Supplemental results for CODEML (seqf: /home/leticiamagpali/phd/evol_models/codeml/small_dataset/cml_align/MYH2_codon_aligned.phy  treef: /home/leticiamagpali/phd/evol_models/codeml/small_dataset/cml_trees/gene_trees/H1a_gene_trees/MYH2_tree_H1a.tre)

I	J	ij	2Ns_IJ	pMut_IJ	pSub_IJ	2Ns_JI	pMut_JI	pSub_JI

TTC	TTT	CT	-0.87195	0.05553	0.03479	0.87195	0.02322	0.03479
TTA	TTT	AT	9.11670	0.00000	0.00000	-9.11670	0.00614	0.00001
TTA	TTC	AC	9.98865	0.00000	0.00000	-9.98865	0.01739	0.00001
TTG	TTT	GT	1.40650	0.00317	0.00590	-1.40650	0.01293	0.00590
TTG	TTC	GC	2.27845	0.00375	0.00952	-2.27845	0.03661	0.00952
TTG	TTA	GA	-7.71020	0.00502	0.00002	7.71020	0.00000	0.00000
TCT	TTT	CT	1.29754	0.00634	0.01132	-1.29754	0.02322	0.01132
TCC	TTC	CT	0.71645	0.03211	0.04497	-0.71645	0.06573	0.04497
TCC	TCT	CT	-1.45305	0.03211	0.01424	1.45305	0.00751	0.01424
TCA	TTA	CT	-8.58049	0.00956	0.00002	8.58049	0.00000	0.00000
TCA	TCT	AT	-0.76133	0.00425	0.00284	0.76133	0.00199	0.00284
TCA	TCC	AC	0.69172	0.00503	0.00697	-0.69172	0.01005	0.00697
TCG	TTG	CT	0.74551	0.00400	0.00568	-0.74551	0.00843	0.00568
TCG	TCT	GT	0.85447	0.00178	0.00265	-0.85447	0.00418	0.00265
TCG	TCC	GC	2.30752	0.00211	0.00540	-2.30752	0.02117	0.00540
TCG	TCA	GA	1.61580	0.00282	0.00568	-1.61580	0.01418	0.00568
TAT	TTT	AT	0.50991	0.00369	0.00471	-0.50991	0.00614	0.00471
TAT	TCT	AC	-0.78764	0.00437	0.00287	0.78764	0.00199	0.00287
TAC	TTC	AT	0.36192	0.01211	0.01443	-0.36192	0.01739	0.01443
TAC	TCC	AC	-0.35453	0.01433	0.01194	0.35453	0.01005	0.01194
TAC	TAT	CT	-1.01994	0.02723	0.01566	1.01994	0.00982	0.01566
TGT	TTT	GT	4.59835	0.00013	0.00060	-4.59835	0.01293	0.00060
TGT	TCT	GC	3.30081	0.00015	0.00053	-3.30081	0.00418	0.00053
TGT	TAT	GA	4.08844	0.00021	0.00086	-4.08844	0.01230	0.00086
TGC	TTC	GT	1.76080	0.00629	0.01338	-1.76080	0.03661	0.01338
TGC	TCC	GC	1.04435	0.00745	0.01200	-1.04435	0.02117	0.01200
TGC	TAC	GA	1.39888	0.00996	0.01851	-1.39888	0.04036	0.01851
TGC	TGT	CT	-3.70950	0.01415	0.00132	3.70950	0.00035	0.00132
TGG	TTG	GT	-0.26465	0.00612	0.00535	0.26465	0.00470	0.00535
TGG	TCG	GC	-1.01016	0.00724	0.00419	1.01016	0.00264	0.00419
TGG	TGT	GT	-3.45649	0.00612	0.00069	3.45649	0.00019	0.00069
TGG	TGC	GC	0.25300	0.00724	0.00820	-0.25300	0.00933	0.00820
CTT	TTT	CT	1.52068	0.00507	0.00987	-1.52068	0.02322	0.00987
CTC	TTC	CT	0.76630	0.03054	0.04373	-0.76630	0.06573	0.04373
CTC	CTT	CT	-1.62634	0.03054	0.01216	1.62634	0.00601	0.01216
CTA	TTA	CT	-7.96581	0.00517	0.00001	7.96581	0.00000	0.00000
CTA	CTT	AT	-0.36980	0.00230	0.00190	0.36980	0.00159	0.00190
CTA	CTC	AC	1.25654	0.00272	0.00478	-1.25654	0.00957	0.00478
CTG	TTG	CT	-2.66459	0.12110	0.02415	2.66459	0.00843	0.02415
CTG	CTT	GT	-2.77877	0.05386	0.00991	2.77877	0.00335	0.00991
CTG	CTC	GC	-1.15244	0.06375	0.03392	1.15244	0.02014	0.03392
CTG	CTA	GA	-2.40898	0.08528	0.02029	2.40898	0.00767	0.02029
CCT	TCT	CT	1.45264	0.00176	0.00333	-1.45264	0.00751	0.00333
CCT	CTT	CT	1.22950	0.00176	0.00305	-1.22950	0.00601	0.00305
CCC	TCC	CT	0.73893	0.01815	0.02568	-0.73893	0.03800	0.02568
CCC	CTC	CT	0.68908	0.01815	0.02512	-0.68908	0.03615	0.02512
CCC	CCT	CT	-2.16675	0.01815	0.00509	2.16675	0.00208	0.00509
CCA	TCA	CT	0.74626	0.00537	0.00762	-0.74626	0.01132	0.00762
CCA	CTA	CT	0.13158	0.00537	0.00573	-0.13158	0.00612	0.00573
CCA	CCT	AT	-1.46771	0.00239	0.00105	1.46771	0.00055	0.00105
CCA	CCC	AC	0.69904	0.00283	0.00393	-0.69904	0.00568	0.00393
CCG	TCG	CT	-0.81828	0.01073	0.00693	0.81828	0.00474	0.00693
CCG	CTG	CT	2.59182	0.01073	0.03007	-2.59182	0.14335	0.03007
CCG	CCT	GT	-1.41645	0.00477	0.00217	1.41645	0.00116	0.00217
CCG	CCC	GC	0.75030	0.00565	0.00803	-0.75030	0.01197	0.00803
CCG	CCA	GA	0.05126	0.00756	0.00775	-0.05126	0.00796	0.00775
CAT	TAT	CT	2.12637	0.00117	0.00283	-2.12637	0.00982	0.00283
CAT	CTT	AT	1.11559	0.00052	0.00086	-1.11559	0.00159	0.00086
CAT	CCT	AC	-0.11391	0.00062	0.00058	0.11391	0.00055	0.00058
CAC	TAC	CT	0.22768	0.02567	0.02870	-0.22768	0.03223	0.02870
CAC	CTC	AT	-0.17670	0.01141	0.01044	0.17670	0.00957	0.01044
CAC	CCC	AC	-0.86578	0.01351	0.00850	0.86578	0.00568	0.00850
CAC	CAT	CT	-2.91862	0.02567	0.00428	2.91862	0.00139	0.00428
CAA	CTA	AT	-0.94480	0.00417	0.00250	0.94480	0.00162	0.00250
CAA	CCA	AC	-1.07639	0.00493	0.00274	1.07639	0.00168	0.00274
CAA	CAT	AT	-2.43019	0.00417	0.00098	2.43019	0.00037	0.00098
CAA	CAC	AC	0.48843	0.00493	0.00623	-0.48843	0.00804	0.00623
CAG	CTG	AT	0.30058	0.02808	0.03251	-0.30058	0.03793	0.03251
CAG	CCG	AC	-2.29124	0.03324	0.00857	2.29124	0.00336	0.00857
CAG	CAT	GT	-3.59379	0.02808	0.00285	3.59379	0.00077	0.00285
CAG	CAC	GC	-0.67516	0.03324	0.02327	0.67516	0.01692	0.02327
CAG	CAA	GA	-1.16360	0.04446	0.02350	1.16360	0.01389	0.02350
CGT	TGT	CT	-2.06497	0.00273	0.00082	2.06497	0.00035	0.00082
CGT	CTT	GT	1.01269	0.00122	0.00193	-1.01269	0.00335	0.00193
CGT	CCT	GC	-0.21680	0.00144	0.00129	0.21680	0.00116	0.00129
CGT	CAT	GA	-0.10290	0.00192	0.00183	0.10290	0.00174	0.00183
CGC	TGC	CT	-0.49655	0.02752	0.02125	0.49655	0.01675	0.02125
CGC	CTC	GT	0.49795	0.01224	0.01554	-0.49795	0.02014	0.01554
CGC	CCC	GC	-0.19113	0.01449	0.01315	0.19113	0.01197	0.01315
CGC	CAC	GA	0.67465	0.01938	0.02664	-0.67465	0.03805	0.02664
CGC	CGT	CT	-2.14108	0.02752	0.00785	2.14108	0.00323	0.00785
CGA	CTA	GT	0.04646	0.00326	0.00333	-0.04646	0.00341	0.00333
CGA	CCA	GC	-0.08512	0.00385	0.00369	0.08512	0.00354	0.00369
CGA	CAA	GA	0.99126	0.00515	0.00812	-0.99126	0.01389	0.00812
CGA	CGT	AT	-1.33603	0.00326	0.00155	1.33603	0.00086	0.00155
CGA	CGC	AC	0.80505	0.00385	0.00561	-0.80505	0.00862	0.00561
CGG	TGG	CT	0.10010	0.01474	0.01549	-0.10010	0.01629	0.01549
CGG	CTG	GT	2.50005	0.00655	0.01785	-2.50005	0.07984	0.01785
CGG	CCG	GC	-0.09177	0.00776	0.00741	0.09177	0.00708	0.00741
CGG	CAG	GA	2.19947	0.01038	0.02567	-2.19947	0.09360	0.02567
CGG	CGT	GT	-1.29142	0.00655	0.00321	1.29142	0.00180	0.00321
CGG	CGC	GC	0.84966	0.00776	0.01151	-0.84966	0.01814	0.01151
CGG	CGA	GA	0.04461	0.01038	0.01061	-0.04461	0.01085	0.01061
ATT	TTT	AT	-0.43651	0.00950	0.00758	0.43651	0.00614	0.00758
ATT	CTT	AC	-1.95720	0.01125	0.00362	1.95720	0.00159	0.00362
ATC	TTC	AT	-0.49911	0.02864	0.02209	0.49911	0.01739	0.02209
ATC	CTC	AC	-1.26541	0.03391	0.01686	1.26541	0.00957	0.01686
ATC	ATT	CT	-0.93454	0.06441	0.03893	0.93454	0.02530	0.03893
ATA	TTA	AT	-8.96924	0.00373	0.00000	8.96924	0.00000	0.00000
ATA	CTA	AC	-1.00343	0.00442	0.00257	1.00343	0.00162	0.00257
ATA	ATT	AT	0.58398	0.00373	0.00493	-0.58398	0.00669	0.00493
ATA	ATC	AC	1.51852	0.00442	0.00859	-1.51852	0.02017	0.00859
ATG	TTG	AT	-2.35186	0.02344	0.00580	2.35186	0.00223	0.00580
ATG	CTG	AC	0.31273	0.02774	0.03231	-0.31273	0.03793	0.03231
ATG	ATT	GT	-0.50884	0.02344	0.01798	0.50884	0.01409	0.01798
ATG	ATC	GC	0.42570	0.02774	0.03406	-0.42570	0.04246	0.03406
ATG	ATA	GA	-1.09282	0.03711	0.02045	1.09282	0.01244	0.02045
ACT	TCT	AT	-0.71966	0.00408	0.00279	0.71966	0.00199	0.00279
ACT	CCT	AC	-2.17229	0.00483	0.00135	2.17229	0.00055	0.00135
ACT	ATT	CT	1.01440	0.00917	0.01460	-1.01440	0.02530	0.01460
ACC	TCC	AT	-0.32301	0.01389	0.01177	0.32301	0.01005	0.01177
ACC	CCC	AC	-1.06195	0.01644	0.00923	1.06195	0.00568	0.00923
ACC	ATC	CT	0.89254	0.03123	0.04721	-0.89254	0.07624	0.04721
ACC	ACT	CT	-1.05640	0.03123	0.01758	1.05640	0.01086	0.01758
ACA	TCA	AT	-0.51071	0.00499	0.00382	0.51071	0.00300	0.00382
ACA	CCA	AC	-1.25697	0.00591	0.00295	1.25697	0.00168	0.00295
ACA	ATA	CT	-0.12196	0.01122	0.01055	0.12196	0.00993	0.01055
ACA	ACT	AT	-0.55239	0.00499	0.00374	0.55239	0.00287	0.00374
ACA	ACC	AC	0.50402	0.00591	0.00752	-0.50402	0.00978	0.00752
ACG	TCG	AT	-1.62761	0.00638	0.00254	1.62761	0.00125	0.00254
ACG	CCG	AC	-0.80932	0.00755	0.00490	0.80932	0.00336	0.00490
ACG	ATG	CT	1.46976	0.01435	0.02738	-1.46976	0.06238	0.02738
ACG	ACT	GT	-0.05348	0.00638	0.00621	0.05348	0.00605	0.00621
ACG	ACC	GC	1.00292	0.00755	0.01196	-1.00292	0.02059	0.01196
ACG	ACA	GA	0.49890	0.01010	0.01283	-0.49890	0.01664	0.01283
AAT	TAT	AT	0.01437	0.00256	0.00258	-0.01437	0.00260	0.00258
AAT	CAT	AC	-2.11200	0.00303	0.00088	2.11200	0.00037	0.00088
AAT	ATT	AT	0.96079	0.00256	0.00398	-0.96079	0.00669	0.00398
AAT	ACT	AC	-0.05361	0.00303	0.00295	0.05361	0.00287	0.00295
AAC	TAC	AT	-1.31805	0.03186	0.01535	1.31805	0.00853	0.01535
AAC	CAC	AC	-1.54573	0.03771	0.01579	1.54573	0.00804	0.01579
AAC	ATC	AT	-0.45702	0.03186	0.02513	0.45702	0.02017	0.02513
AAC	ACC	AC	-1.34956	0.03771	0.01782	1.34956	0.00978	0.01782
AAC	AAT	CT	-2.35235	0.07163	0.01772	2.35235	0.00682	0.01772
AAA	CAA	AC	-1.42729	0.01223	0.00551	1.42729	0.00293	0.00551
AAA	ATA	AT	-1.36867	0.01033	0.00482	1.36867	0.00263	0.00482
AAA	ACA	AC	-1.24671	0.01223	0.00615	1.24671	0.00351	0.00615
AAA	AAT	AT	-1.74548	0.01033	0.00381	1.74548	0.00180	0.00381
AAA	AAC	AC	0.60687	0.01223	0.01631	-0.60687	0.02243	0.01631
AAG	CAG	AC	-1.30332	0.07280	0.03538	1.30332	0.01977	0.03538
AAG	ATG	AT	-1.31548	0.06150	0.02967	1.31548	0.01650	0.02967
AAG	ACG	AC	-2.78524	0.07280	0.01334	2.78524	0.00449	0.01334
AAG	AAT	GT	-2.78511	0.06150	0.01127	2.78511	0.00380	0.01127
AAG	AAC	GC	-0.43276	0.07280	0.05818	0.43276	0.04722	0.05818
AAG	AAA	GA	-1.03962	0.09737	0.05537	1.03962	0.03443	0.05537
AGT	TGT	AT	-1.04390	0.00026	0.00015	1.04390	0.00009	0.00015
AGT	CGT	AC	1.02107	0.00031	0.00049	-1.02107	0.00086	0.00049
AGT	ATT	GT	3.99097	0.00026	0.00106	-3.99097	0.01409	0.00106
AGT	ACT	GC	2.97657	0.00031	0.00097	-2.97657	0.00605	0.00097
AGT	AAT	GA	3.03018	0.00041	0.00131	-3.03018	0.00853	0.00131
AGC	TGC	AT	-0.47388	0.00712	0.00556	0.47388	0.00443	0.00556
AGC	CGC	AC	0.02267	0.00843	0.00852	-0.02267	0.00862	0.00852
AGC	ATC	GT	1.78603	0.00712	0.01527	-1.78603	0.04246	0.01527
AGC	ACC	GC	0.89349	0.00843	0.01274	-0.89349	0.02059	0.01274
AGC	AAC	GA	2.24304	0.01127	0.02828	-2.24304	0.10618	0.02828
AGC	AGT	CT	-3.13948	0.01600	0.00227	3.13948	0.00069	0.00227
AGA	CGA	AC	-0.32902	0.00319	0.00269	0.32902	0.00229	0.00269
AGA	ATA	GT	0.72087	0.00269	0.00378	-0.72087	0.00553	0.00378
AGA	ACA	GC	0.84283	0.00319	0.00471	-0.84283	0.00740	0.00471
AGA	AAA	GA	2.08954	0.00426	0.01016	-2.08954	0.03443	0.01016
AGA	AGT	AT	-2.68612	0.00269	0.00053	2.68612	0.00018	0.00053
AGA	AGC	AC	0.45336	0.00319	0.00396	-0.45336	0.00501	0.00396
AGG	TGG	AT	-0.36483	0.00621	0.00514	0.36483	0.00431	0.00514
AGG	CGG	AC	-0.46494	0.00735	0.00577	0.46494	0.00461	0.00577
AGG	ATG	GT	1.72238	0.00621	0.01301	-1.72238	0.03474	0.01301
AGG	ACG	GC	0.25262	0.00735	0.00831	-0.25262	0.00946	0.00831
AGG	AAG	GA	3.03785	0.00983	0.03135	-3.03785	0.20498	0.03135
AGG	AGT	GT	-2.77743	0.00621	0.00114	2.77743	0.00039	0.00114
AGG	AGC	GC	0.36205	0.00735	0.00876	-0.36205	0.01055	0.00876
AGG	AGA	GA	-0.09131	0.00983	0.00938	0.09131	0.00897	0.00938
GTT	TTT	GT	3.05790	0.00061	0.00195	-3.05790	0.01293	0.00195
GTT	CTT	GC	1.53722	0.00072	0.00141	-1.53722	0.00335	0.00141
GTT	ATT	GA	3.49442	0.00096	0.00347	-3.49442	0.03168	0.00347
GTC	TTC	GT	1.87772	0.00560	0.01241	-1.87772	0.03661	0.01241
GTC	CTC	GC	1.11142	0.00663	0.01098	-1.11142	0.02014	0.01098
GTC	ATC	GA	2.37683	0.00886	0.02323	-2.37683	0.09548	0.02323
GTC	GTT	CT	-2.05213	0.01259	0.00381	2.05213	0.00162	0.00381
GTA	TTA	GT	-7.10269	0.00122	0.00001	7.10269	0.00000	0.00000
GTA	CTA	GC	0.86312	0.00144	0.00215	-0.86312	0.00341	0.00215
GTA	ATA	GA	1.86655	0.00192	0.00425	-1.86655	0.01244	0.00425
GTA	GTT	AT	-1.04390	0.00122	0.00069	1.04390	0.00043	0.00069
GTA	GTC	AC	1.00824	0.00144	0.00228	-1.00824	0.00394	0.00228
GTG	TTG	GT	-1.18235	0.01532	0.00801	1.18235	0.00470	0.00801
GTG	CTG	GC	1.48224	0.01813	0.03478	-1.48224	0.07984	0.03478
GTG	ATG	GA	1.16950	0.02426	0.04114	-1.16950	0.07812	0.04114
GTG	GTT	GT	-2.83376	0.01532	0.00271	2.83376	0.00090	0.00271
GTG	GTC	GC	-0.78162	0.01813	0.01196	0.78162	0.00830	0.01196
GTG	GTA	GA	-1.78986	0.02426	0.00870	1.78986	0.00405	0.00870
GCT	TCT	GT	-0.57945	0.00747	0.00551	0.57945	0.00418	0.00551
GCT	CCT	GC	-2.03209	0.00884	0.00271	2.03209	0.00116	0.00271
GCT	ACT	GA	0.14020	0.01182	0.01267	-0.14020	0.01360	0.01267
GCT	GTT	CT	-2.33981	0.01678	0.00419	2.33981	0.00162	0.00419
GCC	TCC	GT	-0.15417	0.02470	0.02284	0.15417	0.02117	0.02284
GCC	CCC	GC	-0.89310	0.02923	0.01810	0.89310	0.01197	0.01810
GCC	ACC	GA	0.16884	0.03910	0.04249	-0.16884	0.04629	0.04249
GCC	GTC	CT	-1.31544	0.05553	0.02679	1.31544	0.01490	0.02679
GCC	GCT	CT	-1.02776	0.05553	0.03180	1.02776	0.01987	0.03180
GCA	TCA	GT	-0.06480	0.00673	0.00651	0.06480	0.00631	0.00651
GCA	CCA	GC	-0.81106	0.00796	0.00517	0.81106	0.00354	0.00517
GCA	ACA	GA	0.44591	0.01065	0.01320	-0.44591	0.01664	0.01320
GCA	GTA	CT	-1.54260	0.01513	0.00635	1.54260	0.00323	0.00635
GCA	GCT	AT	-0.24668	0.00673	0.00593	0.24668	0.00526	0.00593
GCA	GCC	AC	0.78108	0.00796	0.01147	-0.78108	0.01739	0.01147
GCG	TCG	GT	0.11824	0.00234	0.00248	-0.11824	0.00264	0.00248
GCG	CCG	GC	0.93653	0.00277	0.00427	-0.93653	0.00708	0.00427
GCG	ACG	GA	1.74585	0.00371	0.00785	-1.74585	0.02127	0.00785
GCG	GTG	CT	2.04611	0.00527	0.01238	-2.04611	0.04078	0.01238
GCG	GCT	GT	1.55216	0.00234	0.00462	-1.55216	0.01107	0.00462
GCG	GCC	GC	2.57993	0.00277	0.00774	-2.57993	0.03661	0.00774
GCG	GCA	GA	1.79884	0.00371	0.00800	-1.79884	0.02242	0.00800
GAT	TAT	GT	-0.60177	0.00998	0.00728	0.60177	0.00547	0.00728
GAT	CAT	GC	-2.72814	0.01182	0.00225	2.72814	0.00077	0.00225
GAT	AAT	GA	-0.61614	0.01580	0.01143	0.61614	0.00853	0.01143
GAT	GTT	AT	-3.14977	0.00998	0.00141	3.14977	0.00043	0.00141
GAT	GCT	AC	-0.80996	0.01182	0.00767	0.80996	0.00526	0.00767
GAC	TAC	GT	-0.51327	0.02999	0.02295	0.51327	0.01795	0.02295
GAC	CAC	GC	-0.74095	0.03550	0.02396	0.74095	0.01692	0.02396
GAC	AAC	GA	0.80477	0.04748	0.06912	-0.80477	0.10618	0.06912
GAC	GTC	AT	-2.02908	0.02999	0.00921	2.02908	0.00394	0.00921
GAC	GCC	AC	-0.71363	0.03550	0.02433	0.71363	0.01739	0.02433
GAC	GAT	CT	-0.93144	0.06743	0.04083	0.93144	0.02657	0.04083
GAA	CAA	GC	-0.64870	0.01182	0.00839	0.64870	0.00618	0.00839
GAA	AAA	GA	0.77859	0.01580	0.02275	-0.77859	0.03443	0.02275
GAA	GTA	AT	-2.45662	0.00998	0.00230	2.45662	0.00086	0.00230
GAA	GCA	AC	-0.91403	0.01182	0.00723	0.91403	0.00474	0.00723
GAA	GAT	AT	-0.35075	0.00998	0.00833	0.35075	0.00703	0.00833
GAA	GAC	AC	0.58069	0.01182	0.01558	-0.58069	0.02112	0.01558
GAG	CAG	GC	-0.64021	0.07896	0.05636	0.64021	0.04163	0.05636
GAG	AAG	GA	0.66311	0.10562	0.14448	-0.66311	0.20498	0.14448
GAG	GTG	AT	-1.82187	0.06671	0.02345	1.82187	0.01079	0.02345
GAG	GCG	AC	-3.86798	0.07896	0.00652	3.86798	0.00165	0.00652
GAG	GAT	GT	-1.50585	0.06671	0.02864	1.50585	0.01480	0.02864
GAG	GAC	GC	-0.57442	0.07896	0.05844	0.57442	0.04446	0.05844
GAG	GAA	GA	-1.15511	0.10562	0.05611	1.15511	0.03327	0.05611
GGT	TGT	GT	-1.39811	0.00078	0.00036	1.39811	0.00019	0.00036
GGT	CGT	GC	0.66686	0.00092	0.00127	-0.66686	0.00180	0.00127
GGT	AGT	GA	-0.35421	0.00124	0.00103	0.35421	0.00087	0.00103
GGT	GTT	GT	0.14234	0.00078	0.00084	-0.14234	0.00090	0.00084
GGT	GCT	GC	2.48215	0.00092	0.00250	-2.48215	0.01107	0.00250
GGT	GAT	GA	3.29211	0.00124	0.00423	-3.29211	0.03327	0.00423
GGC	TGC	GT	-0.57765	0.01662	0.01228	0.57765	0.00933	0.01228
GGC	CGC	GC	-0.08110	0.01968	0.01889	0.08110	0.01814	0.01889
GGC	AGC	GA	-0.10377	0.02632	0.02498	0.10377	0.02372	0.02498
GGC	GTC	GT	-0.69457	0.01662	0.01151	0.69457	0.00830	0.01151
GGC	GCC	GC	0.62088	0.01968	0.02641	-0.62088	0.03661	0.02641
GGC	GAC	GA	1.33451	0.02632	0.04767	-1.33451	0.09996	0.04767
GGC	GGT	CT	-2.88904	0.03738	0.00636	2.88904	0.00208	0.00636
GGA	CGA	GC	-0.30167	0.00652	0.00559	0.30167	0.00483	0.00559
GGA	AGA	GA	0.02735	0.00873	0.00885	-0.02735	0.00897	0.00885
GGA	GTA	GT	-1.11833	0.00551	0.00299	1.11833	0.00180	0.00299
GGA	GCA	GC	0.42427	0.00652	0.00801	-0.42427	0.00997	0.00801
GGA	GAA	GA	1.33829	0.00873	0.01583	-1.33829	0.03327	0.01583
GGA	GGT	AT	-2.30456	0.00551	0.00141	2.30456	0.00055	0.00141
GGA	GGC	AC	0.58448	0.00652	0.00862	-0.58448	0.01171	0.00862
GGG	TGG	GT	-0.12986	0.01033	0.00967	0.12986	0.00907	0.00967
GGG	CGG	GC	-0.22996	0.01223	0.01087	0.22996	0.00971	0.01087
GGG	AGG	GA	0.23498	0.01635	0.01835	-0.23498	0.02069	0.01835
GGG	GTG	GT	0.78785	0.01033	0.01493	-0.78785	0.02271	0.01493
GGG	GCG	GC	-1.25826	0.01223	0.00611	1.25826	0.00347	0.00611
GGG	GAG	GA	2.60972	0.01635	0.04607	-2.60972	0.22234	0.04607
GGG	GGT	GT	-2.18824	0.01033	0.00285	2.18824	0.00116	0.00285
GGG	GGC	GC	0.70080	0.01223	0.01701	-0.70080	0.02464	0.01701
GGG	GGA	GA	0.11632	0.01635	0.01732	-0.11632	0.01837	0.01732


Histograms
2Ns	FMut	FSub(CodonUsage)	FSubw(after w)

-9.51300	0.00261	0.00000
-8.56170	0.00147	0.00000
-7.61040	0.00113	0.00000
-6.65910	0.00013	0.00000
-5.70780	0.00000	0.00000
-4.75650	0.00143	0.00009
-3.80520	0.02056	0.00253
-2.85390	0.14382	0.03736
-1.90260	0.16087	0.07319
-0.95130	0.34119	0.28541
0.00000	0.15123	0.20283
0.95130	0.14085	0.28541
1.90260	0.02471	0.07319
2.85390	0.00950	0.03736
3.80520	0.00049	0.00253
4.75650	0.00001	0.00009
5.70780	0.00000	0.00000
6.65910	0.00000	0.00000
7.61040	0.00000	0.00000
8.56170	0.00000	0.00000
9.51300	0.00000	0.00000

Proportion of advantageous (S > 0) mutations:
 0.24170

Proportions of good & bad mutations (|S| > 2.0000) among mutations:
0.01844  0.24952

mean |Ns| = 1.38039	mean Ns+ = 0.86234	mean Ns- = -1.54552


MLEs of dN/dS (w) for site classes (K=4)

site class             0        1       2a       2b
proportion       0.44241  0.01816  0.51817  0.02126
background w     0.04575  4.16315  0.04575  4.16315
foreground w     0.04575  4.16315  0.00000  0.00000

Naive Empirical Bayes (NEB) probabilities for 4 classes
(amino acids refer to 1st sequence: Bbon)

   1 E   0.45872 0.00016 0.54081 0.00032 ( 3)
   2 S   0.45861 0.00008 0.54112 0.00019 ( 3)
   3 G   0.45843 0.00004 0.54144 0.00010 ( 3)
   4 A   0.45874 0.00032 0.54033 0.00060 ( 3)
   5 G   0.45843 0.00004 0.54144 0.00010 ( 3)
   6 K   0.45846 0.00084 0.53928 0.00142 ( 3)
   7 T   0.45846 0.00004 0.54139 0.00011 ( 3)
   8 V   0.45716 0.00000 0.54283 0.00000 ( 3)
   9 N   0.45874 0.00019 0.54069 0.00038 ( 3)
  10 T   0.45844 0.00004 0.54141 0.00010 ( 3)
  11 K   0.45846 0.00084 0.53928 0.00142 ( 3)
  12 R   0.45775 0.00000 0.54223 0.00001 ( 3)
  13 V   0.45716 0.00000 0.54283 0.00000 ( 3)
  14 I   0.45872 0.00042 0.54009 0.00077 ( 3)
  15 Q   0.45875 0.00036 0.54020 0.00068 ( 3)
  16 Y   0.45859 0.00007 0.54117 0.00017 ( 3)
  17 F   0.45823 0.00113 0.53881 0.00184 ( 3)
  18 A   0.45833 0.00106 0.53889 0.00172 ( 3)
  19 V   0.45716 0.00000 0.54283 0.00000 ( 3)
  20 I   0.45856 0.00072 0.53949 0.00124 ( 3)
  21 A   0.45867 0.00044 0.54007 0.00082 ( 3)
  22 A   0.45884 0.00044 0.53996 0.00076 ( 3)
  23 I   0.45847 0.00076 0.53952 0.00125 ( 3)
  24 G   0.45871 0.00009 0.54100 0.00020 ( 3)
  25 D   0.45876 0.00027 0.54045 0.00052 ( 3)
  26 R   0.45867 0.00012 0.54095 0.00026 ( 3)
  27 S   0.45749 0.00000 0.54250 0.00001 ( 3)
  28 K   0.45846 0.00084 0.53928 0.00142 ( 3)
  29 K   0.45856 0.00076 0.53940 0.00128 ( 3)
  30 E   0.45851 0.00076 0.53942 0.00130 ( 3)
  31 Q   0.42366 0.02697 0.49888 0.05050 ( 3)
  32 T   0.13356 0.22924 0.15748 0.47971 ( 4)
  33 S   0.33587 0.10447 0.39474 0.16492 ( 3)
  34 G   0.45867 0.00012 0.54096 0.00025 ( 3)
  35 K   0.45846 0.00084 0.53928 0.00142 ( 3)
  36 -   0.45937 0.00012 0.54030 0.00021 ( 3)
  37 T   0.46005 0.00025 0.53937 0.00033 ( 3)
  38 L   0.45500 0.00543 0.53306 0.00651 ( 3)
  39 E   0.45842 0.00195 0.53722 0.00240 ( 3)
  40 D   0.45990 0.00042 0.53914 0.00053 ( 3)
  41 Q   0.45937 0.00100 0.53839 0.00124 ( 3)
  42 I   0.45925 0.00112 0.53825 0.00138 ( 3)
  43 I   0.45925 0.00112 0.53825 0.00138 ( 3)
  44 Q   0.45937 0.00100 0.53839 0.00124 ( 3)
  45 A   0.45928 0.00109 0.53828 0.00135 ( 3)
  46 N   0.45973 0.00062 0.53888 0.00077 ( 3)
  47 P   0.46018 0.00008 0.53965 0.00010 ( 3)
  48 A   0.45928 0.00109 0.53828 0.00135 ( 3)
  49 L   0.45478 0.00564 0.53281 0.00677 ( 3)
  50 E   0.45865 0.00174 0.53748 0.00214 ( 3)
  51 A   0.45928 0.00109 0.53828 0.00135 ( 3)
  52 F   0.45873 0.00167 0.53755 0.00205 ( 3)
  53 G   0.45990 0.00043 0.53912 0.00055 ( 3)
  54 N   0.45973 0.00062 0.53888 0.00077 ( 3)
  55 A   0.45928 0.00109 0.53828 0.00135 ( 3)
  56 K   0.45852 0.00187 0.53732 0.00229 ( 3)
  57 T   0.46009 0.00021 0.53943 0.00027 ( 3)
  58 V   0.46014 0.00001 0.53984 0.00001 ( 3)
  59 R   0.45984 0.00035 0.53934 0.00047 ( 3)
  60 N   0.46007 0.00011 0.53966 0.00015 ( 3)
  61 D   0.45998 0.00035 0.53924 0.00044 ( 3)
  62 N   0.45973 0.00062 0.53888 0.00077 ( 3)
  63 S   0.45998 0.00034 0.53924 0.00044 ( 3)
  64 S   0.45998 0.00034 0.53924 0.00044 ( 3)
  65 R   0.45989 0.00044 0.53911 0.00056 ( 3)
  66 F   0.00000 0.44987 0.00000 0.55013 ( 4)
  67 -   0.45899 0.00093 0.53877 0.00132 ( 3)
  68 -   0.45885 0.00107 0.53856 0.00152 ( 3)
  69 -   0.45835 0.00162 0.53781 0.00222 ( 3)
  70 -   0.45886 0.00107 0.53856 0.00151 ( 3)
  71 -   0.45884 0.00109 0.53854 0.00153 ( 3)
  72 -   0.45853 0.00000 0.54146 0.00000 ( 3)
  73 -   0.45771 0.00228 0.53694 0.00307 ( 3)
  74 -   0.45952 0.00018 0.54002 0.00028 ( 3)
  75 -   0.45886 0.00106 0.53858 0.00150 ( 3)
  76 -   0.45951 0.00020 0.53999 0.00031 ( 3)
  77 -   0.45920 0.00067 0.53915 0.00097 ( 3)
  78 -   0.45815 0.00183 0.53753 0.00249 ( 3)
  79 -   0.45946 0.00006 0.54038 0.00010 ( 3)
  80 -   0.45916 0.00003 0.54075 0.00006 ( 3)
  81 -   0.45948 0.00028 0.53980 0.00043 ( 3)
  82 -   0.45902 0.00089 0.53883 0.00127 ( 3)
  83 -   0.45944 0.00034 0.53971 0.00051 ( 3)
  84 -   0.45947 0.00007 0.54034 0.00012 ( 3)
  85 -   0.45827 0.00170 0.53770 0.00233 ( 3)
  86 -   0.45951 0.00020 0.53999 0.00031 ( 3)
  87 -   0.45966 0.00090 0.53838 0.00106 ( 3)
  88 -   0.46029 0.00027 0.53912 0.00032 ( 3)
  89 -   0.45519 0.00538 0.53314 0.00630 ( 3)
  90 -   0.46010 0.00046 0.53889 0.00054 ( 3)
  91 -   0.45971 0.00085 0.53844 0.00100 ( 3)
  92 -   0.46027 0.00029 0.53909 0.00035 ( 3)
  93 -   0.46049 0.00008 0.53935 0.00009 ( 3)
  94 -   0.46056 0.00000 0.53943 0.00000 ( 3)
  95 -   0.45905 0.00151 0.53767 0.00177 ( 3)
  96 -   0.45959 0.00098 0.53829 0.00115 ( 3)
  97 -   0.45967 0.00090 0.53838 0.00105 ( 3)
  98 -   0.45519 0.00538 0.53314 0.00630 ( 3)
  99 -   0.00065 0.45991 0.00076 0.53867 ( 4)
 100 -   0.45976 0.00081 0.53849 0.00094 ( 3)
 101 -   0.45899 0.00157 0.53759 0.00184 ( 3)
 102 -   0.46049 0.00008 0.53935 0.00009 ( 3)
 103 -   0.45986 0.00071 0.53861 0.00083 ( 3)
 104 -   0.45923 0.00133 0.53788 0.00156 ( 3)
 105 -   0.46051 0.00006 0.53937 0.00007 ( 3)
 106 -   0.45905 0.00151 0.53767 0.00177 ( 3)
 107 -   0.45959 0.00098 0.53829 0.00115 ( 3)
 108 -   0.46030 0.00026 0.53913 0.00031 ( 3)
 109 -   0.46016 0.00041 0.53896 0.00047 ( 3)
 110 -   0.45957 0.00100 0.53827 0.00117 ( 3)
 111 -   0.45800 0.00257 0.53643 0.00300 ( 3)
 112 -   0.46031 0.00025 0.53914 0.00030 ( 3)
 113 -   0.46002 0.00054 0.53880 0.00063 ( 3)
 114 -   0.42983 0.03073 0.50344 0.03600 ( 3)
 115 -   0.45886 0.00170 0.53744 0.00199 ( 3)
 116 -   0.46055 0.00001 0.53942 0.00001 ( 3)
 117 -   0.45899 0.00157 0.53759 0.00184 ( 3)
 118 -   0.45569 0.00488 0.53372 0.00571 ( 3)
 119 -   0.45519 0.00538 0.53314 0.00630 ( 3)
 120 -   0.46015 0.00041 0.53895 0.00049 ( 3)
 121 M   0.45244 0.00409 0.53402 0.00944 ( 3)
 122 L   0.45645 0.00320 0.53581 0.00455 ( 3)
 123 L   0.45683 0.00285 0.53626 0.00406 ( 3)
 124 I   0.45883 0.00033 0.54022 0.00061 ( 3)
 125 T   0.45846 0.00003 0.54144 0.00007 ( 3)
 126 N   0.45880 0.00014 0.54076 0.00029 ( 3)
 127 N   0.45880 0.00014 0.54076 0.00029 ( 3)
 128 P   0.45805 0.00001 0.54192 0.00002 ( 3)
 129 Y   0.45878 0.00049 0.53986 0.00087 ( 3)
 130 D   0.45864 0.00006 0.54116 0.00014 ( 3)
 131 Y   0.45868 0.00025 0.54056 0.00051 ( 3)
 132 A   0.00000 0.38853 0.00000 0.61146 ( 4)
 133 F   0.45886 0.00061 0.53954 0.00100 ( 3)
 134 I   0.45883 0.00033 0.54022 0.00061 ( 3)
 135 S   0.45864 0.00006 0.54116 0.00014 ( 3)
 136 Q   0.45875 0.00010 0.54095 0.00020 ( 3)
 137 G   0.45869 0.00016 0.54082 0.00033 ( 3)
 138 E   0.45868 0.00062 0.53962 0.00107 ( 3)
 139 T   0.45870 0.00008 0.54105 0.00017 ( 3)
 140 T   0.45870 0.00008 0.54105 0.00017 ( 3)
 141 V   0.45868 0.00007 0.54109 0.00016 ( 3)
 142 P   0.00000 0.30819 0.00000 0.69181 ( 4)
 143 S   0.45857 0.00096 0.53895 0.00152 ( 3)
 144 I   0.45872 0.00058 0.53968 0.00102 ( 3)
 145 D   0.45886 0.00019 0.54057 0.00037 ( 3)
 146 D   0.45875 0.00013 0.54084 0.00027 ( 3)
 147 A   0.45884 0.00025 0.54044 0.00047 ( 3)
 148 E   0.45868 0.00062 0.53962 0.00107 ( 3)
 149 E   0.45868 0.00062 0.53962 0.00107 ( 3)
 150 L   0.45862 0.00005 0.54120 0.00012 ( 3)
 151 M   0.45858 0.00005 0.54126 0.00011 ( 3)
 152 A   0.45883 0.00032 0.54026 0.00059 ( 3)
 153 T   0.45871 0.00007 0.54106 0.00016 ( 3)
 154 D   0.45884 0.00020 0.54055 0.00040 ( 3)
 155 A   0.42263 0.02783 0.49764 0.05190 ( 3)
 156 F   0.37934 0.06596 0.44604 0.10866 ( 3)
 157 D   0.45853 0.00044 0.54018 0.00086 ( 3)
 158 V   0.45852 0.00018 0.54090 0.00040 ( 3)
 159 L   0.45502 0.00448 0.53413 0.00637 ( 3)
 160 G   0.43367 0.01734 0.51147 0.03752 ( 3)
 161 F   0.45842 0.00063 0.53977 0.00118 ( 3)
 162 T   0.00158 0.31579 0.00186 0.68077 ( 4)
 163 S   0.30799 0.12756 0.36197 0.20249 ( 3)
 164 D   0.38357 0.06055 0.45125 0.10463 ( 3)
 165 E   0.45809 0.00109 0.53893 0.00189 ( 3)
 166 K   0.45801 0.00120 0.53875 0.00204 ( 3)
 167 N   0.43344 0.01830 0.51087 0.03739 ( 3)
 168 S   0.45850 0.00016 0.54098 0.00036 ( 3)
 169 M   0.10735 0.27229 0.12634 0.49402 ( 4)
 170 Y   0.45848 0.00015 0.54103 0.00034 ( 3)
 171 K   0.45801 0.00120 0.53875 0.00204 ( 3)
 172 L   0.45502 0.00448 0.53413 0.00637 ( 3)
 173 T   0.45839 0.00009 0.54131 0.00022 ( 3)
 174 G   0.45854 0.00037 0.54035 0.00074 ( 3)
 175 A   0.45848 0.00076 0.53944 0.00132 ( 3)
 176 I   0.45842 0.00065 0.53973 0.00120 ( 3)
 177 M   0.45845 0.00013 0.54111 0.00031 ( 3)
 178 H   0.45798 0.00002 0.54193 0.00007 ( 3)
 179 F   0.45771 0.00154 0.53820 0.00254 ( 3)
 180 G   0.45854 0.00037 0.54035 0.00074 ( 3)
 181 N   0.45855 0.00032 0.54047 0.00066 ( 3)
 182 M   0.45845 0.00013 0.54111 0.00031 ( 3)
 183 K   0.45801 0.00120 0.53875 0.00204 ( 3)
 184 F   0.45842 0.00063 0.53977 0.00118 ( 3)
 185 K   0.45848 0.00054 0.53994 0.00103 ( 3)
 186 L   0.45850 0.00016 0.54098 0.00036 ( 3)
 187 K   0.45801 0.00120 0.53875 0.00204 ( 3)
 188 P   0.04165 0.31518 0.04905 0.59412 ( 4)
 189 R   0.45843 0.00065 0.53972 0.00120 ( 3)
 190 E   0.45809 0.00109 0.53893 0.00189 ( 3)
 191 E   0.45809 0.00109 0.53893 0.00189 ( 3)
 192 Q   0.45847 0.00058 0.53986 0.00109 ( 3)
 193 A   0.45796 0.00136 0.53845 0.00223 ( 3)
 194 E   0.45809 0.00109 0.53893 0.00189 ( 3)
 195 P   0.45186 0.00371 0.53430 0.01012 ( 3)
 196 D   0.45853 0.00044 0.54018 0.00086 ( 3)
 197 G   0.45853 0.00021 0.54080 0.00046 ( 3)
 198 N   0.44483 0.00866 0.52533 0.02118 ( 3)
 199 E   0.45855 0.00027 0.54061 0.00057 ( 3)
 200 -   0.45936 0.00010 0.54038 0.00017 ( 3)
 201 -   0.45877 0.00000 0.54122 0.00001 ( 3)
 202 -   0.45529 0.00472 0.53388 0.00611 ( 3)
 203 -   0.45907 0.00071 0.53917 0.00105 ( 3)
 204 -   0.45854 0.00132 0.53826 0.00188 ( 3)
 205 -   0.45907 0.00071 0.53917 0.00105 ( 3)
 206 -   0.45938 0.00021 0.54007 0.00034 ( 3)
 207 -   0.45938 0.00017 0.54017 0.00028 ( 3)
 208 -   0.45863 0.00121 0.53842 0.00174 ( 3)
 209 -   0.45854 0.00132 0.53826 0.00188 ( 3)
 210 -   0.45937 0.00016 0.54021 0.00026 ( 3)
 211 -   0.45906 0.00072 0.53916 0.00107 ( 3)
 212 -   0.42908 0.02604 0.50421 0.04068 ( 3)
 213 -   0.45934 0.00032 0.53983 0.00051 ( 3)
 214 -   0.45937 0.00016 0.54021 0.00026 ( 3)
 215 -   0.45938 0.00021 0.54007 0.00034 ( 3)
 216 -   0.45937 0.00011 0.54035 0.00018 ( 3)
 217 -   0.45926 0.00004 0.54061 0.00008 ( 3)
 218 -   0.45905 0.00073 0.53913 0.00109 ( 3)
 219 -   0.45941 0.00029 0.53985 0.00045 ( 3)
 220 -   0.45907 0.00071 0.53917 0.00105 ( 3)
 221 -   0.45936 0.00010 0.54036 0.00018 ( 3)
 222 -   0.45529 0.00472 0.53388 0.00611 ( 3)
 223 -   0.45863 0.00121 0.53842 0.00174 ( 3)
 224 -   0.45936 0.00010 0.54036 0.00018 ( 3)
 225 -   0.00000 0.72286 0.00000 0.27714 ( 2)
 226 -   0.45913 0.00065 0.53926 0.00097 ( 3)
 227 -   0.45916 0.00002 0.54078 0.00004 ( 3)
 228 -   0.45936 0.00025 0.53998 0.00041 ( 3)
 229 -   0.45913 0.00065 0.53926 0.00097 ( 3)
 230 -   0.45938 0.00017 0.54017 0.00028 ( 3)
 231 -   0.45906 0.00072 0.53916 0.00107 ( 3)
 232 -   0.45921 0.00003 0.54070 0.00006 ( 3)
 233 -   0.45937 0.00025 0.53999 0.00040 ( 3)
 234 -   0.45878 0.00000 0.54121 0.00001 ( 3)
 235 -   0.45520 0.00481 0.53377 0.00623 ( 3)
 236 -   0.45936 0.00020 0.54010 0.00033 ( 3)
 237 -   0.45864 0.00120 0.53844 0.00172 ( 3)
 238 -   0.45903 0.00074 0.53913 0.00110 ( 3)
 239 -   0.45935 0.00026 0.53997 0.00042 ( 3)
 240 -   0.45902 0.00075 0.53912 0.00112 ( 3)
 241 -   0.45858 0.00126 0.53836 0.00180 ( 3)
 242 -   0.45915 0.00081 0.53891 0.00113 ( 3)
 243 -   0.45916 0.00079 0.53893 0.00112 ( 3)
 244 -   0.45958 0.00022 0.53987 0.00033 ( 3)
 245 F   0.45848 0.00059 0.53984 0.00109 ( 3)
 246 N   0.45881 0.00014 0.54077 0.00028 ( 3)
 247 S   0.45749 0.00000 0.54250 0.00000 ( 3)
 248 F   0.00000 0.90603 0.00000 0.09396 ( 2)
 249 E   0.45875 0.00057 0.53971 0.00097 ( 3)
 250 Q   0.45890 0.00025 0.54037 0.00047 ( 3)
 251 L   0.45912 0.00017 0.54040 0.00031 ( 3)
 252 C   0.45763 0.00000 0.54236 0.00000 ( 3)
 253 I   0.45888 0.00029 0.54028 0.00054 ( 3)
 254 N   0.45883 0.00012 0.54080 0.00025 ( 3)
 255 F   0.45888 0.00028 0.54031 0.00053 ( 3)
 256 T   0.45847 0.00002 0.54145 0.00006 ( 3)
 257 N   0.45883 0.00012 0.54080 0.00025 ( 3)
 258 E   0.45876 0.00056 0.53972 0.00096 ( 3)
 259 K   0.45873 0.00062 0.53959 0.00106 ( 3)
 260 L   0.45661 0.00305 0.53600 0.00434 ( 3)
 261 Q   0.45890 0.00025 0.54037 0.00048 ( 3)
 262 Q   0.45890 0.00025 0.54037 0.00047 ( 3)
 263 F   0.45888 0.00028 0.54031 0.00053 ( 3)
 264 F   0.45888 0.00028 0.54031 0.00053 ( 3)
 265 N   0.45883 0.00012 0.54080 0.00025 ( 3)
 266 H   0.45801 0.00000 0.54197 0.00001 ( 3)
 267 H   0.45801 0.00000 0.54197 0.00001 ( 3)
 268 M   0.45859 0.00004 0.54128 0.00009 ( 3)
 269 F   0.45888 0.00028 0.54031 0.00053 ( 3)
 270 V   0.45870 0.00006 0.54111 0.00013 ( 3)
 271 L   0.45644 0.00321 0.53580 0.00456 ( 3)
 272 E   0.45871 0.00045 0.54005 0.00079 ( 3)
 273 Q   0.45892 0.00024 0.54040 0.00044 ( 3)
 274 E   0.45876 0.00056 0.53972 0.00096 ( 3)
 275 E   0.45863 0.00022 0.54070 0.00046 ( 3)
 276 Y   0.45863 0.00005 0.54122 0.00010 ( 3)
 277 K   0.45873 0.00062 0.53959 0.00106 ( 3)
 278 K   0.45873 0.00062 0.53959 0.00106 ( 3)
 279 E   0.45876 0.00056 0.53972 0.00096 ( 3)
 280 G   0.45873 0.00007 0.54104 0.00016 ( 3)
 281 I   0.45888 0.00029 0.54028 0.00054 ( 3)
 282 E   0.40499 0.04357 0.47646 0.07498 ( 3)
 283 W   0.45881 0.00010 0.54087 0.00021 ( 3)
 284 E   0.27912 0.14426 0.32837 0.24825 ( 3)
 285 F   0.45888 0.00028 0.54031 0.00053 ( 3)
 286 I   0.45888 0.00029 0.54028 0.00054 ( 3)
 287 D   0.45866 0.00005 0.54117 0.00012 ( 3)
 288 F   0.45887 0.00029 0.54030 0.00054 ( 3)
 289 G   0.45874 0.00007 0.54104 0.00015 ( 3)
 290 M   0.45257 0.00403 0.53417 0.00923 ( 3)
 291 D   0.45866 0.00005 0.54117 0.00012 ( 3)
 292 L   0.45644 0.00321 0.53580 0.00456 ( 3)
 293 Q   0.00955 0.33987 0.01125 0.63933 ( 4)
 294 A   0.42855 0.02340 0.50461 0.04344 ( 3)
 295 C   0.45763 0.00000 0.54236 0.00000 ( 3)
 296 I   0.45885 0.00032 0.54025 0.00058 ( 3)
 297 D   0.45139 0.00495 0.53259 0.01106 ( 3)
 298 L   0.45866 0.00005 0.54117 0.00012 ( 3)
 299 I   0.45888 0.00029 0.54028 0.00054 ( 3)
 300 E   0.45876 0.00056 0.53972 0.00096 ( 3)
 301 K   0.45873 0.00062 0.53959 0.00106 ( 3)
 302 P   0.45924 0.00001 0.54072 0.00002 ( 3)
 303 M   0.45947 0.00008 0.54033 0.00013 ( 3)
 304 G   0.45951 0.00013 0.54016 0.00020 ( 3)
 305 I   0.45938 0.00044 0.53952 0.00066 ( 3)
 306 M   0.45947 0.00008 0.54033 0.00013 ( 3)
 307 S   0.45949 0.00009 0.54026 0.00015 ( 3)
 308 I   0.45938 0.00044 0.53952 0.00066 ( 3)
 309 L   0.45647 0.00361 0.53526 0.00467 ( 3)
 310 E   0.45910 0.00080 0.53897 0.00114 ( 3)
 311 E   0.45910 0.00080 0.53897 0.00114 ( 3)
 312 E   0.45910 0.00080 0.53897 0.00114 ( 3)
 313 C   0.45903 0.00000 0.54096 0.00001 ( 3)
 314 M   0.45947 0.00008 0.54033 0.00013 ( 3)
 315 F   0.45938 0.00043 0.53954 0.00065 ( 3)
 316 P   0.45924 0.00001 0.54072 0.00002 ( 3)
 317 K   0.45903 0.00088 0.53884 0.00125 ( 3)
 318 A   0.45939 0.00043 0.53955 0.00064 ( 3)
 319 T   0.45951 0.00012 0.54019 0.00019 ( 3)
 320 D   0.45949 0.00009 0.54026 0.00015 ( 3)
 321 M   0.45947 0.00007 0.54033 0.00012 ( 3)
 322 T   0.45943 0.00004 0.54044 0.00008 ( 3)
 323 F   0.45939 0.00042 0.53955 0.00063 ( 3)
 324 K   0.38573 0.06650 0.45280 0.09497 ( 3)
 325 A   0.45882 0.00113 0.53847 0.00158 ( 3)
 326 K   0.45905 0.00086 0.53887 0.00123 ( 3)
 327 L   0.45646 0.00361 0.53525 0.00468 ( 3)
 328 F   0.00000 0.41631 0.00000 0.58369 ( 4)
 329 D   0.45950 0.00009 0.54026 0.00015 ( 3)
 330 N   0.45952 0.00020 0.53998 0.00031 ( 3)
 331 H   0.45922 0.00001 0.54075 0.00002 ( 3)
 332 L   0.45627 0.00378 0.53503 0.00491 ( 3)
 333 G   0.45956 0.00009 0.54021 0.00014 ( 3)
 334 K   0.45923 0.00070 0.53908 0.00100 ( 3)
 335 S   0.45953 0.00006 0.54030 0.00010 ( 3)
 336 S   0.00000 0.32340 0.00000 0.67660 ( 4)
 337 N   0.45960 0.00013 0.54007 0.00020 ( 3)
 338 F   0.45954 0.00030 0.53972 0.00044 ( 3)
 339 Q   0.45957 0.00026 0.53977 0.00040 ( 3)
 340 K   0.45929 0.00065 0.53914 0.00092 ( 3)
 341 P   0.45932 0.00001 0.54066 0.00002 ( 3)
 342 R   0.45955 0.00010 0.54019 0.00016 ( 3)
 343 N   0.45965 0.00008 0.54014 0.00013 ( 3)
 344 I   0.45954 0.00031 0.53970 0.00046 ( 3)
 345 K   0.45929 0.00065 0.53914 0.00092 ( 3)
 346 G   0.45945 0.00002 0.54048 0.00004 ( 3)
 347 K   0.00068 0.50750 0.00079 0.49103 ( 2)
 348 P   0.45918 0.00000 0.54081 0.00001 ( 3)
 349 E   0.45959 0.00010 0.54014 0.00017 ( 3)
 350 A   0.45954 0.00029 0.53973 0.00044 ( 3)
 351 H   0.45923 0.00001 0.54076 0.00001 ( 3)
 352 F   0.45954 0.00030 0.53972 0.00044 ( 3)
 353 S   0.45954 0.00005 0.54031 0.00009 ( 3)
 354 L   0.45682 0.00327 0.53568 0.00424 ( 3)
 355 I   0.08701 0.28383 0.10244 0.52671 ( 4)
 356 H   0.45802 0.00000 0.54197 0.00001 ( 3)
 357 Y   0.45893 0.00010 0.54078 0.00019 ( 3)
 358 A   0.45893 0.00024 0.54038 0.00045 ( 3)
 359 G   0.45876 0.00006 0.54106 0.00012 ( 3)
 360 T   0.45850 0.00002 0.54144 0.00005 ( 3)
 361 V   0.45872 0.00005 0.54113 0.00010 ( 3)
 362 D   0.45866 0.00005 0.54118 0.00011 ( 3)
 363 Y   0.45864 0.00003 0.54124 0.00008 ( 3)
 364 N   0.45887 0.00010 0.54083 0.00020 ( 3)
 365 I   0.45895 0.00024 0.54036 0.00045 ( 3)
 366 I   0.45736 0.00039 0.54114 0.00112 ( 3)
 367 G   0.45876 0.00006 0.54106 0.00012 ( 3)
 368 W   0.45884 0.00008 0.54091 0.00017 ( 3)
 369 L   0.45886 0.00020 0.54055 0.00039 ( 3)
 370 Q   0.07669 0.28858 0.09031 0.54442 ( 4)
 371 K   0.45887 0.00025 0.54040 0.00048 ( 3)
 372 N   0.45887 0.00010 0.54083 0.00020 ( 3)
 373 K   0.45895 0.00019 0.54049 0.00037 ( 3)
 374 D   0.45868 0.00004 0.54119 0.00009 ( 3)
 375 P   0.45800 0.00000 0.54199 0.00001 ( 3)
 376 L   0.45868 0.00004 0.54119 0.00009 ( 3)
 377 N   0.45887 0.00010 0.54083 0.00020 ( 3)
 378 E   0.45886 0.00048 0.53983 0.00083 ( 3)
 379 T   0.45849 0.00002 0.54144 0.00005 ( 3)
 380 V   0.45874 0.00003 0.54115 0.00008 ( 3)
 381 V   0.45872 0.00005 0.54113 0.00010 ( 3)
 382 E   0.00002 0.34393 0.00002 0.65603 ( 4)
 383 L   0.45799 0.00000 0.54200 0.00001 ( 3)
 384 Y   0.45864 0.00003 0.54124 0.00008 ( 3)
 385 K   0.03190 0.34378 0.03752 0.58679 ( 4)
 386 K   0.45899 0.00029 0.54021 0.00052 ( 3)
 387 S   0.45868 0.00004 0.54119 0.00009 ( 3)
 388 S   0.45807 0.00001 0.54190 0.00002 ( 3)
 389 L   0.45868 0.00004 0.54119 0.00009 ( 3)
 390 K   0.45883 0.00054 0.53971 0.00092 ( 3)
 391 M   0.14552 0.19445 0.17192 0.48811 ( 4)
 392 L   0.45858 0.00011 0.54107 0.00024 ( 3)
 393 S   0.37379 0.04032 0.44325 0.14264 ( 3)
 394 T   0.44476 0.00870 0.52526 0.02128 ( 3)
 395 L   0.45560 0.00395 0.53482 0.00563 ( 3)
 396 F   0.45808 0.00124 0.53863 0.00205 ( 3)
 397 A   0.45864 0.00046 0.54004 0.00086 ( 3)
 398 N   0.45869 0.00023 0.54063 0.00046 ( 3)
 399 Y   0.45837 0.00066 0.53974 0.00124 ( 3)
 400 A   0.45804 0.00130 0.53854 0.00213 ( 3)
 401 G   0.45852 0.00005 0.54130 0.00013 ( 3)
 402 F   0.45800 0.00124 0.53871 0.00204 ( 3)
 403 D   0.45858 0.00011 0.54108 0.00024 ( 3)
 404 S   0.42787 0.02161 0.50454 0.04599 ( 3)
 405 -   0.45810 0.00185 0.53751 0.00254 ( 3)
 406 -   0.45932 0.00003 0.54060 0.00005 ( 3)
 407 -   0.45426 0.00583 0.53253 0.00738 ( 3)
 408 -   0.45917 0.00068 0.53915 0.00100 ( 3)
 409 -   0.45797 0.00199 0.53732 0.00271 ( 3)
 410 -   0.45426 0.00583 0.53253 0.00738 ( 3)
 411 -   0.45941 0.00033 0.53974 0.00051 ( 3)
 412 -   0.42230 0.03402 0.49567 0.04801 ( 3)
 413 -   0.45917 0.00068 0.53915 0.00100 ( 3)
 414 -   0.45944 0.00007 0.54036 0.00013 ( 3)
 415 -   0.45931 0.00049 0.53946 0.00074 ( 3)
 416 -   0.45938 0.00039 0.53964 0.00059 ( 3)
 417 -   0.45937 0.00046 0.53949 0.00069 ( 3)
 418 -   0.45945 0.00008 0.54033 0.00014 ( 3)
 419 -   0.45945 0.00009 0.54031 0.00015 ( 3)
 420 -   0.45945 0.00008 0.54033 0.00014 ( 3)
 421 -   0.45872 0.00119 0.53841 0.00168 ( 3)
 422 -   0.45936 0.00042 0.53957 0.00064 ( 3)
 423 -   0.45947 0.00011 0.54023 0.00019 ( 3)
 424 -   0.45935 0.00004 0.54055 0.00006 ( 3)
 425 -   0.45870 0.00121 0.53838 0.00170 ( 3)
 426 -   0.45870 0.00121 0.53838 0.00170 ( 3)
 427 -   0.45945 0.00009 0.54031 0.00015 ( 3)
 428 -   0.45932 0.00003 0.54060 0.00005 ( 3)
 429 -   0.45810 0.00185 0.53751 0.00254 ( 3)
 430 -   0.45928 0.00054 0.53939 0.00080 ( 3)
 431 -   0.45797 0.00199 0.53732 0.00271 ( 3)
 432 -   0.42046 0.03375 0.49397 0.05182 ( 3)
 433 -   0.45943 0.00016 0.54016 0.00026 ( 3)
 434 -   0.45900 0.00073 0.53915 0.00111 ( 3)
 435 -   0.45910 0.00060 0.53938 0.00092 ( 3)
 436 -   0.45904 0.00068 0.53924 0.00104 ( 3)
 437 -   0.45893 0.00089 0.53887 0.00131 ( 3)
 438 -   0.45932 0.00020 0.54015 0.00033 ( 3)
 439 -   0.45325 0.00672 0.53146 0.00857 ( 3)
 440 -   0.45916 0.00004 0.54074 0.00007 ( 3)
 441 -   0.45910 0.00060 0.53938 0.00092 ( 3)
 442 -   0.45932 0.00018 0.54019 0.00031 ( 3)
 443 -   0.45819 0.00165 0.53781 0.00234 ( 3)
 444 -   0.45317 0.00688 0.53124 0.00871 ( 3)
 445 -   0.45892 0.00084 0.53900 0.00125 ( 3)
 446 -   0.45928 0.00009 0.54048 0.00016 ( 3)
 447 -   0.45926 0.00007 0.54053 0.00013 ( 3)
 448 -   0.45909 0.00069 0.53920 0.00103 ( 3)
 449 -   0.45900 0.00073 0.53915 0.00111 ( 3)
 450 -   0.45317 0.00688 0.53124 0.00871 ( 3)
 451 -   0.45730 0.00259 0.53657 0.00354 ( 3)
 452 -   0.45893 0.00082 0.53901 0.00124 ( 3)
 453 -   0.45805 0.00180 0.53761 0.00253 ( 3)
 454 -   0.45892 0.00084 0.53900 0.00125 ( 3)
 455 -   0.45805 0.00180 0.53761 0.00253 ( 3)
 456 -   0.45928 0.00009 0.54048 0.00016 ( 3)
 457 -   0.45930 0.00011 0.54040 0.00019 ( 3)
 458 -   0.45715 0.00275 0.53635 0.00375 ( 3)
 459 -   0.45893 0.00082 0.53901 0.00124 ( 3)
 460 -   0.33120 0.11620 0.38874 0.16386 ( 3)
 461 -   0.45932 0.00020 0.54015 0.00033 ( 3)
 462 -   0.45869 0.00110 0.53859 0.00161 ( 3)
 463 -   0.45892 0.00084 0.53900 0.00125 ( 3)
 464 -   0.45805 0.00180 0.53761 0.00253 ( 3)
 465 -   0.45904 0.00068 0.53923 0.00104 ( 3)
 466 -   0.45809 0.00149 0.53815 0.00228 ( 3)
 467 -   0.45841 0.00112 0.53871 0.00177 ( 3)
 468 -   0.45800 0.00158 0.53801 0.00241 ( 3)
 469 -   0.45649 0.00320 0.53579 0.00452 ( 3)
 470 -   0.45872 0.00073 0.53934 0.00121 ( 3)
 471 -   0.45661 0.00308 0.53595 0.00436 ( 3)
 472 R   0.45882 0.00020 0.54058 0.00040 ( 3)
 473 Y   0.45864 0.00004 0.54124 0.00008 ( 3)
 474 R   0.45896 0.00007 0.54082 0.00015 ( 3)
 475 I   0.45890 0.00028 0.54030 0.00052 ( 3)
 476 L   0.45662 0.00304 0.53601 0.00433 ( 3)
 477 N   0.45887 0.00009 0.54084 0.00019 ( 3)
 478 P   0.45793 0.00000 0.54206 0.00001 ( 3)
 479 A   0.45894 0.00017 0.54056 0.00033 ( 3)
 480 A   0.45895 0.00022 0.54041 0.00042 ( 3)
 481 I   0.45896 0.00024 0.54037 0.00044 ( 3)
 482 P   0.45802 0.00000 0.54197 0.00001 ( 3)
 483 E   0.45888 0.00046 0.53985 0.00080 ( 3)
 484 G   0.45876 0.00005 0.54107 0.00012 ( 3)
 485 Q   0.45897 0.00020 0.54045 0.00038 ( 3)
 486 F   0.45895 0.00023 0.54040 0.00042 ( 3)
 487 I   0.45890 0.00044 0.53990 0.00076 ( 3)
 488 D   0.45868 0.00004 0.54120 0.00009 ( 3)
 489 S   0.45749 0.00000 0.54250 0.00000 ( 3)
 490 R   0.45776 0.00000 0.54224 0.00000 ( 3)
 491 K   0.45896 0.00019 0.54050 0.00035 ( 3)
 492 G   0.45846 0.00002 0.54148 0.00004 ( 3)
 493 S   0.00000 0.38688 0.00000 0.61312 ( 4)
 494 E   0.45888 0.00046 0.53985 0.00080 ( 3)
 495 K   0.45885 0.00052 0.53974 0.00089 ( 3)
