Supplemental results for CODEML (seqf: /home/leticiamagpali/phd/evol_models/codeml/big_dataset/cml_align/MYL1_codon_aligned.phy  treef: /home/leticiamagpali/phd/evol_models/codeml/big_dataset/cml_trees/gene_trees/H1b_gene_trees/MYL1_tree_H1b.tre)

I	J	ij	2Ns_IJ	pMut_IJ	pSub_IJ	2Ns_JI	pMut_JI	pSub_JI

TTC	TTT	CT	0.52030	0.06621	0.08493	-0.52030	0.11141	0.08493
TTA	TTT	AT	2.10358	0.01840	0.04408	-2.10358	0.15080	0.04408
TTA	TTC	AC	1.58329	0.01299	0.02588	-1.58329	0.06328	0.02588
TTG	TTT	GT	2.41684	0.00463	0.01229	-2.41684	0.05191	0.01229
TTG	TTC	GC	1.89654	0.00327	0.00730	-1.89654	0.02178	0.00730
TTG	TTA	GA	0.31326	0.01423	0.01658	-0.31326	0.01947	0.01658
TCT	TTT	CT	0.78299	0.05092	0.07343	-0.78299	0.11141	0.07343
TCC	TTC	CT	-0.28675	0.06228	0.05378	0.28675	0.04675	0.05378
TCC	TCT	CT	-0.54945	0.06228	0.04673	0.54945	0.03595	0.04673
TCA	TTA	CT	4.66928	0.00022	0.00103	-4.66928	0.02330	0.00103
TCA	TCT	AT	5.98987	0.00012	0.00073	-5.98987	0.04866	0.00073
TCA	TCC	AC	6.53932	0.00009	0.00056	-6.53932	0.05952	0.00056
TCG	TTG	CT	7.56481	0.00000	0.00000	-7.56481	0.00586	0.00002
TCG	TCT	GT	9.19866	0.00000	0.00000	-9.19866	0.01675	0.00002
TCG	TCC	GC	9.74810	0.00000	0.00000	-9.74810	0.02049	0.00001
TCG	TCA	GA	3.20878	0.00000	0.00000	-3.20878	0.00013	0.00002
TAT	TTT	AT	2.07101	0.01901	0.04505	-2.07101	0.15080	0.04505
TAT	TCT	AC	1.28801	0.01342	0.02387	-1.28801	0.04866	0.02387
TAC	TTC	AT	4.86627	0.00049	0.00239	-4.86627	0.06328	0.00239
TAC	TCC	AC	5.15303	0.00034	0.00178	-5.15303	0.05952	0.00178
TAC	TAT	CT	3.31557	0.00087	0.00301	-3.31557	0.02407	0.00301
TGT	TTT	GT	10.32964	0.00000	0.00000	-10.32964	0.05191	0.00002
TGT	TCT	GC	9.54665	0.00000	0.00000	-9.54665	0.01675	0.00001
TGT	TAT	GA	8.25864	0.00000	0.00000	-8.25864	0.02011	0.00004
TGC	TTC	GT	4.08752	0.00037	0.00152	-4.08752	0.02178	0.00152
TGC	TCC	GC	4.37427	0.00026	0.00114	-4.37427	0.02049	0.00114
TGC	TAC	GA	-0.77875	0.00112	0.00074	0.77875	0.00052	0.00074
TGC	TGT	CT	-5.72183	0.00066	0.00001	5.72183	0.00000	0.00000
TGG	TTG	GT	2.41684	0.00024	0.00065	-2.41684	0.00273	0.00065
TGG	TCG	GC	-5.14797	0.00017	0.00001	5.14797	0.00000	0.00000
TGG	TGT	GT	-5.49597	0.00024	0.00001	5.49597	0.00000	0.00000
TGG	TGC	GC	0.22586	0.00017	0.00019	-0.22586	0.00022	0.00019
CTT	TTT	CT	0.70064	0.05529	0.07690	-0.70064	0.11141	0.07690
CTC	TTC	CT	0.27199	0.03562	0.04068	-0.27199	0.04675	0.04068
CTC	CTT	CT	0.09164	0.03562	0.03728	-0.09164	0.03904	0.03728
CTA	TTA	CT	-0.79030	0.05135	0.03371	0.79030	0.02330	0.03371
CTA	CTT	AT	0.61264	0.02864	0.03830	-0.61264	0.05284	0.03830
CTA	CTC	AC	0.52100	0.02022	0.02594	-0.52100	0.03404	0.02594
CTG	TTG	CT	-2.49115	0.07080	0.01593	2.49115	0.00586	0.01593
CTG	CTT	GT	-0.77495	0.03948	0.02614	0.77495	0.01819	0.02614
CTG	CTC	GC	-0.86660	0.02788	0.01752	0.86660	0.01172	0.01752
CTG	CTA	GA	-1.38759	0.12136	0.05603	1.38759	0.03030	0.05603
CCT	TCT	CT	-1.17360	0.11626	0.06108	1.17360	0.03595	0.06108
CCT	CTT	CT	-1.09125	0.11626	0.06414	1.09125	0.03904	0.06414
CCC	TCC	CT	-0.64875	0.08413	0.05977	0.64875	0.04398	0.05977
CCC	CTC	CT	-1.20749	0.08413	0.04332	1.20749	0.02515	0.04332
CCC	CCT	CT	-0.02460	0.08413	0.08310	0.02460	0.08209	0.08310
CCA	TCA	CT	-5.74162	0.04808	0.00089	5.74162	0.00015	0.00089
CCA	CTA	CT	-0.28204	0.04808	0.04161	0.28204	0.03626	0.04161
CCA	CCT	AT	1.42185	0.02681	0.05024	-1.42185	0.11111	0.05024
CCA	CCC	AC	1.44645	0.01893	0.03581	-1.44645	0.08041	0.03581
CCG	TCG	CT	-8.79760	0.01420	0.00002	8.79760	0.00000	0.00000
CCG	CTG	CT	1.25836	0.01420	0.02497	-1.25836	0.04999	0.02497
CCG	CCT	GT	1.57466	0.00792	0.01573	-1.57466	0.03825	0.01573
CCG	CCC	GC	1.59925	0.00559	0.01121	-1.59925	0.02768	0.01121
CCG	CCA	GA	0.15280	0.02435	0.02625	-0.15280	0.02837	0.02625
CAT	TAT	CT	0.11689	0.02142	0.02269	-0.11689	0.02407	0.02269
CAT	CTT	AT	1.48726	0.01194	0.02295	-1.48726	0.05284	0.02295
CAT	CCT	AC	2.57851	0.00843	0.02353	-2.57851	0.11111	0.02353
CAC	TAC	CT	-3.91753	0.03103	0.00247	3.91753	0.00062	0.00247
CAC	CTC	AT	0.67676	0.01730	0.02381	-0.67676	0.03404	0.02381
CAC	CCC	AC	1.88425	0.01222	0.02715	-1.88425	0.08041	0.02715
CAC	CAT	CT	-0.71886	0.03103	0.02120	0.71886	0.01512	0.02120
CAA	CTA	AT	0.81104	0.02181	0.03184	-0.81104	0.04908	0.03184
CAA	CCA	AC	1.09307	0.01540	0.02532	-1.09307	0.04595	0.02532
CAA	CAT	AT	-0.06358	0.02181	0.02113	0.06358	0.02047	0.02113
CAA	CAC	AC	0.65527	0.01540	0.02099	-0.65527	0.02966	0.02099
CAG	CTG	AT	0.62249	0.03631	0.04878	-0.62249	0.06767	0.04878
CAG	CCG	AC	-0.63587	0.02564	0.01835	0.63587	0.01358	0.01835
CAG	CAT	GT	-1.63973	0.03631	0.01433	1.63973	0.00705	0.01433
CAG	CAC	GC	-0.92087	0.02564	0.01562	0.92087	0.01021	0.01562
CAG	CAA	GA	-1.57614	0.11162	0.04586	1.57614	0.02308	0.04586
CGT	TGT	CT	-9.68581	0.03453	0.00002	9.68581	0.00000	0.00000
CGT	CTT	GT	-0.05681	0.01925	0.01871	0.05681	0.01819	0.01871
CGT	CCT	GC	1.03444	0.01359	0.02182	-1.03444	0.03825	0.02182
CGT	CAT	GA	-1.54406	0.05918	0.02481	1.54406	0.01264	0.02481
CGC	TGC	CT	5.02584	0.00000	0.00000	-5.02584	0.00046	0.00002
CGC	CTC	GT	8.84137	0.00000	0.00000	-8.84137	0.01172	0.00001
CGC	CCC	GC	10.04886	0.00000	0.00000	-10.04886	0.02768	0.00001
CGC	CAC	GA	8.16461	0.00000	0.00000	-8.16461	0.01831	0.00004
CGC	CGT	CT	8.98982	0.00000	0.00000	-8.98982	0.02438	0.00003
CGA	CTA	GT	3.14023	0.00073	0.00240	-3.14023	0.01690	0.00240
CGA	CCA	GC	3.42226	0.00052	0.00183	-3.42226	0.01582	0.00183
CGA	CAA	GA	2.32919	0.00225	0.00580	-2.32919	0.02308	0.00580
CGA	CGT	AT	3.80967	0.00073	0.00285	-3.80967	0.03300	0.00285
CGA	CGC	AC	-5.18015	0.00052	0.00002	5.18015	0.00000	0.00000
CGG	TGG	CT	-4.04930	0.01770	0.00127	4.04930	0.00031	0.00127
CGG	CTG	GT	0.85869	0.00987	0.01471	-0.85869	0.02329	0.01471
CGG	CCG	GC	-0.39967	0.00697	0.00567	0.39967	0.00467	0.00567
CGG	CAG	GA	0.23621	0.03034	0.03406	-0.23621	0.03842	0.03406
CGG	CGT	GT	0.14055	0.00987	0.01058	-0.14055	0.01136	0.01058
CGG	CGC	GC	-8.84927	0.00697	0.00001	8.84927	0.00000	0.00000
CGG	CGA	GA	-3.66913	0.03034	0.00291	3.66913	0.00077	0.00291
ATT	TTT	AT	1.43050	0.03607	0.06782	-1.43050	0.15080	0.06782
ATT	CTT	AC	0.72986	0.02547	0.03588	-0.72986	0.05284	0.03588
ATC	TTC	AT	1.22213	0.01864	0.03230	-1.22213	0.06328	0.03230
ATC	CTC	AC	0.95014	0.01316	0.02039	-0.95014	0.03404	0.02039
ATC	ATT	CT	0.31193	0.03343	0.03892	-0.31193	0.04567	0.03892
ATA	TTA	AT	4.86297	0.00024	0.00119	-4.86297	0.03154	0.00119
ATA	CTA	AC	5.65327	0.00017	0.00098	-5.65327	0.04908	0.00098
ATA	ATT	AT	5.53605	0.00024	0.00135	-5.53605	0.06182	0.00135
ATA	ATC	AC	5.22412	0.00017	0.00090	-5.22412	0.03196	0.00090
ATG	TTG	AT	-1.72073	0.04435	0.01663	1.72073	0.00794	0.01663
ATG	CTG	AC	0.77042	0.03132	0.04492	-0.77042	0.06767	0.04492
ATG	ATT	GT	-0.73439	0.04435	0.03004	0.73439	0.02128	0.03004
ATG	ATC	GC	-1.04632	0.03132	0.01774	1.04632	0.01100	0.01774
ATG	ATA	GA	-6.27044	0.13634	0.00162	6.27044	0.00026	0.00162
ACT	TCT	AT	3.91043	0.00097	0.00389	-3.91043	0.04866	0.00389
ACT	CCT	AC	5.08403	0.00069	0.00352	-5.08403	0.11111	0.00352
ACT	ATT	CT	3.26292	0.00175	0.00593	-3.26292	0.04567	0.00593
ACC	TCC	AT	0.44832	0.03802	0.04718	-0.44832	0.05952	0.04718
ACC	CCC	AC	1.09707	0.02684	0.04421	-1.09707	0.08041	0.04421
ACC	ATC	CT	-1.06056	0.06818	0.03830	1.06056	0.02361	0.03830
ACC	ACT	CT	-4.01156	0.06818	0.00504	4.01156	0.00123	0.00504
ACA	TCA	AT	-5.03711	0.03217	0.00106	5.03711	0.00021	0.00106
ACA	CCA	AC	0.70451	0.02271	0.03165	-0.70451	0.04595	0.03165
ACA	ATA	CT	-5.23080	0.05769	0.00162	5.23080	0.00031	0.00162
ACA	ACT	AT	-2.95767	0.03217	0.00521	2.95767	0.00167	0.00521
ACA	ACC	AC	1.05389	0.02271	0.03675	-1.05389	0.06516	0.03675
ACG	TCG	AT	-6.44443	0.00183	0.00002	6.44443	0.00000	0.00000
ACG	CCG	AC	2.35317	0.00129	0.00336	-2.35317	0.01358	0.00336
ACG	ATG	CT	2.84111	0.00328	0.00989	-2.84111	0.05617	0.00989
ACG	ACT	GT	-1.15621	0.00183	0.00097	1.15621	0.00058	0.00097
ACG	ACC	GC	2.85535	0.00129	0.00391	-2.85535	0.02243	0.00391
ACG	ACA	GA	1.80146	0.00562	0.01212	-1.80146	0.03404	0.01212
AAT	TAT	AT	-0.54036	0.05593	0.04217	0.54036	0.03258	0.04217
AAT	CAT	AC	-0.65725	0.03949	0.02793	0.65725	0.02047	0.02793
AAT	ATT	AT	0.10015	0.05593	0.05878	-0.10015	0.06182	0.05878
AAT	ACT	AC	-3.16278	0.03949	0.00552	3.16278	0.00167	0.00552
AAC	TAC	AT	-4.15022	0.05301	0.00352	4.15022	0.00084	0.00352
AAC	CAC	AC	-0.23269	0.03743	0.03324	0.23269	0.02966	0.03324
AAC	ATC	AT	-0.50607	0.05301	0.04072	0.50607	0.03196	0.04072
AAC	ACC	AC	0.55449	0.03743	0.04876	-0.55449	0.06516	0.04876
AAC	AAT	CT	-0.29429	0.09506	0.08176	0.29429	0.07083	0.08176
AAA	CAA	AC	0.27513	0.02839	0.03248	-0.27513	0.03739	0.03248
AAA	ATA	AT	-4.56711	0.04021	0.00193	4.56711	0.00042	0.00193
AAA	ACA	AC	0.66369	0.02839	0.03885	-0.66369	0.05514	0.03885
AAA	AAT	AT	0.86879	0.04021	0.06018	-0.86879	0.09587	0.06018
AAA	AAC	AC	1.16309	0.02839	0.04804	-1.16309	0.09085	0.04804
AAG	CAG	AC	-0.17880	0.07443	0.06797	0.17880	0.06224	0.06797
AAG	ATG	AT	-0.32674	0.10540	0.08912	0.32674	0.07602	0.08912
AAG	ACG	AC	-3.16785	0.07443	0.01036	3.16785	0.00313	0.01036
AAG	AAT	GT	-1.16128	0.10540	0.05579	1.16128	0.03300	0.05579
AAG	AAC	GC	-0.86699	0.07443	0.04677	0.86699	0.03127	0.04677
AAG	AAA	GA	-2.03007	0.32400	0.09944	2.03007	0.04255	0.09944
AGT	TGT	AT	-4.42953	0.00024	0.00001	4.42953	0.00000	0.00000
AGT	CGT	AC	5.25628	0.00017	0.00091	-5.25628	0.03300	0.00091
AGT	ATT	GT	4.46961	0.00024	0.00110	-4.46961	0.02128	0.00110
AGT	ACT	GC	1.20669	0.00017	0.00030	-1.20669	0.00058	0.00030
AGT	AAT	GA	4.36947	0.00075	0.00332	-4.36947	0.05918	0.00332
AGC	TGC	AT	-3.47454	0.02023	0.00225	3.47454	0.00063	0.00225
AGC	CGC	AC	-8.50037	0.01428	0.00002	8.50037	0.00000	0.00000
AGC	ATC	GT	-0.60915	0.02023	0.01469	0.60915	0.01100	0.01469
AGC	ACC	GC	0.45141	0.01428	0.01775	-0.45141	0.02243	0.01775
AGC	AAC	GA	-0.10308	0.06218	0.05903	0.10308	0.05609	0.05903
AGC	AGT	CT	-4.76684	0.03628	0.00148	4.76684	0.00031	0.00148
AGA	CGA	AC	-1.36446	0.00490	0.00230	1.36446	0.00125	0.00230
AGA	ATA	GT	-3.87750	0.00695	0.00057	3.87750	0.00014	0.00057
AGA	ACA	GC	1.35329	0.00490	0.00895	-1.35329	0.01898	0.00895
AGA	AAA	GA	0.68960	0.02135	0.02955	-0.68960	0.04255	0.02955
AGA	AGT	AT	-2.81107	0.00695	0.00125	2.81107	0.00042	0.00125
AGA	AGC	AC	1.95577	0.00490	0.01117	-1.95577	0.03467	0.01117
AGG	TGG	AT	-4.13865	0.02620	0.00176	4.13865	0.00042	0.00176
AGG	CGG	AC	-0.08936	0.01850	0.01768	0.08936	0.01692	0.01768
AGG	ATG	GT	-0.00108	0.02620	0.02618	0.00108	0.02617	0.02618
AGG	ACG	GC	-2.84219	0.01850	0.00325	2.84219	0.00108	0.00325
AGG	AAG	GA	0.32565	0.08053	0.09435	-0.32565	0.11153	0.09435
AGG	AGT	GT	-5.20509	0.02620	0.00075	5.20509	0.00014	0.00075
AGG	AGC	GC	-0.43825	0.01850	0.01474	0.43825	0.01193	0.01474
AGG	AGA	GA	-2.39402	0.08053	0.01936	2.39402	0.00735	0.01936
GTT	TTT	GT	0.24628	0.04058	0.04578	-0.24628	0.05191	0.04578
GTT	CTT	GC	-0.45436	0.02865	0.02263	0.45436	0.01819	0.02263
GTT	ATT	GA	-1.18422	0.12473	0.06512	1.18422	0.03817	0.06512
GTC	TTC	GT	-0.34330	0.03071	0.02574	0.34330	0.02178	0.02574
GTC	CTC	GC	-0.61528	0.02168	0.01569	0.61528	0.01172	0.01569
GTC	ATC	GA	-1.56543	0.09439	0.03904	1.56543	0.01973	0.03904
GTC	GTT	CT	-0.06928	0.05507	0.05318	0.06928	0.05138	0.05318
GTA	TTA	GT	0.31529	0.00792	0.00923	-0.31529	0.01086	0.00923
GTA	CTA	GC	1.10559	0.00559	0.00924	-1.10559	0.01690	0.00924
GTA	ATA	GA	-4.54768	0.02435	0.00119	4.54768	0.00026	0.00119
GTA	GTT	AT	2.17259	0.00792	0.01942	-2.17259	0.06955	0.01942
GTA	GTC	AC	2.24187	0.00559	0.01403	-2.24187	0.05263	0.01403
GTG	TTG	GT	-1.29673	0.00999	0.00488	1.29673	0.00273	0.00488
GTG	CTG	GC	1.19442	0.00706	0.01209	-1.19442	0.02329	0.01209
GTG	ATG	GA	0.42400	0.03071	0.03768	-0.42400	0.04693	0.03768
GTG	GTT	GT	0.87382	0.00999	0.01499	-0.87382	0.02394	0.01499
GTG	GTC	GC	0.94311	0.00706	0.01090	-0.94311	0.01812	0.01090
GTG	GTA	GA	-1.29877	0.03071	0.01497	1.29877	0.00838	0.01497
GCT	TCT	GT	-1.20779	0.05605	0.02886	1.20779	0.01675	0.02886
GCT	CCT	GC	-0.03419	0.03958	0.03891	0.03419	0.03825	0.03891
GCT	ACT	GA	-5.11822	0.17230	0.00531	5.11822	0.00103	0.00531
GCT	GTT	CT	-0.67108	0.10052	0.07054	0.67108	0.05138	0.07054
GCC	TCC	GT	-1.21723	0.06921	0.03543	1.21723	0.02049	0.03543
GCC	CCC	GC	-0.56848	0.04887	0.03629	0.56848	0.02768	0.03629
GCC	ACC	GA	-1.66555	0.21275	0.08263	1.66555	0.04023	0.08263
GCC	GTC	CT	-1.16069	0.12412	0.06572	1.16069	0.03888	0.06572
GCC	GCT	CT	-0.55889	0.12412	0.09265	0.55889	0.07098	0.09265
GCA	TCA	GT	-6.93283	0.07372	0.00050	6.93283	0.00007	0.00050
GCA	CCA	GC	-1.19121	0.05205	0.02707	1.19121	0.01582	0.02707
GCA	ACA	GA	-1.89572	0.22661	0.07593	1.89572	0.03404	0.07593
GCA	GTA	CT	-2.57884	0.13221	0.02799	2.57884	0.01003	0.02799
GCA	GCT	AT	0.26483	0.07372	0.08391	-0.26483	0.09607	0.08391
GCA	GCC	AC	0.82373	0.05205	0.07640	-0.82373	0.11863	0.07640
GCG	TCG	GT	-9.57350	0.01438	0.00001	9.57350	0.00000	0.00000
GCG	CCG	GC	-0.77590	0.01015	0.00672	0.77590	0.00467	0.00672
GCG	ACG	GA	-3.12907	0.04420	0.00633	3.12907	0.00193	0.00633
GCG	GTG	CT	-0.71196	0.02579	0.01769	0.71196	0.01265	0.01769
GCG	GCT	GT	0.83294	0.01438	0.02119	-0.83294	0.03307	0.02119
GCG	GCC	GC	1.39183	0.01015	0.01881	-1.39183	0.04084	0.01881
GCG	GCA	GA	0.56811	0.04420	0.05794	-0.56811	0.07801	0.05794
GAT	TAT	GT	-0.91582	0.02803	0.01712	0.91582	0.01122	0.01712
GAT	CAT	GC	-1.03272	0.01979	0.01130	1.03272	0.00705	0.01130
GAT	AAT	GA	-0.37547	0.08615	0.07099	0.37547	0.05918	0.07099
GAT	GTT	AT	0.90890	0.02803	0.04267	-0.90890	0.06955	0.04267
GAT	GCT	AC	1.57998	0.01979	0.03938	-1.57998	0.09607	0.03938
GAC	TAC	GT	-5.42357	0.06519	0.00157	5.42357	0.00029	0.00157
GAC	CAC	GC	-1.50604	0.04603	0.01976	1.50604	0.01021	0.01976
GAC	AAC	GA	-1.27336	0.20039	0.09918	1.27336	0.05609	0.09918
GAC	GTC	AT	-0.21400	0.06519	0.05846	0.21400	0.05263	0.05846
GAC	GCC	AC	0.94669	0.04603	0.07121	-0.94669	0.11863	0.07121
GAC	GAT	CT	-1.19218	0.11691	0.06075	1.19218	0.03549	0.06075
GAA	CAA	GC	-1.28564	0.04655	0.02287	1.28564	0.01287	0.02287
GAA	AAA	GA	-1.56076	0.20264	0.08406	1.56076	0.04255	0.08406
GAA	GTA	AT	-1.58020	0.06592	0.02702	1.58020	0.01358	0.02702
GAA	GCA	AC	0.99864	0.04655	0.07360	-0.99864	0.12636	0.07360
GAA	GAT	AT	-0.31650	0.06592	0.05604	0.31650	0.04804	0.05604
GAA	GAC	AC	0.87568	0.04655	0.06987	-0.87568	0.11174	0.06987
GAG	CAG	GC	-0.51079	0.03571	0.02736	0.51079	0.02142	0.02736
GAG	AAG	GA	-0.33199	0.15544	0.13107	0.33199	0.11153	0.13107
GAG	GTG	AT	-1.08272	0.05057	0.02804	1.08272	0.01713	0.02804
GAG	GCG	AC	-0.37076	0.03571	0.02950	0.37076	0.02465	0.02950
GAG	GAT	GT	-1.11780	0.05057	0.02747	1.11780	0.01654	0.02747
GAG	GAC	GC	0.07438	0.03571	0.03705	-0.07438	0.03846	0.03705
GAG	GAA	GA	-0.80130	0.15544	0.10139	0.80130	0.06975	0.10139
GGT	TGT	GT	-10.30408	0.02985	0.00001	10.30408	0.00000	0.00000
GGT	CGT	GC	-0.61827	0.02108	0.01523	0.61827	0.01136	0.01523
GGT	AGT	GA	-5.87455	0.09177	0.00152	5.87455	0.00026	0.00152
GGT	GTT	GT	-0.22072	0.02985	0.02668	0.22072	0.02394	0.02668
GGT	GCT	GC	0.45036	0.02108	0.02618	-0.45036	0.03307	0.02618
GGT	GAT	GA	-1.12962	0.09177	0.04949	1.12962	0.02966	0.04949
GGC	TGC	GT	-5.41040	0.04825	0.00117	5.41040	0.00022	0.00117
GGC	CGC	GC	-10.43624	0.03407	0.00001	10.43624	0.00000	0.00000
GGC	AGC	GA	-1.93586	0.14833	0.04842	1.93586	0.02140	0.04842
GGC	GTC	GT	-0.97959	0.04825	0.02842	0.97959	0.01812	0.02842
GGC	GCC	GC	0.18110	0.03407	0.03725	-0.18110	0.04084	0.03725
GGC	GAC	GA	-0.76558	0.14833	0.09872	0.76558	0.06898	0.09872
GGC	GGT	CT	-0.82815	0.08654	0.05559	0.82815	0.03780	0.05559
GGA	CGA	GC	-2.78229	0.00697	0.00128	2.78229	0.00043	0.00128
GGA	AGA	GA	-1.41783	0.03034	0.01375	1.41783	0.00735	0.01375
GGA	GTA	GT	-0.74766	0.00987	0.00664	0.74766	0.00467	0.00664
GGA	GCA	GC	1.83118	0.00697	0.01520	-1.83118	0.04350	0.01520
GGA	GAA	GA	0.83253	0.03034	0.04470	-0.83253	0.06975	0.04470
GGA	GGT	AT	1.64565	0.00987	0.02012	-1.64565	0.05117	0.02012
GGA	GGC	AC	2.47380	0.00697	0.01883	-2.47380	0.08271	0.01883
GGG	TGG	GT	-0.93307	0.00037	0.00022	0.93307	0.00014	0.00022
GGG	CGG	GC	3.11623	0.00026	0.00084	-3.11623	0.00582	0.00084
GGG	AGG	GA	3.20559	0.00112	0.00375	-3.20559	0.02772	0.00375
GGG	GTG	GT	2.78051	0.00037	0.00108	-2.78051	0.00590	0.00108
GGG	GCG	GC	3.49247	0.00026	0.00093	-3.49247	0.00848	0.00093
GGG	GAG	GA	3.86323	0.00112	0.00443	-3.86323	0.05351	0.00443
GGG	GGT	GT	3.87505	0.00037	0.00145	-3.87505	0.01761	0.00145
GGG	GGC	GC	4.70320	0.00026	0.00123	-4.70320	0.02847	0.00123
GGG	GGA	GA	2.22940	0.00112	0.00281	-2.22940	0.01044	0.00281


Histograms
2Ns	FMut	FSub(CodonUsage)	FSubw(after w)

-9.93927	0.01232	0.00001
-8.94535	0.00474	0.00001
-7.95142	0.00238	0.00001
-6.95749	0.00715	0.00008
-5.96356	0.02352	0.00053
-4.96964	0.04753	0.00217
-3.97571	0.02777	0.00286
-2.98178	0.04172	0.01014
-1.98785	0.14761	0.07096
-0.99393	0.32477	0.27251
0.00000	0.20441	0.28148
0.99393	0.12922	0.27251
1.98785	0.02354	0.07096
2.98178	0.00244	0.01014
3.97571	0.00050	0.00285
4.96964	0.00031	0.00217
5.96356	0.00006	0.00053
6.95749	0.00001	0.00008
7.95142	0.00000	0.00000
8.94535	0.00000	0.00000
9.93927	0.00000	0.00000

Proportion of advantageous (S > 0) mutations:
 0.24589

Proportions of good & bad mutations (|S| > 2.0000) among mutations:
0.00962  0.22144

mean |Ns| = 1.65117	mean Ns+ = 0.76822	mean Ns- = -1.93907


MLEs of dN/dS (w) for site classes (K=4)

site class             0        1       2a       2b
proportion       0.92197  0.07803  0.00000  0.00000
background w     0.12562  2.22733  0.12562  2.22733
foreground w     0.12562  2.22733  0.00000  0.00000

Naive Empirical Bayes (NEB) probabilities for 4 classes
(amino acids refer to 1st sequence: Bacu)

   1 D   0.99712 0.00287 0.00000 0.00000 ( 1)
   2 Q   0.99742 0.00258 0.00000 0.00000 ( 1)
   3 A   0.02646 0.97354 0.00000 0.00000 ( 2)
   4 N   0.99842 0.00158 0.00000 0.00000 ( 1)
   5 H   0.98593 0.01407 0.00000 0.00000 ( 1)
   6 H   0.99925 0.00075 0.00000 0.00000 ( 1)
   7 S   0.94303 0.05697 0.00000 0.00000 ( 1)
   8 S   0.99817 0.00183 0.00000 0.00000 ( 1)
   9 S   0.94591 0.05408 0.00000 0.00000 ( 1)
  10 K   0.34996 0.65004 0.00000 0.00000 ( 2)
  11 N   0.99689 0.00311 0.00000 0.00000 ( 1)
  12 Q   0.96620 0.03380 0.00000 0.00000 ( 1)
  13 F   0.87491 0.12509 0.00000 0.00000 ( 1)
  14 D   0.99843 0.00157 0.00000 0.00000 ( 1)
  15 R   0.99576 0.00424 0.00000 0.00000 ( 1)
  16 F   0.92958 0.07042 0.00000 0.00000 ( 1)
  17 F   0.99238 0.00762 0.00000 0.00000 ( 1)
  18 R   0.97621 0.02379 0.00000 0.00000 ( 1)
  19 R   0.97162 0.02838 0.00000 0.00000 ( 1)
  20 L   0.69479 0.30521 0.00000 0.00000 ( 1)
  21 S   0.99707 0.00293 0.00000 0.00000 ( 1)
  22 F   0.05232 0.94767 0.00000 0.00000 ( 2)
  23 S   0.00000 1.00000 0.00000 0.00000 ( 2)
  24 F   0.88820 0.11180 0.00000 0.00000 ( 1)
  25 F   0.85479 0.14521 0.00000 0.00000 ( 1)
  26 -   0.96545 0.03455 0.00000 0.00000 ( 1)
  27 P   0.33088 0.66912 0.00000 0.00000 ( 2)
  28 I   0.99785 0.00214 0.00000 0.00000 ( 1)
  29 L   0.99915 0.00085 0.00000 0.00000 ( 1)
  30 L   0.36523 0.63477 0.00000 0.00000 ( 2)
  31 N   0.99869 0.00131 0.00000 0.00000 ( 1)
  32 T   0.05066 0.94934 0.00000 0.00000 ( 2)
  33 M   0.99809 0.00191 0.00000 0.00000 ( 1)
  34 A   0.98659 0.01341 0.00000 0.00000 ( 1)
  35 P   0.99564 0.00436 0.00000 0.00000 ( 1)
  36 K   0.99515 0.00485 0.00000 0.00000 ( 1)
  37 K   0.99515 0.00485 0.00000 0.00000 ( 1)
  38 D   0.99896 0.00104 0.00000 0.00000 ( 1)
  39 V   0.99985 0.00015 0.00000 0.00000 ( 1)
  40 K   0.99515 0.00485 0.00000 0.00000 ( 1)
  41 K   0.99907 0.00093 0.00000 0.00000 ( 1)
  42 P   0.94435 0.05565 0.00000 0.00000 ( 1)
  43 A   0.99161 0.00839 0.00000 0.00000 ( 1)
  44 A   0.99470 0.00530 0.00000 0.00000 ( 1)
  45 A   0.86621 0.13379 0.00000 0.00000 ( 1)
  46 A   0.85437 0.14563 0.00000 0.00000 ( 1)
  47 A   0.99425 0.00575 0.00000 0.00000 ( 1)
  48 P   0.99407 0.00593 0.00000 0.00000 ( 1)
  49 A   0.99537 0.00463 0.00000 0.00000 ( 1)
  50 P   0.99236 0.00763 0.00000 0.00000 ( 1)
  51 A   0.99446 0.00553 0.00000 0.00000 ( 1)
  52 P   0.99021 0.00979 0.00000 0.00000 ( 1)
  53 A   0.99374 0.00625 0.00000 0.00000 ( 1)
  54 P   0.99500 0.00500 0.00000 0.00000 ( 1)
  55 A   0.99120 0.00880 0.00000 0.00000 ( 1)
  56 P   0.99575 0.00425 0.00000 0.00000 ( 1)
  57 A   0.82229 0.17771 0.00000 0.00000 ( 1)
  58 P   0.98850 0.01150 0.00000 0.00000 ( 1)
  59 A   0.98609 0.01391 0.00000 0.00000 ( 1)
  60 P   0.98872 0.01128 0.00000 0.00000 ( 1)
  61 A   0.98615 0.01385 0.00000 0.00000 ( 1)
  62 P   0.98848 0.01152 0.00000 0.00000 ( 1)
  63 A   0.79425 0.20575 0.00000 0.00000 ( 1)
  64 P   0.99516 0.00484 0.00000 0.00000 ( 1)
  65 P   0.99283 0.00717 0.00000 0.00000 ( 1)
  66 K   0.99847 0.00153 0.00000 0.00000 ( 1)
  67 E   0.99621 0.00379 0.00000 0.00000 ( 1)
  68 K   0.01629 0.98371 0.00000 0.00000 ( 2)
  69 K   0.99331 0.00669 0.00000 0.00000 ( 1)
  70 I   0.99852 0.00148 0.00000 0.00000 ( 1)
  71 D   0.99814 0.00186 0.00000 0.00000 ( 1)
  72 L   0.99845 0.00155 0.00000 0.00000 ( 1)
  73 S   0.96508 0.03492 0.00000 0.00000 ( 1)
  74 A   0.99420 0.00580 0.00000 0.00000 ( 1)
  75 I   0.13407 0.86593 0.00000 0.00000 ( 2)
  76 E   0.94204 0.05796 0.00000 0.00000 ( 1)
  77 F   0.99663 0.00337 0.00000 0.00000 ( 1)
  78 K   0.99551 0.00449 0.00000 0.00000 ( 1)
  79 E   0.99759 0.00241 0.00000 0.00000 ( 1)
  80 A   0.98859 0.01141 0.00000 0.00000 ( 1)
  81 F   0.99373 0.00627 0.00000 0.00000 ( 1)
  82 L   0.99915 0.00085 0.00000 0.00000 ( 1)
  83 L   0.98831 0.01169 0.00000 0.00000 ( 1)
  84 Y   0.99791 0.00209 0.00000 0.00000 ( 1)
  85 D   0.99897 0.00103 0.00000 0.00000 ( 1)
  86 R   0.99558 0.00442 0.00000 0.00000 ( 1)
  87 Q   0.61117 0.38883 0.00000 0.00000 ( 1)
  88 G   0.99508 0.00492 0.00000 0.00000 ( 1)
  89 D   0.99875 0.00125 0.00000 0.00000 ( 1)
  90 N   0.00001 0.99999 0.00000 0.00000 ( 2)
  91 K   0.99551 0.00449 0.00000 0.00000 ( 1)
  92 I   0.99992 0.00008 0.00000 0.00000 ( 1)
  93 T   0.98684 0.01316 0.00000 0.00000 ( 1)
  94 L   0.99504 0.00496 0.00000 0.00000 ( 1)
  95 S   0.25908 0.74092 0.00000 0.00000 ( 2)
  96 Q   0.99836 0.00164 0.00000 0.00000 ( 1)
  97 V   0.99881 0.00118 0.00000 0.00000 ( 1)
  98 G   0.99334 0.00666 0.00000 0.00000 ( 1)
  99 D   0.99993 0.00007 0.00000 0.00000 ( 1)
 100 V   0.99932 0.00068 0.00000 0.00000 ( 1)
 101 L   0.99941 0.00059 0.00000 0.00000 ( 1)
 102 R   0.99777 0.00223 0.00000 0.00000 ( 1)
 103 A   0.99210 0.00790 0.00000 0.00000 ( 1)
 104 L   0.99179 0.00821 0.00000 0.00000 ( 1)
 105 G   0.99498 0.00502 0.00000 0.00000 ( 1)
 106 T   0.99628 0.00372 0.00000 0.00000 ( 1)
 107 N   0.99780 0.00220 0.00000 0.00000 ( 1)
 108 P   0.99506 0.00494 0.00000 0.00000 ( 1)
 109 T   0.99919 0.00081 0.00000 0.00000 ( 1)
 110 N   0.99780 0.00220 0.00000 0.00000 ( 1)
 111 A   0.98722 0.01278 0.00000 0.00000 ( 1)
 112 E   0.99759 0.00241 0.00000 0.00000 ( 1)
 113 V   0.99932 0.00068 0.00000 0.00000 ( 1)
 114 K   0.99552 0.00448 0.00000 0.00000 ( 1)
 115 E   0.00000 1.00000 0.00000 0.00000 ( 2)
 116 V   0.99914 0.00086 0.00000 0.00000 ( 1)
 117 L   0.87069 0.12931 0.00000 0.00000 ( 1)
 118 G   0.99956 0.00044 0.00000 0.00000 ( 1)
 119 N   0.98302 0.01697 0.00000 0.00000 ( 1)
 120 P   0.99506 0.00494 0.00000 0.00000 ( 1)
 121 S   0.99959 0.00041 0.00000 0.00000 ( 1)
 122 N   0.56771 0.43229 0.00000 0.00000 ( 1)
 123 E   0.99769 0.00231 0.00000 0.00000 ( 1)
 124 E   0.99760 0.00240 0.00000 0.00000 ( 1)
 125 M   0.99828 0.00172 0.00000 0.00000 ( 1)
 126 N   0.99780 0.00220 0.00000 0.00000 ( 1)
 127 V   0.93626 0.06374 0.00000 0.00000 ( 1)
 128 K   0.99551 0.00449 0.00000 0.00000 ( 1)
 129 K   0.99917 0.00083 0.00000 0.00000 ( 1)
 130 I   0.99919 0.00081 0.00000 0.00000 ( 1)
 131 E   0.99757 0.00243 0.00000 0.00000 ( 1)
 132 F   0.99369 0.00631 0.00000 0.00000 ( 1)
 133 E   0.96015 0.03985 0.00000 0.00000 ( 1)
 134 Q   0.99916 0.00083 0.00000 0.00000 ( 1)
 135 F   0.99373 0.00627 0.00000 0.00000 ( 1)
 136 L   0.99179 0.00821 0.00000 0.00000 ( 1)
 137 P   0.99506 0.00494 0.00000 0.00000 ( 1)
 138 M   0.99828 0.00172 0.00000 0.00000 ( 1)
 139 L   0.81469 0.18531 0.00000 0.00000 ( 1)
 140 Q   0.99920 0.00080 0.00000 0.00000 ( 1)
 141 S   0.97098 0.02902 0.00000 0.00000 ( 1)
 142 I   0.99919 0.00081 0.00000 0.00000 ( 1)
 143 S   0.99777 0.00223 0.00000 0.00000 ( 1)
 144 N   0.99906 0.00094 0.00000 0.00000 ( 1)
 145 K   0.98391 0.01609 0.00000 0.00000 ( 1)
 146 K   0.99551 0.00449 0.00000 0.00000 ( 1)
 147 D   0.99897 0.00103 0.00000 0.00000 ( 1)
 148 Q   0.99836 0.00164 0.00000 0.00000 ( 1)
 149 G   0.99489 0.00511 0.00000 0.00000 ( 1)
 150 T   0.99983 0.00017 0.00000 0.00000 ( 1)
 151 Y   0.99951 0.00049 0.00000 0.00000 ( 1)
 152 E   0.99769 0.00231 0.00000 0.00000 ( 1)
 153 D   0.99897 0.00103 0.00000 0.00000 ( 1)
 154 F   0.99363 0.00637 0.00000 0.00000 ( 1)
 155 V   0.99881 0.00118 0.00000 0.00000 ( 1)
 156 E   0.99760 0.00240 0.00000 0.00000 ( 1)
 157 G   0.99334 0.00666 0.00000 0.00000 ( 1)
 158 L   0.99179 0.00821 0.00000 0.00000 ( 1)
 159 R   0.99434 0.00566 0.00000 0.00000 ( 1)
 160 V   0.99932 0.00068 0.00000 0.00000 ( 1)
 161 F   0.99373 0.00627 0.00000 0.00000 ( 1)
 162 D   0.99897 0.00103 0.00000 0.00000 ( 1)
 163 K   0.99551 0.00449 0.00000 0.00000 ( 1)
 164 E   0.99769 0.00231 0.00000 0.00000 ( 1)
 165 G   0.99489 0.00511 0.00000 0.00000 ( 1)
 166 N   0.99780 0.00220 0.00000 0.00000 ( 1)
 167 G   0.99489 0.00511 0.00000 0.00000 ( 1)
 168 T   0.99983 0.00017 0.00000 0.00000 ( 1)
 169 V   0.99891 0.00109 0.00000 0.00000 ( 1)
 170 M   0.99828 0.00172 0.00000 0.00000 ( 1)
 171 G   0.99334 0.00666 0.00000 0.00000 ( 1)
 172 A   0.99210 0.00790 0.00000 0.00000 ( 1)
 173 E   0.99769 0.00231 0.00000 0.00000 ( 1)
 174 L   0.99941 0.00059 0.00000 0.00000 ( 1)
 175 R   0.99433 0.00567 0.00000 0.00000 ( 1)
 176 H   0.99999 0.00001 0.00000 0.00000 ( 1)
 177 V   0.99976 0.00024 0.00000 0.00000 ( 1)
 178 L   0.98752 0.01248 0.00000 0.00000 ( 1)
 179 A   0.99280 0.00720 0.00000 0.00000 ( 1)
 180 T   0.99885 0.00115 0.00000 0.00000 ( 1)
 181 L   0.98818 0.01182 0.00000 0.00000 ( 1)


lnL = -1905.999301

Bayes Empirical Bayes (BEB) probabilities for 4 classes (class)
(amino acids refer to 1st sequence: Bacu)

   1 D   0.75005 0.20374 0.03569 0.01053 ( 1)
   2 Q   0.90256 0.04643 0.04843 0.00258 ( 1)
   3 A   0.00775 0.93626 0.00044 0.05556 ( 2)
   4 N   0.91192 0.03814 0.04785 0.00209 ( 1)
   5 H   0.61140 0.33897 0.03124 0.01839 ( 1)
   6 H   0.92341 0.02804 0.04704 0.00150 ( 1)
   7 S   0.46835 0.47894 0.02551 0.02720 ( 2)
   8 S   0.90859 0.04103 0.04811 0.00226 ( 1)
   9 S   0.47381 0.47350 0.02581 0.02689 ( 1)
  10 K   0.06071 0.88455 0.00332 0.05142 ( 2)
  11 N   0.89740 0.05102 0.04872 0.00285 ( 1)
  12 Q   0.52337 0.42458 0.02816 0.02389 ( 1)
  13 F   0.38388 0.56149 0.02178 0.03284 ( 2)
  14 D   0.91186 0.03803 0.04803 0.00208 ( 1)
  15 R   0.88946 0.05867 0.04858 0.00330 ( 1)
  16 F   0.44741 0.50242 0.02282 0.02735 ( 2)
  17 F   0.87495 0.07454 0.04640 0.00411 ( 1)
  18 R   0.56151 0.38940 0.02817 0.02091 ( 1)
  19 R   0.54302 0.41506 0.02253 0.01940 ( 1)
  20 L   0.09985 0.84875 0.00499 0.04642 ( 2)
  21 S   0.90229 0.05025 0.04481 0.00265 ( 1)
  22 F   0.01040 0.93797 0.00051 0.05112 ( 2)
  23 S   0.00000 0.86777 0.00000 0.13223 ( 2)
  24 F   0.21404 0.29145 0.45582 0.03869 ( 3)
  25 F   0.36850 0.57949 0.01956 0.03245 ( 2)
  26 -   0.80554 0.13844 0.04779 0.00823 ( 1)
  27 P   0.05867 0.88894 0.00300 0.04939 ( 2)
  28 I   0.77477 0.18487 0.03166 0.00870 ( 1)
  29 L   0.92652 0.02960 0.04239 0.00148 ( 1)
  30 L   0.05196 0.78086 0.07256 0.09462 ( 2)
  31 N   0.91955 0.03539 0.04325 0.00180 ( 1)
  32 T   0.00928 0.87920 0.00847 0.10306 ( 2)
  33 M   0.91164 0.04165 0.04453 0.00218 ( 1)
  34 A   0.85281 0.09438 0.04743 0.00537 ( 1)
  35 P   0.89128 0.05954 0.04596 0.00322 ( 1)
  36 K   0.88901 0.06153 0.04612 0.00334 ( 1)
  37 K   0.88901 0.06153 0.04612 0.00334 ( 1)
  38 D   0.92364 0.03107 0.04370 0.00159 ( 1)
  39 V   0.94570 0.01399 0.03964 0.00066 ( 1)
  40 K   0.88901 0.06153 0.04612 0.00334 ( 1)
  41 K   0.92473 0.03055 0.04317 0.00155 ( 1)
  42 P   0.47028 0.47660 0.02587 0.02725 ( 2)
  43 A   0.87059 0.07816 0.04690 0.00435 ( 1)
  44 A   0.88581 0.06452 0.04616 0.00351 ( 1)
  45 A   0.37544 0.57197 0.02024 0.03234 ( 2)
  46 A   0.36608 0.58131 0.01974 0.03288 ( 2)
  47 A   0.88324 0.06655 0.04655 0.00365 ( 1)
  48 P   0.88235 0.06755 0.04640 0.00370 ( 1)
  49 A   0.88990 0.06080 0.04600 0.00330 ( 1)
  50 P   0.87333 0.07482 0.04765 0.00420 ( 1)
  51 A   0.88513 0.06555 0.04576 0.00355 ( 1)
  52 P   0.86476 0.08307 0.04749 0.00469 ( 1)
  53 A   0.88167 0.06900 0.04558 0.00374 ( 1)
  54 P   0.89152 0.06324 0.04201 0.00323 ( 1)
  55 A   0.86817 0.07942 0.04792 0.00449 ( 1)
  56 P   0.89143 0.05892 0.04643 0.00321 ( 1)
  57 A   0.34425 0.60182 0.01915 0.03478 ( 2)
  58 P   0.85907 0.08874 0.04718 0.00501 ( 1)
  59 A   0.85170 0.09549 0.04737 0.00543 ( 1)
  60 P   0.86002 0.08779 0.04723 0.00495 ( 1)
  61 A   0.85186 0.09533 0.04738 0.00542 ( 1)
  62 P   0.85926 0.08856 0.04719 0.00500 ( 1)
  63 A   0.29771 0.65103 0.01538 0.03588 ( 2)
  64 P   0.88888 0.06194 0.04583 0.00335 ( 1)
  65 P   0.87742 0.07278 0.04583 0.00397 ( 1)
  66 K   0.91768 0.03757 0.04284 0.00191 ( 1)
  67 E   0.89733 0.05511 0.04464 0.00291 ( 1)
  68 K   0.00641 0.93892 0.00035 0.05432 ( 2)
  69 K   0.88059 0.06992 0.04569 0.00380 ( 1)
  70 I   0.91798 0.03731 0.04282 0.00189 ( 1)
  71 D   0.91390 0.04077 0.04324 0.00209 ( 1)
  72 L   0.91706 0.03810 0.04291 0.00194 ( 1)
  73 S   0.52350 0.42910 0.02503 0.02236 ( 1)
  74 A   0.88414 0.06654 0.04571 0.00361 ( 1)
  75 I   0.01573 0.93532 0.00071 0.04823 ( 2)
  76 E   0.47185 0.47894 0.02352 0.02568 ( 2)
  77 F   0.89823 0.05319 0.04572 0.00285 ( 1)
  78 K   0.89094 0.05960 0.04622 0.00324 ( 1)
  79 E   0.90623 0.04613 0.04520 0.00244 ( 1)
  80 A   0.85877 0.08844 0.04776 0.00503 ( 1)
  81 F   0.88076 0.06874 0.04671 0.00379 ( 1)
  82 L   0.92562 0.02957 0.04330 0.00150 ( 1)
  83 L   0.85788 0.08939 0.04765 0.00508 ( 1)
  84 Y   0.77562 0.17996 0.03537 0.00905 ( 1)
  85 D   0.92280 0.03191 0.04366 0.00163 ( 1)
  86 R   0.71928 0.23886 0.03038 0.01147 ( 1)
  87 Q   0.08742 0.86089 0.00440 0.04730 ( 2)
  88 G   0.88764 0.06248 0.04646 0.00341 ( 1)
  89 D   0.80796 0.15225 0.03267 0.00711 ( 1)
  90 N   0.00003 0.95081 0.00000 0.04916 ( 2)
  91 K   0.89094 0.05960 0.04622 0.00324 ( 1)
  92 I   0.95008 0.01064 0.03879 0.00050 ( 1)
  93 T   0.62179 0.33210 0.02908 0.01703 ( 1)
  94 L   0.88704 0.06313 0.04638 0.00345 ( 1)
  95 S   0.02106 0.93114 0.00092 0.04689 ( 2)
  96 Q   0.91431 0.03913 0.04452 0.00204 ( 1)
  97 V   0.92025 0.03407 0.04393 0.00175 ( 1)
  98 G   0.87811 0.07117 0.04678 0.00393 ( 1)
  99 D   0.95138 0.00975 0.03842 0.00045 ( 1)
 100 V   0.92888 0.02688 0.04288 0.00135 ( 1)
 101 L   0.93095 0.02520 0.04259 0.00126 ( 1)
 102 R   0.90642 0.04474 0.04641 0.00243 ( 1)
 103 A   0.87250 0.07625 0.04700 0.00425 ( 1)
 104 L   0.87134 0.07730 0.04705 0.00431 ( 1)
 105 G   0.88712 0.06300 0.04644 0.00344 ( 1)
 106 T   0.89534 0.05572 0.04593 0.00300 ( 1)
 107 N   0.90840 0.04422 0.04505 0.00233 ( 1)
 108 P   0.88768 0.06255 0.04636 0.00341 ( 1)
 109 T   0.92639 0.02892 0.04322 0.00147 ( 1)
 110 N   0.90840 0.04422 0.04505 0.00233 ( 1)
 111 A   0.85463 0.09257 0.04753 0.00527 ( 1)
 112 E   0.90623 0.04613 0.04520 0.00244 ( 1)
 113 V   0.92888 0.02688 0.04288 0.00135 ( 1)
 114 K   0.89113 0.05942 0.04623 0.00323 ( 1)
 115 E   0.00000 0.94714 0.00000 0.05286 ( 2)
 116 V   0.92491 0.02943 0.04415 0.00151 ( 1)
 117 L   0.37906 0.56804 0.02060 0.03229 ( 2)
 118 G   0.93465 0.02222 0.04203 0.00110 ( 1)
 119 N   0.59982 0.35365 0.02828 0.01825 ( 1)
 120 P   0.88768 0.06255 0.04636 0.00341 ( 1)
 121 S   0.93532 0.02160 0.04202 0.00107 ( 1)
 122 N   0.08277 0.86662 0.00402 0.04659 ( 2)
 123 E   0.90739 0.04509 0.04513 0.00238 ( 1)
 124 E   0.90626 0.04610 0.04520 0.00244 ( 1)
 125 M   0.91339 0.03990 0.04462 0.00208 ( 1)
 126 N   0.90840 0.04422 0.04505 0.00233 ( 1)
 127 V   0.45732 0.49195 0.02369 0.02704 ( 2)
 128 K   0.89094 0.05960 0.04622 0.00324 ( 1)
 129 K   0.92627 0.02902 0.04324 0.00147 ( 1)
 130 I   0.92646 0.02887 0.04321 0.00146 ( 1)
 131 E   0.90492 0.04615 0.04643 0.00251 ( 1)
 132 F   0.88076 0.06874 0.04671 0.00379 ( 1)
 133 E   0.50985 0.44110 0.02542 0.02364 ( 1)
 134 Q   0.92625 0.02910 0.04317 0.00147 ( 1)
 135 F   0.88076 0.06874 0.04671 0.00379 ( 1)
 136 L   0.87134 0.07730 0.04705 0.00431 ( 1)
 137 P   0.88768 0.06255 0.04636 0.00341 ( 1)
 138 M   0.91339 0.03990 0.04462 0.00208 ( 1)
 139 L   0.12162 0.82841 0.00584 0.04413 ( 2)
 140 Q   0.92660 0.02875 0.04319 0.00146 ( 1)
 141 S   0.54034 0.41233 0.02584 0.02148 ( 1)
 142 I   0.92646 0.02887 0.04321 0.00146 ( 1)
 143 S   0.90778 0.04478 0.04508 0.00236 ( 1)
 144 N   0.92439 0.03058 0.04348 0.00156 ( 1)
 145 K   0.60339 0.35010 0.02845 0.01806 ( 1)
 146 K   0.89094 0.05960 0.04622 0.00324 ( 1)
 147 D   0.92280 0.03191 0.04366 0.00163 ( 1)
 148 Q   0.91431 0.03913 0.04452 0.00204 ( 1)
 149 G   0.88663 0.06349 0.04641 0.00347 ( 1)
 150 T   0.94118 0.01420 0.04389 0.00072 ( 1)
 151 Y   0.93290 0.02346 0.04247 0.00117 ( 1)
 152 E   0.90739 0.04509 0.04513 0.00238 ( 1)
 153 D   0.92280 0.03191 0.04366 0.00163 ( 1)
 154 F   0.88077 0.06874 0.04671 0.00379 ( 1)
 155 V   0.92025 0.03407 0.04393 0.00175 ( 1)
 156 E   0.90626 0.04610 0.04520 0.00244 ( 1)
 157 G   0.87811 0.07117 0.04678 0.00393 ( 1)
 158 L   0.87134 0.07730 0.04705 0.00431 ( 1)
 159 R   0.88315 0.06663 0.04657 0.00366 ( 1)
 160 V   0.92888 0.02688 0.04288 0.00135 ( 1)
 161 F   0.88218 0.06733 0.04678 0.00371 ( 1)
 162 D   0.92280 0.03191 0.04366 0.00163 ( 1)
 163 K   0.89094 0.05960 0.04622 0.00324 ( 1)
 164 E   0.90739 0.04509 0.04513 0.00238 ( 1)
 165 G   0.88663 0.06349 0.04641 0.00347 ( 1)
 166 N   0.90840 0.04422 0.04505 0.00233 ( 1)
 167 G   0.88663 0.06349 0.04641 0.00347 ( 1)
 168 T   0.94130 0.01409 0.04390 0.00071 ( 1)
 169 V   0.92152 0.03280 0.04399 0.00169 ( 1)
 170 M   0.91339 0.03990 0.04462 0.00208 ( 1)
 171 G   0.87811 0.07117 0.04678 0.00393 ( 1)
 172 A   0.87250 0.07625 0.04700 0.00425 ( 1)
 173 E   0.90739 0.04509 0.04513 0.00238 ( 1)
 174 L   0.93089 0.02526 0.04259 0.00126 ( 1)
 175 R   0.88308 0.06670 0.04656 0.00366 ( 1)
 176 H   0.96055 0.00425 0.03501 0.00019 ( 1)
 177 V   0.94291 0.01696 0.03933 0.00080 ( 1)
 178 L   0.85539 0.09187 0.04752 0.00522 ( 1)
 179 A   0.87552 0.07324 0.04716 0.00408 ( 1)
 180 T   0.91734 0.03379 0.04704 0.00182 ( 1)
 181 L   0.85749 0.08977 0.04763 0.00510 ( 1)

