Supplemental results for CODEML (seqf: /home/leticiamagpali/phd/evol_models/codeml/small_dataset/cml_align/MYL1_codon_aligned.phy  treef: /home/leticiamagpali/phd/evol_models/codeml/small_dataset/cml_trees/gene_trees/H2_gene_trees/MYL1_codon_H2.tre)

I	J	ij	2Ns_IJ	pMut_IJ	pSub_IJ	2Ns_JI	pMut_JI	pSub_JI

TTC	TTT	CT	1.10917	0.07225	0.11958	-1.10917	0.21905	0.11958
TTA	TTT	AT	2.56699	0.02008	0.05583	-2.56699	0.26157	0.05583
TTA	TTC	AC	1.45782	0.02357	0.04479	-1.45782	0.10129	0.04479
TTG	TTT	GT	2.33199	0.00463	0.01197	-2.33199	0.04772	0.01197
TTG	TTC	GC	1.22283	0.00544	0.00943	-1.22283	0.01848	0.00943
TTG	TTA	GA	-0.23500	0.02144	0.01902	0.23500	0.01695	0.01902
TCT	TTT	CT	1.10917	0.07225	0.11958	-1.10917	0.21905	0.11958
TCC	TTC	CT	0.03295	0.08207	0.08343	-0.03295	0.08482	0.08343
TCC	TCT	CT	0.03295	0.08207	0.08343	-0.03295	0.08482	0.08343
TCA	TTA	CT	1.22127	0.01263	0.02187	-1.22127	0.04282	0.02187
TCA	TCT	AT	2.67909	0.00695	0.01999	-2.67909	0.10129	0.01999
TCA	TCC	AC	2.64614	0.00816	0.02324	-2.64614	0.11505	0.02324
TCG	TTG	CT	7.83495	0.00000	0.00000	-7.83495	0.00988	0.00003
TCG	TCT	GT	9.05777	0.00000	0.00000	-9.05777	0.01848	0.00002
TCG	TCC	GC	9.02482	0.00000	0.00000	-9.02482	0.02099	0.00002
TCG	TCA	GA	6.37868	0.00000	0.00000	-6.37868	0.00587	0.00006
TAT	TTT	AT	2.28412	0.02664	0.06776	-2.28412	0.26157	0.06776
TAT	TCT	AC	1.17496	0.03128	0.05318	-1.17496	0.10129	0.05318
TAC	TTC	AT	5.56946	0.00039	0.00216	-5.56946	0.10129	0.00216
TAC	TCC	AC	5.53651	0.00045	0.00252	-5.53651	0.11505	0.00252
TAC	TAT	CT	4.39451	0.00070	0.00312	-4.39451	0.05682	0.00312
TGT	TTT	GT	10.00654	0.00000	0.00000	-10.00654	0.04772	0.00002
TGT	TCT	GC	8.89737	0.00000	0.00000	-8.89737	0.01848	0.00002
TGT	TAT	GA	7.72242	0.00000	0.00000	-7.72242	0.02249	0.00008
TGC	TTC	GT	1.16008	0.00579	0.00979	-1.16008	0.01848	0.00979
TGC	TCC	GC	1.12713	0.00680	0.01134	-1.12713	0.02099	0.01134
TGC	TAC	GA	-4.40938	0.02679	0.00145	4.40938	0.00033	0.00145
TGC	TGT	CT	-7.73729	0.01052	0.00004	7.73729	0.00000	0.00000
TGG	TTG	GT	0.10887	0.00193	0.00204	-0.10887	0.00215	0.00204
TGG	TCG	GC	-7.72608	0.00227	0.00001	7.72608	0.00000	0.00000
TGG	TGT	GT	-7.56568	0.00193	0.00001	7.56568	0.00000	0.00000
TGG	TGC	GC	0.17162	0.00227	0.00247	-0.17162	0.00269	0.00247
CTT	TTT	CT	1.13872	0.07014	0.11750	-1.13872	0.21905	0.11750
CTC	TTC	CT	0.71759	0.04139	0.05800	-0.71759	0.08482	0.05800
CTC	CTT	CT	0.68803	0.04139	0.05724	-0.68803	0.08235	0.05724
CTA	TTA	CT	-0.31917	0.05892	0.05002	0.31917	0.04282	0.05002
CTA	CTT	AT	1.10909	0.03244	0.05368	-1.10909	0.09834	0.05368
CTA	CTC	AC	0.42106	0.03808	0.04666	-0.42106	0.05802	0.04666
CTG	TTG	CT	-2.34513	0.10311	0.02563	2.34513	0.00988	0.02563
CTG	CTT	GT	-1.15186	0.05676	0.03021	1.15186	0.01794	0.03021
CTG	CTC	GC	-1.83989	0.06664	0.02315	1.83989	0.01058	0.02315
CTG	CTA	GA	-2.26095	0.26258	0.06910	2.26095	0.02737	0.06910
CCT	TCT	CT	-0.48299	0.13748	0.10694	0.48299	0.08482	0.10694
CCT	CTT	CT	-0.51255	0.13748	0.10525	0.51255	0.08235	0.10525
CCC	TCC	CT	0.03222	0.09329	0.09480	-0.03222	0.09635	0.09480
CCC	CTC	CT	-0.65241	0.09329	0.06615	0.65241	0.04859	0.06615
CCC	CCT	CT	0.54816	0.09329	0.12119	-0.54816	0.16140	0.12119
CCA	TCA	CT	-1.67662	0.07926	0.03057	1.67662	0.01482	0.03057
CCA	CTA	CT	-0.13617	0.07926	0.07399	0.13617	0.06917	0.07399
CCA	CCT	AT	1.48546	0.04364	0.08379	-1.48546	0.19274	0.08379
CCA	CCC	AC	0.93730	0.05123	0.07893	-0.93730	0.13079	0.07893
CCG	TCG	CT	-8.24812	0.01754	0.00004	8.24812	0.00000	0.00000
CCG	CTG	CT	1.93196	0.01754	0.03962	-1.93196	0.12105	0.03962
CCG	CCT	GT	1.29264	0.00965	0.01720	-1.29264	0.03516	0.01720
CCG	CCC	GC	0.74448	0.01133	0.01607	-0.74448	0.02386	0.01607
CCG	CCA	GA	-0.19282	0.04466	0.04049	0.19282	0.03683	0.04049
CAT	TAT	CT	0.54436	0.03297	0.04275	-0.54436	0.05682	0.04275
CAT	CTT	AT	1.68976	0.01815	0.03761	-1.68976	0.09834	0.03761
CAT	CCT	AC	2.20230	0.02131	0.05276	-2.20230	0.19274	0.05276
CAC	TAC	CT	-4.01399	0.04559	0.00337	4.01399	0.00082	0.00337
CAC	CTC	AT	0.83788	0.02510	0.03707	-0.83788	0.05802	0.03707
CAC	CCC	AC	1.49030	0.02947	0.05669	-1.49030	0.13079	0.05669
CAC	CAT	CT	-0.16384	0.04559	0.04196	0.16384	0.03870	0.04196
CAA	CTA	AT	1.02175	0.02973	0.04747	-1.02175	0.08260	0.04747
CAA	CCA	AC	1.15792	0.03491	0.05893	-1.15792	0.11112	0.05893
CAA	CAT	AT	0.44108	0.02973	0.03677	-0.44108	0.04622	0.03677
CAA	CAC	AC	0.60492	0.03491	0.04652	-0.60492	0.06392	0.04652
CAG	CTG	AT	1.17158	0.04479	0.07604	-1.17158	0.14455	0.07604
CAG	CCG	AC	-0.76038	0.05259	0.03510	0.76038	0.02458	0.03510
CAG	CAT	GT	-1.67004	0.04479	0.01735	1.67004	0.00843	0.01735
CAG	CAC	GC	-1.50620	0.05259	0.02257	1.50620	0.01166	0.02257
CAG	CAA	GA	-2.11112	0.20721	0.06027	2.11112	0.02509	0.06027
CGT	TGT	CT	-9.05460	0.03928	0.00004	9.05460	0.00000	0.00000
CGT	CTT	GT	-0.18678	0.02162	0.01967	0.18678	0.01794	0.01967
CGT	CCT	GC	0.32577	0.02539	0.02975	-0.32577	0.03516	0.02975
CGT	CAT	GA	-1.87654	0.10003	0.03394	1.87654	0.01532	0.03394
CGC	TGC	CT	8.05809	0.00000	0.00000	-8.05809	0.01235	0.00003
CGC	CTC	GT	8.50058	0.00000	0.00000	-8.50058	0.01058	0.00002
CGC	CCC	GC	9.15299	0.00000	0.00000	-9.15299	0.02386	0.00002
CGC	CAC	GA	7.66270	0.00000	0.00000	-7.66270	0.02118	0.00008
CGC	CGT	CT	9.37539	0.00000	0.00000	-9.37539	0.04612	0.00004
CGA	CTA	GT	2.05478	0.00193	0.00455	-2.05478	0.01507	0.00455
CGA	CCA	GC	2.19095	0.00227	0.00559	-2.19095	0.02027	0.00559
CGA	CAA	GA	1.03303	0.00893	0.01432	-1.03303	0.02509	0.01432
CGA	CGT	AT	3.35065	0.00193	0.00670	-3.35065	0.05507	0.00670
CGA	CGC	AC	-6.02474	0.00227	0.00003	6.02474	0.00000	0.00000
CGG	TGG	CT	-1.59746	0.02034	0.00825	1.59746	0.00412	0.00825
CGG	CTG	GT	0.85654	0.01120	0.01667	-0.85654	0.02637	0.01667
CGG	CCG	GC	-1.07542	0.01315	0.00732	1.07542	0.00449	0.00732
CGG	CAG	GA	-0.31504	0.05180	0.04407	0.31504	0.03780	0.04407
CGG	CGT	GT	-0.10854	0.01120	0.01060	0.10854	0.01005	0.01060
CGG	CGC	GC	-9.48393	0.01315	0.00001	9.48393	0.00000	0.00000
CGG	CGA	GA	-3.45919	0.05180	0.00582	3.45919	0.00163	0.00582
ATT	TTT	AT	1.86427	0.04055	0.08946	-1.86427	0.26157	0.08946
ATT	CTT	AC	0.72555	0.04760	0.06694	-0.72555	0.09834	0.06694
ATC	TTC	AT	1.34996	0.02626	0.04785	-1.34996	0.10129	0.04785
ATC	CTC	AC	0.63237	0.03083	0.04159	-0.63237	0.05802	0.04159
ATC	ATT	CT	0.59485	0.04770	0.06328	-0.59485	0.08647	0.06328
ATA	TTA	AT	2.40107	0.00463	0.01223	-2.40107	0.05113	0.01223
ATA	CTA	AC	2.72025	0.00544	0.01584	-2.72025	0.08260	0.01584
ATA	ATT	AT	3.10379	0.00463	0.01506	-3.10379	0.10325	0.01506
ATA	ATC	AC	2.50894	0.00544	0.01486	-2.50894	0.06687	0.01486
ATG	TTG	AT	-1.71026	0.06526	0.02464	1.71026	0.01180	0.02464
ATG	CTG	AC	0.63487	0.07661	0.10349	-0.63487	0.14455	0.10349
ATG	ATT	GT	-1.24254	0.06526	0.03290	1.24254	0.01884	0.03290
ATG	ATC	GC	-1.83739	0.07661	0.02666	1.83739	0.01220	0.02666
ATG	ATA	GA	-4.34632	0.30188	0.01722	4.34632	0.00391	0.01722
ACT	TCT	AT	5.56946	0.00039	0.00216	-5.56946	0.10129	0.00216
ACT	CCT	AC	6.05245	0.00045	0.00275	-6.05245	0.19274	0.00275
ACT	ATT	CT	4.81436	0.00070	0.00340	-4.81436	0.08647	0.00340
ACC	TCC	AT	0.98738	0.04286	0.06745	-0.98738	0.11505	0.06745
ACC	CCC	AC	0.95516	0.05032	0.07812	-0.95516	0.13079	0.07812
ACC	ATC	CT	-0.32962	0.07786	0.06573	0.32962	0.05600	0.06573
ACC	ACT	CT	-4.54913	0.07786	0.00379	4.54913	0.00082	0.00379
ACA	TCA	AT	-0.73924	0.03707	0.02504	0.73924	0.01770	0.02504
ACA	CCA	AC	0.93738	0.04352	0.06706	-0.93738	0.11112	0.06706
ACA	ATA	CT	-1.91904	0.06734	0.02223	1.91904	0.00988	0.02223
ACA	ACT	AT	-3.62961	0.03707	0.00367	3.62961	0.00098	0.00367
ACA	ACC	AC	0.91952	0.04352	0.06655	-0.91952	0.10915	0.06655
ACG	TCG	AT	-5.64120	0.00154	0.00003	5.64120	0.00000	0.00000
ACG	CCG	AC	2.60692	0.00181	0.00510	-2.60692	0.02458	0.00510
ACG	ATG	CT	3.90400	0.00281	0.01118	-3.90400	0.13917	0.01118
ACG	ACT	GT	-2.15289	0.00154	0.00044	2.15289	0.00018	0.00044
ACG	ACC	GC	2.39624	0.00181	0.00478	-2.39624	0.01991	0.00478
ACG	ACA	GA	1.47672	0.00715	0.01367	-1.47672	0.03129	0.01367
AAT	TAT	AT	-0.05691	0.07182	0.06980	0.05691	0.06785	0.06980
AAT	CAT	AC	-0.60126	0.08432	0.06150	0.60126	0.04622	0.06150
AAT	ATT	AT	0.36295	0.07182	0.08565	-0.36295	0.10325	0.08565
AAT	ACT	AC	-4.45141	0.08432	0.00443	4.45141	0.00098	0.00443
AAC	TAC	AT	-4.21856	0.06680	0.00421	4.21856	0.00098	0.00421
AAC	CAC	AC	-0.20457	0.07843	0.07068	0.20457	0.06392	0.07068
AAC	ATC	AT	0.00095	0.06680	0.06684	-0.00095	0.06687	0.06684
AAC	ACC	AC	0.33057	0.07843	0.09210	-0.33057	0.10915	0.09210
AAC	AAT	CT	0.23285	0.12135	0.13603	-0.23285	0.15317	0.13603
AAA	CAA	AC	0.23534	0.05984	0.06716	-0.23534	0.07572	0.06716
AAA	ATA	AT	-1.46316	0.05097	0.02247	1.46316	0.01180	0.02247
AAA	ACA	AC	0.45588	0.05984	0.07451	-0.45588	0.09440	0.07451
AAA	AAT	AT	1.27768	0.05097	0.09029	-1.27768	0.18290	0.09029
AAA	AAC	AC	1.04483	0.05984	0.09645	-1.04483	0.17012	0.09645
AAG	CAG	AC	-0.24039	0.14507	0.12833	0.24039	0.11407	0.12833
AAG	ATG	AT	0.29631	0.12357	0.14278	-0.29631	0.16619	0.14278
AAG	ACG	AC	-3.60769	0.14507	0.01459	3.60769	0.00393	0.01459
AAG	AAT	GT	-1.30917	0.12357	0.05985	1.30917	0.03337	0.05985
AAG	AAC	GC	-1.54203	0.14507	0.06089	1.54203	0.03104	0.06089
AAG	AAA	GA	-2.58685	0.57160	0.12033	2.58685	0.04302	0.12033
AGT	TGT	AT	0.93473	0.00000	0.00000	-0.93473	0.00000	0.00000
AGT	CGT	AC	9.98933	0.00000	0.00000	-9.98933	0.05507	0.00003
AGT	ATT	GT	9.07700	0.00000	0.00000	-9.07700	0.01884	0.00002
AGT	ACT	GC	4.26265	0.00000	0.00000	-4.26265	0.00018	0.00001
AGT	AAT	GA	8.71406	0.00000	0.00000	-8.71406	0.06061	0.00009
AGC	TGC	AT	-0.41766	0.02240	0.01804	0.41766	0.01475	0.01804
AGC	CGC	AC	-8.47575	0.02629	0.00005	8.47575	0.00000	0.00000
AGC	ATC	GT	-0.60753	0.02240	0.01628	0.60753	0.01220	0.01628
AGC	ACC	GC	-0.27791	0.02629	0.02281	0.27791	0.01991	0.02281
AGC	AAC	GA	-0.60848	0.10360	0.07526	0.60848	0.05638	0.07526
AGC	AGT	CT	-9.08969	0.04068	0.00004	9.08969	0.00000	0.00000
AGA	CGA	AC	-1.19974	0.01632	0.00844	1.19974	0.00492	0.00844
AGA	ATA	GT	-1.86521	0.01390	0.00475	1.86521	0.00215	0.00475
AGA	ACA	GC	0.05383	0.01632	0.01676	-0.05383	0.01722	0.01676
AGA	AAA	GA	-0.40205	0.06431	0.05224	0.40205	0.04302	0.05224
AGA	AGT	AT	-7.83843	0.01390	0.00004	7.83843	0.00000	0.00000
AGA	AGC	AC	1.25126	0.01632	0.02861	-1.25126	0.05703	0.02861
AGG	TGG	AT	-1.74629	0.02819	0.01040	1.74629	0.00492	0.01040
AGG	CGG	AC	-0.14883	0.03309	0.03069	0.14883	0.02852	0.03069
AGG	ATG	GT	0.07284	0.02819	0.02923	-0.07284	0.03032	0.02923
AGG	ACG	GC	-3.83116	0.03309	0.00281	3.83116	0.00072	0.00281
AGG	AAG	GA	-0.22347	0.13040	0.11637	0.22347	0.10428	0.11637
AGG	AGT	GT	-10.24670	0.02819	0.00001	10.24670	0.00000	0.00000
AGG	AGC	GC	-1.15701	0.03309	0.01756	1.15701	0.01041	0.01756
AGG	AGA	GA	-2.40827	0.13040	0.03105	2.40827	0.01173	0.03105
GTT	TTT	GT	0.07197	0.04441	0.04602	-0.07197	0.04772	0.04602
GTT	CTT	GC	-1.06676	0.05213	0.02918	1.06676	0.01794	0.02918
GTT	ATT	GA	-1.79230	0.20542	0.07359	1.79230	0.03422	0.07359
GTC	TTC	GT	-0.58622	0.03321	0.02442	0.58622	0.01848	0.02442
GTC	CTC	GC	-1.30381	0.03899	0.01894	1.30381	0.01058	0.01894
GTC	ATC	GA	-1.93617	0.15362	0.05014	1.93617	0.02216	0.05014
GTC	GTT	CT	0.45098	0.06032	0.07495	-0.45098	0.09470	0.07495
GTA	TTA	GT	0.04915	0.00888	0.00910	-0.04915	0.00933	0.00910
GTA	CTA	GC	0.36833	0.01043	0.01246	-0.36833	0.01507	0.01246
GTA	ATA	GA	-2.35192	0.04108	0.01017	2.35192	0.00391	0.01017
GTA	GTT	AT	2.54417	0.00888	0.02452	-2.54417	0.11309	0.02452
GTA	GTC	AC	2.09319	0.01043	0.02489	-2.09319	0.08457	0.02489
GTG	TTG	GT	-2.50120	0.02626	0.00587	2.50120	0.00215	0.00587
GTG	CTG	GC	-0.15607	0.03083	0.02848	0.15607	0.02637	0.02848
GTG	ATG	GA	-0.79094	0.12147	0.07970	0.79094	0.05507	0.07970
GTG	GTT	GT	-0.24117	0.02626	0.02322	0.24117	0.02063	0.02322
GTG	GTC	GC	-0.69216	0.03083	0.02138	0.69216	0.01543	0.02138
GTG	GTA	GA	-2.78535	0.12147	0.02225	2.78535	0.00750	0.02225
GCT	TCT	GT	-1.33588	0.07028	0.03349	1.33588	0.01848	0.03349
GCT	CCT	GC	-0.85289	0.08251	0.05226	0.85289	0.03516	0.05226
GCT	ACT	GA	-6.90534	0.32510	0.00225	6.90534	0.00033	0.00225
GCT	GTT	CT	-0.29868	0.12766	0.10955	0.29868	0.09470	0.10955
GCC	TCC	GT	-1.43815	0.08843	0.03958	1.43815	0.02099	0.03958
GCC	CCC	GC	-1.47037	0.10381	0.04555	1.47037	0.02386	0.04555
GCC	ACC	GA	-2.42552	0.40905	0.09625	2.42552	0.03617	0.09625
GCC	GTC	CT	-0.81898	0.16063	0.10373	0.81898	0.07082	0.10373
GCC	GCT	CT	-0.06932	0.16063	0.15513	0.06932	0.14987	0.15513
GCA	TCA	GT	-3.27439	0.08534	0.01099	3.27439	0.00323	0.01099
GCA	CCA	GC	-1.59777	0.10019	0.04061	1.59777	0.02027	0.04061
GCA	ACA	GA	-2.53515	0.39476	0.08614	2.53515	0.03129	0.08614
GCA	GTA	CT	-2.10227	0.15502	0.04536	2.10227	0.01894	0.04536
GCA	GCT	AT	0.74058	0.08534	0.12081	-0.74058	0.17897	0.12081
GCA	GCC	AC	0.80990	0.10019	0.14618	-0.80990	0.22519	0.14618
GCG	TCG	GT	-9.71744	0.01660	0.00001	9.71744	0.00000	0.00000
GCG	CCG	GC	-1.46932	0.01949	0.00856	1.46932	0.00449	0.00856
GCG	ACG	GA	-4.07624	0.07681	0.00541	4.07624	0.00130	0.00541
GCG	GTG	CT	0.61871	0.03016	0.04045	-0.61871	0.05600	0.04045
GCG	GCT	GT	0.67621	0.01660	0.02285	-0.67621	0.03265	0.02285
GCG	GCC	GC	0.74553	0.01949	0.02765	-0.74553	0.04108	0.02765
GCG	GCA	GA	-0.06437	0.07681	0.07436	0.06437	0.07202	0.07436
GAT	TAT	GT	-0.95133	0.03205	0.01919	0.95133	0.01238	0.01919
GAT	CAT	GC	-1.49569	0.03763	0.01625	1.49569	0.00843	0.01625
GAT	AAT	GA	-0.89443	0.14826	0.09171	0.89443	0.06061	0.09171
GAT	GTT	AT	1.26083	0.03205	0.05639	-1.26083	0.11309	0.05639
GAT	GCT	AC	1.55950	0.03763	0.07430	-1.55950	0.17897	0.07430
GAC	TAC	GT	-6.07487	0.07800	0.00109	6.07487	0.00018	0.00109
GAC	CAC	GC	-2.06088	0.09157	0.02754	2.06088	0.01166	0.02754
GAC	AAC	GA	-1.85631	0.36083	0.12404	1.85631	0.05638	0.12404
GAC	GTC	AT	0.08081	0.07800	0.08120	-0.08081	0.08457	0.08120
GAC	GCC	AC	0.89979	0.09157	0.13887	-0.89979	0.22519	0.13887
GAC	GAT	CT	-0.72903	0.14169	0.09626	0.72903	0.06835	0.09626
GAA	CAA	GC	-2.25307	0.13147	0.03478	2.25307	0.01381	0.03478
GAA	AAA	GA	-2.48841	0.51802	0.11674	2.48841	0.04302	0.11674
GAA	GTA	AT	-1.59965	0.11199	0.04534	1.59965	0.02262	0.04534
GAA	GCA	AC	0.50262	0.13147	0.16726	-0.50262	0.21732	0.16726
GAA	GAT	AT	-0.31631	0.11199	0.09521	0.31631	0.08162	0.09521
GAA	GAC	AC	0.41272	0.13147	0.16046	-0.41272	0.19864	0.16046
GAG	CAG	GC	-1.24231	0.07208	0.03635	1.24231	0.02081	0.03635
GAG	AAG	GA	-1.00192	0.28402	0.16511	1.00192	0.10428	0.16511
GAG	GTG	AT	0.08534	0.06140	0.06406	-0.08534	0.06687	0.06406
GAG	GCG	AC	-0.53337	0.07208	0.05456	0.53337	0.04228	0.05456
GAG	GAT	GT	-1.41666	0.06140	0.02785	1.41666	0.01489	0.02785
GAG	GAC	GC	-0.68763	0.07208	0.05012	0.68763	0.03624	0.05012
GAG	GAA	GA	-1.10036	0.28402	0.15585	1.10036	0.09451	0.15585
GGT	TGT	GT	-10.83144	0.05059	0.00001	10.83144	0.00000	0.00000
GGT	CGT	GC	-1.77684	0.05939	0.02149	1.77684	0.01005	0.02149
GGT	AGT	GA	-11.76617	0.23400	0.00002	11.76617	0.00000	0.00000
GGT	GTT	GT	-0.89686	0.05059	0.03125	0.89686	0.02063	0.03125
GGT	GCT	GC	-0.59819	0.05939	0.04339	0.59819	0.03265	0.04339
GGT	GAT	GA	-2.15769	0.23400	0.06599	2.15769	0.02705	0.06599
GGC	TGC	GT	-3.09550	0.05947	0.00873	3.09550	0.00269	0.00873
GGC	CGC	GC	-11.15359	0.06981	0.00001	11.15359	0.00000	0.00000
GGC	AGC	GA	-2.67784	0.27508	0.05435	2.67784	0.01890	0.05435
GGC	GTC	GT	-1.34920	0.05947	0.02811	1.34920	0.01543	0.02811
GGC	GCC	GC	-0.53023	0.06981	0.05293	0.53023	0.04108	0.05293
GGC	GAC	GA	-1.43002	0.27508	0.12375	1.43002	0.06583	0.12375
GGC	GGT	CT	-0.00136	0.10802	0.10795	0.00136	0.10788	0.10795
GGA	CGA	GC	-2.64976	0.01269	0.00256	2.64976	0.00090	0.00256
GGA	AGA	GA	-1.45002	0.05002	0.02222	1.45002	0.01173	0.02222
GGA	GTA	GT	-0.96331	0.01081	0.00643	0.96331	0.00413	0.00643
GGA	GCA	GC	1.13896	0.01269	0.02127	-1.13896	0.03965	0.02127
GGA	GAA	GA	0.63634	0.05002	0.06761	-0.63634	0.09451	0.06761
GGA	GGT	AT	2.47773	0.01081	0.02924	-2.47773	0.12882	0.02924
GGA	GGC	AC	2.47908	0.01269	0.03435	-2.47908	0.15144	0.03435
GGG	TGG	GT	-0.25577	0.00116	0.00102	0.25577	0.00090	0.00102
GGG	CGG	GC	1.34169	0.00136	0.00247	-1.34169	0.00520	0.00247
GGG	AGG	GA	1.49051	0.00536	0.01031	-1.49051	0.02379	0.01031
GGG	GTG	GT	2.35430	0.00116	0.00301	-2.35430	0.01220	0.00301
GGG	GCG	GC	1.73559	0.00136	0.00287	-1.73559	0.00771	0.00287
GGG	GAG	GA	2.26896	0.00536	0.01356	-2.26896	0.05182	0.01356
GGG	GGT	GT	3.00999	0.00116	0.00367	-3.00999	0.02350	0.00367
GGG	GGC	GC	3.01134	0.00136	0.00431	-3.01134	0.02763	0.00431
GGG	GGA	GA	0.53226	0.00536	0.00691	-0.53226	0.00912	0.00691


Histograms
2Ns	FMut	FSub(CodonUsage)	FSubw(after w)

-11.20588	0.01160	0.00000
-10.08529	0.00483	0.00000
-8.96470	0.01104	0.00002
-7.84411	0.00367	0.00002
-6.72353	0.01083	0.00011
-5.60294	0.01938	0.00051
-4.48235	0.02695	0.00220
-3.36176	0.02489	0.00415
-2.24118	0.23481	0.08937
-1.12059	0.28171	0.22969
0.00000	0.24408	0.34790
1.12059	0.10010	0.22969
2.24118	0.02488	0.08937
3.36176	0.00082	0.00415
4.48235	0.00035	0.00220
5.60294	0.00006	0.00051
6.72353	0.00001	0.00011
7.84411	0.00000	0.00000
8.96470	0.00000	0.00000
10.08529	0.00000	0.00000
11.20588	0.00000	0.00000

Proportion of advantageous (S > 0) mutations:
 0.23179

Proportions of good & bad mutations (|S| > 2.0000) among mutations:
0.01737  0.29282

mean |Ns| = 1.76812	mean Ns+ = 0.80115	mean Ns- = -2.05988


MLEs of dN/dS (w) for site classes (K=4)

site class             0        1       2a       2b
proportion       0.26429  0.05880  0.55373  0.12318
background w     0.10399  2.40197  0.10399  2.40197
foreground w     0.10399  2.40197  0.00000  0.00000

Naive Empirical Bayes (NEB) probabilities for 4 classes
(amino acids refer to 1st sequence: Naasi)

   1 M   0.29390 0.02422 0.62079 0.06109 ( 3)
   2 H   0.30972 0.00691 0.66115 0.02223 ( 3)
   3 A   0.28843 0.03037 0.60801 0.07319 ( 3)
   4 L   0.30061 0.01691 0.63683 0.04565 ( 3)
   5 I   0.23230 0.05606 0.49938 0.21226 ( 3)
   6 P   0.09563 0.20250 0.20181 0.50005 ( 4)
   7 F   0.08526 0.21491 0.17976 0.52007 ( 4)
   8 N   0.29204 0.02579 0.61694 0.06522 ( 3)
   9 A   0.28550 0.03331 0.60161 0.07958 ( 3)
  10 L   0.28669 0.03207 0.60425 0.07699 ( 3)
  11 G   0.28087 0.03884 0.59088 0.08941 ( 3)
  12 P   0.00592 0.28245 0.01250 0.69913 ( 4)
  13 P   0.28788 0.03086 0.60687 0.07438 ( 3)
  14 S   0.30750 0.00930 0.65484 0.02836 ( 3)
  15 R   0.30088 0.01649 0.63766 0.04497 ( 3)
  16 H   0.30405 0.01304 0.64568 0.03723 ( 3)
  17 Q   0.01118 0.27281 0.02361 0.69241 ( 4)
  18 S   0.30092 0.01707 0.63689 0.04513 ( 3)
  19 V   0.30513 0.01321 0.64622 0.03545 ( 3)
  20 D   0.31304 0.00464 0.66767 0.01465 ( 3)
  21 Q   0.30411 0.01428 0.64373 0.03787 ( 3)
  22 A   0.12335 0.17436 0.26059 0.44170 ( 4)
  23 N   0.30591 0.01236 0.64821 0.03352 ( 3)
  24 H   0.17477 0.11778 0.37113 0.33632 ( 3)
  25 H   0.30866 0.00825 0.65764 0.02544 ( 3)
  26 S   0.12272 0.16830 0.25985 0.44912 ( 4)
  27 S   0.30361 0.01373 0.64419 0.03846 ( 3)
  28 S   0.42328 0.57671 0.00001 0.00000 ( 2)
  29 K   0.29627 0.02173 0.62626 0.05574 ( 3)
  30 N   0.29935 0.01836 0.63365 0.04865 ( 3)
  31 Q   0.30382 0.01350 0.64475 0.03793 ( 3)
  32 F   0.29388 0.02438 0.62060 0.06114 ( 3)
  33 D   0.30606 0.01107 0.65058 0.03229 ( 3)
  34 R   0.29701 0.02019 0.62889 0.05390 ( 3)
  35 F   0.12936 0.14870 0.27532 0.44662 ( 4)
  36 F   0.29372 0.02273 0.62224 0.06130 ( 3)
  37 R   0.29959 0.01607 0.63706 0.04728 ( 3)
  38 R   0.11783 0.09915 0.25710 0.52592 ( 4)
  39 F   0.13333 0.14559 0.28379 0.43729 ( 4)
  40 S   0.29956 0.01610 0.63698 0.04736 ( 3)
  41 F   0.00153 0.99847 0.00000 0.00000 ( 2)
  42 F   0.00120 0.99879 0.00000 0.00002 ( 2)
  43 F   0.29238 0.02387 0.61938 0.06437 ( 3)
  44 F   0.28362 0.03126 0.60084 0.08429 ( 3)
  45 K   0.28163 0.02940 0.59973 0.08924 ( 3)
  46 P   0.12238 0.15654 0.26025 0.46083 ( 4)
  47 I   0.01875 0.18260 0.04049 0.75816 ( 4)
  48 L   0.30643 0.00840 0.65616 0.02901 ( 3)
  49 L   0.03909 0.96091 0.00000 0.00000 ( 2)
  50 N   0.30478 0.01023 0.65131 0.03368 ( 3)
  51 T   0.04796 0.95203 0.00000 0.00000 ( 2)
  52 M   0.30172 0.01239 0.64490 0.04099 ( 3)
  53 A   0.29232 0.02331 0.61993 0.06445 ( 3)
  54 P   0.29948 0.01495 0.63865 0.04692 ( 3)
  55 K   0.29694 0.01788 0.63186 0.05333 ( 3)
  56 K   0.29694 0.01788 0.63186 0.05333 ( 3)
  57 D   0.30693 0.00709 0.65951 0.02648 ( 3)
  58 V   0.30453 0.00920 0.65321 0.03306 ( 3)
  59 K   0.29694 0.01788 0.63186 0.05333 ( 3)
  60 K   0.30710 0.00617 0.66198 0.02475 ( 3)
  61 P   0.13465 0.15209 0.28576 0.42750 ( 4)
  62 A   0.29292 0.02260 0.62143 0.06305 ( 3)
  63 A   0.29596 0.01899 0.62929 0.05575 ( 3)
  64 A   0.29292 0.02260 0.62143 0.06305 ( 3)
  65 A   0.10043 0.18117 0.21305 0.50535 ( 4)
  66 -   0.29570 0.02276 0.62444 0.05709 ( 3)
  67 -   0.29903 0.01912 0.63235 0.04950 ( 3)
  68 A   0.29649 0.01877 0.63015 0.05459 ( 3)
  69 P   0.29367 0.02131 0.62383 0.06118 ( 3)
  70 A   0.29333 0.02094 0.62387 0.06186 ( 3)
  71 P   0.28964 0.02481 0.61500 0.07054 ( 3)
  72 A   0.29618 0.01868 0.62994 0.05520 ( 3)
  73 P   0.30554 0.00888 0.65456 0.03102 ( 3)
  74 A   0.29248 0.02278 0.62072 0.06403 ( 3)
  75 P   0.14347 0.13570 0.30561 0.41522 ( 4)
  76 A   0.00732 0.25814 0.01553 0.71900 ( 4)
  77 P   0.29341 0.02201 0.62271 0.06187 ( 3)
  78 A   0.29260 0.02308 0.62052 0.06381 ( 3)
  79 P   0.29386 0.02164 0.62367 0.06083 ( 3)
  80 A   0.29232 0.02331 0.61993 0.06445 ( 3)
  81 P   0.29341 0.02201 0.62271 0.06187 ( 3)
  82 A   0.04785 0.21502 0.10178 0.63535 ( 4)
  83 P   0.29798 0.01609 0.63544 0.05049 ( 3)
  84 P   0.29520 0.01780 0.63004 0.05696 ( 3)
  85 K   0.30249 0.00907 0.65204 0.03640 ( 3)
  86 E   0.29347 0.01980 0.62547 0.06126 ( 3)
  87 A   0.00606 0.26060 0.01285 0.72050 ( 4)
  88 K   0.29189 0.02184 0.62111 0.06516 ( 3)
  89 I   0.30000 0.01206 0.64393 0.04401 ( 3)
  90 D   0.30067 0.01125 0.64607 0.04202 ( 3)
  91 L   0.30184 0.00986 0.64979 0.03850 ( 3)
  92 S   0.29844 0.01391 0.63924 0.04840 ( 3)
  93 A   0.29251 0.02158 0.62213 0.06378 ( 3)
  94 I   0.13884 0.12395 0.29764 0.43957 ( 4)
  95 E   0.00037 0.24780 0.00079 0.75103 ( 4)
  96 F   0.30139 0.01276 0.64397 0.04187 ( 3)
  97 K   0.29694 0.01788 0.63186 0.05333 ( 3)
  98 E   0.30053 0.01376 0.64152 0.04420 ( 3)
  99 A   0.29232 0.02331 0.61993 0.06445 ( 3)
 100 F   0.29469 0.02051 0.62598 0.05883 ( 3)
 101 L   0.30657 0.00682 0.65998 0.02663 ( 3)
 102 L   0.29404 0.02129 0.62427 0.06041 ( 3)
 103 Y   0.16996 0.09586 0.36564 0.36854 ( 4)
 104 D   0.30556 0.00800 0.65656 0.02988 ( 3)
 105 R   0.16938 0.09192 0.36539 0.37330 ( 4)
 106 T   0.00059 0.22371 0.00127 0.77442 ( 4)
 107 G   0.29380 0.02195 0.62319 0.06106 ( 3)
 108 D   0.30977 0.00253 0.67474 0.01296 ( 3)
 109 N   0.00003 0.21147 0.00006 0.78844 ( 4)
 110 K   0.29694 0.01788 0.63186 0.05333 ( 3)
 111 I   0.30882 0.00401 0.66904 0.01812 ( 3)
 112 T   0.17708 0.08952 0.38135 0.35205 ( 3)
 113 L   0.30179 0.01232 0.64505 0.04083 ( 3)
 114 S   0.00065 0.19661 0.00141 0.80133 ( 4)
 115 Q   0.30370 0.01014 0.65070 0.03546 ( 3)
 116 V   0.30323 0.01068 0.64927 0.03682 ( 3)
 117 G   0.28686 0.02988 0.60640 0.07686 ( 3)
 118 D   0.30977 0.00253 0.67474 0.01296 ( 3)
 119 V   0.30588 0.00764 0.65757 0.02891 ( 3)
 120 L   0.30658 0.00681 0.66002 0.02659 ( 3)
 121 R   0.30149 0.01268 0.64417 0.04166 ( 3)
 122 A   0.29292 0.02260 0.62143 0.06305 ( 3)
 123 L   0.29361 0.02179 0.62319 0.06142 ( 3)
 124 G   0.29304 0.02247 0.62171 0.06279 ( 3)
 125 T   0.30335 0.01053 0.64967 0.03645 ( 3)
 126 N   0.29977 0.01462 0.63945 0.04616 ( 3)
 127 P   0.30036 0.01395 0.64105 0.04464 ( 3)
 128 T   0.30672 0.00664 0.66052 0.02612 ( 3)
 129 N   0.29977 0.01462 0.63945 0.04616 ( 3)
 130 A   0.29232 0.02331 0.61993 0.06445 ( 3)
 131 E   0.30053 0.01376 0.64152 0.04420 ( 3)
 132 V   0.30588 0.00764 0.65757 0.02891 ( 3)
 133 K   0.29702 0.01781 0.63203 0.05314 ( 3)
 134 A   0.00054 0.23636 0.00116 0.76193 ( 4)
 135 V   0.30323 0.01068 0.64927 0.03682 ( 3)
 136 L   0.29361 0.02179 0.62319 0.06142 ( 3)
 137 G   0.30817 0.00491 0.66596 0.02097 ( 3)
 138 N   0.30478 0.00871 0.65449 0.03202 ( 3)
 139 P   0.30036 0.01395 0.64105 0.04464 ( 3)
 140 S   0.30741 0.00583 0.66300 0.02376 ( 3)
 141 N   0.12537 0.14603 0.26743 0.46117 ( 4)
 142 E   0.29879 0.01574 0.63680 0.04868 ( 3)
 143 E   0.30053 0.01376 0.64152 0.04420 ( 3)
 144 M   0.30172 0.01239 0.64490 0.04099 ( 3)
 145 N   0.29977 0.01462 0.63945 0.04616 ( 3)
 146 A   0.11099 0.16510 0.23606 0.48785 ( 4)
 147 K   0.29694 0.01788 0.63186 0.05333 ( 3)
 148 K   0.30710 0.00617 0.66198 0.02475 ( 3)
 149 I   0.30496 0.00870 0.65459 0.03175 ( 3)
 150 E   0.30047 0.01410 0.64125 0.04418 ( 3)
 151 F   0.29462 0.02056 0.62584 0.05898 ( 3)
 152 E   0.29879 0.01574 0.63680 0.04868 ( 3)
 153 Q   0.30699 0.00617 0.66190 0.02494 ( 3)
 154 F   0.29469 0.02051 0.62598 0.05883 ( 3)
 155 L   0.29361 0.02179 0.62319 0.06142 ( 3)
 156 P   0.30036 0.01395 0.64105 0.04464 ( 3)
 157 M   0.30172 0.01239 0.64490 0.04099 ( 3)
 158 M   0.18588 0.09679 0.39731 0.32002 ( 3)
 159 Q   0.30723 0.00602 0.66243 0.02432 ( 3)
 160 S   0.30352 0.01035 0.65014 0.03599 ( 3)
 161 I   0.30496 0.00870 0.65459 0.03175 ( 3)
 162 S   0.30033 0.01399 0.64094 0.04474 ( 3)
 163 N   0.30514 0.00847 0.65525 0.03115 ( 3)
 164 N   0.16698 0.10143 0.35857 0.37302 ( 4)
 165 K   0.29694 0.01788 0.63186 0.05333 ( 3)
 166 D   0.30556 0.00800 0.65656 0.02988 ( 3)
 167 Q   0.30370 0.01014 0.65070 0.03546 ( 3)
 168 G   0.29304 0.02247 0.62171 0.06279 ( 3)
 169 T   0.30672 0.00664 0.66052 0.02612 ( 3)
 170 Y   0.30717 0.00661 0.66081 0.02541 ( 3)
 171 E   0.29879 0.01574 0.63680 0.04868 ( 3)
 172 D   0.30556 0.00800 0.65656 0.02988 ( 3)
 173 F   0.29469 0.02051 0.62598 0.05883 ( 3)
 174 V   0.30323 0.01068 0.64927 0.03682 ( 3)
 175 E   0.30053 0.01376 0.64152 0.04420 ( 3)
 176 G   0.28686 0.02988 0.60640 0.07686 ( 3)
 177 L   0.29361 0.02179 0.62319 0.06142 ( 3)
 178 R   0.29452 0.02074 0.62545 0.05929 ( 3)
 179 V   0.30588 0.00764 0.65757 0.02891 ( 3)
 180 F   0.29469 0.02051 0.62598 0.05883 ( 3)
 181 D   0.30556 0.00800 0.65656 0.02988 ( 3)
 182 K   0.29694 0.01788 0.63186 0.05333 ( 3)
 183 E   0.29879 0.01574 0.63680 0.04868 ( 3)
 184 G   0.29304 0.02247 0.62171 0.06279 ( 3)
 185 N   0.29977 0.01462 0.63945 0.04616 ( 3)
 186 G   0.29304 0.02247 0.62171 0.06279 ( 3)
 187 T   0.30757 0.00610 0.66234 0.02399 ( 3)
 188 V   0.30323 0.01068 0.64927 0.03682 ( 3)
 189 M   0.30172 0.01239 0.64490 0.04099 ( 3)
 190 G   0.28686 0.02988 0.60640 0.07686 ( 3)
 191 A   0.29292 0.02260 0.62143 0.06305 ( 3)
 192 E   0.29879 0.01574 0.63680 0.04868 ( 3)
 193 L   0.30658 0.00681 0.66002 0.02659 ( 3)
 194 R   0.29452 0.02074 0.62545 0.05929 ( 3)
 195 H   0.31007 0.00139 0.68016 0.00838 ( 3)
 196 V   0.30963 0.00274 0.67386 0.01377 ( 3)
 197 L   0.29404 0.02129 0.62427 0.06041 ( 3)
 198 A   0.29292 0.02260 0.62143 0.06305 ( 3)
 199 T   0.30851 0.00690 0.66072 0.02387 ( 3)
 200 L   0.29404 0.02129 0.62427 0.06041 ( 3)
 201 G   0.28445 0.03451 0.59919 0.08184 ( 3)
 202 E   0.29638 0.02088 0.62741 0.05533 ( 3)
 203 K   0.29442 0.02307 0.62267 0.05983 ( 3)
 204 M   0.29961 0.01729 0.63536 0.04773 ( 3)
 205 K   0.30627 0.00998 0.65279 0.03096 ( 3)
 206 E   0.29828 0.01877 0.63203 0.05091 ( 3)
 207 E   0.29638 0.02088 0.62741 0.05533 ( 3)
 208 E   0.29638 0.02088 0.62741 0.05533 ( 3)
 209 V   0.30292 0.01367 0.64374 0.03968 ( 3)
 210 E   0.29638 0.02088 0.62741 0.05533 ( 3)
 211 A   0.29390 0.02367 0.62138 0.06104 ( 3)
 212 L   0.29102 0.02694 0.61453 0.06751 ( 3)
 213 M   0.11454 0.17089 0.24289 0.47168 ( 4)
 214 A   0.00630 0.28197 0.01330 0.69843 ( 4)
 215 G   0.07598 0.22660 0.16006 0.53735 ( 4)
 216 Q   0.30645 0.00979 0.65328 0.03049 ( 3)
 217 E   0.29638 0.02088 0.62741 0.05533 ( 3)
 218 D   0.30420 0.01225 0.64715 0.03639 ( 3)
 219 S   0.29806 0.01902 0.63148 0.05144 ( 3)
 220 N   0.29765 0.01936 0.63119 0.05180 ( 3)
 221 G   0.29045 0.02759 0.61317 0.06879 ( 3)
 222 C   0.30412 0.01236 0.64686 0.03665 ( 3)
 223 I   0.30888 0.00711 0.66035 0.02367 ( 3)
 224 N   0.30367 0.01282 0.64578 0.03772 ( 3)
 225 Y   0.30510 0.01128 0.64953 0.03409 ( 3)
 226 E   0.29638 0.02088 0.62741 0.05533 ( 3)


lnL = -1619.049128

Bayes Empirical Bayes (BEB) probabilities for 4 classes (class)
(amino acids refer to 1st sequence: Naasi)

   1 M   0.72376 0.24121 0.02578 0.00925 ( 1)
   2 H   0.81234 0.15905 0.02322 0.00539 ( 1)
   3 A   0.70412 0.25947 0.02620 0.01021 ( 1)
   4 L   0.75215 0.21476 0.02515 0.00794 ( 1)
   5 I   0.27890 0.69243 0.00695 0.02172 ( 2)
   6 P   0.14175 0.82125 0.00516 0.03184 ( 2)
   7 F   0.13468 0.82785 0.00500 0.03247 ( 2)
   8 N   0.71870 0.24633 0.02554 0.00943 ( 1)
   9 A   0.69584 0.26748 0.02611 0.01057 ( 1)
  10 L   0.69919 0.26428 0.02611 0.01042 ( 1)
  11 G   0.68125 0.28091 0.02650 0.01134 ( 1)
  12 P   0.01329 0.94946 0.00049 0.03677 ( 2)
  13 P   0.70265 0.26094 0.02615 0.01026 ( 1)
  14 S   0.79358 0.17650 0.02379 0.00613 ( 1)
  15 R   0.75384 0.21334 0.02498 0.00784 ( 1)
  16 H   0.77100 0.19741 0.02450 0.00709 ( 1)
  17 Q   0.01693 0.94635 0.00060 0.03611 ( 2)
  18 S   0.75085 0.21550 0.02560 0.00805 ( 1)
  19 V   0.76915 0.19767 0.02586 0.00733 ( 1)
  20 D   0.83277 0.13829 0.02421 0.00473 ( 1)
  21 Q   0.76369 0.20277 0.02597 0.00757 ( 1)
  22 A   0.16175 0.80187 0.00575 0.03064 ( 2)
  23 N   0.77409 0.19302 0.02577 0.00712 ( 1)
  24 H   0.20506 0.76112 0.00653 0.02729 ( 2)
  25 H   0.80112 0.16925 0.02378 0.00585 ( 1)
  26 S   0.16382 0.80088 0.00555 0.02976 ( 2)
  27 S   0.76718 0.20074 0.02481 0.00728 ( 1)
  28 S   0.13182 0.64620 0.16926 0.05272 ( 2)
  29 K   0.73255 0.23290 0.02570 0.00885 ( 1)
  30 N   0.74583 0.22055 0.02538 0.00824 ( 1)
  31 Q   0.76852 0.19948 0.02478 0.00722 ( 1)
  32 F   0.72303 0.24177 0.02590 0.00930 ( 1)
  33 D   0.78234 0.18664 0.02438 0.00663 ( 1)
  34 R   0.73849 0.22807 0.02495 0.00848 ( 1)
  35 F   0.17370 0.79326 0.00529 0.02775 ( 2)
  36 F   0.72962 0.23716 0.02444 0.00878 ( 1)
  37 R   0.75687 0.21221 0.02341 0.00751 ( 1)
  38 R   0.18946 0.77438 0.01299 0.02317 ( 2)
  39 F   0.17656 0.79041 0.00538 0.02765 ( 2)
  40 S   0.75679 0.21227 0.02342 0.00751 ( 1)
  41 F   0.00177 0.92378 0.00117 0.07328 ( 2)
  42 F   0.00160 0.92061 0.00112 0.07667 ( 2)
  43 F   0.72682 0.23994 0.02435 0.00888 ( 1)
  44 F   0.70287 0.26382 0.02355 0.00977 ( 1)
  45 K   0.70898 0.26064 0.02130 0.00908 ( 1)
  46 P   0.16784 0.79873 0.00520 0.02823 ( 2)
  47 I   0.02399 0.94680 0.00056 0.02865 ( 2)
  48 L   0.80183 0.17099 0.02158 0.00561 ( 1)
  49 L   0.01598 0.90433 0.01341 0.06628 ( 2)
  50 N   0.78928 0.18247 0.02214 0.00612 ( 1)
  51 T   0.01739 0.90690 0.01330 0.06241 ( 2)
  52 M   0.77667 0.19510 0.02170 0.00653 ( 1)
  53 A   0.72776 0.23966 0.02383 0.00876 ( 1)
  54 P   0.76301 0.20755 0.02231 0.00712 ( 1)
  55 K   0.74951 0.21984 0.02292 0.00773 ( 1)
  56 K   0.74951 0.21984 0.02292 0.00773 ( 1)
  57 D   0.81328 0.16112 0.02049 0.00510 ( 1)
  58 V   0.79672 0.17685 0.02073 0.00570 ( 1)
  59 K   0.74951 0.21984 0.02292 0.00773 ( 1)
  60 K   0.82167 0.15408 0.01952 0.00473 ( 1)
  61 P   0.17451 0.79122 0.00564 0.02863 ( 2)
  62 A   0.73026 0.23740 0.02371 0.00863 ( 1)
  63 A   0.74450 0.22446 0.02309 0.00795 ( 1)
  64 A   0.73026 0.23740 0.02371 0.00863 ( 1)
  65 A   0.14968 0.81582 0.00487 0.02963 ( 2)
  66 -   0.72836 0.23645 0.02609 0.00910 ( 1)
  67 -   0.74236 0.22337 0.02582 0.00845 ( 1)
  68 A   0.74529 0.22344 0.02331 0.00796 ( 1)
  69 P   0.73541 0.23296 0.02328 0.00835 ( 1)
  70 A   0.73698 0.23210 0.02272 0.00820 ( 1)
  71 P   0.72294 0.24515 0.02308 0.00883 ( 1)
  72 A   0.74586 0.22325 0.02300 0.00789 ( 1)
  73 P   0.79850 0.17453 0.02128 0.00569 ( 1)
  74 A   0.72981 0.23804 0.02353 0.00862 ( 1)
  75 P   0.18487 0.78247 0.00554 0.02712 ( 2)
  76 A   0.01485 0.95011 0.00049 0.03455 ( 2)
  77 P   0.73261 0.23524 0.02363 0.00852 ( 1)
  78 A   0.72859 0.23883 0.02385 0.00873 ( 1)
  79 P   0.73398 0.23388 0.02367 0.00847 ( 1)
  80 A   0.72776 0.23966 0.02383 0.00876 ( 1)
  81 P   0.73261 0.23524 0.02363 0.00852 ( 1)
  82 A   0.09471 0.87162 0.00293 0.03074 ( 2)
  83 P   0.75775 0.21279 0.02216 0.00730 ( 1)
  84 P   0.75035 0.22058 0.02157 0.00750 ( 1)
  85 K   0.79899 0.17661 0.01898 0.00542 ( 1)
  86 E   0.74244 0.22770 0.02199 0.00787 ( 1)
  87 A   0.01379 0.95106 0.00046 0.03470 ( 2)
  88 K   0.73391 0.23537 0.02244 0.00828 ( 1)
  89 I   0.77934 0.19442 0.02002 0.00622 ( 1)
  90 D   0.78437 0.18985 0.01976 0.00601 ( 1)
  91 L   0.79323 0.18185 0.01927 0.00565 ( 1)
  92 S   0.76899 0.20378 0.02057 0.00666 ( 1)
  93 A   0.73457 0.23450 0.02265 0.00828 ( 1)
  94 I   0.18857 0.78121 0.00497 0.02525 ( 2)
  95 E   0.00183 0.96449 0.00006 0.03362 ( 2)
  96 F   0.77455 0.19704 0.02179 0.00662 ( 1)
  97 K   0.74951 0.21984 0.02292 0.00773 ( 1)
  98 E   0.76910 0.20201 0.02203 0.00685 ( 1)
  99 A   0.72776 0.23966 0.02383 0.00876 ( 1)
 100 F   0.73849 0.22987 0.02339 0.00825 ( 1)
 101 L   0.81547 0.15975 0.01981 0.00496 ( 1)
 102 L   0.73524 0.23286 0.02350 0.00839 ( 1)
 103 Y   0.21763 0.75352 0.00536 0.02349 ( 2)
 104 D   0.80584 0.16852 0.02031 0.00534 ( 1)
 105 R   0.22086 0.75100 0.00521 0.02293 ( 2)
 106 T   0.00226 0.96610 0.00006 0.03158 ( 2)
 107 G   0.73250 0.23510 0.02385 0.00856 ( 1)
 108 D   0.86695 0.11293 0.01697 0.00315 ( 1)
 109 N   0.00034 0.96901 0.00001 0.03064 ( 2)
 110 K   0.74951 0.21984 0.02292 0.00773 ( 1)
 111 I   0.84494 0.13292 0.01825 0.00389 ( 1)
 112 T   0.22519 0.74631 0.00545 0.02305 ( 2)
 113 L   0.77681 0.19501 0.02166 0.00652 ( 1)
 114 S   0.00246 0.96806 0.00006 0.02942 ( 2)
 115 Q   0.79043 0.18257 0.02105 0.00595 ( 1)
 116 V   0.78679 0.18591 0.02121 0.00610 ( 1)
 117 G   0.70597 0.25948 0.02470 0.00984 ( 1)
 118 D   0.86695 0.11293 0.01697 0.00315 ( 1)
 119 V   0.80845 0.16616 0.02016 0.00523 ( 1)
 120 L   0.81558 0.15965 0.01981 0.00496 ( 1)
 121 R   0.77477 0.19687 0.02175 0.00660 ( 1)
 122 A   0.73026 0.23740 0.02371 0.00863 ( 1)
 123 L   0.73336 0.23457 0.02359 0.00848 ( 1)
 124 G   0.73067 0.23703 0.02369 0.00861 ( 1)
 125 T   0.78789 0.18489 0.02117 0.00606 ( 1)
 126 N   0.76475 0.20596 0.02224 0.00705 ( 1)
 127 P   0.76811 0.20291 0.02208 0.00690 ( 1)
 128 T   0.81713 0.15823 0.01974 0.00490 ( 1)
 129 N   0.76475 0.20596 0.02224 0.00705 ( 1)
 130 A   0.72776 0.23966 0.02383 0.00876 ( 1)
 131 E   0.76910 0.20201 0.02203 0.00685 ( 1)
 132 V   0.80845 0.16616 0.02016 0.00523 ( 1)
 133 K   0.75020 0.21915 0.02294 0.00771 ( 1)
 134 A   0.00214 0.96519 0.00006 0.03260 ( 2)
 135 V   0.78679 0.18591 0.02121 0.00610 ( 1)
 136 L   0.73336 0.23457 0.02359 0.00848 ( 1)
 137 G   0.83405 0.14286 0.01883 0.00427 ( 1)
 138 N   0.80129 0.17274 0.02046 0.00551 ( 1)
 139 P   0.76811 0.20291 0.02208 0.00690 ( 1)
 140 S   0.82462 0.15142 0.01934 0.00462 ( 1)
 141 N   0.17320 0.79462 0.00505 0.02713 ( 2)
 142 E   0.75936 0.21086 0.02249 0.00729 ( 1)
 143 E   0.76910 0.20201 0.02203 0.00685 ( 1)
 144 M   0.77667 0.19510 0.02170 0.00653 ( 1)
 145 N   0.76475 0.20596 0.02224 0.00705 ( 1)
 146 A   0.15961 0.80699 0.00493 0.02846 ( 2)
 147 K   0.74951 0.21984 0.02292 0.00773 ( 1)
 148 K   0.82167 0.15408 0.01952 0.00473 ( 1)
 149 I   0.80034 0.17355 0.02056 0.00555 ( 1)
 150 E   0.76771 0.20271 0.02257 0.00702 ( 1)
 151 F   0.73864 0.22972 0.02339 0.00824 ( 1)
 152 E   0.75936 0.21086 0.02249 0.00729 ( 1)
 153 Q   0.82207 0.15380 0.01942 0.00471 ( 1)
 154 F   0.73849 0.22987 0.02339 0.00825 ( 1)
 155 L   0.73336 0.23457 0.02359 0.00848 ( 1)
 156 P   0.76811 0.20291 0.02208 0.00690 ( 1)
 157 M   0.77667 0.19510 0.02170 0.00653 ( 1)
 158 M   0.22221 0.74662 0.00622 0.02495 ( 2)
 159 Q   0.82298 0.15289 0.01944 0.00468 ( 1)
 160 S   0.78893 0.18396 0.02111 0.00601 ( 1)
 161 I   0.80034 0.17355 0.02056 0.00555 ( 1)
 162 S   0.76779 0.20321 0.02209 0.00691 ( 1)
 163 N   0.80238 0.17165 0.02049 0.00548 ( 1)
 164 N   0.21302 0.75743 0.00545 0.02411 ( 2)
 165 K   0.74951 0.21984 0.02292 0.00773 ( 1)
 166 D   0.80584 0.16852 0.02031 0.00534 ( 1)
 167 Q   0.79043 0.18257 0.02105 0.00595 ( 1)
 168 G   0.73067 0.23703 0.02369 0.00861 ( 1)
 169 T   0.81713 0.15823 0.01974 0.00490 ( 1)
 170 Y   0.81701 0.15795 0.02010 0.00494 ( 1)
 171 E   0.75936 0.21086 0.02249 0.00729 ( 1)
 172 D   0.80584 0.16852 0.02031 0.00534 ( 1)
 173 F   0.73849 0.22987 0.02339 0.00825 ( 1)
 174 V   0.78679 0.18591 0.02121 0.00610 ( 1)
 175 E   0.76910 0.20201 0.02203 0.00685 ( 1)
 176 G   0.70597 0.25948 0.02470 0.00984 ( 1)
 177 L   0.73336 0.23457 0.02359 0.00848 ( 1)
 178 R   0.73713 0.23118 0.02340 0.00829 ( 1)
 179 V   0.80845 0.16616 0.02016 0.00523 ( 1)
 180 F   0.73849 0.22987 0.02339 0.00825 ( 1)
 181 D   0.80584 0.16852 0.02031 0.00534 ( 1)
 182 K   0.74951 0.21984 0.02292 0.00773 ( 1)
 183 E   0.75936 0.21086 0.02249 0.00729 ( 1)
 184 G   0.73067 0.23703 0.02369 0.00861 ( 1)
 185 N   0.76475 0.20596 0.02224 0.00705 ( 1)
 186 G   0.73067 0.23703 0.02369 0.00861 ( 1)
 187 T   0.82188 0.15351 0.01985 0.00476 ( 1)
 188 V   0.78679 0.18591 0.02121 0.00610 ( 1)
 189 M   0.77667 0.19510 0.02170 0.00653 ( 1)
 190 G   0.70597 0.25948 0.02470 0.00984 ( 1)
 191 A   0.73026 0.23740 0.02371 0.00863 ( 1)
 192 E   0.75936 0.21086 0.02249 0.00729 ( 1)
 193 L   0.81558 0.15965 0.01981 0.00496 ( 1)
 194 R   0.73713 0.23118 0.02340 0.00829 ( 1)
 195 H   0.89133 0.09087 0.01542 0.00238 ( 1)
 196 V   0.86325 0.11635 0.01714 0.00326 ( 1)
 197 L   0.73524 0.23286 0.02350 0.00839 ( 1)
 198 A   0.73026 0.23740 0.02371 0.00863 ( 1)
 199 T   0.81334 0.15958 0.02185 0.00523 ( 1)
 200 L   0.73524 0.23286 0.02350 0.00839 ( 1)
 201 G   0.69237 0.27072 0.02617 0.01074 ( 1)
 202 E   0.73621 0.23014 0.02506 0.00860 ( 1)
 203 K   0.72799 0.23774 0.02528 0.00899 ( 1)
 204 M   0.75083 0.21664 0.02461 0.00792 ( 1)
 205 K   0.78998 0.18047 0.02332 0.00623 ( 1)
 206 E   0.74442 0.22257 0.02480 0.00821 ( 1)
 207 E   0.73621 0.23014 0.02506 0.00860 ( 1)
 208 E   0.73621 0.23014 0.02506 0.00860 ( 1)
 209 V   0.76806 0.20074 0.02405 0.00715 ( 1)
 210 E   0.73621 0.23014 0.02506 0.00860 ( 1)
 211 A   0.72564 0.23994 0.02533 0.00909 ( 1)
 212 L   0.71467 0.25008 0.02562 0.00962 ( 1)
 213 M   0.15940 0.80594 0.00523 0.02943 ( 2)
 214 A   0.01357 0.94918 0.00050 0.03675 ( 2)
 215 G   0.12531 0.83675 0.00474 0.03319 ( 2)
 216 Q   0.79116 0.17940 0.02327 0.00617 ( 1)
 217 E   0.73621 0.23014 0.02506 0.00860 ( 1)
 218 D   0.77599 0.19339 0.02380 0.00681 ( 1)
 219 S   0.74332 0.22359 0.02483 0.00826 ( 1)
 220 N   0.74318 0.22306 0.02533 0.00843 ( 1)
 221 G   0.71247 0.25213 0.02567 0.00973 ( 1)
 222 C   0.77488 0.19447 0.02380 0.00685 ( 1)
 223 I   0.81109 0.16103 0.02251 0.00537 ( 1)
 224 N   0.77296 0.19618 0.02392 0.00695 ( 1)
 225 Y   0.78146 0.18837 0.02360 0.00658 ( 1)
 226 E   0.73621 0.23014 0.02506 0.00860 ( 1)

