89
Bacu_CNTNAP2         0.0000000 0.0320426 0.0293211 0.0040809 0.0070742 0.0070767 0.0057059 0.0078735 0.0083082 0.0370315 0.0188516 0.0351672 0.0225768 0.0361695 0.0098699 0.0226499 0.0201736 0.0209961 0.0203156 0.0200420 0.0110924 0.0110924 0.0119326 0.0210319 0.0217961 0.0218535 0.0201879 0.0317883 0.0201972 0.0257374 0.0284107 0.0278198 0.0219018 0.0218736 0.0201320 0.0210406 0.0211683 0.0201847 0.0209468 0.0209863 0.0203253 0.0270353 0.0265708 0.0266209 0.0220339 0.0234057 0.0258521 0.0240863 0.0263440 0.0255293 0.0246197 0.0200420 0.0258501 0.0275475 0.0250068 0.0192320 0.0198611 0.0362943 0.0218371 0.0201285 0.0217747 0.0211138 0.0217088 0.0210661 0.0254835 0.0192146 0.0210420 0.0244258 0.0200839 0.0200652 0.0193860 0.0209961 0.0202496 0.0218999 0.0218999 0.0209752 0.0256780 0.0201723 0.0209541 0.0209483 0.0215212 0.0218099 0.0209996 0.0201723 0.0466224 0.0192460 0.0258313 0.0209448 0.0268203 
Barn_CNTNAP2         0.0320426 0.0000000 0.0000010 0.0311464 0.0265426 0.0250356 0.0250356 0.0250406 0.0255739 0.0452441 0.0178727 0.0420087 0.0205680 0.0450539 0.0220151 0.0190794 0.0190794 0.0190794 0.0205659 0.0160062 0.0234624 0.0234624 0.0376728 0.0221009 0.0220047 0.0236010 0.0205599 0.0144917 0.0259983 0.0238718 0.0206562 0.0191534 0.0206234 0.0236410 0.0190794 0.0206029 0.0190794 0.0191564 0.0205659 0.0206637 0.0190794 0.0049457 0.0072360 0.0071437 0.0048147 0.0071635 0.0057149 0.0079144 0.0058366 0.0057109 0.0072992 0.0160062 0.0057137 0.0086195 0.0042742 0.0174751 0.0133161 0.0466547 0.0235685 0.0220758 0.0220790 0.0204777 0.0189574 0.0205599 0.0365222 0.0189862 0.0221202 0.0239976 0.0174883 0.0174751 0.0133048 0.0190794 0.0191345 0.0235951 0.0235951 0.0206012 0.0114927 0.0190794 0.0190794 0.0205686 0.0168188 0.0205599 0.0190794 0.0190794 0.0492550 0.0190794 0.0014176 0.0190794 0.0057274 
Bbai76728_CNTNAP2    0.0293211 0.0000010 0.0000000 0.0310984 0.0252676 0.0252789 0.0226102 0.0243724 0.0248819 0.0399447 0.0167224 0.0371267 0.0173152 0.0398818 0.0208473 0.0181957 0.0162588 0.0164342 0.0156893 0.0137571 0.0199224 0.0199224 0.0304999 0.0173208 0.0181464 0.0181972 0.0164254 0.0111437 0.0228670 0.0172852 0.0209301 0.0178923 0.0182273 0.0182149 0.0155566 0.0170673 0.0162588 0.0156004 0.0164282 0.0173682 0.0157165 0.0060020 0.0061344 0.0059431 0.0057423 0.0061956 0.0051016 0.0064617 0.0066969 0.0060868 0.0086900 0.0137571 0.0051010 0.0068223 0.0042439 0.0146231 0.0120847 0.0398594 0.0181827 0.0161954 0.0173110 0.0154701 0.0154996 0.0173508 0.0320253 0.0155079 0.0173298 0.0211077 0.0155240 0.0146231 0.0115492 0.0164342 0.0154041 0.0182388 0.0182388 0.0164518 0.0161366 0.0155566 0.0164342 0.0164292 0.0150701 0.0173038 0.0164371 0.0155566 0.0539872 0.0143749 0.0033875 0.0164265 0.0052851 
BbonAUS_CNTNAP2      0.0040809 0.0311464 0.0310984 0.0000000 0.0088860 0.0088892 0.0041749 0.0080712 0.0090002 0.0415541 0.0202091 0.0378984 0.0240109 0.0389467 0.0105315 0.0232408 0.0215432 0.0215432 0.0225608 0.0214006 0.0113718 0.0113718 0.0130260 0.0224300 0.0232112 0.0232741 0.0215605 0.0334846 0.0216942 0.0267481 0.0300087 0.0285531 0.0233271 0.0232964 0.0214994 0.0224970 0.0225899 0.0215569 0.0223364 0.0240985 0.0208661 0.0264221 0.0281576 0.0281620 0.0210089 0.0231642 0.0273753 0.0237253 0.0280769 0.0270743 0.0242025 0.0214006 0.0273732 0.0291205 0.0265051 0.0205686 0.0213220 0.0408062 0.0232559 0.0197992 0.0231878 0.0205756 0.0238910 0.0224675 0.0246897 0.0205494 0.0224410 0.0269691 0.0214467 0.0214262 0.0189818 0.0215432 0.0190395 0.0233250 0.0233250 0.0223676 0.0254082 0.0215432 0.0214994 0.0223381 0.0220963 0.0223787 0.0223944 0.0215432 0.0504521 0.0188942 0.0273527 0.0223343 0.0284304 
Bbor_CNTNAP2         0.0070742 0.0265426 0.0252676 0.0088860 0.0000000 0.0015040 0.0007978 0.0037756 0.0031720 0.0403526 0.0152839 0.0385046 0.0193567 0.0395051 0.0062967 0.0194169 0.0177320 0.0178334 0.0167512 0.0161428 0.0068320 0.0068320 0.0099167 0.0178623 0.0182288 0.0186497 0.0170570 0.0289886 0.0190945 0.0216804 0.0241814 0.0226118 0.0187497 0.0194509 0.0178264 0.0173372 0.0185991 0.0170546 0.0177932 0.0174340 0.0171683 0.0264503 0.0245200 0.0246274 0.0188539 0.0222279 0.0233018 0.0223866 0.0235084 0.0229439 0.0242214 0.0161428 0.0238649 0.0249253 0.0224915 0.0177154 0.0182056 0.0396387 0.0194200 0.0172908 0.0185855 0.0182392 0.0254938 0.0178901 0.0246161 0.0169033 0.0174784 0.0209159 0.0177300 0.0177141 0.0175398 0.0178334 0.0173938 0.0183141 0.0183141 0.0178162 0.0213415 0.0170446 0.0177991 0.0177943 0.0182617 0.0186144 0.0178363 0.0166354 0.0472256 0.0164305 0.0221942 0.0177916 0.0230266 
Bede66737_CNTNAP2    0.0070767 0.0250356 0.0252789 0.0088892 0.0015040 0.0000000 0.0007980 0.0037768 0.0031731 0.0409856 0.0152897 0.0391372 0.0193641 0.0401391 0.0062989 0.0194242 0.0177389 0.0178401 0.0167578 0.0161488 0.0068343 0.0068343 0.0099202 0.0178690 0.0182359 0.0186568 0.0170634 0.0290004 0.0198377 0.0216910 0.0241909 0.0226209 0.0187568 0.0194583 0.0178331 0.0173441 0.0186068 0.0170610 0.0177998 0.0174407 0.0171748 0.0252226 0.0245301 0.0246373 0.0177896 0.0222371 0.0233109 0.0211865 0.0226209 0.0229530 0.0242324 0.0161488 0.0238745 0.0249351 0.0225002 0.0177220 0.0182129 0.0402745 0.0194273 0.0172976 0.0185925 0.0182465 0.0255041 0.0178968 0.0229415 0.0169096 0.0174852 0.0197949 0.0177366 0.0177207 0.0175476 0.0178401 0.0174008 0.0183212 0.0183212 0.0178229 0.0213540 0.0170509 0.0178057 0.0178009 0.0182687 0.0186214 0.0178430 0.0166417 0.0484267 0.0164370 0.0222029 0.0177982 0.0230366 
BedeAUS_CNTNAP2      0.0057059 0.0250356 0.0226102 0.0041749 0.0007978 0.0007980 0.0000000 0.0024010 0.0016853 0.0318026 0.0141827 0.0299401 0.0172271 0.0308618 0.0050185 0.0172676 0.0162708 0.0164372 0.0164314 0.0154995 0.0056341 0.0056341 0.0089007 0.0164651 0.0172535 0.0172993 0.0156140 0.0273953 0.0189529 0.0206155 0.0223275 0.0214823 0.0173113 0.0173152 0.0155701 0.0162850 0.0170893 0.0156118 0.0163978 0.0172762 0.0155701 0.0252226 0.0220006 0.0221855 0.0177896 0.0213893 0.0213948 0.0211865 0.0213305 0.0209774 0.0233061 0.0154995 0.0213929 0.0231099 0.0205396 0.0163212 0.0167335 0.0317818 0.0172862 0.0164549 0.0172363 0.0173969 0.0179663 0.0164923 0.0229415 0.0163064 0.0164733 0.0196802 0.0171818 0.0171656 0.0170825 0.0164372 0.0165530 0.0173370 0.0173370 0.0164203 0.0201350 0.0156020 0.0164035 0.0163988 0.0168567 0.0172648 0.0164399 0.0156020 0.0384328 0.0155971 0.0188250 0.0163962 0.0204374 
Bmus_CNTNAP2         0.0078735 0.0250406 0.0243724 0.0080712 0.0037756 0.0037768 0.0024010 0.0000000 0.0039733 0.0410755 0.0161220 0.0392223 0.0201712 0.0402269 0.0070984 0.0202340 0.0185766 0.0186462 0.0184055 0.0169453 0.0076062 0.0076062 0.0091464 0.0186765 0.0190606 0.0194659 0.0178682 0.0265389 0.0216264 0.0206694 0.0250106 0.0234678 0.0195704 0.0202697 0.0186389 0.0182019 0.0194870 0.0178657 0.0186040 0.0199020 0.0179850 0.0227257 0.0219807 0.0221593 0.0156392 0.0205218 0.0208930 0.0187549 0.0199266 0.0204913 0.0223577 0.0169453 0.0213959 0.0225033 0.0200901 0.0185224 0.0190737 0.0403630 0.0202373 0.0189999 0.0193986 0.0199631 0.0263438 0.0187056 0.0263909 0.0177067 0.0183113 0.0209548 0.0185377 0.0185210 0.0194573 0.0186462 0.0191134 0.0191498 0.0191498 0.0186282 0.0225818 0.0178551 0.0186102 0.0186052 0.0190945 0.0194289 0.0186492 0.0174626 0.0493357 0.0181331 0.0213806 0.0186023 0.0221820 
Bphy_baits_CNTNAP2   0.0083082 0.0255739 0.0248819 0.0090002 0.0031720 0.0031731 0.0016853 0.0039733 0.0000000 0.0415342 0.0159771 0.0395813 0.0203952 0.0406404 0.0063757 0.0196274 0.0179600 0.0179600 0.0185429 0.0170028 0.0071917 0.0071917 0.0104417 0.0188240 0.0192315 0.0196543 0.0179739 0.0271076 0.0207676 0.0220221 0.0254864 0.0221135 0.0197654 0.0205000 0.0187842 0.0165228 0.0188501 0.0179236 0.0187472 0.0200630 0.0180976 0.0264802 0.0239973 0.0242595 0.0176327 0.0235002 0.0228742 0.0238029 0.0236755 0.0224890 0.0236376 0.0170028 0.0217012 0.0228601 0.0220236 0.0186608 0.0190145 0.0398986 0.0204654 0.0191748 0.0195829 0.0181580 0.0269013 0.0188549 0.0270175 0.0178031 0.0184431 0.0225478 0.0186769 0.0186593 0.0194088 0.0179600 0.0184022 0.0193264 0.0193264 0.0187728 0.0227374 0.0179600 0.0179236 0.0187485 0.0181962 0.0187823 0.0187951 0.0175497 0.0492241 0.0182600 0.0216990 0.0187454 0.0216274 
Btau_CNTNAP2         0.0370315 0.0452441 0.0399447 0.0415541 0.0403526 0.0409856 0.0318026 0.0410755 0.0415342 0.0000000 0.0347003 0.0121820 0.0410358 0.0098871 0.0392111 0.0419597 0.0402492 0.0402823 0.0326036 0.0375324 0.0377253 0.0377253 0.0472392 0.0394327 0.0338861 0.0394708 0.0385609 0.0498681 0.0197964 0.0362218 0.0445445 0.0444641 0.0403078 0.0411141 0.0394551 0.0354631 0.0413976 0.0394724 0.0401878 0.0356893 0.0380569 0.0342707 0.0400321 0.0388415 0.0319042 0.0352392 0.0434770 0.0347725 0.0413996 0.0443635 0.0403082 0.0375324 0.0380888 0.0452151 0.0426088 0.0392027 0.0378477 0.0075876 0.0410405 0.0309969 0.0410300 0.0330511 0.0414204 0.0394977 0.0498419 0.0386542 0.0331672 0.0395562 0.0392360 0.0392000 0.0365478 0.0402823 0.0321252 0.0340487 0.0340487 0.0402445 0.0337368 0.0394483 0.0402028 0.0401927 0.0378630 0.0410951 0.0386049 0.0331664 0.0573295 0.0310227 0.0363389 0.0395988 0.0367808 
Ccom40_CNTNAP2       0.0188516 0.0178727 0.0167224 0.0202091 0.0152839 0.0152897 0.0141827 0.0161220 0.0159771 0.0347003 0.0000000 0.0346079 0.0039286 0.0346815 0.0108368 0.0039409 0.0016360 0.0023602 0.0023773 0.0055297 0.0104007 0.0104007 0.0203219 0.0031447 0.0047183 0.0039333 0.0023545 0.0220844 0.0219354 0.0078951 0.0177992 0.0159555 0.0055222 0.0039366 0.0015690 0.0024366 0.0017151 0.0015690 0.0023548 0.0031443 0.0015835 0.0193242 0.0156205 0.0169120 0.0146862 0.0150437 0.0161286 0.0129434 0.0169086 0.0156175 0.0172356 0.0055297 0.0161271 0.0177947 0.0152976 0.0063235 0.0067503 0.0339413 0.0039306 0.0032631 0.0031432 0.0091966 0.0119889 0.0031495 0.0114362 0.0071251 0.0031462 0.0134306 0.0071318 0.0071252 0.0075213 0.0023602 0.0024675 0.0039418 0.0039418 0.0023578 0.0094409 0.0015721 0.0023556 0.0023549 0.0023950 0.0031482 0.0023606 0.0015721 0.0467545 0.0016297 0.0144604 0.0023546 0.0140795 
Cela_CNTNAP2         0.0351672 0.0420087 0.0371267 0.0378984 0.0385046 0.0391372 0.0299401 0.0392223 0.0395813 0.0121820 0.0346079 0.0000000 0.0409261 0.0129611 0.0373043 0.0418467 0.0401375 0.0401748 0.0333441 0.0374344 0.0358998 0.0358998 0.0436516 0.0393280 0.0337983 0.0393658 0.0384593 0.0479310 0.0197238 0.0341777 0.0437093 0.0435985 0.0394816 0.0410038 0.0393503 0.0353662 0.0421744 0.0393675 0.0400809 0.0355955 0.0371351 0.0316402 0.0381219 0.0369961 0.0306742 0.0333498 0.0416091 0.0347083 0.0432143 0.0424520 0.0382106 0.0374344 0.0362459 0.0433305 0.0407494 0.0390994 0.0369284 0.0137133 0.0409307 0.0309146 0.0409203 0.0312261 0.0389464 0.0393927 0.0513593 0.0385521 0.0330813 0.0359066 0.0391325 0.0390967 0.0365369 0.0401748 0.0320387 0.0339600 0.0339600 0.0401373 0.0337482 0.0393435 0.0400958 0.0400857 0.0394996 0.0393664 0.0385029 0.0330805 0.0571251 0.0309402 0.0345130 0.0394933 0.0366808 
Chea7320_CNTNAP2     0.0225768 0.0205680 0.0173152 0.0240109 0.0193567 0.0193641 0.0172271 0.0201712 0.0203952 0.0410358 0.0039286 0.0409261 0.0000000 0.0410131 0.0152267 0.0045247 0.0023451 0.0030112 0.0031035 0.0068128 0.0146368 0.0146368 0.0242428 0.0037614 0.0053906 0.0045164 0.0030042 0.0227227 0.0216379 0.0076855 0.0178216 0.0168612 0.0060572 0.0052756 0.0030099 0.0032067 0.0024554 0.0022578 0.0030046 0.0046322 0.0022724 0.0179334 0.0178696 0.0173645 0.0157249 0.0147276 0.0170064 0.0140065 0.0191256 0.0181613 0.0187855 0.0068128 0.0165954 0.0186059 0.0162094 0.0068051 0.0073136 0.0411519 0.0052679 0.0031917 0.0037597 0.0089897 0.0189892 0.0037669 0.0144543 0.0083429 0.0038512 0.0164411 0.0083504 0.0083430 0.0081840 0.0030112 0.0024133 0.0046318 0.0046318 0.0030083 0.0093244 0.0022565 0.0030055 0.0030047 0.0030818 0.0037654 0.0030117 0.0023093 0.0512980 0.0015960 0.0149608 0.0030043 0.0146549 
Chir_CNTNAP2         0.0361695 0.0450539 0.0398818 0.0389467 0.0395051 0.0401391 0.0308618 0.0402269 0.0406404 0.0098871 0.0346815 0.0129611 0.0410131 0.0000000 0.0383339 0.0419363 0.0402262 0.0402601 0.0333405 0.0375123 0.0368830 0.0368830 0.0463752 0.0394108 0.0338682 0.0394356 0.0385406 0.0489576 0.0206038 0.0361976 0.0461585 0.0461375 0.0402856 0.0410913 0.0394333 0.0354433 0.0422732 0.0394508 0.0385365 0.0356701 0.0372133 0.0341576 0.0391228 0.0379618 0.0296276 0.0334157 0.0425919 0.0309798 0.0423533 0.0434587 0.0383096 0.0375123 0.0372099 0.0443241 0.0417268 0.0391814 0.0378258 0.0068276 0.0410178 0.0309110 0.0410074 0.0329578 0.0413973 0.0394762 0.0513960 0.0382827 0.0331497 0.0404628 0.0392146 0.0391787 0.0374437 0.0402601 0.0320351 0.0340307 0.0340307 0.0402224 0.0312139 0.0394261 0.0401807 0.0401706 0.0378421 0.0410723 0.0385838 0.0331490 0.0564521 0.0309366 0.0354657 0.0395769 0.0358757 
Cmar59905_CNTNAP2    0.0098699 0.0220151 0.0208473 0.0105315 0.0062967 0.0062989 0.0050185 0.0070984 0.0063757 0.0392111 0.0108368 0.0373043 0.0152267 0.0383339 0.0000000 0.0144597 0.0128301 0.0128301 0.0132393 0.0119310 0.0031346 0.0031346 0.0119313 0.0144349 0.0147419 0.0152461 0.0136094 0.0259832 0.0179758 0.0166814 0.0209837 0.0183731 0.0169554 0.0160691 0.0136376 0.0128458 0.0134547 0.0128379 0.0136115 0.0148149 0.0129259 0.0215694 0.0203464 0.0205794 0.0165219 0.0188128 0.0193004 0.0186628 0.0190109 0.0188522 0.0205536 0.0119310 0.0197835 0.0209704 0.0184682 0.0135501 0.0146208 0.0384675 0.0160429 0.0144998 0.0144275 0.0162356 0.0214658 0.0144581 0.0212600 0.0127205 0.0139576 0.0162150 0.0135617 0.0135491 0.0144760 0.0128301 0.0128946 0.0148129 0.0148129 0.0136296 0.0189337 0.0128301 0.0128044 0.0136122 0.0131493 0.0136367 0.0136456 0.0123076 0.0477796 0.0127967 0.0180671 0.0136102 0.0187691 
Dcap108471_CNTNAP2   0.0226499 0.0190794 0.0181957 0.0232408 0.0194169 0.0194242 0.0172676 0.0202340 0.0196274 0.0419597 0.0039409 0.0418467 0.0045247 0.0419363 0.0144597 0.0000000 0.0015638 0.0015049 0.0031070 0.0068333 0.0146819 0.0146819 0.0243183 0.0037726 0.0054072 0.0045299 0.0030131 0.0235705 0.0208136 0.0077119 0.0194468 0.0177298 0.0060755 0.0052914 0.0030189 0.0032168 0.0016375 0.0022646 0.0030136 0.0046464 0.0015176 0.0179091 0.0187355 0.0182038 0.0157318 0.0155767 0.0178281 0.0152113 0.0200324 0.0190038 0.0188082 0.0068333 0.0174349 0.0194342 0.0170277 0.0068256 0.0073372 0.0420786 0.0052836 0.0031991 0.0037709 0.0090111 0.0190494 0.0037782 0.0112173 0.0083681 0.0038630 0.0164682 0.0083757 0.0083683 0.0082055 0.0015049 0.0008025 0.0046460 0.0046460 0.0030173 0.0069805 0.0022590 0.0015049 0.0030137 0.0015402 0.0022582 0.0030149 0.0023119 0.0522625 0.0015997 0.0157922 0.0030133 0.0155139 
Dcap79929_CNTNAP2    0.0201736 0.0190794 0.0162588 0.0215432 0.0177320 0.0177389 0.0162708 0.0185766 0.0179600 0.0402492 0.0016360 0.0401375 0.0023451 0.0402262 0.0128301 0.0015638 0.0000000 0.0000010 0.0008057 0.0047233 0.0128272 0.0128272 0.0228041 0.0015642 0.0032057 0.0023479 0.0007803 0.0220249 0.0199192 0.0057710 0.0177606 0.0150498 0.0039372 0.0031345 0.0007818 0.0008355 0.0000010 0.0000010 0.0007804 0.0024098 0.0000010 0.0167028 0.0169371 0.0164390 0.0154788 0.0145128 0.0160856 0.0136230 0.0181596 0.0172684 0.0179031 0.0047233 0.0156373 0.0177480 0.0152579 0.0047178 0.0050853 0.0403680 0.0031297 0.0016635 0.0015635 0.0075915 0.0173114 0.0015666 0.0112173 0.0063106 0.0016027 0.0138871 0.0063165 0.0063107 0.0066763 0.0000010 0.0000010 0.0024096 0.0024096 0.0007814 0.0061716 0.0000010 0.0000010 0.0007804 0.0000010 0.0007803 0.0007807 0.0000010 0.0518861 0.0000010 0.0139383 0.0007803 0.0135828 
DdelSJR_CNTNAP2      0.0209961 0.0190794 0.0164342 0.0215432 0.0178334 0.0178401 0.0164372 0.0186462 0.0179600 0.0402823 0.0023602 0.0401748 0.0030112 0.0402601 0.0128301 0.0015049 0.0000010 0.0000000 0.0015507 0.0053055 0.0131137 0.0131137 0.0227121 0.0022596 0.0038555 0.0030147 0.0015039 0.0219626 0.0208136 0.0057710 0.0178611 0.0160890 0.0045488 0.0037730 0.0015068 0.0016046 0.0000010 0.0007535 0.0015041 0.0030921 0.0007584 0.0167028 0.0170753 0.0165920 0.0157318 0.0147493 0.0162499 0.0140308 0.0182555 0.0173898 0.0179031 0.0053055 0.0158219 0.0178490 0.0154532 0.0052996 0.0056953 0.0403964 0.0037675 0.0023978 0.0022586 0.0081867 0.0174314 0.0022629 0.0112173 0.0068349 0.0023136 0.0142371 0.0068410 0.0068349 0.0072893 0.0000010 0.0000010 0.0030918 0.0030918 0.0015060 0.0058126 0.0007517 0.0000010 0.0015042 0.0000010 0.0007514 0.0015048 0.0007685 0.0514441 0.0007994 0.0141879 0.0015040 0.0138553 
Ddeltrop4525_CNTNAP2 0.0203156 0.0205659 0.0156893 0.0225608 0.0167512 0.0167578 0.0164314 0.0184055 0.0185429 0.0326036 0.0023773 0.0333441 0.0031035 0.0333405 0.0132393 0.0031070 0.0008057 0.0015507 0.0000000 0.0046802 0.0127097 0.0127097 0.0225929 0.0023289 0.0038827 0.0031072 0.0015500 0.0209980 0.0208058 0.0067998 0.0159654 0.0149224 0.0046671 0.0031098 0.0007747 0.0016172 0.0008440 0.0007767 0.0015502 0.0023329 0.0007818 0.0179091 0.0163793 0.0159126 0.0157248 0.0147442 0.0151368 0.0128456 0.0170378 0.0162870 0.0188082 0.0046802 0.0151353 0.0167805 0.0143184 0.0054626 0.0058854 0.0334162 0.0031051 0.0023970 0.0023278 0.0081839 0.0110467 0.0023325 0.0112173 0.0062534 0.0023300 0.0143808 0.0062592 0.0062535 0.0065445 0.0015507 0.0016080 0.0031138 0.0031138 0.0015522 0.0069826 0.0007747 0.0015507 0.0015503 0.0015880 0.0023270 0.0015509 0.0007747 0.0454125 0.0007991 0.0134927 0.0015501 0.0131337 
Dleu_CNTNAP2         0.0200420 0.0160062 0.0137571 0.0214006 0.0161428 0.0161488 0.0154995 0.0169453 0.0170028 0.0375324 0.0055297 0.0374344 0.0068128 0.0375123 0.0119310 0.0068333 0.0047233 0.0053055 0.0046802 0.0000000 0.0114716 0.0114716 0.0209627 0.0060592 0.0061805 0.0068208 0.0052931 0.0201367 0.0189320 0.0076922 0.0153994 0.0143640 0.0083855 0.0075880 0.0053032 0.0048369 0.0049487 0.0045465 0.0052938 0.0062093 0.0045759 0.0130082 0.0153371 0.0149062 0.0135260 0.0130143 0.0138099 0.0127630 0.0155163 0.0148878 0.0168876 0.0000010 0.0141389 0.0153883 0.0130235 0.0030105 0.0024224 0.0376381 0.0075767 0.0056190 0.0060564 0.0056858 0.0157344 0.0060683 0.0095871 0.0030102 0.0054205 0.0130905 0.0030129 0.0030102 0.0017998 0.0053055 0.0048559 0.0062087 0.0062087 0.0053004 0.0105248 0.0045438 0.0052955 0.0052940 0.0054306 0.0060657 0.0053063 0.0038694 0.0493044 0.0040141 0.0125220 0.0052933 0.0121358 
EausAUS_CNTNAP2      0.0110924 0.0234624 0.0199224 0.0113718 0.0068320 0.0068343 0.0056341 0.0076062 0.0071917 0.0377253 0.0104007 0.0358998 0.0146368 0.0368830 0.0031346 0.0146819 0.0128272 0.0131137 0.0127097 0.0114716 0.0000000 0.0000010 0.0122705 0.0131278 0.0133959 0.0139086 0.0123348 0.0249655 0.0172397 0.0156599 0.0201657 0.0184619 0.0155461 0.0146996 0.0131083 0.0131438 0.0134515 0.0123384 0.0130842 0.0142246 0.0124213 0.0227787 0.0195142 0.0197619 0.0167095 0.0180366 0.0185501 0.0163708 0.0190444 0.0181056 0.0205485 0.0114716 0.0189959 0.0201531 0.0177512 0.0130276 0.0140139 0.0370073 0.0146768 0.0131099 0.0138682 0.0157345 0.0206101 0.0131480 0.0212600 0.0122311 0.0126381 0.0152945 0.0130383 0.0130267 0.0147348 0.0131137 0.0131950 0.0134582 0.0134582 0.0131009 0.0190340 0.0123321 0.0130884 0.0130849 0.0134278 0.0138898 0.0131157 0.0118195 0.0449504 0.0122695 0.0173502 0.0130830 0.0188252 
Egla13086_CNTNAP2    0.0110924 0.0234624 0.0199224 0.0113718 0.0068320 0.0068343 0.0056341 0.0076062 0.0071917 0.0377253 0.0104007 0.0358998 0.0146368 0.0368830 0.0031346 0.0146819 0.0128272 0.0131137 0.0127097 0.0114716 0.0000010 0.0000000 0.0122705 0.0131278 0.0133959 0.0139086 0.0123348 0.0249655 0.0172397 0.0156599 0.0201657 0.0184619 0.0155461 0.0146996 0.0131083 0.0131438 0.0134515 0.0123384 0.0130842 0.0142246 0.0124213 0.0227787 0.0195142 0.0197619 0.0167095 0.0180366 0.0185501 0.0163708 0.0190444 0.0181056 0.0205485 0.0114716 0.0189959 0.0201531 0.0177512 0.0130276 0.0140139 0.0370073 0.0146768 0.0131099 0.0138682 0.0157345 0.0206101 0.0131480 0.0212600 0.0122311 0.0126381 0.0152945 0.0130383 0.0130267 0.0147348 0.0131137 0.0131950 0.0134582 0.0134582 0.0131009 0.0190340 0.0123321 0.0130884 0.0130849 0.0134278 0.0138898 0.0131157 0.0118195 0.0449504 0.0122695 0.0173502 0.0130830 0.0188252 
Erob133443_CNTNAP2   0.0119326 0.0376728 0.0304999 0.0130260 0.0099167 0.0099202 0.0089007 0.0091464 0.0104417 0.0472392 0.0203219 0.0436516 0.0242428 0.0463752 0.0119313 0.0243183 0.0228041 0.0227121 0.0225929 0.0209627 0.0122705 0.0122705 0.0000000 0.0227501 0.0232210 0.0235476 0.0219286 0.0331438 0.0280120 0.0259107 0.0306962 0.0285236 0.0236745 0.0226803 0.0227036 0.0225325 0.0239315 0.0219251 0.0226602 0.0240790 0.0220730 0.0328580 0.0280071 0.0288113 0.0254419 0.0274084 0.0273827 0.0261899 0.0271995 0.0270989 0.0298873 0.0209627 0.0280499 0.0290287 0.0265617 0.0225593 0.0234177 0.0465341 0.0243225 0.0233291 0.0234647 0.0243302 0.0297621 0.0227860 0.0316414 0.0217272 0.0224767 0.0245297 0.0225781 0.0225576 0.0243207 0.0227121 0.0234685 0.0233308 0.0233308 0.0226902 0.0276172 0.0219120 0.0226680 0.0226619 0.0232623 0.0235015 0.0219519 0.0216095 0.0514717 0.0224451 0.0280296 0.0226582 0.0290955 
Fatt_CNTNAP2         0.0210319 0.0221009 0.0173208 0.0224300 0.0178623 0.0178690 0.0164651 0.0186765 0.0188240 0.0394327 0.0031447 0.0393280 0.0037614 0.0394108 0.0144349 0.0037726 0.0015642 0.0022596 0.0023289 0.0060592 0.0131278 0.0131278 0.0227501 0.0000000 0.0030799 0.0022578 0.0007509 0.0227296 0.0199178 0.0067198 0.0186237 0.0168807 0.0037853 0.0030141 0.0022586 0.0024063 0.0016379 0.0015060 0.0022546 0.0038623 0.0015157 0.0191482 0.0178751 0.0173696 0.0167881 0.0155568 0.0170113 0.0128288 0.0191319 0.0181667 0.0196946 0.0060592 0.0166003 0.0186114 0.0162140 0.0060524 0.0065048 0.0395445 0.0030097 0.0015961 0.0030093 0.0089992 0.0182102 0.0015065 0.0112173 0.0075888 0.0015401 0.0153587 0.0075957 0.0075889 0.0081935 0.0022596 0.0024158 0.0023155 0.0023155 0.0022574 0.0081668 0.0015051 0.0022553 0.0022547 0.0023126 0.0030140 0.0022599 0.0015403 0.0515236 0.0015976 0.0149651 0.0022544 0.0146592 
Ggri_CNTNAP2         0.0217961 0.0220047 0.0181464 0.0232112 0.0182288 0.0182359 0.0172535 0.0190606 0.0192315 0.0338861 0.0047183 0.0337983 0.0053906 0.0338682 0.0147419 0.0054072 0.0032057 0.0038555 0.0038827 0.0061805 0.0133959 0.0133959 0.0232210 0.0030799 0.0000000 0.0038524 0.0023061 0.0232001 0.0207386 0.0076748 0.0181864 0.0164125 0.0054085 0.0038555 0.0030758 0.0040120 0.0033560 0.0030836 0.0038468 0.0054089 0.0031036 0.0202842 0.0186500 0.0181234 0.0177911 0.0163429 0.0173591 0.0139832 0.0195388 0.0185460 0.0196413 0.0061805 0.0173575 0.0189928 0.0165451 0.0069569 0.0074888 0.0339828 0.0038498 0.0031936 0.0046211 0.0097985 0.0125016 0.0030846 0.0128046 0.0077417 0.0030814 0.0164354 0.0077489 0.0077418 0.0083920 0.0038555 0.0040268 0.0038604 0.0038604 0.0038516 0.0093307 0.0030818 0.0038480 0.0038469 0.0039482 0.0046283 0.0038561 0.0030818 0.0467182 0.0031964 0.0157222 0.0038464 0.0154430 
Gmac39091_CNTNAP2    0.0218535 0.0236010 0.0181972 0.0232741 0.0186497 0.0186568 0.0172993 0.0194659 0.0196543 0.0394708 0.0039333 0.0393658 0.0045164 0.0394356 0.0152461 0.0045299 0.0023479 0.0030147 0.0031072 0.0068208 0.0139086 0.0139086 0.0235476 0.0022578 0.0038524 0.0000000 0.0015027 0.0235261 0.0207970 0.0086648 0.0194106 0.0176956 0.0045452 0.0037700 0.0030134 0.0032106 0.0024585 0.0022604 0.0030081 0.0046378 0.0022750 0.0203633 0.0186990 0.0181700 0.0178508 0.0147013 0.0177950 0.0152141 0.0200145 0.0189678 0.0206034 0.0068208 0.0174018 0.0193981 0.0169962 0.0068131 0.0073228 0.0395824 0.0037645 0.0023957 0.0037640 0.0098239 0.0190133 0.0022611 0.0144924 0.0083528 0.0023117 0.0164699 0.0083603 0.0083529 0.0091106 0.0030147 0.0032231 0.0030893 0.0030893 0.0030118 0.0081564 0.0022591 0.0030090 0.0030082 0.0030855 0.0037698 0.0030151 0.0023120 0.0523884 0.0023979 0.0157623 0.0030078 0.0154835 
Gmel_CNTNAP2         0.0201879 0.0205599 0.0164254 0.0215605 0.0170570 0.0170634 0.0156140 0.0178682 0.0179739 0.0385609 0.0023545 0.0384593 0.0030042 0.0385406 0.0136094 0.0030131 0.0007803 0.0015039 0.0015500 0.0052931 0.0123348 0.0123348 0.0219286 0.0007509 0.0023061 0.0015027 0.0000000 0.0219090 0.0190162 0.0067198 0.0178180 0.0160488 0.0030233 0.0022569 0.0015033 0.0016004 0.0008175 0.0007518 0.0015006 0.0030847 0.0007566 0.0179049 0.0170326 0.0165518 0.0157031 0.0147118 0.0162109 0.0128288 0.0182279 0.0173471 0.0187631 0.0052931 0.0157830 0.0178059 0.0154161 0.0052872 0.0056807 0.0386707 0.0022536 0.0007967 0.0022533 0.0081666 0.0173885 0.0007520 0.0112173 0.0068187 0.0007680 0.0142275 0.0068249 0.0068188 0.0072687 0.0015039 0.0016077 0.0015410 0.0015410 0.0015025 0.0069826 0.0007513 0.0015011 0.0015007 0.0015392 0.0022568 0.0015041 0.0007681 0.0505911 0.0007974 0.0141532 0.0015005 0.0138202 
Hamp_CNTNAP2         0.0317883 0.0144917 0.0111437 0.0334846 0.0289886 0.0290004 0.0273953 0.0265389 0.0271076 0.0498681 0.0220844 0.0479310 0.0227227 0.0489576 0.0259832 0.0235705 0.0220249 0.0219626 0.0209980 0.0201367 0.0249655 0.0249655 0.0331438 0.0227296 0.0232001 0.0235261 0.0219090 0.0000000 0.0280548 0.0247531 0.0249792 0.0234209 0.0252333 0.0243416 0.0219543 0.0208311 0.0222209 0.0211743 0.0219124 0.0233133 0.0213174 0.0093888 0.0096373 0.0085672 0.0072100 0.0097137 0.0076172 0.0092525 0.0094167 0.0085559 0.0114779 0.0201367 0.0062156 0.0076131 0.0068454 0.0217280 0.0190887 0.0506864 0.0243017 0.0215796 0.0227175 0.0208348 0.0271617 0.0227656 0.0348999 0.0217253 0.0207567 0.0266814 0.0217461 0.0201052 0.0184990 0.0219626 0.0209280 0.0233098 0.0233098 0.0219414 0.0203899 0.0211617 0.0219199 0.0219140 0.0208504 0.0227533 0.0219662 0.0208415 0.0612454 0.0199255 0.0093651 0.0219104 0.0105008 
Hippo_CNTNAP2        0.0201972 0.0259983 0.0228670 0.0216942 0.0190945 0.0198377 0.0189529 0.0216264 0.0207676 0.0197964 0.0219354 0.0197238 0.0216379 0.0206038 0.0179758 0.0208136 0.0199192 0.0208136 0.0208058 0.0189320 0.0172397 0.0172397 0.0280120 0.0199178 0.0207386 0.0207970 0.0190162 0.0280548 0.0000000 0.0220433 0.0243143 0.0235612 0.0199384 0.0208175 0.0198862 0.0217534 0.0209813 0.0198862 0.0207611 0.0216420 0.0198862 0.0262346 0.0248144 0.0232960 0.0231002 0.0224618 0.0224369 0.0270681 0.0251399 0.0238581 0.0265005 0.0189320 0.0224349 0.0242383 0.0215392 0.0198004 0.0200301 0.0206408 0.0207803 0.0199046 0.0216501 0.0209852 0.0206160 0.0190621 0.0369244 0.0200060 0.0199281 0.0261158 0.0207173 0.0206966 0.0216351 0.0208136 0.0209684 0.0208445 0.0208445 0.0207820 0.0233601 0.0199290 0.0207688 0.0207627 0.0208657 0.0216877 0.0208174 0.0199290 0.0334440 0.0199055 0.0197647 0.0207590 0.0224099 
Igeo_CNTNAP2         0.0257374 0.0238718 0.0172852 0.0267481 0.0216804 0.0216910 0.0206155 0.0206694 0.0220221 0.0362218 0.0078951 0.0341777 0.0076855 0.0361976 0.0166814 0.0077119 0.0057710 0.0057710 0.0067998 0.0076922 0.0156599 0.0156599 0.0259107 0.0067198 0.0076748 0.0086648 0.0067198 0.0247531 0.0220433 0.0000000 0.0186057 0.0197330 0.0096564 0.0086738 0.0057571 0.0070819 0.0050741 0.0057752 0.0067211 0.0086884 0.0058230 0.0153211 0.0203073 0.0185900 0.0174462 0.0174282 0.0186457 0.0156357 0.0216137 0.0201656 0.0206145 0.0076922 0.0186437 0.0196617 0.0176312 0.0076852 0.0062650 0.0363505 0.0076905 0.0080539 0.0076915 0.0111576 0.0156029 0.0067198 0.0178145 0.0086624 0.0077006 0.0202015 0.0086681 0.0086626 0.0072428 0.0057710 0.0060961 0.0077087 0.0077087 0.0067316 0.0080304 0.0057710 0.0057571 0.0067214 0.0049507 0.0057899 0.0067412 0.0057710 0.0537575 0.0060413 0.0166061 0.0067203 0.0152191 
Kbre_CNTNAP2         0.0284107 0.0206562 0.0209301 0.0300087 0.0241814 0.0241909 0.0223275 0.0250106 0.0254864 0.0445445 0.0177992 0.0437093 0.0178216 0.0461585 0.0209837 0.0194468 0.0177606 0.0178611 0.0159654 0.0153994 0.0201657 0.0201657 0.0306962 0.0186237 0.0181864 0.0194106 0.0178180 0.0249792 0.0243143 0.0186057 0.0000000 0.0071454 0.0203557 0.0202118 0.0178541 0.0173485 0.0186305 0.0170812 0.0178207 0.0182736 0.0171952 0.0216125 0.0220485 0.0214064 0.0167913 0.0189073 0.0209604 0.0162828 0.0226662 0.0213749 0.0224295 0.0153994 0.0206407 0.0225760 0.0201550 0.0169729 0.0165784 0.0463157 0.0201795 0.0172604 0.0186142 0.0183127 0.0181929 0.0186526 0.0296185 0.0169710 0.0174383 0.0130493 0.0169869 0.0169716 0.0166713 0.0178611 0.0165779 0.0182711 0.0182711 0.0178438 0.0178460 0.0170711 0.0178266 0.0178218 0.0182907 0.0186432 0.0178640 0.0158447 0.0547269 0.0156206 0.0189852 0.0178191 0.0205266 
Ksim_CNTNAP2         0.0278198 0.0191534 0.0178923 0.0285531 0.0226118 0.0226209 0.0214823 0.0234678 0.0221135 0.0444641 0.0159555 0.0435985 0.0168612 0.0461375 0.0183731 0.0177298 0.0150498 0.0160890 0.0149224 0.0143640 0.0184619 0.0184619 0.0285236 0.0168807 0.0164125 0.0176956 0.0160488 0.0234209 0.0235612 0.0197330 0.0071454 0.0000000 0.0178429 0.0185239 0.0160823 0.0163235 0.0158157 0.0152809 0.0160513 0.0173257 0.0153867 0.0189236 0.0203065 0.0196944 0.0165165 0.0170371 0.0184388 0.0175733 0.0208139 0.0188161 0.0186184 0.0143640 0.0188988 0.0201013 0.0176104 0.0159936 0.0155031 0.0463004 0.0184935 0.0162373 0.0168719 0.0181945 0.0180834 0.0160488 0.0267584 0.0159918 0.0164602 0.0138743 0.0160072 0.0159923 0.0154683 0.0160890 0.0155182 0.0173233 0.0173233 0.0160728 0.0148886 0.0152716 0.0160568 0.0160522 0.0156489 0.0168992 0.0160916 0.0148052 0.0551920 0.0145312 0.0171910 0.0160498 0.0187181 
Lacu_CNTNAP2         0.0219018 0.0206234 0.0182273 0.0233271 0.0187497 0.0187568 0.0173113 0.0195704 0.0197654 0.0403078 0.0055222 0.0394816 0.0060572 0.0402856 0.0169554 0.0060755 0.0039372 0.0045488 0.0046671 0.0083855 0.0155461 0.0155461 0.0236745 0.0037853 0.0054085 0.0045452 0.0030233 0.0252333 0.0199384 0.0096564 0.0203557 0.0178429 0.0000000 0.0053092 0.0037803 0.0048303 0.0041186 0.0037897 0.0045387 0.0062010 0.0038142 0.0215753 0.0203823 0.0198037 0.0178544 0.0180480 0.0194566 0.0164066 0.0218616 0.0206713 0.0215211 0.0083855 0.0190361 0.0210733 0.0186507 0.0083759 0.0081810 0.0404221 0.0053014 0.0039990 0.0053007 0.0114773 0.0199301 0.0030294 0.0144589 0.0099302 0.0038640 0.0176964 0.0099392 0.0099304 0.0100655 0.0045488 0.0048419 0.0046472 0.0046472 0.0045443 0.0081506 0.0037875 0.0045401 0.0045389 0.0046559 0.0053088 0.0045495 0.0038644 0.0489965 0.0040026 0.0173866 0.0045383 0.0171629 
Lalb_CNTNAP2         0.0218736 0.0236410 0.0182149 0.0232964 0.0194509 0.0194583 0.0173152 0.0202697 0.0205000 0.0411141 0.0039366 0.0410038 0.0052756 0.0410913 0.0160691 0.0052914 0.0031345 0.0037730 0.0031098 0.0075880 0.0146996 0.0146996 0.0226803 0.0030141 0.0038555 0.0037700 0.0022569 0.0243416 0.0208175 0.0086738 0.0202118 0.0185239 0.0053092 0.0000000 0.0037713 0.0032133 0.0032833 0.0030176 0.0037647 0.0046415 0.0030371 0.0203910 0.0187161 0.0181862 0.0178727 0.0164009 0.0185918 0.0152338 0.0209138 0.0197831 0.0206243 0.0075880 0.0174172 0.0201991 0.0177908 0.0075794 0.0081471 0.0412306 0.0030122 0.0023977 0.0045223 0.0098326 0.0190303 0.0030186 0.0145182 0.0091232 0.0023136 0.0164900 0.0091315 0.0091233 0.0100364 0.0037730 0.0032259 0.0030918 0.0030918 0.0037693 0.0081562 0.0030159 0.0037658 0.0037648 0.0038616 0.0045293 0.0037735 0.0023139 0.0533000 0.0023999 0.0157761 0.0037643 0.0154976 
Laus_CNTNAP2         0.0201320 0.0190794 0.0155566 0.0214994 0.0178264 0.0178331 0.0155701 0.0186389 0.0187842 0.0394551 0.0015690 0.0393503 0.0030099 0.0394333 0.0136376 0.0030189 0.0007818 0.0015068 0.0007747 0.0053032 0.0131083 0.0131083 0.0227036 0.0022586 0.0030758 0.0030134 0.0015033 0.0219543 0.0198862 0.0057571 0.0178541 0.0160823 0.0037803 0.0037713 0.0000000 0.0008000 0.0008192 0.0007532 0.0015035 0.0023126 0.0007581 0.0167028 0.0162159 0.0157583 0.0146497 0.0138894 0.0162435 0.0128288 0.0182693 0.0173828 0.0178632 0.0053032 0.0149888 0.0178420 0.0154470 0.0052973 0.0056926 0.0395661 0.0037658 0.0015939 0.0022576 0.0073469 0.0165926 0.0022619 0.0112173 0.0068319 0.0015381 0.0131265 0.0068381 0.0068320 0.0072856 0.0015068 0.0008027 0.0023124 0.0023124 0.0015053 0.0069826 0.0007528 0.0015039 0.0015035 0.0015422 0.0022611 0.0015070 0.0000010 0.0506564 0.0000010 0.0133615 0.0015033 0.0130024 
Lbor_CNTNAP2         0.0210406 0.0206029 0.0170673 0.0224970 0.0173372 0.0173441 0.0162850 0.0182019 0.0165228 0.0354631 0.0024366 0.0353662 0.0032067 0.0354433 0.0128458 0.0032168 0.0008355 0.0016046 0.0016172 0.0048369 0.0131438 0.0131438 0.0225325 0.0024063 0.0040120 0.0032106 0.0016004 0.0208311 0.0217534 0.0070819 0.0173485 0.0163235 0.0048303 0.0032133 0.0008000 0.0000000 0.0008758 0.0008022 0.0016007 0.0024124 0.0008080 0.0181616 0.0178106 0.0172859 0.0135654 0.0153892 0.0164845 0.0141979 0.0178256 0.0168366 0.0195211 0.0048369 0.0147806 0.0164755 0.0156360 0.0056459 0.0060980 0.0355689 0.0032084 0.0024989 0.0024052 0.0059491 0.0114215 0.0024101 0.0128580 0.0064629 0.0024075 0.0144137 0.0064691 0.0064630 0.0065871 0.0016046 0.0016796 0.0032176 0.0032176 0.0016028 0.0086440 0.0008017 0.0016012 0.0016007 0.0016456 0.0024091 0.0016048 0.0008017 0.0458801 0.0008311 0.0147788 0.0016005 0.0122670 
Lhos30470_CNTNAP2    0.0211683 0.0190794 0.0162588 0.0225899 0.0185991 0.0186068 0.0170893 0.0194870 0.0188501 0.0413976 0.0017151 0.0421744 0.0024554 0.0422732 0.0134547 0.0016375 0.0000010 0.0000010 0.0008440 0.0049487 0.0134515 0.0134515 0.0239315 0.0016379 0.0033560 0.0024585 0.0008175 0.0222209 0.0209813 0.0050741 0.0186305 0.0158157 0.0041186 0.0032833 0.0008192 0.0008758 0.0000000 0.0000010 0.0008177 0.0025239 0.0000010 0.0167028 0.0177799 0.0172308 0.0164802 0.0152407 0.0168716 0.0146180 0.0191136 0.0181157 0.0188465 0.0049487 0.0163918 0.0186170 0.0160022 0.0049427 0.0053477 0.0415258 0.0032782 0.0017451 0.0016372 0.0079683 0.0181689 0.0016406 0.0112173 0.0066125 0.0016783 0.0138871 0.0066190 0.0057765 0.0070596 0.0000010 0.0000010 0.0025236 0.0025236 0.0008188 0.0066286 0.0000010 0.0000010 0.0008177 0.0000010 0.0008175 0.0008181 0.0000010 0.0535049 0.0000010 0.0146083 0.0008176 0.0142478 
Lhos452_CNTNAP2      0.0201847 0.0191564 0.0156004 0.0215569 0.0170546 0.0170610 0.0156118 0.0178657 0.0179236 0.0394724 0.0015690 0.0393675 0.0022578 0.0394508 0.0128379 0.0022646 0.0000010 0.0007535 0.0007767 0.0045465 0.0123384 0.0123384 0.0219251 0.0015060 0.0030836 0.0022604 0.0007518 0.0211743 0.0198862 0.0057752 0.0170812 0.0152809 0.0037897 0.0030176 0.0007532 0.0008022 0.0000010 0.0000000 0.0007519 0.0023126 0.0000010 0.0167028 0.0162159 0.0157989 0.0146497 0.0139265 0.0154728 0.0128288 0.0173537 0.0165958 0.0179153 0.0045465 0.0150274 0.0170693 0.0146773 0.0045414 0.0048675 0.0395841 0.0030132 0.0015982 0.0015053 0.0073666 0.0166345 0.0015082 0.0112765 0.0060740 0.0015420 0.0131735 0.0060794 0.0060740 0.0063573 0.0007535 0.0008051 0.0023182 0.0023182 0.0007528 0.0069826 0.0000010 0.0007521 0.0007519 0.0007693 0.0015076 0.0007536 0.0000010 0.0506007 0.0000010 0.0133962 0.0007518 0.0130369 
Lobl_CNTNAP2         0.0209468 0.0205659 0.0164282 0.0223364 0.0177932 0.0177998 0.0163978 0.0186040 0.0187472 0.0401878 0.0023548 0.0400809 0.0030046 0.0385365 0.0136115 0.0030136 0.0007804 0.0015041 0.0015502 0.0052938 0.0130842 0.0130842 0.0226602 0.0022546 0.0038468 0.0030081 0.0015006 0.0219124 0.0207611 0.0067211 0.0178207 0.0160513 0.0045387 0.0037647 0.0015035 0.0016007 0.0008177 0.0007519 0.0000000 0.0030851 0.0007567 0.0179091 0.0170353 0.0165544 0.0157064 0.0147141 0.0162133 0.0128288 0.0182310 0.0173498 0.0187664 0.0052938 0.0157855 0.0178087 0.0154184 0.0052879 0.0056816 0.0386666 0.0037592 0.0023920 0.0022537 0.0081679 0.0173912 0.0022580 0.0112173 0.0068197 0.0023084 0.0142305 0.0068259 0.0068198 0.0072700 0.0015041 0.0016080 0.0030848 0.0030848 0.0015027 0.0069826 0.0007514 0.0015013 0.0015009 0.0015394 0.0022571 0.0015044 0.0007682 0.0513184 0.0007975 0.0141554 0.0015007 0.0138224 
Lobs_CNTNAP2         0.0209863 0.0206637 0.0173682 0.0240985 0.0174340 0.0174407 0.0172762 0.0199020 0.0200630 0.0356893 0.0031443 0.0355955 0.0046322 0.0356701 0.0148149 0.0046464 0.0024098 0.0030921 0.0023329 0.0062093 0.0142246 0.0142246 0.0240790 0.0038623 0.0054089 0.0046378 0.0030847 0.0233133 0.0216420 0.0086884 0.0182736 0.0173257 0.0062010 0.0046415 0.0023126 0.0024124 0.0025239 0.0023126 0.0030851 0.0000000 0.0023337 0.0191232 0.0186923 0.0182100 0.0157140 0.0155845 0.0174422 0.0151886 0.0186902 0.0186369 0.0188291 0.0062093 0.0174406 0.0190841 0.0166239 0.0069885 0.0075057 0.0357915 0.0046346 0.0031996 0.0038606 0.0090155 0.0125610 0.0038682 0.0129111 0.0077777 0.0038642 0.0154009 0.0077849 0.0077778 0.0074684 0.0030921 0.0024201 0.0046475 0.0046475 0.0030890 0.0081566 0.0023171 0.0030861 0.0030852 0.0031580 0.0038666 0.0030926 0.0023171 0.0477035 0.0016005 0.0157974 0.0030848 0.0155192 
LperAUS_CNTNAP2      0.0203253 0.0190794 0.0157165 0.0208661 0.0171683 0.0171748 0.0155701 0.0179850 0.0180976 0.0380569 0.0015835 0.0371351 0.0022724 0.0372133 0.0129259 0.0015176 0.0000010 0.0007584 0.0007818 0.0045759 0.0124213 0.0124213 0.0220730 0.0015157 0.0031036 0.0022750 0.0007566 0.0213174 0.0198862 0.0058230 0.0171952 0.0153867 0.0038142 0.0030371 0.0007581 0.0008080 0.0000010 0.0000010 0.0007567 0.0023337 0.0000000 0.0167028 0.0163726 0.0159063 0.0146497 0.0138894 0.0155758 0.0128288 0.0175333 0.0167085 0.0178632 0.0045759 0.0151297 0.0171832 0.0147748 0.0045708 0.0049152 0.0381656 0.0030327 0.0015939 0.0015151 0.0073469 0.0167488 0.0015180 0.0112173 0.0061133 0.0015522 0.0132982 0.0061188 0.0061133 0.0063573 0.0007584 0.0008027 0.0023335 0.0023335 0.0007576 0.0069826 0.0000010 0.0007569 0.0007567 0.0007763 0.0015174 0.0007585 0.0000010 0.0483125 0.0000010 0.0134874 0.0007566 0.0131275 
Mbid_CNTNAP2         0.0270353 0.0049457 0.0060020 0.0264221 0.0264503 0.0252226 0.0252226 0.0227257 0.0264802 0.0342707 0.0193242 0.0316402 0.0179334 0.0341576 0.0215694 0.0179091 0.0167028 0.0167028 0.0179091 0.0130082 0.0227787 0.0227787 0.0328580 0.0191482 0.0202842 0.0203633 0.0179049 0.0093888 0.0262346 0.0153211 0.0216125 0.0189236 0.0215753 0.0203910 0.0167028 0.0181616 0.0167028 0.0167028 0.0179091 0.0191232 0.0167028 0.0000000 0.0048211 0.0034868 0.0043079 0.0046621 0.0034955 0.0017024 0.0024954 0.0023967 0.0074619 0.0130082 0.0034949 0.0058523 0.0023252 0.0154128 0.0154222 0.0341719 0.0191123 0.0179049 0.0191331 0.0154876 0.0165371 0.0191943 0.0338562 0.0166371 0.0179049 0.0232070 0.0166611 0.0154128 0.0154506 0.0167028 0.0168738 0.0203942 0.0203942 0.0179449 0.0215481 0.0167028 0.0167028 0.0179108 0.0167028 0.0167028 0.0167028 0.0167028 0.0594168 0.0167450 0.0046562 0.0179066 0.0082123 
Mbow_CNTNAP2         0.0265708 0.0072360 0.0061344 0.0281576 0.0245200 0.0245301 0.0220006 0.0219807 0.0239973 0.0400321 0.0156205 0.0381219 0.0178696 0.0391228 0.0203464 0.0187355 0.0169371 0.0170753 0.0163793 0.0153371 0.0195142 0.0195142 0.0280071 0.0178751 0.0186500 0.0186990 0.0170326 0.0096373 0.0248144 0.0203073 0.0220485 0.0203065 0.0203823 0.0187161 0.0162159 0.0178106 0.0177799 0.0162159 0.0170353 0.0186923 0.0163726 0.0048211 0.0000000 0.0039702 0.0041088 0.0049577 0.0031761 0.0045970 0.0043512 0.0039748 0.0061926 0.0153371 0.0031758 0.0047785 0.0023784 0.0161511 0.0146873 0.0400025 0.0186851 0.0168402 0.0178654 0.0178664 0.0177746 0.0179036 0.0353002 0.0169846 0.0178839 0.0245395 0.0170020 0.0169852 0.0145472 0.0170753 0.0161370 0.0187389 0.0187389 0.0170584 0.0171307 0.0162488 0.0170412 0.0170364 0.0157207 0.0178949 0.0170782 0.0162488 0.0525312 0.0151590 0.0047741 0.0162159 0.0074446 
