92
Bacu_HTT         0.0000000 0.0444055 0.0295382 0.0031266 0.0069018 0.0062257 0.0094779 0.0089803 0.0132375 0.0080171 0.0083406 0.0910497 0.0445738 0.0832838 0.0277173 0.0099482 0.0388051 0.0309445 0.0308176 0.0298463 0.0301188 0.0118576 0.0178045 0.0144899 0.0090521 0.0498709 0.0290039 0.0352932 0.0287153 0.0250663 0.0655239 0.0259508 0.0346004 0.0351259 0.0306690 0.0393318 0.0271508 0.0269584 0.0276709 0.0293411 0.0290939 0.0255478 0.0261392 0.0574629 0.0311321 0.0264951 0.0401063 0.0450102 0.0219211 0.0264691 0.0222847 0.0238880 0.0246741 0.0237764 0.0301319 0.0185010 0.0242138 0.0239794 0.0241045 0.0480486 0.0313459 0.0958071 0.0270079 0.0317318 0.0290947 0.0282301 0.0259179 0.0355415 0.0291574 0.0263197 0.0298827 0.0340648 0.0261122 0.0304719 0.0434307 0.0273297 0.0294597 0.0296733 0.0269901 0.0319384 0.0661494 0.0287594 0.0319183 0.0299940 0.0279020 0.0300414 0.0281211 0.0303992 0.0306686 0.0249155 0.0311793 0.0255683 
Barn_HTT         0.0444055 0.0000000 0.0244963 0.0458986 0.0464324 0.0454468 0.0463286 0.0477868 0.0404377 0.0418378 0.0407964 0.1105892 0.0127194 0.0987634 0.0423450 0.0463410 0.0645802 0.0358692 0.0390029 0.0378594 0.0366520 0.0405805 0.0396486 0.0409779 0.0423673 0.0393416 0.0378596 0.0603194 0.0350641 0.0321808 0.0805818 0.0424322 0.0560698 0.0514883 0.0454946 0.0603538 0.0411933 0.0290631 0.0343257 0.0394533 0.0358510 0.0375095 0.0384148 0.0424388 0.0429929 0.0331074 0.0639238 0.0060329 0.0302318 0.0325133 0.0344189 0.0278672 0.0324457 0.0286710 0.0381649 0.0577520 0.0291879 0.0288876 0.0282816 0.0404032 0.0409910 0.1138246 0.0378513 0.0383672 0.0350641 0.0441768 0.0416462 0.0353221 0.0398496 0.0403664 0.0448620 0.0271874 0.0384326 0.0397717 0.0171586 0.0367382 0.0384268 0.0352609 0.0362533 0.0387179 0.0162577 0.0366105 0.0378100 0.0373229 0.0349068 0.0374952 0.0395003 0.0394533 0.0384451 0.0326723 0.0366230 0.0314873 
Bbai76728_HTT    0.0295382 0.0244963 0.0000000 0.0287393 0.0200858 0.0219350 0.0226359 0.0318109 0.0267737 0.0274401 0.0179850 0.0966322 0.0375033 0.0904828 0.0201642 0.0208766 0.0323494 0.0273603 0.0199197 0.0202349 0.0250011 0.0209894 0.0219672 0.0201487 0.0199219 0.0458784 0.0210891 0.0284463 0.0231704 0.0068413 0.0685004 0.0233243 0.0297121 0.0291449 0.0209929 0.0326543 0.0201714 0.0160851 0.0254507 0.0201640 0.0244774 0.0178745 0.0183573 0.0325606 0.0130167 0.0077748 0.0220853 0.0221599 0.0053765 0.0078847 0.0053881 0.0062907 0.0074376 0.0058425 0.0258426 0.0393130 0.0068956 0.0062453 0.0059249 0.0278341 0.0271771 0.1042831 0.0177168 0.0249528 0.0240447 0.0203383 0.0182411 0.0213733 0.0220970 0.0182179 0.0296708 0.0232756 0.0174110 0.0276022 0.0377435 0.0184568 0.0184046 0.0267434 0.0178768 0.0217940 0.0558031 0.0264069 0.0201264 0.0191783 0.0188969 0.0196617 0.0197010 0.0210789 0.0262438 0.0084565 0.0257837 0.0086901 
BbonAUS_HTT      0.0031266 0.0458986 0.0287393 0.0000000 0.0069845 0.0072840 0.0078043 0.0094651 0.0107770 0.0076796 0.0078193 0.0931622 0.0401438 0.0796271 0.0231426 0.0110360 0.0375522 0.0282804 0.0287778 0.0273171 0.0270702 0.0092538 0.0154895 0.0117003 0.0097016 0.0497641 0.0284072 0.0323602 0.0253715 0.0227987 0.0648722 0.0253943 0.0331413 0.0341718 0.0265011 0.0400446 0.0226219 0.0217591 0.0252468 0.0246274 0.0253977 0.0213109 0.0204258 0.0337664 0.0326266 0.0252445 0.0382275 0.0465552 0.0223198 0.0257290 0.0212836 0.0254306 0.0252623 0.0225853 0.0266501 0.0185362 0.0255173 0.0244292 0.0242949 0.0277235 0.0283640 0.0983616 0.0241643 0.0256090 0.0258136 0.0271379 0.0218962 0.0225175 0.0276859 0.0226196 0.0297126 0.0325165 0.0227506 0.0279145 0.0453033 0.0240780 0.0250743 0.0273786 0.0238070 0.0281931 0.0628743 0.0258432 0.0297397 0.0256141 0.0261756 0.0270931 0.0259205 0.0279770 0.0278925 0.0244971 0.0279266 0.0249900 
Bbor_HTT         0.0069018 0.0464324 0.0200858 0.0069845 0.0000000 0.0008725 0.0013658 0.0051679 0.0092276 0.0060506 0.0075160 0.0834233 0.0419733 0.0761002 0.0209937 0.0094188 0.0217159 0.0219363 0.0224946 0.0219008 0.0193253 0.0072460 0.0094315 0.0103436 0.0091330 0.0461392 0.0230838 0.0188154 0.0184154 0.0201864 0.0636033 0.0253956 0.0270274 0.0269713 0.0232694 0.0207465 0.0186730 0.0196441 0.0190551 0.0208596 0.0184235 0.0195117 0.0182765 0.0433599 0.0283076 0.0206809 0.0202529 0.0359844 0.0180761 0.0208760 0.0184566 0.0201468 0.0210243 0.0196641 0.0197882 0.0160859 0.0197693 0.0207660 0.0191535 0.0365773 0.0219089 0.0894237 0.0190455 0.0208310 0.0188795 0.0209538 0.0198409 0.0222054 0.0222044 0.0198363 0.0207096 0.0272798 0.0197956 0.0206707 0.0447662 0.0209330 0.0200358 0.0216304 0.0181894 0.0222344 0.0598754 0.0194229 0.0235887 0.0214175 0.0201645 0.0218127 0.0204446 0.0213091 0.0212337 0.0205212 0.0216220 0.0213271 
Bede66737_HTT    0.0062257 0.0454468 0.0219350 0.0072840 0.0008725 0.0000000 0.0031009 0.0049752 0.0097478 0.0058569 0.0064870 0.0854578 0.0405948 0.0764338 0.0198243 0.0091397 0.0206236 0.0247219 0.0251899 0.0245902 0.0216146 0.0062670 0.0097127 0.0107242 0.0090284 0.0440945 0.0253052 0.0177498 0.0211679 0.0191444 0.0618626 0.0240056 0.0265645 0.0293406 0.0237029 0.0233560 0.0217922 0.0189679 0.0221892 0.0215274 0.0211780 0.0181869 0.0170400 0.0484634 0.0304477 0.0226290 0.0191721 0.0385817 0.0199984 0.0232567 0.0174886 0.0232449 0.0236663 0.0218310 0.0216266 0.0159534 0.0221641 0.0230704 0.0225233 0.0388271 0.0242371 0.0902546 0.0215507 0.0234710 0.0216198 0.0239284 0.0188148 0.0203521 0.0244352 0.0184827 0.0233854 0.0326896 0.0186489 0.0229154 0.0444113 0.0198288 0.0233786 0.0240233 0.0210597 0.0252026 0.0636101 0.0223725 0.0269972 0.0241301 0.0227187 0.0242680 0.0234385 0.0239015 0.0242515 0.0222065 0.0242808 0.0234351 
BedeAUS_HTT      0.0094779 0.0463286 0.0226359 0.0078043 0.0013658 0.0031009 0.0000000 0.0068777 0.0123800 0.0085878 0.0071497 0.0829759 0.0389806 0.0772168 0.0232161 0.0080246 0.0239891 0.0258233 0.0288480 0.0257633 0.0246273 0.0076536 0.0113632 0.0130808 0.0090924 0.0493421 0.0272237 0.0188383 0.0241609 0.0221240 0.0626234 0.0242545 0.0292286 0.0291036 0.0238659 0.0270665 0.0215197 0.0216157 0.0248349 0.0216844 0.0246248 0.0213342 0.0218001 0.0564434 0.0294096 0.0243532 0.0205627 0.0383603 0.0222053 0.0246154 0.0177724 0.0246585 0.0238764 0.0228691 0.0246412 0.0183301 0.0225083 0.0216911 0.0226198 0.0461303 0.0275927 0.0857788 0.0248445 0.0245863 0.0246335 0.0262408 0.0201136 0.0234728 0.0255008 0.0219872 0.0274096 0.0335201 0.0214874 0.0259813 0.0443578 0.0210097 0.0258135 0.0279808 0.0235667 0.0263884 0.0678958 0.0249635 0.0282686 0.0251899 0.0278040 0.0242920 0.0241665 0.0276735 0.0243296 0.0257917 0.0274102 0.0226235 
Bmus_HTT         0.0089803 0.0477868 0.0318109 0.0094651 0.0051679 0.0049752 0.0068777 0.0000000 0.0135826 0.0072852 0.0062430 0.0916046 0.0446960 0.0852860 0.0286508 0.0108001 0.0392647 0.0321913 0.0316988 0.0307092 0.0304798 0.0122812 0.0185947 0.0149141 0.0094851 0.0508766 0.0298445 0.0362191 0.0290740 0.0268100 0.0662698 0.0259904 0.0354767 0.0356085 0.0316228 0.0406003 0.0276563 0.0265145 0.0284790 0.0297883 0.0294535 0.0264140 0.0271025 0.0579811 0.0311957 0.0270124 0.0418137 0.0473697 0.0232830 0.0260819 0.0238203 0.0248556 0.0252120 0.0233499 0.0304930 0.0168504 0.0255459 0.0249295 0.0249873 0.0488880 0.0317377 0.0964591 0.0279152 0.0330083 0.0294544 0.0282680 0.0268561 0.0356389 0.0300214 0.0272283 0.0298778 0.0357363 0.0265890 0.0308335 0.0446184 0.0281807 0.0300049 0.0309319 0.0279109 0.0319856 0.0673763 0.0300275 0.0323677 0.0308562 0.0287718 0.0308708 0.0285880 0.0312911 0.0306964 0.0262364 0.0315421 0.0275426 
Bmys_HTT         0.0132375 0.0404377 0.0267737 0.0107770 0.0092276 0.0097478 0.0123800 0.0135826 0.0000000 0.0088380 0.0115281 0.0895648 0.0382637 0.0809948 0.0236418 0.0101472 0.0325616 0.0264590 0.0248202 0.0247622 0.0256089 0.0028516 0.0085281 0.0042981 0.0078509 0.0462261 0.0252977 0.0314910 0.0241918 0.0213047 0.0607936 0.0228163 0.0292541 0.0278320 0.0287404 0.0365608 0.0225640 0.0210260 0.0220261 0.0234470 0.0252505 0.0221875 0.0214455 0.0411890 0.0199102 0.0213635 0.0336630 0.0390424 0.0173920 0.0229611 0.0136372 0.0195025 0.0200566 0.0188390 0.0256203 0.0186901 0.0203991 0.0197593 0.0215723 0.0355142 0.0255576 0.0943369 0.0221950 0.0266798 0.0245703 0.0245332 0.0213996 0.0242735 0.0254974 0.0228958 0.0259994 0.0272728 0.0223149 0.0259653 0.0373841 0.0230632 0.0243632 0.0246876 0.0221001 0.0264839 0.0573079 0.0232197 0.0271037 0.0236992 0.0235762 0.0251915 0.0230818 0.0247546 0.0230156 0.0209132 0.0256052 0.0215465 
Bphy_HTT         0.0080171 0.0418378 0.0274401 0.0076796 0.0060506 0.0058569 0.0085878 0.0072852 0.0088380 0.0000000 0.0004427 0.0815167 0.0362227 0.0728856 0.0198449 0.0084522 0.0220397 0.0253250 0.0235514 0.0240088 0.0243409 0.0068771 0.0137747 0.0100837 0.0066223 0.0458286 0.0255566 0.0182304 0.0231623 0.0210932 0.0595305 0.0210587 0.0260565 0.0260098 0.0237456 0.0240837 0.0211301 0.0185973 0.0214048 0.0232775 0.0235802 0.0191564 0.0177109 0.0311917 0.0278484 0.0207360 0.0188656 0.0429462 0.0164919 0.0217433 0.0139544 0.0187806 0.0202206 0.0192998 0.0243405 0.0149360 0.0204834 0.0202554 0.0212012 0.0241509 0.0243374 0.0845895 0.0206342 0.0252677 0.0235692 0.0204371 0.0189215 0.0198616 0.0238441 0.0195283 0.0243998 0.0280065 0.0185781 0.0247445 0.0365148 0.0210226 0.0211973 0.0237906 0.0200861 0.0255610 0.0599758 0.0223384 0.0258994 0.0225544 0.0219157 0.0239627 0.0230348 0.0238474 0.0219745 0.0214956 0.0255211 0.0217621 
Bphy_baits_HTT   0.0083406 0.0407964 0.0179850 0.0078193 0.0075160 0.0064870 0.0071497 0.0062430 0.0115281 0.0004427 0.0000000 0.0771368 0.0344087 0.0715552 0.0198834 0.0089685 0.0339486 0.0215428 0.0221816 0.0209138 0.0203835 0.0076825 0.0101823 0.0118408 0.0088867 0.0462542 0.0212872 0.0293906 0.0186028 0.0193446 0.0595954 0.0218115 0.0294106 0.0273372 0.0238260 0.0336876 0.0159242 0.0177768 0.0179872 0.0209078 0.0181808 0.0181994 0.0172061 0.0476404 0.0267924 0.0192547 0.0369259 0.0339649 0.0177679 0.0202137 0.0143440 0.0195578 0.0188729 0.0201478 0.0203950 0.0136623 0.0203653 0.0191169 0.0177722 0.0352670 0.0207075 0.0820737 0.0184819 0.0199633 0.0186198 0.0185345 0.0188214 0.0173400 0.0215135 0.0195043 0.0248898 0.0245305 0.0188403 0.0203782 0.0395894 0.0207456 0.0171971 0.0202580 0.0173653 0.0225122 0.0565080 0.0189538 0.0236029 0.0203948 0.0191169 0.0209639 0.0186536 0.0218322 0.0188447 0.0194163 0.0216975 0.0198384 
Btau_HTT         0.0910497 0.1105892 0.0966322 0.0931622 0.0834233 0.0854578 0.0829759 0.0916046 0.0895648 0.0815167 0.0771368 0.0000000 0.1039568 0.0433593 0.0915413 0.0840760 0.1044096 0.0995001 0.0965961 0.0947322 0.0928554 0.0859097 0.0939123 0.0937309 0.0909470 0.1177813 0.0924925 0.1000782 0.0904800 0.0859217 0.0922128 0.0918102 0.0953857 0.0950997 0.0988733 0.1048154 0.0907377 0.0865300 0.0945354 0.0956194 0.0899273 0.0860693 0.0898891 0.1210252 0.0878325 0.0828556 0.1045627 0.1052381 0.0825579 0.0887172 0.0893740 0.0828070 0.0849786 0.0819992 0.0926395 0.0959617 0.0893222 0.0841951 0.0851416 0.1134877 0.0935792 0.0403865 0.0921464 0.0953205 0.0912717 0.0948415 0.0912015 0.0967434 0.0921314 0.0919296 0.0902052 0.0888982 0.0874068 0.0928465 0.1063938 0.0929404 0.0937348 0.0956454 0.0890728 0.0989219 0.1246764 0.0947360 0.0981782 0.0964301 0.0919745 0.0953776 0.0958464 0.0962913 0.0927814 0.0909814 0.0925538 0.0839444 
Ccom40_HTT       0.0445738 0.0127194 0.0375033 0.0401438 0.0419733 0.0405948 0.0389806 0.0446960 0.0382637 0.0362227 0.0344087 0.1039568 0.0000000 0.0974427 0.0194300 0.0384258 0.0405121 0.0230597 0.0230203 0.0236518 0.0229153 0.0376890 0.0365117 0.0411800 0.0386134 0.0570303 0.0219554 0.0349893 0.0187397 0.0402532 0.0800217 0.0333822 0.0480231 0.0465770 0.0267016 0.0402690 0.0183641 0.0148185 0.0209352 0.0242467 0.0171775 0.0184746 0.0194088 0.0363348 0.0474817 0.0412161 0.0661266 0.0166429 0.0350840 0.0463394 0.0465324 0.0366233 0.0409793 0.0366641 0.0229144 0.0518245 0.0397362 0.0409561 0.0385553 0.0246838 0.0244910 0.1167481 0.0205366 0.0207225 0.0197990 0.0351269 0.0237331 0.0213214 0.0251202 0.0225757 0.0402149 0.0256369 0.0243954 0.0245230 0.0076175 0.0225962 0.0238919 0.0215623 0.0205972 0.0265254 0.0041067 0.0224512 0.0240837 0.0227011 0.0217284 0.0237324 0.0230799 0.0245680 0.0217980 0.0368668 0.0219053 0.0383262 
Cela_HTT         0.0832838 0.0987634 0.0904828 0.0796271 0.0761002 0.0764338 0.0772168 0.0852860 0.0809948 0.0728856 0.0715552 0.0433593 0.0974427 0.0000000 0.0827339 0.0764400 0.0983112 0.0925602 0.0864243 0.0853844 0.0884246 0.0763167 0.0872472 0.0865402 0.0794842 0.1114587 0.0862039 0.0940029 0.0853577 0.0830414 0.0852337 0.0835684 0.0862699 0.0837231 0.0919174 0.0977479 0.0827195 0.0796557 0.0880537 0.0899602 0.0851958 0.0817370 0.0808922 0.1137672 0.0854384 0.0766264 0.0996019 0.0944386 0.0745105 0.0851569 0.0780848 0.0784427 0.0795284 0.0740655 0.0880100 0.0851949 0.0836730 0.0784968 0.0818509 0.1032456 0.0834129 0.0503466 0.0830486 0.0875198 0.0861435 0.0837327 0.0859548 0.0828821 0.0846039 0.0866778 0.0842885 0.0850665 0.0826729 0.0864866 0.0944606 0.0858991 0.0861326 0.0902646 0.0800561 0.0897887 0.1069049 0.0862696 0.0892898 0.0881491 0.0882842 0.0879737 0.0863319 0.0864902 0.0831377 0.0859798 0.0873429 0.0780718 
Chea7320_HTT     0.0277173 0.0423450 0.0201642 0.0231426 0.0209937 0.0198243 0.0232161 0.0286508 0.0236418 0.0198449 0.0198834 0.0915413 0.0194300 0.0827339 0.0000000 0.0196429 0.0064082 0.0065749 0.0061183 0.0064741 0.0065215 0.0204657 0.0236002 0.0233184 0.0220401 0.0279198 0.0070726 0.0041449 0.0040610 0.0199862 0.0642124 0.0173426 0.0298106 0.0301340 0.0104383 0.0062117 0.0013086 0.0024354 0.0057894 0.0077080 0.0020222 0.0024558 0.0026535 0.0248040 0.0276113 0.0219548 0.0236533 0.0375619 0.0173557 0.0242990 0.0193864 0.0209972 0.0210071 0.0206138 0.0065213 0.0331633 0.0230149 0.0219388 0.0214060 0.0082343 0.0083076 0.1002917 0.0037658 0.0054707 0.0044709 0.0160657 0.0052318 0.0111636 0.0086157 0.0046650 0.0247669 0.0251336 0.0064664 0.0077571 0.0272792 0.0051223 0.0054715 0.0053383 0.0035496 0.0078052 0.0360077 0.0055909 0.0072669 0.0053186 0.0059096 0.0073328 0.0059042 0.0059896 0.0050336 0.0179330 0.0061152 0.0202106 
Cmar59905_HTT    0.0099482 0.0463410 0.0208766 0.0110360 0.0094188 0.0091397 0.0080246 0.0108001 0.0101472 0.0084522 0.0089685 0.0840760 0.0384258 0.0764400 0.0196429 0.0000000 0.0203646 0.0229331 0.0249887 0.0228553 0.0210092 0.0080794 0.0101322 0.0097378 0.0095790 0.0449394 0.0243010 0.0173731 0.0209987 0.0191138 0.0610736 0.0239704 0.0264145 0.0288367 0.0242895 0.0227677 0.0209399 0.0187668 0.0220818 0.0196368 0.0214220 0.0175625 0.0176574 0.0489986 0.0292566 0.0205712 0.0194432 0.0380199 0.0193953 0.0214525 0.0184318 0.0225843 0.0213806 0.0208614 0.0210206 0.0193077 0.0217018 0.0212443 0.0204084 0.0385720 0.0231627 0.0903986 0.0202455 0.0215326 0.0218935 0.0235443 0.0182191 0.0145789 0.0210969 0.0182522 0.0231370 0.0252913 0.0174569 0.0223141 0.0401988 0.0194085 0.0215907 0.0226311 0.0201873 0.0240193 0.0580029 0.0213022 0.0245673 0.0235983 0.0217983 0.0237443 0.0229695 0.0228433 0.0216977 0.0205737 0.0231986 0.0226401 
Dcap108471_HTT   0.0388051 0.0645802 0.0323494 0.0375522 0.0217159 0.0206236 0.0239891 0.0392647 0.0325616 0.0220397 0.0339486 0.1044096 0.0405121 0.0983112 0.0064082 0.0203646 0.0000000 0.0110097 0.0102107 0.0109466 0.0150379 0.0329917 0.0332747 0.0223582 0.0365290 0.0251262 0.0155879 0.0020576 0.0118099 0.0301843 0.0798559 0.0312765 0.0430127 0.0450235 0.0197925 0.0037570 0.0058180 0.0167881 0.0117145 0.0019892 0.0134225 0.0145051 0.0160948 0.0537393 0.0407383 0.0233778 0.0339121 0.0549695 0.0297794 0.0232478 0.0413637 0.0349334 0.0337659 0.0355240 0.0150459 0.0421881 0.0228766 0.0342266 0.0319511 0.0316595 0.0172584 0.1148434 0.0127600 0.0150669 0.0118199 0.0290573 0.0029956 0.0322739 0.0172625 0.0025213 0.0356126 0.0288157 0.0174071 0.0162445 0.0414213 0.0108233 0.0142837 0.0139555 0.0027374 0.0137310 0.0653333 0.0107936 0.0124438 0.0029429 0.0120932 0.0123090 0.0008678 0.0004133 0.0122109 0.0269377 0.0110157 0.0338328 
Dcap79929_HTT    0.0309445 0.0358692 0.0273603 0.0282804 0.0219363 0.0247219 0.0258233 0.0321913 0.0264590 0.0253250 0.0215428 0.0995001 0.0230597 0.0925602 0.0065749 0.0229331 0.0110097 0.0000000 0.0004169 0.0007976 0.0069074 0.0226112 0.0315152 0.0265496 0.0274511 0.0260453 0.0053770 0.0123806 0.0022839 0.0204159 0.0714729 0.0151732 0.0332214 0.0341343 0.0077367 0.0143483 0.0052565 0.0039118 0.0019732 0.0016333 0.0042026 0.0041186 0.0046811 0.0431522 0.0256707 0.0236236 0.0402753 0.0468224 0.0178518 0.0243319 0.0170601 0.0219594 0.0222280 0.0221171 0.0065233 0.0389269 0.0244436 0.0226901 0.0208850 0.0226262 0.0083536 0.1114510 0.0021101 0.0041026 0.0022858 0.0158409 0.0031188 0.0092763 0.0069966 0.0025859 0.0281458 0.0287364 0.0049381 0.0076778 0.0236446 0.0011922 0.0014355 0.0033225 0.0026717 0.0036749 0.0323203 0.0012016 0.0016770 0.0028745 0.0008379 0.0019715 0.0012845 0.0012496 0.0017489 0.0167310 0.0015217 0.0211734 
DdelSJR_HTT      0.0308176 0.0390029 0.0199197 0.0287778 0.0224946 0.0251899 0.0288480 0.0316988 0.0248202 0.0235514 0.0221816 0.0965961 0.0230203 0.0864243 0.0061183 0.0249887 0.0102107 0.0004169 0.0000000 0.0004136 0.0070615 0.0207153 0.0243691 0.0254896 0.0277384 0.0264216 0.0050437 0.0125878 0.0019467 0.0200162 0.0663194 0.0152907 0.0333420 0.0343596 0.0091442 0.0140960 0.0053820 0.0038732 0.0012729 0.0021219 0.0039080 0.0038778 0.0040342 0.0183853 0.0271635 0.0237257 0.0399268 0.0374019 0.0179349 0.0247701 0.0168582 0.0219233 0.0210147 0.0218713 0.0066653 0.0371647 0.0246837 0.0223477 0.0217422 0.0083159 0.0079828 0.1052640 0.0016928 0.0038354 0.0023394 0.0153716 0.0027553 0.0098847 0.0065357 0.0022150 0.0267395 0.0283520 0.0053389 0.0078561 0.0246983 0.0004182 0.0010100 0.0025695 0.0022583 0.0033085 0.0319039 0.0004127 0.0012849 0.0017245 0.0008838 0.0020344 0.0008577 0.0004130 0.0008706 0.0166468 0.0011672 0.0213337 
Ddeltrop4525_HTT 0.0298463 0.0378594 0.0202349 0.0273171 0.0219008 0.0245902 0.0257633 0.0307092 0.0247622 0.0240088 0.0209138 0.0947322 0.0236518 0.0853844 0.0064741 0.0228553 0.0109466 0.0007976 0.0004136 0.0000000 0.0053882 0.0200711 0.0254988 0.0251563 0.0263975 0.0263529 0.0049249 0.0123356 0.0019144 0.0199840 0.0682325 0.0169060 0.0340314 0.0342887 0.0079836 0.0145179 0.0056201 0.0043139 0.0020383 0.0016582 0.0042288 0.0041353 0.0045660 0.0246434 0.0262340 0.0235551 0.0395968 0.0372695 0.0176211 0.0242776 0.0178898 0.0219018 0.0218827 0.0219459 0.0053880 0.0359240 0.0233426 0.0222284 0.0208398 0.0073838 0.0074533 0.1054693 0.0020717 0.0040545 0.0022989 0.0158347 0.0030730 0.0100795 0.0070242 0.0026167 0.0262889 0.0304081 0.0054676 0.0069436 0.0242319 0.0012112 0.0018939 0.0029318 0.0026101 0.0035617 0.0334416 0.0011897 0.0020848 0.0020471 0.0012659 0.0019834 0.0012850 0.0012405 0.0013054 0.0167098 0.0015312 0.0202634 
Dleu_HTT         0.0301188 0.0366520 0.0250011 0.0270702 0.0193253 0.0216146 0.0246273 0.0304798 0.0256089 0.0243409 0.0203835 0.0928554 0.0229153 0.0884246 0.0065215 0.0210092 0.0150379 0.0069074 0.0070615 0.0053882 0.0000000 0.0215529 0.0294109 0.0238453 0.0246530 0.0256728 0.0076041 0.0120767 0.0054360 0.0172649 0.0659781 0.0158434 0.0313577 0.0331980 0.0110847 0.0152158 0.0073095 0.0048619 0.0059536 0.0067085 0.0070566 0.0046537 0.0054986 0.0446136 0.0235485 0.0213759 0.0361976 0.0417923 0.0181752 0.0218380 0.0163993 0.0208184 0.0201609 0.0197326 0.0012714 0.0350639 0.0218695 0.0201714 0.0185434 0.0210137 0.0049838 0.1004081 0.0035653 0.0053653 0.0057652 0.0177001 0.0033436 0.0081463 0.0041831 0.0040495 0.0285547 0.0273725 0.0029409 0.0044747 0.0216922 0.0054552 0.0050541 0.0050329 0.0044217 0.0069470 0.0370222 0.0054127 0.0068123 0.0050823 0.0051646 0.0071749 0.0070214 0.0059566 0.0057526 0.0148305 0.0077116 0.0206151 
EausAUS_HTT      0.0118576 0.0405805 0.0209894 0.0092538 0.0072460 0.0062670 0.0076536 0.0122812 0.0028516 0.0068771 0.0076825 0.0859097 0.0376890 0.0763167 0.0204657 0.0080794 0.0329917 0.0226112 0.0207153 0.0200711 0.0215529 0.0000000 0.0073417 0.0031483 0.0067375 0.0466038 0.0211724 0.0288901 0.0194042 0.0169755 0.0553369 0.0200183 0.0283464 0.0266097 0.0242786 0.0337236 0.0181553 0.0184152 0.0198453 0.0208059 0.0198428 0.0190684 0.0199786 0.0277667 0.0225391 0.0173581 0.0321720 0.0372092 0.0142173 0.0178250 0.0126735 0.0151909 0.0163997 0.0165415 0.0211253 0.0181055 0.0173363 0.0155197 0.0159717 0.0213235 0.0219270 0.0933662 0.0175161 0.0206158 0.0194206 0.0210330 0.0182174 0.0234167 0.0212970 0.0198296 0.0228997 0.0203016 0.0203929 0.0219937 0.0369656 0.0203106 0.0199398 0.0199032 0.0181646 0.0223619 0.0525159 0.0201073 0.0223903 0.0190897 0.0193980 0.0191504 0.0191532 0.0205927 0.0195969 0.0163904 0.0215538 0.0167430 
Egla13086_HTT    0.0178045 0.0396486 0.0219672 0.0154895 0.0094315 0.0097127 0.0113632 0.0185947 0.0085281 0.0137747 0.0101823 0.0939123 0.0365117 0.0872472 0.0236002 0.0101322 0.0332747 0.0315152 0.0243691 0.0254988 0.0294109 0.0073417 0.0000000 0.0020458 0.0070986 0.0472968 0.0241660 0.0313292 0.0286266 0.0209455 0.0675445 0.0235013 0.0290441 0.0280629 0.0255297 0.0371800 0.0230072 0.0225081 0.0279238 0.0214252 0.0298292 0.0221656 0.0227575 0.0528758 0.0253039 0.0221393 0.0333064 0.0322195 0.0176061 0.0218195 0.0147754 0.0202107 0.0195734 0.0182452 0.0298185 0.0242918 0.0179322 0.0181193 0.0199686 0.0455286 0.0312397 0.0975200 0.0223378 0.0315841 0.0294470 0.0250461 0.0213835 0.0266099 0.0248801 0.0217430 0.0314441 0.0292002 0.0225347 0.0309978 0.0371621 0.0220046 0.0256884 0.0311875 0.0228760 0.0267674 0.0590317 0.0304125 0.0264682 0.0253604 0.0245277 0.0244797 0.0225276 0.0247625 0.0291781 0.0214311 0.0310312 0.0199317 
Ejap43864_HTT    0.0144899 0.0409779 0.0201487 0.0117003 0.0103436 0.0107242 0.0130808 0.0149141 0.0042981 0.0100837 0.0118408 0.0937309 0.0411800 0.0865402 0.0233184 0.0097378 0.0223582 0.0265496 0.0254896 0.0251563 0.0238453 0.0031483 0.0020458 0.0000000 0.0077969 0.0467122 0.0270187 0.0204675 0.0237973 0.0184247 0.0667423 0.0237955 0.0278637 0.0277433 0.0287255 0.0273690 0.0226852 0.0226788 0.0221082 0.0240352 0.0250464 0.0215969 0.0221136 0.0486554 0.0272317 0.0222420 0.0183284 0.0354232 0.0184239 0.0227572 0.0158959 0.0227481 0.0206400 0.0194710 0.0238578 0.0202780 0.0211047 0.0204209 0.0219966 0.0395833 0.0259198 0.1014644 0.0219321 0.0242122 0.0238178 0.0251816 0.0202451 0.0256554 0.0259391 0.0227177 0.0255739 0.0299322 0.0220474 0.0250538 0.0410128 0.0231007 0.0243980 0.0251120 0.0226744 0.0274775 0.0569633 0.0230494 0.0285560 0.0249958 0.0238902 0.0253260 0.0242242 0.0254841 0.0220235 0.0218130 0.0258986 0.0213159 
Erob133443_HTT   0.0090521 0.0423673 0.0199219 0.0097016 0.0091330 0.0090284 0.0090924 0.0094851 0.0078509 0.0066223 0.0088867 0.0909470 0.0386134 0.0794842 0.0220401 0.0095790 0.0365290 0.0274511 0.0277384 0.0263975 0.0246530 0.0067375 0.0070986 0.0077969 0.0000000 0.0522703 0.0253241 0.0319916 0.0232486 0.0209832 0.0612454 0.0213145 0.0317292 0.0314989 0.0273938 0.0384056 0.0205802 0.0191639 0.0227614 0.0222351 0.0241630 0.0215816 0.0201601 0.0317681 0.0300209 0.0226397 0.0363439 0.0363587 0.0200703 0.0215802 0.0165275 0.0199475 0.0216020 0.0203762 0.0246526 0.0169166 0.0223101 0.0209483 0.0211826 0.0253574 0.0260361 0.0971339 0.0239390 0.0244161 0.0232696 0.0241566 0.0209121 0.0217373 0.0255636 0.0215459 0.0275087 0.0242937 0.0211110 0.0255858 0.0433412 0.0238120 0.0224959 0.0250842 0.0212746 0.0281598 0.0612382 0.0236872 0.0266381 0.0243758 0.0242420 0.0263103 0.0227835 0.0262118 0.0249210 0.0218872 0.0255495 0.0219325 
Fatt_HTT         0.0498709 0.0393416 0.0458784 0.0497641 0.0461392 0.0440945 0.0493421 0.0508766 0.0462261 0.0458286 0.0462542 0.1177813 0.0570303 0.1114587 0.0279198 0.0449394 0.0251262 0.0260453 0.0264216 0.0263529 0.0256728 0.0466038 0.0472968 0.0467122 0.0522703 0.0000000 0.0267835 0.0229736 0.0221814 0.0425443 0.0888105 0.0464287 0.0515448 0.0573473 0.0307273 0.0029485 0.0290320 0.0301463 0.0265541 0.0270073 0.0239242 0.0252431 0.0278862 0.0684989 0.0581371 0.0488758 0.0502675 0.0736540 0.0432238 0.0468167 0.0723567 0.0514047 0.0495763 0.0513472 0.0252510 0.0627558 0.0463966 0.0475016 0.0449348 0.0454827 0.0284721 0.1277631 0.0234048 0.0262790 0.0222015 0.0151660 0.0242807 0.0553512 0.0064004 0.0225599 0.0468543 0.0828208 0.0287160 0.0269613 0.0602232 0.0250560 0.0306476 0.0026012 0.0017986 0.0271951 0.1029582 0.0263664 0.0040660 0.0258890 0.0276280 0.0272356 0.0279437 0.0250207 0.0267863 0.0411059 0.0252737 0.0490403 
Ggri_HTT         0.0290039 0.0378596 0.0210891 0.0284072 0.0230838 0.0253052 0.0272237 0.0298445 0.0252977 0.0255566 0.0212872 0.0924925 0.0219554 0.0862039 0.0070726 0.0243010 0.0155879 0.0053770 0.0050437 0.0049249 0.0076041 0.0211724 0.0241660 0.0270187 0.0253241 0.0267835 0.0000000 0.0137079 0.0033976 0.0188540 0.0656989 0.0150023 0.0305044 0.0321762 0.0086706 0.0149236 0.0062989 0.0048852 0.0045585 0.0067263 0.0049209 0.0046602 0.0051619 0.0386400 0.0263463 0.0225021 0.0396624 0.0386799 0.0174544 0.0231343 0.0183681 0.0182412 0.0218742 0.0183738 0.0072235 0.0370952 0.0227551 0.0217734 0.0207716 0.0227024 0.0090478 0.1012413 0.0029179 0.0046929 0.0034004 0.0166863 0.0039450 0.0101444 0.0087725 0.0038249 0.0249737 0.0234591 0.0063714 0.0087529 0.0263395 0.0045443 0.0025421 0.0016116 0.0035874 0.0064544 0.0356680 0.0046160 0.0037702 0.0046858 0.0025357 0.0053665 0.0056387 0.0049133 0.0040083 0.0158454 0.0060758 0.0222919 
Gmac39091_HTT    0.0352932 0.0603194 0.0284463 0.0323602 0.0188154 0.0177498 0.0188383 0.0362191 0.0314910 0.0182304 0.0293906 0.1000782 0.0349893 0.0940029 0.0041449 0.0173731 0.0020576 0.0123806 0.0125878 0.0123356 0.0120767 0.0288901 0.0313292 0.0204675 0.0319916 0.0229736 0.0137079 0.0000000 0.0096257 0.0289119 0.0756972 0.0277637 0.0399385 0.0427037 0.0153250 0.0017210 0.0034056 0.0139324 0.0121737 0.0020576 0.0116685 0.0117957 0.0132825 0.0513661 0.0370752 0.0202213 0.0302608 0.0487347 0.0262390 0.0203745 0.0377248 0.0317429 0.0309283 0.0309078 0.0120830 0.0382579 0.0189883 0.0300917 0.0277261 0.0301614 0.0150769 0.1101280 0.0102388 0.0120906 0.0100393 0.0256624 0.0008474 0.0271883 0.0150191 0.0004138 0.0342581 0.0249644 0.0140187 0.0145465 0.0376512 0.0117159 0.0138380 0.0115230 0.0004285 0.0139190 0.0628939 0.0119968 0.0136704 0.0016933 0.0125828 0.0130451 0.0017804 0.0017143 0.0119983 0.0251318 0.0129195 0.0300034 
Gmel_HTT         0.0287153 0.0350641 0.0231704 0.0253715 0.0184154 0.0211679 0.0241609 0.0290740 0.0241918 0.0231623 0.0186028 0.0904800 0.0187397 0.0853577 0.0040610 0.0209987 0.0118099 0.0022839 0.0019467 0.0019144 0.0054360 0.0194042 0.0286266 0.0237973 0.0232486 0.0221814 0.0033976 0.0096257 0.0000000 0.0172344 0.0655545 0.0129978 0.0296643 0.0309221 0.0069319 0.0115422 0.0032321 0.0017603 0.0014787 0.0035319 0.0022278 0.0019304 0.0021053 0.0424178 0.0219821 0.0199543 0.0356359 0.0405016 0.0146557 0.0212918 0.0149451 0.0183957 0.0185980 0.0177541 0.0054384 0.0324960 0.0204678 0.0187397 0.0176336 0.0227510 0.0059864 0.0984203 0.0000010 0.0019052 0.0009534 0.0142413 0.0008327 0.0073982 0.0053328 0.0008053 0.0267270 0.0238447 0.0029428 0.0060827 0.0206529 0.0019364 0.0018285 0.0011540 0.0003999 0.0034561 0.0308300 0.0015369 0.0027860 0.0015571 0.0015807 0.0030044 0.0024617 0.0019731 0.0012243 0.0139008 0.0028695 0.0200257 
Hamp_HTT         0.0250663 0.0321808 0.0068413 0.0227987 0.0201864 0.0191444 0.0221240 0.0268100 0.0213047 0.0210932 0.0193446 0.0859217 0.0402532 0.0830414 0.0199862 0.0191138 0.0301843 0.0204159 0.0200162 0.0199840 0.0172649 0.0169755 0.0209455 0.0184247 0.0209832 0.0425443 0.0188540 0.0289119 0.0172344 0.0000000 0.0603394 0.0262219 0.0290704 0.0292531 0.0242168 0.0313204 0.0186619 0.0170080 0.0190914 0.0212763 0.0180503 0.0183054 0.0178988 0.0467280 0.0114778 0.0046521 0.0176630 0.0208015 0.0050817 0.0051841 0.0026366 0.0045889 0.0029870 0.0041059 0.0184978 0.0314310 0.0027412 0.0032628 0.0034736 0.0381315 0.0200967 0.0963548 0.0170462 0.0190581 0.0176570 0.0214419 0.0185163 0.0196595 0.0207673 0.0180295 0.0239298 0.0226149 0.0194843 0.0193129 0.0422954 0.0190065 0.0188692 0.0196507 0.0181576 0.0207027 0.0551859 0.0195698 0.0204874 0.0198085 0.0196968 0.0195440 0.0190032 0.0196578 0.0187323 0.0047773 0.0201583 0.0062861 
Hippo_HTT        0.0655239 0.0805818 0.0685004 0.0648722 0.0636033 0.0618626 0.0626234 0.0662698 0.0607936 0.0595305 0.0595954 0.0922128 0.0800217 0.0852337 0.0642124 0.0610736 0.0798559 0.0714729 0.0663194 0.0682325 0.0659781 0.0553369 0.0675445 0.0667423 0.0612454 0.0888105 0.0656989 0.0756972 0.0655545 0.0603394 0.0000000 0.0634997 0.0682900 0.0679461 0.0708868 0.0785961 0.0667407 0.0603682 0.0688586 0.0710692 0.0655613 0.0631728 0.0638672 0.0948179 0.0589611 0.0597809 0.0784690 0.0779789 0.0585813 0.0627351 0.0595286 0.0592385 0.0565774 0.0536578 0.0663491 0.0697134 0.0596839 0.0554054 0.0611552 0.0863975 0.0679842 0.0956679 0.0635549 0.0667170 0.0660222 0.0660399 0.0645266 0.0662676 0.0670505 0.0650277 0.0643146 0.0593750 0.0624300 0.0675618 0.0864802 0.0671971 0.0677729 0.0674610 0.0649008 0.0715975 0.0931297 0.0680732 0.0681879 0.0681381 0.0660816 0.0680555 0.0676062 0.0682556 0.0625299 0.0639444 0.0672657 0.0545871 
Igeo_HTT         0.0259508 0.0424322 0.0233243 0.0253943 0.0253956 0.0240056 0.0242545 0.0259904 0.0228163 0.0210587 0.0218115 0.0918102 0.0333822 0.0835684 0.0173426 0.0239704 0.0312765 0.0151732 0.0152907 0.0169060 0.0158434 0.0200183 0.0235013 0.0237955 0.0213145 0.0464287 0.0150023 0.0277637 0.0129978 0.0262219 0.0634997 0.0000000 0.0379258 0.0330335 0.0191077 0.0275015 0.0168195 0.0134219 0.0146845 0.0165848 0.0139482 0.0139536 0.0150608 0.0381143 0.0271509 0.0255266 0.0477705 0.0395809 0.0220806 0.0284842 0.0151069 0.0245948 0.0235619 0.0219714 0.0158532 0.0346290 0.0233585 0.0230123 0.0241256 0.0286173 0.0168939 0.0979306 0.0145222 0.0163197 0.0139660 0.0108651 0.0156880 0.0134872 0.0172346 0.0153801 0.0290757 0.0291113 0.0137406 0.0168179 0.0354794 0.0150519 0.0152393 0.0147197 0.0139157 0.0161025 0.0431144 0.0163231 0.0168478 0.0145653 0.0145329 0.0155841 0.0161062 0.0173536 0.0140109 0.0214291 0.0163495 0.0218933 
Kbre_HTT         0.0346004 0.0560698 0.0297121 0.0331413 0.0270274 0.0265645 0.0292286 0.0354767 0.0292541 0.0260565 0.0294106 0.0953857 0.0480231 0.0862699 0.0298106 0.0264145 0.0430127 0.0332214 0.0333420 0.0340314 0.0313577 0.0283464 0.0290441 0.0278637 0.0317292 0.0515448 0.0305044 0.0399385 0.0296643 0.0290704 0.0682900 0.0379258 0.0000000 0.0088284 0.0360565 0.0408585 0.0274605 0.0321946 0.0323270 0.0323632 0.0288199 0.0291744 0.0311224 0.0520419 0.0382179 0.0295339 0.0463504 0.0466601 0.0301068 0.0299629 0.0305553 0.0302127 0.0321244 0.0332573 0.0306088 0.0421058 0.0288219 0.0292176 0.0294972 0.0454926 0.0323700 0.1027295 0.0290268 0.0315604 0.0301154 0.0326205 0.0287286 0.0404808 0.0305577 0.0282368 0.0224497 0.0205881 0.0310432 0.0313470 0.0505011 0.0316932 0.0324325 0.0291128 0.0278728 0.0347969 0.0784174 0.0330284 0.0325146 0.0325186 0.0323198 0.0328043 0.0309262 0.0306237 0.0305008 0.0289992 0.0313535 0.0328860 
Ksim_HTT         0.0351259 0.0514883 0.0291449 0.0341718 0.0269713 0.0293406 0.0291036 0.0356085 0.0278320 0.0260098 0.0273372 0.0950997 0.0465770 0.0837231 0.0301340 0.0288367 0.0450235 0.0341343 0.0343596 0.0342887 0.0331980 0.0266097 0.0280629 0.0277433 0.0314989 0.0573473 0.0321762 0.0427037 0.0309221 0.0292531 0.0679461 0.0330335 0.0088284 0.0000000 0.0354755 0.0424960 0.0289795 0.0300687 0.0324191 0.0319928 0.0296207 0.0292755 0.0311419 0.0359444 0.0351774 0.0291592 0.0475565 0.0449455 0.0271945 0.0294257 0.0258802 0.0261036 0.0309636 0.0300469 0.0324002 0.0425564 0.0281452 0.0285461 0.0290616 0.0321653 0.0328489 0.1030488 0.0306653 0.0323091 0.0313777 0.0318646 0.0310291 0.0376256 0.0318356 0.0309335 0.0217946 0.0214007 0.0306575 0.0323232 0.0484004 0.0323334 0.0334708 0.0300568 0.0298517 0.0350659 0.0699991 0.0334232 0.0328282 0.0329116 0.0329720 0.0347370 0.0329401 0.0325941 0.0300628 0.0277840 0.0322394 0.0303776 
Lacu_HTT         0.0306690 0.0454946 0.0209929 0.0265011 0.0232694 0.0237029 0.0238659 0.0316228 0.0287404 0.0237456 0.0238260 0.0988733 0.0267016 0.0919174 0.0104383 0.0242895 0.0197925 0.0077367 0.0091442 0.0079836 0.0110847 0.0242786 0.0255297 0.0287255 0.0273938 0.0307273 0.0086706 0.0153250 0.0069319 0.0242168 0.0708868 0.0191077 0.0360565 0.0354755 0.0000000 0.0190625 0.0081913 0.0075973 0.0069701 0.0070501 0.0081743 0.0085358 0.0094800 0.0508018 0.0299801 0.0240510 0.0415068 0.0396824 0.0190703 0.0267717 0.0240678 0.0236274 0.0233712 0.0228879 0.0106735 0.0350821 0.0238690 0.0241908 0.0223610 0.0296696 0.0115152 0.1095198 0.0071330 0.0077600 0.0073551 0.0190731 0.0059910 0.0156499 0.0099771 0.0066433 0.0295243 0.0285893 0.0087307 0.0123400 0.0315761 0.0073378 0.0079958 0.0082465 0.0046190 0.0095333 0.0438544 0.0071854 0.0077059 0.0067509 0.0087323 0.0081549 0.0069554 0.0083698 0.0069867 0.0211456 0.0098493 0.0234527 
Lalb_HTT         0.0393318 0.0603538 0.0326543 0.0400446 0.0207465 0.0233560 0.0270665 0.0406003 0.0365608 0.0240837 0.0336876 0.1048154 0.0402690 0.0977479 0.0062117 0.0227677 0.0037570 0.0143483 0.0140960 0.0145179 0.0152158 0.0337236 0.0371800 0.0273690 0.0384056 0.0029485 0.0149236 0.0017210 0.0115422 0.0313204 0.0785961 0.0275015 0.0408585 0.0424960 0.0190625 0.0000000 0.0055635 0.0164047 0.0140154 0.0042278 0.0135835 0.0147438 0.0162960 0.0552059 0.0406487 0.0232676 0.0353189 0.0549388 0.0294394 0.0244331 0.0395105 0.0341724 0.0358039 0.0353863 0.0148146 0.0460283 0.0229773 0.0343933 0.0325086 0.0330766 0.0162278 0.1124380 0.0123687 0.0147369 0.0115520 0.0270249 0.0027068 0.0326805 0.0166829 0.0021395 0.0364636 0.0270354 0.0157480 0.0156110 0.0394623 0.0135768 0.0160737 0.0124398 0.0022053 0.0155581 0.0671304 0.0140521 0.0140857 0.0034933 0.0138685 0.0150625 0.0039648 0.0032768 0.0140038 0.0268390 0.0144172 0.0356735 
Laus_HTT         0.0271508 0.0411933 0.0201714 0.0226219 0.0186730 0.0217922 0.0215197 0.0276563 0.0225640 0.0211301 0.0159242 0.0907377 0.0183641 0.0827195 0.0013086 0.0209399 0.0058180 0.0052565 0.0053820 0.0056201 0.0073095 0.0181553 0.0230072 0.0226852 0.0205802 0.0290320 0.0062989 0.0034056 0.0032321 0.0186619 0.0667407 0.0168195 0.0274605 0.0289795 0.0081913 0.0055635 0.0000000 0.0019717 0.0051231 0.0057195 0.0020142 0.0021391 0.0022869 0.0229569 0.0269365 0.0210131 0.0219717 0.0364957 0.0169037 0.0226806 0.0179721 0.0197529 0.0222177 0.0192628 0.0077200 0.0323256 0.0213716 0.0218492 0.0208265 0.0090321 0.0086886 0.0986166 0.0030198 0.0042259 0.0040480 0.0161026 0.0046215 0.0103578 0.0085895 0.0040507 0.0220293 0.0255948 0.0065597 0.0085497 0.0247750 0.0048710 0.0058200 0.0041446 0.0030047 0.0069950 0.0362893 0.0051381 0.0060184 0.0044065 0.0054836 0.0054822 0.0052126 0.0053560 0.0040862 0.0163442 0.0052722 0.0202296 
Lbor_HTT         0.0269584 0.0290631 0.0160851 0.0217591 0.0196441 0.0189679 0.0216157 0.0265145 0.0210260 0.0185973 0.0177768 0.0865300 0.0148185 0.0796557 0.0024354 0.0187668 0.0167881 0.0039118 0.0038732 0.0043139 0.0048619 0.0184152 0.0225081 0.0226788 0.0191639 0.0301463 0.0048852 0.0139324 0.0017603 0.0170080 0.0603682 0.0134219 0.0321946 0.0300687 0.0075973 0.0164047 0.0019717 0.0000000 0.0032594 0.0038962 0.0008783 0.0009449 0.0018730 0.0185590 0.0217081 0.0194022 0.0401703 0.0257494 0.0133868 0.0209423 0.0166726 0.0176281 0.0169721 0.0160741 0.0048617 0.0308140 0.0194298 0.0180517 0.0167376 0.0062576 0.0058690 0.0989281 0.0009698 0.0023764 0.0022033 0.0152900 0.0030952 0.0079119 0.0057406 0.0025287 0.0237126 0.0229382 0.0053200 0.0062099 0.0179595 0.0028607 0.0031355 0.0029428 0.0023881 0.0058182 0.0239420 0.0038053 0.0043760 0.0028979 0.0034099 0.0033183 0.0034357 0.0040126 0.0019896 0.0132446 0.0039767 0.0146911 
Lhos30470_HTT    0.0276709 0.0343257 0.0254507 0.0252468 0.0190551 0.0221892 0.0248349 0.0284790 0.0220261 0.0214048 0.0179872 0.0945354 0.0209352 0.0880537 0.0057894 0.0220818 0.0117145 0.0019732 0.0012729 0.0020383 0.0059536 0.0198453 0.0279238 0.0221082 0.0227614 0.0265541 0.0045585 0.0121737 0.0014787 0.0190914 0.0688586 0.0146845 0.0323270 0.0324191 0.0069701 0.0140154 0.0051231 0.0032594 0.0000000 0.0012517 0.0033398 0.0037629 0.0041360 0.0392371 0.0239181 0.0223200 0.0387369 0.0427905 0.0166054 0.0231964 0.0165469 0.0198653 0.0208012 0.0195848 0.0063322 0.0335716 0.0209879 0.0201880 0.0194134 0.0211023 0.0077141 0.0998372 0.0017146 0.0037515 0.0022232 0.0152210 0.0027168 0.0084871 0.0065408 0.0022295 0.0253680 0.0265181 0.0047888 0.0074646 0.0217356 0.0016360 0.0024108 0.0024713 0.0021324 0.0041523 0.0322667 0.0008018 0.0021151 0.0024698 0.0016332 0.0019766 0.0008574 0.0008630 0.0008733 0.0156415 0.0029686 0.0197375 
Lhos452_HTT      0.0293411 0.0394533 0.0201640 0.0246274 0.0208596 0.0215274 0.0216844 0.0297883 0.0234470 0.0232775 0.0209078 0.0956194 0.0242467 0.0899602 0.0077080 0.0196368 0.0019892 0.0016333 0.0021219 0.0016582 0.0067085 0.0208059 0.0214252 0.0240352 0.0222351 0.0270073 0.0067263 0.0020576 0.0035319 0.0212763 0.0710692 0.0165848 0.0323632 0.0319928 0.0070501 0.0042278 0.0057195 0.0038962 0.0012517 0.0000000 0.0051173 0.0054375 0.0060222 0.0450195 0.0252858 0.0230717 0.0233946 0.0374341 0.0168578 0.0234074 0.0183552 0.0202821 0.0196517 0.0206263 0.0067121 0.0356366 0.0224379 0.0208109 0.0205581 0.0237713 0.0086119 0.1067050 0.0034321 0.0042794 0.0035348 0.0166824 0.0030618 0.0108128 0.0063813 0.0037876 0.0264636 0.0290153 0.0055856 0.0079022 0.0248818 0.0008054 0.0015143 0.0046959 0.0027036 0.0045131 0.0348846 0.0004171 0.0017137 0.0029582 0.0026293 0.0016317 0.0008540 0.0016568 0.0009006 0.0176874 0.0035361 0.0200090 
Lobl_HTT         0.0290939 0.0358510 0.0244774 0.0253977 0.0184235 0.0211780 0.0246248 0.0294535 0.0252505 0.0235802 0.0181808 0.0899273 0.0171775 0.0851958 0.0020222 0.0214220 0.0134225 0.0042026 0.0039080 0.0042288 0.0070566 0.0198428 0.0298292 0.0250464 0.0241630 0.0239242 0.0049209 0.0116685 0.0022278 0.0180503 0.0655613 0.0139482 0.0288199 0.0296207 0.0081743 0.0135835 0.0020142 0.0008783 0.0033398 0.0051173 0.0000000 0.0003848 0.0008396 0.0431980 0.0234259 0.0195159 0.0366956 0.0416103 0.0155195 0.0230280 0.0164190 0.0183957 0.0200539 0.0182283 0.0070597 0.0333889 0.0217494 0.0205039 0.0192534 0.0238142 0.0069972 0.0978357 0.0019769 0.0034363 0.0025502 0.0155487 0.0029243 0.0073982 0.0068739 0.0024230 0.0263689 0.0230124 0.0042159 0.0070558 0.0222059 0.0031039 0.0041343 0.0034765 0.0020066 0.0053961 0.0318775 0.0034717 0.0047945 0.0039087 0.0031711 0.0052789 0.0041182 0.0039613 0.0032762 0.0147307 0.0038341 0.0200350 
Lobs_HTT         0.0255478 0.0375095 0.0178745 0.0213109 0.0195117 0.0181869 0.0213342 0.0264140 0.0221875 0.0191564 0.0181994 0.0860693 0.0184746 0.0817370 0.0024558 0.0175625 0.0145051 0.0041186 0.0038778 0.0041353 0.0046537 0.0190684 0.0221656 0.0215969 0.0215816 0.0252431 0.0046602 0.0117957 0.0019304 0.0183054 0.0631728 0.0139536 0.0291744 0.0292755 0.0085358 0.0147438 0.0021391 0.0009449 0.0037629 0.0054375 0.0003848 0.0000000 0.0013037 0.0402649 0.0241012 0.0202317 0.0375821 0.0337904 0.0152415 0.0224067 0.0169924 0.0189793 0.0193540 0.0181343 0.0046560 0.0312143 0.0206368 0.0195830 0.0183615 0.0203838 0.0060292 0.0967603 0.0016371 0.0032369 0.0023193 0.0153203 0.0029870 0.0073982 0.0060778 0.0024885 0.0235700 0.0239793 0.0047730 0.0058245 0.0236986 0.0032283 0.0042531 0.0029748 0.0021680 0.0054944 0.0330530 0.0037387 0.0048636 0.0038369 0.0038359 0.0044923 0.0040585 0.0038677 0.0026820 0.0150505 0.0042676 0.0178594 
