84
Bacu_MYH2         0.0000000 0.0173638 0.0127479 0.0078215 0.0136972 0.0050473 0.0051436 0.0063736 0.0120695 0.0043189 0.0081180 0.0179016 0.0230140 0.0122636 0.0140374 0.0150658 0.0156567 0.0141307 0.0168520 0.0262642 0.0122478 0.0104226 0.0075069 0.0164877 0.0101503 0.0104032 0.0216714 0.0185608 0.0210488 0.0201275 0.0116293 0.0152174 0.0124841 0.0180178 0.0144636 0.0348623 0.0288781 0.0291201 0.0197593 0.0166483 0.0124054 0.2385198 0.0125911 0.0154759 0.0176276 0.0317428 0.0162956 0.0103342 0.0218927 0.0299812 0.0132298 0.0205085 0.0170331 0.0194013 0.0119309 0.0170273 0.0187958 0.0087191 0.0115053 0.2324891 0.0175345 0.0081540 0.0197747 0.0150428 0.0333091 0.0328226 0.0193742 0.0168962 0.0151018 0.0140648 0.0126991 0.0119048 0.0282055 0.0146876 0.0188056 0.0226887 0.0175400 0.0258752 0.0867397 0.0148396 0.0157712 0.2331267 0.0092637 0.0178747 
Barn_MYH2         0.0173638 0.0000000 0.0078404 0.0209613 0.0167849 0.0167849 0.0128318 0.0252944 0.0278510 0.0224690 0.0207743 0.0232914 0.0220250 0.0299156 0.0185495 0.0185313 0.0142281 0.0168056 0.0268409 0.0228835 0.0252764 0.0160644 0.0213234 0.0262371 0.0126557 0.0183071 0.0193871 0.0183523 0.0233062 0.0278138 0.0159664 0.0212227 0.0159258 0.0197628 0.0161119 0.0173921 0.0224288 0.0306611 0.0225421 0.0196635 0.0168056 0.2310310 0.0180484 0.0128294 0.0156552 0.0242358 0.0164341 0.0160918 0.0191145 0.0180484 0.0209261 0.0195815 0.0262958 0.0187393 0.0114116 0.0195141 0.0250405 0.0183071 0.0183071 0.2294567 0.0206853 0.0159260 0.0352238 0.0262371 0.0408495 0.0288879 0.0248123 0.0263469 0.0263236 0.0168056 0.0168056 0.0168056 0.0265867 0.0159260 0.0274019 0.0208398 0.0247973 0.0247099 0.1841583 0.0168056 0.0196572 0.2249260 0.0109845 0.0181398 
Bbai76728_MYH2    0.0127479 0.0078404 0.0000000 0.0197179 0.0267213 0.0176288 0.0161742 0.0175740 0.0186697 0.0156252 0.0171863 0.0223322 0.0201400 0.0207843 0.0169314 0.0158653 0.0142886 0.0166983 0.0221275 0.0348915 0.0205565 0.0133825 0.0186714 0.0238967 0.0132817 0.0145540 0.0192370 0.0112250 0.0210395 0.0208589 0.0119331 0.0156704 0.0166286 0.0208532 0.0166381 0.0379944 0.0295697 0.0351119 0.0178972 0.0194498 0.0177764 0.2282119 0.0085247 0.0114250 0.0097675 0.0229912 0.0120208 0.0129328 0.0139322 0.0269421 0.0144038 0.0184709 0.0189916 0.0105941 0.0087717 0.0139438 0.0215130 0.0162801 0.0161519 0.2202139 0.0173176 0.0152008 0.0253003 0.0234784 0.0391014 0.0351831 0.0175416 0.0193212 0.0229242 0.0184019 0.0151891 0.0157605 0.0260673 0.0143059 0.0243312 0.0249721 0.0220881 0.0229891 0.0894207 0.0157201 0.0187471 0.2207680 0.0050278 0.0137934 
BbonAUS_MYH2      0.0078215 0.0209613 0.0197179 0.0000000 0.0053770 0.0058008 0.0019780 0.0137389 0.0224994 0.0109969 0.0039729 0.0181230 0.0240308 0.0142990 0.0141445 0.0194645 0.0118565 0.0142636 0.0175643 0.0244806 0.0168627 0.0202353 0.0075467 0.0254857 0.0122499 0.0164646 0.0165774 0.0209191 0.0218154 0.0227443 0.0192087 0.0225845 0.0219632 0.0177866 0.0201277 0.0225609 0.0188584 0.0200391 0.0228550 0.0177066 0.0138533 0.2780793 0.0137156 0.0144641 0.0244076 0.0356402 0.0129301 0.0097906 0.0218033 0.0148040 0.0132351 0.0198184 0.0147099 0.0201525 0.0199128 0.0154613 0.0274586 0.0175762 0.0121238 0.2686424 0.0180230 0.0110090 0.0205332 0.0166268 0.0322707 0.0286540 0.0165618 0.0208073 0.0173464 0.0124203 0.0123987 0.0210978 0.0260621 0.0191953 0.0187023 0.0141249 0.0179831 0.0213117 0.1102240 0.0142103 0.0165492 0.2692489 0.0157850 0.0188362 
Bbor_MYH2         0.0136972 0.0167849 0.0267213 0.0053770 0.0000000 0.0016742 0.0018233 0.0137188 0.0233156 0.0121884 0.0058435 0.0236132 0.0288836 0.0111387 0.0190697 0.0267939 0.0191239 0.0189061 0.0206515 0.0380748 0.0137470 0.0215038 0.0054091 0.0283309 0.0106561 0.0221596 0.0208104 0.0241617 0.0245665 0.0218523 0.0234599 0.0264203 0.0245139 0.0179505 0.0281897 0.0433638 0.0265475 0.0243543 0.0292879 0.0206665 0.0182784 0.2634103 0.0204258 0.0186770 0.0258657 0.0353912 0.0148764 0.0124645 0.0241088 0.0364516 0.0186680 0.0231951 0.0206178 0.0272278 0.0248476 0.0212609 0.0376439 0.0204840 0.0148180 0.2529084 0.0225674 0.0125830 0.0264089 0.0178604 0.0268901 0.0525586 0.0295823 0.0334241 0.0185865 0.0171776 0.0148180 0.0221329 0.0333083 0.0248570 0.0209391 0.0184656 0.0279493 0.0285679 0.1143615 0.0189061 0.0195667 0.2536040 0.0238360 0.0254525 
Bede66737_MYH2    0.0050473 0.0167849 0.0176288 0.0058008 0.0016742 0.0000000 0.0000010 0.0050558 0.0155072 0.0033672 0.0083167 0.0188114 0.0267642 0.0118301 0.0172700 0.0156990 0.0173194 0.0171553 0.0186978 0.0325570 0.0126900 0.0141648 0.0038229 0.0187213 0.0106528 0.0125809 0.0201246 0.0125320 0.0220638 0.0218523 0.0137126 0.0165571 0.0147925 0.0159230 0.0186190 0.0417597 0.0204593 0.0245291 0.0181103 0.0188736 0.0164194 0.2427457 0.0178245 0.0155164 0.0163798 0.0353912 0.0098392 0.0103390 0.0199290 0.0343139 0.0167329 0.0199842 0.0172508 0.0120465 0.0139960 0.0168318 0.0277845 0.0108209 0.0147873 0.2356978 0.0199182 0.0107422 0.0222956 0.0158080 0.0288664 0.0448458 0.0233912 0.0216905 0.0185865 0.0154016 0.0147873 0.0137315 0.0286542 0.0153697 0.0200234 0.0181600 0.0247689 0.0238986 0.1111719 0.0171221 0.0195667 0.2330403 0.0113982 0.0231052 
BedeAUS_MYH2      0.0051436 0.0128318 0.0161742 0.0019780 0.0018233 0.0000010 0.0000000 0.0086162 0.0122470 0.0068884 0.0098030 0.0137975 0.0184178 0.0100725 0.0098519 0.0110336 0.0098298 0.0097774 0.0077856 0.0286197 0.0078624 0.0088241 0.0058866 0.0073212 0.0070331 0.0073212 0.0130613 0.0121554 0.0204025 0.0155042 0.0137079 0.0139093 0.0079880 0.0097774 0.0173796 0.0410279 0.0157268 0.0110671 0.0129133 0.0117353 0.0083931 0.2554358 0.0104317 0.0098177 0.0099319 0.0315564 0.0111047 0.0088174 0.0173218 0.0293075 0.0137999 0.0112083 0.0133045 0.0170507 0.0101861 0.0138867 0.0192236 0.0073628 0.0063881 0.2467020 0.0116304 0.0058240 0.0140699 0.0058240 0.0259200 0.0367557 0.0065903 0.0116464 0.0119712 0.0058240 0.0099537 0.0100479 0.0299628 0.0121082 0.0093512 0.0122748 0.0121790 0.0166727 0.1078567 0.0128380 0.0142453 0.2475563 0.0113705 0.0204637 
Bmus49099_MYH2    0.0063736 0.0252944 0.0175740 0.0137389 0.0137188 0.0050558 0.0086162 0.0000000 0.0142868 0.0038202 0.0085899 0.0189465 0.0211275 0.0131426 0.0215306 0.0206965 0.0227565 0.0212611 0.0251315 0.0262737 0.0136730 0.0157146 0.0080320 0.0232153 0.0149085 0.0157175 0.0250776 0.0181654 0.0250189 0.0226862 0.0155799 0.0160092 0.0178570 0.0241548 0.0128146 0.0395427 0.0335348 0.0375954 0.0181991 0.0162419 0.0208070 0.2525696 0.0139670 0.0210410 0.0211314 0.0261725 0.0149866 0.0126205 0.0244304 0.0340299 0.0195945 0.0192210 0.0213613 0.0196574 0.0181598 0.0220335 0.0236138 0.0142709 0.0192657 0.2445770 0.0229757 0.0135754 0.0198524 0.0207933 0.0323238 0.0342325 0.0269218 0.0226562 0.0220685 0.0211238 0.0181278 0.0170954 0.0333083 0.0193077 0.0255175 0.0286101 0.0281953 0.0328466 0.0927132 0.0200048 0.0228227 0.2452135 0.0141775 0.0242931 
Bmys_MYH2         0.0120695 0.0278510 0.0186697 0.0224994 0.0233156 0.0155072 0.0122470 0.0142868 0.0000000 0.0120537 0.0131448 0.0230494 0.0324772 0.0170541 0.0222695 0.0222341 0.0231159 0.0207382 0.0257556 0.0154407 0.0026602 0.0016996 0.0121019 0.0234896 0.0144727 0.0166321 0.0249955 0.0187614 0.0322189 0.0284532 0.0197962 0.0215902 0.0174192 0.0245234 0.0195937 0.0367250 0.0339030 0.0378605 0.0247273 0.0246768 0.0172627 0.2553518 0.0200547 0.0217063 0.0211022 0.0320858 0.0194195 0.0147729 0.0270575 0.0400435 0.0218573 0.0248129 0.0237473 0.0216832 0.0197136 0.0251470 0.0246013 0.0147391 0.0201385 0.2494764 0.0235945 0.0132844 0.0278352 0.0210648 0.0319164 0.0393840 0.0275049 0.0250047 0.0218301 0.0206403 0.0177051 0.0173312 0.0359972 0.0189567 0.0260901 0.0280170 0.0227555 0.0319499 0.0943842 0.0195409 0.0213497 0.2500110 0.0174931 0.0256969 
Bphy_MYH2         0.0043189 0.0224690 0.0156252 0.0109969 0.0121884 0.0033672 0.0068884 0.0038202 0.0120537 0.0000000 0.0032222 0.0212461 0.0266795 0.0106981 0.0188189 0.0178246 0.0209979 0.0188876 0.0220307 0.0281092 0.0122382 0.0139612 0.0059860 0.0215499 0.0121813 0.0134293 0.0232623 0.0171313 0.0230783 0.0253257 0.0136235 0.0167919 0.0156263 0.0221335 0.0177321 0.0365542 0.0320058 0.0341449 0.0228899 0.0212984 0.0171490 0.2411679 0.0162265 0.0194428 0.0209197 0.0298815 0.0162802 0.0124543 0.0268325 0.0338857 0.0182956 0.0247385 0.0235914 0.0194188 0.0179846 0.0217844 0.0221453 0.0116400 0.0165321 0.2351546 0.0219672 0.0114662 0.0244135 0.0188948 0.0307586 0.0358903 0.0253163 0.0216173 0.0194535 0.0187996 0.0158795 0.0153774 0.0318071 0.0174037 0.0223224 0.0260079 0.0225933 0.0296112 0.0908567 0.0178113 0.0192804 0.2357769 0.0132952 0.0224549 
Bphy_baits_MYH2   0.0081180 0.0207743 0.0171863 0.0039729 0.0058435 0.0083167 0.0098030 0.0085899 0.0131448 0.0032222 0.0000000 0.0246153 0.0297560 0.0094779 0.0169949 0.0195859 0.0171152 0.0178715 0.0167672 0.0285512 0.0139725 0.0071546 0.0086697 0.0138002 0.0077115 0.0129760 0.0182035 0.0156447 0.0250993 0.0254532 0.0175484 0.0187334 0.0151667 0.0192064 0.0217214 0.0415643 0.0210033 0.0187872 0.0244048 0.0207994 0.0178398 0.2390536 0.0194952 0.0162243 0.0193030 0.0316826 0.0202337 0.0169683 0.0216633 0.0375613 0.0206350 0.0214830 0.0228895 0.0229786 0.0144227 0.0271511 0.0267149 0.0130162 0.0100594 0.2359181 0.0190885 0.0117992 0.0234764 0.0118111 0.0245475 0.0368970 0.0248561 0.0223538 0.0176276 0.0158392 0.0099878 0.0130409 0.0407707 0.0173680 0.0168689 0.0176186 0.0281673 0.0316889 0.1153038 0.0166060 0.0142864 0.2334684 0.0215118 0.0252138 
Ccom40_MYH2       0.0179016 0.0232914 0.0223322 0.0181230 0.0236132 0.0188114 0.0137975 0.0189465 0.0230494 0.0212461 0.0246153 0.0000000 0.0145581 0.0220476 0.0091092 0.0086480 0.0126971 0.0076994 0.0161611 0.0356079 0.0230413 0.0189788 0.0220813 0.0172617 0.0049569 0.0126621 0.0207309 0.0187745 0.0287863 0.0081761 0.0164305 0.0128889 0.0104794 0.0212678 0.0045708 0.0279181 0.0118619 0.0141107 0.0072804 0.0054831 0.0038331 0.2266797 0.0087127 0.0138419 0.0214735 0.0418416 0.0115208 0.0108020 0.0182275 0.0252799 0.0100527 0.0138887 0.0113471 0.0193371 0.0154683 0.0155089 0.0096288 0.0072635 0.0058919 0.2246593 0.0111421 0.0096257 0.0158520 0.0194587 0.0349985 0.0306397 0.0120154 0.0093260 0.0090220 0.0115335 0.0063088 0.0041868 0.0248731 0.0054002 0.0120379 0.0069345 0.0154077 0.0145439 0.1148007 0.0076994 0.0071707 0.2220251 0.0117968 0.0209634 
Chea7320_MYH2     0.0230140 0.0220250 0.0201400 0.0240308 0.0288836 0.0267642 0.0184178 0.0211275 0.0324772 0.0266795 0.0297560 0.0145581 0.0000000 0.0242767 0.0183883 0.0183755 0.0163254 0.0151566 0.0181354 0.0497289 0.0324639 0.0280064 0.0216439 0.0172475 0.0172214 0.0198602 0.0263616 0.0237847 0.0302881 0.0175606 0.0189071 0.0166488 0.0186814 0.0185995 0.0120981 0.0502865 0.0151941 0.0145900 0.0112573 0.0102856 0.0183864 0.2183220 0.0146307 0.0193773 0.0231577 0.0274444 0.0140038 0.0164194 0.0180735 0.0323956 0.0203732 0.0180606 0.0178937 0.0235841 0.0210187 0.0176585 0.0174540 0.0182119 0.0177346 0.2115662 0.0145863 0.0182955 0.0224154 0.0192011 0.0394208 0.0410136 0.0082776 0.0152162 0.0240201 0.0169956 0.0165924 0.0144517 0.0375931 0.0145788 0.0127102 0.0173989 0.0162541 0.0204106 0.1232108 0.0151566 0.0187833 0.2083614 0.0092204 0.0185570 
Cmar59905_MYH2    0.0122636 0.0299156 0.0207843 0.0142990 0.0111387 0.0118301 0.0100725 0.0131426 0.0170541 0.0106981 0.0094779 0.0220476 0.0242767 0.0000000 0.0188087 0.0202876 0.0179896 0.0177802 0.0249847 0.0206099 0.0180941 0.0184164 0.0113539 0.0249896 0.0122215 0.0147017 0.0182864 0.0192975 0.0269792 0.0225618 0.0160643 0.0242218 0.0173280 0.0269615 0.0202561 0.0279584 0.0233617 0.0249416 0.0228074 0.0196568 0.0178556 0.2622531 0.0205867 0.0231529 0.0221354 0.0238062 0.0165595 0.0124399 0.0297718 0.0213129 0.0224906 0.0270191 0.0253456 0.0214670 0.0236710 0.0162592 0.0245722 0.0159436 0.0165618 0.2576918 0.0251569 0.0141710 0.0291505 0.0228757 0.0257933 0.0206049 0.0240063 0.0242794 0.0208637 0.0159541 0.0149660 0.0147466 0.0276313 0.0174033 0.0229560 0.0176600 0.0226622 0.0258006 0.1011140 0.0166445 0.0165352 0.2553986 0.0181890 0.0266624 
Dcap108471_MYH2   0.0140374 0.0185495 0.0169314 0.0141445 0.0190697 0.0172700 0.0098519 0.0215306 0.0222695 0.0188189 0.0169949 0.0091092 0.0183883 0.0188087 0.0000000 0.0000010 0.0000010 0.0016037 0.0151701 0.0373971 0.0199632 0.0165511 0.0147305 0.0123757 0.0042489 0.0048005 0.0125704 0.0137618 0.0241849 0.0124510 0.0174240 0.0121842 0.0034568 0.0099959 0.0092790 0.0339680 0.0087063 0.0134837 0.0067999 0.0077462 0.0051468 0.2419941 0.0130600 0.0146932 0.0175706 0.0427405 0.0143242 0.0126024 0.0199259 0.0342194 0.0133191 0.0187410 0.0137540 0.0122871 0.0153182 0.0170919 0.0139393 0.0048290 0.0032757 0.2371060 0.0105951 0.0050804 0.0166433 0.0130980 0.0298701 0.0300587 0.0078536 0.0086296 0.0089661 0.0048195 0.0034605 0.0055156 0.0288099 0.0032044 0.0124154 0.0037542 0.0084305 0.0059519 0.0842064 0.0016008 0.0059738 0.2346382 0.0109769 0.0220056 
Dcap79929_MYH2    0.0150658 0.0185313 0.0158653 0.0194645 0.0267939 0.0156990 0.0110336 0.0206965 0.0222341 0.0178246 0.0195859 0.0086480 0.0183755 0.0202876 0.0000010 0.0000000 0.0000010 0.0015609 0.0154596 0.0364927 0.0213469 0.0180439 0.0165880 0.0115551 0.0040054 0.0044652 0.0120765 0.0120985 0.0243897 0.0124510 0.0139959 0.0108925 0.0031138 0.0098972 0.0086357 0.0301004 0.0175911 0.0210288 0.0059368 0.0078897 0.0052053 0.2799262 0.0146909 0.0137342 0.0164107 0.0403631 0.0146327 0.0127775 0.0197075 0.0323825 0.0153740 0.0164418 0.0130645 0.0101870 0.0146815 0.0164516 0.0135611 0.0043418 0.0033369 0.2716260 0.0097927 0.0050421 0.0167572 0.0129767 0.0373446 0.0265859 0.0091730 0.0077371 0.0086175 0.0046981 0.0033661 0.0050375 0.0227495 0.0028862 0.0118414 0.0125466 0.0078331 0.0053520 0.0769972 0.0015582 0.0058385 0.2721353 0.0097553 0.0227616 
DdelSJR_MYH2      0.0156567 0.0142281 0.0142886 0.0118565 0.0191239 0.0173194 0.0098298 0.0227565 0.0231159 0.0209979 0.0171152 0.0126971 0.0163254 0.0179896 0.0000010 0.0000010 0.0000000 0.0000010 0.0151220 0.0427043 0.0205680 0.0165123 0.0136802 0.0112313 0.0042388 0.0053321 0.0119277 0.0182574 0.0241290 0.0109524 0.0163449 0.0129147 0.0018150 0.0059402 0.0073551 0.0375459 0.0073397 0.0131598 0.0071594 0.0051015 0.0036267 0.2597771 0.0128349 0.0157425 0.0186122 0.0410825 0.0099522 0.0125726 0.0168834 0.0351358 0.0131529 0.0151451 0.0125033 0.0170649 0.0163100 0.0132320 0.0173235 0.0035962 0.0018337 0.2523570 0.0099605 0.0035775 0.0167799 0.0119163 0.0356469 0.0320164 0.0086211 0.0077727 0.0079770 0.0050556 0.0018298 0.0039025 0.0294293 0.0016886 0.0120285 0.0019969 0.0061211 0.0042320 0.0881072 0.0000010 0.0042986 0.2496342 0.0135644 0.0194346 
Ddeltrop4525_MYH2 0.0141307 0.0168056 0.0166983 0.0142636 0.0189061 0.0171553 0.0097774 0.0212611 0.0207382 0.0188876 0.0178715 0.0076994 0.0151566 0.0177802 0.0016037 0.0015609 0.0000010 0.0000000 0.0140714 0.0374890 0.0183842 0.0164195 0.0139144 0.0104577 0.0040224 0.0050110 0.0111066 0.0144748 0.0239438 0.0098554 0.0171390 0.0128501 0.0016385 0.0098972 0.0092129 0.0298636 0.0068677 0.0122500 0.0050210 0.0047800 0.0033776 0.2701932 0.0132815 0.0156073 0.0155895 0.0400278 0.0123957 0.0125008 0.0217188 0.0342122 0.0140086 0.0153179 0.0113485 0.0121566 0.0174193 0.0140591 0.0140079 0.0032285 0.0017096 0.2651432 0.0088471 0.0050206 0.0184154 0.0129143 0.0295499 0.0314900 0.0098554 0.0072556 0.0068271 0.0030618 0.0016423 0.0036155 0.0259975 0.0015829 0.0111224 0.0018469 0.0051647 0.0037666 0.0802980 0.0000010 0.0037765 0.2626543 0.0095219 0.0216763 
Dleu_MYH2         0.0168520 0.0268409 0.0221275 0.0175643 0.0206515 0.0186978 0.0077856 0.0251315 0.0257556 0.0220307 0.0167672 0.0161611 0.0181354 0.0249847 0.0151701 0.0154596 0.0151220 0.0140714 0.0000000 0.0421510 0.0253260 0.0207462 0.0202189 0.0068371 0.0195271 0.0158783 0.0236507 0.0170274 0.0341184 0.0198716 0.0127349 0.0192710 0.0171871 0.0097694 0.0129852 0.0461568 0.0086175 0.0098564 0.0148683 0.0149956 0.0131432 0.2554704 0.0147526 0.0188510 0.0171943 0.0503585 0.0086714 0.0082582 0.0280549 0.0359364 0.0098616 0.0266118 0.0090527 0.0096965 0.0169412 0.0099135 0.0183918 0.0122762 0.0145225 0.2499127 0.0153597 0.0168756 0.0216296 0.0072038 0.0382421 0.0395023 0.0151042 0.0104138 0.0178510 0.0140322 0.0133184 0.0141826 0.0422670 0.0122435 0.0068807 0.0145667 0.0111197 0.0201740 0.1093443 0.0140437 0.0179775 0.2472121 0.0071304 0.0197947 
EausAUS_MYH2      0.0262642 0.0228835 0.0348915 0.0244806 0.0380748 0.0325570 0.0286197 0.0262737 0.0154407 0.0281092 0.0285512 0.0356079 0.0497289 0.0206099 0.0373971 0.0364927 0.0427043 0.0374890 0.0421510 0.0000000 0.0138079 0.0018360 0.0303870 0.0425840 0.0167742 0.0335769 0.0466713 0.0336335 0.0513055 0.0253579 0.0186302 0.0360499 0.0350239 0.0425726 0.0325987 0.0246257 0.0562248 0.0604073 0.0361267 0.0350938 0.0354656 0.2862117 0.0352454 0.0185079 0.0344308 0.0347765 0.0316077 0.0308291 0.0245527 0.0372677 0.0337858 0.0181552 0.0211769 0.0442630 0.0170718 0.0387809 0.0413026 0.0225495 0.0184713 0.2758960 0.0227480 0.0326103 0.0293960 0.0457288 0.0528209 0.0271881 0.0299129 0.0368347 0.0167872 0.0394159 0.0185257 0.0159530 0.0384971 0.0340443 0.0458011 0.0524758 0.0590190 0.0522327 0.1163151 0.0373971 0.0211863 0.2764324 0.0316133 0.0445825 
Egla13086_MYH2    0.0122478 0.0252764 0.0205565 0.0168627 0.0137470 0.0126900 0.0078624 0.0136730 0.0026602 0.0122382 0.0139725 0.0230413 0.0324639 0.0180941 0.0199632 0.0213469 0.0205680 0.0183842 0.0253260 0.0138079 0.0000000 0.0019560 0.0111786 0.0230002 0.0144964 0.0178893 0.0242989 0.0213056 0.0324509 0.0284370 0.0162708 0.0209456 0.0161793 0.0245127 0.0199251 0.0388744 0.0249644 0.0292489 0.0266409 0.0225520 0.0165090 0.2710060 0.0195340 0.0197052 0.0222306 0.0324463 0.0205579 0.0112397 0.0270343 0.0397196 0.0212321 0.0227140 0.0230281 0.0255420 0.0200991 0.0247256 0.0278427 0.0158230 0.0175956 0.2661707 0.0239816 0.0132801 0.0278258 0.0210564 0.0257107 0.0436101 0.0291925 0.0247538 0.0196152 0.0182636 0.0161452 0.0188501 0.0324352 0.0189671 0.0273619 0.0195989 0.0201925 0.0300324 0.1159630 0.0183206 0.0180819 0.2640512 0.0199194 0.0264052 
Ejap43864_MYH2    0.0104226 0.0160644 0.0133825 0.0202353 0.0215038 0.0141648 0.0088241 0.0157146 0.0016996 0.0139612 0.0071546 0.0189788 0.0280064 0.0184164 0.0165511 0.0180439 0.0165123 0.0164195 0.0207462 0.0018360 0.0019560 0.0000000 0.0108332 0.0208813 0.0129923 0.0097961 0.0187451 0.0147937 0.0270195 0.0222176 0.0161677 0.0188268 0.0150610 0.0171246 0.0162603 0.0238016 0.0344001 0.0368293 0.0167843 0.0184772 0.0131377 0.2739847 0.0132319 0.0184001 0.0129390 0.0400245 0.0135119 0.0128458 0.0245215 0.0194614 0.0157879 0.0206740 0.0179153 0.0160519 0.0157741 0.0191133 0.0268115 0.0098455 0.0142455 0.2634085 0.0205847 0.0107817 0.0271453 0.0197808 0.0364592 0.0286776 0.0238501 0.0203225 0.0151529 0.0142871 0.0142871 0.0118657 0.0384971 0.0159963 0.0211472 0.0277590 0.0170302 0.0251587 0.1105858 0.0163815 0.0195715 0.2641181 0.0157088 0.0263249 
Erob133443_MYH2   0.0075069 0.0213234 0.0186714 0.0075467 0.0054091 0.0038229 0.0058866 0.0080320 0.0121019 0.0059860 0.0086697 0.0220813 0.0216439 0.0113539 0.0147305 0.0165880 0.0136802 0.0139144 0.0202189 0.0303870 0.0111786 0.0108332 0.0000000 0.0160869 0.0110061 0.0089834 0.0168731 0.0188828 0.0266799 0.0249667 0.0123721 0.0202812 0.0112825 0.0194632 0.0157549 0.0404206 0.0192800 0.0222728 0.0188869 0.0157632 0.0144882 0.2679072 0.0223051 0.0225298 0.0195862 0.0341222 0.0162407 0.0096426 0.0294695 0.0434903 0.0158583 0.0246162 0.0180781 0.0184978 0.0232042 0.0198465 0.0275212 0.0104333 0.0117579 0.2664800 0.0214736 0.0086666 0.0255127 0.0140568 0.0270698 0.0437696 0.0220924 0.0176253 0.0184539 0.0104075 0.0123666 0.0138290 0.0318710 0.0155951 0.0202829 0.0153878 0.0172995 0.0233065 0.1081550 0.0147546 0.0157286 0.2641832 0.0137491 0.0184418 
Fatt_MYH2         0.0164877 0.0262371 0.0238967 0.0254857 0.0283309 0.0187213 0.0073212 0.0232153 0.0234896 0.0215499 0.0138002 0.0172617 0.0172475 0.0249896 0.0123757 0.0115551 0.0112313 0.0104577 0.0068371 0.0425840 0.0230002 0.0208813 0.0160869 0.0000000 0.0144574 0.0102420 0.0187577 0.0184607 0.0340075 0.0228373 0.0135621 0.0206735 0.0086567 0.0077660 0.0084610 0.0433979 0.0147752 0.0145893 0.0119064 0.0122271 0.0111978 0.2803978 0.0215747 0.0204115 0.0193847 0.0503552 0.0110524 0.0124606 0.0281141 0.0446296 0.0139696 0.0238005 0.0090457 0.0109073 0.0185792 0.0140476 0.0179398 0.0067882 0.0095369 0.2707552 0.0163814 0.0111517 0.0210215 0.0017834 0.0439561 0.0358737 0.0182114 0.0066931 0.0165904 0.0069274 0.0075197 0.0091812 0.0424061 0.0080845 0.0051847 0.0193132 0.0110966 0.0178013 0.0894811 0.0104373 0.0110913 0.2713365 0.0104942 0.0235276 
Ggri_MYH2         0.0101503 0.0126557 0.0132817 0.0122499 0.0106561 0.0106528 0.0070331 0.0149085 0.0144727 0.0121813 0.0077115 0.0049569 0.0172214 0.0122215 0.0042489 0.0040054 0.0042388 0.0040224 0.0195271 0.0167742 0.0144964 0.0129923 0.0110061 0.0144574 0.0000000 0.0020843 0.0069671 0.0149613 0.0214368 0.0090832 0.0109376 0.0115641 0.0040366 0.0119506 0.0093645 0.0142989 0.0118629 0.0144021 0.0063325 0.0063388 0.0045811 0.2857648 0.0151828 0.0146180 0.0149254 0.0374309 0.0090231 0.0081509 0.0214598 0.0109248 0.0143105 0.0157397 0.0120019 0.0136853 0.0163920 0.0144195 0.0162715 0.0020006 0.0020936 0.2787855 0.0109490 0.0020936 0.0208171 0.0144917 0.0258299 0.0209209 0.0102062 0.0100539 0.0055064 0.0020000 0.0020000 0.0000010 0.0261093 0.0020949 0.0121003 0.0025841 0.0114190 0.0073823 0.1088329 0.0040133 0.0023716 0.2754760 0.0122293 0.0250000 
Gmac39091_MYH2    0.0104032 0.0183071 0.0145540 0.0164646 0.0221596 0.0125809 0.0073212 0.0157175 0.0166321 0.0134293 0.0129760 0.0126621 0.0198602 0.0147017 0.0048005 0.0044652 0.0053321 0.0050110 0.0158783 0.0335769 0.0178893 0.0097961 0.0089834 0.0102420 0.0020843 0.0000000 0.0073411 0.0157931 0.0238535 0.0123254 0.0081797 0.0083309 0.0033191 0.0139127 0.0088803 0.0357821 0.0209921 0.0234348 0.0077988 0.0080286 0.0053504 0.2761519 0.0172978 0.0123855 0.0184694 0.0372088 0.0141035 0.0110431 0.0199259 0.0331531 0.0138763 0.0183226 0.0096848 0.0153249 0.0109442 0.0159264 0.0178371 0.0014732 0.0016921 0.2658862 0.0091467 0.0000010 0.0130679 0.0092606 0.0343565 0.0270692 0.0076834 0.0083079 0.0066520 0.0016458 0.0017953 0.0033314 0.0288099 0.0031059 0.0134903 0.0128935 0.0137068 0.0118246 0.0818804 0.0050016 0.0041986 0.2664634 0.0140688 0.0209525 
Gmel_MYH2         0.0216714 0.0193871 0.0192370 0.0165774 0.0208104 0.0201246 0.0130613 0.0250776 0.0249955 0.0232623 0.0182035 0.0207309 0.0263616 0.0182864 0.0125704 0.0120765 0.0119277 0.0111066 0.0236507 0.0466713 0.0242989 0.0187451 0.0168731 0.0187577 0.0069671 0.0073411 0.0000000 0.0213873 0.0245150 0.0187734 0.0182756 0.0217299 0.0093040 0.0241442 0.0162221 0.0372823 0.0161161 0.0261448 0.0148360 0.0118321 0.0111124 0.2494154 0.0272682 0.0162319 0.0263898 0.0396936 0.0137893 0.0177648 0.0141860 0.0436928 0.0215793 0.0238053 0.0068519 0.0160380 0.0162737 0.0193074 0.0230182 0.0093539 0.0076306 0.2462691 0.0143442 0.0056171 0.0124151 0.0177859 0.0267742 0.0306558 0.0152320 0.0172721 0.0049319 0.0072992 0.0056101 0.0085909 0.0150189 0.0078922 0.0255944 0.0098273 0.0239721 0.0107465 0.1014161 0.0104084 0.0084116 0.2438701 0.0190675 0.0248891 
Hamp_MYH2         0.0185608 0.0183523 0.0112250 0.0209191 0.0241617 0.0125320 0.0121554 0.0181654 0.0187614 0.0171313 0.0156447 0.0187745 0.0237847 0.0192975 0.0137618 0.0120985 0.0182574 0.0144748 0.0170274 0.0336335 0.0213056 0.0147937 0.0188828 0.0184607 0.0149613 0.0157931 0.0213873 0.0000000 0.0247483 0.0219929 0.0088232 0.0143495 0.0144373 0.0159512 0.0119920 0.0430738 0.0252231 0.0288095 0.0161278 0.0157986 0.0135461 0.2707932 0.0042628 0.0019037 0.0000010 0.0240476 0.0016430 0.0000010 0.0080247 0.0219694 0.0055016 0.0092729 0.0122974 0.0018781 0.0016009 0.0070441 0.0218701 0.0126687 0.0129026 0.2608628 0.0187486 0.0144419 0.0218315 0.0201986 0.0416511 0.0330067 0.0212428 0.0136218 0.0196690 0.0181323 0.0128241 0.0144631 0.0289048 0.0104970 0.0181165 0.0224479 0.0217587 0.0244006 0.0966514 0.0135612 0.0171522 0.2614596 0.0099948 0.0171782 
Hippo_MYH2        0.0210488 0.0233062 0.0210395 0.0218154 0.0245665 0.0220638 0.0204025 0.0250189 0.0322189 0.0230783 0.0250993 0.0287863 0.0302881 0.0269792 0.0241849 0.0243897 0.0241290 0.0239438 0.0341184 0.0513055 0.0324509 0.0270195 0.0266799 0.0340075 0.0214368 0.0238535 0.0245150 0.0247483 0.0000000 0.0318259 0.0288906 0.0305655 0.0240179 0.0290550 0.0247493 0.0529593 0.0290154 0.0364619 0.0246911 0.0242897 0.0239005 0.2478760 0.0239183 0.0279995 0.0216954 0.0476068 0.0212434 0.0227826 0.0279045 0.0466373 0.0221481 0.0292747 0.0225349 0.0210948 0.0205849 0.0249854 0.0342165 0.0240146 0.0216930 0.2486805 0.0266660 0.0238535 0.0328959 0.0340075 0.0421583 0.0555473 0.0275997 0.0285103 0.0270272 0.0239212 0.0222004 0.0240483 0.0384234 0.0227886 0.0342914 0.0266697 0.0392187 0.0288481 0.1328232 0.0242031 0.0288674 0.2435332 0.0168525 0.0212387 
Igeo_MYH2         0.0201275 0.0278138 0.0208589 0.0227443 0.0218523 0.0218523 0.0155042 0.0226862 0.0284532 0.0253257 0.0254532 0.0081761 0.0175606 0.0225618 0.0124510 0.0124510 0.0109524 0.0098554 0.0198716 0.0253579 0.0284370 0.0222176 0.0249667 0.0228373 0.0090832 0.0123254 0.0187734 0.0219929 0.0318259 0.0000000 0.0167944 0.0183773 0.0110818 0.0290595 0.0187418 0.0249344 0.0167284 0.0198732 0.0098630 0.0098630 0.0108350 0.2702817 0.0134452 0.0195227 0.0222491 0.0475774 0.0140631 0.0151326 0.0283285 0.0112452 0.0167887 0.0204078 0.0197180 0.0173816 0.0217217 0.0199280 0.0123096 0.0098352 0.0098630 0.2641867 0.0053810 0.0123606 0.0175984 0.0257580 0.0367633 0.0201023 0.0114901 0.0168282 0.0131845 0.0098352 0.0098352 0.0073363 0.0371595 0.0098352 0.0200072 0.0098630 0.0152820 0.0147847 0.0074743 0.0098554 0.0085833 0.2649804 0.0097166 0.0265085 
Kbre_MYH2         0.0116293 0.0159664 0.0119331 0.0192087 0.0234599 0.0137126 0.0137079 0.0155799 0.0197962 0.0136235 0.0175484 0.0164305 0.0189071 0.0160643 0.0174240 0.0139959 0.0163449 0.0171390 0.0127349 0.0186302 0.0162708 0.0161677 0.0123721 0.0135621 0.0109376 0.0081797 0.0182756 0.0088232 0.0288906 0.0167944 0.0000000 0.0044498 0.0170335 0.0175317 0.0209836 0.0161432 0.0242807 0.0218775 0.0144364 0.0192851 0.0162031 0.2872336 0.0058436 0.0073613 0.0125168 0.0338617 0.0135792 0.0114212 0.0116576 0.0054911 0.0170715 0.0153561 0.0208537 0.0112950 0.0090276 0.0171874 0.0154942 0.0102648 0.0149103 0.2743088 0.0185248 0.0090426 0.0185950 0.0090426 0.0321841 0.0210778 0.0000010 0.0164626 0.0164660 0.0149103 0.0149103 0.0102648 0.0299628 0.0136857 0.0107516 0.0291230 0.0159103 0.0197263 0.1144389 0.0170978 0.0133398 0.2763925 0.0106637 0.0244226 
Ksim_MYH2         0.0152174 0.0212227 0.0156704 0.0225845 0.0264203 0.0165571 0.0139093 0.0160092 0.0215902 0.0167919 0.0187334 0.0128889 0.0166488 0.0242218 0.0121842 0.0108925 0.0129147 0.0128501 0.0192710 0.0360499 0.0209456 0.0188268 0.0202812 0.0206735 0.0115641 0.0083309 0.0217299 0.0143495 0.0305655 0.0183773 0.0044498 0.0000000 0.0146385 0.0151267 0.0109160 0.0366287 0.0291128 0.0311481 0.0083591 0.0122054 0.0128293 0.2346382 0.0102462 0.0168200 0.0144763 0.0389336 0.0114017 0.0112322 0.0212598 0.0322891 0.0093485 0.0162043 0.0161453 0.0110484 0.0157747 0.0144378 0.0215508 0.0084080 0.0111753 0.2274058 0.0141205 0.0096083 0.0194754 0.0196773 0.0370410 0.0374209 0.0105319 0.0137837 0.0122401 0.0128127 0.0119567 0.0096652 0.0335924 0.0112589 0.0175379 0.0224313 0.0187015 0.0175434 0.1046853 0.0128236 0.0166200 0.2292841 0.0118110 0.0194496 
Lacu_MYH2         0.0124841 0.0159258 0.0166286 0.0219632 0.0245139 0.0147925 0.0079880 0.0178570 0.0174192 0.0156263 0.0151667 0.0104794 0.0186814 0.0173280 0.0034568 0.0031138 0.0018150 0.0016385 0.0171871 0.0350239 0.0161793 0.0150610 0.0112825 0.0086567 0.0040366 0.0033191 0.0093040 0.0144373 0.0240179 0.0110818 0.0170335 0.0146385 0.0000000 0.0130663 0.0110202 0.0330146 0.0196015 0.0232532 0.0066882 0.0068640 0.0054943 0.2906941 0.0172541 0.0173448 0.0161251 0.0418253 0.0134744 0.0137669 0.0252397 0.0381191 0.0171054 0.0169877 0.0126382 0.0131332 0.0160860 0.0172088 0.0155217 0.0016070 0.0018474 0.2814770 0.0095902 0.0036050 0.0180716 0.0120193 0.0356220 0.0313819 0.0138960 0.0090416 0.0076041 0.0016381 0.0017699 0.0036042 0.0264399 0.0031810 0.0134513 0.0132661 0.0087921 0.0061875 0.0797792 0.0016355 0.0041263 0.2819547 0.0113889 0.0256099 
Lalb_MYH2         0.0180178 0.0197628 0.0208532 0.0177866 0.0179505 0.0159230 0.0097774 0.0241548 0.0245234 0.0221335 0.0192064 0.0212678 0.0185995 0.0269615 0.0099959 0.0098972 0.0059402 0.0098972 0.0097694 0.0425726 0.0245127 0.0171246 0.0194632 0.0077660 0.0119506 0.0139127 0.0241442 0.0159512 0.0290550 0.0290595 0.0175317 0.0151267 0.0130663 0.0000000 0.0097640 0.0511917 0.0077976 0.0097622 0.0159690 0.0159890 0.0150606 0.2734538 0.0176997 0.0176158 0.0196694 0.0522453 0.0139305 0.0110819 0.0200901 0.0457417 0.0159234 0.0231715 0.0161364 0.0121566 0.0168900 0.0159883 0.0222192 0.0139948 0.0131168 0.2666668 0.0191494 0.0139445 0.0248640 0.0077660 0.0394863 0.0466252 0.0171447 0.0104288 0.0249804 0.0139127 0.0130838 0.0153356 0.0361920 0.0118996 0.0078282 0.0144868 0.0092727 0.0170064 0.1215328 0.0098972 0.0184861 0.2635344 0.0080579 0.0226373 
Laus_MYH2         0.0144636 0.0161119 0.0166381 0.0201277 0.0281897 0.0186190 0.0173796 0.0128146 0.0195937 0.0177321 0.0217214 0.0045708 0.0120981 0.0202561 0.0092790 0.0086357 0.0073551 0.0092129 0.0129852 0.0325987 0.0199251 0.0162603 0.0157549 0.0084610 0.0093645 0.0088803 0.0162221 0.0119920 0.0247493 0.0187418 0.0209836 0.0109160 0.0110202 0.0097640 0.0000000 0.0329922 0.0181077 0.0191712 0.0035375 0.0036551 0.0059143 0.2615153 0.0077652 0.0125678 0.0149489 0.0313652 0.0131094 0.0148119 0.0068019 0.0334304 0.0170909 0.0083740 0.0148667 0.0146574 0.0132986 0.0171942 0.0128411 0.0089746 0.0080032 0.2501578 0.0130549 0.0097360 0.0141000 0.0097360 0.0436153 0.0274780 0.0032542 0.0070609 0.0150004 0.0091387 0.0074488 0.0097573 0.0299628 0.0064039 0.0093410 0.0171428 0.0151553 0.0165385 0.0915228 0.0086052 0.0109680 0.2509344 0.0124386 0.0256094 
Lbor_MYH2         0.0348623 0.0173921 0.0379944 0.0225609 0.0433638 0.0417597 0.0410279 0.0395427 0.0367250 0.0365542 0.0415643 0.0279181 0.0502865 0.0279584 0.0339680 0.0301004 0.0375459 0.0298636 0.0461568 0.0246257 0.0388744 0.0238016 0.0404206 0.0433979 0.0142989 0.0357821 0.0372823 0.0430738 0.0529593 0.0249344 0.0161432 0.0366287 0.0330146 0.0511917 0.0329922 0.0000000 0.0345573 0.0488636 0.0337418 0.0299609 0.0268482 0.2829219 0.0275688 0.0144845 0.0479316 0.0345975 0.0319296 0.0357043 0.0172148 0.0343063 0.0351921 0.0130472 0.0205116 0.0526196 0.0251682 0.0358888 0.0364172 0.0206470 0.0125636 0.2805597 0.0169368 0.0299985 0.0289537 0.0460259 0.0525861 0.0247590 0.0164350 0.0348199 0.0091040 0.0319231 0.0113068 0.0147402 0.0210225 0.0243986 0.0464125 0.0317021 0.0401320 0.0322135 0.1159906 0.0280182 0.0060027 0.2780354 0.0350196 0.0439228 
Lhos30470_MYH2    0.0288781 0.0224288 0.0295697 0.0188584 0.0265475 0.0204593 0.0157268 0.0335348 0.0339030 0.0320058 0.0210033 0.0118619 0.0151941 0.0233617 0.0087063 0.0175911 0.0073397 0.0068677 0.0086175 0.0562248 0.0249644 0.0344001 0.0192800 0.0147752 0.0118629 0.0209921 0.0161161 0.0252231 0.0290154 0.0167284 0.0242807 0.0291128 0.0196015 0.0077976 0.0181077 0.0345573 0.0000000 0.0048097 0.0180446 0.0086037 0.0073466 0.2746152 0.0143861 0.0161984 0.0290834 0.0430594 0.0097727 0.0124606 0.0152675 0.0354918 0.0139696 0.0190376 0.0105283 0.0241945 0.0279425 0.0132590 0.0223191 0.0174252 0.0075210 0.2643160 0.0132165 0.0110176 0.0194865 0.0072239 0.0351272 0.0412367 0.0079760 0.0146809 0.0135106 0.0068246 0.0052016 0.0188999 0.0352349 0.0132361 0.0069742 0.0088112 0.0081943 0.0121233 0.0994199 0.0064439 0.0040183 0.2649072 0.0206285 0.0239172 
Lhos452_MYH2      0.0291201 0.0306611 0.0351119 0.0200391 0.0243543 0.0245291 0.0110671 0.0375954 0.0378605 0.0341449 0.0187872 0.0141107 0.0145900 0.0249416 0.0134837 0.0210288 0.0131598 0.0122500 0.0098564 0.0604073 0.0292489 0.0368293 0.0222728 0.0145893 0.0144021 0.0234348 0.0261448 0.0288095 0.0364619 0.0198732 0.0218775 0.0311481 0.0232532 0.0097622 0.0191712 0.0488636 0.0048097 0.0000000 0.0227468 0.0152035 0.0131204 0.2742136 0.0173977 0.0213956 0.0308447 0.0528998 0.0123978 0.0124606 0.0280504 0.0387764 0.0150055 0.0264761 0.0136953 0.0249190 0.0322443 0.0169976 0.0237724 0.0199780 0.0127074 0.2646684 0.0194480 0.0168619 0.0255041 0.0090430 0.0359348 0.0486890 0.0151028 0.0146886 0.0178990 0.0122161 0.0113531 0.0188242 0.0422544 0.0165693 0.0016298 0.0113226 0.0082637 0.0177797 0.1062463 0.0122260 0.0088436 0.2652979 0.0225615 0.0254699 
Lobl_MYH2         0.0197593 0.0225421 0.0178972 0.0228550 0.0292879 0.0181103 0.0129133 0.0181991 0.0247273 0.0228899 0.0244048 0.0072804 0.0112573 0.0228074 0.0067999 0.0059368 0.0071594 0.0050210 0.0148683 0.0361267 0.0266409 0.0167843 0.0188869 0.0119064 0.0063325 0.0077988 0.0148360 0.0161278 0.0246911 0.0098630 0.0144364 0.0083591 0.0066882 0.0159690 0.0035375 0.0337418 0.0180446 0.0227468 0.0000000 0.0000010 0.0053508 0.2835818 0.0140053 0.0147795 0.0171518 0.0350625 0.0105549 0.0112773 0.0180537 0.0309543 0.0130956 0.0106118 0.0066967 0.0146245 0.0129984 0.0123598 0.0150355 0.0046754 0.0036131 0.2730398 0.0073043 0.0067014 0.0130757 0.0148067 0.0433033 0.0268634 0.0096002 0.0066238 0.0071791 0.0067168 0.0036131 0.0050169 0.0249273 0.0029630 0.0123974 0.0129071 0.0137283 0.0110969 0.0844533 0.0050210 0.0063372 0.2735714 0.0124928 0.0237029 
Lobs_MYH2         0.0166483 0.0196635 0.0194498 0.0177066 0.0206665 0.0188736 0.0117353 0.0162419 0.0246768 0.0212984 0.0207994 0.0054831 0.0102856 0.0196568 0.0077462 0.0078897 0.0051015 0.0047800 0.0149956 0.0350938 0.0225520 0.0184772 0.0157632 0.0122271 0.0063388 0.0080286 0.0118321 0.0157986 0.0242897 0.0098630 0.0192851 0.0122054 0.0068640 0.0159890 0.0036551 0.0299609 0.0086037 0.0152035 0.0000010 0.0000000 0.0050779 0.2379398 0.0132068 0.0147989 0.0157880 0.0335737 0.0102085 0.0126942 0.0187306 0.0345061 0.0152599 0.0114496 0.0090457 0.0123915 0.0153842 0.0130211 0.0135363 0.0064539 0.0049162 0.2331884 0.0086810 0.0064700 0.0149337 0.0147930 0.0280899 0.0279779 0.0073886 0.0086902 0.0090245 0.0047680 0.0034202 0.0054470 0.0262372 0.0030711 0.0142235 0.0035648 0.0131020 0.0099027 0.0874867 0.0047714 0.0057141 0.2307626 0.0105267 0.0230235 
LperAUS_MYH2      0.0124054 0.0168056 0.0177764 0.0138533 0.0182784 0.0164194 0.0083931 0.0208070 0.0172627 0.0171490 0.0178398 0.0038331 0.0183864 0.0178556 0.0051468 0.0052053 0.0036267 0.0033776 0.0131432 0.0354656 0.0165090 0.0131377 0.0144882 0.0111978 0.0045811 0.0053504 0.0111124 0.0135461 0.0239005 0.0108350 0.0162031 0.0128293 0.0054943 0.0150606 0.0059143 0.0268482 0.0073466 0.0131204 0.0053508 0.0050779 0.0000000 0.2131760 0.0101710 0.0145424 0.0147766 0.0430214 0.0098724 0.0112608 0.0200370 0.0347516 0.0111892 0.0184182 0.0113257 0.0106569 0.0152309 0.0131307 0.0123450 0.0035788 0.0018246 0.2130622 0.0115839 0.0053504 0.0185402 0.0138850 0.0310775 0.0339104 0.0066704 0.0077923 0.0071834 0.0033750 0.0018246 0.0038821 0.0288831 0.0016842 0.0119633 0.0019816 0.0110236 0.0085323 0.0928420 0.0033776 0.0042737 0.2106095 0.0090560 0.0189053 
Lvex_MYH2         0.2385198 0.2310310 0.2282119 0.2780793 0.2634103 0.2427457 0.2554358 0.2525696 0.2553518 0.2411679 0.2390536 0.2266797 0.2183220 0.2622531 0.2419941 0.2799262 0.2597771 0.2701932 0.2554704 0.2862117 0.2710060 0.2739847 0.2679072 0.2803978 0.2857648 0.2761519 0.2494154 0.2707932 0.2478760 0.2702817 0.2872336 0.2346382 0.2906941 0.2734538 0.2615153 0.2829219 0.2746152 0.2742136 0.2835818 0.2379398 0.2131760 0.0000000 0.2522336 0.2773729 0.2785684 0.2494495 0.2616819 0.2580257 0.2392159 0.2229004 0.2294977 0.2628427 0.2413039 0.2984129 0.2746027 0.2264498 0.2435790 0.2862822 0.2422347 0.0141708 0.2235085 0.2503620 0.2779783 0.2801034 0.2693200 0.2708165 0.2184409 0.2614155 0.2994422 0.2797121 0.2700074 0.2751110 0.2645791 0.2496389 0.2638627 0.2695674 0.3384893 0.3381224 0.3642026 0.2666526 0.2919384 0.0119479 0.1953531 0.1871743 
Mbid_MYH2         0.0125911 0.0180484 0.0085247 0.0137156 0.0204258 0.0178245 0.0104317 0.0139670 0.0200547 0.0162265 0.0194952 0.0087127 0.0146307 0.0205867 0.0130600 0.0146909 0.0128349 0.0132815 0.0147526 0.0352454 0.0195340 0.0132319 0.0223051 0.0215747 0.0151828 0.0172978 0.0272682 0.0042628 0.0239183 0.0134452 0.0058436 0.0102462 0.0172541 0.0176997 0.0077652 0.0275688 0.0143861 0.0173977 0.0140053 0.0132068 0.0101710 0.2522336 0.0000000 0.0000010 0.0025297 0.0136603 0.0042027 0.0028320 0.0082091 0.0186212 0.0023604 0.0000010 0.0136387 0.0070857 0.0024717 0.0073326 0.0125115 0.0145434 0.0119516 0.2475084 0.0149280 0.0163275 0.0213263 0.0243312 0.0382533 0.0387755 0.0198535 0.0120349 0.0177868 0.0178112 0.0135632 0.0130065 0.0346331 0.0106880 0.0173423 0.0132374 0.0178149 0.0204208 0.1418419 0.0122701 0.0135175 0.2475084 0.0024084 0.0077228 
Mbow_MYH2         0.0154759 0.0128294 0.0114250 0.0144641 0.0186770 0.0155164 0.0098177 0.0210410 0.0217063 0.0194428 0.0162243 0.0138419 0.0193773 0.0231529 0.0146932 0.0137342 0.0157425 0.0156073 0.0188510 0.0185079 0.0197052 0.0184001 0.0225298 0.0204115 0.0146180 0.0123855 0.0162319 0.0019037 0.0279995 0.0195227 0.0073613 0.0168200 0.0173448 0.0176158 0.0125678 0.0144845 0.0161984 0.0213956 0.0147795 0.0147989 0.0145424 0.2773729 0.0000010 0.0000000 0.0000010 0.0285909 0.0020934 0.0024281 0.0059261 0.0000010 0.0045405 0.0069572 0.0112806 0.0028952 0.0000010 0.0042437 0.0157439 0.0124224 0.0124151 0.2705682 0.0189544 0.0133072 0.0221262 0.0204115 0.0361169 0.0237715 0.0145802 0.0137019 0.0172495 0.0133307 0.0133307 0.0133307 0.0289048 0.0124095 0.0189141 0.0166414 0.0179899 0.0201336 0.1359791 0.0156073 0.0162821 0.2674674 0.0043462 0.0190597 
Mcar_MYH2         0.0176276 0.0156552 0.0097675 0.0244076 0.0258657 0.0163798 0.0099319 0.0211314 0.0211022 0.0209197 0.0193030 0.0214735 0.0231577 0.0221354 0.0175706 0.0164107 0.0186122 0.0155895 0.0171943 0.0344308 0.0222306 0.0129390 0.0195862 0.0193847 0.0149254 0.0184694 0.0263898 0.0000010 0.0216954 0.0222491 0.0125168 0.0144763 0.0161251 0.0196694 0.0149489 0.0479316 0.0290834 0.0308447 0.0171518 0.0157880 0.0147766 0.2785684 0.0025297 0.0000010 0.0000000 0.0289299 0.0000010 0.0000010 0.0113834 0.0220953 0.0036996 0.0076080 0.0125080 0.0021307 0.0000010 0.0037220 0.0263211 0.0134959 0.0149629 0.2673666 0.0201885 0.0163805 0.0267714 0.0223988 0.0464977 0.0419200 0.0267002 0.0163960 0.0217416 0.0190574 0.0149708 0.0145711 0.0335376 0.0128611 0.0194455 0.0249355 0.0221504 0.0264497 0.1017517 0.0155592 0.0198574 0.2679826 0.0074940 0.0154407 
Mden_MYH2         0.0317428 0.0242358 0.0229912 0.0356402 0.0353912 0.0353912 0.0315564 0.0261725 0.0320858 0.0298815 0.0316826 0.0418416 0.0274444 0.0238062 0.0427405 0.0403631 0.0410825 0.0400278 0.0503585 0.0347765 0.0324463 0.0400245 0.0341222 0.0503552 0.0374309 0.0372088 0.0396936 0.0240476 0.0476068 0.0475774 0.0338617 0.0389336 0.0418253 0.0522453 0.0313652 0.0345975 0.0430594 0.0528998 0.0350625 0.0335737 0.0430214 0.2494495 0.0136603 0.0285909 0.0289299 0.0000000 0.0245875 0.0295584 0.0214702 0.0157817 0.0371918 0.0269690 0.0457238 0.0395652 0.0275187 0.0252251 0.0356043 0.0377662 0.0394479 0.2447442 0.0408201 0.0356228 0.0405165 0.0477787 0.0497964 0.0297299 0.0291330 0.0447033 0.0447237 0.0378875 0.0351276 0.0396162 0.0192077 0.0351188 0.0505032 0.0424221 0.0520920 0.0475593 0.1503465 0.0371097 0.0369774 0.2415453 0.0252451 0.0255125 
