89
Bacu_MYO7A         0.0000000 0.0189840 0.0386273 0.0034055 0.0015971 0.0014931 0.0039423 0.0027210 0.0051508 0.0013590 0.0017203 0.0131757 0.0078080 0.0163992 0.0131493 0.0033409 0.0150090 0.0137280 0.0124052 0.0144521 0.0131346 0.0064041 0.0056255 0.0048526 0.0064154 0.0131812 0.0123150 0.0125402 0.0130981 0.0143892 0.0153290 0.0376815 0.0167706 0.0102032 0.0168344 0.0142378 0.0138880 0.0137146 0.0136406 0.0138332 0.0146380 0.0132932 0.0165958 0.0131061 0.0170181 0.0166154 0.0177530 0.0548268 0.0183491 0.0164286 0.0169955 0.0173429 0.0169242 0.0138507 0.0169557 0.0195916 0.0141915 0.0253480 0.0157853 0.0117214 0.0156566 0.0152895 0.0131164 0.0126914 0.0131083 0.0116715 0.0122658 0.0090203 0.0102848 0.0121705 0.0131240 0.0124205 0.0170286 0.0151918 0.0132894 0.0153596 0.0136571 0.0148481 0.0144100 0.0149453 0.0139166 0.0137433 0.0146959 0.0142035 0.0120100 0.0172222 0.0153099 0.0142646 0.0152272 
Barn_MYO7A         0.0189840 0.0000000 0.0026291 0.0171022 0.0159321 0.0160699 0.0160699 0.0187618 0.0183784 0.0173919 0.0160467 0.0175262 0.0061764 0.0070014 0.0188583 0.0189388 0.0066125 0.0079524 0.0066125 0.0070014 0.0092891 0.0156576 0.0133497 0.0144674 0.0215450 0.0066125 0.0071603 0.0071603 0.0066125 0.0026291 0.0231008 0.0084082 0.0119642 0.0086048 0.0076186 0.0071603 0.0066287 0.0072600 0.0066125 0.0066125 0.0137756 0.0070014 0.0071603 0.0146421 0.0026291 0.0041875 0.0026291 0.0406591 0.0041782 0.0029830 0.0052763 0.0027826 0.0030568 0.0119847 0.0039888 0.0066384 0.0026291 0.0066125 0.0140584 0.0174227 0.0066125 0.0066125 0.0066125 0.0106562 0.0071603 0.0066125 0.0071603 0.0103292 0.0185340 0.0066125 0.0073585 0.0066125 0.0081771 0.0084476 0.0066125 0.0066125 0.0070014 0.0066125 0.0066125 0.0066331 0.0066125 0.0070014 0.0076186 0.0066125 0.0221365 0.0041910 0.0026291 0.0096851 0.0027826 
Bbai76728_MYO7A    0.0386273 0.0026291 0.0000000 0.0356156 0.0379393 0.0370492 0.0351080 0.0373028 0.0374851 0.0375088 0.0189822 0.0401805 0.0028375 0.0170958 0.0410101 0.0417404 0.0240529 0.0303650 0.0061803 0.0299752 0.0300102 0.0121615 0.0293574 0.0338948 0.0443070 0.0316141 0.0298267 0.0296715 0.0281386 0.0207520 0.0422057 0.0293585 0.0300778 0.0095637 0.0384691 0.0298183 0.0094593 0.0096145 0.0274154 0.0281386 0.0373814 0.0246591 0.0083645 0.0363760 0.0077584 0.0085431 0.0037239 0.0295423 0.0055483 0.0258674 0.0029408 0.0000010 0.0053420 0.0328110 0.0086055 0.0072902 0.0195861 0.0449512 0.0332773 0.0399930 0.0271912 0.0276672 0.0281303 0.0281030 0.0313175 0.0061788 0.0309540 0.0158125 0.0439647 0.0094710 0.0070103 0.0281874 0.0335804 0.0058139 0.0273548 0.0138165 0.0285679 0.0263152 0.0305732 0.0264915 0.0298203 0.0239365 0.0260714 0.0262893 0.0420408 0.0268263 0.0036639 0.0345022 0.0000010 
BbonAUS_MYO7A      0.0034055 0.0171022 0.0356156 0.0000000 0.0036714 0.0034966 0.0016775 0.0048698 0.0081764 0.0034041 0.0038200 0.0140401 0.0057195 0.0135898 0.0131886 0.0057624 0.0125422 0.0155181 0.0125165 0.0152691 0.0140039 0.0050159 0.0053571 0.0055087 0.0054811 0.0133108 0.0149186 0.0152935 0.0148111 0.0150665 0.0166278 0.0308751 0.0127908 0.0072817 0.0173739 0.0149146 0.0116315 0.0116149 0.0137405 0.0153707 0.0205972 0.0118890 0.0133989 0.0164784 0.0176334 0.0166530 0.0149283 0.0495030 0.0171428 0.0154670 0.0157115 0.0146986 0.0143233 0.0165506 0.0152452 0.0148529 0.0170686 0.0287274 0.0162548 0.0123252 0.0136156 0.0133937 0.0139902 0.0130070 0.0156437 0.0096126 0.0149186 0.0089794 0.0149755 0.0111487 0.0106429 0.0139763 0.0175514 0.0129594 0.0137110 0.0150271 0.0137110 0.0132042 0.0162285 0.0132630 0.0143823 0.0121842 0.0130398 0.0131207 0.0126358 0.0144499 0.0162142 0.0173249 0.0132717 
Bbor_MYO7A         0.0015971 0.0159321 0.0379393 0.0036714 0.0000000 0.0000010 0.0025341 0.0015249 0.0042371 0.0000010 0.0000010 0.0123935 0.0046424 0.0148649 0.0123865 0.0023826 0.0141889 0.0127695 0.0093795 0.0129780 0.0131606 0.0042373 0.0033318 0.0031405 0.0045833 0.0113881 0.0113091 0.0115759 0.0115671 0.0127456 0.0156114 0.0363463 0.0168409 0.0086192 0.0149156 0.0127299 0.0125353 0.0111569 0.0119002 0.0115671 0.0174087 0.0114857 0.0145900 0.0139038 0.0149489 0.0152610 0.0164099 0.0515294 0.0163472 0.0139782 0.0147997 0.0150997 0.0149714 0.0147584 0.0150080 0.0173296 0.0123802 0.0260903 0.0153073 0.0100097 0.0144297 0.0137296 0.0107972 0.0108444 0.0119632 0.0098265 0.0115090 0.0076930 0.0148816 0.0103814 0.0117453 0.0115835 0.0130432 0.0125865 0.0118763 0.0133822 0.0119051 0.0135947 0.0115477 0.0136867 0.0120238 0.0122282 0.0132877 0.0135132 0.0127397 0.0151288 0.0134535 0.0134371 0.0129872 
Bede66737_MYO7A    0.0014931 0.0160699 0.0370492 0.0034966 0.0000010 0.0000000 0.0023366 0.0014312 0.0038892 0.0000010 0.0000010 0.0116254 0.0056943 0.0152346 0.0116192 0.0023825 0.0145168 0.0128085 0.0099356 0.0128315 0.0123391 0.0040833 0.0031757 0.0031959 0.0043435 0.0111104 0.0113444 0.0116104 0.0115761 0.0133942 0.0153724 0.0354839 0.0151452 0.0090144 0.0155627 0.0131983 0.0128017 0.0115735 0.0125775 0.0118482 0.0164205 0.0121029 0.0152690 0.0130374 0.0150825 0.0159756 0.0161451 0.0493112 0.0164032 0.0146858 0.0149496 0.0152356 0.0142661 0.0138338 0.0151167 0.0173343 0.0126120 0.0251512 0.0150972 0.0101270 0.0146127 0.0141577 0.0108539 0.0111583 0.0116269 0.0105997 0.0112317 0.0071606 0.0133541 0.0111244 0.0111094 0.0115915 0.0151320 0.0129125 0.0122727 0.0135923 0.0126070 0.0138151 0.0118038 0.0139042 0.0122841 0.0129995 0.0129575 0.0137225 0.0119046 0.0159144 0.0136482 0.0128376 0.0132469 
BedeAUS_MYO7A      0.0039423 0.0160699 0.0351080 0.0016775 0.0025341 0.0023366 0.0000000 0.0037685 0.0065867 0.0023614 0.0017550 0.0145558 0.0056943 0.0143071 0.0137650 0.0042471 0.0132242 0.0164270 0.0133425 0.0163984 0.0153053 0.0040833 0.0039711 0.0042250 0.0052196 0.0124369 0.0137340 0.0148949 0.0144906 0.0147092 0.0185321 0.0355290 0.0146522 0.0090245 0.0192218 0.0145461 0.0119230 0.0115735 0.0134466 0.0149965 0.0198696 0.0129979 0.0163322 0.0160351 0.0150984 0.0170034 0.0152296 0.0493112 0.0164199 0.0150590 0.0149496 0.0152356 0.0142661 0.0168921 0.0160448 0.0173343 0.0147797 0.0281827 0.0167041 0.0129618 0.0137735 0.0123439 0.0137298 0.0114644 0.0146132 0.0115108 0.0137897 0.0071606 0.0166400 0.0120082 0.0122424 0.0145111 0.0187519 0.0129125 0.0134466 0.0145195 0.0139818 0.0129883 0.0151508 0.0130720 0.0122961 0.0135502 0.0139042 0.0129252 0.0141045 0.0158738 0.0150865 0.0161653 0.0132619 
Bmus_MYO7A         0.0027210 0.0187618 0.0373028 0.0048698 0.0015249 0.0014312 0.0037685 0.0000000 0.0050083 0.0013586 0.0016381 0.0167457 0.0085509 0.0163517 0.0157816 0.0039658 0.0150179 0.0138030 0.0125490 0.0145121 0.0106008 0.0060230 0.0053739 0.0046302 0.0043445 0.0133074 0.0124769 0.0126840 0.0119865 0.0144429 0.0153441 0.0361552 0.0167175 0.0105296 0.0167756 0.0142874 0.0139754 0.0126801 0.0137394 0.0139003 0.0181409 0.0134144 0.0165140 0.0129516 0.0169405 0.0165547 0.0176238 0.0503873 0.0181850 0.0163898 0.0169149 0.0172382 0.0155638 0.0124891 0.0168861 0.0193843 0.0142731 0.0205203 0.0158179 0.0143405 0.0156389 0.0152904 0.0124768 0.0128567 0.0132372 0.0118796 0.0124403 0.0083367 0.0131730 0.0123466 0.0122134 0.0101277 0.0169412 0.0140125 0.0133931 0.0153707 0.0137384 0.0148714 0.0144652 0.0149639 0.0140362 0.0138316 0.0147462 0.0142552 0.0160523 0.0171154 0.0153322 0.0149703 0.0152598 
Bmys_MYO7A         0.0051508 0.0183784 0.0374851 0.0081764 0.0042371 0.0038892 0.0065867 0.0050083 0.0000000 0.0036734 0.0044509 0.0123202 0.0082275 0.0144803 0.0137508 0.0069833 0.0132870 0.0120056 0.0111838 0.0122339 0.0115539 0.0033779 0.0033011 0.0025619 0.0096382 0.0119867 0.0103782 0.0107067 0.0115204 0.0126136 0.0130833 0.0370814 0.0154748 0.0085713 0.0147662 0.0123644 0.0126499 0.0119165 0.0116845 0.0121977 0.0132218 0.0119079 0.0144060 0.0115174 0.0146675 0.0147889 0.0158639 0.0542458 0.0151265 0.0152281 0.0153505 0.0156736 0.0151003 0.0130384 0.0156684 0.0171545 0.0127509 0.0242569 0.0140269 0.0122553 0.0138912 0.0133316 0.0115374 0.0111769 0.0109109 0.0103088 0.0101887 0.0080342 0.0093729 0.0108737 0.0111287 0.0108115 0.0153646 0.0131492 0.0113812 0.0130365 0.0117136 0.0130370 0.0124519 0.0131272 0.0116132 0.0116536 0.0122914 0.0125396 0.0125762 0.0151285 0.0138763 0.0128279 0.0146478 
Bphy_MYO7A         0.0013590 0.0173919 0.0375088 0.0034041 0.0000010 0.0000010 0.0023614 0.0013586 0.0036734 0.0000000 0.0000010 0.0124378 0.0061952 0.0154154 0.0124116 0.0024950 0.0141610 0.0129143 0.0115285 0.0134859 0.0123988 0.0042594 0.0040113 0.0032294 0.0045733 0.0122464 0.0114451 0.0117088 0.0123642 0.0135336 0.0145793 0.0362904 0.0158628 0.0091338 0.0157634 0.0133422 0.0129615 0.0123872 0.0127317 0.0130560 0.0138537 0.0123491 0.0154752 0.0123719 0.0159346 0.0156696 0.0167374 0.0531017 0.0172972 0.0154429 0.0158459 0.0161677 0.0154002 0.0131110 0.0159360 0.0183993 0.0132437 0.0245322 0.0150220 0.0109924 0.0147695 0.0143234 0.0123819 0.0117296 0.0121793 0.0107234 0.0113381 0.0076800 0.0095136 0.0112501 0.0118571 0.0116888 0.0161499 0.0138344 0.0124053 0.0143285 0.0127470 0.0139635 0.0135534 0.0140545 0.0129268 0.0127661 0.0136467 0.0134040 0.0112949 0.0161244 0.0143424 0.0135035 0.0140596 
Bphy_baits_MYO7A   0.0017203 0.0160467 0.0189822 0.0038200 0.0000010 0.0000010 0.0017550 0.0016381 0.0044509 0.0000010 0.0000000 0.0124793 0.0056855 0.0129127 0.0116283 0.0025817 0.0125962 0.0111466 0.0096489 0.0106107 0.0099433 0.0040788 0.0033832 0.0035587 0.0038167 0.0093192 0.0090931 0.0095519 0.0099168 0.0128549 0.0142156 0.0354807 0.0115512 0.0090047 0.0129375 0.0107939 0.0128851 0.0095368 0.0100728 0.0099168 0.0153601 0.0119836 0.0120686 0.0124268 0.0144970 0.0151722 0.0159530 0.0492453 0.0158707 0.0136017 0.0149336 0.0146347 0.0134233 0.0124867 0.0133030 0.0167625 0.0129287 0.0254416 0.0137715 0.0099226 0.0128272 0.0123537 0.0090909 0.0109275 0.0093481 0.0101216 0.0096909 0.0071514 0.0136285 0.0106512 0.0105292 0.0099308 0.0114037 0.0128962 0.0100728 0.0116300 0.0100980 0.0119247 0.0094000 0.0120113 0.0101323 0.0102411 0.0104914 0.0119515 0.0119488 0.0120881 0.0133050 0.0111706 0.0126820 
Btau_MYO7A         0.0131757 0.0175262 0.0401805 0.0140401 0.0123935 0.0116254 0.0145558 0.0167457 0.0123202 0.0124378 0.0124793 0.0000000 0.0100607 0.0181439 0.0064248 0.0137279 0.0180997 0.0153068 0.0165867 0.0154216 0.0176437 0.0091250 0.0116453 0.0093533 0.0168200 0.0158960 0.0148718 0.0149762 0.0180788 0.0160171 0.0162761 0.0408039 0.0159613 0.0125140 0.0158597 0.0167318 0.0156787 0.0163044 0.0170512 0.0174821 0.0211735 0.0168496 0.0175500 0.0209754 0.0189331 0.0182770 0.0185717 0.0504536 0.0201166 0.0173225 0.0149839 0.0162713 0.0156048 0.0191086 0.0187724 0.0194846 0.0160357 0.0274320 0.0195198 0.0059734 0.0172643 0.0170695 0.0185866 0.0137664 0.0149475 0.0153514 0.0133201 0.0095981 0.0162052 0.0157151 0.0111282 0.0171589 0.0185474 0.0153118 0.0166201 0.0154194 0.0170506 0.0180834 0.0176244 0.0181953 0.0167623 0.0173772 0.0166580 0.0171767 0.0174111 0.0200622 0.0162405 0.0180626 0.0174115 
Ccom40_MYO7A       0.0078080 0.0061764 0.0028375 0.0057195 0.0046424 0.0056943 0.0056943 0.0085509 0.0082275 0.0061952 0.0056855 0.0100607 0.0000000 0.0000010 0.0100436 0.0077881 0.0000010 0.0000010 0.0000010 0.0000010 0.0028408 0.0057173 0.0042598 0.0046414 0.0100547 0.0000010 0.0000010 0.0000010 0.0000010 0.0028375 0.0100144 0.0014142 0.0042574 0.0000010 0.0000010 0.0000010 0.0000010 0.0000010 0.0000010 0.0000010 0.0066138 0.0000010 0.0000010 0.0042563 0.0028375 0.0042703 0.0028375 0.0430145 0.0042605 0.0015215 0.0028558 0.0028375 0.0031593 0.0057035 0.0028638 0.0028420 0.0028375 0.0000010 0.0067355 0.0085612 0.0000010 0.0000010 0.0000010 0.0014142 0.0000010 0.0000010 0.0000010 0.0041035 0.0100032 0.0000010 0.0000010 0.0000010 0.0000010 0.0014880 0.0000010 0.0000010 0.0000010 0.0000010 0.0000010 0.0000010 0.0014175 0.0000010 0.0000010 0.0000010 0.0117448 0.0014920 0.0028375 0.0017510 0.0028375 
Chea7320_MYO7A     0.0163992 0.0070014 0.0170958 0.0135898 0.0148649 0.0152346 0.0143071 0.0163517 0.0144803 0.0154154 0.0129127 0.0181439 0.0000010 0.0000000 0.0181040 0.0175907 0.0000010 0.0016911 0.0018744 0.0018100 0.0050998 0.0083948 0.0093418 0.0110959 0.0185538 0.0009309 0.0017898 0.0017803 0.0016911 0.0078668 0.0199664 0.0246515 0.0146934 0.0042831 0.0048291 0.0009110 0.0000010 0.0000010 0.0000010 0.0016911 0.0057925 0.0000010 0.0020760 0.0119992 0.0070612 0.0083308 0.0059045 0.0373258 0.0086988 0.0095386 0.0042448 0.0051952 0.0064136 0.0068254 0.0088646 0.0054456 0.0087869 0.0170633 0.0046875 0.0171865 0.0000010 0.0000010 0.0033882 0.0049696 0.0018526 0.0008990 0.0018607 0.0087814 0.0177288 0.0009008 0.0011440 0.0025396 0.0034551 0.0011521 0.0000010 0.0000010 0.0000010 0.0000010 0.0017973 0.0000010 0.0009463 0.0000010 0.0000010 0.0000010 0.0213462 0.0019673 0.0065905 0.0029941 0.0054443 
Chir_MYO7A         0.0131493 0.0188583 0.0410101 0.0131886 0.0123865 0.0116192 0.0137650 0.0157816 0.0137508 0.0124116 0.0116283 0.0064248 0.0100436 0.0181040 0.0000000 0.0137197 0.0188341 0.0167676 0.0165337 0.0162599 0.0176141 0.0091024 0.0132008 0.0109157 0.0159017 0.0175726 0.0164399 0.0164769 0.0180485 0.0175459 0.0162490 0.0406790 0.0167417 0.0124840 0.0177344 0.0183281 0.0156457 0.0162565 0.0178434 0.0188537 0.0225981 0.0176720 0.0175065 0.0200005 0.0188874 0.0190925 0.0185298 0.0502705 0.0200694 0.0190587 0.0149463 0.0162295 0.0155537 0.0190762 0.0187296 0.0194334 0.0168610 0.0278316 0.0209342 0.0022823 0.0180300 0.0179018 0.0185553 0.0154914 0.0157606 0.0153183 0.0141379 0.0107867 0.0176530 0.0156823 0.0122334 0.0171303 0.0200965 0.0152665 0.0173931 0.0153843 0.0186777 0.0188494 0.0191264 0.0189669 0.0176235 0.0182249 0.0175619 0.0186114 0.0159520 0.0209906 0.0170813 0.0195370 0.0173662 
Cmar59905_MYO7A    0.0033409 0.0189388 0.0417404 0.0057624 0.0023826 0.0023825 0.0042471 0.0039658 0.0069833 0.0024950 0.0025817 0.0137279 0.0077881 0.0175907 0.0137197 0.0000000 0.0165907 0.0149997 0.0116222 0.0149474 0.0153378 0.0075670 0.0058713 0.0057342 0.0073755 0.0126904 0.0134232 0.0136679 0.0136679 0.0149709 0.0179130 0.0405223 0.0187528 0.0110256 0.0176896 0.0149514 0.0150226 0.0136676 0.0142126 0.0136679 0.0192886 0.0137629 0.0174536 0.0169646 0.0169715 0.0179275 0.0188455 0.0543308 0.0183009 0.0159662 0.0169461 0.0172910 0.0177916 0.0170116 0.0170354 0.0195807 0.0141568 0.0289682 0.0177622 0.0112344 0.0168859 0.0162324 0.0128657 0.0126599 0.0137702 0.0122042 0.0138212 0.0090004 0.0167550 0.0126676 0.0142921 0.0136882 0.0153362 0.0151390 0.0142126 0.0154335 0.0142478 0.0160153 0.0132889 0.0161285 0.0139103 0.0148502 0.0153074 0.0157659 0.0140851 0.0169552 0.0153784 0.0153019 0.0151824 
Dcap108471_MYO7A   0.0150090 0.0066125 0.0240529 0.0125422 0.0141889 0.0145168 0.0132242 0.0150179 0.0132870 0.0141610 0.0125962 0.0180997 0.0000010 0.0000010 0.0188341 0.0165907 0.0000000 0.0023651 0.0016955 0.0017827 0.0052048 0.0091728 0.0097085 0.0107941 0.0188100 0.0008630 0.0016472 0.0016027 0.0014778 0.0078932 0.0197081 0.0237464 0.0157236 0.0067262 0.0038051 0.0008186 0.0000010 0.0000010 0.0000010 0.0015292 0.0058122 0.0008380 0.0028659 0.0104708 0.0065488 0.0086126 0.0061952 0.0373258 0.0091131 0.0097795 0.0059440 0.0060629 0.0064136 0.0067141 0.0098415 0.0091802 0.0087248 0.0156133 0.0048634 0.0180304 0.0000010 0.0000010 0.0029608 0.0044306 0.0017001 0.0016789 0.0017641 0.0083711 0.0186689 0.0016480 0.0011099 0.0029655 0.0041217 0.0011521 0.0000010 0.0000010 0.0000010 0.0000010 0.0016564 0.0000010 0.0008687 0.0000010 0.0000010 0.0000010 0.0201264 0.0018669 0.0061424 0.0025610 0.0061011 
Dcap79929_MYO7A    0.0137280 0.0079524 0.0303650 0.0155181 0.0127695 0.0128085 0.0164270 0.0138030 0.0120056 0.0129143 0.0111466 0.0153068 0.0000010 0.0016911 0.0167676 0.0149997 0.0023651 0.0000000 0.0008128 0.0000010 0.0035952 0.0090630 0.0107624 0.0112557 0.0185134 0.0016484 0.0008017 0.0007659 0.0007153 0.0085688 0.0160789 0.0259440 0.0164543 0.0058957 0.0027482 0.0016182 0.0024561 0.0000010 0.0008209 0.0007327 0.0040003 0.0000010 0.0029756 0.0094082 0.0077275 0.0086298 0.0091006 0.0373258 0.0093130 0.0106132 0.0068822 0.0059910 0.0064136 0.0050493 0.0109482 0.0100948 0.0077416 0.0143105 0.0047175 0.0152504 0.0023312 0.0025131 0.0021496 0.0052977 0.0008443 0.0017278 0.0008259 0.0095171 0.0154749 0.0016749 0.0010942 0.0014323 0.0030672 0.0011521 0.0007998 0.0008901 0.0000010 0.0024053 0.0008003 0.0024206 0.0017896 0.0000010 0.0000010 0.0022647 0.0187461 0.0019332 0.0069899 0.0016447 0.0062666 
DdelSJR_MYO7A      0.0124052 0.0066125 0.0061803 0.0125165 0.0093795 0.0099356 0.0133425 0.0125490 0.0111838 0.0115285 0.0096489 0.0165867 0.0000010 0.0018744 0.0165337 0.0116222 0.0016955 0.0008128 0.0000000 0.0000010 0.0038881 0.0090630 0.0086744 0.0078951 0.0168499 0.0009135 0.0000010 0.0000010 0.0000010 0.0049827 0.0157896 0.0030880 0.0123856 0.0066509 0.0020703 0.0000010 0.0017454 0.0000010 0.0000010 0.0000010 0.0043679 0.0008984 0.0029445 0.0093830 0.0040809 0.0064104 0.0072372 0.0367304 0.0058614 0.0048851 0.0058886 0.0059910 0.0053120 0.0046710 0.0076857 0.0082841 0.0045229 0.0155651 0.0051348 0.0148965 0.0017344 0.0018778 0.0015498 0.0027469 0.0000010 0.0008870 0.0000010 0.0077702 0.0160475 0.0008614 0.0000010 0.0015505 0.0034097 0.0011521 0.0000010 0.0000010 0.0000010 0.0017371 0.0000010 0.0017415 0.0009727 0.0000010 0.0000010 0.0016219 0.0169223 0.0019741 0.0044625 0.0008995 0.0060282 
Ddeltrop4525_MYO7A 0.0144521 0.0070014 0.0299752 0.0152691 0.0129780 0.0128315 0.0163984 0.0145121 0.0122339 0.0134859 0.0106107 0.0154216 0.0000010 0.0018100 0.0162599 0.0149474 0.0017827 0.0000010 0.0000010 0.0000000 0.0033723 0.0085405 0.0092624 0.0112187 0.0183975 0.0000010 0.0000010 0.0000010 0.0000010 0.0081115 0.0180807 0.0232980 0.0164287 0.0044943 0.0019179 0.0009403 0.0018804 0.0000010 0.0000010 0.0000010 0.0036730 0.0000010 0.0021753 0.0102024 0.0071191 0.0087509 0.0082572 0.0373258 0.0087364 0.0101524 0.0042448 0.0051952 0.0064136 0.0050782 0.0089365 0.0054456 0.0065331 0.0160430 0.0046900 0.0153549 0.0017827 0.0018633 0.0016806 0.0049248 0.0000010 0.0009399 0.0000010 0.0088712 0.0149756 0.0009454 0.0011475 0.0008398 0.0000010 0.0011521 0.0000010 0.0000010 0.0000010 0.0017827 0.0000010 0.0017907 0.0009384 0.0000010 0.0000010 0.0017827 0.0193733 0.0020206 0.0066409 0.0009468 0.0054443 
Dleu_MYO7A         0.0131346 0.0092891 0.0300102 0.0140039 0.0131606 0.0123391 0.0153053 0.0106008 0.0115539 0.0123988 0.0099433 0.0176437 0.0028408 0.0050998 0.0176141 0.0153378 0.0052048 0.0035952 0.0038881 0.0033723 0.0000000 0.0090849 0.0108458 0.0116955 0.0185548 0.0049524 0.0030884 0.0029551 0.0041072 0.0098340 0.0148232 0.0249491 0.0175026 0.0085927 0.0055227 0.0039275 0.0057081 0.0011381 0.0040001 0.0041305 0.0079041 0.0041508 0.0057675 0.0082715 0.0084091 0.0098517 0.0113762 0.0386838 0.0099168 0.0120179 0.0088832 0.0080169 0.0077271 0.0027349 0.0123898 0.0121624 0.0083502 0.0122786 0.0064104 0.0161694 0.0054175 0.0050468 0.0050304 0.0068334 0.0032755 0.0042086 0.0024639 0.0071267 0.0161645 0.0040810 0.0010942 0.0022774 0.0060898 0.0034710 0.0039000 0.0044753 0.0031945 0.0054252 0.0045224 0.0054588 0.0043460 0.0025603 0.0018175 0.0049428 0.0183933 0.0046882 0.0084543 0.0051888 0.0090861 
EausAUS_MYO7A      0.0064041 0.0156576 0.0121615 0.0050159 0.0042373 0.0040833 0.0040833 0.0060230 0.0033779 0.0042594 0.0040788 0.0091250 0.0057173 0.0083948 0.0091024 0.0075670 0.0091728 0.0090630 0.0090630 0.0085405 0.0090849 0.0000000 0.0010154 0.0000010 0.0082623 0.0087349 0.0077803 0.0085215 0.0090630 0.0121615 0.0111761 0.0101027 0.0051182 0.0053114 0.0094627 0.0085126 0.0090846 0.0083881 0.0084070 0.0090630 0.0148890 0.0091654 0.0094193 0.0151855 0.0136354 0.0139125 0.0128107 0.0479134 0.0134178 0.0097363 0.0114809 0.0125690 0.0120677 0.0111331 0.0122560 0.0119878 0.0123775 0.0270241 0.0136686 0.0080595 0.0090630 0.0083862 0.0090738 0.0086374 0.0079235 0.0083862 0.0077803 0.0055486 0.0126458 0.0090878 0.0088395 0.0090630 0.0091257 0.0105746 0.0083862 0.0095336 0.0083862 0.0083862 0.0085405 0.0083862 0.0085993 0.0083862 0.0086717 0.0090630 0.0103667 0.0101286 0.0129024 0.0107149 0.0121685 
Egla13086_MYO7A    0.0056255 0.0133497 0.0293574 0.0053571 0.0033318 0.0031757 0.0039711 0.0053739 0.0033011 0.0040113 0.0033832 0.0116453 0.0042598 0.0093418 0.0132008 0.0058713 0.0097085 0.0107624 0.0086744 0.0092624 0.0108458 0.0010154 0.0000000 0.0016598 0.0071394 0.0095797 0.0088080 0.0092191 0.0100356 0.0112413 0.0148464 0.0318921 0.0082924 0.0059794 0.0113356 0.0100890 0.0087823 0.0071409 0.0085391 0.0095868 0.0151023 0.0094699 0.0104070 0.0131524 0.0115565 0.0140671 0.0113783 0.0452838 0.0130246 0.0117269 0.0119025 0.0121286 0.0107190 0.0124375 0.0127436 0.0135658 0.0103624 0.0236566 0.0135774 0.0115998 0.0093830 0.0082818 0.0092651 0.0094134 0.0080885 0.0079148 0.0077795 0.0047499 0.0135048 0.0085213 0.0077346 0.0100500 0.0110028 0.0093372 0.0085391 0.0092417 0.0094262 0.0085391 0.0090775 0.0085970 0.0080488 0.0091941 0.0087185 0.0100414 0.0135534 0.0111799 0.0119072 0.0112122 0.0111807 
Ejap43864_MYO7A    0.0048526 0.0144674 0.0338948 0.0055087 0.0031405 0.0031959 0.0042250 0.0046302 0.0025619 0.0032294 0.0035587 0.0093533 0.0046414 0.0110959 0.0109157 0.0057342 0.0107941 0.0112557 0.0078951 0.0112187 0.0116955 0.0000010 0.0016598 0.0000000 0.0082678 0.0104947 0.0099488 0.0102847 0.0100961 0.0111137 0.0141521 0.0338838 0.0112231 0.0066824 0.0134504 0.0111001 0.0089124 0.0099068 0.0101627 0.0102767 0.0157953 0.0096813 0.0126049 0.0140150 0.0129144 0.0134263 0.0124861 0.0486306 0.0143798 0.0127950 0.0105219 0.0128970 0.0135955 0.0133002 0.0140600 0.0151099 0.0109187 0.0238052 0.0137060 0.0085297 0.0109764 0.0100108 0.0093204 0.0071932 0.0105408 0.0080163 0.0098180 0.0051083 0.0132372 0.0086266 0.0093607 0.0101104 0.0117166 0.0100264 0.0099515 0.0114352 0.0101666 0.0101424 0.0101652 0.0102107 0.0101333 0.0103043 0.0113421 0.0102827 0.0128524 0.0130533 0.0116260 0.0117422 0.0118945 
Erob133443_MYO7A   0.0064154 0.0215450 0.0443070 0.0054811 0.0045833 0.0043435 0.0052196 0.0043445 0.0096382 0.0045733 0.0038167 0.0168200 0.0100547 0.0185538 0.0159017 0.0073755 0.0188100 0.0185134 0.0168499 0.0183975 0.0185548 0.0082623 0.0071394 0.0082678 0.0000000 0.0168597 0.0183992 0.0185900 0.0185134 0.0194865 0.0214171 0.0424322 0.0182445 0.0121105 0.0214752 0.0195545 0.0166810 0.0164171 0.0182617 0.0185134 0.0242301 0.0162808 0.0202612 0.0203036 0.0206988 0.0219793 0.0214421 0.0551284 0.0209860 0.0184782 0.0200733 0.0205695 0.0184154 0.0204002 0.0204038 0.0192637 0.0179483 0.0337105 0.0225155 0.0149681 0.0185134 0.0171172 0.0176353 0.0173168 0.0183275 0.0154226 0.0171183 0.0101635 0.0194261 0.0158008 0.0157519 0.0176162 0.0186251 0.0153618 0.0182617 0.0181511 0.0182617 0.0182617 0.0182617 0.0183461 0.0172229 0.0185365 0.0188940 0.0185134 0.0172566 0.0208486 0.0203474 0.0210319 0.0193305 
Fatt_MYO7A         0.0131812 0.0066125 0.0316141 0.0133108 0.0113881 0.0111104 0.0124369 0.0133074 0.0119867 0.0122464 0.0093192 0.0158960 0.0000010 0.0009309 0.0175726 0.0126904 0.0008630 0.0016484 0.0009135 0.0000010 0.0049524 0.0087349 0.0095797 0.0104947 0.0168597 0.0000000 0.0009070 0.0008610 0.0008201 0.0082962 0.0185149 0.0295240 0.0089943 0.0042513 0.0041227 0.0017292 0.0008946 0.0000010 0.0008787 0.0008201 0.0036804 0.0009060 0.0032393 0.0099584 0.0062015 0.0092691 0.0060447 0.0403245 0.0089622 0.0096602 0.0062976 0.0064140 0.0051532 0.0066274 0.0091387 0.0086697 0.0075325 0.0156477 0.0054465 0.0158287 0.0008500 0.0009189 0.0024639 0.0046619 0.0000010 0.0018555 0.0009712 0.0064232 0.0140506 0.0017939 0.0011657 0.0016416 0.0016847 0.0012469 0.0008787 0.0000010 0.0008817 0.0008787 0.0000010 0.0008850 0.0009536 0.0009798 0.0000010 0.0008206 0.0198521 0.0031350 0.0064550 0.0009496 0.0062666 
Ggri_MYO7A         0.0123150 0.0071603 0.0298267 0.0149186 0.0113091 0.0113444 0.0137340 0.0124769 0.0103782 0.0114451 0.0090931 0.0148718 0.0000010 0.0017898 0.0164399 0.0134232 0.0016472 0.0008017 0.0000010 0.0000010 0.0030884 0.0077803 0.0088080 0.0099488 0.0183992 0.0009070 0.0000000 0.0000010 0.0000010 0.0074391 0.0165238 0.0240615 0.0168078 0.0059257 0.0027658 0.0008181 0.0017703 0.0000010 0.0000010 0.0000010 0.0043282 0.0009043 0.0028850 0.0085455 0.0068912 0.0084206 0.0076592 0.0400555 0.0088797 0.0096290 0.0043067 0.0055343 0.0067368 0.0046484 0.0096943 0.0089466 0.0063405 0.0154522 0.0050944 0.0140162 0.0016748 0.0017614 0.0015377 0.0046389 0.0000010 0.0017729 0.0000010 0.0076556 0.0150307 0.0017721 0.0012221 0.0015402 0.0033111 0.0012361 0.0000010 0.0000010 0.0000010 0.0016233 0.0000010 0.0016338 0.0009102 0.0000010 0.0000010 0.0015846 0.0177015 0.0009895 0.0063017 0.0008911 0.0055721 
Gmac39091_MYO7A    0.0125402 0.0071603 0.0296715 0.0152935 0.0115759 0.0116104 0.0148949 0.0126840 0.0107067 0.0117088 0.0095519 0.0149762 0.0000010 0.0017803 0.0164769 0.0136679 0.0016027 0.0007659 0.0000010 0.0000010 0.0029551 0.0085215 0.0092191 0.0102847 0.0185900 0.0008610 0.0000010 0.0000000 0.0000010 0.0078882 0.0165569 0.0254099 0.0170135 0.0066571 0.0027507 0.0007820 0.0017013 0.0000010 0.0000010 0.0000010 0.0041208 0.0008685 0.0028686 0.0081750 0.0068912 0.0088761 0.0082602 0.0400555 0.0094994 0.0101512 0.0062511 0.0063658 0.0067368 0.0044470 0.0102168 0.0096434 0.0069988 0.0147520 0.0048539 0.0141570 0.0016132 0.0017614 0.0014716 0.0044744 0.0000010 0.0017637 0.0000010 0.0076556 0.0159946 0.0017082 0.0011575 0.0014740 0.0031757 0.0012361 0.0000010 0.0000010 0.0000010 0.0016155 0.0000010 0.0016259 0.0009102 0.0000010 0.0000010 0.0015155 0.0185021 0.0019775 0.0061981 0.0008469 0.0064079 
Gmel_MYO7A         0.0130981 0.0066125 0.0281386 0.0148111 0.0115671 0.0115761 0.0144906 0.0119865 0.0115204 0.0123642 0.0099168 0.0180788 0.0000010 0.0016911 0.0180485 0.0136679 0.0014778 0.0007153 0.0000010 0.0000010 0.0041072 0.0090630 0.0100356 0.0100961 0.0185134 0.0008201 0.0000010 0.0000010 0.0000000 0.0075327 0.0157325 0.0248821 0.0166477 0.0066509 0.0027482 0.0007811 0.0016200 0.0000010 0.0000010 0.0000010 0.0035714 0.0008260 0.0028659 0.0096527 0.0065132 0.0081851 0.0078295 0.0373258 0.0089958 0.0102692 0.0058886 0.0059910 0.0064136 0.0059541 0.0096868 0.0090703 0.0066556 0.0127476 0.0049676 0.0166049 0.0015388 0.0016731 0.0018191 0.0042502 0.0000010 0.0016751 0.0000010 0.0083118 0.0161163 0.0016251 0.0010942 0.0027333 0.0030315 0.0011521 0.0000010 0.0000010 0.0000010 0.0015409 0.0000010 0.0015503 0.0008643 0.0000010 0.0000010 0.0014045 0.0188340 0.0018669 0.0058906 0.0007367 0.0060282 
Hamp_MYO7A         0.0143892 0.0026291 0.0207520 0.0150665 0.0127456 0.0133942 0.0147092 0.0144429 0.0126136 0.0135336 0.0128549 0.0160171 0.0028375 0.0078668 0.0175459 0.0149709 0.0078932 0.0085688 0.0049827 0.0081115 0.0098340 0.0121615 0.0112413 0.0111137 0.0194865 0.0082962 0.0074391 0.0078882 0.0075327 0.0000000 0.0199843 0.0294072 0.0159400 0.0095591 0.0105448 0.0086968 0.0067555 0.0057436 0.0072384 0.0075327 0.0127181 0.0075101 0.0067251 0.0136607 0.0000010 0.0008340 0.0000010 0.0295423 0.0017830 0.0017315 0.0029361 0.0000010 0.0000010 0.0113847 0.0017433 0.0029995 0.0000010 0.0206658 0.0115704 0.0159553 0.0080199 0.0068941 0.0075306 0.0085562 0.0078809 0.0059075 0.0072702 0.0107472 0.0179884 0.0065489 0.0066193 0.0075429 0.0087478 0.0058063 0.0072246 0.0071821 0.0072411 0.0072246 0.0072402 0.0072708 0.0078684 0.0061832 0.0075215 0.0075368 0.0196300 0.0084873 0.0000010 0.0095960 0.0000010 
Hippo_MYO7A        0.0153290 0.0231008 0.0422057 0.0166278 0.0156114 0.0153724 0.0185321 0.0153441 0.0130833 0.0145793 0.0142156 0.0162761 0.0100144 0.0199664 0.0162490 0.0179130 0.0197081 0.0160789 0.0157896 0.0180807 0.0148232 0.0111761 0.0148464 0.0141521 0.0214171 0.0185149 0.0165238 0.0165569 0.0157325 0.0199843 0.0000000 0.0385117 0.0217129 0.0125365 0.0197383 0.0184240 0.0182583 0.0163338 0.0187774 0.0182278 0.0219321 0.0177661 0.0205850 0.0195709 0.0229002 0.0208941 0.0213202 0.0520268 0.0230020 0.0217494 0.0190524 0.0183397 0.0197172 0.0162892 0.0234312 0.0226718 0.0195392 0.0249925 0.0195665 0.0148062 0.0197276 0.0188786 0.0162337 0.0190820 0.0175407 0.0171527 0.0150649 0.0133317 0.0177611 0.0174639 0.0168349 0.0148128 0.0201786 0.0165227 0.0183003 0.0210495 0.0179375 0.0197606 0.0192141 0.0198846 0.0186311 0.0165239 0.0166806 0.0186988 0.0155511 0.0201000 0.0197789 0.0180818 0.0184643 
Igeo_MYO7A         0.0376815 0.0084082 0.0293585 0.0308751 0.0363463 0.0354839 0.0355290 0.0361552 0.0370814 0.0362904 0.0354807 0.0408039 0.0014142 0.0246515 0.0406790 0.0405223 0.0237464 0.0259440 0.0030880 0.0232980 0.0249491 0.0101027 0.0318921 0.0338838 0.0424322 0.0295240 0.0240615 0.0254099 0.0248821 0.0294072 0.0385117 0.0000000 0.0341932 0.0088494 0.0268901 0.0254099 0.0259731 0.0024960 0.0236228 0.0248821 0.0357099 0.0260881 0.0033919 0.0339164 0.0282296 0.0300211 0.0064006 0.0408982 0.0317549 0.0310986 0.0079086 0.0078686 0.0053120 0.0283676 0.0334408 0.0067919 0.0306491 0.0260450 0.0347302 0.0394273 0.0259440 0.0246242 0.0259804 0.0283785 0.0251356 0.0248005 0.0251532 0.0411169 0.0426981 0.0261503 0.0297848 0.0260450 0.0246242 0.0023058 0.0236228 0.0281652 0.0236228 0.0236228 0.0246078 0.0236228 0.0260083 0.0020402 0.0022917 0.0248821 0.0418080 0.0021443 0.0293207 0.0319672 0.0081263 
Kbre_MYO7A         0.0167706 0.0119642 0.0300778 0.0127908 0.0168409 0.0151452 0.0146522 0.0167175 0.0154748 0.0158628 0.0115512 0.0159613 0.0042574 0.0146934 0.0167417 0.0187528 0.0157236 0.0164543 0.0123856 0.0164287 0.0175026 0.0051182 0.0082924 0.0112231 0.0182445 0.0089943 0.0168078 0.0170135 0.0166477 0.0159400 0.0217129 0.0341932 0.0000000 0.0019712 0.0198591 0.0167294 0.0092919 0.0107836 0.0155574 0.0170171 0.0224515 0.0120674 0.0190139 0.0207163 0.0175511 0.0180972 0.0165984 0.0450572 0.0188312 0.0179133 0.0098718 0.0120745 0.0149161 0.0191604 0.0174597 0.0179365 0.0138510 0.0310433 0.0201341 0.0158966 0.0141095 0.0126856 0.0158564 0.0114531 0.0168078 0.0105682 0.0138308 0.0011781 0.0145951 0.0110924 0.0077111 0.0166724 0.0192355 0.0092980 0.0151974 0.0149176 0.0161953 0.0150127 0.0173139 0.0151121 0.0145153 0.0163259 0.0162721 0.0153460 0.0213544 0.0195945 0.0132263 0.0195574 0.0121798 
Ksim_MYO7A         0.0102032 0.0086048 0.0095637 0.0072817 0.0086192 0.0090144 0.0090245 0.0105296 0.0085713 0.0091338 0.0090047 0.0125140 0.0000010 0.0042831 0.0124840 0.0110256 0.0067262 0.0058957 0.0066509 0.0044943 0.0085927 0.0053114 0.0059794 0.0066824 0.0121105 0.0042513 0.0059257 0.0066571 0.0066509 0.0095591 0.0125365 0.0088494 0.0019712 0.0000000 0.0056991 0.0066509 0.0049394 0.0025328 0.0059339 0.0066509 0.0132711 0.0080404 0.0083228 0.0143866 0.0109648 0.0117790 0.0103115 0.0454583 0.0115157 0.0099101 0.0094165 0.0088109 0.0069976 0.0105284 0.0096868 0.0110659 0.0099849 0.0244517 0.0128519 0.0105083 0.0049042 0.0040800 0.0066584 0.0104992 0.0061938 0.0069264 0.0040841 0.0013913 0.0066018 0.0076418 0.0053593 0.0076221 0.0060784 0.0062159 0.0059200 0.0053029 0.0061993 0.0059200 0.0061938 0.0059368 0.0062491 0.0061993 0.0073045 0.0066509 0.0138038 0.0077664 0.0103945 0.0091828 0.0089670 
Lacu_MYO7A         0.0168344 0.0076186 0.0384691 0.0173739 0.0149156 0.0155627 0.0192218 0.0167756 0.0147662 0.0157634 0.0129375 0.0158597 0.0000010 0.0048291 0.0177344 0.0176896 0.0038051 0.0027482 0.0020703 0.0019179 0.0055227 0.0094627 0.0113356 0.0134504 0.0214752 0.0041227 0.0027658 0.0027507 0.0027482 0.0105448 0.0197383 0.0268901 0.0198591 0.0056991 0.0000000 0.0037964 0.0050358 0.0026250 0.0028478 0.0027482 0.0074137 0.0029626 0.0021983 0.0110914 0.0079843 0.0093110 0.0079888 0.0415977 0.0120145 0.0126781 0.0060484 0.0058891 0.0057559 0.0073938 0.0122757 0.0049299 0.0093704 0.0196071 0.0082471 0.0157894 0.0047447 0.0049750 0.0036675 0.0066172 0.0028653 0.0040319 0.0028789 0.0117874 0.0183727 0.0040429 0.0012126 0.0036675 0.0027482 0.0013247 0.0028413 0.0032654 0.0028413 0.0047447 0.0028653 0.0047677 0.0041661 0.0020237 0.0021195 0.0047447 0.0211674 0.0043624 0.0095436 0.0043940 0.0074735 
Lalb_MYO7A         0.0142378 0.0071603 0.0298183 0.0149146 0.0127299 0.0131983 0.0145461 0.0142874 0.0123644 0.0133422 0.0107939 0.0167318 0.0000010 0.0009110 0.0183281 0.0149514 0.0008186 0.0016182 0.0000010 0.0009403 0.0039275 0.0085126 0.0100890 0.0111001 0.0195545 0.0017292 0.0008181 0.0007820 0.0007811 0.0086968 0.0184240 0.0254099 0.0167294 0.0066509 0.0037964 0.0000000 0.0008807 0.0000010 0.0008350 0.0007814 0.0052999 0.0017399 0.0028659 0.0094849 0.0078905 0.0097880 0.0066496 0.0414918 0.0104689 0.0110936 0.0062511 0.0063658 0.0067368 0.0055177 0.0111653 0.0096434 0.0081436 0.0157214 0.0060383 0.0158510 0.0008318 0.0008978 0.0023464 0.0053786 0.0008660 0.0026484 0.0008987 0.0089531 0.0180745 0.0025644 0.0023205 0.0023503 0.0016532 0.0012361 0.0008333 0.0009397 0.0008367 0.0008333 0.0008360 0.0008389 0.0018246 0.0000010 0.0000010 0.0007814 0.0196849 0.0019756 0.0071072 0.0018196 0.0064079 
Laus_MYO7A         0.0138880 0.0066287 0.0094593 0.0116315 0.0125353 0.0128017 0.0119230 0.0139754 0.0126499 0.0129615 0.0128851 0.0156787 0.0000010 0.0000010 0.0156457 0.0150226 0.0000010 0.0024561 0.0017454 0.0018804 0.0057081 0.0090846 0.0087823 0.0089124 0.0166810 0.0008946 0.0017703 0.0017013 0.0016200 0.0067555 0.0182583 0.0259731 0.0092919 0.0049394 0.0050358 0.0008807 0.0000000 0.0000010 0.0000010 0.0016200 0.0055095 0.0000010 0.0020520 0.0106529 0.0059681 0.0082468 0.0055455 0.0373258 0.0085954 0.0085774 0.0059180 0.0059910 0.0053120 0.0073657 0.0084248 0.0082910 0.0082381 0.0163055 0.0044704 0.0147764 0.0000010 0.0000010 0.0032456 0.0037179 0.0018397 0.0008684 0.0018400 0.0083605 0.0158873 0.0008414 0.0010942 0.0024328 0.0042300 0.0011521 0.0000010 0.0000010 0.0000010 0.0000010 0.0017981 0.0000010 0.0009470 0.0000010 0.0000010 0.0000010 0.0186982 0.0020533 0.0063476 0.0028431 0.0062666 
Lbor_MYO7A         0.0137146 0.0072600 0.0096145 0.0116149 0.0111569 0.0115735 0.0115735 0.0126801 0.0119165 0.0123872 0.0095368 0.0163044 0.0000010 0.0000010 0.0162565 0.0136676 0.0000010 0.0000010 0.0000010 0.0000010 0.0011381 0.0083881 0.0071409 0.0099068 0.0164171 0.0000010 0.0000010 0.0000010 0.0000010 0.0057436 0.0163338 0.0024960 0.0107836 0.0025328 0.0026250 0.0000010 0.0000010 0.0000000 0.0000010 0.0000010 0.0051516 0.0000010 0.0012975 0.0103724 0.0060933 0.0060933 0.0060933 0.0418702 0.0068916 0.0048608 0.0047651 0.0048240 0.0067308 0.0034249 0.0057867 0.0061321 0.0047396 0.0197310 0.0052460 0.0150293 0.0000010 0.0000010 0.0011383 0.0037717 0.0000010 0.0000010 0.0000010 0.0060294 0.0129682 0.0000010 0.0000010 0.0000010 0.0000010 0.0013068 0.0000010 0.0000010 0.0000010 0.0000010 0.0000010 0.0000010 0.0011499 0.0000010 0.0000010 0.0000010 0.0178708 0.0012180 0.0047396 0.0013462 0.0047396 
Lhos30470_MYO7A    0.0136406 0.0066125 0.0274154 0.0137405 0.0119002 0.0125775 0.0134466 0.0137394 0.0116845 0.0127317 0.0100728 0.0170512 0.0000010 0.0000010 0.0178434 0.0142126 0.0000010 0.0008209 0.0000010 0.0000010 0.0040001 0.0084070 0.0085391 0.0101627 0.0182617 0.0008787 0.0000010 0.0000010 0.0000010 0.0072384 0.0187774 0.0236228 0.0155574 0.0059339 0.0028478 0.0008350 0.0000010 0.0000010 0.0000000 0.0000010 0.0044969 0.0008541 0.0028725 0.0096608 0.0065132 0.0081646 0.0056063 0.0373258 0.0083917 0.0090623 0.0040492 0.0051952 0.0064136 0.0056200 0.0091203 0.0083931 0.0062123 0.0151750 0.0052760 0.0169810 0.0000010 0.0000010 0.0015924 0.0045178 0.0000010 0.0016786 0.0000010 0.0083118 0.0165536 0.0016825 0.0011440 0.0015951 0.0008372 0.0011521 0.0000010 0.0000010 0.0000010 0.0000010 0.0000010 0.0000010 0.0008643 0.0000010 0.0000010 0.0000010 0.0192013 0.0018711 0.0061107 0.0009269 0.0052288 
Lhos452_MYO7A      0.0138332 0.0066125 0.0281386 0.0153707 0.0115671 0.0118482 0.0149965 0.0139003 0.0121977 0.0130560 0.0099168 0.0174821 0.0000010 0.0016911 0.0188537 0.0136679 0.0015292 0.0007327 0.0000010 0.0000010 0.0041305 0.0090630 0.0095868 0.0102767 0.0185134 0.0008201 0.0000010 0.0000010 0.0000010 0.0075327 0.0182278 0.0248821 0.0170171 0.0066509 0.0027482 0.0007814 0.0016200 0.0000010 0.0000010 0.0000000 0.0038094 0.0008260 0.0028659 0.0096950 0.0065132 0.0084275 0.0078295 0.0373258 0.0089958 0.0096272 0.0058886 0.0059910 0.0064136 0.0055240 0.0096868 0.0090703 0.0066556 0.0144116 0.0052393 0.0173927 0.0015388 0.0016731 0.0020588 0.0042502 0.0000010 0.0016751 0.0000010 0.0083118 0.0171132 0.0016251 0.0010942 0.0020597 0.0022666 0.0011521 0.0000010 0.0000010 0.0000010 0.0015409 0.0000010 0.0015503 0.0008643 0.0000010 0.0000010 0.0014495 0.0193434 0.0018669 0.0058906 0.0007815 0.0060282 
Lobl_MYO7A         0.0146380 0.0137756 0.0373814 0.0205972 0.0174087 0.0164205 0.0198696 0.0181409 0.0132218 0.0138537 0.0153601 0.0211735 0.0066138 0.0057925 0.0225981 0.0192886 0.0058122 0.0040003 0.0043679 0.0036730 0.0079041 0.0148890 0.0151023 0.0157953 0.0242301 0.0036804 0.0043282 0.0041208 0.0035714 0.0127181 0.0219321 0.0357099 0.0224515 0.0132711 0.0074137 0.0052999 0.0055095 0.0051516 0.0044969 0.0038094 0.0000000 0.0037220 0.0066684 0.0137354 0.0123550 0.0139736 0.0136238 0.0484776 0.0148786 0.0159615 0.0109170 0.0111273 0.0133014 0.0093678 0.0155027 0.0146164 0.0118324 0.0188445 0.0095171 0.0210598 0.0052071 0.0057247 0.0057298 0.0093215 0.0044446 0.0066964 0.0037128 0.0141302 0.0138155 0.0064675 0.0061657 0.0057325 0.0068261 0.0065350 0.0043796 0.0039126 0.0045056 0.0060889 0.0040608 0.0061300 0.0056952 0.0048630 0.0049947 0.0054873 0.0239319 0.0075845 0.0110613 0.0014742 0.0123373 
Lobs_MYO7A         0.0132932 0.0070014 0.0246591 0.0118890 0.0114857 0.0121029 0.0129979 0.0134144 0.0119079 0.0123491 0.0119836 0.0168496 0.0000010 0.0000010 0.0176720 0.0137629 0.0008380 0.0000010 0.0008984 0.0000010 0.0041508 0.0091654 0.0094699 0.0096813 0.0162808 0.0009060 0.0009043 0.0008685 0.0008260 0.0075101 0.0177661 0.0260881 0.0120674 0.0080404 0.0029626 0.0017399 0.0000010 0.0000010 0.0008541 0.0008260 0.0037220 0.0000000 0.0020772 0.0100276 0.0069881 0.0090482 0.0068125 0.0373258 0.0092242 0.0089861 0.0061652 0.0059910 0.0053120 0.0058325 0.0093928 0.0053721 0.0071603 0.0166855 0.0064228 0.0167777 0.0000010 0.0000010 0.0024822 0.0045508 0.0009275 0.0026403 0.0000010 0.0087814 0.0171353 0.0025573 0.0010942 0.0024856 0.0000010 0.0011521 0.0008541 0.0000010 0.0008541 0.0008541 0.0008794 0.0008578 0.0018534 0.0009085 0.0009588 0.0008260 0.0190792 0.0029199 0.0072783 0.0019227 0.0070391 
LperAUS_MYO7A      0.0165958 0.0071603 0.0083645 0.0133989 0.0145900 0.0152690 0.0163322 0.0165140 0.0144060 0.0154752 0.0120686 0.0175500 0.0000010 0.0020760 0.0175065 0.0174536 0.0028659 0.0029756 0.0029445 0.0021753 0.0057675 0.0094193 0.0104070 0.0126049 0.0202612 0.0032393 0.0028850 0.0028686 0.0028659 0.0067251 0.0205850 0.0033919 0.0190139 0.0083228 0.0021983 0.0028659 0.0020520 0.0012975 0.0028725 0.0028659 0.0066684 0.0020772 0.0000000 0.0106244 0.0054622 0.0084704 0.0071402 0.0398366 0.0066372 0.0066452 0.0034037 0.0057472 0.0056150 0.0067384 0.0097598 0.0081040 0.0043342 0.0048285 0.0086299 0.0154807 0.0019805 0.0010390 0.0038239 0.0064782 0.0029943 0.0039400 0.0010401 0.0086433 0.0205213 0.0039639 0.0013175 0.0038318 0.0030480 0.0024838 0.0028659 0.0020727 0.0029961 0.0028659 0.0029943 0.0028738 0.0021119 0.0029961 0.0031499 0.0028659 0.0210203 0.0052063 0.0061886 0.0046228 0.0070597 
