89
Bacu_OTOF         0.0000000 0.0691003 0.0507611 0.0053793 0.0050387 0.0058658 0.0254429 0.0045557 0.0167088 0.0041262 0.0021775 0.0419350 0.0583426 0.0330332 0.0152116 0.0347352 0.0585826 0.0320729 0.0349139 0.0338721 0.0127243 0.0120111 0.0130586 0.0057427 0.0374475 0.0327225 0.0360484 0.0355526 0.0347428 0.0400985 0.0375292 0.0481348 0.0654150 0.0484105 0.0343347 0.0375371 0.0596372 0.0349055 0.0359171 0.0338478 0.0590225 0.0338756 0.0412839 0.0481991 0.0687539 0.1131996 0.1562493 0.0515993 0.0704670 0.0616978 0.0679223 0.0715147 0.0349482 0.1137690 0.0768116 0.0880879 0.0338252 0.0342029 0.0421311 0.0549144 0.0532195 0.0355639 0.0394755 0.0405528 0.0325500 0.0322074 0.0376095 0.0334661 0.0344835 0.0723342 0.0332625 0.0321527 0.0301275 0.0346639 0.0323143 0.0404363 0.0348192 0.0421130 0.0339063 0.0325602 0.0345470 0.0324350 0.0313587 0.0319043 0.0361861 0.0334778 0.0687457 0.0349394 0.0410449 
Barn_OTOF         0.0691003 0.0000000 0.0154535 0.0467067 0.0752497 0.0684390 0.0727120 0.0709095 0.0769625 0.0638093 0.0665291 0.0802042 0.0275620 0.0675132 0.0707550 0.0622469 0.0669448 0.0424492 0.0644738 0.0562145 0.0549869 0.0671330 0.0715190 0.0517443 0.0712135 0.0710625 0.0712264 0.0637776 0.0315671 0.0732141 0.0340847 0.0619611 0.0410436 0.0624509 0.0687907 0.0387698 0.0585516 0.0644131 0.0669721 0.0578689 0.0412549 0.0382247 0.0648042 0.0278257 0.0342530 0.0321761 0.0381743 0.0214560 0.0648297 0.0081387 0.0090306 0.0201588 0.0579936 0.0134004 0.0130437 0.0327170 0.0580117 0.0579703 0.0786788 0.0642938 0.0665783 0.0581004 0.0735280 0.0488901 0.0682892 0.0623577 0.0626329 0.0613257 0.0634184 0.0408491 0.0580117 0.0382286 0.0644131 0.0313392 0.0669013 0.0446302 0.0688635 0.0642672 0.0642672 0.0770891 0.0424980 0.0642672 0.0624204 0.0739445 0.0656207 0.0538790 0.0332223 0.0596619 0.0336264 
Bbai76728_OTOF    0.0507611 0.0154535 0.0000000 0.0613460 0.0555297 0.0552338 0.0436509 0.0543999 0.0431847 0.0505297 0.0548842 0.0674394 0.0802767 0.0442489 0.0566663 0.0425892 0.0476477 0.0449194 0.0443919 0.0418756 0.0564360 0.0511139 0.0550276 0.0549824 0.0484890 0.0447731 0.0443625 0.0434318 0.0183843 0.0625874 0.0490098 0.0678389 0.0534327 0.0636715 0.0443333 0.0426096 0.0525679 0.0458171 0.0483322 0.0417487 0.0301868 0.0451228 0.0497433 0.0207266 0.0423061 0.0705385 0.0766162 0.0220514 0.0570702 0.0073413 0.0094841 0.0469547 0.0435192 0.0642998 0.0682750 0.0527398 0.0434092 0.0439863 0.0651129 0.0433682 0.0443184 0.0409987 0.0670921 0.0546886 0.0442317 0.0455040 0.0462430 0.0461092 0.0585674 0.0853951 0.0434092 0.0312329 0.0274998 0.0288736 0.0436869 0.0487595 0.0458266 0.0547275 0.0462227 0.0293449 0.0470655 0.0462491 0.0289945 0.0463533 0.0603486 0.0273297 0.0418663 0.0425289 0.0108948 
BbonAUS_OTOF      0.0053793 0.0467067 0.0613460 0.0000000 0.0103667 0.0118617 0.0307986 0.0085151 0.0247237 0.0062686 0.0090566 0.0460329 0.0326938 0.0332234 0.0217481 0.0389889 0.0400296 0.0377385 0.0399226 0.0354243 0.0186595 0.0185465 0.0200185 0.0107417 0.0434801 0.0368362 0.0419404 0.0371303 0.0409551 0.0436867 0.0394426 0.0633303 0.0365635 0.0548329 0.0395056 0.0360732 0.0602868 0.0377648 0.0381084 0.0345345 0.0373230 0.0377298 0.0449178 0.0493818 0.0827372 0.1006439 0.1416733 0.0408870 0.0863835 0.0636098 0.0437724 0.0644570 0.0370657 0.0861365 0.0883190 0.0804372 0.0361478 0.0347400 0.0461040 0.0373936 0.0376350 0.0362931 0.0430590 0.0423479 0.0388251 0.0354117 0.0389522 0.0381224 0.0377600 0.0690515 0.0361478 0.0312648 0.0371606 0.0320681 0.0358058 0.0398377 0.0395518 0.0468891 0.0369597 0.0378922 0.0344220 0.0362396 0.0357650 0.0381624 0.0366523 0.0339457 0.0875742 0.0361932 0.0428401 
Bbor_OTOF         0.0050387 0.0752497 0.0555297 0.0103667 0.0000000 0.0056429 0.0062713 0.0101754 0.0234970 0.0050875 0.0059108 0.0536304 0.0698943 0.0385345 0.0186442 0.0405961 0.0654816 0.0379754 0.0390010 0.0363548 0.0179454 0.0167621 0.0186776 0.0102285 0.0422398 0.0365198 0.0390066 0.0387298 0.0381700 0.0506644 0.0419803 0.0560896 0.0769350 0.0563537 0.0388021 0.0422334 0.0669329 0.0415121 0.0400984 0.0362789 0.0661532 0.0402571 0.0421738 0.0538127 0.0764958 0.1275928 0.1564943 0.0530413 0.0534340 0.0391675 0.0765526 0.0819327 0.0379652 0.1296802 0.0844152 0.0765188 0.0386106 0.0375376 0.0530969 0.0617724 0.0624565 0.0379410 0.0469150 0.0429431 0.0380508 0.0368751 0.0381950 0.0364069 0.0378339 0.0841922 0.0377976 0.0391730 0.0351707 0.0378428 0.0363636 0.0429033 0.0407486 0.0465923 0.0382659 0.0382229 0.0387895 0.0378530 0.0366018 0.0375515 0.0400809 0.0372560 0.0734594 0.0378422 0.0410315 
Bede66737_OTOF    0.0058658 0.0684390 0.0552338 0.0118617 0.0056429 0.0000000 0.0034652 0.0096175 0.0253714 0.0059420 0.0072334 0.0512549 0.0640294 0.0348273 0.0219551 0.0384666 0.0388976 0.0355644 0.0373255 0.0361860 0.0214108 0.0183698 0.0212511 0.0119131 0.0407162 0.0352819 0.0380464 0.0370064 0.0358671 0.0482884 0.0398539 0.0561086 0.0459566 0.0537698 0.0373035 0.0404574 0.0601430 0.0393850 0.0392664 0.0345259 0.0368484 0.0368497 0.0411085 0.0514216 0.0746684 0.0864714 0.1068202 0.0521457 0.0795067 0.0354162 0.0476201 0.0779723 0.0377560 0.0941754 0.0785850 0.0745164 0.0360763 0.0347396 0.0498724 0.0355082 0.0364542 0.0362068 0.0460367 0.0415966 0.0364598 0.0350472 0.0372386 0.0354801 0.0368926 0.0813183 0.0360763 0.0374142 0.0336466 0.0349545 0.0342280 0.0406008 0.0386682 0.0444197 0.0374514 0.0358470 0.0367656 0.0370185 0.0350277 0.0359621 0.0408241 0.0359421 0.0743363 0.0361115 0.0425798 
BedeAUS_OTOF      0.0254429 0.0727120 0.0436509 0.0307986 0.0062713 0.0034652 0.0000000 0.0289676 0.0471800 0.0249641 0.0263204 0.0683387 0.1032659 0.0371340 0.0214572 0.0392689 0.0618301 0.0396776 0.0594005 0.0553450 0.0361284 0.0202030 0.0226385 0.0369293 0.0459641 0.0595364 0.0434512 0.0592594 0.0368564 0.0682973 0.0605519 0.0355598 0.0484020 0.0839214 0.0409375 0.0413922 0.0998274 0.0601477 0.0605260 0.0564027 0.0584783 0.0391580 0.0675547 0.0847094 0.1039344 0.0922505 0.1357015 0.0745531 0.0828814 0.0376005 0.0498730 0.0723733 0.0570821 0.0999178 0.0830270 0.1059174 0.0554440 0.0561476 0.0687466 0.0402634 0.0582753 0.0583610 0.0650131 0.0669881 0.0400716 0.0557520 0.0617325 0.0582569 0.0702218 0.0740909 0.0554440 0.0545772 0.0382753 0.0645123 0.0565486 0.0527603 0.0421882 0.0704540 0.0583424 0.0430924 0.0563259 0.0596362 0.0585048 0.0409450 0.0590567 0.0630547 0.0801395 0.0572760 0.0706676 
Bmus_OTOF         0.0045557 0.0709095 0.0543999 0.0085151 0.0101754 0.0096175 0.0289676 0.0000000 0.0200452 0.0067409 0.0065879 0.0441475 0.0610916 0.0374215 0.0200145 0.0400628 0.0641404 0.0345987 0.0399587 0.0384007 0.0155260 0.0156523 0.0162192 0.0107584 0.0428372 0.0372861 0.0396786 0.0401045 0.0399710 0.0440777 0.0408815 0.0534537 0.0672642 0.0523019 0.0400729 0.0416326 0.0651079 0.0393992 0.0415518 0.0383721 0.0629557 0.0364928 0.0459211 0.0520763 0.0751579 0.1198989 0.1613740 0.0555404 0.0757679 0.0657566 0.0713869 0.0758607 0.0394857 0.1197382 0.0804539 0.0946452 0.0383465 0.0390889 0.0443556 0.0600963 0.0581577 0.0401177 0.0416663 0.0446709 0.0374972 0.0362738 0.0415567 0.0368023 0.0406070 0.0772654 0.0377745 0.0332623 0.0349404 0.0371356 0.0374610 0.0447019 0.0402722 0.0459517 0.0395642 0.0373925 0.0379308 0.0363489 0.0364500 0.0367728 0.0395573 0.0365746 0.0730168 0.0394756 0.0465091 
Bmys_OTOF         0.0167088 0.0769625 0.0431847 0.0247237 0.0234970 0.0253714 0.0471800 0.0200452 0.0000000 0.0174898 0.0190615 0.0455771 0.0577711 0.0336185 0.0225049 0.0384023 0.0372363 0.0355579 0.0380981 0.0326083 0.0105901 0.0080972 0.0089076 0.0235793 0.0399940 0.0347558 0.0367148 0.0318286 0.0391394 0.0445633 0.0401148 0.0304179 0.0448883 0.0514538 0.0370957 0.0385147 0.0617737 0.0370602 0.0386900 0.0318845 0.0401117 0.0368702 0.0454165 0.0561012 0.0833875 0.0936329 0.1434434 0.0606696 0.0805097 0.0743038 0.0550738 0.0880931 0.0339358 0.1007170 0.0951733 0.1056734 0.0325512 0.0332725 0.0444425 0.0353078 0.0355011 0.0339870 0.0405722 0.0479148 0.0353614 0.0328137 0.0386737 0.0329343 0.0279949 0.0484070 0.0325512 0.0334053 0.0352240 0.0401601 0.0344884 0.0419090 0.0369656 0.0471233 0.0372572 0.0361690 0.0383350 0.0354432 0.0349711 0.0336677 0.0395794 0.0371262 0.0758849 0.0325476 0.0433713 
Bphy_OTOF         0.0041262 0.0638093 0.0505297 0.0062686 0.0050875 0.0059420 0.0249641 0.0067409 0.0174898 0.0000000 0.0007354 0.0456196 0.0535396 0.0317802 0.0160433 0.0324023 0.0562406 0.0311293 0.0339244 0.0346269 0.0139451 0.0128408 0.0139829 0.0066456 0.0356590 0.0324084 0.0345937 0.0357821 0.0336429 0.0437257 0.0363797 0.0470487 0.0638516 0.0472071 0.0326577 0.0367385 0.0574207 0.0326296 0.0355618 0.0340398 0.0577647 0.0321196 0.0420601 0.0458176 0.0666693 0.1126977 0.1534313 0.0507862 0.0699688 0.0591584 0.0683216 0.0702369 0.0357270 0.1145096 0.0754190 0.0874874 0.0345778 0.0348272 0.0458399 0.0544851 0.0511599 0.0357938 0.0425255 0.0386524 0.0307932 0.0302194 0.0376277 0.0341537 0.0319046 0.0711796 0.0340018 0.0312893 0.0280958 0.0325601 0.0307956 0.0388650 0.0324563 0.0414733 0.0327688 0.0315639 0.0325294 0.0313373 0.0295302 0.0309858 0.0379549 0.0306960 0.0662539 0.0351551 0.0394334 
Bphy_baits_OTOF   0.0021775 0.0665291 0.0548842 0.0090566 0.0059108 0.0072334 0.0263204 0.0065879 0.0190615 0.0007354 0.0000000 0.0459210 0.0587190 0.0324656 0.0188884 0.0358594 0.0357426 0.0333322 0.0355087 0.0327592 0.0143341 0.0132641 0.0156282 0.0047978 0.0367633 0.0332286 0.0346951 0.0351484 0.0339058 0.0438404 0.0366153 0.0261717 0.0424982 0.0513317 0.0336892 0.0383520 0.0593017 0.0365550 0.0370510 0.0327008 0.0366268 0.0348528 0.0385609 0.0501748 0.0749582 0.0805923 0.1044943 0.0487869 0.0802675 0.0629504 0.0458306 0.0791422 0.0343103 0.0963509 0.0822900 0.0740484 0.0326657 0.0310202 0.0445040 0.0325015 0.0347873 0.0343576 0.0416493 0.0409651 0.0333279 0.0316724 0.0361091 0.0327923 0.0366680 0.0501284 0.0326657 0.0322803 0.0314451 0.0348358 0.0325161 0.0397937 0.0357651 0.0441239 0.0338697 0.0334567 0.0360771 0.0348972 0.0337386 0.0327748 0.0379826 0.0336575 0.0755319 0.0342684 0.0413129 
Btau_OTOF         0.0419350 0.0802042 0.0674394 0.0460329 0.0536304 0.0512549 0.0683387 0.0441475 0.0455771 0.0456196 0.0459210 0.0000000 0.0834954 0.0590933 0.0486770 0.0594021 0.0860616 0.0586068 0.0575181 0.0562515 0.0400705 0.0454136 0.0444138 0.0493548 0.0639465 0.0566755 0.0583725 0.0574420 0.0518779 0.0396494 0.0558335 0.0690947 0.0896993 0.0691346 0.0581517 0.0631154 0.0742953 0.0553151 0.0586749 0.0556190 0.0821142 0.0577139 0.0617443 0.0599704 0.0831898 0.1295987 0.1723916 0.0697080 0.0904108 0.0703301 0.0858311 0.0778930 0.0573586 0.1375764 0.0986201 0.1084896 0.0556248 0.0564819 0.0111993 0.0793611 0.0786449 0.0568291 0.0163893 0.0638674 0.0587436 0.0587650 0.0638805 0.0521031 0.0526323 0.0933554 0.0550212 0.0534832 0.0546743 0.0562810 0.0570021 0.0619136 0.0600368 0.0663604 0.0559156 0.0582865 0.0574142 0.0563656 0.0540482 0.0575671 0.0346747 0.0518338 0.0842930 0.0567572 0.0594898 
Ccom40_OTOF       0.0583426 0.0275620 0.0802767 0.0326938 0.0698943 0.0640294 0.1032659 0.0610916 0.0577711 0.0535396 0.0587190 0.0834954 0.0000000 0.0264624 0.0627004 0.0261928 0.0231918 0.0098182 0.0221052 0.0304178 0.0484857 0.0605276 0.0627732 0.0479191 0.0308812 0.0251992 0.0298540 0.0229664 0.0502645 0.0789677 0.0182106 0.1051147 0.0402486 0.0242356 0.0275051 0.0085720 0.0509483 0.0204163 0.0233283 0.0204163 0.0083758 0.0128203 0.0422289 0.0665484 0.1188843 0.1410488 0.2333878 0.0513239 0.1109140 0.0725766 0.0421088 0.0286043 0.0316480 0.1164992 0.1171680 0.1147112 0.0304302 0.0326847 0.0822810 0.0257510 0.0221971 0.0229279 0.0846903 0.0271410 0.0280082 0.0298240 0.0193793 0.0499849 0.0492523 0.0618073 0.0304302 0.0162193 0.0251099 0.0028737 0.0251221 0.0114730 0.0236542 0.0230517 0.0236247 0.0331961 0.0082792 0.0248794 0.0205387 0.0265129 0.0673981 0.0173587 0.1353682 0.0216459 0.0464245 
Chea7320_OTOF     0.0330332 0.0675132 0.0442489 0.0332234 0.0385345 0.0348273 0.0371340 0.0374215 0.0336185 0.0317802 0.0324656 0.0590933 0.0264624 0.0000000 0.0321084 0.0050595 0.0120792 0.0045146 0.0024264 0.0095197 0.0322041 0.0320459 0.0338138 0.0366391 0.0042660 0.0016704 0.0059243 0.0047311 0.0284739 0.0558124 0.0150019 0.0514016 0.0515306 0.0037582 0.0025595 0.0057738 0.0285725 0.0033117 0.0025413 0.0031475 0.0099291 0.0045307 0.0244414 0.0451232 0.0747580 0.0885825 0.1124291 0.0397207 0.0668430 0.0286246 0.0442340 0.0345617 0.0103178 0.0919563 0.0737548 0.0676876 0.0095446 0.0085014 0.0559304 0.0094063 0.0095257 0.0055291 0.0536794 0.0233600 0.0025681 0.0080731 0.0044833 0.0321340 0.0308003 0.0439718 0.0095206 0.0066080 0.0017576 0.0027456 0.0024345 0.0048236 0.0043194 0.0016096 0.0017022 0.0071293 0.0027878 0.0025012 0.0017419 0.0016603 0.0429359 0.0022829 0.0716827 0.0047291 0.0310948 
Cmar59905_OTOF    0.0152116 0.0707550 0.0566663 0.0217481 0.0186442 0.0219551 0.0214572 0.0200145 0.0225049 0.0160433 0.0188884 0.0486770 0.0627004 0.0321084 0.0000000 0.0374561 0.0381689 0.0360819 0.0373219 0.0339556 0.0205252 0.0193811 0.0214249 0.0187445 0.0406680 0.0353051 0.0391238 0.0368302 0.0397576 0.0409704 0.0403744 0.0316035 0.0438972 0.0509339 0.0365178 0.0403851 0.0584004 0.0371177 0.0365773 0.0346372 0.0357108 0.0384378 0.0435454 0.0516427 0.0816352 0.0866252 0.1499997 0.0534208 0.0802178 0.0418823 0.0485737 0.0789813 0.0353387 0.0940583 0.0825364 0.0750933 0.0339149 0.0318615 0.0475555 0.0368362 0.0355931 0.0361520 0.0426218 0.0420618 0.0354721 0.0305047 0.0386722 0.0326375 0.0343413 0.0490746 0.0339149 0.0292530 0.0317484 0.0347490 0.0346909 0.0411394 0.0367801 0.0448804 0.0373577 0.0328331 0.0354314 0.0365192 0.0318851 0.0342271 0.0381564 0.0323826 0.0775071 0.0360392 0.0422141 
Dcap108471_OTOF   0.0347352 0.0622469 0.0425892 0.0389889 0.0405961 0.0384666 0.0392689 0.0400628 0.0384023 0.0324023 0.0358594 0.0594021 0.0261928 0.0050595 0.0374561 0.0000000 0.0031507 0.0016081 0.0042924 0.0122432 0.0361091 0.0342444 0.0355977 0.0382443 0.0058903 0.0031560 0.0050945 0.0040456 0.0312212 0.0565292 0.0173580 0.0521258 0.0404036 0.0227470 0.0062103 0.0058501 0.0305160 0.0037770 0.0048956 0.0033597 0.0016591 0.0033368 0.0265473 0.0458718 0.0680073 0.0770910 0.1081846 0.0385288 0.0652714 0.0287653 0.0341977 0.0663255 0.0136159 0.0806127 0.0703594 0.0830278 0.0108665 0.0096378 0.0566150 0.0054363 0.0051206 0.0067520 0.0553801 0.0238917 0.0031468 0.0113352 0.0016255 0.0331439 0.0397763 0.0443484 0.0108665 0.0083489 0.0022036 0.0012339 0.0051721 0.0055623 0.0051074 0.0158115 0.0031844 0.0040701 0.0024345 0.0048481 0.0028628 0.0031779 0.0480523 0.0031691 0.0670388 0.0033614 0.0341662 
Dcap79929_OTOF    0.0585826 0.0669448 0.0476477 0.0400296 0.0654816 0.0388976 0.0618301 0.0641404 0.0372363 0.0562406 0.0357426 0.0860616 0.0231918 0.0120792 0.0381689 0.0031507 0.0000000 0.0228796 0.0029886 0.0304937 0.0326697 0.0326114 0.0352968 0.0382232 0.0036093 0.0016530 0.0247960 0.0215109 0.0537828 0.0825997 0.0160463 0.0538977 0.0433018 0.0205688 0.0042522 0.0277751 0.0255916 0.0032234 0.0031953 0.0206322 0.0008245 0.0276908 0.0469676 0.0434253 0.0969519 0.0753341 0.1000162 0.0374569 0.0686039 0.0554235 0.0353669 0.0742723 0.0320465 0.0832384 0.0727229 0.0941163 0.0288153 0.0292892 0.0820331 0.0041809 0.0037571 0.0239113 0.0813137 0.0228947 0.0017148 0.0098545 0.0221238 0.0524345 0.0341947 0.0451304 0.0288001 0.0069658 0.0008161 0.0000010 0.0038574 0.0050156 0.0038832 0.0149030 0.0016273 0.0258748 0.0016944 0.0033060 0.0015685 0.0017337 0.0737518 0.0010105 0.0838943 0.0206451 0.0315785 
DdelSJR_OTOF      0.0320729 0.0424492 0.0449194 0.0377385 0.0379754 0.0355644 0.0396776 0.0345987 0.0355579 0.0311293 0.0333322 0.0586068 0.0098182 0.0045146 0.0360819 0.0016081 0.0228796 0.0000000 0.0015581 0.0097602 0.0343037 0.0331232 0.0349248 0.0339996 0.0026332 0.0000010 0.0015102 0.0007434 0.0290016 0.0495464 0.0175820 0.0499228 0.0539617 0.0207770 0.0024946 0.0024117 0.0323543 0.0008709 0.0016512 0.0007427 0.0229682 0.0016938 0.0247263 0.0473832 0.0732791 0.1179579 0.1549361 0.0404168 0.0644019 0.0283277 0.0591455 0.0771300 0.0120502 0.1001127 0.0709570 0.0661191 0.0074978 0.0055927 0.0547269 0.0226325 0.0222843 0.0022318 0.0506443 0.0232761 0.0000010 0.0071679 0.0008040 0.0312619 0.0295345 0.0335968 0.0067383 0.0060363 0.0000010 0.0000010 0.0023753 0.0044727 0.0024374 0.0130814 0.0000010 0.0024236 0.0009159 0.0016756 0.0008427 0.0000010 0.0433215 0.0000010 0.0678647 0.0007431 0.0331330 
Ddeltrop4525_OTOF 0.0349139 0.0644738 0.0443919 0.0399226 0.0390010 0.0373255 0.0594005 0.0399587 0.0380981 0.0339244 0.0355087 0.0575181 0.0221052 0.0024264 0.0373219 0.0042924 0.0029886 0.0015581 0.0000000 0.0109472 0.0340922 0.0331281 0.0354291 0.0351549 0.0039892 0.0013931 0.0034733 0.0025536 0.0292350 0.0548157 0.0166059 0.0480002 0.0397032 0.0182475 0.0037695 0.0054349 0.0232266 0.0028478 0.0028708 0.0019089 0.0023212 0.0024541 0.0244457 0.0391437 0.0626445 0.0744677 0.0933333 0.0396160 0.0637119 0.0552138 0.0347420 0.0678205 0.0122457 0.0801350 0.0696315 0.0589835 0.0083405 0.0069676 0.0549069 0.0036132 0.0034754 0.0044730 0.0523388 0.0219860 0.0023157 0.0083952 0.0022054 0.0306670 0.0368563 0.0404646 0.0083405 0.0064947 0.0014875 0.0011532 0.0033759 0.0053917 0.0036626 0.0119366 0.0014336 0.0031267 0.0015423 0.0029064 0.0021200 0.0015236 0.0460075 0.0009797 0.0637426 0.0019098 0.0299313 
Dleu_OTOF         0.0338721 0.0562145 0.0418756 0.0354243 0.0363548 0.0361860 0.0553450 0.0384007 0.0326083 0.0346269 0.0327592 0.0562515 0.0304178 0.0095197 0.0339556 0.0122432 0.0304937 0.0097602 0.0109472 0.0000000 0.0317497 0.0327346 0.0324278 0.0334186 0.0119115 0.0095502 0.0123981 0.0117158 0.0273027 0.0542605 0.0185634 0.0461541 0.0647319 0.0223154 0.0102016 0.0114644 0.0272688 0.0107090 0.0100063 0.0101542 0.0282818 0.0100281 0.0255512 0.0356756 0.0595545 0.1008398 0.1444039 0.0377001 0.0594682 0.0501087 0.0566103 0.0648347 0.0020074 0.1001715 0.0645154 0.0738526 0.0080933 0.0087180 0.0560017 0.0285592 0.0273965 0.0112039 0.0525695 0.0226913 0.0096567 0.0058807 0.0103387 0.0327883 0.0324934 0.0373664 0.0075802 0.0059703 0.0087040 0.0066578 0.0092435 0.0118657 0.0118287 0.0185265 0.0079102 0.0101857 0.0090369 0.0091867 0.0085207 0.0094673 0.0498723 0.0075942 0.0608872 0.0111812 0.0295927 
EausAUS_OTOF      0.0127243 0.0549869 0.0564360 0.0186595 0.0179454 0.0214108 0.0361284 0.0155260 0.0105901 0.0139451 0.0143341 0.0400705 0.0484857 0.0322041 0.0205252 0.0361091 0.0326697 0.0343037 0.0340922 0.0317497 0.0000000 0.0019274 0.0020150 0.0163526 0.0391869 0.0334493 0.0350186 0.0336683 0.0378717 0.0385114 0.0336515 0.0272857 0.0427827 0.0503152 0.0359114 0.0372797 0.0556224 0.0344282 0.0348621 0.0317272 0.0315569 0.0336975 0.0396905 0.0527913 0.0830926 0.0972220 0.1079344 0.0381362 0.0917319 0.0579761 0.0363250 0.0399340 0.0326983 0.1060742 0.0972301 0.0833191 0.0326705 0.0324480 0.0372722 0.0338676 0.0324542 0.0317567 0.0348911 0.0440900 0.0356726 0.0332741 0.0372796 0.0337922 0.0340873 0.0464332 0.0326705 0.0256683 0.0290912 0.0330271 0.0326613 0.0357484 0.0339892 0.0462463 0.0339920 0.0325524 0.0331261 0.0340994 0.0313494 0.0335299 0.0341513 0.0268959 0.0903906 0.0336521 0.0401231 
Egla13086_OTOF    0.0120111 0.0671330 0.0511139 0.0185465 0.0167621 0.0183698 0.0202030 0.0156523 0.0080972 0.0128408 0.0132641 0.0454136 0.0605276 0.0320459 0.0193811 0.0342444 0.0326114 0.0331232 0.0331281 0.0327346 0.0019274 0.0000000 0.0000010 0.0149111 0.0368774 0.0316579 0.0334970 0.0327200 0.0358823 0.0426901 0.0349956 0.0476015 0.0421442 0.0480917 0.0339600 0.0371571 0.0547024 0.0342419 0.0361882 0.0312122 0.0331963 0.0324938 0.0389942 0.0499932 0.0756869 0.0866435 0.1114257 0.0492564 0.0733082 0.0401691 0.0453870 0.0760954 0.0342163 0.0910207 0.0835375 0.0710138 0.0334386 0.0333201 0.0426321 0.0321353 0.0305144 0.0320187 0.0375262 0.0400577 0.0342190 0.0331176 0.0361745 0.0306785 0.0366588 0.0747035 0.0334386 0.0309514 0.0291310 0.0330498 0.0314338 0.0367552 0.0336910 0.0435438 0.0338134 0.0331008 0.0335749 0.0333328 0.0301911 0.0326780 0.0332486 0.0286056 0.0723686 0.0327078 0.0373152 
Ejap43864_OTOF    0.0130586 0.0715190 0.0550276 0.0200185 0.0186776 0.0212511 0.0226385 0.0162192 0.0089076 0.0139829 0.0156282 0.0444138 0.0627732 0.0338138 0.0214249 0.0355977 0.0352968 0.0349248 0.0354291 0.0324278 0.0020150 0.0000010 0.0000000 0.0162366 0.0400373 0.0329025 0.0343056 0.0332148 0.0401251 0.0415479 0.0368507 0.0519247 0.0443090 0.0512359 0.0360746 0.0397480 0.0588786 0.0344618 0.0372822 0.0315739 0.0342041 0.0351204 0.0400704 0.0523687 0.0854807 0.0914419 0.1259989 0.0536399 0.0820643 0.0410942 0.0435989 0.0825754 0.0332355 0.0987045 0.0910735 0.0771273 0.0348694 0.0348435 0.0412809 0.0338345 0.0328747 0.0315987 0.0375604 0.0421625 0.0353327 0.0359069 0.0369925 0.0317528 0.0357605 0.0790428 0.0348694 0.0329610 0.0302480 0.0354727 0.0337088 0.0386439 0.0362953 0.0468353 0.0352924 0.0330699 0.0353376 0.0357205 0.0315455 0.0328175 0.0336888 0.0288368 0.0839252 0.0332013 0.0413950 
Erob133443_OTOF   0.0057427 0.0517443 0.0549824 0.0107417 0.0102285 0.0119131 0.0369293 0.0107584 0.0235793 0.0066456 0.0047978 0.0493548 0.0479191 0.0366391 0.0187445 0.0382443 0.0382232 0.0339996 0.0351549 0.0334186 0.0163526 0.0149111 0.0162366 0.0000000 0.0373695 0.0345552 0.0335162 0.0369939 0.0362103 0.0412915 0.0344625 0.0642267 0.0478445 0.0356717 0.0322128 0.0368469 0.0576403 0.0371271 0.0370844 0.0351021 0.0356976 0.0362122 0.0399402 0.0548512 0.0770060 0.0938550 0.1563954 0.0543756 0.0907109 0.0583508 0.0425882 0.0792010 0.0351652 0.1088128 0.0899327 0.0786947 0.0368239 0.0384699 0.0504588 0.0323440 0.0350796 0.0361134 0.0471672 0.0380096 0.0357052 0.0338992 0.0414151 0.0361487 0.0319192 0.0825395 0.0368239 0.0334409 0.0326418 0.0317166 0.0337574 0.0387419 0.0318182 0.0325178 0.0301498 0.0342209 0.0314936 0.0326453 0.0297478 0.0349427 0.0403540 0.0318728 0.0787626 0.0359955 0.0473514 
Fatt_OTOF         0.0374475 0.0712135 0.0484890 0.0434801 0.0422398 0.0407162 0.0459641 0.0428372 0.0399940 0.0356590 0.0367633 0.0639465 0.0308812 0.0042660 0.0406680 0.0058903 0.0036093 0.0026332 0.0039892 0.0119115 0.0391869 0.0368774 0.0400373 0.0373695 0.0000000 0.0024651 0.0040550 0.0031455 0.0309242 0.0605508 0.0191983 0.0544109 0.0458867 0.0219688 0.0049130 0.0066169 0.0322576 0.0041336 0.0034141 0.0031424 0.0039170 0.0044094 0.0235812 0.0481784 0.0795853 0.0772387 0.1210669 0.0439253 0.0405181 0.0315023 0.0382735 0.0427928 0.0127115 0.0879685 0.0812709 0.0698547 0.0103034 0.0093403 0.0607851 0.0049075 0.0041332 0.0055198 0.0583184 0.0272334 0.0032929 0.0109398 0.0025204 0.0338510 0.0364229 0.0503853 0.0103034 0.0086313 0.0026569 0.0029277 0.0047550 0.0077191 0.0050211 0.0160123 0.0025328 0.0044396 0.0038844 0.0042228 0.0035075 0.0024854 0.0504516 0.0023954 0.0754955 0.0031442 0.0320164 
Ggri_OTOF         0.0327225 0.0710625 0.0447731 0.0368362 0.0365198 0.0352819 0.0595364 0.0372861 0.0347558 0.0324084 0.0332286 0.0566755 0.0251992 0.0016704 0.0353051 0.0031560 0.0016530 0.0000010 0.0013931 0.0095502 0.0334493 0.0316579 0.0329025 0.0345552 0.0024651 0.0000000 0.0007482 0.0006743 0.0285812 0.0532181 0.0158480 0.0476316 0.0385417 0.0179886 0.0023180 0.0039607 0.0264180 0.0015171 0.0007521 0.0006737 0.0008481 0.0016921 0.0223573 0.0408490 0.0678571 0.0733295 0.1016427 0.0392803 0.0658934 0.0589248 0.0353590 0.0657064 0.0095370 0.0829799 0.0770262 0.0602812 0.0067947 0.0057669 0.0539937 0.0022333 0.0014805 0.0027063 0.0496628 0.0215994 0.0008205 0.0075268 0.0007484 0.0282248 0.0350604 0.0426510 0.0067947 0.0057672 0.0000010 0.0000010 0.0020945 0.0042819 0.0024281 0.0116989 0.0000010 0.0015936 0.0008598 0.0014959 0.0007752 0.0000010 0.0435972 0.0000010 0.0676012 0.0006741 0.0316715 
Gmac39091_OTOF    0.0360484 0.0712264 0.0443625 0.0419404 0.0390066 0.0380464 0.0434512 0.0396786 0.0367148 0.0345937 0.0346951 0.0583725 0.0298540 0.0059243 0.0391238 0.0050945 0.0247960 0.0015102 0.0034733 0.0123981 0.0350186 0.0334970 0.0343056 0.0335162 0.0040550 0.0007482 0.0000000 0.0006414 0.0303715 0.0571414 0.0193178 0.0479477 0.0688356 0.0212089 0.0037380 0.0054186 0.0312090 0.0038445 0.0031081 0.0025749 0.0248303 0.0038858 0.0267881 0.0463714 0.0679722 0.1093557 0.1400267 0.0426903 0.0650316 0.0324205 0.0593092 0.0766371 0.0143944 0.1127075 0.0734794 0.0867474 0.0104143 0.0070397 0.0556856 0.0222646 0.0234696 0.0051664 0.0521797 0.0245945 0.0023355 0.0107467 0.0015442 0.0345477 0.0372054 0.0458064 0.0097512 0.0093535 0.0023318 0.0037209 0.0036430 0.0067007 0.0044548 0.0135133 0.0015443 0.0030530 0.0033690 0.0030716 0.0029912 0.0007785 0.0481811 0.0031336 0.0643226 0.0025762 0.0355457 
Gmel_OTOF         0.0355526 0.0637776 0.0434318 0.0371303 0.0387298 0.0370064 0.0592594 0.0401045 0.0318286 0.0357821 0.0351484 0.0574420 0.0229664 0.0047311 0.0368302 0.0040456 0.0215109 0.0007434 0.0025536 0.0117158 0.0336683 0.0327200 0.0332148 0.0369939 0.0031455 0.0006743 0.0006414 0.0000000 0.0301256 0.0554416 0.0162862 0.0469093 0.0658382 0.0178999 0.0036142 0.0042578 0.0237334 0.0026545 0.0021260 0.0015057 0.0215453 0.0030590 0.0261131 0.0393483 0.0621411 0.1072945 0.1514693 0.0395050 0.0622689 0.0550377 0.0575457 0.0688224 0.0127431 0.1054136 0.0714261 0.0772497 0.0106779 0.0087129 0.0559753 0.0201380 0.0200552 0.0040321 0.0549457 0.0219725 0.0014721 0.0088784 0.0020471 0.0339106 0.0344884 0.0399566 0.0101595 0.0069773 0.0014417 0.0022154 0.0026172 0.0051573 0.0034480 0.0115768 0.0007132 0.0028922 0.0022422 0.0021026 0.0019553 0.0007208 0.0515755 0.0018909 0.0619766 0.0015063 0.0321370 
Hamp_OTOF         0.0347428 0.0315671 0.0183843 0.0409551 0.0381700 0.0358671 0.0368564 0.0399710 0.0391394 0.0336429 0.0339058 0.0518779 0.0502645 0.0284739 0.0397576 0.0312212 0.0537828 0.0290016 0.0292350 0.0273027 0.0378717 0.0358823 0.0401251 0.0362103 0.0309242 0.0285812 0.0303715 0.0301256 0.0000000 0.0519563 0.0313783 0.0509758 0.0655080 0.0403731 0.0272469 0.0321171 0.0241826 0.0293782 0.0312631 0.0279496 0.0529133 0.0280475 0.0367583 0.0018574 0.0038414 0.0261272 0.0562260 0.0183129 0.0252648 0.0032782 0.0357234 0.0378707 0.0294295 0.0363115 0.0028115 0.0022155 0.0293528 0.0284680 0.0528824 0.0497161 0.0492799 0.0287442 0.0516682 0.0352604 0.0272297 0.0265663 0.0328651 0.0315847 0.0396641 0.0732945 0.0286320 0.0260511 0.0247460 0.0256840 0.0278074 0.0337114 0.0285418 0.0371014 0.0289966 0.0280554 0.0291122 0.0291432 0.0261252 0.0291895 0.0449142 0.0239063 0.0025413 0.0293513 0.0106711 
Hippo_OTOF        0.0400985 0.0732141 0.0625874 0.0436867 0.0506644 0.0482884 0.0682973 0.0440777 0.0445633 0.0437257 0.0438404 0.0396494 0.0789677 0.0558124 0.0409704 0.0565292 0.0825997 0.0495464 0.0548157 0.0542605 0.0385114 0.0426901 0.0415479 0.0412915 0.0605508 0.0532181 0.0571414 0.0554416 0.0519563 0.0000000 0.0527077 0.0659071 0.0814400 0.0674459 0.0553644 0.0560472 0.0752389 0.0540408 0.0540839 0.0536351 0.0772886 0.0500463 0.0597874 0.0636051 0.0886835 0.1316978 0.1724090 0.0650066 0.0831476 0.0699219 0.0831902 0.0844781 0.0553616 0.1315632 0.0909573 0.1054081 0.0536404 0.0537970 0.0393126 0.0752029 0.0755708 0.0554617 0.0351902 0.0622751 0.0532441 0.0548340 0.0567701 0.0506545 0.0498771 0.0841045 0.0530425 0.0427764 0.0532761 0.0519772 0.0537192 0.0560473 0.0563969 0.0618731 0.0521575 0.0536163 0.0509075 0.0519750 0.0521401 0.0528373 0.0351253 0.0522620 0.0858482 0.0547656 0.0591605 
Igeo_OTOF         0.0375292 0.0340847 0.0490098 0.0394426 0.0419803 0.0398539 0.0605519 0.0408815 0.0401148 0.0363797 0.0366153 0.0558335 0.0182106 0.0150019 0.0403744 0.0173580 0.0160463 0.0175820 0.0166059 0.0185634 0.0336515 0.0349956 0.0368507 0.0344625 0.0191983 0.0158480 0.0193178 0.0162862 0.0313783 0.0527077 0.0000000 0.0551177 0.0327314 0.0281675 0.0179583 0.0165111 0.0377672 0.0153287 0.0169403 0.0139990 0.0151310 0.0170575 0.0210291 0.0461355 0.0689798 0.0820384 0.1286545 0.0365843 0.0726039 0.0601182 0.0368296 0.0750726 0.0185644 0.0730776 0.0793455 0.0661057 0.0170253 0.0162059 0.0544120 0.0137507 0.0164130 0.0155326 0.0539978 0.0138042 0.0181573 0.0185303 0.0163831 0.0318327 0.0373879 0.0457862 0.0170253 0.0168552 0.0163828 0.0180834 0.0156396 0.0147265 0.0154578 0.0279266 0.0149657 0.0182365 0.0134395 0.0178219 0.0166991 0.0164136 0.0443396 0.0167814 0.0672433 0.0154953 0.0322834 
Kbre_OTOF         0.0481348 0.0619611 0.0678389 0.0633303 0.0560896 0.0561086 0.0355598 0.0534537 0.0304179 0.0470487 0.0261717 0.0690947 0.1051147 0.0514016 0.0316035 0.0521258 0.0538977 0.0499228 0.0480002 0.0461541 0.0272857 0.0476015 0.0519247 0.0642267 0.0544109 0.0476316 0.0479477 0.0469093 0.0509758 0.0659071 0.0551177 0.0000000 0.0428329 0.0741201 0.0501778 0.0550861 0.0529322 0.0505635 0.0520533 0.0452149 0.0536843 0.0504418 0.0532236 0.0751820 0.0998704 0.0999784 0.1181491 0.0435104 0.0983173 0.0317560 0.0636924 0.0689568 0.0478044 0.1133712 0.1094137 0.0893814 0.0467138 0.0491883 0.0647916 0.0480423 0.0483825 0.0452526 0.0615124 0.0553345 0.0490039 0.0515478 0.0508730 0.0342951 0.0172568 0.0406374 0.0467138 0.0624482 0.0469520 0.0229189 0.0472431 0.0575806 0.0516331 0.0609877 0.0497494 0.0497803 0.0553808 0.0499152 0.0482727 0.0493063 0.0602612 0.0250745 0.1012542 0.0468902 0.0649323 
Ksim_OTOF         0.0654150 0.0410436 0.0534327 0.0365635 0.0769350 0.0459566 0.0484020 0.0672642 0.0448883 0.0638516 0.0424982 0.0896993 0.0402486 0.0515306 0.0438972 0.0404036 0.0433018 0.0539617 0.0397032 0.0647319 0.0427827 0.0421442 0.0443090 0.0478445 0.0458867 0.0385417 0.0688356 0.0658382 0.0655080 0.0814400 0.0327314 0.0428329 0.0000000 0.0459539 0.0413318 0.0581565 0.0771555 0.0418996 0.0434615 0.0628588 0.0299297 0.0575193 0.0710617 0.0665259 0.1211022 0.1062533 0.1730314 0.0466182 0.0774928 0.0330731 0.0377965 0.0730332 0.0663786 0.0755605 0.0742258 0.1216644 0.0638146 0.0687892 0.0865962 0.0429766 0.0403648 0.0649086 0.0846252 0.0387822 0.0383650 0.0410903 0.0650242 0.0425969 0.0328527 0.0586085 0.0637619 0.0291531 0.0379170 0.0260432 0.0394248 0.0341988 0.0431244 0.0369251 0.0414242 0.0685013 0.0319320 0.0378327 0.0365069 0.0385343 0.0748288 0.0420848 0.1025687 0.0647004 0.0498021 
Lacu_OTOF         0.0484105 0.0624509 0.0636715 0.0548329 0.0563537 0.0537698 0.0839214 0.0523019 0.0514538 0.0472071 0.0513317 0.0691346 0.0242356 0.0037582 0.0509339 0.0227470 0.0205688 0.0207770 0.0182475 0.0223154 0.0503152 0.0480917 0.0512359 0.0356717 0.0219688 0.0179886 0.0212089 0.0178999 0.0403731 0.0674459 0.0281675 0.0741201 0.0459539 0.0000000 0.0184434 0.0224812 0.0269265 0.0193235 0.0186865 0.0161605 0.0198335 0.0214431 0.0314653 0.0386232 0.0930664 0.1014945 0.1167437 0.0572662 0.0886080 0.0892877 0.0350317 0.0677124 0.0240573 0.1085302 0.0800189 0.0773885 0.0205554 0.0203083 0.0666364 0.0182240 0.0179099 0.0153115 0.0651624 0.0412012 0.0206844 0.0081813 0.0194078 0.0436922 0.0509374 0.0648903 0.0205554 0.0058409 0.0203082 0.0045681 0.0182380 0.0230960 0.0209096 0.0032498 0.0182417 0.0231648 0.0038022 0.0190560 0.0190226 0.0191018 0.0562724 0.0044516 0.0953199 0.0178919 0.0440326 
Lalb_OTOF         0.0343347 0.0687907 0.0443333 0.0395056 0.0388021 0.0373035 0.0409375 0.0400729 0.0370957 0.0326577 0.0336892 0.0581517 0.0275051 0.0025595 0.0365178 0.0062103 0.0042522 0.0024946 0.0037695 0.0102016 0.0359114 0.0339600 0.0360746 0.0322128 0.0049130 0.0023180 0.0037380 0.0036142 0.0272469 0.0553644 0.0179583 0.0501778 0.0413318 0.0184434 0.0000000 0.0049632 0.0306408 0.0041382 0.0040277 0.0021644 0.0018363 0.0042713 0.0231506 0.0435709 0.0693787 0.0701596 0.1277617 0.0422577 0.0633265 0.0280749 0.0345705 0.0788354 0.0109363 0.0797047 0.0729572 0.0887803 0.0087277 0.0077475 0.0552439 0.0031479 0.0024149 0.0036126 0.0530671 0.0255206 0.0032158 0.0086637 0.0023723 0.0326477 0.0345488 0.0449513 0.0087277 0.0094651 0.0025063 0.0029211 0.0029928 0.0054011 0.0054043 0.0152421 0.0023854 0.0040190 0.0036265 0.0041017 0.0040036 0.0023488 0.0487189 0.0036219 0.0674882 0.0036128 0.0318641 
Laus_OTOF         0.0375371 0.0387698 0.0426096 0.0360732 0.0422334 0.0404574 0.0413922 0.0416326 0.0385147 0.0367385 0.0383520 0.0631154 0.0085720 0.0057738 0.0403851 0.0058501 0.0277751 0.0024117 0.0054349 0.0114644 0.0372797 0.0371571 0.0397480 0.0368469 0.0066169 0.0039607 0.0054186 0.0042578 0.0321171 0.0560472 0.0165111 0.0550861 0.0581565 0.0224812 0.0049632 0.0000000 0.0307383 0.0055584 0.0048171 0.0028332 0.0232854 0.0024995 0.0273035 0.0477777 0.0763952 0.1210639 0.1924237 0.0405233 0.0657299 0.0280540 0.0612183 0.0341371 0.0129290 0.0988102 0.0717381 0.0677471 0.0114674 0.0098999 0.0603239 0.0243964 0.0240726 0.0049752 0.0571919 0.0236659 0.0050990 0.0079366 0.0024265 0.0368266 0.0384451 0.0329538 0.0107358 0.0047740 0.0043910 0.0012987 0.0047280 0.0045466 0.0064646 0.0167741 0.0041648 0.0066371 0.0017867 0.0055431 0.0050157 0.0039921 0.0493248 0.0033595 0.0724621 0.0042562 0.0340990 
Lbor_OTOF         0.0596372 0.0585516 0.0525679 0.0602868 0.0669329 0.0601430 0.0998274 0.0651079 0.0617737 0.0574207 0.0593017 0.0742953 0.0509483 0.0285725 0.0584004 0.0305160 0.0255916 0.0323543 0.0232266 0.0272688 0.0556224 0.0547024 0.0588786 0.0576403 0.0322576 0.0264180 0.0312090 0.0237334 0.0241826 0.0752389 0.0377672 0.0529322 0.0771555 0.0269265 0.0306408 0.0307383 0.0000000 0.0245653 0.0275874 0.0200239 0.0247371 0.0200750 0.0439728 0.0256162 0.0245536 0.0293975 0.0602303 0.0678592 0.1030694 0.0667625 0.0615484 0.0634334 0.0284698 0.0514009 0.0294189 0.0231372 0.0236576 0.0051768 0.0747025 0.0270179 0.0233336 0.0237471 0.0765559 0.0396436 0.0326172 0.0246794 0.0320052 0.0493026 0.0263937 0.0475353 0.0236576 0.0279629 0.0251018 0.0194186 0.0262750 0.0256443 0.0276239 0.0241811 0.0251863 0.0364240 0.0233953 0.0245903 0.0221806 0.0306268 0.0620506 0.0235449 0.0245189 0.0212185 0.0510354 
Lhos30470_OTOF    0.0349055 0.0644131 0.0458171 0.0377648 0.0415121 0.0393850 0.0601477 0.0393992 0.0370602 0.0326296 0.0365550 0.0553151 0.0204163 0.0033117 0.0371177 0.0037770 0.0032234 0.0008709 0.0028478 0.0107090 0.0344282 0.0342419 0.0344618 0.0371271 0.0041336 0.0015171 0.0038445 0.0026545 0.0293782 0.0540408 0.0153287 0.0505635 0.0418996 0.0193235 0.0041382 0.0055584 0.0245653 0.0000000 0.0023146 0.0019841 0.0016989 0.0025476 0.0247394 0.0398577 0.0682087 0.0758061 0.1238241 0.0392057 0.0664433 0.0541615 0.0348958 0.0358759 0.0113828 0.0821830 0.0742102 0.0604905 0.0093567 0.0072624 0.0533315 0.0039590 0.0035640 0.0046498 0.0521573 0.0231372 0.0024137 0.0087340 0.0008217 0.0297784 0.0359570 0.0434720 0.0093567 0.0056307 0.0015619 0.0000010 0.0036700 0.0049343 0.0038181 0.0137834 0.0007654 0.0033964 0.0016069 0.0030118 0.0021991 0.0015630 0.0448463 0.0018919 0.0702644 0.0019851 0.0330586 
Lhos452_OTOF      0.0359171 0.0669721 0.0483322 0.0381084 0.0400984 0.0392664 0.0605260 0.0415518 0.0386900 0.0355618 0.0370510 0.0586749 0.0233283 0.0025413 0.0365773 0.0048956 0.0031953 0.0016512 0.0028708 0.0100063 0.0348621 0.0361882 0.0372822 0.0370844 0.0034141 0.0007521 0.0031081 0.0021260 0.0312631 0.0540839 0.0169403 0.0520533 0.0434615 0.0186865 0.0040277 0.0048171 0.0275874 0.0023146 0.0000000 0.0021240 0.0024326 0.0027207 0.0249856 0.0426622 0.0694818 0.0798120 0.1028796 0.0403434 0.0669933 0.0560037 0.0361731 0.0747158 0.0114466 0.0817180 0.0756829 0.0630437 0.0085642 0.0075924 0.0566622 0.0031281 0.0023602 0.0042625 0.0536603 0.0226835 0.0024359 0.0083644 0.0023365 0.0312125 0.0320626 0.0422482 0.0085642 0.0078585 0.0016695 0.0000010 0.0036716 0.0058758 0.0040035 0.0129153 0.0014911 0.0033264 0.0025283 0.0023276 0.0024042 0.0007924 0.0458017 0.0010683 0.0698056 0.0021252 0.0333313 
Lobl_OTOF         0.0338478 0.0578689 0.0417487 0.0345345 0.0362789 0.0345259 0.0564027 0.0383721 0.0318845 0.0340398 0.0327008 0.0556190 0.0204163 0.0031475 0.0346372 0.0033597 0.0206322 0.0007427 0.0019089 0.0101542 0.0317272 0.0312122 0.0315739 0.0351021 0.0031424 0.0006737 0.0025749 0.0015057 0.0279496 0.0536351 0.0139990 0.0452149 0.0628588 0.0161605 0.0021644 0.0028332 0.0200239 0.0019841 0.0021240 0.0000000 0.0189704 0.0015254 0.0244656 0.0365251 0.0594657 0.1033588 0.1458816 0.0367319 0.0603820 0.0511618 0.0554593 0.0645777 0.0111773 0.1033222 0.0678455 0.0755639 0.0091225 0.0076131 0.0541496 0.0186180 0.0178330 0.0025118 0.0531410 0.0196833 0.0014707 0.0066271 0.0020453 0.0322134 0.0334070 0.0382274 0.0086074 0.0049707 0.0007182 0.0011014 0.0013063 0.0029330 0.0027486 0.0115666 0.0007125 0.0028896 0.0014890 0.0021007 0.0012984 0.0007201 0.0497619 0.0009409 0.0598225 0.0010016 0.0295091 
Lobs_OTOF         0.0590225 0.0412549 0.0301868 0.0373230 0.0661532 0.0368484 0.0584783 0.0629557 0.0401117 0.0577647 0.0366268 0.0821142 0.0083758 0.0099291 0.0357108 0.0016591 0.0008245 0.0229682 0.0023212 0.0282818 0.0315569 0.0331963 0.0342041 0.0356976 0.0039170 0.0008481 0.0248303 0.0215453 0.0529133 0.0772886 0.0151310 0.0536843 0.0299297 0.0198335 0.0018363 0.0232854 0.0247371 0.0016989 0.0024326 0.0189704 0.0000000 0.0265337 0.0488981 0.0438802 0.0967828 0.0780028 0.0926494 0.0384431 0.0663419 0.0531748 0.0351672 0.0701004 0.0298948 0.0689138 0.0703990 0.0950049 0.0248546 0.0268202 0.0798586 0.0017313 0.0015880 0.0223703 0.0780376 0.0198912 0.0009449 0.0052022 0.0233564 0.0535172 0.0328600 0.0297549 0.0248418 0.0056202 0.0008404 0.0012644 0.0016479 0.0024877 0.0033899 0.0145818 0.0008411 0.0257304 0.0016762 0.0026321 0.0015808 0.0009166 0.0669562 0.0010630 0.0847899 0.0198028 0.0305752 
LperAUS_OTOF      0.0338756 0.0382247 0.0451228 0.0377298 0.0402571 0.0368497 0.0391580 0.0364928 0.0368702 0.0321196 0.0348528 0.0577139 0.0128203 0.0045307 0.0384378 0.0033368 0.0276908 0.0016938 0.0024541 0.0100281 0.0336975 0.0324938 0.0351204 0.0362122 0.0044094 0.0016921 0.0038858 0.0030590 0.0280475 0.0500463 0.0170575 0.0504418 0.0575193 0.0214431 0.0042713 0.0024995 0.0200750 0.0025476 0.0027207 0.0015254 0.0265337 0.0000000 0.0213592 0.0392776 0.0657773 0.1163510 0.1429805 0.0398540 0.0678959 0.0255397 0.0545747 0.0335990 0.0116018 0.1005490 0.0680366 0.0889054 0.0092527 0.0073682 0.0536602 0.0238233 0.0230998 0.0038245 0.0512564 0.0265734 0.0026337 0.0088454 0.0017601 0.0329357 0.0362163 0.0351882 0.0084689 0.0063444 0.0018208 0.0028060 0.0024285 0.0047796 0.0052355 0.0156378 0.0017685 0.0044201 0.0029435 0.0025166 0.0034731 0.0017566 0.0446233 0.0024525 0.0649084 0.0030578 0.0327532 
Lvex_OTOF         0.0412839 0.0648042 0.0497433 0.0449178 0.0421738 0.0411085 0.0675547 0.0459211 0.0454165 0.0420601 0.0385609 0.0617443 0.0422289 0.0244414 0.0435454 0.0265473 0.0469676 0.0247263 0.0244457 0.0255512 0.0396905 0.0389942 0.0400704 0.0399402 0.0235812 0.0223573 0.0267881 0.0261131 0.0367583 0.0597874 0.0210291 0.0532236 0.0710617 0.0314653 0.0231506 0.0273035 0.0439728 0.0247394 0.0249856 0.0244656 0.0488981 0.0213592 0.0000000 0.0470961 0.0684857 0.1123403 0.1645533 0.0497717 0.0664921 0.0650712 0.0659147 0.0782620 0.0266089 0.1109989 0.0765371 0.0812036 0.0255171 0.0263772 0.0626577 0.0398772 0.0420829 0.0261209 0.0592243 0.0267046 0.0220958 0.0234608 0.0262441 0.0390290 0.0396785 0.0563985 0.0249714 0.0203032 0.0246549 0.0264369 0.0202319 0.0266551 0.0242372 0.0316018 0.0206240 0.0246850 0.0223629 0.0224694 0.0235829 0.0247360 0.0569918 0.0254543 0.0694129 0.0255319 0.0399645 
Mbid_OTOF         0.0481991 0.0278257 0.0207266 0.0493818 0.0538127 0.0514216 0.0847094 0.0520763 0.0561012 0.0458176 0.0501748 0.0599704 0.0665484 0.0451232 0.0516427 0.0458718 0.0434253 0.0473832 0.0391437 0.0356756 0.0527913 0.0499932 0.0523687 0.0548512 0.0481784 0.0408490 0.0463714 0.0393483 0.0018574 0.0636051 0.0461355 0.0751820 0.0665259 0.0386232 0.0435709 0.0477777 0.0256162 0.0398577 0.0426622 0.0365251 0.0438802 0.0392776 0.0470961 0.0000000 0.0029299 0.0023714 0.0341565 0.0385752 0.0432659 0.0284029 0.0238880 0.0555489 0.0374501 0.0149915 0.0011760 0.0008976 0.0374121 0.0221167 0.0609624 0.0418954 0.0405147 0.0375837 0.0623684 0.0476709 0.0456751 0.0430797 0.0458771 0.0412389 0.0260057 0.0940961 0.0374121 0.0480344 0.0422569 0.0410645 0.0400101 0.0458455 0.0443773 0.0381958 0.0410709 0.0457858 0.0443671 0.0398435 0.0395905 0.0457384 0.0505811 0.0446783 0.0057921 0.0374143 0.0256011 
