93
Bacu_RYR2         0.0000000 0.0126430 0.0116802 0.0037048 0.0024269 0.0028375 0.0027021 0.0084484 0.0224506 0.0018693 0.0055316 0.0038730 0.0147780 0.0093161 0.0083013 0.0059516 0.0080386 0.0085399 0.0078914 0.0089174 0.0081194 0.0080598 0.0054858 0.0050735 0.0051845 0.0066046 0.0074687 0.0078839 0.0079207 0.0087052 0.0097451 0.0143734 0.0083104 0.0129568 0.0113008 0.0083886 0.0095535 0.0080936 0.0071504 0.0086151 0.0075626 0.0086866 0.0083645 0.0084009 0.0117426 0.0093382 0.0093243 0.0111933 0.0094749 0.0093355 0.0106403 0.0089224 0.0094907 0.0096576 0.0084967 0.0090721 0.0115178 0.0095720 0.0084814 0.0078846 0.0143449 0.0080966 0.0078001 0.0089162 0.0230207 0.0075180 0.0121130 0.0080726 0.0095455 0.0078097 0.0080460 0.0133658 0.0082486 0.0108597 0.0080550 0.0078136 0.0080139 0.0076637 0.0078150 0.0078008 0.0092691 0.0081478 0.0077040 0.0074688 0.0086981 0.0077027 0.0079979 0.0076243 0.0163425 0.0084086 0.0084671 0.0087047 0.0113407 
Barn_RYR2         0.0126430 0.0000000 0.0003317 0.0127651 0.0124239 0.0120834 0.0122738 0.0193449 0.0338012 0.0117073 0.0113853 0.0125918 0.0168786 0.0092366 0.0091159 0.0124313 0.0084482 0.0086558 0.0084482 0.0089980 0.0084482 0.0086762 0.0121051 0.0119694 0.0122848 0.0111023 0.0081203 0.0081203 0.0083507 0.0086703 0.0035523 0.0156004 0.0080380 0.0149749 0.0154629 0.0096666 0.0083482 0.0087768 0.0087029 0.0086821 0.0083507 0.0089942 0.0089978 0.0091161 0.0048069 0.0035748 0.0035451 0.0035009 0.0038251 0.0038688 0.0033760 0.0032116 0.0038263 0.0038423 0.0090005 0.0032592 0.0052320 0.0038228 0.0093344 0.0094461 0.0178720 0.0090082 0.0083507 0.0090012 0.0338588 0.0077643 0.0143041 0.0086749 0.0105026 0.0090132 0.0084536 0.0145797 0.0090913 0.0103636 0.0088552 0.0083507 0.0084132 0.0086757 0.0086795 0.0086742 0.0089557 0.0087833 0.0081756 0.0084489 0.0085773 0.0081203 0.0084496 0.0081203 0.0166806 0.0084936 0.0038673 0.0083482 0.0056696 
Bbai76728_RYR2    0.0116802 0.0003317 0.0000000 0.0152267 0.0112386 0.0109674 0.0107917 0.0167603 0.0295478 0.0107544 0.0137088 0.0113817 0.0164142 0.0092653 0.0088802 0.0120858 0.0085919 0.0088161 0.0085919 0.0090288 0.0086288 0.0082404 0.0109892 0.0109808 0.0112407 0.0135851 0.0080655 0.0083284 0.0085084 0.0085026 0.0036196 0.0156372 0.0078823 0.0138071 0.0142329 0.0089359 0.0082384 0.0085912 0.0087883 0.0089847 0.0083089 0.0087616 0.0090267 0.0089571 0.0049934 0.0042220 0.0041707 0.0040905 0.0043503 0.0043914 0.0027753 0.0037010 0.0043589 0.0044949 0.0087616 0.0039274 0.0057441 0.0043874 0.0085066 0.0088672 0.0166770 0.0087718 0.0085118 0.0090272 0.0293425 0.0074845 0.0132796 0.0085082 0.0106988 0.0082505 0.0083324 0.0139849 0.0083338 0.0093258 0.0082048 0.0085049 0.0088311 0.0085088 0.0085088 0.0085822 0.0086199 0.0088551 0.0080025 0.0083261 0.0085460 0.0083281 0.0084004 0.0083241 0.0186547 0.0087831 0.0043896 0.0085042 0.0061533 
BbonAUS_RYR2      0.0037048 0.0127651 0.0152267 0.0000000 0.0054734 0.0057105 0.0057128 0.0112943 0.0245612 0.0050354 0.0021755 0.0058092 0.0166013 0.0128303 0.0117746 0.0092011 0.0115239 0.0086070 0.0114829 0.0113059 0.0083770 0.0110586 0.0085753 0.0079298 0.0082775 0.0032604 0.0110336 0.0111652 0.0113063 0.0112994 0.0134649 0.0160938 0.0123029 0.0142106 0.0140339 0.0117056 0.0110560 0.0116953 0.0107881 0.0085394 0.0108992 0.0115363 0.0117434 0.0119399 0.0113751 0.0130303 0.0125949 0.0124706 0.0129205 0.0130345 0.0149278 0.0124135 0.0131173 0.0130563 0.0115364 0.0126363 0.0152807 0.0129272 0.0115419 0.0114260 0.0161069 0.0115534 0.0108753 0.0117811 0.0261534 0.0108298 0.0139723 0.0114418 0.0144988 0.0112273 0.0112167 0.0135239 0.0115851 0.0125458 0.0116291 0.0112842 0.0114727 0.0110849 0.0112086 0.0110653 0.0132236 0.0116491 0.0110604 0.0107243 0.0121403 0.0111663 0.0114492 0.0111613 0.0195552 0.0120585 0.0120528 0.0113014 0.0148696 
Bbor_RYR2         0.0024269 0.0124239 0.0112386 0.0054734 0.0000000 0.0006666 0.0006783 0.0064701 0.0251019 0.0016967 0.0051200 0.0008795 0.0141681 0.0095895 0.0086537 0.0069787 0.0083490 0.0089542 0.0083098 0.0087069 0.0084222 0.0080249 0.0057753 0.0053560 0.0050491 0.0069281 0.0078801 0.0083044 0.0084114 0.0082517 0.0097197 0.0125550 0.0092029 0.0105334 0.0112357 0.0087820 0.0080232 0.0084831 0.0070201 0.0090502 0.0079953 0.0084759 0.0087206 0.0087441 0.0113190 0.0093410 0.0093268 0.0086907 0.0092524 0.0090732 0.0104044 0.0086085 0.0092759 0.0093277 0.0086999 0.0090317 0.0112852 0.0093497 0.0080312 0.0079791 0.0137020 0.0085353 0.0081774 0.0087056 0.0224935 0.0077185 0.0100745 0.0085229 0.0105425 0.0077875 0.0083596 0.0125691 0.0081664 0.0089659 0.0081141 0.0082464 0.0084724 0.0080902 0.0081230 0.0082382 0.0096505 0.0085774 0.0080278 0.0077798 0.0090554 0.0081208 0.0083637 0.0080361 0.0151180 0.0087904 0.0081233 0.0082531 0.0117408 
Bede66737_RYR2    0.0028375 0.0120834 0.0109674 0.0057105 0.0006666 0.0000000 0.0000010 0.0072849 0.0254698 0.0021581 0.0056190 0.0002172 0.0135466 0.0089327 0.0079823 0.0062498 0.0076453 0.0082411 0.0077646 0.0081601 0.0077227 0.0074871 0.0053056 0.0047061 0.0043670 0.0062202 0.0073388 0.0077596 0.0078603 0.0077110 0.0096027 0.0121860 0.0083291 0.0108617 0.0104669 0.0081028 0.0074856 0.0079390 0.0065621 0.0082081 0.0072650 0.0079323 0.0080441 0.0082431 0.0110254 0.0092249 0.0092138 0.0085876 0.0092115 0.0091890 0.0100681 0.0083937 0.0092334 0.0093082 0.0081536 0.0089204 0.0112469 0.0093079 0.0079359 0.0078823 0.0130870 0.0078150 0.0075069 0.0081588 0.0219614 0.0074027 0.0099621 0.0077444 0.0098965 0.0074765 0.0076930 0.0121996 0.0079035 0.0086336 0.0079575 0.0077501 0.0077171 0.0073730 0.0075216 0.0075051 0.0090554 0.0080262 0.0073306 0.0071038 0.0082685 0.0075755 0.0078733 0.0074975 0.0147177 0.0082865 0.0085394 0.0077122 0.0110080 
BedeAUS_RYR2      0.0027021 0.0122738 0.0107917 0.0057128 0.0006783 0.0000010 0.0000000 0.0072905 0.0245115 0.0019836 0.0053191 0.0002241 0.0132916 0.0086466 0.0078947 0.0062412 0.0076555 0.0080423 0.0076185 0.0079641 0.0076786 0.0072701 0.0047904 0.0044160 0.0041495 0.0060468 0.0071750 0.0075680 0.0075959 0.0075010 0.0094747 0.0114202 0.0083308 0.0102827 0.0102646 0.0080694 0.0072685 0.0078009 0.0061781 0.0082125 0.0071781 0.0077293 0.0079097 0.0079342 0.0112788 0.0091306 0.0087633 0.0086341 0.0090881 0.0088129 0.0103331 0.0085300 0.0092301 0.0090686 0.0079575 0.0086928 0.0112105 0.0091095 0.0077329 0.0076721 0.0128176 0.0077403 0.0071333 0.0079628 0.0217203 0.0069291 0.0093561 0.0076980 0.0097648 0.0074230 0.0076122 0.0124702 0.0077978 0.0086844 0.0076730 0.0074747 0.0075738 0.0073304 0.0073178 0.0073126 0.0089344 0.0078436 0.0073735 0.0069688 0.0082926 0.0073774 0.0076075 0.0073415 0.0142438 0.0080427 0.0083084 0.0075022 0.0110434 
Bmus_RYR2         0.0084484 0.0193449 0.0167603 0.0112943 0.0064701 0.0072849 0.0072905 0.0000000 0.0347518 0.0066048 0.0109369 0.0081150 0.0203876 0.0139387 0.0131160 0.0120292 0.0128282 0.0136349 0.0125917 0.0128766 0.0129590 0.0120350 0.0104063 0.0102432 0.0097803 0.0121934 0.0121755 0.0125795 0.0126388 0.0128723 0.0140594 0.0213134 0.0144716 0.0175935 0.0166416 0.0132554 0.0150559 0.0127855 0.0120491 0.0131286 0.0123300 0.0156440 0.0132169 0.0132750 0.0157547 0.0133059 0.0136456 0.0151261 0.0138679 0.0136621 0.0152572 0.0134918 0.0137878 0.0144848 0.0126927 0.0134857 0.0160209 0.0140108 0.0149441 0.0121365 0.0199523 0.0127901 0.0125787 0.0158881 0.0322167 0.0125554 0.0175765 0.0128828 0.0164185 0.0121414 0.0128401 0.0185850 0.0128294 0.0175218 0.0122881 0.0126005 0.0124571 0.0123568 0.0126029 0.0125797 0.0139996 0.0128719 0.0119785 0.0123194 0.0132566 0.0124203 0.0127627 0.0122928 0.0216803 0.0132870 0.0127975 0.0135286 0.0166465 
Bmys_RYR2         0.0224506 0.0338012 0.0295478 0.0245612 0.0251019 0.0254698 0.0245115 0.0347518 0.0000000 0.0221090 0.0219678 0.0249678 0.0248961 0.0251002 0.0225166 0.0228556 0.0240810 0.0238444 0.0237338 0.0242557 0.0240810 0.0236335 0.0203532 0.0200025 0.0205196 0.0223574 0.0230578 0.0230578 0.0225242 0.0235884 0.0271525 0.0282267 0.0287859 0.0277161 0.0277691 0.0231682 0.0229469 0.0230578 0.0236726 0.0244066 0.0229665 0.0229469 0.0225166 0.0232755 0.0315229 0.0275489 0.0271541 0.0269267 0.0272109 0.0264811 0.0383946 0.0265766 0.0267596 0.0284617 0.0236335 0.0261920 0.0296109 0.0279787 0.0242573 0.0236345 0.0255513 0.0231948 0.0225166 0.0236196 0.0542688 0.0250919 0.0242645 0.0235003 0.0320962 0.0242995 0.0230578 0.0188071 0.0238269 0.0255984 0.0252906 0.0225166 0.0234287 0.0232869 0.0231736 0.0225166 0.0307499 0.0237606 0.0240858 0.0230578 0.0247655 0.0230864 0.0230578 0.0230927 0.0297589 0.0256986 0.0258047 0.0236003 0.0291823 
Bphy_RYR2         0.0018693 0.0117073 0.0107544 0.0050354 0.0016967 0.0021581 0.0019836 0.0066048 0.0221090 0.0000000 0.0039556 0.0023319 0.0133010 0.0086447 0.0076361 0.0057011 0.0073826 0.0078935 0.0072364 0.0075408 0.0074646 0.0068228 0.0043229 0.0037888 0.0034756 0.0052748 0.0067719 0.0069895 0.0072170 0.0070617 0.0089334 0.0120715 0.0077012 0.0099316 0.0098445 0.0077040 0.0068213 0.0074294 0.0073650 0.0077973 0.0068125 0.0072981 0.0077000 0.0077396 0.0105437 0.0083898 0.0085529 0.0077579 0.0085962 0.0084833 0.0093200 0.0080106 0.0086955 0.0087728 0.0072981 0.0081766 0.0104630 0.0087563 0.0070653 0.0072295 0.0130491 0.0074624 0.0070725 0.0075396 0.0221534 0.0063966 0.0097032 0.0074198 0.0082036 0.0068841 0.0071455 0.0116734 0.0074509 0.0078097 0.0073447 0.0070884 0.0072970 0.0069866 0.0071387 0.0071218 0.0081574 0.0075181 0.0069003 0.0067462 0.0078766 0.0070282 0.0073467 0.0069495 0.0150310 0.0077841 0.0073271 0.0070629 0.0102786 
Bphy_baits_RYR2   0.0055316 0.0113853 0.0137088 0.0021755 0.0051200 0.0056190 0.0053191 0.0109369 0.0219678 0.0039556 0.0000000 0.0057596 0.0156065 0.0117502 0.0108843 0.0092287 0.0106270 0.0075961 0.0108392 0.0111581 0.0075756 0.0104132 0.0076000 0.0071169 0.0068124 0.0023952 0.0103746 0.0107624 0.0107443 0.0106608 0.0126241 0.0148553 0.0112819 0.0146411 0.0141327 0.0110482 0.0104107 0.0110595 0.0106328 0.0073780 0.0103209 0.0109047 0.0107537 0.0110158 0.0100942 0.0121420 0.0117385 0.0116193 0.0119132 0.0121774 0.0136389 0.0114676 0.0120350 0.0116777 0.0111483 0.0117738 0.0140819 0.0118350 0.0109101 0.0107825 0.0156012 0.0109213 0.0100454 0.0111563 0.0271972 0.0096105 0.0134098 0.0105498 0.0132045 0.0105867 0.0105630 0.0121444 0.0106487 0.0119409 0.0105708 0.0103581 0.0108114 0.0104496 0.0102225 0.0104197 0.0123430 0.0110145 0.0102910 0.0098104 0.0113104 0.0105176 0.0105560 0.0105222 0.0186564 0.0108058 0.0111680 0.0104176 0.0138156 
Bric_RYR2         0.0038730 0.0125918 0.0113817 0.0058092 0.0008795 0.0002172 0.0002241 0.0081150 0.0249678 0.0023319 0.0057596 0.0000000 0.0166079 0.0090335 0.0080521 0.0064105 0.0077913 0.0082758 0.0078695 0.0097846 0.0078694 0.0089512 0.0054701 0.0048269 0.0044928 0.0063565 0.0074478 0.0078620 0.0078987 0.0097813 0.0097184 0.0141104 0.0085722 0.0126852 0.0105566 0.0081365 0.0097706 0.0080713 0.0066655 0.0083408 0.0073176 0.0105965 0.0081133 0.0083770 0.0114209 0.0093118 0.0092986 0.0124391 0.0094484 0.0093097 0.0102679 0.0086598 0.0094647 0.0096280 0.0095962 0.0090465 0.0114857 0.0095450 0.0102049 0.0078628 0.0161789 0.0078541 0.0075540 0.0108277 0.0261323 0.0074956 0.0118475 0.0078242 0.0101577 0.0075633 0.0077985 0.0121996 0.0079870 0.0128325 0.0080341 0.0077915 0.0077605 0.0074223 0.0075684 0.0075547 0.0092359 0.0081252 0.0074465 0.0072198 0.0084210 0.0076812 0.0079754 0.0076032 0.0176712 0.0083846 0.0088918 0.0085184 0.0113036 
Btau_RYR2         0.0147780 0.0168786 0.0164142 0.0166013 0.0141681 0.0135466 0.0132916 0.0203876 0.0248961 0.0133010 0.0156065 0.0166079 0.0000000 0.0149755 0.0140254 0.0146655 0.0141950 0.0145995 0.0141560 0.0145529 0.0143391 0.0134932 0.0137544 0.0132866 0.0132122 0.0161587 0.0137427 0.0141423 0.0142092 0.0149645 0.0144893 0.0174466 0.0127516 0.0196746 0.0168404 0.0146410 0.0171745 0.0138978 0.0139960 0.0143910 0.0136901 0.0171313 0.0134301 0.0146620 0.0169028 0.0149158 0.0152209 0.0167904 0.0154679 0.0152382 0.0135331 0.0149127 0.0153541 0.0154665 0.0141575 0.0150952 0.0174202 0.0153917 0.0179127 0.0143644 0.0035908 0.0141292 0.0139416 0.0180103 0.0181118 0.0137505 0.0194618 0.0140229 0.0183395 0.0144116 0.0142080 0.0200258 0.0142594 0.0205159 0.0147879 0.0139626 0.0140896 0.0136954 0.0139685 0.0137127 0.0124692 0.0139854 0.0141379 0.0139363 0.0142820 0.0139909 0.0143496 0.0138469 0.0159238 0.0139719 0.0157608 0.0156296 0.0163628 
Ccom40_RYR2       0.0093161 0.0092366 0.0092653 0.0128303 0.0095895 0.0089327 0.0086466 0.0139387 0.0251002 0.0086447 0.0117502 0.0090335 0.0149755 0.0000000 0.0007449 0.0096101 0.0014945 0.0015292 0.0014953 0.0017331 0.0014999 0.0029784 0.0080774 0.0079225 0.0080939 0.0116703 0.0009891 0.0012366 0.0012367 0.0012365 0.0075841 0.0123978 0.0045309 0.0121293 0.0120993 0.0020006 0.0014847 0.0002481 0.0005198 0.0015763 0.0010035 0.0009892 0.0012425 0.0012486 0.0090574 0.0076068 0.0075077 0.0072464 0.0070952 0.0076313 0.0065620 0.0070192 0.0078333 0.0073698 0.0034772 0.0069183 0.0093956 0.0076108 0.0039768 0.0040494 0.0147090 0.0017334 0.0009891 0.0022309 0.0254394 0.0043670 0.0105900 0.0012520 0.0049661 0.0037829 0.0012374 0.0141255 0.0038584 0.0049974 0.0039199 0.0012450 0.0012456 0.0012395 0.0012371 0.0007418 0.0025162 0.0017332 0.0010276 0.0012368 0.0015798 0.0012371 0.0014845 0.0012377 0.0160282 0.0012495 0.0078415 0.0012367 0.0082691 
Chea7320_RYR2     0.0083013 0.0091159 0.0088802 0.0117746 0.0086537 0.0079823 0.0078947 0.0131160 0.0225166 0.0076361 0.0108843 0.0080521 0.0140254 0.0007449 0.0000000 0.0094627 0.0011238 0.0011707 0.0011204 0.0013258 0.0011445 0.0024353 0.0079130 0.0077592 0.0075784 0.0107454 0.0006732 0.0011185 0.0008981 0.0008821 0.0070507 0.0119570 0.0040443 0.0114968 0.0117731 0.0016000 0.0011043 0.0004446 0.0004793 0.0012298 0.0006771 0.0006615 0.0008992 0.0009176 0.0084691 0.0070580 0.0071032 0.0066846 0.0066989 0.0068601 0.0068163 0.0067524 0.0072330 0.0070538 0.0031017 0.0067655 0.0092431 0.0071776 0.0033251 0.0033942 0.0135566 0.0013335 0.0008975 0.0017697 0.0239055 0.0040871 0.0098984 0.0011280 0.0044128 0.0031827 0.0011250 0.0129837 0.0033092 0.0042317 0.0034170 0.0009052 0.0009298 0.0008879 0.0008992 0.0004521 0.0020457 0.0013501 0.0007060 0.0009049 0.0012421 0.0008989 0.0011267 0.0008901 0.0156660 0.0009224 0.0068334 0.0008822 0.0084902 
Cmar59905_RYR2    0.0059516 0.0124313 0.0120858 0.0092011 0.0069787 0.0062498 0.0062412 0.0120292 0.0228556 0.0057011 0.0092287 0.0064105 0.0146655 0.0096101 0.0094627 0.0000000 0.0091627 0.0096188 0.0092162 0.0095547 0.0091915 0.0088238 0.0064963 0.0060220 0.0062555 0.0095027 0.0087544 0.0089101 0.0091381 0.0090668 0.0112148 0.0137019 0.0086925 0.0132315 0.0132558 0.0095660 0.0085882 0.0094368 0.0083810 0.0091993 0.0087098 0.0093067 0.0088623 0.0095748 0.0130053 0.0106329 0.0106052 0.0102555 0.0107146 0.0105231 0.0097463 0.0101409 0.0108476 0.0102859 0.0093068 0.0103608 0.0126893 0.0107219 0.0093113 0.0092324 0.0149094 0.0088403 0.0085921 0.0093196 0.0240988 0.0081431 0.0125015 0.0089553 0.0107064 0.0089862 0.0089803 0.0165022 0.0090896 0.0100734 0.0091428 0.0086521 0.0088596 0.0088517 0.0088358 0.0088931 0.0090823 0.0091632 0.0090225 0.0089739 0.0094410 0.0086750 0.0089155 0.0086788 0.0161916 0.0096126 0.0102282 0.0090684 0.0126235 
Dcap108471_RYR2   0.0080386 0.0084482 0.0085919 0.0115239 0.0083490 0.0076453 0.0076555 0.0128282 0.0240810 0.0073826 0.0106270 0.0077913 0.0141950 0.0014945 0.0011238 0.0091627 0.0000000 0.0000010 0.0000010 0.0002193 0.0000010 0.0022034 0.0080669 0.0079888 0.0077967 0.0104136 0.0004430 0.0008834 0.0006675 0.0006584 0.0067592 0.0116725 0.0036889 0.0112176 0.0114692 0.0013588 0.0008783 0.0011037 0.0004808 0.0009776 0.0004469 0.0008789 0.0011276 0.0011365 0.0081167 0.0066993 0.0067529 0.0062068 0.0064025 0.0067927 0.0061353 0.0064425 0.0067165 0.0067891 0.0028665 0.0064407 0.0087173 0.0069341 0.0030887 0.0031391 0.0137269 0.0011063 0.0006670 0.0015412 0.0241468 0.0037896 0.0096274 0.0008966 0.0040750 0.0029116 0.0008846 0.0133612 0.0030517 0.0037666 0.0031808 0.0006721 0.0006907 0.0006599 0.0006683 0.0006719 0.0017307 0.0011059 0.0004618 0.0006724 0.0009776 0.0006625 0.0008860 0.0006589 0.0151330 0.0011378 0.0069936 0.0006585 0.0078026 
Dcap79929_RYR2    0.0085399 0.0086558 0.0088161 0.0086070 0.0089542 0.0082411 0.0080423 0.0136349 0.0238444 0.0078935 0.0075961 0.0082758 0.0145995 0.0015292 0.0011707 0.0096188 0.0000010 0.0000000 0.0000010 0.0002329 0.0000010 0.0023390 0.0086473 0.0083225 0.0081171 0.0074546 0.0004700 0.0009403 0.0004693 0.0006990 0.0067211 0.0124045 0.0038661 0.0116698 0.0116422 0.0014361 0.0009325 0.0011810 0.0005051 0.0010061 0.0004693 0.0009321 0.0011811 0.0012002 0.0081759 0.0066983 0.0064715 0.0063544 0.0064444 0.0067176 0.0061233 0.0064863 0.0068974 0.0069765 0.0030431 0.0063805 0.0088290 0.0069384 0.0032791 0.0033128 0.0141028 0.0011674 0.0007042 0.0016360 0.0252576 0.0039544 0.0099810 0.0009372 0.0042866 0.0030705 0.0009408 0.0132985 0.0031585 0.0042371 0.0032775 0.0007103 0.0007189 0.0007006 0.0007057 0.0007047 0.0018296 0.0011764 0.0004866 0.0007052 0.0010223 0.0007054 0.0009482 0.0007057 0.0160925 0.0012138 0.0069308 0.0006991 0.0082385 
DdelSJR_RYR2      0.0078914 0.0084482 0.0085919 0.0114829 0.0083098 0.0077646 0.0076185 0.0125917 0.0237338 0.0072364 0.0108392 0.0078695 0.0141560 0.0014953 0.0011204 0.0092162 0.0000010 0.0000010 0.0000000 0.0002154 0.0000010 0.0021636 0.0079775 0.0079927 0.0077576 0.0101456 0.0004350 0.0008674 0.0006589 0.0006466 0.0066344 0.0121294 0.0037143 0.0114634 0.0114750 0.0013595 0.0008625 0.0010838 0.0004777 0.0009834 0.0004414 0.0008622 0.0011281 0.0011236 0.0081167 0.0066069 0.0066621 0.0060940 0.0063302 0.0068531 0.0061353 0.0063583 0.0066761 0.0067049 0.0028147 0.0063522 0.0085976 0.0068549 0.0030328 0.0030970 0.0136975 0.0010932 0.0006674 0.0015134 0.0241597 0.0037861 0.0099003 0.0008900 0.0040953 0.0028899 0.0008850 0.0133612 0.0030517 0.0039174 0.0031638 0.0006645 0.0006858 0.0006557 0.0006687 0.0006673 0.0017089 0.0010904 0.0004595 0.0006728 0.0009776 0.0006538 0.0008807 0.0006471 0.0150837 0.0011259 0.0068787 0.0006466 0.0078068 
Ddel_RYR2         0.0089174 0.0089980 0.0090288 0.0113059 0.0087069 0.0081601 0.0079641 0.0128766 0.0242557 0.0075408 0.0111581 0.0097846 0.0145529 0.0017331 0.0013258 0.0095547 0.0002193 0.0002329 0.0002154 0.0000000 0.0002214 0.0024071 0.0083713 0.0083389 0.0081474 0.0107729 0.0006486 0.0010788 0.0010828 0.0011987 0.0070368 0.0151553 0.0036843 0.0112469 0.0110611 0.0015633 0.0026179 0.0012931 0.0007058 0.0012100 0.0006567 0.0038319 0.0013358 0.0013415 0.0083136 0.0070216 0.0070661 0.0070606 0.0067282 0.0070745 0.0063846 0.0067724 0.0072447 0.0071384 0.0030142 0.0067666 0.0091638 0.0072529 0.0059239 0.0032481 0.0141264 0.0012936 0.0008771 0.0044445 0.0274478 0.0039629 0.0106179 0.0011034 0.0043901 0.0030880 0.0011007 0.0137232 0.0032594 0.0069408 0.0033781 0.0008787 0.0009011 0.0008620 0.0008788 0.0008773 0.0014230 0.0013017 0.0006892 0.0008914 0.0012219 0.0008665 0.0010942 0.0008576 0.0166499 0.0013427 0.0071009 0.0018043 0.0081907 
Ddeltrop4525_RYR2 0.0081194 0.0084482 0.0086288 0.0083770 0.0084222 0.0077227 0.0076786 0.0129590 0.0240810 0.0074646 0.0075756 0.0078694 0.0143391 0.0014999 0.0011445 0.0091915 0.0000010 0.0000010 0.0000010 0.0002214 0.0000000 0.0022253 0.0082075 0.0080133 0.0079422 0.0073887 0.0004473 0.0008880 0.0008999 0.0006647 0.0070173 0.0117903 0.0037025 0.0117963 0.0116107 0.0013744 0.0008880 0.0011147 0.0004849 0.0009860 0.0004489 0.0008876 0.0011416 0.0011507 0.0081752 0.0070052 0.0070107 0.0064951 0.0064831 0.0070559 0.0061683 0.0064188 0.0070640 0.0068173 0.0028950 0.0067027 0.0089166 0.0070224 0.0031194 0.0031708 0.0138670 0.0011110 0.0006753 0.0015565 0.0246700 0.0035956 0.0101874 0.0009071 0.0040960 0.0029433 0.0009008 0.0134856 0.0030895 0.0038042 0.0031937 0.0006840 0.0006935 0.0006664 0.0006709 0.0006745 0.0017389 0.0011106 0.0004675 0.0006798 0.0009905 0.0006650 0.0009012 0.0006652 0.0155249 0.0011521 0.0070805 0.0006648 0.0080935 
Dleu_RYR2         0.0080598 0.0086762 0.0082404 0.0110586 0.0080249 0.0074871 0.0072701 0.0120350 0.0236335 0.0068228 0.0104132 0.0089512 0.0134932 0.0029784 0.0024353 0.0088238 0.0022034 0.0023390 0.0021636 0.0024071 0.0022253 0.0000000 0.0076988 0.0076319 0.0074569 0.0100695 0.0017344 0.0021616 0.0021715 0.0022053 0.0063675 0.0151085 0.0033987 0.0123133 0.0108142 0.0026850 0.0044528 0.0023751 0.0018870 0.0024266 0.0017559 0.0050499 0.0022317 0.0024641 0.0077472 0.0063322 0.0063939 0.0072792 0.0060461 0.0064015 0.0063906 0.0060621 0.0065762 0.0063892 0.0006000 0.0060806 0.0084633 0.0065627 0.0046883 0.0021617 0.0130690 0.0023759 0.0019792 0.0052644 0.0260417 0.0032583 0.0116885 0.0022127 0.0034466 0.0019817 0.0022055 0.0133561 0.0020915 0.0071659 0.0021668 0.0019826 0.0020328 0.0019451 0.0019830 0.0019794 0.0025667 0.0023908 0.0018424 0.0020110 0.0024487 0.0019549 0.0021924 0.0019352 0.0151647 0.0024663 0.0064254 0.0030174 0.0081895 
EausAUS_RYR2      0.0054858 0.0121051 0.0109892 0.0085753 0.0057753 0.0053056 0.0047904 0.0104063 0.0203532 0.0043229 0.0076000 0.0054701 0.0137544 0.0080774 0.0079130 0.0064963 0.0080669 0.0086473 0.0079775 0.0083713 0.0082075 0.0076988 0.0000000 0.0009239 0.0011298 0.0075781 0.0075527 0.0079724 0.0080758 0.0079225 0.0098150 0.0130724 0.0089296 0.0108548 0.0109262 0.0082515 0.0076971 0.0077084 0.0074781 0.0087261 0.0077121 0.0077019 0.0079738 0.0077106 0.0104606 0.0092103 0.0091977 0.0087980 0.0088900 0.0087181 0.0100801 0.0086166 0.0093772 0.0085063 0.0083646 0.0084401 0.0109895 0.0092193 0.0081473 0.0080983 0.0132949 0.0082542 0.0078946 0.0083700 0.0236746 0.0073677 0.0099614 0.0082337 0.0095912 0.0079621 0.0080770 0.0129869 0.0083515 0.0090703 0.0083768 0.0079084 0.0077017 0.0078110 0.0079098 0.0072651 0.0084207 0.0082399 0.0079719 0.0079577 0.0087326 0.0077896 0.0073492 0.0077094 0.0151462 0.0077523 0.0086888 0.0079237 0.0109573 
Egla13086_RYR2    0.0050735 0.0119694 0.0109808 0.0079298 0.0053560 0.0047061 0.0044160 0.0102432 0.0200025 0.0037888 0.0071169 0.0048269 0.0132866 0.0079225 0.0077592 0.0060220 0.0079888 0.0083225 0.0079927 0.0083389 0.0080133 0.0076319 0.0009239 0.0000000 0.0002310 0.0073085 0.0075420 0.0077052 0.0078718 0.0078671 0.0099237 0.0123349 0.0083531 0.0104824 0.0104711 0.0079357 0.0076302 0.0077386 0.0074969 0.0081972 0.0075004 0.0076352 0.0077390 0.0076779 0.0108447 0.0094192 0.0089424 0.0090204 0.0088873 0.0087619 0.0096916 0.0084432 0.0095617 0.0085749 0.0080996 0.0088919 0.0116491 0.0091991 0.0081034 0.0080063 0.0128045 0.0081114 0.0076420 0.0083376 0.0238163 0.0070255 0.0097770 0.0079646 0.0091623 0.0077371 0.0077086 0.0131610 0.0080016 0.0090740 0.0079124 0.0077540 0.0077327 0.0076396 0.0076396 0.0069929 0.0080515 0.0081774 0.0077116 0.0077033 0.0083159 0.0077050 0.0077630 0.0077016 0.0154651 0.0079335 0.0089688 0.0078684 0.0107205 
Ejap43864_RYR2    0.0051845 0.0122848 0.0112407 0.0082775 0.0050491 0.0043670 0.0041495 0.0097803 0.0205196 0.0034756 0.0068124 0.0044928 0.0132122 0.0080939 0.0075784 0.0062555 0.0077967 0.0081171 0.0077576 0.0081474 0.0079422 0.0074569 0.0011298 0.0002310 0.0000000 0.0071279 0.0073659 0.0078004 0.0075140 0.0076866 0.0095129 0.0115963 0.0086571 0.0106978 0.0107493 0.0080900 0.0074553 0.0075588 0.0073799 0.0084132 0.0073271 0.0074601 0.0076037 0.0077337 0.0108666 0.0090254 0.0087172 0.0085844 0.0087436 0.0085525 0.0100081 0.0085749 0.0091279 0.0086997 0.0081408 0.0086815 0.0112978 0.0091602 0.0079174 0.0078204 0.0127412 0.0079711 0.0073276 0.0081462 0.0229800 0.0074338 0.0097800 0.0077311 0.0093346 0.0075263 0.0077591 0.0131402 0.0078828 0.0088646 0.0078682 0.0075769 0.0077713 0.0074793 0.0075755 0.0070484 0.0079107 0.0080349 0.0075878 0.0075692 0.0084385 0.0075708 0.0077544 0.0075298 0.0148631 0.0078077 0.0087552 0.0076879 0.0104380 
Erob133443_RYR2   0.0066046 0.0111023 0.0135851 0.0032604 0.0069281 0.0062202 0.0060468 0.0121934 0.0223574 0.0052748 0.0023952 0.0063565 0.0161587 0.0116703 0.0107454 0.0095027 0.0104136 0.0074546 0.0101456 0.0107729 0.0073887 0.0100695 0.0075781 0.0073085 0.0071279 0.0000000 0.0099418 0.0103090 0.0103795 0.0103034 0.0122838 0.0149633 0.0115770 0.0140608 0.0139971 0.0109950 0.0100673 0.0105852 0.0107729 0.0079251 0.0097439 0.0105337 0.0107177 0.0108095 0.0101997 0.0119348 0.0114577 0.0112128 0.0114837 0.0116298 0.0129063 0.0111132 0.0118370 0.0114084 0.0107639 0.0114844 0.0138032 0.0114124 0.0105387 0.0104851 0.0156777 0.0105489 0.0099540 0.0107712 0.0271021 0.0101868 0.0128981 0.0101962 0.0129767 0.0099950 0.0103549 0.0113614 0.0104562 0.0115107 0.0102667 0.0101037 0.0104361 0.0101027 0.0102080 0.0100754 0.0121667 0.0105448 0.0098077 0.0096502 0.0110226 0.0100798 0.0103485 0.0100839 0.0180847 0.0109131 0.0111550 0.0103051 0.0137668 
Fatt_RYR2         0.0074687 0.0081203 0.0080655 0.0110336 0.0078801 0.0073388 0.0071750 0.0121755 0.0230578 0.0067719 0.0103746 0.0074478 0.0137427 0.0009891 0.0006732 0.0087544 0.0004430 0.0004700 0.0004350 0.0006486 0.0004473 0.0017344 0.0075527 0.0075420 0.0073659 0.0099418 0.0000000 0.0004345 0.0002200 0.0002160 0.0062079 0.0119287 0.0031160 0.0108140 0.0107744 0.0009075 0.0004322 0.0006511 0.0002395 0.0004922 0.0000010 0.0004320 0.0006786 0.0006696 0.0073539 0.0061674 0.0062339 0.0056711 0.0057000 0.0062413 0.0055615 0.0057018 0.0062470 0.0062041 0.0023866 0.0059139 0.0081546 0.0062225 0.0026049 0.0026607 0.0132837 0.0006565 0.0002229 0.0010832 0.0237445 0.0033215 0.0092505 0.0004486 0.0034438 0.0024664 0.0004434 0.0124244 0.0026057 0.0034894 0.0027015 0.0002233 0.0002270 0.0002190 0.0002233 0.0002230 0.0014404 0.0006556 0.0000010 0.0002247 0.0004933 0.0002184 0.0004408 0.0002161 0.0146709 0.0006764 0.0062649 0.0002160 0.0074858 
Ggri_RYR2         0.0078839 0.0081203 0.0083284 0.0111652 0.0083044 0.0077596 0.0075680 0.0125795 0.0230578 0.0069895 0.0107624 0.0078620 0.0141423 0.0012366 0.0011185 0.0089101 0.0008834 0.0009403 0.0008674 0.0010788 0.0008880 0.0021616 0.0079724 0.0077052 0.0078004 0.0103090 0.0004345 0.0000000 0.0004387 0.0006460 0.0063729 0.0123326 0.0031160 0.0110098 0.0109190 0.0011250 0.0008617 0.0010831 0.0007162 0.0007320 0.0004412 0.0008614 0.0011208 0.0011173 0.0076043 0.0061455 0.0063987 0.0058706 0.0056478 0.0064070 0.0058125 0.0058827 0.0064492 0.0059543 0.0023789 0.0060852 0.0083100 0.0063931 0.0030300 0.0030950 0.0136842 0.0010858 0.0004418 0.0015119 0.0241426 0.0035249 0.0098908 0.0008945 0.0034438 0.0029058 0.0004419 0.0131082 0.0028160 0.0039137 0.0029194 0.0004452 0.0006810 0.0006549 0.0006640 0.0006630 0.0014235 0.0010842 0.0004592 0.0006682 0.0007326 0.0006496 0.0008788 0.0006465 0.0150689 0.0011184 0.0064309 0.0006461 0.0074868 
Gmac39091_RYR2    0.0079207 0.0083507 0.0085084 0.0113063 0.0084114 0.0078603 0.0075959 0.0126388 0.0225242 0.0072170 0.0107443 0.0078987 0.0142092 0.0012367 0.0008981 0.0091381 0.0006675 0.0004693 0.0006589 0.0010828 0.0008999 0.0021715 0.0080758 0.0078718 0.0075140 0.0103795 0.0002200 0.0004387 0.0000000 0.0006491 0.0067219 0.0123906 0.0036840 0.0112838 0.0111392 0.0013483 0.0008659 0.0010960 0.0007160 0.0009674 0.0002217 0.0008655 0.0011267 0.0011379 0.0080994 0.0066166 0.0064888 0.0063415 0.0062783 0.0067541 0.0064206 0.0063460 0.0068988 0.0066446 0.0026074 0.0064044 0.0088301 0.0068438 0.0030440 0.0030938 0.0137489 0.0008765 0.0004411 0.0015189 0.0242654 0.0037294 0.0099372 0.0004438 0.0034724 0.0026623 0.0004423 0.0126234 0.0028115 0.0039319 0.0028934 0.0004421 0.0006847 0.0004363 0.0004449 0.0006620 0.0017237 0.0010978 0.0002311 0.0006727 0.0007325 0.0006582 0.0008858 0.0006548 0.0153680 0.0011389 0.0067798 0.0006492 0.0076797 
Gmel_RYR2         0.0087052 0.0086703 0.0085026 0.0112994 0.0082517 0.0077110 0.0075010 0.0128723 0.0235884 0.0070617 0.0106608 0.0097813 0.0149645 0.0012365 0.0008821 0.0090668 0.0006584 0.0006990 0.0006466 0.0011987 0.0006647 0.0022053 0.0079225 0.0078671 0.0076866 0.0103034 0.0002160 0.0006460 0.0006491 0.0000000 0.0065902 0.0151405 0.0033975 0.0116574 0.0110548 0.0011154 0.0026171 0.0008603 0.0002351 0.0007252 0.0002187 0.0038307 0.0008889 0.0008926 0.0080286 0.0065616 0.0066176 0.0070584 0.0062730 0.0066254 0.0063831 0.0062984 0.0067986 0.0066384 0.0028118 0.0063088 0.0086963 0.0067923 0.0059220 0.0028122 0.0145375 0.0008605 0.0004381 0.0044431 0.0276753 0.0034928 0.0106144 0.0006614 0.0037574 0.0026441 0.0006590 0.0129788 0.0027907 0.0069385 0.0028922 0.0004389 0.0004501 0.0004306 0.0004390 0.0004382 0.0017078 0.0008661 0.0002295 0.0004453 0.0007323 0.0004328 0.0006551 0.0004284 0.0166442 0.0008934 0.0066502 0.0018038 0.0079276 
Hamp_RYR2         0.0097451 0.0035523 0.0036196 0.0134649 0.0097197 0.0096027 0.0094747 0.0140594 0.0271525 0.0089334 0.0126241 0.0097184 0.0144893 0.0075841 0.0070507 0.0112148 0.0067592 0.0067211 0.0066344 0.0070368 0.0070173 0.0063675 0.0098150 0.0099237 0.0095129 0.0122838 0.0062079 0.0063729 0.0067219 0.0065902 0.0000000 0.0142551 0.0062995 0.0126919 0.0129167 0.0071159 0.0063662 0.0068161 0.0072894 0.0077364 0.0063015 0.0068108 0.0072925 0.0070349 0.0019654 0.0015870 0.0017676 0.0015252 0.0018025 0.0019747 0.0019270 0.0014071 0.0017728 0.0019805 0.0070312 0.0013415 0.0032066 0.0018210 0.0068133 0.0069611 0.0149435 0.0070865 0.0067674 0.0070358 0.0257682 0.0069111 0.0120176 0.0068470 0.0079919 0.0065829 0.0069960 0.0138311 0.0066752 0.0077284 0.0063969 0.0065889 0.0067217 0.0066855 0.0067805 0.0067658 0.0066859 0.0070742 0.0065632 0.0068216 0.0069781 0.0066279 0.0069537 0.0065970 0.0161170 0.0070719 0.0022142 0.0065912 0.0041282 
Hippo_RYR2        0.0143734 0.0156004 0.0156372 0.0160938 0.0125550 0.0121860 0.0114202 0.0213134 0.0282267 0.0120715 0.0148553 0.0141104 0.0174466 0.0123978 0.0119570 0.0137019 0.0116725 0.0124045 0.0121294 0.0151553 0.0117903 0.0151085 0.0130724 0.0123349 0.0115963 0.0149633 0.0119287 0.0123326 0.0123906 0.0151405 0.0142551 0.0000000 0.0117984 0.0195077 0.0160920 0.0120720 0.0148418 0.0123269 0.0120332 0.0121192 0.0113984 0.0152638 0.0120487 0.0125678 0.0163090 0.0137394 0.0136174 0.0180959 0.0140676 0.0138592 0.0125830 0.0129794 0.0139833 0.0141971 0.0157867 0.0136886 0.0162206 0.0139811 0.0165887 0.0130018 0.0170112 0.0116588 0.0116446 0.0157266 0.0275787 0.0118119 0.0187591 0.0119420 0.0160536 0.0123385 0.0119026 0.0180812 0.0127961 0.0192707 0.0130203 0.0118976 0.0110360 0.0114399 0.0116669 0.0112037 0.0119050 0.0121780 0.0117304 0.0118346 0.0122370 0.0117278 0.0118378 0.0116077 0.0191820 0.0123440 0.0139115 0.0140672 0.0155551 
Igeo_RYR2         0.0083104 0.0080380 0.0078823 0.0123029 0.0092029 0.0083291 0.0083308 0.0144716 0.0287859 0.0077012 0.0112819 0.0085722 0.0127516 0.0045309 0.0040443 0.0086925 0.0036889 0.0038661 0.0037143 0.0036843 0.0037025 0.0033987 0.0089296 0.0083531 0.0086571 0.0115770 0.0031160 0.0031160 0.0036840 0.0033975 0.0062995 0.0117984 0.0000000 0.0118136 0.0114577 0.0039745 0.0031140 0.0039891 0.0035857 0.0035604 0.0031393 0.0033976 0.0037009 0.0039923 0.0069167 0.0061125 0.0059741 0.0053966 0.0060188 0.0060485 0.0061552 0.0051692 0.0062609 0.0058816 0.0039683 0.0060655 0.0085052 0.0060155 0.0048250 0.0049242 0.0130375 0.0034016 0.0031160 0.0036838 0.0194101 0.0034843 0.0109357 0.0034266 0.0055251 0.0045771 0.0034022 0.0141186 0.0046175 0.0054190 0.0046668 0.0031393 0.0031847 0.0031160 0.0031172 0.0033985 0.0034386 0.0036862 0.0031846 0.0033994 0.0035519 0.0031165 0.0033996 0.0031149 0.0130090 0.0037591 0.0060485 0.0033982 0.0071067 
Kbre_RYR2         0.0129568 0.0149749 0.0138071 0.0142106 0.0105334 0.0108617 0.0102827 0.0175935 0.0277161 0.0099316 0.0146411 0.0126852 0.0196746 0.0121293 0.0114968 0.0132315 0.0112176 0.0116698 0.0114634 0.0112469 0.0117963 0.0123133 0.0108548 0.0104824 0.0106978 0.0140608 0.0108140 0.0110098 0.0112838 0.0116574 0.0126919 0.0195077 0.0118136 0.0000000 0.0006905 0.0116209 0.0110138 0.0116592 0.0110544 0.0118775 0.0111855 0.0131401 0.0115849 0.0113958 0.0154800 0.0126061 0.0127335 0.0126607 0.0122454 0.0127487 0.0129709 0.0127671 0.0122007 0.0124382 0.0110635 0.0125538 0.0150711 0.0126017 0.0129349 0.0114527 0.0194515 0.0116635 0.0107468 0.0118774 0.0306754 0.0111079 0.0048315 0.0117279 0.0137467 0.0114448 0.0107768 0.0056745 0.0113670 0.0123171 0.0115386 0.0107655 0.0115044 0.0112303 0.0109929 0.0114324 0.0107202 0.0117378 0.0112650 0.0111508 0.0122447 0.0112878 0.0111605 0.0111722 0.0218064 0.0116462 0.0123351 0.0112372 0.0139741 
Ksim_RYR2         0.0113008 0.0154629 0.0142329 0.0140339 0.0112357 0.0104669 0.0102646 0.0166416 0.0277691 0.0098445 0.0141327 0.0105566 0.0168404 0.0120993 0.0117731 0.0132558 0.0114692 0.0116422 0.0114750 0.0110611 0.0116107 0.0108142 0.0109262 0.0104711 0.0107493 0.0139971 0.0107744 0.0109190 0.0111392 0.0110548 0.0129167 0.0160920 0.0114577 0.0006905 0.0000000 0.0117351 0.0108117 0.0116390 0.0111719 0.0118483 0.0109704 0.0112915 0.0117419 0.0115471 0.0158763 0.0128706 0.0125936 0.0124692 0.0127168 0.0127367 0.0136479 0.0128582 0.0127899 0.0129488 0.0110554 0.0127666 0.0152974 0.0129744 0.0117701 0.0118962 0.0165892 0.0115455 0.0106617 0.0115361 0.0280558 0.0110408 0.0051094 0.0115346 0.0140969 0.0116863 0.0109252 0.0058568 0.0118498 0.0127750 0.0119834 0.0110683 0.0111376 0.0110621 0.0111656 0.0110575 0.0103120 0.0116411 0.0113434 0.0112539 0.0121977 0.0111584 0.0113952 0.0111534 0.0182953 0.0119433 0.0126845 0.0110567 0.0138801 
Lacu_RYR2         0.0083886 0.0096666 0.0089359 0.0117056 0.0087820 0.0081028 0.0080694 0.0132554 0.0231682 0.0077040 0.0110482 0.0081365 0.0146410 0.0020006 0.0016000 0.0095660 0.0013588 0.0014361 0.0013595 0.0015633 0.0013744 0.0026850 0.0082515 0.0079357 0.0080900 0.0109950 0.0009075 0.0011250 0.0013483 0.0011154 0.0071159 0.0120720 0.0039745 0.0116209 0.0117351 0.0000000 0.0013393 0.0015826 0.0012238 0.0014550 0.0009031 0.0013387 0.0015960 0.0011477 0.0084515 0.0075269 0.0075098 0.0072077 0.0071205 0.0073876 0.0073645 0.0071199 0.0077383 0.0075125 0.0031344 0.0072108 0.0097662 0.0076525 0.0035846 0.0036447 0.0141662 0.0015639 0.0008916 0.0020121 0.0248055 0.0042301 0.0102334 0.0013752 0.0044425 0.0034329 0.0011333 0.0132931 0.0035549 0.0045022 0.0036834 0.0011320 0.0011534 0.0011181 0.0011255 0.0011234 0.0023199 0.0015762 0.0009340 0.0011412 0.0014683 0.0011251 0.0013501 0.0011256 0.0155831 0.0016238 0.0075902 0.0011156 0.0088784 
Lalb_RYR2         0.0095535 0.0083482 0.0082384 0.0110560 0.0080232 0.0074856 0.0072685 0.0150559 0.0229469 0.0068213 0.0104107 0.0097706 0.0171745 0.0014847 0.0011043 0.0085882 0.0008783 0.0009325 0.0008625 0.0026179 0.0008880 0.0044528 0.0076971 0.0076302 0.0074553 0.0100673 0.0004322 0.0008617 0.0008659 0.0026171 0.0063662 0.0148418 0.0031140 0.0110138 0.0108117 0.0013393 0.0000000 0.0010771 0.0007056 0.0004836 0.0004376 0.0038329 0.0011117 0.0011164 0.0077451 0.0063308 0.0063926 0.0076965 0.0060448 0.0064002 0.0060631 0.0060608 0.0065748 0.0063877 0.0036378 0.0060793 0.0084615 0.0065613 0.0052609 0.0025941 0.0167409 0.0008614 0.0006575 0.0022135 0.0272338 0.0032576 0.0106358 0.0008823 0.0037575 0.0024221 0.0008791 0.0133513 0.0025563 0.0048512 0.0026492 0.0002195 0.0002251 0.0006462 0.0006588 0.0006577 0.0014230 0.0006498 0.0004592 0.0006682 0.0004884 0.0002165 0.0004369 0.0002143 0.0184580 0.0011184 0.0064241 0.0022138 0.0079277 
Laus_RYR2         0.0080936 0.0087768 0.0085912 0.0116953 0.0084831 0.0079390 0.0078009 0.0127855 0.0230578 0.0074294 0.0110595 0.0080713 0.0138978 0.0002481 0.0004446 0.0094368 0.0011037 0.0011810 0.0010838 0.0012931 0.0011147 0.0023751 0.0077084 0.0077386 0.0075588 0.0105852 0.0006511 0.0010831 0.0010960 0.0008603 0.0068161 0.0123269 0.0039891 0.0116592 0.0116390 0.0015826 0.0010771 0.0000000 0.0004746 0.0012264 0.0006648 0.0006452 0.0008969 0.0008933 0.0084389 0.0070499 0.0070938 0.0065181 0.0065830 0.0070750 0.0064610 0.0066217 0.0071087 0.0069843 0.0030250 0.0063103 0.0085394 0.0071126 0.0032428 0.0033112 0.0134408 0.0013091 0.0008879 0.0017260 0.0237541 0.0040137 0.0100991 0.0011170 0.0044133 0.0031247 0.0011051 0.0133539 0.0033004 0.0041265 0.0034077 0.0008895 0.0009124 0.0008724 0.0008896 0.0004438 0.0020044 0.0013068 0.0006921 0.0008951 0.0012274 0.0008700 0.0010986 0.0008610 0.0152730 0.0008978 0.0068779 0.0008604 0.0080488 
Lbor_RYR2         0.0071504 0.0087029 0.0087883 0.0107881 0.0070201 0.0065621 0.0061781 0.0120491 0.0236726 0.0073650 0.0106328 0.0066655 0.0139960 0.0005198 0.0004793 0.0083810 0.0004808 0.0005051 0.0004777 0.0007058 0.0004849 0.0018870 0.0074781 0.0074969 0.0073799 0.0107729 0.0002395 0.0007162 0.0007160 0.0002351 0.0072894 0.0120332 0.0035857 0.0110544 0.0111719 0.0012238 0.0007056 0.0004746 0.0000000 0.0007813 0.0002415 0.0002351 0.0004766 0.0004887 0.0087222 0.0070661 0.0073129 0.0068936 0.0068863 0.0070870 0.0066479 0.0068223 0.0074479 0.0070173 0.0025966 0.0069573 0.0094464 0.0073965 0.0030729 0.0031266 0.0137435 0.0009541 0.0004801 0.0014151 0.0215119 0.0035189 0.0095962 0.0004827 0.0039384 0.0029209 0.0007223 0.0131630 0.0029951 0.0040387 0.0030701 0.0004766 0.0004859 0.0004746 0.0004767 0.0000010 0.0018524 0.0009555 0.0002518 0.0004842 0.0007842 0.0004775 0.0007176 0.0004747 0.0145073 0.0004821 0.0070575 0.0004702 0.0084641 
Lhos30470_RYR2    0.0086151 0.0086821 0.0089847 0.0085394 0.0090502 0.0082081 0.0082125 0.0131286 0.0244066 0.0077973 0.0073780 0.0083408 0.0143910 0.0015763 0.0012298 0.0091993 0.0009776 0.0010061 0.0009834 0.0012100 0.0009860 0.0024266 0.0087261 0.0081972 0.0084132 0.0079251 0.0004922 0.0007320 0.0009674 0.0007252 0.0077364 0.0121192 0.0035604 0.0118775 0.0118483 0.0014550 0.0004836 0.0012264 0.0007813 0.0000000 0.0004903 0.0009671 0.0012150 0.0012404 0.0087640 0.0076007 0.0071625 0.0073323 0.0071816 0.0075312 0.0063518 0.0071052 0.0078935 0.0073900 0.0029139 0.0073245 0.0100644 0.0076766 0.0034020 0.0034349 0.0141310 0.0009690 0.0004835 0.0012112 0.0251895 0.0039864 0.0103707 0.0007303 0.0040210 0.0031850 0.0007324 0.0139411 0.0032250 0.0041504 0.0033478 0.0002433 0.0002489 0.0007256 0.0007325 0.0007255 0.0018655 0.0007324 0.0005020 0.0007319 0.0005101 0.0002440 0.0004879 0.0002439 0.0156815 0.0007475 0.0077509 0.0002416 0.0088327 
Lhos452_RYR2      0.0075626 0.0083507 0.0083089 0.0108992 0.0079953 0.0072650 0.0071781 0.0123300 0.0229665 0.0068125 0.0103209 0.0073176 0.0136901 0.0010035 0.0006771 0.0087098 0.0004469 0.0004693 0.0004414 0.0006567 0.0004489 0.0017559 0.0077121 0.0075004 0.0073271 0.0097439 0.0000010 0.0004412 0.0002217 0.0002187 0.0063015 0.0113984 0.0031393 0.0111855 0.0109704 0.0009031 0.0004376 0.0006648 0.0002415 0.0004903 0.0000000 0.0004374 0.0006754 0.0006864 0.0078082 0.0062669 0.0062956 0.0059630 0.0061299 0.0065242 0.0060650 0.0061093 0.0065192 0.0064847 0.0024162 0.0059737 0.0084009 0.0066547 0.0026373 0.0026809 0.0132254 0.0006570 0.0002219 0.0010957 0.0238229 0.0033269 0.0095998 0.0004465 0.0031725 0.0024537 0.0004476 0.0127384 0.0025761 0.0035329 0.0026689 0.0002236 0.0002280 0.0002193 0.0002223 0.0002219 0.0014447 0.0006621 0.0000010 0.0002255 0.0004917 0.0002206 0.0004478 0.0002207 0.0150883 0.0006870 0.0065490 0.0002187 0.0074665 
Lobl_RYR2         0.0086866 0.0089942 0.0087616 0.0115363 0.0084759 0.0079323 0.0077293 0.0156440 0.0229469 0.0072981 0.0109047 0.0105965 0.0171313 0.0009892 0.0006615 0.0093067 0.0008789 0.0009321 0.0008622 0.0038319 0.0008876 0.0050499 0.0077019 0.0076352 0.0074601 0.0105337 0.0004320 0.0008614 0.0008655 0.0038307 0.0068108 0.0152638 0.0033976 0.0131401 0.0112915 0.0013387 0.0038329 0.0006452 0.0002351 0.0009671 0.0004374 0.0000000 0.0006666 0.0006694 0.0083068 0.0067888 0.0068391 0.0112305 0.0064979 0.0068472 0.0067035 0.0065327 0.0070188 0.0068853 0.0056764 0.0065351 0.0089264 0.0070197 0.0059074 0.0030289 0.0166988 0.0010771 0.0006573 0.0015997 0.0274973 0.0037262 0.0125352 0.0008819 0.0040713 0.0028648 0.0008788 0.0133420 0.0030237 0.0081528 0.0031337 0.0006584 0.0006752 0.0006459 0.0006585 0.0002191 0.0017078 0.0010828 0.0004590 0.0006680 0.0009766 0.0006493 0.0008746 0.0006426 0.0190418 0.0006700 0.0068727 0.0022119 0.0081846 
