Supplemental results for CODEML (seqf: /home/leticiamagpali/phd/evol_models/codeml/big_dataset/cml_align/MYL1_codon_aligned.phy  treef: /home/leticiamagpali/phd/evol_models/codeml/big_dataset/cml_trees/gene_trees/H1a_gene_trees/MYL1_tree_H1a.tre)

I	J	ij	2Ns_IJ	pMut_IJ	pSub_IJ	2Ns_JI	pMut_JI	pSub_JI

TTC	TTT	CT	0.52223	0.06643	0.08528	-0.52223	0.11199	0.08528
TTA	TTT	AT	2.10414	0.01837	0.04403	-2.10414	0.15067	0.04403
TTA	TTC	AC	1.58191	0.01300	0.02589	-1.58191	0.06323	0.02589
TTG	TTT	GT	2.41823	0.00462	0.01228	-2.41823	0.05191	0.01228
TTG	TTC	GC	1.89600	0.00327	0.00730	-1.89600	0.02178	0.00730
TTG	TTA	GA	0.31409	0.01429	0.01665	-0.31409	0.01956	0.01665
TCT	TTT	CT	0.78493	0.05108	0.07373	-0.78493	0.11199	0.07373
TCC	TTC	CT	-0.28482	0.06248	0.05401	0.28482	0.04700	0.05401
TCC	TCT	CT	-0.54751	0.06248	0.04693	0.54751	0.03614	0.04693
TCA	TTA	CT	4.67122	0.00022	0.00103	-4.67122	0.02342	0.00103
TCA	TCT	AT	5.99043	0.00012	0.00073	-5.99043	0.04862	0.00073
TCA	TCC	AC	6.53794	0.00009	0.00056	-6.53794	0.05947	0.00056
TCG	TTG	CT	7.56675	0.00000	0.00000	-7.56675	0.00589	0.00002
TCG	TCT	GT	9.20005	0.00000	0.00000	-9.20005	0.01675	0.00002
TCG	TCC	GC	9.74756	0.00000	0.00000	-9.74756	0.02049	0.00001
TCG	TCA	GA	3.20962	0.00000	0.00000	-3.20962	0.00013	0.00002
TAT	TTT	AT	2.07156	0.01898	0.04499	-2.07156	0.15067	0.04499
TAT	TCT	AC	1.28663	0.01343	0.02387	-1.28663	0.04862	0.02387
TAC	TTC	AT	4.86683	0.00049	0.00239	-4.86683	0.06323	0.00239
TAC	TCC	AC	5.15165	0.00034	0.00178	-5.15165	0.05947	0.00178
TAC	TAT	CT	3.31750	0.00088	0.00302	-3.31750	0.02420	0.00302
TGT	TTT	GT	10.33104	0.00000	0.00000	-10.33104	0.05191	0.00002
TGT	TCT	GC	9.54611	0.00000	0.00000	-9.54611	0.01675	0.00001
TGT	TAT	GA	8.25948	0.00000	0.00000	-8.25948	0.02021	0.00004
TGC	TTC	GT	4.08891	0.00037	0.00152	-4.08891	0.02178	0.00152
TGC	TCC	GC	4.37373	0.00026	0.00114	-4.37373	0.02049	0.00114
TGC	TAC	GA	-0.77792	0.00113	0.00075	0.77792	0.00052	0.00075
TGC	TGT	CT	-5.71989	0.00066	0.00001	5.71989	0.00000	0.00000
TGG	TTG	GT	2.41823	0.00024	0.00065	-2.41823	0.00273	0.00065
TGG	TCG	GC	-5.14851	0.00017	0.00001	5.14851	0.00000	0.00000
TGG	TGT	GT	-5.49457	0.00024	0.00001	5.49457	0.00000	0.00000
TGG	TGC	GC	0.22532	0.00017	0.00019	-0.22532	0.00022	0.00019
CTT	TTT	CT	0.70258	0.05547	0.07722	-0.70258	0.11199	0.07722
CTC	TTC	CT	0.27392	0.03574	0.04085	-0.27392	0.04700	0.04085
CTC	CTT	CT	0.09358	0.03574	0.03743	-0.09358	0.03924	0.03743
CTA	TTA	CT	-0.78837	0.05152	0.03385	0.78837	0.02342	0.03385
CTA	CTT	AT	0.61320	0.02860	0.03825	-0.61320	0.05280	0.03825
CTA	CTC	AC	0.51962	0.02023	0.02594	-0.51962	0.03402	0.02594
CTG	TTG	CT	-2.48922	0.07103	0.01600	2.48922	0.00589	0.01600
CTG	CTT	GT	-0.77356	0.03943	0.02612	0.77356	0.01819	0.02612
CTG	CTC	GC	-0.86714	0.02789	0.01753	0.86714	0.01172	0.01753
CTG	CTA	GA	-1.38676	0.12182	0.05628	1.38676	0.03044	0.05628
CCT	TCT	CT	-1.17166	0.11664	0.06136	1.17166	0.03614	0.06136
CCT	CTT	CT	-1.08931	0.11664	0.06442	1.08931	0.03924	0.06442
CCC	TCC	CT	-0.64681	0.08441	0.06003	0.64681	0.04421	0.06003
CCC	CTC	CT	-1.20555	0.08441	0.04351	1.20555	0.02528	0.04351
CCC	CCT	CT	-0.02266	0.08441	0.08346	0.02266	0.08252	0.08346
CCA	TCA	CT	-5.73969	0.04823	0.00089	5.73969	0.00016	0.00089
CCA	CTA	CT	-0.28010	0.04823	0.04179	0.28010	0.03645	0.04179
CCA	CCT	AT	1.42241	0.02677	0.05018	-1.42241	0.11102	0.05018
CCA	CCC	AC	1.44507	0.01894	0.03581	-1.44507	0.08034	0.03581
CCG	TCG	CT	-8.79567	0.01425	0.00002	8.79567	0.00000	0.00000
CCG	CTG	CT	1.26030	0.01425	0.02507	-1.26030	0.05026	0.02507
CCG	CCT	GT	1.57605	0.00791	0.01572	-1.57605	0.03825	0.01572
CCG	CCC	GC	1.59871	0.00560	0.01121	-1.59871	0.02768	0.01121
CCG	CCA	GA	0.15364	0.02444	0.02637	-0.15364	0.02850	0.02637
CAT	TAT	CT	0.11883	0.02149	0.02279	-0.11883	0.02420	0.02279
CAT	CTT	AT	1.48781	0.01193	0.02292	-1.48781	0.05280	0.02292
CAT	CCT	AC	2.57713	0.00844	0.02353	-2.57713	0.11102	0.02353
CAC	TAC	CT	-3.91559	0.03113	0.00248	3.91559	0.00062	0.00248
CAC	CTC	AT	0.67732	0.01728	0.02379	-0.67732	0.03402	0.02379
CAC	CCC	AC	1.88287	0.01222	0.02715	-1.88287	0.08034	0.02715
CAC	CAT	CT	-0.71692	0.03113	0.02129	0.71692	0.01520	0.02129
CAA	CTA	AT	0.81159	0.02178	0.03180	-0.81159	0.04904	0.03180
CAA	CCA	AC	1.09169	0.01541	0.02532	-1.09169	0.04591	0.02532
CAA	CAT	AT	-0.06303	0.02178	0.02110	0.06303	0.02045	0.02110
CAA	CAC	AC	0.65389	0.01541	0.02099	-0.65389	0.02963	0.02099
CAG	CTG	AT	0.62304	0.03626	0.04872	-0.62304	0.06761	0.04872
CAG	CCG	AC	-0.63725	0.02565	0.01834	0.63725	0.01356	0.01834
CAG	CAT	GT	-1.63833	0.03626	0.01433	1.63833	0.00705	0.01433
CAG	CAC	GC	-0.92141	0.02565	0.01562	0.92141	0.01021	0.01562
CAG	CAA	GA	-1.57531	0.11205	0.04606	1.57531	0.02319	0.04606
CGT	TGT	CT	-9.68387	0.03464	0.00002	9.68387	0.00000	0.00000
CGT	CTT	GT	-0.05541	0.01923	0.01870	0.05541	0.01819	0.01870
CGT	CCT	GC	1.03390	0.01360	0.02182	-1.03390	0.03825	0.02182
CGT	CAT	GA	-1.54323	0.05941	0.02491	1.54323	0.01269	0.02491
CGC	TGC	CT	5.02777	0.00000	0.00000	-5.02777	0.00047	0.00002
CGC	CTC	GT	8.84276	0.00000	0.00000	-8.84276	0.01172	0.00001
CGC	CCC	GC	10.04832	0.00000	0.00000	-10.04832	0.02768	0.00001
CGC	CAC	GA	8.16545	0.00000	0.00000	-8.16545	0.01839	0.00004
CGC	CGT	CT	8.99175	0.00000	0.00000	-8.99175	0.02451	0.00003
CGA	CTA	GT	3.14162	0.00073	0.00240	-3.14162	0.01690	0.00240
CGA	CCA	GC	3.42172	0.00052	0.00183	-3.42172	0.01582	0.00183
CGA	CAA	GA	2.33003	0.00226	0.00582	-2.33003	0.02319	0.00582
CGA	CGT	AT	3.81023	0.00073	0.00284	-3.81023	0.03297	0.00284
CGA	CGC	AC	-5.18153	0.00052	0.00002	5.18153	0.00000	0.00000
CGG	TGG	CT	-4.04736	0.01776	0.00128	4.04736	0.00031	0.00128
CGG	CTG	GT	0.86009	0.00986	0.01470	-0.86009	0.02329	0.01470
CGG	CCG	GC	-0.40021	0.00697	0.00567	0.40021	0.00467	0.00567
CGG	CAG	GA	0.23705	0.03046	0.03421	-0.23705	0.03860	0.03421
CGG	CGT	GT	0.14194	0.00986	0.01057	-0.14194	0.01136	0.01057
CGG	CGC	GC	-8.84981	0.00697	0.00001	8.84981	0.00000	0.00000
CGG	CGA	GA	-3.66829	0.03046	0.00293	3.66829	0.00078	0.00293
ATT	TTT	AT	1.43106	0.03602	0.06774	-1.43106	0.15067	0.06774
ATT	CTT	AC	0.72848	0.02548	0.03588	-0.72848	0.05280	0.03588
ATC	TTC	AT	1.22269	0.01862	0.03226	-1.22269	0.06323	0.03226
ATC	CTC	AC	0.94876	0.01317	0.02039	-0.94876	0.03402	0.02039
ATC	ATT	CT	0.31386	0.03354	0.03908	-0.31386	0.04591	0.03908
ATA	TTA	AT	4.86353	0.00024	0.00119	-4.86353	0.03151	0.00119
ATA	CTA	AC	5.65189	0.00017	0.00098	-5.65189	0.04904	0.00098
ATA	ATT	AT	5.53660	0.00024	0.00135	-5.53660	0.06177	0.00135
ATA	ATC	AC	5.22274	0.00017	0.00090	-5.22274	0.03193	0.00090
ATG	TTG	AT	-1.72018	0.04429	0.01662	1.72018	0.00793	0.01662
ATG	CTG	AC	0.76904	0.03134	0.04491	-0.76904	0.06761	0.04491
ATG	ATT	GT	-0.73300	0.04429	0.03003	0.73300	0.02128	0.03003
ATG	ATC	GC	-1.04686	0.03134	0.01774	1.04686	0.01100	0.01774
ATG	ATA	GA	-6.26961	0.13686	0.00163	6.26961	0.00026	0.00163
ACT	TCT	AT	3.91099	0.00097	0.00389	-3.91099	0.04862	0.00389
ACT	CCT	AC	5.08265	0.00069	0.00352	-5.08265	0.11102	0.00352
ACT	ATT	CT	3.26486	0.00175	0.00595	-3.26486	0.04591	0.00595
ACC	TCC	AT	0.44888	0.03797	0.04712	-0.44888	0.05947	0.04712
ACC	CCC	AC	1.09569	0.02686	0.04421	-1.09569	0.08034	0.04421
ACC	ATC	CT	-1.05863	0.06840	0.03847	1.05863	0.02373	0.03847
ACC	ACT	CT	-4.00962	0.06840	0.00507	4.00962	0.00124	0.00507
ACA	TCA	AT	-5.03656	0.03212	0.00106	5.03656	0.00021	0.00106
ACA	CCA	AC	0.70313	0.02273	0.03165	-0.70313	0.04591	0.03165
ACA	ATA	CT	-5.22886	0.05788	0.00163	5.22886	0.00031	0.00163
ACA	ACT	AT	-2.95711	0.03212	0.00521	2.95711	0.00167	0.00521
ACA	ACC	AC	1.05251	0.02273	0.03675	-1.05251	0.06511	0.03675
ACG	TCG	AT	-6.44388	0.00183	0.00002	6.44388	0.00000	0.00000
ACG	CCG	AC	2.35179	0.00129	0.00336	-2.35179	0.01356	0.00336
ACG	ATG	CT	2.84304	0.00329	0.00993	-2.84304	0.05646	0.00993
ACG	ACT	GT	-1.15481	0.00183	0.00097	1.15481	0.00058	0.00097
ACG	ACC	GC	2.85481	0.00129	0.00391	-2.85481	0.02243	0.00391
ACG	ACA	GA	1.80230	0.00564	0.01217	-1.80230	0.03420	0.01217
AAT	TAT	AT	-0.53980	0.05585	0.04213	0.53980	0.03255	0.04213
AAT	CAT	AC	-0.65863	0.03951	0.02792	0.65863	0.02045	0.02792
AAT	ATT	AT	0.10070	0.05585	0.05871	-0.10070	0.06177	0.05871
AAT	ACT	AC	-3.16416	0.03951	0.00552	3.16416	0.00167	0.00552
AAC	TAC	AT	-4.14966	0.05293	0.00352	4.14966	0.00083	0.00352
AAC	CAC	AC	-0.23407	0.03745	0.03324	0.23407	0.02963	0.03324
AAC	ATC	AT	-0.50552	0.05293	0.04068	0.50552	0.03193	0.04068
AAC	ACC	AC	0.55311	0.03745	0.04875	-0.55311	0.06511	0.04875
AAC	AAT	CT	-0.29236	0.09537	0.08211	0.29236	0.07119	0.08211
AAA	CAA	AC	0.27375	0.02841	0.03247	-0.27375	0.03735	0.03247
AAA	ATA	AT	-4.56655	0.04016	0.00193	4.56655	0.00042	0.00193
AAA	ACA	AC	0.66231	0.02841	0.03885	-0.66231	0.05509	0.03885
AAA	AAT	AT	0.86935	0.04016	0.06011	-0.86935	0.09579	0.06011
AAA	AAC	AC	1.16171	0.02841	0.04804	-1.16171	0.09078	0.04804
AAG	CAG	AC	-0.18018	0.07447	0.06796	0.18018	0.06219	0.06796
AAG	ATG	AT	-0.32618	0.10526	0.08902	0.32618	0.07596	0.08902
AAG	ACG	AC	-3.16923	0.07447	0.01036	3.16923	0.00313	0.01036
AAG	AAT	GT	-1.15989	0.10526	0.05576	1.15989	0.03300	0.05576
AAG	AAC	GC	-0.86753	0.07447	0.04678	0.86753	0.03127	0.04678
AAG	AAA	GA	-2.02924	0.32524	0.09987	2.02924	0.04275	0.09987
AGT	TGT	AT	-4.42897	0.00024	0.00001	4.42897	0.00000	0.00000
AGT	CGT	AC	5.25490	0.00017	0.00091	-5.25490	0.03297	0.00091
AGT	ATT	GT	4.47101	0.00024	0.00110	-4.47101	0.02128	0.00110
AGT	ACT	GC	1.20615	0.00017	0.00030	-1.20615	0.00058	0.00030
AGT	AAT	GA	4.37030	0.00075	0.00333	-4.37030	0.05946	0.00333
AGC	TGC	AT	-3.47398	0.02020	0.00224	3.47398	0.00063	0.00224
AGC	CGC	AC	-8.50175	0.01429	0.00002	8.50175	0.00000	0.00000
AGC	ATC	GT	-0.60776	0.02020	0.01468	0.60776	0.01100	0.01468
AGC	ACC	GC	0.45087	0.01429	0.01775	-0.45087	0.02243	0.01775
AGC	AAC	GA	-0.10224	0.06242	0.05928	0.10224	0.05635	0.05928
AGC	AGT	CT	-4.76490	0.03639	0.00149	4.76490	0.00031	0.00149
AGA	CGA	AC	-1.36584	0.00491	0.00230	1.36584	0.00125	0.00230
AGA	ATA	GT	-3.87611	0.00694	0.00057	3.87611	0.00014	0.00057
AGA	ACA	GC	1.35275	0.00491	0.00895	-1.35275	0.01898	0.00895
AGA	AAA	GA	0.69044	0.02143	0.02968	-0.69044	0.04275	0.02968
AGA	AGT	AT	-2.81051	0.00694	0.00125	2.81051	0.00042	0.00125
AGA	AGC	AC	1.95439	0.00491	0.01117	-1.95439	0.03464	0.01117
AGG	TGG	AT	-4.13810	0.02616	0.00176	4.13810	0.00042	0.00176
AGG	CGG	AC	-0.09074	0.01851	0.01768	0.09074	0.01690	0.01768
AGG	ATG	GT	0.00031	0.02616	0.02617	-0.00031	0.02617	0.02617
AGG	ACG	GC	-2.84273	0.01851	0.00326	2.84273	0.00108	0.00326
AGG	AAG	GA	0.32649	0.08084	0.09475	-0.32649	0.11205	0.09475
AGG	AGT	GT	-5.20370	0.02616	0.00075	5.20370	0.00014	0.00075
AGG	AGC	GC	-0.43880	0.01851	0.01474	0.43880	0.01193	0.01474
AGG	AGA	GA	-2.39319	0.08084	0.01945	2.39319	0.00738	0.01945
GTT	TTT	GT	0.24768	0.04052	0.04575	-0.24768	0.05191	0.04575
GTT	CTT	GC	-0.45490	0.02867	0.02264	0.45490	0.01819	0.02264
GTT	ATT	GA	-1.18338	0.12521	0.06540	1.18338	0.03834	0.06540
GTC	TTC	GT	-0.34190	0.03066	0.02572	0.34190	0.02178	0.02572
GTC	CTC	GC	-0.61583	0.02169	0.01570	0.61583	0.01172	0.01570
GTC	ATC	GA	-1.56459	0.09475	0.03921	1.56459	0.01982	0.03921
GTC	GTT	CT	-0.06735	0.05525	0.05341	0.06735	0.05165	0.05341
GTA	TTA	GT	0.31669	0.00791	0.00923	-0.31669	0.01086	0.00923
GTA	CTA	GC	1.10505	0.00560	0.00925	-1.10505	0.01690	0.00925
GTA	ATA	GA	-4.54684	0.02444	0.00119	4.54684	0.00026	0.00119
GTA	GTT	AT	2.17315	0.00791	0.01940	-2.17315	0.06949	0.01940
GTA	GTC	AC	2.24049	0.00560	0.01403	-2.24049	0.05259	0.01403
GTG	TTG	GT	-1.29534	0.00998	0.00487	1.29534	0.00273	0.00487
GTG	CTG	GC	1.19388	0.00706	0.01209	-1.19388	0.02329	0.01209
GTG	ATG	GA	0.42484	0.03083	0.03784	-0.42484	0.04715	0.03784
GTG	GTT	GT	0.87522	0.00998	0.01497	-0.87522	0.02394	0.01497
GTG	GTC	GC	0.94256	0.00706	0.01090	-0.94256	0.01812	0.01090
GTG	GTA	GA	-1.29793	0.03083	0.01503	1.29793	0.00842	0.01503
GCT	TCT	GT	-1.20639	0.05597	0.02884	1.20639	0.01675	0.02884
GCT	CCT	GC	-0.03473	0.03960	0.03892	0.03473	0.03825	0.03892
GCT	ACT	GA	-5.11738	0.17296	0.00534	5.11738	0.00104	0.00534
GCT	GTT	CT	-0.66914	0.10085	0.07085	0.66914	0.05165	0.07085
GCC	TCC	GT	-1.21584	0.06912	0.03541	1.21584	0.02049	0.03541
GCC	CCC	GC	-0.56902	0.04890	0.03630	0.56902	0.02768	0.03630
GCC	ACC	GA	-1.66472	0.21357	0.08299	1.66472	0.04042	0.08299
GCC	GTC	CT	-1.15875	0.12453	0.06601	1.15875	0.03909	0.06601
GCC	GCT	CT	-0.55695	0.12453	0.09305	0.55695	0.07135	0.09305
GCA	TCA	GT	-6.93143	0.07362	0.00050	6.93143	0.00007	0.00050
GCA	CCA	GC	-1.19175	0.05208	0.02707	1.19175	0.01582	0.02707
GCA	ACA	GA	-1.89488	0.22748	0.07627	1.89488	0.03420	0.07627
GCA	GTA	CT	-2.57690	0.13264	0.02812	2.57690	0.01008	0.02812
GCA	GCT	AT	0.26539	0.07362	0.08382	-0.26539	0.09599	0.08382
GCA	GCC	AC	0.82235	0.05208	0.07640	-0.82235	0.11853	0.07640
GCG	TCG	GT	-9.57211	0.01436	0.00001	9.57211	0.00000	0.00000
GCG	CCG	GC	-0.77644	0.01016	0.00672	0.77644	0.00467	0.00672
GCG	ACG	GA	-3.12823	0.04437	0.00636	3.12823	0.00194	0.00636
GCG	GTG	CT	-0.71003	0.02587	0.01776	0.71003	0.01272	0.01776
GCG	GCT	GT	0.83434	0.01436	0.02117	-0.83434	0.03307	0.02117
GCG	GCC	GC	1.39129	0.01016	0.01881	-1.39129	0.04084	0.01881
GCG	GCA	GA	0.56895	0.04437	0.05818	-0.56895	0.07837	0.05818
GAT	TAT	GT	-0.91443	0.02799	0.01711	0.91443	0.01122	0.01711
GAT	CAT	GC	-1.03326	0.01980	0.01130	1.03326	0.00705	0.01130
GAT	AAT	GA	-0.37463	0.08648	0.07129	0.37463	0.05946	0.07129
GAT	GTT	AT	0.90946	0.02799	0.04262	-0.90946	0.06949	0.04262
GAT	GCT	AC	1.57860	0.01980	0.03938	-1.57860	0.09599	0.03938
GAC	TAC	GT	-5.42218	0.06510	0.00157	5.42218	0.00029	0.00157
GAC	CAC	GC	-1.50659	0.04606	0.01976	1.50659	0.01021	0.01976
GAC	AAC	GA	-1.27252	0.20116	0.09961	1.27252	0.05635	0.09961
GAC	GTC	AT	-0.21345	0.06510	0.05840	0.21345	0.05259	0.05840
GAC	GCC	AC	0.94531	0.04606	0.07121	-0.94531	0.11853	0.07121
GAC	GAT	CT	-1.19025	0.11730	0.06102	1.19025	0.03567	0.06102
GAA	CAA	GC	-1.28618	0.04657	0.02287	1.28618	0.01287	0.02287
GAA	AAA	GA	-1.55993	0.20341	0.08443	1.55993	0.04275	0.08443
GAA	GTA	AT	-1.57964	0.06583	0.02699	1.57964	0.01356	0.02699
GAA	GCA	AC	0.99726	0.04657	0.07359	-0.99726	0.12625	0.07359
GAA	GAT	AT	-0.31595	0.06583	0.05598	0.31595	0.04800	0.05598
GAA	GAC	AC	0.87430	0.04657	0.06986	-0.87430	0.11165	0.06986
GAG	CAG	GC	-0.51133	0.03573	0.02737	0.51133	0.02142	0.02737
GAG	AAG	GA	-0.33115	0.15604	0.13163	0.33115	0.11205	0.13163
GAG	GTG	AT	-1.08217	0.05050	0.02801	1.08217	0.01711	0.02801
GAG	GCG	AC	-0.37214	0.03573	0.02949	0.37214	0.02462	0.02949
GAG	GAT	GT	-1.11641	0.05050	0.02745	1.11641	0.01654	0.02745
GAG	GAC	GC	0.07384	0.03573	0.03706	-0.07384	0.03846	0.03706
GAG	GAA	GA	-0.80046	0.15604	0.10183	0.80046	0.07008	0.10183
GGT	TGT	GT	-10.30268	0.02981	0.00001	10.30268	0.00000	0.00000
GGT	CGT	GC	-0.61881	0.02109	0.01523	0.61881	0.01136	0.01523
GGT	AGT	GA	-5.87371	0.09212	0.00153	5.87371	0.00026	0.00153
GGT	GTT	GT	-0.21932	0.02981	0.02666	0.21932	0.02394	0.02666
GGT	GCT	GC	0.44982	0.02109	0.02619	-0.44982	0.03307	0.02619
GGT	GAT	GA	-1.12878	0.09212	0.04971	1.12878	0.02979	0.04971
GGC	TGC	GT	-5.40901	0.04819	0.00117	5.40901	0.00022	0.00117
GGC	CGC	GC	-10.43678	0.03409	0.00001	10.43678	0.00000	0.00000
GGC	AGC	GA	-1.93503	0.14889	0.04863	1.93503	0.02150	0.04863
GGC	GTC	GT	-0.97819	0.04819	0.02840	0.97819	0.01812	0.02840
GGC	GCC	GC	0.18056	0.03409	0.03726	-0.18056	0.04084	0.03726
GGC	GAC	GA	-0.76475	0.14889	0.09915	0.76475	0.06930	0.09915
GGC	GGT	CT	-0.82622	0.08682	0.05584	0.82622	0.03800	0.05584
GGA	CGA	GC	-2.78284	0.00697	0.00128	2.78284	0.00043	0.00128
GGA	AGA	GA	-1.41700	0.03046	0.01381	1.41700	0.00738	0.01381
GGA	GTA	GT	-0.74627	0.00986	0.00663	0.74627	0.00467	0.00663
GGA	GCA	GC	1.83063	0.00697	0.01520	-1.83063	0.04350	0.01520
GGA	GAA	GA	0.83337	0.03046	0.04489	-0.83337	0.07008	0.04489
GGA	GGT	AT	1.64620	0.00986	0.02010	-1.64620	0.05113	0.02010
GGA	GGC	AC	2.47242	0.00697	0.01883	-2.47242	0.08264	0.01883
GGG	TGG	GT	-0.93167	0.00037	0.00022	0.93167	0.00014	0.00022
GGG	CGG	GC	3.11569	0.00026	0.00084	-3.11569	0.00582	0.00084
GGG	AGG	GA	3.20643	0.00113	0.00377	-3.20643	0.02785	0.00377
GGG	GTG	GT	2.78190	0.00037	0.00108	-2.78190	0.00590	0.00108
GGG	GCG	GC	3.49193	0.00026	0.00093	-3.49193	0.00848	0.00093
GGG	GAG	GA	3.86407	0.00113	0.00445	-3.86407	0.05376	0.00445
GGG	GGT	GT	3.87644	0.00037	0.00145	-3.87644	0.01761	0.00145
GGG	GGC	GC	4.70266	0.00026	0.00123	-4.70266	0.02847	0.00123
GGG	GGA	GA	2.23024	0.00113	0.00282	-2.23024	0.01049	0.00282


Histograms
2Ns	FMut	FSub(CodonUsage)	FSubw(after w)

-9.93979	0.01230	0.00001
-8.94581	0.00474	0.00001
-7.95183	0.00238	0.00001
-6.95785	0.00713	0.00008
-5.96387	0.02353	0.00053
-4.96990	0.04748	0.00217
-3.97592	0.02777	0.00286
-2.98194	0.04173	0.01014
-1.98796	0.14764	0.07099
-0.99398	0.32468	0.27248
0.00000	0.20445	0.28147
0.99398	0.12927	0.27248
1.98796	0.02357	0.07099
2.98194	0.00244	0.01014
3.97592	0.00050	0.00285
4.96990	0.00031	0.00217
5.96387	0.00006	0.00053
6.95785	0.00001	0.00008
7.95183	0.00000	0.00000
8.94581	0.00000	0.00000
9.93979	0.00000	0.00000

Proportion of advantageous (S > 0) mutations:
 0.24598

Proportions of good & bad mutations (|S| > 2.0000) among mutations:
0.00962  0.22138

mean |Ns| = 1.65037	mean Ns+ = 0.76784	mean Ns- = -1.93827


MLEs of dN/dS (w) for site classes (K=4)

site class             0        1       2a       2b
proportion       0.00000  0.00000  0.91927  0.08073
background w     0.13327  2.43216  0.13327  2.43216
foreground w     0.13327  2.43216  0.03266  0.03266

Naive Empirical Bayes (NEB) probabilities for 4 classes
(amino acids refer to 1st sequence: Bacu)

   1 D   0.00000 0.00000 0.99691 0.00309 ( 3)
   2 Q   0.00000 0.00000 0.99729 0.00271 ( 3)
   3 A   0.00000 0.00000 0.02392 0.97608 ( 4)
   4 N   0.00000 0.00000 0.99836 0.00164 ( 3)
   5 H   0.00000 0.00000 0.98489 0.01511 ( 3)
   6 H   0.00000 0.00000 0.99917 0.00083 ( 3)
   7 S   0.00000 0.00000 0.93715 0.06285 ( 3)
   8 S   0.00000 0.00000 0.99803 0.00197 ( 3)
   9 S   0.00000 0.00000 0.99655 0.00345 ( 3)
  10 K   0.00000 0.00000 0.32180 0.67820 ( 4)
  11 N   0.00000 0.00000 0.99664 0.00336 ( 3)
  12 Q   0.00000 0.00000 0.96274 0.03726 ( 3)
  13 F   0.00000 0.00000 0.86414 0.13586 ( 3)
  14 D   0.00000 0.00000 0.99830 0.00170 ( 3)
  15 R   0.00000 0.00000 0.99543 0.00457 ( 3)
  16 F   0.00000 0.00000 0.92302 0.07698 ( 3)
  17 F   0.00000 0.00000 0.99188 0.00812 ( 3)
  18 R   0.00000 0.00000 0.97493 0.02507 ( 3)
  19 R   0.00000 0.00000 0.95128 0.04872 ( 3)
  20 L   0.00000 0.00000 0.67829 0.32171 ( 3)
  21 S   0.00000 0.00000 0.99687 0.00313 ( 3)
  22 F   0.00000 0.00000 0.04486 0.95514 ( 4)
  23 S   0.00000 0.00000 0.00000 1.00000 ( 4)
  24 F   0.00000 0.00000 0.87885 0.12115 ( 3)
  25 F   0.00000 0.00000 0.84145 0.15855 ( 3)
  26 -   0.00000 0.00000 0.95648 0.04352 ( 3)
  27 P   0.00000 0.00000 0.30437 0.69563 ( 4)
  28 I   0.00000 0.00000 0.99695 0.00305 ( 3)
  29 L   0.00000 0.00000 0.99908 0.00092 ( 3)
  30 L   0.00000 0.00000 0.34605 0.65395 ( 4)
  31 N   0.00000 0.00000 0.99858 0.00142 ( 3)
  32 T   0.00000 0.00000 0.04561 0.95439 ( 4)
  33 M   0.00000 0.00000 0.99785 0.00215 ( 3)
  34 A   0.00000 0.00000 0.98556 0.01444 ( 3)
  35 P   0.00000 0.00000 0.99519 0.00481 ( 3)
  36 K   0.00000 0.00000 0.99464 0.00536 ( 3)
  37 K   0.00000 0.00000 0.99464 0.00536 ( 3)
  38 D   0.00000 0.00000 0.99881 0.00119 ( 3)
  39 V   0.00000 0.00000 0.99982 0.00018 ( 3)
  40 K   0.00000 0.00000 0.99464 0.00536 ( 3)
  41 K   0.00000 0.00000 0.99893 0.00107 ( 3)
  42 P   0.00000 0.00000 0.94168 0.05832 ( 3)
  43 A   0.00000 0.00000 0.99087 0.00913 ( 3)
  44 A   0.00000 0.00000 0.99412 0.00588 ( 3)
  45 A   0.00000 0.00000 0.85233 0.14767 ( 3)
  46 A   0.00000 0.00000 0.83889 0.16111 ( 3)
  47 A   0.00000 0.00000 0.99452 0.00548 ( 3)
  48 P   0.00000 0.00000 0.99434 0.00566 ( 3)
  49 A   0.00000 0.00000 0.99498 0.00502 ( 3)
  50 P   0.00000 0.00000 0.99174 0.00826 ( 3)
  51 A   0.00000 0.00000 0.99384 0.00616 ( 3)
  52 P   0.00000 0.00000 0.98947 0.01053 ( 3)
  53 A   0.00000 0.00000 0.99300 0.00700 ( 3)
  54 P   0.00000 0.00000 0.99439 0.00561 ( 3)
  55 A   0.00000 0.00000 0.99049 0.00951 ( 3)
  56 P   0.00000 0.00000 0.99536 0.00464 ( 3)
  57 A   0.00000 0.00000 0.80470 0.19530 ( 3)
  58 P   0.00000 0.00000 0.98756 0.01244 ( 3)
  59 A   0.00000 0.00000 0.98499 0.01501 ( 3)
  60 P   0.00000 0.00000 0.98780 0.01220 ( 3)
  61 A   0.00000 0.00000 0.98506 0.01494 ( 3)
  62 P   0.00000 0.00000 0.98753 0.01247 ( 3)
  63 A   0.00000 0.00000 0.76218 0.23782 ( 3)
  64 P   0.00000 0.00000 0.99463 0.00537 ( 3)
  65 P   0.00000 0.00000 0.99201 0.00799 ( 3)
  66 K   0.00000 0.00000 0.99820 0.00180 ( 3)
  67 E   0.00000 0.00000 0.99566 0.00434 ( 3)
  68 K   0.00000 0.00000 0.01401 0.98599 ( 4)
  69 K   0.00000 0.00000 0.99248 0.00752 ( 3)
  70 I   0.00000 0.00000 0.99826 0.00174 ( 3)
  71 D   0.00000 0.00000 0.99783 0.00217 ( 3)
  72 L   0.00000 0.00000 0.99819 0.00181 ( 3)
  73 S   0.00000 0.00000 0.95886 0.04114 ( 3)
  74 A   0.00000 0.00000 0.99352 0.00648 ( 3)
  75 I   0.00000 0.00000 0.10837 0.89163 ( 4)
  76 E   0.00000 0.00000 0.93268 0.06732 ( 3)
  77 F   0.00000 0.00000 0.99628 0.00372 ( 3)
  78 K   0.00000 0.00000 0.99506 0.00494 ( 3)
  79 E   0.00000 0.00000 0.99733 0.00267 ( 3)
  80 A   0.00000 0.00000 0.98781 0.01219 ( 3)
  81 F   0.00000 0.00000 0.99314 0.00686 ( 3)
  82 L   0.00000 0.00000 0.99904 0.00096 ( 3)
  83 L   0.00000 0.00000 0.98746 0.01254 ( 3)
  84 Y   0.00000 0.00000 0.99770 0.00230 ( 3)
  85 D   0.00000 0.00000 0.99883 0.00117 ( 3)
  86 R   0.00000 0.00000 0.99439 0.00561 ( 3)
  87 Q   0.00000 0.00000 0.58104 0.41896 ( 3)
  88 G   0.00000 0.00000 0.99464 0.00536 ( 3)
  89 D   0.00000 0.00000 0.99846 0.00154 ( 3)
  90 N   0.00000 0.00000 0.00001 0.99999 ( 4)
  91 K   0.00000 0.00000 0.99506 0.00494 ( 3)
  92 I   0.00000 0.00000 0.99990 0.00010 ( 3)
  93 T   0.00000 0.00000 0.98476 0.01524 ( 3)
  94 L   0.00000 0.00000 0.99455 0.00545 ( 3)
  95 S   0.00000 0.00000 0.21718 0.78282 ( 4)
  96 Q   0.00000 0.00000 0.99816 0.00184 ( 3)
  97 V   0.00000 0.00000 0.99867 0.00133 ( 3)
  98 G   0.00000 0.00000 0.99277 0.00723 ( 3)
  99 D   0.00000 0.00000 0.99992 0.00008 ( 3)
 100 V   0.00000 0.00000 0.99923 0.00077 ( 3)
 101 L   0.00000 0.00000 0.99933 0.00067 ( 3)
 102 R   0.00000 0.00000 0.99753 0.00247 ( 3)
 103 A   0.00000 0.00000 0.99143 0.00857 ( 3)
 104 L   0.00000 0.00000 0.99108 0.00892 ( 3)
 105 G   0.00000 0.00000 0.99454 0.00546 ( 3)
 106 T   0.00000 0.00000 0.99592 0.00408 ( 3)
 107 N   0.00000 0.00000 0.99754 0.00246 ( 3)
 108 P   0.00000 0.00000 0.99460 0.00540 ( 3)
 109 T   0.00000 0.00000 0.99908 0.00092 ( 3)
 110 N   0.00000 0.00000 0.99754 0.00246 ( 3)
 111 A   0.00000 0.00000 0.98627 0.01373 ( 3)
 112 E   0.00000 0.00000 0.99733 0.00267 ( 3)
 113 V   0.00000 0.00000 0.99923 0.00077 ( 3)
 114 K   0.00000 0.00000 0.99506 0.00494 ( 3)
 115 E   0.00000 0.00000 0.00000 1.00000 ( 4)
 116 V   0.00000 0.00000 0.99904 0.00096 ( 3)
 117 L   0.00000 0.00000 0.85728 0.14272 ( 3)
 118 G   0.00000 0.00000 0.99950 0.00050 ( 3)
 119 N   0.00000 0.00000 0.98018 0.01982 ( 3)
 120 P   0.00000 0.00000 0.99460 0.00540 ( 3)
 121 S   0.00000 0.00000 0.99951 0.00049 ( 3)
 122 N   0.00000 0.00000 0.52464 0.47536 ( 3)
 123 E   0.00000 0.00000 0.99742 0.00258 ( 3)
 124 E   0.00000 0.00000 0.99734 0.00266 ( 3)
 125 M   0.00000 0.00000 0.99806 0.00194 ( 3)
 126 N   0.00000 0.00000 0.99754 0.00246 ( 3)
 127 V   0.00000 0.00000 0.92886 0.07114 ( 3)
 128 K   0.00000 0.00000 0.99506 0.00494 ( 3)
 129 K   0.00000 0.00000 0.99906 0.00094 ( 3)
 130 I   0.00000 0.00000 0.99908 0.00092 ( 3)
 131 E   0.00000 0.00000 0.99730 0.00270 ( 3)
 132 F   0.00000 0.00000 0.99309 0.00691 ( 3)
 133 E   0.00000 0.00000 0.95450 0.04550 ( 3)
 134 Q   0.00000 0.00000 0.99904 0.00096 ( 3)
 135 F   0.00000 0.00000 0.99314 0.00686 ( 3)
 136 L   0.00000 0.00000 0.99108 0.00892 ( 3)
 137 P   0.00000 0.00000 0.99460 0.00540 ( 3)
 138 M   0.00000 0.00000 0.99806 0.00194 ( 3)
 139 L   0.00000 0.00000 0.79329 0.20671 ( 3)
 140 Q   0.00000 0.00000 0.99909 0.00091 ( 3)
 141 S   0.00000 0.00000 0.96617 0.03383 ( 3)
 142 I   0.00000 0.00000 0.99908 0.00092 ( 3)
 143 S   0.00000 0.00000 0.99753 0.00247 ( 3)
 144 N   0.00000 0.00000 0.99894 0.00106 ( 3)
 145 K   0.00000 0.00000 0.98131 0.01869 ( 3)
 146 K   0.00000 0.00000 0.99506 0.00494 ( 3)
 147 D   0.00000 0.00000 0.99883 0.00117 ( 3)
 148 Q   0.00000 0.00000 0.99816 0.00184 ( 3)
 149 G   0.00000 0.00000 0.99443 0.00557 ( 3)
 150 T   0.00000 0.00000 0.99982 0.00018 ( 3)
 151 Y   0.00000 0.00000 0.99943 0.00057 ( 3)
 152 E   0.00000 0.00000 0.99742 0.00258 ( 3)
 153 D   0.00000 0.00000 0.99883 0.00117 ( 3)
 154 F   0.00000 0.00000 0.99302 0.00698 ( 3)
 155 V   0.00000 0.00000 0.99867 0.00133 ( 3)
 156 E   0.00000 0.00000 0.99734 0.00266 ( 3)
 157 G   0.00000 0.00000 0.99277 0.00723 ( 3)
 158 L   0.00000 0.00000 0.99108 0.00892 ( 3)
 159 R   0.00000 0.00000 0.99383 0.00617 ( 3)
 160 V   0.00000 0.00000 0.99923 0.00077 ( 3)
 161 F   0.00000 0.00000 0.99309 0.00691 ( 3)
 162 D   0.00000 0.00000 0.99883 0.00117 ( 3)
 163 K   0.00000 0.00000 0.99506 0.00494 ( 3)
 164 E   0.00000 0.00000 0.99742 0.00258 ( 3)
 165 G   0.00000 0.00000 0.99443 0.00557 ( 3)
 166 N   0.00000 0.00000 0.99754 0.00246 ( 3)
 167 G   0.00000 0.00000 0.99443 0.00557 ( 3)
 168 T   0.00000 0.00000 0.99982 0.00018 ( 3)
 169 V   0.00000 0.00000 0.99878 0.00122 ( 3)
 170 M   0.00000 0.00000 0.99806 0.00194 ( 3)
 171 G   0.00000 0.00000 0.99277 0.00723 ( 3)
 172 A   0.00000 0.00000 0.99143 0.00857 ( 3)
 173 E   0.00000 0.00000 0.99742 0.00258 ( 3)
 174 L   0.00000 0.00000 0.99933 0.00067 ( 3)
 175 R   0.00000 0.00000 0.99382 0.00618 ( 3)
 176 H   0.00000 0.00000 0.99999 0.00001 ( 3)
 177 V   0.00000 0.00000 0.99971 0.00029 ( 3)
 178 L   0.00000 0.00000 0.98659 0.01341 ( 3)
 179 A   0.00000 0.00000 0.99223 0.00777 ( 3)
 180 T   0.00000 0.00000 0.99880 0.00120 ( 3)
 181 L   0.00000 0.00000 0.98733 0.01267 ( 3)


lnL = -1901.754013

Bayes Empirical Bayes (BEB) probabilities for 4 classes (class)
(amino acids refer to 1st sequence: Bacu)

   1 D   0.75455 0.21844 0.01998 0.00702 ( 1)
   2 Q   0.91841 0.04965 0.03013 0.00180 ( 1)
   3 A   0.00738 0.95487 0.00026 0.03749 ( 2)
   4 N   0.92849 0.04079 0.02928 0.00144 ( 1)
   5 H   0.61073 0.35859 0.01830 0.01238 ( 1)
   6 H   0.94345 0.02987 0.02571 0.00097 ( 1)
   7 S   0.46982 0.49768 0.01477 0.01773 ( 2)
   8 S   0.92770 0.04336 0.02747 0.00148 ( 1)
   9 S   0.30205 0.30987 0.36353 0.02455 ( 3)
  10 K   0.05967 0.90471 0.00195 0.03367 ( 2)
  11 N   0.91536 0.05405 0.02869 0.00191 ( 1)
  12 Q   0.52419 0.44418 0.01606 0.01557 ( 1)
  13 F   0.38359 0.58121 0.01324 0.02196 ( 2)
  14 D   0.93104 0.04029 0.02730 0.00137 ( 1)
  15 R   0.90735 0.06172 0.02874 0.00219 ( 1)
  16 F   0.44640 0.52013 0.01454 0.01893 ( 2)
  17 F   0.88811 0.07837 0.03060 0.00293 ( 1)
  18 R   0.55892 0.40871 0.01776 0.01462 ( 1)
  19 R   0.57426 0.40695 0.00888 0.00991 ( 1)
  20 L   0.09661 0.86854 0.00308 0.03177 ( 2)
  21 S   0.91648 0.05293 0.02873 0.00186 ( 1)
  22 F   0.01003 0.95558 0.00030 0.03409 ( 2)
  23 S   0.00000 0.96356 0.00000 0.03644 ( 2)
  24 F   0.39736 0.56749 0.01372 0.02143 ( 2)
  25 F   0.36769 0.59707 0.01269 0.02255 ( 2)
  26 -   0.83159 0.13975 0.02397 0.00470 ( 1)
  27 P   0.05752 0.90674 0.00189 0.03385 ( 2)
  28 I   0.79425 0.18686 0.01397 0.00492 ( 1)
  29 L   0.94142 0.03126 0.02630 0.00103 ( 1)
  30 L   0.05960 0.90393 0.00205 0.03442 ( 2)
  31 N   0.93420 0.03738 0.02717 0.00126 ( 1)
  32 T   0.00968 0.95451 0.00031 0.03549 ( 2)
  33 M   0.92844 0.04378 0.02632 0.00145 ( 1)
  34 A   0.86691 0.09874 0.03062 0.00374 ( 1)
  35 P   0.90725 0.06242 0.02814 0.00218 ( 1)
  36 K   0.90485 0.06446 0.02841 0.00228 ( 1)
  37 K   0.90485 0.06446 0.02841 0.00228 ( 1)
  38 D   0.94099 0.03269 0.02527 0.00105 ( 1)
  39 V   0.96378 0.01468 0.02112 0.00042 ( 1)
  40 K   0.90485 0.06446 0.02841 0.00228 ( 1)
  41 K   0.94218 0.03206 0.02474 0.00102 ( 1)
  42 P   0.46683 0.49821 0.01616 0.01880 ( 2)
  43 A   0.88555 0.08186 0.02960 0.00300 ( 1)
  44 A   0.90208 0.06744 0.02812 0.00237 ( 1)
  45 A   0.37576 0.58982 0.01258 0.02185 ( 2)
  46 A   0.36671 0.59884 0.01227 0.02218 ( 2)
  47 A   0.88867 0.07175 0.03659 0.00299 ( 1)
  48 P   0.88764 0.07280 0.03652 0.00303 ( 1)
  49 A   0.90483 0.06390 0.02899 0.00228 ( 1)
  50 P   0.88895 0.07846 0.02971 0.00287 ( 1)
  51 A   0.90108 0.06843 0.02808 0.00240 ( 1)
  52 P   0.87947 0.08705 0.03024 0.00324 ( 1)
  53 A   0.89761 0.07188 0.02798 0.00252 ( 1)
  54 P   0.90443 0.06573 0.02756 0.00228 ( 1)
  55 A   0.88374 0.08328 0.02991 0.00307 ( 1)
  56 P   0.90760 0.06183 0.02840 0.00217 ( 1)
  57 A   0.34509 0.61971 0.01185 0.02335 ( 2)
  58 P   0.87359 0.09276 0.03018 0.00347 ( 1)
  59 A   0.86581 0.09983 0.03058 0.00378 ( 1)
  60 P   0.87454 0.09181 0.03021 0.00343 ( 1)
  61 A   0.86596 0.09967 0.03059 0.00378 ( 1)
  62 P   0.87378 0.09258 0.03019 0.00346 ( 1)
  63 A   0.29765 0.66925 0.00928 0.02382 ( 2)
  64 P   0.90485 0.06482 0.02807 0.00227 ( 1)
  65 P   0.89315 0.07583 0.02832 0.00269 ( 1)
  66 K   0.93510 0.03910 0.02456 0.00124 ( 1)
  67 E   0.91391 0.05742 0.02672 0.00194 ( 1)
  68 K   0.00618 0.95689 0.00021 0.03672 ( 2)
  69 K   0.89642 0.07286 0.02815 0.00257 ( 1)
  70 I   0.93534 0.03890 0.02452 0.00124 ( 1)
  71 D   0.93120 0.04242 0.02501 0.00137 ( 1)
  72 L   0.93454 0.03960 0.02460 0.00126 ( 1)
  73 S   0.52834 0.44275 0.01441 0.01450 ( 1)
  74 A   0.90007 0.06943 0.02805 0.00244 ( 1)
  75 I   0.01530 0.95358 0.00039 0.03073 ( 2)
  76 E   0.47457 0.49459 0.01391 0.01693 ( 2)
  77 F   0.91450 0.05580 0.02777 0.00193 ( 1)
  78 K   0.90680 0.06252 0.02847 0.00221 ( 1)
  79 E   0.92287 0.04842 0.02707 0.00164 ( 1)
  80 A   0.87289 0.09277 0.03083 0.00351 ( 1)
  81 F   0.89608 0.07212 0.02920 0.00260 ( 1)
  82 L   0.94314 0.03105 0.02482 0.00099 ( 1)
  83 L   0.87198 0.09376 0.03072 0.00354 ( 1)
  84 Y   0.78089 0.19339 0.01969 0.00603 ( 1)
  85 D   0.94015 0.03353 0.02525 0.00108 ( 1)
  86 R   0.73131 0.24621 0.01547 0.00701 ( 1)
  87 Q   0.08558 0.88069 0.00258 0.03115 ( 2)
  88 G   0.90329 0.06556 0.02881 0.00233 ( 1)
  89 D   0.81862 0.15998 0.01691 0.00448 ( 1)
  90 N   0.00003 0.96871 0.00000 0.03126 ( 2)
  91 K   0.90680 0.06252 0.02847 0.00221 ( 1)
  92 I   0.96816 0.01121 0.02031 0.00032 ( 1)
  93 T   0.62616 0.34628 0.01647 0.01110 ( 1)
  94 L   0.90254 0.06643 0.02867 0.00236 ( 1)
  95 S   0.02054 0.94945 0.00049 0.02953 ( 2)
  96 Q   0.93119 0.04119 0.02625 0.00136 ( 1)
  97 V   0.93751 0.03579 0.02554 0.00116 ( 1)
  98 G   0.89339 0.07463 0.02929 0.00270 ( 1)
  99 D   0.96945 0.01028 0.01998 0.00029 ( 1)
 100 V   0.94647 0.02827 0.02437 0.00089 ( 1)
 101 L   0.94866 0.02646 0.02406 0.00082 ( 1)
 102 R   0.92457 0.04700 0.02685 0.00158 ( 1)
 103 A   0.88747 0.07994 0.02966 0.00293 ( 1)
 104 L   0.88613 0.08113 0.02976 0.00298 ( 1)
 105 G   0.90291 0.06602 0.02873 0.00235 ( 1)
 106 T   0.91149 0.05845 0.02802 0.00203 ( 1)
 107 N   0.92500 0.04653 0.02690 0.00157 ( 1)
 108 P   0.90345 0.06558 0.02865 0.00233 ( 1)
 109 T   0.94389 0.03040 0.02474 0.00097 ( 1)
 110 N   0.92500 0.04653 0.02690 0.00157 ( 1)
 111 A   0.86874 0.09691 0.03068 0.00367 ( 1)
 112 E   0.92287 0.04842 0.02707 0.00164 ( 1)
 113 V   0.94647 0.02827 0.02437 0.00089 ( 1)
 114 K   0.90699 0.06234 0.02848 0.00220 ( 1)
 115 E   0.00000 0.96501 0.00000 0.03499 ( 2)
 116 V   0.94222 0.03110 0.02566 0.00101 ( 1)
 117 L   0.37889 0.58658 0.01274 0.02179 ( 2)
 118 G   0.95254 0.02330 0.02345 0.00071 ( 1)
 119 N   0.60394 0.36804 0.01611 0.01190 ( 1)
 120 P   0.90345 0.06558 0.02865 0.00233 ( 1)
 121 S   0.95482 0.02243 0.02209 0.00067 ( 1)
 122 N   0.08169 0.88562 0.00233 0.03036 ( 2)
 123 E   0.92401 0.04737 0.02701 0.00160 ( 1)
 124 E   0.92290 0.04839 0.02707 0.00164 ( 1)
 125 M   0.93021 0.04202 0.02637 0.00140 ( 1)
 126 N   0.92500 0.04653 0.02690 0.00157 ( 1)
 127 V   0.45810 0.50949 0.01432 0.01809 ( 2)
 128 K   0.90680 0.06252 0.02847 0.00221 ( 1)
 129 K   0.94373 0.03052 0.02478 0.00097 ( 1)
 130 I   0.94388 0.03042 0.02474 0.00097 ( 1)
 131 E   0.92278 0.04850 0.02708 0.00164 ( 1)
 132 F   0.89608 0.07212 0.02920 0.00260 ( 1)
 133 E   0.51177 0.45757 0.01501 0.01565 ( 1)
 134 Q   0.94361 0.03070 0.02472 0.00097 ( 1)
 135 F   0.89608 0.07212 0.02920 0.00260 ( 1)
 136 L   0.88613 0.08113 0.02976 0.00298 ( 1)
 137 P   0.90345 0.06558 0.02865 0.00233 ( 1)
 138 M   0.93021 0.04202 0.02637 0.00140 ( 1)
 139 L   0.11859 0.84940 0.00331 0.02870 ( 2)
 140 Q   0.94397 0.03034 0.02473 0.00096 ( 1)
 141 S   0.54483 0.42635 0.01486 0.01396 ( 1)
 142 I   0.94388 0.03042 0.02474 0.00097 ( 1)
 143 S   0.92451 0.04699 0.02691 0.00158 ( 1)
 144 N   0.94179 0.03213 0.02504 0.00103 ( 1)
 145 K   0.60747 0.36453 0.01621 0.01179 ( 1)
 146 K   0.90680 0.06252 0.02847 0.00221 ( 1)
 147 D   0.94015 0.03353 0.02525 0.00108 ( 1)
 148 Q   0.93119 0.04119 0.02625 0.00136 ( 1)
 149 G   0.90241 0.06651 0.02872 0.00236 ( 1)
 150 T   0.95905 0.01533 0.02513 0.00049 ( 1)
 151 Y   0.95051 0.02481 0.02392 0.00077 ( 1)
 152 E   0.92401 0.04737 0.02701 0.00160 ( 1)
 153 D   0.94015 0.03353 0.02525 0.00108 ( 1)
 154 F   0.89608 0.07212 0.02920 0.00260 ( 1)
 155 V   0.93751 0.03579 0.02554 0.00116 ( 1)
 156 E   0.92290 0.04839 0.02707 0.00164 ( 1)
 157 G   0.89339 0.07463 0.02929 0.00270 ( 1)
 158 L   0.88613 0.08113 0.02976 0.00298 ( 1)
 159 R   0.89863 0.06993 0.02894 0.00250 ( 1)
 160 V   0.94647 0.02827 0.02437 0.00089 ( 1)
 161 F   0.89752 0.07069 0.02924 0.00255 ( 1)
 162 D   0.94015 0.03353 0.02525 0.00108 ( 1)
 163 K   0.90680 0.06252 0.02847 0.00221 ( 1)
 164 E   0.92401 0.04737 0.02701 0.00160 ( 1)
 165 G   0.90241 0.06651 0.02872 0.00236 ( 1)
 166 N   0.92500 0.04653 0.02690 0.00157 ( 1)
 167 G   0.90241 0.06651 0.02872 0.00236 ( 1)
 168 T   0.95917 0.01521 0.02514 0.00048 ( 1)
 169 V   0.93878 0.03452 0.02557 0.00112 ( 1)
 170 M   0.93021 0.04202 0.02637 0.00140 ( 1)
 171 G   0.89339 0.07463 0.02929 0.00270 ( 1)
 172 A   0.88747 0.07994 0.02966 0.00293 ( 1)
 173 E   0.92401 0.04737 0.02701 0.00160 ( 1)
 174 L   0.94860 0.02651 0.02405 0.00083 ( 1)
 175 R   0.89856 0.07000 0.02894 0.00250 ( 1)
 176 H   0.97839 0.00450 0.01700 0.00011 ( 1)
 177 V   0.96096 0.01765 0.02088 0.00051 ( 1)
 178 L   0.86950 0.09623 0.03063 0.00364 ( 1)
 179 A   0.89052 0.07691 0.02976 0.00281 ( 1)
 180 T   0.93380 0.03624 0.02870 0.00126 ( 1)
 181 L   0.87159 0.09414 0.03071 0.00356 ( 1)

