Supplemental results for CODEML (seqf: /home/leticiamagpali/phd/evol_models/codeml/big_dataset/cml_align/MYL1_codon_aligned.phy  treef: /home/leticiamagpali/phd/evol_models/codeml/big_dataset/cml_trees/gene_trees/H1d_gene_trees/MYL1_tree_H1d.tre)

I	J	ij	2Ns_IJ	pMut_IJ	pSub_IJ	2Ns_JI	pMut_JI	pSub_JI

TTC	TTT	CT	0.62631	0.05591	0.07524	-0.62631	0.10459	0.07524
TTA	TTT	AT	2.25395	0.01633	0.04111	-2.25395	0.15550	0.04111
TTA	TTC	AC	1.62764	0.01282	0.02596	-1.62764	0.06526	0.02596
TTG	TTT	GT	2.53648	0.00411	0.01132	-2.53648	0.05191	0.01132
TTG	TTC	GC	1.91017	0.00323	0.00723	-1.91017	0.02178	0.00723
TTG	TTA	GA	0.28253	0.01397	0.01603	-0.28253	0.01853	0.01603
TCT	TTT	CT	0.88901	0.04299	0.06490	-0.88901	0.10459	0.06490
TCC	TTC	CT	-0.18073	0.05259	0.04798	0.18073	0.04389	0.04798
TCC	TCT	CT	-0.44343	0.05259	0.04179	0.44343	0.03375	0.04179
TCA	TTA	CT	4.77530	0.00018	0.00089	-4.77530	0.02187	0.00089
TCA	TCT	AT	6.14024	0.00011	0.00067	-6.14024	0.05018	0.00067
TCA	TCC	AC	6.58367	0.00008	0.00056	-6.58367	0.06138	0.00056
TCG	TTG	CT	7.67083	0.00000	0.00000	-7.67083	0.00550	0.00002
TCG	TCT	GT	9.31830	0.00000	0.00000	-9.31830	0.01675	0.00001
TCG	TCC	GC	9.76173	0.00000	0.00000	-9.76173	0.02049	0.00001
TCG	TCA	GA	3.17806	0.00000	0.00000	-3.17806	0.00012	0.00002
TAT	TTT	AT	2.22138	0.01687	0.04202	-2.22138	0.15550	0.04202
TAT	TCT	AC	1.33237	0.01324	0.02396	-1.33237	0.05018	0.02396
TAC	TTC	AT	5.01664	0.00043	0.00218	-5.01664	0.06526	0.00218
TAC	TCC	AC	5.19738	0.00034	0.00177	-5.19738	0.06138	0.00177
TAC	TAT	CT	3.42158	0.00074	0.00261	-3.42158	0.02260	0.00261
TGT	TTT	GT	10.44929	0.00000	0.00000	-10.44929	0.05191	0.00002
TGT	TCT	GC	9.56028	0.00000	0.00000	-9.56028	0.01675	0.00001
TGT	TAT	GA	8.22791	0.00000	0.00000	-8.22791	0.01914	0.00004
TGC	TTC	GT	4.20716	0.00032	0.00139	-4.20716	0.02178	0.00139
TGC	TCC	GC	4.38790	0.00025	0.00113	-4.38790	0.02049	0.00113
TGC	TAC	GA	-0.80948	0.00110	0.00072	0.80948	0.00049	0.00072
TGC	TGT	CT	-5.61581	0.00055	0.00001	5.61581	0.00000	0.00000
TGG	TTG	GT	2.53648	0.00022	0.00060	-2.53648	0.00273	0.00060
TGG	TCG	GC	-5.13435	0.00017	0.00001	5.13435	0.00000	0.00000
TGG	TGT	GT	-5.37632	0.00022	0.00001	5.37632	0.00000	0.00000
TGG	TGC	GC	0.23949	0.00017	0.00019	-0.23949	0.00022	0.00019
CTT	TTT	CT	0.80666	0.04668	0.06802	-0.80666	0.10459	0.06802
CTC	TTC	CT	0.37800	0.03008	0.03612	-0.37800	0.04389	0.03612
CTC	CTT	CT	0.19766	0.03008	0.03315	-0.19766	0.03665	0.03315
CTA	TTA	CT	-0.68428	0.04336	0.03021	0.68428	0.02187	0.03021
CTA	CTT	AT	0.76301	0.02541	0.03632	-0.76301	0.05449	0.03632
CTA	CTC	AC	0.56535	0.01995	0.02611	-0.56535	0.03511	0.02611
CTG	TTG	CT	-2.38514	0.05979	0.01446	2.38514	0.00550	0.01446
CTG	CTT	GT	-0.65531	0.03503	0.02480	0.65531	0.01819	0.02480
CTG	CTC	GC	-0.85297	0.02750	0.01742	0.85297	0.01172	0.01742
CTG	CTA	GA	-1.41832	0.11910	0.05397	1.41832	0.02884	0.05397
CCT	TCT	CT	-1.06758	0.09817	0.05492	1.06758	0.03375	0.05492
CCT	CTT	CT	-0.98523	0.09817	0.05762	0.98523	0.03665	0.05762
CCC	TCC	CT	-0.54273	0.07104	0.05350	0.54273	0.04129	0.05350
CCC	CTC	CT	-1.10147	0.07104	0.03896	1.10147	0.02361	0.03896
CCC	CCT	CT	0.08142	0.07104	0.07397	-0.08142	0.07707	0.07397
CCA	TCA	CT	-5.63561	0.04060	0.00082	5.63561	0.00014	0.00082
CCA	CTA	CT	-0.17602	0.04060	0.03713	0.17602	0.03404	0.03713
CCA	CCT	AT	1.57222	0.02378	0.04719	-1.57222	0.11458	0.04719
CCA	CCC	AC	1.49080	0.01867	0.03593	-1.49080	0.08292	0.03593
CCG	TCG	CT	-8.69158	0.01199	0.00002	8.69158	0.00000	0.00000
CCG	CTG	CT	1.36438	0.01199	0.02198	-1.36438	0.04694	0.02198
CCG	CCT	GT	1.69430	0.00703	0.01459	-1.69430	0.03825	0.01459
CCG	CCC	GC	1.61288	0.00552	0.01111	-1.61288	0.02768	0.01111
CCG	CCA	GA	0.12208	0.02389	0.02538	-0.12208	0.02700	0.02538
CAT	TAT	CT	0.22291	0.01808	0.02017	-0.22291	0.02260	0.02017
CAT	CTT	AT	1.63763	0.01060	0.02154	-1.63763	0.05449	0.02154
CAT	CCT	AC	2.62286	0.00832	0.02352	-2.62286	0.11458	0.02352
CAC	TAC	CT	-3.81151	0.02620	0.00226	3.81151	0.00058	0.00226
CAC	CTC	AT	0.82713	0.01535	0.02257	-0.82713	0.03511	0.02257
CAC	CCC	AC	1.92860	0.01205	0.02720	-1.92860	0.08292	0.02720
CAC	CAT	CT	-0.61284	0.02620	0.01899	0.61284	0.01420	0.01899
CAA	CTA	AT	0.96141	0.01935	0.03012	-0.96141	0.05061	0.03012
CAA	CCA	AC	1.13743	0.01519	0.02544	-1.13743	0.04738	0.02544
CAA	CAT	AT	0.08679	0.01935	0.02020	-0.08679	0.02111	0.02020
CAA	CAC	AC	0.69963	0.01519	0.02112	-0.69963	0.03058	0.02112
CAG	CTG	AT	0.77286	0.03222	0.04626	-0.77286	0.06978	0.04626
CAG	CCG	AC	-0.59152	0.02529	0.01855	0.59152	0.01400	0.01855
CAG	CAT	GT	-1.52008	0.03222	0.01371	1.52008	0.00705	0.01371
CAG	CAC	GC	-0.90725	0.02529	0.01553	0.90725	0.01021	0.01553
CAG	CAA	GA	-1.60687	0.10954	0.04415	1.60687	0.02197	0.04415
CGT	TGT	CT	-9.57979	0.02915	0.00002	9.57979	0.00000	0.00000
CGT	CTT	GT	0.06284	0.01708	0.01762	-0.06284	0.01819	0.01762
CGT	CCT	GC	1.04807	0.01341	0.02164	-1.04807	0.03825	0.02164
CGT	CAT	GA	-1.57479	0.05808	0.02388	1.57479	0.01203	0.02388
CGC	TGC	CT	5.13185	0.00000	0.00000	-5.13185	0.00043	0.00001
CGC	CTC	GT	8.96101	0.00000	0.00000	-8.96101	0.01172	0.00001
CGC	CCC	GC	10.06248	0.00000	0.00000	-10.06248	0.02768	0.00001
CGC	CAC	GA	8.13388	0.00000	0.00000	-8.13388	0.01742	0.00004
CGC	CGT	CT	9.09584	0.00000	0.00000	-9.09584	0.02289	0.00002
CGA	CTA	GT	3.25987	0.00065	0.00220	-3.25987	0.01690	0.00220
CGA	CCA	GC	3.43589	0.00051	0.00181	-3.43589	0.01582	0.00181
CGA	CAA	GA	2.29846	0.00221	0.00564	-2.29846	0.02197	0.00564
CGA	CGT	AT	3.96004	0.00065	0.00262	-3.96004	0.03403	0.00262
CGA	CGC	AC	-5.13579	0.00051	0.00002	5.13579	0.00000	0.00000
CGG	TGG	CT	-3.94328	0.01495	0.00117	3.94328	0.00029	0.00117
CGG	CTG	GT	0.97834	0.00876	0.01373	-0.97834	0.02329	0.01373
CGG	CCG	GC	-0.38604	0.00688	0.00563	0.38604	0.00467	0.00563
CGG	CAG	GA	0.20548	0.02978	0.03294	-0.20548	0.03657	0.03294
CGG	CGT	GT	0.26019	0.00876	0.00995	-0.26019	0.01136	0.00995
CGG	CGC	GC	-8.83565	0.00688	0.00001	8.83565	0.00000	0.00000
CGG	CGA	GA	-3.69985	0.02978	0.00279	3.69985	0.00074	0.00279
ATT	TTT	AT	1.58087	0.03200	0.06370	-1.58087	0.15550	0.06370
ATT	CTT	AC	0.77421	0.02512	0.03609	-0.77421	0.05449	0.03609
ATC	TTC	AT	1.37250	0.01654	0.03041	-1.37250	0.06526	0.03041
ATC	CTC	AC	0.99450	0.01299	0.02050	-0.99450	0.03511	0.02050
ATC	ATT	CT	0.41794	0.02823	0.03454	-0.41794	0.04288	0.03454
ATA	TTA	AT	5.01334	0.00022	0.00109	-5.01334	0.03252	0.00109
ATA	CTA	AC	5.69762	0.00017	0.00097	-5.69762	0.05061	0.00097
ATA	ATT	AT	5.68642	0.00022	0.00123	-5.68642	0.06375	0.00123
ATA	ATC	AC	5.26847	0.00017	0.00090	-5.26847	0.03295	0.00090
ATG	TTG	AT	-1.57036	0.03935	0.01623	1.57036	0.00818	0.01623
ATG	CTG	AC	0.81477	0.03090	0.04517	-0.81477	0.06978	0.04517
ATG	ATT	GT	-0.61475	0.03935	0.02849	0.61475	0.02128	0.02849
ATG	ATC	GC	-1.03270	0.03090	0.01764	1.03270	0.01100	0.01764
ATG	ATA	GA	-6.30117	0.13381	0.00155	6.30117	0.00025	0.00155
ACT	TCT	AT	4.06080	0.00086	0.00357	-4.06080	0.05018	0.00357
ACT	CCT	AC	5.12839	0.00068	0.00350	-5.12839	0.11458	0.00350
ACT	ATT	CT	3.36894	0.00148	0.00515	-3.36894	0.04288	0.00515
ACC	TCC	AT	0.59869	0.03373	0.04483	-0.59869	0.06138	0.04483
ACC	CCC	AC	1.14142	0.02648	0.04441	-1.14142	0.08292	0.04441
ACC	ATC	CT	-0.95454	0.05757	0.03440	0.95454	0.02216	0.03440
ACC	ACT	CT	-3.90554	0.05757	0.00462	3.90554	0.00116	0.00462
ACA	TCA	AT	-4.88674	0.02854	0.00106	4.88674	0.00022	0.00106
ACA	CCA	AC	0.74886	0.02241	0.03183	-0.74886	0.04738	0.03183
ACA	ATA	CT	-5.12478	0.04871	0.00149	5.12478	0.00029	0.00149
ACA	ACT	AT	-2.80730	0.02854	0.00515	2.80730	0.00172	0.00515
ACA	ACC	AC	1.09824	0.02241	0.03692	-1.09824	0.06720	0.03692
ACG	TCG	AT	-6.29406	0.00162	0.00002	6.29406	0.00000	0.00000
ACG	CCG	AC	2.39752	0.00127	0.00336	-2.39752	0.01400	0.00336
ACG	ATG	CT	2.94713	0.00277	0.00861	-2.94713	0.05273	0.00861
ACG	ACT	GT	-1.03657	0.00162	0.00092	1.03657	0.00058	0.00092
ACG	ACC	GC	2.86897	0.00127	0.00387	-2.86897	0.02243	0.00387
ACG	ACA	GA	1.77073	0.00551	0.01177	-1.77073	0.03240	0.01177
AAT	TAT	AT	-0.38999	0.04962	0.04057	0.38999	0.03360	0.04057
AAT	CAT	AC	-0.61290	0.03896	0.02823	0.61290	0.02111	0.02823
AAT	ATT	AT	0.25052	0.04962	0.05610	-0.25052	0.06375	0.05610
AAT	ACT	AC	-3.11842	0.03896	0.00562	3.11842	0.00172	0.00562
AAC	TAC	AT	-3.99985	0.04703	0.00351	3.99985	0.00086	0.00351
AAC	CAC	AC	-0.18833	0.03692	0.03355	0.18833	0.03058	0.03355
AAC	ATC	AT	-0.35570	0.04703	0.03916	0.35570	0.03295	0.03916
AAC	ACC	AC	0.59884	0.03692	0.04907	-0.59884	0.06720	0.04907
AAC	AAT	CT	-0.18827	0.08027	0.07295	0.18827	0.06649	0.07295
AAA	CAA	AC	0.31948	0.02801	0.03272	-0.31948	0.03855	0.03272
AAA	ATA	AT	-4.41674	0.03568	0.00193	4.41674	0.00043	0.00193
AAA	ACA	AC	0.70804	0.02801	0.03909	-0.70804	0.05686	0.03909
AAA	AAT	AT	1.01916	0.03568	0.05689	-1.01916	0.09886	0.05689
AAA	AAC	AC	1.20744	0.02801	0.04824	-1.20744	0.09369	0.04824
AAG	CAG	AC	-0.13445	0.07342	0.06859	0.13445	0.06418	0.06859
AAG	ATG	AT	-0.17637	0.09352	0.08551	0.17637	0.07840	0.08551
AAG	ACG	AC	-3.12350	0.07342	0.01056	3.12350	0.00323	0.01056
AAG	AAT	GT	-1.04164	0.09352	0.05312	1.04164	0.03300	0.05312
AAG	AAC	GC	-0.85336	0.07342	0.04649	0.85336	0.03127	0.04649
AAG	AAA	GA	-2.06080	0.31797	0.09563	2.06080	0.04049	0.09563
AGT	TGT	AT	-4.27916	0.00022	0.00001	4.27916	0.00000	0.00000
AGT	CGT	AC	5.30063	0.00017	0.00090	-5.30063	0.03403	0.00090
AGT	ATT	GT	4.58925	0.00022	0.00100	-4.58925	0.02128	0.00100
AGT	ACT	GC	1.22031	0.00017	0.00029	-1.22031	0.00058	0.00029
AGT	AAT	GA	4.33874	0.00074	0.00323	-4.33874	0.05632	0.00323
AGC	TGC	AT	-3.32417	0.01795	0.00223	3.32417	0.00065	0.00223
AGC	CGC	AC	-8.45602	0.01409	0.00003	8.45602	0.00000	0.00000
AGC	ATC	GT	-0.48951	0.01795	0.01391	0.48951	0.01100	0.01391
AGC	ACC	GC	0.46504	0.01409	0.01762	-0.46504	0.02243	0.01762
AGC	AAC	GA	-0.13381	0.06102	0.05703	0.13381	0.05338	0.05703
AGC	AGT	CT	-4.66082	0.03063	0.00136	4.66082	0.00029	0.00136
AGA	CGA	AC	-1.32011	0.00484	0.00233	1.32011	0.00129	0.00233
AGA	ATA	GT	-3.75786	0.00616	0.00055	3.75786	0.00014	0.00055
AGA	ACA	GC	1.36692	0.00484	0.00888	-1.36692	0.01898	0.00888
AGA	AAA	GA	0.65888	0.02095	0.02861	-0.65888	0.04049	0.02861
AGA	AGT	AT	-2.66070	0.00616	0.00123	2.66070	0.00043	0.00123
AGA	AGC	AC	2.00012	0.00484	0.01119	-2.00012	0.03575	0.01119
AGG	TGG	AT	-3.98828	0.02324	0.00175	3.98828	0.00043	0.00175
AGG	CGG	AC	-0.04500	0.01825	0.01784	0.04500	0.01745	0.01784
AGG	ATG	GT	0.11856	0.02324	0.02465	-0.11856	0.02617	0.02465
AGG	ACG	GC	-2.82857	0.01825	0.00324	2.82857	0.00108	0.00324
AGG	AAG	GA	0.29493	0.07903	0.09126	-0.29493	0.10614	0.09126
AGG	AGT	GT	-5.08545	0.02324	0.00074	5.08545	0.00014	0.00074
AGG	AGC	GC	-0.42463	0.01825	0.01465	0.42463	0.01193	0.01465
AGG	AGA	GA	-2.42475	0.07903	0.01861	2.42475	0.00699	0.01861
GTT	TTT	GT	0.36592	0.03600	0.04299	-0.36592	0.05191	0.04299
GTT	CTT	GC	-0.44073	0.02826	0.02249	0.44073	0.01819	0.02249
GTT	ATT	GA	-1.21495	0.12241	0.06275	1.21495	0.03632	0.06275
GTC	TTC	GT	-0.22365	0.02724	0.02431	0.22365	0.02178	0.02431
GTC	CTC	GC	-0.60166	0.02139	0.01560	0.60166	0.01172	0.01560
GTC	ATC	GA	-1.59616	0.09263	0.03758	1.59616	0.01877	0.03758
GTC	GTT	CT	0.03674	0.04650	0.04736	-0.03674	0.04824	0.04736
GTA	TTA	GT	0.43493	0.00703	0.00867	-0.43493	0.01086	0.00867
GTA	CTA	GC	1.11922	0.00552	0.00917	-1.11922	0.01690	0.00917
GTA	ATA	GA	-4.57840	0.02389	0.00114	4.57840	0.00025	0.00114
GTA	GTT	AT	2.32296	0.00703	0.01810	-2.32296	0.07172	0.01810
GTA	GTC	AC	2.28623	0.00552	0.01404	-2.28623	0.05427	0.01404
GTG	TTG	GT	-1.17709	0.00887	0.00465	1.17709	0.00273	0.00465
GTG	CTG	GC	1.20804	0.00696	0.01199	-1.20804	0.02329	0.01199
GTG	ATG	GA	0.39327	0.03014	0.03646	-0.39327	0.04467	0.03646
GTG	GTT	GT	0.99347	0.00887	0.01399	-0.99347	0.02394	0.01399
GTG	GTC	GC	0.95673	0.00696	0.01081	-0.95673	0.01812	0.01081
GTG	GTA	GA	-1.32950	0.03014	0.01442	1.32950	0.00798	0.01442
GCT	TCT	GT	-1.08815	0.04973	0.02749	1.08815	0.01675	0.02749
GCT	CCT	GC	-0.02056	0.03904	0.03864	0.02056	0.03825	0.03864
GCT	ACT	GA	-5.14895	0.16909	0.00508	5.14895	0.00098	0.00508
GCT	GTT	CT	-0.56506	0.08488	0.06315	0.56506	0.04824	0.06315
GCC	TCC	GT	-1.09759	0.06141	0.03375	1.09759	0.02049	0.03375
GCC	CCC	GC	-0.55486	0.04821	0.03607	0.55486	0.02768	0.03607
GCC	ACC	GA	-1.69628	0.20879	0.07952	1.69628	0.03829	0.07952
GCC	GTC	CT	-1.05467	0.10481	0.05908	1.05467	0.03651	0.05908
GCC	GCT	CT	-0.45287	0.10481	0.08286	0.45287	0.06664	0.08286
GCA	TCA	GT	-6.81319	0.06541	0.00049	6.81319	0.00007	0.00049
GCA	CCA	GC	-1.17758	0.05135	0.02692	1.17758	0.01582	0.02692
GCA	ACA	GA	-1.92644	0.22240	0.07305	1.92644	0.03240	0.07305
GCA	GTA	CT	-2.47282	0.11164	0.02543	2.47282	0.00942	0.02543
GCA	GCT	AT	0.41520	0.06541	0.07992	-0.41520	0.09907	0.07992
GCA	GCC	AC	0.86808	0.05135	0.07682	-0.86808	0.12233	0.07682
GCG	TCG	GT	-9.45386	0.01276	0.00001	9.45386	0.00000	0.00000
GCG	CCG	GC	-0.76228	0.01002	0.00668	0.76228	0.00467	0.00668
GCG	ACG	GA	-3.15980	0.04338	0.00607	3.15980	0.00184	0.00607
GCG	GTG	CT	-0.60594	0.02177	0.01584	0.60594	0.01188	0.01584
GCG	GCT	GT	0.95258	0.01276	0.01978	-0.95258	0.03307	0.01978
GCG	GCC	GC	1.40546	0.01002	0.01865	-1.40546	0.04084	0.01865
GCG	GCA	GA	0.53738	0.04338	0.05607	-0.53738	0.07424	0.05607
GAT	TAT	GT	-0.79618	0.02487	0.01627	0.79618	0.01122	0.01627
GAT	CAT	GC	-1.01909	0.01952	0.01124	1.01909	0.00705	0.01124
GAT	AAT	GA	-0.40619	0.08455	0.06854	0.40619	0.05632	0.06854
GAT	GTT	AT	1.05927	0.02487	0.04032	-1.05927	0.07172	0.04032
GAT	GCT	AC	1.62433	0.01952	0.03949	-1.62433	0.09907	0.03949
GAC	TAC	GT	-5.30393	0.05784	0.00153	5.30393	0.00029	0.00153
GAC	CAC	GC	-1.49242	0.04541	0.01966	1.49242	0.01021	0.01966
GAC	AAC	GA	-1.30408	0.19666	0.09554	1.30408	0.05338	0.09554
GAC	GTC	AT	-0.06363	0.05784	0.05602	0.06363	0.05427	0.05602
GAC	GCC	AC	0.99104	0.04541	0.07157	-0.99104	0.12233	0.07157
GAC	GAT	CT	-1.08617	0.09872	0.05463	1.08617	0.03332	0.05463
GAA	CAA	GC	-1.27201	0.04592	0.02274	1.27201	0.01287	0.02274
GAA	AAA	GA	-1.59149	0.19887	0.08092	1.59149	0.04049	0.08092
GAA	GTA	AT	-1.42983	0.05849	0.02632	1.42983	0.01400	0.02632
GAA	GCA	AC	1.04299	0.04592	0.07395	-1.04299	0.13030	0.07395
GAA	GAT	AT	-0.16613	0.05849	0.05377	0.16613	0.04954	0.05377
GAA	GAC	AC	0.92003	0.04592	0.07024	-0.92003	0.11523	0.07024
GAG	CAG	GC	-0.49716	0.03522	0.02719	0.49716	0.02142	0.02719
GAG	AAG	GA	-0.36271	0.15255	0.12655	0.36271	0.10614	0.12655
GAG	GTG	AT	-0.93235	0.04487	0.02716	0.93235	0.01766	0.02716
GAG	GCG	AC	-0.32641	0.03522	0.02979	0.32641	0.02541	0.02979
GAG	GAT	GT	-0.99816	0.04487	0.02614	0.99816	0.01654	0.02614
GAG	GAC	GC	0.08801	0.03522	0.03680	-0.08801	0.03846	0.03680
GAG	GAA	GA	-0.83202	0.15255	0.09779	0.83202	0.06639	0.09779
GGT	TGT	GT	-10.18444	0.02649	0.00001	10.18444	0.00000	0.00000
GGT	CGT	GC	-0.60464	0.02079	0.01514	0.60464	0.01136	0.01514
GGT	AGT	GA	-5.90528	0.09006	0.00145	5.90528	0.00025	0.00145
GGT	GTT	GT	-0.10107	0.02649	0.02517	0.10107	0.02394	0.02517
GGT	GCT	GC	0.46399	0.02079	0.02599	-0.46399	0.03307	0.02599
GGT	GAT	GA	-1.16034	0.09006	0.04770	1.16034	0.02822	0.04770
GGC	TGC	GT	-5.29076	0.04281	0.00115	5.29076	0.00022	0.00115
GGC	CGC	GC	-10.42261	0.03361	0.00001	10.42261	0.00000	0.00000
GGC	AGC	GA	-1.96659	0.14557	0.04658	1.96659	0.02037	0.04658
GGC	GTC	GT	-0.85994	0.04281	0.02701	0.85994	0.01812	0.02701
GGC	GCC	GC	0.19473	0.03361	0.03699	-0.19473	0.04084	0.03699
GGC	GAC	GA	-0.79631	0.14557	0.09522	0.79631	0.06565	0.09522
GGC	GGT	CT	-0.72213	0.07307	0.04984	0.72213	0.03549	0.04984
GGA	CGA	GC	-2.76867	0.00688	0.00127	2.76867	0.00043	0.00127
GGA	AGA	GA	-1.44856	0.02978	0.01324	1.44856	0.00699	0.01324
GGA	GTA	GT	-0.62802	0.00876	0.00629	0.62802	0.00467	0.00629
GGA	GCA	GC	1.84480	0.00688	0.01506	-1.84480	0.04350	0.01506
GGA	GAA	GA	0.80181	0.02978	0.04329	-0.80181	0.06639	0.04329
GGA	GGT	AT	1.79602	0.00876	0.01886	-1.79602	0.05277	0.01886
GGA	GGC	AC	2.51815	0.00688	0.01883	-2.51815	0.08529	0.01883
GGG	TGG	GT	-0.81342	0.00032	0.00021	0.81342	0.00014	0.00021
GGG	CGG	GC	3.12986	0.00025	0.00083	-3.12986	0.00582	0.00083
GGG	AGG	GA	3.17486	0.00110	0.00365	-3.17486	0.02638	0.00365
GGG	GTG	GT	2.90015	0.00032	0.00100	-2.90015	0.00590	0.00100
GGG	GCG	GC	3.50609	0.00025	0.00092	-3.50609	0.00848	0.00092
GGG	GAG	GA	3.83250	0.00110	0.00432	-3.83250	0.05092	0.00432
GGG	GGT	GT	3.99469	0.00032	0.00132	-3.99469	0.01761	0.00132
GGG	GGC	GC	4.71682	0.00025	0.00121	-4.71682	0.02847	0.00121
GGG	GGA	GA	2.19867	0.00110	0.00273	-2.19867	0.00994	0.00273


Histograms
2Ns	FMut	FSub(CodonUsage)	FSubw(after w)

-9.95170	0.01151	0.00001
-8.95653	0.00463	0.00001
-7.96136	0.00314	0.00001
-6.96619	0.00708	0.00008
-5.97102	0.02408	0.00053
-4.97585	0.04683	0.00212
-3.98068	0.02796	0.00291
-2.98551	0.03907	0.00936
-1.99034	0.16658	0.07929
-0.99517	0.29805	0.24977
0.00000	0.22542	0.31187
0.99517	0.11660	0.24977
1.99034	0.02596	0.07929
2.98551	0.00222	0.00936
3.98068	0.00051	0.00291
4.97585	0.00030	0.00212
5.97102	0.00006	0.00052
6.96619	0.00001	0.00008
7.96136	0.00000	0.00000
8.95653	0.00000	0.00000
9.95170	0.00000	0.00000

Proportion of advantageous (S > 0) mutations:
 0.24380

Proportions of good & bad mutations (|S| > 2.0000) among mutations:
0.00966  0.22501

mean |Ns| = 1.66736	mean Ns+ = 0.77082	mean Ns- = -1.95642


MLEs of dN/dS (w) for site classes (K=4)

site class             0        1       2a       2b
proportion       0.12320  0.02422  0.71253  0.14006
background w     0.06306  1.00000  0.06306  1.00000
foreground w     0.06306  1.00000  1.00000  1.00000

Naive Empirical Bayes (NEB) probabilities for 4 classes
(amino acids refer to 1st sequence: Bacu)

   1 D   0.13442 0.01774 0.74521 0.10263 ( 3)
   2 Q   0.14572 0.00464 0.82281 0.02683 ( 3)
   3 A   0.00068 0.14675 0.00385 0.84873 ( 4)
   4 N   0.14710 0.00371 0.82770 0.02148 ( 3)
   5 H   0.11753 0.03305 0.65830 0.19113 ( 3)
   6 H   0.14888 0.00254 0.83386 0.01471 ( 3)
   7 S   0.08954 0.05943 0.50729 0.34374 ( 3)
   8 S   0.14579 0.00459 0.82310 0.02653 ( 3)
   9 S   0.09046 0.05853 0.51250 0.33851 ( 3)
  10 K   0.01085 0.13673 0.06162 0.79080 ( 4)
  11 N   0.14471 0.00537 0.81889 0.03104 ( 3)
  12 Q   0.10314 0.04636 0.58236 0.26814 ( 3)
  13 F   0.07405 0.07429 0.42199 0.42966 ( 4)
  14 D   0.14701 0.00372 0.82778 0.02149 ( 3)
  15 R   0.14369 0.00625 0.81388 0.03618 ( 3)
  16 F   0.08603 0.06274 0.48837 0.36286 ( 3)
  17 F   0.14051 0.00867 0.80066 0.05016 ( 3)
  18 R   0.10762 0.04169 0.60957 0.24112 ( 3)
  19 R   0.10430 0.04495 0.59075 0.26000 ( 3)
  20 L   0.01990 0.12783 0.11297 0.73930 ( 4)
  21 S   0.14430 0.00562 0.81758 0.03249 ( 3)
  22 F   0.00091 0.14651 0.00519 0.84738 ( 4)
  23 S   0.00000 0.14741 0.00000 0.85259 ( 4)
  24 F   0.07684 0.07154 0.43787 0.41375 ( 3)
  25 F   0.07093 0.07737 0.40420 0.44749 ( 4)
  26 -   0.13230 0.01702 0.75227 0.09842 ( 3)
  27 P   0.01006 0.13749 0.05724 0.79521 ( 4)
  28 I   0.01111 0.00131 0.98002 0.00757 ( 3)
  29 L   0.14781 0.00313 0.83097 0.01809 ( 3)
  30 L   0.01078 0.13679 0.06132 0.79112 ( 4)
  31 N   0.14744 0.00338 0.82965 0.01953 ( 3)
  32 T   0.00098 0.14645 0.00557 0.84700 ( 4)
  33 M   0.14608 0.00420 0.82542 0.02430 ( 3)
  34 A   0.13813 0.01062 0.78982 0.06143 ( 3)
  35 P   0.14330 0.00630 0.81394 0.03646 ( 3)
  36 K   0.14309 0.00649 0.81289 0.03753 ( 3)
  37 K   0.14309 0.00649 0.81289 0.03753 ( 3)
  38 D   0.14781 0.00294 0.83228 0.01698 ( 3)
  39 V   0.15095 0.00127 0.84047 0.00732 ( 3)
  40 K   0.14309 0.00649 0.81289 0.03753 ( 3)
  41 K   0.14802 0.00288 0.83244 0.01666 ( 3)
  42 P   0.09184 0.05651 0.52482 0.32683 ( 3)
  43 A   0.14036 0.00871 0.80054 0.05039 ( 3)
  44 A   0.14262 0.00695 0.81022 0.04021 ( 3)
  45 A   0.01024 0.01033 0.91970 0.05973 ( 3)
  46 A   0.07225 0.07602 0.41209 0.43964 ( 4)
  47 A   0.14237 0.00719 0.80882 0.04161 ( 3)
  48 P   0.14174 0.00727 0.80891 0.04207 ( 3)
  49 A   0.14311 0.00647 0.81301 0.03741 ( 3)
  50 P   0.14046 0.00839 0.80264 0.04851 ( 3)
  51 A   0.14252 0.00705 0.80968 0.04075 ( 3)
  52 P   0.14059 0.00971 0.79353 0.05616 ( 3)
  53 A   0.14155 0.00739 0.80829 0.04276 ( 3)
  54 P   0.14239 0.00688 0.81096 0.03978 ( 3)
  55 A   0.14007 0.00869 0.80095 0.05028 ( 3)
  56 P   0.14256 0.00632 0.81460 0.03653 ( 3)
  57 A   0.06868 0.07940 0.39272 0.45920 ( 4)
  58 P   0.13859 0.01024 0.79195 0.05922 ( 3)
  59 A   0.13795 0.01079 0.78883 0.06242 ( 3)
  60 P   0.13871 0.01012 0.79261 0.05855 ( 3)
  61 A   0.13798 0.01077 0.78898 0.06227 ( 3)
  62 P   0.13860 0.01023 0.79198 0.05919 ( 3)
  63 A   0.06146 0.08669 0.35047 0.50138 ( 4)
  64 P   0.14256 0.00658 0.81284 0.03803 ( 3)
  65 P   0.14093 0.00805 0.80444 0.04657 ( 3)
  66 K   0.14652 0.00362 0.82890 0.02096 ( 3)
  67 E   0.14392 0.00561 0.81805 0.03243 ( 3)
  68 K   0.00054 0.14688 0.00311 0.84947 ( 4)
  69 K   0.14161 0.00749 0.80759 0.04331 ( 3)
  70 I   0.14634 0.00374 0.82828 0.02164 ( 3)
  71 D   0.14605 0.00396 0.82707 0.02292 ( 3)
  72 L   0.14592 0.00405 0.82661 0.02342 ( 3)
  73 S   0.09812 0.05087 0.55682 0.29419 ( 3)
  74 A   0.14198 0.00713 0.80965 0.04124 ( 3)
  75 I   0.00165 0.14579 0.00935 0.84320 ( 4)
  76 E   0.09358 0.05557 0.52947 0.32138 ( 3)
  77 F   0.14377 0.00591 0.81616 0.03416 ( 3)
  78 K   0.14332 0.00626 0.81424 0.03618 ( 3)
  79 E   0.14542 0.00463 0.82315 0.02680 ( 3)
  80 A   0.13891 0.00985 0.79428 0.05696 ( 3)
  81 F   0.14125 0.00794 0.80489 0.04592 ( 3)
  82 L   0.14759 0.00310 0.83140 0.01791 ( 3)
  83 L   0.13830 0.01039 0.79121 0.06010 ( 3)
  84 Y   0.13530 0.01546 0.75981 0.08943 ( 3)
  85 D   0.14773 0.00301 0.83185 0.01741 ( 3)
  86 R   0.13047 0.02086 0.72802 0.12065 ( 3)
  87 Q   0.01796 0.12974 0.10195 0.75035 ( 4)
  88 G   0.14280 0.00662 0.81231 0.03827 ( 3)
  89 D   0.01113 0.00096 0.98236 0.00555 ( 3)
  90 N   0.00000 0.14741 0.00000 0.85258 ( 4)
  91 K   0.14332 0.00626 0.81424 0.03618 ( 3)
  92 I   0.15162 0.00094 0.84198 0.00546 ( 3)
  93 T   0.11687 0.03327 0.65741 0.19245 ( 3)
  94 L   0.14256 0.00684 0.81102 0.03957 ( 3)
  95 S   0.00253 0.14495 0.01418 0.83834 ( 4)
  96 Q   0.14660 0.00377 0.82780 0.02183 ( 3)
  97 V   0.14694 0.00354 0.82908 0.02045 ( 3)
  98 G   0.14153 0.00770 0.80624 0.04453 ( 3)
  99 D   0.15196 0.00082 0.84246 0.00475 ( 3)
 100 V   0.14819 0.00271 0.83344 0.01566 ( 3)
 101 L   0.14832 0.00262 0.83387 0.01518 ( 3)
 102 R   0.14545 0.00460 0.82333 0.02662 ( 3)
 103 A   0.14060 0.00847 0.80193 0.04900 ( 3)
 104 L   0.14046 0.00859 0.80124 0.04970 ( 3)
 105 G   0.14272 0.00671 0.81173 0.03883 ( 3)
 106 T   0.14402 0.00569 0.81739 0.03290 ( 3)
 107 N   0.14557 0.00453 0.82372 0.02619 ( 3)
 108 P   0.14260 0.00682 0.81112 0.03945 ( 3)
 109 T   0.14811 0.00276 0.83315 0.01598 ( 3)
 110 N   0.14557 0.00453 0.82372 0.02619 ( 3)
 111 A   0.13837 0.01038 0.79120 0.06005 ( 3)
 112 E   0.14542 0.00463 0.82315 0.02680 ( 3)
 113 V   0.14819 0.00271 0.83344 0.01566 ( 3)
 114 K   0.14335 0.00623 0.81437 0.03605 ( 3)
 115 E   0.00000 0.14741 0.00000 0.85259 ( 4)
 116 V   0.14751 0.00298 0.83228 0.01723 ( 3)
 117 L   0.07450 0.07379 0.42496 0.42675 ( 4)
 118 G   0.14931 0.00203 0.83689 0.01177 ( 3)
 119 N   0.11465 0.03541 0.64514 0.20480 ( 3)
 120 P   0.14260 0.00682 0.81112 0.03945 ( 3)
 121 S   0.14940 0.00197 0.83725 0.01138 ( 3)
 122 N   0.01607 0.13164 0.09093 0.76136 ( 4)
 123 E   0.14565 0.00447 0.82405 0.02584 ( 3)
 124 E   0.14542 0.00463 0.82317 0.02678 ( 3)
 125 M   0.14628 0.00400 0.82656 0.02315 ( 3)
 126 N   0.14557 0.00453 0.82372 0.02619 ( 3)
 127 V   0.08996 0.05881 0.51107 0.34015 ( 3)
 128 K   0.14332 0.00626 0.81424 0.03618 ( 3)
 129 K   0.14819 0.00272 0.83339 0.01570 ( 3)
 130 I   0.14800 0.00283 0.83281 0.01636 ( 3)
 131 E   0.14541 0.00464 0.82310 0.02685 ( 3)
 132 F   0.14125 0.00794 0.80488 0.04593 ( 3)
 133 E   0.10027 0.04900 0.56731 0.28342 ( 3)
 134 Q   0.14827 0.00268 0.83358 0.01547 ( 3)
 135 F   0.14125 0.00794 0.80489 0.04592 ( 3)
 136 L   0.14046 0.00859 0.80124 0.04970 ( 3)
 137 P   0.14260 0.00682 0.81112 0.03945 ( 3)
 138 M   0.14628 0.00400 0.82656 0.02315 ( 3)
 139 L   0.02622 0.12171 0.14816 0.70391 ( 4)
 140 Q   0.14831 0.00264 0.83380 0.01525 ( 3)
 141 S   0.10116 0.04831 0.57112 0.27941 ( 3)
 142 I   0.14800 0.00283 0.83281 0.01636 ( 3)
 143 S   0.14498 0.00496 0.82140 0.02867 ( 3)
 144 N   0.14798 0.00285 0.83268 0.01648 ( 3)
 145 K   0.11514 0.03493 0.64788 0.20204 ( 3)
 146 K   0.14332 0.00626 0.81424 0.03618 ( 3)
 147 D   0.14773 0.00301 0.83185 0.01741 ( 3)
 148 Q   0.14660 0.00377 0.82780 0.02183 ( 3)
 149 G   0.14266 0.00677 0.81138 0.03918 ( 3)
 150 T   0.14964 0.00126 0.84179 0.00730 ( 3)
 151 Y   0.14880 0.00229 0.83565 0.01326 ( 3)
 152 E   0.14565 0.00447 0.82405 0.02584 ( 3)
 153 D   0.14773 0.00301 0.83185 0.01741 ( 3)
 154 F   0.14125 0.00794 0.80487 0.04594 ( 3)
 155 V   0.14694 0.00354 0.82908 0.02045 ( 3)
 156 E   0.14542 0.00463 0.82317 0.02678 ( 3)
 157 G   0.14153 0.00770 0.80624 0.04453 ( 3)
 158 L   0.14046 0.00859 0.80124 0.04970 ( 3)
 159 R   0.14224 0.00711 0.80953 0.04112 ( 3)
 160 V   0.14819 0.00271 0.83344 0.01566 ( 3)
 161 F   0.14143 0.00776 0.80592 0.04489 ( 3)
 162 D   0.14773 0.00301 0.83185 0.01741 ( 3)
 163 K   0.14332 0.00626 0.81424 0.03618 ( 3)
 164 E   0.14565 0.00447 0.82405 0.02584 ( 3)
 165 G   0.14266 0.00677 0.81138 0.03918 ( 3)
 166 N   0.14557 0.00453 0.82372 0.02619 ( 3)
 167 G   0.14266 0.00677 0.81138 0.03918 ( 3)
 168 T   0.14966 0.00125 0.84187 0.00722 ( 3)
 169 V   0.14709 0.00339 0.82994 0.01958 ( 3)
 170 M   0.14628 0.00400 0.82656 0.02315 ( 3)
 171 G   0.14153 0.00770 0.80624 0.04453 ( 3)
 172 A   0.14060 0.00847 0.80193 0.04900 ( 3)
 173 E   0.14565 0.00447 0.82405 0.02584 ( 3)
 174 L   0.14832 0.00263 0.83383 0.01522 ( 3)
 175 R   0.14223 0.00712 0.80949 0.04116 ( 3)
 176 H   0.15389 0.00033 0.84389 0.00189 ( 3)
 177 V   0.15058 0.00163 0.83839 0.00941 ( 3)
 178 L   0.13791 0.01077 0.78901 0.06231 ( 3)
 179 A   0.14101 0.00807 0.80423 0.04669 ( 3)
 180 T   0.14656 0.00320 0.83176 0.01849 ( 3)
 181 L   0.13823 0.01045 0.79085 0.06046 ( 3)


lnL = -1907.555946

