Supplemental results for CODEML (seqf: /home/leticiamagpali/phd/evol_models/codeml/big_dataset/cml_align/MYH2_codon_aligned.phy  treef: /home/leticiamagpali/phd/evol_models/codeml/big_dataset/cml_trees/gene_trees/H1c_gene_trees/MYH2_tree_H1c.tre)

I	J	ij	2Ns_IJ	pMut_IJ	pSub_IJ	2Ns_JI	pMut_JI	pSub_JI

TTC	TTT	CT	-0.32813	0.07645	0.06459	0.32813	0.05507	0.06459
TTA	TTT	AT	9.47512	0.00000	0.00000	-9.47512	0.01120	0.00001
TTA	TTC	AC	9.80325	0.00000	0.00000	-9.80325	0.02766	0.00001
TTG	TTT	GT	1.58875	0.00249	0.00497	-1.58875	0.01219	0.00497
TTG	TTC	GC	1.91688	0.00443	0.00995	-1.91688	0.03010	0.00995
TTG	TTA	GA	-7.88637	0.00786	0.00002	7.88637	0.00000	0.00000
TCT	TTT	CT	2.19338	0.00614	0.01516	-2.19338	0.05507	0.01516
TCC	TTC	CT	0.96218	0.05196	0.08091	-0.96218	0.13601	0.08091
TCC	TCT	CT	-1.55933	0.05196	0.02158	1.55933	0.01093	0.02158
TCA	TTA	CT	-7.82574	0.01131	0.00004	7.82574	0.00000	0.00000
TCA	TCT	AT	-0.54400	0.00383	0.00288	0.54400	0.00222	0.00288
TCA	TCC	AC	1.01533	0.00681	0.01084	-1.01533	0.01880	0.01084
TCG	TTG	CT	0.35955	0.00913	0.01087	-0.35955	0.01308	0.01087
TCG	TCT	GT	-0.24508	0.00309	0.00273	0.24508	0.00242	0.00273
TCG	TCC	GC	1.31425	0.00550	0.00988	-1.31425	0.02046	0.00988
TCG	TCA	GA	0.29892	0.00976	0.01130	-0.29892	0.01317	0.01130
TAT	TTT	AT	1.27874	0.00312	0.00552	-1.27874	0.01120	0.00552
TAT	TCT	AC	-0.91464	0.00555	0.00339	0.91464	0.00222	0.00339
TAC	TTC	AT	0.67304	0.01411	0.01939	-0.67304	0.02766	0.01939
TAC	TCC	AC	-0.28914	0.02510	0.02165	0.28914	0.01880	0.02165
TAC	TAT	CT	-0.93383	0.04170	0.02522	0.93383	0.01639	0.02522
TGT	TTT	GT	4.02017	0.00022	0.00090	-4.02017	0.01219	0.00090
TGT	TCT	GC	1.82678	0.00039	0.00085	-1.82678	0.00242	0.00085
TGT	TAT	GA	2.74143	0.00069	0.00203	-2.74143	0.01072	0.00203
TGC	TTC	GT	1.20472	0.00902	0.01553	-1.20472	0.03010	0.01553
TGC	TCC	GC	0.24254	0.01606	0.01808	-0.24254	0.02046	0.01808
TGC	TAC	GA	0.53168	0.02851	0.03676	-0.53168	0.04853	0.03676
TGC	TGT	CT	-3.14357	0.02667	0.00378	3.14357	0.00115	0.00378
TGG	TTG	GT	-1.22921	0.00990	0.00503	1.22921	0.00290	0.00503
TGG	TCG	GC	-1.58876	0.01761	0.00718	1.58876	0.00360	0.00718
TGG	TGT	GT	-3.66063	0.00990	0.00096	3.66063	0.00025	0.00096
TGG	TGC	GC	-0.51706	0.01761	0.01345	0.51706	0.01050	0.01345
CTT	TTT	CT	2.67397	0.00380	0.01091	-2.67397	0.05507	0.01091
CTC	TTC	CT	0.74873	0.06433	0.09139	-0.74873	0.13601	0.09139
CTC	CTT	CT	-2.25337	0.06433	0.01701	2.25337	0.00676	0.01701
CTA	TTA	CT	-7.88805	0.01204	0.00004	7.88805	0.00000	0.00000
CTA	CTT	AT	-1.08689	0.00407	0.00225	1.08689	0.00137	0.00225
CTA	CTC	AC	1.16648	0.00725	0.01228	-1.16648	0.02327	0.01228
CTG	TTG	CT	-2.77015	0.20882	0.03867	2.77015	0.01308	0.03867
CTG	CTT	GT	-3.85537	0.07066	0.00589	3.85537	0.00150	0.00589
CTG	CTC	GC	-1.60200	0.12572	0.05082	1.60200	0.02533	0.05082
CTG	CTA	GA	-2.76848	0.22327	0.04139	2.76848	0.01401	0.04139
CCT	TCT	CT	2.70959	0.00073	0.00211	-2.70959	0.01093	0.00211
CCT	CTT	CT	2.22901	0.00073	0.00182	-2.22901	0.00676	0.00182
CCC	TCC	CT	1.35187	0.02392	0.04363	-1.35187	0.09245	0.04363
CCC	CTC	CT	1.56532	0.02392	0.04734	-1.56532	0.11444	0.04734
CCC	CCT	CT	-2.91705	0.02392	0.00399	2.91705	0.00129	0.00399
CCA	TCA	CT	1.08691	0.00679	0.01113	-1.08691	0.02013	0.01113
CCA	CTA	CT	1.14921	0.00679	0.01142	-1.14921	0.02142	0.01142
CCA	CCT	AT	-2.16669	0.00230	0.00064	2.16669	0.00026	0.00064
CCA	CCC	AC	0.75037	0.00409	0.00581	-0.75037	0.00865	0.00581
CCG	TCG	CT	-0.15185	0.01891	0.01751	0.15185	0.01625	0.01751
CCG	CTG	CT	2.97786	0.01891	0.05933	-2.97786	0.37151	0.05933
CCG	CCT	GT	-3.10652	0.00640	0.00093	3.10652	0.00029	0.00093
CCG	CCC	GC	-0.18947	0.01138	0.01034	0.18947	0.00942	0.01034
CCG	CCA	GA	-0.93984	0.02022	0.01218	0.93984	0.00790	0.01218
CAT	TAT	CT	5.31228	0.00008	0.00043	-5.31228	0.01639	0.00043
CAT	CTT	AT	3.91705	0.00003	0.00011	-3.91705	0.00137	0.00011
CAT	CCT	AC	1.68805	0.00005	0.00010	-1.68805	0.00026	0.00010
CAC	TAC	CT	0.51045	0.04453	0.05686	-0.51045	0.07419	0.05686
CAC	CTC	AT	0.43477	0.01507	0.01858	-0.43477	0.02327	0.01858
CAC	CCC	AC	-1.13055	0.02681	0.01445	1.13055	0.00865	0.01445
CAC	CAT	CT	-5.73565	0.04453	0.00083	5.73565	0.00014	0.00083
CAA	CTA	AT	0.01461	0.00429	0.00432	-0.01461	0.00436	0.00432
CAA	CCA	AC	-1.13461	0.00764	0.00411	1.13461	0.00246	0.00411
CAA	CAT	AT	-4.98934	0.00429	0.00015	4.98934	0.00003	0.00015
CAA	CAC	AC	0.74631	0.00764	0.01084	-0.74631	0.01611	0.01084
CAG	CTG	AT	0.64124	0.03979	0.05390	-0.64124	0.07555	0.05390
CAG	CCG	AC	-2.33662	0.07079	0.01770	2.33662	0.00684	0.01770
CAG	CAT	GT	-7.13119	0.03979	0.00023	7.13119	0.00003	0.00023
CAG	CAC	GC	-1.39553	0.07079	0.03253	1.39553	0.01753	0.03253
CAG	CAA	GA	-2.14185	0.12572	0.03583	2.14185	0.01476	0.03583
CGT	TGT	CT	-1.54917	0.00541	0.00226	1.54917	0.00115	0.00226
CGT	CTT	GT	-0.20297	0.00183	0.00165	0.20297	0.00150	0.00165
CGT	CCT	GC	-2.43198	0.00326	0.00076	2.43198	0.00029	0.00076
CGT	CAT	GA	-4.12002	0.00579	0.00039	4.12002	0.00009	0.00039
CGC	TGC	CT	0.15062	0.04081	0.04396	-0.15062	0.04745	0.04396
CGC	CTC	GT	0.60662	0.01381	0.01842	-0.60662	0.02533	0.01842
CGC	CCC	GC	-0.95871	0.02457	0.01465	0.95871	0.00942	0.01465
CGC	CAC	GA	0.17185	0.04364	0.04749	-0.17185	0.05182	0.04749
CGC	CGT	CT	-1.44378	0.04081	0.01820	1.44378	0.00963	0.01820
CGA	CTA	GT	0.31924	0.00345	0.00402	-0.31924	0.00474	0.00402
CGA	CCA	GC	-0.82997	0.00613	0.00393	0.82997	0.00267	0.00393
CGA	CAA	GA	0.30463	0.01089	0.01263	-0.30463	0.01476	0.01263
CGA	CGT	AT	-0.56468	0.00345	0.00256	0.56468	0.00196	0.00256
CGA	CGC	AC	0.87910	0.00613	0.00921	-0.87910	0.01477	0.00921
CGG	TGG	CT	1.05608	0.01810	0.02931	-1.05608	0.05205	0.02931
CGG	CTG	GT	2.59702	0.00613	0.01719	-2.59702	0.08223	0.01719
CGG	CCG	GC	-0.38083	0.01090	0.00895	0.38083	0.00745	0.00895
CGG	CAG	GA	1.95578	0.01936	0.04409	-1.95578	0.13683	0.04409
CGG	CGT	GT	-1.05538	0.00613	0.00345	1.05538	0.00213	0.00345
CGG	CGC	GC	0.38840	0.01090	0.01315	-0.38840	0.01607	0.01315
CGG	CGA	GA	-0.49069	0.01936	0.01499	0.49069	0.01185	0.01499
ATT	TTT	AT	0.00123	0.01118	0.01119	-0.00123	0.01120	0.01119
ATT	CTT	AC	-2.67274	0.01990	0.00395	2.67274	0.00137	0.00395
ATC	TTC	AT	-0.18664	0.03334	0.03032	0.18664	0.02766	0.03032
ATC	CTC	AC	-0.93536	0.05931	0.03583	0.93536	0.02327	0.03583
ATC	ATT	CT	-0.51599	0.09851	0.07527	0.51599	0.05880	0.07527
ATA	TTA	AT	-8.40391	0.00410	0.00001	8.40391	0.00000	0.00000
ATA	CTA	AC	-0.51587	0.00730	0.00558	0.51587	0.00436	0.00558
ATA	ATT	AT	1.06999	0.00410	0.00668	-1.06999	0.01196	0.00668
ATA	ATC	AC	1.58597	0.00730	0.01455	-1.58597	0.03564	0.01455
ATG	TTG	AT	-2.36052	0.02819	0.00694	2.36052	0.00266	0.00694
ATG	CTG	AC	0.40963	0.05016	0.06113	-0.40963	0.07555	0.06113
ATG	ATT	GT	-0.77299	0.02819	0.01869	0.77299	0.01302	0.01869
ATG	ATC	GC	-0.25701	0.05016	0.04399	0.25701	0.03879	0.04399
ATG	ATA	GA	-1.84298	0.08909	0.03089	1.84298	0.01411	0.03089
ACT	TCT	AT	0.22325	0.00178	0.00198	-0.22325	0.00222	0.00198
ACT	CCT	AC	-2.48634	0.00316	0.00071	2.48634	0.00026	0.00071
ACT	ATT	CT	2.41541	0.00525	0.01393	-2.41541	0.05880	0.01393
ACC	TCC	AT	0.24519	0.01471	0.01659	-0.24519	0.01880	0.01659
ACC	CCC	AC	-1.10668	0.02617	0.01431	1.10668	0.00865	0.01431
ACC	ATC	CT	1.39401	0.04348	0.08061	-1.39401	0.17526	0.08061
ACC	ACT	CT	-1.53739	0.04348	0.01830	1.53739	0.00935	0.01830
ACA	TCA	AT	-0.42080	0.00624	0.00501	0.42080	0.00409	0.00501
ACA	CCA	AC	-1.50771	0.01109	0.00476	1.50771	0.00246	0.00476
ACA	ATA	CT	0.15737	0.01843	0.01991	-0.15737	0.02157	0.01991
ACA	ACT	AT	-1.18805	0.00624	0.00325	1.18805	0.00190	0.00325
ACA	ACC	AC	0.34934	0.01109	0.01314	-0.34934	0.01573	0.01314
ACG	TCG	AT	-1.07217	0.00965	0.00539	1.07217	0.00330	0.00539
ACG	CCG	AC	-0.92032	0.01717	0.01047	0.92032	0.00684	0.01047
ACG	ATG	CT	1.64790	0.02853	0.05821	-1.64790	0.14823	0.05821
ACG	ACT	GT	-1.54051	0.00965	0.00406	1.54051	0.00207	0.00406
ACG	ACC	GC	-0.00312	0.01717	0.01715	0.00312	0.01712	0.01715
ACG	ACA	GA	-0.35245	0.03050	0.02544	0.35245	0.02144	0.02544
AAT	TAT	AT	0.95278	0.00129	0.00199	-0.95278	0.00333	0.00199
AAT	CAT	AC	-4.35951	0.00229	0.00013	4.35951	0.00003	0.00013
AAT	ATT	AT	2.23029	0.00129	0.00321	-2.23029	0.01196	0.00321
AAT	ACT	AC	-0.18512	0.00229	0.00208	0.18512	0.00190	0.00208
AAC	TAC	AT	-1.00438	0.04119	0.02391	1.00438	0.01509	0.02391
AAC	CAC	AC	-1.51484	0.07328	0.03128	1.51484	0.01611	0.03128
AAC	ATC	AT	-0.14470	0.04119	0.03828	0.14470	0.03564	0.03828
AAC	ACC	AC	-1.53871	0.07328	0.03082	1.53871	0.01573	0.03082
AAC	AAT	CT	-2.89098	0.12173	0.02069	2.89098	0.00676	0.02069
AAA	CAA	AC	-1.64752	0.02384	0.00937	1.64752	0.00459	0.00937
AAA	ATA	AT	-1.11705	0.01340	0.00728	1.11705	0.00439	0.00728
AAA	ACA	AC	-1.27442	0.02384	0.01179	1.27442	0.00667	0.01179
AAA	AAT	AT	-2.27735	0.01340	0.00349	2.27735	0.00137	0.00349
AAA	AAC	AC	0.61363	0.02384	0.03190	-0.61363	0.04404	0.03190
AAG	CAG	AC	-1.37822	0.16880	0.07839	1.37822	0.04254	0.07839
AAG	ATG	AT	-1.14661	0.09488	0.05066	1.14661	0.03015	0.05066
AAG	ACG	AC	-2.79451	0.16880	0.03072	2.79451	0.01032	0.03072
AAG	AAT	GT	-4.14990	0.09488	0.00631	4.14990	0.00150	0.00631
AAG	AAC	GC	-1.25892	0.16880	0.08428	1.25892	0.04793	0.08428
AAG	AAA	GA	-1.87255	0.29980	0.10198	1.87255	0.04609	0.10198
AGT	TGT	AT	-0.05088	0.00025	0.00024	0.05088	0.00023	0.00024
AGT	CGT	AC	1.49829	0.00044	0.00084	-1.49829	0.00196	0.00084
AGT	ATT	GT	3.96807	0.00025	0.00100	-3.96807	0.01302	0.00100
AGT	ACT	GC	1.55266	0.00044	0.00086	-1.55266	0.00207	0.00086
AGT	AAT	GA	1.73777	0.00078	0.00164	-1.73777	0.00442	0.00164
AGC	TGC	AT	-0.22078	0.01203	0.01075	0.22078	0.00965	0.01075
AGC	CGC	AC	-0.37139	0.02141	0.01768	0.37139	0.01477	0.01768
AGC	ATC	GT	1.17059	0.01203	0.02042	-1.17059	0.03879	0.02042
AGC	ACC	GC	-0.22342	0.02141	0.01910	0.22342	0.01712	0.01910
AGC	AAC	GA	1.31529	0.03802	0.06835	-1.31529	0.14165	0.06835
AGC	AGT	CT	-3.31347	0.03556	0.00445	3.31347	0.00129	0.00445
AGA	CGA	AC	1.33137	0.00097	0.00176	-1.33137	0.00368	0.00176
AGA	ATA	GT	2.16648	0.00055	0.00134	-2.16648	0.00477	0.00134
AGA	ACA	GC	2.00911	0.00097	0.00226	-2.00911	0.00726	0.00226
AGA	AAA	GA	3.28352	0.00173	0.00590	-3.28352	0.04609	0.00590
AGA	AGT	AT	-0.73160	0.00055	0.00037	0.73160	0.00026	0.00037
AGA	AGC	AC	2.58187	0.00097	0.00272	-2.58187	0.01287	0.00272
AGG	TGG	AT	0.32020	0.00768	0.00898	-0.32020	0.01058	0.00898
AGG	CGG	AC	-0.73589	0.01367	0.00925	0.73589	0.00655	0.00925
AGG	ATG	GT	1.45150	0.00768	0.01457	-1.45150	0.03281	0.01457
AGG	ACG	GC	-0.19639	0.01367	0.01237	0.19639	0.01123	0.01237
AGG	AAG	GA	2.59812	0.02428	0.06815	-2.59812	0.32629	0.06815
AGG	AGT	GT	-3.28956	0.00768	0.00098	3.28956	0.00029	0.00098
AGG	AGC	GC	0.02391	0.01367	0.01384	-0.02391	0.01400	0.01384
AGG	AGA	GA	-2.55795	0.02428	0.00522	2.55795	0.00188	0.00522
GTT	TTT	GT	9.55979	0.00000	0.00000	-9.55979	0.01219	0.00001
GTT	CTT	GC	6.88582	0.00000	0.00000	-6.88582	0.00150	0.00001
GTT	ATT	GA	9.55857	0.00000	0.00000	-9.55857	0.03846	0.00003
GTC	TTC	GT	1.41657	0.00730	0.01366	-1.41657	0.03010	0.01366
GTC	CTC	GC	0.66784	0.01299	0.01781	-0.66784	0.02533	0.01781
GTC	ATC	GA	1.60321	0.02307	0.04631	-1.60321	0.11464	0.04631
GTC	GTT	CT	-8.47135	0.02158	0.00004	8.47135	0.00000	0.00000
GTA	TTA	GT	-7.70306	0.00222	0.00001	7.70306	0.00000	0.00000
GTA	CTA	GC	0.18499	0.00394	0.00432	-0.18499	0.00474	0.00432
GTA	ATA	GA	0.70086	0.00700	0.00974	-0.70086	0.01411	0.00974
GTA	GTT	AT	-7.78773	0.00222	0.00001	7.78773	0.00000	0.00000
GTA	GTC	AC	0.68362	0.00394	0.00544	-0.68362	0.00781	0.00544
GTG	TTG	GT	-1.80215	0.01756	0.00625	1.80215	0.00290	0.00625
GTG	CTG	GC	0.96800	0.03123	0.04875	-0.96800	0.08223	0.04875
GTG	ATG	GA	0.55837	0.05547	0.07239	-0.55837	0.09696	0.07239
GTG	GTT	GT	-9.77320	0.01756	0.00001	9.77320	0.00000	0.00000
GTG	GTC	GC	-1.30185	0.03123	0.01519	1.30185	0.00850	0.01519
GTG	GTA	GA	-1.98547	0.05547	0.01753	1.98547	0.00762	0.01753
GCT	TCT	GT	-1.57213	0.01165	0.00480	1.57213	0.00242	0.00480
GCT	CCT	GC	-4.28172	0.02073	0.00124	4.28172	0.00029	0.00124
GCT	ACT	GA	-1.79538	0.03681	0.01316	1.79538	0.00611	0.01316
GCT	GTT	CT	-8.93854	0.03443	0.00004	8.93854	0.00000	0.00000
GCC	TCC	GT	-0.39709	0.03044	0.02479	0.39709	0.02046	0.02479
GCC	CCC	GC	-1.74896	0.05415	0.01994	1.74896	0.00942	0.01994
GCC	ACC	GA	-0.64229	0.09617	0.06857	0.64229	0.05059	0.06857
GCC	GTC	CT	-0.85148	0.08995	0.05702	0.85148	0.03839	0.05702
GCC	GCT	CT	-0.38429	0.08995	0.07377	0.38429	0.06125	0.07377
GCA	TCA	GT	-0.50149	0.00736	0.00567	0.50149	0.00446	0.00567
GCA	CCA	GC	-1.58840	0.01309	0.00534	1.58840	0.00267	0.00534
GCA	ACA	GA	-0.08070	0.02324	0.02232	0.08070	0.02144	0.02232
GCA	GTA	CT	-0.62418	0.02174	0.01566	0.62418	0.01165	0.01566
GCA	GCT	AT	0.52663	0.00736	0.00946	-0.52663	0.01246	0.00946
GCA	GCC	AC	0.91093	0.01309	0.01994	-0.91093	0.03254	0.01994
GCG	TCG	GT	0.96694	0.00137	0.00213	-0.96694	0.00360	0.00213
GCG	CCG	GC	1.11879	0.00243	0.00404	-1.11879	0.00745	0.00404
GCG	ACG	GA	2.03911	0.00432	0.01013	-2.03911	0.03320	0.01013
GCG	GTG	CT	3.12865	0.00404	0.01322	-3.12865	0.09230	0.01322
GCG	GCT	GT	2.29399	0.00137	0.00349	-2.29399	0.01356	0.00349
GCG	GCC	GC	2.67828	0.00243	0.00700	-2.67828	0.03542	0.00700
GCG	GCA	GA	1.76736	0.00432	0.00921	-1.76736	0.02530	0.00921
GAT	TAT	GT	-0.99276	0.00979	0.00572	0.99276	0.00363	0.00572
GAT	CAT	GC	-6.30504	0.01742	0.00020	6.30504	0.00003	0.00020
GAT	AAT	GA	-1.94553	0.03093	0.01003	1.94553	0.00442	0.01003
GAT	GTT	AT	-9.27381	0.00979	0.00001	9.27381	0.00000	0.00000
GAT	GCT	AC	-0.33527	0.01742	0.01466	0.33527	0.01246	0.01466
GAC	TAC	GT	-0.94056	0.04206	0.02534	0.94056	0.01642	0.02534
GAC	CAC	GC	-1.45101	0.07483	0.03323	1.45101	0.01753	0.03323
GAC	AAC	GA	0.06382	0.13289	0.13718	-0.06382	0.14165	0.13718
GAC	GTC	AT	-1.68408	0.04206	0.01614	1.68408	0.00781	0.01614
GAC	GCC	AC	-0.83260	0.07483	0.04795	0.83260	0.03254	0.04795
GAC	GAT	CT	-0.88162	0.12429	0.07745	0.88162	0.05147	0.07745
GAA	CAA	GC	-1.71390	0.02773	0.01044	1.71390	0.00500	0.01044
GAA	AAA	GA	-0.06638	0.04925	0.04764	0.06638	0.04609	0.04764
GAA	GTA	AT	-1.88428	0.01559	0.00526	1.88428	0.00237	0.00526
GAA	GCA	AC	-1.26010	0.02773	0.01384	1.26010	0.00787	0.01384
GAA	GAT	AT	-0.39820	0.01559	0.01269	0.39820	0.01047	0.01269
GAA	GAC	AC	0.48343	0.02773	0.03497	-0.48343	0.04497	0.03497
GAG	CAG	GC	-1.29366	0.16882	0.08254	1.29366	0.04630	0.08254
GAG	AAG	GA	0.08456	0.29983	0.31269	-0.08456	0.32629	0.31269
GAG	GTG	AT	-1.62042	0.09489	0.03792	1.62042	0.01877	0.03792
GAG	GCG	AC	-4.74906	0.16882	0.00700	4.74906	0.00146	0.00700
GAG	GAT	GT	-2.11980	0.09489	0.02744	2.11980	0.01139	0.02744
GAG	GAC	GC	-1.23818	0.16882	0.08534	1.23818	0.04894	0.08534
GAG	GAA	GA	-1.72160	0.29983	0.11237	1.72160	0.05360	0.11237
GGT	TGT	GT	1.13240	0.00008	0.00014	-1.13240	0.00025	0.00014
GGT	CGT	GC	2.68157	0.00015	0.00042	-2.68157	0.00213	0.00042
GGT	AGT	GA	1.18328	0.00026	0.00044	-1.18328	0.00085	0.00044
GGT	GTT	GT	-4.40722	0.00008	0.00000	4.40722	0.00000	0.00000
GGT	GCT	GC	4.53132	0.00015	0.00067	-4.53132	0.01356	0.00067
GGT	GAT	GA	4.86659	0.00026	0.00127	-4.86659	0.03367	0.00127
GGC	TGC	GT	-0.65463	0.02021	0.01431	0.65463	0.01050	0.01431
GGC	CGC	GC	-0.80525	0.03595	0.02340	0.80525	0.01607	0.02340
GGC	AGC	GA	-0.43385	0.06385	0.05100	0.43385	0.04138	0.05100
GGC	GTC	GT	-0.86647	0.02021	0.01270	0.86647	0.00850	0.01270
GGC	GCC	GC	-0.01499	0.03595	0.03568	0.01499	0.03542	0.03568
GGC	GAC	GA	0.81761	0.06385	0.09348	-0.81761	0.14464	0.09348
GGC	GGT	CT	-4.93060	0.05972	0.00214	4.93060	0.00043	0.00214
GGA	CGA	GC	-0.63165	0.00754	0.00541	0.63165	0.00401	0.00541
GGA	AGA	GA	-1.96302	0.01339	0.00430	1.96302	0.00188	0.00430
GGA	GTA	GT	-0.49740	0.00424	0.00327	0.49740	0.00258	0.00327
GGA	GCA	GC	0.12678	0.00754	0.00803	-0.12678	0.00856	0.00803
GGA	GAA	GA	1.38688	0.01339	0.02476	-1.38688	0.05360	0.02476
GGA	GGT	AT	-3.87791	0.00424	0.00035	3.87791	0.00009	0.00035
GGA	GGC	AC	1.05270	0.00754	0.01219	-1.05270	0.02161	0.01219
GGG	TGG	GT	-0.13057	0.01313	0.01229	0.13057	0.01152	0.01229
GGG	CGG	GC	-1.18665	0.02335	0.01218	1.18665	0.00713	0.01218
GGG	AGG	GA	-0.45076	0.04148	0.03283	0.45076	0.02643	0.03283
GGG	GTG	GT	0.44238	0.01313	0.01624	-0.44238	0.02043	0.01624
GGG	GCG	GC	-2.68627	0.02335	0.00459	2.68627	0.00159	0.00459
GGG	GAG	GA	2.06279	0.04148	0.09801	-2.06279	0.32632	0.09801
GGG	GGT	GT	-4.92360	0.01313	0.00047	4.92360	0.00010	0.00047
GGG	GGC	GC	0.00700	0.02335	0.02343	-0.00700	0.02352	0.02343
GGG	GGA	GA	-1.04569	0.04148	0.02350	1.04569	0.01458	0.02350


Histograms
2Ns	FMut	FSub(CodonUsage)	FSubw(after w)

-9.33643	0.00998	0.00001
-8.40279	0.00169	0.00000
-7.46914	0.00498	0.00003
-6.53550	0.00125	0.00002
-5.60186	0.00402	0.00012
-4.66821	0.02087	0.00123
-3.73457	0.01989	0.00255
-2.80093	0.13268	0.03537
-1.86729	0.20482	0.10461
-0.93364	0.25609	0.21437
0.00000	0.20142	0.28340
0.93364	0.09843	0.21437
1.86729	0.03468	0.10461
2.80093	0.00852	0.03537
3.73457	0.00048	0.00255
4.66821	0.00018	0.00123
5.60186	0.00001	0.00012
6.53550	0.00000	0.00002
7.46914	0.00000	0.00002
8.40279	0.00000	0.00000
9.33643	0.00000	0.00000

Proportion of advantageous (S > 0) mutations:
 0.23276

Proportions of good & bad mutations (|S| > 2.0000) among mutations:
0.01523  0.24548

mean |Ns| = 1.56077	mean Ns+ = 0.83442	mean Ns- = -1.78112


MLEs of dN/dS (w) for site classes (K=4)

site class             0        1       2a       2b
proportion       0.88070  0.08171  0.03441  0.00319
background w     0.02316  1.00000  0.02316  1.00000
foreground w     0.02316  1.00000  1.17481  1.17481

Naive Empirical Bayes (NEB) probabilities for 4 classes
(amino acids refer to 1st sequence: Bacu)

   1 E   0.97308 0.00925 0.01735 0.00032 ( 1)
   2 S   0.97990 0.00551 0.01441 0.00019 ( 1)
   3 G   0.98339 0.00371 0.01278 0.00012 ( 1)
   4 A   0.97311 0.00922 0.01735 0.00032 ( 1)
   5 G   0.98339 0.00371 0.01278 0.00012 ( 1)
   6 K   0.95915 0.01841 0.02178 0.00066 ( 1)
   7 T   0.98291 0.00393 0.01302 0.00013 ( 1)
   8 V   0.99340 0.00043 0.00615 0.00001 ( 1)
   9 N   0.97711 0.00691 0.01574 0.00024 ( 1)
  10 T   0.98702 0.00221 0.01070 0.00007 ( 1)
  11 K   0.95943 0.01813 0.02178 0.00065 ( 1)
  12 R   0.99152 0.00082 0.00764 0.00002 ( 1)
  13 V   0.99340 0.00043 0.00615 0.00001 ( 1)
  14 I   0.97025 0.01099 0.01837 0.00039 ( 1)
  15 Q   0.96555 0.01402 0.01994 0.00050 ( 1)
  16 Y   0.98255 0.00410 0.01321 0.00014 ( 1)
  17 F   0.94432 0.02930 0.02530 0.00108 ( 1)
  18 A   0.93208 0.03830 0.02818 0.00144 ( 1)
  19 V   0.97253 0.02083 0.00602 0.00062 ( 1)
  20 I   0.94464 0.02905 0.02524 0.00107 ( 1)
  21 A   0.96544 0.01356 0.02052 0.00048 ( 1)
  22 A   0.96226 0.01707 0.02007 0.00061 ( 1)
  23 I   0.94724 0.02669 0.02508 0.00098 ( 1)
  24 G   0.98306 0.00473 0.01206 0.00016 ( 1)
  25 D   0.96342 0.01544 0.02059 0.00055 ( 1)
  26 R   0.98018 0.00527 0.01437 0.00018 ( 1)
  27 S   0.98872 0.00161 0.00962 0.00005 ( 1)
  28 K   0.95915 0.01841 0.02178 0.00066 ( 1)
  29 K   0.96373 0.01606 0.01964 0.00057 ( 1)
  30 E   0.96036 0.01757 0.02144 0.00063 ( 1)
  31 Q   0.01258 0.33059 0.64075 0.01608 ( 3)
  32 T   0.00256 0.96518 0.00004 0.03223 ( 2)
  33 S   0.29903 0.31235 0.37525 0.01338 ( 3)
  34 G   0.97876 0.00601 0.01502 0.00020 ( 1)
  35 K   0.95915 0.01841 0.02178 0.00066 ( 1)
  36 N   0.97583 0.00777 0.01613 0.00027 ( 1)
  37 S   0.98799 0.00195 0.01001 0.00006 ( 1)
  38 F   0.00000 0.95829 0.00000 0.04171 ( 2)
  39 E   0.96318 0.01474 0.02156 0.00053 ( 1)
  40 Q   0.96767 0.01186 0.02004 0.00042 ( 1)
  41 L   0.97380 0.00891 0.01698 0.00031 ( 1)
  42 C   0.98918 0.00108 0.00970 0.00003 ( 1)
  43 I   0.97213 0.00908 0.01847 0.00032 ( 1)
  44 N   0.97851 0.00547 0.01583 0.00019 ( 1)
  45 F   0.97630 0.00667 0.01680 0.00023 ( 1)
  46 T   0.98761 0.00157 0.01077 0.00005 ( 1)
  47 N   0.97873 0.00536 0.01573 0.00018 ( 1)
  48 E   0.96273 0.01517 0.02155 0.00055 ( 1)
  49 K   0.96156 0.01598 0.02188 0.00058 ( 1)
  50 L   0.93552 0.03571 0.02743 0.00134 ( 1)
  51 Q   0.96785 0.01169 0.02005 0.00042 ( 1)
  52 Q   0.96767 0.01186 0.02004 0.00042 ( 1)
  53 F   0.97630 0.00667 0.01680 0.00023 ( 1)
  54 F   0.97630 0.00667 0.01680 0.00023 ( 1)
  55 N   0.97851 0.00547 0.01583 0.00019 ( 1)
  56 H   0.98838 0.00133 0.01024 0.00004 ( 1)
  57 H   0.98838 0.00133 0.01024 0.00004 ( 1)
  58 M   0.98277 0.00342 0.01369 0.00011 ( 1)
  59 F   0.97630 0.00667 0.01680 0.00023 ( 1)
  60 V   0.68118 0.29791 0.01076 0.01015 ( 1)
  61 L   0.93492 0.03601 0.02772 0.00135 ( 1)
  62 E   0.96620 0.01355 0.01977 0.00048 ( 1)
  63 Q   0.96824 0.01160 0.01975 0.00041 ( 1)
  64 E   0.96273 0.01517 0.02155 0.00055 ( 1)
  65 E   0.97164 0.00948 0.01855 0.00033 ( 1)
  66 Y   0.98314 0.00316 0.01360 0.00011 ( 1)
  67 K   0.96156 0.01598 0.02188 0.00058 ( 1)
  68 K   0.96156 0.01598 0.02188 0.00058 ( 1)
  69 E   0.96273 0.01517 0.02155 0.00055 ( 1)
  70 G   0.98004 0.00470 0.01511 0.00016 ( 1)
  71 I   0.97213 0.00908 0.01847 0.00032 ( 1)
  72 E   0.35481 0.23836 0.39679 0.01004 ( 3)
  73 W   0.96768 0.01186 0.02003 0.00042 ( 1)
  74 E   0.21197 0.27618 0.49922 0.01263 ( 3)
  75 F   0.97630 0.00667 0.01680 0.00023 ( 1)
  76 I   0.97213 0.00908 0.01847 0.00032 ( 1)
  77 D   0.97963 0.00490 0.01530 0.00017 ( 1)
  78 F   0.97585 0.00685 0.01706 0.00024 ( 1)
  79 G   0.98007 0.00466 0.01511 0.00016 ( 1)
  80 M   0.52630 0.08205 0.38841 0.00325 ( 1)
  81 D   0.97963 0.00490 0.01530 0.00017 ( 1)
  82 L   0.93492 0.03601 0.02772 0.00135 ( 1)
  83 Q   0.01671 0.94925 0.00035 0.03370 ( 2)
  84 A   0.41008 0.18303 0.39934 0.00755 ( 1)
  85 C   0.98914 0.00112 0.00970 0.00004 ( 1)
  86 I   0.97124 0.00967 0.01875 0.00034 ( 1)
  87 D   0.79831 0.18298 0.01247 0.00623 ( 1)
  88 L   0.97742 0.00615 0.01622 0.00021 ( 1)
  89 I   0.97158 0.00951 0.01858 0.00033 ( 1)
  90 E   0.96235 0.01555 0.02154 0.00056 ( 1)
  91 K   0.96117 0.01636 0.02188 0.00059 ( 1)
  92 P   0.99221 0.00077 0.00699 0.00002 ( 1)
  93 M   0.98540 0.00346 0.01102 0.00011 ( 1)
  94 G   0.98268 0.00475 0.01242 0.00016 ( 1)
  95 I   0.97452 0.00921 0.01596 0.00032 ( 1)
  96 M   0.02701 0.17894 0.78604 0.00801 ( 3)
  97 S   0.98333 0.00441 0.01211 0.00014 ( 1)
  98 I   0.97472 0.00909 0.01588 0.00031 ( 1)
  99 L   0.94893 0.02938 0.02064 0.00105 ( 1)
 100 E   0.96515 0.01518 0.01913 0.00054 ( 1)
 101 E   0.96505 0.01523 0.01919 0.00054 ( 1)
 102 E   0.96505 0.01523 0.01919 0.00054 ( 1)
 103 C   0.99161 0.00112 0.00724 0.00003 ( 1)
 104 M   0.98543 0.00344 0.01102 0.00011 ( 1)
 105 F   0.97892 0.00670 0.01415 0.00023 ( 1)
 106 P   0.99347 0.00064 0.00586 0.00002 ( 1)
 107 K   0.96384 0.01603 0.01955 0.00057 ( 1)
 108 A   0.97244 0.01048 0.01672 0.00036 ( 1)
 109 T   0.99299 0.00076 0.00623 0.00002 ( 1)
 110 D   0.98229 0.00493 0.01262 0.00016 ( 1)
 111 M   0.98543 0.00344 0.01102 0.00011 ( 1)
 112 T   0.99015 0.00158 0.00822 0.00005 ( 1)
 113 F   0.97892 0.00670 0.01415 0.00023 ( 1)
 114 K   0.35861 0.26118 0.36936 0.01085 ( 3)
 115 A   0.93939 0.03398 0.02536 0.00126 ( 1)
 116 K   0.96407 0.01581 0.01956 0.00056 ( 1)
 117 L   0.93799 0.03514 0.02557 0.00130 ( 1)
 118 F   0.00000 0.95300 0.00000 0.04700 ( 2)
 119 D   0.98266 0.00475 0.01243 0.00016 ( 1)
 120 N   0.02188 0.22121 0.74677 0.01014 ( 3)
 121 H   0.99113 0.00127 0.00756 0.00004 ( 1)
 122 L   0.93690 0.03571 0.02607 0.00133 ( 1)
 123 G   0.98456 0.00399 0.01132 0.00013 ( 1)
 124 K   0.96636 0.01457 0.01856 0.00051 ( 1)
 125 S   0.98515 0.00372 0.01102 0.00012 ( 1)
 126 S   0.00000 0.93234 0.00000 0.06766 ( 2)
 127 N   0.98336 0.00444 0.01205 0.00015 ( 1)
 128 F   0.98126 0.00550 0.01305 0.00018 ( 1)
 129 Q   0.97333 0.00991 0.01643 0.00034 ( 1)
 130 K   0.96718 0.01376 0.01857 0.00048 ( 1)
 131 P   0.96832 0.02535 0.00558 0.00074 ( 1)
 132 R   0.98259 0.00478 0.01247 0.00016 ( 1)
 133 N   0.98739 0.00248 0.01005 0.00008 ( 1)
 134 I   0.48684 0.15653 0.35050 0.00613 ( 1)
 135 K   0.96730 0.01365 0.01858 0.00048 ( 1)
 136 G   0.98879 0.00201 0.00914 0.00006 ( 1)
 137 K   0.00001 0.91901 0.02966 0.05132 ( 2)
 138 P   0.99414 0.00049 0.00535 0.00001 ( 1)
 139 E   0.98011 0.00597 0.01371 0.00020 ( 1)
 140 A   0.97550 0.00855 0.01566 0.00029 ( 1)
 141 H   0.99231 0.00090 0.00677 0.00003 ( 1)
 142 F   0.98154 0.00523 0.01306 0.00017 ( 1)
 143 S   0.98556 0.00331 0.01102 0.00011 ( 1)
 144 L   0.93991 0.03331 0.02555 0.00123 ( 1)
 145 I   0.00177 0.95940 0.00123 0.03760 ( 2)
 146 H   0.99231 0.00090 0.00677 0.00003 ( 1)
 147 Y   0.98310 0.00581 0.01090 0.00019 ( 1)
 148 A   0.97371 0.00934 0.01663 0.00032 ( 1)
 149 G   0.98499 0.00356 0.01133 0.00012 ( 1)
 150 T   0.99064 0.00146 0.00786 0.00004 ( 1)
 151 V   0.98432 0.00387 0.01169 0.00013 ( 1)
 152 D   0.98451 0.00382 0.01155 0.00012 ( 1)
 153 Y   0.98812 0.00225 0.00955 0.00007 ( 1)
 154 N   0.98359 0.00421 0.01206 0.00014 ( 1)
 155 I   0.97760 0.00734 0.01480 0.00025 ( 1)
 156 I   0.06800 0.07432 0.85484 0.00284 ( 3)
 157 G   0.98518 0.00352 0.01118 0.00011 ( 1)
 158 W   0.97332 0.00985 0.01650 0.00034 ( 1)
 159 L   0.96822 0.01289 0.01843 0.00045 ( 1)
 160 Q   0.67368 0.30401 0.01177 0.01053 ( 1)
 161 K   0.97624 0.00804 0.01544 0.00027 ( 1)
 162 N   0.98359 0.00421 0.01206 0.00014 ( 1)
 163 K   0.97728 0.00753 0.01494 0.00026 ( 1)
 164 D   0.98462 0.00374 0.01153 0.00012 ( 1)
 165 P   0.99430 0.00044 0.00525 0.00001 ( 1)
 166 L   0.98279 0.00460 0.01245 0.00015 ( 1)
 167 N   0.98399 0.00383 0.01206 0.00013 ( 1)
 168 E   0.96846 0.01290 0.01820 0.00045 ( 1)
 169 T   0.98838 0.00217 0.00938 0.00007 ( 1)
 170 V   0.98683 0.00299 0.01009 0.00010 ( 1)
 171 V   0.98432 0.00387 0.01169 0.00013 ( 1)
 172 E   0.02319 0.94393 0.00039 0.03249 ( 2)
 173 L   0.99361 0.00059 0.00579 0.00002 ( 1)
 174 Y   0.98812 0.00225 0.00955 0.00007 ( 1)
 175 K   0.61602 0.35989 0.01150 0.01258 ( 1)
 176 K   0.97309 0.01001 0.01656 0.00035 ( 1)
 177 S   0.98556 0.00331 0.01102 0.00011 ( 1)
 178 S   0.98721 0.00236 0.01035 0.00008 ( 1)
 179 L   0.34816 0.14447 0.50126 0.00611 ( 3)
 180 K   0.96474 0.01461 0.02013 0.00052 ( 1)
 181 M   0.00000 0.95865 0.00000 0.04135 ( 2)
 182 L   0.97348 0.00809 0.01815 0.00028 ( 1)
 183 S   0.88124 0.10310 0.01222 0.00344 ( 1)
 184 T   0.13458 0.73207 0.10446 0.02889 ( 2)
 185 L   0.93023 0.03964 0.02864 0.00149 ( 1)
 186 F   0.94238 0.02989 0.02662 0.00111 ( 1)
 187 A   0.96520 0.01330 0.02102 0.00048 ( 1)
 188 N   0.97443 0.00753 0.01778 0.00026 ( 1)
 189 Y   0.95346 0.02156 0.02419 0.00079 ( 1)
 190 A   0.92540 0.04357 0.02937 0.00165 ( 1)
 191 G   0.98038 0.00426 0.01522 0.00014 ( 1)
 192 F   0.94195 0.03032 0.02660 0.00113 ( 1)
 193 D   0.97566 0.00683 0.01727 0.00024 ( 1)
 194 S   0.69183 0.28536 0.01284 0.00997 ( 1)
 195 Y   0.98617 0.00266 0.01109 0.00009 ( 1)
 196 R   0.98394 0.00370 0.01224 0.00012 ( 1)
 197 I   0.97534 0.00802 0.01637 0.00028 ( 1)
 198 L   0.93751 0.03469 0.02651 0.00129 ( 1)
 199 N   0.98163 0.00457 0.01364 0.00015 ( 1)
 200 P   0.99281 0.00055 0.00663 0.00002 ( 1)
 201 A   0.97812 0.00638 0.01527 0.00022 ( 1)
 202 A   0.97338 0.00910 0.01721 0.00032 ( 1)
 203 I   0.97551 0.00785 0.01637 0.00027 ( 1)
 204 P   0.99368 0.00039 0.00592 0.00001 ( 1)
 205 E   0.96630 0.01357 0.01966 0.00048 ( 1)
 206 G   0.98308 0.00388 0.01291 0.00013 ( 1)
 207 Q   0.97117 0.01044 0.01802 0.00036 ( 1)
 208 F   0.97952 0.00565 0.01465 0.00019 ( 1)
 209 I   0.95082 0.02444 0.02385 0.00089 ( 1)
 210 D   0.98269 0.00407 0.01311 0.00014 ( 1)
 211 S   0.99150 0.00084 0.00764 0.00003 ( 1)
 212 R   0.99378 0.00038 0.00583 0.00001 ( 1)
 213 K   0.97518 0.00804 0.01651 0.00028 ( 1)
 214 G   0.98705 0.00222 0.01066 0.00007 ( 1)
 215 S   0.00000 0.94453 0.00004 0.05544 ( 2)
 216 E   0.96630 0.01357 0.01966 0.00048 ( 1)
 217 K   0.96514 0.01433 0.02002 0.00051 ( 1)
 218 L   0.93808 0.03413 0.02652 0.00127 ( 1)
 219 L   0.94022 0.03280 0.02577 0.00122 ( 1)
 220 G   0.54553 0.09209 0.35880 0.00358 ( 1)
 221 S   0.98367 0.00362 0.01260 0.00012 ( 1)
 222 L   0.93808 0.03413 0.02652 0.00127 ( 1)
 223 D   0.98269 0.00407 0.01311 0.00014 ( 1)
 224 I   0.95412 0.02289 0.02216 0.00083 ( 1)
 225 D   0.98269 0.00407 0.01311 0.00014 ( 1)
 226 H   0.99079 0.00102 0.00816 0.00003 ( 1)
 227 N   0.98163 0.00457 0.01364 0.00015 ( 1)
 228 Q   0.97117 0.01044 0.01802 0.00036 ( 1)
 229 Y   0.98634 0.00249 0.01109 0.00008 ( 1)
 230 K   0.96514 0.01433 0.02002 0.00051 ( 1)
 231 F   0.97914 0.00576 0.01490 0.00020 ( 1)
 232 G   0.98308 0.00388 0.01291 0.00013 ( 1)
 233 H   0.99079 0.00102 0.00816 0.00003 ( 1)
 234 T   0.99008 0.00121 0.00867 0.00004 ( 1)
 235 K   0.96514 0.01433 0.02002 0.00051 ( 1)
 236 D   0.56540 0.09146 0.33963 0.00351 ( 1)
 237 S   0.02787 0.16885 0.79576 0.00752 ( 3)
 238 L   0.94317 0.03153 0.02415 0.00116 ( 1)
 239 L   0.94272 0.03174 0.02437 0.00117 ( 1)
 240 V   0.99364 0.00062 0.00573 0.00002 ( 1)
 241 I   0.97836 0.00703 0.01438 0.00024 ( 1)
 242 Q   0.97411 0.00948 0.01609 0.00033 ( 1)
 243 W   0.97412 0.00948 0.01608 0.00033 ( 1)
 244 N   0.98462 0.00363 0.01163 0.00012 ( 1)
 245 I   0.95375 0.02311 0.02231 0.00084 ( 1)
 246 R   0.99438 0.00047 0.00514 0.00001 ( 1)
 247 A   0.97628 0.00821 0.01523 0.00028 ( 1)
 248 F   0.98223 0.00498 0.01263 0.00016 ( 1)
 249 M   0.98803 0.00236 0.00954 0.00007 ( 1)
 250 G   0.82162 0.16594 0.00726 0.00518 ( 1)
 251 V   0.99662 0.00014 0.00324 0.00000 ( 1)
 252 K   0.96815 0.01321 0.01818 0.00046 ( 1)
 253 N   0.98534 0.00354 0.01101 0.00011 ( 1)
 254 W   0.97412 0.00948 0.01608 0.00033 ( 1)
 255 P   0.99515 0.00034 0.00450 0.00001 ( 1)
 256 W   0.97412 0.00948 0.01608 0.00033 ( 1)
 257 M   0.98803 0.00236 0.00954 0.00007 ( 1)
 258 K   0.96815 0.01321 0.01818 0.00046 ( 1)
 259 L   0.98346 0.00437 0.01203 0.00014 ( 1)
 260 Y   0.98868 0.00211 0.00914 0.00007 ( 1)
 261 F   0.98219 0.00501 0.01263 0.00017 ( 1)
 262 K   0.96815 0.01321 0.01818 0.00046 ( 1)
 263 I   0.97836 0.00703 0.01438 0.00024 ( 1)
 264 K   0.97803 0.00721 0.01452 0.00024 ( 1)
 265 P   0.99449 0.00044 0.00506 0.00001 ( 1)
 266 L   0.94348 0.03056 0.02483 0.00113 ( 1)
 267 L   0.94281 0.03072 0.02534 0.00113 ( 1)
 268 K   0.96815 0.01321 0.01818 0.00046 ( 1)
 269 S   0.99407 0.00052 0.00540 0.00001 ( 1)
 270 A   0.98089 0.00566 0.01326 0.00019 ( 1)
 271 E   0.96930 0.01247 0.01779 0.00043 ( 1)
 272 T   0.12274 0.78029 0.06745 0.02952 ( 2)
 273 E   0.96930 0.01247 0.01779 0.00043 ( 1)
 274 K   0.96815 0.01321 0.01818 0.00046 ( 1)
 275 E   0.97921 0.00630 0.01428 0.00021 ( 1)
 276 I   0.00054 0.95386 0.00747 0.03814 ( 2)
 277 A   0.97628 0.00821 0.01523 0.00028 ( 1)
 278 L   0.00000 0.94123 0.00000 0.05877 ( 2)
 279 M   0.98803 0.00236 0.00954 0.00007 ( 1)
 280 K   0.96815 0.01321 0.01818 0.00046 ( 1)
 281 E   0.96930 0.01247 0.01779 0.00043 ( 1)
 282 E   0.96930 0.01247 0.01779 0.00043 ( 1)
 283 F   0.95345 0.02333 0.02238 0.00084 ( 1)
 284 G   0.98933 0.00187 0.00874 0.00006 ( 1)
 285 R   0.98678 0.00287 0.01026 0.00009 ( 1)
 286 L   0.98346 0.00437 0.01203 0.00014 ( 1)
 287 K   0.97803 0.00721 0.01452 0.00024 ( 1)
 288 E   0.96930 0.01247 0.01779 0.00043 ( 1)
 289 A   0.01644 0.92229 0.02156 0.03971 ( 2)
 290 L   0.94074 0.03277 0.02528 0.00121 ( 1)
 291 E   0.96930 0.01247 0.01779 0.00043 ( 1)
 292 K   0.96815 0.01321 0.01818 0.00046 ( 1)
 293 S   0.98948 0.00209 0.00837 0.00006 ( 1)
 294 E   0.96930 0.01247 0.01779 0.00043 ( 1)
 295 A   0.35690 0.61033 0.01006 0.02271 ( 2)
 296 R   0.99358 0.00161 0.00477 0.00005 ( 1)
 297 R   0.98678 0.00287 0.01026 0.00009 ( 1)
 298 K   0.96815 0.01321 0.01818 0.00046 ( 1)
 299 E   0.39872 0.22219 0.37000 0.00909 ( 1)
 300 L   0.94074 0.03277 0.02528 0.00121 ( 1)
 301 E   0.96930 0.01247 0.01779 0.00043 ( 1)
 302 E   0.96936 0.01245 0.01776 0.00043 ( 1)
 303 K   0.96815 0.01321 0.01818 0.00046 ( 1)
 304 M   0.98803 0.00236 0.00954 0.00007 ( 1)
 305 V   0.98500 0.00365 0.01123 0.00012 ( 1)
 306 S   0.98618 0.00312 0.01060 0.00010 ( 1)
 307 L   0.94074 0.03277 0.02528 0.00121 ( 1)
 308 L   0.94074 0.03277 0.02528 0.00121 ( 1)
 309 Q   0.97411 0.00948 0.01609 0.00033 ( 1)
 310 E   0.96930 0.01247 0.01779 0.00043 ( 1)
 311 K   0.96815 0.01321 0.01818 0.00046 ( 1)
 312 N   0.99131 0.00201 0.00662 0.00006 ( 1)
 313 D   0.98525 0.00353 0.01110 0.00011 ( 1)
 314 L   0.94104 0.03247 0.02529 0.00120 ( 1)
 315 Q   0.97411 0.00948 0.01609 0.00033 ( 1)
 316 L   0.98346 0.00437 0.01203 0.00014 ( 1)
 317 Q   0.98706 0.00275 0.01010 0.00009 ( 1)
 318 V   0.60496 0.11166 0.27924 0.00414 ( 1)
 319 Q   0.97384 0.00975 0.01608 0.00033 ( 1)
 320 -   0.96561 0.01673 0.01708 0.00058 ( 1)
 321 E   0.97562 0.00872 0.01536 0.00030 ( 1)
 322 Q   0.98291 0.00475 0.01218 0.00016 ( 1)
 323 D   0.98078 0.00584 0.01319 0.00019 ( 1)
 324 N   0.98007 0.00634 0.01338 0.00021 ( 1)
 325 L   0.93530 0.03732 0.02599 0.00139 ( 1)
 326 A   0.00619 0.50932 0.45826 0.02623 ( 2)
 327 D   0.96586 0.01485 0.01877 0.00052 ( 1)
 328 A   0.99098 0.00058 0.00842 0.00002 ( 1)
 329 E   0.97562 0.00872 0.01536 0.00030 ( 1)
 330 E   0.96892 0.01380 0.01680 0.00048 ( 1)
 331 R   0.98261 0.00490 0.01233 0.00016 ( 1)
 332 C   0.99201 0.00108 0.00687 0.00003 ( 1)
 333 D   0.98078 0.00584 0.01319 0.00019 ( 1)
 334 Q   0.96802 0.01344 0.01808 0.00047 ( 1)
 335 L   0.93422 0.03790 0.02647 0.00141 ( 1)
 336 I   0.97282 0.01040 0.01642 0.00036 ( 1)
 337 K   0.96167 0.01767 0.02003 0.00063 ( 1)
 338 N   0.97958 0.00648 0.01372 0.00022 ( 1)
 339 K   0.96167 0.01767 0.02003 0.00063 ( 1)
 340 I   0.97282 0.01040 0.01642 0.00036 ( 1)
 341 Q   0.96804 0.01341 0.01808 0.00047 ( 1)
 342 L   0.93496 0.03750 0.02614 0.00139 ( 1)
 343 E   0.96290 0.01683 0.01967 0.00060 ( 1)
 344 A   0.97051 0.01183 0.01724 0.00041 ( 1)
 345 K   0.96169 0.01765 0.02004 0.00063 ( 1)
 346 V   0.98219 0.00428 0.01339 0.00014 ( 1)
 347 K   0.96492 0.01446 0.02010 0.00051 ( 1)
 348 E   0.03734 0.92898 0.00076 0.03292 ( 2)
 349 M   0.85752 0.12820 0.01009 0.00418 ( 1)
 350 T   0.98985 0.00134 0.00877 0.00004 ( 1)
 351 E   0.96608 0.01369 0.01974 0.00049 ( 1)
 352 R   0.50333 0.47957 0.00301 0.01410 ( 1)
 353 L   0.39728 0.57024 0.01126 0.02123 ( 2)
 354 E   0.32225 0.64820 0.00658 0.02297 ( 2)
 355 D   0.73573 0.24619 0.00989 0.00819 ( 1)
 356 E   0.03198 0.93434 0.00064 0.03304 ( 2)
 357 E   0.62078 0.35402 0.01266 0.01254 ( 1)
 358 E   0.96608 0.01369 0.01974 0.00049 ( 1)
 359 M   0.87203 0.11399 0.01027 0.00372 ( 1)
 360 N   0.85912 0.12745 0.00932 0.00411 ( 1)
 361 A   0.97309 0.00930 0.01729 0.00032 ( 1)
 362 E   0.60296 0.37155 0.01232 0.01317 ( 1)
 363 L   0.98290 0.00492 0.01202 0.00016 ( 1)
 364 T   0.98901 0.00196 0.00897 0.00006 ( 1)
 365 A   0.05420 0.91385 0.00085 0.03111 ( 2)
 366 K   0.96509 0.01622 0.01812 0.00057 ( 1)
 367 K   0.96509 0.01622 0.01812 0.00057 ( 1)
 368 R   0.98515 0.00426 0.01045 0.00014 ( 1)
 369 K   0.96509 0.01622 0.01812 0.00057 ( 1)
 370 L   0.93714 0.03633 0.02518 0.00134 ( 1)
 371 E   0.97879 0.00769 0.01326 0.00026 ( 1)
 372 D   0.98311 0.00563 0.01108 0.00018 ( 1)
 373 E   0.96632 0.01541 0.01774 0.00054 ( 1)
 374 C   0.99285 0.00117 0.00595 0.00003 ( 1)
 375 S   0.98863 0.00274 0.00855 0.00009 ( 1)
 376 E   0.96632 0.01541 0.01774 0.00054 ( 1)
 377 L   0.98172 0.00607 0.01200 0.00020 ( 1)
 378 K   0.96509 0.01622 0.01812 0.00057 ( 1)
 379 R   0.99508 0.00056 0.00434 0.00002 ( 1)
 380 D   0.98369 0.00506 0.01108 0.00016 ( 1)
 381 I   0.95012 0.02669 0.02223 0.00097 ( 1)
 382 D   0.96927 0.01350 0.01676 0.00047 ( 1)
 383 D   0.83312 0.15255 0.00939 0.00494 ( 1)
 384 L   0.01438 0.95014 0.00039 0.03509 ( 2)
 385 E   0.96924 0.01253 0.01779 0.00044 ( 1)
 386 L   0.94066 0.03285 0.02528 0.00121 ( 1)
 387 T   0.98941 0.00191 0.00862 0.00006 ( 1)
 388 L   0.01444 0.95008 0.00039 0.03509 ( 2)
 389 A   0.97632 0.00817 0.01523 0.00028 ( 1)
 390 K   0.96808 0.01328 0.01818 0.00046 ( 1)
 391 V   0.98552 0.00311 0.01127 0.00010 ( 1)
 392 E   0.62492 0.35136 0.01147 0.01226 ( 1)
 393 K   0.03500 0.93204 0.00062 0.03234 ( 2)
 394 E   0.96956 0.01221 0.01780 0.00043 ( 1)
 395 K   0.60532 0.37035 0.01137 0.01296 ( 1)
 396 H   0.99308 0.00049 0.00641 0.00001 ( 1)
 397 A   0.81471 0.16936 0.01034 0.00559 ( 1)
 398 T   0.98190 0.00598 0.01192 0.00020 ( 1)
 399 E   0.96632 0.01541 0.01774 0.00054 ( 1)
 400 N   0.83706 0.14822 0.00989 0.00484 ( 1)
 401 K   0.03846 0.92833 0.00072 0.03249 ( 2)
 402 L   0.93939 0.03346 0.02591 0.00124 ( 1)
 403 E   0.96780 0.01302 0.01872 0.00046 ( 1)
 404 G   0.98296 0.00428 0.01262 0.00014 ( 1)
 405 S   0.98495 0.00337 0.01157 0.00011 ( 1)
 406 L   0.93978 0.03326 0.02573 0.00123 ( 1)
 407 E   0.96824 0.01286 0.01845 0.00045 ( 1)
 408 Q   0.97307 0.00982 0.01677 0.00034 ( 1)
 409 E   0.96873 0.01262 0.01820 0.00044 ( 1)
 410 K   0.96708 0.01361 0.01883 0.00048 ( 1)
 411 K   0.96715 0.01354 0.01883 0.00048 ( 1)
 412 V   0.98406 0.00385 0.01196 0.00013 ( 1)
 413 R   0.97273 0.01309 0.01374 0.00044 ( 1)
 414 M   0.98721 0.00250 0.01021 0.00008 ( 1)
 415 D   0.98436 0.00372 0.01180 0.00012 ( 1)
 416 L   0.93999 0.03315 0.02563 0.00123 ( 1)
 417 E   0.97844 0.00640 0.01494 0.00022 ( 1)
 418 R   0.97199 0.01048 0.01717 0.00036 ( 1)
 419 A   0.97526 0.00852 0.01592 0.00029 ( 1)
 420 K   0.96708 0.01361 0.01883 0.00048 ( 1)
 421 R   0.99358 0.00052 0.00588 0.00002 ( 1)
 422 K   0.96729 0.01353 0.01871 0.00048 ( 1)
 423 L   0.98300 0.00353 0.01336 0.00012 ( 1)
 424 E   0.96825 0.01285 0.01845 0.00045 ( 1)
 425 G   0.98904 0.00259 0.00829 0.00008 ( 1)
 426 D   0.98427 0.00374 0.01187 0.00012 ( 1)
 427 L   0.94297 0.03064 0.02527 0.00113 ( 1)
 428 K   0.96708 0.01361 0.01883 0.00048 ( 1)
 429 L   0.93978 0.03326 0.02573 0.00123 ( 1)
 430 T   0.99143 0.00107 0.00747 0.00003 ( 1)
 431 Q   0.97307 0.00982 0.01677 0.00034 ( 1)
 432 E   0.96824 0.01286 0.01845 0.00045 ( 1)
 433 S   0.99274 0.00073 0.00651 0.00002 ( 1)
 434 I   0.06720 0.90135 0.00100 0.03045 ( 2)
 435 M   0.98721 0.00250 0.01021 0.00008 ( 1)
 436 D   0.97413 0.00956 0.01599 0.00033 ( 1)
 437 L   0.94504 0.02984 0.02403 0.00109 ( 1)
 438 E   0.96824 0.01286 0.01845 0.00045 ( 1)
 439 N   0.98334 0.00420 0.01233 0.00014 ( 1)
 440 D   0.83786 0.14644 0.01085 0.00484 ( 1)
 441 K   0.96708 0.01361 0.01883 0.00048 ( 1)
 442 Q   0.04229 0.92458 0.00079 0.03233 ( 2)
 443 Q   0.97307 0.00982 0.01677 0.00034 ( 1)
 444 L   0.93991 0.03313 0.02573 0.00123 ( 1)
 445 D   0.96550 0.01400 0.02000 0.00050 ( 1)
 446 E   0.96253 0.01603 0.02087 0.00057 ( 1)
 447 R   0.99104 0.00092 0.00801 0.00003 ( 1)
 448 L   0.96496 0.01438 0.02015 0.00051 ( 1)
 449 K   0.97182 0.00997 0.01786 0.00035 ( 1)


lnL = -4392.383389

Bayes Empirical Bayes (BEB) probabilities for 4 classes (class)
(amino acids refer to 1st sequence: Bacu)

   1 E   0.97630 0.00596 0.01751 0.00024 ( 1)
   2 S   0.98259 0.00360 0.01368 0.00013 ( 1)
   3 G   0.98580 0.00245 0.01166 0.00008 ( 1)
   4 A   0.97631 0.00594 0.01752 0.00024 ( 1)
   5 G   0.98580 0.00245 0.01166 0.00008 ( 1)
   6 K   0.96405 0.01163 0.02381 0.00052 ( 1)
   7 T   0.98535 0.00259 0.01197 0.00009 ( 1)
   8 V   0.99516 0.00030 0.00453 0.00001 ( 1)
   9 N   0.97996 0.00449 0.01538 0.00017 ( 1)
  10 T   0.98921 0.00148 0.00926 0.00005 ( 1)
  11 K   0.96422 0.01146 0.02381 0.00051 ( 1)
  12 R   0.99344 0.00056 0.00598 0.00002 ( 1)
  13 V   0.99516 0.00030 0.00453 0.00001 ( 1)
  14 I   0.97376 0.00704 0.01891 0.00029 ( 1)
  15 Q   0.96963 0.00892 0.02107 0.00038 ( 1)
  16 Y   0.98501 0.00270 0.01220 0.00009 ( 1)
  17 F   0.95153 0.01828 0.02931 0.00088 ( 1)
  18 A   0.94099 0.02371 0.03409 0.00121 ( 1)
  19 V   0.98850 0.00684 0.00449 0.00017 ( 1)
  20 I   0.95183 0.01812 0.02918 0.00087 ( 1)
  21 A   0.96908 0.00864 0.02192 0.00037 ( 1)
  22 A   0.96739 0.01081 0.02134 0.00046 ( 1)
  23 I   0.95362 0.01668 0.02891 0.00080 ( 1)
  24 G   0.98591 0.00311 0.01088 0.00010 ( 1)
  25 D   0.96777 0.00980 0.02201 0.00042 ( 1)
  26 R   0.98279 0.00345 0.01363 0.00012 ( 1)
  27 S   0.99082 0.00109 0.00806 0.00003 ( 1)
  28 K   0.96405 0.01163 0.02381 0.00052 ( 1)
  29 K   0.96867 0.01019 0.02071 0.00043 ( 1)
  30 E   0.96509 0.01111 0.02331 0.00049 ( 1)
  31 Q   0.04218 0.13498 0.81017 0.01267 ( 3)
  32 T   0.04375 0.92761 0.00047 0.02816 ( 2)
  33 S   0.46815 0.13202 0.39074 0.00909 ( 1)
  34 G   0.98148 0.00392 0.01445 0.00014 ( 1)
  35 K   0.96405 0.01163 0.02381 0.00052 ( 1)
  36 N   0.97890 0.00503 0.01588 0.00019 ( 1)
  37 S   0.99017 0.00131 0.00848 0.00004 ( 1)
  38 F   0.00002 0.93560 0.00002 0.06436 ( 2)
  39 E   0.96680 0.00936 0.02342 0.00041 ( 1)
  40 Q   0.97091 0.00758 0.02119 0.00032 ( 1)
  41 L   0.97701 0.00574 0.01702 0.00022 ( 1)
  42 C   0.99109 0.00074 0.00815 0.00002 ( 1)
  43 I   0.97491 0.00585 0.01901 0.00024 ( 1)
