Supplemental results for CODEML (seqf: /home/leticiamagpali/phd/evol_models/codeml/big_dataset/cml_align/MYL1_codon_aligned.phy  treef: /home/leticiamagpali/phd/evol_models/codeml/big_dataset/cml_trees/gene_trees/H1c_gene_trees/MYL1_tree_H1c.tre)

I	J	ij	2Ns_IJ	pMut_IJ	pSub_IJ	2Ns_JI	pMut_JI	pSub_JI

TTC	TTT	CT	0.51820	0.06704	0.08590	-0.51820	0.11256	0.08590
TTA	TTT	AT	2.10095	0.01866	0.04466	-2.10095	0.15250	0.04466
TTA	TTC	AC	1.58274	0.01315	0.02619	-1.58274	0.06400	0.02619
TTG	TTT	GT	2.40297	0.00470	0.01240	-2.40297	0.05191	0.01240
TTG	TTC	GC	1.88477	0.00331	0.00735	-1.88477	0.02178	0.00735
TTG	TTA	GA	0.30203	0.01437	0.01665	-0.30203	0.01944	0.01665
TCT	TTT	CT	0.78090	0.05155	0.07427	-0.78090	0.11256	0.07427
TCC	TTC	CT	-0.28885	0.06306	0.05439	0.28885	0.04724	0.05439
TCC	TCT	CT	-0.55154	0.06306	0.04726	0.55154	0.03632	0.04726
TCA	TTA	CT	4.66719	0.00022	0.00104	-4.66719	0.02354	0.00104
TCA	TCT	AT	5.98724	0.00012	0.00074	-5.98724	0.04921	0.00074
TCA	TCC	AC	6.53878	0.00009	0.00057	-6.53878	0.06020	0.00057
TCG	TTG	CT	7.56272	0.00000	0.00000	-7.56272	0.00592	0.00002
TCG	TCT	GT	9.18479	0.00000	0.00000	-9.18479	0.01675	0.00002
TCG	TCC	GC	9.73633	0.00000	0.00000	-9.73633	0.02049	0.00001
TCG	TCA	GA	3.19755	0.00000	0.00000	-3.19755	0.00013	0.00002
TAT	TTT	AT	2.06837	0.01927	0.04563	-2.06837	0.15250	0.04563
TAT	TCT	AC	1.28747	0.01358	0.02415	-1.28747	0.04921	0.02415
TAC	TTC	AT	4.86364	0.00049	0.00242	-4.86364	0.06400	0.00242
TAC	TCC	AC	5.15248	0.00035	0.00180	-5.15248	0.06020	0.00180
TAC	TAT	CT	3.31347	0.00088	0.00304	-3.31347	0.02432	0.00304
TGT	TTT	GT	10.31578	0.00000	0.00000	-10.31578	0.05191	0.00002
TGT	TCT	GC	9.53488	0.00000	0.00000	-9.53488	0.01675	0.00001
TGT	TAT	GA	8.24741	0.00000	0.00000	-8.24741	0.02008	0.00004
TGC	TTC	GT	4.07365	0.00037	0.00154	-4.07365	0.02178	0.00154
TGC	TCC	GC	4.36250	0.00026	0.00115	-4.36250	0.02049	0.00115
TGC	TAC	GA	-0.78999	0.00113	0.00074	0.78999	0.00051	0.00074
TGC	TGT	CT	-5.72392	0.00066	0.00001	5.72392	0.00000	0.00000
TGG	TTG	GT	2.40297	0.00025	0.00065	-2.40297	0.00273	0.00065
TGG	TCG	GC	-5.15974	0.00017	0.00001	5.15974	0.00000	0.00000
TGG	TGT	GT	-5.50983	0.00025	0.00001	5.50983	0.00000	0.00000
TGG	TGC	GC	0.21409	0.00017	0.00019	-0.21409	0.00022	0.00019
CTT	TTT	CT	0.69855	0.05598	0.07778	-0.69855	0.11256	0.07778
CTC	TTC	CT	0.26989	0.03606	0.04115	-0.26989	0.04724	0.04115
CTC	CTT	CT	0.08955	0.03606	0.03770	-0.08955	0.03944	0.03770
CTA	TTA	CT	-0.79240	0.05199	0.03409	0.79240	0.02354	0.03409
CTA	CTT	AT	0.61000	0.02904	0.03879	-0.61000	0.05344	0.03879
CTA	CTC	AC	0.52045	0.02046	0.02624	-0.52045	0.03443	0.02624
CTG	TTG	CT	-2.49325	0.07168	0.01610	2.49325	0.00592	0.01610
CTG	CTT	GT	-0.78882	0.04003	0.02630	0.78882	0.01819	0.02630
CTG	CTC	GC	-0.87837	0.02821	0.01761	0.87837	0.01172	0.01761
CTG	CTA	GA	-1.39883	0.12254	0.05619	1.39883	0.03025	0.05619
CCT	TCT	CT	-1.17569	0.11770	0.06177	1.17569	0.03632	0.06177
CCT	CTT	CT	-1.09334	0.11770	0.06486	1.09334	0.03944	0.06486
CCC	TCC	CT	-0.65084	0.08518	0.06045	0.65084	0.04443	0.06045
CCC	CTC	CT	-1.20958	0.08518	0.04380	1.20958	0.02541	0.04380
CCC	CCT	CT	-0.02669	0.08518	0.08405	0.02669	0.08294	0.08405
CCA	TCA	CT	-5.74372	0.04867	0.00090	5.74372	0.00016	0.00090
CCA	CTA	CT	-0.28413	0.04867	0.04209	0.28413	0.03664	0.04209
CCA	CCT	AT	1.41922	0.02718	0.05089	-1.41922	0.11237	0.05089
CCA	CCC	AC	1.44591	0.01915	0.03623	-1.44591	0.08132	0.03623
CCG	TCG	CT	-8.79970	0.01438	0.00002	8.79970	0.00000	0.00000
CCG	CTG	CT	1.25627	0.01438	0.02526	-1.25627	0.05051	0.02526
CCG	CCT	GT	1.56079	0.00803	0.01587	-1.56079	0.03825	0.01587
CCG	CCC	GC	1.58748	0.00566	0.01129	-1.58748	0.02768	0.01129
CCG	CCA	GA	0.14157	0.02458	0.02637	-0.14157	0.02832	0.02637
CAT	TAT	CT	0.11480	0.02168	0.02295	-0.11480	0.02432	0.02295
CAT	CTT	AT	1.48462	0.01211	0.02324	-1.48462	0.05344	0.02324
CAT	CCT	AC	2.57797	0.00853	0.02380	-2.57797	0.11237	0.02380
CAC	TAC	CT	-3.91962	0.03142	0.00249	3.91962	0.00062	0.00249
CAC	CTC	AT	0.67412	0.01754	0.02412	-0.67412	0.03443	0.02412
CAC	CCC	AC	1.88371	0.01236	0.02746	-1.88371	0.08132	0.02746
CAC	CAT	CT	-0.72095	0.03142	0.02144	0.72095	0.01528	0.02144
CAA	CTA	AT	0.80840	0.02212	0.03225	-0.80840	0.04964	0.03225
CAA	CCA	AC	1.09253	0.01558	0.02562	-1.09253	0.04647	0.02562
CAA	CAT	AT	-0.06622	0.02212	0.02139	0.06622	0.02070	0.02139
CAA	CAC	AC	0.65473	0.01558	0.02124	-0.65473	0.02999	0.02124
CAG	CTG	AT	0.61985	0.03682	0.04940	-0.61985	0.06843	0.04940
CAG	CCG	AC	-0.63642	0.02594	0.01856	0.63642	0.01373	0.01856
CAG	CAT	GT	-1.65359	0.03682	0.01441	1.65359	0.00705	0.01441
CAG	CAC	GC	-0.93265	0.02594	0.01570	0.93265	0.01021	0.01570
CAG	CAA	GA	-1.58738	0.11271	0.04598	1.58738	0.02305	0.04598
CGT	TGT	CT	-9.68790	0.03496	0.00002	9.68790	0.00000	0.00000
CGT	CTT	GT	-0.07067	0.01952	0.01884	0.07067	0.01819	0.01884
CGT	CCT	GC	1.02267	0.01376	0.02197	-1.02267	0.03825	0.02197
CGT	CAT	GA	-1.55530	0.05976	0.02487	1.55530	0.01262	0.02487
CGC	TGC	CT	5.02374	0.00000	0.00000	-5.02374	0.00047	0.00002
CGC	CTC	GT	8.82750	0.00000	0.00000	-8.82750	0.01172	0.00002
CGC	CCC	GC	10.03708	0.00000	0.00000	-10.03708	0.02768	0.00001
CGC	CAC	GA	8.15338	0.00000	0.00000	-8.15338	0.01828	0.00004
CGC	CGT	CT	8.98772	0.00000	0.00000	-8.98772	0.02463	0.00003
CGA	CTA	GT	3.12636	0.00074	0.00242	-3.12636	0.01690	0.00242
CGA	CCA	GC	3.41049	0.00052	0.00184	-3.41049	0.01582	0.00184
CGA	CAA	GA	2.31796	0.00227	0.00583	-2.31796	0.02305	0.00583
CGA	CGT	AT	3.80704	0.00074	0.00289	-3.80704	0.03337	0.00289
CGA	CGC	AC	-5.18069	0.00052	0.00002	5.18069	0.00000	0.00000
CGG	TGG	CT	-4.05139	0.01792	0.00129	4.05139	0.00031	0.00129
CGG	CTG	GT	0.84483	0.01001	0.01482	-0.84483	0.02329	0.01482
CGG	CCG	GC	-0.41144	0.00705	0.00570	0.41144	0.00467	0.00570
CGG	CAG	GA	0.22498	0.03064	0.03421	-0.22498	0.03837	0.03421
CGG	CGT	GT	0.12668	0.01001	0.01066	-0.12668	0.01136	0.01066
CGG	CGC	GC	-8.86105	0.00705	0.00001	8.86105	0.00000	0.00000
CGG	CGA	GA	-3.68036	0.03064	0.00292	3.68036	0.00077	0.00292
ATT	TTT	AT	1.42787	0.03657	0.06869	-1.42787	0.15250	0.06869
ATT	CTT	AC	0.72932	0.02577	0.03630	-0.72932	0.05344	0.03630
ATC	TTC	AT	1.21950	0.01890	0.03272	-1.21950	0.06400	0.03272
ATC	CTC	AC	0.94960	0.01332	0.02063	-0.94960	0.03443	0.02063
ATC	ATT	CT	0.30983	0.03385	0.03937	-0.30983	0.04615	0.03937
ATA	TTA	AT	4.86033	0.00025	0.00121	-4.86033	0.03189	0.00121
ATA	CTA	AC	5.65273	0.00017	0.00099	-5.65273	0.04964	0.00099
ATA	ATT	AT	5.53341	0.00025	0.00137	-5.53341	0.06252	0.00137
ATA	ATC	AC	5.22358	0.00017	0.00091	-5.22358	0.03232	0.00091
ATG	TTG	AT	-1.72337	0.04497	0.01684	1.72337	0.00803	0.01684
ATG	CTG	AC	0.76988	0.03169	0.04544	-0.76988	0.06843	0.04544
ATG	ATT	GT	-0.74826	0.04497	0.03023	0.74826	0.02128	0.03023
ATG	ATC	GC	-1.05809	0.03169	0.01783	1.05809	0.01100	0.01783
ATG	ATA	GA	-6.28168	0.13767	0.00162	6.28168	0.00026	0.00162
ACT	TCT	AT	3.90780	0.00099	0.00394	-3.90780	0.04921	0.00394
ACT	CCT	AC	5.08349	0.00070	0.00356	-5.08349	0.11237	0.00356
ACT	ATT	CT	3.26083	0.00177	0.00600	-3.26083	0.04615	0.00600
ACC	TCC	AT	0.44569	0.03855	0.04778	-0.44569	0.06020	0.04778
ACC	CCC	AC	1.09653	0.02716	0.04472	-1.09653	0.08132	0.04472
ACC	ATC	CT	-1.06266	0.06903	0.03873	1.06266	0.02385	0.03873
ACC	ACT	CT	-4.01365	0.06903	0.00510	4.01365	0.00125	0.00510
ACA	TCA	AT	-5.03975	0.03262	0.00107	5.03975	0.00021	0.00107
ACA	CCA	AC	0.70397	0.02298	0.03202	-0.70397	0.04647	0.03202
ACA	ATA	CT	-5.23289	0.05841	0.00164	5.23289	0.00031	0.00164
ACA	ACT	AT	-2.96031	0.03262	0.00528	2.96031	0.00169	0.00528
ACA	ACC	AC	1.05334	0.02298	0.03718	-1.05334	0.06590	0.03718
ACG	TCG	AT	-6.44707	0.00185	0.00002	6.44707	0.00000	0.00000
ACG	CCG	AC	2.35263	0.00131	0.00340	-2.35263	0.01373	0.00340
ACG	ATG	CT	2.83901	0.00332	0.01001	-2.83901	0.05675	0.01001
ACG	ACT	GT	-1.17008	0.00185	0.00098	1.17008	0.00058	0.00098
ACG	ACC	GC	2.84357	0.00131	0.00394	-2.84357	0.02243	0.00394
ACG	ACA	GA	1.79023	0.00567	0.01219	-1.79023	0.03399	0.01219
AAT	TAT	AT	-0.54299	0.05671	0.04270	0.54299	0.03295	0.04270
AAT	CAT	AC	-0.65779	0.03996	0.02825	0.65779	0.02070	0.02825
AAT	ATT	AT	0.09751	0.05671	0.05952	-0.09751	0.06252	0.05952
AAT	ACT	AC	-3.16332	0.03996	0.00558	3.16332	0.00169	0.00558
AAC	TAC	AT	-4.15285	0.05375	0.00356	4.15285	0.00084	0.00356
AAC	CAC	AC	-0.23323	0.03787	0.03363	0.23323	0.02999	0.03363
AAC	ATC	AT	-0.50871	0.05375	0.04123	0.50871	0.03232	0.04123
AAC	ACC	AC	0.55395	0.03787	0.04932	-0.55395	0.06590	0.04932
AAC	AAT	CT	-0.29639	0.09624	0.08268	0.29639	0.07156	0.08268
AAA	CAA	AC	0.27458	0.02873	0.03285	-0.27458	0.03781	0.03285
AAA	ATA	AT	-4.56975	0.04077	0.00195	4.56975	0.00042	0.00195
AAA	ACA	AC	0.66315	0.02873	0.03930	-0.66315	0.05576	0.03930
AAA	AAT	AT	0.86616	0.04077	0.06095	-0.86616	0.09695	0.06095
AAA	AAC	AC	1.16254	0.02873	0.04859	-1.16254	0.09188	0.04859
AAG	CAG	AC	-0.17935	0.07531	0.06876	0.17935	0.06294	0.06876
AAG	ATG	AT	-0.32938	0.10688	0.09024	0.32938	0.07688	0.09024
AAG	ACG	AC	-3.16839	0.07531	0.01048	3.16839	0.00317	0.01048
AAG	AAT	GT	-1.17515	0.10688	0.05610	1.17515	0.03300	0.05610
AAG	AAC	GC	-0.87876	0.07531	0.04700	0.87876	0.03127	0.04700
AAG	AAA	GA	-2.04131	0.32716	0.09967	2.04131	0.04249	0.09967
AGT	TGT	AT	-4.43217	0.00025	0.00001	4.43217	0.00000	0.00000
AGT	CGT	AC	5.25574	0.00017	0.00092	-5.25574	0.03337	0.00092
AGT	ATT	GT	4.45574	0.00025	0.00111	-4.45574	0.02128	0.00111
AGT	ACT	GC	1.19492	0.00017	0.00030	-1.19492	0.00058	0.00030
AGT	AAT	GA	4.35823	0.00076	0.00334	-4.35823	0.05909	0.00334
AGC	TGC	AT	-3.47718	0.02051	0.00227	3.47718	0.00063	0.00227
AGC	CGC	AC	-8.50092	0.01445	0.00002	8.50092	0.00000	0.00000
AGC	ATC	GT	-0.62302	0.02051	0.01478	0.62302	0.01100	0.01478
AGC	ACC	GC	0.43964	0.01445	0.01786	-0.43964	0.02243	0.01786
AGC	AAC	GA	-0.11431	0.06279	0.05927	0.11431	0.05600	0.05927
AGC	AGT	CT	-4.76893	0.03673	0.00150	4.76893	0.00031	0.00150
AGA	CGA	AC	-1.36500	0.00496	0.00232	1.36500	0.00127	0.00232
AGA	ATA	GT	-3.89137	0.00704	0.00057	3.89137	0.00014	0.00057
AGA	ACA	GC	1.34152	0.00496	0.00901	-1.34152	0.01898	0.00901
AGA	AAA	GA	0.67837	0.02156	0.02969	-0.67837	0.04249	0.02969
AGA	AGT	AT	-2.81370	0.00704	0.00126	2.81370	0.00042	0.00126
AGA	AGC	AC	1.95523	0.00496	0.01130	-1.95523	0.03506	0.01130
AGG	TGG	AT	-4.14129	0.02656	0.00178	4.14129	0.00042	0.00178
AGG	CGG	AC	-0.08990	0.01872	0.01789	0.08990	0.01711	0.01789
AGG	ATG	GT	-0.01495	0.02656	0.02637	0.01495	0.02617	0.02637
AGG	ACG	GC	-2.85397	0.01872	0.00327	2.85397	0.00108	0.00327
AGG	AAG	GA	0.31442	0.08132	0.09477	-0.31442	0.11136	0.09477
AGG	AGT	GT	-5.21896	0.02656	0.00075	5.21896	0.00014	0.00075
AGG	AGC	GC	-0.45003	0.01872	0.01482	0.45003	0.01193	0.01482
AGG	AGA	GA	-2.40526	0.08132	0.01940	2.40526	0.00734	0.01940
GTT	TTT	GT	0.23241	0.04114	0.04611	-0.23241	0.05191	0.04611
GTT	CTT	GC	-0.46613	0.02899	0.02276	0.46613	0.01819	0.02276
GTT	ATT	GA	-1.19545	0.12595	0.06532	1.19545	0.03811	0.06532
GTC	TTC	GT	-0.35716	0.03114	0.02591	0.35716	0.02178	0.02591
GTC	CTC	GC	-0.62706	0.02194	0.01577	0.62706	0.01172	0.01577
GTC	ATC	GA	-1.57666	0.09531	0.03915	1.57666	0.01970	0.03915
GTC	GTT	CT	-0.07138	0.05575	0.05379	0.07138	0.05191	0.05379
GTA	TTA	GT	0.30142	0.00803	0.00930	-0.30142	0.01086	0.00930
GTA	CTA	GC	1.09382	0.00566	0.00931	-1.09382	0.01690	0.00931
GTA	ATA	GA	-4.55891	0.02458	0.00119	4.55891	0.00026	0.00119
GTA	GTT	AT	2.16996	0.00803	0.01967	-2.16996	0.07034	0.01967
GTA	GTC	AC	2.24133	0.00566	0.01419	-2.24133	0.05323	0.01419
GTG	TTG	GT	-1.31060	0.01013	0.00490	1.31060	0.00273	0.00490
GTG	CTG	GC	1.18265	0.00714	0.01217	-1.18265	0.02329	0.01217
GTG	ATG	GA	0.41277	0.03101	0.03785	-0.41277	0.04686	0.03785
GTG	GTT	GT	0.85995	0.01013	0.01510	-0.85995	0.02394	0.01510
GTG	GTC	GC	0.93133	0.00714	0.01097	-0.93133	0.01812	0.01097
GTG	GTA	GA	-1.31000	0.03101	0.01501	1.31000	0.00837	0.01501
GCT	TCT	GT	-1.22166	0.05684	0.02902	1.22166	0.01675	0.02902
GCT	CCT	GC	-0.04596	0.04005	0.03913	0.04596	0.03825	0.03913
GCT	ACT	GA	-5.12945	0.17398	0.00531	5.12945	0.00103	0.00531
GCT	GTT	CT	-0.67317	0.10177	0.07133	0.67317	0.05191	0.07133
GCC	TCC	GT	-1.23110	0.07018	0.03563	1.23110	0.02049	0.03563
GCC	CCC	GC	-0.58026	0.04945	0.03648	0.58026	0.02768	0.03648
GCC	ACC	GA	-1.67679	0.21483	0.08284	1.67679	0.04017	0.08284
GCC	GTC	CT	-1.16278	0.12567	0.06646	1.16278	0.03929	0.06646
GCC	GCT	CT	-0.56098	0.12567	0.09370	0.56098	0.07171	0.09370
GCA	TCA	GT	-6.94670	0.07475	0.00050	6.94670	0.00007	0.00050
GCA	CCA	GC	-1.20298	0.05267	0.02719	1.20298	0.01582	0.02719
GCA	ACA	GA	-1.90695	0.22883	0.07612	1.90695	0.03399	0.07612
GCA	GTA	CT	-2.58093	0.13386	0.02830	2.58093	0.01013	0.02830
GCA	GCT	AT	0.26220	0.07475	0.08498	-0.26220	0.09716	0.08498
GCA	GCC	AC	0.82318	0.05267	0.07729	-0.82318	0.11997	0.07729
GCG	TCG	GT	-9.58737	0.01458	0.00001	9.58737	0.00000	0.00000
GCG	CCG	GC	-0.78768	0.01027	0.00675	0.78768	0.00467	0.00675
GCG	ACG	GA	-3.14030	0.04463	0.00634	3.14030	0.00193	0.00634
GCG	GTG	CT	-0.71406	0.02611	0.01789	0.71406	0.01278	0.01789
GCG	GCT	GT	0.81907	0.01458	0.02136	-0.81907	0.03307	0.02136
GCG	GCC	GC	1.38006	0.01027	0.01894	-1.38006	0.04084	0.01894
GCG	GCA	GA	0.55688	0.04463	0.05820	-0.55688	0.07789	0.05820
GAT	TAT	GT	-0.92969	0.02842	0.01723	0.92969	0.01122	0.01723
GAT	CAT	GC	-1.04449	0.02002	0.01135	1.04449	0.00705	0.01135
GAT	AAT	GA	-0.38670	0.08699	0.07125	0.38670	0.05909	0.07125
GAT	GTT	AT	0.90626	0.02842	0.04321	-0.90626	0.07034	0.04321
GAT	GCT	AC	1.57944	0.02002	0.03984	-1.57944	0.09716	0.03984
GAC	TAC	GT	-5.43744	0.06610	0.00157	5.43744	0.00029	0.00157
GAC	CAC	GC	-1.51782	0.04658	0.01985	1.51782	0.01021	0.01985
GAC	AAC	GA	-1.28459	0.20235	0.09947	1.28459	0.05600	0.09947
GAC	GTC	AT	-0.21664	0.06610	0.05920	0.21664	0.05323	0.05920
GAC	GCC	AC	0.94614	0.04658	0.07204	-0.94614	0.11997	0.07204
GAC	GAT	CT	-1.19428	0.11837	0.06143	1.19428	0.03586	0.06143
GAA	CAA	GC	-1.29741	0.04710	0.02297	1.29741	0.01287	0.02297
GAA	AAA	GA	-1.57200	0.20462	0.08429	1.57200	0.04249	0.08429
GAA	GTA	AT	-1.58283	0.06684	0.02735	1.58283	0.01373	0.02735
GAA	GCA	AC	0.99810	0.04710	0.07445	-0.99810	0.12779	0.07445
GAA	GAT	AT	-0.31914	0.06684	0.05674	0.31914	0.04858	0.05674
GAA	GAC	AC	0.87514	0.04710	0.07068	-0.87514	0.11300	0.07068
GAG	CAG	GC	-0.52256	0.03613	0.02751	0.52256	0.02142	0.02751
GAG	AAG	GA	-0.34322	0.15696	0.13156	0.34322	0.11136	0.13156
GAG	GTG	AT	-1.08536	0.05128	0.02839	1.08536	0.01732	0.02839
GAG	GCG	AC	-0.37130	0.03613	0.02984	0.37130	0.02492	0.02984
GAG	GAT	GT	-1.13167	0.05128	0.02762	1.13167	0.01654	0.02762
GAG	GAC	GC	0.06261	0.03613	0.03727	-0.06261	0.03846	0.03727
GAG	GAA	GA	-0.81253	0.15696	0.10174	0.81253	0.06965	0.10174
GGT	TGT	GT	-10.31795	0.03027	0.00001	10.31795	0.00000	0.00000
GGT	CGT	GC	-0.63004	0.02133	0.01531	0.63004	0.01136	0.01531
GGT	AGT	GA	-5.88578	0.09266	0.00152	5.88578	0.00026	0.00152
GGT	GTT	GT	-0.23458	0.03027	0.02686	0.23458	0.02394	0.02686
GGT	GCT	GC	0.43859	0.02133	0.02635	-0.43859	0.03307	0.02635
GGT	GAT	GA	-1.14085	0.09266	0.04965	1.14085	0.02961	0.04965
GGC	TGC	GT	-5.42427	0.04893	0.00118	5.42427	0.00022	0.00118
GGC	CGC	GC	-10.44801	0.03448	0.00001	10.44801	0.00000	0.00000
GGC	AGC	GA	-1.94709	0.14978	0.04854	1.94709	0.02137	0.04854
GGC	GTC	GT	-0.99345	0.04893	0.02858	0.99345	0.01812	0.02858
GGC	GCC	GC	0.16933	0.03448	0.03748	-0.16933	0.04084	0.03748
GGC	GAC	GA	-0.77682	0.14978	0.09906	0.77682	0.06888	0.09906
GGC	GGT	CT	-0.83025	0.08761	0.05622	0.83025	0.03819	0.05622
GGA	CGA	GC	-2.79407	0.00705	0.00128	2.79407	0.00043	0.00128
GGA	AGA	GA	-1.42907	0.03064	0.01379	1.42907	0.00734	0.01379
GGA	GTA	GT	-0.76153	0.01001	0.00668	0.76153	0.00467	0.00668
GGA	GCA	GC	1.81940	0.00705	0.01531	-1.81940	0.04350	0.01531
GGA	GAA	GA	0.82130	0.03064	0.04492	-0.82130	0.06965	0.04492
GGA	GGT	AT	1.64301	0.01001	0.02039	-1.64301	0.05175	0.02039
GGA	GGC	AC	2.47325	0.00705	0.01905	-2.47325	0.08364	0.01905
GGG	TGG	GT	-0.94693	0.00037	0.00022	0.94693	0.00014	0.00022
GGG	CGG	GC	3.10446	0.00026	0.00085	-3.10446	0.00582	0.00085
GGG	AGG	GA	3.19436	0.00113	0.00378	-3.19436	0.02768	0.00378
GGG	GTG	GT	2.76664	0.00037	0.00109	-2.76664	0.00590	0.00109
GGG	GCG	GC	3.48069	0.00026	0.00094	-3.48069	0.00848	0.00094
GGG	GAG	GA	3.85200	0.00113	0.00447	-3.85200	0.05343	0.00447
GGG	GGT	GT	3.86118	0.00037	0.00146	-3.86118	0.01761	0.00146
GGG	GGC	GC	4.69142	0.00026	0.00124	-4.69142	0.02847	0.00124
GGG	GGA	GA	2.21817	0.00113	0.00282	-2.21817	0.01043	0.00282


Histograms
2Ns	FMut	FSub(CodonUsage)	FSubw(after w)

-9.95049	0.01228	0.00001
-8.95544	0.00473	0.00001
-7.96039	0.00235	0.00001
-6.96534	0.00717	0.00008
-5.97029	0.02355	0.00053
-4.97524	0.04761	0.00217
-3.98020	0.02725	0.00279
-2.98515	0.04220	0.01022
-1.99010	0.14761	0.07079
-0.99505	0.32515	0.27264
0.00000	0.20428	0.28152
0.99505	0.12907	0.27264
1.99010	0.02342	0.07079
2.98515	0.00246	0.01022
3.98020	0.00049	0.00279
4.97524	0.00031	0.00217
5.97029	0.00006	0.00053
6.96534	0.00001	0.00008
7.96039	0.00000	0.00000
8.95544	0.00000	0.00000
9.95049	0.00000	0.00000

Proportion of advantageous (S > 0) mutations:
 0.24552

Proportions of good & bad mutations (|S| > 2.0000) among mutations:
0.00961  0.22147

mean |Ns| = 1.65334	mean Ns+ = 0.76966	mean Ns- = -1.94091


MLEs of dN/dS (w) for site classes (K=4)

site class             0        1       2a       2b
proportion       0.72706  0.06246  0.19383  0.01665
background w     0.11899  2.27624  0.11899  2.27624
foreground w     0.11899  2.27624  0.26874  0.26874

Naive Empirical Bayes (NEB) probabilities for 4 classes
(amino acids refer to 1st sequence: Bacu)

   1 D   0.64118 0.00173 0.35693 0.00016 ( 1)
   2 Q   0.79460 0.00191 0.20257 0.00092 ( 1)
   3 A   0.02157 0.94455 0.02839 0.00548 ( 2)
   4 N   0.79649 0.00116 0.20174 0.00061 ( 1)
   5 H   0.78550 0.01080 0.19733 0.00636 ( 1)
   6 H   0.79854 0.00054 0.20061 0.00032 ( 1)
   7 S   0.74407 0.04501 0.19075 0.02017 ( 1)
   8 S   0.79585 0.00133 0.20215 0.00067 ( 1)
   9 S   0.74657 0.04267 0.19073 0.02003 ( 1)
  10 K   0.23906 0.49194 0.06155 0.20745 ( 2)
  11 N   0.79410 0.00230 0.20250 0.00111 ( 1)
  12 Q   0.76555 0.02654 0.19457 0.01335 ( 1)
  13 F   0.57587 0.08427 0.33580 0.00405 ( 1)
  14 D   0.79685 0.00115 0.20138 0.00062 ( 1)
  15 R   0.79197 0.00320 0.20343 0.00140 ( 1)
  16 F   0.60278 0.04596 0.34881 0.00245 ( 1)
  17 F   0.78836 0.00573 0.20358 0.00233 ( 1)
  18 R   0.77451 0.01876 0.19797 0.00876 ( 1)
  19 R   0.77020 0.02245 0.19685 0.01050 ( 1)
  20 L   0.51798 0.24095 0.13276 0.10830 ( 1)
  21 S   0.79420 0.00215 0.20262 0.00103 ( 1)
  22 F   0.02928 0.61644 0.00738 0.34690 ( 2)
  23 S   0.00000 0.95075 0.00000 0.04925 ( 2)
  24 F   0.69372 0.08910 0.17814 0.03903 ( 1)
  25 F   0.66602 0.11639 0.17264 0.04495 ( 1)
  26 -   0.76305 0.02709 0.20186 0.00800 ( 1)
  27 P   0.25531 0.56793 0.14852 0.02825 ( 2)
  28 I   0.80077 0.00158 0.19637 0.00129 ( 1)
  29 L   0.79855 0.00061 0.20048 0.00036 ( 1)
  30 L   0.28013 0.53063 0.16300 0.02623 ( 2)
  31 N   0.79728 0.00096 0.20123 0.00053 ( 1)
  32 T   0.03008 0.66281 0.00771 0.29941 ( 2)
  33 M   0.79713 0.00140 0.20068 0.00080 ( 1)
  34 A   0.78272 0.01033 0.20297 0.00397 ( 1)
  35 P   0.79298 0.00325 0.20220 0.00157 ( 1)
  36 K   0.79236 0.00366 0.20225 0.00173 ( 1)
  37 K   0.79236 0.00366 0.20225 0.00173 ( 1)
  38 D   0.80021 0.00076 0.19852 0.00051 ( 1)
  39 V   0.80459 0.00011 0.19521 0.00010 ( 1)
  40 K   0.79236 0.00366 0.20225 0.00173 ( 1)
  41 K   0.79971 0.00068 0.19917 0.00044 ( 1)
  42 P   0.73763 0.04347 0.17931 0.03959 ( 1)
  43 A   0.78800 0.00638 0.20293 0.00269 ( 1)
  44 A   0.79202 0.00400 0.20206 0.00191 ( 1)
  45 A   0.67367 0.10748 0.17348 0.04537 ( 1)
  46 A   0.66371 0.11715 0.17135 0.04778 ( 1)
  47 A   0.79161 0.00436 0.20196 0.00208 ( 1)
  48 P   0.79155 0.00446 0.20184 0.00215 ( 1)
  49 A   0.79263 0.00348 0.20222 0.00166 ( 1)
  50 P   0.78812 0.00578 0.20380 0.00231 ( 1)
  51 A   0.79039 0.00418 0.20368 0.00175 ( 1)
  52 P   0.78627 0.00745 0.20332 0.00297 ( 1)
  53 A   0.78977 0.00474 0.20352 0.00198 ( 1)
  54 P   0.79103 0.00374 0.20365 0.00158 ( 1)
  55 A   0.78729 0.00672 0.20325 0.00274 ( 1)
  56 P   0.79258 0.00317 0.20279 0.00146 ( 1)
  57 A   0.63393 0.14307 0.16340 0.05960 ( 1)
  58 P   0.78449 0.00879 0.20332 0.00340 ( 1)
  59 A   0.78226 0.01072 0.20291 0.00410 ( 1)
  60 P   0.78515 0.00862 0.20272 0.00351 ( 1)
  61 A   0.78234 0.01068 0.20288 0.00410 ( 1)
  62 P   0.78475 0.00881 0.20292 0.00352 ( 1)
  63 A   0.51745 0.14006 0.33949 0.00300 ( 1)
  64 P   0.79227 0.00362 0.20242 0.00170 ( 1)
  65 P   0.78848 0.00539 0.20399 0.00214 ( 1)
  66 K   0.79620 0.00112 0.20212 0.00057 ( 1)
  67 E   0.79257 0.00282 0.20336 0.00125 ( 1)
  68 K   0.01004 0.73318 0.00262 0.25415 ( 2)
  69 K   0.78907 0.00506 0.20383 0.00204 ( 1)
  70 I   0.79625 0.00107 0.20212 0.00055 ( 1)
  71 D   0.79553 0.00137 0.20243 0.00068 ( 1)
  72 L   0.79612 0.00112 0.20220 0.00057 ( 1)
  73 S   0.61984 0.02207 0.35682 0.00127 ( 1)
  74 A   0.78984 0.00437 0.20401 0.00178 ( 1)
  75 I   0.10707 0.78442 0.06142 0.04709 ( 2)
  76 E   0.74306 0.04601 0.19093 0.01999 ( 1)
  77 F   0.79416 0.00250 0.20211 0.00123 ( 1)
  78 K   0.79268 0.00338 0.20233 0.00160 ( 1)
  79 E   0.79585 0.00180 0.20140 0.00095 ( 1)
  80 A   0.78446 0.00875 0.20342 0.00336 ( 1)
  81 F   0.79045 0.00471 0.20275 0.00209 ( 1)
  82 L   0.79970 0.00061 0.19930 0.00040 ( 1)
  83 L   0.78431 0.00891 0.20333 0.00344 ( 1)
  84 Y   0.63954 0.00123 0.35914 0.00010 ( 1)
  85 D   0.79910 0.00075 0.19967 0.00047 ( 1)
  86 R   0.79708 0.00339 0.19707 0.00246 ( 1)
  87 Q   0.42505 0.29092 0.10640 0.17763 ( 1)
  88 G   0.79245 0.00375 0.20200 0.00180 ( 1)
  89 D   0.80474 0.00093 0.19334 0.00099 ( 1)
  90 N   0.00001 0.72483 0.00000 0.27516 ( 2)
  91 K   0.79268 0.00338 0.20233 0.00160 ( 1)
  92 I   0.80576 0.00006 0.19413 0.00006 ( 1)
  93 T   0.63562 0.00823 0.35545 0.00070 ( 1)
  94 L   0.79199 0.00370 0.20261 0.00171 ( 1)
  95 S   0.15097 0.49170 0.03762 0.31970 ( 2)
  96 Q   0.79747 0.00120 0.20064 0.00069 ( 1)
  97 V   0.79860 0.00087 0.20001 0.00053 ( 1)
  98 G   0.78978 0.00508 0.20292 0.00221 ( 1)
  99 D   0.80621 0.00005 0.19369 0.00005 ( 1)
 100 V   0.80033 0.00049 0.19885 0.00033 ( 1)
 101 L   0.80079 0.00042 0.19850 0.00029 ( 1)
 102 R   0.79615 0.00166 0.20129 0.00090 ( 1)
 103 A   0.78843 0.00600 0.20304 0.00253 ( 1)
 104 L   0.78815 0.00620 0.20304 0.00260 ( 1)
 105 G   0.79199 0.00382 0.20240 0.00178 ( 1)
 106 T   0.79367 0.00279 0.20217 0.00136 ( 1)
 107 N   0.79633 0.00162 0.20117 0.00088 ( 1)
 108 P   0.79207 0.00369 0.20253 0.00171 ( 1)
 109 T   0.79983 0.00059 0.19920 0.00039 ( 1)
 110 N   0.79633 0.00162 0.20117 0.00088 ( 1)
 111 A   0.78327 0.00984 0.20312 0.00378 ( 1)
 112 E   0.79585 0.00180 0.20140 0.00095 ( 1)
 113 V   0.80033 0.00049 0.19885 0.00033 ( 1)
 114 K   0.79281 0.00338 0.20221 0.00160 ( 1)
 115 E   0.00000 0.98137 0.00000 0.01863 ( 2)
 116 V   0.79891 0.00062 0.20008 0.00038 ( 1)
 117 L   0.67837 0.10345 0.17476 0.04343 ( 1)
 118 G   0.80150 0.00032 0.19795 0.00023 ( 1)
 119 N   0.78295 0.01329 0.19563 0.00813 ( 1)
 120 P   0.79207 0.00369 0.20253 0.00171 ( 1)
 121 S   0.80158 0.00030 0.19790 0.00022 ( 1)
 122 N   0.40921 0.33600 0.23475 0.02005 ( 1)
 123 E   0.79612 0.00171 0.20125 0.00092 ( 1)
 124 E   0.79586 0.00179 0.20139 0.00095 ( 1)
 125 M   0.79730 0.00126 0.20072 0.00072 ( 1)
 126 N   0.79633 0.00162 0.20117 0.00088 ( 1)
 127 V   0.73673 0.05098 0.18796 0.02434 ( 1)
 128 K   0.79268 0.00338 0.20233 0.00160 ( 1)
 129 K   0.79981 0.00060 0.19920 0.00039 ( 1)
 130 I   0.79985 0.00058 0.19919 0.00038 ( 1)
 131 E   0.79583 0.00182 0.20139 0.00097 ( 1)
 132 F   0.79046 0.00474 0.20271 0.00209 ( 1)
 133 E   0.75952 0.03152 0.19200 0.01696 ( 1)
 134 Q   0.79966 0.00060 0.19937 0.00038 ( 1)
 135 F   0.79045 0.00471 0.20275 0.00209 ( 1)
 136 L   0.78815 0.00620 0.20304 0.00260 ( 1)
 137 P   0.79207 0.00369 0.20253 0.00171 ( 1)
 138 M   0.79730 0.00126 0.20072 0.00072 ( 1)
 139 L   0.59946 0.14180 0.14740 0.11134 ( 1)
 140 Q   0.79990 0.00057 0.19915 0.00038 ( 1)
 141 S   0.77052 0.02264 0.19295 0.01389 ( 1)
 142 I   0.79985 0.00058 0.19919 0.00038 ( 1)
 143 S   0.79623 0.00164 0.20125 0.00089 ( 1)
 144 N   0.79942 0.00068 0.19946 0.00044 ( 1)
 145 K   0.78381 0.01257 0.19556 0.00806 ( 1)
 146 K   0.79268 0.00338 0.20233 0.00160 ( 1)
 147 D   0.79910 0.00075 0.19967 0.00047 ( 1)
 148 Q   0.79747 0.00120 0.20064 0.00069 ( 1)
 149 G   0.79172 0.00389 0.20260 0.00179 ( 1)
 150 T   0.80045 0.00012 0.19935 0.00008 ( 1)
 151 Y   0.80199 0.00035 0.19739 0.00027 ( 1)
 152 E   0.79612 0.00171 0.20125 0.00092 ( 1)
 153 D   0.79910 0.00075 0.19967 0.00047 ( 1)
 154 F   0.79037 0.00478 0.20273 0.00212 ( 1)
 155 V   0.79860 0.00087 0.20001 0.00053 ( 1)
 156 E   0.79586 0.00179 0.20139 0.00095 ( 1)
 157 G   0.78978 0.00508 0.20292 0.00221 ( 1)
 158 L   0.78815 0.00620 0.20304 0.00260 ( 1)
 159 R   0.79099 0.00430 0.20278 0.00193 ( 1)
 160 V   0.80033 0.00049 0.19885 0.00033 ( 1)
 161 F   0.79044 0.00472 0.20275 0.00209 ( 1)
 162 D   0.79910 0.00075 0.19967 0.00047 ( 1)
 163 K   0.79268 0.00338 0.20233 0.00160 ( 1)
 164 E   0.79612 0.00171 0.20125 0.00092 ( 1)
 165 G   0.79172 0.00389 0.20260 0.00179 ( 1)
 166 N   0.79633 0.00162 0.20117 0.00088 ( 1)
 167 G   0.79172 0.00389 0.20260 0.00179 ( 1)
 168 T   0.80045 0.00012 0.19935 0.00008 ( 1)
 169 V   0.79870 0.00079 0.20003 0.00048 ( 1)
 170 M   0.79730 0.00126 0.20072 0.00072 ( 1)
 171 G   0.78978 0.00508 0.20292 0.00221 ( 1)
 172 A   0.78843 0.00600 0.20304 0.00253 ( 1)
 173 E   0.79612 0.00171 0.20125 0.00092 ( 1)
 174 L   0.80078 0.00042 0.19850 0.00029 ( 1)
 175 R   0.79098 0.00431 0.20277 0.00194 ( 1)
 176 H   0.81049 0.00001 0.18949 0.00001 ( 1)
 177 V   0.80469 0.00017 0.19499 0.00016 ( 1)
 178 L   0.78364 0.00953 0.20315 0.00368 ( 1)
 179 A   0.78904 0.00546 0.20319 0.00230 ( 1)
 180 T   0.79599 0.00084 0.20276 0.00041 ( 1)
 181 L   0.78421 0.00901 0.20330 0.00348 ( 1)


lnL = -1905.804780

Bayes Empirical Bayes (BEB) probabilities for 4 classes (class)
(amino acids refer to 1st sequence: Bacu)

   1 D   0.53610 0.14264 0.31414 0.00713 ( 1)
   2 Q   0.92581 0.04511 0.02736 0.00172 ( 1)
   3 A   0.00344 0.73124 0.10426 0.16106 ( 2)
   4 N   0.93598 0.03717 0.02549 0.00136 ( 1)
   5 H   0.62918 0.34330 0.01541 0.01211 ( 1)
   6 H   0.94865 0.02718 0.02323 0.00094 ( 1)
   7 S   0.47821 0.48692 0.01517 0.01970 ( 2)
   8 S   0.93249 0.03979 0.02625 0.00148 ( 1)
   9 S   0.48452 0.48178 0.01468 0.01902 ( 1)
  10 K   0.05092 0.90934 0.00159 0.03815 ( 2)
  11 N   0.92112 0.04962 0.02736 0.00190 ( 1)
  12 Q   0.53641 0.43191 0.01522 0.01646 ( 1)
  13 F   0.25920 0.38216 0.32681 0.03183 ( 2)
  14 D   0.93679 0.03709 0.02479 0.00133 ( 1)
  15 R   0.91072 0.05730 0.02969 0.00230 ( 1)
  16 F   0.30251 0.33952 0.33230 0.02567 ( 2)
  17 F   0.89350 0.07211 0.03138 0.00301 ( 1)
  18 R   0.57220 0.39474 0.01747 0.01559 ( 1)
  19 R   0.54862 0.41815 0.01672 0.01652 ( 1)
  20 L   0.08726 0.87463 0.00259 0.03551 ( 2)
  21 S   0.92209 0.04856 0.02749 0.00186 ( 1)
  22 F   0.00718 0.95805 0.00016 0.03462 ( 2)
  23 S   0.00000 0.92211 0.00000 0.07789 ( 2)
  24 F   0.40521 0.55876 0.01312 0.02291 ( 2)
  25 F   0.37180 0.58862 0.01368 0.02589 ( 2)
  26 -   0.81851 0.13410 0.04056 0.00682 ( 1)
  27 P   0.04426 0.83699 0.04637 0.07238 ( 2)
  28 I   0.79468 0.18507 0.01459 0.00566 ( 1)
  29 L   0.94745 0.02852 0.02304 0.00098 ( 1)
  30 L   0.04640 0.83188 0.04930 0.07242 ( 2)
  31 N   0.93995 0.03433 0.02450 0.00123 ( 1)
  32 T   0.00695 0.95435 0.00019 0.03852 ( 2)
  33 M   0.93454 0.04044 0.02361 0.00142 ( 1)
  34 A   0.87169 0.09192 0.03242 0.00397 ( 1)
  35 P   0.91292 0.05782 0.02705 0.00221 ( 1)
  36 K   0.91025 0.05997 0.02747 0.00231 ( 1)
  37 K   0.91025 0.05997 0.02747 0.00231 ( 1)
  38 D   0.94821 0.03029 0.02050 0.00100 ( 1)
  39 V   0.97032 0.01356 0.01574 0.00039 ( 1)
  40 K   0.91025 0.05997 0.02747 0.00231 ( 1)
  41 K   0.94835 0.02968 0.02099 0.00098 ( 1)
  42 P   0.48667 0.49084 0.00803 0.01446 ( 2)
  43 A   0.89076 0.07605 0.03008 0.00311 ( 1)
  44 A   0.90758 0.06288 0.02712 0.00241 ( 1)
  45 A   0.37951 0.58334 0.01274 0.02440 ( 2)
  46 A   0.36939 0.59250 0.01284 0.02526 ( 2)
  47 A   0.90550 0.06494 0.02706 0.00249 ( 1)
  48 P   0.90493 0.06574 0.02682 0.00251 ( 1)
  49 A   0.91125 0.05924 0.02723 0.00227 ( 1)
  50 P   0.89241 0.07262 0.03190 0.00306 ( 1)
  51 A   0.90292 0.06367 0.03080 0.00262 ( 1)
  52 P   0.88427 0.08070 0.03162 0.00341 ( 1)
  53 A   0.89954 0.06701 0.03069 0.00276 ( 1)
  54 P   0.90605 0.06097 0.03049 0.00249 ( 1)
  55 A   0.88830 0.07740 0.03108 0.00323 ( 1)
  56 P   0.91232 0.05718 0.02826 0.00223 ( 1)
  57 A   0.34708 0.61518 0.01180 0.02594 ( 2)
  58 P   0.87773 0.08619 0.03238 0.00370 ( 1)
  59 A   0.87046 0.09299 0.03253 0.00402 ( 1)
  60 P   0.88022 0.08539 0.03083 0.00356 ( 1)
  61 A   0.87076 0.09285 0.03239 0.00401 ( 1)
  62 P   0.87885 0.08609 0.03143 0.00363 ( 1)
  63 A   0.14590 0.33010 0.48285 0.04116 ( 3)
  64 P   0.90988 0.06012 0.02767 0.00233 ( 1)
  65 P   0.89460 0.07031 0.03212 0.00297 ( 1)
  66 K   0.93622 0.03625 0.02619 0.00134 ( 1)
  67 E   0.91515 0.05327 0.02946 0.00212 ( 1)
  68 K   0.00434 0.95105 0.00015 0.04446 ( 2)
  69 K   0.89763 0.06776 0.03176 0.00285 ( 1)
  70 I   0.93657 0.03595 0.02615 0.00133 ( 1)
  71 D   0.93219 0.03944 0.02688 0.00148 ( 1)
  72 L   0.93572 0.03662 0.02630 0.00136 ( 1)
  73 S   0.34899 0.28307 0.34800 0.01994 ( 1)
  74 A   0.90119 0.06447 0.03166 0.00269 ( 1)
  75 I   0.01033 0.91479 0.00603 0.06885 ( 2)
  76 E   0.47930 0.48506 0.01569 0.01995 ( 2)
  77 F   0.91985 0.05157 0.02664 0.00194 ( 1)
  78 K   0.91215 0.05809 0.02752 0.00224 ( 1)
  79 E   0.92826 0.04503 0.02507 0.00164 ( 1)
  80 A   0.87757 0.08609 0.03263 0.00371 ( 1)
  81 F   0.90168 0.06667 0.02898 0.00266 ( 1)
  82 L   0.94932 0.02860 0.02113 0.00094 ( 1)
  83 L   0.87704 0.08677 0.03245 0.00373 ( 1)
  84 Y   0.52614 0.11857 0.34893 0.00636 ( 1)
  85 D   0.94607 0.03109 0.02180 0.00104 ( 1)
  86 R   0.73588 0.24146 0.01491 0.00776 ( 1)
  87 Q   0.07575 0.89147 0.00165 0.03113 ( 2)
  88 G   0.90960 0.06117 0.02690 0.00233 ( 1)
  89 D   0.83028 0.15342 0.01208 0.00423 ( 1)
  90 N   0.00002 0.95887 0.00000 0.04110 ( 2)
  91 K   0.91215 0.05809 0.02752 0.00224 ( 1)
  92 I   0.97482 0.01028 0.01461 0.00028 ( 1)
  93 T   0.45677 0.24079 0.28967 0.01277 ( 1)
  94 L   0.90838 0.06119 0.02804 0.00238 ( 1)
  95 S   0.01465 0.95284 0.00027 0.03223 ( 2)
  96 Q   0.93719 0.03801 0.02347 0.00133 ( 1)
  97 V   0.94341 0.03315 0.02231 0.00113 ( 1)
  98 G   0.89828 0.06952 0.02941 0.00279 ( 1)
  99 D   0.97609 0.00947 0.01419 0.00026 ( 1)
 100 V   0.95260 0.02612 0.02044 0.00085 ( 1)
 101 L   0.95493 0.02437 0.01993 0.00078 ( 1)
 102 R   0.92996 0.04378 0.02468 0.00158 ( 1)
 103 A   0.89263 0.07419 0.03014 0.00303 ( 1)
 104 L   0.89161 0.07503 0.03028 0.00308 ( 1)
 105 G   0.90821 0.06165 0.02774 0.00239 ( 1)
 106 T   0.91681 0.05432 0.02681 0.00206 ( 1)
 107 N   0.93093 0.04295 0.02457 0.00155 ( 1)
 108 P   0.90895 0.06073 0.02796 0.00236 ( 1)
 109 T   0.94998 0.02810 0.02100 0.00092 ( 1)
 110 N   0.93093 0.04295 0.02457 0.00155 ( 1)
 111 A   0.87347 0.09016 0.03248 0.00389 ( 1)
 112 E   0.92826 0.04503 0.02507 0.00164 ( 1)
 113 V   0.95260 0.02612 0.02044 0.00085 ( 1)
 114 K   0.91231 0.05791 0.02754 0.00224 ( 1)
 115 E   0.00000 0.85692 0.00000 0.14308 ( 2)
 116 V   0.94798 0.02863 0.02242 0.00097 ( 1)
 117 L   0.38386 0.57888 0.01297 0.02430 ( 2)
 118 G   0.95846 0.02174 0.01912 0.00068 ( 1)
 119 N   0.61417 0.35882 0.01447 0.01255 ( 1)
 120 P   0.90895 0.06073 0.02796 0.00236 ( 1)
 121 S   0.95911 0.02115 0.01907 0.00066 ( 1)
 122 N   0.06434 0.81913 0.05516 0.06136 ( 2)
 123 E   0.92980 0.04385 0.02477 0.00159 ( 1)
 124 E   0.92837 0.04500 0.02499 0.00163 ( 1)
 125 M   0.93624 0.03874 0.02365 0.00136 ( 1)
 126 N   0.93093 0.04295 0.02457 0.00155 ( 1)
 127 V   0.46513 0.50136 0.01385 0.01965 ( 2)
 128 K   0.91215 0.05809 0.02752 0.00224 ( 1)
 129 K   0.94986 0.02819 0.02103 0.00093 ( 1)
 130 I   0.95011 0.02800 0.02097 0.00092 ( 1)
 131 E   0.92826 0.04511 0.02499 0.00164 ( 1)
 132 F   0.90147 0.06666 0.02919 0.00268 ( 1)
 133 E   0.52091 0.44867 0.01384 0.01658 ( 1)
 134 Q   0.94923 0.02813 0.02169 0.00095 ( 1)
 135 F   0.90168 0.06667 0.02898 0.00266 ( 1)
 136 L   0.89161 0.07503 0.03028 0.00308 ( 1)
 137 P   0.90895 0.06073 0.02796 0.00236 ( 1)
 138 M   0.93624 0.03874 0.02365 0.00136 ( 1)
 139 L   0.10907 0.86198 0.00192 0.02702 ( 2)
 140 Q   0.95035 0.02781 0.02092 0.00091 ( 1)
 141 S   0.55397 0.41847 0.01304 0.01452 ( 1)
 142 I   0.95011 0.02800 0.02097 0.00092 ( 1)
 143 S   0.93037 0.04342 0.02465 0.00156 ( 1)
 144 N   0.94777 0.02978 0.02146 0.00099 ( 1)
 145 K   0.61843 0.35548 0.01399 0.01209 ( 1)
 146 K   0.91215 0.05809 0.02752 0.00224 ( 1)
 147 D   0.94607 0.03109 0.02180 0.00104 ( 1)
 148 Q   0.93719 0.03801 0.02347 0.00133 ( 1)
 149 G   0.90727 0.06210 0.02819 0.00243 ( 1)
 150 T   0.96447 0.01377 0.02131 0.00045 ( 1)
 151 Y   0.95828 0.02265 0.01837 0.00070 ( 1)
 152 E   0.92980 0.04385 0.02477 0.00159 ( 1)
 153 D   0.94607 0.03109 0.02180 0.00104 ( 1)
 154 F   0.90169 0.06667 0.02898 0.00266 ( 1)
 155 V   0.94341 0.03315 0.02231 0.00113 ( 1)
 156 E   0.92837 0.04500 0.02499 0.00163 ( 1)
 157 G   0.89828 0.06952 0.02941 0.00279 ( 1)
 158 L   0.89161 0.07503 0.03028 0.00308 ( 1)
 159 R   0.90368 0.06506 0.02869 0.00257 ( 1)
 160 V   0.95260 0.02612 0.02044 0.00085 ( 1)
 161 F   0.90307 0.06530 0.02903 0.00260 ( 1)
 162 D   0.94607 0.03109 0.02180 0.00104 ( 1)
 163 K   0.91215 0.05809 0.02752 0.00224 ( 1)
 164 E   0.92980 0.04385 0.02477 0.00159 ( 1)
 165 G   0.90727 0.06210 0.02819 0.00243 ( 1)
 166 N   0.93093 0.04295 0.02457 0.00155 ( 1)
 167 G   0.90727 0.06210 0.02819 0.00243 ( 1)
 168 T   0.96458 0.01365 0.02132 0.00045 ( 1)
 169 V   0.94466 0.03192 0.02234 0.00109 ( 1)
 170 M   0.93624 0.03874 0.02365 0.00136 ( 1)
 171 G   0.89828 0.06952 0.02941 0.00279 ( 1)
 172 A   0.89263 0.07419 0.03014 0.00303 ( 1)
 173 E   0.92980 0.04385 0.02477 0.00159 ( 1)
 174 L   0.95487 0.02442 0.01992 0.00078 ( 1)
 175 R   0.90361 0.06513 0.02869 0.00257 ( 1)
 176 H   0.98524 0.00409 0.01058 0.00010 ( 1)
 177 V   0.96768 0.01641 0.01544 0.00046 ( 1)
 178 L   0.87460 0.08920 0.03236 0.00384 ( 1)
 179 A   0.89557 0.07127 0.03024 0.00291 ( 1)
 180 T   0.93847 0.03285 0.02743 0.00124 ( 1)
 181 L   0.87666 0.08715 0.03244 0.00375 ( 1)

