Supplemental results for CODEML (seqf: /home/leticiamagpali/phd/evol_models/codeml/big_dataset/cml_align/MYH2_codon_aligned.phy  treef: /home/leticiamagpali/phd/evol_models/codeml/big_dataset/cml_trees/gene_trees/H1d_gene_trees/MYH2_tree_H1d.tre)

I	J	ij	2Ns_IJ	pMut_IJ	pSub_IJ	2Ns_JI	pMut_JI	pSub_JI

TTC	TTT	CT	-0.26947	0.07169	0.06247	0.26947	0.05476	0.06247
TTA	TTT	AT	9.57398	0.00000	0.00000	-9.57398	0.01168	0.00001
TTA	TTC	AC	9.84345	0.00000	0.00000	-9.84345	0.02886	0.00002
TTG	TTT	GT	1.64532	0.00235	0.00479	-1.64532	0.01219	0.00479
TTG	TTC	GC	1.91480	0.00444	0.00996	-1.91480	0.03010	0.00996
TTG	TTA	GA	-7.92866	0.00814	0.00002	7.92866	0.00000	0.00000
TCT	TTT	CT	2.25203	0.00576	0.01450	-2.25203	0.05476	0.01450
TCC	TTC	CT	1.02083	0.04873	0.07776	-1.02083	0.13525	0.07776
TCC	TCT	CT	-1.50068	0.04873	0.02099	1.50068	0.01087	0.02099
TCA	TTA	CT	-7.76709	0.01061	0.00003	7.76709	0.00000	0.00000
TCA	TCT	AT	-0.44515	0.00362	0.00287	0.44515	0.00232	0.00287
TCA	TCC	AC	1.05553	0.00683	0.01105	-1.05553	0.01961	0.01105
TCG	TTG	CT	0.41820	0.00856	0.01048	-0.41820	0.01301	0.01048
TCG	TCT	GT	-0.18851	0.00292	0.00265	0.18851	0.00242	0.00265
TCG	TCC	GC	1.31217	0.00551	0.00989	-1.31217	0.02046	0.00989
TCG	TCA	GA	0.25664	0.01011	0.01146	-0.25664	0.01307	0.01146
TAT	TTT	AT	1.37760	0.00295	0.00543	-1.37760	0.01168	0.00543
TAT	TCT	AC	-0.87444	0.00556	0.00348	0.87444	0.00232	0.00348
TAC	TTC	AT	0.77190	0.01333	0.01914	-0.77190	0.02886	0.01914
TAC	TCC	AC	-0.24893	0.02516	0.02216	0.24893	0.01961	0.02216
TAC	TAT	CT	-0.87518	0.03911	0.02446	0.87518	0.01630	0.02446
TGT	TTT	GT	4.07674	0.00021	0.00086	-4.07674	0.01219	0.00086
TGT	TCT	GC	1.82471	0.00039	0.00085	-1.82471	0.00242	0.00085
TGT	TAT	GA	2.69914	0.00072	0.00207	-2.69914	0.01064	0.00207
TGC	TTC	GT	1.26130	0.00853	0.01501	-1.26130	0.03010	0.01501
TGC	TCC	GC	0.24047	0.01609	0.01810	-0.24047	0.02046	0.01810
TGC	TAC	GA	0.48940	0.02952	0.03733	-0.48940	0.04815	0.03733
TGC	TGT	CT	-3.08492	0.02501	0.00370	3.08492	0.00114	0.00370
TGG	TTG	GT	-1.17264	0.00936	0.00492	1.17264	0.00290	0.00492
TGG	TCG	GC	-1.59084	0.01765	0.00718	1.59084	0.00360	0.00718
TGG	TGT	GT	-3.60406	0.00936	0.00094	3.60406	0.00025	0.00094
TGG	TGC	GC	-0.51914	0.01765	0.01346	0.51914	0.01050	0.01346
CTT	TTT	CT	2.73262	0.00356	0.01041	-2.73262	0.05476	0.01041
CTC	TTC	CT	0.80738	0.06033	0.08792	-0.80738	0.13525	0.08792
CTC	CTT	CT	-2.19472	0.06033	0.01660	2.19472	0.00672	0.01660
CTA	TTA	CT	-7.82940	0.01129	0.00004	7.82940	0.00000	0.00000
CTA	CTT	AT	-0.98804	0.00385	0.00226	0.98804	0.00143	0.00226
CTA	CTC	AC	1.20668	0.00726	0.01251	-1.20668	0.02428	0.01251
CTG	TTG	CT	-2.71150	0.19583	0.03779	2.71150	0.01301	0.03779
CTG	CTT	GT	-3.79880	0.06678	0.00581	3.79880	0.00150	0.00581
CTG	CTC	GC	-1.60408	0.12598	0.05086	1.60408	0.02533	0.05086
CTG	CTA	GA	-2.81076	0.23114	0.04159	2.81076	0.01390	0.04159
CCT	TCT	CT	2.76824	0.00068	0.00201	-2.76824	0.01087	0.00201
CCT	CTT	CT	2.28766	0.00068	0.00174	-2.28766	0.00672	0.00174
CCC	TCC	CT	1.41052	0.02243	0.04185	-1.41052	0.09193	0.04185
CCC	CTC	CT	1.62397	0.02243	0.04537	-1.62397	0.11380	0.04537
CCC	CCT	CT	-2.85840	0.02243	0.00390	2.85840	0.00129	0.00390
CCA	TCA	CT	1.14556	0.00637	0.01069	-1.14556	0.02002	0.01069
CCA	CTA	CT	1.20786	0.00637	0.01097	-1.20786	0.02130	0.01097
CCA	CCT	AT	-2.06783	0.00217	0.00065	2.06783	0.00027	0.00065
CCA	CCC	AC	0.79057	0.00410	0.00593	-0.79057	0.00903	0.00593
CCG	TCG	CT	-0.09320	0.01773	0.01692	0.09320	0.01616	0.01692
CCG	CTG	CT	3.03651	0.01773	0.05656	-3.03651	0.36944	0.05656
CCG	CCT	GT	-3.04995	0.00605	0.00092	3.04995	0.00029	0.00092
CCG	CCC	GC	-0.19155	0.01141	0.01035	0.19155	0.00942	0.01035
CCG	CCA	GA	-0.98212	0.02093	0.01231	0.98212	0.00784	0.01231
CAT	TAT	CT	5.37093	0.00008	0.00041	-5.37093	0.01630	0.00041
CAT	CTT	AT	4.01591	0.00003	0.00011	-4.01591	0.00143	0.00011
CAT	CCT	AC	1.72825	0.00005	0.00010	-1.72825	0.00027	0.00010
CAC	TAC	CT	0.56911	0.04176	0.05476	-0.56911	0.07377	0.05476
CAC	CTC	AT	0.53363	0.01424	0.01838	-0.53363	0.02428	0.01838
CAC	CCC	AC	-1.09035	0.02686	0.01483	1.09035	0.00903	0.01483
CAC	CAT	CT	-5.67700	0.04176	0.00081	5.67700	0.00014	0.00081
CAA	CTA	AT	0.11346	0.00406	0.00429	-0.11346	0.00454	0.00429
CAA	CCA	AC	-1.09440	0.00765	0.00421	1.09440	0.00256	0.00421
CAA	CAT	AT	-4.89048	0.00406	0.00015	4.89048	0.00003	0.00015
CAA	CAC	AC	0.78652	0.00765	0.01105	-0.78652	0.01681	0.01105
CAG	CTG	AT	0.74009	0.03760	0.05322	-0.74009	0.07882	0.05322
CAG	CCG	AC	-2.29641	0.07094	0.01822	2.29641	0.00714	0.01822
CAG	CAT	GT	-7.07461	0.03760	0.00023	7.07461	0.00003	0.00023
CAG	CAC	GC	-1.39761	0.07094	0.03255	1.39761	0.01753	0.03255
CAG	CAA	GA	-2.18413	0.13015	0.03606	2.18413	0.01465	0.03606
CGT	TGT	CT	-1.49052	0.00508	0.00220	1.49052	0.00114	0.00220
CGT	CTT	GT	-0.14640	0.00173	0.00161	0.14640	0.00150	0.00161
CGT	CCT	GC	-2.43405	0.00327	0.00076	2.43405	0.00029	0.00076
CGT	CAT	GA	-4.16231	0.00599	0.00039	4.16231	0.00009	0.00039
CGC	TGC	CT	0.20927	0.03827	0.04242	-0.20927	0.04718	0.04242
CGC	CTC	GT	0.66319	0.01305	0.01785	-0.66319	0.02533	0.01785
CGC	CCC	GC	-0.96079	0.02462	0.01466	0.96079	0.00942	0.01466
CGC	CAC	GA	0.12956	0.04517	0.04816	-0.12956	0.05142	0.04816
CGC	CGT	CT	-1.38513	0.03827	0.01770	1.38513	0.00958	0.01770
CGA	CTA	GT	0.37581	0.00326	0.00391	-0.37581	0.00474	0.00391
CGA	CCA	GC	-0.83205	0.00614	0.00394	0.83205	0.00267	0.00394
CGA	CAA	GA	0.26235	0.01127	0.01281	-0.26235	0.01465	0.01281
CGA	CGT	AT	-0.46583	0.00326	0.00256	0.46583	0.00204	0.00256
CGA	CGC	AC	0.91930	0.00614	0.00939	-0.91930	0.01540	0.00939
CGG	TGG	CT	1.11473	0.01698	0.02816	-1.11473	0.05176	0.02816
CGG	CTG	GT	2.65359	0.00579	0.01652	-2.65359	0.08223	0.01652
CGG	CCG	GC	-0.38291	0.01092	0.00896	0.38291	0.00745	0.00896
CGG	CAG	GA	1.91350	0.02004	0.04498	-1.91350	0.13578	0.04498
CGG	CGT	GT	-0.99881	0.00579	0.00337	0.99881	0.00213	0.00337
CGG	CGC	GC	0.38633	0.01092	0.01317	-0.38633	0.01607	0.01317
CGG	CGA	GA	-0.53298	0.02004	0.01517	0.53298	0.01176	0.01517
ATT	TTT	AT	0.10008	0.01057	0.01111	-0.10008	0.01168	0.01111
ATT	CTT	AC	-2.63254	0.01994	0.00407	2.63254	0.00143	0.00407
ATC	TTC	AT	-0.08778	0.03150	0.03014	0.08778	0.02886	0.03014
ATC	CTC	AC	-0.89516	0.05943	0.03675	0.89516	0.02428	0.03675
ATC	ATT	CT	-0.45734	0.09238	0.07286	0.45734	0.05847	0.07286
ATA	TTA	AT	-8.30506	0.00388	0.00001	8.30506	0.00000	0.00000
ATA	CTA	AC	-0.47566	0.00731	0.00571	0.47566	0.00454	0.00571
ATA	ATT	AT	1.16884	0.00388	0.00657	-1.16884	0.01248	0.00657
ATA	ATC	AC	1.62618	0.00731	0.01480	-1.62618	0.03718	0.01480
ATG	TTG	AT	-2.26166	0.02664	0.00701	2.26166	0.00278	0.00701
ATG	CTG	AC	0.44984	0.05026	0.06241	-0.44984	0.07882	0.06241
ATG	ATT	GT	-0.71642	0.02664	0.01823	0.71642	0.01302	0.01823
ATG	ATC	GC	-0.25909	0.05026	0.04403	0.25909	0.03879	0.04403
ATG	ATA	GA	-1.88526	0.09222	0.03111	1.88526	0.01400	0.03111
ACT	TCT	AT	0.32211	0.00168	0.00196	-0.32211	0.00232	0.00196
ACT	CCT	AC	-2.44613	0.00317	0.00074	2.44613	0.00027	0.00074
ACT	ATT	CT	2.47406	0.00493	0.01331	-2.47406	0.05847	0.01331
ACC	TCC	AT	0.34405	0.01390	0.01643	-0.34405	0.01961	0.01643
ACC	CCC	AC	-1.06647	0.02623	0.01468	1.06647	0.00903	0.01468
ACC	ATC	CT	1.45266	0.04077	0.07732	-1.45266	0.17428	0.07732
ACC	ACT	CT	-1.47874	0.04077	0.01780	1.47874	0.00929	0.01780
ACA	TCA	AT	-0.32194	0.00589	0.00499	0.32194	0.00427	0.00499
ACA	CCA	AC	-1.46750	0.01112	0.00489	1.46750	0.00256	0.00489
ACA	ATA	CT	0.21602	0.01728	0.01921	-0.21602	0.02145	0.01921
ACA	ACT	AT	-1.08920	0.00589	0.00325	1.08920	0.00198	0.00325
ACA	ACC	AC	0.38954	0.01112	0.01342	-0.38954	0.01641	0.01342
ACG	TCG	AT	-0.97332	0.00912	0.00539	0.97332	0.00345	0.00539
ACG	CCG	AC	-0.88012	0.01721	0.01073	0.88012	0.00714	0.01073
ACG	ATG	CT	1.70655	0.02675	0.05578	-1.70655	0.14740	0.05578
ACG	ACT	GT	-1.48393	0.00912	0.00397	1.48393	0.00207	0.00397
ACG	ACC	GC	-0.00520	0.01721	0.01717	0.00520	0.01712	0.01717
ACG	ACA	GA	-0.39474	0.03158	0.02575	0.39474	0.02128	0.02575
AAT	TAT	AT	1.05163	0.00121	0.00196	-1.05163	0.00348	0.00196
AAT	CAT	AC	-4.31930	0.00229	0.00013	4.31930	0.00003	0.00013
AAT	ATT	AT	2.32915	0.00121	0.00313	-2.32915	0.01248	0.00313
AAT	ACT	AC	-0.14491	0.00229	0.00213	0.14491	0.00198	0.00213
AAC	TAC	AT	-0.90553	0.03893	0.02393	0.90553	0.01574	0.02393
AAC	CAC	AC	-1.47463	0.07344	0.03214	1.47463	0.01681	0.03214
AAC	ATC	AT	-0.04585	0.03893	0.03804	0.04585	0.03718	0.03804
AAC	ACC	AC	-1.49851	0.07344	0.03167	1.49851	0.01641	0.03167
AAC	AAT	CT	-2.83233	0.11415	0.02023	2.83233	0.00672	0.02023
AAA	CAA	AC	-1.60731	0.02389	0.00963	1.60731	0.00479	0.00963
AAA	ATA	AT	-1.01819	0.01267	0.00729	1.01819	0.00458	0.00729
AAA	ACA	AC	-1.23421	0.02389	0.01211	1.23421	0.00695	0.01211
AAA	AAT	AT	-2.17850	0.01267	0.00352	2.17850	0.00143	0.00352
AAA	AAC	AC	0.65384	0.02389	0.03255	-0.65384	0.04594	0.03255
AAG	CAG	AC	-1.33801	0.16916	0.08050	1.33801	0.04438	0.08050
AAG	ATG	AT	-1.04776	0.08967	0.05075	1.04776	0.03145	0.05075
AAG	ACG	AC	-2.75431	0.16916	0.03167	2.75431	0.01077	0.03167
AAG	AAT	GT	-4.09333	0.08967	0.00623	4.09333	0.00150	0.00623
AAG	AAC	GC	-1.26100	0.16916	0.08435	1.26100	0.04793	0.08435
AAG	AAA	GA	-1.91483	0.31035	0.10271	1.91483	0.04574	0.10271
AGT	TGT	AT	0.04798	0.00023	0.00024	-0.04798	0.00024	0.00024
AGT	CGT	AC	1.53850	0.00044	0.00086	-1.53850	0.00204	0.00086
AGT	ATT	GT	4.02464	0.00023	0.00095	-4.02464	0.01302	0.00095
AGT	ACT	GC	1.55058	0.00044	0.00086	-1.55058	0.00207	0.00086
AGT	AAT	GA	1.69549	0.00081	0.00167	-1.69549	0.00439	0.00167
AGC	TGC	AT	-0.12192	0.01137	0.01069	0.12192	0.01007	0.01069
AGC	CGC	AC	-0.33119	0.02145	0.01809	0.33119	0.01540	0.01809
AGC	ATC	GT	1.22716	0.01137	0.01974	-1.22716	0.03879	0.01974
AGC	ACC	GC	-0.22550	0.02145	0.01912	0.22550	0.01712	0.01912
AGC	AAC	GA	1.27300	0.03936	0.06959	-1.27300	0.14057	0.06959
AGC	AGT	CT	-3.25482	0.03335	0.00436	3.25482	0.00129	0.00436
AGA	CGA	AC	1.37158	0.00098	0.00179	-1.37158	0.00384	0.00179
AGA	ATA	GT	2.22305	0.00052	0.00129	-2.22305	0.00477	0.00129
AGA	ACA	GC	2.00703	0.00098	0.00226	-2.00703	0.00726	0.00226
AGA	AAA	GA	3.24124	0.00179	0.00603	-3.24124	0.04574	0.00603
AGA	AGT	AT	-0.63275	0.00052	0.00037	0.63275	0.00027	0.00037
AGA	AGC	AC	2.62207	0.00098	0.00276	-2.62207	0.01342	0.00276
AGG	TGG	AT	0.41905	0.00726	0.00889	-0.41905	0.01104	0.00889
AGG	CGG	AC	-0.69568	0.01370	0.00948	0.69568	0.00683	0.00948
AGG	ATG	GT	1.50808	0.00726	0.01406	-1.50808	0.03281	0.01406
AGG	ACG	GC	-0.19847	0.01370	0.01239	0.19847	0.01123	0.01239
AGG	AAG	GA	2.55583	0.02514	0.06965	-2.55583	0.32379	0.06965
AGG	AGT	GT	-3.23298	0.00726	0.00096	3.23298	0.00029	0.00096
AGG	AGC	GC	0.02183	0.01370	0.01385	-0.02183	0.01400	0.01385
AGG	AGA	GA	-2.60024	0.02514	0.00524	2.60024	0.00187	0.00524
GTT	TTT	GT	9.61636	0.00000	0.00000	-9.61636	0.01219	0.00001
GTT	CTT	GC	6.88374	0.00000	0.00000	-6.88374	0.00150	0.00001
GTT	ATT	GA	9.51628	0.00000	0.00000	-9.51628	0.03817	0.00003
GTC	TTC	GT	1.47314	0.00690	0.01319	-1.47314	0.03010	0.01319
GTC	CTC	GC	0.66576	0.01302	0.01783	-0.66576	0.02533	0.01783
GTC	ATC	GA	1.56092	0.02388	0.04719	-1.56092	0.11376	0.04719
GTC	GTT	CT	-8.41270	0.02023	0.00004	8.41270	0.00000	0.00000
GTA	TTA	GT	-7.64649	0.00209	0.00001	7.64649	0.00000	0.00000
GTA	CTA	GC	0.18291	0.00395	0.00432	-0.18291	0.00474	0.00432
GTA	ATA	GA	0.65857	0.00725	0.00989	-0.65857	0.01400	0.00989
GTA	GTT	AT	-7.68887	0.00209	0.00001	7.68887	0.00000	0.00000
GTA	GTC	AC	0.72383	0.00395	0.00555	-0.72383	0.00814	0.00555
GTG	TTG	GT	-1.74558	0.01659	0.00612	1.74558	0.00290	0.00612
GTG	CTG	GC	0.96592	0.03130	0.04881	-0.96592	0.08223	0.04881
GTG	ATG	GA	0.51608	0.05743	0.07351	-0.51608	0.09621	0.07351
GTG	GTT	GT	-9.71663	0.01659	0.00001	9.71663	0.00000	0.00000
GTG	GTC	GC	-1.30393	0.03130	0.01521	1.30393	0.00850	0.01521
GTG	GTA	GA	-2.02775	0.05743	0.01765	2.02775	0.00756	0.01765
GCT	TCT	GT	-1.51556	0.01101	0.00470	1.51556	0.00242	0.00470
GCT	CCT	GC	-4.28380	0.02077	0.00124	4.28380	0.00029	0.00124
GCT	ACT	GA	-1.83767	0.03811	0.01326	1.83767	0.00607	0.01326
GCT	GTT	CT	-8.87989	0.03228	0.00004	8.87989	0.00000	0.00000
GCC	TCC	GT	-0.34052	0.02876	0.02414	0.34052	0.02046	0.02414
GCC	CCC	GC	-1.75104	0.05426	0.01996	1.75104	0.00942	0.01996
GCC	ACC	GA	-0.68457	0.09956	0.06934	0.68457	0.05021	0.06934
GCC	GTC	CT	-0.79283	0.08435	0.05528	0.79283	0.03817	0.05528
GCC	GCT	CT	-0.32564	0.08435	0.07136	0.32564	0.06091	0.07136
GCA	TCA	GT	-0.44492	0.00695	0.00552	0.44492	0.00446	0.00552
GCA	CCA	GC	-1.59048	0.01311	0.00534	1.59048	0.00267	0.00534
GCA	ACA	GA	-0.12298	0.02406	0.02261	0.12298	0.02128	0.02261
GCA	GTA	CT	-0.56553	0.02039	0.01516	0.56553	0.01158	0.01516
GCA	GCT	AT	0.62549	0.00695	0.00935	-0.62549	0.01299	0.00935
GCA	GCC	AC	0.95113	0.01311	0.02033	-0.95113	0.03395	0.02033
GCG	TCG	GT	1.02351	0.00129	0.00206	-1.02351	0.00360	0.00206
GCG	CCG	GC	1.11671	0.00244	0.00405	-1.11671	0.00745	0.00405
GCG	ACG	GA	1.99683	0.00447	0.01033	-1.99683	0.03294	0.01033
GCG	GTG	CT	3.18730	0.00379	0.01260	-3.18730	0.09179	0.01260
GCG	GCT	GT	2.35056	0.00129	0.00336	-2.35056	0.01356	0.00336
GCG	GCC	GC	2.67620	0.00244	0.00701	-2.67620	0.03542	0.00701
GCG	GCA	GA	1.72507	0.00447	0.00939	-1.72507	0.02510	0.00939
GAT	TAT	GT	-0.93619	0.00925	0.00559	0.93619	0.00363	0.00559
GAT	CAT	GC	-6.30712	0.01745	0.00020	6.30712	0.00003	0.00020
GAT	AAT	GA	-1.98782	0.03202	0.01010	1.98782	0.00439	0.01010
GAT	GTT	AT	-9.17495	0.00925	0.00001	9.17495	0.00000	0.00000
GAT	GCT	AC	-0.29507	0.01745	0.01501	0.29507	0.01299	0.01501
GAC	TAC	GT	-0.88398	0.03975	0.02473	0.88398	0.01642	0.02473
GAC	CAC	GC	-1.45309	0.07498	0.03326	1.45309	0.01753	0.03326
GAC	AAC	GA	0.02154	0.13757	0.13906	-0.02154	0.14057	0.13906
GAC	GTC	AT	-1.58523	0.03975	0.01624	1.58523	0.00814	0.01624
GAC	GCC	AC	-0.79240	0.07498	0.04916	0.79240	0.03395	0.04916
GAC	GAT	CT	-0.82297	0.11656	0.07510	0.82297	0.05118	0.07510
GAA	CAA	GC	-1.71598	0.02779	0.01045	1.71598	0.00500	0.01045
GAA	AAA	GA	-0.10866	0.05099	0.04827	0.10866	0.04574	0.04827
GAA	GTA	AT	-1.78543	0.01473	0.00530	1.78543	0.00247	0.00530
GAA	GCA	AC	-1.21990	0.02779	0.01420	1.21990	0.00821	0.01420
GAA	GAT	AT	-0.29934	0.01473	0.01264	0.29934	0.01092	0.01264
GAA	GAC	AC	0.52363	0.02779	0.03570	-0.52363	0.04691	0.03570
GAG	CAG	GC	-1.29574	0.16917	0.08260	1.29574	0.04630	0.08260
GAG	AAG	GA	0.04228	0.31039	0.31699	-0.04228	0.32379	0.31699
GAG	GTG	AT	-1.52156	0.08967	0.03812	1.52156	0.01958	0.03812
GAG	GCG	AC	-4.70886	0.16917	0.00725	4.70886	0.00153	0.00725
GAG	GAT	GT	-2.06323	0.08967	0.02693	2.06323	0.01139	0.02693
GAG	GAC	GC	-1.24026	0.16917	0.08541	1.24026	0.04894	0.08541
GAG	GAA	GA	-1.76389	0.31039	0.11323	1.76389	0.05319	0.11323
GGT	TGT	GT	1.18898	0.00008	0.00013	-1.18898	0.00025	0.00013
GGT	CGT	GC	2.67949	0.00015	0.00042	-2.67949	0.00213	0.00042
GGT	AGT	GA	1.14100	0.00027	0.00045	-1.14100	0.00084	0.00045
GGT	GTT	GT	-4.35065	0.00008	0.00000	4.35065	0.00000	0.00000
GGT	GCT	GC	4.52924	0.00015	0.00067	-4.52924	0.01356	0.00067
GGT	GAT	GA	4.82431	0.00027	0.00131	-4.82431	0.03341	0.00131
GGC	TGC	GT	-0.59806	0.01910	0.01395	0.59806	0.01050	0.01395
GGC	CGC	GC	-0.80733	0.03603	0.02342	0.80733	0.01607	0.02342
GGC	AGC	GA	-0.47614	0.06610	0.05161	0.47614	0.04106	0.05161
GGC	GTC	GT	-0.80990	0.01910	0.01240	0.80990	0.00850	0.01240
GGC	GCC	GC	-0.01707	0.03603	0.03572	0.01707	0.03542	0.03572
GGC	GAC	GA	0.77533	0.06610	0.09501	-0.77533	0.14353	0.09501
GGC	GGT	CT	-4.87195	0.05601	0.00211	4.87195	0.00043	0.00211
GGA	CGA	GC	-0.63373	0.00756	0.00541	0.63373	0.00401	0.00541
GGA	AGA	GA	-2.00531	0.01386	0.00432	2.00531	0.00187	0.00432
GGA	GTA	GT	-0.44083	0.00401	0.00319	0.44083	0.00258	0.00319
GGA	GCA	GC	0.12470	0.00756	0.00804	-0.12470	0.00856	0.00804
GGA	GAA	GA	1.34460	0.01386	0.02521	-1.34460	0.05319	0.02521
GGA	GGT	AT	-3.77905	0.00401	0.00035	3.77905	0.00009	0.00035
GGA	GGC	AC	1.09290	0.00756	0.01242	-1.09290	0.02254	0.01242
GGG	TGG	GT	-0.07400	0.01240	0.01195	0.07400	0.01152	0.01195
GGG	CGG	GC	-1.18873	0.02340	0.01219	1.18873	0.00713	0.01219
GGG	AGG	GA	-0.49305	0.04294	0.03322	0.49305	0.02622	0.03322
GGG	GTG	GT	0.49895	0.01240	0.01576	-0.49895	0.02043	0.01576
GGG	GCG	GC	-2.68835	0.02340	0.00459	2.68835	0.00159	0.00459
GGG	GAG	GA	2.02051	0.04294	0.10001	-2.02051	0.32383	0.10001
GGG	GGT	GT	-4.86703	0.01240	0.00047	4.86703	0.00010	0.00047
GGG	GGC	GC	0.00493	0.02340	0.02346	-0.00493	0.02352	0.02346
GGG	GGA	GA	-1.08798	0.04294	0.02373	1.08798	0.01446	0.02373


Histograms
2Ns	FMut	FSub(CodonUsage)	FSubw(after w)

-9.37472	0.00774	0.00001
-8.43725	0.00374	0.00001
-7.49977	0.00476	0.00003
-6.56230	0.00126	0.00002
-5.62483	0.00385	0.00012
-4.68736	0.02067	0.00125
-3.74989	0.01343	0.00147
-2.81242	0.13208	0.03416
-1.87494	0.22658	0.11648
-0.93747	0.24356	0.20722
0.00000	0.19819	0.27850
0.93747	0.09652	0.20722
1.87494	0.03899	0.11648
2.81242	0.00817	0.03416
3.74989	0.00026	0.00147
4.68736	0.00019	0.00125
5.62483	0.00001	0.00012
6.56230	0.00000	0.00002
7.49977	0.00000	0.00002
8.43725	0.00000	0.00000
9.37472	0.00000	0.00000

Proportion of advantageous (S > 0) mutations:
 0.23435

Proportions of good & bad mutations (|S| > 2.0000) among mutations:
0.01565  0.24547

mean |Ns| = 1.54714	mean Ns+ = 0.82273	mean Ns- = -1.76886


MLEs of dN/dS (w) for site classes (K=4)

site class             0        1       2a       2b
proportion       0.65474  0.05278  0.27066  0.02182
background w     0.01450  1.00000  0.01450  1.00000
foreground w     0.01450  1.00000  1.00000  1.00000

Naive Empirical Bayes (NEB) probabilities for 4 classes
(amino acids refer to 1st sequence: Bacu)

   1 E   0.74308 0.00572 0.24884 0.00236 ( 1)
   2 S   0.75188 0.00376 0.24281 0.00155 ( 1)
   3 G   0.76227 0.00231 0.23446 0.00096 ( 1)
   4 A   0.74244 0.00588 0.24925 0.00243 ( 1)
   5 G   0.76227 0.00231 0.23446 0.00096 ( 1)
   6 K   0.72467 0.01151 0.25905 0.00476 ( 1)
   7 T   0.76015 0.00258 0.23620 0.00107 ( 1)
   8 V   0.79706 0.00029 0.20253 0.00012 ( 1)
   9 N   0.74958 0.00429 0.24436 0.00177 ( 1)
  10 T   0.77086 0.00145 0.22710 0.00060 ( 1)
  11 K   0.72487 0.01132 0.25912 0.00468 ( 1)
  12 R   0.78866 0.00051 0.21063 0.00021 ( 1)
  13 V   0.79706 0.00029 0.20253 0.00012 ( 1)
  14 I   0.73770 0.00714 0.25221 0.00295 ( 1)
  15 Q   0.73241 0.00883 0.25511 0.00365 ( 1)
  16 Y   0.75910 0.00271 0.23707 0.00112 ( 1)
  17 F   0.70713 0.01938 0.26549 0.00801 ( 1)
  18 A   0.69595 0.02428 0.26974 0.01004 ( 1)
  19 V   0.77213 0.02241 0.19619 0.00926 ( 1)
  20 I   0.70790 0.01906 0.26517 0.00788 ( 1)
  21 A   0.73396 0.00877 0.25364 0.00363 ( 1)
  22 A   0.71346 0.01011 0.27226 0.00418 ( 1)
  23 I   0.71118 0.01755 0.26401 0.00726 ( 1)
  24 G   0.75333 0.00286 0.24263 0.00118 ( 1)
  25 D   0.72910 0.00996 0.25682 0.00412 ( 1)
  26 R   0.75430 0.00342 0.24086 0.00142 ( 1)
  27 S   0.77729 0.00100 0.22129 0.00041 ( 1)
  28 K   0.72467 0.01151 0.25905 0.00476 ( 1)
  29 K   0.72646 0.00980 0.25969 0.00405 ( 1)
  30 E   0.72587 0.01105 0.25851 0.00457 ( 1)
  31 Q   0.01257 0.69553 0.00438 0.28753 ( 2)
  32 T   0.00058 0.70697 0.00020 0.29225 ( 2)
  33 S   0.28988 0.42725 0.10625 0.17662 ( 2)
  34 G   0.75235 0.00378 0.24231 0.00156 ( 1)
  35 K   0.72467 0.01151 0.25905 0.00476 ( 1)
  36 N   0.71441 0.00405 0.27986 0.00168 ( 1)
  37 S   0.72363 0.00092 0.27506 0.00038 ( 1)
  38 F   0.00000 0.70752 0.00000 0.29248 ( 2)
  39 E   0.73284 0.00944 0.25382 0.00390 ( 1)
  40 Q   0.73620 0.00752 0.25317 0.00311 ( 1)
  41 L   0.73628 0.00581 0.25551 0.00240 ( 1)
  42 C   0.78086 0.00074 0.21809 0.00031 ( 1)
  43 I   0.74163 0.00596 0.24994 0.00246 ( 1)
  44 N   0.75379 0.00342 0.24138 0.00141 ( 1)
  45 F   0.74723 0.00464 0.24621 0.00192 ( 1)
  46 T   0.77571 0.00105 0.22281 0.00043 ( 1)
  47 N   0.75537 0.00337 0.23987 0.00139 ( 1)
  48 E   0.72954 0.00959 0.25690 0.00397 ( 1)
  49 K   0.72831 0.01003 0.25751 0.00415 ( 1)
  50 L   0.69971 0.02315 0.26756 0.00957 ( 1)
  51 Q   0.73632 0.00740 0.25322 0.00306 ( 1)
  52 Q   0.73620 0.00752 0.25317 0.00311 ( 1)
  53 F   0.74723 0.00464 0.24621 0.00192 ( 1)
  54 F   0.74723 0.00464 0.24621 0.00192 ( 1)
  55 N   0.75379 0.00342 0.24138 0.00141 ( 1)
  56 H   0.77877 0.00087 0.22001 0.00036 ( 1)
  57 H   0.77877 0.00087 0.22001 0.00036 ( 1)
  58 M   0.76213 0.00222 0.23473 0.00092 ( 1)
  59 F   0.74723 0.00464 0.24621 0.00192 ( 1)
  60 V   0.46442 0.27424 0.14797 0.11337 ( 1)
  61 L   0.69948 0.02338 0.26747 0.00967 ( 1)
  62 E   0.73079 0.00839 0.25734 0.00347 ( 1)
  63 Q   0.73640 0.00733 0.25324 0.00303 ( 1)
  64 E   0.72954 0.00959 0.25690 0.00397 ( 1)
  65 E   0.74555 0.00604 0.24590 0.00250 ( 1)
  66 Y   0.76352 0.00212 0.23349 0.00088 ( 1)
  67 K   0.72831 0.01003 0.25751 0.00415 ( 1)
  68 K   0.72831 0.01003 0.25751 0.00415 ( 1)
  69 E   0.72954 0.00959 0.25690 0.00397 ( 1)
  70 G   0.75662 0.00298 0.23917 0.00123 ( 1)
  71 I   0.74163 0.00596 0.24994 0.00246 ( 1)
  72 E   0.38253 0.34157 0.13470 0.14120 ( 1)
  73 W   0.73459 0.00798 0.25412 0.00330 ( 1)
  74 E   0.26184 0.45703 0.09220 0.18893 ( 2)
  75 F   0.74723 0.00464 0.24621 0.00192 ( 1)
  76 I   0.74163 0.00596 0.24994 0.00246 ( 1)
  77 D   0.75590 0.00307 0.23975 0.00127 ( 1)
  78 F   0.74708 0.00478 0.24616 0.00198 ( 1)
  79 G   0.75665 0.00295 0.23917 0.00122 ( 1)
  80 M   0.62329 0.13071 0.19197 0.05403 ( 1)
  81 D   0.75590 0.00307 0.23975 0.00127 ( 1)
  82 L   0.69948 0.02338 0.26747 0.00967 ( 1)
  83 Q   0.00576 0.70204 0.00198 0.29022 ( 2)
  84 A   0.45656 0.27437 0.15565 0.11342 ( 1)
  85 C   0.78083 0.00077 0.21808 0.00032 ( 1)
  86 I   0.73864 0.00625 0.25253 0.00258 ( 1)
  87 D   0.57610 0.16821 0.18614 0.06954 ( 1)
  88 L   0.74699 0.00412 0.24719 0.00170 ( 1)
  89 I   0.73876 0.00613 0.25257 0.00253 ( 1)
  90 E   0.72729 0.00970 0.25901 0.00401 ( 1)
  91 K   0.72611 0.01014 0.25957 0.00419 ( 1)
  92 P   0.78389 0.00053 0.21536 0.00022 ( 1)
  93 M   0.75850 0.00214 0.23848 0.00088 ( 1)
  94 G   0.75331 0.00288 0.24262 0.00119 ( 1)
  95 I   0.73907 0.00583 0.25268 0.00241 ( 1)
  96 M   0.04878 0.66215 0.01534 0.27373 ( 2)
  97 S   0.75276 0.00293 0.24309 0.00121 ( 1)
  98 I   0.73916 0.00575 0.25271 0.00238 ( 1)
  99 L   0.70381 0.01810 0.27061 0.00748 ( 1)
 100 E   0.72767 0.00932 0.25915 0.00385 ( 1)
 101 E   0.72764 0.00936 0.25914 0.00387 ( 1)
 102 E   0.72764 0.00936 0.25914 0.00387 ( 1)
 103 C   0.77620 0.00072 0.22278 0.00030 ( 1)
 104 M   0.75852 0.00212 0.23849 0.00088 ( 1)
 105 F   0.74444 0.00448 0.24923 0.00185 ( 1)
 106 P   0.78400 0.00043 0.21539 0.00018 ( 1)
 107 K   0.72646 0.00979 0.25969 0.00405 ( 1)
 108 A   0.73632 0.00653 0.25445 0.00270 ( 1)
 109 T   0.78207 0.00049 0.21723 0.00020 ( 1)
 110 D   0.75265 0.00295 0.24319 0.00122 ( 1)
 111 M   0.75852 0.00212 0.23849 0.00088 ( 1)
 112 T   0.77136 0.00099 0.22724 0.00041 ( 1)
 113 F   0.74444 0.00448 0.24923 0.00185 ( 1)
 114 K   0.37180 0.35042 0.13291 0.14486 ( 1)
 115 A   0.70057 0.02123 0.26943 0.00877 ( 1)
 116 K   0.72661 0.00965 0.25975 0.00399 ( 1)
 117 L   0.69942 0.02240 0.26892 0.00926 ( 1)
 118 F   0.00000 0.70752 0.00000 0.29248 ( 2)
 119 D   0.75277 0.00283 0.24323 0.00117 ( 1)
 120 N   0.03365 0.67595 0.01097 0.27943 ( 2)
 121 H   0.77429 0.00077 0.22462 0.00032 ( 1)
 122 L   0.69898 0.02284 0.26875 0.00944 ( 1)
 123 G   0.75386 0.00236 0.24280 0.00098 ( 1)
 124 K   0.72752 0.00878 0.26007 0.00363 ( 1)
 125 S   0.75330 0.00243 0.24326 0.00101 ( 1)
 126 S   0.00000 0.70752 0.00000 0.29248 ( 2)
 127 N   0.75139 0.00259 0.24495 0.00107 ( 1)
 128 F   0.74535 0.00363 0.24953 0.00150 ( 1)
 129 Q   0.73773 0.00606 0.25370 0.00251 ( 1)
 130 K   0.73003 0.00839 0.25812 0.00347 ( 1)
 131 P   0.04963 0.00173 0.94794 0.00071 ( 3)
 132 R   0.75594 0.00309 0.23970 0.00128 ( 1)
 133 N   0.75898 0.00144 0.23899 0.00059 ( 1)
 134 I   0.51644 0.21898 0.17405 0.09053 ( 1)
 135 K   0.73011 0.00831 0.25814 0.00344 ( 1)
 136 G   0.76743 0.00120 0.23088 0.00049 ( 1)
 137 K   0.00000 0.70752 0.00000 0.29248 ( 2)
 138 P   0.78671 0.00034 0.21282 0.00014 ( 1)
 139 E   0.74833 0.00356 0.24665 0.00147 ( 1)
 140 A   0.74014 0.00533 0.25232 0.00220 ( 1)
 141 H   0.77912 0.00055 0.22011 0.00023 ( 1)
 142 F   0.74842 0.00352 0.24660 0.00146 ( 1)
 143 S   0.75693 0.00222 0.23994 0.00092 ( 1)
 144 L   0.70158 0.02133 0.26828 0.00882 ( 1)
 145 I   0.00039 0.70715 0.00013 0.29233 ( 2)
 146 H   0.77912 0.00055 0.22011 0.00023 ( 1)
 147 Y   0.73664 0.00340 0.25855 0.00141 ( 1)
 148 A   0.73959 0.00585 0.25214 0.00242 ( 1)
 149 G   0.75751 0.00215 0.23945 0.00089 ( 1)
 150 T   0.76644 0.00089 0.23230 0.00037 ( 1)
 151 V   0.75582 0.00239 0.24081 0.00099 ( 1)
 152 D   0.75675 0.00228 0.24002 0.00094 ( 1)
 153 Y   0.76426 0.00144 0.23371 0.00059 ( 1)
 154 N   0.75476 0.00251 0.24169 0.00104 ( 1)
 155 I   0.74301 0.00466 0.25041 0.00192 ( 1)
 156 I   0.22963 0.50115 0.06204 0.20717 ( 2)
 157 G   0.75754 0.00212 0.23946 0.00088 ( 1)
 158 W   0.73621 0.00644 0.25468 0.00266 ( 1)
 159 L   0.73207 0.00839 0.25607 0.00347 ( 1)
 160 Q   0.46129 0.26891 0.15863 0.11117 ( 1)
 161 K   0.74350 0.00484 0.24966 0.00200 ( 1)
 162 N   0.75476 0.00251 0.24169 0.00104 ( 1)
 163 K   0.74387 0.00448 0.24979 0.00185 ( 1)
 164 D   0.75681 0.00223 0.24004 0.00092 ( 1)
 165 P   0.78926 0.00030 0.21031 0.00013 ( 1)
 166 L   0.75124 0.00304 0.24446 0.00126 ( 1)
 167 N   0.75502 0.00227 0.24177 0.00094 ( 1)
 168 E   0.73131 0.00791 0.25752 0.00327 ( 1)
 169 T   0.76529 0.00137 0.23277 0.00057 ( 1)
 170 V   0.75644 0.00181 0.24101 0.00075 ( 1)
 171 V   0.75582 0.00239 0.24081 0.00099 ( 1)
 172 E   0.00844 0.69944 0.00297 0.28914 ( 2)
 173 L   0.78429 0.00039 0.21516 0.00016 ( 1)
 174 Y   0.76426 0.00144 0.23371 0.00059 ( 1)
 175 K   0.41446 0.31060 0.14654 0.12840 ( 1)
 176 K   0.73448 0.00592 0.25715 0.00245 ( 1)
 177 S   0.75693 0.00222 0.23994 0.00092 ( 1)
 178 S   0.76697 0.00164 0.23072 0.00068 ( 1)
 179 L   0.46615 0.27039 0.15169 0.11178 ( 1)
 180 K   0.72935 0.00903 0.25788 0.00373 ( 1)
 181 M   0.00000 0.70752 0.00000 0.29248 ( 2)
 182 L   0.74843 0.00567 0.24355 0.00235 ( 1)
 183 S   0.66330 0.10829 0.18365 0.04476 ( 1)
 184 T   0.05295 0.65928 0.01523 0.27254 ( 2)
 185 L   0.69681 0.02599 0.26645 0.01074 ( 1)
 186 F   0.70779 0.02010 0.26380 0.00831 ( 1)
 187 A   0.73649 0.00880 0.25108 0.00364 ( 1)
 188 N   0.75222 0.00489 0.24088 0.00202 ( 1)
 189 Y   0.72123 0.01434 0.25851 0.00593 ( 1)
 190 A   0.69296 0.02814 0.26727 0.01163 ( 1)
 191 G   0.76566 0.00282 0.23035 0.00117 ( 1)
 192 F   0.70749 0.02040 0.26368 0.00843 ( 1)
 193 D   0.75443 0.00445 0.23928 0.00184 ( 1)
 194 S   0.46792 0.26950 0.15117 0.11141 ( 1)
 195 Y   0.76394 0.00173 0.23362 0.00072 ( 1)
 196 R   0.75896 0.00237 0.23769 0.00098 ( 1)
 197 I   0.74248 0.00515 0.25023 0.00213 ( 1)
 198 L   0.70053 0.02235 0.26788 0.00924 ( 1)
 199 N   0.75448 0.00277 0.24160 0.00115 ( 1)
 200 P   0.78665 0.00038 0.21280 0.00016 ( 1)
 201 A   0.74735 0.00400 0.24699 0.00166 ( 1)
 202 A   0.73971 0.00574 0.25218 0.00237 ( 1)
 203 I   0.74261 0.00504 0.25027 0.00208 ( 1)
 204 P   0.78935 0.00027 0.21027 0.00011 ( 1)
 205 E   0.73078 0.00841 0.25734 0.00348 ( 1)
 206 G   0.75726 0.00239 0.23937 0.00099 ( 1)
 207 Q   0.73731 0.00647 0.25355 0.00267 ( 1)
 208 F   0.74808 0.00385 0.24648 0.00159 ( 1)
 209 I   0.71251 0.01597 0.26493 0.00660 ( 1)
 210 D   0.75655 0.00247 0.23996 0.00102 ( 1)
 211 S   0.78260 0.00050 0.21668 0.00021 ( 1)
 212 R   0.79433 0.00023 0.20535 0.00009 ( 1)
 213 K   0.74348 0.00486 0.24965 0.00201 ( 1)
 214 G   0.76726 0.00135 0.23083 0.00056 ( 1)
 215 S   0.00000 0.70752 0.00000 0.29248 ( 2)
 216 E   0.73078 0.00841 0.25734 0.00348 ( 1)
 217 K   0.72957 0.00883 0.25795 0.00365 ( 1)
 218 L   0.70093 0.02197 0.26803 0.00908 ( 1)
 219 L   0.70193 0.02099 0.26841 0.00868 ( 1)
 220 G   0.61741 0.13261 0.19516 0.05482 ( 1)
 221 S   0.75667 0.00246 0.23986 0.00102 ( 1)
 222 L   0.70093 0.02197 0.26803 0.00908 ( 1)
 223 D   0.75655 0.00247 0.23996 0.00102 ( 1)
 224 I   0.71376 0.01475 0.26539 0.00610 ( 1)
 225 D   0.75655 0.00247 0.23996 0.00102 ( 1)
 226 H   0.77902 0.00064 0.22008 0.00026 ( 1)
 227 N   0.75448 0.00277 0.24160 0.00115 ( 1)
 228 Q   0.73731 0.00647 0.25355 0.00267 ( 1)
 229 Y   0.76406 0.00162 0.23365 0.00067 ( 1)
 230 K   0.72957 0.00883 0.25795 0.00365 ( 1)
 231 F   0.74798 0.00394 0.24645 0.00163 ( 1)
 232 G   0.75726 0.00239 0.23937 0.00099 ( 1)
 233 H   0.77902 0.00064 0.22008 0.00026 ( 1)
 234 T   0.77601 0.00078 0.22289 0.00032 ( 1)
 235 K   0.72957 0.00883 0.25795 0.00365 ( 1)
 236 D   0.62501 0.12498 0.19836 0.05166 ( 1)
 237 S   0.04963 0.66122 0.01580 0.27334 ( 2)
 238 L   0.70294 0.02000 0.26879 0.00827 ( 1)
 239 L   0.70278 0.02016 0.26873 0.00833 ( 1)
 240 V   0.78279 0.00039 0.21666 0.00016 ( 1)
 241 I   0.74325 0.00443 0.25049 0.00183 ( 1)
 242 Q   0.73805 0.00576 0.25381 0.00238 ( 1)
 243 W   0.73650 0.00617 0.25478 0.00255 ( 1)
 244 N   0.75516 0.00213 0.24182 0.00088 ( 1)
 245 I   0.71356 0.01495 0.26532 0.00618 ( 1)
 246 R   0.78694 0.00029 0.21264 0.00012 ( 1)
 247 A   0.74041 0.00508 0.25241 0.00210 ( 1)
 248 F   0.74863 0.00333 0.24667 0.00138 ( 1)
 249 M   0.76297 0.00144 0.23499 0.00060 ( 1)
 250 G   0.60663 0.14919 0.18251 0.06167 ( 1)
 251 V   0.80308 0.00009 0.19679 0.00004 ( 1)
 252 K   0.73044 0.00800 0.25826 0.00331 ( 1)
 253 N   0.75768 0.00204 0.23944 0.00084 ( 1)
 254 W   0.73650 0.00617 0.25478 0.00255 ( 1)
 255 P   0.78935 0.00022 0.21034 0.00009 ( 1)
 256 W   0.73650 0.00617 0.25478 0.00255 ( 1)
 257 M   0.76297 0.00144 0.23499 0.00060 ( 1)
 258 K   0.73044 0.00800 0.25826 0.00331 ( 1)
 259 L   0.75143 0.00287 0.24452 0.00118 ( 1)
 260 Y   0.76437 0.00133 0.23375 0.00055 ( 1)
 261 F   0.74860 0.00336 0.24666 0.00139 ( 1)
 262 K   0.73044 0.00800 0.25826 0.00331 ( 1)
 263 I   0.74325 0.00443 0.25049 0.00183 ( 1)
 264 K   0.74411 0.00426 0.24987 0.00176 ( 1)
 265 P   0.78657 0.00030 0.21301 0.00012 ( 1)
 266 L   0.70862 0.01935 0.26403 0.00800 ( 1)
 267 L   0.70338 0.01957 0.26896 0.00809 ( 1)
 268 K   0.73044 0.00800 0.25826 0.00331 ( 1)
 269 S   0.78501 0.00030 0.21457 0.00012 ( 1)
 270 A   0.74791 0.00347 0.24718 0.00144 ( 1)
 271 E   0.73163 0.00760 0.25763 0.00314 ( 1)
 272 T   0.05244 0.65840 0.01698 0.27218 ( 2)
 273 E   0.73163 0.00760 0.25763 0.00314 ( 1)
 274 K   0.73044 0.00800 0.25826 0.00331 ( 1)
 275 E   0.74809 0.00378 0.24657 0.00156 ( 1)
 276 I   0.00008 0.70745 0.00002 0.29245 ( 2)
 277 A   0.74041 0.00508 0.25241 0.00210 ( 1)
 278 L   0.00000 0.70752 0.00000 0.29248 ( 2)
 279 M   0.76297 0.00144 0.23499 0.00060 ( 1)
 280 K   0.73044 0.00800 0.25826 0.00331 ( 1)
 281 E   0.73163 0.00760 0.25763 0.00314 ( 1)
 282 E   0.73163 0.00760 0.25763 0.00314 ( 1)
 283 F   0.71279 0.01525 0.26566 0.00630 ( 1)
 284 G   0.76753 0.00110 0.23091 0.00045 ( 1)
 285 R   0.75959 0.00178 0.23789 0.00074 ( 1)
 286 L   0.75143 0.00287 0.24452 0.00118 ( 1)
 287 K   0.74411 0.00426 0.24987 0.00176 ( 1)
 288 E   0.73163 0.00760 0.25763 0.00314 ( 1)
 289 A   0.00596 0.70168 0.00230 0.29007 ( 2)
 290 L   0.70199 0.02093 0.26843 0.00865 ( 1)
 291 E   0.73163 0.00760 0.25763 0.00314 ( 1)
 292 K   0.73044 0.00800 0.25826 0.00331 ( 1)
 293 S   0.76722 0.00141 0.23079 0.00058 ( 1)
 294 E   0.73163 0.00760 0.25763 0.00314 ( 1)
 295 A   0.21567 0.49607 0.08318 0.20507 ( 2)
 296 R   0.74202 0.00077 0.25689 0.00032 ( 1)
 297 R   0.75959 0.00178 0.23789 0.00074 ( 1)
 298 K   0.73044 0.00800 0.25826 0.00331 ( 1)
 299 E   0.42256 0.30327 0.14880 0.12537 ( 1)
 300 L   0.70199 0.02093 0.26843 0.00865 ( 1)
 301 E   0.73163 0.00760 0.25763 0.00314 ( 1)
 302 E   0.73165 0.00758 0.25764 0.00313 ( 1)
 303 K   0.73044 0.00800 0.25826 0.00331 ( 1)
 304 M   0.76297 0.00144 0.23499 0.00060 ( 1)
 305 V   0.75598 0.00223 0.24086 0.00092 ( 1)
 306 S   0.75708 0.00207 0.23999 0.00086 ( 1)
 307 L   0.70199 0.02093 0.26843 0.00865 ( 1)
 308 L   0.70199 0.02093 0.26843 0.00865 ( 1)
 309 Q   0.73805 0.00576 0.25381 0.00238 ( 1)
 310 E   0.73163 0.00760 0.25763 0.00314 ( 1)
 311 K   0.73044 0.00800 0.25826 0.00331 ( 1)
 312 N   0.75872 0.00107 0.23977 0.00044 ( 1)
 313 D   0.75696 0.00209 0.24009 0.00086 ( 1)
 314 L   0.70220 0.02072 0.26851 0.00857 ( 1)
 315 Q   0.73805 0.00576 0.25381 0.00238 ( 1)
 316 L   0.75143 0.00287 0.24452 0.00118 ( 1)
 317 Q   0.76166 0.00160 0.23608 0.00066 ( 1)
 318 V   0.60381 0.14171 0.19590 0.05858 ( 1)
 319 Q   0.73556 0.00582 0.25621 0.00241 ( 1)
 320 -   0.70672 0.00949 0.27987 0.00392 ( 1)
 321 E   0.71276 0.00449 0.28089 0.00186 ( 1)
 322 Q   0.71747 0.00231 0.27926 0.00096 ( 1)
 323 D   0.71597 0.00293 0.27989 0.00121 ( 1)
 324 N   0.71529 0.00319 0.28020 0.00132 ( 1)
 325 L   0.68819 0.02262 0.27984 0.00935 ( 1)
 326 A   0.00412 0.70342 0.00168 0.29079 ( 2)
 327 D   0.70651 0.00832 0.28173 0.00344 ( 1)
 328 A   0.73526 0.00028 0.26434 0.00012 ( 1)
 329 E   0.71276 0.00449 0.28089 0.00186 ( 1)
 330 E   0.70708 0.00735 0.28253 0.00304 ( 1)
 331 R   0.71689 0.00255 0.27951 0.00105 ( 1)
 332 C   0.72370 0.00052 0.27556 0.00022 ( 1)
 333 D   0.71597 0.00293 0.27989 0.00121 ( 1)
 334 Q   0.70808 0.00728 0.28164 0.00301 ( 1)
 335 L   0.68778 0.02303 0.27967 0.00952 ( 1)
 336 I   0.71056 0.00574 0.28133 0.00237 ( 1)
 337 K   0.70449 0.00974 0.28175 0.00403 ( 1)
 338 N   0.71521 0.00327 0.28017 0.00135 ( 1)
 339 K   0.70449 0.00974 0.28175 0.00403 ( 1)
 340 I   0.71056 0.00574 0.28133 0.00237 ( 1)
 341 Q   0.70809 0.00726 0.28165 0.00300 ( 1)
 342 L   0.68806 0.02275 0.27979 0.00940 ( 1)
 343 E   0.70511 0.00930 0.28174 0.00384 ( 1)
 344 A   0.70934 0.00649 0.28149 0.00268 ( 1)
 345 K   0.70451 0.00972 0.28175 0.00402 ( 1)
 346 V   0.75549 0.00269 0.24071 0.00111 ( 1)
 347 K   0.72948 0.00891 0.25792 0.00369 ( 1)
 348 E   0.00059 0.03152 0.95486 0.01303 ( 3)
 349 M   0.03990 0.00718 0.94996 0.00297 ( 3)
 350 T   0.76795 0.00082 0.23089 0.00034 ( 1)
 351 E   0.73069 0.00849 0.25730 0.00351 ( 1)
 352 R   0.00070 0.00114 0.99769 0.00047 ( 3)
 353 L   0.03470 0.07121 0.86465 0.02944 ( 3)
 354 E   0.01178 0.03117 0.94417 0.01289 ( 3)
 355 D   0.02403 0.01013 0.96165 0.00419 ( 3)
 356 E   0.00053 0.03086 0.95585 0.01276 ( 3)
 357 E   0.03940 0.03024 0.91786 0.01250 ( 3)
 358 E   0.73069 0.00849 0.25730 0.00351 ( 1)
 359 M   0.04307 0.00715 0.94682 0.00296 ( 3)
 360 N   0.03940 0.00665 0.95119 0.00275 ( 3)
 361 A   0.73957 0.00587 0.25213 0.00243 ( 1)
 362 E   0.03768 0.03035 0.91942 0.01255 ( 3)
 363 L   0.73919 0.00303 0.25652 0.00125 ( 1)
 364 T   0.76942 0.00125 0.22880 0.00052 ( 1)
 365 A   0.00058 0.01967 0.97163 0.00813 ( 3)
 366 K   0.70546 0.00878 0.28213 0.00363 ( 1)
 367 K   0.70546 0.00878 0.28213 0.00363 ( 1)
 368 R   0.71729 0.00216 0.27966 0.00089 ( 1)
 369 K   0.70546 0.00878 0.28213 0.00363 ( 1)
 370 L   0.68892 0.02189 0.28013 0.00905 ( 1)
 371 E   0.71340 0.00386 0.28114 0.00160 ( 1)
 372 D   0.71613 0.00277 0.27995 0.00115 ( 1)
 373 E   0.70606 0.00836 0.28212 0.00346 ( 1)
 374 C   0.72367 0.00056 0.27555 0.00023 ( 1)
 375 S   0.71931 0.00146 0.27863 0.00060 ( 1)
 376 E   0.70606 0.00836 0.28212 0.00346 ( 1)
 377 L   0.71450 0.00332 0.28081 0.00137 ( 1)
 378 K   0.70546 0.00878 0.28213 0.00363 ( 1)
 379 R   0.72713 0.00023 0.27255 0.00009 ( 1)
 380 D   0.71644 0.00247 0.28007 0.00102 ( 1)
 381 I   0.69610 0.01591 0.28142 0.00658 ( 1)
 382 D   0.70742 0.00742 0.28209 0.00307 ( 1)
 383 D   0.03937 0.00832 0.94887 0.00344 ( 3)
 384 L   0.00049 0.07035 0.90008 0.02908 ( 3)
 385 E   0.73159 0.00764 0.25762 0.00316 ( 1)
 386 L   0.70194 0.02098 0.26841 0.00867 ( 1)
 387 T   0.76947 0.00121 0.22882 0.00050 ( 1)
 388 L   0.00049 0.07035 0.90008 0.02908 ( 3)
 389 A   0.74044 0.00505 0.25242 0.00209 ( 1)
 390 K   0.73040 0.00804 0.25825 0.00332 ( 1)
 391 V   0.77427 0.00209 0.22277 0.00086 ( 1)
 392 E   0.03785 0.02737 0.92347 0.01131 ( 3)
 393 K   0.00053 0.02757 0.96050 0.01140 ( 3)
 394 E   0.73483 0.00754 0.25451 0.00312 ( 1)
 395 K   0.03708 0.02870 0.92236 0.01186 ( 3)
 396 H   0.83472 0.00038 0.16475 0.00016 ( 1)
 397 A   0.04453 0.01247 0.93784 0.00516 ( 3)
 398 T   0.71507 0.00305 0.28062 0.00126 ( 1)
 399 E   0.70606 0.00836 0.28212 0.00346 ( 1)
 400 N   0.04267 0.00928 0.94421 0.00384 ( 3)
 401 K   0.00059 0.02979 0.95731 0.01231 ( 3)
 402 L   0.70141 0.02149 0.26821 0.00888 ( 1)
 403 E   0.73117 0.00803 0.25747 0.00332 ( 1)
 404 G   0.75464 0.00261 0.24167 0.00108 ( 1)
 405 S   0.75687 0.00228 0.23992 0.00094 ( 1)
 406 L   0.70161 0.02130 0.26829 0.00881 ( 1)
 407 E   0.73133 0.00788 0.25753 0.00326 ( 1)
 408 Q   0.73779 0.00601 0.25372 0.00248 ( 1)
 409 E   0.73151 0.00771 0.25759 0.00319 ( 1)
 410 K   0.73013 0.00829 0.25815 0.00343 ( 1)
 411 K   0.73018 0.00824 0.25817 0.00341 ( 1)
 412 V   0.75583 0.00238 0.24081 0.00098 ( 1)
 413 R   0.71846 0.00751 0.27092 0.00311 ( 1)
 414 M   0.76286 0.00155 0.23495 0.00064 ( 1)
 415 D   0.75682 0.00222 0.24004 0.00092 ( 1)
 416 L   0.70169 0.02122 0.26832 0.00877 ( 1)
 417 E   0.74717 0.00385 0.24739 0.00159 ( 1)
 418 R   0.73599 0.00651 0.25480 0.00269 ( 1)
 419 A   0.74016 0.00531 0.25233 0.00220 ( 1)
 420 K   0.73013 0.00829 0.25815 0.00343 ( 1)
 421 R   0.78690 0.00033 0.21263 0.00014 ( 1)
 422 K   0.73019 0.00823 0.25817 0.00340 ( 1)
 423 L   0.76478 0.00252 0.23165 0.00104 ( 1)
 424 E   0.73134 0.00787 0.25753 0.00326 ( 1)
 425 G   0.76334 0.00152 0.23452 0.00063 ( 1)
 426 D   0.75681 0.00223 0.24004 0.00092 ( 1)
 427 L   0.70342 0.01952 0.26898 0.00807 ( 1)
 428 K   0.73013 0.00829 0.25815 0.00343 ( 1)
 429 L   0.70161 0.02130 0.26829 0.00881 ( 1)
 430 T   0.77613 0.00067 0.22293 0.00028 ( 1)
 431 Q   0.73779 0.00601 0.25372 0.00248 ( 1)
 432 E   0.73133 0.00788 0.25753 0.00326 ( 1)
 433 S   0.78269 0.00043 0.21671 0.00018 ( 1)
 434 I   0.01561 0.43984 0.36273 0.18183 ( 2)
 435 M   0.76286 0.00155 0.23495 0.00064 ( 1)
 436 D   0.73729 0.00594 0.25431 0.00246 ( 1)
 437 L   0.70518 0.01899 0.26798 0.00785 ( 1)
 438 E   0.73133 0.00788 0.25753 0.00326 ( 1)
 439 N   0.75477 0.00250 0.24169 0.00103 ( 1)
 440 D   0.04316 0.01053 0.94196 0.00435 ( 3)
 441 K   0.73013 0.00829 0.25815 0.00343 ( 1)
 442 Q   0.01121 0.50889 0.26954 0.21037 ( 2)
 443 Q   0.73779 0.00601 0.25372 0.00248 ( 1)
 444 L   0.70170 0.02121 0.26832 0.00877 ( 1)
 445 D   0.72820 0.00888 0.25926 0.00367 ( 1)
 446 E   0.72514 0.00990 0.26087 0.00409 ( 1)
 447 R   0.77711 0.00059 0.22206 0.00024 ( 1)
 448 L   0.72692 0.00928 0.25995 0.00384 ( 1)
 449 K   0.73709 0.00601 0.25441 0.00248 ( 1)


lnL = -4364.377389

