Supplemental results for CODEML (seqf: /home/leticiamagpali/phd/evol_models/codeml/big_dataset/cml_align/CASQ2_codon_aligned.phy  treef: /home/leticiamagpali/phd/evol_models/codeml/big_dataset/cml_trees/gene_trees/H1a_gene_trees/CASQ2_tree_H1a.tre)

I	J	ij	2Ns_IJ	pMut_IJ	pSub_IJ	2Ns_JI	pMut_JI	pSub_JI

TTC	TTT	CT	0.83488	0.13282	0.19590	-0.83488	0.30610	0.19590
TTA	TTT	AT	7.28869	0.00003	0.00025	-7.28869	0.05063	0.00025
TTA	TTC	AC	6.45380	0.00006	0.00038	-6.45380	0.03715	0.00038
TTG	TTT	GT	0.65318	0.01975	0.02690	-0.65318	0.03795	0.02690
TTG	TTC	GC	-0.18171	0.03340	0.03046	0.18171	0.02785	0.03046
TTG	TTA	GA	-6.63551	0.12825	0.00112	6.63551	0.00017	0.00112
TCT	TTT	CT	2.05191	0.03933	0.09260	-2.05191	0.30610	0.09260
TCC	TTC	CT	1.79917	0.03716	0.08012	-1.79917	0.22464	0.08012
TCC	TCT	CT	0.58214	0.03716	0.04902	-0.58214	0.06652	0.04902
TCA	TTA	CT	-4.54969	0.02666	0.00130	4.54969	0.00028	0.00130
TCA	TCT	AT	0.68709	0.00553	0.00765	-0.68709	0.01100	0.00765
TCA	TCC	AC	0.10495	0.00936	0.00986	-0.10495	0.01040	0.00986
TCG	TTG	CT	6.17972	0.00033	0.00206	-6.17972	0.16094	0.00206
TCG	TCT	GT	4.78099	0.00007	0.00033	-4.78099	0.00825	0.00033
TCG	TCC	GC	4.19885	0.00012	0.00050	-4.19885	0.00779	0.00050
TCG	TCA	GA	4.09390	0.00045	0.00187	-4.09390	0.02694	0.00187
TAT	TTT	AT	1.30475	0.01373	0.02458	-1.30475	0.05063	0.02458
TAT	TCT	AC	-0.74716	0.02322	0.01562	0.74716	0.01100	0.01562
TAC	TTC	AT	0.62492	0.01989	0.02675	-0.62492	0.03715	0.02675
TAC	TCC	AC	-1.17425	0.03364	0.01767	1.17425	0.01040	0.01767
TAC	TAT	CT	0.15505	0.09583	0.10345	-0.15505	0.11190	0.10345
TGT	TTT	GT	3.38965	0.00128	0.00449	-3.38965	0.03795	0.00449
TGT	TCT	GC	1.33774	0.00216	0.00393	-1.33774	0.00825	0.00393
TGT	TAT	GA	2.08490	0.00831	0.01979	-2.08490	0.06685	0.01979
TGC	TTC	GT	1.87088	0.00429	0.00948	-1.87088	0.02785	0.00948
TGC	TCC	GC	0.07172	0.00725	0.00752	-0.07172	0.00779	0.00752
TGC	TAC	GA	1.24597	0.02785	0.04872	-1.24597	0.09682	0.04872
TGC	TGT	CT	-0.68388	0.02067	0.01440	0.68388	0.01043	0.01440
TGG	TTG	GT	0.45506	0.01266	0.01576	-0.45506	0.01995	0.01576
TGG	TCG	GC	-5.72466	0.02141	0.00040	5.72466	0.00007	0.00040
TGG	TGT	GT	-2.28141	0.01266	0.00329	2.28141	0.00129	0.00329
TGG	TGC	GC	-1.59753	0.02141	0.00868	1.59753	0.00433	0.00868
CTT	TTT	CT	1.79871	0.05066	0.10920	-1.79871	0.30610	0.10920
CTC	TTC	CT	1.25050	0.06433	0.11272	-1.25050	0.22464	0.11272
CTC	CTT	CT	0.28667	0.06433	0.07399	-0.28667	0.08568	0.07399
CTA	TTA	CT	-4.86359	0.03650	0.00138	4.86359	0.00028	0.00138
CTA	CTT	AT	0.62639	0.00757	0.01019	-0.62639	0.01417	0.01019
CTA	CTC	AC	0.33971	0.01281	0.01511	-0.33971	0.01799	0.01511
CTG	TTG	CT	-0.12289	0.18199	0.17103	0.12289	0.16094	0.17103
CTG	CTT	GT	-1.26843	0.03777	0.01875	1.26843	0.01062	0.01875
CTG	CTC	GC	-1.55510	0.06388	0.02659	1.55510	0.01349	0.02659
CTG	CTA	GA	-1.89482	0.24527	0.08224	1.89482	0.03688	0.08224
CCT	TCT	CT	0.58214	0.03716	0.04902	-0.58214	0.06652	0.04902
CCT	CTT	CT	0.83534	0.03716	0.05482	-0.83534	0.08568	0.05482
CCC	TCC	CT	-0.22432	0.07866	0.07017	0.22432	0.06285	0.07017
CCC	CTC	CT	0.32434	0.07866	0.09211	-0.32434	0.10880	0.09211
CCC	CCT	CT	-0.22432	0.07866	0.07017	0.22432	0.06285	0.07017
CCA	TCA	CT	-0.48612	0.07333	0.05694	0.48612	0.04510	0.05694
CCA	CTA	CT	-0.17222	0.07333	0.06719	0.17222	0.06173	0.06719
CCA	CCT	AT	-0.38117	0.01522	0.01250	0.38117	0.01040	0.01250
CCA	CCC	AC	-0.15685	0.02574	0.02377	0.15685	0.02200	0.02377
CCG	TCG	CT	-3.12518	0.01283	0.00184	3.12518	0.00056	0.00184
CCG	CTG	CT	3.17744	0.01283	0.04255	-3.17744	0.30779	0.04255
CCG	CCT	GT	1.07367	0.00266	0.00434	-1.07367	0.00779	0.00434
CCG	CCC	GC	1.29800	0.00450	0.00804	-1.29800	0.01649	0.00804
CCG	CCA	GA	1.45485	0.01729	0.03282	-1.45485	0.07409	0.03282
CAT	TAT	CT	1.04983	0.03916	0.06325	-1.04983	0.11190	0.06325
CAT	CTT	AT	0.55587	0.00813	0.01060	-0.55587	0.01417	0.01060
CAT	CCT	AC	-0.27947	0.01375	0.01192	0.27947	0.01040	0.01192
CAC	TAC	CT	1.46821	0.03733	0.07121	-1.46821	0.16207	0.07121
CAC	CTC	AT	0.84262	0.00775	0.01147	-0.84262	0.01799	0.01147
CAC	CCC	AC	0.51828	0.01310	0.01679	-0.51828	0.02200	0.01679
CAC	CAT	CT	0.57342	0.03733	0.04905	-0.57342	0.06624	0.04905
CAA	CTA	AT	0.32153	0.00740	0.00866	-0.32153	0.01021	0.00866
CAA	CCA	AC	0.49375	0.01252	0.01586	-0.49375	0.02051	0.01586
CAA	CAT	AT	0.39204	0.00740	0.00895	-0.39204	0.01095	0.00895
CAA	CAC	AC	-0.18138	0.01252	0.01142	0.18138	0.01044	0.01142
CAG	CTG	AT	1.12459	0.01653	0.02754	-1.12459	0.05090	0.02754
CAG	CCG	AC	-2.05286	0.02796	0.00845	2.05286	0.00359	0.00845
CAG	CAT	GT	-0.69972	0.01653	0.01142	0.69972	0.00821	0.01142
CAG	CAC	GC	-1.27314	0.02796	0.01384	1.27314	0.00783	0.01384
CAG	CAA	GA	-1.09176	0.10736	0.05921	1.09176	0.03603	0.05921
CGT	TGT	CT	0.12907	0.00917	0.00977	-0.12907	0.01043	0.00977
CGT	CTT	GT	1.72000	0.00190	0.00399	-1.72000	0.01062	0.00399
CGT	CCT	GC	0.88466	0.00322	0.00485	-0.88466	0.00779	0.00485
CGT	CAT	GA	1.16413	0.01235	0.02091	-1.16413	0.03957	0.02091
CGC	TGC	CT	-0.44113	0.05433	0.04322	0.44113	0.03495	0.04322
CGC	CTC	GT	0.17925	0.01128	0.01232	-0.17925	0.01349	0.01232
CGC	CCC	GC	-0.14509	0.01907	0.01772	0.14509	0.01649	0.01772
CGC	CAC	GA	-0.66337	0.07322	0.05160	0.66337	0.03772	0.05160
CGC	CGT	CT	-1.25408	0.05433	0.02720	1.25408	0.01550	0.02720
CGA	CTA	GT	8.95320	0.00000	0.00000	-8.95320	0.00765	0.00001
CGA	CCA	GC	9.12542	0.00000	0.00000	-9.12542	0.01538	0.00002
CGA	CAA	GA	8.63168	0.00000	0.00000	-8.63168	0.03603	0.00006
CGA	CGT	AT	7.85959	0.00000	0.00000	-7.85959	0.00256	0.00001
CGA	CGC	AC	9.11367	0.00000	0.00000	-9.11367	0.01520	0.00002
CGG	TGG	CT	2.08431	0.01283	0.03055	-2.08431	0.10316	0.03055
CGG	CTG	GT	2.66227	0.00266	0.00762	-2.66227	0.03816	0.00762
CGG	CCG	GC	-0.51517	0.00450	0.00344	0.51517	0.00269	0.00344
CGG	CAG	GA	1.53768	0.01729	0.03387	-1.53768	0.08049	0.03387
CGG	CGT	GT	-0.32616	0.00266	0.00225	0.32616	0.00192	0.00225
CGG	CGC	GC	0.92792	0.00450	0.00691	-0.92792	0.01139	0.00691
CGG	CGA	GA	-8.18575	0.01729	0.00004	8.18575	0.00000	0.00000
ATT	TTT	AT	0.70666	0.02497	0.03483	-0.70666	0.05063	0.03483
ATT	CTT	AC	-1.09205	0.04224	0.02329	1.09205	0.01417	0.02329
ATC	TTC	AT	0.25545	0.02878	0.03261	-0.25545	0.03715	0.03261
ATC	CTC	AC	-0.99505	0.04867	0.02841	0.99505	0.01799	0.02841
ATC	ATT	CT	0.38368	0.13866	0.16695	-0.38368	0.20350	0.16695
ATA	TTA	AT	-4.13239	0.00291	0.00020	4.13239	0.00005	0.00020
ATA	CTA	AC	0.73120	0.00491	0.00693	-0.73120	0.01021	0.00693
ATA	ATT	AT	2.44964	0.00291	0.00779	-2.44964	0.03366	0.00779
ATA	ATC	AC	2.06596	0.00491	0.01162	-2.06596	0.03878	0.01162
ATG	TTG	AT	0.78219	0.01218	0.01755	-0.78219	0.02662	0.01755
ATG	CTG	AC	0.90508	0.02059	0.03130	-0.90508	0.05090	0.03130
ATG	ATT	GT	0.72870	0.01218	0.01715	-0.72870	0.02523	0.01715
ATG	ATC	GC	0.34503	0.02059	0.02435	-0.34503	0.02908	0.02435
ATG	ATA	GA	-1.72094	0.07906	0.02964	1.72094	0.01414	0.02964
ACT	TCT	AT	0.07190	0.01024	0.01061	-0.07190	0.01100	0.01061
ACT	CCT	AC	-0.51024	0.01732	0.01327	0.51024	0.01040	0.01327
ACT	ATT	CT	1.41715	0.04933	0.09228	-1.41715	0.20350	0.09228
ACC	TCC	AT	0.25028	0.00809	0.00915	-0.25028	0.01040	0.00915
ACC	CCC	AC	0.47461	0.01369	0.01719	-0.47461	0.02200	0.01719
ACC	ATC	CT	1.79399	0.03900	0.08391	-1.79399	0.23451	0.08391
ACC	ACT	CT	0.76052	0.03900	0.05569	-0.76052	0.08343	0.05569
ACA	TCA	AT	-0.47572	0.01200	0.00937	0.47572	0.00746	0.00937
ACA	CCA	AC	0.01040	0.02030	0.02040	-0.01040	0.02051	0.02040
ACA	ATA	CT	-0.89303	0.05783	0.03580	0.89303	0.02368	0.03580
ACA	ACT	AT	0.13947	0.01200	0.01286	-0.13947	0.01380	0.01286
ACA	ACC	AC	-0.62106	0.02030	0.01464	0.62106	0.01091	0.01464
ACG	TCG	AT	-3.40287	0.00280	0.00033	3.40287	0.00009	0.00033
ACG	CCG	AC	-0.27770	0.00474	0.00411	0.27770	0.00359	0.00411
ACG	ATG	CT	1.99466	0.01350	0.03117	-1.99466	0.09921	0.03117
ACG	ACT	GT	1.30622	0.00280	0.00502	-1.30622	0.01034	0.00502
ACG	ACC	GC	0.54570	0.00474	0.00615	-0.54570	0.00818	0.00615
ACG	ACA	GA	1.16675	0.01819	0.03083	-1.16675	0.05843	0.03083
AAT	TAT	AT	0.56863	0.01048	0.01374	-0.56863	0.01851	0.01374
AAT	CAT	AC	-0.48120	0.01773	0.01380	0.48120	0.01095	0.01380
AAT	ATT	AT	1.16672	0.01048	0.01776	-1.16672	0.03366	0.01776
AAT	ACT	AC	-0.25043	0.01773	0.01560	0.25043	0.01380	0.01560
AAC	TAC	AT	0.30192	0.01982	0.02296	-0.30192	0.02680	0.02296
AAC	CAC	AC	-1.16629	0.03352	0.01769	1.16629	0.01044	0.01769
AAC	ATC	AT	0.67138	0.01982	0.02721	-0.67138	0.03878	0.02721
AAC	ACC	AC	-1.12262	0.03352	0.01815	1.12262	0.01091	0.01815
AAC	AAT	CT	-0.11167	0.09549	0.09026	0.11167	0.08540	0.09026
AAA	CAA	AC	-1.49439	0.04446	0.01922	1.49439	0.00998	0.01922
AAA	ATA	AT	-1.90407	0.02629	0.00876	1.90407	0.00392	0.00876
AAA	ACA	AC	-1.01105	0.04446	0.02571	1.01105	0.01618	0.02571
AAA	AAT	AT	-0.62115	0.02629	0.01896	0.62115	0.01412	0.01896
AAA	AAC	AC	-0.50948	0.04446	0.03409	0.50948	0.02671	0.03409
AAG	CAG	AC	-1.15333	0.07061	0.03755	1.15333	0.02228	0.03755
AAG	ATG	AT	-0.93383	0.04175	0.02525	0.93383	0.01641	0.02525
AAG	ACG	AC	-2.92850	0.07061	0.01168	2.92850	0.00378	0.01168
AAG	AAT	GT	-1.37185	0.04175	0.01946	1.37185	0.01059	0.01946
AAG	AAC	GC	-1.26018	0.07061	0.03522	1.26018	0.02002	0.03522
AAG	AAA	GA	-0.75070	0.27110	0.18196	0.75070	0.12797	0.18196
AGT	TGT	AT	-2.26026	0.01653	0.00435	2.26026	0.00172	0.00435
AGT	CGT	AC	-2.38933	0.02796	0.00674	2.38933	0.00256	0.00674
AGT	ATT	GT	0.42272	0.01653	0.02027	-0.42272	0.02523	0.02027
AGT	ACT	GC	-0.99443	0.02796	0.01633	0.99443	0.01034	0.01633
AGT	AAT	GA	-0.74400	0.10736	0.07233	0.74400	0.05102	0.07233
AGC	TGC	AT	-0.05744	0.00612	0.00595	0.05744	0.00578	0.00595
AGC	CGC	AC	0.38370	0.01035	0.01247	-0.38370	0.01520	0.01247
AGC	ATC	GT	1.55799	0.00612	0.01208	-1.55799	0.02908	0.01208
AGC	ACC	GC	-0.23600	0.01035	0.00918	0.23600	0.00818	0.00918
AGC	AAC	GA	0.88661	0.03976	0.05995	-0.88661	0.09648	0.05995
AGC	AGT	CT	1.51894	0.02950	0.05737	-1.51894	0.13473	0.05737
AGA	CGA	AC	-8.32417	0.00550	0.00001	8.32417	0.00000	0.00000
AGA	ATA	GT	-0.10217	0.00325	0.00309	0.10217	0.00294	0.00309
AGA	ACA	GC	0.79086	0.00550	0.00796	-0.79086	0.01213	0.00796
AGA	AAA	GA	1.80190	0.02111	0.04556	-1.80190	0.12797	0.04556
AGA	AGT	AT	1.92475	0.00325	0.00733	-1.92475	0.02228	0.00733
AGA	AGC	AC	0.40580	0.00550	0.00669	-0.40580	0.00825	0.00669
AGG	TGG	AT	1.10731	0.00564	0.00932	-1.10731	0.01706	0.00932
AGG	CGG	AC	-0.97700	0.00954	0.00562	0.97700	0.00359	0.00562
AGG	ATG	GT	0.78019	0.00564	0.00812	-0.78019	0.01230	0.00812
AGG	ACG	GC	-1.21448	0.00954	0.00489	1.21448	0.00283	0.00489
AGG	AAG	GA	1.71402	0.03661	0.07654	-1.71402	0.20324	0.07654
AGG	AGT	GT	1.08617	0.00564	0.00924	-1.08617	0.01670	0.00924
AGG	AGC	GC	-0.43278	0.00954	0.00762	0.43278	0.00619	0.00762
AGG	AGA	GA	-0.83858	0.03661	0.02338	0.83858	0.01583	0.02338
GTT	TTT	GT	0.74674	0.01799	0.02553	-0.74674	0.03795	0.02553
GTT	CTT	GC	-1.05198	0.03042	0.01717	1.05198	0.01062	0.01717
GTT	ATT	GA	0.04007	0.11680	0.11915	-0.04007	0.12157	0.11915
GTC	TTC	GT	0.51738	0.01660	0.02127	-0.51738	0.02785	0.02127
GTC	CTC	GC	-0.73312	0.02808	0.01903	0.73312	0.01349	0.01903
GTC	ATC	GA	0.26192	0.10781	0.12255	-0.26192	0.14009	0.12255
GTC	GTT	CT	0.60553	0.07999	0.10664	-0.60553	0.14657	0.10664
GTA	TTA	GT	-3.72736	0.00145	0.00013	3.72736	0.00003	0.00013
GTA	CTA	GC	1.13623	0.00246	0.00411	-1.13623	0.00765	0.00411
GTA	ATA	GA	0.40502	0.00943	0.01147	-0.40502	0.01414	0.01147
GTA	GTT	AT	2.81459	0.00145	0.00435	-2.81459	0.02424	0.00435
GTA	GTC	AC	2.20906	0.00246	0.00610	-2.20906	0.02238	0.00610
GTG	TTG	GT	-0.56888	0.03525	0.02617	0.56888	0.01995	0.02617
GTG	CTG	GC	-0.44599	0.05961	0.04730	0.44599	0.03816	0.04730
GTG	ATG	GA	-1.35107	0.22887	0.10806	1.35107	0.05927	0.10806
GTG	GTT	GT	-0.66244	0.03525	0.02485	0.66244	0.01817	0.02485
GTG	GTC	GC	-1.26797	0.05961	0.02960	1.26797	0.01677	0.02960
GTG	GTA	GA	-3.47703	0.22887	0.02537	3.47703	0.00707	0.02537
GCT	TCT	GT	-0.84843	0.01927	0.01223	0.84843	0.00825	0.01223
GCT	CCT	GC	-1.43057	0.03258	0.01465	1.43057	0.00779	0.01465
GCT	ACT	GA	-0.92033	0.12511	0.07624	0.92033	0.04984	0.07624
GCT	GTT	CT	0.45675	0.09283	0.11563	-0.45675	0.14657	0.11563
GCC	TCC	GT	-0.29295	0.01045	0.00899	0.29295	0.00779	0.00899
GCC	CCC	GC	-0.06862	0.01767	0.01707	0.06862	0.01649	0.01707
GCC	ACC	GA	-0.54323	0.06783	0.05107	0.54323	0.03940	0.05107
GCC	GTC	CT	0.98884	0.05033	0.07925	-0.98884	0.13529	0.07925
GCC	GCT	CT	1.13762	0.05033	0.08427	-1.13762	0.15699	0.08427
GCA	TCA	GT	-0.62825	0.01048	0.00753	0.62825	0.00559	0.00753
GCA	CCA	GC	-0.14213	0.01773	0.01650	0.14213	0.01538	0.01650
GCA	ACA	GA	-0.15253	0.06806	0.06300	0.15253	0.05843	0.06300
GCA	GTA	CT	-1.45058	0.05050	0.02243	1.45058	0.01184	0.02243
GCA	GCT	AT	0.90726	0.01048	0.01594	-0.90726	0.02597	0.01594
GCA	GCC	AC	-0.23036	0.01773	0.01576	0.23036	0.01408	0.01576
GCG	TCG	GT	-4.69922	0.00768	0.00033	4.69922	0.00007	0.00033
GCG	CCG	GC	-1.57405	0.01299	0.00534	1.57405	0.00269	0.00534
GCG	ACG	GA	-1.29635	0.04986	0.02434	1.29635	0.01364	0.02434
GCG	GTG	CT	2.04938	0.03700	0.08703	-2.04938	0.28721	0.08703
GCG	GCT	GT	0.93020	0.00768	0.01180	-0.93020	0.01947	0.01180
GCG	GCC	GC	-0.20743	0.01299	0.01169	0.20743	0.01055	0.01169
GCG	GCA	GA	0.02293	0.04986	0.05044	-0.02293	0.05102	0.05044
GAT	TAT	GT	-1.60114	0.06880	0.02783	1.60114	0.01387	0.02783
GAT	CAT	GC	-2.65098	0.11635	0.02342	2.65098	0.00821	0.02342
GAT	AAT	GA	-2.16978	0.44674	0.12497	2.16978	0.05102	0.12497
GAT	GTT	AT	-1.04313	0.06880	0.03904	1.04313	0.02424	0.03904
GAT	GCT	AC	-1.49987	0.11635	0.05013	1.49987	0.02597	0.05013
GAC	TAC	GT	-1.41353	0.08260	0.03754	1.41353	0.02009	0.03754
GAC	CAC	GC	-2.88174	0.13969	0.02390	2.88174	0.00783	0.02390
GAC	AAC	GA	-1.71545	0.53636	0.20181	1.71545	0.09648	0.20181
GAC	GTC	AT	-1.30599	0.08260	0.04008	1.30599	0.02238	0.04008
GAC	GCC	AC	-2.29484	0.13969	0.03593	2.29484	0.01408	0.03593
GAC	GAT	CT	0.34266	0.39797	0.47004	-0.34266	0.56061	0.47004
GAA	CAA	GC	-2.29282	0.07406	0.01907	2.29282	0.00748	0.01907
GAA	AAA	GA	-0.79842	0.28435	0.18578	0.79842	0.12797	0.18578
GAA	GTA	AT	-3.10752	0.04379	0.00637	3.10752	0.00196	0.00637
GAA	GCA	AC	-1.65694	0.07406	0.02892	1.65694	0.01412	0.02892
GAA	GAT	AT	0.75020	0.04379	0.06225	-0.75020	0.09272	0.06225
GAA	GAC	AC	0.40754	0.07406	0.09017	-0.40754	0.11132	0.09017
GAG	CAG	GC	-2.13833	0.14174	0.04049	2.13833	0.01670	0.04049
GAG	AAG	GA	-0.98499	0.54422	0.31950	0.98499	0.20324	0.31950
GAG	GTG	AT	-0.56775	0.08381	0.06226	0.56775	0.04750	0.06226
GAG	GCG	AC	-2.61714	0.14174	0.02922	2.61714	0.01035	0.02922
GAG	GAT	GT	-0.18707	0.08381	0.07621	0.18707	0.06951	0.07621
GAG	GAC	GC	-0.52973	0.14174	0.10750	0.52973	0.08345	0.10750
GAG	GAA	GA	-0.93727	0.54422	0.32845	0.93727	0.21317	0.32845
GGT	TGT	GT	-1.46637	0.00560	0.00246	1.46637	0.00129	0.00246
GGT	CGT	GC	-1.59544	0.00948	0.00385	1.59544	0.00192	0.00385
GGT	AGT	GA	0.79389	0.03639	0.05272	-0.79389	0.08049	0.05272
GGT	GTT	GT	1.17654	0.00560	0.00953	-1.17654	0.01817	0.00953
GGT	GCT	GC	0.71979	0.00948	0.01329	-0.71979	0.01947	0.01329
GGT	GAT	GA	2.21967	0.03639	0.09061	-2.21967	0.33491	0.09061
GGC	TGC	GT	-1.04715	0.01235	0.00699	1.04715	0.00433	0.00699
GGC	CGC	GC	-0.60601	0.02088	0.01519	0.60601	0.01139	0.01519
GGC	AGC	GA	-0.98971	0.08018	0.04695	0.98971	0.02980	0.04695
GGC	GTC	GT	0.30636	0.01235	0.01434	-0.30636	0.01677	0.01434
GGC	GCC	GC	-0.68248	0.02088	0.01456	0.68248	0.01055	0.01456
GGC	GAC	GA	1.61235	0.08018	0.16149	-1.61235	0.40209	0.16149
GGC	GGT	CT	-0.26466	0.05950	0.05197	0.26466	0.04566	0.05197
GGA	CGA	GC	-9.12524	0.00918	0.00001	9.12524	0.00000	0.00000
GGA	AGA	GA	-0.80107	0.03526	0.02300	0.80107	0.01583	0.02300
GGA	GTA	GT	-1.30827	0.00543	0.00263	1.30827	0.00147	0.00263
GGA	GCA	GC	0.14231	0.00918	0.00985	-0.14231	0.01059	0.00985
GGA	GAA	GA	1.79925	0.03526	0.07602	-1.79925	0.21317	0.07602
GGA	GGT	AT	0.32978	0.00543	0.00637	-0.32978	0.00755	0.00637
GGA	GGC	AC	0.59444	0.00918	0.01218	-0.59444	0.01664	0.01218
GGG	TGG	GT	0.11993	0.01134	0.01204	-0.11993	0.01279	0.01204
GGG	CGG	GC	-1.96438	0.01919	0.00615	1.96438	0.00269	0.00615
GGG	AGG	GA	-0.98739	0.07367	0.04319	0.98739	0.02745	0.04319
GGG	GTG	GT	1.14387	0.01134	0.01904	-1.14387	0.03561	0.01904
GGG	GCG	GC	-0.90551	0.01919	0.01179	0.90551	0.00776	0.01179
GGG	GAG	GA	1.71163	0.07367	0.15388	-1.71163	0.40799	0.15388
GGG	GGT	GT	-0.69511	0.01134	0.00786	0.69511	0.00566	0.00786
GGG	GGC	GC	-0.43045	0.01919	0.01535	0.43045	0.01248	0.01535
GGG	GGA	GA	-1.02489	0.07367	0.04226	1.02489	0.02644	0.04226


Histograms
2Ns	FMut	FSub(CodonUsage)	FSubw(after w)

-8.69088	0.00355	0.00001
-7.82179	0.00079	0.00000
-6.95270	0.00714	0.00007
-6.08362	0.00876	0.00015
-5.21453	0.00179	0.00009
-4.34544	0.00287	0.00022
-3.47635	0.02536	0.00422
-2.60726	0.04760	0.01426
-1.73818	0.25141	0.12145
-0.86909	0.27969	0.23004
0.00000	0.20104	0.25899
0.86909	0.12009	0.23004
1.73818	0.04475	0.12145
2.60726	0.00412	0.01426
3.47635	0.00095	0.00422
4.34544	0.00004	0.00022
5.21453	0.00001	0.00009
6.08362	0.00002	0.00015
6.95270	0.00001	0.00007
7.82179	0.00000	0.00000
8.69088	0.00000	0.00000

Proportion of advantageous (S > 0) mutations:
 0.25830

Proportions of good & bad mutations (|S| > 2.0000) among mutations:
0.01208  0.15449

mean |Ns| = 1.28543	mean Ns+ = 0.80850	mean Ns- = -1.45153


MLEs of dN/dS (w) for site classes (K=4)

site class             0        1       2a       2b
proportion       0.56633  0.13538  0.24074  0.05755
background w     0.05733  1.00000  0.05733  1.00000
foreground w     0.05733  1.00000  1.00000  1.00000

Naive Empirical Bayes (NEB) probabilities for 4 classes
(amino acids refer to 1st sequence: Bacu)

   1 M   0.70012 0.03389 0.25158 0.01440 ( 1)
   2 K   0.25097 0.45703 0.09772 0.19427 ( 2)
   3 R   0.43815 0.28747 0.15219 0.12220 ( 1)
   4 T   0.69766 0.03539 0.25191 0.01504 ( 1)
   5 H   0.43978 0.28540 0.15351 0.12132 ( 1)
   6 L   0.59813 0.10865 0.24703 0.04619 ( 1)
   7 F   0.62707 0.08533 0.25133 0.03627 ( 1)
   8 V   0.22437 0.48181 0.08901 0.20481 ( 2)
   9 M   0.23630 0.47012 0.09374 0.19984 ( 2)
  10 A   0.00211 0.69969 0.00078 0.29742 ( 2)
  11 V   0.67603 0.04933 0.25367 0.02097 ( 1)
  12 Y   0.64357 0.07268 0.25287 0.03089 ( 1)
  13 L   0.59813 0.10865 0.24703 0.04619 ( 1)
  14 L   0.59813 0.10865 0.24703 0.04619 ( 1)
  15 S   0.70385 0.03170 0.25098 0.01347 ( 1)
  16 T   0.40285 0.31823 0.14365 0.13527 ( 1)
  17 C   0.72028 0.02272 0.24735 0.00966 ( 1)
  18 R   0.33612 0.38358 0.11725 0.16305 ( 2)
  19 A   0.66054 0.05968 0.25441 0.02537 ( 1)
  20 E   0.09108 0.19736 0.62767 0.08389 ( 3)
  21 E   0.63429 0.07941 0.25255 0.03376 ( 1)
  22 G   0.69371 0.03718 0.25331 0.01580 ( 1)
  23 L   0.60118 0.10563 0.24829 0.04490 ( 1)
  24 N   0.36373 0.35336 0.13270 0.15021 ( 1)
  25 F   0.64576 0.07061 0.25361 0.03002 ( 1)
  26 P   0.66049 0.05970 0.25444 0.02538 ( 1)
  27 T   0.69959 0.03355 0.25260 0.01426 ( 1)
  28 Y   0.64915 0.06810 0.25380 0.02895 ( 1)
  29 D   0.62835 0.08405 0.25187 0.03573 ( 1)
  30 G   0.69112 0.03881 0.25357 0.01650 ( 1)
  31 K   0.28781 0.42112 0.11207 0.17901 ( 2)
  32 D   0.62900 0.08390 0.25143 0.03567 ( 1)
  33 R   0.65931 0.06088 0.25393 0.02588 ( 1)
  34 V   0.63874 0.07627 0.25257 0.03242 ( 1)
  35 V   0.67932 0.04721 0.25340 0.02007 ( 1)
  36 S   0.64704 0.07013 0.25301 0.02981 ( 1)
  37 L   0.64729 0.06997 0.25300 0.02974 ( 1)
  38 T   0.70088 0.03353 0.25133 0.01425 ( 1)
  39 E   0.63501 0.07925 0.25205 0.03369 ( 1)
  40 K   0.65336 0.06546 0.25335 0.02783 ( 1)
  41 N   0.69274 0.03851 0.25238 0.01637 ( 1)
  42 F   0.64662 0.07044 0.25300 0.02994 ( 1)
  43 K   0.65336 0.06546 0.25335 0.02783 ( 1)
  44 Q   0.64158 0.07428 0.25257 0.03157 ( 1)
  45 V   0.68049 0.04642 0.25335 0.01973 ( 1)
  46 L   0.18733 0.51681 0.07618 0.21968 ( 2)
  47 K   0.65336 0.06546 0.25335 0.02783 ( 1)
  48 K   0.65488 0.06435 0.25342 0.02735 ( 1)
  49 Y   0.09540 0.18092 0.64678 0.07690 ( 3)
  50 D   0.62900 0.08390 0.25143 0.03567 ( 1)
  51 L   0.61210 0.09743 0.24905 0.04142 ( 1)
  52 L   0.69045 0.04018 0.25229 0.01708 ( 1)
  53 C   0.72694 0.01965 0.24505 0.00835 ( 1)
  54 L   0.69052 0.04011 0.25232 0.01705 ( 1)
  55 Y   0.24127 0.46614 0.09444 0.19815 ( 2)
  56 Y   0.09559 0.18199 0.64505 0.07736 ( 3)
  57 H   0.68868 0.04129 0.25248 0.01755 ( 1)
  58 E   0.63449 0.07976 0.25184 0.03390 ( 1)
  59 P   0.66126 0.05978 0.25355 0.02541 ( 1)
  60 V   0.22148 0.48484 0.08758 0.20610 ( 2)
  61 S   0.69777 0.03564 0.25145 0.01515 ( 1)
  62 S   0.66809 0.05249 0.25711 0.02231 ( 1)
  63 D   0.62033 0.09081 0.25026 0.03860 ( 1)
  64 K   0.65429 0.06493 0.25319 0.02760 ( 1)
  65 A   0.00187 0.69991 0.00070 0.29752 ( 2)
  66 A   0.00012 0.70109 0.00077 0.29802 ( 2)
  67 Q   0.64103 0.07481 0.25236 0.03180 ( 1)
  68 K   0.65429 0.06493 0.25319 0.02760 ( 1)
  69 Q   0.05272 0.19741 0.66595 0.08392 ( 3)
  70 F   0.09669 0.18119 0.64511 0.07702 ( 3)
  71 Q   0.64562 0.07139 0.25265 0.03035 ( 1)
  72 M   0.01617 0.68579 0.00653 0.29151 ( 2)
  73 K   0.65429 0.06493 0.25319 0.02760 ( 1)
  74 E   0.64188 0.07420 0.25238 0.03154 ( 1)
  75 I   0.24381 0.46375 0.09530 0.19713 ( 2)
  76 V   0.15267 0.55223 0.06037 0.23474 ( 2)
  77 L   0.59893 0.10810 0.24702 0.04595 ( 1)
  78 E   0.63421 0.08003 0.25173 0.03402 ( 1)
  79 F   0.61863 0.08658 0.25799 0.03680 ( 1)
  80 D   0.19559 0.50737 0.08136 0.21567 ( 2)
  81 E   0.62969 0.07651 0.26128 0.03252 ( 1)
  82 E   0.62969 0.07651 0.26128 0.03252 ( 1)
  83 G   0.66734 0.04341 0.27081 0.01845 ( 1)
  84 S   0.63317 0.07337 0.26228 0.03119 ( 1)
  85 L   0.16682 0.53536 0.07025 0.22757 ( 2)
  86 Y   0.63567 0.07111 0.26299 0.03023 ( 1)
  87 V   0.30276 0.40258 0.12353 0.17113 ( 2)
  88 L   0.66697 0.04390 0.27048 0.01866 ( 1)
  89 K   0.63823 0.06882 0.26370 0.02925 ( 1)
  90 G   0.69211 0.02348 0.27443 0.00998 ( 1)
  91 D   0.61179 0.09287 0.25587 0.03948 ( 1)
  92 R   0.64222 0.06525 0.26478 0.02774 ( 1)
  93 T   0.25361 0.45038 0.10456 0.19145 ( 2)
  94 I   0.64002 0.06722 0.26419 0.02857 ( 1)
  95 E   0.62344 0.08219 0.25944 0.03494 ( 1)
  96 F   0.61936 0.08585 0.25829 0.03649 ( 1)
  97 D   0.61179 0.09287 0.25587 0.03948 ( 1)
  98 G   0.66877 0.04219 0.27110 0.01794 ( 1)
  99 E   0.62346 0.08217 0.25945 0.03493 ( 1)
 100 F   0.61863 0.08658 0.25799 0.03680 ( 1)
 101 A   0.64683 0.06208 0.26470 0.02639 ( 1)
 102 A   0.64680 0.06120 0.26599 0.02601 ( 1)
 103 D   0.61186 0.09279 0.25590 0.03944 ( 1)
 104 V   0.65867 0.05082 0.26891 0.02160 ( 1)
 105 L   0.60538 0.09877 0.25386 0.04199 ( 1)
 106 V   0.62597 0.07988 0.26019 0.03396 ( 1)
 107 E   0.62344 0.08219 0.25944 0.03494 ( 1)
 108 F   0.61876 0.08645 0.25804 0.03675 ( 1)
 109 L   0.66771 0.04309 0.27088 0.01832 ( 1)
 110 L   0.60538 0.09877 0.25386 0.04199 ( 1)
 111 D   0.61771 0.08749 0.25761 0.03719 ( 1)
 112 L   0.34657 0.36905 0.12750 0.15688 ( 2)
 113 I   0.26216 0.44632 0.10179 0.18972 ( 2)
 114 E   0.64066 0.07477 0.25279 0.03178 ( 1)
 115 D   0.62724 0.08514 0.25143 0.03619 ( 1)
 116 P   0.65388 0.06612 0.25189 0.02811 ( 1)
 117 V   0.63764 0.07677 0.25296 0.03263 ( 1)
 118 E   0.63454 0.07917 0.25264 0.03365 ( 1)
 119 I   0.64674 0.06981 0.25377 0.02968 ( 1)
 120 I   0.64674 0.06981 0.25377 0.02968 ( 1)
 121 N   0.36633 0.35035 0.13439 0.14893 ( 1)
 122 S   0.70970 0.02761 0.25095 0.01174 ( 1)
 123 K   0.65420 0.06425 0.25423 0.02731 ( 1)
 124 L   0.59919 0.10760 0.24747 0.04574 ( 1)
 125 E   0.64219 0.07328 0.25339 0.03115 ( 1)
 126 V   0.67834 0.04711 0.25453 0.02002 ( 1)
 127 Q   0.64560 0.07075 0.25358 0.03007 ( 1)
 128 A   0.68653 0.04165 0.25411 0.01771 ( 1)
 129 F   0.62869 0.08374 0.25198 0.03559 ( 1)
 130 E   0.63454 0.07917 0.25264 0.03365 ( 1)
 131 R   0.65763 0.06172 0.25441 0.02623 ( 1)
 132 I   0.65490 0.06372 0.25429 0.02709 ( 1)
 133 E   0.63454 0.07917 0.25264 0.03365 ( 1)
 134 D   0.62859 0.08382 0.25197 0.03563 ( 1)
 135 H   0.35793 0.35786 0.13210 0.15212 ( 1)
 136 I   0.64674 0.06981 0.25377 0.02968 ( 1)
 137 K   0.65420 0.06425 0.25423 0.02731 ( 1)
 138 L   0.68998 0.03942 0.25384 0.01676 ( 1)
 139 I   0.64892 0.06769 0.25462 0.02877 ( 1)
 140 G   0.69141 0.03853 0.25368 0.01638 ( 1)
 141 F   0.62869 0.08374 0.25198 0.03559 ( 1)
 142 F   0.64603 0.07035 0.25372 0.02990 ( 1)
 143 K   0.65271 0.06536 0.25415 0.02778 ( 1)
 144 S   0.64645 0.07004 0.25374 0.02977 ( 1)
 145 E   0.63473 0.07898 0.25272 0.03357 ( 1)
 146 D   0.62859 0.08382 0.25197 0.03563 ( 1)
 147 S   0.65806 0.06144 0.25439 0.02611 ( 1)
 148 E   0.62735 0.08622 0.24978 0.03665 ( 1)
 149 Y   0.21179 0.49499 0.08281 0.21041 ( 2)
 150 Y   0.64294 0.07395 0.25168 0.03143 ( 1)
 151 K   0.64995 0.06878 0.25203 0.02924 ( 1)
 152 A   0.66054 0.06115 0.25231 0.02600 ( 1)
 153 F   0.62630 0.08657 0.25033 0.03680 ( 1)
 154 E   0.63954 0.07649 0.25146 0.03251 ( 1)
 155 E   0.63203 0.08218 0.25086 0.03493 ( 1)
 156 A   0.65804 0.06294 0.25227 0.02675 ( 1)
 157 A   0.66054 0.06115 0.25231 0.02600 ( 1)
 158 E   0.63954 0.07649 0.25146 0.03251 ( 1)
 159 H   0.68564 0.04420 0.25137 0.01879 ( 1)
 160 F   0.64334 0.07364 0.25171 0.03130 ( 1)
 161 Q   0.63842 0.07736 0.25133 0.03289 ( 1)
 162 P   0.70152 0.03393 0.25012 0.01442 ( 1)
 163 Y   0.64294 0.07395 0.25168 0.03143 ( 1)
 164 I   0.23803 0.46939 0.09304 0.19953 ( 2)
 165 K   0.65144 0.06770 0.25209 0.02878 ( 1)
 166 F   0.62630 0.08657 0.25033 0.03680 ( 1)
 167 F   0.62630 0.08657 0.25033 0.03680 ( 1)
 168 A   0.66054 0.06115 0.25231 0.02600 ( 1)
 169 T   0.69239 0.03995 0.25067 0.01698 ( 1)
 170 F   0.64324 0.07374 0.25167 0.03135 ( 1)
 171 D   0.62620 0.08666 0.25031 0.03684 ( 1)
 172 K   0.65144 0.06770 0.25209 0.02878 ( 1)
 173 G   0.69161 0.04045 0.25074 0.01720 ( 1)
 174 V   0.66948 0.05628 0.25031 0.02392 ( 1)
 175 A   0.65146 0.06874 0.25058 0.02922 ( 1)
 176 K   0.64352 0.07452 0.25027 0.03168 ( 1)
 177 K   0.64494 0.07349 0.25033 0.03124 ( 1)
 178 L   0.60687 0.10244 0.24714 0.04355 ( 1)
 179 S   0.69650 0.03911 0.24777 0.01663 ( 1)
 180 L   0.60687 0.10244 0.24714 0.04355 ( 1)
 181 K   0.64352 0.07452 0.25027 0.03168 ( 1)
 182 M   0.69266 0.04141 0.24833 0.01760 ( 1)
 183 N   0.70719 0.03297 0.24583 0.01401 ( 1)
 184 E   0.62656 0.08715 0.24925 0.03704 ( 1)
 185 V   0.66948 0.05629 0.25031 0.02393 ( 1)
 186 D   0.62111 0.09131 0.24877 0.03881 ( 1)
 187 F   0.63723 0.07914 0.24999 0.03364 ( 1)
 188 Y   0.64043 0.07681 0.25011 0.03265 ( 1)
 189 E   0.62656 0.08715 0.24925 0.03704 ( 1)
 190 P   0.63843 0.07824 0.25008 0.03326 ( 1)
 191 F   0.62120 0.09124 0.24878 0.03878 ( 1)
 192 M   0.69266 0.04141 0.24833 0.01760 ( 1)
 193 D   0.62105 0.09137 0.24874 0.03884 ( 1)
 194 E   0.62656 0.08715 0.24925 0.03704 ( 1)
 195 P   0.65122 0.06895 0.25053 0.02931 ( 1)
 196 I   0.64560 0.07300 0.25036 0.03103 ( 1)
 197 A   0.67652 0.05161 0.24993 0.02194 ( 1)
 198 I   0.63856 0.07800 0.25028 0.03316 ( 1)
 199 P   0.67282 0.05334 0.25116 0.02268 ( 1)
 200 D   0.62045 0.09147 0.24920 0.03888 ( 1)
 201 K   0.23667 0.47089 0.09227 0.20017 ( 2)
 202 P   0.65016 0.06916 0.25129 0.02940 ( 1)
 203 Y   0.63599 0.07961 0.25055 0.03384 ( 1)
 204 T   0.64714 0.07136 0.25117 0.03033 ( 1)
 205 E   0.63283 0.08200 0.25032 0.03486 ( 1)
 206 E   0.20489 0.50055 0.08178 0.21277 ( 2)
 207 E   0.62584 0.08732 0.24973 0.03712 ( 1)
 208 L   0.67917 0.04915 0.25079 0.02089 ( 1)
 209 V   0.62866 0.08516 0.24998 0.03620 ( 1)
 210 E   0.20479 0.50056 0.08187 0.21278 ( 2)
 211 F   0.62040 0.09164 0.24900 0.03896 ( 1)
 212 V   0.62762 0.08618 0.24957 0.03663 ( 1)
 213 K   0.64139 0.07588 0.25048 0.03226 ( 1)
 214 E   0.62483 0.08830 0.24933 0.03754 ( 1)
 215 H   0.70282 0.03524 0.24695 0.01498 ( 1)
 216 Q   0.63474 0.08090 0.24997 0.03439 ( 1)
 217 P   0.61904 0.08439 0.26070 0.03587 ( 1)
 218 T   0.64285 0.06332 0.26691 0.02691 ( 1)
 219 L   0.61649 0.08748 0.25885 0.03719 ( 1)
 220 R   0.31305 0.39127 0.12936 0.16632 ( 2)
 221 R   0.62311 0.08129 0.26105 0.03455 ( 1)
 222 L   0.59444 0.10842 0.25106 0.04609 ( 1)
 223 R   0.62338 0.08102 0.26117 0.03444 ( 1)
 224 P   0.61661 0.08738 0.25886 0.03714 ( 1)
 225 E   0.61327 0.09053 0.25771 0.03848 ( 1)
 226 D   0.59940 0.10369 0.25283 0.04408 ( 1)
 227 M   0.65384 0.05284 0.27086 0.02246 ( 1)
 228 F   0.60462 0.09872 0.25469 0.04196 ( 1)
 229 E   0.61295 0.09080 0.25765 0.03860 ( 1)
 230 T   0.62335 0.08104 0.26116 0.03445 ( 1)
 231 W   0.59580 0.10711 0.25155 0.04553 ( 1)
 232 E   0.64300 0.07311 0.25281 0.03108 ( 1)
 233 D   0.62098 0.09017 0.25052 0.03833 ( 1)
 234 D   0.62098 0.09017 0.25052 0.03833 ( 1)
 235 L   0.61328 0.09636 0.24940 0.04096 ( 1)
 236 N   0.69298 0.03828 0.25246 0.01627 ( 1)
 237 G   0.69552 0.03671 0.25216 0.01561 ( 1)
 238 I   0.64761 0.06964 0.25315 0.02960 ( 1)
 239 H   0.71741 0.02419 0.24811 0.01028 ( 1)
 240 I   0.65587 0.06355 0.25357 0.02701 ( 1)
 241 V   0.63839 0.07661 0.25243 0.03257 ( 1)
 242 A   0.68794 0.04147 0.25297 0.01763 ( 1)
 243 F   0.63050 0.08300 0.25122 0.03528 ( 1)
 244 A   0.68845 0.04080 0.25340 0.01735 ( 1)
 245 E   0.63529 0.07898 0.25216 0.03357 ( 1)
 246 R   0.71782 0.02393 0.24808 0.01017 ( 1)
 247 S   0.64731 0.06987 0.25312 0.02970 ( 1)
 248 D   0.62098 0.09017 0.25052 0.03833 ( 1)
 249 P   0.64818 0.06920 0.25321 0.02942 ( 1)
 250 D   0.62023 0.09050 0.25081 0.03847 ( 1)
 251 G   0.69148 0.03847 0.25370 0.01635 ( 1)
 252 Y   0.64815 0.06907 0.25341 0.02936 ( 1)
 253 E   0.63459 0.07912 0.25266 0.03363 ( 1)
 254 F   0.64609 0.07029 0.25374 0.02988 ( 1)
 255 L   0.59922 0.10758 0.24748 0.04573 ( 1)
 256 E   0.63459 0.07912 0.25266 0.03363 ( 1)
 257 I   0.64680 0.06976 0.25379 0.02965 ( 1)
 258 L   0.59924 0.10755 0.24749 0.04572 ( 1)
 259 K   0.65277 0.06530 0.25417 0.02776 ( 1)
 260 Q   0.64111 0.07412 0.25326 0.03151 ( 1)
 261 V   0.67956 0.04626 0.25452 0.01966 ( 1)
 262 A   0.66393 0.05701 0.25483 0.02423 ( 1)
 263 R   0.72257 0.02086 0.24771 0.00887 ( 1)
 264 D   0.62863 0.08377 0.25198 0.03561 ( 1)
 265 N   0.69156 0.03841 0.25370 0.01633 ( 1)
 266 T   0.71199 0.02673 0.24991 0.01136 ( 1)
 267 D   0.62863 0.08377 0.25198 0.03561 ( 1)
 268 N   0.69156 0.03841 0.25370 0.01633 ( 1)
 269 P   0.68430 0.04309 0.25429 0.01832 ( 1)
 270 D   0.21515 0.49023 0.08624 0.20838 ( 2)
 271 L   0.60970 0.09857 0.24983 0.04190 ( 1)
 272 S   0.43256 0.29085 0.15296 0.12363 ( 1)
 273 I   0.64772 0.06885 0.25415 0.02927 ( 1)
 274 V   0.05992 0.64515 0.02068 0.27424 ( 2)
 275 W   0.61475 0.09487 0.25005 0.04033 ( 1)
 276 I   0.64680 0.06976 0.25379 0.02965 ( 1)
 277 D   0.62863 0.08377 0.25198 0.03561 ( 1)
 278 P   0.64736 0.06932 0.25386 0.02947 ( 1)
 279 D   0.62169 0.08919 0.25120 0.03791 ( 1)
 280 D   0.62863 0.08377 0.25198 0.03561 ( 1)
 281 F   0.62873 0.08369 0.25200 0.03557 ( 1)
 282 P   0.68430 0.04309 0.25429 0.01832 ( 1)
 283 L   0.59922 0.10758 0.24748 0.04573 ( 1)
 284 L   0.69184 0.03907 0.25248 0.01661 ( 1)
 285 V   0.68053 0.04639 0.25336 0.01972 ( 1)
 286 A   0.68575 0.04357 0.25216 0.01852 ( 1)
 287 Y   0.65006 0.06792 0.25315 0.02887 ( 1)
 288 W   0.61503 0.09496 0.24965 0.04036 ( 1)
 289 E   0.64276 0.07334 0.25272 0.03118 ( 1)
 290 K   0.65340 0.06543 0.25336 0.02781 ( 1)
 291 T   0.69636 0.03617 0.25210 0.01537 ( 1)
 292 F   0.64665 0.07041 0.25301 0.02993 ( 1)
 293 K   0.65340 0.06543 0.25336 0.02781 ( 1)
 294 I   0.65562 0.06379 0.25347 0.02712 ( 1)
 295 D   0.62903 0.08388 0.25144 0.03565 ( 1)
 296 L   0.64732 0.06994 0.25301 0.02973 ( 1)
 297 F   0.64665 0.07041 0.25301 0.02993 ( 1)
 298 K   0.65340 0.06543 0.25336 0.02781 ( 1)
 299 P   0.64902 0.06856 0.25327 0.02915 ( 1)
 300 Q   0.64161 0.07424 0.25259 0.03156 ( 1)
 301 I   0.65562 0.06379 0.25347 0.02712 ( 1)
 302 G   0.69074 0.03979 0.25257 0.01691 ( 1)
 303 V   0.63817 0.07683 0.25234 0.03266 ( 1)
 304 V   0.63817 0.07683 0.25234 0.03266 ( 1)
 305 N   0.71770 0.02418 0.24784 0.01028 ( 1)
 306 V   0.68051 0.04641 0.25335 0.01973 ( 1)
 307 T   0.65833 0.06182 0.25357 0.02628 ( 1)
 308 D   0.62032 0.09083 0.25025 0.03861 ( 1)
 309 A   0.66254 0.05922 0.25307 0.02517 ( 1)
 310 D   0.62775 0.08513 0.25093 0.03619 ( 1)
 311 S   0.64558 0.07156 0.25244 0.03042 ( 1)
 312 V   0.67770 0.04877 0.25280 0.02073 ( 1)
 313 W   0.61398 0.09600 0.24922 0.04081 ( 1)
 314 M   0.70215 0.03335 0.25032 0.01418 ( 1)
 315 E   0.63370 0.08054 0.25153 0.03424 ( 1)
 316 I   0.65405 0.06531 0.25287 0.02776 ( 1)
 317 P   0.64752 0.06984 0.25295 0.02969 ( 1)
 318 D   0.08548 0.21996 0.60105 0.09350 ( 3)
 319 G   0.72354 0.02186 0.24531 0.00929 ( 1)
 320 D   0.61965 0.09148 0.24998 0.03889 ( 1)
 321 D   0.16169 0.54291 0.06463 0.23078 ( 2)
 322 L   0.59882 0.10821 0.24698 0.04600 ( 1)
 323 P   0.66017 0.06084 0.25313 0.02586 ( 1)
 324 T   0.65675 0.06336 0.25296 0.02693 ( 1)
 325 A   0.66270 0.05907 0.25313 0.02511 ( 1)
 326 E   0.63368 0.08055 0.25152 0.03424 ( 1)
 327 E   0.63368 0.08055 0.25152 0.03424 ( 1)
 328 L   0.59863 0.10839 0.24690 0.04608 ( 1)
 329 E   0.64132 0.07475 0.25215 0.03178 ( 1)
 330 D   0.62775 0.08513 0.25093 0.03619 ( 1)
 331 W   0.61398 0.09600 0.24922 0.04081 ( 1)
 332 I   0.09886 0.17013 0.65869 0.07232 ( 3)
 333 E   0.63368 0.08055 0.25152 0.03424 ( 1)
 334 D   0.62014 0.09124 0.24984 0.03878 ( 1)
 335 V   0.63677 0.07820 0.25179 0.03324 ( 1)
 336 L   0.69020 0.04064 0.25188 0.01728 ( 1)
 337 S   0.69660 0.03675 0.25102 0.01562 ( 1)
 338 G   0.69364 0.03851 0.25148 0.01637 ( 1)
 339 K   0.65185 0.06693 0.25276 0.02845 ( 1)
 340 I   0.72955 0.01893 0.24347 0.00805 ( 1)
 341 N   0.11498 0.11455 0.72178 0.04869 ( 3)
 342 T   0.69442 0.03802 0.25140 0.01616 ( 1)
 343 E   0.63435 0.07990 0.25179 0.03396 ( 1)
 344 D   0.19965 0.50510 0.08054 0.21471 ( 2)
 345 D   0.20160 0.50309 0.08146 0.21385 ( 2)
 346 D   0.62705 0.08550 0.25111 0.03634 ( 1)
 347 N   0.00015 0.70157 0.00005 0.29822 ( 2)
 348 E   0.23240 0.47437 0.09159 0.20164 ( 2)
 349 D   0.19998 0.50469 0.08080 0.21453 ( 2)
 350 E   0.64062 0.07502 0.25246 0.03189 ( 1)
 351 E   0.00106 0.69598 0.00712 0.29584 ( 2)
 352 D   0.19589 0.50872 0.07915 0.21625 ( 2)
 353 E   0.64057 0.07508 0.25244 0.03191 ( 1)
 354 E   0.21892 0.48700 0.08707 0.20701 ( 2)
 355 D   0.01585 0.68611 0.00638 0.29165 ( 2)
 356 D   0.62775 0.08513 0.25093 0.03619 ( 1)
 357 D   0.09146 0.20809 0.61200 0.08845 ( 3)
 358 D   0.62770 0.08518 0.25091 0.03621 ( 1)
 359 D   0.08506 0.22411 0.59557 0.09526 ( 3)
 360 D   0.19939 0.50546 0.08029 0.21486 ( 2)
 361 D   0.62775 0.08513 0.25093 0.03619 ( 1)
 362 N   0.00001 0.70171 0.00000 0.29828 ( 2)
 363 D   0.61774 0.08746 0.25762 0.03718 ( 1)
 364 N   0.68623 0.02817 0.27362 0.01197 ( 1)
 365 S   0.67218 0.03949 0.27154 0.01679 ( 1)
 366 D   0.61750 0.08770 0.25752 0.03728 ( 1)
 367 E   0.62656 0.07794 0.26237 0.03313 ( 1)
 368 E   0.01543 0.61290 0.11113 0.26053 ( 2)
 369 D   0.00127 0.70047 0.00051 0.29775 ( 2)
 370 D   0.08959 0.21891 0.59844 0.09305 ( 3)
 371 D   0.62775 0.08513 0.25093 0.03619 ( 1)
 372 S   0.00007 0.69568 0.00852 0.29572 ( 2)
 373 D   0.01412 0.62211 0.09932 0.26445 ( 2)
 374 D   0.09135 0.20791 0.61237 0.08838 ( 3)
 375 D   0.19433 0.51035 0.07837 0.21694 ( 2)
 376 E   0.00092 0.70081 0.00037 0.29790 ( 2)
 377 D   0.62519 0.08733 0.25036 0.03712 ( 1)


lnL = -3074.384075

