Supplemental results for CODEML (seqf: /home/leticiamagpali/phd/evol_models/codeml/big_dataset/cml_align/CASQ2_codon_aligned.phy  treef: /home/leticiamagpali/phd/evol_models/codeml/big_dataset/cml_trees/gene_trees/H2_gene_trees/CASQ2_tree_H2.tre)

I	J	ij	2Ns_IJ	pMut_IJ	pSub_IJ	2Ns_JI	pMut_JI	pSub_JI

TTC	TTT	CT	0.85827	0.13308	0.19826	-0.85827	0.31395	0.19826
TTA	TTT	AT	7.29416	0.00003	0.00025	-7.29416	0.05050	0.00025
TTA	TTC	AC	6.43589	0.00006	0.00038	-6.43589	0.03706	0.00038
TTG	TTT	GT	0.66104	0.01960	0.02678	-0.66104	0.03795	0.02678
TTG	TTC	GC	-0.19724	0.03393	0.03069	0.19724	0.02785	0.03069
TTG	TTA	GA	-6.63312	0.12920	0.00113	6.63312	0.00017	0.00113
TCT	TTT	CT	2.07530	0.03941	0.09352	-2.07530	0.31395	0.09352
TCC	TTC	CT	1.82255	0.03724	0.08095	-1.82255	0.23040	0.08095
TCC	TCT	CT	0.60553	0.03724	0.04964	-0.60553	0.06822	0.04964
TCA	TTA	CT	-4.52630	0.02672	0.00132	4.52630	0.00029	0.00132
TCA	TCT	AT	0.69256	0.00549	0.00761	-0.69256	0.01098	0.00761
TCA	TCC	AC	0.08703	0.00951	0.00993	-0.08703	0.01037	0.00993
TCG	TTG	CT	6.20311	0.00033	0.00208	-6.20311	0.16507	0.00208
TCG	TCT	GT	4.78885	0.00007	0.00033	-4.78885	0.00825	0.00033
TCG	TCC	GC	4.18332	0.00012	0.00050	-4.18332	0.00779	0.00050
TCG	TCA	GA	4.09629	0.00045	0.00189	-4.09629	0.02721	0.00189
TAT	TTT	AT	1.31022	0.01362	0.02444	-1.31022	0.05050	0.02444
TAT	TCT	AC	-0.76507	0.02359	0.01570	0.76507	0.01098	0.01570
TAC	TTC	AT	0.63039	0.01973	0.02660	-0.63039	0.03706	0.02660
TAC	TCC	AC	-1.19217	0.03416	0.01775	1.19217	0.01037	0.01775
TAC	TAT	CT	0.17844	0.09601	0.10483	-0.17844	0.11477	0.10483
TGT	TTT	GT	3.39751	0.00127	0.00446	-3.39751	0.03795	0.00446
TGT	TCT	GC	1.32221	0.00220	0.00396	-1.32221	0.00825	0.00396
TGT	TAT	GA	2.08728	0.00837	0.01995	-2.08728	0.06751	0.01995
TGC	TTC	GT	1.87874	0.00426	0.00944	-1.87874	0.02785	0.00944
TGC	TCC	GC	0.05619	0.00737	0.00758	-0.05619	0.00779	0.00758
TGC	TAC	GA	1.24835	0.02806	0.04912	-1.24835	0.09777	0.04912
TGC	TGT	CT	-0.66049	0.02071	0.01461	0.66049	0.01070	0.01461
TGG	TTG	GT	0.46292	0.01256	0.01569	-0.46292	0.01995	0.01569
TGG	TCG	GC	-5.74019	0.02175	0.00040	5.74019	0.00007	0.00040
TGG	TGT	GT	-2.27355	0.01256	0.00328	2.27355	0.00129	0.00328
TGG	TGC	GC	-1.61305	0.02175	0.00873	1.61305	0.00433	0.00873
CTT	TTT	CT	1.82210	0.05076	0.11033	-1.82210	0.31395	0.11033
CTC	TTC	CT	1.27389	0.06445	0.11400	-1.27389	0.23040	0.11400
CTC	CTT	CT	0.31006	0.06445	0.07496	-0.31006	0.08788	0.07496
CTA	TTA	CT	-4.84020	0.03657	0.00141	4.84020	0.00029	0.00141
CTA	CTT	AT	0.63186	0.00752	0.01014	-0.63186	0.01414	0.01014
CTA	CTC	AC	0.32180	0.01301	0.01522	-0.32180	0.01795	0.01522
CTG	TTG	CT	-0.09951	0.18234	0.17342	0.09951	0.16507	0.17342
CTG	CTT	GT	-1.26057	0.03747	0.01869	1.26057	0.01062	0.01869
CTG	CTC	GC	-1.57063	0.06488	0.02675	1.57063	0.01349	0.02675
CTG	CTA	GA	-1.89243	0.24710	0.08298	1.89243	0.03724	0.08298
CCT	TCT	CT	0.60553	0.03724	0.04964	-0.60553	0.06822	0.04964
CCT	CTT	CT	0.85873	0.03724	0.05548	-0.85873	0.08788	0.05548
CCC	TCC	CT	-0.20094	0.07881	0.07116	0.20094	0.06447	0.07116
CCC	CTC	CT	0.34773	0.07881	0.09331	-0.34773	0.11159	0.09331
CCC	CCT	CT	-0.20094	0.07881	0.07116	0.20094	0.06447	0.07116
CCA	TCA	CT	-0.46273	0.07347	0.05778	0.46273	0.04625	0.05778
CCA	CTA	CT	-0.14883	0.07347	0.06814	0.14883	0.06331	0.06814
CCA	CCT	AT	-0.37570	0.01510	0.01244	0.37570	0.01037	0.01244
CCA	CCC	AC	-0.17476	0.02614	0.02392	0.17476	0.02195	0.02392
CCG	TCG	CT	-3.10179	0.01286	0.00188	3.10179	0.00058	0.00188
CCG	CTG	CT	3.20083	0.01286	0.04290	-3.20083	0.31568	0.04290
CCG	CCT	GT	1.08153	0.00264	0.00432	-1.08153	0.00779	0.00432
CCG	CCC	GC	1.28247	0.00457	0.00812	-1.28247	0.01649	0.00812
CCG	CCA	GA	1.45724	0.01742	0.03310	-1.45724	0.07482	0.03310
CAT	TAT	CT	1.07322	0.03924	0.06399	-1.07322	0.11477	0.06399
CAT	CTT	AT	0.56134	0.00806	0.01054	-0.56134	0.01414	0.01054
CAT	CCT	AC	-0.29738	0.01396	0.01199	0.29738	0.01037	0.01199
CAC	TAC	CT	1.49159	0.03740	0.07199	-1.49159	0.16623	0.07199
CAC	CTC	AT	0.84809	0.00769	0.01140	-0.84809	0.01795	0.01140
CAC	CCC	AC	0.50036	0.01331	0.01691	-0.50036	0.02195	0.01691
CAC	CAT	CT	0.59681	0.03740	0.04967	-0.59681	0.06794	0.04967
CAA	CTA	AT	0.32700	0.00734	0.00861	-0.32700	0.01018	0.00861
CAA	CCA	AC	0.47583	0.01271	0.01598	-0.47583	0.02046	0.01598
CAA	CAT	AT	0.39751	0.00734	0.00890	-0.39751	0.01093	0.00890
CAA	CAC	AC	-0.19930	0.01271	0.01149	0.19930	0.01042	0.01149
CAG	CTG	AT	1.13006	0.01640	0.02738	-1.13006	0.05078	0.02738
CAG	CCG	AC	-2.07077	0.02840	0.00849	2.07077	0.00358	0.00849
CAG	CAT	GT	-0.69186	0.01640	0.01138	0.69186	0.00821	0.01138
CAG	CAC	GC	-1.28867	0.02840	0.01393	1.28867	0.00783	0.01393
CAG	CAA	GA	-1.08937	0.10816	0.05974	1.08937	0.03639	0.05974
CGT	TGT	CT	0.15246	0.00918	0.00990	-0.15246	0.01070	0.00990
CGT	CTT	GT	1.72786	0.00189	0.00397	-1.72786	0.01062	0.00397
CGT	CCT	GC	0.86914	0.00327	0.00489	-0.86914	0.00779	0.00489
CGT	CAT	GA	1.16652	0.01245	0.02108	-1.16652	0.03996	0.02108
CGC	TGC	CT	-0.41775	0.05443	0.04385	0.41775	0.03585	0.04385
CGC	CTC	GT	0.18711	0.01119	0.01227	-0.18711	0.01349	0.01227
CGC	CCC	GC	-0.16062	0.01937	0.01786	0.16062	0.01649	0.01786
CGC	CAC	GA	-0.66099	0.07377	0.05205	0.66099	0.03809	0.05205
CGC	CGT	CT	-1.23069	0.05443	0.02764	1.23069	0.01590	0.02764
CGA	CTA	GT	8.96106	0.00000	0.00000	-8.96106	0.00765	0.00001
CGA	CCA	GC	9.10990	0.00000	0.00000	-9.10990	0.01538	0.00002
CGA	CAA	GA	8.63407	0.00000	0.00000	-8.63407	0.03639	0.00006
CGA	CGT	AT	7.86506	0.00000	0.00000	-7.86506	0.00256	0.00001
CGA	CGC	AC	9.09575	0.00000	0.00000	-9.09575	0.01516	0.00002
CGG	TGG	CT	2.10770	0.01286	0.03085	-2.10770	0.10581	0.03085
CGG	CTG	GT	2.67013	0.00264	0.00758	-2.67013	0.03816	0.00758
CGG	CCG	GC	-0.53070	0.00457	0.00347	0.53070	0.00269	0.00347
CGG	CAG	GA	1.54007	0.01742	0.03415	-1.54007	0.08128	0.03415
CGG	CGT	GT	-0.31830	0.00264	0.00224	0.31830	0.00192	0.00224
CGG	CGC	GC	0.91239	0.00457	0.00697	-0.91239	0.01139	0.00697
CGG	CGA	GA	-8.18336	0.01742	0.00004	8.18336	0.00000	0.00000
ATT	TTT	AT	0.71213	0.02478	0.03464	-0.71213	0.05050	0.03464
ATT	CTT	AC	-1.10997	0.04290	0.02341	1.10997	0.01414	0.02341
ATC	TTC	AT	0.26092	0.02855	0.03244	-0.26092	0.03706	0.03244
ATC	CTC	AC	-1.01296	0.04943	0.02855	1.01296	0.01795	0.02855
ATC	ATT	CT	0.40706	0.13893	0.16911	-0.40706	0.20872	0.16911
ATA	TTA	AT	-4.12691	0.00288	0.00020	4.12691	0.00005	0.00020
ATA	CTA	AC	0.71329	0.00499	0.00698	-0.71329	0.01018	0.00698
ATA	ATT	AT	2.45511	0.00288	0.00774	-2.45511	0.03358	0.00774
ATA	ATC	AC	2.04805	0.00499	0.01173	-2.04805	0.03869	0.01173
ATG	TTG	AT	0.78766	0.01208	0.01746	-0.78766	0.02655	0.01746
ATG	CTG	AC	0.88717	0.02091	0.03154	-0.88717	0.05078	0.03154
ATG	ATT	GT	0.73656	0.01208	0.01707	-0.73656	0.02523	0.01707
ATG	ATC	GC	0.32950	0.02091	0.02455	-0.32950	0.02908	0.02455
ATG	ATA	GA	-1.71855	0.07965	0.02991	1.71855	0.01428	0.02991
ACT	TCT	AT	0.07737	0.01016	0.01056	-0.07737	0.01098	0.01056
ACT	CCT	AC	-0.52816	0.01759	0.01335	0.52816	0.01037	0.01335
ACT	ATT	CT	1.44054	0.04943	0.09329	-1.44054	0.20872	0.09329
ACC	TCC	AT	0.25575	0.00803	0.00910	-0.25575	0.01037	0.00910
ACC	CCC	AC	0.45669	0.01390	0.01732	-0.45669	0.02195	0.01732
ACC	ATC	CT	1.81738	0.03907	0.08478	-1.81738	0.24052	0.08478
ACC	ACT	CT	0.78391	0.03907	0.05637	-0.78391	0.08557	0.05637
ACA	TCA	AT	-0.47025	0.01191	0.00933	0.47025	0.00744	0.00933
ACA	CCA	AC	-0.00752	0.02062	0.02054	0.00752	0.02046	0.02054
ACA	ATA	CT	-0.86964	0.05794	0.03635	0.86964	0.02428	0.03635
ACA	ACT	AT	0.14494	0.01191	0.01279	-0.14494	0.01377	0.01279
ACA	ACC	AC	-0.63897	0.02062	0.01473	0.63897	0.01088	0.01473
ACG	TCG	AT	-3.39740	0.00278	0.00033	3.39740	0.00009	0.00033
ACG	CCG	AC	-0.29561	0.00481	0.00414	0.29561	0.00358	0.00414
ACG	ATG	CT	2.01805	0.01353	0.03148	-2.01805	0.10176	0.03148
ACG	ACT	GT	1.31408	0.00278	0.00500	-1.31408	0.01034	0.00500
ACG	ACC	GC	0.53017	0.00481	0.00620	-0.53017	0.00818	0.00620
ACG	ACA	GA	1.16914	0.01833	0.03108	-1.16914	0.05900	0.03108
AAT	TAT	AT	0.57411	0.01040	0.01367	-0.57411	0.01846	0.01367
AAT	CAT	AC	-0.49912	0.01800	0.01388	0.49912	0.01093	0.01388
AAT	ATT	AT	1.17219	0.01040	0.01766	-1.17219	0.03358	0.01766
AAT	ACT	AC	-0.26834	0.01800	0.01569	0.26834	0.01377	0.01569
AAC	TAC	AT	0.30739	0.01966	0.02284	-0.30739	0.02674	0.02284
AAC	CAC	AC	-1.18421	0.03404	0.01777	1.18421	0.01042	0.01777
AAC	ATC	AT	0.67685	0.01966	0.02706	-0.67685	0.03869	0.02706
AAC	ACC	AC	-1.14053	0.03404	0.01824	1.14053	0.01088	0.01824
AAC	AAT	CT	-0.08828	0.09568	0.09152	0.08828	0.08759	0.09152
AAA	CAA	AC	-1.51231	0.04515	0.01931	1.51231	0.00995	0.01931
AAA	ATA	AT	-1.89860	0.02608	0.00872	1.89860	0.00391	0.00872
AAA	ACA	AC	-1.02896	0.04515	0.02584	1.02896	0.01614	0.02584
AAA	AAT	AT	-0.61568	0.02608	0.01887	0.61568	0.01409	0.01887
AAA	AAC	AC	-0.52740	0.04515	0.03429	0.52740	0.02665	0.03429
AAG	CAG	AC	-1.17125	0.07171	0.03773	1.17125	0.02223	0.03773
AAG	ATG	AT	-0.92836	0.04142	0.02513	0.92836	0.01637	0.02513
AAG	ACG	AC	-2.94641	0.07171	0.01171	2.94641	0.00377	0.01171
AAG	AAT	GT	-1.36399	0.04142	0.01940	1.36399	0.01059	0.01940
AAG	AAC	GC	-1.27571	0.07171	0.03544	1.27571	0.02002	0.03544
AAG	AAA	GA	-0.74831	0.27312	0.18356	0.74831	0.12923	0.18356
AGT	TGT	AT	-2.25479	0.01640	0.00433	2.25479	0.00172	0.00433
AGT	CGT	AC	-2.40725	0.02840	0.00677	2.40725	0.00256	0.00677
AGT	ATT	GT	0.43058	0.01640	0.02019	-0.43058	0.02523	0.02019
AGT	ACT	GC	-1.00995	0.02840	0.01643	1.00995	0.01034	0.01643
AGT	AAT	GA	-0.74161	0.10816	0.07297	0.74161	0.05152	0.07297
AGC	TGC	AT	-0.05197	0.00607	0.00592	0.05197	0.00577	0.00592
AGC	CGC	AC	0.36578	0.01052	0.01256	-0.36578	0.01516	0.01256
AGC	ATC	GT	1.56585	0.00607	0.01202	-1.56585	0.02908	0.01202
AGC	ACC	GC	-0.25153	0.01052	0.00925	0.25153	0.00818	0.00925
AGC	AAC	GA	0.88900	0.04005	0.06046	-0.88900	0.09743	0.06046
AGC	AGT	CT	1.54233	0.02956	0.05799	-1.54233	0.13818	0.05799
AGA	CGA	AC	-8.34209	0.00558	0.00001	8.34209	0.00000	0.00000
AGA	ATA	GT	-0.09431	0.00323	0.00308	0.09431	0.00294	0.00308
AGA	ACA	GC	0.77533	0.00558	0.00803	-0.77533	0.01213	0.00803
AGA	AAA	GA	1.80429	0.02127	0.04594	-1.80429	0.12923	0.04594
AGA	AGT	AT	1.93022	0.00323	0.00728	-1.93022	0.02223	0.00728
AGA	AGC	AC	0.38789	0.00558	0.00674	-0.38789	0.00823	0.00674
AGG	TGG	AT	1.11279	0.00559	0.00927	-1.11279	0.01702	0.00927
AGG	CGG	AC	-0.99491	0.00968	0.00565	0.99491	0.00358	0.00565
AGG	ATG	GT	0.78805	0.00559	0.00808	-0.78805	0.01230	0.00808
AGG	ACG	GC	-1.23000	0.00968	0.00492	1.23000	0.00283	0.00492
AGG	AAG	GA	1.71641	0.03688	0.07718	-1.71641	0.20524	0.07718
AGG	AGT	GT	1.09403	0.00559	0.00920	-1.09403	0.01670	0.00920
AGG	AGC	GC	-0.44830	0.00968	0.00768	0.44830	0.00619	0.00768
AGG	AGA	GA	-0.83619	0.03688	0.02359	0.83619	0.01598	0.02359
GTT	TTT	GT	0.75460	0.01785	0.02542	-0.75460	0.03795	0.02542
GTT	CTT	GC	-1.06750	0.03090	0.01728	1.06750	0.01062	0.01728
GTT	ATT	GA	0.04246	0.11766	0.12018	-0.04246	0.12277	0.12018
GTC	TTC	GT	0.52524	0.01647	0.02118	-0.52524	0.02785	0.02118
GTC	CTC	GC	-0.74865	0.02852	0.01916	0.74865	0.01349	0.01916
GTC	ATC	GA	0.26431	0.10861	0.12360	-0.26431	0.14147	0.12360
GTC	GTT	CT	0.62891	0.08015	0.10798	-0.62891	0.15033	0.10798
GTA	TTA	GT	-3.71950	0.00144	0.00013	3.71950	0.00003	0.00013
GTA	CTA	GC	1.12070	0.00250	0.00415	-1.12070	0.00765	0.00415
GTA	ATA	GA	0.40741	0.00950	0.01157	-0.40741	0.01428	0.01157
GTA	GTT	AT	2.82006	0.00144	0.00432	-2.82006	0.02418	0.00432
GTA	GTC	AC	2.19115	0.00250	0.00616	-2.19115	0.02232	0.00616
GTG	TTG	GT	-0.56102	0.03497	0.02607	0.56102	0.01995	0.02607
GTG	CTG	GC	-0.46151	0.06054	0.04764	0.46151	0.03816	0.04764
GTG	ATG	GA	-1.34868	0.23058	0.10902	1.34868	0.05985	0.10902
GTG	GTT	GT	-0.65458	0.03497	0.02476	0.65458	0.01817	0.02476
GTG	GTC	GC	-1.28349	0.06054	0.02978	1.28349	0.01677	0.02978
GTG	GTA	GA	-3.47464	0.23058	0.02561	3.47464	0.00714	0.02561
GCT	TCT	GT	-0.84057	0.01911	0.01219	0.84057	0.00825	0.01219
GCT	CCT	GC	-1.44610	0.03309	0.01474	1.44610	0.00779	0.01474
GCT	ACT	GA	-0.91794	0.12604	0.07692	0.91794	0.05033	0.07692
GCT	GTT	CT	0.48013	0.09301	0.11711	-0.48013	0.15033	0.11711
GCC	TCC	GT	-0.28509	0.01036	0.00896	0.28509	0.00779	0.00896
GCC	CCC	GC	-0.08415	0.01794	0.01720	0.08415	0.01649	0.01720
GCC	ACC	GA	-0.54084	0.06834	0.05151	0.54084	0.03979	0.05151
GCC	GTC	CT	1.01223	0.05043	0.08018	-1.01223	0.13876	0.08018
GCC	GCT	CT	1.16101	0.05043	0.08524	-1.16101	0.16102	0.08524
GCA	TCA	GT	-0.62039	0.01040	0.00750	0.62039	0.00559	0.00750
GCA	CCA	GC	-0.15766	0.01800	0.01662	0.15766	0.01538	0.01662
GCA	ACA	GA	-0.15014	0.06856	0.06354	0.15014	0.05900	0.06354
GCA	GTA	CT	-1.42719	0.05059	0.02280	1.42719	0.01214	0.02280
GCA	GCT	AT	0.91273	0.01040	0.01586	-0.91273	0.02590	0.01586
GCA	GCC	AC	-0.24827	0.01800	0.01586	0.24827	0.01404	0.01586
GCG	TCG	GT	-4.69136	0.00762	0.00033	4.69136	0.00007	0.00033
GCG	CCG	GC	-1.58957	0.01319	0.00537	1.58957	0.00269	0.00537
GCG	ACG	GA	-1.29396	0.05023	0.02455	1.29396	0.01377	0.02455
GCG	GTG	CT	2.07277	0.03707	0.08790	-2.07277	0.29458	0.08790
GCG	GCT	GT	0.93806	0.00762	0.01174	-0.93806	0.01947	0.01174
GCG	GCC	GC	-0.22295	0.01319	0.01177	0.22295	0.01055	0.01177
GCG	GCA	GA	0.02532	0.05023	0.05087	-0.02532	0.05152	0.05087
GAT	TAT	GT	-1.59328	0.06826	0.02774	1.59328	0.01387	0.02774
GAT	CAT	GC	-2.66650	0.11817	0.02353	2.66650	0.00821	0.02353
GAT	AAT	GA	-2.16739	0.45007	0.12610	2.16739	0.05152	0.12610
GAT	GTT	AT	-1.03766	0.06826	0.03886	1.03766	0.02418	0.03886
GAT	GCT	AC	-1.51779	0.11817	0.05035	1.51779	0.02590	0.05035
GAC	TAC	GT	-1.40567	0.08195	0.03742	1.40567	0.02009	0.03742
GAC	CAC	GC	-2.89727	0.14188	0.02400	2.89727	0.00783	0.02400
GAC	AAC	GA	-1.71306	0.54035	0.20362	1.71306	0.09743	0.20362
GAC	GTC	AT	-1.30052	0.08195	0.03990	1.30052	0.02232	0.03990
GAC	GCC	AC	-2.31275	0.14188	0.03605	2.31275	0.01404	0.03605
GAC	GAT	CT	0.36605	0.39874	0.47617	-0.36605	0.57500	0.47617
GAA	CAA	GC	-2.30834	0.07522	0.01917	2.30834	0.00748	0.01917
GAA	AAA	GA	-0.79603	0.28647	0.18742	0.79603	0.12923	0.18742
GAA	GTA	AT	-3.10205	0.04345	0.00634	3.10205	0.00195	0.00634
GAA	GCA	AC	-1.67485	0.07522	0.02904	1.67485	0.01409	0.02904
GAA	GAT	AT	0.75567	0.04345	0.06191	-0.75567	0.09250	0.06191
GAA	GAC	AC	0.38963	0.07522	0.09082	-0.38963	0.11105	0.09082
GAG	CAG	GC	-2.15385	0.14396	0.04070	2.15385	0.01670	0.04070
GAG	AAG	GA	-0.98260	0.54827	0.32232	0.98260	0.20524	0.32232
GAG	GTG	AT	-0.56228	0.08315	0.06195	0.56228	0.04739	0.06195
GAG	GCG	AC	-2.63505	0.14396	0.02931	2.63505	0.01032	0.02931
GAG	GAT	GT	-0.17921	0.08315	0.07592	0.17921	0.06951	0.07592
GAG	GAC	GC	-0.54525	0.14396	0.10826	0.54525	0.08345	0.10826
GAG	GAA	GA	-0.93488	0.54827	0.33135	0.93488	0.21527	0.33135
GGT	TGT	GT	-1.45851	0.00556	0.00246	1.45851	0.00129	0.00246
GGT	CGT	GC	-1.61097	0.00963	0.00387	1.61097	0.00192	0.00387
GGT	AGT	GA	0.79628	0.03666	0.05317	-0.79628	0.08128	0.05317
GGT	GTT	GT	1.18440	0.00556	0.00949	-1.18440	0.01817	0.00949
GGT	GCT	GC	0.70427	0.00963	0.01341	-0.70427	0.01947	0.01341
GGT	GAT	GA	2.22206	0.03666	0.09136	-2.22206	0.33821	0.09136
GGC	TGC	GT	-1.03929	0.01225	0.00697	1.03929	0.00433	0.00697
GGC	CGC	GC	-0.62154	0.02121	0.01530	0.62154	0.01139	0.01530
GGC	AGC	GA	-0.98732	0.08078	0.04736	0.98732	0.03010	0.04736
GGC	GTC	GT	0.31422	0.01225	0.01428	-0.31422	0.01677	0.01428
GGC	GCC	GC	-0.69801	0.02121	0.01466	0.69801	0.01055	0.01466
GGC	GAC	GA	1.61474	0.08078	0.16284	-1.61474	0.40605	0.16284
GGC	GGT	CT	-0.24127	0.05961	0.05271	0.24127	0.04683	0.05271
GGA	CGA	GC	-9.14077	0.00933	0.00001	9.14077	0.00000	0.00000
GGA	AGA	GA	-0.79869	0.03553	0.02321	0.79869	0.01598	0.02321
GGA	GTA	GT	-1.30041	0.00539	0.00262	1.30041	0.00147	0.00262
GGA	GCA	GC	0.12678	0.00933	0.00993	-0.12678	0.01059	0.00993
GGA	GAA	GA	1.80164	0.03553	0.07665	-1.80164	0.21527	0.07665
GGA	GGT	AT	0.33525	0.00539	0.00634	-0.33525	0.00753	0.00634
GGA	GGC	AC	0.57652	0.00933	0.01227	-0.57652	0.01660	0.01227
GGG	TGG	GT	0.12779	0.01126	0.01199	-0.12779	0.01279	0.01199
GGG	CGG	GC	-1.97991	0.01949	0.00618	1.97991	0.00269	0.00618
GGG	AGG	GA	-0.98500	0.07422	0.04357	0.98500	0.02772	0.04357
GGG	GTG	GT	1.15173	0.01126	0.01896	-1.15173	0.03561	0.01896
GGG	GCG	GC	-0.92104	0.01949	0.01187	0.92104	0.00776	0.01187
GGG	GAG	GA	1.71401	0.07422	0.15516	-1.71401	0.41201	0.15516
GGG	GGT	GT	-0.68725	0.01126	0.00783	0.68725	0.00566	0.00783
GGG	GGC	GC	-0.44598	0.01949	0.01546	0.44598	0.01248	0.01546
GGG	GGA	GA	-1.02250	0.07422	0.04263	1.02250	0.02670	0.04263


Histograms
2Ns	FMut	FSub(CodonUsage)	FSubw(after w)

-8.70550	0.00353	0.00001
-7.83495	0.00079	0.00000
-6.96440	0.00710	0.00007
-6.09385	0.00884	0.00015
-5.22330	0.00177	0.00009
-4.35275	0.00285	0.00022
-3.48220	0.02547	0.00422
-2.61165	0.04766	0.01422
-1.74110	0.24876	0.11925
-0.87055	0.28217	0.23099
0.00000	0.20271	0.26159
0.87055	0.11968	0.23099
1.74110	0.04355	0.11925
2.61165	0.00408	0.01422
3.48220	0.00095	0.00422
4.35275	0.00004	0.00022
5.22330	0.00001	0.00009
6.09385	0.00002	0.00015
6.96440	0.00001	0.00007
7.83495	0.00000	0.00000
8.70550	0.00000	0.00000

Proportion of advantageous (S > 0) mutations:
 0.25711

Proportions of good & bad mutations (|S| > 2.0000) among mutations:
0.01253  0.15904

mean |Ns| = 1.29299	mean Ns+ = 0.81313	mean Ns- = -1.45907


MLEs of dN/dS (w) for site classes (K=4)

site class             0        1       2a       2b
proportion       0.71249  0.17414  0.09111  0.02227
background w     0.05812  1.00000  0.05812  1.00000
foreground w     0.05812  1.00000  1.36135  1.36135

Naive Empirical Bayes (NEB) probabilities for 4 classes
(amino acids refer to 1st sequence: Bacu)

   1 M   0.87770 0.04403 0.07327 0.00501 ( 1)
   2 K   0.31525 0.58245 0.03226 0.07005 ( 2)
   3 R   0.54899 0.36816 0.04200 0.04085 ( 1)
   4 T   0.87510 0.04581 0.07386 0.00522 ( 1)
   5 H   0.55129 0.36533 0.04270 0.04068 ( 1)
   6 L   0.75278 0.14017 0.08948 0.01757 ( 1)
   7 F   0.78911 0.11039 0.08695 0.01355 ( 1)
   8 V   0.28150 0.61351 0.03022 0.07477 ( 2)
   9 M   0.29639 0.59881 0.03182 0.07298 ( 2)
  10 A   0.00261 0.85653 0.00551 0.13535 ( 2)
  11 V   0.84938 0.06399 0.07913 0.00750 ( 1)
  12 Y   0.80958 0.09420 0.08482 0.01140 ( 1)
  13 L   0.75278 0.14017 0.08948 0.01757 ( 1)
  14 L   0.75278 0.14017 0.08948 0.01757 ( 1)
  15 S   0.88234 0.04094 0.07209 0.00463 ( 1)
  16 T   0.50628 0.40642 0.04137 0.04593 ( 1)
  17 C   0.90047 0.02940 0.06689 0.00324 ( 1)
  18 R   0.42102 0.49168 0.03258 0.05473 ( 2)
  19 A   0.83090 0.07721 0.08268 0.00922 ( 1)
  20 E   0.16487 0.36192 0.41322 0.05999 ( 3)
  21 E   0.79825 0.10274 0.08646 0.01255 ( 1)
  22 G   0.87056 0.04824 0.07565 0.00555 ( 1)
  23 L   0.75668 0.13629 0.08994 0.01708 ( 1)
  24 N   0.45631 0.45207 0.03966 0.05197 ( 1)
  25 F   0.81251 0.09143 0.08500 0.01106 ( 1)
  26 P   0.83114 0.07700 0.08267 0.00919 ( 1)
  27 T   0.87753 0.04344 0.07407 0.00495 ( 1)
  28 Y   0.81656 0.08830 0.08448 0.01065 ( 1)
  29 D   0.79088 0.10865 0.08713 0.01334 ( 1)
  30 G   0.86758 0.05031 0.07630 0.00580 ( 1)
  31 K   0.36116 0.53726 0.03695 0.06462 ( 2)
  32 D   0.79149 0.10840 0.08682 0.01329 ( 1)
  33 R   0.82913 0.07863 0.08284 0.00940 ( 1)
  34 V   0.80411 0.09889 0.08501 0.01200 ( 1)
  35 V   0.85294 0.06117 0.07874 0.00715 ( 1)
  36 S   0.81376 0.09077 0.08451 0.01096 ( 1)
  37 L   0.81454 0.09019 0.08439 0.01088 ( 1)
  38 T   0.87826 0.04333 0.07349 0.00493 ( 1)
  39 E   0.79891 0.10246 0.08612 0.01250 ( 1)
  40 K   0.82166 0.08464 0.08353 0.01016 ( 1)
  41 N   0.86877 0.04991 0.07559 0.00574 ( 1)
  42 F   0.81328 0.09113 0.08458 0.01101 ( 1)
  43 K   0.82166 0.08464 0.08353 0.01016 ( 1)
  44 Q   0.80689 0.09621 0.08524 0.01167 ( 1)
  45 V   0.85443 0.06009 0.07847 0.00701 ( 1)
  46 L   0.23470 0.65692 0.02689 0.08149 ( 2)
  47 K   0.82166 0.08464 0.08353 0.01016 ( 1)
  48 K   0.82349 0.08323 0.08330 0.00998 ( 1)
  49 Y   0.17685 0.34050 0.42680 0.05586 ( 3)
  50 D   0.79149 0.10840 0.08682 0.01329 ( 1)
  51 L   0.77002 0.12604 0.08830 0.01564 ( 1)
  52 L   0.86633 0.05184 0.07586 0.00597 ( 1)
  53 C   0.90682 0.02539 0.06502 0.00277 ( 1)
  54 L   0.86642 0.05175 0.07586 0.00596 ( 1)
  55 Y   0.30262 0.59405 0.03152 0.07180 ( 2)
  56 Y   0.17726 0.34228 0.42444 0.05602 ( 3)
  57 H   0.86397 0.05349 0.07637 0.00618 ( 1)
  58 E   0.79826 0.10311 0.08605 0.01258 ( 1)
  59 P   0.83168 0.07702 0.08212 0.00917 ( 1)
  60 V   0.27795 0.61724 0.02968 0.07512 ( 2)
  61 S   0.87472 0.04603 0.07400 0.00525 ( 1)
  62 S   0.84038 0.06777 0.08376 0.00809 ( 1)
  63 D   0.78044 0.11743 0.08764 0.01449 ( 1)
  64 K   0.82274 0.08397 0.08322 0.01007 ( 1)
  65 A   0.00241 0.89298 0.00022 0.10439 ( 2)
  66 A   0.00015 0.86363 0.00032 0.13590 ( 2)
  67 Q   0.80620 0.09689 0.08516 0.01175 ( 1)
  68 K   0.82274 0.08397 0.08322 0.01007 ( 1)
  69 Q   0.09284 0.35120 0.48854 0.06742 ( 3)
  70 F   0.18002 0.34120 0.42322 0.05557 ( 3)
  71 Q   0.81185 0.09250 0.08448 0.01117 ( 1)
  72 M   0.02054 0.86958 0.00233 0.10755 ( 2)
  73 K   0.82274 0.08397 0.08322 0.01007 ( 1)
  74 E   0.80741 0.09595 0.08500 0.01163 ( 1)
  75 I   0.30609 0.59081 0.03176 0.07134 ( 2)
  76 V   0.19158 0.70246 0.02046 0.08549 ( 2)
  77 L   0.75371 0.13942 0.08940 0.01746 ( 1)
  78 E   0.79791 0.10346 0.08601 0.01262 ( 1)
  79 F   0.78145 0.11296 0.09150 0.01410 ( 1)
  80 D   0.24467 0.64582 0.02879 0.08071 ( 2)
  81 E   0.79638 0.10012 0.09108 0.01241 ( 1)
  82 E   0.79638 0.10012 0.09108 0.01241 ( 1)
  83 G   0.84807 0.05755 0.08744 0.00693 ( 1)
  84 S   0.80104 0.09616 0.09091 0.01190 ( 1)
  85 L   0.20894 0.67960 0.02559 0.08588 ( 2)
  86 Y   0.80434 0.09336 0.09077 0.01153 ( 1)
  87 V   0.37899 0.51805 0.04009 0.06286 ( 2)
  88 L   0.84770 0.05816 0.08713 0.00700 ( 1)
  89 K   0.80801 0.09026 0.09059 0.01113 ( 1)
  90 G   0.88292 0.03162 0.08176 0.00370 ( 1)
  91 D   0.77221 0.12098 0.09165 0.01516 ( 1)
  92 R   0.81358 0.08559 0.09031 0.01053 ( 1)
  93 T   0.31761 0.57626 0.03526 0.07087 ( 2)
  94 I   0.81031 0.08833 0.09048 0.01088 ( 1)
  95 E   0.78796 0.10734 0.09134 0.01336 ( 1)
  96 F   0.78263 0.11210 0.09129 0.01398 ( 1)
  97 D   0.77221 0.12098 0.09165 0.01516 ( 1)
  98 G   0.85000 0.05604 0.08722 0.00674 ( 1)
  99 E   0.78799 0.10731 0.09135 0.01336 ( 1)
 100 F   0.78145 0.11296 0.09150 0.01410 ( 1)
 101 A   0.81934 0.08150 0.08919 0.00997 ( 1)
 102 A   0.81982 0.08040 0.08993 0.00985 ( 1)
 103 D   0.77236 0.12091 0.09158 0.01515 ( 1)
 104 V   0.83588 0.06726 0.08869 0.00817 ( 1)
 105 L   0.76355 0.12857 0.09171 0.01616 ( 1)
 106 V   0.79130 0.10447 0.09125 0.01298 ( 1)
 107 E   0.78796 0.10734 0.09134 0.01336 ( 1)
 108 F   0.78162 0.11279 0.09152 0.01408 ( 1)
 109 L   0.84871 0.05705 0.08737 0.00687 ( 1)
 110 L   0.76355 0.12857 0.09171 0.01616 ( 1)
 111 D   0.78037 0.11403 0.09137 0.01423 ( 1)
 112 L   0.43611 0.46838 0.04062 0.05489 ( 2)
 113 I   0.32924 0.56748 0.03455 0.06873 ( 2)
 114 E   0.80454 0.09626 0.08744 0.01177 ( 1)
 115 D   0.78822 0.10959 0.08866 0.01353 ( 1)
 116 P   0.82061 0.08465 0.08453 0.01020 ( 1)
 117 V   0.80235 0.09941 0.08613 0.01212 ( 1)
 118 E   0.79856 0.10242 0.08650 0.01251 ( 1)
 119 I   0.81372 0.09042 0.08493 0.01094 ( 1)
 120 I   0.81372 0.09042 0.08493 0.01094 ( 1)
 121 N   0.45958 0.44829 0.04042 0.05170 ( 1)
 122 S   0.88895 0.03583 0.07119 0.00403 ( 1)
 123 K   0.82302 0.08319 0.08380 0.00999 ( 1)
 124 L   0.75413 0.13883 0.08964 0.01740 ( 1)
 125 E   0.80809 0.09485 0.08554 0.01152 ( 1)
 126 V   0.85231 0.06113 0.07940 0.00716 ( 1)
 127 Q   0.81215 0.09175 0.08500 0.01110 ( 1)
 128 A   0.86229 0.05393 0.07752 0.00626 ( 1)
 129 F   0.79118 0.10835 0.08717 0.01330 ( 1)
 130 E   0.79856 0.10242 0.08650 0.01251 ( 1)
 131 R   0.82741 0.07979 0.08325 0.00955 ( 1)
 132 I   0.82375 0.08261 0.08372 0.00992 ( 1)
 133 E   0.79856 0.10242 0.08650 0.01251 ( 1)
 134 D   0.79118 0.10836 0.08717 0.01330 ( 1)
 135 H   0.44904 0.45783 0.04010 0.05303 ( 2)
 136 I   0.81372 0.09042 0.08493 0.01094 ( 1)
 137 K   0.82302 0.08319 0.08380 0.00999 ( 1)
 138 L   0.86648 0.05095 0.07668 0.00589 ( 1)
 139 I   0.81649 0.08768 0.08522 0.01060 ( 1)
 140 G   0.86796 0.04995 0.07633 0.00576 ( 1)
 141 F   0.79118 0.10835 0.08717 0.01330 ( 1)
 142 F   0.81286 0.09109 0.08503 0.01102 ( 1)
 143 K   0.82120 0.08460 0.08403 0.01017 ( 1)
 144 S   0.81334 0.09072 0.08497 0.01097 ( 1)
 145 E   0.79881 0.10218 0.08653 0.01248 ( 1)
 146 D   0.79118 0.10836 0.08717 0.01330 ( 1)
 147 S   0.82808 0.07932 0.08311 0.00949 ( 1)
 148 E   0.78944 0.11143 0.08551 0.01362 ( 1)
 149 Y   0.26628 0.62886 0.02837 0.07649 ( 2)
 150 Y   0.80679 0.09521 0.08641 0.01160 ( 1)
 151 K   0.81544 0.08835 0.08551 0.01070 ( 1)
 152 A   0.82818 0.07838 0.08404 0.00941 ( 1)
 153 F   0.78670 0.11144 0.08812 0.01374 ( 1)
 154 E   0.80285 0.09836 0.08678 0.01201 ( 1)
 155 E   0.79374 0.10571 0.08757 0.01298 ( 1)
 156 A   0.82515 0.08074 0.08441 0.00971 ( 1)
 157 A   0.82818 0.07838 0.08404 0.00941 ( 1)
 158 E   0.80285 0.09836 0.08678 0.01201 ( 1)
 159 H   0.85706 0.05667 0.07963 0.00664 ( 1)
 160 F   0.80742 0.09469 0.08636 0.01153 ( 1)
 161 Q   0.80133 0.09963 0.08686 0.01217 ( 1)
 162 P   0.87536 0.04339 0.07626 0.00499 ( 1)
 163 Y   0.80679 0.09521 0.08641 0.01160 ( 1)
 164 I   0.29915 0.59635 0.03193 0.07257 ( 2)
 165 K   0.81719 0.08697 0.08532 0.01052 ( 1)
 166 F   0.78670 0.11144 0.08812 0.01374 ( 1)
 167 F   0.78670 0.11144 0.08812 0.01374 ( 1)
 168 A   0.82818 0.07838 0.08404 0.00941 ( 1)
 169 T   0.86489 0.05104 0.07814 0.00593 ( 1)
 170 F   0.80729 0.09482 0.08634 0.01155 ( 1)
 171 D   0.78669 0.11145 0.08811 0.01374 ( 1)
 172 K   0.81719 0.08697 0.08532 0.01052 ( 1)
 173 G   0.86384 0.05181 0.07833 0.00603 ( 1)
 174 V   0.83828 0.07214 0.08104 0.00854 ( 1)
 175 A   0.81720 0.08816 0.08403 0.01062 ( 1)
 176 K   0.80762 0.09570 0.08508 0.01160 ( 1)
 177 K   0.80929 0.09438 0.08490 0.01143 ( 1)
 178 L   0.76263 0.13203 0.08888 0.01646 ( 1)
 179 S   0.86920 0.04979 0.07530 0.00572 ( 1)
 180 L   0.76263 0.13203 0.08888 0.01646 ( 1)
 181 K   0.80762 0.09570 0.08508 0.01160 ( 1)
 182 M   0.86455 0.05302 0.07630 0.00612 ( 1)
 183 N   0.88044 0.04214 0.07264 0.00478 ( 1)
 184 E   0.78704 0.11206 0.08712 0.01377 ( 1)
 185 V   0.83827 0.07215 0.08104 0.00854 ( 1)
 186 D   0.78043 0.11740 0.08768 0.01449 ( 1)
 187 F   0.79997 0.10172 0.08591 0.01240 ( 1)
 188 Y   0.80368 0.09882 0.08548 0.01201 ( 1)
 189 E   0.78704 0.11206 0.08712 0.01377 ( 1)
 190 P   0.80184 0.10021 0.08575 0.01220 ( 1)
 191 F   0.78043 0.11740 0.08768 0.01449 ( 1)
 192 M   0.86455 0.05302 0.07630 0.00612 ( 1)
 193 D   0.78035 0.11748 0.08767 0.01450 ( 1)
 194 E   0.78704 0.11206 0.08712 0.01377 ( 1)
 195 P   0.81717 0.08821 0.08400 0.01062 ( 1)
 196 I   0.80996 0.09384 0.08483 0.01136 ( 1)
 197 A   0.84653 0.06602 0.07969 0.00776 ( 1)
 198 I   0.80158 0.10028 0.08592 0.01222 ( 1)
 199 P   0.84293 0.06821 0.08081 0.00806 ( 1)
 200 D   0.77979 0.11768 0.08799 0.01454 ( 1)
 201 K   0.17223 0.34634 0.42428 0.05714 ( 3)
 202 P   0.81622 0.08857 0.08452 0.01069 ( 1)
 203 Y   0.79857 0.10253 0.08638 0.01252 ( 1)
 204 T   0.81236 0.09161 0.08495 0.01109 ( 1)
 205 E   0.79487 0.10549 0.08672 0.01292 ( 1)
 206 E   0.15391 0.37968 0.40272 0.06369 ( 3)
 207 E   0.78635 0.11236 0.08747 0.01383 ( 1)
 208 L   0.85013 0.06290 0.07959 0.00738 ( 1)
 209 V   0.78973 0.10963 0.08718 0.01347 ( 1)
 210 E   0.15440 0.38175 0.39998 0.06386 ( 3)
 211 F   0.77973 0.11804 0.08766 0.01457 ( 1)
 212 V   0.78841 0.11093 0.08703 0.01362 ( 1)
 213 K   0.80526 0.09752 0.08538 0.01184 ( 1)
 214 E   0.78507 0.11362 0.08733 0.01398 ( 1)
 215 H   0.87634 0.04501 0.07353 0.00512 ( 1)
 216 Q   0.79684 0.10414 0.08629 0.01272 ( 1)
 217 P   0.78348 0.11009 0.09266 0.01378 ( 1)
 218 T   0.81536 0.08329 0.09109 0.01026 ( 1)
 219 L   0.77916 0.11376 0.09282 0.01426 ( 1)
 220 R   0.39198 0.50381 0.04262 0.06160 ( 2)
 221 R   0.78799 0.10604 0.09272 0.01325 ( 1)
 222 L   0.74922 0.14064 0.09234 0.01780 ( 1)
 223 R   0.78834 0.10569 0.09276 0.01321 ( 1)
 224 P   0.77938 0.11360 0.09277 0.01424 ( 1)
 225 E   0.77455 0.11790 0.09275 0.01481 ( 1)
 226 D   0.75589 0.13460 0.09251 0.01700 ( 1)
 227 M   0.82995 0.06991 0.09156 0.00858 ( 1)
 228 F   0.76292 0.12828 0.09263 0.01617 ( 1)
 229 E   0.77410 0.11823 0.09282 0.01485 ( 1)
 230 T   0.78828 0.10575 0.09276 0.01322 ( 1)
 231 W   0.75112 0.13890 0.09241 0.01757 ( 1)
 232 E   0.80882 0.09456 0.08515 0.01146 ( 1)
 233 D   0.78126 0.11661 0.08774 0.01439 ( 1)
 234 D   0.78126 0.11661 0.08774 0.01439 ( 1)
 235 L   0.77146 0.12468 0.08839 0.01547 ( 1)
 236 N   0.86907 0.04961 0.07562 0.00570 ( 1)
 237 G   0.87205 0.04755 0.07495 0.00545 ( 1)
 238 I   0.81449 0.09012 0.08451 0.01088 ( 1)
 239 H   0.89677 0.03129 0.06847 0.00347 ( 1)
 240 I   0.82459 0.08230 0.08325 0.00986 ( 1)
 241 V   0.80304 0.09913 0.08576 0.01206 ( 1)
 242 A   0.86336 0.05360 0.07684 0.00620 ( 1)
 243 F   0.79313 0.10731 0.08643 0.01313 ( 1)
 244 A   0.86420 0.05279 0.07690 0.00611 ( 1)
 245 E   0.79927 0.10211 0.08616 0.01246 ( 1)
 246 R   0.89712 0.03102 0.06842 0.00344 ( 1)
 247 S   0.81411 0.09042 0.08455 0.01092 ( 1)
 248 D   0.78126 0.11661 0.08774 0.01439 ( 1)
 249 P   0.81569 0.08915 0.08440 0.01076 ( 1)
 250 D   0.78047 0.11709 0.08797 0.01446 ( 1)
 251 G   0.86804 0.04987 0.07634 0.00575 ( 1)
 252 Y   0.81529 0.08956 0.08435 0.01080 ( 1)
 253 E   0.79863 0.10236 0.08651 0.01251 ( 1)
 254 F   0.81293 0.09102 0.08504 0.01101 ( 1)
 255 L   0.75416 0.13880 0.08964 0.01740 ( 1)
 256 E   0.79863 0.10236 0.08651 0.01251 ( 1)
 257 I   0.81379 0.09035 0.08494 0.01093 ( 1)
 258 L   0.75419 0.13877 0.08965 0.01739 ( 1)
 259 K   0.82127 0.08453 0.08403 0.01017 ( 1)
 260 Q   0.80659 0.09608 0.08566 0.01167 ( 1)
 261 V   0.85386 0.05997 0.07915 0.00702 ( 1)
 262 A   0.83516 0.07372 0.08235 0.00878 ( 1)
 263 R   0.90317 0.02704 0.06682 0.00297 ( 1)
 264 D   0.79123 0.10830 0.08717 0.01329 ( 1)
 265 N   0.86805 0.04986 0.07635 0.00575 ( 1)
 266 T   0.89150 0.03461 0.07002 0.00387 ( 1)
 267 D   0.79123 0.10830 0.08717 0.01329 ( 1)
 268 N   0.86805 0.04986 0.07635 0.00575 ( 1)
 269 P   0.85985 0.05563 0.07804 0.00647 ( 1)
 270 D   0.27010 0.62359 0.02976 0.07655 ( 2)
 271 L   0.76853 0.12766 0.08798 0.01583 ( 1)
 272 S   0.54213 0.37259 0.04341 0.04187 ( 1)
 273 I   0.81507 0.08922 0.08492 0.01079 ( 1)
 274 V   0.07653 0.82638 0.00577 0.09133 ( 2)
 275 W   0.77360 0.12270 0.08849 0.01522 ( 1)
 276 I   0.81379 0.09035 0.08494 0.01093 ( 1)
 277 D   0.79123 0.10830 0.08717 0.01329 ( 1)
 278 P   0.81498 0.08938 0.08483 0.01080 ( 1)
 279 D   0.78239 0.11540 0.08797 0.01425 ( 1)
 280 D   0.79123 0.10830 0.08717 0.01329 ( 1)
 281 F   0.79124 0.10829 0.08718 0.01329 ( 1)
 282 P   0.85985 0.05563 0.07804 0.00647 ( 1)
 283 L   0.75416 0.13880 0.08964 0.01740 ( 1)
 284 L   0.86796 0.05046 0.07577 0.00581 ( 1)
 285 V   0.85448 0.06004 0.07847 0.00701 ( 1)
 286 A   0.86061 0.05628 0.07659 0.00651 ( 1)
 287 Y   0.81737 0.08799 0.08405 0.01060 ( 1)
 288 W   0.77381 0.12275 0.08823 0.01521 ( 1)
 289 E   0.80853 0.09486 0.08512 0.01150 ( 1)
 290 K   0.82171 0.08460 0.08354 0.01016 ( 1)
 291 T   0.87320 0.04672 0.07473 0.00535 ( 1)
 292 F   0.81332 0.09109 0.08459 0.01101 ( 1)
 293 K   0.82171 0.08460 0.08354 0.01016 ( 1)
 294 I   0.82427 0.08261 0.08322 0.00990 ( 1)
 295 D   0.79153 0.10836 0.08683 0.01329 ( 1)
 296 L   0.81459 0.09014 0.08439 0.01088 ( 1)
 297 F   0.81332 0.09109 0.08459 0.01101 ( 1)
 298 K   0.82171 0.08460 0.08354 0.01016 ( 1)
 299 P   0.81667 0.08831 0.08436 0.01065 ( 1)
 300 Q   0.80693 0.09616 0.08524 0.01167 ( 1)
 301 I   0.82427 0.08261 0.08322 0.00990 ( 1)
 302 G   0.86661 0.05143 0.07604 0.00593 ( 1)
 303 V   0.80276 0.09941 0.08573 0.01210 ( 1)
 304 V   0.80276 0.09941 0.08573 0.01210 ( 1)
 305 N   0.89685 0.03139 0.06829 0.00348 ( 1)
 306 V   0.85445 0.06007 0.07847 0.00701 ( 1)
 307 T   0.82786 0.07985 0.08274 0.00954 ( 1)
 308 D   0.78041 0.11745 0.08764 0.01449 ( 1)
 309 A   0.83293 0.07647 0.08152 0.00909 ( 1)
 310 D   0.78990 0.10997 0.08665 0.01348 ( 1)
 311 S   0.81190 0.09259 0.08432 0.01118 ( 1)
 312 V   0.85089 0.06318 0.07855 0.00739 ( 1)
 313 W   0.77247 0.12408 0.08808 0.01537 ( 1)
 314 M   0.87934 0.04326 0.07251 0.00490 ( 1)
 315 E   0.79724 0.10411 0.08594 0.01270 ( 1)
 316 I   0.82228 0.08457 0.08302 0.01013 ( 1)
 317 P   0.81485 0.08998 0.08431 0.01086 ( 1)
 318 D   0.14983 0.39086 0.39367 0.06564 ( 3)
 319 G   0.90305 0.02825 0.06561 0.00309 ( 1)
 320 D   0.77956 0.11830 0.08755 0.01460 ( 1)
 321 D   0.20346 0.68966 0.02232 0.08456 ( 2)
 322 L   0.75356 0.13957 0.08938 0.01748 ( 1)
 323 P   0.83030 0.07838 0.08199 0.00934 ( 1)
 324 T   0.82585 0.08183 0.08254 0.00978 ( 1)
 325 A   0.83313 0.07627 0.08153 0.00906 ( 1)
 326 E   0.79722 0.10413 0.08594 0.01271 ( 1)
 327 E   0.79722 0.10413 0.08594 0.01271 ( 1)
 328 L   0.75333 0.13980 0.08936 0.01751 ( 1)
 329 E   0.80668 0.09667 0.08492 0.01172 ( 1)
 330 D   0.78990 0.10997 0.08665 0.01348 ( 1)
 331 W   0.77247 0.12408 0.08808 0.01537 ( 1)
 332 I   0.18695 0.32632 0.43378 0.05295 ( 3)
 333 E   0.79722 0.10413 0.08594 0.01271 ( 1)
 334 D   0.78015 0.11796 0.08735 0.01454 ( 1)
 335 V   0.80098 0.10116 0.08554 0.01231 ( 1)
 336 L   0.86589 0.05248 0.07559 0.00604 ( 1)
 337 S   0.87324 0.04747 0.07387 0.00542 ( 1)
 338 G   0.86967 0.04987 0.07474 0.00571 ( 1)
 339 K   0.81974 0.08654 0.08334 0.01039 ( 1)
 340 I   0.90957 0.02434 0.06346 0.00263 ( 1)
 341 N   0.23977 0.24303 0.47937 0.03784 ( 3)
 342 T   0.87075 0.04911 0.07452 0.00562 ( 1)
 343 E   0.79807 0.10330 0.08603 0.01260 ( 1)
 344 D   0.25043 0.64220 0.02812 0.07925 ( 2)
 345 D   0.25277 0.63977 0.02845 0.07900 ( 2)
 346 D   0.78914 0.11049 0.08681 0.01356 ( 1)
 347 N   0.00019 0.89842 0.00002 0.10137 ( 2)
 348 E   0.29176 0.60411 0.03083 0.07331 ( 2)
 349 D   0.25074 0.64179 0.02823 0.07925 ( 2)
 350 E   0.80581 0.09701 0.08540 0.01178 ( 1)
 351 E   0.00132 0.85499 0.00323 0.14046 ( 2)
 352 D   0.24562 0.64686 0.02765 0.07988 ( 2)
 353 E   0.80592 0.09714 0.08515 0.01179 ( 1)
 354 E   0.16217 0.36569 0.41131 0.06082 ( 3)
 355 D   0.02011 0.87026 0.00225 0.10738 ( 2)
 356 D   0.78990 0.10997 0.08665 0.01348 ( 1)
 357 D   0.16439 0.37686 0.39688 0.06187 ( 3)
 358 D   0.78983 0.11003 0.08664 0.01349 ( 1)
 359 D   0.14887 0.39613 0.38899 0.06601 ( 2)
 360 D   0.25012 0.64258 0.02802 0.07928 ( 2)
 361 D   0.78990 0.10997 0.08665 0.01348 ( 1)
 362 N   0.00001 0.89187 0.00000 0.10812 ( 2)
 363 D   0.78039 0.11401 0.09137 0.01423 ( 1)
 364 N   0.87445 0.03792 0.08316 0.00447 ( 1)
 365 S   0.85491 0.05249 0.08631 0.00629 ( 1)
 366 D   0.77992 0.11426 0.09154 0.01427 ( 1)
 367 E   0.79292 0.10214 0.09222 0.01273 ( 1)
 368 E   0.01986 0.79356 0.05285 0.13373 ( 2)
 369 D   0.00162 0.88980 0.00017 0.10841 ( 2)
 370 D   0.15890 0.39117 0.38566 0.06428 ( 2)
 371 D   0.78990 0.10997 0.08665 0.01348 ( 1)
 372 S   0.00009 0.81437 0.00486 0.18068 ( 2)
 373 D   0.01817 0.79966 0.04777 0.13439 ( 2)
 374 D   0.16419 0.37665 0.39729 0.06187 ( 3)
 375 D   0.24375 0.64877 0.02738 0.08010 ( 2)
 376 E   0.00118 0.88909 0.00013 0.10960 ( 2)
 377 D   0.78677 0.11283 0.08655 0.01384 ( 1)


lnL = -3075.679264

Bayes Empirical Bayes (BEB) probabilities for 4 classes (class)
(amino acids refer to 1st sequence: Bacu)

   1 M   0.91193 0.04892 0.03663 0.00252 ( 1)
   2 K   0.30245 0.64008 0.01692 0.04056 ( 2)
   3 R   0.53718 0.42270 0.01921 0.02091 ( 1)
   4 T   0.90935 0.05091 0.03710 0.00264 ( 1)
   5 H   0.53965 0.41972 0.01966 0.02097 ( 1)
   6 L   0.77830 0.15523 0.05544 0.01104 ( 1)
   7 F   0.81821 0.12263 0.05109 0.00806 ( 1)
   8 V   0.26953 0.66965 0.01633 0.04449 ( 2)
   9 M   0.28391 0.65538 0.01720 0.04351 ( 2)
  10 A   0.00391 0.88694 0.00418 0.10497 ( 2)
  11 V   0.88290 0.07122 0.04188 0.00400 ( 1)
  12 Y   0.84052 0.10478 0.04816 0.00655 ( 1)
  13 L   0.77830 0.15523 0.05544 0.01104 ( 1)
  14 L   0.77830 0.15523 0.05544 0.01104 ( 1)
  15 S   0.91658 0.04546 0.03566 0.00230 ( 1)
  16 T   0.49336 0.46308 0.01945 0.02412 ( 1)
  17 C   0.93421 0.03257 0.03168 0.00154 ( 1)
  18 R   0.40654 0.55101 0.01480 0.02765 ( 2)
  19 A   0.86348 0.08595 0.04546 0.00512 ( 1)
  20 E   0.16120 0.41033 0.37305 0.05541 ( 2)
  21 E   0.82820 0.11421 0.05021 0.00738 ( 1)
  22 G   0.90498 0.05365 0.03853 0.00284 ( 1)
  23 L   0.78255 0.15099 0.05573 0.01073 ( 1)
  24 N   0.44259 0.51037 0.01912 0.02792 ( 2)
  25 F   0.84369 0.10171 0.04824 0.00635 ( 1)
  26 P   0.86369 0.08571 0.04550 0.00511 ( 1)
  27 T   0.91202 0.04828 0.03720 0.00250 ( 1)
  28 Y   0.84811 0.09826 0.04757 0.00606 ( 1)
  29 D   0.82016 0.12072 0.05119 0.00793 ( 1)
  30 G   0.90194 0.05596 0.03911 0.00299 ( 1)
  31 K   0.34738 0.59554 0.01943 0.03765 ( 2)
  32 D   0.82083 0.12044 0.05085 0.00788 ( 1)
  33 R   0.86158 0.08752 0.04567 0.00523 ( 1)
  34 V   0.83455 0.10996 0.04856 0.00693 ( 1)
  35 V   0.88667 0.06808 0.04146 0.00380 ( 1)
  36 S   0.84506 0.10098 0.04771 0.00625 ( 1)
  37 L   0.84594 0.10035 0.04752 0.00619 ( 1)
  38 T   0.91263 0.04814 0.03675 0.00248 ( 1)
  39 E   0.82892 0.11391 0.04985 0.00732 ( 1)
  40 K   0.85357 0.09420 0.04652 0.00572 ( 1)
  41 N   0.90302 0.05550 0.03854 0.00295 ( 1)
  42 F   0.84450 0.10138 0.04783 0.00629 ( 1)
  43 K   0.85357 0.09420 0.04652 0.00572 ( 1)
  44 Q   0.83772 0.10701 0.04855 0.00672 ( 1)
  45 V   0.88821 0.06687 0.04121 0.00371 ( 1)
  46 L   0.22429 0.71028 0.01513 0.05029 ( 2)
  47 K   0.85357 0.09420 0.04652 0.00572 ( 1)
  48 K   0.85552 0.09263 0.04625 0.00560 ( 1)
  49 Y   0.17718 0.39706 0.37550 0.05026 ( 2)
  50 D   0.82083 0.12044 0.05085 0.00788 ( 1)
  51 L   0.79743 0.13984 0.05319 0.00954 ( 1)
  52 L   0.90043 0.05765 0.03885 0.00308 ( 1)
  53 C   0.94028 0.02809 0.03034 0.00129 ( 1)
  54 L   0.90052 0.05755 0.03885 0.00307 ( 1)
  55 Y   0.29011 0.65119 0.01671 0.04199 ( 2)
  56 Y   0.17826 0.40058 0.37110 0.05007 ( 2)
  57 H   0.89803 0.05949 0.03927 0.00320 ( 1)
  58 E   0.82821 0.11462 0.04981 0.00737 ( 1)
  59 P   0.86420 0.08573 0.04499 0.00507 ( 1)
  60 V   0.26614 0.67336 0.01598 0.04452 ( 2)
  61 S   0.90897 0.05116 0.03721 0.00266 ( 1)
  62 S   0.87399 0.07548 0.04604 0.00449 ( 1)
  63 D   0.80875 0.13038 0.05214 0.00873 ( 1)
  64 K   0.85470 0.09344 0.04621 0.00565 ( 1)
  65 A   0.00374 0.94112 0.00014 0.05499 ( 2)
  66 A   0.00046 0.89523 0.00032 0.10399 ( 2)
  67 Q   0.83696 0.10776 0.04851 0.00677 ( 1)
  68 K   0.85470 0.09344 0.04621 0.00565 ( 1)
  69 Q   0.07636 0.33187 0.51766 0.07411 ( 3)
  70 F   0.18269 0.40313 0.36521 0.04897 ( 2)
  71 Q   0.84316 0.10292 0.04757 0.00636 ( 1)
  72 M   0.02172 0.91247 0.00133 0.06448 ( 2)
  73 K   0.85470 0.09344 0.04621 0.00565 ( 1)
  74 E   0.83816 0.10672 0.04843 0.00670 ( 1)
  75 I   0.29348 0.64806 0.01681 0.04165 ( 2)
  76 V   0.18357 0.75530 0.01099 0.05013 ( 2)
  77 L   0.77933 0.15442 0.05530 0.01095 ( 1)
  78 E   0.82782 0.11500 0.04978 0.00739 ( 1)
  79 F   0.80980 0.12544 0.05601 0.00875 ( 1)
  80 D   0.23359 0.69893 0.01654 0.05093 ( 2)
  81 E   0.82632 0.11133 0.05478 0.00756 ( 1)
  82 E   0.82632 0.11133 0.05478 0.00756 ( 1)
  83 G   0.88294 0.06417 0.04898 0.00392 ( 1)
  84 S   0.83146 0.10697 0.05437 0.00721 ( 1)
  85 L   0.19926 0.72990 0.01516 0.05567 ( 2)
  86 Y   0.83510 0.10388 0.05406 0.00695 ( 1)
  87 V   0.36490 0.57620 0.02149 0.03741 ( 2)
  88 L   0.88249 0.06484 0.04872 0.00395 ( 1)
  89 K   0.83916 0.10046 0.05371 0.00668 ( 1)
  90 G   0.91988 0.03521 0.04296 0.00195 ( 1)
  91 D   0.79959 0.13424 0.05667 0.00950 ( 1)
  92 R   0.84527 0.09529 0.05317 0.00627 ( 1)
  93 T   0.30433 0.63296 0.01947 0.04324 ( 2)
  94 I   0.84167 0.09832 0.05349 0.00651 ( 1)
  95 E   0.81701 0.11927 0.05549 0.00822 ( 1)
  96 F   0.81106 0.12450 0.05579 0.00866 ( 1)
  97 D   0.79959 0.13424 0.05667 0.00950 ( 1)
  98 G   0.88501 0.06248 0.04870 0.00380 ( 1)
  99 E   0.81704 0.11924 0.05550 0.00822 ( 1)
 100 F   0.80980 0.12544 0.05601 0.00875 ( 1)
 101 A   0.85158 0.09077 0.05180 0.00585 ( 1)
 102 A   0.85213 0.08954 0.05251 0.00582 ( 1)
 103 D   0.79963 0.13413 0.05673 0.00951 ( 1)
 104 V   0.86969 0.07497 0.05063 0.00471 ( 1)
 105 L   0.79005 0.14254 0.05719 0.01022 ( 1)
 106 V   0.82071 0.11612 0.05522 0.00796 ( 1)
 107 E   0.81701 0.11927 0.05549 0.00822 ( 1)
 108 F   0.80999 0.12526 0.05602 0.00873 ( 1)
 109 L   0.88360 0.06360 0.04891 0.00388 ( 1)
 110 L   0.79005 0.14254 0.05719 0.01022 ( 1)
 111 D   0.80862 0.12662 0.05593 0.00883 ( 1)
 112 L   0.42222 0.52688 0.02032 0.03057 ( 2)
 113 I   0.31594 0.62506 0.01844 0.04056 ( 2)
 114 E   0.83512 0.10706 0.05089 0.00693 ( 1)
 115 D   0.81723 0.12175 0.05285 0.00817 ( 1)
