Supplemental results for CODEML (seqf: /home/leticiamagpali/phd/evol_models/codeml/big_dataset/cml_align/CASQ2_codon_aligned.phy  treef: /home/leticiamagpali/phd/evol_models/codeml/big_dataset/cml_trees/gene_trees/H2_gene_trees/CASQ2_tree_H2.tre)

I	J	ij	2Ns_IJ	pMut_IJ	pSub_IJ	2Ns_JI	pMut_JI	pSub_JI

TTC	TTT	CT	0.85317	0.13276	0.19735	-0.85317	0.31159	0.19735
TTA	TTT	AT	7.29529	0.00003	0.00025	-7.29529	0.05058	0.00025
TTA	TTC	AC	6.44211	0.00006	0.00038	-6.44211	0.03712	0.00038
TTG	TTT	GT	0.66057	0.01960	0.02679	-0.66057	0.03795	0.02679
TTG	TTC	GC	-0.19260	0.03377	0.03062	0.19260	0.02785	0.03062
TTG	TTA	GA	-6.63471	0.12903	0.00113	6.63471	0.00017	0.00113
TCT	TTT	CT	2.07020	0.03931	0.09313	-2.07020	0.31159	0.09313
TCC	TTC	CT	1.81746	0.03715	0.08060	-1.81746	0.22867	0.08060
TCC	TCT	CT	0.60043	0.03715	0.04941	-0.60043	0.06771	0.04941
TCA	TTA	CT	-4.53140	0.02665	0.00131	4.53140	0.00029	0.00131
TCA	TCT	AT	0.69369	0.00549	0.00762	-0.69369	0.01099	0.00762
TCA	TCC	AC	0.09326	0.00946	0.00991	-0.09326	0.01039	0.00991
TCG	TTG	CT	6.19801	0.00033	0.00207	-6.19801	0.16383	0.00207
TCG	TCT	GT	4.78839	0.00007	0.00033	-4.78839	0.00825	0.00033
TCG	TCC	GC	4.18796	0.00012	0.00050	-4.18796	0.00779	0.00050
TCG	TCA	GA	4.09470	0.00045	0.00188	-4.09470	0.02713	0.00188
TAT	TTT	AT	1.31135	0.01363	0.02447	-1.31135	0.05058	0.02447
TAT	TCT	AC	-0.75885	0.02348	0.01569	0.75885	0.01099	0.01569
TAC	TTC	AT	0.63151	0.01974	0.02663	-0.63151	0.03712	0.02663
TAC	TCC	AC	-1.18594	0.03400	0.01774	1.18594	0.01039	0.01774
TAC	TAT	CT	0.17334	0.09578	0.10432	-0.17334	0.11391	0.10432
TGT	TTT	GT	3.39704	0.00127	0.00446	-3.39704	0.03795	0.00446
TGT	TCT	GC	1.32685	0.00219	0.00395	-1.32685	0.00825	0.00395
TGT	TAT	GA	2.08569	0.00836	0.01991	-2.08569	0.06731	0.01991
TGC	TTC	GT	1.87828	0.00426	0.00944	-1.87828	0.02785	0.00944
TGC	TCC	GC	0.06082	0.00733	0.00756	-0.06082	0.00779	0.00756
TGC	TAC	GA	1.24676	0.02802	0.04903	-1.24676	0.09749	0.04903
TGC	TGT	CT	-0.66559	0.02065	0.01454	0.66559	0.01062	0.01454
TGG	TTG	GT	0.46246	0.01257	0.01569	-0.46246	0.01995	0.01569
TGG	TCG	GC	-5.73555	0.02164	0.00040	5.73555	0.00007	0.00040
TGG	TGT	GT	-2.27401	0.01257	0.00328	2.27401	0.00129	0.00328
TGG	TGC	GC	-1.60842	0.02164	0.00871	1.60842	0.00433	0.00871
CTT	TTT	CT	1.81700	0.05064	0.10986	-1.81700	0.31159	0.10986
CTC	TTC	CT	1.26879	0.06430	0.11349	-1.26879	0.22867	0.11349
CTC	CTT	CT	0.30496	0.06430	0.07460	-0.30496	0.08722	0.07460
CTA	TTA	CT	-4.84530	0.03648	0.00140	4.84530	0.00029	0.00140
CTA	CTT	AT	0.63299	0.00752	0.01015	-0.63299	0.01416	0.01015
CTA	CTC	AC	0.32802	0.01295	0.01519	-0.32802	0.01798	0.01519
CTG	TTG	CT	-0.10460	0.18189	0.17255	0.10460	0.16383	0.17255
CTG	CTT	GT	-1.26103	0.03749	0.01869	1.26103	0.01062	0.01869
CTG	CTC	GC	-1.56600	0.06458	0.02670	1.56600	0.01349	0.02670
CTG	CTA	GA	-1.89402	0.24677	0.08278	1.89402	0.03713	0.08278
CCT	TCT	CT	0.60043	0.03715	0.04941	-0.60043	0.06771	0.04941
CCT	CTT	CT	0.85363	0.03715	0.05523	-0.85363	0.08722	0.05523
CCC	TCC	CT	-0.20603	0.07862	0.07080	0.20603	0.06398	0.07080
CCC	CTC	CT	0.34263	0.07862	0.09286	-0.34263	0.11075	0.09286
CCC	CCT	CT	-0.20603	0.07862	0.07080	0.20603	0.06398	0.07080
CCA	TCA	CT	-0.46783	0.07329	0.05748	0.46783	0.04591	0.05748
CCA	CTA	CT	-0.15393	0.07329	0.06779	0.15393	0.06283	0.06779
CCA	CCT	AT	-0.37457	0.01511	0.01245	0.37457	0.01039	0.01245
CCA	CCC	AC	-0.16854	0.02602	0.02389	0.16854	0.02199	0.02389
CCG	TCG	CT	-3.10689	0.01283	0.00187	3.10689	0.00057	0.00187
CCG	CTG	CT	3.19573	0.01283	0.04274	-3.19573	0.31331	0.04274
CCG	CCT	GT	1.08107	0.00264	0.00433	-1.08107	0.00779	0.00433
CCG	CCC	GC	1.28711	0.00455	0.00810	-1.28711	0.01649	0.00810
CCG	CCA	GA	1.45565	0.01740	0.03303	-1.45565	0.07460	0.03303
CAT	TAT	CT	1.06812	0.03914	0.06370	-1.06812	0.11391	0.06370
CAT	CTT	AT	0.56247	0.00807	0.01055	-0.56247	0.01416	0.01055
CAT	CCT	AC	-0.29116	0.01390	0.01197	0.29116	0.01039	0.01197
CAC	TAC	CT	1.48650	0.03731	0.07167	-1.48650	0.16498	0.07167
CAC	CTC	AT	0.84922	0.00769	0.01141	-0.84922	0.01798	0.01141
CAC	CCC	AC	0.50659	0.01325	0.01688	-0.50659	0.02199	0.01688
CAC	CAT	CT	0.59171	0.03731	0.04943	-0.59171	0.06743	0.04943
CAA	CTA	AT	0.32813	0.00735	0.00862	-0.32813	0.01020	0.00862
CAA	CCA	AC	0.48206	0.01266	0.01595	-0.48206	0.02049	0.01595
CAA	CAT	AT	0.39864	0.00735	0.00891	-0.39864	0.01095	0.00891
CAA	CAC	AC	-0.19307	0.01266	0.01147	0.19307	0.01043	0.01147
CAG	CTG	AT	1.13119	0.01641	0.02741	-1.13119	0.05086	0.02741
CAG	CCG	AC	-2.06455	0.02827	0.00848	2.06455	0.00359	0.00848
CAG	CAT	GT	-0.69232	0.01641	0.01138	0.69232	0.00821	0.01138
CAG	CAC	GC	-1.28403	0.02827	0.01390	1.28403	0.00783	0.01390
CAG	CAA	GA	-1.09096	0.10802	0.05960	1.09096	0.03628	0.05960
CGT	TGT	CT	0.14736	0.00916	0.00985	-0.14736	0.01062	0.00985
CGT	CTT	GT	1.72740	0.00189	0.00397	-1.72740	0.01062	0.00397
CGT	CCT	GC	0.87377	0.00325	0.00488	-0.87377	0.00779	0.00488
CGT	CAT	GA	1.16493	0.01243	0.02104	-1.16493	0.03984	0.02104
CGC	TGC	CT	-0.42284	0.05430	0.04363	0.42284	0.03558	0.04363
CGC	CTC	GT	0.18665	0.01119	0.01227	-0.18665	0.01349	0.01227
CGC	CCC	GC	-0.15599	0.01928	0.01781	0.15599	0.01649	0.01781
CGC	CAC	GA	-0.66258	0.07367	0.05194	0.66258	0.03798	0.05194
CGC	CGT	CT	-1.23579	0.05430	0.02749	1.23579	0.01578	0.02749
CGA	CTA	GT	8.96060	0.00000	0.00000	-8.96060	0.00765	0.00001
CGA	CCA	GC	9.11453	0.00000	0.00000	-9.11453	0.01538	0.00002
CGA	CAA	GA	8.63248	0.00000	0.00000	-8.63248	0.03628	0.00006
CGA	CGT	AT	7.86619	0.00000	0.00000	-7.86619	0.00256	0.00001
CGA	CGC	AC	9.10198	0.00000	0.00000	-9.10198	0.01518	0.00002
CGG	TGG	CT	2.10260	0.01283	0.03072	-2.10260	0.10501	0.03072
CGG	CTG	GT	2.66967	0.00264	0.00758	-2.66967	0.03816	0.00758
CGG	CCG	GC	-0.52607	0.00455	0.00346	0.52607	0.00269	0.00346
CGG	CAG	GA	1.53848	0.01740	0.03409	-1.53848	0.08104	0.03409
CGG	CGT	GT	-0.31877	0.00264	0.00224	0.31877	0.00192	0.00224
CGG	CGC	GC	0.91703	0.00455	0.00696	-0.91703	0.01139	0.00696
CGG	CGA	GA	-8.18495	0.01740	0.00004	8.18495	0.00000	0.00000
ATT	TTT	AT	0.71326	0.02479	0.03467	-0.71326	0.05058	0.03467
ATT	CTT	AC	-1.10374	0.04270	0.02338	1.10374	0.01416	0.02338
ATC	TTC	AT	0.26205	0.02857	0.03247	-0.26205	0.03712	0.03247
ATC	CTC	AC	-1.00674	0.04920	0.02852	1.00674	0.01798	0.02852
ATC	ATT	CT	0.40197	0.13859	0.16830	-0.40197	0.20715	0.16830
ATA	TTA	AT	-4.12579	0.00288	0.00020	4.12579	0.00005	0.00020
ATA	CTA	AC	0.71951	0.00497	0.00697	-0.71951	0.01020	0.00697
ATA	ATT	AT	2.45624	0.00288	0.00775	-2.45624	0.03363	0.00775
ATA	ATC	AC	2.05427	0.00497	0.01171	-2.05427	0.03875	0.01171
ATG	TTG	AT	0.78879	0.01209	0.01747	-0.78879	0.02660	0.01747
ATG	CTG	AC	0.89339	0.02082	0.03148	-0.89339	0.05086	0.03148
ATG	ATT	GT	0.73610	0.01209	0.01707	-0.73610	0.02523	0.01707
ATG	ATC	GC	0.33413	0.02082	0.02449	-0.33413	0.02908	0.02449
ATG	ATA	GA	-1.72014	0.07954	0.02984	1.72014	0.01424	0.02984
ACT	TCT	AT	0.07850	0.01016	0.01057	-0.07850	0.01099	0.01057
ACT	CCT	AC	-0.52193	0.01751	0.01333	0.52193	0.01039	0.01333
ACT	ATT	CT	1.43544	0.04930	0.09288	-1.43544	0.20715	0.09288
ACC	TCC	AT	0.25688	0.00803	0.00911	-0.25688	0.01039	0.00911
ACC	CCC	AC	0.46292	0.01384	0.01729	-0.46292	0.02199	0.01729
ACC	ATC	CT	1.81228	0.03898	0.08442	-1.81228	0.23871	0.08442
ACC	ACT	CT	0.77881	0.03898	0.05611	-0.77881	0.08493	0.05611
ACA	TCA	AT	-0.46912	0.01191	0.00934	0.46912	0.00745	0.00934
ACA	CCA	AC	-0.00129	0.02052	0.02051	0.00129	0.02049	0.02051
ACA	ATA	CT	-0.87474	0.05780	0.03616	0.87474	0.02410	0.03616
ACA	ACT	AT	0.14606	0.01191	0.01280	-0.14606	0.01379	0.01280
ACA	ACC	AC	-0.63275	0.02052	0.01471	0.63275	0.01090	0.01471
ACG	TCG	AT	-3.39627	0.00278	0.00033	3.39627	0.00009	0.00033
ACG	CCG	AC	-0.28939	0.00479	0.00413	0.28939	0.00359	0.00413
ACG	ATG	CT	2.01295	0.01349	0.03135	-2.01295	0.10099	0.03135
ACG	ACT	GT	1.31362	0.00278	0.00500	-1.31362	0.01034	0.00500
ACG	ACC	GC	0.53481	0.00479	0.00618	-0.53481	0.00818	0.00618
ACG	ACA	GA	1.16755	0.01830	0.03102	-1.16755	0.05883	0.03102
AAT	TAT	AT	0.57523	0.01040	0.01368	-0.57523	0.01849	0.01368
AAT	CAT	AC	-0.49289	0.01792	0.01386	0.49289	0.01095	0.01386
AAT	ATT	AT	1.17332	0.01040	0.01767	-1.17332	0.03363	0.01767
AAT	ACT	AC	-0.26212	0.01792	0.01567	0.26212	0.01379	0.01567
AAC	TAC	AT	0.30851	0.01967	0.02286	-0.30851	0.02678	0.02286
AAC	CAC	AC	-1.17798	0.03389	0.01776	1.17798	0.01043	0.01776
AAC	ATC	AT	0.67798	0.01967	0.02709	-0.67798	0.03875	0.02709
AAC	ACC	AC	-1.13431	0.03389	0.01823	1.13431	0.01090	0.01823
AAC	AAT	CT	-0.09338	0.09544	0.09106	0.09338	0.08694	0.09106
AAA	CAA	AC	-1.50609	0.04495	0.01929	1.50609	0.00997	0.01929
AAA	ATA	AT	-1.89747	0.02609	0.00873	1.89747	0.00391	0.00873
AAA	ACA	AC	-1.02274	0.04495	0.02581	1.02274	0.01616	0.02581
AAA	AAT	AT	-0.61456	0.02609	0.01889	0.61456	0.01411	0.01889
AAA	AAC	AC	-0.52118	0.04495	0.03425	0.52118	0.02669	0.03425
AAG	CAG	AC	-1.16503	0.07138	0.03770	1.16503	0.02226	0.03770
AAG	ATG	AT	-0.92723	0.04144	0.02516	0.92723	0.01640	0.02516
AAG	ACG	AC	-2.94019	0.07138	0.01171	2.94019	0.00377	0.01171
AAG	AAT	GT	-1.36445	0.04144	0.01941	1.36445	0.01059	0.01941
AAG	AAC	GC	-1.27107	0.07138	0.03538	1.27107	0.02002	0.03538
AAG	AAA	GA	-0.74990	0.27276	0.18315	0.74990	0.12885	0.18315
AGT	TGT	AT	-2.25366	0.01641	0.00434	2.25366	0.00172	0.00434
AGT	CGT	AC	-2.40102	0.02827	0.00676	2.40102	0.00256	0.00676
AGT	ATT	GT	0.43012	0.01641	0.02019	-0.43012	0.02523	0.02019
AGT	ACT	GC	-1.00532	0.02827	0.01640	1.00532	0.01034	0.01640
AGT	AAT	GA	-0.74320	0.10802	0.07281	0.74320	0.05137	0.07281
AGC	TGC	AT	-0.05084	0.00608	0.00592	0.05084	0.00578	0.00592
AGC	CGC	AC	0.37200	0.01047	0.01254	-0.37200	0.01518	0.01254
AGC	ATC	GT	1.56539	0.00608	0.01203	-1.56539	0.02908	0.01203
AGC	ACC	GC	-0.24690	0.01047	0.00923	0.24690	0.00818	0.00923
AGC	AAC	GA	0.88741	0.04000	0.06034	-0.88741	0.09715	0.06034
AGC	AGT	CT	1.53723	0.02948	0.05773	-1.53723	0.13715	0.05773
AGA	CGA	AC	-8.33586	0.00556	0.00001	8.33586	0.00000	0.00000
AGA	ATA	GT	-0.09477	0.00323	0.00308	0.09477	0.00294	0.00308
AGA	ACA	GC	0.77996	0.00556	0.00801	-0.77996	0.01213	0.00801
AGA	AAA	GA	1.80270	0.02124	0.04585	-1.80270	0.12885	0.04585
AGA	AGT	AT	1.93135	0.00323	0.00729	-1.93135	0.02226	0.00729
AGA	AGC	AC	0.39411	0.00556	0.00673	-0.39411	0.00824	0.00673
AGG	TGG	AT	1.11391	0.00560	0.00928	-1.11391	0.01705	0.00928
AGG	CGG	AC	-0.98869	0.00964	0.00565	0.98869	0.00359	0.00565
AGG	ATG	GT	0.78759	0.00560	0.00809	-0.78759	0.01230	0.00809
AGG	ACG	GC	-1.22537	0.00964	0.00491	1.22537	0.00283	0.00491
AGG	AAG	GA	1.71482	0.03683	0.07703	-1.71482	0.20464	0.07703
AGG	AGT	GT	1.09357	0.00560	0.00920	-1.09357	0.01670	0.00920
AGG	AGC	GC	-0.44367	0.00964	0.00766	0.44367	0.00619	0.00766
AGG	AGA	GA	-0.83778	0.03683	0.02353	0.83778	0.01594	0.02353
GTT	TTT	GT	0.75413	0.01785	0.02542	-0.75413	0.03795	0.02542
GTT	CTT	GC	-1.06287	0.03075	0.01725	1.06287	0.01062	0.01725
GTT	ATT	GA	0.04087	0.11751	0.11993	-0.04087	0.12241	0.11993
GTC	TTC	GT	0.52477	0.01648	0.02118	-0.52477	0.02785	0.02118
GTC	CTC	GC	-0.74402	0.02839	0.01912	0.74402	0.01349	0.01912
GTC	ATC	GA	0.26272	0.10847	0.12334	-0.26272	0.14106	0.12334
GTC	GTT	CT	0.62382	0.07995	0.10747	-0.62382	0.14920	0.10747
GTA	TTA	GT	-3.71996	0.00144	0.00013	3.71996	0.00003	0.00013
GTA	CTA	GC	1.12534	0.00248	0.00414	-1.12534	0.00765	0.00414
GTA	ATA	GA	0.40582	0.00949	0.01155	-0.40582	0.01424	0.01155
GTA	GTT	AT	2.82119	0.00144	0.00433	-2.82119	0.02422	0.00433
GTA	GTC	AC	2.19737	0.00248	0.00614	-2.19737	0.02236	0.00614
GTG	TTG	GT	-0.56148	0.03499	0.02608	0.56148	0.01995	0.02608
GTG	CTG	GC	-0.45688	0.06026	0.04754	0.45688	0.03816	0.04754
GTG	ATG	GA	-1.35027	0.23027	0.10878	1.35027	0.05968	0.10878
GTG	GTT	GT	-0.65504	0.03499	0.02477	0.65504	0.01817	0.02477
GTG	GTC	GC	-1.27886	0.06026	0.02973	1.27886	0.01677	0.02973
GTG	GTA	GA	-3.47623	0.23027	0.02554	3.47623	0.00712	0.02554
GCT	TCT	GT	-0.84103	0.01912	0.01220	0.84103	0.00825	0.01220
GCT	CCT	GC	-1.44146	0.03294	0.01471	1.44146	0.00779	0.01471
GCT	ACT	GA	-0.91953	0.12587	0.07675	0.91953	0.05019	0.07675
GCT	GTT	CT	0.47504	0.09278	0.11655	-0.47504	0.14920	0.11655
GCC	TCC	GT	-0.28555	0.01037	0.00896	0.28555	0.00779	0.00896
GCC	CCC	GC	-0.07951	0.01786	0.01716	0.07951	0.01649	0.01716
GCC	ACC	GA	-0.54243	0.06825	0.05140	0.54243	0.03967	0.05140
GCC	GTC	CT	1.00713	0.05030	0.07982	-1.00713	0.13772	0.07982
GCC	GCT	CT	1.15591	0.05030	0.08486	-1.15591	0.15981	0.08486
GCA	TCA	GT	-0.62085	0.01040	0.00751	0.62085	0.00559	0.00751
GCA	CCA	GC	-0.15302	0.01792	0.01658	0.15302	0.01538	0.01658
GCA	ACA	GA	-0.15173	0.06847	0.06341	0.15173	0.05883	0.06341
GCA	GTA	CT	-1.43229	0.05047	0.02267	1.43229	0.01205	0.02267
GCA	GCT	AT	0.91386	0.01040	0.01587	-0.91386	0.02594	0.01587
GCA	GCC	AC	-0.24205	0.01792	0.01584	0.24205	0.01407	0.01584
GCG	TCG	GT	-4.69182	0.00762	0.00033	4.69182	0.00007	0.00033
GCG	CCG	GC	-1.58494	0.01313	0.00536	1.58494	0.00269	0.00536
GCG	ACG	GA	-1.29555	0.05017	0.02450	1.29555	0.01373	0.02450
GCG	GTG	CT	2.06767	0.03698	0.08753	-2.06767	0.29237	0.08753
GCG	GCT	GT	0.93759	0.00762	0.01175	-0.93759	0.01947	0.01175
GCG	GCC	GC	-0.21832	0.01313	0.01175	0.21832	0.01055	0.01175
GCG	GCA	GA	0.02373	0.05017	0.05077	-0.02373	0.05137	0.05077
GAT	TAT	GT	-1.59375	0.06829	0.02775	1.59375	0.01387	0.02775
GAT	CAT	GC	-2.66187	0.11763	0.02350	2.66187	0.00821	0.02350
GAT	AAT	GA	-2.16898	0.44947	0.12580	2.16898	0.05137	0.12580
GAT	GTT	AT	-1.03653	0.06829	0.03890	1.03653	0.02422	0.03890
GAT	GCT	AC	-1.51156	0.11763	0.05031	1.51156	0.02594	0.05031
GAC	TAC	GT	-1.40614	0.08199	0.03743	1.40614	0.02009	0.03743
GAC	CAC	GC	-2.89263	0.14122	0.02397	2.89263	0.00783	0.02397
GAC	AAC	GA	-1.71465	0.53964	0.20315	1.71465	0.09715	0.20315
GAC	GTC	AT	-1.29940	0.08199	0.03994	1.29940	0.02236	0.03994
GAC	GCC	AC	-2.30653	0.14122	0.03603	2.30653	0.01407	0.03603
GAC	GAT	CT	0.36095	0.39777	0.47387	-0.36095	0.57068	0.47387
GAA	CAA	GC	-2.30371	0.07487	0.01914	2.30371	0.00748	0.01914
GAA	AAA	GA	-0.79762	0.28609	0.18700	0.79762	0.12885	0.18700
GAA	GTA	AT	-3.10092	0.04347	0.00635	3.10092	0.00196	0.00635
GAA	GCA	AC	-1.66863	0.07487	0.02902	1.66863	0.01411	0.02902
GAA	GAT	AT	0.75680	0.04347	0.06197	-0.75680	0.09265	0.06197
GAA	GAC	AC	0.39585	0.07487	0.09066	-0.39585	0.11123	0.09066
GAG	CAG	GC	-2.14922	0.14329	0.04064	2.14922	0.01670	0.04064
GAG	AAG	GA	-0.98419	0.54755	0.32160	0.98419	0.20464	0.32160
GAG	GTG	AT	-0.56115	0.08319	0.06202	0.56115	0.04746	0.06202
GAG	GCG	AC	-2.62883	0.14329	0.02930	2.62883	0.01034	0.02930
GAG	GAT	GT	-0.17967	0.08319	0.07594	0.17967	0.06951	0.07594
GAG	GAC	GC	-0.54062	0.14329	0.10803	0.54062	0.08345	0.10803
GAG	GAA	GA	-0.93647	0.54755	0.33061	0.93647	0.21464	0.33061
GGT	TGT	GT	-1.45897	0.00556	0.00246	1.45897	0.00129	0.00246
GGT	CGT	GC	-1.60633	0.00958	0.00386	1.60633	0.00192	0.00386
GGT	AGT	GA	0.79469	0.03661	0.05306	-0.79469	0.08104	0.05306
GGT	GTT	GT	1.18394	0.00556	0.00949	-1.18394	0.01817	0.00949
GGT	GCT	GC	0.70890	0.00958	0.01337	-0.70890	0.01947	0.01337
GGT	GAT	GA	2.22047	0.03661	0.09119	-2.22047	0.33723	0.09119
GGC	TGC	GT	-1.03975	0.01226	0.00697	1.03975	0.00433	0.00697
GGC	CGC	GC	-0.61691	0.02111	0.01527	0.61691	0.01139	0.01527
GGC	AGC	GA	-0.98891	0.08067	0.04725	0.98891	0.03001	0.04725
GGC	GTC	GT	0.31376	0.01226	0.01428	-0.31376	0.01677	0.01428
GGC	GCC	GC	-0.69338	0.02111	0.01463	0.69338	0.01055	0.01463
GGC	GAC	GA	1.61315	0.08067	0.16253	-1.61315	0.40487	0.16253
GGC	GGT	CT	-0.24637	0.05947	0.05244	0.24637	0.04648	0.05244
GGA	CGA	GC	-9.13614	0.00928	0.00001	9.13614	0.00000	0.00000
GGA	AGA	GA	-0.80028	0.03548	0.02316	0.80028	0.01594	0.02316
GGA	GTA	GT	-1.30087	0.00539	0.00262	1.30087	0.00147	0.00262
GGA	GCA	GC	0.13142	0.00928	0.00991	-0.13142	0.01059	0.00991
GGA	GAA	GA	1.80005	0.03548	0.07651	-1.80005	0.21464	0.07651
GGA	GGT	AT	0.33638	0.00539	0.00635	-0.33638	0.00755	0.00635
GGA	GGC	AC	0.58275	0.00928	0.01225	-0.58275	0.01663	0.01225
GGG	TGG	GT	0.12733	0.01126	0.01199	-0.12733	0.01279	0.01199
GGG	CGG	GC	-1.97528	0.01940	0.00617	1.97528	0.00269	0.00617
GGG	AGG	GA	-0.98659	0.07412	0.04347	0.98659	0.02764	0.04347
GGG	GTG	GT	1.15127	0.01126	0.01896	-1.15127	0.03561	0.01896
GGG	GCG	GC	-0.91640	0.01940	0.01185	0.91640	0.00776	0.01185
GGG	GAG	GA	1.71242	0.07412	0.15487	-1.71242	0.41081	0.15487
GGG	GGT	GT	-0.68771	0.01126	0.00783	0.68771	0.00566	0.00783
GGG	GGC	GC	-0.44134	0.01940	0.01543	0.44134	0.01248	0.01543
GGG	GGA	GA	-1.02409	0.07412	0.04254	1.02409	0.02662	0.04254


Histograms
2Ns	FMut	FSub(CodonUsage)	FSubw(after w)

-8.70108	0.00354	0.00001
-7.83097	0.00079	0.00000
-6.96087	0.00712	0.00007
-6.09076	0.00882	0.00015
-5.22065	0.00177	0.00009
-4.35054	0.00286	0.00022
-3.48043	0.02544	0.00422
-2.61032	0.04765	0.01424
-1.74022	0.24856	0.11925
-0.87011	0.28225	0.23107
0.00000	0.20263	0.26137
0.87011	0.11984	0.23107
1.74022	0.04361	0.11925
2.61032	0.00409	0.01424
3.48043	0.00095	0.00422
4.35054	0.00004	0.00022
5.22065	0.00001	0.00009
6.09076	0.00002	0.00015
6.96087	0.00001	0.00007
7.83097	0.00000	0.00000
8.70108	0.00000	0.00000

Proportion of advantageous (S > 0) mutations:
 0.25736

Proportions of good & bad mutations (|S| > 2.0000) among mutations:
0.01255  0.15890

mean |Ns| = 1.29140	mean Ns+ = 0.81226	mean Ns- = -1.45744


MLEs of dN/dS (w) for site classes (K=4)

site class             0        1       2a       2b
proportion       0.68253  0.16754  0.12038  0.02955
background w     0.05741  1.00000  0.05741  1.00000
foreground w     0.05741  1.00000  1.00000  1.00000

Naive Empirical Bayes (NEB) probabilities for 4 classes
(amino acids refer to 1st sequence: Bacu)

   1 M   0.84191 0.04213 0.10853 0.00743 ( 1)
   2 K   0.29834 0.55850 0.04466 0.09850 ( 2)
   3 R   0.52176 0.35290 0.06311 0.06224 ( 1)
   4 T   0.83924 0.04390 0.10911 0.00774 ( 1)
   5 H   0.52373 0.35052 0.06393 0.06182 ( 1)
   6 L   0.72104 0.13469 0.12051 0.02376 ( 1)
   7 F   0.75586 0.10599 0.11947 0.01869 ( 1)
   8 V   0.26634 0.58857 0.04129 0.10380 ( 2)
   9 M   0.28054 0.57462 0.04350 0.10134 ( 2)
  10 A   0.00248 0.84297 0.00588 0.14867 ( 2)
  11 V   0.81411 0.06131 0.11376 0.01081 ( 1)
  12 Y   0.77560 0.09034 0.11813 0.01593 ( 1)
  13 L   0.72104 0.13469 0.12051 0.02376 ( 1)
  14 L   0.72104 0.13469 0.12051 0.02376 ( 1)
  15 S   0.84632 0.03928 0.10747 0.00693 ( 1)
  16 T   0.47998 0.39024 0.06095 0.06883 ( 1)
  17 C   0.86453 0.02815 0.10235 0.00497 ( 1)
  18 R   0.39872 0.46980 0.04862 0.08286 ( 2)
  19 A   0.79614 0.07404 0.11676 0.01306 ( 1)
  20 E   0.15841 0.35254 0.42687 0.06218 ( 3)
  21 E   0.76470 0.09857 0.11935 0.01738 ( 1)
  22 G   0.83483 0.04616 0.11086 0.00814 ( 1)
  23 L   0.72479 0.13097 0.12114 0.02310 ( 1)
  24 N   0.43285 0.43325 0.05748 0.07641 ( 2)
  25 F   0.77835 0.08774 0.11843 0.01548 ( 1)
  26 P   0.79623 0.07395 0.11677 0.01304 ( 1)
  27 T   0.84160 0.04163 0.10942 0.00734 ( 1)
  28 Y   0.78232 0.08468 0.11806 0.01494 ( 1)
  29 D   0.75761 0.10427 0.11973 0.01839 ( 1)
  30 G   0.83190 0.04816 0.11144 0.00849 ( 1)
  31 K   0.34224 0.51560 0.05123 0.09093 ( 2)
  32 D   0.75819 0.10402 0.11944 0.01835 ( 1)
  33 R   0.79439 0.07544 0.11687 0.01330 ( 1)
  34 V   0.77030 0.09486 0.11810 0.01673 ( 1)
  35 V   0.81758 0.05860 0.11348 0.01034 ( 1)
  36 S   0.77964 0.08703 0.11798 0.01535 ( 1)
  37 L   0.78018 0.08662 0.11791 0.01528 ( 1)
  38 T   0.84234 0.04152 0.10882 0.00732 ( 1)
  39 E   0.76533 0.09830 0.11903 0.01734 ( 1)
  40 K   0.78725 0.08115 0.11729 0.01431 ( 1)
  41 N   0.83310 0.04776 0.11072 0.00842 ( 1)
  42 F   0.77909 0.08745 0.11803 0.01542 ( 1)
  43 K   0.78725 0.08115 0.11729 0.01431 ( 1)
  44 Q   0.77303 0.09223 0.11847 0.01627 ( 1)
  45 V   0.81900 0.05759 0.11326 0.01016 ( 1)
  46 L   0.22208 0.63058 0.03613 0.11121 ( 2)
  47 K   0.78725 0.08115 0.11729 0.01431 ( 1)
  48 K   0.78903 0.07979 0.11712 0.01407 ( 1)
  49 Y   0.16904 0.32978 0.44301 0.05816 ( 3)
  50 D   0.75819 0.10402 0.11944 0.01835 ( 1)
  51 L   0.73760 0.12099 0.12007 0.02134 ( 1)
  52 L   0.83055 0.04974 0.11094 0.00877 ( 1)
  53 C   0.87095 0.02430 0.10046 0.00429 ( 1)
  54 L   0.83063 0.04966 0.11095 0.00876 ( 1)
  55 Y   0.28639 0.56970 0.04343 0.10048 ( 2)
  56 Y   0.16927 0.33119 0.44113 0.05841 ( 3)
  57 H   0.82834 0.05124 0.11138 0.00904 ( 1)
  58 E   0.76470 0.09892 0.11893 0.01745 ( 1)
  59 P   0.79676 0.07397 0.11623 0.01305 ( 1)
  60 V   0.26294 0.59203 0.04062 0.10441 ( 2)
  61 S   0.83880 0.04416 0.10925 0.00779 ( 1)
  62 S   0.80516 0.06508 0.11828 0.01148 ( 1)
  63 D   0.74761 0.11269 0.11982 0.01988 ( 1)
  64 K   0.78830 0.08049 0.11701 0.01420 ( 1)
  65 A   0.00221 0.84794 0.00031 0.14955 ( 2)
  66 A   0.00014 0.84967 0.00034 0.14985 ( 2)
  67 Q   0.77237 0.09288 0.11837 0.01638 ( 1)
  68 K   0.78830 0.08049 0.11701 0.01420 ( 1)
  69 Q   0.09622 0.36878 0.46995 0.06504 ( 3)
  70 F   0.17147 0.32950 0.44092 0.05811 ( 3)
  71 Q   0.77781 0.08865 0.11791 0.01563 ( 1)
  72 M   0.01911 0.83121 0.00308 0.14660 ( 2)
  73 K   0.78830 0.08049 0.11701 0.01420 ( 1)
  74 E   0.77352 0.09202 0.11823 0.01623 ( 1)
  75 I   0.28964 0.56663 0.04380 0.09993 ( 2)
  76 V   0.18082 0.67262 0.02793 0.11863 ( 2)
  77 L   0.72193 0.13397 0.12047 0.02363 ( 1)
  78 E   0.76436 0.09926 0.11888 0.01751 ( 1)
  79 F   0.74858 0.10853 0.12375 0.01914 ( 1)
  80 D   0.23164 0.62049 0.03844 0.10943 ( 2)
  81 E   0.76297 0.09611 0.12397 0.01695 ( 1)
  82 E   0.76297 0.09611 0.12397 0.01695 ( 1)
  83 G   0.81270 0.05517 0.12240 0.00973 ( 1)
  84 S   0.76744 0.09229 0.12399 0.01628 ( 1)
  85 L   0.19769 0.65331 0.03378 0.11522 ( 2)
  86 Y   0.77059 0.08962 0.12399 0.01581 ( 1)
  87 V   0.35925 0.49782 0.05514 0.08780 ( 2)
  88 L   0.81222 0.05586 0.12207 0.00985 ( 1)
  89 K   0.77412 0.08663 0.12397 0.01528 ( 1)
  90 G   0.84657 0.03026 0.11784 0.00534 ( 1)
  91 D   0.73980 0.11619 0.12351 0.02049 ( 1)
  92 R   0.77940 0.08219 0.12391 0.01450 ( 1)
  93 T   0.30081 0.55371 0.04783 0.09766 ( 2)
  94 I   0.77632 0.08478 0.12395 0.01495 ( 1)
  95 E   0.75488 0.10307 0.12388 0.01818 ( 1)
  96 F   0.74971 0.10770 0.12359 0.01900 ( 1)
  97 D   0.73980 0.11619 0.12351 0.02049 ( 1)
  98 G   0.81457 0.05371 0.12224 0.00947 ( 1)
  99 E   0.75491 0.10304 0.12388 0.01817 ( 1)
 100 F   0.74858 0.10853 0.12375 0.01914 ( 1)
 101 A   0.78496 0.07822 0.12302 0.01380 ( 1)
 102 A   0.78539 0.07720 0.12379 0.01362 ( 1)
 103 D   0.73996 0.11612 0.12344 0.02048 ( 1)
 104 V   0.80093 0.06451 0.12319 0.01138 ( 1)
 105 L   0.73151 0.12350 0.12322 0.02178 ( 1)
 106 V   0.75807 0.10031 0.12393 0.01769 ( 1)
 107 E   0.75488 0.10307 0.12388 0.01818 ( 1)
 108 F   0.74874 0.10837 0.12378 0.01911 ( 1)
 109 L   0.81318 0.05479 0.12236 0.00966 ( 1)
 110 L   0.73151 0.12350 0.12322 0.02178 ( 1)
 111 D   0.74758 0.10952 0.12359 0.01932 ( 1)
 112 L   0.41310 0.44983 0.05774 0.07933 ( 2)
 113 I   0.31177 0.54463 0.04754 0.09605 ( 2)
 114 E   0.77078 0.09234 0.12059 0.01629 ( 1)
 115 D   0.75508 0.10520 0.12117 0.01855 ( 1)
 116 P   0.78607 0.08131 0.11828 0.01434 ( 1)
 117 V   0.76863 0.09537 0.11918 0.01682 ( 1)
 118 E   0.76501 0.09827 0.11940 0.01733 ( 1)
 119 I   0.77958 0.08672 0.11841 0.01530 ( 1)
 120 I   0.77958 0.08672 0.11841 0.01530 ( 1)
 121 N   0.43601 0.42979 0.05841 0.07580 ( 1)
 122 S   0.85301 0.03427 0.10667 0.00604 ( 1)
 123 K   0.78857 0.07975 0.11762 0.01406 ( 1)
 124 L   0.72233 0.13341 0.12073 0.02353 ( 1)
 125 E   0.77418 0.09097 0.11881 0.01604 ( 1)
 126 V   0.81695 0.05856 0.11416 0.01033 ( 1)
 127 Q   0.77810 0.08794 0.11845 0.01551 ( 1)
 128 A   0.82663 0.05169 0.11256 0.00912 ( 1)
 129 F   0.75785 0.10402 0.11978 0.01835 ( 1)
 130 E   0.76501 0.09827 0.11940 0.01733 ( 1)
 131 R   0.79273 0.07655 0.11722 0.01350 ( 1)
 132 I   0.78926 0.07921 0.11756 0.01397 ( 1)
 133 E   0.76501 0.09827 0.11940 0.01733 ( 1)
 134 D   0.75789 0.10399 0.11978 0.01834 ( 1)
 135 H   0.42576 0.43911 0.05769 0.07744 ( 2)
 136 I   0.77958 0.08672 0.11841 0.01530 ( 1)
 137 K   0.78857 0.07975 0.11762 0.01406 ( 1)
 138 L   0.83066 0.04889 0.11182 0.00862 ( 1)
 139 I   0.78225 0.08410 0.11881 0.01483 ( 1)
 140 G   0.83226 0.04781 0.11149 0.00843 ( 1)
 141 F   0.75785 0.10402 0.11978 0.01835 ( 1)
 142 F   0.77869 0.08741 0.11848 0.01542 ( 1)
 143 K   0.78680 0.08111 0.11778 0.01431 ( 1)
 144 S   0.77924 0.08699 0.11843 0.01534 ( 1)
 145 E   0.76525 0.09803 0.11944 0.01729 ( 1)
 146 D   0.75789 0.10399 0.11978 0.01834 ( 1)
 147 S   0.79327 0.07616 0.11714 0.01343 ( 1)
 148 E   0.75620 0.10692 0.11802 0.01886 ( 1)
 149 Y   0.25179 0.60302 0.03883 0.10635 ( 2)
 150 Y   0.77293 0.09133 0.11964 0.01611 ( 1)
 151 K   0.78125 0.08473 0.11908 0.01494 ( 1)
 152 A   0.79346 0.07521 0.11806 0.01326 ( 1)
 153 F   0.75356 0.10702 0.12055 0.01887 ( 1)
 154 E   0.76914 0.09436 0.11985 0.01664 ( 1)
 155 E   0.76038 0.10145 0.12028 0.01789 ( 1)
 156 A   0.79058 0.07744 0.11833 0.01366 ( 1)
 157 A   0.79346 0.07521 0.11806 0.01326 ( 1)
 158 E   0.76914 0.09436 0.11985 0.01664 ( 1)
 159 H   0.82153 0.05431 0.11458 0.00958 ( 1)
 160 F   0.77346 0.09090 0.11961 0.01603 ( 1)
 161 Q   0.76770 0.09555 0.11990 0.01685 ( 1)
 162 P   0.83934 0.04160 0.11172 0.00734 ( 1)
 163 Y   0.77293 0.09133 0.11964 0.01611 ( 1)
 164 I   0.28313 0.57223 0.04372 0.10092 ( 2)
 165 K   0.78295 0.08339 0.11895 0.01471 ( 1)
 166 F   0.75356 0.10702 0.12055 0.01887 ( 1)
 167 F   0.75356 0.10702 0.12055 0.01887 ( 1)
 168 A   0.79346 0.07521 0.11806 0.01326 ( 1)
 169 T   0.82913 0.04893 0.11331 0.00863 ( 1)
 170 F   0.77334 0.09102 0.11959 0.01605 ( 1)
 171 D   0.75360 0.10698 0.12055 0.01887 ( 1)
 172 K   0.78295 0.08339 0.11895 0.01471 ( 1)
 173 G   0.82820 0.04959 0.11346 0.00875 ( 1)
 174 V   0.80329 0.06916 0.11535 0.01220 ( 1)
 175 A   0.78290 0.08456 0.11762 0.01491 ( 1)
 176 K   0.77370 0.09179 0.11832 0.01619 ( 1)
 177 K   0.77533 0.09051 0.11820 0.01596 ( 1)
 178 L   0.73052 0.12678 0.12034 0.02236 ( 1)
 179 S   0.83334 0.04778 0.11045 0.00843 ( 1)
 180 L   0.73052 0.12678 0.12034 0.02236 ( 1)
 181 K   0.77370 0.09179 0.11832 0.01619 ( 1)
 182 M   0.82897 0.05076 0.11132 0.00895 ( 1)
 183 N   0.84464 0.04030 0.10796 0.00711 ( 1)
 184 E   0.75392 0.10755 0.11956 0.01897 ( 1)
 185 V   0.80328 0.06917 0.11535 0.01220 ( 1)
 186 D   0.74756 0.11271 0.11985 0.01988 ( 1)
 187 F   0.76628 0.09764 0.11886 0.01722 ( 1)
 188 Y   0.76990 0.09480 0.11858 0.01672 ( 1)
 189 E   0.75392 0.10755 0.11956 0.01897 ( 1)
 190 P   0.76799 0.09627 0.11876 0.01698 ( 1)
 191 F   0.74752 0.11274 0.11986 0.01988 ( 1)
 192 M   0.82897 0.05076 0.11132 0.00895 ( 1)
 193 D   0.74749 0.11278 0.11984 0.01989 ( 1)
 194 E   0.75392 0.10755 0.11956 0.01897 ( 1)
 195 P   0.78274 0.08472 0.11759 0.01494 ( 1)
 196 I   0.77596 0.09001 0.11816 0.01588 ( 1)
 197 A   0.81128 0.06330 0.11426 0.01116 ( 1)
 198 I   0.76788 0.09622 0.11893 0.01697 ( 1)
 199 P   0.80768 0.06548 0.11529 0.01155 ( 1)
 200 D   0.74696 0.11298 0.12013 0.01993 ( 1)
 201 K   0.16507 0.33642 0.43918 0.05933 ( 3)
 202 P   0.78184 0.08508 0.11808 0.01500 ( 1)
 203 Y   0.76501 0.09837 0.11927 0.01735 ( 1)
 204 T   0.77823 0.08790 0.11837 0.01550 ( 1)
 205 E   0.76145 0.10122 0.11947 0.01785 ( 1)
 206 E   0.14870 0.37213 0.41354 0.06563 ( 3)
 207 E   0.75326 0.10784 0.11988 0.01902 ( 1)
 208 L   0.81470 0.06036 0.11429 0.01065 ( 1)
 209 V   0.75649 0.10522 0.11973 0.01856 ( 1)
 210 E   0.14901 0.37371 0.41136 0.06591 ( 3)
 211 F   0.74685 0.11336 0.11980 0.01999 ( 1)
 212 V   0.75522 0.10647 0.11953 0.01878 ( 1)
 213 K   0.77142 0.09354 0.11853 0.01650 ( 1)
 214 E   0.75203 0.10905 0.11969 0.01923 ( 1)
 215 H   0.84050 0.04311 0.10879 0.00760 ( 1)
 216 Q   0.76338 0.09988 0.11913 0.01761 ( 1)
 217 P   0.75047 0.10587 0.12500 0.01867 ( 1)
 218 T   0.78112 0.07999 0.12478 0.01411 ( 1)
 219 L   0.74633 0.10940 0.12497 0.01929 ( 1)
 220 R   0.37186 0.48446 0.05823 0.08544 ( 2)
 221 R   0.75487 0.10190 0.12525 0.01797 ( 1)
 222 L   0.71778 0.13516 0.12322 0.02384 ( 1)
 223 R   0.75521 0.10157 0.12531 0.01791 ( 1)
 224 P   0.74655 0.10925 0.12493 0.01927 ( 1)
 225 E   0.74205 0.11326 0.12472 0.01998 ( 1)
 226 D   0.72417 0.12935 0.12367 0.02281 ( 1)
 227 M   0.79525 0.06706 0.12586 0.01183 ( 1)
 228 F   0.73085 0.12331 0.12409 0.02175 ( 1)
 229 E   0.74162 0.11358 0.12476 0.02003 ( 1)
 230 T   0.75517 0.10160 0.12531 0.01792 ( 1)
 231 W   0.71957 0.13352 0.12336 0.02355 ( 1)
 232 E   0.77488 0.09069 0.11844 0.01599 ( 1)
 233 D   0.74841 0.11191 0.11995 0.01974 ( 1)
 234 D   0.74841 0.11191 0.11995 0.01974 ( 1)
 235 L   0.73899 0.11967 0.12023 0.02111 ( 1)
 236 N   0.83340 0.04747 0.11076 0.00837 ( 1)
 237 G   0.83632 0.04550 0.11016 0.00803 ( 1)
 238 I   0.78032 0.08643 0.11801 0.01524 ( 1)
 239 H   0.86080 0.02995 0.10397 0.00528 ( 1)
 240 I   0.79007 0.07890 0.11711 0.01392 ( 1)
 241 V   0.76929 0.09510 0.11883 0.01677 ( 1)
 242 A   0.82770 0.05137 0.11186 0.00906 ( 1)
 243 F   0.75971 0.10301 0.11911 0.01817 ( 1)
 244 A   0.82849 0.05060 0.11198 0.00892 ( 1)
 245 E   0.76568 0.09796 0.11908 0.01728 ( 1)
 246 R   0.86121 0.02965 0.10391 0.00523 ( 1)
 247 S   0.77998 0.08670 0.11803 0.01529 ( 1)
 248 D   0.74841 0.11191 0.11995 0.01974 ( 1)
 249 P   0.78132 0.08563 0.11794 0.01510 ( 1)
 250 D   0.74766 0.11238 0.12015 0.01982 ( 1)
 251 G   0.83234 0.04774 0.11150 0.00842 ( 1)
 252 Y   0.78110 0.08588 0.11788 0.01515 ( 1)
 253 E   0.76507 0.09821 0.11941 0.01732 ( 1)
 254 F   0.77876 0.08735 0.11849 0.01541 ( 1)
 255 L   0.72237 0.13337 0.12073 0.02352 ( 1)
 256 E   0.76507 0.09821 0.11941 0.01732 ( 1)
 257 I   0.77964 0.08666 0.11842 0.01528 ( 1)
 258 L   0.72240 0.13334 0.12074 0.02352 ( 1)
 259 K   0.78687 0.08104 0.11779 0.01429 ( 1)
 260 Q   0.77277 0.09212 0.11887 0.01625 ( 1)
 261 V   0.81843 0.05748 0.11395 0.01014 ( 1)
 262 A   0.80021 0.07072 0.11659 0.01247 ( 1)
 263 R   0.86718 0.02588 0.10237 0.00457 ( 1)
 264 D   0.75795 0.10393 0.11978 0.01833 ( 1)
 265 N   0.83237 0.04771 0.11150 0.00842 ( 1)
 266 T   0.85549 0.03315 0.10551 0.00585 ( 1)
 267 D   0.75795 0.10393 0.11978 0.01833 ( 1)
 268 N   0.83237 0.04771 0.11150 0.00842 ( 1)
 269 P   0.82416 0.05340 0.11302 0.00942 ( 1)
 270 D   0.25558 0.59848 0.04039 0.10555 ( 2)
 271 L   0.73606 0.12263 0.11968 0.02163 ( 1)
 272 S   0.51523 0.35732 0.06443 0.06302 ( 1)
 273 I   0.78088 0.08558 0.11844 0.01509 ( 1)
 274 V   0.07082 0.78267 0.00848 0.13804 ( 2)
 275 W   0.74100 0.11782 0.12040 0.02078 ( 1)
 276 I   0.77964 0.08666 0.11842 0.01528 ( 1)
 277 D   0.75795 0.10393 0.11978 0.01833 ( 1)
 278 P   0.78064 0.08586 0.11835 0.01514 ( 1)
 279 D   0.74949 0.11075 0.12022 0.01953 ( 1)
 280 D   0.75795 0.10393 0.11978 0.01833 ( 1)
 281 F   0.75790 0.10397 0.11979 0.01834 ( 1)
 282 P   0.82416 0.05340 0.11302 0.00942 ( 1)
 283 L   0.72237 0.13337 0.12073 0.02352 ( 1)
 284 L   0.83214 0.04841 0.11091 0.00854 ( 1)
 285 V   0.81905 0.05754 0.11326 0.01015 ( 1)
 286 A   0.82503 0.05395 0.11150 0.00951 ( 1)
 287 Y   0.78310 0.08438 0.11765 0.01488 ( 1)
 288 W   0.74120 0.11786 0.12015 0.02079 ( 1)
 289 E   0.77460 0.09097 0.11839 0.01604 ( 1)
 290 K   0.78729 0.08111 0.11730 0.01430 ( 1)
 291 T   0.83735 0.04478 0.10997 0.00790 ( 1)
 292 F   0.77913 0.08741 0.11804 0.01542 ( 1)
 293 K   0.78729 0.08111 0.11730 0.01430 ( 1)
 294 I   0.78976 0.07920 0.11706 0.01397 ( 1)
 295 D   0.75822 0.10399 0.11945 0.01834 ( 1)
 296 L   0.78023 0.08658 0.11792 0.01527 ( 1)
 297 F   0.77913 0.08741 0.11804 0.01542 ( 1)
 298 K   0.78729 0.08111 0.11730 0.01430 ( 1)
 299 P   0.78227 0.08483 0.11794 0.01496 ( 1)
 300 Q   0.77308 0.09219 0.11848 0.01626 ( 1)
 301 I   0.78976 0.07920 0.11706 0.01397 ( 1)
 302 G   0.83094 0.04924 0.11113 0.00868 ( 1)
 303 V   0.76902 0.09537 0.11879 0.01682 ( 1)
 304 V   0.76902 0.09537 0.11879 0.01682 ( 1)
 305 N   0.86096 0.02999 0.10375 0.00529 ( 1)
 306 V   0.81902 0.05757 0.11326 0.01015 ( 1)
 307 T   0.79320 0.07659 0.11671 0.01351 ( 1)
 308 D   0.74759 0.11271 0.11982 0.01988 ( 1)
 309 A   0.79806 0.07336 0.11564 0.01294 ( 1)
 310 D   0.75665 0.10553 0.11920 0.01861 ( 1)
 311 S   0.77785 0.08878 0.11771 0.01566 ( 1)
 312 V   0.81559 0.06053 0.11321 0.01067 ( 1)
 313 W   0.73991 0.11914 0.11994 0.02101 ( 1)
 314 M   0.84355 0.04138 0.10776 0.00730 ( 1)
 315 E   0.76372 0.09988 0.11878 0.01762 ( 1)
 316 I   0.78784 0.08108 0.11678 0.01430 ( 1)
 317 P   0.78051 0.08643 0.11782 0.01524 ( 1)
 318 D   0.14489 0.38336 0.40414 0.06761 ( 3)
 319 G   0.86724 0.02700 0.10099 0.00476 ( 1)
 320 D   0.74677 0.11353 0.11968 0.02002 ( 1)
 321 D   0.19198 0.66117 0.03024 0.11661 ( 2)
 322 L   0.72179 0.13411 0.12045 0.02365 ( 1)
 323 P   0.79542 0.07527 0.11603 0.01328 ( 1)
 324 T   0.79125 0.07849 0.11642 0.01384 ( 1)
 325 A   0.79826 0.07317 0.11567 0.01290 ( 1)
 326 E   0.76370 0.09990 0.11877 0.01762 ( 1)
 327 E   0.76370 0.09990 0.11877 0.01762 ( 1)
 328 L   0.72156 0.13434 0.12041 0.02369 ( 1)
 329 E   0.77282 0.09271 0.11812 0.01635 ( 1)
 330 D   0.75665 0.10553 0.11920 0.01861 ( 1)
 331 W   0.73991 0.11914 0.11994 0.02101 ( 1)
 332 I   0.17773 0.31425 0.45259 0.05542 ( 3)
 333 E   0.76370 0.09990 0.11877 0.01762 ( 1)
 334 D   0.74732 0.11320 0.11951 0.01997 ( 1)
 335 V   0.76730 0.09705 0.11853 0.01712 ( 1)
 336 L   0.83013 0.05034 0.11065 0.00888 ( 1)
 337 S   0.83737 0.04554 0.10907 0.00803 ( 1)
 338 G   0.83401 0.04772 0.10985 0.00842 ( 1)
 339 K   0.78539 0.08297 0.11701 0.01463 ( 1)
 340 I   0.87377 0.02333 0.09879 0.00411 ( 1)
 341 N   0.22285 0.22817 0.50874 0.04024 ( 3)
 342 T   0.83497 0.04706 0.10966 0.00830 ( 1)
 343 E   0.76452 0.09910 0.11890 0.01748 ( 1)
 344 D   0.23696 0.61636 0.03798 0.10870 ( 2)
 345 D   0.23921 0.61408 0.03841 0.10830 ( 2)
 346 D   0.75592 0.10604 0.11933 0.01870 ( 1)
 347 N   0.00018 0.84991 0.00002 0.14990 ( 2)
 348 E   0.27610 0.57940 0.04231 0.10219 ( 2)
 349 D   0.23727 0.61599 0.03809 0.10864 ( 2)
 350 E   0.77200 0.09305 0.11854 0.01641 ( 1)
 351 E   0.00126 0.84617 0.00333 0.14924 ( 2)
 352 D   0.23240 0.62080 0.03731 0.10949 ( 2)
 353 E   0.77209 0.09316 0.11832 0.01643 ( 1)
 354 E   0.15606 0.35683 0.42418 0.06293 ( 3)
 355 D   0.01871 0.83162 0.00299 0.14667 ( 2)
 356 D   0.75665 0.10553 0.11920 0.01861 ( 1)
 357 D   0.15740 0.36573 0.41236 0.06450 ( 3)
 358 D   0.75659 0.10560 0.11919 0.01862 ( 1)
 359 D   0.14386 0.38816 0.39952 0.06846 ( 3)
 360 D   0.23668 0.61672 0.03784 0.10877 ( 2)
 361 D   0.75665 0.10553 0.11920 0.01861 ( 1)
 362 N   0.00001 0.85006 0.00000 0.14992 ( 2)
 363 D   0.74760 0.10950 0.12359 0.01931 ( 1)
 364 N   0.83834 0.03628 0.11898 0.00640 ( 1)
 365 S   0.81919 0.05040 0.12152 0.00889 ( 1)
 366 D   0.74718 0.10975 0.12372 0.01936 ( 1)
 367 E   0.75969 0.09807 0.12494 0.01730 ( 1)
 368 E   0.01920 0.78780 0.05406 0.13894 ( 2)
 369 D   0.00148 0.84862 0.00023 0.14967 ( 2)
 370 D   0.15231 0.37995 0.40073 0.06701 ( 3)
 371 D   0.75665 0.10553 0.11920 0.01861 ( 1)
 372 S   0.00009 0.84668 0.00391 0.14933 ( 2)
 373 D   0.01756 0.79352 0.04898 0.13995 ( 2)
 374 D   0.15725 0.36562 0.41265 0.06448 ( 3)
 375 D   0.23062 0.62262 0.03695 0.10981 ( 2)
 376 E   0.00109 0.84900 0.00017 0.14974 ( 2)
 377 D   0.75364 0.10829 0.11897 0.01910 ( 1)


lnL = -3075.703048

