Supplemental results for CODEML (seqf: /home/leticiamagpali/phd/evol_models/codeml/small_dataset/cml_align/CALML6_codon_aligned.phy  treef: /home/leticiamagpali/phd/evol_models/codeml/small_dataset/cml_trees/gene_trees/H1a_gene_trees/CALML6_tree_H1a.tre)

I	J	ij	2Ns_IJ	pMut_IJ	pSub_IJ	2Ns_JI	pMut_JI	pSub_JI

TTC	TTT	CT	0.23581	0.09901	0.11114	-0.23581	0.12534	0.11114
TTA	TTT	AT	10.62324	0.00000	0.00000	-10.62324	0.02626	0.00001
TTA	TTC	AC	10.38743	0.00000	0.00000	-10.38743	0.09803	0.00003
TTG	TTT	GT	2.46238	0.00072	0.00195	-2.46238	0.00850	0.00195
TTG	TTC	GC	2.22657	0.00342	0.00854	-2.22657	0.03173	0.00854
TTG	TTA	GA	-8.16085	0.01709	0.00004	8.16085	0.00000	0.00000
TCT	TTT	CT	1.34339	0.03271	0.05946	-1.34339	0.12534	0.05946
TCC	TTC	CT	1.63688	0.09105	0.18505	-1.63688	0.46794	0.18505
TCC	TCT	CT	0.52930	0.09105	0.11727	-0.52930	0.15459	0.11727
TCA	TTA	CT	-4.09334	0.00088	0.00006	4.09334	0.00000	0.00000
TCA	TCT	AT	5.18650	0.00018	0.00094	-5.18650	0.03239	0.00094
TCA	TCC	AC	4.65720	0.00086	0.00402	-4.65720	0.09016	0.00402
TCG	TTG	CT	2.93941	0.00088	0.00274	-2.93941	0.01671	0.00274
TCG	TCT	GT	4.05840	0.00018	0.00075	-4.05840	0.01048	0.00075
TCG	TCC	GC	3.52910	0.00086	0.00311	-3.52910	0.02918	0.00311
TCG	TCA	GA	-1.12810	0.00427	0.00231	1.12810	0.00138	0.00231
TAT	TTT	AT	10.62324	0.00000	0.00000	-10.62324	0.02626	0.00001
TAT	TCT	AC	9.27985	0.00000	0.00000	-9.27985	0.03239	0.00003
TAC	TTC	AT	1.89963	0.01467	0.03277	-1.89963	0.09803	0.03277
TAC	TCC	AC	0.26275	0.06932	0.07883	-0.26275	0.09016	0.07883
TAC	TAT	CT	-8.48779	0.07161	0.00013	8.48779	0.00000	0.00000
TGT	TTT	GT	1.28373	0.00235	0.00418	-1.28373	0.00850	0.00418
TGT	TCT	GC	-0.05966	0.01113	0.01080	0.05966	0.01048	0.01080
TGT	TAT	GA	-9.33951	0.05555	0.00005	9.33951	0.00000	0.00000
TGC	TTC	GT	1.52839	0.00688	0.01343	-1.52839	0.03173	0.01343
TGC	TCC	GC	-0.10849	0.03252	0.03079	0.10849	0.02918	0.03079
TGC	TAC	GA	-0.37124	0.16237	0.13409	0.37124	0.11202	0.13409
TGC	TGT	CT	0.48048	0.03359	0.04231	-0.48048	0.05431	0.04231
TGG	TTG	GT	-2.45668	0.01322	0.00304	2.45668	0.00113	0.00304
TGG	TCG	GC	-5.39609	0.06248	0.00154	5.39609	0.00028	0.00154
TGG	TGT	GT	-1.27803	0.01322	0.00652	1.27803	0.00368	0.00652
TGG	TGC	GC	-1.75851	0.06248	0.02287	1.75851	0.01076	0.02287
CTT	TTT	CT	10.60077	0.00000	0.00000	-10.60077	0.12534	0.00003
CTC	TTC	CT	1.50093	0.10431	0.20148	-1.50093	0.46794	0.20148
CTC	CTT	CT	-8.86403	0.10431	0.00013	8.86403	0.00000	0.00000
CTA	TTA	CT	-4.78649	0.00177	0.00007	4.78649	0.00000	0.00000
CTA	CTT	AT	-4.76402	0.00036	0.00001	4.76402	0.00000	0.00000
CTA	CTC	AC	4.10001	0.00171	0.00714	-4.10001	0.10328	0.00714
CTG	TTG	CT	-2.41718	0.18741	0.04435	2.41718	0.01671	0.04435
CTG	CTT	GT	-10.55556	0.03839	0.00001	10.55556	0.00000	0.00000
CTG	CTC	GC	-1.69153	0.18144	0.06931	1.69153	0.03343	0.06931
CTG	CTA	GA	-5.79154	0.90586	0.01607	5.79154	0.00277	0.01607
CCT	TCT	CT	0.53906	0.09017	0.11665	-0.53906	0.15459	0.11665
CCT	CTT	CT	-8.71832	0.09017	0.00013	8.71832	0.00000	0.00000
CCC	TCC	CT	1.41716	0.10431	0.19513	-1.41716	0.43033	0.19513
CCC	CTC	CT	1.55311	0.10431	0.20549	-1.55311	0.49300	0.20549
CCC	CCT	CT	1.40740	0.10431	0.19440	-1.40740	0.42616	0.19440
CCA	TCA	CT	-1.97325	0.03006	0.00958	1.97325	0.00418	0.00958
CCA	CTA	CT	-1.28010	0.03006	0.01482	1.28010	0.00836	0.01482
CCA	CCT	AT	2.67420	0.00616	0.01768	-2.67420	0.08928	0.01768
CCA	CCC	AC	1.26679	0.02910	0.05132	-1.26679	0.10328	0.05132
CCG	TCG	CT	-1.15494	0.01326	0.00705	1.15494	0.00418	0.00705
CCG	CTG	CT	4.20165	0.01326	0.05656	-4.20165	0.88574	0.05656
CCG	CCT	GT	2.36440	0.00272	0.00709	-2.36440	0.02890	0.00709
CCG	CCC	GC	0.95700	0.01284	0.01995	-0.95700	0.03343	0.01995
CCG	CCA	GA	-0.30979	0.06409	0.05468	0.30979	0.04702	0.05468
CAT	TAT	CT	-6.39593	0.00884	0.00009	6.39593	0.00000	0.00000
CAT	CTT	AT	-6.37346	0.00181	0.00002	6.37346	0.00000	0.00000
CAT	CCT	AC	2.34486	0.00856	0.02220	-2.34486	0.08928	0.02220
CAC	TAC	CT	2.20989	0.03713	0.09216	-2.20989	0.33842	0.09216
CAC	CTC	AT	2.60860	0.00761	0.02142	-2.60860	0.10328	0.02142
CAC	CCC	AC	1.05549	0.03595	0.05819	-1.05549	0.10328	0.05819
CAC	CAT	CT	0.11803	0.03713	0.03936	-0.11803	0.04178	0.03936
CAA	CTA	AT	0.07151	0.00163	0.00169	-0.07151	0.00175	0.00169
CAA	CCA	AC	1.35161	0.00770	0.01405	-1.35161	0.02976	0.01405
CAA	CAT	AT	1.68094	0.00163	0.00337	-1.68094	0.00875	0.00337
CAA	CAC	AC	1.56292	0.00770	0.01523	-1.56292	0.03676	0.01523
CAG	CTG	AT	2.41038	0.01666	0.04412	-2.41038	0.18556	0.04412
CAG	CCG	AC	-1.79127	0.07874	0.02822	1.79127	0.01313	0.02822
CAG	CAT	GT	-1.77172	0.01666	0.00605	1.77172	0.00283	0.00605
CAG	CAC	GC	-1.88975	0.07874	0.02649	1.88975	0.01190	0.02649
CAG	CAA	GA	-3.45267	0.39311	0.04438	3.45267	0.01245	0.04438
CGT	TGT	CT	2.73177	0.00354	0.01033	-2.73177	0.05431	0.01033
CGT	CTT	GT	-6.58527	0.00072	0.00001	6.58527	0.00000	0.00000
CGT	CCT	GC	2.13305	0.00342	0.00828	-2.13305	0.02890	0.00828
CGT	CAT	GA	-0.21181	0.01709	0.01535	0.21181	0.01383	0.01535
CGC	TGC	CT	1.75671	0.02740	0.05819	-1.75671	0.15876	0.05819
CGC	CTC	GT	1.78418	0.00561	0.01204	-1.78418	0.03343	0.01204
CGC	CCC	GC	0.23107	0.02653	0.02971	-0.23107	0.03343	0.02971
CGC	CAC	GA	-0.82442	0.13246	0.08528	0.82442	0.05808	0.08528
CGC	CGT	CT	-0.49458	0.02740	0.02118	0.49458	0.01671	0.02118
CGA	CTA	GT	-1.49843	0.00254	0.00109	1.49843	0.00057	0.00109
CGA	CCA	GC	-0.21833	0.01198	0.01072	0.21833	0.00963	0.01072
CGA	CAA	GA	-1.56993	0.05982	0.02467	1.56993	0.01245	0.02467
CGA	CGT	AT	0.32282	0.00254	0.00297	-0.32282	0.00350	0.00297
CGA	CGC	AC	0.81740	0.01198	0.01754	-0.81740	0.02713	0.01754
CGG	TGG	CT	2.70808	0.02033	0.05899	-2.70808	0.30499	0.05899
CGG	CTG	GT	2.66857	0.00416	0.01194	-2.66857	0.06006	0.01194
CGG	CCG	GC	-1.53308	0.01968	0.00831	1.53308	0.00425	0.00831
CGG	CAG	GA	0.25819	0.09828	0.11151	-0.25819	0.12723	0.11151
CGG	CGT	GT	-1.30172	0.00416	0.00203	1.30172	0.00113	0.00203
CGG	CGC	GC	-0.80714	0.01968	0.01280	0.80714	0.00878	0.01280
CGG	CGA	GA	-1.62454	0.09828	0.03917	1.62454	0.01936	0.03917
ATT	TTT	AT	3.03087	0.00127	0.00404	-3.03087	0.02626	0.00404
ATT	CTT	AC	-7.56990	0.00599	0.00002	7.56990	0.00000	0.00000
ATC	TTC	AT	2.07458	0.01231	0.02922	-2.07458	0.09803	0.02922
ATC	CTC	AC	0.57365	0.05820	0.07648	-0.57365	0.10328	0.07648
ATC	ATT	CT	-0.72048	0.06011	0.04104	0.72048	0.02925	0.04104
ATA	TTA	AT	-5.45717	0.00072	0.00002	5.45717	0.00000	0.00000
ATA	CTA	AC	-0.67068	0.00342	0.00240	0.67068	0.00175	0.00240
ATA	ATT	AT	2.13520	0.00072	0.00175	-2.13520	0.00613	0.00175
ATA	ATC	AC	2.85568	0.00342	0.01037	-2.85568	0.05952	0.01037
ATG	TTG	AT	-2.15011	0.03006	0.00852	2.15011	0.00350	0.00852
ATG	CTG	AC	0.26707	0.14207	0.16188	-0.26707	0.18556	0.16188
ATG	ATT	GT	-2.71860	0.03006	0.00577	2.71860	0.00198	0.00577
ATG	ATC	GC	-1.99811	0.14207	0.04453	1.99811	0.01926	0.04453
ATG	ATA	GA	-4.85380	0.70931	0.02706	4.85380	0.00553	0.02706
ACT	TCT	AT	2.47845	0.00272	0.00735	-2.47845	0.03239	0.00735
ACT	CCT	AC	1.93939	0.01284	0.02908	-1.93939	0.08928	0.02908
ACT	ATT	CT	0.79097	0.01326	0.01919	-0.79097	0.02925	0.01919
ACC	TCC	AT	2.31849	0.00887	0.02282	-2.31849	0.09016	0.02282
ACC	CCC	AC	0.90133	0.04194	0.06364	-0.90133	0.10328	0.06364
ACC	ATC	CT	1.88080	0.04332	0.09613	-1.88080	0.28410	0.09613
ACC	ACT	CT	0.36934	0.04332	0.05181	-0.36934	0.06267	0.05181
ACA	TCA	AT	0.88244	0.00036	0.00055	-0.88244	0.00088	0.00055
ACA	CCA	AC	2.85568	0.00171	0.00519	-2.85568	0.02976	0.00519
ACA	ATA	CT	2.24626	0.00177	0.00444	-2.24626	0.01671	0.00444
ACA	ACT	AT	3.59049	0.00036	0.00134	-3.59049	0.01313	0.00134
ACA	ACC	AC	3.22114	0.00171	0.00574	-3.22114	0.04289	0.00574
ACG	TCG	AT	-2.67291	0.01268	0.00251	2.67291	0.00088	0.00251
ACG	CCG	AC	-1.51798	0.05991	0.02552	1.51798	0.01313	0.02552
ACG	ATG	CT	2.41661	0.06188	0.16419	-2.41661	0.69355	0.16419
ACG	ACT	GT	-1.09296	0.01268	0.00699	1.09296	0.00425	0.00699
ACG	ACC	GC	-1.46231	0.05991	0.02642	1.46231	0.01388	0.02642
ACG	ACA	GA	-4.68345	0.29911	0.01307	4.68345	0.00277	0.01307
AAT	TAT	AT	-6.55578	0.00217	0.00002	6.55578	0.00000	0.00000
AAT	CAT	AC	-0.15985	0.01027	0.00947	0.15985	0.00875	0.00947
AAT	ATT	AT	1.03659	0.00217	0.00349	-1.03659	0.00613	0.00349
AAT	ACT	AC	0.24561	0.01027	0.01158	-0.24561	0.01313	0.01158
AAC	TAC	AT	1.78038	0.01195	0.02559	-1.78038	0.07090	0.02559
AAC	CAC	AC	-0.42952	0.05649	0.04522	0.42952	0.03676	0.04522
AAC	ATC	AT	1.60544	0.01195	0.02401	-1.60544	0.05952	0.02401
AAC	ACC	AC	-0.27536	0.05649	0.04907	0.27536	0.04289	0.04907
AAC	AAT	CT	-0.15163	0.05835	0.05403	0.15163	0.05014	0.05403
AAA	CAA	AC	-0.55289	0.01369	0.01026	0.55289	0.00788	0.01026
AAA	ATA	AT	0.18929	0.00290	0.00318	-0.18929	0.00350	0.00318
AAA	ACA	AC	-2.05697	0.01369	0.00413	2.05697	0.00175	0.00413
AAA	AAT	AT	1.28790	0.00290	0.00515	-1.28790	0.01050	0.00515
AAA	AAC	AC	1.43954	0.01369	0.02584	-1.43954	0.05777	0.02584
AAG	CAG	AC	-0.74905	0.17031	0.11442	0.74905	0.08053	0.11442
AAG	ATG	AT	1.39427	0.03604	0.06682	-1.39427	0.14530	0.06682
AAG	ACG	AC	-1.02234	0.17031	0.09784	1.02234	0.06127	0.09784
AAG	AAT	GT	-2.36092	0.03604	0.00886	2.36092	0.00340	0.00886
AAG	AAC	GC	-2.20928	0.17031	0.04640	2.20928	0.01870	0.04640
AAG	AAA	GA	-3.64882	0.85032	0.08289	3.64882	0.02213	0.08289
AGT	TGT	AT	0.29039	0.00851	0.00981	-0.29039	0.01138	0.00981
AGT	CGT	AC	-2.44138	0.04022	0.00936	2.44138	0.00350	0.00936
AGT	ATT	GT	-1.45676	0.00851	0.00377	1.45676	0.00198	0.00377
AGT	ACT	GC	-2.24773	0.04022	0.01068	2.24773	0.00425	0.01068
AGT	AAT	GA	-2.49334	0.20083	0.04510	2.49334	0.01660	0.04510
AGC	TGC	AT	1.24288	0.00960	0.01677	-1.24288	0.03326	0.01677
AGC	CGC	AC	-0.51383	0.04536	0.03470	0.51383	0.02713	0.03470
AGC	ATC	GT	0.69670	0.00960	0.01333	-0.69670	0.01926	0.01333
AGC	ACC	GC	-1.18410	0.04536	0.02368	1.18410	0.01388	0.02368
AGC	AAC	GA	-0.90874	0.22647	0.13894	0.90874	0.09127	0.13894
AGC	AGT	CT	1.43297	0.04685	0.08818	-1.43297	0.19637	0.08818
AGA	CGA	AC	-0.17169	0.01455	0.01334	0.17169	0.01225	0.01334
AGA	ATA	GT	-0.99944	0.00308	0.00179	0.99944	0.00113	0.00179
AGA	ACA	GC	-3.24570	0.01455	0.00191	3.24570	0.00057	0.00191
AGA	AAA	GA	-1.18873	0.07264	0.03782	1.18873	0.02213	0.03782
AGA	AGT	AT	2.59252	0.00308	0.00863	-2.59252	0.04114	0.00863
AGA	AGC	AC	1.15955	0.01455	0.02458	-1.15955	0.04639	0.02458
AGG	TGG	AT	2.31070	0.00634	0.01626	-2.31070	0.06390	0.01626
AGG	CGG	AC	-0.39738	0.02995	0.02440	0.39738	0.02013	0.02440
AGG	ATG	GT	2.00412	0.00634	0.01468	-2.00412	0.04703	0.01468
AGG	ACG	GC	-0.41248	0.02995	0.02420	0.41248	0.01983	0.02420
AGG	AAG	GA	0.60985	0.14955	0.19976	-0.60985	0.27520	0.19976
AGG	AGT	GT	0.74228	0.00634	0.00898	-0.74228	0.01331	0.00898
AGG	AGC	GC	-0.69069	0.02995	0.02079	0.69069	0.01501	0.02079
AGG	AGA	GA	-1.85024	0.14955	0.05161	1.85024	0.02351	0.05161
GTT	TTT	GT	9.49514	0.00000	0.00000	-9.49514	0.00850	0.00001
GTT	CTT	GC	-1.10563	0.00000	0.00000	1.10563	0.00000	0.00000
GTT	ATT	GA	6.46427	0.00000	0.00000	-6.46427	0.00968	0.00010
GTC	TTC	GT	1.63962	0.00616	0.01253	-1.63962	0.03173	0.01253
GTC	CTC	GC	0.13869	0.02910	0.03116	-0.13869	0.03343	0.03116
GTC	ATC	GA	-0.43495	0.14528	0.11597	0.43495	0.09404	0.11597
GTC	GTT	CT	-7.61970	0.03006	0.00011	7.61970	0.00000	0.00000
GTA	TTA	GT	0.44748	0.00000	0.00000	-0.44748	0.00000	0.00000
GTA	CTA	GC	5.23397	0.00000	0.00000	-5.23397	0.00057	0.00002
GTA	ATA	GA	5.90465	0.00000	0.00000	-5.90465	0.00553	0.00009
GTA	GTT	AT	1.57558	0.00000	0.00000	-1.57558	0.00000	0.00000
GTA	GTC	AC	9.19529	0.00000	0.00000	-9.19529	0.02976	0.00003
GTG	TTG	GT	-2.93691	0.02137	0.00351	2.93691	0.00113	0.00351
GTG	CTG	GC	-0.51973	0.10099	0.07701	0.51973	0.06006	0.07701
GTG	ATG	GA	-0.78680	0.50421	0.33160	0.78680	0.22957	0.33160
GTG	GTT	GT	-9.96966	0.02137	0.00001	9.96966	0.00000	0.00000
GTG	GTC	GC	-2.34996	0.10099	0.02502	2.34996	0.00963	0.02502
GTG	GTA	GA	-11.54524	0.50421	0.00006	11.54524	0.00000	0.00000
GCT	TCT	GT	0.62441	0.00561	0.00755	-0.62441	0.01048	0.00755
GCT	CCT	GC	0.08535	0.02653	0.02768	-0.08535	0.02890	0.02768
GCT	ACT	GA	-1.85404	0.13246	0.04560	1.85404	0.02074	0.04560
GCT	GTT	CT	-7.52733	0.02740	0.00011	7.52733	0.00000	0.00000
GCC	TCC	GT	-0.10518	0.03241	0.03074	0.10518	0.02918	0.03074
GCC	CCC	GC	-1.52233	0.15320	0.06509	1.52233	0.03343	0.06509
GCC	ACC	GA	-2.42367	0.76486	0.18020	2.42367	0.06776	0.18020
GCC	GTC	CT	-0.10791	0.15824	0.14985	0.10791	0.14205	0.14985
GCC	GCT	CT	-0.20028	0.15824	0.14292	0.20028	0.12952	0.14292
GCA	TCA	GT	-0.24567	0.00036	0.00032	0.24567	0.00028	0.00032
GCA	CCA	GC	1.72758	0.00171	0.00360	-1.72758	0.00963	0.00360
GCA	ACA	GA	-1.12810	0.00855	0.00461	1.12810	0.00277	0.00461
GCA	GTA	CT	-4.78649	0.00177	0.00007	4.78649	0.00000	0.00000
GCA	GCT	AT	4.31642	0.00036	0.00158	-4.31642	0.02713	0.00158
GCA	GCC	AC	4.51671	0.00171	0.00782	-4.51671	0.15668	0.00782
GCG	TCG	GT	-4.24387	0.01974	0.00122	4.24387	0.00028	0.00122
GCG	CCG	GC	-3.08893	0.09329	0.01375	3.08893	0.00425	0.01375
GCG	ACG	GA	-1.57095	0.46575	0.19198	1.57095	0.09680	0.19198
GCG	GTG	CT	1.63245	0.09636	0.19551	-1.63245	0.49300	0.19551
GCG	GCT	GT	-0.80988	0.01974	0.01281	0.80988	0.00878	0.01281
GCG	GCC	GC	-0.60959	0.09329	0.06772	0.60959	0.05071	0.06772
GCG	GCA	GA	-5.12630	0.46575	0.01426	5.12630	0.00277	0.01426
GAT	TAT	GT	-8.08935	0.00326	0.00001	8.08935	0.00000	0.00000
GAT	CAT	GC	-1.69342	0.01541	0.00588	1.69342	0.00283	0.00588
GAT	AAT	GA	-1.53357	0.07691	0.03245	1.53357	0.01660	0.03245
GAT	GTT	AT	-6.96125	0.00326	0.00002	6.96125	0.00000	0.00000
GAT	GCT	AC	0.56609	0.01541	0.02017	-0.56609	0.02713	0.02017
GAC	TAC	GT	-0.36208	0.03296	0.02735	0.36208	0.02295	0.02735
GAC	CAC	GC	-2.57197	0.15576	0.03313	2.57197	0.01190	0.03313
GAC	AAC	GA	-2.14245	0.77768	0.22155	2.14245	0.09127	0.22155
GAC	GTC	AT	-0.10206	0.03296	0.03130	0.10206	0.02976	0.03130
GAC	GCC	AC	0.00585	0.15576	0.15622	-0.00585	0.15668	0.15622
GAC	GAT	CT	-0.76052	0.16089	0.10739	0.76052	0.07520	0.10739
GAA	CAA	GC	-1.90414	0.01712	0.00570	1.90414	0.00255	0.00570
GAA	AAA	GA	-1.35125	0.08546	0.04034	1.35125	0.02213	0.04034
GAA	GTA	AT	-7.06661	0.00362	0.00002	7.06661	0.00000	0.00000
GAA	GCA	AC	-2.28012	0.01712	0.00445	2.28012	0.00175	0.00445
GAA	GAT	AT	1.47022	0.00362	0.00691	-1.47022	0.01576	0.00691
GAA	GAC	AC	2.23074	0.01712	0.04278	-2.23074	0.15930	0.04278
GAG	CAG	GC	-2.46438	0.30639	0.07020	2.46438	0.02606	0.07020
GAG	AAG	GA	-1.71533	1.52971	0.57562	1.71533	0.27520	0.57562
GAG	GTG	AT	0.46574	0.06483	0.08109	-0.46574	0.10328	0.08109
GAG	GCG	AC	-1.16672	0.30639	0.16165	1.16672	0.09541	0.16165
GAG	GAT	GT	-2.54268	0.06483	0.01407	2.54268	0.00510	0.01407
GAG	GAC	GC	-1.78216	0.30639	0.11047	1.78216	0.05156	0.11047
GAG	GAA	GA	-4.01290	1.52971	0.11303	4.01290	0.02766	0.11303
GGT	TGT	GT	0.17922	0.00308	0.00336	-0.17922	0.00368	0.00336
GGT	CGT	GC	-2.55255	0.01455	0.00314	2.55255	0.00113	0.00314
GGT	AGT	GA	-0.11117	0.07264	0.06868	0.11117	0.06500	0.06868
GGT	GTT	GT	-8.03219	0.00308	0.00001	8.03219	0.00000	0.00000
GGT	GCT	GC	-0.50486	0.01455	0.01118	0.50486	0.00878	0.01118
GGT	GAT	GA	-1.07094	0.07264	0.04056	1.07094	0.02489	0.04056
GGC	TGC	GT	-0.82759	0.02463	0.01583	0.82759	0.01076	0.01583
GGC	CGC	GC	-2.58430	0.11639	0.02455	2.58430	0.00878	0.02455
GGC	AGC	GA	-2.07047	0.58112	0.17366	2.07047	0.07330	0.17366
GGC	GTC	GT	-0.93881	0.02463	0.01485	0.93881	0.00963	0.01485
GGC	GCC	GC	-0.83090	0.11639	0.07466	0.83090	0.05071	0.07466
GGC	GAC	GA	-0.83675	0.58112	0.37151	0.83675	0.25169	0.37151
GGC	GGT	CT	-0.52633	0.12023	0.09135	0.52633	0.07103	0.09135
GGA	CGA	GC	-1.83387	0.02482	0.00866	1.83387	0.00397	0.00866
GGA	AGA	GA	-1.66218	0.12392	0.04823	1.66218	0.02351	0.04823
GGA	GTA	GT	-8.56627	0.00525	0.00001	8.56627	0.00000	0.00000
GGA	GCA	GC	-3.77978	0.02482	0.00219	3.77978	0.00057	0.00219
GGA	GAA	GA	-1.49967	0.12392	0.05340	1.49967	0.02766	0.05340
GGA	GGT	AT	1.04150	0.00525	0.00845	-1.04150	0.01488	0.00845
GGA	GGC	AC	1.56783	0.02482	0.04916	-1.56783	0.11904	0.04916
GGG	TGG	GT	-0.28594	0.02753	0.02378	0.28594	0.02068	0.02378
GGG	CGG	GC	-2.99402	0.13009	0.02054	2.99402	0.00652	0.02054
GGG	AGG	GA	-2.59663	0.64949	0.13580	2.59663	0.04840	0.13580
GGG	GTG	GT	0.19429	0.02753	0.03029	-0.19429	0.03343	0.03029
GGG	GCG	GC	-1.43816	0.13009	0.05823	1.43816	0.03088	0.05823
GGG	GAG	GA	-0.27145	0.64949	0.56532	0.27145	0.49509	0.56532
GGG	GGT	GT	-1.74319	0.02753	0.01018	1.74319	0.00482	0.01018
GGG	GGC	GC	-1.21686	0.13009	0.06661	1.21686	0.03853	0.06661
GGG	GGA	GA	-2.78469	0.64949	0.11903	2.78469	0.04010	0.11903


Histograms
2Ns	FMut	FSub(CodonUsage)	FSubw(after w)

-10.99547	0.01841	0.00001
-9.89592	0.00327	0.00000
-8.79638	0.00994	0.00002
-7.69683	0.00222	0.00001
-6.59728	0.00077	0.00001
-5.49774	0.03765	0.00145
-4.39819	0.09802	0.01026
-3.29864	0.06118	0.01415
-2.19909	0.26997	0.13328
-1.09955	0.23017	0.20465
0.00000	0.16058	0.27240
1.09955	0.07117	0.20465
2.19909	0.03261	0.13328
3.29864	0.00250	0.01415
4.39819	0.00139	0.01025
5.49774	0.00015	0.00145
6.59728	0.00000	0.00000
7.69683	0.00000	0.00000
8.79638	0.00000	0.00000
9.89592	0.00000	0.00000
10.99547	0.00000	0.00000

Proportion of advantageous (S > 0) mutations:
 0.17652

Proportions of good & bad mutations (|S| > 2.0000) among mutations:
0.02073  0.40765

mean |Ns| = 2.25955	mean Ns+ = 1.01976	mean Ns- = -2.52531


MLEs of dN/dS (w) for site classes (K=4)

site class             0        1       2a       2b
proportion       0.75959  0.22547  0.01152  0.00342
background w     0.14073  1.00000  0.14073  1.00000
foreground w     0.14073  1.00000 999.00000 999.00000

Naive Empirical Bayes (NEB) probabilities for 4 classes
(amino acids refer to 1st sequence: Egla)

   1 M   0.15784 0.84127 0.00014 0.00076 ( 2)
   2 V   0.17322 0.82613 0.00011 0.00054 ( 2)
   3 S   0.90356 0.09580 0.00057 0.00006 ( 1)
   4 L   0.53559 0.46368 0.00039 0.00034 ( 1)
   5 P   0.56374 0.43553 0.00041 0.00032 ( 1)
   6 W   0.42495 0.57471 0.00015 0.00020 ( 2)
   7 P   0.81826 0.17914 0.00213 0.00047 ( 1)
   8 H   0.93067 0.06910 0.00021 0.00002 ( 1)
   9 W   0.81663 0.18302 0.00028 0.00006 ( 1)
  10 L   0.81215 0.18661 0.00100 0.00023 ( 1)
  11 S   0.88306 0.11630 0.00056 0.00008 ( 1)
  12 S   0.89827 0.10146 0.00024 0.00003 ( 1)
  13 A   0.85406 0.14533 0.00053 0.00009 ( 1)
  14 A   0.85412 0.14488 0.00086 0.00015 ( 1)
  15 P   0.40792 0.59123 0.00035 0.00051 ( 2)
  16 L   0.81215 0.18661 0.00100 0.00023 ( 1)
  17 H   0.62732 0.37246 0.00014 0.00009 ( 1)
  18 S   0.88558 0.11345 0.00086 0.00011 ( 1)
  19 H   0.93067 0.06910 0.00021 0.00002 ( 1)
  20 M   0.49655 0.50280 0.00032 0.00033 ( 2)
  21 A   0.85405 0.14533 0.00053 0.00009 ( 1)
  22 G   0.50233 0.49696 0.00035 0.00036 ( 1)
  23 L   0.81215 0.18661 0.00100 0.00023 ( 1)
  24 P   0.88211 0.11717 0.00064 0.00009 ( 1)
  25 L   0.81215 0.18661 0.00100 0.00023 ( 1)
  26 P   0.81826 0.17914 0.00213 0.00047 ( 1)
  27 R   0.84674 0.15306 0.00017 0.00003 ( 1)
  28 A   0.52827 0.47096 0.00040 0.00037 ( 1)
  29 P   0.93438 0.06554 0.00008 0.00001 ( 1)
  30 S   0.88306 0.11630 0.00056 0.00008 ( 1)
  31 P   0.82093 0.17648 0.00213 0.00046 ( 1)
  32 L   0.84655 0.15221 0.00105 0.00019 ( 1)
  33 S   0.85111 0.14834 0.00047 0.00008 ( 1)
  34 G   0.50285 0.49644 0.00035 0.00036 ( 1)
  35 L   0.87248 0.12680 0.00063 0.00009 ( 1)
  36 A   0.88965 0.10977 0.00052 0.00007 ( 1)
  37 E   0.48315 0.51504 0.00087 0.00095 ( 2)
  38 P   0.86609 0.13131 0.00225 0.00034 ( 1)
  39 C   0.91660 0.08319 0.00019 0.00002 ( 1)
  40 S   0.88524 0.11379 0.00086 0.00011 ( 1)
  41 P   0.88211 0.11717 0.00064 0.00009 ( 1)
  42 L   0.49103 0.50824 0.00035 0.00037 ( 2)
  43 T   0.13975 0.85923 0.00014 0.00088 ( 2)
  44 T   0.92996 0.06977 0.00026 0.00002 ( 1)
  45 H   0.56281 0.43705 0.00008 0.00006 ( 1)
  46 P   0.51245 0.48682 0.00037 0.00036 ( 1)
  47 C   0.47542 0.52439 0.00009 0.00010 ( 2)
  48 A   0.85745 0.14155 0.00086 0.00014 ( 1)
  49 A   0.85412 0.14488 0.00086 0.00015 ( 1)
  50 W   0.81663 0.18302 0.00028 0.00006 ( 1)
  51 P   0.80161 0.18346 0.01215 0.00278 ( 1)
  52 Q   0.89197 0.09310 0.01352 0.00141 ( 1)
  53 A   0.83260 0.15247 0.01262 0.00231 ( 1)
  54 C   0.88929 0.09578 0.01348 0.00145 ( 1)
  55 S   0.86058 0.12449 0.01305 0.00189 ( 1)
  56 G   0.86064 0.12443 0.01305 0.00189 ( 1)
  57 L   0.79542 0.18964 0.01206 0.00287 ( 1)
  58 G   0.86064 0.12443 0.01305 0.00189 ( 1)
  59 P   0.83281 0.16459 0.00217 0.00043 ( 1)
  60 P   0.81239 0.18676 0.00069 0.00016 ( 1)
  61 A   0.85412 0.14488 0.00086 0.00015 ( 1)
  62 S   0.88306 0.11630 0.00056 0.00008 ( 1)
  63 P   0.87768 0.12160 0.00064 0.00009 ( 1)
  64 G   0.47226 0.52750 0.00011 0.00013 ( 2)
  65 L   0.81215 0.18661 0.00100 0.00023 ( 1)
  66 R   0.95568 0.04414 0.00017 0.00001 ( 1)
  67 G   0.91361 0.08618 0.00020 0.00002 ( 1)
  68 G   0.88393 0.11588 0.00017 0.00002 ( 1)
  69 G   0.90361 0.09560 0.00071 0.00008 ( 1)
  70 A   0.44001 0.55782 0.00094 0.00123 ( 2)
  71 P   0.83623 0.16118 0.00217 0.00042 ( 1)
  72 G   0.91546 0.08384 0.00065 0.00006 ( 1)
  73 E   0.16601 0.83216 0.00030 0.00153 ( 2)
  74 P   0.10819 0.88919 0.00028 0.00234 ( 2)
  75 G   0.91884 0.08032 0.00077 0.00007 ( 1)
  76 P   0.92039 0.07889 0.00066 0.00006 ( 1)
  77 V   0.00007 0.99927 0.00000 0.00066 ( 2)
  78 S   0.16902 0.83033 0.00011 0.00054 ( 2)
  79 P   0.85049 0.14866 0.00072 0.00013 ( 1)
  80 Q   0.03027 0.96926 0.00001 0.00046 ( 2)
  81 T   0.94766 0.05197 0.00035 0.00002 ( 1)
  82 E   0.90044 0.09777 0.00162 0.00018 ( 1)
  83 R   0.75313 0.24670 0.00013 0.00004 ( 1)
  84 L   0.83136 0.16740 0.00103 0.00021 ( 1)
  85 T   0.95467 0.04495 0.00036 0.00002 ( 1)
  86 A   0.92642 0.07299 0.00054 0.00004 ( 1)
  87 E   0.90408 0.09412 0.00163 0.00017 ( 1)
  88 Q   0.90215 0.09739 0.00041 0.00005 ( 1)
  89 I   0.66440 0.33523 0.00024 0.00012 ( 1)
  90 K   0.15599 0.84218 0.00028 0.00155 ( 2)
  91 E   0.56376 0.43443 0.00101 0.00080 ( 1)
  92 Y   0.91086 0.08869 0.00041 0.00004 ( 1)
  93 K   0.17058 0.82840 0.00017 0.00085 ( 2)
  94 G   0.92053 0.07866 0.00075 0.00007 ( 1)
  95 V   0.97487 0.02494 0.00018 0.00000 ( 1)
  96 S   0.45151 0.54769 0.00036 0.00044 ( 2)
  97 E   0.90044 0.09777 0.00162 0.00018 ( 1)
  98 M   0.91405 0.08507 0.00080 0.00008 ( 1)
  99 F   0.85280 0.14640 0.00068 0.00012 ( 1)
 100 D   0.93612 0.06369 0.00018 0.00001 ( 1)
 101 E   0.90158 0.09662 0.00162 0.00018 ( 1)
 102 E   0.19633 0.14914 0.58998 0.06456 ( 3)
 103 G   0.91409 0.08521 0.00064 0.00006 ( 1)
 104 N   0.96321 0.03646 0.00031 0.00001 ( 1)
 105 G   0.92343 0.07578 0.00072 0.00006 ( 1)
 106 A   0.92754 0.07187 0.00054 0.00004 ( 1)
 107 V   0.93333 0.06603 0.00060 0.00004 ( 1)
 108 K   0.66168 0.33731 0.00066 0.00035 ( 1)
 109 T   0.94869 0.05094 0.00035 0.00002 ( 1)
 110 D   0.92251 0.07659 0.00083 0.00007 ( 1)
 111 E   0.90158 0.09662 0.00162 0.00018 ( 1)
 112 L   0.83064 0.16813 0.00103 0.00021 ( 1)
 113 E   0.90158 0.09662 0.00162 0.00018 ( 1)
 114 R   0.96675 0.03313 0.00011 0.00000 ( 1)
 115 L   0.90881 0.09046 0.00065 0.00007 ( 1)
 116 M   0.17964 0.81946 0.00016 0.00074 ( 2)
 117 S   0.88905 0.11040 0.00049 0.00006 ( 1)
 118 L   0.83203 0.16673 0.00103 0.00021 ( 1)
 119 R   0.11346 0.88565 0.00010 0.00079 ( 2)
 120 G   0.91656 0.08273 0.00065 0.00006 ( 1)
 121 T   0.65770 0.34194 0.00024 0.00013 ( 1)
 122 N   0.96321 0.03646 0.00031 0.00001 ( 1)
 123 P   0.91947 0.07980 0.00066 0.00006 ( 1)
 124 A   0.78942 0.21030 0.00022 0.00006 ( 1)
 125 K   0.92422 0.07478 0.00092 0.00008 ( 1)
 126 S   0.77151 0.22822 0.00021 0.00006 ( 1)
 127 E   0.57295 0.42523 0.00103 0.00078 ( 1)
 128 L   0.83203 0.16673 0.00103 0.00021 ( 1)
 129 A   0.89114 0.10786 0.00089 0.00011 ( 1)
 130 S   0.92062 0.07875 0.00058 0.00005 ( 1)
 131 -   0.90831 0.09082 0.00080 0.00008 ( 1)
 132 -   0.53714 0.46185 0.00054 0.00047 ( 1)
 133 -   0.91847 0.08053 0.00092 0.00008 ( 1)
 134 D   0.63094 0.36815 0.00057 0.00034 ( 1)
 135 V   0.93333 0.06603 0.00060 0.00004 ( 1)
 136 D   0.92251 0.07659 0.00083 0.00007 ( 1)
 137 R   0.70763 0.29227 0.00007 0.00003 ( 1)
 138 E   0.18052 0.81856 0.00016 0.00076 ( 2)
 139 K   0.91230 0.08670 0.00091 0.00009 ( 1)
 140 K   0.75104 0.24887 0.00007 0.00002 ( 1)
 141 G   0.62656 0.37266 0.00049 0.00030 ( 1)
 142 F   0.90223 0.09708 0.00062 0.00007 ( 1)
 143 F   0.90223 0.09708 0.00062 0.00007 ( 1)
 144 N   0.96376 0.03591 0.00032 0.00001 ( 1)
 145 C   0.72286 0.27693 0.00015 0.00006 ( 1)
 146 K   0.18531 0.81377 0.00017 0.00075 ( 2)
 147 G   0.74298 0.25675 0.00020 0.00007 ( 1)
 148 F   0.90223 0.09708 0.00062 0.00007 ( 1)
 149 L   0.83203 0.16673 0.00103 0.00021 ( 1)
 150 A   0.92799 0.07143 0.00054 0.00004 ( 1)
 151 R   0.41274 0.58602 0.00051 0.00073 ( 2)
 152 M   0.61050 0.38861 0.00054 0.00035 ( 1)
 153 G   0.92521 0.07400 0.00072 0.00006 ( 1)
 154 V   0.93676 0.06260 0.00060 0.00004 ( 1)
 155 Y   0.59990 0.39964 0.00027 0.00019 ( 1)
 156 W   0.84028 0.15937 0.00029 0.00006 ( 1)
 157 E   0.90510 0.09310 0.00163 0.00017 ( 1)
 158 K   0.91306 0.07201 0.01384 0.00109 ( 1)
 159 A   0.87614 0.10893 0.01328 0.00165 ( 1)
 160 Q   0.89190 0.09317 0.01352 0.00141 ( 1)
 161 N   0.95052 0.03455 0.01441 0.00052 ( 1)
 162 Q   0.89190 0.09317 0.01352 0.00141 ( 1)
 163 E   0.89144 0.09362 0.01351 0.00142 ( 1)
 164 S   0.51950 0.46557 0.00788 0.00706 ( 1)
 165 E   0.89144 0.09362 0.01351 0.00142 ( 1)
 166 L   0.89762 0.08745 0.01361 0.00133 ( 1)
 167 R   0.96939 0.01567 0.01470 0.00024 ( 1)
 168 A   0.91595 0.06912 0.01389 0.00105 ( 1)
 169 A   0.87614 0.10893 0.01328 0.00165 ( 1)
 170 F   0.56253 0.42254 0.00853 0.00641 ( 1)
 171 R   0.94326 0.04181 0.01430 0.00063 ( 1)
 172 I   0.91840 0.06667 0.01392 0.00101 ( 1)
 173 F   0.89109 0.09398 0.01351 0.00142 ( 1)
 174 D   0.91129 0.07378 0.01382 0.00112 ( 1)
 175 K   0.91195 0.07311 0.01383 0.00111 ( 1)
 176 E   0.89144 0.09362 0.01351 0.00142 ( 1)
 177 G   0.18270 0.80237 0.00277 0.01216 ( 2)
 178 K   0.91306 0.07201 0.01384 0.00109 ( 1)
 179 G   0.90618 0.07889 0.01374 0.00120 ( 1)
 180 Y   0.90052 0.08454 0.01365 0.00128 ( 1)
 181 I   0.91613 0.06894 0.01389 0.00105 ( 1)
 182 D   0.91129 0.07378 0.01382 0.00112 ( 1)
 183 W   0.84028 0.15937 0.00029 0.00006 ( 1)
 184 G   0.17110 0.71046 0.07416 0.04428 ( 2)
 185 T   0.00126 0.00328 0.72455 0.27092 ( 3)
 186 L   0.00050 0.00246 0.90853 0.08851 ( 3)
 187 T   0.19015 0.74315 0.04258 0.02412 ( 2)
 188 Y   0.91553 0.08401 0.00042 0.00004 ( 1)
 189 V   0.93676 0.06260 0.00060 0.00004 ( 1)
 190 L   0.91943 0.07985 0.00066 0.00006 ( 1)
 191 T   0.02968 0.96940 0.00003 0.00090 ( 2)
 192 H   0.09094 0.90893 0.00001 0.00012 ( 2)
 193 A   0.93103 0.06838 0.00055 0.00004 ( 1)
 194 G   0.91763 0.08166 0.00065 0.00006 ( 1)
 195 E   0.90510 0.09310 0.00163 0.00017 ( 1)
 196 P   0.92300 0.07628 0.00066 0.00006 ( 1)
 197 L   0.91233 0.08695 0.00066 0.00006 ( 1)
 198 S   0.96092 0.03881 0.00026 0.00001 ( 1)
 199 E   0.90510 0.09310 0.00163 0.00017 ( 1)
 200 V   0.45834 0.54042 0.00057 0.00067 ( 2)
 201 E   0.90510 0.09310 0.00163 0.00017 ( 1)
 202 A   0.89023 0.10877 0.00089 0.00011 ( 1)
 203 E   0.57456 0.42363 0.00103 0.00078 ( 1)
 204 Q   0.58965 0.40987 0.00027 0.00020 ( 1)
 205 M   0.91759 0.08153 0.00080 0.00007 ( 1)
 206 M   0.91759 0.08153 0.00080 0.00007 ( 1)
 207 K   0.64238 0.35661 0.00064 0.00037 ( 1)
 208 E   0.95651 0.04337 0.00011 0.00001 ( 1)
 209 A   0.89023 0.10877 0.00089 0.00011 ( 1)
 210 D   0.63826 0.36083 0.00058 0.00033 ( 1)
 211 K   0.92774 0.07126 0.00093 0.00007 ( 1)
 212 D   0.66600 0.33380 0.00013 0.00007 ( 1)
 213 G   0.92695 0.07227 0.00073 0.00006 ( 1)
 214 D   0.63209 0.35094 0.01080 0.00617 ( 1)
 215 G   0.64486 0.35435 0.00050 0.00028 ( 1)
 216 T   0.96769 0.03204 0.00027 0.00001 ( 1)
 217 I   0.94789 0.05209 0.00002 0.00000 ( 1)
 218 D   0.92604 0.07306 0.00084 0.00007 ( 1)
 219 H   0.61153 0.38801 0.00028 0.00018 ( 1)
 220 E   0.90159 0.09661 0.00162 0.00018 ( 1)
 221 E   0.89003 0.10817 0.00160 0.00020 ( 1)
 222 F   0.89063 0.10868 0.00062 0.00008 ( 1)
 223 V   0.92148 0.07788 0.00059 0.00005 ( 1)
 224 A   0.87592 0.12307 0.00088 0.00013 ( 1)
 225 M   0.90219 0.09693 0.00079 0.00009 ( 1)
 226 M   0.90219 0.09693 0.00079 0.00009 ( 1)
 227 T   0.94856 0.05116 0.00027 0.00002 ( 1)
 228 G   0.91150 0.08772 0.00071 0.00007 ( 1)
 229 E   0.89003 0.10817 0.00160 0.00020 ( 1)
 230 S   0.90866 0.09070 0.00057 0.00006 ( 1)
 231 F   0.89063 0.10868 0.00062 0.00008 ( 1)
 232 K   0.91230 0.08670 0.00091 0.00009 ( 1)
 233 L   0.83466 0.16410 0.00103 0.00020 ( 1)
 234 V   0.97781 0.02200 0.00018 0.00000 ( 1)
 235 Q   0.01029 0.98924 0.00000 0.00046 ( 2)


lnL = -1772.779944

Bayes Empirical Bayes (BEB) probabilities for 4 classes (class)
(amino acids refer to 1st sequence: Egla)

   1 M   0.18039 0.65790 0.03528 0.12643 ( 2)
   2 V   0.19513 0.64639 0.03709 0.12138 ( 2)
   3 S   0.76276 0.07851 0.14387 0.01487 ( 1)
   4 L   0.47324 0.36519 0.09167 0.06990 ( 1)
   5 P   0.49537 0.34483 0.09458 0.06522 ( 1)
   6 W   0.38524 0.44460 0.08000 0.09015 ( 2)
   7 P   0.68701 0.14364 0.14037 0.02898 ( 1)
   8 H   0.79465 0.05760 0.13756 0.01019 ( 1)
   9 W   0.68393 0.14629 0.14020 0.02959 ( 1)
  10 L   0.68055 0.14913 0.14006 0.03026 ( 1)
  11 S   0.74621 0.09500 0.14080 0.01799 ( 1)
  12 S   0.76652 0.08393 0.13454 0.01501 ( 1)
  13 A   0.71848 0.11752 0.14104 0.02296 ( 1)
  14 A   0.71879 0.11721 0.14110 0.02291 ( 1)
  15 P   0.37211 0.45706 0.07770 0.09314 ( 2)
  16 L   0.68055 0.14913 0.14006 0.03026 ( 1)
  17 H   0.54976 0.30120 0.09606 0.05298 ( 1)
  18 S   0.74896 0.09280 0.14072 0.01751 ( 1)
  19 H   0.79465 0.05760 0.13756 0.01019 ( 1)
  20 M   0.44597 0.39647 0.08359 0.07397 ( 1)
  21 A   0.71847 0.11752 0.14104 0.02296 ( 1)
  22 G   0.44862 0.39052 0.08641 0.07446 ( 1)
  23 L   0.68055 0.14913 0.14006 0.03026 ( 1)
  24 P   0.74534 0.09569 0.14083 0.01814 ( 1)
  25 L   0.68055 0.14913 0.14006 0.03026 ( 1)
  26 P   0.68701 0.14364 0.14037 0.02898 ( 1)
  27 R   0.71132 0.12341 0.14097 0.02430 ( 1)
  28 A   0.46816 0.37096 0.09018 0.07070 ( 1)
  29 P   0.79870 0.05473 0.13696 0.00961 ( 1)
  30 S   0.74621 0.09500 0.14080 0.01799 ( 1)
  31 P   0.68910 0.14155 0.14079 0.02856 ( 1)
  32 L   0.70757 0.12214 0.14552 0.02477 ( 1)
  33 S   0.71555 0.11981 0.14113 0.02351 ( 1)
  34 G   0.44901 0.39012 0.08649 0.07438 ( 1)
  35 L   0.73602 0.10319 0.14101 0.01978 ( 1)
  36 A   0.75262 0.08988 0.14062 0.01689 ( 1)
  37 E   0.43357 0.40376 0.08474 0.07792 ( 1)
  38 P   0.72477 0.10592 0.14794 0.02136 ( 1)
  39 C   0.77963 0.06886 0.13904 0.01247 ( 1)
  40 S   0.74869 0.09307 0.14067 0.01757 ( 1)
  41 P   0.74534 0.09569 0.14083 0.01814 ( 1)
  42 L   0.43967 0.39866 0.08526 0.07642 ( 1)
  43 T   0.16389 0.67595 0.03166 0.12850 ( 2)
  44 T   0.79396 0.05814 0.13760 0.01030 ( 1)
  45 H   0.49623 0.34697 0.09247 0.06434 ( 1)
  46 P   0.45677 0.38329 0.08732 0.07262 ( 1)
  47 C   0.42596 0.40906 0.08485 0.08013 ( 1)
  48 A   0.72144 0.11456 0.14161 0.02239 ( 1)
  49 A   0.71879 0.11721 0.14110 0.02291 ( 1)
  50 W   0.68393 0.14629 0.14020 0.02959 ( 1)
  51 P   0.67643 0.14767 0.14494 0.03096 ( 1)
  52 Q   0.74824 0.07586 0.16001 0.01589 ( 1)
  53 A   0.70091 0.12319 0.15008 0.02582 ( 1)
  54 C   0.74609 0.07801 0.15956 0.01634 ( 1)
  55 S   0.72314 0.10096 0.15475 0.02115 ( 1)
  56 G   0.72319 0.10091 0.15476 0.02114 ( 1)
  57 L   0.67156 0.15254 0.14392 0.03198 ( 1)
  58 G   0.72319 0.10091 0.15476 0.02114 ( 1)
  59 P   0.69846 0.13220 0.14267 0.02667 ( 1)
  60 P   0.68036 0.14916 0.14017 0.03030 ( 1)
  61 A   0.71879 0.11721 0.14110 0.02291 ( 1)
  62 S   0.74621 0.09500 0.14080 0.01799 ( 1)
  63 P   0.74178 0.09924 0.14017 0.01881 ( 1)
  64 G   0.42272 0.41065 0.08531 0.08132 ( 1)
  65 L   0.68055 0.14913 0.14006 0.03026 ( 1)
  66 R   0.82337 0.03736 0.13300 0.00626 ( 1)
  67 G   0.77646 0.07123 0.13934 0.01297 ( 1)
  68 G   0.74252 0.09412 0.14503 0.01833 ( 1)
  69 G   0.76339 0.07840 0.14341 0.01480 ( 1)
  70 A   0.39990 0.43533 0.07954 0.08523 ( 2)
  71 P   0.70115 0.12951 0.14321 0.02613 ( 1)
  72 G   0.77140 0.06876 0.14673 0.01312 ( 1)
  73 E   0.18756 0.64909 0.03719 0.12617 ( 2)
  74 P   0.13175 0.69813 0.02776 0.14236 ( 2)
  75 G   0.77578 0.06605 0.14570 0.01247 ( 1)
  76 P   0.77631 0.06483 0.14658 0.01229 ( 1)
  77 V   0.00061 0.84018 0.00012 0.15908 ( 2)
  78 S   0.19069 0.64866 0.03695 0.12370 ( 2)
  79 P   0.71027 0.11929 0.14622 0.02422 ( 1)
  80 Q   0.05249 0.78386 0.01062 0.15302 ( 2)
  81 T   0.80407 0.04323 0.14480 0.00790 ( 1)
  82 E   0.75836 0.07990 0.14632 0.01542 ( 1)
  83 R   0.64387 0.20458 0.11501 0.03654 ( 1)
  84 L   0.69562 0.13408 0.14311 0.02720 ( 1)
  85 T   0.80987 0.03746 0.14582 0.00685 ( 1)
  86 A   0.78246 0.06014 0.14609 0.01130 ( 1)
  87 E   0.76130 0.07697 0.14688 0.01485 ( 1)
  88 Q   0.75887 0.07950 0.14631 0.01532 ( 1)
  89 I   0.57200 0.27031 0.10735 0.05034 ( 1)
  90 K   0.17841 0.65819 0.03540 0.12800 ( 2)
  91 E   0.49420 0.34331 0.09640 0.06609 ( 1)
  92 Y   0.76714 0.07262 0.14635 0.01388 ( 1)
  93 K   0.19239 0.64756 0.03707 0.12298 ( 2)
  94 G   0.77714 0.06470 0.14595 0.01222 ( 1)
  95 V   0.83548 0.02115 0.13972 0.00365 ( 1)
  96 S   0.40626 0.42513 0.08331 0.08530 ( 2)
  97 E   0.75836 0.07990 0.14632 0.01542 ( 1)
  98 M   0.77040 0.06977 0.14652 0.01331 ( 1)
  99 F   0.71405 0.11782 0.14454 0.02360 ( 1)
 100 D   0.79272 0.05273 0.14481 0.00974 ( 1)
 101 E   0.75928 0.07898 0.14650 0.01524 ( 1)
 102 E   0.15254 0.10520 0.67173 0.07053 ( 3)
 103 G   0.77029 0.06986 0.14652 0.01333 ( 1)
 104 N   0.82100 0.03061 0.14294 0.00545 ( 1)
 105 G   0.77948 0.06237 0.14638 0.01178 ( 1)
 106 A   0.78338 0.05923 0.14626 0.01113 ( 1)
 107 V   0.78923 0.05456 0.14603 0.01018 ( 1)
 108 K   0.56955 0.27172 0.10778 0.05095 ( 1)
 109 T   0.80492 0.04239 0.14495 0.00775 ( 1)
 110 D   0.77865 0.06302 0.14642 0.01191 ( 1)
 111 E   0.75928 0.07898 0.14650 0.01524 ( 1)
 112 L   0.69505 0.13465 0.14299 0.02732 ( 1)
 113 E   0.75928 0.07898 0.14650 0.01524 ( 1)
 114 R   0.82521 0.02789 0.14198 0.00492 ( 1)
 115 L   0.76527 0.07403 0.14651 0.01419 ( 1)
 116 M   0.20014 0.63822 0.03908 0.12255 ( 2)
 117 S   0.74579 0.08965 0.14698 0.01759 ( 1)
 118 L   0.69614 0.13355 0.14321 0.02709 ( 1)
 119 R   0.13817 0.70000 0.02712 0.13471 ( 2)
 120 G   0.77230 0.06786 0.14690 0.01295 ( 1)
 121 T   0.56695 0.27534 0.10642 0.05129 ( 1)
 122 N   0.82100 0.03061 0.14294 0.00545 ( 1)
 123 P   0.77556 0.06557 0.14644 0.01243 ( 1)
 124 A   0.67456 0.17692 0.11757 0.03096 ( 1)
 125 K   0.78043 0.06158 0.14638 0.01162 ( 1)
 126 S   0.65931 0.19061 0.11637 0.03371 ( 1)
 127 E   0.50109 0.33644 0.09773 0.06475 ( 1)
 128 L   0.69614 0.13355 0.14321 0.02709 ( 1)
 129 A   0.74834 0.08772 0.14679 0.01714 ( 1)
 130 S   0.77659 0.06472 0.14643 0.01226 ( 1)
 131 -   0.76575 0.07440 0.14565 0.01419 ( 1)
 132 -   0.47275 0.36265 0.09380 0.07079 ( 1)
 133 -   0.77575 0.06624 0.14551 0.01250 ( 1)
 134 D   0.54617 0.29470 0.10369 0.05544 ( 1)
 135 V   0.78923 0.05456 0.14603 0.01018 ( 1)
 136 D   0.77865 0.06302 0.14642 0.01191 ( 1)
 137 R   0.60738 0.23895 0.11035 0.04332 ( 1)
 138 E   0.20124 0.63844 0.03885 0.12146 ( 2)
 139 K   0.77073 0.07124 0.14459 0.01344 ( 1)
 140 K   0.64215 0.20622 0.11477 0.03686 ( 1)
 141 G   0.54294 0.29809 0.10295 0.05602 ( 1)
 142 F   0.75901 0.07926 0.14645 0.01529 ( 1)
 143 F   0.75901 0.07926 0.14645 0.01529 ( 1)
 144 N   0.82146 0.03016 0.14302 0.00537 ( 1)
 145 C   0.62011 0.22764 0.11138 0.04087 ( 1)
 146 K   0.20551 0.63418 0.03967 0.12064 ( 2)
 147 G   0.63713 0.21268 0.11253 0.03766 ( 1)
 148 F   0.75901 0.07926 0.14645 0.01529 ( 1)
 149 L   0.69614 0.13355 0.14321 0.02709 ( 1)
 150 A   0.78374 0.05887 0.14633 0.01107 ( 1)
 151 R   0.37599 0.45334 0.07842 0.09225 ( 2)
 152 M   0.52992 0.30949 0.10180 0.05879 ( 1)
 153 G   0.78093 0.06092 0.14664 0.01150 ( 1)
 154 V   0.79204 0.05176 0.14655 0.00966 ( 1)
 155 Y   0.52155 0.31745 0.10052 0.06047 ( 1)
 156 W   0.70249 0.12774 0.14393 0.02583 ( 1)
 157 E   0.76212 0.07615 0.14704 0.01469 ( 1)
 158 K   0.76520 0.05889 0.16356 0.01234 ( 1)
 159 A   0.73556 0.08854 0.15735 0.01855 ( 1)
 160 Q   0.74818 0.07592 0.16000 0.01590 ( 1)
 161 N   0.79559 0.02851 0.16992 0.00598 ( 1)
 162 Q   0.74818 0.07592 0.16000 0.01590 ( 1)
 163 E   0.74781 0.07629 0.15992 0.01598 ( 1)
 164 S   0.45865 0.36545 0.09931 0.07659 ( 1)
 165 E   0.74781 0.07629 0.15992 0.01598 ( 1)
 166 L   0.75278 0.07132 0.16096 0.01494 ( 1)
 167 R   0.81105 0.01305 0.17316 0.00274 ( 1)
 168 A   0.76754 0.05656 0.16405 0.01185 ( 1)
 169 A   0.73556 0.08854 0.15735 0.01855 ( 1)
 170 F   0.49080 0.33330 0.10616 0.06974 ( 1)
 171 R   0.78967 0.03443 0.16868 0.00722 ( 1)
 172 I   0.76952 0.05458 0.16446 0.01144 ( 1)
 173 F   0.74753 0.07657 0.15986 0.01604 ( 1)
 174 D   0.76378 0.06032 0.16326 0.01264 ( 1)
 175 K   0.76431 0.05979 0.16337 0.01253 ( 1)
 176 E   0.74781 0.07629 0.15992 0.01598 ( 1)
 177 G   0.20159 0.62251 0.04427 0.13163 ( 2)
 178 K   0.76520 0.05889 0.16356 0.01234 ( 1)
 179 G   0.75966 0.06444 0.16240 0.01350 ( 1)
 180 Y   0.75511 0.06899 0.16145 0.01445 ( 1)
 181 I   0.76769 0.05641 0.16408 0.01182 ( 1)
 182 D   0.76378 0.06032 0.16326 0.01264 ( 1)
 183 W   0.70249 0.12774 0.14393 0.02583 ( 1)
 184 G   0.09164 0.29202 0.40522 0.21112 ( 3)
 185 T   0.10973 0.23274 0.49049 0.16703 ( 3)
 186 L   0.00727 0.02714 0.88253 0.08307 ( 3)
 187 T   0.10061 0.30286 0.39864 0.19789 ( 3)
 188 Y   0.77093 0.06885 0.14706 0.01316 ( 1)
 189 V   0.79204 0.05176 0.14655 0.00966 ( 1)
 190 L   0.77385 0.06547 0.14813 0.01255 ( 1)
 191 T   0.05176 0.78595 0.01034 0.15195 ( 2)
 192 H   0.12719 0.72328 0.02249 0.12704 ( 2)
 193 A   0.78622 0.05639 0.14678 0.01060 ( 1)
 194 G   0.77316 0.06700 0.14706 0.01278 ( 1)
 195 E   0.76212 0.07615 0.14704 0.01469 ( 1)
 196 P   0.77843 0.06271 0.14697 0.01189 ( 1)
 197 L   0.76811 0.07120 0.14705 0.01365 ( 1)
 198 S   0.81818 0.03253 0.14346 0.00582 ( 1)
 199 E   0.76212 0.07615 0.14704 0.01469 ( 1)
 200 V   0.41056 0.41881 0.08552 0.08511 ( 2)
 201 E   0.76212 0.07615 0.14704 0.01469 ( 1)
 202 A   0.74762 0.08845 0.14665 0.01728 ( 1)
 203 E   0.50228 0.33525 0.09795 0.06451 ( 1)
 204 Q   0.51287 0.32445 0.10002 0.06267 ( 1)
 205 M   0.77328 0.06690 0.14706 0.01276 ( 1)
 206 M   0.77328 0.06690 0.14706 0.01276 ( 1)
 207 K   0.55500 0.28618 0.10509 0.05373 ( 1)
 208 E   0.81232 0.03621 0.14491 0.00657 ( 1)
 209 A   0.74762 0.08845 0.14665 0.01728 ( 1)
 210 D   0.55167 0.28922 0.10472 0.05439 ( 1)
 211 K   0.78330 0.05872 0.14690 0.01108 ( 1)
 212 D   0.57465 0.26990 0.10592 0.04954 ( 1)
 213 G   0.78235 0.05951 0.14690 0.01124 ( 1)
 214 D   0.55478 0.28611 0.10523 0.05389 ( 1)
 215 G   0.55669 0.28438 0.10552 0.05340 ( 1)
 216 T   0.82531 0.02696 0.14296 0.00478 ( 1)
 217 I   0.81106 0.04370 0.13763 0.00761 ( 1)
 218 D   0.78153 0.06015 0.14695 0.01137 ( 1)
 219 H   0.53026 0.30878 0.10217 0.05879 ( 1)
 220 E   0.75929 0.07898 0.14650 0.01524 ( 1)
 221 E   0.74998 0.08826 0.14474 0.01703 ( 1)
 222 F   0.74967 0.08857 0.14468 0.01708 ( 1)
 223 V   0.77955 0.06420 0.14427 0.01198 ( 1)
 224 A   0.73617 0.09987 0.14445 0.01952 ( 1)
 225 M   0.76081 0.07933 0.14473 0.01513 ( 1)
 226 M   0.76081 0.07933 0.14473 0.01513 ( 1)
 227 T   0.80750 0.04271 0.14213 0.00766 ( 1)
 228 G   0.76978 0.07203 0.14458 0.01360 ( 1)
 229 E   0.74998 0.08826 0.14474 0.01703 ( 1)
 230 S   0.76689 0.07439 0.14463 0.01409 ( 1)
 231 F   0.74967 0.08857 0.14468 0.01708 ( 1)
 232 K   0.77073 0.07124 0.14459 0.01344 ( 1)
 233 L   0.69821 0.13149 0.14363 0.02667 ( 1)
 234 V   0.83796 0.01868 0.14013 0.00322 ( 1)
 235 Q   0.02191 0.81440 0.00446 0.15923 ( 2)

