29
Bbon       0.0000000 0.0233721 0.0726341 0.0712543 0.0542260 0.0357269 0.0808788 0.0773726 0.0752249 0.0695320 0.0754458 0.0757633 0.0899425 0.1036444 0.1186513 0.0833778 0.0713054 0.0732809 0.0810974 0.0734684 0.0752994 0.0718197 0.0854248 0.0792358 0.0896397 0.0763239 0.0712032 0.0741528 0.0938096 
Bmus       0.0233721 0.0000000 0.0654260 0.0618641 0.0413634 0.0166733 0.0726039 0.0630635 0.0638319 0.0578976 0.0653915 0.0682901 0.0815445 0.0944414 0.0965420 0.0754019 0.0619009 0.0641339 0.0687030 0.0585183 0.0652806 0.0606875 0.0738189 0.0693108 0.0765632 0.0667747 0.0647803 0.0703567 0.0899443 
Ccom       0.0726341 0.0654260 0.0000000 0.0032741 0.0922738 0.0764067 0.0778717 0.0459697 0.0751013 0.0643883 0.0030721 0.0032741 0.0494101 0.0999700 0.0788966 0.0512059 0.0132097 0.0155308 0.0405921 0.0721143 0.0199698 0.0784892 0.0411902 0.0476929 0.0476300 0.0154980 0.0098672 0.0114060 0.0755399 
Chea       0.0712543 0.0618641 0.0032741 0.0000000 0.0852296 0.0708231 0.0760334 0.0366402 0.0679598 0.0645755 0.0000010 0.0030397 0.0514697 0.0914565 0.0670883 0.0420510 0.0106789 0.0111761 0.0397315 0.0704698 0.0189228 0.0710492 0.0362535 0.0410090 0.0348687 0.0106602 0.0079827 0.0059831 0.0854342 
Cmar       0.0542260 0.0413634 0.0922738 0.0852296 0.0000000 0.0541618 0.1036503 0.0999559 0.0855268 0.0767688 0.0931899 0.0913923 0.1116118 0.1254311 0.1358377 0.1034792 0.0850495 0.0895110 0.0918371 0.0893307 0.0892021 0.0887391 0.1024953 0.1016765 0.1090290 0.0931766 0.0855161 0.1028397 0.1184154 
Erob       0.0357269 0.0166733 0.0764067 0.0708231 0.0541618 0.0000000 0.0875164 0.0720921 0.0745445 0.0691182 0.0747970 0.0795104 0.0958714 0.1089985 0.1192772 0.0866982 0.0741261 0.0764510 0.0809562 0.0729126 0.0779517 0.0713138 0.0888271 0.0878423 0.0850426 0.0756769 0.0740245 0.0734961 0.1047616 
Hamp       0.0808788 0.0726039 0.0778717 0.0760334 0.1036503 0.0875164 0.0000000 0.0914973 0.0585626 0.0486014 0.0760334 0.0819832 0.0255784 0.0317277 0.1334990 0.0923008 0.0795919 0.0842204 0.0804970 0.0553327 0.0915654 0.0586063 0.0908704 0.0854744 0.0884683 0.0899065 0.0864450 0.0880232 0.0239983 
Igeo       0.0773726 0.0630635 0.0459697 0.0366402 0.0999559 0.0720921 0.0914973 0.0000000 0.0791700 0.0897328 0.0378109 0.0400299 0.0730437 0.1208117 0.0454296 0.0650801 0.0366738 0.0401500 0.0481110 0.0832129 0.0455536 0.0871783 0.0439750 0.0493910 0.0477525 0.0456224 0.0450513 0.0450493 0.1099631 
Kbre       0.0752249 0.0638319 0.0751013 0.0679598 0.0855268 0.0745445 0.0585626 0.0791700 0.0000000 0.0185473 0.0705549 0.0763502 0.0627308 0.0763029 0.1304687 0.0885846 0.0752067 0.0816397 0.0610338 0.0322520 0.0862161 0.0352012 0.0909434 0.0966007 0.0916728 0.0772689 0.0784351 0.0750370 0.0707348 
Ksim       0.0695320 0.0578976 0.0643883 0.0645755 0.0767688 0.0691182 0.0486014 0.0897328 0.0185473 0.0000000 0.0645755 0.0683604 0.0525994 0.0661000 0.1273855 0.0715527 0.0717759 0.0758834 0.0469323 0.0215365 0.0827223 0.0246288 0.0857576 0.0916623 0.0955569 0.0783837 0.0750025 0.0790025 0.0645661 
Laus       0.0754458 0.0653915 0.0030721 0.0000010 0.0931899 0.0747970 0.0760334 0.0378109 0.0705549 0.0645755 0.0000000 0.0000010 0.0518106 0.0947018 0.0678380 0.0425601 0.0114012 0.0112897 0.0397315 0.0682883 0.0202206 0.0734779 0.0340066 0.0414277 0.0380149 0.0107637 0.0085206 0.0064398 0.0859134 
Lbor       0.0757633 0.0682901 0.0032741 0.0030397 0.0913923 0.0795104 0.0819832 0.0400299 0.0763502 0.0683604 0.0000010 0.0000000 0.0566370 0.1038828 0.0779430 0.0505554 0.0122538 0.0153646 0.0367463 0.0741140 0.0185159 0.0799578 0.0403753 0.0471657 0.0432264 0.0153326 0.0091561 0.0104667 0.0832236 
Meur       0.0899425 0.0815445 0.0494101 0.0514697 0.1116118 0.0958714 0.0255784 0.0730437 0.0627308 0.0525994 0.0518106 0.0566370 0.0000000 0.0331896 0.1092536 0.0709878 0.0546670 0.0575754 0.0621720 0.0717079 0.0612649 0.0660788 0.0724961 0.0668223 0.0657473 0.0640463 0.0609052 0.0588303 0.0392850 
Mgin       0.1036444 0.0944414 0.0999700 0.0914565 0.1254311 0.1089985 0.0317277 0.1208117 0.0763029 0.0661000 0.0947018 0.1038828 0.0331896 0.0000000 0.1466770 0.1080855 0.0948845 0.1001187 0.0999756 0.0845248 0.1066024 0.0796545 0.1104367 0.0999753 0.1058372 0.1047509 0.1014364 0.1050804 0.0454455 
Naasi      0.1186513 0.0965420 0.0788966 0.0670883 0.1358377 0.1192772 0.1334990 0.0454296 0.1304687 0.1273855 0.0678380 0.0779430 0.1092536 0.1466770 0.0000000 0.0451377 0.0671291 0.0633843 0.0980081 0.1153298 0.0706938 0.1264084 0.0326051 0.0323182 0.0034084 0.0691192 0.0701274 0.0399835 0.0927986 
Npho       0.0833778 0.0754019 0.0512059 0.0420510 0.1034792 0.0866982 0.0923008 0.0650801 0.0885846 0.0715527 0.0425601 0.0505554 0.0709878 0.1080855 0.0451377 0.0000000 0.0454657 0.0458656 0.0525385 0.0754886 0.0492049 0.0739344 0.0128516 0.0180067 0.0183088 0.0457256 0.0420222 0.0484463 0.0942045 
Obre       0.0713054 0.0619009 0.0132097 0.0106789 0.0850495 0.0741261 0.0795919 0.0366738 0.0752067 0.0717759 0.0114012 0.0122538 0.0546670 0.0948845 0.0671291 0.0454657 0.0000000 0.0027774 0.0432203 0.0765195 0.0080513 0.0779863 0.0328891 0.0410340 0.0313104 0.0160802 0.0079950 0.0120431 0.0855007 
Ohei       0.0732809 0.0641339 0.0155308 0.0111761 0.0895110 0.0764510 0.0842204 0.0401500 0.0816397 0.0758834 0.0112897 0.0153646 0.0575754 0.1001187 0.0633843 0.0458656 0.0027774 0.0000000 0.0466850 0.0820917 0.0112565 0.0843700 0.0340362 0.0378315 0.0349030 0.0159332 0.0111734 0.0126198 0.0867102 
Pbla       0.0810974 0.0687030 0.0405921 0.0397315 0.0918371 0.0809562 0.0804970 0.0481110 0.0610338 0.0469323 0.0397315 0.0367463 0.0621720 0.0999756 0.0980081 0.0525385 0.0432203 0.0466850 0.0000000 0.0503032 0.0539901 0.0536758 0.0566971 0.0636983 0.0616649 0.0534124 0.0465305 0.0538663 0.0961491 
Pcat       0.0734684 0.0585183 0.0721143 0.0704698 0.0893307 0.0729126 0.0553327 0.0832129 0.0322520 0.0215365 0.0682883 0.0741140 0.0717079 0.0845248 0.1153298 0.0754886 0.0765195 0.0820917 0.0503032 0.0000000 0.0860544 0.0028684 0.0839981 0.0865471 0.0991684 0.0838886 0.0793155 0.0799240 0.0826997 
Pcra       0.0752994 0.0652806 0.0199698 0.0189228 0.0892021 0.0779517 0.0915654 0.0455536 0.0862161 0.0827223 0.0202206 0.0185159 0.0612649 0.1066024 0.0706938 0.0492049 0.0080513 0.0112565 0.0539901 0.0860544 0.0000000 0.0889517 0.0365511 0.0441438 0.0387983 0.0189196 0.0107503 0.0182857 0.0980277 
Pmac       0.0718197 0.0606875 0.0784892 0.0710492 0.0887391 0.0713138 0.0586063 0.0871783 0.0352012 0.0246288 0.0734779 0.0799578 0.0660788 0.0796545 0.1264084 0.0739344 0.0779863 0.0843700 0.0536758 0.0028684 0.0889517 0.0000000 0.0872204 0.0927346 0.0992501 0.0863018 0.0811894 0.0821842 0.0776307 
Ppho       0.0854248 0.0738189 0.0411902 0.0362535 0.1024953 0.0888271 0.0908704 0.0439750 0.0909434 0.0857576 0.0340066 0.0403753 0.0724961 0.1104367 0.0326051 0.0128516 0.0328891 0.0340362 0.0566971 0.0839981 0.0365511 0.0872204 0.0000000 0.0060651 0.0037083 0.0403363 0.0362285 0.0418916 0.0961928 
Psin       0.0792358 0.0693108 0.0476929 0.0410090 0.1016765 0.0878423 0.0854744 0.0493910 0.0966007 0.0916623 0.0414277 0.0471657 0.0668223 0.0999753 0.0323182 0.0180067 0.0410340 0.0378315 0.0636983 0.0865471 0.0441438 0.0927346 0.0060651 0.0000000 0.0000010 0.0441958 0.0438188 0.0431861 0.0888435 
Pspi       0.0896397 0.0765632 0.0476300 0.0348687 0.1090290 0.0850426 0.0884683 0.0477525 0.0916728 0.0955569 0.0380149 0.0432264 0.0657473 0.1058372 0.0034084 0.0183088 0.0313104 0.0349030 0.0616649 0.0991684 0.0387983 0.0992501 0.0037083 0.0000010 0.0000000 0.0420514 0.0384350 0.0420524 0.0904723 
Schi       0.0763239 0.0667747 0.0154980 0.0106602 0.0931766 0.0756769 0.0899065 0.0456224 0.0772689 0.0783837 0.0107637 0.0153326 0.0640463 0.1047509 0.0691192 0.0457256 0.0160802 0.0159332 0.0534124 0.0838886 0.0189196 0.0863018 0.0403363 0.0441958 0.0420514 0.0000000 0.0079815 0.0059859 0.0933585 
Sflu       0.0712032 0.0647803 0.0098672 0.0079827 0.0855161 0.0740245 0.0864450 0.0450513 0.0784351 0.0750025 0.0085206 0.0091561 0.0609052 0.1014364 0.0701274 0.0420222 0.0079950 0.0111734 0.0465305 0.0793155 0.0107503 0.0811894 0.0362285 0.0438188 0.0384350 0.0079815 0.0000000 0.0059872 0.0925950 
Tadu       0.0741528 0.0703567 0.0114060 0.0059831 0.1028397 0.0734961 0.0880232 0.0450493 0.0750370 0.0790025 0.0064398 0.0104667 0.0588303 0.1050804 0.0399835 0.0484463 0.0120431 0.0126198 0.0538663 0.0799240 0.0182857 0.0821842 0.0418916 0.0431861 0.0420524 0.0059859 0.0059872 0.0000000 0.0951208 
Zcav       0.0938096 0.0899443 0.0755399 0.0854342 0.1184154 0.1047616 0.0239983 0.1099631 0.0707348 0.0645661 0.0859134 0.0832236 0.0392850 0.0454455 0.0927986 0.0942045 0.0855007 0.0867102 0.0961491 0.0826997 0.0980277 0.0776307 0.0961928 0.0888435 0.0904723 0.0933585 0.0925950 0.0951208 0.0000000 
