Supplemental results for CODEML (seqf: /home/leticiamagpali/phd/evol_models/codeml/big_dataset/cml_align/CASQ2_codon_aligned.phy  treef: /home/leticiamagpali/phd/evol_models/codeml/big_dataset/cml_trees/gene_trees/H1a_gene_trees/CASQ2_tree_H1a.tre)

I	J	ij	2Ns_IJ	pMut_IJ	pSub_IJ	2Ns_JI	pMut_JI	pSub_JI

TTC	TTT	CT	1.02417	0.14216	0.22716	-1.02417	0.39587	0.22716
TTA	TTT	AT	7.30155	0.00003	0.00025	-7.30155	0.05099	0.00025
TTA	TTC	AC	6.27738	0.00007	0.00044	-6.27738	0.03742	0.00044
TTG	TTT	GT	0.65886	0.01964	0.02681	-0.65886	0.03795	0.02681
TTG	TTC	GC	-0.36531	0.04013	0.03325	0.36531	0.02785	0.03325
TTG	TTA	GA	-6.64269	0.13904	0.00121	6.64269	0.00018	0.00121
TCT	TTT	CT	2.24119	0.04209	0.10556	-2.24119	0.39587	0.10556
TCC	TTC	CT	1.98845	0.03977	0.09164	-1.98845	0.29052	0.09164
TCC	TCT	CT	0.77143	0.03977	0.05707	-0.77143	0.08603	0.05707
TCA	TTA	CT	-4.36040	0.02854	0.00161	4.36040	0.00036	0.00161
TCA	TCT	AT	0.69995	0.00550	0.00765	-0.69995	0.01108	0.00765
TCA	TCC	AC	-0.07148	0.01125	0.01085	0.07148	0.01047	0.01085
TCG	TTG	CT	6.36901	0.00036	0.00228	-6.36901	0.20814	0.00228
TCG	TCT	GT	4.78667	0.00007	0.00033	-4.78667	0.00825	0.00033
TCG	TCC	GC	4.01525	0.00014	0.00057	-4.01525	0.00779	0.00057
TCG	TCA	GA	4.08672	0.00049	0.00202	-4.08672	0.02900	0.00202
TAT	TTT	AT	1.31761	0.01365	0.02457	-1.31761	0.05099	0.02457
TAT	TCT	AC	-0.92358	0.02790	0.01697	0.92358	0.01108	0.01697
TAC	TTC	AT	0.63778	0.01978	0.02675	-0.63778	0.03742	0.02675
TAC	TCC	AC	-1.35067	0.04042	0.01909	1.35067	0.01047	0.01909
TAC	TAT	CT	0.34434	0.10256	0.12123	-0.34434	0.14472	0.12123
TGT	TTT	GT	3.39533	0.00127	0.00447	-3.39533	0.03795	0.00447
TGT	TCT	GC	1.15413	0.00260	0.00438	-1.15413	0.00825	0.00438
TGT	TAT	GA	2.07771	0.00901	0.02140	-2.07771	0.07195	0.02140
TGC	TTC	GT	1.87656	0.00426	0.00945	-1.87656	0.02785	0.00945
TGC	TCC	GC	-0.11189	0.00872	0.00824	0.11189	0.00779	0.00824
TGC	TAC	GA	1.23878	0.03019	0.05266	-1.23878	0.10421	0.05266
TGC	TGT	CT	-0.49459	0.02212	0.01710	0.49459	0.01349	0.01710
TGG	TTG	GT	0.46075	0.01259	0.01571	-0.46075	0.01995	0.01571
TGG	TCG	GC	-5.90827	0.02573	0.00041	5.90827	0.00007	0.00041
TGG	TGT	GT	-2.27573	0.01259	0.00328	2.27573	0.00129	0.00328
TGG	TGC	GC	-1.78113	0.02573	0.00928	1.78113	0.00433	0.00928
CTT	TTT	CT	1.98800	0.05422	0.12490	-1.98800	0.39587	0.12490
CTC	TTC	CT	1.43979	0.06885	0.12991	-1.43979	0.29052	0.12991
CTC	CTT	CT	0.47596	0.06885	0.08653	-0.47596	0.11081	0.08653
CTA	TTA	CT	-4.67430	0.03906	0.00172	4.67430	0.00036	0.00172
CTA	CTT	AT	0.63925	0.00753	0.01019	-0.63925	0.01427	0.01019
CTA	CTC	AC	0.16329	0.01539	0.01668	-0.16329	0.01812	0.01668
CTG	TTG	CT	0.06639	0.19477	0.20131	-0.06639	0.20814	0.20131
CTG	CTT	GT	-1.26275	0.03756	0.01871	1.26275	0.01062	0.01871
CTG	CTC	GC	-1.73871	0.07675	0.02846	1.73871	0.01349	0.02846
CTG	CTA	GA	-1.90200	0.26590	0.08874	1.90200	0.03969	0.08874
CCT	TCT	CT	0.77143	0.03977	0.05707	-0.77143	0.08603	0.05707
CCT	CTT	CT	1.02463	0.03977	0.06357	-1.02463	0.11081	0.06357
CCC	TCC	CT	-0.03504	0.08419	0.08272	0.03504	0.08129	0.08272
CCC	CTC	CT	0.51363	0.08419	0.10765	-0.51363	0.14071	0.10765
CCC	CCT	CT	-0.03504	0.08419	0.08272	0.03504	0.08129	0.08272
CCA	TCA	CT	-0.29683	0.07848	0.06741	0.29683	0.05832	0.06741
CCA	CTA	CT	0.01707	0.07848	0.07915	-0.01707	0.07983	0.07915
CCA	CCT	AT	-0.36831	0.01513	0.01252	0.36831	0.01047	0.01252
CCA	CCC	AC	-0.33327	0.03093	0.02606	0.33327	0.02216	0.02606
CCG	TCG	CT	-2.93589	0.01373	0.00226	2.93589	0.00073	0.00226
CCG	CTG	CT	3.36673	0.01373	0.04789	-3.36673	0.39806	0.04789
CCG	CCT	GT	1.07936	0.00265	0.00433	-1.07936	0.00779	0.00433
CCG	CCC	GC	1.11439	0.00541	0.00898	-1.11439	0.01649	0.00898
CCG	CCA	GA	1.44767	0.01875	0.03549	-1.44767	0.07974	0.03549
CAT	TAT	CT	1.23912	0.04192	0.07311	-1.23912	0.14472	0.07311
CAT	CTT	AT	0.56874	0.00808	0.01060	-0.56874	0.01427	0.01060
CAT	CCT	AC	-0.45589	0.01652	0.01304	0.45589	0.01047	0.01304
CAC	TAC	CT	1.65749	0.03995	0.08182	-1.65749	0.20960	0.08182
CAC	CTC	AT	0.85549	0.00770	0.01146	-0.85549	0.01812	0.01146
CAC	CCC	AC	0.34186	0.01574	0.01859	-0.34186	0.02216	0.01859
CAC	CAT	CT	0.76271	0.03995	0.05711	-0.76271	0.08566	0.05711
CAA	CTA	AT	0.33439	0.00736	0.00866	-0.33439	0.01028	0.00866
CAA	CCA	AC	0.31732	0.01504	0.01755	-0.31732	0.02066	0.01755
CAA	CAT	AT	0.40490	0.00736	0.00895	-0.40490	0.01103	0.00895
CAA	CAC	AC	-0.35781	0.01504	0.01251	0.35781	0.01052	0.01251
CAG	CTG	AT	1.13745	0.01644	0.02752	-1.13745	0.05127	0.02752
CAG	CCG	AC	-2.22928	0.03360	0.00903	2.22928	0.00362	0.00903
CAG	CAT	GT	-0.69403	0.01644	0.01139	0.69403	0.00821	0.01139
CAG	CAC	GC	-1.45674	0.03360	0.01487	1.45674	0.00783	0.01487
CAG	CAA	GA	-1.09894	0.11639	0.06392	1.09894	0.03878	0.06392
CGT	TGT	CT	0.31835	0.00981	0.01145	-0.31835	0.01349	0.01145
CGT	CTT	GT	1.72568	0.00189	0.00397	-1.72568	0.01062	0.00397
CGT	CCT	GC	0.70106	0.00387	0.00538	-0.70106	0.00779	0.00538
CGT	CAT	GA	1.15695	0.01339	0.02260	-1.15695	0.04259	0.02260
CGC	TGC	CT	-0.25185	0.05815	0.05113	0.25185	0.04520	0.05113
CGC	CTC	GT	0.18493	0.01121	0.01228	-0.18493	0.01349	0.01228
CGC	CCC	GC	-0.32870	0.02291	0.01935	0.32870	0.01649	0.01935
CGC	CAC	GA	-0.67055	0.07938	0.05572	0.67055	0.04060	0.05572
CGC	CGT	CT	-1.06479	0.05815	0.03258	1.06479	0.02005	0.03258
CGA	CTA	GT	8.95889	0.00000	0.00000	-8.95889	0.00765	0.00001
CGA	CCA	GC	8.94182	0.00000	0.00000	-8.94182	0.01538	0.00002
CGA	CAA	GA	8.62450	0.00000	0.00000	-8.62450	0.03878	0.00006
CGA	CGT	AT	7.87245	0.00000	0.00000	-7.87245	0.00258	0.00001
CGA	CGC	AC	8.93725	0.00000	0.00000	-8.93725	0.01531	0.00002
CGG	TGG	CT	2.27360	0.01373	0.03481	-2.27360	0.13342	0.03481
CGG	CTG	GT	2.66795	0.00265	0.00759	-2.66795	0.03816	0.00759
CGG	CCG	GC	-0.69878	0.00541	0.00374	0.69878	0.00269	0.00374
CGG	CAG	GA	1.53050	0.01875	0.03662	-1.53050	0.08663	0.03662
CGG	CGT	GT	-0.32048	0.00265	0.00225	0.32048	0.00192	0.00225
CGG	CGC	GC	0.74431	0.00541	0.00767	-0.74431	0.01139	0.00767
CGG	CGA	GA	-8.19293	0.01875	0.00004	8.19293	0.00000	0.00000
ATT	TTT	AT	0.71953	0.02483	0.03483	-0.71953	0.05099	0.03483
ATT	CTT	AC	-1.26847	0.05075	0.02519	1.26847	0.01427	0.02519
ATC	TTC	AT	0.26832	0.02861	0.03262	-0.26832	0.03742	0.03262
ATC	CTC	AC	-1.17147	0.05848	0.03077	1.17147	0.01812	0.03077
ATC	ATT	CT	0.57296	0.14840	0.19495	-0.57296	0.26319	0.19495
ATA	TTA	AT	-4.11952	0.00289	0.00020	4.11952	0.00005	0.00020
ATA	CTA	AC	0.55478	0.00590	0.00769	-0.55478	0.01028	0.00769
ATA	ATT	AT	2.46250	0.00289	0.00778	-2.46250	0.03390	0.00778
ATA	ATC	AC	1.88954	0.00590	0.01314	-1.88954	0.03906	0.01314
ATG	TTG	AT	0.79505	0.01211	0.01755	-0.79505	0.02681	0.01755
ATG	CTG	AC	0.72866	0.02474	0.03484	-0.72866	0.05127	0.03484
ATG	ATT	GT	0.73438	0.01211	0.01709	-0.73438	0.02523	0.01709
ATG	ATC	GC	0.16142	0.02474	0.02679	-0.16142	0.02908	0.02679
ATG	ATA	GA	-1.72812	0.08571	0.03199	1.72812	0.01522	0.03199
ACT	TCT	AT	0.08477	0.01018	0.01062	-0.08477	0.01108	0.01062
ACT	CCT	AC	-0.68666	0.02081	0.01447	0.68666	0.01047	0.01447
ACT	ATT	CT	1.60644	0.05280	0.10610	-1.60644	0.26319	0.10610
ACC	TCC	AT	0.26314	0.00805	0.00915	-0.26314	0.01047	0.00915
ACC	CCC	AC	0.29818	0.01645	0.01902	-0.29818	0.02216	0.01902
ACC	ATC	CT	1.98328	0.04174	0.09599	-1.98328	0.30328	0.09599
ACC	ACT	CT	0.94981	0.04174	0.06465	-0.94981	0.10790	0.06465
ACA	TCA	AT	-0.46286	0.01193	0.00938	0.46286	0.00751	0.00938
ACA	CCA	AC	-0.16603	0.02439	0.02242	0.16603	0.02066	0.02242
ACA	ATA	CT	-0.70374	0.06189	0.04265	0.70374	0.03062	0.04265
ACA	ACT	AT	0.15233	0.01193	0.01287	-0.15233	0.01390	0.01287
ACA	ACC	AC	-0.79748	0.02439	0.01594	0.79748	0.01099	0.01594
ACG	TCG	AT	-3.39001	0.00279	0.00033	3.39001	0.00009	0.00033
ACG	CCG	AC	-0.45412	0.00569	0.00450	0.45412	0.00362	0.00450
ACG	ATG	CT	2.18395	0.01445	0.03556	-2.18395	0.12831	0.03556
ACG	ACT	GT	1.31190	0.00279	0.00500	-1.31190	0.01034	0.00500
ACG	ACC	GC	0.36209	0.00569	0.00679	-0.36209	0.00818	0.00679
ACG	ACA	GA	1.15957	0.01972	0.03332	-1.15957	0.06289	0.03332
AAT	TAT	AT	0.58150	0.01042	0.01374	-0.58150	0.01864	0.01374
AAT	CAT	AC	-0.65762	0.02130	0.01506	0.65762	0.01103	0.01506
AAT	ATT	AT	1.17959	0.01042	0.01775	-1.17959	0.03390	0.01775
AAT	ACT	AC	-0.42685	0.02130	0.01707	0.42685	0.01390	0.01707
AAC	TAC	AT	0.31478	0.01971	0.02297	-0.31478	0.02700	0.02297
AAC	CAC	AC	-1.34272	0.04028	0.01911	1.34272	0.01052	0.01911
AAC	ATC	AT	0.68424	0.01971	0.02721	-0.68424	0.03906	0.02721
AAC	ACC	AC	-1.29904	0.04028	0.01963	1.29904	0.01099	0.01963
AAC	AAT	CT	0.07762	0.10220	0.10622	-0.07762	0.11045	0.10622
AAA	CAA	AC	-1.67082	0.05342	0.02068	1.67082	0.01005	0.02068
AAA	ATA	AT	-1.89121	0.02614	0.00878	1.89121	0.00394	0.00878
AAA	ACA	AC	-1.18747	0.05342	0.02784	1.18747	0.01629	0.02784
AAA	AAT	AT	-0.60829	0.02614	0.01899	0.60829	0.01423	0.01899
AAA	AAC	AC	-0.68591	0.05342	0.03718	0.68591	0.02690	0.03718
AAG	CAG	AC	-1.32976	0.08484	0.04058	1.32976	0.02244	0.04058
AAG	ATG	AT	-0.92097	0.04151	0.02529	0.92097	0.01653	0.02529
AAG	ACG	AC	-3.10492	0.08484	0.01236	3.10492	0.00380	0.01236
AAG	AAT	GT	-1.36617	0.04151	0.01942	1.36617	0.01059	0.01942
AAG	AAC	GC	-1.44379	0.08484	0.03784	1.44379	0.02002	0.03784
AAG	AAA	GA	-0.75788	0.29390	0.19647	0.75788	0.13774	0.19647
AGT	TGT	AT	-2.24740	0.01644	0.00437	2.24740	0.00174	0.00437
AGT	CGT	AC	-2.56575	0.03360	0.00718	2.56575	0.00258	0.00718
AGT	ATT	GT	0.42840	0.01644	0.02021	-0.42840	0.02523	0.02021
AGT	ACT	GC	-1.17803	0.03360	0.01761	1.17803	0.01034	0.01761
AGT	AAT	GA	-0.75118	0.11639	0.07810	0.75118	0.05492	0.07810
AGC	TGC	AT	-0.04457	0.00609	0.00595	0.04457	0.00582	0.00595
AGC	CGC	AC	0.20727	0.01244	0.01377	-0.20727	0.01531	0.01377
AGC	ATC	GT	1.56367	0.00609	0.01204	-1.56367	0.02908	0.01204
AGC	ACC	GC	-0.41961	0.01244	0.01001	0.41961	0.00818	0.01001
AGC	AAC	GA	0.87943	0.04310	0.06479	-0.87943	0.10385	0.06479
AGC	AGT	CT	1.70823	0.03157	0.06586	-1.70823	0.17424	0.06586
AGA	CGA	AC	-8.50059	0.00661	0.00001	8.50059	0.00000	0.00000
AGA	ATA	GT	-0.09649	0.00323	0.00308	0.09649	0.00294	0.00308
AGA	ACA	GC	0.60725	0.00661	0.00881	-0.60725	0.01213	0.00881
AGA	AAA	GA	1.79472	0.02289	0.04927	-1.79472	0.13774	0.04927
AGA	AGT	AT	1.93761	0.00323	0.00732	-1.93761	0.02244	0.00732
AGA	AGC	AC	0.22938	0.00661	0.00739	-0.22938	0.00831	0.00739
AGG	TGG	AT	1.12018	0.00561	0.00932	-1.12018	0.01718	0.00932
AGG	CGG	AC	-1.15342	0.01146	0.00609	1.15342	0.00362	0.00609
AGG	ATG	GT	0.78587	0.00561	0.00809	-0.78587	0.01230	0.00809
AGG	ACG	GC	-1.39808	0.01146	0.00526	1.39808	0.00283	0.00526
AGG	AAG	GA	1.70684	0.03969	0.08276	-1.70684	0.21875	0.08276
AGG	AGT	GT	1.09185	0.00561	0.00921	-1.09185	0.01670	0.00921
AGG	AGC	GC	-0.61638	0.01146	0.00829	0.61638	0.00619	0.00829
AGG	AGA	GA	-0.84576	0.03969	0.02524	0.84576	0.01704	0.02524
GTT	TTT	GT	0.75242	0.01788	0.02545	-0.75242	0.03795	0.02545
GTT	CTT	GC	-1.23558	0.03655	0.01851	1.23558	0.01062	0.01851
GTT	ATT	GA	0.03289	0.12662	0.12871	-0.03289	0.13085	0.12871
GTC	TTC	GT	0.52306	0.01651	0.02120	-0.52306	0.02785	0.02120
GTC	CTC	GC	-0.91673	0.03374	0.02060	0.91673	0.01349	0.02060
GTC	ATC	GA	0.25474	0.11688	0.13240	-0.25474	0.15079	0.13240
GTC	GTT	CT	0.79481	0.08561	0.12410	-0.79481	0.18955	0.12410
GTA	TTA	GT	-3.72168	0.00144	0.00013	3.72168	0.00003	0.00013
GTA	CTA	GC	0.95262	0.00295	0.00458	-0.95262	0.00765	0.00458
GTA	ATA	GA	0.39784	0.01023	0.01240	-0.39784	0.01522	0.01240
GTA	GTT	AT	2.82745	0.00144	0.00434	-2.82745	0.02442	0.00434
GTA	GTC	AC	2.03264	0.00295	0.00691	-2.03264	0.02254	0.00691
GTG	TTG	GT	-0.56320	0.03505	0.02610	0.56320	0.01995	0.02610
GTG	CTG	GC	-0.62959	0.07162	0.05143	0.62959	0.03816	0.05143
GTG	ATG	GA	-1.35825	0.24813	0.11664	1.35825	0.06380	0.11664
GTG	GTT	GT	-0.65676	0.03505	0.02479	0.65676	0.01817	0.02479
GTG	GTC	GC	-1.45157	0.07162	0.03180	1.45157	0.01677	0.03180
GTG	GTA	GA	-3.48421	0.24813	0.02736	3.48421	0.00761	0.02736
GCT	TCT	GT	-0.84274	0.01916	0.01221	0.84274	0.00825	0.01221
GCT	CCT	GC	-1.61417	0.03915	0.01571	1.61417	0.00779	0.01571
GCT	ACT	GA	-0.92751	0.13563	0.08232	0.92751	0.05365	0.08232
GCT	GTT	CT	0.64603	0.09935	0.13487	-0.64603	0.18955	0.13487
GCC	TCC	GT	-0.28727	0.01039	0.00897	0.28727	0.00779	0.00897
GCC	CCC	GC	-0.25223	0.02123	0.01866	0.25223	0.01649	0.01866
GCC	ACC	GA	-0.55041	0.07354	0.05515	0.55041	0.04241	0.05515
GCC	GTC	CT	1.17813	0.05387	0.09169	-1.17813	0.17497	0.09169
GCC	GCT	CT	1.32691	0.05387	0.09728	-1.32691	0.20304	0.09728
GCA	TCA	GT	-0.62257	0.01042	0.00751	0.62257	0.00559	0.00751
GCA	CCA	GC	-0.32574	0.02130	0.01802	0.32574	0.01538	0.01802
GCA	ACA	GA	-0.15971	0.07378	0.06805	0.15971	0.06289	0.06805
GCA	GTA	CT	-1.26129	0.05404	0.02694	1.26129	0.01531	0.02694
GCA	GCT	AT	0.92013	0.01042	0.01594	-0.92013	0.02615	0.01594
GCA	GCC	AC	-0.40678	0.02130	0.01726	0.40678	0.01418	0.01726
GCG	TCG	GT	-4.69354	0.00764	0.00033	4.69354	0.00007	0.00033
GCG	CCG	GC	-1.75765	0.01560	0.00572	1.75765	0.00269	0.00572
GCG	ACG	GA	-1.30353	0.05406	0.02627	1.30353	0.01468	0.02627
GCG	GTG	CT	2.23867	0.03960	0.09922	-2.23867	0.37145	0.09922
GCG	GCT	GT	0.93588	0.00764	0.01176	-0.93588	0.01947	0.01176
GCG	GCC	GC	-0.39103	0.01560	0.01275	0.39103	0.01055	0.01275
GCG	GCA	GA	0.01575	0.05406	0.05448	-0.01575	0.05492	0.05448
GAT	TAT	GT	-1.59546	0.06841	0.02777	1.59546	0.01387	0.02777
GAT	CAT	GC	-2.83458	0.13980	0.02473	2.83458	0.00821	0.02473
GAT	AAT	GA	-2.17696	0.48432	0.13484	2.17696	0.05492	0.13484
GAT	GTT	AT	-1.03026	0.06841	0.03911	1.03026	0.02442	0.03911
GAT	GCT	AC	-1.67630	0.13980	0.05393	1.67630	0.02615	0.05393
GAC	TAC	GT	-1.40785	0.08213	0.03745	1.40785	0.02009	0.03745
GAC	CAC	GC	-3.06534	0.16785	0.02517	3.06534	0.00783	0.02517
GAC	AAC	GA	-1.72263	0.58148	0.21779	1.72263	0.10385	0.21779
GAC	GTC	AT	-1.29313	0.08213	0.04016	1.29313	0.02254	0.04016
GAC	GCC	AC	-2.47126	0.16785	0.03827	2.47126	0.01418	0.03827
GAC	GAT	CT	0.53195	0.42593	0.54921	-0.53195	0.72504	0.54921
GAA	CAA	GC	-2.47642	0.08898	0.02022	2.47642	0.00748	0.02022
GAA	AAA	GA	-0.80560	0.30827	0.20059	0.80560	0.13774	0.20059
GAA	GTA	AT	-3.09465	0.04354	0.00639	3.09465	0.00197	0.00639
GAA	GCA	AC	-1.83336	0.08898	0.03105	1.83336	0.01423	0.03105
GAA	GAT	AT	0.76306	0.04354	0.06225	-0.76306	0.09339	0.06225
GAA	GAC	AC	0.23112	0.08898	0.09966	-0.23112	0.11212	0.09966
GAG	CAG	GC	-2.32193	0.17031	0.04300	2.32193	0.01670	0.04300
GAG	AAG	GA	-0.99217	0.59000	0.34493	0.99217	0.21875	0.34493
GAG	GTG	AT	-0.55489	0.08333	0.06234	0.55489	0.04784	0.06234
GAG	GCG	AC	-2.79356	0.17031	0.03102	2.79356	0.01042	0.03102
GAG	GAT	GT	-0.18138	0.08333	0.07600	0.18138	0.06951	0.07600
GAG	GAC	GC	-0.71333	0.17031	0.11673	0.71333	0.08345	0.11673
GAG	GAA	GA	-0.94445	0.59000	0.35460	0.94445	0.22945	0.35460
GGT	TGT	GT	-1.46069	0.00557	0.00246	1.46069	0.00129	0.00246
GGT	CGT	GC	-1.77904	0.01139	0.00411	1.77904	0.00192	0.00411
GGT	AGT	GA	0.78671	0.03945	0.05698	-0.78671	0.08663	0.05698
GGT	GTT	GT	1.18222	0.00557	0.00950	-1.18222	0.01817	0.00950
GGT	GCT	GC	0.53619	0.01139	0.01471	-0.53619	0.01947	0.01471
GGT	GAT	GA	2.21249	0.03945	0.09800	-2.21249	0.36048	0.09800
GGC	TGC	GT	-1.04146	0.01228	0.00697	1.04146	0.00433	0.00697
GGC	CGC	GC	-0.78962	0.02509	0.01648	0.78962	0.01139	0.01648
GGC	AGC	GA	-0.99689	0.08693	0.05068	0.99689	0.03208	0.05068
GGC	GTC	GT	0.31204	0.01228	0.01429	-0.31204	0.01677	0.01429
GGC	GCC	GC	-0.86609	0.02509	0.01578	0.86609	0.01055	0.01578
GGC	GAC	GA	1.60517	0.08693	0.17461	-1.60517	0.43280	0.17461
GGC	GGT	CT	-0.07537	0.06368	0.06131	0.07537	0.05905	0.06131
GGA	CGA	GC	-9.30885	0.01104	0.00001	9.30885	0.00000	0.00000
GGA	AGA	GA	-0.80825	0.03823	0.02484	0.80825	0.01704	0.02484
GGA	GTA	GT	-1.30259	0.00540	0.00263	1.30259	0.00147	0.00263
GGA	GCA	GC	-0.04129	0.01104	0.01081	0.04129	0.01059	0.01081
GGA	GAA	GA	1.79207	0.03823	0.08221	-1.79207	0.22945	0.08221
GGA	GGT	AT	0.34264	0.00540	0.00638	-0.34264	0.00761	0.00638
GGA	GGC	AC	0.41801	0.01104	0.01350	-0.41801	0.01676	0.01350
GGG	TGG	GT	0.12561	0.01128	0.01200	-0.12561	0.01279	0.01200
GGG	CGG	GC	-2.14799	0.02305	0.00654	2.14799	0.00269	0.00654
GGG	AGG	GA	-0.99457	0.07987	0.04663	0.99457	0.02954	0.04663
GGG	GTG	GT	1.14955	0.01128	0.01898	-1.14955	0.03561	0.01898
GGG	GCG	GC	-1.08912	0.02305	0.01274	1.08912	0.00776	0.01274
GGG	GAG	GA	1.70444	0.07987	0.16639	-1.70444	0.43914	0.16639
GGG	GGT	GT	-0.68943	0.01128	0.00784	0.68943	0.00566	0.00784
GGG	GGC	GC	-0.61406	0.02305	0.01670	0.61406	0.01248	0.01670
GGG	GGA	GA	-1.03207	0.07987	0.04562	1.03207	0.02845	0.04562


Histograms
2Ns	FMut	FSub(CodonUsage)	FSubw(after w)

-8.86557	0.00335	0.00001
-7.97901	0.00075	0.00000
-7.09246	0.00180	0.00001
-6.20590	0.01451	0.00021
-5.31934	0.00000	0.00000
-4.43279	0.00436	0.00032
-3.54623	0.02735	0.00438
-2.65967	0.07272	0.02243
-1.77311	0.24440	0.11924
-0.88656	0.30542	0.25797
0.00000	0.14391	0.19087
0.88656	0.13161	0.25797
1.77311	0.04246	0.11924
2.65967	0.00634	0.02243
3.54623	0.00094	0.00438
4.43279	0.00005	0.00032
5.31934	0.00000	0.00000
6.20590	0.00002	0.00021
7.09246	0.00000	0.00001
7.97901	0.00000	0.00000
8.86557	0.00000	0.00000

Proportion of advantageous (S > 0) mutations:
 0.24683

Proportions of good & bad mutations (|S| > 2.0000) among mutations:
0.01172  0.16343

mean |Ns| = 1.36014	mean Ns+ = 0.85248	mean Ns- = -1.52651


MLEs of dN/dS (w) for site classes (K=4)

site class             0        1       2a       2b
proportion       0.83074  0.07245  0.08905  0.00777
background w     0.11764  2.25441  0.11764  2.25441
foreground w     0.11764  2.25441  3.98454  3.98454

Naive Empirical Bayes (NEB) probabilities for 4 classes
(amino acids refer to 1st sequence: Bacu)

   1 M   0.93952 0.00319 0.05702 0.00027 ( 1)
   2 K   0.70409 0.21914 0.05615 0.02063 ( 1)
   3 R   0.91320 0.03502 0.04902 0.00276 ( 1)
   4 T   0.93974 0.00317 0.05683 0.00026 ( 1)
   5 H   0.91610 0.03190 0.04948 0.00253 ( 1)
   6 L   0.86804 0.04315 0.08438 0.00443 ( 1)
   7 F   0.89446 0.02450 0.07863 0.00241 ( 1)
   8 V   0.63948 0.27907 0.05441 0.02704 ( 1)
   9 M   0.66986 0.24902 0.05700 0.02413 ( 1)
  10 A   0.02440 0.89716 0.00158 0.07687 ( 2)
  11 V   0.92718 0.00714 0.06504 0.00064 ( 1)
  12 Y   0.90636 0.01733 0.07465 0.00166 ( 1)
  13 L   0.86804 0.04315 0.08438 0.00443 ( 1)
  14 L   0.86804 0.04315 0.08438 0.00443 ( 1)
  15 S   0.94368 0.00227 0.05386 0.00018 ( 1)
  16 T   0.90285 0.04219 0.05153 0.00342 ( 1)
  17 C   0.95031 0.00121 0.04838 0.00009 ( 1)
  18 R   0.86078 0.08527 0.04716 0.00679 ( 1)
  19 A   0.91822 0.01064 0.07016 0.00098 ( 1)
  20 E   0.22936 0.10247 0.65076 0.01741 ( 3)
  21 E   0.89909 0.02129 0.07755 0.00207 ( 1)
  22 G   0.93588 0.00391 0.05988 0.00033 ( 1)
  23 L   0.87100 0.04021 0.08467 0.00413 ( 1)
  24 N   0.86379 0.07473 0.05510 0.00637 ( 1)
  25 F   0.90869 0.01556 0.07427 0.00148 ( 1)
  26 P   0.92016 0.00965 0.06930 0.00089 ( 1)
  27 T   0.94012 0.00280 0.05685 0.00023 ( 1)
  28 Y   0.91023 0.01480 0.07357 0.00140 ( 1)
  29 D   0.89483 0.02399 0.07882 0.00236 ( 1)
  30 G   0.93472 0.00424 0.06067 0.00036 ( 1)
  31 K   0.77079 0.15331 0.06147 0.01443 ( 1)
  32 D   0.89561 0.02389 0.07816 0.00234 ( 1)
  33 R   0.91811 0.01093 0.06995 0.00101 ( 1)
  34 V   0.90286 0.01928 0.07600 0.00186 ( 1)
  35 V   0.92907 0.00646 0.06390 0.00057 ( 1)
  36 S   0.90853 0.01617 0.07377 0.00153 ( 1)
  37 L   0.91245 0.01407 0.07216 0.00132 ( 1)
  38 T   0.94137 0.00279 0.05561 0.00023 ( 1)
  39 E   0.89993 0.02119 0.07683 0.00206 ( 1)
  40 K   0.91328 0.01361 0.07184 0.00127 ( 1)
  41 N   0.93593 0.00422 0.05949 0.00036 ( 1)
  42 F   0.90966 0.01547 0.07340 0.00146 ( 1)
  43 K   0.91328 0.01361 0.07184 0.00127 ( 1)
  44 Q   0.90479 0.01844 0.07501 0.00176 ( 1)
  45 V   0.93015 0.00605 0.06327 0.00053 ( 1)
  46 L   0.52193 0.39043 0.04841 0.03924 ( 1)
  47 K   0.91328 0.01361 0.07184 0.00127 ( 1)
  48 K   0.91435 0.01305 0.07138 0.00122 ( 1)
  49 Y   0.24497 0.08302 0.65823 0.01378 ( 3)
  50 D   0.89561 0.02389 0.07816 0.00234 ( 1)
  51 L   0.87998 0.03472 0.08180 0.00349 ( 1)
  52 L   0.93710 0.00394 0.05863 0.00033 ( 1)
  53 C   0.95335 0.00090 0.04569 0.00007 ( 1)
  54 L   0.93711 0.00392 0.05863 0.00033 ( 1)
  55 Y   0.68174 0.24000 0.05546 0.02279 ( 1)
  56 Y   0.24945 0.08474 0.65191 0.01389 ( 3)
  57 H   0.93477 0.00465 0.06019 0.00040 ( 1)
  58 E   0.89962 0.02149 0.07680 0.00209 ( 1)
  59 P   0.92120 0.00968 0.06824 0.00088 ( 1)
  60 V   0.63158 0.28754 0.05316 0.02773 ( 1)
  61 S   0.94056 0.00306 0.05613 0.00025 ( 1)
  62 S   0.92291 0.00727 0.06915 0.00067 ( 1)
  63 D   0.88747 0.02937 0.08023 0.00292 ( 1)
  64 K   0.91408 0.01331 0.07136 0.00124 ( 1)
  65 A   0.01801 0.90128 0.00124 0.07947 ( 2)
  66 A   0.00123 0.86606 0.00264 0.13007 ( 2)
  67 Q   0.90449 0.01873 0.07498 0.00179 ( 1)
  68 K   0.91408 0.01331 0.07136 0.00124 ( 1)
  69 Q   0.07486 0.08103 0.82441 0.01970 ( 3)
  70 F   0.25820 0.08170 0.64695 0.01315 ( 3)
  71 Q   0.90835 0.01663 0.07344 0.00157 ( 1)
  72 M   0.07795 0.83246 0.00701 0.08257 ( 2)
  73 K   0.91408 0.01331 0.07136 0.00124 ( 1)
  74 E   0.90547 0.01808 0.07472 0.00173 ( 1)
  75 I   0.69024 0.23203 0.05576 0.02197 ( 1)
  76 V   0.45399 0.46314 0.03821 0.04466 ( 2)
  77 L   0.86894 0.04261 0.08408 0.00437 ( 1)
  78 E   0.89945 0.02166 0.07679 0.00210 ( 1)
  79 F   0.88331 0.02543 0.08861 0.00265 ( 1)
  80 D   0.55065 0.35742 0.05485 0.03708 ( 1)
  81 E   0.89058 0.01950 0.08790 0.00201 ( 1)
  82 E   0.89058 0.01950 0.08790 0.00201 ( 1)
  83 G   0.91084 0.00542 0.08320 0.00054 ( 1)
  84 S   0.89248 0.01800 0.08766 0.00186 ( 1)
  85 L   0.45851 0.44671 0.04759 0.04720 ( 1)
  86 Y   0.89451 0.01643 0.08737 0.00169 ( 1)
  87 V   0.79153 0.12257 0.07358 0.01233 ( 1)
  88 L   0.91196 0.00498 0.08256 0.00050 ( 1)
  89 K   0.89592 0.01535 0.08715 0.00158 ( 1)
  90 G   0.92072 0.00144 0.07770 0.00014 ( 1)
  91 D   0.87672 0.03100 0.08904 0.00324 ( 1)
  92 R   0.89919 0.01293 0.08656 0.00132 ( 1)
  93 T   0.71295 0.19816 0.06865 0.02025 ( 1)
  94 I   0.89710 0.01447 0.08695 0.00148 ( 1)
  95 E   0.88610 0.02312 0.08838 0.00240 ( 1)
  96 F   0.88378 0.02496 0.08866 0.00260 ( 1)
  97 D   0.87672 0.03100 0.08904 0.00324 ( 1)
  98 G   0.91130 0.00517 0.08301 0.00052 ( 1)
  99 E   0.88610 0.02312 0.08838 0.00240 ( 1)
 100 F   0.88331 0.02543 0.08861 0.00265 ( 1)
 101 A   0.90244 0.01172 0.08465 0.00118 ( 1)
 102 A   0.90184 0.01105 0.08599 0.00112 ( 1)
 103 D   0.87675 0.03096 0.08905 0.00324 ( 1)
 104 V   0.90692 0.00770 0.08461 0.00078 ( 1)
 105 L   0.87095 0.03598 0.08930 0.00378 ( 1)
 106 V   0.88804 0.02154 0.08819 0.00223 ( 1)
 107 E   0.88610 0.02312 0.08838 0.00240 ( 1)
 108 F   0.88340 0.02534 0.08862 0.00264 ( 1)
 109 L   0.91221 0.00471 0.08261 0.00047 ( 1)
 110 L   0.87095 0.03598 0.08930 0.00378 ( 1)
 111 D   0.88224 0.02641 0.08860 0.00275 ( 1)
 112 L   0.86151 0.07673 0.05520 0.00656 ( 1)
 113 I   0.72919 0.19493 0.05760 0.01828 ( 1)
 114 E   0.90435 0.01838 0.07551 0.00177 ( 1)
 115 D   0.89413 0.02468 0.07876 0.00243 ( 1)
 116 P   0.91750 0.01227 0.06910 0.00113 ( 1)
 117 V   0.90179 0.01958 0.07673 0.00190 ( 1)
 118 E   0.89925 0.02113 0.07756 0.00206 ( 1)
 119 I   0.90860 0.01558 0.07434 0.00148 ( 1)
 120 I   0.90860 0.01558 0.07434 0.00148 ( 1)
 121 N   0.86562 0.07190 0.05630 0.00618 ( 1)
 122 S   0.94384 0.00202 0.05398 0.00016 ( 1)
 123 K   0.91345 0.01300 0.07232 0.00122 ( 1)
 124 L   0.86904 0.04215 0.08448 0.00433 ( 1)
 125 E   0.90516 0.01758 0.07557 0.00169 ( 1)
 126 V   0.92791 0.00643 0.06509 0.00057 ( 1)
 127 Q   0.90785 0.01630 0.07431 0.00155 ( 1)
 128 A   0.93326 0.00460 0.06175 0.00040 ( 1)
 129 F   0.89554 0.02343 0.07873 0.00230 ( 1)
 130 E   0.89925 0.02113 0.07756 0.00206 ( 1)
 131 R   0.91676 0.01128 0.07092 0.00105 ( 1)
 132 I   0.91388 0.01273 0.07219 0.00119 ( 1)
 133 E   0.89925 0.02113 0.07756 0.00206 ( 1)
 134 D   0.89498 0.02384 0.07883 0.00235 ( 1)
 135 H   0.86218 0.07459 0.05678 0.00645 ( 1)
 136 I   0.90860 0.01558 0.07434 0.00148 ( 1)
 137 K   0.91345 0.01300 0.07232 0.00122 ( 1)
 138 L   0.93594 0.00377 0.05997 0.00032 ( 1)
 139 I   0.90938 0.01481 0.07440 0.00141 ( 1)
 140 G   0.93479 0.00418 0.06068 0.00036 ( 1)
 141 F   0.89554 0.02343 0.07873 0.00230 ( 1)
 142 F   0.90883 0.01542 0.07428 0.00147 ( 1)
 143 K   0.91240 0.01356 0.07276 0.00128 ( 1)
 144 S   0.90772 0.01612 0.07462 0.00154 ( 1)
 145 E   0.89931 0.02107 0.07757 0.00205 ( 1)
 146 D   0.89498 0.02384 0.07883 0.00235 ( 1)
 147 S   0.91868 0.01043 0.06993 0.00096 ( 1)
 148 E   0.89465 0.02568 0.07716 0.00250 ( 1)
 149 Y   0.60802 0.31318 0.04915 0.02966 ( 1)
 150 Y   0.90659 0.01795 0.07375 0.00171 ( 1)
 151 K   0.91169 0.01518 0.07171 0.00142 ( 1)
 152 A   0.92015 0.01089 0.06797 0.00099 ( 1)
 153 F   0.89437 0.02527 0.07789 0.00247 ( 1)
 154 E   0.90420 0.01933 0.07462 0.00185 ( 1)
 155 E   0.89814 0.02296 0.07668 0.00223 ( 1)
 156 A   0.91789 0.01197 0.06903 0.00110 ( 1)
 157 A   0.92015 0.01089 0.06797 0.00099 ( 1)
 158 E   0.90420 0.01933 0.07462 0.00185 ( 1)
 159 H   0.93401 0.00539 0.06014 0.00046 ( 1)
 160 F   0.90800 0.01711 0.07327 0.00162 ( 1)
 161 Q   0.90305 0.02016 0.07486 0.00193 ( 1)
 162 P   0.94278 0.00280 0.05419 0.00023 ( 1)
 163 Y   0.90659 0.01795 0.07375 0.00171 ( 1)
 164 I   0.67730 0.24479 0.05472 0.02318 ( 1)
 165 K   0.91279 0.01459 0.07126 0.00136 ( 1)
 166 F   0.89437 0.02527 0.07789 0.00247 ( 1)
 167 F   0.89437 0.02527 0.07789 0.00247 ( 1)
 168 A   0.92015 0.01089 0.06797 0.00099 ( 1)
 169 T   0.93813 0.00414 0.05739 0.00035 ( 1)
 170 F   0.90794 0.01717 0.07327 0.00163 ( 1)
 171 D   0.89380 0.02568 0.07800 0.00252 ( 1)
 172 K   0.91279 0.01459 0.07126 0.00136 ( 1)
 173 G   0.93642 0.00468 0.05851 0.00039 ( 1)
 174 V   0.92598 0.00928 0.06392 0.00082 ( 1)
 175 A   0.91446 0.01462 0.06958 0.00135 ( 1)
 176 K   0.90799 0.01815 0.07215 0.00171 ( 1)
 177 K   0.90911 0.01753 0.07171 0.00164 ( 1)
 178 L   0.87570 0.03880 0.08159 0.00391 ( 1)
 179 S   0.94268 0.00363 0.05340 0.00029 ( 1)
 180 L   0.87570 0.03880 0.08159 0.00391 ( 1)
 181 K   0.90799 0.01815 0.07215 0.00171 ( 1)
 182 M   0.93817 0.00488 0.05655 0.00041 ( 1)
 183 N   0.94527 0.00305 0.05144 0.00024 ( 1)
 184 E   0.89434 0.02618 0.07693 0.00255 ( 1)
 185 V   0.92597 0.00928 0.06392 0.00082 ( 1)
 186 D   0.89003 0.02892 0.07821 0.00284 ( 1)
 187 F   0.90424 0.02019 0.07366 0.00192 ( 1)
 188 Y   0.90585 0.01935 0.07297 0.00183 ( 1)
 189 E   0.89434 0.02618 0.07693 0.00255 ( 1)
 190 P   0.90720 0.01840 0.07266 0.00174 ( 1)
 191 F   0.89059 0.02851 0.07810 0.00280 ( 1)
 192 M   0.93817 0.00488 0.05655 0.00041 ( 1)
 193 D   0.88997 0.02898 0.07820 0.00285 ( 1)
 194 E   0.89434 0.02618 0.07693 0.00255 ( 1)
 195 P   0.91646 0.01357 0.06872 0.00124 ( 1)
 196 I   0.90958 0.01723 0.07159 0.00161 ( 1)
 197 A   0.93073 0.00741 0.06122 0.00064 ( 1)
 198 I   0.90425 0.02010 0.07374 0.00191 ( 1)
 199 P   0.92930 0.00747 0.06258 0.00065 ( 1)
 200 D   0.88923 0.02904 0.07886 0.00287 ( 1)
 201 K   0.67341 0.24917 0.05392 0.02350 ( 1)
 202 P   0.91528 0.01368 0.06978 0.00126 ( 1)
 203 Y   0.90183 0.02118 0.07495 0.00203 ( 1)
 204 T   0.91138 0.01576 0.07138 0.00147 ( 1)
 205 E   0.89947 0.02261 0.07575 0.00218 ( 1)
 206 E   0.58422 0.33244 0.05081 0.03253 ( 1)
 207 E   0.89348 0.02630 0.07764 0.00257 ( 1)
 208 L   0.93249 0.00633 0.06064 0.00054 ( 1)
 209 V   0.89604 0.02470 0.07685 0.00240 ( 1)
 210 E   0.58398 0.33234 0.05108 0.03260 ( 1)
 211 F   0.88977 0.02881 0.07859 0.00284 ( 1)
 212 V   0.89536 0.02538 0.07679 0.00247 ( 1)
 213 K   0.90629 0.01891 0.07301 0.00179 ( 1)
 214 E   0.89279 0.02698 0.07758 0.00264 ( 1)
 215 H   0.94436 0.00318 0.05220 0.00025 ( 1)
 216 Q   0.90143 0.02202 0.07445 0.00210 ( 1)
 217 P   0.88371 0.02241 0.09151 0.00237 ( 1)
 218 T   0.89823 0.01197 0.08856 0.00124 ( 1)
 219 L   0.88262 0.02442 0.09039 0.00256 ( 1)
 220 R   0.80255 0.10843 0.07790 0.01112 ( 1)
 221 R   0.88602 0.02152 0.09020 0.00225 ( 1)
 222 L   0.86084 0.04415 0.09033 0.00469 ( 1)
 223 R   0.88619 0.02135 0.09022 0.00224 ( 1)
 224 P   0.88274 0.02436 0.09034 0.00256 ( 1)
 225 E   0.87798 0.02855 0.09046 0.00301 ( 1)
 226 D   0.86573 0.03964 0.09043 0.00420 ( 1)
 227 M   0.90214 0.00851 0.08848 0.00088 ( 1)
 228 F   0.87140 0.03447 0.09048 0.00364 ( 1)
 229 E   0.87765 0.02880 0.09052 0.00303 ( 1)
 230 T   0.88611 0.02142 0.09022 0.00224 ( 1)
 231 W   0.86285 0.04229 0.09038 0.00449 ( 1)
 232 E   0.90608 0.01748 0.07477 0.00167 ( 1)
 233 D   0.88794 0.02891 0.08028 0.00288 ( 1)
 234 D   0.88794 0.02891 0.08028 0.00288 ( 1)
 235 L   0.88093 0.03395 0.08170 0.00341 ( 1)
 236 N   0.93599 0.00416 0.05950 0.00035 ( 1)
 237 G   0.93731 0.00380 0.05857 0.00032 ( 1)
 238 I   0.90956 0.01549 0.07348 0.00147 ( 1)
 239 H   0.94883 0.00140 0.04966 0.00011 ( 1)
 240 I   0.91492 0.01265 0.07125 0.00118 ( 1)
 241 V   0.90266 0.01948 0.07598 0.00188 ( 1)
 242 A   0.93459 0.00455 0.06047 0.00039 ( 1)
 243 F   0.89754 0.02294 0.07729 0.00223 ( 1)
 244 A   0.93479 0.00434 0.06050 0.00037 ( 1)
 245 E   0.90008 0.02103 0.07684 0.00204 ( 1)
 246 R   0.94799 0.00152 0.05037 0.00012 ( 1)
 247 S   0.90867 0.01602 0.07378 0.00152 ( 1)
 248 D   0.88794 0.02891 0.08028 0.00288 ( 1)
 249 P   0.91265 0.01369 0.07237 0.00129 ( 1)
 250 D   0.88712 0.02915 0.08082 0.00291 ( 1)
 251 G   0.93480 0.00416 0.06068 0.00036 ( 1)
 252 Y   0.90967 0.01534 0.07353 0.00145 ( 1)
 253 E   0.89927 0.02111 0.07756 0.00206 ( 1)
 254 F   0.90885 0.01540 0.07428 0.00147 ( 1)
 255 L   0.86906 0.04213 0.08448 0.00433 ( 1)
 256 E   0.89927 0.02111 0.07756 0.00206 ( 1)
 257 I   0.90862 0.01556 0.07434 0.00148 ( 1)
 258 L   0.86907 0.04212 0.08448 0.00433 ( 1)
 259 K   0.91242 0.01354 0.07276 0.00127 ( 1)
 260 Q   0.90406 0.01837 0.07580 0.00177 ( 1)
 261 V   0.92898 0.00601 0.06447 0.00053 ( 1)
 262 A   0.92071 0.00929 0.06914 0.00085 ( 1)
 263 R   0.95069 0.00102 0.04821 0.00008 ( 1)
 264 D   0.89501 0.02381 0.07883 0.00234 ( 1)
 265 N   0.93465 0.00420 0.06079 0.00036 ( 1)
 266 T   0.94627 0.00172 0.05188 0.00014 ( 1)
 267 D   0.89501 0.02381 0.07883 0.00234 ( 1)
 268 N   0.93465 0.00420 0.06079 0.00036 ( 1)
 269 P   0.93322 0.00456 0.06182 0.00040 ( 1)
 270 D   0.61522 0.30097 0.05419 0.02961 ( 1)
 271 L   0.87979 0.03379 0.08299 0.00342 ( 1)
 272 S   0.90849 0.03659 0.05195 0.00297 ( 1)
 273 I   0.90906 0.01513 0.07438 0.00144 ( 1)
 274 V   0.60857 0.33457 0.03104 0.02581 ( 1)
 275 W   0.88304 0.03200 0.08175 0.00322 ( 1)
 276 I   0.90862 0.01556 0.07434 0.00148 ( 1)
 277 D   0.89501 0.02381 0.07883 0.00234 ( 1)
 278 P   0.91165 0.01376 0.07328 0.00130 ( 1)
 279 D   0.88842 0.02810 0.08068 0.00280 ( 1)
 280 D   0.89501 0.02381 0.07883 0.00234 ( 1)
 281 F   0.89557 0.02341 0.07873 0.00230 ( 1)
 282 P   0.93322 0.00456 0.06182 0.00040 ( 1)
 283 L   0.86906 0.04213 0.08448 0.00433 ( 1)
 284 L   0.93745 0.00375 0.05848 0.00032 ( 1)
 285 V   0.93016 0.00604 0.06327 0.00053 ( 1)
 286 A   0.93406 0.00507 0.06044 0.00044 ( 1)
 287 Y   0.91122 0.01470 0.07269 0.00138 ( 1)
 288 W   0.88350 0.03205 0.08123 0.00321 ( 1)
 289 E   0.90595 0.01761 0.07476 0.00168 ( 1)
 290 K   0.91330 0.01359 0.07184 0.00127 ( 1)
 291 T   0.93896 0.00333 0.05744 0.00028 ( 1)
 292 F   0.90968 0.01545 0.07341 0.00146 ( 1)
 293 K   0.91330 0.01359 0.07184 0.00127 ( 1)
 294 I   0.91481 0.01276 0.07124 0.00119 ( 1)
 295 D   0.89562 0.02387 0.07816 0.00234 ( 1)
 296 L   0.91247 0.01406 0.07216 0.00132 ( 1)
 297 F   0.90968 0.01545 0.07341 0.00146 ( 1)
 298 K   0.91330 0.01359 0.07184 0.00127 ( 1)
 299 P   0.91320 0.01340 0.07213 0.00126 ( 1)
 300 Q   0.90481 0.01842 0.07501 0.00176 ( 1)
 301 I   0.91481 0.01276 0.07124 0.00119 ( 1)
 302 G   0.93537 0.00440 0.05985 0.00038 ( 1)
 303 V   0.90253 0.01961 0.07597 0.00189 ( 1)
 304 V   0.90253 0.01961 0.07597 0.00189 ( 1)
 305 N   0.94786 0.00159 0.05043 0.00012 ( 1)
 306 V   0.93015 0.00605 0.06327 0.00053 ( 1)
 307 T   0.91759 0.01136 0.07000 0.00105 ( 1)
 308 D   0.88746 0.02939 0.08023 0.00292 ( 1)
 309 A   0.92089 0.01016 0.06802 0.00093 ( 1)
 310 D   0.89476 0.02473 0.07809 0.00242 ( 1)
 311 S   0.90774 0.01694 0.07371 0.00161 ( 1)
 312 V   0.92856 0.00697 0.06387 0.00061 ( 1)
 313 W   0.88265 0.03290 0.08115 0.00330 ( 1)
 314 M   0.94103 0.00309 0.05563 0.00025 ( 1)
 315 E   0.89909 0.02202 0.07676 0.00214 ( 1)
 316 I   0.91407 0.01349 0.07119 0.00126 ( 1)
 317 P   0.91229 0.01405 0.07234 0.00132 ( 1)
 318 D   0.20767 0.13401 0.63477 0.02355 ( 3)
 319 G   0.95168 0.00121 0.04702 0.00009 ( 1)
 320 D   0.88693 0.02990 0.08019 0.00298 ( 1)
 321 D   0.46121 0.45405 0.04025 0.04449 ( 1)
 322 L   0.86873 0.04282 0.08406 0.00439 ( 1)
 323 P   0.92075 0.01012 0.06820 0.00092 ( 1)
 324 T   0.91689 0.01205 0.06995 0.00111 ( 1)
 325 A   0.92095 0.01011 0.06803 0.00092 ( 1)
 326 E   0.89909 0.02202 0.07676 0.00214 ( 1)
 327 E   0.89909 0.02202 0.07676 0.00214 ( 1)
 328 L   0.86863 0.04291 0.08405 0.00440 ( 1)
 329 E   0.90512 0.01842 0.07469 0.00176 ( 1)
 330 D   0.89476 0.02473 0.07809 0.00242 ( 1)
 331 W   0.88265 0.03290 0.08115 0.00330 ( 1)
 332 I   0.26042 0.07183 0.65617 0.01158 ( 3)
 333 E   0.89909 0.02202 0.07676 0.00214 ( 1)
 334 D   0.88753 0.02971 0.07981 0.00295 ( 1)
 335 V   0.90169 0.02045 0.07590 0.00197 ( 1)
 336 L   0.93707 0.00412 0.05846 0.00035 ( 1)
 337 S   0.94032 0.00329 0.05611 0.00027 ( 1)
 338 G   0.93687 0.00424 0.05854 0.00036 ( 1)
 339 K   0.91254 0.01434 0.07178 0.00134 ( 1)
 340 I   0.95547 0.00077 0.04370 0.00006 ( 1)
 341 N   0.31609 0.02901 0.65063 0.00427 ( 3)
 342 T   0.93854 0.00373 0.05741 0.00031 ( 1)
 343 E   0.89949 0.02162 0.07679 0.00210 ( 1)
 344 D   0.56352 0.35065 0.05095 0.03489 ( 1)
 345 D   0.56943 0.34447 0.05175 0.03435 ( 1)
 346 D   0.89397 0.02505 0.07852 0.00246 ( 1)
 347 N   0.00181 0.92277 0.00011 0.07531 ( 2)
 348 E   0.66012 0.26002 0.05491 0.02494 ( 1)
 349 D   0.56424 0.34961 0.05128 0.03487 ( 1)
 350 E   0.90437 0.01862 0.07523 0.00179 ( 1)
 351 E   0.00512 0.84290 0.01347 0.13851 ( 2)
 352 D   0.55120 0.36254 0.05010 0.03616 ( 1)
 353 E   0.90432 0.01866 0.07523 0.00179 ( 1)
 354 E   0.62337 0.29438 0.05359 0.02866 ( 1)
 355 D   0.07287 0.83685 0.00661 0.08367 ( 2)
 356 D   0.89476 0.02473 0.07809 0.00242 ( 1)
 357 D   0.23933 0.11842 0.62280 0.01945 ( 3)
 358 D   0.89471 0.02478 0.07808 0.00243 ( 1)
 359 D   0.20785 0.14121 0.62688 0.02406 ( 3)
 360 D   0.56225 0.35161 0.05098 0.03516 ( 1)
 361 D   0.89476 0.02473 0.07809 0.00242 ( 1)
 362 N   0.00009 0.90570 0.00001 0.09419 ( 2)
 363 D   0.88219 0.02646 0.08859 0.00276 ( 1)
 364 N   0.91827 0.00227 0.07925 0.00022 ( 1)
 365 S   0.91402 0.00396 0.08163 0.00039 ( 1)
 366 D   0.88198 0.02667 0.08857 0.00278 ( 1)
 367 E   0.88708 0.02045 0.09033 0.00214 ( 1)
 368 E   0.06479 0.61109 0.21328 0.11085 ( 2)
 369 D   0.00766 0.90148 0.00069 0.09016 ( 2)
 370 D   0.23526 0.13770 0.60462 0.02242 ( 3)
 371 D   0.89476 0.02473 0.07809 0.00242 ( 1)
 372 S   0.00035 0.75262 0.03028 0.21674 ( 2)
 373 D   0.05536 0.65769 0.17071 0.11623 ( 2)
 374 D   0.23840 0.11788 0.62431 0.01942 ( 3)
 375 D   0.54611 0.36730 0.04977 0.03681 ( 1)
 376 E   0.00406 0.90564 0.00037 0.08994 ( 2)
 377 D   0.89280 0.02621 0.07841 0.00258 ( 1)


lnL = -3070.563747

Bayes Empirical Bayes (BEB) probabilities for 4 classes (class)
(amino acids refer to 1st sequence: Bacu)

   1 M   0.86082 0.05767 0.07576 0.00574 ( 1)
   2 K   0.26249 0.63581 0.02817 0.07353 ( 2)
   3 R   0.46240 0.45713 0.03708 0.04338 ( 1)
   4 T   0.86117 0.05752 0.07560 0.00572 ( 1)
   5 H   0.47210 0.44725 0.03805 0.04261 ( 1)
   6 L   0.72751 0.15945 0.09261 0.02043 ( 1)
   7 F   0.76596 0.12888 0.08960 0.01557 ( 1)
   8 V   0.23553 0.65876 0.02664 0.07908 ( 2)
   9 M   0.24740 0.64696 0.02799 0.07765 ( 2)
  10 A   0.00376 0.90289 0.00030 0.09305 ( 2)
  11 V   0.83035 0.07987 0.08125 0.00853 ( 1)
  12 Y   0.78666 0.11300 0.08720 0.01314 ( 1)
  13 L   0.72751 0.15945 0.09261 0.02043 ( 1)
  14 L   0.72751 0.15945 0.09261 0.02043 ( 1)
  15 S   0.87152 0.05013 0.07349 0.00486 ( 1)
  16 T   0.44185 0.47478 0.03699 0.04638 ( 2)
  17 C   0.88851 0.03861 0.06933 0.00356 ( 1)
  18 R   0.33669 0.58049 0.02726 0.05557 ( 2)
  19 A   0.81140 0.09341 0.08476 0.01043 ( 1)
  20 E   0.09312 0.26817 0.54916 0.08955 ( 3)
  21 E   0.77410 0.12218 0.08913 0.01459 ( 1)
  22 G   0.85296 0.06270 0.07794 0.00639 ( 1)
  23 L   0.73176 0.15521 0.09314 0.01989 ( 1)
  24 N   0.37933 0.53164 0.03435 0.05468 ( 2)
  25 F   0.79191 0.10827 0.08727 0.01255 ( 1)
  26 P   0.81595 0.08977 0.08431 0.00996 ( 1)
  27 T   0.86408 0.05463 0.07586 0.00543 ( 1)
  28 Y   0.79473 0.10626 0.08678 0.01223 ( 1)
  29 D   0.76685 0.12786 0.08983 0.01546 ( 1)
  30 G   0.85003 0.06481 0.07850 0.00666 ( 1)
  31 K   0.29946 0.59909 0.03218 0.06927 ( 2)
  32 D   0.76769 0.12771 0.08924 0.01536 ( 1)
  33 R   0.81058 0.09442 0.08447 0.01053 ( 1)
  34 V   0.78039 0.11769 0.08805 0.01386 ( 1)
  35 V   0.83470 0.07671 0.08048 0.00811 ( 1)
  36 S   0.79065 0.11003 0.08663 0.01269 ( 1)
  37 L   0.79812 0.10438 0.08564 0.01187 ( 1)
  38 T   0.86529 0.05463 0.07471 0.00537 ( 1)
  39 E   0.77500 0.12202 0.08848 0.01449 ( 1)
  40 K   0.79988 0.10298 0.08547 0.01168 ( 1)
  41 N   0.85132 0.06466 0.07744 0.00658 ( 1)
  42 F   0.79298 0.10808 0.08650 0.01244 ( 1)
  43 K   0.79988 0.10298 0.08547 0.01168 ( 1)
  44 Q   0.78333 0.11593 0.08722 0.01351 ( 1)
  45 V   0.83734 0.07472 0.08008 0.00786 ( 1)
  46 L   0.19629 0.69259 0.02382 0.08730 ( 2)
  47 K   0.79988 0.10298 0.08547 0.01168 ( 1)
  48 K   0.80206 0.10130 0.08520 0.01144 ( 1)
  49 Y   0.10148 0.25927 0.55762 0.08162 ( 3)
  50 D   0.76769 0.12771 0.08924 0.01536 ( 1)
  51 L   0.74333 0.14730 0.09102 0.01835 ( 1)
  52 L   0.85398 0.06283 0.07684 0.00635 ( 1)
  53 C   0.89579 0.03400 0.06716 0.00306 ( 1)
  54 L   0.85411 0.06271 0.07685 0.00634 ( 1)
  55 Y   0.25263 0.64445 0.02754 0.07538 ( 2)
  56 Y   0.10359 0.26489 0.55036 0.08115 ( 3)
  57 H   0.84803 0.06721 0.07788 0.00688 ( 1)
  58 E   0.77432 0.12271 0.08841 0.01457 ( 1)
  59 P   0.81683 0.08995 0.08333 0.00989 ( 1)
  60 V   0.23260 0.66233 0.02606 0.07901 ( 2)
  61 S   0.86269 0.05668 0.07503 0.00560 ( 1)
  62 S   0.82603 0.08017 0.08495 0.00885 ( 1)
  63 D   0.75462 0.13812 0.09031 0.01695 ( 1)
  64 K   0.80125 0.10210 0.08511 0.01153 ( 1)
  65 A   0.00332 0.90047 0.00028 0.09593 ( 2)
  66 A   0.00038 0.77205 0.00079 0.22678 ( 2)
  67 Q   0.78260 0.11666 0.08714 0.01360 ( 1)
  68 K   0.80125 0.10210 0.08511 0.01153 ( 1)
  69 Q   0.02992 0.15067 0.70834 0.11107 ( 3)
  70 F   0.10824 0.26824 0.54490 0.07862 ( 3)
  71 Q   0.78944 0.11163 0.08612 0.01282 ( 1)
  72 M   0.01936 0.87067 0.00218 0.10780 ( 2)
  73 K   0.80125 0.10210 0.08511 0.01153 ( 1)
  74 E   0.78460 0.11489 0.08713 0.01338 ( 1)
  75 I   0.25639 0.64108 0.02780 0.07472 ( 2)
  76 V   0.15889 0.73562 0.01773 0.08776 ( 2)
  77 L   0.72862 0.15872 0.09238 0.02028 ( 1)
  78 E   0.77395 0.12307 0.08837 0.01462 ( 1)
  79 F   0.75457 0.12987 0.09863 0.01694 ( 1)
  80 D   0.20481 0.67919 0.02648 0.08952 ( 2)
  81 E   0.76853 0.11733 0.09901 0.01514 ( 1)
  82 E   0.76853 0.11733 0.09901 0.01514 ( 1)
  83 G   0.82166 0.07068 0.09898 0.00868 ( 1)
  84 S   0.77255 0.11373 0.09910 0.01463 ( 1)
  85 L   0.17814 0.70282 0.02388 0.09516 ( 2)
  86 Y   0.77701 0.10975 0.09918 0.01407 ( 1)
  87 V   0.31778 0.57140 0.03880 0.07203 ( 2)
  88 L   0.82481 0.06825 0.09860 0.00834 ( 1)
  89 K   0.78019 0.10692 0.09923 0.01367 ( 1)
  90 G   0.85753 0.04096 0.09671 0.00480 ( 1)
  91 D   0.74322 0.14014 0.09822 0.01842 ( 1)
  92 R   0.78810 0.09990 0.09932 0.01268 ( 1)
  93 T   0.26803 0.61853 0.03370 0.07974 ( 2)
  94 I   0.78299 0.10442 0.09927 0.01332 ( 1)
  95 E   0.75967 0.12527 0.09878 0.01627 ( 1)
  96 F   0.75560 0.12884 0.09876 0.01680 ( 1)
  97 D   0.74322 0.14014 0.09822 0.01842 ( 1)
  98 G   0.82322 0.06934 0.09893 0.00851 ( 1)
  99 E   0.75971 0.12524 0.09878 0.01627 ( 1)
 100 F   0.75457 0.12987 0.09863 0.01694 ( 1)
 101 A   0.79390 0.09622 0.09785 0.01202 ( 1)
 102 A   0.79492 0.09388 0.09935 0.01185 ( 1)
 103 D   0.74335 0.14001 0.09824 0.01841 ( 1)
 104 V   0.80928 0.08134 0.09926 0.01013 ( 1)
 105 L   0.73404 0.14849 0.09783 0.01964 ( 1)
 106 V   0.76342 0.12191 0.09888 0.01579 ( 1)
 107 E   0.75967 0.12527 0.09878 0.01627 ( 1)
 108 F   0.75475 0.12969 0.09865 0.01691 ( 1)
 109 L   0.82640 0.06663 0.09883 0.00814 ( 1)
 110 L   0.73404 0.14849 0.09783 0.01964 ( 1)
 111 D   0.75252 0.13182 0.09845 0.01720 ( 1)
 112 L   0.37688 0.53376 0.03426 0.05511 ( 2)
 113 I   0.27501 0.62387 0.02931 0.07182 ( 2)
 114 E   0.78309 0.11557 0.08779 0.01355 ( 1)
 115 D   0.76542 0.12929 0.08966 0.01563 ( 1)
