Supplemental results for CODEML (seqf: /home/leticiamagpali/phd/evol_models/codeml/big_dataset/cml_align/CASQ2_codon_aligned.phy  treef: /home/leticiamagpali/phd/evol_models/codeml/big_dataset/cml_trees/gene_trees/H3_gene_trees/CASQ2_tree_H3.tre)

I	J	ij	2Ns_IJ	pMut_IJ	pSub_IJ	2Ns_JI	pMut_JI	pSub_JI

TTC	TTT	CT	0.82206	0.13263	0.19454	-0.82206	0.30176	0.19454
TTA	TTT	AT	7.27417	0.00003	0.00025	-7.27417	0.04990	0.00025
TTA	TTC	AC	6.45212	0.00006	0.00037	-6.45212	0.03662	0.00037
TTG	TTT	GT	0.65318	0.01975	0.02690	-0.65318	0.03795	0.02690
TTG	TTC	GC	-0.16888	0.03298	0.03027	0.16888	0.02785	0.03027
TTG	TTA	GA	-6.62099	0.12622	0.00111	6.62099	0.00017	0.00111
TCT	TTT	CT	2.03908	0.03927	0.09207	-2.03908	0.30176	0.09207
TCC	TTC	CT	1.78634	0.03711	0.07964	-1.78634	0.22146	0.07964
TCC	TCT	CT	0.56932	0.03711	0.04867	-0.56932	0.06558	0.04867
TCA	TTA	CT	-4.56252	0.02663	0.00128	4.56252	0.00028	0.00128
TCA	TCT	AT	0.67258	0.00553	0.00760	-0.67258	0.01084	0.00760
TCA	TCC	AC	0.10326	0.00924	0.00973	-0.10326	0.01025	0.00973
TCG	TTG	CT	6.16690	0.00033	0.00206	-6.16690	0.15866	0.00206
TCG	TCT	GT	4.78100	0.00007	0.00033	-4.78100	0.00825	0.00033
TCG	TCC	GC	4.21168	0.00012	0.00049	-4.21168	0.00779	0.00049
TCG	TCA	GA	4.10842	0.00044	0.00185	-4.10842	0.02690	0.00185
TAT	TTT	AT	1.29024	0.01373	0.02444	-1.29024	0.04990	0.02444
TAT	TCT	AC	-0.74884	0.02293	0.01540	0.74884	0.01084	0.01540
TAC	TTC	AT	0.61040	0.01989	0.02657	-0.61040	0.03662	0.02657
TAC	TCC	AC	-1.17594	0.03321	0.01742	1.17594	0.01025	0.01742
TAC	TAT	CT	0.14222	0.09569	0.10265	-0.14222	0.11031	0.10265
TGT	TTT	GT	3.38965	0.00128	0.00449	-3.38965	0.03795	0.00449
TGT	TCT	GC	1.35057	0.00214	0.00390	-1.35057	0.00825	0.00390
TGT	TAT	GA	2.09941	0.00818	0.01957	-2.09941	0.06675	0.01957
TGC	TTC	GT	1.87089	0.00429	0.00948	-1.87089	0.02785	0.00948
TGC	TCC	GC	0.08455	0.00716	0.00747	-0.08455	0.00779	0.00747
TGC	TAC	GA	1.26048	0.02741	0.04822	-1.26048	0.09668	0.04822
TGC	TGT	CT	-0.69671	0.02064	0.01428	0.69671	0.01028	0.01428
TGG	TTG	GT	0.45507	0.01266	0.01576	-0.45507	0.01995	0.01576
TGG	TCG	GC	-5.71183	0.02114	0.00040	5.71183	0.00007	0.00040
TGG	TGT	GT	-2.28140	0.01266	0.00329	2.28140	0.00129	0.00329
TGG	TGC	GC	-1.58469	0.02114	0.00864	1.58469	0.00433	0.00864
CTT	TTT	CT	1.78588	0.05059	0.10855	-1.78588	0.30176	0.10855
CTC	TTC	CT	1.23767	0.06424	0.11199	-1.23767	0.22146	0.11199
CTC	CTT	CT	0.27385	0.06424	0.07343	-0.27385	0.08447	0.07343
CTA	TTA	CT	-4.87642	0.03645	0.00137	4.87642	0.00028	0.00137
CTA	CTT	AT	0.61187	0.00757	0.01013	-0.61187	0.01397	0.01013
CTA	CTC	AC	0.33803	0.01265	0.01491	-0.33803	0.01773	0.01491
CTG	TTG	CT	-0.13572	0.18173	0.16967	0.13572	0.15866	0.16967
CTG	CTT	GT	-1.26843	0.03777	0.01875	1.26843	0.01062	0.01875
CTG	CTC	GC	-1.54227	0.06307	0.02647	1.54227	0.01349	0.02647
CTG	CTA	GA	-1.88030	0.24139	0.08170	1.88030	0.03682	0.08170
CCT	TCT	CT	0.56932	0.03711	0.04867	-0.56932	0.06558	0.04867
CCT	CTT	CT	0.82251	0.03711	0.05444	-0.82251	0.08447	0.05444
CCC	TCC	CT	-0.23715	0.07855	0.06960	0.23715	0.06196	0.06960
CCC	CTC	CT	0.31151	0.07855	0.09142	-0.31151	0.10726	0.09142
CCC	CCT	CT	-0.23715	0.07855	0.06960	0.23715	0.06196	0.06960
CCA	TCA	CT	-0.49895	0.07322	0.05647	0.49895	0.04446	0.05647
CCA	CTA	CT	-0.18505	0.07322	0.06666	0.18505	0.06085	0.06666
CCA	CCT	AT	-0.39568	0.01522	0.01241	0.39568	0.01025	0.01241
CCA	CCC	AC	-0.15853	0.02541	0.02345	0.15853	0.02169	0.02345
CCG	TCG	CT	-3.13800	0.01281	0.00182	3.13800	0.00056	0.00182
CCG	CTG	CT	3.16462	0.01281	0.04234	-3.16462	0.30343	0.04234
CCG	CCT	GT	1.07368	0.00266	0.00434	-1.07368	0.00779	0.00434
CCG	CCC	GC	1.31083	0.00445	0.00798	-1.31083	0.01649	0.00798
CCG	CCA	GA	1.46936	0.01702	0.03248	-1.46936	0.07398	0.03248
CAT	TAT	CT	1.03701	0.03911	0.06283	-1.03701	0.11031	0.06283
CAT	CTT	AT	0.54136	0.00813	0.01053	-0.54136	0.01397	0.01053
CAT	CCT	AC	-0.28115	0.01357	0.01175	0.28115	0.01025	0.01175
CAC	TAC	CT	1.45538	0.03728	0.07076	-1.45538	0.15977	0.07076
CAC	CTC	AT	0.82811	0.00775	0.01139	-0.82811	0.01773	0.01139
CAC	CCC	AC	0.51660	0.01294	0.01656	-0.51660	0.02169	0.01656
CAC	CAT	CT	0.56059	0.03728	0.04870	-0.56059	0.06530	0.04870
CAA	CTA	AT	0.30701	0.00740	0.00860	-0.30701	0.01006	0.00860
CAA	CCA	AC	0.49206	0.01236	0.01565	-0.49206	0.02022	0.01565
CAA	CAT	AT	0.37753	0.00740	0.00889	-0.37753	0.01080	0.00889
CAA	CAC	AC	-0.18307	0.01236	0.01126	0.18307	0.01029	0.01126
CAG	CTG	AT	1.11007	0.01653	0.02737	-1.11007	0.05017	0.02737
CAG	CCG	AC	-2.05454	0.02761	0.00834	2.05454	0.00354	0.00834
CAG	CAT	GT	-0.69971	0.01653	0.01142	0.69971	0.00821	0.01142
CAG	CAC	GC	-1.26031	0.02761	0.01377	1.26031	0.00783	0.01377
CAG	CAA	GA	-1.07724	0.10566	0.05878	1.07724	0.03598	0.05878
CGT	TGT	CT	0.11624	0.00915	0.00970	-0.11624	0.01028	0.00970
CGT	CTT	GT	1.72001	0.00190	0.00399	-1.72001	0.01062	0.00399
CGT	CCT	GC	0.89750	0.00318	0.00481	-0.89750	0.00779	0.00481
CGT	CAT	GA	1.17865	0.01216	0.02070	-1.17865	0.03951	0.02070
CGC	TGC	CT	-0.45396	0.05425	0.04287	0.45396	0.03446	0.04287
CGC	CTC	GT	0.17925	0.01128	0.01232	-0.17925	0.01349	0.01232
CGC	CCC	GC	-0.13226	0.01883	0.01761	0.13226	0.01649	0.01761
CGC	CAC	GA	-0.64886	0.07206	0.05119	0.64886	0.03766	0.05119
CGC	CGT	CT	-1.26691	0.05425	0.02696	1.26691	0.01528	0.02696
CGA	CTA	GT	8.95321	0.00000	0.00000	-8.95321	0.00765	0.00001
CGA	CCA	GC	9.13826	0.00000	0.00000	-9.13826	0.01538	0.00002
CGA	CAA	GA	8.64620	0.00000	0.00000	-8.64620	0.03598	0.00005
CGA	CGT	AT	7.84508	0.00000	0.00000	-7.84508	0.00253	0.00001
CGA	CGC	AC	9.11198	0.00000	0.00000	-9.11198	0.01498	0.00002
CGG	TGG	CT	2.07148	0.01281	0.03037	-2.07148	0.10170	0.03037
CGG	CTG	GT	2.66227	0.00266	0.00762	-2.66227	0.03816	0.00762
CGG	CCG	GC	-0.50234	0.00445	0.00342	0.50234	0.00269	0.00342
CGG	CAG	GA	1.55220	0.01702	0.03352	-1.55220	0.08037	0.03352
CGG	CGT	GT	-0.32616	0.00266	0.00225	0.32616	0.00192	0.00225
CGG	CGC	GC	0.94075	0.00445	0.00686	-0.94075	0.01139	0.00686
CGG	CGA	GA	-8.17123	0.01702	0.00004	8.17123	0.00000	0.00000
ATT	TTT	AT	0.69215	0.02497	0.03460	-0.69215	0.04990	0.03460
ATT	CTT	AC	-1.09373	0.04170	0.02297	1.09373	0.01397	0.02297
ATC	TTC	AT	0.24094	0.02878	0.03238	-0.24094	0.03662	0.03238
ATC	CTC	AC	-0.99673	0.04805	0.02802	0.99673	0.01773	0.02802
ATC	ATT	CT	0.37085	0.13846	0.16571	-0.37085	0.20062	0.16571
ATA	TTA	AT	-4.14690	0.00291	0.00019	4.14690	0.00005	0.00019
ATA	CTA	AC	0.72952	0.00485	0.00683	-0.72952	0.01006	0.00683
ATA	ATT	AT	2.43513	0.00291	0.00775	-2.43513	0.03317	0.00775
ATA	ATC	AC	2.06428	0.00485	0.01147	-2.06428	0.03823	0.01147
ATG	TTG	AT	0.76768	0.01218	0.01744	-0.76768	0.02623	0.01744
ATG	CTG	AC	0.90340	0.02033	0.03088	-0.90340	0.05017	0.03088
ATG	ATT	GT	0.72871	0.01218	0.01715	-0.72871	0.02523	0.01715
ATG	ATC	GC	0.35786	0.02033	0.02418	-0.35786	0.02908	0.02418
ATG	ATA	GA	-1.70642	0.07781	0.02945	1.70642	0.01412	0.02945
ACT	TCT	AT	0.05739	0.01024	0.01053	-0.05739	0.01084	0.01053
ACT	CCT	AC	-0.51192	0.01709	0.01309	0.51192	0.01025	0.01309
ACT	ATT	CT	1.40432	0.04926	0.09169	-1.40432	0.20062	0.09169
ACC	TCC	AT	0.23577	0.00809	0.00909	-0.23577	0.01025	0.00909
ACC	CCC	AC	0.47292	0.01351	0.01696	-0.47292	0.02169	0.01696
ACC	ATC	CT	1.78117	0.03894	0.08341	-1.78117	0.23119	0.08341
ACC	ACT	CT	0.74769	0.03894	0.05530	-0.74769	0.08225	0.05530
ACA	TCA	AT	-0.49023	0.01200	0.00930	0.49023	0.00735	0.00930
ACA	CCA	AC	0.00871	0.02004	0.02013	-0.00871	0.02022	0.02013
ACA	ATA	CT	-0.90585	0.05775	0.03549	0.90585	0.02334	0.03549
ACA	ACT	AT	0.12495	0.01200	0.01277	-0.12495	0.01360	0.01277
ACA	ACC	AC	-0.62274	0.02004	0.01444	0.62274	0.01075	0.01444
ACG	TCG	AT	-3.41738	0.00280	0.00032	3.41738	0.00009	0.00032
ACG	CCG	AC	-0.27938	0.00468	0.00405	0.27938	0.00354	0.00405
ACG	ATG	CT	1.98184	0.01348	0.03098	-1.98184	0.09781	0.03098
ACG	ACT	GT	1.30622	0.00280	0.00502	-1.30622	0.01034	0.00502
ACG	ACC	GC	0.55853	0.00468	0.00611	-0.55853	0.00818	0.00611
ACG	ACA	GA	1.18127	0.01791	0.03052	-1.18127	0.05834	0.03052
AAT	TAT	AT	0.55412	0.01048	0.01365	-0.55412	0.01824	0.01365
AAT	CAT	AC	-0.48288	0.01750	0.01361	0.48288	0.01080	0.01361
AAT	ATT	AT	1.15221	0.01048	0.01765	-1.15221	0.03317	0.01765
AAT	ACT	AC	-0.25211	0.01750	0.01539	0.25211	0.01360	0.01539
AAC	TAC	AT	0.28740	0.01982	0.02280	-0.28740	0.02642	0.02280
AAC	CAC	AC	-1.16798	0.03309	0.01745	1.16798	0.01029	0.01745
AAC	ATC	AT	0.65686	0.01982	0.02704	-0.65686	0.03823	0.02704
AAC	ACC	AC	-1.12430	0.03309	0.01790	1.12430	0.01075	0.01790
AAC	AAT	CT	-0.12450	0.09536	0.08954	0.12450	0.08419	0.08954
AAA	CAA	AC	-1.49608	0.04389	0.01896	1.49608	0.00983	0.01896
AAA	ATA	AT	-1.91858	0.02629	0.00868	1.91858	0.00386	0.00868
AAA	ACA	AC	-1.01273	0.04389	0.02536	1.01273	0.01594	0.02536
AAA	AAT	AT	-0.63567	0.02629	0.01881	0.63567	0.01392	0.01881
AAA	AAC	AC	-0.51117	0.04389	0.03363	0.51117	0.02633	0.03363
AAG	CAG	AC	-1.15502	0.06971	0.03703	1.15502	0.02196	0.03703
AAG	ATG	AT	-0.94834	0.04175	0.02504	0.94834	0.01617	0.02504
AAG	ACG	AC	-2.93018	0.06971	0.01152	2.93018	0.00372	0.01152
AAG	AAT	GT	-1.37185	0.04175	0.01946	1.37185	0.01059	0.01946
AAG	AAC	GC	-1.24735	0.06971	0.03504	1.24735	0.02002	0.03504
AAG	AAA	GA	-0.73618	0.26681	0.18054	0.73618	0.12779	0.18054
AGT	TGT	AT	-2.27477	0.01653	0.00431	2.27477	0.00170	0.00431
AGT	CGT	AC	-2.39101	0.02761	0.00665	2.39101	0.00253	0.00665
AGT	ATT	GT	0.42273	0.01653	0.02027	-0.42273	0.02523	0.02027
AGT	ACT	GC	-0.98159	0.02761	0.01624	0.98159	0.01034	0.01624
AGT	AAT	GA	-0.72948	0.10566	0.07177	0.72948	0.05095	0.07177
AGC	TGC	AT	-0.07195	0.00612	0.00590	0.07195	0.00570	0.00590
AGC	CGC	AC	0.38201	0.01022	0.01230	-0.38201	0.01498	0.01230
AGC	ATC	GT	1.55800	0.00612	0.01208	-1.55800	0.02908	0.01208
AGC	ACC	GC	-0.22317	0.01022	0.00912	0.22317	0.00818	0.00912
AGC	AAC	GA	0.90113	0.03913	0.05937	-0.90113	0.09634	0.05937
AGC	AGT	CT	1.50612	0.02946	0.05701	-1.50612	0.13282	0.05701
AGA	CGA	AC	-8.32586	0.00543	0.00001	8.32586	0.00000	0.00000
AGA	ATA	GT	-0.10216	0.00325	0.00309	0.10216	0.00294	0.00309
AGA	ACA	GC	0.80369	0.00543	0.00790	-0.80369	0.01213	0.00790
AGA	AAA	GA	1.81642	0.02078	0.04507	-1.81642	0.12779	0.04507
AGA	AGT	AT	1.91023	0.00325	0.00729	-1.91023	0.02196	0.00729
AGA	AGC	AC	0.40412	0.00543	0.00660	-0.40412	0.00813	0.00660
AGG	TGG	AT	1.09280	0.00564	0.00927	-1.09280	0.01682	0.00927
AGG	CGG	AC	-0.97868	0.00941	0.00555	0.97868	0.00354	0.00555
AGG	ATG	GT	0.78019	0.00564	0.00812	-0.78019	0.01230	0.00812
AGG	ACG	GC	-1.20164	0.00941	0.00486	1.20164	0.00283	0.00486
AGG	AAG	GA	1.72854	0.03603	0.07573	-1.72854	0.20295	0.07573
AGG	AGT	GT	1.08617	0.00564	0.00924	-1.08617	0.01670	0.00924
AGG	AGC	GC	-0.41994	0.00941	0.00757	0.41994	0.00619	0.00757
AGG	AGA	GA	-0.82406	0.03603	0.02320	0.82406	0.01581	0.02320
GTT	TTT	GT	0.74674	0.01799	0.02553	-0.74674	0.03795	0.02553
GTT	CTT	GC	-1.03914	0.03003	0.01708	1.03914	0.01062	0.01708
GTT	ATT	GA	0.05459	0.11495	0.11811	-0.05459	0.12140	0.11811
GTC	TTC	GT	0.51738	0.01660	0.02127	-0.51738	0.02785	0.02127
GTC	CTC	GC	-0.72029	0.02772	0.01893	0.72029	0.01349	0.01893
GTC	ATC	GA	0.27644	0.10611	0.12145	-0.27644	0.13989	0.12145
GTC	GTT	CT	0.59270	0.07988	0.10588	-0.59270	0.14449	0.10588
GTA	TTA	GT	-3.72736	0.00145	0.00013	3.72736	0.00003	0.00013
GTA	CTA	GC	1.14906	0.00243	0.00408	-1.14906	0.00765	0.00408
GTA	ATA	GA	0.41954	0.00928	0.01137	-0.41954	0.01412	0.01137
GTA	GTT	AT	2.80008	0.00145	0.00433	-2.80008	0.02389	0.00433
GTA	GTC	AC	2.20738	0.00243	0.00602	-2.20738	0.02205	0.00602
GTG	TTG	GT	-0.56887	0.03525	0.02617	0.56887	0.01995	0.02617
GTG	CTG	GC	-0.43315	0.05885	0.04702	0.43315	0.03816	0.04702
GTG	ATG	GA	-1.33655	0.22525	0.10730	1.33655	0.05919	0.10730
GTG	GTT	GT	-0.66243	0.03525	0.02485	0.66243	0.01817	0.02485
GTG	GTC	GC	-1.25513	0.05885	0.02945	1.25513	0.01677	0.02945
GTG	GTA	GA	-3.46251	0.22525	0.02524	3.46251	0.00706	0.02524
GCT	TCT	GT	-0.84842	0.01927	0.01223	0.84842	0.00825	0.01223
GCT	CCT	GC	-1.41774	0.03217	0.01458	1.41774	0.00779	0.01458
GCT	ACT	GA	-0.90581	0.12313	0.07567	0.90581	0.04977	0.07567
GCT	GTT	CT	0.44392	0.09269	0.11478	-0.44392	0.14449	0.11478
GCC	TCC	GT	-0.29294	0.01045	0.00899	0.29294	0.00779	0.00899
GCC	CCC	GC	-0.05579	0.01744	0.01696	0.05579	0.01649	0.01696
GCC	ACC	GA	-0.52871	0.06676	0.05066	0.52871	0.03934	0.05066
GCC	GTC	CT	0.97601	0.05026	0.07871	-0.97601	0.13338	0.07871
GCC	GCT	CT	1.12479	0.05026	0.08371	-1.12479	0.15477	0.08371
GCA	TCA	GT	-0.62825	0.01048	0.00753	0.62825	0.00559	0.00753
GCA	CCA	GC	-0.12930	0.01750	0.01639	0.12930	0.01538	0.01639
GCA	ACA	GA	-0.13801	0.06698	0.06246	0.13801	0.05834	0.06246
GCA	GTA	CT	-1.46341	0.05042	0.02222	1.46341	0.01167	0.02222
GCA	GCT	AT	0.89275	0.01048	0.01585	-0.89275	0.02559	0.01585
GCA	GCC	AC	-0.23204	0.01750	0.01555	0.23204	0.01388	0.01555
GCG	TCG	GT	-4.69922	0.00768	0.00033	4.69922	0.00007	0.00033
GCG	CCG	GC	-1.56121	0.01282	0.00532	1.56121	0.00269	0.00532
GCG	ACG	GA	-1.28183	0.04907	0.02416	1.28183	0.01362	0.02416
GCG	GTG	CT	2.03655	0.03694	0.08653	-2.03655	0.28315	0.08653
GCG	GCT	GT	0.93020	0.00768	0.01180	-0.93020	0.01947	0.01180
GCG	GCC	GC	-0.19459	0.01282	0.01161	0.19459	0.01055	0.01161
GCG	GCA	GA	0.03745	0.04907	0.05000	-0.03745	0.05095	0.05000
GAT	TAT	GT	-1.60114	0.06880	0.02783	1.60114	0.01387	0.02783
GAT	CAT	GC	-2.63814	0.11487	0.02333	2.63814	0.00821	0.02333
GAT	AAT	GA	-2.15526	0.43968	0.12419	2.15526	0.05095	0.12419
GAT	GTT	AT	-1.05764	0.06880	0.03871	1.05764	0.02389	0.03871
GAT	GCT	AC	-1.50156	0.11487	0.04944	1.50156	0.02559	0.04944
GAC	TAC	GT	-1.41353	0.08260	0.03754	1.41353	0.02009	0.03754
GAC	CAC	GC	-2.86891	0.13791	0.02381	2.86891	0.00783	0.02381
GAC	AAC	GA	-1.70093	0.52788	0.20046	1.70093	0.09634	0.20046
GAC	GTC	AT	-1.32051	0.08260	0.03973	1.32051	0.02205	0.03973
GAC	GCC	AC	-2.29652	0.13791	0.03543	2.29652	0.01388	0.03543
GAC	GAT	CT	0.32983	0.39740	0.46653	-0.32983	0.55268	0.46653
GAA	CAA	GC	-2.27998	0.07311	0.01899	2.27998	0.00748	0.01899
GAA	AAA	GA	-0.78390	0.27985	0.18435	0.78390	0.12779	0.18435
GAA	GTA	AT	-3.12203	0.04379	0.00630	3.12203	0.00193	0.00630
GAA	GCA	AC	-1.65862	0.07311	0.02852	1.65862	0.01392	0.02852
GAA	GAT	AT	0.73569	0.04379	0.06185	-0.73569	0.09138	0.06185
GAA	GAC	AC	0.40586	0.07311	0.08895	-0.40586	0.10971	0.08895
GAG	CAG	GC	-2.12549	0.13993	0.04032	2.12549	0.01670	0.04032
GAG	AAG	GA	-0.97047	0.53561	0.31711	0.97047	0.20295	0.31711
GAG	GTG	AT	-0.58227	0.08381	0.06176	0.58227	0.04682	0.06176
GAG	GCG	AC	-2.61882	0.13993	0.02881	2.61882	0.01020	0.02881
GAG	GAT	GT	-0.18706	0.08381	0.07621	0.18706	0.06951	0.07621
GAG	GAC	GC	-0.51689	0.13993	0.10687	0.51689	0.08345	0.10687
GAG	GAA	GA	-0.92275	0.53561	0.32597	0.92275	0.21287	0.32597
GGT	TGT	GT	-1.46637	0.00560	0.00246	1.46637	0.00129	0.00246
GGT	CGT	GC	-1.58260	0.00936	0.00383	1.58260	0.00192	0.00383
GGT	AGT	GA	0.80841	0.03581	0.05221	-0.80841	0.08037	0.05221
GGT	GTT	GT	1.17655	0.00560	0.00953	-1.17655	0.01817	0.00953
GGT	GCT	GC	0.73263	0.00936	0.01320	-0.73263	0.01947	0.01320
GGT	GAT	GA	2.23419	0.03581	0.08960	-2.23419	0.33443	0.08960
GGC	TGC	GT	-1.04714	0.01235	0.00699	1.04714	0.00433	0.00699
GGC	CGC	GC	-0.59318	0.02062	0.01510	0.59318	0.01139	0.01510
GGC	AGC	GA	-0.97519	0.07892	0.04659	0.97519	0.02976	0.04659
GGC	GTC	GT	0.30636	0.01235	0.01434	-0.30636	0.01677	0.01434
GGC	GCC	GC	-0.66965	0.02062	0.01448	0.66965	0.01055	0.01448
GGC	GAC	GA	1.62687	0.07892	0.15979	-1.62687	0.40152	0.15979
GGC	GGT	CT	-0.27748	0.05941	0.05155	0.27748	0.04501	0.05155
GGA	CGA	GC	-9.11241	0.00907	0.00001	9.11241	0.00000	0.00000
GGA	AGA	GA	-0.78656	0.03471	0.02283	0.78656	0.01581	0.02283
GGA	GTA	GT	-1.30826	0.00543	0.00263	1.30826	0.00147	0.00263
GGA	GCA	GC	0.15515	0.00907	0.00979	-0.15515	0.01059	0.00979
GGA	GAA	GA	1.81377	0.03471	0.07521	-1.81377	0.21287	0.07521
GGA	GGT	AT	0.31527	0.00543	0.00633	-0.31527	0.00744	0.00633
GGA	GGC	AC	0.59275	0.00907	0.01202	-0.59275	0.01640	0.01202
GGG	TGG	GT	0.11993	0.01134	0.01204	-0.11993	0.01279	0.01204
GGG	CGG	GC	-1.95155	0.01894	0.00612	1.95155	0.00269	0.00612
GGG	AGG	GA	-0.97287	0.07251	0.04287	0.97287	0.02741	0.04287
GGG	GTG	GT	1.14388	0.01134	0.01904	-1.14388	0.03561	0.01904
GGG	GCG	GC	-0.89268	0.01894	0.01173	0.89268	0.00776	0.01173
GGG	GAG	GA	1.72614	0.07251	0.15225	-1.72614	0.40741	0.15225
GGG	GGT	GT	-0.69510	0.01134	0.00786	0.69510	0.00566	0.00786
GGG	GGC	GC	-0.41762	0.01894	0.01526	0.41762	0.01248	0.01526
GGG	GGA	GA	-1.01037	0.07251	0.04194	1.01037	0.02640	0.04194


Histograms
2Ns	FMut	FSub(CodonUsage)	FSubw(after w)

-8.70310	0.00357	0.00001
-7.83279	0.00079	0.00000
-6.96248	0.00710	0.00007
-6.09217	0.00872	0.00015
-5.22186	0.00147	0.00007
-4.35155	0.00323	0.00023
-3.48124	0.02528	0.00423
-2.61093	0.04762	0.01423
-1.74062	0.24983	0.12060
-0.87031	0.27795	0.22847
0.00000	0.20520	0.26386
0.87031	0.11959	0.22847
1.74062	0.04452	0.12060
2.61093	0.00411	0.01423
3.48124	0.00096	0.00423
4.35155	0.00004	0.00023
5.22186	0.00001	0.00007
6.09217	0.00002	0.00015
6.96248	0.00001	0.00007
7.83279	0.00000	0.00000
8.70310	0.00000	0.00000

Proportion of advantageous (S > 0) mutations:
 0.25930

Proportions of good & bad mutations (|S| > 2.0000) among mutations:
0.01213  0.15413

mean |Ns| = 1.27942	mean Ns+ = 0.80395	mean Ns- = -1.44587


MLEs of dN/dS (w) for site classes (K=4)

site class             0        1       2a       2b
proportion       0.54732  0.12826  0.26283  0.06159
background w     0.05328  1.00000  0.05328  1.00000
foreground w     0.05328  1.00000  1.00000  1.00000

Naive Empirical Bayes (NEB) probabilities for 4 classes
(amino acids refer to 1st sequence: Bacu)

   1 M   0.68145 0.03207 0.27108 0.01540 ( 1)
   2 K   0.23423 0.44846 0.10195 0.21536 ( 2)
   3 R   0.41588 0.28464 0.16280 0.13668 ( 1)
   4 T   0.67881 0.03354 0.27154 0.01611 ( 1)
   5 H   0.41832 0.28413 0.16111 0.13644 ( 1)
   6 L   0.57866 0.10289 0.26904 0.04941 ( 1)
   7 F   0.60748 0.08070 0.27306 0.03875 ( 1)
   8 V   0.20907 0.47158 0.09290 0.22645 ( 2)
   9 M   0.22051 0.46040 0.09799 0.22109 ( 2)
  10 A   0.00165 0.66586 0.01274 0.31975 ( 2)
  11 V   0.65668 0.04669 0.27420 0.02242 ( 1)
  12 Y   0.62389 0.06878 0.27429 0.03303 ( 1)
  13 L   0.57866 0.10289 0.26904 0.04941 ( 1)
  14 L   0.57866 0.10289 0.26904 0.04941 ( 1)
  15 S   0.68530 0.03001 0.27028 0.01441 ( 1)
  16 T   0.38198 0.31574 0.15065 0.15162 ( 1)
  17 C   0.70250 0.02152 0.26564 0.01033 ( 1)
  18 R   0.31661 0.37936 0.12186 0.18217 ( 2)
  19 A   0.64074 0.05656 0.27554 0.02716 ( 1)
  20 E   0.07883 0.17962 0.65530 0.08625 ( 3)
  21 E   0.61452 0.07516 0.27422 0.03609 ( 1)
  22 G   0.67458 0.03522 0.27328 0.01692 ( 1)
  23 L   0.58266 0.10045 0.26866 0.04824 ( 1)
  24 N   0.34330 0.34993 0.13874 0.16804 ( 2)
  25 F   0.62609 0.06676 0.27509 0.03206 ( 1)
  26 P   0.64073 0.05655 0.27557 0.02715 ( 1)
  27 T   0.68068 0.03178 0.27229 0.01526 ( 1)
  28 Y   0.62945 0.06442 0.27520 0.03093 ( 1)
  29 D   0.60854 0.07960 0.27363 0.03823 ( 1)
  30 G   0.67189 0.03678 0.27366 0.01766 ( 1)
  31 K   0.26977 0.41400 0.11743 0.19880 ( 2)
  32 D   0.60920 0.07947 0.27317 0.03816 ( 1)
  33 R   0.63958 0.05762 0.27514 0.02767 ( 1)
  34 V   0.61904 0.07213 0.27420 0.03464 ( 1)
  35 V   0.65993 0.04467 0.27395 0.02145 ( 1)
  36 S   0.62730 0.06637 0.27445 0.03187 ( 1)
  37 L   0.62746 0.06628 0.27443 0.03183 ( 1)
  38 T   0.68201 0.03177 0.27097 0.01525 ( 1)
  39 E   0.61525 0.07502 0.27370 0.03603 ( 1)
  40 K   0.63358 0.06200 0.27465 0.02977 ( 1)
  41 N   0.67358 0.03649 0.27241 0.01752 ( 1)
  42 F   0.62696 0.06661 0.27445 0.03199 ( 1)
  43 K   0.63358 0.06200 0.27465 0.02977 ( 1)
  44 Q   0.62176 0.07034 0.27412 0.03378 ( 1)
  45 V   0.66113 0.04392 0.27386 0.02109 ( 1)
  46 L   0.07214 0.20905 0.61843 0.10039 ( 3)
  47 K   0.63358 0.06200 0.27465 0.02977 ( 1)
  48 K   0.63500 0.06102 0.27468 0.02930 ( 1)
  49 Y   0.08256 0.16444 0.67403 0.07897 ( 3)
  50 D   0.60920 0.07947 0.27317 0.03816 ( 1)
  51 L   0.59273 0.09215 0.27087 0.04425 ( 1)
  52 L   0.67136 0.03802 0.27236 0.01826 ( 1)
  53 C   0.70838 0.01854 0.26417 0.00891 ( 1)
  54 L   0.67142 0.03796 0.27239 0.01823 ( 1)
  55 Y   0.22513 0.45687 0.09861 0.21939 ( 2)
  56 Y   0.08272 0.16547 0.67235 0.07946 ( 3)
  57 H   0.66952 0.03908 0.27263 0.01877 ( 1)
  58 E   0.61475 0.07551 0.27348 0.03626 ( 1)
  59 P   0.64152 0.05664 0.27464 0.02720 ( 1)
  60 V   0.20631 0.47446 0.09139 0.22784 ( 2)
  61 S   0.67894 0.03369 0.27118 0.01618 ( 1)
  62 S   0.65880 0.05149 0.26499 0.02473 ( 1)
  63 D   0.60067 0.08595 0.27210 0.04128 ( 1)
  64 K   0.63443 0.06157 0.27444 0.02957 ( 1)
  65 A   0.00149 0.67416 0.00062 0.32374 ( 2)
  66 A   0.00009 0.66702 0.01258 0.32031 ( 2)
  67 Q   0.62124 0.07085 0.27389 0.03402 ( 1)
  68 K   0.63443 0.06157 0.27444 0.02957 ( 1)
  69 Q   0.04515 0.17862 0.69045 0.08578 ( 3)
  70 F   0.08370 0.16467 0.67255 0.07908 ( 3)
  71 Q   0.62570 0.06771 0.27408 0.03251 ( 1)
  72 M   0.01378 0.66208 0.00621 0.31794 ( 2)
  73 K   0.63443 0.06157 0.27444 0.02957 ( 1)
  74 E   0.62202 0.07034 0.27387 0.03378 ( 1)
  75 I   0.22744 0.45472 0.09948 0.21836 ( 2)
  76 V   0.14040 0.53978 0.06062 0.25921 ( 2)
  77 L   0.57944 0.10236 0.26904 0.04916 ( 1)
  78 E   0.61448 0.07577 0.27336 0.03639 ( 1)
  79 F   0.59893 0.08178 0.28001 0.03927 ( 1)
  80 D   0.18186 0.49505 0.08537 0.23773 ( 2)
  81 E   0.60972 0.07241 0.28309 0.03477 ( 1)
  82 E   0.60972 0.07241 0.28309 0.03477 ( 1)
  83 G   0.64768 0.04107 0.29153 0.01972 ( 1)
  84 S   0.61331 0.06933 0.28406 0.03329 ( 1)
  85 L   0.15442 0.52182 0.07319 0.25058 ( 2)
  86 Y   0.61584 0.06717 0.28473 0.03226 ( 1)
  87 V   0.28456 0.39616 0.12904 0.19024 ( 2)
  88 L   0.64754 0.04142 0.29115 0.01989 ( 1)
  89 K   0.61831 0.06507 0.28537 0.03125 ( 1)
  90 G   0.67357 0.02222 0.29354 0.01067 ( 1)
  91 D   0.59207 0.08782 0.27794 0.04217 ( 1)
  92 R   0.62236 0.06166 0.28637 0.02961 ( 1)
  93 T   0.23672 0.44206 0.10894 0.21228 ( 2)
  94 I   0.62017 0.06350 0.28583 0.03049 ( 1)
  95 E   0.60360 0.07771 0.28137 0.03732 ( 1)
  96 F   0.59964 0.08109 0.28034 0.03894 ( 1)
  97 D   0.59207 0.08782 0.27794 0.04217 ( 1)
  98 G   0.64921 0.03988 0.29176 0.01915 ( 1)
  99 E   0.60362 0.07769 0.28138 0.03731 ( 1)
 100 F   0.59893 0.08178 0.28001 0.03927 ( 1)
 101 A   0.62726 0.05880 0.28570 0.02824 ( 1)
 102 A   0.62691 0.05785 0.28746 0.02778 ( 1)
 103 D   0.59214 0.08775 0.27797 0.04214 ( 1)
 104 V   0.63898 0.04797 0.29002 0.02303 ( 1)
 105 L   0.58587 0.09331 0.27601 0.04481 ( 1)
 106 V   0.60619 0.07546 0.28211 0.03624 ( 1)
 107 E   0.60360 0.07771 0.28137 0.03732 ( 1)
 108 F   0.59906 0.08166 0.28007 0.03921 ( 1)
 109 L   0.64821 0.04066 0.29160 0.01953 ( 1)
 110 L   0.58587 0.09331 0.27601 0.04481 ( 1)
 111 D   0.59789 0.08279 0.27956 0.03976 ( 1)
 112 L   0.32680 0.36463 0.13348 0.17510 ( 2)
 113 I   0.24475 0.43878 0.10577 0.21070 ( 2)
 114 E   0.62081 0.07087 0.27429 0.03403 ( 1)
 115 D   0.60748 0.08065 0.27315 0.03873 ( 1)
 116 P   0.63389 0.06262 0.27341 0.03007 ( 1)
 117 V   0.61794 0.07260 0.27460 0.03486 ( 1)
 118 E   0.61476 0.07493 0.27433 0.03598 ( 1)
 119 I   0.62694 0.06609 0.27523 0.03174 ( 1)
 120 I   0.62694 0.06609 0.27523 0.03174 ( 1)
 121 N   0.34589 0.34699 0.14049 0.16663 ( 2)
 122 S   0.69116 0.02616 0.27011 0.01256 ( 1)
 123 K   0.63430 0.06091 0.27553 0.02925 ( 1)
 124 L   0.57968 0.10188 0.26951 0.04893 ( 1)
 125 E   0.62227 0.06945 0.27493 0.03335 ( 1)
 126 V   0.65891 0.04456 0.27513 0.02140 ( 1)
 127 Q   0.62564 0.06708 0.27506 0.03221 ( 1)
 128 A   0.66722 0.03944 0.27440 0.01894 ( 1)
 129 F   0.60905 0.07916 0.27377 0.03802 ( 1)
 130 E   0.61476 0.07493 0.27433 0.03598 ( 1)
 131 R   0.63791 0.05841 0.27563 0.02805 ( 1)
 132 I   0.63519 0.06029 0.27557 0.02895 ( 1)
 133 E   0.61476 0.07493 0.27433 0.03598 ( 1)
 134 D   0.60877 0.07938 0.27373 0.03812 ( 1)
 135 H   0.33790 0.35373 0.13850 0.16986 ( 2)
 136 I   0.62694 0.06609 0.27523 0.03174 ( 1)
 137 K   0.63430 0.06091 0.27553 0.02925 ( 1)
 138 L   0.67082 0.03729 0.27399 0.01791 ( 1)
 139 I   0.62903 0.06405 0.27615 0.03076 ( 1)
 140 G   0.67218 0.03651 0.27378 0.01753 ( 1)
 141 F   0.60905 0.07916 0.27377 0.03802 ( 1)
 142 F   0.62635 0.06651 0.27520 0.03194 ( 1)
 143 K   0.63290 0.06189 0.27549 0.02972 ( 1)
 144 S   0.62669 0.06627 0.27521 0.03182 ( 1)
 145 E   0.61494 0.07475 0.27441 0.03590 ( 1)
 146 D   0.60877 0.07938 0.27373 0.03812 ( 1)
 147 S   0.63833 0.05815 0.27560 0.02792 ( 1)
 148 E   0.60782 0.08171 0.27123 0.03924 ( 1)
 149 Y   0.19728 0.48323 0.08744 0.23205 ( 2)
 150 Y   0.62333 0.07001 0.27304 0.03362 ( 1)
 151 K   0.63029 0.06518 0.27323 0.03130 ( 1)
 152 A   0.64097 0.05796 0.27323 0.02783 ( 1)
 153 F   0.60678 0.08190 0.27199 0.03933 ( 1)
 154 E   0.61976 0.07253 0.27287 0.03483 ( 1)
 155 E   0.61237 0.07783 0.27243 0.03737 ( 1)
 156 A   0.63839 0.05969 0.27327 0.02866 ( 1)
 157 A   0.64097 0.05796 0.27323 0.02783 ( 1)
 158 E   0.61976 0.07253 0.27287 0.03483 ( 1)
 159 H   0.66658 0.04187 0.27144 0.02011 ( 1)
 160 F   0.62380 0.06968 0.27306 0.03346 ( 1)
 161 Q   0.61872 0.07330 0.27278 0.03520 ( 1)
 162 P   0.68302 0.03212 0.26944 0.01542 ( 1)
 163 Y   0.62333 0.07001 0.27304 0.03362 ( 1)
 164 I   0.22189 0.46011 0.09705 0.22095 ( 2)
 165 K   0.63168 0.06423 0.27325 0.03084 ( 1)
 166 F   0.60678 0.08190 0.27199 0.03933 ( 1)
 167 F   0.60678 0.08190 0.27199 0.03933 ( 1)
 168 A   0.64097 0.05796 0.27323 0.02783 ( 1)
 169 T   0.67349 0.03787 0.27045 0.01818 ( 1)
 170 F   0.62370 0.06978 0.27302 0.03351 ( 1)
 171 D   0.60650 0.08211 0.27196 0.03943 ( 1)
 172 K   0.63168 0.06423 0.27325 0.03084 ( 1)
 173 G   0.67263 0.03837 0.27057 0.01843 ( 1)
 174 V   0.65044 0.05337 0.27056 0.02563 ( 1)
 175 A   0.63201 0.06524 0.27142 0.03133 ( 1)
 176 K   0.62405 0.07069 0.27131 0.03394 ( 1)
 177 K   0.62539 0.06977 0.27133 0.03351 ( 1)
 178 L   0.58760 0.09694 0.26891 0.04655 ( 1)
 179 S   0.67820 0.03712 0.26685 0.01783 ( 1)
 180 L   0.58760 0.09694 0.26891 0.04655 ( 1)
 181 K   0.62405 0.07069 0.27131 0.03394 ( 1)
 182 M   0.67425 0.03929 0.26760 0.01887 ( 1)
 183 N   0.68936 0.03129 0.26433 0.01503 ( 1)
 184 E   0.60708 0.08259 0.27066 0.03966 ( 1)
 185 V   0.65043 0.05338 0.27056 0.02563 ( 1)
 186 D   0.60157 0.08657 0.27028 0.04157 ( 1)
 187 F   0.61787 0.07495 0.27119 0.03599 ( 1)
 188 Y   0.62104 0.07279 0.27122 0.03495 ( 1)
 189 E   0.60708 0.08259 0.27066 0.03966 ( 1)
 190 P   0.61887 0.07424 0.27123 0.03565 ( 1)
 191 F   0.60183 0.08638 0.27031 0.04148 ( 1)
 192 M   0.67425 0.03929 0.26760 0.01887 ( 1)
 193 D   0.60152 0.08663 0.27025 0.04160 ( 1)
 194 E   0.60708 0.08259 0.27066 0.03966 ( 1)
 195 P   0.63180 0.06542 0.27136 0.03142 ( 1)
 196 I   0.62623 0.06919 0.27135 0.03323 ( 1)
 197 A   0.65756 0.04899 0.26992 0.02353 ( 1)
 198 I   0.61906 0.07395 0.27148 0.03551 ( 1)
 199 P   0.65378 0.05063 0.27128 0.02431 ( 1)
 200 D   0.60091 0.08672 0.27073 0.04164 ( 1)
 201 K   0.22033 0.46188 0.09599 0.22180 ( 2)
 202 P   0.63073 0.06561 0.27215 0.03151 ( 1)
 203 Y   0.61656 0.07543 0.27178 0.03622 ( 1)
 204 T   0.62758 0.06777 0.27211 0.03254 ( 1)
 205 E   0.61323 0.07780 0.27161 0.03736 ( 1)
 206 E   0.19034 0.48949 0.08512 0.23506 ( 2)
 207 E   0.60635 0.08275 0.27117 0.03974 ( 1)
 208 L   0.66037 0.04661 0.27064 0.02238 ( 1)
 209 V   0.60925 0.08065 0.27136 0.03873 ( 1)
 210 E   0.19019 0.48963 0.08505 0.23512 ( 2)
 211 F   0.60095 0.08674 0.27066 0.04165 ( 1)
 212 V   0.60824 0.08164 0.27092 0.03920 ( 1)
 213 K   0.62195 0.07198 0.27151 0.03457 ( 1)
 214 E   0.60538 0.08370 0.27073 0.04019 ( 1)
 215 H   0.68490 0.03350 0.26551 0.01609 ( 1)
 216 Q   0.61516 0.07681 0.27115 0.03688 ( 1)
 217 P   0.59836 0.07954 0.28391 0.03820 ( 1)
 218 T   0.62013 0.05916 0.29230 0.02841 ( 1)
 219 L   0.59639 0.08269 0.28121 0.03971 ( 1)
 220 R   0.20675 0.27111 0.39195 0.13019 ( 3)
 221 R   0.60297 0.07678 0.28338 0.03687 ( 1)
 222 L   0.57492 0.10245 0.27343 0.04920 ( 1)
 223 R   0.60323 0.07652 0.28351 0.03674 ( 1)
 224 P   0.59650 0.08262 0.28120 0.03968 ( 1)
 225 E   0.59320 0.08563 0.28006 0.04112 ( 1)
 226 D   0.57967 0.09805 0.27520 0.04708 ( 1)
 227 M   0.63352 0.04978 0.29279 0.02390 ( 1)
 228 F   0.58486 0.09326 0.27709 0.04479 ( 1)
 229 E   0.59282 0.08585 0.28010 0.04123 ( 1)
 230 T   0.60309 0.07665 0.28346 0.03681 ( 1)
 231 W   0.57623 0.10123 0.27393 0.04861 ( 1)
 232 E   0.62309 0.06930 0.27434 0.03328 ( 1)
 233 D   0.60130 0.08534 0.27238 0.04098 ( 1)
 234 D   0.60130 0.08534 0.27238 0.04098 ( 1)
 235 L   0.59381 0.09108 0.27137 0.04374 ( 1)
 236 N   0.67381 0.03627 0.27251 0.01742 ( 1)
 237 G   0.67641 0.03479 0.27210 0.01671 ( 1)
 238 I   0.62782 0.06594 0.27458 0.03166 ( 1)
 239 H   0.69923 0.02291 0.26685 0.01100 ( 1)
 240 I   0.63617 0.06013 0.27483 0.02887 ( 1)
 241 V   0.61870 0.07245 0.27405 0.03479 ( 1)
 242 A   0.66866 0.03927 0.27322 0.01886 ( 1)
 243 F   0.61102 0.07853 0.27273 0.03771 ( 1)
 244 A   0.66885 0.03857 0.27406 0.01852 ( 1)
 245 E   0.61552 0.07476 0.27383 0.03590 ( 1)
 246 R   0.69963 0.02267 0.26681 0.01089 ( 1)
 247 S   0.62757 0.06612 0.27457 0.03175 ( 1)
 248 D   0.60130 0.08534 0.27238 0.04098 ( 1)
 249 P   0.62830 0.06558 0.27463 0.03149 ( 1)
 250 D   0.60054 0.08565 0.27268 0.04113 ( 1)
 251 G   0.67224 0.03645 0.27380 0.01750 ( 1)
 252 Y   0.62836 0.06533 0.27494 0.03137 ( 1)
 253 E   0.61481 0.07488 0.27435 0.03596 ( 1)
 254 F   0.62641 0.06646 0.27523 0.03191 ( 1)
 255 L   0.57971 0.10186 0.26953 0.04891 ( 1)
 256 E   0.61481 0.07488 0.27435 0.03596 ( 1)
 257 I   0.62699 0.06604 0.27525 0.03171 ( 1)
 258 L   0.57973 0.10183 0.26954 0.04890 ( 1)
 259 K   0.63296 0.06184 0.27551 0.02970 ( 1)
 260 Q   0.62128 0.07018 0.27484 0.03370 ( 1)
 261 V   0.66016 0.04376 0.27508 0.02101 ( 1)
 262 A   0.64419 0.05397 0.27592 0.02592 ( 1)
 263 R   0.70392 0.01966 0.26697 0.00944 ( 1)
 264 D   0.60881 0.07934 0.27375 0.03810 ( 1)
 265 N   0.67236 0.03638 0.27379 0.01747 ( 1)
 266 T   0.69086 0.02509 0.27199 0.01205 ( 1)
 267 D   0.60881 0.07934 0.27375 0.03810 ( 1)
 268 N   0.67236 0.03638 0.27379 0.01747 ( 1)
 269 P   0.66493 0.04080 0.27468 0.01959 ( 1)
 270 D   0.20008 0.47963 0.08997 0.23032 ( 2)
 271 L   0.59025 0.09340 0.27150 0.04485 ( 1)
 272 S   0.41106 0.28935 0.16064 0.13895 ( 1)
 273 I   0.62789 0.06517 0.27565 0.03129 ( 1)
 274 V   0.05141 0.62785 0.01924 0.30150 ( 2)
 275 W   0.59523 0.08969 0.27201 0.04307 ( 1)
 276 I   0.62699 0.06604 0.27525 0.03171 ( 1)
 277 D   0.60881 0.07934 0.27375 0.03810 ( 1)
 278 P   0.62747 0.06568 0.27530 0.03154 ( 1)
 279 D   0.60185 0.08437 0.27327 0.04051 ( 1)
 280 D   0.60881 0.07934 0.27375 0.03810 ( 1)
 281 F   0.60910 0.07912 0.27379 0.03799 ( 1)
 282 P   0.66493 0.04080 0.27468 0.01959 ( 1)
 283 L   0.57971 0.10186 0.26953 0.04891 ( 1)
 284 L   0.67276 0.03695 0.27254 0.01775 ( 1)
 285 V   0.66117 0.04389 0.27387 0.02107 ( 1)
 286 A   0.66654 0.04128 0.27235 0.01982 ( 1)
 287 Y   0.63036 0.06425 0.27453 0.03086 ( 1)
 288 W   0.59553 0.08978 0.27158 0.04311 ( 1)
 289 E   0.62287 0.06951 0.27424 0.03338 ( 1)
 290 K   0.63361 0.06196 0.27467 0.02976 ( 1)
 291 T   0.67733 0.03424 0.27199 0.01644 ( 1)
 292 F   0.62699 0.06658 0.27446 0.03197 ( 1)
 293 K   0.63361 0.06196 0.27467 0.02976 ( 1)
 294 I   0.63593 0.06036 0.27473 0.02899 ( 1)
 295 D   0.60922 0.07944 0.27318 0.03815 ( 1)
 296 L   0.62750 0.06625 0.27444 0.03181 ( 1)
 297 F   0.62699 0.06658 0.27446 0.03197 ( 1)
 298 K   0.63361 0.06196 0.27467 0.02976 ( 1)
 299 P   0.62897 0.06493 0.27492 0.03118 ( 1)
 300 Q   0.62179 0.07031 0.27413 0.03376 ( 1)
 301 I   0.63593 0.06036 0.27473 0.02899 ( 1)
 302 G   0.67141 0.03776 0.27270 0.01813 ( 1)
 303 V   0.61848 0.07267 0.27396 0.03489 ( 1)
 304 V   0.61848 0.07267 0.27396 0.03489 ( 1)
 305 N   0.69963 0.02287 0.26651 0.01098 ( 1)
 306 V   0.66115 0.04391 0.27386 0.02108 ( 1)
 307 T   0.63845 0.05863 0.27475 0.02816 ( 1)
 308 D   0.60065 0.08597 0.27209 0.04128 ( 1)
 309 A   0.64289 0.05611 0.27405 0.02694 ( 1)
 310 D   0.60799 0.08065 0.27263 0.03873 ( 1)
 311 S   0.62590 0.06774 0.27383 0.03253 ( 1)
 312 V   0.65836 0.04616 0.27330 0.02217 ( 1)
 313 W   0.59451 0.09078 0.27112 0.04359 ( 1)
 314 M   0.68350 0.03157 0.26977 0.01516 ( 1)
 315 E   0.61398 0.07626 0.27314 0.03662 ( 1)
 316 I   0.63441 0.06182 0.27407 0.02969 ( 1)
 317 P   0.62810 0.06630 0.27375 0.03184 ( 1)
 318 D   0.07405 0.20046 0.62923 0.09626 ( 3)
 319 G   0.70508 0.02074 0.26422 0.00996 ( 1)
 320 D   0.60001 0.08661 0.27180 0.04159 ( 1)
 321 D   0.06816 0.24176 0.57398 0.11610 ( 3)
 322 L   0.57934 0.10246 0.26899 0.04920 ( 1)
 323 P   0.64048 0.05765 0.27419 0.02768 ( 1)
 324 T   0.63692 0.06011 0.27410 0.02887 ( 1)
 325 A   0.64305 0.05596 0.27412 0.02687 ( 1)
 326 E   0.61397 0.07627 0.27313 0.03663 ( 1)
 327 E   0.61397 0.07627 0.27313 0.03663 ( 1)
 328 L   0.57915 0.10265 0.26891 0.04929 ( 1)
 329 E   0.62147 0.07087 0.27362 0.03403 ( 1)
 330 D   0.60799 0.08065 0.27263 0.03873 ( 1)
 331 W   0.59451 0.09078 0.27112 0.04359 ( 1)
 332 I   0.08556 0.15464 0.68554 0.07426 ( 3)
 333 E   0.61397 0.07627 0.27313 0.03663 ( 1)
 334 D   0.60055 0.08641 0.27155 0.04149 ( 1)
 335 V   0.61714 0.07398 0.27336 0.03553 ( 1)
 336 L   0.67118 0.03846 0.27189 0.01847 ( 1)
 337 S   0.67781 0.03477 0.27073 0.01670 ( 1)
 338 G   0.67459 0.03651 0.27136 0.01753 ( 1)
 339 K   0.63212 0.06341 0.27402 0.03045 ( 1)
 340 I   0.71217 0.01796 0.26124 0.00862 ( 1)
 341 N   0.09953 0.10403 0.74648 0.04996 ( 3)
 342 T   0.67545 0.03601 0.27124 0.01729 ( 1)
 343 E   0.61460 0.07566 0.27342 0.03633 ( 1)
 344 D   0.18539 0.49368 0.08386 0.23707 ( 2)
 345 D   0.18732 0.49162 0.08498 0.23608 ( 2)
 346 D   0.60730 0.08100 0.27281 0.03890 ( 1)
 347 N   0.00011 0.67548 0.00004 0.32437 ( 2)
 348 E   0.21636 0.46491 0.09548 0.22326 ( 2)
 349 D   0.18577 0.49314 0.08428 0.23681 ( 2)
 350 E   0.62078 0.07112 0.27394 0.03415 ( 1)
 351 E   0.00084 0.67043 0.00679 0.32195 ( 2)
 352 D   0.18188 0.49696 0.08252 0.23864 ( 2)
 353 E   0.62073 0.07118 0.27392 0.03418 ( 1)
 354 E   0.20373 0.47659 0.09081 0.22886 ( 2)
 355 D   0.01351 0.66233 0.00610 0.31806 ( 2)
 356 D   0.60799 0.08065 0.27263 0.03873 ( 1)
 357 D   0.07918 0.18968 0.64006 0.09108 ( 3)
 358 D   0.60794 0.08070 0.27261 0.03875 ( 1)
 359 D   0.07370 0.20452 0.62358 0.09821 ( 3)
 360 D   0.18518 0.49392 0.08372 0.23718 ( 2)
 361 D   0.60799 0.08065 0.27263 0.03873 ( 1)
 362 N   0.00001 0.67557 0.00000 0.32442 ( 2)
 363 D   0.59792 0.08276 0.27957 0.03974 ( 1)
 364 N   0.66755 0.02656 0.29313 0.01275 ( 1)
 365 S   0.65291 0.03724 0.29197 0.01788 ( 1)
 366 D   0.59769 0.08299 0.27947 0.03985 ( 1)
 367 E   0.60662 0.07376 0.28420 0.03542 ( 1)
 368 E   0.01311 0.59018 0.11330 0.28341 ( 2)
 369 D   0.00100 0.67461 0.00044 0.32395 ( 2)
 370 D   0.07762 0.19966 0.62685 0.09588 ( 3)
 371 D   0.60799 0.08065 0.27263 0.03873 ( 1)
 372 S   0.00005 0.67017 0.00795 0.32182 ( 2)
 373 D   0.01330 0.66253 0.00602 0.31815 ( 2)
 374 D   0.07909 0.18956 0.64031 0.09103 ( 3)
 375 D   0.18038 0.49853 0.08169 0.23940 ( 2)
 376 E   0.00073 0.67487 0.00033 0.32408 ( 2)
 377 D   0.60550 0.08276 0.27200 0.03974 ( 1)


lnL = -3073.771029

