Supplemental results for CODEML (seqf: /home/leticiamagpali/phd/evol_models/codeml/big_dataset/cml_align/HTT_codon_aligned.phy  treef: /home/leticiamagpali/phd/evol_models/codeml/big_dataset/cml_trees/gene_trees/H3_gene_trees/HTT_tree_H3.tre)

I	J	ij	2Ns_IJ	pMut_IJ	pSub_IJ	2Ns_JI	pMut_JI	pSub_JI

TTC	TTT	CT	0.37998	0.04950	0.05949	-0.37998	0.07238	0.05949
TTA	TTT	AT	0.99557	0.00394	0.00622	-0.99557	0.01066	0.00622
TTA	TTC	AC	0.61559	0.00744	0.00996	-0.61559	0.01377	0.00996
TTG	TTT	GT	0.50231	0.00865	0.01100	-0.50231	0.01429	0.01100
TTG	TTC	GC	0.12232	0.01634	0.01736	-0.12232	0.01847	0.01736
TTG	TTA	GA	-0.49327	0.07670	0.05934	0.49327	0.04684	0.05934
TCT	TTT	CT	0.42394	0.04737	0.05812	-0.42394	0.07238	0.05812
TCC	TTC	CT	0.56236	0.05330	0.06969	-0.56236	0.09354	0.06969
TCC	TCT	CT	0.51841	0.05330	0.06831	-0.51841	0.08952	0.06831
TCA	TTA	CT	0.20041	0.03438	0.03794	-0.20041	0.04201	0.03794
TCA	TCT	AT	0.77204	0.00609	0.00874	-0.77204	0.01318	0.00874
TCA	TCC	AC	0.25364	0.01151	0.01303	-0.25364	0.01483	0.01303
TCG	TTG	CT	1.67507	0.01728	0.03562	-1.67507	0.09227	0.03562
TCG	TCT	GT	1.75344	0.00306	0.00649	-1.75344	0.01767	0.00649
TCG	TCC	GC	1.23503	0.00578	0.01007	-1.23503	0.01989	0.01007
TCG	TCA	GA	0.98140	0.02715	0.04262	-0.98140	0.07244	0.04262
TAT	TTT	AT	1.38975	0.00265	0.00491	-1.38975	0.01066	0.00491
TAT	TCT	AC	0.96582	0.00502	0.00782	-0.96582	0.01318	0.00782
TAC	TTC	AT	0.63168	0.00732	0.00988	-0.63168	0.01377	0.00988
TAC	TCC	AC	0.06932	0.01384	0.01432	-0.06932	0.01483	0.01432
TAC	TAT	CT	-0.37809	0.04134	0.03402	0.37809	0.02833	0.03402
TGT	TTT	GT	1.05060	0.00500	0.00807	-1.05060	0.01429	0.00807
TGT	TCT	GC	0.62667	0.00944	0.01271	-0.62667	0.01767	0.01271
TGT	TAT	GA	-0.33915	0.04433	0.03724	0.33915	0.03158	0.03724
TGC	TTC	GT	1.05163	0.00645	0.01043	-1.05163	0.01847	0.01043
TGC	TCC	GC	0.48927	0.01219	0.01542	-0.48927	0.01989	0.01542
TGC	TAC	GA	0.41994	0.05723	0.07009	-0.41994	0.08710	0.07009
TGC	TGT	CT	0.38101	0.03643	0.04381	-0.38101	0.05333	0.04381
TGG	TTG	GT	1.29398	0.00500	0.00891	-1.29398	0.01822	0.00891
TGG	TCG	GC	-0.38109	0.00944	0.00776	0.38109	0.00645	0.00776
TGG	TGT	GT	0.74568	0.00500	0.00709	-0.74568	0.01053	0.00709
TGG	TGC	GC	0.36467	0.00944	0.01127	-0.36467	0.01359	0.01127
CTT	TTT	CT	0.43328	0.04693	0.05783	-0.43328	0.07238	0.05783
CTC	TTC	CT	0.22023	0.07505	0.08362	-0.22023	0.09354	0.08362
CTC	CTT	CT	0.16694	0.07505	0.08149	-0.16694	0.08868	0.08149
CTA	TTA	CT	0.90843	0.01694	0.02578	-0.90843	0.04201	0.02578
CTA	CTT	AT	1.47072	0.00300	0.00573	-1.47072	0.01306	0.00573
CTA	CTC	AC	1.30378	0.00567	0.01015	-1.30378	0.02088	0.01015
CTG	TTG	CT	-0.53354	0.15732	0.11907	0.53354	0.09227	0.11907
CTG	CTT	GT	-0.46451	0.02786	0.02189	0.46451	0.01751	0.02189
CTG	CTC	GC	-0.63145	0.05266	0.03777	0.63145	0.02800	0.03777
CTG	CTA	GA	-1.93523	0.24715	0.08071	1.93523	0.03569	0.08071
CCT	TCT	CT	0.79978	0.04023	0.05844	-0.79978	0.08952	0.05844
CCT	CTT	CT	0.79044	0.04023	0.05820	-0.79044	0.08868	0.05820
CCC	TCC	CT	0.74855	0.04765	0.06769	-0.74855	0.10074	0.06769
CCC	CTC	CT	1.09067	0.04765	0.07827	-1.09067	0.14183	0.07827
CCC	CCT	CT	0.46717	0.04765	0.05965	-0.46717	0.07603	0.05965
CCA	TCA	CT	0.96294	0.02481	0.03864	-0.96294	0.06498	0.03864
CCA	CTA	CT	0.25492	0.02481	0.02810	-0.25492	0.03201	0.02810
CCA	CCT	AT	0.93520	0.00439	0.00676	-0.93520	0.01119	0.00676
CCA	CCC	AC	0.46803	0.00830	0.01040	-0.46803	0.01326	0.01040
CCG	TCG	CT	0.03684	0.03148	0.03206	-0.03684	0.03266	0.03206
CCG	CTG	CT	2.24545	0.03148	0.07906	-2.24545	0.29731	0.07906
CCG	CCT	GT	0.99050	0.00558	0.00878	-0.99050	0.01501	0.00878
CCG	CCC	GC	0.52332	0.01054	0.01353	-0.52332	0.01778	0.01353
CCG	CCA	GA	0.05530	0.04945	0.05083	-0.05530	0.05226	0.05083
CAT	TAT	CT	0.52966	0.01668	0.02148	-0.52966	0.02833	0.02148
CAT	CTT	AT	1.48613	0.00295	0.00567	-1.48613	0.01306	0.00567
CAT	CCT	AC	0.69570	0.00558	0.00775	-0.69570	0.01119	0.00775
CAC	TAC	CT	0.24852	0.06094	0.06882	-0.24852	0.07813	0.06882
CAC	CTC	AT	0.65997	0.01079	0.01474	-0.65997	0.02088	0.01474
CAC	CCC	AC	-0.43070	0.02040	0.01632	0.43070	0.01326	0.01632
CAC	CAT	CT	-0.65923	0.06094	0.04304	0.65923	0.03152	0.04304
CAA	CTA	AT	0.46220	0.00297	0.00371	-0.46220	0.00471	0.00371
CAA	CCA	AC	0.20728	0.00561	0.00621	-0.20728	0.00690	0.00621
CAA	CAT	AT	0.44679	0.00297	0.00368	-0.44679	0.00464	0.00368
CAA	CAC	AC	1.10601	0.00561	0.00927	-1.10601	0.01695	0.00927
CAG	CTG	AT	0.76975	0.02027	0.02906	-0.76975	0.04377	0.02906
CAG	CCG	AC	-1.47569	0.03831	0.01676	1.47569	0.00876	0.01676
CAG	CAT	GT	-1.18089	0.02027	0.01060	1.18089	0.00622	0.01060
CAG	CAC	GC	-0.52167	0.03831	0.02918	0.52167	0.02274	0.02918
CAG	CAA	GA	-1.62768	0.17981	0.07152	1.62768	0.03531	0.07152
CGT	TGT	CT	1.48017	0.01214	0.02326	-1.48017	0.05333	0.02326
CGT	CTT	GT	2.09749	0.00215	0.00514	-2.09749	0.01751	0.00514
CGT	CCT	GC	1.30705	0.00406	0.00728	-1.30705	0.01501	0.00728
CGT	CAT	GA	0.61136	0.01907	0.02549	-0.61136	0.03514	0.02549
CGC	TGC	CT	1.06744	0.02368	0.03852	-1.06744	0.06885	0.03852
CGC	CTC	GT	1.89883	0.00419	0.00936	-1.89883	0.02800	0.00936
CGC	CCC	GC	0.80816	0.00792	0.01155	-0.80816	0.01778	0.01155
CGC	CAC	GA	1.23886	0.03720	0.06488	-1.23886	0.12839	0.06488
CGC	CGT	CT	-0.03172	0.02368	0.02330	0.03172	0.02294	0.02330
CGA	CTA	GT	1.98357	0.00087	0.00200	-1.98357	0.00632	0.00200
CGA	CCA	GC	1.72865	0.00164	0.00345	-1.72865	0.00926	0.00345
CGA	CAA	GA	1.52137	0.00771	0.01501	-1.52137	0.03531	0.01501
CGA	CGT	AT	1.35680	0.00087	0.00159	-1.35680	0.00338	0.00159
CGA	CGC	AC	1.38852	0.00164	0.00304	-1.38852	0.00659	0.00304
CGG	TGG	CT	0.54558	0.03089	0.04008	-0.54558	0.05330	0.04008
CGG	CTG	GT	2.37309	0.00547	0.01432	-2.37309	0.05870	0.01432
CGG	CCG	GC	0.12765	0.01034	0.01101	-0.12765	0.01175	0.01101
CGG	CAG	GA	1.60334	0.04853	0.09740	-1.60334	0.24115	0.09740
CGG	CGT	GT	-0.18891	0.00547	0.00497	0.18891	0.00453	0.00497
CGG	CGC	GC	-0.15719	0.01034	0.00955	0.15719	0.00883	0.00955
CGG	CGA	GA	-1.54571	0.04853	0.02032	1.54571	0.01034	0.02032
ATT	TTT	AT	0.56675	0.00605	0.00792	-0.56675	0.01066	0.00792
ATT	CTT	AC	0.13347	0.01142	0.01220	-0.13347	0.01306	0.01220
ATC	TTC	AT	0.19019	0.01139	0.01250	-0.19019	0.01377	0.01250
ATC	CTC	AC	-0.03005	0.02152	0.02120	0.03005	0.02088	0.02120
ATC	ATT	CT	0.00342	0.06429	0.06440	-0.00342	0.06451	0.06440
ATA	TTA	AT	0.67952	0.00314	0.00432	-0.67952	0.00619	0.00432
ATA	CTA	AC	-0.22890	0.00592	0.00527	0.22890	0.00471	0.00527
ATA	ATT	AT	1.10835	0.00314	0.00519	-1.10835	0.00950	0.00519
ATA	ATC	AC	1.10492	0.00592	0.00979	-1.10492	0.01789	0.00979
ATG	TTG	AT	0.26875	0.01038	0.01184	-0.26875	0.01358	0.01184
ATG	CTG	AC	0.80229	0.01962	0.02854	-0.80229	0.04377	0.02854
ATG	ATT	GT	0.20430	0.01038	0.01148	-0.20430	0.01274	0.01148
ATG	ATC	GC	0.20088	0.01962	0.02166	-0.20088	0.02399	0.02166
ATG	ATA	GA	-0.90404	0.09210	0.05666	0.90404	0.03729	0.05666
ACT	TCT	AT	1.05221	0.00460	0.00744	-1.05221	0.01318	0.00744
ACT	CCT	AC	0.25243	0.00870	0.00984	-0.25243	0.01119	0.00984
ACT	ATT	CT	0.90940	0.02598	0.03956	-0.90940	0.06451	0.03956
ACC	TCC	AT	0.23428	0.01173	0.01316	-0.23428	0.01483	0.01316
ACC	CCC	AC	-0.51427	0.02217	0.01696	0.51427	0.01326	0.01696
ACC	ATC	CT	0.60645	0.06625	0.08835	-0.60645	0.12149	0.08835
ACC	ACT	CT	-0.29952	0.06625	0.05682	0.29952	0.04910	0.05682
ACA	TCA	AT	0.79022	0.00434	0.00628	-0.79022	0.00957	0.00628
ACA	CCA	AC	-0.17272	0.00820	0.00751	0.17272	0.00690	0.00751
ACA	ATA	CT	0.31110	0.02451	0.02852	-0.31110	0.03345	0.02852
ACA	ACT	AT	0.51004	0.00434	0.00554	-0.51004	0.00723	0.00554
ACA	ACC	AC	0.80957	0.00820	0.01197	-0.80957	0.01843	0.01197
ACG	TCG	AT	-0.22996	0.00605	0.00538	0.22996	0.00481	0.00538
ACG	CCG	AC	-0.26680	0.01144	0.00998	0.26680	0.00876	0.00998
ACG	ATG	CT	1.17636	0.03417	0.05812	-1.17636	0.11080	0.05812
ACG	ACT	GT	0.47127	0.00605	0.00759	-0.47127	0.00969	0.00759
ACG	ACC	GC	0.77079	0.01144	0.01640	-0.77079	0.02472	0.01640
ACG	ACA	GA	-0.03878	0.05368	0.05264	0.03878	0.05164	0.05264
AAT	TAT	AT	0.22772	0.00332	0.00371	-0.22772	0.00417	0.00371
AAT	CAT	AC	-0.30195	0.00628	0.00538	0.30195	0.00464	0.00538
AAT	ATT	AT	1.05072	0.00332	0.00537	-1.05072	0.00950	0.00537
AAT	ACT	AC	0.14132	0.00628	0.00673	-0.14132	0.00723	0.00673
AAC	TAC	AT	0.53965	0.00671	0.00868	-0.53965	0.01150	0.00868
AAC	CAC	AC	0.29113	0.01267	0.01461	-0.29113	0.01695	0.01461
AAC	ATC	AT	0.98115	0.00671	0.01052	-0.98115	0.01789	0.01052
AAC	ACC	AC	0.37469	0.01267	0.01519	-0.37469	0.01843	0.01519
AAC	AAT	CT	-0.06615	0.03786	0.03662	0.06615	0.03544	0.03662
AAA	CAA	AC	-0.92678	0.01178	0.00715	0.92678	0.00466	0.00715
AAA	ATA	AT	-0.23567	0.00623	0.00553	0.23567	0.00492	0.00553
AAA	ACA	AC	-0.54677	0.01178	0.00885	0.54677	0.00682	0.00885
AAA	AAT	AT	-0.17804	0.00623	0.00570	0.17804	0.00522	0.00570
AAA	AAC	AC	-0.11189	0.01178	0.01113	0.11189	0.01053	0.01113
AAG	CAG	AC	0.59038	0.01765	0.02336	-0.59038	0.03185	0.02336
AAG	ATG	AT	0.55784	0.00934	0.01218	-0.55784	0.01631	0.01218
AAG	ACG	AC	-0.61852	0.01765	0.01275	0.61852	0.00951	0.01275
AAG	AAT	GT	-0.28857	0.00934	0.00805	0.28857	0.00700	0.00805
AAG	AAC	GC	-0.22242	0.01765	0.01576	0.22242	0.01413	0.01576
AAG	AAA	GA	-0.11053	0.08283	0.07833	0.11053	0.07416	0.07833
AGT	TGT	AT	0.39676	0.00528	0.00640	-0.39676	0.00785	0.00640
AGT	CGT	AC	-1.08341	0.00998	0.00553	1.08341	0.00338	0.00553
AGT	ATT	GT	0.88061	0.00528	0.00794	-0.88061	0.01274	0.00794
AGT	ACT	GC	-0.02879	0.00998	0.00983	0.02879	0.00969	0.00983
AGT	AAT	GA	-0.17010	0.04683	0.04296	0.17010	0.03951	0.04296
AGC	TGC	AT	-0.31359	0.01387	0.01181	0.31359	0.01014	0.01181
AGC	CGC	AC	-1.38103	0.02621	0.01215	1.38103	0.00659	0.01215
AGC	ATC	GT	0.54785	0.01387	0.01801	-0.54785	0.02399	0.01801
AGC	ACC	GC	-0.05860	0.02621	0.02545	0.05860	0.02472	0.02545
AGC	AAC	GA	-0.43329	0.12303	0.09829	0.43329	0.07977	0.09829
AGC	AGT	CT	-0.32934	0.07831	0.06612	0.32934	0.05634	0.06612
AGA	CGA	AC	-1.98853	0.00998	0.00315	1.98853	0.00137	0.00315
AGA	ATA	GT	0.22395	0.00528	0.00589	-0.22395	0.00661	0.00589
AGA	ACA	GC	-0.08715	0.00998	0.00955	0.08715	0.00915	0.00955
AGA	AAA	GA	0.45962	0.04683	0.05842	-0.45962	0.07416	0.05842
AGA	AGT	AT	0.45168	0.00528	0.00656	-0.45168	0.00829	0.00656
AGA	AGC	AC	0.78102	0.00998	0.01438	-0.78102	0.02179	0.01438
AGG	TGG	AT	0.13419	0.00686	0.00733	-0.13419	0.00785	0.00733
AGG	CGG	AC	-0.41138	0.01297	0.01048	0.41138	0.00859	0.01048
AGG	ATG	GT	1.15942	0.00686	0.01159	-1.15942	0.02188	0.01159
AGG	ACG	GC	-0.01694	0.01297	0.01286	0.01694	0.01275	0.01286
AGG	AAG	GA	0.60158	0.06087	0.08100	-0.60158	0.11108	0.08100
AGG	AGT	GT	0.48311	0.00686	0.00865	-0.48311	0.01112	0.00865
AGG	AGC	GC	0.81245	0.01297	0.01894	-0.81245	0.02922	0.01894
AGG	AGA	GA	0.03143	0.06087	0.06183	-0.03143	0.06281	0.06183
GTT	TTT	GT	0.98606	0.00533	0.00838	-0.98606	0.01429	0.00838
GTT	CTT	GC	0.55278	0.01007	0.01311	-0.55278	0.01751	0.01311
GTT	ATT	GA	0.41931	0.04729	0.05789	-0.41931	0.07192	0.05789
GTC	TTC	GT	0.43884	0.01191	0.01471	-0.43884	0.01847	0.01471
GTC	CTC	GC	0.21861	0.02250	0.02505	-0.21861	0.02800	0.02505
GTC	ATC	GA	0.24865	0.10563	0.11930	-0.24865	0.13545	0.11930
GTC	GTT	CT	-0.16724	0.06724	0.06177	0.16724	0.05688	0.06177
GTA	TTA	GT	1.48869	0.00187	0.00360	-1.48869	0.00830	0.00360
GTA	CTA	GC	0.58027	0.00354	0.00466	-0.58027	0.00632	0.00466
GTA	ATA	GA	0.80917	0.01660	0.02422	-0.80917	0.03729	0.02422
GTA	GTT	AT	1.49821	0.00187	0.00361	-1.49821	0.00837	0.00361
GTA	GTC	AC	1.66544	0.00354	0.00727	-1.66544	0.01871	0.00727
GTG	TTG	GT	-0.05736	0.01929	0.01875	0.05736	0.01822	0.01875
GTG	CTG	GC	0.47618	0.03646	0.04583	-0.47618	0.05870	0.04583
GTG	ATG	GA	-0.32610	0.17115	0.14475	0.32610	0.12352	0.14475
GTG	GTT	GT	-0.54111	0.01929	0.01454	0.54111	0.01123	0.01454
GTG	GTC	GC	-0.37387	0.03646	0.03007	0.37387	0.02509	0.03007
GTG	GTA	GA	-2.03932	0.17115	0.05221	2.03932	0.02227	0.05221
GCT	TCT	GT	0.58555	0.00984	0.01300	-0.58555	0.01767	0.01300
GCT	CCT	GC	-0.21423	0.01860	0.01668	0.21423	0.01501	0.01668
GCT	ACT	GA	-0.46666	0.08729	0.06850	0.46666	0.05474	0.06850
GCT	GTT	CT	0.02343	0.05557	0.05622	-0.02343	0.05688	0.05622
GCC	TCC	GT	0.22066	0.01595	0.01778	-0.22066	0.01989	0.01778
GCC	CCC	GC	-0.52789	0.03014	0.02289	0.52789	0.01778	0.02289
GCC	ACC	GA	-0.01362	0.14149	0.14053	0.01362	0.13958	0.14053
GCC	GTC	CT	0.34418	0.09007	0.10645	-0.34418	0.12707	0.10645
GCC	GCT	CT	0.15352	0.09007	0.09716	-0.15352	0.10501	0.09716
GCA	TCA	GT	0.50261	0.00776	0.00987	-0.50261	0.01283	0.00987
GCA	CCA	GC	-0.46033	0.01467	0.01155	0.46033	0.00926	0.01155
GCA	ACA	GA	-0.28761	0.06884	0.05942	0.28761	0.05164	0.05942
GCA	GTA	CT	-0.78568	0.04382	0.02884	0.78568	0.01998	0.02884
GCA	GCT	AT	0.68910	0.00776	0.01074	-0.68910	0.01546	0.01074
GCA	GCC	AC	0.53558	0.01467	0.01894	-0.53558	0.02506	0.01894
GCG	TCG	GT	0.32119	0.00468	0.00547	-0.32119	0.00645	0.00547
GCG	CCG	GC	0.28435	0.00884	0.01016	-0.28435	0.01175	0.01016
GCG	ACG	GA	0.55115	0.04149	0.05397	-0.55115	0.07199	0.05397
GCG	GTG	CT	2.05361	0.02641	0.06221	-2.05361	0.20589	0.06221
GCG	GCT	GT	1.48907	0.00468	0.00899	-1.48907	0.02073	0.00899
GCG	GCC	GC	1.33556	0.00884	0.01602	-1.33556	0.03361	0.01602
GCG	GCA	GA	0.79997	0.04149	0.06027	-0.79997	0.09233	0.06027
GAT	TAT	GT	-0.32228	0.00772	0.00654	0.32228	0.00559	0.00654
GAT	CAT	GC	-0.85194	0.01459	0.00925	0.85194	0.00622	0.00925
GAT	AAT	GA	-0.54999	0.06848	0.05136	0.54999	0.03951	0.05136
GAT	GTT	AT	0.08141	0.00772	0.00804	-0.08141	0.00837	0.00804
GAT	GCT	AC	0.05799	0.01459	0.01502	-0.05799	0.01546	0.01502
GAC	TAC	GT	0.00692	0.01532	0.01537	-0.00692	0.01543	0.01537
GAC	CAC	GC	-0.24160	0.02895	0.02560	0.24160	0.02274	0.02560
GAC	AAC	GA	-0.53273	0.13589	0.10289	0.53273	0.07977	0.10289
GAC	GTC	AT	0.19976	0.01532	0.01690	-0.19976	0.01871	0.01690
GAC	GCC	AC	-0.14442	0.02895	0.02691	0.14442	0.02506	0.02691
GAC	GAT	CT	-0.04889	0.08650	0.08440	0.04889	0.08237	0.08440
GAA	CAA	GC	-1.02199	0.01738	0.00998	1.02199	0.00625	0.00998
GAA	AAA	GA	-0.09521	0.08157	0.07775	0.09521	0.07416	0.07775
GAA	GTA	AT	-1.14005	0.00920	0.00493	1.14005	0.00294	0.00493
GAA	GCA	AC	-0.35438	0.01738	0.01448	0.35438	0.01219	0.01448
GAA	GAT	AT	0.27674	0.00920	0.01053	-0.27674	0.01213	0.01053
GAA	GAC	AC	0.32563	0.01738	0.02036	-0.32563	0.02407	0.02036
GAG	CAG	GC	0.18193	0.03560	0.03894	-0.18193	0.04271	0.03894
GAG	AAG	GA	-0.40845	0.16712	0.13531	0.40845	0.11108	0.13531
GAG	GTG	AT	0.47550	0.01884	0.02367	-0.47550	0.03031	0.02367
GAG	GCG	AC	-1.57811	0.03560	0.01461	1.57811	0.00735	0.01461
GAG	GAT	GT	-0.14703	0.01884	0.01749	0.14703	0.01626	0.01749
GAG	GAC	GC	-0.09814	0.03560	0.03389	0.09814	0.03228	0.03389
GAG	GAA	GA	-0.42377	0.16712	0.13420	0.42377	0.10939	0.13420
GGT	TGT	GT	1.36075	0.00270	0.00494	-1.36075	0.01053	0.00494
GGT	CGT	GC	-0.11942	0.00510	0.00480	0.11942	0.00453	0.00480
GGT	AGT	GA	0.96399	0.02395	0.03733	-0.96399	0.06281	0.03733
GGT	GTT	GT	1.42529	0.00270	0.00507	-1.42529	0.01123	0.00507
GGT	GCT	GC	1.40186	0.00510	0.00949	-1.40186	0.02073	0.00949
GGT	GAT	GA	1.34388	0.02395	0.04355	-1.34388	0.09184	0.04355
GGC	TGC	GT	0.47863	0.00842	0.01060	-0.47863	0.01359	0.01060
GGC	CGC	GC	-0.58881	0.01592	0.01169	0.58881	0.00883	0.01169
GGC	AGC	GA	0.79222	0.07472	0.10818	-0.79222	0.16500	0.10818
GGC	GTC	GT	1.09142	0.00842	0.01384	-1.09142	0.02509	0.01384
GGC	GCC	GC	0.74724	0.01592	0.02260	-0.74724	0.03361	0.02260
GGC	GAC	GA	0.89166	0.07472	0.11291	-0.89166	0.18225	0.11291
GGC	GGT	CT	-0.50111	0.04756	0.03664	0.50111	0.02882	0.03664
GGA	CGA	GC	-1.65637	0.00960	0.00375	1.65637	0.00183	0.00375
GGA	AGA	GA	0.33216	0.04506	0.05295	-0.33216	0.06281	0.05295
GGA	GTA	GT	-0.25306	0.00508	0.00446	0.25306	0.00394	0.00446
GGA	GCA	GC	0.53262	0.00960	0.01238	-0.53262	0.01635	0.01238
GGA	GAA	GA	0.88699	0.04506	0.06796	-0.88699	0.10939	0.06796
GGA	GGT	AT	-0.18014	0.00508	0.00464	0.18014	0.00424	0.00464
GGA	GGC	AC	0.32096	0.00960	0.01122	-0.32096	0.01323	0.01122
GGG	TGG	GT	0.41367	0.00696	0.00850	-0.41367	0.01052	0.00850
GGG	CGG	GC	-0.13191	0.01315	0.01230	0.13191	0.01153	0.01230
GGG	AGG	GA	0.27947	0.06173	0.07075	-0.27947	0.08163	0.07075
GGG	GTG	GT	1.76500	0.00696	0.01482	-1.76500	0.04065	0.01482
GGG	GCG	GC	-0.28861	0.01315	0.01134	0.28861	0.00985	0.01134
GGG	GAG	GA	1.28950	0.06173	0.10985	-1.28950	0.22413	0.10985
GGG	GGT	GT	-0.20140	0.00696	0.00628	0.20140	0.00569	0.00628
GGG	GGC	GC	0.29971	0.01315	0.01522	-0.29971	0.01775	0.01522
GGG	GGA	GA	-0.02126	0.06173	0.06107	0.02126	0.06043	0.06107


Histograms
2Ns	FMut	FSub(CodonUsage)	FSubw(after w)

-2.26009	0.02082	0.00608
-2.03408	0.03847	0.01337
-1.80807	0.00559	0.00222
-1.58206	0.04772	0.02169
-1.35605	0.02883	0.01543
-1.13005	0.03937	0.02356
-0.90404	0.07631	0.05315
-0.67803	0.05676	0.04417
-0.45202	0.16526	0.14469
-0.22601	0.11124	0.10954
0.00000	0.11881	0.13221
0.22601	0.08755	0.10954
0.45202	0.10416	0.14469
0.67803	0.02885	0.04417
0.90404	0.03185	0.05315
1.13005	0.01266	0.02356
1.35605	0.00769	0.01543
1.58206	0.00977	0.02169
1.80807	0.00093	0.00222
2.03408	0.00519	0.01337
2.26009	0.00216	0.00608

Proportion of advantageous (S > 0) mutations:
 0.34883

Proportions of good & bad mutations (|S| > 2.0000) among mutations:
0.00513  0.04389

mean |Ns| = 0.68026	mean Ns+ = 0.50302	mean Ns- = -0.77521


MLEs of dN/dS (w) for site classes (K=4)

site class             0        1       2a       2b
proportion       0.73116  0.07652  0.17410  0.01822
background w     0.05934  1.25335  0.05934  1.25335
foreground w     0.05934  1.25335  0.00000  0.00000

Naive Empirical Bayes (NEB) probabilities for 4 classes
(amino acids refer to 1st sequence: Bacu)

   1 N   0.79870 0.00611 0.19316 0.00202 ( 1)
   2 S   0.78257 0.02322 0.18774 0.00647 ( 1)
   3 P   0.78651 0.01913 0.18891 0.00546 ( 1)
   4 E   0.78723 0.01837 0.18913 0.00527 ( 1)
   5 F   0.78900 0.01652 0.18967 0.00481 ( 1)
   6 Q   0.77042 0.03582 0.18433 0.00943 ( 1)
   7 K   0.79264 0.01269 0.19085 0.00382 ( 1)
   8 L   0.78187 0.02395 0.18754 0.00664 ( 1)
   9 L   0.75735 0.04934 0.18085 0.01246 ( 1)
  10 G   0.79614 0.00896 0.19209 0.00281 ( 1)
  11 I   0.78860 0.01695 0.18954 0.00491 ( 1)
  12 A   0.78163 0.02420 0.18747 0.00670 ( 1)
  13 M   0.64235 0.15650 0.15458 0.04657 ( 1)
  14 E   0.78723 0.01837 0.18913 0.00527 ( 1)
  15 L   0.78172 0.02410 0.18750 0.00669 ( 1)
  16 F   0.78928 0.01625 0.18974 0.00473 ( 1)
  17 L   0.75759 0.04911 0.18090 0.01240 ( 1)
  18 L   0.75775 0.04894 0.18094 0.01236 ( 1)
  19 C   0.79129 0.01414 0.19038 0.00419 ( 1)
  20 S   0.78914 0.01641 0.18969 0.00476 ( 1)
  21 D   0.78597 0.01972 0.18872 0.00559 ( 1)
  22 D   0.78803 0.01760 0.18932 0.00505 ( 1)
  23 A   0.78154 0.02409 0.18759 0.00678 ( 1)
  24 E   0.78450 0.02125 0.18828 0.00597 ( 1)
  25 S   0.77828 0.02727 0.18679 0.00766 ( 1)
  26 D   0.78597 0.01972 0.18872 0.00559 ( 1)
  27 V   0.79037 0.01513 0.19007 0.00443 ( 1)
  28 R   0.79504 0.01018 0.19164 0.00313 ( 1)
  29 M   0.79707 0.00799 0.19240 0.00254 ( 1)
  30 V   0.77872 0.02725 0.18661 0.00742 ( 1)
  31 A   0.78236 0.02333 0.18776 0.00655 ( 1)
  32 D   0.78851 0.01706 0.18949 0.00493 ( 1)
  33 E   0.78450 0.02125 0.18828 0.00597 ( 1)
  34 C   0.79147 0.01397 0.19042 0.00414 ( 1)
  35 L   0.78109 0.02479 0.18729 0.00683 ( 1)
  36 N   0.79977 0.00497 0.19359 0.00167 ( 1)
  37 K   0.59669 0.19961 0.14367 0.06003 ( 1)
  38 V   0.79037 0.01513 0.19007 0.00443 ( 1)
  39 I   0.79948 0.00522 0.19354 0.00176 ( 1)
  40 K   0.79293 0.01240 0.19094 0.00373 ( 1)
  41 N   0.64667 0.15524 0.15510 0.04299 ( 1)
  42 G   0.79322 0.01324 0.18998 0.00356 ( 1)
  43 A   0.77746 0.02936 0.18571 0.00747 ( 1)
  44 P   0.78319 0.02352 0.18721 0.00607 ( 1)
  45 R   0.79280 0.01370 0.18984 0.00367 ( 1)
  46 S   0.78304 0.02367 0.18718 0.00611 ( 1)
  47 L   0.75437 0.05286 0.17985 0.01292 ( 1)
  48 R   0.79501 0.01142 0.19047 0.00309 ( 1)
  49 A   0.77746 0.02936 0.18571 0.00747 ( 1)
  50 A   0.78176 0.02498 0.18684 0.00642 ( 1)
  51 L   0.75416 0.05307 0.17980 0.01297 ( 1)
  52 W   0.77761 0.02920 0.18575 0.00743 ( 1)
  53 R   0.79181 0.01472 0.18956 0.00392 ( 1)
  54 F   0.78530 0.02137 0.18778 0.00555 ( 1)
  55 A   0.78169 0.02505 0.18682 0.00644 ( 1)
  56 E   0.77992 0.02686 0.18635 0.00687 ( 1)
  57 L   0.75416 0.05307 0.17980 0.01297 ( 1)
  58 A   0.77746 0.02936 0.18571 0.00747 ( 1)
  59 H   0.78360 0.02311 0.18732 0.00597 ( 1)
  60 L   0.77622 0.03061 0.18540 0.00777 ( 1)
  61 V   0.78936 0.01722 0.18888 0.00454 ( 1)
  62 R   0.79280 0.01370 0.18984 0.00367 ( 1)
  63 P   0.78319 0.02352 0.18721 0.00607 ( 1)
  64 Q   0.76635 0.04066 0.18287 0.01012 ( 1)
  65 K   0.78942 0.01716 0.18889 0.00452 ( 1)
  66 C   0.78756 0.01906 0.18839 0.00499 ( 1)
  67 R   0.79181 0.01472 0.18956 0.00392 ( 1)
  68 P   0.78683 0.01877 0.18902 0.00538 ( 1)
  69 Y   0.79062 0.01483 0.19018 0.00437 ( 1)
  70 L   0.77023 0.03601 0.18428 0.00948 ( 1)
  71 V   0.79833 0.00656 0.19297 0.00214 ( 1)
  72 N   0.79954 0.00518 0.19354 0.00174 ( 1)
  73 L   0.78193 0.02389 0.18755 0.00663 ( 1)
  74 L   0.77023 0.03601 0.18428 0.00948 ( 1)
  75 P   0.78713 0.01849 0.18909 0.00530 ( 1)
  76 C   0.79025 0.01521 0.19007 0.00447 ( 1)
  77 L   0.75740 0.04929 0.18086 0.01245 ( 1)
  78 T   0.79150 0.01399 0.19039 0.00412 ( 1)
  79 R   0.79727 0.00773 0.19253 0.00247 ( 1)
  80 T   0.79245 0.01293 0.19075 0.00387 ( 1)
  81 S   0.78699 0.01862 0.18905 0.00533 ( 1)
  82 K   0.79478 0.01042 0.19159 0.00321 ( 1)
  83 R   0.79299 0.01225 0.19103 0.00373 ( 1)
  84 P   0.79012 0.01533 0.19004 0.00451 ( 1)
  85 E   0.78476 0.02100 0.18834 0.00590 ( 1)
  86 E   0.78406 0.02168 0.18817 0.00609 ( 1)
  87 S   0.78263 0.02316 0.18775 0.00645 ( 1)
  88 V   0.78997 0.01551 0.18997 0.00455 ( 1)
  89 Q   0.77048 0.03576 0.18435 0.00942 ( 1)
  90 E   0.78406 0.02168 0.18817 0.00609 ( 1)
  91 T   0.79060 0.01485 0.19018 0.00438 ( 1)
  92 L   0.77023 0.03601 0.18428 0.00948 ( 1)
  93 A   0.48155 0.31538 0.11551 0.08757 ( 1)
  94 A   0.78396 0.02143 0.18841 0.00620 ( 1)
  95 A   0.78221 0.02353 0.18769 0.00657 ( 1)
  96 V   0.78997 0.01551 0.18997 0.00455 ( 1)
  97 P   0.78713 0.01849 0.18909 0.00530 ( 1)
  98 K   0.79478 0.01042 0.19159 0.00321 ( 1)
  99 I   0.54709 0.24843 0.13158 0.07290 ( 1)
 100 M   0.79676 0.00828 0.19233 0.00263 ( 1)
 101 A   0.78169 0.02414 0.18748 0.00669 ( 1)
 102 S   0.78265 0.02312 0.18777 0.00645 ( 1)
 103 F   0.78983 0.01566 0.18993 0.00458 ( 1)
 104 G   0.79618 0.00892 0.19210 0.00280 ( 1)
 105 N   0.68757 0.10969 0.16633 0.03641 ( 1)
 106 F   0.78906 0.01645 0.18970 0.00479 ( 1)
 107 A   0.78078 0.02508 0.18722 0.00691 ( 1)
 108 N   0.79954 0.00518 0.19354 0.00174 ( 1)
 109 D   0.78815 0.01742 0.18941 0.00503 ( 1)
 110 S   0.16952 0.59381 0.04099 0.19568 ( 2)
 111 E   0.78716 0.01853 0.18904 0.00527 ( 1)
 112 I   0.55447 0.24209 0.13327 0.07017 ( 1)
 113 K   0.79527 0.01019 0.19148 0.00306 ( 1)
 114 V   0.79217 0.01376 0.19018 0.00389 ( 1)
 115 L   0.75744 0.04926 0.18086 0.01243 ( 1)
 116 L   0.77734 0.02884 0.18611 0.00771 ( 1)
 117 K   0.79481 0.01039 0.19160 0.00320 ( 1)
 118 A   0.78197 0.02376 0.18763 0.00664 ( 1)
 119 F   0.79115 0.01428 0.19035 0.00423 ( 1)
 120 I   0.79966 0.00505 0.19359 0.00170 ( 1)
 121 A   0.79654 0.00854 0.19223 0.00270 ( 1)
 122 N   0.79880 0.00604 0.19317 0.00199 ( 1)
 123 L   0.75747 0.04922 0.18087 0.01243 ( 1)
 124 K   0.79485 0.01036 0.19160 0.00319 ( 1)
 125 S   0.53406 0.26216 0.12832 0.07547 ( 1)
 126 S   0.78708 0.01852 0.18909 0.00531 ( 1)
 127 S   0.78272 0.02307 0.18778 0.00643 ( 1)
 128 P   0.78721 0.01840 0.18911 0.00528 ( 1)
 129 T   0.79068 0.01477 0.19019 0.00435 ( 1)
 130 V   0.45798 0.34017 0.10972 0.09212 ( 1)
 131 R   0.79555 0.00961 0.19186 0.00299 ( 1)
 132 R   0.79557 0.00958 0.19186 0.00298 ( 1)
 133 T   0.79197 0.01344 0.19059 0.00400 ( 1)
 134 A   0.79597 0.00922 0.19194 0.00286 ( 1)
 135 A   0.78542 0.02023 0.18860 0.00575 ( 1)
 136 G   0.62172 0.17369 0.15001 0.05459 ( 1)
 137 S   0.79260 0.01271 0.19086 0.00383 ( 1)
 138 A   0.79621 0.00884 0.19215 0.00279 ( 1)
 139 V   0.77793 0.02801 0.18643 0.00763 ( 1)
 140 S   0.78664 0.01896 0.18897 0.00543 ( 1)
 141 I   0.56361 0.23231 0.13558 0.06850 ( 1)
 142 C   0.79075 0.01466 0.19025 0.00434 ( 1)
 143 Q   0.77012 0.03611 0.18426 0.00951 ( 1)
 144 H   0.78715 0.01843 0.18912 0.00530 ( 1)
 145 S   0.78528 0.02039 0.18855 0.00578 ( 1)
 146 R   0.79428 0.01090 0.19146 0.00336 ( 1)
 147 R   0.79408 0.01106 0.19144 0.00342 ( 1)
 148 T   0.00416 0.76556 0.00100 0.22928 ( 2)
 149 Q   0.77012 0.03611 0.18426 0.00951 ( 1)
 150 Y   0.56211 0.23468 0.13511 0.06809 ( 1)
 151 F   0.78895 0.01651 0.18971 0.00483 ( 1)
 152 Y   0.79029 0.01514 0.19010 0.00446 ( 1)
 153 S   0.78664 0.01896 0.18897 0.00543 ( 1)
 154 W   0.78145 0.02436 0.18743 0.00676 ( 1)
 155 L   0.75790 0.04859 0.18108 0.01243 ( 1)
 156 L   0.78027 0.02559 0.18709 0.00705 ( 1)
 157 S   0.78811 0.01741 0.18944 0.00505 ( 1)
 158 V   0.77827 0.02733 0.18675 0.00765 ( 1)
 159 L   0.78027 0.02559 0.18709 0.00705 ( 1)
 160 L   0.45854 0.33440 0.11021 0.09685 ( 1)
 161 G   0.79821 0.00658 0.19303 0.00217 ( 1)
 162 L   0.77023 0.03601 0.18428 0.00948 ( 1)
 163 L   0.76013 0.04620 0.18172 0.01195 ( 1)
 164 V   0.79261 0.01273 0.19084 0.00383 ( 1)
 165 P   0.79023 0.01522 0.19007 0.00448 ( 1)
 166 V   0.77823 0.02773 0.18650 0.00755 ( 1)
 167 E   0.78447 0.02128 0.18827 0.00598 ( 1)
 168 E   0.78447 0.02128 0.18827 0.00598 ( 1)
 169 E   0.78722 0.01838 0.18913 0.00527 ( 1)
 170 H   0.09411 0.67518 0.02269 0.20803 ( 2)
 171 S   0.78598 0.01979 0.18866 0.00557 ( 1)
 172 T   0.07330 0.70595 0.01761 0.20313 ( 2)
 173 L   0.78214 0.02369 0.18760 0.00657 ( 1)
 174 L   0.75772 0.04898 0.18093 0.01237 ( 1)
 175 I   0.78899 0.01657 0.18964 0.00480 ( 1)
 176 L   0.78106 0.02482 0.18728 0.00684 ( 1)
 177 G   0.79294 0.01242 0.19091 0.00373 ( 1)
 178 V   0.77872 0.02724 0.18662 0.00742 ( 1)
 179 L   0.75772 0.04898 0.18093 0.01237 ( 1)
 180 L   0.78121 0.02464 0.18734 0.00681 ( 1)
 181 T   0.79282 0.01250 0.19091 0.00377 ( 1)
 182 L   0.77017 0.03607 0.18426 0.00949 ( 1)
 183 R   0.79502 0.01020 0.19164 0.00314 ( 1)
 184 Y   0.79505 0.01017 0.19165 0.00313 ( 1)
 185 L   0.77064 0.03562 0.18438 0.00937 ( 1)
 186 V   0.77869 0.02728 0.18661 0.00743 ( 1)
 187 P   0.79079 0.01468 0.19021 0.00432 ( 1)
 188 L   0.77077 0.03548 0.18441 0.00934 ( 1)
 189 L   0.75781 0.04888 0.18096 0.01235 ( 1)
 190 Q   0.77100 0.03524 0.18447 0.00928 ( 1)
 191 Q   0.77100 0.03524 0.18447 0.00928 ( 1)
 192 Q   0.77100 0.03524 0.18447 0.00928 ( 1)
 193 V   0.79045 0.01505 0.19009 0.00441 ( 1)
 194 K   0.79519 0.01003 0.19169 0.00309 ( 1)
 195 D   0.78863 0.01696 0.18952 0.00490 ( 1)
 196 T   0.79127 0.01423 0.19032 0.00419 ( 1)
 197 S   0.78751 0.01812 0.18918 0.00519 ( 1)
 198 L   0.75781 0.04888 0.18096 0.01235 ( 1)
 199 K   0.79315 0.01221 0.19097 0.00367 ( 1)
 200 G   0.79656 0.00855 0.19220 0.00269 ( 1)
 201 S   0.78751 0.01812 0.18918 0.00519 ( 1)
 202 F   0.78956 0.01599 0.18980 0.00465 ( 1)
 203 G   0.79628 0.00886 0.19209 0.00277 ( 1)
 204 V   0.77881 0.02716 0.18664 0.00739 ( 1)
 205 T   0.79217 0.01329 0.19060 0.00394 ( 1)
 206 R   0.79590 0.00927 0.19194 0.00288 ( 1)
 207 K   0.79315 0.01221 0.19097 0.00367 ( 1)
 208 E   0.78459 0.02116 0.18830 0.00594 ( 1)
 209 M   0.79713 0.00793 0.19242 0.00252 ( 1)
 210 E   0.78462 0.02114 0.18831 0.00594 ( 1)
 211 V   0.79045 0.01505 0.19009 0.00441 ( 1)
 212 S   0.78450 0.02121 0.18831 0.00598 ( 1)
 213 P   0.79090 0.01457 0.19023 0.00429 ( 1)
 214 S   0.79328 0.01206 0.19102 0.00364 ( 1)
 215 T   0.57329 0.22318 0.13789 0.06564 ( 1)
 216 E   0.78459 0.02116 0.18830 0.00594 ( 1)
 217 Q   0.77100 0.03524 0.18447 0.00928 ( 1)
 218 L   0.78217 0.02367 0.18760 0.00656 ( 1)
 219 V   0.79028 0.01521 0.19005 0.00446 ( 1)
 220 Q   0.77055 0.03568 0.18437 0.00940 ( 1)
 221 V   0.77639 0.03003 0.18572 0.00786 ( 1)
 222 Y   0.79009 0.01598 0.18951 0.00443 ( 1)
 223 E   0.78562 0.02057 0.18824 0.00557 ( 1)
 224 L   0.76539 0.04128 0.18283 0.01050 ( 1)
 225 T   0.78920 0.01684 0.18929 0.00467 ( 1)
 226 L   0.76850 0.03814 0.18362 0.00975 ( 1)
 227 H   0.59839 0.20054 0.14374 0.05734 ( 1)
 228 Y   0.79367 0.01220 0.19065 0.00349 ( 1)
 229 T   0.79371 0.01215 0.19066 0.00348 ( 1)
 230 Q   0.76920 0.03743 0.18379 0.00958 ( 1)
 231 H   0.78642 0.01974 0.18847 0.00537 ( 1)
 232 Q   0.78093 0.02551 0.18685 0.00671 ( 1)
 233 D   0.78709 0.01905 0.18866 0.00520 ( 1)
 234 H   0.78642 0.01974 0.18847 0.00537 ( 1)
 235 N   0.79853 0.00709 0.19226 0.00213 ( 1)
 236 V   0.79183 0.01415 0.19005 0.00398 ( 1)
 237 V   0.77750 0.02851 0.18628 0.00772 ( 1)
 238 T   0.79394 0.01200 0.19065 0.00341 ( 1)
 239 G   0.79562 0.01020 0.19123 0.00295 ( 1)
 240 A   0.78239 0.02383 0.18738 0.00640 ( 1)
 241 L   0.75657 0.05040 0.18051 0.01252 ( 1)
 242 E   0.78588 0.02028 0.18833 0.00551 ( 1)
 243 L   0.77967 0.02670 0.18658 0.00705 ( 1)
 244 L   0.75665 0.05032 0.18053 0.01250 ( 1)
 245 Q   0.77016 0.03649 0.18402 0.00933 ( 1)
 246 Q   0.77016 0.03649 0.18402 0.00933 ( 1)
 247 L   0.77727 0.02905 0.18600 0.00767 ( 1)
 248 L   0.78040 0.02598 0.18675 0.00686 ( 1)
 249 R   0.79277 0.01323 0.19028 0.00372 ( 1)
 250 T   0.79053 0.01555 0.18961 0.00431 ( 1)
 251 P   0.78715 0.01906 0.18862 0.00518 ( 1)
 252 P   0.78667 0.01950 0.18852 0.00531 ( 1)
 253 P   0.78715 0.01906 0.18862 0.00518 ( 1)
 254 E   0.78401 0.02228 0.18774 0.00597 ( 1)
 255 L   0.78055 0.02584 0.18679 0.00683 ( 1)
 256 L   0.75722 0.04976 0.18067 0.01236 ( 1)
 257 R   0.79362 0.01237 0.19052 0.00349 ( 1)
 258 A   0.00403 0.78561 0.00097 0.20939 ( 2)
 259 L   0.75722 0.04976 0.18067 0.01236 ( 1)
 260 T   0.79070 0.01538 0.18965 0.00426 ( 1)
 261 T   0.08022 0.70532 0.01924 0.19522 ( 2)
 262 A   0.64387 0.15593 0.15479 0.04541 ( 1)
 263 G   0.79657 0.00926 0.19148 0.00269 ( 1)
 264 G   0.79650 0.00933 0.19146 0.00271 ( 1)
 265 I   0.79072 0.01536 0.18966 0.00426 ( 1)
 266 G   0.11801 0.66211 0.02836 0.19152 ( 2)
 267 Q   0.03561 0.76349 0.00850 0.19240 ( 2)
 268 L   0.78055 0.02583 0.18679 0.00682 ( 1)
 269 T   0.79434 0.01154 0.19081 0.00330 ( 1)
 270 A   0.51042 0.28923 0.12227 0.07808 ( 1)
 271 A   0.48176 0.31823 0.11533 0.08468 ( 1)
 272 K   0.61915 0.18048 0.14873 0.05164 ( 1)
 273 D   0.50603 0.29379 0.12120 0.07898 ( 1)
 274 E   0.78355 0.02273 0.18763 0.00609 ( 1)
 275 P   0.79000 0.01608 0.18947 0.00445 ( 1)
 276 G   0.16041 0.61596 0.03862 0.18501 ( 2)
 277 C   0.79078 0.01527 0.18970 0.00425 ( 1)
 278 R   0.79237 0.01362 0.19018 0.00383 ( 1)
 279 S   0.78836 0.01777 0.18899 0.00487 ( 1)
 280 R   0.79620 0.00961 0.19139 0.00279 ( 1)
 281 S   0.78655 0.01964 0.18848 0.00533 ( 1)
 282 G   0.79236 0.01364 0.19017 0.00383 ( 1)
 283 S   0.78798 0.01814 0.18890 0.00497 ( 1)
 284 I   0.79029 0.01580 0.18954 0.00437 ( 1)
 285 V   0.77767 0.02877 0.18602 0.00754 ( 1)
 286 E   0.78355 0.02273 0.18763 0.00609 ( 1)
 287 L   0.78139 0.02495 0.18703 0.00662 ( 1)
 288 I   0.79991 0.00564 0.19274 0.00172 ( 1)
 289 A   0.77251 0.03455 0.18434 0.00860 ( 1)
 290 G   0.78461 0.02228 0.18744 0.00568 ( 1)
 291 G   0.78898 0.01783 0.18859 0.00460 ( 1)
 292 G   0.79337 0.01335 0.18978 0.00350 ( 1)
 293 S   0.77347 0.03357 0.18458 0.00837 ( 1)
 294 S   0.76803 0.03910 0.18321 0.00966 ( 1)
 295 C   0.78276 0.02415 0.18696 0.00613 ( 1)
 296 S   0.77807 0.02891 0.18575 0.00726 ( 1)
 297 P   0.77823 0.02875 0.18579 0.00723 ( 1)
 298 V   0.78144 0.02549 0.18662 0.00645 ( 1)
 299 L   0.77276 0.03429 0.18440 0.00854 ( 1)
 300 S   0.76775 0.03938 0.18314 0.00973 ( 1)
 301 R   0.78568 0.02118 0.18772 0.00541 ( 1)
 302 K   0.78475 0.02214 0.18747 0.00564 ( 1)
 303 Q   0.77314 0.03392 0.18450 0.00845 ( 1)
 304 K   0.78474 0.02214 0.18747 0.00564 ( 1)
 305 G   0.78558 0.02118 0.18778 0.00546 ( 1)
 306 K   0.54037 0.25649 0.12980 0.07334 ( 1)
 307 V   0.77292 0.03329 0.18498 0.00881 ( 1)
 308 L   0.77528 0.03085 0.18563 0.00824 ( 1)
 309 F   0.78428 0.02154 0.18816 0.00601 ( 1)
 310 G   0.78818 0.01748 0.18933 0.00500 ( 1)
 311 E   0.78233 0.02356 0.18760 0.00650 ( 1)
 312 A   0.77623 0.02992 0.18586 0.00800 ( 1)
 313 A   0.77561 0.03052 0.18571 0.00816 ( 1)
 314 A   0.78106 0.02490 0.18722 0.00681 ( 1)
 315 L   0.03197 0.76361 0.00764 0.19678 ( 2)
 316 E   0.77926 0.02677 0.18671 0.00726 ( 1)
 317 D   0.78080 0.02518 0.18715 0.00688 ( 1)
 318 D   0.78356 0.02231 0.18794 0.00619 ( 1)
 319 S   0.45663 0.34186 0.10938 0.09213 ( 1)
 320 E   0.77926 0.02677 0.18671 0.00726 ( 1)
 321 S   0.77214 0.03413 0.18474 0.00898 ( 1)
 322 R   0.79090 0.01467 0.19016 0.00428 ( 1)
 323 S   0.77198 0.03429 0.18470 0.00903 ( 1)
 324 D   0.78345 0.02242 0.18792 0.00621 ( 1)
 325 G   0.79270 0.01277 0.19074 0.00379 ( 1)
 326 S   0.78233 0.02359 0.18759 0.00650 ( 1)
 327 S   0.78233 0.02359 0.18759 0.00650 ( 1)
 328 P   0.78604 0.01974 0.18867 0.00555 ( 1)
 329 T   0.78624 0.01954 0.18873 0.00550 ( 1)
 330 F   0.78455 0.02129 0.18823 0.00594 ( 1)
 331 A   0.00193 0.78765 0.00046 0.20996 ( 2)
 332 A   0.78020 0.02574 0.18702 0.00704 ( 1)
 333 A   0.44472 0.35324 0.10654 0.09551 ( 1)
 334 V   0.56290 0.23334 0.13537 0.06839 ( 1)
 335 K   0.79497 0.01024 0.19163 0.00316 ( 1)
 336 G   0.79889 0.00605 0.19309 0.00197 ( 1)
 337 E   0.78430 0.02144 0.18823 0.00602 ( 1)
 338 V   0.00001 0.77528 0.00000 0.22471 ( 2)
 339 G   0.79753 0.00736 0.19271 0.00239 ( 1)
 340 G   0.68798 0.10977 0.16632 0.03593 ( 1)
 341 E   0.78430 0.02144 0.18823 0.00602 ( 1)
 342 L   0.75759 0.04911 0.18090 0.01240 ( 1)
 343 A   0.48599 0.31122 0.11656 0.08623 ( 1)
 344 A   0.78602 0.01965 0.18874 0.00558 ( 1)
 345 S   0.78288 0.02292 0.18781 0.00638 ( 1)
 346 S   0.78288 0.02292 0.18781 0.00638 ( 1)
 347 G   0.79607 0.00906 0.19204 0.00284 ( 1)
 348 V   0.79019 0.01530 0.19003 0.00448 ( 1)
 349 P   0.52025 0.27659 0.12490 0.07826 ( 1)
 350 T   0.79496 0.01025 0.19163 0.00316 ( 1)
 351 P   0.78777 0.01777 0.18933 0.00514 ( 1)
 352 G   0.62833 0.16894 0.15137 0.05136 ( 1)
 353 S   0.44809 0.34994 0.10735 0.09462 ( 1)
 354 A   0.78194 0.02390 0.18754 0.00662 ( 1)
 355 A   0.78603 0.01964 0.18875 0.00558 ( 1)
 356 D   0.09429 0.90571 0.00000 0.00000 ( 2)
 357 S   0.78288 0.02292 0.18781 0.00638 ( 1)
 358 G   0.05153 0.73581 0.01235 0.20031 ( 2)
 359 G   0.79890 0.00594 0.19320 0.00196 ( 1)
 360 H   0.78785 0.01775 0.18929 0.00510 ( 1)
 361 D   0.78838 0.01719 0.18946 0.00497 ( 1)
 362 I   0.79088 0.01457 0.19025 0.00430 ( 1)
 363 I   0.79088 0.01457 0.19025 0.00430 ( 1)
 364 T   0.79460 0.01060 0.19154 0.00327 ( 1)
 365 E   0.78430 0.02144 0.18823 0.00602 ( 1)
 366 Q   0.77071 0.03552 0.18440 0.00936 ( 1)
 367 P   0.79061 0.01486 0.19016 0.00437 ( 1)
 368 R   0.79578 0.00938 0.19191 0.00292 ( 1)
 369 S   0.44871 0.34934 0.10749 0.09446 ( 1)
 370 Q   0.77071 0.03552 0.18440 0.00936 ( 1)
 371 H   0.78774 0.01787 0.18926 0.00514 ( 1)
 372 T   0.79262 0.01273 0.19082 0.00382 ( 1)
 373 L   0.78218 0.02365 0.18761 0.00656 ( 1)
 374 Q   0.77071 0.03552 0.18440 0.00936 ( 1)
 375 T   0.57085 0.22552 0.13730 0.06633 ( 1)
 376 D   0.78838 0.01719 0.18946 0.00497 ( 1)
 377 S   0.79276 0.01256 0.19090 0.00379 ( 1)
 378 V   0.46474 0.32939 0.11163 0.09424 ( 1)
 379 D   0.78578 0.01990 0.18867 0.00564 ( 1)
 380 L   0.75783 0.04886 0.18096 0.01234 ( 1)
 381 T   0.79137 0.01388 0.19056 0.00418 ( 1)
 382 G   0.79635 0.00875 0.19215 0.00275 ( 1)
 383 C   0.50687 0.28993 0.12166 0.08154 ( 1)
 384 D   0.78838 0.01719 0.18946 0.00497 ( 1)
 385 L   0.77047 0.03578 0.18434 0.00942 ( 1)
 386 T   0.00021 0.77252 0.00005 0.22722 ( 2)
 387 S   0.78891 0.01663 0.18963 0.00483 ( 1)
 388 G   0.68685 0.11058 0.16610 0.03647 ( 1)
 389 A   0.78546 0.02020 0.18861 0.00574 ( 1)
 390 T   0.09410 0.67517 0.02268 0.20805 ( 2)
 391 D   0.78800 0.01763 0.18931 0.00506 ( 1)
 392 G   0.79607 0.00906 0.19204 0.00284 ( 1)
 393 D   0.78802 0.01753 0.18938 0.00506 ( 1)
 394 E   0.78430 0.02144 0.18823 0.00602 ( 1)
 395 E   0.78434 0.02141 0.18824 0.00601 ( 1)
 396 D   0.78838 0.01719 0.18946 0.00497 ( 1)
 397 I   0.79088 0.01457 0.19025 0.00430 ( 1)
 398 L   0.77067 0.03558 0.18438 0.00936 ( 1)
 399 S   0.78766 0.01798 0.18921 0.00515 ( 1)
 400 H   0.78816 0.01746 0.18936 0.00502 ( 1)
 401 S   0.78766 0.01798 0.18921 0.00515 ( 1)
 402 S   0.78631 0.01938 0.18880 0.00550 ( 1)
 403 S   0.78766 0.01798 0.18921 0.00515 ( 1)
 404 Q   0.77146 0.03480 0.18458 0.00917 ( 1)
 405 M   0.00024 0.99854 0.00000 0.00122 ( 2)
 406 S   0.78766 0.01798 0.18921 0.00515 ( 1)
 407 A   0.65203 0.34796 0.00000 0.00000 ( 1)
 408 V   0.00021 0.77316 0.00005 0.22659 ( 2)
 409 P   0.79269 0.01260 0.19091 0.00381 ( 1)
 410 S   0.78333 0.02249 0.18792 0.00626 ( 1)
 411 D   0.78880 0.01679 0.18956 0.00485 ( 1)
 412 P   0.78779 0.01785 0.18925 0.00512 ( 1)
 413 A   0.78647 0.01922 0.18885 0.00546 ( 1)
 414 M   0.65812 0.13894 0.15886 0.04407 ( 1)
 415 D   0.78880 0.01679 0.18956 0.00485 ( 1)
 416 L   0.75793 0.04877 0.18098 0.01232 ( 1)
 417 N   0.79989 0.00490 0.19357 0.00164 ( 1)
 418 D   0.78622 0.01948 0.18878 0.00552 ( 1)
 419 G   0.79639 0.00876 0.19211 0.00274 ( 1)
 420 T   0.79121 0.01426 0.19032 0.00420 ( 1)
 421 Q   0.77115 0.03510 0.18451 0.00924 ( 1)
 422 A   0.78647 0.01922 0.18885 0.00546 ( 1)
 423 S   0.78631 0.01938 0.18880 0.00550 ( 1)
 424 S   0.78333 0.02249 0.18792 0.00626 ( 1)
 425 P   0.79094 0.01463 0.19016 0.00427 ( 1)
 426 I   0.79128 0.01419 0.19034 0.00419 ( 1)
 427 S   0.78939 0.01617 0.18975 0.00469 ( 1)
 428 D   0.78880 0.01679 0.18956 0.00485 ( 1)
 429 S   0.78766 0.01798 0.18921 0.00515 ( 1)
 430 S   0.78631 0.01938 0.18880 0.00550 ( 1)
 431 Q   0.77115 0.03510 0.18451 0.00924 ( 1)
 432 T   0.79121 0.01426 0.19032 0.00420 ( 1)
 433 T   0.79121 0.01426 0.19032 0.00420 ( 1)
 434 T   0.79123 0.01424 0.19033 0.00420 ( 1)
 435 E   0.78475 0.02101 0.18834 0.00590 ( 1)
 436 G   0.79639 0.00876 0.19211 0.00274 ( 1)
 437 P   0.79095 0.01453 0.19024 0.00427 ( 1)
 438 D   0.78622 0.01948 0.18878 0.00552 ( 1)
 439 S   0.77751 0.02852 0.18626 0.00771 ( 1)
 440 A   0.78600 0.01978 0.18866 0.00557 ( 1)
 441 V   0.77897 0.02701 0.18667 0.00735 ( 1)
 442 T   0.79121 0.01426 0.19032 0.00420 ( 1)
 443 P   0.78779 0.01785 0.18925 0.00512 ( 1)
 444 S   0.78626 0.01947 0.18876 0.00551 ( 1)
 445 D   0.78880 0.01679 0.18956 0.00485 ( 1)
 446 S   0.78939 0.01617 0.18975 0.00469 ( 1)
 447 S   0.78333 0.02249 0.18792 0.00626 ( 1)
 448 E   0.78795 0.01768 0.18930 0.00507 ( 1)
 449 I   0.78925 0.01632 0.18970 0.00473 ( 1)
 450 V   0.78294 0.02346 0.18738 0.00622 ( 1)
 451 L   0.77694 0.02955 0.18581 0.00771 ( 1)
 452 D   0.78483 0.02145 0.18796 0.00576 ( 1)
 453 G   0.79883 0.00686 0.19226 0.00205 ( 1)
 454 A   0.78483 0.02144 0.18797 0.00577 ( 1)
 455 D   0.78749 0.01871 0.18871 0.00509 ( 1)
 456 S   0.78630 0.01994 0.18837 0.00540 ( 1)
 457 Q   0.76958 0.03709 0.18386 0.00947 ( 1)
 458 Y   0.79007 0.01605 0.18945 0.00443 ( 1)
 459 P   0.50285 0.29660 0.12046 0.08009 ( 1)
 460 G   0.79567 0.01022 0.19117 0.00294 ( 1)
 461 M   0.79662 0.00922 0.19149 0.00268 ( 1)
 462 Q   0.77336 0.03311 0.18492 0.00861 ( 1)
 463 A   0.08694 0.69961 0.02085 0.19260 ( 2)
 464 G   0.62729 0.17239 0.15072 0.04960 ( 1)
 465 Q   0.76958 0.03709 0.18386 0.00947 ( 1)
 466 P   0.07644 0.70958 0.01833 0.19565 ( 2)
 467 Q   0.39704 0.40475 0.09486 0.10336 ( 2)
 468 D   0.78736 0.01883 0.18868 0.00513 ( 1)
 469 E   0.49137 0.30859 0.11764 0.08240 ( 1)
 470 D   0.78738 0.01882 0.18869 0.00512 ( 1)
 471 E   0.78328 0.02304 0.18753 0.00615 ( 1)
 472 D   0.78734 0.01885 0.18868 0.00513 ( 1)
 473 A   0.05135 0.74051 0.01229 0.19586 ( 2)
 474 A   0.78094 0.02544 0.18689 0.00673 ( 1)
 475 A   0.45269 0.34809 0.10827 0.09095 ( 1)
 476 V   0.00459 0.77690 0.00110 0.21741 ( 2)
 477 L   0.78111 0.02527 0.18693 0.00669 ( 1)
 478 P   0.78643 0.01980 0.18841 0.00536 ( 1)
 479 D   0.50718 0.29269 0.12146 0.07866 ( 1)
 480 E   0.78660 0.01962 0.18846 0.00532 ( 1)
 481 D   0.78744 0.01876 0.18870 0.00511 ( 1)
 482 A   0.00002 0.99998 0.00000 0.00000 ( 2)
 483 E   0.78328 0.02304 0.18753 0.00615 ( 1)
 484 A   0.78081 0.02563 0.18681 0.00675 ( 1)
 485 F   0.79054 0.01556 0.18959 0.00431 ( 1)
 486 R   0.79224 0.01379 0.19010 0.00386 ( 1)
 487 N   0.17492 0.60113 0.04213 0.18182 ( 2)
 488 S   0.78182 0.02454 0.18713 0.00651 ( 1)
 489 S   0.78490 0.02138 0.18798 0.00575 ( 1)
 490 I   0.54814 0.25258 0.13128 0.06799 ( 1)
 491 A   0.78098 0.02540 0.18690 0.00672 ( 1)
 492 L   0.77818 0.02772 0.18652 0.00758 ( 1)
 493 Q   0.77855 0.02734 0.18662 0.00749 ( 1)
 494 Q   0.77855 0.02734 0.18662 0.00749 ( 1)
 495 A   0.44893 0.34898 0.10756 0.09453 ( 1)
