Supplemental results for CODEML (seqf: /home/leticiamagpali/phd/evol_models/codeml/big_dataset/cml_align/CNTNAP2_codon_aligned.phy  treef: /home/leticiamagpali/phd/evol_models/codeml/big_dataset/cml_trees/gene_trees/H1c_gene_trees/CNTNAP2_tree_H1c.tre)

I	J	ij	2Ns_IJ	pMut_IJ	pSub_IJ	2Ns_JI	pMut_JI	pSub_JI

TTC	TTT	CT	0.56883	0.06838	0.08966	-0.56883	0.12077	0.08966
TTA	TTT	AT	1.99092	0.00303	0.00698	-1.99092	0.02215	0.00698
TTA	TTC	AC	1.42209	0.00827	0.01549	-1.42209	0.03427	0.01549
TTG	TTT	GT	1.32589	0.00468	0.00845	-1.32589	0.01761	0.00845
TTG	TTC	GC	0.75707	0.01278	0.01822	-0.75707	0.02725	0.01822
TTG	TTA	GA	-0.66503	0.05927	0.04173	0.66503	0.03048	0.04173
TCT	TTT	CT	1.19531	0.03655	0.06264	-1.19531	0.12077	0.06264
TCC	TTC	CT	1.30595	0.05061	0.09066	-1.30595	0.18683	0.09066
TCC	TCT	CT	0.67947	0.05061	0.06974	-0.67947	0.09985	0.06974
TCA	TTA	CT	0.35609	0.02911	0.03460	-0.35609	0.04156	0.03460
TCA	TCT	AT	1.15170	0.00579	0.00975	-1.15170	0.01832	0.00975
TCA	TCC	AC	0.47224	0.01582	0.01985	-0.47224	0.02537	0.01985
TCG	TTG	CT	1.04627	0.02257	0.03641	-1.04627	0.06427	0.03641
TCG	TCT	GT	1.17686	0.00449	0.00764	-1.17686	0.01456	0.00764
TCG	TCC	GC	0.49739	0.01227	0.01557	-0.49739	0.02017	0.01557
TCG	TCA	GA	0.02515	0.05688	0.05760	-0.02515	0.05833	0.05760
TAT	TTT	AT	1.22389	0.00651	0.01129	-1.22389	0.02215	0.01129
TAT	TCT	AC	0.02859	0.01780	0.01805	-0.02859	0.01832	0.01805
TAC	TTC	AT	0.77344	0.01581	0.02271	-0.77344	0.03427	0.02271
TAC	TCC	AC	-0.53251	0.04320	0.03272	0.53251	0.02537	0.03272
TAC	TAT	CT	0.11837	0.07951	0.08430	-0.11837	0.08950	0.08430
TGT	TTT	GT	1.50533	0.00391	0.00756	-1.50533	0.01761	0.00756
TGT	TCT	GC	0.31002	0.01068	0.01242	-0.31002	0.01456	0.01242
TGT	TAT	GA	0.28143	0.04954	0.05683	-0.28143	0.06564	0.05683
TGC	TTC	GT	1.04912	0.00954	0.01541	-1.04912	0.02725	0.01541
TGC	TCC	GC	-0.25682	0.02608	0.02287	0.25682	0.02017	0.02287
TGC	TAC	GA	0.27569	0.12093	0.13837	-0.27569	0.15932	0.13837
TGC	TGT	CT	0.11262	0.04799	0.05074	-0.11262	0.05371	0.05074
TGG	TTG	GT	0.09781	0.00850	0.00892	-0.09781	0.00937	0.00892
TGG	TCG	GC	-0.94846	0.02323	0.01393	0.94846	0.00900	0.01393
TGG	TGT	GT	-0.08162	0.00850	0.00816	0.08162	0.00783	0.00816
TGG	TGC	GC	-0.19424	0.02323	0.02104	0.19424	0.01913	0.02104
CTT	TTT	CT	1.83411	0.01929	0.04211	-1.83411	0.12077	0.04211
CTC	TTC	CT	1.38068	0.04697	0.08663	-1.38068	0.18683	0.08663
CTC	CTT	CT	0.11540	0.04697	0.04973	-0.11540	0.05272	0.04973
CTA	TTA	CT	1.45303	0.00972	0.01843	-1.45303	0.04156	0.01843
CTA	CTT	AT	1.60985	0.00193	0.00389	-1.60985	0.00967	0.00389
CTA	CTC	AC	1.49445	0.00528	0.01018	-1.49445	0.02354	0.01018
CTG	TTG	CT	-0.12632	0.07292	0.06841	0.12632	0.06427	0.06841
CTG	CTT	GT	-0.63453	0.01450	0.01038	0.63453	0.00769	0.01038
CTG	CTC	GC	-0.74994	0.03963	0.02661	0.74994	0.01872	0.02661
CTG	CTA	GA	-2.24438	0.18376	0.04890	2.24438	0.01948	0.04890
CCT	TCT	CT	1.17269	0.03091	0.05249	-1.17269	0.09985	0.05249
CCT	CTT	CT	0.53389	0.03091	0.03989	-0.53389	0.05272	0.03989
CCC	TCC	CT	1.22195	0.04075	0.07060	-1.22195	0.13830	0.07060
CCC	CTC	CT	1.14721	0.04075	0.06850	-1.14721	0.12834	0.06850
CCC	CCT	CT	0.72873	0.04075	0.05738	-0.72873	0.08445	0.05738
CCA	TCA	CT	0.99932	0.02928	0.04631	-0.99932	0.07954	0.04631
CCA	CTA	CT	-0.09762	0.02928	0.02787	0.09762	0.02656	0.02787
CCA	CCT	AT	0.97834	0.00582	0.00913	-0.97834	0.01549	0.00913
CCA	CCC	AC	0.24961	0.01591	0.01798	-0.24961	0.02042	0.01798
CCG	TCG	CT	1.71457	0.01110	0.02322	-1.71457	0.06168	0.02322
CCG	CTG	CT	2.88717	0.01110	0.03395	-2.88717	0.19924	0.03395
CCG	CCT	GT	1.71875	0.00221	0.00463	-1.71875	0.01232	0.00463
CCG	CCC	GC	0.99001	0.00603	0.00951	-0.99001	0.01624	0.00951
CCG	CCA	GA	0.74041	0.02798	0.03961	-0.74041	0.05867	0.03961
CAT	TAT	CT	1.23986	0.02590	0.04520	-1.23986	0.08950	0.04520
CAT	CTT	AT	0.62964	0.00515	0.00694	-0.62964	0.00967	0.00694
CAT	CCT	AC	0.09576	0.01408	0.01476	-0.09576	0.01549	0.01476
CAC	TAC	CT	1.41582	0.05273	0.09858	-1.41582	0.21724	0.09858
CAC	CTC	AT	0.80858	0.01049	0.01529	-0.80858	0.02354	0.01529
CAC	CCC	AC	-0.33864	0.02865	0.02407	0.33864	0.02042	0.02407
CAC	CAT	CT	0.29433	0.05273	0.06087	-0.29433	0.07077	0.06087
CAA	CTA	AT	-0.41143	0.00735	0.00594	0.41143	0.00487	0.00594
CAA	CCA	AC	-0.31381	0.02008	0.01710	0.31381	0.01467	0.01710
CAA	CAT	AT	0.56877	0.00735	0.00964	-0.56877	0.01298	0.00964
CAA	CAC	AC	0.27444	0.02008	0.02297	-0.27444	0.02643	0.02297
CAG	CTG	AT	0.91263	0.01467	0.02237	-0.91263	0.03655	0.02237
CAG	CCG	AC	-1.97453	0.04009	0.01276	1.97453	0.00557	0.01276
CAG	CAT	GT	-0.35154	0.01467	0.01224	0.35154	0.01032	0.01224
CAG	CAC	GC	-0.64588	0.04009	0.02853	0.64588	0.02101	0.02853
CAG	CAA	GA	-0.92032	0.18590	0.11330	0.92032	0.07406	0.11330
CGT	TGT	CT	2.17549	0.00610	0.01497	-2.17549	0.05371	0.01497
CGT	CTT	GT	1.84671	0.00121	0.00266	-1.84671	0.00769	0.00266
CGT	CCT	GC	1.31283	0.00331	0.00595	-1.31283	0.01232	0.00595
CGT	CAT	GA	1.21707	0.01537	0.02657	-1.21707	0.05191	0.02657
CGC	TGC	CT	1.62180	0.02590	0.05235	-1.62180	0.13113	0.05235
CGC	CTC	GT	1.29024	0.00515	0.00917	-1.29024	0.01872	0.00917
CGC	CCC	GC	0.14303	0.01408	0.01511	-0.14303	0.01624	0.01511
CGC	CAC	GA	0.48167	0.06527	0.08225	-0.48167	0.10566	0.08225
CGC	CGT	CT	-0.44107	0.02590	0.02061	0.44107	0.01666	0.02061
CGA	CTA	GT	1.17716	0.00119	0.00203	-1.17716	0.00387	0.00203
CGA	CCA	GC	1.27478	0.00326	0.00577	-1.27478	0.01167	0.00577
CGA	CAA	GA	1.58859	0.01512	0.03019	-1.58859	0.07406	0.03019
CGA	CGT	AT	0.94029	0.00119	0.00184	-0.94029	0.00306	0.00184
CGA	CGC	AC	1.38136	0.00326	0.00602	-1.38136	0.01298	0.00602
CGG	TGG	CT	1.86695	0.01805	0.03987	-1.86695	0.11678	0.03987
CGG	CTG	GT	2.09109	0.00359	0.00857	-2.09109	0.02906	0.00857
CGG	CCG	GC	-0.79608	0.00981	0.00642	0.79608	0.00443	0.00642
CGG	CAG	GA	1.17845	0.04550	0.07745	-1.17845	0.14783	0.07745
CGG	CGT	GT	-0.39016	0.00359	0.00294	0.39016	0.00243	0.00294
CGG	CGC	GC	0.05091	0.00981	0.01006	-0.05091	0.01032	0.01006
CGG	CGA	GA	-1.33045	0.04550	0.02175	1.33045	0.01203	0.02175
ATT	TTT	AT	1.05002	0.00775	0.01252	-1.05002	0.02215	0.01252
ATT	CTT	AC	-0.78409	0.02118	0.01395	0.78409	0.00967	0.01395
ATC	TTC	AT	1.02235	0.01233	0.01969	-1.02235	0.03427	0.01969
ATC	CTC	AC	-0.35833	0.03368	0.02801	0.35833	0.02354	0.02801
ATC	ATT	CT	0.54116	0.06199	0.08026	-0.54116	0.10649	0.08026
ATA	TTA	AT	0.43406	0.00494	0.00609	-0.43406	0.00762	0.00609
ATA	CTA	AC	-1.01897	0.01349	0.00777	1.01897	0.00487	0.00777
ATA	ATT	AT	1.37497	0.00494	0.00909	-1.37497	0.01953	0.00909
ATA	ATC	AC	0.83381	0.01349	0.01989	-0.83381	0.03107	0.01989
ATG	TTG	AT	0.51396	0.00705	0.00902	-0.51396	0.01179	0.00902
ATG	CTG	AC	0.64028	0.01926	0.02609	-0.64028	0.03655	0.02609
ATG	ATT	GT	0.78983	0.00705	0.01020	-0.78983	0.01553	0.01020
ATG	ATC	GC	0.24867	0.01926	0.02176	-0.24867	0.02470	0.02176
ATG	ATA	GA	-0.58514	0.08934	0.06573	0.58514	0.04976	0.06573
ACT	TCT	AT	1.32638	0.00486	0.00878	-1.32638	0.01832	0.00878
ACT	CCT	AC	0.15369	0.01328	0.01433	-0.15369	0.01549	0.01433
ACT	ATT	CT	1.47167	0.02444	0.04669	-1.47167	0.10649	0.04669
ACC	TCC	AT	0.65962	0.01312	0.01791	-0.65962	0.02537	0.01791
ACC	CCC	AC	-0.56234	0.03584	0.02670	0.56234	0.02042	0.02670
ACC	ATC	CT	0.94321	0.06595	0.10187	-0.94321	0.16937	0.10187
ACC	ACT	CT	0.01271	0.06595	0.06637	-0.01271	0.06679	0.06637
ACA	TCA	AT	0.87377	0.00609	0.00913	-0.87377	0.01459	0.00913
ACA	CCA	AC	-0.12555	0.01664	0.01561	0.12555	0.01467	0.01561
ACA	ATA	CT	0.79580	0.03062	0.04440	-0.79580	0.06785	0.04440
ACA	ACT	AT	0.69910	0.00609	0.00846	-0.69910	0.01225	0.00846
ACA	ACC	AC	0.68639	0.01664	0.02299	-0.68639	0.03305	0.02299
ACG	TCG	AT	0.91993	0.00451	0.00690	-0.91993	0.01131	0.00690
ACG	CCG	AC	-0.79464	0.01232	0.00807	0.79464	0.00557	0.00807
ACG	ATG	CT	1.45225	0.02267	0.04298	-1.45225	0.09687	0.04298
ACG	ACT	GT	0.77042	0.00451	0.00647	-0.77042	0.00974	0.00647
ACG	ACC	GC	0.75771	0.01232	0.01757	-0.75771	0.02628	0.01757
ACG	ACA	GA	0.07132	0.05713	0.05919	-0.07132	0.06135	0.05919
AAT	TAT	AT	0.43212	0.01066	0.01312	-0.43212	0.01642	0.01312
AAT	CAT	AC	-0.80773	0.02911	0.01892	0.80773	0.01298	0.01892
AAT	ATT	AT	0.60600	0.01066	0.01421	-0.60600	0.01953	0.01421
AAT	ACT	AC	-0.86566	0.02911	0.01831	0.86566	0.01225	0.01831
AAC	TAC	AT	0.80455	0.01782	0.02594	-0.80455	0.03985	0.02594
AAC	CAC	AC	-0.61128	0.04870	0.03532	0.61128	0.02643	0.03532
AAC	ATC	AT	0.55563	0.01782	0.02323	-0.55563	0.03107	0.02323
AAC	ACC	AC	-0.38758	0.04870	0.03987	0.38758	0.03305	0.03987
AAC	AAT	CT	0.49079	0.08961	0.11340	-0.49079	0.14640	0.11340
AAA	CAA	AC	-0.53827	0.03173	0.02395	0.53827	0.01852	0.02395
AAA	ATA	AT	0.06927	0.01161	0.01202	-0.06927	0.01245	0.01202
AAA	ACA	AC	-0.72652	0.03173	0.02159	0.72652	0.01534	0.02159
AAA	AAT	AT	0.83824	0.01161	0.01715	-0.83824	0.02685	0.01715
AAA	AAC	AC	0.34745	0.03173	0.03756	-0.34745	0.04491	0.03756
AAG	CAG	AC	0.16927	0.03121	0.03393	-0.16927	0.03697	0.03393
AAG	ATG	AT	0.44163	0.01142	0.01413	-0.44163	0.01777	0.01413
AAG	ACG	AC	-1.01062	0.03121	0.01805	1.01062	0.01136	0.01805
AAG	AAT	GT	0.62546	0.01142	0.01537	-0.62546	0.02135	0.01537
AAG	AAC	GC	0.13466	0.03121	0.03336	-0.13466	0.03571	0.03336
AAG	AAA	GA	-0.21278	0.14475	0.12990	0.21278	0.11701	0.12990
AGT	TGT	AT	0.14073	0.00856	0.00917	-0.14073	0.00985	0.00917
AGT	CGT	AC	-2.03476	0.02338	0.00715	2.03476	0.00306	0.00715
AGT	ATT	GT	0.59604	0.00856	0.01136	-0.59604	0.01553	0.01136
AGT	ACT	GC	-0.87563	0.02338	0.01462	0.87563	0.00974	0.01462
AGT	AAT	GA	-0.00996	0.10844	0.10790	0.00996	0.10737	0.10790
AGC	TGC	AT	0.64010	0.01268	0.01717	-0.64010	0.02405	0.01717
AGC	CGC	AC	-0.98170	0.03465	0.02038	0.98170	0.01298	0.02038
AGC	ATC	GT	0.66687	0.01268	0.01738	-0.66687	0.02470	0.01738
AGC	ACC	GC	-0.27634	0.03465	0.03008	0.27634	0.02628	0.03008
AGC	AAC	GA	0.11124	0.16067	0.16977	-0.11124	0.17958	0.16977
AGC	AGT	CT	0.61199	0.06376	0.08525	-0.61199	0.11758	0.08525
AGA	CGA	AC	-1.57278	0.01450	0.00597	1.57278	0.00301	0.00597
AGA	ATA	GT	0.62335	0.00531	0.00713	-0.62335	0.00990	0.00713
AGA	ACA	GC	-0.17244	0.01450	0.01328	0.17244	0.01220	0.01328
AGA	AAA	GA	0.55408	0.06723	0.08757	-0.55408	0.11701	0.08757
AGA	AGT	AT	1.40228	0.00531	0.00987	-1.40228	0.02157	0.00987
AGA	AGC	AC	0.79029	0.01450	0.02097	-0.79029	0.03195	0.02097
AGG	TGG	AT	1.25628	0.00610	0.01071	-1.25628	0.02142	0.01071
AGG	CGG	AC	-0.61068	0.01666	0.01209	0.61068	0.00905	0.01209
AGG	ATG	GT	0.84014	0.00610	0.00902	-0.84014	0.01413	0.00902
AGG	ACG	GC	-0.61211	0.01666	0.01208	0.61211	0.00904	0.01208
AGG	AAG	GA	0.39851	0.07727	0.09369	-0.39851	0.11511	0.09369
AGG	AGT	GT	1.03393	0.00610	0.00979	-1.03393	0.01715	0.00979
AGG	AGC	GC	0.42194	0.01666	0.02043	-0.42194	0.02541	0.02043
AGG	AGA	GA	-0.36835	0.07727	0.06391	0.36835	0.05346	0.06391
GTT	TTT	GT	1.22291	0.00519	0.00899	-1.22291	0.01761	0.00899
GTT	CTT	GC	-0.61119	0.01417	0.01028	0.61119	0.00769	0.01028
GTT	ATT	GA	0.17290	0.06570	0.07155	-0.17290	0.07810	0.07155
GTC	TTC	GT	1.12047	0.00889	0.01478	-1.12047	0.02725	0.01478
GTC	CTC	GC	-0.26021	0.02428	0.02126	0.26021	0.01872	0.02126
GTC	ATC	GA	0.09812	0.11261	0.11822	-0.09812	0.12421	0.11822
GTC	GTT	CT	0.46638	0.04469	0.05591	-0.46638	0.07124	0.05591
GTA	TTA	GT	0.78006	0.00278	0.00400	-0.78006	0.00606	0.00400
GTA	CTA	GC	-0.67297	0.00759	0.00532	0.67297	0.00387	0.00532
GTA	ATA	GA	0.34600	0.03521	0.04165	-0.34600	0.04976	0.04165
GTA	GTT	AT	1.54807	0.00278	0.00546	-1.54807	0.01307	0.00546
GTA	GTC	AC	1.08169	0.00759	0.01242	-1.08169	0.02239	0.01242
GTG	TTG	GT	-0.40284	0.01402	0.01139	0.40284	0.00937	0.01139
GTG	CTG	GC	-0.27652	0.03832	0.03326	0.27652	0.02906	0.03326
GTG	ATG	GA	-0.91680	0.17769	0.10852	0.91680	0.07104	0.10852
GTG	GTT	GT	-0.29986	0.01402	0.01203	0.29986	0.01039	0.01203
GTG	GTC	GC	-0.76624	0.03832	0.02549	0.76624	0.01781	0.02549
GTG	GTA	GA	-1.84793	0.17769	0.06142	1.84793	0.02800	0.06142
GCT	TCT	GT	1.13884	0.00466	0.00781	-1.13884	0.01456	0.00781
GCT	CCT	GC	-0.03385	0.01274	0.01253	0.03385	0.01232	0.01253
GCT	ACT	GA	-0.18754	0.05909	0.05372	0.18754	0.04898	0.05372
GCT	GTT	CT	1.11123	0.02345	0.03884	-1.11123	0.07124	0.03884
GCC	TCC	GT	0.42496	0.01319	0.01619	-0.42496	0.02017	0.01619
GCC	CCC	GC	-0.79699	0.03603	0.02356	0.79699	0.01624	0.02356
GCC	ACC	GA	-0.23466	0.16710	0.14826	0.23466	0.13215	0.14826
GCC	GTC	CT	0.61043	0.06631	0.08860	-0.61043	0.12210	0.08860
GCC	GCT	CT	-0.03441	0.06631	0.06518	0.03441	0.06407	0.06518
GCA	TCA	GT	0.71192	0.00569	0.00796	-0.71192	0.01160	0.00796
GCA	CCA	GC	-0.28740	0.01555	0.01343	0.28740	0.01167	0.01343
GCA	ACA	GA	-0.16185	0.07213	0.06645	0.16185	0.06135	0.06645
GCA	GTA	CT	0.28794	0.02862	0.03294	-0.28794	0.03818	0.03294
GCA	GCT	AT	0.72478	0.00569	0.00800	-0.72478	0.01175	0.00800
GCA	GCC	AC	0.75920	0.01555	0.02220	-0.75920	0.03323	0.02220
GCG	TCG	GT	1.17135	0.00279	0.00473	-1.17135	0.00900	0.00473
GCG	CCG	GC	-0.54322	0.00762	0.00574	0.54322	0.00443	0.00574
GCG	ACG	GA	0.25142	0.03533	0.03996	-0.25142	0.04543	0.03996
GCG	GTG	CT	2.62046	0.01402	0.03962	-2.62046	0.19267	0.03962
GCG	GCT	GT	1.20937	0.00279	0.00481	-1.20937	0.00934	0.00481
GCG	GCC	GC	1.24378	0.00762	0.01331	-1.24378	0.02643	0.01331
GCG	GCA	GA	0.48458	0.03533	0.04458	-0.48458	0.05736	0.04458
GAT	TAT	GT	-0.04939	0.01371	0.01338	0.04939	0.01305	0.01338
GAT	CAT	GC	-1.28925	0.03747	0.01837	1.28925	0.01032	0.01837
GAT	AAT	GA	-0.48152	0.17378	0.13528	0.48152	0.10737	0.13528
GAT	GTT	AT	-0.04841	0.01371	0.01339	0.04841	0.01307	0.01339
GAT	GCT	AC	-1.15964	0.03747	0.01985	1.15964	0.01175	0.01985
GAC	TAC	GT	0.76666	0.01472	0.02108	-0.76666	0.03169	0.02108
GAC	CAC	GC	-0.64917	0.04022	0.02857	0.64917	0.02101	0.02857
GAC	AAC	GA	-0.03789	0.18651	0.18300	0.03789	0.17958	0.18300
GAC	GTC	AT	0.41962	0.01472	0.01802	-0.41962	0.02239	0.01802
GAC	GCC	AC	-0.19081	0.04022	0.03650	0.19081	0.03323	0.03650
GAC	GAT	CT	0.93442	0.07401	0.11390	-0.93442	0.18842	0.11390
GAA	CAA	GC	-0.57783	0.02625	0.01939	0.57783	0.01473	0.01939
GAA	AAA	GA	-0.03956	0.12173	0.11934	0.03956	0.11701	0.11934
GAA	GTA	AT	-0.31628	0.00961	0.00817	0.31628	0.00700	0.00817
GAA	GCA	AC	-0.60423	0.02625	0.01911	0.60423	0.01435	0.01911
GAA	GAT	AT	1.28020	0.00961	0.01703	-1.28020	0.03456	0.01703
GAA	GAC	AC	0.34578	0.02625	0.03105	-0.34578	0.03709	0.03105
GAG	CAG	GC	-0.25592	0.03797	0.03332	0.25592	0.02940	0.03332
GAG	AAG	GA	-0.42519	0.17610	0.14131	0.42519	0.11511	0.14131
GAG	GTG	AT	0.93323	0.01390	0.02138	-0.93323	0.03534	0.02138
GAG	GCG	AC	-1.68723	0.03797	0.01455	1.68723	0.00703	0.01455
GAG	GAT	GT	0.68178	0.01390	0.01917	-0.68178	0.02748	0.01917
GAG	GAC	GC	-0.25264	0.03797	0.03338	0.25264	0.02950	0.03338
GAG	GAA	GA	-0.59842	0.17610	0.12864	0.59842	0.09680	0.12864
GGT	TGT	GT	0.50333	0.00474	0.00603	-0.50333	0.00783	0.00603
GGT	CGT	GC	-1.67216	0.01294	0.00500	1.67216	0.00243	0.00500
GGT	AGT	GA	0.36260	0.06001	0.07154	-0.36260	0.08623	0.07154
GGT	GTT	GT	0.78574	0.00474	0.00684	-0.78574	0.01039	0.00684
GGT	GCT	GC	-0.32549	0.01294	0.01095	0.32549	0.00934	0.01095
GGT	GAT	GA	0.83416	0.06001	0.08847	-0.83416	0.13819	0.08847
GGC	TGC	GT	0.38240	0.01305	0.01570	-0.38240	0.01913	0.01570
GGC	CGC	GC	-1.23940	0.03565	0.01801	1.23940	0.01032	0.01801
GGC	AGC	GA	-0.25770	0.16533	0.14494	0.25770	0.12777	0.14494
GGC	GTC	GT	0.31105	0.01305	0.01518	-0.31105	0.01781	0.01518
GGC	GCC	GC	-0.29938	0.03565	0.03058	0.29938	0.02643	0.03058
GGC	GAC	GA	-0.10857	0.16533	0.15651	0.10857	0.14832	0.15651
GGC	GGT	CT	-0.00831	0.06561	0.06534	0.00831	0.06506	0.06534
GGA	CGA	GC	-2.61991	0.03285	0.00676	2.61991	0.00239	0.00676
GGA	AGA	GA	-1.04714	0.15234	0.08625	1.04714	0.05346	0.08625
GGA	GTA	GT	-0.76978	0.01202	0.00798	0.76978	0.00557	0.00798
GGA	GCA	GC	-1.05773	0.03285	0.01848	1.05773	0.01141	0.01848
GGA	GAA	GA	-0.45350	0.15234	0.12040	0.45350	0.09680	0.12040
GGA	GGT	AT	-0.00745	0.01202	0.01198	0.00745	0.01193	0.01198
GGA	GGC	AC	0.00085	0.03285	0.03287	-0.00085	0.03288	0.03287
GGG	TGG	GT	0.30278	0.01258	0.01459	-0.30278	0.01703	0.01459
GGG	CGG	GC	-1.56417	0.03438	0.01423	1.56417	0.00720	0.01423
GGG	AGG	GA	-0.95350	0.15945	0.09533	0.95350	0.06145	0.09533
GGG	GTG	GT	0.80343	0.01258	0.01831	-0.80343	0.02810	0.01831
GGG	GCG	GC	-1.81703	0.03438	0.01212	1.81703	0.00559	0.01212
GGG	GAG	GA	-0.12979	0.15945	0.14932	0.12979	0.14004	0.14932
GGG	GGT	GT	-0.28217	0.01258	0.01089	0.28217	0.00949	0.01089
GGG	GGC	GC	-0.27386	0.03438	0.02989	0.27386	0.02615	0.02989
GGG	GGA	GA	-0.27472	0.15945	0.13855	0.27472	0.12115	0.13855


Histograms
2Ns	FMut	FSub(CodonUsage)	FSubw(after w)

-2.74968	0.02036	0.00432
-2.47471	0.00000	0.00000
-2.19974	0.01278	0.00389
-1.92478	0.02603	0.00995
-1.64981	0.01926	0.00857
-1.37484	0.06397	0.03358
-1.09987	0.07170	0.04359
-0.82490	0.09886	0.07011
-0.54994	0.13449	0.11332
-0.27497	0.11881	0.11569
0.00000	0.17316	0.19395
0.27497	0.09026	0.11569
0.54994	0.07798	0.11332
0.82490	0.04208	0.07011
1.09987	0.02341	0.04359
1.37484	0.01636	0.03358
1.64981	0.00377	0.00857
1.92478	0.00402	0.00995
2.19974	0.00140	0.00389
2.47471	0.00000	0.00000
2.74968	0.00132	0.00432

Proportion of advantageous (S > 0) mutations:
 0.34394

Proportions of good & bad mutations (|S| > 2.0000) among mutations:
0.00286  0.03426

mean |Ns| = 0.70788	mean Ns+ = 0.51625	mean Ns- = -0.80834


MLEs of dN/dS (w) for site classes (K=4)

site class             0        1       2a       2b
proportion       0.89992  0.06780  0.03002  0.00226
background w     0.03926  1.00000  0.03926  1.00000
foreground w     0.03926  1.00000  1.00000  1.00000

Naive Empirical Bayes (NEB) probabilities for 4 classes
(amino acids refer to 1st sequence: Bacu)

   1 -   0.95681 0.02099 0.02150 0.00070 ( 1)
   2 -   0.95919 0.01922 0.02094 0.00064 ( 1)
   3 -   0.95514 0.02229 0.02183 0.00074 ( 1)
   4 -   0.95941 0.01906 0.02089 0.00064 ( 1)
   5 -   0.94914 0.02678 0.02319 0.00089 ( 1)
   6 -   0.96005 0.01860 0.02073 0.00062 ( 1)
   7 -   0.94049 0.03367 0.02472 0.00112 ( 1)
   8 -   0.94990 0.02624 0.02298 0.00088 ( 1)
   9 -   0.94619 0.02914 0.02370 0.00097 ( 1)
  10 -   0.95300 0.02386 0.02234 0.00080 ( 1)
  11 -   0.95774 0.02030 0.02129 0.00068 ( 1)
  12 -   0.95941 0.01906 0.02089 0.00064 ( 1)
  13 -   0.96572 0.01456 0.01924 0.00049 ( 1)
  14 -   0.96096 0.01801 0.02043 0.00060 ( 1)
  15 -   0.94769 0.02796 0.02342 0.00093 ( 1)
  16 -   0.96475 0.01523 0.01951 0.00051 ( 1)
  17 -   0.96389 0.01586 0.01973 0.00053 ( 1)
  18 -   0.94157 0.03286 0.02447 0.00110 ( 1)
  19 -   0.60479 0.36882 0.01409 0.01230 ( 1)
  20 -   0.94990 0.02624 0.02298 0.00088 ( 1)
  21 M   0.77365 0.20569 0.01379 0.00686 ( 1)
  22 S   0.94996 0.02613 0.02305 0.00087 ( 1)
  23 G   0.95271 0.02402 0.02246 0.00080 ( 1)
  24 S   0.96498 0.01500 0.01952 0.00050 ( 1)
  25 Y   0.95286 0.02391 0.02243 0.00080 ( 1)
  26 S   0.95015 0.02599 0.02299 0.00087 ( 1)
  27 P   0.95081 0.02548 0.02286 0.00085 ( 1)
  28 G   0.95910 0.01923 0.02103 0.00064 ( 1)
  29 Y   0.95286 0.02391 0.02243 0.00080 ( 1)
  30 A   0.95529 0.02206 0.02191 0.00074 ( 1)
  31 K   0.96071 0.01805 0.02063 0.00060 ( 1)
  32 I   0.95621 0.02137 0.02170 0.00071 ( 1)
  33 N   0.96085 0.01795 0.02060 0.00060 ( 1)
  34 K   0.96071 0.01805 0.02063 0.00060 ( 1)
  35 R   0.96750 0.01326 0.01880 0.00044 ( 1)
  36 G   0.95243 0.02430 0.02246 0.00081 ( 1)
  37 G   0.96897 0.01219 0.01843 0.00041 ( 1)
  38 A   0.96092 0.01789 0.02059 0.00060 ( 1)
  39 G   0.95223 0.02432 0.02264 0.00081 ( 1)
  40 G   0.94641 0.02890 0.02372 0.00096 ( 1)
  41 W   0.93546 0.03769 0.02560 0.00126 ( 1)
  42 S   0.95013 0.02600 0.02300 0.00087 ( 1)
  43 P   0.94915 0.02676 0.02320 0.00089 ( 1)
  44 S   0.94135 0.03292 0.02463 0.00110 ( 1)
  45 D   0.96469 0.01520 0.01961 0.00051 ( 1)
  46 S   0.95791 0.02010 0.02132 0.00067 ( 1)
  47 D   0.96469 0.01520 0.01961 0.00051 ( 1)
  48 H   0.95961 0.01885 0.02091 0.00063 ( 1)
  49 Y   0.95283 0.02392 0.02245 0.00080 ( 1)
  50 Q   0.94250 0.03200 0.02443 0.00107 ( 1)
  51 W   0.93546 0.03769 0.02560 0.00126 ( 1)
  52 L   0.96026 0.01837 0.02075 0.00061 ( 1)
  53 Q   0.93785 0.03574 0.02522 0.00119 ( 1)
  54 V   0.95876 0.01947 0.02112 0.00065 ( 1)
  55 D   0.96469 0.01520 0.01961 0.00051 ( 1)
  56 F   0.94370 0.03105 0.02422 0.00104 ( 1)
  57 G   0.95907 0.01924 0.02104 0.00064 ( 1)
  58 N   0.07124 0.86065 0.03940 0.02871 ( 2)
  59 R   0.96747 0.01327 0.01882 0.00044 ( 1)
  60 K   0.48952 0.23453 0.26812 0.00782 ( 1)
  61 Q   0.93785 0.03574 0.02522 0.00119 ( 1)
  62 I   0.95618 0.02139 0.02172 0.00071 ( 1)
  63 S   0.95791 0.02010 0.02132 0.00067 ( 1)
  64 A   0.95526 0.02208 0.02192 0.00074 ( 1)
  65 I   0.72269 0.25472 0.01409 0.00850 ( 1)
  66 A   0.95747 0.02043 0.02142 0.00068 ( 1)
  67 T   0.95745 0.02044 0.02143 0.00068 ( 1)
  68 Q   0.94250 0.03200 0.02443 0.00107 ( 1)
  69 G   0.94651 0.02881 0.02372 0.00096 ( 1)
  70 R   0.97135 0.01068 0.01761 0.00036 ( 1)
  71 Y   0.94881 0.02702 0.02326 0.00090 ( 1)
  72 S   0.96495 0.01502 0.01954 0.00050 ( 1)
  73 S   0.96495 0.01502 0.01954 0.00050 ( 1)
  74 S   0.94135 0.03292 0.02463 0.00110 ( 1)
  75 D   0.96469 0.01520 0.01961 0.00051 ( 1)
  76 W   0.93546 0.03769 0.02560 0.00126 ( 1)
  77 V   0.94070 0.03344 0.02474 0.00112 ( 1)
  78 T   0.95745 0.02044 0.02143 0.00068 ( 1)
  79 Q   0.94250 0.03200 0.02443 0.00107 ( 1)
  80 Y   0.94881 0.02702 0.02326 0.00090 ( 1)
  81 R   0.96812 0.01283 0.01863 0.00043 ( 1)
  82 M   0.76128 0.21788 0.01358 0.00727 ( 1)
  83 L   0.95323 0.02362 0.02236 0.00079 ( 1)
  84 Y   0.94881 0.02702 0.02326 0.00090 ( 1)
  85 S   0.96467 0.01515 0.01968 0.00051 ( 1)
  86 D   0.96469 0.01520 0.01961 0.00051 ( 1)
  87 T   0.95768 0.02027 0.02137 0.00068 ( 1)
  88 G   0.95247 0.02414 0.02258 0.00081 ( 1)
  89 R   0.97112 0.01076 0.01775 0.00036 ( 1)
  90 N   0.96187 0.01714 0.02041 0.00057 ( 1)
  91 W   0.93530 0.03778 0.02566 0.00126 ( 1)
  92 K   0.95681 0.02086 0.02163 0.00070 ( 1)
  93 P   0.95771 0.02020 0.02142 0.00067 ( 1)
  94 Y   0.94861 0.02713 0.02335 0.00091 ( 1)
  95 H   0.95939 0.01895 0.02103 0.00063 ( 1)
  96 Q   0.94232 0.03210 0.02451 0.00107 ( 1)
  97 D   0.43463 0.28917 0.26655 0.00965 ( 1)
  98 G   0.95239 0.02422 0.02257 0.00081 ( 1)
  99 N   0.96187 0.01714 0.02041 0.00057 ( 1)
 100 I   0.95597 0.02149 0.02182 0.00072 ( 1)
 101 W   0.93382 0.03903 0.02585 0.00130 ( 1)
 102 A   0.95327 0.02292 0.02304 0.00076 ( 1)
 103 F   0.94210 0.03193 0.02490 0.00107 ( 1)
 104 P   0.94903 0.02641 0.02368 0.00088 ( 1)
 105 G   0.95336 0.02346 0.02240 0.00078 ( 1)
 106 N   0.95890 0.01885 0.02162 0.00063 ( 1)
 107 V   0.03479 0.44068 0.50983 0.01470 ( 3)
 108 N   0.95983 0.01843 0.02113 0.00061 ( 1)
 109 S   0.95287 0.02365 0.02269 0.00079 ( 1)
 110 D   0.95111 0.02501 0.02304 0.00083 ( 1)
 111 S   0.95756 0.02008 0.02170 0.00067 ( 1)
 112 V   0.93991 0.03389 0.02507 0.00113 ( 1)
 113 V   0.95779 0.01993 0.02161 0.00067 ( 1)
 114 R   0.96914 0.01185 0.01861 0.00040 ( 1)
 115 H   0.95864 0.01930 0.02142 0.00064 ( 1)
 116 D   0.95111 0.02501 0.02304 0.00083 ( 1)
 117 L   0.94910 0.02658 0.02343 0.00089 ( 1)
 118 Q   0.93710 0.03618 0.02552 0.00121 ( 1)
 119 H   0.95862 0.01931 0.02142 0.00064 ( 1)
 120 P   0.94823 0.02725 0.02360 0.00091 ( 1)
 121 V   0.50670 0.21176 0.27448 0.00706 ( 1)
 122 I   0.95489 0.02219 0.02218 0.00074 ( 1)
 123 A   0.95431 0.02255 0.02238 0.00075 ( 1)
 124 R   0.96711 0.01324 0.01922 0.00044 ( 1)
 125 Y   0.50485 0.34054 0.14325 0.01136 ( 1)
 126 V   0.38117 0.34908 0.25810 0.01165 ( 1)
 127 R   0.96711 0.01324 0.01922 0.00044 ( 1)
 128 I   0.00128 0.96617 0.00032 0.03223 ( 2)
 129 V   0.93991 0.03389 0.02507 0.00113 ( 1)
 130 P   0.94990 0.02595 0.02329 0.00087 ( 1)
 131 L   0.92347 0.04751 0.02744 0.00159 ( 1)
 132 D   0.95118 0.02494 0.02305 0.00083 ( 1)
 133 W   0.93475 0.03810 0.02588 0.00127 ( 1)
 134 N   0.95985 0.01840 0.02113 0.00061 ( 1)
 135 G   0.94554 0.02938 0.02410 0.00098 ( 1)
 136 E   0.96397 0.01543 0.02009 0.00051 ( 1)
 137 G   0.95809 0.01971 0.02154 0.00066 ( 1)
 138 R   0.96711 0.01324 0.01922 0.00044 ( 1)
 139 I   0.00228 0.96546 0.00005 0.03221 ( 2)
 140 G   0.95172 0.02454 0.02292 0.00082 ( 1)
 141 L   0.95229 0.02410 0.02281 0.00080 ( 1)
 142 R   0.97032 0.01107 0.01824 0.00037 ( 1)
 143 I   0.50425 0.34254 0.14179 0.01143 ( 1)
 144 E   0.95863 0.01930 0.02142 0.00064 ( 1)
 145 V   0.48615 0.23438 0.27166 0.00782 ( 1)
 146 Y   0.94804 0.02740 0.02365 0.00091 ( 1)
 147 G   0.95809 0.01971 0.02154 0.00066 ( 1)
 148 C   0.95850 0.01942 0.02143 0.00065 ( 1)
 149 S   0.94922 0.02648 0.02342 0.00088 ( 1)
 150 Y   0.94792 0.02750 0.02366 0.00092 ( 1)
 151 W   0.93530 0.03778 0.02566 0.00126 ( 1)
 152 A   0.96214 0.01687 0.02042 0.00056 ( 1)
 153 D   0.95328 0.02346 0.02248 0.00078 ( 1)
 154 V   0.96000 0.01843 0.02096 0.00061 ( 1)
 155 I   0.95743 0.02033 0.02157 0.00068 ( 1)
 156 N   0.96204 0.01695 0.02045 0.00057 ( 1)
 157 F   0.94488 0.03001 0.02411 0.00100 ( 1)
 158 D   0.95328 0.02346 0.02248 0.00078 ( 1)
 159 G   0.96876 0.01247 0.01835 0.00042 ( 1)
 160 H   0.96084 0.01782 0.02075 0.00059 ( 1)
 161 V   0.96018 0.01833 0.02088 0.00061 ( 1)
 162 V   0.94185 0.03243 0.02465 0.00108 ( 1)
 163 L   0.95122 0.02504 0.02290 0.00084 ( 1)
 164 P   0.95050 0.02557 0.02308 0.00085 ( 1)
 165 Y   0.95407 0.02285 0.02231 0.00076 ( 1)
 166 R   0.97242 0.00984 0.01741 0.00033 ( 1)
 167 F   0.94913 0.02666 0.02332 0.00089 ( 1)
 168 R   0.97242 0.00984 0.01741 0.00033 ( 1)
 169 N   0.96204 0.01695 0.02045 0.00057 ( 1)
 170 K   0.96191 0.01704 0.02048 0.00057 ( 1)
 171 K   0.96191 0.01704 0.02048 0.00057 ( 1)
 172 M   0.97324 0.00932 0.01713 0.00031 ( 1)
 173 K   0.95829 0.01968 0.02137 0.00066 ( 1)
 174 T   0.95892 0.01922 0.02122 0.00064 ( 1)
 175 L   0.92479 0.04645 0.02721 0.00155 ( 1)
 176 K   0.95844 0.01953 0.02137 0.00065 ( 1)
 177 D   0.95348 0.02336 0.02238 0.00078 ( 1)
 178 V   0.96241 0.01668 0.02035 0.00056 ( 1)
 179 I   0.95309 0.02353 0.02260 0.00078 ( 1)
 180 A   0.67301 0.30261 0.01429 0.01010 ( 1)
 181 L   0.94741 0.02801 0.02365 0.00093 ( 1)
 182 K   0.95827 0.01970 0.02137 0.00066 ( 1)
 183 F   0.94488 0.03001 0.02411 0.00100 ( 1)
 184 K   0.95827 0.01970 0.02137 0.00066 ( 1)
 185 T   0.95869 0.01939 0.02127 0.00065 ( 1)
 186 S   0.95483 0.02226 0.02217 0.00074 ( 1)
 187 E   0.96616 0.01403 0.01934 0.00047 ( 1)
 188 S   0.95915 0.01906 0.02116 0.00064 ( 1)
 189 E   0.96616 0.01403 0.01934 0.00047 ( 1)
 190 G   0.95393 0.02296 0.02235 0.00077 ( 1)
 191 V   0.96728 0.01326 0.01902 0.00044 ( 1)
 192 L   0.00262 0.96512 0.00006 0.03220 ( 2)
 193 L   0.94712 0.02829 0.02364 0.00094 ( 1)
 194 H   0.96331 0.01606 0.02010 0.00054 ( 1)
 195 G   0.95392 0.02297 0.02234 0.00077 ( 1)
 196 E   0.96616 0.01403 0.01934 0.00047 ( 1)
 197 G   0.94762 0.02784 0.02361 0.00093 ( 1)
 198 Q   0.93895 0.03476 0.02513 0.00116 ( 1)
 199 Q   0.94367 0.03097 0.02433 0.00103 ( 1)
 200 G   0.95392 0.02297 0.02234 0.00077 ( 1)
 201 D   0.95328 0.02346 0.02248 0.00078 ( 1)
 202 Y   0.95407 0.02285 0.02231 0.00076 ( 1)
 203 I   0.95280 0.02382 0.02259 0.00079 ( 1)
 204 T   0.07155 0.81263 0.08871 0.02711 ( 2)
 205 L   0.94741 0.02801 0.02365 0.00093 ( 1)
 206 E   0.96616 0.01403 0.01934 0.00047 ( 1)
 207 L   0.92479 0.04645 0.02721 0.00155 ( 1)
 208 K   0.66123 0.31472 0.01355 0.01050 ( 1)
 209 K   0.95827 0.01970 0.02137 0.00066 ( 1)
 210 A   0.95651 0.02102 0.02177 0.00070 ( 1)
 211 K   0.49803 0.22458 0.26990 0.00749 ( 1)
 212 L   0.92479 0.04645 0.02721 0.00155 ( 1)
 213 V   0.96241 0.01668 0.02035 0.00056 ( 1)
 214 F   0.94913 0.02666 0.02332 0.00089 ( 1)
 215 S   0.95915 0.01906 0.02116 0.00064 ( 1)
 216 L   0.95122 0.02504 0.02290 0.00084 ( 1)
 217 N   0.96204 0.01695 0.02045 0.00057 ( 1)
 218 L   0.95560 0.02170 0.02198 0.00072 ( 1)
 219 G   0.94666 0.02835 0.02404 0.00095 ( 1)
 220 S   0.96496 0.01456 0.01999 0.00049 ( 1)
 221 N   0.96095 0.01744 0.02104 0.00058 ( 1)
 222 Q   0.93812 0.03523 0.02547 0.00118 ( 1)
 223 L   0.95969 0.01831 0.02139 0.00061 ( 1)
 224 G   0.95922 0.01870 0.02145 0.00062 ( 1)
 225 P   0.95812 0.01952 0.02171 0.00065 ( 1)
 226 I   0.96648 0.01351 0.01956 0.00045 ( 1)
 227 Y   0.95325 0.02327 0.02271 0.00078 ( 1)
 228 G   0.95944 0.01860 0.02134 0.00062 ( 1)
 229 H   0.96252 0.01636 0.02058 0.00055 ( 1)
 230 T   0.95853 0.01928 0.02155 0.00064 ( 1)
 231 S   0.95421 0.02253 0.02251 0.00075 ( 1)
 232 V   0.94114 0.03282 0.02494 0.00109 ( 1)
 233 T   0.00019 0.96745 0.00009 0.03228 ( 2)
 234 T   0.95806 0.01963 0.02166 0.00065 ( 1)
 235 G   0.94686 0.02825 0.02395 0.00094 ( 1)
 236 S   0.95829 0.01946 0.02161 0.00065 ( 1)
 237 L   0.92433 0.04674 0.02737 0.00156 ( 1)
 238 L   0.92433 0.04674 0.02737 0.00156 ( 1)
 239 D   0.95246 0.02387 0.02287 0.00080 ( 1)
 240 D   0.95434 0.02257 0.02234 0.00075 ( 1)
 241 H   0.96252 0.01636 0.02058 0.00055 ( 1)
 242 H   0.96252 0.01636 0.02058 0.00055 ( 1)
 243 W   0.93589 0.03710 0.02577 0.00124 ( 1)
 244 H   0.96252 0.01636 0.02058 0.00055 ( 1)
 245 S   0.95056 0.02534 0.02325 0.00085 ( 1)
 246 V   0.94114 0.03282 0.02494 0.00109 ( 1)
 247 V   0.96154 0.01707 0.02083 0.00057 ( 1)
 248 I   0.95192 0.02429 0.02298 0.00081 ( 1)
 249 E   0.95998 0.01820 0.02121 0.00061 ( 1)
 250 R   0.96836 0.01226 0.01896 0.00041 ( 1)
 251 Q   0.93829 0.03514 0.02540 0.00117 ( 1)
 252 G   0.95944 0.01860 0.02134 0.00062 ( 1)
 253 R   0.97035 0.01094 0.01835 0.00036 ( 1)
 254 S   0.70665 0.26981 0.01454 0.00900 ( 1)
 255 L   0.62404 0.34993 0.01435 0.01167 ( 1)
 256 N   0.96117 0.01734 0.02092 0.00058 ( 1)
 257 L   0.95364 0.02296 0.02263 0.00077 ( 1)
 258 T   0.95793 0.01970 0.02171 0.00066 ( 1)
 259 L   0.92433 0.04674 0.02737 0.00156 ( 1)
 260 D   0.96499 0.01460 0.01993 0.00049 ( 1)
 261 R   0.97152 0.01018 0.01797 0.00034 ( 1)
 262 S   0.96524 0.01442 0.01986 0.00048 ( 1)
 263 T   0.95844 0.01934 0.02157 0.00065 ( 1)
 264 Q   0.93829 0.03514 0.02540 0.00117 ( 1)
 265 H   0.96252 0.01636 0.02058 0.00055 ( 1)
 266 F   0.94835 0.02707 0.02368 0.00090 ( 1)
 267 R   0.96836 0.01226 0.01896 0.00041 ( 1)
 268 T   0.95783 0.01979 0.02171 0.00066 ( 1)
 269 N   0.96200 0.01664 0.02081 0.00056 ( 1)
 270 G   0.95318 0.02334 0.02270 0.00078 ( 1)
 271 E   0.95998 0.01820 0.02121 0.00061 ( 1)
 272 F   0.94819 0.02718 0.02371 0.00091 ( 1)
 273 D   0.96499 0.01460 0.01993 0.00049 ( 1)
 274 Y   0.94925 0.02637 0.02350 0.00088 ( 1)
 275 L   0.92433 0.04674 0.02737 0.00156 ( 1)
 276 D   0.95246 0.02387 0.02287 0.00080 ( 1)
 277 L   0.94665 0.02841 0.02399 0.00095 ( 1)
 278 D   0.96499 0.01460 0.01993 0.00049 ( 1)
 279 Y   0.95283 0.02356 0.02282 0.00079 ( 1)
 280 E   0.95998 0.01820 0.02121 0.00061 ( 1)
 281 I   0.96389 0.01605 0.01953 0.00054 ( 1)
 282 T   0.95424 0.02320 0.02178 0.00077 ( 1)
 283 F   0.94070 0.03371 0.02446 0.00112 ( 1)
 284 G   0.94334 0.03162 0.02398 0.00105 ( 1)
 285 G   0.95587 0.02198 0.02142 0.00073 ( 1)
 286 I   0.96429 0.01587 0.01931 0.00053 ( 1)
 287 P   0.94762 0.02827 0.02317 0.00094 ( 1)
 288 F   0.94480 0.03047 0.02371 0.00102 ( 1)
 289 S   0.94795 0.02761 0.02352 0.00092 ( 1)
 290 G   0.96644 0.01438 0.01871 0.00048 ( 1)
 291 K   0.95720 0.02095 0.02115 0.00070 ( 1)
 292 P   0.94599 0.02954 0.02349 0.00099 ( 1)
 293 S   0.95470 0.02286 0.02168 0.00076 ( 1)
 294 S   0.95061 0.02596 0.02256 0.00087 ( 1)
 295 S   0.96291 0.01655 0.01999 0.00055 ( 1)
 296 S   0.95589 0.02168 0.02171 0.00072 ( 1)
 297 R   0.55320 0.17630 0.26462 0.00588 ( 1)
 298 K   0.95861 0.01968 0.02106 0.00066 ( 1)
 299 N   0.96002 0.01864 0.02072 0.00062 ( 1)
 300 F   0.94591 0.02937 0.02374 0.00098 ( 1)
 301 K   0.06094 0.90741 0.00138 0.03027 ( 2)
 302 G   0.95699 0.02087 0.02144 0.00070 ( 1)
 303 C   0.95754 0.02047 0.02131 0.00068 ( 1)
 304 M   0.97030 0.01146 0.01785 0.00038 ( 1)
 305 E   0.96294 0.01653 0.01998 0.00055 ( 1)
 306 S   0.64160 0.33321 0.01407 0.01112 ( 1)
 307 I   0.94945 0.02661 0.02306 0.00089 ( 1)
 308 N   0.95874 0.01957 0.02103 0.00065 ( 1)
 309 Y   0.94680 0.02867 0.02357 0.00096 ( 1)
 310 N   0.96002 0.01864 0.02072 0.00062 ( 1)
 311 G   0.95699 0.02087 0.02144 0.00070 ( 1)
 312 I   0.95410 0.02304 0.02209 0.00077 ( 1)
 313 N   0.95874 0.01957 0.02103 0.00065 ( 1)
 314 I   0.96532 0.01485 0.01933 0.00050 ( 1)
 315 T   0.96032 0.01842 0.02065 0.00061 ( 1)
 316 D   0.94999 0.02619 0.02295 0.00087 ( 1)
 317 L   0.95127 0.02519 0.02270 0.00084 ( 1)
 318 A   0.95530 0.02214 0.02183 0.00074 ( 1)
 319 R   0.96944 0.01203 0.01812 0.00040 ( 1)
 320 R   0.96848 0.01268 0.01842 0.00042 ( 1)
 321 K   0.95861 0.01968 0.02106 0.00066 ( 1)
 322 K   0.95501 0.02237 0.02187 0.00075 ( 1)
 323 L   0.95228 0.02443 0.02248 0.00081 ( 1)
 324 E   0.96287 0.01660 0.01998 0.00055 ( 1)
 325 P   0.95587 0.02171 0.02170 0.00072 ( 1)
 326 S   0.93948 0.03449 0.02488 0.00115 ( 1)
 327 N   0.96002 0.01864 0.02072 0.00062 ( 1)
 328 V   0.93885 0.03500 0.02499 0.00117 ( 1)
 329 G   0.94559 0.02940 0.02403 0.00098 ( 1)
 330 N   0.96110 0.01755 0.02077 0.00059 ( 1)
 331 L   0.94538 0.02956 0.02407 0.00099 ( 1)
 332 S   0.95699 0.02060 0.02173 0.00069 ( 1)
 333 F   0.94707 0.02823 0.02376 0.00094 ( 1)
 334 T   0.00380 0.96215 0.00195 0.03210 ( 2)
 335 C   0.95868 0.01934 0.02133 0.00065 ( 1)
 336 V   0.02432 0.54524 0.41225 0.01819 ( 2)
 337 E   0.95960 0.01843 0.02135 0.00061 ( 1)
 338 P   0.95796 0.01965 0.02174 0.00066 ( 1)
 339 Y   0.94889 0.02660 0.02362 0.00089 ( 1)
 340 T   0.64285 0.33154 0.01455 0.01106 ( 1)
 341 V   0.96578 0.01406 0.01969 0.00047 ( 1)
 342 P   0.95098 0.02497 0.02322 0.00083 ( 1)
 343 V   0.96096 0.01738 0.02108 0.00058 ( 1)
 344 F   0.94381 0.03064 0.02453 0.00102 ( 1)
 345 F   0.94800 0.02731 0.02379 0.00091 ( 1)
 346 N   0.96199 0.01667 0.02078 0.00056 ( 1)
 347 A   0.96089 0.01749 0.02104 0.00058 ( 1)
 348 T   0.95746 0.02003 0.02185 0.00067 ( 1)
 349 S   0.95791 0.01969 0.02175 0.00066 ( 1)
 350 Y   0.94889 0.02660 0.02362 0.00089 ( 1)
 351 L   0.92476 0.04649 0.02719 0.00155 ( 1)
 352 E   0.95960 0.01843 0.02135 0.00061 ( 1)
 353 V   0.94082 0.03304 0.02503 0.00110 ( 1)
 354 P   0.95195 0.02398 0.02327 0.00080 ( 1)
 355 G   0.94651 0.02849 0.02406 0.00095 ( 1)
 356 R   0.10790 0.81232 0.05268 0.02710 ( 2)
 357 L   0.96024 0.01796 0.02120 0.00060 ( 1)
 358 H   0.96029 0.01784 0.02128 0.00060 ( 1)
 359 Q   0.94135 0.03274 0.02482 0.00109 ( 1)
 360 D   0.96461 0.01481 0.02009 0.00049 ( 1)
 361 L   0.92482 0.04628 0.02736 0.00154 ( 1)
 362 F   0.94381 0.03064 0.02453 0.00102 ( 1)
 363 S   0.94494 0.02974 0.02433 0.00099 ( 1)
 364 V   0.47693 0.24185 0.27315 0.00807 ( 1)
 365 S   0.95809 0.01960 0.02165 0.00065 ( 1)
 366 F   0.94800 0.02731 0.02379 0.00091 ( 1)
 367 Q   0.93798 0.03536 0.02549 0.00118 ( 1)
 368 F   0.94800 0.02731 0.02379 0.00091 ( 1)
 369 R   0.97052 0.01084 0.01828 0.00036 ( 1)
 370 T   0.96233 0.01644 0.02068 0.00055 ( 1)
 371 W   0.93559 0.03731 0.02585 0.00124 ( 1)
 372 N   0.96079 0.01756 0.02107 0.00059 ( 1)
 373 P   0.95796 0.01965 0.02174 0.00066 ( 1)
 374 N   0.07816 0.89044 0.00169 0.02971 ( 2)
 375 G   0.96924 0.01162 0.01875 0.00039 ( 1)
 376 L   0.95330 0.02319 0.02274 0.00077 ( 1)
 377 L   0.92483 0.04646 0.02717 0.00155 ( 1)
 378 L   0.96021 0.01798 0.02121 0.00060 ( 1)
 379 F   0.94800 0.02731 0.02379 0.00091 ( 1)
 380 S   0.95793 0.01967 0.02175 0.00066 ( 1)
 381 H   0.71313 0.26485 0.01319 0.00884 ( 1)
 382 F   0.94360 0.03075 0.02462 0.00103 ( 1)
 383 A   0.97053 0.01069 0.01843 0.00036 ( 1)
 384 D   0.95187 0.02422 0.02310 0.00081 ( 1)
 385 N   0.00321 0.96287 0.00180 0.03212 ( 2)
 386 L   0.94322 0.03161 0.02412 0.00105 ( 1)
 387 G   0.95895 0.01881 0.02161 0.00063 ( 1)
 388 N   0.48642 0.23039 0.27551 0.00769 ( 1)
 389 V   0.94063 0.03315 0.02512 0.00111 ( 1)
 390 E   0.95936 0.01854 0.02148 0.00062 ( 1)
 391 I   0.95133 0.02464 0.02321 0.00082 ( 1)
 392 D   0.96430 0.01497 0.02022 0.00050 ( 1)
 393 L   0.95298 0.02338 0.02286 0.00078 ( 1)
 394 T   0.96197 0.01663 0.02085 0.00055 ( 1)
 395 D   0.96430 0.01497 0.02022 0.00050 ( 1)
 396 S   0.96419 0.01495 0.02037 0.00050 ( 1)
 397 K   0.67026 0.30580 0.01374 0.01020 ( 1)
 398 V   0.96046 0.01764 0.02132 0.00059 ( 1)
 399 S   0.51320 0.20322 0.27679 0.00678 ( 1)
 400 V   0.64148 0.33278 0.01464 0.01110 ( 1)
 401 H   0.96147 0.01690 0.02106 0.00056 ( 1)
 402 I   0.95555 0.02131 0.02242 0.00071 ( 1)
 403 N   0.96013 0.01789 0.02139 0.00060 ( 1)
 404 I   0.62132 0.35235 0.01458 0.01176 ( 1)
 405 T   0.95750 0.01984 0.02200 0.00066 ( 1)
 406 Q   0.93637 0.03645 0.02596 0.00122 ( 1)
 407 T   0.95545 0.02121 0.02263 0.00071 ( 1)
 408 K   0.95836 0.01908 0.02193 0.00064 ( 1)
 409 M   0.09971 0.82078 0.05213 0.02738 ( 2)
 410 S   0.96257 0.01598 0.02092 0.00053 ( 1)
 411 Q   0.93680 0.03602 0.02597 0.00120 ( 1)
 412 I   0.96410 0.01463 0.02078 0.00049 ( 1)
 413 D   0.94916 0.02595 0.02402 0.00087 ( 1)
 414 I   0.94872 0.02632 0.02408 0.00088 ( 1)
 415 S   0.95059 0.02479 0.02379 0.00083 ( 1)
 416 S   0.93865 0.03444 0.02577 0.00115 ( 1)
 417 G   0.96560 0.01344 0.02050 0.00045 ( 1)
 418 S   0.95091 0.02516 0.02309 0.00084 ( 1)
 419 G   0.95346 0.02320 0.02256 0.00077 ( 1)
 420 L   0.94658 0.02845 0.02402 0.00095 ( 1)
 421 N   0.96281 0.01626 0.02039 0.00054 ( 1)
 422 D   0.96479 0.01485 0.01986 0.00050 ( 1)
 423 G   0.95982 0.01843 0.02114 0.00061 ( 1)
 424 Q   0.93858 0.03497 0.02528 0.00117 ( 1)
 425 W   0.93617 0.03694 0.02566 0.00123 ( 1)
 426 H   0.96035 0.01804 0.02101 0.00060 ( 1)
 427 E   0.96438 0.01532 0.01979 0.00051 ( 1)
 428 V   0.96192 0.01690 0.02062 0.00056 ( 1)
 429 R   0.97750 0.00661 0.01567 0.00022 ( 1)
 430 F   0.94870 0.02689 0.02352 0.00090 ( 1)
 431 L   0.95428 0.02277 0.02219 0.00076 ( 1)
 432 A   0.96166 0.01709 0.02069 0.00057 ( 1)
 433 K   0.96142 0.01726 0.02074 0.00058 ( 1)
 434 E   0.96037 0.01803 0.02100 0.00060 ( 1)
 435 N   0.96281 0.01626 0.02039 0.00054 ( 1)
 436 F   0.94447 0.03023 0.02429 0.00101 ( 1)
 437 V   0.95952 0.01865 0.02121 0.00062 ( 1)
 438 I   0.95228 0.02411 0.02281 0.00080 ( 1)
 439 L   0.95401 0.02278 0.02245 0.00076 ( 1)
 440 T   0.96310 0.01605 0.02032 0.00054 ( 1)
 441 I   0.95684 0.02061 0.02186 0.00069 ( 1)
 442 D   0.95577 0.02145 0.02207 0.00072 ( 1)
 443 G   0.94719 0.02807 0.02380 0.00094 ( 1)
 444 D   0.95297 0.02355 0.02270 0.00079 ( 1)
 445 E   0.96566 0.01424 0.01963 0.00047 ( 1)
 446 A   0.95604 0.02125 0.02201 0.00071 ( 1)
 447 S   0.94211 0.03211 0.02470 0.00107 ( 1)
 448 A   0.95823 0.01960 0.02151 0.00065 ( 1)
 449 V   0.96024 0.01809 0.02106 0.00060 ( 1)
 450 R   0.96805 0.01257 0.01896 0.00042 ( 1)
 451 T   0.96304 0.01611 0.02031 0.00054 ( 1)
 452 N   0.96155 0.01716 0.02071 0.00057 ( 1)
 453 S   0.95866 0.01928 0.02141 0.00064 ( 1)
 454 P   0.95157 0.02466 0.02295 0.00082 ( 1)
 455 L   0.96100 0.01756 0.02085 0.00059 ( 1)
 456 Q   0.94327 0.03119 0.02450 0.00104 ( 1)
 457 V   0.95949 0.01871 0.02118 0.00062 ( 1)
 458 K   0.95779 0.01993 0.02161 0.00066 ( 1)
 459 T   0.96310 0.01605 0.02032 0.00054 ( 1)
 460 G   0.95983 0.01842 0.02113 0.00061 ( 1)
 461 E   0.00294 0.96480 0.00006 0.03219 ( 2)
 462 K   0.96142 0.01726 0.02074 0.00058 ( 1)
 463 Y   0.94960 0.02618 0.02334 0.00087 ( 1)
 464 F   0.94447 0.03023 0.02429 0.00101 ( 1)
 465 F   0.94447 0.03023 0.02429 0.00101 ( 1)
 466 G   0.94719 0.02807 0.02380 0.00094 ( 1)
 467 G   0.96993 0.01130 0.01839 0.00038 ( 1)
 468 Y   0.60020 0.37319 0.01416 0.01245 ( 1)
 469 L   0.03844 0.90549 0.02587 0.03021 ( 2)
 470 N   0.96196 0.01698 0.02049 0.00057 ( 1)
 471 Q   0.37654 0.35503 0.25659 0.01184 ( 1)
 472 M   0.97316 0.00935 0.01718 0.00031 ( 1)
 473 N   0.08145 0.88725 0.00171 0.02960 ( 2)
 474 S   0.67322 0.30235 0.01434 0.01009 ( 1)
 475 S   0.94254 0.03188 0.02452 0.00106 ( 1)
 476 S   0.95906 0.01909 0.02120 0.00064 ( 1)
 477 H   0.96332 0.01601 0.02014 0.00053 ( 1)
 478 S   0.95129 0.02497 0.02291 0.00083 ( 1)
 479 V   0.96228 0.01674 0.02042 0.00056 ( 1)
 480 L   0.96141 0.01738 0.02063 0.00058 ( 1)
 481 Q   0.93889 0.03479 0.02515 0.00116 ( 1)
 482 P   0.95194 0.02447 0.02278 0.00082 ( 1)
 483 S   0.94244 0.03193 0.02456 0.00107 ( 1)
 484 F   0.94906 0.02670 0.02335 0.00089 ( 1)
 485 Q   0.94360 0.03100 0.02436 0.00103 ( 1)
 486 G   0.94755 0.02788 0.02364 0.00093 ( 1)
 487 C   0.96077 0.01785 0.02079 0.00060 ( 1)
 488 M   0.97316 0.00935 0.01718 0.00031 ( 1)
 489 Q   0.93889 0.03479 0.02515 0.00116 ( 1)
 490 L   0.95439 0.02259 0.02226 0.00075 ( 1)
 491 I   0.95266 0.02392 0.02263 0.00080 ( 1)
 492 Q   0.94360 0.03100 0.02436 0.00103 ( 1)
 493 V   0.94178 0.03246 0.02467 0.00108 ( 1)
 494 D   0.95320 0.02350 0.02251 0.00078 ( 1)
 495 D   0.95320 0.02350 0.02251 0.00078 ( 1)
