18
Oorc       0.0000000 0.0268975 0.1062850 0.2601044 0.3092375 0.0849764 0.0456461 0.0455163 0.0750305 0.0178143 0.0645744 0.2718882 0.1156198 0.2457247 0.0361305 0.1153164 0.0269614 0.1743074 
Ttru       0.0268975 0.0000000 0.0955541 0.2213094 0.2925409 0.0747238 0.0361456 0.0360455 0.0649533 0.0088196 0.0547765 0.2327114 0.1048148 0.2078765 0.0088278 0.1045480 0.0361508 0.1618680 
Pcat       0.1062850 0.0955541 0.0000000 0.2512532 0.2812422 0.1173755 0.0959426 0.0956317 0.1068614 0.0854185 0.1163757 0.2370781 0.0657030 0.1971340 0.0853690 0.1061664 0.0959638 0.1650147 
Bacu       0.2601044 0.2213094 0.2512532 0.0000000 0.4289019 0.2748909 0.2472942 0.2461784 0.2619795 0.2335175 0.2719767 0.1051631 0.2088984 0.0847108 0.2090496 0.2101080 0.2205564 0.1291756 
Lvex       0.3092375 0.2925409 0.2812422 0.4289019 0.0000000 0.3267317 0.2944954 0.2929200 0.3118664 0.2784193 0.3227099 0.4820543 0.2809892 0.4425207 0.2781095 0.2230782 0.2946599 0.3420465 
Dleu       0.0849764 0.0747238 0.1173755 0.2748909 0.3267317 0.0000000 0.0362496 0.0553420 0.0088505 0.0649459 0.0549384 0.2868737 0.1267910 0.2600697 0.0649113 0.1264477 0.0750256 0.1872267 
Naasi      0.0456461 0.0361456 0.0959426 0.2472942 0.2944954 0.0362496 0.0000000 0.0361708 0.0270106 0.0269314 0.0177286 0.2589717 0.1052457 0.2332109 0.0269190 0.1049763 0.0362770 0.1626509 
Lobl       0.0455163 0.0360455 0.0956317 0.2461784 0.2929200 0.0553420 0.0361708 0.0000000 0.0650021 0.0268584 0.0548164 0.2577837 0.1049008 0.2321929 0.0268461 0.1046334 0.0361760 0.1620233 
Mmon       0.0750305 0.0649533 0.1068614 0.2619795 0.3118664 0.0088505 0.0270106 0.0650021 0.0000000 0.0553013 0.0454847 0.2738743 0.1162515 0.2474442 0.0552728 0.1159442 0.0652093 0.1754078 
Gmel       0.0178143 0.0088196 0.0854185 0.2335175 0.2784193 0.0649459 0.0269314 0.0268584 0.0553013 0.0000000 0.0453477 0.2450136 0.0946510 0.2198219 0.0177695 0.0944158 0.0269349 0.1505010 
Psin       0.0645744 0.0547765 0.1163757 0.2719767 0.3227099 0.0549384 0.0177286 0.0548164 0.0454847 0.0453477 0.0000000 0.2838062 0.1257080 0.2573789 0.0453254 0.1253713 0.0549849 0.1854274 
Bmus       0.2718882 0.2327114 0.2370781 0.1051631 0.4820543 0.2868737 0.2589717 0.2577837 0.2738743 0.2450136 0.2838062 0.0000000 0.1971935 0.0362172 0.2203359 0.2463008 0.2590900 0.1618705 
Kbre       0.1156198 0.1048148 0.0657030 0.2088984 0.2809892 0.1267910 0.1052457 0.1049008 0.1162515 0.0946510 0.1257080 0.1971935 0.0000000 0.1970259 0.0945950 0.0945709 0.0844275 0.1514984 
Bric       0.2457247 0.2078765 0.1971340 0.0847108 0.4425207 0.2600697 0.2332109 0.2321929 0.2474442 0.2198219 0.2573789 0.0362172 0.1970259 0.0000000 0.1958943 0.2209193 0.2333084 0.1393540 
Ddel       0.0361305 0.0088278 0.0853690 0.2090496 0.2781095 0.0649113 0.0269190 0.0268461 0.0552728 0.0177695 0.0453254 0.2203359 0.0945950 0.1958943 0.0000000 0.0943601 0.0269226 0.1503901 
Mden       0.1153164 0.1045480 0.1061664 0.2101080 0.2230782 0.1264477 0.1049763 0.1046334 0.1159442 0.0944158 0.1253713 0.2463008 0.0945709 0.2209193 0.0943601 0.0000000 0.1050004 0.1286697 
Lalb       0.0269614 0.0361508 0.0959638 0.2205564 0.2946599 0.0750256 0.0362770 0.0361760 0.0652093 0.0269349 0.0549849 0.2590900 0.0844275 0.2333084 0.0269226 0.1050004 0.0000000 0.1627031 
Egla       0.1743074 0.1618680 0.1650147 0.1291756 0.3420465 0.1872267 0.1626509 0.1620233 0.1754078 0.1505010 0.1854274 0.1618705 0.1514984 0.1393540 0.1503901 0.1286697 0.1627031 0.0000000 
