Supplemental results for CODEML (seqf: /home/leticiamagpali/phd/evol_models/codeml/big_dataset/cml_align/OTOF_codon_aligned.phy  treef: /home/leticiamagpali/phd/evol_models/codeml/big_dataset/cml_trees/gene_trees/H3_gene_trees/OTOF_tree_H3.tre)

I	J	ij	2Ns_IJ	pMut_IJ	pSub_IJ	2Ns_JI	pMut_JI	pSub_JI

TTC	TTT	CT	-0.53162	0.07617	0.05771	0.53162	0.04476	0.05771
TTA	TTT	AT	6.59124	0.00001	0.00008	-6.59124	0.00880	0.00008
TTA	TTC	AC	7.12285	0.00002	0.00017	-7.12285	0.02968	0.00017
TTG	TTT	GT	1.31146	0.00254	0.00456	-1.31146	0.00944	0.00456
TTG	TTC	GC	1.84308	0.00504	0.01103	-1.84308	0.03182	0.01103
TTG	TTA	GA	-5.27977	0.01790	0.00048	5.27977	0.00009	0.00048
TCT	TTT	CT	1.53422	0.00965	0.01888	-1.53422	0.04476	0.01888
TCC	TTC	CT	0.79433	0.06820	0.09884	-0.79433	0.15093	0.09884
TCC	TCT	CT	-1.27151	0.06820	0.03379	1.27151	0.01912	0.03379
TCA	TTA	CT	-4.93833	0.01419	0.00051	4.93833	0.00010	0.00051
TCA	TCT	AT	0.11869	0.00334	0.00354	-0.11869	0.00376	0.00354
TCA	TCC	AC	1.39020	0.00662	0.01225	-1.39020	0.02658	0.01225
TCG	TTG	CT	0.80762	0.00955	0.01392	-0.80762	0.02141	0.01392
TCG	TCT	GT	0.58487	0.00225	0.00297	-0.58487	0.00403	0.00297
TCG	TCC	GC	1.85637	0.00445	0.00980	-1.85637	0.02850	0.00980
TCG	TCA	GA	0.46618	0.01581	0.01979	-0.46618	0.02521	0.01979
TAT	TTT	AT	1.09817	0.00294	0.00484	-1.09817	0.00880	0.00484
TAT	TCT	AC	-0.43604	0.00582	0.00464	0.43604	0.00376	0.00464
TAC	TTC	AT	0.60472	0.01621	0.02160	-0.60472	0.02968	0.02160
TAC	TCC	AC	-0.18961	0.03213	0.02918	0.18961	0.02658	0.02918
TAC	TAT	CT	-1.02507	0.06890	0.03952	1.02507	0.02472	0.03952
TGT	TTT	GT	1.97425	0.00131	0.00300	-1.97425	0.00944	0.00300
TGT	TCT	GC	0.44004	0.00260	0.00321	-0.44004	0.00403	0.00321
TGT	TAT	GA	0.87608	0.00922	0.01385	-0.87608	0.02215	0.01385
TGC	TTC	GT	1.66522	0.00602	0.01236	-1.66522	0.03182	0.01236
TGC	TCC	GC	0.87089	0.01193	0.01787	-0.87089	0.02850	0.01787
TGC	TAC	GA	1.06050	0.04237	0.06873	-1.06050	0.12235	0.06873
TGC	TGT	CT	-0.84065	0.02558	0.01632	0.84065	0.01104	0.01632
TGG	TTG	GT	-0.70499	0.00914	0.00629	0.70499	0.00452	0.00629
TGG	TCG	GC	-1.51261	0.01811	0.00774	1.51261	0.00399	0.00774
TGG	TGT	GT	-1.36778	0.00914	0.00427	1.36778	0.00233	0.00427
TGG	TGC	GC	-0.52713	0.01811	0.01375	0.52713	0.01069	0.01375
CTT	TTT	CT	2.13111	0.00531	0.01285	-2.13111	0.04476	0.01285
CTC	TTC	CT	0.96186	0.05768	0.08980	-0.96186	0.15093	0.08980
CTC	CTT	CT	-1.70086	0.05768	0.02191	1.70086	0.01053	0.02191
CTA	TTA	CT	-3.93615	0.00521	0.00041	3.93615	0.00010	0.00041
CTA	CTT	AT	0.52397	0.00123	0.00158	-0.52397	0.00207	0.00158
CTA	CTC	AC	2.22484	0.00243	0.00606	-2.22484	0.02248	0.00606
CTG	TTG	CT	-1.96796	0.15324	0.04899	1.96796	0.02141	0.04899
CTG	CTT	GT	-2.78761	0.03606	0.00659	2.78761	0.00222	0.00659
CTG	CTC	GC	-1.08675	0.07145	0.03952	1.08675	0.02410	0.03952
CTG	CTA	GA	-3.31158	0.25378	0.03180	3.31158	0.00925	0.03180
CCT	TCT	CT	-0.33732	0.02680	0.02253	0.33732	0.01912	0.02253
CCT	CTT	CT	-0.93421	0.02680	0.01620	0.93421	0.01053	0.01620
CCC	TCC	CT	0.48276	0.08340	0.10514	-0.48276	0.13515	0.10514
CCC	CTC	CT	0.31522	0.08340	0.09723	-0.31522	0.11430	0.09723
CCC	CCT	CT	-0.45143	0.08340	0.06598	0.45143	0.05310	0.06598
CCA	TCA	CT	0.39127	0.01902	0.02298	-0.39127	0.02813	0.02298
CCA	CTA	CT	-0.61091	0.01902	0.01380	0.61091	0.01032	0.01380
CCA	CCT	AT	0.84728	0.00448	0.00664	-0.84728	0.01044	0.00664
CCA	CCC	AC	1.29870	0.00887	0.01584	-1.29870	0.03250	0.01584
CCG	TCG	CT	-0.04229	0.01974	0.01932	0.04229	0.01892	0.01932
CCG	CTG	CT	2.73329	0.01974	0.05770	-2.73329	0.30366	0.05770
CCG	CCT	GT	0.87990	0.00464	0.00698	-0.87990	0.01120	0.00698
CCG	CCC	GC	1.33133	0.00920	0.01665	-1.33133	0.03485	0.01665
CCG	CCA	GA	0.03262	0.03269	0.03323	-0.03262	0.03377	0.03323
CAT	TAT	CT	2.06610	0.00313	0.00741	-2.06610	0.02472	0.00741
CAT	CTT	AT	1.03316	0.00074	0.00118	-1.03316	0.00207	0.00118
CAT	CCT	AC	1.96737	0.00146	0.00334	-1.96737	0.01044	0.00334
CAC	TAC	CT	1.46583	0.03152	0.06008	-1.46583	0.13653	0.06008
CAC	CTC	AT	1.10868	0.00742	0.01227	-1.10868	0.02248	0.01227
CAC	CCC	AC	0.79346	0.01470	0.02129	-0.79346	0.03250	0.02129
CAC	CAT	CT	-1.62534	0.03152	0.01256	1.62534	0.00621	0.01256
CAA	CTA	AT	0.24172	0.00159	0.00179	-0.24172	0.00203	0.00179
CAA	CCA	AC	0.85263	0.00316	0.00470	-0.85263	0.00741	0.00470
CAA	CAT	AT	-0.26747	0.00159	0.00139	0.26747	0.00122	0.00139
CAA	CAC	AC	1.35787	0.00316	0.00578	-1.35787	0.01228	0.00578
CAG	CTG	AT	1.36023	0.01532	0.02804	-1.36023	0.05971	0.02804
CAG	CCG	AC	-1.37307	0.03036	0.01414	1.37307	0.00769	0.01414
CAG	CAT	GT	-2.46054	0.01532	0.00352	2.46054	0.00131	0.00352
CAG	CAC	GC	-0.83520	0.03036	0.01943	0.83520	0.01317	0.01943
CAG	CAA	GA	-2.19308	0.10785	0.02970	2.19308	0.01203	0.02970
CGT	TGT	CT	0.98863	0.00411	0.00647	-0.98863	0.01104	0.00647
CGT	CTT	GT	0.83177	0.00097	0.00142	-0.83177	0.00222	0.00142
CGT	CCT	GC	1.76599	0.00191	0.00408	-1.76599	0.01120	0.00408
CGT	CAT	GA	-0.20139	0.00680	0.00614	0.20139	0.00556	0.00614
CGC	TGC	CT	0.21806	0.04076	0.04537	-0.21806	0.05069	0.04537
CGC	CTC	GT	0.92141	0.00959	0.01468	-0.92141	0.02410	0.01468
CGC	CCC	GC	0.60619	0.01901	0.02534	-0.60619	0.03485	0.02534
CGC	CAC	GA	-0.18727	0.06751	0.06138	0.18727	0.05598	0.06138
CGC	CGT	CT	-1.61123	0.04076	0.01638	1.61123	0.00814	0.01638
CGA	CTA	GT	0.07032	0.00203	0.00210	-0.07032	0.00218	0.00210
CGA	CCA	GC	0.68123	0.00402	0.00555	-0.68123	0.00795	0.00555
CGA	CAA	GA	-0.17140	0.01428	0.01309	0.17140	0.01203	0.01309
CGA	CGT	AT	-0.23748	0.00203	0.00180	0.23748	0.00160	0.00180
CGA	CGC	AC	1.37375	0.00402	0.00740	-1.37375	0.01588	0.00740
CGG	TGG	CT	0.28043	0.05814	0.06667	-0.28043	0.07696	0.06667
CGG	CTG	GT	1.54340	0.01368	0.02685	-1.54340	0.06403	0.02685
CGG	CCG	GC	-1.18989	0.02711	0.01411	1.18989	0.00825	0.01411
CGG	CAG	GA	0.18317	0.09629	0.10537	-0.18317	0.11564	0.10537
CGG	CGT	GT	-2.07598	0.01368	0.00407	2.07598	0.00172	0.00407
CGG	CGC	GC	-0.46476	0.02711	0.02129	0.46476	0.01703	0.02129
CGG	CGA	GA	-1.83851	0.09629	0.03348	1.83851	0.01531	0.03348
ATT	TTT	AT	0.36239	0.00613	0.00730	-0.36239	0.00880	0.00730
ATT	CTT	AC	-1.76872	0.01214	0.00441	1.76872	0.00207	0.00441
ATC	TTC	AT	0.33834	0.02116	0.02494	-0.33834	0.02968	0.02494
ATC	CTC	AC	-0.62352	0.04193	0.03021	0.62352	0.02248	0.03021
ATC	ATT	CT	-0.55566	0.08993	0.06725	0.55566	0.05159	0.06725
ATA	TTA	AT	-4.06022	0.00116	0.00008	4.06022	0.00002	0.00008
ATA	CTA	AC	-0.12407	0.00230	0.00216	0.12407	0.00203	0.00216
ATA	ATT	AT	2.16862	0.00116	0.00284	-2.16862	0.01015	0.00284
ATA	ATC	AC	2.72429	0.00230	0.00670	-2.72429	0.03504	0.00670
ATG	TTG	AT	-1.33895	0.01607	0.00764	1.33895	0.00421	0.00764
ATG	CTG	AC	0.62901	0.03184	0.04289	-0.62901	0.05971	0.04289
ATG	ATT	GT	-0.38987	0.01607	0.01314	0.38987	0.01088	0.01314
ATG	ATC	GC	0.16579	0.03184	0.03455	-0.16579	0.03758	0.03455
ATG	ATA	GA	-2.55850	0.11308	0.02428	2.55850	0.00875	0.02428
ACT	TCT	AT	0.08324	0.00346	0.00361	-0.08324	0.00376	0.00361
ACT	CCT	AC	0.42055	0.00686	0.00840	-0.42055	0.01044	0.00840
ACT	ATT	CT	1.25506	0.01471	0.02582	-1.25506	0.05159	0.02582
ACC	TCC	AT	0.87251	0.01111	0.01665	-0.87251	0.02658	0.01665
ACC	CCC	AC	0.38975	0.02201	0.02657	-0.38975	0.03250	0.02657
ACC	ATC	CT	1.32849	0.04720	0.08530	-1.32849	0.17820	0.08530
ACC	ACT	CT	-0.48223	0.04720	0.03673	0.48223	0.02914	0.03673
ACA	TCA	AT	0.72182	0.00269	0.00377	-0.72182	0.00553	0.00377
ACA	CCA	AC	0.33055	0.00533	0.00625	-0.33055	0.00741	0.00625
ACA	ATA	CT	-0.15629	0.01142	0.01055	0.15629	0.00977	0.01055
ACA	ACT	AT	0.75727	0.00269	0.00383	-0.75727	0.00573	0.00383
ACA	ACC	AC	1.23951	0.00533	0.00929	-1.23951	0.01839	0.00929
ACG	TCG	AT	-0.74129	0.00781	0.00527	0.74129	0.00372	0.00527
ACG	CCG	AC	-0.69901	0.01547	0.01069	0.69901	0.00769	0.01069
ACG	ATG	CT	1.40527	0.03319	0.06180	-1.40527	0.13530	0.06180
ACG	ACT	GT	-0.23966	0.00781	0.00691	0.23966	0.00614	0.00691
ACG	ACC	GC	0.24257	0.01547	0.01743	-0.24257	0.01972	0.01743
ACG	ACA	GA	-0.99693	0.05496	0.03204	0.99693	0.02028	0.03204
AAT	TAT	AT	0.45005	0.00310	0.00385	-0.45005	0.00486	0.00385
AAT	CAT	AC	-1.61605	0.00614	0.00246	1.61605	0.00122	0.00246
AAT	ATT	AT	1.18584	0.00310	0.00529	-1.18584	0.01015	0.00529
AAT	ACT	AC	-0.06922	0.00614	0.00593	0.06922	0.00573	0.00593
AAC	TAC	AT	0.45150	0.01709	0.02124	-0.45150	0.02685	0.02124
AAC	CAC	AC	-1.01433	0.03387	0.01955	1.01433	0.01228	0.01955
AAC	ATC	AT	0.71788	0.01709	0.02396	-0.71788	0.03504	0.02396
AAC	ACC	AC	-0.61061	0.03387	0.02458	0.61061	0.01839	0.02458
AAC	AAT	CT	-1.02362	0.07265	0.04170	1.02362	0.02610	0.04170
AAA	CAA	AC	-1.29840	0.00967	0.00472	1.29840	0.00264	0.00472
AAA	ATA	AT	-0.93261	0.00488	0.00295	0.93261	0.00192	0.00295
AAA	ACA	AC	-0.77632	0.00967	0.00640	0.77632	0.00445	0.00640
AAA	AAT	AT	0.05018	0.00488	0.00501	-0.05018	0.00513	0.00501
AAA	AAC	AC	1.07380	0.00967	0.01578	-1.07380	0.02831	0.01578
AAG	CAG	AC	-0.95719	0.06609	0.03943	0.95719	0.02538	0.03943
AAG	ATG	AT	-0.22597	0.03335	0.02973	0.22597	0.02661	0.02973
AAG	ACG	AC	-1.63125	0.06609	0.02623	1.63125	0.01293	0.02623
AAG	AAT	GT	-1.80168	0.03335	0.01188	1.80168	0.00550	0.01188
AAG	AAC	GC	-0.77806	0.06609	0.04368	0.77806	0.03035	0.04368
AAG	AAA	GA	-1.85186	0.23474	0.08093	1.85186	0.03684	0.08093
AGT	TGT	AT	0.10369	0.00196	0.00206	-0.10369	0.00217	0.00206
AGT	CGT	AC	-0.88495	0.00388	0.00241	0.88495	0.00160	0.00241
AGT	ATT	GT	1.71555	0.00196	0.00409	-1.71555	0.01088	0.00409
AGT	ACT	GC	0.46049	0.00388	0.00484	-0.46049	0.00614	0.00484
AGT	AAT	GA	0.52971	0.01377	0.01774	-0.52971	0.02339	0.01774
AGC	TGC	AT	0.14425	0.00863	0.00927	-0.14425	0.00997	0.00927
AGC	CGC	AC	-0.07381	0.01710	0.01648	0.07381	0.01588	0.01648
AGC	ATC	GT	1.47113	0.00863	0.01648	-1.47113	0.03758	0.01648
AGC	ACC	GC	0.14263	0.01710	0.01835	-0.14263	0.01972	0.01835
AGC	AAC	GA	0.75325	0.06074	0.08646	-0.75325	0.12900	0.08646
AGC	AGT	CT	-0.80009	0.03668	0.02394	0.80009	0.01648	0.02394
AGA	CGA	AC	3.44051	0.00011	0.00038	-3.44051	0.00336	0.00038
AGA	ATA	GT	3.63491	0.00005	0.00020	-3.63491	0.00206	0.00020
AGA	ACA	GC	3.79119	0.00011	0.00042	-3.79119	0.00477	0.00042
AGA	AAA	GA	4.56752	0.00038	0.00177	-4.56752	0.03684	0.00177
AGA	AGT	AT	4.08798	0.00005	0.00023	-4.08798	0.00324	0.00023
AGA	AGC	AC	4.88807	0.00011	0.00053	-4.88807	0.01429	0.00053
AGG	TGG	AT	3.13503	0.00066	0.00216	-3.13503	0.01513	0.00216
AGG	CGG	AC	2.85460	0.00130	0.00395	-2.85460	0.02266	0.00395
AGG	ATG	GT	3.76899	0.00066	0.00254	-3.76899	0.02853	0.00254
AGG	ACG	GC	2.36372	0.00130	0.00340	-2.36372	0.01387	0.00340
AGG	AAG	GA	3.99496	0.00463	0.01886	-3.99496	0.25170	0.01886
AGG	AGT	GT	1.66357	0.00066	0.00135	-1.66357	0.00347	0.00135
AGG	AGC	GC	2.46365	0.00130	0.00351	-2.46365	0.01532	0.00351
AGG	AGA	GA	-2.42441	0.00463	0.00109	2.42441	0.00041	0.00109
GTT	TTT	GT	4.09609	0.00016	0.00065	-4.09609	0.00944	0.00065
GTT	CTT	GC	1.96498	0.00031	0.00071	-1.96498	0.00222	0.00071
GTT	ATT	GA	3.73370	0.00111	0.00423	-3.73370	0.04623	0.00423
GTC	TTC	GT	0.83152	0.01386	0.02041	-0.83152	0.03182	0.02041
GTC	CTC	GC	-0.13034	0.02746	0.02571	0.13034	0.02410	0.02571
GTC	ATC	GA	0.49318	0.09752	0.12354	-0.49318	0.15969	0.12354
GTC	GTT	CT	-3.79619	0.05889	0.00514	3.79619	0.00132	0.00514
GTA	TTA	GT	-4.90220	0.00289	0.00011	4.90220	0.00002	0.00011
GTA	CTA	GC	-0.96605	0.00572	0.00340	0.96605	0.00218	0.00340
GTA	ATA	GA	-0.84197	0.02032	0.01295	0.84197	0.00875	0.01295
GTA	GTT	AT	-2.40705	0.00289	0.00069	2.40705	0.00026	0.00069
GTA	GTC	AC	1.38914	0.00572	0.01059	-1.38914	0.02295	0.01059
GTG	TTG	GT	-1.79315	0.02713	0.00971	1.79315	0.00452	0.00971
GTG	CTG	GC	0.17481	0.05376	0.05860	-0.17481	0.06403	0.05860
GTG	ATG	GA	-0.45421	0.19095	0.15086	0.45421	0.12125	0.15086
GTG	GTT	GT	-4.57778	0.02713	0.00129	4.57778	0.00028	0.00129
GTG	GTC	GC	-0.78160	0.05376	0.03546	0.78160	0.02460	0.03546
GTG	GTA	GA	-2.17073	0.19095	0.05338	2.17073	0.02179	0.05338
GCT	TCT	GT	0.23476	0.00319	0.00358	-0.23476	0.00403	0.00358
GCT	CCT	GC	0.57208	0.00632	0.00830	-0.57208	0.01120	0.00830
GCT	ACT	GA	0.15153	0.02244	0.02419	-0.15153	0.02612	0.02419
GCT	GTT	CT	-2.32712	0.01355	0.00341	2.32712	0.00132	0.00341
GCC	TCC	GT	0.44522	0.01826	0.02262	-0.44522	0.02850	0.02262
GCC	CCC	GC	-0.03754	0.03618	0.03550	0.03754	0.03485	0.03550
GCC	ACC	GA	-0.42729	0.12850	0.10300	0.42729	0.08382	0.10300
GCC	GTC	CT	0.40802	0.07759	0.09450	-0.40802	0.11669	0.09450
GCC	GCT	CT	-1.06105	0.07759	0.04357	1.06105	0.02685	0.04357
GCA	TCA	GT	0.93898	0.00232	0.00358	-0.93898	0.00593	0.00358
GCA	CCA	GC	0.54772	0.00460	0.00597	-0.54772	0.00795	0.00597
GCA	ACA	GA	0.21717	0.01632	0.01816	-0.21717	0.02028	0.01816
GCA	GTA	CT	0.90285	0.00986	0.01497	-0.90285	0.02431	0.01497
GCA	GCT	AT	0.82292	0.00232	0.00340	-0.82292	0.00528	0.00340
GCA	GCC	AC	1.88397	0.00460	0.01021	-1.88397	0.03024	0.01021
GCG	TCG	GT	0.06506	0.00374	0.00386	-0.06506	0.00399	0.00386
GCG	CCG	GC	0.10734	0.00741	0.00781	-0.10734	0.00825	0.00781
GCG	ACG	GA	0.80635	0.02631	0.03833	-0.80635	0.05893	0.03833
GCG	GTG	CT	2.66583	0.01589	0.04552	-2.66583	0.22848	0.04552
GCG	GCT	GT	0.41516	0.00374	0.00457	-0.41516	0.00566	0.00457
GCG	GCC	GC	1.47621	0.00741	0.01418	-1.47621	0.03242	0.01418
GCG	GCA	GA	-0.40775	0.02631	0.02131	0.40775	0.01750	0.02131
GAT	TAT	GT	-0.39029	0.00770	0.00630	0.39029	0.00521	0.00630
GAT	CAT	GC	-2.45639	0.01526	0.00352	2.45639	0.00131	0.00352
GAT	AAT	GA	-0.84034	0.05420	0.03458	0.84034	0.02339	0.03458
GAT	GTT	AT	-3.38821	0.00770	0.00091	3.38821	0.00026	0.00091
GAT	GCT	AC	-1.06109	0.01526	0.00857	1.06109	0.00528	0.00857
GAC	TAC	GT	-0.25152	0.03702	0.03256	0.25152	0.02879	0.03256
GAC	CAC	GC	-1.71735	0.07336	0.02757	1.71735	0.01317	0.02757
GAC	AAC	GA	-0.70302	0.26057	0.17962	0.70302	0.12900	0.17962
GAC	GTC	AT	-0.47833	0.03702	0.02887	0.47833	0.02295	0.02887
GAC	GCC	AC	-0.88635	0.07336	0.04559	0.88635	0.03024	0.04559
GAC	GAT	CT	-0.88630	0.15734	0.09778	0.88630	0.06485	0.09778
GAA	CAA	GC	-1.85429	0.01808	0.00622	1.85429	0.00283	0.00622
GAA	AAA	GA	-0.55588	0.06423	0.04803	0.55588	0.03684	0.04803
GAA	GTA	AT	-0.64652	0.00913	0.00649	0.64652	0.00478	0.00649
GAA	GCA	AC	-1.54937	0.01808	0.00756	1.54937	0.00384	0.00756
GAA	GAT	AT	0.33464	0.00913	0.01074	-0.33464	0.01275	0.01074
GAA	GAC	AC	1.22094	0.01808	0.03132	-1.22094	0.06131	0.03132
GAG	CAG	GC	-1.02023	0.07548	0.04341	1.02023	0.02721	0.04341
GAG	AAG	GA	-0.06304	0.26808	0.25972	0.06304	0.25170	0.25972
GAG	GTG	AT	0.16519	0.03809	0.04132	-0.16519	0.04493	0.04132
GAG	GCG	AC	-2.50064	0.07548	0.01687	2.50064	0.00619	0.01687
GAG	GAT	GT	-1.02438	0.03809	0.02185	1.02438	0.01367	0.02185
GAG	GAC	GC	-0.13808	0.07548	0.07038	0.13808	0.06574	0.07038
GAG	GAA	GA	-1.35902	0.26808	0.12596	1.35902	0.06887	0.12596
GGT	TGT	GT	0.47770	0.00144	0.00182	-0.47770	0.00233	0.00182
GGT	CGT	GC	-0.51093	0.00286	0.00219	0.51093	0.00172	0.00219
GGT	AGT	GA	0.37402	0.01016	0.01218	-0.37402	0.01477	0.01218
GGT	GTT	GT	-1.64414	0.00144	0.00057	1.64414	0.00028	0.00057
GGT	GCT	GC	0.68298	0.00286	0.00395	-0.68298	0.00566	0.00395
GGT	GAT	GA	1.74407	0.01016	0.02147	-1.74407	0.05812	0.02147
GGC	TGC	GT	-0.70706	0.02168	0.01491	0.70706	0.01069	0.01491
GGC	CGC	GC	-0.92511	0.04296	0.02611	0.92511	0.01703	0.02611
GGC	AGC	GA	-0.85131	0.15258	0.09674	0.85131	0.06513	0.09674
GGC	GTC	GT	0.12664	0.02168	0.02308	-0.12664	0.02460	0.02308
GGC	GCC	GC	-0.28138	0.04296	0.03720	0.28138	0.03242	0.03720
GGC	GAC	GA	0.60497	0.15258	0.20335	-0.60497	0.27940	0.20335
GGC	GGT	CT	-2.02541	0.09213	0.02836	2.02541	0.01216	0.02836
GGA	CGA	GC	-0.33279	0.00503	0.00424	0.33279	0.00360	0.00424
GGA	AGA	GA	-3.77329	0.01785	0.00158	3.77329	0.00041	0.00158
GGA	GTA	GT	0.70358	0.00254	0.00353	-0.70358	0.00513	0.00353
GGA	GCA	GC	-0.19927	0.00503	0.00454	0.19927	0.00412	0.00454
GGA	GAA	GA	1.35010	0.01785	0.03254	-1.35010	0.06887	0.03254
GGA	GGT	AT	-0.05933	0.00254	0.00246	0.05933	0.00239	0.00246
GGA	GGC	AC	1.96608	0.00503	0.01149	-1.96608	0.03590	0.01149
GGG	TGG	GT	0.39780	0.01090	0.01321	-0.39780	0.01623	0.01321
GGG	CGG	GC	0.11737	0.02160	0.02289	-0.11737	0.02429	0.02289
GGG	AGG	GA	-2.73723	0.07673	0.01454	2.73723	0.00497	0.01454
GGG	GTG	GT	1.48596	0.01090	0.02094	-1.48596	0.04818	0.02094
GGG	GCG	GC	-1.17987	0.02160	0.01131	1.17987	0.00664	0.01131
GGG	GAG	GA	1.32077	0.07673	0.13824	-1.32077	0.28745	0.13824
GGG	GGT	GT	-1.44768	0.01090	0.00485	1.44768	0.00256	0.00485
GGG	GGC	GC	0.57773	0.02160	0.02844	-0.57773	0.03850	0.02844
GGG	GGA	GA	-1.38835	0.07673	0.03541	1.38835	0.01914	0.03541


Histograms
2Ns	FMut	FSub(CodonUsage)	FSubw(after w)

-6.78367	0.00239	0.00002
-6.10530	0.00000	0.00000
-5.42694	0.00111	0.00004
-4.74857	0.00593	0.00033
-4.07020	0.02654	0.00269
-3.39183	0.01753	0.00279
-2.71347	0.05870	0.01485
-2.03510	0.09129	0.03748
-1.35673	0.17076	0.10495
-0.67837	0.25452	0.22737
0.00000	0.17381	0.21896
0.67837	0.13243	0.22737
1.35673	0.04656	0.10495
2.03510	0.01310	0.03748
2.71347	0.00410	0.01485
3.39183	0.00064	0.00279
4.07020	0.00053	0.00269
4.74857	0.00006	0.00033
5.42694	0.00001	0.00004
6.10530	0.00000	0.00000
6.78367	0.00000	0.00002

Proportion of advantageous (S > 0) mutations:
 0.27700

Proportions of good & bad mutations (|S| > 2.0000) among mutations:
0.00921  0.14539

mean |Ns| = 1.15649	mean Ns+ = 0.71467	mean Ns- = -1.32575


MLEs of dN/dS (w) for site classes (K=4)

site class             0        1       2a       2b
proportion       0.76053  0.12069  0.10251  0.01627
background w     0.03711  1.00000  0.03711  1.00000
foreground w     0.03711  1.00000  1.00000  1.00000

Naive Empirical Bayes (NEB) probabilities for 4 classes
(amino acids refer to 1st sequence: Bacu)

   1 L   0.80474 0.07852 0.10615 0.01058 ( 1)
   2 I   0.85055 0.03638 0.10816 0.00490 ( 1)
   3 G   0.86255 0.02596 0.10799 0.00350 ( 1)
   4 T   0.87188 0.01825 0.10741 0.00246 ( 1)
   5 F   0.84916 0.03762 0.10815 0.00507 ( 1)
   6 R   0.86118 0.02713 0.10804 0.00366 ( 1)
   7 M   0.86826 0.02119 0.10770 0.00286 ( 1)
   8 V   0.83605 0.04942 0.10787 0.00666 ( 1)
   9 L   0.80474 0.07852 0.10615 0.01058 ( 1)
  10 Q   0.85225 0.03488 0.10817 0.00470 ( 1)
  11 K   0.02154 0.85980 0.00277 0.11589 ( 2)
  12 V   0.83596 0.04951 0.10785 0.00667 ( 1)
  13 V   0.83596 0.04951 0.10785 0.00667 ( 1)
  14 E   0.84892 0.03783 0.10815 0.00510 ( 1)
  15 E   0.84892 0.03783 0.10815 0.00510 ( 1)
  16 G   0.00724 0.87402 0.00093 0.11781 ( 2)
  17 H   0.07720 0.80482 0.00949 0.10848 ( 2)
  18 V   0.83596 0.04951 0.10785 0.00667 ( 1)
  19 E   0.84893 0.03782 0.10815 0.00510 ( 1)
  20 V   0.83596 0.04951 0.10785 0.00667 ( 1)
  21 T   0.87080 0.01931 0.10728 0.00260 ( 1)
  22 D   0.85252 0.03466 0.10814 0.00467 ( 1)
  23 M   0.86809 0.02135 0.10768 0.00288 ( 1)
  24 L   0.80460 0.07867 0.10614 0.01060 ( 1)
  25 I   0.83551 0.04943 0.10840 0.00666 ( 1)
  26 D   0.85246 0.03473 0.10813 0.00468 ( 1)
  27 D   0.85252 0.03466 0.10814 0.00467 ( 1)
  28 N   0.00977 0.14701 0.82340 0.01982 ( 3)
  29 N   0.00038 0.12078 0.86256 0.01628 ( 3)
  30 A   0.01094 0.07993 0.89835 0.01077 ( 3)
  31 I   0.00791 0.24271 0.71666 0.03272 ( 3)
  32 I   0.00800 0.24430 0.71477 0.03293 ( 3)
  33 Q   0.00001 0.23765 0.73030 0.03203 ( 3)
  34 E   0.85613 0.03418 0.10508 0.00461 ( 1)
  35 P   0.88346 0.01327 0.10149 0.00179 ( 1)
  36 A   0.87769 0.01729 0.10269 0.00233 ( 1)
  37 V   0.85211 0.03744 0.10540 0.00505 ( 1)
  38 L   0.80913 0.07544 0.10525 0.01017 ( 1)
  39 E   0.85635 0.03389 0.10519 0.00457 ( 1)
  40 M   0.87658 0.01796 0.10304 0.00242 ( 1)
  41 E   0.02909 0.85244 0.00357 0.11490 ( 2)
  42 N   0.46363 0.42284 0.05654 0.05699 ( 1)
  43 L   0.00199 0.87926 0.00023 0.11852 ( 2)
  44 D   0.86034 0.03061 0.10493 0.00413 ( 1)
  45 R   0.86936 0.02337 0.10412 0.00315 ( 1)
  46 L   0.81058 0.07400 0.10544 0.00997 ( 1)
  47 A   0.86588 0.02615 0.10445 0.00352 ( 1)
  48 I   0.01824 0.86307 0.00236 0.11634 ( 2)
  49 R   0.86203 0.02923 0.10480 0.00394 ( 1)
  50 L   0.80913 0.07544 0.10525 0.01017 ( 1)
  51 G   0.00259 0.87867 0.00031 0.11844 ( 2)
  52 D   0.85087 0.03847 0.10547 0.00519 ( 1)
  53 G   0.87055 0.02250 0.10391 0.00303 ( 1)
  54 L   0.25679 0.62549 0.03340 0.08431 ( 2)
  55 D   0.39313 0.49184 0.04873 0.06630 ( 2)
  56 P   0.83269 0.05425 0.10575 0.00731 ( 1)
  57 D   0.86030 0.03064 0.10492 0.00413 ( 1)
  58 S   0.86501 0.02677 0.10462 0.00361 ( 1)
  59 M   0.33355 0.55042 0.04183 0.07419 ( 2)
  60 S   0.83383 0.05558 0.10310 0.00749 ( 1)
  61 L   0.86641 0.02524 0.10494 0.00340 ( 1)
  62 A   0.85904 0.03167 0.10502 0.00427 ( 1)
  63 S   0.86546 0.02694 0.10397 0.00363 ( 1)
  64 V   0.87651 0.01801 0.10305 0.00243 ( 1)
  65 T   0.86119 0.02990 0.10488 0.00403 ( 1)
  66 A   0.85904 0.03167 0.10502 0.00427 ( 1)
  67 L   0.86961 0.02322 0.10405 0.00313 ( 1)
  68 T   0.88036 0.01525 0.10233 0.00206 ( 1)
  69 T   0.88036 0.01525 0.10233 0.00206 ( 1)
  70 N   0.87955 0.01581 0.10252 0.00213 ( 1)
  71 V   0.56830 0.32154 0.06681 0.04334 ( 1)
  72 S   0.86463 0.02713 0.10457 0.00366 ( 1)
  73 N   0.87947 0.01588 0.10251 0.00214 ( 1)
  74 K   0.84624 0.04244 0.10561 0.00572 ( 1)
  75 R   0.83838 0.04744 0.10778 0.00640 ( 1)
  76 S   0.85836 0.02971 0.10792 0.00401 ( 1)
  77 K   0.84063 0.04541 0.10784 0.00612 ( 1)
  78 P   0.84205 0.04414 0.10787 0.00595 ( 1)
  79 D   0.85407 0.03347 0.10795 0.00451 ( 1)
  80 I   0.83039 0.05473 0.10750 0.00738 ( 1)
  81 K   0.84063 0.04541 0.10784 0.00612 ( 1)
  82 M   0.86959 0.02033 0.10734 0.00274 ( 1)
  83 E   0.85027 0.03681 0.10796 0.00496 ( 1)
  84 P   0.84205 0.04414 0.10787 0.00595 ( 1)
  85 S   0.54735 0.33937 0.06754 0.04574 ( 1)
  86 A   0.85938 0.02887 0.10786 0.00389 ( 1)
  87 G   0.86321 0.02547 0.10788 0.00343 ( 1)
  88 R   0.85534 0.03240 0.10789 0.00437 ( 1)
  89 P   0.85103 0.03617 0.10792 0.00488 ( 1)
  90 M   0.86929 0.02063 0.10730 0.00278 ( 1)
  91 D   0.02423 0.85714 0.00309 0.11554 ( 2)
  92 Y   0.38669 0.49700 0.04932 0.06699 ( 2)
  93 Q   0.42848 0.45587 0.05419 0.06145 ( 2)
  94 V   0.87763 0.01691 0.10318 0.00228 ( 1)
  95 S   0.88799 0.00991 0.10077 0.00134 ( 1)
  96 V   0.03751 0.84411 0.00459 0.11378 ( 2)
  97 T   0.86751 0.02461 0.10457 0.00332 ( 1)
  98 V   0.84412 0.04407 0.10587 0.00594 ( 1)
  99 I   0.85927 0.03124 0.10528 0.00421 ( 1)
 100 E   0.85777 0.03249 0.10536 0.00438 ( 1)
 101 A   0.86246 0.02863 0.10506 0.00386 ( 1)
 102 R   0.86339 0.02789 0.10496 0.00376 ( 1)
 103 Q   0.86123 0.02964 0.10514 0.00400 ( 1)
 104 L   0.81028 0.07430 0.10540 0.01001 ( 1)
 105 V   0.84418 0.04401 0.10587 0.00593 ( 1)
 106 G   0.86710 0.02492 0.10462 0.00336 ( 1)
 107 L   0.87346 0.02000 0.10385 0.00270 ( 1)
 108 N   0.88055 0.01482 0.10263 0.00200 ( 1)
 109 M   0.40495 0.47961 0.05079 0.06465 ( 2)
 110 D   0.86172 0.02925 0.10510 0.00394 ( 1)
 111 P   0.85893 0.03153 0.10529 0.00425 ( 1)
 112 V   0.84412 0.04407 0.10587 0.00594 ( 1)
 113 V   0.85058 0.03767 0.10668 0.00508 ( 1)
 114 C   0.89013 0.00864 0.10006 0.00116 ( 1)
 115 V   0.84412 0.04407 0.10587 0.00594 ( 1)
 116 E   0.85777 0.03249 0.10536 0.00438 ( 1)
 117 V   0.84412 0.04407 0.10587 0.00594 ( 1)
 118 G   0.86710 0.02492 0.10462 0.00336 ( 1)
 119 D   0.86143 0.02953 0.10506 0.00398 ( 1)
 120 D   0.86172 0.02925 0.10510 0.00394 ( 1)
 121 K   0.84769 0.04099 0.10579 0.00553 ( 1)
 122 K   0.84772 0.04097 0.10579 0.00552 ( 1)
 123 F   0.02781 0.85368 0.00344 0.11507 ( 2)
 124 T   0.88083 0.01480 0.10238 0.00199 ( 1)
 125 S   0.86596 0.02582 0.10474 0.00348 ( 1)
 126 M   0.87770 0.01686 0.10317 0.00227 ( 1)
 127 K   0.84769 0.04099 0.10579 0.00553 ( 1)
 128 E   0.85777 0.03249 0.10536 0.00438 ( 1)
 129 S   0.86596 0.02582 0.10474 0.00348 ( 1)
 130 T   0.87365 0.01986 0.10382 0.00268 ( 1)
 131 N   0.88052 0.01484 0.10263 0.00200 ( 1)
 132 C   0.89019 0.00858 0.10007 0.00116 ( 1)
 133 P   0.85893 0.03153 0.10529 0.00425 ( 1)
 134 Y   0.85371 0.03588 0.10557 0.00484 ( 1)
 135 Y   0.85371 0.03588 0.10557 0.00484 ( 1)
 136 N   0.88055 0.01482 0.10263 0.00200 ( 1)
 137 E   0.85757 0.03268 0.10534 0.00441 ( 1)
 138 Y   0.82871 0.05712 0.10646 0.00770 ( 1)
 139 F   0.83173 0.05450 0.10643 0.00735 ( 1)
 140 V   0.85264 0.03601 0.10649 0.00485 ( 1)
 141 F   0.17663 0.28801 0.49654 0.03882 ( 3)
 142 D   0.83619 0.05041 0.10660 0.00680 ( 1)
 143 F   0.83268 0.05355 0.10655 0.00722 ( 1)
 144 H   0.87988 0.01422 0.10398 0.00192 ( 1)
 145 V   0.85185 0.03680 0.10639 0.00496 ( 1)
 146 S   0.34189 0.54066 0.04458 0.07288 ( 2)
 147 P   0.81195 0.07241 0.10587 0.00976 ( 1)
 148 D   0.33537 0.54801 0.04275 0.07387 ( 2)
 149 V   0.85264 0.03601 0.10649 0.00485 ( 1)
 150 M   0.85270 0.03596 0.10649 0.00485 ( 1)
 151 F   0.83268 0.05355 0.10655 0.00722 ( 1)
 152 D   0.83619 0.05041 0.10660 0.00680 ( 1)
 153 K   0.82335 0.06198 0.10631 0.00835 ( 1)
 154 I   0.83405 0.05233 0.10657 0.00705 ( 1)
 155 I   0.83405 0.05233 0.10657 0.00705 ( 1)
 156 K   0.82335 0.06198 0.10631 0.00835 ( 1)
 157 I   0.83405 0.05233 0.10657 0.00705 ( 1)
 158 S   0.85148 0.03701 0.10652 0.00499 ( 1)
 159 V   0.82537 0.05777 0.10907 0.00779 ( 1)
 160 I   0.81941 0.06348 0.10856 0.00856 ( 1)
 161 H   0.86922 0.01709 0.11138 0.00230 ( 1)
 162 S   0.84502 0.03915 0.11055 0.00528 ( 1)
 163 K   0.33348 0.54857 0.04401 0.07394 ( 2)
 164 N   0.85907 0.02615 0.11125 0.00353 ( 1)
 165 L   0.79763 0.08451 0.10647 0.01139 ( 1)
 166 L   0.79763 0.08451 0.10647 0.01139 ( 1)
 167 R   0.84848 0.03597 0.11070 0.00485 ( 1)
 168 S   0.85578 0.02976 0.11045 0.00401 ( 1)
 169 G   0.84459 0.03965 0.11042 0.00534 ( 1)
 170 T   0.85842 0.02687 0.11108 0.00362 ( 1)
 171 L   0.79664 0.08550 0.10633 0.01153 ( 1)
 172 V   0.82394 0.05920 0.10888 0.00798 ( 1)
 173 G   0.84489 0.03935 0.11046 0.00530 ( 1)
 174 S   0.84352 0.04065 0.11036 0.00548 ( 1)
 175 F   0.83617 0.04757 0.10985 0.00641 ( 1)
 176 K   0.84039 0.04364 0.11008 0.00588 ( 1)
 177 M   0.85486 0.03011 0.11096 0.00406 ( 1)
 178 D   0.83955 0.04438 0.11009 0.00598 ( 1)
 179 V   0.82394 0.05920 0.10888 0.00798 ( 1)
 180 G   0.84914 0.03540 0.11069 0.00477 ( 1)
 181 T   0.85857 0.02673 0.11110 0.00360 ( 1)
 182 V   0.82394 0.05920 0.10888 0.00798 ( 1)
 183 Y   0.83231 0.05123 0.10956 0.00691 ( 1)
 184 S   0.84430 0.03987 0.11046 0.00537 ( 1)
 185 Q   0.83931 0.04459 0.11009 0.00601 ( 1)
 186 P   0.86200 0.02363 0.11119 0.00319 ( 1)
 187 E   0.82703 0.05667 0.10866 0.00764 ( 1)
 188 H   0.88079 0.01255 0.10497 0.00169 ( 1)
 189 Q   0.85088 0.03682 0.10733 0.00496 ( 1)
 190 F   0.84786 0.03946 0.10736 0.00532 ( 1)
 191 H   0.88087 0.01246 0.10498 0.00168 ( 1)
 192 H   0.88093 0.01240 0.10499 0.00167 ( 1)
 193 K   0.83794 0.04828 0.10726 0.00651 ( 1)
 194 W   0.83719 0.04889 0.10733 0.00659 ( 1)
 195 A   0.85781 0.03071 0.10734 0.00414 ( 1)
 196 I   0.85077 0.03673 0.10754 0.00495 ( 1)
 197 L   0.80427 0.07919 0.10586 0.01067 ( 1)
 198 S   0.50858 0.37781 0.06268 0.05093 ( 1)
 199 D   0.41681 0.46762 0.05254 0.06303 ( 2)
 200 P   0.84977 0.03767 0.10749 0.00508 ( 1)
 201 D   0.43259 0.45282 0.05356 0.06104 ( 2)
 202 D   0.85292 0.03487 0.10751 0.00470 ( 1)
 203 I   0.85072 0.03678 0.10754 0.00496 ( 1)
 204 S   0.44678 0.43816 0.05601 0.05906 ( 1)
 205 A   0.88184 0.01033 0.10645 0.00139 ( 1)
 206 G   0.86472 0.02452 0.10745 0.00331 ( 1)
 207 L   0.80594 0.07754 0.10608 0.01045 ( 1)
 208 K   0.02263 0.85873 0.00290 0.11575 ( 2)
 209 G   0.86093 0.02761 0.10774 0.00372 ( 1)
 210 Y   0.39368 0.49016 0.05009 0.06607 ( 2)
 211 V   0.24138 0.64119 0.03100 0.08643 ( 2)
 212 K   0.84246 0.04379 0.10784 0.00590 ( 1)
 213 C   0.87745 0.01427 0.10635 0.00192 ( 1)
 214 D   0.85301 0.03416 0.10822 0.00460 ( 1)
 215 V   0.00140 0.87984 0.00017 0.11859 ( 2)
 216 A   0.85971 0.02881 0.10760 0.00388 ( 1)
 217 V   0.83769 0.04822 0.10759 0.00650 ( 1)
 218 M   0.36239 0.52085 0.04654 0.07021 ( 2)
 219 G   0.85978 0.02875 0.10760 0.00387 ( 1)
 220 K   0.84110 0.04514 0.10767 0.00609 ( 1)
 221 G   0.86436 0.02489 0.10740 0.00335 ( 1)
 222 D   0.85459 0.03321 0.10772 0.00448 ( 1)
 223 N   0.87237 0.01846 0.10668 0.00249 ( 1)
 224 I   0.85241 0.03511 0.10775 0.00473 ( 1)
 225 K   0.84110 0.04514 0.10767 0.00609 ( 1)
 226 T   0.00131 0.87992 0.00016 0.11861 ( 2)
 227 P   0.85190 0.03556 0.10775 0.00479 ( 1)
 228 H   0.88282 0.01055 0.10522 0.00142 ( 1)
 229 K   0.84110 0.04514 0.10767 0.00609 ( 1)
 230 A   0.85990 0.02864 0.10760 0.00386 ( 1)
 231 N   0.87300 0.01784 0.10676 0.00240 ( 1)
 232 E   0.85078 0.03654 0.10776 0.00493 ( 1)
 233 T   0.86007 0.02851 0.10757 0.00384 ( 1)
 234 D   0.02712 0.85429 0.00343 0.11515 ( 2)
 235 E   0.85078 0.03654 0.10776 0.00493 ( 1)
 236 D   0.02594 0.85545 0.00330 0.11531 ( 2)
 237 D   0.85459 0.03321 0.10772 0.00448 ( 1)
 238 I   0.83081 0.05447 0.10737 0.00734 ( 1)
 239 E   0.85078 0.03654 0.10776 0.00493 ( 1)
 240 G   0.85950 0.02949 0.10704 0.00397 ( 1)
 241 N   0.87640 0.01866 0.10243 0.00252 ( 1)
 242 L   0.86952 0.02366 0.10363 0.00319 ( 1)
 243 L   0.80713 0.07738 0.10506 0.01043 ( 1)
 244 L   0.86680 0.02578 0.10394 0.00347 ( 1)
 245 P   0.85357 0.03666 0.10482 0.00494 ( 1)
 246 E   0.02602 0.85547 0.00320 0.11531 ( 2)
 247 G   0.86711 0.02565 0.10379 0.00346 ( 1)
 248 V   0.83962 0.04841 0.10545 0.00653 ( 1)
 249 P   0.85431 0.03593 0.10491 0.00484 ( 1)
 250 P   0.03150 0.85013 0.00378 0.11459 ( 2)
 251 E   0.85372 0.03640 0.10498 0.00491 ( 1)
 252 R   0.86637 0.02612 0.10399 0.00352 ( 1)
 253 Q   0.85685 0.03380 0.10480 0.00456 ( 1)
 254 W   0.84163 0.04667 0.10541 0.00629 ( 1)
 255 A   0.86298 0.02881 0.10432 0.00388 ( 1)
 256 R   0.85907 0.03198 0.10464 0.00431 ( 1)
 257 F   0.85356 0.03653 0.10499 0.00492 ( 1)
 258 Y   0.84866 0.04073 0.10512 0.00549 ( 1)
 259 V   0.83962 0.04841 0.10545 0.00653 ( 1)
 260 K   0.84318 0.04534 0.10538 0.00611 ( 1)
 261 I   0.34068 0.54274 0.04342 0.07316 ( 2)
 262 Y   0.84922 0.04018 0.10519 0.00542 ( 1)
 263 R   0.87585 0.01263 0.10982 0.00170 ( 1)
 264 A   0.87567 0.01903 0.10273 0.00257 ( 1)
 265 E   0.85332 0.03673 0.10500 0.00495 ( 1)
 266 G   0.86658 0.02582 0.10412 0.00348 ( 1)
 267 L   0.80682 0.07769 0.10502 0.01047 ( 1)
 268 P   0.85471 0.03554 0.10496 0.00479 ( 1)
 269 R   0.49022 0.39737 0.05884 0.05356 ( 1)
 270 M   0.87400 0.02027 0.10300 0.00273 ( 1)
 271 N   0.87701 0.01806 0.10250 0.00243 ( 1)
 272 T   0.85904 0.03188 0.10478 0.00430 ( 1)
 273 S   0.64069 0.25236 0.07294 0.03402 ( 1)
 274 L   0.86626 0.02632 0.10387 0.00355 ( 1)
 275 M   0.87400 0.02027 0.10300 0.00273 ( 1)
 276 A   0.86298 0.02881 0.10432 0.00388 ( 1)
 277 N   0.87701 0.01806 0.10250 0.00243 ( 1)
 278 M   0.87400 0.02027 0.10300 0.00273 ( 1)
 279 K   0.84318 0.04534 0.10538 0.00611 ( 1)
 280 K   0.84351 0.04500 0.10542 0.00607 ( 1)
 281 A   0.85771 0.03281 0.10505 0.00442 ( 1)
 282 F   0.85356 0.03653 0.10499 0.00492 ( 1)
 283 I   0.83955 0.04842 0.10551 0.00653 ( 1)
 284 G   0.88583 0.01200 0.10055 0.00162 ( 1)
 285 E   0.85332 0.03673 0.10500 0.00495 ( 1)
 286 N   0.57456 0.31573 0.06715 0.04256 ( 1)
 287 K   0.84318 0.04534 0.10538 0.00611 ( 1)
 288 D   0.85735 0.03339 0.10476 0.00450 ( 1)
 289 L   0.80682 0.07769 0.10502 0.01047 ( 1)
 290 V   0.05387 0.82820 0.00629 0.11164 ( 2)
 291 D   0.85615 0.03458 0.10461 0.00466 ( 1)
 292 P   0.85329 0.03694 0.10479 0.00498 ( 1)
 293 Y   0.84798 0.04140 0.10504 0.00558 ( 1)
 294 V   0.83840 0.04962 0.10529 0.00669 ( 1)
 295 Q   0.87420 0.02051 0.10253 0.00276 ( 1)
 296 V   0.87230 0.02192 0.10282 0.00295 ( 1)
 297 F   0.84963 0.03895 0.10617 0.00525 ( 1)
 298 F   0.82476 0.06102 0.10599 0.00823 ( 1)
 299 A   0.85760 0.03240 0.10564 0.00437 ( 1)
 300 G   0.85772 0.03227 0.10567 0.00435 ( 1)
 301 Q   0.85174 0.03730 0.10593 0.00503 ( 1)
 302 K   0.83837 0.04889 0.10615 0.00659 ( 1)
 303 G   0.86378 0.02642 0.10624 0.00356 ( 1)
 304 K   0.84596 0.04146 0.10699 0.00559 ( 1)
 305 T   0.87115 0.02043 0.10567 0.00275 ( 1)
 306 S   0.83612 0.05118 0.10580 0.00690 ( 1)
 307 V   0.84261 0.04440 0.10700 0.00598 ( 1)
 308 Q   0.85916 0.03009 0.10670 0.00406 ( 1)
 309 K   0.86090 0.02870 0.10653 0.00387 ( 1)
 310 S   0.88499 0.01018 0.10346 0.00137 ( 1)
 311 S   0.88499 0.01018 0.10346 0.00137 ( 1)
 312 Y   0.85009 0.03785 0.10695 0.00510 ( 1)
 313 E   0.85579 0.03295 0.10682 0.00444 ( 1)
 314 P   0.85299 0.03633 0.10578 0.00490 ( 1)
 315 L   0.80933 0.07467 0.10593 0.01007 ( 1)
 316 W   0.84445 0.04279 0.10699 0.00577 ( 1)
 317 N   0.88392 0.01090 0.10372 0.00147 ( 1)
 318 E   0.85579 0.03295 0.10682 0.00444 ( 1)
 319 Q   0.85925 0.02999 0.10671 0.00404 ( 1)
 320 V   0.84733 0.04107 0.10606 0.00554 ( 1)
 321 V   0.57334 0.31483 0.06940 0.04244 ( 1)
 322 F   0.83199 0.05392 0.10683 0.00727 ( 1)
 323 T   0.86038 0.02906 0.10664 0.00392 ( 1)
 324 D   0.85963 0.02969 0.10667 0.00400 ( 1)
 325 L   0.80933 0.07467 0.10593 0.01007 ( 1)
 326 F   0.85525 0.03351 0.10672 0.00452 ( 1)
 327 P   0.85634 0.03255 0.10672 0.00439 ( 1)
 328 P   0.88090 0.01328 0.10403 0.00179 ( 1)
 329 L   0.86852 0.02238 0.10608 0.00302 ( 1)
 330 C   0.88708 0.00883 0.10290 0.00119 ( 1)
 331 K   0.84596 0.04146 0.10699 0.00559 ( 1)
 332 R   0.86812 0.02271 0.10612 0.00306 ( 1)
 333 M   0.57795 0.31062 0.06956 0.04187 ( 1)
 334 K   0.84933 0.03812 0.10742 0.00514 ( 1)
 335 V   0.85135 0.03669 0.10701 0.00495 ( 1)
 336 Q   0.85916 0.03009 0.10670 0.00406 ( 1)
 337 I   0.85744 0.03154 0.10677 0.00425 ( 1)
 338 R   0.86114 0.02845 0.10658 0.00383 ( 1)
 339 D   0.85963 0.02969 0.10667 0.00400 ( 1)
 340 S   0.82902 0.05660 0.10675 0.00763 ( 1)
 341 D   0.85963 0.02969 0.10667 0.00400 ( 1)
 342 K   0.84596 0.04146 0.10699 0.00559 ( 1)
 343 V   0.87491 0.01742 0.10532 0.00235 ( 1)
 344 N   0.87785 0.01518 0.10492 0.00205 ( 1)
 345 D   0.85961 0.02972 0.10667 0.00401 ( 1)
 346 V   0.36925 0.51451 0.04689 0.06935 ( 2)
 347 A   0.49622 0.39017 0.06102 0.05259 ( 1)
 348 I   0.85733 0.03165 0.10675 0.00427 ( 1)
 349 G   0.86483 0.02539 0.10636 0.00342 ( 1)
 350 T   0.87865 0.01460 0.10478 0.00197 ( 1)
 351 H   0.88752 0.00856 0.10276 0.00115 ( 1)
 352 F   0.85597 0.03280 0.10681 0.00442 ( 1)
 353 I   0.83679 0.05021 0.10624 0.00677 ( 1)
 354 D   0.85958 0.02974 0.10667 0.00401 ( 1)
 355 L   0.25591 0.62619 0.03349 0.08441 ( 2)
 356 R   0.86832 0.02251 0.10614 0.00303 ( 1)
 357 K   0.84591 0.04152 0.10698 0.00560 ( 1)
 358 I   0.36704 0.51961 0.04331 0.07004 ( 2)
 359 S   0.86371 0.02631 0.10644 0.00355 ( 1)
 360 N   0.87783 0.01520 0.10492 0.00205 ( 1)
 361 D   0.44974 0.43557 0.05598 0.05871 ( 1)
 362 G   0.86388 0.02624 0.10634 0.00354 ( 1)
 363 D   0.85910 0.03022 0.10661 0.00407 ( 1)
 364 K   0.86108 0.02856 0.10651 0.00385 ( 1)
 365 G   0.86261 0.02724 0.10649 0.00367 ( 1)
 366 F   0.85634 0.03365 0.10548 0.00454 ( 1)
 367 L   0.80994 0.07452 0.10549 0.01005 ( 1)
 368 P   0.85727 0.03288 0.10542 0.00443 ( 1)
 369 T   0.86602 0.02573 0.10478 0.00347 ( 1)
 370 L   0.80917 0.07530 0.10538 0.01015 ( 1)
 371 G   0.86561 0.02605 0.10483 0.00351 ( 1)
 372 P   0.85740 0.03274 0.10544 0.00441 ( 1)
 373 A   0.04491 0.83685 0.00544 0.11280 ( 2)
 374 W   0.84464 0.04358 0.10591 0.00587 ( 1)
 375 V   0.84262 0.04534 0.10593 0.00611 ( 1)
 376 N   0.87916 0.01575 0.10297 0.00212 ( 1)
 377 M   0.87630 0.01782 0.10348 0.00240 ( 1)
 378 Y   0.85043 0.03863 0.10573 0.00521 ( 1)
 379 G   0.86561 0.02605 0.10483 0.00351 ( 1)
 380 S   0.86446 0.02697 0.10493 0.00363 ( 1)
 381 T   0.86219 0.02882 0.10510 0.00388 ( 1)
 382 R   0.86897 0.02339 0.10448 0.00315 ( 1)
 383 N   0.87916 0.01575 0.10297 0.00212 ( 1)
 384 Y   0.85218 0.03712 0.10569 0.00500 ( 1)
 385 T   0.86607 0.02568 0.10479 0.00346 ( 1)
 386 L   0.80917 0.07530 0.10538 0.01015 ( 1)
 387 L   0.81191 0.07256 0.10574 0.00978 ( 1)
 388 D   0.85986 0.03075 0.10525 0.00414 ( 1)
 389 E   0.85624 0.03371 0.10550 0.00454 ( 1)
 390 H   0.88947 0.00894 0.10038 0.00121 ( 1)
 391 Q   0.85971 0.03083 0.10530 0.00416 ( 1)
 392 D   0.45325 0.43293 0.05546 0.05836 ( 1)
 393 L   0.80917 0.07530 0.10538 0.01015 ( 1)
 394 N   0.88218 0.01392 0.10202 0.00188 ( 1)
 395 E   0.02997 0.85156 0.00369 0.11478 ( 2)
 396 G   0.86577 0.02589 0.10485 0.00349 ( 1)
 397 L   0.80931 0.07516 0.10540 0.01013 ( 1)
 398 G   0.87004 0.02263 0.10428 0.00305 ( 1)
 399 E   0.85583 0.03412 0.10545 0.00460 ( 1)
 400 G   0.86518 0.02648 0.10478 0.00357 ( 1)
 401 V   0.84172 0.04623 0.10582 0.00623 ( 1)
 402 S   0.87650 0.01724 0.10394 0.00232 ( 1)
 403 F   0.85560 0.03438 0.10538 0.00463 ( 1)
 404 R   0.86806 0.02430 0.10437 0.00327 ( 1)
 405 A   0.86476 0.02690 0.10471 0.00363 ( 1)
 406 R   0.86714 0.02520 0.10426 0.00340 ( 1)
 407 L   0.86756 0.02487 0.10422 0.00335 ( 1)
 408 M   0.87465 0.01945 0.10328 0.00262 ( 1)
 409 L   0.80755 0.07691 0.10517 0.01037 ( 1)
 410 G   0.86370 0.02794 0.10460 0.00377 ( 1)
 411 L   0.80755 0.07691 0.10517 0.01037 ( 1)
 412 A   0.88700 0.00955 0.10216 0.00129 ( 1)
 413 V   0.16146 0.25680 0.54713 0.03461 ( 3)
 414 E   0.85212 0.03779 0.10500 0.00509 ( 1)
 415 I   0.85385 0.03634 0.10491 0.00490 ( 1)
 416 L   0.80563 0.07882 0.10492 0.01062 ( 1)
 417 D   0.85572 0.03486 0.10472 0.00470 ( 1)
 418 T   0.49759 0.39041 0.05938 0.05262 ( 1)
 419 S   0.86012 0.03126 0.10441 0.00421 ( 1)
 420 N   0.55497 0.33489 0.06500 0.04514 ( 1)
 421 P   0.82823 0.05849 0.10539 0.00788 ( 1)
 422 E   0.85168 0.03823 0.10494 0.00515 ( 1)
 423 L   0.86499 0.02721 0.10414 0.00367 ( 1)
 424 T   0.87625 0.01860 0.10264 0.00251 ( 1)
 425 S   0.88299 0.01359 0.10158 0.00183 ( 1)
 426 S   0.85952 0.03139 0.10486 0.00423 ( 1)
 427 T   0.86020 0.03063 0.10504 0.00413 ( 1)
 428 E   0.02584 0.85563 0.00320 0.11533 ( 2)
 429 V   0.83546 0.05213 0.10538 0.00703 ( 1)
 430 Q   0.85257 0.03748 0.10490 0.00505 ( 1)
 431 V   0.83540 0.05219 0.10538 0.00703 ( 1)
 432 E   0.84934 0.04021 0.10503 0.00542 ( 1)
 433 Q   0.03543 0.84628 0.00422 0.11407 ( 2)
 434 A   0.85841 0.03271 0.10447 0.00441 ( 1)
 435 T   0.40891 0.47664 0.05020 0.06425 ( 2)
 436 P   0.84559 0.04110 0.10777 0.00554 ( 1)
 437 V   0.86349 0.02515 0.10797 0.00339 ( 1)
 438 S   0.85039 0.03709 0.10752 0.00500 ( 1)
 439 E   0.84198 0.04457 0.10743 0.00601 ( 1)
 440 S   0.88040 0.01446 0.10319 0.00195 ( 1)
 441 C   0.88307 0.01253 0.10271 0.00169 ( 1)
 442 V   0.83609 0.05077 0.10629 0.00684 ( 1)
 443 G   0.86366 0.02720 0.10547 0.00367 ( 1)
 444 K   0.85502 0.03416 0.10622 0.00460 ( 1)
 445 M   0.86975 0.02234 0.10490 0.00301 ( 1)
 446 E   0.84978 0.03883 0.10616 0.00523 ( 1)
 447 E   0.84978 0.03883 0.10616 0.00523 ( 1)
 448 F   0.84960 0.03898 0.10616 0.00525 ( 1)
 449 F   0.82578 0.06000 0.10612 0.00809 ( 1)
 450 L   0.86021 0.03003 0.10571 0.00405 ( 1)
 451 F   0.82578 0.06000 0.10612 0.00809 ( 1)
 452 G   0.85827 0.03164 0.10583 0.00427 ( 1)
 453 A   0.85886 0.03115 0.10579 0.00420 ( 1)
 454 L   0.85699 0.03336 0.10515 0.00450 ( 1)
 455 L   0.80440 0.07954 0.10534 0.01072 ( 1)
 456 E   0.84936 0.03919 0.10617 0.00528 ( 1)
 457 A   0.85886 0.03115 0.10579 0.00420 ( 1)
 458 S   0.82294 0.06258 0.10605 0.00843 ( 1)
 459 M   0.86975 0.02234 0.10490 0.00301 ( 1)
 460 I   0.85069 0.03810 0.10608 0.00514 ( 1)
 461 D   0.85313 0.03600 0.10602 0.00485 ( 1)
 462 R   0.85500 0.03438 0.10598 0.00463 ( 1)
 463 K   0.85536 0.03408 0.10597 0.00459 ( 1)
 464 N   0.87737 0.01631 0.10412 0.00220 ( 1)
 465 G   0.85827 0.03164 0.10583 0.00427 ( 1)
 466 D   0.85331 0.03581 0.10605 0.00483 ( 1)
 467 K   0.83946 0.04781 0.10629 0.00644 ( 1)
 468 P   0.85052 0.03819 0.10614 0.00515 ( 1)
 469 I   0.85105 0.03774 0.10612 0.00509 ( 1)
 470 T   0.53406 0.35435 0.06383 0.04776 ( 1)
 471 F   0.82578 0.06000 0.10612 0.00809 ( 1)
 472 E   0.84936 0.03919 0.10617 0.00528 ( 1)
 473 V   0.86968 0.02239 0.10491 0.00302 ( 1)
 474 T   0.86676 0.02454 0.10539 0.00331 ( 1)
 475 I   0.89892 0.00367 0.09691 0.00050 ( 1)
 476 G   0.85829 0.03171 0.10573 0.00427 ( 1)
 477 N   0.88021 0.01515 0.10259 0.00204 ( 1)
 478 Y   0.85149 0.03782 0.10560 0.00510 ( 1)
 479 G   0.87149 0.02158 0.10402 0.00291 ( 1)
 480 N   0.88124 0.01494 0.10181 0.00201 ( 1)
 481 E   0.85776 0.03256 0.10528 0.00439 ( 1)
 482 V   0.87845 0.01613 0.10324 0.00217 ( 1)
 483 D   0.85178 0.03758 0.10558 0.00506 ( 1)
 484 G   0.86748 0.02455 0.10466 0.00331 ( 1)
 485 L   0.80994 0.07464 0.10536 0.01006 ( 1)
 486 S   0.88138 0.01433 0.10235 0.00193 ( 1)
 487 R   0.85329 0.03679 0.10496 0.00496 ( 1)
 488 P   0.85851 0.03195 0.10524 0.00431 ( 1)
 489 Q   0.18806 0.17470 0.61368 0.02355 ( 3)
 490 R   0.86339 0.02789 0.10496 0.00376 ( 1)
 491 P   0.33167 0.55182 0.04212 0.07438 ( 2)
 492 R   0.18698 0.17613 0.61316 0.02374 ( 3)
 493 P   0.83411 0.05283 0.10593 0.00712 ( 1)
 494 R   0.47351 0.41323 0.05757 0.05570 ( 1)
 495 P   0.83411 0.05283 0.10593 0.00712 ( 1)
