Supplemental results for CODEML (seqf: /home/leticiamagpali/phd/evol_models/codeml/small_dataset/cml_align/CASQ2_codon_aligned.phy  treef: /home/leticiamagpali/phd/evol_models/codeml/small_dataset/cml_trees/H2_trees/CASQ2_tree_H2.tre)

I	J	ij	2Ns_IJ	pMut_IJ	pSub_IJ	2Ns_JI	pMut_JI	pSub_JI

TTC	TTT	CT	0.54270	0.12568	0.16285	-0.54270	0.21625	0.16285
TTA	TTT	AT	6.11723	0.00008	0.00051	-6.11723	0.03787	0.00051
TTA	TTC	AC	5.57453	0.00011	0.00060	-5.57453	0.02820	0.00060
TTG	TTT	GT	0.80937	0.01670	0.02436	-0.80937	0.03751	0.02436
TTG	TTC	GC	0.26667	0.02140	0.02438	-0.26667	0.02794	0.02438
TTG	TTA	GA	-5.30786	0.10602	0.00280	5.30786	0.00053	0.00280
TCT	TTT	CT	1.76931	0.03686	0.07862	-1.76931	0.21625	0.07862
TCC	TTC	CT	1.52398	0.03508	0.06836	-1.52398	0.16105	0.06836
TCC	TCT	CT	0.29737	0.03508	0.04056	-0.29737	0.04723	0.04056
TCA	TTA	CT	-3.75936	0.02442	0.00219	3.75936	0.00057	0.00219
TCA	TCT	AT	0.58857	0.00459	0.00608	-0.58857	0.00827	0.00608
TCA	TCC	AC	0.29120	0.00588	0.00678	-0.29120	0.00787	0.00678
TCG	TTG	CT	4.85315	0.00089	0.00434	-4.85315	0.11381	0.00434
TCG	TCT	GT	3.89321	0.00017	0.00066	-3.89321	0.00819	0.00066
TCG	TCC	GC	3.59584	0.00021	0.00079	-3.59584	0.00780	0.00079
TCG	TCA	GA	3.30464	0.00106	0.00364	-3.30464	0.02888	0.00364
TAT	TTT	AT	1.18276	0.01161	0.01979	-1.18276	0.03787	0.01979
TAT	TCT	AC	-0.58655	0.01487	0.01093	0.58655	0.00827	0.01093
TAC	TTC	AT	0.51424	0.01687	0.02157	-0.51424	0.02820	0.02157
TAC	TCC	AC	-1.00974	0.02161	0.01251	1.00974	0.00787	0.01251
TAC	TAT	CT	-0.12582	0.08971	0.08418	0.12582	0.07910	0.08418
TGT	TTT	GT	3.80510	0.00083	0.00325	-3.80510	0.03751	0.00325
TGT	TCT	GC	2.03579	0.00107	0.00251	-2.03579	0.00819	0.00251
TGT	TAT	GA	2.62235	0.00530	0.01499	-2.62235	0.07299	0.01499
TGC	TTC	GT	1.96281	0.00392	0.00896	-1.96281	0.02794	0.00896
TGC	TCC	GC	0.43884	0.00503	0.00621	-0.43884	0.00780	0.00621
TGC	TAC	GA	1.44858	0.02492	0.04717	-1.44858	0.10606	0.04717
TGC	TGT	CT	-1.29959	0.02087	0.01017	1.29959	0.00569	0.01017
TGG	TTG	GT	0.59830	0.01085	0.01442	-0.59830	0.01974	0.01442
TGG	TCG	GC	-4.25485	0.01391	0.00085	4.25485	0.00020	0.00085
TGG	TGT	GT	-2.39744	0.01085	0.00260	2.39744	0.00099	0.00260
TGG	TGC	GC	-1.09785	0.01391	0.00764	1.09785	0.00464	0.00764
CTT	TTT	CT	1.53419	0.04663	0.09120	-1.53419	0.21625	0.09120
CTC	TTC	CT	0.99558	0.05951	0.09397	-0.99558	0.16105	0.09397
CTC	CTT	CT	0.00410	0.05951	0.05963	-0.00410	0.05975	0.05963
CTA	TTA	CT	-4.13405	0.03553	0.00239	4.13405	0.00057	0.00239
CTA	CTT	AT	0.44899	0.00668	0.00829	-0.44899	0.01046	0.00829
CTA	CTC	AC	0.44489	0.00856	0.01060	-0.44489	0.01335	0.01060
CTG	TTG	CT	-0.38860	0.16787	0.13736	0.38860	0.11381	0.13736
CTG	CTT	GT	-1.11342	0.03156	0.01719	1.11342	0.01037	0.01719
CTG	CTC	GC	-1.11752	0.04044	0.02197	1.11752	0.01323	0.02197
CTG	CTA	GA	-1.56241	0.20038	0.08304	1.56241	0.04201	0.08304
CCT	TCT	CT	0.32301	0.03419	0.04001	-0.32301	0.04723	0.04001
CCT	CTT	CT	0.55813	0.03419	0.04462	-0.55813	0.05975	0.04462
CCC	TCC	CT	-0.47633	0.07239	0.05651	0.47633	0.04496	0.05651
CCC	CTC	CT	0.05207	0.07239	0.07429	-0.05207	0.07626	0.07429
CCC	CCT	CT	-0.50197	0.07239	0.05573	0.50197	0.04382	0.05573
CCA	TCA	CT	-0.80728	0.07017	0.04561	0.80728	0.03130	0.04561
CCA	CTA	CT	-0.43259	0.07017	0.05608	0.43259	0.04553	0.05608
CCA	CCT	AT	-0.54173	0.01319	0.00994	0.54173	0.00767	0.00994
CCA	CCC	AC	-0.03976	0.01690	0.01657	0.03976	0.01625	0.01657
CCG	TCG	CT	-2.35471	0.01199	0.00296	2.35471	0.00114	0.00296
CCG	CTG	CT	2.88703	0.01199	0.03666	-2.88703	0.21511	0.03666
CCG	CCT	GT	1.21548	0.00225	0.00390	-1.21548	0.00760	0.00390
CCG	CCC	GC	1.71745	0.00289	0.00605	-1.71745	0.01609	0.00605
CCG	CCA	GA	1.75721	0.01431	0.03039	-1.75721	0.08296	0.03039
CAT	TAT	CT	0.73980	0.03775	0.05342	-0.73980	0.07910	0.05342
CAT	CTT	AT	0.38837	0.00710	0.00856	-0.38837	0.01046	0.00856
CAT	CCT	AC	-0.16977	0.00909	0.00834	0.16977	0.00767	0.00834
CAC	TAC	CT	1.18680	0.03508	0.05993	-1.18680	0.11495	0.05993
CAC	CTC	AT	0.70545	0.00660	0.00919	-0.70545	0.01335	0.00919
CAC	CCC	AC	0.65338	0.00845	0.01151	-0.65338	0.01625	0.01151
CAC	CAT	CT	0.32118	0.03508	0.04102	-0.32118	0.04837	0.04102
CAA	CTA	AT	0.25502	0.00618	0.00700	-0.25502	0.00797	0.00700
CAA	CCA	AC	0.68761	0.00792	0.01095	-0.68761	0.01575	0.01095
CAA	CAT	AT	0.31564	0.00618	0.00720	-0.31564	0.00847	0.00720
CAA	CAC	AC	-0.00554	0.00792	0.00790	0.00554	0.00787	0.00790
CAG	CTG	AT	0.98799	0.01403	0.02208	-0.98799	0.03767	0.02208
CAG	CCG	AC	-1.89905	0.01797	0.00601	1.89905	0.00269	0.00601
CAG	CAT	GT	-0.51380	0.01403	0.01073	0.51380	0.00839	0.01073
CAG	CAC	GC	-0.83498	0.01797	0.01150	0.83498	0.00780	0.01150
CAG	CAA	GA	-0.82944	0.08906	0.05717	0.82944	0.03886	0.05717
CGT	TGT	CT	-0.28265	0.00755	0.00653	0.28265	0.00569	0.00653
CGT	CTT	GT	1.98826	0.00142	0.00327	-1.98826	0.01037	0.00327
CGT	CCT	GC	1.43013	0.00182	0.00342	-1.43013	0.00760	0.00342
CGT	CAT	GA	1.59989	0.00901	0.01807	-1.59989	0.04463	0.01807
CGC	TGC	CT	-0.63807	0.05063	0.03618	0.63807	0.02675	0.03618
CGC	CTC	GT	0.32916	0.00952	0.01117	-0.32916	0.01323	0.01117
CGC	CCC	GC	0.27709	0.01220	0.01396	-0.27709	0.01609	0.01396
CGC	CAC	GA	-0.37629	0.06043	0.04977	0.37629	0.04148	0.04977
CGC	CGT	CT	-1.65501	0.05063	0.01979	1.65501	0.00967	0.01979
CGA	CTA	GT	9.14179	0.00000	0.00000	-9.14179	0.00790	0.00001
CGA	CCA	GC	9.57439	0.00000	0.00000	-9.57439	0.01560	0.00001
CGA	CAA	GA	8.88678	0.00000	0.00000	-8.88678	0.03886	0.00005
CGA	CGT	AT	7.60253	0.00000	0.00000	-7.60253	0.00169	0.00001
CGA	CGC	AC	9.25753	0.00000	0.00000	-9.25753	0.01136	0.00001
CGG	TGG	CT	1.85741	0.01155	0.02541	-1.85741	0.07398	0.02541
CGG	CTG	GT	2.84431	0.00217	0.00656	-2.84431	0.03731	0.00656
CGG	CCG	GC	-0.04272	0.00278	0.00272	0.04272	0.00267	0.00272
CGG	CAG	GA	1.85632	0.01378	0.03032	-1.85632	0.08821	0.03032
CGG	CGT	GT	-0.25737	0.00217	0.00190	0.25737	0.00168	0.00190
CGG	CGC	GC	1.39764	0.00278	0.00516	-1.39764	0.01125	0.00516
CGG	CGA	GA	-7.85989	0.01378	0.00004	7.85989	0.00000	0.00000
ATT	TTT	AT	0.59577	0.02087	0.02770	-0.59577	0.03787	0.02770
ATT	CTT	AC	-0.93842	0.02675	0.01613	0.93842	0.01046	0.01613
ATC	TTC	AT	0.13893	0.02455	0.02629	-0.13893	0.02820	0.02629
ATC	CTC	AC	-0.85666	0.03145	0.01988	0.85666	0.01335	0.01988
ATC	ATT	CT	0.08586	0.13056	0.13625	-0.08586	0.14227	0.13625
ATA	TTA	AT	-3.22414	0.00250	0.00033	3.22414	0.00010	0.00033
ATA	CTA	AC	0.90991	0.00321	0.00489	-0.90991	0.00797	0.00489
ATA	ATT	AT	2.29732	0.00250	0.00640	-2.29732	0.02492	0.00640
ATA	ATC	AC	2.21146	0.00321	0.00797	-2.21146	0.02930	0.00797
ATG	TTG	AT	0.63909	0.01052	0.01424	-0.63909	0.01993	0.01424
ATG	CTG	AC	1.02769	0.01348	0.02157	-1.02769	0.03767	0.02157
ATG	ATT	GT	0.85269	0.01052	0.01563	-0.85269	0.02468	0.01563
ATG	ATC	GC	0.76684	0.01348	0.01930	-0.76684	0.02902	0.01930
ATG	ATA	GA	-1.44463	0.06679	0.02978	1.44463	0.01575	0.02978
ACT	TCT	AT	-0.06754	0.00885	0.00855	0.06754	0.00827	0.00855
ACT	CCT	AC	-0.39055	0.01134	0.00927	0.39055	0.00767	0.00927
ACT	ATT	CT	1.10600	0.04707	0.07781	-1.10600	0.14227	0.07781
ACC	TCC	AT	0.10385	0.00710	0.00747	-0.10385	0.00787	0.00747
ACC	CCC	AC	0.58018	0.00909	0.01199	-0.58018	0.01625	0.01199
ACC	ATC	CT	1.48891	0.03775	0.07258	-1.48891	0.16731	0.07258
ACC	ACT	CT	0.46876	0.03775	0.04728	-0.46876	0.06032	0.04728
ACA	TCA	AT	-0.64392	0.01044	0.00743	0.64392	0.00548	0.00743
ACA	CCA	AC	0.16336	0.01337	0.01450	-0.16336	0.01575	0.01450
ACA	ATA	CT	-1.17914	0.05551	0.02907	1.17914	0.01707	0.02907
ACA	ACT	AT	0.01218	0.01044	0.01050	-0.01218	0.01056	0.01050
ACA	ACC	AC	-0.45658	0.01337	0.01055	0.45658	0.00847	0.01055
ACG	TCG	AT	-2.42563	0.00225	0.00053	2.42563	0.00020	0.00053
ACG	CCG	AC	-0.07092	0.00289	0.00279	0.07092	0.00269	0.00279
ACG	ATG	CT	1.78842	0.01199	0.02575	-1.78842	0.07170	0.02575
ACG	ACT	GT	1.53512	0.00225	0.00441	-1.53512	0.01046	0.00441
ACG	ACC	GC	1.06635	0.00289	0.00470	-1.06635	0.00839	0.00470
ACG	ACA	GA	1.52293	0.01431	0.02788	-1.52293	0.06563	0.02788
AAT	TAT	AT	0.29935	0.01027	0.01188	-0.29935	0.01385	0.01188
AAT	CAT	AC	-0.44045	0.01316	0.01047	0.44045	0.00847	0.01047
AAT	ATT	AT	0.88633	0.01027	0.01548	-0.88633	0.02492	0.01548
AAT	ACT	AC	-0.21966	0.01316	0.01177	0.21966	0.01056	0.01177
AAC	TAC	AT	0.22264	0.01611	0.01797	-0.22264	0.02013	0.01797
AAC	CAC	AC	-0.96416	0.02065	0.01227	0.96416	0.00787	0.01227
AAC	ATC	AT	0.59795	0.01611	0.02141	-0.59795	0.02930	0.02141
AAC	ACC	AC	-0.89096	0.02065	0.01280	0.89096	0.00847	0.01280
AAC	AAT	CT	-0.20253	0.08571	0.07732	0.20253	0.07000	0.07732
AAA	CAA	AC	-1.34658	0.02835	0.01342	1.34658	0.00738	0.01342
AAA	ATA	AT	-2.00147	0.02213	0.00692	2.00147	0.00299	0.00692
AAA	ACA	AC	-0.82234	0.02835	0.01827	0.82234	0.01246	0.01827
AAA	AAT	AT	-0.59049	0.02213	0.01623	0.59049	0.01226	0.01623
AAA	AAC	AC	-0.38796	0.02835	0.02321	0.38796	0.01924	0.02321
AAG	CAG	AC	-1.00374	0.04568	0.02653	1.00374	0.01674	0.02653
AAG	ATG	AT	-1.04344	0.03565	0.02023	1.04344	0.01256	0.02023
AAG	ACG	AC	-2.83187	0.04568	0.00810	2.83187	0.00269	0.00810
AAG	AAT	GT	-1.07709	0.03565	0.01983	1.07709	0.01214	0.01983
AAG	AAC	GC	-0.87456	0.04568	0.02858	0.87456	0.01905	0.02858
AAG	AAA	GA	-0.48660	0.22636	0.17573	0.48660	0.13914	0.17573
AGT	TGT	AT	-2.63835	0.01394	0.00283	2.63835	0.00100	0.00283
AGT	CGT	AC	-2.35570	0.01787	0.00441	2.35570	0.00169	0.00441
AGT	ATT	GT	0.57098	0.01394	0.01830	-0.57098	0.02468	0.01830
AGT	ACT	GC	-0.53502	0.01787	0.01351	0.53502	0.01046	0.01351
AGT	AAT	GA	-0.31535	0.08853	0.07530	0.31535	0.06458	0.07530
AGC	TGC	AT	-0.22129	0.00584	0.00522	0.22129	0.00468	0.00522
AGC	CGC	AC	0.41678	0.00749	0.00916	-0.41678	0.01136	0.00916
AGC	ATC	GT	1.60260	0.00584	0.01173	-1.60260	0.02902	0.01173
AGC	ACC	GC	0.11369	0.00749	0.00792	-0.11369	0.00839	0.00792
AGC	AAC	GA	1.00465	0.03711	0.05882	-1.00465	0.10134	0.05882
AGC	AGT	CT	1.11748	0.03109	0.05162	-1.11748	0.09503	0.05162
AGA	CGA	AC	-8.40084	0.00449	0.00001	8.40084	0.00000	0.00000
AGA	ATA	GT	-0.16896	0.00351	0.00322	0.16896	0.00296	0.00322
AGA	ACA	GC	1.01018	0.00449	0.00714	-1.01018	0.01234	0.00714
AGA	AAA	GA	1.83252	0.02226	0.04857	-1.83252	0.13914	0.04857
AGA	AGT	AT	1.55738	0.00351	0.00692	-1.55738	0.01664	0.00692
AGA	AGC	AC	0.43991	0.00449	0.00555	-0.43991	0.00698	0.00555
AGG	TGG	AT	1.00154	0.00476	0.00753	-1.00154	0.01296	0.00753
AGG	CGG	AC	-0.85587	0.00610	0.00386	0.85587	0.00259	0.00386
AGG	ATG	GT	0.96074	0.00476	0.00741	-0.96074	0.01244	0.00741
AGG	ACG	GC	-0.82768	0.00610	0.00392	0.82768	0.00267	0.00392
AGG	AAG	GA	2.00419	0.03022	0.06999	-2.00419	0.22421	0.06999
AGG	AGT	GT	1.24246	0.00476	0.00831	-1.24246	0.01649	0.00831
AGG	AGC	GC	0.12498	0.00610	0.00649	-0.12498	0.00691	0.00649
AGG	AGA	GA	-0.31493	0.03022	0.02571	0.31493	0.02205	0.02571
GTT	TTT	GT	0.87658	0.01561	0.02344	-0.87658	0.03751	0.02344
GTT	CTT	GC	-0.65761	0.02001	0.01414	0.65761	0.01037	0.01414
GTT	ATT	GA	0.28081	0.09913	0.11370	-0.28081	0.13127	0.11370
GTC	TTC	GT	0.70097	0.01386	0.01928	-0.70097	0.02794	0.01928
GTC	CTC	GC	-0.29461	0.01776	0.01527	0.29461	0.01323	0.01527
GTC	ATC	GA	0.56205	0.08800	0.11503	-0.56205	0.15437	0.11503
GTC	GTT	CT	0.36710	0.07372	0.08808	-0.36710	0.10642	0.08808
GTA	TTA	GT	-2.82822	0.00167	0.00030	2.82822	0.00010	0.00030
GTA	CTA	GC	1.30583	0.00214	0.00383	-1.30583	0.00790	0.00383
GTA	ATA	GA	0.39592	0.01060	0.01284	-0.39592	0.01575	0.01284
GTA	GTT	AT	2.41243	0.00167	0.00442	-2.41243	0.01864	0.00442
GTA	GTC	AC	2.04534	0.00214	0.00503	-2.04534	0.01654	0.00503
GTG	TTG	GT	-0.39780	0.02939	0.02393	0.39780	0.01974	0.02393
GTG	CTG	GC	-0.00920	0.03766	0.03749	0.00920	0.03731	0.03749
GTG	ATG	GA	-1.03689	0.18660	0.10628	1.03689	0.06616	0.10628
GTG	GTT	GT	-0.46501	0.02939	0.02308	0.46501	0.01846	0.02308
GTG	GTC	GC	-0.83211	0.03766	0.02414	0.83211	0.01639	0.02414
GTG	GTA	GA	-2.87744	0.18660	0.03202	2.87744	0.01050	0.03202
GCT	TCT	GT	-0.71695	0.01678	0.01148	0.71695	0.00819	0.01148
GCT	CCT	GC	-1.03996	0.02150	0.01223	1.03996	0.00760	0.01223
GCT	ACT	GA	-0.64941	0.10655	0.07567	0.64941	0.05566	0.07567
GCT	GTT	CT	0.17578	0.08926	0.09734	-0.17578	0.10642	0.09734
GCC	TCC	GT	-0.15439	0.00910	0.00842	0.15439	0.00780	0.00842
GCC	CCC	GC	0.32194	0.01166	0.01364	-0.32194	0.01609	0.01364
GCC	ACC	GA	-0.25824	0.05778	0.05064	0.25824	0.04463	0.05064
GCC	GTC	CT	0.66862	0.04841	0.06638	-0.66862	0.09447	0.06638
GCC	GCT	CT	0.85993	0.04841	0.07217	-0.85993	0.11438	0.07217
GCA	TCA	GT	-0.48859	0.00885	0.00686	0.48859	0.00543	0.00686
GCA	CCA	GC	0.31869	0.01134	0.01324	-0.31869	0.01560	0.01324
GCA	ACA	GA	0.15533	0.05619	0.06067	-0.15533	0.06563	0.06067
GCA	GTA	CT	-1.41973	0.04707	0.02131	1.41973	0.01138	0.02131
GCA	GCT	AT	0.81692	0.00885	0.01295	-0.81692	0.02003	0.01295
GCA	GCC	AC	-0.04301	0.01134	0.01110	0.04301	0.01086	0.01110
GCG	TCG	GT	-3.47007	0.00635	0.00071	3.47007	0.00020	0.00071
GCG	CCG	GC	-1.11536	0.00813	0.00442	1.11536	0.00267	0.00442
GCG	ACG	GA	-1.04444	0.04029	0.02285	1.04444	0.01418	0.02285
GCG	GTG	CT	1.78087	0.03375	0.07229	-1.78087	0.20031	0.07229
GCG	GCT	GT	1.14009	0.00635	0.01064	-1.14009	0.01984	0.01064
GCG	GCC	GC	0.28015	0.00813	0.00932	-0.28015	0.01076	0.00932
GCG	GCA	GA	0.32316	0.04029	0.04715	-0.32316	0.05566	0.04715
GAT	TAT	GT	-1.49516	0.06120	0.02645	1.49516	0.01372	0.02645
GAT	CAT	GC	-2.23496	0.07842	0.02100	2.23496	0.00839	0.02100
GAT	AAT	GA	-1.79451	0.38857	0.13900	1.79451	0.06458	0.13900
GAT	GTT	AT	-1.18898	0.06120	0.03186	1.18898	0.01864	0.03186
GAT	GCT	AC	-1.36476	0.07842	0.03672	1.36476	0.02003	0.03672
GAC	TAC	GT	-1.27649	0.07147	0.03530	1.27649	0.01994	0.03530
GAC	CAC	GC	-2.46329	0.09158	0.02100	2.46329	0.00780	0.02100
GAC	AAC	GA	-1.49912	0.45377	0.19560	1.49912	0.10134	0.19560
GAC	GTC	AT	-1.46322	0.07147	0.03150	1.46322	0.01654	0.03150
GAC	GCC	AC	-2.13184	0.09158	0.02628	2.13184	0.01086	0.02628
GAC	GAT	CT	0.09285	0.38014	0.39806	-0.09285	0.41713	0.39806
GAA	CAA	GC	-1.87222	0.04750	0.01616	1.87222	0.00731	0.01616
GAA	AAA	GA	-0.52564	0.23537	0.17890	0.52564	0.13914	0.17890
GAA	GTA	AT	-2.92303	0.03707	0.00616	2.92303	0.00199	0.00616
GAA	GCA	AC	-1.50330	0.04750	0.02042	1.50330	0.01056	0.02042
GAA	GAT	AT	0.67838	0.03707	0.05105	-0.67838	0.07305	0.05105
GAA	GAC	AC	0.58553	0.04750	0.06276	-0.58553	0.08531	0.06276
GAG	CAG	GC	-1.69347	0.09019	0.03441	1.69347	0.01658	0.03441
GAG	AAG	GA	-0.68973	0.44688	0.31035	0.68973	0.22421	0.31035
GAG	GTG	AT	-0.69628	0.07038	0.04870	0.69628	0.03508	0.04870
GAG	GCG	AC	-2.47715	0.09019	0.02048	2.47715	0.00757	0.02048
GAG	GAT	GT	0.02769	0.07038	0.07136	-0.02769	0.07236	0.07136
GAG	GAC	GC	-0.06516	0.09019	0.08728	0.06516	0.08450	0.08728
GAG	GAA	GA	-0.65069	0.44688	0.31715	0.65069	0.23313	0.31715
GGT	TGT	GT	-1.55525	0.00468	0.00195	1.55525	0.00099	0.00195
GGT	CGT	GC	-1.27260	0.00599	0.00297	1.27260	0.00168	0.00297
GGT	AGT	GA	1.08310	0.02969	0.04861	-1.08310	0.08769	0.04861
GGT	GTT	GT	1.37327	0.00468	0.00860	-1.37327	0.01846	0.00860
GGT	GCT	GC	1.19749	0.00599	0.01028	-1.19749	0.01984	0.01028
GGT	GAT	GA	2.56225	0.02969	0.08242	-2.56225	0.38488	0.08242
GGC	TGC	GT	-0.76983	0.01002	0.00665	0.76983	0.00464	0.00665
GGC	CGC	GC	-0.13176	0.01284	0.01201	0.13176	0.01125	0.01201
GGC	AGC	GA	-0.54854	0.06361	0.04775	0.54854	0.03676	0.04775
GGC	GTC	GT	0.49201	0.01002	0.01268	-0.49201	0.01639	0.01268
GGC	GCC	GC	-0.17661	0.01284	0.01174	0.17661	0.01076	0.01174
GGC	GAC	GA	1.95523	0.06361	0.14488	-1.95523	0.44946	0.14488
GGC	GGT	CT	-0.51416	0.05329	0.04076	0.51416	0.03187	0.04076
GGA	CGA	GC	-8.69807	0.00599	0.00001	8.69807	0.00000	0.00000
GGA	AGA	GA	-0.29723	0.02969	0.02549	0.29723	0.02205	0.02549
GGA	GTA	GT	-0.86211	0.00468	0.00295	0.86211	0.00197	0.00295
GGA	GCA	GC	0.55762	0.00599	0.00782	-0.55762	0.01046	0.00782
GGA	GAA	GA	2.06093	0.02969	0.07011	-2.06093	0.23313	0.07011
GGA	GGT	AT	0.17706	0.00468	0.00510	-0.17706	0.00558	0.00510
GGA	GGC	AC	0.69122	0.00599	0.00830	-0.69122	0.01196	0.00830
GGG	TGG	GT	0.23103	0.01019	0.01141	-0.23103	0.01283	0.01141
GGG	CGG	GC	-1.62639	0.01305	0.00520	1.62639	0.00257	0.00520
GGG	AGG	GA	-0.77051	0.06467	0.04293	0.77051	0.02993	0.04293
GGG	GTG	GT	1.22712	0.01019	0.01768	-1.22712	0.03475	0.01768
GGG	GCG	GC	-0.55375	0.01305	0.00977	0.55375	0.00750	0.00977
GGG	GAG	GA	1.92340	0.06467	0.14568	-1.92340	0.44264	0.14568
GGG	GGT	GT	-0.61116	0.01019	0.00739	0.61116	0.00553	0.00739
GGG	GGC	GC	-0.09699	0.01305	0.01243	0.09699	0.01185	0.01243
GGG	GGA	GA	-0.78821	0.06467	0.04250	0.78821	0.02940	0.04250


Histograms
2Ns	FMut	FSub(CodonUsage)	FSubw(after w)

-9.11846	0.00376	0.00001
-8.20662	0.00086	0.00000
-7.29477	0.00008	0.00000
-6.38292	0.00179	0.00003
-5.47108	0.00633	0.00020
-4.55923	0.00770	0.00045
-3.64739	0.00546	0.00069
-2.73554	0.05962	0.01506
-1.82369	0.23297	0.10875
-0.91185	0.27269	0.22740
0.00000	0.23589	0.29484
0.91185	0.12716	0.22740
1.82369	0.04123	0.10875
2.73554	0.00420	0.01506
3.64739	0.00015	0.00069
4.55923	0.00008	0.00045
5.47108	0.00003	0.00020
6.38292	0.00000	0.00003
7.29477	0.00000	0.00000
8.20662	0.00000	0.00000
9.11846	0.00000	0.00000

Proportion of advantageous (S > 0) mutations:
 0.27880

Proportions of good & bad mutations (|S| > 2.0000) among mutations:
0.00864  0.11879

mean |Ns| = 1.15041	mean Ns+ = 0.70649	mean Ns- = -1.32202


MLEs of dN/dS (w) for site classes (K=4)

site class             0        1       2a       2b
proportion       0.71450  0.21966  0.05036  0.01548
background w     0.01819  1.00000  0.01819  1.00000
foreground w     0.01819  1.00000  4.93830  4.93830

Naive Empirical Bayes (NEB) probabilities for 4 classes
(amino acids refer to 1st sequence: Bbon)

   1 M   0.88061 0.10505 0.01230 0.00204 ( 1)
   2 K   0.08687 0.87979 0.00254 0.03080 ( 2)
   3 R   0.13514 0.84939 0.00153 0.01394 ( 2)
   4 T   0.87307 0.11109 0.01350 0.00234 ( 1)
   5 H   0.14274 0.84184 0.00161 0.01380 ( 2)
   6 L   0.74950 0.19821 0.04089 0.01140 ( 1)
   7 F   0.78516 0.17470 0.03213 0.00801 ( 1)
   8 V   0.79936 0.16506 0.02876 0.00683 ( 1)
   9 M   0.08052 0.88018 0.00290 0.03641 ( 2)
  10 A   0.11150 0.86575 0.00202 0.02073 ( 2)
  11 V   0.85144 0.12760 0.01757 0.00339 ( 1)
  12 Y   0.80711 0.15973 0.02693 0.00622 ( 1)
  13 L   0.74950 0.19821 0.04089 0.01140 ( 1)
  14 L   0.74950 0.19821 0.04089 0.01140 ( 1)
  15 S   0.87844 0.10690 0.01255 0.00211 ( 1)
  16 S   0.87844 0.10690 0.01255 0.00211 ( 1)
  17 C   0.90252 0.08754 0.00868 0.00126 ( 1)
  18 R   0.90515 0.08540 0.00827 0.00118 ( 1)
  19 A   0.82792 0.14493 0.02238 0.00477 ( 1)
  20 E   0.04167 0.47266 0.39208 0.09360 ( 2)
  21 E   0.79765 0.16614 0.02923 0.00698 ( 1)
  22 G   0.87227 0.11175 0.01361 0.00237 ( 1)
  23 L   0.75322 0.19450 0.04110 0.01119 ( 1)
  24 N   0.07907 0.54852 0.31735 0.05506 ( 2)
  25 F   0.80444 0.16156 0.02757 0.00643 ( 1)
  26 P   0.81925 0.15113 0.02427 0.00536 ( 1)
  27 T   0.87307 0.11109 0.01350 0.00234 ( 1)
  28 Y   0.80941 0.15821 0.02635 0.00604 ( 1)
  29 D   0.78491 0.17480 0.03225 0.00804 ( 1)
  30 G   0.87546 0.10924 0.01306 0.00224 ( 1)
  31 K   0.09146 0.87523 0.00267 0.03064 ( 2)
  32 D   0.78571 0.17450 0.03185 0.00794 ( 1)
  33 R   0.82373 0.14824 0.02302 0.00501 ( 1)
  34 V   0.80190 0.16400 0.02755 0.00654 ( 1)
  35 V   0.85261 0.12702 0.01708 0.00329 ( 1)
  36 S   0.81642 0.15343 0.02464 0.00552 ( 1)
  37 L   0.80309 0.16301 0.02744 0.00646 ( 1)
  38 T   0.87413 0.11055 0.01306 0.00227 ( 1)
  39 E   0.79855 0.16578 0.02879 0.00687 ( 1)
  40 K   0.82164 0.14974 0.02347 0.00515 ( 1)
  41 N   0.87444 0.11024 0.01306 0.00226 ( 1)
  42 F   0.80539 0.16117 0.02712 0.00632 ( 1)
  43 K   0.82164 0.14974 0.02347 0.00515 ( 1)
  44 Q   0.79852 0.16623 0.02844 0.00680 ( 1)
  45 V   0.85118 0.12807 0.01737 0.00337 ( 1)
  46 L   0.06652 0.88623 0.00304 0.04420 ( 2)
  47 K   0.82164 0.14974 0.02347 0.00515 ( 1)
  48 K   0.82317 0.14862 0.02316 0.00505 ( 1)
  49 Y   0.04480 0.48217 0.38429 0.08875 ( 2)
  50 D   0.78571 0.17450 0.03185 0.00794 ( 1)
  51 L   0.76988 0.18567 0.03519 0.00926 ( 1)
  52 L   0.85744 0.12381 0.01576 0.00300 ( 1)
  53 C   0.90723 0.08447 0.00725 0.00105 ( 1)
  54 L   0.85768 0.12357 0.01576 0.00299 ( 1)
  55 Y   0.80697 0.16044 0.02644 0.00616 ( 1)
  56 Y   0.04446 0.48353 0.38285 0.08915 ( 2)
  57 H   0.85466 0.12589 0.01631 0.00314 ( 1)
  58 E   0.79753 0.16679 0.02876 0.00692 ( 1)
  59 P   0.81905 0.15190 0.02375 0.00529 ( 1)
  60 V   0.07688 0.88430 0.00272 0.03609 ( 2)
  61 S   0.86758 0.11603 0.01388 0.00251 ( 1)
  62 S   0.83866 0.13308 0.02372 0.00453 ( 1)
  63 D   0.77782 0.18011 0.03348 0.00859 ( 1)
  64 K   0.82191 0.14987 0.02312 0.00510 ( 1)
  65 A   0.00210 0.97264 0.00004 0.02521 ( 2)
  66 A   0.00004 0.89609 0.00018 0.10369 ( 2)
  67 Q   0.79751 0.16724 0.02841 0.00684 ( 1)
  68 K   0.82191 0.14987 0.02312 0.00510 ( 1)
  69 Q   0.01264 0.27628 0.57301 0.13806 ( 3)
  70 F   0.04588 0.49662 0.37044 0.08706 ( 2)
  71 Q   0.79836 0.16693 0.02798 0.00673 ( 1)
  72 M   0.00002 0.81617 0.00023 0.18358 ( 2)
  73 K   0.82191 0.14987 0.02312 0.00510 ( 1)
  74 E   0.80135 0.16465 0.02745 0.00655 ( 1)
  75 I   0.80625 0.16130 0.02628 0.00617 ( 1)
  76 V   0.80639 0.15861 0.02854 0.00647 ( 1)
  77 L   0.74890 0.19910 0.04060 0.01139 ( 1)
  78 E   0.79619 0.16813 0.02871 0.00697 ( 1)
  79 F   0.77180 0.17965 0.03887 0.00969 ( 1)
  80 D   0.03120 0.41211 0.44351 0.11319 ( 3)
  81 E   0.78681 0.16887 0.03591 0.00842 ( 1)
  82 E   0.78681 0.16887 0.03591 0.00842 ( 1)
  83 G   0.84849 0.12331 0.02401 0.00419 ( 1)
  84 S   0.79751 0.16111 0.03381 0.00757 ( 1)
  85 L   0.74232 0.20049 0.04472 0.01247 ( 1)
  86 Y   0.79223 0.16499 0.03481 0.00797 ( 1)
  87 V   0.09404 0.86888 0.00316 0.03392 ( 2)
  88 L   0.83530 0.13368 0.02610 0.00492 ( 1)
  89 K   0.80202 0.15784 0.03291 0.00723 ( 1)
  90 G   0.88943 0.09179 0.01654 0.00223 ( 1)
  91 D   0.76572 0.18397 0.04008 0.01023 ( 1)
  92 R   0.80383 0.15651 0.03257 0.00709 ( 1)
  93 T   0.79956 0.15963 0.03340 0.00741 ( 1)
  94 I   0.80242 0.15754 0.03285 0.00720 ( 1)
  95 E   0.78238 0.17205 0.03679 0.00878 ( 1)
  96 F   0.77180 0.17965 0.03887 0.00969 ( 1)
  97 D   0.76572 0.18397 0.04008 0.01023 ( 1)
  98 G   0.85195 0.12068 0.02337 0.00400 ( 1)
  99 E   0.78238 0.17205 0.03679 0.00878 ( 1)
 100 F   0.77180 0.17965 0.03887 0.00969 ( 1)
 101 A   0.81247 0.15165 0.02957 0.00631 ( 1)
 102 A   0.80730 0.15397 0.03190 0.00684 ( 1)
 103 D   0.76572 0.18397 0.04008 0.01023 ( 1)
 104 V   0.82957 0.13751 0.02760 0.00532 ( 1)
 105 L   0.75842 0.18926 0.04144 0.01088 ( 1)
 106 V   0.78375 0.17108 0.03650 0.00867 ( 1)
 107 E   0.78238 0.17205 0.03679 0.00878 ( 1)
 108 F   0.77202 0.17942 0.03888 0.00967 ( 1)
 109 L   0.83563 0.13299 0.02644 0.00494 ( 1)
 110 L   0.75842 0.18926 0.04144 0.01088 ( 1)
 111 D   0.77007 0.18131 0.03884 0.00979 ( 1)
 112 L   0.10548 0.86786 0.00233 0.02433 ( 2)
 113 I   0.08767 0.87626 0.00283 0.03324 ( 2)
 114 E   0.79833 0.16437 0.03022 0.00708 ( 1)
 115 D   0.78107 0.17621 0.03419 0.00852 ( 1)
 116 P   0.80659 0.16080 0.02643 0.00618 ( 1)
 117 V   0.79936 0.16506 0.02876 0.00683 ( 1)
 118 E   0.79765 0.16614 0.02923 0.00698 ( 1)
 119 I   0.80788 0.15912 0.02683 0.00618 ( 1)
 120 I   0.80788 0.15912 0.02683 0.00618 ( 1)
 121 N   0.12229 0.85770 0.00190 0.01811 ( 2)
 122 S   0.88683 0.10022 0.01116 0.00179 ( 1)
 123 K   0.82211 0.14909 0.02364 0.00516 ( 1)
 124 L   0.74950 0.19821 0.04089 0.01140 ( 1)
 125 E   0.80289 0.16256 0.02799 0.00656 ( 1)
 126 V   0.85143 0.12760 0.01757 0.00339 ( 1)
 127 Q   0.79848 0.16628 0.02844 0.00679 ( 1)
 128 A   0.85516 0.12482 0.01683 0.00319 ( 1)
 129 F   0.78516 0.17470 0.03213 0.00801 ( 1)
 130 E   0.79765 0.16614 0.02923 0.00698 ( 1)
 131 R   0.82267 0.14871 0.02350 0.00512 ( 1)
 132 I   0.82101 0.14986 0.02390 0.00524 ( 1)
 133 E   0.79765 0.16614 0.02923 0.00698 ( 1)
 134 D   0.78491 0.17480 0.03225 0.00804 ( 1)
 135 H   0.85501 0.12497 0.01683 0.00319 ( 1)
 136 I   0.80788 0.15912 0.02683 0.00618 ( 1)
 137 K   0.82211 0.14909 0.02364 0.00516 ( 1)
 138 L   0.85804 0.12263 0.01628 0.00304 ( 1)
 139 I   0.80856 0.15844 0.02685 0.00615 ( 1)
 140 G   0.87546 0.10924 0.01306 0.00224 ( 1)
 141 F   0.78516 0.17470 0.03213 0.00801 ( 1)
 142 F   0.80444 0.16156 0.02757 0.00643 ( 1)
 143 K   0.82059 0.15020 0.02395 0.00526 ( 1)
 144 S   0.81540 0.15386 0.02511 0.00562 ( 1)
 145 E   0.79769 0.16610 0.02924 0.00698 ( 1)
 146 D   0.78491 0.17480 0.03225 0.00804 ( 1)
 147 S   0.82076 0.15030 0.02372 0.00521 ( 1)
 148 -   0.78970 0.17404 0.02894 0.00731 ( 1)
 149 -   0.07210 0.88890 0.00257 0.03643 ( 2)
 150 Y   0.80342 0.16124 0.02871 0.00663 ( 1)
 151 K   0.81655 0.15194 0.02584 0.00567 ( 1)
 152 A   0.82240 0.14771 0.02461 0.00528 ( 1)
 153 F   0.78213 0.17583 0.03365 0.00839 ( 1)
 154 E   0.79931 0.16400 0.02973 0.00697 ( 1)
 155 E   0.79422 0.16748 0.03092 0.00738 ( 1)
 156 A   0.82371 0.14680 0.02431 0.00518 ( 1)
 157 A   0.82240 0.14771 0.02461 0.00528 ( 1)
 158 E   0.79931 0.16400 0.02973 0.00697 ( 1)
 159 H   0.85037 0.12726 0.01881 0.00357 ( 1)
 160 F   0.80082 0.16302 0.02933 0.00684 ( 1)
 161 Q   0.79422 0.16792 0.03055 0.00731 ( 1)
 162 P   0.87499 0.10835 0.01429 0.00238 ( 1)
 163 Y   0.80342 0.16124 0.02871 0.00663 ( 1)
 164 I   0.80415 0.16064 0.02862 0.00659 ( 1)
 165 K   0.81803 0.15085 0.02554 0.00557 ( 1)
 166 F   0.78213 0.17583 0.03365 0.00839 ( 1)
 167 F   0.78213 0.17583 0.03365 0.00839 ( 1)
 168 A   0.82240 0.14771 0.02461 0.00528 ( 1)
 169 T   0.86440 0.11659 0.01616 0.00286 ( 1)
 170 F   0.80082 0.16302 0.02933 0.00684 ( 1)
 171 D   0.78189 0.17592 0.03377 0.00842 ( 1)
 172 K   0.81803 0.15085 0.02554 0.00557 ( 1)
 173 G   0.86749 0.11427 0.01553 0.00271 ( 1)
 174 V   0.83201 0.14372 0.01997 0.00431 ( 1)
 175 A   0.81207 0.15790 0.02437 0.00565 ( 1)
 176 K   0.80554 0.16242 0.02590 0.00614 ( 1)
 177 K   0.80689 0.16147 0.02560 0.00604 ( 1)
 178 L   0.76115 0.19204 0.03679 0.01002 ( 1)
 179 S   0.85843 0.12416 0.01459 0.00282 ( 1)
 180 L   0.76115 0.19204 0.03679 0.01002 ( 1)
 181 K   0.80554 0.16242 0.02590 0.00614 ( 1)
 182 M   0.86046 0.12246 0.01434 0.00274 ( 1)
 183 N   0.87840 0.10856 0.01109 0.00195 ( 1)
 184 E   0.78533 0.17591 0.03093 0.00782 ( 1)
 185 V   0.83203 0.14370 0.01997 0.00430 ( 1)
 186 D   0.77427 0.18313 0.03377 0.00883 ( 1)
 187 F   0.79129 0.17206 0.02936 0.00729 ( 1)
 188 Y   0.79564 0.16928 0.02818 0.00691 ( 1)
 189 E   0.78533 0.17591 0.03093 0.00782 ( 1)
 190 P   0.78802 0.17411 0.03027 0.00759 ( 1)
 191 F   0.77450 0.18305 0.03365 0.00880 ( 1)
 192 M   0.86046 0.12246 0.01434 0.00274 ( 1)
 193 D   0.77407 0.18333 0.03376 0.00884 ( 1)
 194 E   0.78533 0.17591 0.03093 0.00782 ( 1)
 195 P   0.80434 0.16321 0.02620 0.00624 ( 1)
 196 I   0.80590 0.16213 0.02585 0.00612 ( 1)
 197 A   0.83674 0.14033 0.01893 0.00401 ( 1)
 198 I   0.79430 0.17000 0.02865 0.00705 ( 1)
 199 P   0.82991 0.14498 0.02065 0.00447 ( 1)
 200 D   0.77344 0.18343 0.03419 0.00894 ( 1)
 201 K   0.04392 0.48413 0.38182 0.09012 ( 2)
 202 P   0.80322 0.16368 0.02673 0.00636 ( 1)
 203 Y   0.79262 0.17093 0.02924 0.00721 ( 1)
 204 T   0.80190 0.16458 0.02704 0.00647 ( 1)
 205 E   0.78893 0.17329 0.03024 0.00754 ( 1)
 206 E   0.03672 0.45516 0.40554 0.10258 ( 2)
 207 E   0.78374 0.17651 0.03172 0.00803 ( 1)
 208 L   0.83860 0.13845 0.01899 0.00396 ( 1)
 209 V   0.78522 0.17562 0.03128 0.00788 ( 1)
 210 E   0.03703 0.45773 0.40323 0.10200 ( 2)
 211 F   0.77335 0.18345 0.03425 0.00895 ( 1)
 212 V   0.78329 0.17716 0.03153 0.00802 ( 1)
 213 K   0.80129 0.16513 0.02709 0.00650 ( 1)
 214 E   0.78184 0.17802 0.03198 0.00816 ( 1)
 215 H   0.86702 0.11729 0.01324 0.00245 ( 1)
 216 Q   0.78274 0.17815 0.03116 0.00795 ( 1)
 217 -   0.80274 0.16056 0.02990 0.00680 ( 1)
 218 -   0.76205 0.18931 0.03842 0.01021 ( 1)
 219 -   0.79017 0.17034 0.03181 0.00768 ( 1)
 220 -   0.76201 0.18644 0.04097 0.01058 ( 1)
 221 -   0.09317 0.86823 0.00330 0.03530 ( 2)
 222 -   0.77350 0.17849 0.03848 0.00953 ( 1)
 223 -   0.74273 0.20025 0.04460 0.01242 ( 1)
 224 -   0.77350 0.17849 0.03848 0.00953 ( 1)
 225 -   0.76046 0.18774 0.04109 0.01071 ( 1)
 226 -   0.76169 0.18687 0.04084 0.01059 ( 1)
 227 -   0.74749 0.19687 0.04369 0.01195 ( 1)
 228 -   0.81297 0.14985 0.03075 0.00643 ( 1)
 229 -   0.75154 0.19403 0.04287 0.01155 ( 1)
 230 -   0.76064 0.18700 0.04158 0.01078 ( 1)
 231 -   0.77051 0.18062 0.03908 0.00979 ( 1)
 232 -   0.74307 0.19999 0.04455 0.01239 ( 1)
 233 E   0.80383 0.16218 0.02754 0.00645 ( 1)
 234 D   0.77861 0.17932 0.03351 0.00855 ( 1)
 235 D   0.77861 0.17932 0.03351 0.00855 ( 1)
 236 L   0.77019 0.18536 0.03520 0.00925 ( 1)
 237 N   0.87416 0.11051 0.01306 0.00227 ( 1)
 238 G   0.87348 0.11109 0.01314 0.00229 ( 1)
 239 I   0.80885 0.15871 0.02637 0.00607 ( 1)
 240 H   0.89476 0.09409 0.00966 0.00149 ( 1)
 241 I   0.82206 0.14940 0.02341 0.00513 ( 1)
 242 V   0.80027 0.16469 0.02832 0.00672 ( 1)
 243 A   0.85635 0.12422 0.01634 0.00310 ( 1)
 244 F   0.78813 0.17349 0.03072 0.00766 ( 1)
 245 A   0.85895 0.12148 0.01653 0.00305 ( 1)
 246 E   0.79855 0.16578 0.02879 0.00687 ( 1)
 247 R   0.90556 0.08543 0.00788 0.00114 ( 1)
 248 S   0.81642 0.15343 0.02464 0.00552 ( 1)
 249 D   0.77861 0.17932 0.03351 0.00855 ( 1)
 250 P   0.80165 0.16363 0.02808 0.00663 ( 1)
 251 D   0.77789 0.17958 0.03389 0.00865 ( 1)
 252 G   0.87546 0.10924 0.01306 0.00224 ( 1)
 253 Y   0.80851 0.15910 0.02632 0.00607 ( 1)
 254 E   0.79765 0.16614 0.02923 0.00698 ( 1)
 255 F   0.80444 0.16156 0.02757 0.00643 ( 1)
 256 L   0.74950 0.19821 0.04089 0.01140 ( 1)
 257 E   0.79765 0.16614 0.02923 0.00698 ( 1)
 258 I   0.80788 0.15912 0.02683 0.00618 ( 1)
 259 L   0.74950 0.19821 0.04089 0.01140 ( 1)
 260 K   0.82059 0.15019 0.02395 0.00526 ( 1)
 261 Q   0.79739 0.16658 0.02907 0.00695 ( 1)
 262 V   0.85001 0.12865 0.01787 0.00347 ( 1)
 263 A   0.82659 0.14586 0.02269 0.00486 ( 1)
 264 R   0.90923 0.08227 0.00746 0.00104 ( 1)
 265 D   0.78491 0.17480 0.03225 0.00804 ( 1)
 266 N   0.87295 0.11117 0.01353 0.00235 ( 1)
 267 T   0.89144 0.09745 0.00957 0.00153 ( 1)
 268 D   0.78491 0.17480 0.03225 0.00804 ( 1)
 269 N   0.87295 0.11117 0.01353 0.00235 ( 1)
 270 P   0.84912 0.12938 0.01799 0.00351 ( 1)
 271 D   0.78491 0.17480 0.03225 0.00804 ( 1)
 272 L   0.76059 0.19448 0.03513 0.00979 ( 1)
 273 S   0.88683 0.10022 0.01116 0.00179 ( 1)
 274 I   0.80816 0.15883 0.02684 0.00617 ( 1)
 275 V   0.13664 0.84612 0.00177 0.01547 ( 2)
 276 W   0.77000 0.18506 0.03561 0.00933 ( 1)
 277 I   0.80788 0.15912 0.02683 0.00618 ( 1)
 278 D   0.78491 0.17480 0.03225 0.00804 ( 1)
 279 P   0.80073 0.16400 0.02853 0.00674 ( 1)
 280 D   0.77847 0.17927 0.03367 0.00859 ( 1)
 281 D   0.78491 0.17480 0.03225 0.00804 ( 1)
 282 F   0.78516 0.17470 0.03213 0.00801 ( 1)
 283 P   0.84912 0.12938 0.01799 0.00351 ( 1)
 284 L   0.74950 0.19821 0.04089 0.01140 ( 1)
 285 L   0.86085 0.12083 0.01545 0.00287 ( 1)
 286 V   0.85118 0.12807 0.01737 0.00337 ( 1)
 287 A   0.85471 0.12585 0.01631 0.00314 ( 1)
 288 Y   0.81033 0.15786 0.02588 0.00593 ( 1)
 289 W   0.77065 0.18483 0.03527 0.00924 ( 1)
 290 E   0.80383 0.16218 0.02754 0.00645 ( 1)
 291 K   0.82164 0.14974 0.02347 0.00515 ( 1)
 292 T   0.87038 0.11345 0.01374 0.00243 ( 1)
 293 F   0.80539 0.16117 0.02712 0.00632 ( 1)
 294 K   0.82164 0.14974 0.02347 0.00515 ( 1)
 295 I   0.82206 0.14940 0.02341 0.00513 ( 1)
 296 D   0.78571 0.17450 0.03185 0.00794 ( 1)
 297 L   0.80309 0.16301 0.02744 0.00646 ( 1)
 298 F   0.80539 0.16117 0.02712 0.00632 ( 1)
 299 K   0.82164 0.14974 0.02347 0.00515 ( 1)
 300 P   0.80204 0.16348 0.02790 0.00659 ( 1)
 301 Q   0.79852 0.16623 0.02844 0.00680 ( 1)
 302 I   0.82206 0.14940 0.02341 0.00513 ( 1)
 303 G   0.87306 0.11143 0.01321 0.00231 ( 1)
 304 V   0.80027 0.16469 0.02832 0.00672 ( 1)
 305 V   0.80027 0.16469 0.02832 0.00672 ( 1)
 306 N   0.90041 0.08949 0.00879 0.00131 ( 1)
 307 V   0.85118 0.12807 0.01737 0.00337 ( 1)
 308 T   0.81878 0.15175 0.02412 0.00535 ( 1)
 309 D   0.77861 0.17932 0.03351 0.00855 ( 1)
 310 A   0.82767 0.14538 0.02220 0.00476 ( 1)
 311 D   0.78571 0.17450 0.03185 0.00794 ( 1)
 312 S   0.81642 0.15343 0.02464 0.00552 ( 1)
 313 V   0.85261 0.12702 0.01708 0.00329 ( 1)
 314 W   0.77065 0.18483 0.03527 0.00924 ( 1)
 315 M   0.88183 0.10436 0.01184 0.00197 ( 1)
 316 E   0.79857 0.16577 0.02879 0.00687 ( 1)
 317 I   0.82206 0.14940 0.02341 0.00513 ( 1)
 318 P   0.80426 0.16104 0.02817 0.00653 ( 1)
 319 D   0.03536 0.44744 0.41205 0.10516 ( 2)
 320 G   0.91378 0.07854 0.00676 0.00092 ( 1)
 321 D   0.77861 0.17932 0.03351 0.00855 ( 1)
 322 D   0.04945 0.90726 0.00200 0.04128 ( 2)
 323 L   0.74993 0.19807 0.04066 0.01134 ( 1)
 324 P   0.82029 0.15067 0.02379 0.00525 ( 1)
 325 T   0.81878 0.15175 0.02412 0.00535 ( 1)
 326 A   0.82767 0.14538 0.02220 0.00476 ( 1)
 327 E   0.79855 0.16578 0.02879 0.00687 ( 1)
 328 E   0.79855 0.16578 0.02879 0.00687 ( 1)
 329 L   0.74993 0.19807 0.04066 0.01134 ( 1)
 330 E   0.80383 0.16218 0.02754 0.00645 ( 1)
 331 D   0.78571 0.17450 0.03185 0.00794 ( 1)
 332 W   0.77065 0.18483 0.03527 0.00924 ( 1)
 333 I   0.05095 0.50242 0.36635 0.08028 ( 2)
 334 E   0.79855 0.16578 0.02879 0.00687 ( 1)
 335 D   0.77906 0.17898 0.03343 0.00853 ( 1)
 336 V   0.80027 0.16469 0.02832 0.00672 ( 1)
 337 L   0.86085 0.12083 0.01545 0.00287 ( 1)
 338 S   0.86866 0.11495 0.01390 0.00249 ( 1)
 339 G   0.87348 0.11109 0.01314 0.00229 ( 1)
 340 K   0.82164 0.14974 0.02347 0.00515 ( 1)
 341 I   0.91921 0.07378 0.00620 0.00080 ( 1)
 342 N   0.08044 0.55463 0.31097 0.05396 ( 2)
 343 T   0.87038 0.11345 0.01374 0.00243 ( 1)
 344 E   0.79905 0.16529 0.02881 0.00685 ( 1)
 345 D   0.77999 0.17795 0.03357 0.00849 ( 1)
 346 D   0.77802 0.17950 0.03385 0.00864 ( 1)
 347 D   0.78500 0.17477 0.03221 0.00803 ( 1)
 348 N   0.00000 0.98206 0.00000 0.01794 ( 2)
 349 E   0.80278 0.16274 0.02793 0.00656 ( 1)
 350 D   0.77797 0.17955 0.03384 0.00864 ( 1)
 351 E   0.80300 0.16252 0.02794 0.00655 ( 1)
 352 E   0.00029 0.17674 0.66437 0.15860 ( 3)
 353 D   0.77797 0.17955 0.03384 0.00864 ( 1)
 354 E   0.80300 0.16252 0.02794 0.00655 ( 1)
 355 E   0.79775 0.16610 0.02918 0.00697 ( 1)
 356 D   0.77856 0.17861 0.03414 0.00869 ( 1)
 357 D   0.78571 0.17450 0.03185 0.00794 ( 1)
 358 D   0.04219 0.49065 0.37383 0.09332 ( 2)
 359 D   0.78563 0.17458 0.03185 0.00794 ( 1)
 360 N   0.06032 0.52935 0.34021 0.07011 ( 2)
 361 -   0.06084 0.88632 0.00318 0.04966 ( 2)
 362 D   0.03561 0.44890 0.41074 0.10475 ( 2)
 363 D   0.77890 0.17821 0.03421 0.00869 ( 1)
 364 D   0.78571 0.17450 0.03185 0.00794 ( 1)
 365 N   0.00000 0.54325 0.00092 0.45583 ( 2)
 366 D   0.77165 0.17973 0.03891 0.00970 ( 1)
 367 N   0.87528 0.10279 0.01909 0.00284 ( 1)
 368 S   0.84485 0.12606 0.02469 0.00440 ( 1)
 369 D   0.77106 0.17979 0.03935 0.00981 ( 1)
 370 E   0.78319 0.16993 0.03798 0.00890 ( 1)
 371 E   0.00023 0.14927 0.68658 0.16392 ( 3)
 372 D   0.00905 0.25696 0.56986 0.16412 ( 3)
 373 D   0.00160 0.95200 0.00007 0.04633 ( 2)
 374 D   0.04188 0.49902 0.36576 0.09335 ( 2)
 375 D   0.78571 0.17450 0.03185 0.00794 ( 1)
 376 S   0.00034 0.17852 0.67647 0.14466 ( 3)
 377 D   0.03480 0.43788 0.42079 0.10653 ( 2)
 378 D   0.04202 0.48910 0.37530 0.09358 ( 2)
 379 D   0.07024 0.88330 0.00311 0.04335 ( 2)
 380 E   0.00142 0.95380 0.00006 0.04472 ( 2)
 381 D   0.78500 0.17477 0.03221 0.00803 ( 1)


lnL = -2373.676030

Bayes Empirical Bayes (BEB) probabilities for 4 classes (class)
(amino acids refer to 1st sequence: Bbon)

   1 M   0.88313 0.09540 0.01882 0.00265 ( 1)
   2 K   0.26884 0.69333 0.00929 0.02854 ( 2)
   3 R   0.36233 0.61468 0.00672 0.01627 ( 2)
   4 T   0.87650 0.10066 0.01992 0.00292 ( 1)
   5 H   0.37530 0.60183 0.00695 0.01592 ( 2)
   6 L   0.76862 0.17657 0.04453 0.01028 ( 1)
   7 F   0.79999 0.15609 0.03638 0.00754 ( 1)
   8 V   0.81240 0.14768 0.03332 0.00660 ( 1)
   9 M   0.25476 0.70233 0.01033 0.03258 ( 2)
  10 A   0.31903 0.65196 0.00792 0.02110 ( 2)
  11 V   0.85763 0.11506 0.02350 0.00381 ( 1)
  12 Y   0.81916 0.14304 0.03168 0.00611 ( 1)
  13 L   0.76862 0.17657 0.04453 0.01028 ( 1)
  14 L   0.76862 0.17657 0.04453 0.01028 ( 1)
  15 S   0.88120 0.09701 0.01907 0.00272 ( 1)
  16 S   0.88120 0.09701 0.01907 0.00272 ( 1)
  17 C   0.90251 0.08008 0.01549 0.00192 ( 1)
  18 R   0.90486 0.07820 0.01510 0.00184 ( 1)
  19 A   0.83722 0.13015 0.02768 0.00495 ( 1)
  20 E   0.15028 0.43122 0.34916 0.06934 ( 2)
  21 E   0.81089 0.14863 0.03377 0.00672 ( 1)
  22 G   0.87579 0.10124 0.02002 0.00295 ( 1)
  23 L   0.77182 0.17337 0.04471 0.01009 ( 1)
  24 N   0.25063 0.46436 0.24881 0.03620 ( 2)
  25 F   0.81683 0.14463 0.03227 0.00628 ( 1)
  26 P   0.82969 0.13555 0.02934 0.00542 ( 1)
  27 T   0.87650 0.10066 0.01992 0.00292 ( 1)
  28 Y   0.82117 0.14171 0.03116 0.00596 ( 1)
  29 D   0.79977 0.15617 0.03649 0.00757 ( 1)
  30 G   0.87859 0.09905 0.01953 0.00283 ( 1)
  31 K   0.27853 0.68370 0.00963 0.02814 ( 2)
  32 D   0.80047 0.15591 0.03612 0.00749 ( 1)
  33 R   0.83360 0.13303 0.02823 0.00514 ( 1)
  34 V   0.81461 0.14674 0.03226 0.00638 ( 1)
  35 V   0.85866 0.11454 0.02306 0.00374 ( 1)
  36 S   0.82726 0.13755 0.02965 0.00555 ( 1)
  37 L   0.81568 0.14588 0.03213 0.00631 ( 1)
  38 T   0.87744 0.10018 0.01952 0.00287 ( 1)
  39 E   0.81168 0.14831 0.03337 0.00664 ( 1)
  40 K   0.83177 0.13433 0.02864 0.00526 ( 1)
  41 N   0.87770 0.09992 0.01952 0.00286 ( 1)
  42 F   0.81766 0.14429 0.03186 0.00620 ( 1)
  43 K   0.83177 0.13433 0.02864 0.00526 ( 1)
  44 Q   0.81173 0.14869 0.03300 0.00658 ( 1)
  45 V   0.85741 0.11546 0.02332 0.00381 ( 1)
  46 L   0.22227 0.72785 0.01092 0.03896 ( 2)
  47 K   0.83177 0.13433 0.02864 0.00526 ( 1)
  48 K   0.83310 0.13335 0.02837 0.00518 ( 1)
  49 Y   0.16004 0.43809 0.33708 0.06479 ( 2)
  50 D   0.80047 0.15591 0.03612 0.00749 ( 1)
  51 L   0.78672 0.16564 0.03911 0.00854 ( 1)
  52 L   0.86286 0.11174 0.02190 0.00351 ( 1)
  53 C   0.90681 0.07739 0.01406 0.00174 ( 1)
  54 L   0.86307 0.11153 0.02190 0.00350 ( 1)
  55 Y   0.81905 0.14365 0.03124 0.00607 ( 1)
  56 Y   0.15911 0.43956 0.33620 0.06512 ( 2)
  57 H   0.86045 0.11355 0.02238 0.00362 ( 1)
  58 E   0.81080 0.14918 0.03333 0.00668 ( 1)
  59 P   0.82953 0.13621 0.02888 0.00538 ( 1)
  60 V   0.24665 0.71083 0.00986 0.03265 ( 2)
  61 S   0.87171 0.10496 0.02024 0.00309 ( 1)
  62 S   0.84651 0.11992 0.02891 0.00466 ( 1)
  63 D   0.79360 0.16079 0.03759 0.00802 ( 1)
  64 K   0.83201 0.13444 0.02833 0.00522 ( 1)
  65 A   0.04129 0.92629 0.00096 0.03146 ( 2)
  66 A   0.00582 0.89828 0.00347 0.09243 ( 2)
  67 Q   0.81086 0.14956 0.03297 0.00662 ( 1)
  68 K   0.83201 0.13444 0.02833 0.00522 ( 1)
  69 Q   0.05481 0.28248 0.55059 0.11211 ( 3)
  70 F   0.16357 0.44984 0.32347 0.06312 ( 2)
  71 Q   0.81162 0.14928 0.03257 0.00653 ( 1)
  72 M   0.00349 0.82605 0.00489 0.16556 ( 2)
  73 K   0.83201 0.13444 0.02833 0.00522 ( 1)
  74 E   0.81414 0.14730 0.03216 0.00640 ( 1)
  75 I   0.81841 0.14439 0.03111 0.00609 ( 1)
  76 V   0.81848 0.14210 0.03313 0.00628 ( 1)
  77 L   0.76812 0.17734 0.04426 0.01028 ( 1)
  78 E   0.80965 0.15033 0.03329 0.00673 ( 1)
  79 F   0.78813 0.16050 0.04254 0.00883 ( 1)
  80 D   0.11489 0.37891 0.41728 0.08892 ( 3)
  81 E   0.80131 0.15113 0.03978 0.00779 ( 1)
  82 E   0.80131 0.15113 0.03978 0.00779 ( 1)
  83 G   0.85505 0.11144 0.02919 0.00431 ( 1)
  84 S   0.81068 0.14438 0.03785 0.00709 ( 1)
  85 L   0.76206 0.17860 0.04820 0.01114 ( 1)
  86 Y   0.80607 0.14775 0.03876 0.00742 ( 1)
  87 V   0.28372 0.67541 0.01092 0.02995 ( 2)
  88 L   0.84360 0.12048 0.03100 0.00493 ( 1)
  89 K   0.81462 0.14154 0.03704 0.00681 ( 1)
  90 G   0.89073 0.08386 0.02278 0.00263 ( 1)
  91 D   0.78278 0.16425 0.04369 0.00928 ( 1)
  92 R   0.81620 0.14038 0.03673 0.00670 ( 1)
  93 T   0.81247 0.14309 0.03748 0.00696 ( 1)
  94 I   0.81496 0.14127 0.03698 0.00679 ( 1)
  95 E   0.79743 0.15389 0.04059 0.00809 ( 1)
  96 F   0.78813 0.16050 0.04254 0.00883 ( 1)
  97 D   0.78278 0.16425 0.04369 0.00928 ( 1)
  98 G   0.85806 0.10914 0.02864 0.00415 ( 1)
  99 E   0.79743 0.15389 0.04059 0.00809 ( 1)
 100 F   0.78813 0.16050 0.04254 0.00883 ( 1)
 101 A   0.82376 0.13612 0.03404 0.00609 ( 1)
 102 A   0.81922 0.13816 0.03612 0.00649 ( 1)
 103 D   0.78278 0.16425 0.04369 0.00928 ( 1)
 104 V   0.83861 0.12383 0.03231 0.00525 ( 1)
 105 L   0.77637 0.16885 0.04496 0.00981 ( 1)
 106 V   0.79863 0.15305 0.04033 0.00799 ( 1)
 107 E   0.79743 0.15389 0.04059 0.00809 ( 1)
 108 F   0.78832 0.16030 0.04255 0.00882 ( 1)
 109 L   0.84388 0.11988 0.03130 0.00494 ( 1)
 110 L   0.77637 0.16885 0.04496 0.00981 ( 1)
 111 D   0.78663 0.16193 0.04252 0.00892 ( 1)
 112 L   0.30719 0.66059 0.00871 0.02351 ( 2)
