29
Bbon       0.0000000 0.0270345 0.0676011 0.0681146 0.0339177 0.0198936 0.0549822 0.0678726 0.0763483 0.0729008 0.0695409 0.0638653 0.0555152 0.0575755 0.0572771 0.0573136 0.0638662 0.0618989 0.0661898 0.0584889 0.0626092 0.0708336 0.0592411 0.0597996 0.0578587 0.0644491 0.0604584 0.0645975 0.0575916 
Bmus       0.0270345 0.0000000 0.0768666 0.0769264 0.0403102 0.0271726 0.0616360 0.0786859 0.0843016 0.0807859 0.0789000 0.0739940 0.0630700 0.0646531 0.0657951 0.0666115 0.0732384 0.0713222 0.0741082 0.0638292 0.0712008 0.0795622 0.0659878 0.0677021 0.0650285 0.0734887 0.0701863 0.0740875 0.0669065 
Ccom       0.0676011 0.0768666 0.0000000 0.0042629 0.0649765 0.0628545 0.0477368 0.0519894 0.0761187 0.0721719 0.0035071 0.0073992 0.0481998 0.0511868 0.0317594 0.0320115 0.0204813 0.0177618 0.0484365 0.0611595 0.0193816 0.0731874 0.0305130 0.0324117 0.0302188 0.0169422 0.0169661 0.0176971 0.0503196 
Chea       0.0681146 0.0769264 0.0042629 0.0000000 0.0653283 0.0637422 0.0485561 0.0493227 0.0765227 0.0720470 0.0027173 0.0058735 0.0475372 0.0505757 0.0305005 0.0307122 0.0198688 0.0170640 0.0459729 0.0603578 0.0185290 0.0710535 0.0289962 0.0308252 0.0278838 0.0157135 0.0162271 0.0161444 0.0494997 
Cmar       0.0339177 0.0403102 0.0649765 0.0653283 0.0000000 0.0318138 0.0557287 0.0670249 0.0776219 0.0742661 0.0670772 0.0635369 0.0571239 0.0583686 0.0562045 0.0567509 0.0636435 0.0635378 0.0645919 0.0579052 0.0620727 0.0777406 0.0553796 0.0575450 0.0564632 0.0641600 0.0638061 0.0627432 0.0580954 
Erob       0.0198936 0.0271726 0.0628545 0.0637422 0.0318138 0.0000000 0.0486155 0.0641311 0.0716146 0.0664561 0.0639169 0.0627438 0.0501111 0.0514358 0.0522838 0.0526006 0.0607094 0.0592705 0.0608542 0.0520443 0.0581254 0.0626325 0.0525009 0.0541134 0.0519353 0.0603071 0.0570389 0.0600369 0.0522908 
Hamp       0.0549822 0.0616360 0.0477368 0.0485561 0.0557287 0.0486155 0.0000000 0.0452455 0.0638321 0.0600520 0.0497157 0.0469512 0.0102176 0.0113697 0.0372992 0.0370697 0.0441027 0.0423001 0.0446148 0.0464872 0.0411868 0.0554158 0.0355291 0.0376542 0.0332563 0.0449813 0.0421076 0.0436309 0.0148212 
Igeo       0.0678726 0.0786859 0.0519894 0.0493227 0.0670249 0.0641311 0.0452455 0.0000000 0.0776376 0.0715379 0.0504022 0.0479799 0.0480190 0.0489378 0.0394340 0.0387911 0.0442818 0.0438618 0.0379533 0.0602664 0.0439839 0.0685299 0.0386845 0.0395590 0.0389904 0.0465894 0.0449064 0.0444535 0.0500055 
Kbre       0.0763483 0.0843016 0.0761187 0.0765227 0.0776219 0.0716146 0.0638321 0.0776376 0.0000000 0.0128541 0.0798773 0.0742309 0.0646640 0.0669424 0.0675532 0.0684274 0.0749281 0.0715122 0.0722176 0.0408116 0.0707111 0.0436715 0.0656601 0.0688803 0.0647339 0.0739705 0.0723191 0.0739236 0.0636689 
Ksim       0.0729008 0.0807859 0.0721719 0.0720470 0.0742661 0.0664561 0.0600520 0.0715379 0.0128541 0.0000000 0.0745172 0.0703967 0.0611634 0.0623366 0.0633831 0.0641552 0.0700103 0.0676139 0.0677690 0.0366445 0.0671373 0.0360246 0.0623772 0.0644512 0.0609476 0.0702535 0.0674728 0.0688797 0.0619485 
Laus       0.0695409 0.0789000 0.0035071 0.0027173 0.0670772 0.0639169 0.0497157 0.0504022 0.0798773 0.0745172 0.0000000 0.0061117 0.0495964 0.0528125 0.0316990 0.0319301 0.0209679 0.0181199 0.0480938 0.0629850 0.0195510 0.0726089 0.0302732 0.0320222 0.0292028 0.0166246 0.0170276 0.0173294 0.0512888 
Lbor       0.0638653 0.0739940 0.0073992 0.0058735 0.0635369 0.0627438 0.0469512 0.0479799 0.0742309 0.0703967 0.0061117 0.0000000 0.0470403 0.0500054 0.0286231 0.0288105 0.0179223 0.0151992 0.0446626 0.0583336 0.0177730 0.0710176 0.0272919 0.0289631 0.0261312 0.0145245 0.0150762 0.0145939 0.0493954 
Meur       0.0555152 0.0630700 0.0481998 0.0475372 0.0571239 0.0501111 0.0102176 0.0480190 0.0646640 0.0611634 0.0495964 0.0470403 0.0000000 0.0059804 0.0368650 0.0366248 0.0437964 0.0421191 0.0460708 0.0486295 0.0402691 0.0585134 0.0345580 0.0364401 0.0329584 0.0443531 0.0417346 0.0436048 0.0164040 
Mgin       0.0575755 0.0646531 0.0511868 0.0505757 0.0583686 0.0514358 0.0113697 0.0489378 0.0669424 0.0623366 0.0528125 0.0500054 0.0059804 0.0000000 0.0399218 0.0397335 0.0473859 0.0444828 0.0463820 0.0500259 0.0439626 0.0581051 0.0374960 0.0397631 0.0355564 0.0472219 0.0445744 0.0456068 0.0177232 
Naasi      0.0572771 0.0657951 0.0317594 0.0305005 0.0562045 0.0522838 0.0372992 0.0394340 0.0675532 0.0633831 0.0316990 0.0286231 0.0368650 0.0399218 0.0000000 0.0020266 0.0272976 0.0254726 0.0370023 0.0495369 0.0252756 0.0580244 0.0049265 0.0052832 0.0043830 0.0269188 0.0251452 0.0258170 0.0417481 
Npho       0.0573136 0.0666115 0.0320115 0.0307122 0.0567509 0.0526006 0.0370697 0.0387911 0.0684274 0.0641552 0.0319301 0.0288105 0.0366248 0.0397335 0.0020266 0.0000000 0.0274279 0.0258334 0.0368125 0.0503437 0.0256365 0.0595634 0.0055364 0.0065827 0.0052868 0.0270578 0.0255051 0.0264592 0.0411125 
Obre       0.0638662 0.0732384 0.0204813 0.0198688 0.0636435 0.0607094 0.0441027 0.0442818 0.0749281 0.0700103 0.0209679 0.0179223 0.0437964 0.0473859 0.0272976 0.0274279 0.0000000 0.0046838 0.0446294 0.0582785 0.0152237 0.0667848 0.0261213 0.0278482 0.0237056 0.0164613 0.0138811 0.0170362 0.0449123 
Ohei       0.0618989 0.0713222 0.0177618 0.0170640 0.0635378 0.0592705 0.0423001 0.0438618 0.0715122 0.0676139 0.0181199 0.0151992 0.0421191 0.0444828 0.0254726 0.0258334 0.0046838 0.0000000 0.0425981 0.0557557 0.0128048 0.0648618 0.0253199 0.0260236 0.0234121 0.0140632 0.0118141 0.0146813 0.0442771 
Pbla       0.0661898 0.0741082 0.0484365 0.0459729 0.0645919 0.0608542 0.0446148 0.0379533 0.0722176 0.0677690 0.0480938 0.0446626 0.0460708 0.0463820 0.0370023 0.0368125 0.0446294 0.0425981 0.0000000 0.0565141 0.0419020 0.0649943 0.0356629 0.0360177 0.0321093 0.0420384 0.0419426 0.0424514 0.0450663 
Pcat       0.0584889 0.0638292 0.0611595 0.0603578 0.0579052 0.0520443 0.0464872 0.0602664 0.0408116 0.0366445 0.0629850 0.0583336 0.0486295 0.0500259 0.0495369 0.0503437 0.0582785 0.0557557 0.0565141 0.0000000 0.0545531 0.0003566 0.0490174 0.0510109 0.0487507 0.0563127 0.0536217 0.0551725 0.0494697 
Pcra       0.0626092 0.0712008 0.0193816 0.0185290 0.0620727 0.0581254 0.0411868 0.0439839 0.0707111 0.0671373 0.0195510 0.0177730 0.0402691 0.0439626 0.0252756 0.0256365 0.0152237 0.0128048 0.0419020 0.0545531 0.0000000 0.0629953 0.0234644 0.0258331 0.0222119 0.0143659 0.0128630 0.0140110 0.0430602 
Pmac       0.0708336 0.0795622 0.0731874 0.0710535 0.0777406 0.0626325 0.0554158 0.0685299 0.0436715 0.0360246 0.0726089 0.0710176 0.0585134 0.0581051 0.0580244 0.0595634 0.0667848 0.0648618 0.0649943 0.0003566 0.0629953 0.0000000 0.0604615 0.0599965 0.0604185 0.0675092 0.0629410 0.0665575 0.0601257 
Ppho       0.0592411 0.0659878 0.0305130 0.0289962 0.0553796 0.0525009 0.0355291 0.0386845 0.0656601 0.0623772 0.0302732 0.0272919 0.0345580 0.0374960 0.0049265 0.0055364 0.0261213 0.0253199 0.0356629 0.0490174 0.0234644 0.0604615 0.0000000 0.0046987 0.0037155 0.0257076 0.0244323 0.0246813 0.0400484 
Psin       0.0597996 0.0677021 0.0324117 0.0308252 0.0575450 0.0541134 0.0376542 0.0395590 0.0688803 0.0644512 0.0320222 0.0289631 0.0364401 0.0397631 0.0052832 0.0065827 0.0278482 0.0260236 0.0360177 0.0510109 0.0258331 0.0599965 0.0046987 0.0000000 0.0021862 0.0274746 0.0257027 0.0258781 0.0421771 
Pspi       0.0578587 0.0650285 0.0302188 0.0278838 0.0564632 0.0519353 0.0332563 0.0389904 0.0647339 0.0609476 0.0292028 0.0261312 0.0329584 0.0355564 0.0043830 0.0052868 0.0237056 0.0234121 0.0321093 0.0487507 0.0222119 0.0604185 0.0037155 0.0021862 0.0000000 0.0241098 0.0233538 0.0229557 0.0394294 
Schi       0.0644491 0.0734887 0.0169422 0.0157135 0.0641600 0.0603071 0.0449813 0.0465894 0.0739705 0.0702535 0.0166246 0.0145245 0.0443531 0.0472219 0.0269188 0.0270578 0.0164613 0.0140632 0.0420384 0.0563127 0.0143659 0.0675092 0.0257076 0.0274746 0.0241098 0.0000000 0.0103809 0.0087160 0.0472045 
Sflu       0.0604584 0.0701863 0.0169661 0.0162271 0.0638061 0.0570389 0.0421076 0.0449064 0.0723191 0.0674728 0.0170276 0.0150762 0.0417346 0.0445744 0.0251452 0.0255051 0.0138811 0.0118141 0.0419426 0.0536217 0.0128630 0.0629410 0.0244323 0.0257027 0.0233538 0.0103809 0.0000000 0.0113587 0.0448104 
Tadu       0.0645975 0.0740875 0.0176971 0.0161444 0.0627432 0.0600369 0.0436309 0.0444535 0.0739236 0.0688797 0.0173294 0.0145939 0.0436048 0.0456068 0.0258170 0.0264592 0.0170362 0.0146813 0.0424514 0.0551725 0.0140110 0.0665575 0.0246813 0.0258781 0.0229557 0.0087160 0.0113587 0.0000000 0.0459032 
Zcav       0.0575916 0.0669065 0.0503196 0.0494997 0.0580954 0.0522908 0.0148212 0.0500055 0.0636689 0.0619485 0.0512888 0.0493954 0.0164040 0.0177232 0.0417481 0.0411125 0.0449123 0.0442771 0.0450663 0.0494697 0.0430602 0.0601257 0.0400484 0.0421771 0.0394294 0.0472045 0.0448104 0.0459032 0.0000000 
