Supplemental results for CODEML (seqf: /home/leticiamagpali/phd/evol_models/codeml/small_dataset/cml_align/MYH2_codon_aligned.phy  treef: /home/leticiamagpali/phd/evol_models/codeml/small_dataset/cml_trees/gene_trees/H1c_gene_trees/MYH2_tree_H1c.tre)

I	J	ij	2Ns_IJ	pMut_IJ	pSub_IJ	2Ns_JI	pMut_JI	pSub_JI

TTC	TTT	CT	-0.87030	0.05588	0.03505	0.87030	0.02340	0.03505
TTA	TTT	AT	9.09440	0.00000	0.00000	-9.09440	0.00604	0.00001
TTA	TTC	AC	9.96470	0.00000	0.00000	-9.96470	0.01709	0.00001
TTG	TTT	GT	1.40149	0.00318	0.00592	-1.40149	0.01293	0.00592
TTG	TTC	GC	2.27179	0.00378	0.00956	-2.27179	0.03661	0.00956
TTG	TTA	GA	-7.69291	0.00494	0.00002	7.69291	0.00000	0.00000
TCT	TTT	CT	1.29919	0.00638	0.01140	-1.29919	0.02340	0.01140
TCC	TTC	CT	0.71810	0.03231	0.04529	-0.71810	0.06625	0.04529
TCC	TCT	CT	-1.45140	0.03231	0.01434	1.45140	0.00757	0.01434
TCA	TTA	CT	-8.57884	0.00962	0.00002	8.57884	0.00000	0.00000
TCA	TCT	AT	-0.78363	0.00427	0.00282	0.78363	0.00195	0.00282
TCA	TCC	AC	0.66777	0.00507	0.00695	-0.66777	0.00988	0.00695
TCG	TTG	CT	0.74716	0.00403	0.00572	-0.74716	0.00850	0.00572
TCG	TCT	GT	0.84946	0.00179	0.00265	-0.84946	0.00418	0.00265
TCG	TCC	GC	2.30086	0.00212	0.00542	-2.30086	0.02117	0.00542
TCG	TCA	GA	1.63309	0.00277	0.00563	-1.63309	0.01420	0.00563
TAT	TTT	AT	0.48761	0.00371	0.00468	-0.48761	0.00604	0.00468
TAT	TCT	AC	-0.81159	0.00440	0.00285	0.81159	0.00195	0.00285
TAC	TTC	AT	0.33962	0.01217	0.01435	-0.33962	0.01709	0.01435
TAC	TCC	AC	-0.37848	0.01443	0.01187	0.37848	0.00988	0.01187
TAC	TAT	CT	-1.01829	0.02740	0.01578	1.01829	0.00990	0.01578
TGT	TTT	GT	4.59334	0.00013	0.00061	-4.59334	0.01293	0.00061
TGT	TCT	GC	3.29415	0.00016	0.00053	-3.29415	0.00418	0.00053
TGT	TAT	GA	4.10573	0.00020	0.00085	-4.10573	0.01231	0.00085
TGC	TTC	GT	1.75579	0.00632	0.01342	-1.75579	0.03661	0.01342
TGC	TCC	GC	1.03770	0.00750	0.01205	-1.03770	0.02117	0.01205
TGC	TAC	GA	1.41617	0.00981	0.01834	-1.41617	0.04041	0.01834
TGC	TGT	CT	-3.70785	0.01424	0.00133	3.70785	0.00035	0.00133
TGG	TTG	GT	-0.26965	0.00615	0.00536	0.26965	0.00470	0.00536
TGG	TCG	GC	-1.01681	0.00729	0.00420	1.01681	0.00264	0.00420
TGG	TGT	GT	-3.46150	0.00615	0.00069	3.46150	0.00019	0.00069
TGG	TGC	GC	0.24635	0.00729	0.00823	-0.24635	0.00933	0.00823
CTT	TTT	CT	1.52234	0.00511	0.00994	-1.52234	0.02340	0.00994
CTC	TTC	CT	0.76795	0.03074	0.04404	-0.76795	0.06625	0.04404
CTC	CTT	CT	-1.62469	0.03074	0.01225	1.62469	0.00605	0.01225
CTA	TTA	CT	-7.96416	0.00520	0.00001	7.96416	0.00000	0.00000
CTA	CTT	AT	-0.39210	0.00231	0.00189	0.39210	0.00156	0.00189
CTA	CTC	AC	1.23259	0.00274	0.00477	-1.23259	0.00940	0.00477
CTG	TTG	CT	-2.66294	0.12187	0.02433	2.66294	0.00850	0.02433
CTG	CTT	GT	-2.78378	0.05413	0.00993	2.78378	0.00335	0.00993
CTG	CTC	GC	-1.15910	0.06418	0.03401	1.15910	0.02014	0.03401
CTG	CTA	GA	-2.39169	0.08392	0.02021	2.39169	0.00768	0.02021
CCT	TCT	CT	1.45429	0.00177	0.00335	-1.45429	0.00757	0.00335
CCT	CTT	CT	1.23115	0.00177	0.00307	-1.23115	0.00605	0.00307
CCC	TCC	CT	0.74059	0.01827	0.02586	-0.74059	0.03831	0.02586
CCC	CTC	CT	0.69073	0.01827	0.02530	-0.69073	0.03644	0.02530
CCC	CCT	CT	-2.16510	0.01827	0.00513	2.16510	0.00210	0.00513
CCA	TCA	CT	0.74791	0.00540	0.00767	-0.74791	0.01141	0.00767
CCA	CTA	CT	0.13323	0.00540	0.00577	-0.13323	0.00617	0.00577
CCA	CCT	AT	-1.49001	0.00240	0.00104	1.49001	0.00054	0.00104
CCA	CCC	AC	0.67509	0.00284	0.00391	-0.67509	0.00559	0.00391
CCG	TCG	CT	-0.81663	0.01080	0.00699	0.81663	0.00477	0.00699
CCG	CTG	CT	2.59347	0.01080	0.03028	-2.59347	0.14449	0.03028
CCG	CCT	GT	-1.42146	0.00480	0.00217	1.42146	0.00116	0.00217
CCG	CCC	GC	0.74364	0.00569	0.00806	-0.74364	0.01197	0.00806
CCG	CCA	GA	0.06855	0.00744	0.00770	-0.06855	0.00797	0.00770
CAT	TAT	CT	2.12802	0.00118	0.00285	-2.12802	0.00990	0.00285
CAT	CTT	AT	1.09329	0.00052	0.00086	-1.09329	0.00156	0.00086
CAT	CCT	AC	-0.13786	0.00062	0.00058	0.13786	0.00054	0.00058
CAC	TAC	CT	0.22933	0.02583	0.02890	-0.22933	0.03249	0.02890
CAC	CTC	AT	-0.19900	0.01147	0.01037	0.19900	0.00940	0.01037
CAC	CCC	AC	-0.88973	0.01360	0.00844	0.88973	0.00559	0.00844
CAC	CAT	CT	-2.91697	0.02583	0.00431	2.91697	0.00140	0.00431
CAA	CTA	AT	-0.96710	0.00419	0.00248	0.96710	0.00159	0.00248
CAA	CCA	AC	-1.10034	0.00496	0.00272	1.10034	0.00165	0.00272
CAA	CAT	AT	-2.45249	0.00419	0.00097	2.45249	0.00036	0.00097
CAA	CAC	AC	0.46448	0.00496	0.00621	-0.46448	0.00790	0.00621
CAG	CTG	AT	0.27828	0.02822	0.03233	-0.27828	0.03728	0.03233
CAG	CCG	AC	-2.31519	0.03346	0.00849	2.31519	0.00330	0.00849
CAG	CAT	GT	-3.59879	0.02822	0.00286	3.59879	0.00077	0.00286
CAG	CAC	GC	-0.68182	0.03346	0.02334	0.68182	0.01692	0.02334
CAG	CAA	GA	-1.14630	0.04375	0.02337	1.14630	0.01391	0.02337
CGT	TGT	CT	-2.06332	0.00275	0.00083	2.06332	0.00035	0.00083
CGT	CTT	GT	1.00769	0.00122	0.00194	-1.00769	0.00335	0.00194
CGT	CCT	GC	-0.22346	0.00145	0.00129	0.22346	0.00116	0.00129
CGT	CAT	GA	-0.08560	0.00189	0.00181	0.08560	0.00174	0.00181
CGC	TGC	CT	-0.49490	0.02769	0.02140	0.49490	0.01688	0.02140
CGC	CTC	GT	0.49294	0.01230	0.01558	-0.49294	0.02014	0.01558
CGC	CCC	GC	-0.19779	0.01458	0.01319	0.19779	0.01197	0.01319
CGC	CAC	GA	0.69194	0.01907	0.02642	-0.69194	0.03810	0.02642
CGC	CGT	CT	-2.13943	0.02769	0.00791	2.13943	0.00326	0.00791
CGA	CTA	GT	0.04145	0.00327	0.00334	-0.04145	0.00341	0.00334
CGA	CCA	GC	-0.09178	0.00388	0.00370	0.09178	0.00354	0.00370
CGA	CAA	GA	1.00855	0.00507	0.00805	-1.00855	0.01391	0.00805
CGA	CGT	AT	-1.35833	0.00327	0.00154	1.35833	0.00084	0.00154
CGA	CGC	AC	0.78110	0.00388	0.00559	-0.78110	0.00847	0.00559
CGG	TGG	CT	0.10175	0.01483	0.01560	-0.10175	0.01642	0.01560
CGG	CTG	GT	2.49504	0.00659	0.01791	-2.49504	0.07984	0.01791
CGG	CCG	GC	-0.09843	0.00781	0.00743	0.09843	0.00708	0.00743
CGG	CAG	GA	2.21676	0.01021	0.02540	-2.21676	0.09372	0.02540
CGG	CGT	GT	-1.29643	0.00659	0.00321	1.29643	0.00180	0.00321
CGG	CGC	GC	0.84300	0.00781	0.01156	-0.84300	0.01814	0.01156
CGG	CGA	GA	0.06190	0.01021	0.01053	-0.06190	0.01086	0.01053
ATT	TTT	AT	-0.45881	0.00955	0.00753	0.45881	0.00604	0.00753
ATT	CTT	AC	-1.98115	0.01133	0.00359	1.98115	0.00156	0.00359
ATC	TTC	AT	-0.52141	0.02879	0.02193	0.52141	0.01709	0.02193
ATC	CTC	AC	-1.28936	0.03413	0.01673	1.28936	0.00940	0.01673
ATC	ATT	CT	-0.93289	0.06481	0.03922	0.93289	0.02550	0.03922
ATA	TTA	AT	-8.99154	0.00375	0.00000	8.99154	0.00000	0.00000
ATA	CTA	AC	-1.02738	0.00445	0.00255	1.02738	0.00159	0.00255
ATA	ATT	AT	0.56168	0.00375	0.00490	-0.56168	0.00658	0.00490
ATA	ATC	AC	1.49457	0.00445	0.00857	-1.49457	0.01982	0.00857
ATG	TTG	AT	-2.37416	0.02355	0.00574	2.37416	0.00219	0.00574
ATG	CTG	AC	0.28878	0.02793	0.03215	-0.28878	0.03728	0.03215
ATG	ATT	GT	-0.51385	0.02355	0.01802	0.51385	0.01409	0.01802
ATG	ATC	GC	0.41904	0.02793	0.03419	-0.41904	0.04246	0.03419
ATG	ATA	GA	-1.07553	0.03652	0.02033	1.07553	0.01246	0.02033
ACT	TCT	AT	-0.74195	0.00410	0.00277	0.74195	0.00195	0.00277
ACT	CCT	AC	-2.19624	0.00486	0.00134	2.19624	0.00054	0.00134
ACT	ATT	CT	1.01605	0.00923	0.01470	-1.01605	0.02550	0.01470
ACC	TCC	AT	-0.34531	0.01396	0.01169	0.34531	0.00988	0.01169
ACC	CCC	AC	-1.08590	0.01655	0.00916	1.08590	0.00559	0.00916
ACC	ATC	CT	0.89419	0.03143	0.04754	-0.89419	0.07685	0.04754
ACC	ACT	CT	-1.05475	0.03143	0.01771	1.05475	0.01094	0.01771
ACA	TCA	AT	-0.53301	0.00502	0.00380	0.53301	0.00294	0.00380
ACA	CCA	AC	-1.28092	0.00595	0.00293	1.28092	0.00165	0.00293
ACA	ATA	CT	-0.12031	0.01129	0.01063	0.12031	0.01001	0.01063
ACA	ACT	AT	-0.57468	0.00502	0.00371	0.57468	0.00282	0.00371
ACA	ACC	AC	0.48007	0.00595	0.00749	-0.48007	0.00961	0.00749
ACG	TCG	AT	-1.64991	0.00641	0.00251	1.64991	0.00123	0.00251
ACG	CCG	AC	-0.83327	0.00760	0.00487	0.83327	0.00330	0.00487
ACG	ATG	CT	1.47141	0.01444	0.02757	-1.47141	0.06287	0.02757
ACG	ACT	GT	-0.05849	0.00641	0.00623	0.05849	0.00605	0.00623
ACG	ACC	GC	0.99626	0.00760	0.01201	-0.99626	0.02059	0.01201
ACG	ACA	GA	0.51619	0.00994	0.01273	-0.51619	0.01666	0.01273
AAT	TAT	AT	-0.00793	0.00257	0.00256	0.00793	0.00255	0.00256
AAT	CAT	AC	-2.13595	0.00305	0.00087	2.13595	0.00036	0.00087
AAT	ATT	AT	0.93849	0.00257	0.00397	-0.93849	0.00658	0.00397
AAT	ACT	AC	-0.07756	0.00305	0.00293	0.07756	0.00282	0.00293
AAC	TAC	AT	-1.34034	0.03202	0.01522	1.34034	0.00838	0.01522
AAC	CAC	AC	-1.56968	0.03796	0.01566	1.56968	0.00790	0.01566
AAC	ATC	AT	-0.47932	0.03202	0.02495	0.47932	0.01982	0.02495
AAC	ACC	AC	-1.37351	0.03796	0.01768	1.37351	0.00961	0.01768
AAC	AAT	CT	-2.35070	0.07208	0.01785	2.35070	0.00687	0.01785
AAA	CAA	AC	-1.45124	0.01231	0.00547	1.45124	0.00288	0.00547
AAA	ATA	AT	-1.39097	0.01038	0.00478	1.39097	0.00258	0.00478
AAA	ACA	AC	-1.27066	0.01231	0.00610	1.27066	0.00345	0.00610
AAA	AAT	AT	-1.76778	0.01038	0.00378	1.76778	0.00177	0.00378
AAA	AAC	AC	0.58292	0.01231	0.01624	-0.58292	0.02205	0.01624
AAG	CAG	AC	-1.32727	0.07328	0.03510	1.32727	0.01943	0.03510
AAG	ATG	AT	-1.33777	0.06181	0.02942	1.33777	0.01622	0.02942
AAG	ACG	AC	-2.80919	0.07328	0.01320	2.80919	0.00442	0.01320
AAG	AAT	GT	-2.79011	0.06181	0.01128	2.79011	0.00380	0.01128
AAG	AAC	GC	-0.43942	0.07328	0.05836	0.43942	0.04722	0.05836
AAG	AAA	GA	-1.02233	0.09583	0.05505	1.02233	0.03447	0.05505
AGT	TGT	AT	-1.06619	0.00026	0.00015	1.06619	0.00009	0.00015
AGT	CGT	AC	0.99712	0.00031	0.00049	-0.99712	0.00084	0.00049
AGT	ATT	GT	3.98596	0.00026	0.00106	-3.98596	0.01409	0.00106
AGT	ACT	GC	2.96991	0.00031	0.00097	-2.96991	0.00605	0.00097
AGT	AAT	GA	3.04747	0.00041	0.00130	-3.04747	0.00855	0.00130
AGC	TGC	AT	-0.49618	0.00715	0.00552	0.49618	0.00436	0.00552
AGC	CGC	AC	-0.00128	0.00848	0.00848	0.00128	0.00847	0.00848
AGC	ATC	GT	1.78102	0.00715	0.01532	-1.78102	0.04246	0.01532
AGC	ACC	GC	0.88683	0.00848	0.01279	-0.88683	0.02059	0.01279
AGC	AAC	GA	2.26034	0.01109	0.02799	-2.26034	0.10632	0.02799
AGC	AGT	CT	-3.13783	0.01611	0.00229	3.13783	0.00070	0.00229
AGA	CGA	AC	-0.35297	0.00321	0.00267	0.35297	0.00225	0.00267
AGA	ATA	GT	0.71586	0.00270	0.00379	-0.71586	0.00553	0.00379
AGA	ACA	GC	0.83617	0.00321	0.00473	-0.83617	0.00740	0.00473
AGA	AAA	GA	2.10683	0.00419	0.01006	-2.10683	0.03447	0.01006
AGA	AGT	AT	-2.70842	0.00270	0.00052	2.70842	0.00018	0.00052
AGA	AGC	AC	0.42941	0.00321	0.00394	-0.42941	0.00493	0.00394
AGG	TGG	AT	-0.38713	0.00624	0.00511	0.38713	0.00424	0.00511
AGG	CGG	AC	-0.48889	0.00740	0.00573	0.48889	0.00454	0.00573
AGG	ATG	GT	1.71737	0.00624	0.01306	-1.71737	0.03474	0.01306
AGG	ACG	GC	0.24596	0.00740	0.00834	-0.24596	0.00946	0.00834
AGG	AAG	GA	3.05515	0.00967	0.03101	-3.05515	0.20525	0.03101
AGG	AGT	GT	-2.78244	0.00624	0.00114	2.78244	0.00039	0.00114
AGG	AGC	GC	0.35539	0.00740	0.00879	-0.35539	0.01055	0.00879
AGG	AGA	GA	-0.07402	0.00967	0.00932	0.07402	0.00898	0.00932
GTT	TTT	GT	3.05290	0.00061	0.00196	-3.05290	0.01293	0.00196
GTT	CTT	GC	1.53056	0.00072	0.00141	-1.53056	0.00335	0.00141
GTT	ATT	GA	3.51171	0.00095	0.00343	-3.51171	0.03172	0.00343
GTC	TTC	GT	1.87272	0.00563	0.01245	-1.87272	0.03661	0.01245
GTC	CTC	GC	1.10476	0.00667	0.01102	-1.10476	0.02014	0.01102
GTC	ATC	GA	2.39412	0.00872	0.02298	-2.39412	0.09560	0.02298
GTC	GTT	CT	-2.05048	0.01267	0.00384	2.05048	0.00163	0.00384
GTA	TTA	GT	-7.10770	0.00122	0.00001	7.10770	0.00000	0.00000
GTA	CTA	GC	0.85646	0.00145	0.00216	-0.85646	0.00341	0.00216
GTA	ATA	GA	1.88384	0.00189	0.00421	-1.88384	0.01246	0.00421
GTA	GTT	AT	-1.06619	0.00122	0.00068	1.06619	0.00042	0.00068
GTA	GTC	AC	0.98429	0.00145	0.00228	-0.98429	0.00387	0.00228
GTG	TTG	GT	-1.18736	0.01540	0.00802	1.18736	0.00470	0.00802
GTG	CTG	GC	1.47558	0.01826	0.03492	-1.47558	0.07984	0.03492
GTG	ATG	GA	1.18680	0.02387	0.04078	-1.18680	0.07822	0.04078
GTG	GTT	GT	-2.83876	0.01540	0.00272	2.83876	0.00090	0.00272
GTG	GTC	GC	-0.78828	0.01826	0.01200	0.78828	0.00830	0.01200
GTG	GTA	GA	-1.77257	0.02387	0.00866	1.77257	0.00406	0.00866
GCT	TCT	GT	-0.58446	0.00750	0.00552	0.58446	0.00418	0.00552
GCT	CCT	GC	-2.03875	0.00890	0.00271	2.03875	0.00116	0.00271
GCT	ACT	GA	0.15749	0.01163	0.01257	-0.15749	0.01362	0.01257
GCT	GTT	CT	-2.33816	0.01689	0.00422	2.33816	0.00163	0.00422
GCC	TCC	GT	-0.15918	0.02482	0.02290	0.15918	0.02117	0.02290
GCC	CCC	GC	-0.89976	0.02943	0.01815	0.89976	0.01197	0.01815
GCC	ACC	GA	0.18613	0.03848	0.04217	-0.18613	0.04635	0.04217
GCC	GTC	CT	-1.31379	0.05588	0.02699	1.31379	0.01502	0.02699
GCC	GCT	CT	-1.02611	0.05588	0.03203	1.02611	0.02003	0.03203
GCA	TCA	GT	-0.06981	0.00676	0.00653	0.06981	0.00631	0.00653
GCA	CCA	GC	-0.81772	0.00802	0.00518	0.81772	0.00354	0.00518
GCA	ACA	GA	0.46320	0.01048	0.01310	-0.46320	0.01666	0.01310
GCA	GTA	CT	-1.54095	0.01522	0.00639	1.54095	0.00326	0.00639
GCA	GCT	AT	-0.26898	0.00676	0.00589	0.26898	0.00517	0.00589
GCA	GCC	AC	0.75713	0.00802	0.01143	-0.75713	0.01709	0.01143
GCG	TCG	GT	0.11324	0.00236	0.00249	-0.11324	0.00264	0.00249
GCG	CCG	GC	0.92987	0.00279	0.00429	-0.92987	0.00708	0.00429
GCG	ACG	GA	1.76314	0.00365	0.00777	-1.76314	0.02129	0.00777
GCG	GTG	CT	2.04776	0.00530	0.01247	-2.04776	0.04110	0.01247
GCG	GCT	GT	1.54716	0.00236	0.00463	-1.54716	0.01107	0.00463
GCG	GCC	GC	2.57327	0.00279	0.00778	-2.57327	0.03661	0.00778
GCG	GCA	GA	1.81614	0.00365	0.00792	-1.81614	0.02245	0.00792
GAT	TAT	GT	-0.60678	0.01003	0.00729	0.60678	0.00547	0.00729
GAT	CAT	GC	-2.73480	0.01189	0.00226	2.73480	0.00077	0.00226
GAT	AAT	GA	-0.59885	0.01555	0.01136	0.59885	0.00855	0.01136
GAT	GTT	AT	-3.17207	0.01003	0.00139	3.17207	0.00042	0.00139
GAT	GCT	AC	-0.83391	0.01189	0.00762	0.83391	0.00517	0.00762
GAC	TAC	GT	-0.51828	0.03014	0.02300	0.51828	0.01795	0.02300
GAC	CAC	GC	-0.74761	0.03574	0.02403	0.74761	0.01692	0.02403
GAC	AAC	GA	0.82206	0.04673	0.06854	-0.82206	0.10632	0.06854
GAC	GTC	AT	-2.05137	0.03014	0.00912	2.05137	0.00387	0.00912
GAC	GCC	AC	-0.73758	0.03574	0.02416	0.73758	0.01709	0.02416
GAC	GAT	CT	-0.92979	0.06786	0.04113	0.92979	0.02678	0.04113
GAA	CAA	GC	-0.65536	0.01189	0.00842	0.65536	0.00618	0.00842
GAA	AAA	GA	0.79589	0.01555	0.02256	-0.79589	0.03447	0.02256
GAA	GTA	AT	-2.47892	0.01003	0.00228	2.47892	0.00084	0.00228
GAA	GCA	AC	-0.93798	0.01189	0.00718	0.93798	0.00466	0.00718
GAA	GAT	AT	-0.37305	0.01003	0.00828	0.37305	0.00691	0.00828
GAA	GAC	AC	0.55674	0.01189	0.01551	-0.55674	0.02076	0.01551
GAG	CAG	GC	-0.64687	0.07949	0.05653	0.64687	0.04163	0.05653
GAG	AAG	GA	0.68040	0.10394	0.14328	-0.68040	0.20525	0.14328
GAG	GTG	AT	-1.84417	0.06704	0.02323	1.84417	0.01060	0.02323
GAG	GCG	AC	-3.89192	0.07949	0.00644	3.89192	0.00162	0.00644
GAG	GAT	GT	-1.51086	0.06704	0.02869	1.51086	0.01480	0.02869
GAG	GAC	GC	-0.58107	0.07949	0.05862	0.58107	0.04446	0.05862
GAG	GAA	GA	-1.13781	0.10394	0.05579	1.13781	0.03332	0.05579
GGT	TGT	GT	-1.40311	0.00079	0.00036	1.40311	0.00019	0.00036
GGT	CGT	GC	0.66021	0.00093	0.00127	-0.66021	0.00180	0.00127
GGT	AGT	GA	-0.33692	0.00122	0.00102	0.33692	0.00087	0.00102
GGT	GTT	GT	0.13733	0.00079	0.00084	-0.13733	0.00090	0.00084
GGT	GCT	GC	2.47550	0.00093	0.00252	-2.47550	0.01107	0.00252
GGT	GAT	GA	3.30940	0.00122	0.00418	-3.30940	0.03332	0.00418
GGC	TGC	GT	-0.58265	0.01671	0.01231	0.58265	0.00933	0.01231
GGC	CGC	GC	-0.08775	0.01981	0.01895	0.08775	0.01814	0.01895
GGC	AGC	GA	-0.08647	0.02590	0.02480	0.08647	0.02376	0.02480
GGC	GTC	GT	-0.69958	0.01671	0.01154	0.69958	0.00830	0.01154
GGC	GCC	GC	0.61422	0.01981	0.02651	-0.61422	0.03661	0.02651
GGC	GAC	GA	1.35180	0.02590	0.04724	-1.35180	0.10009	0.04724
GGC	GGT	CT	-2.88739	0.03761	0.00641	2.88739	0.00210	0.00641
GGA	CGA	GC	-0.30833	0.00657	0.00561	0.30833	0.00483	0.00561
GGA	AGA	GA	0.04464	0.00859	0.00878	-0.04464	0.00898	0.00878
GGA	GTA	GT	-1.12334	0.00554	0.00300	1.12334	0.00180	0.00300
GGA	GCA	GC	0.41761	0.00657	0.00803	-0.41761	0.00997	0.00803
GGA	GAA	GA	1.35559	0.00859	0.01569	-1.35559	0.03332	0.01569
GGA	GGT	AT	-2.32686	0.00554	0.00139	2.32686	0.00054	0.00139
GGA	GGC	AC	0.56053	0.00657	0.00858	-0.56053	0.01150	0.00858
GGG	TGG	GT	-0.13486	0.01038	0.00970	0.13486	0.00907	0.00970
GGG	CGG	GC	-0.23662	0.01231	0.01091	0.23662	0.00971	0.01091
GGG	AGG	GA	0.25227	0.01610	0.01821	-0.25227	0.02071	0.01821
GGG	GTG	GT	0.78284	0.01038	0.01497	-0.78284	0.02271	0.01497
GGG	GCG	GC	-1.26491	0.01231	0.00612	1.26491	0.00347	0.00612
GGG	GAG	GA	2.62701	0.01610	0.04558	-2.62701	0.22263	0.04558
GGG	GGT	GT	-2.19325	0.01038	0.00286	2.19325	0.00116	0.00286
GGG	GGC	GC	0.69414	0.01231	0.01707	-0.69414	0.02464	0.01707
GGG	GGA	GA	0.13361	0.01610	0.01719	-0.13361	0.01840	0.01719


Histograms
2Ns	FMut	FSub(CodonUsage)	FSubw(after w)

-9.49019	0.00256	0.00000
-8.54118	0.00148	0.00000
-7.59216	0.00112	0.00000
-6.64314	0.00014	0.00000
-5.69412	0.00000	0.00000
-4.74510	0.00143	0.00009
-3.79608	0.02064	0.00251
-2.84706	0.15727	0.04167
-1.89804	0.14802	0.06886
-0.94902	0.34576	0.29004
0.00000	0.14398	0.19365
0.94902	0.14301	0.29004
1.89804	0.02341	0.06886
2.84706	0.01067	0.04167
3.79608	0.00048	0.00251
4.74510	0.00001	0.00009
5.69412	0.00000	0.00000
6.64314	0.00000	0.00000
7.59216	0.00000	0.00000
8.54118	0.00000	0.00000
9.49019	0.00000	0.00000

Proportion of advantageous (S > 0) mutations:
 0.24082

Proportions of good & bad mutations (|S| > 2.0000) among mutations:
0.01833  0.25002

mean |Ns| = 1.38639	mean Ns+ = 0.86626	mean Ns- = -1.55138


MLEs of dN/dS (w) for site classes (K=4)

site class             0        1       2a       2b
proportion       0.87415  0.03531  0.08702  0.00352
background w     0.03139  4.12191  0.03139  4.12191
foreground w     0.03139  4.12191  0.62168  0.62168

Naive Empirical Bayes (NEB) probabilities for 4 classes
(amino acids refer to 1st sequence: Bbon)

   1 E   0.92242 0.00034 0.07715 0.00009 ( 1)
   2 S   0.92444 0.00018 0.07532 0.00006 ( 1)
   3 G   0.92607 0.00009 0.07380 0.00003 ( 1)
   4 A   0.92029 0.00068 0.07887 0.00016 ( 1)
   5 G   0.92607 0.00009 0.07380 0.00003 ( 1)
   6 K   0.91646 0.00177 0.08143 0.00033 ( 1)
   7 T   0.92587 0.00010 0.07400 0.00003 ( 1)
   8 V   0.93548 0.00000 0.06452 0.00000 ( 1)
   9 N   0.92183 0.00041 0.07765 0.00011 ( 1)
  10 T   0.92598 0.00010 0.07389 0.00003 ( 1)
  11 K   0.91646 0.00177 0.08143 0.00033 ( 1)
  12 R   0.93137 0.00001 0.06861 0.00001 ( 1)
  13 V   0.93548 0.00000 0.06452 0.00000 ( 1)
  14 I   0.91930 0.00089 0.07961 0.00019 ( 1)
  15 Q   0.91968 0.00078 0.07937 0.00018 ( 1)
  16 Y   0.92450 0.00016 0.07529 0.00005 ( 1)
  17 F   0.91522 0.00230 0.08207 0.00041 ( 1)
  18 A   0.91526 0.00219 0.08215 0.00039 ( 1)
  19 V   0.93548 0.00000 0.06452 0.00000 ( 1)
  20 I   0.91720 0.00149 0.08101 0.00029 ( 1)
  21 A   0.91843 0.00093 0.08045 0.00019 ( 1)
  22 A   0.91943 0.00091 0.07946 0.00020 ( 1)
  23 I   0.91719 0.00156 0.08095 0.00030 ( 1)
  24 G   0.92477 0.00021 0.07496 0.00007 ( 1)
  25 D   0.92078 0.00057 0.07851 0.00014 ( 1)
  26 R   0.92326 0.00026 0.07640 0.00007 ( 1)
  27 S   0.93320 0.00000 0.06680 0.00000 ( 1)
  28 K   0.91646 0.00177 0.08143 0.00033 ( 1)
  29 K   0.91789 0.00161 0.08016 0.00034 ( 1)
  30 E   0.91696 0.00160 0.08113 0.00031 ( 1)
  31 Q   0.35956 0.03546 0.60363 0.00134 ( 3)
  32 T   0.14976 0.57979 0.24236 0.02809 ( 2)
  33 S   0.30510 0.13996 0.55148 0.00347 ( 3)
  34 G   0.92328 0.00026 0.07639 0.00007 ( 1)
  35 K   0.91646 0.00177 0.08143 0.00033 ( 1)
  36 -   0.92490 0.00026 0.07477 0.00008 ( 1)
  37 T   0.92006 0.00048 0.07935 0.00011 ( 1)
  38 L   0.90263 0.01047 0.08553 0.00137 ( 1)
  39 E   0.91159 0.00377 0.08407 0.00057 ( 1)
  40 D   0.91851 0.00081 0.08052 0.00016 ( 1)
  41 Q   0.91476 0.00191 0.08301 0.00032 ( 1)
  42 I   0.91436 0.00212 0.08316 0.00035 ( 1)
  43 I   0.91436 0.00212 0.08316 0.00035 ( 1)
  44 Q   0.91476 0.00191 0.08301 0.00032 ( 1)
  45 A   0.91453 0.00206 0.08306 0.00034 ( 1)
  46 N   0.91672 0.00118 0.08188 0.00022 ( 1)
  47 P   0.92274 0.00014 0.07709 0.00004 ( 1)
  48 A   0.91453 0.00206 0.08306 0.00034 ( 1)
  49 L   0.90146 0.01086 0.08634 0.00134 ( 1)
  50 E   0.91204 0.00334 0.08411 0.00051 ( 1)
  51 A   0.91453 0.00206 0.08306 0.00034 ( 1)
  52 F   0.91269 0.00316 0.08369 0.00047 ( 1)
  53 G   0.91796 0.00083 0.08105 0.00016 ( 1)
  54 N   0.91672 0.00118 0.08188 0.00022 ( 1)
  55 A   0.91453 0.00206 0.08306 0.00034 ( 1)
  56 K   0.91155 0.00361 0.08430 0.00054 ( 1)
  57 T   0.92015 0.00040 0.07936 0.00009 ( 1)
  58 V   0.92723 0.00002 0.07275 0.00001 ( 1)
  59 R   0.92149 0.00068 0.07765 0.00017 ( 1)
  60 N   0.92108 0.00021 0.07866 0.00005 ( 1)
  61 D   0.91867 0.00066 0.08053 0.00013 ( 1)
  62 N   0.91672 0.00118 0.08188 0.00022 ( 1)
  63 S   0.91877 0.00064 0.08046 0.00013 ( 1)
  64 S   0.91877 0.00064 0.08046 0.00013 ( 1)
  65 R   0.91795 0.00083 0.08106 0.00016 ( 1)
  66 F   0.00000 0.99999 0.00000 0.00001 ( 2)
  67 -   0.91795 0.00191 0.07973 0.00041 ( 1)
  68 -   0.91745 0.00214 0.07997 0.00044 ( 1)
  69 -   0.91477 0.00323 0.08140 0.00060 ( 1)
  70 -   0.91721 0.00216 0.08018 0.00045 ( 1)
  71 -   0.91724 0.00219 0.08012 0.00045 ( 1)
  72 -   0.94381 0.00000 0.05619 0.00000 ( 1)
  73 -   0.91236 0.00453 0.08234 0.00077 ( 1)
  74 -   0.92479 0.00038 0.07471 0.00012 ( 1)
  75 -   0.91745 0.00213 0.07998 0.00044 ( 1)
  76 -   0.92467 0.00040 0.07480 0.00013 ( 1)
  77 -   0.91969 0.00137 0.07863 0.00032 ( 1)
  78 -   0.91386 0.00370 0.08177 0.00066 ( 1)
  79 -   0.92860 0.00012 0.07123 0.00005 ( 1)
  80 -   0.92515 0.00006 0.07477 0.00002 ( 1)
  81 -   0.92336 0.00057 0.07590 0.00017 ( 1)
  82 -   0.91839 0.00179 0.07943 0.00039 ( 1)
  83 -   0.92270 0.00069 0.07642 0.00019 ( 1)
  84 -   0.92809 0.00015 0.07170 0.00006 ( 1)
  85 -   0.91444 0.00344 0.08150 0.00063 ( 1)
  86 -   0.92467 0.00040 0.07480 0.00013 ( 1)
  87 -   0.92131 0.00180 0.07638 0.00050 ( 1)
  88 -   0.92459 0.00052 0.07472 0.00017 ( 1)
  89 -   0.90352 0.01045 0.08456 0.00147 ( 1)
  90 -   0.92220 0.00092 0.07662 0.00026 ( 1)
  91 -   0.91921 0.00170 0.07869 0.00040 ( 1)
  92 -   0.92430 0.00057 0.07495 0.00018 ( 1)
  93 -   0.92902 0.00015 0.07076 0.00007 ( 1)
  94 -   0.94277 0.00000 0.05723 0.00000 ( 1)
  95 -   0.91594 0.00294 0.08053 0.00059 ( 1)
  96 -   0.91873 0.00189 0.07896 0.00043 ( 1)
  97 -   0.91895 0.00177 0.07888 0.00041 ( 1)
  98 -   0.90352 0.01045 0.08456 0.00147 ( 1)
  99 -   0.00046 0.96637 0.00997 0.02320 ( 2)
 100 -   0.91969 0.00157 0.07836 0.00037 ( 1)
 101 -   0.91565 0.00309 0.08065 0.00061 ( 1)
 102 -   0.92902 0.00015 0.07076 0.00007 ( 1)
 103 -   0.92027 0.00138 0.07800 0.00034 ( 1)
 104 -   0.91666 0.00260 0.08019 0.00054 ( 1)
 105 -   0.93014 0.00011 0.06970 0.00006 ( 1)
 106 -   0.91594 0.00294 0.08053 0.00059 ( 1)
 107 -   0.91873 0.00189 0.07896 0.00043 ( 1)
 108 -   0.92459 0.00052 0.07472 0.00017 ( 1)
 109 -   0.92273 0.00080 0.07623 0.00023 ( 1)
 110 -   0.91849 0.00195 0.07912 0.00044 ( 1)
 111 -   0.91516 0.00515 0.07848 0.00121 ( 1)
 112 -   0.92486 0.00048 0.07449 0.00016 ( 1)
 113 -   0.92152 0.00107 0.07713 0.00029 ( 1)
 114 -   0.82091 0.08490 0.06627 0.02792 ( 1)
 115 -   0.91504 0.00336 0.08096 0.00065 ( 1)
 116 -   0.93490 0.00002 0.06506 0.00002 ( 1)
 117 -   0.91565 0.00309 0.08065 0.00061 ( 1)
 118 -   0.90459 0.00943 0.08466 0.00132 ( 1)
 119 -   0.90352 0.01045 0.08456 0.00147 ( 1)
 120 -   0.92218 0.00081 0.07679 0.00022 ( 1)
 121 M   0.90874 0.01280 0.07474 0.00371 ( 1)
 122 L   0.90734 0.00638 0.08541 0.00087 ( 1)
 123 L   0.91059 0.00572 0.08284 0.00084 ( 1)
 124 I   0.91890 0.00069 0.08026 0.00014 ( 1)
 125 T   0.92509 0.00006 0.07483 0.00002 ( 1)
 126 N   0.92122 0.00031 0.07839 0.00007 ( 1)
 127 N   0.92122 0.00031 0.07839 0.00007 ( 1)
 128 P   0.92827 0.00002 0.07171 0.00001 ( 1)
 129 Y   0.91751 0.00102 0.08127 0.00020 ( 1)
 130 D   0.92335 0.00014 0.07647 0.00004 ( 1)
 131 Y   0.91886 0.00053 0.08050 0.00011 ( 1)
 132 A   0.00000 0.96829 0.00000 0.03171 ( 2)
 133 F   0.91806 0.00123 0.08046 0.00025 ( 1)
 134 I   0.91890 0.00069 0.08026 0.00014 ( 1)
 135 S   0.92346 0.00013 0.07637 0.00004 ( 1)
 136 Q   0.92218 0.00021 0.07756 0.00005 ( 1)
 137 G   0.92085 0.00034 0.07873 0.00008 ( 1)
 138 E   0.91676 0.00130 0.08170 0.00024 ( 1)
 139 T   0.92280 0.00017 0.07698 0.00005 ( 1)
 140 T   0.92280 0.00017 0.07698 0.00005 ( 1)
 141 V   0.92300 0.00015 0.07680 0.00004 ( 1)
 142 P   0.00000 0.93649 0.00000 0.06351 ( 2)
 143 S   0.91428 0.00192 0.08348 0.00031 ( 1)
 144 I   0.91698 0.00121 0.08159 0.00023 ( 1)
 145 D   0.92029 0.00040 0.07922 0.00009 ( 1)
 146 D   0.92168 0.00028 0.07797 0.00007 ( 1)
 147 A   0.91982 0.00052 0.07955 0.00011 ( 1)
 148 E   0.91676 0.00130 0.08170 0.00024 ( 1)
 149 E   0.91676 0.00130 0.08170 0.00024 ( 1)
 150 L   0.92370 0.00012 0.07615 0.00003 ( 1)
 151 M   0.92399 0.00011 0.07587 0.00003 ( 1)
 152 A   0.91908 0.00066 0.08012 0.00014 ( 1)
 153 T   0.92282 0.00015 0.07698 0.00004 ( 1)
 154 D   0.92025 0.00043 0.07921 0.00010 ( 1)
 155 A   0.83109 0.08014 0.07499 0.01378 ( 1)
 156 F   0.72519 0.18082 0.06714 0.02685 ( 1)
 157 D   0.91694 0.00092 0.08196 0.00017 ( 1)
 158 V   0.91939 0.00039 0.08014 0.00008 ( 1)
 159 L   0.90360 0.00896 0.08631 0.00112 ( 1)
 160 G   0.51981 0.03227 0.44400 0.00393 ( 1)
 161 F   0.91584 0.00130 0.08263 0.00022 ( 1)
 162 T   0.00145 0.94971 0.00799 0.04085 ( 2)
 163 S   0.49933 0.30414 0.15776 0.03877 ( 1)
 164 D   0.73288 0.17290 0.06722 0.02699 ( 1)
 165 E   0.91358 0.00227 0.08379 0.00036 ( 1)
 166 K   0.91312 0.00250 0.08400 0.00039 ( 1)
 167 N   0.85754 0.05576 0.07600 0.01070 ( 1)
 168 S   0.91978 0.00034 0.07981 0.00007 ( 1)
 169 M   0.12970 0.70455 0.01120 0.15456 ( 2)
 170 Y   0.91996 0.00032 0.07965 0.00007 ( 1)
 171 K   0.91312 0.00250 0.08400 0.00039 ( 1)
 172 L   0.90360 0.00896 0.08631 0.00112 ( 1)
 173 T   0.92105 0.00019 0.07871 0.00005 ( 1)
 174 G   0.91747 0.00078 0.08159 0.00015 ( 1)
 175 A   0.91513 0.00157 0.08304 0.00026 ( 1)
 176 I   0.91567 0.00136 0.08274 0.00023 ( 1)
 177 M   0.92022 0.00029 0.07943 0.00006 ( 1)
 178 H   0.92389 0.00005 0.07604 0.00002 ( 1)
 179 F   0.91197 0.00314 0.08443 0.00047 ( 1)
 180 G   0.91747 0.00078 0.08159 0.00015 ( 1)
 181 N   0.91783 0.00069 0.08135 0.00013 ( 1)
 182 M   0.92022 0.00029 0.07943 0.00006 ( 1)
 183 K   0.91312 0.00250 0.08400 0.00039 ( 1)
 184 F   0.91584 0.00130 0.08263 0.00022 ( 1)
 185 K   0.91619 0.00116 0.08244 0.00021 ( 1)
 186 L   0.91975 0.00034 0.07984 0.00007 ( 1)
 187 K   0.91312 0.00250 0.08400 0.00039 ( 1)
 188 P   0.04924 0.80885 0.01512 0.12679 ( 2)
 189 R   0.91563 0.00136 0.08278 0.00023 ( 1)
 190 E   0.91358 0.00227 0.08379 0.00036 ( 1)
 191 E   0.91358 0.00227 0.08379 0.00036 ( 1)
 192 Q   0.91600 0.00122 0.08257 0.00021 ( 1)
 193 A   0.91363 0.00281 0.08310 0.00046 ( 1)
 194 E   0.91358 0.00227 0.08379 0.00036 ( 1)
 195 P   0.90939 0.01164 0.07581 0.00316 ( 1)
 196 D   0.91694 0.00092 0.08196 0.00017 ( 1)
 197 G   0.91900 0.00046 0.08045 0.00009 ( 1)
 198 N   0.89011 0.02738 0.07598 0.00652 ( 1)
 199 E   0.91831 0.00059 0.08099 0.00012 ( 1)
 200 -   0.92737 0.00021 0.07234 0.00009 ( 1)
 201 -   0.93768 0.00001 0.06231 0.00001 ( 1)
 202 -   0.90491 0.00936 0.08440 0.00134 ( 1)
 203 -   0.91980 0.00144 0.07841 0.00034 ( 1)
 204 -   0.91622 0.00271 0.08052 0.00054 ( 1)
 205 -   0.91980 0.00144 0.07841 0.00034 ( 1)
 206 -   0.92475 0.00044 0.07466 0.00015 ( 1)
 207 -   0.92560 0.00035 0.07393 0.00012 ( 1)
 208 -   0.91681 0.00248 0.08020 0.00051 ( 1)
 209 -   0.91622 0.00271 0.08052 0.00054 ( 1)
 210 -   0.92594 0.00033 0.07361 0.00012 ( 1)
 211 -   0.91981 0.00145 0.07840 0.00034 ( 1)
 212 -   0.37160 0.03440 0.59214 0.00186 ( 3)
 213 -   0.92320 0.00066 0.07595 0.00019 ( 1)
 214 -   0.92594 0.00033 0.07361 0.00012 ( 1)
 215 -   0.92475 0.00044 0.07466 0.00015 ( 1)
 216 -   0.92714 0.00022 0.07255 0.00009 ( 1)
 217 -   0.93001 0.00009 0.06985 0.00005 ( 1)
 218 -   0.91958 0.00149 0.07857 0.00035 ( 1)
 219 -   0.92695 0.00060 0.07225 0.00020 ( 1)
 220 -   0.91980 0.00144 0.07841 0.00034 ( 1)
 221 -   0.92726 0.00022 0.07243 0.00009 ( 1)
 222 -   0.90491 0.00936 0.08440 0.00134 ( 1)
 223 -   0.91681 0.00248 0.08020 0.00051 ( 1)
 224 -   0.92726 0.00022 0.07243 0.00009 ( 1)
 225 -   0.00000 0.84411 0.00000 0.15589 ( 2)
 226 -   0.92003 0.00133 0.07831 0.00033 ( 1)
 227 -   0.93203 0.00005 0.06790 0.00003 ( 1)
 228 -   0.92419 0.00052 0.07513 0.00016 ( 1)
 229 -   0.92003 0.00133 0.07831 0.00033 ( 1)
 230 -   0.92560 0.00035 0.07393 0.00012 ( 1)
 231 -   0.91981 0.00145 0.07840 0.00034 ( 1)
 232 -   0.93097 0.00007 0.06892 0.00004 ( 1)
 233 -   0.92420 0.00052 0.07511 0.00016 ( 1)
 234 -   0.93757 0.00001 0.06242 0.00001 ( 1)
 235 -   0.90472 0.00953 0.08438 0.00137 ( 1)
 236 -   0.92514 0.00043 0.07429 0.00014 ( 1)
 237 -   0.91700 0.00242 0.08007 0.00051 ( 1)
 238 -   0.91973 0.00151 0.07840 0.00036 ( 1)
 239 -   0.92417 0.00055 0.07511 0.00017 ( 1)
 240 -   0.91973 0.00151 0.07839 0.00036 ( 1)
 241 -   0.91671 0.00258 0.08019 0.00053 ( 1)
 242 -   0.91942 0.00163 0.07856 0.00039 ( 1)
 243 -   0.91965 0.00159 0.07839 0.00038 ( 1)
 244 -   0.92511 0.00046 0.07428 0.00015 ( 1)
 245 F   0.91875 0.00124 0.07975 0.00026 ( 1)
 246 N   0.92159 0.00030 0.07803 0.00007 ( 1)
 247 S   0.93255 0.00000 0.06745 0.00000 ( 1)
 248 F   0.00000 0.85161 0.00000 0.14839 ( 2)
 249 E   0.91798 0.00119 0.08059 0.00024 ( 1)
 250 Q   0.92063 0.00053 0.07871 0.00013 ( 1)
 251 L   0.92442 0.00036 0.07510 0.00011 ( 1)
 252 C   0.93364 0.00000 0.06635 0.00000 ( 1)
 253 I   0.92027 0.00061 0.07897 0.00014 ( 1)
 254 N   0.92278 0.00027 0.07688 0.00007 ( 1)
 255 F   0.92048 0.00059 0.07880 0.00014 ( 1)
 256 T   0.92702 0.00005 0.07291 0.00002 ( 1)
 257 N   0.92278 0.00027 0.07688 0.00007 ( 1)
 258 E   0.91800 0.00117 0.08059 0.00024 ( 1)
 259 K   0.91751 0.00131 0.08092 0.00026 ( 1)
 260 L   0.90864 0.00613 0.08432 0.00091 ( 1)
 261 Q   0.92062 0.00054 0.07871 0.00013 ( 1)
 262 Q   0.92063 0.00053 0.07871 0.00013 ( 1)
 263 F   0.92048 0.00059 0.07880 0.00014 ( 1)
 264 F   0.92048 0.00059 0.07880 0.00014 ( 1)
 265 N   0.92278 0.00027 0.07688 0.00007 ( 1)
 266 H   0.93076 0.00001 0.06922 0.00001 ( 1)
 267 H   0.93076 0.00001 0.06922 0.00001 ( 1)
 268 M   0.92581 0.00009 0.07407 0.00003 ( 1)
 269 F   0.92048 0.00059 0.07880 0.00014 ( 1)
 270 V   0.92473 0.00013 0.07510 0.00004 ( 1)
 271 L   0.90784 0.00642 0.08482 0.00091 ( 1)
 272 E   0.91989 0.00093 0.07896 0.00021 ( 1)
 273 Q   0.92148 0.00050 0.07789 0.00013 ( 1)
 274 E   0.91800 0.00117 0.08059 0.00024 ( 1)
 275 E   0.92070 0.00048 0.07871 0.00011 ( 1)
 276 Y   0.92518 0.00010 0.07469 0.00003 ( 1)
 277 K   0.91751 0.00131 0.08092 0.00026 ( 1)
 278 K   0.91751 0.00131 0.08092 0.00026 ( 1)
 279 E   0.91800 0.00117 0.08059 0.00024 ( 1)
 280 G   0.92425 0.00016 0.07555 0.00005 ( 1)
 281 I   0.92027 0.00061 0.07897 0.00014 ( 1)
 282 E   0.34498 0.05611 0.59713 0.00178 ( 3)
 283 W   0.92335 0.00021 0.07637 0.00006 ( 1)
 284 E   0.22250 0.17497 0.60072 0.00181 ( 3)
 285 F   0.92048 0.00059 0.07880 0.00014 ( 1)
 286 I   0.92027 0.00061 0.07897 0.00014 ( 1)
 287 D   0.92511 0.00011 0.07473 0.00004 ( 1)
 288 F   0.92046 0.00060 0.07880 0.00014 ( 1)
 289 G   0.92425 0.00016 0.07555 0.00005 ( 1)
 290 M   0.38193 0.00530 0.61252 0.00025 ( 3)
 291 D   0.92511 0.00011 0.07473 0.00004 ( 1)
 292 L   0.90784 0.00642 0.08482 0.00091 ( 1)
 293 Q   0.01003 0.79868 0.00086 0.19043 ( 2)
 294 A   0.36016 0.02962 0.60915 0.00107 ( 3)
 295 C   0.93364 0.00000 0.06635 0.00000 ( 1)
 296 I   0.92010 0.00066 0.07909 0.00015 ( 1)
 297 D   0.90609 0.01563 0.07320 0.00508 ( 1)
 298 L   0.92520 0.00011 0.07466 0.00004 ( 1)
 299 I   0.92027 0.00061 0.07897 0.00014 ( 1)
 300 E   0.91800 0.00117 0.08059 0.00024 ( 1)
 301 K   0.91751 0.00131 0.08092 0.00026 ( 1)
 302 P   0.93104 0.00003 0.06892 0.00001 ( 1)
 303 M   0.92616 0.00016 0.07363 0.00006 ( 1)
 304 G   0.92452 0.00026 0.07514 0.00008 ( 1)
 305 I   0.92026 0.00089 0.07863 0.00021 ( 1)
 306 M   0.92616 0.00016 0.07363 0.00006 ( 1)
 307 S   0.92556 0.00019 0.07419 0.00006 ( 1)
 308 I   0.92026 0.00089 0.07863 0.00021 ( 1)
 309 L   0.90837 0.00712 0.08345 0.00107 ( 1)
 310 E   0.91778 0.00161 0.08028 0.00033 ( 1)
 311 E   0.91778 0.00161 0.08028 0.00033 ( 1)
 312 E   0.91778 0.00161 0.08028 0.00033 ( 1)
 313 C   0.93424 0.00001 0.06575 0.00001 ( 1)
 314 M   0.92616 0.00016 0.07363 0.00006 ( 1)
 315 F   0.92048 0.00086 0.07846 0.00020 ( 1)
 316 P   0.93104 0.00003 0.06892 0.00001 ( 1)
 317 K   0.91725 0.00178 0.08061 0.00036 ( 1)
 318 A   0.92047 0.00086 0.07847 0.00020 ( 1)
 319 T   0.92480 0.00023 0.07489 0.00008 ( 1)
 320 D   0.92543 0.00019 0.07431 0.00007 ( 1)
 321 M   0.92617 0.00015 0.07363 0.00005 ( 1)
 322 T   0.92743 0.00009 0.07244 0.00004 ( 1)
 323 F   0.92050 0.00084 0.07846 0.00020 ( 1)
 324 K   0.33268 0.08411 0.58067 0.00254 ( 3)
 325 A   0.91595 0.00226 0.08136 0.00043 ( 1)
 326 K   0.91729 0.00174 0.08062 0.00035 ( 1)
 327 L   0.90773 0.00712 0.08409 0.00106 ( 1)
 328 F   0.00000 0.97264 0.00000 0.02736 ( 2)
 329 D   0.92544 0.00019 0.07431 0.00006 ( 1)
 330 N   0.92298 0.00040 0.07650 0.00011 ( 1)
 331 H   0.93129 0.00002 0.06868 0.00001 ( 1)
 332 L   0.90690 0.00745 0.08458 0.00107 ( 1)
 333 G   0.92609 0.00018 0.07367 0.00006 ( 1)
 334 K   0.91860 0.00142 0.07967 0.00031 ( 1)
 335 S   0.92719 0.00013 0.07264 0.00005 ( 1)
 336 S   0.00000 0.64719 0.00000 0.35281 ( 2)
 337 N   0.92450 0.00027 0.07515 0.00008 ( 1)
 338 F   0.92196 0.00059 0.07730 0.00015 ( 1)
 339 Q   0.92212 0.00053 0.07720 0.00014 ( 1)
 340 K   0.91872 0.00131 0.07968 0.00029 ( 1)
 341 P   0.93190 0.00002 0.06807 0.00001 ( 1)
 342 R   0.92589 0.00020 0.07384 0.00007 ( 1)
 343 N   0.92462 0.00017 0.07516 0.00005 ( 1)
 344 I   0.92173 0.00061 0.07749 0.00016 ( 1)
 345 K   0.91872 0.00131 0.07968 0.00029 ( 1)
 346 G   0.92929 0.00005 0.07064 0.00002 ( 1)
 347 K   0.00043 0.94958 0.00069 0.04930 ( 2)
 348 P   0.93415 0.00001 0.06584 0.00001 ( 1)
 349 E   0.92515 0.00022 0.07456 0.00007 ( 1)
 350 A   0.92195 0.00059 0.07731 0.00015 ( 1)
 351 H   0.93331 0.00001 0.06667 0.00001 ( 1)
 352 F   0.92196 0.00059 0.07730 0.00015 ( 1)
 353 S   0.92721 0.00011 0.07264 0.00004 ( 1)
 354 L   0.90847 0.00643 0.08414 0.00096 ( 1)
 355 I   0.09732 0.69525 0.00804 0.19939 ( 2)
 356 H   0.93331 0.00001 0.06667 0.00001 ( 1)
 357 Y   0.92660 0.00021 0.07311 0.00008 ( 1)
 358 A   0.92166 0.00051 0.07770 0.00013 ( 1)
 359 G   0.92616 0.00013 0.07367 0.00005 ( 1)
 360 T   0.92918 0.00004 0.07076 0.00002 ( 1)
 361 V   0.92668 0.00010 0.07317 0.00004 ( 1)
 362 D   0.92708 0.00011 0.07276 0.00004 ( 1)
 363 Y   0.92752 0.00008 0.07237 0.00003 ( 1)
 364 N   0.92456 0.00022 0.07515 0.00007 ( 1)
 365 I   0.92185 0.00052 0.07750 0.00013 ( 1)
 366 I   0.40921 0.00057 0.59017 0.00005 ( 3)
 367 G   0.92616 0.00013 0.07367 0.00005 ( 1)
 368 W   0.92517 0.00017 0.07459 0.00006 ( 1)
 369 L   0.92230 0.00043 0.07716 0.00012 ( 1)
 370 Q   0.08748 0.73714 0.14341 0.03197 ( 2)
 371 K   0.92190 0.00055 0.07741 0.00014 ( 1)
 372 N   0.92456 0.00022 0.07515 0.00007 ( 1)
 373 K   0.92247 0.00042 0.07699 0.00012 ( 1)
 374 D   0.92711 0.00009 0.07277 0.00003 ( 1)
 375 P   0.93400 0.00001 0.06599 0.00000 ( 1)
 376 L   0.92720 0.00009 0.07268 0.00003 ( 1)
 377 N   0.92456 0.00022 0.07515 0.00007 ( 1)
 378 E   0.91943 0.00101 0.07933 0.00023 ( 1)
 379 T   0.92907 0.00005 0.07087 0.00002 ( 1)
 380 V   0.92793 0.00008 0.07197 0.00003 ( 1)
 381 V   0.92668 0.00010 0.07317 0.00004 ( 1)
 382 E   0.00002 0.98954 0.00005 0.01040 ( 2)
 383 L   0.93362 0.00001 0.06637 0.00000 ( 1)
 384 Y   0.92752 0.00008 0.07237 0.00003 ( 1)
 385 K   0.03665 0.87230 0.06336 0.02769 ( 2)
 386 K   0.92150 0.00062 0.07773 0.00015 ( 1)
 387 S   0.92724 0.00009 0.07264 0.00003 ( 1)
 388 S   0.93173 0.00002 0.06824 0.00001 ( 1)
 389 L   0.92725 0.00009 0.07263 0.00003 ( 1)
 390 K   0.91891 0.00114 0.07970 0.00025 ( 1)
 391 M   0.19494 0.60893 0.01600 0.18012 ( 2)
 392 L   0.92332 0.00023 0.07638 0.00007 ( 1)
 393 S   0.69017 0.18353 0.05385 0.07244 ( 1)
 394 T   0.88924 0.02729 0.07743 0.00604 ( 1)
 395 L   0.90569 0.00796 0.08526 0.00109 ( 1)
 396 F   0.91448 0.00256 0.08252 0.00044 ( 1)
 397 A   0.91873 0.00098 0.08008 0.00021 ( 1)
 398 N   0.92102 0.00050 0.07837 0.00012 ( 1)
 399 Y   0.91710 0.00140 0.08122 0.00027 ( 1)
 400 A   0.91416 0.00270 0.08268 0.00046 ( 1)
 401 G   0.92505 0.00012 0.07478 0.00004 ( 1)
 402 F   0.91448 0.00256 0.08252 0.00044 ( 1)
 403 D   0.92324 0.00024 0.07645 0.00007 ( 1)
 404 S   0.84359 0.06778 0.07092 0.01771 ( 1)
 405 -   0.91410 0.00376 0.08144 0.00070 ( 1)
 406 -   0.93158 0.00006 0.06832 0.00004 ( 1)
 407 -   0.90200 0.01153 0.08490 0.00157 ( 1)
 408 -   0.91999 0.00142 0.07825 0.00034 ( 1)
 409 -   0.91349 0.00406 0.08171 0.00074 ( 1)
 410 -   0.90200 0.01153 0.08490 0.00157 ( 1)
 411 -   0.92333 0.00069 0.07578 0.00020 ( 1)
 412 -   0.80664 0.09661 0.06520 0.03155 ( 1)
 413 -   0.91999 0.00142 0.07825 0.00034 ( 1)
 414 -   0.92860 0.00016 0.07117 0.00007 ( 1)
 415 -   0.92162 0.00101 0.07710 0.00027 ( 1)
 416 -   0.92272 0.00079 0.07627 0.00022 ( 1)
 417 -   0.92251 0.00096 0.07626 0.00028 ( 1)
 418 -   0.92833 0.00018 0.07142 0.00008 ( 1)
 419 -   0.92809 0.00019 0.07164 0.00008 ( 1)
 420 -   0.92833 0.00018 0.07142 0.00008 ( 1)
 421 -   0.91719 0.00239 0.07992 0.00050 ( 1)
 422 -   0.92218 0.00088 0.07669 0.00024 ( 1)
 423 -   0.92720 0.00024 0.07247 0.00010 ( 1)
 424 -   0.93107 0.00008 0.06882 0.00004 ( 1)
 425 -   0.91696 0.00246 0.08006 0.00051 ( 1)
 426 -   0.91696 0.00246 0.08006 0.00051 ( 1)
 427 -   0.92809 0.00019 0.07164 0.00008 ( 1)
 428 -   0.93158 0.00006 0.06832 0.00004 ( 1)
 429 -   0.91410 0.00376 0.08144 0.00070 ( 1)
 430 -   0.92119 0.00111 0.07741 0.00029 ( 1)
 431 -   0.91349 0.00406 0.08171 0.00074 ( 1)
 432 -   0.80984 0.09596 0.06708 0.02712 ( 1)
 433 -   0.92698 0.00033 0.07256 0.00013 ( 1)
 434 -   0.91778 0.00150 0.08041 0.00031 ( 1)
 435 -   0.91877 0.00122 0.07975 0.00026 ( 1)
 436 -   0.91813 0.00140 0.08018 0.00029 ( 1)
 437 -   0.91770 0.00183 0.08008 0.00038 ( 1)
 438 -   0.92280 0.00040 0.07669 0.00011 ( 1)
 439 -   0.89907 0.01327 0.08601 0.00164 ( 1)
 440 -   0.92763 0.00008 0.07226 0.00003 ( 1)
 441 -   0.91877 0.00122 0.07975 0.00026 ( 1)
 442 -   0.92299 0.00038 0.07653 0.00010 ( 1)
 443 -   0.91344 0.00333 0.08266 0.00057 ( 1)
 444 -   0.89880 0.01354 0.08599 0.00168 ( 1)
 445 -   0.91727 0.00169 0.08071 0.00033 ( 1)
 446 -   0.92520 0.00018 0.07456 0.00006 ( 1)
 447 -   0.92561 0.00015 0.07418 0.00005 ( 1)
 448 -   0.91851 0.00140 0.07979 0.00030 ( 1)
 449 -   0.91778 0.00150 0.08041 0.00031 ( 1)
 450 -   0.89880 0.01354 0.08599 0.00168 ( 1)
 451 -   0.91026 0.00519 0.08375 0.00080 ( 1)
 452 -   0.91729 0.00168 0.08070 0.00033 ( 1)
 453 -   0.91298 0.00361 0.08281 0.00060 ( 1)
 454 -   0.91727 0.00169 0.08071 0.00033 ( 1)
 455 -   0.91298 0.00361 0.08281 0.00060 ( 1)
 456 -   0.92520 0.00018 0.07456 0.00006 ( 1)
 457 -   0.92444 0.00023 0.07525 0.00007 ( 1)
 458 -   0.90968 0.00554 0.08394 0.00084 ( 1)
 459 -   0.91729 0.00168 0.08070 0.00033 ( 1)
 460 -   0.59561 0.30030 0.05394 0.05014 ( 1)
 461 -   0.92280 0.00040 0.07669 0.00011 ( 1)
 462 -   0.91580 0.00225 0.08153 0.00042 ( 1)
 463 -   0.91727 0.00169 0.08071 0.00033 ( 1)
 464 -   0.91298 0.00361 0.08281 0.00060 ( 1)
 465 -   0.91821 0.00137 0.08013 0.00028 ( 1)
 466 -   0.90859 0.00291 0.08816 0.00034 ( 1)
 467 -   0.90952 0.00222 0.08801 0.00026 ( 1)
 468 -   0.90833 0.00312 0.08819 0.00036 ( 1)
 469 -   0.90466 0.00621 0.08844 0.00069 ( 1)
 470 -   0.91066 0.00143 0.08773 0.00017 ( 1)
 471 -   0.90485 0.00603 0.08845 0.00067 ( 1)
 472 R   0.91216 0.00041 0.08739 0.00005 ( 1)
 473 Y   0.92751 0.00008 0.07237 0.00003 ( 1)
 474 R   0.92611 0.00016 0.07368 0.00006 ( 1)
 475 I   0.92176 0.00059 0.07749 0.00015 ( 1)
 476 L   0.90878 0.00613 0.08417 0.00092 ( 1)
 477 N   0.92457 0.00021 0.07516 0.00007 ( 1)
 478 P   0.93415 0.00001 0.06584 0.00000 ( 1)
 479 A   0.92293 0.00036 0.07661 0.00010 ( 1)
 480 A   0.92208 0.00047 0.07732 0.00012 ( 1)
 481 I   0.92187 0.00050 0.07750 0.00013 ( 1)
 482 P   0.93305 0.00001 0.06694 0.00001 ( 1)
 483 E   0.91947 0.00098 0.07933 0.00022 ( 1)
 484 G   0.92616 0.00012 0.07367 0.00004 ( 1)
 485 Q   0.92224 0.00043 0.07721 0.00012 ( 1)
 486 F   0.92209 0.00047 0.07731 0.00012 ( 1)
 487 I   0.91969 0.00091 0.07919 0.00021 ( 1)
 488 D   0.92711 0.00009 0.07277 0.00003 ( 1)
 489 S   0.93744 0.00000 0.06256 0.00000 ( 1)
 490 R   0.93536 0.00000 0.06464 0.00000 ( 1)
 491 K   0.92249 0.00041 0.07700 0.00011 ( 1)
 492 G   0.92931 0.00004 0.07064 0.00002 ( 1)
 493 S   0.00000 0.99011 0.00000 0.00988 ( 2)
 494 E   0.91947 0.00098 0.07933 0.00022 ( 1)
 495 K   0.91895 0.00111 0.07970 0.00024 ( 1)
