92
Bacu_CASQ1         0.0000000 0.0224480 0.0212797 0.0018927 0.0064375 0.0070212 0.0058018 0.0051567 0.0122165 0.0058566 0.1007325 0.0234440 0.0220132 0.0915337 0.0161091 0.0217819 0.0239143 0.0237754 0.0218520 0.0288499 0.0155442 0.0146425 0.0131983 0.0094184 0.0262206 0.0209978 0.0242504 0.0239766 0.0234468 0.0512336 0.0268871 0.0215456 0.0247192 0.0225842 0.0300943 0.0252222 0.0235097 0.0242835 0.0242219 0.0228227 0.0238113 0.0240745 0.0246615 0.0170367 0.0235697 0.0265591 0.0249057 0.0250436 0.0265299 0.0310943 0.0295237 0.0264484 0.0277557 0.0272409 0.0277865 0.0248719 0.0277593 0.0258538 0.0339802 0.0270360 0.0886017 0.0220253 0.0228451 0.0277991 0.0857355 0.0261284 0.0221212 0.0232764 0.0368492 0.0249400 0.0268896 0.0233106 0.0267005 0.0227902 0.0276460 0.0228227 0.0246654 0.0209978 0.0228210 0.0237968 0.0289955 0.0218520 0.0246654 0.0230489 0.0255465 0.0220132 0.0230325 0.0220132 0.0827594 0.0251980 0.0228977 0.0298487 
Barn_CASQ1         0.0224480 0.0000000 0.0000010 0.0256642 0.0224522 0.0224522 0.0222995 0.0223185 0.0255114 0.0255086 0.1270657 0.0254286 0.0270630 0.1124549 0.0343708 0.0303877 0.0303877 0.0303877 0.0303877 0.0270946 0.0300108 0.0271522 0.0271522 0.0291635 0.0324199 0.0287146 0.0324199 0.0324199 0.0070337 0.0489821 0.0027127 0.0293094 0.0224861 0.0208982 0.0305148 0.0320448 0.0270630 0.0270630 0.0322117 0.0357908 0.0254508 0.0254508 0.0287184 0.0253963 0.0070404 0.0084823 0.0070404 0.0072873 0.0145984 0.0175183 0.0076985 0.0070337 0.0084823 0.0130199 0.0270946 0.0070404 0.0084895 0.0084813 0.0460692 0.0309176 0.1117665 0.0270594 0.0286848 0.0303836 0.1137854 0.0269772 0.0221832 0.0307077 0.0274376 0.0286522 0.0341096 0.0237814 0.0302888 0.0286522 0.0253279 0.0303877 0.0303877 0.0287146 0.0303521 0.0337118 0.0325405 0.0303877 0.0303877 0.0303877 0.0303877 0.0303877 0.0303877 0.0303877 0.0728358 0.0293554 0.0070404 0.0058484 
Bbai76728_CASQ1    0.0212797 0.0000010 0.0000000 0.0236752 0.0198223 0.0219261 0.0199814 0.0199939 0.0236439 0.0238776 0.1117461 0.0228941 0.0223424 0.1045431 0.0326040 0.0248999 0.0245303 0.0274161 0.0245303 0.0245946 0.0295491 0.0265795 0.0248676 0.0250078 0.0291171 0.0236146 0.0264104 0.0259452 0.0073813 0.0499233 0.0027127 0.0281549 0.0218936 0.0192828 0.0290606 0.0274590 0.0241998 0.0238050 0.0262779 0.0283642 0.0209537 0.0210948 0.0256313 0.0209085 0.0064413 0.0078465 0.0060718 0.0080952 0.0126491 0.0149509 0.0075194 0.0060669 0.0089964 0.0104487 0.0233444 0.0073160 0.0090078 0.0068370 0.0384653 0.0258953 0.1007851 0.0223401 0.0233056 0.0257256 0.0998511 0.0272924 0.0235218 0.0251021 0.0310773 0.0248583 0.0297678 0.0229493 0.0281171 0.0244918 0.0218667 0.0257281 0.0268475 0.0236146 0.0257064 0.0269311 0.0325405 0.0245303 0.0268475 0.0248999 0.0268475 0.0248999 0.0261727 0.0248999 0.0841091 0.0233679 0.0055495 0.0054123 
BbonAUS_CASQ1      0.0018927 0.0256642 0.0236752 0.0000000 0.0086363 0.0094245 0.0077789 0.0077827 0.0138941 0.0082386 0.1100792 0.0244789 0.0239579 0.0998322 0.0182285 0.0238799 0.0248274 0.0261643 0.0236686 0.0316489 0.0169172 0.0158337 0.0149369 0.0119025 0.0276962 0.0227804 0.0253331 0.0249640 0.0273161 0.0549506 0.0334524 0.0262430 0.0263587 0.0241625 0.0303139 0.0263020 0.0257180 0.0253863 0.0252163 0.0247716 0.0247696 0.0251241 0.0270541 0.0214406 0.0262395 0.0265614 0.0289278 0.0275053 0.0303862 0.0352757 0.0345259 0.0293195 0.0301721 0.0316230 0.0304277 0.0288878 0.0301777 0.0282865 0.0401676 0.0283876 0.0957826 0.0239556 0.0247694 0.0281548 0.0967209 0.0276042 0.0252434 0.0254105 0.0372628 0.0274572 0.0283737 0.0248335 0.0293061 0.0269715 0.0306105 0.0247716 0.0257180 0.0227804 0.0247525 0.0258790 0.0343111 0.0236686 0.0257180 0.0239579 0.0257180 0.0239579 0.0251241 0.0239579 0.0788370 0.0251649 0.0264578 0.0322725 
Bbor_CASQ1         0.0064375 0.0224522 0.0198223 0.0086363 0.0000000 0.0000010 0.0000010 0.0020966 0.0096676 0.0044873 0.0990054 0.0189033 0.0190683 0.0897949 0.0108696 0.0183935 0.0202799 0.0210063 0.0190464 0.0276188 0.0117631 0.0114851 0.0107809 0.0064208 0.0226238 0.0178017 0.0205110 0.0204014 0.0251110 0.0474445 0.0299140 0.0215494 0.0224908 0.0198561 0.0254755 0.0216000 0.0208553 0.0199746 0.0204074 0.0202320 0.0202302 0.0203279 0.0222744 0.0166755 0.0253024 0.0270760 0.0268689 0.0253148 0.0286304 0.0340176 0.0292078 0.0269531 0.0284080 0.0296561 0.0263139 0.0268267 0.0284125 0.0262997 0.0366807 0.0250064 0.0864749 0.0190663 0.0202301 0.0238661 0.0825147 0.0209859 0.0216263 0.0205781 0.0328084 0.0254320 0.0236891 0.0208933 0.0247511 0.0250230 0.0255279 0.0202320 0.0208553 0.0190518 0.0202155 0.0214234 0.0314523 0.0190464 0.0208553 0.0190683 0.0208553 0.0190683 0.0203279 0.0190683 0.0765884 0.0225338 0.0243381 0.0307318 
Bede66737_CASQ1    0.0070212 0.0224522 0.0219261 0.0094245 0.0000010 0.0000000 0.0000010 0.0022815 0.0105450 0.0049140 0.1026463 0.0189033 0.0210063 0.0923032 0.0118689 0.0204761 0.0222183 0.0210063 0.0208553 0.0303189 0.0117631 0.0112599 0.0117631 0.0070015 0.0226238 0.0196029 0.0226238 0.0223642 0.0251110 0.0511553 0.0299140 0.0215494 0.0224908 0.0198561 0.0254755 0.0224035 0.0208553 0.0204761 0.0224988 0.0221600 0.0221578 0.0224012 0.0224230 0.0182461 0.0253024 0.0283216 0.0268689 0.0264274 0.0300412 0.0359721 0.0292078 0.0269531 0.0297853 0.0296561 0.0288690 0.0268267 0.0297917 0.0262997 0.0405306 0.0274160 0.0885897 0.0210039 0.0221576 0.0248326 0.0866747 0.0209859 0.0195811 0.0227065 0.0328084 0.0280596 0.0236891 0.0208933 0.0247511 0.0274363 0.0286738 0.0208553 0.0208553 0.0209861 0.0208365 0.0234715 0.0314523 0.0208553 0.0208553 0.0210063 0.0208553 0.0210063 0.0210063 0.0210063 0.0771559 0.0252910 0.0268689 0.0323695 
BedeAUS_CASQ1      0.0058018 0.0222995 0.0199814 0.0077789 0.0000010 0.0000010 0.0000000 0.0018939 0.0097070 0.0040261 0.1007471 0.0204616 0.0203853 0.0922715 0.0118128 0.0199686 0.0214172 0.0222314 0.0202940 0.0280678 0.0117631 0.0113409 0.0107128 0.0057881 0.0236868 0.0192396 0.0216974 0.0215332 0.0258759 0.0486521 0.0299140 0.0229805 0.0223029 0.0199574 0.0262288 0.0226707 0.0220237 0.0213996 0.0215989 0.0213710 0.0213693 0.0215227 0.0233062 0.0181247 0.0260879 0.0275907 0.0274483 0.0261112 0.0289877 0.0338081 0.0292078 0.0276804 0.0287859 0.0300388 0.0268860 0.0274102 0.0287903 0.0269037 0.0362261 0.0247385 0.0909210 0.0203833 0.0213691 0.0246690 0.0916078 0.0221949 0.0215390 0.0217616 0.0328797 0.0261233 0.0245804 0.0208776 0.0255261 0.0257154 0.0263127 0.0213710 0.0220237 0.0192396 0.0213550 0.0224524 0.0316349 0.0202940 0.0220237 0.0203853 0.0220237 0.0203853 0.0215227 0.0203853 0.0745385 0.0236612 0.0251280 0.0308676 
Bmus_CASQ1         0.0051567 0.0223185 0.0199939 0.0077827 0.0020966 0.0022815 0.0018939 0.0000000 0.0101810 0.0038435 0.0982263 0.0221435 0.0209081 0.0872560 0.0138663 0.0205866 0.0227947 0.0225682 0.0208014 0.0277227 0.0129009 0.0123398 0.0111414 0.0055360 0.0249744 0.0199034 0.0231126 0.0228966 0.0245144 0.0480808 0.0266904 0.0214321 0.0221748 0.0199539 0.0286259 0.0240317 0.0223672 0.0229892 0.0230386 0.0217624 0.0227403 0.0229467 0.0235012 0.0160359 0.0261069 0.0276088 0.0259839 0.0261287 0.0275366 0.0320973 0.0267884 0.0277021 0.0288050 0.0283615 0.0266733 0.0259492 0.0288094 0.0269215 0.0327583 0.0257450 0.0864673 0.0209194 0.0217395 0.0266852 0.0835889 0.0232952 0.0199725 0.0221461 0.0365545 0.0259725 0.0257004 0.0208260 0.0253759 0.0236636 0.0261380 0.0217624 0.0234575 0.0199034 0.0217608 0.0227266 0.0316821 0.0208014 0.0234575 0.0219321 0.0242340 0.0209081 0.0219166 0.0209081 0.0806979 0.0239038 0.0238948 0.0308884 
Bmys_CASQ1         0.0122165 0.0255114 0.0236439 0.0138941 0.0096676 0.0105450 0.0097070 0.0101810 0.0000000 0.0087674 0.1019733 0.0281003 0.0246441 0.0887827 0.0180930 0.0246333 0.0278892 0.0267701 0.0254643 0.0276992 0.0011262 0.0019897 0.0008968 0.0132371 0.0294571 0.0257442 0.0270835 0.0278021 0.0245166 0.0504236 0.0299682 0.0286948 0.0187782 0.0175714 0.0298201 0.0282496 0.0275520 0.0275449 0.0271765 0.0265181 0.0275942 0.0268715 0.0275769 0.0233306 0.0275696 0.0276112 0.0259862 0.0261310 0.0275389 0.0321000 0.0292473 0.0277050 0.0288075 0.0297706 0.0265757 0.0259515 0.0288119 0.0282468 0.0424172 0.0257616 0.0894435 0.0268691 0.0289361 0.0308504 0.0857167 0.0232184 0.0182718 0.0282897 0.0323966 0.0317677 0.0312856 0.0174380 0.0326261 0.0318404 0.0314461 0.0265181 0.0290228 0.0257442 0.0286388 0.0275756 0.0290432 0.0254643 0.0290228 0.0257642 0.0290228 0.0246441 0.0257442 0.0246441 0.0746115 0.0272237 0.0238968 0.0322256 
Bphy_CASQ1         0.0058566 0.0255086 0.0238776 0.0082386 0.0044873 0.0049140 0.0040261 0.0038435 0.0087674 0.0000000 0.1037060 0.0205977 0.0194023 0.0933910 0.0136037 0.0189190 0.0215872 0.0210677 0.0194023 0.0260200 0.0112674 0.0113471 0.0097736 0.0078338 0.0236477 0.0194023 0.0217514 0.0217514 0.0245146 0.0459238 0.0299762 0.0248615 0.0212696 0.0189094 0.0262474 0.0226850 0.0210677 0.0214142 0.0216123 0.0204837 0.0215840 0.0215840 0.0221451 0.0172360 0.0279854 0.0276091 0.0259841 0.0261289 0.0275368 0.0320976 0.0317024 0.0277024 0.0288053 0.0304082 0.0260200 0.0259494 0.0288097 0.0287580 0.0365892 0.0251234 0.0920013 0.0204955 0.0215358 0.0249195 0.0908979 0.0222099 0.0205859 0.0218128 0.0349291 0.0261402 0.0248521 0.0198543 0.0259744 0.0259564 0.0276858 0.0204837 0.0222465 0.0194023 0.0215695 0.0215695 0.0289955 0.0194023 0.0222465 0.0204973 0.0222465 0.0194023 0.0204820 0.0194023 0.0657252 0.0236819 0.0238950 0.0329644 
Btau_CASQ1         0.1007325 0.1270657 0.1117461 0.1100792 0.0990054 0.1026463 0.1007471 0.0982263 0.1019733 0.1037060 0.0000000 0.0990856 0.1005028 0.0346359 0.1148240 0.1029803 0.0980688 0.1035862 0.0935865 0.0974468 0.1130081 0.1147576 0.1038316 0.1023089 0.1023959 0.1005028 0.0993912 0.0925239 0.1102043 0.1104453 0.1249570 0.0939534 0.1006319 0.0979339 0.1164777 0.1070404 0.0958936 0.1099853 0.1060195 0.0962226 0.0936973 0.1006350 0.0975975 0.0953034 0.0997307 0.1077554 0.1043624 0.1105349 0.1085594 0.1116818 0.0943873 0.1203942 0.1109987 0.1100819 0.0954923 0.1064990 0.1135312 0.1029172 0.1184897 0.1021336 0.0291043 0.1022649 0.1010720 0.0997593 0.0494803 0.1154365 0.0898322 0.1034986 0.1214478 0.1112959 0.0931326 0.0933922 0.1019576 0.0980903 0.1097096 0.0950912 0.0986675 0.0972631 0.0906103 0.0935865 0.1072595 0.0935865 0.0986675 0.0987572 0.1000673 0.1005028 0.0988738 0.1005028 0.1356784 0.0987588 0.0991624 0.1148143 
Ccom40_CASQ1       0.0234440 0.0254286 0.0228941 0.0244789 0.0189033 0.0189033 0.0204616 0.0221435 0.0281003 0.0205977 0.0990856 0.0000000 0.0010828 0.0973579 0.0314600 0.0032735 0.0030820 0.0032735 0.0030820 0.0149486 0.0304711 0.0286487 0.0294469 0.0259339 0.0044130 0.0054928 0.0044130 0.0041520 0.0262137 0.0519726 0.0330387 0.0155560 0.0255234 0.0216570 0.0085128 0.0043784 0.0010196 0.0010828 0.0043923 0.0062581 0.0020462 0.0021721 0.0021736 0.0115971 0.0276621 0.0259508 0.0245619 0.0283904 0.0164286 0.0332405 0.0328913 0.0245381 0.0273498 0.0283534 0.0138090 0.0259705 0.0273952 0.0254782 0.0262089 0.0171463 0.0907987 0.0043776 0.0051662 0.0041207 0.0857873 0.0134593 0.0242374 0.0066649 0.0170392 0.0173334 0.0052052 0.0264561 0.0137811 0.0160027 0.0159957 0.0030820 0.0030820 0.0077379 0.0062211 0.0051667 0.0053898 0.0030820 0.0030820 0.0032735 0.0033436 0.0032735 0.0032735 0.0032735 0.0888108 0.0038068 0.0245619 0.0251789 
Chea7320_CASQ1     0.0220132 0.0270630 0.0223424 0.0239579 0.0190683 0.0210063 0.0203853 0.0209081 0.0246441 0.0194023 0.1005028 0.0010828 0.0000000 0.0955662 0.0289255 0.0019136 0.0027802 0.0018977 0.0017676 0.0109141 0.0306857 0.0283755 0.0257619 0.0239861 0.0038445 0.0044570 0.0035779 0.0035779 0.0259176 0.0509447 0.0330387 0.0124287 0.0232415 0.0219926 0.0076986 0.0037106 0.0000010 0.0010051 0.0027829 0.0044768 0.0017668 0.0017668 0.0018055 0.0081078 0.0293665 0.0261323 0.0244986 0.0283627 0.0172245 0.0306031 0.0316563 0.0259451 0.0273068 0.0286749 0.0109141 0.0257107 0.0285473 0.0271409 0.0222595 0.0140276 0.0899882 0.0035546 0.0037100 0.0053593 0.0788983 0.0133203 0.0238116 0.0063302 0.0152451 0.0133346 0.0048185 0.0241134 0.0121733 0.0137286 0.0116968 0.0026582 0.0019870 0.0062714 0.0062714 0.0035531 0.0043965 0.0017676 0.0019870 0.0026596 0.0021501 0.0017676 0.0026580 0.0017676 0.0772752 0.0019994 0.0225549 0.0287939 
Chir_CASQ1         0.0915337 0.1124549 0.1045431 0.0998322 0.0897949 0.0923032 0.0922715 0.0872560 0.0887827 0.0933910 0.0346359 0.0973579 0.0955662 0.0000000 0.1050925 0.1031775 0.0983092 0.1018766 0.0938639 0.0904989 0.0950939 0.0994565 0.0904654 0.0917650 0.1006999 0.0973819 0.0978791 0.0928145 0.0962638 0.0920888 0.1004607 0.0884947 0.0899565 0.0911567 0.1077075 0.1052963 0.0927500 0.1058970 0.1042815 0.0964748 0.0908177 0.0956858 0.0942843 0.0892513 0.0890747 0.1008433 0.0975058 0.1053585 0.1019559 0.1049847 0.0853781 0.1141499 0.1002160 0.0987184 0.0886570 0.0974253 0.1042375 0.0942004 0.1166025 0.1030599 0.0078087 0.0956747 0.0962729 0.0937543 0.0448280 0.1034427 0.0799725 0.1002464 0.1006160 0.1093717 0.0966490 0.0803458 0.1022606 0.0967621 0.1007011 0.0953521 0.0989170 0.0942250 0.0923838 0.0938639 0.0814879 0.0938639 0.0989170 0.0972700 0.1023484 0.0989785 0.0973819 0.0989785 0.1234521 0.0914023 0.0930204 0.1054639 
Cmar59905_CASQ1    0.0161091 0.0343708 0.0326040 0.0182285 0.0108696 0.0118689 0.0118128 0.0138663 0.0180930 0.0136037 0.1148240 0.0314600 0.0289255 0.1050925 0.0000000 0.0293390 0.0307115 0.0316522 0.0294909 0.0378192 0.0220752 0.0192020 0.0191642 0.0181898 0.0332952 0.0277023 0.0303917 0.0308845 0.0355021 0.0565416 0.0526028 0.0346592 0.0299661 0.0266422 0.0360223 0.0289280 0.0321092 0.0309556 0.0302488 0.0306375 0.0306350 0.0301326 0.0322744 0.0249239 0.0348330 0.0366789 0.0372933 0.0354159 0.0382313 0.0433634 0.0399513 0.0386173 0.0379517 0.0419784 0.0365303 0.0372445 0.0379658 0.0373933 0.0469614 0.0359189 0.1033784 0.0289226 0.0306347 0.0341642 0.1025564 0.0315949 0.0308963 0.0304891 0.0464201 0.0350108 0.0349364 0.0308971 0.0358391 0.0352543 0.0380711 0.0306375 0.0321092 0.0277023 0.0306125 0.0317884 0.0406921 0.0294909 0.0321092 0.0289255 0.0321092 0.0289255 0.0301326 0.0289255 0.0859036 0.0352184 0.0340186 0.0413860 
Dcap108471_CASQ1   0.0217819 0.0303877 0.0248999 0.0238799 0.0183935 0.0204761 0.0199686 0.0205866 0.0246333 0.0189190 0.1029803 0.0032735 0.0019136 0.1031775 0.0293390 0.0000000 0.0000010 0.0000010 0.0000010 0.0139133 0.0312748 0.0287265 0.0258529 0.0239143 0.0020813 0.0028781 0.0019259 0.0019259 0.0287382 0.0527951 0.0364242 0.0141229 0.0270600 0.0243197 0.0072648 0.0020030 0.0020670 0.0030379 0.0010008 0.0028919 0.0038503 0.0038503 0.0039426 0.0098068 0.0332315 0.0288728 0.0271295 0.0284922 0.0188893 0.0337075 0.0359788 0.0288011 0.0301808 0.0314437 0.0139133 0.0284842 0.0302282 0.0302509 0.0242964 0.0154689 0.0968041 0.0038500 0.0040329 0.0048258 0.0882948 0.0147437 0.0271030 0.0038748 0.0170367 0.0146307 0.0031310 0.0279865 0.0134594 0.0149069 0.0143757 0.0009532 0.0000010 0.0048231 0.0048231 0.0019115 0.0000010 0.0000010 0.0000010 0.0009537 0.0000010 0.0000010 0.0009532 0.0000010 0.0814111 0.0010900 0.0247659 0.0286663 
Dcap79929_CASQ1    0.0239143 0.0303877 0.0245303 0.0248274 0.0202799 0.0222183 0.0214172 0.0227947 0.0278892 0.0215872 0.0980688 0.0030820 0.0027802 0.0983092 0.0307115 0.0000010 0.0000000 0.0009914 0.0008742 0.0146508 0.0328513 0.0296326 0.0290265 0.0260583 0.0020028 0.0027785 0.0018589 0.0017655 0.0314203 0.0550462 0.0364242 0.0166299 0.0291847 0.0270706 0.0088451 0.0027775 0.0028343 0.0030379 0.0018516 0.0035453 0.0035298 0.0037166 0.0047690 0.0127129 0.0330136 0.0297939 0.0298292 0.0296705 0.0215688 0.0360621 0.0369076 0.0288011 0.0309964 0.0324725 0.0136739 0.0311517 0.0322755 0.0303786 0.0221097 0.0143025 0.0926347 0.0037163 0.0044232 0.0053214 0.0830353 0.0168692 0.0289254 0.0047006 0.0170367 0.0144320 0.0028504 0.0300103 0.0125556 0.0136393 0.0141726 0.0017544 0.0009382 0.0046554 0.0044209 0.0026381 0.0044088 0.0008742 0.0009382 0.0009203 0.0010107 0.0009203 0.0018466 0.0009203 0.0926975 0.0020961 0.0273074 0.0318917 
DdelSJR_CASQ1      0.0237754 0.0303877 0.0274161 0.0261643 0.0210063 0.0210063 0.0222314 0.0225682 0.0267701 0.0210677 0.1035862 0.0032735 0.0018977 0.1018766 0.0316522 0.0000010 0.0009914 0.0000000 0.0000010 0.0137907 0.0306857 0.0295756 0.0279926 0.0260941 0.0019097 0.0028541 0.0019097 0.0019097 0.0283945 0.0572326 0.0364242 0.0138738 0.0256516 0.0243775 0.0076986 0.0009896 0.0018977 0.0021734 0.0009924 0.0028676 0.0038179 0.0038179 0.0028559 0.0107241 0.0323373 0.0297490 0.0269349 0.0296140 0.0198056 0.0344981 0.0341870 0.0288011 0.0310441 0.0314437 0.0137907 0.0281662 0.0324228 0.0297462 0.0240645 0.0153056 0.0956233 0.0038176 0.0039974 0.0047851 0.0853715 0.0156589 0.0244520 0.0048302 0.0170367 0.0144846 0.0028722 0.0265064 0.0121733 0.0147754 0.0142094 0.0000010 0.0000010 0.0047825 0.0038155 0.0018956 0.0021809 0.0000010 0.0000010 0.0009451 0.0000010 0.0000010 0.0000010 0.0000010 0.0811347 0.0010797 0.0269349 0.0329523 
Ddeltrop4525_CASQ1 0.0218520 0.0303877 0.0245303 0.0236686 0.0190464 0.0208553 0.0202940 0.0208014 0.0254643 0.0194023 0.0935865 0.0030820 0.0017676 0.0938639 0.0294909 0.0000010 0.0008742 0.0000010 0.0000000 0.0131034 0.0313829 0.0283755 0.0265335 0.0237068 0.0019097 0.0026580 0.0017781 0.0016924 0.0283945 0.0535873 0.0364242 0.0142606 0.0264888 0.0243775 0.0076986 0.0018436 0.0018004 0.0030379 0.0009212 0.0025409 0.0033836 0.0035549 0.0036334 0.0112669 0.0315375 0.0285286 0.0269349 0.0283627 0.0193870 0.0329601 0.0341870 0.0288011 0.0297198 0.0306407 0.0121783 0.0281662 0.0309837 0.0290859 0.0210944 0.0132156 0.0886264 0.0035546 0.0035238 0.0050998 0.0781461 0.0156589 0.0266030 0.0044936 0.0170367 0.0133346 0.0027237 0.0272937 0.0114517 0.0130484 0.0129176 0.0008387 0.0000010 0.0044523 0.0042374 0.0016813 0.0021809 0.0000010 0.0000010 0.0008812 0.0000010 0.0000010 0.0008807 0.0000010 0.0855866 0.0009963 0.0247828 0.0306155 
Dleu_CASQ1         0.0288499 0.0270946 0.0245946 0.0316489 0.0276188 0.0303189 0.0280678 0.0277227 0.0276992 0.0260200 0.0974468 0.0149486 0.0109141 0.0904989 0.0378192 0.0139133 0.0146508 0.0137907 0.0131034 0.0000000 0.0343408 0.0296326 0.0287878 0.0313630 0.0159756 0.0137636 0.0148290 0.0150302 0.0271763 0.0517440 0.0266381 0.0226370 0.0288779 0.0255903 0.0157989 0.0153973 0.0121023 0.0136078 0.0144378 0.0159328 0.0112942 0.0109201 0.0130993 0.0158235 0.0316371 0.0273504 0.0257352 0.0296444 0.0204960 0.0318061 0.0318215 0.0273959 0.0285346 0.0307305 0.0008397 0.0269583 0.0297884 0.0291655 0.0201662 0.0090711 0.0896806 0.0128050 0.0136574 0.0167729 0.0798844 0.0192115 0.0256758 0.0158356 0.0083221 0.0122834 0.0171297 0.0273846 0.0114849 0.0121714 0.0117081 0.0140122 0.0147126 0.0156799 0.0158412 0.0149245 0.0112674 0.0131034 0.0147126 0.0137724 0.0147866 0.0128132 0.0137636 0.0128132 0.0834985 0.0134826 0.0236841 0.0306988 
EausAUS_CASQ1      0.0155442 0.0300108 0.0295491 0.0169172 0.0117631 0.0117631 0.0117631 0.0129009 0.0011262 0.0112674 0.1130081 0.0304711 0.0306857 0.0950939 0.0220752 0.0312748 0.0328513 0.0306857 0.0313829 0.0343408 0.0000000 0.0000010 0.0000010 0.0168735 0.0324704 0.0306541 0.0324704 0.0330722 0.0280102 0.0568785 0.0333171 0.0340356 0.0222729 0.0210477 0.0324729 0.0321413 0.0313829 0.0312748 0.0322882 0.0327555 0.0327523 0.0321379 0.0321715 0.0286201 0.0300812 0.0313120 0.0298340 0.0294955 0.0330866 0.0391195 0.0317456 0.0302629 0.0328012 0.0345503 0.0328513 0.0297881 0.0328110 0.0305666 0.0527677 0.0299683 0.0936672 0.0321341 0.0341305 0.0355863 0.0885364 0.0249488 0.0193257 0.0340841 0.0370299 0.0380180 0.0344666 0.0206192 0.0354586 0.0382917 0.0388016 0.0313829 0.0313829 0.0321044 0.0327200 0.0341344 0.0350601 0.0313829 0.0313829 0.0306857 0.0313829 0.0306857 0.0306857 0.0306857 0.0871010 0.0352960 0.0298340 0.0371013 
Egla13086_CASQ1    0.0146425 0.0271522 0.0265795 0.0158337 0.0114851 0.0112599 0.0113409 0.0123398 0.0019897 0.0113471 0.1147576 0.0286487 0.0283755 0.0994565 0.0192020 0.0287265 0.0296326 0.0295756 0.0283755 0.0296326 0.0000010 0.0000000 0.0009914 0.0157974 0.0311415 0.0283519 0.0298055 0.0298055 0.0271836 0.0534898 0.0333171 0.0330283 0.0223364 0.0197819 0.0311425 0.0307504 0.0295756 0.0302990 0.0296682 0.0295593 0.0295568 0.0295568 0.0316350 0.0259912 0.0294563 0.0301496 0.0287837 0.0287268 0.0315912 0.0365045 0.0317456 0.0291577 0.0313679 0.0338834 0.0296326 0.0287441 0.0313746 0.0300835 0.0464036 0.0274378 0.1000553 0.0295539 0.0307448 0.0321376 0.0993148 0.0244767 0.0226887 0.0311032 0.0344123 0.0343287 0.0324470 0.0207627 0.0333982 0.0343287 0.0343892 0.0295593 0.0295756 0.0283519 0.0307217 0.0307478 0.0317356 0.0283755 0.0295756 0.0283755 0.0295756 0.0283755 0.0295568 0.0283755 0.0766785 0.0316456 0.0276293 0.0357488 
Ejap43864_CASQ1    0.0131983 0.0271522 0.0248676 0.0149369 0.0107809 0.0117631 0.0107128 0.0111414 0.0008968 0.0097736 0.1038316 0.0294469 0.0257619 0.0904654 0.0191642 0.0258529 0.0290265 0.0279926 0.0265335 0.0287878 0.0000010 0.0009914 0.0000000 0.0142288 0.0307102 0.0268691 0.0282268 0.0288948 0.0257296 0.0518450 0.0333171 0.0302036 0.0198925 0.0187401 0.0311425 0.0294463 0.0287167 0.0288629 0.0283705 0.0275939 0.0286774 0.0280046 0.0287431 0.0243843 0.0289487 0.0288266 0.0272222 0.0273761 0.0287040 0.0332950 0.0317456 0.0291577 0.0300315 0.0310910 0.0276545 0.0271862 0.0300369 0.0294925 0.0436451 0.0269347 0.0911080 0.0280020 0.0300771 0.0319558 0.0874002 0.0244767 0.0192974 0.0294447 0.0344123 0.0329873 0.0324861 0.0185289 0.0338825 0.0329484 0.0328466 0.0275939 0.0302559 0.0268691 0.0297277 0.0286580 0.0317356 0.0265335 0.0302559 0.0268901 0.0302559 0.0257619 0.0268691 0.0257619 0.0761651 0.0285240 0.0250256 0.0334698 
Erob133443_CASQ1   0.0094184 0.0291635 0.0250078 0.0119025 0.0064208 0.0070015 0.0057881 0.0055360 0.0132371 0.0078338 0.1023089 0.0259339 0.0239861 0.0917650 0.0181898 0.0239143 0.0260583 0.0260941 0.0237068 0.0313630 0.0168735 0.0157974 0.0142288 0.0000000 0.0288218 0.0239861 0.0264580 0.0260421 0.0296522 0.0533541 0.0301411 0.0245738 0.0259884 0.0238992 0.0318128 0.0276186 0.0256711 0.0268329 0.0265250 0.0247659 0.0258462 0.0262477 0.0269487 0.0215666 0.0319008 0.0327830 0.0312334 0.0314199 0.0324916 0.0372202 0.0343905 0.0339126 0.0340263 0.0339264 0.0301927 0.0311929 0.0340357 0.0321569 0.0406939 0.0297166 0.0904855 0.0251206 0.0259963 0.0291178 0.0912534 0.0275448 0.0249579 0.0265362 0.0371419 0.0311983 0.0294101 0.0245503 0.0306867 0.0301191 0.0291408 0.0247659 0.0270564 0.0239861 0.0258289 0.0258289 0.0318322 0.0237068 0.0270564 0.0251229 0.0270564 0.0239861 0.0251032 0.0239861 0.0803112 0.0250233 0.0286647 0.0361514 
Fatt_CASQ1         0.0262206 0.0324199 0.0291171 0.0276962 0.0226238 0.0226238 0.0236868 0.0249744 0.0294571 0.0236477 0.1023959 0.0044130 0.0038445 0.1006999 0.0332952 0.0020813 0.0020028 0.0019097 0.0019097 0.0159756 0.0324704 0.0311415 0.0307102 0.0288218 0.0000000 0.0028722 0.0000010 0.0000010 0.0311598 0.0575162 0.0407718 0.0169684 0.0283199 0.0270079 0.0088971 0.0019991 0.0038445 0.0032962 0.0020049 0.0048418 0.0058015 0.0058015 0.0048216 0.0128440 0.0341656 0.0313271 0.0296428 0.0312498 0.0209864 0.0374044 0.0373641 0.0305264 0.0326446 0.0328488 0.0159756 0.0309053 0.0340517 0.0313242 0.0265468 0.0166810 0.0944477 0.0038420 0.0050473 0.0048158 0.0876725 0.0169700 0.0268682 0.0028614 0.0190716 0.0157769 0.0009447 0.0291613 0.0134301 0.0169731 0.0157069 0.0019097 0.0009967 0.0048131 0.0038399 0.0038402 0.0044601 0.0019097 0.0009967 0.0009512 0.0010788 0.0019097 0.0019097 0.0019097 0.0833403 0.0032868 0.0296428 0.0346841 
Ggri_CASQ1         0.0209978 0.0287146 0.0236146 0.0227804 0.0178017 0.0196029 0.0192396 0.0199034 0.0257442 0.0194023 0.1005028 0.0054928 0.0044570 0.0973819 0.0277023 0.0028781 0.0027785 0.0028541 0.0026580 0.0137636 0.0306541 0.0283519 0.0268691 0.0239861 0.0028722 0.0000000 0.0026737 0.0026737 0.0283945 0.0509841 0.0330299 0.0124378 0.0268494 0.0255638 0.0076928 0.0037083 0.0047878 0.0050951 0.0027812 0.0053858 0.0062747 0.0062747 0.0064148 0.0090411 0.0308430 0.0273245 0.0269349 0.0271182 0.0193870 0.0329601 0.0341870 0.0273650 0.0285072 0.0314437 0.0137636 0.0281662 0.0297593 0.0284366 0.0212313 0.0140170 0.0932660 0.0008811 0.0018442 0.0062681 0.0837063 0.0156465 0.0269186 0.0017818 0.0170159 0.0112106 0.0038399 0.0276948 0.0098912 0.0127800 0.0104911 0.0035531 0.0019857 0.0017657 0.0017657 0.0044523 0.0021809 0.0026580 0.0019857 0.0017668 0.0021486 0.0026580 0.0035528 0.0026580 0.0818720 0.0040236 0.0247828 0.0300685 
Gmac39091_CASQ1    0.0242504 0.0324199 0.0264104 0.0253331 0.0205110 0.0226238 0.0216974 0.0231126 0.0270835 0.0217514 0.0993912 0.0044130 0.0035779 0.0978791 0.0303917 0.0019259 0.0018589 0.0019097 0.0017781 0.0148290 0.0324704 0.0298055 0.0282268 0.0264580 0.0000010 0.0026737 0.0000000 0.0000010 0.0311598 0.0538261 0.0407718 0.0169684 0.0283199 0.0270079 0.0088971 0.0027912 0.0038445 0.0040921 0.0018597 0.0045037 0.0053970 0.0053970 0.0055179 0.0119310 0.0341656 0.0299688 0.0296428 0.0298506 0.0204809 0.0356217 0.0373641 0.0305264 0.0311789 0.0328488 0.0148290 0.0309053 0.0324667 0.0313242 0.0245275 0.0152735 0.0921692 0.0035757 0.0046810 0.0053913 0.0840945 0.0169700 0.0281813 0.0026643 0.0190716 0.0145111 0.0009447 0.0291613 0.0134301 0.0157555 0.0142616 0.0026739 0.0009967 0.0044789 0.0044789 0.0035742 0.0044601 0.0017781 0.0009967 0.0008864 0.0010788 0.0017781 0.0026737 0.0017781 0.0824341 0.0030295 0.0272393 0.0329223 
Gmel_CASQ1         0.0239766 0.0324199 0.0259452 0.0249640 0.0204014 0.0223642 0.0215332 0.0228966 0.0278021 0.0217514 0.0925239 0.0041520 0.0035779 0.0928145 0.0308845 0.0019259 0.0017655 0.0019097 0.0016924 0.0150302 0.0330722 0.0298055 0.0288948 0.0260421 0.0000010 0.0026737 0.0000010 0.0000000 0.0311598 0.0538261 0.0407718 0.0171559 0.0290360 0.0270079 0.0088971 0.0027912 0.0036449 0.0040921 0.0018597 0.0042839 0.0051340 0.0053970 0.0055179 0.0131555 0.0332366 0.0299688 0.0296428 0.0298506 0.0204809 0.0356217 0.0373641 0.0305264 0.0311789 0.0319534 0.0140852 0.0309053 0.0324667 0.0305602 0.0232262 0.0143801 0.0875814 0.0035757 0.0044440 0.0051288 0.0800368 0.0169700 0.0288062 0.0026643 0.0190716 0.0145111 0.0008971 0.0298286 0.0126254 0.0149654 0.0142616 0.0025447 0.0009430 0.0044789 0.0042614 0.0034011 0.0044601 0.0016924 0.0009430 0.0008864 0.0010162 0.0017781 0.0026737 0.0017781 0.0876210 0.0030295 0.0272393 0.0320787 
Hamp_CASQ1         0.0234468 0.0070337 0.0073813 0.0273161 0.0251110 0.0251110 0.0258759 0.0245144 0.0245166 0.0245146 0.1102043 0.0262137 0.0259176 0.0962638 0.0355021 0.0287382 0.0314203 0.0283945 0.0283945 0.0271763 0.0280102 0.0271836 0.0257296 0.0296522 0.0311598 0.0283945 0.0311598 0.0311598 0.0000000 0.0521959 0.0027127 0.0313751 0.0201270 0.0165910 0.0302498 0.0313336 0.0259176 0.0276496 0.0314619 0.0323711 0.0259373 0.0259373 0.0271525 0.0211084 0.0024461 0.0044222 0.0031411 0.0045832 0.0086018 0.0107532 0.0062174 0.0036492 0.0055451 0.0082354 0.0271763 0.0031361 0.0055427 0.0044218 0.0458054 0.0318283 0.0928778 0.0271497 0.0286787 0.0308870 0.0940165 0.0273461 0.0187184 0.0312623 0.0371354 0.0299731 0.0324180 0.0198946 0.0312784 0.0295746 0.0307862 0.0283945 0.0300254 0.0283945 0.0296235 0.0308628 0.0343449 0.0283945 0.0300254 0.0296495 0.0300254 0.0283945 0.0283945 0.0283945 0.0639440 0.0304487 0.0031411 0.0082457 
Hippo_CASQ1        0.0512336 0.0489821 0.0499233 0.0549506 0.0474445 0.0511553 0.0486521 0.0480808 0.0504236 0.0459238 0.1104453 0.0519726 0.0509447 0.0920888 0.0565416 0.0527951 0.0550462 0.0572326 0.0535873 0.0517440 0.0568785 0.0534898 0.0518450 0.0533541 0.0575162 0.0509841 0.0538261 0.0538261 0.0521959 0.0000000 0.0371288 0.0571868 0.0567890 0.0516073 0.0599107 0.0561766 0.0543204 0.0518181 0.0551169 0.0553714 0.0496799 0.0496799 0.0551007 0.0521608 0.0510198 0.0537508 0.0543952 0.0555814 0.0541841 0.0582827 0.0463151 0.0535005 0.0523509 0.0541804 0.0517440 0.0543317 0.0552087 0.0559264 0.0702670 0.0564685 0.0920319 0.0496749 0.0509397 0.0548725 0.1045484 0.0596949 0.0503737 0.0527214 0.0505942 0.0583952 0.0589407 0.0555431 0.0596973 0.0560602 0.0540226 0.0548781 0.0572326 0.0509841 0.0535349 0.0535873 0.0489691 0.0535873 0.0572326 0.0535873 0.0582845 0.0535873 0.0548734 0.0535873 0.0926793 0.0533444 0.0507096 0.0571909 
Hpla9120_CASQ1     0.0268871 0.0027127 0.0027127 0.0334524 0.0299140 0.0299140 0.0299140 0.0266904 0.0299682 0.0299762 0.1249570 0.0330387 0.0330387 0.1004607 0.0526028 0.0364242 0.0364242 0.0364242 0.0364242 0.0266381 0.0333171 0.0333171 0.0333171 0.0301411 0.0407718 0.0330299 0.0407718 0.0407718 0.0027127 0.0371288 0.0000000 0.0396949 0.0239659 0.0271900 0.0330299 0.0398046 0.0330387 0.0330387 0.0402429 0.0442555 0.0297778 0.0297778 0.0364341 0.0297088 0.0054762 0.0082785 0.0054762 0.0054762 0.0205982 0.0201861 0.0068735 0.0054662 0.0054762 0.0173295 0.0266381 0.0054762 0.0054762 0.0054762 0.0296487 0.0296487 0.0961576 0.0330299 0.0363447 0.0398836 0.1068712 0.0328915 0.0233277 0.0372101 0.0332232 0.0296487 0.0443004 0.0265099 0.0296487 0.0296487 0.0296487 0.0364242 0.0364242 0.0363361 0.0363361 0.0397951 0.0361629 0.0364242 0.0364242 0.0364242 0.0364242 0.0364242 0.0364242 0.0364242 0.0679771 0.0398046 0.0054762 0.0055142 
Igeo_CASQ1         0.0215456 0.0293094 0.0281549 0.0262430 0.0215494 0.0215494 0.0229805 0.0214321 0.0286948 0.0248615 0.0939534 0.0155560 0.0124287 0.0884947 0.0346592 0.0141229 0.0166299 0.0138738 0.0142606 0.0226370 0.0340356 0.0330283 0.0302036 0.0245738 0.0169684 0.0124378 0.0169684 0.0171559 0.0313751 0.0571868 0.0396949 0.0000000 0.0275958 0.0311641 0.0164229 0.0163431 0.0129080 0.0134291 0.0164188 0.0171207 0.0156143 0.0153212 0.0138755 0.0102445 0.0309944 0.0354418 0.0314115 0.0340007 0.0250191 0.0417258 0.0366981 0.0369387 0.0336775 0.0333659 0.0211661 0.0314115 0.0373038 0.0326029 0.0155871 0.0224525 0.0831203 0.0124378 0.0137005 0.0183796 0.0717651 0.0163256 0.0286072 0.0155499 0.0224373 0.0163258 0.0185430 0.0301099 0.0151161 0.0169599 0.0163258 0.0142606 0.0151421 0.0153194 0.0142591 0.0156125 0.0160983 0.0142606 0.0151421 0.0153345 0.0151421 0.0138738 0.0138738 0.0138738 0.0786427 0.0153211 0.0314115 0.0386111 
Kbre_CASQ1         0.0247192 0.0224861 0.0218936 0.0263587 0.0224908 0.0224908 0.0223029 0.0221748 0.0187782 0.0212696 0.1006319 0.0255234 0.0232415 0.0899565 0.0299661 0.0270600 0.0291847 0.0256516 0.0264888 0.0288779 0.0222729 0.0223364 0.0198925 0.0259884 0.0283199 0.0268494 0.0283199 0.0290360 0.0201270 0.0567890 0.0239659 0.0275958 0.0000000 0.0062301 0.0260181 0.0283686 0.0241911 0.0259011 0.0284805 0.0278351 0.0264701 0.0256326 0.0244430 0.0197093 0.0210579 0.0199291 0.0187863 0.0232443 0.0212777 0.0260285 0.0273471 0.0206448 0.0223160 0.0233389 0.0276574 0.0199670 0.0236202 0.0209940 0.0450523 0.0307346 0.0906583 0.0256301 0.0278574 0.0288001 0.0804374 0.0207957 0.0110386 0.0296404 0.0370314 0.0335029 0.0302019 0.0120828 0.0314968 0.0334101 0.0318908 0.0264888 0.0279024 0.0268494 0.0287769 0.0264888 0.0323621 0.0264888 0.0279024 0.0268722 0.0279024 0.0256516 0.0256516 0.0256516 0.0743653 0.0259831 0.0187863 0.0246701 
Ksim_CASQ1         0.0225842 0.0208982 0.0192828 0.0241625 0.0198561 0.0198561 0.0199574 0.0199539 0.0175714 0.0189094 0.0979339 0.0216570 0.0219926 0.0911567 0.0266422 0.0243197 0.0270706 0.0243775 0.0243775 0.0255903 0.0210477 0.0197819 0.0187401 0.0238992 0.0270079 0.0255638 0.0270079 0.0270079 0.0165910 0.0516073 0.0271900 0.0311641 0.0062301 0.0000000 0.0271943 0.0270003 0.0219926 0.0230315 0.0271052 0.0281797 0.0243597 0.0243597 0.0231816 0.0173533 0.0182810 0.0162257 0.0153054 0.0193411 0.0177234 0.0223833 0.0273062 0.0179164 0.0185785 0.0209178 0.0255903 0.0164601 0.0198464 0.0173579 0.0436492 0.0245977 0.0883124 0.0243574 0.0256976 0.0267796 0.0821111 0.0159108 0.0073370 0.0283109 0.0388647 0.0320836 0.0282214 0.0084146 0.0294914 0.0315812 0.0332653 0.0243775 0.0257405 0.0255638 0.0267573 0.0267596 0.0351716 0.0243775 0.0257405 0.0255852 0.0257405 0.0243775 0.0243775 0.0243775 0.0656376 0.0272740 0.0153054 0.0222858 
Lacu_CASQ1         0.0300943 0.0305148 0.0290606 0.0303139 0.0254755 0.0254755 0.0262288 0.0286259 0.0298201 0.0262474 0.1164777 0.0085128 0.0076986 0.1077075 0.0360223 0.0072648 0.0088451 0.0076986 0.0076986 0.0157989 0.0324729 0.0311425 0.0311425 0.0318128 0.0088971 0.0076928 0.0088971 0.0088971 0.0302498 0.0599107 0.0330299 0.0164229 0.0260181 0.0271943 0.0000000 0.0088263 0.0076986 0.0072648 0.0088554 0.0111804 0.0088256 0.0088256 0.0088322 0.0122660 0.0309894 0.0299690 0.0286707 0.0326162 0.0210478 0.0367946 0.0370764 0.0304678 0.0312760 0.0352266 0.0157989 0.0299907 0.0326683 0.0299661 0.0318671 0.0217302 0.1041867 0.0065688 0.0076878 0.0088255 0.0903015 0.0169400 0.0281639 0.0100696 0.0171326 0.0205378 0.0100407 0.0294570 0.0181280 0.0205378 0.0198299 0.0076986 0.0076986 0.0099528 0.0088189 0.0099604 0.0022010 0.0076986 0.0076986 0.0076986 0.0076986 0.0076986 0.0076986 0.0076986 0.0746461 0.0089644 0.0286707 0.0360413 
Lalb_CASQ1         0.0252222 0.0320448 0.0274590 0.0263020 0.0216000 0.0224035 0.0226707 0.0240317 0.0282496 0.0226850 0.1070404 0.0043784 0.0037106 0.1052963 0.0289280 0.0020030 0.0027775 0.0009896 0.0018436 0.0153973 0.0321413 0.0307504 0.0294463 0.0276186 0.0019991 0.0037083 0.0027912 0.0027912 0.0313336 0.0561766 0.0398046 0.0163431 0.0283686 0.0270003 0.0088263 0.0000000 0.0029900 0.0050929 0.0027802 0.0046719 0.0046502 0.0046502 0.0057284 0.0123841 0.0338137 0.0309183 0.0297490 0.0308335 0.0226653 0.0372102 0.0367056 0.0302234 0.0321242 0.0349301 0.0153973 0.0310667 0.0334097 0.0310412 0.0244306 0.0162849 0.0990604 0.0046499 0.0055947 0.0065447 0.0887603 0.0168305 0.0293097 0.0056462 0.0188314 0.0154762 0.0030071 0.0292452 0.0133217 0.0153558 0.0153690 0.0027728 0.0009896 0.0055917 0.0055917 0.0037066 0.0043909 0.0018436 0.0009896 0.0018436 0.0010705 0.0018436 0.0027726 0.0018436 0.0886270 0.0031477 0.0284198 0.0339114 
Laus_CASQ1         0.0235097 0.0270630 0.0241998 0.0257180 0.0208553 0.0208553 0.0220237 0.0223672 0.0275520 0.0210677 0.0958936 0.0010196 0.0000010 0.0927500 0.0321092 0.0020670 0.0028343 0.0018977 0.0018004 0.0121023 0.0313829 0.0295756 0.0287167 0.0256711 0.0038445 0.0047878 0.0038445 0.0036449 0.0259176 0.0543204 0.0330387 0.0129080 0.0241911 0.0219926 0.0076986 0.0029900 0.0000000 0.0000010 0.0029976 0.0045608 0.0017995 0.0018967 0.0009451 0.0101551 0.0287613 0.0271434 0.0244986 0.0296140 0.0174727 0.0319398 0.0316563 0.0259451 0.0284191 0.0280516 0.0111214 0.0257107 0.0297703 0.0266403 0.0227084 0.0143442 0.0871938 0.0038176 0.0037821 0.0045377 0.0777711 0.0133203 0.0231737 0.0068074 0.0152451 0.0144846 0.0045678 0.0250116 0.0114517 0.0139906 0.0128617 0.0018004 0.0018812 0.0067393 0.0054620 0.0036192 0.0043965 0.0018004 0.0018812 0.0028559 0.0020257 0.0018977 0.0018977 0.0018977 0.0833969 0.0021675 0.0244986 0.0294231 
Lbor_CASQ1         0.0242835 0.0270630 0.0238050 0.0253863 0.0199746 0.0204761 0.0213996 0.0229892 0.0275449 0.0214142 0.1099853 0.0010828 0.0010051 0.1058970 0.0309556 0.0030379 0.0030379 0.0021734 0.0030379 0.0136078 0.0312748 0.0302990 0.0288629 0.0268329 0.0032962 0.0050951 0.0040921 0.0040921 0.0276496 0.0518181 0.0330387 0.0134291 0.0259011 0.0230315 0.0072648 0.0050929 0.0000010 0.0000000 0.0040744 0.0061676 0.0020170 0.0020170 0.0020540 0.0092894 0.0298943 0.0277786 0.0259705 0.0301181 0.0188455 0.0346074 0.0328913 0.0259451 0.0290886 0.0304939 0.0136078 0.0273921 0.0291341 0.0273681 0.0258064 0.0168605 0.0989780 0.0040617 0.0050921 0.0050921 0.0917997 0.0121843 0.0247631 0.0061775 0.0152451 0.0159364 0.0044097 0.0268894 0.0134594 0.0157694 0.0145018 0.0040624 0.0021734 0.0071748 0.0071748 0.0050925 0.0026700 0.0030379 0.0021734 0.0030379 0.0023701 0.0030379 0.0040621 0.0030379 0.0805884 0.0034918 0.0250822 0.0275309 
Lhos30470_CASQ1    0.0242219 0.0322117 0.0262779 0.0252163 0.0204074 0.0224988 0.0215989 0.0230386 0.0271765 0.0216123 0.1060195 0.0043923 0.0027829 0.1042815 0.0302488 0.0010008 0.0018516 0.0009924 0.0009212 0.0144378 0.0322882 0.0296682 0.0283705 0.0265250 0.0020049 0.0027812 0.0018597 0.0018597 0.0314619 0.0551169 0.0402429 0.0164188 0.0284805 0.0271052 0.0088554 0.0027802 0.0029976 0.0040744 0.0000000 0.0018485 0.0037202 0.0037202 0.0047737 0.0114331 0.0339713 0.0298299 0.0298681 0.0297075 0.0215939 0.0361070 0.0370021 0.0303575 0.0310340 0.0350930 0.0144378 0.0311926 0.0323150 0.0311669 0.0234197 0.0152035 0.0980291 0.0037199 0.0046624 0.0056100 0.0876755 0.0168895 0.0283126 0.0047052 0.0189334 0.0144479 0.0030158 0.0293599 0.0133669 0.0143991 0.0141904 0.0018485 0.0009924 0.0046599 0.0046599 0.0027799 0.0044190 0.0009212 0.0009924 0.0009212 0.0010738 0.0009212 0.0018484 0.0009212 0.0875369 0.0020984 0.0273399 0.0327605 
Lhos452_CASQ1      0.0228227 0.0357908 0.0283642 0.0247716 0.0202320 0.0221600 0.0213710 0.0217624 0.0265181 0.0204837 0.0962226 0.0062581 0.0044768 0.0964748 0.0306375 0.0028919 0.0035453 0.0028676 0.0025409 0.0159328 0.0327555 0.0295593 0.0275939 0.0247659 0.0048418 0.0053858 0.0045037 0.0042839 0.0323711 0.0553714 0.0442555 0.0171207 0.0278351 0.0281797 0.0111804 0.0046719 0.0045608 0.0061676 0.0018485 0.0000000 0.0059955 0.0063031 0.0064445 0.0140481 0.0360300 0.0323739 0.0308361 0.0323388 0.0228016 0.0367658 0.0399244 0.0334086 0.0335992 0.0348170 0.0149824 0.0321062 0.0349094 0.0330149 0.0241888 0.0165149 0.0910751 0.0063026 0.0062473 0.0077463 0.0803693 0.0193375 0.0297772 0.0072863 0.0208780 0.0166665 0.0055206 0.0309435 0.0148031 0.0158635 0.0154852 0.0033962 0.0028424 0.0072180 0.0068651 0.0025409 0.0067183 0.0025409 0.0028424 0.0035706 0.0030626 0.0026697 0.0035685 0.0026697 0.0909857 0.0030240 0.0283312 0.0332711 
Lobl_CASQ1         0.0238113 0.0254508 0.0209537 0.0247696 0.0202302 0.0221578 0.0213693 0.0227403 0.0275942 0.0215840 0.0936973 0.0020462 0.0017668 0.0908177 0.0306350 0.0038503 0.0035298 0.0038179 0.0033836 0.0112942 0.0327523 0.0295568 0.0286774 0.0258462 0.0058015 0.0062747 0.0053970 0.0051340 0.0259373 0.0496799 0.0297778 0.0156143 0.0264701 0.0243597 0.0088256 0.0046502 0.0017995 0.0020170 0.0037202 0.0059955 0.0000000 0.0000010 0.0036315 0.0112610 0.0274132 0.0249650 0.0245168 0.0271391 0.0172356 0.0306256 0.0292051 0.0245565 0.0261323 0.0280741 0.0103819 0.0257300 0.0273626 0.0254495 0.0211071 0.0121640 0.0856848 0.0053617 0.0044156 0.0068360 0.0780664 0.0144744 0.0265867 0.0081855 0.0134862 0.0122730 0.0064316 0.0272745 0.0103799 0.0130554 0.0104921 0.0042398 0.0028292 0.0081086 0.0077127 0.0050998 0.0043965 0.0033836 0.0028292 0.0044573 0.0030481 0.0035549 0.0044547 0.0035549 0.0826288 0.0040240 0.0225702 0.0270361 
Lobs_CASQ1         0.0240745 0.0254508 0.0210948 0.0251241 0.0203279 0.0224012 0.0215227 0.0229467 0.0268715 0.0215840 0.1006350 0.0021721 0.0017668 0.0956858 0.0301326 0.0038503 0.0037166 0.0038179 0.0035549 0.0109201 0.0321379 0.0295568 0.0280046 0.0262477 0.0058015 0.0062747 0.0053970 0.0053970 0.0259373 0.0496799 0.0297778 0.0153212 0.0256326 0.0243597 0.0088256 0.0046502 0.0018967 0.0020170 0.0037202 0.0063031 0.0000010 0.0000000 0.0036315 0.0099657 0.0279256 0.0249650 0.0245168 0.0271391 0.0172356 0.0306256 0.0292051 0.0245565 0.0261323 0.0286994 0.0109201 0.0257300 0.0273626 0.0258736 0.0222737 0.0129091 0.0900951 0.0053617 0.0046495 0.0071857 0.0819372 0.0144744 0.0258717 0.0081855 0.0134862 0.0122730 0.0067868 0.0264868 0.0110320 0.0137364 0.0104921 0.0044550 0.0029898 0.0081086 0.0081086 0.0053593 0.0043965 0.0035549 0.0029898 0.0044573 0.0032348 0.0035549 0.0044547 0.0035549 0.0773599 0.0040240 0.0225702 0.0275486 
