90
Bacu_CNTNAP2         0.0000000 0.0304027 0.0284494 0.0035582 0.0083109 0.0077433 0.0074767 0.0085671 0.0087033 0.0903362 0.0204357 0.0848494 0.0232723 0.0926427 0.0100584 0.0206433 0.0217984 0.0215229 0.0214084 0.0220231 0.0113834 0.0114014 0.0119606 0.0093747 0.0218076 0.0230247 0.0226855 0.0217991 0.0325725 0.0448219 0.0265340 0.0296427 0.0270302 0.0221500 0.0226466 0.0217724 0.0224269 0.0210061 0.0209703 0.0214716 0.0215253 0.0204884 0.0272150 0.0303455 0.0294155 0.0260423 0.0269117 0.0275203 0.0265034 0.0276636 0.0289052 0.0271531 0.0220217 0.0284642 0.0293829 0.0278642 0.0235101 0.0225616 0.0914048 0.0227123 0.0211203 0.0232834 0.0235528 0.0213804 0.0233445 0.0250604 0.0237931 0.0217917 0.0234425 0.0235496 0.0237849 0.0243739 0.0206420 0.0200571 0.0218442 0.0218442 0.0212823 0.0233476 0.0216121 0.0217955 0.0209342 0.0216939 0.0212286 0.0218630 0.0207038 0.0898277 0.0199175 0.0277899 0.0212799 0.0306296 
Barn_CNTNAP2         0.0304027 0.0000000 0.0009642 0.0299308 0.0282990 0.0276210 0.0281766 0.0281978 0.0263819 0.0881167 0.0218501 0.0789989 0.0232774 0.0922924 0.0269910 0.0199596 0.0199596 0.0204962 0.0210399 0.0187420 0.0270443 0.0270581 0.0270581 0.0311006 0.0227821 0.0222509 0.0244145 0.0227656 0.0151902 0.0546956 0.0271803 0.0307777 0.0294639 0.0204696 0.0226763 0.0215905 0.0237744 0.0205287 0.0211003 0.0221338 0.0222010 0.0215905 0.0114120 0.0136351 0.0135853 0.0133874 0.0129906 0.0124583 0.0130465 0.0148006 0.0125382 0.0127096 0.0176842 0.0134921 0.0134931 0.0124672 0.0214866 0.0205039 0.0928344 0.0232721 0.0232695 0.0227451 0.0252140 0.0235223 0.0238976 0.0223614 0.0214252 0.0227512 0.0265872 0.0182942 0.0219799 0.0210312 0.0199596 0.0200188 0.0233281 0.0227821 0.0200192 0.0117089 0.0206242 0.0210508 0.0199874 0.0207426 0.0204984 0.0199596 0.0199596 0.0847965 0.0199596 0.0083901 0.0199596 0.0124944 
Bbai76728_CNTNAP2    0.0284494 0.0009642 0.0000000 0.0287919 0.0276164 0.0275522 0.0274129 0.0269334 0.0260260 0.0914502 0.0220404 0.0820525 0.0226975 0.0958906 0.0270475 0.0208105 0.0206834 0.0208114 0.0209413 0.0197216 0.0264530 0.0261794 0.0268214 0.0275864 0.0221018 0.0221121 0.0230403 0.0220926 0.0143007 0.0493182 0.0220986 0.0330851 0.0283603 0.0214783 0.0226735 0.0217390 0.0226232 0.0204321 0.0208831 0.0214181 0.0217909 0.0206825 0.0124593 0.0128666 0.0118704 0.0120037 0.0126294 0.0115452 0.0115530 0.0136703 0.0121848 0.0123929 0.0200468 0.0127656 0.0133659 0.0118734 0.0223275 0.0211973 0.0949764 0.0230487 0.0220089 0.0233513 0.0229377 0.0238449 0.0237463 0.0250517 0.0222881 0.0220846 0.0273574 0.0207794 0.0222968 0.0233651 0.0204977 0.0195431 0.0224561 0.0221414 0.0208832 0.0202475 0.0205351 0.0217520 0.0205328 0.0203394 0.0201880 0.0214266 0.0205631 0.0953272 0.0197209 0.0115798 0.0205876 0.0132545 
BbonAUS_CNTNAP2      0.0035582 0.0299308 0.0287919 0.0000000 0.0087626 0.0081811 0.0067735 0.0084647 0.0085445 0.0933188 0.0202788 0.0846219 0.0231752 0.0944793 0.0101572 0.0201942 0.0213912 0.0210901 0.0215767 0.0216063 0.0110530 0.0107861 0.0113550 0.0087327 0.0219994 0.0229225 0.0228970 0.0219907 0.0332963 0.0476412 0.0257378 0.0306482 0.0272392 0.0223157 0.0225387 0.0216453 0.0223080 0.0205954 0.0205106 0.0213386 0.0219962 0.0200336 0.0260408 0.0307097 0.0300634 0.0253448 0.0268823 0.0275017 0.0259534 0.0286881 0.0292349 0.0266007 0.0216047 0.0284648 0.0294022 0.0278525 0.0231212 0.0221227 0.0927795 0.0226038 0.0197371 0.0231866 0.0228529 0.0218620 0.0235715 0.0229584 0.0234098 0.0219830 0.0239017 0.0231607 0.0234016 0.0231891 0.0201928 0.0189558 0.0220372 0.0217366 0.0214303 0.0227792 0.0211628 0.0213682 0.0210746 0.0212551 0.0207903 0.0214189 0.0202389 0.0922860 0.0188064 0.0277642 0.0208255 0.0316955 
Bbor_CNTNAP2         0.0083109 0.0282990 0.0276164 0.0087626 0.0000000 0.0025258 0.0029596 0.0064002 0.0055940 0.0947949 0.0195290 0.0865355 0.0228650 0.0961737 0.0093506 0.0206227 0.0223164 0.0214672 0.0210731 0.0208221 0.0098461 0.0101257 0.0106589 0.0090089 0.0220401 0.0226654 0.0223181 0.0220319 0.0308952 0.0470754 0.0261622 0.0278437 0.0246822 0.0212885 0.0229033 0.0214342 0.0214620 0.0213113 0.0209366 0.0208566 0.0206139 0.0201919 0.0274695 0.0292539 0.0292788 0.0249038 0.0271171 0.0263652 0.0258437 0.0276907 0.0279578 0.0273720 0.0211007 0.0277398 0.0281435 0.0264119 0.0230920 0.0221548 0.0944897 0.0229658 0.0210814 0.0225901 0.0222607 0.0255099 0.0235189 0.0235737 0.0224969 0.0217598 0.0222590 0.0222619 0.0230729 0.0231498 0.0206214 0.0200344 0.0218115 0.0215216 0.0212360 0.0214990 0.0215525 0.0217289 0.0209020 0.0216300 0.0211846 0.0217935 0.0203818 0.0912658 0.0198971 0.0258512 0.0212338 0.0301475 
Bede66737_CNTNAP2    0.0077433 0.0276210 0.0275522 0.0081811 0.0025258 0.0000000 0.0008008 0.0053491 0.0055829 0.0944791 0.0188902 0.0872695 0.0222349 0.0958550 0.0087809 0.0200049 0.0216656 0.0208446 0.0204316 0.0202056 0.0092915 0.0095689 0.0100992 0.0084612 0.0214140 0.0220191 0.0216905 0.0214060 0.0308297 0.0467861 0.0257220 0.0277604 0.0243068 0.0206639 0.0222722 0.0208127 0.0207981 0.0206348 0.0203160 0.0202387 0.0199800 0.0195727 0.0269370 0.0291888 0.0292155 0.0244452 0.0270571 0.0257358 0.0253730 0.0273005 0.0278979 0.0276399 0.0204827 0.0276802 0.0280845 0.0266365 0.0224622 0.0214844 0.0950163 0.0223326 0.0204223 0.0219614 0.0215867 0.0254328 0.0228828 0.0217259 0.0224511 0.0211195 0.0217548 0.0222164 0.0224437 0.0223957 0.0200036 0.0193770 0.0211694 0.0208812 0.0206132 0.0210358 0.0209272 0.0211054 0.0202826 0.0209941 0.0205636 0.0211678 0.0197476 0.0918400 0.0192447 0.0257962 0.0206113 0.0300802 
BedeAUS_CNTNAP2      0.0074767 0.0281766 0.0274129 0.0067735 0.0029596 0.0008008 0.0000000 0.0051477 0.0059633 0.0899781 0.0190428 0.0829413 0.0216416 0.0903179 0.0087988 0.0189589 0.0203678 0.0195495 0.0201457 0.0203839 0.0093418 0.0096373 0.0102021 0.0084579 0.0207737 0.0216900 0.0210674 0.0207655 0.0320267 0.0472123 0.0258213 0.0278243 0.0244252 0.0201415 0.0216111 0.0204248 0.0210305 0.0198181 0.0195833 0.0201205 0.0204706 0.0195249 0.0278749 0.0287998 0.0291496 0.0252613 0.0273981 0.0256768 0.0253730 0.0279931 0.0283019 0.0280131 0.0206790 0.0275569 0.0281819 0.0269463 0.0224891 0.0214451 0.0903424 0.0210467 0.0207453 0.0213554 0.0219167 0.0194266 0.0223319 0.0223711 0.0227768 0.0207583 0.0221218 0.0225274 0.0227688 0.0228173 0.0192534 0.0196995 0.0208092 0.0205106 0.0195985 0.0210729 0.0202297 0.0201229 0.0192511 0.0202886 0.0198469 0.0204859 0.0192712 0.0859708 0.0195647 0.0256010 0.0198959 0.0300458 
Bmus_CNTNAP2         0.0085671 0.0281978 0.0269334 0.0084647 0.0064002 0.0053491 0.0051477 0.0000000 0.0069594 0.0929204 0.0198073 0.0865672 0.0231329 0.0942777 0.0096240 0.0203288 0.0220079 0.0211716 0.0210607 0.0205290 0.0095741 0.0093229 0.0093224 0.0076816 0.0217432 0.0223593 0.0220207 0.0217351 0.0305477 0.0465972 0.0250556 0.0283589 0.0252154 0.0209918 0.0226046 0.0217013 0.0217472 0.0204050 0.0206416 0.0211231 0.0214684 0.0204604 0.0255711 0.0288982 0.0283304 0.0240617 0.0264581 0.0248871 0.0253808 0.0266578 0.0270209 0.0269859 0.0208070 0.0268014 0.0272268 0.0257836 0.0227940 0.0215351 0.0926396 0.0226661 0.0210667 0.0222923 0.0231497 0.0260765 0.0232182 0.0241138 0.0222156 0.0214559 0.0225804 0.0225479 0.0227752 0.0227928 0.0203275 0.0200204 0.0215068 0.0212175 0.0206413 0.0223863 0.0212557 0.0214330 0.0206075 0.0213282 0.0208896 0.0214966 0.0200799 0.0909084 0.0198833 0.0261461 0.0209381 0.0298379 
Bphy_baits_CNTNAP2   0.0087033 0.0263819 0.0260260 0.0085445 0.0055940 0.0055829 0.0059633 0.0069594 0.0000000 0.0923098 0.0194022 0.0862040 0.0227570 0.0946148 0.0096992 0.0201221 0.0212981 0.0210023 0.0211860 0.0206251 0.0102930 0.0100306 0.0105873 0.0094148 0.0218956 0.0225453 0.0227774 0.0218871 0.0292822 0.0482958 0.0245258 0.0288320 0.0254594 0.0202060 0.0227969 0.0212634 0.0206484 0.0205478 0.0203805 0.0206607 0.0209521 0.0199651 0.0247301 0.0292722 0.0288193 0.0245264 0.0268702 0.0251973 0.0259393 0.0274875 0.0274433 0.0265848 0.0206236 0.0265888 0.0270390 0.0261369 0.0229943 0.0217736 0.0927008 0.0228618 0.0211981 0.0230619 0.0212002 0.0258213 0.0234395 0.0233694 0.0220867 0.0215989 0.0233636 0.0221276 0.0226872 0.0234856 0.0201208 0.0197860 0.0216525 0.0213495 0.0207444 0.0218614 0.0210735 0.0212756 0.0203977 0.0212483 0.0207078 0.0213252 0.0198402 0.0924227 0.0196281 0.0258503 0.0207423 0.0290606 
Btau_CNTNAP2         0.0903362 0.0881167 0.0914502 0.0933188 0.0947949 0.0944791 0.0899781 0.0929204 0.0923098 0.0000000 0.0928667 0.0341323 0.0944951 0.0277582 0.0922449 0.0930371 0.0931153 0.0930824 0.0887124 0.0911732 0.0904119 0.0915943 0.0915841 0.0963740 0.0922655 0.0896478 0.0934607 0.0922135 0.0976890 0.0827610 0.0946923 0.0990341 0.0955361 0.0909132 0.0938832 0.0929415 0.0919876 0.0924302 0.0910747 0.0928093 0.0912332 0.0913528 0.0836585 0.0898740 0.0898258 0.0852361 0.0875158 0.0889589 0.0825817 0.0889471 0.0918004 0.0895362 0.0899573 0.0903386 0.0910505 0.0909018 0.0920209 0.0897127 0.0259693 0.0946208 0.0880296 0.0955529 0.0907764 0.0974398 0.0938561 0.0996541 0.0912315 0.0899267 0.0920425 0.0899352 0.0914772 0.0884041 0.0922129 0.0867891 0.0910453 0.0906323 0.0925645 0.0935195 0.0934308 0.0933873 0.0918366 0.0907828 0.0922234 0.0916791 0.0889607 0.1211795 0.0855699 0.0919239 0.0922352 0.0934832 
Ccom40_CNTNAP2       0.0204357 0.0218501 0.0220404 0.0202788 0.0195290 0.0188902 0.0190428 0.0198073 0.0194022 0.0928667 0.0000000 0.0845447 0.0042447 0.0971608 0.0187283 0.0055980 0.0055366 0.0053276 0.0059162 0.0119503 0.0182491 0.0179888 0.0185683 0.0203721 0.0064118 0.0074916 0.0072254 0.0064095 0.0269728 0.0499014 0.0148050 0.0287026 0.0260577 0.0075114 0.0074856 0.0029058 0.0027295 0.0052163 0.0053232 0.0026392 0.0029050 0.0021269 0.0205745 0.0239740 0.0239074 0.0186954 0.0195357 0.0214836 0.0169171 0.0211734 0.0220333 0.0215511 0.0122290 0.0220877 0.0229770 0.0215045 0.0139256 0.0133974 0.0948647 0.0075004 0.0066429 0.0069494 0.0167874 0.0190115 0.0077916 0.0109859 0.0147678 0.0064076 0.0205509 0.0139478 0.0141960 0.0143021 0.0050582 0.0038768 0.0069660 0.0072386 0.0061529 0.0078368 0.0058928 0.0061323 0.0053272 0.0053964 0.0050585 0.0061510 0.0050738 0.0947914 0.0044035 0.0211459 0.0056120 0.0230784 
Cela_CNTNAP2         0.0848494 0.0789989 0.0820525 0.0846219 0.0865355 0.0872695 0.0829413 0.0865672 0.0862040 0.0341323 0.0845447 0.0000000 0.0872459 0.0360141 0.0854734 0.0866429 0.0882490 0.0874741 0.0831030 0.0844559 0.0830764 0.0834185 0.0834098 0.0874480 0.0858870 0.0828404 0.0870464 0.0858403 0.0933550 0.0790499 0.0886668 0.0938896 0.0878688 0.0861656 0.0874631 0.0865520 0.0838428 0.0872026 0.0851900 0.0864355 0.0843821 0.0845640 0.0768337 0.0862058 0.0864799 0.0850742 0.0832606 0.0852642 0.0810784 0.0896648 0.0876964 0.0837661 0.0848342 0.0861522 0.0873171 0.0871741 0.0864290 0.0849275 0.0371502 0.0873358 0.0802352 0.0882770 0.0843913 0.0895122 0.0874009 0.0905818 0.0856051 0.0831171 0.0869771 0.0848561 0.0855558 0.0827290 0.0858453 0.0806356 0.0841777 0.0837783 0.0874306 0.0846381 0.0882531 0.0869830 0.0867393 0.0868128 0.0858324 0.0857882 0.0826259 0.1193169 0.0799640 0.0855757 0.0863156 0.0868613 
Chea7320_CNTNAP2     0.0232723 0.0232774 0.0226975 0.0231752 0.0228650 0.0222349 0.0216416 0.0231329 0.0227570 0.0944951 0.0042447 0.0872459 0.0000000 0.0985278 0.0216124 0.0056090 0.0055507 0.0053503 0.0058030 0.0119460 0.0216022 0.0211140 0.0216775 0.0236785 0.0063872 0.0073490 0.0071651 0.0063850 0.0274789 0.0477735 0.0144425 0.0282204 0.0253895 0.0074619 0.0076993 0.0025258 0.0032504 0.0058224 0.0053587 0.0022697 0.0025957 0.0022888 0.0200236 0.0245345 0.0234534 0.0202070 0.0188610 0.0219258 0.0184854 0.0227934 0.0233593 0.0222061 0.0122124 0.0216707 0.0227895 0.0213809 0.0135648 0.0131469 0.0959943 0.0077139 0.0062363 0.0063815 0.0161455 0.0245156 0.0077062 0.0130751 0.0146389 0.0062859 0.0226399 0.0138551 0.0140925 0.0147531 0.0050927 0.0035265 0.0068332 0.0071005 0.0061396 0.0073629 0.0058909 0.0061199 0.0053500 0.0054581 0.0050929 0.0061378 0.0049775 0.0958714 0.0040476 0.0207176 0.0056223 0.0233547 
Chir_CNTNAP2         0.0926427 0.0922924 0.0958906 0.0944793 0.0961737 0.0958550 0.0903179 0.0942777 0.0946148 0.0277582 0.0971608 0.0360141 0.0985278 0.0000000 0.0951154 0.0973499 0.0963566 0.0965699 0.0924486 0.0941648 0.0928108 0.0932068 0.0931962 0.0977447 0.0970956 0.0945113 0.0974821 0.0970396 0.1024137 0.0818885 0.0987264 0.1046516 0.1002894 0.0955705 0.0987384 0.0969478 0.0952284 0.0988674 0.0957785 0.0959534 0.0952230 0.0945186 0.0890434 0.0964222 0.0959914 0.0926954 0.0917912 0.0947560 0.0932011 0.0992360 0.0978958 0.0924515 0.0945594 0.0963069 0.0977804 0.0976228 0.0962388 0.0930425 0.0116465 0.0989791 0.0910768 0.0987778 0.0931880 0.1018550 0.0987403 0.1140358 0.0945296 0.0947907 0.1005729 0.0945883 0.0944707 0.0879979 0.0965104 0.0898452 0.0959486 0.0955270 0.0973759 0.0926119 0.0973960 0.0968507 0.0966164 0.0950260 0.0965218 0.0955926 0.0927987 0.1230738 0.0890773 0.0973436 0.0970221 0.0982367 
Cmar59905_CNTNAP2    0.0100584 0.0269910 0.0270475 0.0101572 0.0093506 0.0087809 0.0087988 0.0096240 0.0096992 0.0922449 0.0187283 0.0854734 0.0216124 0.0951154 0.0000000 0.0195993 0.0207593 0.0204676 0.0206297 0.0206777 0.0085449 0.0080294 0.0085761 0.0109854 0.0213483 0.0219738 0.0222181 0.0213401 0.0320164 0.0457696 0.0242089 0.0269568 0.0239011 0.0214360 0.0222372 0.0204431 0.0207046 0.0202996 0.0193277 0.0201317 0.0204581 0.0194411 0.0273526 0.0294847 0.0291145 0.0265584 0.0265520 0.0264782 0.0268973 0.0271396 0.0277501 0.0279300 0.0206762 0.0275243 0.0273468 0.0264484 0.0230210 0.0223613 0.0917186 0.0222996 0.0206237 0.0213296 0.0221936 0.0264969 0.0228695 0.0241314 0.0230092 0.0210414 0.0226036 0.0227667 0.0230014 0.0244874 0.0195980 0.0192283 0.0210930 0.0207942 0.0202122 0.0214156 0.0205362 0.0207376 0.0198716 0.0206146 0.0201771 0.0207853 0.0193063 0.0924668 0.0190769 0.0261759 0.0202104 0.0287283 
Dcap108471_CNTNAP2   0.0206433 0.0199596 0.0208105 0.0201942 0.0206227 0.0200049 0.0189589 0.0203288 0.0201221 0.0930371 0.0055980 0.0866429 0.0056090 0.0973499 0.0195993 0.0000000 0.0020901 0.0017631 0.0023476 0.0098268 0.0188300 0.0185809 0.0191374 0.0208704 0.0038123 0.0049636 0.0045821 0.0038110 0.0258390 0.0463295 0.0120369 0.0265001 0.0233292 0.0058875 0.0056236 0.0043177 0.0043524 0.0010927 0.0017684 0.0038027 0.0044396 0.0028018 0.0187056 0.0231238 0.0220883 0.0183717 0.0182794 0.0197576 0.0176998 0.0206584 0.0217088 0.0203260 0.0100910 0.0203125 0.0211790 0.0197759 0.0114293 0.0111452 0.0948561 0.0040735 0.0032301 0.0043226 0.0143714 0.0221486 0.0051105 0.0091534 0.0124944 0.0039104 0.0189000 0.0117137 0.0119539 0.0121645 0.0015102 0.0016172 0.0039190 0.0041829 0.0025328 0.0046115 0.0022788 0.0020172 0.0022730 0.0023145 0.0020161 0.0025281 0.0023311 0.0947139 0.0016094 0.0187956 0.0020242 0.0218893 
Dcap79929_CNTNAP2    0.0217984 0.0199596 0.0206834 0.0213912 0.0223164 0.0216656 0.0203678 0.0220079 0.0212981 0.0931153 0.0055366 0.0882490 0.0055507 0.0963566 0.0207593 0.0020901 0.0000000 0.0007813 0.0027104 0.0101925 0.0201425 0.0198846 0.0204655 0.0222774 0.0036884 0.0048795 0.0044863 0.0036871 0.0268643 0.0481599 0.0127273 0.0278680 0.0245203 0.0050299 0.0055658 0.0042124 0.0039554 0.0016413 0.0023594 0.0036788 0.0043358 0.0026405 0.0187065 0.0240886 0.0229787 0.0189534 0.0187235 0.0205269 0.0182900 0.0212369 0.0225795 0.0203267 0.0101918 0.0211266 0.0220072 0.0205467 0.0121441 0.0119023 0.0946378 0.0039590 0.0033581 0.0042174 0.0147856 0.0239655 0.0050337 0.0102582 0.0132523 0.0037869 0.0212781 0.0124412 0.0126894 0.0127265 0.0026168 0.0014003 0.0037956 0.0040693 0.0026250 0.0044657 0.0007840 0.0020907 0.0018290 0.0024023 0.0020901 0.0020924 0.0024179 0.0956745 0.0008342 0.0189433 0.0020972 0.0227995 
DdelSJR_CNTNAP2      0.0215229 0.0204962 0.0208114 0.0210901 0.0214672 0.0208446 0.0195495 0.0211716 0.0210023 0.0930824 0.0053276 0.0874741 0.0053503 0.0965699 0.0204676 0.0017631 0.0007813 0.0000000 0.0031360 0.0100919 0.0196629 0.0194141 0.0199728 0.0217145 0.0035557 0.0046990 0.0043245 0.0035545 0.0261283 0.0473961 0.0123815 0.0273729 0.0242204 0.0051098 0.0053643 0.0040609 0.0038031 0.0013668 0.0025309 0.0035467 0.0041754 0.0025453 0.0187040 0.0234256 0.0223795 0.0183719 0.0182783 0.0200378 0.0176983 0.0206594 0.0219983 0.0200025 0.0103564 0.0200260 0.0214612 0.0200563 0.0116966 0.0114318 0.0949026 0.0038163 0.0032300 0.0040655 0.0143706 0.0230236 0.0048516 0.0097043 0.0127630 0.0036471 0.0201118 0.0119818 0.0122217 0.0121638 0.0022694 0.0010767 0.0036552 0.0039187 0.0027875 0.0053892 0.0020245 0.0022705 0.0020190 0.0020561 0.0017631 0.0032926 0.0031139 0.0947963 0.0010715 0.0185122 0.0022786 0.0221892 
Ddeltrop4525_CNTNAP2 0.0214084 0.0210399 0.0209413 0.0215767 0.0210731 0.0204316 0.0201457 0.0210607 0.0211860 0.0887124 0.0059162 0.0831030 0.0058030 0.0924486 0.0206297 0.0023476 0.0027104 0.0031360 0.0000000 0.0104382 0.0195021 0.0192448 0.0198221 0.0216220 0.0042097 0.0052699 0.0050073 0.0042082 0.0260982 0.0466843 0.0132057 0.0265802 0.0235851 0.0063310 0.0057996 0.0044652 0.0046659 0.0022700 0.0020918 0.0041987 0.0044746 0.0034302 0.0191306 0.0232640 0.0225097 0.0194398 0.0188684 0.0198351 0.0176335 0.0207400 0.0221537 0.0215635 0.0107120 0.0207196 0.0215954 0.0201448 0.0126643 0.0121629 0.0895810 0.0047312 0.0043182 0.0052712 0.0155408 0.0170728 0.0055561 0.0113670 0.0134933 0.0042070 0.0195185 0.0126841 0.0129313 0.0132248 0.0023475 0.0027028 0.0047493 0.0050163 0.0034125 0.0042098 0.0026209 0.0028741 0.0026139 0.0032004 0.0028728 0.0018269 0.0020869 0.0924642 0.0021485 0.0186144 0.0023570 0.0220778 
Dleu_CNTNAP2         0.0220231 0.0187420 0.0197216 0.0216063 0.0208221 0.0202056 0.0203839 0.0205290 0.0206251 0.0911732 0.0119503 0.0844559 0.0119460 0.0941648 0.0206777 0.0098268 0.0101925 0.0100919 0.0104382 0.0000000 0.0187546 0.0185065 0.0190605 0.0216322 0.0111505 0.0120105 0.0119479 0.0111466 0.0239965 0.0464609 0.0137582 0.0257946 0.0226243 0.0106730 0.0119675 0.0106062 0.0108082 0.0098417 0.0101067 0.0100696 0.0106383 0.0096223 0.0169070 0.0227082 0.0211161 0.0182854 0.0193905 0.0191095 0.0163875 0.0208684 0.0198874 0.0199252 0.0027734 0.0199285 0.0205196 0.0185728 0.0071591 0.0060191 0.0917211 0.0119907 0.0104482 0.0111419 0.0140340 0.0229133 0.0125159 0.0080440 0.0076769 0.0111701 0.0196348 0.0069093 0.0071535 0.0064239 0.0098262 0.0093967 0.0111954 0.0109221 0.0103799 0.0121913 0.0098580 0.0108780 0.0100902 0.0100259 0.0098267 0.0106340 0.0098479 0.0917374 0.0093342 0.0184229 0.0098500 0.0214761 
EausAUS_CNTNAP2      0.0113834 0.0270443 0.0264530 0.0110530 0.0098461 0.0092915 0.0093418 0.0095741 0.0102930 0.0904119 0.0182491 0.0830764 0.0216022 0.0928108 0.0085449 0.0188300 0.0201425 0.0196629 0.0195021 0.0187546 0.0000000 0.0012577 0.0017643 0.0111584 0.0202270 0.0207958 0.0210603 0.0202196 0.0304298 0.0432615 0.0215896 0.0276135 0.0244716 0.0203132 0.0210781 0.0201885 0.0204994 0.0193363 0.0191369 0.0196183 0.0199168 0.0189509 0.0265044 0.0287808 0.0282185 0.0256301 0.0260558 0.0253621 0.0240966 0.0269852 0.0269147 0.0268664 0.0190292 0.0261019 0.0271221 0.0256846 0.0209887 0.0196138 0.0905132 0.0211348 0.0194657 0.0213299 0.0218052 0.0253347 0.0216808 0.0223649 0.0209783 0.0199052 0.0217235 0.0207429 0.0209716 0.0217204 0.0188288 0.0184216 0.0199519 0.0196661 0.0194306 0.0209214 0.0197407 0.0199225 0.0191054 0.0197878 0.0193843 0.0199811 0.0185415 0.0871181 0.0182964 0.0248294 0.0194292 0.0288342 
Egla13086_CNTNAP2    0.0114014 0.0270581 0.0261794 0.0107861 0.0101257 0.0095689 0.0096373 0.0093229 0.0100306 0.0915943 0.0179888 0.0834185 0.0211140 0.0932068 0.0080294 0.0185809 0.0198846 0.0194141 0.0192448 0.0185065 0.0012577 0.0000000 0.0005014 0.0109078 0.0199784 0.0205408 0.0208120 0.0199710 0.0301847 0.0439929 0.0216244 0.0271248 0.0239628 0.0200636 0.0208298 0.0196297 0.0202337 0.0190657 0.0188875 0.0193701 0.0196617 0.0187003 0.0257603 0.0282691 0.0277207 0.0252549 0.0255409 0.0251153 0.0233434 0.0264421 0.0264178 0.0265825 0.0187812 0.0256028 0.0266367 0.0251978 0.0207413 0.0193476 0.0905364 0.0208858 0.0192014 0.0208414 0.0215390 0.0244274 0.0214321 0.0211843 0.0207310 0.0196501 0.0204659 0.0204949 0.0207243 0.0214238 0.0185797 0.0181550 0.0196963 0.0194103 0.0191811 0.0209692 0.0194910 0.0196741 0.0188564 0.0195341 0.0191354 0.0197319 0.0182852 0.0868776 0.0180315 0.0251609 0.0191798 0.0283213 
Ejap43864_CNTNAP2    0.0119606 0.0270581 0.0268214 0.0113550 0.0106589 0.0100992 0.0102021 0.0093224 0.0105873 0.0915841 0.0185683 0.0834098 0.0216775 0.0931962 0.0085761 0.0191374 0.0204655 0.0199728 0.0198221 0.0190605 0.0017643 0.0005014 0.0000000 0.0114421 0.0205387 0.0211175 0.0213744 0.0205312 0.0307753 0.0439894 0.0223492 0.0277108 0.0245609 0.0206265 0.0213925 0.0201872 0.0208336 0.0196721 0.0194456 0.0199274 0.0202356 0.0192606 0.0266464 0.0288871 0.0283198 0.0260344 0.0261523 0.0256900 0.0242115 0.0270907 0.0270110 0.0272505 0.0193359 0.0261955 0.0272169 0.0257744 0.0213015 0.0199451 0.0905263 0.0214501 0.0197943 0.0214044 0.0221451 0.0250167 0.0219977 0.0223622 0.0207299 0.0202238 0.0212789 0.0210555 0.0212841 0.0214223 0.0191362 0.0187491 0.0202714 0.0199847 0.0197405 0.0218193 0.0200519 0.0202329 0.0194136 0.0201042 0.0196933 0.0202925 0.0188568 0.0865384 0.0186215 0.0257493 0.0197390 0.0289409 
Erob133443_CNTNAP2   0.0093747 0.0311006 0.0275864 0.0087327 0.0090089 0.0084612 0.0084579 0.0076816 0.0094148 0.0963740 0.0203721 0.0874480 0.0236785 0.0977447 0.0109854 0.0208704 0.0222774 0.0217145 0.0216220 0.0216322 0.0111584 0.0109078 0.0114421 0.0000000 0.0222873 0.0229188 0.0231313 0.0222790 0.0323010 0.0497470 0.0253868 0.0289196 0.0254890 0.0221066 0.0225837 0.0222443 0.0223273 0.0209652 0.0211845 0.0216648 0.0220260 0.0210056 0.0278386 0.0307342 0.0301102 0.0267959 0.0282780 0.0271697 0.0271383 0.0286152 0.0287842 0.0279599 0.0219113 0.0285684 0.0289512 0.0274983 0.0239076 0.0230285 0.0952474 0.0232132 0.0216434 0.0234034 0.0243518 0.0260473 0.0237660 0.0247350 0.0238957 0.0220133 0.0222109 0.0236622 0.0238878 0.0251534 0.0208691 0.0205994 0.0220656 0.0217758 0.0220522 0.0227671 0.0218007 0.0219759 0.0217154 0.0218822 0.0214321 0.0220411 0.0206366 0.0932675 0.0204583 0.0279044 0.0214817 0.0310551 
Fatt_CNTNAP2         0.0218076 0.0227821 0.0221018 0.0219994 0.0220401 0.0214140 0.0207737 0.0217432 0.0218956 0.0922655 0.0064118 0.0858870 0.0063872 0.0970956 0.0213483 0.0038123 0.0036884 0.0035557 0.0042097 0.0111505 0.0202270 0.0199784 0.0205387 0.0222873 0.0000000 0.0025957 0.0012563 0.0005016 0.0272241 0.0477653 0.0133782 0.0273810 0.0245271 0.0061625 0.0048481 0.0050901 0.0049042 0.0033114 0.0035612 0.0045726 0.0052341 0.0040935 0.0209174 0.0245732 0.0234890 0.0198188 0.0200826 0.0211095 0.0189252 0.0218827 0.0234038 0.0225800 0.0114161 0.0220027 0.0228318 0.0214202 0.0127634 0.0122883 0.0945981 0.0027898 0.0021436 0.0045776 0.0161520 0.0236183 0.0017666 0.0125328 0.0138343 0.0005141 0.0196926 0.0130516 0.0132900 0.0137886 0.0038121 0.0032575 0.0010332 0.0012923 0.0043351 0.0069868 0.0040852 0.0043214 0.0030438 0.0041503 0.0038123 0.0043339 0.0039246 0.0963647 0.0032361 0.0198977 0.0033080 0.0234033 
Ggri_CNTNAP2         0.0230247 0.0222509 0.0221121 0.0229225 0.0226654 0.0220191 0.0216900 0.0223593 0.0225453 0.0896478 0.0074916 0.0828404 0.0073490 0.0945113 0.0219738 0.0049636 0.0048795 0.0046990 0.0052699 0.0120105 0.0207958 0.0205408 0.0211175 0.0229188 0.0025957 0.0000000 0.0033800 0.0025948 0.0274084 0.0488695 0.0148454 0.0278425 0.0252536 0.0073684 0.0057478 0.0060112 0.0057244 0.0045414 0.0047066 0.0057446 0.0062902 0.0052605 0.0209450 0.0248966 0.0238006 0.0206436 0.0203977 0.0214167 0.0193921 0.0228602 0.0237846 0.0222544 0.0122843 0.0223112 0.0231876 0.0217365 0.0139511 0.0132522 0.0919962 0.0041692 0.0037709 0.0057510 0.0170525 0.0186722 0.0033889 0.0136842 0.0147784 0.0025941 0.0213168 0.0139729 0.0142167 0.0145916 0.0049633 0.0043499 0.0031236 0.0033860 0.0055051 0.0073665 0.0052496 0.0054871 0.0041715 0.0053357 0.0049636 0.0055035 0.0049783 0.0937422 0.0043213 0.0202010 0.0044466 0.0237251 
Gmac39091_CNTNAP2    0.0226855 0.0244145 0.0230403 0.0228970 0.0223181 0.0216905 0.0210674 0.0220207 0.0227774 0.0934607 0.0072254 0.0870464 0.0071651 0.0974821 0.0222181 0.0045821 0.0044863 0.0043245 0.0050073 0.0119479 0.0210603 0.0208120 0.0213744 0.0231313 0.0012563 0.0033800 0.0000000 0.0007521 0.0280878 0.0478020 0.0147721 0.0282503 0.0254167 0.0069441 0.0056226 0.0058631 0.0057314 0.0041465 0.0043313 0.0053433 0.0060292 0.0048688 0.0222048 0.0254751 0.0243596 0.0209470 0.0203711 0.0219477 0.0201952 0.0228246 0.0242710 0.0235533 0.0122143 0.0228669 0.0236771 0.0222606 0.0135670 0.0131491 0.0958045 0.0035563 0.0029524 0.0048339 0.0170321 0.0244930 0.0025278 0.0142270 0.0146413 0.0012892 0.0209002 0.0138573 0.0140948 0.0147577 0.0045819 0.0040788 0.0018110 0.0020710 0.0051084 0.0073742 0.0048590 0.0050921 0.0038109 0.0049366 0.0045821 0.0051070 0.0047172 0.0964435 0.0040520 0.0207506 0.0040779 0.0243026 
Gmel_CNTNAP2         0.0217991 0.0227656 0.0220926 0.0219907 0.0220319 0.0214060 0.0207655 0.0217351 0.0218871 0.0922135 0.0064095 0.0858403 0.0063850 0.0970396 0.0213401 0.0038110 0.0036871 0.0035545 0.0042082 0.0111466 0.0202196 0.0199710 0.0205312 0.0222790 0.0005016 0.0025948 0.0007521 0.0000000 0.0272136 0.0474345 0.0137302 0.0273704 0.0245175 0.0061604 0.0048465 0.0050884 0.0049024 0.0033102 0.0035600 0.0045711 0.0052323 0.0040921 0.0209055 0.0245634 0.0234799 0.0198089 0.0200748 0.0211017 0.0189252 0.0218736 0.0233948 0.0225703 0.0114121 0.0219943 0.0228232 0.0214122 0.0127589 0.0122836 0.0945441 0.0027889 0.0021428 0.0045761 0.0161457 0.0236091 0.0017660 0.0125328 0.0138294 0.0005139 0.0196821 0.0130469 0.0132853 0.0137827 0.0038108 0.0032563 0.0010328 0.0012918 0.0043337 0.0065856 0.0040838 0.0043199 0.0030428 0.0041489 0.0038110 0.0043325 0.0039232 0.0960147 0.0032349 0.0198902 0.0033069 0.0233939 
Hamp_CNTNAP2         0.0325725 0.0151902 0.0143007 0.0332963 0.0308952 0.0308297 0.0320267 0.0305477 0.0292822 0.0976890 0.0269728 0.0933550 0.0274789 0.1024137 0.0320164 0.0258390 0.0268643 0.0261283 0.0260982 0.0239965 0.0304298 0.0301847 0.0307753 0.0323010 0.0272241 0.0274084 0.0280878 0.0272136 0.0000000 0.0547092 0.0287530 0.0356224 0.0310927 0.0267576 0.0278270 0.0263140 0.0261491 0.0257226 0.0258190 0.0257188 0.0262049 0.0250797 0.0107305 0.0129467 0.0117497 0.0108851 0.0127254 0.0116780 0.0117798 0.0122397 0.0114434 0.0119974 0.0245893 0.0122932 0.0125063 0.0122411 0.0257325 0.0246637 0.1039835 0.0285459 0.0269161 0.0284401 0.0247334 0.0331638 0.0287526 0.0267155 0.0257017 0.0264728 0.0291842 0.0248926 0.0245427 0.0256923 0.0254885 0.0245964 0.0274993 0.0272013 0.0264821 0.0258354 0.0258813 0.0266684 0.0257763 0.0254413 0.0254900 0.0266987 0.0253844 0.0995678 0.0247931 0.0147817 0.0261252 0.0136292 
Hippo_CNTNAP2        0.0448219 0.0546956 0.0493182 0.0476412 0.0470754 0.0467861 0.0472123 0.0465972 0.0482958 0.0827610 0.0499014 0.0790499 0.0477735 0.0818885 0.0457696 0.0463295 0.0481599 0.0473961 0.0466843 0.0464609 0.0432615 0.0439929 0.0439894 0.0497470 0.0477653 0.0488695 0.0478020 0.0474345 0.0547092 0.0000000 0.0478702 0.0558161 0.0508821 0.0470182 0.0475894 0.0469756 0.0491743 0.0477843 0.0466427 0.0469799 0.0473352 0.0466209 0.0509913 0.0508322 0.0491408 0.0519620 0.0481712 0.0485505 0.0481288 0.0527865 0.0502576 0.0510221 0.0464620 0.0489516 0.0504197 0.0489746 0.0476216 0.0462168 0.0841382 0.0487642 0.0483965 0.0478146 0.0501954 0.0481081 0.0494558 0.0649233 0.0482576 0.0477207 0.0538702 0.0480277 0.0479293 0.0509427 0.0463295 0.0470914 0.0485744 0.0482159 0.0474985 0.0485084 0.0483374 0.0473390 0.0463320 0.0475348 0.0470438 0.0471605 0.0456648 0.0815411 0.0466775 0.0485341 0.0471662 0.0523326 
Igeo_CNTNAP2         0.0265340 0.0271803 0.0220986 0.0257378 0.0261622 0.0257220 0.0258213 0.0250556 0.0245258 0.0946923 0.0148050 0.0886668 0.0144425 0.0987264 0.0242089 0.0120369 0.0127273 0.0123815 0.0132057 0.0137582 0.0215896 0.0216244 0.0223492 0.0253868 0.0133782 0.0148454 0.0147721 0.0137302 0.0287530 0.0478702 0.0000000 0.0289581 0.0273145 0.0137825 0.0144162 0.0130400 0.0137801 0.0123861 0.0117058 0.0126906 0.0134220 0.0121354 0.0208823 0.0268884 0.0246925 0.0221248 0.0226058 0.0224199 0.0184876 0.0239705 0.0243019 0.0228354 0.0130655 0.0239003 0.0235394 0.0231763 0.0147966 0.0149569 0.0974019 0.0137548 0.0129348 0.0147993 0.0166494 0.0214084 0.0151484 0.0170721 0.0158224 0.0137248 0.0254503 0.0144286 0.0154802 0.0174655 0.0120360 0.0116161 0.0134179 0.0134179 0.0134461 0.0136350 0.0124334 0.0134007 0.0130594 0.0116494 0.0120367 0.0134382 0.0120702 0.0968718 0.0115074 0.0215870 0.0127524 0.0225507 
Kbre_CNTNAP2         0.0296427 0.0307777 0.0330851 0.0306482 0.0278437 0.0277604 0.0278243 0.0283589 0.0288320 0.0990341 0.0287026 0.0938896 0.0282204 0.1046516 0.0269568 0.0265001 0.0278680 0.0273729 0.0265802 0.0257946 0.0276135 0.0271248 0.0277108 0.0289196 0.0273810 0.0278425 0.0282503 0.0273704 0.0356224 0.0558161 0.0289581 0.0000000 0.0085781 0.0281004 0.0279649 0.0276308 0.0281746 0.0264520 0.0268338 0.0273090 0.0278442 0.0266752 0.0321549 0.0345525 0.0340863 0.0305622 0.0316801 0.0315559 0.0279197 0.0329970 0.0329804 0.0323180 0.0260807 0.0324979 0.0327917 0.0313005 0.0281337 0.0277436 0.1011851 0.0283505 0.0264064 0.0285280 0.0276394 0.0236036 0.0289199 0.0299960 0.0281197 0.0272265 0.0164361 0.0278890 0.0275249 0.0285089 0.0264983 0.0253464 0.0272928 0.0269939 0.0269221 0.0288689 0.0274827 0.0276387 0.0267892 0.0276647 0.0270807 0.0277229 0.0264196 0.1022338 0.0258058 0.0314349 0.0271435 0.0335870 
Ksim_CNTNAP2         0.0270302 0.0294639 0.0283603 0.0272392 0.0246822 0.0243068 0.0244252 0.0252154 0.0254594 0.0955361 0.0260577 0.0878688 0.0253895 0.1002894 0.0239011 0.0233292 0.0245203 0.0242204 0.0235851 0.0226243 0.0244716 0.0239628 0.0245609 0.0254890 0.0245271 0.0252536 0.0254167 0.0245175 0.0310927 0.0508821 0.0273145 0.0085781 0.0000000 0.0243459 0.0254372 0.0244870 0.0254550 0.0232530 0.0236648 0.0241622 0.0249250 0.0234878 0.0264451 0.0290885 0.0281523 0.0264121 0.0261766 0.0260658 0.0252223 0.0281926 0.0267560 0.0262319 0.0226225 0.0271750 0.0270056 0.0258002 0.0250074 0.0247196 0.0964737 0.0249071 0.0233454 0.0248043 0.0251963 0.0203001 0.0257580 0.0245153 0.0249968 0.0246027 0.0140698 0.0247545 0.0243912 0.0251308 0.0233276 0.0225583 0.0246643 0.0243579 0.0237454 0.0240486 0.0243208 0.0244943 0.0236240 0.0244502 0.0239221 0.0245708 0.0234607 0.1000639 0.0230453 0.0264313 0.0239797 0.0284494 
Lacu_CNTNAP2         0.0221500 0.0204696 0.0214783 0.0223157 0.0212885 0.0206639 0.0201415 0.0209918 0.0202060 0.0909132 0.0075114 0.0861656 0.0074619 0.0955705 0.0214360 0.0058875 0.0050299 0.0051098 0.0063310 0.0106730 0.0203132 0.0200636 0.0206265 0.0221066 0.0061625 0.0073684 0.0069441 0.0061604 0.0267576 0.0470182 0.0137825 0.0281004 0.0243459 0.0000000 0.0069561 0.0053709 0.0062970 0.0049868 0.0051104 0.0056284 0.0063064 0.0048870 0.0208458 0.0240114 0.0232366 0.0186882 0.0200532 0.0209316 0.0184921 0.0225993 0.0229280 0.0205739 0.0109394 0.0214503 0.0223658 0.0209512 0.0122901 0.0117692 0.0930869 0.0069529 0.0065114 0.0077265 0.0155396 0.0236695 0.0072393 0.0119425 0.0133642 0.0063024 0.0214326 0.0125783 0.0128186 0.0134912 0.0053688 0.0043492 0.0068513 0.0071193 0.0053722 0.0085419 0.0051234 0.0064006 0.0040714 0.0052131 0.0048519 0.0058901 0.0052257 0.0944651 0.0043140 0.0193506 0.0048565 0.0231305 
Lalb_CNTNAP2         0.0226466 0.0226763 0.0226735 0.0225387 0.0229033 0.0222722 0.0216111 0.0226046 0.0227969 0.0938832 0.0074856 0.0874631 0.0076993 0.0987384 0.0222372 0.0056236 0.0055658 0.0053643 0.0057996 0.0119675 0.0210781 0.0208298 0.0213925 0.0225837 0.0048481 0.0057478 0.0056226 0.0048465 0.0278270 0.0475894 0.0144162 0.0279649 0.0254372 0.0069561 0.0000000 0.0063916 0.0059983 0.0052760 0.0053727 0.0058694 0.0062853 0.0053973 0.0221494 0.0254188 0.0243077 0.0205611 0.0203205 0.0222548 0.0197201 0.0228500 0.0242868 0.0228334 0.0122344 0.0225184 0.0236924 0.0222756 0.0135889 0.0134611 0.0962281 0.0056059 0.0051344 0.0069192 0.0169902 0.0241396 0.0061570 0.0130511 0.0146647 0.0046929 0.0208989 0.0138797 0.0141175 0.0154377 0.0056233 0.0046210 0.0052323 0.0049676 0.0061556 0.0089437 0.0056317 0.0061359 0.0048473 0.0060011 0.0056236 0.0061539 0.0055049 0.0976631 0.0045907 0.0198429 0.0051185 0.0239358 
Laus_CNTNAP2         0.0217724 0.0215905 0.0217390 0.0216453 0.0214342 0.0208127 0.0204248 0.0217013 0.0212634 0.0929415 0.0029058 0.0865520 0.0025258 0.0969478 0.0204431 0.0043177 0.0042124 0.0040609 0.0044652 0.0106062 0.0201885 0.0196297 0.0201872 0.0222443 0.0050901 0.0060112 0.0058631 0.0050884 0.0263140 0.0469756 0.0130400 0.0276308 0.0244870 0.0053709 0.0063916 0.0000000 0.0018878 0.0044177 0.0040672 0.0010042 0.0012925 0.0010126 0.0200189 0.0236261 0.0225767 0.0186770 0.0182710 0.0207960 0.0176336 0.0218497 0.0224937 0.0212198 0.0108708 0.0208026 0.0219457 0.0205421 0.0122127 0.0119855 0.0949090 0.0064037 0.0051330 0.0053455 0.0149558 0.0229376 0.0063971 0.0108100 0.0132799 0.0049554 0.0200521 0.0124990 0.0127379 0.0137683 0.0038049 0.0024326 0.0054959 0.0057612 0.0048418 0.0065667 0.0045927 0.0048264 0.0040606 0.0041423 0.0038051 0.0048405 0.0036523 0.0945943 0.0029575 0.0195634 0.0043280 0.0224498 
Lbor_CNTNAP2         0.0224269 0.0237744 0.0226232 0.0223080 0.0214620 0.0207981 0.0210305 0.0217472 0.0206484 0.0919876 0.0027295 0.0838428 0.0032504 0.0952284 0.0207046 0.0043524 0.0039554 0.0038031 0.0046659 0.0108082 0.0204994 0.0202337 0.0208336 0.0223273 0.0049042 0.0057244 0.0057314 0.0049024 0.0261491 0.0491743 0.0137801 0.0281746 0.0254550 0.0062970 0.0059983 0.0018878 0.0000000 0.0041519 0.0040841 0.0016166 0.0018920 0.0010859 0.0207013 0.0241348 0.0236319 0.0194315 0.0191440 0.0208512 0.0182740 0.0221713 0.0226270 0.0217741 0.0110918 0.0208366 0.0217417 0.0208440 0.0125350 0.0120054 0.0934629 0.0060104 0.0050846 0.0054518 0.0150653 0.0182883 0.0063027 0.0113692 0.0133920 0.0049009 0.0207565 0.0125553 0.0128111 0.0136578 0.0040775 0.0025453 0.0054651 0.0057420 0.0046381 0.0061349 0.0043711 0.0048973 0.0038028 0.0041651 0.0038034 0.0049126 0.0040904 0.0938868 0.0028062 0.0198793 0.0040882 0.0226415 
Lhos30470_CNTNAP2    0.0210061 0.0205287 0.0204321 0.0205954 0.0213113 0.0206348 0.0198181 0.0204050 0.0205478 0.0924302 0.0052163 0.0872026 0.0058224 0.0988674 0.0202996 0.0010927 0.0016413 0.0013668 0.0022700 0.0098417 0.0193363 0.0190657 0.0196721 0.0209652 0.0033114 0.0045414 0.0041465 0.0033102 0.0257226 0.0477843 0.0123861 0.0264520 0.0232530 0.0049868 0.0052760 0.0044177 0.0041519 0.0000000 0.0013701 0.0038577 0.0045457 0.0030486 0.0191527 0.0230496 0.0219257 0.0185359 0.0187332 0.0194375 0.0177707 0.0203241 0.0215340 0.0197415 0.0098411 0.0199960 0.0209812 0.0197608 0.0118755 0.0115998 0.0952287 0.0035941 0.0029343 0.0038653 0.0149216 0.0233008 0.0047186 0.0097198 0.0130362 0.0033983 0.0195866 0.0118937 0.0121507 0.0131327 0.0016410 0.0014704 0.0034064 0.0036928 0.0016453 0.0056823 0.0013718 0.0021923 0.0013679 0.0019571 0.0016411 0.0021939 0.0019682 0.0989475 0.0008756 0.0174187 0.0010966 0.0213570 
Lhos452_CNTNAP2      0.0209703 0.0211003 0.0208831 0.0205106 0.0209366 0.0203160 0.0195833 0.0206416 0.0203805 0.0910747 0.0053232 0.0851900 0.0053587 0.0957785 0.0193277 0.0017684 0.0023594 0.0025309 0.0020918 0.0101067 0.0191369 0.0188875 0.0194456 0.0211845 0.0035612 0.0047066 0.0043313 0.0035600 0.0258190 0.0466427 0.0117058 0.0268338 0.0236648 0.0051104 0.0053727 0.0040672 0.0040841 0.0013701 0.0000000 0.0035522 0.0041721 0.0028059 0.0191290 0.0230437 0.0220695 0.0190616 0.0183096 0.0197406 0.0176327 0.0206014 0.0216903 0.0206114 0.0103716 0.0202948 0.0205997 0.0197589 0.0111796 0.0108492 0.0933557 0.0043370 0.0037792 0.0045864 0.0143951 0.0224762 0.0048592 0.0103076 0.0122451 0.0036530 0.0193901 0.0114637 0.0117045 0.0121517 0.0017683 0.0021661 0.0041892 0.0044538 0.0022783 0.0042281 0.0020275 0.0027831 0.0015127 0.0025751 0.0022763 0.0017692 0.0015536 0.0948490 0.0016095 0.0187788 0.0012621 0.0210297 
Lobl_CNTNAP2         0.0214716 0.0221338 0.0214181 0.0213386 0.0208566 0.0202387 0.0201205 0.0211231 0.0206607 0.0928093 0.0026392 0.0864355 0.0022697 0.0959534 0.0201317 0.0038027 0.0036788 0.0035467 0.0041987 0.0100696 0.0196183 0.0193701 0.0199274 0.0216648 0.0045726 0.0057446 0.0053433 0.0045711 0.0257188 0.0469799 0.0126906 0.0273090 0.0241622 0.0056284 0.0058694 0.0010042 0.0016166 0.0038577 0.0035522 0.0000000 0.0010330 0.0005054 0.0199986 0.0236092 0.0225612 0.0190538 0.0182583 0.0202223 0.0171982 0.0215094 0.0221807 0.0208889 0.0103335 0.0207885 0.0216412 0.0202410 0.0116707 0.0114046 0.0942942 0.0058804 0.0048582 0.0050831 0.0146588 0.0229692 0.0058743 0.0102564 0.0127346 0.0046903 0.0204949 0.0119552 0.0121946 0.0131121 0.0032915 0.0021603 0.0052293 0.0054942 0.0043241 0.0057808 0.0040749 0.0043104 0.0035465 0.0036177 0.0032917 0.0043229 0.0033883 0.0948187 0.0026861 0.0192727 0.0038118 0.0224339 
Lobs_CNTNAP2         0.0215253 0.0222010 0.0217909 0.0219962 0.0206139 0.0199800 0.0204706 0.0214684 0.0209521 0.0912332 0.0029050 0.0843821 0.0025957 0.0952230 0.0204581 0.0044396 0.0043358 0.0041754 0.0044746 0.0106383 0.0199168 0.0196617 0.0202356 0.0220260 0.0052341 0.0062902 0.0060292 0.0052323 0.0262049 0.0473352 0.0134220 0.0278442 0.0249250 0.0063064 0.0062853 0.0012925 0.0018920 0.0045457 0.0041721 0.0010330 0.0000000 0.0010419 0.0204262 0.0242122 0.0232018 0.0190521 0.0185994 0.0208268 0.0180335 0.0218049 0.0228631 0.0209465 0.0109104 0.0214187 0.0222906 0.0208466 0.0125652 0.0123248 0.0935943 0.0062974 0.0051442 0.0057603 0.0149893 0.0177966 0.0065790 0.0108640 0.0133876 0.0052308 0.0209775 0.0125847 0.0128301 0.0135395 0.0039122 0.0024379 0.0057737 0.0060400 0.0049790 0.0061716 0.0047229 0.0049627 0.0041751 0.0042512 0.0039124 0.0049775 0.0039241 0.0926978 0.0029639 0.0198922 0.0044505 0.0230949 
LperAUS_CNTNAP2      0.0204884 0.0215905 0.0206825 0.0200336 0.0201919 0.0195727 0.0195249 0.0204604 0.0199651 0.0913528 0.0021269 0.0845640 0.0022888 0.0945186 0.0194411 0.0028018 0.0026405 0.0025453 0.0034302 0.0096223 0.0189509 0.0187003 0.0192606 0.0210056 0.0040935 0.0052605 0.0048688 0.0040921 0.0250797 0.0466209 0.0121354 0.0266752 0.0234878 0.0048870 0.0053973 0.0010126 0.0010859 0.0030486 0.0028059 0.0005054 0.0010419 0.0000000 0.0191412 0.0229222 0.0218892 0.0186770 0.0176704 0.0195565 0.0167802 0.0207710 0.0215093 0.0202419 0.0098878 0.0201079 0.0209824 0.0195747 0.0112329 0.0109328 0.0936897 0.0051409 0.0043123 0.0046073 0.0140742 0.0222968 0.0054018 0.0102564 0.0123037 0.0041995 0.0195277 0.0115185 0.0117604 0.0124673 0.0025454 0.0016179 0.0047408 0.0050074 0.0035801 0.0053899 0.0033286 0.0035687 0.0028013 0.0028579 0.0025455 0.0035791 0.0026148 0.0919604 0.0021459 0.0185869 0.0030658 0.0217391 
Mbid_CNTNAP2         0.0272150 0.0114120 0.0124593 0.0260408 0.0274695 0.0269370 0.0278749 0.0255711 0.0247301 0.0836585 0.0205745 0.0768337 0.0200236 0.0890434 0.0273526 0.0187056 0.0187065 0.0187040 0.0191306 0.0169070 0.0265044 0.0257603 0.0266464 0.0278386 0.0209174 0.0209450 0.0222048 0.0209055 0.0107305 0.0509913 0.0208823 0.0321549 0.0264451 0.0208458 0.0221494 0.0200189 0.0207013 0.0191527 0.0191290 0.0199986 0.0204262 0.0191412 0.0000000 0.0040405 0.0046644 0.0038316 0.0034928 0.0034952 0.0028690 0.0050310 0.0040356 0.0062392 0.0181662 0.0038922 0.0054709 0.0042869 0.0216385 0.0203784 0.0854810 0.0213046 0.0213027 0.0221937 0.0221381 0.0232666 0.0227360 0.0248997 0.0211587 0.0204628 0.0283325 0.0203763 0.0211700 0.0216533 0.0182798 0.0184819 0.0213731 0.0209419 0.0183459 0.0178239 0.0192269 0.0195697 0.0187243 0.0187040 0.0182798 0.0187065 0.0187065 0.0988481 0.0183218 0.0094675 0.0192231 0.0103118 
