82
Bacu_FOXP2       0.0000000 0.0071753 0.0081639 0.0007264 0.0013840 0.0020801 0.0020801 0.0026746 0.0031242 0.0007700 0.0007275 0.0365825 0.0070118 0.0059512 0.0044356 0.0070990 0.0067925 0.0070990 0.0088251 0.0041998 0.0041998 0.0022057 0.0063608 0.0070945 0.0063608 0.0060316 0.0284167 0.0070945 0.0076701 0.0093106 0.0075983 0.0070931 0.0101617 0.0082770 0.0067089 0.0060316 0.0068246 0.0053345 0.0077390 0.0070823 0.0078068 0.0063211 0.0075987 0.0078347 0.0076525 0.0067098 0.0070823 0.0070815 0.0081165 0.0078078 0.0071624 0.0067098 0.0081165 0.0085649 0.0403083 0.0070823 0.0067260 0.0433749 0.0108753 0.0102290 0.0074877 0.0041779 0.0085649 0.0100600 0.0100683 0.0081165 0.0061748 0.0074696 0.0071486 0.0070931 0.0070931 0.0059512 0.0095462 0.0070814 0.0078366 0.0088710 0.0078057 0.0070814 0.0367579 0.0070945 0.0074003 0.0082654 
Barn_FOXP2       0.0071753 0.0000000 0.0009628 0.0080928 0.0071598 0.0080751 0.0080751 0.0101397 0.0020076 0.0062479 0.0062479 0.0315262 0.0010597 0.0008715 0.0080821 0.0017525 0.0017525 0.0017525 0.0035281 0.0035236 0.0035236 0.0071586 0.0008715 0.0008715 0.0008715 0.0008715 0.0253477 0.0017512 0.0026806 0.0026433 0.0026433 0.0008715 0.0029249 0.0029644 0.0017473 0.0008715 0.0009516 0.0000010 0.0011908 0.0017476 0.0026289 0.0013351 0.0019083 0.0017518 0.0000010 0.0017476 0.0017476 0.0010691 0.0026336 0.0017476 0.0017476 0.0017476 0.0026336 0.0026336 0.0361787 0.0008715 0.0017512 0.0347840 0.0058853 0.0035318 0.0017476 0.0027658 0.0026336 0.0026427 0.0044302 0.0026336 0.0029692 0.0026284 0.0038008 0.0017507 0.0017507 0.0008715 0.0046895 0.0017473 0.0017507 0.0038371 0.0026284 0.0017473 0.0337892 0.0017512 0.0026289 0.0035287 
Bbai76728_FOXP2  0.0081639 0.0009628 0.0000000 0.0090014 0.0073154 0.0081463 0.0081463 0.0117415 0.0027137 0.0073867 0.0073154 0.0369705 0.0017128 0.0015878 0.0089906 0.0023936 0.0024187 0.0023936 0.0048362 0.0040068 0.0040068 0.0090487 0.0015878 0.0023919 0.0015878 0.0015878 0.0266205 0.0023919 0.0021357 0.0040083 0.0027183 0.0023913 0.0044082 0.0035517 0.0023871 0.0015878 0.0017128 0.0010398 0.0010428 0.0023874 0.0031903 0.0010279 0.0025751 0.0032031 0.0000010 0.0023874 0.0023874 0.0009512 0.0040128 0.0031908 0.0024173 0.0023874 0.0040128 0.0040128 0.0403798 0.0023874 0.0023919 0.0422323 0.0061328 0.0056443 0.0031978 0.0041654 0.0040128 0.0048278 0.0048351 0.0040128 0.0049086 0.0023871 0.0036662 0.0023913 0.0023913 0.0015878 0.0046895 0.0023871 0.0032039 0.0034429 0.0023871 0.0023871 0.0376399 0.0023919 0.0031903 0.0040122 
BbonAUS_FOXP2    0.0007264 0.0080928 0.0090014 0.0000000 0.0021919 0.0029285 0.0029285 0.0037254 0.0041528 0.0016365 0.0014581 0.0362038 0.0070118 0.0067089 0.0051856 0.0074893 0.0075630 0.0074893 0.0098303 0.0051765 0.0051765 0.0029471 0.0067089 0.0074843 0.0067089 0.0067089 0.0318919 0.0074843 0.0087929 0.0098257 0.0084629 0.0074827 0.0099276 0.0082770 0.0074696 0.0067089 0.0064093 0.0057066 0.0077390 0.0074707 0.0082346 0.0073966 0.0072263 0.0082669 0.0076525 0.0074707 0.0074707 0.0079863 0.0090372 0.0082358 0.0075595 0.0074707 0.0090372 0.0090372 0.0403243 0.0074707 0.0074843 0.0457006 0.0106842 0.0114010 0.0082536 0.0055930 0.0090372 0.0106194 0.0106289 0.0090372 0.0061748 0.0082334 0.0075907 0.0074827 0.0074827 0.0067089 0.0095462 0.0074696 0.0082691 0.0088710 0.0082334 0.0074696 0.0354601 0.0074843 0.0082346 0.0090355 
Bbor_FOXP2       0.0013840 0.0071598 0.0073154 0.0021919 0.0000000 0.0006895 0.0006895 0.0042534 0.0031185 0.0007687 0.0007263 0.0368028 0.0061067 0.0059406 0.0044279 0.0070869 0.0067802 0.0070869 0.0092983 0.0041929 0.0041929 0.0022020 0.0063500 0.0070823 0.0063500 0.0063500 0.0301082 0.0070823 0.0065355 0.0092943 0.0075828 0.0070809 0.0101421 0.0082604 0.0066968 0.0063500 0.0068121 0.0053232 0.0077209 0.0070702 0.0077933 0.0052369 0.0075847 0.0078221 0.0063338 0.0066978 0.0070702 0.0070664 0.0085500 0.0077944 0.0071501 0.0066978 0.0085500 0.0085500 0.0407186 0.0070702 0.0070823 0.0439446 0.0108544 0.0107800 0.0074742 0.0041779 0.0085500 0.0100422 0.0100505 0.0085500 0.0061748 0.0074561 0.0079615 0.0070809 0.0070809 0.0059406 0.0095462 0.0070692 0.0078240 0.0088535 0.0077923 0.0070692 0.0390236 0.0070823 0.0077933 0.0082503 
Bede66737_FOXP2  0.0020801 0.0080751 0.0081463 0.0029285 0.0006895 0.0000000 0.0000010 0.0049713 0.0031185 0.0015407 0.0014556 0.0376950 0.0069958 0.0066968 0.0051765 0.0078117 0.0075492 0.0078117 0.0100334 0.0049011 0.0049011 0.0029420 0.0070692 0.0078068 0.0070692 0.0070692 0.0309670 0.0078068 0.0054284 0.0100288 0.0084454 0.0078052 0.0109454 0.0091052 0.0074561 0.0070692 0.0075847 0.0053232 0.0087088 0.0077933 0.0085183 0.0063039 0.0083604 0.0085500 0.0063338 0.0074572 0.0077933 0.0079691 0.0092807 0.0085195 0.0078806 0.0074572 0.0092807 0.0092807 0.0416328 0.0077933 0.0078068 0.0448752 0.0100561 0.0115212 0.0082385 0.0055930 0.0092807 0.0107806 0.0107897 0.0092807 0.0074352 0.0082184 0.0087767 0.0078052 0.0078052 0.0066968 0.0111875 0.0077923 0.0085522 0.0096793 0.0085172 0.0077923 0.0399200 0.0078068 0.0085183 0.0090188 
BedeAUS_FOXP2    0.0020801 0.0080751 0.0081463 0.0029285 0.0006895 0.0000010 0.0000000 0.0049713 0.0031185 0.0015407 0.0014556 0.0376950 0.0069958 0.0066968 0.0051765 0.0078117 0.0075492 0.0078117 0.0100334 0.0049011 0.0049011 0.0029420 0.0070692 0.0078068 0.0070692 0.0070692 0.0309670 0.0078068 0.0054284 0.0100288 0.0084454 0.0078052 0.0109454 0.0091052 0.0074561 0.0070692 0.0075847 0.0053232 0.0087088 0.0077933 0.0085183 0.0063039 0.0083604 0.0085500 0.0063338 0.0074572 0.0077933 0.0079691 0.0092807 0.0085195 0.0078806 0.0074572 0.0092807 0.0092807 0.0416328 0.0077933 0.0078068 0.0448752 0.0100561 0.0115212 0.0082385 0.0055930 0.0092807 0.0107806 0.0107897 0.0092807 0.0074352 0.0082184 0.0087767 0.0078052 0.0078052 0.0066968 0.0111875 0.0077923 0.0085522 0.0096793 0.0085172 0.0077923 0.0399200 0.0078068 0.0085183 0.0090188 
Bmus_FOXP2       0.0026746 0.0101397 0.0117415 0.0037254 0.0042534 0.0049713 0.0049713 0.0000000 0.0064173 0.0031579 0.0037317 0.0405737 0.0108264 0.0091519 0.0075806 0.0101770 0.0100612 0.0101770 0.0118006 0.0071682 0.0071682 0.0037559 0.0094082 0.0101704 0.0094082 0.0089099 0.0299755 0.0101704 0.0124977 0.0124635 0.0103949 0.0101682 0.0136287 0.0118972 0.0099337 0.0089099 0.0101083 0.0082238 0.0119823 0.0101522 0.0094082 0.0109129 0.0109072 0.0109397 0.0132910 0.0099352 0.0101522 0.0109385 0.0110660 0.0108990 0.0102685 0.0099352 0.0110660 0.0116910 0.0444378 0.0101522 0.0096297 0.0457961 0.0143378 0.0132464 0.0107459 0.0041779 0.0116910 0.0132394 0.0132519 0.0110660 0.0087062 0.0107186 0.0087767 0.0101682 0.0101682 0.0091519 0.0111875 0.0101507 0.0109427 0.0124177 0.0108959 0.0101507 0.0407067 0.0101704 0.0103182 0.0115533 
Bmys_FOXP2       0.0031242 0.0020076 0.0027137 0.0041528 0.0031185 0.0031185 0.0031185 0.0064173 0.0000000 0.0017560 0.0024751 0.0349358 0.0019676 0.0016400 0.0024757 0.0031154 0.0024924 0.0031154 0.0047006 0.0000010 0.0000010 0.0041631 0.0023254 0.0031132 0.0023254 0.0023254 0.0271970 0.0031132 0.0000010 0.0055034 0.0037830 0.0031125 0.0060614 0.0036960 0.0024656 0.0023254 0.0025128 0.0026305 0.0022005 0.0031075 0.0038926 0.0000010 0.0033580 0.0039079 0.0024933 0.0024660 0.0031075 0.0019898 0.0039010 0.0038932 0.0031372 0.0024660 0.0046996 0.0046996 0.0381948 0.0031075 0.0031132 0.0370216 0.0060047 0.0071155 0.0033034 0.0017287 0.0046996 0.0063120 0.0063173 0.0046996 0.0029718 0.0032948 0.0053463 0.0031125 0.0031125 0.0016400 0.0081359 0.0031071 0.0039089 0.0044835 0.0038920 0.0031071 0.0357492 0.0031132 0.0038926 0.0041450 
Bphy_FOXP2       0.0007700 0.0062479 0.0073867 0.0016365 0.0007687 0.0015407 0.0015407 0.0031579 0.0017560 0.0000000 0.0000010 0.0330025 0.0060047 0.0049886 0.0041377 0.0063152 0.0059162 0.0063152 0.0079384 0.0031074 0.0031074 0.0016449 0.0054984 0.0054984 0.0054984 0.0054984 0.0262432 0.0063108 0.0064622 0.0071403 0.0067231 0.0063093 0.0087282 0.0074842 0.0058346 0.0054984 0.0059471 0.0044243 0.0067052 0.0062988 0.0071019 0.0049360 0.0068128 0.0063128 0.0062015 0.0058356 0.0062988 0.0060560 0.0071138 0.0062988 0.0063773 0.0058356 0.0071138 0.0071138 0.0372254 0.0054984 0.0063108 0.0395890 0.0104767 0.0087614 0.0058356 0.0041779 0.0071138 0.0079479 0.0087682 0.0071138 0.0044874 0.0066838 0.0071947 0.0063093 0.0063093 0.0049886 0.0095462 0.0062979 0.0071329 0.0081956 0.0071008 0.0062979 0.0338897 0.0063108 0.0071019 0.0075695 
Bphy_baits_FOXP2 0.0007275 0.0062479 0.0073154 0.0014581 0.0007263 0.0014556 0.0014556 0.0037317 0.0024751 0.0000010 0.0000000 0.0361108 0.0061067 0.0051866 0.0036818 0.0059551 0.0060134 0.0059551 0.0082669 0.0036754 0.0036754 0.0014648 0.0051866 0.0059512 0.0051866 0.0051866 0.0299989 0.0059512 0.0065355 0.0082633 0.0067231 0.0059499 0.0090599 0.0074178 0.0059397 0.0051866 0.0055842 0.0037746 0.0067367 0.0059406 0.0066968 0.0052369 0.0063960 0.0067226 0.0063338 0.0059406 0.0059406 0.0061670 0.0074851 0.0066978 0.0060099 0.0059406 0.0074851 0.0074851 0.0402159 0.0059406 0.0059512 0.0436033 0.0098185 0.0098190 0.0067119 0.0041779 0.0074851 0.0090455 0.0090533 0.0074851 0.0061748 0.0066958 0.0067316 0.0059499 0.0059499 0.0051866 0.0095462 0.0059397 0.0067243 0.0080299 0.0066958 0.0059397 0.0374119 0.0059512 0.0066968 0.0074837 
Btau_FOXP2       0.0365825 0.0315262 0.0369705 0.0362038 0.0368028 0.0376950 0.0376950 0.0405737 0.0349358 0.0330025 0.0361108 0.0000000 0.0288513 0.0335191 0.0380425 0.0353022 0.0349379 0.0353022 0.0358453 0.0326817 0.0326817 0.0383184 0.0343179 0.0343421 0.0343179 0.0341399 0.0375833 0.0352751 0.0306695 0.0372446 0.0325827 0.0352664 0.0336329 0.0308160 0.0344284 0.0341399 0.0291889 0.0359400 0.0238952 0.0334529 0.0343179 0.0307241 0.0300840 0.0362510 0.0278089 0.0326130 0.0334529 0.0304731 0.0349316 0.0343230 0.0330071 0.0326130 0.0349316 0.0351504 0.0067211 0.0334529 0.0350494 0.0187687 0.0342765 0.0385507 0.0354596 0.0314508 0.0351504 0.0380614 0.0370740 0.0349316 0.0273693 0.0335138 0.0342997 0.0352664 0.0352664 0.0335191 0.0179619 0.0351859 0.0343506 0.0290245 0.0343128 0.0351859 0.0357840 0.0333780 0.0357983 0.0326130 
Ccom40_FOXP2     0.0070118 0.0010597 0.0017128 0.0070118 0.0061067 0.0069958 0.0069958 0.0108264 0.0019676 0.0060047 0.0061067 0.0288513 0.0000000 0.0000010 0.0078971 0.0008550 0.0008645 0.0008550 0.0034583 0.0025769 0.0025769 0.0079517 0.0000010 0.0008544 0.0000010 0.0000010 0.0258030 0.0008544 0.0011773 0.0017097 0.0000010 0.0008542 0.0026254 0.0017642 0.0008526 0.0000010 0.0000010 0.0000010 0.0000010 0.0008527 0.0017094 0.0000010 0.0008526 0.0017167 0.0000010 0.0008527 0.0008527 0.0000010 0.0025810 0.0017097 0.0008639 0.0008527 0.0025810 0.0025810 0.0333413 0.0008527 0.0000010 0.0414317 0.0043495 0.0043247 0.0017137 0.0015711 0.0025810 0.0034522 0.0034575 0.0025810 0.0024300 0.0008526 0.0019859 0.0008542 0.0008542 0.0000010 0.0031000 0.0008526 0.0008549 0.0017091 0.0008526 0.0008526 0.0308207 0.0000010 0.0017094 0.0017127 
Chea7320_FOXP2   0.0059512 0.0008715 0.0015878 0.0067089 0.0059406 0.0066968 0.0066968 0.0091519 0.0016400 0.0049886 0.0051866 0.0335191 0.0000010 0.0000000 0.0067015 0.0007285 0.0007354 0.0007285 0.0029411 0.0021942 0.0021942 0.0067407 0.0000010 0.0007280 0.0000010 0.0000010 0.0270652 0.0007280 0.0010618 0.0029400 0.0016437 0.0007279 0.0032164 0.0016119 0.0007267 0.0000010 0.0000010 0.0000010 0.0000010 0.0007268 0.0014565 0.0000010 0.0007812 0.0014618 0.0000010 0.0007268 0.0007268 0.0000010 0.0021972 0.0014567 0.0007351 0.0007268 0.0021972 0.0021972 0.0374808 0.0007268 0.0007280 0.0413757 0.0039941 0.0044336 0.0014596 0.0013726 0.0021972 0.0036876 0.0036901 0.0021972 0.0024300 0.0014563 0.0024842 0.0007279 0.0007279 0.0000010 0.0031000 0.0007267 0.0014621 0.0023537 0.0014563 0.0007267 0.0361311 0.0007280 0.0014565 0.0021969 
Cmar59905_FOXP2  0.0044356 0.0080821 0.0089906 0.0051856 0.0044279 0.0051765 0.0051765 0.0075806 0.0024757 0.0041377 0.0036818 0.0380425 0.0078971 0.0067015 0.0000000 0.0074811 0.0075546 0.0074811 0.0098194 0.0044288 0.0044288 0.0052100 0.0067015 0.0074760 0.0067015 0.0067015 0.0318519 0.0074760 0.0076359 0.0098147 0.0084524 0.0074744 0.0107662 0.0091126 0.0074614 0.0067015 0.0072178 0.0037756 0.0077085 0.0074625 0.0082255 0.0062942 0.0080374 0.0082578 0.0050355 0.0074625 0.0074625 0.0070561 0.0090272 0.0082267 0.0075511 0.0074625 0.0090272 0.0090272 0.0422069 0.0074625 0.0074760 0.0430026 0.0115182 0.0113883 0.0082444 0.0084998 0.0090272 0.0106076 0.0106170 0.0090272 0.0100261 0.0082243 0.0093485 0.0074744 0.0074744 0.0067015 0.0128629 0.0074614 0.0082600 0.0096870 0.0082243 0.0074614 0.0393437 0.0074760 0.0082255 0.0090255 
Dcap108471_FOXP2 0.0070990 0.0017525 0.0023936 0.0074893 0.0070869 0.0078117 0.0078117 0.0101770 0.0031154 0.0063152 0.0059551 0.0353022 0.0008550 0.0007285 0.0074811 0.0000000 0.0000010 0.0000010 0.0035034 0.0034925 0.0034925 0.0075251 0.0006915 0.0013881 0.0006915 0.0006915 0.0282425 0.0013881 0.0021378 0.0035022 0.0024782 0.0013878 0.0038152 0.0024294 0.0014599 0.0006915 0.0007407 0.0008749 0.0009410 0.0013859 0.0020829 0.0010288 0.0014843 0.0020901 0.0012471 0.0014601 0.0013859 0.0008633 0.0027922 0.0020832 0.0014010 0.0014601 0.0027922 0.0027922 0.0391257 0.0013859 0.0013881 0.0428714 0.0045498 0.0049280 0.0021994 0.0013726 0.0027922 0.0042162 0.0042190 0.0027922 0.0036728 0.0021944 0.0031378 0.0013878 0.0013878 0.0007285 0.0046960 0.0013857 0.0020905 0.0031535 0.0020826 0.0013857 0.0387911 0.0013881 0.0020829 0.0029425 
Dcap79929_FOXP2  0.0067925 0.0017525 0.0024187 0.0075630 0.0067802 0.0075492 0.0075492 0.0100612 0.0024924 0.0059162 0.0060134 0.0349379 0.0008645 0.0007354 0.0075546 0.0000010 0.0000000 0.0000010 0.0037291 0.0029673 0.0029673 0.0075675 0.0007354 0.0014767 0.0007354 0.0007354 0.0283488 0.0014767 0.0021378 0.0037278 0.0025051 0.0014764 0.0032507 0.0024552 0.0014739 0.0007354 0.0007913 0.0009435 0.0009533 0.0014741 0.0022158 0.0010427 0.0015860 0.0022239 0.0012623 0.0014741 0.0014741 0.0008731 0.0029715 0.0022161 0.0014769 0.0014741 0.0029715 0.0029715 0.0389953 0.0014741 0.0014767 0.0420047 0.0048688 0.0044876 0.0022206 0.0013726 0.0029715 0.0037323 0.0044920 0.0029715 0.0036728 0.0022155 0.0033294 0.0014764 0.0014764 0.0007354 0.0046960 0.0014739 0.0014764 0.0031869 0.0022155 0.0014739 0.0376040 0.0014767 0.0022158 0.0029710 
DdelSJR_FOXP2    0.0070990 0.0017525 0.0023936 0.0074893 0.0070869 0.0078117 0.0078117 0.0101770 0.0031154 0.0063152 0.0059551 0.0353022 0.0008550 0.0007285 0.0074811 0.0000010 0.0000010 0.0000000 0.0035034 0.0034925 0.0034925 0.0075251 0.0006915 0.0013881 0.0006915 0.0006915 0.0282425 0.0013881 0.0021378 0.0035022 0.0024782 0.0013878 0.0038152 0.0024294 0.0014599 0.0006915 0.0007407 0.0008749 0.0009410 0.0013859 0.0020829 0.0010288 0.0014843 0.0020901 0.0012471 0.0014601 0.0013859 0.0008633 0.0027922 0.0020832 0.0014010 0.0014601 0.0027922 0.0027922 0.0391257 0.0013859 0.0013881 0.0428714 0.0045498 0.0049280 0.0021994 0.0013726 0.0027922 0.0042162 0.0042190 0.0027922 0.0036728 0.0021944 0.0031378 0.0013878 0.0013878 0.0007285 0.0046960 0.0013857 0.0020905 0.0031535 0.0020826 0.0013857 0.0387911 0.0013881 0.0020829 0.0029425 
Dleu_FOXP2       0.0088251 0.0035281 0.0048362 0.0098303 0.0092983 0.0100334 0.0100334 0.0118006 0.0047006 0.0079384 0.0082669 0.0358453 0.0034583 0.0029411 0.0098194 0.0035034 0.0037291 0.0035034 0.0000000 0.0056381 0.0056381 0.0098790 0.0027905 0.0027916 0.0027905 0.0026474 0.0282740 0.0035012 0.0032224 0.0056539 0.0041546 0.0035005 0.0061643 0.0049058 0.0036839 0.0026474 0.0029903 0.0017527 0.0028511 0.0034954 0.0042027 0.0020673 0.0037469 0.0042176 0.0025091 0.0036844 0.0034954 0.0026122 0.0006556 0.0042033 0.0035337 0.0036844 0.0033128 0.0034921 0.0394863 0.0034954 0.0033210 0.0430468 0.0068918 0.0060415 0.0044402 0.0041637 0.0034921 0.0056533 0.0049247 0.0033128 0.0036522 0.0044298 0.0055468 0.0035005 0.0035005 0.0029411 0.0063036 0.0034949 0.0042186 0.0055751 0.0042021 0.0034949 0.0401149 0.0035012 0.0039863 0.0051982 
EausAUS_FOXP2    0.0041998 0.0035236 0.0040068 0.0051765 0.0041929 0.0049011 0.0049011 0.0071682 0.0000010 0.0031074 0.0036754 0.0326817 0.0025769 0.0021942 0.0044288 0.0034925 0.0029673 0.0034925 0.0056381 0.0000000 0.0000010 0.0052007 0.0027820 0.0034904 0.0027820 0.0027820 0.0257112 0.0034904 0.0021366 0.0056360 0.0041495 0.0034897 0.0061429 0.0040650 0.0029316 0.0027820 0.0029815 0.0026305 0.0028393 0.0034846 0.0041896 0.0010283 0.0037345 0.0042045 0.0024933 0.0029320 0.0034846 0.0026022 0.0049148 0.0041902 0.0035227 0.0029320 0.0049148 0.0049148 0.0364410 0.0034846 0.0034904 0.0391657 0.0068679 0.0070809 0.0036805 0.0027673 0.0049148 0.0063609 0.0063657 0.0049148 0.0036706 0.0036720 0.0055272 0.0034897 0.0034897 0.0021942 0.0078973 0.0034842 0.0042054 0.0047514 0.0041891 0.0034842 0.0361262 0.0034904 0.0041896 0.0044317 
Egla13086_FOXP2  0.0041998 0.0035236 0.0040068 0.0051765 0.0041929 0.0049011 0.0049011 0.0071682 0.0000010 0.0031074 0.0036754 0.0326817 0.0025769 0.0021942 0.0044288 0.0034925 0.0029673 0.0034925 0.0056381 0.0000010 0.0000000 0.0052007 0.0027820 0.0034904 0.0027820 0.0027820 0.0257112 0.0034904 0.0021366 0.0056360 0.0041495 0.0034897 0.0061429 0.0040650 0.0029316 0.0027820 0.0029815 0.0026305 0.0028393 0.0034846 0.0041896 0.0010283 0.0037345 0.0042045 0.0024933 0.0029320 0.0034846 0.0026022 0.0049148 0.0041902 0.0035227 0.0029320 0.0049148 0.0049148 0.0364410 0.0034846 0.0034904 0.0391657 0.0068679 0.0070809 0.0036805 0.0027673 0.0049148 0.0063609 0.0063657 0.0049148 0.0036706 0.0036720 0.0055272 0.0034897 0.0034897 0.0021942 0.0078973 0.0034842 0.0042054 0.0047514 0.0041891 0.0034842 0.0361262 0.0034904 0.0041896 0.0044317 
Erob133443_FOXP2 0.0022057 0.0071586 0.0090487 0.0029471 0.0022020 0.0029420 0.0029420 0.0037559 0.0041631 0.0016449 0.0014648 0.0383184 0.0079517 0.0067407 0.0052100 0.0075251 0.0075675 0.0075251 0.0098790 0.0052007 0.0052007 0.0000000 0.0067407 0.0075200 0.0067407 0.0067407 0.0315420 0.0075200 0.0088006 0.0098743 0.0085088 0.0075184 0.0099517 0.0091722 0.0075052 0.0067407 0.0072634 0.0057230 0.0087837 0.0075063 0.0082740 0.0074466 0.0080883 0.0083066 0.0089937 0.0075063 0.0075063 0.0080317 0.0090807 0.0082752 0.0075639 0.0075063 0.0090807 0.0090807 0.0425218 0.0075063 0.0075200 0.0459873 0.0115934 0.0114569 0.0082931 0.0041779 0.0090807 0.0106713 0.0106808 0.0090807 0.0074352 0.0082727 0.0075907 0.0075184 0.0075184 0.0067407 0.0111875 0.0075052 0.0083088 0.0097489 0.0082727 0.0075052 0.0396290 0.0075200 0.0082740 0.0090791 
Fatt_FOXP2       0.0063608 0.0008715 0.0015878 0.0067089 0.0063500 0.0070692 0.0070692 0.0094082 0.0023254 0.0054984 0.0051866 0.0343179 0.0000010 0.0000010 0.0067015 0.0006915 0.0007354 0.0006915 0.0027905 0.0027820 0.0027820 0.0067407 0.0000000 0.0006911 0.0000010 0.0000010 0.0273147 0.0006911 0.0010618 0.0027896 0.0016437 0.0006909 0.0030370 0.0016119 0.0007267 0.0000010 0.0000010 0.0000010 0.0000010 0.0006900 0.0013826 0.0000010 0.0007388 0.0013874 0.0000010 0.0007268 0.0006900 0.0000010 0.0020851 0.0013828 0.0006975 0.0007268 0.0020851 0.0020851 0.0381029 0.0006900 0.0006911 0.0418159 0.0037736 0.0042055 0.0014596 0.0013726 0.0020851 0.0034982 0.0035005 0.0020851 0.0024300 0.0014563 0.0023419 0.0006909 0.0006909 0.0000010 0.0031000 0.0006899 0.0013876 0.0023537 0.0013824 0.0006899 0.0377770 0.0006911 0.0013826 0.0021969 
Ggri_FOXP2       0.0070945 0.0008715 0.0023919 0.0074843 0.0070823 0.0078068 0.0078068 0.0101704 0.0031132 0.0054984 0.0059512 0.0343421 0.0008544 0.0007280 0.0074760 0.0013881 0.0014767 0.0013881 0.0027916 0.0034904 0.0034904 0.0075200 0.0006911 0.0000000 0.0006911 0.0006911 0.0264225 0.0013873 0.0021357 0.0035000 0.0016437 0.0013870 0.0038126 0.0024276 0.0014590 0.0006911 0.0007402 0.0000010 0.0009402 0.0013850 0.0020816 0.0010279 0.0014834 0.0020888 0.0012457 0.0014592 0.0013850 0.0008626 0.0020860 0.0020819 0.0014001 0.0014592 0.0020860 0.0020860 0.0381314 0.0013850 0.0013873 0.0418488 0.0045468 0.0034922 0.0021979 0.0013726 0.0020860 0.0027887 0.0035019 0.0020860 0.0024317 0.0021930 0.0031356 0.0013870 0.0013870 0.0007280 0.0031000 0.0013848 0.0020892 0.0031512 0.0020813 0.0013848 0.0368121 0.0013873 0.0020816 0.0029406 
Gmac39091_FOXP2  0.0063608 0.0008715 0.0015878 0.0067089 0.0063500 0.0070692 0.0070692 0.0094082 0.0023254 0.0054984 0.0051866 0.0343179 0.0000010 0.0000010 0.0067015 0.0006915 0.0007354 0.0006915 0.0027905 0.0027820 0.0027820 0.0067407 0.0000010 0.0006911 0.0000000 0.0000010 0.0273147 0.0006911 0.0010618 0.0027896 0.0016437 0.0006909 0.0030370 0.0016119 0.0007267 0.0000010 0.0000010 0.0000010 0.0000010 0.0006900 0.0013826 0.0000010 0.0007388 0.0013874 0.0000010 0.0007268 0.0006900 0.0000010 0.0020851 0.0013828 0.0006975 0.0007268 0.0020851 0.0020851 0.0381029 0.0006900 0.0006911 0.0418159 0.0037736 0.0042055 0.0014596 0.0013726 0.0020851 0.0034982 0.0035005 0.0020851 0.0024300 0.0014563 0.0023419 0.0006909 0.0006909 0.0000010 0.0031000 0.0006899 0.0013876 0.0023537 0.0013824 0.0006899 0.0377770 0.0006911 0.0013826 0.0021969 
Gmel_FOXP2       0.0060316 0.0008715 0.0015878 0.0067089 0.0063500 0.0070692 0.0070692 0.0089099 0.0023254 0.0054984 0.0051866 0.0341399 0.0000010 0.0000010 0.0067015 0.0006915 0.0007354 0.0006915 0.0026474 0.0027820 0.0027820 0.0067407 0.0000010 0.0006911 0.0000010 0.0000000 0.0257503 0.0006911 0.0010618 0.0027896 0.0016437 0.0006909 0.0030370 0.0016119 0.0007267 0.0000010 0.0000010 0.0000010 0.0000010 0.0006900 0.0013826 0.0000010 0.0007388 0.0013874 0.0000010 0.0007268 0.0006900 0.0000010 0.0019786 0.0013828 0.0006975 0.0007268 0.0019786 0.0020851 0.0377347 0.0006900 0.0006560 0.0412584 0.0037736 0.0039889 0.0014596 0.0013726 0.0020851 0.0034982 0.0035005 0.0019786 0.0024300 0.0014563 0.0023419 0.0006909 0.0006909 0.0000010 0.0031000 0.0006899 0.0013876 0.0023537 0.0013824 0.0006899 0.0373579 0.0006911 0.0013124 0.0021969 
Hippo_FOXP2      0.0284167 0.0253477 0.0266205 0.0318919 0.0301082 0.0309670 0.0309670 0.0299755 0.0271970 0.0262432 0.0299989 0.0375833 0.0258030 0.0270652 0.0318519 0.0282425 0.0283488 0.0282425 0.0282740 0.0257112 0.0257112 0.0315420 0.0273147 0.0264225 0.0273147 0.0257503 0.0000000 0.0282216 0.0184167 0.0308988 0.0268282 0.0282149 0.0310572 0.0297608 0.0279474 0.0257503 0.0286060 0.0278210 0.0253405 0.0264780 0.0273147 0.0178391 0.0295139 0.0291434 0.0250870 0.0261864 0.0264780 0.0240388 0.0274131 0.0273188 0.0268088 0.0261864 0.0274131 0.0290926 0.0403659 0.0264780 0.0265976 0.0412934 0.0317197 0.0290230 0.0289240 0.0193660 0.0290926 0.0299483 0.0309391 0.0274131 0.0224603 0.0288332 0.0290273 0.0282149 0.0282149 0.0270652 0.0165911 0.0281546 0.0291556 0.0312916 0.0289977 0.0281546 0.0353826 0.0282216 0.0273339 0.0261864 
Hamp_FOXP2       0.0070945 0.0017512 0.0023919 0.0074843 0.0070823 0.0078068 0.0078068 0.0101704 0.0031132 0.0063108 0.0059512 0.0352751 0.0008544 0.0007280 0.0074760 0.0013881 0.0014767 0.0013881 0.0035012 0.0034904 0.0034904 0.0075200 0.0006911 0.0013873 0.0006911 0.0006911 0.0282216 0.0000000 0.0021357 0.0035000 0.0024764 0.0013870 0.0038126 0.0024276 0.0014590 0.0006911 0.0007402 0.0008742 0.0009402 0.0013850 0.0020816 0.0010279 0.0014834 0.0013879 0.0012457 0.0014592 0.0013850 0.0008626 0.0027905 0.0020819 0.0014001 0.0014592 0.0027905 0.0027905 0.0371299 0.0013850 0.0013873 0.0428367 0.0045468 0.0049249 0.0021979 0.0013726 0.0027905 0.0042136 0.0042164 0.0027905 0.0036688 0.0021930 0.0031356 0.0013870 0.0013870 0.0007280 0.0046895 0.0013848 0.0020892 0.0031512 0.0020813 0.0013848 0.0368121 0.0013873 0.0020816 0.0029406 
Igeo_FOXP2       0.0076701 0.0026806 0.0021357 0.0087929 0.0065355 0.0054284 0.0054284 0.0124977 0.0000010 0.0064622 0.0065355 0.0306695 0.0011773 0.0010618 0.0076359 0.0021378 0.0021378 0.0021378 0.0032224 0.0021366 0.0021366 0.0088006 0.0010618 0.0021357 0.0010618 0.0010618 0.0184167 0.0021357 0.0000000 0.0043041 0.0025372 0.0021351 0.0023773 0.0036558 0.0021300 0.0010618 0.0011773 0.0000010 0.0011773 0.0010618 0.0021300 0.0010618 0.0011773 0.0032224 0.0000010 0.0010618 0.0010618 0.0010618 0.0032224 0.0021304 0.0010618 0.0010618 0.0043106 0.0043106 0.0335322 0.0021304 0.0021357 0.0392526 0.0011834 0.0054050 0.0032152 0.0038679 0.0043106 0.0043118 0.0043106 0.0043106 0.0049261 0.0021300 0.0037182 0.0010618 0.0010618 0.0010618 0.0053207 0.0021300 0.0021351 0.0023623 0.0021300 0.0021300 0.0355375 0.0021357 0.0021300 0.0021357 
Kbre_FOXP2       0.0093106 0.0026433 0.0040083 0.0098257 0.0092943 0.0100288 0.0100288 0.0124635 0.0055034 0.0071403 0.0082633 0.0372446 0.0017097 0.0029400 0.0098147 0.0035022 0.0037278 0.0035022 0.0056539 0.0056360 0.0056360 0.0098743 0.0027896 0.0035000 0.0027896 0.0027896 0.0308988 0.0035000 0.0043041 0.0000000 0.0000010 0.0034993 0.0053656 0.0040666 0.0036826 0.0027896 0.0022317 0.0017593 0.0028406 0.0034942 0.0042012 0.0031056 0.0029826 0.0042161 0.0024933 0.0036831 0.0034942 0.0034900 0.0049285 0.0042018 0.0035325 0.0036831 0.0049285 0.0049285 0.0411375 0.0034942 0.0035000 0.0457927 0.0060941 0.0042075 0.0044385 0.0027692 0.0049285 0.0034999 0.0063836 0.0049285 0.0048955 0.0044281 0.0055445 0.0034993 0.0034993 0.0029400 0.0031000 0.0034937 0.0042171 0.0047532 0.0042006 0.0034937 0.0405319 0.0035000 0.0042012 0.0051962 
Ksim_FOXP2       0.0075983 0.0026433 0.0027183 0.0084629 0.0075828 0.0084454 0.0084454 0.0103949 0.0037830 0.0067231 0.0067231 0.0325827 0.0000010 0.0016437 0.0084524 0.0024782 0.0025051 0.0024782 0.0041546 0.0041495 0.0041495 0.0085088 0.0016437 0.0016437 0.0016437 0.0016437 0.0268282 0.0024764 0.0025372 0.0000010 0.0000000 0.0024758 0.0036514 0.0027569 0.0024713 0.0016437 0.0008870 0.0018809 0.0010929 0.0024717 0.0033032 0.0012116 0.0017795 0.0024772 0.0000010 0.0024717 0.0024717 0.0019893 0.0033089 0.0024717 0.0025036 0.0024717 0.0033089 0.0033089 0.0369963 0.0016437 0.0024764 0.0411547 0.0054777 0.0033021 0.0024717 0.0027692 0.0033089 0.0024712 0.0050069 0.0033089 0.0014724 0.0033027 0.0047838 0.0024758 0.0024758 0.0016437 0.0031000 0.0024713 0.0033178 0.0035769 0.0033027 0.0024713 0.0336347 0.0024764 0.0033032 0.0041553 
Laus_FOXP2       0.0070931 0.0008715 0.0023913 0.0074827 0.0070809 0.0078052 0.0078052 0.0101682 0.0031125 0.0063093 0.0059499 0.0352664 0.0008542 0.0007279 0.0074744 0.0013878 0.0014764 0.0013878 0.0035005 0.0034897 0.0034897 0.0075184 0.0006909 0.0013870 0.0006909 0.0006909 0.0282149 0.0013870 0.0021351 0.0034993 0.0024758 0.0000000 0.0038118 0.0024271 0.0014587 0.0006909 0.0007400 0.0008740 0.0009399 0.0013848 0.0020812 0.0010276 0.0014830 0.0020883 0.0012453 0.0014589 0.0013848 0.0008624 0.0027899 0.0020815 0.0013998 0.0014589 0.0027899 0.0027899 0.0390849 0.0013848 0.0013870 0.0428257 0.0045458 0.0049239 0.0021975 0.0013726 0.0027899 0.0042127 0.0042156 0.0027899 0.0024300 0.0021925 0.0023419 0.0013867 0.0013867 0.0007279 0.0031000 0.0013846 0.0020888 0.0031505 0.0020809 0.0013846 0.0387510 0.0013870 0.0020812 0.0029400 
Lbor_FOXP2       0.0101617 0.0029249 0.0044082 0.0099276 0.0101421 0.0109454 0.0109454 0.0136287 0.0060614 0.0087282 0.0090599 0.0336329 0.0026254 0.0032164 0.0107662 0.0038152 0.0032507 0.0038152 0.0061643 0.0061429 0.0061429 0.0099517 0.0030370 0.0038126 0.0030370 0.0030370 0.0310572 0.0038126 0.0023773 0.0053656 0.0036514 0.0038118 0.0000000 0.0049892 0.0040294 0.0030370 0.0030370 0.0029364 0.0038238 0.0038058 0.0045766 0.0022942 0.0038052 0.0045943 0.0038025 0.0040301 0.0038058 0.0038238 0.0053715 0.0045773 0.0030670 0.0040301 0.0053715 0.0053715 0.0376222 0.0038058 0.0030370 0.0462416 0.0054014 0.0077453 0.0048585 0.0016062 0.0053715 0.0069566 0.0069622 0.0053715 0.0037454 0.0048470 0.0052099 0.0038118 0.0038118 0.0032164 0.0046874 0.0038052 0.0038147 0.0048470 0.0045759 0.0038052 0.0385636 0.0030370 0.0045766 0.0032104 
Lhos30470_FOXP2  0.0082770 0.0029644 0.0035517 0.0082770 0.0082604 0.0091052 0.0091052 0.0118972 0.0036960 0.0074842 0.0074178 0.0308160 0.0017642 0.0016119 0.0091126 0.0024294 0.0024552 0.0024294 0.0049058 0.0040650 0.0040650 0.0091722 0.0016119 0.0024276 0.0016119 0.0016119 0.0297608 0.0024276 0.0036558 0.0040666 0.0027569 0.0024271 0.0049892 0.0000000 0.0008042 0.0016119 0.0016119 0.0021259 0.0019244 0.0024230 0.0032372 0.0023346 0.0024227 0.0032504 0.0025675 0.0024230 0.0024230 0.0019244 0.0040712 0.0032377 0.0024537 0.0024230 0.0040712 0.0040712 0.0360674 0.0024230 0.0016119 0.0438719 0.0057803 0.0065741 0.0032449 0.0015959 0.0040712 0.0057411 0.0057460 0.0040712 0.0037141 0.0016116 0.0018149 0.0024271 0.0024271 0.0016119 0.0015426 0.0008042 0.0024290 0.0024223 0.0016116 0.0008042 0.0348243 0.0016119 0.0016119 0.0032431 
Lhos452_FOXP2    0.0067089 0.0017473 0.0023871 0.0074696 0.0066968 0.0074561 0.0074561 0.0099337 0.0024656 0.0058346 0.0059397 0.0344284 0.0008526 0.0007267 0.0074614 0.0014599 0.0014739 0.0014599 0.0036839 0.0029316 0.0029316 0.0075052 0.0007267 0.0014590 0.0007267 0.0007267 0.0279474 0.0014590 0.0021300 0.0036826 0.0024713 0.0014587 0.0040294 0.0008042 0.0000000 0.0007267 0.0007812 0.0009320 0.0009380 0.0014565 0.0021892 0.0010252 0.0015658 0.0021972 0.0012419 0.0014565 0.0014565 0.0008608 0.0029356 0.0021895 0.0014732 0.0014565 0.0029356 0.0029356 0.0384135 0.0014565 0.0014590 0.0423251 0.0048045 0.0051832 0.0021939 0.0013726 0.0029356 0.0044342 0.0044373 0.0029356 0.0036574 0.0007266 0.0016512 0.0014587 0.0014587 0.0007267 0.0015426 0.0000010 0.0021977 0.0015655 0.0007266 0.0000010 0.0370506 0.0014590 0.0007267 0.0029352 
Lobl_FOXP2       0.0060316 0.0008715 0.0015878 0.0067089 0.0063500 0.0070692 0.0070692 0.0089099 0.0023254 0.0054984 0.0051866 0.0341399 0.0000010 0.0000010 0.0067015 0.0006915 0.0007354 0.0006915 0.0026474 0.0027820 0.0027820 0.0067407 0.0000010 0.0006911 0.0000010 0.0000010 0.0257503 0.0006911 0.0010618 0.0027896 0.0016437 0.0006909 0.0030370 0.0016119 0.0007267 0.0000000 0.0000010 0.0000010 0.0000010 0.0006900 0.0013826 0.0000010 0.0007388 0.0013874 0.0000010 0.0007268 0.0006900 0.0000010 0.0019786 0.0013828 0.0006975 0.0007268 0.0019786 0.0020851 0.0377347 0.0006900 0.0006560 0.0412584 0.0037736 0.0039889 0.0014596 0.0013726 0.0020851 0.0034982 0.0035005 0.0019786 0.0024300 0.0014563 0.0023419 0.0006909 0.0006909 0.0000010 0.0031000 0.0006899 0.0013876 0.0023537 0.0013824 0.0006899 0.0373579 0.0006911 0.0013124 0.0021969 
Lobs_FOXP2       0.0068246 0.0009516 0.0017128 0.0064093 0.0068121 0.0075847 0.0075847 0.0101083 0.0025128 0.0059471 0.0055842 0.0291889 0.0000010 0.0000010 0.0072178 0.0007407 0.0007913 0.0007407 0.0029903 0.0029815 0.0029815 0.0072634 0.0000010 0.0007402 0.0000010 0.0000010 0.0286060 0.0007402 0.0011773 0.0022317 0.0008870 0.0007400 0.0030370 0.0016119 0.0007812 0.0000010 0.0000000 0.0000010 0.0000010 0.0007389 0.0014808 0.0000010 0.0007388 0.0014863 0.0000010 0.0007813 0.0007389 0.0000010 0.0022339 0.0014810 0.0007474 0.0007813 0.0022339 0.0022339 0.0339997 0.0007389 0.0000010 0.0411228 0.0037736 0.0045096 0.0015696 0.0015711 0.0022339 0.0037507 0.0037533 0.0022339 0.0024300 0.0015658 0.0025319 0.0007400 0.0007400 0.0000010 0.0031000 0.0007388 0.0007405 0.0023537 0.0014806 0.0007388 0.0338613 0.0000010 0.0014808 0.0015688 
Lvex_FOXP2       0.0053345 0.0000010 0.0010398 0.0057066 0.0053232 0.0053232 0.0053232 0.0082238 0.0026305 0.0044243 0.0037746 0.0359400 0.0000010 0.0000010 0.0037756 0.0008749 0.0009435 0.0008749 0.0017527 0.0026305 0.0026305 0.0057230 0.0000010 0.0000010 0.0000010 0.0000010 0.0278210 0.0008742 0.0000010 0.0017593 0.0018809 0.0008740 0.0029364 0.0021259 0.0009320 0.0000010 0.0000010 0.0000000 0.0000010 0.0008724 0.0017491 0.0000010 0.0009524 0.0008745 0.0000010 0.0009322 0.0008724 0.0000010 0.0008723 0.0008724 0.0008817 0.0009322 0.0017522 0.0017522 0.0396075 0.0000010 0.0008742 0.0370615 0.0039043 0.0035338 0.0009322 0.0017287 0.0017522 0.0026442 0.0035366 0.0017522 0.0018908 0.0018689 0.0030577 0.0008740 0.0008740 0.0000010 0.0040192 0.0008723 0.0017572 0.0030892 0.0017488 0.0008723 0.0351284 0.0008742 0.0017491 0.0028238 
Mbid_FOXP2       0.0077390 0.0011908 0.0010428 0.0077390 0.0077209 0.0087088 0.0087088 0.0119823 0.0022005 0.0067052 0.0067367 0.0238952 0.0000010 0.0000010 0.0077085 0.0009410 0.0009533 0.0009410 0.0028511 0.0028393 0.0028393 0.0087837 0.0000010 0.0009402 0.0000010 0.0000010 0.0253405 0.0009402 0.0011773 0.0028406 0.0010929 0.0009399 0.0038238 0.0019244 0.0009380 0.0000010 0.0000010 0.0000010 0.0000000 0.0000010 0.0009380 0.0000010 0.0000010 0.0018912 0.0000010 0.0000010 0.0000010 0.0000010 0.0018912 0.0009381 0.0000010 0.0000010 0.0028443 0.0028443 0.0286320 0.0009381 0.0000010 0.0373755 0.0028630 0.0057542 0.0018876 0.0023371 0.0028443 0.0047833 0.0038116 0.0028443 0.0032690 0.0018821 0.0033443 0.0000010 0.0000010 0.0000010 0.0031000 0.0009380 0.0009408 0.0018821 0.0018821 0.0009380 0.0283475 0.0000010 0.0009380 0.0009399 
Mbow_FOXP2       0.0070823 0.0017476 0.0023874 0.0074707 0.0070702 0.0077933 0.0077933 0.0101522 0.0031075 0.0062988 0.0059406 0.0334529 0.0008527 0.0007268 0.0074625 0.0013859 0.0014741 0.0013859 0.0034954 0.0034846 0.0034846 0.0075063 0.0006900 0.0013850 0.0006900 0.0006900 0.0264780 0.0013850 0.0010618 0.0034942 0.0024717 0.0013848 0.0038058 0.0024230 0.0014565 0.0006900 0.0007389 0.0008724 0.0000010 0.0000000 0.0006900 0.0000010 0.0014808 0.0020854 0.0000010 0.0000010 0.0000010 0.0000010 0.0027859 0.0006901 0.0000010 0.0000010 0.0027859 0.0027859 0.0372169 0.0013828 0.0013850 0.0409146 0.0045386 0.0049167 0.0021942 0.0027569 0.0027859 0.0042066 0.0042094 0.0027859 0.0036583 0.0021892 0.0031299 0.0013848 0.0013848 0.0007268 0.0031000 0.0013826 0.0020858 0.0031454 0.0020780 0.0013826 0.0368975 0.0013850 0.0020782 0.0014616 
Mcar_FOXP2       0.0078068 0.0026289 0.0031903 0.0082346 0.0077933 0.0085183 0.0085183 0.0094082 0.0038926 0.0071019 0.0066968 0.0343179 0.0017094 0.0014565 0.0082255 0.0020829 0.0022158 0.0020829 0.0042027 0.0041896 0.0041896 0.0082740 0.0013826 0.0020816 0.0013826 0.0013826 0.0273147 0.0020816 0.0021300 0.0042012 0.0033032 0.0020812 0.0045766 0.0032372 0.0021892 0.0013826 0.0014808 0.0017491 0.0009380 0.0006900 0.0000000 0.0010252 0.0022257 0.0027859 0.0012419 0.0007268 0.0006900 0.0008608 0.0034892 0.0013828 0.0006975 0.0007268 0.0034892 0.0034892 0.0381029 0.0020782 0.0020816 0.0418159 0.0053063 0.0056300 0.0029316 0.0027569 0.0034892 0.0049172 0.0049206 0.0034892 0.0036583 0.0029249 0.0031299 0.0020812 0.0020812 0.0014565 0.0031000 0.0020780 0.0027865 0.0039411 0.0027759 0.0020780 0.0377770 0.0020816 0.0027763 0.0021969 
Mden_FOXP2       0.0063211 0.0013351 0.0010279 0.0073966 0.0052369 0.0063039 0.0063039 0.0109129 0.0000010 0.0049360 0.0052369 0.0307241 0.0000010 0.0000010 0.0062942 0.0010288 0.0010427 0.0010288 0.0020673 0.0010283 0.0010283 0.0074466 0.0000010 0.0010279 0.0000010 0.0000010 0.0178391 0.0010279 0.0010618 0.0031056 0.0012116 0.0010276 0.0022942 0.0023346 0.0010252 0.0000010 0.0000010 0.0000010 0.0000010 0.0000010 0.0010252 0.0000000 0.0000010 0.0020673 0.0000010 0.0000010 0.0000010 0.0000010 0.0020673 0.0010254 0.0000010 0.0000010 0.0031101 0.0031101 0.0334805 0.0010254 0.0010279 0.0403279 0.0022839 0.0052151 0.0020630 0.0019230 0.0031101 0.0041606 0.0031101 0.0031101 0.0032690 0.0010252 0.0024702 0.0000010 0.0000010 0.0000010 0.0035280 0.0010252 0.0020680 0.0011323 0.0010252 0.0010252 0.0328407 0.0010279 0.0010252 0.0010279 
Meur_FOXP2       0.0075987 0.0019083 0.0025751 0.0072263 0.0075847 0.0083604 0.0083604 0.0109072 0.0033580 0.0068128 0.0063960 0.0300840 0.0008526 0.0007812 0.0080374 0.0014843 0.0015860 0.0014843 0.0037469 0.0037345 0.0037345 0.0080883 0.0007388 0.0014834 0.0007388 0.0007388 0.0295139 0.0014834 0.0011773 0.0029826 0.0017795 0.0014830 0.0038052 0.0024227 0.0015658 0.0007388 0.0007388 0.0009524 0.0000010 0.0014808 0.0022257 0.0000010 0.0000000 0.0022339 0.0000010 0.0015660 0.0014808 0.0000010 0.0029846 0.0022260 0.0014977 0.0015660 0.0029846 0.0029846 0.0349209 0.0014808 0.0007388 0.0420843 0.0045380 0.0052721 0.0023595 0.0031572 0.0029846 0.0045102 0.0045134 0.0029846 0.0036574 0.0023537 0.0033837 0.0014830 0.0014830 0.0007812 0.0031000 0.0014806 0.0014841 0.0031449 0.0022253 0.0014806 0.0347829 0.0007388 0.0022257 0.0023582 
Mgin_FOXP2       0.0078347 0.0017518 0.0032031 0.0082669 0.0078221 0.0085500 0.0085500 0.0109397 0.0039079 0.0063128 0.0067226 0.0362510 0.0017167 0.0014618 0.0082578 0.0020901 0.0022239 0.0020901 0.0042176 0.0042045 0.0042045 0.0083066 0.0013874 0.0020888 0.0013874 0.0013874 0.0291434 0.0013879 0.0032224 0.0042161 0.0024772 0.0020883 0.0045943 0.0032504 0.0021972 0.0013874 0.0014863 0.0008745 0.0018912 0.0020854 0.0027859 0.0020673 0.0022339 0.0000000 0.0025082 0.0021975 0.0020854 0.0017334 0.0035015 0.0027863 0.0021081 0.0021975 0.0035015 0.0035015 0.0391355 0.0020854 0.0020888 0.0438816 0.0053268 0.0056503 0.0029423 0.0013726 0.0035015 0.0049348 0.0049382 0.0035015 0.0049249 0.0029356 0.0039364 0.0020883 0.0020883 0.0014618 0.0046925 0.0020851 0.0027962 0.0039558 0.0027856 0.0020851 0.0388006 0.0020888 0.0027859 0.0036906 
MgraAUS_FOXP2    0.0076525 0.0000010 0.0000010 0.0076525 0.0063338 0.0063338 0.0063338 0.0132910 0.0024933 0.0062015 0.0063338 0.0278089 0.0000010 0.0000010 0.0050355 0.0012471 0.0012623 0.0012471 0.0025091 0.0024933 0.0024933 0.0089937 0.0000010 0.0012457 0.0000010 0.0000010 0.0250870 0.0012457 0.0000010 0.0024933 0.0000010 0.0012453 0.0038025 0.0025675 0.0012419 0.0000010 0.0000010 0.0000010 0.0000010 0.0000010 0.0012419 0.0000010 0.0000010 0.0025082 0.0000000 0.0000010 0.0000010 0.0000010 0.0012463 0.0012422 0.0000010 0.0000010 0.0037752 0.0037752 0.0312153 0.0012422 0.0000010 0.0344834 0.0025137 0.0050360 0.0025018 0.0036007 0.0037752 0.0050360 0.0037752 0.0037752 0.0043305 0.0012419 0.0030971 0.0000010 0.0000010 0.0000010 0.0040192 0.0012419 0.0012468 0.0012419 0.0012419 0.0012419 0.0260186 0.0000010 0.0012419 0.0012453 
Mhec_FOXP2       0.0067098 0.0017476 0.0023874 0.0074707 0.0066978 0.0074572 0.0074572 0.0099352 0.0024660 0.0058356 0.0059406 0.0326130 0.0008527 0.0007268 0.0074625 0.0014601 0.0014741 0.0014601 0.0036844 0.0029320 0.0029320 0.0075063 0.0007268 0.0014592 0.0007268 0.0007268 0.0261864 0.0014592 0.0010618 0.0036831 0.0024717 0.0014589 0.0040301 0.0024230 0.0014565 0.0007268 0.0007813 0.0009322 0.0000010 0.0000010 0.0007268 0.0000010 0.0015660 0.0021975 0.0000010 0.0000000 0.0000010 0.0000010 0.0029360 0.0007269 0.0000010 0.0000010 0.0029360 0.0029360 0.0365515 0.0014567 0.0014592 0.0404295 0.0048052 0.0051839 0.0021942 0.0027569 0.0029360 0.0044348 0.0044379 0.0029360 0.0036583 0.0021892 0.0033205 0.0014589 0.0014589 0.0007268 0.0031000 0.0014565 0.0021980 0.0031454 0.0021892 0.0014565 0.0352148 0.0014592 0.0021895 0.0014616 
MlayAUS_FOXP2    0.0070823 0.0017476 0.0023874 0.0074707 0.0070702 0.0077933 0.0077933 0.0101522 0.0031075 0.0062988 0.0059406 0.0334529 0.0008527 0.0007268 0.0074625 0.0013859 0.0014741 0.0013859 0.0034954 0.0034846 0.0034846 0.0075063 0.0006900 0.0013850 0.0006900 0.0006900 0.0264780 0.0013850 0.0010618 0.0034942 0.0024717 0.0013848 0.0038058 0.0024230 0.0014565 0.0006900 0.0007389 0.0008724 0.0000010 0.0000010 0.0006900 0.0000010 0.0014808 0.0020854 0.0000010 0.0000010 0.0000000 0.0000010 0.0027859 0.0006901 0.0000010 0.0000010 0.0027859 0.0027859 0.0372169 0.0013828 0.0013850 0.0409146 0.0045386 0.0049167 0.0021942 0.0027569 0.0027859 0.0042066 0.0042094 0.0027859 0.0036583 0.0021892 0.0031299 0.0013848 0.0013848 0.0007268 0.0031000 0.0013826 0.0020858 0.0031454 0.0020780 0.0013826 0.0368975 0.0013850 0.0020782 0.0014616 
