92
Bacu_HTT         0.0000000 0.0495439 0.0354565 0.0031851 0.0097632 0.0093580 0.0110271 0.0114581 0.0139059 0.0103898 0.0113247 0.1621195 0.0481011 0.1562801 0.0313176 0.0140754 0.0394761 0.0335325 0.0336941 0.0336295 0.0320182 0.0125211 0.0175807 0.0138169 0.0108929 0.0478301 0.0321360 0.0376835 0.0317866 0.0298846 0.0939923 0.0304910 0.0392405 0.0381464 0.0345109 0.0426485 0.0314574 0.0341382 0.0330520 0.0320420 0.0325555 0.0307129 0.0315071 0.0556861 0.0350176 0.0310582 0.0433559 0.0485338 0.0283216 0.0314978 0.0262416 0.0316221 0.0289272 0.0314269 0.0313725 0.0162578 0.0303847 0.0305298 0.0313564 0.0481038 0.0337900 0.1751925 0.0304213 0.0315882 0.0322907 0.0343398 0.0300380 0.0389746 0.0337422 0.0304698 0.0339949 0.0401661 0.0318096 0.0330189 0.0467237 0.0324733 0.0349052 0.0331030 0.0330171 0.0352576 0.0605482 0.0319156 0.0355700 0.0330960 0.0337459 0.0340291 0.0317696 0.0330520 0.0339662 0.0298917 0.0337005 0.0310893 
Barn_HTT         0.0495439 0.0000000 0.0183304 0.0497196 0.0502061 0.0486618 0.0488428 0.0503508 0.0425654 0.0498306 0.0466241 0.2241736 0.0218889 0.2087931 0.0454421 0.0470192 0.0636709 0.0411681 0.0443105 0.0425041 0.0415748 0.0417149 0.0407562 0.0424129 0.0475576 0.0433355 0.0429306 0.0602895 0.0411749 0.0257961 0.1217602 0.0418627 0.0621111 0.0564215 0.0472623 0.0627577 0.0433661 0.0386620 0.0415103 0.0434212 0.0424711 0.0419024 0.0431834 0.0454306 0.0361216 0.0274748 0.0557831 0.0075147 0.0272654 0.0277091 0.0314242 0.0260414 0.0275202 0.0259379 0.0415784 0.0601477 0.0270293 0.0271736 0.0254857 0.0436562 0.0441123 0.2234694 0.0426095 0.0414473 0.0426884 0.0494212 0.0442112 0.0442702 0.0449142 0.0437971 0.0499498 0.0342873 0.0431328 0.0433472 0.0256240 0.0425671 0.0436839 0.0416134 0.0429147 0.0433380 0.0222037 0.0416919 0.0438020 0.0412683 0.0423927 0.0424567 0.0428225 0.0445220 0.0447063 0.0281599 0.0426607 0.0275130 
Bbai76728_HTT    0.0354565 0.0183304 0.0000000 0.0340539 0.0270200 0.0277533 0.0277833 0.0370830 0.0295511 0.0348975 0.0276092 0.1815228 0.0432828 0.1742811 0.0263538 0.0273548 0.0355478 0.0314737 0.0274540 0.0266924 0.0299358 0.0264033 0.0251314 0.0252596 0.0278992 0.0455210 0.0273201 0.0331351 0.0295432 0.0077398 0.1025245 0.0261070 0.0357015 0.0347526 0.0290546 0.0386350 0.0264473 0.0264820 0.0317387 0.0257596 0.0317916 0.0246459 0.0260705 0.0373701 0.0133735 0.0084956 0.0222429 0.0207181 0.0090338 0.0086297 0.0081690 0.0097941 0.0089462 0.0084908 0.0299367 0.0431192 0.0098981 0.0091613 0.0090829 0.0326934 0.0323875 0.1960721 0.0252527 0.0293974 0.0317416 0.0279135 0.0249550 0.0306032 0.0281478 0.0254486 0.0352777 0.0351035 0.0260033 0.0331058 0.0408088 0.0258649 0.0265175 0.0321435 0.0260586 0.0299591 0.0571708 0.0310672 0.0280966 0.0252895 0.0264090 0.0267954 0.0268729 0.0278148 0.0325781 0.0103673 0.0322501 0.0092373 
BbonAUS_HTT      0.0031851 0.0497196 0.0340539 0.0000000 0.0090883 0.0087006 0.0089356 0.0108590 0.0122403 0.0102623 0.0100769 0.1687887 0.0438670 0.1614586 0.0280035 0.0134634 0.0375860 0.0298812 0.0313097 0.0306507 0.0293317 0.0108155 0.0154933 0.0117210 0.0105424 0.0471880 0.0294700 0.0349184 0.0288612 0.0275725 0.0937692 0.0278526 0.0379166 0.0380366 0.0303818 0.0409798 0.0282853 0.0294471 0.0291119 0.0275229 0.0301208 0.0268784 0.0281958 0.0351969 0.0342499 0.0295291 0.0427495 0.0480548 0.0283582 0.0300181 0.0252504 0.0310849 0.0293927 0.0301393 0.0286884 0.0166033 0.0297432 0.0296675 0.0299575 0.0301630 0.0307626 0.1811676 0.0277001 0.0277385 0.0297875 0.0318116 0.0262383 0.0311139 0.0297009 0.0268292 0.0342421 0.0403868 0.0265572 0.0302546 0.0449157 0.0282412 0.0311268 0.0296473 0.0301187 0.0326549 0.0583781 0.0291193 0.0319130 0.0293318 0.0295656 0.0305049 0.0287782 0.0305668 0.0311074 0.0283382 0.0308539 0.0298404 
Bbor_HTT         0.0097632 0.0502061 0.0270200 0.0090883 0.0000000 0.0023597 0.0026143 0.0070454 0.0105096 0.0084311 0.0102429 0.1547947 0.0448015 0.1535735 0.0256407 0.0119185 0.0258210 0.0268080 0.0271729 0.0272367 0.0238239 0.0090887 0.0099436 0.0115425 0.0093945 0.0440589 0.0255193 0.0236374 0.0228246 0.0257719 0.0894179 0.0265293 0.0333651 0.0325450 0.0280134 0.0259245 0.0241701 0.0260101 0.0242361 0.0253432 0.0246315 0.0254830 0.0244843 0.0446572 0.0319161 0.0270651 0.0266956 0.0383960 0.0246069 0.0259374 0.0233784 0.0277438 0.0256437 0.0272554 0.0233297 0.0158904 0.0263983 0.0267458 0.0263838 0.0383014 0.0260526 0.1701342 0.0241937 0.0245566 0.0244627 0.0267383 0.0244481 0.0300794 0.0266491 0.0246818 0.0269318 0.0321467 0.0252649 0.0251357 0.0450221 0.0257958 0.0267234 0.0255309 0.0243072 0.0287827 0.0570289 0.0246663 0.0281174 0.0259637 0.0257451 0.0258319 0.0243359 0.0256592 0.0261954 0.0258890 0.0254760 0.0269135 
Bede66737_HTT    0.0093580 0.0486618 0.0277533 0.0087006 0.0023597 0.0000000 0.0019316 0.0070445 0.0108435 0.0084465 0.0097646 0.1574925 0.0434969 0.1523400 0.0250238 0.0113870 0.0248583 0.0279664 0.0285225 0.0282388 0.0251903 0.0084047 0.0098907 0.0112673 0.0090728 0.0419929 0.0261754 0.0229264 0.0242144 0.0248120 0.0877498 0.0256477 0.0327196 0.0333489 0.0282645 0.0270304 0.0257244 0.0256703 0.0257644 0.0258625 0.0261280 0.0244250 0.0240254 0.0485250 0.0331551 0.0276066 0.0258788 0.0401327 0.0254670 0.0273932 0.0223169 0.0291439 0.0264660 0.0278485 0.0245559 0.0157129 0.0275505 0.0278548 0.0285790 0.0394658 0.0272853 0.1710710 0.0250739 0.0257967 0.0259555 0.0284535 0.0235595 0.0296942 0.0274506 0.0236293 0.0281810 0.0360464 0.0246989 0.0263019 0.0446398 0.0250545 0.0281564 0.0262242 0.0256467 0.0300578 0.0592349 0.0263647 0.0294070 0.0269700 0.0265006 0.0272197 0.0256607 0.0269811 0.0273175 0.0258076 0.0267795 0.0275913 
BedeAUS_HTT      0.0110271 0.0488428 0.0277833 0.0089356 0.0026143 0.0019316 0.0000000 0.0080194 0.0121961 0.0098908 0.0098811 0.1532812 0.0426525 0.1553371 0.0269101 0.0105745 0.0265279 0.0279740 0.0299478 0.0283894 0.0267346 0.0090114 0.0105406 0.0119543 0.0087958 0.0455808 0.0276012 0.0233612 0.0265498 0.0261858 0.0892347 0.0261014 0.0340697 0.0330086 0.0275968 0.0289943 0.0256027 0.0263137 0.0267169 0.0248673 0.0282147 0.0261241 0.0264607 0.0546853 0.0324282 0.0281376 0.0260298 0.0405245 0.0262337 0.0275164 0.0219477 0.0296647 0.0268697 0.0282934 0.0260738 0.0173294 0.0275597 0.0271560 0.0281755 0.0448615 0.0291014 0.1643607 0.0263044 0.0255261 0.0276841 0.0290654 0.0241222 0.0305803 0.0272749 0.0256955 0.0311847 0.0369113 0.0259897 0.0278930 0.0438072 0.0252249 0.0286134 0.0283665 0.0264007 0.0302349 0.0599653 0.0269420 0.0295161 0.0274728 0.0291412 0.0268036 0.0258687 0.0288379 0.0270556 0.0275720 0.0287283 0.0265523 
Bmus_HTT         0.0114581 0.0503508 0.0370830 0.0108590 0.0070454 0.0070445 0.0080194 0.0000000 0.0134257 0.0092528 0.0092574 0.1599655 0.0492833 0.1558631 0.0316298 0.0137634 0.0388453 0.0328891 0.0343267 0.0336140 0.0313671 0.0123695 0.0175670 0.0140899 0.0095004 0.0472996 0.0321092 0.0375045 0.0306372 0.0301801 0.0927156 0.0300899 0.0393722 0.0384441 0.0346120 0.0422897 0.0320589 0.0335919 0.0325844 0.0315481 0.0316520 0.0303939 0.0319817 0.0549691 0.0347495 0.0311827 0.0441003 0.0494854 0.0292747 0.0312632 0.0264085 0.0321170 0.0295576 0.0309955 0.0309738 0.0153857 0.0303384 0.0314654 0.0316135 0.0484379 0.0337755 0.1720629 0.0307149 0.0321588 0.0319068 0.0328738 0.0297242 0.0398177 0.0329769 0.0301364 0.0329616 0.0403929 0.0317783 0.0328683 0.0472953 0.0319957 0.0339435 0.0326292 0.0333171 0.0353804 0.0622659 0.0318884 0.0357100 0.0330522 0.0335829 0.0332346 0.0318757 0.0330358 0.0334510 0.0301853 0.0330444 0.0321284 
Bmys_HTT         0.0139059 0.0425654 0.0295511 0.0122403 0.0105096 0.0108435 0.0121961 0.0134257 0.0000000 0.0103716 0.0125852 0.1617744 0.0406675 0.1553637 0.0254372 0.0121949 0.0323800 0.0270422 0.0264837 0.0267991 0.0255532 0.0033246 0.0071481 0.0042336 0.0093092 0.0422746 0.0261080 0.0326491 0.0250536 0.0242635 0.0882999 0.0227555 0.0326127 0.0319271 0.0294766 0.0367374 0.0254736 0.0262040 0.0258364 0.0252669 0.0263228 0.0251000 0.0244179 0.0387305 0.0238011 0.0241675 0.0365732 0.0403507 0.0226549 0.0261974 0.0189382 0.0256705 0.0232646 0.0248793 0.0250398 0.0164655 0.0245552 0.0247467 0.0266256 0.0350482 0.0268306 0.1746669 0.0243544 0.0257221 0.0261832 0.0274848 0.0244976 0.0301833 0.0279080 0.0251242 0.0276574 0.0317906 0.0258113 0.0269244 0.0388514 0.0262352 0.0270366 0.0264133 0.0269720 0.0284832 0.0505054 0.0252766 0.0290773 0.0258982 0.0269582 0.0268961 0.0253040 0.0261918 0.0260379 0.0242900 0.0265478 0.0256799 
Bphy_HTT         0.0103898 0.0498306 0.0348975 0.0102623 0.0084311 0.0084465 0.0098908 0.0092528 0.0103716 0.0000000 0.0008992 0.1551588 0.0439499 0.1460856 0.0256218 0.0124573 0.0249636 0.0276600 0.0276509 0.0283790 0.0273910 0.0099479 0.0154401 0.0110851 0.0081443 0.0445672 0.0276855 0.0243415 0.0262877 0.0268522 0.0920775 0.0271438 0.0342821 0.0334243 0.0293294 0.0288021 0.0272893 0.0281449 0.0274586 0.0263346 0.0277093 0.0253799 0.0260558 0.0334566 0.0333009 0.0278886 0.0274728 0.0480925 0.0259522 0.0290278 0.0218497 0.0278774 0.0271088 0.0295574 0.0270826 0.0115166 0.0274525 0.0292211 0.0299885 0.0291582 0.0294263 0.1645363 0.0256622 0.0270248 0.0271352 0.0305704 0.0243138 0.0332466 0.0294273 0.0250327 0.0306116 0.0381421 0.0270572 0.0291154 0.0419796 0.0264759 0.0290361 0.0273311 0.0282365 0.0303107 0.0567042 0.0265344 0.0306220 0.0269047 0.0277989 0.0277106 0.0267534 0.0272561 0.0281340 0.0277134 0.0286833 0.0293693 
Bphy_baits_HTT   0.0113247 0.0466241 0.0276092 0.0100769 0.0102429 0.0097646 0.0098811 0.0092574 0.0125852 0.0008992 0.0000000 0.1522109 0.0408833 0.1518984 0.0253828 0.0128858 0.0344087 0.0257239 0.0267020 0.0262862 0.0248146 0.0103689 0.0119734 0.0124386 0.0091525 0.0446161 0.0257451 0.0327684 0.0241995 0.0264219 0.0923725 0.0288962 0.0370456 0.0338323 0.0279063 0.0371659 0.0235914 0.0265930 0.0247664 0.0245526 0.0253066 0.0248693 0.0254035 0.0477488 0.0324781 0.0274873 0.0430731 0.0401154 0.0258841 0.0270942 0.0219593 0.0274598 0.0258007 0.0288152 0.0244829 0.0108334 0.0276084 0.0274614 0.0265791 0.0390383 0.0261221 0.1666285 0.0239970 0.0241158 0.0249761 0.0287841 0.0240676 0.0306621 0.0273776 0.0247767 0.0317496 0.0356369 0.0264362 0.0259548 0.0423788 0.0260332 0.0258197 0.0257833 0.0253071 0.0281597 0.0543217 0.0251445 0.0285479 0.0247323 0.0264453 0.0258315 0.0235895 0.0263622 0.0253129 0.0260259 0.0272243 0.0271120 
Btau_HTT         0.1621195 0.2241736 0.1815228 0.1687887 0.1547947 0.1574925 0.1532812 0.1599655 0.1617744 0.1551588 0.1522109 0.0000000 0.2147169 0.0685357 0.1678644 0.1591380 0.1803930 0.1756060 0.1748932 0.1747359 0.1660424 0.1658494 0.1697808 0.1642351 0.1713615 0.1997450 0.1650387 0.1770091 0.1632577 0.1691805 0.1780472 0.1681674 0.1791037 0.1779206 0.1755039 0.1803081 0.1675044 0.1710580 0.1687910 0.1658189 0.1640706 0.1660001 0.1685380 0.2127015 0.1841677 0.1668566 0.2024280 0.2245897 0.1705230 0.1635462 0.1825392 0.1715718 0.1786930 0.1775631 0.1656359 0.1736075 0.1677496 0.1740385 0.1738855 0.1997201 0.1698371 0.0550355 0.1693318 0.1698671 0.1661537 0.1753505 0.1632418 0.1787272 0.1714093 0.1637889 0.1644792 0.1806326 0.1658577 0.1652035 0.1982543 0.1677108 0.1793412 0.1697796 0.1669416 0.1714157 0.2498549 0.1688759 0.1757647 0.1706330 0.1690027 0.1692823 0.1698546 0.1657053 0.1706672 0.1734357 0.1640745 0.1850025 
Ccom40_HTT       0.0481011 0.0218889 0.0432828 0.0438670 0.0448015 0.0434969 0.0426525 0.0492833 0.0406675 0.0439499 0.0408833 0.2147169 0.0000000 0.2042732 0.0147268 0.0420390 0.0327019 0.0199599 0.0206638 0.0199393 0.0229713 0.0404795 0.0398651 0.0415387 0.0432097 0.0437349 0.0183968 0.0280644 0.0171543 0.0431975 0.1171144 0.0319081 0.0559748 0.0499704 0.0223948 0.0344420 0.0135401 0.0110500 0.0168338 0.0190748 0.0135785 0.0143810 0.0144844 0.0376386 0.0490402 0.0445162 0.0656853 0.0257869 0.0404349 0.0460199 0.0478007 0.0434304 0.0436154 0.0437167 0.0229242 0.0555672 0.0434291 0.0449929 0.0417323 0.0253729 0.0255809 0.2328303 0.0177145 0.0172567 0.0177052 0.0399720 0.0192488 0.0236480 0.0260354 0.0194386 0.0450715 0.0333071 0.0255318 0.0254331 0.0109410 0.0194902 0.0202258 0.0181661 0.0188603 0.0229081 0.0067277 0.0194122 0.0199518 0.0177802 0.0178331 0.0199425 0.0188909 0.0202810 0.0184794 0.0420411 0.0182462 0.0416769 
Cela_HTT         0.1562801 0.2087931 0.1742811 0.1614586 0.1535735 0.1523400 0.1553371 0.1558631 0.1553637 0.1460856 0.1518984 0.0685357 0.2042732 0.0000000 0.1575473 0.1575799 0.1719159 0.1709551 0.1630198 0.1679592 0.1595908 0.1586560 0.1678931 0.1557035 0.1614014 0.1950576 0.1611748 0.1731320 0.1575262 0.1627761 0.1615215 0.1653450 0.1687862 0.1679412 0.1679336 0.1751327 0.1584926 0.1647053 0.1654822 0.1639375 0.1576291 0.1601729 0.1581494 0.2064043 0.1821462 0.1642954 0.1931627 0.2104996 0.1643903 0.1635445 0.1726341 0.1680268 0.1739833 0.1683706 0.1588360 0.1650996 0.1633771 0.1682088 0.1696546 0.1869647 0.1579024 0.0749210 0.1605682 0.1625140 0.1594339 0.1682014 0.1600202 0.1772298 0.1652933 0.1592525 0.1568346 0.1724568 0.1639803 0.1587242 0.1864801 0.1658187 0.1715812 0.1665198 0.1588507 0.1690016 0.2327868 0.1622629 0.1702423 0.1655014 0.1662671 0.1669820 0.1623526 0.1587521 0.1693238 0.1707873 0.1586640 0.1755586 
Chea7320_HTT     0.0313176 0.0454421 0.0263538 0.0280035 0.0256407 0.0250238 0.0269101 0.0316298 0.0254372 0.0256218 0.0253828 0.1678644 0.0147268 0.1575473 0.0000000 0.0243771 0.0066371 0.0069613 0.0072525 0.0075971 0.0103350 0.0240656 0.0248891 0.0254456 0.0255193 0.0210902 0.0059755 0.0044696 0.0042436 0.0259864 0.0932732 0.0173594 0.0357544 0.0331477 0.0107829 0.0083063 0.0008783 0.0021326 0.0051058 0.0067840 0.0019068 0.0023439 0.0017834 0.0281861 0.0311675 0.0279110 0.0293815 0.0403311 0.0245421 0.0280126 0.0250544 0.0280254 0.0272798 0.0274650 0.0103180 0.0333206 0.0273097 0.0277031 0.0266117 0.0118580 0.0116760 0.1799509 0.0046694 0.0051030 0.0067517 0.0232036 0.0052962 0.0149779 0.0124434 0.0053017 0.0292765 0.0321031 0.0112923 0.0112001 0.0260162 0.0062107 0.0062356 0.0048127 0.0046531 0.0088568 0.0317277 0.0062442 0.0072061 0.0046313 0.0055322 0.0066903 0.0058077 0.0060666 0.0057157 0.0246558 0.0060556 0.0265878 
Cmar59905_HTT    0.0140754 0.0470192 0.0273548 0.0134634 0.0119185 0.0113870 0.0105745 0.0137634 0.0121949 0.0124573 0.0128858 0.1591380 0.0420390 0.1575799 0.0243771 0.0000000 0.0244968 0.0263834 0.0280605 0.0269133 0.0254348 0.0103698 0.0111734 0.0116696 0.0121305 0.0436286 0.0262002 0.0231380 0.0255476 0.0249310 0.0899291 0.0256761 0.0318880 0.0330075 0.0274818 0.0271890 0.0257145 0.0261824 0.0263582 0.0241657 0.0265228 0.0236151 0.0251012 0.0482298 0.0326246 0.0264503 0.0260030 0.0402868 0.0251541 0.0262157 0.0222765 0.0286054 0.0267489 0.0284762 0.0248084 0.0192949 0.0273594 0.0271230 0.0269864 0.0404757 0.0270613 0.1721368 0.0242739 0.0245677 0.0268188 0.0274568 0.0235762 0.0282146 0.0261391 0.0239942 0.0288592 0.0340401 0.0237368 0.0266880 0.0418832 0.0247456 0.0277747 0.0260417 0.0264556 0.0290789 0.0577926 0.0261086 0.0282346 0.0270350 0.0267606 0.0272260 0.0263277 0.0268366 0.0266192 0.0254579 0.0270014 0.0270950 
Dcap108471_HTT   0.0394761 0.0636709 0.0355478 0.0375860 0.0258210 0.0248583 0.0265279 0.0388453 0.0323800 0.0249636 0.0344087 0.1803930 0.0327019 0.1719159 0.0066371 0.0244968 0.0000000 0.0085230 0.0090067 0.0093181 0.0181037 0.0324185 0.0325920 0.0247585 0.0352545 0.0207324 0.0135550 0.0045954 0.0116091 0.0340514 0.1086730 0.0275117 0.0444323 0.0442256 0.0192941 0.0069779 0.0057207 0.0154935 0.0102574 0.0022818 0.0128464 0.0137003 0.0143447 0.0512821 0.0413197 0.0272600 0.0356510 0.0540843 0.0329888 0.0268809 0.0412716 0.0376551 0.0357393 0.0380764 0.0176671 0.0392675 0.0267017 0.0369602 0.0348299 0.0313494 0.0188927 0.1934864 0.0115702 0.0121913 0.0132683 0.0316629 0.0052203 0.0327055 0.0205606 0.0052762 0.0377280 0.0336274 0.0199890 0.0192474 0.0379466 0.0102651 0.0126917 0.0125524 0.0049443 0.0137119 0.0523035 0.0091316 0.0115371 0.0035462 0.0105923 0.0102801 0.0017520 0.0026536 0.0110617 0.0311816 0.0102173 0.0360527 
Dcap79929_HTT    0.0335325 0.0411681 0.0314737 0.0298812 0.0268080 0.0279664 0.0279740 0.0328891 0.0270422 0.0276600 0.0257239 0.1756060 0.0199599 0.1709551 0.0069613 0.0263834 0.0085230 0.0000000 0.0012630 0.0012060 0.0118930 0.0242351 0.0309741 0.0275059 0.0286504 0.0219021 0.0061835 0.0127081 0.0049157 0.0264200 0.1010325 0.0168773 0.0375137 0.0356341 0.0101101 0.0152532 0.0059030 0.0059784 0.0032031 0.0020662 0.0062304 0.0061436 0.0061742 0.0423592 0.0291835 0.0275858 0.0427223 0.0475351 0.0236015 0.0280299 0.0225730 0.0273137 0.0268004 0.0275953 0.0113438 0.0363822 0.0277821 0.0283623 0.0267931 0.0249665 0.0124517 0.1875923 0.0038533 0.0045632 0.0061001 0.0213270 0.0055893 0.0150693 0.0130769 0.0055614 0.0321168 0.0347273 0.0113435 0.0132643 0.0248491 0.0037811 0.0039059 0.0047971 0.0054406 0.0061179 0.0267897 0.0022968 0.0038361 0.0040233 0.0031276 0.0029312 0.0021645 0.0032387 0.0035442 0.0237352 0.0036034 0.0259497 
DdelSJR_HTT      0.0336941 0.0443105 0.0274540 0.0313097 0.0271729 0.0285225 0.0299478 0.0343267 0.0264837 0.0276509 0.0267020 0.1748932 0.0206638 0.1630198 0.0072525 0.0280605 0.0090067 0.0012630 0.0000000 0.0009726 0.0128878 0.0243362 0.0261505 0.0273765 0.0289551 0.0227117 0.0065726 0.0133708 0.0051628 0.0260260 0.0978812 0.0181929 0.0380268 0.0369262 0.0118749 0.0156036 0.0066513 0.0072653 0.0038867 0.0034380 0.0067826 0.0070288 0.0063816 0.0240048 0.0318794 0.0283599 0.0431363 0.0414630 0.0245929 0.0283960 0.0240517 0.0283731 0.0266893 0.0287644 0.0120378 0.0364232 0.0288770 0.0288207 0.0279006 0.0145340 0.0136676 0.1837458 0.0044468 0.0050315 0.0069152 0.0226150 0.0060812 0.0154898 0.0138618 0.0060239 0.0317035 0.0351333 0.0124549 0.0140137 0.0266252 0.0042675 0.0042923 0.0052438 0.0053637 0.0069117 0.0267890 0.0023677 0.0045027 0.0042344 0.0037520 0.0037140 0.0024579 0.0033560 0.0041299 0.0242614 0.0035532 0.0268262 
Ddeltrop4525_HTT 0.0336295 0.0425041 0.0266924 0.0306507 0.0272367 0.0282388 0.0283894 0.0336140 0.0267991 0.0283790 0.0262862 0.1747359 0.0199393 0.1679592 0.0075971 0.0269133 0.0093181 0.0012060 0.0009726 0.0000000 0.0115105 0.0237670 0.0263450 0.0275885 0.0287149 0.0226942 0.0064046 0.0133845 0.0054566 0.0261462 0.1004610 0.0176885 0.0380248 0.0356155 0.0105711 0.0158646 0.0064016 0.0065143 0.0037235 0.0029377 0.0067809 0.0068747 0.0064870 0.0286551 0.0298370 0.0278033 0.0419595 0.0405115 0.0236096 0.0277698 0.0231635 0.0271424 0.0263599 0.0273682 0.0109607 0.0360181 0.0279368 0.0279205 0.0268691 0.0128324 0.0122595 0.1857034 0.0044892 0.0051973 0.0071776 0.0219584 0.0061045 0.0147932 0.0135520 0.0063654 0.0314861 0.0359021 0.0121377 0.0128917 0.0254681 0.0042486 0.0043422 0.0054094 0.0057592 0.0065986 0.0275518 0.0030810 0.0045129 0.0040162 0.0037187 0.0033479 0.0028832 0.0040560 0.0038266 0.0239883 0.0037450 0.0249679 
Dleu_HTT         0.0320182 0.0415748 0.0299358 0.0293317 0.0238239 0.0251903 0.0267346 0.0313671 0.0255532 0.0273910 0.0248146 0.1660424 0.0229713 0.1595908 0.0103350 0.0254348 0.0181037 0.0118930 0.0128878 0.0115105 0.0000000 0.0233168 0.0294935 0.0243031 0.0271233 0.0257467 0.0115316 0.0165443 0.0107048 0.0232555 0.0940871 0.0180035 0.0364737 0.0369769 0.0142292 0.0197912 0.0108382 0.0111737 0.0106720 0.0109820 0.0108408 0.0097198 0.0103221 0.0431867 0.0289063 0.0260984 0.0379019 0.0450127 0.0241862 0.0257585 0.0237050 0.0268169 0.0251942 0.0273822 0.0016099 0.0344161 0.0261814 0.0257384 0.0244348 0.0208550 0.0079506 0.1820377 0.0091072 0.0096936 0.0112767 0.0213682 0.0099098 0.0109649 0.0079155 0.0103123 0.0314178 0.0336323 0.0072090 0.0075280 0.0208787 0.0111636 0.0104487 0.0105606 0.0111115 0.0131220 0.0349694 0.0107457 0.0123025 0.0103632 0.0107060 0.0118200 0.0113435 0.0110711 0.0114548 0.0212876 0.0116255 0.0252863 
EausAUS_HTT      0.0125211 0.0417149 0.0264033 0.0108155 0.0090887 0.0084047 0.0090114 0.0123695 0.0033246 0.0099479 0.0103689 0.1658494 0.0404795 0.1586560 0.0240656 0.0103698 0.0324185 0.0242351 0.0243362 0.0237670 0.0233168 0.0000000 0.0055196 0.0025861 0.0086208 0.0425027 0.0229616 0.0307385 0.0224099 0.0216519 0.0878096 0.0202092 0.0313040 0.0304771 0.0261108 0.0344987 0.0232951 0.0243995 0.0234071 0.0227163 0.0238145 0.0231368 0.0241931 0.0287936 0.0263241 0.0220926 0.0364689 0.0398168 0.0203167 0.0226737 0.0177392 0.0224016 0.0213274 0.0237466 0.0226813 0.0154005 0.0223461 0.0225332 0.0220809 0.0245677 0.0243371 0.1780414 0.0213463 0.0221685 0.0231675 0.0244004 0.0219137 0.0310442 0.0242480 0.0228510 0.0254438 0.0253736 0.0235517 0.0246984 0.0379192 0.0240280 0.0250016 0.0229329 0.0241235 0.0263629 0.0499455 0.0234395 0.0255798 0.0228789 0.0236447 0.0235755 0.0226080 0.0238541 0.0238873 0.0211831 0.0244085 0.0224267 
Egla13086_HTT    0.0175807 0.0407562 0.0251314 0.0154933 0.0099436 0.0098907 0.0105406 0.0175670 0.0071481 0.0154401 0.0119734 0.1697808 0.0398651 0.1678931 0.0248891 0.0111734 0.0325920 0.0309741 0.0261505 0.0263450 0.0294935 0.0055196 0.0000000 0.0013791 0.0088597 0.0429346 0.0255831 0.0317882 0.0294895 0.0236477 0.0956113 0.0228489 0.0321017 0.0311284 0.0274184 0.0366717 0.0248357 0.0263055 0.0298933 0.0234038 0.0309388 0.0242925 0.0246890 0.0488117 0.0282972 0.0240260 0.0361725 0.0346707 0.0221089 0.0246514 0.0186124 0.0256026 0.0227477 0.0247089 0.0289223 0.0219983 0.0232829 0.0239377 0.0248146 0.0428442 0.0306396 0.1835976 0.0235734 0.0291751 0.0307783 0.0269165 0.0238301 0.0310161 0.0267673 0.0243388 0.0319932 0.0320759 0.0251822 0.0310487 0.0378424 0.0248253 0.0270321 0.0313180 0.0265414 0.0279985 0.0515417 0.0299231 0.0283478 0.0260965 0.0271626 0.0261209 0.0243468 0.0256719 0.0304721 0.0237844 0.0312110 0.0241123 
Ejap43864_HTT    0.0138169 0.0424129 0.0252596 0.0117210 0.0115425 0.0112673 0.0119543 0.0140899 0.0042336 0.0110851 0.0124386 0.1642351 0.0415387 0.1557035 0.0254456 0.0116696 0.0247585 0.0275059 0.0273765 0.0275885 0.0243031 0.0025861 0.0013791 0.0000000 0.0092257 0.0426525 0.0266993 0.0242381 0.0251697 0.0238807 0.0907235 0.0225719 0.0310483 0.0306082 0.0291673 0.0285592 0.0252119 0.0263666 0.0250539 0.0257655 0.0265166 0.0249932 0.0249460 0.0445665 0.0301811 0.0249558 0.0248611 0.0378401 0.0240824 0.0266126 0.0193212 0.0281118 0.0248413 0.0266772 0.0239956 0.0180875 0.0252787 0.0260596 0.0272193 0.0369279 0.0254097 0.1787346 0.0245943 0.0253857 0.0258980 0.0270614 0.0241693 0.0308092 0.0274870 0.0250954 0.0283961 0.0325141 0.0249337 0.0257497 0.0400971 0.0267043 0.0275391 0.0268517 0.0259941 0.0294273 0.0519976 0.0261545 0.0296052 0.0258278 0.0271118 0.0275195 0.0253860 0.0263354 0.0256493 0.0252364 0.0265153 0.0260444 
Erob133443_HTT   0.0108929 0.0475576 0.0278992 0.0105424 0.0093945 0.0090728 0.0087958 0.0095004 0.0093092 0.0081443 0.0091525 0.1713615 0.0432097 0.1614014 0.0255193 0.0121305 0.0352545 0.0286504 0.0289551 0.0287149 0.0271233 0.0086208 0.0088597 0.0092257 0.0000000 0.0465357 0.0266874 0.0334304 0.0266406 0.0249402 0.0924275 0.0255820 0.0362546 0.0357390 0.0291519 0.0397276 0.0260028 0.0273619 0.0280638 0.0242017 0.0284956 0.0256983 0.0256683 0.0341583 0.0342777 0.0268821 0.0411550 0.0398128 0.0262911 0.0264848 0.0229150 0.0278209 0.0259541 0.0280887 0.0269242 0.0138452 0.0279896 0.0278214 0.0271058 0.0282041 0.0290074 0.1867091 0.0251312 0.0257853 0.0272912 0.0304067 0.0236000 0.0305280 0.0285379 0.0240479 0.0330081 0.0351901 0.0262035 0.0279853 0.0442550 0.0268998 0.0277032 0.0274218 0.0283029 0.0303497 0.0557225 0.0270504 0.0299746 0.0275415 0.0285024 0.0286113 0.0253420 0.0276192 0.0280740 0.0261477 0.0287945 0.0276437 
Fatt_HTT         0.0478301 0.0433355 0.0455210 0.0471880 0.0440589 0.0419929 0.0455808 0.0472996 0.0422746 0.0445672 0.0446161 0.1997450 0.0437349 0.1950576 0.0210902 0.0436286 0.0207324 0.0219021 0.0227117 0.0226942 0.0257467 0.0425027 0.0429346 0.0426525 0.0465357 0.0000000 0.0181164 0.0161108 0.0157085 0.0431397 0.1122486 0.0397763 0.0532996 0.0541045 0.0267388 0.0066027 0.0219220 0.0235007 0.0210448 0.0212927 0.0195792 0.0204972 0.0212192 0.0647305 0.0544622 0.0472553 0.0486221 0.0689444 0.0441082 0.0450370 0.0653810 0.0504171 0.0483085 0.0501095 0.0252688 0.0547888 0.0447948 0.0468634 0.0450533 0.0413285 0.0270682 0.2169785 0.0184951 0.0194863 0.0188150 0.0220044 0.0168526 0.0491534 0.0119088 0.0164421 0.0472612 0.0783262 0.0285360 0.0266827 0.0506463 0.0214835 0.0243684 0.0021917 0.0022733 0.0242817 0.0837668 0.0219582 0.0064350 0.0194882 0.0222529 0.0219883 0.0221588 0.0211619 0.0217327 0.0420043 0.0209584 0.0471633 
Ggri_HTT         0.0321360 0.0429306 0.0273201 0.0294700 0.0255193 0.0261754 0.0276012 0.0321092 0.0261080 0.0276855 0.0257451 0.1650387 0.0183968 0.1611748 0.0059755 0.0262002 0.0135550 0.0061835 0.0065726 0.0064046 0.0115316 0.0229616 0.0255831 0.0266993 0.0266874 0.0181164 0.0000000 0.0096272 0.0025502 0.0248979 0.0936665 0.0159604 0.0372377 0.0348706 0.0096297 0.0143827 0.0053003 0.0051499 0.0049221 0.0061204 0.0055308 0.0054603 0.0049131 0.0408540 0.0299495 0.0277375 0.0422999 0.0415474 0.0240188 0.0268743 0.0246784 0.0262948 0.0265293 0.0269170 0.0109877 0.0347436 0.0274755 0.0277051 0.0274555 0.0235128 0.0120487 0.1796259 0.0033752 0.0038763 0.0046125 0.0212086 0.0026514 0.0153028 0.0128312 0.0027173 0.0307943 0.0340639 0.0116583 0.0120736 0.0245680 0.0061823 0.0043189 0.0019087 0.0028752 0.0079840 0.0309018 0.0055417 0.0058366 0.0041746 0.0046051 0.0060174 0.0052779 0.0058254 0.0046668 0.0229334 0.0059282 0.0262572 
Gmac39091_HTT    0.0376835 0.0602895 0.0331351 0.0349184 0.0236374 0.0229264 0.0233612 0.0375045 0.0326491 0.0243415 0.0327684 0.1770091 0.0280644 0.1731320 0.0044696 0.0231380 0.0045954 0.0127081 0.0133708 0.0133845 0.0165443 0.0307385 0.0317882 0.0242381 0.0334304 0.0161108 0.0096272 0.0000000 0.0076515 0.0329561 0.1025312 0.0260878 0.0435749 0.0423783 0.0159166 0.0058570 0.0041488 0.0125794 0.0111528 0.0038930 0.0113982 0.0113847 0.0116891 0.0515514 0.0384098 0.0258671 0.0333068 0.0498820 0.0318371 0.0252576 0.0400290 0.0360671 0.0345360 0.0353151 0.0162533 0.0375942 0.0245621 0.0344608 0.0323908 0.0302325 0.0176033 0.1903737 0.0097635 0.0100620 0.0106897 0.0300669 0.0009957 0.0288734 0.0187827 0.0009723 0.0376632 0.0321980 0.0182376 0.0182943 0.0340887 0.0120333 0.0130518 0.0090850 0.0015879 0.0151086 0.0526432 0.0121457 0.0133763 0.0028565 0.0121654 0.0123570 0.0039002 0.0047856 0.0116562 0.0305529 0.0125381 0.0333610 
Gmel_HTT         0.0317866 0.0411749 0.0295432 0.0288612 0.0228246 0.0242144 0.0265498 0.0306372 0.0250536 0.0262877 0.0241995 0.1632577 0.0171543 0.1575262 0.0042436 0.0255476 0.0116091 0.0049157 0.0051628 0.0054566 0.0107048 0.0224099 0.0294895 0.0251697 0.0266406 0.0157085 0.0025502 0.0076515 0.0000000 0.0239000 0.0917434 0.0159801 0.0365162 0.0349658 0.0091660 0.0126044 0.0040799 0.0040391 0.0035222 0.0047918 0.0044367 0.0041817 0.0032663 0.0435393 0.0270272 0.0255042 0.0389116 0.0438943 0.0223206 0.0256363 0.0232214 0.0256645 0.0243578 0.0255394 0.0103604 0.0325449 0.0260627 0.0259143 0.0249084 0.0258936 0.0116211 0.1753946 0.0025302 0.0029503 0.0042161 0.0209019 0.0013989 0.0136400 0.0116995 0.0014912 0.0309310 0.0326963 0.0103490 0.0123015 0.0227680 0.0047424 0.0040333 0.0018226 0.0020267 0.0068298 0.0277354 0.0039008 0.0055468 0.0030266 0.0043053 0.0049629 0.0038808 0.0044129 0.0035861 0.0211196 0.0050974 0.0249712 
Hamp_HTT         0.0298846 0.0257961 0.0077398 0.0275725 0.0257719 0.0248120 0.0261858 0.0301801 0.0242635 0.0268522 0.0264219 0.1691805 0.0431975 0.1627761 0.0259864 0.0249310 0.0340514 0.0264200 0.0260260 0.0261462 0.0232555 0.0216519 0.0236477 0.0238807 0.0249402 0.0431397 0.0248979 0.0329561 0.0239000 0.0000000 0.0899026 0.0264203 0.0356185 0.0337165 0.0302146 0.0364392 0.0254502 0.0250012 0.0253934 0.0265436 0.0255798 0.0248357 0.0245849 0.0488441 0.0106115 0.0047292 0.0168635 0.0169413 0.0056536 0.0048326 0.0041916 0.0062686 0.0042281 0.0045382 0.0232658 0.0343126 0.0056271 0.0049220 0.0057722 0.0410933 0.0256113 0.1839713 0.0240467 0.0243756 0.0254197 0.0270697 0.0255201 0.0308781 0.0267729 0.0243121 0.0297552 0.0320831 0.0260339 0.0253617 0.0403624 0.0264383 0.0264963 0.0253718 0.0244359 0.0288756 0.0524964 0.0252915 0.0264097 0.0258202 0.0264841 0.0263706 0.0255049 0.0261358 0.0263411 0.0072602 0.0265072 0.0074399 
Hippo_HTT        0.0939923 0.1217602 0.1025245 0.0937692 0.0894179 0.0877498 0.0892347 0.0927156 0.0882999 0.0920775 0.0923725 0.1780472 0.1171144 0.1615215 0.0932732 0.0899291 0.1086730 0.1010325 0.0978812 0.1004610 0.0940871 0.0878096 0.0956113 0.0907235 0.0924275 0.1122486 0.0936665 0.1025312 0.0917434 0.0899026 0.0000000 0.0948718 0.0993025 0.1036076 0.0969872 0.1116021 0.0958222 0.1002652 0.1009350 0.0989936 0.0931068 0.0919927 0.0925829 0.1279377 0.1017097 0.0923337 0.1124947 0.1213130 0.0954264 0.0911663 0.0968000 0.0976098 0.0929457 0.0963605 0.0943090 0.1063697 0.0909714 0.0931521 0.0935849 0.1165123 0.0973590 0.1849861 0.0909544 0.0940804 0.0940955 0.0986751 0.0906573 0.1030693 0.0977871 0.0886797 0.0946069 0.0978738 0.0982259 0.0963147 0.1199237 0.0989101 0.1009935 0.0976586 0.0966665 0.1029023 0.1371215 0.0980132 0.1039538 0.0984645 0.1001418 0.1003205 0.0984250 0.0974097 0.0970178 0.0914992 0.0955817 0.0929565 
Igeo_HTT         0.0304910 0.0418627 0.0261070 0.0278526 0.0265293 0.0256477 0.0261014 0.0300899 0.0227555 0.0271438 0.0288962 0.1681674 0.0319081 0.1653450 0.0173594 0.0256761 0.0275117 0.0168773 0.0181929 0.0176885 0.0180035 0.0202092 0.0228489 0.0225719 0.0255820 0.0397763 0.0159604 0.0260878 0.0159801 0.0264203 0.0948718 0.0000000 0.0399442 0.0379399 0.0203716 0.0277208 0.0174249 0.0170522 0.0157858 0.0166011 0.0170119 0.0162837 0.0169433 0.0356443 0.0300383 0.0266571 0.0472220 0.0403326 0.0256512 0.0271767 0.0214375 0.0281428 0.0265840 0.0268356 0.0176669 0.0356773 0.0265966 0.0277013 0.0259090 0.0286942 0.0194719 0.1820850 0.0169328 0.0166861 0.0168394 0.0159516 0.0170388 0.0220776 0.0200075 0.0172915 0.0305827 0.0315495 0.0177376 0.0191989 0.0355808 0.0163307 0.0183527 0.0160389 0.0170873 0.0166935 0.0423021 0.0168754 0.0176113 0.0158363 0.0156386 0.0174877 0.0166703 0.0169633 0.0177944 0.0233421 0.0171677 0.0253745 
Kbre_HTT         0.0392405 0.0621111 0.0357015 0.0379166 0.0333651 0.0327196 0.0340697 0.0393722 0.0326127 0.0342821 0.0370456 0.1791037 0.0559748 0.1687862 0.0357544 0.0318880 0.0444323 0.0375137 0.0380268 0.0380248 0.0364737 0.0313040 0.0321017 0.0310483 0.0362546 0.0532996 0.0372377 0.0435749 0.0365162 0.0356185 0.0993025 0.0399442 0.0000000 0.0108312 0.0412850 0.0477944 0.0350333 0.0415860 0.0379035 0.0361886 0.0365668 0.0351613 0.0379864 0.0576346 0.0431899 0.0352295 0.0510328 0.0522077 0.0354966 0.0351192 0.0366290 0.0387724 0.0379743 0.0402545 0.0356947 0.0435139 0.0354695 0.0378222 0.0367154 0.0500543 0.0384796 0.1923110 0.0348582 0.0360719 0.0381820 0.0396047 0.0349686 0.0466122 0.0379320 0.0347041 0.0252441 0.0267333 0.0383339 0.0381485 0.0541974 0.0378819 0.0399433 0.0365447 0.0364952 0.0403089 0.0749460 0.0372338 0.0400156 0.0365179 0.0385676 0.0373729 0.0355386 0.0355695 0.0374284 0.0348497 0.0381785 0.0392656 
Ksim_HTT         0.0381464 0.0564215 0.0347526 0.0380366 0.0325450 0.0333489 0.0330086 0.0384441 0.0319271 0.0334243 0.0338323 0.1779206 0.0499704 0.1679412 0.0331477 0.0330075 0.0442256 0.0356341 0.0369262 0.0356155 0.0369769 0.0304771 0.0311284 0.0306082 0.0357390 0.0541045 0.0348706 0.0423783 0.0349658 0.0337165 0.1036076 0.0379399 0.0108312 0.0000000 0.0369919 0.0477709 0.0335293 0.0376155 0.0358461 0.0337672 0.0350470 0.0321096 0.0354378 0.0425827 0.0422921 0.0342448 0.0494145 0.0500379 0.0322825 0.0333620 0.0332326 0.0353375 0.0364608 0.0368872 0.0363023 0.0442626 0.0352855 0.0354089 0.0348209 0.0374406 0.0379671 0.1907475 0.0326609 0.0334951 0.0360478 0.0388832 0.0321992 0.0437678 0.0366190 0.0331541 0.0253916 0.0268033 0.0354663 0.0376464 0.0518330 0.0354801 0.0360071 0.0340025 0.0349440 0.0377634 0.0683498 0.0354786 0.0373099 0.0344706 0.0366733 0.0361284 0.0352876 0.0351735 0.0348657 0.0328559 0.0362010 0.0359693 
Lacu_HTT         0.0345109 0.0472623 0.0290546 0.0303818 0.0280134 0.0282645 0.0275968 0.0346120 0.0294766 0.0293294 0.0279063 0.1755039 0.0223948 0.1679336 0.0107829 0.0274818 0.0192941 0.0101101 0.0118749 0.0105711 0.0142292 0.0261108 0.0274184 0.0291673 0.0291519 0.0267388 0.0096297 0.0159166 0.0091660 0.0302146 0.0969872 0.0203716 0.0412850 0.0369919 0.0000000 0.0202425 0.0089251 0.0091461 0.0087474 0.0088357 0.0103151 0.0103153 0.0102981 0.0488626 0.0334322 0.0299510 0.0446455 0.0430753 0.0274178 0.0303247 0.0288612 0.0292613 0.0291968 0.0299626 0.0137840 0.0363996 0.0285728 0.0289047 0.0284988 0.0293988 0.0140252 0.1848252 0.0084829 0.0084715 0.0093109 0.0244643 0.0086196 0.0180727 0.0147759 0.0095009 0.0348659 0.0336979 0.0133109 0.0157061 0.0293573 0.0103279 0.0105890 0.0095066 0.0081950 0.0123044 0.0378573 0.0094663 0.0105087 0.0082524 0.0106566 0.0099394 0.0081788 0.0109303 0.0093568 0.0288463 0.0111786 0.0287166 
Lalb_HTT         0.0426485 0.0627577 0.0386350 0.0409798 0.0259245 0.0270304 0.0289943 0.0422897 0.0367374 0.0288021 0.0371659 0.1803081 0.0344420 0.1751327 0.0083063 0.0271890 0.0069779 0.0152532 0.0156036 0.0158646 0.0197912 0.0344987 0.0366717 0.0285592 0.0397276 0.0066027 0.0143827 0.0058570 0.0126044 0.0364392 0.1116021 0.0277208 0.0477944 0.0477709 0.0202425 0.0000000 0.0073656 0.0173557 0.0135448 0.0069010 0.0150003 0.0161399 0.0160718 0.0552106 0.0430036 0.0282708 0.0381455 0.0572106 0.0348784 0.0287924 0.0440783 0.0382733 0.0384544 0.0399747 0.0192003 0.0439959 0.0286948 0.0392784 0.0379946 0.0350712 0.0196523 0.1945771 0.0138118 0.0145132 0.0137185 0.0317035 0.0067611 0.0330043 0.0215953 0.0067131 0.0418342 0.0354211 0.0205303 0.0206667 0.0381188 0.0152462 0.0162622 0.0131301 0.0061662 0.0171543 0.0610360 0.0139821 0.0149585 0.0057874 0.0140368 0.0147526 0.0059727 0.0066903 0.0150671 0.0325760 0.0144393 0.0390463 
Laus_HTT         0.0314574 0.0433661 0.0264473 0.0282853 0.0241701 0.0257244 0.0256027 0.0320589 0.0254736 0.0272893 0.0235914 0.1675044 0.0135401 0.1584926 0.0008783 0.0257145 0.0057207 0.0059030 0.0066513 0.0064016 0.0108382 0.0232951 0.0248357 0.0252119 0.0260028 0.0219220 0.0053003 0.0041488 0.0040799 0.0254502 0.0958222 0.0174249 0.0350333 0.0335293 0.0089251 0.0073656 0.0000000 0.0016565 0.0043075 0.0047259 0.0018946 0.0018661 0.0015324 0.0279903 0.0308982 0.0272491 0.0279460 0.0394819 0.0243496 0.0265301 0.0246986 0.0273003 0.0266513 0.0267601 0.0109627 0.0344917 0.0263375 0.0268840 0.0258080 0.0125081 0.0118950 0.1780733 0.0040646 0.0043955 0.0064303 0.0230034 0.0048201 0.0140278 0.0117474 0.0050008 0.0292335 0.0325201 0.0107642 0.0119911 0.0241030 0.0053700 0.0058895 0.0041848 0.0046397 0.0077051 0.0313394 0.0056102 0.0059142 0.0036975 0.0047609 0.0055295 0.0049574 0.0055467 0.0045725 0.0234023 0.0053212 0.0254405 
Lbor_HTT         0.0341382 0.0386620 0.0264820 0.0294471 0.0260101 0.0256703 0.0263137 0.0335919 0.0262040 0.0281449 0.0265930 0.1710580 0.0110500 0.1647053 0.0021326 0.0261824 0.0154935 0.0059784 0.0072653 0.0065143 0.0111737 0.0243995 0.0263055 0.0263666 0.0273619 0.0235007 0.0051499 0.0125794 0.0040391 0.0250012 0.1002652 0.0170522 0.0415860 0.0376155 0.0091461 0.0173557 0.0016565 0.0000000 0.0044338 0.0052800 0.0014873 0.0015947 0.0014184 0.0238691 0.0291443 0.0269459 0.0444714 0.0349849 0.0233102 0.0270536 0.0249358 0.0283039 0.0251639 0.0271897 0.0111578 0.0349453 0.0269839 0.0266251 0.0253634 0.0131700 0.0125143 0.1895806 0.0037872 0.0043489 0.0063185 0.0248251 0.0041837 0.0140647 0.0120818 0.0044497 0.0324317 0.0341434 0.0110444 0.0129250 0.0209172 0.0053531 0.0055042 0.0040057 0.0043794 0.0088118 0.0225971 0.0059767 0.0061286 0.0039281 0.0044711 0.0054779 0.0049806 0.0059564 0.0042216 0.0237029 0.0057135 0.0237158 
Lhos30470_HTT    0.0330520 0.0415103 0.0317387 0.0291119 0.0242361 0.0257644 0.0267169 0.0325844 0.0258364 0.0274586 0.0247664 0.1687910 0.0168338 0.1654822 0.0051058 0.0263582 0.0102574 0.0032031 0.0038867 0.0037235 0.0106720 0.0234071 0.0298933 0.0250539 0.0280638 0.0210448 0.0049221 0.0111528 0.0035222 0.0253934 0.1009350 0.0157858 0.0379035 0.0358461 0.0087474 0.0135448 0.0043075 0.0044338 0.0000000 0.0011258 0.0046697 0.0046672 0.0046601 0.0404923 0.0290680 0.0271981 0.0419130 0.0461148 0.0234920 0.0267301 0.0236893 0.0271490 0.0262456 0.0270309 0.0105282 0.0350705 0.0269262 0.0279415 0.0262924 0.0235659 0.0118444 0.1799468 0.0031875 0.0036505 0.0051805 0.0211882 0.0042938 0.0136636 0.0114230 0.0042296 0.0312761 0.0339495 0.0102235 0.0125306 0.0230113 0.0019328 0.0027751 0.0039256 0.0043487 0.0053738 0.0275516 0.0020300 0.0024304 0.0026404 0.0020712 0.0025395 0.0015873 0.0017454 0.0016192 0.0221619 0.0028892 0.0254153 
Lhos452_HTT      0.0320420 0.0434212 0.0257596 0.0275229 0.0253432 0.0258625 0.0248673 0.0315481 0.0252669 0.0263346 0.0245526 0.1658189 0.0190748 0.1639375 0.0067840 0.0241657 0.0022818 0.0020662 0.0034380 0.0029377 0.0109820 0.0227163 0.0234038 0.0257655 0.0242017 0.0212927 0.0061204 0.0038930 0.0047918 0.0265436 0.0989936 0.0166011 0.0361886 0.0337672 0.0088357 0.0069010 0.0047259 0.0052800 0.0011258 0.0000000 0.0060072 0.0062217 0.0060844 0.0443101 0.0292285 0.0270611 0.0276221 0.0401290 0.0229482 0.0266626 0.0231002 0.0262147 0.0249904 0.0263930 0.0105588 0.0341150 0.0260448 0.0266915 0.0257552 0.0245300 0.0115277 0.1796295 0.0041980 0.0038824 0.0061418 0.0214513 0.0045878 0.0150203 0.0114051 0.0054164 0.0312612 0.0335748 0.0100946 0.0122455 0.0244628 0.0021787 0.0029064 0.0055017 0.0047319 0.0061470 0.0289653 0.0011222 0.0028948 0.0029940 0.0031120 0.0021997 0.0011477 0.0025131 0.0022768 0.0239661 0.0039835 0.0252536 
Lobl_HTT         0.0325555 0.0424711 0.0317916 0.0301208 0.0246315 0.0261280 0.0282147 0.0316520 0.0263228 0.0277093 0.0253066 0.1640706 0.0135785 0.1576291 0.0019068 0.0265228 0.0128464 0.0062304 0.0067826 0.0067809 0.0108408 0.0238145 0.0309388 0.0265166 0.0284956 0.0195792 0.0055308 0.0113982 0.0044367 0.0255798 0.0931068 0.0170119 0.0365668 0.0350470 0.0103151 0.0150003 0.0018946 0.0014873 0.0046697 0.0060072 0.0000000 0.0014251 0.0011309 0.0437241 0.0295815 0.0268358 0.0414760 0.0458285 0.0240914 0.0277162 0.0243292 0.0275868 0.0270258 0.0274865 0.0109321 0.0343125 0.0278102 0.0279210 0.0261243 0.0266719 0.0123417 0.1768322 0.0042841 0.0046416 0.0060893 0.0226181 0.0049480 0.0136656 0.0129317 0.0049290 0.0308016 0.0326458 0.0115559 0.0126511 0.0242903 0.0056771 0.0059275 0.0047263 0.0050438 0.0079024 0.0293128 0.0056171 0.0063722 0.0046277 0.0051243 0.0066475 0.0054292 0.0054983 0.0051281 0.0229619 0.0056497 0.0265773 
Lobs_HTT         0.0307129 0.0419024 0.0246459 0.0268784 0.0254830 0.0244250 0.0261241 0.0303939 0.0251000 0.0253799 0.0248693 0.1660001 0.0143810 0.1601729 0.0023439 0.0236151 0.0137003 0.0061436 0.0070288 0.0068747 0.0097198 0.0231368 0.0242925 0.0249932 0.0256983 0.0204972 0.0054603 0.0113847 0.0041817 0.0248357 0.0919927 0.0162837 0.0351613 0.0321096 0.0103153 0.0161399 0.0018661 0.0015947 0.0046672 0.0062217 0.0014251 0.0000000 0.0014628 0.0417538 0.0288678 0.0262665 0.0411478 0.0376886 0.0229839 0.0269151 0.0230157 0.0264800 0.0261127 0.0255977 0.0098445 0.0328729 0.0254598 0.0261573 0.0243602 0.0231923 0.0111867 0.1796402 0.0040223 0.0045088 0.0060429 0.0224302 0.0049085 0.0136649 0.0121667 0.0049176 0.0289058 0.0307634 0.0114113 0.0116391 0.0241339 0.0056154 0.0059405 0.0044712 0.0045537 0.0082215 0.0292968 0.0060482 0.0065850 0.0041721 0.0052048 0.0060915 0.0053179 0.0058169 0.0049925 0.0229196 0.0061831 0.0248990 
