90
Bacu_PCDH15         0.0000000 0.0188247 0.0168643 0.0029552 0.0050448 0.0055509 0.0055509 0.0077965 0.0065241 0.2732890 0.0272185 0.1825770 0.0303189 0.0108615 0.0306190 0.0304999 0.0308740 0.0313305 0.2088469 0.0087386 0.0089220 0.0092514 0.0063786 0.0308857 0.0311707 0.0303277 0.2641376 0.0170072 0.0464041 0.0271087 0.0248127 0.0241903 0.0306864 0.0309154 0.0296196 0.0279658 0.0290800 0.0314325 0.1053477 0.0303910 0.0306340 0.2892757 0.0173498 0.0170024 0.0172584 0.0189966 0.0177784 0.0172664 0.0203787 0.0169913 0.0167303 0.0171293 0.2063722 0.0172532 0.0167643 0.0167291 0.2689898 0.0277719 0.2792880 0.0329049 0.0296907 0.2283127 0.0246854 0.0191738 0.0306547 0.0206214 0.0236547 0.0300780 0.0185177 0.0238074 0.2157034 0.0244092 0.0310320 0.0303900 0.0308845 0.0298534 0.0314208 0.0306373 0.0301315 0.0307516 0.0294901 0.0294700 0.0316787 0.0302711 0.0311554 0.2865204 0.0314445 0.0156892 0.2217761 0.0164808 
Barn_PCDH15         0.0188247 0.0000000 0.0014480 0.0151085 0.0155014 0.0154889 0.0154889 0.0170168 0.0165910 0.0554724 0.0247586 0.0604144 0.0243531 0.0165910 0.0245399 0.0239321 0.0249018 0.0249059 0.0228015 0.0177736 0.0174084 0.0181473 0.0162048 0.0249194 0.0241266 0.0249209 0.0249209 0.0059785 0.0410759 0.0239738 0.0227409 0.0251450 0.0253285 0.0249492 0.0261193 0.0247558 0.0234920 0.0256860 0.0260898 0.0247569 0.0245317 0.0212010 0.0095128 0.0081303 0.0077681 0.0062214 0.0081224 0.0074137 0.0080667 0.0077648 0.0074070 0.0074612 0.0208339 0.0084824 0.0081322 0.0077646 0.0224382 0.0209772 0.0594199 0.0273339 0.0256027 0.0233279 0.0201510 0.0161981 0.0247603 0.0198963 0.0204573 0.0243533 0.0162122 0.0212350 0.0204673 0.0200798 0.0251841 0.0251636 0.0253129 0.0249209 0.0260935 0.0229050 0.0245148 0.0243340 0.0241375 0.0246001 0.0256475 0.0240792 0.0252937 0.0602297 0.0256996 0.0066968 0.0249018 0.0069678 
Bbai76728_PCDH15    0.0168643 0.0014480 0.0000000 0.0137807 0.0137959 0.0134784 0.0134784 0.0153601 0.0141283 0.0587651 0.0219497 0.0614684 0.0235055 0.0150255 0.0238441 0.0235884 0.0241458 0.0238250 0.0227077 0.0156673 0.0153641 0.0162986 0.0146918 0.0238318 0.0241444 0.0241584 0.0241584 0.0046858 0.0418727 0.0239419 0.0199619 0.0219094 0.0244947 0.0241831 0.0226429 0.0220860 0.0229894 0.0244696 0.0254731 0.0241799 0.0232084 0.0212088 0.0074408 0.0061731 0.0055769 0.0064442 0.0064658 0.0058765 0.0079064 0.0061686 0.0055750 0.0061143 0.0213811 0.0067638 0.0067766 0.0064662 0.0344072 0.0214761 0.0630452 0.0264665 0.0255129 0.0248242 0.0194915 0.0131492 0.0238330 0.0177243 0.0187796 0.0238330 0.0131830 0.0191788 0.0257851 0.0184515 0.0248220 0.0248059 0.0244830 0.0240582 0.0254567 0.0250776 0.0237130 0.0240464 0.0241432 0.0216773 0.0250876 0.0234587 0.0244716 0.0598198 0.0244663 0.0058747 0.0241419 0.0051622 
BbonAUS_PCDH15      0.0029552 0.0151085 0.0137807 0.0000000 0.0022607 0.0027639 0.0027639 0.0039565 0.0032448 0.0564672 0.0224353 0.0600458 0.0261532 0.0077212 0.0257437 0.0257069 0.0259990 0.0262970 0.0219873 0.0062101 0.0065286 0.0067167 0.0035567 0.0260085 0.0262890 0.0260106 0.0260106 0.0141577 0.0399415 0.0226424 0.0210135 0.0208839 0.0262797 0.0260333 0.0248063 0.0230465 0.0249241 0.0265512 0.0271309 0.0256441 0.0257560 0.0186372 0.0156379 0.0141538 0.0144085 0.0164986 0.0149245 0.0144151 0.0171028 0.0141447 0.0138859 0.0141710 0.0214344 0.0144042 0.0139140 0.0138850 0.0470425 0.0239381 0.0610338 0.0291128 0.0259690 0.0263022 0.0213509 0.0149401 0.0259076 0.0176278 0.0198074 0.0253400 0.0151315 0.0200440 0.0259794 0.0206383 0.0264729 0.0261893 0.0265624 0.0254135 0.0265649 0.0261886 0.0251214 0.0255801 0.0248879 0.0241073 0.0267995 0.0254112 0.0262774 0.0583458 0.0265612 0.0128538 0.0259954 0.0135739 
Bbor_PCDH15         0.0050448 0.0155014 0.0137959 0.0022607 0.0000000 0.0020034 0.0020034 0.0037750 0.0037906 0.0578936 0.0226642 0.0615336 0.0255792 0.0081525 0.0257227 0.0250881 0.0259832 0.0259946 0.0219110 0.0060836 0.0060043 0.0066003 0.0038927 0.0259929 0.0262791 0.0259950 0.0259950 0.0144560 0.0398932 0.0235256 0.0225906 0.0217136 0.0260066 0.0260181 0.0250551 0.0232754 0.0249027 0.0265456 0.0271369 0.0256410 0.0257353 0.0198424 0.0156478 0.0147163 0.0149766 0.0171416 0.0155042 0.0149836 0.0175542 0.0147066 0.0144421 0.0147561 0.0213468 0.0149721 0.0144718 0.0144410 0.0336861 0.0241839 0.0622290 0.0288739 0.0256723 0.0262925 0.0216811 0.0155207 0.0259102 0.0186976 0.0202471 0.0253303 0.0154097 0.0200498 0.0259851 0.0203494 0.0262133 0.0261980 0.0265569 0.0253841 0.0265595 0.0261987 0.0256663 0.0252353 0.0248692 0.0243824 0.0267988 0.0253836 0.0262662 0.0587077 0.0265557 0.0131128 0.0259796 0.0138925 
Bede66737_PCDH15    0.0055509 0.0154889 0.0134784 0.0027639 0.0020034 0.0000000 0.0000010 0.0037727 0.0043346 0.0578454 0.0226477 0.0614813 0.0258639 0.0081473 0.0257087 0.0253950 0.0259690 0.0259800 0.0229974 0.0060799 0.0062648 0.0065963 0.0044130 0.0259787 0.0262647 0.0259808 0.0259808 0.0144467 0.0398632 0.0226834 0.0225751 0.0232500 0.0265535 0.0260039 0.0250409 0.0232580 0.0248833 0.0265310 0.0271220 0.0256234 0.0257212 0.0187996 0.0166782 0.0147069 0.0144378 0.0171297 0.0154942 0.0149740 0.0168699 0.0146972 0.0144328 0.0147462 0.0218825 0.0149624 0.0144625 0.0144318 0.0342470 0.0247845 0.0621759 0.0291414 0.0256541 0.0268398 0.0213605 0.0160423 0.0258925 0.0182408 0.0208029 0.0253130 0.0159454 0.0206234 0.0265313 0.0212190 0.0261953 0.0261801 0.0265424 0.0253698 0.0265449 0.0261793 0.0250718 0.0255330 0.0254142 0.0243661 0.0267841 0.0253698 0.0262518 0.0580287 0.0265411 0.0131045 0.0259653 0.0135859 
BedeAUS_PCDH15      0.0055509 0.0154889 0.0134784 0.0027639 0.0020034 0.0000010 0.0000000 0.0037727 0.0043346 0.0578454 0.0226477 0.0614813 0.0258639 0.0081473 0.0257087 0.0253950 0.0259690 0.0259800 0.0229974 0.0060799 0.0062648 0.0065963 0.0044130 0.0259787 0.0262647 0.0259808 0.0259808 0.0144467 0.0398632 0.0226834 0.0225751 0.0232500 0.0265535 0.0260039 0.0250409 0.0232580 0.0248833 0.0265310 0.0271220 0.0256234 0.0257212 0.0187996 0.0166782 0.0147069 0.0144378 0.0171297 0.0154942 0.0149740 0.0168699 0.0146972 0.0144328 0.0147462 0.0218825 0.0149624 0.0144625 0.0144318 0.0342470 0.0247845 0.0621759 0.0291414 0.0256541 0.0268398 0.0213605 0.0160423 0.0258925 0.0182408 0.0208029 0.0253130 0.0159454 0.0206234 0.0265313 0.0212190 0.0261953 0.0261801 0.0265424 0.0253698 0.0265449 0.0261793 0.0250718 0.0255330 0.0254142 0.0243661 0.0267841 0.0253698 0.0262518 0.0580287 0.0265411 0.0131045 0.0259653 0.0135859 
Bmus_PCDH15         0.0077965 0.0170168 0.0153601 0.0039565 0.0037750 0.0037727 0.0037727 0.0000000 0.0059892 0.2824334 0.0260801 0.1860295 0.0294916 0.0100957 0.0298616 0.0299356 0.0301181 0.0305509 0.2144353 0.0077357 0.0078679 0.0082467 0.0061345 0.0301285 0.0304144 0.0301309 0.2691000 0.0162647 0.0480708 0.0251520 0.0245996 0.0248670 0.0299149 0.0301576 0.0285429 0.0267967 0.0278423 0.0306767 0.1067895 0.0296129 0.0298761 0.2969540 0.0184450 0.0167833 0.0170398 0.0190475 0.0175608 0.0170477 0.0197828 0.0167723 0.0165108 0.0169020 0.2110101 0.0170347 0.0165444 0.0165096 0.2753438 0.0275532 0.2899260 0.0332825 0.0300780 0.2327212 0.0238326 0.0205155 0.0298773 0.0207041 0.0231575 0.0293016 0.0182933 0.0232834 0.2202443 0.0238857 0.0302394 0.0296119 0.0306900 0.0296506 0.0306642 0.0299974 0.0293527 0.0299053 0.0290116 0.0281992 0.0309238 0.0295152 0.0303995 0.2921585 0.0306885 0.0149473 0.2242912 0.0162345 
Bphy_baits_PCDH15   0.0065241 0.0165910 0.0141283 0.0032448 0.0037906 0.0043346 0.0043346 0.0059892 0.0000000 0.0569529 0.0238794 0.0619143 0.0257474 0.0076561 0.0252802 0.0242125 0.0255596 0.0252614 0.0221246 0.0079393 0.0082008 0.0085004 0.0039138 0.0255736 0.0255790 0.0252731 0.0252731 0.0155727 0.0388243 0.0239171 0.0241567 0.0244139 0.0255881 0.0252953 0.0265271 0.0244637 0.0229732 0.0261659 0.0264949 0.0251826 0.0252973 0.0203066 0.0161100 0.0161397 0.0158472 0.0175887 0.0164146 0.0161408 0.0170339 0.0161282 0.0158424 0.0155812 0.0215181 0.0164150 0.0158682 0.0161278 0.0230292 0.0228264 0.0622577 0.0283538 0.0251057 0.0255754 0.0218927 0.0161293 0.0254719 0.0204489 0.0221301 0.0248495 0.0160133 0.0216689 0.0242902 0.0225696 0.0257970 0.0257809 0.0261779 0.0245793 0.0264810 0.0254621 0.0242564 0.0246788 0.0243700 0.0260944 0.0264377 0.0249219 0.0258627 0.0581515 0.0261766 0.0144058 0.0255596 0.0150869 
Btau_PCDH15         0.2732890 0.0554724 0.0587651 0.0564672 0.0578936 0.0578454 0.0578454 0.2824334 0.0569529 0.0000000 0.0698524 0.1034106 0.0747571 0.0586438 0.0782085 0.0785893 0.0784727 0.0796078 0.0782499 0.0590784 0.0594601 0.0597359 0.0567546 0.0778409 0.0785122 0.0785233 0.0978878 0.0582132 0.2781129 0.0701484 0.0684127 0.0666263 0.0793563 0.0782770 0.0710300 0.0692808 0.0749866 0.0791407 0.3491252 0.0763183 0.0766129 0.0747780 0.0598601 0.0578924 0.0575603 0.0608487 0.0581417 0.0581812 0.0601941 0.0569240 0.0575398 0.0568461 0.0770586 0.0572199 0.0573594 0.0566029 0.1037688 0.0740654 0.0277090 0.0796606 0.0767891 0.0826470 0.0669049 0.2749868 0.0782900 0.0644520 0.0678232 0.0775957 0.0592335 0.0657687 0.0820056 0.0688033 0.0791556 0.0780068 0.0785116 0.0761060 0.0797792 0.0787871 0.0764157 0.0769401 0.0774071 0.0750912 0.0793704 0.0776611 0.0781532 0.0846914 0.0791819 0.0553943 0.0821548 0.0565421 
Ccom40_PCDH15       0.0272185 0.0247586 0.0219497 0.0224353 0.0226642 0.0226477 0.0226477 0.0260801 0.0238794 0.0698524 0.0000000 0.0740288 0.0017168 0.0258249 0.0040898 0.0039470 0.0043612 0.0043619 0.0134477 0.0258500 0.0273900 0.0270860 0.0241563 0.0043632 0.0043641 0.0040885 0.0040885 0.0215490 0.0538796 0.0177544 0.0264335 0.0266008 0.0044591 0.0040918 0.0029924 0.0022995 0.0039471 0.0046368 0.0035390 0.0027166 0.0024438 0.0179653 0.0240105 0.0212413 0.0212346 0.0241073 0.0221234 0.0218421 0.0250083 0.0218246 0.0215265 0.0217689 0.0119901 0.0227252 0.0221637 0.0218239 0.0269491 0.0132711 0.0747033 0.0057427 0.0042193 0.0057507 0.0160945 0.0232531 0.0046388 0.0125458 0.0128615 0.0040885 0.0226628 0.0126734 0.0152134 0.0132881 0.0050267 0.0049140 0.0049140 0.0042195 0.0051899 0.0039808 0.0045014 0.0038756 0.0043614 0.0042385 0.0054647 0.0049185 0.0046365 0.0712633 0.0046362 0.0200081 0.0043612 0.0220900 
Cela_PCDH15         0.1825770 0.0604144 0.0614684 0.0600458 0.0615336 0.0614813 0.0614813 0.1860295 0.0619143 0.1034106 0.0740288 0.0000000 0.0780952 0.0626529 0.0807573 0.0811500 0.0810218 0.0822502 0.1732907 0.0620717 0.0628935 0.0627392 0.0604360 0.0807433 0.0814215 0.0814332 0.2166102 0.0614736 0.1860585 0.0733938 0.0694475 0.0691975 0.0819858 0.0815195 0.0746926 0.0722156 0.0773553 0.0816959 0.2199417 0.0792322 0.0798365 0.1974133 0.0617447 0.0605187 0.0595654 0.0619141 0.0607677 0.0605012 0.0596726 0.0595382 0.0601602 0.0594001 0.1733314 0.0592209 0.0599835 0.0585985 0.2190612 0.0756899 0.1068979 0.0822276 0.0792081 0.1885977 0.0703281 0.1810474 0.0808799 0.0665356 0.0707383 0.0801791 0.0609878 0.0689678 0.1803487 0.0721856 0.0817910 0.0802283 0.0810627 0.0788406 0.0827447 0.0793754 0.0791508 0.0786663 0.0799434 0.0780922 0.0819241 0.0805207 0.0813651 0.1714238 0.0817391 0.0583144 0.1860782 0.0581809 
Chea7320_PCDH15     0.0303189 0.0243531 0.0235055 0.0261532 0.0255792 0.0258639 0.0258639 0.0294916 0.0257474 0.0747571 0.0017168 0.0780952 0.0000000 0.0293537 0.0026797 0.0026289 0.0029468 0.0033298 0.0129807 0.0283420 0.0289694 0.0295796 0.0280098 0.0026787 0.0029487 0.0026790 0.0026790 0.0234130 0.0572108 0.0172517 0.0273627 0.0279565 0.0026778 0.0029505 0.0013777 0.0011671 0.0027871 0.0029471 0.0021406 0.0010675 0.0008002 0.0194722 0.0261239 0.0237233 0.0243137 0.0271054 0.0252055 0.0243263 0.0272350 0.0243050 0.0237078 0.0244159 0.0115459 0.0252061 0.0252671 0.0246051 0.0179417 0.0140857 0.0788212 0.0045715 0.0030495 0.0040346 0.0162217 0.0260338 0.0029484 0.0111979 0.0113328 0.0024097 0.0246896 0.0114043 0.0165046 0.0116423 0.0032196 0.0032180 0.0032179 0.0024855 0.0037582 0.0023987 0.0030398 0.0028349 0.0026777 0.0037098 0.0037574 0.0032209 0.0032165 0.0759322 0.0029468 0.0230968 0.0026775 0.0239128 
Cmar59905_PCDH15    0.0108615 0.0165910 0.0150255 0.0077212 0.0081525 0.0081473 0.0081473 0.0100957 0.0076561 0.0586438 0.0258249 0.0626529 0.0293537 0.0000000 0.0286200 0.0279888 0.0288840 0.0288887 0.0250047 0.0106316 0.0112022 0.0111671 0.0068811 0.0288951 0.0291882 0.0288975 0.0288975 0.0170615 0.0422574 0.0251438 0.0251626 0.0254873 0.0292388 0.0289238 0.0277561 0.0245497 0.0268667 0.0294588 0.0300665 0.0286226 0.0286343 0.0233329 0.0177204 0.0170565 0.0167798 0.0184930 0.0175875 0.0173295 0.0187513 0.0165054 0.0167751 0.0165498 0.0235527 0.0173159 0.0165299 0.0167738 0.0506774 0.0257367 0.0643276 0.0315594 0.0281054 0.0286303 0.0241034 0.0178688 0.0288958 0.0189241 0.0219424 0.0283024 0.0179134 0.0216650 0.0285873 0.0228923 0.0295516 0.0291899 0.0294718 0.0277298 0.0300492 0.0284137 0.0274249 0.0278160 0.0277459 0.0265115 0.0297144 0.0282665 0.0291734 0.0613993 0.0294704 0.0156985 0.0288798 0.0155750 
Dcap108471_PCDH15   0.0306190 0.0245399 0.0238441 0.0257437 0.0257227 0.0257087 0.0257087 0.0298616 0.0252802 0.0782085 0.0040898 0.0807573 0.0026797 0.0286200 0.0000000 0.0005746 0.0002430 0.0007550 0.0133914 0.0282965 0.0292374 0.0288706 0.0273998 0.0014658 0.0017112 0.0014659 0.0017111 0.0240382 0.0593440 0.0173120 0.0288279 0.0295483 0.0027483 0.0017134 0.0035779 0.0022182 0.0011504 0.0009760 0.0036817 0.0025177 0.0022035 0.0186441 0.0273188 0.0240506 0.0243184 0.0271692 0.0254064 0.0248761 0.0269069 0.0245827 0.0243100 0.0244494 0.0120764 0.0254069 0.0254633 0.0248572 0.0373301 0.0140537 0.0821470 0.0044289 0.0028628 0.0044303 0.0159145 0.0277954 0.0017588 0.0104555 0.0115031 0.0012550 0.0263312 0.0112683 0.0166163 0.0118476 0.0010246 0.0010043 0.0014658 0.0010051 0.0014659 0.0006565 0.0005019 0.0002722 0.0014669 0.0015029 0.0014657 0.0009771 0.0004875 0.0790691 0.0009763 0.0229159 0.0007316 0.0240340 
Dcap79929_PCDH15    0.0304999 0.0239321 0.0235884 0.0257069 0.0250881 0.0253950 0.0253950 0.0299356 0.0242125 0.0785893 0.0039470 0.0811500 0.0026289 0.0279888 0.0005746 0.0000000 0.0008616 0.0005741 0.0136914 0.0283897 0.0284103 0.0290675 0.0276959 0.0014381 0.0017271 0.0014383 0.0017269 0.0240450 0.0600039 0.0180862 0.0279986 0.0290667 0.0025955 0.0023089 0.0042457 0.0027970 0.0006217 0.0008617 0.0037553 0.0025940 0.0023047 0.0198287 0.0264533 0.0243807 0.0243724 0.0261185 0.0256580 0.0250328 0.0271508 0.0246862 0.0243636 0.0251720 0.0121421 0.0256595 0.0253839 0.0250104 0.0266178 0.0141406 0.0801680 0.0040514 0.0028952 0.0040531 0.0158346 0.0265129 0.0017269 0.0099333 0.0114679 0.0011499 0.0243855 0.0111439 0.0175037 0.0117856 0.0011506 0.0011510 0.0017268 0.0011499 0.0017270 0.0006987 0.0011495 0.0008853 0.0005741 0.0013049 0.0017266 0.0011511 0.0011495 0.0830514 0.0008616 0.0233814 0.0008616 0.0240532 
DdelSJR_PCDH15      0.0308740 0.0249018 0.0241458 0.0259990 0.0259832 0.0259690 0.0259690 0.0301181 0.0255596 0.0784727 0.0043612 0.0810218 0.0029468 0.0288840 0.0002430 0.0008616 0.0000000 0.0010064 0.0136404 0.0285527 0.0295069 0.0291270 0.0276639 0.0017097 0.0019552 0.0017098 0.0019550 0.0242927 0.0596079 0.0168973 0.0290888 0.0298371 0.0029974 0.0019577 0.0038324 0.0024948 0.0014376 0.0012197 0.0039261 0.0027687 0.0024477 0.0189590 0.0276543 0.0243052 0.0245730 0.0274409 0.0256611 0.0251309 0.0272253 0.0248372 0.0245645 0.0247138 0.0123247 0.0256616 0.0257185 0.0251118 0.0375916 0.0143305 0.0824115 0.0046737 0.0031222 0.0046752 0.0156042 0.0280496 0.0020095 0.0108530 0.0117613 0.0015056 0.0265976 0.0115398 0.0168674 0.0121196 0.0012804 0.0012550 0.0017097 0.0012560 0.0017098 0.0006559 0.0007526 0.0005454 0.0017110 0.0018029 0.0017095 0.0012211 0.0007311 0.0789700 0.0012201 0.0231698 0.0009752 0.0243195 
Ddeltrop4525_PCDH15 0.0313305 0.0249059 0.0238250 0.0262970 0.0259946 0.0259800 0.0259800 0.0305509 0.0252614 0.0796078 0.0043619 0.0822502 0.0033298 0.0288887 0.0007550 0.0005741 0.0010064 0.0000000 0.0140857 0.0289347 0.0296375 0.0295283 0.0280265 0.0022709 0.0025249 0.0022711 0.0025247 0.0245342 0.0603984 0.0169141 0.0294968 0.0303110 0.0033553 0.0025282 0.0044940 0.0031642 0.0014378 0.0017640 0.0045637 0.0033838 0.0030346 0.0190457 0.0272943 0.0245472 0.0242592 0.0268198 0.0256634 0.0253999 0.0272307 0.0250964 0.0248149 0.0252059 0.0127253 0.0259478 0.0257073 0.0253800 0.0383112 0.0148280 0.0833336 0.0053379 0.0037712 0.0053396 0.0158645 0.0278292 0.0025974 0.0112787 0.0121580 0.0020757 0.0259986 0.0116591 0.0174248 0.0122392 0.0015889 0.0018168 0.0022708 0.0018183 0.0022711 0.0013626 0.0012970 0.0011313 0.0022727 0.0018032 0.0022706 0.0017661 0.0012586 0.0812081 0.0017646 0.0233745 0.0015111 0.0242574 
Dleu_PCDH15         0.2088469 0.0228015 0.0227077 0.0219873 0.0219110 0.0229974 0.0229974 0.2144353 0.0221246 0.0782499 0.0134477 0.1732907 0.0129807 0.0250047 0.0133914 0.0136914 0.0136404 0.0140857 0.0000000 0.0247406 0.0255035 0.0253002 0.0229252 0.0136448 0.0139067 0.0131269 0.0266566 0.0222358 0.2732125 0.0184614 0.0269385 0.0268103 0.0131290 0.0136571 0.0142216 0.0131574 0.0121429 0.0141590 0.2018536 0.0132438 0.0133973 0.0153471 0.0253058 0.0222470 0.0230499 0.0255032 0.0235848 0.0230607 0.0266870 0.0227727 0.0225038 0.0228520 0.0026482 0.0235853 0.0236369 0.0230434 0.0271059 0.0079920 0.0819809 0.0160151 0.0142476 0.0134502 0.0140358 0.2039769 0.0135002 0.0075540 0.0064224 0.0129672 0.0230443 0.0067705 0.0098622 0.0064978 0.0135118 0.0132433 0.0141643 0.0137941 0.0146721 0.0136247 0.0140579 0.0141662 0.0131260 0.0139962 0.0146819 0.0136370 0.0139005 0.0842066 0.0141638 0.0217017 0.0140726 0.0232351 
EausAUS_PCDH15      0.0087386 0.0177736 0.0156673 0.0062101 0.0060836 0.0060799 0.0060799 0.0077357 0.0079393 0.0590784 0.0258500 0.0620717 0.0283420 0.0106316 0.0282965 0.0283897 0.0285527 0.0289347 0.0247406 0.0000000 0.0010305 0.0014734 0.0066641 0.0285634 0.0288475 0.0285657 0.0285657 0.0154896 0.0423717 0.0259975 0.0240840 0.0230547 0.0288889 0.0285909 0.0274497 0.0255874 0.0262548 0.0291102 0.0291416 0.0276970 0.0277553 0.0220570 0.0167110 0.0154852 0.0157412 0.0179350 0.0162604 0.0157484 0.0188029 0.0154752 0.0152147 0.0152823 0.0236369 0.0157365 0.0152456 0.0152136 0.0502154 0.0257932 0.0624369 0.0317067 0.0286837 0.0288622 0.0235430 0.0173281 0.0285318 0.0211047 0.0226500 0.0279574 0.0176372 0.0227483 0.0285328 0.0236486 0.0291578 0.0288166 0.0291226 0.0277512 0.0296825 0.0288673 0.0274550 0.0281248 0.0274278 0.0282450 0.0293584 0.0279545 0.0288334 0.0606624 0.0291212 0.0141757 0.0285488 0.0153550 
Egla13086_PCDH15    0.0089220 0.0174084 0.0153641 0.0065286 0.0060043 0.0062648 0.0062648 0.0078679 0.0082008 0.0594601 0.0273900 0.0628935 0.0289694 0.0112022 0.0292374 0.0284103 0.0295069 0.0296375 0.0255035 0.0010305 0.0000000 0.0010311 0.0070173 0.0295186 0.0298184 0.0295211 0.0295211 0.0160297 0.0419073 0.0259236 0.0242380 0.0242463 0.0295351 0.0295485 0.0289902 0.0271257 0.0272370 0.0300949 0.0307173 0.0292340 0.0292524 0.0231995 0.0174129 0.0162993 0.0165688 0.0186310 0.0171160 0.0163014 0.0199682 0.0162882 0.0157385 0.0161180 0.0243402 0.0165636 0.0160478 0.0160124 0.0378958 0.0266853 0.0633256 0.0325388 0.0293954 0.0292482 0.0235588 0.0176876 0.0295129 0.0218217 0.0233261 0.0289061 0.0176334 0.0232219 0.0295122 0.0236639 0.0298320 0.0298137 0.0301085 0.0286911 0.0306992 0.0292896 0.0283778 0.0284577 0.0283201 0.0286127 0.0303557 0.0288745 0.0298031 0.0617669 0.0301070 0.0149059 0.0295026 0.0163082 
Ejap43864_PCDH15    0.0092514 0.0181473 0.0162986 0.0067167 0.0066003 0.0065963 0.0065963 0.0082467 0.0085004 0.0597359 0.0270860 0.0627392 0.0295796 0.0111671 0.0288706 0.0290675 0.0291270 0.0295283 0.0253002 0.0014734 0.0010311 0.0000000 0.0071874 0.0291380 0.0294229 0.0291403 0.0291403 0.0165446 0.0429837 0.0260220 0.0252049 0.0242885 0.0294760 0.0291661 0.0286217 0.0268530 0.0265985 0.0296859 0.0302769 0.0288571 0.0288847 0.0223934 0.0181045 0.0165399 0.0167965 0.0190704 0.0167934 0.0168043 0.0197914 0.0165291 0.0162675 0.0163766 0.0241942 0.0167915 0.0163006 0.0162664 0.0508660 0.0264177 0.0631060 0.0322905 0.0292950 0.0288807 0.0241735 0.0183911 0.0291221 0.0224160 0.0232260 0.0285461 0.0187530 0.0233560 0.0288287 0.0242589 0.0297622 0.0294076 0.0296987 0.0283411 0.0302600 0.0296427 0.0280439 0.0287673 0.0279989 0.0289499 0.0299342 0.0285264 0.0294085 0.0619564 0.0296972 0.0152243 0.0291230 0.0165364 
Erob133443_PCDH15   0.0063786 0.0162048 0.0146918 0.0035567 0.0038927 0.0044130 0.0044130 0.0061345 0.0039138 0.0567546 0.0241563 0.0604360 0.0280098 0.0068811 0.0273998 0.0276959 0.0276639 0.0280265 0.0229252 0.0066641 0.0070173 0.0071874 0.0000000 0.0273876 0.0279653 0.0276767 0.0276767 0.0151153 0.0403206 0.0245794 0.0222400 0.0220934 0.0279894 0.0271317 0.0261987 0.0248155 0.0258948 0.0282349 0.0282661 0.0273664 0.0274144 0.0197314 0.0169969 0.0148364 0.0145648 0.0169943 0.0153618 0.0148374 0.0177335 0.0148266 0.0145598 0.0143158 0.0226310 0.0150942 0.0145901 0.0140260 0.0495193 0.0250276 0.0617318 0.0308927 0.0274621 0.0279799 0.0225723 0.0151269 0.0276386 0.0193297 0.0207088 0.0270495 0.0153204 0.0210043 0.0273369 0.0213167 0.0282630 0.0279308 0.0282472 0.0271086 0.0288207 0.0284941 0.0268050 0.0274332 0.0265323 0.0264325 0.0284901 0.0270526 0.0279513 0.0586782 0.0282458 0.0140432 0.0276600 0.0146279 
Fatt_PCDH15         0.0308857 0.0249194 0.0238318 0.0260085 0.0259929 0.0259787 0.0259787 0.0301285 0.0255736 0.0778409 0.0043632 0.0807433 0.0026787 0.0288951 0.0014658 0.0014381 0.0017097 0.0022709 0.0136448 0.0285634 0.0295186 0.0291380 0.0273876 0.0000000 0.0017107 0.0009753 0.0012198 0.0243014 0.0590021 0.0181005 0.0290999 0.0295339 0.0027474 0.0022045 0.0033194 0.0027748 0.0011500 0.0019551 0.0036805 0.0025169 0.0022028 0.0183001 0.0273033 0.0243139 0.0245818 0.0274517 0.0256704 0.0251400 0.0275838 0.0248461 0.0245734 0.0250081 0.0123287 0.0256709 0.0257279 0.0251209 0.0370202 0.0140458 0.0821016 0.0054216 0.0036476 0.0044289 0.0159065 0.0275062 0.0012537 0.0108608 0.0112308 0.0007514 0.0260300 0.0112640 0.0163446 0.0115614 0.0020525 0.0020118 0.0014643 0.0007526 0.0024470 0.0016436 0.0017603 0.0016404 0.0024487 0.0030133 0.0024466 0.0019574 0.0019550 0.0790246 0.0019557 0.0231781 0.0017097 0.0246366 
Ggri_PCDH15         0.0311707 0.0241266 0.0241444 0.0262890 0.0262791 0.0262647 0.0262647 0.0304144 0.0255790 0.0785122 0.0043641 0.0814215 0.0029487 0.0291882 0.0017112 0.0017271 0.0019552 0.0025249 0.0139067 0.0288475 0.0298184 0.0294229 0.0279653 0.0017107 0.0000000 0.0017108 0.0019562 0.0243066 0.0593270 0.0176924 0.0293897 0.0295380 0.0029992 0.0024510 0.0038348 0.0024950 0.0017273 0.0022009 0.0039284 0.0027704 0.0024491 0.0186374 0.0276525 0.0245920 0.0248602 0.0274395 0.0259499 0.0254191 0.0268779 0.0251247 0.0248516 0.0252977 0.0125886 0.0259504 0.0260080 0.0253997 0.0367442 0.0134670 0.0821142 0.0051733 0.0039108 0.0041813 0.0159088 0.0283413 0.0020107 0.0100365 0.0112345 0.0015065 0.0265962 0.0112679 0.0160874 0.0115654 0.0023106 0.0022647 0.0022016 0.0015088 0.0026935 0.0016429 0.0020131 0.0016398 0.0026953 0.0027093 0.0026930 0.0022034 0.0022008 0.0793936 0.0022015 0.0234543 0.0019552 0.0246253 
Gmac39091_PCDH15    0.0303277 0.0249209 0.0241584 0.0260106 0.0259950 0.0259808 0.0259808 0.0301309 0.0252731 0.0785233 0.0040885 0.0814332 0.0026790 0.0288975 0.0014659 0.0014383 0.0017098 0.0022711 0.0131269 0.0285657 0.0295211 0.0291403 0.0276767 0.0009753 0.0017108 0.0000000 0.0007312 0.0243034 0.0596419 0.0177030 0.0288164 0.0295353 0.0027477 0.0022046 0.0035768 0.0024960 0.0014384 0.0019552 0.0036808 0.0025171 0.0022029 0.0189690 0.0276706 0.0243159 0.0245838 0.0274541 0.0256725 0.0251420 0.0275866 0.0248481 0.0245753 0.0250102 0.0118142 0.0256729 0.0257299 0.0251229 0.0364378 0.0140471 0.0827945 0.0054220 0.0036479 0.0044292 0.0162064 0.0280622 0.0012538 0.0100405 0.0109645 0.0007515 0.0266100 0.0109838 0.0163459 0.0112805 0.0020526 0.0020119 0.0014644 0.0007527 0.0024472 0.0016438 0.0017604 0.0016406 0.0024489 0.0027105 0.0024468 0.0019575 0.0019551 0.0797175 0.0019558 0.0231799 0.0017098 0.0246388 
Gmel_PCDH15         0.2641376 0.0249209 0.0241584 0.0260106 0.0259950 0.0259808 0.0259808 0.2691000 0.0252731 0.0978878 0.0040885 0.2166102 0.0026790 0.0288975 0.0017111 0.0017269 0.0019550 0.0025247 0.0266566 0.0285657 0.0295211 0.0291403 0.0276767 0.0012198 0.0019562 0.0007312 0.0000000 0.0243034 0.3309181 0.0173041 0.0288164 0.0295353 0.0029989 0.0024508 0.0035768 0.0024960 0.0017271 0.0022007 0.2115059 0.0027702 0.0024489 0.0184862 0.0276706 0.0243159 0.0245838 0.0274541 0.0256725 0.0251420 0.0275866 0.0248481 0.0245753 0.0250102 0.0252360 0.0256729 0.0257299 0.0251229 0.0488943 0.0146257 0.1031500 0.0056712 0.0039104 0.0162016 0.0162064 0.2535549 0.0015053 0.0108615 0.0114998 0.0010025 0.0268719 0.0115460 0.0294484 0.0118441 0.0023104 0.0020119 0.0017093 0.0010041 0.0026910 0.0016438 0.0020129 0.0019150 0.0026951 0.0027105 0.0026927 0.0022033 0.0022006 0.1058413 0.0022014 0.0231799 0.0143084 0.0246388 
Hamp_PCDH15         0.0170072 0.0059785 0.0046858 0.0141577 0.0144560 0.0144467 0.0144467 0.0162647 0.0155727 0.0582132 0.0215490 0.0614736 0.0234130 0.0170615 0.0240382 0.0240450 0.0242927 0.0245342 0.0222358 0.0154896 0.0160297 0.0165446 0.0151153 0.0243014 0.0243066 0.0243034 0.0243034 0.0000000 0.0411741 0.0234695 0.0204423 0.0214557 0.0242580 0.0243244 0.0227603 0.0214838 0.0229457 0.0248393 0.0248655 0.0233515 0.0229582 0.0196248 0.0042157 0.0034506 0.0039446 0.0047369 0.0041936 0.0036993 0.0055528 0.0034485 0.0032007 0.0038407 0.0208516 0.0041937 0.0042023 0.0036967 0.0454202 0.0208713 0.0624707 0.0262663 0.0247569 0.0245915 0.0191871 0.0154395 0.0236106 0.0180183 0.0189334 0.0236106 0.0148314 0.0194157 0.0245474 0.0194214 0.0244128 0.0244534 0.0243005 0.0236592 0.0253986 0.0254317 0.0239338 0.0243204 0.0237526 0.0223833 0.0250873 0.0237122 0.0245677 0.0612889 0.0248485 0.0047004 0.0242893 0.0033142 
Hippo_PCDH15        0.0464041 0.0410759 0.0418727 0.0399415 0.0398932 0.0398632 0.0398632 0.0480708 0.0388243 0.2781129 0.0538796 0.1860585 0.0572108 0.0422574 0.0593440 0.0600039 0.0596079 0.0603984 0.2732125 0.0423717 0.0419073 0.0429837 0.0403206 0.0590021 0.0593270 0.0596419 0.3309181 0.0411741 0.0000000 0.0516070 0.0495618 0.0488115 0.0576963 0.0597008 0.0549035 0.0554141 0.0595447 0.0602375 0.1438857 0.0589601 0.0590212 0.3597908 0.0428902 0.0408697 0.0408488 0.0441323 0.0417000 0.0411483 0.0446871 0.0405448 0.0408344 0.0413148 0.2676169 0.0411357 0.0418125 0.0405520 0.3389386 0.0541953 0.2836282 0.0597128 0.0591452 0.2920732 0.0488037 0.0463564 0.0592900 0.0493122 0.0499244 0.0589513 0.0419340 0.0488313 0.2783961 0.0505575 0.0592507 0.0593257 0.0596337 0.0586729 0.0608433 0.0606611 0.0589743 0.0613712 0.0583679 0.0571997 0.0604790 0.0588777 0.0599272 0.2918310 0.0602656 0.0382453 0.2852240 0.0419559 
Igeo_PCDH15         0.0271087 0.0239738 0.0239419 0.0226424 0.0235256 0.0226834 0.0226834 0.0251520 0.0239171 0.0701484 0.0177544 0.0733938 0.0172517 0.0251438 0.0173120 0.0180862 0.0168973 0.0169141 0.0184614 0.0259975 0.0259236 0.0260220 0.0245794 0.0181005 0.0176924 0.0177030 0.0173041 0.0234695 0.0516070 0.0000000 0.0267260 0.0280679 0.0169070 0.0177235 0.0177054 0.0169102 0.0151846 0.0172938 0.0173057 0.0165140 0.0165140 0.0143825 0.0249121 0.0238754 0.0242762 0.0252321 0.0254939 0.0250829 0.0258587 0.0246743 0.0246753 0.0246945 0.0164304 0.0254957 0.0250854 0.0246732 0.0184738 0.0193625 0.0714860 0.0197200 0.0185146 0.0165017 0.0111330 0.0237334 0.0177030 0.0167686 0.0172191 0.0177030 0.0229758 0.0172357 0.0193179 0.0175738 0.0185145 0.0181015 0.0181026 0.0177030 0.0185003 0.0180371 0.0164993 0.0180667 0.0176907 0.0197757 0.0188936 0.0160721 0.0172921 0.0750991 0.0172938 0.0234303 0.0172938 0.0240863 
Kbre_PCDH15         0.0248127 0.0227409 0.0199619 0.0210135 0.0225906 0.0225751 0.0225751 0.0245996 0.0241567 0.0684127 0.0264335 0.0694475 0.0273627 0.0251626 0.0288279 0.0279986 0.0290888 0.0294968 0.0269385 0.0240840 0.0242380 0.0252049 0.0222400 0.0290999 0.0293897 0.0288164 0.0288164 0.0204423 0.0495618 0.0267260 0.0000000 0.0069839 0.0288603 0.0291284 0.0285709 0.0267917 0.0258560 0.0290861 0.0291225 0.0276575 0.0282763 0.0232894 0.0204590 0.0188043 0.0196139 0.0224331 0.0206940 0.0201497 0.0220582 0.0198776 0.0196071 0.0201292 0.0254893 0.0206945 0.0204662 0.0193363 0.0404012 0.0274848 0.0735696 0.0320169 0.0297668 0.0291018 0.0208840 0.0149791 0.0279228 0.0228127 0.0246127 0.0279228 0.0154420 0.0256971 0.0281379 0.0245287 0.0291452 0.0287979 0.0296702 0.0291447 0.0299563 0.0284536 0.0282547 0.0274345 0.0279635 0.0271661 0.0293433 0.0279101 0.0288045 0.0691660 0.0296688 0.0190725 0.0290847 0.0187764 
Ksim_PCDH15         0.0241903 0.0251450 0.0219094 0.0208839 0.0217136 0.0232500 0.0232500 0.0248670 0.0244139 0.0666263 0.0266008 0.0691975 0.0279565 0.0254873 0.0295483 0.0290667 0.0298371 0.0303110 0.0268103 0.0230547 0.0242463 0.0242885 0.0220934 0.0295339 0.0295380 0.0295353 0.0295353 0.0214557 0.0488115 0.0280679 0.0069839 0.0000000 0.0296005 0.0298823 0.0286530 0.0277188 0.0270532 0.0298341 0.0298756 0.0282644 0.0289368 0.0234392 0.0226762 0.0193310 0.0202262 0.0230757 0.0211186 0.0202173 0.0241168 0.0205177 0.0199184 0.0204925 0.0261309 0.0214214 0.0211706 0.0199189 0.0424138 0.0277198 0.0704592 0.0324491 0.0306407 0.0285928 0.0217830 0.0154173 0.0285588 0.0254877 0.0248769 0.0285588 0.0159405 0.0264347 0.0287557 0.0255383 0.0299372 0.0295324 0.0304827 0.0299248 0.0308002 0.0306236 0.0295866 0.0287479 0.0285890 0.0289472 0.0298029 0.0285285 0.0295217 0.0701205 0.0304810 0.0208500 0.0298324 0.0216464 
Lacu_PCDH15         0.0306864 0.0253285 0.0244947 0.0262797 0.0260066 0.0265535 0.0265535 0.0299149 0.0255881 0.0793563 0.0044591 0.0819858 0.0026778 0.0292388 0.0027483 0.0025955 0.0029974 0.0033553 0.0131290 0.0288889 0.0295351 0.0294760 0.0279894 0.0027474 0.0029992 0.0027477 0.0029989 0.0242580 0.0576963 0.0169070 0.0288603 0.0296005 0.0000000 0.0030009 0.0041758 0.0028345 0.0017682 0.0027464 0.0040048 0.0025677 0.0024966 0.0194598 0.0276868 0.0245485 0.0253798 0.0277492 0.0259336 0.0253921 0.0282913 0.0250919 0.0248133 0.0252673 0.0117905 0.0259341 0.0259928 0.0253724 0.0239498 0.0134694 0.0830292 0.0052746 0.0034560 0.0047731 0.0159140 0.0280895 0.0028262 0.0112046 0.0109233 0.0023099 0.0266222 0.0109885 0.0158758 0.0112853 0.0030860 0.0030868 0.0032502 0.0025717 0.0037540 0.0027049 0.0025707 0.0028000 0.0032528 0.0040191 0.0037532 0.0027497 0.0027463 0.0782855 0.0032501 0.0234097 0.0029974 0.0251993 
Lalb_PCDH15         0.0309154 0.0249492 0.0241831 0.0260333 0.0260181 0.0260039 0.0260039 0.0301576 0.0252953 0.0782770 0.0040918 0.0815195 0.0029505 0.0289238 0.0017134 0.0023089 0.0019577 0.0025282 0.0136571 0.0285909 0.0295485 0.0291661 0.0271317 0.0022045 0.0024510 0.0022046 0.0024508 0.0243244 0.0597008 0.0177235 0.0291284 0.0298823 0.0030009 0.0000000 0.0035795 0.0024981 0.0023092 0.0026960 0.0039307 0.0027720 0.0024505 0.0189891 0.0277025 0.0243370 0.0246051 0.0274797 0.0256948 0.0251639 0.0276167 0.0248697 0.0245966 0.0250328 0.0123397 0.0256953 0.0257524 0.0251447 0.0376447 0.0146392 0.0828825 0.0056750 0.0033882 0.0051822 0.0162218 0.0280867 0.0025193 0.0108745 0.0115078 0.0020133 0.0266343 0.0115554 0.0168885 0.0118538 0.0028308 0.0027745 0.0026970 0.0020165 0.0031904 0.0026402 0.0020157 0.0019179 0.0031926 0.0033227 0.0031898 0.0026992 0.0022036 0.0793548 0.0026969 0.0231999 0.0024496 0.0246628 
Laus_PCDH15         0.0296196 0.0261193 0.0226429 0.0248063 0.0250551 0.0250409 0.0250409 0.0285429 0.0265271 0.0710300 0.0029924 0.0746926 0.0013777 0.0277561 0.0035779 0.0042457 0.0038324 0.0044940 0.0142216 0.0274497 0.0289902 0.0286217 0.0261987 0.0033194 0.0038348 0.0035768 0.0035768 0.0227603 0.0549035 0.0177054 0.0285709 0.0286530 0.0041758 0.0035795 0.0000000 0.0024964 0.0039402 0.0043481 0.0030623 0.0023589 0.0020366 0.0175614 0.0249796 0.0230552 0.0233329 0.0262255 0.0241745 0.0236249 0.0264735 0.0236070 0.0233245 0.0231125 0.0128476 0.0244607 0.0242305 0.0236063 0.0260390 0.0138722 0.0756428 0.0061666 0.0043415 0.0053911 0.0160971 0.0255353 0.0042116 0.0129387 0.0125907 0.0036812 0.0244825 0.0126824 0.0147930 0.0129953 0.0045759 0.0044768 0.0043497 0.0036840 0.0046080 0.0041777 0.0039477 0.0040224 0.0048698 0.0051535 0.0048654 0.0043535 0.0040901 0.0727237 0.0043495 0.0218821 0.0038324 0.0232083 
Lbor_PCDH15         0.0279658 0.0247558 0.0220860 0.0230465 0.0232754 0.0232580 0.0232580 0.0267967 0.0244637 0.0692808 0.0022995 0.0722156 0.0011671 0.0245497 0.0022182 0.0027970 0.0024948 0.0031642 0.0131574 0.0255874 0.0271257 0.0268530 0.0248155 0.0027748 0.0024950 0.0024960 0.0024960 0.0214838 0.0554141 0.0169102 0.0267917 0.0277188 0.0028345 0.0024981 0.0024964 0.0000000 0.0028004 0.0027738 0.0016601 0.0011056 0.0008288 0.0185098 0.0242585 0.0217912 0.0223981 0.0239876 0.0230049 0.0224083 0.0246478 0.0220831 0.0220838 0.0219720 0.0116708 0.0226980 0.0227544 0.0220825 0.0259785 0.0126018 0.0737548 0.0036141 0.0024963 0.0033368 0.0155057 0.0238703 0.0030542 0.0116827 0.0119748 0.0024960 0.0232662 0.0113344 0.0143654 0.0120597 0.0031226 0.0030540 0.0027750 0.0024960 0.0033335 0.0017308 0.0027738 0.0025763 0.0024949 0.0031234 0.0036124 0.0030568 0.0027736 0.0720909 0.0027735 0.0202195 0.0024948 0.0222315 
Lhos30470_PCDH15    0.0290800 0.0234920 0.0229894 0.0249241 0.0249027 0.0248833 0.0248833 0.0278423 0.0229732 0.0749866 0.0039471 0.0773553 0.0027871 0.0268667 0.0011504 0.0006217 0.0014376 0.0014378 0.0121429 0.0262548 0.0272370 0.0265985 0.0258948 0.0011500 0.0017273 0.0014384 0.0017271 0.0229457 0.0595447 0.0151846 0.0258560 0.0270532 0.0017682 0.0023092 0.0039402 0.0028004 0.0000000 0.0008616 0.0037558 0.0025943 0.0023049 0.0174264 0.0257093 0.0226277 0.0226201 0.0238916 0.0235686 0.0232695 0.0254742 0.0226102 0.0229313 0.0227391 0.0112207 0.0238915 0.0236163 0.0232506 0.0401663 0.0127536 0.0777538 0.0046354 0.0037702 0.0040501 0.0141371 0.0251474 0.0017271 0.0097483 0.0098747 0.0011500 0.0242243 0.0091451 0.0159258 0.0098281 0.0017686 0.0017284 0.0017270 0.0011500 0.0023052 0.0014987 0.0011495 0.0015302 0.0011495 0.0016975 0.0020157 0.0005741 0.0011494 0.0800574 0.0011494 0.0216523 0.0014376 0.0231237 
Lhos452_PCDH15      0.0314325 0.0256860 0.0244696 0.0265512 0.0265456 0.0265310 0.0265310 0.0306767 0.0261659 0.0791407 0.0046368 0.0816959 0.0029471 0.0294588 0.0009760 0.0008617 0.0012197 0.0017640 0.0141590 0.0291102 0.0300949 0.0296859 0.0282349 0.0019551 0.0022009 0.0019552 0.0022007 0.0248393 0.0602375 0.0172938 0.0290861 0.0298341 0.0027464 0.0026960 0.0043481 0.0027738 0.0008616 0.0000000 0.0041739 0.0027690 0.0026939 0.0192920 0.0283822 0.0248522 0.0251204 0.0280302 0.0262103 0.0256795 0.0275704 0.0253848 0.0251117 0.0252826 0.0128399 0.0262108 0.0262691 0.0256600 0.0375880 0.0143291 0.0830884 0.0049225 0.0031225 0.0049240 0.0158994 0.0286017 0.0020097 0.0108549 0.0117618 0.0015058 0.0271738 0.0115404 0.0168659 0.0121202 0.0012805 0.0012551 0.0019550 0.0015081 0.0019552 0.0009846 0.0010041 0.0010922 0.0019565 0.0021049 0.0019548 0.0009765 0.0009753 0.0800139 0.0012206 0.0237136 0.0012197 0.0246261 
Lobl_PCDH15         0.1053477 0.0260898 0.0254731 0.0271309 0.0271369 0.0271220 0.0271220 0.1067895 0.0264949 0.3491252 0.0035390 0.2199417 0.0021406 0.0300665 0.0036817 0.0037553 0.0039261 0.0045637 0.2018536 0.0291416 0.0307173 0.0302769 0.0282661 0.0036805 0.0039284 0.0036808 0.2115059 0.0248655 0.1438857 0.0173057 0.0291225 0.0298756 0.0040048 0.0039307 0.0030623 0.0016601 0.0037558 0.0041739 0.0000000 0.0017592 0.0019569 0.3155051 0.0276898 0.0248784 0.0246002 0.0277686 0.0256859 0.0251551 0.0275888 0.0254116 0.0251381 0.0247238 0.1974185 0.0262386 0.0262970 0.0251396 0.2603158 0.0152118 0.3591011 0.0061683 0.0041696 0.1829015 0.0168121 0.0996960 0.0040380 0.0125085 0.0125767 0.0035297 0.0268904 0.0123894 0.2046774 0.0129801 0.0043829 0.0040408 0.0041753 0.0032794 0.0046671 0.0029663 0.0037862 0.0038434 0.0046742 0.0045357 0.0046702 0.0041788 0.0041737 0.3574018 0.0041752 0.0237383 0.1749480 0.0249462 
Lobs_PCDH15         0.0303910 0.0247569 0.0241799 0.0256441 0.0256410 0.0256234 0.0256234 0.0296129 0.0251826 0.0763183 0.0027166 0.0792322 0.0010675 0.0286226 0.0025177 0.0025940 0.0027687 0.0033838 0.0132438 0.0276970 0.0292340 0.0288571 0.0273664 0.0025169 0.0027704 0.0025171 0.0027702 0.0233515 0.0589601 0.0165140 0.0276575 0.0282644 0.0025677 0.0027720 0.0023589 0.0011056 0.0025943 0.0027690 0.0017592 0.0000000 0.0007521 0.0196538 0.0265215 0.0233638 0.0239182 0.0262225 0.0247555 0.0242108 0.0265529 0.0239102 0.0236304 0.0239987 0.0118931 0.0247560 0.0248124 0.0241919 0.0375906 0.0139096 0.0802311 0.0045492 0.0031208 0.0043018 0.0162201 0.0266441 0.0027702 0.0120951 0.0112965 0.0022642 0.0250846 0.0110349 0.0165576 0.0116411 0.0030870 0.0030256 0.0030233 0.0023310 0.0035307 0.0019737 0.0028508 0.0027394 0.0025159 0.0036237 0.0035300 0.0030259 0.0030221 0.0773894 0.0027687 0.0222010 0.0027687 0.0240247 
LperAUS_PCDH15      0.0306340 0.0245317 0.0232084 0.0257560 0.0257353 0.0257212 0.0257212 0.0298761 0.0252973 0.0766129 0.0024438 0.0798365 0.0008002 0.0286343 0.0022035 0.0023047 0.0024477 0.0030346 0.0133973 0.0277553 0.0292524 0.0288847 0.0274144 0.0022028 0.0024491 0.0022029 0.0024489 0.0229582 0.0590212 0.0165140 0.0282763 0.0289368 0.0024966 0.0024505 0.0020366 0.0008288 0.0023049 0.0026939 0.0019569 0.0007521 0.0000000 0.0189872 0.0258838 0.0229699 0.0232371 0.0260067 0.0243218 0.0237926 0.0258625 0.0235009 0.0232291 0.0235889 0.0120817 0.0243223 0.0243761 0.0237745 0.0373495 0.0143494 0.0800903 0.0046761 0.0028595 0.0041844 0.0159226 0.0272590 0.0020117 0.0116840 0.0115099 0.0020117 0.0257707 0.0115463 0.0166238 0.0118550 0.0028285 0.0027722 0.0026949 0.0020132 0.0031879 0.0019737 0.0025181 0.0024643 0.0031901 0.0033200 0.0031874 0.0026971 0.0026938 0.0783355 0.0026948 0.0223850 0.0024477 0.0231066 
Lvex_PCDH15         0.2892757 0.0212010 0.0212088 0.0186372 0.0198424 0.0187996 0.0187996 0.2969540 0.0203066 0.0747780 0.0179653 0.1974133 0.0194722 0.0233329 0.0186441 0.0198287 0.0189590 0.0190457 0.0153471 0.0220570 0.0231995 0.0223934 0.0197314 0.0183001 0.0186374 0.0189690 0.0184862 0.0196248 0.3597908 0.0143825 0.0232894 0.0234392 0.0194598 0.0189891 0.0175614 0.0185098 0.0174264 0.0192920 0.3155051 0.0196538 0.0189872 0.0000000 0.0206861 0.0183021 0.0186309 0.0223754 0.0189541 0.0186391 0.0232812 0.0192874 0.0186215 0.0194397 0.0133385 0.0199549 0.0193187 0.0179574 0.0405693 0.0163058 0.0785948 0.0209780 0.0204736 0.0184693 0.0117235 0.2789448 0.0186348 0.0123168 0.0118881 0.0186348 0.0181396 0.0123666 0.0154417 0.0127317 0.0198060 0.0186529 0.0196350 0.0190180 0.0199330 0.0208079 0.0186647 0.0204450 0.0189570 0.0193462 0.0199650 0.0182619 0.0192937 0.0758859 0.0192893 0.0192976 0.0182100 0.0189474 
Mbid_PCDH15         0.0173498 0.0095128 0.0074408 0.0156379 0.0156478 0.0166782 0.0166782 0.0184450 0.0161100 0.0598601 0.0240105 0.0617447 0.0261239 0.0177204 0.0273188 0.0264533 0.0276543 0.0272943 0.0253058 0.0167110 0.0174129 0.0181045 0.0169969 0.0273033 0.0276525 0.0276706 0.0276706 0.0042157 0.0428902 0.0249121 0.0204590 0.0226762 0.0276868 0.0277025 0.0249796 0.0242585 0.0257093 0.0283822 0.0276898 0.0265215 0.0258838 0.0206861 0.0000000 0.0038868 0.0038834 0.0044187 0.0032319 0.0029098 0.0045869 0.0035579 0.0032325 0.0030396 0.0241699 0.0045368 0.0045462 0.0042102 0.0384278 0.0241556 0.0635199 0.0287926 0.0277532 0.0273311 0.0203228 0.0142674 0.0268658 0.0186921 0.0209946 0.0268658 0.0146338 0.0215209 0.0280532 0.0206266 0.0276437 0.0279982 0.0269394 0.0269401 0.0291297 0.0289775 0.0273077 0.0272408 0.0269364 0.0246388 0.0283425 0.0268757 0.0280207 0.0663698 0.0283963 0.0058567 0.0276493 0.0052602 
