18
XM_033435856.2 0.0000000 0.0237790 0.0937161 0.2376620 0.3229148 0.0747196 0.0404681 0.0401402 0.0660036 0.0157507 0.0573882 0.2440001 0.1004993 0.2222203 0.0319090 0.1034245 0.0237790 0.1566420 
XM_033851420.1 0.0237790 0.0000000 0.0846590 0.2043802 0.3107494 0.0660036 0.0321639 0.0319090 0.0573882 0.0078243 0.0488768 0.2114058 0.0915954 0.1899759 0.0078243 0.0942048 0.0319090 0.1464877 
XM_024118324.3 0.0937161 0.0846590 0.0000000 0.2343131 0.3110220 0.1038805 0.0854521 0.0846590 0.0946137 0.0757053 0.1038805 0.2183236 0.0581158 0.1848954 0.0757053 0.0946137 0.0846590 0.1506263 
XM_057543901.1 0.2376620 0.2043802 0.2343131 0.0000000 0.4730414 0.2524381 0.2296332 0.2265032 0.2410079 0.2154066 0.2524381 0.0930743 0.1934343 0.0752205 0.1934343 0.1959447 0.2043802 0.1156524 
XM_007462508.1 0.3229148 0.3107494 0.3110220 0.4730414 0.0000000 0.3408739 0.3159990 0.3107494 0.3284506 0.2985737 0.3408739 0.4979844 0.2985737 0.4710312 0.2985737 0.2539498 0.3107494 0.3770960 
XM_022587537.2 0.0747196 0.0660036 0.1038805 0.2524381 0.3408739 0.0000000 0.0319090 0.0488768 0.0078243 0.0573882 0.0484721 0.2585378 0.1105504 0.2362646 0.0573882 0.1138822 0.0660036 0.1688703 
XM_024732463.1 0.0404681 0.0321639 0.0854521 0.2296332 0.3159990 0.0319090 0.0000000 0.0321639 0.0237790 0.0239648 0.0157507 0.2362646 0.0924464 0.2141801 0.0239648 0.0951137 0.0321639 0.1481486 
XM_027083802.1 0.0401402 0.0319090 0.0846590 0.2265032 0.3107494 0.0488768 0.0321639 0.0000000 0.0573882 0.0237790 0.0488768 0.2330885 0.0915954 0.2114058 0.0237790 0.0942048 0.0319090 0.1464877 
XM_029239353.1 0.0660036 0.0573882 0.0946137 0.2410079 0.3284506 0.0078243 0.0237790 0.0573882 0.0000000 0.0488768 0.0401402 0.2473832 0.1014527 0.2251934 0.0488768 0.1044448 0.0573882 0.1584581 
XM_030844159.2 0.0157507 0.0078243 0.0757053 0.2154066 0.2985737 0.0573882 0.0239648 0.0237790 0.0488768 0.0000000 0.0404681 0.2222203 0.0827814 0.2006540 0.0157507 0.0850891 0.0237790 0.1364355 
XM_032624673.1 0.0573882 0.0488768 0.1038805 0.2524381 0.3408739 0.0484721 0.0157507 0.0488768 0.0401402 0.0404681 0.0000000 0.2585378 0.1105504 0.2362646 0.0404681 0.1138822 0.0488768 0.1688703 
XM_036844031.1 0.2440001 0.2114058 0.2183236 0.0930743 0.4979844 0.2585378 0.2362646 0.2330885 0.2473832 0.2222203 0.2585378 0.0000000 0.1793786 0.0319937 0.2006540 0.2251934 0.2330885 0.1428516 
XM_059056979.1 0.1004993 0.0915954 0.0581158 0.1934343 0.2985737 0.1105504 0.0924464 0.0915954 0.1014527 0.0827814 0.1105504 0.1793786 0.0000000 0.1793786 0.0827814 0.0850891 0.0740599 0.1364355 
XM_059913687.1 0.2222203 0.1899759 0.1848954 0.0752205 0.4710312 0.2362646 0.2141801 0.2114058 0.2251934 0.2006540 0.2362646 0.0319937 0.1793786 0.0000000 0.1793786 0.2032364 0.2114058 0.1234921 
XM_060004950.1 0.0319090 0.0078243 0.0757053 0.1934343 0.2985737 0.0573882 0.0239648 0.0237790 0.0488768 0.0157507 0.0404681 0.2006540 0.0827814 0.1793786 0.0000000 0.0850891 0.0237790 0.1364355 
XM_060096569.1 0.1034245 0.0942048 0.0946137 0.1959447 0.2539498 0.1138822 0.0951137 0.0942048 0.1044448 0.0850891 0.1138822 0.2251934 0.0850891 0.2032364 0.0850891 0.0000000 0.0942048 0.1178905 
XM_060146960.1 0.0237790 0.0319090 0.0846590 0.2043802 0.3107494 0.0660036 0.0321639 0.0319090 0.0573882 0.0237790 0.0488768 0.2330885 0.0740599 0.2114058 0.0237790 0.0942048 0.0000000 0.1464877 
XM_061180540.1 0.1566420 0.1464877 0.1506263 0.1156524 0.3770960 0.1688703 0.1481486 0.1464877 0.1584581 0.1364355 0.1688703 0.1428516 0.1364355 0.1234921 0.1364355 0.1178905 0.1464877 0.0000000 
