Supplemental results for CODEML (seqf: /home/leticiamagpali/phd/evol_models/codeml/big_dataset/cml_align/RYR2_codon_aligned.phy  treef: /home/leticiamagpali/phd/evol_models/codeml/big_dataset/cml_trees/gene_trees/H1b_gene_trees/RYR2_tree_H1b.tre)

I	J	ij	2Ns_IJ	pMut_IJ	pSub_IJ	2Ns_JI	pMut_JI	pSub_JI

TTC	TTT	CT	0.09200	0.08355	0.08745	-0.09200	0.09160	0.08745
TTA	TTT	AT	0.75268	0.00995	0.01416	-0.75268	0.02112	0.01416
TTA	TTC	AC	0.66069	0.01157	0.01581	-0.66069	0.02241	0.01581
TTG	TTT	GT	0.49063	0.01390	0.01758	-0.49063	0.02270	0.01758
TTG	TTC	GC	0.39863	0.01616	0.01960	-0.39863	0.02408	0.01960
TTG	TTA	GA	-0.26205	0.08219	0.07189	0.26205	0.06324	0.07189
TCT	TTT	CT	0.65595	0.04753	0.06482	-0.65595	0.09160	0.06482
TCC	TTC	CT	0.70057	0.04823	0.06709	-0.70057	0.09719	0.06709
TCC	TCT	CT	0.13661	0.04823	0.05160	-0.13661	0.05529	0.05160
TCA	TTA	CT	0.30869	0.03991	0.04639	-0.30869	0.05435	0.04639
TCA	TCT	AT	0.40542	0.00850	0.01034	-0.40542	0.01275	0.01034
TCA	TCC	AC	0.26881	0.00989	0.01128	-0.26881	0.01294	0.01128
TCG	TTG	CT	1.84248	0.01203	0.02633	-1.84248	0.07591	0.02633
TCG	TCT	GT	1.67716	0.00256	0.00528	-1.67716	0.01370	0.00528
TCG	TCC	GC	1.54055	0.00298	0.00584	-1.54055	0.01390	0.00584
TCG	TCA	GA	1.27174	0.01515	0.02677	-1.27174	0.05403	0.02677
TAT	TTT	AT	0.42256	0.01384	0.01697	-0.42256	0.02112	0.01697
TAT	TCT	AC	-0.23339	0.01610	0.01429	0.23339	0.01275	0.01429
TAC	TTC	AT	0.70387	0.01108	0.01544	-0.70387	0.02241	0.01544
TAC	TCC	AC	0.00330	0.01289	0.01292	-0.00330	0.01294	0.01292
TAC	TAT	CT	0.37330	0.05205	0.06237	-0.37330	0.07561	0.06237
TGT	TTT	GT	1.05746	0.00788	0.01277	-1.05746	0.02270	0.01277
TGT	TCT	GC	0.40151	0.00917	0.01113	-0.40151	0.01370	0.01113
TGT	TAT	GA	0.63490	0.04663	0.06299	-0.63490	0.08798	0.06299
TGC	TTC	GT	1.41887	0.00583	0.01091	-1.41887	0.02408	0.01091
TGC	TCC	GC	0.71830	0.00678	0.00950	-0.71830	0.01390	0.00950
TGC	TAC	GA	0.71500	0.03447	0.04825	-0.71500	0.07046	0.04825
TGC	TGT	CT	0.45340	0.02737	0.03404	-0.45340	0.04306	0.03404
TGG	TTG	GT	0.80823	0.00838	0.01222	-0.80823	0.01881	0.01222
TGG	TCG	GC	-1.03425	0.00975	0.00556	1.03425	0.00347	0.00556
TGG	TGT	GT	0.24140	0.00838	0.00943	-0.24140	0.01067	0.00943
TGG	TGC	GC	-0.21200	0.00975	0.00875	0.21200	0.00789	0.00875
CTT	TTT	CT	0.46174	0.05772	0.07207	-0.46174	0.09160	0.07207
CTC	TTC	CT	0.25947	0.07498	0.08512	-0.25947	0.09719	0.08512
CTC	CTT	CT	-0.11027	0.07498	0.07092	0.11027	0.06715	0.07092
CTA	TTA	CT	0.90492	0.02199	0.03342	-0.90492	0.05435	0.03342
CTA	CTT	AT	1.19587	0.00468	0.00803	-1.19587	0.01548	0.00803
CTA	CTC	AC	1.30614	0.00545	0.00976	-1.30614	0.02011	0.00976
CTG	TTG	CT	-0.49842	0.12496	0.09639	0.49842	0.07591	0.09639
CTG	CTT	GT	-0.46953	0.02661	0.02085	0.46953	0.01664	0.02085
CTG	CTC	GC	-0.35926	0.03095	0.02572	0.35926	0.02161	0.02572
CTG	CTA	GA	-1.66540	0.15738	0.06113	1.66540	0.02976	0.06113
CCT	TCT	CT	0.22182	0.04429	0.04939	-0.22182	0.05529	0.04939
CCT	CTT	CT	0.41604	0.04429	0.05415	-0.41604	0.06715	0.05415
CCC	TCC	CT	0.42519	0.03668	0.04502	-0.42519	0.05611	0.04502
CCC	CTC	CT	0.86629	0.03668	0.05483	-0.86629	0.08722	0.05483
CCC	CCT	CT	0.33999	0.03668	0.04326	-0.33999	0.05153	0.04326
CCA	TCA	CT	0.18937	0.03842	0.04217	-0.18937	0.04643	0.04217
CCA	CTA	CT	-0.40686	0.03842	0.03113	0.40686	0.02558	0.03113
CCA	CCT	AT	0.37297	0.00818	0.00980	-0.37297	0.01188	0.00980
CCA	CCC	AC	0.03298	0.00952	0.00968	-0.03298	0.00984	0.00968
CCG	TCG	CT	-0.01242	0.01416	0.01408	0.01242	0.01399	0.01408
CCG	CTG	CT	2.32849	0.01416	0.03654	-2.32849	0.14536	0.03654
CCG	CCT	GT	1.44293	0.00302	0.00570	-1.44293	0.01277	0.00570
CCG	CCC	GC	1.10294	0.00351	0.00579	-1.10294	0.01057	0.00579
CCG	CCA	GA	1.06995	0.01784	0.02905	-1.06995	0.05201	0.02905
CAT	TAT	CT	0.44906	0.04825	0.05990	-0.44906	0.07561	0.05990
CAT	CTT	AT	0.40989	0.01028	0.01252	-0.40989	0.01548	0.01252
CAT	CCT	AC	-0.00615	0.01195	0.01192	0.00615	0.01188	0.01192
CAC	TAC	CT	0.14818	0.05221	0.05618	-0.14818	0.06055	0.05618
CAC	CTC	AT	0.59258	0.01112	0.01474	-0.59258	0.02011	0.01474
CAC	CCC	AC	-0.27371	0.01293	0.01124	0.27371	0.00984	0.01124
CAC	CAT	CT	0.07242	0.05221	0.05413	-0.07242	0.05613	0.05413
CAA	CTA	AT	-0.52625	0.00998	0.00758	0.52625	0.00590	0.00758
CAA	CCA	AC	-0.11939	0.01161	0.01093	0.11939	0.01030	0.01093
CAA	CAT	AT	0.25973	0.00998	0.01133	-0.25973	0.01294	0.01133
CAA	CAC	AC	0.18731	0.01161	0.01273	-0.18731	0.01400	0.01273
CAG	CTG	AT	0.52504	0.01982	0.02548	-0.52504	0.03351	0.02548
CAG	CCG	AC	-1.80345	0.02306	0.00820	1.80345	0.00380	0.00820
CAG	CAT	GT	-0.35438	0.01982	0.01652	0.35438	0.01391	0.01652
CAG	CAC	GC	-0.42680	0.02306	0.01849	0.42680	0.01505	0.01849
CAG	CAA	GA	-0.61411	0.11726	0.08492	0.61411	0.06345	0.08492
CGT	TGT	CT	0.99810	0.01587	0.02509	-0.99810	0.04306	0.02509
CGT	CTT	GT	1.59383	0.00338	0.00676	-1.59383	0.01664	0.00676
CGT	CCT	GC	1.17779	0.00393	0.00669	-1.17779	0.01277	0.00669
CGT	CAT	GA	1.18394	0.01999	0.03411	-1.18394	0.06532	0.03411
CGC	TGC	CT	0.32478	0.02301	0.02694	-0.32478	0.03183	0.02694
CGC	CTC	GT	1.48418	0.00490	0.00940	-1.48418	0.02161	0.00940
CGC	CCC	GC	0.61789	0.00570	0.00764	-0.61789	0.01057	0.00764
CGC	CAC	GA	0.89160	0.02898	0.04379	-0.89160	0.07067	0.04379
CGC	CGT	CT	-0.21992	0.02301	0.02057	0.21992	0.01846	0.02057
CGA	CTA	GT	0.11657	0.00564	0.00598	-0.11657	0.00634	0.00598
CGA	CCA	GC	0.52343	0.00656	0.00843	-0.52343	0.01107	0.00843
CGA	CAA	GA	0.64282	0.03336	0.04523	-0.64282	0.06345	0.04523
CGA	CGT	AT	-0.28139	0.00564	0.00488	0.28139	0.00426	0.00488
CGA	CGC	AC	-0.06147	0.00656	0.00636	0.06147	0.00617	0.00636
CGG	TGG	CT	0.66625	0.02352	0.03222	-0.66625	0.04579	0.03222
CGG	CTG	GT	1.97290	0.00501	0.01148	-1.97290	0.03602	0.01148
CGG	CCG	GC	-0.35559	0.00583	0.00485	0.35559	0.00408	0.00485
CGG	CAG	GA	1.44787	0.02962	0.05607	-1.44787	0.12602	0.05607
CGG	CGT	GT	-0.09045	0.00501	0.00479	0.09045	0.00458	0.00479
CGG	CGC	GC	0.12947	0.00583	0.00621	-0.12947	0.00663	0.00621
CGG	CGA	GA	0.19093	0.02962	0.03254	-0.19093	0.03586	0.03254
ATT	TTT	AT	0.35830	0.01476	0.01756	-0.35830	0.02112	0.01756
ATT	CTT	AC	-0.10344	0.01717	0.01630	0.10344	0.01548	0.01630
ATC	TTC	AT	0.32931	0.01612	0.01892	-0.32931	0.02241	0.01892
ATC	CTC	AC	0.06984	0.01875	0.01941	-0.06984	0.02011	0.01941
ATC	ATT	CT	0.06301	0.07570	0.07811	-0.06301	0.08063	0.07811
ATA	TTA	AT	0.73406	0.00601	0.00849	-0.73406	0.01253	0.00849
ATA	CTA	AC	-0.17086	0.00700	0.00642	0.17086	0.00590	0.00642
ATA	ATT	AT	1.12844	0.00601	0.01003	-1.12844	0.01859	0.01003
ATA	ATC	AC	1.06543	0.00700	0.01137	-1.06543	0.02030	0.01137
ATG	TTG	AT	-0.31541	0.02399	0.02041	0.31541	0.01750	0.02041
ATG	CTG	AC	0.18302	0.02791	0.03054	-0.18302	0.03351	0.03054
ATG	ATT	GT	-0.18307	0.02399	0.02186	0.18307	0.01998	0.02186
ATG	ATC	GC	-0.24608	0.02791	0.02462	0.24608	0.02182	0.02462
ATG	ATA	GA	-1.31152	0.14191	0.06863	1.31152	0.03823	0.06863
ACT	TCT	AT	0.53538	0.00746	0.00964	-0.53538	0.01275	0.00964
ACT	CCT	AC	0.31356	0.00868	0.01011	-0.31356	0.01188	0.01011
ACT	ATT	CT	0.83304	0.03505	0.05165	-0.83304	0.08063	0.05165
ACC	TCC	AT	0.22629	0.01032	0.01153	-0.22629	0.01294	0.01153
ACC	CCC	AC	-0.19890	0.01200	0.01085	0.19890	0.00984	0.01085
ACC	ATC	CT	0.59755	0.04845	0.06436	-0.59755	0.08806	0.06436
ACC	ACT	CT	-0.17248	0.04845	0.04439	0.17248	0.04077	0.04439
ACA	TCA	AT	0.19084	0.00885	0.00972	-0.19084	0.01071	0.00972
ACA	CCA	AC	0.00147	0.01029	0.01030	-0.00147	0.01030	0.01030
ACA	ATA	CT	-0.23453	0.04154	0.03686	0.23453	0.03286	0.03686
ACA	ACT	AT	0.06087	0.00885	0.00912	-0.06087	0.00940	0.00912
ACA	ACC	AC	0.23335	0.01029	0.01154	-0.23335	0.01299	0.01154
ACG	TCG	AT	-0.62902	0.00605	0.00435	0.62902	0.00323	0.00435
ACG	CCG	AC	-0.61660	0.00704	0.00509	0.61660	0.00380	0.00509
ACG	ATG	CT	1.52887	0.02841	0.05546	-1.52887	0.13106	0.05546
ACG	ACT	GT	0.51276	0.00605	0.00773	-0.51276	0.01010	0.00773
ACG	ACC	GC	0.68524	0.00704	0.00972	-0.68524	0.01396	0.00972
ACG	ACA	GA	0.45188	0.03579	0.04448	-0.45188	0.05623	0.04448
AAT	TAT	AT	0.21987	0.01399	0.01559	-0.21987	0.01743	0.01559
AAT	CAT	AC	-0.22919	0.01628	0.01448	0.22919	0.01294	0.01448
AAT	ATT	AT	0.28414	0.01399	0.01607	-0.28414	0.01859	0.01607
AAT	ACT	AC	-0.54890	0.01628	0.01222	0.54890	0.00940	0.01222
AAC	TAC	AT	-0.04172	0.01456	0.01425	0.04172	0.01396	0.01425
AAC	CAC	AC	-0.18990	0.01693	0.01538	0.18990	0.01400	0.01538
AAC	ATC	AT	0.33284	0.01456	0.01711	-0.33284	0.02030	0.01711
AAC	ACC	AC	-0.26471	0.01693	0.01479	0.26471	0.01299	0.01479
AAC	AAT	CT	0.11171	0.06835	0.07224	-0.11171	0.07643	0.07224
AAA	CAA	AC	-0.71094	0.02560	0.01757	0.71094	0.01257	0.01757
AAA	ATA	AT	-1.06633	0.02200	0.01232	1.06633	0.00758	0.01232
AAA	ACA	AC	-0.83180	0.02560	0.01641	0.83180	0.01114	0.01641
AAA	AAT	AT	-0.22202	0.02200	0.01965	0.22202	0.01762	0.01965
AAA	AAC	AC	-0.33373	0.02560	0.02156	0.33373	0.01833	0.02156
AAG	CAG	AC	-0.07526	0.02692	0.02592	0.07526	0.02497	0.02592
AAG	ATG	AT	0.26676	0.02314	0.02637	-0.26676	0.03022	0.02637
AAG	ACG	AC	-1.26211	0.02692	0.01341	1.26211	0.00762	0.01341
AAG	AAT	GT	-0.20045	0.02314	0.02090	0.20045	0.01894	0.02090
AAG	AAC	GC	-0.31216	0.02692	0.02294	0.31216	0.01970	0.02294
AAG	AAA	GA	0.02157	0.13688	0.13837	-0.02157	0.13987	0.13837
AGT	TGT	AT	0.28329	0.00748	0.00859	-0.28329	0.00993	0.00859
AGT	CGT	AC	-0.71482	0.00870	0.00596	0.71482	0.00426	0.00596
AGT	ATT	GT	0.98245	0.00748	0.01175	-0.98245	0.01998	0.01175
AGT	ACT	GC	0.14941	0.00870	0.00937	-0.14941	0.01010	0.00937
AGT	AAT	GA	0.69831	0.04424	0.06147	-0.69831	0.08894	0.06147
AGC	TGC	AT	-0.59484	0.01330	0.00974	0.59484	0.00734	0.00974
AGC	CGC	AC	-0.91962	0.01548	0.00944	0.91962	0.00617	0.00944
AGC	ATC	GT	0.49472	0.01330	0.01687	-0.49472	0.02182	0.01687
AGC	ACC	GC	-0.10283	0.01548	0.01470	0.10283	0.01396	0.01470
AGC	AAC	GA	0.16188	0.07870	0.08524	-0.16188	0.09253	0.08524
AGC	AGT	CT	-0.42472	0.06248	0.05015	0.42472	0.04086	0.05015
AGA	CGA	AC	-0.53731	0.01216	0.00918	0.53731	0.00710	0.00918
AGA	ATA	GT	-0.24987	0.01045	0.00920	0.24987	0.00814	0.00920
AGA	ACA	GC	-0.01534	0.01216	0.01207	0.01534	0.01197	0.01207
AGA	AAA	GA	0.81646	0.06182	0.09046	-0.81646	0.13987	0.09046
AGA	AGT	AT	-0.10388	0.01045	0.00992	0.10388	0.00942	0.00992
AGA	AGC	AC	0.32085	0.01216	0.01421	-0.32085	0.01676	0.01421
AGG	TGG	AT	0.25352	0.00819	0.00928	-0.25352	0.01056	0.00928
AGG	CGG	AC	-0.41273	0.00953	0.00770	0.41273	0.00631	0.00770
AGG	ATG	GT	1.37716	0.00819	0.01509	-1.37716	0.03247	0.01509
AGG	ACG	GC	-0.15171	0.00953	0.00883	0.15171	0.00819	0.00883
AGG	AAG	GA	1.11040	0.04846	0.08025	-1.11040	0.14711	0.08025
AGG	AGT	GT	0.21163	0.00819	0.00909	-0.21163	0.01012	0.00909
AGG	AGC	GC	0.63636	0.00953	0.01288	-0.63636	0.01801	0.01288
AGG	AGA	GA	0.31551	0.04846	0.05651	-0.31551	0.06644	0.05651
GTT	TTT	GT	0.80667	0.01013	0.01476	-0.80667	0.02270	0.01476
GTT	CTT	GC	0.34494	0.01178	0.01393	-0.34494	0.01664	0.01393
GTT	ATT	GA	0.44837	0.05992	0.07435	-0.44837	0.09382	0.07435
GTC	TTC	GT	0.81375	0.01067	0.01560	-0.81375	0.02408	0.01560
GTC	CTC	GC	0.55428	0.01242	0.01617	-0.55428	0.02161	0.01617
GTC	ATC	GA	0.48444	0.06313	0.07965	-0.48444	0.10247	0.07965
GTC	GTT	CT	0.09908	0.05012	0.05264	-0.09908	0.05534	0.05264
GTA	TTA	GT	0.86640	0.00566	0.00847	-0.86640	0.01347	0.00847
GTA	CTA	GC	-0.03852	0.00659	0.00646	0.03852	0.00634	0.00646
GTA	ATA	GA	0.13234	0.03349	0.03576	-0.13234	0.03823	0.03576
GTA	GTT	AT	0.81241	0.00566	0.00827	-0.81241	0.01276	0.00827
GTA	GTC	AC	0.71333	0.00659	0.00921	-0.71333	0.01344	0.00921
GTG	TTG	GT	0.01571	0.01852	0.01866	-0.01571	0.01881	0.01866
GTG	CTG	GC	0.51413	0.02154	0.02755	-0.51413	0.03602	0.02755
GTG	ATG	GA	0.33111	0.10952	0.12865	-0.33111	0.15251	0.12865
GTG	GTT	GT	-0.30034	0.01852	0.01587	0.30034	0.01371	0.01587
GTG	GTC	GC	-0.39941	0.02154	0.01752	0.39941	0.01445	0.01752
GTG	GTA	GA	-1.11275	0.10952	0.05966	1.11275	0.03599	0.05966
GCT	TCT	GT	-0.06608	0.01464	0.01416	0.06608	0.01370	0.01416
GCT	CCT	GC	-0.28790	0.01703	0.01469	0.28790	0.01277	0.01469
GCT	ACT	GA	-0.60146	0.08658	0.06313	0.60146	0.04744	0.06313
GCT	GTT	CT	-0.21680	0.06874	0.06156	0.21680	0.05534	0.06156
GCC	TCC	GT	-0.17487	0.01656	0.01515	0.17487	0.01390	0.01515
GCC	CCC	GC	-0.60006	0.01926	0.01406	0.60006	0.01057	0.01406
GCC	ACC	GA	-0.40115	0.09795	0.07961	0.40115	0.06558	0.07961
GCC	GTC	CT	-0.28805	0.07777	0.06710	0.28805	0.05830	0.06710
GCC	GCT	CT	0.02783	0.07777	0.07885	-0.02783	0.07996	0.07885
GCA	TCA	GT	0.17144	0.00969	0.01055	-0.17144	0.01150	0.01055
GCA	CCA	GC	-0.01793	0.01127	0.01117	0.01793	0.01107	0.01117
GCA	ACA	GA	-0.01939	0.05733	0.05678	0.01939	0.05623	0.05678
GCA	GTA	CT	-0.38627	0.04552	0.03729	0.38627	0.03093	0.03729
GCA	GCT	AT	0.64294	0.00969	0.01314	-0.64294	0.01844	0.01314
GCA	GCC	AC	0.61512	0.01127	0.01510	-0.61512	0.02086	0.01510
GCG	TCG	GT	-0.10527	0.00385	0.00365	0.10527	0.00347	0.00365
GCG	CCG	GC	-0.09285	0.00448	0.00428	0.09285	0.00408	0.00428
GCG	ACG	GA	0.52375	0.02278	0.02926	-0.52375	0.03846	0.02926
GCG	GTG	CT	1.72151	0.01809	0.03791	-1.72151	0.10115	0.03791
GCG	GCT	GT	1.63797	0.00385	0.00783	-1.63797	0.01981	0.00783
GCG	GCC	GC	1.61014	0.00448	0.00901	-1.61014	0.02242	0.00901
GCG	GCA	GA	0.99503	0.02278	0.03596	-0.99503	0.06161	0.03596
GAT	TAT	GT	-0.11359	0.02099	0.01982	0.11359	0.01873	0.01982
GAT	CAT	GC	-0.56265	0.02441	0.01819	0.56265	0.01391	0.01819
GAT	AAT	GA	-0.33346	0.12414	0.10459	0.33346	0.08894	0.10459
GAT	GTT	AT	-0.49770	0.02099	0.01620	0.49770	0.01276	0.01620
GAT	GCT	AC	-0.28090	0.02441	0.02115	0.28090	0.01844	0.02115
GAC	TAC	GT	-0.24754	0.01922	0.01694	0.24754	0.01500	0.01694
GAC	CAC	GC	-0.39572	0.02236	0.01822	0.39572	0.01505	0.01822
GAC	AAC	GA	-0.20582	0.11367	0.10237	0.20582	0.09253	0.10237
GAC	GTC	AT	-0.35743	0.01922	0.01599	0.35743	0.01344	0.01599
GAC	GCC	AC	-0.06938	0.02236	0.02159	0.06938	0.02086	0.02159
GAC	GAT	CT	0.23935	0.09025	0.10148	-0.23935	0.11465	0.10148
GAA	CAA	GC	-1.04436	0.03839	0.02177	1.04436	0.01351	0.02177
GAA	AAA	GA	-0.33342	0.19522	0.16448	0.33342	0.13987	0.16448
GAA	GTA	AT	-1.53209	0.03300	0.01394	1.53209	0.00713	0.01394
GAA	GCA	AC	-1.14582	0.03839	0.02051	1.14582	0.01221	0.02051
GAA	GAT	AT	-0.22198	0.03300	0.02948	0.22198	0.02643	0.02948
GAA	GAC	AC	-0.46133	0.03839	0.03022	0.46133	0.02421	0.03022
GAG	CAG	GC	-0.17075	0.03183	0.02919	0.17075	0.02683	0.02919
GAG	AAG	GA	-0.09549	0.16185	0.15425	0.09549	0.14711	0.15425
GAG	GTG	AT	-0.15984	0.02736	0.02523	0.15984	0.02332	0.02523
GAG	GCG	AC	-1.88135	0.03183	0.01077	1.88135	0.00485	0.01077
GAG	GAT	GT	0.03752	0.02736	0.02788	-0.03752	0.02841	0.02788
GAG	GAC	GC	-0.20183	0.03183	0.02873	0.20183	0.02601	0.02873
GAG	GAA	GA	0.25950	0.16185	0.18376	-0.25950	0.20980	0.18376
GGT	TGT	GT	0.28553	0.00802	0.00922	-0.28553	0.01067	0.00922
GGT	CGT	GC	-0.71258	0.00933	0.00640	0.71258	0.00458	0.00640
GGT	AGT	GA	0.00224	0.04744	0.04749	-0.00224	0.04755	0.04749
GGT	GTT	GT	0.53632	0.00802	0.01036	-0.53632	0.01371	0.01036
GGT	GCT	GC	0.75311	0.00933	0.01328	-0.75311	0.01981	0.01328
GGT	GAT	GA	1.03402	0.04744	0.07612	-1.03402	0.13342	0.07612
GGC	TGC	GT	-0.62525	0.01474	0.01061	0.62525	0.00789	0.01061
GGC	CGC	GC	-0.95003	0.01715	0.01027	0.95003	0.00663	0.01027
GGC	AGC	GA	-0.03041	0.08719	0.08587	0.03041	0.08458	0.08587
GGC	GTC	GT	-0.02014	0.01474	0.01459	0.02014	0.01445	0.01459
GGC	GCC	GC	0.26791	0.01715	0.01955	-0.26791	0.02242	0.01955
GGC	GAC	GA	0.33729	0.08719	0.10272	-0.33729	0.12216	0.10272
GGC	GGT	CT	-0.45737	0.06922	0.05460	0.45737	0.04381	0.05460
GGA	CGA	GC	-0.84249	0.01773	0.01130	0.84249	0.00764	0.01130
GGA	AGA	GA	-0.30519	0.09015	0.07709	0.30519	0.06644	0.07709
GGA	GTA	GT	-0.68740	0.01524	0.01060	0.68740	0.00766	0.01060
GGA	GCA	GC	-0.30113	0.01773	0.01519	0.30113	0.01312	0.01519
GGA	GAA	GA	0.84469	0.09015	0.13352	-0.84469	0.20980	0.13352
GGA	GGT	AT	-0.41131	0.01524	0.01232	0.41131	0.01010	0.01232
GGA	GGC	AC	0.04607	0.01773	0.01814	-0.04607	0.01857	0.01814
GGG	TGG	GT	0.25394	0.00880	0.00997	-0.25394	0.01135	0.00997
GGG	CGG	GC	-0.41231	0.01024	0.00827	0.41231	0.00678	0.00827
GGG	AGG	GA	0.00042	0.05206	0.05207	-0.00042	0.05208	0.05207
GGG	GTG	GT	1.04647	0.00880	0.01420	-1.04647	0.02506	0.01420
GGG	GCG	GC	-0.67504	0.01024	0.00717	0.67504	0.00521	0.00717
GGG	GAG	GA	1.20631	0.05206	0.08963	-1.20631	0.17394	0.08963
GGG	GGT	GT	0.20982	0.00880	0.00976	-0.20982	0.01086	0.00976
GGG	GGC	GC	0.66719	0.01024	0.01403	-0.66719	0.01995	0.01403
GGG	GGA	GA	0.62112	0.05206	0.06989	-0.62112	0.09689	0.06989


Histograms
2Ns	FMut	FSub(CodonUsage)	FSubw(after w)

-2.21761	0.00843	0.00228
-1.99585	0.00209	0.00071
-1.77409	0.02337	0.00932
-1.55233	0.02303	0.01059
-1.33056	0.01737	0.00900
-1.10880	0.05558	0.03256
-0.88704	0.05172	0.03500
-0.66528	0.07745	0.05898
-0.44352	0.13336	0.11530
-0.22176	0.15326	0.14599
0.00000	0.14962	0.16055
0.22176	0.12131	0.14599
0.44352	0.08784	0.11530
0.66528	0.04038	0.05898
0.88704	0.02186	0.03500
1.10880	0.01834	0.03256
1.33056	0.00467	0.00900
1.55233	0.00509	0.01059
1.77409	0.00412	0.00932
1.99585	0.00029	0.00071
2.21761	0.00082	0.00228

Proportion of advantageous (S > 0) mutations:
 0.37749

Proportions of good & bad mutations (|S| > 2.0000) among mutations:
0.00082  0.00843

mean |Ns| = 0.53254	mean Ns+ = 0.41679	mean Ns- = -0.60274


MLEs of dN/dS (w) for site classes (K=4)

site class             0        1       2a       2b
proportion       0.57696  0.02127  0.38748  0.01429
background w     0.03170  1.33884  0.03170  1.33884
foreground w     0.03170  1.33884  0.01265  0.01265

Naive Empirical Bayes (NEB) probabilities for 4 classes
(amino acids refer to 1st sequence: Bacu)

   1 T   0.59330 0.00439 0.39904 0.00326 ( 1)
   2 A   0.59048 0.00731 0.39696 0.00525 ( 1)
   3 Q   0.59042 0.00738 0.39691 0.00530 ( 1)
   4 G   0.59376 0.00392 0.39939 0.00293 ( 1)
   5 G   0.59378 0.00390 0.39940 0.00292 ( 1)
   6 G   0.59236 0.00537 0.39833 0.00394 ( 1)
   7 H   0.43482 0.15716 0.29241 0.11562 ( 1)
   8 R   0.59032 0.00748 0.39684 0.00537 ( 1)
   9 T   0.59343 0.00427 0.39913 0.00317 ( 1)
  10 L   0.59027 0.00752 0.39680 0.00540 ( 1)
  11 L   0.59027 0.00752 0.39680 0.00540 ( 1)
  12 Y   0.59108 0.00670 0.39738 0.00484 ( 1)
  13 G   0.59224 0.00549 0.39824 0.00402 ( 1)
  14 H   0.59274 0.00498 0.39861 0.00367 ( 1)
  15 A   0.59063 0.00716 0.39706 0.00515 ( 1)
  16 I   0.52579 0.06736 0.35391 0.05294 ( 1)
  17 L   0.58702 0.01097 0.39442 0.00760 ( 1)
  18 L   0.58385 0.01414 0.39226 0.00975 ( 1)
  19 R   0.59428 0.00338 0.39979 0.00255 ( 1)
  20 H   0.59274 0.00498 0.39861 0.00367 ( 1)
  21 S   0.59199 0.00575 0.39806 0.00420 ( 1)
  22 Y   0.59155 0.00621 0.39773 0.00451 ( 1)
  23 S   0.59324 0.00446 0.39899 0.00331 ( 1)
  24 G   0.59236 0.00537 0.39833 0.00394 ( 1)
  25 M   0.59227 0.00547 0.39826 0.00400 ( 1)
  26 Y   0.59105 0.00706 0.39706 0.00484 ( 1)
  27 L   0.58384 0.01432 0.39214 0.00969 ( 1)
  28 C   0.59432 0.00376 0.39932 0.00260 ( 1)
  29 C   0.59432 0.00376 0.39932 0.00260 ( 1)
  30 L   0.58574 0.01243 0.39342 0.00841 ( 1)
  31 S   0.59211 0.00599 0.39779 0.00412 ( 1)
  32 T   0.59350 0.00458 0.39875 0.00316 ( 1)
  33 S   0.59232 0.00577 0.39793 0.00397 ( 1)
  34 R   0.59465 0.00342 0.39955 0.00237 ( 1)
  35 S   0.59232 0.00577 0.39793 0.00397 ( 1)
  36 S   0.59057 0.00754 0.39673 0.00516 ( 1)
  37 T   0.59417 0.00391 0.39922 0.00271 ( 1)
  38 D   0.59172 0.00638 0.39752 0.00438 ( 1)
  39 K   0.59201 0.00609 0.39772 0.00418 ( 1)
  40 L   0.58388 0.01428 0.39217 0.00966 ( 1)
  41 A   0.59070 0.00741 0.39682 0.00507 ( 1)
  42 F   0.59109 0.00702 0.39709 0.00481 ( 1)
  43 D   0.59172 0.00638 0.39752 0.00438 ( 1)
  44 V   0.59346 0.00462 0.39872 0.00319 ( 1)
  45 G   0.59249 0.00560 0.39805 0.00386 ( 1)
  46 L   0.58719 0.01095 0.39442 0.00744 ( 1)
  47 Q   0.59049 0.00762 0.39667 0.00522 ( 1)
  48 E   0.59085 0.00726 0.39692 0.00497 ( 1)
  49 D   0.59292 0.00517 0.39835 0.00356 ( 1)
  50 T   0.59228 0.00582 0.39791 0.00400 ( 1)
  51 T   0.59228 0.00582 0.39791 0.00400 ( 1)
  52 G   0.59305 0.00502 0.39846 0.00347 ( 1)
  53 E   0.58934 0.00877 0.39590 0.00600 ( 1)
  54 A   0.58953 0.00857 0.39603 0.00587 ( 1)
  55 C   0.59201 0.00607 0.39774 0.00418 ( 1)
  56 W   0.58794 0.01017 0.39495 0.00694 ( 1)
  57 W   0.58794 0.01017 0.39495 0.00694 ( 1)
  58 T   0.59256 0.00552 0.39812 0.00381 ( 1)
  59 I   0.59072 0.00737 0.39685 0.00506 ( 1)
  60 H   0.59191 0.00617 0.39767 0.00425 ( 1)
  61 P   0.59105 0.00704 0.39707 0.00484 ( 1)
  62 A   0.58969 0.00841 0.39614 0.00576 ( 1)
  63 S   0.59110 0.00698 0.39711 0.00480 ( 1)
  64 K   0.59067 0.00742 0.39682 0.00509 ( 1)
  65 Q   0.58692 0.01120 0.39425 0.00763 ( 1)
  66 R   0.59360 0.00446 0.39885 0.00309 ( 1)
  67 S   0.58951 0.00859 0.39602 0.00588 ( 1)
  68 E   0.36642 0.23004 0.24615 0.15739 ( 1)
  69 G   0.59162 0.00646 0.39747 0.00445 ( 1)
  70 E   0.58934 0.00877 0.39590 0.00600 ( 1)
  71 K   0.59103 0.00706 0.39706 0.00485 ( 1)
  72 V   0.59289 0.00517 0.39835 0.00358 ( 1)
  73 R   0.59372 0.00434 0.39893 0.00302 ( 1)
  74 V   0.59251 0.00556 0.39809 0.00384 ( 1)
  75 G   0.59137 0.00672 0.39730 0.00462 ( 1)
  76 D   0.59071 0.00738 0.39684 0.00507 ( 1)
  77 D   0.59191 0.00617 0.39767 0.00425 ( 1)
  78 L   0.58930 0.00880 0.39588 0.00602 ( 1)
  79 I   0.59068 0.00741 0.39682 0.00509 ( 1)
  80 L   0.58712 0.01100 0.39439 0.00749 ( 1)
  81 V   0.59236 0.00571 0.39798 0.00394 ( 1)
  82 S   0.59355 0.00451 0.39881 0.00313 ( 1)
  83 V   0.58995 0.00814 0.39632 0.00558 ( 1)
  84 S   0.59107 0.00702 0.39709 0.00483 ( 1)
  85 S   0.59107 0.00701 0.39709 0.00482 ( 1)
  86 E   0.58930 0.00880 0.39587 0.00602 ( 1)
  87 R   0.59386 0.00420 0.39903 0.00292 ( 1)
  88 Y   0.59060 0.00749 0.39677 0.00514 ( 1)
  89 L   0.58623 0.01191 0.39377 0.00809 ( 1)
  90 H   0.59089 0.00718 0.39698 0.00495 ( 1)
  91 L   0.58548 0.01265 0.39327 0.00860 ( 1)
  92 S   0.59041 0.00766 0.39665 0.00527 ( 1)
  93 Y   0.58915 0.00894 0.39579 0.00612 ( 1)
  94 G   0.59059 0.00748 0.39678 0.00515 ( 1)
  95 N   0.59213 0.00593 0.39784 0.00410 ( 1)
  96 G   0.59059 0.00748 0.39678 0.00515 ( 1)
  97 S   0.59156 0.00651 0.39744 0.00449 ( 1)
  98 L   0.29960 0.29774 0.20123 0.20143 ( 1)
  99 H   0.59088 0.00719 0.39697 0.00495 ( 1)
 100 V   0.58909 0.00900 0.39574 0.00617 ( 1)
 101 D   0.59102 0.00705 0.39707 0.00486 ( 1)
 102 A   0.58879 0.00931 0.39553 0.00637 ( 1)
 103 A   0.58863 0.00947 0.39543 0.00648 ( 1)
 104 F   0.58928 0.00881 0.39588 0.00604 ( 1)
 105 Q   0.58610 0.01202 0.39370 0.00818 ( 1)
 106 Q   0.58610 0.01202 0.39370 0.00818 ( 1)
 107 T   0.59167 0.00639 0.39752 0.00441 ( 1)
 108 L   0.58843 0.00966 0.39529 0.00661 ( 1)
 109 W   0.58709 0.01102 0.39437 0.00752 ( 1)
 110 S   0.59156 0.00650 0.39745 0.00449 ( 1)
 111 V   0.58909 0.00900 0.39574 0.00617 ( 1)
 112 A   0.58879 0.00931 0.39553 0.00637 ( 1)
 113 P   0.58927 0.00881 0.39587 0.00604 ( 1)
 114 I   0.58981 0.00828 0.39624 0.00568 ( 1)
 115 S   0.59156 0.00651 0.39744 0.00449 ( 1)
 116 S   0.58861 0.00948 0.39542 0.00649 ( 1)
 117 G   0.59046 0.00761 0.39669 0.00524 ( 1)
 118 S   0.43224 0.16394 0.29041 0.11341 ( 1)
 119 E   0.58844 0.00965 0.39530 0.00661 ( 1)
 120 A   0.59016 0.00792 0.39648 0.00544 ( 1)
 121 A   0.58879 0.00931 0.39553 0.00637 ( 1)
 122 Q   0.58841 0.00968 0.39528 0.00663 ( 1)
 123 G   0.59218 0.00588 0.39787 0.00407 ( 1)
 124 Y   0.59138 0.00641 0.39758 0.00463 ( 1)
 125 L   0.58416 0.01384 0.39246 0.00954 ( 1)
 126 I   0.59165 0.00613 0.39778 0.00444 ( 1)
 127 G   0.59413 0.00356 0.39964 0.00266 ( 1)
 128 G   0.59413 0.00356 0.39964 0.00266 ( 1)
 129 D   0.59317 0.00457 0.39890 0.00337 ( 1)
 130 V   0.59391 0.00379 0.39947 0.00283 ( 1)
 131 L   0.59069 0.00712 0.39708 0.00511 ( 1)
 132 R   0.59483 0.00283 0.40019 0.00215 ( 1)
 133 L   0.58755 0.01034 0.39485 0.00726 ( 1)
 134 L   0.59171 0.00607 0.39782 0.00440 ( 1)
 135 H   0.59311 0.00463 0.39886 0.00341 ( 1)
 136 G   0.59264 0.00511 0.39851 0.00374 ( 1)
 137 H   0.59302 0.00471 0.39880 0.00347 ( 1)
 138 M   0.59266 0.00509 0.39853 0.00372 ( 1)
 139 D   0.59202 0.00575 0.39805 0.00418 ( 1)
 140 E   0.59070 0.00711 0.39709 0.00510 ( 1)
 141 C   0.59444 0.00324 0.39988 0.00244 ( 1)
 142 L   0.59069 0.00712 0.39708 0.00511 ( 1)
 143 T   0.59380 0.00391 0.39938 0.00291 ( 1)
 144 V   0.59391 0.00379 0.39947 0.00283 ( 1)
 145 P   0.59234 0.00542 0.39829 0.00395 ( 1)
 146 S   0.40881 0.18406 0.27482 0.13231 ( 1)
 147 G   0.59264 0.00511 0.39851 0.00374 ( 1)
 148 E   0.59070 0.00710 0.39709 0.00510 ( 1)
 149 H   0.59302 0.00472 0.39879 0.00347 ( 1)
 150 G   0.59413 0.00356 0.39964 0.00266 ( 1)
 151 E   0.59070 0.00711 0.39709 0.00510 ( 1)
 152 E   0.59117 0.00662 0.39743 0.00477 ( 1)
 153 Q   0.58824 0.00964 0.39533 0.00679 ( 1)
 154 R   0.59074 0.00707 0.39712 0.00508 ( 1)
 155 W   0.58932 0.00853 0.39610 0.00605 ( 1)
 156 S   0.59459 0.00308 0.40000 0.00233 ( 1)
 157 G   0.59265 0.00510 0.39852 0.00373 ( 1)
 158 S   0.59362 0.00409 0.39925 0.00304 ( 1)
 159 H   0.59306 0.00468 0.39882 0.00344 ( 1)
 160 I   0.59603 0.00155 0.40120 0.00122 ( 1)
 161 R   0.59418 0.00352 0.39967 0.00263 ( 1)
 162 W   0.58932 0.00853 0.39610 0.00605 ( 1)
 163 G   0.59277 0.00497 0.39861 0.00365 ( 1)
 164 Q   0.58826 0.00962 0.39534 0.00678 ( 1)
 165 P   0.59244 0.00532 0.39836 0.00388 ( 1)
 166 F   0.59155 0.00624 0.39770 0.00451 ( 1)
 167 R   0.59075 0.00705 0.39713 0.00506 ( 1)
 168 L   0.59059 0.00723 0.39701 0.00518 ( 1)
 169 R   0.59461 0.00306 0.40001 0.00231 ( 1)
 170 H   0.59314 0.00459 0.39888 0.00338 ( 1)
 171 V   0.59393 0.00378 0.39948 0.00282 ( 1)
 172 T   0.59287 0.00490 0.39866 0.00358 ( 1)
 173 T   0.59258 0.00518 0.39846 0.00379 ( 1)
 174 G   0.59267 0.00509 0.39853 0.00372 ( 1)
 175 K   0.59233 0.00543 0.39828 0.00396 ( 1)
 176 Y   0.59197 0.00580 0.39802 0.00421 ( 1)
 177 L   0.58757 0.01033 0.39486 0.00725 ( 1)
 178 S   0.59362 0.00409 0.39925 0.00304 ( 1)
 179 L   0.59071 0.00710 0.39709 0.00510 ( 1)
 180 M   0.43504 0.15726 0.29254 0.11516 ( 1)
 181 E   0.59072 0.00709 0.39710 0.00509 ( 1)
 182 D   0.59318 0.00455 0.39891 0.00335 ( 1)
 183 K   0.59234 0.00542 0.39829 0.00395 ( 1)
 184 S   0.59363 0.00409 0.39925 0.00303 ( 1)
 185 L   0.59172 0.00606 0.39783 0.00439 ( 1)
 186 L   0.59059 0.00723 0.39701 0.00518 ( 1)
 187 L   0.59072 0.00709 0.39711 0.00509 ( 1)
 188 M   0.59268 0.00507 0.39854 0.00371 ( 1)
 189 D   0.59318 0.00455 0.39891 0.00335 ( 1)
 190 K   0.59234 0.00542 0.39829 0.00395 ( 1)
 191 E   0.59072 0.00709 0.39710 0.00509 ( 1)
 192 K   0.59234 0.00542 0.39829 0.00395 ( 1)
 193 A   0.59090 0.00690 0.39724 0.00496 ( 1)
 194 D   0.59204 0.00573 0.39806 0.00417 ( 1)
 195 V   0.59393 0.00378 0.39948 0.00282 ( 1)
 196 K   0.59234 0.00542 0.39829 0.00395 ( 1)
 197 S   0.59089 0.00692 0.39723 0.00497 ( 1)
 198 T   0.59258 0.00518 0.39846 0.00379 ( 1)
 199 A   0.59236 0.00540 0.39830 0.00394 ( 1)
 200 F   0.59143 0.00635 0.39762 0.00459 ( 1)
 201 T   0.59372 0.00399 0.39932 0.00297 ( 1)
 202 F   0.59155 0.00624 0.39770 0.00451 ( 1)
 203 R   0.59075 0.00705 0.39713 0.00506 ( 1)
 204 S   0.59254 0.00521 0.39844 0.00382 ( 1)
 205 S   0.59233 0.00542 0.39828 0.00396 ( 1)
 206 K   0.59185 0.00592 0.39794 0.00430 ( 1)
 207 E   0.59064 0.00716 0.39705 0.00514 ( 1)
 208 K   0.59227 0.00549 0.39824 0.00400 ( 1)
 209 L   0.01771 0.57022 0.01190 0.40016 ( 2)
 210 D   0.59196 0.00580 0.39801 0.00422 ( 1)
 211 V   0.59395 0.00375 0.39950 0.00280 ( 1)
 212 G   0.59417 0.00352 0.39967 0.00264 ( 1)
 213 V   0.59128 0.00651 0.39751 0.00470 ( 1)
 214 R   0.59416 0.00353 0.39966 0.00264 ( 1)
 215 K   0.59227 0.00549 0.39824 0.00400 ( 1)
 216 E   0.59064 0.00716 0.39705 0.00514 ( 1)
 217 V   0.59362 0.00410 0.39925 0.00304 ( 1)
 218 D   0.59196 0.00580 0.39801 0.00422 ( 1)
 219 G   0.59270 0.00504 0.39856 0.00370 ( 1)
 220 M   0.59261 0.00514 0.39849 0.00376 ( 1)
 221 G   0.59258 0.00516 0.39847 0.00378 ( 1)
 222 T   0.59366 0.00406 0.39928 0.00301 ( 1)
 223 S   0.59254 0.00521 0.39844 0.00381 ( 1)
 224 E   0.59065 0.00716 0.39706 0.00514 ( 1)
 225 I   0.59599 0.00159 0.40117 0.00125 ( 1)
 226 K   0.59227 0.00549 0.39824 0.00400 ( 1)
 227 Y   0.59141 0.00637 0.39762 0.00460 ( 1)
 228 G   0.59261 0.00514 0.39849 0.00376 ( 1)
 229 D   0.59311 0.00462 0.39887 0.00340 ( 1)
 230 S   0.59081 0.00699 0.39717 0.00502 ( 1)
 231 V   0.59330 0.00437 0.39907 0.00326 ( 1)
 232 C   0.59435 0.00333 0.39982 0.00250 ( 1)
 233 Y   0.40311 0.18922 0.27101 0.13666 ( 1)
 234 I   0.59599 0.00159 0.40117 0.00125 ( 1)
 235 Q   0.58818 0.00969 0.39530 0.00683 ( 1)
 236 H   0.59308 0.00466 0.39884 0.00343 ( 1)
 237 I   0.59197 0.00579 0.39802 0.00421 ( 1)
 238 N   0.00111 0.57254 0.00075 0.42559 ( 2)
 239 T   0.59375 0.00396 0.39934 0.00295 ( 1)
 240 G   0.59270 0.00504 0.39856 0.00370 ( 1)
 241 L   0.58750 0.01040 0.39481 0.00730 ( 1)
 242 W   0.58925 0.00860 0.39605 0.00611 ( 1)
 243 L   0.59051 0.00730 0.39696 0.00523 ( 1)
 244 T   0.59426 0.00342 0.39974 0.00257 ( 1)
 245 Y   0.59190 0.00587 0.39797 0.00426 ( 1)
 246 Q   0.58818 0.00969 0.39530 0.00683 ( 1)
 247 S   0.59254 0.00521 0.39844 0.00381 ( 1)
 248 V   0.59128 0.00651 0.39751 0.00470 ( 1)
 249 D   0.59196 0.00580 0.39801 0.00422 ( 1)
 250 V   0.59133 0.00645 0.39755 0.00466 ( 1)
 251 K   0.59227 0.00549 0.39824 0.00400 ( 1)
 252 S   0.59254 0.00521 0.39844 0.00381 ( 1)
 253 V   0.59128 0.00651 0.39751 0.00470 ( 1)
 254 R   0.59411 0.00359 0.39962 0.00268 ( 1)
 255 M   0.59261 0.00514 0.39849 0.00376 ( 1)
 256 G   0.59269 0.00506 0.39854 0.00371 ( 1)
 257 S   0.42680 0.16544 0.28698 0.12078 ( 1)
 258 I   0.59599 0.00159 0.40117 0.00125 ( 1)
 259 Q   0.59053 0.00727 0.39698 0.00522 ( 1)
 260 R   0.59527 0.00236 0.40055 0.00181 ( 1)
 261 K   0.59199 0.00578 0.39803 0.00420 ( 1)
 262 A   0.58987 0.00823 0.39626 0.00563 ( 1)
 263 I   0.59066 0.00744 0.39680 0.00510 ( 1)
 264 M   0.59174 0.00635 0.39754 0.00437 ( 1)
 265 H   0.59224 0.00584 0.39789 0.00402 ( 1)
 266 H   0.59224 0.00584 0.39789 0.00402 ( 1)
 267 E   0.58975 0.00836 0.39618 0.00572 ( 1)
 268 G   0.59333 0.00474 0.39865 0.00328 ( 1)
 269 H   0.59213 0.00596 0.39781 0.00410 ( 1)
 270 M   0.59174 0.00635 0.39754 0.00437 ( 1)
 271 D   0.59105 0.00704 0.39707 0.00484 ( 1)
 272 D   0.59146 0.00661 0.39737 0.00456 ( 1)
 273 G   0.59184 0.00625 0.39761 0.00430 ( 1)
 274 L   0.58919 0.00897 0.39575 0.00608 ( 1)
 275 N   0.43657 0.15977 0.29331 0.11035 ( 1)
 276 L   0.58712 0.01102 0.39437 0.00749 ( 1)
 277 S   0.59145 0.00664 0.39734 0.00457 ( 1)
 278 R   0.59339 0.00468 0.39869 0.00324 ( 1)
 279 S   0.59166 0.00643 0.39749 0.00442 ( 1)
 280 Q   0.58723 0.01089 0.39446 0.00742 ( 1)
 281 H   0.59223 0.00585 0.39788 0.00403 ( 1)
 282 E   0.58968 0.00842 0.39613 0.00576 ( 1)
 283 E   0.58968 0.00842 0.39613 0.00576 ( 1)
 284 S   0.59012 0.00799 0.39643 0.00547 ( 1)
 285 R   0.59402 0.00404 0.39913 0.00281 ( 1)
 286 T   0.59165 0.00644 0.39748 0.00443 ( 1)
 287 A   0.59209 0.00600 0.39778 0.00413 ( 1)
 288 R   0.59479 0.00326 0.39967 0.00227 ( 1)
 289 V   0.59312 0.00496 0.39850 0.00343 ( 1)
 290 I   0.59106 0.00703 0.39708 0.00483 ( 1)
 291 R   0.59408 0.00399 0.39917 0.00277 ( 1)
 292 S   0.59278 0.00530 0.39827 0.00366 ( 1)
 293 T   0.59185 0.00624 0.39762 0.00429 ( 1)
 294 V   0.59300 0.00507 0.39842 0.00351 ( 1)
 295 F   0.59054 0.00756 0.39672 0.00519 ( 1)
 296 L   0.59072 0.00738 0.39684 0.00506 ( 1)
 297 F   0.59054 0.00756 0.39672 0.00519 ( 1)
 298 N   0.59286 0.00521 0.39832 0.00360 ( 1)
 299 R   0.59354 0.00453 0.39879 0.00314 ( 1)
 300 F   0.59042 0.00768 0.39664 0.00527 ( 1)
 301 I   0.59066 0.00744 0.39680 0.00510 ( 1)
 302 S   0.59277 0.00530 0.39826 0.00366 ( 1)
 303 K   0.59205 0.00605 0.39775 0.00416 ( 1)
 304 K   0.59204 0.00606 0.39774 0.00416 ( 1)
 305 A   0.00003 0.59083 0.00002 0.40912 ( 2)
 306 K   0.59169 0.00641 0.39750 0.00440 ( 1)
 307 A   0.38696 0.20962 0.25995 0.14348 ( 1)
 308 S   0.59212 0.00598 0.39779 0.00411 ( 1)
 309 T   0.46651 0.12999 0.31344 0.09005 ( 1)
 310 V   0.59383 0.00425 0.39898 0.00294 ( 1)
 311 D   0.59294 0.00515 0.39836 0.00355 ( 1)
 312 L   0.58813 0.01000 0.39506 0.00681 ( 1)
 313 P   0.42741 0.16880 0.28716 0.11663 ( 1)
 314 I   0.59613 0.00192 0.40061 0.00135 ( 1)
 315 E   0.59086 0.00724 0.39693 0.00496 ( 1)
 316 S   0.42267 0.17381 0.28396 0.11956 ( 1)
 317 V   0.59383 0.00425 0.39898 0.00294 ( 1)
 318 S   0.59447 0.00360 0.39943 0.00250 ( 1)
 319 L   0.59023 0.00788 0.39650 0.00539 ( 1)
 320 S   0.59447 0.00360 0.39943 0.00250 ( 1)
 321 L   0.58392 0.01425 0.39220 0.00964 ( 1)
 322 Q   0.58788 0.01025 0.39489 0.00698 ( 1)
 323 D   0.59294 0.00515 0.39836 0.00355 ( 1)
 324 L   0.58388 0.01429 0.39217 0.00967 ( 1)
 325 I   0.59134 0.00676 0.39726 0.00464 ( 1)
 326 G   0.59250 0.00559 0.39806 0.00385 ( 1)
 327 Y   0.59166 0.00644 0.39748 0.00442 ( 1)
 328 F   0.59122 0.00689 0.39717 0.00472 ( 1)
 329 H   0.59278 0.00531 0.39825 0.00366 ( 1)
 330 P   0.59125 0.00685 0.39720 0.00470 ( 1)
 331 P   0.59121 0.00690 0.39717 0.00473 ( 1)
 332 D   0.59173 0.00637 0.39753 0.00437 ( 1)
 333 E   0.59086 0.00724 0.39693 0.00496 ( 1)
 334 H   0.59278 0.00531 0.39825 0.00366 ( 1)
 335 L   0.58813 0.01000 0.39506 0.00681 ( 1)
 336 E   0.59082 0.00728 0.39690 0.00499 ( 1)
 337 H   0.59289 0.00519 0.39833 0.00358 ( 1)
 338 E   0.59036 0.00775 0.39659 0.00530 ( 1)
 339 D   0.59173 0.00637 0.39753 0.00437 ( 1)
 340 K   0.59169 0.00641 0.39750 0.00440 ( 1)
 341 Q   0.58788 0.01025 0.39489 0.00698 ( 1)
 342 N   0.59385 0.00422 0.39900 0.00292 ( 1)
 343 R   0.59400 0.00408 0.39910 0.00282 ( 1)
 344 L   0.58809 0.01004 0.39504 0.00683 ( 1)
 345 R   0.59054 0.00758 0.39670 0.00518 ( 1)
 346 A   0.59056 0.00755 0.39673 0.00517 ( 1)
 347 L   0.59020 0.00791 0.39648 0.00541 ( 1)
 348 K   0.59201 0.00609 0.39772 0.00418 ( 1)
 349 N   0.59347 0.00462 0.39873 0.00319 ( 1)
 350 R   0.59457 0.00350 0.39950 0.00243 ( 1)
 351 Q   0.58796 0.01017 0.39495 0.00692 ( 1)
 352 N   0.59347 0.00462 0.39873 0.00319 ( 1)
 353 L   0.59032 0.00779 0.39656 0.00533 ( 1)
 354 F   0.59119 0.00692 0.39715 0.00474 ( 1)
 355 Q   0.58790 0.01023 0.39490 0.00697 ( 1)
 356 E   0.59029 0.00782 0.39654 0.00535 ( 1)
 357 E   0.59079 0.00731 0.39688 0.00501 ( 1)
 358 G   0.59251 0.00559 0.39806 0.00385 ( 1)
 359 M   0.59253 0.00556 0.39808 0.00383 ( 1)
 360 I   0.59187 0.00623 0.39762 0.00428 ( 1)
 361 N   0.59405 0.00403 0.39913 0.00279 ( 1)
 362 L   0.59153 0.00657 0.39739 0.00451 ( 1)
 363 V   0.59179 0.00633 0.39755 0.00433 ( 1)
 364 L   0.59052 0.00759 0.39670 0.00519 ( 1)
 365 E   0.59103 0.00707 0.39705 0.00485 ( 1)
 366 C   0.59316 0.00493 0.39851 0.00340 ( 1)
 367 I   0.59623 0.00182 0.40067 0.00128 ( 1)
 368 D   0.59310 0.00500 0.39847 0.00344 ( 1)
 369 R   0.59489 0.00318 0.39972 0.00221 ( 1)
 370 L   0.58397 0.01419 0.39223 0.00960 ( 1)
 371 H   0.59294 0.00515 0.39836 0.00355 ( 1)
 372 V   0.59119 0.00692 0.39715 0.00474 ( 1)
 373 Y   0.59183 0.00627 0.39759 0.00431 ( 1)
 374 S   0.59356 0.00452 0.39879 0.00312 ( 1)
 375 S   0.59361 0.00447 0.39883 0.00309 ( 1)
 376 A   0.59073 0.00738 0.39684 0.00505 ( 1)
 377 A   0.59225 0.00585 0.39788 0.00402 ( 1)
 378 H   0.59294 0.00515 0.39836 0.00355 ( 1)
 379 F   0.59127 0.00684 0.39721 0.00469 ( 1)
 380 A   0.59521 0.00286 0.39994 0.00199 ( 1)
 381 D   0.59190 0.00620 0.39764 0.00426 ( 1)
 382 V   0.59389 0.00420 0.39902 0.00290 ( 1)
 383 A   0.59073 0.00738 0.39684 0.00505 ( 1)
 384 G   0.59422 0.00386 0.39925 0.00267 ( 1)
 385 R   0.59415 0.00393 0.39920 0.00272 ( 1)
 386 E   0.59054 0.00758 0.39670 0.00518 ( 1)
 387 A   0.59226 0.00583 0.39789 0.00401 ( 1)
 388 G   0.59422 0.00386 0.39925 0.00267 ( 1)
 389 E   0.59054 0.00758 0.39670 0.00518 ( 1)
 390 S   0.59248 0.00562 0.39804 0.00387 ( 1)
 391 W   0.58911 0.00901 0.39573 0.00615 ( 1)
 392 K   0.59221 0.00589 0.39786 0.00404 ( 1)
 393 S   0.59438 0.00370 0.39936 0.00256 ( 1)
 394 I   0.59151 0.00659 0.39737 0.00452 ( 1)
 395 L   0.58397 0.01419 0.39223 0.00960 ( 1)
 396 N   0.59365 0.00444 0.39885 0.00306 ( 1)
 397 S   0.59250 0.00560 0.39805 0.00385 ( 1)
 398 L   0.58399 0.01417 0.39225 0.00959 ( 1)
 399 Y   0.59123 0.00688 0.39718 0.00471 ( 1)
 400 E   0.59103 0.00707 0.39705 0.00485 ( 1)
 401 L   0.58735 0.01079 0.39453 0.00733 ( 1)
 402 L   0.58391 0.01425 0.39219 0.00964 ( 1)
 403 A   0.59501 0.00306 0.39981 0.00213 ( 1)
 404 A   0.59067 0.00713 0.39708 0.00512 ( 1)
 405 L   0.59035 0.00745 0.39685 0.00535 ( 1)
 406 I   0.59143 0.00634 0.39764 0.00459 ( 1)
 407 R   0.59397 0.00372 0.39953 0.00278 ( 1)
 408 G   0.59244 0.00530 0.39838 0.00388 ( 1)
 409 N   0.59350 0.00421 0.39917 0.00313 ( 1)
 410 R   0.59516 0.00246 0.40048 0.00189 ( 1)
 411 K   0.59211 0.00564 0.39813 0.00411 ( 1)
 412 N   0.59391 0.00378 0.39948 0.00283 ( 1)
 413 C   0.59302 0.00470 0.39881 0.00347 ( 1)
 414 A   0.59073 0.00706 0.39712 0.00508 ( 1)
 415 Q   0.59052 0.00736 0.39690 0.00522 ( 1)
 416 F   0.59120 0.00658 0.39746 0.00476 ( 1)
 417 S   0.59239 0.00535 0.39834 0.00392 ( 1)
 418 G   0.59255 0.00519 0.39846 0.00380 ( 1)
 419 S   0.59218 0.00557 0.39819 0.00406 ( 1)
 420 L   0.59047 0.00733 0.39694 0.00526 ( 1)
 421 D   0.59297 0.00476 0.39877 0.00351 ( 1)
 422 W   0.58909 0.00876 0.39594 0.00622 ( 1)
 423 L   0.58829 0.00957 0.39538 0.00676 ( 1)
 424 I   0.59182 0.00594 0.39792 0.00432 ( 1)
 425 S   0.59341 0.00429 0.39911 0.00319 ( 1)
 426 R   0.59052 0.00728 0.39697 0.00523 ( 1)
 427 L   0.58735 0.01054 0.39471 0.00740 ( 1)
 428 E   0.59048 0.00732 0.39694 0.00525 ( 1)
 429 R   0.59397 0.00372 0.39953 0.00278 ( 1)
 430 L   0.58406 0.01393 0.39240 0.00961 ( 1)
 431 E   0.59044 0.00736 0.39692 0.00528 ( 1)
 432 A   0.59063 0.00716 0.39705 0.00515 ( 1)
 433 S   0.59235 0.00539 0.39831 0.00394 ( 1)
 434 S   0.59235 0.00539 0.39831 0.00394 ( 1)
 435 G   0.59366 0.00441 0.39887 0.00305 ( 1)
 436 I   0.59105 0.00705 0.39707 0.00483 ( 1)
 437 L   0.59111 0.00699 0.39710 0.00480 ( 1)
 438 E   0.59007 0.00804 0.39639 0.00550 ( 1)
 439 V   0.43307 0.16323 0.29096 0.11273 ( 1)
 440 L   0.58785 0.01027 0.39488 0.00700 ( 1)
 441 H   0.59251 0.00558 0.39807 0.00384 ( 1)
 442 C   0.59272 0.00536 0.39822 0.00370 ( 1)
 443 V   0.59073 0.00737 0.39684 0.00505 ( 1)
 444 L   0.58785 0.01027 0.39488 0.00700 ( 1)
 445 V   0.59357 0.00450 0.39881 0.00311 ( 1)
 446 E   0.59007 0.00804 0.39639 0.00550 ( 1)
 447 S   0.59423 0.00384 0.39926 0.00267 ( 1)
 448 P   0.59092 0.00718 0.39697 0.00492 ( 1)
 449 E   0.59007 0.00804 0.39639 0.00550 ( 1)
 450 A   0.59037 0.00773 0.39660 0.00529 ( 1)
 451 L   0.58997 0.00814 0.39632 0.00557 ( 1)
 452 N   0.59323 0.00485 0.39857 0.00335 ( 1)
 453 I   0.02575 0.56763 0.01730 0.38932 ( 2)
 454 I   0.59105 0.00705 0.39707 0.00483 ( 1)
 455 K   0.59176 0.00633 0.39755 0.00435 ( 1)
 456 E   0.59007 0.00804 0.39639 0.00550 ( 1)
 457 G   0.59222 0.00587 0.39787 0.00404 ( 1)
 458 H   0.59262 0.00547 0.39815 0.00377 ( 1)
 459 I   0.59105 0.00705 0.39707 0.00483 ( 1)
 460 K   0.59176 0.00633 0.39755 0.00435 ( 1)
 461 S   0.59183 0.00626 0.39760 0.00430 ( 1)
 462 I   0.59105 0.00705 0.39707 0.00483 ( 1)
 463 I   0.59145 0.00665 0.39734 0.00456 ( 1)
 464 S   0.59025 0.00786 0.39651 0.00538 ( 1)
 465 L   0.59111 0.00699 0.39711 0.00479 ( 1)
 466 L   0.58785 0.01027 0.39488 0.00700 ( 1)
 467 D   0.59266 0.00543 0.39817 0.00374 ( 1)
 468 K   0.59141 0.00669 0.39731 0.00459 ( 1)
 469 H   0.59262 0.00547 0.39815 0.00377 ( 1)
 470 G   0.59205 0.00604 0.39776 0.00415 ( 1)
 471 R   0.59371 0.00437 0.39890 0.00302 ( 1)
 472 N   0.59319 0.00489 0.39854 0.00338 ( 1)
 473 H   0.59247 0.00562 0.39804 0.00387 ( 1)
 474 K   0.59137 0.00673 0.39728 0.00462 ( 1)
 475 V   0.59360 0.00411 0.39924 0.00305 ( 1)
 476 L   0.58412 0.01387 0.39244 0.00957 ( 1)
 477 D   0.59313 0.00463 0.39885 0.00339 ( 1)
 478 V   0.59391 0.00379 0.39947 0.00283 ( 1)
 479 L   0.58850 0.00937 0.39551 0.00662 ( 1)
 480 C   0.59445 0.00323 0.39989 0.00243 ( 1)
 481 S   0.59237 0.00538 0.39831 0.00393 ( 1)
 482 L   0.59063 0.00718 0.39704 0.00515 ( 1)
 483 C   0.59324 0.00449 0.39896 0.00331 ( 1)
 484 V   0.59368 0.00403 0.39929 0.00299 ( 1)
 485 C   0.59447 0.00322 0.39990 0.00242 ( 1)
 486 H   0.44177 0.15049 0.29708 0.11066 ( 1)
 487 G   0.59424 0.00346 0.39972 0.00259 ( 1)
 488 V   0.59401 0.00369 0.39954 0.00275 ( 1)
 489 A   0.59243 0.00533 0.39835 0.00389 ( 1)
 490 V   0.59393 0.00378 0.39948 0.00282 ( 1)
 491 R   0.59534 0.00230 0.40060 0.00177 ( 1)
 492 S   0.59261 0.00514 0.39849 0.00376 ( 1)
 493 N   0.59411 0.00359 0.39962 0.00269 ( 1)
 494 Q   0.58827 0.00960 0.39535 0.00677 ( 1)
 495 H   0.59314 0.00459 0.39888 0.00338 ( 1)
