Supplemental results for CODEML (seqf: /home/leticiamagpali/phd/evol_models/codeml/big_dataset/cml_align/CASQ2_codon_aligned.phy  treef: /home/leticiamagpali/phd/evol_models/codeml/big_dataset/cml_trees/gene_trees/H3_gene_trees/CASQ2_tree_H3.tre)

I	J	ij	2Ns_IJ	pMut_IJ	pSub_IJ	2Ns_JI	pMut_JI	pSub_JI

TTC	TTT	CT	0.86155	0.13568	0.20242	-0.86155	0.32113	0.20242
TTA	TTT	AT	7.26472	0.00003	0.00025	-7.26472	0.04919	0.00025
TTA	TTC	AC	6.40317	0.00006	0.00038	-6.40317	0.03610	0.00038
TTG	TTT	GT	0.65801	0.01965	0.02683	-0.65801	0.03795	0.02683
TTG	TTC	GC	-0.20354	0.03414	0.03078	0.20354	0.02785	0.03078
TTG	TTA	GA	-6.60671	0.12791	0.00114	6.60671	0.00017	0.00114
TCT	TTT	CT	2.07857	0.04018	0.09545	-2.07857	0.32113	0.09545
TCC	TTC	CT	1.82583	0.03796	0.08262	-1.82583	0.23567	0.08262
TCC	TCT	CT	0.60881	0.03796	0.05068	-0.60881	0.06978	0.05068
TCA	TTA	CT	-4.52302	0.02724	0.00135	4.52302	0.00030	0.00135
TCA	TCT	AT	0.66312	0.00551	0.00753	-0.66312	0.01069	0.00753
TCA	TCC	AC	0.05431	0.00957	0.00983	-0.05431	0.01010	0.00983
TCG	TTG	CT	6.20639	0.00034	0.00212	-6.20639	0.16884	0.00212
TCG	TCT	GT	4.78583	0.00007	0.00033	-4.78583	0.00825	0.00033
TCG	TCC	GC	4.17702	0.00012	0.00051	-4.17702	0.00779	0.00051
TCG	TCA	GA	4.12271	0.00045	0.00188	-4.12271	0.02765	0.00188
TAT	TTT	AT	1.28078	0.01367	0.02424	-1.28078	0.04919	0.02424
TAT	TCT	AC	-0.79779	0.02374	0.01551	0.79779	0.01069	0.01551
TAC	TTC	AT	0.60095	0.01979	0.02633	-0.60095	0.03610	0.02633
TAC	TCC	AC	-1.22488	0.03438	0.01752	1.22488	0.01010	0.01752
TAC	TAT	CT	0.18172	0.09789	0.10705	-0.18172	0.11739	0.10705
TGT	TTT	GT	3.39448	0.00127	0.00447	-3.39448	0.03795	0.00447
TGT	TCT	GC	1.31591	0.00221	0.00398	-1.31591	0.00825	0.00398
TGT	TAT	GA	2.11370	0.00829	0.01993	-2.11370	0.06862	0.01993
TGC	TTC	GT	1.87572	0.00427	0.00945	-1.87572	0.02785	0.00945
TGC	TCC	GC	0.04988	0.00741	0.00760	-0.04988	0.00779	0.00760
TGC	TAC	GA	1.27477	0.02778	0.04914	-1.27477	0.09938	0.04914
TGC	TGT	CT	-0.65721	0.02111	0.01493	0.65721	0.01094	0.01493
TGG	TTG	GT	0.45990	0.01260	0.01572	-0.45990	0.01995	0.01572
TGG	TCG	GC	-5.74649	0.02188	0.00040	5.74649	0.00007	0.00040
TGG	TGT	GT	-2.27657	0.01260	0.00328	2.27657	0.00129	0.00328
TGG	TGC	GC	-1.61936	0.02188	0.00875	1.61936	0.00433	0.00875
CTT	TTT	CT	1.82538	0.05175	0.11262	-1.82538	0.32113	0.11262
CTC	TTC	CT	1.27717	0.06571	0.11637	-1.27717	0.23567	0.11637
CTC	CTT	CT	0.31334	0.06571	0.07654	-0.31334	0.08989	0.07654
CTA	TTA	CT	-4.83692	0.03728	0.00144	4.83692	0.00030	0.00144
CTA	CTT	AT	0.60242	0.00754	0.01004	-0.60242	0.01377	0.01004
CTA	CTC	AC	0.28908	0.01309	0.01508	-0.28908	0.01748	0.01508
CTG	TTG	CT	-0.09623	0.18590	0.17710	0.09623	0.16884	0.17710
CTG	CTT	GT	-1.26359	0.03759	0.01871	1.26359	0.01062	0.01871
CTG	CTC	GC	-1.57694	0.06529	0.02681	1.57694	0.01349	0.02681
CTG	CTA	GA	-1.86601	0.24461	0.08356	1.86601	0.03785	0.08356
CCT	TCT	CT	0.60881	0.03796	0.05068	-0.60881	0.06978	0.05068
CCT	CTT	CT	0.86201	0.03796	0.05665	-0.86201	0.08989	0.05665
CCC	TCC	CT	-0.19766	0.08035	0.07267	0.19766	0.06594	0.07267
CCC	CTC	CT	0.35101	0.08035	0.09528	-0.35101	0.11414	0.09528
CCC	CCT	CT	-0.19766	0.08035	0.07267	0.19766	0.06594	0.07267
CCA	TCA	CT	-0.45945	0.07490	0.05901	0.45945	0.04731	0.05901
CCA	CTA	CT	-0.14555	0.07490	0.06959	0.14555	0.06476	0.06959
CCA	CCT	AT	-0.40514	0.01515	0.01228	0.40514	0.01010	0.01228
CCA	CCC	AC	-0.20748	0.02631	0.02367	0.20748	0.02138	0.02367
CCG	TCG	CT	-3.09851	0.01311	0.00192	3.09851	0.00059	0.00192
CCG	CTG	CT	3.20411	0.01311	0.04378	-3.20411	0.32290	0.04378
CCG	CCT	GT	1.07851	0.00265	0.00433	-1.07851	0.00779	0.00433
CCG	CCC	GC	1.27617	0.00460	0.00815	-1.27617	0.01649	0.00815
CCG	CCA	GA	1.48365	0.01725	0.03310	-1.48365	0.07605	0.03310
CAT	TAT	CT	1.07650	0.04001	0.06533	-1.07650	0.11739	0.06533
CAT	CTT	AT	0.53191	0.00809	0.01043	-0.53191	0.01377	0.01043
CAT	CCT	AC	-0.33010	0.01405	0.01186	0.33010	0.01010	0.01186
CAC	TAC	CT	1.49487	0.03813	0.07349	-1.49487	0.17003	0.07349
CAC	CTC	AT	0.81866	0.00771	0.01129	-0.81866	0.01748	0.01129
CAC	CCC	AC	0.46765	0.01339	0.01677	-0.46765	0.02138	0.01677
CAC	CAT	CT	0.60009	0.03813	0.05071	-0.60009	0.06949	0.05071
CAA	CTA	AT	0.29756	0.00737	0.00852	-0.29756	0.00992	0.00852
CAA	CCA	AC	0.44311	0.01279	0.01584	-0.44311	0.01993	0.01584
CAA	CAT	AT	0.36807	0.00737	0.00880	-0.36807	0.01064	0.00880
CAA	CAC	AC	-0.23202	0.01279	0.01137	0.23202	0.01015	0.01137
CAG	CTG	AT	1.10062	0.01645	0.02714	-1.10062	0.04946	0.02714
CAG	CCG	AC	-2.10349	0.02858	0.00836	2.10349	0.00349	0.00836
CAG	CAT	GT	-0.69488	0.01645	0.01139	0.69488	0.00821	0.01139
CAG	CAC	GC	-1.29497	0.02858	0.01396	1.29497	0.00783	0.01396
CAG	CAA	GA	-1.06295	0.10707	0.06006	1.06295	0.03699	0.06006
CGT	TGT	CT	0.15573	0.00936	0.01011	-0.15573	0.01094	0.01011
CGT	CTT	GT	1.72484	0.00189	0.00397	-1.72484	0.01062	0.00397
CGT	CCT	GC	0.86283	0.00329	0.00491	-0.86283	0.00779	0.00491
CGT	CAT	GA	1.19293	0.01232	0.02110	-1.19293	0.04062	0.02110
CGC	TGC	CT	-0.41447	0.05550	0.04479	0.41447	0.03667	0.04479
CGC	CTC	GT	0.18408	0.01122	0.01229	-0.18408	0.01349	0.01229
CGC	CCC	GC	-0.16692	0.01949	0.01791	0.16692	0.01649	0.01791
CGC	CAC	GA	-0.63457	0.07302	0.05229	0.63457	0.03871	0.05229
CGC	CGT	CT	-1.22741	0.05550	0.02824	1.22741	0.01626	0.02824
CGA	CTA	GT	8.95804	0.00000	0.00000	-8.95804	0.00765	0.00001
CGA	CCA	GC	9.10359	0.00000	0.00000	-9.10359	0.01538	0.00002
CGA	CAA	GA	8.66048	0.00000	0.00000	-8.66048	0.03699	0.00006
CGA	CGT	AT	7.83562	0.00000	0.00000	-7.83562	0.00249	0.00001
CGA	CGC	AC	9.06304	0.00000	0.00000	-9.06304	0.01477	0.00002
CGG	TGG	CT	2.11098	0.01311	0.03148	-2.11098	0.10823	0.03148
CGG	CTG	GT	2.66710	0.00265	0.00760	-2.66710	0.03816	0.00760
CGG	CCG	GC	-0.53701	0.00460	0.00348	0.53701	0.00269	0.00348
CGG	CAG	GA	1.56649	0.01725	0.03415	-1.56649	0.08261	0.03415
CGG	CGT	GT	-0.32133	0.00265	0.00225	0.32133	0.00192	0.00225
CGG	CGC	GC	0.90609	0.00460	0.00700	-0.90609	0.01139	0.00700
CGG	CGA	GA	-8.15695	0.01725	0.00004	8.15695	0.00000	0.00000
ATT	TTT	AT	0.68270	0.02485	0.03429	-0.68270	0.04919	0.03429
ATT	CTT	AC	-1.14268	0.04317	0.02310	1.14268	0.01377	0.02310
ATC	TTC	AT	0.23149	0.02864	0.03208	-0.23149	0.03610	0.03208
ATC	CTC	AC	-1.04568	0.04974	0.02819	1.04568	0.01748	0.02819
ATC	ATT	CT	0.41034	0.14164	0.17268	-0.41034	0.21349	0.17268
ATA	TTA	AT	-4.15635	0.00289	0.00019	4.15635	0.00005	0.00019
ATA	CTA	AC	0.68057	0.00502	0.00692	-0.68057	0.00992	0.00692
ATA	ATT	AT	2.42567	0.00289	0.00769	-2.42567	0.03270	0.00769
ATA	ATC	AC	2.01533	0.00502	0.01168	-2.01533	0.03768	0.01168
ATG	TTG	AT	0.75822	0.01212	0.01728	-0.75822	0.02586	0.01728
ATG	CTG	AC	0.85445	0.02105	0.03130	-0.85445	0.04946	0.03130
ATG	ATT	GT	0.73354	0.01212	0.01710	-0.73354	0.02523	0.01710
ATG	ATC	GC	0.32319	0.02105	0.02463	-0.32319	0.02908	0.02463
ATG	ATA	GA	-1.69213	0.07885	0.03011	1.69213	0.01452	0.03011
ACT	TCT	AT	0.04794	0.01019	0.01043	-0.04794	0.01069	0.01043
ACT	CCT	AC	-0.56087	0.01770	0.01320	0.56087	0.01010	0.01320
ACT	ATT	CT	1.44382	0.05039	0.09523	-1.44382	0.21349	0.09523
ACC	TCC	AT	0.22631	0.00805	0.00900	-0.22631	0.01010	0.00900
ACC	CCC	AC	0.42397	0.01399	0.01717	-0.42397	0.02138	0.01717
ACC	ATC	CT	1.82066	0.03984	0.08654	-1.82066	0.24602	0.08654
ACC	ACT	CT	0.78719	0.03984	0.05755	-0.78719	0.08753	0.05755
ACA	TCA	AT	-0.49969	0.01194	0.00921	0.49969	0.00725	0.00921
ACA	CCA	AC	-0.04024	0.02075	0.02033	0.04024	0.01993	0.02033
ACA	ATA	CT	-0.86636	0.05907	0.03713	0.86636	0.02484	0.03713
ACA	ACT	AT	0.11550	0.01194	0.01265	-0.11550	0.01341	0.01265
ACA	ACC	AC	-0.67169	0.02075	0.01455	0.67169	0.01060	0.01455
ACG	TCG	AT	-3.42684	0.00279	0.00032	3.42684	0.00009	0.00032
ACG	CCG	AC	-0.32833	0.00484	0.00409	0.32833	0.00349	0.00409
ACG	ATG	CT	2.02133	0.01379	0.03213	-2.02133	0.10409	0.03213
ACG	ACT	GT	1.31105	0.00279	0.00500	-1.31105	0.01034	0.00500
ACG	ACC	GC	0.52387	0.00484	0.00622	-0.52387	0.00818	0.00622
ACG	ACA	GA	1.19556	0.01814	0.03110	-1.19556	0.05997	0.03110
AAT	TAT	AT	0.54467	0.01043	0.01353	-0.54467	0.01798	0.01353
AAT	CAT	AC	-0.53183	0.01812	0.01372	0.53183	0.01064	0.01372
AAT	ATT	AT	1.14276	0.01043	0.01750	-1.14276	0.03270	0.01750
AAT	ACT	AC	-0.30106	0.01812	0.01553	0.30106	0.01341	0.01553
AAC	TAC	AT	0.27795	0.01972	0.02259	-0.27795	0.02604	0.02259
AAC	CAC	AC	-1.21693	0.03426	0.01754	1.21693	0.01015	0.01754
AAC	ATC	AT	0.64741	0.01972	0.02679	-0.64741	0.03768	0.02679
AAC	ACC	AC	-1.17325	0.03426	0.01800	1.17325	0.01060	0.01800
AAC	AAT	CT	-0.08500	0.09755	0.09346	0.08500	0.08960	0.09346
AAA	CAA	AC	-1.54503	0.04544	0.01904	1.54503	0.00969	0.01904
AAA	ATA	AT	-1.92804	0.02616	0.00858	1.92804	0.00380	0.00858
AAA	ACA	AC	-1.06168	0.04544	0.02551	1.06168	0.01572	0.02551
AAA	AAT	AT	-0.64512	0.02616	0.01862	0.64512	0.01372	0.01862
AAA	AAC	AC	-0.56012	0.04544	0.03390	0.56012	0.02595	0.03390
AAG	CAG	AC	-1.20397	0.07217	0.03724	1.20397	0.02165	0.03724
AAG	ATG	AT	-0.95780	0.04155	0.02478	0.95780	0.01594	0.02478
AAG	ACG	AC	-2.97913	0.07217	0.01151	2.97913	0.00367	0.01151
AAG	AAT	GT	-1.36702	0.04155	0.01943	1.36702	0.01059	0.01943
AAG	AAC	GC	-1.28201	0.07217	0.03553	1.28201	0.02002	0.03553
AAG	AAA	GA	-0.72190	0.27037	0.18442	0.72190	0.13135	0.18442
AGT	TGT	AT	-2.28423	0.01645	0.00426	2.28423	0.00168	0.00426
AGT	CGT	AC	-2.43996	0.02858	0.00666	2.43996	0.00249	0.00666
AGT	ATT	GT	0.42756	0.01645	0.02022	-0.42756	0.02523	0.02022
AGT	ACT	GC	-1.01626	0.02858	0.01648	1.01626	0.01034	0.01648
AGT	AAT	GA	-0.71520	0.10707	0.07331	0.71520	0.05237	0.07331
AGC	TGC	AT	-0.08140	0.00609	0.00585	0.08140	0.00562	0.00585
AGC	CGC	AC	0.33306	0.01058	0.01244	-0.33306	0.01477	0.01244
AGC	ATC	GT	1.56283	0.00609	0.01205	-1.56283	0.02908	0.01205
AGC	ACC	GC	-0.25784	0.01058	0.00928	0.25784	0.00818	0.00928
AGC	AAC	GA	0.91542	0.03965	0.06053	-0.91542	0.09903	0.06053
AGC	AGT	CT	1.54561	0.03013	0.05919	-1.54561	0.14134	0.05919
AGA	CGA	AC	-8.37481	0.00562	0.00001	8.37481	0.00000	0.00000
AGA	ATA	GT	-0.09733	0.00324	0.00308	0.09733	0.00294	0.00308
AGA	ACA	GC	0.76902	0.00562	0.00806	-0.76902	0.01213	0.00806
AGA	AAA	GA	1.83070	0.02106	0.04591	-1.83070	0.13135	0.04591
AGA	AGT	AT	1.90078	0.00324	0.00723	-1.90078	0.02165	0.00723
AGA	AGC	AC	0.35517	0.00562	0.00668	-0.35517	0.00802	0.00668
AGG	TGG	AT	1.08335	0.00561	0.00919	-1.08335	0.01658	0.00919
AGG	CGG	AC	-1.02763	0.00975	0.00558	1.02763	0.00349	0.00558
AGG	ATG	GT	0.78502	0.00561	0.00810	-0.78502	0.01230	0.00810
AGG	ACG	GC	-1.23631	0.00975	0.00493	1.23631	0.00283	0.00493
AGG	AAG	GA	1.74282	0.03651	0.07714	-1.74282	0.20861	0.07714
AGG	AGT	GT	1.09100	0.00561	0.00922	-1.09100	0.01670	0.00922
AGG	AGC	GC	-0.45461	0.00975	0.00770	0.45461	0.00619	0.00770
AGG	AGA	GA	-0.80978	0.03651	0.02370	0.80978	0.01625	0.02370
GTT	TTT	GT	0.75157	0.01790	0.02546	-0.75157	0.03795	0.02546
GTT	CTT	GC	-1.07381	0.03109	0.01733	1.07381	0.01062	0.01733
GTT	ATT	GA	0.06888	0.11648	0.12054	-0.06888	0.12479	0.12054
GTC	TTC	GT	0.52221	0.01652	0.02121	-0.52221	0.02785	0.02121
GTC	CTC	GC	-0.75496	0.02870	0.01922	0.75496	0.01349	0.01922
GTC	ATC	GA	0.29073	0.10752	0.12391	-0.29073	0.14380	0.12391
GTC	GTT	CT	0.63219	0.08171	0.11025	-0.63219	0.15376	0.11025
GTA	TTA	GT	-3.72253	0.00145	0.00013	3.72253	0.00003	0.00013
GTA	CTA	GC	1.11440	0.00251	0.00417	-1.11440	0.00765	0.00417
GTA	ATA	GA	0.43383	0.00941	0.01160	-0.43383	0.01452	0.01160
GTA	GTT	AT	2.79062	0.00145	0.00430	-2.79062	0.02355	0.00430
GTA	GTC	AC	2.15843	0.00251	0.00613	-2.15843	0.02174	0.00613
GTG	TTG	GT	-0.56404	0.03508	0.02611	0.56404	0.01995	0.02611
GTG	CTG	GC	-0.46782	0.06093	0.04778	0.46782	0.03816	0.04778
GTG	ATG	GA	-1.32227	0.22826	0.10968	1.32227	0.06084	0.10968
GTG	GTT	GT	-0.65760	0.03508	0.02480	0.65760	0.01817	0.02480
GTG	GTC	GC	-1.28980	0.06093	0.02986	1.28980	0.01677	0.02986
GTG	GTA	GA	-3.44823	0.22826	0.02585	3.44823	0.00726	0.02585
GCT	TCT	GT	-0.84359	0.01917	0.01221	0.84359	0.00825	0.01221
GCT	CCT	GC	-1.45240	0.03330	0.01478	1.45240	0.00779	0.01478
GCT	ACT	GA	-0.89153	0.12477	0.07731	0.89153	0.05116	0.07731
GCT	GTT	CT	0.48341	0.09482	0.11958	-0.48341	0.15376	0.11958
GCC	TCC	GT	-0.28811	0.01040	0.00897	0.28811	0.00779	0.00897
GCC	CCC	GC	-0.09045	0.01806	0.01725	0.09045	0.01649	0.01725
GCC	ACC	GA	-0.51443	0.06765	0.05173	0.51443	0.04044	0.05173
GCC	GTC	CT	1.01551	0.05141	0.08186	-1.01551	0.14194	0.08186
GCC	GCT	CT	1.16429	0.05141	0.08702	-1.16429	0.16470	0.08702
GCA	TCA	GT	-0.62342	0.01043	0.00751	0.62342	0.00559	0.00751
GCA	CCA	GC	-0.16396	0.01812	0.01667	0.16396	0.01538	0.01667
GCA	ACA	GA	-0.12373	0.06787	0.06376	0.12373	0.05997	0.06376
GCA	GTA	CT	-1.42391	0.05158	0.02329	1.42391	0.01242	0.02329
GCA	GCT	AT	0.88330	0.01043	0.01571	-0.88330	0.02523	0.01571
GCA	GCC	AC	-0.28099	0.01812	0.01569	0.28099	0.01368	0.01569
GCG	TCG	GT	-4.69439	0.00764	0.00033	4.69439	0.00007	0.00033
GCG	CCG	GC	-1.59588	0.01327	0.00539	1.59588	0.00269	0.00539
GCG	ACG	GA	-1.26755	0.04973	0.02470	1.26755	0.01400	0.02470
GCG	GTG	CT	2.07605	0.03779	0.08971	-2.07605	0.30132	0.08971
GCG	GCT	GT	0.93503	0.00764	0.01176	-0.93503	0.01947	0.01176
GCG	GCC	GC	-0.22926	0.01327	0.01181	0.22926	0.01055	0.01181
GCG	GCA	GA	0.05174	0.04973	0.05103	-0.05174	0.05237	0.05103
GAT	TAT	GT	-1.59631	0.06846	0.02778	1.59631	0.01387	0.02778
GAT	CAT	GC	-2.67281	0.11892	0.02358	2.67281	0.00821	0.02358
GAT	AAT	GA	-2.14097	0.44554	0.12705	2.14097	0.05237	0.12705
GAT	GTT	AT	-1.06709	0.06846	0.03831	1.06709	0.02355	0.03831
GAT	GCT	AC	-1.55051	0.11892	0.04965	1.55051	0.02523	0.04965
GAC	TAC	GT	-1.40870	0.08220	0.03747	1.40870	0.02009	0.03747
GAC	CAC	GC	-2.90357	0.14278	0.02405	2.90357	0.00783	0.02405
GAC	AAC	GA	-1.68665	0.53492	0.20499	1.68665	0.09903	0.20499
GAC	GTC	AT	-1.32996	0.08220	0.03931	1.32996	0.02174	0.03931
GAC	GCC	AC	-2.34547	0.14278	0.03548	2.34547	0.01368	0.03548
GAC	GAT	CT	0.36933	0.40653	0.48621	-0.36933	0.58815	0.48621
GAA	CAA	GC	-2.31465	0.07569	0.01921	2.31465	0.00748	0.01921
GAA	AAA	GA	-0.76962	0.28359	0.18832	0.76962	0.13135	0.18832
GAA	GTA	AT	-3.13148	0.04358	0.00623	3.13148	0.00190	0.00623
GAA	GCA	AC	-1.70757	0.07569	0.02862	1.70757	0.01372	0.02862
GAA	GAT	AT	0.72623	0.04358	0.06130	-0.72623	0.09009	0.06130
GAA	GAC	AC	0.35691	0.07569	0.09000	-0.35691	0.10816	0.09000
GAG	CAG	GC	-2.16016	0.14487	0.04079	2.16016	0.01670	0.04079
GAG	AAG	GA	-0.95619	0.54276	0.32400	0.95619	0.20861	0.32400
GAG	GTG	AT	-0.59172	0.08340	0.06115	0.59172	0.04615	0.06115
GAG	GCG	AC	-2.66777	0.14487	0.02882	2.66777	0.01005	0.02882
GAG	GAT	GT	-0.18223	0.08340	0.07603	0.18223	0.06951	0.07603
GAG	GAC	GC	-0.55156	0.14487	0.10857	0.55156	0.08345	0.10857
GAG	GAA	GA	-0.90846	0.54276	0.33304	0.90846	0.21881	0.33304
GGT	TGT	GT	-1.46153	0.00558	0.00246	1.46153	0.00129	0.00246
GGT	CGT	GC	-1.61727	0.00969	0.00388	1.61727	0.00192	0.00388
GGT	AGT	GA	0.82269	0.03629	0.05324	-0.82269	0.08261	0.05324
GGT	GTT	GT	1.18138	0.00558	0.00950	-1.18138	0.01817	0.00950
GGT	GCT	GC	0.69796	0.00969	0.01346	-0.69796	0.01947	0.01346
GGT	GAT	GA	2.24847	0.03629	0.09122	-2.24847	0.34377	0.09122
GGC	TGC	GT	-1.04231	0.01229	0.00698	1.04231	0.00433	0.00698
GGC	CGC	GC	-0.62784	0.02134	0.01534	0.62784	0.01139	0.01534
GGC	AGC	GA	-0.96091	0.07997	0.04761	0.96091	0.03059	0.04761
GGC	GTC	GT	0.31119	0.01229	0.01430	-0.31119	0.01677	0.01430
GGC	GCC	GC	-0.70432	0.02134	0.01470	0.70432	0.01055	0.01470
GGC	GAC	GA	1.64116	0.07997	0.16278	-1.64116	0.41273	0.16278
GGC	GGT	CT	-0.23799	0.06077	0.05383	0.23799	0.04790	0.05383
GGA	CGA	GC	-9.14708	0.00939	0.00001	9.14708	0.00000	0.00000
GGA	AGA	GA	-0.77227	0.03517	0.02332	0.77227	0.01625	0.02332
GGA	GTA	GT	-1.30343	0.00540	0.00263	1.30343	0.00147	0.00263
GGA	GCA	GC	0.12048	0.00939	0.00996	-0.12048	0.01059	0.00996
GGA	GAA	GA	1.82805	0.03517	0.07660	-1.82805	0.21881	0.07660
GGA	GGT	AT	0.30581	0.00540	0.00627	-0.30581	0.00734	0.00627
GGA	GGC	AC	0.54380	0.00939	0.01217	-0.54380	0.01617	0.01217
GGG	TGG	GT	0.12476	0.01129	0.01201	-0.12476	0.01279	0.01201
GGG	CGG	GC	-1.98621	0.01961	0.00619	1.98621	0.00269	0.00619
GGG	AGG	GA	-0.95858	0.07347	0.04380	0.95858	0.02817	0.04380
GGG	GTG	GT	1.14871	0.01129	0.01899	-1.14871	0.03561	0.01899
GGG	GCG	GC	-0.92734	0.01961	0.01190	0.92734	0.00776	0.01190
GGG	GAG	GA	1.74043	0.07347	0.15508	-1.74043	0.41878	0.15508
GGG	GGT	GT	-0.69027	0.01129	0.00784	0.69027	0.00566	0.00784
GGG	GGC	GC	-0.45228	0.01961	0.01551	0.45228	0.01248	0.01551
GGG	GGA	GA	-0.99609	0.07347	0.04286	0.99609	0.02714	0.04286


Histograms
2Ns	FMut	FSub(CodonUsage)	FSubw(after w)

-8.71150	0.00352	0.00001
-7.84035	0.00077	0.00000
-6.96920	0.00694	0.00007
-6.09805	0.00890	0.00015
-5.22690	0.00146	0.00007
-4.35575	0.00319	0.00024
-3.48460	0.02549	0.00424
-2.61345	0.04679	0.01372
-1.74230	0.25152	0.12037
-0.87115	0.27860	0.22889
0.00000	0.20501	0.26448
0.87115	0.11893	0.22889
1.74230	0.04393	0.12037
2.61345	0.00391	0.01372
3.48460	0.00095	0.00424
4.35575	0.00004	0.00024
5.22690	0.00001	0.00007
6.09805	0.00002	0.00015
6.96920	0.00001	0.00007
7.84035	0.00000	0.00000
8.71150	0.00000	0.00000

Proportion of advantageous (S > 0) mutations:
 0.25743

Proportions of good & bad mutations (|S| > 2.0000) among mutations:
0.01252  0.15910

mean |Ns| = 1.29153	mean Ns+ = 0.81054	mean Ns- = -1.45827


MLEs of dN/dS (w) for site classes (K=4)

site class             0        1       2a       2b
proportion       0.72607  0.16947  0.08469  0.01977
background w     0.05429  1.00000  0.05429  1.00000
foreground w     0.05429  1.00000  5.30671  5.30671

Naive Empirical Bayes (NEB) probabilities for 4 classes
(amino acids refer to 1st sequence: Bacu)

   1 M   0.90578 0.04487 0.04666 0.00269 ( 1)
   2 K   0.31645 0.60913 0.02414 0.05028 ( 2)
   3 R   0.55519 0.39497 0.02789 0.02194 ( 1)
   4 T   0.90363 0.04633 0.04723 0.00281 ( 1)
   5 H   0.56077 0.39351 0.02488 0.02085 ( 1)
   6 L   0.76986 0.13767 0.07813 0.01434 ( 1)
   7 F   0.80980 0.10892 0.07118 0.01010 ( 1)
   8 V   0.28250 0.63718 0.02362 0.05670 ( 2)
   9 M   0.29765 0.62211 0.02489 0.05536 ( 2)
  10 A   0.00186 0.73048 0.01063 0.25703 ( 2)
  11 V   0.87535 0.06441 0.05566 0.00458 ( 1)
  12 Y   0.83174 0.09383 0.06640 0.00804 ( 1)
  13 L   0.76986 0.13767 0.07813 0.01434 ( 1)
  14 L   0.76986 0.13767 0.07813 0.01434 ( 1)
  15 S   0.91201 0.04106 0.04457 0.00236 ( 1)
  16 T   0.51789 0.43203 0.02531 0.02478 ( 1)
  17 C   0.93053 0.03003 0.03796 0.00149 ( 1)
  18 R   0.42361 0.52963 0.01876 0.02799 ( 2)
  19 A   0.85470 0.07737 0.06182 0.00612 ( 1)
  20 E   0.08084 0.18448 0.64891 0.08577 ( 3)
  21 E   0.81889 0.10206 0.06982 0.00923 ( 1)
  22 G   0.89795 0.04911 0.04983 0.00312 ( 1)
  23 L   0.77587 0.13471 0.07582 0.01360 ( 1)
  24 N   0.46070 0.48342 0.02535 0.03053 ( 2)
  25 F   0.83528 0.09059 0.06639 0.00774 ( 1)
  26 P   0.85588 0.07640 0.06170 0.00603 ( 1)
  27 T   0.90608 0.04390 0.04736 0.00266 ( 1)
  28 Y   0.83931 0.08798 0.06533 0.00738 ( 1)
  29 D   0.81076 0.10779 0.07143 0.01001 ( 1)
  30 G   0.89472 0.05114 0.05082 0.00332 ( 1)
  31 K   0.36345 0.56241 0.02772 0.04642 ( 2)
  32 D   0.81172 0.10769 0.07068 0.00991 ( 1)
  33 R   0.85349 0.07854 0.06176 0.00621 ( 1)
  34 V   0.82524 0.09806 0.06806 0.00863 ( 1)
  35 V   0.87944 0.06171 0.05455 0.00430 ( 1)
  36 S   0.83628 0.09071 0.06537 0.00764 ( 1)
  37 L   0.83845 0.08937 0.06473 0.00745 ( 1)
  38 T   0.90741 0.04393 0.04606 0.00260 ( 1)
  39 E   0.81993 0.10195 0.06900 0.00912 ( 1)
  40 K   0.84495 0.08481 0.06334 0.00690 ( 1)
  41 N   0.89630 0.05093 0.04953 0.00323 ( 1)
  42 F   0.83648 0.09046 0.06544 0.00762 ( 1)
  43 K   0.84495 0.08481 0.06334 0.00690 ( 1)
  44 Q   0.82859 0.09632 0.06678 0.00831 ( 1)
  45 V   0.88125 0.06050 0.05407 0.00418 ( 1)
  46 L   0.06868 0.19850 0.62999 0.10283 ( 3)
  47 K   0.84495 0.08481 0.06334 0.00690 ( 1)
  48 K   0.84668 0.08362 0.06294 0.00676 ( 1)
  49 Y   0.08826 0.17700 0.65730 0.07745 ( 3)
  50 D   0.81172 0.10769 0.07068 0.00991 ( 1)
  51 L   0.78902 0.12459 0.07421 0.01218 ( 1)
  52 L   0.89495 0.05196 0.04978 0.00331 ( 1)
  53 C   0.93674 0.02602 0.03601 0.00123 ( 1)
  54 L   0.89504 0.05187 0.04979 0.00331 ( 1)
  55 Y   0.30383 0.61987 0.02388 0.05243 ( 2)
  56 Y   0.08971 0.18070 0.65209 0.07750 ( 3)
  57 H   0.89160 0.05415 0.05073 0.00352 ( 1)
  58 E   0.81928 0.10260 0.06894 0.00918 ( 1)
  59 P   0.85690 0.07660 0.06055 0.00594 ( 1)
  60 V   0.27877 0.64177 0.02299 0.05647 ( 2)
  61 S   0.90416 0.04621 0.04685 0.00278 ( 1)
  62 S   0.87865 0.07044 0.04660 0.00431 ( 1)
  63 D   0.79970 0.11639 0.07281 0.01110 ( 1)
  64 K   0.84593 0.08437 0.06289 0.00682 ( 1)
  65 A   0.00210 0.93275 0.00013 0.06502 ( 2)
  66 A   0.00005 0.34948 0.02547 0.62500 ( 4)
  67 Q   0.82790 0.09701 0.06673 0.00837 ( 1)
  68 K   0.84593 0.08437 0.06289 0.00682 ( 1)
  69 Q   0.01992 0.07994 0.79985 0.10029 ( 3)
  70 F   0.09363 0.18472 0.64575 0.07590 ( 3)
  71 Q   0.83399 0.09307 0.06512 0.00781 ( 1)
  72 M   0.01906 0.89568 0.00169 0.08357 ( 2)
  73 K   0.84593 0.08437 0.06289 0.00682 ( 1)
  74 E   0.82908 0.09596 0.06669 0.00827 ( 1)
  75 I   0.30735 0.61675 0.02400 0.05190 ( 2)
  76 V   0.19058 0.73645 0.01401 0.05896 ( 2)
  77 L   0.77097 0.13703 0.07780 0.01420 ( 1)
  78 E   0.81892 0.10295 0.06891 0.00921 ( 1)
  79 F   0.79653 0.10933 0.08257 0.01158 ( 1)
  80 D   0.24426 0.65901 0.02582 0.07091 ( 2)
  81 E   0.81077 0.09753 0.08161 0.01008 ( 1)
  82 E   0.81077 0.09753 0.08161 0.01008 ( 1)
  83 G   0.86322 0.05593 0.07569 0.00516 ( 1)
  84 S   0.81573 0.09346 0.08123 0.00958 ( 1)
  85 L   0.20819 0.69188 0.02293 0.07700 ( 2)
  86 Y   0.81932 0.09054 0.08093 0.00922 ( 1)
  87 V   0.38320 0.53167 0.03471 0.05042 ( 2)
  88 L   0.86404 0.05568 0.07517 0.00511 ( 1)
  89 K   0.82278 0.08773 0.08062 0.00887 ( 1)
  90 G   0.89839 0.03076 0.06833 0.00253 ( 1)
  91 D   0.78642 0.11779 0.08312 0.01267 ( 1)
  92 R   0.82888 0.08279 0.08005 0.00827 ( 1)
  93 T   0.31900 0.59103 0.03085 0.05913 ( 2)
  94 I   0.82535 0.08564 0.08039 0.00862 ( 1)
  95 E   0.80249 0.10438 0.08219 0.01095 ( 1)
  96 F   0.79746 0.10839 0.08267 0.01148 ( 1)
  97 D   0.78642 0.11779 0.08312 0.01267 ( 1)
  98 G   0.86519 0.05444 0.07537 0.00500 ( 1)
  99 E   0.80251 0.10435 0.08220 0.01094 ( 1)
 100 F   0.79653 0.10933 0.08257 0.01158 ( 1)
 101 A   0.83572 0.07946 0.07717 0.00765 ( 1)
 102 A   0.83523 0.07771 0.07940 0.00767 ( 1)
 103 D   0.78652 0.11769 0.08313 0.01266 ( 1)
 104 V   0.85125 0.06510 0.07746 0.00620 ( 1)
 105 L   0.77780 0.12508 0.08349 0.01363 ( 1)
 106 V   0.80614 0.10135 0.08195 0.01056 ( 1)
 107 E   0.80249 0.10438 0.08219 0.01095 ( 1)
 108 F   0.79669 0.10916 0.08259 0.01156 ( 1)
 109 L   0.86500 0.05457 0.07541 0.00501 ( 1)
 110 L   0.77780 0.12508 0.08349 0.01363 ( 1)
 111 D   0.79476 0.11098 0.08250 0.01177 ( 1)
 112 L   0.44417 0.49786 0.02544 0.03253 ( 2)
 113 I   0.33002 0.59624 0.02652 0.04722 ( 2)
 114 E   0.82743 0.09660 0.06755 0.00843 ( 1)
 115 D   0.80936 0.10919 0.07131 0.01014 ( 1)
 116 P   0.84680 0.08462 0.06184 0.00675 ( 1)
 117 V   0.82371 0.09863 0.06888 0.00878 ( 1)
 118 E   0.81921 0.10175 0.06984 0.00920 ( 1)
 119 I   0.83593 0.09006 0.06632 0.00768 ( 1)
 120 I   0.83593 0.09006 0.06632 0.00768 ( 1)
 121 N   0.46445 0.47869 0.02610 0.03076 ( 2)
 122 S   0.91767 0.03677 0.04351 0.00206 ( 1)
 123 K   0.84575 0.08340 0.06400 0.00684 ( 1)
 124 L   0.77119 0.13634 0.07827 0.01420 ( 1)
 125 E   0.82935 0.09468 0.06770 0.00826 ( 1)
 126 V   0.87828 0.06149 0.05585 0.00437 ( 1)
 127 Q   0.83388 0.09215 0.06612 0.00784 ( 1)
 128 A   0.88938 0.05431 0.05267 0.00364 ( 1)
 129 F   0.81186 0.10687 0.07136 0.00991 ( 1)
 130 E   0.81921 0.10175 0.06984 0.00920 ( 1)
 131 R   0.85131 0.07952 0.06278 0.00639 ( 1)
 132 I   0.84701 0.08244 0.06381 0.00674 ( 1)
 133 E   0.81921 0.10175 0.06984 0.00920 ( 1)
 134 D   0.81106 0.10750 0.07146 0.00998 ( 1)
 135 H   0.45508 0.48599 0.02663 0.03230 ( 2)
 136 I   0.83593 0.09006 0.06632 0.00768 ( 1)
 137 K   0.84575 0.08340 0.06400 0.00684 ( 1)
 138 L   0.89455 0.05089 0.05123 0.00332 ( 1)
 139 I   0.83873 0.08728 0.06655 0.00744 ( 1)
 140 G   0.89510 0.05077 0.05085 0.00329 ( 1)
 141 F   0.81186 0.10687 0.07136 0.00991 ( 1)
 142 F   0.83563 0.09024 0.06642 0.00771 ( 1)
 143 K   0.84404 0.08459 0.06439 0.00698 ( 1)
 144 S   0.83544 0.09049 0.06635 0.00772 ( 1)
 145 E   0.81945 0.10151 0.06986 0.00918 ( 1)
 146 D   0.81106 0.10750 0.07146 0.00998 ( 1)
 147 S   0.85297 0.07862 0.06216 0.00625 ( 1)
 148 E   0.81009 0.11083 0.06907 0.01002 ( 1)
 149 Y   0.26691 0.65343 0.02206 0.05760 ( 2)
 150 Y   0.83105 0.09556 0.06531 0.00808 ( 1)
 151 K   0.84062 0.08912 0.06302 0.00725 ( 1)
 152 A   0.85544 0.07906 0.05945 0.00605 ( 1)
 153 F   0.80895 0.11062 0.07027 0.01016 ( 1)
 154 E   0.82612 0.09891 0.06645 0.00853 ( 1)
 155 E   0.81615 0.10571 0.06868 0.00946 ( 1)
 156 A   0.85156 0.08169 0.06039 0.00635 ( 1)
 157 A   0.85544 0.07906 0.05945 0.00605 ( 1)
 158 E   0.82612 0.09891 0.06645 0.00853 ( 1)
 159 H   0.88774 0.05799 0.05051 0.00377 ( 1)
 160 F   0.83230 0.09461 0.06511 0.00797 ( 1)
 161 Q   0.82460 0.10029 0.06646 0.00865 ( 1)
 162 P   0.90878 0.04436 0.04432 0.00254 ( 1)
 163 Y   0.83105 0.09556 0.06531 0.00808 ( 1)
 164 I   0.29998 0.62408 0.02342 0.05252 ( 2)
 165 K   0.84231 0.08796 0.06262 0.00711 ( 1)
 166 F   0.80895 0.11062 0.07027 0.01016 ( 1)
 167 F   0.80895 0.11062 0.07027 0.01016 ( 1)
 168 A   0.85544 0.07906 0.05945 0.00605 ( 1)
 169 T   0.89681 0.05223 0.04775 0.00321 ( 1)
 170 F   0.83217 0.09474 0.06510 0.00799 ( 1)
 171 D   0.80817 0.11122 0.07038 0.01023 ( 1)
 172 K   0.84231 0.08796 0.06262 0.00711 ( 1)
 173 G   0.89500 0.05350 0.04819 0.00332 ( 1)
 174 V   0.86728 0.07337 0.05420 0.00515 ( 1)
 175 A   0.84316 0.08917 0.06066 0.00702 ( 1)
 176 K   0.83238 0.09649 0.06320 0.00793 ( 1)
 177 K   0.83400 0.09540 0.06281 0.00779 ( 1)
 178 L   0.78224 0.13088 0.07401 0.01286 ( 1)
 179 S   0.90256 0.05087 0.04368 0.00289 ( 1)
 180 L   0.78224 0.13088 0.07401 0.01286 ( 1)
 181 K   0.83238 0.09649 0.06320 0.00793 ( 1)
 182 M   0.89614 0.05486 0.04575 0.00326 ( 1)
 183 N   0.91365 0.04411 0.03993 0.00231 ( 1)
 184 E   0.80913 0.11203 0.06874 0.01010 ( 1)
 185 V   0.86727 0.07338 0.05420 0.00515 ( 1)
 186 D   0.80162 0.11712 0.07040 0.01085 ( 1)
 187 F   0.82443 0.10167 0.06525 0.00865 ( 1)
 188 Y   0.82824 0.09929 0.06417 0.00830 ( 1)
 189 E   0.80913 0.11203 0.06874 0.01010 ( 1)
 190 P   0.82649 0.10008 0.06495 0.00847 ( 1)
 191 F   0.80235 0.11657 0.07030 0.01078 ( 1)
 192 M   0.89614 0.05486 0.04575 0.00326 ( 1)
 193 D   0.80155 0.11720 0.07040 0.01086 ( 1)
 194 E   0.80913 0.11203 0.06874 0.01010 ( 1)
 195 P   0.84402 0.08851 0.06051 0.00695 ( 1)
 196 I   0.83520 0.09450 0.06261 0.00769 ( 1)
 197 A   0.87656 0.06742 0.05152 0.00450 ( 1)
 198 I   0.82556 0.10067 0.06522 0.00855 ( 1)
 199 P   0.87270 0.06896 0.05358 0.00477 ( 1)
 200 D   0.80066 0.11723 0.07114 0.01096 ( 1)
 201 K   0.29775 0.62743 0.02283 0.05200 ( 2)
 202 P   0.84261 0.08868 0.06163 0.00708 ( 1)
 203 Y   0.82204 0.10271 0.06638 0.00888 ( 1)
 204 T   0.83732 0.09233 0.06283 0.00752 ( 1)
 205 E   0.81741 0.10583 0.06745 0.00932 ( 1)
 206 E   0.25728 0.66040 0.02214 0.06017 ( 2)
 207 E   0.80808 0.11215 0.06955 0.01022 ( 1)
 208 L   0.88091 0.06371 0.05117 0.00421 ( 1)
 209 V   0.81221 0.10937 0.06860 0.00981 ( 1)
 210 E   0.25710 0.66058 0.02213 0.06019 ( 2)
 211 F   0.80110 0.11696 0.07103 0.01092 ( 1)
 212 V   0.81089 0.11069 0.06849 0.00993 ( 1)
 213 K   0.82958 0.09815 0.06409 0.00819 ( 1)
 214 E   0.80680 0.11342 0.06944 0.01033 ( 1)
 215 H   0.90930 0.04666 0.04151 0.00253 ( 1)
 216 Q   0.82010 0.10511 0.06576 0.00902 ( 1)
 217 P   0.79516 0.10519 0.08790 0.01174 ( 1)
 218 T   0.82406 0.07884 0.08850 0.00859 ( 1)
 219 L   0.79321 0.10958 0.08525 0.01196 ( 1)
 220 R   0.25172 0.32931 0.36582 0.05315 ( 3)
 221 R   0.80159 0.10236 0.08499 0.01105 ( 1)
 222 L   0.76271 0.13659 0.08531 0.01539 ( 1)
 223 R   0.80194 0.10202 0.08503 0.01101 ( 1)
 224 P   0.79334 0.10950 0.08521 0.01195 ( 1)
 225 E   0.78769 0.11445 0.08528 0.01257 ( 1)
 226 D   0.76924 0.13075 0.08536 0.01465 ( 1)
 227 M   0.84273 0.06736 0.08306 0.00685 ( 1)
 228 F   0.77680 0.12405 0.08536 0.01379 ( 1)
 229 E   0.78713 0.11472 0.08551 0.01263 ( 1)
 230 T   0.80154 0.10236 0.08504 0.01106 ( 1)
 231 W   0.76484 0.13467 0.08534 0.01515 ( 1)
 232 E   0.83049 0.09456 0.06680 0.00815 ( 1)
 233 D   0.80052 0.11558 0.07288 0.01102 ( 1)
 234 D   0.80052 0.11558 0.07288 0.01102 ( 1)
 235 L   0.79039 0.12322 0.07434 0.01205 ( 1)
 236 N   0.89661 0.05063 0.04955 0.00321 ( 1)
 237 G   0.89997 0.04856 0.04846 0.00301 ( 1)
 238 I   0.83713 0.08993 0.06537 0.00757 ( 1)
 239 H   0.92677 0.03206 0.03953 0.00164 ( 1)
 240 I   0.84831 0.08230 0.06276 0.00663 ( 1)
 241 V   0.82479 0.09851 0.06803 0.00867 ( 1)
 242 A   0.89099 0.05413 0.05132 0.00355 ( 1)
 243 F   0.81475 0.10620 0.06944 0.00960 ( 1)
 244 A   0.89163 0.05304 0.05182 0.00350 ( 1)
 245 E   0.82029 0.10160 0.06903 0.00909 ( 1)
 246 R   0.92684 0.03205 0.03946 0.00164 ( 1)
 247 S   0.83663 0.09036 0.06540 0.00761 ( 1)
 248 D   0.80052 0.11558 0.07288 0.01102 ( 1)
 249 P   0.83905 0.08838 0.06516 0.00741 ( 1)
 250 D   0.79944 0.11591 0.07351 0.01114 ( 1)
 251 G   0.89518 0.05069 0.05085 0.00329 ( 1)
 252 Y   0.83781 0.08923 0.06545 0.00751 ( 1)
 253 E   0.81927 0.10169 0.06985 0.00919 ( 1)
 254 F   0.83570 0.09017 0.06643 0.00770 ( 1)
 255 L   0.77123 0.13630 0.07827 0.01420 ( 1)
 256 E   0.81927 0.10169 0.06985 0.00919 ( 1)
 257 I   0.83601 0.08999 0.06633 0.00767 ( 1)
 258 L   0.77126 0.13627 0.07827 0.01419 ( 1)
 259 K   0.84411 0.08452 0.06439 0.00698 ( 1)
 260 Q   0.82790 0.09603 0.06770 0.00838 ( 1)
 261 V   0.88016 0.06021 0.05539 0.00425 ( 1)
 262 A   0.85973 0.07356 0.06098 0.00572 ( 1)
 263 R   0.93270 0.02747 0.03845 0.00137 ( 1)
 264 D   0.81112 0.10744 0.07146 0.00998 ( 1)
 265 N   0.89505 0.05073 0.05093 0.00329 ( 1)
 266 T   0.91851 0.03483 0.04467 0.00199 ( 1)
 267 D   0.81112 0.10744 0.07146 0.00998 ( 1)
 268 N   0.89505 0.05073 0.05093 0.00329 ( 1)
 269 P   0.88726 0.05556 0.05341 0.00378 ( 1)
 270 D   0.27013 0.64607 0.02380 0.06000 ( 2)
 271 L   0.78622 0.12525 0.07599 0.01253 ( 1)
 272 S   0.54957 0.40190 0.02606 0.02247 ( 1)
 273 I   0.83719 0.08881 0.06642 0.00757 ( 1)
 274 V   0.07174 0.88370 0.00277 0.04179 ( 2)
 275 W   0.79265 0.12086 0.07465 0.01184 ( 1)
 276 I   0.83601 0.08999 0.06633 0.00767 ( 1)
 277 D   0.81112 0.10744 0.07146 0.00998 ( 1)
 278 P   0.83790 0.08844 0.06614 0.00752 ( 1)
 279 D   0.80121 0.11415 0.07367 0.01097 ( 1)
 280 D   0.81112 0.10744 0.07146 0.00998 ( 1)
 281 F   0.81192 0.10681 0.07137 0.00990 ( 1)
 282 P   0.88726 0.05556 0.05341 0.00378 ( 1)
 283 L   0.77123 0.13630 0.07827 0.01420 ( 1)
 284 L   0.89670 0.05058 0.04951 0.00321 ( 1)
 285 V   0.88130 0.06045 0.05407 0.00418 ( 1)
 286 A   0.88823 0.05688 0.05116 0.00373 ( 1)
 287 Y   0.84055 0.08784 0.06434 0.00727 ( 1)
 288 W   0.79314 0.12104 0.07404 0.01178 ( 1)
 289 E   0.83019 0.09485 0.06678 0.00818 ( 1)
 290 K   0.84500 0.08476 0.06334 0.00690 ( 1)
 291 T   0.90184 0.04724 0.04802 0.00291 ( 1)
 292 F   0.83652 0.09042 0.06544 0.00762 ( 1)
 293 K   0.84500 0.08476 0.06334 0.00690 ( 1)
 294 I   0.84799 0.08261 0.06274 0.00665 ( 1)
 295 D   0.81175 0.10766 0.07069 0.00990 ( 1)
 296 L   0.83850 0.08932 0.06474 0.00744 ( 1)
 297 F   0.83652 0.09042 0.06544 0.00762 ( 1)
 298 K   0.84500 0.08476 0.06334 0.00690 ( 1)
 299 P   0.83994 0.08749 0.06523 0.00734 ( 1)
 300 Q   0.82863 0.09628 0.06679 0.00830 ( 1)
 301 I   0.84799 0.08261 0.06274 0.00665 ( 1)
 302 G   0.89410 0.05242 0.05012 0.00336 ( 1)
 303 V   0.82451 0.09880 0.06800 0.00869 ( 1)
 304 V   0.82451 0.09880 0.06800 0.00869 ( 1)
 305 N   0.92658 0.03241 0.03936 0.00166 ( 1)
 306 V   0.88127 0.06048 0.05407 0.00418 ( 1)
 307 T   0.85168 0.08010 0.06186 0.00635 ( 1)
 308 D   0.79968 0.11642 0.07280 0.01110 ( 1)
 309 A   0.85798 0.07654 0.05962 0.00586 ( 1)
 310 D   0.81013 0.10927 0.07055 0.01005 ( 1)
 311 S   0.83443 0.09255 0.06523 0.00779 ( 1)
 312 V   0.87738 0.06376 0.05442 0.00444 ( 1)
 313 W   0.79180 0.12238 0.07392 0.01191 ( 1)
 314 M   0.90795 0.04423 0.04524 0.00258 ( 1)
 315 E   0.81826 0.10361 0.06886 0.00927 ( 1)
 316 I   0.84600 0.08459 0.06259 0.00681 ( 1)
 317 P   0.83886 0.08942 0.06430 0.00742 ( 1)
 318 D   0.07171 0.19378 0.63665 0.09786 ( 3)
 319 G   0.93259 0.02931 0.03670 0.00141 ( 1)
 320 D   0.79883 0.11726 0.07273 0.01118 ( 1)
 321 D   0.06751 0.23911 0.57658 0.11680 ( 3)
 322 L   0.77083 0.13717 0.07778 0.01422 ( 1)
 323 P   0.85552 0.07798 0.06045 0.00605 ( 1)
 324 T   0.84966 0.08211 0.06172 0.00651 ( 1)
 325 A   0.85818 0.07634 0.05964 0.00584 ( 1)
 326 E   0.81825 0.10363 0.06886 0.00927 ( 1)
 327 E   0.81825 0.10363 0.06886 0.00927 ( 1)
 328 L   0.77059 0.13740 0.07776 0.01424 ( 1)
 329 E   0.82836 0.09668 0.06663 0.00833 ( 1)
 330 D   0.81013 0.10927 0.07055 0.01005 ( 1)
 331 W   0.79180 0.12238 0.07392 0.01191 ( 1)
 332 I   0.09615 0.17539 0.65696 0.07150 ( 3)
 333 E   0.81825 0.10363 0.06886 0.00927 ( 1)
 334 D   0.79969 0.11703 0.07220 0.01108 ( 1)
 335 V   0.82273 0.10056 0.06786 0.00885 ( 1)
 336 L   0.89462 0.05265 0.04939 0.00334 ( 1)
 337 S   0.90267 0.04768 0.04677 0.00287 ( 1)
 338 G   0.89758 0.05094 0.04833 0.00316 ( 1)
 339 K   0.84303 0.08672 0.06320 0.00706 ( 1)
 340 I   0.94035 0.02498 0.03356 0.00111 ( 1)
 341 N   0.13285 0.14322 0.67798 0.04596 ( 3)
 342 T   0.89938 0.04968 0.04789 0.00306 ( 1)
 343 E   0.81907 0.10281 0.06893 0.00920 ( 1)
 344 D   0.25005 0.66432 0.02262 0.06301 ( 2)
 345 D   0.25241 0.66107 0.02313 0.06339 ( 2)
 346 D   0.80913 0.10969 0.07102 0.01016 ( 1)
 347 N   0.00016 0.94727 0.00001 0.05257 ( 2)
 348 E   0.29190 0.62966 0.02371 0.05473 ( 2)
 349 D   0.25034 0.66314 0.02294 0.06358 ( 2)
 350 E   0.82739 0.09696 0.06722 0.00843 ( 1)
 351 E   0.00089 0.69481 0.00649 0.29780 ( 2)
 352 D   0.24517 0.66828 0.02247 0.06408 ( 2)
 353 E   0.82732 0.09703 0.06721 0.00843 ( 1)
 354 E   0.27508 0.64358 0.02335 0.05799 ( 2)
 355 D   0.01860 0.89364 0.00171 0.08605 ( 2)
 356 D   0.81013 0.10927 0.07055 0.01005 ( 1)
 357 D   0.08498 0.20479 0.62152 0.08871 ( 3)
 358 D   0.81007 0.10934 0.07054 0.01006 ( 1)
 359 D   0.07196 0.20070 0.62991 0.09743 ( 3)
 360 D   0.24924 0.66344 0.02302 0.06430 ( 2)
 361 D   0.81013 0.10927 0.07055 0.01005 ( 1)
 362 N   0.00001 0.89401 0.00000 0.10598 ( 2)
 363 D   0.79479 0.11095 0.08250 0.01176 ( 1)
 364 N   0.89001 0.03680 0.07008 0.00311 ( 1)
 365 S   0.87138 0.05013 0.07399 0.00451 ( 1)
 366 D   0.79448 0.11125 0.08247 0.01180 ( 1)
 367 E   0.80596 0.09906 0.08440 0.01058 ( 1)
 368 E   0.01286 0.56456 0.12197 0.30062 ( 2)
 369 D   0.00140 0.91712 0.00012 0.08137 ( 2)
 370 D   0.08464 0.21947 0.60319 0.09270 ( 3)
 371 D   0.81013 0.10927 0.07055 0.01005 ( 1)
 372 S   0.00003 0.31778 0.01696 0.66524 ( 4)
 373 D   0.01830 0.89307 0.00170 0.08693 ( 2)
 374 D   0.08471 0.20417 0.62238 0.08874 ( 3)
 375 D   0.24284 0.66945 0.02256 0.06516 ( 2)
 376 E   0.00102 0.91184 0.00009 0.08704 ( 2)
 377 D   0.80678 0.11204 0.07081 0.01037 ( 1)


lnL = -3072.503864

Bayes Empirical Bayes (BEB) probabilities for 4 classes (class)
(amino acids refer to 1st sequence: Bacu)

   1 M   0.86989 0.04352 0.08171 0.00487 ( 1)
   2 K   0.29494 0.59263 0.03487 0.07756 ( 2)
   3 R   0.51964 0.39152 0.04715 0.04169 ( 1)
   4 T   0.86776 0.04493 0.08225 0.00506 ( 1)
   5 H   0.52490 0.39015 0.04435 0.04059 ( 1)
   6 L   0.73838 0.13320 0.10811 0.02031 ( 1)
   7 F   0.77678 0.10547 0.10278 0.01497 ( 1)
   8 V   0.26346 0.61870 0.03316 0.08467 ( 2)
   9 M   0.27753 0.60473 0.03495 0.08279 ( 2)
  10 A   0.00241 0.71629 0.01145 0.26985 ( 2)
  11 V   0.84013 0.06244 0.08980 0.00763 ( 1)
  12 Y   0.79792 0.09089 0.09888 0.01231 ( 1)
  13 L   0.73838 0.13320 0.10811 0.02031 ( 1)
  14 L   0.73838 0.13320 0.10811 0.02031 ( 1)
  15 S   0.87603 0.03983 0.07977 0.00437 ( 1)
  16 T   0.48397 0.42670 0.04325 0.04608 ( 1)
  17 C   0.89447 0.02914 0.07341 0.00298 ( 1)
  18 R   0.39457 0.51877 0.03310 0.05357 ( 2)
  19 A   0.82011 0.07497 0.09522 0.00971 ( 1)
  20 E   0.07998 0.19304 0.64199 0.08498 ( 3)
  21 E   0.78554 0.09884 0.10180 0.01382 ( 1)
  22 G   0.86215 0.04761 0.08474 0.00549 ( 1)
  23 L   0.74414 0.13033 0.10603 0.01949 ( 1)
  24 N   0.42981 0.47517 0.04123 0.05379 ( 2)
  25 F   0.80135 0.08776 0.09903 0.01187 ( 1)
  26 P   0.82126 0.07404 0.09512 0.00957 ( 1)
  27 T   0.87015 0.04257 0.08249 0.00480 ( 1)
  28 Y   0.80523 0.08524 0.09812 0.01141 ( 1)
  29 D   0.77771 0.10438 0.10308 0.01483 ( 1)
  30 G   0.85899 0.04959 0.08564 0.00578 ( 1)
  31 K   0.33876 0.54916 0.04011 0.07197 ( 2)
  32 D   0.77862 0.10428 0.10237 0.01473 ( 1)
  33 R   0.81895 0.07610 0.09510 0.00985 ( 1)
  34 V   0.79166 0.09498 0.10029 0.01307 ( 1)
  35 V   0.84411 0.05982 0.08883 0.00724 ( 1)
  36 S   0.80231 0.08787 0.09803 0.01179 ( 1)
  37 L   0.80438 0.08657 0.09750 0.01154 ( 1)
  38 T   0.87148 0.04260 0.08118 0.00474 ( 1)
  39 E   0.78653 0.09873 0.10102 0.01372 ( 1)
  40 K   0.81067 0.08217 0.09636 0.01081 ( 1)
  41 N   0.86056 0.04939 0.08436 0.00569 ( 1)
  42 F   0.80250 0.08763 0.09811 0.01176 ( 1)
  43 K   0.81067 0.08217 0.09636 0.01081 ( 1)
  44 Q   0.79486 0.09329 0.09916 0.01269 ( 1)
  45 V   0.84588 0.05865 0.08842 0.00706 ( 1)
  46 L   0.06792 0.20724 0.62310 0.10174 ( 3)
  47 K   0.81067 0.08217 0.09636 0.01081 ( 1)
  48 K   0.81234 0.08102 0.09603 0.01062 ( 1)
  49 Y   0.08739 0.18555 0.65027 0.07678 ( 3)
  50 D   0.77862 0.10428 0.10237 0.01473 ( 1)
  51 L   0.75678 0.12058 0.10497 0.01767 ( 1)
  52 L   0.85926 0.05038 0.08454 0.00582 ( 1)
  53 C   0.90070 0.02525 0.07152 0.00253 ( 1)
  54 L   0.85935 0.05029 0.08455 0.00581 ( 1)
  55 Y   0.28323 0.60262 0.03416 0.07999 ( 2)
  56 Y   0.08876 0.18923 0.64518 0.07683 ( 3)
  57 H   0.85598 0.05251 0.08539 0.00612 ( 1)
  58 E   0.78590 0.09936 0.10093 0.01381 ( 1)
  59 P   0.82225 0.07423 0.09400 0.00951 ( 1)
  60 V   0.26000 0.62294 0.03241 0.08465 ( 2)
  61 S   0.86829 0.04481 0.08187 0.00503 ( 1)
  62 S   0.84340 0.06828 0.08060 0.00773 ( 1)
  63 D   0.76706 0.11268 0.10400 0.01627 ( 1)
  64 K   0.81161 0.08174 0.09594 0.01071 ( 1)
  65 A   0.00276 0.89220 0.00028 0.10477 ( 2)
  66 A   0.00011 0.39055 0.02447 0.58486 ( 4)
  67 Q   0.79420 0.09395 0.09907 0.01278 ( 1)
  68 K   0.81161 0.08174 0.09594 0.01071 ( 1)
  69 Q   0.02262 0.09680 0.78201 0.09857 ( 3)
  70 F   0.09259 0.19326 0.63890 0.07524 ( 3)
  71 Q   0.80005 0.09015 0.09773 0.01207 ( 1)
  72 M   0.01905 0.85831 0.00247 0.12017 ( 2)
  73 K   0.81161 0.08174 0.09594 0.01071 ( 1)
  74 E   0.79534 0.09294 0.09907 0.01264 ( 1)
  75 I   0.28650 0.59972 0.03441 0.07938 ( 2)
  76 V   0.17823 0.71036 0.02046 0.09094 ( 2)
  77 L   0.73945 0.13257 0.10782 0.02016 ( 1)
  78 E   0.78556 0.09970 0.10089 0.01386 ( 1)
  79 F   0.76413 0.10588 0.11367 0.01632 ( 1)
  80 D   0.22818 0.63910 0.03401 0.09872 ( 2)
  81 E   0.77786 0.09449 0.11330 0.01435 ( 1)
  82 E   0.77786 0.09449 0.11330 0.01435 ( 1)
  83 G   0.82849 0.05423 0.10960 0.00768 ( 1)
  84 S   0.78264 0.09056 0.11313 0.01367 ( 1)
  85 L   0.19479 0.66955 0.02992 0.10574 ( 2)
  86 Y   0.78610 0.08773 0.11298 0.01319 ( 1)
  87 V   0.35745 0.52052 0.04776 0.07427 ( 2)
  88 L   0.82928 0.05399 0.10911 0.00762 ( 1)
  89 K   0.78944 0.08501 0.11282 0.01273 ( 1)
  90 G   0.86252 0.02981 0.10372 0.00395 ( 1)
  91 D   0.75439 0.11405 0.11380 0.01776 ( 1)
  92 R   0.79533 0.08024 0.11251 0.01193 ( 1)
  93 T   0.29754 0.57595 0.04160 0.08492 ( 2)
  94 I   0.79192 0.08299 0.11270 0.01239 ( 1)
  95 E   0.76987 0.10110 0.11354 0.01549 ( 1)
  96 F   0.76503 0.10498 0.11381 0.01618 ( 1)
  97 D   0.75439 0.11405 0.11380 0.01776 ( 1)
  98 G   0.83040 0.05278 0.10937 0.00745 ( 1)
  99 E   0.76990 0.10107 0.11355 0.01548 ( 1)
 100 F   0.76413 0.10588 0.11367 0.01632 ( 1)
 101 A   0.80190 0.07701 0.10991 0.01119 ( 1)
 102 A   0.80145 0.07532 0.11212 0.01111 ( 1)
 103 D   0.75449 0.11395 0.11381 0.01775 ( 1)
 104 V   0.81692 0.06311 0.11086 0.00910 ( 1)
 105 L   0.74610 0.12108 0.11382 0.01901 ( 1)
 106 V   0.77339 0.09818 0.11345 0.01498 ( 1)
 107 E   0.76987 0.10110 0.11354 0.01549 ( 1)
 108 F   0.76429 0.10572 0.11370 0.01630 ( 1)
 109 L   0.83022 0.05291 0.10940 0.00747 ( 1)
 110 L   0.74610 0.12108 0.11382 0.01901 ( 1)
 111 D   0.76242 0.10747 0.11353 0.01658 ( 1)
 112 L   0.41425 0.48874 0.04072 0.05630 ( 2)
 113 I   0.30750 0.58056 0.03772 0.07423 ( 2)
 114 E   0.79376 0.09356 0.09987 0.01281 ( 1)
 115 D   0.77636 0.10572 0.10290 0.01502 ( 1)
