Supplemental results for CODEML (seqf: /home/leticiamagpali/phd/evol_models/codeml/small_dataset/cml_align/CALML6_codon_aligned.phy  treef: /home/leticiamagpali/phd/evol_models/codeml/small_dataset/cml_trees/gene_trees/H3_gene_trees/CALML6_codon_H3.tre)

I	J	ij	2Ns_IJ	pMut_IJ	pSub_IJ	2Ns_JI	pMut_JI	pSub_JI

TTC	TTT	CT	-0.02154	0.09691	0.09587	0.02154	0.09485	0.09587
TTA	TTT	AT	10.42395	0.00000	0.00000	-10.42395	0.02317	0.00001
TTA	TTC	AC	10.44549	0.00000	0.00000	-10.44549	0.08650	0.00003
TTG	TTT	GT	2.38830	0.00078	0.00205	-2.38830	0.00850	0.00205
TTG	TTC	GC	2.40984	0.00285	0.00755	-2.40984	0.03173	0.00755
TTG	TTA	GA	-8.03565	0.01371	0.00004	8.03565	0.00000	0.00000
TCT	TTT	CT	1.08605	0.03202	0.05249	-1.08605	0.09485	0.05249
TCC	TTC	CT	1.37954	0.08912	0.16431	-1.37954	0.35410	0.16431
TCC	TCT	CT	0.27195	0.08912	0.10179	-0.27195	0.11698	0.10179
TCA	TTA	CT	-4.35069	0.00087	0.00005	4.35069	0.00000	0.00000
TCA	TCT	AT	4.98721	0.00020	0.00098	-4.98721	0.02857	0.00098
TCA	TCC	AC	4.71526	0.00071	0.00339	-4.71526	0.07955	0.00339
TCG	TTG	CT	2.68206	0.00087	0.00249	-2.68206	0.01265	0.00249
TCG	TCT	GT	3.98432	0.00020	0.00079	-3.98432	0.01048	0.00079
TCG	TCC	GC	3.71236	0.00071	0.00271	-3.71236	0.02918	0.00271
TCG	TCA	GA	-1.00290	0.00343	0.00199	1.00290	0.00126	0.00199
TAT	TTT	AT	10.42395	0.00000	0.00000	-10.42395	0.02317	0.00001
TAT	TCT	AC	9.33791	0.00000	0.00000	-9.33791	0.02857	0.00002
TAC	TTC	AT	1.70035	0.01580	0.03286	-1.70035	0.08650	0.03286
TAC	TCC	AC	0.32081	0.05772	0.06747	-0.32081	0.07955	0.06747
TAC	TAT	CT	-8.74514	0.07009	0.00010	8.74514	0.00000	0.00000
TGT	TTT	GT	1.20965	0.00254	0.00437	-1.20965	0.00850	0.00437
TGT	TCT	GC	0.12360	0.00926	0.00985	-0.12360	0.01048	0.00985
TGT	TAT	GA	-9.21430	0.04455	0.00004	9.21430	0.00000	0.00000
TGC	TTC	GT	1.45431	0.00741	0.01406	-1.45431	0.03173	0.01406
TGC	TCC	GC	0.07478	0.02708	0.02810	-0.07478	0.02918	0.02810
TGC	TAC	GA	-0.24603	0.13022	0.11485	0.24603	0.10182	0.11485
TGC	TGT	CT	0.22313	0.03288	0.03669	-0.22313	0.04110	0.03669
TGG	TTG	GT	-2.53077	0.01424	0.00312	2.53077	0.00113	0.00312
TGG	TCG	GC	-5.21283	0.05201	0.00148	5.21283	0.00028	0.00148
TGG	TGT	GT	-1.35211	0.01424	0.00672	1.35211	0.00368	0.00672
TGG	TGC	GC	-1.57524	0.05201	0.02138	1.57524	0.01076	0.02138
CTT	TTT	CT	10.34342	0.00000	0.00000	-10.34342	0.09485	0.00003
CTC	TTC	CT	1.24358	0.10210	0.17842	-1.24358	0.35410	0.17842
CTC	CTT	CT	-9.12138	0.10210	0.00010	9.12138	0.00000	0.00000
CTA	TTA	CT	-5.04384	0.00173	0.00006	5.04384	0.00000	0.00000
CTA	CTT	AT	-4.96331	0.00039	0.00001	4.96331	0.00000	0.00000
CTA	CTC	AC	4.15807	0.00143	0.00602	-4.15807	0.09113	0.00602
CTG	TTG	CT	-2.67453	0.18344	0.03633	2.67453	0.01265	0.03633
CTG	CTT	GT	-10.62964	0.04134	0.00001	10.62964	0.00000	0.00000
CTG	CTC	GC	-1.50827	0.15106	0.06475	1.50827	0.03343	0.06475
CTG	CTA	GA	-5.66634	0.72647	0.01429	5.66634	0.00251	0.01429
CCT	TCT	CT	0.28171	0.08826	0.10127	-0.28171	0.11698	0.10127
CCT	CTT	CT	-8.97566	0.08826	0.00010	8.97566	0.00000	0.00000
CCC	TCC	CT	1.15981	0.10210	0.17251	-1.15981	0.32564	0.17251
CCC	CTC	CT	1.29577	0.10210	0.18216	-1.29577	0.37307	0.18216
CCC	CCT	CT	1.15005	0.10210	0.17183	-1.15005	0.32248	0.17183
CCA	TCA	CT	-2.23059	0.02942	0.00790	2.23059	0.00316	0.00790
CCA	CTA	CT	-1.53745	0.02942	0.01238	1.53745	0.00632	0.01238
CCA	CCT	AT	2.47491	0.00663	0.01792	-2.47491	0.07877	0.01792
CCA	CCC	AC	1.32485	0.02423	0.04372	-1.32485	0.09113	0.04372
CCG	TCG	CT	-1.41228	0.01298	0.00590	1.41228	0.00316	0.00590
CCG	CTG	CT	3.94430	0.01298	0.05221	-3.94430	0.67026	0.05221
CCG	CCT	GT	2.29032	0.00293	0.00745	-2.29032	0.02890	0.00745
CCG	CCC	GC	1.14027	0.01069	0.01792	-1.14027	0.03343	0.01792
CCG	CCA	GA	-0.18459	0.05140	0.04680	0.18459	0.04274	0.04680
CAT	TAT	CT	-6.65328	0.00865	0.00007	6.65328	0.00000	0.00000
CAT	CTT	AT	-6.57275	0.00195	0.00002	6.57275	0.00000	0.00000
CAT	CCT	AC	2.40292	0.00713	0.01882	-2.40292	0.07877	0.01882
CAC	TAC	CT	1.95255	0.03634	0.08270	-1.95255	0.25609	0.08270
CAC	CTC	AT	2.40931	0.00819	0.02168	-2.40931	0.09113	0.02168
CAC	CCC	AC	1.11355	0.02993	0.04962	-1.11355	0.09113	0.04962
CAC	CAT	CT	-0.13932	0.03634	0.03387	0.13932	0.03162	0.03387
CAA	CTA	AT	-0.12778	0.00176	0.00165	0.12778	0.00154	0.00165
CAA	CCA	AC	1.40967	0.00641	0.01196	-1.40967	0.02626	0.01196
CAA	CAT	AT	1.48166	0.00176	0.00337	-1.48166	0.00772	0.00337
CAA	CAC	AC	1.62098	0.00641	0.01296	-1.62098	0.03244	0.01296
CAG	CTG	AT	2.21109	0.01794	0.04455	-2.21109	0.16372	0.04455
CAG	CCG	AC	-1.73321	0.06555	0.02439	1.73321	0.01158	0.02439
CAG	CAT	GT	-1.84580	0.01794	0.00621	1.84580	0.00283	0.00621
CAG	CAC	GC	-1.70649	0.06555	0.02481	1.70649	0.01190	0.02481
CAG	CAA	GA	-3.32746	0.31526	0.03904	3.32746	0.01131	0.03904
CGT	TGT	CT	2.47442	0.00346	0.00935	-2.47442	0.04110	0.00935
CGT	CTT	GT	-6.65935	0.00078	0.00001	6.65935	0.00000	0.00000
CGT	CCT	GC	2.31631	0.00285	0.00732	-2.31631	0.02890	0.00732
CGT	CAT	GA	-0.08661	0.01371	0.01312	0.08661	0.01257	0.01312
CGC	TGC	CT	1.49936	0.02682	0.05178	-1.49936	0.12014	0.05178
CGC	CTC	GT	1.71010	0.00605	0.01262	-1.71010	0.03343	0.01262
CGC	CCC	GC	0.41433	0.02209	0.02698	-0.41433	0.03343	0.02698
CGC	CAC	GA	-0.69921	0.10623	0.07338	0.69921	0.05279	0.07338
CGC	CGT	CT	-0.75193	0.02682	0.01799	0.75193	0.01265	0.01799
CGA	CTA	GT	-1.57251	0.00273	0.00112	1.57251	0.00057	0.00112
CGA	CCA	GC	-0.03506	0.00998	0.00980	0.03506	0.00963	0.00980
CGA	CAA	GA	-1.44473	0.04797	0.02139	1.44473	0.01131	0.02139
CGA	CGT	AT	0.12353	0.00273	0.00290	-0.12353	0.00309	0.00290
CGA	CGC	AC	0.87546	0.00998	0.01497	-0.87546	0.02394	0.01497
CGG	TGG	CT	2.45073	0.01990	0.05338	-2.45073	0.23080	0.05338
CGG	CTG	GT	2.59449	0.00449	0.01258	-2.59449	0.06006	0.01258
CGG	CCG	GC	-1.34981	0.01639	0.00774	1.34981	0.00425	0.00774
CGG	CAG	GA	0.38340	0.07881	0.09489	-0.38340	0.11564	0.09489
CGG	CGT	GT	-1.37580	0.00449	0.00209	1.37580	0.00113	0.00209
CGG	CGC	GC	-0.62387	0.01639	0.01180	0.62387	0.00878	0.01180
CGG	CGA	GA	-1.49933	0.07881	0.03397	1.49933	0.01760	0.03397
ATT	TTT	AT	2.83158	0.00137	0.00411	-2.83158	0.02317	0.00411
ATT	CTT	AC	-7.51184	0.00499	0.00002	7.51184	0.00000	0.00000
ATC	TTC	AT	1.87529	0.01326	0.02937	-1.87529	0.08650	0.02937
ATC	CTC	AC	0.63171	0.04845	0.06536	-0.63171	0.09113	0.06536
ATC	ATT	CT	-0.97783	0.05884	0.03469	0.97783	0.02213	0.03469
ATA	TTA	AT	-5.65646	0.00078	0.00002	5.65646	0.00000	0.00000
ATA	CTA	AC	-0.61262	0.00285	0.00207	0.61262	0.00154	0.00207
ATA	ATT	AT	1.93591	0.00078	0.00176	-1.93591	0.00541	0.00176
ATA	ATC	AC	2.91374	0.00285	0.00878	-2.91374	0.05252	0.00878
ATG	TTG	AT	-2.34940	0.03237	0.00802	2.34940	0.00309	0.00802
ATG	CTG	AC	0.32513	0.11828	0.13855	-0.32513	0.16372	0.13855
ATG	ATT	GT	-2.79268	0.03237	0.00590	2.79268	0.00198	0.00590
ATG	ATC	GC	-1.81485	0.11828	0.04176	1.81485	0.01926	0.04176
ATG	ATA	GA	-4.72859	0.56884	0.02399	4.72859	0.00503	0.02399
ACT	TCT	AT	2.27916	0.00293	0.00743	-2.27916	0.02857	0.00743
ACT	CCT	AC	1.99745	0.01069	0.02470	-1.99745	0.07877	0.02470
ACT	ATT	CT	0.53363	0.01298	0.01675	-0.53363	0.02213	0.01675
ACC	TCC	AT	2.11920	0.00956	0.02301	-2.11920	0.07955	0.02301
ACC	CCC	AC	0.95939	0.03491	0.05430	-0.95939	0.09113	0.05430
ACC	ATC	CT	1.62345	0.04240	0.08574	-1.62345	0.21499	0.08574
ACC	ACT	CT	0.11200	0.04240	0.04482	-0.11200	0.04742	0.04482
ACA	TCA	AT	0.68315	0.00039	0.00054	-0.68315	0.00077	0.00054
ACA	CCA	AC	2.91374	0.00143	0.00439	-2.91374	0.02626	0.00439
ACA	ATA	CT	1.98891	0.00173	0.00399	-1.98891	0.01265	0.00399
ACA	ACT	AT	3.39120	0.00039	0.00137	-3.39120	0.01158	0.00137
ACA	ACC	AC	3.27920	0.00143	0.00486	-3.27920	0.03784	0.00486
ACG	TCG	AT	-2.87220	0.01365	0.00235	2.87220	0.00077	0.00235
ACG	CCG	AC	-1.45991	0.04988	0.02203	1.45991	0.01158	0.02203
ACG	ATG	CT	2.15926	0.06057	0.14785	-2.15926	0.52482	0.14785
ACG	ACT	GT	-1.16705	0.01365	0.00720	1.16705	0.00425	0.00720
ACG	ACC	GC	-1.27904	0.04988	0.02460	1.27904	0.01388	0.02460
ACG	ACA	GA	-4.55825	0.23987	0.01158	4.55825	0.00251	0.01158
AAT	TAT	AT	-6.75507	0.00234	0.00002	6.75507	0.00000	0.00000
AAT	CAT	AC	-0.10179	0.00855	0.00812	0.10179	0.00772	0.00812
AAT	ATT	AT	0.83730	0.00234	0.00345	-0.83730	0.00541	0.00345
AAT	ACT	AC	0.30367	0.00855	0.00991	-0.30367	0.01158	0.00991
AAC	TAC	AT	1.58109	0.01287	0.02562	-1.58109	0.06256	0.02562
AAC	CAC	AC	-0.37145	0.04703	0.03883	0.37145	0.03244	0.03883
AAC	ATC	AT	1.40615	0.01287	0.02397	-1.40615	0.05252	0.02397
AAC	ACC	AC	-0.21730	0.04703	0.04210	0.21730	0.03784	0.04210
AAC	AAT	CT	-0.40898	0.05711	0.04622	0.40898	0.03794	0.04622
AAA	CAA	AC	-0.49483	0.01140	0.00881	0.49483	0.00695	0.00881
AAA	ATA	AT	-0.01000	0.00312	0.00310	0.01000	0.00309	0.00310
AAA	ACA	AC	-1.99891	0.01140	0.00357	1.99891	0.00154	0.00357
AAA	AAT	AT	1.08861	0.00312	0.00512	-1.08861	0.00927	0.00512
AAA	AAC	AC	1.49760	0.01140	0.02199	-1.49760	0.05097	0.02199
AAG	CAG	AC	-0.69099	0.14179	0.09840	0.69099	0.07105	0.09840
AAG	ATG	AT	1.19498	0.03881	0.06651	-1.19498	0.12820	0.06651
AAG	ACG	AC	-0.96428	0.14179	0.08425	0.96428	0.05406	0.08425
AAG	AAT	GT	-2.43500	0.03881	0.00907	2.43500	0.00340	0.00907
AAG	AAC	GC	-2.02602	0.14179	0.04363	2.02602	0.01870	0.04363
AAG	AAA	GA	-3.52361	0.68192	0.07302	3.52361	0.02011	0.07302
AGT	TGT	AT	0.09110	0.00917	0.00959	-0.09110	0.01004	0.00959
AGT	CGT	AC	-2.38332	0.03349	0.00811	2.38332	0.00309	0.00811
AGT	ATT	GT	-1.53084	0.00917	0.00387	1.53084	0.00198	0.00387
AGT	ACT	GC	-2.06446	0.03349	0.01005	2.06446	0.00425	0.01005
AGT	AAT	GA	-2.36814	0.16106	0.03941	2.36814	0.01508	0.03941
AGC	TGC	AT	1.04359	0.01034	0.01665	-1.04359	0.02935	0.01665
AGC	CGC	AC	-0.45577	0.03776	0.02981	0.45577	0.02394	0.02981
AGC	ATC	GT	0.62261	0.01034	0.01388	-0.62261	0.01926	0.01388
AGC	ACC	GC	-1.00084	0.03776	0.02197	1.00084	0.01388	0.02197
AGC	AAC	GA	-0.78353	0.18162	0.11966	0.78353	0.08296	0.11966
AGC	AGT	CT	1.17562	0.04586	0.07798	-1.17562	0.14859	0.07798
AGA	CGA	AC	-0.11363	0.01211	0.01144	0.11363	0.01081	0.01144
AGA	ATA	GT	-1.07352	0.00332	0.00185	1.07352	0.00113	0.00185
AGA	ACA	GC	-3.06243	0.01211	0.00182	3.06243	0.00057	0.00182
AGA	AAA	GA	-1.06352	0.05825	0.03267	1.06352	0.02011	0.03267
AGA	AGT	AT	2.39323	0.00332	0.00873	-2.39323	0.03630	0.00873
AGA	AGC	AC	1.21761	0.01211	0.02095	-1.21761	0.04093	0.02095
AGG	TGG	AT	2.11141	0.00683	0.01640	-2.11141	0.05638	0.01640
AGG	CGG	AC	-0.33932	0.02494	0.02095	0.33932	0.01776	0.02095
AGG	ATG	GT	1.93004	0.00683	0.01541	-1.93004	0.04703	0.01541
AGG	ACG	GC	-0.22922	0.02494	0.02219	0.22922	0.01983	0.02219
AGG	AAG	GA	0.73506	0.11994	0.16937	-0.73506	0.25014	0.16937
AGG	AGT	GT	0.66820	0.00683	0.00936	-0.66820	0.01331	0.00936
AGG	AGC	GC	-0.50742	0.02494	0.01914	0.50742	0.01501	0.01914
AGG	AGA	GA	-1.72503	0.11994	0.04485	1.72503	0.02137	0.04485
GTT	TTT	GT	9.42105	0.00000	0.00000	-9.42105	0.00850	0.00001
GTT	CTT	GC	-0.92237	0.00000	0.00000	0.92237	0.00000	0.00000
GTT	ATT	GA	6.58947	0.00000	0.00000	-6.58947	0.00880	0.00008
GTC	TTC	GT	1.56554	0.00663	0.01312	-1.56554	0.03173	0.01312
GTC	CTC	GC	0.32196	0.02423	0.02833	-0.32196	0.03343	0.02833
GTC	ATC	GA	-0.30975	0.11651	0.09939	0.30975	0.08547	0.09939
GTC	GTT	CT	-7.87705	0.02942	0.00009	7.87705	0.00000	0.00000
GTA	TTA	GT	0.37340	0.00000	0.00000	-0.37340	0.00000	0.00000
GTA	CTA	GC	5.41724	0.00000	0.00000	-5.41724	0.00057	0.00001
GTA	ATA	GA	6.02985	0.00000	0.00000	-6.02985	0.00503	0.00007
GTA	GTT	AT	1.37630	0.00000	0.00000	-1.37630	0.00000	0.00000
GTA	GTC	AC	9.25335	0.00000	0.00000	-9.25335	0.02626	0.00002
GTG	TTG	GT	-3.01099	0.02301	0.00359	3.01099	0.00113	0.00359
GTG	CTG	GC	-0.33646	0.08408	0.07073	0.33646	0.06006	0.07073
GTG	ATG	GA	-0.66159	0.40435	0.28524	0.66159	0.20866	0.28524
GTG	GTT	GT	-10.04374	0.02301	0.00001	10.04374	0.00000	0.00000
GTG	GTC	GC	-2.16669	0.08408	0.02357	2.16669	0.00963	0.02357
GTG	GTA	GA	-11.42004	0.40435	0.00005	11.42004	0.00000	0.00000
GCT	TCT	GT	0.55033	0.00605	0.00786	-0.55033	0.01048	0.00786
GCT	CCT	GC	0.26862	0.02209	0.02519	-0.26862	0.02890	0.02519
GCT	ACT	GA	-1.72883	0.10623	0.03963	1.72883	0.01885	0.03963
GCT	GTT	CT	-7.78468	0.02682	0.00009	7.78468	0.00000	0.00000
GCC	TCC	GT	-0.17926	0.03491	0.03187	0.17926	0.02918	0.03187
GCC	CCC	GC	-1.33907	0.12754	0.06066	1.33907	0.03343	0.06066
GCC	ACC	GA	-2.29846	0.61338	0.15737	2.29846	0.06159	0.15737
GCC	GTC	CT	-0.36526	0.15489	0.12832	0.36526	0.10749	0.12832
GCC	GCT	CT	-0.45763	0.15489	0.12214	0.45763	0.09801	0.12214
GCA	TCA	GT	-0.31975	0.00039	0.00033	0.31975	0.00028	0.00033
GCA	CCA	GC	1.91085	0.00143	0.00320	-1.91085	0.00963	0.00320
GCA	ACA	GA	-1.00290	0.00685	0.00398	1.00290	0.00251	0.00398
GCA	GTA	CT	-5.04384	0.00173	0.00006	5.04384	0.00000	0.00000
GCA	GCT	AT	4.11714	0.00039	0.00163	-4.11714	0.02394	0.00163
GCA	GCC	AC	4.57477	0.00143	0.00659	-4.57477	0.13824	0.00659
GCG	TCG	GT	-4.31795	0.02126	0.00124	4.31795	0.00028	0.00124
GCG	CCG	GC	-2.90566	0.07767	0.01306	2.90566	0.00425	0.01306
GCG	ACG	GA	-1.44575	0.37351	0.16641	1.44575	0.08799	0.16641
GCG	GTG	CT	1.37510	0.09432	0.17358	-1.37510	0.37307	0.17358
GCG	GCT	GT	-0.88396	0.02126	0.01323	0.88396	0.00878	0.01323
GCG	GCC	GC	-0.42633	0.07767	0.06228	0.42633	0.05071	0.06228
GCG	GCA	GA	-5.00110	0.37351	0.01266	5.00110	0.00251	0.01266
GAT	TAT	GT	-8.16343	0.00351	0.00001	8.16343	0.00000	0.00000
GAT	CAT	GC	-1.51015	0.01283	0.00549	1.51015	0.00283	0.00549
GAT	AAT	GA	-1.40836	0.06168	0.02812	1.40836	0.01508	0.02812
GAT	GTT	AT	-7.16053	0.00351	0.00002	7.16053	0.00000	0.00000
GAT	GCT	AC	0.62415	0.01283	0.01724	-0.62415	0.02394	0.01724
GAC	TAC	GT	-0.43616	0.03549	0.02831	0.43616	0.02295	0.02831
GAC	CAC	GC	-2.38870	0.12968	0.03129	2.38870	0.01190	0.03129
GAC	AAC	GA	-2.01725	0.62366	0.19303	2.01725	0.08296	0.19303
GAC	GTC	AT	-0.30135	0.03549	0.03041	0.30135	0.02626	0.03041
GAC	GCC	AC	0.06391	0.12968	0.13387	-0.06391	0.13824	0.13387
GAC	GAT	CT	-1.01787	0.15748	0.09070	1.01787	0.05691	0.09070
GAA	CAA	GC	-1.72087	0.01425	0.00534	1.72087	0.00255	0.00534
GAA	AAA	GA	-1.22604	0.06853	0.03490	1.22604	0.02011	0.03490
GAA	GTA	AT	-7.26589	0.00390	0.00002	7.26589	0.00000	0.00000
GAA	GCA	AC	-2.22205	0.01425	0.00385	2.22205	0.00154	0.00385
GAA	GAT	AT	1.27094	0.00390	0.00689	-1.27094	0.01390	0.00689
GAA	GAC	AC	2.28880	0.01425	0.03630	-2.28880	0.14056	0.03630
GAG	CAG	GC	-2.28111	0.25509	0.06622	2.28111	0.02606	0.06622
GAG	AAG	GA	-1.59013	1.22677	0.49962	1.59013	0.25014	0.49962
GAG	GTG	AT	0.26645	0.06981	0.07953	-0.26645	0.09113	0.07953
GAG	GCG	AC	-1.10865	0.25509	0.13929	1.10865	0.08418	0.13929
GAG	GAT	GT	-2.61676	0.06981	0.01439	2.61676	0.00510	0.01439
GAG	GAC	GC	-1.59889	0.25509	0.10332	1.59889	0.05156	0.10332
GAG	GAA	GA	-3.88770	1.22677	0.09978	3.88770	0.02514	0.09978
GGT	TGT	GT	0.10514	0.00332	0.00349	-0.10514	0.00368	0.00349
GGT	CGT	GC	-2.36929	0.01211	0.00296	2.36929	0.00113	0.00296
GGT	AGT	GA	0.01404	0.05825	0.05866	-0.01404	0.05908	0.05866
GGT	GTT	GT	-8.10627	0.00332	0.00001	8.10627	0.00000	0.00000
GGT	GCT	GC	-0.32159	0.01211	0.01027	0.32159	0.00878	0.01027
GGT	GAT	GA	-0.94574	0.05825	0.03499	0.94574	0.02263	0.03499
GGC	TGC	GT	-0.90167	0.02652	0.01634	0.90167	0.01076	0.01634
GGC	CGC	GC	-2.40103	0.09690	0.02319	2.40103	0.00878	0.02319
GGC	AGC	GA	-1.94526	0.46603	0.15121	1.94526	0.06662	0.15121
GGC	GTC	GT	-1.01290	0.02652	0.01532	1.01290	0.00963	0.01532
GGC	GCC	GC	-0.64764	0.09690	0.06889	0.64764	0.05071	0.06889
GGC	GAC	GA	-0.71155	0.46603	0.31973	0.71155	0.22877	0.31973
GGC	GGT	CT	-0.78368	0.11768	0.07753	0.78368	0.05375	0.07753
GGA	CGA	GC	-1.65061	0.02066	0.00810	1.65061	0.00397	0.00810
GGA	AGA	GA	-1.53698	0.09938	0.04184	1.53698	0.02137	0.04184
GGA	GTA	GT	-8.64035	0.00566	0.00001	8.64035	0.00000	0.00000
GGA	GCA	GC	-3.59652	0.02066	0.00210	3.59652	0.00057	0.00210
GGA	GAA	GA	-1.37446	0.09938	0.04625	1.37446	0.02514	0.04625
GGA	GGT	AT	0.84221	0.00566	0.00837	-0.84221	0.01313	0.00837
GGA	GGC	AC	1.62589	0.02066	0.04182	-1.62589	0.10503	0.04182
GGG	TGG	GT	-0.36002	0.02964	0.02463	0.36002	0.02068	0.02463
GGG	CGG	GC	-2.81075	0.10830	0.01949	2.81075	0.00652	0.01949
GGG	AGG	GA	-2.47143	0.52086	0.11876	2.47143	0.04399	0.11876
GGG	GTG	GT	0.12020	0.02964	0.03146	-0.12020	0.03343	0.03146
GGG	GCG	GC	-1.25490	0.10830	0.05420	1.25490	0.03088	0.05420
GGG	GAG	GA	-0.14624	0.52086	0.48370	0.14624	0.45000	0.48370
GGG	GGT	GT	-1.81727	0.02964	0.01045	1.81727	0.00482	0.01045
GGG	GGC	GC	-1.03359	0.10830	0.06181	1.03359	0.03853	0.06181
GGG	GGA	GA	-2.65948	0.52086	0.10424	2.65948	0.03645	0.10424


Histograms
2Ns	FMut	FSub(CodonUsage)	FSubw(after w)

-10.87623	0.02051	0.00001
-9.78860	0.00263	0.00000
-8.70098	0.00957	0.00002
-7.61336	0.00261	0.00001
-6.52574	0.00084	0.00001
-5.43811	0.03611	0.00147
-4.35049	0.09352	0.01033
-3.26287	0.04463	0.00930
-2.17525	0.21260	0.09554
-1.08762	0.29113	0.24827
0.00000	0.16717	0.27013
1.08762	0.09134	0.24827
2.17525	0.02398	0.09554
3.26287	0.00169	0.00930
4.35049	0.00153	0.01033
5.43811	0.00017	0.00147
6.52574	0.00000	0.00000
7.61336	0.00000	0.00000
8.70098	0.00000	0.00000
9.78860	0.00000	0.00000
10.87623	0.00000	0.00000

Proportion of advantageous (S > 0) mutations:
 0.19191

Proportions of good & bad mutations (|S| > 2.0000) among mutations:
0.01949  0.37272

mean |Ns| = 2.12834	mean Ns+ = 0.95135	mean Ns- = -2.40786


MLEs of dN/dS (w) for site classes (K=3)

site class             0         1         2
proportion        0.00000   0.26950   0.73050
branch type 0:    0.00000   1.00000   0.15980
branch type 1:    0.00000   1.00000   0.00000

Naive Empirical Bayes (NEB) probabilities for 3 classes
(amino acids refer to 1st sequence: Egla)

   1 M   0.00000 1.00000 0.00000 ( 2)
   2 V   0.00000 1.00000 0.00000 ( 2)
   3 S   0.00000 0.10886 0.89114 ( 3)
   4 L   0.00000 0.99999 0.00001 ( 2)
   5 P   0.00000 0.99999 0.00001 ( 2)
   6 W   0.00000 0.58676 0.41324 ( 2)
   7 P   0.00000 0.21601 0.78399 ( 3)
   8 H   0.00000 0.08673 0.91327 ( 3)
   9 W   0.00000 0.21538 0.78462 ( 3)
  10 L   0.00000 0.22225 0.77775 ( 3)
  11 S   0.00000 0.14188 0.85812 ( 3)
  12 S   0.00000 0.12356 0.87644 ( 3)
  13 A   0.00000 0.17585 0.82415 ( 3)
  14 A   0.00000 0.17608 0.82392 ( 3)
  15 P   0.00000 0.61980 0.38020 ( 2)
  16 L   0.00000 0.22225 0.77775 ( 3)
  17 H   0.00000 0.39781 0.60219 ( 3)
  18 S   0.00000 0.13971 0.86029 ( 3)
  19 H   0.00000 0.08673 0.91327 ( 3)
  20 M   0.00000 0.52429 0.47571 ( 2)
  21 A   0.00000 0.17585 0.82415 ( 3)
  22 G   0.00000 0.52515 0.47485 ( 2)
  23 L   0.00000 0.22225 0.77775 ( 3)
  24 P   0.00000 0.14418 0.85582 ( 3)
  25 L   0.00000 0.22225 0.77775 ( 3)
  26 P   0.00000 0.21601 0.78399 ( 3)
  27 R   0.00000 0.18446 0.81554 ( 3)
  28 A   0.00000 0.50216 0.49784 ( 2)
  29 P   0.00000 0.08127 0.91873 ( 3)
  30 S   0.00000 0.14188 0.85812 ( 3)
  31 P   0.00000 0.21319 0.78681 ( 3)
  32 L   0.00000 0.18373 0.81627 ( 3)
  33 S   0.00000 0.17894 0.82106 ( 3)
  34 G   0.00000 0.52488 0.47512 ( 2)
  35 L   0.00000 0.15468 0.84532 ( 3)
  36 A   0.00000 0.13606 0.86394 ( 3)
  37 E   0.00000 0.54412 0.45588 ( 2)
  38 P   0.00000 0.16462 0.83538 ( 3)
  39 C   0.00000 0.10211 0.89789 ( 3)
  40 S   0.00000 0.13995 0.86005 ( 3)
  41 P   0.00000 0.14418 0.85582 ( 3)
  42 L   0.00000 0.53422 0.46578 ( 2)
  43 T   0.00000 0.85983 0.14017 ( 2)
  44 T   0.00000 0.08835 0.91165 ( 3)
  45 H   0.00000 0.46616 0.53384 ( 3)
  46 P   0.00000 0.51466 0.48534 ( 2)
  47 C   0.00000 0.54284 0.45716 ( 2)
  48 A   0.00000 0.17262 0.82738 ( 3)
  49 A   0.00000 0.17608 0.82392 ( 3)
  50 W   0.00000 0.21538 0.78462 ( 3)
  51 P   0.00000 0.22653 0.77347 ( 3)
  52 Q   0.00000 0.12689 0.87311 ( 3)
  53 A   0.00000 0.19257 0.80743 ( 3)
  54 C   0.00000 0.12685 0.87315 ( 3)
  55 S   0.00000 0.16153 0.83847 ( 3)
  56 G   0.00000 0.16225 0.83775 ( 3)
  57 L   0.00000 0.23156 0.76844 ( 3)
  58 G   0.00000 0.16225 0.83775 ( 3)
  59 P   0.00000 0.20039 0.79961 ( 3)
  60 P   0.00000 0.22456 0.77544 ( 3)
  61 A   0.00000 0.17608 0.82392 ( 3)
  62 S   0.00000 0.14188 0.85812 ( 3)
  63 P   0.00000 0.14899 0.85101 ( 3)
  64 G   0.00000 0.55863 0.44137 ( 2)
  65 L   0.00000 0.22225 0.77775 ( 3)
  66 R   0.00000 0.05716 0.94284 ( 3)
  67 G   0.00000 0.10947 0.89053 ( 3)
  68 G   0.00000 0.13305 0.86695 ( 3)
  69 G   0.00000 0.11189 0.88811 ( 3)
  70 A   0.00000 1.00000 0.00000 ( 2)
  71 P   0.00000 0.19143 0.80857 ( 3)
  72 G   0.00000 0.09959 0.90041 ( 3)
  73 E   0.00000 0.82260 0.17740 ( 2)
  74 P   0.00000 1.00000 0.00000 ( 2)
  75 G   0.00000 0.09610 0.90390 ( 3)
  76 P   0.00000 0.09293 0.90707 ( 3)
  77 V   0.00000 1.00000 0.00000 ( 2)
  78 S   0.00000 1.00000 0.00000 ( 2)
  79 P   0.00000 0.17478 0.82522 ( 3)
  80 Q   0.00000 1.00000 0.00000 ( 2)
  81 T   0.00000 0.06123 0.93877 ( 3)
  82 E   0.00000 0.11618 0.88382 ( 3)
  83 R   0.00000 0.25037 0.74963 ( 3)
  84 L   0.00000 0.19662 0.80338 ( 3)
  85 T   0.00000 0.05387 0.94613 ( 3)
  86 A   0.00000 0.08629 0.91371 ( 3)
  87 E   0.00000 0.11251 0.88749 ( 3)
  88 Q   0.00000 0.11333 0.88667 ( 3)
  89 I   0.00000 0.34193 0.65807 ( 3)
  90 K   0.00000 0.83513 0.16487 ( 2)
  91 E   0.00000 0.45107 0.54893 ( 3)
  92 Y   0.00000 0.10250 0.89750 ( 3)
  93 K   0.00000 0.81695 0.18305 ( 2)
  94 G   0.00000 0.09304 0.90696 ( 3)
  95 V   0.00000 0.02843 0.97157 ( 3)
  96 S   0.00000 0.56329 0.43671 ( 2)
  97 E   0.00000 0.11618 0.88382 ( 3)
  98 M   0.00000 0.09989 0.90011 ( 3)
  99 F   0.00000 0.17155 0.82845 ( 3)
 100 D   0.00000 0.07333 0.92667 ( 3)
 101 E   0.00000 0.11501 0.88499 ( 3)
 102 E   0.00000 0.99999 0.00001 ( 2)
 103 G   0.00000 0.10096 0.89904 ( 3)
 104 N   0.00000 0.04247 0.95753 ( 3)
 105 G   0.00000 0.09005 0.90995 ( 3)
 106 A   0.00000 0.08514 0.91486 ( 3)
 107 V   0.00000 0.07623 0.92376 ( 3)
 108 K   0.00000 0.35508 0.64492 ( 3)
 109 T   0.00000 0.06017 0.93983 ( 3)
 110 D   0.00000 0.09061 0.90939 ( 3)
 111 E   0.00000 0.11501 0.88499 ( 3)
 112 L   0.00000 0.19740 0.80260 ( 3)
 113 E   0.00000 0.11501 0.88499 ( 3)
 114 R   0.00000 0.03770 0.96230 ( 3)
 115 L   0.00000 0.10606 0.89394 ( 3)
 116 M   0.00000 0.80859 0.19141 ( 2)
 117 S   0.00000 0.13030 0.86970 ( 3)
 118 L   0.00000 0.19593 0.80407 ( 3)
 119 R   0.00000 0.87221 0.12779 ( 2)
 120 G   0.00000 0.09846 0.90154 ( 3)
 121 T   0.00000 0.34788 0.65212 ( 3)
 122 N   0.00000 0.04247 0.95753 ( 3)
 123 P   0.00000 0.09410 0.90590 ( 3)
 124 A   0.00000 0.21476 0.78524 ( 3)
 125 K   0.00000 0.08920 0.91080 ( 3)
 126 S   0.00000 0.23461 0.76539 ( 3)
 127 E   0.00000 0.99999 0.00001 ( 2)
 128 L   0.00000 0.19593 0.80407 ( 3)
 129 A   0.00000 0.12602 0.87398 ( 3)
 130 S   0.00000 0.09138 0.90862 ( 3)
 131 -   0.00000 0.10587 0.89413 ( 3)
 132 -   0.00000 0.47957 0.52043 ( 3)
 133 -   0.00000 0.09518 0.90482 ( 3)
 134 D   0.00000 0.38160 0.61840 ( 3)
 135 V   0.00000 0.07623 0.92376 ( 3)
 136 D   0.00000 0.09061 0.90939 ( 3)
 137 R   0.00000 0.30195 0.69805 ( 3)
 138 E   0.00000 0.80721 0.19279 ( 2)
 139 K   0.00000 0.10155 0.89845 ( 3)
 140 K   0.00000 0.26113 0.73887 ( 3)
 141 G   0.00000 0.38646 0.61354 ( 3)
 142 F   0.00000 0.11173 0.88827 ( 3)
 143 F   0.00000 0.11173 0.88827 ( 3)
 144 N   0.00000 0.04153 0.95847 ( 3)
 145 C   0.00000 0.28157 0.71843 ( 3)
 146 K   0.00000 0.80283 0.19717 ( 2)
 147 G   0.00000 0.26058 0.73942 ( 3)
 148 F   0.00000 0.11173 0.88827 ( 3)
 149 L   0.00000 0.19593 0.80407 ( 3)
 150 A   0.00000 0.08466 0.91534 ( 3)
 151 R   0.00000 0.60247 0.39753 ( 2)
 152 M   0.00000 0.40095 0.59905 ( 3)
 153 G   0.00000 0.08819 0.91181 ( 3)
 154 V   0.00000 0.07271 0.92729 ( 3)
 155 Y   0.00000 0.40918 0.59082 ( 3)
 156 W   0.00000 0.18346 0.81654 ( 3)
 157 E   0.00000 0.11139 0.88861 ( 3)
 158 K   0.00000 0.09240 0.90760 ( 3)
 159 A   0.00000 0.13566 0.86434 ( 3)
 160 Q   0.00000 0.11534 0.88466 ( 3)
 161 N   0.00000 0.04505 0.95495 ( 3)
 162 Q   0.00000 0.11534 0.88466 ( 3)
 163 E   0.00000 0.11817 0.88183 ( 3)
 164 S   0.00000 0.49634 0.50366 ( 3)
 165 E   0.00000 0.11817 0.88183 ( 3)
 166 L   0.00000 0.10924 0.89076 ( 3)
 167 R   0.00000 0.02097 0.97903 ( 3)
 168 A   0.00000 0.08832 0.91168 ( 3)
 169 A   0.00000 0.13566 0.86434 ( 3)
 170 F   0.00000 0.44881 0.55119 ( 3)
 171 R   0.00000 0.05330 0.94670 ( 3)
 172 I   0.00000 0.08291 0.91709 ( 3)
 173 F   0.00000 0.11488 0.88512 ( 3)
 174 D   0.00000 0.09382 0.90618 ( 3)
 175 K   0.00000 0.09361 0.90639 ( 3)
 176 E   0.00000 0.11817 0.88183 ( 3)
 177 G   0.00000 0.81385 0.18615 ( 2)
 178 K   0.00000 0.09240 0.90760 ( 3)
 179 G   0.00000 0.10056 0.89944 ( 3)
 180 Y   0.00000 0.10454 0.89546 ( 3)
 181 I   0.00000 0.08451 0.91549 ( 3)
 182 D   0.00000 0.09382 0.90618 ( 3)
 183 W   0.00000 0.18346 0.81654 ( 3)
 184 G   0.00000 1.00000 0.00000 ( 2)
 185 T   0.00000 1.00000 0.00000 ( 2)
 186 L   0.00000 1.00000 0.00000 ( 2)
 187 T   0.00000 1.00000 0.00000 ( 2)
 188 Y   0.00000 0.09770 0.90230 ( 3)
 189 V   0.00000 0.07271 0.92729 ( 3)
 190 L   0.00000 0.09538 0.90462 ( 3)
 191 T   0.00000 0.96400 0.03600 ( 2)
 192 H   0.00000 0.88799 0.11201 ( 2)
 193 A   0.00000 0.08154 0.91846 ( 3)
 194 G   0.00000 0.09731 0.90269 ( 3)
 195 E   0.00000 0.11139 0.88861 ( 3)
 196 P   0.00000 0.09047 0.90953 ( 3)
 197 L   0.00000 0.10244 0.89756 ( 3)
 198 S   0.00000 0.04554 0.95446 ( 3)
 199 E   0.00000 0.11139 0.88861 ( 3)
 200 V   0.00000 0.56149 0.43851 ( 2)
 201 E   0.00000 0.11139 0.88861 ( 3)
 202 A   0.00000 0.12922 0.87078 ( 3)
 203 E   0.00000 0.44172 0.55828 ( 3)
 204 Q   0.00000 0.42335 0.57665 ( 3)
 205 M   0.00000 0.09625 0.90375 ( 3)
 206 M   0.00000 0.09625 0.90375 ( 3)
 207 K   0.00000 0.37281 0.62719 ( 3)
 208 E   0.00000 0.05264 0.94736 ( 3)
 209 A   0.00000 0.12922 0.87078 ( 3)
 210 D   0.00000 0.37535 0.62465 ( 3)
 211 K   0.00000 0.08557 0.91443 ( 3)
 212 D   0.00000 0.34007 0.65993 ( 3)
 213 G   0.00000 0.08643 0.91357 ( 3)
 214 D   0.00000 0.36994 0.63006 ( 3)
 215 G   0.00000 0.37015 0.62985 ( 3)
 216 T   0.00000 0.03767 0.96233 ( 3)
 217 I   0.00000 0.05457 0.94543 ( 3)
 218 D   0.00000 0.08698 0.91302 ( 3)
 219 H   0.00000 0.39812 0.60188 ( 3)
 220 E   0.00000 0.11507 0.88493 ( 3)
 221 E   0.00000 0.12699 0.87301 ( 3)
 222 F   0.00000 0.12382 0.87618 ( 3)
 223 V   0.00000 0.08847 0.91153 ( 3)
 224 A   0.00000 0.14400 0.85600 ( 3)
 225 M   0.00000 0.11219 0.88781 ( 3)
 226 M   0.00000 0.11219 0.88781 ( 3)
 227 T   0.00000 0.05872 0.94128 ( 3)
 228 G   0.00000 0.10242 0.89758 ( 3)
 229 E   0.00000 0.12699 0.87301 ( 3)
 230 S   0.00000 0.10376 0.89624 ( 3)
 231 F   0.00000 0.12382 0.87618 ( 3)
 232 K   0.00000 0.10155 0.89845 ( 3)
 233 L   0.00000 0.19267 0.80733 ( 3)
 234 V   0.00000 0.02545 0.97455 ( 3)
 235 Q   0.00000 0.98716 0.01284 ( 2)


lnL = -1778.088185

Bayes Empirical Bayes (BEB) probabilities for 3 classes (class)
(amino acids refer to 1st sequence: Egla)

   1 M   0.18225 0.60358 0.21417 ( 2)
   2 V   0.19663 0.59294 0.21043 ( 2)
   3 S   0.74613 0.07469 0.17918 ( 1)
   4 L   0.43526 0.35955 0.20519 ( 1)
   5 P   0.45466 0.34123 0.20412 ( 1)
   6 W   0.34671 0.40697 0.24631 ( 2)
   7 P   0.66656 0.14271 0.19073 ( 1)
   8 H   0.76952 0.05723 0.17325 ( 1)
   9 W   0.66708 0.14231 0.19061 ( 1)
  10 L   0.66163 0.14683 0.19154 ( 1)
  11 S   0.72517 0.09376 0.18107 ( 1)
  12 S   0.73921 0.08195 0.17884 ( 1)
  13 A   0.69832 0.11623 0.18545 ( 1)
  14 A   0.69814 0.11638 0.18549 ( 1)
  15 P   0.32603 0.42547 0.24850 ( 2)
  16 L   0.66163 0.14683 0.19154 ( 1)
  17 H   0.48213 0.28783 0.23004 ( 1)
  18 S   0.72689 0.09232 0.18079 ( 1)
  19 H   0.76952 0.05723 0.17325 ( 1)
  20 M   0.39424 0.36780 0.23796 ( 1)
  21 A   0.69832 0.11623 0.18545 ( 1)
  22 G   0.39463 0.36819 0.23717 ( 1)
  23 L   0.66163 0.14683 0.19154 ( 1)
  24 P   0.72335 0.09528 0.18137 ( 1)
  25 L   0.66163 0.14683 0.19154 ( 1)
  26 P   0.66656 0.14271 0.19073 ( 1)
  27 R   0.69153 0.12192 0.18656 ( 1)
  28 A   0.41124 0.35374 0.23502 ( 1)
  29 P   0.77399 0.05361 0.17239 ( 1)
  30 S   0.72517 0.09376 0.18107 ( 1)
  31 P   0.66884 0.14083 0.19032 ( 1)
  32 L   0.69272 0.12106 0.18621 ( 1)
  33 S   0.69587 0.11826 0.18587 ( 1)
  34 G   0.39484 0.36804 0.23712 ( 1)
  35 L   0.71504 0.10223 0.18273 ( 1)
  36 A   0.72980 0.08990 0.18030 ( 1)
  37 E   0.38112 0.37988 0.23900 ( 1)
  38 P   0.70798 0.10832 0.18369 ( 1)
  39 C   0.75698 0.06742 0.17560 ( 1)
  40 S   0.72670 0.09248 0.18082 ( 1)
  41 P   0.72335 0.09528 0.18137 ( 1)
  42 L   0.38830 0.37385 0.23785 ( 1)
  43 T   0.15467 0.58365 0.26168 ( 2)
  44 T   0.76818 0.05830 0.17352 ( 1)
  45 H   0.43601 0.33121 0.23278 ( 1)
  46 P   0.40209 0.36171 0.23620 ( 1)
  47 C   0.38265 0.37907 0.23827 ( 1)
  48 A   0.70093 0.11405 0.18502 ( 1)
  49 A   0.69814 0.11638 0.18549 ( 1)
  50 W   0.66708 0.14231 0.19061 ( 1)
  51 P   0.65892 0.14922 0.19186 ( 1)
  52 Q   0.73890 0.08274 0.17837 ( 1)
  53 A   0.68630 0.12656 0.18715 ( 1)
  54 C   0.73892 0.08271 0.17837 ( 1)
  55 S   0.71114 0.10584 0.18302 ( 1)
  56 G   0.71058 0.10631 0.18311 ( 1)
  57 L   0.65485 0.15259 0.19256 ( 1)
  58 G   0.71058 0.10631 0.18311 ( 1)
  59 P   0.67919 0.13226 0.18854 ( 1)
  60 P   0.65975 0.14833 0.19191 ( 1)
  61 A   0.69814 0.11638 0.18549 ( 1)
  62 S   0.72517 0.09376 0.18107 ( 1)
  63 P   0.71946 0.09851 0.18203 ( 1)
  64 G   0.37121 0.38853 0.24026 ( 2)
  65 L   0.66163 0.14683 0.19154 ( 1)
  66 R   0.79439 0.03765 0.16796 ( 1)
  67 G   0.75105 0.07229 0.17666 ( 1)
  68 G   0.72561 0.09131 0.18307 ( 1)
  69 G   0.74438 0.07639 0.17923 ( 1)
  70 A   0.36739 0.42057 0.21203 ( 2)
  71 P   0.68329 0.12802 0.18869 ( 1)
  72 G   0.75483 0.06796 0.17721 ( 1)
  73 E   0.17772 0.55902 0.26325 ( 2)
  74 P   0.13396 0.63335 0.23269 ( 2)
  75 G   0.75799 0.06547 0.17654 ( 1)
  76 P   0.76016 0.06354 0.17630 ( 1)
  77 V   0.01617 0.68347 0.30036 ( 2)
  78 S   0.17957 0.58715 0.23329 ( 2)
  79 P   0.69461 0.11798 0.18741 ( 1)
  80 Q   0.07086 0.69917 0.22997 ( 2)
  81 T   0.78624 0.04248 0.17128 ( 1)
  82 E   0.74151 0.07897 0.17952 ( 1)
  83 R   0.57232 0.19656 0.23112 ( 1)
  84 L   0.67959 0.13125 0.18916 ( 1)
  85 T   0.79321 0.03729 0.16949 ( 1)
  86 A   0.76539 0.05921 0.17540 ( 1)
  87 E   0.74466 0.07643 0.17890 ( 1)
  88 Q   0.74377 0.07708 0.17915 ( 1)
  89 I   0.51090 0.25638 0.23272 ( 1)
  90 K   0.16974 0.56687 0.26339 ( 2)
  91 E   0.43795 0.32511 0.23695 ( 1)
  92 Y   0.75235 0.06995 0.17770 ( 1)
  93 K   0.18282 0.55655 0.26064 ( 2)
  94 G   0.75980 0.06375 0.17644 ( 1)
  95 V   0.81623 0.02020 0.16357 ( 1)
  96 S   0.36300 0.39309 0.24391 ( 2)
  97 E   0.74151 0.07897 0.17952 ( 1)
  98 M   0.75451 0.06819 0.17730 ( 1)
  99 F   0.69878 0.11503 0.18619 ( 1)
 100 D   0.77572 0.05074 0.17354 ( 1)
 101 E   0.74251 0.07817 0.17933 ( 1)
 102 E   0.45332 0.34124 0.20545 ( 1)
 103 G   0.75366 0.06890 0.17745 ( 1)
 104 N   0.80293 0.02977 0.16729 ( 1)
 105 G   0.76242 0.06167 0.17591 ( 1)
 106 A   0.76640 0.05841 0.17519 ( 1)
 107 V   0.77370 0.05249 0.17381 ( 1)
 108 K   0.50275 0.26448 0.23277 ( 1)
 109 T   0.78723 0.04173 0.17104 ( 1)
 110 D   0.76197 0.06205 0.17597 ( 1)
 111 E   0.74251 0.07817 0.17933 ( 1)
 112 L   0.67895 0.13177 0.18927 ( 1)
 113 E   0.74251 0.07817 0.17933 ( 1)
 114 R   0.80725 0.02654 0.16620 ( 1)
 115 L   0.74958 0.07225 0.17816 ( 1)
 116 M   0.19067 0.55252 0.25681 ( 2)
 117 S   0.73092 0.08800 0.18108 ( 1)
 118 L   0.68016 0.13078 0.18906 ( 1)
 119 R   0.13649 0.58331 0.28020 ( 2)
 120 G   0.75582 0.06717 0.17702 ( 1)
 121 T   0.50668 0.26031 0.23300 ( 1)
 122 N   0.80293 0.02977 0.16729 ( 1)
 123 P   0.75914 0.06435 0.17650 ( 1)
 124 A   0.59718 0.17241 0.23041 ( 1)
 125 K   0.76312 0.06112 0.17576 ( 1)
 126 S   0.58319 0.18599 0.23083 ( 1)
 127 E   0.45770 0.33770 0.20460 ( 1)
 128 L   0.68016 0.13078 0.18906 ( 1)
 129 A   0.73294 0.08585 0.18121 ( 1)
 130 S   0.76133 0.06255 0.17612 ( 1)
 131 -   0.74935 0.07233 0.17832 ( 1)
 132 -   0.41990 0.34242 0.23768 ( 1)
 133 -   0.75788 0.06528 0.17684 ( 1)
 134 D   0.48415 0.28175 0.23411 ( 1)
 135 V   0.77370 0.05249 0.17381 ( 1)
 136 D   0.76197 0.06205 0.17597 ( 1)
 137 R   0.53626 0.23103 0.23271 ( 1)
 138 E   0.19068 0.55118 0.25813 ( 2)
 139 K   0.75231 0.06971 0.17798 ( 1)
 140 K   0.56476 0.20385 0.23140 ( 1)
 141 G   0.48079 0.28493 0.23428 ( 1)
 142 F   0.74510 0.07599 0.17891 ( 1)
 143 F   0.74510 0.07599 0.17891 ( 1)
 144 N   0.80357 0.02923 0.16720 ( 1)
 145 C   0.55343 0.21612 0.23045 ( 1)
 146 K   0.19418 0.54880 0.25702 ( 2)
 147 G   0.56362 0.20415 0.23223 ( 1)
 148 F   0.74510 0.07599 0.17891 ( 1)
 149 L   0.68016 0.13078 0.18906 ( 1)
 150 A   0.76682 0.05808 0.17510 ( 1)
 151 R   0.33555 0.41615 0.24830 ( 2)
 152 M   0.47178 0.29378 0.23444 ( 1)
 153 G   0.76405 0.06039 0.17557 ( 1)
 154 V   0.77688 0.05003 0.17309 ( 1)
 155 Y   0.46629 0.29902 0.23468 ( 1)
 156 W   0.68983 0.12266 0.18751 ( 1)
 157 E   0.74558 0.07568 0.17874 ( 1)
 158 K   0.76186 0.06260 0.17554 ( 1)
 159 A   0.72750 0.09111 0.18140 ( 1)
 160 Q   0.74347 0.07775 0.17878 ( 1)
 161 N   0.80200 0.03099 0.16701 ( 1)
 162 Q   0.74347 0.07775 0.17878 ( 1)
 163 E   0.74123 0.07962 0.17915 ( 1)
 164 S   0.41022 0.35200 0.23778 ( 1)
 165 E   0.74123 0.07962 0.17915 ( 1)
 166 L   0.74831 0.07372 0.17797 ( 1)
 167 R   0.82544 0.01464 0.15991 ( 1)
 168 A   0.76515 0.05989 0.17496 ( 1)
 169 A   0.72750 0.09111 0.18140 ( 1)
 170 F   0.44220 0.32277 0.23502 ( 1)
 171 R   0.79462 0.03653 0.16884 ( 1)
 172 I   0.76959 0.05630 0.17411 ( 1)
 173 F   0.74383 0.07744 0.17873 ( 1)
 174 D   0.76070 0.06354 0.17576 ( 1)
 175 K   0.76082 0.06343 0.17575 ( 1)
 176 E   0.74123 0.07962 0.17915 ( 1)
 177 G   0.18866 0.55638 0.25496 ( 2)
 178 K   0.76186 0.06260 0.17554 ( 1)
 179 G   0.75544 0.06791 0.17665 ( 1)
 180 Y   0.75208 0.07062 0.17730 ( 1)
 181 I   0.76820 0.05740 0.17440 ( 1)
 182 D   0.76070 0.06354 0.17576 ( 1)
 183 W   0.68983 0.12266 0.18751 ( 1)
 184 G   0.20788 0.58245 0.20967 ( 2)
 185 T   0.26658 0.53011 0.20331 ( 2)
 186 L   0.18530 0.59563 0.21907 ( 2)
 187 T   0.21860 0.57371 0.20770 ( 2)
 188 Y   0.75649 0.06663 0.17687 ( 1)
 189 V   0.77688 0.05003 0.17309 ( 1)
 190 L   0.75877 0.06488 0.17635 ( 1)
 191 T   0.06570 0.64914 0.28517 ( 2)
 192 H   0.14115 0.61069 0.24816 ( 2)
 193 A   0.76958 0.05591 0.17450 ( 1)
 194 G   0.75681 0.06638 0.17682 ( 1)
 195 E   0.74558 0.07568 0.17874 ( 1)
 196 P   0.76231 0.06184 0.17585 ( 1)
 197 L   0.75269 0.06976 0.17756 ( 1)
 198 S   0.80019 0.03185 0.16796 ( 1)
 199 E   0.74558 0.07568 0.17874 ( 1)
 200 V   0.36635 0.39146 0.24218 ( 2)
 201 E   0.74558 0.07568 0.17874 ( 1)
 202 A   0.73160 0.08737 0.18102 ( 1)
 203 E   0.44459 0.31918 0.23623 ( 1)
 204 Q   0.45773 0.30759 0.23469 ( 1)
 205 M   0.75766 0.06567 0.17666 ( 1)
 206 M   0.75766 0.06567 0.17666 ( 1)
 207 K   0.49022 0.27611 0.23367 ( 1)
 208 E   0.79406 0.03656 0.16937 ( 1)
 209 A   0.73160 0.08737 0.18102 ( 1)
 210 D   0.48861 0.27769 0.23371 ( 1)
 211 K   0.76632 0.05860 0.17509 ( 1)
 212 D   0.51018 0.25602 0.23379 ( 1)
 213 G   0.76560 0.05916 0.17524 ( 1)
 214 D   0.49202 0.27429 0.23369 ( 1)
 215 G   0.49231 0.27429 0.23339 ( 1)
 216 T   0.80760 0.02641 0.16599 ( 1)
 217 I   0.78947 0.03892 0.17161 ( 1)
 218 D   0.76516 0.05953 0.17531 ( 1)
 219 H   0.47406 0.29187 0.23407 ( 1)
 220 E   0.74245 0.07821 0.17934 ( 1)
 221 E   0.73233 0.08642 0.18125 ( 1)
 222 F   0.73481 0.08432 0.18086 ( 1)
 223 V   0.76277 0.06104 0.17619 ( 1)
 224 A   0.71923 0.09750 0.18327 ( 1)
 225 M   0.74390 0.07671 0.17939 ( 1)
 226 M   0.74390 0.07671 0.17939 ( 1)
 227 T   0.78749 0.04115 0.17137 ( 1)
 228 G   0.75162 0.07027 0.17811 ( 1)
 229 E   0.73233 0.08642 0.18125 ( 1)
 230 S   0.75054 0.07115 0.17831 ( 1)
 231 F   0.73481 0.08432 0.18086 ( 1)
 232 K   0.75231 0.06971 0.17798 ( 1)
 233 L   0.68282 0.12857 0.18862 ( 1)
 234 V   0.81960 0.01804 0.16236 ( 1)
 235 Q   0.03640 0.64284 0.32076 ( 2)

