Supplemental results for CODEML (seqf: /home/leticiamagpali/phd/evol_models/codeml/small_dataset/cml_align/CASQ2_codon_aligned.phy  treef: /home/leticiamagpali/phd/evol_models/codeml/small_dataset/cml_trees/gene_trees/H1b_gene_trees/CASQ2_tree_H1b.tre)

I	J	ij	2Ns_IJ	pMut_IJ	pSub_IJ	2Ns_JI	pMut_JI	pSub_JI

TTC	TTT	CT	0.33792	0.13641	0.16075	-0.33792	0.19125	0.16075
TTA	TTT	AT	5.97446	0.00009	0.00054	-5.97446	0.03514	0.00054
TTA	TTC	AC	5.63655	0.00009	0.00053	-5.63655	0.02617	0.00053
TTG	TTT	GT	0.74160	0.01787	0.02531	-0.74160	0.03751	0.02531
TTG	TTC	GC	0.40369	0.01866	0.02268	-0.40369	0.02794	0.02268
TTG	TTA	GA	-5.23286	0.09977	0.00280	5.23286	0.00053	0.00280
TCT	TTT	CT	1.56452	0.04001	0.07915	-1.56452	0.19125	0.07915
TCC	TTC	CT	1.31919	0.03808	0.06856	-1.31919	0.14243	0.06856
TCC	TCT	CT	0.09258	0.03808	0.03987	-0.09258	0.04177	0.03987
TCA	TTA	CT	-3.96414	0.02651	0.00203	3.96414	0.00050	0.00203
TCA	TCT	AT	0.44580	0.00491	0.00609	-0.44580	0.00767	0.00609
TCA	TCC	AC	0.35321	0.00513	0.00609	-0.35321	0.00730	0.00609
TCG	TTG	CT	4.64836	0.00096	0.00452	-4.64836	0.10066	0.00452
TCG	TCT	GT	3.82544	0.00018	0.00070	-3.82544	0.00819	0.00070
TCG	TCC	GC	3.73286	0.00019	0.00071	-3.73286	0.00780	0.00071
TCG	TCA	GA	3.37964	0.00100	0.00349	-3.37964	0.02929	0.00349
TAT	TTT	AT	1.03999	0.01242	0.01998	-1.03999	0.03514	0.01998
TAT	TCT	AC	-0.52453	0.01297	0.00986	0.52453	0.00767	0.00986
TAC	TTC	AT	0.37147	0.01805	0.02161	-0.37147	0.02617	0.02161
TAC	TCC	AC	-0.94772	0.01884	0.01130	0.94772	0.00730	0.01130
TAC	TAT	CT	-0.33060	0.09737	0.08216	0.33060	0.06996	0.08216
TGT	TTT	GT	3.73733	0.00089	0.00342	-3.73733	0.03751	0.00342
TGT	TCT	GC	2.17281	0.00093	0.00229	-2.17281	0.00819	0.00229
TGT	TAT	GA	2.69735	0.00499	0.01443	-2.69735	0.07403	0.01443
TGC	TTC	GT	1.89505	0.00420	0.00937	-1.89505	0.02794	0.00937
TGC	TCC	GC	0.57586	0.00438	0.00577	-0.57586	0.00780	0.00577
TGC	TAC	GA	1.52358	0.02344	0.04567	-1.52358	0.10758	0.04567
TGC	TGT	CT	-1.50437	0.02265	0.00973	1.50437	0.00503	0.00973
TGG	TTG	GT	0.53053	0.01161	0.01497	-0.53053	0.01974	0.01497
TGG	TCG	GC	-4.11783	0.01213	0.00083	4.11783	0.00020	0.00083
TGG	TGT	GT	-2.46520	0.01161	0.00266	2.46520	0.00099	0.00266
TGG	TGC	GC	-0.96083	0.01213	0.00722	0.96083	0.00464	0.00722
CTT	TTT	CT	1.32940	0.05061	0.09150	-1.32940	0.19125	0.09150
CTC	TTC	CT	0.79080	0.06459	0.09346	-0.79080	0.14243	0.09346
CTC	CTT	CT	-0.20069	0.06459	0.05833	0.20069	0.05285	0.05833
CTA	TTA	CT	-4.33884	0.03856	0.00221	4.33884	0.00050	0.00221
CTA	CTT	AT	0.30622	0.00715	0.00830	-0.30622	0.00971	0.00830
CTA	CTC	AC	0.50691	0.00746	0.00951	-0.50691	0.01239	0.00951
CTG	TTG	CT	-0.59339	0.18220	0.13346	0.59339	0.10066	0.13346
CTG	CTT	GT	-1.18119	0.03377	0.01766	1.18119	0.01037	0.01766
CTG	CTC	GC	-0.98050	0.03526	0.02076	0.98050	0.01323	0.02076
CTG	CTA	GA	-1.48741	0.18856	0.08187	1.48741	0.04261	0.08187
CCT	TCT	CT	0.11823	0.03711	0.03935	-0.11823	0.04177	0.03935
CCT	CTT	CT	0.35335	0.03711	0.04406	-0.35335	0.05285	0.04406
CCC	TCC	CT	-0.68111	0.07857	0.05483	0.68111	0.03976	0.05483
CCC	CTC	CT	-0.15272	0.07857	0.07272	0.15272	0.06744	0.07272
CCC	CCT	CT	-0.70675	0.07857	0.05405	0.70675	0.03875	0.05405
CCA	TCA	CT	-1.01207	0.07616	0.04401	1.01207	0.02768	0.04401
CCA	CTA	CT	-0.63738	0.07616	0.05445	0.63738	0.04026	0.05445
CCA	CCT	AT	-0.68450	0.01412	0.00983	0.68450	0.00712	0.00983
CCA	CCC	AC	0.02225	0.01474	0.01490	-0.02225	0.01507	0.01490
CCG	TCG	CT	-2.55950	0.01301	0.00279	2.55950	0.00101	0.00279
CCG	CTG	CT	2.68225	0.01301	0.03747	-2.68225	0.19024	0.03747
CCG	CCT	GT	1.14772	0.00241	0.00406	-1.14772	0.00760	0.00406
CCG	CCC	GC	1.85447	0.00252	0.00554	-1.85447	0.01609	0.00554
CCG	CCA	GA	1.83221	0.01347	0.02938	-1.83221	0.08415	0.02938
CAT	TAT	CT	0.53501	0.04097	0.05290	-0.53501	0.06996	0.05290
CAT	CTT	AT	0.24560	0.00759	0.00857	-0.24560	0.00971	0.00857
CAT	CCT	AC	-0.10775	0.00793	0.00751	0.10775	0.00712	0.00751
CAC	TAC	CT	0.98201	0.03808	0.05979	-0.98201	0.10166	0.05979
CAC	CTC	AT	0.56268	0.00706	0.00923	-0.56268	0.01239	0.00923
CAC	CCC	AC	0.71540	0.00737	0.01032	-0.71540	0.01507	0.01032
CAC	CAT	CT	0.11639	0.03808	0.04034	-0.11639	0.04278	0.04034
CAA	CTA	AT	0.11225	0.00661	0.00699	-0.11225	0.00740	0.00699
CAA	CCA	AC	0.74963	0.00690	0.00981	-0.74963	0.01461	0.00981
CAA	CAT	AT	0.17288	0.00661	0.00720	-0.17288	0.00786	0.00720
CAA	CAC	AC	0.05648	0.00690	0.00710	-0.05648	0.00730	0.00710
CAG	CTG	AT	0.84522	0.01501	0.02224	-0.84522	0.03495	0.02224
CAG	CCG	AC	-1.83703	0.01567	0.00546	1.83703	0.00250	0.00546
CAG	CAT	GT	-0.58157	0.01501	0.01107	0.58157	0.00839	0.01107
CAG	CAC	GC	-0.69796	0.01567	0.01083	0.69796	0.00780	0.01083
CAG	CAA	GA	-0.75444	0.08380	0.05613	0.75444	0.03941	0.05613
CGT	TGT	CT	-0.48744	0.00819	0.00636	0.48744	0.00503	0.00636
CGT	CTT	GT	1.92049	0.00152	0.00342	-1.92049	0.01037	0.00342
CGT	CCT	GC	1.56715	0.00159	0.00314	-1.56715	0.00760	0.00314
CGT	CAT	GA	1.67489	0.00848	0.01748	-1.67489	0.04527	0.01748
CGC	TGC	CT	-0.84286	0.05495	0.03501	0.84286	0.02365	0.03501
CGC	CTC	GT	0.26139	0.01019	0.01157	-0.26139	0.01323	0.01157
CGC	CCC	GC	0.41411	0.01063	0.01299	-0.41411	0.01609	0.01299
CGC	CAC	GA	-0.30129	0.05687	0.04873	0.30129	0.04207	0.04873
CGC	CGT	CT	-1.85979	0.05495	0.01885	1.85979	0.00856	0.01885
CGA	CTA	GT	9.07403	0.00000	0.00000	-9.07403	0.00790	0.00001
CGA	CCA	GC	9.71141	0.00000	0.00000	-9.71141	0.01560	0.00001
CGA	CAA	GA	8.96178	0.00000	0.00000	-8.96178	0.03941	0.00005
CGA	CGT	AT	7.45976	0.00000	0.00000	-7.45976	0.00157	0.00001
CGA	CGC	AC	9.31955	0.00000	0.00000	-9.31955	0.01054	0.00001
CGG	TGG	CT	1.65263	0.01253	0.02562	-1.65263	0.06543	0.02562
CGG	CTG	GT	2.77655	0.00232	0.00688	-2.77655	0.03731	0.00688
CGG	CCG	GC	0.09430	0.00243	0.00254	-0.09430	0.00267	0.00254
CGG	CAG	GA	1.93132	0.01297	0.02929	-1.93132	0.08947	0.02929
CGG	CGT	GT	-0.32514	0.00232	0.00197	0.32514	0.00168	0.00197
CGG	CGC	GC	1.53466	0.00243	0.00475	-1.53466	0.01125	0.00475
CGG	CGA	GA	-7.78489	0.01297	0.00004	7.78489	0.00000	0.00000
ATT	TTT	AT	0.45300	0.02234	0.02778	-0.45300	0.03514	0.02778
ATT	CTT	AC	-0.87640	0.02332	0.01458	0.87640	0.00971	0.01458
ATC	TTC	AT	-0.00384	0.02627	0.02622	0.00384	0.02617	0.02622
ATC	CTC	AC	-0.79464	0.02743	0.01796	0.79464	0.01239	0.01796
ATC	ATT	CT	-0.11893	0.14171	0.13345	0.11893	0.12582	0.13345
ATA	TTA	AT	-3.36691	0.00268	0.00032	3.36691	0.00009	0.00032
ATA	CTA	AC	0.97193	0.00280	0.00438	-0.97193	0.00740	0.00438
ATA	ATT	AT	2.15455	0.00268	0.00653	-2.15455	0.02312	0.00653
ATA	ATC	AC	2.27348	0.00280	0.00709	-2.27348	0.02718	0.00709
ATG	TTG	AT	0.49633	0.01126	0.01428	-0.49633	0.01849	0.01428
ATG	CTG	AC	1.08971	0.01175	0.01930	-1.08971	0.03495	0.01930
ATG	ATT	GT	0.78493	0.01126	0.01625	-0.78493	0.02468	0.01625
ATG	ATC	GC	0.90385	0.01175	0.01786	-0.90385	0.02902	0.01786
ATG	ATA	GA	-1.36963	0.06285	0.02934	1.36963	0.01598	0.02934
ACT	TCT	AT	-0.21031	0.00947	0.00851	0.21031	0.00767	0.00851
ACT	CCT	AC	-0.32853	0.00989	0.00835	0.32853	0.00712	0.00835
ACT	ATT	CT	0.90121	0.05109	0.07753	-0.90121	0.12582	0.07753
ACC	TCC	AT	-0.03891	0.00759	0.00745	0.03891	0.00730	0.00745
ACC	CCC	AC	0.64220	0.00793	0.01075	-0.64220	0.01507	0.01075
ACC	ATC	CT	1.28412	0.04097	0.07276	-1.28412	0.14797	0.07276
ACC	ACT	CT	0.26398	0.04097	0.04662	-0.26398	0.05335	0.04662
ACA	TCA	AT	-0.78669	0.01117	0.00735	0.78669	0.00509	0.00735
ACA	CCA	AC	0.22538	0.01166	0.01302	-0.22538	0.01461	0.01302
ACA	ATA	CT	-1.38392	0.06025	0.02788	1.38392	0.01510	0.02788
ACA	ACT	AT	-0.13058	0.01117	0.01045	0.13058	0.00980	0.01045
ACA	ACC	AC	-0.39456	0.01166	0.00951	0.39456	0.00786	0.00951
ACG	TCG	AT	-2.56840	0.00241	0.00051	2.56840	0.00018	0.00051
ACG	CCG	AC	-0.00890	0.00252	0.00251	0.00890	0.00250	0.00251
ACG	ATG	CT	1.58364	0.01301	0.02593	-1.58364	0.06341	0.02593
ACG	ACT	GT	1.46735	0.00241	0.00460	-1.46735	0.01046	0.00460
ACG	ACC	GC	1.20337	0.00252	0.00433	-1.20337	0.00839	0.00433
ACG	ACA	GA	1.59793	0.01347	0.02698	-1.59793	0.06657	0.02698
AAT	TAT	AT	0.15658	0.01099	0.01187	-0.15658	0.01285	0.01187
AAT	CAT	AC	-0.37843	0.01147	0.00944	0.37843	0.00786	0.00944
AAT	ATT	AT	0.74357	0.01099	0.01558	-0.74357	0.02312	0.01558
AAT	ACT	AC	-0.15765	0.01147	0.01059	0.15765	0.00980	0.01059
AAC	TAC	AT	0.07987	0.01724	0.01794	-0.07987	0.01868	0.01794
AAC	CAC	AC	-0.90214	0.01800	0.01109	0.90214	0.00730	0.01109
AAC	ATC	AT	0.45518	0.01724	0.02146	-0.45518	0.02718	0.02146
AAC	ACC	AC	-0.82894	0.01800	0.01156	0.82894	0.00786	0.01156
AAC	AAT	CT	-0.40731	0.09303	0.07537	0.40731	0.06190	0.07537
AAA	CAA	AC	-1.28457	0.02472	0.01215	1.28457	0.00684	0.01215
AAA	ATA	AT	-2.14424	0.02368	0.00674	2.14424	0.00277	0.00674
AAA	ACA	AC	-0.76032	0.02472	0.01650	0.76032	0.01156	0.01650
AAA	AAT	AT	-0.73325	0.02368	0.01605	0.73325	0.01137	0.01605
AAA	AAC	AC	-0.32594	0.02472	0.02091	0.32594	0.01785	0.02091
AAG	CAG	AC	-0.94172	0.03983	0.02398	0.94172	0.01553	0.02398
AAG	ATG	AT	-1.18621	0.03815	0.01990	1.18621	0.01165	0.01990
AAG	ACG	AC	-2.76985	0.03983	0.00738	2.76985	0.00250	0.00738
AAG	AAT	GT	-1.14485	0.03815	0.02039	1.14485	0.01214	0.02039
AAG	AAC	GC	-0.73754	0.03983	0.02693	0.73754	0.01905	0.02693
AAG	AAA	GA	-0.41160	0.21300	0.17216	0.41160	0.14113	0.17216
AGT	TGT	AT	-2.78112	0.01492	0.00274	2.78112	0.00092	0.00274
AGT	CGT	AC	-2.29368	0.01558	0.00401	2.29368	0.00157	0.00401
AGT	ATT	GT	0.50321	0.01492	0.01899	-0.50321	0.02468	0.01899
AGT	ACT	GC	-0.39800	0.01558	0.01268	0.39800	0.01046	0.01268
AGT	AAT	GA	-0.24035	0.08330	0.07369	0.24035	0.06551	0.07369
AGC	TGC	AT	-0.36406	0.00625	0.00518	0.36406	0.00435	0.00518
AGC	CGC	AC	0.47880	0.00653	0.00822	-0.47880	0.01054	0.00822
AGC	ATC	GT	1.53483	0.00625	0.01224	-1.53483	0.02902	0.01224
AGC	ACC	GC	0.25071	0.00653	0.00738	-0.25071	0.00839	0.00738
AGC	AAC	GA	1.07965	0.03492	0.05710	-1.07965	0.10279	0.05710
AGC	AGT	CT	0.91269	0.03374	0.05145	-0.91269	0.08405	0.05145
AGA	CGA	AC	-8.33882	0.00392	0.00001	8.33882	0.00000	0.00000
AGA	ATA	GT	-0.23672	0.00375	0.00333	0.23672	0.00296	0.00333
AGA	ACA	GC	1.14720	0.00392	0.00659	-1.14720	0.01234	0.00659
AGA	AAA	GA	1.90752	0.02095	0.04693	-1.90752	0.14113	0.04693
AGA	AGT	AT	1.41462	0.00375	0.00701	-1.41462	0.01544	0.00701
AGA	AGC	AC	0.50192	0.00392	0.00498	-0.50192	0.00647	0.00498
AGG	TGG	AT	0.85877	0.00509	0.00759	-0.85877	0.01202	0.00759
AGG	CGG	AC	-0.79386	0.00532	0.00348	0.79386	0.00240	0.00348
AGG	ATG	GT	0.89298	0.00509	0.00770	-0.89298	0.01244	0.00770
AGG	ACG	GC	-0.69066	0.00532	0.00369	0.69066	0.00267	0.00369
AGG	AAG	GA	2.07919	0.02843	0.06757	-2.07919	0.22741	0.06757
AGG	AGT	GT	1.17469	0.00509	0.00866	-1.17469	0.01649	0.00866
AGG	AGC	GC	0.26200	0.00532	0.00604	-0.26200	0.00691	0.00604
AGG	AGA	GA	-0.23992	0.02843	0.02516	0.23992	0.02237	0.02516
GTT	TTT	GT	0.80881	0.01671	0.02437	-0.80881	0.03751	0.02437
GTT	CTT	GC	-0.52059	0.01744	0.01330	0.52059	0.01037	0.01330
GTT	ATT	GA	0.35581	0.09328	0.11086	-0.35581	0.13314	0.11086
GTC	TTC	GT	0.63321	0.01483	0.02002	-0.63321	0.02794	0.02002
GTC	CTC	GC	-0.15759	0.01549	0.01430	0.15759	0.01323	0.01430
GTC	ATC	GA	0.63705	0.08281	0.11196	-0.63705	0.15658	0.11196
GTC	GTT	CT	0.16231	0.08001	0.08668	-0.16231	0.09411	0.08668
GTA	TTA	GT	-2.89598	0.00179	0.00030	2.89598	0.00010	0.00030
GTA	CTA	GC	1.44285	0.00187	0.00352	-1.44285	0.00790	0.00352
GTA	ATA	GA	0.47092	0.00998	0.01251	-0.47092	0.01598	0.01251
GTA	GTT	AT	2.26967	0.00179	0.00452	-2.26967	0.01729	0.00452
GTA	GTC	AC	2.10735	0.00187	0.00448	-2.10735	0.01535	0.00448
GTG	TTG	GT	-0.46557	0.03145	0.02469	0.46557	0.01974	0.02469
GTG	CTG	GC	0.12782	0.03284	0.03498	-0.12782	0.03731	0.03498
GTG	ATG	GA	-0.96189	0.17559	0.10447	0.96189	0.06710	0.10447
GTG	GTT	GT	-0.53277	0.03145	0.02381	0.53277	0.01846	0.02381
GTG	GTC	GC	-0.69509	0.03284	0.02274	0.69509	0.01639	0.02274
GTG	GTA	GA	-2.80244	0.17559	0.03178	2.80244	0.01065	0.03178
GCT	TCT	GT	-0.78472	0.01796	0.01182	0.78472	0.00819	0.01182
GCT	CCT	GC	-0.90294	0.01875	0.01154	0.90294	0.00760	0.01154
GCT	ACT	GA	-0.57441	0.10026	0.07421	0.57441	0.05645	0.07421
GCT	GTT	CT	-0.02900	0.09688	0.09549	0.02900	0.09411	0.09549
GCC	TCC	GT	-0.22215	0.00974	0.00870	0.22215	0.00780	0.00870
GCC	CCC	GC	0.45896	0.01017	0.01268	-0.45896	0.01609	0.01268
GCC	ACC	GA	-0.18324	0.05437	0.04954	0.18324	0.04527	0.04954
GCC	GTC	CT	0.46383	0.05254	0.06566	-0.46383	0.08355	0.06566
GCC	GCT	CT	0.65515	0.05254	0.07162	-0.65515	0.10116	0.07162
GCA	TCA	GT	-0.55636	0.00947	0.00708	0.55636	0.00543	0.00708
GCA	CCA	GC	0.45571	0.00989	0.01231	-0.45571	0.01560	0.01231
GCA	ACA	GA	0.23033	0.05288	0.05920	-0.23033	0.06657	0.05920
GCA	GTA	CT	-1.62452	0.05109	0.02036	1.62452	0.01007	0.02036
GCA	GCT	AT	0.67416	0.00947	0.01302	-0.67416	0.01858	0.01302
GCA	GCC	AC	0.01901	0.00989	0.00998	-0.01901	0.01008	0.00998
GCG	TCG	GT	-3.53784	0.00679	0.00072	3.53784	0.00020	0.00072
GCG	CCG	GC	-0.97834	0.00709	0.00418	0.97834	0.00267	0.00418
GCG	ACG	GA	-0.96944	0.03791	0.02246	0.96944	0.01438	0.02246
GCG	GTG	CT	1.57609	0.03663	0.07279	-1.57609	0.17716	0.07279
GCG	GCT	GT	1.07232	0.00679	0.01107	-1.07232	0.01984	0.01107
GCG	GCC	GC	0.41717	0.00709	0.00867	-0.41717	0.01076	0.00867
GCG	GCA	GA	0.39816	0.03791	0.04596	-0.39816	0.05645	0.04596
GAT	TAT	GT	-1.56292	0.06549	0.02713	1.56292	0.01372	0.02713
GAT	CAT	GC	-2.09794	0.06838	0.02007	2.09794	0.00839	0.02007
GAT	AAT	GA	-1.71950	0.36564	0.13722	1.71950	0.06551	0.13722
GAT	GTT	AT	-1.33175	0.06549	0.03129	1.33175	0.01729	0.03129
GAT	GCT	AC	-1.30274	0.06838	0.03325	1.30274	0.01858	0.03325
GAC	TAC	GT	-1.34426	0.07648	0.03626	1.34426	0.01994	0.03626
GAC	CAC	GC	-2.32627	0.07986	0.02011	2.32627	0.00780	0.02011
GAC	AAC	GA	-1.42412	0.42700	0.19279	1.42412	0.10279	0.19279
GAC	GTC	AT	-1.60599	0.07648	0.03084	1.60599	0.01535	0.03084
GAC	GCC	AC	-2.06982	0.07986	0.02387	2.06982	0.01008	0.02387
GAC	GAT	CT	-0.11193	0.41260	0.38994	0.11193	0.36891	0.38994
GAA	CAA	GC	-1.73520	0.04142	0.01539	1.73520	0.00731	0.01539
GAA	AAA	GA	-0.45064	0.22148	0.17531	0.45064	0.14113	0.17531
GAA	GTA	AT	-3.06580	0.03967	0.00595	3.06580	0.00185	0.00595
GAA	GCA	AC	-1.44129	0.04142	0.01850	1.44129	0.00980	0.01850
GAA	GAT	AT	0.53561	0.03967	0.05124	-0.53561	0.06777	0.05124
GAA	GAC	AC	0.64755	0.04142	0.05627	-0.64755	0.07915	0.05627
GAG	CAG	GC	-1.55645	0.07864	0.03271	1.55645	0.01658	0.03271
GAG	AAG	GA	-0.61473	0.42051	0.30442	0.61473	0.22741	0.30442
GAG	GTG	AT	-0.83904	0.07532	0.04809	0.83904	0.03255	0.04809
GAG	GCG	AC	-2.41513	0.07864	0.01864	2.41513	0.00703	0.01864
GAG	GAT	GT	-0.04007	0.07532	0.07382	0.04007	0.07236	0.07382
GAG	GAC	GC	0.07186	0.07864	0.08150	-0.07186	0.08450	0.08150
GAG	GAA	GA	-0.57569	0.42051	0.31102	0.57569	0.23646	0.31102
GGT	TGT	GT	-1.62302	0.00500	0.00200	1.62302	0.00099	0.00200
GGT	CGT	GC	-1.13558	0.00522	0.00281	1.13558	0.00168	0.00281
GGT	AGT	GA	1.15810	0.02793	0.04716	-1.15810	0.08894	0.04716
GGT	GTT	GT	1.30550	0.00500	0.00896	-1.30550	0.01846	0.00896
GGT	GCT	GC	1.33451	0.00522	0.00946	-1.33451	0.01984	0.00946
GGT	GAT	GA	2.63725	0.02793	0.07935	-2.63725	0.39037	0.07935
GGC	TGC	GT	-0.83760	0.01072	0.00685	0.83760	0.00464	0.00685
GGC	CGC	GC	0.00526	0.01119	0.01122	-0.00526	0.01125	0.01122
GGC	AGC	GA	-0.47354	0.05986	0.04680	0.47354	0.03728	0.04680
GGC	GTC	GT	0.42424	0.01072	0.01316	-0.42424	0.01639	0.01316
GGC	GCC	GC	-0.03959	0.01119	0.01097	0.03959	0.01076	0.01097
GGC	GAC	GA	2.03024	0.05986	0.13990	-2.03024	0.45588	0.13990
GGC	GGT	CT	-0.71895	0.05784	0.03952	0.71895	0.02818	0.03952
GGA	CGA	GC	-8.56105	0.00522	0.00001	8.56105	0.00000	0.00000
GGA	AGA	GA	-0.22223	0.02793	0.02495	0.22223	0.02237	0.02495
GGA	GTA	GT	-0.92987	0.00500	0.00303	0.92987	0.00197	0.00303
GGA	GCA	GC	0.69464	0.00522	0.00725	-0.69464	0.01046	0.00725
GGA	GAA	GA	2.13593	0.02793	0.06766	-2.13593	0.23646	0.06766
GGA	GGT	AT	0.03429	0.00500	0.00509	-0.03429	0.00518	0.00509
GGA	GGC	AC	0.75324	0.00522	0.00744	-0.75324	0.01110	0.00744
GGG	TGG	GT	0.16326	0.01090	0.01181	-0.16326	0.01283	0.01181
GGG	CGG	GC	-1.48937	0.01138	0.00494	1.48937	0.00257	0.00494
GGG	AGG	GA	-0.69551	0.06086	0.04213	0.69551	0.03036	0.04213
GGG	GTG	GT	1.15936	0.01090	0.01841	-1.15936	0.03475	0.01841
GGG	GCG	GC	-0.41673	0.01138	0.00917	0.41673	0.00750	0.00917
GGG	GAG	GA	1.99840	0.06086	0.14069	-1.99840	0.44896	0.14069
GGG	GGT	GT	-0.67892	0.01090	0.00762	0.67892	0.00553	0.00762
GGG	GGC	GC	0.04003	0.01138	0.01161	-0.04003	0.01185	0.01161
GGG	GGA	GA	-0.71321	0.06086	0.04171	0.71321	0.02982	0.04171


Histograms
2Ns	FMut	FSub(CodonUsage)	FSubw(after w)

-9.24896	0.00358	0.00000
-8.32406	0.00045	0.00000
-7.39917	0.00071	0.00000
-6.47427	0.00000	0.00000
-5.54937	0.00785	0.00024
-4.62448	0.00679	0.00041
-3.69958	0.00638	0.00075
-2.77469	0.05604	0.01408
-1.84979	0.20773	0.09427
-0.92490	0.26763	0.21541
0.00000	0.28314	0.34968
0.92490	0.11964	0.21541
1.84979	0.03583	0.09427
2.77469	0.00396	0.01408
3.69958	0.00016	0.00075
4.62448	0.00007	0.00041
5.54937	0.00003	0.00024
6.47427	0.00000	0.00000
7.39917	0.00000	0.00000
8.32406	0.00000	0.00000
9.24896	0.00000	0.00000

Proportion of advantageous (S > 0) mutations:
 0.28469

Proportions of good & bad mutations (|S| > 2.0000) among mutations:
0.01150  0.14024

mean |Ns| = 1.11819	mean Ns+ = 0.68127	mean Ns- = -1.29208


MLEs of dN/dS (w) for site classes (K=4)

site class             0        1       2a       2b
proportion       0.67043  0.23111  0.07322  0.02524
background w     0.00000  1.00000  0.00000  1.00000
foreground w     0.00000  1.00000  6.02919  6.02919

Naive Empirical Bayes (NEB) probabilities for 4 classes
(amino acids refer to 1st sequence: Bbon)

   1 M   0.84577 0.11082 0.03765 0.00576 ( 1)
   2 K   0.00000 0.93180 0.00000 0.06819 ( 2)
   3 R   0.00001 0.95476 0.00000 0.04523 ( 2)
   4 T   0.83657 0.11757 0.03946 0.00640 ( 1)
   5 H   0.00001 0.95470 0.00000 0.04529 ( 2)
   6 L   0.70439 0.20846 0.06687 0.02028 ( 1)
   7 F   0.74290 0.18209 0.05959 0.01543 ( 1)
   8 V   0.75646 0.17288 0.05680 0.01386 ( 1)
   9 M   0.00000 0.92576 0.00000 0.07424 ( 2)
  10 A   0.00001 0.94478 0.00000 0.05521 ( 2)
  11 V   0.81280 0.13409 0.04479 0.00832 ( 1)
  12 Y   0.76479 0.16729 0.05498 0.01294 ( 1)
  13 L   0.70439 0.20846 0.06687 0.02028 ( 1)
  14 L   0.70439 0.20846 0.06687 0.02028 ( 1)
  15 S   0.84365 0.11263 0.03784 0.00588 ( 1)
  16 S   0.84365 0.11263 0.03784 0.00588 ( 1)
  17 C   0.87138 0.09303 0.03153 0.00406 ( 1)
  18 R   0.87506 0.09046 0.03064 0.00384 ( 1)
  19 A   0.78397 0.15409 0.05098 0.01096 ( 1)
  20 E   0.00000 0.29755 0.56320 0.13925 ( 3)
  21 E   0.75341 0.17485 0.05752 0.01422 ( 1)
  22 G   0.83579 0.11822 0.03954 0.00645 ( 1)
  23 L   0.70817 0.20469 0.06723 0.01991 ( 1)
  24 N   0.00001 0.94880 0.00000 0.05120 ( 2)
  25 F   0.76236 0.16886 0.05557 0.01321 ( 1)
  26 P   0.77480 0.16035 0.05296 0.01189 ( 1)
  27 T   0.83657 0.11757 0.03946 0.00640 ( 1)
  28 Y   0.76733 0.16568 0.05434 0.01265 ( 1)
  29 D   0.73935 0.18444 0.06036 0.01586 ( 1)
  30 G   0.83879 0.11608 0.03890 0.00623 ( 1)
  31 K   0.00000 0.93180 0.00000 0.06819 ( 2)
  32 D   0.74034 0.18430 0.05969 0.01568 ( 1)
  33 R   0.78067 0.15710 0.05101 0.01122 ( 1)
  34 V   0.75888 0.17147 0.05608 0.01357 ( 1)
  35 V   0.81453 0.13374 0.04362 0.00810 ( 1)
  36 S   0.77430 0.16141 0.05241 0.01187 ( 1)
  37 L   0.75881 0.17236 0.05536 0.01347 ( 1)
  38 T   0.83826 0.11726 0.03827 0.00622 ( 1)
  39 E   0.75457 0.17467 0.05673 0.01403 ( 1)
  40 K   0.77911 0.15816 0.05135 0.01138 ( 1)
  41 N   0.83796 0.11741 0.03839 0.00624 ( 1)
  42 F   0.76362 0.16866 0.05471 0.01301 ( 1)
  43 K   0.77911 0.15816 0.05135 0.01138 ( 1)
  44 Q   0.75343 0.17612 0.05639 0.01406 ( 1)
  45 V   0.81284 0.13488 0.04403 0.00825 ( 1)
  46 L   0.00000 0.91870 0.00000 0.08130 ( 2)
  47 K   0.77911 0.15816 0.05135 0.01138 ( 1)
  48 K   0.77988 0.15759 0.05122 0.01131 ( 1)
  49 Y   0.00000 0.29927 0.56727 0.13346 ( 3)
  50 D   0.74034 0.18430 0.05969 0.01568 ( 1)
  51 L   0.72682 0.19434 0.06163 0.01720 ( 1)
  52 L   0.81968 0.13077 0.04193 0.00762 ( 1)
  53 C   0.87807 0.08990 0.02844 0.00358 ( 1)
  54 L   0.81993 0.13051 0.04195 0.00761 ( 1)
  55 Y   0.76491 0.16825 0.05403 0.01282 ( 1)
  56 Y   0.00000 0.29837 0.56707 0.13455 ( 3)
  57 H   0.81588 0.13341 0.04278 0.00793 ( 1)
  58 E   0.75352 0.17572 0.05665 0.01411 ( 1)
  59 P   0.77492 0.16137 0.05193 0.01177 ( 1)
  60 V   0.00000 0.92666 0.00000 0.07333 ( 2)
  61 S   0.83298 0.12154 0.03891 0.00657 ( 1)
  62 S   0.79769 0.14020 0.05211 0.01000 ( 1)
  63 D   0.73381 0.18910 0.06067 0.01642 ( 1)
  64 K   0.77857 0.15889 0.05113 0.01140 ( 1)
  65 A   0.00000 0.94290 0.00000 0.05710 ( 2)
  66 A   0.00000 0.74353 0.00000 0.25647 ( 2)
  67 Q   0.75239 0.17715 0.05631 0.01414 ( 1)
  68 K   0.77857 0.15889 0.05113 0.01140 ( 1)
  69 Q   0.00000 0.12514 0.69926 0.17560 ( 3)
  70 F   0.00000 0.31503 0.55252 0.13245 ( 3)
  71 Q   0.75172 0.17802 0.05610 0.01416 ( 1)
  72 M   0.00000 0.91924 0.00000 0.08076 ( 2)
  73 K   0.77857 0.15889 0.05113 0.01140 ( 1)
  74 E   0.75666 0.17410 0.05554 0.01370 ( 1)
  75 I   0.76328 0.16967 0.05408 0.01297 ( 1)
  76 V   0.76378 0.16659 0.05644 0.01318 ( 1)
  77 L   0.70386 0.20944 0.06643 0.02027 ( 1)
  78 E   0.75219 0.17704 0.05655 0.01422 ( 1)
  79 F   0.72502 0.18461 0.07179 0.01858 ( 1)
  80 D   0.00000 0.25676 0.58562 0.15762 ( 3)
  81 E   0.73645 0.17497 0.07130 0.01728 ( 1)
  82 E   0.73645 0.17497 0.07130 0.01728 ( 1)
  83 G   0.79569 0.12573 0.06747 0.01112 ( 1)
  84 S   0.74783 0.16541 0.07074 0.01603 ( 1)
  85 L   0.69576 0.20946 0.07273 0.02206 ( 1)
  86 Y   0.74336 0.16916 0.07096 0.01652 ( 1)
  87 V   0.00001 0.91595 0.00000 0.08404 ( 2)
  88 L   0.78439 0.13535 0.06806 0.01220 ( 1)
  89 K   0.75146 0.16237 0.07054 0.01563 ( 1)
  90 G   0.83678 0.09259 0.06319 0.00743 ( 1)
  91 D   0.71802 0.19054 0.07205 0.01939 ( 1)
  92 R   0.75264 0.16138 0.07048 0.01550 ( 1)
  93 T   0.74763 0.16557 0.07075 0.01605 ( 1)
  94 I   0.75301 0.16107 0.07046 0.01547 ( 1)
  95 E   0.73306 0.17783 0.07145 0.01767 ( 1)
  96 F   0.72502 0.18461 0.07179 0.01858 ( 1)
  97 D   0.71802 0.19054 0.07205 0.01939 ( 1)
  98 G   0.79949 0.12261 0.06714 0.01076 ( 1)
  99 E   0.73306 0.17783 0.07145 0.01767 ( 1)
 100 F   0.72502 0.18461 0.07179 0.01858 ( 1)
 101 A   0.76015 0.15651 0.06873 0.01460 ( 1)
 102 A   0.75604 0.15853 0.07029 0.01514 ( 1)
 103 D   0.71802 0.19054 0.07205 0.01939 ( 1)
 104 V   0.77883 0.13959 0.06880 0.01277 ( 1)
 105 L   0.71191 0.19573 0.07225 0.02011 ( 1)
 106 V   0.73528 0.17596 0.07135 0.01742 ( 1)
 107 E   0.73306 0.17783 0.07145 0.01767 ( 1)
 108 F   0.72524 0.18439 0.07181 0.01856 ( 1)
 109 L   0.78435 0.13503 0.06839 0.01222 ( 1)
 110 L   0.71191 0.19573 0.07225 0.02011 ( 1)
 111 D   0.72079 0.18843 0.07173 0.01905 ( 1)
 112 L   0.00001 0.94358 0.00000 0.05641 ( 2)
 113 I   0.00000 0.93223 0.00000 0.06776 ( 2)
 114 E   0.75467 0.17507 0.05630 0.01397 ( 1)
 115 D   0.73670 0.18708 0.06014 0.01608 ( 1)
 116 P   0.76299 0.17209 0.05215 0.01276 ( 1)
 117 V   0.75646 0.17288 0.05680 0.01386 ( 1)
 118 E   0.75341 0.17485 0.05752 0.01422 ( 1)
 119 I   0.76464 0.16724 0.05514 0.01297 ( 1)
 120 I   0.76464 0.16724 0.05514 0.01297 ( 1)
 121 N   0.00001 0.94812 0.00000 0.05188 ( 2)
 122 S   0.85183 0.10683 0.03603 0.00531 ( 1)
 123 K   0.77845 0.15784 0.05219 0.01152 ( 1)
 124 L   0.70439 0.20846 0.06687 0.02028 ( 1)
 125 E   0.75794 0.17181 0.05654 0.01371 ( 1)
 126 V   0.81279 0.13409 0.04479 0.00832 ( 1)
 127 Q   0.75163 0.17718 0.05693 0.01426 ( 1)
 128 A   0.81515 0.13250 0.04424 0.00811 ( 1)
 129 F   0.74289 0.18209 0.05959 0.01543 ( 1)
 130 E   0.75341 0.17485 0.05752 0.01422 ( 1)
 131 R   0.77923 0.15735 0.05198 0.01144 ( 1)
 132 I   0.77959 0.15700 0.05199 0.01141 ( 1)
 133 E   0.75341 0.17485 0.05752 0.01422 ( 1)
 134 D   0.73935 0.18444 0.06036 0.01586 ( 1)
 135 H   0.81574 0.13216 0.04405 0.00806 ( 1)
 136 I   0.76464 0.16724 0.05514 0.01297 ( 1)
 137 K   0.77845 0.15784 0.05219 0.01152 ( 1)
 138 L   0.81979 0.12925 0.04323 0.00773 ( 1)
 139 I   0.76550 0.16639 0.05520 0.01291 ( 1)
 140 G   0.83879 0.11608 0.03890 0.00623 ( 1)
 141 F   0.74289 0.18209 0.05959 0.01543 ( 1)
 142 F   0.76236 0.16886 0.05557 0.01321 ( 1)
 143 K   0.77769 0.15840 0.05231 0.01159 ( 1)
 144 S   0.77293 0.16165 0.05334 0.01209 ( 1)
 145 E   0.75344 0.17482 0.05752 0.01422 ( 1)
 146 D   0.73935 0.18444 0.06036 0.01586 ( 1)
 147 S   0.77809 0.15852 0.05188 0.01150 ( 1)
 148 -   0.74518 0.18305 0.05689 0.01489 ( 1)
 149 -   0.00000 0.92908 0.00000 0.07092 ( 2)
 150 Y   0.76260 0.17054 0.05386 0.01299 ( 1)
 151 K   0.77525 0.16200 0.05110 0.01166 ( 1)
 152 A   0.78101 0.15804 0.04988 0.01108 ( 1)
 153 F   0.74116 0.18470 0.05867 0.01547 ( 1)
 154 E   0.75588 0.17487 0.05548 0.01376 ( 1)
 155 E   0.75145 0.17778 0.05649 0.01428 ( 1)
 156 A   0.78141 0.15784 0.04972 0.01103 ( 1)
 157 A   0.78101 0.15804 0.04988 0.01108 ( 1)
 158 E   0.75588 0.17487 0.05548 0.01376 ( 1)
 159 H   0.81267 0.13659 0.04261 0.00812 ( 1)
 160 F   0.76022 0.17205 0.05447 0.01327 ( 1)
 161 Q   0.75036 0.17917 0.05616 0.01430 ( 1)
 162 P   0.84243 0.11552 0.03624 0.00582 ( 1)
 163 Y   0.76260 0.17054 0.05386 0.01299 ( 1)
 164 I   0.76245 0.17049 0.05402 0.01303 ( 1)
 165 K   0.77599 0.16146 0.05097 0.01158 ( 1)
 166 F   0.74116 0.18470 0.05867 0.01547 ( 1)
 167 F   0.74116 0.18470 0.05867 0.01547 ( 1)
 168 A   0.78101 0.15804 0.04988 0.01108 ( 1)
 169 T   0.82880 0.12537 0.03901 0.00682 ( 1)
 170 F   0.76022 0.17205 0.05447 0.01327 ( 1)
 171 D   0.73769 0.18694 0.05947 0.01590 ( 1)
 172 K   0.77599 0.16146 0.05097 0.01158 ( 1)
 173 G   0.83247 0.12296 0.03805 0.00652 ( 1)
 174 V   0.79395 0.15265 0.04390 0.00950 ( 1)
 175 A   0.76943 0.16887 0.04974 0.01196 ( 1)
 176 K   0.76382 0.17251 0.05110 0.01257 ( 1)
 177 K   0.76449 0.17204 0.05097 0.01250 ( 1)
 178 L   0.71878 0.20186 0.06139 0.01797 ( 1)
 179 S   0.82403 0.13251 0.03659 0.00686 ( 1)
 180 L   0.71878 0.20186 0.06139 0.01797 ( 1)
 181 K   0.76382 0.17251 0.05110 0.01257 ( 1)
 182 M   0.82600 0.13086 0.03639 0.00675 ( 1)
 183 N   0.84755 0.11617 0.03114 0.00514 ( 1)
 184 E   0.74228 0.18619 0.05643 0.01509 ( 1)
 185 V   0.79397 0.15263 0.04390 0.00949 ( 1)
 186 D   0.72994 0.19404 0.05939 0.01663 ( 1)
 187 F   0.75020 0.18125 0.05443 0.01413 ( 1)
 188 Y   0.75458 0.17867 0.05317 0.01358 ( 1)
 189 E   0.74228 0.18619 0.05643 0.01509 ( 1)
 190 P   0.74351 0.18539 0.05615 0.01494 ( 1)
 191 F   0.73305 0.19213 0.05859 0.01623 ( 1)
 192 M   0.82600 0.13086 0.03639 0.00675 ( 1)
 193 D   0.72980 0.19418 0.05938 0.01665 ( 1)
 194 E   0.74228 0.18619 0.05643 0.01509 ( 1)
 195 P   0.76124 0.17414 0.05176 0.01286 ( 1)
 196 I   0.76551 0.17133 0.05077 0.01240 ( 1)
 197 A   0.79764 0.15027 0.04295 0.00914 ( 1)
 198 I   0.75221 0.17990 0.05399 0.01390 ( 1)
 199 P   0.78958 0.15487 0.04557 0.00998 ( 1)
 200 D   0.72894 0.19418 0.06006 0.01682 ( 1)
 201 K   0.00000 0.93112 0.00000 0.06887 ( 2)
 202 P   0.75982 0.17439 0.05269 0.01309 ( 1)
 203 Y   0.75106 0.18017 0.05469 0.01408 ( 1)
 204 T   0.75795 0.17562 0.05313 0.01330 ( 1)
 205 E   0.74505 0.18389 0.05624 0.01482 ( 1)
 206 E   0.00000 0.92406 0.00000 0.07593 ( 2)
 207 E   0.74028 0.18650 0.05777 0.01545 ( 1)
 208 L   0.80110 0.14657 0.04337 0.00895 ( 1)
 209 V   0.74292 0.18490 0.05707 0.01511 ( 1)
 210 E   0.00000 0.92296 0.00000 0.07703 ( 2)
 211 F   0.73122 0.19202 0.06015 0.01661 ( 1)
 212 V   0.74073 0.18639 0.05750 0.01537 ( 1)
 213 K   0.75869 0.17479 0.05326 0.01326 ( 1)
 214 E   0.73816 0.18795 0.05819 0.01570 ( 1)
 215 H   0.83142 0.12595 0.03621 0.00642 ( 1)
 216 Q   0.73692 0.18985 0.05755 0.01568 ( 1)
 217 -   0.74448 0.16163 0.07702 0.01687 ( 1)
 218 -   0.71050 0.19552 0.07356 0.02042 ( 1)
 219 -   0.73595 0.17310 0.07342 0.01753 ( 1)
 220 -   0.71198 0.19321 0.07446 0.02035 ( 1)
 221 -   0.00000 0.90935 0.00000 0.09065 ( 2)
 222 -   0.72207 0.18416 0.07457 0.01920 ( 1)
 223 -   0.69599 0.20780 0.07402 0.02220 ( 1)
 224 -   0.72207 0.18416 0.07457 0.01920 ( 1)
 225 -   0.71004 0.19505 0.07434 0.02057 ( 1)
 226 -   0.71153 0.19370 0.07437 0.02040 ( 1)
 227 -   0.69978 0.20436 0.07410 0.02175 ( 1)
 228 -   0.75836 0.15157 0.07485 0.01521 ( 1)
 229 -   0.70421 0.20034 0.07421 0.02124 ( 1)
 230 -   0.71116 0.19402 0.07438 0.02044 ( 1)
 231 -   0.71879 0.18713 0.07451 0.01957 ( 1)
 232 -   0.69644 0.20740 0.07402 0.02214 ( 1)
 233 E   0.75915 0.17162 0.05572 0.01351 ( 1)
 234 D   0.73463 0.18827 0.06074 0.01635 ( 1)
 235 D   0.73463 0.18827 0.06074 0.01635 ( 1)
 236 L   0.72722 0.19395 0.06167 0.01716 ( 1)
 237 N   0.83767 0.11770 0.03837 0.00626 ( 1)
 238 G   0.83766 0.11781 0.03829 0.00625 ( 1)
 239 I   0.76593 0.16703 0.05427 0.01277 ( 1)
 240 H   0.86154 0.10083 0.03300 0.00462 ( 1)
 241 I   0.78104 0.15675 0.05101 0.01120 ( 1)
 242 V   0.75765 0.17269 0.05599 0.01367 ( 1)
 243 A   0.81690 0.13215 0.04306 0.00790 ( 1)
 244 F   0.74595 0.18088 0.05820 0.01497 ( 1)
 245 A   0.82149 0.12862 0.04234 0.00754 ( 1)
 246 E   0.75457 0.17467 0.05673 0.01403 ( 1)
 247 R   0.87616 0.09085 0.02928 0.00371 ( 1)
 248 S   0.77430 0.16141 0.05241 0.01187 ( 1)
 249 D   0.73463 0.18827 0.06074 0.01635 ( 1)
 250 P   0.75599 0.17369 0.05645 0.01387 ( 1)
 251 D   0.73372 0.18840 0.06136 0.01652 ( 1)
 252 G   0.83879 0.11608 0.03890 0.00623 ( 1)
 253 Y   0.76637 0.16664 0.05427 0.01272 ( 1)
 254 E   0.75341 0.17485 0.05752 0.01422 ( 1)
 255 F   0.76236 0.16886 0.05557 0.01321 ( 1)
 256 L   0.70439 0.20846 0.06687 0.02028 ( 1)
 257 E   0.75341 0.17485 0.05752 0.01422 ( 1)
 258 I   0.76464 0.16724 0.05514 0.01297 ( 1)
 259 L   0.70439 0.20846 0.06687 0.02028 ( 1)
 260 K   0.77769 0.15840 0.05231 0.01159 ( 1)
 261 Q   0.75221 0.17638 0.05715 0.01426 ( 1)
 262 V   0.81112 0.13523 0.04519 0.00847 ( 1)
 263 A   0.78355 0.15430 0.05114 0.01101 ( 1)
 264 R   0.88123 0.08656 0.02874 0.00347 ( 1)
 265 D   0.73935 0.18444 0.06036 0.01586 ( 1)
 266 N   0.83579 0.11811 0.03963 0.00646 ( 1)
 267 T   0.85897 0.10335 0.03295 0.00474 ( 1)
 268 D   0.73935 0.18444 0.06036 0.01586 ( 1)
 269 N   0.83579 0.11811 0.03963 0.00646 ( 1)
 270 P   0.80823 0.13735 0.04572 0.00870 ( 1)
 271 D   0.73935 0.18444 0.06036 0.01586 ( 1)
 272 L   0.71307 0.20262 0.06520 0.01910 ( 1)
 273 S   0.85183 0.10683 0.03603 0.00531 ( 1)
 274 I   0.76496 0.16693 0.05516 0.01295 ( 1)
 275 V   0.00001 0.95304 0.00000 0.04695 ( 2)
 276 W   0.72704 0.19330 0.06237 0.01729 ( 1)
 277 I   0.76464 0.16724 0.05514 0.01297 ( 1)
 278 D   0.73935 0.18444 0.06036 0.01586 ( 1)
 279 P   0.75481 0.17388 0.05725 0.01407 ( 1)
 280 D   0.73409 0.18807 0.06136 0.01648 ( 1)
 281 D   0.73935 0.18444 0.06036 0.01586 ( 1)
 282 F   0.74290 0.18209 0.05959 0.01543 ( 1)
 283 P   0.80823 0.13735 0.04572 0.00870 ( 1)
 284 L   0.70439 0.20846 0.06687 0.02028 ( 1)
 285 L   0.82418 0.12713 0.04139 0.00729 ( 1)
 286 V   0.81284 0.13488 0.04403 0.00825 ( 1)
 287 A   0.81517 0.13386 0.04297 0.00800 ( 1)
 288 Y   0.76858 0.16553 0.05345 0.01244 ( 1)
 289 W   0.72785 0.19320 0.06182 0.01713 ( 1)
 290 E   0.75915 0.17162 0.05572 0.01351 ( 1)
 291 K   0.77911 0.15816 0.05135 0.01138 ( 1)
 292 T   0.83393 0.12028 0.03925 0.00654 ( 1)
 293 F   0.76362 0.16866 0.05471 0.01301 ( 1)
 294 K   0.77911 0.15816 0.05135 0.01138 ( 1)
 295 I   0.78104 0.15675 0.05101 0.01120 ( 1)
 296 D   0.74034 0.18430 0.05969 0.01568 ( 1)
 297 L   0.75881 0.17236 0.05536 0.01347 ( 1)
 298 F   0.76362 0.16866 0.05471 0.01301 ( 1)
 299 K   0.77911 0.15816 0.05135 0.01138 ( 1)
 300 P   0.75646 0.17357 0.05617 0.01380 ( 1)
 301 Q   0.75343 0.17612 0.05639 0.01406 ( 1)
 302 I   0.78104 0.15675 0.05101 0.01120 ( 1)
 303 G   0.83602 0.11897 0.03864 0.00637 ( 1)
 304 V   0.75765 0.17269 0.05599 0.01367 ( 1)
 305 V   0.75765 0.17269 0.05599 0.01367 ( 1)
 306 N   0.87041 0.09456 0.03096 0.00407 ( 1)
 307 V   0.81284 0.13488 0.04403 0.00825 ( 1)
 308 T   0.77404 0.16158 0.05247 0.01190 ( 1)
 309 D   0.73463 0.18827 0.06074 0.01635 ( 1)
 310 A   0.78504 0.15403 0.05013 0.01080 ( 1)
 311 D   0.74034 0.18430 0.05969 0.01568 ( 1)
 312 S   0.77430 0.16141 0.05241 0.01187 ( 1)
 313 V   0.81453 0.13374 0.04362 0.00810 ( 1)
 314 W   0.72785 0.19320 0.06182 0.01713 ( 1)
 315 M   0.84771 0.11039 0.03634 0.00556 ( 1)
 316 E   0.75458 0.17466 0.05673 0.01402 ( 1)
 317 I   0.78104 0.15675 0.05101 0.01120 ( 1)
 318 P   0.75874 0.17096 0.05665 0.01365 ( 1)
 319 D   0.00000 0.28870 0.56045 0.15085 ( 3)
 320 G   0.88482 0.08459 0.02735 0.00324 ( 1)
 321 D   0.73463 0.18827 0.06074 0.01635 ( 1)
 322 D   0.00000 0.92159 0.00000 0.07840 ( 2)
 323 L   0.70490 0.20841 0.06652 0.02017 ( 1)
 324 P   0.77620 0.16011 0.05202 0.01168 ( 1)
 325 T   0.77404 0.16158 0.05247 0.01190 ( 1)
 326 A   0.78504 0.15403 0.05013 0.01080 ( 1)
 327 E   0.75457 0.17467 0.05673 0.01403 ( 1)
 328 E   0.75457 0.17467 0.05673 0.01403 ( 1)
 329 L   0.70490 0.20841 0.06652 0.02017 ( 1)
 330 E   0.75915 0.17162 0.05572 0.01351 ( 1)
 331 D   0.74034 0.18430 0.05969 0.01568 ( 1)
 332 W   0.72785 0.19320 0.06182 0.01713 ( 1)
 333 I   0.00000 0.30735 0.56798 0.12467 ( 3)
 334 E   0.75457 0.17467 0.05673 0.01403 ( 1)
 335 D   0.73515 0.18804 0.06054 0.01627 ( 1)
 336 V   0.75765 0.17269 0.05599 0.01367 ( 1)
 337 L   0.82418 0.12713 0.04139 0.00729 ( 1)
 338 S   0.83412 0.12041 0.03897 0.00650 ( 1)
 339 G   0.83766 0.11781 0.03829 0.00625 ( 1)
 340 K   0.77911 0.15816 0.05135 0.01138 ( 1)
 341 I   0.89173 0.07920 0.02617 0.00291 ( 1)
 342 N   0.00000 0.31278 0.59087 0.09635 ( 3)
 343 T   0.83393 0.12028 0.03925 0.00654 ( 1)
 344 E   0.75499 0.17426 0.05676 0.01399 ( 1)
 345 D   0.73572 0.18720 0.06083 0.01626 ( 1)
 346 D   0.73406 0.18833 0.06115 0.01646 ( 1)
 347 D   0.73968 0.18440 0.06013 0.01580 ( 1)
 348 N   0.00000 0.95258 0.00000 0.04742 ( 2)
 349 E   0.75816 0.17195 0.05624 0.01365 ( 1)
 350 D   0.73403 0.18836 0.06115 0.01646 ( 1)
 351 E   0.75835 0.17176 0.05626 0.01364 ( 1)
 352 E   0.00000 0.70247 0.00000 0.29753 ( 2)
 353 D   0.73403 0.18836 0.06115 0.01646 ( 1)
 354 E   0.75835 0.17176 0.05626 0.01364 ( 1)
 355 E   0.75381 0.17480 0.05724 0.01415 ( 1)
 356 D   0.73351 0.18750 0.06226 0.01673 ( 1)
 357 D   0.74034 0.18430 0.05969 0.01568 ( 1)
 358 D   0.00000 0.32543 0.53406 0.14051 ( 3)
 359 D   0.74028 0.18436 0.05968 0.01568 ( 1)
 360 N   0.00000 0.27912 0.60453 0.11635 ( 3)
 361 -   0.00000 0.91490 0.00000 0.08510 ( 2)
 362 D   0.00000 0.30329 0.54777 0.14894 ( 3)
 363 D   0.73400 0.18702 0.06230 0.01668 ( 1)
 364 D   0.74034 0.18430 0.05969 0.01568 ( 1)
 365 N   0.00000 0.91218 0.00000 0.08782 ( 2)
 366 D   0.72239 0.18684 0.07189 0.01889 ( 1)
 367 N   0.82417 0.10264 0.06468 0.00851 ( 1)
 368 S   0.79469 0.12654 0.06755 0.01121 ( 1)
 369 D   0.72220 0.18702 0.07187 0.01890 ( 1)
 370 E   0.73198 0.17554 0.07443 0.01806 ( 1)
 371 E   0.00000 0.63295 0.00000 0.36705 ( 2)
 372 D   0.00000 0.69950 0.13970 0.16080 ( 2)
 373 D   0.00000 0.91810 0.00000 0.08190 ( 2)
 374 D   0.00000 0.33927 0.52061 0.14012 ( 3)
 375 D   0.74034 0.18430 0.05969 0.01568 ( 1)
 376 S   0.00000 0.06687 0.76705 0.16608 ( 3)
 377 D   0.00000 0.28134 0.56693 0.15172 ( 3)
 378 D   0.00000 0.32370 0.53558 0.14072 ( 3)
 379 D   0.00000 0.91762 0.00000 0.08237 ( 2)
 380 E   0.00000 0.92054 0.00000 0.07946 ( 2)
 381 D   0.73968 0.18440 0.06013 0.01580 ( 1)


lnL = -2368.151951

Bayes Empirical Bayes (BEB) probabilities for 4 classes (class)
(amino acids refer to 1st sequence: Bbon)

   1 M   0.82059 0.08935 0.08006 0.01000 ( 1)
   2 K   0.23490 0.65060 0.02859 0.08590 ( 2)
   3 R   0.32249 0.58519 0.02939 0.06294 ( 2)
   4 T   0.81287 0.09449 0.08184 0.01080 ( 1)
   5 H   0.33463 0.57318 0.03050 0.06169 ( 2)
   6 L   0.70416 0.16403 0.10669 0.02512 ( 1)
   7 F   0.73562 0.14377 0.10022 0.02038 ( 1)
   8 V   0.74672 0.13672 0.09773 0.01883 ( 1)
   9 M   0.22305 0.65690 0.02901 0.09104 ( 2)
  10 A   0.28312 0.61471 0.02953 0.07264 ( 2)
  11 V   0.79307 0.10711 0.08684 0.01298 ( 1)
  12 Y   0.75357 0.13245 0.09610 0.01789 ( 1)
  13 L   0.70416 0.16403 0.10669 0.02512 ( 1)
  14 L   0.70416 0.16403 0.10669 0.02512 ( 1)
  15 S   0.81881 0.09072 0.08030 0.01018 ( 1)
  16 S   0.81881 0.09072 0.08030 0.01018 ( 1)
  17 C   0.84235 0.07570 0.07407 0.00789 ( 1)
  18 R   0.84552 0.07372 0.07316 0.00760 ( 1)
  19 A   0.76929 0.12236 0.09250 0.01585 ( 1)
  20 E   0.07869 0.24595 0.56637 0.10898 ( 3)
  21 E   0.74422 0.13823 0.09838 0.01918 ( 1)
  22 G   0.81222 0.09499 0.08193 0.01087 ( 1)
  23 L   0.70707 0.16113 0.10713 0.02467 ( 1)
  24 N   0.30307 0.59875 0.02999 0.06820 ( 2)
  25 F   0.75156 0.13365 0.09663 0.01817 ( 1)
  26 P   0.76176 0.12714 0.09428 0.01681 ( 1)
  27 T   0.81287 0.09449 0.08184 0.01080 ( 1)
  28 Y   0.75565 0.13121 0.09553 0.01761 ( 1)
  29 D   0.73272 0.14557 0.10091 0.02081 ( 1)
  30 G   0.81473 0.09335 0.08131 0.01060 ( 1)
  31 K   0.24377 0.64181 0.02968 0.08475 ( 2)
  32 D   0.73361 0.14546 0.10025 0.02067 ( 1)
  33 R   0.76672 0.12466 0.09244 0.01618 ( 1)
  34 V   0.74875 0.13564 0.09706 0.01855 ( 1)
  35 V   0.79468 0.10685 0.08566 0.01281 ( 1)
  36 S   0.76148 0.12796 0.09370 0.01685 ( 1)
  37 L   0.74879 0.13630 0.09639 0.01852 ( 1)
  38 T   0.81448 0.09427 0.08060 0.01065 ( 1)
  39 E   0.74527 0.13809 0.09761 0.01903 ( 1)
  40 K   0.76543 0.12547 0.09276 0.01634 ( 1)
  41 N   0.81422 0.09439 0.08072 0.01067 ( 1)
  42 F   0.75270 0.13349 0.09579 0.01801 ( 1)
  43 K   0.76543 0.12547 0.09276 0.01634 ( 1)
  44 Q   0.74439 0.13918 0.09731 0.01912 ( 1)
  45 V   0.79327 0.10772 0.08604 0.01297 ( 1)
  46 L   0.19347 0.67988 0.02717 0.09948 ( 2)
  47 K   0.76543 0.12547 0.09276 0.01634 ( 1)
  48 K   0.76606 0.12504 0.09264 0.01626 ( 1)
  49 Y   0.08304 0.24568 0.56709 0.10419 ( 3)
  50 D   0.73361 0.14546 0.10025 0.02067 ( 1)
  51 L   0.72264 0.15314 0.10198 0.02224 ( 1)
  52 L   0.79908 0.10458 0.08402 0.01232 ( 1)
  53 C   0.84861 0.07332 0.07069 0.00737 ( 1)
  54 L   0.79928 0.10439 0.08404 0.01230 ( 1)
  55 Y   0.75383 0.13318 0.09513 0.01786 ( 1)
  56 Y   0.08203 0.24538 0.56750 0.10509 ( 3)
  57 H   0.79591 0.10659 0.08483 0.01267 ( 1)
  58 E   0.74446 0.13890 0.09750 0.01914 ( 1)
  59 P   0.76206 0.12793 0.09324 0.01678 ( 1)
  60 V   0.21554 0.66517 0.02776 0.09152 ( 2)
  61 S   0.81018 0.09754 0.08117 0.01111 ( 1)
  62 S   0.77971 0.11174 0.09407 0.01449 ( 1)
  63 D   0.72832 0.14914 0.10111 0.02143 ( 1)
  64 K   0.76506 0.12603 0.09252 0.01639 ( 1)
  65 A   0.03101 0.86249 0.00329 0.10322 ( 2)
  66 A   0.00320 0.71292 0.00983 0.27405 ( 2)
  67 Q   0.74360 0.13997 0.09720 0.01923 ( 1)
  68 K   0.76506 0.12603 0.09252 0.01639 ( 1)
  69 Q   0.02225 0.12907 0.70896 0.13973 ( 3)
  70 F   0.08622 0.25663 0.55371 0.10344 ( 3)
  71 Q   0.74308 0.14062 0.09702 0.01928 ( 1)
  72 M   0.02142 0.85161 0.00296 0.12400 ( 2)
  73 K   0.76506 0.12603 0.09252 0.01639 ( 1)
  74 E   0.74712 0.13765 0.09645 0.01877 ( 1)
  75 I   0.75257 0.13427 0.09513 0.01803 ( 1)
  76 V   0.75250 0.13191 0.09755 0.01804 ( 1)
  77 L   0.70383 0.16477 0.10624 0.02516 ( 1)
  78 E   0.74345 0.13990 0.09737 0.01928 ( 1)
  79 F   0.71948 0.14575 0.11201 0.02275 ( 1)
  80 D   0.06181 0.22016 0.59406 0.12397 ( 3)
  81 E   0.72851 0.13835 0.11178 0.02136 ( 1)
  82 E   0.72851 0.13835 0.11178 0.02136 ( 1)
  83 G   0.77538 0.10064 0.10939 0.01459 ( 1)
  84 S   0.73749 0.13103 0.11148 0.02000 ( 1)
  85 L   0.69638 0.16484 0.11234 0.02643 ( 1)
  86 Y   0.73397 0.13390 0.11160 0.02053 ( 1)
  87 V   0.24938 0.62171 0.03604 0.09287 ( 2)
  88 L   0.76646 0.10801 0.10970 0.01583 ( 1)
  89 K   0.74036 0.12870 0.11137 0.01957 ( 1)
  90 G   0.80823 0.07517 0.10626 0.01034 ( 1)
  91 D   0.71396 0.15030 0.11213 0.02362 ( 1)
  92 R   0.74129 0.12794 0.11133 0.01944 ( 1)
  93 T   0.73734 0.13116 0.11148 0.02002 ( 1)
  94 I   0.74158 0.12771 0.11132 0.01939 ( 1)
  95 E   0.72583 0.14055 0.11186 0.02177 ( 1)
  96 F   0.71948 0.14575 0.11201 0.02275 ( 1)
  97 D   0.71396 0.15030 0.11213 0.02362 ( 1)
  98 G   0.77840 0.09825 0.10916 0.01418 ( 1)
  99 E   0.72583 0.14055 0.11186 0.02177 ( 1)
 100 F   0.71948 0.14575 0.11201 0.02275 ( 1)
 101 A   0.74744 0.12421 0.10979 0.01856 ( 1)
 102 A   0.74398 0.12577 0.11122 0.01904 ( 1)
 103 D   0.71396 0.15030 0.11213 0.02362 ( 1)
 104 V   0.76201 0.11126 0.11029 0.01644 ( 1)
 105 L   0.70915 0.15428 0.11220 0.02438 ( 1)
 106 V   0.72758 0.13911 0.11180 0.02150 ( 1)
 107 E   0.72583 0.14055 0.11186 0.02177 ( 1)
 108 F   0.71966 0.14558 0.11204 0.02272 ( 1)
 109 L   0.76638 0.10777 0.11002 0.01583 ( 1)
 110 L   0.70915 0.15428 0.11220 0.02438 ( 1)
 111 D   0.71618 0.14868 0.11187 0.02327 ( 1)
