Supplemental results for CODEML (seqf: /home/leticiamagpali/phd/evol_models/codeml/big_dataset/cml_align/OTOF_codon_aligned.phy  treef: /home/leticiamagpali/phd/evol_models/codeml/big_dataset/cml_trees/gene_trees/H1c_gene_trees/OTOF_tree_H1c.tre)

I	J	ij	2Ns_IJ	pMut_IJ	pSub_IJ	2Ns_JI	pMut_JI	pSub_JI

TTC	TTT	CT	-0.55057	0.07664	0.05747	0.55057	0.04419	0.05747
TTA	TTT	AT	6.58745	0.00001	0.00008	-6.58745	0.00887	0.00008
TTA	TTC	AC	7.13802	0.00002	0.00017	-7.13802	0.02991	0.00017
TTG	TTT	GT	1.29984	0.00257	0.00460	-1.29984	0.00944	0.00460
TTG	TTC	GC	1.85041	0.00500	0.01098	-1.85041	0.03182	0.01098
TTG	TTA	GA	-5.28761	0.01794	0.00048	5.28761	0.00009	0.00048
TCT	TTT	CT	1.51526	0.00971	0.01886	-1.51526	0.04419	0.01886
TCC	TTC	CT	0.77537	0.06863	0.09864	-0.77537	0.14902	0.09864
TCC	TCT	CT	-1.29046	0.06863	0.03362	1.29046	0.01888	0.03362
TCA	TTA	CT	-4.95728	0.01428	0.00050	4.95728	0.00010	0.00050
TCA	TCT	AT	0.11490	0.00338	0.00358	-0.11490	0.00379	0.00358
TCA	TCC	AC	1.40536	0.00657	0.01223	-1.40536	0.02679	0.01223
TCG	TTG	CT	0.78867	0.00961	0.01389	-0.78867	0.02114	0.01389
TCG	TCT	GT	0.57324	0.00227	0.00299	-0.57324	0.00403	0.00299
TCG	TCC	GC	1.86370	0.00442	0.00975	-1.86370	0.02850	0.00975
TCG	TCA	GA	0.45834	0.01585	0.01976	-0.45834	0.02507	0.01976
TAT	TTT	AT	1.09439	0.00297	0.00489	-1.09439	0.00887	0.00489
TAT	TCT	AC	-0.42088	0.00577	0.00464	0.42088	0.00379	0.00464
TAC	TTC	AT	0.60093	0.01640	0.02182	-0.60093	0.02991	0.02182
TAC	TCC	AC	-0.17444	0.03189	0.02919	0.17444	0.02679	0.02919
TAC	TAT	CT	-1.04403	0.06933	0.03932	1.04403	0.02441	0.03932
TGT	TTT	GT	1.96263	0.00133	0.00303	-1.96263	0.00944	0.00303
TGT	TCT	GC	0.44736	0.00258	0.00320	-0.44736	0.00403	0.00320
TGT	TAT	GA	0.86824	0.00925	0.01383	-0.86824	0.02203	0.01383
TGC	TTC	GT	1.65359	0.00609	0.01245	-1.65359	0.03182	0.01245
TGC	TCC	GC	0.87822	0.01184	0.01779	-0.87822	0.02850	0.01779
TGC	TAC	GA	1.05266	0.04247	0.06868	-1.05266	0.12169	0.06868
TGC	TGT	CT	-0.85960	0.02574	0.01624	0.85960	0.01090	0.01624
TGG	TTG	GT	-0.71662	0.00925	0.00632	0.71662	0.00452	0.00632
TGG	TCG	GC	-1.50528	0.01798	0.00772	1.50528	0.00399	0.00772
TGG	TGT	GT	-1.37941	0.00925	0.00429	1.37941	0.00233	0.00429
TGG	TGC	GC	-0.51980	0.01798	0.01371	0.51980	0.01069	0.01371
CTT	TTT	CT	2.11216	0.00535	0.01285	-2.11216	0.04419	0.01285
CTC	TTC	CT	0.94291	0.05804	0.08964	-0.94291	0.14902	0.08964
CTC	CTT	CT	-1.71982	0.05804	0.02178	1.71982	0.01039	0.02178
CTA	TTA	CT	-3.95510	0.00524	0.00040	3.95510	0.00010	0.00040
CTA	CTT	AT	0.52019	0.00124	0.00159	-0.52019	0.00209	0.00159
CTA	CTC	AC	2.24000	0.00241	0.00605	-2.24000	0.02265	0.00605
CTG	TTG	CT	-1.98691	0.15420	0.04869	1.98691	0.02114	0.04869
CTG	CTT	GT	-2.79924	0.03648	0.00662	2.79924	0.00222	0.00662
CTG	CTC	GC	-1.07942	0.07093	0.03940	1.07942	0.02410	0.03940
CTG	CTA	GA	-3.31942	0.25440	0.03169	3.31942	0.00920	0.03169
CCT	TCT	CT	-0.35627	0.02696	0.02245	0.35627	0.01888	0.02245
CCT	CTT	CT	-0.95317	0.02696	0.01612	0.95317	0.01039	0.01612
CCC	TCC	CT	0.46381	0.08391	0.10487	-0.46381	0.13343	0.10487
CCC	CTC	CT	0.29627	0.08391	0.09696	-0.29627	0.11285	0.09696
CCC	CCT	CT	-0.47038	0.08391	0.06572	0.47038	0.05243	0.06572
CCA	TCA	CT	0.37231	0.01914	0.02292	-0.37231	0.02777	0.02292
CCA	CTA	CT	-0.62987	0.01914	0.01374	0.62987	0.01019	0.01374
CCA	CCT	AT	0.84349	0.00453	0.00670	-0.84349	0.01052	0.00670
CCA	CCC	AC	1.31387	0.00880	0.01582	-1.31387	0.03275	0.01582
CCG	TCG	CT	-0.06124	0.01986	0.01926	0.06124	0.01868	0.01926
CCG	CTG	CT	2.71434	0.01986	0.05774	-2.71434	0.29981	0.05774
CCG	CCT	GT	0.86827	0.00470	0.00703	-0.86827	0.01120	0.00703
CCG	CCC	GC	1.33865	0.00914	0.01658	-1.33865	0.03485	0.01658
CCG	CCA	GA	0.02478	0.03277	0.03318	-0.02478	0.03359	0.03318
CAT	TAT	CT	2.04714	0.00315	0.00741	-2.04714	0.02441	0.00741
CAT	CTT	AT	1.02937	0.00075	0.00119	-1.02937	0.00209	0.00119
CAT	CCT	AC	1.98254	0.00145	0.00333	-1.98254	0.01052	0.00333
CAC	TAC	CT	1.44688	0.03172	0.06002	-1.44688	0.13480	0.06002
CAC	CTC	AT	1.10490	0.00750	0.01240	-1.10490	0.02265	0.01240
CAC	CCC	AC	0.80863	0.01459	0.02128	-0.80863	0.03275	0.02128
CAC	CAT	CT	-1.64429	0.03172	0.01249	1.64429	0.00613	0.01249
CAA	CTA	AT	0.23793	0.00161	0.00181	-0.23793	0.00205	0.00181
CAA	CCA	AC	0.86780	0.00314	0.00469	-0.86780	0.00747	0.00469
CAA	CAT	AT	-0.27125	0.00161	0.00140	0.27125	0.00123	0.00140
CAA	CAC	AC	1.37304	0.00314	0.00577	-1.37304	0.01238	0.00577
CAG	CTG	AT	1.35644	0.01550	0.02832	-1.35644	0.06018	0.02832
CAG	CCG	AC	-1.35790	0.03014	0.01417	1.35790	0.00775	0.01417
CAG	CAT	GT	-2.47217	0.01550	0.00353	2.47217	0.00131	0.00353
CAG	CAC	GC	-0.82788	0.03014	0.01937	0.82788	0.01317	0.01937
CAG	CAA	GA	-2.20091	0.10811	0.02962	2.20091	0.01197	0.02962
CGT	TGT	CT	0.96968	0.00413	0.00645	-0.96968	0.01090	0.00645
CGT	CTT	GT	0.82015	0.00098	0.00143	-0.82015	0.00222	0.00143
CGT	CCT	GC	1.77331	0.00190	0.00406	-1.77331	0.01120	0.00406
CGT	CAT	GA	-0.20922	0.00682	0.00613	0.20922	0.00553	0.00613
CGC	TGC	CT	0.19910	0.04102	0.04523	-0.19910	0.05005	0.04523
CGC	CTC	GT	0.90979	0.00970	0.01478	-0.90979	0.02410	0.01478
CGC	CCC	GC	0.61352	0.01887	0.02524	-0.61352	0.03485	0.02524
CGC	CAC	GA	-0.19511	0.06767	0.06128	0.19511	0.05567	0.06128
CGC	CGT	CT	-1.63018	0.04102	0.01629	1.63018	0.00803	0.01629
CGA	CTA	GT	0.05870	0.00205	0.00211	-0.05870	0.00218	0.00211
CGA	CCA	GC	0.68856	0.00399	0.00552	-0.68856	0.00795	0.00552
CGA	CAA	GA	-0.17923	0.01432	0.01307	0.17923	0.01197	0.01307
CGA	CGT	AT	-0.24126	0.00205	0.00182	0.24126	0.00161	0.00182
CGA	CGC	AC	1.38892	0.00399	0.00739	-1.38892	0.01601	0.00739
CGG	TGG	CT	0.26148	0.05850	0.06648	-0.26148	0.07599	0.06648
CGG	CTG	GT	1.53177	0.01384	0.02705	-1.53177	0.06403	0.02705
CGG	CCG	GC	-1.18257	0.02691	0.01406	1.18257	0.00825	0.01406
CGG	CAG	GA	0.17534	0.09652	0.10523	-0.17534	0.11502	0.10523
CGG	CGT	GT	-2.08761	0.01384	0.00409	2.08761	0.00172	0.00409
CGG	CGC	GC	-0.45743	0.02691	0.02122	0.45743	0.01703	0.02122
CGG	CGA	GA	-1.84635	0.09652	0.03339	1.84635	0.01523	0.03339
ATT	TTT	AT	0.35860	0.00620	0.00738	-0.35860	0.00887	0.00738
ATT	CTT	AC	-1.75356	0.01205	0.00443	1.75356	0.00209	0.00443
ATC	TTC	AT	0.33455	0.02141	0.02519	-0.33455	0.02991	0.02519
ATC	CTC	AC	-0.60836	0.04162	0.03024	0.60836	0.02265	0.03024
ATC	ATT	CT	-0.57462	0.09049	0.06697	0.57462	0.05094	0.06697
ATA	TTA	AT	-4.06401	0.00117	0.00008	4.06401	0.00002	0.00008
ATA	CTA	AC	-0.10891	0.00228	0.00216	0.10891	0.00205	0.00216
ATA	ATT	AT	2.16484	0.00117	0.00287	-2.16484	0.01023	0.00287
ATA	ATC	AC	2.73945	0.00228	0.00668	-2.73945	0.03532	0.00668
ATG	TTG	AT	-1.34274	0.01625	0.00771	1.34274	0.00424	0.00771
ATG	CTG	AC	0.64418	0.03160	0.04287	-0.64418	0.06018	0.04287
ATG	ATT	GT	-0.40150	0.01625	0.01321	0.40150	0.01088	0.01321
ATG	ATC	GC	0.17312	0.03160	0.03442	-0.17312	0.03758	0.03442
ATG	ATA	GA	-2.56634	0.11335	0.02420	2.56634	0.00871	0.02420
ACT	TCT	AT	0.07945	0.00350	0.00364	-0.07945	0.00379	0.00364
ACT	CCT	AC	0.43572	0.00681	0.00840	-0.43572	0.01052	0.00840
ACT	ATT	CT	1.23611	0.01480	0.02578	-1.23611	0.05094	0.02578
ACC	TCC	AT	0.86872	0.01124	0.01681	-0.86872	0.02679	0.01681
ACC	CCC	AC	0.40491	0.02185	0.02657	-0.40491	0.03275	0.02657
ACC	ATC	CT	1.30954	0.04750	0.08520	-1.30954	0.17595	0.08520
ACC	ACT	CT	-0.50119	0.04750	0.03658	0.50119	0.02877	0.03658
ACA	TCA	AT	0.71803	0.00272	0.00381	-0.71803	0.00557	0.00381
ACA	CCA	AC	0.34571	0.00529	0.00625	-0.34571	0.00747	0.00625
ACA	ATA	CT	-0.17524	0.01149	0.01052	0.17524	0.00965	0.01052
ACA	ACT	AT	0.75349	0.00272	0.00387	-0.75349	0.00578	0.00387
ACA	ACC	AC	1.25467	0.00529	0.00928	-1.25467	0.01854	0.00928
ACG	TCG	AT	-0.74508	0.00790	0.00532	0.74508	0.00375	0.00532
ACG	CCG	AC	-0.68384	0.01536	0.01070	0.68384	0.00775	0.01070
ACG	ATG	CT	1.38632	0.03340	0.06173	-1.38632	0.13358	0.06173
ACG	ACT	GT	-0.25129	0.00790	0.00695	0.25129	0.00614	0.00695
ACG	ACC	GC	0.24990	0.01536	0.01736	-0.24990	0.01972	0.01736
ACG	ACA	GA	-1.00477	0.05510	0.03198	1.00477	0.02017	0.03198
AAT	TAT	AT	0.44626	0.00314	0.00389	-0.44626	0.00490	0.00389
AAT	CAT	AC	-1.60088	0.00610	0.00247	1.60088	0.00123	0.00247
AAT	ATT	AT	1.18205	0.00314	0.00535	-1.18205	0.01023	0.00535
AAT	ACT	AC	-0.05406	0.00610	0.00593	0.05406	0.00578	0.00593
AAC	TAC	AT	0.44772	0.01729	0.02145	-0.44772	0.02706	0.02145
AAC	CAC	AC	-0.99916	0.03362	0.01958	0.99916	0.01238	0.01958
AAC	ATC	AT	0.71409	0.01729	0.02420	-0.71409	0.03532	0.02420
AAC	ACC	AC	-0.59545	0.03362	0.02460	0.59545	0.01854	0.02460
AAC	AAT	CT	-1.04257	0.07310	0.04150	1.04257	0.02577	0.04150
AAA	CAA	AC	-1.28324	0.00960	0.00472	1.28324	0.00266	0.00472
AAA	ATA	AT	-0.93640	0.00494	0.00298	0.93640	0.00194	0.00298
AAA	ACA	AC	-0.76116	0.00960	0.00641	0.76116	0.00449	0.00641
AAA	AAT	AT	0.04639	0.00494	0.00505	-0.04639	0.00517	0.00505
AAA	AAC	AC	1.08896	0.00960	0.01576	-1.08896	0.02853	0.01576
AAG	CAG	AC	-0.94202	0.06561	0.03949	0.94202	0.02558	0.03949
AAG	ATG	AT	-0.22976	0.03374	0.03001	0.22976	0.02682	0.03001
AAG	ACG	AC	-1.61608	0.06561	0.02629	1.61608	0.01303	0.02629
AAG	AAT	GT	-1.81331	0.03374	0.01193	1.81331	0.00550	0.01193
AAG	AAC	GC	-0.77074	0.06561	0.04354	0.77074	0.03035	0.04354
AAG	AAA	GA	-1.85970	0.23531	0.08071	1.85970	0.03664	0.08071
AGT	TGT	AT	0.09990	0.00198	0.00208	-0.09990	0.00219	0.00208
AGT	CGT	AC	-0.86978	0.00385	0.00241	0.86978	0.00161	0.00241
AGT	ATT	GT	1.70392	0.00198	0.00412	-1.70392	0.01088	0.00412
AGT	ACT	GC	0.46781	0.00385	0.00482	-0.46781	0.00614	0.00482
AGT	AAT	GA	0.52187	0.01381	0.01772	-0.52187	0.02326	0.01772
AGC	TGC	AT	0.14046	0.00873	0.00936	-0.14046	0.01005	0.00936
AGC	CGC	AC	-0.05864	0.01698	0.01648	0.05864	0.01601	0.01648
AGC	ATC	GT	1.45950	0.00873	0.01660	-1.45950	0.03758	0.01660
AGC	ACC	GC	0.14996	0.01698	0.01828	-0.14996	0.01972	0.01828
AGC	AAC	GA	0.74541	0.06089	0.08637	-0.74541	0.12831	0.08637
AGC	AGT	CT	-0.81904	0.03690	0.02383	0.81904	0.01627	0.02383
AGA	CGA	AC	3.45567	0.00011	0.00038	-3.45567	0.00339	0.00038
AGA	ATA	GT	3.62328	0.00005	0.00020	-3.62328	0.00206	0.00020
AGA	ACA	GC	3.79852	0.00011	0.00042	-3.79852	0.00477	0.00042
AGA	AAA	GA	4.55968	0.00038	0.00177	-4.55968	0.03664	0.00177
AGA	AGT	AT	4.08419	0.00005	0.00023	-4.08419	0.00327	0.00023
AGA	AGC	AC	4.90323	0.00011	0.00053	-4.90323	0.01440	0.00053
AGG	TGG	AT	3.13125	0.00067	0.00218	-3.13125	0.01525	0.00218
AGG	CGG	AC	2.86977	0.00129	0.00394	-2.86977	0.02283	0.00394
AGG	ATG	GT	3.75737	0.00067	0.00256	-3.75737	0.02853	0.00256
AGG	ACG	GC	2.37105	0.00129	0.00339	-2.37105	0.01387	0.00339
AGG	AAG	GA	3.98713	0.00464	0.01887	-3.98713	0.25034	0.01887
AGG	AGT	GT	1.65194	0.00067	0.00136	-1.65194	0.00347	0.00136
AGG	AGC	GC	2.47098	0.00129	0.00350	-2.47098	0.01532	0.00350
AGG	AGA	GA	-2.43225	0.00464	0.00109	2.43225	0.00041	0.00109
GTT	TTT	GT	4.08447	0.00016	0.00066	-4.08447	0.00944	0.00066
GTT	CTT	GC	1.97231	0.00031	0.00071	-1.97231	0.00222	0.00071
GTT	ATT	GA	3.72587	0.00111	0.00423	-3.72587	0.04598	0.00423
GTC	TTC	GT	0.81990	0.01402	0.02054	-0.81990	0.03182	0.02054
GTC	CTC	GC	-0.12302	0.02726	0.02561	0.12302	0.02410	0.02561
GTC	ATC	GA	0.48534	0.09776	0.12339	-0.48534	0.15883	0.12339
GTC	GTT	CT	-3.81514	0.05925	0.00509	3.81514	0.00131	0.00509
GTA	TTA	GT	-4.91382	0.00292	0.00011	4.91382	0.00002	0.00011
GTA	CTA	GC	-0.95872	0.00568	0.00338	0.95872	0.00218	0.00338
GTA	ATA	GA	-0.84981	0.02037	0.01292	0.84981	0.00871	0.01292
GTA	GTT	AT	-2.41084	0.00292	0.00069	2.41084	0.00026	0.00069
GTA	GTC	AC	1.40430	0.00568	0.01057	-1.40430	0.02313	0.01057
GTG	TTG	GT	-1.80478	0.02745	0.00975	1.80478	0.00452	0.00975
GTG	CTG	GC	0.18213	0.05337	0.05838	-0.18213	0.06403	0.05838
GTG	ATG	GA	-0.46204	0.19142	0.15059	0.46204	0.12059	0.15059
GTG	GTT	GT	-4.58941	0.02745	0.00129	4.58941	0.00028	0.00129
GTG	GTC	GC	-0.77427	0.05337	0.03535	0.77427	0.02460	0.03535
GTG	GTA	GA	-2.17857	0.19142	0.05323	2.17857	0.02167	0.05323
GCT	TCT	GT	0.22314	0.00323	0.00360	-0.22314	0.00403	0.00360
GCT	CCT	GC	0.57940	0.00627	0.00826	-0.57940	0.01120	0.00826
GCT	ACT	GA	0.14369	0.02250	0.02415	-0.14369	0.02597	0.02415
GCT	GTT	CT	-2.34607	0.01364	0.00339	2.34607	0.00131	0.00339
GCC	TCC	GT	0.43359	0.01847	0.02276	-0.43359	0.02850	0.02276
GCC	CCC	GC	-0.03022	0.03591	0.03537	0.03022	0.03485	0.03537
GCC	ACC	GA	-0.43513	0.12881	0.10281	0.43513	0.08337	0.10281
GCC	GTC	CT	0.38907	0.07808	0.09425	-0.38907	0.11521	0.09425
GCC	GCT	CT	-1.08000	0.07808	0.04336	1.08000	0.02651	0.04336
GCA	TCA	GT	0.92736	0.00235	0.00360	-0.92736	0.00593	0.00360
GCA	CCA	GC	0.55504	0.00456	0.00594	-0.55504	0.00795	0.00594
GCA	ACA	GA	0.20933	0.01636	0.01813	-0.20933	0.02017	0.01813
GCA	GTA	CT	0.88390	0.00992	0.01494	-0.88390	0.02400	0.01494
GCA	GCT	AT	0.81913	0.00235	0.00344	-0.81913	0.00532	0.00344
GCA	GCC	AC	1.89913	0.00456	0.01019	-1.89913	0.03047	0.01019
GCG	TCG	GT	0.05343	0.00378	0.00388	-0.05343	0.00399	0.00388
GCG	CCG	GC	0.11467	0.00735	0.00778	-0.11467	0.00825	0.00778
GCG	ACG	GA	0.79851	0.02638	0.03830	-0.79851	0.05862	0.03830
GCG	GTG	CT	2.64688	0.01599	0.04555	-2.64688	0.22559	0.04555
GCG	GCT	GT	0.40354	0.00378	0.00460	-0.40354	0.00566	0.00460
GCG	GCC	GC	1.48354	0.00735	0.01411	-1.48354	0.03242	0.01411
GCG	GCA	GA	-0.41559	0.02638	0.02127	0.41559	0.01741	0.02127
GAT	TAT	GT	-0.40192	0.00779	0.00633	0.40192	0.00521	0.00633
GAT	CAT	GC	-2.44906	0.01515	0.00351	2.44906	0.00131	0.00351
GAT	AAT	GA	-0.84818	0.05433	0.03451	0.84818	0.02326	0.03451
GAT	GTT	AT	-3.39200	0.00779	0.00092	3.39200	0.00026	0.00092
GAT	GCT	AC	-1.04593	0.01515	0.00858	1.04593	0.00532	0.00858
GAC	TAC	GT	-0.26315	0.03745	0.03274	0.26315	0.02879	0.03274
GAC	CAC	GC	-1.71002	0.07283	0.02750	1.71002	0.01317	0.02750
GAC	AAC	GA	-0.71086	0.26120	0.17927	0.71086	0.12831	0.17927
GAC	GTC	AT	-0.48211	0.03745	0.02915	0.48211	0.02313	0.02915
GAC	GCC	AC	-0.87118	0.07283	0.04565	0.87118	0.03047	0.04565
GAC	GAT	CT	-0.90526	0.15832	0.09733	0.90526	0.06403	0.09733
GAA	CAA	GC	-1.84696	0.01795	0.00621	1.84696	0.00283	0.00621
GAA	AAA	GA	-0.56372	0.06439	0.04794	0.56372	0.03664	0.04794
GAA	GTA	AT	-0.65031	0.00923	0.00655	0.65031	0.00482	0.00655
GAA	GCA	AC	-1.53421	0.01795	0.00757	1.53421	0.00387	0.00757
GAA	GAT	AT	0.33085	0.00923	0.01084	-0.33085	0.01285	0.01084
GAA	GAC	AC	1.23611	0.01795	0.03128	-1.23611	0.06179	0.03128
GAG	CAG	GC	-1.01290	0.07492	0.04328	1.01290	0.02721	0.04328
GAG	AAG	GA	-0.07088	0.26873	0.25932	0.07088	0.25034	0.25932
GAG	GTG	AT	0.16140	0.03853	0.04173	-0.16140	0.04528	0.04173
GAG	GCG	AC	-2.48547	0.07492	0.01692	2.48547	0.00624	0.01692
GAG	GAT	GT	-1.03601	0.03853	0.02196	1.03601	0.01367	0.02196
GAG	GAC	GC	-0.13075	0.07492	0.07013	0.13075	0.06574	0.07013
GAG	GAA	GA	-1.36686	0.26873	0.12566	1.36686	0.06850	0.12566
GGT	TGT	GT	0.46608	0.00146	0.00183	-0.46608	0.00233	0.00183
GGT	CGT	GC	-0.50360	0.00284	0.00218	0.50360	0.00172	0.00218
GGT	AGT	GA	0.36618	0.01018	0.01216	-0.36618	0.01469	0.01216
GGT	GTT	GT	-1.65577	0.00146	0.00057	1.65577	0.00028	0.00057
GGT	GCT	GC	0.69031	0.00284	0.00393	-0.69031	0.00566	0.00393
GGT	GAT	GA	1.73623	0.01018	0.02146	-1.73623	0.05780	0.02146
GGC	TGC	GT	-0.71868	0.02193	0.01499	0.71868	0.01069	0.01499
GGC	CGC	GC	-0.91778	0.04264	0.02603	0.91778	0.01703	0.02603
GGC	AGC	GA	-0.85914	0.15295	0.09654	0.85914	0.06478	0.09654
GGC	GTC	GT	0.11502	0.02193	0.02322	-0.11502	0.02460	0.02322
GGC	GCC	GC	-0.27405	0.04264	0.03707	0.27405	0.03242	0.03707
GGC	GAC	GA	0.59713	0.15295	0.20313	-0.59713	0.27789	0.20313
GGC	GGT	CT	-2.04436	0.09270	0.02818	2.04436	0.01200	0.02818
GGA	CGA	GC	-0.32546	0.00499	0.00422	0.32546	0.00360	0.00422
GGA	AGA	GA	-3.78113	0.01790	0.00158	3.78113	0.00041	0.00158
GGA	GTA	GT	0.69196	0.00257	0.00356	-0.69196	0.00513	0.00356
GGA	GCA	GC	-0.19194	0.00499	0.00453	0.19194	0.00412	0.00453
GGA	GAA	GA	1.34227	0.01790	0.03252	-1.34227	0.06850	0.03252
GGA	GGT	AT	-0.06312	0.00257	0.00249	0.06312	0.00241	0.00249
GGA	GGC	AC	1.98124	0.00499	0.01147	-1.98124	0.03618	0.01147
GGG	TGG	GT	0.38618	0.01103	0.01330	-0.38618	0.01623	0.01330
GGG	CGG	GC	0.12470	0.02144	0.02281	-0.12470	0.02429	0.02281
GGG	AGG	GA	-2.74507	0.07692	0.01450	2.74507	0.00494	0.01450
GGG	GTG	GT	1.47434	0.01103	0.02109	-1.47434	0.04818	0.02109
GGG	GCG	GC	-1.17254	0.02144	0.01127	1.17254	0.00664	0.01127
GGG	GAG	GA	1.31293	0.07692	0.13815	-1.31293	0.28590	0.13815
GGG	GGT	GT	-1.45931	0.01103	0.00487	1.45931	0.00256	0.00487
GGG	GGC	GC	0.58506	0.02144	0.02833	-0.58506	0.03850	0.02833
GGG	GGA	GA	-1.39619	0.07692	0.03533	1.39619	0.01904	0.03533


Histograms
2Ns	FMut	FSub(CodonUsage)	FSubw(after w)

-6.79811	0.00241	0.00002
-6.11830	0.00000	0.00000
-5.43849	0.00112	0.00004
-4.75868	0.00595	0.00033
-4.07887	0.02364	0.00236
-3.39906	0.02046	0.00312
-2.71925	0.05841	0.01486
-2.03943	0.09160	0.03742
-1.35962	0.16595	0.10157
-0.67981	0.26124	0.23304
0.00000	0.17021	0.21449
0.67981	0.13569	0.23304
1.35962	0.04492	0.10157
2.03943	0.01305	0.03742
2.71925	0.00411	0.01486
3.39906	0.00071	0.00312
4.07887	0.00046	0.00236
4.75868	0.00006	0.00033
5.43849	0.00001	0.00004
6.11830	0.00000	0.00000
6.79811	0.00000	0.00002

Proportion of advantageous (S > 0) mutations:
 0.27718

Proportions of good & bad mutations (|S| > 2.0000) among mutations:
0.00921  0.14529

mean |Ns| = 1.15570	mean Ns+ = 0.71364	mean Ns- = -1.32521


MLEs of dN/dS (w) for site classes (K=4)

site class             0        1       2a       2b
proportion       0.64247  0.14295  0.17552  0.03905
background w     0.03008  0.86836  0.03008  0.86836
foreground w     0.03008  0.86836  0.00000  0.00000

Naive Empirical Bayes (NEB) probabilities for 4 classes
(amino acids refer to 1st sequence: Bacu)

   1 L   0.68229 0.09909 0.18734 0.03128 ( 1)
   2 I   0.72682 0.05124 0.20128 0.02067 ( 1)
   3 G   0.73909 0.03834 0.20541 0.01716 ( 1)
   4 T   0.74875 0.02828 0.20888 0.01410 ( 1)
   5 F   0.72541 0.05273 0.20081 0.02105 ( 1)
   6 R   0.73759 0.03990 0.20490 0.01761 ( 1)
   7 M   0.74500 0.03217 0.20751 0.01532 ( 1)
   8 V   0.71227 0.06669 0.19660 0.02445 ( 1)
   9 L   0.68229 0.09909 0.18734 0.03128 ( 1)
  10 Q   0.72851 0.04945 0.20183 0.02020 ( 1)
  11 K   0.00981 0.71894 0.00271 0.26854 ( 2)
  12 V   0.71219 0.06679 0.19656 0.02446 ( 1)
  13 V   0.71219 0.06679 0.19656 0.02446 ( 1)
  14 E   0.72511 0.05305 0.20072 0.02113 ( 1)
  15 E   0.72511 0.05305 0.20072 0.02113 ( 1)
  16 G   0.00352 0.72485 0.00097 0.27066 ( 2)
  17 H   0.02716 0.61559 0.00761 0.34964 ( 2)
  18 V   0.71219 0.06679 0.19656 0.02446 ( 1)
  19 E   0.72512 0.05302 0.20073 0.02113 ( 1)
  20 V   0.71219 0.06679 0.19656 0.02446 ( 1)
  21 T   0.74765 0.02975 0.20831 0.01429 ( 1)
  22 D   0.72879 0.04923 0.20190 0.02007 ( 1)
  23 M   0.74487 0.03240 0.20742 0.01531 ( 1)
  24 L   0.68217 0.09926 0.18730 0.03128 ( 1)
  25 I   0.71137 0.06637 0.19669 0.02557 ( 1)
  26 D   0.72871 0.04931 0.20188 0.02010 ( 1)
  27 D   0.72879 0.04923 0.20190 0.02007 ( 1)
  28 N   0.03148 0.96852 0.00000 0.00000 ( 2)
  29 N   0.00139 0.99861 0.00000 0.00000 ( 2)
  30 A   0.05752 0.94248 0.00000 0.00000 ( 2)
  31 I   0.01698 0.98302 0.00000 0.00000 ( 2)
  32 I   0.01709 0.98291 0.00000 0.00000 ( 2)
  33 Q   0.00002 0.99998 0.00000 0.00000 ( 2)
  34 E   0.72937 0.04800 0.20232 0.02031 ( 1)
  35 P   0.75515 0.02101 0.21173 0.01211 ( 1)
  36 A   0.74984 0.02651 0.20962 0.01403 ( 1)
  37 V   0.72573 0.05199 0.20106 0.02122 ( 1)
  38 L   0.68550 0.09537 0.18837 0.03077 ( 1)
  39 E   0.72976 0.04772 0.20241 0.02012 ( 1)
  40 M   0.74912 0.02741 0.20927 0.01420 ( 1)
  41 E   0.01251 0.69344 0.00347 0.29058 ( 2)
  42 N   0.27445 0.45225 0.07621 0.19710 ( 2)
  43 L   0.00074 0.71785 0.00020 0.28121 ( 2)
  44 D   0.73358 0.04368 0.20370 0.01904 ( 1)
  45 R   0.74227 0.03460 0.20672 0.01641 ( 1)
  46 L   0.68704 0.09387 0.18879 0.03029 ( 1)
  47 A   0.73887 0.03812 0.20553 0.01748 ( 1)
  48 I   0.00856 0.72403 0.00236 0.26505 ( 2)
  49 R   0.73518 0.04199 0.20425 0.01857 ( 1)
  50 L   0.68550 0.09537 0.18837 0.03077 ( 1)
  51 G   0.00085 0.64331 0.00024 0.35561 ( 2)
  52 D   0.72464 0.05316 0.20070 0.02150 ( 1)
  53 G   0.74343 0.03339 0.20713 0.01605 ( 1)
  54 L   0.15489 0.60567 0.04257 0.19688 ( 2)
  55 D   0.23148 0.50157 0.06411 0.20284 ( 2)
  56 P   0.70709 0.07192 0.19505 0.02593 ( 1)
  57 D   0.73355 0.04372 0.20369 0.01904 ( 1)
  58 S   0.73806 0.03887 0.20529 0.01779 ( 1)
  59 M   0.19580 0.54249 0.05412 0.20759 ( 2)
  60 S   0.70594 0.07260 0.19484 0.02662 ( 1)
  61 L   0.73996 0.03708 0.20586 0.01709 ( 1)
  62 A   0.73229 0.04505 0.20326 0.01941 ( 1)
  63 S   0.73802 0.03904 0.20522 0.01772 ( 1)
  64 V   0.74908 0.02746 0.20925 0.01421 ( 1)
  65 T   0.73443 0.04280 0.20398 0.01878 ( 1)
  66 A   0.73229 0.04505 0.20326 0.01941 ( 1)
  67 L   0.74246 0.03436 0.20680 0.01638 ( 1)
  68 T   0.75263 0.02377 0.21062 0.01297 ( 1)
  69 T   0.75263 0.02377 0.21062 0.01297 ( 1)
  70 N   0.75190 0.02450 0.21035 0.01324 ( 1)
  71 V   0.34302 0.36976 0.09582 0.19140 ( 2)
  72 S   0.73770 0.03935 0.20512 0.01783 ( 1)
  73 N   0.75183 0.02461 0.21031 0.01326 ( 1)
  74 K   0.72008 0.05800 0.19921 0.02271 ( 1)
  75 R   0.71408 0.06433 0.19729 0.02429 ( 1)
  76 S   0.73423 0.04294 0.20394 0.01889 ( 1)
  77 K   0.71639 0.06186 0.19804 0.02371 ( 1)
  78 P   0.71765 0.06051 0.19845 0.02339 ( 1)
  79 D   0.72982 0.04756 0.20246 0.02016 ( 1)
  80 I   0.70652 0.07247 0.19489 0.02612 ( 1)
  81 K   0.71639 0.06186 0.19804 0.02371 ( 1)
  82 M   0.74570 0.03087 0.20804 0.01539 ( 1)
  83 E   0.72599 0.05162 0.20118 0.02121 ( 1)
  84 P   0.71765 0.06051 0.19845 0.02339 ( 1)
  85 S   0.32831 0.38674 0.09160 0.19335 ( 2)
  86 A   0.73518 0.04190 0.20429 0.01863 ( 1)
  87 G   0.73923 0.03753 0.20574 0.01750 ( 1)
  88 R   0.73098 0.04626 0.20288 0.01988 ( 1)
  89 P   0.72655 0.05095 0.20139 0.02111 ( 1)
  90 M   0.74526 0.03124 0.20791 0.01558 ( 1)
  91 D   0.01077 0.70694 0.00298 0.27931 ( 2)
  92 Y   0.22748 0.50707 0.06297 0.20248 ( 2)
  93 Q   0.25188 0.47683 0.06986 0.20142 ( 2)
  94 V   0.75027 0.02597 0.20983 0.01392 ( 1)
  95 S   0.75962 0.01627 0.21373 0.01038 ( 1)
  96 V   0.01522 0.66802 0.00424 0.31252 ( 2)
  97 T   0.74059 0.03608 0.20624 0.01709 ( 1)
  98 V   0.71813 0.05989 0.19864 0.02334 ( 1)
  99 I   0.73273 0.04439 0.20348 0.01940 ( 1)
 100 E   0.73119 0.04599 0.20297 0.01985 ( 1)
 101 A   0.73571 0.04126 0.20450 0.01853 ( 1)
 102 R   0.73658 0.04029 0.20482 0.01830 ( 1)
 103 Q   0.73456 0.04243 0.20412 0.01889 ( 1)
 104 L   0.68655 0.09410 0.18871 0.03064 ( 1)
 105 V   0.71820 0.05982 0.19866 0.02332 ( 1)
 106 G   0.74017 0.03652 0.20609 0.01721 ( 1)
 107 L   0.74640 0.03002 0.20835 0.01524 ( 1)
 108 N   0.75299 0.02316 0.21090 0.01295 ( 1)
 109 M   0.23985 0.49922 0.06634 0.19458 ( 2)
 110 D   0.73499 0.04197 0.20428 0.01876 ( 1)
 111 P   0.73220 0.04492 0.20331 0.01957 ( 1)
 112 V   0.71813 0.05989 0.19864 0.02334 ( 1)
 113 V   0.72413 0.05210 0.20107 0.02270 ( 1)
 114 C   0.76143 0.01442 0.21456 0.00960 ( 1)
 115 V   0.71813 0.05989 0.19864 0.02334 ( 1)
 116 E   0.73119 0.04599 0.20297 0.01985 ( 1)
 117 V   0.71813 0.05989 0.19864 0.02334 ( 1)
 118 G   0.74017 0.03652 0.20609 0.01721 ( 1)
 119 D   0.73463 0.04229 0.20417 0.01891 ( 1)
 120 D   0.73499 0.04197 0.20428 0.01876 ( 1)
 121 K   0.72152 0.05627 0.19974 0.02247 ( 1)
 122 K   0.72154 0.05624 0.19975 0.02247 ( 1)
 123 F   0.01206 0.69432 0.00334 0.29028 ( 2)
 124 T   0.75285 0.02310 0.21096 0.01309 ( 1)
 125 S   0.73908 0.03767 0.20570 0.01755 ( 1)
 126 M   0.75032 0.02593 0.20985 0.01390 ( 1)
 127 K   0.72152 0.05627 0.19974 0.02247 ( 1)
 128 E   0.73119 0.04599 0.20297 0.01985 ( 1)
 129 S   0.73908 0.03767 0.20570 0.01755 ( 1)
 130 T   0.74646 0.02994 0.20838 0.01521 ( 1)
 131 N   0.75295 0.02319 0.21089 0.01296 ( 1)
 132 C   0.76149 0.01433 0.21460 0.00958 ( 1)
 133 P   0.73220 0.04492 0.20331 0.01957 ( 1)
 134 Y   0.72742 0.04999 0.20170 0.02090 ( 1)
 135 Y   0.72742 0.04999 0.20170 0.02090 ( 1)
 136 N   0.75300 0.02315 0.21091 0.01294 ( 1)
 137 E   0.73103 0.04624 0.20289 0.01984 ( 1)
 138 Y   0.70653 0.07618 0.19383 0.02346 ( 1)
 139 F   0.70943 0.07326 0.19465 0.02266 ( 1)
 140 V   0.73048 0.05160 0.20089 0.01704 ( 1)
 141 F   0.20461 0.56388 0.05615 0.17536 ( 2)
 142 D   0.71383 0.06866 0.19596 0.02155 ( 1)
 143 F   0.71040 0.07219 0.19496 0.02245 ( 1)
 144 H   0.75835 0.02329 0.20954 0.00882 ( 1)
 145 V   0.72952 0.05251 0.20062 0.01734 ( 1)
 146 S   0.20543 0.56018 0.05642 0.17798 ( 2)
 147 P   0.68997 0.09331 0.18904 0.02768 ( 1)
 148 D   0.20239 0.56481 0.05555 0.17725 ( 2)
 149 V   0.73048 0.05160 0.20089 0.01704 ( 1)
 150 M   0.73052 0.05155 0.20090 0.01703 ( 1)
 151 F   0.71040 0.07219 0.19496 0.02245 ( 1)
 152 D   0.71383 0.06866 0.19596 0.02155 ( 1)
 153 K   0.70115 0.08174 0.19227 0.02485 ( 1)
 154 I   0.71175 0.07080 0.19535 0.02210 ( 1)
 155 I   0.71175 0.07080 0.19535 0.02210 ( 1)
 156 K   0.70115 0.08174 0.19227 0.02485 ( 1)
 157 I   0.71175 0.07080 0.19535 0.02210 ( 1)
 158 S   0.72924 0.05287 0.20051 0.01738 ( 1)
 159 V   0.70382 0.07682 0.19365 0.02571 ( 1)
 160 I   0.69796 0.08307 0.19186 0.02710 ( 1)
 161 H   0.75130 0.02724 0.20898 0.01248 ( 1)
 162 S   0.72425 0.05528 0.19998 0.02049 ( 1)
 163 K   0.19876 0.55737 0.05471 0.18916 ( 2)
 164 N   0.73973 0.03917 0.20499 0.01611 ( 1)
 165 L   0.67661 0.10590 0.18550 0.03198 ( 1)
 166 L   0.67661 0.10590 0.18550 0.03198 ( 1)
 167 R   0.72813 0.05157 0.20108 0.01922 ( 1)
 168 S   0.73583 0.04381 0.20346 0.01690 ( 1)
 169 G   0.72412 0.05605 0.19972 0.02012 ( 1)
 170 T   0.73940 0.04029 0.20454 0.01577 ( 1)
 171 L   0.67581 0.10706 0.18520 0.03193 ( 1)
 172 V   0.70263 0.07858 0.19315 0.02564 ( 1)
 173 G   0.72448 0.05570 0.19982 0.01999 ( 1)
 174 S   0.72297 0.05724 0.19936 0.02043 ( 1)
 175 F   0.71526 0.06530 0.19698 0.02246 ( 1)
 176 K   0.71952 0.06072 0.19833 0.02143 ( 1)
 177 M   0.73540 0.04434 0.20328 0.01698 ( 1)
 178 D   0.71876 0.06164 0.19806 0.02154 ( 1)
 179 V   0.70263 0.07858 0.19315 0.02564 ( 1)
 180 G   0.72909 0.05088 0.20127 0.01876 ( 1)
 181 T   0.73952 0.04008 0.20462 0.01578 ( 1)
 182 V   0.70263 0.07858 0.19315 0.02564 ( 1)
 183 Y   0.71130 0.06945 0.19577 0.02348 ( 1)
 184 S   0.72378 0.05629 0.19965 0.02028 ( 1)
 185 Q   0.71857 0.06186 0.19799 0.02158 ( 1)
 186 P   0.74339 0.03609 0.20589 0.01463 ( 1)
 187 E   0.70631 0.07607 0.19387 0.02375 ( 1)
 188 H   0.75630 0.02030 0.21191 0.01149 ( 1)
 189 Q   0.72633 0.05162 0.20116 0.02089 ( 1)
 190 F   0.72334 0.05473 0.20020 0.02172 ( 1)
 191 H   0.75636 0.02018 0.21198 0.01149 ( 1)
 192 H   0.75646 0.02009 0.21201 0.01144 ( 1)
 193 K   0.71351 0.06521 0.19703 0.02424 ( 1)
 194 W   0.71287 0.06601 0.19679 0.02432 ( 1)
 195 A   0.73344 0.04425 0.20349 0.01883 ( 1)
 196 I   0.72663 0.05152 0.20118 0.02066 ( 1)
 197 L   0.68170 0.09972 0.18717 0.03141 ( 1)
 198 S   0.30287 0.41893 0.08427 0.19393 ( 2)
 199 D   0.24557 0.48769 0.06803 0.19871 ( 2)
 200 P   0.72517 0.05279 0.20080 0.02124 ( 1)
 201 D   0.25443 0.47318 0.07060 0.20179 ( 2)
 202 D   0.72846 0.04928 0.20190 0.02036 ( 1)
 203 I   0.72633 0.05154 0.20119 0.02094 ( 1)
 204 S   0.36175 0.63825 0.00000 0.00000 ( 2)
 205 A   0.75936 0.01721 0.21316 0.01027 ( 1)
 206 G   0.74095 0.03641 0.20606 0.01659 ( 1)
 207 L   0.68336 0.09797 0.18765 0.03102 ( 1)
 208 K   0.01410 0.98590 0.00000 0.00000 ( 2)
 209 G   0.73681 0.04029 0.20481 0.01809 ( 1)
 210 Y   0.31559 0.68441 0.00000 0.00000 ( 2)
 211 V   0.18953 0.81047 0.00000 0.00000 ( 2)
 212 K   0.71821 0.05994 0.19862 0.02323 ( 1)
 213 C   0.75439 0.02276 0.21086 0.01199 ( 1)
 214 D   0.72948 0.04857 0.20211 0.01984 ( 1)
 215 V   0.00052 0.68388 0.00014 0.31545 ( 2)
 216 A   0.73574 0.04193 0.20423 0.01810 ( 1)
 217 V   0.71374 0.06522 0.19703 0.02401 ( 1)
 218 M   0.21459 0.53076 0.05924 0.19541 ( 2)
 219 G   0.73585 0.04182 0.20426 0.01806 ( 1)
 220 K   0.71708 0.06166 0.19809 0.02317 ( 1)
 221 G   0.74062 0.03690 0.20588 0.01661 ( 1)
 222 D   0.73060 0.04735 0.20249 0.01956 ( 1)
 223 N   0.74856 0.02844 0.20883 0.01418 ( 1)
 224 I   0.72846 0.04960 0.20178 0.02016 ( 1)
 225 K   0.71708 0.06166 0.19809 0.02317 ( 1)
 226 T   0.00049 0.68420 0.00014 0.31517 ( 2)
 227 P   0.72777 0.05034 0.20155 0.02035 ( 1)
 228 H   0.75927 0.01751 0.21298 0.01023 ( 1)
 229 K   0.71708 0.06166 0.19809 0.02317 ( 1)
 230 A   0.73597 0.04171 0.20430 0.01802 ( 1)
 231 N   0.74943 0.02762 0.20911 0.01383 ( 1)
 232 E   0.72675 0.05141 0.20122 0.02062 ( 1)
 233 T   0.73615 0.04148 0.20438 0.01799 ( 1)
 234 D   0.01181 0.70238 0.00327 0.28253 ( 2)
 235 E   0.72675 0.05141 0.20122 0.02062 ( 1)
 236 D   0.01140 0.70443 0.00315 0.28102 ( 2)
 237 D   0.73060 0.04735 0.20249 0.01956 ( 1)
 238 I   0.70713 0.07229 0.19495 0.02563 ( 1)
 239 E   0.72675 0.05141 0.20122 0.02062 ( 1)
 240 G   0.73581 0.04285 0.20385 0.01749 ( 1)
 241 N   0.74910 0.02845 0.20874 0.01372 ( 1)
 242 L   0.74258 0.03485 0.20656 0.01601 ( 1)
 243 L   0.68378 0.09753 0.18778 0.03091 ( 1)
 244 L   0.73985 0.03770 0.20561 0.01684 ( 1)
 245 P   0.72709 0.05131 0.20124 0.02036 ( 1)
 246 E   0.01546 0.95217 0.00038 0.03199 ( 2)
 247 G   0.74009 0.03749 0.20568 0.01675 ( 1)
 248 V   0.71392 0.06506 0.19708 0.02394 ( 1)
 249 P   0.72781 0.05041 0.20152 0.02026 ( 1)
 250 P   0.01336 0.68697 0.00371 0.29596 ( 2)
 251 E   0.72736 0.05080 0.20141 0.02043 ( 1)
 252 R   0.73940 0.03816 0.20546 0.01698 ( 1)
 253 Q   0.73035 0.04765 0.20239 0.01960 ( 1)
 254 W   0.71576 0.06311 0.19766 0.02348 ( 1)
 255 A   0.73616 0.04155 0.20435 0.01794 ( 1)
 256 R   0.73242 0.04548 0.20308 0.01902 ( 1)
 257 F   0.72724 0.05093 0.20137 0.02046 ( 1)
 258 Y   0.72259 0.05590 0.19983 0.02167 ( 1)
 259 V   0.71392 0.06506 0.19708 0.02394 ( 1)
 260 K   0.71727 0.06149 0.19814 0.02309 ( 1)
 261 I   0.20291 0.54720 0.05594 0.19394 ( 2)
 262 Y   0.72315 0.05526 0.20003 0.02156 ( 1)
 263 R   0.75010 0.01982 0.21332 0.01676 ( 1)
 264 A   0.74828 0.02893 0.20862 0.01417 ( 1)
 265 E   0.72694 0.05125 0.20127 0.02054 ( 1)
 266 G   0.73994 0.03776 0.20558 0.01672 ( 1)
 267 L   0.68348 0.09786 0.18768 0.03097 ( 1)
 268 P   0.72822 0.04993 0.20168 0.02017 ( 1)
 269 R   0.29180 0.43403 0.08108 0.19308 ( 2)
 270 M   0.74673 0.03053 0.20806 0.01468 ( 1)
 271 N   0.74956 0.02759 0.20910 0.01374 ( 1)
 272 T   0.73252 0.04532 0.20314 0.01902 ( 1)
 273 S   0.39954 0.31400 0.11188 0.17457 ( 1)
 274 L   0.73922 0.03838 0.20538 0.01702 ( 1)
 275 M   0.74673 0.03053 0.20806 0.01468 ( 1)
 276 A   0.73616 0.04155 0.20435 0.01794 ( 1)
 277 N   0.74956 0.02759 0.20910 0.01374 ( 1)
 278 M   0.74673 0.03053 0.20806 0.01468 ( 1)
 279 K   0.71727 0.06149 0.19814 0.02309 ( 1)
 280 K   0.71768 0.06112 0.19825 0.02295 ( 1)
 281 A   0.73123 0.04650 0.20277 0.01950 ( 1)
 282 F   0.72724 0.05093 0.20137 0.02046 ( 1)
 283 I   0.71417 0.06504 0.19708 0.02371 ( 1)
 284 G   0.75758 0.01931 0.21223 0.01087 ( 1)
 285 E   0.72694 0.05125 0.20127 0.02054 ( 1)
 286 N   0.34989 0.36884 0.09761 0.18366 ( 2)
 287 K   0.71727 0.06149 0.19814 0.02309 ( 1)
 288 D   0.73080 0.04718 0.20255 0.01948 ( 1)
 289 L   0.68348 0.09786 0.18768 0.03097 ( 1)
 290 V   0.03067 0.96933 0.00000 0.00000 ( 2)
 291 D   0.72981 0.04874 0.20203 0.01943 ( 1)
 292 P   0.72696 0.05173 0.20109 0.02021 ( 1)
 293 Y   0.72213 0.05682 0.19954 0.02151 ( 1)
 294 V   0.71292 0.06657 0.19663 0.02388 ( 1)
 295 Q   0.74681 0.03090 0.20786 0.01443 ( 1)
 296 V   0.74505 0.03272 0.20724 0.01499 ( 1)
 297 F   0.72450 0.05409 0.20038 0.02103 ( 1)
 298 F   0.70082 0.07964 0.19283 0.02671 ( 1)
 299 A   0.73232 0.04631 0.20277 0.01860 ( 1)
 300 G   0.73252 0.04613 0.20282 0.01852 ( 1)
 301 Q   0.72670 0.05223 0.20093 0.02014 ( 1)
 302 K   0.71367 0.06596 0.19680 0.02356 ( 1)
 303 G   0.73822 0.03860 0.20539 0.01780 ( 1)
 304 K   0.72100 0.05707 0.19949 0.02244 ( 1)
 305 T   0.74594 0.03091 0.20799 0.01517 ( 1)
 306 S   0.71038 0.06817 0.19615 0.02530 ( 1)
 307 V   0.71773 0.06050 0.19845 0.02332 ( 1)
 308 Q   0.73407 0.04321 0.20384 0.01887 ( 1)
 309 K   0.73574 0.04148 0.20442 0.01837 ( 1)
 310 S   0.75940 0.01681 0.21342 0.01036 ( 1)
 311 S   0.75940 0.01681 0.21342 0.01036 ( 1)
 312 Y   0.72521 0.05259 0.20087 0.02133 ( 1)
 313 E   0.73069 0.04678 0.20270 0.01983 ( 1)
 314 P   0.72671 0.05083 0.20143 0.02103 ( 1)
 315 L   0.68615 0.09468 0.18856 0.03061 ( 1)
 316 W   0.71947 0.05870 0.19899 0.02284 ( 1)
 317 N   0.75849 0.01778 0.21301 0.01072 ( 1)
 318 E   0.73069 0.04678 0.20270 0.01983 ( 1)
 319 Q   0.73419 0.04311 0.20388 0.01882 ( 1)
 320 V   0.72151 0.05638 0.19970 0.02240 ( 1)
 321 V   0.34744 0.36719 0.09702 0.18835 ( 2)
 322 F   0.70760 0.07142 0.19520 0.02578 ( 1)
 323 T   0.73526 0.04196 0.20426 0.01852 ( 1)
 324 D   0.73451 0.04275 0.20400 0.01874 ( 1)
 325 L   0.68615 0.09468 0.18856 0.03061 ( 1)
 326 F   0.73011 0.04738 0.20251 0.02001 ( 1)
 327 P   0.73110 0.04642 0.20281 0.01967 ( 1)
 328 P   0.75561 0.02127 0.21148 0.01165 ( 1)
 329 L   0.74336 0.03348 0.20710 0.01606 ( 1)
 330 C   0.76131 0.01483 0.21429 0.00957 ( 1)
 331 K   0.72100 0.05707 0.19949 0.02244 ( 1)
 332 R   0.74293 0.03392 0.20695 0.01620 ( 1)
 333 M   0.35011 0.36273 0.09783 0.18933 ( 2)
 334 K   0.72415 0.05292 0.20080 0.02212 ( 1)
 335 V   0.72643 0.05132 0.20127 0.02098 ( 1)
 336 Q   0.73407 0.04321 0.20384 0.01887 ( 1)
 337 I   0.73239 0.04498 0.20328 0.01935 ( 1)
 338 R   0.73601 0.04124 0.20449 0.01827 ( 1)
 339 D   0.73451 0.04275 0.20400 0.01874 ( 1)
 340 S   0.70460 0.07465 0.19426 0.02649 ( 1)
 341 D   0.73451 0.04275 0.20400 0.01874 ( 1)
 342 K   0.72100 0.05707 0.19949 0.02244 ( 1)
 343 V   0.74971 0.02685 0.20946 0.01398 ( 1)
 344 N   0.75263 0.02383 0.21059 0.01295 ( 1)
 345 D   0.73448 0.04278 0.20399 0.01875 ( 1)
 346 V   0.21772 0.52166 0.06019 0.20043 ( 2)
 347 A   0.40802 0.59198 0.00000 0.00000 ( 2)
 348 I   0.73226 0.04510 0.20324 0.01940 ( 1)
 349 G   0.73968 0.03734 0.20579 0.01719 ( 1)
 350 T   0.75340 0.02306 0.21088 0.01266 ( 1)
 351 H   0.76170 0.01446 0.21445 0.00939 ( 1)
 352 F   0.73095 0.04653 0.20278 0.01974 ( 1)
 353 I   0.71177 0.06706 0.19648 0.02468 ( 1)
 354 D   0.73447 0.04282 0.20398 0.01874 ( 1)
 355 L   0.20294 0.79657 0.00001 0.00048 ( 2)
 356 R   0.74324 0.03368 0.20702 0.01605 ( 1)
 357 K   0.72095 0.05713 0.19947 0.02244 ( 1)
 358 I   0.21935 0.52650 0.06055 0.19360 ( 2)
 359 S   0.73856 0.03851 0.20539 0.01753 ( 1)
 360 N   0.75263 0.02386 0.21058 0.01293 ( 1)
 361 D   0.26488 0.46094 0.07355 0.20064 ( 2)
 362 G   0.73871 0.03843 0.20541 0.01745 ( 1)
 363 D   0.73396 0.04342 0.20378 0.01884 ( 1)
 364 K   0.73595 0.04132 0.20446 0.01827 ( 1)
 365 G   0.73778 0.03977 0.20494 0.01751 ( 1)
 366 F   0.73017 0.04742 0.20249 0.01992 ( 1)
 367 L   0.68631 0.09442 0.18863 0.03064 ( 1)
 368 P   0.73088 0.04666 0.20273 0.01972 ( 1)
 369 T   0.73952 0.03759 0.20569 0.01719 ( 1)
 370 L   0.68567 0.09527 0.18840 0.03067 ( 1)
 371 G   0.73910 0.03805 0.20554 0.01731 ( 1)
 372 P   0.73106 0.04651 0.20278 0.01966 ( 1)
 373 A   0.01740 0.64728 0.00486 0.33046 ( 2)
 374 W   0.71882 0.05949 0.19875 0.02294 ( 1)
 375 V   0.71696 0.06147 0.19815 0.02341 ( 1)
 376 N   0.75212 0.02449 0.21032 0.01307 ( 1)
 377 M   0.74942 0.02729 0.20928 0.01401 ( 1)
 378 Y   0.72456 0.05338 0.20062 0.02144 ( 1)
 379 G   0.73910 0.03805 0.20554 0.01731 ( 1)
 380 S   0.73800 0.03921 0.20515 0.01765 ( 1)
 381 T   0.73584 0.04152 0.20439 0.01825 ( 1)
 382 R   0.74232 0.03469 0.20667 0.01632 ( 1)
 383 N   0.75212 0.02449 0.21032 0.01307 ( 1)
 384 Y   0.72625 0.05159 0.20118 0.02098 ( 1)
 385 T   0.73959 0.03753 0.20571 0.01716 ( 1)
 386 L   0.68567 0.09527 0.18840 0.03067 ( 1)
 387 L   0.68821 0.09227 0.18923 0.03030 ( 1)
 388 D   0.73361 0.04393 0.20361 0.01885 ( 1)
 389 E   0.73004 0.04758 0.20244 0.01994 ( 1)
 390 H   0.76135 0.01493 0.21421 0.00951 ( 1)
 391 Q   0.73343 0.04401 0.20358 0.01898 ( 1)
 392 D   0.36820 0.63180 0.00000 0.00000 ( 2)
 393 L   0.68567 0.09527 0.18840 0.03067 ( 1)
 394 N   0.75486 0.02197 0.21122 0.01195 ( 1)
 395 E   0.01281 0.69214 0.00355 0.29150 ( 2)
 396 G   0.73923 0.03784 0.20562 0.01732 ( 1)
 397 L   0.68578 0.09510 0.18844 0.03068 ( 1)
 398 G   0.74349 0.03365 0.20701 0.01585 ( 1)
 399 E   0.72971 0.04810 0.20227 0.01992 ( 1)
 400 G   0.73872 0.03861 0.20534 0.01733 ( 1)
 401 V   0.71620 0.06257 0.19782 0.02341 ( 1)
 402 S   0.75049 0.02667 0.20943 0.01341 ( 1)
 403 F   0.72960 0.04837 0.20217 0.01986 ( 1)
 404 R   0.74148 0.03588 0.20623 0.01640 ( 1)
 405 A   0.73832 0.03919 0.20513 0.01736 ( 1)
 406 R   0.74075 0.03711 0.20577 0.01637 ( 1)
 407 L   0.74120 0.03665 0.20593 0.01623 ( 1)
 408 M   0.74804 0.02954 0.20835 0.01406 ( 1)
 409 L   0.68434 0.09711 0.18790 0.03065 ( 1)
 410 G   0.73746 0.04054 0.20465 0.01735 ( 1)
 411 L   0.68434 0.09711 0.18790 0.03065 ( 1)
 412 A   0.76188 0.01607 0.21324 0.00881 ( 1)
 413 V   0.20292 0.54618 0.05596 0.19494 ( 2)
 414 E   0.72620 0.05269 0.20079 0.02031 ( 1)
 415 I   0.72793 0.05088 0.20135 0.01984 ( 1)
 416 L   0.68254 0.09920 0.18733 0.03093 ( 1)
 417 D   0.72954 0.04912 0.20190 0.01944 ( 1)
 418 T   0.29806 0.43126 0.08276 0.18792 ( 2)
 419 S   0.73376 0.04470 0.20328 0.01825 ( 1)
 420 N   0.46568 0.53431 0.00000 0.00000 ( 2)
 421 P   0.70325 0.07695 0.19361 0.02619 ( 1)
 422 E   0.72566 0.05319 0.20064 0.02050 ( 1)
 423 L   0.73859 0.03966 0.20490 0.01685 ( 1)
 424 T   0.74938 0.02847 0.20868 0.01347 ( 1)
 425 S   0.75596 0.02167 0.21116 0.01121 ( 1)
 426 S   0.73353 0.04492 0.20322 0.01834 ( 1)
 427 T   0.73453 0.04398 0.20351 0.01798 ( 1)
 428 E   0.01587 0.98413 0.00000 0.00000 ( 2)
 429 V   0.71073 0.06968 0.19571 0.02388 ( 1)
 430 Q   0.72716 0.05245 0.20082 0.01957 ( 1)
 431 V   0.71068 0.06976 0.19569 0.02387 ( 1)
 432 E   0.72406 0.05574 0.19983 0.02037 ( 1)
 433 Q   0.01519 0.70958 0.00420 0.27104 ( 2)
 434 A   0.73269 0.04671 0.20259 0.01801 ( 1)
 435 T   0.24407 0.50154 0.06741 0.18698 ( 2)
 436 P   0.72237 0.05734 0.19936 0.02094 ( 1)
 437 V   0.74151 0.03758 0.20548 0.01544 ( 1)
 438 S   0.72735 0.05247 0.20081 0.01937 ( 1)
 439 E   0.71893 0.06141 0.19813 0.02153 ( 1)
 440 S   0.75349 0.02273 0.21105 0.01273 ( 1)
 441 C   0.75616 0.02006 0.21209 0.01169 ( 1)
 442 V   0.71085 0.06781 0.19626 0.02507 ( 1)
 443 G   0.73753 0.03948 0.20508 0.01791 ( 1)
 444 K   0.72933 0.04817 0.20226 0.02024 ( 1)
 445 M   0.74346 0.03326 0.20719 0.01608 ( 1)
 446 E   0.72402 0.05376 0.20051 0.02170 ( 1)
 447 E   0.72402 0.05376 0.20051 0.02170 ( 1)
 448 F   0.72388 0.05391 0.20046 0.02174 ( 1)
 449 F   0.70124 0.07822 0.19322 0.02732 ( 1)
 450 L   0.73407 0.04313 0.20388 0.01893 ( 1)
 451 F   0.70124 0.07822 0.19322 0.02732 ( 1)
 452 G   0.73222 0.04507 0.20325 0.01945 ( 1)
 453 A   0.73277 0.04449 0.20344 0.01930 ( 1)
 454 L   0.73023 0.04707 0.20262 0.02008 ( 1)
 455 L   0.68136 0.09988 0.18711 0.03166 ( 1)
 456 E   0.72358 0.05423 0.20037 0.02182 ( 1)
 457 A   0.73277 0.04449 0.20344 0.01930 ( 1)
 458 S   0.69841 0.08128 0.19234 0.02797 ( 1)
 459 M   0.74346 0.03326 0.20719 0.01608 ( 1)
 460 I   0.72494 0.05286 0.20079 0.02141 ( 1)
 461 D   0.72726 0.05039 0.20157 0.02078 ( 1)
 462 R   0.72903 0.04845 0.20217 0.02035 ( 1)
 463 K   0.72942 0.04804 0.20230 0.02024 ( 1)
 464 N   0.75093 0.02521 0.21014 0.01373 ( 1)
 465 G   0.73222 0.04507 0.20325 0.01945 ( 1)
 466 D   0.72741 0.05017 0.20164 0.02079 ( 1)
 467 K   0.71405 0.06441 0.19727 0.02426 ( 1)
 468 P   0.72460 0.05315 0.20070 0.02155 ( 1)
 469 I   0.72528 0.05242 0.20093 0.02137 ( 1)
 470 T   0.32128 0.40093 0.08945 0.18834 ( 2)
 471 F   0.70124 0.07822 0.19322 0.02732 ( 1)
 472 E   0.72358 0.05423 0.20037 0.02182 ( 1)
 473 V   0.74342 0.03331 0.20717 0.01610 ( 1)
 474 T   0.74073 0.03615 0.20619 0.01693 ( 1)
 475 I   0.76873 0.00685 0.21854 0.00589 ( 1)
 476 G   0.73231 0.04519 0.20320 0.01929 ( 1)
 477 N   0.75273 0.02363 0.21069 0.01295 ( 1)
 478 Y   0.72537 0.05234 0.20095 0.02134 ( 1)
 479 G   0.74449 0.03221 0.20755 0.01575 ( 1)
 480 N   0.75296 0.02327 0.21085 0.01292 ( 1)
 481 E   0.73128 0.04607 0.20293 0.01971 ( 1)
 482 V   0.75171 0.02503 0.21010 0.01316 ( 1)
 483 D   0.72560 0.05210 0.20103 0.02128 ( 1)
 484 G   0.74091 0.03613 0.20619 0.01677 ( 1)
 485 L   0.68627 0.09451 0.18860 0.03062 ( 1)
 486 S   0.75378 0.02255 0.21110 0.01257 ( 1)
 487 R   0.72681 0.05138 0.20123 0.02059 ( 1)
 488 P   0.73186 0.04547 0.20312 0.01955 ( 1)
 489 Q   0.37471 0.62529 0.00000 0.00000 ( 2)
 490 R   0.73658 0.04029 0.20482 0.01830 ( 1)
 491 P   0.19588 0.54909 0.05406 0.20096 ( 2)
 492 R   0.26994 0.45753 0.07493 0.19760 ( 2)
 493 P   0.70845 0.07029 0.19553 0.02573 ( 1)
 494 R   0.27933 0.44220 0.07767 0.20080 ( 2)
 495 P   0.70845 0.07029 0.19553 0.02573 ( 1)
