Supplemental results for CODEML (seqf: /home/leticiamagpali/phd/evol_models/codeml/big_dataset/cml_align/MYL1_codon_aligned.phy  treef: /home/leticiamagpali/phd/evol_models/codeml/big_dataset/cml_trees/gene_trees/H1c_gene_trees/MYL1_tree_H1c.tre)

I	J	ij	2Ns_IJ	pMut_IJ	pSub_IJ	2Ns_JI	pMut_JI	pSub_JI

TTC	TTT	CT	0.62050	0.05624	0.07548	-0.62050	0.10460	0.07548
TTA	TTT	AT	2.25516	0.01646	0.04147	-2.25516	0.15697	0.04147
TTA	TTC	AC	1.63466	0.01285	0.02609	-1.63466	0.06588	0.02609
TTG	TTT	GT	2.52829	0.00414	0.01138	-2.52829	0.05191	0.01138
TTG	TTC	GC	1.90779	0.00323	0.00724	-1.90779	0.02178	0.00724
TTG	TTA	GA	0.27312	0.01407	0.01608	-0.27312	0.01849	0.01608
TCT	TTT	CT	0.88320	0.04325	0.06512	-0.88320	0.10460	0.06512
TCC	TTC	CT	-0.18655	0.05290	0.04812	0.18655	0.04390	0.04812
TCC	TCT	CT	-0.44924	0.05290	0.04190	0.44924	0.03376	0.04190
TCA	TTA	CT	4.76949	0.00019	0.00089	-4.76949	0.02188	0.00089
TCA	TCT	AT	6.14146	0.00011	0.00067	-6.14146	0.05066	0.00067
TCA	TCC	AC	6.59070	0.00009	0.00056	-6.59070	0.06196	0.00056
TCG	TTG	CT	7.66502	0.00000	0.00000	-7.66502	0.00551	0.00002
TCG	TCT	GT	9.31011	0.00000	0.00000	-9.31011	0.01675	0.00001
TCG	TCC	GC	9.75935	0.00000	0.00000	-9.75935	0.02049	0.00001
TCG	TCA	GA	3.16865	0.00000	0.00000	-3.16865	0.00012	0.00002
TAT	TTT	AT	2.22259	0.01700	0.04239	-2.22259	0.15697	0.04239
TAT	TCT	AC	1.33939	0.01327	0.02409	-1.33939	0.05066	0.02409
TAC	TTC	AT	5.01786	0.00044	0.00220	-5.01786	0.06588	0.00220
TAC	TCC	AC	5.20440	0.00034	0.00178	-5.20440	0.06196	0.00178
TAC	TAT	CT	3.41577	0.00074	0.00262	-3.41577	0.02260	0.00262
TGT	TTT	GT	10.44109	0.00000	0.00000	-10.44109	0.05191	0.00002
TGT	TCT	GC	9.55790	0.00000	0.00000	-9.55790	0.01675	0.00001
TGT	TAT	GA	8.21850	0.00000	0.00000	-8.21850	0.01910	0.00004
TGC	TTC	GT	4.19897	0.00033	0.00139	-4.19897	0.02178	0.00139
TGC	TCC	GC	4.38552	0.00026	0.00113	-4.38552	0.02049	0.00113
TGC	TAC	GA	-0.81889	0.00111	0.00072	0.81889	0.00049	0.00072
TGC	TGT	CT	-5.62162	0.00056	0.00001	5.62162	0.00000	0.00000
TGG	TTG	GT	2.52829	0.00022	0.00060	-2.52829	0.00273	0.00060
TGG	TCG	GC	-5.13673	0.00017	0.00001	5.13673	0.00000	0.00000
TGG	TGT	GT	-5.38452	0.00022	0.00001	5.38452	0.00000	0.00000
TGG	TGC	GC	0.23710	0.00017	0.00019	-0.23710	0.00022	0.00019
CTT	TTT	CT	0.80085	0.04696	0.06825	-0.80085	0.10460	0.06825
CTC	TTC	CT	0.37219	0.03026	0.03623	-0.37219	0.04390	0.03623
CTC	CTT	CT	0.19185	0.03026	0.03325	-0.19185	0.03665	0.03325
CTA	TTA	CT	-0.69010	0.04362	0.03029	0.69010	0.02188	0.03029
CTA	CTT	AT	0.76422	0.02562	0.03664	-0.76422	0.05500	0.03664
CTA	CTC	AC	0.57237	0.01999	0.02626	-0.57237	0.03544	0.02626
CTG	TTG	CT	-2.39095	0.06014	0.01449	2.39095	0.00551	0.01449
CTG	CTT	GT	-0.66350	0.03532	0.02489	0.66350	0.01819	0.02489
CTG	CTC	GC	-0.85535	0.02757	0.01744	0.85535	0.01172	0.01744
CTG	CTA	GA	-1.42773	0.11995	0.05404	1.42773	0.02877	0.05404
CCT	TCT	CT	-1.07339	0.09875	0.05505	1.07339	0.03376	0.05505
CCT	CTT	CT	-0.99104	0.09875	0.05777	0.99104	0.03665	0.05777
CCC	TCC	CT	-0.54854	0.07146	0.05365	0.54854	0.04129	0.05365
CCC	CTC	CT	-1.10728	0.07146	0.03905	1.10728	0.02362	0.03905
CCC	CCT	CT	0.07561	0.07146	0.07420	-0.07561	0.07708	0.07420
CCA	TCA	CT	-5.64142	0.04084	0.00082	5.64142	0.00014	0.00082
CCA	CTA	CT	-0.18183	0.04084	0.03724	0.18183	0.03405	0.03724
CCA	CCT	AT	1.57344	0.02398	0.04760	-1.57344	0.11566	0.04760
CCA	CCC	AC	1.49782	0.01872	0.03611	-1.49782	0.08370	0.03611
CCG	TCG	CT	-8.69740	0.01207	0.00002	8.69740	0.00000	0.00000
CCG	CTG	CT	1.35857	0.01207	0.02206	-1.35857	0.04694	0.02206
CCG	CCT	GT	1.68611	0.00709	0.01466	-1.68611	0.03825	0.01466
CCG	CCC	GC	1.61049	0.00553	0.01113	-1.61049	0.02768	0.01113
CCG	CCA	GA	0.11267	0.02406	0.02545	-0.11267	0.02693	0.02545
CAT	TAT	CT	0.21710	0.01819	0.02024	-0.21710	0.02260	0.02024
CAT	CTT	AT	1.63884	0.01068	0.02173	-1.63884	0.05500	0.02173
CAT	CCT	AC	2.62989	0.00834	0.02363	-2.62989	0.11566	0.02363
CAC	TAC	CT	-3.81732	0.02636	0.00226	3.81732	0.00058	0.00226
CAC	CTC	AT	0.82834	0.01548	0.02276	-0.82834	0.03544	0.02276
CAC	CCC	AC	1.93563	0.01208	0.02733	-1.93563	0.08370	0.02733
CAC	CAT	CT	-0.61865	0.02636	0.01904	0.61865	0.01420	0.01904
CAA	CTA	AT	0.96262	0.01951	0.03039	-0.96262	0.05109	0.03039
CAA	CCA	AC	1.14445	0.01523	0.02557	-1.14445	0.04783	0.02557
CAA	CAT	AT	0.08800	0.01951	0.02038	-0.08800	0.02131	0.02038
CAA	CAC	AC	0.70665	0.01523	0.02124	-0.70665	0.03087	0.02124
CAG	CTG	AT	0.77407	0.03248	0.04666	-0.77407	0.07044	0.04666
CAG	CCG	AC	-0.58450	0.02535	0.01866	0.58450	0.01413	0.01866
CAG	CAT	GT	-1.52828	0.03248	0.01375	1.52828	0.00705	0.01375
CAG	CAC	GC	-0.90963	0.02535	0.01555	0.90963	0.01021	0.01555
CAG	CAA	GA	-1.61628	0.11033	0.04420	1.61628	0.02191	0.04420
CGT	TGT	CT	-9.58560	0.02933	0.00002	9.58560	0.00000	0.00000
CGT	CTT	GT	0.05464	0.01722	0.01770	-0.05464	0.01819	0.01770
CGT	CCT	GC	1.04569	0.01344	0.02167	-1.04569	0.03825	0.02167
CGT	CAT	GA	-1.58420	0.05850	0.02391	1.58420	0.01200	0.02391
CGC	TGC	CT	5.12604	0.00000	0.00000	-5.12604	0.00043	0.00001
CGC	CTC	GT	8.95282	0.00000	0.00000	-8.95282	0.01172	0.00001
CGC	CCC	GC	10.06010	0.00000	0.00000	-10.06010	0.02768	0.00001
CGC	CAC	GA	8.12448	0.00000	0.00000	-8.12448	0.01738	0.00004
CGC	CGT	CT	9.09002	0.00000	0.00000	-9.09002	0.02289	0.00002
CGA	CTA	GT	3.25168	0.00065	0.00221	-3.25168	0.01690	0.00221
CGA	CCA	GC	3.43351	0.00051	0.00181	-3.43351	0.01582	0.00181
CGA	CAA	GA	2.28906	0.00222	0.00566	-2.28906	0.02191	0.00566
CGA	CGT	AT	3.96126	0.00065	0.00264	-3.96126	0.03435	0.00264
CGA	CGC	AC	-5.12877	0.00051	0.00002	5.12877	0.00000	0.00000
CGG	TGG	CT	-3.94909	0.01503	0.00117	3.94909	0.00029	0.00117
CGG	CTG	GT	0.97014	0.00883	0.01379	-0.97014	0.02329	0.01379
CGG	CCG	GC	-0.38842	0.00689	0.00564	0.38842	0.00467	0.00564
CGG	CAG	GA	0.19607	0.02999	0.03302	-0.19607	0.03648	0.03302
CGG	CGT	GT	0.25200	0.00883	0.00999	-0.25200	0.01136	0.00999
CGG	CGC	GC	-8.83803	0.00689	0.00001	8.83803	0.00000	0.00000
CGG	CGA	GA	-3.70926	0.02999	0.00279	3.70926	0.00073	0.00279
ATT	TTT	AT	1.58209	0.03226	0.06425	-1.58209	0.15697	0.06425
ATT	CTT	AC	0.78124	0.02518	0.03629	-0.78124	0.05500	0.03629
ATC	TTC	AT	1.37371	0.01668	0.03068	-1.37371	0.06588	0.03068
ATC	CTC	AC	1.00152	0.01302	0.02061	-1.00152	0.03544	0.02061
ATC	ATT	CT	0.41213	0.02840	0.03465	-0.41213	0.04288	0.03465
ATA	TTA	AT	5.01455	0.00022	0.00110	-5.01455	0.03283	0.00110
ATA	CTA	AC	5.70465	0.00017	0.00097	-5.70465	0.05109	0.00097
ATA	ATT	AT	5.68763	0.00022	0.00124	-5.68763	0.06435	0.00124
ATA	ATC	AC	5.27550	0.00017	0.00090	-5.27550	0.03326	0.00090
ATG	TTG	AT	-1.56915	0.03968	0.01637	1.56915	0.00826	0.01637
ATG	CTG	AC	0.82180	0.03097	0.04542	-0.82180	0.07044	0.04542
ATG	ATT	GT	-0.62295	0.03968	0.02859	0.62295	0.02128	0.02859
ATG	ATC	GC	-1.03508	0.03097	0.01766	1.03508	0.01100	0.01766
ATG	ATA	GA	-6.31058	0.13476	0.00155	6.31058	0.00024	0.00155
ACT	TCT	AT	4.06202	0.00087	0.00360	-4.06202	0.05066	0.00360
ACT	CCT	AC	5.13541	0.00068	0.00352	-5.13541	0.11566	0.00352
ACT	ATT	CT	3.36313	0.00148	0.00517	-3.36313	0.04288	0.00517
ACC	TCC	AT	0.59991	0.03401	0.04522	-0.59991	0.06196	0.04522
ACC	CCC	AC	1.14845	0.02654	0.04464	-1.14845	0.08370	0.04464
ACC	ATC	CT	-0.96035	0.05791	0.03449	0.96035	0.02217	0.03449
ACC	ACT	CT	-3.91135	0.05791	0.00463	3.91135	0.00116	0.00463
ACA	TCA	AT	-4.88553	0.02878	0.00107	4.88553	0.00022	0.00107
ACA	CCA	AC	0.75589	0.02246	0.03201	-0.75589	0.04783	0.03201
ACA	ATA	CT	-5.13059	0.04900	0.00150	5.13059	0.00029	0.00150
ACA	ACT	AT	-2.80609	0.02878	0.00519	2.80609	0.00174	0.00519
ACA	ACC	AC	1.10526	0.02246	0.03711	-1.10526	0.06783	0.03711
ACG	TCG	AT	-6.29285	0.00164	0.00002	6.29285	0.00000	0.00000
ACG	CCG	AC	2.40455	0.00128	0.00337	-2.40455	0.01413	0.00337
ACG	ATG	CT	2.94131	0.00278	0.00865	-2.94131	0.05274	0.00865
ACG	ACT	GT	-1.04476	0.00164	0.00093	1.04476	0.00058	0.00093
ACG	ACC	GC	2.86659	0.00128	0.00388	-2.86659	0.02243	0.00388
ACG	ACA	GA	1.76133	0.00555	0.01181	-1.76133	0.03232	0.01181
AAT	TAT	AT	-0.38877	0.05003	0.04094	0.38877	0.03392	0.04094
AAT	CAT	AC	-0.60587	0.03905	0.02841	0.60587	0.02131	0.02841
AAT	ATT	AT	0.25173	0.05003	0.05659	-0.25173	0.06435	0.05659
AAT	ACT	AC	-3.11140	0.03905	0.00566	3.11140	0.00174	0.00566
AAC	TAC	AT	-3.99863	0.04742	0.00354	3.99863	0.00087	0.00354
AAC	CAC	AC	-0.18131	0.03701	0.03376	0.18131	0.03087	0.03376
AAC	ATC	AT	-0.35449	0.04742	0.03951	0.35449	0.03326	0.03951
AAC	ACC	AC	0.60587	0.03701	0.04935	-0.60587	0.06783	0.04935
AAC	AAT	CT	-0.19409	0.08074	0.07316	0.19409	0.06650	0.07316
AAA	CAA	AC	0.32650	0.02808	0.03291	-0.32650	0.03892	0.03291
AAA	ATA	AT	-4.41553	0.03597	0.00194	4.41553	0.00043	0.00194
AAA	ACA	AC	0.71507	0.02808	0.03930	-0.71507	0.05740	0.03930
AAA	AAT	AT	1.02038	0.03597	0.05739	-1.02038	0.09979	0.05739
AAA	AAC	AC	1.21446	0.02808	0.04849	-1.21446	0.09457	0.04849
AAG	CAG	AC	-0.12743	0.07359	0.06900	0.12743	0.06479	0.06900
AAG	ATG	AT	-0.17516	0.09429	0.08627	0.17516	0.07914	0.08627
AAG	ACG	AC	-3.11647	0.07359	0.01063	3.11647	0.00326	0.01063
AAG	AAT	GT	-1.04983	0.09429	0.05330	1.04983	0.03300	0.05330
AAG	AAC	GC	-0.85574	0.07359	0.04654	0.85574	0.03127	0.04654
AAG	AAA	GA	-2.07021	0.32024	0.09572	2.07021	0.04040	0.09572
AGT	TGT	AT	-4.27795	0.00022	0.00001	4.27795	0.00000	0.00000
AGT	CGT	AC	5.30766	0.00017	0.00091	-5.30766	0.03435	0.00091
AGT	ATT	GT	4.58106	0.00022	0.00101	-4.58106	0.02128	0.00101
AGT	ACT	GC	1.21793	0.00017	0.00029	-1.21793	0.00058	0.00029
AGT	AAT	GA	4.32933	0.00074	0.00325	-4.32933	0.05620	0.00325
AGC	TGC	AT	-3.32296	0.01809	0.00225	3.32296	0.00065	0.00225
AGC	CGC	AC	-8.44900	0.01412	0.00003	8.44900	0.00000	0.00000
AGC	ATC	GT	-0.49770	0.01809	0.01396	0.49770	0.01100	0.01396
AGC	ACC	GC	0.46265	0.01412	0.01764	-0.46265	0.02243	0.01764
AGC	AAC	GA	-0.14321	0.06146	0.05716	0.14321	0.05326	0.05716
AGC	AGT	CT	-4.66663	0.03081	0.00137	4.66663	0.00029	0.00137
AGA	CGA	AC	-1.31308	0.00485	0.00234	1.31308	0.00130	0.00234
AGA	ATA	GT	-3.76605	0.00621	0.00055	3.76605	0.00014	0.00055
AGA	ACA	GC	1.36454	0.00485	0.00889	-1.36454	0.01898	0.00889
AGA	AAA	GA	0.64947	0.02110	0.02869	-0.64947	0.04040	0.02869
AGA	AGT	AT	-2.65948	0.00621	0.00124	2.65948	0.00043	0.00124
AGA	AGC	AC	2.00715	0.00485	0.01124	-2.00715	0.03609	0.01124
AGG	TGG	AT	-3.98707	0.02344	0.00177	3.98707	0.00043	0.00177
AGG	CGG	AC	-0.03798	0.01829	0.01795	0.03798	0.01761	0.01795
AGG	ATG	GT	0.11037	0.02344	0.02475	-0.11037	0.02617	0.02475
AGG	ACG	GC	-2.83095	0.01829	0.00324	2.83095	0.00108	0.00324
AGG	AAG	GA	0.28552	0.07960	0.09150	-0.28552	0.10590	0.09150
AGG	AGT	GT	-5.09364	0.02344	0.00074	5.09364	0.00014	0.00074
AGG	AGC	GC	-0.42701	0.01829	0.01466	0.42701	0.01193	0.01466
AGG	AGA	GA	-2.43416	0.07960	0.01862	2.43416	0.00698	0.01862
GTT	TTT	GT	0.35773	0.03630	0.04318	-0.35773	0.05191	0.04318
GTT	CTT	GC	-0.44311	0.02833	0.02252	0.44311	0.01819	0.02252
GTT	ATT	GA	-1.22435	0.12328	0.06284	1.22435	0.03624	0.06284
GTC	TTC	GT	-0.23185	0.02747	0.02441	0.23185	0.02178	0.02441
GTC	CTC	GC	-0.60404	0.02144	0.01561	0.60404	0.01172	0.01561
GTC	ATC	GA	-1.60556	0.09330	0.03763	1.60556	0.01873	0.03763
GTC	GTT	CT	0.03092	0.04678	0.04750	-0.03092	0.04824	0.04750
GTA	TTA	GT	0.42674	0.00709	0.00870	-0.42674	0.01086	0.00870
GTA	CTA	GC	1.11684	0.00553	0.00918	-1.11684	0.01690	0.00918
GTA	ATA	GA	-4.58781	0.02406	0.00113	4.58781	0.00024	0.00113
GTA	GTT	AT	2.32417	0.00709	0.01825	-2.32417	0.07240	0.01825
GTA	GTC	AC	2.29325	0.00553	0.01411	-2.29325	0.05479	0.01411
GTG	TTG	GT	-1.18528	0.00894	0.00466	1.18528	0.00273	0.00466
GTG	CTG	GC	1.20566	0.00698	0.01201	-1.20566	0.02329	0.01201
GTG	ATG	GA	0.38386	0.03036	0.03656	-0.38386	0.04456	0.03656
GTG	GTT	GT	0.98527	0.00894	0.01405	-0.98527	0.02394	0.01405
GTG	GTC	GC	0.95435	0.00698	0.01083	-0.95435	0.01812	0.01083
GTG	GTA	GA	-1.33890	0.03036	0.01444	1.33890	0.00796	0.01444
GCT	TCT	GT	-1.09634	0.05014	0.02758	1.09634	0.01675	0.02758
GCT	CCT	GC	-0.02294	0.03914	0.03869	0.02294	0.03825	0.03869
GCT	ACT	GA	-5.15836	0.17030	0.00508	5.15836	0.00098	0.00508
GCT	GTT	CT	-0.57087	0.08538	0.06332	0.57087	0.04824	0.06332
GCC	TCC	GT	-1.10578	0.06191	0.03387	1.10578	0.02049	0.03387
GCC	CCC	GC	-0.55724	0.04832	0.03610	0.55724	0.02768	0.03610
GCC	ACC	GA	-1.70569	0.21029	0.07962	1.70569	0.03820	0.07962
GCC	GTC	CT	-1.06048	0.10543	0.05923	1.06048	0.03651	0.05923
GCC	GCT	CT	-0.45868	0.10543	0.08309	0.45868	0.06664	0.08309
GCA	TCA	GT	-6.82138	0.06595	0.00049	6.82138	0.00007	0.00049
GCA	CCA	GC	-1.17996	0.05147	0.02694	1.17996	0.01582	0.02694
GCA	ACA	GA	-1.93585	0.22398	0.07312	1.93585	0.03232	0.07312
GCA	GTA	CT	-2.47863	0.11230	0.02548	2.47863	0.00942	0.02548
GCA	GCT	AT	0.41642	0.06595	0.08063	-0.41642	0.10001	0.08063
GCA	GCC	AC	0.87510	0.05147	0.07724	-0.87510	0.12349	0.07724
GCG	TCG	GT	-9.46205	0.01286	0.00001	9.46205	0.00000	0.00000
GCG	CCG	GC	-0.76466	0.01004	0.00669	0.76466	0.00467	0.00669
GCG	ACG	GA	-3.16920	0.04369	0.00608	3.16920	0.00184	0.00608
GCG	GTG	CT	-0.61175	0.02190	0.01588	0.61175	0.01188	0.01588
GCG	GCT	GT	0.94439	0.01286	0.01988	-0.94439	0.03307	0.01988
GCG	GCC	GC	1.40308	0.01004	0.01868	-1.40308	0.04084	0.01868
GCG	GCA	GA	0.52797	0.04369	0.05623	-0.52797	0.07407	0.05623
GAT	TAT	GT	-0.80437	0.02507	0.01632	0.80437	0.01122	0.01632
GAT	CAT	GC	-1.02147	0.01957	0.01125	1.02147	0.00705	0.01125
GAT	AAT	GA	-0.41560	0.08515	0.06868	0.41560	0.05620	0.06868
GAT	GTT	AT	1.06048	0.02507	0.04067	-1.06048	0.07240	0.04067
GAT	GCT	AC	1.63136	0.01957	0.03969	-1.63136	0.10001	0.03969
GAC	TAC	GT	-5.31212	0.05832	0.00154	5.31212	0.00029	0.00154
GAC	CAC	GC	-1.49480	0.04552	0.01967	1.49480	0.01021	0.01967
GAC	AAC	GA	-1.31349	0.19807	0.09568	1.31349	0.05326	0.09568
GAC	GTC	AT	-0.06242	0.05832	0.05652	0.06242	0.05479	0.05652
GAC	GCC	AC	0.99806	0.04552	0.07195	-0.99806	0.12349	0.07195
GAC	GAT	CT	-1.09198	0.09931	0.05476	1.09198	0.03332	0.05476
GAA	CAA	GC	-1.27439	0.04603	0.02277	1.27439	0.01287	0.02277
GAA	AAA	GA	-1.60090	0.20029	0.08102	1.60090	0.04040	0.08102
GAA	GTA	AT	-1.42861	0.05897	0.02655	1.42861	0.01413	0.02655
GAA	GCA	AC	1.05002	0.04603	0.07435	-1.05002	0.13153	0.07435
GAA	GAT	AT	-0.16492	0.05897	0.05424	0.16492	0.05000	0.05424
GAA	GAC	AC	0.92706	0.04603	0.07061	-0.92706	0.11631	0.07061
GAG	CAG	GC	-0.49955	0.03531	0.02722	0.49955	0.02142	0.02722
GAG	AAG	GA	-0.37212	0.15364	0.12682	0.37212	0.10590	0.12682
GAG	GTG	AT	-0.93114	0.04524	0.02740	0.93114	0.01783	0.02740
GAG	GCG	AC	-0.31938	0.03531	0.02997	0.31938	0.02565	0.02997
GAG	GAT	GT	-1.00635	0.04524	0.02623	1.00635	0.01654	0.02623
GAG	GAC	GC	0.08563	0.03531	0.03684	-0.08563	0.03846	0.03684
GAG	GAA	GA	-0.84143	0.15364	0.09796	0.84143	0.06623	0.09796
GGT	TGT	GT	-10.19263	0.02671	0.00001	10.19263	0.00000	0.00000
GGT	CGT	GC	-0.60702	0.02084	0.01515	0.60702	0.01136	0.01515
GGT	AGT	GA	-5.91468	0.09070	0.00145	5.91468	0.00024	0.00145
GGT	GTT	GT	-0.10927	0.02671	0.02527	0.10927	0.02394	0.02527
GGT	GCT	GC	0.46161	0.02084	0.02602	-0.46161	0.03307	0.02602
GGT	GAT	GA	-1.16975	0.09070	0.04777	1.16975	0.02816	0.04777
GGC	TGC	GT	-5.29895	0.04316	0.00115	5.29895	0.00022	0.00115
GGC	CGC	GC	-10.42499	0.03369	0.00001	10.42499	0.00000	0.00000
GGC	AGC	GA	-1.97600	0.14661	0.04662	1.97600	0.02032	0.04662
GGC	GTC	GT	-0.86814	0.04316	0.02711	0.86814	0.01812	0.02711
GGC	GCC	GC	0.19235	0.03369	0.03704	-0.19235	0.04084	0.03704
GGC	GAC	GA	-0.80572	0.14661	0.09539	0.80572	0.06550	0.09539
GGC	GGT	CT	-0.72795	0.07350	0.04997	0.72795	0.03550	0.04997
GGA	CGA	GC	-2.77105	0.00689	0.00128	2.77105	0.00043	0.00128
GGA	AGA	GA	-1.45797	0.02999	0.01326	1.45797	0.00698	0.01326
GGA	GTA	GT	-0.63621	0.00883	0.00632	0.63621	0.00467	0.00632
GGA	GCA	GC	1.84242	0.00689	0.01509	-1.84242	0.04350	0.01509
GGA	GAA	GA	0.79240	0.02999	0.04342	-0.79240	0.06623	0.04342
GGA	GGT	AT	1.79723	0.00883	0.01902	-1.79723	0.05327	0.01902
GGA	GGC	AC	2.52517	0.00689	0.01892	-2.52517	0.08609	0.01892
GGG	TGG	GT	-0.82162	0.00033	0.00021	0.82162	0.00014	0.00021
GGG	CGG	GC	3.12748	0.00026	0.00083	-3.12748	0.00582	0.00083
GGG	AGG	GA	3.16546	0.00111	0.00367	-3.16546	0.02632	0.00367
GGG	GTG	GT	2.89196	0.00033	0.00100	-2.89196	0.00590	0.00100
GGG	GCG	GC	3.50371	0.00026	0.00092	-3.50371	0.00848	0.00092
GGG	GAG	GA	3.82310	0.00111	0.00434	-3.82310	0.05081	0.00434
GGG	GGT	GT	3.98650	0.00033	0.00133	-3.98650	0.01761	0.00133
GGG	GGC	GC	4.71444	0.00026	0.00121	-4.71444	0.02847	0.00121
GGG	GGA	GA	2.18927	0.00111	0.00274	-2.18927	0.00992	0.00274


Histograms
2Ns	FMut	FSub(CodonUsage)	FSubw(after w)

-9.94390	0.01219	0.00001
-8.94951	0.00391	0.00001
-7.95512	0.00312	0.00001
-6.96073	0.00711	0.00008
-5.96634	0.02414	0.00053
-4.97195	0.04693	0.00212
-3.97756	0.02794	0.00291
-2.98317	0.03903	0.00937
-1.98878	0.17410	0.08363
-0.99439	0.29412	0.24860
0.00000	0.22042	0.30553
0.99439	0.11644	0.24860
1.98878	0.02747	0.08363
2.98317	0.00222	0.00936
3.97756	0.00051	0.00291
4.97195	0.00030	0.00212
5.96634	0.00006	0.00052
6.96073	0.00001	0.00008
7.95512	0.00000	0.00000
8.94951	0.00000	0.00000
9.94390	0.00000	0.00000

Proportion of advantageous (S > 0) mutations:
 0.24327

Proportions of good & bad mutations (|S| > 2.0000) among mutations:
0.00964  0.22521

mean |Ns| = 1.67099	mean Ns+ = 0.77246	mean Ns- = -1.95985


MLEs of dN/dS (w) for site classes (K=4)

site class             0        1       2a       2b
proportion       0.81464  0.14813  0.03150  0.00573
background w     0.07233  1.00000  0.07233  1.00000
foreground w     0.07233  1.00000  1.00000  1.00000

Naive Empirical Bayes (NEB) probabilities for 4 classes
(amino acids refer to 1st sequence: Bacu)

   1 D   0.70050 0.07447 0.22215 0.00288 ( 1)
   2 Q   0.94417 0.02779 0.02697 0.00107 ( 1)
   3 A   0.00687 0.91675 0.04093 0.03545 ( 2)
   4 N   0.95089 0.02224 0.02601 0.00086 ( 1)
   5 H   0.79298 0.17964 0.02044 0.00695 ( 1)
   6 H   0.95953 0.01516 0.02473 0.00059 ( 1)
   7 S   0.63056 0.33735 0.01904 0.01305 ( 1)
   8 S   0.94445 0.02754 0.02694 0.00107 ( 1)
   9 S   0.63617 0.33219 0.01880 0.01285 ( 1)
  10 K   0.09759 0.86593 0.00299 0.03349 ( 2)
  11 N   0.93951 0.03218 0.02706 0.00124 ( 1)
  12 Q   0.71177 0.25832 0.01991 0.00999 ( 1)
  13 F   0.43920 0.35507 0.19200 0.01373 ( 1)
  14 D   0.95118 0.02231 0.02564 0.00086 ( 1)
  15 R   0.93280 0.03758 0.02816 0.00145 ( 1)
  16 F   0.49332 0.29054 0.20490 0.01124 ( 1)
  17 F   0.91665 0.05231 0.02902 0.00202 ( 1)
  18 R   0.73762 0.23187 0.02154 0.00897 ( 1)
  19 R   0.71821 0.25112 0.02096 0.00971 ( 1)
  20 L   0.17408 0.79013 0.00524 0.03056 ( 2)
  21 S   0.93743 0.03382 0.02745 0.00131 ( 1)
  22 F   0.00963 0.95324 0.00026 0.03686 ( 2)
  23 S   0.00000 0.96277 0.00000 0.03723 ( 2)
  24 F   0.55188 0.41524 0.01682 0.01606 ( 1)
  25 F   0.51454 0.45132 0.01669 0.01745 ( 1)
  26 -   0.86318 0.10119 0.03172 0.00391 ( 1)
  27 P   0.08750 0.84258 0.03733 0.03258 ( 2)
  28 I   0.89168 0.08511 0.01992 0.00329 ( 1)
  29 L   0.95531 0.01877 0.02520 0.00073 ( 1)
  30 L   0.09362 0.83407 0.04006 0.03226 ( 2)
  31 N   0.95348 0.02027 0.02546 0.00078 ( 1)
  32 T   0.01036 0.95250 0.00031 0.03684 ( 2)
  33 M   0.94862 0.02535 0.02505 0.00098 ( 1)
  34 A   0.90386 0.06461 0.02903 0.00250 ( 1)
  35 P   0.93344 0.03823 0.02685 0.00148 ( 1)
  36 K   0.93221 0.03933 0.02694 0.00152 ( 1)
  37 K   0.93221 0.03933 0.02694 0.00152 ( 1)
  38 D   0.95856 0.01781 0.02294 0.00069 ( 1)
  39 V   0.97193 0.00762 0.02016 0.00029 ( 1)
  40 K   0.93221 0.03933 0.02694 0.00152 ( 1)
  41 K   0.95852 0.01738 0.02343 0.00067 ( 1)
  42 P   0.64408 0.32966 0.01351 0.01275 ( 1)
  43 A   0.91676 0.05296 0.02823 0.00205 ( 1)
  44 A   0.92933 0.04221 0.02683 0.00163 ( 1)
  45 A   0.53395 0.43287 0.01644 0.01674 ( 1)
  46 A   0.52173 0.44469 0.01638 0.01720 ( 1)
  47 A   0.92786 0.04366 0.02679 0.00169 ( 1)
  48 P   0.92710 0.04451 0.02667 0.00172 ( 1)
  49 A   0.93229 0.03928 0.02691 0.00152 ( 1)
  50 P   0.91783 0.05104 0.02916 0.00197 ( 1)
  51 A   0.92722 0.04256 0.02858 0.00165 ( 1)
  52 P   0.91114 0.05768 0.02895 0.00223 ( 1)
  53 A   0.92466 0.04510 0.02850 0.00174 ( 1)
  54 P   0.92804 0.04170 0.02865 0.00161 ( 1)
  55 A   0.91631 0.05306 0.02858 0.00205 ( 1)
  56 P   0.93223 0.03870 0.02758 0.00150 ( 1)
  57 A   0.49837 0.46814 0.01539 0.01810 ( 1)
  58 P   0.90616 0.06222 0.02922 0.00241 ( 1)
  59 A   0.90277 0.06563 0.02906 0.00254 ( 1)
  60 P   0.90746 0.06164 0.02852 0.00238 ( 1)
  61 A   0.90298 0.06549 0.02900 0.00253 ( 1)
  62 P   0.90655 0.06225 0.02880 0.00241 ( 1)
  63 A   0.34000 0.38768 0.25732 0.01499 ( 2)
  64 P   0.93115 0.04014 0.02716 0.00155 ( 1)
  65 P   0.92001 0.04889 0.02921 0.00189 ( 1)
  66 K   0.95087 0.02189 0.02639 0.00085 ( 1)
  67 E   0.93683 0.03392 0.02793 0.00131 ( 1)
  68 K   0.00574 0.95705 0.00019 0.03701 ( 2)
  69 K   0.92394 0.04541 0.02890 0.00176 ( 1)
  70 I   0.95004 0.02255 0.02653 0.00087 ( 1)
  71 D   0.94836 0.02399 0.02672 0.00093 ( 1)
  72 L   0.94772 0.02450 0.02683 0.00095 ( 1)
  73 S   0.54365 0.22896 0.21854 0.00885 ( 1)
  74 A   0.92601 0.04332 0.02899 0.00168 ( 1)
  75 I   0.01729 0.93967 0.00670 0.03634 ( 2)
  76 E   0.65495 0.31323 0.01972 0.01211 ( 1)
  77 F   0.93593 0.03576 0.02692 0.00138 ( 1)
  78 K   0.93363 0.03792 0.02698 0.00147 ( 1)
  79 E   0.94506 0.02811 0.02574 0.00109 ( 1)
  80 A   0.90858 0.05993 0.02918 0.00232 ( 1)
  81 F   0.92208 0.04808 0.02798 0.00186 ( 1)
  82 L   0.95650 0.01874 0.02403 0.00072 ( 1)
  83 L   0.90515 0.06310 0.02930 0.00244 ( 1)
  84 Y   0.69649 0.06476 0.23625 0.00250 ( 1)
  85 D   0.95717 0.01823 0.02390 0.00070 ( 1)
  86 R   0.86310 0.11247 0.02008 0.00435 ( 1)
  87 Q   0.15669 0.80810 0.00396 0.03125 ( 2)
  88 G   0.93141 0.04037 0.02667 0.00156 ( 1)
  89 D   0.91510 0.06471 0.01769 0.00250 ( 1)
  90 N   0.00000 0.96276 0.00000 0.03723 ( 2)
  91 K   0.93363 0.03792 0.02698 0.00147 ( 1)
  92 I   0.97473 0.00568 0.01937 0.00022 ( 1)
  93 T   0.63748 0.14814 0.20865 0.00573 ( 1)
  94 L   0.92965 0.04135 0.02740 0.00160 ( 1)
  95 S   0.02640 0.93673 0.00065 0.03623 ( 2)
  96 Q   0.95147 0.02281 0.02485 0.00088 ( 1)
  97 V   0.95317 0.02142 0.02459 0.00083 ( 1)
  98 G   0.92345 0.04685 0.02789 0.00181 ( 1)
  99 D   0.97600 0.00494 0.01886 0.00019 ( 1)
 100 V   0.95952 0.01637 0.02347 0.00063 ( 1)
 101 L   0.96016 0.01588 0.02335 0.00061 ( 1)
 102 R   0.94528 0.02794 0.02571 0.00108 ( 1)
 103 A   0.91822 0.05151 0.02828 0.00199 ( 1)
 104 L   0.91759 0.05208 0.02832 0.00201 ( 1)
 105 G   0.93042 0.04088 0.02713 0.00158 ( 1)
 106 T   0.93752 0.03453 0.02662 0.00134 ( 1)
 107 N   0.94602 0.02733 0.02560 0.00106 ( 1)
 108 P   0.92960 0.04142 0.02737 0.00160 ( 1)
 109 T   0.95909 0.01671 0.02355 0.00065 ( 1)
 110 N   0.94602 0.02733 0.02560 0.00106 ( 1)
 111 A   0.90531 0.06318 0.02907 0.00244 ( 1)
 112 E   0.94506 0.02811 0.02574 0.00109 ( 1)
 113 V   0.95952 0.01637 0.02347 0.00063 ( 1)
 114 K   0.93385 0.03780 0.02689 0.00146 ( 1)
 115 E   0.00000 0.96277 0.00000 0.03723 ( 2)
 116 V   0.95656 0.01806 0.02467 0.00070 ( 1)
 117 L   0.53708 0.42972 0.01657 0.01662 ( 1)
 118 G   0.96484 0.01235 0.02233 0.00048 ( 1)
 119 N   0.77755 0.19540 0.01950 0.00756 ( 1)
 120 P   0.92960 0.04142 0.02737 0.00160 ( 1)
 121 S   0.96530 0.01195 0.02229 0.00046 ( 1)
 122 N   0.13546 0.78184 0.05247 0.03024 ( 2)
 123 E   0.94638 0.02703 0.02555 0.00105 ( 1)
 124 E   0.94509 0.02809 0.02573 0.00109 ( 1)
 125 M   0.94982 0.02416 0.02509 0.00093 ( 1)
 126 N   0.94602 0.02733 0.02560 0.00106 ( 1)
 127 V   0.63247 0.33627 0.01826 0.01300 ( 1)
 128 K   0.93363 0.03792 0.02698 0.00147 ( 1)
 129 K   0.95951 0.01640 0.02346 0.00063 ( 1)
 130 I   0.95867 0.01704 0.02363 0.00066 ( 1)
 131 E   0.94501 0.02817 0.02573 0.00109 ( 1)
 132 F   0.92206 0.04810 0.02798 0.00186 ( 1)
 133 E   0.69494 0.27564 0.01876 0.01066 ( 1)
 134 Q   0.95963 0.01610 0.02365 0.00062 ( 1)
 135 F   0.92208 0.04808 0.02798 0.00186 ( 1)
 136 L   0.91759 0.05208 0.02832 0.00201 ( 1)
 137 P   0.92960 0.04142 0.02737 0.00160 ( 1)
 138 M   0.94982 0.02416 0.02509 0.00093 ( 1)
 139 L   0.22430 0.74194 0.00507 0.02869 ( 2)
 140 Q   0.96016 0.01588 0.02334 0.00061 ( 1)
 141 S   0.69963 0.27162 0.01824 0.01050 ( 1)
 142 I   0.95867 0.01704 0.02363 0.00066 ( 1)
 143 S   0.94281 0.03001 0.02602 0.00116 ( 1)
 144 N   0.95843 0.01725 0.02366 0.00067 ( 1)
 145 K   0.78042 0.19286 0.01927 0.00746 ( 1)
 146 K   0.93363 0.03792 0.02698 0.00147 ( 1)
 147 D   0.95717 0.01823 0.02390 0.00070 ( 1)
 148 Q   0.95147 0.02281 0.02485 0.00088 ( 1)
 149 G   0.92984 0.04122 0.02735 0.00159 ( 1)
 150 T   0.96825 0.00768 0.02377 0.00030 ( 1)
 151 Y   0.96357 0.01381 0.02208 0.00053 ( 1)
 152 E   0.94638 0.02703 0.02555 0.00105 ( 1)
 153 D   0.95717 0.01823 0.02390 0.00070 ( 1)
 154 F   0.92206 0.04811 0.02798 0.00186 ( 1)
 155 V   0.95317 0.02142 0.02459 0.00083 ( 1)
 156 E   0.94509 0.02809 0.02573 0.00109 ( 1)
 157 G   0.92345 0.04685 0.02789 0.00181 ( 1)
 158 L   0.91759 0.05208 0.02832 0.00201 ( 1)
 159 R   0.92750 0.04325 0.02758 0.00167 ( 1)
 160 V   0.95952 0.01637 0.02347 0.00063 ( 1)
 161 F   0.92313 0.04704 0.02801 0.00182 ( 1)
 162 D   0.95717 0.01823 0.02390 0.00070 ( 1)
 163 K   0.93363 0.03792 0.02698 0.00147 ( 1)
 164 E   0.94638 0.02703 0.02555 0.00105 ( 1)
 165 G   0.92984 0.04122 0.02735 0.00159 ( 1)
 166 N   0.94602 0.02733 0.02560 0.00106 ( 1)
 167 G   0.92984 0.04122 0.02735 0.00159 ( 1)
 168 T   0.96833 0.00760 0.02378 0.00029 ( 1)
 169 V   0.95408 0.02051 0.02461 0.00079 ( 1)
 170 M   0.94982 0.02416 0.02509 0.00093 ( 1)
 171 G   0.92345 0.04685 0.02789 0.00181 ( 1)
 172 A   0.91822 0.05151 0.02828 0.00199 ( 1)
 173 E   0.94638 0.02703 0.02555 0.00105 ( 1)
 174 L   0.96012 0.01592 0.02334 0.00062 ( 1)
 175 R   0.92745 0.04330 0.02757 0.00167 ( 1)
 176 H   0.98210 0.00196 0.01586 0.00008 ( 1)
 177 V   0.96975 0.00978 0.02009 0.00038 ( 1)
 178 L   0.90282 0.06543 0.02922 0.00253 ( 1)
 179 A   0.92065 0.04910 0.02835 0.00190 ( 1)
 180 T   0.95274 0.01946 0.02705 0.00075 ( 1)
 181 L   0.90477 0.06349 0.02929 0.00246 ( 1)


lnL = -1910.261661

