Supplemental results for CODEML (seqf: /home/leticiamagpali/phd/evol_models/codeml/small_dataset/cml_align/CALML6_codon_aligned.phy  treef: /home/leticiamagpali/phd/evol_models/codeml/small_dataset/cml_trees/gene_trees/H1c_gene_trees/CALML6_tree_H1c.tre)

I	J	ij	2Ns_IJ	pMut_IJ	pSub_IJ	2Ns_JI	pMut_JI	pSub_JI

TTC	TTT	CT	-0.05346	0.09938	0.09675	0.05346	0.09421	0.09675
TTA	TTT	AT	10.41142	0.00000	0.00000	-10.41142	0.02382	0.00001
TTA	TTC	AC	10.46488	0.00000	0.00000	-10.46488	0.08895	0.00003
TTG	TTT	GT	2.34784	0.00081	0.00211	-2.34784	0.00850	0.00211
TTG	TTC	GC	2.40130	0.00287	0.00759	-2.40130	0.03173	0.00759
TTG	TTA	GA	-8.06358	0.01388	0.00004	8.06358	0.00000	0.00000
TCT	TTT	CT	1.05412	0.03283	0.05312	-1.05412	0.09421	0.05312
TCC	TTC	CT	1.34761	0.09139	0.16641	-1.34761	0.35171	0.16641
TCC	TCT	CT	0.24003	0.09139	0.10280	-0.24003	0.11619	0.10280
TCA	TTA	CT	-4.38261	0.00089	0.00005	4.38261	0.00000	0.00000
TCA	TCT	AT	4.97468	0.00020	0.00102	-4.97468	0.02938	0.00102
TCA	TCC	AC	4.73465	0.00072	0.00343	-4.73465	0.08180	0.00343
TCG	TTG	CT	2.65014	0.00089	0.00253	-2.65014	0.01256	0.00253
TCG	TCT	GT	3.94385	0.00020	0.00082	-3.94385	0.01048	0.00082
TCG	TCC	GC	3.70382	0.00072	0.00273	-3.70382	0.02918	0.00273
TCG	TCA	GA	-1.03083	0.00347	0.00198	1.03083	0.00124	0.00198
TAT	TTT	AT	10.41142	0.00000	0.00000	-10.41142	0.02382	0.00001
TAT	TCT	AC	9.35730	0.00000	0.00000	-9.35730	0.02938	0.00002
TAC	TTC	AT	1.68782	0.01645	0.03406	-1.68782	0.08895	0.03406
TAC	TCC	AC	0.34020	0.05821	0.06867	-0.34020	0.08180	0.06867
TAC	TAT	CT	-8.77706	0.07187	0.00010	8.77706	0.00000	0.00000
TGT	TTT	GT	1.16918	0.00264	0.00448	-1.16918	0.00850	0.00448
TGT	TCT	GC	0.11506	0.00934	0.00989	-0.11506	0.01048	0.00989
TGT	TAT	GA	-9.24224	0.04511	0.00004	9.24224	0.00000	0.00000
TGC	TTC	GT	1.41385	0.00772	0.01442	-1.41385	0.03173	0.01442
TGC	TCC	GC	0.06624	0.02731	0.02822	-0.06624	0.02918	0.02822
TGC	TAC	GA	-0.27397	0.13187	0.11463	0.27397	0.10027	0.11463
TGC	TGT	CT	0.19121	0.03372	0.03704	-0.19121	0.04082	0.03704
TGG	TTG	GT	-2.57123	0.01482	0.00315	2.57123	0.00113	0.00315
TGG	TCG	GC	-5.22137	0.05246	0.00149	5.22137	0.00028	0.00149
TGG	TGT	GT	-1.39257	0.01482	0.00682	1.39257	0.00368	0.00682
TGG	TGC	GC	-1.58378	0.05246	0.02145	1.58378	0.01076	0.02145
CTT	TTT	CT	10.31150	0.00000	0.00000	-10.31150	0.09421	0.00003
CTC	TTC	CT	1.21166	0.10470	0.18065	-1.21166	0.35171	0.18065
CTC	CTT	CT	-9.15330	0.10470	0.00010	9.15330	0.00000	0.00000
CTA	TTA	CT	-5.07576	0.00177	0.00006	5.07576	0.00000	0.00000
CTA	CTT	AT	-4.97584	0.00041	0.00001	4.97584	0.00000	0.00000
CTA	CTC	AC	4.17746	0.00144	0.00610	-4.17746	0.09371	0.00610
CTG	TTG	CT	-2.70645	0.18811	0.03643	2.70645	0.01256	0.03643
CTG	CTT	GT	-10.67011	0.04305	0.00001	10.67011	0.00000	0.00000
CTG	CTC	GC	-1.51681	0.15235	0.06496	1.51681	0.03343	0.06496
CTG	CTA	GA	-5.69427	0.73569	0.01415	5.69427	0.00248	0.01415
CCT	TCT	CT	0.24979	0.09051	0.10228	-0.24979	0.11619	0.10228
CCT	CTT	CT	-9.00759	0.09051	0.00010	9.00759	0.00000	0.00000
CCC	TCC	CT	1.12789	0.10470	0.17462	-1.12789	0.32345	0.17462
CCC	CTC	CT	1.26384	0.10470	0.18445	-1.26384	0.37055	0.18445
CCC	CCT	CT	1.11813	0.10470	0.17393	-1.11813	0.32031	0.17393
CCA	TCA	CT	-2.26252	0.03017	0.00793	2.26252	0.00314	0.00793
CCA	CTA	CT	-1.56937	0.03017	0.01245	1.56937	0.00628	0.01245
CCA	CCT	AT	2.46238	0.00690	0.01858	-2.46238	0.08100	0.01858
CCA	CCC	AC	1.34425	0.02443	0.04443	-1.34425	0.09371	0.04443
CCG	TCG	CT	-1.44421	0.01331	0.00594	1.44421	0.00314	0.00594
CCG	CTG	CT	3.91238	0.01331	0.05314	-3.91238	0.66573	0.05314
CCG	CCT	GT	2.24986	0.00305	0.00766	-2.24986	0.02890	0.00766
CCG	CCC	GC	1.13173	0.01078	0.01801	-1.13173	0.03343	0.01801
CCG	CCA	GA	-0.21252	0.05205	0.04672	0.21252	0.04209	0.04672
CAT	TAT	CT	-6.68520	0.00887	0.00007	6.68520	0.00000	0.00000
CAT	CTT	AT	-6.58528	0.00203	0.00002	6.58528	0.00000	0.00000
CAT	CCT	AC	2.42231	0.00719	0.01910	-2.42231	0.08100	0.01910
CAC	TAC	CT	1.92062	0.03727	0.08387	-1.92062	0.25436	0.08387
CAC	CTC	AT	2.39678	0.00853	0.02249	-2.39678	0.09371	0.02249
CAC	CCC	AC	1.13294	0.03018	0.05044	-1.13294	0.09371	0.05044
CAC	CAT	CT	-0.17124	0.03727	0.03417	0.17124	0.03140	0.03417
CAA	CTA	AT	-0.14031	0.00183	0.00170	0.14031	0.00159	0.00170
CAA	CCA	AC	1.42906	0.00647	0.01215	-1.42906	0.02700	0.01215
CAA	CAT	AT	1.46913	0.00183	0.00349	-1.46913	0.00794	0.00349
CAA	CAC	AC	1.64037	0.00647	0.01316	-1.64037	0.03335	0.01316
CAG	CTG	AT	2.19856	0.01868	0.04620	-2.19856	0.16836	0.04620
CAG	CCG	AC	-1.71381	0.06612	0.02490	1.71381	0.01191	0.02490
CAG	CAT	GT	-1.88627	0.01868	0.00630	1.88627	0.00283	0.00630
CAG	CAC	GC	-1.71503	0.06612	0.02488	1.71503	0.01190	0.02488
CAG	CAA	GA	-3.35539	0.31926	0.03873	3.35539	0.01114	0.03873
CGT	TGT	CT	2.44250	0.00355	0.00949	-2.44250	0.04082	0.00949
CGT	CTT	GT	-6.69982	0.00081	0.00001	6.69982	0.00000	0.00000
CGT	CCT	GC	2.30777	0.00287	0.00737	-2.30777	0.02890	0.00737
CGT	CAT	GA	-0.11454	0.01388	0.01310	0.11454	0.01238	0.01310
CGC	TGC	CT	1.46744	0.02751	0.05246	-1.46744	0.11933	0.05246
CGC	CTC	GT	1.66963	0.00629	0.01295	-1.66963	0.03343	0.01295
CGC	CCC	GC	0.40579	0.02228	0.02710	-0.40579	0.03343	0.02710
CGC	CAC	GA	-0.72715	0.10758	0.07316	0.72715	0.05199	0.07316
CGC	CGT	CT	-0.78385	0.02751	0.01812	0.78385	0.01256	0.01812
CGA	CTA	GT	-1.61297	0.00284	0.00114	1.61297	0.00057	0.00114
CGA	CCA	GC	-0.04360	0.01006	0.00984	0.04360	0.00963	0.00984
CGA	CAA	GA	-1.47266	0.04858	0.02129	1.47266	0.01114	0.02129
CGA	CGT	AT	0.11100	0.00284	0.00300	-0.11100	0.00318	0.00300
CGA	CGC	AC	0.89485	0.01006	0.01523	-0.89485	0.02462	0.01523
CGG	TGG	CT	2.41881	0.02041	0.05419	-2.41881	0.22924	0.05419
CGG	CTG	GT	2.55403	0.00467	0.01293	-2.55403	0.06006	0.01293
CGG	CCG	GC	-1.35835	0.01653	0.00777	1.35835	0.00425	0.00777
CGG	CAG	GA	0.35546	0.07982	0.09484	-0.35546	0.11388	0.09484
CGG	CGT	GT	-1.41626	0.00467	0.00212	1.41626	0.00113	0.00212
CGG	CGC	GC	-0.63241	0.01653	0.01185	0.63241	0.00878	0.01185
CGG	CGA	GA	-1.52727	0.07982	0.03381	1.52727	0.01733	0.03381
ATT	TTT	AT	2.81905	0.00142	0.00426	-2.81905	0.02382	0.00426
ATT	CTT	AC	-7.49244	0.00503	0.00002	7.49244	0.00000	0.00000
ATC	TTC	AT	1.86276	0.01381	0.03045	-1.86276	0.08895	0.03045
ATC	CTC	AC	0.65110	0.04887	0.06649	-0.65110	0.09371	0.06649
ATC	ATT	CT	-1.00976	0.06034	0.03492	1.00976	0.02198	0.03492
ATA	TTA	AT	-5.66899	0.00081	0.00002	5.66899	0.00000	0.00000
ATA	CTA	AC	-0.59322	0.00287	0.00211	0.59322	0.00159	0.00211
ATA	ATT	AT	1.92338	0.00081	0.00183	-1.92338	0.00556	0.00183
ATA	ATC	AC	2.93314	0.00287	0.00891	-2.93314	0.05400	0.00891
ATG	TTG	AT	-2.36193	0.03371	0.00828	2.36193	0.00318	0.00828
ATG	CTG	AC	0.34452	0.11929	0.14102	-0.34452	0.16836	0.14102
ATG	ATT	GT	-2.83314	0.03371	0.00597	2.83314	0.00198	0.00597
ATG	ATC	GC	-1.82339	0.11929	0.04189	1.82339	0.01926	0.04189
ATG	ATA	GA	-4.75652	0.57606	0.02376	4.75652	0.00495	0.02376
ACT	TCT	AT	2.26663	0.00305	0.00770	-2.26663	0.02938	0.00770
ACT	CCT	AC	2.01685	0.01078	0.02508	-2.01685	0.08100	0.02508
ACT	ATT	CT	0.50170	0.01331	0.01693	-0.50170	0.02198	0.01693
ACC	TCC	AT	2.10667	0.00995	0.02386	-2.10667	0.08180	0.02386
ACC	CCC	AC	0.97879	0.03521	0.05521	-0.97879	0.09371	0.05521
ACC	ATC	CT	1.59153	0.04348	0.08689	-1.59153	0.21354	0.08689
ACC	ACT	CT	0.08007	0.04348	0.04524	-0.08007	0.04710	0.04524
ACA	TCA	AT	0.67062	0.00041	0.00056	-0.67062	0.00079	0.00056
ACA	CCA	AC	2.93314	0.00144	0.00445	-2.93314	0.02700	0.00445
ACA	ATA	CT	1.95699	0.00177	0.00404	-1.95699	0.01256	0.00404
ACA	ACT	AT	3.37867	0.00041	0.00142	-3.37867	0.01191	0.00142
ACA	ACC	AC	3.29860	0.00144	0.00492	-3.29860	0.03891	0.00492
ACG	TCG	AT	-2.88473	0.01421	0.00243	2.88473	0.00079	0.00243
ACG	CCG	AC	-1.44052	0.05030	0.02248	1.44052	0.01191	0.02248
ACG	ATG	CT	2.12734	0.06211	0.15001	-2.12734	0.52128	0.15001
ACG	ACT	GT	-1.20751	0.01421	0.00732	1.20751	0.00425	0.00732
ACG	ACC	GC	-1.28758	0.05030	0.02468	1.28758	0.01388	0.02468
ACG	ACA	GA	-4.58618	0.24292	0.01147	4.58618	0.00248	0.01147
AAT	TAT	AT	-6.76760	0.00244	0.00002	6.76760	0.00000	0.00000
AAT	CAT	AC	-0.08240	0.00862	0.00827	0.08240	0.00794	0.00827
AAT	ATT	AT	0.82477	0.00244	0.00358	-0.82477	0.00556	0.00358
AAT	ACT	AC	0.32307	0.00862	0.01009	-0.32307	0.01191	0.01009
AAC	TAC	AT	1.56856	0.01340	0.02655	-1.56856	0.06433	0.02655
AAC	CAC	AC	-0.35206	0.04743	0.03957	0.35206	0.03335	0.03957
AAC	ATC	AT	1.39362	0.01340	0.02484	-1.39362	0.05400	0.02484
AAC	ACC	AC	-0.19791	0.04743	0.04289	0.19791	0.03891	0.04289
AAC	AAT	CT	-0.44091	0.05856	0.04660	0.44091	0.03768	0.04660
AAA	CAA	AC	-0.47544	0.01150	0.00898	0.47544	0.00715	0.00898
AAA	ATA	AT	-0.02253	0.00325	0.00321	0.02253	0.00318	0.00321
AAA	ACA	AC	-1.97952	0.01150	0.00365	1.97952	0.00159	0.00365
AAA	AAT	AT	1.07608	0.00325	0.00530	-1.07608	0.00953	0.00530
AAA	AAC	AC	1.51699	0.01150	0.02234	-1.51699	0.05241	0.02234
AAG	CAG	AC	-0.67159	0.14301	0.10032	0.67159	0.07306	0.10032
AAG	ATG	AT	1.18245	0.04041	0.06890	-1.18245	0.13183	0.06890
AAG	ACG	AC	-0.94489	0.14301	0.08593	0.94489	0.05559	0.08593
AAG	AAT	GT	-2.47546	0.04041	0.00919	2.47546	0.00340	0.00919
AAG	AAC	GC	-2.03456	0.14301	0.04376	2.03456	0.01870	0.04376
AAG	AAA	GA	-3.55155	0.69058	0.07242	3.55155	0.01981	0.07242
AGT	TGT	AT	0.07857	0.00954	0.00992	-0.07857	0.01032	0.00992
AGT	CGT	AC	-2.36393	0.03378	0.00829	2.36393	0.00318	0.00829
AGT	ATT	GT	-1.57130	0.00954	0.00393	1.57130	0.00198	0.00393
AGT	ACT	GC	-2.07300	0.03378	0.01008	2.07300	0.00425	0.01008
AGT	AAT	GA	-2.39607	0.16310	0.03916	2.39607	0.01485	0.03916
AGC	TGC	AT	1.03106	0.01076	0.01725	-1.03106	0.03018	0.01725
AGC	CGC	AC	-0.43638	0.03809	0.03038	0.43638	0.02462	0.03038
AGC	ATC	GT	0.58215	0.01076	0.01420	-0.58215	0.01926	0.01420
AGC	ACC	GC	-1.00938	0.03809	0.02205	1.00938	0.01388	0.02205
AGC	AAC	GA	-0.81147	0.18392	0.11928	0.81147	0.08170	0.11928
AGC	AGT	CT	1.14370	0.04703	0.07894	-1.14370	0.14759	0.07894
AGA	CGA	AC	-0.09423	0.01222	0.01165	0.09423	0.01112	0.01165
AGA	ATA	GT	-1.11398	0.00345	0.00188	1.11398	0.00113	0.00188
AGA	ACA	GC	-3.07097	0.01222	0.00182	3.07097	0.00057	0.00182
AGA	AAA	GA	-1.09145	0.05899	0.03254	1.09145	0.01981	0.03254
AGA	AGT	AT	2.38070	0.00345	0.00906	-2.38070	0.03733	0.00906
AGA	AGC	AC	1.23700	0.01222	0.02129	-1.23700	0.04209	0.02129
AGG	TGG	AT	2.09888	0.00711	0.01700	-2.09888	0.05797	0.01700
AGG	CGG	AC	-0.31993	0.02515	0.02134	0.31993	0.01827	0.02134
AGG	ATG	GT	1.88958	0.00711	0.01582	-1.88958	0.04703	0.01582
AGG	ACG	GC	-0.23776	0.02515	0.02228	0.23776	0.01983	0.02228
AGG	AAG	GA	0.70713	0.12146	0.16942	-0.70713	0.24634	0.16942
AGG	AGT	GT	0.62774	0.00711	0.00957	-0.62774	0.01331	0.00957
AGG	AGC	GC	-0.51596	0.02515	0.01922	0.51596	0.01501	0.01922
AGG	AGA	GA	-1.75296	0.12146	0.04462	1.75296	0.02104	0.04462
GTT	TTT	GT	9.38059	0.00000	0.00000	-9.38059	0.00850	0.00001
GTT	CTT	GC	-0.93091	0.00000	0.00000	0.93091	0.00000	0.00000
GTT	ATT	GA	6.56154	0.00000	0.00000	-6.56154	0.00867	0.00008
GTC	TTC	GT	1.52507	0.00690	0.01346	-1.52507	0.03173	0.01346
GTC	CTC	GC	0.31342	0.02443	0.02846	-0.31342	0.03343	0.02846
GTC	ATC	GA	-0.33768	0.11799	0.09919	0.33768	0.08418	0.09919
GTC	GTT	CT	-7.90898	0.03017	0.00009	7.90898	0.00000	0.00000
GTA	TTA	GT	0.33294	0.00000	0.00000	-0.33294	0.00000	0.00000
GTA	CTA	GC	5.40870	0.00000	0.00000	-5.40870	0.00057	0.00001
GTA	ATA	GA	6.00192	0.00000	0.00000	-6.00192	0.00495	0.00007
GTA	GTT	AT	1.36377	0.00000	0.00000	-1.36377	0.00000	0.00000
GTA	GTC	AC	9.27274	0.00000	0.00000	-9.27274	0.02700	0.00002
GTG	TTG	GT	-3.05145	0.02396	0.00363	3.05145	0.00113	0.00363
GTG	CTG	GC	-0.34500	0.08480	0.07101	0.34500	0.06006	0.07101
GTG	ATG	GA	-0.68953	0.40949	0.28441	0.68953	0.20549	0.28441
GTG	GTT	GT	-10.08421	0.02396	0.00001	10.08421	0.00000	0.00000
GTG	GTC	GC	-2.17523	0.08480	0.02364	2.17523	0.00963	0.02364
GTG	GTA	GA	-11.44797	0.40949	0.00005	11.44797	0.00000	0.00000
GCT	TCT	GT	0.50987	0.00629	0.00804	-0.50987	0.01048	0.00804
GCT	CCT	GC	0.26008	0.02228	0.02530	-0.26008	0.02890	0.02530
GCT	ACT	GA	-1.75677	0.10758	0.03942	1.75677	0.01857	0.03942
GCT	GTT	CT	-7.81660	0.02751	0.00009	7.81660	0.00000	0.00000
GCC	TCC	GT	-0.21972	0.03635	0.03250	0.21972	0.02918	0.03250
GCC	CCC	GC	-1.34761	0.12864	0.06086	1.34761	0.03343	0.06086
GCC	ACC	GA	-2.32640	0.62118	0.15638	2.32640	0.06066	0.15638
GCC	GTC	CT	-0.39718	0.15883	0.12937	0.39718	0.10677	0.12937
GCC	GCT	CT	-0.48956	0.15883	0.12311	0.48956	0.09735	0.12311
GCA	TCA	GT	-0.36021	0.00041	0.00034	0.36021	0.00028	0.00034
GCA	CCA	GC	1.90231	0.00144	0.00321	-1.90231	0.00963	0.00321
GCA	ACA	GA	-1.03083	0.00694	0.00397	1.03083	0.00248	0.00397
GCA	GTA	CT	-5.07576	0.00177	0.00006	5.07576	0.00000	0.00000
GCA	GCT	AT	4.10461	0.00041	0.00169	-4.10461	0.02462	0.00169
GCA	GCC	AC	4.59416	0.00144	0.00667	-4.59416	0.14216	0.00667
GCG	TCG	GT	-4.35841	0.02213	0.00125	4.35841	0.00028	0.00125
GCG	CCG	GC	-2.91420	0.07833	0.01309	2.91420	0.00425	0.01309
GCG	ACG	GA	-1.47368	0.37826	0.16564	1.47368	0.08665	0.16564
GCG	GTG	CT	1.34318	0.09672	0.17580	-1.34318	0.37055	0.17580
GCG	GCT	GT	-0.92442	0.02213	0.01346	0.92442	0.00878	0.01346
GCG	GCC	GC	-0.43487	0.07833	0.06253	0.43487	0.05071	0.06253
GCG	GCA	GA	-5.02903	0.37826	0.01253	5.02903	0.00248	0.01253
GAT	TAT	GT	-8.20389	0.00366	0.00001	8.20389	0.00000	0.00000
GAT	CAT	GC	-1.51869	0.01294	0.00551	1.51869	0.00283	0.00551
GAT	AAT	GA	-1.43630	0.06246	0.02799	1.43630	0.01485	0.02799
GAT	GTT	AT	-7.17306	0.00366	0.00002	7.17306	0.00000	0.00000
GAT	GCT	AC	0.64354	0.01294	0.01754	-0.64354	0.02462	0.01754
GAC	TAC	GT	-0.47662	0.03696	0.02885	0.47662	0.02295	0.02885
GAC	CAC	GC	-2.39724	0.13079	0.03138	2.39724	0.01190	0.03138
GAC	AAC	GA	-2.04518	0.63159	0.19192	2.04518	0.08170	0.19192
GAC	GTC	AT	-0.31388	0.03696	0.03146	0.31388	0.02700	0.03146
GAC	GCC	AC	0.08330	0.13079	0.13632	-0.08330	0.14216	0.13632
GAC	GAT	CT	-1.04979	0.16149	0.09129	1.04979	0.05652	0.09129
GAA	CAA	GC	-1.72941	0.01437	0.00536	1.72941	0.00255	0.00536
GAA	AAA	GA	-1.25397	0.06941	0.03475	1.25397	0.01981	0.03475
GAA	GTA	AT	-7.27842	0.00406	0.00002	7.27842	0.00000	0.00000
GAA	GCA	AC	-2.20266	0.01437	0.00393	2.20266	0.00159	0.00393
GAA	GAT	AT	1.25841	0.00406	0.00714	-1.25841	0.01429	0.00714
GAA	GAC	AC	2.30820	0.01437	0.03684	-2.30820	0.14454	0.03684
GAG	CAG	GC	-2.28965	0.25727	0.06640	2.28965	0.02606	0.06640
GAG	AAG	GA	-1.61806	1.24235	0.49717	1.61806	0.24634	0.49717
GAG	GTG	AT	0.25392	0.07270	0.08232	-0.25392	0.09371	0.08232
GAG	GCG	AC	-1.08926	0.25727	0.14210	1.08926	0.08656	0.14210
GAG	GAT	GT	-2.65723	0.07270	0.01457	2.65723	0.00510	0.01457
GAG	GAC	GC	-1.60743	0.25727	0.10365	1.60743	0.05156	0.10365
GAG	GAA	GA	-3.91563	1.24235	0.09891	3.91563	0.02476	0.09891
GGT	TGT	GT	0.06467	0.00345	0.00356	-0.06467	0.00368	0.00356
GGT	CGT	GC	-2.37783	0.01222	0.00297	2.37783	0.00113	0.00297
GGT	AGT	GA	-0.01390	0.05899	0.05859	0.01390	0.05818	0.05859
GGT	GTT	GT	-8.14673	0.00345	0.00001	8.14673	0.00000	0.00000
GGT	GCT	GC	-0.33013	0.01222	0.01031	0.33013	0.00878	0.01031
GGT	GAT	GA	-0.97367	0.05899	0.03486	0.97367	0.02228	0.03486
GGC	TGC	GT	-0.94213	0.02762	0.01662	0.94213	0.01076	0.01662
GGC	CGC	GC	-2.40957	0.09774	0.02325	2.40957	0.00878	0.02325
GGC	AGC	GA	-1.97319	0.47195	0.15036	1.97319	0.06561	0.15036
GGC	GTC	GT	-1.05336	0.02762	0.01558	1.05336	0.00963	0.01558
GGC	GCC	GC	-0.65618	0.09774	0.06915	0.65618	0.05071	0.06915
GGC	GAC	GA	-0.73948	0.47195	0.31877	0.73948	0.22529	0.31877
GGC	GGT	CT	-0.81560	0.12068	0.07808	0.81560	0.05338	0.07808
GGA	CGA	GC	-1.65915	0.02084	0.00813	1.65915	0.00397	0.00813
GGA	AGA	GA	-1.56491	0.10064	0.04164	1.56491	0.02104	0.04164
GGA	GTA	GT	-8.68082	0.00589	0.00001	8.68082	0.00000	0.00000
GGA	GCA	GC	-3.60506	0.02084	0.00210	3.60506	0.00057	0.00210
GGA	GAA	GA	-1.40239	0.10064	0.04605	1.40239	0.02476	0.04605
GGA	GGT	AT	0.82968	0.00589	0.00867	-0.82968	0.01350	0.00867
GGA	GGC	AC	1.64528	0.02084	0.04249	-1.64528	0.10801	0.04249
GGG	TGG	GT	-0.40049	0.03087	0.02510	0.40049	0.02068	0.02510
GGG	CGG	GC	-2.81929	0.10923	0.01953	2.81929	0.00652	0.01953
GGG	AGG	GA	-2.49936	0.52748	0.11798	2.49936	0.04333	0.11798
GGG	GTG	GT	0.07974	0.03087	0.03211	-0.07974	0.03343	0.03211
GGG	GCG	GC	-1.26344	0.10923	0.05439	1.26344	0.03088	0.05439
GGG	GAG	GA	-0.17418	0.52748	0.48287	0.17418	0.44316	0.48287
GGG	GGT	GT	-1.85773	0.03087	0.01060	1.85773	0.00482	0.01060
GGG	GGC	GC	-1.04213	0.10923	0.06203	1.04213	0.03853	0.06203
GGG	GGA	GA	-2.68741	0.52748	0.10352	2.68741	0.03590	0.10352


Histograms
2Ns	FMut	FSub(CodonUsage)	FSubw(after w)

-10.90283	0.01777	0.00001
-9.81255	0.00552	0.00000
-8.72226	0.00970	0.00002
-7.63198	0.00265	0.00001
-6.54170	0.00084	0.00001
-5.45142	0.03622	0.00145
-4.36113	0.09357	0.01026
-3.27085	0.04485	0.00923
-2.18057	0.21733	0.09824
-1.09028	0.28607	0.24513
0.00000	0.16757	0.27132
1.09028	0.08994	0.24513
2.18057	0.02466	0.09824
3.27085	0.00166	0.00923
4.36113	0.00151	0.01026
5.45142	0.00016	0.00144
6.54170	0.00000	0.00000
7.63198	0.00000	0.00000
8.72226	0.00000	0.00000
9.81255	0.00000	0.00000
10.90283	0.00000	0.00000

Proportion of advantageous (S > 0) mutations:
 0.19085

Proportions of good & bad mutations (|S| > 2.0000) among mutations:
0.01966  0.37625

mean |Ns| = 2.14148	mean Ns+ = 0.95810	mean Ns- = -2.42061


MLEs of dN/dS (w) for site classes (K=4)

site class             0        1       2a       2b
proportion       0.23980  0.10054  0.46478  0.19488
background w     0.09261  0.94505  0.09261  0.94505
foreground w     0.09261  0.94505  0.40604  0.40604

Naive Empirical Bayes (NEB) probabilities for 4 classes
(amino acids refer to 1st sequence: Egla)

   1 M   0.02581 0.39928 0.20691 0.36799 ( 2)
   2 V   0.02191 0.29817 0.03997 0.63996 ( 4)
   3 S   0.30362 0.04431 0.55820 0.09388 ( 3)
   4 L   0.12192 0.21082 0.22565 0.44161 ( 4)
   5 P   0.13034 0.20225 0.23995 0.42746 ( 4)
   6 W   0.09186 0.24431 0.17461 0.48922 ( 4)
   7 P   0.26114 0.08075 0.49652 0.16159 ( 3)
   8 H   0.32211 0.03280 0.57120 0.07389 ( 3)
   9 W   0.26148 0.08041 0.49703 0.16108 ( 3)
  10 L   0.25867 0.08294 0.49297 0.16541 ( 3)
  11 S   0.29385 0.05319 0.54025 0.11271 ( 3)
  12 S   0.30372 0.04754 0.54332 0.10542 ( 3)
  13 A   0.27799 0.06608 0.51991 0.13602 ( 3)
  14 A   0.27799 0.06610 0.51991 0.13599 ( 3)
  15 P   0.06768 0.20223 0.54547 0.18462 ( 3)
  16 L   0.25867 0.08294 0.49297 0.16541 ( 3)
  17 H   0.15227 0.17760 0.27001 0.40012 ( 4)
  18 S   0.29477 0.05248 0.54137 0.11139 ( 3)
  19 H   0.32211 0.03280 0.57120 0.07389 ( 3)
  20 M   0.11265 0.22287 0.21088 0.45360 ( 4)
  21 A   0.27799 0.06608 0.51991 0.13602 ( 3)
  22 G   0.11039 0.22120 0.20397 0.46445 ( 4)
  23 L   0.25867 0.08294 0.49297 0.16541 ( 3)
  24 P   0.29266 0.05414 0.53879 0.11442 ( 3)
  25 L   0.25867 0.08294 0.49297 0.16541 ( 3)
  26 P   0.26114 0.08075 0.49652 0.16159 ( 3)
  27 R   0.27410 0.06938 0.51466 0.14186 ( 3)
  28 A   0.11801 0.21275 0.21634 0.45290 ( 4)
  29 P   0.32551 0.03058 0.57437 0.06955 ( 3)
  30 S   0.29385 0.05319 0.54025 0.11271 ( 3)
  31 P   0.26228 0.07964 0.49870 0.15937 ( 3)
  32 L   0.27450 0.06764 0.52289 0.13497 ( 3)
  33 S   0.27675 0.06717 0.51824 0.13784 ( 3)
  34 G   0.11052 0.22112 0.20421 0.46415 ( 4)
  35 L   0.28787 0.05795 0.53279 0.12139 ( 3)
  36 A   0.29636 0.05125 0.54329 0.10910 ( 3)
  37 E   0.07556 0.16358 0.61269 0.14817 ( 3)
  38 P   0.28463 0.06140 0.52436 0.12961 ( 3)
  39 C   0.31340 0.03869 0.56252 0.08539 ( 3)
  40 S   0.29467 0.05256 0.54119 0.11157 ( 3)
  41 P   0.29266 0.05414 0.53879 0.11442 ( 3)
  42 L   0.10847 0.22321 0.20075 0.46757 ( 4)
  43 T   0.02317 0.41459 0.18778 0.37446 ( 2)
  44 T   0.32095 0.03356 0.57009 0.07541 ( 3)
  45 H   0.08257 0.12698 0.67842 0.11203 ( 3)
  46 P   0.11421 0.21697 0.21026 0.45856 ( 4)
  47 C   0.07658 0.16385 0.60460 0.15497 ( 3)
  48 A   0.27947 0.06472 0.52267 0.13314 ( 3)
  49 A   0.27799 0.06610 0.51991 0.13599 ( 3)
  50 W   0.26148 0.08041 0.49703 0.16108 ( 3)
  51 P   0.25753 0.08424 0.48966 0.16857 ( 3)
  52 Q   0.30445 0.04697 0.54409 0.10449 ( 3)
  53 A   0.27222 0.07153 0.50911 0.14714 ( 3)
  54 C   0.30391 0.04696 0.54548 0.10365 ( 3)
  55 S   0.28676 0.05975 0.52666 0.12683 ( 3)
  56 G   0.28595 0.06040 0.52570 0.12794 ( 3)
  57 L   0.25547 0.08605 0.48687 0.17161 ( 3)
  58 G   0.28595 0.06040 0.52570 0.12794 ( 3)
  59 P   0.26933 0.07567 0.49417 0.16082 ( 3)
  60 P   0.25764 0.08393 0.49145 0.16698 ( 3)
  61 A   0.27799 0.06610 0.51991 0.13599 ( 3)
  62 S   0.29385 0.05319 0.54025 0.11271 ( 3)
  63 P   0.29056 0.05605 0.53493 0.11846 ( 3)
  64 G   0.10077 0.23112 0.18713 0.48098 ( 4)
  65 L   0.25867 0.08294 0.49297 0.16541 ( 3)
  66 R   0.33988 0.02205 0.58591 0.05216 ( 3)
  67 G   0.30913 0.04173 0.55795 0.09118 ( 3)
  68 G   0.29041 0.05459 0.54251 0.11249 ( 3)
  69 G   0.30224 0.04557 0.55566 0.09653 ( 3)
  70 A   0.09724 0.24310 0.18847 0.47118 ( 4)
  71 P   0.26963 0.07391 0.50447 0.15199 ( 3)
  72 G   0.30726 0.04033 0.56772 0.08469 ( 3)
  73 E   0.02065 0.30560 0.03836 0.63539 ( 4)
  74 P   0.01331 0.32035 0.02531 0.64104 ( 4)
  75 G   0.30963 0.03885 0.56923 0.08229 ( 3)
  76 P   0.31102 0.03738 0.57259 0.07901 ( 3)
  77 V   0.00000 0.31783 0.00000 0.68216 ( 4)
  78 S   0.02205 0.30057 0.04054 0.63684 ( 4)
  79 P   0.27371 0.06830 0.52210 0.13589 ( 3)
  80 Q   0.00242 0.32188 0.00448 0.67122 ( 4)
  81 T   0.32732 0.02561 0.59114 0.05593 ( 3)
  82 E   0.29991 0.04640 0.55721 0.09648 ( 3)
  83 R   0.20389 0.13407 0.36555 0.29649 ( 3)
  84 L   0.26691 0.07494 0.50868 0.14946 ( 3)
  85 T   0.33172 0.02241 0.59660 0.04926 ( 3)
  86 A   0.31414 0.03515 0.57588 0.07483 ( 3)
  87 E   0.30326 0.04522 0.55537 0.09615 ( 3)
  88 Q   0.30148 0.04507 0.55947 0.09398 ( 3)
  89 I   0.09258 0.09268 0.72628 0.08846 ( 3)
  90 K   0.02024 0.31674 0.03876 0.62426 ( 4)
  91 E   0.12964 0.20444 0.24085 0.42508 ( 4)
  92 Y   0.30662 0.04097 0.56629 0.08612 ( 3)
  93 K   0.02762 0.39334 0.22381 0.35523 ( 2)
  94 G   0.31015 0.03804 0.57160 0.08021 ( 3)
  95 V   0.34873 0.01256 0.60970 0.02901 ( 3)
  96 S   0.09803 0.23748 0.18561 0.47888 ( 4)
  97 E   0.29991 0.04640 0.55721 0.09648 ( 3)
  98 M   0.30767 0.04009 0.56792 0.08432 ( 3)
  99 F   0.27679 0.06603 0.52403 0.13315 ( 3)
 100 D   0.32078 0.03065 0.58224 0.06633 ( 3)
 101 E   0.30044 0.04591 0.55819 0.09546 ( 3)
 102 E   0.13107 0.20311 0.24351 0.42231 ( 4)
 103 G   0.30662 0.04092 0.56654 0.08592 ( 3)
 104 N   0.33842 0.01830 0.60233 0.04095 ( 3)
 105 G   0.31185 0.03682 0.57333 0.07799 ( 3)
 106 A   0.31469 0.03465 0.57689 0.07377 ( 3)
 107 V   0.31920 0.03129 0.58234 0.06717 ( 3)
 108 K   0.16308 0.17225 0.29958 0.36508 ( 4)
 109 T   0.32785 0.02514 0.59210 0.05491 ( 3)
 110 D   0.31183 0.03686 0.57326 0.07805 ( 3)
 111 E   0.30044 0.04591 0.55819 0.09546 ( 3)
 112 L   0.26659 0.07526 0.50806 0.15009 ( 3)
 113 E   0.30044 0.04591 0.55819 0.09546 ( 3)
 114 R   0.34173 0.01639 0.60483 0.03705 ( 3)
 115 L   0.30492 0.04224 0.56435 0.08848 ( 3)
 116 M   0.02290 0.30127 0.04227 0.63356 ( 4)
 117 S   0.29386 0.05107 0.55027 0.10480 ( 3)
 118 L   0.26720 0.07467 0.50923 0.14891 ( 3)
 119 R   0.01453 0.31995 0.02769 0.63784 ( 4)
 120 G   0.30778 0.03985 0.56869 0.08367 ( 3)
 121 T   0.16544 0.16950 0.30235 0.36271 ( 4)
 122 N   0.33842 0.01830 0.60233 0.04095 ( 3)
 123 P   0.31048 0.03787 0.57160 0.08005 ( 3)
 124 A   0.22004 0.11982 0.39086 0.26928 ( 3)
 125 K   0.31255 0.03631 0.57416 0.07698 ( 3)
 126 S   0.21016 0.12853 0.37534 0.28597 ( 3)
 127 E   0.13248 0.20179 0.24614 0.41958 ( 4)
 128 L   0.26720 0.07467 0.50923 0.14891 ( 3)
 129 A   0.29467 0.05044 0.55111 0.10378 ( 3)
 130 S   0.31189 0.03677 0.57342 0.07791 ( 3)
 131 -   0.30488 0.04265 0.56277 0.08970 ( 3)
 132 -   0.12173 0.21282 0.22767 0.43777 ( 4)
 133 -   0.30971 0.03890 0.56894 0.08246 ( 3)
 134 D   0.15254 0.18189 0.28042 0.38515 ( 4)
 135 V   0.31920 0.03129 0.58234 0.06717 ( 3)
 136 D   0.31183 0.03686 0.57326 0.07805 ( 3)
 137 R   0.18304 0.15525 0.33804 0.32367 ( 3)
 138 E   0.02258 0.30021 0.04151 0.63570 ( 4)
 139 K   0.30011 0.04024 0.58166 0.07799 ( 3)
 140 K   0.09752 0.06782 0.77078 0.06388 ( 3)
 141 G   0.15002 0.18414 0.27581 0.39003 ( 4)
 142 F   0.30243 0.04424 0.56102 0.09232 ( 3)
 143 F   0.30243 0.04424 0.56102 0.09232 ( 3)
 144 N   0.33874 0.01803 0.60290 0.04034 ( 3)
 145 C   0.19272 0.14386 0.34591 0.31752 ( 3)
 146 K   0.02323 0.29961 0.04271 0.63444 ( 4)
 147 G   0.19677 0.14009 0.35144 0.31170 ( 3)
 148 F   0.30243 0.04424 0.56102 0.09232 ( 3)
 149 L   0.26720 0.07467 0.50923 0.14891 ( 3)
 150 A   0.31491 0.03445 0.57731 0.07333 ( 3)
 151 R   0.08782 0.24875 0.16736 0.49607 ( 4)
 152 M   0.14687 0.18756 0.27111 0.39447 ( 4)
 153 G   0.31274 0.03602 0.57495 0.07629 ( 3)
 154 V   0.32092 0.02974 0.58549 0.06384 ( 3)
 155 Y   0.08583 0.11280 0.70086 0.10051 ( 3)
 156 W   0.27213 0.07012 0.51727 0.14047 ( 3)
 157 E   0.30209 0.04438 0.56125 0.09228 ( 3)
 158 K   0.31210 0.03672 0.57334 0.07785 ( 3)
 159 A   0.29235 0.05262 0.54677 0.10825 ( 3)
 160 Q   0.30157 0.04498 0.55965 0.09380 ( 3)
 161 N   0.33801 0.01864 0.60161 0.04173 ( 3)
 162 Q   0.30157 0.04498 0.55965 0.09380 ( 3)
 163 E   0.30002 0.04630 0.55741 0.09627 ( 3)
 164 S   0.07920 0.14599 0.64374 0.13107 ( 3)
 165 E   0.30002 0.04630 0.55741 0.09627 ( 3)
 166 L   0.30449 0.04264 0.56355 0.08932 ( 3)
 167 R   0.35588 0.00910 0.61349 0.02153 ( 3)
 168 A   0.31424 0.03506 0.57607 0.07464 ( 3)
 169 A   0.29235 0.05262 0.54677 0.10825 ( 3)
 170 F   0.13292 0.20102 0.24656 0.41950 ( 4)
 171 R   0.33300 0.02179 0.59702 0.04819 ( 3)
 172 I   0.31718 0.03286 0.57965 0.07032 ( 3)
 173 F   0.30200 0.04463 0.56022 0.09314 ( 3)
 174 D   0.31138 0.03727 0.57243 0.07891 ( 3)
 175 K   0.31154 0.03723 0.57231 0.07892 ( 3)
 176 E   0.30002 0.04630 0.55741 0.09627 ( 3)
 177 G   0.02247 0.30200 0.04151 0.63402 ( 4)
 178 K   0.31210 0.03672 0.57334 0.07785 ( 3)
 179 G   0.30781 0.03982 0.56874 0.08362 ( 3)
 180 Y   0.30672 0.04088 0.56647 0.08592 ( 3)
 181 I   0.31642 0.03347 0.57852 0.07158 ( 3)
 182 D   0.31138 0.03727 0.57243 0.07891 ( 3)
 183 W   0.27213 0.07012 0.51727 0.14047 ( 3)
 184 G   0.02441 0.29856 0.04488 0.63214 ( 4)
 185 T   0.03630 0.28207 0.06556 0.61606 ( 4)
 186 L   0.02142 0.30340 0.03964 0.63554 ( 4)
 187 T   0.02630 0.29659 0.04831 0.62879 ( 4)
 188 Y   0.30886 0.03892 0.57042 0.08180 ( 3)
 189 V   0.32092 0.02974 0.58549 0.06384 ( 3)
 190 L   0.30981 0.03774 0.57340 0.07906 ( 3)
 191 T   0.00235 0.32010 0.00434 0.67322 ( 4)
 192 H   0.00712 0.29912 0.01254 0.68122 ( 4)
 193 A   0.31641 0.03309 0.58006 0.07044 ( 3)
 194 G   0.30832 0.03936 0.56968 0.08264 ( 3)
 195 E   0.30209 0.04438 0.56125 0.09228 ( 3)
 196 P   0.31220 0.03631 0.57476 0.07674 ( 3)
 197 L   0.30660 0.04069 0.56746 0.08524 ( 3)
 198 S   0.33628 0.01958 0.60059 0.04356 ( 3)
 199 E   0.30209 0.04438 0.56125 0.09228 ( 3)
 200 V   0.10034 0.23660 0.19123 0.47184 ( 4)
 201 E   0.30209 0.04438 0.56125 0.09228 ( 3)
 202 A   0.29428 0.05081 0.55038 0.10453 ( 3)
 203 E   0.13303 0.20128 0.24716 0.41852 ( 4)
 204 Q   0.14016 0.19438 0.26010 0.40536 ( 4)
 205 M   0.30938 0.03853 0.57107 0.08103 ( 3)
 206 M   0.30938 0.03853 0.57107 0.08103 ( 3)
 207 K   0.15597 0.17869 0.28652 0.37883 ( 4)
 208 E   0.33183 0.02213 0.59746 0.04857 ( 3)
 209 A   0.29428 0.05081 0.55038 0.10453 ( 3)
 210 D   0.08853 0.10255 0.71604 0.09288 ( 3)
 211 K   0.31428 0.03474 0.57734 0.07365 ( 3)
 212 D   0.16657 0.16912 0.30622 0.35809 ( 4)
 213 G   0.31358 0.03525 0.57650 0.07467 ( 3)
 214 D   0.15701 0.17782 0.28863 0.37654 ( 4)
 215 G   0.15656 0.17819 0.28783 0.37743 ( 4)
 216 T   0.34132 0.01614 0.60627 0.03627 ( 3)
 217 I   0.32679 0.02420 0.59722 0.05178 ( 3)
 218 D   0.31356 0.03529 0.57643 0.07472 ( 3)
 219 H   0.14855 0.18606 0.27435 0.39105 ( 4)
 220 E   0.30042 0.04593 0.55816 0.09549 ( 3)
 221 E   0.29064 0.04971 0.56332 0.09634 ( 3)
 222 F   0.29225 0.04809 0.56644 0.09321 ( 3)
 223 V   0.30515 0.03520 0.59144 0.06822 ( 3)
 224 A   0.28449 0.05586 0.55139 0.10826 ( 3)
 225 M   0.29634 0.04400 0.57437 0.08528 ( 3)
 226 M   0.29634 0.04400 0.57437 0.08528 ( 3)
 227 T   0.31649 0.02386 0.61342 0.04624 ( 3)
 228 G   0.29959 0.04076 0.58066 0.07899 ( 3)
 229 E   0.29064 0.04971 0.56332 0.09634 ( 3)
 230 S   0.29963 0.04071 0.58074 0.07891 ( 3)
 231 F   0.29225 0.04809 0.56644 0.09321 ( 3)
 232 K   0.30011 0.04024 0.58166 0.07799 ( 3)
 233 L   0.26762 0.07273 0.51870 0.14096 ( 3)
 234 V   0.35044 0.01114 0.61268 0.02573 ( 3)
 235 Q   0.00143 0.58688 0.01453 0.39716 ( 2)


lnL = -1778.787637

Bayes Empirical Bayes (BEB) probabilities for 4 classes (class)
(amino acids refer to 1st sequence: Egla)

   1 M   0.13230 0.66988 0.10143 0.09639 ( 2)
   2 V   0.17399 0.76580 0.00932 0.05089 ( 2)
   3 S   0.84769 0.09589 0.04992 0.00650 ( 1)
   4 L   0.46666 0.47179 0.02805 0.03350 ( 2)
   5 P   0.49000 0.45009 0.02851 0.03140 ( 1)
   6 W   0.37484 0.55503 0.02675 0.04338 ( 2)
   7 P   0.74969 0.18084 0.05539 0.01407 ( 1)
   8 H   0.88468 0.06938 0.04179 0.00416 ( 1)
   9 W   0.75112 0.18014 0.05486 0.01388 ( 1)
  10 L   0.74401 0.18606 0.05542 0.01451 ( 1)
  11 S   0.82708 0.11633 0.04870 0.00789 ( 1)
  12 S   0.84811 0.10305 0.04243 0.00641 ( 1)
  13 A   0.79105 0.14648 0.05189 0.01058 ( 1)
  14 A   0.79065 0.14650 0.05221 0.01064 ( 1)
  15 P   0.26414 0.43393 0.23996 0.06197 ( 2)
  16 L   0.74401 0.18606 0.05542 0.01451 ( 1)
  17 H   0.55485 0.39521 0.02560 0.02434 ( 1)
  18 S   0.82899 0.11465 0.04860 0.00777 ( 1)
  19 H   0.88468 0.06938 0.04179 0.00416 ( 1)
  20 M   0.43631 0.49774 0.02833 0.03762 ( 2)
  21 A   0.79105 0.14649 0.05189 0.01058 ( 1)
  22 G   0.43603 0.50239 0.02603 0.03554 ( 2)
  23 L   0.74401 0.18606 0.05542 0.01451 ( 1)
  24 P   0.82433 0.11852 0.04906 0.00810 ( 1)
  25 L   0.74401 0.18606 0.05542 0.01451 ( 1)
  26 P   0.74969 0.18084 0.05539 0.01407 ( 1)
  27 R   0.78184 0.15422 0.05263 0.01131 ( 1)
  28 A   0.45933 0.48174 0.02594 0.03299 ( 2)
  29 P   0.89153 0.06436 0.04036 0.00375 ( 1)
  30 S   0.82708 0.11633 0.04870 0.00789 ( 1)
  31 P   0.75235 0.17820 0.05559 0.01386 ( 1)
  32 L   0.78046 0.14986 0.05801 0.01166 ( 1)
  33 S   0.78742 0.14897 0.05269 0.01093 ( 1)
  34 G   0.43635 0.50204 0.02606 0.03555 ( 2)
  35 L   0.81365 0.12742 0.05006 0.00887 ( 1)
  36 A   0.83250 0.11181 0.04817 0.00751 ( 1)
  37 E   0.29791 0.36413 0.28513 0.05283 ( 2)
  38 P   0.80695 0.13552 0.04824 0.00929 ( 1)
  39 C   0.86800 0.08280 0.04404 0.00516 ( 1)
  40 S   0.82879 0.11485 0.04858 0.00778 ( 1)
  41 P   0.82433 0.11852 0.04906 0.00810 ( 1)
  42 L   0.43048 0.50771 0.02584 0.03597 ( 2)
  43 T   0.11766 0.67713 0.09988 0.10533 ( 2)
  44 T   0.88265 0.07109 0.04199 0.00428 ( 1)
  45 H   0.32262 0.28641 0.34666 0.04431 ( 3)
  46 P   0.44778 0.49199 0.02601 0.03423 ( 2)
  47 C   0.32199 0.38933 0.24115 0.04753 ( 2)
  48 A   0.79393 0.14324 0.05242 0.01041 ( 1)
  49 A   0.79065 0.14650 0.05221 0.01064 ( 1)
  50 W   0.75112 0.18014 0.05486 0.01388 ( 1)
  51 P   0.74133 0.18918 0.05477 0.01472 ( 1)
  52 Q   0.85022 0.10172 0.04182 0.00624 ( 1)
  53 A   0.77774 0.15933 0.05134 0.01158 ( 1)
  54 C   0.84889 0.10171 0.04305 0.00635 ( 1)
  55 S   0.81185 0.13164 0.04758 0.00893 ( 1)
  56 G   0.80993 0.13318 0.04782 0.00907 ( 1)
  57 L   0.73656 0.19349 0.05486 0.01510 ( 1)
  58 G   0.80993 0.13318 0.04782 0.00907 ( 1)
  59 P   0.77375 0.16953 0.04521 0.01151 ( 1)
  60 P   0.74065 0.18827 0.05617 0.01490 ( 1)
  61 A   0.79065 0.14650 0.05221 0.01064 ( 1)
  62 S   0.82708 0.11633 0.04870 0.00789 ( 1)
  63 P   0.81982 0.12299 0.04879 0.00841 ( 1)
  64 G   0.40648 0.52795 0.02609 0.03947 ( 2)
  65 L   0.74401 0.18606 0.05542 0.01451 ( 1)
  66 R   0.91544 0.04533 0.03674 0.00249 ( 1)
  67 G   0.85903 0.08976 0.04546 0.00575 ( 1)
  68 G   0.81782 0.11967 0.05384 0.00868 ( 1)
  69 G   0.84459 0.09880 0.04989 0.00672 ( 1)
  70 A   0.38392 0.53824 0.03173 0.04611 ( 2)
  71 P   0.77187 0.16504 0.05108 0.01202 ( 1)
  72 G   0.85473 0.08693 0.05231 0.00603 ( 1)
  73 E   0.16269 0.77187 0.00993 0.05551 ( 2)
  74 P   0.11267 0.81566 0.00795 0.06372 ( 2)
  75 G   0.85998 0.08354 0.05081 0.00567 ( 1)
  76 P   0.86294 0.08021 0.05138 0.00547 ( 1)
  77 V   0.00045 0.93794 0.00002 0.06159 ( 2)
  78 S   0.17292 0.76518 0.00971 0.05220 ( 2)
  79 P   0.77763 0.15141 0.05900 0.01197 ( 1)
  80 Q   0.04233 0.89275 0.00246 0.06245 ( 2)
  81 T   0.89566 0.05377 0.04716 0.00341 ( 1)
  82 E   0.83842 0.10079 0.05359 0.00720 ( 1)
  83 R   0.66592 0.28301 0.03291 0.01816 ( 1)
  84 L   0.76306 0.16707 0.05685 0.01303 ( 1)
  85 T   0.90376 0.04674 0.04656 0.00293 ( 1)
  86 A   0.86948 0.07515 0.05033 0.00504 ( 1)
  87 E   0.84465 0.09786 0.05069 0.00681 ( 1)
  88 Q   0.84286 0.09773 0.05257 0.00684 ( 1)
  89 I   0.42030 0.25134 0.29992 0.02843 ( 1)
  90 K   0.15495 0.77158 0.01139 0.06208 ( 2)
  91 E   0.48449 0.45221 0.03030 0.03300 ( 1)
  92 Y   0.85365 0.08838 0.05187 0.00610 ( 1)
  93 K   0.13657 0.64671 0.11663 0.10009 ( 2)
  94 G   0.85898 0.08154 0.05367 0.00581 ( 1)
  95 V   0.93260 0.02538 0.04058 0.00145 ( 1)
  96 S   0.39405 0.53717 0.02741 0.04138 ( 2)
  97 E   0.83842 0.10079 0.05359 0.00720 ( 1)
  98 M   0.85561 0.08637 0.05205 0.00597 ( 1)
  99 F   0.78665 0.14624 0.05602 0.01109 ( 1)
 100 D   0.88269 0.06500 0.04810 0.00421 ( 1)
 101 E   0.83956 0.09966 0.05367 0.00711 ( 1)
 102 E   0.48815 0.44857 0.03053 0.03274 ( 1)
 103 G   0.85339 0.08826 0.05223 0.00612 ( 1)
 104 N   0.91561 0.03773 0.04438 0.00229 ( 1)
 105 G   0.86462 0.07894 0.05109 0.00536 ( 1)
 106 A   0.87061 0.07403 0.05040 0.00496 ( 1)
 107 V   0.87967 0.06646 0.04948 0.00438 ( 1)
 108 K   0.56932 0.37171 0.03297 0.02601 ( 1)
 109 T   0.89671 0.05273 0.04722 0.00334 ( 1)
 110 D   0.86425 0.07903 0.05133 0.00539 ( 1)
 111 E   0.83956 0.09966 0.05367 0.00711 ( 1)
 112 L   0.76231 0.16782 0.05679 0.01308 ( 1)
 113 E   0.83956 0.09966 0.05367 0.00711 ( 1)
 114 R   0.92147 0.03357 0.04297 0.00199 ( 1)
 115 L   0.85008 0.09126 0.05232 0.00634 ( 1)
 116 M   0.17745 0.75931 0.01030 0.05294 ( 2)
 117 S   0.82505 0.11155 0.05523 0.00817 ( 1)
 118 L   0.76372 0.16641 0.05690 0.01297 ( 1)
 119 R   0.12062 0.80746 0.00859 0.06333 ( 2)
 120 G   0.85584 0.08583 0.05238 0.00595 ( 1)
 121 T   0.57680 0.36621 0.03204 0.02496 ( 1)
 122 N   0.91561 0.03773 0.04438 0.00229 ( 1)
 123 P   0.86183 0.08132 0.05131 0.00554 ( 1)
 124 A   0.70102 0.25049 0.03285 0.01565 ( 1)
 125 K   0.86579 0.07779 0.05113 0.00529 ( 1)
 126 S   0.67936 0.27035 0.03305 0.01724 ( 1)
 127 E   0.49180 0.44495 0.03076 0.03249 ( 1)
 128 L   0.76372 0.16641 0.05690 0.01297 ( 1)
 129 A   0.82727 0.11010 0.05464 0.00799 ( 1)
 130 S   0.86490 0.07882 0.05095 0.00534 ( 1)
 131 -   0.84975 0.09218 0.05169 0.00638 ( 1)
 132 -   0.46249 0.47263 0.02987 0.03500 ( 2)
 133 -   0.85991 0.08363 0.05078 0.00568 ( 1)
 134 D   0.54439 0.39618 0.03167 0.02776 ( 1)
 135 V   0.87967 0.06646 0.04948 0.00438 ( 1)
 136 D   0.86425 0.07903 0.05133 0.00539 ( 1)
 137 R   0.60696 0.32561 0.04137 0.02605 ( 1)
 138 E   0.17627 0.76139 0.00998 0.05235 ( 2)
 139 K   0.83534 0.08681 0.07055 0.00729 ( 1)
 140 K   0.44644 0.18832 0.34315 0.02209 ( 1)
 141 G   0.53873 0.40207 0.03117 0.02803 ( 1)
 142 F   0.84476 0.09582 0.05270 0.00671 ( 1)
 143 F   0.84476 0.09582 0.05270 0.00671 ( 1)
 144 N   0.91619 0.03716 0.04440 0.00225 ( 1)
 145 C   0.64195 0.30632 0.03200 0.01974 ( 1)
 146 K   0.18008 0.75761 0.01020 0.05210 ( 2)
 147 G   0.65148 0.29791 0.03164 0.01896 ( 1)
 148 F   0.84476 0.09582 0.05270 0.00671 ( 1)
 149 L   0.76372 0.16641 0.05690 0.01297 ( 1)
 150 A   0.87107 0.07357 0.05043 0.00493 ( 1)
 151 R   0.36201 0.56685 0.02633 0.04481 ( 2)
 152 M   0.52972 0.40966 0.03156 0.02906 ( 1)
 153 G   0.86643 0.07714 0.05120 0.00524 ( 1)
 154 V   0.88315 0.06302 0.04968 0.00415 ( 1)
 155 Y   0.34409 0.26400 0.35266 0.03925 ( 3)
 156 W   0.77557 0.15578 0.05666 0.01199 ( 1)
 157 E   0.84308 0.09617 0.05389 0.00686 ( 1)
 158 K   0.86487 0.07871 0.05107 0.00535 ( 1)
 159 A   0.82222 0.11512 0.05431 0.00835 ( 1)
 160 Q   0.84307 0.09753 0.05258 0.00682 ( 1)
 161 N   0.91486 0.03847 0.04434 0.00233 ( 1)
 162 Q   0.84307 0.09753 0.05258 0.00682 ( 1)
 163 E   0.83865 0.10056 0.05361 0.00718 ( 1)
 164 S   0.31189 0.32873 0.31044 0.04894 ( 2)
 165 E   0.83865 0.10056 0.05361 0.00718 ( 1)
 166 L   0.84916 0.09217 0.05226 0.00641 ( 1)
 167 R   0.94306 0.01809 0.03786 0.00099 ( 1)
 168 A   0.86969 0.07494 0.05035 0.00502 ( 1)
 169 A   0.82222 0.11512 0.05431 0.00835 ( 1)
 170 F   0.49416 0.44387 0.03015 0.03181 ( 1)
 171 R   0.90630 0.04534 0.04556 0.00280 ( 1)
 172 I   0.87576 0.06999 0.04963 0.00463 ( 1)
 173 F   0.84385 0.09672 0.05265 0.00678 ( 1)
 174 D   0.86332 0.07995 0.05127 0.00545 ( 1)
 175 K   0.86371 0.07986 0.05100 0.00543 ( 1)
 176 E   0.83865 0.10056 0.05361 0.00718 ( 1)
 177 G   0.17480 0.76172 0.01021 0.05328 ( 2)
 178 K   0.86487 0.07871 0.05107 0.00535 ( 1)
 179 G   0.85589 0.08577 0.05238 0.00595 ( 1)
 180 Y   0.85387 0.08817 0.05188 0.00608 ( 1)
 181 I   0.87427 0.07136 0.04964 0.00473 ( 1)
 182 D   0.86332 0.07995 0.05127 0.00545 ( 1)
 183 W   0.77557 0.15578 0.05666 0.01199 ( 1)
 184 G   0.18685 0.75088 0.01059 0.05168 ( 2)
 185 T   0.25345 0.68949 0.01274 0.04432 ( 2)
 186 L   0.16844 0.76790 0.00989 0.05377 ( 2)
 187 T   0.19756 0.74051 0.01114 0.05079 ( 2)
 188 Y   0.85835 0.08371 0.05216 0.00577 ( 1)
 189 V   0.88315 0.06302 0.04968 0.00415 ( 1)
 190 L   0.86036 0.08106 0.05296 0.00563 ( 1)
 191 T   0.04157 0.89425 0.00236 0.06182 ( 2)
 192 H   0.10668 0.83947 0.00454 0.04931 ( 2)
 193 A   0.87414 0.07052 0.05061 0.00473 ( 1)
 194 G   0.85696 0.08472 0.05245 0.00588 ( 1)
 195 E   0.84308 0.09617 0.05389 0.00686 ( 1)
 196 P   0.86539 0.07778 0.05152 0.00530 ( 1)
 197 L   0.85363 0.08774 0.05254 0.00610 ( 1)
 198 S   0.91189 0.04053 0.04510 0.00248 ( 1)
 199 E   0.84308 0.09617 0.05389 0.00686 ( 1)
 200 V   0.39855 0.53042 0.02903 0.04201 ( 2)
 201 E   0.84308 0.09617 0.05389 0.00686 ( 1)
 202 A   0.82643 0.11094 0.05459 0.00805 ( 1)
 203 E   0.49312 0.44364 0.03085 0.03239 ( 1)
 204 Q   0.51219 0.42602 0.03126 0.03053 ( 1)
 205 M   0.85918 0.08282 0.05227 0.00573 ( 1)
 206 M   0.85918 0.08282 0.05227 0.00573 ( 1)
 207 K   0.55279 0.38812 0.03198 0.02711 ( 1)
 208 E   0.90396 0.04614 0.04699 0.00291 ( 1)
 209 A   0.82643 0.11094 0.05459 0.00805 ( 1)
 210 D   0.36739 0.25071 0.34695 0.03496 ( 1)
 211 K   0.86936 0.07426 0.05134 0.00504 ( 1)
 212 D   0.57716 0.36367 0.03362 0.02555 ( 1)
 213 G   0.86818 0.07541 0.05130 0.00512 ( 1)
 214 D   0.55489 0.38577 0.03229 0.02705 ( 1)
 215 G   0.55425 0.38668 0.03209 0.02699 ( 1)
 216 T   0.92111 0.03307 0.04384 0.00198 ( 1)
 217 I   0.89513 0.05079 0.05074 0.00335 ( 1)
 218 D   0.86782 0.07549 0.05154 0.00515 ( 1)
 219 H   0.53385 0.40566 0.03177 0.02872 ( 1)
 220 E   0.83951 0.09971 0.05366 0.00712 ( 1)
 221 E   0.81388 0.10827 0.06874 0.00910 ( 1)
 222 F   0.81765 0.10450 0.06906 0.00879 ( 1)
 223 V   0.84669 0.07547 0.07151 0.00633 ( 1)
 224 A   0.79988 0.12227 0.06755 0.01029 ( 1)
 225 M   0.82687 0.09528 0.06984 0.00801 ( 1)
 226 M   0.82687 0.09528 0.06984 0.00801 ( 1)
 227 T   0.87177 0.05039 0.07363 0.00422 ( 1)
 228 G   0.83421 0.08794 0.07046 0.00739 ( 1)
 229 E   0.81388 0.10827 0.06874 0.00910 ( 1)
 230 S   0.83434 0.08782 0.07047 0.00738 ( 1)
 231 F   0.81765 0.10450 0.06906 0.00879 ( 1)
 232 K   0.83534 0.08681 0.07055 0.00729 ( 1)
 233 L   0.76087 0.16129 0.06425 0.01360 ( 1)
 234 V   0.93560 0.02241 0.04071 0.00128 ( 1)
 235 Q   0.01322 0.74416 0.02877 0.21386 ( 2)

