Supplemental results for CODEML (seqf: /home/leticiamagpali/phd/evol_models/codeml/small_dataset/cml_align/CALML6_codon_aligned.phy  treef: /home/leticiamagpali/phd/evol_models/codeml/small_dataset/cml_trees/gene_trees/H1a_gene_trees/CALML6_tree_H1a.tre)

I	J	ij	2Ns_IJ	pMut_IJ	pSub_IJ	2Ns_JI	pMut_JI	pSub_JI

TTC	TTT	CT	-0.07481	0.10054	0.09683	0.07481	0.09330	0.09683
TTA	TTT	AT	10.42079	0.00000	0.00000	-10.42079	0.02426	0.00001
TTA	TTC	AC	10.49560	0.00000	0.00000	-10.49560	0.09058	0.00003
TTG	TTT	GT	2.33902	0.00082	0.00212	-2.33902	0.00850	0.00212
TTG	TTC	GC	2.41383	0.00284	0.00753	-2.41383	0.03173	0.00753
TTG	TTA	GA	-8.08177	0.01418	0.00004	8.08177	0.00000	0.00000
TCT	TTT	CT	1.03277	0.03322	0.05327	-1.03277	0.09330	0.05327
TCC	TTC	CT	1.32626	0.09246	0.16695	-1.32626	0.34831	0.16695
TCC	TCT	CT	0.21868	0.09246	0.10294	-0.21868	0.11507	0.10294
TCA	TTA	CT	-4.40397	0.00090	0.00005	4.40397	0.00000	0.00000
TCA	TCT	AT	4.98405	0.00020	0.00103	-4.98405	0.02992	0.00103
TCA	TCC	AC	4.76537	0.00071	0.00341	-4.76537	0.08330	0.00341
TCG	TTG	CT	2.62878	0.00090	0.00254	-2.62878	0.01244	0.00254
TCG	TCT	GT	3.93503	0.00020	0.00082	-3.93503	0.01048	0.00082
TCG	TCC	GC	3.71636	0.00071	0.00270	-3.71636	0.02918	0.00270
TCG	TCA	GA	-1.04902	0.00354	0.00200	1.04902	0.00124	0.00200
TAT	TTT	AT	10.42079	0.00000	0.00000	-10.42079	0.02426	0.00001
TAT	TCT	AC	9.38802	0.00000	0.00000	-9.38802	0.02992	0.00002
TAC	TTC	AT	1.69718	0.01659	0.03448	-1.69718	0.09058	0.03448
TAC	TCC	AC	0.37092	0.05749	0.06880	-0.37092	0.08330	0.06880
TAC	TAT	CT	-8.79842	0.07272	0.00010	8.79842	0.00000	0.00000
TGT	TTT	GT	1.16036	0.00266	0.00450	-1.16036	0.00850	0.00450
TGT	TCT	GC	0.12760	0.00923	0.00983	-0.12760	0.01048	0.00983
TGT	TAT	GA	-9.26042	0.04607	0.00004	9.26042	0.00000	0.00000
TGC	TTC	GT	1.40503	0.00778	0.01449	-1.40503	0.03173	0.01449
TGC	TCC	GC	0.07877	0.02697	0.02804	-0.07877	0.02918	0.02804
TGC	TAC	GA	-0.29215	0.13467	0.11595	0.29215	0.10055	0.11595
TGC	TGT	CT	0.16985	0.03411	0.03709	-0.16985	0.04043	0.03709
TGG	TTG	GT	-2.58005	0.01496	0.00316	2.58005	0.00113	0.00316
TGG	TCG	GC	-5.20883	0.05181	0.00148	5.20883	0.00028	0.00148
TGG	TGT	GT	-1.40140	0.01496	0.00685	1.40140	0.00368	0.00685
TGG	TGC	GC	-1.57125	0.05181	0.02135	1.57125	0.01076	0.02135
CTT	TTT	CT	10.29014	0.00000	0.00000	-10.29014	0.09330	0.00003
CTC	TTC	CT	1.19030	0.10593	0.18120	-1.19030	0.34831	0.18120
CTC	CTT	CT	-9.17465	0.10593	0.00010	9.17465	0.00000	0.00000
CTA	TTA	CT	-5.09712	0.00180	0.00006	5.09712	0.00000	0.00000
CTA	CTT	AT	-4.96647	0.00041	0.00001	4.96647	0.00000	0.00000
CTA	CTC	AC	4.20818	0.00142	0.00606	-4.20818	0.09543	0.00606
CTG	TTG	CT	-2.72780	0.19032	0.03631	2.72780	0.01244	0.03631
CTG	CTT	GT	-10.67893	0.04343	0.00001	10.67893	0.00000	0.00000
CTG	CTC	GC	-1.50427	0.15045	0.06465	1.50427	0.03343	0.06465
CTG	CTA	GA	-5.71245	0.75131	0.01423	5.71245	0.00248	0.01423
CCT	TCT	CT	0.22843	0.09157	0.10242	-0.22843	0.11507	0.10242
CCT	CTT	CT	-9.02894	0.09157	0.00010	9.02894	0.00000	0.00000
CCC	TCC	CT	1.10653	0.10593	0.17513	-1.10653	0.32032	0.17513
CCC	CTC	CT	1.24249	0.10593	0.18503	-1.24249	0.36697	0.18503
CCC	CCT	CT	1.09678	0.10593	0.17443	-1.09678	0.31721	0.17443
CCA	TCA	CT	-2.28387	0.03052	0.00791	2.28387	0.00311	0.00791
CCA	CTA	CT	-1.59073	0.03052	0.01243	1.59073	0.00622	0.01243
CCA	CCT	AT	2.47174	0.00697	0.01880	-2.47174	0.08249	0.01880
CCA	CCC	AC	1.37497	0.02413	0.04440	-1.37497	0.09543	0.04440
CCG	TCG	CT	-1.46556	0.01347	0.00593	1.46556	0.00311	0.00593
CCG	CTG	CT	3.89102	0.01347	0.05349	-3.89102	0.65930	0.05349
CCG	CCT	GT	2.24104	0.00307	0.00771	-2.24104	0.02890	0.00771
CCG	CCC	GC	1.14426	0.01065	0.01787	-1.14426	0.03343	0.01787
CCG	CCA	GA	-0.23071	0.05316	0.04726	0.23071	0.04221	0.04726
CAT	TAT	CT	-6.70655	0.00898	0.00007	6.70655	0.00000	0.00000
CAT	CTT	AT	-6.57591	0.00205	0.00002	6.57591	0.00000	0.00000
CAT	CCT	AC	2.45303	0.00710	0.01905	-2.45303	0.08249	0.01905
CAC	TAC	CT	1.89927	0.03770	0.08422	-1.89927	0.25190	0.08422
CAC	CTC	AT	2.40615	0.00860	0.02275	-2.40615	0.09543	0.02275
CAC	CCC	AC	1.16366	0.02981	0.05044	-1.16366	0.09543	0.05044
CAC	CAT	CT	-0.19260	0.03770	0.03419	0.19260	0.03110	0.03419
CAA	CTA	AT	-0.13095	0.00184	0.00173	0.13095	0.00162	0.00173
CAA	CCA	AC	1.45978	0.00639	0.01215	-1.45978	0.02750	0.01215
CAA	CAT	AT	1.47849	0.00184	0.00353	-1.47849	0.00809	0.00353
CAA	CAC	AC	1.67109	0.00639	0.01315	-1.67109	0.03397	0.01315
CAG	CTG	AT	2.20793	0.01885	0.04675	-2.20793	0.17145	0.04675
CAG	CCG	AC	-1.68310	0.06529	0.02508	1.68310	0.01213	0.02508
CAG	CAT	GT	-1.89509	0.01885	0.00632	1.89509	0.00283	0.00632
CAG	CAC	GC	-1.70249	0.06529	0.02477	1.70249	0.01190	0.02477
CAG	CAA	GA	-3.37358	0.32604	0.03903	3.37358	0.01117	0.03903
CGT	TGT	CT	2.42114	0.00359	0.00954	-2.42114	0.04043	0.00954
CGT	CTT	GT	-6.70864	0.00082	0.00001	6.70864	0.00000	0.00000
CGT	CCT	GC	2.32031	0.00284	0.00730	-2.32031	0.02890	0.00730
CGT	CAT	GA	-0.13272	0.01418	0.01326	0.13272	0.01241	0.01326
CGC	TGC	CT	1.44609	0.02783	0.05264	-1.44609	0.11818	0.05264
CGC	CTC	GT	1.66081	0.00635	0.01302	-1.66081	0.03343	0.01302
CGC	CCC	GC	0.41832	0.02200	0.02692	-0.41832	0.03343	0.02692
CGC	CAC	GA	-0.74533	0.10986	0.07396	0.74533	0.05214	0.07396
CGC	CGT	CT	-0.80521	0.02783	0.01811	0.80521	0.01244	0.01811
CGA	CTA	GT	-1.62180	0.00287	0.00115	1.62180	0.00057	0.00115
CGA	CCA	GC	-0.03107	0.00994	0.00978	0.03107	0.00963	0.00978
CGA	CAA	GA	-1.49085	0.04961	0.02150	1.49085	0.01117	0.02150
CGA	CGT	AT	0.12037	0.00287	0.00304	-0.12037	0.00323	0.00304
CGA	CGC	AC	0.92557	0.00994	0.01523	-0.92557	0.02507	0.01523
CGG	TGG	CT	2.39745	0.02065	0.05445	-2.39745	0.22702	0.05445
CGG	CTG	GT	2.54521	0.00471	0.01301	-2.54521	0.06006	0.01301
CGG	CCG	GC	-1.34582	0.01632	0.00773	1.34582	0.00425	0.00773
CGG	CAG	GA	0.33728	0.08151	0.09603	-0.33728	0.11421	0.09603
CGG	CGT	GT	-1.42509	0.00471	0.00213	1.42509	0.00113	0.00213
CGG	CGC	GC	-0.61988	0.01632	0.01178	0.61988	0.00878	0.01178
CGG	CGA	GA	-1.54545	0.08151	0.03414	1.54545	0.01738	0.03414
ATT	TTT	AT	2.82842	0.00143	0.00431	-2.82842	0.02426	0.00431
ATT	CTT	AC	-7.46173	0.00497	0.00002	7.46173	0.00000	0.00000
ATC	TTC	AT	1.87212	0.01393	0.03082	-1.87212	0.09058	0.03082
ATC	CTC	AC	0.68182	0.04826	0.06657	-0.68182	0.09543	0.06657
ATC	ATT	CT	-1.03111	0.06104	0.03489	1.03111	0.02177	0.03489
ATA	TTA	AT	-5.65962	0.00082	0.00002	5.65962	0.00000	0.00000
ATA	CTA	AC	-0.56250	0.00284	0.00211	0.56250	0.00162	0.00211
ATA	ATT	AT	1.93275	0.00082	0.00185	-1.93275	0.00566	0.00185
ATA	ATC	AC	2.96386	0.00284	0.00887	-2.96386	0.05499	0.00887
ATG	TTG	AT	-2.35256	0.03401	0.00841	2.35256	0.00323	0.00841
ATG	CTG	AC	0.37524	0.11781	0.14129	-0.37524	0.17145	0.14129
ATG	ATT	GT	-2.84196	0.03401	0.00598	2.84196	0.00198	0.00598
ATG	ATC	GC	-1.81085	0.11781	0.04170	1.81085	0.01926	0.04170
ATG	ATA	GA	-4.77471	0.58829	0.02391	4.77471	0.00497	0.02391
ACT	TCT	AT	2.27600	0.00307	0.00779	-2.27600	0.02992	0.00779
ACT	CCT	AC	2.04756	0.01065	0.02503	-2.04756	0.08249	0.02503
ACT	ATT	CT	0.48035	0.01347	0.01696	-0.48035	0.02177	0.01696
ACC	TCC	AT	2.11604	0.01004	0.02415	-2.11604	0.08330	0.02415
ACC	CCC	AC	1.00951	0.03477	0.05523	-1.00951	0.09543	0.05523
ACC	ATC	CT	1.57018	0.04399	0.08721	-1.57018	0.21147	0.08721
ACC	ACT	CT	0.05872	0.04399	0.04529	-0.05872	0.04665	0.04529
ACA	TCA	AT	0.67998	0.00041	0.00056	-0.67998	0.00081	0.00056
ACA	CCA	AC	2.96386	0.00142	0.00444	-2.96386	0.02750	0.00444
ACA	ATA	CT	1.93564	0.00180	0.00406	-1.93564	0.01244	0.00406
ACA	ACT	AT	3.38803	0.00041	0.00144	-3.38803	0.01213	0.00144
ACA	ACC	AC	3.32932	0.00142	0.00490	-3.32932	0.03963	0.00490
ACG	TCG	AT	-2.87537	0.01434	0.00246	2.87537	0.00081	0.00246
ACG	CCG	AC	-1.40980	0.04968	0.02263	1.40980	0.01213	0.02263
ACG	ATG	CT	2.10598	0.06284	0.15068	-2.10598	0.51624	0.15068
ACG	ACT	GT	-1.21633	0.01434	0.00734	1.21633	0.00425	0.00734
ACG	ACC	GC	-1.27505	0.04968	0.02456	1.27505	0.01388	0.02456
ACG	ACA	GA	-4.60436	0.24807	0.01155	4.60436	0.00248	0.01155
AAT	TAT	AT	-6.75823	0.00246	0.00002	6.75823	0.00000	0.00000
AAT	CAT	AC	-0.05168	0.00852	0.00830	0.05168	0.00809	0.00830
AAT	ATT	AT	0.83413	0.00246	0.00362	-0.83413	0.00566	0.00362
AAT	ACT	AC	0.35379	0.00852	0.01011	-0.35379	0.01213	0.01011
AAC	TAC	AT	1.57792	0.01352	0.02688	-1.57792	0.06551	0.02688
AAC	CAC	AC	-0.32134	0.04684	0.03972	0.32134	0.03397	0.03972
AAC	ATC	AT	1.40298	0.01352	0.02515	-1.40298	0.05499	0.02515
AAC	ACC	AC	-0.16719	0.04684	0.04303	0.16719	0.03963	0.04303
AAC	AAT	CT	-0.46226	0.05925	0.04661	0.46226	0.03732	0.04661
AAA	CAA	AC	-0.44472	0.01136	0.00902	0.44472	0.00728	0.00902
AAA	ATA	AT	-0.01316	0.00328	0.00326	0.01316	0.00323	0.00326
AAA	ACA	AC	-1.94880	0.01136	0.00368	1.94880	0.00162	0.00368
AAA	AAT	AT	1.08545	0.00328	0.00537	-1.08545	0.00970	0.00537
AAA	AAC	AC	1.54771	0.01136	0.02232	-1.54771	0.05338	0.02232
AAG	CAG	AC	-0.64087	0.14123	0.10077	0.64087	0.07440	0.10077
AAG	ATG	AT	1.19181	0.04077	0.06978	-1.19181	0.13425	0.06978
AAG	ACG	AC	-0.91417	0.14123	0.08638	0.91417	0.05661	0.08638
AAG	AAT	GT	-2.48428	0.04077	0.00921	2.48428	0.00340	0.00921
AAG	AAC	GC	-2.02202	0.14123	0.04357	2.02202	0.01870	0.04357
AAG	AAA	GA	-3.56973	0.70524	0.07296	3.56973	0.01986	0.07296
AGT	TGT	AT	0.08793	0.00963	0.01006	-0.08793	0.01051	0.01006
AGT	CGT	AC	-2.33321	0.03336	0.00836	2.33321	0.00323	0.00836
AGT	ATT	GT	-1.58012	0.00963	0.00395	1.58012	0.00198	0.00395
AGT	ACT	GC	-2.06047	0.03336	0.01003	2.06047	0.00425	0.01003
AGT	AAT	GA	-2.41426	0.16656	0.03950	2.41426	0.01490	0.03950
AGC	TGC	AT	1.04042	0.01086	0.01747	-1.04042	0.03073	0.01747
AGC	CGC	AC	-0.40566	0.03761	0.03050	0.40566	0.02507	0.03050
AGC	ATC	GT	0.57333	0.01086	0.01427	-0.57333	0.01926	0.01427
AGC	ACC	GC	-0.99684	0.03761	0.02193	0.99684	0.01388	0.02193
AGC	AAC	GA	-0.82965	0.18783	0.12056	0.82965	0.08193	0.12056
AGC	AGT	CT	1.12234	0.04758	0.07917	-1.12234	0.14617	0.07917
AGA	CGA	AC	-0.06351	0.01206	0.01169	0.06351	0.01132	0.01169
AGA	ATA	GT	-1.12280	0.00348	0.00189	1.12280	0.00113	0.00189
AGA	ACA	GC	-3.05844	0.01206	0.00182	3.05844	0.00057	0.00182
AGA	AAA	GA	-1.10964	0.06025	0.03288	1.10964	0.01986	0.03288
AGA	AGT	AT	2.39006	0.00348	0.00916	-2.39006	0.03801	0.00916
AGA	AGC	AC	1.26772	0.01206	0.02129	-1.26772	0.04286	0.02129
AGG	TGG	AT	2.10824	0.00717	0.01721	-2.10824	0.05904	0.01721
AGG	CGG	AC	-0.28921	0.02484	0.02142	0.28921	0.01860	0.02142
AGG	ATG	GT	1.88075	0.00717	0.01591	-1.88075	0.04703	0.01591
AGG	ACG	GC	-0.22523	0.02484	0.02215	0.22523	0.01983	0.02215
AGG	AAG	GA	0.68894	0.12404	0.17163	-0.68894	0.24703	0.17163
AGG	AGT	GT	0.61891	0.00717	0.00962	-0.61891	0.01331	0.00962
AGG	AGC	GC	-0.50343	0.02484	0.01911	0.50343	0.01501	0.01911
AGG	AGA	GA	-1.77115	0.12404	0.04504	1.77115	0.02110	0.04504
GTT	TTT	GT	9.37177	0.00000	0.00000	-9.37177	0.00850	0.00001
GTT	CTT	GC	-0.91837	0.00000	0.00000	0.91837	0.00000	0.00000
GTT	ATT	GA	6.54335	0.00000	0.00000	-6.54335	0.00869	0.00008
GTC	TTC	GT	1.51625	0.00697	0.01353	-1.51625	0.03173	0.01353
GTC	CTC	GC	0.32595	0.02413	0.02828	-0.32595	0.03343	0.02828
GTC	ATC	GA	-0.35587	0.12049	0.10032	0.35587	0.08441	0.10032
GTC	GTT	CT	-7.93033	0.03052	0.00009	7.93033	0.00000	0.00000
GTA	TTA	GT	0.32411	0.00000	0.00000	-0.32411	0.00000	0.00000
GTA	CTA	GC	5.42123	0.00000	0.00000	-5.42123	0.00057	0.00001
GTA	ATA	GA	5.98374	0.00000	0.00000	-5.98374	0.00497	0.00008
GTA	GTT	AT	1.37313	0.00000	0.00000	-1.37313	0.00000	0.00000
GTA	GTC	AC	9.30346	0.00000	0.00000	-9.30346	0.02750	0.00002
GTG	TTG	GT	-3.06028	0.02417	0.00364	3.06028	0.00113	0.00364
GTG	CTG	GC	-0.33247	0.08374	0.07059	0.33247	0.06006	0.07059
GTG	ATG	GA	-0.70771	0.41818	0.28752	0.70771	0.20607	0.28752
GTG	GTT	GT	-10.09303	0.02417	0.00001	10.09303	0.00000	0.00000
GTG	GTC	GC	-2.16270	0.08374	0.02354	2.16270	0.00963	0.02354
GTG	GTA	GA	-11.46616	0.41818	0.00005	11.46616	0.00000	0.00000
GCT	TCT	GT	0.50105	0.00635	0.00807	-0.50105	0.01048	0.00807
GCT	CCT	GC	0.27261	0.02200	0.02514	-0.27261	0.02890	0.02514
GCT	ACT	GA	-1.77495	0.10986	0.03980	1.77495	0.01862	0.03980
GCT	GTT	CT	-7.83796	0.02783	0.00009	7.83796	0.00000	0.00000
GCC	TCC	GT	-0.22854	0.03667	0.03264	0.22854	0.02918	0.03264
GCC	CCC	GC	-1.33507	0.12703	0.06057	1.33507	0.03343	0.06057
GCC	ACC	GA	-2.34458	0.63436	0.15774	2.34458	0.06083	0.15774
GCC	GTC	CT	-0.41854	0.16069	0.12940	0.41854	0.10574	0.12940
GCC	GCT	CT	-0.51091	0.16069	0.12312	0.51091	0.09641	0.12312
GCA	TCA	GT	-0.36903	0.00041	0.00034	0.36903	0.00028	0.00034
GCA	CCA	GC	1.91484	0.00142	0.00319	-1.91484	0.00963	0.00319
GCA	ACA	GA	-1.04902	0.00709	0.00401	1.04902	0.00248	0.00401
GCA	GTA	CT	-5.09712	0.00180	0.00006	5.09712	0.00000	0.00000
GCA	GCT	AT	4.11397	0.00041	0.00171	-4.11397	0.02507	0.00171
GCA	GCC	AC	4.62488	0.00142	0.00663	-4.62488	0.14476	0.00663
GCG	TCG	GT	-4.36723	0.02233	0.00125	4.36723	0.00028	0.00125
GCG	CCG	GC	-2.90167	0.07736	0.01305	2.90167	0.00425	0.01305
GCG	ACG	GA	-1.49187	0.38629	0.16726	1.49187	0.08690	0.16726
GCG	GTG	CT	1.32182	0.09785	0.17637	-1.32182	0.36697	0.17637
GCG	GCT	GT	-0.93325	0.02233	0.01351	0.93325	0.00878	0.01351
GCG	GCC	GC	-0.42234	0.07736	0.06217	0.42234	0.05071	0.06217
GCG	GCA	GA	-5.04722	0.38629	0.01261	5.04722	0.00248	0.01261
GAT	TAT	GT	-8.21271	0.00369	0.00001	8.21271	0.00000	0.00000
GAT	CAT	GC	-1.50616	0.01277	0.00548	1.50616	0.00283	0.00548
GAT	AAT	GA	-1.45448	0.06379	0.02827	1.45448	0.01490	0.02827
GAT	GTT	AT	-7.16370	0.00369	0.00002	7.16370	0.00000	0.00000
GAT	GCT	AC	0.67426	0.01277	0.01756	-0.67426	0.02507	0.01756
GAC	TAC	GT	-0.48544	0.03729	0.02896	0.48544	0.02295	0.02896
GAC	CAC	GC	-2.38471	0.12916	0.03125	2.38471	0.01190	0.03125
GAC	AAC	GA	-2.06337	0.64499	0.19365	2.06337	0.08193	0.19365
GAC	GTC	AT	-0.30452	0.03729	0.03190	0.30452	0.02750	0.03190
GAC	GCC	AC	0.11402	0.12916	0.13667	-0.11402	0.14476	0.13667
GAC	GAT	CT	-1.07115	0.16338	0.09121	1.07115	0.05598	0.09121
GAA	CAA	GC	-1.71688	0.01419	0.00534	1.71688	0.00255	0.00534
GAA	AAA	GA	-1.27216	0.07088	0.03510	1.27216	0.01986	0.03510
GAA	GTA	AT	-7.26906	0.00410	0.00002	7.26906	0.00000	0.00000
GAA	GCA	AC	-2.17194	0.01419	0.00396	2.17194	0.00162	0.00396
GAA	GAT	AT	1.26777	0.00410	0.00723	-1.26777	0.01456	0.00723
GAA	GAC	AC	2.33892	0.01419	0.03674	-2.33892	0.14719	0.03674
GAG	CAG	GC	-2.27712	0.25407	0.06613	2.27712	0.02606	0.06613
GAG	AAG	GA	-1.63624	1.26872	0.50194	1.63624	0.24703	0.50194
GAG	GTG	AT	0.26328	0.07334	0.08342	-0.26328	0.09543	0.08342
GAG	GCG	AC	-1.05854	0.25407	0.14289	1.05854	0.08815	0.14289
GAG	GAT	GT	-2.66605	0.07334	0.01461	2.66605	0.00510	0.01461
GAG	GAC	GC	-1.59490	0.25407	0.10317	1.59490	0.05156	0.10317
GAG	GAA	GA	-3.93382	1.26872	0.09962	3.93382	0.02483	0.09962
GGT	TGT	GT	0.05585	0.00348	0.00358	-0.05585	0.00368	0.00358
GGT	CGT	GC	-2.36529	0.01206	0.00296	2.36529	0.00113	0.00296
GGT	AGT	GA	-0.03208	0.06025	0.05929	0.03208	0.05834	0.05929
GGT	GTT	GT	-8.15556	0.00348	0.00001	8.15556	0.00000	0.00000
GGT	GCT	GC	-0.31760	0.01206	0.01025	0.31760	0.00878	0.01025
GGT	GAT	GA	-0.99186	0.06025	0.03523	0.99186	0.02234	0.03523
GGC	TGC	GT	-0.95095	0.02786	0.01668	0.95095	0.01076	0.01668
GGC	CGC	GC	-2.39704	0.09652	0.02316	2.39704	0.00878	0.02316
GGC	AGC	GA	-1.99138	0.48197	0.15173	1.99138	0.06579	0.15173
GGC	GTC	GT	-1.06218	0.02786	0.01564	1.06218	0.00963	0.01564
GGC	GCC	GC	-0.64364	0.09652	0.06877	0.64364	0.05071	0.06877
GGC	GAC	GA	-0.75766	0.48197	0.32222	0.75766	0.22593	0.32222
GGC	GGT	CT	-0.83695	0.12209	0.07804	0.83695	0.05287	0.07804
GGA	CGA	GC	-1.64661	0.02058	0.00809	1.64661	0.00397	0.00809
GGA	AGA	GA	-1.58310	0.10277	0.04204	1.58310	0.02110	0.04204
GGA	GTA	GT	-8.68964	0.00594	0.00001	8.68964	0.00000	0.00000
GGA	GCA	GC	-3.59252	0.02058	0.00209	3.59252	0.00057	0.00209
GGA	GAA	GA	-1.42058	0.10277	0.04650	1.42058	0.02483	0.04650
GGA	GGT	AT	0.83905	0.00594	0.00878	-0.83905	0.01375	0.00878
GGA	GGC	AC	1.67600	0.02058	0.04243	-1.67600	0.10999	0.04243
GGG	TGG	GT	-0.40931	0.03114	0.02520	0.40931	0.02068	0.02520
GGG	CGG	GC	-2.80676	0.10787	0.01946	2.80676	0.00652	0.01946
GGG	AGG	GA	-2.51755	0.53867	0.11898	2.51755	0.04345	0.11898
GGG	GTG	GT	0.07092	0.03114	0.03226	-0.07092	0.03343	0.03226
GGG	GCG	GC	-1.25091	0.10787	0.05412	1.25091	0.03088	0.05412
GGG	GAG	GA	-0.19236	0.53867	0.48852	0.19236	0.44441	0.48852
GGG	GGT	GT	-1.86655	0.03114	0.01063	1.86655	0.00482	0.01063
GGG	GGC	GC	-1.02960	0.10787	0.06171	1.02960	0.03853	0.06171
GGG	GGA	GA	-2.70560	0.53867	0.10438	2.70560	0.03600	0.10438


Histograms
2Ns	FMut	FSub(CodonUsage)	FSubw(after w)

-10.92015	0.01797	0.00001
-9.82814	0.00548	0.00000
-8.73612	0.00975	0.00002
-7.64411	0.00265	0.00001
-6.55209	0.00069	0.00001
-5.46008	0.03678	0.00146
-4.36806	0.09411	0.01027
-3.27605	0.04514	0.00922
-2.18403	0.21763	0.09826
-1.09202	0.28518	0.24516
0.00000	0.16710	0.27123
1.09202	0.08967	0.24516
2.18403	0.02454	0.09826
3.27605	0.00165	0.00922
4.36806	0.00150	0.01027
5.46008	0.00016	0.00145
6.55209	0.00000	0.00000
7.64411	0.00000	0.00000
8.73612	0.00000	0.00000
9.82814	0.00000	0.00000
10.92015	0.00000	0.00000

Proportion of advantageous (S > 0) mutations:
 0.18993

Proportions of good & bad mutations (|S| > 2.0000) among mutations:
0.01956  0.37799

mean |Ns| = 2.15428	mean Ns+ = 0.96269	mean Ns- = -2.43367


MLEs of dN/dS (w) for site classes (K=4)

site class             0        1       2a       2b
proportion       0.49875  0.13464  0.28868  0.07793
background w     0.14653  1.00000  0.14653  1.00000
foreground w     0.14653  1.00000  1.00000  1.00000

Naive Empirical Bayes (NEB) probabilities for 4 classes
(amino acids refer to 1st sequence: Egla)

   1 M   0.11906 0.51609 0.06613 0.29871 ( 2)
   2 V   0.13213 0.50368 0.07267 0.29153 ( 2)
   3 S   0.58860 0.05415 0.32591 0.03134 ( 1)
   4 L   0.36883 0.26970 0.20537 0.15610 ( 1)
   5 P   0.38609 0.25328 0.21403 0.14660 ( 1)
   6 W   0.29775 0.33742 0.16954 0.19530 ( 2)
   7 P   0.53113 0.10536 0.30252 0.06098 ( 1)
   8 H   0.61054 0.03897 0.32794 0.02255 ( 1)
   9 W   0.53186 0.10469 0.30285 0.06060 ( 1)
  10 L   0.52768 0.10843 0.30114 0.06276 ( 1)
  11 S   0.57637 0.06619 0.31914 0.03831 ( 1)
  12 S   0.58948 0.05832 0.31845 0.03375 ( 1)
  13 A   0.55521 0.08418 0.31188 0.04873 ( 1)
  14 A   0.55516 0.08425 0.31183 0.04876 ( 1)
  15 P   0.27980 0.35495 0.15980 0.20545 ( 2)
  16 L   0.52768 0.10843 0.30114 0.06276 ( 1)
  17 H   0.43249 0.21231 0.23231 0.12289 ( 1)
  18 S   0.57749 0.06525 0.31949 0.03777 ( 1)
  19 H   0.61054 0.03897 0.32794 0.02255 ( 1)
  20 M   0.34603 0.29366 0.19033 0.16997 ( 1)
  21 A   0.55521 0.08419 0.31188 0.04873 ( 1)
  22 G   0.34526 0.29314 0.19193 0.16967 ( 1)
  23 L   0.52768 0.10843 0.30114 0.06276 ( 1)
  24 P   0.57471 0.06758 0.31859 0.03912 ( 1)
  25 L   0.52768 0.10843 0.30114 0.06276 ( 1)
  26 P   0.53113 0.10536 0.30252 0.06098 ( 1)
  27 R   0.54986 0.08883 0.30990 0.05141 ( 1)
  28 A   0.36258 0.27606 0.20158 0.15978 ( 1)
  29 P   0.61444 0.03603 0.32867 0.02086 ( 1)
  30 S   0.57637 0.06619 0.31914 0.03831 ( 1)
  31 P   0.53278 0.10373 0.30346 0.06004 ( 1)
  32 L   0.54999 0.08624 0.31386 0.04991 ( 1)
  33 S   0.55373 0.08550 0.31129 0.04949 ( 1)
  34 G   0.34551 0.29289 0.19207 0.16953 ( 1)
  35 L   0.56855 0.07277 0.31657 0.04212 ( 1)
  36 A   0.57967 0.06345 0.32016 0.03672 ( 1)
  37 E   0.33268 0.30500 0.18578 0.17653 ( 1)
  38 P   0.56034 0.07632 0.31916 0.04418 ( 1)
  39 C   0.60066 0.04653 0.32588 0.02693 ( 1)
  40 S   0.57738 0.06536 0.31943 0.03783 ( 1)
  41 P   0.57471 0.06758 0.31859 0.03912 ( 1)
  42 L   0.34034 0.29779 0.18950 0.17236 ( 1)
  43 T   0.10485 0.53025 0.05800 0.30691 ( 2)
  44 T   0.60934 0.03986 0.32774 0.02307 ( 1)
  45 H   0.38721 0.25332 0.21285 0.14662 ( 1)
  46 P   0.35340 0.28546 0.19591 0.16522 ( 1)
  47 C   0.33536 0.30185 0.18808 0.17471 ( 1)
  48 A   0.55715 0.08228 0.31295 0.04762 ( 1)
  49 A   0.55516 0.08425 0.31183 0.04876 ( 1)
  50 W   0.53186 0.10469 0.30285 0.06060 ( 1)
  51 P   0.52403 0.10936 0.30331 0.06330 ( 1)
  52 Q   0.57850 0.05490 0.33483 0.03177 ( 1)
  53 A   0.54321 0.09018 0.31441 0.05220 ( 1)
  54 C   0.57845 0.05494 0.33481 0.03180 ( 1)
  55 S   0.56039 0.07300 0.32435 0.04225 ( 1)
  56 G   0.55975 0.07364 0.32398 0.04262 ( 1)
  57 L   0.52138 0.11201 0.30178 0.06483 ( 1)
  58 G   0.55975 0.07364 0.32398 0.04262 ( 1)
  59 P   0.54025 0.09630 0.30771 0.05574 ( 1)
  60 P   0.52588 0.11007 0.30035 0.06371 ( 1)
  61 A   0.55516 0.08425 0.31183 0.04876 ( 1)
  62 S   0.57637 0.06619 0.31914 0.03831 ( 1)
  63 P   0.57202 0.07023 0.31710 0.04065 ( 1)
  64 G   0.32295 0.31327 0.18245 0.18132 ( 1)
  65 L   0.52768 0.10843 0.30114 0.06276 ( 1)
  66 R   0.63000 0.02514 0.33031 0.01455 ( 1)
  67 G   0.59574 0.05042 0.32465 0.02918 ( 1)
  68 G   0.57192 0.06791 0.32087 0.03931 ( 1)
  69 G   0.58722 0.05558 0.32503 0.03217 ( 1)
  70 A   0.30676 0.32995 0.17231 0.19098 ( 2)
  71 P   0.54190 0.09466 0.30866 0.05479 ( 1)
  72 G   0.59329 0.04871 0.32981 0.02819 ( 1)
  73 E   0.12328 0.51170 0.06885 0.29617 ( 2)
  74 P   0.08074 0.55312 0.04599 0.32015 ( 2)
  75 G   0.59627 0.04666 0.33005 0.02701 ( 1)
  76 P   0.59756 0.04508 0.33126 0.02609 ( 1)
  77 V   0.00007 0.63332 0.00004 0.36657 ( 2)
  78 S   0.13108 0.50439 0.07258 0.29194 ( 2)
  79 P   0.54869 0.08736 0.31338 0.05057 ( 1)
  80 Q   0.02448 0.60923 0.01366 0.35262 ( 2)
  81 T   0.61668 0.02977 0.33633 0.01723 ( 1)
  82 E   0.58413 0.05680 0.32620 0.03287 ( 1)
  83 R   0.50770 0.13749 0.27523 0.07958 ( 1)
  84 L   0.53949 0.09667 0.30788 0.05596 ( 1)
  85 T   0.62082 0.02571 0.33858 0.01488 ( 1)
  86 A   0.60147 0.04202 0.33219 0.02432 ( 1)
  87 E   0.58621 0.05474 0.32737 0.03168 ( 1)
  88 Q   0.58608 0.05503 0.32704 0.03185 ( 1)
  89 I   0.45375 0.18768 0.24994 0.10863 ( 1)
  90 K   0.11657 0.51832 0.06510 0.30001 ( 2)
  91 E   0.38390 0.25444 0.21439 0.14727 ( 1)
  92 Y   0.59255 0.04952 0.32927 0.02866 ( 1)
  93 K   0.12724 0.50822 0.07038 0.29416 ( 2)
  94 G   0.59728 0.04568 0.33061 0.02644 ( 1)
  95 V   0.63888 0.01395 0.33909 0.00807 ( 1)
  96 S   0.31318 0.32245 0.17773 0.18664 ( 2)
  97 E   0.58413 0.05680 0.32620 0.03287 ( 1)
  98 M   0.59378 0.04840 0.32981 0.02801 ( 1)
  99 F   0.55344 0.08391 0.31408 0.04857 ( 1)
 100 D   0.60932 0.03611 0.33367 0.02090 ( 1)
 101 E   0.58481 0.05612 0.32659 0.03248 ( 1)
 102 E   0.17172 0.11196 0.65151 0.06481 ( 3)
 103 G   0.59253 0.04946 0.32938 0.02863 ( 1)
 104 N   0.62865 0.02072 0.33863 0.01200 ( 1)
 105 G   0.59900 0.04398 0.33156 0.02546 ( 1)
 106 A   0.60214 0.04136 0.33256 0.02394 ( 1)
 107 V   0.60754 0.03693 0.33416 0.02137 ( 1)
 108 K   0.44567 0.19496 0.24652 0.11284 ( 1)
 109 T   0.61729 0.02917 0.33666 0.01688 ( 1)
 110 D   0.59875 0.04422 0.33144 0.02559 ( 1)
 111 E   0.58481 0.05612 0.32659 0.03248 ( 1)
 112 L   0.53905 0.09712 0.30762 0.05621 ( 1)
 113 E   0.58481 0.05612 0.32659 0.03248 ( 1)
 114 R   0.63208 0.01839 0.33888 0.01065 ( 1)
 115 L   0.59022 0.05140 0.32864 0.02975 ( 1)
 116 M   0.13592 0.49948 0.07550 0.28910 ( 2)
 117 S   0.57639 0.06308 0.32403 0.03651 ( 1)
 118 L   0.53991 0.09626 0.30811 0.05572 ( 1)
 119 R   0.08692 0.54775 0.04828 0.31704 ( 2)
 120 G   0.59395 0.04806 0.33018 0.02781 ( 1)
 121 T   0.44982 0.19154 0.24778 0.11086 ( 1)
 122 N   0.62865 0.02072 0.33863 0.01200 ( 1)
 123 P   0.59689 0.04574 0.33089 0.02648 ( 1)
 124 A   0.52931 0.11781 0.28469 0.06819 ( 1)
 125 K   0.59978 0.04336 0.33176 0.02510 ( 1)
 126 S   0.51673 0.12929 0.27915 0.07483 ( 1)
 127 E   0.38958 0.24883 0.21756 0.14402 ( 1)
 128 L   0.53991 0.09626 0.30811 0.05572 ( 1)
 129 A   0.57718 0.06246 0.32420 0.03615 ( 1)
 130 S   0.59872 0.04419 0.33151 0.02558 ( 1)
 131 -   0.59037 0.05176 0.32791 0.02996 ( 1)
 132 -   0.36664 0.27073 0.20594 0.15670 ( 1)
 133 -   0.59636 0.04672 0.32988 0.02704 ( 1)
 134 D   0.42737 0.21286 0.23657 0.12320 ( 1)
 135 V   0.60754 0.03693 0.33416 0.02137 ( 1)
 136 D   0.59875 0.04422 0.33144 0.02559 ( 1)
 137 R   0.47568 0.16772 0.25953 0.09707 ( 1)
 138 E   0.13461 0.50093 0.07452 0.28994 ( 2)
 139 K   0.59270 0.05032 0.32785 0.02913 ( 1)
 140 K   0.50160 0.14323 0.27227 0.08290 ( 1)
 141 G   0.42372 0.21646 0.23453 0.12529 ( 1)
 142 F   0.58723 0.05396 0.32758 0.03123 ( 1)
 143 F   0.58723 0.05396 0.32758 0.03123 ( 1)
 144 N   0.62898 0.02041 0.33881 0.01181 ( 1)
 145 C   0.49304 0.15168 0.26749 0.08779 ( 1)
 146 K   0.13799 0.49761 0.07638 0.28802 ( 2)
 147 G   0.49944 0.14616 0.26981 0.08460 ( 1)
 148 F   0.58723 0.05396 0.32758 0.03123 ( 1)
 149 L   0.53991 0.09626 0.30811 0.05572 ( 1)
 150 A   0.60241 0.04110 0.33271 0.02379 ( 1)
 151 R   0.28748 0.34740 0.16406 0.20107 ( 2)
 152 M   0.41716 0.22240 0.23171 0.12873 ( 1)
 153 G   0.60007 0.04293 0.33215 0.02485 ( 1)
 154 V   0.60957 0.03494 0.33527 0.02022 ( 1)
 155 Y   0.41266 0.22677 0.22931 0.13126 ( 1)
 156 W   0.54697 0.08968 0.31145 0.05191 ( 1)
 157 E   0.58691 0.05405 0.32776 0.03128 ( 1)
 158 K   0.59096 0.04244 0.34205 0.02456 ( 1)
 159 A   0.56934 0.06405 0.32953 0.03707 ( 1)
 160 Q   0.57995 0.05345 0.33567 0.03093 ( 1)
 161 N   0.61339 0.02000 0.35503 0.01158 ( 1)
 162 Q   0.57995 0.05345 0.33567 0.03093 ( 1)
 163 E   0.57820 0.05519 0.33466 0.03194 ( 1)
 164 S   0.35884 0.27455 0.20770 0.15891 ( 1)
 165 E   0.57820 0.05519 0.33466 0.03194 ( 1)
 166 L   0.58293 0.05047 0.33740 0.02921 ( 1)
 167 R   0.62432 0.00907 0.36136 0.00525 ( 1)
 168 A   0.59295 0.04044 0.34320 0.02341 ( 1)
 169 A   0.56934 0.06405 0.32953 0.03707 ( 1)
 170 F   0.38969 0.24370 0.22556 0.14105 ( 1)
 171 R   0.60951 0.02388 0.35279 0.01382 ( 1)
 172 I   0.59582 0.03757 0.34486 0.02175 ( 1)
 173 F   0.58036 0.05303 0.33591 0.03069 ( 1)
 174 D   0.59010 0.04329 0.34155 0.02505 ( 1)
 175 K   0.59030 0.04309 0.34167 0.02494 ( 1)
 176 E   0.57820 0.05519 0.33466 0.03194 ( 1)
 177 G   0.13508 0.49831 0.07819 0.28842 ( 2)
 178 K   0.59096 0.04244 0.34205 0.02456 ( 1)
 179 G   0.58680 0.04659 0.33964 0.02697 ( 1)
 180 Y   0.58547 0.04792 0.33887 0.02774 ( 1)
 181 I   0.59502 0.03837 0.34440 0.02221 ( 1)
 182 D   0.59010 0.04329 0.34155 0.02505 ( 1)
 183 W   0.54697 0.08968 0.31145 0.05191 ( 1)
 184 G   0.09832 0.33518 0.37249 0.19400 ( 3)
 185 T   0.12288 0.26071 0.46550 0.15090 ( 3)
 186 L   0.02974 0.11747 0.78480 0.06799 ( 3)
 187 T   0.10325 0.32743 0.37979 0.18952 ( 3)
 188 Y   0.59533 0.04678 0.33082 0.02708 ( 1)
 189 V   0.60957 0.03494 0.33527 0.02022 ( 1)
 190 L   0.59623 0.04547 0.33198 0.02632 ( 1)
 191 T   0.02391 0.60983 0.01328 0.35297 ( 2)
 192 H   0.07403 0.56146 0.03954 0.32497 ( 2)
 193 A   0.60421 0.03932 0.33371 0.02276 ( 1)
 194 G   0.59464 0.04738 0.33056 0.02742 ( 1)
 195 E   0.58691 0.05405 0.32776 0.03128 ( 1)
 196 P   0.59899 0.04368 0.33205 0.02528 ( 1)
 197 L   0.59232 0.04933 0.32980 0.02855 ( 1)
 198 S   0.62643 0.02226 0.33842 0.01289 ( 1)
 199 E   0.58691 0.05405 0.32776 0.03128 ( 1)
 200 V   0.31749 0.31753 0.18119 0.18379 ( 2)
 201 E   0.58691 0.05405 0.32776 0.03128 ( 1)
 202 A   0.57668 0.06296 0.32392 0.03644 ( 1)
 203 E   0.39060 0.24783 0.21813 0.14344 ( 1)
 204 Q   0.40423 0.23443 0.22564 0.13569 ( 1)
 205 M   0.59589 0.04632 0.33098 0.02681 ( 1)
 206 M   0.59589 0.04632 0.33098 0.02681 ( 1)
 207 K   0.43393 0.20651 0.24003 0.11953 ( 1)
 208 E   0.62164 0.02547 0.33815 0.01474 ( 1)
 209 A   0.57668 0.06296 0.32392 0.03644 ( 1)
 210 D   0.43172 0.20857 0.23898 0.12072 ( 1)
 211 K   0.60187 0.04130 0.33292 0.02391 ( 1)
 212 D   0.45130 0.19100 0.24714 0.11055 ( 1)
 213 G   0.60110 0.04192 0.33272 0.02427 ( 1)
 214 D   0.43523 0.20579 0.23987 0.11911 ( 1)
 215 G   0.43500 0.20536 0.24078 0.11886 ( 1)
 216 T   0.63161 0.01816 0.33972 0.01051 ( 1)
 217 I   0.62257 0.02869 0.33213 0.01661 ( 1)
 218 D   0.60085 0.04215 0.33260 0.02440 ( 1)
 219 H   0.42019 0.21935 0.23349 0.12696 ( 1)
 220 E   0.58482 0.05611 0.32659 0.03248 ( 1)
 221 E   0.57794 0.06290 0.32275 0.03641 ( 1)
 222 F   0.58027 0.06082 0.32370 0.03520 ( 1)
 223 V   0.60054 0.04380 0.33031 0.02535 ( 1)
 224 A   0.56815 0.07140 0.31913 0.04132 ( 1)
 225 M   0.58673 0.05534 0.32589 0.03203 ( 1)
 226 M   0.58673 0.05534 0.32589 0.03203 ( 1)
 227 T   0.61875 0.02944 0.33477 0.01704 ( 1)
 228 G   0.59192 0.05095 0.32764 0.02949 ( 1)
 229 E   0.57794 0.06290 0.32275 0.03641 ( 1)
 230 S   0.59163 0.05117 0.32759 0.02962 ( 1)
 231 F   0.58027 0.06082 0.32370 0.03520 ( 1)
 232 K   0.59270 0.05032 0.32785 0.02913 ( 1)
 233 L   0.54183 0.09435 0.30921 0.05461 ( 1)
 234 V   0.64061 0.01227 0.34001 0.00710 ( 1)
 235 Q   0.00851 0.62499 0.00475 0.36175 ( 2)


lnL = -1779.106964

