98
Bacu_CASQ2         0.0000000 0.0654053 0.0568183 0.0113568 0.0330792 0.0418885 0.0440441 0.0304626 0.0362738 0.0248337 0.2193409 0.0631190 0.0672048 0.1943784 0.3814857 0.0601590 0.0595043 0.0627877 0.0595043 0.0707464 0.0691220 0.0650665 0.3472096 0.0473542 0.0653445 0.0297462 0.0597054 0.0622876 0.0746620 0.0576392 0.0559068 0.1847441 0.3629984 0.0789786 0.0907841 0.0851726 0.0754065 0.0659444 0.0563973 0.0701332 0.0746274 0.0595427 0.0520803 0.0593297 0.0593383 0.0684375 0.0759749 0.0588611 0.0618323 0.0631505 0.0530495 0.0472857 0.0924174 0.0807938 0.0603974 0.0787668 0.0691220 0.6442858 0.0716345 0.0651594 0.0787650 0.0733031 0.0685124 0.0554905 0.2012063 0.0686930 0.0597290 0.0632748 0.2327072 0.1194854 0.0576687 0.0662992 0.0548283 0.0836352 0.0624492 0.3005738 0.0568640 0.0847964 0.0657533 0.0831691 0.0782967 0.0764064 0.0534979 0.0639816 0.0642997 0.0782663 0.0567798 0.0722959 0.0565900 0.0726028 0.0599197 0.0674228 0.0565900 0.3277992 0.0546057 0.0620710 0.0495305 0.0668608 
Barn_CASQ2         0.0654053 0.0000000 0.0098383 0.0605220 0.0651775 0.0809482 0.0809482 0.0554838 0.0099644 0.0438711 0.2523229 0.0664314 0.0607312 0.1973884 0.5297611 0.0702089 0.0609903 0.0609903 0.0609903 0.0658759 0.0920687 0.0456136 0.4804589 0.0318864 0.0503618 0.0613017 0.0607077 0.0655997 0.0658828 0.0658828 0.0314759 0.2059085 0.4477737 0.0517122 0.1054509 0.0906224 0.0655343 0.0659247 0.0558452 0.0697491 0.0658449 0.0561612 0.0558452 0.0558452 0.0607092 0.0597159 0.0344298 0.0359879 0.0452970 0.0658554 0.0268147 0.0313898 0.0422008 0.0499098 0.0406059 0.0404098 0.0920687 0.7880129 0.1368909 0.0423392 0.0547568 0.0452820 0.0650804 0.0440916 0.2221964 0.0561312 0.0613815 0.0708119 0.2566365 0.1479537 0.0412691 0.0655413 0.0371981 0.0599603 0.0658828 0.3555326 0.0412691 0.0799734 0.0599603 0.0599603 0.0659525 0.0702245 0.0510608 0.0510608 0.0561612 0.0663770 0.0614136 0.0662959 0.0561612 0.0614136 0.0614136 0.0610225 0.0561612 0.4208967 0.0512859 0.0361127 0.0512859 0.0267313 
Bbai76728_CASQ2    0.0568183 0.0098383 0.0000000 0.0536585 0.0534096 0.0637930 0.0637930 0.0500381 0.0148175 0.0416959 0.2053745 0.0545382 0.0540034 0.1726390 0.3835161 0.0611941 0.0473277 0.0474666 0.0473277 0.0579279 0.0746800 0.0370564 0.3852273 0.0346175 0.0402467 0.0542904 0.0473170 0.0504391 0.0579300 0.0505837 0.0274887 0.1737841 0.3566881 0.0396946 0.0798706 0.0700470 0.0504248 0.0539258 0.0439310 0.0557760 0.0579071 0.0440992 0.0439310 0.0439310 0.0471790 0.0564561 0.0343032 0.0305516 0.0368335 0.0408539 0.0243332 0.0274375 0.0493212 0.0455741 0.0336733 0.0396319 0.0746800 0.6893970 0.1368909 0.0376434 0.0411811 0.0456178 0.0535825 0.0425205 0.1886972 0.0574376 0.0508226 0.0573464 0.2134522 0.1167024 0.0404483 0.0510585 0.0470962 0.0609185 0.0505837 0.3221110 0.0373663 0.0602714 0.0501637 0.0663024 0.0617587 0.0653565 0.0407244 0.0503808 0.0486745 0.0655654 0.0475463 0.0574212 0.0440992 0.0622353 0.0476865 0.0542049 0.0440992 0.3623077 0.0414980 0.0337586 0.0408450 0.0348395 
BbonAUS_CASQ2      0.0113568 0.0605220 0.0536585 0.0000000 0.0288415 0.0380071 0.0380071 0.0347782 0.0362909 0.0303587 0.2320163 0.0678730 0.0641641 0.1957857 0.4116135 0.0566779 0.0597929 0.0599597 0.0597929 0.0678883 0.0761457 0.0684765 0.3848228 0.0503557 0.0653593 0.0263781 0.0597820 0.0627289 0.0678941 0.0629006 0.0531051 0.1840304 0.3930684 0.0712348 0.0882717 0.0821231 0.0725858 0.0661025 0.0565145 0.0627685 0.0678652 0.0567181 0.0565145 0.0565145 0.0596170 0.0752823 0.0677496 0.0560667 0.0622454 0.0676890 0.0499575 0.0530099 0.0862728 0.0740826 0.0591309 0.0702317 0.0761457 0.6893060 0.0716345 0.0658181 0.0751815 0.0706112 0.0658249 0.0555037 0.2036210 0.0694953 0.0600312 0.0693861 0.2431083 0.1163210 0.0597994 0.0634571 0.0548283 0.0760564 0.0629006 0.3225965 0.0568524 0.0819882 0.0689786 0.0785367 0.0715095 0.0679431 0.0534565 0.0607643 0.0614065 0.0719259 0.0569188 0.0694716 0.0567181 0.0649824 0.0570778 0.0643849 0.0567181 0.3639355 0.0544189 0.0531067 0.0536068 0.0601903 
Bbor_CASQ2         0.0330792 0.0651775 0.0534096 0.0288415 0.0000000 0.0136310 0.0143149 0.0218041 0.0315707 0.0467967 0.2000383 0.0677309 0.0540568 0.1808992 0.3885540 0.0496090 0.0567308 0.0598637 0.0567308 0.0642235 0.0691655 0.0649817 0.3676531 0.0507872 0.0652550 0.0295708 0.0569222 0.0595186 0.0677700 0.0596728 0.0528750 0.1700775 0.3585538 0.0710906 0.0907205 0.0817528 0.0692846 0.0631430 0.0536339 0.0626014 0.0677413 0.0566281 0.0536339 0.0564251 0.0565720 0.0712549 0.0590804 0.0558235 0.0589261 0.0629146 0.0501775 0.0502014 0.0920028 0.0737139 0.0574263 0.0742592 0.0691655 0.6706894 0.0958519 0.0619461 0.0672963 0.0666332 0.0654839 0.0587346 0.1881899 0.0658982 0.0599259 0.0658976 0.2289145 0.1314692 0.0565831 0.0633542 0.0626964 0.0798284 0.0596728 0.3103656 0.0537930 0.0816194 0.0682996 0.0828900 0.0713780 0.0723932 0.0507361 0.0575005 0.0613057 0.0783505 0.0539979 0.0693585 0.0538175 0.0690295 0.0569866 0.0609146 0.0538175 0.3284205 0.0517873 0.0590143 0.0508714 0.0598316 
Bede66737_CASQ2    0.0418885 0.0809482 0.0637930 0.0380071 0.0136310 0.0000000 0.0000010 0.0247308 0.0411407 0.0585782 0.2127618 0.0828938 0.0644853 0.1931752 0.4132943 0.0534917 0.0660477 0.0697434 0.0660477 0.0748960 0.0788409 0.0744536 0.3930957 0.0619164 0.0752112 0.0263074 0.0662751 0.0688628 0.0790975 0.0690446 0.0625621 0.1821350 0.3788077 0.0837379 0.0975525 0.0887321 0.0793556 0.0726540 0.0628693 0.0666223 0.0790585 0.0664238 0.0628693 0.0661839 0.0658621 0.0808468 0.0677857 0.0655529 0.0682520 0.0673199 0.0593267 0.0593553 0.1122803 0.0851175 0.0669516 0.0884578 0.0788409 0.6859414 0.0839585 0.0722941 0.0792467 0.0773148 0.0749919 0.0684748 0.2006239 0.0754289 0.0663022 0.0754241 0.2496754 0.1365229 0.0659036 0.0733604 0.0714700 0.0928308 0.0690446 0.3330770 0.0630835 0.0919454 0.0778391 0.0979149 0.0827937 0.0771013 0.0599214 0.0680269 0.0714499 0.0850813 0.0633012 0.0794376 0.0630861 0.0818919 0.0668515 0.0715248 0.0630861 0.3440555 0.0611800 0.0688306 0.0600834 0.0709293 
BedeAUS_CASQ2      0.0440441 0.0809482 0.0637930 0.0380071 0.0143149 0.0000010 0.0000000 0.0259821 0.0411407 0.0625955 0.2217522 0.0828938 0.0680574 0.2009122 0.4226257 0.0534917 0.0695467 0.0697434 0.0695467 0.0790861 0.0830936 0.0783873 0.4107809 0.0658877 0.0752112 0.0263074 0.0695355 0.0725081 0.0790975 0.0727101 0.0625621 0.1891989 0.3925181 0.0837379 0.0983671 0.0887321 0.0793556 0.0759798 0.0661839 0.0666223 0.0790585 0.0664238 0.0661839 0.0661839 0.0693417 0.0851548 0.0677857 0.0655529 0.0718319 0.0719551 0.0593477 0.0624489 0.1122803 0.0851175 0.0686657 0.0884578 0.0830936 0.7172143 0.0839585 0.0765061 0.0792467 0.0815914 0.0757051 0.0688759 0.2088257 0.0794699 0.0698301 0.0794625 0.2565991 0.1365229 0.0693897 0.0733604 0.0714700 0.0928308 0.0727101 0.3415105 0.0664224 0.0919454 0.0786941 0.0979149 0.0827937 0.0771013 0.0630754 0.0718140 0.0714499 0.0850813 0.0666627 0.0794376 0.0664238 0.0818919 0.0668515 0.0755205 0.0664238 0.3619089 0.0642254 0.0688306 0.0632550 0.0709293 
Bmus_CASQ2         0.0304626 0.0554838 0.0500381 0.0347782 0.0218041 0.0247308 0.0259821 0.0000000 0.0315585 0.0393730 0.1920829 0.0488154 0.0438709 0.1776557 0.3759490 0.0496249 0.0475884 0.0501798 0.0475884 0.0537956 0.0606916 0.0590764 0.3426822 0.0437829 0.0590548 0.0228826 0.0477457 0.0503475 0.0567184 0.0466322 0.0495924 0.1736165 0.3395131 0.0591808 0.0936572 0.0847888 0.0594094 0.0538091 0.0445733 0.0506879 0.0566981 0.0470281 0.0412004 0.0468608 0.0474559 0.0572448 0.0630516 0.0525211 0.0557517 0.0586519 0.0470784 0.0471006 0.0798682 0.0698384 0.0541883 0.0698201 0.0606916 0.6530225 0.0461448 0.0584250 0.0708675 0.0630091 0.0519876 0.0523739 0.1909086 0.0565432 0.0477637 0.0522068 0.2253387 0.1115517 0.0520139 0.0535484 0.0464839 0.0674043 0.0504754 0.3032826 0.0507415 0.0716723 0.0545652 0.0645476 0.0602395 0.0584761 0.0417265 0.0472185 0.0513689 0.0530354 0.0477833 0.0594745 0.0447247 0.0604773 0.0503970 0.0505490 0.0447247 0.3270819 0.0425787 0.0556767 0.0386672 0.0560829 
Bmys_CASQ2         0.0362738 0.0099644 0.0148175 0.0362909 0.0315707 0.0411407 0.0411407 0.0315585 0.0000000 0.0340991 0.1471050 0.0208780 0.0324337 0.1427122 0.2918970 0.0268268 0.0223192 0.0223192 0.0223192 0.0269123 0.0271230 0.0087892 0.4434752 0.0132362 0.0087892 0.0332059 0.0268711 0.0268711 0.0324239 0.0268711 0.0268894 0.1057597 0.3361554 0.0189812 0.0450424 0.0405664 0.0360311 0.0268840 0.0223192 0.0251791 0.0323904 0.0178119 0.0223192 0.0223192 0.0223192 0.0360662 0.0370691 0.0313833 0.0313788 0.0331925 0.0222723 0.0222723 0.0659477 0.0547807 0.0313833 0.0472976 0.0271230 0.7382264 0.0000010 0.0360347 0.0403528 0.0435355 0.0271337 0.0271337 0.1427122 0.0362956 0.0223441 0.0315834 0.1809275 0.0429421 0.0222434 0.0271199 0.0277369 0.0332745 0.0268711 0.2569901 0.0178167 0.0363980 0.0271337 0.0258010 0.0324340 0.0242197 0.0178119 0.0270119 0.0230288 0.0349546 0.0178119 0.0268971 0.0178119 0.0263244 0.0178119 0.0214677 0.0178119 0.2357933 0.0180691 0.0268109 0.0178119 0.0434927 
Bphy_CASQ2         0.0248337 0.0438711 0.0416959 0.0303587 0.0467967 0.0585782 0.0625955 0.0393730 0.0340991 0.0000000 0.1798909 0.0237417 0.0550633 0.1758612 0.2898571 0.0448973 0.0507813 0.0544244 0.0507813 0.0641735 0.0511789 0.0501453 0.2552473 0.0539014 0.0535045 0.0363336 0.0472241 0.0505884 0.0591345 0.0468538 0.0498628 0.1192259 0.3156196 0.0461761 0.0585288 0.0578152 0.0620384 0.0550762 0.0431304 0.0514724 0.0689452 0.0502555 0.0431304 0.0460301 0.0431304 0.0542520 0.0695329 0.0537136 0.0465961 0.0467856 0.0465900 0.0429192 0.0936186 0.0777815 0.0520046 0.0668668 0.0511789 0.6059758 0.0408214 0.0488030 0.0637876 0.0680015 0.0546916 0.0546916 0.1758612 0.0584391 0.0469018 0.0585462 0.2173762 0.0577871 0.0355745 0.0548391 0.0634251 0.0645961 0.0468538 0.2587973 0.0320472 0.0623878 0.0546916 0.0657900 0.0690458 0.0702434 0.0431738 0.0552285 0.0561379 0.0549217 0.0470664 0.0626172 0.0470664 0.0648922 0.0504366 0.0597658 0.0470664 0.2521526 0.0443214 0.0456834 0.0433207 0.0590437 
Btau_CASQ1         0.2193409 0.2523229 0.2053745 0.2320163 0.2000383 0.2127618 0.2217522 0.1920829 0.1471050 0.1798909 0.0000000 0.2460679 0.2213430 0.0832691 0.3783186 0.2310468 0.2221369 0.2324215 0.2221369 0.2435807 0.2186332 0.2047375 0.3699047 0.1710665 0.2169158 0.2356818 0.2231066 0.2251899 0.2550200 0.2166924 0.2201455 0.2441000 0.3764009 0.2283901 0.2269877 0.2261049 0.2348000 0.2318020 0.2102635 0.2487101 0.2546271 0.2279307 0.2023891 0.2190098 0.2102635 0.1936571 0.2278005 0.2234706 0.2110303 0.2251093 0.2109368 0.2038280 0.2785000 0.2493282 0.2210438 0.2563286 0.2186332 0.7253861 0.4989136 0.2112065 0.2176120 0.2261449 0.2128288 0.2134994 0.0945004 0.2347020 0.2270104 0.2244555 0.1211376 0.2558510 0.1975141 0.2301316 0.2461917 0.2704429 0.2259249 0.3368302 0.2024158 0.2481993 0.2196352 0.2772365 0.2597909 0.2947741 0.2142438 0.2350606 0.2311503 0.3041180 0.2232697 0.2447268 0.2186223 0.2747609 0.2336824 0.2395305 0.2186223 0.3250841 0.2156989 0.2240459 0.2066036 0.2374716 
Ccom40_CASQ2       0.0631190 0.0664314 0.0545382 0.0678730 0.0677309 0.0828938 0.0828938 0.0488154 0.0208780 0.0237417 0.2460679 0.0000000 0.0095460 0.1735504 0.3706279 0.0700663 0.0129722 0.0129722 0.0129722 0.0144358 0.0637246 0.0626526 0.2501234 0.0358719 0.0579886 0.0609200 0.0172478 0.0216281 0.0241735 0.0217115 0.0490070 0.2027646 0.3193032 0.0561385 0.0728809 0.0684980 0.0397811 0.0261713 0.0042780 0.0165589 0.0193003 0.0173423 0.0042780 0.0042780 0.0085839 0.0490261 0.0654336 0.0488452 0.0581209 0.0572209 0.0442858 0.0488744 0.0765822 0.0597758 0.0534896 0.0766765 0.0637246 0.7067566 0.1149006 0.0534482 0.0650207 0.0596854 0.0584794 0.0520308 0.1969368 0.0173318 0.0218524 0.0352334 0.2323149 0.1449972 0.0539810 0.0260239 0.0309889 0.0658728 0.0217115 0.3057392 0.0539810 0.0634344 0.0538054 0.0658728 0.0341287 0.0346214 0.0129083 0.0192553 0.0217623 0.0281885 0.0218654 0.0307766 0.0173423 0.0292666 0.0218654 0.0193051 0.0173423 0.3997695 0.0173423 0.0534823 0.0173423 0.0598233 
Chea7320_CASQ2     0.0672048 0.0607312 0.0540034 0.0641641 0.0540568 0.0644853 0.0680574 0.0438709 0.0324337 0.0550633 0.2213430 0.0095460 0.0000000 0.1744732 0.4099210 0.0674751 0.0122111 0.0128502 0.0122111 0.0152950 0.0575599 0.0569999 0.3984055 0.0426867 0.0566216 0.0576595 0.0183257 0.0214282 0.0226178 0.0214867 0.0531900 0.1810916 0.3908477 0.0475581 0.0887720 0.0822083 0.0326578 0.0247296 0.0030220 0.0069861 0.0160923 0.0160949 0.0030220 0.0031784 0.0060580 0.0438635 0.0637114 0.0565293 0.0602233 0.0547668 0.0503341 0.0503611 0.0744076 0.0635571 0.0583583 0.0705090 0.0575599 0.6878325 0.0995985 0.0564175 0.0702996 0.0568979 0.0536827 0.0490499 0.1907196 0.0152864 0.0184558 0.0246487 0.2251275 0.1074044 0.0540227 0.0225408 0.0306643 0.0519286 0.0214867 0.3185052 0.0477191 0.0566952 0.0504074 0.0603320 0.0259282 0.0243246 0.0121686 0.0152679 0.0193701 0.0288356 0.0184637 0.0294483 0.0152930 0.0218751 0.0194382 0.0183887 0.0152930 0.3507524 0.0122034 0.0601485 0.0122034 0.0565734 
Chir_CASQ1         0.1943784 0.1973884 0.1726390 0.1957857 0.1808992 0.1931752 0.2009122 0.1776557 0.1427122 0.1758612 0.0832691 0.1735504 0.1744732 0.0000000 0.3514450 0.1894098 0.1812178 0.1888038 0.1812178 0.1953441 0.1933602 0.1717357 0.3553904 0.1674702 0.1817584 0.2103905 0.1888648 0.1910948 0.2118005 0.1851156 0.1850367 0.2089918 0.3919304 0.1879046 0.2010098 0.1990623 0.2027146 0.1972272 0.1699911 0.1874561 0.2031989 0.1918470 0.1652222 0.1762713 0.1699911 0.1636873 0.1899944 0.1883127 0.1850193 0.1781010 0.1779232 0.1780084 0.1995796 0.1992540 0.1868179 0.2052747 0.1933602 0.6819596 0.3165557 0.1674000 0.1724016 0.1873850 0.1881225 0.1940959 0.0075213 0.1999611 0.1926026 0.1925051 0.0971829 0.2450983 0.1742681 0.1974564 0.2343653 0.2066790 0.1916955 0.2849075 0.1773032 0.2035210 0.1814569 0.2089022 0.2163249 0.2261768 0.1805350 0.1950178 0.1940644 0.2165272 0.1890090 0.2080439 0.1846623 0.2198350 0.1971254 0.1992844 0.1846623 0.2985976 0.1812117 0.1887868 0.1753831 0.2043172 
Clfam_CASQ1        0.3814857 0.5297611 0.3835161 0.4116135 0.3885540 0.4132943 0.4226257 0.3759490 0.2918970 0.2898571 0.3783186 0.3706279 0.4099210 0.3514450 0.0000000 0.4587833 0.3745128 0.3826932 0.3745128 0.4261989 0.3787814 0.3731296 0.3834836 0.3055683 0.3842973 0.4647849 0.3715913 0.3728505 0.4156344 0.3467574 0.3995695 0.4299936 0.3810371 0.4311178 0.3959741 0.3992851 0.3927641 0.3904884 0.3601571 0.4157807 0.4256371 0.3854597 0.3441393 0.3660984 0.3642208 0.3582631 0.4970823 0.3987770 0.3867845 0.3829935 0.3947956 0.3865754 0.5659804 0.4338330 0.3854382 0.5014988 0.3787814 0.6721522 0.7690911 0.3943797 0.4021591 0.4500795 0.3779422 0.3542821 0.3671623 0.3860565 0.3771556 0.3731445 0.3838087 0.4544248 0.3706829 0.3894570 0.2695941 0.4735761 0.3629699 0.2600922 0.3769252 0.4116004 0.3730946 0.5054242 0.4512012 0.4749030 0.3730314 0.4258016 0.3985257 0.5610915 0.3843153 0.3987987 0.3783984 0.4788234 0.3931616 0.4307150 0.3783984 0.4020060 0.3783366 0.4082686 0.3569496 0.4565615 
Cmar59905_CASQ2    0.0601590 0.0702089 0.0611941 0.0566779 0.0496090 0.0534917 0.0534917 0.0496249 0.0268268 0.0448973 0.2310468 0.0700663 0.0674751 0.1894098 0.4587833 0.0000000 0.0676799 0.0676799 0.0676799 0.0712115 0.0941152 0.0668527 0.4427090 0.0497814 0.0633571 0.0433652 0.0674545 0.0709974 0.0712188 0.0712188 0.0600091 0.2003782 0.4048197 0.0748432 0.0927308 0.0857913 0.0786571 0.0748774 0.0639267 0.0705399 0.0711872 0.0641865 0.0639267 0.0639267 0.0674562 0.0743400 0.0675451 0.0633573 0.0704400 0.0845584 0.0564233 0.0598876 0.0921003 0.0773733 0.0668383 0.0788544 0.0941152 0.7298587 0.0980618 0.0714728 0.0741307 0.0739007 0.0819652 0.0707153 0.1981755 0.0641629 0.0644209 0.0747760 0.2435727 0.1399187 0.0570956 0.0709509 0.0630508 0.0843052 0.0712188 0.3566673 0.0537826 0.0933086 0.0783570 0.0880440 0.0748414 0.0816781 0.0604531 0.0640766 0.0677749 0.0846650 0.0644447 0.0749504 0.0641865 0.0729336 0.0644447 0.0677058 0.0641865 0.3545350 0.0606457 0.0670185 0.0606457 0.0564943 
Dcap108471_CASQ2   0.0595043 0.0609903 0.0473277 0.0597929 0.0567308 0.0660477 0.0695467 0.0475884 0.0223192 0.0507813 0.2221369 0.0129722 0.0122111 0.1812178 0.3745128 0.0676799 0.0000000 0.0000010 0.0000010 0.0030221 0.0569271 0.0534471 0.3848380 0.0438394 0.0531458 0.0578388 0.0108951 0.0135661 0.0161238 0.0135988 0.0470628 0.1751325 0.3697136 0.0477207 0.0847138 0.0788828 0.0230624 0.0108835 0.0081157 0.0176721 0.0031776 0.0028195 0.0081157 0.0085197 0.0108432 0.0418151 0.0595304 0.0500151 0.0533828 0.0516128 0.0446580 0.0446792 0.0687239 0.0637068 0.0517520 0.0707708 0.0569271 0.6573388 0.1007069 0.0461824 0.0567788 0.0570630 0.0534406 0.0433258 0.1957469 0.0191886 0.0136539 0.0135653 0.2183891 0.0965959 0.0507845 0.0144016 0.0469178 0.0598994 0.0135988 0.3137276 0.0451892 0.0563018 0.0505240 0.0696945 0.0127988 0.0120077 0.0053968 0.0091438 0.0057897 0.0113242 0.0054021 0.0172340 0.0026867 0.0071873 0.0056854 0.0060557 0.0026867 0.3450919 0.0054762 0.0531857 0.0053844 0.0567464 
Dcap79929_CASQ2    0.0627877 0.0609903 0.0474666 0.0599597 0.0598637 0.0697434 0.0697434 0.0501798 0.0223192 0.0544244 0.2324215 0.0129722 0.0128502 0.1888038 0.3826932 0.0676799 0.0000010 0.0000000 0.0000010 0.0031786 0.0600841 0.0563746 0.4033063 0.0467481 0.0532920 0.0578388 0.0114010 0.0142811 0.0161238 0.0143173 0.0471916 0.1823620 0.3840790 0.0477207 0.0852560 0.0791074 0.0231238 0.0113784 0.0085420 0.0176721 0.0031776 0.0028268 0.0085420 0.0085420 0.0114141 0.0410122 0.0595304 0.0501521 0.0563026 0.0551807 0.0440675 0.0471070 0.0687239 0.0637068 0.0532040 0.0707708 0.0600841 0.6891375 0.1007069 0.0489641 0.0569668 0.0601683 0.0532320 0.0425761 0.2042812 0.0202111 0.0143783 0.0142802 0.2242267 0.0969101 0.0535755 0.0144016 0.0469178 0.0598994 0.0143173 0.3220303 0.0476744 0.0564574 0.0501658 0.0696945 0.0127988 0.0120077 0.0056795 0.0096215 0.0057897 0.0113242 0.0056854 0.0172797 0.0028268 0.0071873 0.0056854 0.0063699 0.0028268 0.3641262 0.0057319 0.0533321 0.0056658 0.0567464 
DdelSJR_CASQ2      0.0595043 0.0609903 0.0473277 0.0597929 0.0567308 0.0660477 0.0695467 0.0475884 0.0223192 0.0507813 0.2221369 0.0129722 0.0122111 0.1812178 0.3745128 0.0676799 0.0000010 0.0000010 0.0000000 0.0030221 0.0569271 0.0534471 0.3848380 0.0438394 0.0531458 0.0578388 0.0108951 0.0135661 0.0161238 0.0135988 0.0470628 0.1751325 0.3697136 0.0477207 0.0847138 0.0788828 0.0230624 0.0108835 0.0081157 0.0176721 0.0031776 0.0028195 0.0081157 0.0085197 0.0108432 0.0418151 0.0595304 0.0500151 0.0533828 0.0516128 0.0446580 0.0446792 0.0687239 0.0637068 0.0517520 0.0707708 0.0569271 0.6573388 0.1007069 0.0461824 0.0567788 0.0570630 0.0534406 0.0433258 0.1957469 0.0191886 0.0136539 0.0135653 0.2183891 0.0965959 0.0507845 0.0144016 0.0469178 0.0598994 0.0135988 0.3137276 0.0451892 0.0563018 0.0505240 0.0696945 0.0127988 0.0120077 0.0053968 0.0091438 0.0057897 0.0113242 0.0054021 0.0172340 0.0026867 0.0071873 0.0056854 0.0060557 0.0026867 0.3450919 0.0054762 0.0531857 0.0053844 0.0567464 
Ddeltrop4525_CASQ2 0.0707464 0.0658759 0.0579279 0.0678883 0.0642235 0.0748960 0.0790861 0.0537956 0.0269123 0.0641735 0.2435807 0.0144358 0.0152950 0.1953441 0.4261989 0.0712115 0.0030221 0.0031786 0.0030221 0.0000000 0.0678816 0.0604617 0.4144243 0.0509167 0.0602622 0.0613706 0.0152740 0.0183701 0.0193898 0.0184201 0.0499032 0.1852792 0.3964047 0.0515107 0.0994671 0.0934673 0.0293955 0.0152988 0.0122060 0.0212564 0.0063688 0.0063699 0.0122060 0.0128444 0.0152930 0.0407270 0.0554089 0.0532439 0.0570938 0.0550263 0.0472223 0.0472477 0.0687239 0.0602151 0.0551201 0.0664185 0.0678816 0.6912272 0.1007069 0.0529144 0.0661941 0.0537754 0.0637823 0.0525882 0.2120379 0.0122313 0.0153824 0.0152251 0.2388251 0.1164102 0.0574846 0.0193241 0.0550075 0.0637918 0.0184201 0.3331018 0.0511551 0.0673993 0.0604526 0.0742489 0.0160325 0.0160528 0.0091282 0.0122165 0.0095821 0.0113242 0.0091384 0.0194212 0.0060557 0.0108068 0.0096155 0.0030211 0.0060557 0.3655736 0.0091046 0.0568490 0.0091046 0.0602102 
Dleu_CASQ2         0.0691220 0.0920687 0.0746800 0.0761457 0.0691655 0.0788409 0.0830936 0.0606916 0.0271230 0.0511789 0.2186332 0.0637246 0.0575599 0.1933602 0.3787814 0.0941152 0.0569271 0.0600841 0.0569271 0.0678816 0.0000000 0.0750932 0.3845650 0.0476827 0.0758905 0.0805650 0.0571200 0.0597258 0.0716600 0.0552488 0.0724919 0.1865951 0.3727142 0.0759350 0.0986536 0.0932363 0.0630604 0.0633677 0.0479056 0.0589785 0.0716278 0.0568340 0.0442408 0.0503952 0.0508284 0.0606554 0.0947135 0.0755258 0.0778006 0.0859742 0.0686927 0.0687262 0.1070394 0.1007253 0.0767975 0.1034419 0.0000010 0.6869741 0.1609150 0.0727378 0.0878431 0.0848185 0.0551155 0.0526471 0.2002513 0.0661339 0.0601362 0.0608949 0.2389508 0.1051202 0.0696657 0.0635914 0.0553164 0.0644056 0.0598812 0.3022206 0.0698795 0.0629611 0.0523899 0.0702135 0.0753076 0.0773518 0.0509080 0.0610931 0.0615377 0.0795156 0.0541839 0.0731938 0.0540022 0.0693760 0.0571953 0.0645437 0.0540022 0.3310949 0.0519669 0.0757922 0.0471165 0.0860212 
EausAUS_CASQ2      0.0650665 0.0456136 0.0370564 0.0684765 0.0649817 0.0744536 0.0783873 0.0590764 0.0087892 0.0501453 0.2047375 0.0626526 0.0569999 0.1717357 0.3731296 0.0668527 0.0534471 0.0563746 0.0534471 0.0604617 0.0750932 0.0000000 0.3683934 0.0032502 0.0028110 0.0642769 0.0536255 0.0562158 0.0637701 0.0563600 0.0495593 0.1793476 0.3502130 0.0510876 0.0835862 0.0777924 0.0621871 0.0597702 0.0503894 0.0624061 0.0568216 0.0531798 0.0503894 0.0529904 0.0532982 0.0560231 0.0627661 0.0524856 0.0557543 0.0507283 0.0470482 0.0470704 0.0732303 0.0698327 0.0541516 0.0694184 0.0750932 0.6570273 0.1554509 0.0520706 0.0632882 0.0564284 0.0621925 0.0524101 0.1859098 0.0625093 0.0565972 0.0624191 0.2115358 0.1114164 0.0473617 0.0566967 0.0383920 0.0676629 0.0563600 0.3156901 0.0446083 0.0718929 0.0592432 0.0689499 0.0602900 0.0632460 0.0475193 0.0538132 0.0545610 0.0780329 0.0536678 0.0657668 0.0505609 0.0684974 0.0566207 0.0571859 0.0505609 0.3214834 0.0455475 0.0556385 0.0476449 0.0560400 
Ecab_CASQ1         0.3472096 0.4804589 0.3852273 0.3848228 0.3676531 0.3930957 0.4107809 0.3426822 0.4434752 0.2552473 0.3699047 0.2501234 0.3984055 0.3553904 0.3834836 0.4427090 0.3848380 0.4033063 0.3848380 0.4144243 0.3845650 0.3683934 0.0000000 0.3869492 0.3887540 0.4179299 0.3906610 0.3918594 0.4238878 0.3532596 0.4006910 0.4247222 0.4093356 0.4246831 0.4090358 0.4027687 0.4097905 0.4065003 0.3699813 0.4248434 0.4336560 0.4061751 0.3429957 0.3858439 0.3656141 0.3548287 0.4848548 0.3949995 0.3878068 0.2787844 0.3830904 0.3789020 0.5652379 0.4267040 0.3873471 0.4830422 0.3845650 0.7328096 0.3883063 0.3946998 0.4326032 0.4119592 0.3582802 0.3841631 0.3722298 0.3883558 0.3789688 0.3774515 0.3930487 0.4783384 0.3555864 0.4200204 0.2572181 0.4552415 0.3812781 0.3739963 0.3711573 0.4092813 0.3612008 0.4894624 0.4505595 0.5035997 0.3832383 0.4139961 0.4161338 0.6032545 0.3952531 0.4302097 0.3889434 0.4794207 0.4145602 0.4191694 0.3889434 0.4571195 0.3890722 0.4007662 0.3560065 0.3994840 
Egla13086_CASQ2    0.0473542 0.0318864 0.0346175 0.0503557 0.0507872 0.0619164 0.0658877 0.0437829 0.0132362 0.0539014 0.1710665 0.0358719 0.0426867 0.1674702 0.3055683 0.0497814 0.0438394 0.0467481 0.0438394 0.0509167 0.0476827 0.0032502 0.3869492 0.0000000 0.0034469 0.0463805 0.0440135 0.0471659 0.0498624 0.0436920 0.0500868 0.1306013 0.3452847 0.0422248 0.0653485 0.0612329 0.0538100 0.0477478 0.0367804 0.0370632 0.0457835 0.0429295 0.0367804 0.0390698 0.0367804 0.0506669 0.0624560 0.0536776 0.0505072 0.0412344 0.0470082 0.0435684 0.0782959 0.0714619 0.0520820 0.0655554 0.0476827 0.6275078 0.0408214 0.0493086 0.0631796 0.0546523 0.0439671 0.0439671 0.1674702 0.0509080 0.0402656 0.0509959 0.1969839 0.0488615 0.0366818 0.0433414 0.0463972 0.0432337 0.0436920 0.2689613 0.0333769 0.0503823 0.0439671 0.0401853 0.0544282 0.0504554 0.0368146 0.0428035 0.0442835 0.0552664 0.0403968 0.0542742 0.0403968 0.0483693 0.0430723 0.0469052 0.0403968 0.2475486 0.0342069 0.0501308 0.0369310 0.0583704 
Ejap43864_CASQ2    0.0653445 0.0503618 0.0402467 0.0653593 0.0652550 0.0752112 0.0752112 0.0590548 0.0087892 0.0535045 0.2169158 0.0579886 0.0566216 0.1817584 0.3842973 0.0633571 0.0531458 0.0532920 0.0531458 0.0602622 0.0758905 0.0028110 0.3887540 0.0034469 0.0000000 0.0607437 0.0531353 0.0560523 0.0602650 0.0562032 0.0465445 0.1899041 0.3664268 0.0548985 0.0806713 0.0746400 0.0590983 0.0593464 0.0499383 0.0585746 0.0533474 0.0501167 0.0499383 0.0499383 0.0529904 0.0558505 0.0586738 0.0494645 0.0555696 0.0498513 0.0434654 0.0464622 0.0673278 0.0663484 0.0524734 0.0651404 0.0758905 0.6912499 0.1412378 0.0516665 0.0596229 0.0560250 0.0591714 0.0488224 0.1968415 0.0626603 0.0564515 0.0625654 0.2200388 0.1114164 0.0467629 0.0535955 0.0383920 0.0637276 0.0562032 0.3271734 0.0438736 0.0687475 0.0560909 0.0644367 0.0567998 0.0588455 0.0469272 0.0532696 0.0514146 0.0717203 0.0533762 0.0626416 0.0501167 0.0645128 0.0535237 0.0568161 0.0501167 0.3419064 0.0446779 0.0525981 0.0470574 0.0526146 
Erob133443_CASQ2   0.0297462 0.0613017 0.0542904 0.0263781 0.0295708 0.0263074 0.0263074 0.0228826 0.0332059 0.0363336 0.2356818 0.0609200 0.0576595 0.2103905 0.4647849 0.0433652 0.0578388 0.0578388 0.0578388 0.0613706 0.0805650 0.0642769 0.4179299 0.0463805 0.0607437 0.0000000 0.0576440 0.0611833 0.0613738 0.0613738 0.0536145 0.1899427 0.4017014 0.0640960 0.0938445 0.0830538 0.0651912 0.0650172 0.0541194 0.0586788 0.0613498 0.0543417 0.0541194 0.0541194 0.0576448 0.0751385 0.0640857 0.0569801 0.0640099 0.0682197 0.0500374 0.0535053 0.0876606 0.0710199 0.0604656 0.0710139 0.0805650 0.7327698 0.0342919 0.0683603 0.0795822 0.0675373 0.0722122 0.0642811 0.2195220 0.0543204 0.0545390 0.0649300 0.2571165 0.1371499 0.0576495 0.0611443 0.0464839 0.0853115 0.0613738 0.3470733 0.0543027 0.0943140 0.0791864 0.0892778 0.0614312 0.0678213 0.0506453 0.0542469 0.0579177 0.0717759 0.0545604 0.0650820 0.0543417 0.0617957 0.0545604 0.0578609 0.0543417 0.3858764 0.0508073 0.0606303 0.0508073 0.0570856 
Fatt_CASQ2         0.0597054 0.0607077 0.0473170 0.0597820 0.0569222 0.0662751 0.0695355 0.0477457 0.0268711 0.0472241 0.2231066 0.0172478 0.0183257 0.1888648 0.3715913 0.0674545 0.0108951 0.0114010 0.0108951 0.0152740 0.0571200 0.0536255 0.3906610 0.0440135 0.0531353 0.0576440 0.0000000 0.0027006 0.0031846 0.0027070 0.0470529 0.1758579 0.3713969 0.0475463 0.0847035 0.0788719 0.0172263 0.0109414 0.0136113 0.0211809 0.0160691 0.0085372 0.0136113 0.0142430 0.0163672 0.0447518 0.0636896 0.0500049 0.0535608 0.0473145 0.0448048 0.0448262 0.0683373 0.0704323 0.0517419 0.0704814 0.0571200 0.6610165 0.0862433 0.0463501 0.0567660 0.0568838 0.0536190 0.0434731 0.2035544 0.0192492 0.0136966 0.0136836 0.2193382 0.0965854 0.0509542 0.0085747 0.0385708 0.0596776 0.0027070 0.3147872 0.0453396 0.0562920 0.0506919 0.0693962 0.0193443 0.0161303 0.0054134 0.0091154 0.0116592 0.0229541 0.0109376 0.0231963 0.0081590 0.0144977 0.0114475 0.0121986 0.0081590 0.3468809 0.0110235 0.0531753 0.0109012 0.0565587 
Ggri_CASQ2         0.0622876 0.0655997 0.0504391 0.0627289 0.0595186 0.0688628 0.0725081 0.0503475 0.0268711 0.0505884 0.2251899 0.0216281 0.0214282 0.1910948 0.3728505 0.0709974 0.0135661 0.0142811 0.0135661 0.0183701 0.0597258 0.0562158 0.3918594 0.0471659 0.0560523 0.0611833 0.0027006 0.0000000 0.0063844 0.0053933 0.0499629 0.1781567 0.3726808 0.0513393 0.0875646 0.0818489 0.0200866 0.0136699 0.0162703 0.0247757 0.0193285 0.0113771 0.0162703 0.0170825 0.0190208 0.0502940 0.0636896 0.0529132 0.0561478 0.0514036 0.0474117 0.0474342 0.0743333 0.0739619 0.0545826 0.0748492 0.0597258 0.6602278 0.0994280 0.0492177 0.0602664 0.0601799 0.0562091 0.0461768 0.2057213 0.0219130 0.0163720 0.0163564 0.2214379 0.0999534 0.0535642 0.0114571 0.0465449 0.0635780 0.0053933 0.3163702 0.0479754 0.0592174 0.0532892 0.0739624 0.0226222 0.0202231 0.0080889 0.0121814 0.0146055 0.0288136 0.0136189 0.0260813 0.0108367 0.0181707 0.0143396 0.0152826 0.0108367 0.3483161 0.0138073 0.0560937 0.0135737 0.0600296 
Gmac39091_CASQ2    0.0746620 0.0658828 0.0579300 0.0678941 0.0677700 0.0790975 0.0790975 0.0567184 0.0324239 0.0591345 0.2550200 0.0241735 0.0226178 0.2118005 0.4156344 0.0712188 0.0161238 0.0161238 0.0161238 0.0193898 0.0716600 0.0637701 0.4238878 0.0498624 0.0602650 0.0613738 0.0031846 0.0063844 0.0000000 0.0000010 0.0568083 0.1927966 0.4044509 0.0515108 0.1004973 0.0934878 0.0227611 0.0161413 0.0193363 0.0248541 0.0193839 0.0128759 0.0193363 0.0193363 0.0226144 0.0565814 0.0681139 0.0601649 0.0671906 0.0646121 0.0532273 0.0566930 0.0747270 0.0741916 0.0636478 0.0751374 0.0716600 0.7047331 0.1006003 0.0600230 0.0705178 0.0636464 0.0636879 0.0481655 0.2297350 0.0063611 0.0096023 0.0161225 0.2450245 0.1165029 0.0606422 0.0128120 0.0385708 0.0637964 0.0000010 0.3329047 0.0539657 0.0674048 0.0601875 0.0742602 0.0226874 0.0202959 0.0096023 0.0128536 0.0161416 0.0289627 0.0161985 0.0261767 0.0128759 0.0182294 0.0161985 0.0161293 0.0128759 0.3809601 0.0161346 0.0638202 0.0161346 0.0602129 
Gmel_CASQ2         0.0576392 0.0658828 0.0505837 0.0629006 0.0596728 0.0690446 0.0727101 0.0466322 0.0268711 0.0468538 0.2166924 0.0217115 0.0214867 0.1851156 0.3467574 0.0712188 0.0135988 0.0143173 0.0135988 0.0184201 0.0552488 0.0563600 0.3532596 0.0436920 0.0562032 0.0613738 0.0027070 0.0053933 0.0000010 0.0000000 0.0500963 0.1787126 0.3471294 0.0515108 0.0878029 0.0820794 0.0201379 0.0137030 0.0163094 0.0248541 0.0193839 0.0114057 0.0151044 0.0171257 0.0190668 0.0465855 0.0681139 0.0530548 0.0562916 0.0515888 0.0475316 0.0475542 0.0747270 0.0741916 0.0547255 0.0751374 0.0552488 0.6399578 0.1006003 0.0493552 0.0604620 0.0603544 0.0520417 0.0432009 0.1985571 0.0163132 0.0108344 0.0151785 0.2098363 0.1003156 0.0495803 0.0114861 0.0385708 0.0637964 0.0000010 0.2874144 0.0480983 0.0593768 0.0493457 0.0742602 0.0226874 0.0202959 0.0081082 0.0122142 0.0146433 0.0289627 0.0136518 0.0261489 0.0108627 0.0182294 0.0143760 0.0153241 0.0108627 0.3214939 0.0138411 0.0562448 0.0126001 0.0602129 
Hamp_CASQ2         0.0559068 0.0314759 0.0274887 0.0531051 0.0528750 0.0625621 0.0625621 0.0495924 0.0268894 0.0498628 0.2201455 0.0490070 0.0531900 0.1850367 0.3995695 0.0600091 0.0470628 0.0471916 0.0470628 0.0499032 0.0724919 0.0495593 0.4006910 0.0500868 0.0465445 0.0536145 0.0470529 0.0499629 0.0568083 0.0500963 0.0000000 0.1757075 0.3830677 0.0511144 0.0775662 0.0684023 0.0529870 0.0532081 0.0438974 0.0507745 0.0567879 0.0440541 0.0438974 0.0438974 0.0469250 0.0495333 0.0112601 0.0055977 0.0112437 0.0160808 0.0027922 0.0055963 0.0106939 0.0190779 0.0084115 0.0116711 0.0724919 0.7043973 0.1233342 0.0124450 0.0168975 0.0158761 0.0590016 0.0520004 0.2001493 0.0564739 0.0503167 0.0563907 0.2350379 0.1145385 0.0436541 0.0505342 0.0706337 0.0671756 0.0500963 0.3339437 0.0378745 0.0683538 0.0557760 0.0732815 0.0603359 0.0585934 0.0409074 0.0498467 0.0483085 0.0659544 0.0472653 0.0564592 0.0440541 0.0605864 0.0473952 0.0464953 0.0440541 0.3704200 0.0416311 0.0169526 0.0410204 0.0223893 
Hippo_CASQ2        0.1847441 0.2059085 0.1737841 0.1840304 0.1700775 0.1821350 0.1891989 0.1736165 0.1057597 0.1192259 0.2441000 0.2027646 0.1810916 0.2089918 0.4299936 0.2003782 0.1751325 0.1823620 0.1751325 0.1852792 0.1865951 0.1793476 0.4247222 0.1306013 0.1899041 0.1899427 0.1758579 0.1781567 0.1927966 0.1787126 0.1757075 0.0000000 0.4303873 0.1907179 0.2022623 0.2045399 0.1761839 0.1767287 0.1712259 0.1909229 0.1925657 0.1781766 0.1712259 0.1776260 0.1712259 0.1848059 0.1995873 0.1790038 0.1690790 0.1979381 0.1690761 0.1691586 0.2598108 0.1848413 0.1703707 0.2248662 0.1865951 0.7637986 0.4822171 0.1730855 0.1969010 0.1822878 0.1887656 0.1693930 0.2279252 0.1868448 0.1795588 0.1864939 0.2770336 0.2329475 0.1777141 0.1873798 0.1180760 0.2136431 0.1787126 0.3308033 0.1746479 0.1964893 0.1851980 0.2231207 0.1974114 0.2238096 0.1676701 0.1771543 0.1836347 0.2540212 0.1759952 0.1902990 0.1717309 0.2123528 0.1833169 0.1813857 0.1717309 0.3728777 0.1716096 0.1831611 0.1681754 0.1854191 
Hsap_CASQ1         0.3629984 0.4477737 0.3566881 0.3930684 0.3585538 0.3788077 0.3925181 0.3395131 0.3361554 0.3156196 0.3764009 0.3193032 0.3908477 0.3919304 0.3810371 0.4048197 0.3697136 0.3840790 0.3697136 0.3964047 0.3727142 0.3502130 0.4093356 0.3452847 0.3664268 0.4017014 0.3713969 0.3726808 0.4044509 0.3471294 0.3830677 0.4303873 0.0000000 0.4122494 0.3816031 0.3918285 0.3904245 0.3821727 0.3638670 0.4073513 0.4059816 0.3784307 0.3429850 0.3764638 0.3596602 0.3556858 0.4180294 0.3823016 0.3652381 0.3210929 0.3732465 0.3733431 0.4721499 0.4057777 0.3813855 0.4424614 0.3727142 0.6346397 0.4629859 0.3601390 0.3655894 0.3959792 0.3673302 0.3976904 0.3958276 0.3793843 0.3703322 0.3527407 0.3801510 0.4993155 0.3465593 0.3867929 0.3018282 0.4549298 0.3684901 0.3777755 0.3512540 0.4160468 0.3673302 0.4672918 0.4117732 0.4503615 0.3602506 0.3867862 0.3859114 0.4880384 0.3715807 0.3981978 0.3656478 0.4434311 0.3861491 0.3917506 0.3656478 0.4530250 0.3739209 0.3876429 0.3482920 0.3900712 
Igeo_CASQ2         0.0789786 0.0517122 0.0396946 0.0712348 0.0710906 0.0837379 0.0837379 0.0591808 0.0189812 0.0461761 0.2283901 0.0561385 0.0475581 0.1879046 0.4311178 0.0748432 0.0477207 0.0477207 0.0477207 0.0515107 0.0759350 0.0510876 0.4246831 0.0422248 0.0548985 0.0640960 0.0475463 0.0513393 0.0515108 0.0515108 0.0511144 0.1907179 0.4122494 0.0000000 0.0990560 0.0913521 0.0513224 0.0554057 0.0437702 0.0529084 0.0514920 0.0439653 0.0437702 0.0437702 0.0475465 0.0549218 0.0562434 0.0547808 0.0624307 0.0599854 0.0472308 0.0510010 0.0619583 0.0662097 0.0585733 0.0627894 0.0759350 0.7230607 0.1270667 0.0537879 0.0581213 0.0585731 0.0589836 0.0541803 0.2071322 0.0439456 0.0479563 0.0553267 0.2475320 0.1169387 0.0516503 0.0513053 0.0575508 0.0584784 0.0515108 0.3364134 0.0516503 0.0476136 0.0551479 0.0672709 0.0553787 0.0618808 0.0400445 0.0438815 0.0477885 0.0534136 0.0479775 0.0556508 0.0439653 0.0549420 0.0479775 0.0477402 0.0439653 0.4128633 0.0401824 0.0546337 0.0401824 0.0548273 
Kbre_CASQ2         0.0907841 0.1054509 0.0798706 0.0882717 0.0907205 0.0975525 0.0983671 0.0936572 0.0450424 0.0585288 0.2269877 0.0728809 0.0887720 0.2010098 0.3959741 0.0927308 0.0847138 0.0852560 0.0847138 0.0994671 0.0986536 0.0835862 0.4090358 0.0653485 0.0806713 0.0938445 0.0847035 0.0875646 0.1004973 0.0878029 0.0775662 0.2022623 0.3816031 0.0990560 0.0000000 0.0171165 0.0911627 0.0910096 0.0752337 0.0864338 0.1004356 0.0818558 0.0752337 0.0751609 0.0782892 0.0871459 0.1055633 0.0805629 0.0804757 0.0895907 0.0773765 0.0774142 0.1296796 0.1060823 0.0816622 0.1142632 0.0986536 0.7392112 0.2215677 0.0857413 0.0973357 0.1013628 0.0971412 0.0944189 0.2085514 0.0944690 0.0881871 0.0880382 0.2507122 0.1349528 0.0594165 0.0890158 0.0628546 0.1171878 0.0878029 0.3514234 0.0566284 0.1078434 0.0968919 0.1215420 0.1042880 0.1097413 0.0783635 0.0923551 0.0873597 0.1188527 0.0819620 0.0951130 0.0816759 0.1062028 0.0823885 0.0959985 0.0816759 0.3487957 0.0797460 0.0839112 0.0785798 0.0916054 
Ksim_CASQ2         0.0851726 0.0906224 0.0700470 0.0821231 0.0817528 0.0887321 0.0887321 0.0847888 0.0405664 0.0578152 0.2261049 0.0684980 0.0822083 0.1990623 0.3992851 0.0857913 0.0788828 0.0791074 0.0788828 0.0934673 0.0932363 0.0777924 0.4027687 0.0612329 0.0746400 0.0830538 0.0788719 0.0818489 0.0934878 0.0820794 0.0684023 0.2045399 0.3918285 0.0913521 0.0171165 0.0000000 0.0850231 0.0853929 0.0690951 0.0828134 0.0934339 0.0757348 0.0690951 0.0690951 0.0722558 0.0846095 0.0929929 0.0713902 0.0777456 0.0812788 0.0651692 0.0682788 0.1113728 0.0954894 0.0745558 0.1011325 0.0932363 0.7706501 0.1893355 0.0759194 0.0862102 0.0918767 0.0884085 0.0852680 0.2069077 0.0889544 0.0824524 0.0888025 0.2465505 0.1316280 0.0497742 0.0828154 0.0628546 0.1050654 0.0820794 0.3480922 0.0468820 0.0982999 0.0849316 0.1075709 0.0972556 0.1055716 0.0723252 0.0860701 0.0810554 0.1061885 0.0760095 0.0889131 0.0757348 0.0982461 0.0762262 0.0898536 0.0757348 0.3673930 0.0736505 0.0746897 0.0725323 0.0811374 
Lacu_CASQ2         0.0754065 0.0655343 0.0504248 0.0725858 0.0692846 0.0793556 0.0793556 0.0594094 0.0360311 0.0620384 0.2348000 0.0397811 0.0326578 0.2027146 0.3927641 0.0786571 0.0230624 0.0231238 0.0230624 0.0293955 0.0630604 0.0621871 0.4097905 0.0538100 0.0590983 0.0651912 0.0172263 0.0200866 0.0227611 0.0201379 0.0529870 0.1761839 0.3904245 0.0513224 0.0911627 0.0850231 0.0000000 0.0230852 0.0259302 0.0322573 0.0293863 0.0201478 0.0259302 0.0259302 0.0288739 0.0498091 0.0678385 0.0559425 0.0621067 0.0549541 0.0498465 0.0528922 0.0682808 0.0774668 0.0590001 0.0704390 0.0630604 0.7006449 0.1021530 0.0553715 0.0602466 0.0669143 0.0559485 0.0519081 0.2183303 0.0320352 0.0261029 0.0260759 0.2309340 0.0961870 0.0594135 0.0202914 0.0545969 0.0635270 0.0201379 0.3281240 0.0535287 0.0622799 0.0559593 0.0738960 0.0327916 0.0245368 0.0171825 0.0227342 0.0236567 0.0291638 0.0231582 0.0351985 0.0201478 0.0257542 0.0232202 0.0260829 0.0201478 0.3546127 0.0234137 0.0591413 0.0230763 0.0634820 
Lalb_CASQ2         0.0659444 0.0659247 0.0539258 0.0661025 0.0631430 0.0726540 0.0759798 0.0538091 0.0268840 0.0550762 0.2318020 0.0261713 0.0247296 0.1972272 0.3904884 0.0748774 0.0108835 0.0113784 0.0108835 0.0152988 0.0633677 0.0597702 0.4065003 0.0477478 0.0593464 0.0650172 0.0109414 0.0136699 0.0161413 0.0137030 0.0532081 0.1767287 0.3821727 0.0554057 0.0910096 0.0853929 0.0230852 0.0000000 0.0192116 0.0285128 0.0160335 0.0084981 0.0192116 0.0200405 0.0220017 0.0537522 0.0679276 0.0561762 0.0596963 0.0602531 0.0508270 0.0508515 0.0747827 0.0778398 0.0577803 0.0751779 0.0633677 0.6785383 0.1143954 0.0530139 0.0642576 0.0639913 0.0597630 0.0496968 0.2121310 0.0249540 0.0193333 0.0136690 0.2279812 0.1003168 0.0570965 0.0144015 0.0551309 0.0638290 0.0137030 0.3326572 0.0514393 0.0625416 0.0567989 0.0743023 0.0193016 0.0120208 0.0109149 0.0153752 0.0057876 0.0170607 0.0109259 0.0172276 0.0081503 0.0108110 0.0114247 0.0122182 0.0081503 0.3526916 0.0110395 0.0593896 0.0108896 0.0637840 
Laus_CASQ2         0.0563973 0.0558452 0.0439310 0.0565145 0.0536339 0.0628693 0.0661839 0.0445733 0.0223192 0.0431304 0.2102635 0.0042780 0.0030220 0.1699911 0.3601571 0.0639267 0.0081157 0.0085420 0.0081157 0.0122060 0.0479056 0.0503894 0.3699813 0.0367804 0.0499383 0.0541194 0.0136113 0.0162703 0.0193363 0.0163094 0.0438974 0.1712259 0.3638670 0.0437702 0.0752337 0.0690951 0.0259302 0.0192116 0.0000000 0.0069861 0.0128406 0.0113797 0.0000010 0.0000010 0.0026867 0.0388383 0.0595359 0.0468348 0.0503295 0.0473165 0.0416648 0.0416845 0.0683658 0.0600491 0.0486642 0.0661373 0.0479056 0.6518352 0.0995985 0.0460500 0.0565932 0.0536002 0.0445912 0.0402350 0.1842884 0.0219178 0.0163755 0.0218920 0.2138883 0.0889271 0.0477294 0.0172717 0.0306643 0.0480756 0.0163094 0.3005832 0.0421578 0.0469549 0.0417186 0.0558284 0.0226280 0.0243246 0.0080907 0.0121843 0.0146089 0.0229619 0.0136219 0.0260874 0.0108391 0.0181760 0.0143429 0.0152864 0.0108391 0.3311822 0.0082501 0.0499763 0.0081112 0.0531020 
