Supplemental results for CODEML (seqf: /home/leticiamagpali/phd/evol_models/codeml/big_dataset/cml_align/MYH2_codon_aligned.phy  treef: /home/leticiamagpali/phd/evol_models/codeml/big_dataset/cml_trees/gene_trees/H1b_gene_trees/MYH2_tree_H1b.tre)

I	J	ij	2Ns_IJ	pMut_IJ	pSub_IJ	2Ns_JI	pMut_JI	pSub_JI

TTC	TTT	CT	-0.09917	0.06852	0.06518	0.09917	0.06205	0.06518
TTA	TTT	AT	9.54535	0.00000	0.00000	-9.54535	0.01013	0.00001
TTA	TTC	AC	9.64451	0.00000	0.00000	-9.64451	0.02502	0.00002
TTG	TTT	GT	1.75917	0.00210	0.00446	-1.75917	0.01219	0.00446
TTG	TTC	GC	1.85834	0.00469	0.01033	-1.85834	0.03010	0.01033
TTG	TTA	GA	-7.78617	0.00756	0.00002	7.78617	0.00000	0.00000
TCT	TTT	CT	2.42234	0.00550	0.01463	-2.42234	0.06205	0.01463
TCC	TTC	CT	1.19114	0.04657	0.07969	-1.19114	0.15327	0.07969
TCC	TCT	CT	-1.33037	0.04657	0.02227	1.33037	0.01231	0.02227
TCA	TTA	CT	-7.59679	0.01014	0.00004	7.59679	0.00000	0.00000
TCA	TCT	AT	-0.47378	0.00323	0.00252	0.47378	0.00201	0.00252
TCA	TCC	AC	0.85659	0.00722	0.01075	-0.85659	0.01701	0.01075
TCG	TTG	CT	0.58851	0.00818	0.01083	-0.58851	0.01474	0.01083
TCG	TCT	GT	-0.07466	0.00261	0.00251	0.07466	0.00242	0.00251
TCG	TCC	GC	1.25572	0.00583	0.01024	-1.25572	0.02046	0.01024
TCG	TCA	GA	0.39913	0.00939	0.01139	-0.39913	0.01399	0.01139
TAT	TTT	AT	1.34896	0.00263	0.00479	-1.34896	0.01013	0.00479
TAT	TCT	AC	-1.07338	0.00588	0.00328	1.07338	0.00201	0.00328
TAC	TTC	AT	0.74326	0.01190	0.01687	-0.74326	0.02502	0.01687
TAC	TCC	AC	-0.44787	0.02662	0.02110	0.44787	0.01701	0.02110
TAC	TAT	CT	-0.70487	0.03738	0.02574	0.70487	0.01847	0.02574
TGT	TTT	GT	4.19059	0.00018	0.00079	-4.19059	0.01219	0.00079
TGT	TCT	GC	1.76825	0.00041	0.00088	-1.76825	0.00242	0.00088
TGT	TAT	GA	2.84163	0.00066	0.00201	-2.84163	0.01139	0.00201
TGC	TTC	GT	1.37515	0.00761	0.01401	-1.37515	0.03010	0.01401
TGC	TCC	GC	0.18401	0.01702	0.01864	-0.18401	0.02046	0.01864
TGC	TAC	GA	0.63188	0.02742	0.03698	-0.63188	0.05157	0.03698
TGC	TGT	CT	-2.91461	0.02390	0.00399	2.91461	0.00130	0.00399
TGG	TTG	GT	-1.05879	0.00835	0.00469	1.05879	0.00290	0.00469
TGG	TCG	GC	-1.64730	0.01867	0.00734	1.64730	0.00360	0.00734
TGG	TGT	GT	-3.49020	0.00835	0.00092	3.49020	0.00025	0.00092
TGG	TGC	GC	-0.57559	0.01867	0.01381	0.57559	0.01050	0.01381
CTT	TTT	CT	2.90293	0.00340	0.01046	-2.90293	0.06205	0.01046
CTC	TTC	CT	0.97768	0.05766	0.09036	-0.97768	0.15327	0.09036
CTC	CTT	CT	-2.02441	0.05766	0.01776	2.02441	0.00761	0.01776
CTA	TTA	CT	-7.65909	0.01079	0.00004	7.65909	0.00000	0.00000
CTA	CTT	AT	-1.01667	0.00344	0.00198	1.01667	0.00124	0.00198
CTA	CTC	AC	1.00774	0.00769	0.01220	-1.00774	0.02106	0.01220
CTG	TTG	CT	-2.54120	0.18717	0.04067	2.54120	0.01474	0.04067
CTG	CTT	GT	-3.68495	0.05959	0.00565	3.68495	0.00150	0.00565
CTG	CTC	GC	-1.66054	0.13329	0.05193	1.66054	0.02533	0.05193
CTG	CTA	GA	-2.66828	0.21468	0.04270	2.66828	0.01489	0.04270
CCT	TCT	CT	2.93855	0.00065	0.00202	-2.93855	0.01231	0.00202
CCT	CTT	CT	2.45796	0.00065	0.00175	-2.45796	0.00761	0.00175
CCC	TCC	CT	1.58082	0.02144	0.04268	-1.58082	0.10418	0.04268
CCC	CTC	CT	1.79428	0.02144	0.04614	-1.79428	0.12897	0.04614
CCC	CCT	CT	-2.68810	0.02144	0.00421	2.68810	0.00146	0.00421
CCA	TCA	CT	1.31586	0.00608	0.01094	-1.31586	0.02268	0.01094
CCA	CTA	CT	1.37817	0.00608	0.01121	-1.37817	0.02414	0.01121
CCA	CCT	AT	-2.09647	0.00194	0.00057	2.09647	0.00024	0.00057
CCA	CCC	AC	0.59163	0.00433	0.00574	-0.59163	0.00783	0.00574
CCG	TCG	CT	0.07711	0.01695	0.01761	-0.07711	0.01831	0.01761
CCG	CTG	CT	3.20681	0.01695	0.05665	-3.20681	0.41865	0.05665
CCG	CCT	GT	-2.93610	0.00540	0.00089	2.93610	0.00029	0.00089
CCG	CCC	GC	-0.24800	0.01207	0.01064	0.24800	0.00942	0.01064
CCG	CCA	GA	-0.83963	0.01944	0.01241	0.83963	0.00840	0.01241
CAT	TAT	CT	5.54124	0.00007	0.00040	-5.54124	0.01847	0.00040
CAT	CTT	AT	3.98727	0.00002	0.00009	-3.98727	0.00124	0.00009
CAT	CCT	AC	1.52931	0.00005	0.00010	-1.52931	0.00024	0.00010
CAC	TAC	CT	0.73941	0.03991	0.05647	-0.73941	0.08360	0.05647
CAC	CTC	AT	0.50499	0.01271	0.01618	-0.50499	0.02106	0.01618
CAC	CCC	AC	-1.28929	0.02842	0.01393	1.28929	0.00783	0.01393
CAC	CAT	CT	-5.50670	0.03991	0.00090	5.50670	0.00016	0.00090
CAA	CTA	AT	0.08483	0.00362	0.00378	-0.08483	0.00394	0.00378
CAA	CCA	AC	-1.29334	0.00810	0.00396	1.29334	0.00222	0.00396
CAA	CAT	AT	-4.91912	0.00362	0.00013	4.91912	0.00003	0.00013
CAA	CAC	AC	0.58758	0.00810	0.01071	-0.58758	0.01457	0.01071
CAG	CTG	AT	0.71146	0.03356	0.04690	-0.71146	0.06835	0.04690
CAG	CCG	AC	-2.49535	0.07506	0.01683	2.49535	0.00619	0.01683
CAG	CAT	GT	-6.96076	0.03356	0.00022	6.96076	0.00003	0.00022
CAG	CAC	GC	-1.45407	0.07506	0.03327	1.45407	0.01753	0.03327
CAG	CAA	GA	-2.04164	0.12088	0.03682	2.04164	0.01569	0.03682
CGT	TGT	CT	-1.32021	0.00485	0.00233	1.32021	0.00130	0.00233
CGT	CTT	GT	-0.03255	0.00155	0.00152	0.03255	0.00150	0.00152
CGT	CCT	GC	-2.49051	0.00346	0.00078	2.49051	0.00029	0.00078
CGT	CAT	GA	-4.01982	0.00557	0.00041	4.01982	0.00010	0.00041
CGC	TGC	CT	0.37957	0.03658	0.04396	-0.37957	0.05347	0.04396
CGC	CTC	GT	0.77704	0.01165	0.01675	-0.77704	0.02533	0.01675
CGC	CCC	GC	-1.01724	0.02605	0.01501	1.01724	0.00942	0.01501
CGC	CAC	GA	0.27205	0.04195	0.04792	-0.27205	0.05507	0.04792
CGC	CGT	CT	-1.21483	0.03658	0.01875	1.21483	0.01086	0.01875
CGA	CTA	GT	0.48966	0.00291	0.00368	-0.48966	0.00474	0.00368
CGA	CCA	GC	-0.88851	0.00650	0.00403	0.88851	0.00267	0.00403
CGA	CAA	GA	0.40483	0.01047	0.01273	-0.40483	0.01569	0.01273
CGA	CGT	AT	-0.49446	0.00291	0.00225	0.49446	0.00177	0.00225
CGA	CGC	AC	0.72036	0.00650	0.00912	-0.72036	0.01336	0.00912
CGG	TGG	CT	1.28504	0.01623	0.02882	-1.28504	0.05865	0.02882
CGG	CTG	GT	2.76745	0.00517	0.01525	-2.76745	0.08223	0.01525
CGG	CCG	GC	-0.43937	0.01155	0.00920	0.43937	0.00745	0.00920
CGG	CAG	GA	2.05599	0.01861	0.04388	-2.05599	0.14543	0.04388
CGG	CGT	GT	-0.88496	0.00517	0.00321	0.88496	0.00213	0.00321
CGG	CGC	GC	0.32987	0.01155	0.01357	-0.32987	0.01607	0.01357
CGG	CGA	GA	-0.39049	0.01861	0.01521	0.39049	0.01259	0.01521
ATT	TTT	AT	0.07145	0.00943	0.00977	-0.07145	0.01013	0.00977
ATT	CTT	AC	-2.83148	0.02110	0.00374	2.83148	0.00124	0.00374
ATC	TTC	AT	-0.11642	0.02811	0.02651	0.11642	0.02502	0.02651
ATC	CTC	AC	-1.09410	0.06288	0.03463	1.09410	0.02106	0.03463
ATC	ATT	CT	-0.28703	0.08830	0.07623	0.28703	0.06627	0.07623
ATA	TTA	AT	-8.33369	0.00346	0.00001	8.33369	0.00000	0.00000
ATA	CTA	AC	-0.67460	0.00774	0.00542	0.67460	0.00394	0.00542
ATA	ATT	AT	1.14021	0.00346	0.00580	-1.14021	0.01082	0.00580
ATA	ATC	AC	1.42724	0.00774	0.01453	-1.42724	0.03224	0.01453
ATG	TTG	AT	-2.29030	0.02378	0.00613	2.29030	0.00241	0.00613
ATG	CTG	AC	0.25090	0.05318	0.06013	-0.25090	0.06835	0.06013
ATG	ATT	GT	-0.60257	0.02378	0.01733	0.60257	0.01302	0.01733
ATG	ATC	GC	-0.31554	0.05318	0.04523	0.31554	0.03879	0.04523
ATG	ATA	GA	-1.74278	0.08565	0.03167	1.74278	0.01499	0.03167
ACT	TCT	AT	0.29347	0.00150	0.00173	-0.29347	0.00201	0.00173
ACT	CCT	AC	-2.64507	0.00335	0.00068	2.64507	0.00024	0.00068
ACT	ATT	CT	2.64437	0.00471	0.01340	-2.64437	0.06627	0.01340
ACC	TCC	AT	0.31541	0.01241	0.01447	-0.31541	0.01701	0.01447
ACC	CCC	AC	-1.26541	0.02775	0.01380	1.26541	0.00783	0.01380
ACC	ATC	CT	1.62297	0.03897	0.07879	-1.62297	0.19750	0.07879
ACC	ACT	CT	-1.30843	0.03897	0.01888	1.30843	0.01053	0.01888
ACA	TCA	AT	-0.35058	0.00526	0.00439	0.35058	0.00370	0.00439
ACA	CCA	AC	-1.66644	0.01176	0.00457	1.66644	0.00222	0.00457
ACA	ATA	CT	0.38633	0.01651	0.01991	-0.38633	0.02430	0.01991
ACA	ACT	AT	-1.11783	0.00526	0.00286	1.11783	0.00172	0.00286
ACA	ACC	AC	0.19060	0.01176	0.01292	-0.19060	0.01423	0.01292
ACG	TCG	AT	-1.00195	0.00814	0.00473	1.00195	0.00299	0.00473
ACG	CCG	AC	-1.07906	0.01821	0.01012	1.07906	0.00619	0.01012
ACG	ATG	CT	1.87686	0.02557	0.05666	-1.87686	0.16704	0.05666
ACG	ACT	GT	-1.37008	0.00814	0.00380	1.37008	0.00207	0.00380
ACG	ACC	GC	-0.06165	0.01821	0.01765	0.06165	0.01712	0.01765
ACG	ACA	GA	-0.25225	0.02933	0.02578	0.25225	0.02279	0.02578
AAT	TAT	AT	1.02300	0.00108	0.00173	-1.02300	0.00302	0.00173
AAT	CAT	AC	-4.51824	0.00242	0.00012	4.51824	0.00003	0.00012
AAT	ATT	AT	2.30051	0.00108	0.00277	-2.30051	0.01082	0.00277
AAT	ACT	AC	-0.34385	0.00242	0.00203	0.34385	0.00172	0.00203
AAC	TAC	AT	-0.93416	0.03474	0.02100	0.93416	0.01365	0.02100
AAC	CAC	AC	-1.67357	0.07770	0.03002	1.67357	0.01457	0.03002
AAC	ATC	AT	-0.07448	0.03474	0.03346	0.07448	0.03224	0.03346
AAC	ACC	AC	-1.69745	0.07770	0.02957	1.69745	0.01423	0.02957
AAC	AAT	CT	-2.66203	0.10910	0.02180	2.66203	0.00762	0.02180
AAA	CAA	AC	-1.80625	0.02528	0.00898	1.80625	0.00415	0.00898
AAA	ATA	AT	-1.04682	0.01130	0.00640	1.04682	0.00397	0.00640
AAA	ACA	AC	-1.43315	0.02528	0.01135	1.43315	0.00603	0.01135
AAA	AAT	AT	-2.20713	0.01130	0.00308	2.20713	0.00124	0.00308
AAA	AAC	AC	0.45490	0.02528	0.03147	-0.45490	0.03984	0.03147
AAG	CAG	AC	-1.53695	0.17898	0.07536	1.53695	0.03849	0.07536
AAG	ATG	AT	-1.07639	0.08002	0.04453	1.07639	0.02727	0.04453
AAG	ACG	AC	-2.95325	0.17898	0.02909	2.95325	0.00934	0.02909
AAG	AAT	GT	-3.97948	0.08002	0.00607	3.97948	0.00150	0.00607
AAG	AAC	GC	-1.31745	0.17898	0.08625	1.31745	0.04793	0.08625
AAG	AAA	GA	-1.77235	0.28825	0.10459	1.77235	0.04898	0.10459
AGT	TGT	AT	0.01934	0.00021	0.00021	-0.01934	0.00021	0.00021
AGT	CGT	AC	1.33956	0.00046	0.00084	-1.33956	0.00177	0.00084
AGT	ATT	GT	4.13849	0.00021	0.00087	-4.13849	0.01302	0.00087
AGT	ACT	GC	1.49412	0.00046	0.00089	-1.49412	0.00207	0.00089
AGT	AAT	GA	1.83798	0.00075	0.00163	-1.83798	0.00470	0.00163
AGC	TGC	AT	-0.15055	0.01015	0.00940	0.15055	0.00873	0.00940
AGC	CGC	AC	-0.53013	0.02270	0.01721	0.53013	0.01336	0.01721
AGC	ATC	GT	1.34101	0.01015	0.01843	-1.34101	0.03879	0.01843
AGC	ACC	GC	-0.28196	0.02270	0.01965	0.28196	0.01712	0.01965
AGC	AAC	GA	1.41549	0.03655	0.06834	-1.41549	0.15055	0.06834
AGC	AGT	CT	-3.08451	0.03187	0.00471	3.08451	0.00146	0.00471
AGA	CGA	AC	1.17264	0.00103	0.00175	-1.17264	0.00333	0.00175
AGA	ATA	GT	2.33690	0.00046	0.00119	-2.33690	0.00477	0.00119
AGA	ACA	GC	1.95057	0.00103	0.00235	-1.95057	0.00726	0.00235
AGA	AAA	GA	3.38373	0.00166	0.00582	-3.38373	0.04898	0.00582
AGA	AGT	AT	-0.66138	0.00046	0.00033	0.66138	0.00024	0.00033
AGA	AGC	AC	2.42313	0.00103	0.00274	-2.42313	0.01164	0.00274
AGG	TGG	AT	0.39042	0.00648	0.00783	-0.39042	0.00958	0.00783
AGG	CGG	AC	-0.89462	0.01450	0.00897	0.89462	0.00593	0.00897
AGG	ATG	GT	1.62193	0.00648	0.01310	-1.62193	0.03281	0.01310
AGG	ACG	GC	-0.25493	0.01450	0.01273	0.25493	0.01123	0.01273
AGG	AAG	GA	2.69832	0.02335	0.06754	-2.69832	0.34679	0.06754
AGG	AGT	GT	-3.11913	0.00648	0.00093	3.11913	0.00029	0.00093
AGG	AGC	GC	-0.03462	0.01450	0.01425	0.03462	0.01400	0.01425
AGG	AGA	GA	-2.45775	0.02335	0.00537	2.45775	0.00200	0.00537
GTT	TTT	GT	9.73022	0.00000	0.00000	-9.73022	0.01219	0.00001
GTT	CTT	GC	6.82729	0.00000	0.00000	-6.82729	0.00150	0.00001
GTT	ATT	GA	9.65877	0.00000	0.00000	-9.65877	0.04088	0.00003
GTC	TTC	GT	1.58699	0.00616	0.01228	-1.58699	0.03010	0.01228
GTC	CTC	GC	0.60931	0.01377	0.01839	-0.60931	0.02533	0.01839
GTC	ATC	GA	1.70341	0.02218	0.04620	-1.70341	0.12184	0.04620
GTC	GTT	CT	-8.24239	0.01934	0.00004	8.24239	0.00000	0.00000
GTA	TTA	GT	-7.53263	0.00187	0.00001	7.53263	0.00000	0.00000
GTA	CTA	GC	0.12646	0.00418	0.00445	-0.12646	0.00474	0.00445
GTA	ATA	GA	0.80106	0.00673	0.00978	-0.80106	0.01499	0.00978
GTA	GTT	AT	-7.71751	0.00187	0.00001	7.71751	0.00000	0.00000
GTA	GTC	AC	0.52489	0.00418	0.00537	-0.52489	0.00706	0.00537
GTG	TTG	GT	-1.63173	0.01481	0.00587	1.63173	0.00290	0.00587
GTG	CTG	GC	0.90946	0.03312	0.05043	-0.90946	0.08223	0.05043
GTG	ATG	GA	0.65857	0.05334	0.07281	-0.65857	0.10305	0.07281
GTG	GTT	GT	-9.60277	0.01481	0.00001	9.60277	0.00000	0.00000
GTG	GTC	GC	-1.36038	0.03312	0.01555	1.36038	0.00850	0.01555
GTG	GTA	GA	-1.88527	0.05334	0.01799	1.88527	0.00810	0.01799
GCT	TCT	GT	-1.40171	0.00982	0.00450	1.40171	0.00242	0.00450
GCT	CCT	GC	-4.34026	0.02198	0.00126	4.34026	0.00029	0.00126
GCT	ACT	GA	-1.69518	0.03539	0.01349	1.69518	0.00650	0.01349
GCT	GTT	CT	-8.70958	0.03086	0.00004	8.70958	0.00000	0.00000
GCC	TCC	GT	-0.22667	0.02567	0.02287	0.22667	0.02046	0.02287
GCC	CCC	GC	-1.80750	0.05741	0.02037	1.80750	0.00942	0.02037
GCC	ACC	GA	-0.54209	0.09247	0.06966	0.54209	0.05377	0.06966
GCC	GTC	CT	-0.62253	0.08062	0.05811	0.62253	0.04326	0.05811
GCC	GCT	CT	-0.15534	0.08062	0.07452	0.15534	0.06902	0.07452
GCA	TCA	GT	-0.33107	0.00620	0.00523	0.33107	0.00446	0.00523
GCA	CCA	GC	-1.64694	0.01388	0.00545	1.64694	0.00267	0.00545
GCA	ACA	GA	0.01950	0.02235	0.02257	-0.01950	0.02279	0.02257
GCA	GTA	CT	-0.39522	0.01948	0.01589	0.39522	0.01312	0.01589
GCA	GCT	AT	0.59686	0.00620	0.00824	-0.59686	0.01127	0.00824
GCA	GCC	AC	0.75219	0.01388	0.01974	-0.75219	0.02944	0.01974
GCG	TCG	GT	1.13736	0.00115	0.00193	-1.13736	0.00360	0.00193
GCG	CCG	GC	1.06026	0.00258	0.00418	-1.06026	0.00745	0.00418
GCG	ACG	GA	2.13932	0.00415	0.01007	-2.13932	0.03528	0.01007
GCG	GTG	CT	3.35760	0.00362	0.01260	-3.35760	0.10402	0.01260
GCG	GCT	GT	2.46441	0.00115	0.00311	-2.46441	0.01356	0.00311
GCG	GCC	GC	2.61975	0.00258	0.00729	-2.61975	0.03542	0.00729
GCG	GCA	GA	1.86756	0.00415	0.00918	-1.86756	0.02689	0.00918
GAT	TAT	GT	-0.82234	0.00826	0.00532	0.82234	0.00363	0.00532
GAT	CAT	GC	-6.36357	0.01847	0.00020	6.36357	0.00003	0.00020
GAT	AAT	GA	-1.84533	0.02974	0.01030	1.84533	0.00470	0.01030
GAT	GTT	AT	-9.20359	0.00826	0.00001	9.20359	0.00000	0.00000
GAT	GCT	AC	-0.49401	0.01847	0.01428	0.49401	0.01127	0.01428
GAC	TAC	GT	-0.77013	0.03547	0.02355	0.77013	0.01642	0.02355
GAC	CAC	GC	-1.50954	0.07934	0.03398	1.50954	0.01753	0.03398
GAC	AAC	GA	0.16403	0.12778	0.13854	-0.16403	0.15055	0.13854
GAC	GTC	AT	-1.61386	0.03547	0.01423	1.61386	0.00706	0.01423
GAC	GCC	AC	-0.99134	0.07934	0.04641	0.99134	0.02944	0.04641
GAC	GAT	CT	-0.65267	0.11140	0.07897	0.65267	0.05800	0.07897
GAA	CAA	GC	-1.77243	0.02940	0.01067	1.77243	0.00500	0.01067
GAA	AAA	GA	0.03382	0.04736	0.04816	-0.03382	0.04898	0.04816
GAA	GTA	AT	-1.81406	0.01315	0.00464	1.81406	0.00214	0.00464
GAA	GCA	AC	-1.41884	0.02940	0.01332	1.41884	0.00712	0.01332
GAA	GAT	AT	-0.32798	0.01315	0.01111	0.32798	0.00947	0.01111
GAA	GAC	AC	0.32469	0.02940	0.03443	-0.32469	0.04068	0.03443
GAG	CAG	GC	-1.35219	0.17900	0.08446	1.35219	0.04630	0.08446
GAG	AAG	GA	0.18476	0.28828	0.31574	-0.18476	0.34679	0.31574
GAG	GTG	AT	-1.55019	0.08003	0.03342	1.55019	0.01698	0.03342
GAG	GCG	AC	-4.90780	0.17900	0.00654	4.90780	0.00132	0.00654
GAG	GAT	GT	-1.94938	0.08003	0.02589	1.94938	0.01139	0.02589
GAG	GAC	GC	-1.29671	0.17900	0.08735	1.29671	0.04894	0.08735
GAG	GAA	GA	-1.62140	0.28828	0.11512	1.62140	0.05697	0.11512
GGT	TGT	GT	1.30283	0.00007	0.00012	-1.30283	0.00025	0.00012
GGT	CGT	GC	2.62304	0.00015	0.00044	-2.62304	0.00213	0.00044
GGT	AGT	GA	1.28348	0.00025	0.00044	-1.28348	0.00090	0.00044
GGT	GTT	GT	-4.23680	0.00007	0.00000	4.23680	0.00000	0.00000
GGT	GCT	GC	4.47279	0.00015	0.00070	-4.47279	0.01356	0.00070
GGT	GAT	GA	4.96679	0.00025	0.00125	-4.96679	0.03578	0.00125
GGC	TGC	GT	-0.48421	0.01704	0.01325	0.48421	0.01050	0.01325
GGC	CGC	GC	-0.86378	0.03812	0.02400	0.86378	0.01607	0.02400
GGC	AGC	GA	-0.33365	0.06140	0.05172	0.33365	0.04398	0.05172
GGC	GTC	GT	-0.69605	0.01704	0.01179	0.69605	0.00850	0.01179
GGC	GCC	GC	-0.07352	0.03812	0.03674	0.07352	0.03542	0.03674
GGC	GAC	GA	0.91781	0.06140	0.09382	-0.91781	0.15372	0.09382
GGC	GGT	CT	-4.70165	0.05353	0.00231	4.70165	0.00049	0.00231
GGA	CGA	GC	-0.69018	0.00800	0.00555	0.69018	0.00401	0.00555
GGA	AGA	GA	-1.86282	0.01288	0.00441	1.86282	0.00200	0.00441
GGA	GTA	GT	-0.32698	0.00357	0.00302	0.32698	0.00258	0.00302
GGA	GCA	GC	0.06825	0.00800	0.00827	-0.06825	0.00856	0.00827
GGA	GAA	GA	1.48708	0.01288	0.02474	-1.48708	0.05697	0.02474
GGA	GGT	AT	-3.80769	0.00357	0.00031	3.80769	0.00008	0.00031
GGA	GGC	AC	0.89396	0.00800	0.01210	-0.89396	0.01955	0.01210
GGG	TGG	GT	0.03986	0.01107	0.01129	-0.03986	0.01152	0.01129
GGG	CGG	GC	-1.24518	0.02476	0.01246	1.24518	0.00713	0.01246
GGG	AGG	GA	-0.35056	0.03988	0.03330	0.35056	0.02809	0.03330
GGG	GTG	GT	0.61280	0.01107	0.01481	-0.61280	0.02043	0.01481
GGG	GCG	GC	-2.74480	0.02476	0.00467	2.74480	0.00159	0.00467
GGG	GAG	GA	2.16299	0.03988	0.09746	-2.16299	0.34682	0.09746
GGG	GGT	GT	-4.75318	0.01107	0.00046	4.75318	0.00010	0.00046
GGG	GGC	GC	-0.05153	0.02476	0.02413	0.05153	0.02352	0.02413
GGG	GGA	GA	-0.94549	0.03988	0.02395	0.94549	0.01549	0.02395


Histograms
2Ns	FMut	FSub(CodonUsage)	FSubw(after w)

-9.26687	0.00734	0.00001
-8.34019	0.00354	0.00001
-7.41350	0.00434	0.00003
-6.48681	0.00132	0.00002
-5.56012	0.00385	0.00012
-4.63344	0.02198	0.00129
-3.70675	0.02140	0.00311
-2.78006	0.13636	0.03601
-1.85337	0.24555	0.13038
-0.92669	0.20749	0.17697
0.00000	0.21356	0.30414
0.92669	0.08059	0.17697
1.85337	0.04335	0.13038
2.78006	0.00853	0.03601
3.70675	0.00059	0.00311
4.63344	0.00019	0.00129
5.56012	0.00002	0.00012
6.48681	0.00000	0.00002
7.41350	0.00000	0.00002
8.34019	0.00000	0.00000
9.26687	0.00000	0.00000

Proportion of advantageous (S > 0) mutations:
 0.22853

Proportions of good & bad mutations (|S| > 2.0000) among mutations:
0.01533  0.24987

mean |Ns| = 1.58320	mean Ns+ = 0.84803	mean Ns- = -1.80098


MLEs of dN/dS (w) for site classes (K=4)

site class             0        1       2a       2b
proportion       0.00000  0.00000  0.92543  0.07457
background w     0.03958  1.43799  0.03958  1.43799
foreground w     0.03958  1.43799  0.00000  0.00000

Naive Empirical Bayes (NEB) probabilities for 4 classes
(amino acids refer to 1st sequence: Bacu)

   1 E   0.00000 0.00000 0.99589 0.00411 ( 3)
   2 S   0.00000 0.00000 0.99782 0.00218 ( 3)
   3 G   0.00000 0.00000 0.99880 0.00120 ( 3)
   4 A   0.00000 0.00000 0.99608 0.00392 ( 3)
   5 G   0.00000 0.00000 0.99880 0.00120 ( 3)
   6 K   0.00000 0.00000 0.98990 0.01009 ( 3)
   7 T   0.00000 0.00000 0.99860 0.00140 ( 3)
   8 V   0.00000 0.00000 0.99993 0.00007 ( 3)
   9 N   0.00000 0.00000 0.99721 0.00279 ( 3)
  10 T   0.00000 0.00000 0.99938 0.00062 ( 3)
  11 K   0.00000 0.00000 0.99009 0.00991 ( 3)
  12 R   0.00000 0.00000 0.99984 0.00016 ( 3)
  13 V   0.00000 0.00000 0.99993 0.00007 ( 3)
  14 I   0.00000 0.00000 0.99446 0.00554 ( 3)
  15 Q   0.00000 0.00000 0.99273 0.00727 ( 3)
  16 Y   0.00000 0.00000 0.99843 0.00157 ( 3)
  17 F   0.00000 0.00000 0.97931 0.02069 ( 3)
  18 A   0.00000 0.00000 0.97293 0.02706 ( 3)
  19 V   0.00000 0.00000 0.99688 0.00312 ( 3)
  20 I   0.00000 0.00000 0.97957 0.02043 ( 3)
  21 A   0.00000 0.00000 0.99342 0.00658 ( 3)
  22 A   0.00000 0.00000 0.99122 0.00878 ( 3)
  23 I   0.00000 0.00000 0.98174 0.01826 ( 3)
  24 G   0.00000 0.00000 0.99844 0.00156 ( 3)
  25 D   0.00000 0.00000 0.99128 0.00872 ( 3)
  26 R   0.00000 0.00000 0.99813 0.00187 ( 3)
  27 S   0.00000 0.00000 0.99960 0.00039 ( 3)
  28 K   0.00000 0.00000 0.98990 0.01009 ( 3)
  29 K   0.00000 0.00000 0.99161 0.00839 ( 3)
  30 E   0.00000 0.00000 0.99072 0.00928 ( 3)
  31 Q   0.00000 0.00000 0.09752 0.90248 ( 4)
  32 T   0.00000 0.00000 0.01297 0.98703 ( 4)
  33 S   0.00000 0.00000 0.64706 0.35293 ( 3)
  34 G   0.00000 0.00000 0.99784 0.00216 ( 3)
  35 K   0.00000 0.00000 0.98990 0.01009 ( 3)
  36 N   0.00000 0.00000 0.99676 0.00324 ( 3)
  37 S   0.00000 0.00000 0.99950 0.00050 ( 3)
  38 F   0.00000 0.00000 0.00000 1.00000 ( 4)
  39 E   0.00000 0.00000 0.99255 0.00745 ( 3)
  40 Q   0.00000 0.00000 0.99412 0.00588 ( 3)
  41 L   0.00000 0.00000 0.99593 0.00407 ( 3)
  42 C   0.00000 0.00000 0.99975 0.00025 ( 3)
  43 I   0.00000 0.00000 0.99564 0.00436 ( 3)
  44 N   0.00000 0.00000 0.99793 0.00207 ( 3)
  45 F   0.00000 0.00000 0.99705 0.00295 ( 3)
  46 T   0.00000 0.00000 0.99960 0.00040 ( 3)
  47 N   0.00000 0.00000 0.99798 0.00202 ( 3)
  48 E   0.00000 0.00000 0.99234 0.00766 ( 3)
  49 K   0.00000 0.00000 0.99160 0.00840 ( 3)
  50 L   0.00000 0.00000 0.97447 0.02553 ( 3)
  51 Q   0.00000 0.00000 0.99422 0.00578 ( 3)
  52 Q   0.00000 0.00000 0.99412 0.00588 ( 3)
  53 F   0.00000 0.00000 0.99705 0.00295 ( 3)
  54 F   0.00000 0.00000 0.99705 0.00295 ( 3)
  55 N   0.00000 0.00000 0.99793 0.00207 ( 3)
  56 H   0.00000 0.00000 0.99968 0.00031 ( 3)
  57 H   0.00000 0.00000 0.99968 0.00031 ( 3)
  58 M   0.00000 0.00000 0.99882 0.00118 ( 3)
  59 F   0.00000 0.00000 0.99705 0.00295 ( 3)
  60 V   0.00000 0.00000 0.85926 0.14074 ( 3)
  61 L   0.00000 0.00000 0.97415 0.02585 ( 3)
  62 E   0.00000 0.00000 0.99339 0.00661 ( 3)
  63 Q   0.00000 0.00000 0.99428 0.00572 ( 3)
  64 E   0.00000 0.00000 0.99234 0.00766 ( 3)
  65 E   0.00000 0.00000 0.99572 0.00428 ( 3)
  66 Y   0.00000 0.00000 0.99887 0.00113 ( 3)
  67 K   0.00000 0.00000 0.99160 0.00840 ( 3)
  68 K   0.00000 0.00000 0.99160 0.00840 ( 3)
  69 E   0.00000 0.00000 0.99234 0.00766 ( 3)
  70 G   0.00000 0.00000 0.99844 0.00156 ( 3)
  71 I   0.00000 0.00000 0.99564 0.00436 ( 3)
  72 E   0.00000 0.00000 0.78413 0.21587 ( 3)
  73 W   0.00000 0.00000 0.99403 0.00597 ( 3)
  74 E   0.00000 0.00000 0.60957 0.39043 ( 3)
  75 F   0.00000 0.00000 0.99705 0.00295 ( 3)
  76 I   0.00000 0.00000 0.99564 0.00436 ( 3)
  77 D   0.00000 0.00000 0.99830 0.00170 ( 3)
  78 F   0.00000 0.00000 0.99695 0.00305 ( 3)
  79 G   0.00000 0.00000 0.99845 0.00155 ( 3)
  80 M   0.00000 0.00000 0.95688 0.04312 ( 3)
  81 D   0.00000 0.00000 0.99830 0.00170 ( 3)
  82 L   0.00000 0.00000 0.97415 0.02585 ( 3)
  83 Q   0.00000 0.00000 0.03988 0.96012 ( 4)
  84 A   0.00000 0.00000 0.86215 0.13785 ( 3)
  85 C   0.00000 0.00000 0.99974 0.00026 ( 3)
  86 I   0.00000 0.00000 0.99525 0.00475 ( 3)
  87 D   0.00000 0.00000 0.93727 0.06272 ( 3)
  88 L   0.00000 0.00000 0.99746 0.00254 ( 3)
  89 I   0.00000 0.00000 0.99537 0.00463 ( 3)
  90 E   0.00000 0.00000 0.99207 0.00793 ( 3)
  91 K   0.00000 0.00000 0.99132 0.00868 ( 3)
  92 P   0.00000 0.00000 0.99985 0.00015 ( 3)
  93 M   0.00000 0.00000 0.99884 0.00116 ( 3)
  94 G   0.00000 0.00000 0.99846 0.00154 ( 3)
  95 I   0.00000 0.00000 0.99565 0.00435 ( 3)
  96 M   0.00000 0.00000 0.39089 0.60911 ( 4)
  97 S   0.00000 0.00000 0.99840 0.00160 ( 3)
  98 I   0.00000 0.00000 0.99572 0.00428 ( 3)
  99 L   0.00000 0.00000 0.98090 0.01910 ( 3)
 100 E   0.00000 0.00000 0.99246 0.00754 ( 3)
 101 E   0.00000 0.00000 0.99243 0.00757 ( 3)
 102 E   0.00000 0.00000 0.99243 0.00757 ( 3)
 103 C   0.00000 0.00000 0.99975 0.00025 ( 3)
 104 M   0.00000 0.00000 0.99885 0.00115 ( 3)
 105 F   0.00000 0.00000 0.99710 0.00290 ( 3)
 106 P   0.00000 0.00000 0.99988 0.00012 ( 3)
 107 K   0.00000 0.00000 0.99170 0.00830 ( 3)
 108 A   0.00000 0.00000 0.99543 0.00457 ( 3)
 109 T   0.00000 0.00000 0.99985 0.00015 ( 3)
 110 D   0.00000 0.00000 0.99834 0.00166 ( 3)
 111 M   0.00000 0.00000 0.99885 0.00115 ( 3)
 112 T   0.00000 0.00000 0.99961 0.00039 ( 3)
 113 F   0.00000 0.00000 0.99710 0.00290 ( 3)
 114 K   0.00000 0.00000 0.76368 0.23632 ( 3)
 115 A   0.00000 0.00000 0.97741 0.02259 ( 3)
 116 K   0.00000 0.00000 0.99185 0.00815 ( 3)
 117 L   0.00000 0.00000 0.97526 0.02474 ( 3)
 118 F   0.00000 0.00000 0.00000 1.00000 ( 4)
 119 D   0.00000 0.00000 0.99842 0.00158 ( 3)
 120 N   0.00000 0.00000 0.28023 0.71977 ( 4)
 121 H   0.00000 0.00000 0.99972 0.00028 ( 3)
 122 L   0.00000 0.00000 0.97466 0.02534 ( 3)
 123 G   0.00000 0.00000 0.99879 0.00121 ( 3)
 124 K   0.00000 0.00000 0.99273 0.00726 ( 3)
 125 S   0.00000 0.00000 0.99873 0.00127 ( 3)
 126 S   0.00000 0.00000 0.00000 1.00000 ( 4)
 127 N   0.00000 0.00000 0.99847 0.00153 ( 3)
 128 F   0.00000 0.00000 0.99775 0.00225 ( 3)
 129 Q   0.00000 0.00000 0.99544 0.00456 ( 3)
 130 K   0.00000 0.00000 0.99323 0.00677 ( 3)
 131 P   0.00000 0.00000 0.99607 0.00393 ( 3)
 132 R   0.00000 0.00000 0.99838 0.00162 ( 3)
 133 N   0.00000 0.00000 0.99927 0.00073 ( 3)
 134 I   0.00000 0.00000 0.89648 0.10352 ( 3)
 135 K   0.00000 0.00000 0.99330 0.00670 ( 3)
 136 G   0.00000 0.00000 0.99948 0.00052 ( 3)
 137 K   0.00000 0.00000 0.00005 0.99995 ( 4)
 138 P   0.00000 0.00000 0.99991 0.00009 ( 3)
 139 E   0.00000 0.00000 0.99773 0.00227 ( 3)
 140 A   0.00000 0.00000 0.99652 0.00348 ( 3)
 141 H   0.00000 0.00000 0.99982 0.00018 ( 3)
 142 F   0.00000 0.00000 0.99789 0.00211 ( 3)
 143 S   0.00000 0.00000 0.99889 0.00111 ( 3)
 144 L   0.00000 0.00000 0.97683 0.02317 ( 3)
 145 I   0.00000 0.00000 0.00738 0.99262 ( 4)
 146 H   0.00000 0.00000 0.99982 0.00018 ( 3)
 147 Y   0.00000 0.00000 0.99760 0.00240 ( 3)
 148 A   0.00000 0.00000 0.99609 0.00391 ( 3)
 149 G   0.00000 0.00000 0.99895 0.00105 ( 3)
 150 T   0.00000 0.00000 0.99964 0.00036 ( 3)
 151 V   0.00000 0.00000 0.99868 0.00132 ( 3)
 152 D   0.00000 0.00000 0.99881 0.00119 ( 3)
 153 Y   0.00000 0.00000 0.99929 0.00071 ( 3)
 154 N   0.00000 0.00000 0.99857 0.00143 ( 3)
 155 I   0.00000 0.00000 0.99675 0.00325 ( 3)
 156 I   0.00000 0.00000 0.88616 0.11384 ( 3)
 157 G   0.00000 0.00000 0.99896 0.00104 ( 3)
 158 W   0.00000 0.00000 0.99540 0.00460 ( 3)
 159 L   0.00000 0.00000 0.99333 0.00667 ( 3)
 160 Q   0.00000 0.00000 0.85352 0.14648 ( 3)
 161 K   0.00000 0.00000 0.99662 0.00338 ( 3)
 162 N   0.00000 0.00000 0.99857 0.00143 ( 3)
 163 K   0.00000 0.00000 0.99691 0.00309 ( 3)
 164 D   0.00000 0.00000 0.99885 0.00115 ( 3)
 165 P   0.00000 0.00000 0.99992 0.00008 ( 3)
 166 L   0.00000 0.00000 0.99830 0.00170 ( 3)
 167 N   0.00000 0.00000 0.99873 0.00127 ( 3)
 168 E   0.00000 0.00000 0.99395 0.00605 ( 3)
 169 T   0.00000 0.00000 0.99937 0.00063 ( 3)
 170 V   0.00000 0.00000 0.99908 0.00092 ( 3)
 171 V   0.00000 0.00000 0.99868 0.00132 ( 3)
 172 E   0.00000 0.00000 0.06367 0.93633 ( 4)
 173 L   0.00000 0.00000 0.99988 0.00012 ( 3)
 174 Y   0.00000 0.00000 0.99929 0.00071 ( 3)
 175 K   0.00000 0.00000 0.81091 0.18909 ( 3)
 176 K   0.00000 0.00000 0.99553 0.00447 ( 3)
 177 S   0.00000 0.00000 0.99889 0.00111 ( 3)
 178 S   0.00000 0.00000 0.99931 0.00069 ( 3)
 179 L   0.00000 0.00000 0.86755 0.13245 ( 3)
 180 K   0.00000 0.00000 0.99260 0.00740 ( 3)
 181 M   0.00000 0.00000 0.00001 0.99999 ( 4)
 182 L   0.00000 0.00000 0.99636 0.00364 ( 3)
 183 S   0.00000 0.00000 0.97208 0.02792 ( 3)
 184 T   0.00000 0.00000 0.45562 0.54438 ( 4)
 185 L   0.00000 0.00000 0.97067 0.02933 ( 3)
 186 F   0.00000 0.00000 0.97867 0.02133 ( 3)
 187 A   0.00000 0.00000 0.99354 0.00646 ( 3)
 188 N   0.00000 0.00000 0.99683 0.00317 ( 3)
 189 Y   0.00000 0.00000 0.98573 0.01427 ( 3)
 190 A   0.00000 0.00000 0.96787 0.03213 ( 3)
 191 G   0.00000 0.00000 0.99853 0.00147 ( 3)
 192 F   0.00000 0.00000 0.97827 0.02173 ( 3)
 193 D   0.00000 0.00000 0.99733 0.00267 ( 3)
 194 S   0.00000 0.00000 0.86753 0.13247 ( 3)
 195 Y   0.00000 0.00000 0.99911 0.00088 ( 3)
 196 R   0.00000 0.00000 0.99885 0.00115 ( 3)
 197 I   0.00000 0.00000 0.99632 0.00368 ( 3)
 198 L   0.00000 0.00000 0.97554 0.02446 ( 3)
 199 N   0.00000 0.00000 0.99838 0.00162 ( 3)
 200 P   0.00000 0.00000 0.99989 0.00011 ( 3)
 201 A   0.00000 0.00000 0.99761 0.00239 ( 3)
 202 A   0.00000 0.00000 0.99618 0.00382 ( 3)
 203 I   0.00000 0.00000 0.99642 0.00358 ( 3)
 204 P   0.00000 0.00000 0.99993 0.00007 ( 3)
 205 E   0.00000 0.00000 0.99346 0.00654 ( 3)
 206 G   0.00000 0.00000 0.99880 0.00120 ( 3)
 207 Q   0.00000 0.00000 0.99507 0.00493 ( 3)
 208 F   0.00000 0.00000 0.99764 0.00236 ( 3)
 209 I   0.00000 0.00000 0.98354 0.01645 ( 3)
 210 D   0.00000 0.00000 0.99869 0.00131 ( 3)
 211 S   0.00000 0.00000 0.99983 0.00017 ( 3)
 212 R   0.00000 0.00000 0.99994 0.00006 ( 3)
 213 K   0.00000 0.00000 0.99659 0.00341 ( 3)
 214 G   0.00000 0.00000 0.99939 0.00061 ( 3)
 215 S   0.00000 0.00000 0.00000 1.00000 ( 4)
 216 E   0.00000 0.00000 0.99346 0.00654 ( 3)
 217 K   0.00000 0.00000 0.99278 0.00722 ( 3)
 218 L   0.00000 0.00000 0.97598 0.02402 ( 3)
 219 L   0.00000 0.00000 0.97726 0.02274 ( 3)
 220 G   0.00000 0.00000 0.95883 0.04117 ( 3)
 221 S   0.00000 0.00000 0.99874 0.00126 ( 3)
 222 L   0.00000 0.00000 0.97598 0.02402 ( 3)
 223 D   0.00000 0.00000 0.99869 0.00131 ( 3)
 224 I   0.00000 0.00000 0.98485 0.01515 ( 3)
 225 D   0.00000 0.00000 0.99869 0.00131 ( 3)
 226 H   0.00000 0.00000 0.99978 0.00022 ( 3)
 227 N   0.00000 0.00000 0.99838 0.00162 ( 3)
 228 Q   0.00000 0.00000 0.99507 0.00493 ( 3)
 229 Y   0.00000 0.00000 0.99918 0.00082 ( 3)
 230 K   0.00000 0.00000 0.99278 0.00722 ( 3)
 231 F   0.00000 0.00000 0.99759 0.00241 ( 3)
 232 G   0.00000 0.00000 0.99880 0.00120 ( 3)
 233 H   0.00000 0.00000 0.99978 0.00022 ( 3)
 234 T   0.00000 0.00000 0.99972 0.00028 ( 3)
 235 K   0.00000 0.00000 0.99278 0.00722 ( 3)
 236 D   0.00000 0.00000 0.96044 0.03956 ( 3)
 237 S   0.00000 0.00000 0.41945 0.58055 ( 4)
 238 L   0.00000 0.00000 0.97858 0.02142 ( 3)
 239 L   0.00000 0.00000 0.97835 0.02165 ( 3)
 240 V   0.00000 0.00000 0.99989 0.00011 ( 3)
 241 I   0.00000 0.00000 0.99693 0.00306 ( 3)
 242 Q   0.00000 0.00000 0.99571 0.00429 ( 3)
 243 W   0.00000 0.00000 0.99564 0.00436 ( 3)
 244 N   0.00000 0.00000 0.99882 0.00118 ( 3)
 245 I   0.00000 0.00000 0.98478 0.01522 ( 3)
 246 R   0.00000 0.00000 0.99992 0.00008 ( 3)
 247 A   0.00000 0.00000 0.99672 0.00328 ( 3)
 248 F   0.00000 0.00000 0.99803 0.00197 ( 3)
 249 M   0.00000 0.00000 0.99930 0.00070 ( 3)
 250 G   0.00000 0.00000 0.95019 0.04981 ( 3)
 251 V   0.00000 0.00000 0.99998 0.00002 ( 3)
 252 K   0.00000 0.00000 0.99360 0.00640 ( 3)
 253 N   0.00000 0.00000 0.99886 0.00114 ( 3)
 254 W   0.00000 0.00000 0.99564 0.00436 ( 3)
 255 P   0.00000 0.00000 0.99995 0.00005 ( 3)
 256 W   0.00000 0.00000 0.99564 0.00436 ( 3)
 257 M   0.00000 0.00000 0.99930 0.00070 ( 3)
 258 K   0.00000 0.00000 0.99360 0.00640 ( 3)
 259 L   0.00000 0.00000 0.99842 0.00158 ( 3)
 260 Y   0.00000 0.00000 0.99935 0.00065 ( 3)
 261 F   0.00000 0.00000 0.99801 0.00199 ( 3)
 262 K   0.00000 0.00000 0.99360 0.00640 ( 3)
 263 I   0.00000 0.00000 0.99693 0.00306 ( 3)
 264 K   0.00000 0.00000 0.99709 0.00291 ( 3)
 265 P   0.00000 0.00000 0.99992 0.00008 ( 3)
 266 L   0.00000 0.00000 0.97923 0.02077 ( 3)
 267 L   0.00000 0.00000 0.97909 0.02091 ( 3)
 268 K   0.00000 0.00000 0.99360 0.00640 ( 3)
 269 S   0.00000 0.00000 0.99991 0.00009 ( 3)
 270 A   0.00000 0.00000 0.99800 0.00200 ( 3)
 271 E   0.00000 0.00000 0.99423 0.00577 ( 3)
 272 T   0.00000 0.00000 0.42460 0.57540 ( 4)
 273 E   0.00000 0.00000 0.99423 0.00577 ( 3)
 274 K   0.00000 0.00000 0.99360 0.00640 ( 3)
 275 E   0.00000 0.00000 0.99754 0.00246 ( 3)
 276 I   0.00000 0.00000 0.00706 0.99294 ( 4)
 277 A   0.00000 0.00000 0.99672 0.00328 ( 3)
 278 L   0.00000 0.00000 0.00000 1.00000 ( 4)
 279 M   0.00000 0.00000 0.99930 0.00070 ( 3)
 280 K   0.00000 0.00000 0.99360 0.00640 ( 3)
 281 E   0.00000 0.00000 0.99423 0.00577 ( 3)
 282 E   0.00000 0.00000 0.99423 0.00577 ( 3)
 283 F   0.00000 0.00000 0.98457 0.01543 ( 3)
 284 G   0.00000 0.00000 0.99953 0.00047 ( 3)
 285 R   0.00000 0.00000 0.99919 0.00081 ( 3)
 286 L   0.00000 0.00000 0.99842 0.00158 ( 3)
 287 K   0.00000 0.00000 0.99709 0.00291 ( 3)
 288 E   0.00000 0.00000 0.99423 0.00577 ( 3)
 289 A   0.00000 0.00000 0.03981 0.96019 ( 4)
 290 L   0.00000 0.00000 0.97735 0.02265 ( 3)
 291 E   0.00000 0.00000 0.99423 0.00577 ( 3)
 292 K   0.00000 0.00000 0.99360 0.00640 ( 3)
 293 S   0.00000 0.00000 0.99944 0.00056 ( 3)
 294 E   0.00000 0.00000 0.99423 0.00577 ( 3)
 295 A   0.00000 0.00000 0.51223 0.48777 ( 3)
 296 R   0.00000 0.00000 0.99966 0.00034 ( 3)
 297 R   0.00000 0.00000 0.99919 0.00081 ( 3)
 298 K   0.00000 0.00000 0.99360 0.00640 ( 3)
 299 E   0.00000 0.00000 0.82529 0.17471 ( 3)
 300 L   0.00000 0.00000 0.97735 0.02265 ( 3)
 301 E   0.00000 0.00000 0.99423 0.00577 ( 3)
 302 E   0.00000 0.00000 0.99425 0.00575 ( 3)
 303 K   0.00000 0.00000 0.99360 0.00640 ( 3)
 304 M   0.00000 0.00000 0.99930 0.00070 ( 3)
 305 V   0.00000 0.00000 0.99878 0.00122 ( 3)
 306 S   0.00000 0.00000 0.99898 0.00102 ( 3)
 307 L   0.00000 0.00000 0.97735 0.02265 ( 3)
 308 L   0.00000 0.00000 0.97735 0.02265 ( 3)
 309 Q   0.00000 0.00000 0.99571 0.00429 ( 3)
 310 E   0.00000 0.00000 0.99423 0.00577 ( 3)
 311 K   0.00000 0.00000 0.99360 0.00640 ( 3)
 312 N   0.00000 0.00000 0.99947 0.00053 ( 3)
 313 D   0.00000 0.00000 0.99894 0.00106 ( 3)
 314 L   0.00000 0.00000 0.97758 0.02242 ( 3)
 315 Q   0.00000 0.00000 0.99571 0.00429 ( 3)
 316 L   0.00000 0.00000 0.99842 0.00158 ( 3)
 317 Q   0.00000 0.00000 0.99919 0.00081 ( 3)
 318 V   0.00000 0.00000 0.94913 0.05087 ( 3)
 319 Q   0.00000 0.00000 0.99555 0.00445 ( 3)
 320 -   0.00000 0.00000 0.99104 0.00896 ( 3)
 321 E   0.00000 0.00000 0.99631 0.00369 ( 3)
 322 Q   0.00000 0.00000 0.99835 0.00165 ( 3)
 323 D   0.00000 0.00000 0.99794 0.00206 ( 3)
 324 N   0.00000 0.00000 0.99759 0.00241 ( 3)
 325 L   0.00000 0.00000 0.97336 0.02664 ( 3)
 326 A   0.00000 0.00000 0.02461 0.97539 ( 4)
 327 D   0.00000 0.00000 0.99186 0.00814 ( 3)
 328 A   0.00000 0.00000 0.99989 0.00011 ( 3)
 329 E   0.00000 0.00000 0.99631 0.00369 ( 3)
 330 E   0.00000 0.00000 0.99341 0.00659 ( 3)
 331 R   0.00000 0.00000 0.99836 0.00164 ( 3)
 332 C   0.00000 0.00000 0.99977 0.00023 ( 3)
 333 D   0.00000 0.00000 0.99794 0.00206 ( 3)
 334 Q   0.00000 0.00000 0.99327 0.00673 ( 3)
 335 L   0.00000 0.00000 0.97274 0.02725 ( 3)
 336 I   0.00000 0.00000 0.99497 0.00503 ( 3)
 337 K   0.00000 0.00000 0.99064 0.00936 ( 3)
 338 N   0.00000 0.00000 0.99752 0.00248 ( 3)
 339 K   0.00000 0.00000 0.99064 0.00936 ( 3)
 340 I   0.00000 0.00000 0.99497 0.00503 ( 3)
 341 Q   0.00000 0.00000 0.99328 0.00672 ( 3)
 342 L   0.00000 0.00000 0.97316 0.02684 ( 3)
 343 E   0.00000 0.00000 0.99144 0.00856 ( 3)
 344 A   0.00000 0.00000 0.99470 0.00530 ( 3)
 345 K   0.00000 0.00000 0.99065 0.00935 ( 3)
 346 V   0.00000 0.00000 0.99849 0.00151 ( 3)
 347 K   0.00000 0.00000 0.99275 0.00725 ( 3)
 348 E   0.00000 0.00000 0.11013 0.88987 ( 4)
 349 M   0.00000 0.00000 0.96032 0.03968 ( 3)
 350 T   0.00000 0.00000 0.99968 0.00032 ( 3)
 351 E   0.00000 0.00000 0.99343 0.00657 ( 3)
 352 R   0.00000 0.00000 0.89992 0.10008 ( 3)
 353 L   0.00000 0.00000 0.55555 0.44445 ( 3)
 354 E   0.00000 0.00000 0.48040 0.51960 ( 4)
 355 D   0.00000 0.00000 0.90537 0.09463 ( 3)
 356 E   0.00000 0.00000 0.09131 0.90869 ( 4)
 357 E   0.00000 0.00000 0.82000 0.18000 ( 3)
 358 E   0.00000 0.00000 0.99343 0.00657 ( 3)
 359 M   0.00000 0.00000 0.96643 0.03357 ( 3)
 360 N   0.00000 0.00000 0.96159 0.03841 ( 3)
 361 A   0.00000 0.00000 0.99610 0.00390 ( 3)
 362 E   0.00000 0.00000 0.80500 0.19500 ( 3)
 363 L   0.00000 0.00000 0.99818 0.00182 ( 3)
 364 T   0.00000 0.00000 0.99945 0.00055 ( 3)
 365 A   0.00000 0.00000 0.17471 0.82529 ( 4)
 366 K   0.00000 0.00000 0.99175 0.00825 ( 3)
 367 K   0.00000 0.00000 0.99175 0.00825 ( 3)
 368 R   0.00000 0.00000 0.99867 0.00133 ( 3)
 369 K   0.00000 0.00000 0.99175 0.00825 ( 3)
 370 L   0.00000 0.00000 0.97435 0.02565 ( 3)
 371 E   0.00000 0.00000 0.99692 0.00308 ( 3)
 372 D   0.00000 0.00000 0.99806 0.00194 ( 3)
 373 E   0.00000 0.00000 0.99248 0.00752 ( 3)
 374 C   0.00000 0.00000 0.99975 0.00025 ( 3)
 375 S   0.00000 0.00000 0.99912 0.00088 ( 3)
 376 E   0.00000 0.00000 0.99248 0.00752 ( 3)
 377 L   0.00000 0.00000 0.99764 0.00236 ( 3)
 378 K   0.00000 0.00000 0.99175 0.00825 ( 3)
 379 R   0.00000 0.00000 0.99991 0.00009 ( 3)
 380 D   0.00000 0.00000 0.99833 0.00167 ( 3)
 381 I   0.00000 0.00000 0.98199 0.01801 ( 3)
 382 D   0.00000 0.00000 0.99289 0.00711 ( 3)
 383 D   0.00000 0.00000 0.95460 0.04540 ( 3)
 384 L   0.00000 0.00000 0.03121 0.96879 ( 4)
 385 E   0.00000 0.00000 0.99423 0.00577 ( 3)
 386 L   0.00000 0.00000 0.97735 0.02265 ( 3)
 387 T   0.00000 0.00000 0.99948 0.00052 ( 3)
 388 L   0.00000 0.00000 0.03107 0.96893 ( 4)
 389 A   0.00000 0.00000 0.99677 0.00323 ( 3)
 390 K   0.00000 0.00000 0.99360 0.00640 ( 3)
 391 V   0.00000 0.00000 0.99902 0.00098 ( 3)
 392 E   0.00000 0.00000 0.82484 0.17516 ( 3)
 393 K   0.00000 0.00000 0.09988 0.90012 ( 4)
 394 E   0.00000 0.00000 0.99437 0.00563 ( 3)
 395 K   0.00000 0.00000 0.80302 0.19697 ( 3)
 396 H   0.00000 0.00000 0.99991 0.00009 ( 3)
 397 A   0.00000 0.00000 0.94579 0.05421 ( 3)
 398 T   0.00000 0.00000 0.99782 0.00218 ( 3)
 399 E   0.00000 0.00000 0.99248 0.00752 ( 3)
 400 N   0.00000 0.00000 0.95408 0.04592 ( 3)
 401 K   0.00000 0.00000 0.11227 0.88773 ( 4)
 402 L   0.00000 0.00000 0.97660 0.02339 ( 3)
 403 E   0.00000 0.00000 0.99382 0.00618 ( 3)
 404 G   0.00000 0.00000 0.99865 0.00135 ( 3)
 405 S   0.00000 0.00000 0.99885 0.00115 ( 3)
 406 L   0.00000 0.00000 0.97686 0.02314 ( 3)
 407 E   0.00000 0.00000 0.99396 0.00604 ( 3)
 408 Q   0.00000 0.00000 0.99548 0.00452 ( 3)
 409 E   0.00000 0.00000 0.99410 0.00590 ( 3)
 410 K   0.00000 0.00000 0.99332 0.00668 ( 3)
 411 K   0.00000 0.00000 0.99336 0.00664 ( 3)
 412 V   0.00000 0.00000 0.99869 0.00131 ( 3)
 413 R   0.00000 0.00000 0.99408 0.00591 ( 3)
 414 M   0.00000 0.00000 0.99924 0.00076 ( 3)
 415 D   0.00000 0.00000 0.99885 0.00115 ( 3)
 416 L   0.00000 0.00000 0.97697 0.02303 ( 3)
 417 E   0.00000 0.00000 0.99749 0.00251 ( 3)
 418 R   0.00000 0.00000 0.99544 0.00456 ( 3)
 419 A   0.00000 0.00000 0.99653 0.00346 ( 3)
 420 K   0.00000 0.00000 0.99332 0.00668 ( 3)
 421 R   0.00000 0.00000 0.99991 0.00009 ( 3)
 422 K   0.00000 0.00000 0.99337 0.00663 ( 3)
 423 L   0.00000 0.00000 0.99871 0.00129 ( 3)
 424 E   0.00000 0.00000 0.99397 0.00603 ( 3)
 425 G   0.00000 0.00000 0.99935 0.00065 ( 3)
 426 D   0.00000 0.00000 0.99884 0.00116 ( 3)
 427 L   0.00000 0.00000 0.97910 0.02090 ( 3)
 428 K   0.00000 0.00000 0.99332 0.00668 ( 3)
 429 L   0.00000 0.00000 0.97686 0.02314 ( 3)
 430 T   0.00000 0.00000 0.99976 0.00024 ( 3)
 431 Q   0.00000 0.00000 0.99548 0.00452 ( 3)
 432 E   0.00000 0.00000 0.99396 0.00604 ( 3)
 433 S   0.00000 0.00000 0.99986 0.00014 ( 3)
 434 I   0.00000 0.00000 0.19882 0.80118 ( 4)
 435 M   0.00000 0.00000 0.99924 0.00076 ( 3)
 436 D   0.00000 0.00000 0.99548 0.00452 ( 3)
 437 L   0.00000 0.00000 0.98008 0.01992 ( 3)
 438 E   0.00000 0.00000 0.99396 0.00604 ( 3)
 439 N   0.00000 0.00000 0.99857 0.00143 ( 3)
 440 D   0.00000 0.00000 0.95599 0.04401 ( 3)
 441 K   0.00000 0.00000 0.99332 0.00668 ( 3)
 442 Q   0.00000 0.00000 0.11984 0.88016 ( 4)
 443 Q   0.00000 0.00000 0.99548 0.00452 ( 3)
 444 L   0.00000 0.00000 0.97698 0.02302 ( 3)
 445 D   0.00000 0.00000 0.99228 0.00772 ( 3)
 446 E   0.00000 0.00000 0.99179 0.00821 ( 3)
 447 R   0.00000 0.00000 0.99980 0.00020 ( 3)
 448 L   0.00000 0.00000 0.99225 0.00775 ( 3)
 449 K   0.00000 0.00000 0.99545 0.00455 ( 3)


lnL = -4393.442131

Bayes Empirical Bayes (BEB) probabilities for 4 classes (class)
(amino acids refer to 1st sequence: Bacu)

   1 E   0.91554 0.00979 0.07386 0.00080 ( 1)
   2 S   0.91989 0.00634 0.07325 0.00052 ( 1)
   3 G   0.92291 0.00423 0.07252 0.00034 ( 1)
   4 A   0.91595 0.00946 0.07381 0.00078 ( 1)
   5 G   0.92291 0.00423 0.07252 0.00034 ( 1)
   6 K   0.90585 0.01811 0.07453 0.00150 ( 1)
   7 T   0.92223 0.00469 0.07270 0.00038 ( 1)
   8 V   0.93045 0.00061 0.06889 0.00005 ( 1)
   9 N   0.91839 0.00752 0.07348 0.00061 ( 1)
  10 T   0.92541 0.00268 0.07169 0.00022 ( 1)
  11 K   0.90609 0.01787 0.07455 0.00148 ( 1)
  12 R   0.92887 0.00107 0.06997 0.00009 ( 1)
  13 V   0.93045 0.00061 0.06889 0.00005 ( 1)
  14 I   0.91287 0.01201 0.07413 0.00099 ( 1)
  15 Q   0.90992 0.01453 0.07435 0.00120 ( 1)
  16 Y   0.92171 0.00505 0.07283 0.00041 ( 1)
  17 F   0.89330 0.02954 0.07469 0.00248 ( 1)
  18 A   0.88662 0.03556 0.07482 0.00300 ( 1)
  19 V   0.91746 0.01354 0.06794 0.00106 ( 1)
  20 I   0.89348 0.02937 0.07469 0.00246 ( 1)
  21 A   0.91132 0.01349 0.07408 0.00111 ( 1)
  22 A   0.90656 0.01658 0.07547 0.00139 ( 1)
  23 I   0.89563 0.02722 0.07487 0.00228 ( 1)
  24 G   0.92126 0.00503 0.07330 0.00041 ( 1)
  25 D   0.90771 0.01646 0.07447 0.00137 ( 1)
  26 R   0.92081 0.00570 0.07303 0.00046 ( 1)
  27 S   0.92677 0.00196 0.07111 0.00016 ( 1)
  28 K   0.90585 0.01811 0.07453 0.00150 ( 1)
  29 K   0.90800 0.01597 0.07471 0.00133 ( 1)
  30 E   0.90701 0.01709 0.07449 0.00142 ( 1)
  31 Q   0.13205 0.79100 0.01074 0.06621 ( 2)
  32 T   0.02091 0.90212 0.00169 0.07527 ( 2)
  33 S   0.60922 0.31378 0.05058 0.02642 ( 1)
  34 G   0.91998 0.00631 0.07320 0.00051 ( 1)
  35 K   0.90585 0.01811 0.07453 0.00150 ( 1)
  36 N   0.91756 0.00834 0.07341 0.00068 ( 1)
  37 S   0.92640 0.00233 0.07108 0.00019 ( 1)
  38 F   0.00001 0.92190 0.00000 0.07809 ( 2)
  39 E   0.90944 0.01466 0.07469 0.00122 ( 1)
  40 Q   0.91186 0.01260 0.07450 0.00104 ( 1)
  41 L   0.91599 0.00971 0.07351 0.00080 ( 1)
  42 C   0.92723 0.00144 0.07122 0.00011 ( 1)
  43 I   0.91466 0.01023 0.07427 0.00084 ( 1)
