Supplemental results for CODEML (seqf: /home/leticiamagpali/phd/evol_models/codeml/big_dataset/cml_align/HTT_codon_aligned.phy  treef: /home/leticiamagpali/phd/evol_models/codeml/big_dataset/cml_trees/gene_trees/H1d_gene_trees/HTT_tree_H1d.tre)

I	J	ij	2Ns_IJ	pMut_IJ	pSub_IJ	2Ns_JI	pMut_JI	pSub_JI

TTC	TTT	CT	0.37970	0.04951	0.05950	-0.37970	0.07238	0.05950
TTA	TTT	AT	0.99551	0.00394	0.00622	-0.99551	0.01066	0.00622
TTA	TTC	AC	0.61581	0.00744	0.00997	-0.61581	0.01377	0.00997
TTG	TTT	GT	0.50203	0.00865	0.01100	-0.50203	0.01429	0.01100
TTG	TTC	GC	0.12233	0.01634	0.01736	-0.12233	0.01847	0.01736
TTG	TTA	GA	-0.49348	0.07672	0.05934	0.49348	0.04684	0.05934
TCT	TTT	CT	0.42365	0.04738	0.05812	-0.42365	0.07238	0.05812
TCC	TTC	CT	0.56207	0.05332	0.06970	-0.56207	0.09354	0.06970
TCC	TCT	CT	0.51812	0.05332	0.06832	-0.51812	0.08952	0.06832
TCA	TTA	CT	0.20012	0.03439	0.03795	-0.20012	0.04201	0.03795
TCA	TCT	AT	0.77198	0.00609	0.00874	-0.77198	0.01318	0.00874
TCA	TCC	AC	0.25386	0.01151	0.01303	-0.25386	0.01483	0.01303
TCG	TTG	CT	1.67478	0.01729	0.03563	-1.67478	0.09228	0.03563
TCG	TCT	GT	1.75316	0.00306	0.00649	-1.75316	0.01767	0.00649
TCG	TCC	GC	1.23504	0.00578	0.01007	-1.23504	0.01989	0.01007
TCG	TCA	GA	0.98118	0.02716	0.04262	-0.98118	0.07244	0.04262
TAT	TTT	AT	1.38969	0.00266	0.00491	-1.38969	0.01066	0.00491
TAT	TCT	AC	0.96604	0.00502	0.00782	-0.96604	0.01318	0.00782
TAC	TTC	AT	0.63162	0.00732	0.00988	-0.63162	0.01377	0.00988
TAC	TCC	AC	0.06955	0.01384	0.01432	-0.06955	0.01483	0.01432
TAC	TAT	CT	-0.37837	0.04135	0.03402	0.37837	0.02833	0.03402
TGT	TTT	GT	1.05033	0.00500	0.00808	-1.05033	0.01429	0.00808
TGT	TCT	GC	0.62668	0.00944	0.01271	-0.62668	0.01767	0.01271
TGT	TAT	GA	-0.33936	0.04434	0.03724	0.33936	0.03158	0.03724
TGC	TTC	GT	1.05135	0.00645	0.01043	-1.05135	0.01847	0.01043
TGC	TCC	GC	0.48928	0.01219	0.01542	-0.48928	0.01989	0.01542
TGC	TAC	GA	0.41973	0.05725	0.07010	-0.41973	0.08710	0.07010
TGC	TGT	CT	0.38072	0.03644	0.04382	-0.38072	0.05333	0.04382
TGG	TTG	GT	1.29370	0.00500	0.00891	-1.29370	0.01822	0.00891
TGG	TCG	GC	-0.38108	0.00944	0.00776	0.38108	0.00645	0.00776
TGG	TGT	GT	0.74540	0.00500	0.00709	-0.74540	0.01053	0.00709
TGG	TGC	GC	0.36468	0.00944	0.01127	-0.36468	0.01359	0.01127
CTT	TTT	CT	0.43300	0.04694	0.05783	-0.43300	0.07238	0.05783
CTC	TTC	CT	0.21995	0.07507	0.08363	-0.21995	0.09354	0.08363
CTC	CTT	CT	0.16665	0.07507	0.08150	-0.16665	0.08868	0.08150
CTA	TTA	CT	0.90814	0.01694	0.02579	-0.90814	0.04201	0.02579
CTA	CTT	AT	1.47066	0.00300	0.00573	-1.47066	0.01306	0.00573
CTA	CTC	AC	1.30401	0.00567	0.01015	-1.30401	0.02088	0.01015
CTG	TTG	CT	-0.53383	0.15737	0.11909	0.53383	0.09228	0.11909
CTG	CTT	GT	-0.46479	0.02787	0.02189	0.46479	0.01751	0.02189
CTG	CTC	GC	-0.63144	0.05265	0.03777	0.63144	0.02800	0.03777
CTG	CTA	GA	-1.93545	0.24721	0.08072	1.93545	0.03569	0.08072
CCT	TCT	CT	0.79950	0.04024	0.05845	-0.79950	0.08952	0.05845
CCT	CTT	CT	0.79015	0.04024	0.05821	-0.79015	0.08868	0.05821
CCC	TCC	CT	0.74826	0.04767	0.06770	-0.74826	0.10074	0.06770
CCC	CTC	CT	1.09039	0.04767	0.07829	-1.09039	0.14183	0.07829
CCC	CCT	CT	0.46689	0.04767	0.05966	-0.46689	0.07603	0.05966
CCA	TCA	CT	0.96265	0.02481	0.03865	-0.96265	0.06498	0.03865
CCA	CTA	CT	0.25463	0.02481	0.02811	-0.25463	0.03201	0.02811
CCA	CCT	AT	0.93514	0.00439	0.00677	-0.93514	0.01120	0.00677
CCA	CCC	AC	0.46825	0.00830	0.01040	-0.46825	0.01326	0.01040
CCG	TCG	CT	0.03656	0.03149	0.03207	-0.03656	0.03266	0.03207
CCG	CTG	CT	2.24516	0.03149	0.07907	-2.24516	0.29732	0.07907
CCG	CCT	GT	0.99022	0.00558	0.00879	-0.99022	0.01501	0.00879
CCG	CCC	GC	0.52333	0.01054	0.01353	-0.52333	0.01778	0.01353
CCG	CCA	GA	0.05508	0.04946	0.05084	-0.05508	0.05227	0.05084
CAT	TAT	CT	0.52938	0.01668	0.02149	-0.52938	0.02833	0.02149
CAT	CTT	AT	1.48607	0.00295	0.00567	-1.48607	0.01306	0.00567
CAT	CCT	AC	0.69592	0.00558	0.00775	-0.69592	0.01120	0.00775
CAC	TAC	CT	0.24824	0.06096	0.06883	-0.24824	0.07813	0.06883
CAC	CTC	AT	0.65991	0.01080	0.01475	-0.65991	0.02088	0.01475
CAC	CCC	AC	-0.43048	0.02040	0.01632	0.43048	0.01326	0.01632
CAC	CAT	CT	-0.65951	0.06096	0.04305	0.65951	0.03152	0.04305
CAA	CTA	AT	0.46214	0.00297	0.00371	-0.46214	0.00471	0.00371
CAA	CCA	AC	0.20751	0.00561	0.00621	-0.20751	0.00690	0.00621
CAA	CAT	AT	0.44672	0.00297	0.00368	-0.44672	0.00464	0.00368
CAA	CAC	AC	1.10624	0.00561	0.00927	-1.10624	0.01696	0.00927
CAG	CTG	AT	0.76969	0.02028	0.02907	-0.76969	0.04378	0.02907
CAG	CCG	AC	-1.47547	0.03831	0.01676	1.47547	0.00876	0.01676
CAG	CAT	GT	-1.18117	0.02028	0.01061	1.18117	0.00622	0.01061
CAG	CAC	GC	-0.52166	0.03831	0.02918	0.52166	0.02274	0.02918
CAG	CAA	GA	-1.62790	0.17985	0.07153	1.62790	0.03531	0.07153
CGT	TGT	CT	1.47988	0.01214	0.02326	-1.47988	0.05333	0.02326
CGT	CTT	GT	2.09722	0.00215	0.00514	-2.09722	0.01751	0.00514
CGT	CCT	GC	1.30706	0.00406	0.00728	-1.30706	0.01501	0.00728
CGT	CAT	GA	0.61114	0.01907	0.02549	-0.61114	0.03514	0.02549
CGC	TGC	CT	1.06715	0.02368	0.03853	-1.06715	0.06885	0.03853
CGC	CTC	GT	1.89856	0.00419	0.00937	-1.89856	0.02800	0.00937
CGC	CCC	GC	0.80817	0.00792	0.01155	-0.80817	0.01778	0.01155
CGC	CAC	GA	1.23864	0.03720	0.06488	-1.23864	0.12839	0.06488
CGC	CGT	CT	-0.03201	0.02368	0.02331	0.03201	0.02294	0.02331
CGA	CTA	GT	1.98329	0.00087	0.00200	-1.98329	0.00632	0.00200
CGA	CCA	GC	1.72866	0.00164	0.00345	-1.72866	0.00926	0.00345
CGA	CAA	GA	1.52115	0.00771	0.01502	-1.52115	0.03531	0.01502
CGA	CGT	AT	1.35674	0.00087	0.00159	-1.35674	0.00338	0.00159
CGA	CGC	AC	1.38875	0.00164	0.00304	-1.38875	0.00659	0.00304
CGG	TGG	CT	0.54529	0.03090	0.04008	-0.54529	0.05330	0.04008
CGG	CTG	GT	2.37282	0.00547	0.01432	-2.37282	0.05870	0.01432
CGG	CCG	GC	0.12765	0.01034	0.01101	-0.12765	0.01175	0.01101
CGG	CAG	GA	1.60312	0.04854	0.09742	-1.60312	0.24116	0.09742
CGG	CGT	GT	-0.18919	0.00547	0.00497	0.18919	0.00453	0.00497
CGG	CGC	GC	-0.15718	0.01034	0.00955	0.15718	0.00883	0.00955
CGG	CGA	GA	-1.54593	0.04854	0.02032	1.54593	0.01034	0.02032
ATT	TTT	AT	0.56669	0.00605	0.00792	-0.56669	0.01066	0.00792
ATT	CTT	AC	0.13370	0.01142	0.01221	-0.13370	0.01306	0.01221
ATC	TTC	AT	0.19013	0.01139	0.01251	-0.19013	0.01377	0.01251
ATC	CTC	AC	-0.02982	0.02152	0.02120	0.02982	0.02088	0.02120
ATC	ATT	CT	0.00313	0.06431	0.06441	-0.00313	0.06451	0.06441
ATA	TTA	AT	0.67946	0.00314	0.00432	-0.67946	0.00619	0.00432
ATA	CTA	AC	-0.22868	0.00592	0.00527	0.22868	0.00471	0.00527
ATA	ATT	AT	1.10828	0.00314	0.00519	-1.10828	0.00950	0.00519
ATA	ATC	AC	1.10515	0.00592	0.00979	-1.10515	0.01789	0.00979
ATG	TTG	AT	0.26869	0.01039	0.01184	-0.26869	0.01359	0.01184
ATG	CTG	AC	0.80251	0.01962	0.02854	-0.80251	0.04378	0.02854
ATG	ATT	GT	0.20403	0.01039	0.01148	-0.20403	0.01274	0.01148
ATG	ATC	GC	0.20089	0.01962	0.02166	-0.20089	0.02399	0.02166
ATG	ATA	GA	-0.90426	0.09212	0.05667	0.90426	0.03730	0.05667
ACT	TCT	AT	1.05215	0.00460	0.00744	-1.05215	0.01318	0.00744
ACT	CCT	AC	0.25266	0.00870	0.00984	-0.25266	0.01120	0.00984
ACT	ATT	CT	0.90911	0.02599	0.03957	-0.90911	0.06451	0.03957
ACC	TCC	AT	0.23422	0.01174	0.01316	-0.23422	0.01483	0.01316
ACC	CCC	AC	-0.51404	0.02217	0.01696	0.51404	0.01326	0.01696
ACC	ATC	CT	0.60617	0.06627	0.08837	-0.60617	0.12150	0.08837
ACC	ACT	CT	-0.29981	0.06627	0.05683	0.29981	0.04910	0.05683
ACA	TCA	AT	0.79015	0.00434	0.00628	-0.79015	0.00957	0.00628
ACA	CCA	AC	-0.17250	0.00820	0.00752	0.17250	0.00690	0.00752
ACA	ATA	CT	0.31081	0.02452	0.02852	-0.31081	0.03345	0.02852
ACA	ACT	AT	0.50998	0.00434	0.00554	-0.50998	0.00723	0.00554
ACA	ACC	AC	0.80979	0.00820	0.01197	-0.80979	0.01844	0.01197
ACG	TCG	AT	-0.23002	0.00605	0.00538	0.23002	0.00481	0.00538
ACG	CCG	AC	-0.26657	0.01144	0.00998	0.26657	0.00876	0.00998
ACG	ATG	CT	1.17607	0.03418	0.05813	-1.17607	0.11080	0.05813
ACG	ACT	GT	0.47099	0.00605	0.00759	-0.47099	0.00969	0.00759
ACG	ACC	GC	0.77080	0.01144	0.01640	-0.77080	0.02472	0.01640
ACG	ACA	GA	-0.03899	0.05369	0.05265	0.03899	0.05164	0.05265
AAT	TAT	AT	0.22765	0.00332	0.00371	-0.22765	0.00417	0.00371
AAT	CAT	AC	-0.30172	0.00628	0.00538	0.30172	0.00464	0.00538
AAT	ATT	AT	1.05066	0.00332	0.00537	-1.05066	0.00950	0.00537
AAT	ACT	AC	0.14154	0.00628	0.00673	-0.14154	0.00723	0.00673
AAC	TAC	AT	0.53959	0.00671	0.00868	-0.53959	0.01150	0.00868
AAC	CAC	AC	0.29135	0.01267	0.01461	-0.29135	0.01696	0.01461
AAC	ATC	AT	0.98108	0.00671	0.01053	-0.98108	0.01789	0.01053
AAC	ACC	AC	0.37492	0.01267	0.01520	-0.37492	0.01844	0.01520
AAC	AAT	CT	-0.06644	0.03787	0.03663	0.06644	0.03544	0.03663
AAA	CAA	AC	-0.92655	0.01178	0.00715	0.92655	0.00466	0.00715
AAA	ATA	AT	-0.23573	0.00624	0.00553	0.23573	0.00493	0.00553
AAA	ACA	AC	-0.54654	0.01178	0.00885	0.54654	0.00682	0.00885
AAA	AAT	AT	-0.17810	0.00624	0.00570	0.17810	0.00522	0.00570
AAA	AAC	AC	-0.11167	0.01178	0.01114	0.11167	0.01054	0.01114
AAG	CAG	AC	0.59060	0.01765	0.02337	-0.59060	0.03185	0.02337
AAG	ATG	AT	0.55778	0.00934	0.01219	-0.55778	0.01632	0.01219
AAG	ACG	AC	-0.61829	0.01765	0.01275	0.61829	0.00951	0.01275
AAG	AAT	GT	-0.28885	0.00934	0.00806	0.28885	0.00700	0.00806
AAG	AAC	GC	-0.22241	0.01765	0.01576	0.22241	0.01413	0.01576
AAG	AAA	GA	-0.11074	0.08284	0.07834	0.11074	0.07416	0.07834
AGT	TGT	AT	0.39670	0.00528	0.00640	-0.39670	0.00785	0.00640
AGT	CGT	AC	-1.08318	0.00998	0.00553	1.08318	0.00338	0.00553
AGT	ATT	GT	0.88034	0.00528	0.00794	-0.88034	0.01274	0.00794
AGT	ACT	GC	-0.02878	0.00998	0.00983	0.02878	0.00969	0.00983
AGT	AAT	GA	-0.17032	0.04684	0.04297	0.17032	0.03951	0.04297
AGC	TGC	AT	-0.31365	0.01387	0.01181	0.31365	0.01014	0.01181
AGC	CGC	AC	-1.38080	0.02621	0.01215	1.38080	0.00659	0.01215
AGC	ATC	GT	0.54758	0.01387	0.01802	-0.54758	0.02399	0.01802
AGC	ACC	GC	-0.05859	0.02621	0.02545	0.05859	0.02472	0.02545
AGC	AAC	GA	-0.43351	0.12306	0.09830	0.43351	0.07977	0.09830
AGC	AGT	CT	-0.32963	0.07834	0.06613	0.32963	0.05634	0.06613
AGA	CGA	AC	-1.98830	0.00998	0.00315	1.98830	0.00137	0.00315
AGA	ATA	GT	0.22367	0.00528	0.00589	-0.22367	0.00661	0.00589
AGA	ACA	GC	-0.08714	0.00998	0.00955	0.08714	0.00915	0.00955
AGA	AAA	GA	0.45940	0.04684	0.05843	-0.45940	0.07416	0.05843
AGA	AGT	AT	0.45162	0.00528	0.00656	-0.45162	0.00830	0.00656
AGA	AGC	AC	0.78125	0.00998	0.01438	-0.78125	0.02179	0.01438
AGG	TGG	AT	0.13413	0.00686	0.00733	-0.13413	0.00785	0.00733
AGG	CGG	AC	-0.41116	0.01297	0.01048	0.41116	0.00860	0.01048
AGG	ATG	GT	1.15915	0.00686	0.01159	-1.15915	0.02188	0.01159
AGG	ACG	GC	-0.01693	0.01297	0.01286	0.01693	0.01275	0.01286
AGG	AAG	GA	0.60136	0.06088	0.08101	-0.60136	0.11108	0.08101
AGG	AGT	GT	0.48284	0.00686	0.00865	-0.48284	0.01112	0.00865
AGG	AGC	GC	0.81246	0.01297	0.01894	-0.81246	0.02922	0.01894
AGG	AGA	GA	0.03122	0.06088	0.06184	-0.03122	0.06281	0.06184
GTT	TTT	GT	0.98578	0.00533	0.00839	-0.98578	0.01429	0.00839
GTT	CTT	GC	0.55279	0.01007	0.01311	-0.55279	0.01751	0.01311
GTT	ATT	GA	0.41909	0.04730	0.05790	-0.41909	0.07192	0.05790
GTC	TTC	GT	0.43856	0.01191	0.01471	-0.43856	0.01847	0.01471
GTC	CTC	GC	0.21861	0.02250	0.02505	-0.21861	0.02800	0.02505
GTC	ATC	GA	0.24843	0.10565	0.11932	-0.24843	0.13545	0.11932
GTC	GTT	CT	-0.16752	0.06726	0.06178	0.16752	0.05688	0.06178
GTA	TTA	GT	1.48842	0.00187	0.00360	-1.48842	0.00830	0.00360
GTA	CTA	GC	0.58027	0.00354	0.00466	-0.58027	0.00632	0.00466
GTA	ATA	GA	0.80895	0.01661	0.02422	-0.80895	0.03730	0.02422
GTA	GTT	AT	1.49815	0.00187	0.00361	-1.49815	0.00838	0.00361
GTA	GTC	AC	1.66567	0.00354	0.00727	-1.66567	0.01871	0.00727
GTG	TTG	GT	-0.05763	0.01930	0.01875	0.05763	0.01822	0.01875
GTG	CTG	GC	0.47619	0.03646	0.04583	-0.47619	0.05870	0.04583
GTG	ATG	GA	-0.32632	0.17119	0.14477	0.32632	0.12352	0.14477
GTG	GTT	GT	-0.54139	0.01930	0.01454	0.54139	0.01123	0.01454
GTG	GTC	GC	-0.37386	0.03646	0.03007	0.37386	0.02509	0.03007
GTG	GTA	GA	-2.03953	0.17119	0.05221	2.03953	0.02227	0.05221
GCT	TCT	GT	0.58527	0.00984	0.01300	-0.58527	0.01767	0.01300
GCT	CCT	GC	-0.21422	0.01860	0.01668	0.21422	0.01501	0.01668
GCT	ACT	GA	-0.46688	0.08731	0.06851	0.46688	0.05474	0.06851
GCT	GTT	CT	0.02314	0.05558	0.05623	-0.02314	0.05688	0.05623
GCC	TCC	GT	0.22038	0.01596	0.01778	-0.22038	0.01989	0.01778
GCC	CCC	GC	-0.52788	0.03014	0.02289	0.52788	0.01778	0.02289
GCC	ACC	GA	-0.01384	0.14152	0.14055	0.01384	0.13958	0.14055
GCC	GTC	CT	0.34389	0.09009	0.10647	-0.34389	0.12707	0.10647
GCC	GCT	CT	0.15323	0.09009	0.09717	-0.15323	0.10501	0.09717
GCA	TCA	GT	0.50233	0.00776	0.00988	-0.50233	0.01283	0.00988
GCA	CCA	GC	-0.46032	0.01467	0.01155	0.46032	0.00926	0.01155
GCA	ACA	GA	-0.28782	0.06886	0.05943	0.28782	0.05164	0.05943
GCA	GTA	CT	-0.78596	0.04384	0.02884	0.78596	0.01998	0.02884
GCA	GCT	AT	0.68904	0.00776	0.01074	-0.68904	0.01546	0.01074
GCA	GCC	AC	0.53581	0.01467	0.01895	-0.53581	0.02506	0.01895
GCG	TCG	GT	0.32091	0.00468	0.00547	-0.32091	0.00645	0.00547
GCG	CCG	GC	0.28435	0.00884	0.01016	-0.28435	0.01175	0.01016
GCG	ACG	GA	0.55093	0.04150	0.05397	-0.55093	0.07199	0.05397
GCG	GTG	CT	2.05332	0.02642	0.06223	-2.05332	0.20589	0.06223
GCG	GCT	GT	1.48880	0.00468	0.00899	-1.48880	0.02073	0.00899
GCG	GCC	GC	1.33557	0.00884	0.01602	-1.33557	0.03361	0.01602
GCG	GCA	GA	0.79976	0.04150	0.06028	-0.79976	0.09233	0.06028
GAT	TAT	GT	-0.32256	0.00772	0.00654	0.32256	0.00559	0.00654
GAT	CAT	GC	-0.85193	0.01459	0.00925	0.85193	0.00622	0.00925
GAT	AAT	GA	-0.55021	0.06849	0.05137	0.55021	0.03951	0.05137
GAT	GTT	AT	0.08135	0.00772	0.00804	-0.08135	0.00838	0.00804
GAT	GCT	AC	0.05821	0.01459	0.01502	-0.05821	0.01546	0.01502
GAC	TAC	GT	0.00664	0.01532	0.01538	-0.00664	0.01543	0.01538
GAC	CAC	GC	-0.24159	0.02895	0.02559	0.24159	0.02274	0.02559
GAC	AAC	GA	-0.53295	0.13592	0.10290	0.53295	0.07977	0.10290
GAC	GTC	AT	0.19970	0.01532	0.01691	-0.19970	0.01871	0.01691
GAC	GCC	AC	-0.14419	0.02895	0.02691	0.14419	0.02506	0.02691
GAC	GAT	CT	-0.04917	0.08653	0.08442	0.04917	0.08238	0.08442
GAA	CAA	GC	-1.02198	0.01738	0.00998	1.02198	0.00625	0.00998
GAA	AAA	GA	-0.09543	0.08159	0.07775	0.09543	0.07416	0.07775
GAA	GTA	AT	-1.14011	0.00920	0.00493	1.14011	0.00294	0.00493
GAA	GCA	AC	-0.35415	0.01738	0.01448	0.35415	0.01220	0.01448
GAA	GAT	AT	0.27668	0.00920	0.01053	-0.27668	0.01213	0.01053
GAA	GAC	AC	0.32585	0.01738	0.02036	-0.32585	0.02407	0.02036
GAG	CAG	GC	0.18193	0.03560	0.03894	-0.18193	0.04271	0.03894
GAG	AAG	GA	-0.40867	0.16716	0.13532	0.40867	0.11108	0.13532
GAG	GTG	AT	0.47544	0.01885	0.02368	-0.47544	0.03032	0.02368
GAG	GCG	AC	-1.57789	0.03560	0.01461	1.57789	0.00735	0.01461
GAG	GAT	GT	-0.14730	0.01885	0.01749	0.14730	0.01626	0.01749
GAG	GAC	GC	-0.09813	0.03560	0.03389	0.09813	0.03228	0.03389
GAG	GAA	GA	-0.42398	0.16716	0.13422	0.42398	0.10939	0.13422
GGT	TGT	GT	1.36047	0.00270	0.00494	-1.36047	0.01053	0.00494
GGT	CGT	GC	-0.11942	0.00510	0.00480	0.11942	0.00453	0.00480
GGT	AGT	GA	0.96377	0.02396	0.03733	-0.96377	0.06281	0.03733
GGT	GTT	GT	1.42501	0.00270	0.00507	-1.42501	0.01123	0.00507
GGT	GCT	GC	1.40187	0.00510	0.00949	-1.40187	0.02073	0.00949
GGT	GAT	GA	1.34366	0.02396	0.04356	-1.34366	0.09184	0.04356
GGC	TGC	GT	0.47836	0.00843	0.01060	-0.47836	0.01359	0.01060
GGC	CGC	GC	-0.58880	0.01592	0.01169	0.58880	0.00883	0.01169
GGC	AGC	GA	0.79200	0.07473	0.10820	-0.79200	0.16500	0.10820
GGC	GTC	GT	1.09114	0.00843	0.01384	-1.09114	0.02509	0.01384
GGC	GCC	GC	0.74725	0.01592	0.02260	-0.74725	0.03361	0.02260
GGC	GAC	GA	0.89144	0.07473	0.11293	-0.89144	0.18225	0.11293
GGC	GGT	CT	-0.50139	0.04758	0.03664	0.50139	0.02882	0.03664
GGA	CGA	GC	-1.65636	0.00960	0.00375	1.65636	0.00183	0.00375
GGA	AGA	GA	0.33194	0.04507	0.05296	-0.33194	0.06281	0.05296
GGA	GTA	GT	-0.25334	0.00508	0.00446	0.25334	0.00394	0.00446
GGA	GCA	GC	0.53263	0.00960	0.01238	-0.53263	0.01635	0.01238
GGA	GAA	GA	0.88678	0.04507	0.06797	-0.88678	0.10939	0.06797
GGA	GGT	AT	-0.18020	0.00508	0.00464	0.18020	0.00424	0.00464
GGA	GGC	AC	0.32119	0.00960	0.01122	-0.32119	0.01324	0.01122
GGG	TGG	GT	0.41339	0.00696	0.00850	-0.41339	0.01052	0.00850
GGG	CGG	GC	-0.13190	0.01315	0.01230	0.13190	0.01153	0.01230
GGG	AGG	GA	0.27925	0.06174	0.07076	-0.27925	0.08163	0.07076
GGG	GTG	GT	1.76472	0.00696	0.01482	-1.76472	0.04065	0.01482
GGG	GCG	GC	-0.28860	0.01315	0.01134	0.28860	0.00985	0.01134
GGG	GAG	GA	1.28929	0.06174	0.10987	-1.28929	0.22413	0.10987
GGG	GGT	GT	-0.20168	0.00696	0.00628	0.20168	0.00569	0.00628
GGG	GGC	GC	0.29972	0.01315	0.01522	-0.29972	0.01775	0.01522
GGG	GGA	GA	-0.02147	0.06174	0.06108	0.02147	0.06043	0.06108


Histograms
2Ns	FMut	FSub(CodonUsage)	FSubw(after w)

-2.25983	0.02081	0.00608
-2.03384	0.03847	0.01337
-1.80786	0.00559	0.00222
-1.58188	0.04772	0.02169
-1.35590	0.02882	0.01543
-1.12991	0.03937	0.02356
-0.90393	0.07631	0.05315
-0.67795	0.05676	0.04417
-0.45197	0.16526	0.14469
-0.22598	0.11124	0.10954
0.00000	0.11881	0.13221
0.22598	0.08755	0.10954
0.45197	0.10416	0.14469
0.67795	0.02886	0.04417
0.90393	0.03186	0.05315
1.12991	0.01267	0.02356
1.35590	0.00769	0.01543
1.58188	0.00977	0.02169
1.80786	0.00093	0.00222
2.03384	0.00519	0.01337
2.25983	0.00216	0.00608

Proportion of advantageous (S > 0) mutations:
 0.34884

Proportions of good & bad mutations (|S| > 2.0000) among mutations:
0.00513  0.04388

mean |Ns| = 0.68020	mean Ns+ = 0.50299	mean Ns- = -0.77513


MLEs of dN/dS (w) for site classes (K=4)

site class             0        1       2a       2b
proportion       0.31937  0.03321  0.58644  0.06098
background w     0.05983  1.26565  0.05983  1.26565
foreground w     0.05983  1.26565  0.00000  0.00000

Naive Empirical Bayes (NEB) probabilities for 4 classes
(amino acids refer to 1st sequence: Bacu)

   1 N   0.34866 0.00259 0.64346 0.00529 ( 3)
   2 S   0.34174 0.00996 0.62904 0.01926 ( 3)
   3 P   0.34344 0.00819 0.63241 0.01596 ( 3)
   4 E   0.34375 0.00786 0.63303 0.01535 ( 3)
   5 F   0.34452 0.00706 0.63457 0.01385 ( 3)
   6 Q   0.33648 0.01543 0.61881 0.02929 ( 3)
   7 K   0.34608 0.00541 0.63778 0.01073 ( 3)
   8 L   0.34144 0.01028 0.62845 0.01984 ( 3)
   9 L   0.33080 0.02132 0.60797 0.03991 ( 3)
  10 G   0.34757 0.00381 0.64096 0.00766 ( 3)
  11 I   0.34434 0.00725 0.63421 0.01420 ( 3)
  12 A   0.34133 0.01039 0.62824 0.02004 ( 3)
  13 M   0.28101 0.06652 0.51830 0.13417 ( 3)
  14 E   0.34375 0.00786 0.63303 0.01535 ( 3)
  15 L   0.34137 0.01034 0.62832 0.01996 ( 3)
  16 F   0.34464 0.00695 0.63479 0.01362 ( 3)
  17 L   0.33090 0.02122 0.60815 0.03973 ( 3)
  18 L   0.33097 0.02115 0.60829 0.03959 ( 3)
  19 C   0.34550 0.00604 0.63655 0.01191 ( 3)
  20 S   0.34457 0.00702 0.63466 0.01375 ( 3)
  21 D   0.34321 0.00845 0.63192 0.01642 ( 3)
  22 D   0.34407 0.00753 0.63368 0.01472 ( 3)
  23 A   0.34139 0.01036 0.62830 0.01995 ( 3)
  24 E   0.34257 0.00911 0.63066 0.01766 ( 3)
  25 S   0.34008 0.01175 0.62568 0.02249 ( 3)
  26 D   0.34321 0.00845 0.63192 0.01642 ( 3)
  27 V   0.34510 0.00646 0.63573 0.01270 ( 3)
  28 R   0.34711 0.00433 0.63990 0.00866 ( 3)
  29 M   0.34797 0.00339 0.64179 0.00685 ( 3)
  30 V   0.34007 0.01171 0.62575 0.02247 ( 3)
  31 A   0.34171 0.01002 0.62893 0.01934 ( 3)
  32 D   0.34430 0.00730 0.63412 0.01428 ( 3)
  33 E   0.34257 0.00911 0.63066 0.01766 ( 3)
  34 C   0.34558 0.00596 0.63670 0.01176 ( 3)
  35 L   0.34110 0.01064 0.62776 0.02050 ( 3)
  36 N   0.34911 0.00210 0.64447 0.00432 ( 3)
  37 K   0.26185 0.08570 0.48255 0.16990 ( 3)
  38 V   0.34510 0.00646 0.63573 0.01270 ( 3)
  39 I   0.34898 0.00221 0.64427 0.00454 ( 3)
  40 K   0.34614 0.00528 0.63806 0.01052 ( 3)
  41 N   0.28137 0.06519 0.51942 0.13403 ( 3)
  42 G   0.34568 0.00559 0.63748 0.01125 ( 3)
  43 A   0.33910 0.01255 0.62413 0.02422 ( 3)
  44 P   0.34152 0.01002 0.62891 0.01955 ( 3)
  45 R   0.34552 0.00579 0.63709 0.01160 ( 3)
  46 S   0.34145 0.01009 0.62879 0.01967 ( 3)
  47 L   0.32930 0.02280 0.60521 0.04269 ( 3)
  48 R   0.34644 0.00481 0.63902 0.00973 ( 3)
  49 A   0.33910 0.01255 0.62413 0.02422 ( 3)
  50 A   0.34092 0.01065 0.62771 0.02072 ( 3)
  51 L   0.32920 0.02289 0.60504 0.04286 ( 3)
  52 W   0.33917 0.01248 0.62426 0.02409 ( 3)
  53 R   0.34511 0.00622 0.63623 0.01243 ( 3)
  54 F   0.34241 0.00909 0.63069 0.01782 ( 3)
  55 A   0.34089 0.01068 0.62766 0.02078 ( 3)
  56 E   0.34014 0.01146 0.62618 0.02222 ( 3)
  57 L   0.32920 0.02289 0.60504 0.04286 ( 3)
  58 A   0.33910 0.01255 0.62413 0.02422 ( 3)
  59 H   0.34169 0.00984 0.62925 0.01922 ( 3)
  60 L   0.33858 0.01309 0.62311 0.02522 ( 3)
  61 V   0.34410 0.00730 0.63413 0.01447 ( 3)
  62 R   0.34552 0.00579 0.63709 0.01160 ( 3)
  63 P   0.34152 0.01002 0.62891 0.01955 ( 3)
  64 Q   0.33439 0.01747 0.61498 0.03315 ( 3)
  65 K   0.34412 0.00727 0.63418 0.01442 ( 3)
  66 C   0.34335 0.00809 0.63260 0.01596 ( 3)
  67 R   0.34511 0.00622 0.63623 0.01243 ( 3)
  68 P   0.34358 0.00804 0.63270 0.01568 ( 3)
  69 Y   0.34521 0.00633 0.63598 0.01247 ( 3)
  70 L   0.33640 0.01551 0.61865 0.02943 ( 3)
  71 V   0.34850 0.00278 0.64306 0.00566 ( 3)
  72 N   0.34901 0.00219 0.64429 0.00451 ( 3)
  73 L   0.34147 0.01025 0.62849 0.01979 ( 3)
  74 L   0.33640 0.01551 0.61865 0.02943 ( 3)
  75 P   0.34371 0.00791 0.63294 0.01544 ( 3)
  76 C   0.34513 0.00651 0.63564 0.01273 ( 3)
  77 L   0.33082 0.02130 0.60801 0.03988 ( 3)
  78 T   0.34556 0.00597 0.63669 0.01178 ( 3)
  79 R   0.34805 0.00328 0.64203 0.00664 ( 3)
  80 T   0.34599 0.00552 0.63757 0.01092 ( 3)
  81 S   0.34365 0.00797 0.63283 0.01555 ( 3)
  82 K   0.34699 0.00444 0.63970 0.00887 ( 3)
  83 R   0.34627 0.00523 0.63813 0.01037 ( 3)
  84 P   0.34503 0.00655 0.63555 0.01287 ( 3)
  85 E   0.34269 0.00900 0.63086 0.01745 ( 3)
  86 E   0.34238 0.00929 0.63030 0.01802 ( 3)
  87 S   0.34177 0.00994 0.62909 0.01921 ( 3)
  88 V   0.34493 0.00663 0.63541 0.01303 ( 3)
  89 Q   0.33650 0.01540 0.61886 0.02924 ( 3)
  90 E   0.34238 0.00929 0.63030 0.01802 ( 3)
  91 T   0.34520 0.00634 0.63596 0.01249 ( 3)
  92 L   0.33640 0.01551 0.61865 0.02943 ( 3)
  93 A   0.21144 0.13633 0.38916 0.26308 ( 3)
  94 A   0.34257 0.00922 0.63046 0.01776 ( 3)
  95 A   0.34163 0.01010 0.62878 0.01949 ( 3)
  96 V   0.34493 0.00663 0.63541 0.01303 ( 3)
  97 P   0.34371 0.00791 0.63294 0.01544 ( 3)
  98 K   0.34699 0.00444 0.63970 0.00887 ( 3)
  99 I   0.24034 0.10715 0.44266 0.20985 ( 3)
 100 M   0.34784 0.00352 0.64155 0.00710 ( 3)
 101 A   0.34136 0.01036 0.62829 0.01999 ( 3)
 102 S   0.34179 0.00992 0.62912 0.01918 ( 3)
 103 F   0.34490 0.00669 0.63528 0.01313 ( 3)
 104 G   0.34759 0.00379 0.64100 0.00762 ( 3)
 105 N   0.30144 0.04676 0.55630 0.09551 ( 3)
 106 F   0.34455 0.00703 0.63463 0.01379 ( 3)
 107 A   0.34097 0.01077 0.62751 0.02075 ( 3)
 108 N   0.34901 0.00219 0.64429 0.00451 ( 3)
 109 D   0.34415 0.00745 0.63382 0.01458 ( 3)
 110 S   0.07565 0.25811 0.13961 0.52663 ( 4)
 111 E   0.34369 0.00793 0.63291 0.01547 ( 3)
 112 I   0.24338 0.10423 0.44826 0.20412 ( 3)
 113 K   0.34711 0.00433 0.63991 0.00865 ( 3)
 114 V   0.34562 0.00585 0.63694 0.01159 ( 3)
 115 L   0.33083 0.02129 0.60803 0.03985 ( 3)
 116 L   0.33944 0.01239 0.62447 0.02369 ( 3)
 117 K   0.34701 0.00442 0.63973 0.00884 ( 3)
 118 A   0.34152 0.01020 0.62859 0.01969 ( 3)
 119 F   0.34544 0.00610 0.63644 0.01202 ( 3)
 120 I   0.34906 0.00214 0.64441 0.00440 ( 3)
 121 A   0.34774 0.00363 0.64132 0.00731 ( 3)
 122 N   0.34870 0.00256 0.64352 0.00523 ( 3)
 123 L   0.33085 0.02127 0.60806 0.03982 ( 3)
 124 K   0.34702 0.00441 0.63976 0.00881 ( 3)
 125 S   0.23407 0.11262 0.43125 0.22207 ( 3)
 126 S   0.34369 0.00793 0.63291 0.01547 ( 3)
 127 S   0.34181 0.00990 0.62916 0.01913 ( 3)
 128 P   0.34374 0.00788 0.63301 0.01537 ( 3)
 129 T   0.34524 0.00631 0.63603 0.01243 ( 3)
 130 V   0.20099 0.14704 0.36984 0.28213 ( 3)
 131 R   0.34732 0.00409 0.64040 0.00819 ( 3)
 132 R   0.34733 0.00408 0.64042 0.00817 ( 3)
 133 T   0.34584 0.00574 0.63712 0.01129 ( 3)
 134 A   0.34744 0.00392 0.64076 0.00789 ( 3)
 135 A   0.34297 0.00867 0.63150 0.01686 ( 3)
 136 G   0.27280 0.07444 0.50307 0.14969 ( 3)
 137 S   0.34606 0.00542 0.63776 0.01076 ( 3)
 138 A   0.34760 0.00376 0.64107 0.00757 ( 3)
 139 V   0.33973 0.01204 0.62513 0.02310 ( 3)
 140 S   0.34350 0.00812 0.63254 0.01584 ( 3)
 141 I   0.24740 0.09996 0.45578 0.19686 ( 3)
 142 C   0.34527 0.00626 0.63613 0.01235 ( 3)
 143 Q   0.33635 0.01556 0.61857 0.02953 ( 3)
 144 H   0.34372 0.00789 0.63298 0.01541 ( 3)
 145 S   0.34291 0.00873 0.63137 0.01699 ( 3)
 146 R   0.34678 0.00465 0.63930 0.00928 ( 3)
 147 R   0.34670 0.00472 0.63916 0.00942 ( 3)
 148 T   0.00185 0.33518 0.00341 0.65956 ( 4)
 149 Q   0.33635 0.01556 0.61857 0.02953 ( 3)
 150 Y   0.24655 0.10078 0.45422 0.19845 ( 3)
 151 F   0.34452 0.00706 0.63458 0.01384 ( 3)
 152 Y   0.34507 0.00647 0.63572 0.01274 ( 3)
 153 S   0.34350 0.00812 0.63254 0.01584 ( 3)
 154 W   0.34126 0.01046 0.62810 0.02018 ( 3)
 155 L   0.33111 0.02101 0.60854 0.03934 ( 3)
 156 L   0.34075 0.01099 0.62710 0.02117 ( 3)
 157 S   0.34413 0.00745 0.63384 0.01459 ( 3)
 158 V   0.34002 0.01177 0.62564 0.02257 ( 3)
 159 L   0.34075 0.01099 0.62710 0.02117 ( 3)
 160 L   0.20228 0.14587 0.37220 0.27965 ( 3)
 161 G   0.34845 0.00279 0.64306 0.00570 ( 3)
 162 L   0.33640 0.01551 0.61865 0.02944 ( 3)
 163 L   0.33215 0.01999 0.61045 0.03742 ( 3)
 164 V   0.34606 0.00543 0.63775 0.01076 ( 3)
 165 P   0.34504 0.00650 0.63566 0.01280 ( 3)
 166 V   0.33986 0.01192 0.62536 0.02286 ( 3)
 167 E   0.34256 0.00912 0.63063 0.01768 ( 3)
 168 E   0.34256 0.00912 0.63063 0.01768 ( 3)
 169 E   0.34375 0.00787 0.63303 0.01536 ( 3)
 170 H   0.04159 0.29170 0.07671 0.59001 ( 4)
 171 S   0.34318 0.00847 0.63187 0.01648 ( 3)
 172 T   0.03253 0.30812 0.05990 0.59944 ( 4)
 173 L   0.34156 0.01016 0.62866 0.01962 ( 3)
 174 L   0.33096 0.02116 0.60826 0.03962 ( 3)
 175 I   0.34451 0.00708 0.63453 0.01387 ( 3)
 176 L   0.34109 0.01065 0.62774 0.02052 ( 3)
 177 G   0.34621 0.00530 0.63800 0.01049 ( 3)
 178 V   0.34008 0.01171 0.62576 0.02246 ( 3)
 179 L   0.33096 0.02116 0.60826 0.03962 ( 3)
 180 L   0.34117 0.01058 0.62788 0.02038 ( 3)
 181 T   0.34616 0.00533 0.63794 0.01057 ( 3)
 182 L   0.33637 0.01554 0.61860 0.02949 ( 3)
 183 R   0.34710 0.00434 0.63989 0.00868 ( 3)
 184 Y   0.34711 0.00433 0.63991 0.00865 ( 3)
 185 L   0.33657 0.01534 0.61898 0.02911 ( 3)
 186 V   0.34006 0.01172 0.62573 0.02249 ( 3)
 187 P   0.34529 0.00627 0.63610 0.01234 ( 3)
 188 L   0.33663 0.01528 0.61909 0.02900 ( 3)
 189 L   0.33100 0.02112 0.60834 0.03954 ( 3)
 190 Q   0.33673 0.01518 0.61928 0.02881 ( 3)
 191 Q   0.33673 0.01518 0.61928 0.02881 ( 3)
 192 Q   0.33673 0.01518 0.61928 0.02881 ( 3)
 193 V   0.34514 0.00643 0.63580 0.01264 ( 3)
 194 K   0.34717 0.00427 0.64003 0.00853 ( 3)
 195 D   0.34435 0.00725 0.63421 0.01419 ( 3)
 196 T   0.34549 0.00608 0.63648 0.01196 ( 3)
 197 S   0.34387 0.00776 0.63324 0.01513 ( 3)
 198 L   0.33100 0.02112 0.60834 0.03954 ( 3)
 199 K   0.34629 0.00521 0.63818 0.01032 ( 3)
 200 G   0.34775 0.00364 0.64130 0.00731 ( 3)
 201 S   0.34387 0.00776 0.63324 0.01513 ( 3)
 202 F   0.34475 0.00683 0.63501 0.01340 ( 3)
 203 G   0.34763 0.00377 0.64104 0.00757 ( 3)
 204 V   0.34012 0.01167 0.62583 0.02239 ( 3)
 205 T   0.34591 0.00567 0.63725 0.01117 ( 3)
 206 R   0.34747 0.00394 0.64069 0.00790 ( 3)
 207 K   0.34629 0.00521 0.63818 0.01032 ( 3)
 208 E   0.34262 0.00907 0.63073 0.01758 ( 3)
 209 M   0.34799 0.00337 0.64184 0.00680 ( 3)
 210 E   0.34263 0.00906 0.63075 0.01756 ( 3)
 211 V   0.34514 0.00643 0.63580 0.01264 ( 3)
 212 S   0.34254 0.00909 0.63070 0.01767 ( 3)
 213 P   0.34533 0.00623 0.63619 0.01225 ( 3)
 214 S   0.34635 0.00514 0.63830 0.01020 ( 3)
 215 T   0.25162 0.09597 0.46355 0.18885 ( 3)
 216 E   0.34262 0.00907 0.63073 0.01758 ( 3)
 217 Q   0.33673 0.01518 0.61928 0.02881 ( 3)
 218 L   0.34159 0.01016 0.62867 0.01958 ( 3)
 219 V   0.34506 0.00650 0.63566 0.01278 ( 3)
 220 Q   0.33654 0.01537 0.61892 0.02917 ( 3)
 221 V   0.33887 0.01288 0.62354 0.02471 ( 3)
 222 Y   0.34472 0.00680 0.63508 0.01339 ( 3)
 223 E   0.34280 0.00878 0.63128 0.01714 ( 3)
 224 L   0.33427 0.01780 0.61447 0.03345 ( 3)
 225 T   0.34434 0.00717 0.63437 0.01412 ( 3)
 226 L   0.33549 0.01640 0.61698 0.03113 ( 3)
 227 H   0.26168 0.08547 0.48238 0.17047 ( 3)
 228 Y   0.34622 0.00517 0.63827 0.01033 ( 3)
 229 T   0.34624 0.00516 0.63831 0.01030 ( 3)
 230 Q   0.33579 0.01610 0.61755 0.03056 ( 3)
 231 H   0.34316 0.00842 0.63196 0.01645 ( 3)
 232 Q   0.34077 0.01091 0.62723 0.02108 ( 3)
 233 D   0.34345 0.00812 0.63253 0.01589 ( 3)
 234 H   0.34316 0.00842 0.63196 0.01645 ( 3)
 235 N   0.34824 0.00299 0.64267 0.00610 ( 3)
 236 V   0.34545 0.00601 0.63662 0.01192 ( 3)
 237 V   0.33952 0.01225 0.62474 0.02350 ( 3)
 238 T   0.34631 0.00509 0.63844 0.01017 ( 3)
 239 G   0.34703 0.00432 0.63997 0.00868 ( 3)
 240 A   0.34131 0.01017 0.62861 0.01991 ( 3)
 241 L   0.33035 0.02176 0.60715 0.04073 ( 3)
 242 E   0.34293 0.00866 0.63152 0.01690 ( 3)
 243 L   0.34028 0.01144 0.62625 0.02203 ( 3)
 244 L   0.33039 0.02172 0.60722 0.04066 ( 3)
 245 Q   0.33621 0.01569 0.61832 0.02978 ( 3)
 246 Q   0.33621 0.01569 0.61832 0.02978 ( 3)
 247 L   0.33924 0.01245 0.62433 0.02398 ( 3)
 248 L   0.34061 0.01112 0.62684 0.02143 ( 3)
 249 R   0.34585 0.00562 0.63738 0.01114 ( 3)
 250 T   0.34492 0.00662 0.63544 0.01303 ( 3)
 251 P   0.34348 0.00813 0.63252 0.01586 ( 3)
 252 P   0.34330 0.00832 0.63215 0.01622 ( 3)
 253 P   0.34348 0.00813 0.63252 0.01586 ( 3)
 254 E   0.34215 0.00952 0.62987 0.01846 ( 3)
 255 L   0.34067 0.01106 0.62696 0.02131 ( 3)
 256 L   0.33064 0.02148 0.60768 0.04021 ( 3)
 257 R   0.34614 0.00525 0.63813 0.01048 ( 3)
 258 A   0.00178 0.34089 0.00328 0.65405 ( 4)
 259 L   0.33064 0.02148 0.60768 0.04021 ( 3)
 260 T   0.34499 0.00655 0.63558 0.01289 ( 3)
 261 T   0.03524 0.30321 0.06492 0.59664 ( 4)
 262 A   0.28144 0.06620 0.51905 0.13331 ( 3)
 263 G   0.34745 0.00392 0.64075 0.00788 ( 3)
 264 G   0.34742 0.00395 0.64069 0.00794 ( 3)
 265 I   0.34500 0.00654 0.63559 0.01288 ( 3)
 266 G   0.05188 0.28339 0.09566 0.56907 ( 4)
 267 Q   0.01558 0.32981 0.02865 0.62597 ( 4)
 268 L   0.34067 0.01106 0.62696 0.02131 ( 3)
 269 T   0.34651 0.00489 0.63882 0.00978 ( 3)
 270 A   0.22335 0.12406 0.41123 0.24136 ( 3)
 271 A   0.21087 0.13679 0.38813 0.26421 ( 3)
 272 K   0.27071 0.07679 0.49907 0.15344 ( 3)
 273 D   0.22148 0.12610 0.40774 0.24468 ( 3)
 274 E   0.34194 0.00972 0.62950 0.01884 ( 3)
 275 P   0.34469 0.00684 0.63500 0.01347 ( 3)
 276 G   0.07056 0.26267 0.13021 0.53657 ( 4)
 277 C   0.34502 0.00650 0.63567 0.01281 ( 3)
 278 R   0.34569 0.00579 0.63705 0.01147 ( 3)
 279 S   0.34399 0.00758 0.63359 0.01484 ( 3)
 280 R   0.34729 0.00407 0.64046 0.00818 ( 3)
 281 S   0.34323 0.00838 0.63205 0.01635 ( 3)
 282 G   0.34568 0.00579 0.63704 0.01148 ( 3)
 283 S   0.34383 0.00773 0.63328 0.01515 ( 3)
 284 I   0.34480 0.00673 0.63523 0.01325 ( 3)
 285 V   0.33943 0.01233 0.62457 0.02367 ( 3)
 286 E   0.34194 0.00972 0.62950 0.01884 ( 3)
 287 L   0.34103 0.01068 0.62768 0.02062 ( 3)
 288 I   0.34881 0.00237 0.64394 0.00488 ( 3)
 289 A   0.33682 0.01477 0.61992 0.02849 ( 3)
 290 G   0.34186 0.00944 0.62999 0.01871 ( 3)
 291 G   0.34365 0.00753 0.63370 0.01512 ( 3)
 292 G   0.34543 0.00561 0.63750 0.01146 ( 3)
 293 S   0.33722 0.01434 0.62072 0.02772 ( 3)
 294 S   0.33495 0.01675 0.61625 0.03206 ( 3)
 295 C   0.34109 0.01025 0.62843 0.02022 ( 3)
 296 S   0.33914 0.01231 0.62452 0.02402 ( 3)
 297 P   0.33921 0.01224 0.62465 0.02389 ( 3)
 298 V   0.34054 0.01083 0.62733 0.02129 ( 3)
 299 L   0.33693 0.01465 0.62014 0.02829 ( 3)
 300 S   0.33482 0.01687 0.61602 0.03229 ( 3)
 301 R   0.34223 0.00896 0.63091 0.01790 ( 3)
 302 K   0.34191 0.00938 0.63011 0.01860 ( 3)
 303 Q   0.33708 0.01449 0.62044 0.02799 ( 3)
 304 K   0.34191 0.00938 0.63010 0.01860 ( 3)
 305 G   0.34224 0.00897 0.63090 0.01789 ( 3)
 306 K   0.23674 0.11007 0.43617 0.21702 ( 3)
 307 V   0.33746 0.01431 0.62085 0.02738 ( 3)
 308 L   0.33848 0.01325 0.62283 0.02544 ( 3)
 309 F   0.34235 0.00922 0.63044 0.01799 ( 3)
 310 G   0.34401 0.00746 0.63381 0.01471 ( 3)
 311 E   0.34151 0.01009 0.62878 0.01962 ( 3)
 312 A   0.33889 0.01285 0.62359 0.02467 ( 3)
 313 A   0.33862 0.01311 0.62310 0.02517 ( 3)
 314 A   0.34097 0.01067 0.62769 0.02068 ( 3)
 315 L   0.01404 0.33189 0.02581 0.62826 ( 4)
 316 E   0.34019 0.01148 0.62616 0.02217 ( 3)
 317 D   0.34085 0.01079 0.62746 0.02090 ( 3)
 318 D   0.34204 0.00955 0.62981 0.01860 ( 3)
 319 S   0.20013 0.14749 0.36832 0.28407 ( 3)
 320 E   0.34019 0.01148 0.62616 0.02217 ( 3)
 321 S   0.33713 0.01468 0.62018 0.02801 ( 3)
 322 R   0.34517 0.00625 0.63616 0.01241 ( 3)
 323 S   0.33706 0.01475 0.62004 0.02815 ( 3)
 324 D   0.34199 0.00960 0.62972 0.01869 ( 3)
 325 G   0.34594 0.00543 0.63777 0.01086 ( 3)
 326 S   0.34151 0.01010 0.62876 0.01963 ( 3)
 327 S   0.34151 0.01010 0.62876 0.01963 ( 3)
 328 P   0.34310 0.00844 0.63194 0.01652 ( 3)
 329 T   0.34319 0.00835 0.63210 0.01636 ( 3)
 330 F   0.34246 0.00911 0.63066 0.01777 ( 3)
 331 A   0.00085 0.34259 0.00156 0.65499 ( 4)
 332 A   0.34059 0.01104 0.62699 0.02138 ( 3)
 333 A   0.19522 0.15290 0.35918 0.29270 ( 3)
 334 V   0.24708 0.10041 0.45516 0.19736 ( 3)
 335 K   0.34707 0.00436 0.63985 0.00871 ( 3)
 336 G   0.34872 0.00256 0.64350 0.00522 ( 3)
 337 E   0.34249 0.00919 0.63050 0.01782 ( 3)
 338 V   0.00000 0.33802 0.00001 0.66197 ( 4)
 339 G   0.34809 0.00312 0.64241 0.00638 ( 3)
 340 G   0.30146 0.04673 0.55635 0.09546 ( 3)
 341 E   0.34249 0.00919 0.63050 0.01782 ( 3)
 342 L   0.33090 0.02122 0.60816 0.03972 ( 3)
 343 A   0.21336 0.13446 0.39269 0.25949 ( 3)
 344 A   0.34323 0.00842 0.63197 0.01638 ( 3)
 345 S   0.34188 0.00983 0.62929 0.01901 ( 3)
 346 S   0.34188 0.00983 0.62929 0.01901 ( 3)
 347 G   0.34754 0.00385 0.64087 0.00774 ( 3)
 348 V   0.34503 0.00654 0.63559 0.01285 ( 3)
 349 P   0.22836 0.11926 0.42045 0.23193 ( 3)
 350 T   0.34707 0.00437 0.63984 0.00872 ( 3)
 351 P   0.34403 0.00761 0.63352 0.01484 ( 3)
 352 G   0.27524 0.07213 0.50757 0.14506 ( 3)
 353 S   0.19671 0.15145 0.36191 0.28992 ( 3)
 354 A   0.34147 0.01026 0.62849 0.01979 ( 3)
 355 A   0.34324 0.00841 0.63198 0.01637 ( 3)
 356 D   0.03251 0.30702 0.05988 0.60060 ( 4)
 357 S   0.34188 0.00983 0.62929 0.01901 ( 3)
 358 G   0.02276 0.32048 0.04188 0.61489 ( 4)
 359 G   0.34874 0.00252 0.64360 0.00514 ( 3)
 360 H   0.34402 0.00760 0.63354 0.01484 ( 3)
 361 D   0.34425 0.00736 0.63401 0.01439 ( 3)
 362 I   0.34532 0.00622 0.63619 0.01226 ( 3)
 363 I   0.34532 0.00622 0.63619 0.01226 ( 3)
 364 T   0.34691 0.00451 0.63956 0.00902 ( 3)
 365 E   0.34249 0.00919 0.63050 0.01782 ( 3)
 366 Q   0.33661 0.01530 0.61905 0.02904 ( 3)
 367 P   0.34521 0.00635 0.63595 0.01249 ( 3)
 368 R   0.34742 0.00399 0.64059 0.00800 ( 3)
 369 S   0.19698 0.15119 0.36241 0.28942 ( 3)
 370 Q   0.33661 0.01530 0.61905 0.02904 ( 3)
 371 H   0.34397 0.00765 0.63345 0.01493 ( 3)
 372 T   0.34607 0.00543 0.63774 0.01076 ( 3)
 373 L   0.34157 0.01015 0.62869 0.01959 ( 3)
 374 Q   0.33661 0.01530 0.61905 0.02904 ( 3)
 375 T   0.25056 0.09700 0.46158 0.19086 ( 3)
 376 D   0.34425 0.00736 0.63401 0.01439 ( 3)
 377 S   0.34613 0.00536 0.63789 0.01063 ( 3)
 378 V   0.20479 0.14335 0.37682 0.27504 ( 3)
 379 D   0.34313 0.00853 0.63177 0.01658 ( 3)
 380 L   0.33101 0.02111 0.60835 0.03953 ( 3)
 381 T   0.34563 0.00593 0.63675 0.01169 ( 3)
 382 G   0.34766 0.00372 0.64114 0.00748 ( 3)
 383 C   0.22253 0.12514 0.40966 0.24267 ( 3)
 384 D   0.34425 0.00736 0.63401 0.01439 ( 3)
 385 L   0.33650 0.01541 0.61884 0.02924 ( 3)
 386 T   0.00009 0.33690 0.00017 0.66284 ( 4)
 387 S   0.34448 0.00711 0.63448 0.01393 ( 3)
 388 G   0.30105 0.04711 0.55559 0.09624 ( 3)
 389 A   0.34299 0.00865 0.63152 0.01684 ( 3)
 390 T   0.04180 0.29392 0.07706 0.58722 ( 4)
 391 D   0.34405 0.00754 0.63366 0.01475 ( 3)
 392 G   0.34754 0.00385 0.64087 0.00774 ( 3)
 393 D   0.34409 0.00750 0.63373 0.01468 ( 3)
 394 E   0.34249 0.00919 0.63050 0.01782 ( 3)
 395 E   0.34250 0.00918 0.63053 0.01779 ( 3)
 396 D   0.34425 0.00736 0.63401 0.01439 ( 3)
 397 I   0.34532 0.00622 0.63619 0.01226 ( 3)
 398 L   0.33659 0.01533 0.61900 0.02908 ( 3)
 399 S   0.34394 0.00770 0.63336 0.01501 ( 3)
 400 H   0.34415 0.00747 0.63379 0.01459 ( 3)
 401 S   0.34394 0.00770 0.63336 0.01501 ( 3)
 402 S   0.34336 0.00830 0.63220 0.01614 ( 3)
 403 S   0.34394 0.00770 0.63336 0.01501 ( 3)
 404 Q   0.33693 0.01499 0.61964 0.02844 ( 3)
 405 M   0.00008 0.33607 0.00015 0.66370 ( 4)
 406 S   0.34394 0.00770 0.63336 0.01501 ( 3)
 407 A   0.22800 0.11957 0.41981 0.23261 ( 3)
 408 V   0.00027 0.99973 0.00000 0.00000 ( 2)
 409 P   0.34610 0.00537 0.63786 0.01067 ( 3)
 410 S   0.34207 0.00964 0.62964 0.01864 ( 3)
 411 D   0.34443 0.00718 0.63434 0.01405 ( 3)
 412 P   0.34399 0.00764 0.63347 0.01490 ( 3)
 413 A   0.34342 0.00823 0.63233 0.01602 ( 3)
 414 M   0.28859 0.05937 0.53228 0.11976 ( 3)
 415 D   0.34443 0.00718 0.63434 0.01405 ( 3)
 416 L   0.33105 0.02107 0.60843 0.03945 ( 3)
 417 N   0.34914 0.00207 0.64453 0.00426 ( 3)
 418 D   0.34332 0.00834 0.63211 0.01623 ( 3)
 419 G   0.34768 0.00372 0.64112 0.00748 ( 3)
 420 T   0.34547 0.00609 0.63645 0.01199 ( 3)
 421 Q   0.33680 0.01512 0.61940 0.02869 ( 3)
 422 A   0.34342 0.00823 0.63233 0.01602 ( 3)
 423 S   0.34336 0.00830 0.63220 0.01614 ( 3)
 424 S   0.34207 0.00964 0.62964 0.01864 ( 3)
 425 P   0.34531 0.00625 0.63615 0.01229 ( 3)
 426 I   0.34549 0.00606 0.63651 0.01194 ( 3)
 427 S   0.34468 0.00691 0.63486 0.01354 ( 3)
 428 D   0.34443 0.00718 0.63434 0.01405 ( 3)
 429 S   0.34394 0.00770 0.63336 0.01501 ( 3)
 430 S   0.34336 0.00830 0.63220 0.01614 ( 3)
 431 Q   0.33680 0.01512 0.61940 0.02869 ( 3)
 432 T   0.34547 0.00609 0.63645 0.01199 ( 3)
 433 T   0.34547 0.00609 0.63645 0.01199 ( 3)
 434 T   0.34547 0.00608 0.63647 0.01198 ( 3)
 435 E   0.34268 0.00901 0.63085 0.01746 ( 3)
 436 G   0.34768 0.00372 0.64112 0.00748 ( 3)
 437 P   0.34536 0.00620 0.63623 0.01221 ( 3)
 438 D   0.34332 0.00834 0.63211 0.01623 ( 3)
 439 S   0.33955 0.01226 0.62472 0.02347 ( 3)
 440 A   0.34318 0.00847 0.63188 0.01647 ( 3)
 441 V   0.34018 0.01160 0.62595 0.02226 ( 3)
 442 T   0.34547 0.00609 0.63645 0.01199 ( 3)
 443 P   0.34399 0.00764 0.63347 0.01490 ( 3)
 444 S   0.34332 0.00834 0.63213 0.01622 ( 3)
 445 D   0.34443 0.00718 0.63434 0.01405 ( 3)
 446 S   0.34468 0.00691 0.63486 0.01354 ( 3)
 447 S   0.34207 0.00964 0.62964 0.01864 ( 3)
 448 E   0.34406 0.00756 0.63361 0.01477 ( 3)
 449 I   0.34462 0.00698 0.63473 0.01366 ( 3)
 450 V   0.34089 0.00991 0.62901 0.02019 ( 3)
 451 L   0.33910 0.01267 0.62394 0.02429 ( 3)
 452 D   0.34247 0.00916 0.63056 0.01781 ( 3)
 453 G   0.34834 0.00289 0.64286 0.00590 ( 3)
 454 A   0.34248 0.00916 0.63056 0.01779 ( 3)
 455 D   0.34360 0.00798 0.63282 0.01560 ( 3)
 456 S   0.34309 0.00851 0.63180 0.01660 ( 3)
 457 Q   0.33594 0.01595 0.61783 0.03027 ( 3)
 458 Y   0.34469 0.00683 0.63503 0.01345 ( 3)
 459 P   0.21995 0.12718 0.40502 0.24785 ( 3)
 460 G   0.34704 0.00433 0.63995 0.00869 ( 3)
 461 M   0.34743 0.00390 0.64081 0.00786 ( 3)
 462 Q   0.33744 0.01419 0.62103 0.02734 ( 3)
 463 A   0.03860 0.30506 0.07103 0.58531 ( 4)
 464 G   0.27415 0.07324 0.50553 0.14707 ( 3)
 465 Q   0.33594 0.01595 0.61783 0.03027 ( 3)
 466 P   0.03355 0.30480 0.06180 0.59985 ( 4)
 467 Q   0.17380 0.17480 0.31964 0.33177 ( 4)
 468 D   0.34356 0.00803 0.63271 0.01570 ( 3)
 469 E   0.21504 0.13255 0.39584 0.25657 ( 3)
 470 D   0.34355 0.00802 0.63273 0.01570 ( 3)
 471 E   0.34181 0.00985 0.62925 0.01909 ( 3)
 472 D   0.34353 0.00804 0.63270 0.01573 ( 3)
 473 A   0.02252 0.31949 0.04145 0.61654 ( 4)
 474 A   0.34082 0.01089 0.62728 0.02101 ( 3)
 475 A   0.19812 0.14984 0.36455 0.28749 ( 3)
 476 V   0.00201 0.33344 0.00371 0.66083 ( 4)
 477 L   0.34089 0.01081 0.62743 0.02088 ( 3)
 478 P   0.34315 0.00845 0.63192 0.01648 ( 3)
 479 D   0.22187 0.12553 0.40852 0.24408 ( 3)
 480 E   0.34322 0.00837 0.63206 0.01634 ( 3)
 481 D   0.34358 0.00800 0.63278 0.01565 ( 3)
 482 A   0.00001 0.33261 0.00001 0.66737 ( 4)
 483 E   0.34181 0.00985 0.62925 0.01909 ( 3)
 484 A   0.34073 0.01097 0.62713 0.02117 ( 3)
 485 F   0.34489 0.00662 0.63544 0.01305 ( 3)
 486 R   0.34561 0.00586 0.63692 0.01162 ( 3)
 487 N   0.07685 0.25565 0.14188 0.52562 ( 4)
 488 S   0.34119 0.01050 0.62802 0.02029 ( 3)
 489 S   0.34250 0.00913 0.63062 0.01775 ( 3)
 490 I   0.23935 0.10766 0.44095 0.21204 ( 3)
 491 A   0.34077 0.01086 0.62732 0.02105 ( 3)
 492 L   0.33982 0.01191 0.62536 0.02291 ( 3)
 493 Q   0.33998 0.01174 0.62567 0.02261 ( 3)
 494 Q   0.33998 0.01174 0.62567 0.02261 ( 3)
 495 A   0.19696 0.15088 0.36243 0.28973 ( 3)
