Supplemental results for CODEML (seqf: /home/leticiamagpali/phd/evol_models/codeml/big_dataset/cml_align/OTOF_codon_aligned.phy  treef: /home/leticiamagpali/phd/evol_models/codeml/big_dataset/cml_trees/gene_trees/H1c_gene_trees/OTOF_tree_H1c.tre)

I	J	ij	2Ns_IJ	pMut_IJ	pSub_IJ	2Ns_JI	pMut_JI	pSub_JI

TTC	TTT	CT	-0.50835	0.07534	0.05780	0.50835	0.04531	0.05780
TTA	TTT	AT	6.57843	0.00001	0.00008	-6.57843	0.00853	0.00008
TTA	TTC	AC	7.08678	0.00002	0.00017	-7.08678	0.02876	0.00017
TTG	TTT	GT	1.33026	0.00250	0.00451	-1.33026	0.00944	0.00451
TTG	TTC	GC	1.83861	0.00506	0.01107	-1.83861	0.03182	0.01107
TTG	TTA	GA	-5.24817	0.01748	0.00048	5.24817	0.00009	0.00048
TCT	TTT	CT	1.55748	0.00955	0.01884	-1.55748	0.04531	0.01884
TCC	TTC	CT	0.81760	0.06746	0.09875	-0.81760	0.15280	0.09875
TCC	TCT	CT	-1.24824	0.06746	0.03390	1.24824	0.01936	0.03390
TCA	TTA	CT	-4.91506	0.01404	0.00051	4.91506	0.00010	0.00051
TCA	TCT	AT	0.10589	0.00328	0.00345	-0.10589	0.00364	0.00345
TCA	TCC	AC	1.35412	0.00665	0.01214	-1.35412	0.02575	0.01214
TCG	TTG	CT	0.83089	0.00945	0.01391	-0.83089	0.02168	0.01391
TCG	TCT	GT	0.60366	0.00221	0.00294	-0.60366	0.00403	0.00294
TCG	TCC	GC	1.85190	0.00447	0.00982	-1.85190	0.02850	0.00982
TCG	TCA	GA	0.49778	0.01544	0.01960	-0.49778	0.02540	0.01960
TAT	TTT	AT	1.08537	0.00288	0.00472	-1.08537	0.00853	0.00472
TAT	TCT	AC	-0.47211	0.00584	0.00457	0.47211	0.00364	0.00457
TAC	TTC	AT	0.59191	0.01591	0.02108	-0.59191	0.02876	0.02108
TAC	TCC	AC	-0.22568	0.03227	0.02876	0.22568	0.02575	0.02876
TAC	TAT	CT	-1.00181	0.06815	0.03962	1.00181	0.02503	0.03962
TGT	TTT	GT	1.99305	0.00129	0.00297	-1.99305	0.00944	0.00297
TGT	TCT	GC	0.43556	0.00261	0.00322	-0.43556	0.00403	0.00322
TGT	TAT	GA	0.90768	0.00901	0.01371	-0.90768	0.02233	0.01371
TGC	TTC	GT	1.68401	0.00591	0.01222	-1.68401	0.03182	0.01222
TGC	TCC	GC	0.86642	0.01198	0.01791	-0.86642	0.02850	0.01791
TGC	TAC	GA	1.09210	0.04137	0.06800	-1.09210	0.12331	0.06800
TGC	TGT	CT	-0.81738	0.02530	0.01636	0.81738	0.01117	0.01636
TGG	TTG	GT	-0.68619	0.00897	0.00624	0.68619	0.00452	0.00624
TGG	TCG	GC	-1.51708	0.01819	0.00775	1.51708	0.00399	0.00775
TGG	TGT	GT	-1.34898	0.00897	0.00424	1.34898	0.00233	0.00424
TGG	TGC	GC	-0.53160	0.01819	0.01378	0.53160	0.01069	0.01378
CTT	TTT	CT	2.15438	0.00526	0.01281	-2.15438	0.04531	0.01281
CTC	TTC	CT	0.98513	0.05705	0.08970	-0.98513	0.15280	0.08970
CTC	CTT	CT	-1.67760	0.05705	0.02199	1.67760	0.01066	0.02199
CTA	TTA	CT	-3.91288	0.00515	0.00041	3.91288	0.00010	0.00041
CTA	CTT	AT	0.51117	0.00120	0.00154	-0.51117	0.00201	0.00154
CTA	CTC	AC	2.18876	0.00244	0.00602	-2.18876	0.02178	0.00602
CTG	TTG	CT	-1.94469	0.15157	0.04920	1.94469	0.02168	0.04920
CTG	CTT	GT	-2.76882	0.03539	0.00656	2.76882	0.00222	0.00656
CTG	CTC	GC	-1.09122	0.07177	0.03960	1.09122	0.02410	0.03960
CTG	CTA	GA	-3.27998	0.24783	0.03178	3.27998	0.00933	0.03178
CCT	TCT	CT	-0.31405	0.02651	0.02256	0.31405	0.01936	0.02256
CCT	CTT	CT	-0.91094	0.02651	0.01624	0.91094	0.01066	0.01624
CCC	TCC	CT	0.50603	0.08249	0.10511	-0.50603	0.13682	0.10511
CCC	CTC	CT	0.33849	0.08249	0.09723	-0.33849	0.11572	0.09723
CCC	CCT	CT	-0.42816	0.08249	0.06608	0.42816	0.05376	0.06608
CCA	TCA	CT	0.41454	0.01881	0.02298	-0.41454	0.02848	0.02298
CCA	CTA	CT	-0.58764	0.01881	0.01382	0.58764	0.01045	0.01382
CCA	CCT	AT	0.83447	0.00439	0.00648	-0.83447	0.01012	0.00648
CCA	CCC	AC	1.26263	0.00891	0.01568	-1.26263	0.03149	0.01568
CCG	TCG	CT	-0.01902	0.01952	0.01934	0.01902	0.01916	0.01934
CCG	CTG	CT	2.75656	0.01952	0.05747	-2.75656	0.30742	0.05747
CCG	CCT	GT	0.89869	0.00456	0.00691	-0.89869	0.01120	0.00691
CCG	CCC	GC	1.32685	0.00924	0.01670	-1.32685	0.03485	0.01670
CCG	CCA	GA	0.06422	0.03192	0.03296	-0.06422	0.03404	0.03296
CAT	TAT	CT	2.08937	0.00310	0.00739	-2.08937	0.02503	0.00739
CAT	CTT	AT	1.02035	0.00072	0.00115	-1.02035	0.00201	0.00115
CAT	CCT	AC	1.93130	0.00147	0.00331	-1.93130	0.01012	0.00331
CAC	TAC	CT	1.48910	0.03118	0.05995	-1.48910	0.13822	0.05995
CAC	CTC	AT	1.09588	0.00728	0.01198	-1.09588	0.02178	0.01198
CAC	CCC	AC	0.75739	0.01476	0.02105	-0.75739	0.03149	0.02105
CAC	CAT	CT	-1.60207	0.03118	0.01260	1.60207	0.00628	0.01260
CAA	CTA	AT	0.22891	0.00156	0.00175	-0.22891	0.00197	0.00175
CAA	CCA	AC	0.81656	0.00317	0.00464	-0.81656	0.00718	0.00464
CAA	CAT	AT	-0.28027	0.00156	0.00136	0.28027	0.00118	0.00136
CAA	CAC	AC	1.32180	0.00317	0.00572	-1.32180	0.01190	0.00572
CAG	CTG	AT	1.34742	0.01504	0.02738	-1.34742	0.05786	0.02738
CAG	CCG	AC	-1.40914	0.03050	0.01390	1.40914	0.00745	0.01390
CAG	CAT	GT	-2.44175	0.01504	0.00350	2.44175	0.00131	0.00350
CAG	CAC	GC	-0.83968	0.03050	0.01947	0.83968	0.01317	0.01947
CAG	CAA	GA	-2.16148	0.10532	0.02963	2.16148	0.01213	0.02963
CGT	TGT	CT	1.01190	0.00406	0.00646	-1.01190	0.01117	0.00646
CGT	CTT	GT	0.85057	0.00095	0.00141	-0.85057	0.00222	0.00141
CGT	CCT	GC	1.76151	0.00192	0.00409	-1.76151	0.01120	0.00409
CGT	CAT	GA	-0.16979	0.00664	0.00609	0.16979	0.00560	0.00609
CGC	TGC	CT	0.24132	0.04032	0.04538	-0.24132	0.05132	0.04538
CGC	CTC	GT	0.94021	0.00941	0.01452	-0.94021	0.02410	0.01452
CGC	CCC	GC	0.60172	0.01909	0.02541	-0.60172	0.03485	0.02541
CGC	CAC	GA	-0.15567	0.06592	0.06092	0.15567	0.05642	0.06092
CGC	CGT	CT	-1.58796	0.04032	0.01644	1.58796	0.00824	0.01644
CGA	CTA	GT	0.08912	0.00199	0.00208	-0.08912	0.00218	0.00208
CGA	CCA	GC	0.67676	0.00404	0.00556	-0.67676	0.00795	0.00556
CGA	CAA	GA	-0.13980	0.01395	0.01300	0.13980	0.01213	0.01300
CGA	CGT	AT	-0.25028	0.00199	0.00175	0.25028	0.00155	0.00175
CGA	CGC	AC	1.33768	0.00404	0.00733	-1.33768	0.01539	0.00733
CGG	TGG	CT	0.30370	0.05751	0.06668	-0.30370	0.07791	0.06668
CGG	CTG	GT	1.56219	0.01343	0.02654	-1.56219	0.06403	0.02654
CGG	CCG	GC	-1.19437	0.02723	0.01413	1.19437	0.00825	0.01413
CGG	CAG	GA	0.21477	0.09403	0.10448	-0.21477	0.11655	0.10448
CGG	CGT	GT	-2.05719	0.01343	0.00405	2.05719	0.00172	0.00405
CGG	CGC	GC	-0.46923	0.02723	0.02134	0.46923	0.01703	0.02134
CGG	CGA	GA	-1.80691	0.09403	0.03337	1.80691	0.01544	0.03337
ATT	TTT	AT	0.34958	0.00601	0.00712	-0.34958	0.00853	0.00712
ATT	CTT	AC	-1.80480	0.01219	0.00433	1.80480	0.00201	0.00433
ATC	TTC	AT	0.32554	0.02077	0.02433	-0.32554	0.02876	0.02433
ATC	CTC	AC	-0.65960	0.04212	0.02974	0.65960	0.02178	0.02974
ATC	ATT	CT	-0.53239	0.08895	0.06736	0.53239	0.05223	0.06736
ATA	TTA	AT	-4.07303	0.00114	0.00008	4.07303	0.00002	0.00008
ATA	CTA	AC	-0.16015	0.00231	0.00213	0.16015	0.00197	0.00213
ATA	ATT	AT	2.15582	0.00114	0.00278	-2.15582	0.00983	0.00278
ATA	ATC	AC	2.68821	0.00231	0.00666	-2.68821	0.03395	0.00666
ATG	TTG	AT	-1.35175	0.01577	0.00744	1.35175	0.00408	0.00744
ATG	CTG	AC	0.59294	0.03198	0.04239	-0.59294	0.05786	0.04239
ATG	ATT	GT	-0.37108	0.01577	0.01302	0.37108	0.01088	0.01302
ATG	ATC	GC	0.16132	0.03198	0.03463	-0.16132	0.03758	0.03463
ATG	ATA	GA	-2.52690	0.11042	0.02423	2.52690	0.00882	0.02423
ACT	TCT	AT	0.07043	0.00340	0.00352	-0.07043	0.00364	0.00352
ACT	CCT	AC	0.38448	0.00689	0.00830	-0.38448	0.01012	0.00830
ACT	ATT	CT	1.27833	0.01455	0.02577	-1.27833	0.05223	0.02577
ACC	TCC	AT	0.85970	0.01090	0.01625	-0.85970	0.02575	0.01625
ACC	CCC	AC	0.35367	0.02211	0.02625	-0.35367	0.03149	0.02625
ACC	ATC	CT	1.35176	0.04669	0.08514	-1.35176	0.18041	0.08514
ACC	ACT	CT	-0.45896	0.04669	0.03679	0.45896	0.02950	0.03679
ACA	TCA	AT	0.70901	0.00264	0.00368	-0.70901	0.00536	0.00368
ACA	CCA	AC	0.29448	0.00535	0.00618	-0.29448	0.00718	0.00618
ACA	ATA	CT	-0.13302	0.01130	0.01056	0.13302	0.00989	0.01056
ACA	ACT	AT	0.74447	0.00264	0.00374	-0.74447	0.00555	0.00374
ACA	ACC	AC	1.20343	0.00535	0.00920	-1.20343	0.01782	0.00920
ACG	TCG	AT	-0.75410	0.00766	0.00513	0.75410	0.00361	0.00513
ACG	CCG	AC	-0.73508	0.01554	0.01052	0.73508	0.00745	0.01052
ACG	ATG	CT	1.42854	0.03283	0.06168	-1.42854	0.13697	0.06168
ACG	ACT	GT	-0.22087	0.00766	0.00685	0.22087	0.00614	0.00685
ACG	ACC	GC	0.23810	0.01554	0.01747	-0.23810	0.01972	0.01747
ACG	ACA	GA	-0.96533	0.05367	0.03187	0.96533	0.02044	0.03187
AAT	TAT	AT	0.43725	0.00304	0.00375	-0.43725	0.00471	0.00375
AAT	CAT	AC	-1.65212	0.00617	0.00242	1.65212	0.00118	0.00242
AAT	ATT	AT	1.17303	0.00304	0.00517	-1.17303	0.00983	0.00517
AAT	ACT	AC	-0.10530	0.00617	0.00585	0.10530	0.00555	0.00585
AAC	TAC	AT	0.43870	0.01678	0.02072	-0.43870	0.02601	0.02072
AAC	CAC	AC	-1.05040	0.03402	0.01923	1.05040	0.01190	0.01923
AAC	ATC	AT	0.70507	0.01678	0.02338	-0.70507	0.03395	0.02338
AAC	ACC	AC	-0.64669	0.03402	0.02420	0.64669	0.01782	0.02420
AAC	AAT	CT	-1.00035	0.07186	0.04181	1.00035	0.02643	0.04181
AAA	CAA	AC	-1.33448	0.00972	0.00463	1.33448	0.00256	0.00463
AAA	ATA	AT	-0.94542	0.00479	0.00288	0.94542	0.00186	0.00288
AAA	ACA	AC	-0.81240	0.00972	0.00630	0.81240	0.00431	0.00630
AAA	AAT	AT	0.03737	0.00479	0.00488	-0.03737	0.00497	0.00488
AAA	AAC	AC	1.03772	0.00972	0.01562	-1.03772	0.02743	0.01562
AAG	CAG	AC	-0.99326	0.06639	0.03879	0.99326	0.02459	0.03879
AAG	ATG	AT	-0.23878	0.03273	0.02898	0.23878	0.02578	0.02898
AAG	ACG	AC	-1.66732	0.06639	0.02575	1.66732	0.01253	0.02575
AAG	AAT	GT	-1.78289	0.03273	0.01180	1.78289	0.00550	0.01180
AAG	AAC	GC	-0.78254	0.06639	0.04376	0.78254	0.03035	0.04376
AAG	AAA	GA	-1.82026	0.22923	0.08065	1.82026	0.03713	0.08065
AGT	TGT	AT	0.09088	0.00192	0.00201	-0.09088	0.00210	0.00201
AGT	CGT	AC	-0.92102	0.00389	0.00237	0.92102	0.00155	0.00237
AGT	ATT	GT	1.73434	0.00192	0.00404	-1.73434	0.01088	0.00404
AGT	ACT	GC	0.45601	0.00389	0.00485	-0.45601	0.00614	0.00485
AGT	AAT	GA	0.56131	0.01345	0.01757	-0.56131	0.02358	0.01757
AGC	TGC	AT	0.13144	0.00847	0.00904	-0.13144	0.00966	0.00904
AGC	CGC	AC	-0.10988	0.01718	0.01625	0.10988	0.01539	0.01625
AGC	ATC	GT	1.48992	0.00847	0.01629	-1.48992	0.03758	0.01629
AGC	ACC	GC	0.13816	0.01718	0.01839	-0.13816	0.01972	0.01839
AGC	AAC	GA	0.78485	0.05931	0.08560	-0.78485	0.13002	0.08560
AGC	AGT	CT	-0.77682	0.03628	0.02399	0.77682	0.01668	0.02399
AGA	CGA	AC	3.40444	0.00011	0.00038	-3.40444	0.00326	0.00038
AGA	ATA	GT	3.65370	0.00005	0.00020	-3.65370	0.00206	0.00020
AGA	ACA	GC	3.78672	0.00011	0.00042	-3.78672	0.00477	0.00042
AGA	AAA	GA	4.59912	0.00037	0.00174	-4.59912	0.03713	0.00174
AGA	AGT	AT	4.07518	0.00005	0.00022	-4.07518	0.00314	0.00022
AGA	AGC	AC	4.85199	0.00011	0.00053	-4.85199	0.01385	0.00053
AGG	TGG	AT	3.12223	0.00065	0.00211	-3.12223	0.01466	0.00211
AGG	CGG	AC	2.81853	0.00131	0.00393	-2.81853	0.02195	0.00393
AGG	ATG	GT	3.78779	0.00065	0.00250	-3.78779	0.02853	0.00250
AGG	ACG	GC	2.35924	0.00131	0.00341	-2.35924	0.01387	0.00341
AGG	AAG	GA	4.02657	0.00452	0.01855	-4.02657	0.25369	0.01855
AGG	AGT	GT	1.68236	0.00065	0.00134	-1.68236	0.00347	0.00134
AGG	AGC	GC	2.45918	0.00131	0.00352	-2.45918	0.01532	0.00352
AGG	AGA	GA	-2.39281	0.00452	0.00109	2.39281	0.00041	0.00109
GTT	TTT	GT	4.11489	0.00015	0.00064	-4.11489	0.00944	0.00064
GTT	CTT	GC	1.96051	0.00031	0.00071	-1.96051	0.00222	0.00071
GTT	ATT	GA	3.76530	0.00108	0.00416	-3.76530	0.04660	0.00416
GTC	TTC	GT	0.85032	0.01360	0.02019	-0.85032	0.03182	0.02019
GTC	CTC	GC	-0.13482	0.02758	0.02576	0.13482	0.02410	0.02576
GTC	ATC	GA	0.52478	0.09523	0.12240	-0.52478	0.16095	0.12240
GTC	GTT	CT	-3.77292	0.05825	0.00517	3.77292	0.00134	0.00517
GTA	TTA	GT	-4.88340	0.00283	0.00011	4.88340	0.00002	0.00011
GTA	CTA	GC	-0.97052	0.00575	0.00340	0.97052	0.00218	0.00340
GTA	ATA	GA	-0.81037	0.01984	0.01288	0.81037	0.00882	0.01288
GTA	GTT	AT	-2.41986	0.00283	0.00067	2.41986	0.00025	0.00067
GTA	GTC	AC	1.35306	0.00575	0.01048	-1.35306	0.02223	0.01048
GTG	TTG	GT	-1.77436	0.02663	0.00965	1.77436	0.00452	0.00965
GTG	CTG	GC	0.17033	0.05400	0.05873	-0.17033	0.06403	0.05873
GTG	ATG	GA	-0.42260	0.18647	0.14984	0.42260	0.12220	0.14984
GTG	GTT	GT	-4.55899	0.02663	0.00128	4.55899	0.00028	0.00128
GTG	GTC	GC	-0.78607	0.05400	0.03553	0.78607	0.02460	0.03553
GTG	GTA	GA	-2.13913	0.18647	0.05324	2.13913	0.02196	0.05324
GCT	TCT	GT	0.25356	0.00313	0.00354	-0.25356	0.00403	0.00354
GCT	CCT	GC	0.56760	0.00635	0.00832	-0.56760	0.01120	0.00832
GCT	ACT	GA	0.18313	0.02192	0.02398	-0.18313	0.02632	0.02398
GCT	GTT	CT	-2.30385	0.01340	0.00343	2.30385	0.00134	0.00343
GCC	TCC	GT	0.46401	0.01792	0.02239	-0.46401	0.02850	0.02239
GCC	CCC	GC	-0.04202	0.03634	0.03558	0.04202	0.03485	0.03558
GCC	ACC	GA	-0.39569	0.12549	0.10229	0.39569	0.08448	0.10229
GCC	GTC	CT	0.43129	0.07675	0.09449	-0.43129	0.11813	0.09449
GCC	GCT	CT	-1.03778	0.07675	0.04369	1.03778	0.02719	0.04369
GCA	TCA	GT	0.95778	0.00228	0.00354	-0.95778	0.00593	0.00354
GCA	CCA	GC	0.54324	0.00462	0.00598	-0.54324	0.00795	0.00598
GCA	ACA	GA	0.24877	0.01594	0.01800	-0.24877	0.02044	0.01800
GCA	GTA	CT	0.92612	0.00975	0.01495	-0.92612	0.02461	0.01495
GCA	GCT	AT	0.81011	0.00228	0.00332	-0.81011	0.00512	0.00332
GCA	GCC	AC	1.84789	0.00462	0.01013	-1.84789	0.02930	0.01013
GCG	TCG	GT	0.08385	0.00367	0.00382	-0.08385	0.00399	0.00382
GCG	CCG	GC	0.10287	0.00744	0.00783	-0.10287	0.00825	0.00783
GCG	ACG	GA	0.83795	0.02570	0.03795	-0.83795	0.05940	0.03795
GCG	GTG	CT	2.68910	0.01572	0.04534	-2.68910	0.23131	0.04534
GCG	GCT	GT	0.43396	0.00367	0.00452	-0.43396	0.00566	0.00452
GCG	GCC	GC	1.47174	0.00744	0.01421	-1.47174	0.03242	0.01421
GCG	GCA	GA	-0.37615	0.02570	0.02117	0.37615	0.01764	0.02117
GAT	TAT	GT	-0.37150	0.00756	0.00624	0.37150	0.00521	0.00624
GAT	CAT	GC	-2.46086	0.01533	0.00352	2.46086	0.00131	0.00352
GAT	AAT	GA	-0.80874	0.05293	0.03438	0.80874	0.02358	0.03438
GAT	GTT	AT	-3.40101	0.00756	0.00089	3.40101	0.00025	0.00089
GAT	GCT	AC	-1.09717	0.01533	0.00843	1.09717	0.00512	0.00843
GAC	TAC	GT	-0.23273	0.03633	0.03227	0.23273	0.02879	0.03227
GAC	CAC	GC	-1.72183	0.07369	0.02761	1.72183	0.01317	0.02761
GAC	AAC	GA	-0.67142	0.25445	0.17852	0.67142	0.13002	0.17852
GAC	GTC	AT	-0.49113	0.03633	0.02814	0.49113	0.02223	0.02814
GAC	GCC	AC	-0.92242	0.07369	0.04486	0.92242	0.02930	0.04486
GAC	GAT	CT	-0.86304	0.15563	0.09801	0.86304	0.06566	0.09801
GAA	CAA	GC	-1.85876	0.01817	0.00623	1.85876	0.00283	0.00623
GAA	AAA	GA	-0.52428	0.06272	0.04771	0.52428	0.03713	0.04771
GAA	GTA	AT	-0.65933	0.00896	0.00633	0.65933	0.00463	0.00633
GAA	GCA	AC	-1.58545	0.01817	0.00742	1.58545	0.00372	0.00742
GAA	GAT	AT	0.32183	0.00896	0.01047	-0.32183	0.01236	0.01047
GAA	GAC	AC	1.18487	0.01817	0.03100	-1.18487	0.05940	0.03100
GAG	CAG	GC	-1.02470	0.07581	0.04349	1.02470	0.02721	0.04349
GAG	AAG	GA	-0.03144	0.26179	0.25770	0.03144	0.25369	0.25770
GAG	GTG	AT	0.15239	0.03738	0.04030	-0.15239	0.04353	0.04030
GAG	GCG	AC	-2.53671	0.07581	0.01652	2.53671	0.00600	0.01652
GAG	GAT	GT	-1.00559	0.03738	0.02168	1.00559	0.01367	0.02168
GAG	GAC	GC	-0.14255	0.07581	0.07054	0.14255	0.06574	0.07054
GAG	GAA	GA	-1.32742	0.26179	0.12539	1.32742	0.06942	0.12539
GGT	TGT	GT	0.49650	0.00142	0.00180	-0.49650	0.00233	0.00180
GGT	CGT	GC	-0.51540	0.00287	0.00220	0.51540	0.00172	0.00220
GGT	AGT	GA	0.40562	0.00992	0.01207	-0.40562	0.01488	0.01207
GGT	GTT	GT	-1.62534	0.00142	0.00056	1.62534	0.00028	0.00056
GGT	GCT	GC	0.67850	0.00287	0.00396	-0.67850	0.00566	0.00396
GGT	GAT	GA	1.77567	0.00992	0.02121	-1.77567	0.05857	0.02121
GGC	TGC	GT	-0.68826	0.02127	0.01479	0.68826	0.01069	0.01479
GGC	CGC	GC	-0.92959	0.04315	0.02616	0.92959	0.01703	0.02616
GGC	AGC	GA	-0.81971	0.14900	0.09618	0.81971	0.06564	0.09618
GGC	GTC	GT	0.14544	0.02127	0.02286	-0.14544	0.02460	0.02286
GGC	GCC	GC	-0.28585	0.04315	0.03728	0.28585	0.03242	0.03728
GGC	GAC	GA	0.63657	0.14900	0.20142	-0.63657	0.28160	0.20142
GGC	GGT	CT	-2.00214	0.09113	0.02849	2.00214	0.01231	0.02849
GGA	CGA	GC	-0.33726	0.00505	0.00425	0.33726	0.00360	0.00425
GGA	AGA	GA	-3.74169	0.01743	0.00158	3.74169	0.00041	0.00158
GGA	GTA	GT	0.72238	0.00249	0.00350	-0.72238	0.00513	0.00350
GGA	GCA	GC	-0.20374	0.00505	0.00455	0.20374	0.00412	0.00455
GGA	GAA	GA	1.38170	0.01743	0.03217	-1.38170	0.06942	0.03217
GGA	GGT	AT	-0.07214	0.00249	0.00240	0.07214	0.00232	0.00240
GGA	GGC	AC	1.93000	0.00505	0.01140	-1.93000	0.03478	0.01140
GGG	TGG	GT	0.41660	0.01070	0.01308	-0.41660	0.01623	0.01308
GGG	CGG	GC	0.11290	0.02170	0.02295	-0.11290	0.02429	0.02295
GGG	AGG	GA	-2.70563	0.07493	0.01452	2.70563	0.00501	0.01452
GGG	GTG	GT	1.50476	0.01070	0.02069	-1.50476	0.04818	0.02069
GGG	GCG	GC	-1.18434	0.02170	0.01133	1.18434	0.00664	0.01133
GGG	GAG	GA	1.35237	0.07493	0.13668	-1.35237	0.28972	0.13668
GGG	GGT	GT	-1.42888	0.01070	0.00482	1.42888	0.00256	0.00482
GGG	GGC	GC	0.57325	0.02170	0.02851	-0.57325	0.03850	0.02851
GGG	GGA	GA	-1.35675	0.07493	0.03525	1.35675	0.01929	0.03525


Histograms
2Ns	FMut	FSub(CodonUsage)	FSubw(after w)

-6.74931	0.00233	0.00002
-6.07438	0.00000	0.00000
-5.39945	0.00109	0.00004
-4.72452	0.00591	0.00033
-4.04959	0.02677	0.00267
-3.37466	0.01722	0.00280
-2.69973	0.05904	0.01486
-2.02479	0.08695	0.03587
-1.34986	0.16569	0.10003
-0.67493	0.27076	0.24163
0.00000	0.16150	0.20350
0.67493	0.14096	0.24163
1.34986	0.04389	0.10003
2.02479	0.01257	0.03587
2.69973	0.00410	0.01486
3.37466	0.00065	0.00280
4.04959	0.00053	0.00267
4.72452	0.00006	0.00033
5.39945	0.00001	0.00004
6.07438	0.00000	0.00000
6.74931	0.00000	0.00002

Proportion of advantageous (S > 0) mutations:
 0.27721

Proportions of good & bad mutations (|S| > 2.0000) among mutations:
0.00926  0.14521

mean |Ns| = 1.15485	mean Ns+ = 0.71361	mean Ns- = -1.32408


MLEs of dN/dS (w) for site classes (K=4)

site class             0        1       2a       2b
proportion       0.84211  0.13686  0.01809  0.00294
background w     0.03832  1.00000  0.03832  1.00000
foreground w     0.03832  1.00000  1.00000  1.00000

Naive Empirical Bayes (NEB) probabilities for 4 classes
(amino acids refer to 1st sequence: Bacu)

   1 L   0.89163 0.08986 0.01658 0.00193 ( 1)
   2 I   0.94299 0.04236 0.01375 0.00091 ( 1)
   3 G   0.95638 0.03040 0.01256 0.00065 ( 1)
   4 T   0.96670 0.02145 0.01139 0.00046 ( 1)
   5 F   0.94160 0.04361 0.01385 0.00094 ( 1)
   6 R   0.95512 0.03152 0.01269 0.00068 ( 1)
   7 M   0.96273 0.02486 0.01188 0.00053 ( 1)
   8 V   0.92684 0.05709 0.01485 0.00123 ( 1)
   9 L   0.89163 0.08986 0.01658 0.00193 ( 1)
  10 Q   0.94488 0.04065 0.01360 0.00087 ( 1)
  11 K   0.02439 0.95472 0.00038 0.02050 ( 2)
  12 V   0.92672 0.05718 0.01487 0.00123 ( 1)
  13 V   0.92672 0.05718 0.01487 0.00123 ( 1)
  14 E   0.94121 0.04396 0.01388 0.00094 ( 1)
  15 E   0.94121 0.04396 0.01388 0.00094 ( 1)
  16 G   0.00821 0.97082 0.00013 0.02085 ( 2)
  17 H   0.08557 0.89434 0.00088 0.01921 ( 2)
  18 V   0.92672 0.05718 0.01487 0.00123 ( 1)
  19 E   0.94120 0.04397 0.01388 0.00094 ( 1)
  20 V   0.92672 0.05718 0.01487 0.00123 ( 1)
  21 T   0.96507 0.02265 0.01180 0.00049 ( 1)
  22 D   0.94519 0.04033 0.01362 0.00087 ( 1)
  23 M   0.96245 0.02504 0.01196 0.00054 ( 1)
  24 L   0.89144 0.09002 0.01661 0.00193 ( 1)
  25 I   0.92716 0.05746 0.01415 0.00123 ( 1)
  26 D   0.94511 0.04040 0.01362 0.00087 ( 1)
  27 D   0.94519 0.04033 0.01362 0.00087 ( 1)
  28 N   0.06073 0.90168 0.01823 0.01937 ( 2)
  29 N   0.00312 0.95340 0.02301 0.02048 ( 2)
  30 A   0.11516 0.83867 0.02815 0.01801 ( 2)
  31 I   0.03112 0.93701 0.01175 0.02012 ( 2)
  32 I   0.03133 0.93678 0.01176 0.02012 ( 2)
  33 Q   0.00005 0.97845 0.00049 0.02101 ( 2)
  34 E   0.94643 0.03956 0.01317 0.00085 ( 1)
  35 P   0.97441 0.01534 0.00992 0.00033 ( 1)
  36 A   0.96882 0.02000 0.01075 0.00043 ( 1)
  37 V   0.94244 0.04307 0.01357 0.00093 ( 1)
  38 L   0.89574 0.08611 0.01630 0.00185 ( 1)
  39 E   0.94687 0.03909 0.01320 0.00084 ( 1)
  40 M   0.96773 0.02083 0.01099 0.00045 ( 1)
  41 E   0.03300 0.94621 0.00046 0.02032 ( 2)
  42 N   0.51108 0.47189 0.00689 0.01013 ( 1)
  43 L   0.00238 0.97661 0.00004 0.02097 ( 2)
  44 D   0.95108 0.03533 0.01283 0.00076 ( 1)
  45 R   0.96067 0.02688 0.01187 0.00058 ( 1)
  46 L   0.89737 0.08449 0.01633 0.00181 ( 1)
  47 A   0.95704 0.03007 0.01224 0.00065 ( 1)
  48 I   0.02072 0.95837 0.00033 0.02058 ( 2)
  49 R   0.95303 0.03360 0.01264 0.00072 ( 1)
  50 L   0.89574 0.08611 0.01630 0.00185 ( 1)
  51 G   0.00299 0.97601 0.00003 0.02096 ( 2)
  52 D   0.94093 0.04442 0.01370 0.00095 ( 1)
  53 G   0.96159 0.02609 0.01177 0.00056 ( 1)
  54 L   0.28537 0.69456 0.00516 0.01492 ( 2)
  55 D   0.43356 0.54835 0.00631 0.01178 ( 2)
  56 P   0.92188 0.06181 0.01498 0.00133 ( 1)
  57 D   0.95103 0.03537 0.01284 0.00076 ( 1)
  58 S   0.95632 0.03076 0.01226 0.00066 ( 1)
  59 M   0.36939 0.61180 0.00567 0.01314 ( 2)
  60 S   0.92086 0.06305 0.01474 0.00135 ( 1)
  61 L   0.95820 0.02900 0.01218 0.00062 ( 1)
  62 A   0.94980 0.03647 0.01294 0.00078 ( 1)
  63 S   0.95610 0.03088 0.01236 0.00066 ( 1)
  64 V   0.96768 0.02088 0.01099 0.00045 ( 1)
  65 T   0.95191 0.03459 0.01276 0.00074 ( 1)
  66 A   0.94980 0.03647 0.01294 0.00078 ( 1)
  67 L   0.96092 0.02668 0.01182 0.00057 ( 1)
  68 T   0.97145 0.01770 0.01046 0.00038 ( 1)
  69 T   0.97145 0.01770 0.01046 0.00038 ( 1)
  70 N   0.97059 0.01843 0.01058 0.00040 ( 1)
  71 V   0.62541 0.35976 0.00711 0.00773 ( 1)
  72 S   0.95579 0.03117 0.01237 0.00067 ( 1)
  73 N   0.97049 0.01851 0.01061 0.00040 ( 1)
  74 K   0.93600 0.04890 0.01406 0.00105 ( 1)
  75 R   0.92975 0.05463 0.01444 0.00117 ( 1)
  76 S   0.95211 0.03445 0.01270 0.00074 ( 1)
  77 K   0.93194 0.05263 0.01429 0.00113 ( 1)
  78 P   0.93401 0.05075 0.01415 0.00109 ( 1)
  79 D   0.94709 0.03894 0.01313 0.00084 ( 1)
  80 I   0.92040 0.06321 0.01502 0.00136 ( 1)
  81 K   0.93194 0.05263 0.01429 0.00113 ( 1)
  82 M   0.96427 0.02385 0.01137 0.00051 ( 1)
  83 E   0.94283 0.04277 0.01349 0.00092 ( 1)
  84 P   0.93401 0.05075 0.01415 0.00109 ( 1)
  85 S   0.60124 0.38344 0.00708 0.00824 ( 1)
  86 A   0.95319 0.03351 0.01257 0.00072 ( 1)
  87 G   0.95744 0.02984 0.01208 0.00064 ( 1)
  88 R   0.94868 0.03756 0.01295 0.00081 ( 1)
  89 P   0.94407 0.04169 0.01334 0.00090 ( 1)
  90 M   0.96392 0.02419 0.01136 0.00052 ( 1)
  91 D   0.02736 0.95179 0.00041 0.02044 ( 2)
  92 Y   0.42557 0.55621 0.00628 0.01195 ( 2)
  93 Q   0.47162 0.51084 0.00657 0.01097 ( 2)
  94 V   0.96929 0.01965 0.01064 0.00042 ( 1)
  95 S   0.97911 0.01161 0.00904 0.00025 ( 1)
  96 V   0.04226 0.93709 0.00053 0.02013 ( 2)
  97 T   0.95892 0.02856 0.01191 0.00061 ( 1)
  98 V   0.93414 0.05068 0.01408 0.00109 ( 1)
  99 I   0.95026 0.03616 0.01280 0.00078 ( 1)
 100 E   0.94873 0.03755 0.01292 0.00081 ( 1)
 101 A   0.95381 0.03302 0.01247 0.00071 ( 1)
 102 R   0.95486 0.03212 0.01234 0.00069 ( 1)
 103 Q   0.95233 0.03435 0.01258 0.00074 ( 1)
 104 L   0.89714 0.08486 0.01618 0.00182 ( 1)
 105 V   0.93422 0.05061 0.01408 0.00109 ( 1)
 106 G   0.95862 0.02882 0.01195 0.00062 ( 1)
 107 L   0.96514 0.02318 0.01118 0.00050 ( 1)
 108 N   0.97206 0.01733 0.01024 0.00037 ( 1)
 109 M   0.44735 0.53442 0.00674 0.01148 ( 2)
 110 D   0.95292 0.03383 0.01253 0.00073 ( 1)
 111 P   0.95035 0.03611 0.01277 0.00078 ( 1)
 112 V   0.93414 0.05068 0.01408 0.00109 ( 1)
 113 V   0.94267 0.04368 0.01272 0.00094 ( 1)
 114 C   0.98103 0.01009 0.00867 0.00022 ( 1)
 115 V   0.93414 0.05068 0.01408 0.00109 ( 1)
 116 E   0.94873 0.03755 0.01292 0.00081 ( 1)
 117 V   0.93414 0.05068 0.01408 0.00109 ( 1)
 118 G   0.95862 0.02882 0.01195 0.00062 ( 1)
 119 D   0.95259 0.03415 0.01252 0.00073 ( 1)
 120 D   0.95292 0.03383 0.01253 0.00073 ( 1)
 121 K   0.93786 0.04731 0.01381 0.00102 ( 1)
 122 K   0.93790 0.04728 0.01380 0.00102 ( 1)
 123 F   0.03145 0.94776 0.00044 0.02035 ( 2)
 124 T   0.97233 0.01722 0.01009 0.00037 ( 1)
 125 S   0.95759 0.02972 0.01206 0.00064 ( 1)
 126 M   0.96934 0.01961 0.01063 0.00042 ( 1)
 127 K   0.93786 0.04731 0.01381 0.00102 ( 1)
 128 E   0.94873 0.03755 0.01292 0.00081 ( 1)
 129 S   0.95759 0.02972 0.01206 0.00064 ( 1)
 130 T   0.96531 0.02303 0.01116 0.00049 ( 1)
 131 N   0.97203 0.01735 0.01024 0.00037 ( 1)
 132 C   0.98114 0.01002 0.00863 0.00022 ( 1)
 133 P   0.95035 0.03611 0.01277 0.00078 ( 1)
 134 Y   0.94424 0.04156 0.01331 0.00089 ( 1)
 135 Y   0.94424 0.04156 0.01331 0.00089 ( 1)
 136 N   0.97207 0.01732 0.01024 0.00037 ( 1)
 137 E   0.94844 0.03776 0.01299 0.00081 ( 1)
 138 Y   0.91580 0.06532 0.01747 0.00140 ( 1)
 139 F   0.91915 0.06206 0.01745 0.00133 ( 1)
 140 V   0.94120 0.04117 0.01674 0.00088 ( 1)
 141 F   0.37589 0.60404 0.00710 0.01297 ( 2)
 142 D   0.92392 0.05756 0.01729 0.00124 ( 1)
 143 F   0.92030 0.06101 0.01738 0.00131 ( 1)
 144 H   0.96827 0.01635 0.01503 0.00035 ( 1)
 145 V   0.94032 0.04205 0.01673 0.00090 ( 1)
 146 S   0.37938 0.60072 0.00701 0.01290 ( 2)
 147 P   0.89834 0.08214 0.01776 0.00176 ( 1)
 148 D   0.37189 0.60807 0.00697 0.01306 ( 2)
 149 V   0.94120 0.04117 0.01674 0.00088 ( 1)
 150 M   0.94126 0.04112 0.01674 0.00088 ( 1)
 151 F   0.92030 0.06101 0.01738 0.00131 ( 1)
 152 D   0.92392 0.05756 0.01729 0.00124 ( 1)
 153 K   0.91015 0.07075 0.01758 0.00152 ( 1)
 154 I   0.92159 0.05979 0.01735 0.00128 ( 1)
 155 I   0.92159 0.05979 0.01735 0.00128 ( 1)
 156 K   0.91015 0.07075 0.01758 0.00152 ( 1)
 157 I   0.92159 0.05979 0.01735 0.00128 ( 1)
 158 S   0.94023 0.04209 0.01678 0.00090 ( 1)
 159 V   0.91586 0.06665 0.01607 0.00143 ( 1)
 160 I   0.90885 0.07321 0.01637 0.00157 ( 1)
 161 H   0.96700 0.02018 0.01239 0.00043 ( 1)
 162 S   0.93880 0.04537 0.01486 0.00097 ( 1)
 163 K   0.36811 0.61236 0.00637 0.01315 ( 2)
 164 N   0.95491 0.03078 0.01365 0.00066 ( 1)
 165 L   0.88409 0.09665 0.01718 0.00208 ( 1)
 166 L   0.88409 0.09665 0.01718 0.00208 ( 1)
 167 R   0.94257 0.04171 0.01483 0.00090 ( 1)
 168 S   0.94996 0.03483 0.01447 0.00075 ( 1)
 169 G   0.93767 0.04602 0.01533 0.00099 ( 1)
 170 T   0.95359 0.03143 0.01430 0.00068 ( 1)
 171 L   0.88282 0.09771 0.01737 0.00210 ( 1)
 172 V   0.91391 0.06819 0.01644 0.00146 ( 1)
 173 G   0.93801 0.04568 0.01534 0.00098 ( 1)
 174 S   0.93660 0.04700 0.01539 0.00101 ( 1)
 175 F   0.92801 0.05497 0.01584 0.00118 ( 1)
 176 K   0.93262 0.05076 0.01552 0.00109 ( 1)
 177 M   0.94951 0.03517 0.01456 0.00076 ( 1)
 178 D   0.93179 0.05145 0.01565 0.00111 ( 1)
 179 V   0.91391 0.06819 0.01644 0.00146 ( 1)
 180 G   0.94282 0.04127 0.01502 0.00089 ( 1)
 181 T   0.95383 0.03127 0.01423 0.00067 ( 1)
 182 V   0.91391 0.06819 0.01644 0.00146 ( 1)
 183 Y   0.92329 0.05938 0.01605 0.00128 ( 1)
 184 S   0.93762 0.04613 0.01526 0.00099 ( 1)
 185 Q   0.93144 0.05176 0.01568 0.00111 ( 1)
 186 P   0.95793 0.02761 0.01387 0.00059 ( 1)
 187 E   0.91628 0.06510 0.01722 0.00140 ( 1)
 188 H   0.97486 0.01471 0.01011 0.00032 ( 1)
 189 Q   0.94267 0.04271 0.01369 0.00092 ( 1)
 190 F   0.93957 0.04555 0.01390 0.00098 ( 1)
 191 H   0.97502 0.01462 0.01005 0.00031 ( 1)
 192 H   0.97509 0.01455 0.01005 0.00031 ( 1)
 193 K   0.92836 0.05577 0.01467 0.00120 ( 1)
 194 W   0.92798 0.05606 0.01476 0.00120 ( 1)
 195 A   0.95064 0.03550 0.01310 0.00076 ( 1)
 196 I   0.94266 0.04261 0.01382 0.00092 ( 1)
 197 L   0.89095 0.09051 0.01660 0.00194 ( 1)
 198 S   0.56180 0.42202 0.00711 0.00906 ( 1)
 199 D   0.45968 0.52247 0.00663 0.01122 ( 2)
 200 P   0.94206 0.04330 0.01371 0.00093 ( 1)
 201 D   0.47702 0.50554 0.00657 0.01086 ( 2)
 202 D   0.94524 0.04045 0.01344 0.00087 ( 1)
 203 I   0.94274 0.04270 0.01364 0.00092 ( 1)
 204 S   0.42218 0.41811 0.15073 0.00898 ( 1)
 205 A   0.97785 0.01225 0.00964 0.00026 ( 1)
 206 G   0.95835 0.02867 0.01237 0.00062 ( 1)
 207 L   0.89287 0.08867 0.01656 0.00190 ( 1)
 208 K   0.02024 0.75336 0.21022 0.01618 ( 2)
 209 G   0.95467 0.03215 0.01249 0.00069 ( 1)
 210 Y   0.37344 0.47270 0.14372 0.01015 ( 2)
 211 V   0.22448 0.60219 0.16040 0.01293 ( 2)
 212 K   0.93396 0.05078 0.01417 0.00109 ( 1)
 213 C   0.97199 0.01679 0.01086 0.00036 ( 1)
 214 D   0.94581 0.03972 0.01361 0.00085 ( 1)
 215 V   0.00162 0.97736 0.00002 0.02099 ( 2)
 216 A   0.95296 0.03337 0.01295 0.00072 ( 1)
 217 V   0.92839 0.05561 0.01481 0.00119 ( 1)
 218 M   0.40044 0.58070 0.00639 0.01247 ( 2)
 219 G   0.95291 0.03341 0.01296 0.00072 ( 1)
 220 K   0.93205 0.05225 0.01458 0.00112 ( 1)
 221 G   0.95780 0.02907 0.01251 0.00062 ( 1)
 222 D   0.94714 0.03856 0.01347 0.00083 ( 1)
 223 N   0.96642 0.02170 0.01141 0.00047 ( 1)
 224 I   0.94466 0.04079 0.01367 0.00088 ( 1)
 225 K   0.93205 0.05225 0.01458 0.00112 ( 1)
 226 T   0.00152 0.97747 0.00002 0.02099 ( 2)
 227 P   0.94453 0.04091 0.01368 0.00088 ( 1)
 228 H   0.97749 0.01242 0.00983 0.00027 ( 1)
 229 K   0.93205 0.05225 0.01458 0.00112 ( 1)
 230 A   0.95318 0.03317 0.01294 0.00071 ( 1)
 231 N   0.96719 0.02099 0.01137 0.00045 ( 1)
 232 E   0.94290 0.04238 0.01381 0.00091 ( 1)
 233 T   0.95313 0.03324 0.01292 0.00071 ( 1)
 234 D   0.03060 0.94858 0.00045 0.02037 ( 2)
 235 E   0.94290 0.04238 0.01381 0.00091 ( 1)
 236 D   0.02929 0.94988 0.00043 0.02040 ( 2)
 237 D   0.94714 0.03856 0.01347 0.00083 ( 1)
 238 I   0.92054 0.06284 0.01527 0.00135 ( 1)
 239 E   0.94290 0.04238 0.01381 0.00091 ( 1)
 240 G   0.95138 0.03419 0.01370 0.00073 ( 1)
 241 N   0.96615 0.02160 0.01179 0.00046 ( 1)
 242 L   0.95988 0.02724 0.01229 0.00059 ( 1)
 243 L   0.89334 0.08821 0.01655 0.00189 ( 1)
 244 L   0.95729 0.02951 0.01256 0.00063 ( 1)
 245 P   0.94343 0.04175 0.01392 0.00090 ( 1)
 246 E   0.02938 0.93963 0.01081 0.02018 ( 2)
 247 G   0.95720 0.02957 0.01260 0.00064 ( 1)
 248 V   0.92854 0.05545 0.01482 0.00119 ( 1)
 249 P   0.94440 0.04095 0.01376 0.00088 ( 1)
 250 P   0.03607 0.94318 0.00049 0.02026 ( 2)
 251 E   0.94332 0.04197 0.01380 0.00090 ( 1)
 252 R   0.95683 0.02991 0.01261 0.00064 ( 1)
 253 Q   0.94669 0.03894 0.01353 0.00084 ( 1)
 254 W   0.93101 0.05318 0.01467 0.00114 ( 1)
 255 A   0.95333 0.03301 0.01295 0.00071 ( 1)
 256 R   0.94926 0.03664 0.01332 0.00079 ( 1)
 257 F   0.94343 0.04187 0.01379 0.00090 ( 1)
 258 Y   0.93782 0.04692 0.01425 0.00101 ( 1)
 259 V   0.92854 0.05545 0.01482 0.00119 ( 1)
 260 K   0.93221 0.05208 0.01459 0.00112 ( 1)
 261 I   0.37669 0.60409 0.00625 0.01297 ( 2)
 262 Y   0.93854 0.04630 0.01416 0.00099 ( 1)
 263 R   0.97749 0.01535 0.00682 0.00033 ( 1)
 264 A   0.96604 0.02191 0.01158 0.00047 ( 1)
 265 E   0.94305 0.04222 0.01382 0.00091 ( 1)
 266 G   0.95688 0.02978 0.01270 0.00064 ( 1)
 267 L   0.89298 0.08855 0.01657 0.00190 ( 1)
 268 P   0.94491 0.04052 0.01370 0.00087 ( 1)
 269 R   0.54207 0.44130 0.00714 0.00948 ( 1)
 270 M   0.96431 0.02340 0.01179 0.00050 ( 1)
 271 N   0.96718 0.02094 0.01143 0.00045 ( 1)
 272 T   0.94916 0.03676 0.01329 0.00079 ( 1)
 273 S   0.70373 0.28275 0.00745 0.00607 ( 1)
 274 L   0.95659 0.03011 0.01265 0.00065 ( 1)
 275 M   0.96431 0.02340 0.01179 0.00050 ( 1)
 276 A   0.95333 0.03301 0.01295 0.00071 ( 1)
 277 N   0.96718 0.02094 0.01143 0.00045 ( 1)
 278 M   0.96431 0.02340 0.01179 0.00050 ( 1)
 279 K   0.93221 0.05208 0.01459 0.00112 ( 1)
 280 K   0.93258 0.05171 0.01460 0.00111 ( 1)
 281 A   0.94819 0.03773 0.01328 0.00081 ( 1)
 282 F   0.94343 0.04187 0.01379 0.00090 ( 1)
 283 I   0.92826 0.05557 0.01498 0.00119 ( 1)
 284 G   0.97554 0.01396 0.01020 0.00030 ( 1)
 285 E   0.94305 0.04222 0.01382 0.00091 ( 1)
 286 N   0.63154 0.35341 0.00746 0.00759 ( 1)
 287 K   0.93221 0.05208 0.01459 0.00112 ( 1)
 288 D   0.94729 0.03840 0.01348 0.00082 ( 1)
 289 L   0.89298 0.08855 0.01657 0.00190 ( 1)
 290 V   0.04113 0.61898 0.32659 0.01329 ( 2)
 291 D   0.94553 0.03969 0.01393 0.00085 ( 1)
 292 P   0.94292 0.04205 0.01413 0.00090 ( 1)
 293 Y   0.93679 0.04762 0.01456 0.00102 ( 1)
 294 V   0.92686 0.05675 0.01517 0.00122 ( 1)
 295 Q   0.96365 0.02370 0.01214 0.00051 ( 1)
 296 V   0.96191 0.02521 0.01234 0.00054 ( 1)
 297 F   0.94008 0.04476 0.01420 0.00096 ( 1)
 298 F   0.91263 0.06987 0.01600 0.00150 ( 1)
 299 A   0.94820 0.03716 0.01385 0.00080 ( 1)
 300 G   0.94822 0.03712 0.01387 0.00080 ( 1)
 301 Q   0.94174 0.04298 0.01436 0.00092 ( 1)
 302 K   0.92736 0.05618 0.01526 0.00121 ( 1)
 303 G   0.95648 0.03068 0.01218 0.00066 ( 1)
 304 K   0.93697 0.04799 0.01401 0.00103 ( 1)
 305 T   0.96415 0.02379 0.01155 0.00051 ( 1)
 306 S   0.92558 0.05853 0.01463 0.00126 ( 1)
 307 V   0.93346 0.05121 0.01423 0.00110 ( 1)
 308 Q   0.95144 0.03499 0.01282 0.00075 ( 1)
 309 K   0.95316 0.03345 0.01267 0.00072 ( 1)
 310 S   0.97840 0.01200 0.00934 0.00026 ( 1)
 311 S   0.97840 0.01200 0.00934 0.00026 ( 1)
 312 Y   0.94137 0.04401 0.01368 0.00095 ( 1)
 313 E   0.94782 0.03821 0.01314 0.00082 ( 1)
 314 P   0.94414 0.04160 0.01337 0.00089 ( 1)
 315 L   0.89649 0.08539 0.01628 0.00183 ( 1)
 316 W   0.93576 0.04909 0.01409 0.00105 ( 1)
 317 N   0.97724 0.01292 0.00957 0.00028 ( 1)
 318 E   0.94782 0.03821 0.01314 0.00082 ( 1)
 319 Q   0.95154 0.03489 0.01282 0.00075 ( 1)
 320 V   0.93783 0.04728 0.01387 0.00102 ( 1)
 321 V   0.63085 0.35431 0.00723 0.00761 ( 1)
 322 F   0.92157 0.06208 0.01501 0.00133 ( 1)
 323 T   0.95276 0.03381 0.01269 0.00073 ( 1)
 324 D   0.95202 0.03447 0.01277 0.00074 ( 1)
 325 L   0.89649 0.08539 0.01628 0.00183 ( 1)
 326 F   0.94726 0.03873 0.01318 0.00083 ( 1)
 327 P   0.94869 0.03740 0.01311 0.00080 ( 1)
 328 P   0.97380 0.01543 0.01043 0.00033 ( 1)
 329 L   0.96179 0.02590 0.01175 0.00056 ( 1)
 330 C   0.98046 0.01038 0.00894 0.00022 ( 1)
 331 K   0.93697 0.04799 0.01401 0.00103 ( 1)
 332 R   0.96135 0.02628 0.01180 0.00056 ( 1)
 333 M   0.63579 0.34954 0.00716 0.00751 ( 1)
 334 K   0.94144 0.04435 0.01326 0.00095 ( 1)
 335 V   0.94312 0.04242 0.01355 0.00091 ( 1)
 336 Q   0.95144 0.03499 0.01282 0.00075 ( 1)
 337 I   0.94958 0.03665 0.01299 0.00079 ( 1)
 338 R   0.95377 0.03289 0.01263 0.00071 ( 1)
 339 D   0.95202 0.03447 0.01277 0.00074 ( 1)
 340 S   0.91856 0.06486 0.01519 0.00139 ( 1)
 341 D   0.95202 0.03447 0.01277 0.00074 ( 1)
 342 K   0.93697 0.04799 0.01401 0.00103 ( 1)
 343 V   0.96827 0.02035 0.01094 0.00044 ( 1)
 344 N   0.97124 0.01785 0.01053 0.00038 ( 1)
 345 D   0.95199 0.03450 0.01277 0.00074 ( 1)
 346 V   0.40805 0.57339 0.00624 0.01231 ( 2)
 347 A   0.46636 0.37117 0.15450 0.00797 ( 1)
 348 I   0.94946 0.03677 0.01299 0.00079 ( 1)
 349 G   0.95766 0.02948 0.01222 0.00063 ( 1)
 350 T   0.97213 0.01709 0.01041 0.00037 ( 1)
 351 H   0.98085 0.01007 0.00887 0.00022 ( 1)
 352 F   0.94814 0.03792 0.01313 0.00081 ( 1)
 353 I   0.92615 0.05781 0.01481 0.00124 ( 1)
 354 D   0.95195 0.03453 0.01279 0.00074 ( 1)
 355 L   0.25206 0.61727 0.11741 0.01326 ( 2)
 356 R   0.96157 0.02605 0.01183 0.00056 ( 1)
 357 K   0.93690 0.04805 0.01402 0.00103 ( 1)
 358 I   0.40752 0.57364 0.00652 0.01232 ( 2)
 359 S   0.95662 0.03040 0.01232 0.00065 ( 1)
 360 N   0.97120 0.01787 0.01055 0.00038 ( 1)
 361 D   0.49551 0.48733 0.00669 0.01047 ( 1)
 362 G   0.95643 0.03053 0.01238 0.00066 ( 1)
 363 D   0.95130 0.03506 0.01288 0.00075 ( 1)
 364 K   0.95330 0.03329 0.01269 0.00071 ( 1)
 365 G   0.95502 0.03157 0.01274 0.00068 ( 1)
 366 F   0.94720 0.03873 0.01325 0.00083 ( 1)
 367 L   0.89683 0.08512 0.01622 0.00183 ( 1)
 368 P   0.94844 0.03762 0.01314 0.00081 ( 1)
 369 T   0.95722 0.02983 0.01231 0.00064 ( 1)
 370 L   0.89585 0.08596 0.01634 0.00185 ( 1)
 371 G   0.95691 0.03009 0.01235 0.00065 ( 1)
 372 P   0.94859 0.03746 0.01314 0.00080 ( 1)
 373 A   0.05065 0.92882 0.00058 0.01995 ( 2)
 374 W   0.93490 0.04982 0.01421 0.00107 ( 1)
 375 V   0.93240 0.05209 0.01438 0.00112 ( 1)
 376 N   0.97052 0.01838 0.01071 0.00039 ( 1)
 377 M   0.96778 0.02069 0.01108 0.00044 ( 1)
 378 Y   0.94052 0.04472 0.01380 0.00096 ( 1)
 379 G   0.95691 0.03009 0.01235 0.00065 ( 1)
 380 S   0.95588 0.03100 0.01246 0.00067 ( 1)
 381 T   0.95317 0.03337 0.01275 0.00072 ( 1)
 382 R   0.96053 0.02692 0.01197 0.00058 ( 1)
 383 N   0.97052 0.01838 0.01071 0.00039 ( 1)
 384 Y   0.94247 0.04295 0.01365 0.00092 ( 1)
 385 T   0.95728 0.02977 0.01231 0.00064 ( 1)
 386 L   0.89585 0.08596 0.01634 0.00185 ( 1)
 387 L   0.89919 0.08295 0.01608 0.00178 ( 1)
 388 D   0.95070 0.03550 0.01303 0.00076 ( 1)
 389 E   0.94696 0.03892 0.01328 0.00084 ( 1)
 390 H   0.98031 0.01042 0.00904 0.00022 ( 1)
 391 Q   0.95059 0.03568 0.01296 0.00077 ( 1)
 392 D   0.42698 0.41265 0.15150 0.00886 ( 1)
 393 L   0.89585 0.08597 0.01634 0.00185 ( 1)
 394 N   0.97286 0.01626 0.01054 0.00035 ( 1)
 395 E   0.03396 0.94526 0.00047 0.02030 ( 2)
 396 G   0.95716 0.02992 0.01228 0.00064 ( 1)
 397 L   0.89603 0.08582 0.01631 0.00184 ( 1)
 398 G   0.96119 0.02625 0.01200 0.00056 ( 1)
 399 E   0.94637 0.03935 0.01343 0.00085 ( 1)
 400 G   0.95627 0.03056 0.01251 0.00066 ( 1)
 401 V   0.93119 0.05305 0.01462 0.00114 ( 1)
 402 S   0.96841 0.01987 0.01129 0.00043 ( 1)
 403 F   0.94610 0.03951 0.01354 0.00085 ( 1)
 404 R   0.95919 0.02790 0.01230 0.00060 ( 1)
 405 A   0.95577 0.03091 0.01266 0.00066 ( 1)
 406 R   0.95776 0.02888 0.01273 0.00062 ( 1)
 407 L   0.95822 0.02849 0.01268 0.00061 ( 1)
 408 M   0.96513 0.02247 0.01192 0.00048 ( 1)
 409 L   0.89381 0.08768 0.01663 0.00188 ( 1)
 410 G   0.95408 0.03214 0.01309 0.00069 ( 1)
 411 L   0.89381 0.08768 0.01663 0.00188 ( 1)
 412 A   0.97812 0.01115 0.01049 0.00024 ( 1)
 413 V   0.37814 0.60269 0.00622 0.01294 ( 2)
 414 E   0.94135 0.04337 0.01435 0.00093 ( 1)
 415 I   0.94311 0.04177 0.01422 0.00090 ( 1)
 416 L   0.89151 0.08978 0.01679 0.00193 ( 1)
 417 D   0.94509 0.04002 0.01403 0.00086 ( 1)
 418 T   0.54889 0.43438 0.00740 0.00933 ( 1)
 419 S   0.94988 0.03571 0.01365 0.00077 ( 1)
 420 N   0.51216 0.31337 0.16775 0.00673 ( 1)
 421 P   0.91634 0.06646 0.01577 0.00143 ( 1)
 422 E   0.94086 0.04386 0.01434 0.00094 ( 1)
 423 L   0.95505 0.03110 0.01318 0.00067 ( 1)
 424 T   0.96610 0.02144 0.01200 0.00046 ( 1)
 425 S   0.97283 0.01576 0.01106 0.00034 ( 1)
 426 S   0.94967 0.03591 0.01364 0.00077 ( 1)
 427 T   0.95026 0.03531 0.01367 0.00076 ( 1)
 428 E   0.02910 0.93902 0.01171 0.02017 ( 2)
 429 V   0.92340 0.05950 0.01583 0.00128 ( 1)
 430 Q   0.94127 0.04297 0.01483 0.00092 ( 1)
 431 V   0.92331 0.05956 0.01584 0.00128 ( 1)
 432 E   0.93777 0.04616 0.01508 0.00099 ( 1)
 433 Q   0.04052 0.93870 0.00062 0.02016 ( 2)
 434 A   0.94749 0.03729 0.01441 0.00080 ( 1)
 435 T   0.45190 0.52960 0.00712 0.01137 ( 2)
 436 P   0.93687 0.04709 0.01503 0.00101 ( 1)
 437 V   0.95647 0.02922 0.01368 0.00063 ( 1)
 438 S   0.94156 0.04257 0.01496 0.00091 ( 1)
 439 E   0.93201 0.05129 0.01561 0.00110 ( 1)
 440 S   0.97253 0.01689 0.01022 0.00036 ( 1)
 441 C   0.97524 0.01461 0.00984 0.00031 ( 1)
 442 V   0.92571 0.05833 0.01471 0.00125 ( 1)
 443 G   0.95538 0.03156 0.01239 0.00068 ( 1)
 444 K   0.94626 0.03963 0.01325 0.00085 ( 1)
 445 M   0.96181 0.02594 0.01169 0.00056 ( 1)
 446 E   0.94038 0.04494 0.01371 0.00097 ( 1)
 447 E   0.94038 0.04494 0.01371 0.00097 ( 1)
 448 F   0.94048 0.04486 0.01370 0.00096 ( 1)
 449 F   0.91428 0.06886 0.01539 0.00148 ( 1)
 450 L   0.95205 0.03450 0.01271 0.00074 ( 1)
 451 F   0.91428 0.06886 0.01539 0.00148 ( 1)
 452 G   0.94966 0.03662 0.01293 0.00079 ( 1)
 453 A   0.95051 0.03587 0.01285 0.00077 ( 1)
 454 L   0.94789 0.03826 0.01303 0.00082 ( 1)
 455 L   0.89076 0.09079 0.01650 0.00195 ( 1)
 456 E   0.94008 0.04522 0.01373 0.00097 ( 1)
 457 A   0.95051 0.03587 0.01285 0.00077 ( 1)
 458 S   0.91140 0.07152 0.01554 0.00154 ( 1)
 459 M   0.96181 0.02594 0.01169 0.00056 ( 1)
 460 I   0.94138 0.04400 0.01367 0.00095 ( 1)
 461 D   0.94410 0.04156 0.01345 0.00089 ( 1)
 462 R   0.94637 0.03956 0.01322 0.00085 ( 1)
 463 K   0.94642 0.03952 0.01322 0.00085 ( 1)
 464 N   0.96993 0.01915 0.01050 0.00041 ( 1)
 465 G   0.94966 0.03662 0.01293 0.00079 ( 1)
 466 D   0.94436 0.04136 0.01339 0.00089 ( 1)
 467 K   0.92923 0.05509 0.01450 0.00118 ( 1)
 468 P   0.94173 0.04373 0.01360 0.00094 ( 1)
 469 I   0.94187 0.04361 0.01359 0.00094 ( 1)
 470 T   0.58850 0.39564 0.00736 0.00850 ( 1)
 471 F   0.91428 0.06886 0.01539 0.00148 ( 1)
 472 E   0.94008 0.04522 0.01373 0.00097 ( 1)
 473 V   0.96176 0.02598 0.01170 0.00056 ( 1)
 474 T   0.95890 0.02845 0.01203 0.00061 ( 1)
 475 I   0.98887 0.00430 0.00674 0.00009 ( 1)
 476 G   0.94957 0.03658 0.01306 0.00079 ( 1)
 477 N   0.97149 0.01769 0.01044 0.00038 ( 1)
 478 Y   0.94165 0.04380 0.01361 0.00094 ( 1)
 479 G   0.96282 0.02506 0.01158 0.00054 ( 1)
 480 N   0.97190 0.01741 0.01031 0.00037 ( 1)
 481 E   0.94841 0.03774 0.01305 0.00081 ( 1)
 482 V   0.97000 0.01875 0.01084 0.00040 ( 1)
 483 D   0.94206 0.04342 0.01358 0.00093 ( 1)
 484 G   0.95888 0.02838 0.01213 0.00061 ( 1)
 485 L   0.89669 0.08523 0.01625 0.00183 ( 1)
 486 S   0.97289 0.01653 0.01022 0.00036 ( 1)
 487 R   0.94320 0.04209 0.01380 0.00090 ( 1)
 488 P   0.94973 0.03656 0.01293 0.00079 ( 1)
 489 Q   0.43331 0.40784 0.15010 0.00876 ( 1)
 490 R   0.95486 0.03212 0.01234 0.00069 ( 1)
 491 P   0.36874 0.61221 0.00590 0.01315 ( 2)
 492 R   0.50482 0.47805 0.00686 0.01027 ( 1)
 493 P   0.92366 0.06027 0.01478 0.00129 ( 1)
 494 R   0.52301 0.46034 0.00676 0.00989 ( 1)
 495 P   0.92366 0.06027 0.01478 0.00129 ( 1)
