90
Bacu_CASQ1         0.0000000 0.0376262 0.0377477 0.0000010 0.0124296 0.0134532 0.0112380 0.0125607 0.0162136 0.0113256 0.0668306 0.0445928 0.0383184 0.0582966 0.0198527 0.0388224 0.0412541 0.0414073 0.0394811 0.0427989 0.0203319 0.0684870 0.0178324 0.0162136 0.0189596 0.0446642 0.0357974 0.0416174 0.0423638 0.0409554 0.0529828 0.0505350 0.0393620 0.0417186 0.0406011 0.0541387 0.0435950 0.0418895 0.0437974 0.0434146 0.0392477 0.0392037 0.0383184 0.0390625 0.0308477 0.0418496 0.0462062 0.0442034 0.0444778 0.0513318 0.0540634 0.0510457 0.0476567 0.0474331 0.0429844 0.0397402 0.0441692 0.0461710 0.0438261 0.0403429 0.0365923 0.0584187 0.0385749 0.0412256 0.0449772 0.0688909 0.0360354 0.0336676 0.0416140 0.0412385 0.0336270 0.0453121 0.0355051 0.0376798 0.0310934 0.0390633 0.0394811 0.0442443 0.0357974 0.0368030 0.0424688 0.0505435 0.0442443 0.0386016 0.0477969 0.0386016 0.0710340 0.0409191 0.0410304 0.0570012 
Barn_CASQ1         0.0376262 0.0000000 0.0000010 0.0376262 0.0338056 0.0338056 0.0335086 0.0379212 0.0377291 0.0335086 0.0822769 0.0428936 0.0428936 0.0745700 0.0423468 0.0521807 0.0521807 0.0521807 0.0521807 0.0389117 0.0386697 0.0730948 0.0377291 0.0377291 0.0466061 0.0534988 0.0477480 0.0534988 0.0534988 0.0000010 0.0342203 0.0000010 0.0481609 0.0246588 0.0246588 0.0478585 0.0570958 0.0428936 0.0428936 0.0567182 0.0618397 0.0428936 0.0428936 0.0428936 0.0336408 0.0000010 0.0000010 0.0000010 0.0041458 0.0210317 0.0167043 0.0000010 0.0040358 0.0000010 0.0082683 0.0389117 0.0000010 0.0000010 0.0000010 0.0541360 0.0409965 0.0745028 0.0433558 0.0433558 0.0525469 0.0824354 0.0292571 0.0204940 0.0489562 0.0425207 0.0338666 0.0534988 0.0204940 0.0383555 0.0338666 0.0364718 0.0521807 0.0521807 0.0477480 0.0477480 0.0573435 0.0719035 0.0521807 0.0521807 0.0521807 0.0521807 0.0802821 0.0534025 0.0000010 0.0041920 
Bbai76728_CASQ1    0.0377477 0.0000010 0.0000000 0.0377477 0.0314499 0.0343962 0.0314611 0.0347585 0.0382363 0.0334682 0.0750351 0.0418824 0.0374389 0.0652199 0.0412822 0.0447216 0.0454606 0.0488513 0.0454606 0.0392671 0.0426903 0.0675678 0.0404556 0.0382363 0.0412464 0.0499146 0.0412212 0.0456130 0.0463144 0.0035036 0.0411953 0.0000010 0.0482207 0.0307292 0.0250553 0.0489845 0.0485369 0.0418824 0.0410659 0.0482925 0.0525573 0.0385765 0.0374389 0.0383468 0.0283448 0.0000010 0.0032258 0.0000010 0.0100470 0.0201143 0.0166677 0.0000010 0.0035164 0.0064758 0.0067200 0.0355724 0.0035184 0.0064924 0.0000010 0.0467034 0.0369786 0.0651775 0.0377499 0.0388805 0.0456940 0.0715272 0.0290553 0.0284586 0.0420443 0.0472332 0.0303178 0.0504097 0.0272705 0.0381935 0.0318373 0.0318090 0.0454606 0.0494019 0.0412212 0.0421568 0.0492179 0.0719035 0.0494019 0.0447216 0.0494019 0.0447216 0.0801767 0.0445519 0.0000010 0.0063099 
BbonAUS_CASQ1      0.0000010 0.0376262 0.0377477 0.0000000 0.0124296 0.0134532 0.0112380 0.0141064 0.0170582 0.0118745 0.0750351 0.0488121 0.0434934 0.0658115 0.0198527 0.0446223 0.0445869 0.0475262 0.0445869 0.0449568 0.0204692 0.0744822 0.0179390 0.0170582 0.0198374 0.0513138 0.0406769 0.0473320 0.0478778 0.0431711 0.0543539 0.0505350 0.0422493 0.0441213 0.0430584 0.0545035 0.0473339 0.0476755 0.0478597 0.0471179 0.0442836 0.0442265 0.0434934 0.0444536 0.0347345 0.0418496 0.0462062 0.0465976 0.0444778 0.0539829 0.0568369 0.0510457 0.0476567 0.0474331 0.0454339 0.0415129 0.0465592 0.0461710 0.0438261 0.0456987 0.0368147 0.0657721 0.0438315 0.0445536 0.0508165 0.0776930 0.0362713 0.0379419 0.0473288 0.0416652 0.0338318 0.0516798 0.0375371 0.0379157 0.0350478 0.0393393 0.0445869 0.0481005 0.0406769 0.0415617 0.0480155 0.0505435 0.0481005 0.0438660 0.0481005 0.0438660 0.0773292 0.0472320 0.0430858 0.0570012 
Bbor_CASQ1         0.0124296 0.0338056 0.0314499 0.0124296 0.0000000 0.0000010 0.0000010 0.0030845 0.0062220 0.0000010 0.0621455 0.0345247 0.0304818 0.0553785 0.0061971 0.0301454 0.0322705 0.0335716 0.0322705 0.0325653 0.0067344 0.0606245 0.0065756 0.0062220 0.0093035 0.0376256 0.0272833 0.0344389 0.0357607 0.0371988 0.0418774 0.0420182 0.0336374 0.0349164 0.0332084 0.0412242 0.0344397 0.0347273 0.0337897 0.0342774 0.0320433 0.0320007 0.0304818 0.0312175 0.0254155 0.0393652 0.0410649 0.0410344 0.0388772 0.0495681 0.0527863 0.0380933 0.0415045 0.0423043 0.0393122 0.0289657 0.0409974 0.0410310 0.0383130 0.0331293 0.0222441 0.0520449 0.0307263 0.0322444 0.0389859 0.0616006 0.0256783 0.0288620 0.0344342 0.0304984 0.0270789 0.0388671 0.0276877 0.0241255 0.0287860 0.0278510 0.0322705 0.0350492 0.0272833 0.0289924 0.0358662 0.0551736 0.0350492 0.0307527 0.0350492 0.0307527 0.0676012 0.0364559 0.0375959 0.0529634 
Bede66737_CASQ1    0.0134532 0.0338056 0.0343962 0.0134532 0.0000010 0.0000000 0.0000010 0.0033359 0.0067344 0.0000010 0.0675381 0.0345247 0.0332456 0.0601735 0.0067052 0.0332213 0.0350492 0.0335716 0.0350492 0.0353967 0.0067344 0.0660841 0.0035482 0.0067344 0.0100675 0.0376256 0.0297786 0.0376256 0.0388671 0.0371988 0.0458086 0.0420182 0.0336374 0.0349164 0.0332084 0.0412242 0.0376267 0.0347273 0.0328630 0.0374304 0.0347782 0.0347273 0.0332456 0.0332456 0.0275636 0.0393652 0.0410344 0.0410344 0.0386386 0.0503451 0.0538624 0.0380933 0.0415045 0.0423895 0.0393122 0.0314503 0.0409974 0.0409974 0.0383130 0.0360708 0.0241255 0.0565494 0.0335402 0.0350184 0.0423674 0.0668871 0.0256783 0.0276877 0.0376206 0.0304984 0.0295330 0.0388671 0.0276877 0.0241255 0.0312385 0.0308632 0.0350492 0.0350492 0.0297786 0.0314842 0.0389938 0.0551736 0.0350492 0.0335716 0.0350492 0.0335716 0.0696421 0.0404849 0.0410344 0.0540583 
BedeAUS_CASQ1      0.0112380 0.0335086 0.0314611 0.0112380 0.0000010 0.0000010 0.0000000 0.0027903 0.0056241 0.0000010 0.0626628 0.0344871 0.0307610 0.0534712 0.0084185 0.0305408 0.0323807 0.0335675 0.0323807 0.0326505 0.0067344 0.0616236 0.0059116 0.0056241 0.0084121 0.0372141 0.0278586 0.0343553 0.0355646 0.0365425 0.0411665 0.0420182 0.0336241 0.0312048 0.0294996 0.0404550 0.0343560 0.0346160 0.0338244 0.0342093 0.0321725 0.0321333 0.0307610 0.0314334 0.0229309 0.0384322 0.0400751 0.0399674 0.0381445 0.0476811 0.0505857 0.0380933 0.0403551 0.0411666 0.0384570 0.0293639 0.0399354 0.0400454 0.0375825 0.0331657 0.0242814 0.0534405 0.0309850 0.0323568 0.0385071 0.0653906 0.0228213 0.0260179 0.0343510 0.0310484 0.0276687 0.0383600 0.0247640 0.0249995 0.0291975 0.0284508 0.0323807 0.0349055 0.0278586 0.0293889 0.0356602 0.0505435 0.0349055 0.0310091 0.0349055 0.0310091 0.0645340 0.0361424 0.0369489 0.0507416 
Bmus_CASQ1         0.0125607 0.0379212 0.0347585 0.0141064 0.0030845 0.0033359 0.0027903 0.0000000 0.0080562 0.0028116 0.0568039 0.0348361 0.0299537 0.0501763 0.0112734 0.0296870 0.0328312 0.0323464 0.0314247 0.0346008 0.0100868 0.0600772 0.0088558 0.0080562 0.0107691 0.0355286 0.0273814 0.0331177 0.0342488 0.0379795 0.0439442 0.0420182 0.0354606 0.0326056 0.0310576 0.0437424 0.0346846 0.0333407 0.0342202 0.0345472 0.0312454 0.0312117 0.0299537 0.0305317 0.0230168 0.0421276 0.0433353 0.0412438 0.0415022 0.0485494 0.0513169 0.0380933 0.0442442 0.0445059 0.0398711 0.0316314 0.0412121 0.0433026 0.0408892 0.0320996 0.0272756 0.0502820 0.0301460 0.0328086 0.0368661 0.0607965 0.0260385 0.0257691 0.0331139 0.0361339 0.0306936 0.0366211 0.0264772 0.0280813 0.0285977 0.0319449 0.0314247 0.0351981 0.0273814 0.0287642 0.0343301 0.0583553 0.0351981 0.0301667 0.0380150 0.0301667 0.0626630 0.0346083 0.0382661 0.0541318 
Bmys_CASQ1         0.0162136 0.0377291 0.0382363 0.0170582 0.0062220 0.0067344 0.0056241 0.0080562 0.0000000 0.0028026 0.0634892 0.0382429 0.0319611 0.0569697 0.0142011 0.0318723 0.0355736 0.0347020 0.0339305 0.0374037 0.0000010 0.0647150 0.0029226 0.0000010 0.0135610 0.0381335 0.0292309 0.0353700 0.0369937 0.0378351 0.0440816 0.0504339 0.0396764 0.0292147 0.0308486 0.0434189 0.0371622 0.0361697 0.0368625 0.0370028 0.0337198 0.0336802 0.0319611 0.0326201 0.0274695 0.0460629 0.0431728 0.0410857 0.0413421 0.0483690 0.0511264 0.0444663 0.0440462 0.0443349 0.0435797 0.0341711 0.0410543 0.0431404 0.0444006 0.0347208 0.0275270 0.0570983 0.0321820 0.0355471 0.0398126 0.0683810 0.0258556 0.0244095 0.0353660 0.0357276 0.0304893 0.0397740 0.0231325 0.0283467 0.0308633 0.0316991 0.0339305 0.0383663 0.0292309 0.0310586 0.0370896 0.0578258 0.0383663 0.0322056 0.0383663 0.0322056 0.0674770 0.0373138 0.0381308 0.0577844 
Bphy_CASQ1         0.0113256 0.0335086 0.0334682 0.0118745 0.0000010 0.0000010 0.0000010 0.0028116 0.0028026 0.0000000 0.0598761 0.0329989 0.0292886 0.0539064 0.0088957 0.0289342 0.0310091 0.0318193 0.0295120 0.0264948 0.0035482 0.0621447 0.0059116 0.0028026 0.0084783 0.0352612 0.0265154 0.0326851 0.0326851 0.0346621 0.0411665 0.0420182 0.0340168 0.0279858 0.0280004 0.0404550 0.0343560 0.0315571 0.0338244 0.0342093 0.0293239 0.0292886 0.0292886 0.0298974 0.0231128 0.0410214 0.0400751 0.0379073 0.0381445 0.0453307 0.0481069 0.0380933 0.0403551 0.0411666 0.0388288 0.0264948 0.0378788 0.0400454 0.0399674 0.0302260 0.0224166 0.0538752 0.0294902 0.0309850 0.0356401 0.0659203 0.0228213 0.0230521 0.0326810 0.0310484 0.0276687 0.0352612 0.0215930 0.0231165 0.0263442 0.0284508 0.0295120 0.0335675 0.0265154 0.0265154 0.0327719 0.0505435 0.0335675 0.0295120 0.0335675 0.0295120 0.0618502 0.0342418 0.0351815 0.0539925 
Btau_CASQ1         0.0668306 0.0822769 0.0750351 0.0750351 0.0621455 0.0675381 0.0626628 0.0568039 0.0634892 0.0598761 0.0000000 0.0540989 0.0495965 0.0283595 0.0720851 0.0510283 0.0496006 0.0536303 0.0474721 0.0531955 0.0722938 0.0563970 0.0696091 0.0634892 0.0624600 0.0569780 0.0527816 0.0530767 0.0503983 0.0743955 0.0459160 0.0662576 0.0635797 0.0618638 0.0541450 0.0680253 0.0556031 0.0503554 0.0565572 0.0553612 0.0532269 0.0471284 0.0495965 0.0505627 0.0557760 0.0751853 0.0724298 0.0711129 0.0752350 0.0771522 0.0797506 0.0628567 0.0872389 0.0757518 0.0824819 0.0500722 0.0747076 0.0759302 0.0740605 0.0539875 0.0520446 0.0231392 0.0555601 0.0551385 0.0529904 0.0177792 0.0644508 0.0538481 0.0587244 0.0609702 0.0591547 0.0539035 0.0587430 0.0535917 0.0498200 0.0572178 0.0474721 0.0531927 0.0527816 0.0501342 0.0505280 0.0632678 0.0531927 0.0499808 0.0574472 0.0499808 0.0535472 0.0506345 0.0659250 0.0877044 
Ccom40_CASQ1       0.0445928 0.0428936 0.0418824 0.0488121 0.0345247 0.0345247 0.0344871 0.0348361 0.0382429 0.0329989 0.0540989 0.0000000 0.0000010 0.0510260 0.0453098 0.0064189 0.0060474 0.0064189 0.0060474 0.0155647 0.0387028 0.0593521 0.0363013 0.0382429 0.0452666 0.0097010 0.0096461 0.0097010 0.0091355 0.0446563 0.0401361 0.0594328 0.0227249 0.0348959 0.0288635 0.0140648 0.0097008 0.0000010 0.0000010 0.0096627 0.0122362 0.0000010 0.0000010 0.0000010 0.0153894 0.0474515 0.0408533 0.0408533 0.0503219 0.0260228 0.0508174 0.0460024 0.0448498 0.0447378 0.0465702 0.0123102 0.0448675 0.0448675 0.0418824 0.0188261 0.0103064 0.0511559 0.0064197 0.0060481 0.0060735 0.0573044 0.0105646 0.0287320 0.0129581 0.0146362 0.0175503 0.0091355 0.0312503 0.0097996 0.0151831 0.0124433 0.0060474 0.0060474 0.0096461 0.0090869 0.0091573 0.0081885 0.0060474 0.0064189 0.0065486 0.0064189 0.0714943 0.0037584 0.0408533 0.0442014 
Chea7320_CASQ1     0.0383184 0.0428936 0.0374389 0.0434934 0.0304818 0.0332456 0.0307610 0.0299537 0.0319611 0.0292886 0.0495965 0.0000010 0.0000000 0.0439478 0.0403706 0.0056757 0.0054806 0.0056051 0.0052457 0.0106520 0.0365662 0.0538892 0.0368335 0.0319611 0.0383923 0.0084627 0.0078801 0.0079164 0.0079164 0.0416608 0.0405503 0.0594328 0.0161216 0.0281542 0.0280820 0.0127676 0.0082731 0.0000010 0.0029615 0.0082456 0.0105964 0.0000010 0.0000010 0.0000010 0.0105971 0.0455204 0.0405733 0.0383890 0.0486612 0.0267595 0.0463924 0.0446218 0.0448498 0.0438305 0.0431282 0.0106520 0.0418297 0.0439371 0.0405052 0.0162454 0.0092223 0.0440447 0.0052462 0.0054812 0.0052653 0.0493830 0.0095888 0.0243695 0.0132339 0.0146362 0.0147811 0.0084627 0.0249088 0.0094973 0.0131618 0.0101890 0.0052457 0.0058737 0.0078801 0.0078801 0.0079327 0.0066220 0.0058737 0.0052457 0.0063460 0.0052457 0.0616046 0.0029872 0.0355939 0.0547449 
Chir_CASQ1         0.0582966 0.0745700 0.0652199 0.0658115 0.0553785 0.0601735 0.0534712 0.0501763 0.0569697 0.0539064 0.0283595 0.0510260 0.0439478 0.0000000 0.0628441 0.0508867 0.0524724 0.0534837 0.0502175 0.0537574 0.0676613 0.0483099 0.0629471 0.0569697 0.0537241 0.0568228 0.0526468 0.0529405 0.0531657 0.0615733 0.0403177 0.0677862 0.0553791 0.0550503 0.0476127 0.0610569 0.0554552 0.0476410 0.0501147 0.0552135 0.0560085 0.0445786 0.0439478 0.0448027 0.0474635 0.0647252 0.0664216 0.0649242 0.0718048 0.0712908 0.0701315 0.0704398 0.0801573 0.0681170 0.0721533 0.0505901 0.0648671 0.0663643 0.0643591 0.0568114 0.0552364 0.0049986 0.0498609 0.0524818 0.0504289 0.0255558 0.0574972 0.0450525 0.0585763 0.0619244 0.0589893 0.0568724 0.0485994 0.0568824 0.0525489 0.0534787 0.0502175 0.0562831 0.0526468 0.0528841 0.0533046 0.0571641 0.0562831 0.0498521 0.0607929 0.0498521 0.0477338 0.0473213 0.0601539 0.0780105 
Cmar59905_CASQ1    0.0198527 0.0423468 0.0412822 0.0198527 0.0061971 0.0067052 0.0084185 0.0112734 0.0142011 0.0088957 0.0720851 0.0453098 0.0403706 0.0628441 0.0000000 0.0411672 0.0415960 0.0441086 0.0415960 0.0419423 0.0136067 0.0714124 0.0149330 0.0142011 0.0169885 0.0478719 0.0375244 0.0441573 0.0448683 0.0469643 0.0511467 0.0513531 0.0425267 0.0409549 0.0397305 0.0510854 0.0373711 0.0444823 0.0444265 0.0439601 0.0413163 0.0412636 0.0403706 0.0412620 0.0318217 0.0458228 0.0497457 0.0504333 0.0481153 0.0577176 0.0605771 0.0450673 0.0518989 0.0510639 0.0494584 0.0385293 0.0503904 0.0497068 0.0474044 0.0426286 0.0337243 0.0628068 0.0406803 0.0415650 0.0478158 0.0747687 0.0329509 0.0350066 0.0441538 0.0420019 0.0372568 0.0484320 0.0343897 0.0347323 0.0383096 0.0395549 0.0415960 0.0448741 0.0375244 0.0385716 0.0449956 0.0662097 0.0448741 0.0407123 0.0448741 0.0407123 0.0742838 0.0475023 0.0465938 0.0607481 
Dcap108471_CASQ1   0.0388224 0.0521807 0.0447216 0.0446223 0.0301454 0.0332213 0.0305408 0.0296870 0.0318723 0.0289342 0.0510283 0.0064189 0.0056757 0.0508867 0.0411672 0.0000000 0.0000010 0.0000010 0.0000010 0.0174765 0.0369558 0.0586774 0.0372490 0.0318723 0.0389467 0.0030359 0.0028125 0.0028262 0.0028262 0.0496575 0.0436902 0.0695888 0.0231146 0.0382505 0.0344499 0.0139262 0.0029630 0.0060989 0.0089735 0.0029527 0.0056763 0.0056757 0.0056757 0.0057894 0.0173778 0.0556761 0.0482215 0.0460274 0.0500433 0.0326658 0.0545510 0.0548551 0.0529428 0.0518395 0.0509023 0.0174765 0.0498827 0.0519779 0.0488513 0.0177528 0.0102029 0.0510082 0.0056324 0.0059042 0.0056545 0.0567798 0.0178182 0.0326210 0.0056617 0.0197906 0.0162901 0.0030359 0.0345990 0.0105408 0.0143437 0.0152225 0.0000010 0.0000010 0.0028125 0.0028125 0.0028323 0.0000010 0.0000010 0.0000010 0.0000010 0.0000010 0.0679354 0.0000010 0.0423438 0.0508353 
Dcap79929_CASQ1    0.0412541 0.0521807 0.0454606 0.0445869 0.0322705 0.0350492 0.0323807 0.0328312 0.0355736 0.0310091 0.0496006 0.0060474 0.0054806 0.0524724 0.0415960 0.0000010 0.0000000 0.0000010 0.0000010 0.0188513 0.0388727 0.0627501 0.0371374 0.0355736 0.0415622 0.0029243 0.0027159 0.0027288 0.0025940 0.0512592 0.0467639 0.0695888 0.0243862 0.0384281 0.0365544 0.0126539 0.0027287 0.0055606 0.0089735 0.0027199 0.0052080 0.0052075 0.0054806 0.0055866 0.0186669 0.0541894 0.0472694 0.0477610 0.0491054 0.0347251 0.0559166 0.0519322 0.0529428 0.0505758 0.0543536 0.0160000 0.0514835 0.0506994 0.0483246 0.0162303 0.0087701 0.0525878 0.0054403 0.0051711 0.0051897 0.0579043 0.0161542 0.0331644 0.0082153 0.0197906 0.0148882 0.0027691 0.0350672 0.0090185 0.0131488 0.0137151 0.0000010 0.0000010 0.0027159 0.0025824 0.0025991 0.0000010 0.0000010 0.0000010 0.0000010 0.0000010 0.0711656 0.0000010 0.0440679 0.0619764 
DdelSJR_CASQ1      0.0414073 0.0521807 0.0488513 0.0475262 0.0335716 0.0335716 0.0335675 0.0323464 0.0347020 0.0318193 0.0536303 0.0064189 0.0056051 0.0534837 0.0441086 0.0000010 0.0000010 0.0000000 0.0000010 0.0172558 0.0369257 0.0646154 0.0365904 0.0347020 0.0417541 0.0027911 0.0027778 0.0027911 0.0027911 0.0485532 0.0503819 0.0695888 0.0203885 0.0347605 0.0346711 0.0126539 0.0029242 0.0056051 0.0064189 0.0029141 0.0056056 0.0056051 0.0056051 0.0056051 0.0171596 0.0537402 0.0477610 0.0452417 0.0497792 0.0323583 0.0540439 0.0519322 0.0529428 0.0513474 0.0509023 0.0172558 0.0487537 0.0514835 0.0477610 0.0175250 0.0100517 0.0536102 0.0055629 0.0058272 0.0055844 0.0593246 0.0161542 0.0291386 0.0084020 0.0197906 0.0160600 0.0027911 0.0314547 0.0095692 0.0141647 0.0149718 0.0000010 0.0000010 0.0027778 0.0027778 0.0027970 0.0000010 0.0000010 0.0000010 0.0000010 0.0000010 0.0671213 0.0000010 0.0452417 0.0641612 
Ddeltrop4525_CASQ1 0.0394811 0.0521807 0.0454606 0.0445869 0.0322705 0.0350492 0.0323807 0.0314247 0.0339305 0.0295120 0.0474721 0.0060474 0.0052457 0.0502175 0.0415960 0.0000010 0.0000010 0.0000010 0.0000000 0.0180561 0.0388727 0.0599692 0.0371374 0.0339305 0.0396396 0.0027911 0.0026012 0.0026129 0.0024885 0.0485532 0.0467639 0.0695888 0.0229515 0.0365191 0.0346711 0.0126539 0.0027287 0.0053197 0.0089735 0.0027199 0.0049954 0.0049949 0.0052457 0.0053427 0.0178869 0.0541894 0.0472694 0.0452417 0.0491054 0.0330214 0.0530748 0.0519322 0.0529428 0.0505758 0.0513147 0.0153315 0.0487537 0.0506994 0.0483246 0.0155425 0.0087701 0.0503234 0.0052087 0.0051711 0.0049785 0.0554254 0.0161542 0.0317318 0.0078633 0.0197906 0.0148882 0.0026496 0.0333316 0.0090185 0.0126067 0.0137151 0.0000010 0.0000010 0.0026012 0.0024779 0.0024932 0.0000010 0.0000010 0.0000010 0.0000010 0.0000010 0.0680339 0.0000010 0.0419148 0.0619764 
Dleu_CASQ1         0.0427989 0.0389117 0.0392671 0.0449568 0.0325653 0.0353967 0.0326505 0.0346008 0.0374037 0.0264948 0.0531955 0.0155647 0.0106520 0.0537574 0.0419423 0.0174765 0.0188513 0.0172558 0.0180561 0.0000000 0.0433402 0.0637949 0.0374260 0.0374037 0.0372838 0.0202668 0.0134094 0.0189235 0.0207587 0.0386877 0.0411695 0.0518759 0.0234742 0.0340545 0.0285334 0.0196458 0.0197988 0.0136427 0.0152172 0.0197273 0.0234411 0.0127883 0.0106520 0.0108523 0.0155429 0.0473825 0.0376724 0.0353969 0.0457080 0.0301403 0.0459248 0.0452899 0.0414030 0.0409441 0.0448320 0.0025024 0.0388451 0.0410445 0.0422046 0.0184294 0.0119092 0.0538723 0.0107130 0.0134241 0.0181249 0.0590393 0.0097403 0.0295188 0.0189203 0.0149969 0.0150002 0.0221698 0.0308182 0.0122531 0.0153671 0.0103610 0.0180561 0.0201840 0.0134094 0.0154508 0.0208039 0.0205670 0.0201840 0.0161199 0.0217723 0.0161199 0.0685051 0.0153520 0.0328046 0.0559286 
EausAUS_CASQ1      0.0203319 0.0386697 0.0426903 0.0204692 0.0067344 0.0067344 0.0067344 0.0100868 0.0000010 0.0035482 0.0722938 0.0387028 0.0365662 0.0676613 0.0136067 0.0369558 0.0388727 0.0369257 0.0388727 0.0433402 0.0000000 0.0736385 0.0000010 0.0000010 0.0170223 0.0409643 0.0331688 0.0409643 0.0427462 0.0409423 0.0492807 0.0504339 0.0435096 0.0342562 0.0365238 0.0445046 0.0409658 0.0385079 0.0365560 0.0407511 0.0385656 0.0385079 0.0365662 0.0365662 0.0345939 0.0479867 0.0447839 0.0447839 0.0425269 0.0542375 0.0577225 0.0444663 0.0456766 0.0462425 0.0479343 0.0392174 0.0447428 0.0447428 0.0459117 0.0400206 0.0278119 0.0642438 0.0368915 0.0388383 0.0462590 0.0743333 0.0290588 0.0270813 0.0409597 0.0360048 0.0328947 0.0427462 0.0270813 0.0278119 0.0349987 0.0348496 0.0388727 0.0388727 0.0331688 0.0352797 0.0428891 0.0644181 0.0388727 0.0369257 0.0388727 0.0369257 0.0771686 0.0444246 0.0447839 0.0627055 
Ecab_CASQ1         0.0684870 0.0730948 0.0675678 0.0744822 0.0606245 0.0660841 0.0616236 0.0600772 0.0647150 0.0621447 0.0563970 0.0593521 0.0538892 0.0483099 0.0714124 0.0586774 0.0627501 0.0646154 0.0599692 0.0637949 0.0736385 0.0000000 0.0717599 0.0647150 0.0650177 0.0681530 0.0629588 0.0633334 0.0630713 0.0673944 0.0412799 0.0807523 0.0660008 0.0602775 0.0525673 0.0705233 0.0664472 0.0579191 0.0582495 0.0661334 0.0660364 0.0540741 0.0538892 0.0549745 0.0571063 0.0671585 0.0722850 0.0708946 0.0780890 0.0772497 0.0799803 0.0665802 0.0836604 0.0741805 0.0749435 0.0604281 0.0708276 0.0722182 0.0702511 0.0670183 0.0599753 0.0484136 0.0600871 0.0627624 0.0602356 0.0532529 0.0667871 0.0518837 0.0691503 0.0704181 0.0675116 0.0676255 0.0533709 0.0654940 0.0622922 0.0670110 0.0599692 0.0674762 0.0629588 0.0627162 0.0632493 0.0727827 0.0674762 0.0600755 0.0696872 0.0600755 0.0473186 0.0623950 0.0654750 0.0846753 
Egla13086_CASQ1    0.0178324 0.0377291 0.0404556 0.0179390 0.0065756 0.0035482 0.0059116 0.0088558 0.0029226 0.0059116 0.0696091 0.0363013 0.0368335 0.0629471 0.0149330 0.0372490 0.0371374 0.0365904 0.0371374 0.0374260 0.0000010 0.0717599 0.0000000 0.0029226 0.0149209 0.0402250 0.0339877 0.0405193 0.0405193 0.0398873 0.0475380 0.0504339 0.0404528 0.0325710 0.0324845 0.0434189 0.0405205 0.0362692 0.0404910 0.0403429 0.0368816 0.0368335 0.0368335 0.0376374 0.0302628 0.0447730 0.0465404 0.0433177 0.0448072 0.0544017 0.0572811 0.0444663 0.0440462 0.0477860 0.0449803 0.0374260 0.0432824 0.0465045 0.0433177 0.0380921 0.0287692 0.0631030 0.0371086 0.0371086 0.0436037 0.0754966 0.0258556 0.0301760 0.0405154 0.0357276 0.0337511 0.0402250 0.0257618 0.0261893 0.0337511 0.0354767 0.0371374 0.0365904 0.0339877 0.0339877 0.0406366 0.0578258 0.0365904 0.0371374 0.0365904 0.0371374 0.0713853 0.0432591 0.0433926 0.0611467 
Ejap43864_CASQ1    0.0162136 0.0377291 0.0382363 0.0170582 0.0062220 0.0067344 0.0056241 0.0080562 0.0000010 0.0028026 0.0634892 0.0382429 0.0319611 0.0569697 0.0142011 0.0318723 0.0355736 0.0347020 0.0339305 0.0374037 0.0000010 0.0647150 0.0029226 0.0000000 0.0135610 0.0381335 0.0292309 0.0353700 0.0369937 0.0378351 0.0440816 0.0504339 0.0396764 0.0292147 0.0308486 0.0434189 0.0371622 0.0361697 0.0368625 0.0370028 0.0337198 0.0336802 0.0319611 0.0326201 0.0274695 0.0460629 0.0431728 0.0410857 0.0413421 0.0483690 0.0511264 0.0444663 0.0440462 0.0443349 0.0435797 0.0341711 0.0410543 0.0431404 0.0444006 0.0347208 0.0275270 0.0570983 0.0321820 0.0355471 0.0398126 0.0683810 0.0258556 0.0244095 0.0353660 0.0357276 0.0304893 0.0397740 0.0231325 0.0283467 0.0308633 0.0316991 0.0339305 0.0383663 0.0292309 0.0310586 0.0370896 0.0578258 0.0383663 0.0322056 0.0383663 0.0322056 0.0674770 0.0373138 0.0381308 0.0577844 
Erob133443_CASQ1   0.0189596 0.0466061 0.0412464 0.0198374 0.0093035 0.0100675 0.0084121 0.0107691 0.0135610 0.0084783 0.0624600 0.0452666 0.0383923 0.0537241 0.0169885 0.0389467 0.0415622 0.0417541 0.0396396 0.0372838 0.0170223 0.0650177 0.0149209 0.0135610 0.0000000 0.0452976 0.0356698 0.0419585 0.0427445 0.0444914 0.0511020 0.0505350 0.0356036 0.0389210 0.0376623 0.0510378 0.0441208 0.0422545 0.0443850 0.0439223 0.0393874 0.0393399 0.0383923 0.0391973 0.0303631 0.0493615 0.0497036 0.0477748 0.0480732 0.0548103 0.0575455 0.0445335 0.0518464 0.0510197 0.0467208 0.0340635 0.0477368 0.0496647 0.0473635 0.0405733 0.0336961 0.0536948 0.0386697 0.0415312 0.0455571 0.0650538 0.0329213 0.0333900 0.0419549 0.0363241 0.0372252 0.0459657 0.0326927 0.0347023 0.0365221 0.0320613 0.0396396 0.0448347 0.0356698 0.0367586 0.0428588 0.0579265 0.0448347 0.0386986 0.0448347 0.0386986 0.0677906 0.0377246 0.0443151 0.0606953 
Fatt_CASQ1         0.0446642 0.0534988 0.0499146 0.0513138 0.0376256 0.0376256 0.0372141 0.0355286 0.0381335 0.0352612 0.0569780 0.0097010 0.0084627 0.0568228 0.0478719 0.0030359 0.0029243 0.0027911 0.0027911 0.0202668 0.0409643 0.0681530 0.0402250 0.0381335 0.0452976 0.0000000 0.0055914 0.0000010 0.0000010 0.0494603 0.0539104 0.0731226 0.0247018 0.0381948 0.0380963 0.0159318 0.0058886 0.0084627 0.0097010 0.0058678 0.0084636 0.0084627 0.0084627 0.0084627 0.0201529 0.0549320 0.0487029 0.0460878 0.0508028 0.0323583 0.0549089 0.0539038 0.0540998 0.0523607 0.0509023 0.0202668 0.0496685 0.0525021 0.0487029 0.0205876 0.0135080 0.0569577 0.0083980 0.0088007 0.0084308 0.0626865 0.0195315 0.0322682 0.0055718 0.0250255 0.0194160 0.0000010 0.0348511 0.0128542 0.0171096 0.0188765 0.0027911 0.0029243 0.0055914 0.0055914 0.0056309 0.0065794 0.0029243 0.0027911 0.0031583 0.0027911 0.0706307 0.0032121 0.0460878 0.0655511 
Ggri_CASQ1         0.0357974 0.0477480 0.0412212 0.0406769 0.0272833 0.0297786 0.0278586 0.0273814 0.0292309 0.0265154 0.0527816 0.0096461 0.0078801 0.0526468 0.0375244 0.0028125 0.0027159 0.0027778 0.0026012 0.0134094 0.0331688 0.0629588 0.0339877 0.0292309 0.0356698 0.0055914 0.0000000 0.0052337 0.0052337 0.0452587 0.0437897 0.0607991 0.0162651 0.0315484 0.0314671 0.0094708 0.0054674 0.0084211 0.0119841 0.0054496 0.0078808 0.0078801 0.0078801 0.0080261 0.0133397 0.0498314 0.0440643 0.0419520 0.0457727 0.0299719 0.0499011 0.0519322 0.0490905 0.0473611 0.0471928 0.0134094 0.0454448 0.0474771 0.0442873 0.0136023 0.0061796 0.0527629 0.0025996 0.0027141 0.0078525 0.0580918 0.0128948 0.0272752 0.0052326 0.0147936 0.0118872 0.0055914 0.0282597 0.0063648 0.0105779 0.0102634 0.0026012 0.0029096 0.0000010 0.0000010 0.0052443 0.0000010 0.0029096 0.0026012 0.0031413 0.0026012 0.0626831 0.0029635 0.0388699 0.0587143 
Gmac39091_CASQ1    0.0416174 0.0534988 0.0456130 0.0473320 0.0344389 0.0376256 0.0343553 0.0331177 0.0353700 0.0326851 0.0530767 0.0097010 0.0079164 0.0529405 0.0441573 0.0028262 0.0027288 0.0027911 0.0026129 0.0189235 0.0409643 0.0633334 0.0405193 0.0353700 0.0419585 0.0000010 0.0052337 0.0000000 0.0000010 0.0494603 0.0500121 0.0731226 0.0247018 0.0381948 0.0380963 0.0159318 0.0054935 0.0084627 0.0120481 0.0054755 0.0079172 0.0079164 0.0079164 0.0080638 0.0188242 0.0549320 0.0481288 0.0460878 0.0500333 0.0330214 0.0538573 0.0539038 0.0540998 0.0514960 0.0509023 0.0189235 0.0496685 0.0516240 0.0487029 0.0192018 0.0124762 0.0530579 0.0078599 0.0082115 0.0078886 0.0584198 0.0195315 0.0329848 0.0052165 0.0250255 0.0179886 0.0000010 0.0348511 0.0128542 0.0159923 0.0172784 0.0026129 0.0029243 0.0052337 0.0052337 0.0052682 0.0065794 0.0029243 0.0026129 0.0031583 0.0026129 0.0688335 0.0029787 0.0426414 0.0634565 
Gmel_CASQ1         0.0423638 0.0534988 0.0463144 0.0478778 0.0357607 0.0388671 0.0355646 0.0342488 0.0369937 0.0326851 0.0503983 0.0091355 0.0079164 0.0531657 0.0448683 0.0028262 0.0025940 0.0027911 0.0024885 0.0207587 0.0427462 0.0630713 0.0405193 0.0369937 0.0427445 0.0000010 0.0052337 0.0000010 0.0000000 0.0494603 0.0500121 0.0731226 0.0270174 0.0398337 0.0380963 0.0159318 0.0054935 0.0080292 0.0120481 0.0054755 0.0075365 0.0075358 0.0079164 0.0080638 0.0205627 0.0553175 0.0481288 0.0460878 0.0500333 0.0330214 0.0538573 0.0539038 0.0540998 0.0514960 0.0513147 0.0179925 0.0496685 0.0516240 0.0492235 0.0182433 0.0117731 0.0532782 0.0078599 0.0078028 0.0075106 0.0583926 0.0195315 0.0345815 0.0052165 0.0250255 0.0179886 0.0000010 0.0366118 0.0121092 0.0152161 0.0172784 0.0024885 0.0027691 0.0052337 0.0049841 0.0050154 0.0065794 0.0027691 0.0026129 0.0029783 0.0026129 0.0711633 0.0029787 0.0426414 0.0631321 
Hamp_CASQ1         0.0409554 0.0000010 0.0035036 0.0431711 0.0371988 0.0371988 0.0365425 0.0379795 0.0378351 0.0346621 0.0743955 0.0446563 0.0416608 0.0615733 0.0469643 0.0496575 0.0512592 0.0485532 0.0485532 0.0386877 0.0409423 0.0673944 0.0398873 0.0378351 0.0444914 0.0494603 0.0452587 0.0494603 0.0494603 0.0000000 0.0412353 0.0000010 0.0474833 0.0312107 0.0246967 0.0513874 0.0550982 0.0416608 0.0446563 0.0548150 0.0556613 0.0416608 0.0416608 0.0416608 0.0347395 0.0000010 0.0031820 0.0030244 0.0065837 0.0188164 0.0155968 0.0000010 0.0070520 0.0032895 0.0102014 0.0386877 0.0030226 0.0031800 0.0031820 0.0498828 0.0425378 0.0615339 0.0419926 0.0443333 0.0488035 0.0745002 0.0331438 0.0247740 0.0494574 0.0472332 0.0368225 0.0494603 0.0247740 0.0403775 0.0349139 0.0394631 0.0485532 0.0512592 0.0452587 0.0452587 0.0523331 0.0650971 0.0512592 0.0485532 0.0512592 0.0485532 0.0692970 0.0492100 0.0030244 0.0173172 
Hippo_CASQ1        0.0529828 0.0342203 0.0411953 0.0543539 0.0418774 0.0458086 0.0411665 0.0439442 0.0440816 0.0411665 0.0459160 0.0401361 0.0405503 0.0403177 0.0511467 0.0436902 0.0467639 0.0503819 0.0467639 0.0411695 0.0492807 0.0412799 0.0475380 0.0440816 0.0511020 0.0539104 0.0437897 0.0500121 0.0500121 0.0412353 0.0000000 0.0333553 0.0460578 0.0443490 0.0370801 0.0443880 0.0500141 0.0436556 0.0403801 0.0497989 0.0531571 0.0405503 0.0405503 0.0413843 0.0409334 0.0383578 0.0445293 0.0447937 0.0490948 0.0525514 0.0555278 0.0384897 0.0490466 0.0457635 0.0501268 0.0411695 0.0447556 0.0444944 0.0447937 0.0479136 0.0391271 0.0404112 0.0408405 0.0408405 0.0469805 0.0457095 0.0408323 0.0378436 0.0500096 0.0355785 0.0412632 0.0539104 0.0372077 0.0403742 0.0411754 0.0405523 0.0467639 0.0503819 0.0437897 0.0437897 0.0501549 0.0432333 0.0503819 0.0467639 0.0512671 0.0467639 0.0440706 0.0505538 0.0412959 0.0595497 
Hpla9120_CASQ1     0.0505350 0.0000010 0.0000010 0.0505350 0.0420182 0.0420182 0.0420182 0.0420182 0.0504339 0.0420182 0.0662576 0.0594328 0.0594328 0.0677862 0.0513531 0.0695888 0.0695888 0.0695888 0.0695888 0.0518759 0.0504339 0.0807523 0.0504339 0.0504339 0.0505350 0.0731226 0.0607991 0.0731226 0.0731226 0.0000010 0.0333553 0.0000000 0.0612421 0.0324903 0.0324903 0.0607991 0.0797519 0.0594328 0.0594328 0.0786097 0.0894424 0.0594328 0.0594328 0.0594328 0.0508899 0.0000010 0.0000010 0.0000010 0.0000010 0.0438829 0.0346677 0.0000010 0.0080967 0.0000010 0.0169977 0.0518759 0.0000010 0.0000010 0.0000010 0.0419589 0.0419589 0.0677862 0.0607991 0.0607991 0.0793498 0.0739738 0.0419589 0.0242710 0.0639098 0.0519445 0.0419589 0.0731226 0.0242710 0.0419589 0.0419589 0.0419589 0.0695888 0.0695888 0.0607991 0.0607991 0.0805189 0.0803682 0.0695888 0.0695888 0.0695888 0.0695888 0.0771508 0.0695888 0.0000010 0.0080933 
Igeo_CASQ1         0.0393620 0.0481609 0.0482207 0.0422493 0.0336374 0.0336374 0.0336241 0.0354606 0.0396764 0.0340168 0.0635797 0.0227249 0.0161216 0.0553791 0.0425267 0.0231146 0.0243862 0.0203885 0.0229515 0.0234742 0.0435096 0.0660008 0.0404528 0.0396764 0.0356036 0.0247018 0.0162651 0.0247018 0.0270174 0.0474833 0.0460578 0.0612421 0.0000000 0.0355822 0.0378435 0.0217799 0.0263721 0.0189180 0.0196239 0.0262197 0.0310508 0.0189180 0.0161216 0.0161216 0.0151954 0.0469282 0.0508528 0.0474833 0.0511619 0.0393845 0.0627023 0.0522022 0.0586449 0.0508528 0.0405960 0.0192812 0.0474833 0.0508528 0.0469282 0.0112616 0.0127142 0.0555534 0.0162651 0.0202685 0.0269751 0.0627883 0.0129694 0.0314232 0.0246964 0.0148416 0.0127949 0.0270174 0.0314232 0.0119513 0.0150371 0.0127949 0.0229515 0.0243862 0.0162651 0.0190787 0.0271080 0.0276654 0.0243862 0.0203885 0.0243862 0.0203885 0.0642809 0.0203885 0.0474833 0.0646947 
Kbre_CASQ1         0.0417186 0.0246588 0.0307292 0.0441213 0.0349164 0.0349164 0.0312048 0.0326056 0.0292147 0.0279858 0.0618638 0.0348959 0.0281542 0.0550503 0.0409549 0.0382505 0.0384281 0.0347605 0.0365191 0.0340545 0.0342562 0.0602775 0.0325710 0.0292147 0.0389210 0.0381948 0.0315484 0.0381948 0.0398337 0.0312107 0.0443490 0.0324903 0.0355822 0.0000000 0.0060408 0.0367381 0.0402920 0.0301443 0.0327939 0.0401021 0.0430740 0.0301443 0.0281542 0.0281542 0.0235575 0.0312591 0.0295408 0.0280388 0.0376233 0.0353497 0.0383646 0.0374325 0.0326128 0.0329365 0.0331180 0.0306136 0.0313323 0.0330214 0.0312628 0.0374398 0.0298175 0.0551841 0.0283603 0.0319438 0.0366911 0.0610506 0.0193845 0.0085935 0.0381906 0.0357696 0.0330164 0.0398337 0.0085935 0.0283990 0.0331993 0.0308784 0.0365191 0.0384281 0.0315484 0.0334273 0.0399466 0.0494983 0.0384281 0.0347605 0.0384281 0.0347605 0.0654879 0.0370438 0.0280388 0.0475140 
Ksim_CASQ1         0.0406011 0.0246588 0.0250553 0.0430584 0.0332084 0.0332084 0.0294996 0.0310576 0.0308486 0.0280004 0.0541450 0.0288635 0.0280820 0.0476127 0.0397305 0.0344499 0.0365544 0.0346711 0.0346711 0.0285334 0.0365238 0.0525673 0.0324845 0.0308486 0.0376623 0.0380963 0.0314671 0.0380963 0.0380963 0.0246967 0.0370801 0.0324903 0.0378435 0.0060408 0.0000000 0.0366384 0.0401826 0.0280820 0.0288635 0.0399938 0.0414517 0.0280820 0.0280820 0.0280820 0.0215238 0.0254051 0.0227108 0.0215680 0.0304218 0.0285932 0.0316129 0.0308680 0.0288119 0.0260457 0.0277305 0.0285334 0.0247911 0.0261124 0.0227108 0.0355757 0.0275291 0.0477337 0.0282870 0.0298208 0.0348396 0.0538771 0.0193326 0.0090649 0.0380921 0.0355894 0.0329275 0.0380963 0.0090649 0.0261703 0.0312462 0.0307811 0.0346711 0.0365544 0.0314671 0.0314671 0.0382072 0.0572911 0.0365544 0.0346711 0.0365544 0.0346711 0.0547822 0.0369324 0.0215680 0.0388772 
Lacu_CASQ1         0.0541387 0.0478585 0.0489845 0.0545035 0.0412242 0.0412242 0.0404550 0.0437424 0.0434189 0.0404550 0.0680253 0.0140648 0.0127676 0.0610569 0.0510854 0.0139262 0.0126539 0.0126539 0.0126539 0.0196458 0.0445046 0.0705233 0.0434189 0.0434189 0.0510378 0.0159318 0.0094708 0.0159318 0.0159318 0.0513874 0.0443880 0.0607991 0.0217799 0.0367381 0.0366384 0.0000000 0.0159316 0.0127676 0.0140648 0.0158680 0.0192049 0.0127676 0.0127676 0.0127676 0.0195210 0.0499339 0.0478788 0.0478788 0.0570940 0.0342467 0.0573453 0.0586554 0.0530904 0.0514761 0.0542746 0.0196458 0.0516129 0.0516129 0.0478788 0.0267409 0.0168404 0.0612205 0.0063038 0.0063038 0.0127122 0.0676716 0.0161871 0.0332355 0.0159284 0.0198178 0.0225885 0.0159318 0.0332355 0.0160272 0.0225885 0.0187899 0.0126539 0.0126539 0.0094708 0.0094708 0.0159733 0.0000010 0.0126539 0.0126539 0.0126539 0.0126539 0.0689212 0.0110884 0.0478788 0.0643466 
Lalb_CASQ1         0.0435950 0.0570958 0.0485369 0.0473339 0.0344397 0.0376267 0.0343560 0.0346846 0.0371622 0.0343560 0.0556031 0.0097008 0.0082731 0.0554552 0.0373711 0.0029630 0.0027287 0.0029242 0.0027287 0.0197988 0.0409658 0.0664472 0.0405205 0.0371622 0.0441208 0.0058886 0.0054674 0.0054935 0.0054935 0.0550982 0.0500141 0.0797519 0.0263721 0.0402920 0.0401826 0.0159316 0.0000000 0.0088710 0.0120479 0.0054754 0.0082740 0.0082731 0.0082731 0.0084343 0.0196901 0.0580803 0.0507769 0.0515693 0.0527672 0.0381562 0.0596390 0.0592623 0.0572129 0.0541164 0.0585049 0.0197988 0.0553423 0.0542492 0.0515693 0.0201043 0.0124760 0.0555838 0.0082113 0.0082113 0.0082427 0.0611822 0.0195314 0.0345378 0.0110228 0.0250258 0.0179885 0.0058886 0.0367566 0.0128540 0.0167209 0.0172783 0.0027287 0.0029242 0.0054674 0.0054674 0.0055051 0.0065791 0.0029242 0.0027287 0.0031582 0.0027287 0.0721877 0.0031212 0.0475513 0.0661867 
Laus_CASQ1         0.0418895 0.0428936 0.0418824 0.0476755 0.0347273 0.0347273 0.0346160 0.0333407 0.0361697 0.0315571 0.0503554 0.0000010 0.0000010 0.0476410 0.0444823 0.0060989 0.0055606 0.0056051 0.0053197 0.0136427 0.0385079 0.0579191 0.0362692 0.0361697 0.0422545 0.0084627 0.0084211 0.0084627 0.0080292 0.0416608 0.0436556 0.0594328 0.0189180 0.0301443 0.0280820 0.0127676 0.0088710 0.0000000 0.0000010 0.0088391 0.0107483 0.0000010 0.0000010 0.0000010 0.0135080 0.0464454 0.0405052 0.0383890 0.0492886 0.0256154 0.0468019 0.0446218 0.0448498 0.0440326 0.0439936 0.0108055 0.0418297 0.0441486 0.0414647 0.0164847 0.0093759 0.0477478 0.0056057 0.0055612 0.0053399 0.0531743 0.0095888 0.0251079 0.0141509 0.0146362 0.0159350 0.0080292 0.0270112 0.0089548 0.0133496 0.0111122 0.0053197 0.0055606 0.0084211 0.0079917 0.0080460 0.0066220 0.0055606 0.0056051 0.0059827 0.0056051 0.0655658 0.0032221 0.0383890 0.0560824 
Lbor_CASQ1         0.0437974 0.0428936 0.0410659 0.0478597 0.0337897 0.0328630 0.0338244 0.0342202 0.0368625 0.0338244 0.0565572 0.0000010 0.0029615 0.0501147 0.0444265 0.0089735 0.0089735 0.0064189 0.0089735 0.0152172 0.0365560 0.0582495 0.0404910 0.0368625 0.0443850 0.0097010 0.0119841 0.0120481 0.0120481 0.0446563 0.0403801 0.0594328 0.0196239 0.0327939 0.0288635 0.0140648 0.0120479 0.0000010 0.0000000 0.0120032 0.0151271 0.0029615 0.0029615 0.0000010 0.0151275 0.0464896 0.0445461 0.0408533 0.0533752 0.0308901 0.0538594 0.0460024 0.0448498 0.0481349 0.0458216 0.0152172 0.0448675 0.0482631 0.0408533 0.0217135 0.0135713 0.0502399 0.0089746 0.0089746 0.0090122 0.0562820 0.0105646 0.0245605 0.0150841 0.0146362 0.0194974 0.0097010 0.0289935 0.0104533 0.0180175 0.0151564 0.0089735 0.0064189 0.0119841 0.0119841 0.0120771 0.0081885 0.0064189 0.0089735 0.0069866 0.0089735 0.0634106 0.0069255 0.0410659 0.0469561 
Lhos30470_CASQ1    0.0434146 0.0567182 0.0482925 0.0471179 0.0342774 0.0374304 0.0342093 0.0345472 0.0370028 0.0342093 0.0553612 0.0096627 0.0082456 0.0552135 0.0439601 0.0029527 0.0027199 0.0029141 0.0027199 0.0197273 0.0407511 0.0661334 0.0403429 0.0370028 0.0439223 0.0058678 0.0054496 0.0054755 0.0054755 0.0548150 0.0497989 0.0786097 0.0262197 0.0401021 0.0399938 0.0158680 0.0054754 0.0088391 0.0120032 0.0000000 0.0027349 0.0082456 0.0082456 0.0084056 0.0196194 0.0577401 0.0505407 0.0513083 0.0525097 0.0379876 0.0593388 0.0586739 0.0568841 0.0538604 0.0581586 0.0197273 0.0550561 0.0539918 0.0513083 0.0200304 0.0124280 0.0553409 0.0081842 0.0081842 0.0082154 0.0609104 0.0194503 0.0344018 0.0109856 0.0248623 0.0179201 0.0058678 0.0365868 0.0128030 0.0166623 0.0172030 0.0027199 0.0029141 0.0054496 0.0054496 0.0054871 0.0065272 0.0029141 0.0027199 0.0031465 0.0027199 0.0718421 0.0031097 0.0473332 0.0658271 
Lhos452_CASQ1      0.0392477 0.0618397 0.0525573 0.0442836 0.0320433 0.0347782 0.0321725 0.0312454 0.0337198 0.0293239 0.0532269 0.0122362 0.0105964 0.0560085 0.0413163 0.0056763 0.0052080 0.0056056 0.0049954 0.0234411 0.0385656 0.0660364 0.0368816 0.0337198 0.0393874 0.0084636 0.0078808 0.0079172 0.0075365 0.0556613 0.0531571 0.0894424 0.0310508 0.0430740 0.0414517 0.0192049 0.0082740 0.0107483 0.0151271 0.0027349 0.0000000 0.0100851 0.0105964 0.0107946 0.0232184 0.0622013 0.0541685 0.0523065 0.0563029 0.0394563 0.0599644 0.0663650 0.0613255 0.0575287 0.0588818 0.0206393 0.0558958 0.0576701 0.0553988 0.0209301 0.0147802 0.0561270 0.0105197 0.0104431 0.0100508 0.0612394 0.0228956 0.0373763 0.0132353 0.0302501 0.0210772 0.0080300 0.0398277 0.0152044 0.0178172 0.0208360 0.0049954 0.0055612 0.0078808 0.0075036 0.0075513 0.0132835 0.0055612 0.0052462 0.0059833 0.0052462 0.0741305 0.0059835 0.0484169 0.0692678 
Lobl_CASQ1         0.0392037 0.0428936 0.0385765 0.0442265 0.0320007 0.0347273 0.0321333 0.0312117 0.0336802 0.0292886 0.0471284 0.0000010 0.0000010 0.0445786 0.0412636 0.0056757 0.0052075 0.0056051 0.0049949 0.0127883 0.0385079 0.0540741 0.0368335 0.0336802 0.0393399 0.0084627 0.0078801 0.0079164 0.0075358 0.0416608 0.0405503 0.0594328 0.0189180 0.0301443 0.0280820 0.0127676 0.0082731 0.0000010 0.0029615 0.0082456 0.0100851 0.0000000 0.0000010 0.0000010 0.0126699 0.0464454 0.0405733 0.0383890 0.0486612 0.0267595 0.0463924 0.0446218 0.0448498 0.0438305 0.0439936 0.0101354 0.0418297 0.0439371 0.0414647 0.0154450 0.0087098 0.0446724 0.0052462 0.0052080 0.0050127 0.0497658 0.0095888 0.0262236 0.0132339 0.0146362 0.0147811 0.0080292 0.0270112 0.0089548 0.0125307 0.0101890 0.0049949 0.0055606 0.0078801 0.0075029 0.0075506 0.0066220 0.0055606 0.0052457 0.0059827 0.0052457 0.0642059 0.0029872 0.0355939 0.0549178 
Lobs_CASQ1         0.0383184 0.0428936 0.0374389 0.0434934 0.0304818 0.0332456 0.0307610 0.0299537 0.0319611 0.0292886 0.0495965 0.0000010 0.0000010 0.0439478 0.0403706 0.0056757 0.0054806 0.0056051 0.0052457 0.0106520 0.0365662 0.0538892 0.0368335 0.0319611 0.0383923 0.0084627 0.0078801 0.0079164 0.0079164 0.0416608 0.0405503 0.0594328 0.0161216 0.0281542 0.0280820 0.0127676 0.0082731 0.0000010 0.0029615 0.0082456 0.0105964 0.0000010 0.0000000 0.0000010 0.0105971 0.0455204 0.0405733 0.0383890 0.0486612 0.0267595 0.0463924 0.0446218 0.0448498 0.0438305 0.0431282 0.0106520 0.0418297 0.0439371 0.0405052 0.0162454 0.0092223 0.0440447 0.0052462 0.0054812 0.0052653 0.0493830 0.0095888 0.0243695 0.0132339 0.0146362 0.0147811 0.0084627 0.0249088 0.0094973 0.0131618 0.0101890 0.0052457 0.0058737 0.0078801 0.0078801 0.0079327 0.0066220 0.0058737 0.0052457 0.0063460 0.0052457 0.0616046 0.0029872 0.0355939 0.0547449 
