88
Bacu_CASQ2         0.0000000 0.0360438 0.0238584 0.0027064 0.0078506 0.0105085 0.0109364 0.0096814 0.0221168 0.0104727 0.0487323 0.0207946 0.0213269 0.0495855 0.0220648 0.0133092 0.0139119 0.0133092 0.0151518 0.0226915 0.0215305 0.0617645 0.0236270 0.0224328 0.0062945 0.0133930 0.0190296 0.0148349 0.0193679 0.0572309 0.0206865 0.0389309 0.0370758 0.0222902 0.0161876 0.0160032 0.0173370 0.0158194 0.0138591 0.0148345 0.0166664 0.0160032 0.0221034 0.0300436 0.0193679 0.0213152 0.0073992 0.0185998 0.0185998 0.0371943 0.0252879 0.0216367 0.0348294 0.0226915 0.0203978 0.0230272 0.0211675 0.0197769 0.0167395 0.0521006 0.0244695 0.0186964 0.0148725 0.0514408 0.0583840 0.0248461 0.0140853 0.0000010 0.0281562 0.0160037 0.0213852 0.0250340 0.0197769 0.0328398 0.0190199 0.0116502 0.0183180 0.0173138 0.0280186 0.0159936 0.0197096 0.0211076 0.0167195 0.0151518 0.0825733 0.0135806 0.0123388 0.0252880 
Barn_CASQ2         0.0360438 0.0000000 0.0096622 0.0314531 0.0313189 0.0360130 0.0360130 0.0358489 0.0098960 0.0293460 0.0667558 0.0376748 0.0318171 0.0620836 0.0311152 0.0225473 0.0225473 0.0225473 0.0225473 0.0472087 0.0224584 0.0968020 0.0129029 0.0224584 0.0324397 0.0225473 0.0271476 0.0271476 0.0132407 0.0994271 0.0197468 0.0413070 0.0412338 0.0271274 0.0225473 0.0271454 0.0363887 0.0225473 0.0225473 0.0271454 0.0271454 0.0271454 0.0309723 0.0226327 0.0132407 0.0177404 0.0242446 0.0132407 0.0132407 0.0175588 0.0176922 0.0176922 0.0249868 0.0472087 0.0154351 0.0175588 0.0132407 0.0363349 0.0238926 0.0666235 0.0271476 0.0317393 0.0272774 0.0666235 0.0786505 0.0221465 0.0225473 0.0000010 0.0361723 0.0271476 0.0221465 0.0407846 0.0361723 0.0361723 0.0271274 0.0258694 0.0225473 0.0225473 0.0384265 0.0271195 0.0273265 0.0271195 0.0271195 0.0225473 0.1101150 0.0225473 0.0225473 0.0131815 
Bbai76728_CASQ2    0.0238584 0.0096622 0.0000000 0.0209088 0.0208494 0.0239311 0.0239311 0.0237722 0.0146224 0.0203792 0.0497230 0.0281207 0.0242430 0.0507847 0.0239341 0.0149117 0.0149728 0.0149117 0.0172071 0.0307617 0.0180098 0.0774185 0.0192016 0.0180098 0.0247070 0.0149728 0.0207044 0.0179368 0.0088172 0.0676468 0.0137869 0.0335918 0.0335520 0.0149117 0.0180808 0.0179362 0.0228492 0.0172071 0.0149117 0.0179362 0.0179362 0.0179362 0.0206237 0.0148612 0.0088172 0.0117963 0.0078469 0.0088172 0.0088172 0.0157083 0.0135616 0.0117756 0.0191443 0.0307617 0.0097713 0.0097713 0.0101524 0.0239862 0.0187725 0.0538459 0.0274998 0.0209602 0.0179923 0.0530181 0.0562581 0.0208396 0.0151742 0.0000010 0.0309454 0.0179368 0.0178227 0.0269504 0.0239151 0.0365746 0.0206927 0.0172669 0.0208270 0.0186888 0.0340319 0.0179242 0.0212355 0.0231909 0.0179977 0.0172071 0.0952982 0.0152075 0.0149117 0.0135612 
BbonAUS_CASQ2      0.0027064 0.0314531 0.0209088 0.0000000 0.0054333 0.0081851 0.0081851 0.0081627 0.0176409 0.0110465 0.0492685 0.0207946 0.0191692 0.0502465 0.0188719 0.0111246 0.0111672 0.0111246 0.0127049 0.0228020 0.0195907 0.0702475 0.0212773 0.0195907 0.0031395 0.0111672 0.0159213 0.0139370 0.0166592 0.0593714 0.0172699 0.0343260 0.0342879 0.0195743 0.0140407 0.0139366 0.0139300 0.0127049 0.0111246 0.0139366 0.0139366 0.0139366 0.0221359 0.0263444 0.0166592 0.0194931 0.0078372 0.0166592 0.0166592 0.0317789 0.0222183 0.0194595 0.0310311 0.0228020 0.0183500 0.0197715 0.0190198 0.0195115 0.0146086 0.0530954 0.0227555 0.0167499 0.0139768 0.0523350 0.0554222 0.0223534 0.0113067 0.0000010 0.0247518 0.0139370 0.0195200 0.0223340 0.0195115 0.0286655 0.0159132 0.0078022 0.0160070 0.0144798 0.0223269 0.0139278 0.0169532 0.0176674 0.0139811 0.0127049 0.0906809 0.0113301 0.0111246 0.0222182 
Bbor_CASQ2         0.0078506 0.0313189 0.0208494 0.0054333 0.0000000 0.0026008 0.0027053 0.0025940 0.0176438 0.0175814 0.0414604 0.0207979 0.0121590 0.0422420 0.0188741 0.0106831 0.0111683 0.0106831 0.0121683 0.0218729 0.0188066 0.0668361 0.0202098 0.0195928 0.0127307 0.0107506 0.0159232 0.0133822 0.0166147 0.0568423 0.0172721 0.0332821 0.0341953 0.0195764 0.0135361 0.0133819 0.0139300 0.0127064 0.0111257 0.0133819 0.0139380 0.0133819 0.0212037 0.0262505 0.0166147 0.0186675 0.0074058 0.0159561 0.0159561 0.0316200 0.0221524 0.0189495 0.0309172 0.0218729 0.0175003 0.0197096 0.0181622 0.0187339 0.0140003 0.0449761 0.0218293 0.0160816 0.0107124 0.0443612 0.0552531 0.0214031 0.0113079 0.0000010 0.0246687 0.0133822 0.0186922 0.0222748 0.0186845 0.0285549 0.0159151 0.0078022 0.0153253 0.0144813 0.0223317 0.0133737 0.0169550 0.0176698 0.0139825 0.0121683 0.0853746 0.0109017 0.0106831 0.0221522 
Bede66737_CASQ2    0.0105085 0.0360130 0.0239311 0.0081851 0.0026008 0.0000000 0.0000010 0.0052086 0.0220970 0.0212027 0.0443760 0.0251060 0.0152667 0.0452160 0.0221196 0.0134070 0.0140189 0.0134070 0.0152789 0.0247022 0.0215762 0.0701039 0.0236900 0.0224824 0.0127710 0.0134921 0.0191966 0.0161217 0.0194627 0.0598813 0.0208308 0.0361890 0.0371842 0.0224625 0.0163085 0.0161212 0.0139782 0.0159583 0.0139653 0.0161212 0.0167945 0.0161212 0.0239424 0.0300469 0.0194627 0.0214157 0.0074331 0.0186871 0.0186871 0.0371575 0.0254298 0.0217403 0.0349683 0.0247022 0.0205030 0.0231049 0.0212808 0.0214914 0.0168687 0.0479509 0.0246541 0.0188346 0.0134441 0.0472937 0.0587250 0.0241685 0.0141954 0.0000010 0.0283324 0.0161217 0.0214431 0.0251575 0.0214346 0.0328134 0.0191867 0.0078325 0.0184730 0.0174522 0.0224561 0.0161115 0.0198635 0.0213140 0.0168484 0.0152789 0.0884221 0.0136825 0.0134070 0.0254299 
BedeAUS_CASQ2      0.0109364 0.0360130 0.0239311 0.0081851 0.0027053 0.0000010 0.0000000 0.0054183 0.0220970 0.0223835 0.0463009 0.0251060 0.0159449 0.0472172 0.0221196 0.0139653 0.0140189 0.0139653 0.0159583 0.0257592 0.0224824 0.0734730 0.0249520 0.0224824 0.0127710 0.0140189 0.0191966 0.0167951 0.0194627 0.0625639 0.0208308 0.0342992 0.0371842 0.0224625 0.0169210 0.0167945 0.0139782 0.0159583 0.0139653 0.0167945 0.0167945 0.0167945 0.0249337 0.0300469 0.0194627 0.0223078 0.0078377 0.0194627 0.0194627 0.0371575 0.0254298 0.0222687 0.0349683 0.0257592 0.0214408 0.0231049 0.0222235 0.0223901 0.0176071 0.0500691 0.0257080 0.0196231 0.0140056 0.0493530 0.0587250 0.0251793 0.0141954 0.0000010 0.0283324 0.0167951 0.0223376 0.0251575 0.0223282 0.0328134 0.0191867 0.0078325 0.0193018 0.0174522 0.0224561 0.0167840 0.0198635 0.0213140 0.0168484 0.0159583 0.0923351 0.0142241 0.0139653 0.0254299 
Bmus_CASQ2         0.0096814 0.0358489 0.0237722 0.0081627 0.0025940 0.0052086 0.0054183 0.0000000 0.0176438 0.0175814 0.0433836 0.0207779 0.0120786 0.0441379 0.0220491 0.0106210 0.0111004 0.0106210 0.0120878 0.0176044 0.0215174 0.0638299 0.0202098 0.0224186 0.0159376 0.0106877 0.0158126 0.0123345 0.0193025 0.0597079 0.0137398 0.0334638 0.0343872 0.0194569 0.0134563 0.0133039 0.0138245 0.0126178 0.0110583 0.0123342 0.0138534 0.0133039 0.0171092 0.0299071 0.0193025 0.0212464 0.0110795 0.0185398 0.0185398 0.0369577 0.0251913 0.0215659 0.0346677 0.0176044 0.0203258 0.0229357 0.0210900 0.0147955 0.0139237 0.0466538 0.0216992 0.0159877 0.0098731 0.0460653 0.0516539 0.0224486 0.0112387 0.0000010 0.0209731 0.0133042 0.0187887 0.0193652 0.0147595 0.0244451 0.0158047 0.0077361 0.0152229 0.0143893 0.0223027 0.0132958 0.0168504 0.0175336 0.0138973 0.0120878 0.0790612 0.0108371 0.0098482 0.0251914 
Bmys_CASQ2         0.0221168 0.0098960 0.0146224 0.0176409 0.0176438 0.0220970 0.0220970 0.0176438 0.0000000 0.0141506 0.0314820 0.0000010 0.0106499 0.0370730 0.0106641 0.0043248 0.0043248 0.0043248 0.0052939 0.0086826 0.0000010 0.0766531 0.0043301 0.0000010 0.0166874 0.0043248 0.0052939 0.0043248 0.0131926 0.0314782 0.0062258 0.0272623 0.0226286 0.0086743 0.0087802 0.0043248 0.0062348 0.0052939 0.0043248 0.0043248 0.0043248 0.0043248 0.0086903 0.0185662 0.0131926 0.0176719 0.0080793 0.0131926 0.0131926 0.0214134 0.0162099 0.0131926 0.0313180 0.0086826 0.0131926 0.0147116 0.0162099 0.0130505 0.0130505 0.0370730 0.0178532 0.0043248 0.0087183 0.0362420 0.0259135 0.0131677 0.0043895 0.0000010 0.0191937 0.0043248 0.0087499 0.0174934 0.0130505 0.0167563 0.0106256 0.0077868 0.0107290 0.0091178 0.0114465 0.0043248 0.0087802 0.0063437 0.0043248 0.0052939 0.0603777 0.0044035 0.0043248 0.0216604 
Bphy_CASQ2         0.0104727 0.0293460 0.0203792 0.0110465 0.0175814 0.0212027 0.0223835 0.0175814 0.0141506 0.0000000 0.0248609 0.0058149 0.0166980 0.0290899 0.0131789 0.0104802 0.0111111 0.0104802 0.0124698 0.0140145 0.0177673 0.0284277 0.0214757 0.0187623 0.0090003 0.0105669 0.0132357 0.0104802 0.0186848 0.0248495 0.0151218 0.0254350 0.0225798 0.0147736 0.0142222 0.0104802 0.0100398 0.0132357 0.0110548 0.0104802 0.0110548 0.0104802 0.0104802 0.0286360 0.0186848 0.0176981 0.0051373 0.0176981 0.0176981 0.0403336 0.0224286 0.0180946 0.0297378 0.0140145 0.0158654 0.0187161 0.0211079 0.0175434 0.0175434 0.0290899 0.0214914 0.0104802 0.0140609 0.0285751 0.0300223 0.0176715 0.0112967 0.0078898 0.0257511 0.0104802 0.0141017 0.0223141 0.0175434 0.0321309 0.0176933 0.0119596 0.0167956 0.0155550 0.0209467 0.0104802 0.0188124 0.0153520 0.0111111 0.0124698 0.0397611 0.0107620 0.0104802 0.0222928 
Btau_CASQ1         0.0487323 0.0667558 0.0497230 0.0492685 0.0414604 0.0443760 0.0463009 0.0433836 0.0314820 0.0248609 0.0000000 0.0522667 0.0441947 0.0124698 0.0493886 0.0442935 0.0463918 0.0442935 0.0506604 0.0446134 0.0388622 0.0630816 0.0307626 0.0405498 0.0540626 0.0445809 0.0564161 0.0435787 0.0397925 0.0630785 0.0506060 0.0460036 0.0499424 0.0491523 0.0477156 0.0415105 0.0505274 0.0530129 0.0462124 0.0383818 0.0433079 0.0415105 0.0331332 0.0513393 0.0397925 0.0384911 0.0385870 0.0381676 0.0381676 0.0607828 0.0459449 0.0391135 0.0558492 0.0446134 0.0419532 0.0439832 0.0435657 0.0437337 0.0435520 0.0124391 0.0565231 0.0499463 0.0410677 0.0073517 0.0776473 0.0381939 0.0469895 0.0077491 0.0595075 0.0471322 0.0385779 0.0523427 0.0437337 0.0608418 0.0563825 0.0529974 0.0542270 0.0511707 0.0843359 0.0471043 0.0528126 0.0591523 0.0493375 0.0506604 0.0584588 0.0452287 0.0409561 0.0495523 
Ccom40_CASQ2       0.0207946 0.0376748 0.0281207 0.0207946 0.0207979 0.0251060 0.0251060 0.0207779 0.0000010 0.0058149 0.0522667 0.0000000 0.0092064 0.0538439 0.0185352 0.0081899 0.0081899 0.0081899 0.0091756 0.0261675 0.0207247 0.0346349 0.0058495 0.0207247 0.0190831 0.0081899 0.0138127 0.0123248 0.0209415 0.0723592 0.0208241 0.0211201 0.0254139 0.0206343 0.0124602 0.0040889 0.0105545 0.0091756 0.0081899 0.0040889 0.0040889 0.0040889 0.0249193 0.0368448 0.0209415 0.0209415 0.0301423 0.0209415 0.0209415 0.0316983 0.0238108 0.0211691 0.0380996 0.0261675 0.0209415 0.0232288 0.0235216 0.0210745 0.0223950 0.0581474 0.0123248 0.0164691 0.0123766 0.0521690 0.0688423 0.0209877 0.0081899 0.0000010 0.0278176 0.0123248 0.0209877 0.0209393 0.0210745 0.0278176 0.0138027 0.0126386 0.0139200 0.0124602 0.0128293 0.0123127 0.0124602 0.0161138 0.0123127 0.0091756 0.1001298 0.0081899 0.0081899 0.0233716 
Chea7320_CASQ2     0.0213269 0.0318171 0.0242430 0.0191692 0.0121590 0.0152667 0.0159449 0.0120786 0.0106499 0.0166980 0.0441947 0.0092064 0.0000000 0.0418771 0.0190260 0.0059667 0.0062242 0.0059667 0.0059667 0.0187287 0.0215093 0.0642786 0.0157110 0.0224733 0.0162149 0.0059667 0.0093604 0.0089714 0.0190562 0.0624148 0.0137997 0.0286790 0.0295886 0.0156563 0.0090592 0.0029792 0.0034024 0.0062242 0.0062242 0.0029792 0.0031087 0.0029792 0.0211658 0.0264777 0.0190562 0.0213565 0.0176001 0.0182482 0.0182482 0.0322138 0.0192129 0.0186904 0.0311922 0.0187287 0.0202959 0.0233081 0.0182482 0.0183018 0.0191181 0.0450055 0.0089714 0.0119810 0.0059848 0.0441339 0.0529950 0.0246366 0.0062242 0.0000010 0.0212303 0.0089714 0.0184115 0.0190220 0.0183018 0.0247955 0.0093559 0.0038173 0.0090159 0.0094380 0.0164072 0.0089649 0.0126707 0.0103629 0.0093534 0.0059667 0.0792451 0.0059667 0.0059667 0.0222609 
Chir_CASQ1         0.0495855 0.0620836 0.0507847 0.0502465 0.0422420 0.0452160 0.0472172 0.0441379 0.0370730 0.0290899 0.0124698 0.0538439 0.0418771 0.0000000 0.0470871 0.0451309 0.0473124 0.0451309 0.0484776 0.0454133 0.0395982 0.0702548 0.0349641 0.0413531 0.0518095 0.0454293 0.0542589 0.0443402 0.0405634 0.0617106 0.0481025 0.0469097 0.0509488 0.0478152 0.0454882 0.0422944 0.0480277 0.0507789 0.0471259 0.0390504 0.0441629 0.0422944 0.0337073 0.0474158 0.0405634 0.0392121 0.0396100 0.0388762 0.0388762 0.0553456 0.0435724 0.0398588 0.0519121 0.0454133 0.0428121 0.0450042 0.0412702 0.0445008 0.0472865 0.0000010 0.0576203 0.0508940 0.0417859 0.0099788 0.0777984 0.0388557 0.0479348 0.0081350 0.0558455 0.0480251 0.0393024 0.0533867 0.0445008 0.0565699 0.0542261 0.0489667 0.0521066 0.0488287 0.0785167 0.0479963 0.0505523 0.0555123 0.0503183 0.0484776 0.0630964 0.0461024 0.0416702 0.0541008 
Cmar59905_CASQ2    0.0220648 0.0311152 0.0239341 0.0188719 0.0188741 0.0221196 0.0221196 0.0220491 0.0106641 0.0131789 0.0493886 0.0185352 0.0190260 0.0470871 0.0000000 0.0126108 0.0126108 0.0126108 0.0126108 0.0326368 0.0158200 0.0670619 0.0208359 0.0158200 0.0159598 0.0126108 0.0158029 0.0158029 0.0188778 0.0715244 0.0171302 0.0324413 0.0324005 0.0222003 0.0159366 0.0158024 0.0208575 0.0126108 0.0126108 0.0158024 0.0158024 0.0158024 0.0187442 0.0261086 0.0188778 0.0220965 0.0184092 0.0188778 0.0188778 0.0260924 0.0220527 0.0220527 0.0307430 0.0326368 0.0175376 0.0191131 0.0188778 0.0286346 0.0235131 0.0503385 0.0158029 0.0189947 0.0158536 0.0493183 0.0641563 0.0189518 0.0126108 0.0077491 0.0317981 0.0158029 0.0157573 0.0318671 0.0286346 0.0368041 0.0157950 0.0155823 0.0158871 0.0159366 0.0220820 0.0157911 0.0192575 0.0175212 0.0157911 0.0126108 0.0903575 0.0126108 0.0126108 0.0220526 
Dcap108471_CASQ2   0.0133092 0.0225473 0.0149117 0.0111246 0.0106831 0.0134070 0.0139653 0.0106210 0.0043248 0.0104802 0.0442935 0.0081899 0.0059667 0.0451309 0.0126108 0.0000000 0.0000010 0.0000010 0.0000010 0.0163571 0.0134074 0.0619475 0.0099557 0.0139657 0.0096704 0.0000010 0.0031018 0.0026179 0.0110679 0.0537753 0.0068545 0.0278910 0.0257443 0.0081996 0.0026470 0.0026179 0.0068131 0.0000010 0.0000010 0.0026179 0.0027232 0.0026179 0.0132222 0.0187845 0.0110679 0.0133251 0.0113189 0.0106299 0.0106299 0.0212737 0.0158116 0.0135263 0.0232336 0.0163571 0.0116578 0.0131578 0.0120991 0.0160316 0.0110715 0.0478628 0.0106715 0.0052438 0.0026248 0.0472076 0.0419865 0.0161235 0.0000010 0.0000010 0.0211736 0.0026179 0.0107132 0.0166268 0.0160316 0.0247174 0.0031003 0.0000010 0.0029876 0.0028265 0.0054120 0.0026162 0.0055195 0.0034315 0.0027319 0.0000010 0.0793423 0.0000010 0.0000010 0.0158113 
Dcap79929_CASQ2    0.0139119 0.0225473 0.0149728 0.0111672 0.0111683 0.0140189 0.0140189 0.0111004 0.0043248 0.0111111 0.0463918 0.0081899 0.0062242 0.0473124 0.0126108 0.0000010 0.0000000 0.0000010 0.0000010 0.0171178 0.0140194 0.0652582 0.0105235 0.0140194 0.0096704 0.0000010 0.0031018 0.0027338 0.0111101 0.0563856 0.0068545 0.0258739 0.0258448 0.0082305 0.0027537 0.0027337 0.0068131 0.0000010 0.0000010 0.0027337 0.0027337 0.0027337 0.0138169 0.0187845 0.0111101 0.0139294 0.0119465 0.0111101 0.0111101 0.0212737 0.0158116 0.0139061 0.0232336 0.0171178 0.0122380 0.0132174 0.0126309 0.0167610 0.0115933 0.0501716 0.0111548 0.0054771 0.0027414 0.0494521 0.0421696 0.0168614 0.0000010 0.0000010 0.0211736 0.0027338 0.0112012 0.0166900 0.0167610 0.0247174 0.0031003 0.0000010 0.0031175 0.0028265 0.0054120 0.0027319 0.0055408 0.0034315 0.0027319 0.0000010 0.0831780 0.0000010 0.0000010 0.0158113 
DdelSJR_CASQ2      0.0133092 0.0225473 0.0149117 0.0111246 0.0106831 0.0134070 0.0139653 0.0106210 0.0043248 0.0104802 0.0442935 0.0081899 0.0059667 0.0451309 0.0126108 0.0000010 0.0000010 0.0000000 0.0000010 0.0163571 0.0134074 0.0619475 0.0099557 0.0139657 0.0096704 0.0000010 0.0031018 0.0026179 0.0110679 0.0537753 0.0068545 0.0278910 0.0257443 0.0081996 0.0026470 0.0026179 0.0068131 0.0000010 0.0000010 0.0026179 0.0027232 0.0026179 0.0132222 0.0187845 0.0110679 0.0133251 0.0113189 0.0106299 0.0106299 0.0212737 0.0158116 0.0135263 0.0232336 0.0163571 0.0116578 0.0131578 0.0120991 0.0160316 0.0110715 0.0478628 0.0106715 0.0052438 0.0026248 0.0472076 0.0419865 0.0161235 0.0000010 0.0000010 0.0211736 0.0026179 0.0107132 0.0166268 0.0160316 0.0247174 0.0031003 0.0000010 0.0029876 0.0028265 0.0054120 0.0026162 0.0055195 0.0034315 0.0027319 0.0000010 0.0793423 0.0000010 0.0000010 0.0158113 
Ddeltrop4525_CASQ2 0.0151518 0.0225473 0.0172071 0.0127049 0.0121683 0.0152789 0.0159583 0.0120878 0.0052939 0.0124698 0.0506604 0.0091756 0.0059667 0.0484776 0.0126108 0.0000010 0.0000010 0.0000010 0.0000000 0.0186848 0.0152796 0.0640836 0.0117350 0.0159592 0.0096704 0.0000010 0.0031018 0.0029738 0.0126309 0.0583864 0.0068545 0.0318573 0.0295135 0.0093413 0.0030022 0.0029738 0.0068131 0.0000010 0.0000010 0.0029738 0.0031018 0.0029738 0.0150390 0.0187845 0.0126309 0.0151726 0.0131540 0.0120991 0.0120991 0.0212737 0.0158116 0.0153873 0.0232336 0.0186848 0.0134488 0.0154280 0.0120991 0.0182600 0.0126741 0.0515961 0.0029738 0.0059578 0.0029818 0.0505914 0.0490364 0.0183793 0.0000010 0.0000010 0.0211736 0.0029738 0.0122072 0.0189768 0.0182600 0.0247174 0.0031003 0.0000010 0.0029876 0.0031268 0.0054120 0.0029716 0.0062973 0.0034315 0.0030986 0.0000010 0.0806095 0.0000010 0.0000010 0.0158113 
Dleu_CASQ2         0.0226915 0.0472087 0.0307617 0.0228020 0.0218729 0.0247022 0.0257592 0.0176044 0.0086826 0.0140145 0.0446134 0.0261675 0.0187287 0.0454133 0.0326368 0.0163571 0.0171178 0.0163571 0.0186848 0.0000000 0.0248777 0.0675500 0.0133120 0.0259506 0.0300681 0.0164627 0.0228458 0.0176954 0.0256248 0.0525049 0.0213068 0.0345067 0.0324664 0.0228087 0.0193496 0.0136187 0.0142905 0.0195336 0.0170512 0.0126042 0.0141954 0.0136187 0.0226279 0.0390478 0.0256248 0.0273857 0.0230667 0.0245775 0.0245775 0.0505450 0.0296087 0.0251834 0.0443151 0.0000010 0.0270273 0.0306387 0.0280769 0.0151078 0.0168713 0.0480031 0.0278642 0.0218865 0.0177416 0.0473803 0.0461266 0.0256464 0.0173370 0.0000010 0.0216875 0.0191232 0.0221259 0.0169399 0.0151078 0.0254236 0.0228337 0.0202003 0.0219673 0.0207322 0.0354064 0.0191110 0.0231056 0.0254239 0.0200017 0.0186848 0.0814185 0.0166992 0.0151379 0.0326572 
EausAUS_CASQ2      0.0215305 0.0224584 0.0180098 0.0195907 0.0188066 0.0215762 0.0224824 0.0215174 0.0000010 0.0177673 0.0388622 0.0207247 0.0215093 0.0395982 0.0158200 0.0134074 0.0140194 0.0134074 0.0152796 0.0248777 0.0000000 0.0559950 0.0032706 0.0000010 0.0194816 0.0134924 0.0191982 0.0161225 0.0139457 0.0600959 0.0138938 0.0278179 0.0256742 0.0167885 0.0163093 0.0161220 0.0246659 0.0159592 0.0139657 0.0161220 0.0167955 0.0161220 0.0133083 0.0227246 0.0139457 0.0161128 0.0152159 0.0133890 0.0133890 0.0156215 0.0191465 0.0163580 0.0273331 0.0248777 0.0116496 0.0131149 0.0152555 0.0216343 0.0197646 0.0423543 0.0246570 0.0188359 0.0161671 0.0417716 0.0491309 0.0133819 0.0141958 0.0079073 0.0286867 0.0161225 0.0106838 0.0254038 0.0216343 0.0289221 0.0191883 0.0197789 0.0184744 0.0174533 0.0220143 0.0161122 0.0198651 0.0213165 0.0168494 0.0152796 0.0798030 0.0136829 0.0134074 0.0191462 
Ecab_CASQ1         0.0617645 0.0968020 0.0774185 0.0702475 0.0668361 0.0701039 0.0734730 0.0638299 0.0766531 0.0284277 0.0630816 0.0346349 0.0642786 0.0702548 0.0670619 0.0619475 0.0652582 0.0619475 0.0640836 0.0675500 0.0559950 0.0000000 0.0632932 0.0587502 0.0753468 0.0623951 0.0636526 0.0538966 0.0676760 0.1042315 0.0745272 0.0697892 0.0685718 0.0682847 0.0660585 0.0588404 0.0754415 0.0674628 0.0649782 0.0539303 0.0617186 0.0588404 0.0559465 0.0912083 0.0676760 0.0677981 0.0425727 0.0645438 0.0645438 0.1127515 0.0712638 0.0663851 0.0881124 0.0675500 0.0718331 0.0830173 0.0670429 0.0626281 0.0680341 0.0730133 0.0695801 0.0619475 0.0598939 0.0661577 0.0995952 0.0595208 0.0662033 0.0077491 0.0805888 0.0588003 0.0585796 0.0747843 0.0624528 0.0866867 0.0712748 0.0822736 0.0682124 0.0714631 0.1234264 0.0650951 0.0727487 0.0764577 0.0685756 0.0640836 0.0955887 0.0634097 0.0567815 0.0626728 
Egla13086_CASQ2    0.0236270 0.0129029 0.0192016 0.0212773 0.0202098 0.0236900 0.0249520 0.0202098 0.0043301 0.0214757 0.0307626 0.0058495 0.0157110 0.0349641 0.0208359 0.0099557 0.0105235 0.0099557 0.0117350 0.0133120 0.0032706 0.0632932 0.0000000 0.0034382 0.0214902 0.0100340 0.0124105 0.0099557 0.0176902 0.0343497 0.0140541 0.0316160 0.0253440 0.0139951 0.0134992 0.0099557 0.0140677 0.0124105 0.0104731 0.0099557 0.0104731 0.0099557 0.0133211 0.0263698 0.0176902 0.0202343 0.0157459 0.0168033 0.0168033 0.0169178 0.0210124 0.0171603 0.0273754 0.0133120 0.0149552 0.0174621 0.0198490 0.0166641 0.0166641 0.0349641 0.0203936 0.0099557 0.0133539 0.0343692 0.0239767 0.0167793 0.0106891 0.0160701 0.0189377 0.0099557 0.0133908 0.0211333 0.0166641 0.0172133 0.0165895 0.0109083 0.0157974 0.0146944 0.0089129 0.0099557 0.0178043 0.0094095 0.0105235 0.0117350 0.0525459 0.0102100 0.0099557 0.0252565 
Ejap43864_CASQ2    0.0224328 0.0224584 0.0180098 0.0195907 0.0195928 0.0224824 0.0224824 0.0224186 0.0000010 0.0187623 0.0405498 0.0207247 0.0224733 0.0413531 0.0158200 0.0139657 0.0140194 0.0139657 0.0159592 0.0259506 0.0000010 0.0587502 0.0034382 0.0000000 0.0194816 0.0140194 0.0191982 0.0167960 0.0139457 0.0628005 0.0138938 0.0257029 0.0256742 0.0167885 0.0169220 0.0167955 0.0246659 0.0159592 0.0139657 0.0167955 0.0167955 0.0167955 0.0138582 0.0227246 0.0139457 0.0167854 0.0160682 0.0139457 0.0139457 0.0156215 0.0191465 0.0167567 0.0273331 0.0259506 0.0121771 0.0131149 0.0159329 0.0225456 0.0206347 0.0442288 0.0257114 0.0196246 0.0168445 0.0435939 0.0491309 0.0139380 0.0141958 0.0079073 0.0286867 0.0167960 0.0111265 0.0254038 0.0225456 0.0289221 0.0191883 0.0197789 0.0193035 0.0174533 0.0220143 0.0167849 0.0198651 0.0213165 0.0168494 0.0159592 0.0833667 0.0142245 0.0139657 0.0191462 
Erob133443_CASQ2   0.0062945 0.0324397 0.0247070 0.0031395 0.0127307 0.0127710 0.0127710 0.0159376 0.0166874 0.0090003 0.0540626 0.0190831 0.0162149 0.0518095 0.0159598 0.0096704 0.0096704 0.0096704 0.0096704 0.0300681 0.0194816 0.0753468 0.0214902 0.0194816 0.0000000 0.0096704 0.0129271 0.0129271 0.0194356 0.0698564 0.0140396 0.0402330 0.0401807 0.0194629 0.0130389 0.0129267 0.0139300 0.0096704 0.0096704 0.0129267 0.0129267 0.0129267 0.0258068 0.0270327 0.0194356 0.0227526 0.0138878 0.0194356 0.0194356 0.0329620 0.0227060 0.0227060 0.0318684 0.0300681 0.0217765 0.0238098 0.0194356 0.0260390 0.0206423 0.0551308 0.0129271 0.0161879 0.0129702 0.0539844 0.0664953 0.0261036 0.0096704 0.0000010 0.0328646 0.0129271 0.0227879 0.0328276 0.0294946 0.0382433 0.0096704 0.0078022 0.0129977 0.0130389 0.0223269 0.0129170 0.0164158 0.0143682 0.0129170 0.0096704 0.0954132 0.0096704 0.0096704 0.0227059 
Fatt_CASQ2         0.0133930 0.0225473 0.0149728 0.0111672 0.0107506 0.0134921 0.0140189 0.0106877 0.0043248 0.0105669 0.0445809 0.0081899 0.0059667 0.0454293 0.0126108 0.0000010 0.0000010 0.0000010 0.0000010 0.0164627 0.0134924 0.0623951 0.0100340 0.0140194 0.0096704 0.0000000 0.0031018 0.0026342 0.0111101 0.0541309 0.0068545 0.0279971 0.0258448 0.0082305 0.0026566 0.0026341 0.0068131 0.0000010 0.0000010 0.0026341 0.0027337 0.0026341 0.0133049 0.0187845 0.0111101 0.0134092 0.0113189 0.0106967 0.0106967 0.0212737 0.0158116 0.0135767 0.0232336 0.0164627 0.0117382 0.0132174 0.0120991 0.0161329 0.0111440 0.0481783 0.0107389 0.0052764 0.0026411 0.0475146 0.0421696 0.0162259 0.0000010 0.0000010 0.0211736 0.0026342 0.0107811 0.0166900 0.0161329 0.0247174 0.0031003 0.0000010 0.0029876 0.0028265 0.0054120 0.0026325 0.0055408 0.0034315 0.0027319 0.0000010 0.0798593 0.0000010 0.0000010 0.0158113 
Gmac39091_CASQ2    0.0190296 0.0271476 0.0207044 0.0159213 0.0159232 0.0191966 0.0191966 0.0158126 0.0052939 0.0132357 0.0564161 0.0138127 0.0093604 0.0542589 0.0158029 0.0031018 0.0031018 0.0031018 0.0031018 0.0228458 0.0191982 0.0636526 0.0124105 0.0191982 0.0129271 0.0031018 0.0000000 0.0000010 0.0158275 0.0646706 0.0103109 0.0329061 0.0328648 0.0124852 0.0062706 0.0062192 0.0102475 0.0031018 0.0031018 0.0062192 0.0062192 0.0062192 0.0188805 0.0226061 0.0158275 0.0190570 0.0187524 0.0158275 0.0158275 0.0266984 0.0190196 0.0190196 0.0271845 0.0228458 0.0176856 0.0193443 0.0158275 0.0222993 0.0132588 0.0575121 0.0000010 0.0031018 0.0062385 0.0563363 0.0489117 0.0224522 0.0031018 0.0000010 0.0247670 0.0000010 0.0159756 0.0221904 0.0222993 0.0289188 0.0062164 0.0038174 0.0062506 0.0062706 0.0108739 0.0062147 0.0094708 0.0068826 0.0062147 0.0031018 0.0878525 0.0031018 0.0031018 0.0190193 
Gmel_CASQ2         0.0148349 0.0271476 0.0179368 0.0139370 0.0133822 0.0161217 0.0167951 0.0123345 0.0043248 0.0104802 0.0435787 0.0123248 0.0089714 0.0443402 0.0158029 0.0026179 0.0027338 0.0026179 0.0029738 0.0176954 0.0161225 0.0538966 0.0099557 0.0167960 0.0129271 0.0026342 0.0000010 0.0000000 0.0138655 0.0566837 0.0103109 0.0307390 0.0286620 0.0109565 0.0053057 0.0052471 0.0102475 0.0031018 0.0027232 0.0048696 0.0054600 0.0052471 0.0147447 0.0226061 0.0138655 0.0160230 0.0151386 0.0133151 0.0133151 0.0266984 0.0190196 0.0162654 0.0271845 0.0176954 0.0146056 0.0164912 0.0151594 0.0173677 0.0110715 0.0468680 0.0079913 0.0026179 0.0048815 0.0462738 0.0418957 0.0174601 0.0027677 0.0000010 0.0247670 0.0000010 0.0134195 0.0194380 0.0173677 0.0289188 0.0062164 0.0038174 0.0059913 0.0056678 0.0108739 0.0052438 0.0082990 0.0068826 0.0054771 0.0029738 0.0759793 0.0026704 0.0024293 0.0190193 
Hamp_CASQ2         0.0193679 0.0132407 0.0088172 0.0166592 0.0166147 0.0194627 0.0194627 0.0193025 0.0131926 0.0186848 0.0397925 0.0209415 0.0190562 0.0405634 0.0188778 0.0110679 0.0111101 0.0110679 0.0126309 0.0256248 0.0139457 0.0676760 0.0176902 0.0139457 0.0194356 0.0111101 0.0158275 0.0138655 0.0000000 0.0595611 0.0102741 0.0283422 0.0283109 0.0138595 0.0139680 0.0138651 0.0172454 0.0126309 0.0110679 0.0138651 0.0138651 0.0138651 0.0164148 0.0036179 0.0000010 0.0026990 0.0038753 0.0000010 0.0000010 0.0000010 0.0030644 0.0026948 0.0074495 0.0256248 0.0000010 0.0000010 0.0000010 0.0194641 0.0175128 0.0433820 0.0226345 0.0166635 0.0139049 0.0427721 0.0483058 0.0194029 0.0112486 0.0000010 0.0245896 0.0138655 0.0138121 0.0222184 0.0194107 0.0286777 0.0158196 0.0115812 0.0159126 0.0144021 0.0280573 0.0138564 0.0168646 0.0175520 0.0139092 0.0126309 0.0879199 0.0112715 0.0110679 0.0093441 
Hippo_CASQ2        0.0572309 0.0994271 0.0676468 0.0593714 0.0568423 0.0598813 0.0625639 0.0597079 0.0314782 0.0248495 0.0630785 0.0723592 0.0624148 0.0617106 0.0715244 0.0537753 0.0563856 0.0537753 0.0583864 0.0525049 0.0600959 0.1042315 0.0343497 0.0628005 0.0698564 0.0541309 0.0646706 0.0566837 0.0595611 0.0000000 0.0632538 0.0752082 0.0767490 0.0531315 0.0574091 0.0542321 0.0656039 0.0611732 0.0561641 0.0542321 0.0566633 0.0542321 0.0599300 0.0737579 0.0595611 0.0575206 0.0567564 0.0570085 0.0570085 0.1140739 0.0616834 0.0551305 0.0894588 0.0525049 0.0629375 0.0716323 0.0621310 0.0517659 0.0353898 0.0650334 0.0664735 0.0595608 0.0568637 0.0641035 0.0970334 0.0627695 0.0571281 0.0078883 0.0660737 0.0566837 0.0598198 0.0537490 0.0517659 0.0775344 0.0646302 0.0724499 0.0621013 0.0616633 0.1124470 0.0566505 0.0630782 0.0723042 0.0594018 0.0583864 0.1000791 0.0549347 0.0537753 0.0685809 
Igeo_CASQ2         0.0206865 0.0197468 0.0137869 0.0172699 0.0172721 0.0208308 0.0208308 0.0137398 0.0062258 0.0151218 0.0506060 0.0208241 0.0137997 0.0481025 0.0171302 0.0068545 0.0068545 0.0068545 0.0068545 0.0213068 0.0138938 0.0745272 0.0140541 0.0138938 0.0140396 0.0068545 0.0103109 0.0103109 0.0102741 0.0632538 0.0000000 0.0249769 0.0249421 0.0068545 0.0104055 0.0103106 0.0152600 0.0068545 0.0068545 0.0103106 0.0103106 0.0103106 0.0102030 0.0150543 0.0102741 0.0137503 0.0093588 0.0102741 0.0102741 0.0155965 0.0137219 0.0137219 0.0193968 0.0213068 0.0115915 0.0115915 0.0102741 0.0137879 0.0146696 0.0516770 0.0103109 0.0137754 0.0103473 0.0505272 0.0500766 0.0104002 0.0068545 0.0000010 0.0154543 0.0103109 0.0104002 0.0137170 0.0137879 0.0178846 0.0103052 0.0086189 0.0103704 0.0104055 0.0164596 0.0103021 0.0139805 0.0115415 0.0103021 0.0068545 0.0929548 0.0068545 0.0068545 0.0137215 
Kbre_CASQ2         0.0389309 0.0413070 0.0335918 0.0343260 0.0332821 0.0361890 0.0342992 0.0334638 0.0272623 0.0254350 0.0460036 0.0211201 0.0286790 0.0469097 0.0324413 0.0278910 0.0258739 0.0278910 0.0318573 0.0345067 0.0278179 0.0697892 0.0316160 0.0257029 0.0402330 0.0279971 0.0329061 0.0307390 0.0283422 0.0752082 0.0249769 0.0000000 0.0109945 0.0286805 0.0309739 0.0250837 0.0287910 0.0295513 0.0257731 0.0250837 0.0228917 0.0250837 0.0219972 0.0425398 0.0283422 0.0275371 0.0269400 0.0303718 0.0303718 0.0434470 0.0327217 0.0278573 0.0478553 0.0345067 0.0334340 0.0337685 0.0346377 0.0309159 0.0349829 0.0497487 0.0399114 0.0335743 0.0249768 0.0490411 0.0603864 0.0190612 0.0262070 0.0000010 0.0368287 0.0307390 0.0163052 0.0317074 0.0308302 0.0339868 0.0328888 0.0325438 0.0353161 0.0298476 0.0468705 0.0307195 0.0320094 0.0366536 0.0287874 0.0318573 0.0857252 0.0284073 0.0278910 0.0357258 
Ksim_CASQ2         0.0370758 0.0412338 0.0335520 0.0342879 0.0341953 0.0371842 0.0371842 0.0343872 0.0226286 0.0225798 0.0499424 0.0254139 0.0295886 0.0509488 0.0324005 0.0257443 0.0258448 0.0257443 0.0295135 0.0324664 0.0256742 0.0685718 0.0253440 0.0256742 0.0401807 0.0258448 0.0328648 0.0286620 0.0283109 0.0767490 0.0249421 0.0109945 0.0000000 0.0286484 0.0288859 0.0228660 0.0325472 0.0295135 0.0257443 0.0228660 0.0228660 0.0228660 0.0255165 0.0424764 0.0283109 0.0312308 0.0279974 0.0283109 0.0283109 0.0433560 0.0326801 0.0285206 0.0477817 0.0324664 0.0312451 0.0337242 0.0324039 0.0288305 0.0329288 0.0538372 0.0380320 0.0315686 0.0287489 0.0530557 0.0603091 0.0167449 0.0261772 0.0000010 0.0367762 0.0286620 0.0139250 0.0316718 0.0287484 0.0339308 0.0328468 0.0368141 0.0330560 0.0298129 0.0467648 0.0286433 0.0319731 0.0366016 0.0287551 0.0295135 0.0909012 0.0262332 0.0257443 0.0356809 
Lacu_CASQ2         0.0222902 0.0271274 0.0149117 0.0195743 0.0195764 0.0224625 0.0224625 0.0194569 0.0086743 0.0147736 0.0491523 0.0206343 0.0156563 0.0478152 0.0222003 0.0081996 0.0082305 0.0081996 0.0093413 0.0228087 0.0167885 0.0682847 0.0139951 0.0167885 0.0194629 0.0082305 0.0124852 0.0109565 0.0138595 0.0531315 0.0068545 0.0286805 0.0286484 0.0000000 0.0110361 0.0109562 0.0171442 0.0093413 0.0081996 0.0109562 0.0109562 0.0109562 0.0165456 0.0187845 0.0138595 0.0166805 0.0119465 0.0138595 0.0138595 0.0212737 0.0190099 0.0166522 0.0232336 0.0228087 0.0152633 0.0131578 0.0158196 0.0195124 0.0173785 0.0507002 0.0195544 0.0137155 0.0109870 0.0499670 0.0452774 0.0196293 0.0083314 0.0077579 0.0247527 0.0109565 0.0139727 0.0194294 0.0195124 0.0288991 0.0124791 0.0115073 0.0125506 0.0113751 0.0163611 0.0109493 0.0138781 0.0138232 0.0109905 0.0093413 0.0798370 0.0083483 0.0081996 0.0190097 
Lalb_CASQ2         0.0161876 0.0225473 0.0180808 0.0140407 0.0135361 0.0163085 0.0169210 0.0134563 0.0087802 0.0142222 0.0477156 0.0124602 0.0090592 0.0454882 0.0159366 0.0026470 0.0027537 0.0026470 0.0030022 0.0193496 0.0163093 0.0660585 0.0134992 0.0169220 0.0130389 0.0026566 0.0062706 0.0053057 0.0139680 0.0574091 0.0104055 0.0309739 0.0288859 0.0110361 0.0000000 0.0053056 0.0103406 0.0031268 0.0027431 0.0053056 0.0054986 0.0053056 0.0160800 0.0228374 0.0139680 0.0162074 0.0153285 0.0134674 0.0134674 0.0212737 0.0191818 0.0163835 0.0232336 0.0193496 0.0147893 0.0166371 0.0153113 0.0189578 0.0140342 0.0482405 0.0135212 0.0079706 0.0053198 0.0506811 0.0419865 0.0190681 0.0027876 0.0079289 0.0211736 0.0053057 0.0135743 0.0195831 0.0189578 0.0247174 0.0062676 0.0000010 0.0060494 0.0000010 0.0054120 0.0053022 0.0027334 0.0034315 0.0055162 0.0030022 0.0797773 0.0026929 0.0026470 0.0191815 
Laus_CASQ2         0.0160032 0.0271454 0.0179362 0.0139366 0.0133819 0.0161212 0.0167945 0.0133039 0.0043248 0.0104802 0.0415105 0.0040889 0.0029792 0.0422944 0.0158024 0.0026179 0.0027337 0.0026179 0.0029738 0.0136187 0.0161220 0.0588404 0.0099557 0.0167955 0.0129267 0.0026341 0.0062192 0.0052471 0.0138651 0.0542321 0.0103106 0.0250837 0.0228660 0.0109562 0.0053056 0.0000000 0.0034024 0.0031018 0.0027232 0.0000010 0.0000010 0.0000010 0.0158980 0.0226048 0.0138651 0.0160226 0.0151380 0.0133148 0.0133148 0.0266960 0.0159564 0.0136317 0.0271826 0.0136187 0.0146052 0.0164906 0.0151589 0.0133486 0.0138685 0.0450333 0.0133674 0.0078822 0.0052609 0.0444165 0.0419865 0.0188480 0.0027676 0.0000010 0.0176251 0.0052471 0.0134191 0.0138436 0.0133486 0.0205749 0.0062163 0.0038173 0.0059912 0.0056677 0.0108734 0.0052438 0.0082988 0.0068824 0.0054770 0.0029738 0.0765358 0.0026704 0.0026179 0.0190186 
Lbor_CASQ2         0.0173370 0.0363887 0.0228492 0.0139300 0.0139300 0.0139782 0.0139782 0.0138245 0.0062348 0.0100398 0.0505274 0.0105545 0.0034024 0.0480277 0.0208575 0.0068131 0.0068131 0.0068131 0.0068131 0.0142905 0.0246659 0.0754415 0.0140677 0.0246659 0.0139300 0.0068131 0.0102475 0.0102475 0.0172454 0.0656039 0.0152600 0.0287910 0.0325472 0.0171442 0.0103406 0.0034024 0.0000000 0.0068131 0.0068131 0.0034024 0.0034024 0.0034024 0.0242130 0.0250556 0.0172454 0.0207686 0.0234756 0.0172454 0.0172454 0.0309861 0.0173992 0.0173992 0.0302266 0.0142905 0.0194741 0.0215046 0.0172454 0.0174202 0.0146355 0.0515942 0.0102475 0.0136881 0.0068131 0.0504489 0.0454674 0.0282596 0.0068131 0.0000010 0.0195496 0.0102475 0.0211092 0.0173277 0.0174202 0.0232442 0.0068131 0.0076453 0.0103059 0.0103406 0.0184652 0.0102391 0.0138912 0.0114614 0.0102391 0.0068131 0.0856229 0.0068131 0.0068131 0.0244100 
Lhos30470_CASQ2    0.0158194 0.0225473 0.0172071 0.0127049 0.0127064 0.0159583 0.0159583 0.0126178 0.0052939 0.0132357 0.0530129 0.0091756 0.0062242 0.0507789 0.0126108 0.0000010 0.0000010 0.0000010 0.0000010 0.0195336 0.0159592 0.0674628 0.0124105 0.0159592 0.0096704 0.0000010 0.0031018 0.0031018 0.0126309 0.0611732 0.0068545 0.0295513 0.0295135 0.0093413 0.0031268 0.0031018 0.0068131 0.0000000 0.0000010 0.0031018 0.0031018 0.0031018 0.0156964 0.0187845 0.0126309 0.0158418 0.0140100 0.0126309 0.0126309 0.0212737 0.0158116 0.0158116 0.0232336 0.0195336 0.0141092 0.0154280 0.0126309 0.0190690 0.0132588 0.0540401 0.0031018 0.0062147 0.0031106 0.0529375 0.0490364 0.0191994 0.0000010 0.0000010 0.0211736 0.0031018 0.0127480 0.0189768 0.0190690 0.0247174 0.0031003 0.0000010 0.0031175 0.0031268 0.0054120 0.0030986 0.0062973 0.0034315 0.0030986 0.0000010 0.0844132 0.0000010 0.0000010 0.0158113 
Lhos452_CASQ2      0.0138591 0.0225473 0.0149117 0.0111246 0.0111257 0.0139653 0.0139653 0.0110583 0.0043248 0.0110548 0.0462124 0.0081899 0.0062242 0.0471259 0.0126108 0.0000010 0.0000010 0.0000010 0.0000010 0.0170512 0.0139657 0.0649782 0.0104731 0.0139657 0.0096704 0.0000010 0.0031018 0.0027232 0.0110679 0.0561641 0.0068545 0.0257731 0.0257443 0.0081996 0.0027431 0.0027232 0.0068131 0.0000010 0.0000000 0.0027232 0.0027232 0.0027232 0.0137648 0.0187845 0.0110679 0.0138764 0.0119465 0.0110679 0.0110679 0.0212737 0.0158116 0.0138533 0.0232336 0.0170512 0.0121865 0.0131578 0.0126309 0.0166972 0.0115474 0.0499747 0.0111131 0.0054565 0.0027308 0.0492607 0.0419865 0.0167969 0.0000010 0.0000010 0.0211736 0.0027232 0.0111584 0.0166268 0.0166972 0.0247174 0.0031003 0.0000010 0.0031175 0.0028265 0.0054120 0.0027214 0.0055195 0.0034315 0.0027319 0.0000010 0.0828605 0.0000010 0.0000010 0.0158113 
Lobl_CASQ2         0.0148345 0.0271454 0.0179362 0.0139366 0.0133819 0.0161212 0.0167945 0.0123342 0.0043248 0.0104802 0.0383818 0.0040889 0.0029792 0.0390504 0.0158024 0.0026179 0.0027337 0.0026179 0.0029738 0.0126042 0.0161220 0.0539303 0.0099557 0.0167955 0.0129267 0.0026341 0.0062192 0.0048696 0.0138651 0.0542321 0.0103106 0.0250837 0.0228660 0.0109562 0.0053056 0.0000010 0.0034024 0.0031018 0.0027232 0.0000000 0.0000010 0.0000010 0.0147443 0.0226048 0.0138651 0.0160226 0.0151380 0.0133148 0.0133148 0.0266960 0.0159564 0.0136317 0.0271826 0.0126042 0.0146052 0.0164906 0.0151589 0.0123727 0.0138685 0.0415872 0.0133674 0.0078822 0.0048815 0.0410600 0.0419865 0.0174596 0.0027676 0.0000010 0.0176251 0.0052471 0.0134191 0.0138436 0.0123727 0.0205749 0.0062163 0.0038173 0.0059912 0.0056677 0.0108734 0.0052438 0.0082988 0.0068824 0.0054770 0.0029738 0.0706981 0.0026704 0.0024293 0.0190186 
Lobs_CASQ2         0.0166664 0.0271454 0.0179362 0.0139366 0.0139380 0.0167945 0.0167945 0.0138534 0.0043248 0.0110548 0.0433079 0.0040889 0.0031087 0.0441629 0.0158024 0.0027232 0.0027337 0.0027232 0.0031018 0.0141954 0.0167955 0.0617186 0.0104731 0.0167955 0.0129267 0.0027337 0.0062192 0.0054600 0.0138651 0.0566633 0.0103106 0.0228917 0.0228660 0.0109562 0.0054986 0.0000010 0.0034024 0.0031018 0.0027232 0.0000010 0.0000000 0.0000010 0.0165523 0.0226048 0.0138651 0.0166874 0.0159810 0.0138651 0.0138651 0.0266960 0.0159564 0.0139639 0.0271826 0.0141954 0.0152702 0.0164906 0.0158269 0.0139019 0.0144665 0.0470186 0.0139223 0.0082029 0.0054750 0.0463473 0.0419865 0.0196374 0.0027676 0.0000010 0.0176251 0.0054600 0.0139785 0.0138436 0.0139019 0.0205749 0.0062163 0.0038173 0.0062505 0.0056677 0.0108734 0.0054564 0.0082988 0.0068824 0.0054770 0.0031018 0.0799331 0.0027731 0.0027232 0.0190186 
LperAUS_CASQ2      0.0160032 0.0271454 0.0179362 0.0139366 0.0133819 0.0161212 0.0167945 0.0133039 0.0043248 0.0104802 0.0415105 0.0040889 0.0029792 0.0422944 0.0158024 0.0026179 0.0027337 0.0026179 0.0029738 0.0136187 0.0161220 0.0588404 0.0099557 0.0167955 0.0129267 0.0026341 0.0062192 0.0052471 0.0138651 0.0542321 0.0103106 0.0250837 0.0228660 0.0109562 0.0053056 0.0000010 0.0034024 0.0031018 0.0027232 0.0000010 0.0000010 0.0000000 0.0158980 0.0226048 0.0138651 0.0160226 0.0151380 0.0133148 0.0133148 0.0266960 0.0159564 0.0136317 0.0271826 0.0136187 0.0146052 0.0164906 0.0151589 0.0133486 0.0138685 0.0450333 0.0133674 0.0078822 0.0052609 0.0444165 0.0419865 0.0188480 0.0027676 0.0000010 0.0176251 0.0052471 0.0134191 0.0138436 0.0133486 0.0205749 0.0062163 0.0038173 0.0059912 0.0056677 0.0108734 0.0052438 0.0082988 0.0068824 0.0054770 0.0029738 0.0765358 0.0026704 0.0026179 0.0190186 
Lvex_CASQ1         0.0221034 0.0309723 0.0206237 0.0221359 0.0212037 0.0239424 0.0249337 0.0171092 0.0086903 0.0104802 0.0331332 0.0249193 0.0211658 0.0337073 0.0187442 0.0132222 0.0138169 0.0132222 0.0150390 0.0226279 0.0133083 0.0559465 0.0133211 0.0138582 0.0258068 0.0133049 0.0188805 0.0147447 0.0164148 0.0599300 0.0102030 0.0219972 0.0255165 0.0165456 0.0160800 0.0158980 0.0242130 0.0156964 0.0137648 0.0147443 0.0165523 0.0158980 0.0000000 0.0258912 0.0164148 0.0131087 0.0148046 0.0157721 0.0157721 0.0312074 0.0218467 0.0187262 0.0304789 0.0226279 0.0172787 0.0194748 0.0179235 0.0172358 0.0166695 0.0362457 0.0243035 0.0185728 0.0147818 0.0357873 0.0479914 0.0148223 0.0139882 0.0000010 0.0244148 0.0158985 0.0106244 0.0220935 0.0171939 0.0284406 0.0188710 0.0193748 0.0181799 0.0171906 0.0333044 0.0158885 0.0195722 0.0209238 0.0166047 0.0150390 0.0679194 0.0134901 0.0122641 0.0218466 
Mbid_CASQ2         0.0300436 0.0226327 0.0148612 0.0263444 0.0262505 0.0300469 0.0300469 0.0299071 0.0185662 0.0286360 0.0513393 0.0368448 0.0264777 0.0474158 0.0261086 0.0187845 0.0187845 0.0187845 0.0187845 0.0390478 0.0227246 0.0912083 0.0263698 0.0227246 0.0270327 0.0187845 0.0226061 0.0226061 0.0036179 0.0737579 0.0150543 0.0425398 0.0424764 0.0187845 0.0228374 0.0226048 0.0250556 0.0187845 0.0187845 0.0226048 0.0226048 0.0226048 0.0258912 0.0000000 0.0036179 0.0072652 0.0102731 0.0036179 0.0036179 0.0058159 0.0072499 0.0072499 0.0123906 0.0390478 0.0041110 0.0041110 0.0036179 0.0302460 0.0241116 0.0525256 0.0226061 0.0264246 0.0226954 0.0512523 0.0740703 0.0262332 0.0187845 0.0000010 0.0341613 0.0226061 0.0224244 0.0339677 0.0301332 0.0411418 0.0225923 0.0191857 0.0227534 0.0228374 0.0394845 0.0225863 0.0268677 0.0256037 0.0225863 0.0187845 0.1098463 0.0187845 0.0187845 0.0147851 
