89
Bacu_PCDH15         0.0000000 0.0189900 0.0149802 0.0014538 0.0029676 0.0014792 0.0014792 0.0074314 0.0023974 0.2689405 0.0487226 0.1557419 0.0566163 0.0052840 0.0539222 0.0535331 0.0538727 0.0539062 0.2907524 0.0051293 0.2784046 0.0053910 0.0066074 0.0014956 0.0539317 0.0547530 0.0539317 0.3825331 0.0148040 0.0376307 0.0396694 0.0327057 0.0370835 0.0552719 0.0537500 0.0523893 0.0499796 0.0504627 0.0555090 0.1542116 0.0547543 0.0539597 0.3849369 0.0176896 0.0147815 0.0140352 0.0157459 0.0147953 0.0140455 0.0175893 0.0147839 0.0140352 0.0145911 0.2891638 0.0140214 0.0132950 0.3600767 0.0418455 0.2720980 0.0556484 0.0547797 0.3205956 0.0371488 0.0214504 0.0547197 0.0312817 0.0363854 0.0539101 0.0166476 0.0366507 0.3034609 0.0384831 0.0542809 0.0530909 0.0530389 0.0539038 0.0580388 0.0529849 0.0552652 0.0523320 0.0513654 0.0538938 0.0538094 0.0546692 0.2696736 0.0547236 0.0147849 0.3133661 0.0174908 
Barn_PCDH15         0.0189900 0.0000000 0.0032236 0.0179042 0.0200562 0.0178825 0.0178825 0.0212609 0.0190221 0.0189513 0.0472047 0.0199959 0.0460459 0.0211078 0.0452709 0.0448132 0.0452116 0.0463187 0.0368625 0.0212884 0.0178472 0.0212884 0.0224004 0.0178825 0.0452116 0.0452116 0.0452116 0.0452116 0.0041297 0.0211717 0.0382645 0.0328652 0.0364028 0.0476481 0.0439194 0.0463951 0.0448132 0.0459855 0.0474464 0.0452116 0.0459814 0.0452116 0.0269831 0.0069845 0.0051660 0.0041297 0.0010626 0.0051728 0.0041340 0.0033520 0.0051672 0.0041297 0.0041991 0.0358483 0.0051699 0.0051762 0.0347036 0.0340846 0.0199425 0.0476111 0.0459702 0.0464950 0.0325577 0.0146800 0.0459747 0.0323309 0.0346125 0.0448132 0.0146800 0.0347036 0.0346629 0.0346125 0.0448132 0.0448132 0.0452116 0.0452116 0.0432149 0.0452184 0.0448132 0.0429544 0.0438045 0.0451678 0.0450716 0.0463395 0.0223043 0.0463321 0.0041297 0.0464015 0.0075942 
Bbai76728_PCDH15    0.0149802 0.0032236 0.0000000 0.0149996 0.0158690 0.0140945 0.0140945 0.0177615 0.0166495 0.0158467 0.0421632 0.0158228 0.0438944 0.0158387 0.0424606 0.0419743 0.0424140 0.0433394 0.0354868 0.0159503 0.0203333 0.0159503 0.0177605 0.0149585 0.0424685 0.0434316 0.0424685 0.0424685 0.0008629 0.0204577 0.0385874 0.0278485 0.0321135 0.0444946 0.0423012 0.0411268 0.0385422 0.0428694 0.0443380 0.0424685 0.0434322 0.0424940 0.0237227 0.0029925 0.0017268 0.0008629 0.0009000 0.0017287 0.0008636 0.0028956 0.0017272 0.0008629 0.0017979 0.0346330 0.0017279 0.0017304 0.0485229 0.0359871 0.0185283 0.0443956 0.0440665 0.0454439 0.0311308 0.0105073 0.0434009 0.0260322 0.0310475 0.0424685 0.0105247 0.0302618 0.0407175 0.0310475 0.0424685 0.0424685 0.0420254 0.0424685 0.0442295 0.0419751 0.0419697 0.0424685 0.0380341 0.0424343 0.0423595 0.0433557 0.0186593 0.0424685 0.0008629 0.0434593 0.0035937 
BbonAUS_PCDH15      0.0014538 0.0179042 0.0149996 0.0000000 0.0029718 0.0014813 0.0014813 0.0029236 0.0015968 0.0194143 0.0452160 0.0186043 0.0541544 0.0052918 0.0509211 0.0499325 0.0508741 0.0508174 0.0368932 0.0051280 0.0224554 0.0053895 0.0066058 0.0014978 0.0509298 0.0517518 0.0509298 0.0509298 0.0148326 0.0217143 0.0373323 0.0319482 0.0362122 0.0530084 0.0507582 0.0491233 0.0463788 0.0496634 0.0525130 0.0509298 0.0516175 0.0509562 0.0234655 0.0177044 0.0148100 0.0140623 0.0157784 0.0148239 0.0140726 0.0176133 0.0148124 0.0140623 0.0146205 0.0361743 0.0140484 0.0133206 0.0711124 0.0392935 0.0216662 0.0526441 0.0515450 0.0534760 0.0362769 0.0163492 0.0515849 0.0299780 0.0339846 0.0507728 0.0163233 0.0341206 0.0429748 0.0359423 0.0510750 0.0507728 0.0499484 0.0509298 0.0548666 0.0498976 0.0518458 0.0492823 0.0474587 0.0508942 0.0508153 0.0516731 0.0195032 0.0517243 0.0148134 0.0517802 0.0175122 
Bbor_PCDH15         0.0029676 0.0200562 0.0158690 0.0029718 0.0000000 0.0029627 0.0029627 0.0052297 0.0040021 0.0213484 0.0464056 0.0205147 0.0532110 0.0069508 0.0511691 0.0489242 0.0511208 0.0501954 0.0376620 0.0067429 0.0236626 0.0061625 0.0082573 0.0030593 0.0511781 0.0520165 0.0511781 0.0511781 0.0166598 0.0244964 0.0409545 0.0351241 0.0371425 0.0529579 0.0510019 0.0502947 0.0475832 0.0499786 0.0527937 0.0511781 0.0519358 0.0512051 0.0260452 0.0176409 0.0166339 0.0158696 0.0177293 0.0166498 0.0158815 0.0189951 0.0166367 0.0158696 0.0165127 0.0369297 0.0158535 0.0151122 0.0513756 0.0411527 0.0236479 0.0529284 0.0518725 0.0537773 0.0380678 0.0182108 0.0519029 0.0323160 0.0356112 0.0510729 0.0178759 0.0350105 0.0438851 0.0359452 0.0510729 0.0510729 0.0501830 0.0511781 0.0541897 0.0517928 0.0511652 0.0495415 0.0477380 0.0511415 0.0510604 0.0519363 0.0214482 0.0519880 0.0158696 0.0520459 0.0187500 
Bede66737_PCDH15    0.0014792 0.0178825 0.0140945 0.0014813 0.0029627 0.0000000 0.0000010 0.0037230 0.0023932 0.0190208 0.0462719 0.0181970 0.0532141 0.0046221 0.0503004 0.0489277 0.0502530 0.0493032 0.0368272 0.0044849 0.0213281 0.0046172 0.0059916 0.0015247 0.0503091 0.0511464 0.0503091 0.0503091 0.0143568 0.0221532 0.0374384 0.0326609 0.0371459 0.0520836 0.0501365 0.0493999 0.0466124 0.0489570 0.0519228 0.0503091 0.0510398 0.0503348 0.0230375 0.0166909 0.0143346 0.0135730 0.0152761 0.0143482 0.0135831 0.0170417 0.0143370 0.0135730 0.0141219 0.0360944 0.0135593 0.0128173 0.0505031 0.0402155 0.0213149 0.0520545 0.0509469 0.0529024 0.0363190 0.0159002 0.0510069 0.0310637 0.0347525 0.0501780 0.0155099 0.0341269 0.0430275 0.0359484 0.0501780 0.0501780 0.0492902 0.0503091 0.0541936 0.0492391 0.0511685 0.0486752 0.0477418 0.0502734 0.0501941 0.0510673 0.0190535 0.0511188 0.0135730 0.0511750 0.0170320 
BedeAUS_PCDH15      0.0014792 0.0178825 0.0140945 0.0014813 0.0029627 0.0000010 0.0000000 0.0037230 0.0023932 0.0190208 0.0462719 0.0181970 0.0532141 0.0046221 0.0503004 0.0489277 0.0502530 0.0493032 0.0368272 0.0044849 0.0213281 0.0046172 0.0059916 0.0015247 0.0503091 0.0511464 0.0503091 0.0503091 0.0143568 0.0221532 0.0374384 0.0326609 0.0371459 0.0520836 0.0501365 0.0493999 0.0466124 0.0489570 0.0519228 0.0503091 0.0510398 0.0503348 0.0230375 0.0166909 0.0143346 0.0135730 0.0152761 0.0143482 0.0135831 0.0170417 0.0143370 0.0135730 0.0141219 0.0360944 0.0135593 0.0128173 0.0505031 0.0402155 0.0213149 0.0520545 0.0509469 0.0529024 0.0363190 0.0159002 0.0510069 0.0310637 0.0347525 0.0501780 0.0155099 0.0341269 0.0430275 0.0359484 0.0501780 0.0501780 0.0492902 0.0503091 0.0541936 0.0492391 0.0511685 0.0486752 0.0477418 0.0502734 0.0501941 0.0510673 0.0190535 0.0511188 0.0135730 0.0511750 0.0170320 
Bmus_PCDH15         0.0074314 0.0212609 0.0177615 0.0029236 0.0052297 0.0037230 0.0037230 0.0000000 0.0048301 0.2805407 0.0516444 0.1608675 0.0595946 0.0076007 0.0566201 0.0567200 0.0565679 0.0566829 0.2997558 0.0066310 0.2888611 0.0069724 0.0081199 0.0037648 0.0566304 0.0574579 0.0566304 0.3935528 0.0171380 0.0419412 0.0409830 0.0352779 0.0390405 0.0580456 0.0564379 0.0551641 0.0529873 0.0523599 0.0582153 0.1627828 0.0575387 0.0566601 0.3972358 0.0197942 0.0171118 0.0163585 0.0182352 0.0171278 0.0163706 0.0205343 0.0171145 0.0163585 0.0170108 0.2981916 0.0163422 0.0156134 0.3723293 0.0447250 0.2836596 0.0583634 0.0576516 0.3317498 0.0400300 0.0271577 0.0575020 0.0326419 0.0390189 0.0566884 0.0190453 0.0394259 0.3148769 0.0412812 0.0571231 0.0558638 0.0558099 0.0566008 0.0605645 0.0557527 0.0583051 0.0550208 0.0546380 0.0565901 0.0564998 0.0573688 0.2761073 0.0574265 0.0171157 0.3197663 0.0201377 
Bphy_baits_PCDH15   0.0023974 0.0190221 0.0166495 0.0015968 0.0040021 0.0023932 0.0023932 0.0048301 0.0000000 0.0205126 0.0475136 0.0204584 0.0511051 0.0064319 0.0477900 0.0468395 0.0477417 0.0485955 0.0360307 0.0064604 0.0213376 0.0066670 0.0080926 0.0016499 0.0477417 0.0477417 0.0477417 0.0477417 0.0171579 0.0239006 0.0387042 0.0347563 0.0387915 0.0496289 0.0467349 0.0495469 0.0454915 0.0456599 0.0494660 0.0477417 0.0484397 0.0477685 0.0253882 0.0196772 0.0171290 0.0163041 0.0183347 0.0171467 0.0163172 0.0189023 0.0171321 0.0163041 0.0160236 0.0352460 0.0162863 0.0154862 0.0369226 0.0370656 0.0230040 0.0495992 0.0460770 0.0496364 0.0361046 0.0171101 0.0484063 0.0324287 0.0360722 0.0475187 0.0167018 0.0344347 0.0390163 0.0372730 0.0475187 0.0475187 0.0454728 0.0477417 0.0505313 0.0454782 0.0471685 0.0459979 0.0500477 0.0477058 0.0476264 0.0486124 0.0223364 0.0486065 0.0163041 0.0486631 0.0194387 
Btau_PCDH15         0.2689405 0.0189513 0.0158467 0.0194143 0.0213484 0.0190208 0.0190208 0.2805407 0.0205126 0.0000000 0.0515225 0.1072062 0.0575505 0.0224193 0.0580454 0.0573880 0.0579921 0.0581495 0.0600449 0.0202343 0.0431007 0.0196651 0.0217722 0.0191672 0.0580561 0.0588822 0.0580561 0.0909986 0.0170208 0.2650673 0.0446578 0.0350926 0.0371166 0.0595029 0.0578590 0.0532354 0.0527249 0.0551866 0.0596358 0.3133908 0.0590045 0.0580865 0.0490247 0.0186198 0.0169949 0.0162478 0.0173088 0.0170107 0.0162597 0.0194279 0.0169976 0.0162478 0.0176766 0.0588335 0.0162576 0.0170251 0.0908764 0.0464957 0.0176551 0.0597879 0.0600560 0.0744377 0.0398612 0.2695976 0.0589670 0.0330576 0.0397459 0.0581560 0.0189713 0.0410733 0.0658734 0.0402604 0.0586220 0.0573334 0.0581424 0.0580258 0.0626298 0.0580827 0.0580503 0.0564505 0.0523610 0.0580147 0.0579219 0.0587906 0.0367128 0.0588498 0.0169988 0.0735784 0.0182818 
Ccom40_PCDH15       0.0487226 0.0472047 0.0421632 0.0452160 0.0464056 0.0462719 0.0462719 0.0516444 0.0475136 0.0515225 0.0000000 0.0505817 0.0033785 0.0506997 0.0048164 0.0053634 0.0048117 0.0064254 0.0230786 0.0491400 0.0525115 0.0511522 0.0509508 0.0458059 0.0048117 0.0048117 0.0048117 0.0048117 0.0401048 0.0554123 0.0340628 0.0444945 0.0457390 0.0066024 0.0056290 0.0031993 0.0042412 0.0053861 0.0056298 0.0048117 0.0056168 0.0048117 0.0300727 0.0457603 0.0400314 0.0391607 0.0420370 0.0400751 0.0391937 0.0455871 0.0400381 0.0391607 0.0397806 0.0222835 0.0409194 0.0401152 0.0421780 0.0228045 0.0536160 0.0048175 0.0041323 0.0072380 0.0313389 0.0409695 0.0056161 0.0237505 0.0239920 0.0048117 0.0385415 0.0235715 0.0267686 0.0244899 0.0049203 0.0048117 0.0049605 0.0048117 0.0052944 0.0058061 0.0043848 0.0048117 0.0044430 0.0056234 0.0056413 0.0048228 0.0528071 0.0048117 0.0382907 0.0056218 0.0442448 
Cela_PCDH15         0.1557419 0.0199959 0.0158228 0.0186043 0.0205147 0.0181970 0.0181970 0.1608675 0.0204584 0.1072062 0.0505817 0.0000000 0.0566810 0.0215702 0.0563439 0.0564514 0.0562922 0.0563984 0.1529228 0.0194185 0.1274909 0.0196384 0.0209497 0.0183367 0.0563541 0.0571772 0.0563541 0.2137839 0.0162263 0.1555364 0.0432499 0.0341727 0.0370390 0.0577546 0.0561636 0.0523488 0.0517596 0.0530928 0.0579309 0.2230640 0.0572494 0.0563835 0.1715217 0.0196065 0.0162017 0.0154576 0.0148675 0.0162168 0.0154689 0.0175115 0.0162043 0.0154576 0.0168494 0.1538921 0.0154669 0.0162305 0.2043208 0.0444797 0.1119021 0.0580775 0.0582418 0.1793065 0.0397998 0.1568996 0.0572131 0.0349815 0.0387513 0.0564037 0.0181498 0.0400178 0.1617812 0.0401374 0.0568297 0.0555835 0.0563899 0.0571947 0.0593112 0.0563322 0.0571587 0.0547528 0.0524066 0.0563142 0.0569322 0.0570890 0.1198071 0.0571461 0.0162054 0.1762158 0.0182556 
Chea7320_PCDH15     0.0566163 0.0460459 0.0438944 0.0541544 0.0532110 0.0532141 0.0532141 0.0595946 0.0511051 0.0575505 0.0033785 0.0566810 0.0000000 0.0550637 0.0023752 0.0017266 0.0023729 0.0032849 0.0236868 0.0552290 0.0583599 0.0552290 0.0570465 0.0549241 0.0015794 0.0023712 0.0015794 0.0015794 0.0452733 0.0625019 0.0329591 0.0497268 0.0507476 0.0039672 0.0039707 0.0000010 0.0017205 0.0027536 0.0031632 0.0015794 0.0023704 0.0015794 0.0342047 0.0476591 0.0460579 0.0451848 0.0475875 0.0461081 0.0452225 0.0476370 0.0460654 0.0451848 0.0451471 0.0228996 0.0469504 0.0461548 0.0289580 0.0262941 0.0606202 0.0031661 0.0032661 0.0039610 0.0338042 0.0480083 0.0023701 0.0207374 0.0226425 0.0015794 0.0448890 0.0224892 0.0299339 0.0226955 0.0015794 0.0015794 0.0016279 0.0015794 0.0020120 0.0040824 0.0025072 0.0015794 0.0018151 0.0023731 0.0031695 0.0031671 0.0597709 0.0015794 0.0451848 0.0023725 0.0481723 
Cmar59905_PCDH15    0.0052840 0.0211078 0.0158387 0.0052918 0.0069508 0.0046221 0.0046221 0.0076007 0.0064319 0.0224193 0.0506997 0.0215702 0.0550637 0.0000000 0.0516055 0.0527432 0.0515565 0.0532189 0.0355004 0.0075955 0.0247905 0.0079993 0.0091324 0.0046647 0.0516146 0.0524604 0.0516146 0.0516146 0.0176579 0.0248057 0.0396724 0.0364428 0.0394990 0.0537712 0.0514356 0.0507379 0.0470592 0.0514595 0.0532426 0.0516146 0.0523926 0.0516421 0.0264943 0.0186303 0.0176310 0.0168548 0.0179479 0.0176480 0.0168676 0.0204076 0.0176339 0.0168548 0.0174774 0.0355277 0.0168374 0.0160871 0.0705550 0.0377355 0.0247501 0.0533796 0.0523427 0.0542354 0.0395688 0.0184071 0.0523584 0.0299662 0.0333689 0.0515219 0.0176138 0.0334770 0.0417203 0.0352690 0.0518505 0.0515219 0.0506245 0.0516146 0.0546729 0.0505715 0.0516543 0.0499652 0.0493934 0.0515774 0.0514949 0.0523782 0.0225257 0.0524317 0.0176351 0.0524900 0.0199105 
Dcap108471_PCDH15   0.0539222 0.0452709 0.0424606 0.0509211 0.0511691 0.0503004 0.0503004 0.0566201 0.0477900 0.0580454 0.0048164 0.0563439 0.0023752 0.0516055 0.0000000 0.0008540 0.0000010 0.0014942 0.0231092 0.0518899 0.0587607 0.0538613 0.0535427 0.0514871 0.0007225 0.0014462 0.0007225 0.0007225 0.0427960 0.0616361 0.0316105 0.0481376 0.0514344 0.0029606 0.0014477 0.0014995 0.0000010 0.0017115 0.0021696 0.0007225 0.0014878 0.0007228 0.0335409 0.0463324 0.0435148 0.0427201 0.0447731 0.0435583 0.0427529 0.0458794 0.0435213 0.0427201 0.0426705 0.0223900 0.0443262 0.0435981 0.0543042 0.0248666 0.0599282 0.0028994 0.0023010 0.0036236 0.0319948 0.0460733 0.0014870 0.0201241 0.0216080 0.0007422 0.0424922 0.0211055 0.0287924 0.0219941 0.0007587 0.0007438 0.0007420 0.0007225 0.0009686 0.0014854 0.0000010 0.0021726 0.0000010 0.0014473 0.0021735 0.0007219 0.0591529 0.0014457 0.0419258 0.0014469 0.0465732 
Dcap79929_PCDH15    0.0535331 0.0448132 0.0419743 0.0499325 0.0489242 0.0489277 0.0489277 0.0567200 0.0468395 0.0573880 0.0053634 0.0564514 0.0017266 0.0527432 0.0008540 0.0000000 0.0008531 0.0017069 0.0229485 0.0510729 0.0564229 0.0510729 0.0530247 0.0506284 0.0000010 0.0008525 0.0000010 0.0000010 0.0413676 0.0606001 0.0330022 0.0465621 0.0494025 0.0025669 0.0025693 0.0017822 0.0000010 0.0009248 0.0017051 0.0000010 0.0008521 0.0000010 0.0329659 0.0456446 0.0422199 0.0412813 0.0432616 0.0422697 0.0413188 0.0461122 0.0422274 0.0412813 0.0425088 0.0220965 0.0431780 0.0423153 0.0381519 0.0249604 0.0590262 0.0017068 0.0017083 0.0034187 0.0302519 0.0451227 0.0008520 0.0195333 0.0211269 0.0000010 0.0406131 0.0201828 0.0296952 0.0211269 0.0000010 0.0000010 0.0000010 0.0000010 0.0000010 0.0025624 0.0008755 0.0000010 0.0000010 0.0008532 0.0017088 0.0017074 0.0587475 0.0000010 0.0412813 0.0008529 0.0446393 
DdelSJR_PCDH15      0.0538727 0.0452116 0.0424140 0.0508741 0.0511208 0.0502530 0.0502530 0.0565679 0.0477417 0.0579921 0.0048117 0.0562922 0.0023729 0.0515565 0.0000010 0.0008531 0.0000000 0.0014929 0.0230883 0.0518418 0.0587069 0.0538089 0.0534932 0.0514383 0.0007218 0.0014449 0.0007218 0.0007218 0.0427563 0.0615793 0.0315677 0.0480918 0.0513804 0.0029579 0.0014464 0.0014981 0.0000010 0.0017097 0.0021676 0.0007218 0.0014865 0.0007222 0.0335023 0.0462759 0.0434745 0.0426805 0.0447289 0.0435179 0.0427134 0.0458262 0.0434810 0.0426805 0.0426296 0.0223698 0.0442862 0.0435577 0.0542518 0.0248417 0.0598732 0.0028968 0.0022988 0.0036203 0.0319616 0.0460306 0.0014856 0.0200952 0.0215877 0.0007425 0.0424508 0.0210847 0.0287662 0.0219724 0.0007580 0.0007431 0.0007423 0.0007218 0.0009675 0.0014841 0.0000010 0.0021707 0.0000010 0.0014460 0.0021716 0.0007213 0.0590984 0.0014444 0.0418870 0.0014456 0.0465247 
Ddeltrop4525_PCDH15 0.0539062 0.0463187 0.0433394 0.0508174 0.0501954 0.0493032 0.0493032 0.0566829 0.0485955 0.0581495 0.0064254 0.0563984 0.0032849 0.0532189 0.0014942 0.0017069 0.0014929 0.0000000 0.0238942 0.0518143 0.0580767 0.0529325 0.0535155 0.0513976 0.0022427 0.0029929 0.0022427 0.0022427 0.0424561 0.0609575 0.0304687 0.0479474 0.0513464 0.0038280 0.0029960 0.0031072 0.0016919 0.0034251 0.0037415 0.0022427 0.0030821 0.0022437 0.0327829 0.0473061 0.0431966 0.0423787 0.0444294 0.0432410 0.0424123 0.0478416 0.0432033 0.0423787 0.0431492 0.0231518 0.0440316 0.0432817 0.0554141 0.0257545 0.0600874 0.0045004 0.0039765 0.0052494 0.0303386 0.0457274 0.0030803 0.0225357 0.0223693 0.0023092 0.0410950 0.0210224 0.0297859 0.0218912 0.0015710 0.0023112 0.0023087 0.0022427 0.0020129 0.0030769 0.0016760 0.0037470 0.0017711 0.0029951 0.0037486 0.0022408 0.0592900 0.0029917 0.0415613 0.0029943 0.0463127 
Dleu_PCDH15         0.2907524 0.0368625 0.0354868 0.0368932 0.0376620 0.0368272 0.0368272 0.2997558 0.0360307 0.0600449 0.0230786 0.1529228 0.0236868 0.0355004 0.0231092 0.0229485 0.0230883 0.0238942 0.0000000 0.0377982 0.0644393 0.0398292 0.0394055 0.0370875 0.0231119 0.0238768 0.0231119 0.0399819 0.0329389 0.3100430 0.0270787 0.0380270 0.0420800 0.0229418 0.0230398 0.0231538 0.0218049 0.0203247 0.0239200 0.2565534 0.0230131 0.0231227 0.0152449 0.0375145 0.0336627 0.0328829 0.0351234 0.0336956 0.0329077 0.0374568 0.0336679 0.0328829 0.0324802 0.0016518 0.0344561 0.0337257 0.0313719 0.0072603 0.0620410 0.0231680 0.0229468 0.0224194 0.0213450 0.2897025 0.0229996 0.0069328 0.0037575 0.0222259 0.0305073 0.0047497 0.0101230 0.0039638 0.0219113 0.0214521 0.0237909 0.0231010 0.0251369 0.0246012 0.0242013 0.0215997 0.0209739 0.0238945 0.0232505 0.0231441 0.0598055 0.0238662 0.0336702 0.0233855 0.0371975 
EausAUS_PCDH15      0.0051293 0.0212884 0.0159503 0.0051280 0.0067429 0.0044849 0.0044849 0.0066310 0.0064604 0.0202343 0.0491400 0.0194185 0.0552290 0.0075955 0.0518899 0.0510729 0.0518418 0.0518143 0.0377982 0.0000000 0.0232879 0.0000010 0.0014508 0.0052855 0.0518989 0.0527242 0.0518989 0.0518989 0.0156309 0.0225446 0.0386782 0.0337157 0.0372606 0.0540086 0.0517233 0.0510531 0.0484600 0.0498561 0.0534870 0.0518989 0.0526172 0.0519259 0.0255066 0.0187774 0.0156070 0.0148562 0.0166315 0.0156216 0.0148672 0.0195931 0.0156095 0.0148562 0.0154481 0.0370784 0.0148414 0.0141118 0.0722218 0.0402502 0.0224943 0.0536214 0.0525757 0.0544562 0.0382636 0.0171546 0.0525838 0.0326877 0.0357879 0.0517691 0.0171657 0.0360211 0.0439155 0.0378624 0.0520945 0.0517691 0.0509419 0.0518989 0.0548446 0.0508898 0.0529379 0.0502447 0.0497245 0.0518624 0.0517814 0.0526435 0.0210977 0.0526959 0.0156106 0.0518776 0.0184210 
Ecab_PCDH15         0.2784046 0.0178472 0.0203333 0.0224554 0.0236626 0.0213281 0.0213281 0.2888611 0.0213376 0.0431007 0.0525115 0.1274909 0.0583599 0.0247905 0.0587607 0.0564229 0.0587069 0.0580767 0.0644393 0.0232879 0.0000000 0.0236862 0.0248339 0.0222882 0.0587716 0.0595960 0.0587716 0.0896941 0.0200292 0.2794766 0.0420963 0.0374591 0.0388716 0.0593600 0.0585724 0.0549799 0.0545586 0.0549972 0.0603469 0.3237891 0.0597391 0.0588024 0.0496658 0.0226605 0.0199984 0.0192485 0.0204896 0.0200172 0.0192626 0.0232192 0.0200016 0.0192485 0.0208034 0.0632293 0.0207569 0.0200342 0.0910871 0.0443460 0.0452580 0.0605008 0.0608115 0.0763779 0.0415190 0.2794525 0.0597011 0.0375794 0.0412937 0.0588924 0.0228083 0.0418095 0.0662549 0.0427823 0.0584784 0.0580716 0.0588789 0.0587410 0.0624484 0.0588185 0.0606854 0.0571696 0.0554482 0.0587297 0.0593391 0.0595034 0.0385701 0.0595633 0.0200030 0.0757029 0.0233688 
Egla13086_PCDH15    0.0053910 0.0212884 0.0159503 0.0053895 0.0061625 0.0046172 0.0046172 0.0069724 0.0066670 0.0196651 0.0511522 0.0196384 0.0552290 0.0079993 0.0538613 0.0510729 0.0538089 0.0529325 0.0398292 0.0000010 0.0236862 0.0000000 0.0015241 0.0055639 0.0538714 0.0547422 0.0538714 0.0538714 0.0164445 0.0229287 0.0403956 0.0346697 0.0381801 0.0557237 0.0536786 0.0530427 0.0504249 0.0520627 0.0555438 0.0538714 0.0546900 0.0539010 0.0272119 0.0187774 0.0164181 0.0156278 0.0175385 0.0164342 0.0156399 0.0200948 0.0164209 0.0156278 0.0162836 0.0390749 0.0156114 0.0148446 0.0540863 0.0426202 0.0228748 0.0556917 0.0547148 0.0565719 0.0382636 0.0180481 0.0546533 0.0337779 0.0377745 0.0537940 0.0176973 0.0372187 0.0463137 0.0378624 0.0537940 0.0537940 0.0529213 0.0538714 0.0552932 0.0528641 0.0532669 0.0521259 0.0500003 0.0538313 0.0537418 0.0546534 0.0222079 0.0547111 0.0156278 0.0538482 0.0188432 
Ejap43864_PCDH15    0.0066074 0.0224004 0.0177605 0.0066058 0.0082573 0.0059916 0.0059916 0.0081199 0.0080926 0.0217722 0.0509508 0.0209497 0.0570465 0.0091324 0.0535427 0.0530247 0.0534932 0.0535155 0.0394055 0.0014508 0.0248339 0.0015241 0.0000000 0.0068090 0.0535522 0.0543793 0.0535522 0.0535522 0.0171519 0.0240902 0.0410530 0.0353466 0.0390676 0.0557051 0.0533704 0.0527563 0.0503101 0.0507828 0.0551413 0.0535522 0.0543195 0.0535802 0.0265018 0.0208025 0.0171256 0.0163726 0.0182519 0.0171417 0.0163847 0.0205646 0.0171284 0.0163726 0.0170249 0.0386876 0.0163563 0.0156258 0.0740155 0.0420385 0.0240361 0.0552807 0.0543314 0.0561166 0.0400766 0.0186802 0.0542849 0.0352050 0.0374430 0.0534697 0.0187617 0.0377653 0.0448327 0.0396152 0.0538333 0.0534697 0.0526416 0.0535522 0.0570682 0.0525877 0.0547952 0.0518941 0.0517343 0.0535143 0.0534300 0.0542956 0.0226454 0.0543500 0.0171295 0.0535303 0.0201366 
Erob133443_PCDH15   0.0014956 0.0178825 0.0149585 0.0014978 0.0030593 0.0015247 0.0015247 0.0037648 0.0016499 0.0191672 0.0458059 0.0183367 0.0549241 0.0046647 0.0514871 0.0506284 0.0514383 0.0513976 0.0370875 0.0052855 0.0222882 0.0055639 0.0068090 0.0000000 0.0514962 0.0523398 0.0514962 0.0514962 0.0144668 0.0223236 0.0379772 0.0320652 0.0370882 0.0536444 0.0496422 0.0497495 0.0469995 0.0495345 0.0531202 0.0514962 0.0522685 0.0515236 0.0243619 0.0176500 0.0144442 0.0136769 0.0145575 0.0144581 0.0136872 0.0172557 0.0144466 0.0136769 0.0142346 0.0363501 0.0136630 0.0129156 0.0722765 0.0405525 0.0206949 0.0532565 0.0504244 0.0541101 0.0371536 0.0160217 0.0522345 0.0299780 0.0341650 0.0514001 0.0159739 0.0343149 0.0433328 0.0361932 0.0517247 0.0514001 0.0505050 0.0514962 0.0558811 0.0504523 0.0525385 0.0498508 0.0481719 0.0514592 0.0513771 0.0522580 0.0192573 0.0523112 0.0144476 0.0523693 0.0171885 
Fatt_PCDH15         0.0539317 0.0452116 0.0424685 0.0509298 0.0511781 0.0503091 0.0503091 0.0566304 0.0477417 0.0580561 0.0048117 0.0563541 0.0015794 0.0516146 0.0007225 0.0000010 0.0007218 0.0022427 0.0231119 0.0518989 0.0587716 0.0538714 0.0535522 0.0514962 0.0000000 0.0007214 0.0000010 0.0000010 0.0428027 0.0616480 0.0315677 0.0481458 0.0514444 0.0022151 0.0021727 0.0014981 0.0000010 0.0008534 0.0014430 0.0000010 0.0007421 0.0000010 0.0335467 0.0463423 0.0435216 0.0427267 0.0447807 0.0435651 0.0427596 0.0458887 0.0435282 0.0427267 0.0426774 0.0223926 0.0443332 0.0436050 0.0543143 0.0248699 0.0599395 0.0021694 0.0015301 0.0028920 0.0319997 0.0460808 0.0007417 0.0200952 0.0215877 0.0000010 0.0424992 0.0210847 0.0287961 0.0219724 0.0000010 0.0000010 0.0000010 0.0000010 0.0000010 0.0022294 0.0008065 0.0014450 0.0000010 0.0007219 0.0014456 0.0014446 0.0591640 0.0007211 0.0419322 0.0007217 0.0465818 
Ggri_PCDH15         0.0547530 0.0452116 0.0434316 0.0517518 0.0520165 0.0511464 0.0511464 0.0574579 0.0477417 0.0588822 0.0048117 0.0571772 0.0023712 0.0524604 0.0014462 0.0008525 0.0014449 0.0029929 0.0238768 0.0527242 0.0595960 0.0547422 0.0543793 0.0523398 0.0007214 0.0000000 0.0007214 0.0007214 0.0436152 0.0624815 0.0315677 0.0489881 0.0523771 0.0029560 0.0028995 0.0014981 0.0000010 0.0017085 0.0021663 0.0007214 0.0014855 0.0007217 0.0345415 0.0474194 0.0443331 0.0435375 0.0456483 0.0443775 0.0435711 0.0469118 0.0443398 0.0435375 0.0435179 0.0231581 0.0451470 0.0444182 0.0534549 0.0240199 0.0607679 0.0028950 0.0022973 0.0036181 0.0328947 0.0468988 0.0014847 0.0200952 0.0215877 0.0007420 0.0433532 0.0210847 0.0280165 0.0219724 0.0007575 0.0007427 0.0007419 0.0007214 0.0009666 0.0029752 0.0016159 0.0021694 0.0000010 0.0014451 0.0021702 0.0021688 0.0599950 0.0014435 0.0427423 0.0014447 0.0475028 
Gmac39091_PCDH15    0.0539317 0.0452116 0.0424685 0.0509298 0.0511781 0.0503091 0.0503091 0.0566304 0.0477417 0.0580561 0.0048117 0.0563541 0.0015794 0.0516146 0.0007225 0.0000010 0.0007218 0.0022427 0.0231119 0.0518989 0.0587716 0.0538714 0.0535522 0.0514962 0.0000010 0.0007214 0.0000000 0.0000010 0.0428027 0.0616480 0.0315677 0.0481458 0.0514444 0.0022151 0.0021727 0.0014981 0.0000010 0.0008534 0.0014430 0.0000010 0.0007421 0.0000010 0.0335467 0.0463423 0.0435216 0.0427267 0.0447807 0.0435651 0.0427596 0.0458887 0.0435282 0.0427267 0.0426774 0.0223926 0.0443332 0.0436050 0.0543143 0.0248699 0.0599395 0.0021694 0.0015301 0.0028920 0.0319997 0.0460808 0.0007417 0.0200952 0.0215877 0.0000010 0.0424992 0.0210847 0.0287961 0.0219724 0.0000010 0.0000010 0.0000010 0.0000010 0.0000010 0.0022294 0.0008065 0.0014450 0.0000010 0.0007219 0.0014456 0.0014446 0.0591640 0.0007211 0.0419322 0.0007217 0.0465818 
Gmel_PCDH15         0.3825331 0.0452116 0.0424685 0.0509298 0.0511781 0.0503091 0.0503091 0.3935528 0.0477417 0.0909986 0.0048117 0.2137839 0.0015794 0.0516146 0.0007225 0.0000010 0.0007218 0.0022427 0.0399819 0.0518989 0.0896941 0.0538714 0.0535522 0.0514962 0.0000010 0.0007214 0.0000010 0.0000000 0.0428027 0.3880374 0.0315677 0.0481458 0.0514444 0.0022151 0.0021727 0.0014981 0.0000010 0.0008534 0.0014430 0.2831140 0.0007421 0.0000010 0.0311758 0.0463423 0.0435216 0.0427267 0.0447807 0.0435651 0.0427596 0.0458887 0.0435282 0.0427267 0.0426774 0.0392022 0.0443332 0.0436050 0.0701652 0.0248699 0.0944907 0.0021694 0.0015301 0.0187469 0.0319997 0.3831104 0.0007417 0.0200952 0.0215877 0.0000010 0.0430657 0.0210847 0.0450429 0.0219724 0.0000010 0.0000010 0.0000010 0.0000010 0.0000010 0.0022294 0.0008065 0.0014450 0.0000010 0.0007219 0.0014456 0.0014446 0.0921524 0.0007211 0.0419322 0.0178862 0.0465818 
Hamp_PCDH15         0.0148040 0.0041297 0.0008629 0.0148326 0.0166598 0.0143568 0.0143568 0.0171380 0.0171579 0.0170208 0.0401048 0.0162263 0.0452733 0.0176579 0.0427960 0.0413676 0.0427563 0.0424561 0.0329389 0.0156309 0.0200292 0.0164445 0.0171519 0.0144668 0.0428027 0.0436152 0.0428027 0.0428027 0.0000000 0.0201318 0.0363030 0.0255429 0.0318512 0.0446711 0.0426602 0.0416878 0.0391819 0.0401163 0.0443795 0.0428027 0.0432915 0.0428244 0.0206653 0.0019180 0.0014494 0.0007243 0.0007692 0.0014507 0.0007248 0.0018077 0.0014496 0.0007243 0.0015065 0.0322152 0.0021761 0.0014519 0.0641473 0.0331720 0.0192517 0.0444872 0.0438351 0.0453121 0.0300683 0.0118047 0.0432644 0.0239347 0.0291445 0.0424548 0.0107777 0.0290876 0.0373011 0.0308205 0.0425723 0.0424548 0.0424410 0.0428027 0.0450166 0.0423983 0.0436091 0.0412111 0.0377075 0.0427735 0.0427098 0.0435508 0.0178561 0.0435930 0.0014497 0.0436387 0.0024413 
Hippo_PCDH15        0.0376307 0.0211717 0.0204577 0.0217143 0.0244964 0.0221532 0.0221532 0.0419412 0.0239006 0.2650673 0.0554123 0.1555364 0.0625019 0.0248057 0.0616361 0.0606001 0.0615793 0.0609575 0.3100430 0.0225446 0.2794766 0.0229287 0.0240902 0.0223236 0.0616480 0.0624815 0.0616480 0.3880374 0.0201318 0.0000000 0.0446577 0.0393545 0.0419048 0.0622273 0.0614362 0.0577840 0.0575375 0.0572859 0.0632371 0.1667802 0.0627113 0.0616807 0.3976583 0.0217307 0.0201008 0.0193467 0.0214228 0.0201197 0.0193610 0.0223708 0.0201040 0.0193467 0.0200923 0.3085855 0.0208634 0.0201369 0.3764677 0.0512373 0.2677444 0.0634010 0.0628976 0.3361643 0.0429019 0.0365337 0.0626710 0.0376988 0.0441217 0.0618555 0.0229499 0.0447424 0.3215115 0.0458399 0.0624075 0.0610262 0.0608849 0.0616155 0.0661877 0.0608219 0.0629685 0.0600306 0.0576605 0.0616033 0.0615023 0.0623825 0.2691051 0.0624464 0.0201053 0.3289912 0.0226310 
Igeo_PCDH15         0.0396694 0.0382645 0.0385874 0.0373323 0.0409545 0.0374384 0.0374384 0.0409830 0.0387042 0.0446578 0.0340628 0.0432499 0.0329591 0.0396724 0.0316105 0.0330022 0.0315677 0.0304687 0.0270787 0.0386782 0.0420963 0.0403956 0.0410530 0.0379772 0.0315677 0.0315677 0.0315677 0.0315677 0.0363030 0.0446577 0.0000000 0.0381604 0.0416803 0.0292936 0.0303059 0.0315677 0.0315677 0.0260603 0.0315681 0.0315677 0.0315677 0.0315677 0.0143509 0.0398854 0.0374621 0.0363030 0.0365905 0.0375165 0.0363030 0.0387649 0.0374706 0.0363030 0.0363030 0.0259300 0.0374947 0.0374947 0.0270272 0.0283253 0.0455238 0.0328741 0.0316722 0.0340075 0.0132741 0.0315697 0.0327078 0.0275522 0.0258651 0.0315677 0.0304783 0.0270272 0.0285710 0.0270043 0.0315677 0.0315677 0.0315677 0.0315677 0.0338128 0.0292892 0.0329591 0.0315677 0.0351569 0.0327712 0.0291977 0.0304324 0.0436666 0.0315677 0.0363030 0.0315677 0.0405338 
Kbre_PCDH15         0.0327057 0.0328652 0.0278485 0.0319482 0.0351241 0.0326609 0.0326609 0.0352779 0.0347563 0.0350926 0.0444945 0.0341727 0.0497268 0.0364428 0.0481376 0.0465621 0.0480918 0.0479474 0.0380270 0.0337157 0.0374591 0.0346697 0.0353466 0.0320652 0.0481458 0.0489881 0.0481458 0.0481458 0.0255429 0.0393545 0.0381604 0.0000000 0.0106941 0.0485423 0.0479797 0.0482835 0.0463589 0.0411411 0.0481453 0.0481458 0.0479042 0.0481713 0.0283384 0.0289681 0.0255015 0.0247160 0.0263645 0.0255266 0.0247160 0.0282368 0.0255057 0.0247160 0.0257425 0.0372867 0.0262980 0.0255495 0.0582452 0.0383581 0.0366318 0.0492094 0.0487004 0.0499344 0.0296082 0.0207196 0.0478732 0.0356259 0.0362851 0.0470387 0.0208917 0.0374341 0.0408678 0.0374960 0.0472641 0.0470387 0.0488042 0.0481458 0.0535804 0.0470768 0.0487031 0.0465005 0.0454130 0.0481115 0.0464126 0.0472865 0.0369121 0.0489617 0.0255074 0.0490156 0.0279238 
Ksim_PCDH15         0.0370835 0.0364028 0.0321135 0.0362122 0.0371425 0.0371459 0.0371459 0.0390405 0.0387915 0.0371166 0.0457390 0.0370390 0.0507476 0.0394990 0.0514344 0.0494025 0.0513804 0.0513464 0.0420800 0.0372606 0.0388716 0.0381801 0.0390676 0.0370882 0.0514444 0.0523771 0.0514444 0.0514444 0.0318512 0.0419048 0.0416803 0.0106941 0.0000000 0.0519771 0.0512473 0.0498348 0.0498618 0.0457672 0.0514436 0.0514444 0.0512833 0.0514747 0.0344724 0.0343537 0.0317932 0.0309171 0.0322025 0.0318281 0.0309171 0.0375575 0.0317988 0.0309171 0.0323493 0.0412700 0.0326840 0.0318600 0.0649171 0.0428617 0.0369512 0.0526397 0.0522998 0.0534308 0.0326257 0.0238617 0.0512464 0.0393544 0.0402332 0.0503230 0.0241896 0.0417543 0.0452735 0.0413605 0.0506562 0.0503230 0.0522870 0.0514444 0.0570357 0.0522259 0.0516559 0.0496267 0.0483284 0.0514035 0.0495222 0.0504924 0.0400602 0.0523454 0.0318012 0.0524087 0.0351745 
Lacu_PCDH15         0.0552719 0.0476481 0.0444946 0.0530084 0.0529579 0.0520836 0.0520836 0.0580456 0.0496289 0.0595029 0.0066024 0.0577546 0.0039672 0.0537712 0.0029606 0.0025669 0.0029579 0.0038280 0.0229418 0.0540086 0.0593600 0.0557237 0.0557051 0.0536444 0.0022151 0.0029560 0.0022151 0.0022151 0.0446711 0.0622273 0.0292936 0.0485423 0.0519771 0.0000000 0.0044519 0.0038414 0.0025049 0.0008765 0.0022152 0.0022151 0.0030431 0.0022161 0.0345793 0.0486178 0.0454048 0.0445896 0.0467821 0.0454513 0.0446247 0.0482898 0.0454117 0.0445896 0.0446084 0.0222036 0.0462377 0.0454940 0.0351898 0.0237841 0.0614356 0.0037103 0.0031453 0.0051844 0.0321023 0.0472289 0.0030413 0.0208263 0.0205232 0.0022800 0.0442953 0.0203267 0.0279201 0.0212144 0.0022800 0.0022820 0.0022795 0.0022151 0.0029896 0.0030445 0.0033141 0.0037007 0.0027294 0.0029582 0.0022193 0.0022178 0.0596861 0.0029548 0.0445896 0.0029574 0.0487539 
Lalb_PCDH15         0.0537500 0.0439194 0.0423012 0.0507582 0.0510019 0.0501365 0.0501365 0.0564379 0.0467349 0.0578590 0.0056290 0.0561636 0.0039707 0.0514356 0.0014477 0.0025693 0.0014464 0.0029960 0.0230398 0.0517233 0.0585724 0.0536786 0.0533704 0.0496422 0.0021727 0.0028995 0.0021727 0.0021727 0.0426602 0.0614362 0.0303059 0.0479797 0.0512473 0.0044519 0.0000000 0.0022530 0.0008154 0.0034329 0.0036248 0.0021727 0.0029831 0.0021737 0.0334116 0.0461382 0.0433768 0.0425848 0.0446216 0.0434201 0.0426175 0.0456967 0.0433833 0.0425848 0.0425306 0.0223227 0.0441867 0.0434597 0.0541220 0.0247835 0.0597352 0.0043597 0.0023028 0.0050854 0.0318828 0.0459264 0.0029815 0.0188250 0.0207539 0.0022351 0.0423507 0.0202093 0.0287043 0.0210912 0.0022819 0.0022370 0.0022346 0.0021727 0.0029154 0.0029783 0.0016177 0.0036299 0.0008867 0.0029016 0.0036314 0.0021710 0.0589618 0.0028984 0.0417932 0.0029009 0.0464062 
Laus_PCDH15         0.0523893 0.0463951 0.0411268 0.0491233 0.0502947 0.0493999 0.0493999 0.0551641 0.0495469 0.0532354 0.0031993 0.0523488 0.0000010 0.0507379 0.0014995 0.0017822 0.0014981 0.0031072 0.0231538 0.0510531 0.0549799 0.0530427 0.0527563 0.0497495 0.0014981 0.0014981 0.0014981 0.0014981 0.0416878 0.0577840 0.0315677 0.0482835 0.0498348 0.0038414 0.0022530 0.0000000 0.0016292 0.0026791 0.0029991 0.0014981 0.0023154 0.0014981 0.0309579 0.0449425 0.0424307 0.0416118 0.0436539 0.0424743 0.0416448 0.0445665 0.0424373 0.0416118 0.0414961 0.0224092 0.0432665 0.0425143 0.0400143 0.0228989 0.0552061 0.0037589 0.0023843 0.0037563 0.0310534 0.0434127 0.0023151 0.0212887 0.0231778 0.0015427 0.0404472 0.0227438 0.0257611 0.0236506 0.0015765 0.0015427 0.0015417 0.0014981 0.0020285 0.0030867 0.0016821 0.0030036 0.0017725 0.0022509 0.0030049 0.0022486 0.0561328 0.0022483 0.0407930 0.0022503 0.0454200 
Lbor_PCDH15         0.0499796 0.0448132 0.0385422 0.0463788 0.0475832 0.0466124 0.0466124 0.0529873 0.0454915 0.0527249 0.0042412 0.0517596 0.0017205 0.0470592 0.0000010 0.0000010 0.0000010 0.0016919 0.0218049 0.0484600 0.0545586 0.0504249 0.0503101 0.0469995 0.0000010 0.0000010 0.0000010 0.0000010 0.0391819 0.0575375 0.0315677 0.0463589 0.0498618 0.0025049 0.0008154 0.0016292 0.0000000 0.0009161 0.0016281 0.0000010 0.0008136 0.0000010 0.0321334 0.0416575 0.0400727 0.0391819 0.0407544 0.0401175 0.0392157 0.0424599 0.0400796 0.0391819 0.0394510 0.0209936 0.0400996 0.0401586 0.0391753 0.0207777 0.0548717 0.0016296 0.0008135 0.0024466 0.0301187 0.0401878 0.0008135 0.0200952 0.0218294 0.0000010 0.0376140 0.0205722 0.0246247 0.0222416 0.0000010 0.0000010 0.0000010 0.0000010 0.0000010 0.0016282 0.0000010 0.0000010 0.0000010 0.0008146 0.0016314 0.0008137 0.0558808 0.0000010 0.0382917 0.0008144 0.0435303 
Lhos30470_PCDH15    0.0504627 0.0459855 0.0428694 0.0496634 0.0499786 0.0489570 0.0489570 0.0523599 0.0456599 0.0551866 0.0053861 0.0530928 0.0027536 0.0514595 0.0017115 0.0009248 0.0017097 0.0034251 0.0203247 0.0498561 0.0549972 0.0520627 0.0507828 0.0495345 0.0008534 0.0017085 0.0008534 0.0008534 0.0401163 0.0572859 0.0260603 0.0411411 0.0457672 0.0008765 0.0034329 0.0026791 0.0009161 0.0000000 0.0008534 0.0008534 0.0017078 0.0008534 0.0293318 0.0456358 0.0409632 0.0400336 0.0408408 0.0410110 0.0400697 0.0465351 0.0400336 0.0400336 0.0412412 0.0194672 0.0419116 0.0410549 0.0575526 0.0219702 0.0554963 0.0008554 0.0017152 0.0034209 0.0268873 0.0410644 0.0017076 0.0187491 0.0183548 0.0008534 0.0394415 0.0169156 0.0269757 0.0185501 0.0008738 0.0008542 0.0008534 0.0008534 0.0011060 0.0017100 0.0018180 0.0008534 0.0010000 0.0017099 0.0000010 0.0008546 0.0546081 0.0008534 0.0391046 0.0017094 0.0449881 
Lhos452_PCDH15      0.0555090 0.0474464 0.0443380 0.0525130 0.0527937 0.0519228 0.0519228 0.0582153 0.0494660 0.0596358 0.0056298 0.0579309 0.0031632 0.0532426 0.0021696 0.0017051 0.0021676 0.0037415 0.0239200 0.0534870 0.0603469 0.0555438 0.0551413 0.0531202 0.0014430 0.0021663 0.0014430 0.0014430 0.0443795 0.0632371 0.0315681 0.0481453 0.0514436 0.0022152 0.0036248 0.0029991 0.0016281 0.0008534 0.0000000 0.0014430 0.0022285 0.0014436 0.0354917 0.0484254 0.0450969 0.0443014 0.0464613 0.0451419 0.0443345 0.0478684 0.0451036 0.0443014 0.0443088 0.0232000 0.0459096 0.0451833 0.0543133 0.0248704 0.0615205 0.0029001 0.0023015 0.0043421 0.0320000 0.0476636 0.0022273 0.0212854 0.0215882 0.0014842 0.0441571 0.0210852 0.0287965 0.0219729 0.0015152 0.0014855 0.0014839 0.0014430 0.0019336 0.0022295 0.0024241 0.0028928 0.0017702 0.0021678 0.0014456 0.0014447 0.0607514 0.0021655 0.0435056 0.0021673 0.0483630 
Lobl_PCDH15         0.1542116 0.0452116 0.0424685 0.0509298 0.0511781 0.0503091 0.0503091 0.1627828 0.0477417 0.3133908 0.0048117 0.2230640 0.0015794 0.0516146 0.0007225 0.0000010 0.0007218 0.0022427 0.2565534 0.0518989 0.3237891 0.0538714 0.0535522 0.0514962 0.0000010 0.0007214 0.0000010 0.2831140 0.0428027 0.1667802 0.0315677 0.0481458 0.0514444 0.0022151 0.0021727 0.0014981 0.0000010 0.0008534 0.0014430 0.0000000 0.0007421 0.0000010 0.3740805 0.0463423 0.0435216 0.0427267 0.0447807 0.0435651 0.0427596 0.0458887 0.0435282 0.0427267 0.0426774 0.2549656 0.0443332 0.0436050 0.3163870 0.0248699 0.3172978 0.0021694 0.0015301 0.2308154 0.0319997 0.1447993 0.0007417 0.0200952 0.0215877 0.0000010 0.0430657 0.0210847 0.2652131 0.0219724 0.0000010 0.0000010 0.0000010 0.0000010 0.0000010 0.0022294 0.0008065 0.0014450 0.0000010 0.0007219 0.0014456 0.0014446 0.3253052 0.0007211 0.0419322 0.2239954 0.0465818 
Lobs_PCDH15         0.0547543 0.0459814 0.0434322 0.0516175 0.0519358 0.0510398 0.0510398 0.0575387 0.0484397 0.0590045 0.0056168 0.0572494 0.0023704 0.0523926 0.0014878 0.0008521 0.0014865 0.0030821 0.0230131 0.0526172 0.0597391 0.0546900 0.0543195 0.0522685 0.0007421 0.0014855 0.0007421 0.0007421 0.0432915 0.0627113 0.0315677 0.0479042 0.0512833 0.0030431 0.0029831 0.0023154 0.0008136 0.0017078 0.0022285 0.0007421 0.0000000 0.0007421 0.0345431 0.0471355 0.0440312 0.0432123 0.0453660 0.0440765 0.0432466 0.0468818 0.0440380 0.0432123 0.0431064 0.0222729 0.0448676 0.0441181 0.0551913 0.0248163 0.0609458 0.0022305 0.0022965 0.0037222 0.0328962 0.0466700 0.0014849 0.0212921 0.0214404 0.0007421 0.0430032 0.0209022 0.0288624 0.0218284 0.0007576 0.0007427 0.0007625 0.0007421 0.0009662 0.0030619 0.0016153 0.0007421 0.0008851 0.0014866 0.0022327 0.0022312 0.0593352 0.0007421 0.0423939 0.0014862 0.0474754 
LperAUS_PCDH15      0.0539597 0.0452116 0.0424940 0.0509562 0.0512051 0.0503348 0.0503348 0.0566601 0.0477685 0.0580865 0.0048117 0.0563835 0.0015794 0.0516421 0.0007228 0.0000010 0.0007222 0.0022437 0.0231227 0.0519259 0.0588024 0.0539010 0.0535802 0.0515236 0.0000010 0.0007217 0.0000010 0.0000010 0.0428244 0.0616807 0.0315677 0.0481713 0.0514747 0.0022161 0.0021737 0.0014981 0.0000010 0.0008534 0.0014436 0.0000010 0.0007421 0.0000000 0.0335674 0.0463736 0.0435438 0.0427484 0.0448050 0.0435873 0.0427813 0.0458887 0.0435503 0.0427484 0.0426774 0.0224031 0.0443558 0.0436272 0.0543439 0.0248830 0.0599710 0.0021703 0.0015301 0.0028933 0.0320174 0.0461044 0.0007420 0.0200952 0.0215982 0.0000010 0.0425218 0.0210847 0.0288100 0.0219837 0.0000010 0.0000010 0.0000010 0.0000010 0.0000010 0.0022294 0.0008065 0.0014456 0.0000010 0.0007222 0.0014462 0.0014452 0.0591952 0.0007214 0.0419535 0.0007220 0.0465818 
Lvex_PCDH15         0.3849369 0.0269831 0.0237227 0.0234655 0.0260452 0.0230375 0.0230375 0.3972358 0.0253882 0.0490247 0.0300727 0.1715217 0.0342047 0.0264943 0.0335409 0.0329659 0.0335023 0.0327829 0.0152449 0.0255066 0.0496658 0.0272119 0.0265018 0.0243619 0.0335467 0.0345415 0.0335467 0.0311758 0.0206653 0.3976583 0.0143509 0.0283384 0.0344724 0.0345793 0.0334116 0.0309579 0.0321334 0.0293318 0.0354917 0.3740805 0.0345431 0.0335674 0.0000000 0.0240286 0.0215745 0.0206235 0.0223469 0.0206235 0.0206427 0.0240841 0.0215788 0.0206235 0.0215018 0.0138111 0.0225373 0.0216130 0.0517628 0.0203094 0.0541316 0.0355379 0.0358999 0.0319569 0.0146422 0.3938717 0.0345174 0.0125050 0.0136380 0.0335467 0.0202973 0.0145801 0.0195961 0.0146244 0.0334521 0.0325742 0.0337949 0.0335263 0.0365498 0.0337531 0.0362541 0.0335467 0.0301364 0.0345745 0.0334603 0.0344805 0.0468669 0.0335467 0.0215806 0.0319655 0.0219434 
