Supplemental results for CODEML (seqf: /home/leticiamagpali/phd/evol_models/codeml/small_dataset/cml_align/CASQ2_codon_aligned.phy  treef: /home/leticiamagpali/phd/evol_models/codeml/small_dataset/cml_trees/gene_trees/H1b_gene_trees/CASQ2_tree_H1b.tre)

I	J	ij	2Ns_IJ	pMut_IJ	pSub_IJ	2Ns_JI	pMut_JI	pSub_JI

TTC	TTT	CT	0.48120	0.14380	0.18116	-0.48120	0.23266	0.18116
TTA	TTT	AT	6.00612	0.00009	0.00054	-6.00612	0.03655	0.00054
TTA	TTC	AC	5.52492	0.00011	0.00060	-5.52492	0.02722	0.00060
TTG	TTT	GT	0.73374	0.01801	0.02542	-0.73374	0.03751	0.02542
TTG	TTC	GC	0.25255	0.02170	0.02456	-0.25255	0.02794	0.02456
TTG	TTA	GA	-5.27237	0.10855	0.00295	5.27237	0.00056	0.00295
TCT	TTT	CT	1.70780	0.04217	0.08797	-1.70780	0.23266	0.08797
TCC	TTC	CT	1.46247	0.04014	0.07641	-1.46247	0.17327	0.07641
TCC	TCT	CT	0.23587	0.04014	0.04506	-0.23587	0.05082	0.04506
TCA	TTA	CT	-3.82086	0.02795	0.00239	3.82086	0.00061	0.00239
TCA	TCT	AT	0.47745	0.00495	0.00623	-0.47745	0.00798	0.00623
TCA	TCC	AC	0.24159	0.00597	0.00672	-0.24159	0.00760	0.00672
TCG	TTG	CT	4.79164	0.00102	0.00491	-4.79164	0.12245	0.00491
TCG	TCT	GT	3.81758	0.00018	0.00070	-3.81758	0.00819	0.00070
TCG	TCC	GC	3.58172	0.00022	0.00080	-3.58172	0.00780	0.00080
TCG	TCA	GA	3.34013	0.00109	0.00376	-3.34013	0.03064	0.00376
TAT	TTT	AT	1.07164	0.01252	0.02040	-1.07164	0.03655	0.02040
TAT	TCT	AC	-0.63616	0.01508	0.01079	0.63616	0.00798	0.01079
TAC	TTC	AT	0.40312	0.01819	0.02210	-0.40312	0.02722	0.02210
TAC	TCC	AC	-1.05935	0.02192	0.01232	1.05935	0.00760	0.01232
TAC	TAT	CT	-0.18732	0.10264	0.09333	0.18732	0.08511	0.09333
TGT	TTT	GT	3.72948	0.00090	0.00344	-3.72948	0.03751	0.00344
TGT	TCT	GC	2.02167	0.00109	0.00253	-2.02167	0.00819	0.00253
TGT	TAT	GA	2.65784	0.00543	0.01551	-2.65784	0.07743	0.01551
TGC	TTC	GT	1.88719	0.00423	0.00941	-1.88719	0.02794	0.00941
TGC	TCC	GC	0.42472	0.00510	0.00626	-0.42472	0.00780	0.00626
TGC	TAC	GA	1.48407	0.02551	0.04896	-1.48407	0.11252	0.04896
TGC	TGT	CT	-1.36109	0.02388	0.01121	1.36109	0.00612	0.01121
TGG	TTG	GT	0.52267	0.01171	0.01503	-0.52267	0.01974	0.01503
TGG	TCG	GC	-4.26897	0.01411	0.00085	4.26897	0.00020	0.00085
TGG	TGT	GT	-2.47306	0.01171	0.00267	2.47306	0.00099	0.00267
TGG	TGC	GC	-1.11197	0.01411	0.00769	1.11197	0.00464	0.00769
CTT	TTT	CT	1.47268	0.05335	0.10195	-1.47268	0.23266	0.10195
CTC	TTC	CT	0.93408	0.06809	0.10477	-0.93408	0.17327	0.10477
CTC	CTT	CT	-0.05741	0.06809	0.06615	0.05741	0.06429	0.06615
CTA	TTA	CT	-4.19555	0.04065	0.00261	4.19555	0.00061	0.00261
CTA	CTT	AT	0.33788	0.00720	0.00849	-0.33788	0.01010	0.00849
CTA	CTC	AC	0.39529	0.00868	0.01051	-0.39529	0.01289	0.01051
CTG	TTG	CT	-0.45010	0.19207	0.15207	0.45010	0.12245	0.15207
CTG	CTT	GT	-1.18904	0.03404	0.01772	1.18904	0.01037	0.01772
CTG	CTC	GC	-1.13164	0.04102	0.02210	1.13164	0.01323	0.02210
CTG	CTA	GA	-1.52692	0.20516	0.08692	1.52692	0.04456	0.08692
CCT	TCT	CT	0.26151	0.03912	0.04446	-0.26151	0.05082	0.04446
CCT	CTT	CT	0.49663	0.03912	0.04964	-0.49663	0.06429	0.04964
CCC	TCC	CT	-0.53783	0.08282	0.06254	0.53783	0.04837	0.06254
CCC	CTC	CT	-0.00944	0.08282	0.08243	0.00944	0.08204	0.08243
CCC	CCT	CT	-0.56347	0.08282	0.06167	0.56347	0.04715	0.06167
CCA	TCA	CT	-0.86879	0.08028	0.05040	0.86879	0.03368	0.05040
CCA	CTA	CT	-0.49410	0.08028	0.06208	0.49410	0.04898	0.06208
CCA	CCT	AT	-0.65284	0.01423	0.01009	0.65284	0.00741	0.01009
CCA	CCC	AC	-0.08937	0.01714	0.01639	0.08937	0.01568	0.01639
CCG	TCG	CT	-2.41622	0.01372	0.00325	2.41622	0.00122	0.00325
CCG	CTG	CT	2.82553	0.01372	0.04121	-2.82553	0.23144	0.04121
CCG	CCT	GT	1.13986	0.00243	0.00407	-1.13986	0.00760	0.00407
CCG	CCC	GC	1.70333	0.00293	0.00610	-1.70333	0.01609	0.00610
CCG	CCA	GA	1.79270	0.01465	0.03152	-1.79270	0.08801	0.03152
CAT	TAT	CT	0.67830	0.04319	0.05948	-0.67830	0.08511	0.05948
CAT	CTT	AT	0.27725	0.00765	0.00876	-0.27725	0.01010	0.00876
CAT	CCT	AC	-0.21937	0.00922	0.00825	0.21937	0.00741	0.00825
CAC	TAC	CT	1.12529	0.04014	0.06688	-1.12529	0.12368	0.06688
CAC	CTC	AT	0.59434	0.00711	0.00944	-0.59434	0.01289	0.00944
CAC	CCC	AC	0.60377	0.00857	0.01142	-0.60377	0.01568	0.01142
CAC	CAT	CT	0.25968	0.04014	0.04558	-0.25968	0.05204	0.04558
CAA	CTA	AT	0.14391	0.00666	0.00715	-0.14391	0.00770	0.00715
CAA	CCA	AC	0.63800	0.00803	0.01086	-0.63800	0.01520	0.01086
CAA	CAT	AT	0.20453	0.00666	0.00737	-0.20453	0.00818	0.00737
CAA	CAC	AC	-0.05515	0.00803	0.00781	0.05515	0.00760	0.00781
CAG	CTG	AT	0.87687	0.01513	0.02272	-0.87687	0.03636	0.02272
CAG	CCG	AC	-1.94865	0.01823	0.00590	1.94865	0.00260	0.00590
CAG	CAT	GT	-0.58942	0.01513	0.01111	0.58942	0.00839	0.01111
CAG	CAC	GC	-0.84910	0.01823	0.01157	0.84910	0.00780	0.01157
CAG	CAA	GA	-0.79395	0.09118	0.05973	0.79395	0.04122	0.05973
CGT	TGT	CT	-0.34416	0.00864	0.00724	0.34416	0.00612	0.00724
CGT	CTT	GT	1.91264	0.00153	0.00344	-1.91264	0.01037	0.00344
CGT	CCT	GC	1.41601	0.00184	0.00345	-1.41601	0.00760	0.00345
CGT	CAT	GA	1.63538	0.00923	0.01874	-1.63538	0.04735	0.01874
CGC	TGC	CT	-0.69958	0.05792	0.04001	0.69958	0.02878	0.04001
CGC	CTC	GT	0.25353	0.01027	0.01162	-0.25353	0.01323	0.01162
CGC	CCC	GC	0.26297	0.01237	0.01407	-0.26297	0.01609	0.01407
CGC	CAC	GA	-0.34080	0.06187	0.05193	0.34080	0.04400	0.05193
CGC	CGT	CT	-1.71651	0.05792	0.02178	1.71651	0.01041	0.02178
CGA	CTA	GT	9.06617	0.00000	0.00000	-9.06617	0.00790	0.00001
CGA	CCA	GC	9.56027	0.00000	0.00000	-9.56027	0.01560	0.00001
CGA	CAA	GA	8.92227	0.00000	0.00000	-8.92227	0.04122	0.00005
CGA	CGT	AT	7.49141	0.00000	0.00000	-7.49141	0.00164	0.00001
CGA	CGC	AC	9.20792	0.00000	0.00000	-9.20792	0.01097	0.00001
CGG	TGG	CT	1.79591	0.01321	0.02845	-1.79591	0.07960	0.02845
CGG	CTG	GT	2.76869	0.00234	0.00692	-2.76869	0.03731	0.00692
CGG	CCG	GC	-0.05684	0.00282	0.00274	0.05684	0.00267	0.00274
CGG	CAG	GA	1.89181	0.01411	0.03144	-1.89181	0.09358	0.03144
CGG	CGT	GT	-0.33299	0.00234	0.00197	0.33299	0.00168	0.00197
CGG	CGC	GC	1.38352	0.00282	0.00521	-1.38352	0.01125	0.00521
CGG	CGA	GA	-7.82440	0.01411	0.00004	7.82440	0.00000	0.00000
ATT	TTT	AT	0.48466	0.02251	0.02841	-0.48466	0.03655	0.02841
ATT	CTT	AC	-0.98803	0.02713	0.01590	0.98803	0.01010	0.01590
ATC	TTC	AT	0.02781	0.02647	0.02684	-0.02781	0.02722	0.02684
ATC	CTC	AC	-0.90627	0.03190	0.01960	0.90627	0.01289	0.01960
ATC	ATT	CT	0.02435	0.14939	0.15121	-0.02435	0.15307	0.15121
ATA	TTA	AT	-3.33525	0.00270	0.00033	3.33525	0.00010	0.00033
ATA	CTA	AC	0.86030	0.00326	0.00485	-0.86030	0.00770	0.00485
ATA	ATT	AT	2.18621	0.00270	0.00665	-2.18621	0.02405	0.00665
ATA	ATC	AC	2.16185	0.00326	0.00795	-2.16185	0.02828	0.00795
ATG	TTG	AT	0.52798	0.01135	0.01460	-0.52798	0.01924	0.01460
ATG	CTG	AC	0.97808	0.01367	0.02143	-0.97808	0.03636	0.02143
ATG	ATT	GT	0.77707	0.01135	0.01632	-0.77707	0.02468	0.01632
ATG	ATC	GC	0.75272	0.01367	0.01946	-0.75272	0.02902	0.01946
ATG	ATA	GA	-1.40914	0.06839	0.03116	1.40914	0.01671	0.03116
ACT	TCT	AT	-0.17865	0.00955	0.00872	0.17865	0.00798	0.00872
ACT	CCT	AC	-0.44016	0.01150	0.00916	0.44016	0.00741	0.00916
ACT	ATT	CT	1.04449	0.05386	0.08680	-1.04449	0.15307	0.08680
ACC	TCC	AT	-0.00726	0.00765	0.00763	0.00726	0.00760	0.00763
ACC	CCC	AC	0.53057	0.00922	0.01189	-0.53057	0.01568	0.01189
ACC	ATC	CT	1.42740	0.04319	0.08111	-1.42740	0.18001	0.08111
ACC	ACT	CT	0.40726	0.04319	0.05258	-0.40726	0.06490	0.05258
ACA	TCA	AT	-0.75504	0.01126	0.00754	0.75504	0.00529	0.00754
ACA	CCA	AC	0.11375	0.01356	0.01435	-0.11375	0.01520	0.01435
ACA	ATA	CT	-1.24064	0.06351	0.03206	1.24064	0.01837	0.03206
ACA	ACT	AT	-0.09893	0.01126	0.01071	0.09893	0.01020	0.01071
ACA	ACC	AC	-0.50619	0.01356	0.01042	0.50619	0.00818	0.01042
ACG	TCG	AT	-2.53674	0.00243	0.00053	2.53674	0.00019	0.00053
ACG	CCG	AC	-0.12053	0.00293	0.00276	0.12053	0.00260	0.00276
ACG	ATG	CT	1.72692	0.01372	0.02882	-1.72692	0.07715	0.02882
ACG	ACT	GT	1.45949	0.00243	0.00462	-1.45949	0.01046	0.00462
ACG	ACC	GC	1.05223	0.00293	0.00474	-1.05223	0.00839	0.00474
ACG	ACA	GA	1.55842	0.01465	0.02893	-1.55842	0.06963	0.02893
AAT	TAT	AT	0.18823	0.01108	0.01215	-0.18823	0.01337	0.01215
AAT	CAT	AC	-0.49006	0.01335	0.01034	0.49006	0.00818	0.01034
AAT	ATT	AT	0.77522	0.01108	0.01592	-0.77522	0.02405	0.01592
AAT	ACT	AC	-0.26927	0.01335	0.01163	0.26927	0.01020	0.01163
AAC	TAC	AT	0.11152	0.01738	0.01837	-0.11152	0.01943	0.01837
AAC	CAC	AC	-1.01377	0.02094	0.01209	1.01377	0.00760	0.01209
AAC	ATC	AT	0.48683	0.01738	0.02195	-0.48683	0.02828	0.02195
AAC	ACC	AC	-0.94057	0.02094	0.01262	0.94057	0.00818	0.01262
AAC	AAT	CT	-0.26403	0.09807	0.08569	0.26403	0.07531	0.08569
AAA	CAA	AC	-1.39619	0.02875	0.01321	1.39619	0.00712	0.01321
AAA	ATA	AT	-2.11259	0.02386	0.00693	2.11259	0.00289	0.00693
AAA	ACA	AC	-0.87194	0.02875	0.01802	0.87194	0.01202	0.01802
AAA	AAT	AT	-0.70160	0.02386	0.01646	0.70160	0.01183	0.01646
AAA	AAC	AC	-0.43757	0.02875	0.02292	0.43757	0.01856	0.02292
AAG	CAG	AC	-1.05335	0.04633	0.02614	1.05335	0.01616	0.02614
AAG	ATG	AT	-1.15456	0.03845	0.02043	1.15456	0.01212	0.02043
AAG	ACG	AC	-2.88148	0.04633	0.00793	2.88148	0.00260	0.00793
AAG	AAT	GT	-1.15271	0.03845	0.02046	1.15271	0.01214	0.02046
AAG	AAC	GC	-0.88868	0.04633	0.02876	0.88868	0.01905	0.02876
AAG	AAA	GA	-0.45111	0.23175	0.18340	0.45111	0.14761	0.18340
AGT	TGT	AT	-2.74946	0.01504	0.00283	2.74946	0.00096	0.00283
AGT	CGT	AC	-2.40531	0.01812	0.00432	2.40531	0.00164	0.00432
AGT	ATT	GT	0.49536	0.01504	0.01907	-0.49536	0.02468	0.01907
AGT	ACT	GC	-0.54914	0.01812	0.01360	0.54914	0.01046	0.01360
AGT	AAT	GA	-0.27986	0.09064	0.07855	0.27986	0.06851	0.07855
AGC	TGC	AT	-0.33240	0.00630	0.00531	0.33240	0.00452	0.00531
AGC	CGC	AC	0.36718	0.00760	0.00908	-0.36718	0.01097	0.00908
AGC	ATC	GT	1.52698	0.00630	0.01230	-1.52698	0.02902	0.01230
AGC	ACC	GC	0.09957	0.00760	0.00798	-0.09957	0.00839	0.00798
AGC	AAC	GA	1.04014	0.03799	0.06112	-1.04014	0.10750	0.06112
AGC	AGT	CT	1.05597	0.03557	0.05759	-1.05597	0.10225	0.05759
AGA	CGA	AC	-8.45045	0.00456	0.00001	8.45045	0.00000	0.00000
AGA	ATA	GT	-0.24458	0.00378	0.00334	0.24458	0.00296	0.00334
AGA	ACA	GC	0.99606	0.00456	0.00720	-0.99606	0.01234	0.00720
AGA	AAA	GA	1.86801	0.02280	0.05036	-1.86801	0.14761	0.05036
AGA	AGT	AT	1.44627	0.00378	0.00715	-1.44627	0.01606	0.00715
AGA	AGC	AC	0.39030	0.00456	0.00550	-0.39030	0.00673	0.00550
AGG	TGG	AT	0.89043	0.00513	0.00775	-0.89043	0.01250	0.00775
AGG	CGG	AC	-0.90548	0.00619	0.00380	0.90548	0.00250	0.00380
AGG	ATG	GT	0.88512	0.00513	0.00774	-0.88512	0.01244	0.00774
AGG	ACG	GC	-0.84180	0.00619	0.00394	0.84180	0.00267	0.00394
AGG	AAG	GA	2.03968	0.03094	0.07254	-2.03968	0.23785	0.07254
AGG	AGT	GT	1.16683	0.00513	0.00870	-1.16683	0.01649	0.00870
AGG	AGC	GC	0.11086	0.00619	0.00653	-0.11086	0.00691	0.00653
AGG	AGA	GA	-0.27944	0.03094	0.02682	0.27944	0.02339	0.02682
GTT	TTT	GT	0.80095	0.01684	0.02447	-0.80095	0.03751	0.02447
GTT	CTT	GC	-0.67173	0.02029	0.01423	0.67173	0.01037	0.01423
GTT	ATT	GA	0.31630	0.10149	0.11839	-0.31630	0.13925	0.11839
GTC	TTC	GT	0.62535	0.01495	0.02011	-0.62535	0.02794	0.02011
GTC	CTC	GC	-0.30873	0.01801	0.01537	0.30873	0.01323	0.01537
GTC	ATC	GA	0.59754	0.09010	0.11968	-0.59754	0.16376	0.11968
GTC	GTT	CT	0.30559	0.08435	0.09789	-0.30559	0.11450	0.09789
GTA	TTA	GT	-2.90384	0.00180	0.00030	2.90384	0.00010	0.00030
GTA	CTA	GC	1.29171	0.00217	0.00387	-1.29171	0.00790	0.00387
GTA	ATA	GA	0.43141	0.01086	0.01336	-0.43141	0.01671	0.01336
GTA	GTT	AT	2.30132	0.00180	0.00461	-2.30132	0.01799	0.00461
GTA	GTC	AC	1.99573	0.00217	0.00501	-1.99573	0.01597	0.00501
GTG	TTG	GT	-0.47342	0.03170	0.02478	0.47342	0.01974	0.02478
GTG	CTG	GC	-0.02332	0.03820	0.03775	0.02332	0.03731	0.03775
GTG	ATG	GA	-1.00140	0.19105	0.11109	1.00140	0.07018	0.11109
GTG	GTT	GT	-0.54063	0.03170	0.02390	0.54063	0.01846	0.02390
GTG	GTC	GC	-0.84622	0.03820	0.02429	0.84622	0.01639	0.02429
GTG	GTA	GA	-2.84195	0.19105	0.03362	2.84195	0.01114	0.03362
GCT	TCT	GT	-0.79257	0.01810	0.01186	0.79257	0.00819	0.01186
GCT	CCT	GC	-1.05408	0.02181	0.01230	1.05408	0.00760	0.01230
GCT	ACT	GA	-0.61392	0.10909	0.07901	0.61392	0.05904	0.07901
GCT	GTT	CT	0.11428	0.10213	0.10808	-0.11428	0.11450	0.10808
GCC	TCC	GT	-0.23001	0.00982	0.00873	0.23001	0.00780	0.00873
GCC	CCC	GC	0.30782	0.01183	0.01374	-0.30782	0.01609	0.01374
GCC	ACC	GA	-0.22275	0.05916	0.05282	0.22275	0.04735	0.05282
GCC	GTC	CT	0.60711	0.05538	0.07389	-0.60711	0.10164	0.07389
GCC	GCT	CT	0.79843	0.05538	0.08041	-0.79843	0.12307	0.08041
GCA	TCA	GT	-0.56421	0.00955	0.00710	0.56421	0.00543	0.00710
GCA	CCA	GC	0.30457	0.01150	0.01334	-0.30457	0.01560	0.01334
GCA	ACA	GA	0.19082	0.05753	0.06320	-0.19082	0.06963	0.06320
GCA	GTA	CT	-1.48123	0.05386	0.02348	1.48123	0.01225	0.02348
GCA	GCT	AT	0.70581	0.00955	0.01331	-0.70581	0.01933	0.01331
GCA	GCC	AC	-0.09262	0.01150	0.01098	0.09262	0.01048	0.01098
GCG	TCG	GT	-3.54570	0.00684	0.00072	3.54570	0.00020	0.00072
GCG	CCG	GC	-1.12948	0.00825	0.00445	1.12948	0.00267	0.00445
GCG	ACG	GA	-1.00895	0.04125	0.02388	1.00895	0.01504	0.02388
GCG	GTG	CT	1.71937	0.03862	0.08089	-1.71937	0.21552	0.08089
GCG	GCT	GT	1.06446	0.00684	0.01112	-1.06446	0.01984	0.01112
GCG	GCC	GC	0.26603	0.00825	0.00939	-0.26603	0.01076	0.00939
GCG	GCA	GA	0.35865	0.04125	0.04909	-0.35865	0.05904	0.04909
GAT	TAT	GT	-1.57078	0.06601	0.02721	1.57078	0.01372	0.02721
GAT	CAT	GC	-2.24908	0.07954	0.02110	2.24908	0.00839	0.02110
GAT	AAT	GA	-1.75902	0.39784	0.14559	1.75902	0.06851	0.14559
GAT	GTT	AT	-1.30009	0.06601	0.03214	1.30009	0.01799	0.03214
GAT	GCT	AC	-1.41437	0.07954	0.03613	1.41437	0.01933	0.03613
GAC	TAC	GT	-1.35211	0.07708	0.03637	1.35211	0.01994	0.03637
GAC	CAC	GC	-2.47740	0.09288	0.02109	2.47740	0.00780	0.02109
GAC	AAC	GA	-1.46363	0.46459	0.20472	1.46363	0.10750	0.20472
GAC	GTC	AT	-1.57434	0.07708	0.03171	1.57434	0.01597	0.03171
GAC	GCC	AC	-2.18145	0.09288	0.02578	2.18145	0.01048	0.02578
GAC	GAT	CT	0.03135	0.43495	0.44180	-0.03135	0.44880	0.44180
GAA	CAA	GC	-1.88634	0.04818	0.01624	1.88634	0.00731	0.01624
GAA	AAA	GA	-0.49015	0.24098	0.18673	0.49015	0.14761	0.18673
GAA	GTA	AT	-3.03415	0.03998	0.00613	3.03415	0.00192	0.00613
GAA	GCA	AC	-1.55291	0.04818	0.02008	1.55291	0.01020	0.02008
GAA	GAT	AT	0.56727	0.03998	0.05239	-0.56727	0.07051	0.05239
GAA	GAC	AC	0.53592	0.04818	0.06224	-0.53592	0.08234	0.06224
GAG	CAG	GC	-1.70758	0.09147	0.03459	1.70758	0.01658	0.03459
GAG	AAG	GA	-0.65424	0.45754	0.32407	0.65424	0.23785	0.32407
GAG	GTG	AT	-0.80739	0.07591	0.04935	0.80739	0.03386	0.04935
GAG	GCG	AC	-2.52676	0.09147	0.02008	2.52676	0.00731	0.02008
GAG	GAT	GT	-0.04793	0.07591	0.07411	0.04793	0.07236	0.07411
GAG	GAC	GC	-0.07928	0.09147	0.08790	0.07928	0.08450	0.08790
GAG	GAA	GA	-0.61520	0.45754	0.33114	0.61520	0.24732	0.33114
GGT	TGT	GT	-1.63088	0.00504	0.00200	1.63088	0.00099	0.00200
GGT	CGT	GC	-1.28672	0.00608	0.00298	1.28672	0.00168	0.00298
GGT	AGT	GA	1.11859	0.03039	0.05050	-1.11859	0.09302	0.05050
GGT	GTT	GT	1.29765	0.00504	0.00900	-1.29765	0.01846	0.00900
GGT	GCT	GC	1.18337	0.00608	0.01037	-1.18337	0.01984	0.01037
GGT	GAT	GA	2.59774	0.03039	0.08531	-2.59774	0.40829	0.08531
GGC	TGC	GT	-0.84545	0.01081	0.00687	0.84545	0.00464	0.00687
GGC	CGC	GC	-0.14587	0.01302	0.01209	0.14587	0.01125	0.01209
GGC	AGC	GA	-0.51305	0.06513	0.04984	0.51305	0.03899	0.04984
GGC	GTC	GT	0.41639	0.01081	0.01321	-0.41639	0.01639	0.01321
GGC	GCC	GC	-0.19073	0.01302	0.01182	0.19073	0.01076	0.01182
GGC	GAC	GA	1.99072	0.06513	0.15017	-1.99072	0.47681	0.15017
GGC	GGT	CT	-0.57567	0.06097	0.04510	0.57567	0.03429	0.04510
GGA	CGA	GC	-8.71219	0.00608	0.00001	8.71219	0.00000	0.00000
GGA	AGA	GA	-0.26174	0.03039	0.02659	0.26174	0.02339	0.02659
GGA	GTA	GT	-0.93773	0.00504	0.00304	0.93773	0.00197	0.00304
GGA	GCA	GC	0.54351	0.00608	0.00788	-0.54351	0.01046	0.00788
GGA	GAA	GA	2.09642	0.03039	0.07265	-2.09642	0.24732	0.07265
GGA	GGT	AT	0.06594	0.00504	0.00521	-0.06594	0.00539	0.00521
GGA	GGC	AC	0.64161	0.00608	0.00823	-0.64161	0.01154	0.00823
GGG	TGG	GT	0.15540	0.01099	0.01186	-0.15540	0.01283	0.01186
GGG	CGG	GC	-1.64051	0.01324	0.00522	1.64051	0.00257	0.00522
GGG	AGG	GA	-0.73502	0.06622	0.04484	0.73502	0.03175	0.04484
GGG	GTG	GT	1.15150	0.01099	0.01850	-1.15150	0.03475	0.01850
GGG	GCG	GC	-0.56787	0.01324	0.00983	0.56787	0.00750	0.00983
GGG	GAG	GA	1.95889	0.06622	0.15100	-1.95889	0.46957	0.15100
GGG	GGT	GT	-0.68678	0.01099	0.00764	0.68678	0.00553	0.00764
GGG	GGC	GC	-0.11111	0.01324	0.01252	0.11111	0.01185	0.01252
GGG	GGA	GA	-0.75272	0.06622	0.04439	0.75272	0.03119	0.04439


Histograms
2Ns	FMut	FSub(CodonUsage)	FSubw(after w)

-9.10502	0.00366	0.00000
-8.19451	0.00084	0.00000
-7.28401	0.00007	0.00000
-6.37351	0.00164	0.00003
-5.46301	0.00608	0.00020
-4.55251	0.00793	0.00047
-3.64201	0.00544	0.00068
-2.73150	0.05805	0.01443
-1.82100	0.23750	0.11119
-0.91050	0.25560	0.21408
0.00000	0.25549	0.31784
0.91050	0.12086	0.21408
1.82100	0.04257	0.11119
2.73150	0.00401	0.01443
3.64201	0.00015	0.00068
4.55251	0.00008	0.00047
5.46301	0.00003	0.00020
6.37351	0.00000	0.00003
7.28401	0.00000	0.00000
8.19451	0.00000	0.00000
9.10502	0.00000	0.00000

Proportion of advantageous (S > 0) mutations:
 0.28247

Proportions of good & bad mutations (|S| > 2.0000) among mutations:
0.00831  0.11692

mean |Ns| = 1.13178	mean Ns+ = 0.68408	mean Ns- = -1.30802


MLEs of dN/dS (w) for site classes (K=4)

site class             0        1       2a       2b
proportion       0.82769  0.07739  0.08680  0.00812
background w     0.09956  2.42744  0.09956  2.42744
foreground w     0.09956  2.42744  6.61165  6.61165

Naive Empirical Bayes (NEB) probabilities for 4 classes
(amino acids refer to 1st sequence: Bbon)

   1 M   0.94824 0.01104 0.04007 0.00065 ( 1)
   2 K   0.53568 0.39920 0.03438 0.03074 ( 1)
   3 R   0.76134 0.19915 0.02862 0.01089 ( 1)
   4 T   0.94574 0.01212 0.04140 0.00073 ( 1)
   5 H   0.78814 0.17324 0.02921 0.00941 ( 1)
   6 L   0.85881 0.05764 0.07803 0.00552 ( 1)
   7 F   0.88885 0.03967 0.06805 0.00342 ( 1)
   8 V   0.89787 0.03476 0.06449 0.00288 ( 1)
   9 M   0.49818 0.43042 0.03578 0.03562 ( 1)
  10 A   0.68309 0.26726 0.03262 0.01703 ( 1)
  11 V   0.93245 0.01764 0.04872 0.00119 ( 1)
  12 Y   0.90362 0.03176 0.06207 0.00255 ( 1)
  13 L   0.85881 0.05764 0.07803 0.00552 ( 1)
  14 L   0.85881 0.05764 0.07803 0.00552 ( 1)
  15 S   0.95001 0.01048 0.03891 0.00061 ( 1)
  16 S   0.95001 0.01048 0.03891 0.00061 ( 1)
  17 C   0.96055 0.00683 0.03227 0.00035 ( 1)
  18 R   0.96109 0.00671 0.03187 0.00034 ( 1)
  19 A   0.91674 0.02502 0.05636 0.00188 ( 1)
  20 E   0.14792 0.14220 0.67868 0.03120 ( 3)
  21 E   0.89558 0.03594 0.06547 0.00301 ( 1)
  22 G   0.94388 0.01293 0.04240 0.00079 ( 1)
  23 L   0.86172 0.05474 0.07830 0.00525 ( 1)
  24 N   0.71957 0.23438 0.03182 0.01423 ( 1)
  25 F   0.90295 0.03203 0.06244 0.00259 ( 1)
  26 P   0.91312 0.02676 0.05806 0.00205 ( 1)
  27 T   0.94574 0.01212 0.04140 0.00073 ( 1)
  28 Y   0.90560 0.03079 0.06116 0.00245 ( 1)
  29 D   0.88592 0.04133 0.06914 0.00361 ( 1)
  30 G   0.94550 0.01227 0.04149 0.00074 ( 1)
  31 K   0.56364 0.37157 0.03617 0.02861 ( 1)
  32 D   0.88689 0.04119 0.06836 0.00356 ( 1)
  33 R   0.91533 0.02623 0.05647 0.00197 ( 1)
  34 V   0.89964 0.03398 0.06360 0.00278 ( 1)
  35 V   0.93394 0.01748 0.04742 0.00116 ( 1)
  36 S   0.90970 0.02907 0.05897 0.00225 ( 1)
  37 L   0.90321 0.03264 0.06154 0.00261 ( 1)
  38 T   0.94716 0.01202 0.04011 0.00071 ( 1)
  39 E   0.89668 0.03579 0.06456 0.00297 ( 1)
  40 K   0.91318 0.02732 0.05743 0.00208 ( 1)
  41 N   0.94545 0.01269 0.04110 0.00076 ( 1)
  42 F   0.90414 0.03187 0.06144 0.00255 ( 1)
  43 K   0.91318 0.02732 0.05743 0.00208 ( 1)
  44 Q   0.89639 0.03641 0.06420 0.00300 ( 1)
  45 V   0.93340 0.01769 0.04772 0.00118 ( 1)
  46 L   0.39089 0.52971 0.03199 0.04741 ( 2)
  47 K   0.91318 0.02732 0.05743 0.00208 ( 1)
  48 K   0.91389 0.02694 0.05713 0.00204 ( 1)
  49 Y   0.15780 0.13260 0.68156 0.02803 ( 3)
  50 D   0.88689 0.04119 0.06836 0.00356 ( 1)
  51 L   0.87581 0.04821 0.07167 0.00432 ( 1)
  52 L   0.93918 0.01555 0.04429 0.00098 ( 1)
  53 C   0.96439 0.00630 0.02902 0.00030 ( 1)
  54 L   0.93926 0.01547 0.04429 0.00098 ( 1)
  55 Y   0.90424 0.03218 0.06103 0.00256 ( 1)
  56 Y   0.15714 0.13478 0.67960 0.02848 ( 3)
  57 H   0.93569 0.01707 0.04613 0.00111 ( 1)
  58 E   0.89612 0.03635 0.06452 0.00301 ( 1)
  59 P   0.91386 0.02718 0.05691 0.00205 ( 1)
  60 V   0.47073 0.45844 0.03328 0.03755 ( 1)
  61 S   0.94554 0.01296 0.04073 0.00077 ( 1)
  62 S   0.92337 0.01904 0.05618 0.00141 ( 1)
  63 D   0.88135 0.04463 0.07008 0.00394 ( 1)
  64 K   0.91330 0.02752 0.05710 0.00208 ( 1)
  65 A   0.07319 0.86564 0.00372 0.05745 ( 2)
  66 A   0.00349 0.84196 0.01079 0.14376 ( 2)
  67 Q   0.89583 0.03696 0.06416 0.00304 ( 1)
  68 K   0.91330 0.02752 0.05710 0.00208 ( 1)
  69 Q   0.03186 0.09276 0.83574 0.03964 ( 3)
  70 F   0.16788 0.14028 0.66381 0.02803 ( 3)
  71 Q   0.89621 0.03704 0.06372 0.00303 ( 1)
  72 M   0.02900 0.88983 0.00233 0.07884 ( 2)
  73 K   0.91330 0.02752 0.05710 0.00208 ( 1)
  74 E   0.89900 0.03517 0.06297 0.00286 ( 1)
  75 I   0.90378 0.03265 0.06097 0.00260 ( 1)
  76 V   0.90224 0.03140 0.06379 0.00257 ( 1)
  77 L   0.85858 0.05831 0.07755 0.00557 ( 1)
  78 E   0.89542 0.03704 0.06447 0.00307 ( 1)
  79 F   0.87096 0.04222 0.08266 0.00415 ( 1)
  80 D   0.11018 0.14470 0.70594 0.03918 ( 3)
  81 E   0.87809 0.03681 0.08153 0.00357 ( 1)
  82 E   0.87809 0.03681 0.08153 0.00357 ( 1)
  83 G   0.90921 0.01563 0.07377 0.00139 ( 1)
  84 S   0.88450 0.03209 0.08035 0.00307 ( 1)
  85 L   0.84958 0.05919 0.08520 0.00603 ( 1)
  86 Y   0.88239 0.03363 0.08076 0.00323 ( 1)
  87 V   0.58772 0.33211 0.04980 0.03038 ( 1)
  88 L   0.90574 0.01798 0.07467 0.00162 ( 1)
  89 K   0.88688 0.03037 0.07986 0.00289 ( 1)
  90 G   0.92527 0.00734 0.06679 0.00061 ( 1)
  91 D   0.86531 0.04660 0.08345 0.00463 ( 1)
  92 R   0.88841 0.02928 0.07954 0.00277 ( 1)
  93 T   0.88568 0.03123 0.08011 0.00298 ( 1)
  94 I   0.88792 0.02963 0.07964 0.00281 ( 1)
  95 E   0.87567 0.03863 0.08193 0.00377 ( 1)
  96 F   0.87096 0.04222 0.08266 0.00415 ( 1)
  97 D   0.86531 0.04660 0.08345 0.00463 ( 1)
  98 G   0.91065 0.01479 0.07325 0.00131 ( 1)
  99 E   0.87567 0.03863 0.08193 0.00377 ( 1)
 100 F   0.87096 0.04222 0.08266 0.00415 ( 1)
 101 A   0.89337 0.02698 0.07715 0.00250 ( 1)
 102 A   0.89057 0.02775 0.07906 0.00262 ( 1)
 103 D   0.86531 0.04660 0.08345 0.00463 ( 1)
 104 V   0.90145 0.02042 0.07626 0.00187 ( 1)
 105 L   0.86070 0.05023 0.08404 0.00503 ( 1)
 106 V   0.87719 0.03749 0.08168 0.00364 ( 1)
 107 E   0.87567 0.03863 0.08193 0.00377 ( 1)
 108 F   0.87108 0.04210 0.08268 0.00414 ( 1)
 109 L   0.90563 0.01779 0.07498 0.00160 ( 1)
 110 L   0.86070 0.05023 0.08404 0.00503 ( 1)
 111 D   0.86793 0.04478 0.08287 0.00442 ( 1)
 112 L   0.65545 0.29367 0.03190 0.01898 ( 1)
 113 I   0.54423 0.39123 0.03458 0.02996 ( 1)
 114 E   0.89745 0.03572 0.06389 0.00294 ( 1)
 115 D   0.88438 0.04286 0.06902 0.00374 ( 1)
 116 P   0.90754 0.03228 0.05771 0.00247 ( 1)
 117 V   0.89787 0.03476 0.06449 0.00288 ( 1)
 118 E   0.89558 0.03594 0.06547 0.00301 ( 1)
 119 I   0.90387 0.03153 0.06207 0.00254 ( 1)
 120 I   0.90387 0.03153 0.06207 0.00254 ( 1)
 121 N   0.71586 0.23736 0.03221 0.01457 ( 1)
 122 S   0.95142 0.00999 0.03803 0.00057 ( 1)
 123 K   0.91258 0.02710 0.05824 0.00208 ( 1)
 124 L   0.85880 0.05764 0.07803 0.00552 ( 1)
 125 E   0.89913 0.03406 0.06401 0.00280 ( 1)
 126 V   0.93245 0.01764 0.04872 0.00119 ( 1)
 127 Q   0.89571 0.03663 0.06464 0.00302 ( 1)
 128 A   0.93483 0.01662 0.04744 0.00110 ( 1)
 129 F   0.88885 0.03967 0.06806 0.00342 ( 1)
 130 E   0.89558 0.03594 0.06547 0.00301 ( 1)
 131 R   0.91400 0.02639 0.05759 0.00201 ( 1)
 132 I   0.91319 0.02674 0.05802 0.00205 ( 1)
 133 E   0.89558 0.03594 0.06547 0.00301 ( 1)
 134 D   0.88592 0.04133 0.06914 0.00361 ( 1)
 135 H   0.93473 0.01670 0.04747 0.00111 ( 1)
 136 I   0.90387 0.03153 0.06207 0.00254 ( 1)
 137 K   0.91258 0.02710 0.05824 0.00208 ( 1)
 138 L   0.93825 0.01511 0.04566 0.00098 ( 1)
 139 I   0.90425 0.03115 0.06209 0.00251 ( 1)
 140 G   0.94550 0.01227 0.04149 0.00074 ( 1)
 141 F   0.88885 0.03967 0.06806 0.00342 ( 1)
 142 F   0.90295 0.03203 0.06244 0.00259 ( 1)
 143 K   0.91188 0.02748 0.05852 0.00212 ( 1)
 144 S   0.90844 0.02923 0.06003 0.00229 ( 1)
 145 E   0.89555 0.03597 0.06547 0.00301 ( 1)
 146 D   0.88592 0.04133 0.06914 0.00361 ( 1)
 147 S   0.91510 0.02606 0.05688 0.00196 ( 1)
 148 -   0.89101 0.04046 0.06513 0.00339 ( 1)
 149 -   0.43537 0.49582 0.02940 0.03941 ( 2)
 150 Y   0.90313 0.03327 0.06095 0.00264 ( 1)
 151 K   0.91146 0.02901 0.05732 0.00221 ( 1)
 152 A   0.91664 0.02638 0.05503 0.00195 ( 1)
 153 F   0.88829 0.04109 0.06711 0.00351 ( 1)
 154 E   0.89861 0.03556 0.06294 0.00290 ( 1)
 155 E   0.89504 0.03742 0.06444 0.00310 ( 1)
 156 A   0.91639 0.02654 0.05511 0.00196 ( 1)
 157 A   0.91664 0.02638 0.05503 0.00195 ( 1)
 158 E   0.89861 0.03556 0.06294 0.00290 ( 1)
 159 H   0.93466 0.01809 0.04607 0.00118 ( 1)
 160 F   0.90245 0.03354 0.06133 0.00268 ( 1)
 161 Q   0.89476 0.03803 0.06408 0.00313 ( 1)
 162 P   0.95044 0.01136 0.03757 0.00064 ( 1)
 163 Y   0.90313 0.03327 0.06095 0.00264 ( 1)
 164 I   0.90339 0.03305 0.06094 0.00263 ( 1)
 165 K   0.91217 0.02863 0.05703 0.00217 ( 1)
 166 F   0.88829 0.04109 0.06711 0.00351 ( 1)
 167 F   0.88829 0.04109 0.06711 0.00351 ( 1)
 168 A   0.91664 0.02638 0.05503 0.00195 ( 1)
 169 T   0.94349 0.01430 0.04134 0.00086 ( 1)
 170 F   0.90245 0.03354 0.06133 0.00268 ( 1)
 171 D   0.88535 0.04271 0.06824 0.00370 ( 1)
 172 K   0.91217 0.02863 0.05703 0.00217 ( 1)
 173 G   0.94399 0.01419 0.04097 0.00085 ( 1)
 174 V   0.92583 0.02418 0.04835 0.00164 ( 1)
 175 A   0.91036 0.03163 0.05565 0.00236 ( 1)
 176 K   0.90551 0.03407 0.05781 0.00261 ( 1)
 177 K   0.90620 0.03369 0.05753 0.00258 ( 1)
 178 L   0.87045 0.05304 0.07174 0.00477 ( 1)
 179 S   0.94494 0.01583 0.03832 0.00091 ( 1)
 180 L   0.87045 0.05304 0.07174 0.00477 ( 1)
 181 K   0.90551 0.03407 0.05781 0.00261 ( 1)
 182 M   0.94305 0.01651 0.03947 0.00097 ( 1)
 183 N   0.95359 0.01234 0.03342 0.00065 ( 1)
 184 E   0.88956 0.04215 0.06477 0.00352 ( 1)
 185 V   0.92584 0.02418 0.04835 0.00163 ( 1)
 186 D   0.88034 0.04708 0.06849 0.00410 ( 1)
 187 F   0.89671 0.03846 0.06173 0.00310 ( 1)
 188 Y   0.89928 0.03731 0.06045 0.00296 ( 1)
 189 E   0.88956 0.04215 0.06477 0.00352 ( 1)
 190 P   0.89361 0.03992 0.06319 0.00328 ( 1)
 191 F   0.88312 0.04557 0.06739 0.00392 ( 1)
 192 M   0.94305 0.01651 0.03947 0.00097 ( 1)
 193 D   0.88020 0.04722 0.06848 0.00411 ( 1)
 194 E   0.88956 0.04215 0.06477 0.00352 ( 1)
 195 P   0.90674 0.03336 0.05735 0.00255 ( 1)
 196 I   0.90681 0.03334 0.05731 0.00254 ( 1)
 197 A   0.92885 0.02286 0.04678 0.00151 ( 1)
 198 I   0.89761 0.03799 0.06136 0.00305 ( 1)
 199 P   0.92493 0.02413 0.04928 0.00165 ( 1)
 200 D   0.87934 0.04724 0.06927 0.00415 ( 1)
 201 K   0.48990 0.44389 0.03178 0.03443 ( 1)
 202 P   0.90537 0.03356 0.05847 0.00260 ( 1)
 203 Y   0.89613 0.03839 0.06236 0.00311 ( 1)
 204 T   0.90235 0.03513 0.05976 0.00276 ( 1)
 205 E   0.89181 0.04057 0.06426 0.00337 ( 1)
 206 E   0.42639 0.49986 0.03156 0.04219 ( 2)
 207 E   0.88761 0.04245 0.06634 0.00360 ( 1)
 208 L   0.93093 0.02102 0.04667 0.00138 ( 1)
 209 V   0.88977 0.04135 0.06540 0.00347 ( 1)
 210 E   0.42893 0.49631 0.03236 0.04240 ( 2)
 211 F   0.88112 0.04566 0.06921 0.00400 ( 1)
 212 V   0.88817 0.04227 0.06598 0.00357 ( 1)
 213 K   0.90140 0.03540 0.06040 0.00280 ( 1)
 214 E   0.88605 0.04335 0.06690 0.00371 ( 1)
 215 H   0.94635 0.01445 0.03836 0.00083 ( 1)
 216 Q   0.88636 0.04395 0.06599 0.00370 ( 1)
 217 -   0.87951 0.03016 0.08728 0.00305 ( 1)
 218 -   0.86155 0.04826 0.08532 0.00488 ( 1)
 219 -   0.87750 0.03526 0.08376 0.00348 ( 1)
 220 -   0.86217 0.04676 0.08631 0.00476 ( 1)
 221 -   0.57695 0.33621 0.05405 0.03279 ( 1)
 222 -   0.86797 0.04190 0.08589 0.00423 ( 1)
 223 -   0.84848 0.05877 0.08669 0.00606 ( 1)
 224 -   0.86797 0.04190 0.08589 0.00423 ( 1)
 225 -   0.86082 0.04803 0.08626 0.00489 ( 1)
 226 -   0.86038 0.04840 0.08628 0.00493 ( 1)
 227 -   0.85148 0.05616 0.08659 0.00577 ( 1)
 228 -   0.88776 0.02569 0.08402 0.00252 ( 1)
 229 -   0.85534 0.05278 0.08647 0.00541 ( 1)
 230 -   0.86001 0.04872 0.08631 0.00497 ( 1)
 231 -   0.86592 0.04364 0.08601 0.00442 ( 1)
 232 -   0.84916 0.05819 0.08666 0.00600 ( 1)
 233 E   0.90027 0.03391 0.06306 0.00276 ( 1)
 234 D   0.88185 0.04413 0.07012 0.00389 ( 1)
 235 D   0.88185 0.04413 0.07012 0.00389 ( 1)
 236 L   0.87607 0.04795 0.07169 0.00429 ( 1)
 237 N   0.94539 0.01275 0.04109 0.00077 ( 1)
 238 G   0.94540 0.01280 0.04103 0.00077 ( 1)
 239 I   0.90508 0.03137 0.06106 0.00250 ( 1)
 240 H   0.95726 0.00830 0.03401 0.00044 ( 1)
 241 I   0.91451 0.02658 0.05690 0.00201 ( 1)
 242 V   0.89900 0.03461 0.06356 0.00283 ( 1)
 243 A   0.93633 0.01647 0.04613 0.00107 ( 1)
 244 F   0.89150 0.03887 0.06633 0.00329 ( 1)
 245 A   0.93870 0.01527 0.04505 0.00098 ( 1)
 246 E   0.89668 0.03579 0.06456 0.00297 ( 1)
 247 R   0.96245 0.00676 0.03047 0.00033 ( 1)
 248 S   0.90970 0.02907 0.05897 0.00225 ( 1)
 249 D   0.88185 0.04413 0.07012 0.00389 ( 1)
 250 P   0.90094 0.03341 0.06293 0.00272 ( 1)
 251 D   0.88096 0.04426 0.07084 0.00393 ( 1)
 252 G   0.94550 0.01227 0.04149 0.00074 ( 1)
 253 Y   0.90506 0.03132 0.06112 0.00249 ( 1)
 254 E   0.89558 0.03594 0.06547 0.00301 ( 1)
 255 F   0.90295 0.03203 0.06244 0.00259 ( 1)
 256 L   0.85881 0.05764 0.07803 0.00552 ( 1)
 257 E   0.89558 0.03594 0.06547 0.00301 ( 1)
 258 I   0.90387 0.03153 0.06206 0.00254 ( 1)
 259 L   0.85881 0.05764 0.07803 0.00552 ( 1)
 260 K   0.91188 0.02748 0.05852 0.00212 ( 1)
 261 Q   0.89524 0.03664 0.06508 0.00304 ( 1)
 262 V   0.93192 0.01785 0.04902 0.00121 ( 1)
 263 A   0.91699 0.02486 0.05629 0.00186 ( 1)
 264 R   0.96481 0.00575 0.02917 0.00027 ( 1)
 265 D   0.88592 0.04133 0.06914 0.00361 ( 1)
 266 N   0.94385 0.01289 0.04246 0.00079 ( 1)
 267 T   0.95683 0.00878 0.03393 0.00046 ( 1)
 268 D   0.88592 0.04133 0.06914 0.00361 ( 1)
 269 N   0.94385 0.01289 0.04246 0.00079 ( 1)
 270 P   0.93257 0.01761 0.04864 0.00119 ( 1)
 271 D   0.88592 0.04133 0.06914 0.00361 ( 1)
 272 L   0.86650 0.05298 0.07558 0.00495 ( 1)
 273 S   0.95142 0.00999 0.03802 0.00057 ( 1)
 274 I   0.90401 0.03139 0.06207 0.00252 ( 1)
 275 V   0.77222 0.18767 0.02969 0.01041 ( 1)
 276 W   0.87638 0.04717 0.07220 0.00425 ( 1)
 277 I   0.90387 0.03153 0.06206 0.00254 ( 1)
 278 D   0.88592 0.04133 0.06914 0.00361 ( 1)
 279 P   0.89978 0.03357 0.06390 0.00276 ( 1)
 280 D   0.88126 0.04404 0.07080 0.00391 ( 1)
 281 D   0.88592 0.04133 0.06914 0.00361 ( 1)
 282 F   0.88885 0.03967 0.06805 0.00342 ( 1)
 283 P   0.93257 0.01761 0.04864 0.00119 ( 1)
 284 L   0.85881 0.05764 0.07803 0.00552 ( 1)
 285 L   0.94098 0.01451 0.04360 0.00091 ( 1)
 286 V   0.93340 0.01769 0.04772 0.00118 ( 1)
 287 A   0.93578 0.01702 0.04610 0.00111 ( 1)
 288 Y   0.90679 0.03067 0.06014 0.00241 ( 1)
 289 W   0.87719 0.04705 0.07155 0.00421 ( 1)
 290 E   0.90027 0.03391 0.06306 0.00276 ( 1)
 291 K   0.91318 0.02732 0.05743 0.00208 ( 1)
 292 T   0.94492 0.01290 0.04140 0.00078 ( 1)
 293 F   0.90414 0.03187 0.06144 0.00255 ( 1)
 294 K   0.91318 0.02732 0.05743 0.00208 ( 1)
 295 I   0.91451 0.02658 0.05690 0.00201 ( 1)
 296 D   0.88689 0.04119 0.06836 0.00356 ( 1)
 297 L   0.90321 0.03264 0.06154 0.00261 ( 1)
 298 F   0.90414 0.03187 0.06144 0.00255 ( 1)
 299 K   0.91318 0.02732 0.05743 0.00208 ( 1)
 300 P   0.90138 0.03333 0.06259 0.00270 ( 1)
 301 Q   0.89639 0.03641 0.06420 0.00300 ( 1)
 302 I   0.91451 0.02658 0.05690 0.00201 ( 1)
 303 G   0.94512 0.01292 0.04119 0.00078 ( 1)
 304 V   0.89900 0.03461 0.06356 0.00283 ( 1)
 305 V   0.89900 0.03461 0.06356 0.00283 ( 1)
 306 N   0.95951 0.00756 0.03255 0.00039 ( 1)
 307 V   0.93340 0.01769 0.04772 0.00118 ( 1)
 308 T   0.91132 0.02820 0.05831 0.00217 ( 1)
 309 D   0.88185 0.04413 0.07012 0.00389 ( 1)
 310 A   0.91834 0.02470 0.05513 0.00182 ( 1)
 311 D   0.88689 0.04119 0.06836 0.00356 ( 1)
 312 S   0.90970 0.02907 0.05897 0.00225 ( 1)
 313 V   0.93394 0.01748 0.04742 0.00116 ( 1)
 314 W   0.87719 0.04705 0.07155 0.00421 ( 1)
 315 M   0.94980 0.01091 0.03866 0.00063 ( 1)
 316 E   0.89667 0.03580 0.06456 0.00297 ( 1)
 317 I   0.91451 0.02658 0.05690 0.00201 ( 1)
 318 P   0.90234 0.03203 0.06302 0.00261 ( 1)
 319 D   0.12855 0.15671 0.67715 0.03759 ( 3)
 320 G   0.96623 0.00556 0.02796 0.00026 ( 1)
 321 D   0.88185 0.04413 0.07012 0.00389 ( 1)
 322 D   0.27550 0.64725 0.02123 0.05602 ( 2)
 323 L   0.85934 0.05755 0.07762 0.00549 ( 1)
 324 P   0.91444 0.02660 0.05695 0.00201 ( 1)
 325 T   0.91132 0.02820 0.05831 0.00217 ( 1)
 326 A   0.91834 0.02470 0.05513 0.00182 ( 1)
 327 E   0.89668 0.03579 0.06456 0.00297 ( 1)
 328 E   0.89668 0.03579 0.06456 0.00297 ( 1)
 329 L   0.85934 0.05755 0.07762 0.00549 ( 1)
 330 E   0.90027 0.03391 0.06306 0.00276 ( 1)
 331 D   0.88689 0.04119 0.06836 0.00356 ( 1)
 332 W   0.87719 0.04705 0.07155 0.00421 ( 1)
 333 I   0.17666 0.12210 0.67734 0.02391 ( 3)
 334 E   0.89668 0.03579 0.06456 0.00297 ( 1)
 335 D   0.88232 0.04399 0.06982 0.00387 ( 1)
 336 V   0.89900 0.03461 0.06356 0.00283 ( 1)
 337 L   0.94098 0.01451 0.04360 0.00091 ( 1)
 338 S   0.94586 0.01264 0.04074 0.00075 ( 1)
 339 G   0.94540 0.01280 0.04103 0.00077 ( 1)
 340 K   0.91318 0.02732 0.05743 0.00208 ( 1)
 341 I   0.96927 0.00452 0.02601 0.00020 ( 1)
 342 N   0.24242 0.07854 0.66662 0.01242 ( 3)
 343 T   0.94492 0.01290 0.04140 0.00078 ( 1)
 344 E   0.89691 0.03557 0.06457 0.00295 ( 1)
 345 D   0.88249 0.04350 0.07018 0.00384 ( 1)
 346 D   0.88124 0.04423 0.07060 0.00392 ( 1)
 347 D   0.88623 0.04129 0.06888 0.00359 ( 1)
 348 N   0.00023 0.94588 0.00001 0.05389 ( 2)
 349 E   0.89934 0.03418 0.06368 0.00280 ( 1)
 350 D   0.88125 0.04423 0.07060 0.00392 ( 1)
 351 E   0.89950 0.03402 0.06369 0.00279 ( 1)
 352 E   0.03108 0.70050 0.12612 0.14231 ( 2)
 353 D   0.88125 0.04423 0.07060 0.00392 ( 1)
 354 E   0.89950 0.03402 0.06369 0.00279 ( 1)
 355 E   0.89594 0.03590 0.06516 0.00300 ( 1)
 356 D   0.88026 0.04395 0.07181 0.00397 ( 1)
 357 D   0.88689 0.04119 0.06836 0.00356 ( 1)
 358 D   0.15648 0.16326 0.64637 0.03388 ( 3)
 359 D   0.88683 0.04125 0.06835 0.00357 ( 1)
 360 N   0.17854 0.09415 0.70826 0.01904 ( 3)
 361 -   0.34123 0.57576 0.02926 0.05376 ( 2)
 362 D   0.12741 0.17505 0.65910 0.03844 ( 3)
 363 D   0.88061 0.04361 0.07184 0.00394 ( 1)
 364 D   0.88689 0.04119 0.06836 0.00356 ( 1)
 365 N   0.00417 0.90888 0.00038 0.08658 ( 2)
 366 D   0.86891 0.04381 0.08296 0.00433 ( 1)
 367 N   0.92008 0.00973 0.06936 0.00083 ( 1)
 368 S   0.91000 0.01517 0.07349 0.00135 ( 1)
 369 D   0.86873 0.04399 0.08294 0.00434 ( 1)
 370 E   0.87361 0.03743 0.08521 0.00375 ( 1)
 371 E   0.02670 0.64638 0.15951 0.16741 ( 2)
 372 D   0.12604 0.60135 0.18417 0.08844 ( 2)
 373 D   0.04101 0.87641 0.00335 0.07924 ( 2)
 374 D   0.15964 0.17491 0.63046 0.03499 ( 3)
 375 D   0.88689 0.04119 0.06836 0.00356 ( 1)
 376 S   0.00349 0.05794 0.90711 0.03146 ( 3)
 377 D   0.12561 0.15233 0.68454 0.03751 ( 3)
 378 D   0.15565 0.16216 0.64835 0.03384 ( 3)
 379 D   0.41746 0.50257 0.03431 0.04566 ( 2)
 380 E   0.03214 0.88744 0.00254 0.07788 ( 2)
 381 D   0.88623 0.04129 0.06888 0.00359 ( 1)


lnL = -2366.797759

Bayes Empirical Bayes (BEB) probabilities for 4 classes (class)
(amino acids refer to 1st sequence: Bbon)

   1 M   0.80453 0.10249 0.08133 0.01165 ( 1)
   2 K   0.21936 0.66349 0.02759 0.08956 ( 2)
   3 R   0.29752 0.60757 0.02817 0.06673 ( 2)
   4 T   0.79945 0.10598 0.08237 0.01220 ( 1)
   5 H   0.31111 0.59467 0.02923 0.06499 ( 2)
   6 L   0.68835 0.17735 0.10677 0.02753 ( 1)
   7 F   0.71957 0.15723 0.10060 0.02260 ( 1)
   8 V   0.72994 0.15067 0.09833 0.02107 ( 1)
   9 M   0.20881 0.66847 0.02803 0.09470 ( 2)
  10 A   0.26543 0.63055 0.02841 0.07560 ( 2)
  11 V   0.77709 0.12037 0.08774 0.01479 ( 1)
  12 Y   0.73685 0.14633 0.09676 0.02007 ( 1)
  13 L   0.68835 0.17735 0.10677 0.02753 ( 1)
  14 L   0.68835 0.17735 0.10677 0.02753 ( 1)
  15 S   0.80745 0.10078 0.08045 0.01133 ( 1)
  16 S   0.80745 0.10078 0.08045 0.01133 ( 1)
  17 C   0.82909 0.08678 0.07501 0.00912 ( 1)
  18 R   0.83003 0.08625 0.07469 0.00903 ( 1)
  19 A   0.75397 0.13530 0.09300 0.01773 ( 1)
  20 E   0.07497 0.25424 0.55181 0.11898 ( 3)
  21 E   0.72729 0.15229 0.09896 0.02146 ( 1)
  22 G   0.79586 0.10841 0.08314 0.01259 ( 1)
  23 L   0.69144 0.17426 0.10725 0.02705 ( 1)
  24 N   0.27945 0.61964 0.02873 0.07218 ( 2)
  25 F   0.73612 0.14669 0.09701 0.02018 ( 1)
  26 P   0.74921 0.13828 0.09414 0.01837 ( 1)
  27 T   0.79945 0.10598 0.08237 0.01220 ( 1)
  28 Y   0.73919 0.14491 0.09616 0.01973 ( 1)
  29 D   0.71630 0.15932 0.10129 0.02310 ( 1)
  30 G   0.79884 0.10645 0.08245 0.01226 ( 1)
  31 K   0.22710 0.65581 0.02857 0.08852 ( 2)
  32 D   0.71716 0.15922 0.10067 0.02295 ( 1)
  33 R   0.75157 0.13750 0.09289 0.01804 ( 1)
  34 V   0.73195 0.14958 0.09771 0.02077 ( 1)
  35 V   0.77868 0.12012 0.08660 0.01460 ( 1)
  36 S   0.74416 0.14223 0.09456 0.01904 ( 1)
  37 L   0.73563 0.14790 0.09625 0.02022 ( 1)
  38 T   0.80104 0.10576 0.08117 0.01203 ( 1)
  39 E   0.72830 0.15217 0.09823 0.02130 ( 1)
  40 K   0.74863 0.13940 0.09354 0.01843 ( 1)
  41 N   0.79796 0.10773 0.08195 0.01237 ( 1)
  42 F   0.73725 0.14654 0.09620 0.02001 ( 1)
  43 K   0.74863 0.13940 0.09354 0.01843 ( 1)
  44 Q   0.72735 0.15329 0.09796 0.02140 ( 1)
  45 V   0.77789 0.12059 0.08682 0.01470 ( 1)
  46 L   0.18166 0.68861 0.02639 0.10334 ( 2)
  47 K   0.74863 0.13940 0.09354 0.01843 ( 1)
  48 K   0.74961 0.13874 0.09334 0.01830 ( 1)
  49 Y   0.07901 0.25430 0.55270 0.11399 ( 3)
  50 D   0.71716 0.15922 0.10067 0.02295 ( 1)
  51 L   0.70474 0.16776 0.10267 0.02482 ( 1)
  52 L   0.78667 0.11550 0.08417 0.01366 ( 1)
  53 C   0.83520 0.08446 0.07177 0.00857 ( 1)
  54 L   0.78688 0.11529 0.08419 0.01363 ( 1)
  55 Y   0.73705 0.14709 0.09583 0.02003 ( 1)
  56 Y   0.07870 0.25538 0.55136 0.11456 ( 3)
  57 H   0.78087 0.11925 0.08555 0.01433 ( 1)
  58 E   0.72748 0.15298 0.09812 0.02141 ( 1)
  59 P   0.74945 0.13914 0.09309 0.01833 ( 1)
  60 V   0.20221 0.67582 0.02689 0.09508 ( 2)
  61 S   0.79748 0.10858 0.08151 0.01242 ( 1)
  62 S   0.76683 0.12300 0.09414 0.01604 ( 1)
  63 D   0.71096 0.16347 0.10169 0.02389 ( 1)
  64 K   0.74858 0.13977 0.09321 0.01844 ( 1)
  65 A   0.03035 0.86084 0.00330 0.10551 ( 2)
  66 A   0.00334 0.70334 0.01008 0.28325 ( 2)
  67 Q   0.72655 0.15409 0.09785 0.02151 ( 1)
  68 K   0.74858 0.13977 0.09321 0.01844 ( 1)
  69 Q   0.02100 0.13129 0.69431 0.15340 ( 3)
  70 F   0.08288 0.26598 0.53895 0.11219 ( 3)
  71 Q   0.72659 0.15439 0.09754 0.02148 ( 1)
  72 M   0.02146 0.84905 0.00304 0.12645 ( 2)
  73 K   0.74858 0.13977 0.09321 0.01844 ( 1)
  74 E   0.73061 0.15144 0.09700 0.02095 ( 1)
  75 I   0.73638 0.14781 0.09568 0.02013 ( 1)
  76 V   0.73603 0.14552 0.09825 0.02021 ( 1)
  77 L   0.68800 0.17809 0.10633 0.02757 ( 1)
  78 E   0.72649 0.15397 0.09799 0.02155 ( 1)
  79 F   0.70360 0.15909 0.11213 0.02518 ( 1)
  80 D   0.05943 0.22801 0.57784 0.13471 ( 3)
  81 E   0.71226 0.15197 0.11197 0.02380 ( 1)
  82 E   0.71226 0.15197 0.11197 0.02380 ( 1)
  83 G   0.75971 0.11353 0.11006 0.01670 ( 1)
  84 S   0.72063 0.14511 0.11177 0.02249 ( 1)
  85 L   0.68067 0.17808 0.11230 0.02895 ( 1)
  86 Y   0.71776 0.14746 0.11184 0.02294 ( 1)
  87 V   0.23285 0.63569 0.03459 0.09688 ( 2)
  88 L   0.75305 0.11916 0.11013 0.01766 ( 1)
  89 K   0.72387 0.14247 0.11167 0.02199 ( 1)
  90 G   0.79352 0.08698 0.10735 0.01215 ( 1)
  91 D   0.69712 0.16444 0.11221 0.02623 ( 1)
  92 R   0.72605 0.14069 0.11161 0.02165 ( 1)
  93 T   0.72224 0.14380 0.11172 0.02224 ( 1)
  94 I   0.72536 0.14125 0.11163 0.02176 ( 1)
  95 E   0.70925 0.15444 0.11203 0.02428 ( 1)
  96 F   0.70360 0.15909 0.11213 0.02518 ( 1)
  97 D   0.69712 0.16444 0.11221 0.02623 ( 1)
  98 G   0.76244 0.11135 0.10989 0.01632 ( 1)
  99 E   0.70925 0.15444 0.11203 0.02428 ( 1)
 100 F   0.70360 0.15909 0.11213 0.02518 ( 1)
 101 A   0.73213 0.13701 0.11012 0.02074 ( 1)
 102 A   0.72915 0.13816 0.11150 0.02118 ( 1)
 103 D   0.69712 0.16444 0.11221 0.02623 ( 1)
 104 V   0.74608 0.12446 0.11081 0.01866 ( 1)
 105 L   0.69191 0.16876 0.11225 0.02708 ( 1)
 106 V   0.71113 0.15290 0.11199 0.02398 ( 1)
 107 E   0.70925 0.15444 0.11203 0.02428 ( 1)
 108 F   0.70378 0.15891 0.11216 0.02515 ( 1)
 109 L   0.75326 0.11869 0.11044 0.01762 ( 1)
 110 L   0.69191 0.16876 0.11225 0.02708 ( 1)
 111 D   0.70000 0.16228 0.11197 0.02576 ( 1)
