Supplemental results for CODEML (seqf: /home/leticiamagpali/phd/evol_models/codeml/small_dataset/cml_align/MYL1_codon_aligned.phy  treef: /home/leticiamagpali/phd/evol_models/codeml/small_dataset/cml_trees/gene_trees/H2_gene_trees/MYL1_codon_H2.tre)

I	J	ij	2Ns_IJ	pMut_IJ	pSub_IJ	2Ns_JI	pMut_JI	pSub_JI

TTC	TTT	CT	1.13264	0.07258	0.12128	-1.13264	0.22528	0.12128
TTA	TTT	AT	2.58962	0.01999	0.05596	-2.58962	0.26634	0.05596
TTA	TTC	AC	1.45698	0.02402	0.04563	-1.45698	0.10313	0.04563
TTG	TTT	GT	2.33654	0.00461	0.01193	-2.33654	0.04772	0.01193
TTG	TTC	GC	1.20390	0.00554	0.00954	-1.20390	0.01848	0.00954
TTG	TTA	GA	-0.25307	0.02203	0.01936	0.25307	0.01710	0.01936
TCT	TTT	CT	1.13264	0.07258	0.12128	-1.13264	0.22528	0.12128
TCC	TTC	CT	0.05643	0.08245	0.08479	-0.05643	0.08723	0.08479
TCC	TCT	CT	0.05643	0.08245	0.08479	-0.05643	0.08723	0.08479
TCA	TTA	CT	1.24474	0.01268	0.02218	-1.24474	0.04404	0.02218
TCA	TCT	AT	2.70172	0.00692	0.02004	-2.70172	0.10313	0.02004
TCA	TCC	AC	2.64529	0.00832	0.02368	-2.64529	0.11715	0.02368
TCG	TTG	CT	7.85842	0.00000	0.00000	-7.85842	0.01016	0.00003
TCG	TCT	GT	9.06233	0.00000	0.00000	-9.06233	0.01848	0.00002
TCG	TCC	GC	9.00590	0.00000	0.00000	-9.00590	0.02099	0.00002
TCG	TCA	GA	6.36061	0.00000	0.00000	-6.36061	0.00592	0.00007
TAT	TTT	AT	2.30675	0.02652	0.06795	-2.30675	0.26634	0.06795
TAT	TCT	AC	1.17411	0.03188	0.05417	-1.17411	0.10313	0.05417
TAC	TTC	AT	5.59209	0.00038	0.00216	-5.59209	0.10313	0.00216
TAC	TCC	AC	5.53566	0.00046	0.00257	-5.53566	0.11715	0.00257
TAC	TAT	CT	4.41798	0.00070	0.00315	-4.41798	0.05844	0.00315
TGT	TTT	GT	10.01109	0.00000	0.00000	-10.01109	0.04772	0.00002
TGT	TCT	GC	8.87845	0.00000	0.00000	-8.87845	0.01848	0.00002
TGT	TAT	GA	7.70434	0.00000	0.00000	-7.70434	0.02269	0.00008
TGC	TTC	GT	1.16463	0.00577	0.00976	-1.16463	0.01848	0.00976
TGC	TCC	GC	1.10821	0.00693	0.01147	-1.10821	0.02099	0.01147
TGC	TAC	GA	-4.42746	0.02753	0.00147	4.42746	0.00033	0.00147
TGC	TGT	CT	-7.71382	0.01057	0.00004	7.71382	0.00000	0.00000
TGG	TTG	GT	0.11342	0.00192	0.00203	-0.11342	0.00215	0.00203
TGG	TCG	GC	-7.74500	0.00231	0.00001	7.74500	0.00000	0.00000
TGG	TGT	GT	-7.56113	0.00192	0.00001	7.56113	0.00000	0.00000
TGG	TGC	GC	0.15269	0.00231	0.00249	-0.15269	0.00269	0.00249
CTT	TTT	CT	1.16220	0.07047	0.11917	-1.16220	0.22528	0.11917
CTC	TTC	CT	0.74106	0.04158	0.05887	-0.74106	0.08723	0.05887
CTC	CTT	CT	0.71151	0.04158	0.05811	-0.71151	0.08469	0.05811
CTA	TTA	CT	-0.29570	0.05919	0.05087	0.29570	0.04404	0.05087
CTA	CTT	AT	1.13172	0.03229	0.05394	-1.13172	0.10013	0.05394
CTA	CTC	AC	0.42021	0.03881	0.04753	-0.42021	0.05908	0.04753
CTG	TTG	CT	-2.32165	0.10359	0.02616	2.32165	0.01016	0.02616
CTG	CTT	GT	-1.14731	0.05651	0.03016	1.14731	0.01794	0.03016
CTG	CTC	GC	-1.85881	0.06791	0.02331	1.85881	0.01058	0.02331
CTG	CTA	GA	-2.27902	0.26983	0.07014	2.27902	0.02763	0.07014
CCT	TCT	CT	-0.45951	0.13812	0.10880	0.45951	0.08723	0.10880
CCT	CTT	CT	-0.48907	0.13812	0.10708	0.48907	0.08469	0.10708
CCC	TCC	CT	0.05570	0.09372	0.09636	-0.05570	0.09909	0.09636
CCC	CTC	CT	-0.62894	0.09372	0.06732	0.62894	0.04997	0.06732
CCC	CCT	CT	0.57164	0.09372	0.12305	-0.57164	0.16600	0.12305
CCA	TCA	CT	-1.65314	0.07963	0.03117	1.65314	0.01524	0.03117
CCA	CTA	CT	-0.11270	0.07963	0.07523	0.11270	0.07114	0.07523
CCA	CCT	AT	1.50809	0.04344	0.08413	-1.50809	0.19625	0.08413
CCA	CCC	AC	0.93645	0.05221	0.08041	-0.93645	0.13317	0.08041
CCG	TCG	CT	-8.22465	0.01762	0.00004	8.22465	0.00000	0.00000
CCG	CTG	CT	1.95543	0.01762	0.04013	-1.95543	0.12450	0.04013
CCG	CCT	GT	1.29719	0.00961	0.01715	-1.29719	0.03516	0.01715
CCG	CCC	GC	0.72556	0.01155	0.01624	-0.72556	0.02386	0.01624
CCG	CCA	GA	-0.21090	0.04589	0.04122	0.21090	0.03716	0.04122
CAT	TAT	CT	0.56783	0.03312	0.04341	-0.56783	0.05844	0.04341
CAT	CTT	AT	1.71239	0.01807	0.03775	-1.71239	0.10013	0.03775
CAT	CCT	AC	2.20146	0.02171	0.05375	-2.20146	0.19625	0.05375
CAC	TAC	CT	-3.99051	0.04580	0.00344	3.99051	0.00085	0.00344
CAC	CTC	AT	0.86051	0.02499	0.03726	-0.86051	0.05908	0.03726
CAC	CCC	AC	1.48945	0.03003	0.05775	-1.48945	0.13317	0.05775
CAC	CAT	CT	-0.14037	0.04580	0.04266	0.14037	0.03981	0.04266
CAA	CTA	AT	1.04437	0.02960	0.04770	-1.04437	0.08411	0.04770
CAA	CCA	AC	1.15707	0.03557	0.06004	-1.15707	0.11315	0.06004
CAA	CAT	AT	0.46371	0.02960	0.03699	-0.46371	0.04706	0.03699
CAA	CAC	AC	0.60407	0.03557	0.04739	-0.60407	0.06508	0.04739
CAG	CTG	AT	1.19421	0.04459	0.07639	-1.19421	0.14719	0.07639
CAG	CCG	AC	-0.76122	0.05359	0.03576	0.76122	0.02503	0.03576
CAG	CAT	GT	-1.66549	0.04459	0.01732	1.66549	0.00843	0.01732
CAG	CAC	GC	-1.52512	0.05359	0.02273	1.52512	0.01166	0.02273
CAG	CAA	GA	-2.12919	0.21292	0.06120	2.12919	0.02532	0.06120
CGT	TGT	CT	-9.03112	0.03946	0.00004	9.03112	0.00000	0.00000
CGT	CTT	GT	-0.18223	0.02153	0.01962	0.18223	0.01794	0.01962
CGT	CCT	GC	0.30684	0.02587	0.03004	-0.30684	0.03516	0.03004
CGT	CAT	GA	-1.89461	0.10279	0.03447	1.89461	0.01546	0.03447
CGC	TGC	CT	8.08157	0.00000	0.00000	-8.08157	0.01270	0.00003
CGC	CTC	GT	8.50513	0.00000	0.00000	-8.50513	0.01058	0.00002
CGC	CCC	GC	9.13407	0.00000	0.00000	-9.13407	0.02386	0.00002
CGC	CAC	GA	7.64462	0.00000	0.00000	-7.64462	0.02138	0.00008
CGC	CGT	CT	9.39887	0.00000	0.00000	-9.39887	0.04743	0.00004
CGA	CTA	GT	2.05933	0.00192	0.00454	-2.05933	0.01507	0.00454
CGA	CCA	GC	2.17203	0.00231	0.00566	-2.17203	0.02027	0.00566
CGA	CAA	GA	1.01496	0.00918	0.01461	-1.01496	0.02532	0.01461
CGA	CGT	AT	3.37328	0.00192	0.00671	-3.37328	0.05607	0.00671
CGA	CGC	AC	-6.02559	0.00231	0.00003	6.02559	0.00000	0.00000
CGG	TGG	CT	-1.57399	0.02044	0.00841	1.57399	0.00423	0.00841
CGG	CTG	GT	0.86109	0.01115	0.01663	-0.86109	0.02637	0.01663
CGG	CCG	GC	-1.09434	0.01340	0.00738	1.09434	0.00449	0.00738
CGG	CAG	GA	-0.33311	0.05323	0.04486	0.33311	0.03815	0.04486
CGG	CGT	GT	-0.10399	0.01115	0.01058	0.10399	0.01005	0.01058
CGG	CGC	GC	-9.50286	0.01340	0.00001	9.50286	0.00000	0.00000
CGG	CGA	GA	-3.47727	0.05323	0.00590	3.47727	0.00164	0.00590
ATT	TTT	AT	1.88690	0.04036	0.08976	-1.88690	0.26634	0.08976
ATT	CTT	AC	0.72470	0.04851	0.06819	-0.72470	0.10013	0.06819
ATC	TTC	AT	1.37258	0.02614	0.04806	-1.37258	0.10313	0.04806
ATC	CTC	AC	0.63152	0.03142	0.04237	-0.63152	0.05908	0.04237
ATC	ATT	CT	0.61833	0.04792	0.06425	-0.61833	0.08893	0.06425
ATA	TTA	AT	2.42370	0.00461	0.01227	-2.42370	0.05207	0.01227
ATA	CTA	AC	2.71940	0.00554	0.01614	-2.71940	0.08411	0.01614
ATA	ATT	AT	3.12642	0.00461	0.01508	-3.12642	0.10514	0.01508
ATA	ATC	AC	2.50809	0.00554	0.01514	-2.50809	0.06809	0.01514
ATG	TTG	AT	-1.68763	0.06496	0.02488	1.68763	0.01202	0.02488
ATG	CTG	AC	0.63402	0.07808	0.10543	-0.63402	0.14719	0.10543
ATG	ATT	GT	-1.23798	0.06496	0.03284	1.23798	0.01884	0.03284
ATG	ATC	GC	-1.85631	0.07808	0.02684	1.85631	0.01220	0.02684
ATG	ATA	GA	-4.36440	0.31021	0.01745	4.36440	0.00395	0.01745
ACT	TCT	AT	5.59209	0.00038	0.00216	-5.59209	0.10313	0.00216
ACT	CCT	AC	6.05161	0.00046	0.00280	-6.05161	0.19625	0.00280
ACT	ATT	CT	4.83783	0.00070	0.00344	-4.83783	0.08893	0.00344
ACC	TCC	AT	1.01001	0.04267	0.06778	-1.01001	0.11715	0.06778
ACC	CCC	AC	0.95431	0.05128	0.07959	-0.95431	0.13317	0.07959
ACC	ATC	CT	-0.30615	0.07822	0.06686	0.30615	0.05759	0.06686
ACC	ACT	CT	-4.52566	0.07822	0.00387	4.52566	0.00085	0.00387
ACA	TCA	AT	-0.71661	0.03690	0.02525	0.71661	0.01802	0.02525
ACA	CCA	AC	0.93653	0.04435	0.06832	-0.93653	0.11315	0.06832
ACA	ATA	CT	-1.89557	0.06765	0.02267	1.89557	0.01016	0.02267
ACA	ACT	AT	-3.60698	0.03690	0.00371	3.60698	0.00100	0.00371
ACA	ACC	AC	0.91867	0.04435	0.06780	-0.91867	0.11114	0.06780
ACG	TCG	AT	-5.61857	0.00154	0.00003	5.61857	0.00000	0.00000
ACG	CCG	AC	2.60607	0.00185	0.00520	-2.60607	0.02503	0.00520
ACG	ATG	CT	3.92748	0.00282	0.01129	-3.92748	0.14313	0.01129
ACG	ACT	GT	-2.14834	0.00154	0.00044	2.14834	0.00018	0.00044
ACG	ACC	GC	2.37732	0.00185	0.00484	-2.37732	0.01991	0.00484
ACG	ACA	GA	1.45865	0.00734	0.01395	-1.45865	0.03157	0.01395
AAT	TAT	AT	-0.03428	0.07150	0.07028	0.03428	0.06909	0.07028
AAT	CAT	AC	-0.60211	0.08593	0.06264	0.60211	0.04706	0.06264
AAT	ATT	AT	0.38558	0.07150	0.08617	-0.38558	0.10514	0.08617
AAT	ACT	AC	-4.45226	0.08593	0.00451	4.45226	0.00100	0.00451
AAC	TAC	AT	-4.19593	0.06650	0.00427	4.19593	0.00100	0.00427
AAC	CAC	AC	-0.20541	0.07993	0.07200	0.20541	0.06508	0.07200
AAC	ATC	AT	0.02358	0.06650	0.06729	-0.02358	0.06809	0.06729
AAC	ACC	AC	0.32973	0.07993	0.09383	-0.32973	0.11114	0.09383
AAC	AAT	CT	0.25633	0.12191	0.13820	-0.25633	0.15753	0.13820
AAA	CAA	AC	0.23449	0.06098	0.06841	-0.23449	0.07710	0.06841
AAA	ATA	AT	-1.44053	0.05074	0.02268	1.44053	0.01202	0.02268
AAA	ACA	AC	0.45504	0.06098	0.07591	-0.45504	0.09612	0.07591
AAA	AAT	AT	1.30031	0.05074	0.09069	-1.30031	0.18624	0.09069
AAA	AAC	AC	1.04398	0.06098	0.09826	-1.04398	0.17322	0.09826
AAG	CAG	AC	-0.24124	0.14784	0.13072	0.24124	0.11615	0.13072
AAG	ATG	AT	0.31894	0.12301	0.14367	-0.31894	0.16922	0.14367
AAG	ACG	AC	-3.60854	0.14784	0.01486	3.60854	0.00401	0.01486
AAG	AAT	GT	-1.30462	0.12301	0.05974	1.30462	0.03337	0.05974
AAG	AAC	GC	-1.56095	0.14784	0.06132	1.56095	0.03104	0.06132
AAG	AAA	GA	-2.60493	0.58738	0.12211	2.60493	0.04341	0.12211
AGT	TGT	AT	0.95736	0.00000	0.00000	-0.95736	0.00000	0.00000
AGT	CGT	AC	9.98848	0.00000	0.00000	-9.98848	0.05607	0.00003
AGT	ATT	GT	9.08156	0.00000	0.00000	-9.08156	0.01884	0.00002
AGT	ACT	GC	4.24372	0.00000	0.00000	-4.24372	0.00018	0.00001
AGT	AAT	GA	8.69598	0.00000	0.00000	-8.69598	0.06117	0.00009
AGC	TGC	AT	-0.39503	0.02230	0.01818	0.39503	0.01502	0.01818
AGC	CGC	AC	-8.47659	0.02680	0.00005	8.47659	0.00000	0.00000
AGC	ATC	GT	-0.60298	0.02230	0.01624	0.60298	0.01220	0.01624
AGC	ACC	GC	-0.29683	0.02680	0.02302	0.29683	0.01991	0.02302
AGC	AAC	GA	-0.62656	0.10646	0.07657	0.62656	0.05690	0.07657
AGC	AGT	CT	-9.06621	0.04087	0.00004	9.06621	0.00000	0.00000
AGA	CGA	AC	-1.20059	0.01663	0.00860	1.20059	0.00501	0.00860
AGA	ATA	GT	-1.86066	0.01384	0.00474	1.86066	0.00215	0.00474
AGA	ACA	GC	0.03491	0.01663	0.01692	-0.03491	0.01722	0.01692
AGA	AAA	GA	-0.42013	0.06608	0.05317	0.42013	0.04341	0.05317
AGA	AGT	AT	-7.81580	0.01384	0.00004	7.81580	0.00000	0.00000
AGA	AGC	AC	1.25041	0.01663	0.02914	-1.25041	0.05808	0.02914
AGG	TGG	AT	-1.72366	0.02806	0.01050	1.72366	0.00501	0.01050
AGG	CGG	AC	-0.14967	0.03373	0.03126	0.14967	0.02904	0.03126
AGG	ATG	GT	0.07739	0.02806	0.02916	-0.07739	0.03032	0.02916
AGG	ACG	GC	-3.85008	0.03373	0.00282	3.85008	0.00072	0.00282
AGG	AAG	GA	-0.24155	0.13400	0.11846	0.24155	0.10524	0.11846
AGG	AGT	GT	-10.24215	0.02806	0.00001	10.24215	0.00000	0.00000
AGG	AGC	GC	-1.17593	0.03373	0.01770	1.17593	0.01041	0.01770
AGG	AGA	GA	-2.42635	0.13400	0.03151	2.42635	0.01184	0.03151
GTT	TTT	GT	0.07652	0.04421	0.04592	-0.07652	0.04772	0.04592
GTT	CTT	GC	-1.08568	0.05313	0.02941	1.08568	0.01794	0.02941
GTT	ATT	GA	-1.81038	0.21109	0.07474	1.81038	0.03453	0.07474
GTC	TTC	GT	-0.58166	0.03306	0.02437	0.58166	0.01848	0.02437
GTC	CTC	GC	-1.32273	0.03973	0.01909	1.32273	0.01058	0.01909
GTC	ATC	GA	-1.95425	0.15786	0.05092	1.95425	0.02236	0.05092
GTC	GTT	CT	0.47446	0.06060	0.07611	-0.47446	0.09740	0.07611
GTA	TTA	GT	0.05370	0.00884	0.00908	-0.05370	0.00933	0.00908
GTA	CTA	GC	0.34940	0.01063	0.01259	-0.34940	0.01507	0.01259
GTA	ATA	GA	-2.37000	0.04222	0.01032	2.37000	0.00395	0.01032
GTA	GTT	AT	2.56680	0.00884	0.02458	-2.56680	0.11515	0.02458
GTA	GTC	AC	2.09234	0.01063	0.02536	-2.09234	0.08611	0.02536
GTG	TTG	GT	-2.49665	0.02614	0.00586	2.49665	0.00215	0.00586
GTG	CTG	GC	-0.17499	0.03142	0.02875	0.17499	0.02637	0.02875
GTG	ATG	GA	-0.80902	0.12482	0.08106	0.80902	0.05558	0.08106
GTG	GTT	GT	-0.23662	0.02614	0.02317	0.23662	0.02063	0.02317
GTG	GTC	GC	-0.71108	0.03142	0.02156	0.71108	0.01543	0.02156
GTG	GTA	GA	-2.80342	0.12482	0.02257	2.80342	0.00756	0.02257
GCT	TCT	GT	-1.33132	0.06996	0.03343	1.33132	0.01848	0.03343
GCT	CCT	GC	-0.87181	0.08408	0.05269	0.87181	0.03516	0.05269
GCT	ACT	GA	-6.92342	0.33407	0.00228	6.92342	0.00033	0.00228
GCT	GTT	CT	-0.27520	0.12825	0.11141	0.27520	0.09740	0.11141
GCC	TCC	GT	-1.43359	0.08803	0.03951	1.43359	0.02099	0.03951
GCC	CCC	GC	-1.48929	0.10580	0.04588	1.48929	0.02386	0.04588
GCC	ACC	GA	-2.44360	0.42034	0.09769	2.44360	0.03651	0.09769
GCC	GTC	CT	-0.79550	0.16137	0.10561	0.79550	0.07284	0.10561
GCC	GCT	CT	-0.04584	0.16137	0.15770	0.04584	0.15414	0.15770
GCA	TCA	GT	-3.26984	0.08495	0.01098	3.26984	0.00323	0.01098
GCA	CCA	GC	-1.61669	0.10210	0.04089	1.61669	0.02027	0.04089
GCA	ACA	GA	-2.55322	0.40566	0.08741	2.55322	0.03157	0.08741
GCA	GTA	CT	-2.07880	0.15573	0.04628	2.07880	0.01948	0.04628
GCA	GCT	AT	0.76321	0.08495	0.12146	-0.76321	0.18224	0.12146
GCA	GCC	AC	0.80905	0.10210	0.14891	-0.80905	0.22930	0.14891
GCG	TCG	GT	-9.71289	0.01653	0.00001	9.71289	0.00000	0.00000
GCG	CCG	GC	-1.48824	0.01987	0.00862	1.48824	0.00449	0.00862
GCG	ACG	GA	-4.09431	0.07893	0.00548	4.09431	0.00132	0.00548
GCG	GTG	CT	0.64218	0.03030	0.04106	-0.64218	0.05759	0.04106
GCG	GCT	GT	0.68076	0.01653	0.02279	-0.68076	0.03265	0.02279
GCG	GCC	GC	0.72660	0.01987	0.02795	-0.72660	0.04108	0.02795
GCG	GCA	GA	-0.08245	0.07893	0.07572	0.08245	0.07268	0.07572
GAT	TAT	GT	-0.94678	0.03191	0.01915	0.94678	0.01238	0.01915
GAT	CAT	GC	-1.51461	0.03835	0.01637	1.51461	0.00843	0.01637
GAT	AAT	GA	-0.91250	0.15235	0.09327	0.91250	0.06117	0.09327
GAT	GTT	AT	1.28345	0.03191	0.05664	-1.28345	0.11515	0.05664
GAT	GCT	AC	1.55866	0.03835	0.07570	-1.55866	0.18224	0.07570
GAC	TAC	GT	-6.07031	0.07765	0.00109	6.07031	0.00018	0.00109
GAC	CAC	GC	-2.07980	0.09332	0.02772	2.07980	0.01166	0.02772
GAC	AAC	GA	-1.87438	0.37078	0.12598	1.87438	0.05690	0.12598
GAC	GTC	AT	0.10344	0.07765	0.08173	-0.10344	0.08611	0.08173
GAC	GCC	AC	0.89895	0.09332	0.14147	-0.89895	0.22930	0.14147
GAC	GAT	CT	-0.70555	0.14234	0.09799	0.70555	0.07029	0.09799
GAA	CAA	GC	-2.27199	0.13398	0.03499	2.27199	0.01381	0.03499
GAA	AAA	GA	-2.50649	0.53231	0.11847	2.50649	0.04341	0.11847
GAA	GTA	AT	-1.57702	0.11148	0.04578	1.57702	0.02303	0.04578
GAA	GCA	AC	0.50177	0.13398	0.17039	-0.50177	0.22129	0.17039
GAA	GAT	AT	-0.29368	0.11148	0.09591	0.29368	0.08311	0.09591
GAA	GAC	AC	0.41188	0.13398	0.16346	-0.41188	0.20226	0.16346
GAG	CAG	GC	-1.26123	0.07346	0.03662	1.26123	0.02081	0.03662
GAG	AAG	GA	-1.01999	0.29185	0.16788	1.01999	0.10524	0.16788
GAG	GTG	AT	0.10797	0.06112	0.06448	-0.10797	0.06809	0.06448
GAG	GCG	AC	-0.53421	0.07346	0.05558	0.53421	0.04306	0.05558
GAG	GAT	GT	-1.41211	0.06112	0.02780	1.41211	0.01489	0.02780
GAG	GAC	GC	-0.70655	0.07346	0.05054	0.70655	0.03624	0.05054
GAG	GAA	GA	-1.11843	0.29185	0.15845	1.11843	0.09538	0.15845
GGT	TGT	GT	-10.82689	0.05036	0.00001	10.82689	0.00000	0.00000
GGT	CGT	GC	-1.79576	0.06052	0.02163	1.79576	0.01005	0.02163
GGT	AGT	GA	-11.78425	0.24046	0.00002	11.78425	0.00000	0.00000
GGT	GTT	GT	-0.89231	0.05036	0.03119	0.89231	0.02063	0.03119
GGT	GCT	GC	-0.61711	0.06052	0.04376	0.61711	0.03265	0.04376
GGT	GAT	GA	-2.17577	0.24046	0.06700	2.17577	0.02730	0.06700
GGC	TGC	GT	-3.09095	0.05920	0.00871	3.09095	0.00269	0.00871
GGC	CGC	GC	-11.17251	0.07115	0.00001	11.17251	0.00000	0.00000
GGC	AGC	GA	-2.69592	0.28267	0.05515	2.69592	0.01908	0.05515
GGC	GTC	GT	-1.34465	0.05920	0.02806	1.34465	0.01543	0.02806
GGC	GCC	GC	-0.54915	0.07115	0.05339	0.54915	0.04108	0.05339
GGC	GAC	GA	-1.44809	0.28267	0.12576	1.44809	0.06643	0.12576
GGC	GGT	CT	0.02212	0.10852	0.10972	-0.02212	0.11095	0.10972
GGA	CGA	GC	-2.66868	0.01294	0.00257	2.66868	0.00090	0.00257
GGA	AGA	GA	-1.46809	0.05140	0.02258	1.46809	0.01184	0.02258
GGA	GTA	GT	-0.95876	0.01076	0.00642	0.95876	0.00413	0.00642
GGA	GCA	GC	1.12004	0.01294	0.02151	-1.12004	0.03965	0.02151
GGA	GAA	GA	0.61827	0.05140	0.06891	-0.61827	0.09538	0.06891
GGA	GGT	AT	2.50036	0.01076	0.02932	-2.50036	0.13117	0.02932
GGA	GGC	AC	2.47824	0.01294	0.03499	-2.47824	0.15420	0.03499
GGG	TGG	GT	-0.25122	0.00115	0.00101	0.25122	0.00090	0.00101
GGG	CGG	GC	1.32277	0.00139	0.00250	-1.32277	0.00520	0.00250
GGG	AGG	GA	1.47244	0.00551	0.01052	-1.47244	0.02401	0.01052
GGG	GTG	GT	2.35885	0.00115	0.00300	-2.35885	0.01220	0.00300
GGG	GCG	GC	1.71667	0.00139	0.00290	-1.71667	0.00771	0.00290
GGG	GAG	GA	2.25088	0.00551	0.01385	-2.25088	0.05229	0.01385
GGG	GGT	GT	3.01454	0.00115	0.00366	-3.01454	0.02350	0.00366
GGG	GGC	GC	2.99242	0.00139	0.00437	-2.99242	0.02763	0.00437
GGG	GGA	GA	0.51418	0.00551	0.00704	-0.51418	0.00921	0.00704


Histograms
2Ns	FMut	FSub(CodonUsage)	FSubw(after w)

-11.22309	0.01165	0.00000
-10.10078	0.00478	0.00000
-8.97848	0.01096	0.00002
-7.85617	0.00364	0.00002
-6.73386	0.01094	0.00011
-5.61155	0.01935	0.00051
-4.48924	0.02706	0.00221
-3.36693	0.02483	0.00413
-2.24462	0.23609	0.08931
-1.12231	0.28901	0.23737
0.00000	0.23228	0.33270
1.12231	0.10352	0.23737
2.24462	0.02467	0.08931
3.36693	0.00081	0.00413
4.48924	0.00034	0.00220
5.61155	0.00006	0.00050
6.73386	0.00001	0.00011
7.85617	0.00000	0.00000
8.97848	0.00000	0.00000
10.10078	0.00000	0.00000
11.22309	0.00000	0.00000

Proportion of advantageous (S > 0) mutations:
 0.23045

Proportions of good & bad mutations (|S| > 2.0000) among mutations:
0.01724  0.29386

mean |Ns| = 1.77821	mean Ns+ = 0.80650	mean Ns- = -2.06919


MLEs of dN/dS (w) for site classes (K=3)

site class             0         1         2
proportion        0.71194   0.00000   0.28806
branch type 0:    0.00033   1.00000   1.84048
branch type 1:    0.00033   1.00000   0.46356

Naive Empirical Bayes (NEB) probabilities for 3 classes
(amino acids refer to 1st sequence: Naasi)

   1 M   0.82960 0.00000 0.17039 ( 1)
   2 H   0.92241 0.00000 0.07759 ( 1)
   3 A   0.80488 0.00000 0.19512 ( 1)
   4 L   0.86375 0.00000 0.13624 ( 1)
   5 I   0.00352 0.00001 0.99647 ( 3)
   6 P   0.00082 0.00001 0.99918 ( 3)
   7 F   0.00072 0.00000 0.99927 ( 3)
   8 N   0.82151 0.00000 0.17849 ( 1)
   9 A   0.79255 0.00000 0.20744 ( 1)
  10 L   0.79741 0.00000 0.20259 ( 1)
  11 G   0.77301 0.00000 0.22699 ( 1)
  12 P   0.00000 0.00000 1.00000 ( 3)
  13 P   0.80287 0.00000 0.19713 ( 1)
  14 S   0.90597 0.00000 0.09403 ( 1)
  15 R   0.86577 0.00000 0.13422 ( 1)
  16 H   0.88401 0.00000 0.11599 ( 1)
  17 Q   0.00000 0.00000 1.00000 ( 3)
  18 S   0.86452 0.00000 0.13547 ( 1)
  19 V   0.88665 0.00000 0.11335 ( 1)
  20 D   0.94315 0.00000 0.05685 ( 1)
  21 Q   0.88089 0.00000 0.11911 ( 1)
  22 A   0.00111 0.00001 0.99889 ( 3)
  23 N   0.89199 0.00000 0.10801 ( 1)
  24 H   0.00186 0.00001 0.99813 ( 3)
  25 H   0.91402 0.00000 0.08598 ( 1)
  26 S   0.00110 0.00001 0.99889 ( 3)
  27 S   0.88098 0.00000 0.11902 ( 1)
  28 S   0.00437 0.00002 0.99560 ( 3)
  29 K   0.84151 0.00000 0.15849 ( 1)
  30 N   0.85678 0.00000 0.14322 ( 1)
  31 Q   0.88216 0.00000 0.11784 ( 1)
  32 F   0.82937 0.00000 0.17063 ( 1)
  33 D   0.89641 0.00000 0.10359 ( 1)
  34 R   0.84620 0.00000 0.15380 ( 1)
  35 F   0.00119 0.00001 0.99881 ( 3)
  36 F   0.83152 0.00000 0.16848 ( 1)
  37 R   0.86296 0.00000 0.13704 ( 1)
  38 R   0.00110 0.00000 0.99890 ( 3)
  39 F   0.00124 0.00001 0.99876 ( 3)
  40 S   0.86261 0.00000 0.13739 ( 1)
  41 F   0.00000 0.00001 0.99999 ( 3)
  42 F   0.00000 0.00001 0.99999 ( 3)
  43 F   0.82642 0.00000 0.17358 ( 1)
  44 F   0.78909 0.00000 0.21090 ( 1)
  45 K   0.78550 0.00000 0.21450 ( 1)
  46 P   0.00111 0.00001 0.99889 ( 3)
  47 I   0.00000 0.00000 1.00000 ( 3)
  48 L   0.90734 0.00000 0.09266 ( 1)
  49 L   0.00000 0.00001 0.99999 ( 3)
  50 N   0.89586 0.00000 0.10414 ( 1)
  51 T   0.00000 0.00001 0.99999 ( 3)
  52 M   0.87905 0.00000 0.12095 ( 1)
  53 A   0.82685 0.00000 0.17315 ( 1)
  54 P   0.86585 0.00000 0.13415 ( 1)
  55 K   0.85099 0.00000 0.14901 ( 1)
  56 K   0.85099 0.00000 0.14901 ( 1)
  57 D   0.91517 0.00000 0.08483 ( 1)
  58 V   0.89845 0.00000 0.10155 ( 1)
  59 K   0.85099 0.00000 0.14901 ( 1)
  60 K   0.92035 0.00000 0.07965 ( 1)
  61 P   0.00125 0.00001 0.99874 ( 3)
  62 A   0.82951 0.00000 0.17049 ( 1)
  63 A   0.84558 0.00000 0.15442 ( 1)
  64 A   0.82951 0.00000 0.17049 ( 1)
  65 A   0.00087 0.00000 0.99913 ( 3)
  66 -   0.83803 0.00000 0.16197 ( 1)
  67 -   0.85509 0.00000 0.14490 ( 1)
  68 A   0.84766 0.00000 0.15234 ( 1)
  69 P   0.83445 0.00000 0.16555 ( 1)
  70 A   0.83383 0.00000 0.16617 ( 1)
  71 P   0.81623 0.00000 0.18377 ( 1)
  72 A   0.84692 0.00000 0.15308 ( 1)
  73 P   0.90283 0.00000 0.09717 ( 1)
  74 A   0.82820 0.00000 0.17180 ( 1)
  75 P   0.00137 0.00001 0.99862 ( 3)
  76 A   0.00000 0.00000 1.00000 ( 3)
  77 P   0.83242 0.00000 0.16758 ( 1)
  78 A   0.82810 0.00000 0.17190 ( 1)
  79 P   0.83449 0.00000 0.16551 ( 1)
  80 A   0.82685 0.00000 0.17315 ( 1)
  81 P   0.83242 0.00000 0.16758 ( 1)
  82 A   0.00035 0.00000 0.99965 ( 3)
  83 P   0.85847 0.00000 0.14153 ( 1)
  84 P   0.84599 0.00000 0.15401 ( 1)
  85 K   0.89370 0.00000 0.10630 ( 1)
  86 E   0.83695 0.00000 0.16305 ( 1)
  87 A   0.00000 0.00000 1.00000 ( 3)
  88 K   0.82778 0.00000 0.17222 ( 1)
  89 I   0.87467 0.00000 0.12533 ( 1)
  90 D   0.88015 0.00000 0.11985 ( 1)
  91 L   0.88840 0.00000 0.11160 ( 1)
  92 S   0.86504 0.00000 0.13496 ( 1)
  93 A   0.83007 0.00000 0.16993 ( 1)
  94 I   0.00131 0.00001 0.99868 ( 3)
  95 E   0.00000 0.00000 1.00000 ( 3)
  96 F   0.87712 0.00000 0.12288 ( 1)
  97 K   0.85099 0.00000 0.14901 ( 1)
  98 E   0.87171 0.00000 0.12829 ( 1)
  99 A   0.82685 0.00000 0.17315 ( 1)
 100 F   0.83830 0.00000 0.16170 ( 1)
 101 L   0.91520 0.00000 0.08480 ( 1)
 102 L   0.83515 0.00000 0.16485 ( 1)
 103 Y   0.00180 0.00001 0.99819 ( 3)
 104 D   0.90694 0.00000 0.09306 ( 1)
 105 R   0.00182 0.00001 0.99817 ( 3)
 106 T   0.00000 0.00000 1.00000 ( 3)
 107 G   0.83321 0.00000 0.16678 ( 1)
 108 D   0.95312 0.00000 0.04688 ( 1)
 109 N   0.00000 0.00000 1.00000 ( 3)
 110 K   0.85099 0.00000 0.14901 ( 1)
 111 I   0.93802 0.00000 0.06198 ( 1)
 112 T   0.00196 0.00001 0.99804 ( 3)
 113 L   0.87913 0.00000 0.12087 ( 1)
 114 S   0.00000 0.00000 1.00000 ( 3)
 115 Q   0.89266 0.00000 0.10734 ( 1)
 116 V   0.88889 0.00000 0.11111 ( 1)
 117 G   0.80026 0.00000 0.19974 ( 1)
 118 D   0.95312 0.00000 0.04688 ( 1)
 119 V   0.90879 0.00000 0.09121 ( 1)
 120 L   0.91521 0.00000 0.08479 ( 1)
 121 R   0.87752 0.00000 0.12248 ( 1)
 122 A   0.82951 0.00000 0.17049 ( 1)
 123 L   0.83293 0.00000 0.16707 ( 1)
 124 G   0.82994 0.00000 0.17006 ( 1)
 125 T   0.89064 0.00000 0.10936 ( 1)
 126 N   0.86679 0.00000 0.13321 ( 1)
 127 P   0.87111 0.00000 0.12889 ( 1)
 128 T   0.91664 0.00000 0.08336 ( 1)
 129 N   0.86679 0.00000 0.13321 ( 1)
 130 A   0.82685 0.00000 0.17315 ( 1)
 131 E   0.87171 0.00000 0.12829 ( 1)
 132 V   0.90879 0.00000 0.09121 ( 1)
 133 K   0.85166 0.00000 0.14834 ( 1)
 134 A   0.00000 0.00000 1.00000 ( 3)
 135 V   0.88889 0.00000 0.11111 ( 1)
 136 L   0.83293 0.00000 0.16707 ( 1)
 137 G   0.93045 0.00000 0.06955 ( 1)
 138 N   0.90214 0.00000 0.09786 ( 1)
 139 P   0.87111 0.00000 0.12889 ( 1)
 140 S   0.92267 0.00000 0.07733 ( 1)
 141 N   0.00114 0.00001 0.99885 ( 3)
 142 E   0.86181 0.00000 0.13819 ( 1)
 143 E   0.87171 0.00000 0.12829 ( 1)
 144 M   0.87905 0.00000 0.12095 ( 1)
 145 N   0.86679 0.00000 0.13321 ( 1)
 146 A   0.00098 0.00001 0.99902 ( 3)
 147 K   0.85099 0.00000 0.14901 ( 1)
 148 K   0.92035 0.00000 0.07965 ( 1)
 149 I   0.90141 0.00000 0.09859 ( 1)
 150 E   0.87152 0.00000 0.12848 ( 1)
 151 F   0.83825 0.00000 0.16175 ( 1)
 152 E   0.86181 0.00000 0.13819 ( 1)
 153 Q   0.92005 0.00000 0.07995 ( 1)
 154 F   0.83830 0.00000 0.16170 ( 1)
 155 L   0.83293 0.00000 0.16707 ( 1)
 156 P   0.87111 0.00000 0.12889 ( 1)
 157 M   0.87905 0.00000 0.12095 ( 1)
 158 M   0.00207 0.00001 0.99792 ( 3)
 159 Q   0.92132 0.00000 0.07868 ( 1)
 160 S   0.89145 0.00000 0.10854 ( 1)
 161 I   0.90141 0.00000 0.09859 ( 1)
 162 S   0.87025 0.00000 0.12974 ( 1)
 163 N   0.90384 0.00000 0.09616 ( 1)
 164 N   0.00176 0.00001 0.99823 ( 3)
 165 K   0.85099 0.00000 0.14901 ( 1)
 166 D   0.90694 0.00000 0.09306 ( 1)
 167 Q   0.89266 0.00000 0.10734 ( 1)
 168 G   0.82994 0.00000 0.17006 ( 1)
 169 T   0.91664 0.00000 0.08336 ( 1)
 170 Y   0.91724 0.00000 0.08276 ( 1)
 171 E   0.86181 0.00000 0.13819 ( 1)
 172 D   0.90694 0.00000 0.09306 ( 1)
 173 F   0.83830 0.00000 0.16170 ( 1)
 174 V   0.88889 0.00000 0.11111 ( 1)
 175 E   0.87171 0.00000 0.12829 ( 1)
 176 G   0.80026 0.00000 0.19974 ( 1)
 177 L   0.83293 0.00000 0.16707 ( 1)
 178 R   0.83707 0.00000 0.16292 ( 1)
 179 V   0.90879 0.00000 0.09121 ( 1)
 180 F   0.83830 0.00000 0.16170 ( 1)
 181 D   0.90694 0.00000 0.09306 ( 1)
 182 K   0.85099 0.00000 0.14901 ( 1)
 183 E   0.86181 0.00000 0.13819 ( 1)
 184 G   0.82994 0.00000 0.17006 ( 1)
 185 N   0.86679 0.00000 0.13321 ( 1)
 186 G   0.82994 0.00000 0.17006 ( 1)
 187 T   0.92183 0.00000 0.07817 ( 1)
 188 V   0.88889 0.00000 0.11111 ( 1)
 189 M   0.87905 0.00000 0.12095 ( 1)
 190 G   0.80026 0.00000 0.19974 ( 1)
 191 A   0.82951 0.00000 0.17049 ( 1)
 192 E   0.86181 0.00000 0.13819 ( 1)
 193 L   0.91521 0.00000 0.08479 ( 1)
 194 R   0.83707 0.00000 0.16292 ( 1)
 195 H   0.96765 0.00000 0.03235 ( 1)
 196 V   0.95079 0.00000 0.04921 ( 1)
 197 L   0.83515 0.00000 0.16485 ( 1)
 198 A   0.82951 0.00000 0.17049 ( 1)
 199 T   0.92009 0.00000 0.07991 ( 1)
 200 L   0.83515 0.00000 0.16485 ( 1)
 201 G   0.78790 0.00000 0.21210 ( 1)
 202 E   0.84355 0.00000 0.15645 ( 1)
 203 K   0.83351 0.00000 0.16649 ( 1)
 204 M   0.85987 0.00000 0.14012 ( 1)
 205 K   0.90072 0.00000 0.09928 ( 1)
 206 E   0.85290 0.00000 0.14710 ( 1)
 207 E   0.84355 0.00000 0.15645 ( 1)
 208 E   0.84355 0.00000 0.15645 ( 1)
 209 V   0.87873 0.00000 0.12127 ( 1)
 210 E   0.84355 0.00000 0.15645 ( 1)
 211 A   0.83087 0.00000 0.16912 ( 1)
 212 L   0.81705 0.00000 0.18295 ( 1)
 213 M   0.00101 0.00001 0.99898 ( 3)
 214 A   0.00000 0.00000 1.00000 ( 3)
 215 G   0.00063 0.00000 0.99936 ( 3)
 216 Q   0.90173 0.00000 0.09827 ( 1)
 217 E   0.84355 0.00000 0.15645 ( 1)
 218 D   0.88714 0.00000 0.11286 ( 1)
 219 S   0.85154 0.00000 0.14846 ( 1)
 220 N   0.85126 0.00000 0.14873 ( 1)
 221 G   0.81437 0.00000 0.18563 ( 1)
 222 C   0.88508 0.00000 0.11492 ( 1)
 223 I   0.91934 0.00000 0.08066 ( 1)
 224 N   0.88401 0.00000 0.11599 ( 1)
 225 Y   0.89197 0.00000 0.10802 ( 1)
 226 E   0.84355 0.00000 0.15645 ( 1)


lnL = -1619.323254

Bayes Empirical Bayes (BEB) probabilities for 3 classes (class)
(amino acids refer to 1st sequence: Naasi)

   1 M   0.84725 0.06188 0.09086 ( 1)
   2 H   0.92357 0.03991 0.03652 ( 1)
   3 A   0.82628 0.06657 0.10716 ( 1)
   4 L   0.87563 0.05484 0.06953 ( 1)
   5 I   0.43757 0.22813 0.33430 ( 1)
   6 P   0.16064 0.19588 0.64348 ( 3)
   7 F   0.14375 0.18709 0.66916 ( 3)
   8 N   0.84071 0.06312 0.09617 ( 1)
   9 A   0.81590 0.06853 0.11557 ( 1)
  10 L   0.82005 0.06776 0.11219 ( 1)
  11 G   0.79881 0.07198 0.12921 ( 1)
  12 P   0.00863 0.12746 0.86391 ( 3)
  13 P   0.82464 0.06687 0.10849 ( 1)
  14 S   0.91024 0.04452 0.04524 ( 1)
  15 R   0.87742 0.05433 0.06825 ( 1)
  16 H   0.89235 0.05008 0.05757 ( 1)
  17 Q   0.01501 0.16666 0.81833 ( 3)
  18 S   0.87599 0.05505 0.06896 ( 1)
  19 V   0.89357 0.05044 0.05599 ( 1)
  20 D   0.93958 0.03453 0.02589 ( 1)
  21 Q   0.88889 0.05178 0.05933 ( 1)
  22 A   0.20623 0.21377 0.58000 ( 3)
  23 N   0.89789 0.04908 0.05303 ( 1)
  24 H   0.29998 0.23196 0.46806 ( 3)
  25 H   0.91663 0.04246 0.04091 ( 1)
  26 S   0.20566 0.21059 0.58375 ( 3)
  27 S   0.88974 0.05095 0.05931 ( 1)
  28 S   0.36444 0.35661 0.27895 ( 1)
  29 K   0.85716 0.05959 0.08325 ( 1)
  30 N   0.86985 0.05640 0.07376 ( 1)
  31 Q   0.89069 0.05065 0.05865 ( 1)
  32 F   0.84700 0.06203 0.09097 ( 1)
  33 D   0.90230 0.04713 0.05057 ( 1)
  34 R   0.86157 0.05817 0.08025 ( 1)
  35 F   0.21953 0.20934 0.57113 ( 3)
  36 F   0.84990 0.06040 0.08970 ( 1)
  37 R   0.87631 0.05362 0.07007 ( 1)
  38 R   0.21520 0.18346 0.60134 ( 3)
  39 F   0.22637 0.21151 0.56212 ( 3)
  40 S   0.87602 0.05369 0.07030 ( 1)
  41 F   0.00238 0.25390 0.74372 ( 3)
  42 F   0.00200 0.24075 0.75725 ( 3)
  43 F   0.84555 0.06101 0.09344 ( 1)
  44 F   0.81502 0.06667 0.11831 ( 1)
  45 K   0.81399 0.06498 0.12103 ( 1)
  46 P   0.20792 0.20634 0.58574 ( 3)
  47 I   0.02514 0.18795 0.78691 ( 3)
  48 L   0.91284 0.04253 0.04463 ( 1)
  49 L   0.03623 0.38334 0.58043 ( 3)
  50 N   0.90343 0.04555 0.05102 ( 1)
  51 T   0.04069 0.39280 0.56650 ( 3)
  52 M   0.89038 0.04897 0.06065 ( 1)
  53 A   0.84650 0.06077 0.09273 ( 1)
  54 P   0.87941 0.05214 0.06845 ( 1)
  55 K   0.86695 0.05553 0.07752 ( 1)
  56 K   0.86695 0.05553 0.07752 ( 1)
  57 D   0.91964 0.03983 0.04053 ( 1)
  58 V   0.90639 0.04403 0.04958 ( 1)
  59 K   0.86695 0.05553 0.07752 ( 1)
  60 K   0.92437 0.03788 0.03775 ( 1)
  61 P   0.22744 0.21529 0.55727 ( 3)
  62 A   0.84879 0.06023 0.09098 ( 1)
  63 A   0.86244 0.05675 0.08081 ( 1)
  64 A   0.84879 0.06023 0.09098 ( 1)
  65 A   0.17015 0.19470 0.63515 ( 3)
  66 -   0.85400 0.06064 0.08536 ( 1)
  67 -   0.86815 0.05711 0.07474 ( 1)
  68 A   0.86396 0.05654 0.07950 ( 1)
  69 P   0.85321 0.05890 0.08789 ( 1)
  70 A   0.85314 0.05857 0.08829 ( 1)
  71 P   0.83831 0.06191 0.09977 ( 1)
  72 A   0.86360 0.05641 0.07999 ( 1)
  73 P   0.90943 0.04347 0.04710 ( 1)
  74 A   0.84785 0.06027 0.09187 ( 1)
  75 P   0.24465 0.21595 0.53940 ( 3)
  76 A   0.01053 0.13664 0.85283 ( 3)
  77 P   0.85125 0.05959 0.08916 ( 1)
  78 A   0.84751 0.06057 0.09192 ( 1)
  79 P   0.85291 0.05925 0.08783 ( 1)
  80 A   0.84650 0.06077 0.09273 ( 1)
  81 P   0.85125 0.05959 0.08916 ( 1)
  82 A   0.08188 0.16034 0.75777 ( 3)
  83 P   0.87361 0.05345 0.07294 ( 1)
  84 P   0.86402 0.05529 0.08069 ( 1)
  85 K   0.90406 0.04354 0.05240 ( 1)
  86 E   0.85623 0.05719 0.08657 ( 1)
  87 A   0.00889 0.12607 0.86504 ( 3)
  88 K   0.84839 0.05933 0.09228 ( 1)
  89 I   0.88824 0.04846 0.06329 ( 1)
  90 D   0.89280 0.04707 0.06013 ( 1)
  91 L   0.89968 0.04496 0.05536 ( 1)
  92 S   0.88016 0.05083 0.06901 ( 1)
  93 A   0.85012 0.05916 0.09072 ( 1)
  94 I   0.23957 0.20760 0.55283 ( 3)
  95 E   0.00065 0.07494 0.92440 ( 3)
  96 F   0.88878 0.04944 0.06178 ( 1)
  97 K   0.86695 0.05553 0.07752 ( 1)
  98 E   0.88429 0.05076 0.06495 ( 1)
  99 A   0.84650 0.06077 0.09273 ( 1)
 100 F   0.85624 0.05833 0.08544 ( 1)
 101 L   0.92014 0.03941 0.04046 ( 1)
 102 L   0.85360 0.05903 0.08737 ( 1)
 103 Y   0.29978 0.21690 0.48332 ( 3)
 104 D   0.91336 0.04171 0.04493 ( 1)
 105 R   0.30324 0.21419 0.48257 ( 3)
 106 T   0.00102 0.09021 0.90877 ( 3)
 107 G   0.85173 0.05970 0.08857 ( 1)
 108 D   0.95153 0.02727 0.02120 ( 1)
 109 N   0.00007 0.04645 0.95348 ( 3)
 110 K   0.86695 0.05553 0.07752 ( 1)
 111 I   0.93893 0.03244 0.02862 ( 1)
 112 T   0.31666 0.21815 0.46519 ( 3)
 113 L   0.89047 0.04898 0.06055 ( 1)
 114 S   0.00113 0.09114 0.90772 ( 3)
 115 Q   0.90162 0.04554 0.05284 ( 1)
 116 V   0.89853 0.04653 0.05495 ( 1)
 117 G   0.82357 0.06612 0.11031 ( 1)
 118 D   0.95153 0.02727 0.02120 ( 1)
 119 V   0.91489 0.04123 0.04388 ( 1)
 120 L   0.92015 0.03940 0.04045 ( 1)
 121 R   0.88914 0.04938 0.06148 ( 1)
 122 A   0.84879 0.06023 0.09098 ( 1)
 123 L   0.85170 0.05950 0.08880 ( 1)
 124 G   0.84917 0.06015 0.09068 ( 1)
 125 T   0.89996 0.04606 0.05399 ( 1)
 126 N   0.88019 0.05191 0.06789 ( 1)
 127 P   0.88379 0.05090 0.06531 ( 1)
 128 T   0.92132 0.03898 0.03970 ( 1)
 129 N   0.88019 0.05191 0.06789 ( 1)
 130 A   0.84650 0.06077 0.09273 ( 1)
 131 E   0.88429 0.05076 0.06495 ( 1)
 132 V   0.91489 0.04123 0.04388 ( 1)
 133 K   0.86742 0.05534 0.07723 ( 1)
 134 A   0.00093 0.08807 0.91099 ( 3)
 135 V   0.89853 0.04653 0.05495 ( 1)
 136 L   0.85170 0.05950 0.08880 ( 1)
 137 G   0.93267 0.03489 0.03244 ( 1)
 138 N   0.90947 0.04280 0.04773 ( 1)
 139 P   0.88379 0.05090 0.06531 ( 1)
 140 S   0.92627 0.03723 0.03650 ( 1)
 141 N   0.21349 0.20513 0.58138 ( 3)
 142 E   0.87602 0.05306 0.07092 ( 1)
 143 E   0.88429 0.05076 0.06495 ( 1)
 144 M   0.89038 0.04897 0.06065 ( 1)
 145 N   0.88019 0.05191 0.06789 ( 1)
 146 A   0.18830 0.19947 0.61223 ( 3)
 147 K   0.86695 0.05553 0.07752 ( 1)
 148 K   0.92437 0.03788 0.03775 ( 1)
 149 I   0.90883 0.04324 0.04793 ( 1)
 150 E   0.88389 0.05102 0.06510 ( 1)
 151 F   0.85614 0.05827 0.08560 ( 1)
 152 E   0.87602 0.05306 0.07092 ( 1)
 153 Q   0.92418 0.03783 0.03799 ( 1)
 154 F   0.85624 0.05833 0.08544 ( 1)
 155 L   0.85170 0.05950 0.08880 ( 1)
 156 P   0.88379 0.05090 0.06531 ( 1)
 157 M   0.89038 0.04897 0.06065 ( 1)
 158 M   0.32475 0.22859 0.44666 ( 3)
 159 Q   0.92516 0.03761 0.03723 ( 1)
 160 S   0.90064 0.04587 0.05350 ( 1)
 161 I   0.90883 0.04324 0.04793 ( 1)
 162 S   0.88309 0.05112 0.06579 ( 1)
 163 N   0.91081 0.04254 0.04665 ( 1)
 164 N   0.29434 0.21764 0.48802 ( 3)
 165 K   0.86695 0.05553 0.07752 ( 1)
 166 D   0.91336 0.04171 0.04493 ( 1)
 167 Q   0.90162 0.04554 0.05284 ( 1)
 168 G   0.84917 0.06015 0.09068 ( 1)
 169 T   0.92132 0.03898 0.03970 ( 1)
 170 Y   0.92150 0.03916 0.03934 ( 1)
 171 E   0.87602 0.05306 0.07092 ( 1)
 172 D   0.91336 0.04171 0.04493 ( 1)
 173 F   0.85624 0.05833 0.08544 ( 1)
 174 V   0.89853 0.04653 0.05495 ( 1)
 175 E   0.88429 0.05076 0.06495 ( 1)
 176 G   0.82357 0.06612 0.11031 ( 1)
 177 L   0.85170 0.05950 0.08880 ( 1)
 178 R   0.85526 0.05866 0.08608 ( 1)
 179 V   0.91489 0.04123 0.04388 ( 1)
 180 F   0.85624 0.05833 0.08544 ( 1)
 181 D   0.91336 0.04171 0.04493 ( 1)
 182 K   0.86695 0.05553 0.07752 ( 1)
 183 E   0.87602 0.05306 0.07092 ( 1)
 184 G   0.84917 0.06015 0.09068 ( 1)
 185 N   0.88019 0.05191 0.06789 ( 1)
 186 G   0.84917 0.06015 0.09068 ( 1)
 187 T   0.92528 0.03778 0.03694 ( 1)
 188 V   0.89853 0.04653 0.05495 ( 1)
 189 M   0.89038 0.04897 0.06065 ( 1)
 190 G   0.82357 0.06612 0.11031 ( 1)
 191 A   0.84879 0.06023 0.09098 ( 1)
 192 E   0.87602 0.05306 0.07092 ( 1)
 193 L   0.92015 0.03940 0.04045 ( 1)
 194 R   0.85526 0.05866 0.08608 ( 1)
 195 H   0.96402 0.02161 0.01437 ( 1)
 196 V   0.94962 0.02808 0.02231 ( 1)
 197 L   0.85360 0.05903 0.08737 ( 1)
 198 A   0.84879 0.06023 0.09098 ( 1)
 199 T   0.92260 0.03964 0.03776 ( 1)
 200 L   0.85360 0.05903 0.08737 ( 1)
 201 G   0.81187 0.06943 0.11870 ( 1)
 202 E   0.85922 0.05876 0.08202 ( 1)
 203 K   0.85080 0.06083 0.08837 ( 1)
 204 M   0.87281 0.05529 0.07190 ( 1)
 205 K   0.90630 0.04547 0.04823 ( 1)
 206 E   0.86703 0.05682 0.07615 ( 1)
 207 E   0.85922 0.05876 0.08202 ( 1)
 208 E   0.85922 0.05876 0.08202 ( 1)
 209 V   0.88835 0.05100 0.06065 ( 1)
 210 E   0.85922 0.05876 0.08202 ( 1)
 211 A   0.84861 0.06140 0.08999 ( 1)
 212 L   0.83691 0.06410 0.09899 ( 1)
 213 M   0.19248 0.20452 0.60300 ( 3)
 214 A   0.00913 0.13138 0.85949 ( 3)
 215 G   0.12859 0.18208 0.68933 ( 3)
 216 Q   0.90712 0.04522 0.04765 ( 1)
 217 E   0.85922 0.05876 0.08202 ( 1)
 218 D   0.89522 0.04894 0.05584 ( 1)
 219 S   0.86591 0.05713 0.07697 ( 1)
 220 N   0.86562 0.05701 0.07736 ( 1)
 221 G   0.83465 0.06463 0.10072 ( 1)
 222 C   0.89357 0.04952 0.05692 ( 1)
 223 I   0.92148 0.04039 0.03813 ( 1)
 224 N   0.89265 0.04968 0.05767 ( 1)
 225 Y   0.89918 0.04777 0.05305 ( 1)
 226 E   0.85922 0.05876 0.08202 ( 1)

