Supplemental results for CODEML (seqf: /home/leticiamagpali/phd/evol_models/codeml/small_dataset/cml_align/RYR2_codon_aligned.phy  treef: /home/leticiamagpali/phd/evol_models/codeml/small_dataset/cml_trees/H3_trees/RYR2_tree_H3.tre)

I	J	ij	2Ns_IJ	pMut_IJ	pSub_IJ	2Ns_JI	pMut_JI	pSub_JI

TTC	TTT	CT	0.13758	0.07590	0.08124	-0.13758	0.08709	0.08124
TTA	TTT	AT	0.82031	0.01023	0.01499	-0.82031	0.02322	0.01499
TTA	TTC	AC	0.68273	0.01229	0.01696	-0.68273	0.02432	0.01696
TTG	TTT	GT	0.47458	0.01417	0.01780	-0.47458	0.02278	0.01780
TTG	TTC	GC	0.33701	0.01703	0.02006	-0.33701	0.02385	0.02006
TTG	TTA	GA	-0.34573	0.07982	0.06681	0.34573	0.05649	0.06681
TCT	TTT	CT	0.70161	0.04318	0.06008	-0.70161	0.08709	0.06008
TCC	TTC	CT	0.72971	0.04396	0.06194	-0.72971	0.09120	0.06194
TCC	TCT	CT	0.16568	0.04396	0.04771	-0.16568	0.05189	0.04771
TCA	TTA	CT	0.35697	0.03605	0.04287	-0.35697	0.05152	0.04287
TCA	TCT	AT	0.47567	0.00860	0.01081	-0.47567	0.01384	0.01081
TCA	TCC	AC	0.30999	0.01033	0.01202	-0.30999	0.01409	0.01202
TCG	TTG	CT	1.84594	0.01127	0.02471	-1.84594	0.07139	0.02471
TCG	TCT	GT	1.61892	0.00269	0.00543	-1.61892	0.01357	0.00543
TCG	TCC	GC	1.45324	0.00323	0.00613	-1.45324	0.01382	0.00613
TCG	TCA	GA	1.14325	0.01514	0.02541	-1.14325	0.04750	0.02541
TAT	TTT	AT	0.49703	0.01413	0.01793	-0.49703	0.02322	0.01793
TAT	TCT	AC	-0.20458	0.01698	0.01530	0.20458	0.01384	0.01530
TAC	TTC	AT	0.77144	0.01125	0.01613	-0.77144	0.02432	0.01613
TAC	TCC	AC	0.04173	0.01351	0.01380	-0.04173	0.01409	0.01380
TAC	TAT	CT	0.41198	0.04715	0.05752	-0.41198	0.07118	0.05752
TGT	TTT	GT	1.02989	0.00813	0.01303	-1.02989	0.02278	0.01303
TGT	TCT	GC	0.32828	0.00977	0.01146	-0.32828	0.01357	0.01146
TGT	TAT	GA	0.53286	0.04581	0.05909	-0.53286	0.07805	0.05909
TGC	TTC	GT	1.37077	0.00606	0.01113	-1.37077	0.02385	0.01113
TGC	TCC	GC	0.64105	0.00728	0.00986	-0.64105	0.01382	0.00986
TGC	TAC	GA	0.59933	0.03412	0.04535	-0.59933	0.06212	0.04535
TGC	TGT	CT	0.47845	0.02539	0.03195	-0.47845	0.04097	0.03195
TGG	TTG	GT	0.78523	0.00851	0.01229	-0.78523	0.01867	0.01229
TGG	TCG	GC	-1.06071	0.01023	0.00575	1.06071	0.00354	0.00575
TGG	TGT	GT	0.22992	0.00851	0.00953	-0.22992	0.01072	0.00953
TGG	TGC	GC	-0.24853	0.01023	0.00901	0.24853	0.00798	0.00901
CTT	TTT	CT	0.48986	0.05336	0.06749	-0.48986	0.08709	0.06749
CTC	TTC	CT	0.27201	0.06948	0.07936	-0.27201	0.09120	0.07936
CTC	CTT	CT	-0.08027	0.06948	0.06673	0.08027	0.06412	0.06673
CTA	TTA	CT	0.95912	0.01974	0.03070	-0.95912	0.05152	0.03070
CTA	CTT	AT	1.28957	0.00471	0.00838	-1.28957	0.01710	0.00838
CTA	CTC	AC	1.36984	0.00566	0.01039	-1.36984	0.02227	0.01039
CTG	TTG	CT	-0.47918	0.11528	0.08986	0.47918	0.07139	0.08986
CTG	CTT	GT	-0.49446	0.02750	0.02126	0.49446	0.01677	0.02126
CTG	CTC	GC	-0.41419	0.03304	0.02667	0.41419	0.02184	0.02667
CTG	CTA	GA	-1.78402	0.15489	0.05578	1.78402	0.02601	0.05578
CCT	TCT	CT	0.22097	0.04160	0.04637	-0.22097	0.05189	0.04637
CCT	CTT	CT	0.43272	0.04160	0.05125	-0.43272	0.06412	0.05125
CCC	TCC	CT	0.44779	0.03376	0.04188	-0.44779	0.05283	0.04188
CCC	CTC	CT	0.90549	0.03376	0.05132	-0.90549	0.08350	0.05132
CCC	CCT	CT	0.39250	0.03376	0.04082	-0.39250	0.04999	0.04082
CCA	TCA	CT	0.20515	0.03529	0.03903	-0.20515	0.04332	0.03903
CCA	CTA	CT	-0.39700	0.03529	0.02875	0.39700	0.02373	0.02875
CCA	CCT	AT	0.45985	0.00842	0.01050	-0.45985	0.01333	0.01050
CCA	CCC	AC	0.06734	0.01011	0.01046	-0.06734	0.01082	0.01046
CCG	TCG	CT	0.01392	0.01336	0.01345	-0.01392	0.01354	0.01345
CCG	CTG	CT	2.33905	0.01336	0.03458	-2.33905	0.13853	0.03458
CCG	CCT	GT	1.41187	0.00319	0.00595	-1.41187	0.01307	0.00595
CCG	CCC	GC	1.01937	0.00383	0.00611	-1.01937	0.01061	0.00611
CCG	CCA	GA	0.95202	0.01795	0.02782	-0.95202	0.04650	0.02782
CAT	TAT	CT	0.48469	0.04384	0.05532	-0.48469	0.07118	0.05532
CAT	CTT	AT	0.49186	0.01046	0.01324	-0.49186	0.01710	0.01324
CAT	CCT	AC	0.05914	0.01257	0.01294	-0.05914	0.01333	0.01294
CAC	TAC	CT	0.16556	0.04801	0.05209	-0.16556	0.05666	0.05209
CAC	CTC	AT	0.66499	0.01145	0.01568	-0.66499	0.02227	0.01568
CAC	CCC	AC	-0.24050	0.01376	0.01217	0.24050	0.01082	0.01217
CAC	CAT	CT	0.09286	0.04801	0.05027	-0.09286	0.05268	0.05027
CAA	CTA	AT	-0.47111	0.01013	0.00793	0.47111	0.00633	0.00793
CAA	CCA	AC	-0.07411	0.01218	0.01173	0.07411	0.01131	0.01173
CAA	CAT	AT	0.32659	0.01013	0.01188	-0.32659	0.01405	0.01188
CAA	CAC	AC	0.23373	0.01218	0.01366	-0.23373	0.01539	0.01366
CAG	CTG	AT	0.58809	0.02052	0.02714	-0.58809	0.03694	0.02714
CAG	CCG	AC	-1.75096	0.02466	0.00907	1.75096	0.00428	0.00907
CAG	CAT	GT	-0.39824	0.02052	0.01670	0.39824	0.01378	0.01670
CAG	CAC	GC	-0.49110	0.02466	0.01910	0.49110	0.01509	0.01910
CAG	CAA	GA	-0.72483	0.11557	0.07870	0.72483	0.05599	0.07870
CGT	TGT	CT	1.04029	0.01448	0.02329	-1.04029	0.04097	0.02329
CGT	CTT	GT	1.58033	0.00345	0.00687	-1.58033	0.01677	0.00687
CGT	CCT	GC	1.14761	0.00415	0.00698	-1.14761	0.01307	0.00698
CGT	CAT	GA	1.08846	0.01945	0.03192	-1.08846	0.05776	0.03192
CGC	TGC	CT	0.35729	0.02135	0.02539	-0.35729	0.03051	0.02539
CGC	CTC	GT	1.45605	0.00509	0.00967	-1.45605	0.02184	0.00967
CGC	CCC	GC	0.55055	0.00612	0.00796	-0.55055	0.01061	0.00796
CGC	CAC	GA	0.79105	0.02868	0.04150	-0.79105	0.06326	0.04150
CGC	CGT	CT	-0.20455	0.02135	0.01924	0.20455	0.01740	0.01924
CGA	CTA	GT	0.04653	0.00592	0.00606	-0.04653	0.00621	0.00606
CGA	CCA	GC	0.44352	0.00712	0.00881	-0.44352	0.01109	0.00881
CGA	CAA	GA	0.51764	0.03336	0.04274	-0.51764	0.05599	0.04274
CGA	CGT	AT	-0.24424	0.00592	0.00523	0.24424	0.00464	0.00523
CGA	CGC	AC	-0.03969	0.00712	0.00698	0.03969	0.00684	0.00698
CGG	TGG	CT	0.66277	0.02211	0.03024	-0.66277	0.04290	0.03024
CGG	CTG	GT	1.92719	0.00527	0.01189	-1.92719	0.03623	0.01189
CGG	CCG	GC	-0.41186	0.00634	0.00512	0.41186	0.00420	0.00512
CGG	CAG	GA	1.33910	0.02971	0.05391	-1.33910	0.11334	0.05391
CGG	CGT	GT	-0.14760	0.00527	0.00489	0.14760	0.00455	0.00489
CGG	CGC	GC	0.05696	0.00634	0.00652	-0.05696	0.00671	0.00652
CGG	CGA	GA	0.09664	0.02971	0.03116	-0.09664	0.03272	0.03116
ATT	TTT	AT	0.45198	0.01478	0.01837	-0.45198	0.02322	0.01837
ATT	CTT	AC	-0.03787	0.01776	0.01743	0.03787	0.01710	0.01743
ATC	TTC	AT	0.37956	0.01664	0.02000	-0.37956	0.02432	0.02000
ATC	CTC	AC	0.10755	0.02000	0.02109	-0.10755	0.02227	0.02109
ATC	ATT	CT	0.06515	0.06976	0.07206	-0.06515	0.07446	0.07206
ATA	TTA	AT	0.79924	0.00618	0.00897	-0.79924	0.01374	0.00897
ATA	CTA	AC	-0.15988	0.00742	0.00685	0.15988	0.00633	0.00685
ATA	ATT	AT	1.16756	0.00618	0.01047	-1.16756	0.01986	0.01047
ATA	ATC	AC	1.10241	0.00742	0.01225	-1.10241	0.02236	0.01225
ATG	TTG	AT	-0.24845	0.02441	0.02150	0.24845	0.01904	0.02150
ATG	CTG	AC	0.23073	0.02933	0.03285	-0.23073	0.03694	0.03285
ATG	ATT	GT	-0.22586	0.02441	0.02176	0.22586	0.01947	0.02176
ATG	ATC	GC	-0.29100	0.02933	0.02527	0.29100	0.02193	0.02527
ATG	ATA	GA	-1.39342	0.13749	0.06326	1.39342	0.03413	0.06326
ACT	TCT	AT	0.58280	0.00773	0.01019	-0.58280	0.01384	0.01019
ACT	CCT	AC	0.36183	0.00928	0.01106	-0.36183	0.01333	0.01106
ACT	ATT	CT	0.83243	0.03239	0.04772	-0.83243	0.07446	0.04772
ACC	TCC	AT	0.28038	0.01064	0.01221	-0.28038	0.01409	0.01221
ACC	CCC	AC	-0.16741	0.01279	0.01175	0.16741	0.01082	0.01175
ACC	ATC	CT	0.63054	0.04463	0.06016	-0.63054	0.08384	0.06016
ACC	ACT	CT	-0.13674	0.04463	0.04164	0.13674	0.03892	0.04164
ACA	TCA	AT	0.25181	0.00898	0.01016	-0.25181	0.01155	0.01016
ACA	CCA	AC	0.04667	0.01079	0.01105	-0.04667	0.01131	0.01105
ACA	ATA	CT	-0.19045	0.03766	0.03418	0.19045	0.03113	0.03418
ACA	ACT	AT	0.14468	0.00898	0.00965	-0.14468	0.01038	0.00965
ACA	ACC	AC	0.28142	0.01079	0.01238	-0.28142	0.01430	0.01238
ACG	TCG	AT	-0.55231	0.00627	0.00470	0.55231	0.00361	0.00470
ACG	CCG	AC	-0.56622	0.00754	0.00561	0.56622	0.00428	0.00561
ACG	ATG	CT	1.54209	0.02631	0.05161	-1.54209	0.12297	0.05161
ACG	ACT	GT	0.48381	0.00627	0.00791	-0.48381	0.01018	0.00791
ACG	ACC	GC	0.62055	0.00754	0.01012	-0.62055	0.01403	0.01012
ACG	ACA	GA	0.33913	0.03535	0.04168	-0.33913	0.04962	0.04168
AAT	TAT	AT	0.27280	0.01445	0.01651	-0.27280	0.01898	0.01651
AAT	CAT	AC	-0.21189	0.01736	0.01559	0.21189	0.01405	0.01559
AAT	ATT	AT	0.31785	0.01445	0.01687	-0.31785	0.01986	0.01687
AAT	ACT	AC	-0.51458	0.01736	0.01328	0.51458	0.01038	0.01328
AAC	TAC	AT	0.03001	0.01466	0.01488	-0.03001	0.01511	0.01488
AAC	CAC	AC	-0.13556	0.01762	0.01645	0.13556	0.01539	0.01645
AAC	ATC	AT	0.42189	0.01466	0.01797	-0.42189	0.02236	0.01797
AAC	ACC	AC	-0.20865	0.01762	0.01584	0.20865	0.01430	0.01584
AAC	AAT	CT	0.16919	0.06147	0.06682	-0.16919	0.07280	0.06682
AAA	CAA	AC	-0.68637	0.02705	0.01882	0.68637	0.01362	0.01882
AAA	ATA	AT	-0.99761	0.02251	0.01312	0.99761	0.00830	0.01312
AAA	ACA	AC	-0.80715	0.02705	0.01759	0.80715	0.01207	0.01759
AAA	AAT	AT	-0.14790	0.02251	0.02088	0.14790	0.01941	0.02088
AAA	AAC	AC	-0.31708	0.02705	0.02299	0.31708	0.01970	0.02299
AAG	CAG	AC	-0.02326	0.02822	0.02789	0.02326	0.02757	0.02789
AAG	ATG	AT	0.33410	0.02348	0.02762	-0.33410	0.03279	0.02762
AAG	ACG	AC	-1.20799	0.02822	0.01452	1.20799	0.00843	0.01452
AAG	AAT	GT	-0.20961	0.02348	0.02110	0.20961	0.01904	0.02110
AAG	AAC	GC	-0.37879	0.02822	0.02321	0.37879	0.01932	0.02321
AAG	AAA	GA	-0.06171	0.13226	0.12822	0.06171	0.12434	0.12822
AGT	TGT	AT	0.34034	0.00777	0.00917	-0.34034	0.01093	0.00917
AGT	CGT	AC	-0.69995	0.00934	0.00645	0.69995	0.00464	0.00645
AGT	ATT	GT	0.91825	0.00777	0.01188	-0.91825	0.01947	0.01188
AGT	ACT	GC	0.08582	0.00934	0.00975	-0.08582	0.01018	0.00975
AGT	AAT	GA	0.60040	0.04379	0.05824	-0.60040	0.07982	0.05824
AGC	TGC	AT	-0.52250	0.01372	0.01045	0.52250	0.00814	0.01045
AGC	CGC	AC	-0.87978	0.01649	0.01029	0.87978	0.00684	0.01029
AGC	ATC	GT	0.46872	0.01372	0.01719	-0.46872	0.02193	0.01719
AGC	ACC	GC	-0.16182	0.01649	0.01519	0.16182	0.01403	0.01519
AGC	AAC	GA	0.04683	0.07729	0.07911	-0.04683	0.08099	0.07911
AGC	AGT	CT	-0.38439	0.05753	0.04718	0.38439	0.03917	0.04718
AGA	CGA	AC	-0.48031	0.01286	0.01002	0.48031	0.00796	0.01002
AGA	ATA	GT	-0.27391	0.01070	0.00931	0.27391	0.00814	0.00931
AGA	ACA	GC	-0.08345	0.01286	0.01233	0.08345	0.01183	0.01233
AGA	AAA	GA	0.72370	0.06030	0.08473	-0.72370	0.12434	0.08473
AGA	AGT	AT	-0.02460	0.01070	0.01057	0.02460	0.01044	0.01057
AGA	AGC	AC	0.35979	0.01286	0.01532	-0.35979	0.01843	0.01532
AGG	TGG	AT	0.31547	0.00834	0.00973	-0.31547	0.01144	0.00973
AGG	CGG	AC	-0.34730	0.01003	0.00839	0.34730	0.00709	0.00839
AGG	ATG	GT	1.34916	0.00834	0.01520	-1.34916	0.03216	0.01520
AGG	ACG	GC	-0.19293	0.01003	0.00909	0.19293	0.00827	0.00909
AGG	AAG	GA	1.01506	0.04700	0.07483	-1.01506	0.12970	0.07483
AGG	AGT	GT	0.20505	0.00834	0.00923	-0.20505	0.01024	0.00923
AGG	AGC	GC	0.58944	0.01003	0.01327	-0.58944	0.01808	0.01327
AGG	AGA	GA	0.22965	0.04700	0.05261	-0.22965	0.05914	0.05261
GTT	TTT	GT	0.77897	0.01045	0.01505	-0.77897	0.02278	0.01505
GTT	CTT	GC	0.28911	0.01256	0.01446	-0.28911	0.01677	0.01446
GTT	ATT	GA	0.32698	0.05887	0.06902	-0.32698	0.08164	0.06902
GTC	TTC	GT	0.76883	0.01106	0.01585	-0.76883	0.02385	0.01585
GTC	CTC	GC	0.49682	0.01329	0.01686	-0.49682	0.02184	0.01686
GTC	ATC	GA	0.38927	0.06228	0.07519	-0.38927	0.09192	0.07519
GTC	GTT	CT	0.12744	0.04636	0.04937	-0.12744	0.05266	0.04937
GTA	TTA	GT	0.84469	0.00579	0.00857	-0.84469	0.01347	0.00857
GTA	CTA	GC	-0.11442	0.00696	0.00657	0.11442	0.00621	0.00657
GTA	ATA	GA	0.04545	0.03261	0.03336	-0.04545	0.03413	0.03336
GTA	GTT	AT	0.88603	0.00579	0.00873	-0.88603	0.01404	0.00873
GTA	GTC	AC	0.75859	0.00696	0.00993	-0.75859	0.01486	0.00993
GTG	TTG	GT	-0.02101	0.01907	0.01887	0.02101	0.01867	0.01887
GTG	CTG	GC	0.45817	0.02291	0.02856	-0.45817	0.03623	0.02856
GTG	ATG	GA	0.22744	0.10740	0.12008	-0.22744	0.13483	0.12008
GTG	GTT	GT	-0.32540	0.01907	0.01613	0.32540	0.01377	0.01613
GTG	GTC	GC	-0.45284	0.02291	0.01812	0.45284	0.01457	0.01812
GTG	GTA	GA	-1.21143	0.10740	0.05517	1.21143	0.03198	0.05517
GCT	TCT	GT	-0.11239	0.01518	0.01435	0.11239	0.01357	0.01435
GCT	CCT	GC	-0.33336	0.01825	0.01537	0.33336	0.01307	0.01537
GCT	ACT	GA	-0.69519	0.08553	0.05922	0.69519	0.04268	0.05922
GCT	GTT	CT	-0.18975	0.06366	0.05781	0.18975	0.05266	0.05781
GCC	TCC	GT	-0.20860	0.01702	0.01531	0.20860	0.01382	0.01531
GCC	CCC	GC	-0.65639	0.02046	0.01447	0.65639	0.01061	0.01447
GCC	ACC	GA	-0.48898	0.09588	0.07434	0.48898	0.05880	0.07434
GCC	GTC	CT	-0.24772	0.07137	0.06289	0.24772	0.05571	0.06289
GCC	GCT	CT	0.06947	0.07137	0.07387	-0.06947	0.07650	0.07387
GCA	TCA	GT	0.13457	0.00990	0.01059	-0.13457	0.01133	0.01059
GCA	CCA	GC	-0.07058	0.01190	0.01149	0.07058	0.01109	0.01149
GCA	ACA	GA	-0.11724	0.05579	0.05258	0.11724	0.04962	0.05258
GCA	GTA	CT	-0.35315	0.04152	0.03462	0.35315	0.02917	0.03462
GCA	GCT	AT	0.72263	0.00990	0.01391	-0.72263	0.02040	0.01391
GCA	GCC	AC	0.65316	0.01190	0.01621	-0.65316	0.02287	0.01621
GCG	TCG	GT	-0.11523	0.00397	0.00375	0.11523	0.00354	0.00375
GCG	CCG	GC	-0.12915	0.00478	0.00447	0.12915	0.00420	0.00447
GCG	ACG	GA	0.43708	0.02239	0.02764	-0.43708	0.03466	0.02764
GCG	GTG	CT	1.75173	0.01666	0.03532	-1.75173	0.09607	0.03532
GCG	GCT	GT	1.61608	0.00397	0.00802	-1.61608	0.02001	0.00802
GCG	GCC	GC	1.54661	0.00478	0.00939	-1.54661	0.02243	0.00939
GCG	GCA	GA	0.89345	0.02239	0.03386	-0.89345	0.05471	0.03386
GAT	TAT	GT	-0.15898	0.02182	0.02013	0.15898	0.01862	0.02013
GAT	CAT	GC	-0.64367	0.02623	0.01868	0.64367	0.01378	0.01868
GAT	AAT	GA	-0.43178	0.12293	0.09829	0.43178	0.07982	0.09829
GAT	GTT	AT	-0.44091	0.02182	0.01736	0.44091	0.01404	0.01736
GAT	GCT	AC	-0.25116	0.02623	0.02307	0.25116	0.02040	0.02307
GAC	TAC	GT	-0.27922	0.01959	0.01698	0.27922	0.01482	0.01698
GAC	CAC	GC	-0.44479	0.02354	0.01869	0.44479	0.01509	0.01869
GAC	AAC	GA	-0.30923	0.11034	0.09416	0.30923	0.08099	0.09416
GAC	GTC	AT	-0.27661	0.01959	0.01700	0.27661	0.01486	0.01700
GAC	GCC	AC	-0.02889	0.02354	0.02320	0.02889	0.02287	0.02320
GAC	GAT	CT	0.29174	0.08213	0.09469	-0.29174	0.10995	0.09469
GAA	CAA	GC	-1.11768	0.04083	0.02218	1.11768	0.01335	0.02218
GAA	AAA	GA	-0.43130	0.19139	0.15308	0.43130	0.12434	0.15308
GAA	GTA	AT	-1.47437	0.03398	0.01487	1.47437	0.00778	0.01487
GAA	GCA	AC	-1.12121	0.04083	0.02213	1.12121	0.01331	0.02213
GAA	GAT	AT	-0.14742	0.03398	0.03154	0.14742	0.02932	0.03154
GAA	GAC	AC	-0.43916	0.04083	0.03252	0.43916	0.02632	0.03252
GAG	CAG	GC	-0.22359	0.03381	0.03017	0.22359	0.02704	0.03017
GAG	AAG	GA	-0.20033	0.15847	0.14313	0.20033	0.12970	0.14313
GAG	GTG	AT	-0.09368	0.02813	0.02684	0.09368	0.02562	0.02684
GAG	GCG	AC	-1.84541	0.03381	0.01170	1.84541	0.00534	0.01170
GAG	GAT	GT	0.02184	0.02813	0.02844	-0.02184	0.02876	0.02844
GAG	GAC	GC	-0.26990	0.03381	0.02945	0.26990	0.02581	0.02945
GAG	GAA	GA	0.16926	0.15847	0.17226	-0.16926	0.18770	0.17226
GGT	TGT	GT	0.26618	0.00821	0.00935	-0.26618	0.01072	0.00935
GGT	CGT	GC	-0.77411	0.00987	0.00654	0.77411	0.00455	0.00654
GGT	AGT	GA	-0.07416	0.04625	0.04456	0.07416	0.04295	0.04456
GGT	GTT	GT	0.51711	0.00821	0.01052	-0.51711	0.01377	0.01052
GGT	GCT	GC	0.70685	0.00987	0.01376	-0.70685	0.02001	0.01376
GGT	GAT	GA	0.95802	0.04625	0.07189	-0.95802	0.12056	0.07189
GGC	TGC	GT	-0.64485	0.01521	0.01083	0.64485	0.00798	0.01083
GGC	CGC	GC	-1.00214	0.01828	0.01062	1.00214	0.00671	0.01062
GGC	AGC	GA	-0.12236	0.08566	0.08053	0.12236	0.07580	0.08053
GGC	GTC	GT	-0.04292	0.01521	0.01488	0.04292	0.01457	0.01488
GGC	GCC	GC	0.20480	0.01828	0.02021	-0.20480	0.02243	0.02021
GGC	GAC	GA	0.23370	0.08566	0.09606	-0.23370	0.10822	0.09606
GGC	GGT	CT	-0.43258	0.06376	0.05096	0.43258	0.04137	0.05096
GGA	CGA	GC	-0.89232	0.01905	0.01180	0.89232	0.00780	0.01180
GGA	AGA	GA	-0.41201	0.08929	0.07215	0.41201	0.05914	0.07215
GGA	GTA	GT	-0.73137	0.01585	0.01075	0.73137	0.00763	0.01075
GGA	GCA	GC	-0.37822	0.01905	0.01567	0.37822	0.01305	0.01567
GGA	GAA	GA	0.74299	0.08929	0.12653	-0.74299	0.18770	0.12653
GGA	GGT	AT	-0.36245	0.01585	0.01315	0.36245	0.01103	0.01315
GGA	GGC	AC	0.07014	0.01905	0.01972	-0.07014	0.02043	0.01972
GGG	TGG	GT	0.20965	0.00910	0.01008	-0.20965	0.01122	0.01008
GGG	CGG	GC	-0.45312	0.01093	0.00864	0.45312	0.00695	0.00864
GGG	AGG	GA	-0.10582	0.05124	0.04858	0.10582	0.04610	0.04858
GGG	GTG	GT	1.01590	0.00910	0.01449	-1.01590	0.02512	0.01449
GGG	GCG	GC	-0.73583	0.01093	0.00740	0.73583	0.00524	0.00740
GGG	GAG	GA	1.10957	0.05124	0.08482	-1.10957	0.15542	0.08482
GGG	GGT	GT	0.17339	0.00910	0.00991	-0.17339	0.01082	0.00991
GGG	GGC	GC	0.60598	0.01093	0.01458	-0.60598	0.02004	0.01458
GGG	GGA	GA	0.53584	0.05124	0.06619	-0.53584	0.08756	0.06619


Histograms
2Ns	FMut	FSub(CodonUsage)	FSubw(after w)

-2.22766	0.00832	0.00223
-2.00490	0.00218	0.00077
-1.78213	0.02287	0.00880
-1.55936	0.01594	0.00721
-1.33660	0.02158	0.01083
-1.11383	0.04641	0.02726
-0.89107	0.04207	0.02793
-0.66830	0.08498	0.06333
-0.44553	0.15182	0.12971
-0.22277	0.16558	0.15893
0.00000	0.11760	0.12601
0.22277	0.13334	0.15893
0.44553	0.09802	0.12971
0.66830	0.04273	0.06333
0.89107	0.01725	0.02793
1.11383	0.01542	0.02726
1.33660	0.00551	0.01083
1.55936	0.00344	0.00721
1.78213	0.00382	0.00880
2.00490	0.00032	0.00077
2.22766	0.00080	0.00223

Proportion of advantageous (S > 0) mutations:
 0.37758

Proportions of good & bad mutations (|S| > 2.0000) among mutations:
0.00080  0.00832

mean |Ns| = 0.53130	mean Ns+ = 0.42027	mean Ns- = -0.59865


MLEs of dN/dS (w) for site classes (K=4)

site class             0        1       2a       2b
proportion       0.27361  0.01340  0.67970  0.03329
background w     0.02591  1.52412  0.02591  1.52412
foreground w     0.02591  1.52412  0.03868  0.03868

Naive Empirical Bayes (NEB) probabilities for 4 classes
(amino acids refer to 1st sequence: Bbon)

   1 T   0.28198 0.00446 0.69870 0.01486 ( 3)
   2 A   0.27999 0.00636 0.69433 0.01932 ( 3)
   3 Q   0.28024 0.00612 0.69490 0.01875 ( 3)
   4 G   0.28233 0.00414 0.69946 0.01407 ( 3)
   5 G   0.28235 0.00412 0.69951 0.01402 ( 3)
   6 G   0.28117 0.00521 0.69696 0.01666 ( 3)
   7 H   0.12912 0.12925 0.31999 0.42164 ( 4)
   8 R   0.27984 0.00651 0.69402 0.01962 ( 3)
   9 T   0.28205 0.00439 0.69886 0.01470 ( 3)
  10 L   0.27983 0.00652 0.69399 0.01965 ( 3)
  11 L   0.27983 0.00652 0.69399 0.01965 ( 3)
  12 Y   0.28046 0.00591 0.69542 0.01820 ( 3)
  13 G   0.28104 0.00534 0.69667 0.01695 ( 3)
  14 H   0.28168 0.00473 0.69807 0.01552 ( 3)
  15 A   0.28009 0.00627 0.69457 0.01908 ( 3)
  16 I   0.16648 0.08602 0.41196 0.33554 ( 3)
  17 L   0.27810 0.00834 0.69012 0.02343 ( 3)
  18 L   0.27663 0.00992 0.68672 0.02672 ( 3)
  19 R   0.28281 0.00372 0.70048 0.01300 ( 3)
  20 H   0.28168 0.00473 0.69806 0.01552 ( 3)
  21 S   0.28099 0.00538 0.69656 0.01707 ( 3)
  22 Y   0.28077 0.00560 0.69606 0.01757 ( 3)
  23 S   0.28191 0.00452 0.69855 0.01502 ( 3)
  24 G   0.28117 0.00521 0.69696 0.01666 ( 3)
  25 M   0.28124 0.00515 0.69709 0.01652 ( 3)
  26 Y   0.27979 0.00649 0.69375 0.01997 ( 3)
  27 L   0.27633 0.01021 0.68596 0.02750 ( 3)
  28 C   0.28203 0.00434 0.69859 0.01504 ( 3)
  29 C   0.28203 0.00434 0.69859 0.01504 ( 3)
  30 L   0.27730 0.00929 0.68839 0.02502 ( 3)
  31 S   0.28040 0.00588 0.69510 0.01863 ( 3)
  32 T   0.28136 0.00496 0.69717 0.01652 ( 3)
  33 S   0.28058 0.00570 0.69549 0.01823 ( 3)
  34 R   0.28221 0.00418 0.69898 0.01463 ( 3)
  35 S   0.28058 0.00570 0.69549 0.01823 ( 3)
  36 S   0.27941 0.00685 0.69288 0.02086 ( 3)
  37 T   0.28187 0.00448 0.69826 0.01538 ( 3)
  38 D   0.28019 0.00609 0.69463 0.01910 ( 3)
  39 K   0.28036 0.00593 0.69501 0.01869 ( 3)
  40 L   0.27638 0.01016 0.68608 0.02738 ( 3)
  41 A   0.27954 0.00675 0.69320 0.02052 ( 3)
  42 F   0.27978 0.00650 0.69373 0.02000 ( 3)
  43 D   0.28019 0.00609 0.69463 0.01910 ( 3)
  44 V   0.28130 0.00501 0.69705 0.01663 ( 3)
  45 G   0.28058 0.00571 0.69548 0.01824 ( 3)
  46 L   0.27784 0.00853 0.68941 0.02422 ( 3)
  47 Q   0.27968 0.00660 0.69351 0.02021 ( 3)
  48 E   0.27963 0.00665 0.69339 0.02033 ( 3)
  49 D   0.28103 0.00527 0.69646 0.01724 ( 3)
  50 T   0.28059 0.00569 0.69550 0.01822 ( 3)
  51 T   0.28059 0.00569 0.69550 0.01822 ( 3)
  52 G   0.28115 0.00513 0.69666 0.01705 ( 3)
  53 E   0.27887 0.00741 0.69168 0.02204 ( 3)
  54 A   0.27896 0.00732 0.69188 0.02184 ( 3)
  55 C   0.28043 0.00582 0.69512 0.01862 ( 3)
  56 W   0.27827 0.00805 0.69034 0.02335 ( 3)
  57 W   0.27827 0.00805 0.69034 0.02335 ( 3)
  58 T   0.28079 0.00547 0.69590 0.01784 ( 3)
  59 I   0.27969 0.00656 0.69350 0.02025 ( 3)
  60 H   0.28051 0.00574 0.69530 0.01845 ( 3)
  61 P   0.27978 0.00647 0.69370 0.02004 ( 3)
  62 A   0.27906 0.00722 0.69209 0.02164 ( 3)
  63 S   0.27988 0.00638 0.69390 0.01984 ( 3)
  64 K   0.27966 0.00659 0.69343 0.02031 ( 3)
  65 Q   0.27781 0.00855 0.68930 0.02434 ( 3)
  66 R   0.28159 0.00472 0.69761 0.01608 ( 3)
  67 S   0.27891 0.00737 0.69177 0.02195 ( 3)
  68 E   0.10323 0.16124 0.25604 0.47949 ( 4)
  69 G   0.28012 0.00616 0.69450 0.01921 ( 3)
  70 E   0.27887 0.00741 0.69168 0.02204 ( 3)
  71 K   0.27984 0.00641 0.69383 0.01991 ( 3)
  72 V   0.28107 0.00521 0.69650 0.01722 ( 3)
  73 R   0.28156 0.00479 0.69763 0.01602 ( 3)
  74 V   0.28074 0.00552 0.69579 0.01795 ( 3)
  75 G   0.27992 0.00633 0.69400 0.01975 ( 3)
  76 D   0.27967 0.00659 0.69345 0.02030 ( 3)
  77 D   0.28048 0.00578 0.69521 0.01853 ( 3)
  78 L   0.27884 0.00744 0.69163 0.02209 ( 3)
  79 I   0.27969 0.00656 0.69350 0.02025 ( 3)
  80 L   0.27783 0.00852 0.68934 0.02430 ( 3)
  81 V   0.28066 0.00566 0.69573 0.01795 ( 3)
  82 S   0.28155 0.00476 0.69752 0.01617 ( 3)
  83 V   0.27921 0.00706 0.69244 0.02130 ( 3)
  84 S   0.27987 0.00638 0.69390 0.01985 ( 3)
  85 S   0.27988 0.00637 0.69390 0.01985 ( 3)
  86 E   0.27887 0.00741 0.69168 0.02204 ( 3)
  87 R   0.28181 0.00452 0.69807 0.01560 ( 3)
  88 Y   0.27967 0.00659 0.69344 0.02030 ( 3)
  89 L   0.27747 0.00892 0.68853 0.02508 ( 3)
  90 -   0.27989 0.00651 0.69418 0.01942 ( 3)
  91 -   0.27713 0.00940 0.68790 0.02557 ( 3)
  92 -   0.27954 0.00686 0.69339 0.02020 ( 3)
  93 -   0.27884 0.00758 0.69182 0.02176 ( 3)
  94 -   0.27953 0.00687 0.69338 0.02022 ( 3)
  95 -   0.28067 0.00573 0.69593 0.01766 ( 3)
  96 -   0.27953 0.00687 0.69338 0.02022 ( 3)
  97 -   0.28018 0.00622 0.69484 0.01876 ( 3)
  98 -   0.27669 0.00991 0.68689 0.02651 ( 3)
  99 -   0.27989 0.00652 0.69417 0.01942 ( 3)
 100 -   0.27875 0.00767 0.69162 0.02196 ( 3)
 101 -   0.27984 0.00655 0.69404 0.01958 ( 3)
 102 -   0.27861 0.00783 0.69128 0.02229 ( 3)
 103 -   0.27852 0.00792 0.69108 0.02249 ( 3)
 104 -   0.27893 0.00749 0.69201 0.02158 ( 3)
 105 -   0.27743 0.00907 0.68860 0.02489 ( 3)
 106 -   0.27743 0.00907 0.68860 0.02489 ( 3)
 107 -   0.28025 0.00615 0.69499 0.01862 ( 3)
 108 -   0.27839 0.00805 0.69079 0.02276 ( 3)
 109 -   0.27788 0.00860 0.68961 0.02392 ( 3)
 110 -   0.28018 0.00622 0.69484 0.01876 ( 3)
 111 -   0.27875 0.00767 0.69162 0.02196 ( 3)
 112 -   0.27861 0.00783 0.69128 0.02229 ( 3)
 113 -   0.27887 0.00755 0.69189 0.02169 ( 3)
 114 -   0.27920 0.00720 0.69264 0.02095 ( 3)
 115 -   0.28018 0.00622 0.69484 0.01876 ( 3)
 116 -   0.27847 0.00797 0.69097 0.02259 ( 3)
 117 -   0.27942 0.00698 0.69312 0.02048 ( 3)
 118 -   0.12210 0.13958 0.30271 0.43561 ( 4)
 119 -   0.27843 0.00801 0.69088 0.02268 ( 3)
 120 -   0.27939 0.00701 0.69307 0.02053 ( 3)
 121 -   0.27861 0.00783 0.69128 0.02229 ( 3)
 122 -   0.27868 0.00780 0.69152 0.02200 ( 3)
 123 -   0.28060 0.00580 0.69577 0.01782 ( 3)
 124 Y   0.28040 0.00597 0.69525 0.01838 ( 3)
 125 L   0.27666 0.00990 0.68678 0.02666 ( 3)
 126 I   0.28066 0.00571 0.69583 0.01780 ( 3)
 127 G   0.28240 0.00409 0.69962 0.01390 ( 3)
 128 G   0.28240 0.00409 0.69962 0.01390 ( 3)
 129 D   0.28169 0.00473 0.69809 0.01549 ( 3)
 130 V   0.28218 0.00428 0.69916 0.01438 ( 3)
 131 L   0.27987 0.00649 0.69409 0.01954 ( 3)
 132 R   0.28308 0.00349 0.70106 0.01237 ( 3)
 133 L   0.27831 0.00810 0.69057 0.02301 ( 3)
 134 L   0.28054 0.00583 0.69557 0.01806 ( 3)
 135 H   0.28170 0.00472 0.69811 0.01547 ( 3)
 136 G   0.28109 0.00530 0.69678 0.01684 ( 3)
 137 H   0.28162 0.00479 0.69795 0.01564 ( 3)
 138 M   0.28128 0.00511 0.69720 0.01640 ( 3)
 139 D   0.28081 0.00556 0.69617 0.01745 ( 3)
 140 E   0.27993 0.00644 0.69421 0.01943 ( 3)
 141 C   0.28269 0.00383 0.70026 0.01321 ( 3)
 142 L   0.27987 0.00649 0.69409 0.01954 ( 3)
 143 T   0.28209 0.00436 0.69897 0.01458 ( 3)
 144 V   0.28218 0.00428 0.69916 0.01438 ( 3)
 145 P   0.28094 0.00544 0.69645 0.01717 ( 3)
 146 S   0.11503 0.14902 0.28527 0.45067 ( 4)
 147 G   0.28109 0.00530 0.69678 0.01684 ( 3)
 148 E   0.27992 0.00644 0.69421 0.01943 ( 3)
 149 H   0.28162 0.00480 0.69794 0.01564 ( 3)
 150 G   0.28240 0.00409 0.69962 0.01390 ( 3)
 151 E   0.27993 0.00644 0.69421 0.01943 ( 3)
 152 E   0.28021 0.00616 0.69486 0.01877 ( 3)
 153 Q   0.27870 0.00770 0.69145 0.02216 ( 3)
 154 R   0.27988 0.00648 0.69412 0.01952 ( 3)
 155 W   0.27924 0.00713 0.69267 0.02095 ( 3)
 156 S   0.28281 0.00372 0.70050 0.01297 ( 3)
 157 G   0.28109 0.00530 0.69678 0.01684 ( 3)
 158 S   0.28195 0.00449 0.69866 0.01490 ( 3)
 159 H   0.28164 0.00478 0.69800 0.01559 ( 3)
 160 I   0.28440 0.00242 0.70374 0.00944 ( 3)
 161 R   0.28242 0.00407 0.69965 0.01387 ( 3)
 162 W   0.27924 0.00713 0.69267 0.02095 ( 3)
 163 G   0.28122 0.00517 0.69707 0.01654 ( 3)
 164 Q   0.27870 0.00770 0.69145 0.02216 ( 3)
 165 P   0.28094 0.00544 0.69645 0.01717 ( 3)
 166 F   0.28051 0.00586 0.69551 0.01813 ( 3)
 167 R   0.27988 0.00648 0.69412 0.01952 ( 3)
 168 L   0.27997 0.00639 0.69431 0.01933 ( 3)
 169 R   0.28286 0.00368 0.70059 0.01287 ( 3)
 170 H   0.28173 0.00470 0.69818 0.01540 ( 3)
 171 V   0.28218 0.00428 0.69916 0.01438 ( 3)
 172 T   0.28144 0.00499 0.69762 0.01595 ( 3)
 173 T   0.28123 0.00516 0.69709 0.01652 ( 3)
 174 G   0.28112 0.00527 0.69685 0.01676 ( 3)
 175 K   0.28099 0.00539 0.69657 0.01704 ( 3)
 176 Y   0.28081 0.00556 0.69617 0.01745 ( 3)
 177 L   0.27831 0.00810 0.69057 0.02301 ( 3)
 178 S   0.28195 0.00449 0.69866 0.01490 ( 3)
 179 L   0.27987 0.00649 0.69409 0.01954 ( 3)
 180 M   0.28128 0.00511 0.69720 0.01640 ( 3)
 181 E   0.27993 0.00644 0.69421 0.01943 ( 3)
 182 D   0.28169 0.00473 0.69809 0.01549 ( 3)
 183 K   0.28100 0.00538 0.69660 0.01702 ( 3)
 184 S   0.28195 0.00449 0.69866 0.01490 ( 3)
 185 L   0.28054 0.00583 0.69557 0.01806 ( 3)
 186 L   0.27997 0.00639 0.69431 0.01933 ( 3)
 187 L   0.27989 0.00647 0.69414 0.01950 ( 3)
 188 M   0.28128 0.00511 0.69720 0.01640 ( 3)
 189 D   0.28169 0.00473 0.69809 0.01549 ( 3)
 190 K   0.28100 0.00538 0.69660 0.01702 ( 3)
 191 E   0.27993 0.00644 0.69421 0.01943 ( 3)
 192 K   0.28100 0.00538 0.69660 0.01702 ( 3)
 193 A   0.28002 0.00634 0.69443 0.01921 ( 3)
 194 D   0.28081 0.00556 0.69617 0.01745 ( 3)
 195 V   0.28218 0.00428 0.69916 0.01438 ( 3)
 196 K   0.28100 0.00538 0.69660 0.01702 ( 3)
 197 S   0.27997 0.00639 0.69430 0.01933 ( 3)
 198 T   0.28123 0.00516 0.69709 0.01652 ( 3)
 199 A   0.28105 0.00533 0.69671 0.01691 ( 3)
 200 F   0.28038 0.00598 0.69523 0.01841 ( 3)
 201 T   0.28202 0.00442 0.69882 0.01474 ( 3)
 202 F   0.28051 0.00586 0.69551 0.01813 ( 3)
 203 R   0.27988 0.00648 0.69412 0.01952 ( 3)
 204 S   0.28122 0.00517 0.69708 0.01653 ( 3)
 205 S   0.28103 0.00535 0.69667 0.01695 ( 3)
 206 K   0.28080 0.00557 0.69615 0.01747 ( 3)
 207 E   0.27993 0.00644 0.69421 0.01943 ( 3)
 208 K   0.28100 0.00538 0.69660 0.01702 ( 3)
 209 L   0.09960 0.17529 0.24723 0.47788 ( 4)
 210 D   0.28081 0.00556 0.69617 0.01745 ( 3)
 211 V   0.28232 0.00416 0.69945 0.01408 ( 3)
 212 G   0.28241 0.00407 0.69965 0.01386 ( 3)
 213 V   0.28031 0.00606 0.69505 0.01858 ( 3)
 214 R   0.28244 0.00405 0.69969 0.01383 ( 3)
 215 K   0.28100 0.00538 0.69660 0.01702 ( 3)
 216 E   0.27993 0.00644 0.69421 0.01943 ( 3)
 217 V   0.28197 0.00447 0.69870 0.01486 ( 3)
 218 D   0.28081 0.00556 0.69617 0.01745 ( 3)
 219 G   0.28122 0.00517 0.69707 0.01654 ( 3)
 220 M   0.28128 0.00511 0.69720 0.01640 ( 3)
 221 G   0.28109 0.00530 0.69678 0.01684 ( 3)
 222 T   0.28202 0.00442 0.69882 0.01474 ( 3)
 223 S   0.28122 0.00517 0.69708 0.01653 ( 3)
 224 E   0.27993 0.00644 0.69421 0.01943 ( 3)
 225 I   0.28440 0.00242 0.70374 0.00944 ( 3)
 226 K   0.28100 0.00538 0.69660 0.01702 ( 3)
 227 Y   0.28045 0.00592 0.69538 0.01824 ( 3)
 228 G   0.28109 0.00530 0.69678 0.01684 ( 3)
 229 D   0.28169 0.00473 0.69809 0.01549 ( 3)
 230 S   0.27997 0.00639 0.69430 0.01933 ( 3)
 231 V   0.28180 0.00459 0.69822 0.01540 ( 3)
 232 C   0.28266 0.00385 0.70016 0.01333 ( 3)
 233 Y   0.11534 0.14735 0.28600 0.45131 ( 4)
 234 I   0.28440 0.00242 0.70374 0.00944 ( 3)
 235 Q   0.27870 0.00770 0.69145 0.02216 ( 3)
 236 H   0.28173 0.00470 0.69818 0.01540 ( 3)
 237 I   0.28084 0.00554 0.69623 0.01740 ( 3)
 238 N   0.13523 0.12169 0.33507 0.40801 ( 4)
 239 T   0.28209 0.00436 0.69897 0.01458 ( 3)
 240 G   0.28122 0.00517 0.69707 0.01654 ( 3)
 241 L   0.27831 0.00810 0.69057 0.02301 ( 3)
 242 W   0.27924 0.00713 0.69267 0.02095 ( 3)
 243 L   0.27997 0.00639 0.69431 0.01933 ( 3)
 244 T   0.28253 0.00396 0.69990 0.01360 ( 3)
 245 Y   0.28081 0.00556 0.69617 0.01745 ( 3)
 246 Q   0.27870 0.00770 0.69145 0.02216 ( 3)
 247 S   0.28122 0.00517 0.69708 0.01653 ( 3)
 248 V   0.28031 0.00606 0.69505 0.01858 ( 3)
 249 D   0.28081 0.00556 0.69617 0.01745 ( 3)
 250 V   0.28031 0.00606 0.69505 0.01858 ( 3)
 251 K   0.28100 0.00538 0.69660 0.01702 ( 3)
 252 S   0.28122 0.00517 0.69708 0.01653 ( 3)
 253 V   0.28031 0.00606 0.69505 0.01858 ( 3)
 254 R   0.28240 0.00408 0.69963 0.01388 ( 3)
 255 M   0.28128 0.00511 0.69720 0.01640 ( 3)
 256 G   0.28113 0.00525 0.69684 0.01679 ( 3)
 257 S   0.12249 0.13762 0.30365 0.43624 ( 4)
 258 I   0.28440 0.00242 0.70374 0.00944 ( 3)
 259 Q   0.28008 0.00634 0.69467 0.01891 ( 3)
 260 R   0.28362 0.00304 0.70217 0.01117 ( 3)
 261 K   0.28080 0.00557 0.69615 0.01747 ( 3)
 262 -   0.27924 0.00702 0.69250 0.02123 ( 3)
 263 -   0.27983 0.00642 0.69380 0.01995 ( 3)
 264 -   0.28042 0.00583 0.69509 0.01866 ( 3)
 265 -   0.28085 0.00542 0.69601 0.01773 ( 3)
 266 -   0.28085 0.00542 0.69601 0.01773 ( 3)
 267 -   0.27917 0.00710 0.69234 0.02139 ( 3)
 268 -   0.28146 0.00485 0.69736 0.01632 ( 3)
 269 -   0.28075 0.00552 0.69579 0.01795 ( 3)
 270 -   0.28042 0.00583 0.69509 0.01866 ( 3)
 271 -   0.27998 0.00627 0.69412 0.01963 ( 3)
 272 -   0.28017 0.00609 0.69458 0.01915 ( 3)
 273 -   0.28036 0.00589 0.69496 0.01879 ( 3)
 274 -   0.27897 0.00726 0.69184 0.02193 ( 3)
 275 -   0.12239 0.13227 0.30326 0.44208 ( 4)
 276 -   0.27795 0.00839 0.68961 0.02404 ( 3)
 277 -   0.28019 0.00606 0.69458 0.01917 ( 3)
 278 -   0.28150 0.00480 0.69741 0.01629 ( 3)
 279 -   0.28036 0.00589 0.69495 0.01880 ( 3)
 280 -   0.27803 0.00830 0.68981 0.02386 ( 3)
 281 -   0.28084 0.00544 0.69600 0.01773 ( 3)
 282 -   0.27915 0.00711 0.69230 0.02143 ( 3)
 283 -   0.27915 0.00711 0.69230 0.02143 ( 3)
 284 -   0.27933 0.00681 0.69251 0.02134 ( 3)
 285 -   0.28191 0.00446 0.69838 0.01525 ( 3)
 286 -   0.28037 0.00588 0.69499 0.01876 ( 3)
 287 -   0.28035 0.00588 0.69488 0.01889 ( 3)
 288 -   0.28271 0.00372 0.69995 0.01362 ( 3)
 289 -   0.28128 0.00500 0.69695 0.01676 ( 3)
 290 -   0.28000 0.00625 0.69417 0.01958 ( 3)
 291 -   0.28198 0.00437 0.69842 0.01524 ( 3)
 292 -   0.28106 0.00521 0.69648 0.01725 ( 3)
 293 -   0.28049 0.00578 0.69527 0.01846 ( 3)
 294 -   0.28120 0.00514 0.69690 0.01676 ( 3)
 295 -   0.27969 0.00656 0.69350 0.02025 ( 3)
 296 -   0.27972 0.00653 0.69356 0.02019 ( 3)
 297 -   0.27969 0.00656 0.69350 0.02025 ( 3)
 298 -   0.28120 0.00508 0.69677 0.01695 ( 3)
 299 -   0.28167 0.00467 0.69783 0.01584 ( 3)
 300 -   0.27958 0.00668 0.69324 0.02051 ( 3)
 301 -   0.27983 0.00642 0.69380 0.01995 ( 3)
 302 -   0.28106 0.00521 0.69648 0.01725 ( 3)
 303 K   0.28041 0.00587 0.69513 0.01859 ( 3)
 304 K   0.28040 0.00588 0.69510 0.01862 ( 3)
 305 V   0.01624 0.84226 0.06004 0.08147 ( 2)
 306 K   0.28022 0.00606 0.69471 0.01901 ( 3)
 307 A   0.27948 0.00681 0.69307 0.02064 ( 3)
 308 S   0.28044 0.00584 0.69519 0.01852 ( 3)
 309 T   0.17504 0.16351 0.64730 0.01415 ( 3)
 310 V   0.28169 0.00466 0.69789 0.01576 ( 3)
 311 D   0.28107 0.00523 0.69657 0.01713 ( 3)
 312 L   0.27826 0.00808 0.69035 0.02330 ( 3)
 313 P   0.28066 0.00567 0.69576 0.01790 ( 3)
 314 I   0.28378 0.00286 0.70222 0.01114 ( 3)
 315 E   0.27966 0.00662 0.69348 0.02023 ( 3)
 316 S   0.28062 0.00567 0.69559 0.01812 ( 3)
 317 V   0.28169 0.00466 0.69789 0.01576 ( 3)
 318 S   0.28218 0.00421 0.69893 0.01468 ( 3)
 319 L   0.27942 0.00686 0.69296 0.02076 ( 3)
 320 S   0.28218 0.00421 0.69893 0.01468 ( 3)
 321 L   0.27635 0.01019 0.68601 0.02745 ( 3)
 322 Q   0.27823 0.00812 0.69028 0.02337 ( 3)
 323 D   0.28107 0.00523 0.69657 0.01713 ( 3)
 324 L   0.27636 0.01017 0.68602 0.02745 ( 3)
 325 I   0.28008 0.00620 0.69440 0.01932 ( 3)
 326 G   0.28062 0.00567 0.69558 0.01813 ( 3)
 327 Y   0.28023 0.00606 0.69472 0.01900 ( 3)
 328 F   0.27994 0.00634 0.69409 0.01963 ( 3)
 329 H   0.28101 0.00529 0.69643 0.01727 ( 3)
 330 P   0.27988 0.00640 0.69396 0.01976 ( 3)
 331 P   0.27988 0.00640 0.69396 0.01976 ( 3)
 332 D   0.28023 0.00606 0.69472 0.01899 ( 3)
 333 E   0.27966 0.00662 0.69348 0.02023 ( 3)
 334 H   0.28101 0.00529 0.69643 0.01727 ( 3)
 335 L   0.27826 0.00808 0.69035 0.02330 ( 3)
 336 E   0.27965 0.00664 0.69345 0.02026 ( 3)
 337 H   0.28111 0.00520 0.69665 0.01704 ( 3)
 338 E   0.27938 0.00691 0.69286 0.02085 ( 3)
 339 D   0.28023 0.00606 0.69472 0.01899 ( 3)
 340 K   0.28022 0.00606 0.69471 0.01901 ( 3)
 341 Q   0.27823 0.00812 0.69028 0.02337 ( 3)
 342 N   0.28182 0.00453 0.69816 0.01548 ( 3)
 343 R   0.28178 0.00458 0.69807 0.01557 ( 3)
 344 L   0.27824 0.00811 0.69031 0.02334 ( 3)
 345 R   0.27942 0.00681 0.69285 0.02092 ( 3)
 346 A   0.27948 0.00681 0.69307 0.02064 ( 3)
 347 L   0.27939 0.00689 0.69287 0.02085 ( 3)
 348 K   0.28037 0.00591 0.69503 0.01869 ( 3)
 349 N   0.28143 0.00489 0.69731 0.01636 ( 3)
 350 R   0.28215 0.00426 0.69895 0.01464 ( 3)
 351 Q   0.27836 0.00800 0.69061 0.02303 ( 3)
 352 N   0.28143 0.00489 0.69731 0.01636 ( 3)
 353 L   0.27930 0.00699 0.69266 0.02105 ( 3)
 354 F   0.27990 0.00638 0.69399 0.01973 ( 3)
 355 Q   0.27821 0.00814 0.69023 0.02343 ( 3)
 356 E   0.27935 0.00694 0.69277 0.02094 ( 3)
 357 E   0.27963 0.00665 0.69339 0.02033 ( 3)
 358 G   0.28068 0.00564 0.69577 0.01791 ( 3)
 359 M   0.28087 0.00545 0.69619 0.01749 ( 3)
 360 I   0.28044 0.00588 0.69524 0.01845 ( 3)
 361 N   0.28207 0.00434 0.69876 0.01483 ( 3)
 362 L   0.28015 0.00616 0.69460 0.01909 ( 3)
 363 V   0.28053 0.00587 0.69560 0.01800 ( 3)
 364 L   0.27950 0.00681 0.69318 0.02051 ( 3)
 365 E   0.27984 0.00647 0.69392 0.01977 ( 3)
 366 C   0.28122 0.00512 0.69696 0.01670 ( 3)
 367 I   0.28398 0.00271 0.70272 0.01059 ( 3)
 368 D   0.28127 0.00507 0.69705 0.01660 ( 3)
 369 R   0.28265 0.00382 0.69999 0.01354 ( 3)
 370 L   0.27644 0.01010 0.68625 0.02720 ( 3)
 371 H   0.28120 0.00513 0.69691 0.01675 ( 3)
 372 V   0.27992 0.00639 0.69410 0.01959 ( 3)
 373 Y   0.28041 0.00590 0.69518 0.01851 ( 3)
 374 S   0.28153 0.00483 0.69762 0.01602 ( 3)
 375 S   0.28157 0.00477 0.69763 0.01602 ( 3)
 376 A   0.27965 0.00666 0.69350 0.02019 ( 3)
 377 A   0.28065 0.00567 0.69571 0.01798 ( 3)
 378 H   0.28120 0.00513 0.69691 0.01675 ( 3)
 379 F   0.28000 0.00632 0.69426 0.01943 ( 3)
 380 A   0.28294 0.00357 0.70061 0.01288 ( 3)
 381 D   0.28041 0.00590 0.69518 0.01850 ( 3)
 382 V   0.28176 0.00462 0.69810 0.01552 ( 3)
 383 A   0.27965 0.00666 0.69350 0.02019 ( 3)
 384 G   0.28199 0.00441 0.69859 0.01501 ( 3)
 385 R   0.28198 0.00442 0.69857 0.01503 ( 3)
 386 E   0.27955 0.00676 0.69329 0.02040 ( 3)
 387 A   0.28065 0.00567 0.69571 0.01798 ( 3)
 388 G   0.28199 0.00441 0.69859 0.01501 ( 3)
 389 E   0.27955 0.00676 0.69329 0.02040 ( 3)
 390 S   0.28079 0.00554 0.69602 0.01765 ( 3)
 391 W   0.27889 0.00744 0.69182 0.02185 ( 3)
 392 K   0.28060 0.00572 0.69559 0.01809 ( 3)
 393 S   0.28209 0.00431 0.69882 0.01478 ( 3)
 394 I   0.28026 0.00605 0.69485 0.01884 ( 3)
 395 L   0.27644 0.01010 0.68625 0.02720 ( 3)
 396 N   0.28167 0.00470 0.69791 0.01572 ( 3)
 397 S   0.28081 0.00551 0.69606 0.01762 ( 3)
 398 L   0.27644 0.01010 0.68625 0.02720 ( 3)
 399 Y   0.28001 0.00630 0.69429 0.01940 ( 3)
 400 E   0.27984 0.00647 0.69392 0.01977 ( 3)
 401 L   0.27801 0.00838 0.68982 0.02379 ( 3)
 402 L   0.27644 0.01010 0.68625 0.02720 ( 3)
 403 A   0.28272 0.00375 0.70009 0.01344 ( 3)
 404 A   0.27984 0.00651 0.69401 0.01964 ( 3)
 405 L   0.27980 0.00655 0.69390 0.01975 ( 3)
 406 I   0.28047 0.00589 0.69539 0.01826 ( 3)
 407 R   0.28220 0.00425 0.69916 0.01439 ( 3)
 408 G   0.28089 0.00547 0.69632 0.01731 ( 3)
 409 N   0.28189 0.00454 0.69850 0.01508 ( 3)
 410 R   0.28340 0.00321 0.70172 0.01166 ( 3)
 411 K   0.28081 0.00555 0.69615 0.01749 ( 3)
 412 N   0.28229 0.00417 0.69935 0.01419 ( 3)
 413 C   0.28144 0.00495 0.69753 0.01608 ( 3)
 414 A   0.27984 0.00651 0.69401 0.01964 ( 3)
 415 Q   0.27993 0.00644 0.69423 0.01940 ( 3)
 416 F   0.28020 0.00615 0.69479 0.01886 ( 3)
 417 S   0.28102 0.00535 0.69662 0.01701 ( 3)
 418 G   0.28102 0.00535 0.69661 0.01702 ( 3)
 419 S   0.28084 0.00552 0.69622 0.01742 ( 3)
 420 L   0.27970 0.00665 0.69368 0.01997 ( 3)
 421 D   0.28149 0.00491 0.69763 0.01598 ( 3)
 422 W   0.27908 0.00729 0.69229 0.02135 ( 3)
 423 L   0.27858 0.00781 0.69116 0.02245 ( 3)
 424 I   0.28064 0.00571 0.69578 0.01786 ( 3)
 425 S   0.28175 0.00466 0.69820 0.01539 ( 3)
 426 R   0.27971 0.00664 0.69370 0.01995 ( 3)
 427 L   0.27817 0.00824 0.69023 0.02336 ( 3)
 428 E   0.27975 0.00660 0.69379 0.01986 ( 3)
 429 R   0.28220 0.00425 0.69916 0.01439 ( 3)
 430 L   0.27656 0.01000 0.68654 0.02690 ( 3)
 431 E   0.27975 0.00660 0.69379 0.01986 ( 3)
 432 A   0.27984 0.00651 0.69401 0.01964 ( 3)
 433 S   0.28102 0.00535 0.69662 0.01701 ( 3)
 434 S   0.28102 0.00535 0.69662 0.01701 ( 3)
 435 G   0.28171 0.00467 0.69803 0.01559 ( 3)
 436 I   0.28005 0.00626 0.69437 0.01932 ( 3)
 437 L   0.27994 0.00637 0.69413 0.01957 ( 3)
 438 E   0.27936 0.00696 0.69284 0.02085 ( 3)
 439 V   0.12343 0.13316 0.30587 0.43754 ( 4)
 440 L   0.27824 0.00813 0.69033 0.02330 ( 3)
 441 H   0.28098 0.00535 0.69641 0.01727 ( 3)
 442 C   0.28100 0.00533 0.69645 0.01722 ( 3)
 443 V   0.27971 0.00659 0.69364 0.02006 ( 3)
 444 L   0.27824 0.00813 0.69033 0.02330 ( 3)
 445 V   0.28165 0.00471 0.69787 0.01576 ( 3)
 446 E   0.27936 0.00696 0.69284 0.02085 ( 3)
 447 S   0.28214 0.00426 0.69892 0.01468 ( 3)
 448 P   0.27985 0.00646 0.69394 0.01976 ( 3)
 449 E   0.27936 0.00696 0.69284 0.02085 ( 3)
 450 A   0.27959 0.00670 0.69331 0.02041 ( 3)
 451 L   0.27937 0.00694 0.69286 0.02083 ( 3)
 452 N   0.28143 0.00491 0.69740 0.01625 ( 3)
 453 I   0.00303 0.24456 0.00751 0.74490 ( 4)
 454 I   0.28005 0.00626 0.69437 0.01932 ( 3)
 455 K   0.28038 0.00593 0.69511 0.01859 ( 3)
 456 E   0.27936 0.00696 0.69284 0.02085 ( 3)
 457 G   0.28059 0.00573 0.69556 0.01813 ( 3)
 458 H   0.28108 0.00525 0.69663 0.01704 ( 3)
 459 I   0.28005 0.00626 0.69437 0.01932 ( 3)
 460 K   0.28038 0.00593 0.69511 0.01859 ( 3)
 461 S   0.28041 0.00590 0.69517 0.01852 ( 3)
 462 I   0.28005 0.00626 0.69437 0.01932 ( 3)
 463 I   0.28022 0.00608 0.69475 0.01894 ( 3)
 464 S   0.27940 0.00692 0.69293 0.02076 ( 3)
 465 L   0.27994 0.00637 0.69413 0.01957 ( 3)
 466 L   0.27824 0.00813 0.69033 0.02330 ( 3)
 467 D   0.28104 0.00529 0.69655 0.01713 ( 3)
 468 K   0.28019 0.00612 0.69468 0.01901 ( 3)
 469 H   0.28108 0.00525 0.69663 0.01704 ( 3)
 470 G   0.28046 0.00585 0.69528 0.01841 ( 3)
 471 R   0.28174 0.00463 0.69806 0.01557 ( 3)
 472 N   0.28143 0.00491 0.69740 0.01625 ( 3)
 473 H   0.28098 0.00535 0.69641 0.01727 ( 3)
 474 K   0.28019 0.00612 0.69468 0.01901 ( 3)
 475 V   0.28197 0.00447 0.69870 0.01486 ( 3)
 476 L   0.27666 0.00990 0.68678 0.02666 ( 3)
 477 D   0.28162 0.00479 0.69792 0.01567 ( 3)
 478 V   0.28218 0.00428 0.69916 0.01438 ( 3)
 479 L   0.27873 0.00766 0.69153 0.02208 ( 3)
 480 C   0.28270 0.00382 0.70027 0.01321 ( 3)
 481 S   0.28103 0.00535 0.69667 0.01695 ( 3)
 482 L   0.27984 0.00652 0.69400 0.01964 ( 3)
 483 C   0.28164 0.00477 0.69799 0.01559 ( 3)
 484 V   0.28197 0.00447 0.69870 0.01486 ( 3)
 485 C   0.28270 0.00382 0.70027 0.01321 ( 3)
 486 H   0.12793 0.13232 0.31710 0.42264 ( 4)
 487 G   0.28241 0.00407 0.69965 0.01386 ( 3)
 488 V   0.28232 0.00416 0.69945 0.01408 ( 3)
 489 A   0.28112 0.00527 0.69687 0.01674 ( 3)
 490 V   0.28218 0.00428 0.69916 0.01438 ( 3)
 491 R   0.28362 0.00303 0.70219 0.01116 ( 3)
 492 S   0.28122 0.00517 0.69708 0.01653 ( 3)
 493 N   0.28249 0.00400 0.69982 0.01368 ( 3)
 494 Q   0.27870 0.00770 0.69145 0.02216 ( 3)
 495 H   0.28173 0.00470 0.69818 0.01540 ( 3)
