Supplemental results for CODEML (seqf: /home/leticiamagpali/phd/evol_models/codeml/big_dataset/cml_align/OTOF_codon_aligned.phy  treef: /home/leticiamagpali/phd/evol_models/codeml/big_dataset/cml_trees/gene_trees/H2_gene_trees/OTOF_tree_H2.tre)

I	J	ij	2Ns_IJ	pMut_IJ	pSub_IJ	2Ns_JI	pMut_JI	pSub_JI

TTC	TTT	CT	-0.54747	0.07638	0.05737	0.54747	0.04418	0.05737
TTA	TTT	AT	6.59006	0.00001	0.00008	-6.59006	0.00885	0.00008
TTA	TTC	AC	7.13753	0.00002	0.00017	-7.13753	0.02985	0.00017
TTG	TTT	GT	1.30462	0.00256	0.00458	-1.30462	0.00944	0.00458
TTG	TTC	GC	1.85209	0.00499	0.01097	-1.85209	0.03182	0.01097
TTG	TTA	GA	-5.28544	0.01793	0.00048	5.28544	0.00009	0.00048
TCT	TTT	CT	1.51837	0.00968	0.01882	-1.51837	0.04418	0.01882
TCC	TTC	CT	0.77848	0.06839	0.09843	-0.77848	0.14897	0.09843
TCC	TCT	CT	-1.28735	0.06839	0.03356	1.28735	0.01888	0.03356
TCA	TTA	CT	-4.95418	0.01423	0.00050	4.95418	0.00010	0.00050
TCA	TCT	AT	0.11752	0.00336	0.00356	-0.11752	0.00378	0.00356
TCA	TCC	AC	1.40487	0.00656	0.01221	-1.40487	0.02673	0.01221
TCG	TTG	CT	0.79177	0.00958	0.01386	-0.79177	0.02114	0.01386
TCG	TCT	GT	0.57803	0.00226	0.00298	-0.57803	0.00403	0.00298
TCG	TCC	GC	1.86539	0.00441	0.00974	-1.86539	0.02850	0.00974
TCG	TCA	GA	0.46051	0.01584	0.01977	-0.46051	0.02510	0.01977
TAT	TTT	AT	1.09700	0.00296	0.00487	-1.09700	0.00885	0.00487
TAT	TCT	AC	-0.42136	0.00576	0.00463	0.42136	0.00378	0.00463
TAC	TTC	AT	0.60354	0.01632	0.02174	-0.60354	0.02985	0.02174
TAC	TCC	AC	-0.17493	0.03184	0.02913	0.17493	0.02673	0.02913
TAC	TAT	CT	-1.04092	0.06909	0.03926	1.04092	0.02440	0.03926
TGT	TTT	GT	1.96742	0.00132	0.00302	-1.96742	0.00944	0.00302
TGT	TCT	GC	0.44905	0.00257	0.00319	-0.44905	0.00403	0.00319
TGT	TAT	GA	0.87041	0.00924	0.01384	-0.87041	0.02206	0.01384
TGC	TTC	GT	1.65838	0.00606	0.01242	-1.65838	0.03182	0.01242
TGC	TCC	GC	0.87991	0.01182	0.01777	-0.87991	0.02850	0.01777
TGC	TAC	GA	1.05484	0.04244	0.06868	-1.05484	0.12185	0.06868
TGC	TGT	CT	-0.85650	0.02565	0.01622	0.85650	0.01089	0.01622
TGG	TTG	GT	-0.71183	0.00920	0.00631	0.71183	0.00452	0.00631
TGG	TCG	GC	-1.50360	0.01795	0.00771	1.50360	0.00399	0.00771
TGG	TGT	GT	-1.37462	0.00920	0.00428	1.37462	0.00233	0.00428
TGG	TGC	GC	-0.51812	0.01795	0.01370	0.51812	0.01069	0.01370
CTT	TTT	CT	2.11526	0.00533	0.01282	-2.11526	0.04418	0.01282
CTC	TTC	CT	0.94602	0.05784	0.08945	-0.94602	0.14897	0.08945
CTC	CTT	CT	-1.71671	0.05784	0.02175	1.71671	0.01039	0.02175
CTA	TTA	CT	-3.95200	0.00522	0.00040	3.95200	0.00010	0.00040
CTA	CTT	AT	0.52280	0.00123	0.00159	-0.52280	0.00208	0.00159
CTA	CTC	AC	2.23951	0.00241	0.00603	-2.23951	0.02260	0.00603
CTG	TTG	CT	-1.98381	0.15367	0.04862	1.98381	0.02114	0.04862
CTG	CTT	GT	-2.79445	0.03631	0.00661	2.79445	0.00222	0.00661
CTG	CTC	GC	-1.07773	0.07081	0.03938	1.07773	0.02410	0.03938
CTG	CTA	GA	-3.31725	0.25419	0.03172	3.31725	0.00922	0.03172
CCT	TCT	CT	-0.35317	0.02687	0.02240	0.35317	0.01888	0.02240
CCT	CTT	CT	-0.95006	0.02687	0.01610	0.95006	0.01039	0.01610
CCC	TCC	CT	0.46691	0.08363	0.10466	-0.46691	0.13339	0.10466
CCC	CTC	CT	0.29937	0.08363	0.09677	-0.29937	0.11281	0.09677
CCC	CCT	CT	-0.46728	0.08363	0.06560	0.46728	0.05241	0.06560
CCA	TCA	CT	0.37542	0.01907	0.02288	-0.37542	0.02776	0.02288
CCA	CTA	CT	-0.62676	0.01907	0.01372	0.62676	0.01019	0.01372
CCA	CCT	AT	0.84610	0.00451	0.00668	-0.84610	0.01050	0.00668
CCA	CCC	AC	1.31338	0.00879	0.01579	-1.31338	0.03268	0.01579
CCG	TCG	CT	-0.05814	0.01979	0.01922	0.05814	0.01868	0.01922
CCG	CTG	CT	2.71744	0.01979	0.05759	-2.71744	0.29971	0.05759
CCG	CCT	GT	0.87306	0.00468	0.00701	-0.87306	0.01120	0.00701
CCG	CCC	GC	1.34034	0.00912	0.01656	-1.34034	0.03485	0.01656
CCG	CCA	GA	0.02696	0.03274	0.03319	-0.02696	0.03364	0.03319
CAT	TAT	CT	2.05025	0.00314	0.00739	-2.05025	0.02440	0.00739
CAT	CTT	AT	1.03199	0.00074	0.00119	-1.03199	0.00208	0.00119
CAT	CCT	AC	1.98205	0.00145	0.00333	-1.98205	0.01050	0.00333
CAC	TAC	CT	1.44998	0.03161	0.05988	-1.44998	0.13476	0.05988
CAC	CTC	AT	1.10751	0.00747	0.01235	-1.10751	0.02260	0.01235
CAC	CCC	AC	0.80814	0.01457	0.02124	-0.80814	0.03268	0.02124
CAC	CAT	CT	-1.64119	0.03161	0.01247	1.64119	0.00612	0.01247
CAA	CTA	AT	0.24055	0.00161	0.00181	-0.24055	0.00204	0.00181
CAA	CCA	AC	0.86731	0.00313	0.00468	-0.86731	0.00745	0.00468
CAA	CAT	AT	-0.26864	0.00161	0.00140	0.26864	0.00123	0.00140
CAA	CAC	AC	1.37255	0.00313	0.00576	-1.37255	0.01235	0.00576
CAG	CTG	AT	1.35905	0.01543	0.02822	-1.35905	0.06005	0.02822
CAG	CCG	AC	-1.35839	0.03009	0.01414	1.35839	0.00774	0.01414
CAG	CAT	GT	-2.46738	0.01543	0.00353	2.46738	0.00131	0.00353
CAG	CAC	GC	-0.82619	0.03009	0.01935	0.82619	0.01317	0.01935
CAG	CAA	GA	-2.19874	0.10802	0.02964	2.19874	0.01198	0.02964
CGT	TGT	CT	0.97278	0.00412	0.00644	-0.97278	0.01089	0.00644
CGT	CTT	GT	0.82494	0.00097	0.00143	-0.82494	0.00222	0.00143
CGT	CCT	GC	1.77500	0.00190	0.00406	-1.77500	0.01120	0.00406
CGT	CAT	GA	-0.20705	0.00681	0.00613	0.20705	0.00554	0.00613
CGC	TGC	CT	0.20221	0.04088	0.04515	-0.20221	0.05004	0.04515
CGC	CTC	GT	0.91457	0.00966	0.01474	-0.91457	0.02410	0.01474
CGC	CCC	GC	0.61520	0.01883	0.02522	-0.61520	0.03485	0.02522
CGC	CAC	GA	-0.19294	0.06761	0.06130	0.19294	0.05575	0.06130
CGC	CGT	CT	-1.62708	0.04088	0.01626	1.62708	0.00803	0.01626
CGA	CTA	GT	0.06349	0.00204	0.00211	-0.06349	0.00218	0.00211
CGA	CCA	GC	0.69025	0.00399	0.00552	-0.69025	0.00795	0.00552
CGA	CAA	GA	-0.17706	0.01431	0.01308	0.17706	0.01198	0.01308
CGA	CGT	AT	-0.23865	0.00204	0.00181	0.23865	0.00161	0.00181
CGA	CGC	AC	1.38843	0.00399	0.00737	-1.38843	0.01597	0.00737
CGG	TGG	CT	0.26458	0.05830	0.06635	-0.26458	0.07596	0.06635
CGG	CTG	GT	1.53656	0.01377	0.02697	-1.53656	0.06403	0.02697
CGG	CCG	GC	-1.18088	0.02686	0.01405	1.18088	0.00825	0.01405
CGG	CAG	GA	0.17751	0.09644	0.10525	-0.17751	0.11517	0.10525
CGG	CGT	GT	-2.08282	0.01377	0.00408	2.08282	0.00172	0.00408
CGG	CGC	GC	-0.45574	0.02686	0.02121	0.45574	0.01703	0.02121
CGG	CGA	GA	-1.84417	0.09644	0.03341	1.84417	0.01525	0.03341
ATT	TTT	AT	0.36122	0.00617	0.00735	-0.36122	0.00885	0.00735
ATT	CTT	AC	-1.75405	0.01203	0.00442	1.75405	0.00208	0.00442
ATC	TTC	AT	0.33717	0.02131	0.02510	-0.33717	0.02985	0.02510
ATC	CTC	AC	-0.60885	0.04155	0.03018	0.60885	0.02260	0.03018
ATC	ATT	CT	-0.57151	0.09018	0.06685	0.57151	0.05092	0.06685
ATA	TTA	AT	-4.06140	0.00117	0.00008	4.06140	0.00002	0.00008
ATA	CTA	AC	-0.10940	0.00228	0.00216	0.10940	0.00204	0.00216
ATA	ATT	AT	2.16745	0.00117	0.00286	-2.16745	0.01020	0.00286
ATA	ATC	AC	2.73896	0.00228	0.00667	-2.73896	0.03524	0.00667
ATG	TTG	AT	-1.34012	0.01618	0.00769	1.34012	0.00424	0.00769
ATG	CTG	AC	0.64369	0.03155	0.04279	-0.64369	0.06005	0.04279
ATG	ATT	GT	-0.39671	0.01618	0.01318	0.39671	0.01088	0.01318
ATG	ATC	GC	0.17480	0.03155	0.03439	-0.17480	0.03758	0.03439
ATG	ATA	GA	-2.56416	0.11326	0.02422	2.56416	0.00872	0.02422
ACT	TCT	AT	0.08206	0.00348	0.00363	-0.08206	0.00378	0.00363
ACT	CCT	AC	0.43523	0.00680	0.00838	-0.43523	0.01050	0.00838
ACT	ATT	CT	1.23921	0.01475	0.02573	-1.23921	0.05092	0.02573
ACC	TCC	AT	0.87133	0.01118	0.01675	-0.87133	0.02673	0.01675
ACC	CCC	AC	0.40442	0.02181	0.02652	-0.40442	0.03268	0.02652
ACC	ATC	CT	1.31264	0.04733	0.08501	-1.31264	0.17589	0.08501
ACC	ACT	CT	-0.49808	0.04733	0.03652	0.49808	0.02876	0.03652
ACA	TCA	AT	0.72064	0.00271	0.00380	-0.72064	0.00556	0.00380
ACA	CCA	AC	0.34523	0.00528	0.00624	-0.34523	0.00745	0.00624
ACA	ATA	CT	-0.17214	0.01145	0.01050	0.17214	0.00964	0.01050
ACA	ACT	AT	0.75610	0.00271	0.00386	-0.75610	0.00576	0.00386
ACA	ACC	AC	1.25418	0.00528	0.00926	-1.25418	0.01850	0.00926
ACG	TCG	AT	-0.74247	0.00786	0.00530	0.74247	0.00374	0.00530
ACG	CCG	AC	-0.68433	0.01534	0.01068	0.68433	0.00774	0.01068
ACG	ATG	CT	1.38943	0.03328	0.06159	-1.38943	0.13354	0.06159
ACG	ACT	GT	-0.24650	0.00786	0.00693	0.24650	0.00614	0.00693
ACG	ACC	GC	0.25158	0.01534	0.01735	-0.25158	0.01972	0.01735
ACG	ACA	GA	-1.00260	0.05505	0.03199	1.00260	0.02020	0.03199
AAT	TAT	AT	0.44888	0.00312	0.00387	-0.44888	0.00489	0.00387
AAT	CAT	AC	-1.60137	0.00609	0.00246	1.60137	0.00123	0.00246
AAT	ATT	AT	1.18466	0.00312	0.00533	-1.18466	0.01020	0.00533
AAT	ACT	AC	-0.05455	0.00609	0.00592	0.05455	0.00576	0.00592
AAC	TAC	AT	0.45033	0.01721	0.02138	-0.45033	0.02700	0.02138
AAC	CAC	AC	-0.99965	0.03357	0.01954	0.99965	0.01235	0.01954
AAC	ATC	AT	0.71671	0.01721	0.02411	-0.71671	0.03524	0.02411
AAC	ACC	AC	-0.59594	0.03357	0.02455	0.59594	0.01850	0.02455
AAC	AAT	CT	-1.03947	0.07285	0.04143	1.03947	0.02576	0.04143
AAA	CAA	AC	-1.28373	0.00959	0.00472	1.28373	0.00266	0.00472
AAA	ATA	AT	-0.93378	0.00492	0.00297	0.93378	0.00193	0.00297
AAA	ACA	AC	-0.76165	0.00959	0.00639	0.76165	0.00448	0.00639
AAA	AAT	AT	0.04900	0.00492	0.00504	-0.04900	0.00516	0.00504
AAA	AAC	AC	1.08847	0.00959	0.01573	-1.08847	0.02847	0.01573
AAG	CAG	AC	-0.94251	0.06550	0.03941	0.94251	0.02552	0.03941
AAG	ATG	AT	-0.22715	0.03358	0.02991	0.22715	0.02676	0.02991
AAG	ACG	AC	-1.61657	0.06550	0.02624	1.61657	0.01301	0.02624
AAG	AAT	GT	-1.80852	0.03358	0.01190	1.80852	0.00550	0.01190
AAG	AAC	GC	-0.76905	0.06550	0.04351	0.76905	0.03035	0.04351
AAG	AAA	GA	-1.85752	0.23512	0.08076	1.85752	0.03669	0.08076
AGT	TGT	AT	0.10251	0.00197	0.00207	-0.10251	0.00218	0.00207
AGT	CGT	AC	-0.87027	0.00384	0.00241	0.87027	0.00161	0.00241
AGT	ATT	GT	1.70871	0.00197	0.00411	-1.70871	0.01088	0.00411
AGT	ACT	GC	0.46950	0.00384	0.00481	-0.46950	0.00614	0.00481
AGT	AAT	GA	0.52405	0.01379	0.01772	-0.52405	0.02330	0.01772
AGC	TGC	AT	0.14308	0.00869	0.00933	-0.14308	0.01003	0.00933
AGC	CGC	AC	-0.05913	0.01695	0.01645	0.05913	0.01597	0.01645
AGC	ATC	GT	1.46429	0.00869	0.01655	-1.46429	0.03758	0.01655
AGC	ACC	GC	0.15165	0.01695	0.01826	-0.15165	0.01972	0.01826
AGC	AAC	GA	0.74758	0.06084	0.08638	-0.74758	0.12848	0.08638
AGC	AGT	CT	-0.81594	0.03678	0.02379	0.81594	0.01626	0.02379
AGA	CGA	AC	3.45519	0.00011	0.00038	-3.45519	0.00338	0.00038
AGA	ATA	GT	3.62807	0.00005	0.00020	-3.62807	0.00206	0.00020
AGA	ACA	GC	3.80021	0.00011	0.00041	-3.80021	0.00477	0.00041
AGA	AAA	GA	4.56185	0.00038	0.00177	-4.56185	0.03669	0.00177
AGA	AGT	AT	4.08681	0.00005	0.00023	-4.08681	0.00326	0.00023
AGA	AGC	AC	4.90274	0.00011	0.00053	-4.90274	0.01437	0.00053
AGG	TGG	AT	3.13386	0.00066	0.00217	-3.13386	0.01522	0.00217
AGG	CGG	AC	2.86928	0.00129	0.00393	-2.86928	0.02278	0.00393
AGG	ATG	GT	3.76216	0.00066	0.00255	-3.76216	0.02853	0.00255
AGG	ACG	GC	2.37273	0.00129	0.00338	-2.37273	0.01387	0.00338
AGG	AAG	GA	3.98930	0.00464	0.01886	-3.98930	0.25068	0.01886
AGG	AGT	GT	1.65673	0.00066	0.00136	-1.65673	0.00347	0.00136
AGG	AGC	GC	2.47267	0.00129	0.00349	-2.47267	0.01532	0.00349
AGG	AGA	GA	-2.43008	0.00464	0.00109	2.43008	0.00041	0.00109
GTT	TTT	GT	4.08926	0.00016	0.00066	-4.08926	0.00944	0.00066
GTT	CTT	GC	1.97399	0.00031	0.00071	-1.97399	0.00222	0.00071
GTT	ATT	GA	3.72804	0.00111	0.00423	-3.72804	0.04605	0.00423
GTC	TTC	GT	0.82469	0.01395	0.02049	-0.82469	0.03182	0.02049
GTC	CTC	GC	-0.12133	0.02721	0.02559	0.12133	0.02410	0.02559
GTC	ATC	GA	0.48752	0.09768	0.12342	-0.48752	0.15905	0.12342
GTC	GTT	CT	-3.81204	0.05905	0.00509	3.81204	0.00131	0.00509
GTA	TTA	GT	-4.90903	0.00291	0.00011	4.90903	0.00002	0.00011
GTA	CTA	GC	-0.95703	0.00567	0.00338	0.95703	0.00218	0.00338
GTA	ATA	GA	-0.84764	0.02035	0.01293	0.84764	0.00872	0.01293
GTA	GTT	AT	-2.40823	0.00291	0.00069	2.40823	0.00026	0.00069
GTA	GTC	AC	1.40381	0.00567	0.01055	-1.40381	0.02308	0.01055
GTG	TTG	GT	-1.79999	0.02732	0.00974	1.79999	0.00452	0.00974
GTG	CTG	GC	0.18382	0.05328	0.05833	-0.18382	0.06403	0.05833
GTG	ATG	GA	-0.45987	0.19126	0.15064	0.45987	0.12075	0.15064
GTG	GTT	GT	-4.58462	0.02732	0.00129	4.58462	0.00028	0.00129
GTG	GTC	GC	-0.77258	0.05328	0.03532	0.77258	0.02460	0.03532
GTG	GTA	GA	-2.17639	0.19126	0.05327	2.17639	0.02170	0.05327
GCT	TCT	GT	0.22792	0.00321	0.00359	-0.22792	0.00403	0.00359
GCT	CCT	GC	0.58109	0.00626	0.00826	-0.58109	0.01120	0.00826
GCT	ACT	GA	0.14586	0.02248	0.02416	-0.14586	0.02601	0.02416
GCT	GTT	CT	-2.34297	0.01359	0.00338	2.34297	0.00131	0.00338
GCC	TCC	GT	0.43838	0.01838	0.02271	-0.43838	0.02850	0.02271
GCC	CCC	GC	-0.02853	0.03585	0.03534	0.02853	0.03485	0.03534
GCC	ACC	GA	-0.43296	0.12871	0.10285	0.43296	0.08348	0.10285
GCC	GTC	CT	0.39217	0.07781	0.09406	-0.39217	0.11517	0.09406
GCC	GCT	CT	-1.07690	0.07781	0.04329	1.07690	0.02651	0.04329
GCA	TCA	GT	0.93215	0.00234	0.00359	-0.93215	0.00593	0.00359
GCA	CCA	GC	0.55673	0.00455	0.00594	-0.55673	0.00795	0.00594
GCA	ACA	GA	0.21150	0.01635	0.01814	-0.21150	0.02020	0.01814
GCA	GTA	CT	0.88700	0.00988	0.01491	-0.88700	0.02400	0.01491
GCA	GCT	AT	0.82174	0.00234	0.00342	-0.82174	0.00531	0.00342
GCA	GCC	AC	1.89864	0.00455	0.01017	-1.89864	0.03041	0.01017
GCG	TCG	GT	0.05822	0.00376	0.00387	-0.05822	0.00399	0.00387
GCG	CCG	GC	0.11636	0.00734	0.00778	-0.11636	0.00825	0.00778
GCG	ACG	GA	0.80069	0.02636	0.03830	-0.80069	0.05870	0.03830
GCG	GTG	CT	2.64998	0.01593	0.04543	-2.64998	0.22551	0.04543
GCG	GCT	GT	0.40833	0.00376	0.00458	-0.40833	0.00566	0.00458
GCG	GCC	GC	1.48523	0.00734	0.01410	-1.48523	0.03242	0.01410
GCG	GCA	GA	-0.41342	0.02636	0.02128	0.41342	0.01743	0.02128
GAT	TAT	GT	-0.39713	0.00775	0.00632	0.39713	0.00521	0.00632
GAT	CAT	GC	-2.44738	0.01512	0.00351	2.44738	0.00131	0.00351
GAT	AAT	GA	-0.84601	0.05429	0.03452	0.84601	0.02330	0.03452
GAT	GTT	AT	-3.38938	0.00775	0.00092	3.38938	0.00026	0.00092
GAT	GCT	AC	-1.04642	0.01512	0.00857	1.04642	0.00531	0.00857
GAC	TAC	GT	-0.25836	0.03728	0.03267	0.25836	0.02879	0.03267
GAC	CAC	GC	-1.70834	0.07270	0.02748	1.70834	0.01317	0.02748
GAC	AAC	GA	-0.70869	0.26099	0.17934	0.70869	0.12848	0.17934
GAC	GTC	AT	-0.47950	0.03728	0.02905	0.47950	0.02308	0.02905
GAC	GCC	AC	-0.87167	0.07270	0.04556	0.87167	0.03041	0.04556
GAC	GAT	CT	-0.90215	0.15778	0.09717	0.90215	0.06401	0.09717
GAA	CAA	GC	-1.84527	0.01792	0.00620	1.84527	0.00283	0.00620
GAA	AAA	GA	-0.56154	0.06434	0.04795	0.56154	0.03669	0.04795
GAA	GTA	AT	-0.64769	0.00919	0.00653	0.64769	0.00481	0.00653
GAA	GCA	AC	-1.53469	0.01792	0.00756	1.53469	0.00386	0.00756
GAA	GAT	AT	0.33346	0.00919	0.01081	-0.33346	0.01283	0.01081
GAA	GAC	AC	1.23562	0.01792	0.03122	-1.23562	0.06166	0.03122
GAG	CAG	GC	-1.01121	0.07480	0.04325	1.01121	0.02721	0.04325
GAG	AAG	GA	-0.06870	0.26851	0.25939	0.06870	0.25068	0.25939
GAG	GTG	AT	0.16402	0.03835	0.04158	-0.16402	0.04519	0.04158
GAG	GCG	AC	-2.48596	0.07480	0.01688	2.48596	0.00623	0.01688
GAG	GAT	GT	-1.03122	0.03835	0.02192	1.03122	0.01367	0.02192
GAG	GAC	GC	-0.12907	0.07480	0.07008	0.12907	0.06574	0.07008
GAG	GAA	GA	-1.36468	0.26851	0.12573	1.36468	0.06859	0.12573
GGT	TGT	GT	0.47086	0.00145	0.00182	-0.47086	0.00233	0.00182
GGT	CGT	GC	-0.50192	0.00283	0.00218	0.50192	0.00172	0.00218
GGT	AGT	GA	0.36835	0.01018	0.01216	-0.36835	0.01471	0.01216
GGT	GTT	GT	-1.65098	0.00145	0.00057	1.65098	0.00028	0.00057
GGT	GCT	GC	0.69199	0.00283	0.00393	-0.69199	0.00566	0.00393
GGT	GAT	GA	1.73841	0.01018	0.02146	-1.73841	0.05788	0.02146
GGC	TGC	GT	-0.71389	0.02183	0.01496	0.71389	0.01069	0.01496
GGC	CGC	GC	-0.91610	0.04257	0.02601	0.91610	0.01703	0.02601
GGC	AGC	GA	-0.85697	0.15282	0.09658	0.85697	0.06486	0.09658
GGC	GTC	GT	0.11980	0.02183	0.02316	-0.11980	0.02460	0.02316
GGC	GCC	GC	-0.27237	0.04257	0.03704	0.27237	0.03242	0.03704
GGC	GAC	GA	0.59930	0.15282	0.20316	-0.59930	0.27826	0.20316
GGC	GGT	CT	-2.04126	0.09239	0.02815	2.04126	0.01200	0.02815
GGA	CGA	GC	-0.32377	0.00498	0.00422	0.32377	0.00360	0.00422
GGA	AGA	GA	-3.77896	0.01788	0.00158	3.77896	0.00041	0.00158
GGA	GTA	GT	0.69675	0.00255	0.00355	-0.69675	0.00513	0.00355
GGA	GCA	GC	-0.19025	0.00498	0.00452	0.19025	0.00412	0.00452
GGA	GAA	GA	1.34444	0.01788	0.03252	-1.34444	0.06859	0.03252
GGA	GGT	AT	-0.06050	0.00255	0.00248	0.06050	0.00240	0.00248
GGA	GGC	AC	1.98075	0.00498	0.01145	-1.98075	0.03610	0.01145
GGG	TGG	GT	0.39096	0.01098	0.01326	-0.39096	0.01623	0.01326
GGG	CGG	GC	0.12639	0.02141	0.02279	-0.12639	0.02429	0.02279
GGG	AGG	GA	-2.74290	0.07685	0.01451	2.74290	0.00495	0.01451
GGG	GTG	GT	1.47913	0.01098	0.02103	-1.47913	0.04818	0.02103
GGG	GCG	GC	-1.17085	0.02141	0.01127	1.17085	0.00664	0.01127
GGG	GAG	GA	1.31511	0.07685	0.13816	-1.31511	0.28629	0.13816
GGG	GGT	GT	-1.45452	0.01098	0.00486	1.45452	0.00256	0.00486
GGG	GGC	GC	0.58674	0.02141	0.02830	-0.58674	0.03850	0.02830
GGG	GGA	GA	-1.39401	0.07685	0.03535	1.39401	0.01907	0.03535


Histograms
2Ns	FMut	FSub(CodonUsage)	FSubw(after w)

-6.79765	0.00241	0.00002
-6.11788	0.00000	0.00000
-5.43812	0.00112	0.00004
-4.75835	0.00595	0.00033
-4.07859	0.02367	0.00236
-3.39882	0.02047	0.00313
-2.71906	0.05842	0.01485
-2.03929	0.09155	0.03743
-1.35953	0.16596	0.10154
-0.67976	0.26124	0.23305
0.00000	0.17022	0.21450
0.67976	0.13570	0.23305
1.35953	0.04490	0.10154
2.03929	0.01306	0.03743
2.71906	0.00411	0.01485
3.39882	0.00071	0.00313
4.07859	0.00046	0.00236
4.75835	0.00006	0.00033
5.43812	0.00001	0.00004
6.11788	0.00000	0.00000
6.79765	0.00000	0.00002

Proportion of advantageous (S > 0) mutations:
 0.27716

Proportions of good & bad mutations (|S| > 2.0000) among mutations:
0.00921  0.14531

mean |Ns| = 1.15579	mean Ns+ = 0.71370	mean Ns- = -1.32530


MLEs of dN/dS (w) for site classes (K=4)

site class             0        1       2a       2b
proportion       0.57643  0.12673  0.24334  0.05350
background w     0.02365  0.85421  0.02365  0.85421
foreground w     0.02365  0.85421  0.11003  0.11003

Naive Empirical Bayes (NEB) probabilities for 4 classes
(amino acids refer to 1st sequence: Bacu)

   1 L   0.61422 0.08854 0.25729 0.03995 ( 1)
   2 I   0.65814 0.04636 0.27209 0.02341 ( 1)
   3 G   0.67089 0.03483 0.27582 0.01846 ( 1)
   4 T   0.68126 0.02586 0.27848 0.01440 ( 1)
   5 F   0.65665 0.04773 0.27163 0.02398 ( 1)
   6 R   0.66930 0.03625 0.27537 0.01908 ( 1)
   7 M   0.67720 0.02933 0.27748 0.01599 ( 1)
   8 V   0.64355 0.06003 0.26744 0.02899 ( 1)
   9 L   0.61422 0.08854 0.25729 0.03995 ( 1)
  10 Q   0.65989 0.04475 0.27263 0.02273 ( 1)
  11 K   0.00584 0.66658 0.00242 0.32516 ( 2)
  12 V   0.64345 0.06012 0.26740 0.02903 ( 1)
  13 V   0.64345 0.06012 0.26740 0.02903 ( 1)
  14 E   0.65646 0.04792 0.27157 0.02406 ( 1)
  15 E   0.65646 0.04792 0.27157 0.02406 ( 1)
  16 G   0.00208 0.66893 0.00086 0.32812 ( 2)
  17 H   0.01711 0.61268 0.00694 0.36327 ( 2)
  18 V   0.64345 0.06012 0.26740 0.02903 ( 1)
  19 E   0.65648 0.04790 0.27157 0.02405 ( 1)
  20 V   0.64345 0.06012 0.26740 0.02903 ( 1)
  21 T   0.67987 0.02712 0.27791 0.01510 ( 1)
  22 D   0.66016 0.04451 0.27268 0.02265 ( 1)
  23 M   0.67699 0.02953 0.27739 0.01609 ( 1)
  24 L   0.61408 0.08868 0.25724 0.04001 ( 1)
  25 I   0.64341 0.06013 0.26792 0.02855 ( 1)
  26 D   0.66009 0.04458 0.27265 0.02268 ( 1)
  27 D   0.66016 0.04451 0.27268 0.02265 ( 1)
  28 N   0.01824 0.88256 0.03460 0.06460 ( 2)
  29 N   0.00066 0.92799 0.00124 0.07011 ( 2)
  30 A   0.03235 0.83930 0.06068 0.06768 ( 2)
  31 I   0.01006 0.91089 0.01933 0.05972 ( 2)
  32 I   0.01012 0.91054 0.01944 0.05990 ( 2)
  33 Q   0.00001 0.99142 0.00008 0.00849 ( 2)
  34 E   0.66121 0.04356 0.27295 0.02228 ( 1)
  35 P   0.68915 0.01942 0.28005 0.01138 ( 1)
  36 A   0.68310 0.02436 0.27880 0.01374 ( 1)
  37 V   0.65732 0.04712 0.27185 0.02372 ( 1)
  38 L   0.61744 0.08535 0.25845 0.03875 ( 1)
  39 E   0.66151 0.04327 0.27312 0.02209 ( 1)
  40 M   0.68212 0.02514 0.27869 0.01405 ( 1)
  41 E   0.00756 0.65561 0.00312 0.33372 ( 2)
  42 N   0.22005 0.45404 0.09070 0.23521 ( 2)
  43 L   0.00034 0.64019 0.00014 0.35933 ( 2)
  44 D   0.66547 0.03968 0.27429 0.02056 ( 1)
  45 R   0.67457 0.03159 0.27685 0.01698 ( 1)
  46 L   0.61883 0.08400 0.25903 0.03814 ( 1)
  47 A   0.67098 0.03475 0.27586 0.01841 ( 1)
  48 I   0.00512 0.67713 0.00216 0.31559 ( 2)
  49 R   0.66711 0.03820 0.27477 0.01992 ( 1)
  50 L   0.61744 0.08535 0.25845 0.03875 ( 1)
  51 G   0.00042 0.63650 0.00017 0.36291 ( 2)
  52 D   0.65622 0.04813 0.27152 0.02413 ( 1)
  53 G   0.67586 0.03048 0.27715 0.01651 ( 1)
  54 L   0.11763 0.57174 0.04920 0.26143 ( 2)
  55 D   0.18237 0.49436 0.07546 0.24781 ( 2)
  56 P   0.63860 0.06475 0.26579 0.03086 ( 1)
  57 D   0.66544 0.03971 0.27428 0.02057 ( 1)
  58 S   0.67016 0.03549 0.27561 0.01875 ( 1)
  59 M   0.15190 0.52714 0.06303 0.25793 ( 2)
  60 S   0.63778 0.06553 0.26571 0.03098 ( 1)
  61 L   0.67202 0.03384 0.27612 0.01803 ( 1)
  62 A   0.66410 0.04091 0.27390 0.02109 ( 1)
  63 S   0.67006 0.03561 0.27544 0.01889 ( 1)
  64 V   0.68204 0.02520 0.27868 0.01408 ( 1)
  65 T   0.66630 0.03893 0.27454 0.02023 ( 1)
  66 A   0.66410 0.04091 0.27390 0.02109 ( 1)
  67 L   0.67476 0.03143 0.27688 0.01693 ( 1)
  68 T   0.68605 0.02188 0.27957 0.01251 ( 1)
  69 T   0.68605 0.02188 0.27957 0.01251 ( 1)
  70 N   0.68528 0.02251 0.27942 0.01280 ( 1)
  71 V   0.28415 0.38675 0.11703 0.21207 ( 2)
  72 S   0.66969 0.03589 0.27550 0.01891 ( 1)
  73 N   0.68518 0.02260 0.27938 0.01285 ( 1)
  74 K   0.65163 0.05241 0.27006 0.02591 ( 1)
  75 R   0.64552 0.05808 0.26901 0.02739 ( 1)
  76 S   0.66571 0.03916 0.27559 0.01955 ( 1)
  77 K   0.64781 0.05590 0.26980 0.02649 ( 1)
  78 P   0.64901 0.05476 0.27021 0.02603 ( 1)
  79 D   0.66130 0.04320 0.27431 0.02119 ( 1)
  80 I   0.63796 0.06535 0.26636 0.03033 ( 1)
  81 K   0.64781 0.05590 0.26980 0.02649 ( 1)
  82 M   0.67771 0.02830 0.27931 0.01468 ( 1)
  83 E   0.65742 0.04681 0.27304 0.02272 ( 1)
  84 P   0.64901 0.05476 0.27021 0.02603 ( 1)
  85 S   0.22219 0.32999 0.42550 0.02232 ( 3)
  86 A   0.66673 0.03819 0.27604 0.01904 ( 1)
  87 G   0.67090 0.03429 0.27766 0.01716 ( 1)
  88 R   0.66243 0.04209 0.27492 0.02056 ( 1)
  89 P   0.65791 0.04631 0.27343 0.02235 ( 1)
  90 M   0.67718 0.02866 0.27947 0.01469 ( 1)
  91 D   0.00653 0.67152 0.00272 0.31923 ( 2)
  92 Y   0.18035 0.50412 0.07506 0.24047 ( 2)
  93 Q   0.20217 0.48045 0.08396 0.23342 ( 2)
  94 V   0.68348 0.02390 0.27927 0.01335 ( 1)
  95 S   0.69448 0.01508 0.28137 0.00906 ( 1)
  96 V   0.00942 0.65182 0.00389 0.33487 ( 2)
  97 T   0.67290 0.03300 0.27659 0.01751 ( 1)
  98 V   0.64974 0.05416 0.26960 0.02650 ( 1)
  99 I   0.66462 0.04040 0.27423 0.02075 ( 1)
 100 E   0.66310 0.04178 0.27378 0.02133 ( 1)
 101 A   0.66778 0.03758 0.27506 0.01958 ( 1)
 102 R   0.66869 0.03673 0.27542 0.01915 ( 1)
 103 Q   0.66656 0.03864 0.27481 0.01999 ( 1)
 104 L   0.61854 0.08429 0.25891 0.03827 ( 1)
 105 V   0.64981 0.05409 0.26963 0.02647 ( 1)
 106 G   0.67253 0.03332 0.27649 0.01765 ( 1)
 107 L   0.67912 0.02758 0.27824 0.01506 ( 1)
 108 N   0.68661 0.02133 0.27992 0.01214 ( 1)
 109 M   0.18923 0.49167 0.07852 0.24057 ( 2)
 110 D   0.66706 0.03821 0.27494 0.01979 ( 1)
 111 P   0.66407 0.04090 0.27407 0.02096 ( 1)
 112 V   0.64974 0.05416 0.26960 0.02650 ( 1)
 113 V   0.65667 0.04757 0.27248 0.02328 ( 1)
 114 C   0.69671 0.01342 0.28165 0.00822 ( 1)
 115 V   0.64974 0.05416 0.26960 0.02650 ( 1)
 116 E   0.66310 0.04178 0.27378 0.02133 ( 1)
 117 V   0.64974 0.05416 0.26960 0.02650 ( 1)
 118 G   0.67253 0.03332 0.27649 0.01765 ( 1)
 119 D   0.66673 0.03850 0.27483 0.01993 ( 1)
 120 D   0.66706 0.03821 0.27494 0.01979 ( 1)
 121 K   0.65319 0.05093 0.27071 0.02517 ( 1)
 122 K   0.65322 0.05090 0.27072 0.02516 ( 1)
 123 F   0.00729 0.65817 0.00301 0.33153 ( 2)
 124 T   0.68647 0.02133 0.28015 0.01204 ( 1)
 125 S   0.67126 0.03444 0.27615 0.01815 ( 1)
 126 M   0.68355 0.02384 0.27928 0.01332 ( 1)
 127 K   0.65319 0.05093 0.27071 0.02517 ( 1)
 128 E   0.66310 0.04178 0.27378 0.02133 ( 1)
 129 S   0.67126 0.03444 0.27615 0.01815 ( 1)
 130 T   0.67925 0.02748 0.27826 0.01501 ( 1)
 131 N   0.68656 0.02136 0.27994 0.01214 ( 1)
 132 C   0.69680 0.01334 0.28169 0.00817 ( 1)
 133 P   0.66407 0.04090 0.27407 0.02096 ( 1)
 134 Y   0.65914 0.04541 0.27258 0.02287 ( 1)
 135 Y   0.65914 0.04541 0.27258 0.02287 ( 1)
 136 N   0.68660 0.02132 0.27996 0.01212 ( 1)
 137 E   0.66288 0.04199 0.27369 0.02144 ( 1)
 138 Y   0.63575 0.06747 0.26421 0.03258 ( 1)
 139 F   0.63843 0.06491 0.26528 0.03137 ( 1)
 140 V   0.65905 0.04569 0.27140 0.02387 ( 1)
 141 F   0.15322 0.51826 0.26677 0.06175 ( 2)
 142 D   0.64280 0.06076 0.26647 0.02997 ( 1)
 143 F   0.63941 0.06397 0.26539 0.03123 ( 1)
 144 H   0.68834 0.02065 0.27841 0.01259 ( 1)
 145 V   0.65804 0.04654 0.27154 0.02388 ( 1)
 146 S   0.15762 0.53092 0.06582 0.24564 ( 2)
 147 P   0.62013 0.08264 0.25898 0.03826 ( 1)
 148 D   0.15297 0.52479 0.06341 0.25883 ( 2)
 149 V   0.65905 0.04569 0.27140 0.02387 ( 1)
 150 M   0.65912 0.04563 0.27141 0.02384 ( 1)
 151 F   0.63941 0.06397 0.26539 0.03123 ( 1)
 152 D   0.64280 0.06076 0.26647 0.02997 ( 1)
 153 K   0.63069 0.07234 0.26254 0.03443 ( 1)
 154 I   0.64076 0.06269 0.26582 0.03073 ( 1)
 155 I   0.64076 0.06269 0.26582 0.03073 ( 1)
 156 K   0.63069 0.07234 0.26254 0.03443 ( 1)
 157 I   0.64076 0.06269 0.26582 0.03073 ( 1)
 158 S   0.65777 0.04685 0.27103 0.02435 ( 1)
 159 V   0.63441 0.06880 0.26567 0.03112 ( 1)
 160 I   0.62873 0.07437 0.26356 0.03334 ( 1)
 161 H   0.68109 0.02476 0.28168 0.01246 ( 1)
 162 S   0.65407 0.04981 0.27280 0.02332 ( 1)
 163 K   0.15422 0.53719 0.06455 0.24404 ( 2)
 164 N   0.66940 0.03540 0.27803 0.01717 ( 1)
 165 L   0.60850 0.09441 0.25586 0.04124 ( 1)
 166 L   0.60850 0.09441 0.25586 0.04124 ( 1)
 167 R   0.65770 0.04638 0.27401 0.02192 ( 1)
 168 S   0.66512 0.03940 0.27650 0.01897 ( 1)
 169 G   0.65365 0.05024 0.27254 0.02358 ( 1)
 170 T   0.66851 0.03627 0.27758 0.01764 ( 1)
 171 L   0.60758 0.09532 0.25547 0.04163 ( 1)
 172 V   0.63297 0.07021 0.26506 0.03176 ( 1)
 173 G   0.65397 0.04992 0.27267 0.02343 ( 1)
 174 S   0.65243 0.05139 0.27211 0.02406 ( 1)
 175 F   0.64499 0.05854 0.26946 0.02702 ( 1)
 176 K   0.64927 0.05443 0.27092 0.02538 ( 1)
 177 M   0.66462 0.03988 0.27631 0.01919 ( 1)
 178 D   0.64846 0.05520 0.27070 0.02564 ( 1)
 179 V   0.63297 0.07021 0.26506 0.03176 ( 1)
 180 G   0.65846 0.04566 0.27422 0.02166 ( 1)
 181 T   0.66868 0.03610 0.27765 0.01756 ( 1)
 182 V   0.63297 0.07021 0.26506 0.03176 ( 1)
 183 Y   0.64122 0.06218 0.26809 0.02851 ( 1)
 184 S   0.65327 0.05058 0.27247 0.02368 ( 1)
 185 Q   0.64822 0.05542 0.27063 0.02573 ( 1)
 186 P   0.67251 0.03258 0.27888 0.01603 ( 1)
 187 E   0.63568 0.06757 0.26558 0.03117 ( 1)
 188 H   0.68861 0.01873 0.28259 0.01008 ( 1)
 189 Q   0.65739 0.04678 0.27332 0.02251 ( 1)
 190 F   0.65437 0.04963 0.27230 0.02370 ( 1)
 191 H   0.68872 0.01862 0.28264 0.01002 ( 1)
 192 H   0.68881 0.01854 0.28267 0.00998 ( 1)
 193 K   0.64474 0.05881 0.26896 0.02748 ( 1)
 194 W   0.64395 0.05956 0.26873 0.02775 ( 1)
 195 A   0.66448 0.04019 0.27558 0.01975 ( 1)
 196 I   0.65753 0.04666 0.27334 0.02247 ( 1)
 197 L   0.61370 0.08916 0.25761 0.03953 ( 1)
 198 S   0.24879 0.43393 0.10314 0.21414 ( 2)
 199 D   0.19590 0.48693 0.08138 0.23578 ( 2)
 200 P   0.65625 0.04787 0.27287 0.02301 ( 1)
 201 D   0.20489 0.47836 0.08512 0.23163 ( 2)
 202 D   0.65963 0.04469 0.27404 0.02164 ( 1)
 203 I   0.65744 0.04675 0.27331 0.02251 ( 1)
 204 S   0.21189 0.47000 0.08792 0.23019 ( 2)
 205 A   0.69218 0.01592 0.28307 0.00883 ( 1)
 206 G   0.67256 0.03313 0.27705 0.01726 ( 1)
 207 L   0.61524 0.08758 0.25787 0.03932 ( 1)
 208 K   0.00612 0.66878 0.00254 0.32256 ( 2)
 209 G   0.66858 0.03667 0.27600 0.01875 ( 1)
 210 Y   0.18311 0.49725 0.07597 0.24367 ( 2)
 211 V   0.10753 0.57350 0.04474 0.27423 ( 2)
 212 K   0.64968 0.05417 0.27003 0.02613 ( 1)
 213 C   0.68675 0.02087 0.28078 0.01160 ( 1)
 214 D   0.66068 0.04394 0.27333 0.02205 ( 1)
 215 V   0.00035 0.89616 0.00060 0.10289 ( 2)
 216 A   0.66707 0.03808 0.27539 0.01946 ( 1)
 217 V   0.64488 0.05874 0.26830 0.02809 ( 1)
 218 M   0.16745 0.51610 0.06967 0.24678 ( 2)
 219 G   0.66723 0.03793 0.27544 0.01939 ( 1)
 220 K   0.64822 0.05556 0.26942 0.02680 ( 1)
 221 G   0.67212 0.03354 0.27686 0.01748 ( 1)
 222 D   0.66182 0.04287 0.27380 0.02151 ( 1)
 223 N   0.68080 0.02600 0.27909 0.01411 ( 1)
 224 I   0.65959 0.04492 0.27311 0.02238 ( 1)
 225 K   0.64822 0.05556 0.26942 0.02680 ( 1)
 226 T   0.00025 0.68672 0.00011 0.31292 ( 2)
 227 P   0.65886 0.04559 0.27288 0.02266 ( 1)
 228 H   0.69268 0.01615 0.28179 0.00937 ( 1)
 229 K   0.64822 0.05556 0.26942 0.02680 ( 1)
 230 A   0.66729 0.03788 0.27547 0.01937 ( 1)
 231 N   0.68161 0.02525 0.27943 0.01371 ( 1)
 232 E   0.65791 0.04647 0.27258 0.02303 ( 1)
 233 T   0.66749 0.03770 0.27551 0.01931 ( 1)
 234 D   0.00941 0.87398 0.01646 0.10015 ( 2)
 235 E   0.65791 0.04647 0.27258 0.02303 ( 1)
 236 D   0.00687 0.66377 0.00285 0.32651 ( 2)
 237 D   0.66182 0.04287 0.27380 0.02151 ( 1)
 238 I   0.63829 0.06504 0.26606 0.03061 ( 1)
 239 E   0.65791 0.04647 0.27258 0.02303 ( 1)
 240 G   0.66612 0.03871 0.27597 0.01920 ( 1)
 241 N   0.68071 0.02593 0.27946 0.01390 ( 1)
 242 L   0.67395 0.03180 0.27775 0.01651 ( 1)
 243 L   0.61564 0.08720 0.25813 0.03903 ( 1)
 244 L   0.67110 0.03435 0.27692 0.01763 ( 1)
 245 P   0.65794 0.04641 0.27278 0.02287 ( 1)
 246 E   0.00693 0.66380 0.00287 0.32641 ( 2)
 247 G   0.67141 0.03407 0.27701 0.01751 ( 1)
 248 V   0.64500 0.05860 0.26855 0.02785 ( 1)
 249 P   0.65875 0.04564 0.27310 0.02251 ( 1)
 250 P   0.00812 0.65545 0.00335 0.33308 ( 2)
 251 E   0.65841 0.04596 0.27300 0.02262 ( 1)
 252 R   0.67070 0.03471 0.27680 0.01779 ( 1)
 253 Q   0.66142 0.04317 0.27397 0.02145 ( 1)
 254 W   0.64676 0.05692 0.26915 0.02717 ( 1)
 255 A   0.66735 0.03773 0.27580 0.01911 ( 1)
 256 R   0.66353 0.04123 0.27463 0.02062 ( 1)
 257 F   0.65820 0.04615 0.27294 0.02271 ( 1)
 258 Y   0.65354 0.05052 0.27141 0.02454 ( 1)
 259 V   0.64500 0.05860 0.26855 0.02785 ( 1)
 260 K   0.64834 0.05542 0.26968 0.02656 ( 1)
 261 I   0.15409 0.51580 0.29589 0.03422 ( 2)
 262 Y   0.65413 0.04996 0.27161 0.02430 ( 1)
 263 R   0.68626 0.01903 0.28565 0.00907 ( 1)
 264 A   0.68006 0.02644 0.27942 0.01408 ( 1)
 265 E   0.65801 0.04633 0.27287 0.02278 ( 1)
 266 G   0.67120 0.03429 0.27682 0.01768 ( 1)
 267 L   0.61535 0.08749 0.25801 0.03916 ( 1)
 268 P   0.65919 0.04522 0.27328 0.02230 ( 1)
 269 R   0.23616 0.44057 0.09746 0.22581 ( 2)
 270 M   0.67842 0.02787 0.27898 0.01473 ( 1)
 271 N   0.68148 0.02522 0.27978 0.01352 ( 1)
 272 T   0.66367 0.04111 0.27462 0.02060 ( 1)
 273 S   0.33840 0.33545 0.13822 0.18793 ( 1)
 274 L   0.67047 0.03494 0.27665 0.01794 ( 1)
 275 M   0.67842 0.02787 0.27898 0.01473 ( 1)
 276 A   0.66735 0.03773 0.27580 0.01911 ( 1)
 277 N   0.68148 0.02522 0.27978 0.01352 ( 1)
 278 M   0.67842 0.02787 0.27898 0.01473 ( 1)
 279 K   0.64834 0.05542 0.26968 0.02656 ( 1)
 280 K   0.64876 0.05507 0.26963 0.02655 ( 1)
 281 A   0.66244 0.04219 0.27447 0.02090 ( 1)
 282 F   0.65820 0.04615 0.27294 0.02271 ( 1)
 283 I   0.64507 0.05856 0.26825 0.02812 ( 1)
 284 G   0.69042 0.01775 0.28184 0.00999 ( 1)
 285 E   0.65801 0.04633 0.27287 0.02278 ( 1)
 286 N   0.29014 0.38457 0.11911 0.20618 ( 2)
 287 K   0.64834 0.05542 0.26968 0.02656 ( 1)
 288 D   0.66191 0.04272 0.27411 0.02125 ( 1)
 289 L   0.61535 0.08749 0.25801 0.03916 ( 1)
 290 V   0.01294 0.64033 0.00532 0.34141 ( 2)
 291 D   0.66057 0.04399 0.27356 0.02188 ( 1)
 292 P   0.65763 0.04671 0.27263 0.02304 ( 1)
 293 Y   0.65280 0.05123 0.27106 0.02492 ( 1)
 294 V   0.64373 0.05982 0.26802 0.02843 ( 1)
 295 Q   0.67823 0.02813 0.27865 0.01499 ( 1)
 296 V   0.67636 0.02977 0.27814 0.01573 ( 1)
 297 F   0.65522 0.04890 0.27218 0.02370 ( 1)
 298 F   0.63174 0.07139 0.26399 0.03288 ( 1)
 299 A   0.66285 0.04183 0.27452 0.02081 ( 1)
 300 G   0.66307 0.04163 0.27461 0.02070 ( 1)
 301 Q   0.65718 0.04708 0.27272 0.02302 ( 1)
 302 K   0.64434 0.05923 0.26841 0.02802 ( 1)
 303 G   0.67053 0.03517 0.27567 0.01863 ( 1)
 304 K   0.65250 0.05158 0.27043 0.02549 ( 1)
 305 T   0.67838 0.02828 0.27788 0.01546 ( 1)
 306 S   0.64189 0.06157 0.26743 0.02911 ( 1)
 307 V   0.64922 0.05465 0.26939 0.02674 ( 1)
 308 Q   0.66587 0.03929 0.27452 0.02032 ( 1)
 309 K   0.66764 0.03772 0.27494 0.01970 ( 1)
 310 S   0.69396 0.01554 0.28116 0.00933 ( 1)
 311 S   0.69396 0.01554 0.28116 0.00933 ( 1)
 312 Y   0.65671 0.04766 0.27175 0.02387 ( 1)
 313 E   0.66240 0.04244 0.27349 0.02167 ( 1)
 314 P   0.65825 0.04616 0.27269 0.02290 ( 1)
 315 L   0.61806 0.08475 0.25871 0.03848 ( 1)
 316 W   0.65088 0.05309 0.26991 0.02612 ( 1)
 317 N   0.69281 0.01643 0.28097 0.00979 ( 1)
 318 E   0.66240 0.04244 0.27349 0.02167 ( 1)
 319 Q   0.66600 0.03919 0.27449 0.02032 ( 1)
 320 V   0.65301 0.05105 0.27096 0.02498 ( 1)
 321 V   0.28702 0.38221 0.11727 0.21350 ( 2)
 322 F   0.63900 0.06436 0.26599 0.03065 ( 1)
 323 T   0.66710 0.03818 0.27488 0.01984 ( 1)
 324 D   0.66636 0.03885 0.27466 0.02013 ( 1)
 325 L   0.61806 0.08475 0.25871 0.03848 ( 1)
 326 F   0.66173 0.04307 0.27320 0.02201 ( 1)
 327 P   0.66271 0.04217 0.27351 0.02161 ( 1)
 328 P   0.68899 0.01957 0.27999 0.01146 ( 1)
 329 L   0.67563 0.03064 0.27723 0.01650 ( 1)
 330 C   0.69631 0.01377 0.28149 0.00843 ( 1)
 331 K   0.65250 0.05158 0.27043 0.02549 ( 1)
 332 R   0.67523 0.03099 0.27712 0.01666 ( 1)
 333 M   0.29031 0.37921 0.11861 0.21187 ( 2)
 334 K   0.65617 0.04810 0.27195 0.02378 ( 1)
 335 V   0.65795 0.04651 0.27215 0.02338 ( 1)
 336 Q   0.66587 0.03929 0.27452 0.02032 ( 1)
 337 I   0.66411 0.04089 0.27400 0.02101 ( 1)
 338 R   0.66785 0.03751 0.27507 0.01956 ( 1)
 339 D   0.66636 0.03885 0.27466 0.02013 ( 1)
 340 S   0.63606 0.06719 0.26499 0.03176 ( 1)
 341 D   0.66636 0.03885 0.27466 0.02013 ( 1)
 342 K   0.65250 0.05158 0.27043 0.02549 ( 1)
 343 V   0.68265 0.02465 0.27893 0.01377 ( 1)
 344 N   0.68596 0.02190 0.27969 0.01245 ( 1)
 345 D   0.66633 0.03888 0.27466 0.02013 ( 1)
 346 V   0.16370 0.48946 0.31538 0.03145 ( 2)
 347 A   0.23814 0.43404 0.09791 0.22991 ( 2)
 348 I   0.66399 0.04100 0.27395 0.02106 ( 1)
 349 G   0.67180 0.03401 0.27619 0.01801 ( 1)
 350 T   0.68678 0.02123 0.27986 0.01214 ( 1)
 351 H   0.69678 0.01343 0.28153 0.00826 ( 1)
 352 F   0.66254 0.04231 0.27353 0.02162 ( 1)
 353 I   0.64309 0.06046 0.26722 0.02923 ( 1)
 354 D   0.66631 0.03891 0.27463 0.02015 ( 1)
 355 L   0.11732 0.57327 0.04911 0.26030 ( 2)
 356 R   0.67548 0.03076 0.27722 0.01654 ( 1)
 357 K   0.65245 0.05163 0.27040 0.02552 ( 1)
 358 I   0.16858 0.50300 0.06954 0.25888 ( 2)
 359 S   0.67050 0.03514 0.27584 0.01852 ( 1)
 360 N   0.68594 0.02192 0.27966 0.01248 ( 1)
 361 D   0.21204 0.46244 0.08746 0.23805 ( 2)
 362 G   0.67064 0.03498 0.27602 0.01836 ( 1)
 363 D   0.66568 0.03944 0.27458 0.02030 ( 1)
 364 K   0.66773 0.03758 0.27518 0.01950 ( 1)
 365 G   0.66936 0.03611 0.27572 0.01881 ( 1)
 366 F   0.66165 0.04309 0.27342 0.02184 ( 1)
 367 L   0.61829 0.08454 0.25890 0.03827 ( 1)
 368 P   0.66242 0.04239 0.27365 0.02154 ( 1)
 369 T   0.67145 0.03428 0.27617 0.01809 ( 1)
 370 L   0.61756 0.08525 0.25855 0.03864 ( 1)
 371 G   0.67107 0.03462 0.27607 0.01823 ( 1)
 372 P   0.66260 0.04224 0.27362 0.02154 ( 1)
 373 A   0.01096 0.64486 0.00451 0.33968 ( 2)
 374 W   0.65015 0.05377 0.26973 0.02635 ( 1)
 375 V   0.64834 0.05548 0.26913 0.02705 ( 1)
 376 N   0.68522 0.02247 0.27963 0.01268 ( 1)
 377 M   0.68217 0.02501 0.27894 0.01388 ( 1)
 378 Y   0.65597 0.04834 0.27158 0.02411 ( 1)
 379 G   0.67107 0.03462 0.27607 0.01823 ( 1)
 380 S   0.66980 0.03575 0.27572 0.01873 ( 1)
 381 T   0.66758 0.03776 0.27498 0.01967 ( 1)
 382 R   0.67444 0.03165 0.27699 0.01691 ( 1)
 383 N   0.68522 0.02247 0.27963 0.01268 ( 1)
 384 Y   0.65768 0.04676 0.27211 0.02345 ( 1)
 385 T   0.67151 0.03423 0.27620 0.01806 ( 1)
 386 L   0.61756 0.08525 0.25855 0.03864 ( 1)
 387 L   0.62016 0.08271 0.25964 0.03749 ( 1)
 388 D   0.66524 0.03986 0.27436 0.02054 ( 1)
 389 E   0.66164 0.04313 0.27332 0.02192 ( 1)
 390 H   0.69614 0.01384 0.28158 0.00844 ( 1)
 391 Q   0.66509 0.03997 0.27436 0.02057 ( 1)
 392 D   0.21420 0.46024 0.08834 0.23722 ( 2)
 393 L   0.61756 0.08525 0.25855 0.03864 ( 1)
 394 N   0.68846 0.02016 0.27948 0.01190 ( 1)
 395 E   0.01075 0.90903 0.02065 0.05958 ( 2)
 396 G   0.67127 0.03444 0.27615 0.01814 ( 1)
 397 L   0.61769 0.08512 0.25861 0.03858 ( 1)
 398 G   0.67559 0.03067 0.27724 0.01651 ( 1)
 399 E   0.66118 0.04355 0.27313 0.02213 ( 1)
 400 G   0.67054 0.03510 0.27592 0.01844 ( 1)
 401 V   0.64739 0.05638 0.26878 0.02745 ( 1)
 402 S   0.68278 0.02443 0.27924 0.01354 ( 1)
 403 F   0.66083 0.04386 0.27303 0.02227 ( 1)
 404 R   0.67327 0.03267 0.27672 0.01734 ( 1)
 405 A   0.66992 0.03563 0.27580 0.01865 ( 1)
 406 R   0.67217 0.03368 0.27628 0.01788 ( 1)
 407 L   0.67257 0.03332 0.27639 0.01772 ( 1)
 408 M   0.67998 0.02691 0.27830 0.01481 ( 1)
 409 L   0.61604 0.08674 0.25798 0.03923 ( 1)
 410 G   0.66877 0.03670 0.27533 0.01921 ( 1)
 411 L   0.61604 0.08674 0.25798 0.03923 ( 1)
 412 A   0.69546 0.01470 0.28071 0.00912 ( 1)
 413 V   0.15414 0.51580 0.29781 0.03225 ( 2)
 414 E   0.65702 0.04743 0.27158 0.02397 ( 1)
 415 I   0.65871 0.04587 0.27210 0.02332 ( 1)
 416 L   0.61424 0.08852 0.25728 0.03997 ( 1)
 417 D   0.66043 0.04428 0.27271 0.02258 ( 1)
 418 T   0.23880 0.43186 0.09805 0.23128 ( 2)
 419 S   0.66465 0.04043 0.27397 0.02094 ( 1)
 420 N   0.27461 0.39412 0.11227 0.21900 ( 2)
 421 P   0.63424 0.06894 0.26426 0.03255 ( 1)
 422 E   0.65650 0.04789 0.27152 0.02409 ( 1)
 423 L   0.66965 0.03594 0.27545 0.01896 ( 1)
 424 T   0.68122 0.02591 0.27844 0.01443 ( 1)
 425 S   0.68869 0.01977 0.28001 0.01152 ( 1)
 426 S   0.66442 0.04063 0.27394 0.02100 ( 1)
 427 T   0.66543 0.03975 0.27414 0.02068 ( 1)
 428 E   0.00683 0.65936 0.00283 0.33098 ( 2)
 429 V   0.64114 0.06232 0.26643 0.03011 ( 1)
 430 Q   0.65741 0.04707 0.27159 0.02392 ( 1)
 431 V   0.64108 0.06238 0.26640 0.03014 ( 1)
 432 E   0.65429 0.04996 0.27061 0.02513 ( 1)
 433 Q   0.00872 0.62970 0.00356 0.35803 ( 2)
 434 A   0.66297 0.04198 0.27337 0.02168 ( 1)
 435 T   0.19009 0.48511 0.07854 0.24627 ( 2)
 436 P   0.65250 0.05151 0.27093 0.02506 ( 1)
 437 V   0.67168 0.03391 0.27684 0.01757 ( 1)
 438 S   0.65723 0.04712 0.27225 0.02340 ( 1)
 439 E   0.64892 0.05492 0.26952 0.02665 ( 1)
 440 S   0.68606 0.02095 0.28181 0.01118 ( 1)
 441 C   0.68887 0.01855 0.28255 0.01003 ( 1)
 442 V   0.64227 0.06119 0.26805 0.02849 ( 1)
 443 G   0.66903 0.03600 0.27703 0.01794 ( 1)
 444 K   0.66064 0.04375 0.27433 0.02128 ( 1)
 445 M   0.67517 0.03045 0.27889 0.01549 ( 1)
 446 E   0.65534 0.04874 0.27256 0.02337 ( 1)
 447 E   0.65534 0.04874 0.27256 0.02337 ( 1)
 448 F   0.65511 0.04894 0.27249 0.02346 ( 1)
 449 F   0.63274 0.07042 0.26463 0.03221 ( 1)
 450 L   0.66541 0.03932 0.27589 0.01938 ( 1)
 451 F   0.63274 0.07042 0.26463 0.03221 ( 1)
 452 G   0.66362 0.04098 0.27531 0.02009 ( 1)
 453 A   0.66415 0.04050 0.27548 0.01988 ( 1)
 454 L   0.66140 0.04289 0.27523 0.02048 ( 1)
 455 L   0.61350 0.08937 0.25753 0.03960 ( 1)
 456 E   0.65492 0.04913 0.27242 0.02353 ( 1)
 457 A   0.66415 0.04050 0.27548 0.01988 ( 1)
 458 S   0.63001 0.07309 0.26364 0.03327 ( 1)
 459 M   0.67517 0.03045 0.27889 0.01549 ( 1)
 460 I   0.65618 0.04795 0.27282 0.02306 ( 1)
 461 D   0.65856 0.04570 0.27363 0.02210 ( 1)
 462 R   0.66036 0.04402 0.27424 0.02138 ( 1)
 463 K   0.66076 0.04364 0.27438 0.02122 ( 1)
 464 N   0.68351 0.02322 0.28095 0.01232 ( 1)
 465 G   0.66362 0.04098 0.27531 0.02009 ( 1)
 466 D   0.65876 0.04552 0.27371 0.02202 ( 1)
 467 K   0.64543 0.05815 0.26915 0.02726 ( 1)
 468 P   0.65586 0.04824 0.27274 0.02316 ( 1)
 469 I   0.65657 0.04757 0.27298 0.02288 ( 1)
 470 T   0.26370 0.41383 0.10874 0.21373 ( 2)
 471 F   0.63274 0.07042 0.26463 0.03221 ( 1)
 472 E   0.65492 0.04913 0.27242 0.02353 ( 1)
 473 V   0.67511 0.03051 0.27888 0.01551 ( 1)
 474 T   0.67234 0.03305 0.27788 0.01673 ( 1)
 475 I   0.70477 0.00645 0.28483 0.00396 ( 1)
 476 G   0.66359 0.04103 0.27524 0.02014 ( 1)
 477 N   0.68615 0.02173 0.27977 0.01235 ( 1)
 478 Y   0.65693 0.04746 0.27184 0.02377 ( 1)
 479 G   0.67700 0.02944 0.27762 0.01594 ( 1)
 480 N   0.68650 0.02141 0.27991 0.01218 ( 1)
 481 E   0.66306 0.04184 0.27371 0.02139 ( 1)
 482 V   0.68528 0.02295 0.27825 0.01353 ( 1)
 483 D   0.65721 0.04720 0.27193 0.02366 ( 1)
 484 G   0.67299 0.03290 0.27668 0.01743 ( 1)
 485 L   0.61820 0.08461 0.25877 0.03842 ( 1)
 486 S   0.68726 0.02081 0.28001 0.01192 ( 1)
 487 R   0.65830 0.04638 0.27114 0.02418 ( 1)
 488 P   0.66359 0.04135 0.27388 0.02119 ( 1)
 489 Q   0.21790 0.45628 0.08984 0.23599 ( 2)
 490 R   0.66869 0.03673 0.27542 0.01915 ( 1)
 491 P   0.15193 0.53151 0.06323 0.25333 ( 2)
 492 R   0.19301 0.40963 0.36988 0.02748 ( 2)
 493 P   0.64004 0.06337 0.26639 0.03020 ( 1)
 494 R   0.22536 0.44816 0.09282 0.23367 ( 2)
 495 P   0.64004 0.06337 0.26639 0.03020 ( 1)
