Supplemental results for CODEML (seqf: /home/leticiamagpali/phd/evol_models/codeml/small_dataset/cml_align/CALML6_codon_aligned.phy  treef: /home/leticiamagpali/phd/evol_models/codeml/small_dataset/cml_trees/gene_trees/H1b_gene_trees/CALML6_tree_H1b.tre)

I	J	ij	2Ns_IJ	pMut_IJ	pSub_IJ	2Ns_JI	pMut_JI	pSub_JI

TTC	TTT	CT	0.19415	0.10800	0.11882	-0.19415	0.13114	0.11882
TTA	TTT	AT	10.56887	0.00000	0.00000	-10.56887	0.02629	0.00001
TTA	TTC	AC	10.37472	0.00000	0.00000	-10.37472	0.09814	0.00003
TTG	TTT	GT	2.40695	0.00077	0.00203	-2.40695	0.00850	0.00203
TTG	TTC	GC	2.21281	0.00347	0.00862	-2.21281	0.03173	0.00862
TTG	TTA	GA	-8.16192	0.01766	0.00004	8.16192	0.00000	0.00000
TCT	TTT	CT	1.30173	0.03568	0.06380	-1.30173	0.13114	0.06380
TCC	TTC	CT	1.59522	0.09932	0.19876	-1.59522	0.48960	0.19876
TCC	TCT	CT	0.48764	0.09932	0.12550	-0.48764	0.16174	0.12550
TCA	TTA	CT	-4.13501	0.00096	0.00006	4.13501	0.00000	0.00000
TCA	TCT	AT	5.13213	0.00019	0.00099	-5.13213	0.03242	0.00099
TCA	TCC	AC	4.64449	0.00087	0.00407	-4.64449	0.09025	0.00407
TCG	TTG	CT	2.89775	0.00096	0.00296	-2.89775	0.01749	0.00296
TCG	TCT	GT	4.00297	0.00019	0.00078	-4.00297	0.01048	0.00078
TCG	TCC	GC	3.51533	0.00087	0.00314	-3.51533	0.02918	0.00314
TCG	TCA	GA	-1.12916	0.00441	0.00238	1.12916	0.00143	0.00238
TAT	TTT	AT	10.56887	0.00000	0.00000	-10.56887	0.02629	0.00001
TAT	TCT	AC	9.26714	0.00000	0.00000	-9.26714	0.03242	0.00003
TAC	TTC	AT	1.84527	0.01550	0.03398	-1.84527	0.09814	0.03398
TAC	TCC	AC	0.25004	0.07028	0.07944	-0.25004	0.09025	0.07944
TAC	TAT	CT	-8.52946	0.07811	0.00013	8.52946	0.00000	0.00000
TGT	TTT	GT	1.22830	0.00249	0.00432	-1.22830	0.00850	0.00432
TGT	TCT	GC	-0.07343	0.01128	0.01087	0.07343	0.01048	0.01087
TGT	TAT	GA	-9.34057	0.05739	0.00005	9.34057	0.00000	0.00000
TGC	TTC	GT	1.47296	0.00727	0.01390	-1.47296	0.03173	0.01390
TGC	TCC	GC	-0.12226	0.03297	0.03100	0.12226	0.02918	0.03100
TGC	TAC	GA	-0.37230	0.16774	0.13845	0.37230	0.11560	0.13845
TGC	TGT	CT	0.43881	0.03664	0.04527	-0.43881	0.05683	0.04527
TGG	TTG	GT	-2.51211	0.01397	0.00310	2.51211	0.00113	0.00310
TGG	TCG	GC	-5.40986	0.06334	0.00154	5.40986	0.00028	0.00154
TGG	TGT	GT	-1.33346	0.01397	0.00667	1.33346	0.00368	0.00667
TGG	TGC	GC	-1.77227	0.06334	0.02298	1.77227	0.01076	0.02298
CTT	TTT	CT	10.55911	0.00000	0.00000	-10.55911	0.13114	0.00004
CTC	TTC	CT	1.45927	0.11379	0.21632	-1.45927	0.48960	0.21632
CTC	CTT	CT	-8.90569	0.11379	0.00014	8.90569	0.00000	0.00000
CTA	TTA	CT	-4.82815	0.00193	0.00008	4.82815	0.00000	0.00000
CTA	CTT	AT	-4.81839	0.00038	0.00002	4.81839	0.00000	0.00000
CTA	CTC	AC	4.08730	0.00174	0.00721	-4.08730	0.10339	0.00721
CTG	TTG	CT	-2.45884	0.20443	0.04702	2.45884	0.01749	0.04702
CTG	CTT	GT	-10.61099	0.04058	0.00001	10.61099	0.00000	0.00000
CTG	CTC	GC	-1.70530	0.18395	0.06966	1.70530	0.03343	0.06966
CTG	CTA	GA	-5.79260	0.93583	0.01658	5.79260	0.00285	0.01658
CCT	TCT	CT	0.49740	0.09836	0.12484	-0.49740	0.16174	0.12484
CCT	CTT	CT	-8.75998	0.09836	0.00014	8.75998	0.00000	0.00000
CCC	TCC	CT	1.37550	0.11379	0.20944	-1.37550	0.45025	0.20944
CCC	CTC	CT	1.51145	0.11379	0.22066	-1.51145	0.51582	0.22066
CCC	CCT	CT	1.36574	0.11379	0.20865	-1.36574	0.44588	0.20865
CCA	TCA	CT	-2.01491	0.03279	0.01016	2.01491	0.00437	0.01016
CCA	CTA	CT	-1.32176	0.03279	0.01576	1.32176	0.00874	0.01576
CCA	CCT	AT	2.61983	0.00651	0.01839	-2.61983	0.08937	0.01839
CCA	CCC	AC	1.25409	0.02950	0.05177	-1.25409	0.10339	0.05177
CCG	TCG	CT	-1.19660	0.01446	0.00750	1.19660	0.00437	0.00750
CCG	CTG	CT	4.15999	0.01446	0.06113	-4.15999	0.92673	0.06113
CCG	CCT	GT	2.30897	0.00287	0.00736	-2.30897	0.02890	0.00736
CCG	CCC	GC	0.94324	0.01302	0.02011	-0.94324	0.03343	0.02011
CCG	CCA	GA	-0.31085	0.06621	0.05646	0.31085	0.04852	0.05646
CAT	TAT	CT	-6.43759	0.00964	0.00010	6.43759	0.00000	0.00000
CAT	CTT	AT	-6.42783	0.00191	0.00002	6.42783	0.00000	0.00000
CAT	CCT	AC	2.33215	0.00868	0.02241	-2.33215	0.08937	0.02241
CAC	TAC	CT	2.16823	0.04050	0.09915	-2.16823	0.35408	0.09915
CAC	CTC	AT	2.55423	0.00804	0.02226	-2.55423	0.10339	0.02226
CAC	CCC	AC	1.04278	0.03644	0.05869	-1.04278	0.10339	0.05869
CAC	CAT	CT	0.07637	0.04050	0.04207	-0.07637	0.04371	0.04207
CAA	CTA	AT	0.01714	0.00172	0.00174	-0.01714	0.00175	0.00174
CAA	CCA	AC	1.33890	0.00781	0.01417	-1.33890	0.02979	0.01417
CAA	CAT	AT	1.62658	0.00172	0.00349	-1.62658	0.00876	0.00349
CAA	CAC	AC	1.55021	0.00781	0.01537	-1.55021	0.03680	0.01537
CAG	CTG	AT	2.35601	0.01761	0.04583	-2.35601	0.18576	0.04583
CAG	CCG	AC	-1.80397	0.07983	0.02838	1.80397	0.01314	0.02838
CAG	CAT	GT	-1.82715	0.01761	0.00617	1.82715	0.00283	0.00617
CAG	CAC	GC	-1.90352	0.07983	0.02661	1.90352	0.01190	0.02661
CAG	CAA	GA	-3.45373	0.40611	0.04581	3.45373	0.01284	0.04581
CGT	TGT	CT	2.69011	0.00386	0.01113	-2.69011	0.05683	0.01113
CGT	CTT	GT	-6.64070	0.00077	0.00001	6.64070	0.00000	0.00000
CGT	CCT	GC	2.11928	0.00347	0.00836	-2.11928	0.02890	0.00836
CGT	CAT	GA	-0.21287	0.01766	0.01584	0.21287	0.01427	0.01584
CGC	TGC	CT	1.71505	0.02989	0.06252	-1.71505	0.16611	0.06252
CGC	CTC	GT	1.72875	0.00593	0.01247	-1.72875	0.03343	0.01247
CGC	CCC	GC	0.21730	0.02690	0.02993	-0.21730	0.03343	0.02993
CGC	CAC	GA	-0.82548	0.13684	0.08805	0.82548	0.05994	0.08805
CGC	CGT	CT	-0.53624	0.02989	0.02259	0.53624	0.01749	0.02259
CGA	CTA	GT	-1.55386	0.00268	0.00112	1.55386	0.00057	0.00112
CGA	CCA	GC	-0.23210	0.01215	0.01079	0.23210	0.00963	0.01079
CGA	CAA	GA	-1.57100	0.06180	0.02547	1.57100	0.01284	0.02547
CGA	CGT	AT	0.26845	0.00268	0.00306	-0.26845	0.00350	0.00306
CGA	CGC	AC	0.80470	0.01215	0.01768	-0.80470	0.02716	0.01768
CGG	TGG	CT	2.66642	0.02218	0.06355	-2.66642	0.31911	0.06355
CGG	CTG	GT	2.61314	0.00440	0.01241	-2.61314	0.06006	0.01241
CGG	CCG	GC	-1.54684	0.01996	0.00835	1.54684	0.00425	0.00835
CGG	CAG	GA	0.25713	0.10153	0.11514	-0.25713	0.13130	0.11514
CGG	CGT	GT	-1.35715	0.00440	0.00207	1.35715	0.00113	0.00207
CGG	CGC	GC	-0.82091	0.01996	0.01287	0.82091	0.00878	0.01287
CGG	CGA	GA	-1.62560	0.10153	0.04044	1.62560	0.01998	0.04044
ATT	TTT	AT	2.97650	0.00134	0.00420	-2.97650	0.02629	0.00420
ATT	CTT	AC	-7.58260	0.00607	0.00002	7.58260	0.00000	0.00000
ATC	TTC	AT	2.02021	0.01302	0.03032	-2.02021	0.09814	0.03032
ATC	CTC	AC	0.56094	0.05900	0.07709	-0.56094	0.10339	0.07709
ATC	ATT	CT	-0.76215	0.06557	0.04373	0.76215	0.03060	0.04373
ATA	TTA	AT	-5.51154	0.00077	0.00002	5.51154	0.00000	0.00000
ATA	CTA	AC	-0.68338	0.00347	0.00242	0.68338	0.00175	0.00242
ATA	ATT	AT	2.08083	0.00077	0.00182	-2.08083	0.00613	0.00182
ATA	ATC	AC	2.84298	0.00347	0.01048	-2.84298	0.05958	0.01048
ATG	TTG	AT	-2.20448	0.03177	0.00868	2.20448	0.00350	0.00868
ATG	CTG	AC	0.25436	0.14404	0.16313	-0.25436	0.18576	0.16313
ATG	ATT	GT	-2.77403	0.03177	0.00587	2.77403	0.00198	0.00587
ATG	ATC	GC	-2.01188	0.14404	0.04474	2.01188	0.01926	0.04474
ATG	ATA	GA	-4.85486	0.73277	0.02793	4.85486	0.00571	0.02793
ACT	TCT	AT	2.42408	0.00287	0.00764	-2.42408	0.03242	0.00764
ACT	CCT	AC	1.92669	0.01302	0.02935	-1.92669	0.08937	0.02935
ACT	ATT	CT	0.74931	0.01446	0.02055	-0.74931	0.03060	0.02055
ACC	TCC	AT	2.26413	0.00938	0.02370	-2.26413	0.09025	0.02370
ACC	CCC	AC	0.88863	0.04252	0.06417	-0.88863	0.10339	0.06417
ACC	ATC	CT	1.83914	0.04725	0.10332	-1.83914	0.29725	0.10332
ACC	ACT	CT	0.32768	0.04725	0.05541	-0.32768	0.06557	0.05541
ACA	TCA	AT	0.82807	0.00038	0.00056	-0.82807	0.00088	0.00056
ACA	CCA	AC	2.84298	0.00174	0.00524	-2.84298	0.02979	0.00524
ACA	ATA	CT	2.20460	0.00193	0.00478	-2.20460	0.01749	0.00478
ACA	ACT	AT	3.53612	0.00038	0.00139	-3.53612	0.01314	0.00139
ACA	ACC	AC	3.20844	0.00174	0.00580	-3.20844	0.04293	0.00580
ACG	TCG	AT	-2.72728	0.01340	0.00256	2.72728	0.00088	0.00256
ACG	CCG	AC	-1.53068	0.06074	0.02567	1.53068	0.01314	0.02567
ACG	ATG	CT	2.37494	0.06750	0.17675	-2.37494	0.72565	0.17675
ACG	ACT	GT	-1.14839	0.01340	0.00715	1.14839	0.00425	0.00715
ACG	ACC	GC	-1.47607	0.06074	0.02656	1.47607	0.01388	0.02656
ACG	ACA	GA	-4.68451	0.30900	0.01350	4.68451	0.00285	0.01350
AAT	TAT	AT	-6.61015	0.00230	0.00002	6.61015	0.00000	0.00000
AAT	CAT	AC	-0.17256	0.01041	0.00954	0.17256	0.00876	0.00954
AAT	ATT	AT	0.98222	0.00230	0.00361	-0.98222	0.00613	0.00361
AAT	ACT	AC	0.23291	0.01041	0.01167	-0.23291	0.01314	0.01167
AAC	TAC	AT	1.72601	0.01263	0.02653	-1.72601	0.07097	0.02653
AAC	CAC	AC	-0.44222	0.05727	0.04554	0.44222	0.03680	0.04554
AAC	ATC	AT	1.55107	0.01263	0.02487	-1.55107	0.05958	0.02487
AAC	ACC	AC	-0.28807	0.05727	0.04942	0.28807	0.04293	0.04942
AAC	AAT	CT	-0.19330	0.06364	0.05769	0.19330	0.05246	0.05769
AAA	CAA	AC	-0.56560	0.01388	0.01033	0.56560	0.00789	0.01033
AAA	ATA	AT	0.13492	0.00306	0.00327	-0.13492	0.00350	0.00327
AAA	ACA	AC	-2.06968	0.01388	0.00415	2.06968	0.00175	0.00415
AAA	AAT	AT	1.23353	0.00306	0.00533	-1.23353	0.01051	0.00533
AAA	AAC	AC	1.42683	0.01388	0.02607	-1.42683	0.05783	0.02607
AAG	CAG	AC	-0.76175	0.17267	0.11518	0.76175	0.08061	0.11518
AAG	ATG	AT	1.33990	0.03809	0.06914	-1.33990	0.14545	0.06914
AAG	ACG	AC	-1.03504	0.17267	0.09846	1.03504	0.06134	0.09846
AAG	AAT	GT	-2.41635	0.03809	0.00902	2.41635	0.00340	0.00902
AAG	AAC	GC	-2.22305	0.17267	0.04661	2.22305	0.01870	0.04661
AAG	AAA	GA	-3.64988	0.87844	0.08557	3.64988	0.02283	0.08557
AGT	TGT	AT	0.23602	0.00900	0.01010	-0.23602	0.01139	0.01010
AGT	CGT	AC	-2.45409	0.04078	0.00941	2.45409	0.00350	0.00941
AGT	ATT	GT	-1.51219	0.00900	0.00385	1.51219	0.00198	0.00385
AGT	ACT	GC	-2.26150	0.04078	0.01073	2.26150	0.00425	0.01073
AGT	AAT	GA	-2.49441	0.20747	0.04656	2.49441	0.01713	0.04656
AGC	TGC	AT	1.18851	0.01014	0.01734	-1.18851	0.03330	0.01734
AGC	CGC	AC	-0.52654	0.04599	0.03494	0.52654	0.02716	0.03494
AGC	ATC	GT	0.64127	0.01014	0.01374	-0.64127	0.01926	0.01374
AGC	ACC	GC	-1.19787	0.04599	0.02382	1.19787	0.01388	0.02382
AGC	AAC	GA	-0.90980	0.23396	0.14345	0.90980	0.09419	0.14345
AGC	AGT	CT	1.39131	0.05111	0.09465	-1.39131	0.20546	0.09465
AGA	CGA	AC	-0.18439	0.01475	0.01343	0.18439	0.01227	0.01343
AGA	ATA	GT	-1.05487	0.00325	0.00183	1.05487	0.00113	0.00183
AGA	ACA	GC	-3.25947	0.01475	0.00192	3.25947	0.00057	0.00192
AGA	AAA	GA	-1.18979	0.07504	0.03905	1.18979	0.02283	0.03905
AGA	AGT	AT	2.53815	0.00325	0.00897	-2.53815	0.04118	0.00897
AGA	AGC	AC	1.14684	0.01475	0.02479	-1.14684	0.04644	0.02479
AGG	TGG	AT	2.25633	0.00670	0.01688	-2.25633	0.06396	0.01688
AGG	CGG	AC	-0.41009	0.03037	0.02457	0.41009	0.02015	0.02457
AGG	ATG	GT	1.94869	0.00670	0.01522	-1.94869	0.04703	0.01522
AGG	ACG	GC	-0.42625	0.03037	0.02436	0.42625	0.01983	0.02436
AGG	AAG	GA	0.60879	0.15450	0.20627	-0.60879	0.28400	0.20627
AGG	AGT	GT	0.68685	0.00670	0.00926	-0.68685	0.01331	0.00926
AGG	AGC	GC	-0.70446	0.03037	0.02092	0.70446	0.01501	0.02092
AGG	AGA	GA	-1.85130	0.15450	0.05328	1.85130	0.02426	0.05328
GTT	TTT	GT	9.43971	0.00000	0.00000	-9.43971	0.00850	0.00001
GTT	CTT	GC	-1.11940	0.00000	0.00000	1.11940	0.00000	0.00000
GTT	ATT	GA	6.46320	0.00000	0.00000	-6.46320	0.00999	0.00010
GTC	TTC	GT	1.58419	0.00651	0.01297	-1.58419	0.03173	0.01297
GTC	CTC	GC	0.12492	0.02950	0.03138	-0.12492	0.03343	0.03138
GTC	ATC	GA	-0.43602	0.15009	0.11974	0.43602	0.09705	0.11974
GTC	GTT	CT	-7.66137	0.03279	0.00012	7.66137	0.00000	0.00000
GTA	TTA	GT	0.39205	0.00000	0.00000	-0.39205	0.00000	0.00000
GTA	CTA	GC	5.22021	0.00000	0.00000	-5.22021	0.00057	0.00002
GTA	ATA	GA	5.90359	0.00000	0.00000	-5.90359	0.00571	0.00009
GTA	GTT	AT	1.52122	0.00000	0.00000	-1.52122	0.00000	0.00000
GTA	GTC	AC	9.18258	0.00000	0.00000	-9.18258	0.02979	0.00003
GTG	TTG	GT	-2.99234	0.02259	0.00357	2.99234	0.00113	0.00357
GTG	CTG	GC	-0.53350	0.10239	0.07749	0.53350	0.06006	0.07749
GTG	ATG	GA	-0.78786	0.52089	0.34236	0.78786	0.23691	0.34236
GTG	GTT	GT	-10.02509	0.02259	0.00001	10.02509	0.00000	0.00000
GTG	GTC	GC	-2.36372	0.10239	0.02513	2.36372	0.00963	0.02513
GTG	GTA	GA	-11.54631	0.52089	0.00006	11.54631	0.00000	0.00000
GCT	TCT	GT	0.56898	0.00593	0.00778	-0.56898	0.01048	0.00778
GCT	CCT	GC	0.07159	0.02690	0.02787	-0.07159	0.02890	0.02787
GCT	ACT	GA	-1.85510	0.13684	0.04708	1.85510	0.02141	0.04708
GCT	GTT	CT	-7.56899	0.02989	0.00012	7.56899	0.00000	0.00000
GCC	TCC	GT	-0.16060	0.03426	0.03158	0.16060	0.02918	0.03158
GCC	CCC	GC	-1.53610	0.15532	0.06543	1.53610	0.03343	0.06543
GCC	ACC	GA	-2.42473	0.79016	0.18603	2.42473	0.06993	0.18603
GCC	GTC	CT	-0.14957	0.17261	0.16002	0.14957	0.14863	0.16002
GCC	GCT	CT	-0.24195	0.17261	0.15257	0.24195	0.13551	0.15257
GCA	TCA	GT	-0.30110	0.00038	0.00033	0.30110	0.00028	0.00033
GCA	CCA	GC	1.71381	0.00174	0.00363	-1.71381	0.00963	0.00363
GCA	ACA	GA	-1.12916	0.00883	0.00476	1.12916	0.00285	0.00476
GCA	GTA	CT	-4.82815	0.00193	0.00008	4.82815	0.00000	0.00000
GCA	GCT	AT	4.26206	0.00038	0.00165	-4.26206	0.02716	0.00165
GCA	GCC	AC	4.50400	0.00174	0.00790	-4.50400	0.15684	0.00790
GCG	TCG	GT	-4.29930	0.02086	0.00123	4.29930	0.00028	0.00123
GCG	CCG	GC	-3.10270	0.09458	0.01380	3.10270	0.00425	0.01380
GCG	ACG	GA	-1.57202	0.48116	0.19820	1.57202	0.09990	0.19820
GCG	GTG	CT	1.59079	0.10511	0.20999	-1.59079	0.51582	0.20999
GCG	GCT	GT	-0.86531	0.02086	0.01312	0.86531	0.00878	0.01312
GCG	GCC	GC	-0.62336	0.09458	0.06814	0.62336	0.05071	0.06814
GCG	GCA	GA	-5.12737	0.48116	0.01472	5.12737	0.00285	0.01472
GAT	TAT	GT	-8.14478	0.00345	0.00001	8.14478	0.00000	0.00000
GAT	CAT	GC	-1.70719	0.01562	0.00591	1.70719	0.00283	0.00591
GAT	AAT	GA	-1.53463	0.07946	0.03350	1.53463	0.01713	0.03350
GAT	GTT	AT	-7.01561	0.00345	0.00002	7.01561	0.00000	0.00000
GAT	GCT	AC	0.55338	0.01562	0.02034	-0.55338	0.02716	0.02034
GAC	TAC	GT	-0.41751	0.03484	0.02807	0.41751	0.02295	0.02807
GAC	CAC	GC	-2.58574	0.15792	0.03327	2.58574	0.01190	0.03327
GAC	AAC	GA	-2.14352	0.80340	0.22872	2.14352	0.09419	0.22872
GAC	GTC	AT	-0.15643	0.03484	0.03218	0.15643	0.02979	0.03218
GAC	GCC	AC	-0.00686	0.15792	0.15738	0.00686	0.15684	0.15738
GAC	GAT	CT	-0.80218	0.17550	0.11442	0.80218	0.07868	0.11442
GAA	CAA	GC	-1.91791	0.01735	0.00573	1.91791	0.00255	0.00573
GAA	AAA	GA	-1.35231	0.08829	0.04165	1.35231	0.02283	0.04165
GAA	GTA	AT	-7.12097	0.00383	0.00002	7.12097	0.00000	0.00000
GAA	GCA	AC	-2.29282	0.01735	0.00447	2.29282	0.00175	0.00447
GAA	GAT	AT	1.41586	0.00383	0.00716	-1.41586	0.01577	0.00716
GAA	GAC	AC	2.21804	0.01735	0.04319	-2.21804	0.15947	0.04319
GAG	CAG	GC	-2.47814	0.31064	0.07050	2.47814	0.02606	0.07050
GAG	AAG	GA	-1.71639	1.58031	0.59426	1.71639	0.28400	0.59426
GAG	GTG	AT	0.41137	0.06852	0.08358	-0.41137	0.10339	0.08358
GAG	GCG	AC	-1.17942	0.31064	0.16265	1.17942	0.09551	0.16265
GAG	GAT	GT	-2.59811	0.06852	0.01431	2.59811	0.00510	0.01431
GAG	GAC	GC	-1.79593	0.31064	0.11102	1.79593	0.05156	0.11102
GAG	GAA	GA	-4.01397	1.58031	0.11668	4.01397	0.02854	0.11668
GGT	TGT	GT	0.12379	0.00325	0.00346	-0.12379	0.00368	0.00346
GGT	CGT	GC	-2.56632	0.01475	0.00315	2.56632	0.00113	0.00315
GGT	AGT	GA	-0.11223	0.07504	0.07091	0.11223	0.06708	0.07091
GGT	GTT	GT	-8.08762	0.00325	0.00001	8.08762	0.00000	0.00000
GGT	GCT	GC	-0.51863	0.01475	0.01126	0.51863	0.00878	0.01126
GGT	GAT	GA	-1.07201	0.07504	0.04187	1.07201	0.02569	0.04187
GGC	TGC	GT	-0.88302	0.02603	0.01621	0.88302	0.01076	0.01621
GGC	CGC	GC	-2.59807	0.11801	0.02465	2.59807	0.00878	0.02465
GGC	AGC	GA	-2.07153	0.60034	0.17928	2.07153	0.07564	0.17928
GGC	GTC	GT	-0.99424	0.02603	0.01520	0.99424	0.00963	0.01520
GGC	GCC	GC	-0.84467	0.11801	0.07510	0.84467	0.05071	0.07510
GGC	GAC	GA	-0.83781	0.60034	0.38357	0.83781	0.25974	0.38357
GGC	GGT	CT	-0.56799	0.13114	0.09741	0.56799	0.07431	0.09741
GGA	CGA	GC	-1.84764	0.02516	0.00870	1.84764	0.00397	0.00870
GGA	AGA	GA	-1.66325	0.12801	0.04979	1.66325	0.02426	0.04979
GGA	GTA	GT	-8.62170	0.00555	0.00001	8.62170	0.00000	0.00000
GGA	GCA	GC	-3.79355	0.02516	0.00220	3.79355	0.00057	0.00220
GGA	GAA	GA	-1.50073	0.12801	0.05513	1.50073	0.02854	0.05513
GGA	GGT	AT	0.98713	0.00555	0.00873	-0.98713	0.01490	0.00873
GGA	GGC	AC	1.55512	0.02516	0.04961	-1.55512	0.11917	0.04961
GGG	TGG	GT	-0.34137	0.02909	0.02441	0.34137	0.02068	0.02441
GGG	CGG	GC	-3.00779	0.13189	0.02062	3.00779	0.00652	0.02062
GGG	AGG	GA	-2.59770	0.67097	0.14019	2.59770	0.04995	0.14019
GGG	GTG	GT	0.13886	0.02909	0.03116	-0.13886	0.03343	0.03116
GGG	GCG	GC	-1.45193	0.13189	0.05854	1.45193	0.03088	0.05854
GGG	GAG	GA	-0.27251	0.67097	0.58369	0.27251	0.51092	0.58369
GGG	GGT	GT	-1.79862	0.02909	0.01038	1.79862	0.00482	0.01038
GGG	GGC	GC	-1.23062	0.13189	0.06698	1.23062	0.03853	0.06698
GGG	GGA	GA	-2.78575	0.67097	0.12287	2.78575	0.04139	0.12287


Histograms
2Ns	FMut	FSub(CodonUsage)	FSubw(after w)

-10.99648	0.01843	0.00001
-9.89683	0.00320	0.00000
-8.79719	0.01028	0.00002
-7.69754	0.00230	0.00001
-6.59789	0.00079	0.00001
-5.49824	0.03759	0.00145
-4.39859	0.09803	0.01031
-3.29894	0.06171	0.01428
-2.19930	0.26798	0.13258
-1.09965	0.23344	0.20934
0.00000	0.15598	0.26405
1.09965	0.07355	0.20934
2.19930	0.03263	0.13258
3.29894	0.00254	0.01428
4.39859	0.00140	0.01030
5.49824	0.00015	0.00144
6.59789	0.00000	0.00000
7.69754	0.00000	0.00000
8.79719	0.00000	0.00000
9.89683	0.00000	0.00000
10.99648	0.00000	0.00000

Proportion of advantageous (S > 0) mutations:
 0.17731

Proportions of good & bad mutations (|S| > 2.0000) among mutations:
0.02128  0.41041

mean |Ns| = 2.25408	mean Ns+ = 1.01805	mean Ns- = -2.52048


MLEs of dN/dS (w) for site classes (K=4)

site class             0        1       2a       2b
proportion       0.72577  0.25762  0.01226  0.00435
background w     0.13343  1.00000  0.13343  1.00000
foreground w     0.13343  1.00000 113.23544 113.23544

Naive Empirical Bayes (NEB) probabilities for 4 classes
(amino acids refer to 1st sequence: Egla)

   1 M   0.11365 0.86044 0.01179 0.01413 ( 2)
   2 V   0.12697 0.84945 0.01154 0.01205 ( 2)
   3 S   0.88289 0.11621 0.00078 0.00012 ( 1)
   4 L   0.42916 0.48253 0.07550 0.01281 ( 2)
   5 P   0.46429 0.46983 0.05701 0.00887 ( 2)
   6 W   0.36499 0.63453 0.00017 0.00031 ( 2)
   7 P   0.78032 0.20307 0.01319 0.00343 ( 1)
   8 H   0.90394 0.07944 0.01527 0.00134 ( 1)
   9 W   0.77651 0.20688 0.01312 0.00350 ( 1)
  10 L   0.77142 0.21196 0.01304 0.00358 ( 1)
  11 S   0.85250 0.13089 0.01441 0.00221 ( 1)
  12 S   0.86813 0.11525 0.01467 0.00195 ( 1)
  13 A   0.81678 0.16660 0.01380 0.00282 ( 1)
  14 A   0.81792 0.16546 0.01382 0.00280 ( 1)
  15 P   0.34816 0.63522 0.00588 0.01073 ( 2)
  16 L   0.77142 0.21196 0.01304 0.00358 ( 1)
  17 H   0.56645 0.41693 0.00957 0.00705 ( 1)
  18 S   0.85650 0.12688 0.01447 0.00214 ( 1)
  19 H   0.90394 0.07944 0.01527 0.00134 ( 1)
  20 M   0.43664 0.54675 0.00738 0.00924 ( 2)
  21 A   0.81677 0.16661 0.01380 0.00282 ( 1)
  22 G   0.43841 0.54498 0.00741 0.00921 ( 2)
  23 L   0.77142 0.21196 0.01304 0.00358 ( 1)
  24 P   0.85098 0.13241 0.01438 0.00224 ( 1)
  25 L   0.77142 0.21196 0.01304 0.00358 ( 1)
  26 P   0.78032 0.20307 0.01319 0.00343 ( 1)
  27 R   0.80839 0.17499 0.01366 0.00296 ( 1)
  28 A   0.46404 0.51934 0.00784 0.00878 ( 2)
  29 P   0.90873 0.07465 0.01536 0.00126 ( 1)
  30 S   0.85250 0.13089 0.01441 0.00221 ( 1)
  31 P   0.78319 0.20019 0.01323 0.00338 ( 1)
  32 L   0.80781 0.17558 0.01365 0.00297 ( 1)
  33 S   0.81422 0.16916 0.01376 0.00286 ( 1)
  34 G   0.43880 0.54458 0.00741 0.00920 ( 2)
  35 L   0.84075 0.14264 0.01421 0.00241 ( 1)
  36 A   0.85805 0.12533 0.01450 0.00212 ( 1)
  37 E   0.41990 0.56348 0.00710 0.00952 ( 2)
  38 P   0.83253 0.15085 0.01407 0.00255 ( 1)
  39 C   0.88829 0.09509 0.01501 0.00161 ( 1)
  40 S   0.85605 0.12734 0.01447 0.00215 ( 1)
  41 P   0.85098 0.13241 0.01438 0.00224 ( 1)
  42 L   0.43243 0.55095 0.00731 0.00931 ( 2)
  43 T   0.10753 0.87585 0.00182 0.01480 ( 2)
  44 T   0.90345 0.07994 0.01527 0.00135 ( 1)
  45 H   0.49625 0.48713 0.00839 0.00823 ( 1)
  46 P   0.45240 0.53098 0.00764 0.00897 ( 2)
  47 C   0.41155 0.57184 0.00695 0.00966 ( 2)
  48 A   0.82154 0.16184 0.01388 0.00273 ( 1)
  49 A   0.81792 0.16546 0.01382 0.00280 ( 1)
  50 W   0.77651 0.20688 0.01312 0.00350 ( 1)
  51 P   0.77102 0.21237 0.01303 0.00359 ( 1)
  52 Q   0.86919 0.11420 0.01469 0.00193 ( 1)
  53 A   0.80396 0.17942 0.01359 0.00303 ( 1)
  54 C   0.86787 0.11551 0.01467 0.00195 ( 1)
  55 S   0.83789 0.14550 0.01416 0.00246 ( 1)
  56 G   0.83505 0.14833 0.01411 0.00251 ( 1)
  57 L   0.76359 0.21979 0.01290 0.00371 ( 1)
  58 G   0.83505 0.14833 0.01411 0.00251 ( 1)
  59 P   0.79586 0.18753 0.01345 0.00317 ( 1)
  60 P   0.77163 0.21175 0.01304 0.00358 ( 1)
  61 A   0.81792 0.16546 0.01382 0.00280 ( 1)
  62 S   0.85250 0.13089 0.01441 0.00221 ( 1)
  63 P   0.84617 0.13722 0.01430 0.00232 ( 1)
  64 G   0.40735 0.57604 0.00688 0.00973 ( 2)
  65 L   0.77142 0.21196 0.01304 0.00358 ( 1)
  66 R   0.93246 0.05092 0.01576 0.00086 ( 1)
  67 G   0.88431 0.09907 0.01494 0.00167 ( 1)
  68 G   0.84648 0.14157 0.00999 0.00196 ( 1)
  69 G   0.87822 0.11714 0.00402 0.00061 ( 1)
  70 A   0.19406 0.31429 0.40162 0.09003 ( 3)
  71 P   0.80686 0.18940 0.00299 0.00074 ( 1)
  72 G   0.89447 0.10460 0.00082 0.00011 ( 1)
  73 E   0.12091 0.86976 0.00099 0.00835 ( 2)
  74 P   0.07640 0.87020 0.01984 0.03356 ( 2)
  75 G   0.89591 0.09949 0.00408 0.00052 ( 1)
  76 P   0.90197 0.09699 0.00092 0.00012 ( 1)
  77 V   0.00001 0.20212 0.00195 0.79592 ( 4)
  78 S   0.00007 0.00045 0.90353 0.09596 ( 3)
  79 P   0.81146 0.17728 0.00907 0.00219 ( 1)
  80 Q   0.01973 0.97529 0.00055 0.00443 ( 2)
  81 T   0.93310 0.06640 0.00046 0.00004 ( 1)
  82 E   0.87715 0.12055 0.00199 0.00031 ( 1)
  83 R   0.68624 0.31352 0.00016 0.00009 ( 1)
  84 L   0.80068 0.19757 0.00139 0.00036 ( 1)
  85 T   0.94145 0.05805 0.00046 0.00004 ( 1)
  86 A   0.90769 0.09153 0.00070 0.00008 ( 1)
  87 E   0.88136 0.11634 0.00200 0.00030 ( 1)
  88 Q   0.87800 0.12141 0.00051 0.00008 ( 1)
  89 I   0.59388 0.40562 0.00028 0.00022 ( 1)
  90 K   0.11606 0.88141 0.00026 0.00227 ( 2)
  91 E   0.49172 0.50586 0.00112 0.00130 ( 2)
  92 Y   0.89005 0.10935 0.00052 0.00007 ( 1)
  93 K   0.12612 0.87243 0.00016 0.00129 ( 2)
  94 G   0.90030 0.09864 0.00093 0.00012 ( 1)
  95 V   0.96681 0.03294 0.00024 0.00001 ( 1)
  96 S   0.39184 0.60691 0.00047 0.00078 ( 2)
  97 E   0.87715 0.12055 0.00199 0.00031 ( 1)
  98 M   0.89341 0.10544 0.00101 0.00014 ( 1)
  99 F   0.82692 0.17187 0.00099 0.00022 ( 1)
 100 D   0.91793 0.08176 0.00028 0.00003 ( 1)
 101 E   0.87844 0.11926 0.00200 0.00031 ( 1)
 102 E   0.49598 0.50160 0.00113 0.00129 ( 2)
 103 G   0.89281 0.10626 0.00082 0.00011 ( 1)
 104 N   0.95084 0.04874 0.00039 0.00003 ( 1)
 105 G   0.90368 0.09527 0.00093 0.00011 ( 1)
 106 A   0.90899 0.09023 0.00070 0.00008 ( 1)
 107 V   0.91627 0.08288 0.00077 0.00008 ( 1)
 108 K   0.58876 0.40989 0.00074 0.00061 ( 1)
 109 T   0.93432 0.06518 0.00046 0.00004 ( 1)
 110 D   0.90207 0.09679 0.00101 0.00013 ( 1)
 111 E   0.87844 0.11926 0.00200 0.00031 ( 1)
 112 L   0.79987 0.19838 0.00139 0.00036 ( 1)
 113 E   0.87844 0.11926 0.00200 0.00031 ( 1)
 114 R   0.95646 0.04337 0.00016 0.00001 ( 1)
 115 L   0.88953 0.10947 0.00088 0.00012 ( 1)
 116 M   0.13434 0.86438 0.00015 0.00112 ( 2)
 117 S   0.86468 0.13452 0.00069 0.00012 ( 1)
 118 L   0.80139 0.19686 0.00139 0.00036 ( 1)
 119 R   0.08426 0.91446 0.00010 0.00119 ( 2)
 120 G   0.89573 0.10334 0.00082 0.00011 ( 1)
 121 T   0.58648 0.41302 0.00027 0.00023 ( 1)
 122 N   0.95084 0.04874 0.00039 0.00003 ( 1)
 123 P   0.90100 0.09796 0.00092 0.00012 ( 1)
 124 A   0.72667 0.27293 0.00027 0.00013 ( 1)
 125 K   0.90436 0.09435 0.00114 0.00014 ( 1)
 126 S   0.70436 0.29527 0.00025 0.00013 ( 1)
 127 E   0.45424 0.45455 0.07908 0.01213 ( 2)
 128 L   0.80139 0.19686 0.00139 0.00036 ( 1)
 129 A   0.84068 0.12939 0.02546 0.00447 ( 1)
 130 S   0.90289 0.09622 0.00079 0.00010 ( 1)
 131 -   0.88670 0.11215 0.00100 0.00015 ( 1)
 132 -   0.46687 0.53174 0.00062 0.00078 ( 2)
 133 -   0.89757 0.10114 0.00114 0.00015 ( 1)
 134 D   0.55629 0.44250 0.00063 0.00058 ( 1)
 135 V   0.91627 0.08288 0.00077 0.00008 ( 1)
 136 D   0.90207 0.09679 0.00101 0.00013 ( 1)
 137 R   0.63523 0.36460 0.00010 0.00007 ( 1)
 138 E   0.13330 0.86541 0.00015 0.00113 ( 2)
 139 K   0.89034 0.10837 0.00113 0.00016 ( 1)
 140 K   0.68137 0.31848 0.00010 0.00006 ( 1)
 141 G   0.55332 0.44557 0.00057 0.00054 ( 1)
 142 F   0.88267 0.11635 0.00085 0.00013 ( 1)
 143 F   0.88267 0.11635 0.00085 0.00013 ( 1)
 144 N   0.95021 0.04818 0.00151 0.00010 ( 1)
 145 C   0.65856 0.34041 0.00064 0.00039 ( 1)
 146 K   0.13690 0.86182 0.00015 0.00113 ( 2)
 147 G   0.67252 0.32710 0.00024 0.00015 ( 1)
 148 F   0.88267 0.11635 0.00085 0.00013 ( 1)
 149 L   0.80139 0.19686 0.00139 0.00036 ( 1)
 150 A   0.90947 0.08974 0.00070 0.00008 ( 1)
 151 R   0.35209 0.64612 0.00061 0.00117 ( 2)
 152 M   0.53876 0.46003 0.00061 0.00060 ( 1)
 153 G   0.90564 0.09331 0.00093 0.00011 ( 1)
 154 V   0.92027 0.07888 0.00077 0.00008 ( 1)
 155 Y   0.52918 0.47020 0.00031 0.00031 ( 1)
 156 W   0.81178 0.18774 0.00038 0.00009 ( 1)
 157 E   0.88238 0.11531 0.00201 0.00030 ( 1)
 158 K   0.90318 0.09554 0.00114 0.00014 ( 1)
 159 A   0.86084 0.13783 0.00114 0.00020 ( 1)
 160 Q   0.87812 0.12129 0.00051 0.00008 ( 1)
 161 N   0.94982 0.04976 0.00039 0.00003 ( 1)
 162 Q   0.87812 0.12129 0.00051 0.00008 ( 1)
 163 E   0.87730 0.12040 0.00200 0.00031 ( 1)
 164 S   0.45144 0.54772 0.00036 0.00048 ( 2)
 165 E   0.87730 0.12040 0.00200 0.00031 ( 1)
 166 L   0.88837 0.11063 0.00088 0.00013 ( 1)
 167 R   0.97556 0.02420 0.00023 0.00001 ( 1)
 168 A   0.90781 0.09141 0.00070 0.00008 ( 1)
 169 A   0.86084 0.13783 0.00114 0.00020 ( 1)
 170 F   0.49914 0.49984 0.00048 0.00055 ( 2)
 171 R   0.94137 0.05840 0.00021 0.00002 ( 1)
 172 I   0.91102 0.08851 0.00042 0.00005 ( 1)
 173 F   0.88152 0.11750 0.00085 0.00013 ( 1)
 174 D   0.90089 0.09797 0.00101 0.00013 ( 1)
 175 K   0.90185 0.09687 0.00114 0.00014 ( 1)
 176 E   0.87730 0.12040 0.00200 0.00031 ( 1)
 177 G   0.13362 0.86535 0.00012 0.00091 ( 2)
 178 K   0.90318 0.09554 0.00114 0.00014 ( 1)
 179 G   0.89578 0.10329 0.00082 0.00011 ( 1)
 180 Y   0.89018 0.10922 0.00052 0.00007 ( 1)
 181 I   0.90858 0.09090 0.00047 0.00006 ( 1)
 182 D   0.90089 0.09797 0.00101 0.00013 ( 1)
 183 W   0.81178 0.18774 0.00038 0.00009 ( 1)
 184 G   0.14315 0.85556 0.00016 0.00113 ( 2)
 185 T   0.20679 0.79263 0.00010 0.00048 ( 2)
 186 L   0.12757 0.87131 0.00013 0.00099 ( 2)
 187 T   0.15453 0.84401 0.00020 0.00127 ( 2)
 188 Y   0.89537 0.10404 0.00052 0.00007 ( 1)
 189 V   0.92027 0.07888 0.00077 0.00008 ( 1)
 190 L   0.90183 0.09717 0.00089 0.00011 ( 1)
 191 T   0.02007 0.97863 0.00002 0.00128 ( 2)
 192 H   0.05828 0.94147 0.00001 0.00025 ( 2)
 193 A   0.91302 0.08620 0.00071 0.00008 ( 1)
 194 G   0.89684 0.10223 0.00082 0.00011 ( 1)
 195 E   0.88238 0.11531 0.00201 0.00030 ( 1)
 196 P   0.90504 0.09392 0.00093 0.00011 ( 1)
 197 L   0.89353 0.10547 0.00088 0.00012 ( 1)
 198 S   0.94802 0.05163 0.00033 0.00002 ( 1)
 199 E   0.88238 0.11531 0.00201 0.00030 ( 1)
 200 V   0.39429 0.60393 0.00068 0.00110 ( 2)
 201 E   0.88238 0.11531 0.00201 0.00030 ( 1)
 202 A   0.86563 0.13304 0.00114 0.00019 ( 1)
 203 E   0.50189 0.49569 0.00114 0.00127 ( 1)
 204 Q   0.51408 0.48530 0.00030 0.00032 ( 1)
 205 M   0.89744 0.10141 0.00101 0.00013 ( 1)
 206 M   0.89744 0.10141 0.00101 0.00013 ( 1)
 207 K   0.56818 0.43046 0.00072 0.00064 ( 1)
 208 E   0.94245 0.05736 0.00018 0.00001 ( 1)
 209 A   0.86563 0.13304 0.00114 0.00019 ( 1)
 210 D   0.56338 0.43542 0.00063 0.00057 ( 1)
 211 K   0.90842 0.09030 0.00115 0.00013 ( 1)
 212 D   0.59061 0.40906 0.00018 0.00015 ( 1)
 213 G   0.90773 0.09123 0.00093 0.00011 ( 1)
 214 D   0.56838 0.43041 0.00064 0.00057 ( 1)
 215 G   0.57168 0.42722 0.00059 0.00051 ( 1)
 216 T   0.95699 0.04264 0.00036 0.00002 ( 1)
 217 I   0.93195 0.06802 0.00003 0.00000 ( 1)
 218 D   0.90613 0.09273 0.00102 0.00012 ( 1)
 219 H   0.54069 0.45869 0.00032 0.00031 ( 1)
 220 E   0.87832 0.11938 0.00200 0.00031 ( 1)
 221 E   0.86517 0.13252 0.00197 0.00034 ( 1)
 222 F   0.86919 0.12983 0.00084 0.00014 ( 1)
 223 V   0.90217 0.09697 0.00076 0.00010 ( 1)
 224 A   0.84951 0.14915 0.00112 0.00022 ( 1)
 225 M   0.87960 0.11925 0.00099 0.00016 ( 1)
 226 M   0.87960 0.11925 0.00099 0.00016 ( 1)
 227 T   0.93284 0.06672 0.00040 0.00004 ( 1)
 228 G   0.88965 0.10931 0.00092 0.00013 ( 1)
 229 E   0.86517 0.13252 0.00197 0.00034 ( 1)
 230 S   0.88883 0.11027 0.00078 0.00011 ( 1)
 231 F   0.86919 0.12983 0.00084 0.00014 ( 1)
 232 K   0.89034 0.10837 0.00113 0.00016 ( 1)
 233 L   0.80431 0.19394 0.00139 0.00035 ( 1)
 234 V   0.97048 0.02927 0.00024 0.00001 ( 1)
 235 Q   0.00675 0.99259 0.00000 0.00065 ( 2)


lnL = -1773.407818

Bayes Empirical Bayes (BEB) probabilities for 4 classes (class)
(amino acids refer to 1st sequence: Egla)

   1 M   0.13893 0.70388 0.07885 0.07835 ( 2)
   2 V   0.14911 0.68216 0.08976 0.07897 ( 2)
   3 S   0.87065 0.11287 0.01433 0.00216 ( 1)
   4 L   0.32842 0.33911 0.28516 0.04731 ( 2)
   5 P   0.35230 0.33087 0.27483 0.04199 ( 1)
   6 W   0.38413 0.58514 0.01185 0.01888 ( 2)
   7 P   0.76269 0.19297 0.03542 0.00893 ( 1)
   8 H   0.87918 0.07647 0.04080 0.00354 ( 1)
   9 W   0.75914 0.19651 0.03525 0.00909 ( 1)
  10 L   0.75441 0.20124 0.03503 0.00931 ( 1)
  11 S   0.83037 0.12528 0.03855 0.00580 ( 1)
  12 S   0.84516 0.11050 0.03923 0.00511 ( 1)
  13 A   0.79677 0.15889 0.03699 0.00735 ( 1)
  14 A   0.79784 0.15782 0.03704 0.00730 ( 1)
  15 P   0.36910 0.58655 0.01720 0.02715 ( 2)
  16 L   0.75441 0.20124 0.03503 0.00931 ( 1)
  17 H   0.55572 0.39994 0.02584 0.01850 ( 1)
  18 S   0.83416 0.12150 0.03872 0.00562 ( 1)
  19 H   0.87918 0.07647 0.04080 0.00354 ( 1)
  20 M   0.44546 0.51019 0.02074 0.02361 ( 2)
  21 A   0.79676 0.15889 0.03699 0.00735 ( 1)
  22 G   0.44702 0.50863 0.02081 0.02353 ( 2)
  23 L   0.75441 0.20124 0.03503 0.00931 ( 1)
  24 P   0.82894 0.12672 0.03848 0.00586 ( 1)
  25 L   0.75441 0.20124 0.03503 0.00931 ( 1)
  26 P   0.76269 0.19297 0.03542 0.00893 ( 1)
  27 R   0.78891 0.16675 0.03663 0.00771 ( 1)
  28 A   0.46886 0.48680 0.02182 0.02252 ( 2)
  29 P   0.88376 0.07190 0.04102 0.00333 ( 1)
  30 S   0.83037 0.12528 0.03855 0.00580 ( 1)
  31 P   0.76537 0.19028 0.03554 0.00880 ( 1)
  32 L   0.78836 0.16730 0.03660 0.00774 ( 1)
  33 S   0.79437 0.16128 0.03688 0.00746 ( 1)
  34 G   0.44736 0.50830 0.02083 0.02352 ( 2)
  35 L   0.81929 0.13636 0.03803 0.00631 ( 1)
  36 A   0.83562 0.12004 0.03879 0.00555 ( 1)
  37 E   0.43120 0.52446 0.02008 0.02427 ( 2)
  38 P   0.81156 0.14410 0.03768 0.00667 ( 1)
  39 C   0.86429 0.09137 0.04012 0.00423 ( 1)
  40 S   0.83372 0.12193 0.03870 0.00564 ( 1)
  41 P   0.82894 0.12672 0.03848 0.00586 ( 1)
  42 L   0.44193 0.51372 0.02057 0.02377 ( 2)
  43 T   0.15271 0.80295 0.00713 0.03721 ( 2)
  44 T   0.87871 0.07694 0.04078 0.00356 ( 1)
  45 H   0.49620 0.45946 0.02309 0.02126 ( 1)
  46 P   0.45896 0.49670 0.02136 0.02298 ( 2)
  47 C   0.42406 0.53160 0.01975 0.02460 ( 2)
  48 A   0.80124 0.15442 0.03720 0.00714 ( 1)
  49 A   0.79784 0.15782 0.03704 0.00730 ( 1)
  50 W   0.75914 0.19651 0.03525 0.00909 ( 1)
  51 P   0.75403 0.20162 0.03502 0.00933 ( 1)
  52 Q   0.84616 0.10950 0.03928 0.00507 ( 1)
  53 A   0.78476 0.17089 0.03644 0.00791 ( 1)
  54 C   0.84491 0.11075 0.03922 0.00512 ( 1)
  55 S   0.81660 0.13906 0.03791 0.00643 ( 1)
  56 G   0.81393 0.14173 0.03779 0.00656 ( 1)
  57 L   0.74713 0.20852 0.03470 0.00965 ( 1)
  58 G   0.81393 0.14173 0.03779 0.00656 ( 1)
  59 P   0.77719 0.17847 0.03609 0.00826 ( 1)
  60 P   0.75460 0.20105 0.03504 0.00930 ( 1)
  61 A   0.79784 0.15782 0.03704 0.00730 ( 1)
  62 S   0.83037 0.12528 0.03855 0.00580 ( 1)
  63 P   0.82440 0.13125 0.03827 0.00607 ( 1)
  64 G   0.42043 0.53523 0.01958 0.02477 ( 2)
  65 L   0.75441 0.20124 0.03503 0.00931 ( 1)
  66 R   0.90646 0.04920 0.04207 0.00228 ( 1)
  67 G   0.86050 0.09516 0.03994 0.00440 ( 1)
  68 G   0.83622 0.13723 0.02229 0.00426 ( 1)
  69 G   0.86679 0.11385 0.01685 0.00252 ( 1)
  70 A   0.22813 0.32756 0.36528 0.07903 ( 3)
  71 P   0.78836 0.18035 0.02521 0.00608 ( 1)
  72 G   0.87985 0.10149 0.01648 0.00218 ( 1)
  73 E   0.17031 0.80690 0.00352 0.01927 ( 2)
  74 P   0.09752 0.70256 0.08501 0.11491 ( 2)
  75 G   0.88378 0.09687 0.01720 0.00214 ( 1)
  76 P   0.88874 0.09437 0.01504 0.00185 ( 1)
  77 V   0.00021 0.33537 0.00718 0.65724 ( 4)
  78 S   0.00591 0.02696 0.87551 0.09162 ( 3)
  79 P   0.80412 0.17147 0.01977 0.00464 ( 1)
  80 Q   0.04194 0.86524 0.01643 0.07639 ( 2)
  81 T   0.92327 0.06515 0.01066 0.00092 ( 1)
  82 E   0.86139 0.11651 0.01918 0.00292 ( 1)
  83 R   0.67212 0.31715 0.00676 0.00397 ( 1)
  84 L   0.78086 0.18756 0.02525 0.00633 ( 1)
  85 T   0.93142 0.05702 0.01076 0.00081 ( 1)
  86 A   0.89535 0.08921 0.01382 0.00162 ( 1)
  87 E   0.86542 0.11250 0.01927 0.00282 ( 1)
  88 Q   0.86325 0.11748 0.01671 0.00256 ( 1)
  89 I   0.58834 0.39632 0.00857 0.00677 ( 1)
  90 K   0.16381 0.81217 0.00369 0.02034 ( 2)
  91 E   0.49728 0.47961 0.01111 0.01200 ( 1)
  92 Y   0.87573 0.10606 0.01599 0.00221 ( 1)
  93 K   0.17571 0.80545 0.00301 0.01584 ( 2)
  94 G   0.88740 0.09598 0.01476 0.00186 ( 1)
  95 V   0.96034 0.03263 0.00672 0.00031 ( 1)
  96 S   0.40871 0.56302 0.01148 0.01679 ( 2)
  97 E   0.86139 0.11651 0.01918 0.00292 ( 1)
  98 M   0.87912 0.10233 0.01637 0.00218 ( 1)
  99 F   0.80832 0.16417 0.02262 0.00490 ( 1)
 100 D   0.90678 0.07991 0.01203 0.00127 ( 1)
 101 E   0.86262 0.11529 0.01920 0.00289 ( 1)
 102 E   0.50093 0.47597 0.01119 0.01191 ( 1)
 103 G   0.87826 0.10308 0.01645 0.00221 ( 1)
 104 N   0.94244 0.04804 0.00894 0.00058 ( 1)
 105 G   0.89066 0.09274 0.01481 0.00179 ( 1)
 106 A   0.89661 0.08796 0.01384 0.00159 ( 1)
 107 V   0.90433 0.08092 0.01334 0.00142 ( 1)
 108 K   0.58291 0.39934 0.00989 0.00785 ( 1)
 109 T   0.92446 0.06396 0.01068 0.00091 ( 1)
 110 D   0.88833 0.09411 0.01563 0.00192 ( 1)
 111 E   0.86262 0.11529 0.01920 0.00289 ( 1)
 112 L   0.78010 0.18831 0.02523 0.00636 ( 1)
 113 E   0.86262 0.11529 0.01920 0.00289 ( 1)
 114 R   0.94871 0.04281 0.00800 0.00047 ( 1)
 115 L   0.87526 0.10617 0.01631 0.00226 ( 1)
 116 M   0.18433 0.79526 0.00347 0.01694 ( 2)
 117 S   0.84627 0.12933 0.02089 0.00351 ( 1)
 118 L   0.78152 0.18690 0.02528 0.00631 ( 1)
 119 R   0.12738 0.85206 0.00240 0.01816 ( 2)
 120 G   0.88107 0.10028 0.01650 0.00215 ( 1)
 121 T   0.58194 0.40270 0.00848 0.00688 ( 1)
 122 N   0.94244 0.04804 0.00894 0.00058 ( 1)
 123 P   0.88781 0.09530 0.01503 0.00187 ( 1)
 124 A   0.70965 0.28096 0.00623 0.00316 ( 1)
 125 K   0.89126 0.09185 0.01508 0.00181 ( 1)
 126 S   0.68853 0.30085 0.00685 0.00377 ( 1)
 127 E   0.34623 0.32173 0.28856 0.04348 ( 1)
 128 L   0.78152 0.18690 0.02528 0.00631 ( 1)
 129 A   0.85113 0.12871 0.01720 0.00296 ( 1)
 130 S   0.88991 0.09365 0.01464 0.00179 ( 1)
 131 -   0.87267 0.10876 0.01625 0.00232 ( 1)
 132 -   0.47529 0.50094 0.01102 0.01275 ( 2)
 133 -   0.88471 0.09838 0.01497 0.00194 ( 1)
 134 D   0.55448 0.42702 0.00979 0.00870 ( 1)
 135 V   0.90433 0.08092 0.01334 0.00142 ( 1)
 136 D   0.88833 0.09411 0.01563 0.00192 ( 1)
 137 R   0.62552 0.36146 0.00764 0.00537 ( 1)
 138 E   0.18337 0.79712 0.00326 0.01625 ( 2)
 139 K   0.87774 0.10533 0.01485 0.00208 ( 1)
 140 K   0.66715 0.32126 0.00726 0.00433 ( 1)
 141 G   0.55245 0.43003 0.00922 0.00830 ( 1)
 142 F   0.86788 0.11267 0.01696 0.00249 ( 1)
 143 F   0.86788 0.11267 0.01696 0.00249 ( 1)
 144 N   0.94240 0.04751 0.00947 0.00062 ( 1)
 145 C   0.64449 0.33942 0.00998 0.00612 ( 1)
 146 K   0.18725 0.79326 0.00333 0.01617 ( 2)
 147 G   0.66002 0.32929 0.00657 0.00413 ( 1)
 148 F   0.86788 0.11267 0.01696 0.00249 ( 1)
 149 L   0.78152 0.18690 0.02528 0.00631 ( 1)
 150 A   0.89707 0.08749 0.01385 0.00158 ( 1)
 151 R   0.37271 0.59510 0.01210 0.02009 ( 2)
 152 M   0.53892 0.44161 0.01007 0.00941 ( 1)
 153 G   0.89255 0.09085 0.01484 0.00176 ( 1)
 154 V   0.90821 0.07705 0.01339 0.00135 ( 1)
 155 Y   0.53066 0.45024 0.00972 0.00938 ( 1)
 156 W   0.79147 0.17845 0.02433 0.00576 ( 1)
 157 E   0.86640 0.11152 0.01929 0.00279 ( 1)
 158 K   0.89012 0.09299 0.01506 0.00183 ( 1)
 159 A   0.84438 0.13274 0.01950 0.00338 ( 1)
 160 Q   0.86336 0.11736 0.01672 0.00256 ( 1)
 161 N   0.94145 0.04903 0.00893 0.00059 ( 1)
 162 Q   0.86336 0.11736 0.01672 0.00256 ( 1)
 163 E   0.86153 0.11637 0.01918 0.00292 ( 1)
 164 S   0.46112 0.51354 0.01143 0.01391 ( 2)
 165 E   0.86153 0.11637 0.01918 0.00292 ( 1)
 166 L   0.87414 0.10729 0.01629 0.00228 ( 1)
 167 R   0.97035 0.02406 0.00541 0.00019 ( 1)
 168 A   0.89546 0.08910 0.01383 0.00161 ( 1)
 169 A   0.84438 0.13274 0.01950 0.00338 ( 1)
 170 F   0.50446 0.47516 0.00990 0.01049 ( 1)
 171 R   0.93249 0.05743 0.00936 0.00072 ( 1)
 172 I   0.89911 0.08635 0.01306 0.00148 ( 1)
 173 F   0.86678 0.11376 0.01694 0.00251 ( 1)
 174 D   0.88720 0.09525 0.01561 0.00195 ( 1)
 175 K   0.88883 0.09427 0.01504 0.00186 ( 1)
 176 E   0.86153 0.11637 0.01918 0.00292 ( 1)
 177 G   0.18351 0.79597 0.00347 0.01705 ( 2)
 178 K   0.89012 0.09299 0.01506 0.00183 ( 1)
 179 G   0.88111 0.10023 0.01650 0.00215 ( 1)
 180 Y   0.87586 0.10594 0.01599 0.00221 ( 1)
 181 I   0.89677 0.08866 0.01305 0.00152 ( 1)
 182 D   0.88720 0.09525 0.01561 0.00195 ( 1)
 183 W   0.79147 0.17845 0.02433 0.00576 ( 1)
 184 G   0.19390 0.78656 0.00345 0.01609 ( 2)
 185 T   0.25966 0.72703 0.00303 0.01028 ( 2)
 186 L   0.17699 0.80260 0.00333 0.01707 ( 2)
 187 T   0.20601 0.77509 0.00353 0.01537 ( 2)
 188 Y   0.88084 0.10097 0.01609 0.00211 ( 1)
 189 V   0.90821 0.07705 0.01339 0.00135 ( 1)
 190 L   0.88709 0.09438 0.01653 0.00201 ( 1)
 191 T   0.04653 0.93263 0.00088 0.01995 ( 2)
 192 H   0.10851 0.88128 0.00090 0.00931 ( 2)
 193 A   0.90051 0.08407 0.01390 0.00152 ( 1)
 194 G   0.88214 0.09921 0.01652 0.00213 ( 1)
 195 E   0.86640 0.11152 0.01929 0.00279 ( 1)
 196 P   0.89170 0.09141 0.01509 0.00179 ( 1)
 197 L   0.87910 0.10234 0.01638 0.00218 ( 1)
 198 S   0.93920 0.05083 0.00933 0.00064 ( 1)
 199 E   0.86640 0.11152 0.01929 0.00279 ( 1)
 200 V   0.40937 0.55849 0.01329 0.01886 ( 2)
 201 E   0.86640 0.11152 0.01929 0.00279 ( 1)
 202 A   0.84894 0.12820 0.01960 0.00327 ( 1)
 203 E   0.50599 0.47093 0.01131 0.01178 ( 1)
 204 Q   0.51715 0.46264 0.01006 0.01015 ( 1)
 205 M   0.88300 0.09846 0.01644 0.00210 ( 1)
 206 M   0.88300 0.09846 0.01644 0.00210 ( 1)
 207 K   0.56516 0.41703 0.00960 0.00821 ( 1)
 208 E   0.93211 0.05633 0.01076 0.00080 ( 1)
 209 A   0.84894 0.12820 0.01960 0.00327 ( 1)
 210 D   0.56058 0.42094 0.00990 0.00858 ( 1)
 211 K   0.89518 0.08794 0.01514 0.00173 ( 1)
 212 D   0.58612 0.39971 0.00780 0.00636 ( 1)
 213 G   0.89457 0.08884 0.01488 0.00172 ( 1)
 214 D   0.56488 0.41666 0.00997 0.00849 ( 1)
 215 G   0.56824 0.41428 0.00948 0.00800 ( 1)
 216 T   0.94912 0.04209 0.00832 0.00048 ( 1)
 217 I   0.92656 0.06704 0.00585 0.00056 ( 1)
 218 D   0.89225 0.09021 0.01570 0.00184 ( 1)
 219 H   0.54052 0.44041 0.00990 0.00917 ( 1)
 220 E   0.86251 0.11540 0.01920 0.00289 ( 1)
 221 E   0.84995 0.12792 0.01892 0.00320 ( 1)
 222 F   0.85497 0.12554 0.01671 0.00277 ( 1)
 223 V   0.89068 0.09453 0.01313 0.00165 ( 1)
 224 A   0.83361 0.14348 0.01925 0.00366 ( 1)
 225 M   0.86585 0.11556 0.01612 0.00247 ( 1)
 226 M   0.86585 0.11556 0.01612 0.00247 ( 1)
 227 T   0.92414 0.06554 0.00947 0.00085 ( 1)
 228 G   0.87713 0.10623 0.01459 0.00206 ( 1)
 229 E   0.84995 0.12792 0.01892 0.00320 ( 1)
 230 S   0.87637 0.10716 0.01442 0.00205 ( 1)
 231 F   0.85497 0.12554 0.01671 0.00277 ( 1)
 232 K   0.87774 0.10533 0.01485 0.00208 ( 1)
 233 L   0.78424 0.18418 0.02536 0.00622 ( 1)
 234 V   0.96396 0.02902 0.00674 0.00027 ( 1)
 235 Q   0.01946 0.95926 0.00038 0.02090 ( 2)

