Supplemental results for CODEML (seqf: /home/leticiamagpali/phd/evol_models/codeml/small_dataset/cml_align/CALML6_codon_aligned.phy  treef: /home/leticiamagpali/phd/evol_models/codeml/small_dataset/cml_trees/gene_trees/H3_gene_trees/CALML6_codon_H3.tre)

I	J	ij	2Ns_IJ	pMut_IJ	pSub_IJ	2Ns_JI	pMut_JI	pSub_JI

TTC	TTT	CT	0.19156	0.10611	0.11660	-0.19156	0.12852	0.11660
TTA	TTT	AT	10.63287	0.00000	0.00000	-10.63287	0.02803	0.00001
TTA	TTC	AC	10.44132	0.00000	0.00000	-10.44132	0.10464	0.00003
TTG	TTT	GT	2.40681	0.00077	0.00203	-2.40681	0.00850	0.00203
TTG	TTC	GC	2.21526	0.00346	0.00861	-2.21526	0.03173	0.00861
TTG	TTA	GA	-8.22606	0.01850	0.00004	8.22606	0.00000	0.00000
TCT	TTT	CT	1.29914	0.03506	0.06262	-1.29914	0.12852	0.06262
TCC	TTC	CT	1.59263	0.09759	0.19510	-1.59263	0.47980	0.19510
TCC	TCT	CT	0.48505	0.09759	0.12316	-0.48505	0.15850	0.12316
TCA	TTA	CT	-4.13760	0.00095	0.00006	4.13760	0.00000	0.00000
TCA	TCT	AT	5.19614	0.00019	0.00100	-5.19614	0.03457	0.00100
TCA	TCC	AC	4.71109	0.00087	0.00411	-4.71109	0.09623	0.00411
TCG	TTG	CT	2.89515	0.00095	0.00290	-2.89515	0.01714	0.00290
TCG	TCT	GT	4.00283	0.00019	0.00078	-4.00283	0.01048	0.00078
TCG	TCC	GC	3.51778	0.00087	0.00314	-3.51778	0.02918	0.00314
TCG	TCA	GA	-1.19331	0.00462	0.00240	1.19331	0.00140	0.00240
TAT	TTT	AT	10.63287	0.00000	0.00000	-10.63287	0.02803	0.00001
TAT	TCT	AC	9.33373	0.00000	0.00000	-9.33373	0.03457	0.00003
TAC	TTC	AT	1.90927	0.01551	0.03476	-1.90927	0.10464	0.03476
TAC	TCC	AC	0.31664	0.07011	0.08180	-0.31664	0.09623	0.08180
TAC	TAT	CT	-8.53205	0.07674	0.00013	8.53205	0.00000	0.00000
TGT	TTT	GT	1.22816	0.00249	0.00432	-1.22816	0.00850	0.00432
TGT	TCT	GC	-0.07098	0.01125	0.01086	0.07098	0.01048	0.01086
TGT	TAT	GA	-9.40471	0.06011	0.00005	9.40471	0.00000	0.00000
TGC	TTC	GT	1.47282	0.00727	0.01390	-1.47282	0.03173	0.01390
TGC	TCC	GC	-0.11981	0.03289	0.03096	0.11981	0.02918	0.03096
TGC	TAC	GA	-0.43644	0.17571	0.14014	0.43644	0.11356	0.14014
TGC	TGT	CT	0.43622	0.03600	0.04442	-0.43622	0.05569	0.04442
TGG	TTG	GT	-2.51225	0.01397	0.00310	2.51225	0.00113	0.00310
TGG	TCG	GC	-5.40741	0.06319	0.00154	5.40741	0.00028	0.00154
TGG	TGT	GT	-1.33360	0.01397	0.00667	1.33360	0.00368	0.00667
TGG	TGC	GC	-1.76982	0.06319	0.02296	1.76982	0.01076	0.02296
CTT	TTT	CT	10.55651	0.00000	0.00000	-10.55651	0.12852	0.00004
CTC	TTC	CT	1.45667	0.11180	0.21233	-1.45667	0.47980	0.21233
CTC	CTT	CT	-8.90828	0.11180	0.00013	8.90828	0.00000	0.00000
CTA	TTA	CT	-4.83075	0.00189	0.00007	4.83075	0.00000	0.00000
CTA	CTT	AT	-4.75439	0.00038	0.00002	4.75439	0.00000	0.00000
CTA	CTC	AC	4.15390	0.00173	0.00731	-4.15390	0.11024	0.00731
CTG	TTG	CT	-2.46143	0.20086	0.04611	2.46143	0.01714	0.04611
CTG	CTT	GT	-10.61113	0.04058	0.00001	10.61113	0.00000	0.00000
CTG	CTC	GC	-1.70285	0.18350	0.06960	1.70285	0.03343	0.06960
CTG	CTA	GA	-5.85675	0.98025	0.01647	5.85675	0.00280	0.01647
CCT	TCT	CT	0.49480	0.09664	0.12251	-0.49480	0.15850	0.12251
CCT	CTT	CT	-8.76257	0.09664	0.00013	8.76257	0.00000	0.00000
CCC	TCC	CT	1.37290	0.11180	0.20557	-1.37290	0.44124	0.20557
CCC	CTC	CT	1.50886	0.11180	0.21659	-1.50886	0.50550	0.21659
CCC	CCT	CT	1.36315	0.11180	0.20479	-1.36315	0.43696	0.20479
CCA	TCA	CT	-2.01750	0.03221	0.00997	2.01750	0.00428	0.00997
CCA	CTA	CT	-1.32435	0.03221	0.01546	1.32435	0.00857	0.01546
CCA	CCT	AT	2.68383	0.00651	0.01875	-2.68383	0.09530	0.01875
CCA	CCC	AC	1.32068	0.02943	0.05302	-1.32068	0.11024	0.05302
CCG	TCG	CT	-1.19919	0.01421	0.00735	1.19919	0.00428	0.00735
CCG	CTG	CT	4.15739	0.01421	0.06002	-4.15739	0.90819	0.06002
CCG	CCT	GT	2.30883	0.00287	0.00736	-2.30883	0.02890	0.00736
CCG	CCC	GC	0.94569	0.01298	0.02008	-0.94569	0.03343	0.02008
CCG	CCA	GA	-0.37500	0.06936	0.05716	0.37500	0.04767	0.05716
CAT	TAT	CT	-6.44018	0.00947	0.00010	6.44018	0.00000	0.00000
CAT	CTT	AT	-6.36383	0.00191	0.00002	6.36383	0.00000	0.00000
CAT	CCT	AC	2.39875	0.00866	0.02284	-2.39875	0.09530	0.02284
CAC	TAC	CT	2.16564	0.03979	0.09734	-2.16564	0.34700	0.09734
CAC	CTC	AT	2.61823	0.00804	0.02271	-2.61823	0.11024	0.02271
CAC	CCC	AC	1.10937	0.03635	0.06017	-1.10937	0.11024	0.06017
CAC	CAT	CT	0.07377	0.03979	0.04128	-0.07377	0.04284	0.04128
CAA	CTA	AT	0.08114	0.00172	0.00179	-0.08114	0.00187	0.00179
CAA	CCA	AC	1.40549	0.00779	0.01451	-1.40549	0.03177	0.01451
CAA	CAT	AT	1.69058	0.00172	0.00357	-1.69058	0.00934	0.00357
CAA	CAC	AC	1.61680	0.00779	0.01572	-1.61680	0.03924	0.01572
CAG	CTG	AT	2.42002	0.01761	0.04678	-2.42002	0.19807	0.04678
CAG	CCG	AC	-1.73738	0.07963	0.02955	1.73738	0.01401	0.02955
CAG	CAT	GT	-1.82729	0.01761	0.00617	1.82729	0.00283	0.00617
CAG	CAC	GC	-1.90107	0.07963	0.02659	1.90107	0.01190	0.02659
CAG	CAA	GA	-3.51787	0.42539	0.04575	3.51787	0.01262	0.04575
CGT	TGT	CT	2.68751	0.00379	0.01093	-2.68751	0.05569	0.01093
CGT	CTT	GT	-6.64084	0.00077	0.00001	6.64084	0.00000	0.00000
CGT	CCT	GC	2.12173	0.00346	0.00835	-2.12173	0.02890	0.00835
CGT	CAT	GA	-0.27702	0.01850	0.01605	0.27702	0.01402	0.01605
CGC	TGC	CT	1.71246	0.02937	0.06137	-1.71246	0.16279	0.06137
CGC	CTC	GT	1.72861	0.00593	0.01247	-1.72861	0.03343	0.01247
CGC	CCC	GC	0.21975	0.02683	0.02989	-0.21975	0.03343	0.02989
CGC	CAC	GA	-0.88962	0.14334	0.08891	0.88962	0.05889	0.08891
CGC	CGT	CT	-0.53883	0.02937	0.02216	0.53883	0.01714	0.02216
CGA	CTA	GT	-1.55400	0.00268	0.00112	1.55400	0.00057	0.00112
CGA	CCA	GC	-0.22965	0.01212	0.01078	0.22965	0.00963	0.01078
CGA	CAA	GA	-1.63514	0.06473	0.02563	1.63514	0.01262	0.02563
CGA	CGT	AT	0.33245	0.00268	0.00315	-0.33245	0.00374	0.00315
CGA	CGC	AC	0.87129	0.01212	0.01815	-0.87129	0.02896	0.01815
CGG	TGG	CT	2.66382	0.02179	0.06240	-2.66382	0.31273	0.06240
CGG	CTG	GT	2.61300	0.00440	0.01242	-2.61300	0.06006	0.01242
CGG	CCG	GC	-1.54439	0.01991	0.00834	1.54439	0.00425	0.00834
CGG	CAG	GA	0.19299	0.10635	0.11694	-0.19299	0.12899	0.11694
CGG	CGT	GT	-1.35729	0.00440	0.00207	1.35729	0.00113	0.00207
CGG	CGC	GC	-0.81846	0.01991	0.01286	0.81846	0.00878	0.01286
CGG	CGA	GA	-1.68974	0.10635	0.04067	1.68974	0.01963	0.04067
ATT	TTT	AT	3.04050	0.00134	0.00428	-3.04050	0.02803	0.00428
ATT	CTT	AC	-7.51601	0.00606	0.00002	7.51601	0.00000	0.00000
ATC	TTC	AT	2.08421	0.01302	0.03099	-2.08421	0.10464	0.03099
ATC	CTC	AC	0.62754	0.05886	0.07925	-0.62754	0.11024	0.07925
ATC	ATT	CT	-0.76474	0.06443	0.04290	0.76474	0.02999	0.04290
ATA	TTA	AT	-5.44753	0.00077	0.00002	5.44753	0.00000	0.00000
ATA	CTA	AC	-0.61679	0.00346	0.00250	0.61679	0.00187	0.00250
ATA	ATT	AT	2.14483	0.00077	0.00186	-2.14483	0.00654	0.00186
ATA	ATC	AC	2.90957	0.00346	0.01065	-2.90957	0.06353	0.01065
ATG	TTG	AT	-2.14048	0.03178	0.00907	2.14048	0.00374	0.00907
ATG	CTG	AC	0.32096	0.14369	0.16798	-0.32096	0.19807	0.16798
ATG	ATT	GT	-2.77417	0.03178	0.00587	2.77417	0.00198	0.00587
ATG	ATC	GC	-2.00943	0.14369	0.04470	2.00943	0.01926	0.04470
ATG	ATA	GA	-4.91900	0.76756	0.02779	4.91900	0.00561	0.02779
ACT	TCT	AT	2.48809	0.00287	0.00779	-2.48809	0.03457	0.00779
ACT	CCT	AC	1.99328	0.01298	0.02996	-1.99328	0.09530	0.02996
ACT	ATT	CT	0.74672	0.01421	0.02017	-0.74672	0.02999	0.02017
ACC	TCC	AT	2.32813	0.00938	0.02420	-2.32813	0.09623	0.02420
ACC	CCC	AC	0.95522	0.04241	0.06585	-0.95522	0.11024	0.06585
ACC	ATC	CT	1.83655	0.04642	0.10142	-1.83655	0.29131	0.10142
ACC	ACT	CT	0.32509	0.04642	0.05438	-0.32509	0.06426	0.05438
ACA	TCA	AT	0.89207	0.00038	0.00058	-0.89207	0.00093	0.00058
ACA	CCA	AC	2.90957	0.00173	0.00533	-2.90957	0.03177	0.00533
ACA	ATA	CT	2.20201	0.00189	0.00469	-2.20201	0.01714	0.00469
ACA	ACT	AT	3.60012	0.00038	0.00142	-3.60012	0.01401	0.00142
ACA	ACC	AC	3.27503	0.00173	0.00589	-3.27503	0.04578	0.00589
ACG	TCG	AT	-2.66328	0.01340	0.00267	2.66328	0.00093	0.00267
ACG	CCG	AC	-1.46409	0.06059	0.02669	1.46409	0.01401	0.02669
ACG	ATG	CT	2.37235	0.06632	0.17352	-2.37235	0.71113	0.17352
ACG	ACT	GT	-1.14853	0.01340	0.00715	1.14853	0.00425	0.00715
ACG	ACC	GC	-1.47362	0.06059	0.02653	1.47362	0.01388	0.02653
ACG	ACA	GA	-4.74866	0.32367	0.01343	4.74866	0.00280	0.01343
AAT	TAT	AT	-6.54615	0.00230	0.00002	6.54615	0.00000	0.00000
AAT	CAT	AC	-0.10596	0.01039	0.00985	0.10596	0.00934	0.00985
AAT	ATT	AT	1.04622	0.00230	0.00370	-1.04622	0.00654	0.00370
AAT	ACT	AC	0.29950	0.01039	0.01202	-0.29950	0.01401	0.01202
AAC	TAC	AT	1.79001	0.01263	0.02715	-1.79001	0.07568	0.02715
AAC	CAC	AC	-0.37563	0.05713	0.04707	0.37563	0.03924	0.04707
AAC	ATC	AT	1.61507	0.01263	0.02547	-1.61507	0.06353	0.02547
AAC	ACC	AC	-0.22148	0.05713	0.05104	0.22148	0.04578	0.05104
AAC	AAT	CT	-0.19589	0.06253	0.05661	0.19589	0.05141	0.05661
AAA	CAA	AC	-0.49901	0.01385	0.01068	0.49901	0.00841	0.01068
AAA	ATA	AT	0.19892	0.00306	0.00338	-0.19892	0.00374	0.00338
AAA	ACA	AC	-2.00308	0.01385	0.00433	2.00308	0.00187	0.00433
AAA	AAT	AT	1.29754	0.00306	0.00547	-1.29754	0.01121	0.00547
AAA	AAC	AC	1.49342	0.01385	0.02667	-1.49342	0.06166	0.02667
AAG	CAG	AC	-0.69516	0.17225	0.11926	0.69516	0.08595	0.11926
AAG	ATG	AT	1.40390	0.03810	0.07090	-1.40390	0.15509	0.07090
AAG	ACG	AC	-0.96845	0.17225	0.10210	0.96845	0.06540	0.10210
AAG	AAT	GT	-2.41649	0.03810	0.00902	2.41649	0.00340	0.00902
AAG	AAC	GC	-2.22060	0.17225	0.04657	2.22060	0.01870	0.04657
AAG	AAA	GA	-3.71402	0.92014	0.08540	3.71402	0.02243	0.08540
AGT	TGT	AT	0.30002	0.00900	0.01041	-0.30002	0.01215	0.01041
AGT	CGT	AC	-2.38749	0.04068	0.00982	2.38749	0.00374	0.00982
AGT	ATT	GT	-1.51233	0.00900	0.00385	1.51233	0.00198	0.00385
AGT	ACT	GC	-2.25905	0.04068	0.01072	2.25905	0.00425	0.01072
AGT	AAT	GA	-2.55855	0.21732	0.04666	2.55855	0.01682	0.04666
AGC	TGC	AT	1.25251	0.01015	0.01779	-1.25251	0.03550	0.01779
AGC	CGC	AC	-0.45995	0.04588	0.03613	0.45995	0.02896	0.03613
AGC	ATC	GT	0.64113	0.01015	0.01374	-0.64113	0.01926	0.01374
AGC	ACC	GC	-1.19542	0.04588	0.02379	1.19542	0.01388	0.02379
AGC	AAC	GA	-0.97394	0.24506	0.14480	0.97394	0.09253	0.14480
AGC	AGT	CT	1.38871	0.05021	0.09290	-1.38871	0.20134	0.09290
AGA	CGA	AC	-0.11780	0.01471	0.01387	0.11780	0.01308	0.01387
AGA	ATA	GT	-1.05501	0.00325	0.00183	1.05501	0.00113	0.00183
AGA	ACA	GC	-3.25701	0.01471	0.00192	3.25701	0.00057	0.00192
AGA	AAA	GA	-1.25393	0.07861	0.03936	1.25393	0.02243	0.03936
AGA	AGT	AT	2.60215	0.00325	0.00915	-2.60215	0.04391	0.00915
AGA	AGC	AC	1.21344	0.01471	0.02541	-1.21344	0.04952	0.02541
AGG	TGG	AT	2.32033	0.00670	0.01724	-2.32033	0.06820	0.01724
AGG	CGG	AC	-0.34350	0.03030	0.02539	0.34350	0.02149	0.02539
AGG	ATG	GT	1.94855	0.00670	0.01522	-1.94855	0.04703	0.01522
AGG	ACG	GC	-0.42380	0.03030	0.02433	0.42380	0.01983	0.02433
AGG	AAG	GA	0.54465	0.16183	0.20989	-0.54465	0.27900	0.20989
AGG	AGT	GT	0.68671	0.00670	0.00926	-0.68671	0.01331	0.00926
AGG	AGC	GC	-0.70200	0.03030	0.02090	0.70200	0.01501	0.02090
AGG	AGA	GA	-1.91544	0.16183	0.05354	1.91544	0.02383	0.05354
GTT	TTT	GT	9.43957	0.00000	0.00000	-9.43957	0.00850	0.00001
GTT	CTT	GC	-1.11695	0.00000	0.00000	1.11695	0.00000	0.00000
GTT	ATT	GA	6.39906	0.00000	0.00000	-6.39906	0.00981	0.00010
GTC	TTC	GT	1.58405	0.00651	0.01297	-1.58405	0.03173	0.01297
GTC	CTC	GC	0.12738	0.02943	0.03134	-0.12738	0.03343	0.03134
GTC	ATC	GA	-0.50016	0.15721	0.12116	0.50016	0.09534	0.12116
GTC	GTT	CT	-7.66396	0.03221	0.00012	7.66396	0.00000	0.00000
GTA	TTA	GT	0.39191	0.00000	0.00000	-0.39191	0.00000	0.00000
GTA	CTA	GC	5.22266	0.00000	0.00000	-5.22266	0.00057	0.00002
GTA	ATA	GA	5.83944	0.00000	0.00000	-5.83944	0.00561	0.00010
GTA	GTT	AT	1.58522	0.00000	0.00000	-1.58522	0.00000	0.00000
GTA	GTC	AC	9.24918	0.00000	0.00000	-9.24918	0.03177	0.00003
GTG	TTG	GT	-2.99248	0.02259	0.00357	2.99248	0.00113	0.00357
GTG	CTG	GC	-0.53105	0.10214	0.07741	0.53105	0.06006	0.07741
GTG	ATG	GA	-0.85200	0.54561	0.34579	0.85200	0.23274	0.34579
GTG	GTT	GT	-10.02523	0.02259	0.00001	10.02523	0.00000	0.00000
GTG	GTC	GC	-2.36127	0.10214	0.02511	2.36127	0.00963	0.02511
GTG	GTA	GA	-11.61045	0.54561	0.00006	11.61045	0.00000	0.00000
GCT	TCT	GT	0.56884	0.00593	0.00778	-0.56884	0.01048	0.00778
GCT	CCT	GC	0.07404	0.02683	0.02784	-0.07404	0.02890	0.02784
GCT	ACT	GA	-1.91924	0.14334	0.04730	1.91924	0.02103	0.04730
GCT	GTT	CT	-7.57159	0.02937	0.00011	7.57159	0.00000	0.00000
GCC	TCC	GT	-0.16075	0.03427	0.03159	0.16075	0.02918	0.03159
GCC	CCC	GC	-1.53365	0.15494	0.06537	1.53365	0.03343	0.06537
GCC	ACC	GA	-2.48887	0.82767	0.18646	2.48887	0.06870	0.18646
GCC	GTC	CT	-0.15217	0.16959	0.15702	0.15217	0.14565	0.15702
GCC	GCT	CT	-0.24454	0.16959	0.14970	0.24454	0.13280	0.14970
GCA	TCA	GT	-0.30124	0.00038	0.00033	0.30124	0.00028	0.00033
GCA	CCA	GC	1.71626	0.00173	0.00362	-1.71626	0.00963	0.00362
GCA	ACA	GA	-1.19331	0.00925	0.00480	1.19331	0.00280	0.00480
GCA	GTA	CT	-4.83075	0.00189	0.00007	4.83075	0.00000	0.00000
GCA	GCT	AT	4.32606	0.00038	0.00168	-4.32606	0.02896	0.00168
GCA	GCC	AC	4.57060	0.00173	0.00800	-4.57060	0.16723	0.00800
GCG	TCG	GT	-4.29944	0.02087	0.00123	4.29944	0.00028	0.00123
GCG	CCG	GC	-3.10025	0.09435	0.01380	3.10025	0.00425	0.01380
GCG	ACG	GA	-1.63616	0.50400	0.19940	1.63616	0.09814	0.19940
GCG	GTG	CT	1.58820	0.10327	0.20612	-1.58820	0.50550	0.20612
GCG	GCT	GT	-0.86545	0.02087	0.01312	0.86545	0.00878	0.01312
GCG	GCC	GC	-0.62091	0.09435	0.06807	0.62091	0.05071	0.06807
GCG	GCA	GA	-5.19151	0.50400	0.01464	5.19151	0.00280	0.01464
GAT	TAT	GT	-8.14492	0.00345	0.00001	8.14492	0.00000	0.00000
GAT	CAT	GC	-1.70474	0.01558	0.00590	1.70474	0.00283	0.00590
GAT	AAT	GA	-1.59877	0.08323	0.03371	1.59877	0.01682	0.03371
GAT	GTT	AT	-6.95161	0.00345	0.00002	6.95161	0.00000	0.00000
GAT	GCT	AC	0.61997	0.01558	0.02091	-0.61997	0.02896	0.02091
GAC	TAC	GT	-0.41765	0.03484	0.02807	0.41765	0.02295	0.02807
GAC	CAC	GC	-2.58329	0.15754	0.03325	2.58329	0.01190	0.03325
GAC	AAC	GA	-2.20766	0.84154	0.22952	2.20766	0.09253	0.22952
GAC	GTC	AT	-0.09243	0.03484	0.03326	0.09243	0.03177	0.03326
GAC	GCC	AC	0.05974	0.15754	0.16229	-0.05974	0.16723	0.16229
GAC	GAT	CT	-0.80478	0.17243	0.11226	0.80478	0.07711	0.11226
GAA	CAA	GC	-1.91546	0.01731	0.00573	1.91546	0.00255	0.00573
GAA	AAA	GA	-1.41645	0.09248	0.04195	1.41645	0.02243	0.04195
GAA	GTA	AT	-7.05697	0.00383	0.00002	7.05697	0.00000	0.00000
GAA	GCA	AC	-2.22623	0.01731	0.00466	2.22623	0.00187	0.00466
GAA	GAT	AT	1.47986	0.00383	0.00734	-1.47986	0.01682	0.00734
GAA	GAC	AC	2.28463	0.01731	0.04403	-2.28463	0.17004	0.04403
GAG	CAG	GC	-2.47569	0.30988	0.07045	2.47569	0.02606	0.07045
GAG	AAG	GA	-1.78054	1.65533	0.59748	1.78054	0.27900	0.59748
GAG	GTG	AT	0.47537	0.06853	0.08611	-0.47537	0.11024	0.08611
GAG	GCG	AC	-1.11283	0.30988	0.16880	1.11283	0.10184	0.16880
GAG	GAT	GT	-2.59825	0.06853	0.01431	2.59825	0.00510	0.01431
GAG	GAC	GC	-1.79347	0.30988	0.11092	1.79347	0.05156	0.11092
GAG	GAA	GA	-4.07811	1.65533	0.11632	4.07811	0.02804	0.11632
GGT	TGT	GT	0.12365	0.00325	0.00346	-0.12365	0.00368	0.00346
GGT	CGT	GC	-2.56387	0.01471	0.00315	2.56387	0.00113	0.00315
GGT	AGT	GA	-0.17637	0.07861	0.07188	0.17637	0.06590	0.07188
GGT	GTT	GT	-8.08776	0.00325	0.00001	8.08776	0.00000	0.00000
GGT	GCT	GC	-0.51617	0.01471	0.01124	0.51617	0.00878	0.01124
GGT	GAT	GA	-1.13615	0.07861	0.04223	1.13615	0.02524	0.04223
GGC	TGC	GT	-0.88316	0.02604	0.01621	0.88316	0.01076	0.01621
GGC	CGC	GC	-2.59562	0.11772	0.02463	2.59562	0.00878	0.02463
GGC	AGC	GA	-2.13567	0.62884	0.17996	2.13567	0.07431	0.17996
GGC	GTC	GT	-0.99438	0.02604	0.01520	0.99438	0.00963	0.01520
GGC	GCC	GC	-0.84222	0.11772	0.07502	0.84222	0.05071	0.07502
GGC	GAC	GA	-0.90196	0.62884	0.38731	0.90196	0.25517	0.38731
GGC	GGT	CT	-0.57058	0.12885	0.09557	0.57058	0.07283	0.09557
GGA	CGA	GC	-1.84519	0.02510	0.00869	1.84519	0.00397	0.00869
GGA	AGA	GA	-1.72739	0.13409	0.05007	1.72739	0.02383	0.05007
GGA	GTA	GT	-8.62184	0.00555	0.00001	8.62184	0.00000	0.00000
GGA	GCA	GC	-3.79110	0.02510	0.00220	3.79110	0.00057	0.00220
GGA	GAA	GA	-1.56487	0.13409	0.05548	1.56487	0.02804	0.05548
GGA	GGT	AT	1.05114	0.00555	0.00897	-1.05114	0.01588	0.00897
GGA	GGC	AC	1.62172	0.02510	0.05073	-1.62172	0.12706	0.05073
GGG	TGG	GT	-0.34151	0.02910	0.02441	0.34151	0.02068	0.02441
GGG	CGG	GC	-3.00533	0.13157	0.02060	3.00533	0.00652	0.02060
GGG	AGG	GA	-2.66184	0.70282	0.14042	2.66184	0.04907	0.14042
GGG	GTG	GT	0.13871	0.02910	0.03116	-0.13871	0.03343	0.03116
GGG	GCG	GC	-1.44948	0.13157	0.05848	1.44948	0.03088	0.05848
GGG	GAG	GA	-0.33665	0.70282	0.59114	0.33665	0.50192	0.59114
GGG	GGT	GT	-1.79876	0.02910	0.01038	1.79876	0.00482	0.01038
GGG	GGC	GC	-1.22817	0.13157	0.06691	1.22817	0.03853	0.06691
GGG	GGA	GA	-2.84989	0.70282	0.12299	2.84989	0.04066	0.12299


Histograms
2Ns	FMut	FSub(CodonUsage)	FSubw(after w)

-11.05757	0.01872	0.00000
-9.95181	0.00476	0.00000
-8.84606	0.00867	0.00002
-7.74030	0.00225	0.00001
-6.63454	0.00077	0.00001
-5.52879	0.03859	0.00143
-4.42303	0.09942	0.01022
-3.31727	0.06309	0.01424
-2.21151	0.27255	0.13424
-1.10576	0.22197	0.19803
0.00000	0.16571	0.28362
1.10576	0.06734	0.19803
2.21151	0.03220	0.13424
3.31727	0.00246	0.01424
4.42303	0.00136	0.01021
5.52879	0.00015	0.00143
6.63454	0.00000	0.00000
7.74030	0.00000	0.00000
8.84606	0.00000	0.00000
9.95181	0.00000	0.00000
11.05757	0.00000	0.00000

Proportion of advantageous (S > 0) mutations:
 0.17314

Proportions of good & bad mutations (|S| > 2.0000) among mutations:
0.02065  0.41531

mean |Ns| = 2.30146	mean Ns+ = 1.03893	mean Ns- = -2.56582


MLEs of dN/dS (w) for site classes (K=4)

site class             0        1       2a       2b
proportion       0.73497  0.25066  0.01071  0.00365
background w     0.13063  0.95446  0.13063  0.95446
foreground w     0.13063  0.95446 35.50842 35.50842

Naive Empirical Bayes (NEB) probabilities for 4 classes
(amino acids refer to 1st sequence: Egla)

   1 M   0.12489 0.86563 0.00432 0.00516 ( 2)
   2 V   0.13809 0.85540 0.00316 0.00335 ( 2)
   3 S   0.88526 0.11439 0.00030 0.00005 ( 1)
   4 L   0.46712 0.50162 0.02660 0.00466 ( 2)
   5 P   0.49571 0.48030 0.02065 0.00334 ( 1)
   6 W   0.37820 0.62054 0.00046 0.00080 ( 2)
   7 P   0.79039 0.20044 0.00730 0.00188 ( 1)
   8 H   0.91731 0.08113 0.00142 0.00013 ( 1)
   9 W   0.78723 0.20416 0.00682 0.00179 ( 1)
  10 L   0.78275 0.20811 0.00720 0.00194 ( 1)
  11 S   0.86353 0.13258 0.00336 0.00054 ( 1)
  12 S   0.88148 0.11663 0.00165 0.00023 ( 1)
  13 A   0.82882 0.16551 0.00470 0.00096 ( 1)
  14 A   0.82945 0.16456 0.00498 0.00102 ( 1)
  15 P   0.36207 0.62768 0.00372 0.00653 ( 2)
  16 L   0.78275 0.20811 0.00720 0.00194 ( 1)
  17 H   0.57955 0.41886 0.00090 0.00069 ( 1)
  18 S   0.86662 0.12939 0.00345 0.00054 ( 1)
  19 H   0.91731 0.08113 0.00142 0.00013 ( 1)
  20 M   0.45120 0.54537 0.00151 0.00192 ( 2)
  21 A   0.82882 0.16552 0.00470 0.00096 ( 1)
  22 G   0.45341 0.54192 0.00208 0.00259 ( 2)
  23 L   0.78275 0.20811 0.00720 0.00194 ( 1)
  24 P   0.86201 0.13396 0.00347 0.00056 ( 1)
  25 L   0.78275 0.20811 0.00720 0.00194 ( 1)
  26 P   0.79039 0.20044 0.00730 0.00188 ( 1)
  27 R   0.82005 0.17373 0.00512 0.00111 ( 1)
  28 A   0.47924 0.51654 0.00199 0.00223 ( 2)
  29 P   0.92245 0.07652 0.00094 0.00008 ( 1)
  30 S   0.86353 0.13258 0.00336 0.00054 ( 1)
  31 P   0.79317 0.19766 0.00732 0.00185 ( 1)
  32 L   0.81844 0.17242 0.00753 0.00161 ( 1)
  33 S   0.82593 0.16745 0.00548 0.00114 ( 1)
  34 G   0.45390 0.54143 0.00209 0.00258 ( 2)
  35 L   0.85150 0.14390 0.00392 0.00069 ( 1)
  36 A   0.87050 0.12601 0.00304 0.00046 ( 1)
  37 E   0.43563 0.55843 0.00255 0.00338 ( 2)
  38 P   0.84098 0.14985 0.00776 0.00140 ( 1)
  39 C   0.90096 0.09688 0.00194 0.00022 ( 1)
  40 S   0.86624 0.12977 0.00345 0.00054 ( 1)
  41 P   0.86201 0.13396 0.00347 0.00056 ( 1)
  42 L   0.44487 0.55046 0.00205 0.00263 ( 2)
  43 T   0.11543 0.88044 0.00046 0.00367 ( 2)
  44 T   0.91661 0.08182 0.00143 0.00014 ( 1)
  45 H   0.51279 0.48459 0.00132 0.00130 ( 1)
  46 P   0.46480 0.53110 0.00187 0.00222 ( 2)
  47 C   0.42700 0.56778 0.00221 0.00301 ( 2)
  48 A   0.83303 0.16097 0.00500 0.00099 ( 1)
  49 A   0.82945 0.16456 0.00498 0.00102 ( 1)
  50 W   0.78723 0.20416 0.00682 0.00179 ( 1)
  51 P   0.77844 0.20719 0.01135 0.00302 ( 1)
  52 Q   0.87518 0.11045 0.01276 0.00161 ( 1)
  53 A   0.81073 0.17491 0.01182 0.00255 ( 1)
  54 C   0.87251 0.11312 0.01272 0.00165 ( 1)
  55 S   0.84191 0.14372 0.01227 0.00209 ( 1)
  56 G   0.84122 0.14441 0.01226 0.00210 ( 1)
  57 L   0.77195 0.21368 0.01125 0.00311 ( 1)
  58 G   0.84122 0.14441 0.01226 0.00210 ( 1)
  59 P   0.80566 0.18516 0.00744 0.00174 ( 1)
  60 P   0.78161 0.20820 0.00803 0.00217 ( 1)
  61 A   0.82945 0.16456 0.00498 0.00102 ( 1)
  62 S   0.86353 0.13258 0.00336 0.00054 ( 1)
  63 P   0.85727 0.13870 0.00345 0.00058 ( 1)
  64 G   0.42291 0.57012 0.00293 0.00404 ( 2)
  65 L   0.78275 0.20811 0.00720 0.00194 ( 1)
  66 R   0.94657 0.05264 0.00074 0.00005 ( 1)
  67 G   0.89726 0.10006 0.00240 0.00028 ( 1)
  68 G   0.85694 0.13759 0.00456 0.00090 ( 1)
  69 G   0.88489 0.11441 0.00060 0.00009 ( 1)
  70 A   0.32766 0.50394 0.13739 0.03100 ( 2)
  71 P   0.81203 0.18470 0.00262 0.00065 ( 1)
  72 G   0.89783 0.10173 0.00039 0.00005 ( 1)
  73 E   0.13216 0.86548 0.00026 0.00210 ( 2)
  74 P   0.08380 0.87459 0.01580 0.02581 ( 2)
  75 G   0.90215 0.09715 0.00061 0.00008 ( 1)
  76 P   0.90406 0.09555 0.00035 0.00005 ( 1)
  77 V   0.00003 0.58998 0.00106 0.40893 ( 2)
  78 S   0.00094 0.00568 0.89392 0.09946 ( 3)
  79 P   0.82367 0.17283 0.00282 0.00067 ( 1)
  80 Q   0.02238 0.97555 0.00024 0.00183 ( 2)
  81 T   0.93511 0.06479 0.00009 0.00001 ( 1)
  82 E   0.88206 0.11676 0.00102 0.00016 ( 1)
  83 R   0.69671 0.30325 0.00002 0.00001 ( 1)
  84 L   0.80656 0.19124 0.00175 0.00044 ( 1)
  85 T   0.94333 0.05657 0.00009 0.00001 ( 1)
  86 A   0.91064 0.08913 0.00021 0.00003 ( 1)
  87 E   0.88615 0.11267 0.00103 0.00015 ( 1)
  88 Q   0.88302 0.11673 0.00022 0.00003 ( 1)
  89 I   0.60731 0.39256 0.00007 0.00006 ( 1)
  90 K   0.12568 0.87296 0.00015 0.00121 ( 2)
  91 E   0.50798 0.49075 0.00059 0.00067 ( 1)
  92 Y   0.89371 0.10603 0.00023 0.00003 ( 1)
  93 K   0.13669 0.86280 0.00006 0.00045 ( 2)
  94 G   0.90390 0.09573 0.00033 0.00004 ( 1)
  95 V   0.96721 0.03277 0.00002 0.00000 ( 1)
  96 S   0.40389 0.59484 0.00049 0.00079 ( 2)
  97 E   0.88206 0.11676 0.00102 0.00016 ( 1)
  98 M   0.89716 0.10236 0.00042 0.00006 ( 1)
  99 F   0.83048 0.16830 0.00100 0.00022 ( 1)
 100 D   0.92079 0.07909 0.00010 0.00001 ( 1)
 101 E   0.88331 0.11551 0.00102 0.00016 ( 1)
 102 E   0.44814 0.42648 0.10852 0.01686 ( 1)
 103 G   0.89622 0.10334 0.00039 0.00005 ( 1)
 104 N   0.95285 0.04709 0.00006 0.00000 ( 1)
 105 G   0.90718 0.09245 0.00033 0.00004 ( 1)
 106 A   0.91190 0.08787 0.00021 0.00003 ( 1)
 107 V   0.91873 0.08102 0.00023 0.00003 ( 1)
 108 K   0.60485 0.39469 0.00025 0.00021 ( 1)
 109 T   0.93630 0.06360 0.00009 0.00001 ( 1)
 110 D   0.90584 0.09371 0.00040 0.00005 ( 1)
 111 E   0.88331 0.11551 0.00102 0.00016 ( 1)
 112 L   0.80578 0.19203 0.00175 0.00045 ( 1)
 113 E   0.88331 0.11551 0.00102 0.00016 ( 1)
 114 R   0.95734 0.04263 0.00003 0.00000 ( 1)
 115 L   0.89157 0.10795 0.00042 0.00006 ( 1)
 116 M   0.14442 0.85502 0.00007 0.00049 ( 2)
 117 S   0.86888 0.13022 0.00077 0.00013 ( 1)
 118 L   0.80726 0.19055 0.00175 0.00044 ( 1)
 119 R   0.09142 0.90802 0.00004 0.00052 ( 2)
 120 G   0.89906 0.10050 0.00039 0.00005 ( 1)
 121 T   0.60031 0.39955 0.00007 0.00006 ( 1)
 122 N   0.95285 0.04709 0.00006 0.00000 ( 1)
 123 P   0.90295 0.09665 0.00035 0.00005 ( 1)
 124 A   0.73667 0.26328 0.00004 0.00002 ( 1)
 125 K   0.90850 0.09107 0.00038 0.00005 ( 1)
 126 S   0.71632 0.28362 0.00004 0.00002 ( 1)
 127 E   0.49467 0.46347 0.03624 0.00563 ( 1)
 128 L   0.80726 0.19055 0.00175 0.00044 ( 1)
 129 A   0.86692 0.12869 0.00374 0.00066 ( 1)
 130 S   0.90464 0.09501 0.00031 0.00004 ( 1)
 131 -   0.89068 0.10884 0.00042 0.00006 ( 1)
 132 -   0.48144 0.51775 0.00036 0.00045 ( 2)
 133 -   0.90195 0.09762 0.00038 0.00005 ( 1)
 134 D   0.57186 0.42766 0.00025 0.00023 ( 1)
 135 V   0.91873 0.08102 0.00023 0.00003 ( 1)
 136 D   0.90584 0.09371 0.00040 0.00005 ( 1)
 137 R   0.64974 0.35017 0.00005 0.00004 ( 1)
 138 E   0.14387 0.85561 0.00006 0.00046 ( 2)
 139 K   0.89494 0.10463 0.00037 0.00005 ( 1)
 140 K   0.69589 0.30406 0.00003 0.00002 ( 1)
 141 G   0.56823 0.43137 0.00020 0.00019 ( 1)
 142 F   0.88464 0.11484 0.00045 0.00007 ( 1)
 143 F   0.88464 0.11484 0.00045 0.00007 ( 1)
 144 N   0.95333 0.04653 0.00013 0.00001 ( 1)
 145 C   0.66812 0.33176 0.00008 0.00005 ( 1)
 146 K   0.14771 0.85177 0.00006 0.00046 ( 2)
 147 G   0.68531 0.31463 0.00004 0.00003 ( 1)
 148 F   0.88464 0.11484 0.00045 0.00007 ( 1)
 149 L   0.80726 0.19055 0.00175 0.00044 ( 1)
 150 A   0.91239 0.08738 0.00021 0.00003 ( 1)
 151 R   0.36674 0.63100 0.00080 0.00146 ( 2)
 152 M   0.55386 0.44562 0.00026 0.00025 ( 1)
 153 G   0.90908 0.09055 0.00033 0.00004 ( 1)
 154 V   0.92264 0.07710 0.00023 0.00002 ( 1)
 155 Y   0.54435 0.45537 0.00014 0.00014 ( 1)
 156 W   0.81603 0.18275 0.00098 0.00024 ( 1)
 157 E   0.88719 0.11163 0.00103 0.00015 ( 1)
 158 K   0.90805 0.09040 0.00139 0.00016 ( 1)
 159 A   0.86570 0.13246 0.00158 0.00027 ( 1)
 160 Q   0.88433 0.11490 0.00068 0.00010 ( 1)
 161 N   0.95292 0.04658 0.00047 0.00003 ( 1)
 162 Q   0.88433 0.11490 0.00068 0.00010 ( 1)
 163 E   0.88232 0.11476 0.00254 0.00038 ( 1)
 164 S   0.46931 0.52863 0.00091 0.00115 ( 2)
 165 E   0.88232 0.11476 0.00254 0.00038 ( 1)
 166 L   0.89122 0.10728 0.00132 0.00018 ( 1)
 167 R   0.97722 0.02250 0.00028 0.00001 ( 1)
 168 A   0.91179 0.08723 0.00088 0.00010 ( 1)
 169 A   0.86570 0.13246 0.00158 0.00027 ( 1)
 170 F   0.51315 0.48522 0.00078 0.00085 ( 1)
 171 R   0.94411 0.05561 0.00026 0.00002 ( 1)
 172 I   0.91514 0.08428 0.00052 0.00006 ( 1)
 173 F   0.88429 0.11417 0.00134 0.00020 ( 1)
 174 D   0.90544 0.09305 0.00135 0.00017 ( 1)
 175 K   0.90677 0.09168 0.00138 0.00017 ( 1)
 176 E   0.88232 0.11476 0.00254 0.00038 ( 1)
 177 G   0.14567 0.85277 0.00020 0.00136 ( 2)
 178 K   0.90805 0.09040 0.00139 0.00016 ( 1)
 179 G   0.89992 0.09870 0.00123 0.00016 ( 1)
 180 Y   0.89498 0.10415 0.00076 0.00010 ( 1)
 181 I   0.91254 0.08688 0.00051 0.00006 ( 1)
 182 D   0.90544 0.09305 0.00135 0.00017 ( 1)
 183 W   0.81603 0.18275 0.00098 0.00024 ( 1)
 184 G   0.14973 0.82000 0.01572 0.01456 ( 2)
 185 T   0.21038 0.73908 0.03098 0.01956 ( 2)
 186 L   0.01528 0.09671 0.77889 0.10912 ( 3)
 187 T   0.16284 0.82312 0.00747 0.00657 ( 2)
 188 Y   0.89890 0.10084 0.00023 0.00003 ( 1)
 189 V   0.92264 0.07710 0.00023 0.00002 ( 1)
 190 L   0.90351 0.09601 0.00042 0.00005 ( 1)
 191 T   0.02241 0.97694 0.00001 0.00064 ( 2)
 192 H   0.06461 0.93534 0.00000 0.00005 ( 2)
 193 A   0.91585 0.08392 0.00021 0.00002 ( 1)
 194 G   0.90016 0.09940 0.00039 0.00005 ( 1)
 195 E   0.88719 0.11163 0.00103 0.00015 ( 1)
 196 P   0.90691 0.09270 0.00035 0.00004 ( 1)
 197 L   0.89548 0.10405 0.00042 0.00006 ( 1)
 198 S   0.94988 0.05006 0.00006 0.00000 ( 1)
 199 E   0.88719 0.11163 0.00103 0.00015 ( 1)
 200 V   0.40874 0.58901 0.00089 0.00137 ( 2)
 201 E   0.88719 0.11163 0.00103 0.00015 ( 1)
 202 A   0.86976 0.12948 0.00065 0.00011 ( 1)
 203 E   0.51829 0.48045 0.00060 0.00066 ( 1)
 204 Q   0.53176 0.46791 0.00016 0.00017 ( 1)
 205 M   0.90111 0.09841 0.00042 0.00006 ( 1)
 206 M   0.90111 0.09841 0.00042 0.00006 ( 1)
 207 K   0.58486 0.41462 0.00028 0.00024 ( 1)
 208 E   0.94454 0.05538 0.00007 0.00001 ( 1)
 209 A   0.86976 0.12948 0.00065 0.00011 ( 1)
 210 D   0.57893 0.42058 0.00025 0.00023 ( 1)
 211 K   0.91247 0.08710 0.00038 0.00005 ( 1)
 212 D   0.60575 0.39413 0.00007 0.00006 ( 1)
 213 G   0.91114 0.08849 0.00033 0.00004 ( 1)
 214 D   0.58340 0.41589 0.00038 0.00034 ( 1)
 215 G   0.58658 0.41303 0.00021 0.00018 ( 1)
 216 T   0.95827 0.04168 0.00005 0.00000 ( 1)
 217 I   0.93378 0.06622 0.00000 0.00000 ( 1)
 218 D   0.90981 0.08974 0.00040 0.00005 ( 1)
 219 H   0.55576 0.44396 0.00014 0.00014 ( 1)
 220 E   0.88325 0.11557 0.00102 0.00016 ( 1)
 221 E   0.87046 0.12835 0.00101 0.00018 ( 1)
 222 F   0.87168 0.12780 0.00044 0.00008 ( 1)
 223 V   0.90510 0.09465 0.00022 0.00003 ( 1)
 224 A   0.85415 0.14509 0.00064 0.00013 ( 1)
 225 M   0.88381 0.11571 0.00042 0.00007 ( 1)
 226 M   0.88381 0.11571 0.00042 0.00007 ( 1)
 227 T   0.93510 0.06482 0.00007 0.00001 ( 1)
 228 G   0.89362 0.10601 0.00032 0.00005 ( 1)
 229 E   0.87046 0.12835 0.00101 0.00018 ( 1)
 230 S   0.89109 0.10856 0.00030 0.00005 ( 1)
 231 F   0.87168 0.12780 0.00044 0.00008 ( 1)
 232 K   0.89494 0.10463 0.00037 0.00005 ( 1)
 233 L   0.81004 0.18776 0.00176 0.00044 ( 1)
 234 V   0.97083 0.02914 0.00002 0.00000 ( 1)
 235 Q   0.00790 0.99181 0.00000 0.00029 ( 2)


lnL = -1775.374640

Bayes Empirical Bayes (BEB) probabilities for 4 classes (class)
(amino acids refer to 1st sequence: Egla)

   1 M   0.17265 0.71840 0.05874 0.05021 ( 2)
   2 V   0.18707 0.70362 0.06199 0.04732 ( 2)
   3 S   0.89054 0.09819 0.00993 0.00134 ( 1)
   4 L   0.40889 0.35112 0.20893 0.03106 ( 1)
   5 P   0.43709 0.34044 0.19560 0.02687 ( 1)
   6 W   0.42818 0.54614 0.01095 0.01473 ( 2)
   7 P   0.78836 0.17371 0.03109 0.00685 ( 1)
   8 H   0.90730 0.06761 0.02326 0.00183 ( 1)
   9 W   0.78498 0.17692 0.03111 0.00700 ( 1)
  10 L   0.78098 0.18054 0.03128 0.00721 ( 1)
  11 S   0.85615 0.11276 0.02739 0.00370 ( 1)
  12 S   0.87499 0.09894 0.02331 0.00277 ( 1)
  13 A   0.82348 0.14209 0.02932 0.00512 ( 1)
  14 A   0.82421 0.14130 0.02939 0.00510 ( 1)
  15 P   0.41017 0.55085 0.01669 0.02229 ( 2)
  16 L   0.78098 0.18054 0.03128 0.00721 ( 1)
  17 H   0.61104 0.36334 0.01577 0.00985 ( 1)
  18 S   0.85926 0.10997 0.02720 0.00358 ( 1)
  19 H   0.90730 0.06761 0.02326 0.00183 ( 1)
  20 M   0.49431 0.47540 0.01523 0.01507 ( 1)
  21 A   0.82347 0.14209 0.02932 0.00512 ( 1)
  22 G   0.49597 0.47159 0.01648 0.01596 ( 1)
  23 L   0.78098 0.18054 0.03128 0.00721 ( 1)
  24 P   0.85473 0.11400 0.02751 0.00376 ( 1)
  25 L   0.78098 0.18054 0.03128 0.00721 ( 1)
  26 P   0.78836 0.17371 0.03109 0.00685 ( 1)
  27 R   0.81529 0.14945 0.02975 0.00550 ( 1)
  28 A   0.51931 0.44842 0.01717 0.01510 ( 1)
  29 P   0.91218 0.06359 0.02257 0.00167 ( 1)
  30 S   0.85615 0.11276 0.02739 0.00370 ( 1)
  31 P   0.79089 0.17118 0.03118 0.00675 ( 1)
  32 L   0.81329 0.14824 0.03255 0.00592 ( 1)
  33 S   0.82115 0.14395 0.02964 0.00526 ( 1)
  34 G   0.49643 0.47113 0.01649 0.01594 ( 1)
  35 L   0.84486 0.12283 0.02813 0.00417 ( 1)
  36 A   0.86264 0.10694 0.02698 0.00344 ( 1)
  37 E   0.47962 0.48677 0.01656 0.01705 ( 2)
  38 P   0.83404 0.12806 0.03286 0.00504 ( 1)
  39 C   0.89161 0.08133 0.02470 0.00235 ( 1)
  40 S   0.85892 0.11030 0.02719 0.00359 ( 1)
  41 P   0.85473 0.11400 0.02751 0.00376 ( 1)
  42 L   0.48809 0.47918 0.01638 0.01635 ( 1)
  43 T   0.17714 0.79107 0.00572 0.02608 ( 2)
  44 T   0.90669 0.06821 0.02326 0.00185 ( 1)
  45 H   0.55002 0.42011 0.01673 0.01314 ( 1)
  46 P   0.50650 0.46178 0.01643 0.01530 ( 1)
  47 C   0.47095 0.49427 0.01690 0.01787 ( 2)
  48 A   0.82744 0.13807 0.02950 0.00498 ( 1)
  49 A   0.82421 0.14130 0.02939 0.00510 ( 1)
  50 W   0.78498 0.17692 0.03111 0.00700 ( 1)
  51 P   0.77755 0.18000 0.03457 0.00788 ( 1)
  52 Q   0.86448 0.09306 0.03838 0.00407 ( 1)
  53 A   0.80682 0.15073 0.03586 0.00660 ( 1)
  54 C   0.86213 0.09542 0.03828 0.00417 ( 1)
  55 S   0.83489 0.12266 0.03709 0.00537 ( 1)
  56 G   0.83425 0.12329 0.03706 0.00539 ( 1)
  57 L   0.77167 0.18588 0.03432 0.00814 ( 1)
  58 G   0.83425 0.12329 0.03706 0.00539 ( 1)
  59 P   0.80221 0.15987 0.03162 0.00630 ( 1)
  60 P   0.78039 0.18082 0.03151 0.00728 ( 1)
  61 A   0.82421 0.14130 0.02939 0.00510 ( 1)
  62 S   0.85615 0.11276 0.02739 0.00370 ( 1)
  63 P   0.85048 0.11824 0.02738 0.00390 ( 1)
  64 G   0.46714 0.49683 0.01743 0.01861 ( 2)
  65 L   0.78098 0.18054 0.03128 0.00721 ( 1)
  66 R   0.93594 0.04311 0.01996 0.00099 ( 1)
  67 G   0.88828 0.08415 0.02510 0.00248 ( 1)
  68 G   0.86146 0.11887 0.01683 0.00284 ( 1)
  69 G   0.88886 0.09809 0.01152 0.00152 ( 1)
  70 A   0.28632 0.34643 0.30819 0.05906 ( 2)
  71 P   0.81349 0.16039 0.02158 0.00454 ( 1)
  72 G   0.90029 0.08674 0.01163 0.00135 ( 1)
  73 E   0.20067 0.78236 0.00296 0.01401 ( 2)
  74 P   0.11781 0.71564 0.07745 0.08910 ( 2)
  75 G   0.90431 0.08267 0.01173 0.00128 ( 1)
  76 P   0.90711 0.08130 0.01045 0.00114 ( 1)
  77 V   0.00030 0.45978 0.00623 0.53369 ( 4)
  78 S   0.00885 0.03478 0.87404 0.08233 ( 3)
  79 P   0.82898 0.15056 0.01701 0.00345 ( 1)
  80 Q   0.05139 0.88698 0.01234 0.04929 ( 2)
  81 T   0.93852 0.05432 0.00665 0.00051 ( 1)
  82 E   0.88396 0.10003 0.01414 0.00188 ( 1)
  83 R   0.72599 0.26743 0.00440 0.00218 ( 1)
  84 L   0.80748 0.16607 0.02174 0.00471 ( 1)
  85 T   0.94572 0.04715 0.00670 0.00044 ( 1)
  86 A   0.91411 0.07568 0.00926 0.00095 ( 1)
  87 E   0.88762 0.09638 0.01419 0.00181 ( 1)
  88 Q   0.88640 0.10009 0.01193 0.00158 ( 1)
  89 I   0.64461 0.34521 0.00612 0.00406 ( 1)
  90 K   0.19216 0.78973 0.00314 0.01497 ( 2)
  91 E   0.55210 0.43089 0.00891 0.00810 ( 1)
  92 Y   0.89683 0.09060 0.01122 0.00136 ( 1)
  93 K   0.20686 0.77988 0.00238 0.01089 ( 2)
  94 G   0.90729 0.08152 0.01008 0.00111 ( 1)
  95 V   0.96935 0.02671 0.00378 0.00016 ( 1)
  96 S   0.45358 0.52337 0.01028 0.01277 ( 2)
  97 E   0.88396 0.10003 0.01414 0.00188 ( 1)
  98 M   0.89986 0.08731 0.01149 0.00134 ( 1)
  99 F   0.83205 0.14574 0.01867 0.00354 ( 1)
 100 D   0.92468 0.06691 0.00770 0.00072 ( 1)
 101 E   0.88509 0.09890 0.01415 0.00186 ( 1)
 102 E   0.39864 0.30499 0.26177 0.03460 ( 1)
 103 G   0.89884 0.08818 0.01161 0.00137 ( 1)
 104 N   0.95548 0.03897 0.00525 0.00030 ( 1)
 105 G   0.91024 0.07858 0.01011 0.00107 ( 1)
 106 A   0.91524 0.07455 0.00927 0.00094 ( 1)
 107 V   0.92184 0.06852 0.00881 0.00083 ( 1)
 108 K   0.64129 0.34665 0.00727 0.00480 ( 1)
 109 T   0.93957 0.05328 0.00665 0.00050 ( 1)
 110 D   0.90843 0.07968 0.01073 0.00115 ( 1)
 111 E   0.88509 0.09890 0.01415 0.00186 ( 1)
 112 L   0.80676 0.16678 0.02172 0.00473 ( 1)
 113 E   0.88509 0.09890 0.01415 0.00186 ( 1)
 114 R   0.95996 0.03513 0.00467 0.00025 ( 1)
 115 L   0.89462 0.09226 0.01168 0.00143 ( 1)
 116 M   0.21609 0.76917 0.00282 0.01191 ( 2)
 117 S   0.86976 0.11184 0.01606 0.00234 ( 1)
 118 L   0.80811 0.16544 0.02176 0.00469 ( 1)
 119 R   0.14798 0.83710 0.00194 0.01298 ( 2)
 120 G   0.90139 0.08564 0.01164 0.00133 ( 1)
 121 T   0.63840 0.35141 0.00606 0.00413 ( 1)
 122 N   0.95548 0.03897 0.00525 0.00030 ( 1)
 123 P   0.90612 0.08229 0.01044 0.00115 ( 1)
 124 A   0.76200 0.23244 0.00389 0.00167 ( 1)
 125 K   0.91132 0.07737 0.01024 0.00107 ( 1)
 126 S   0.74335 0.25026 0.00437 0.00202 ( 1)
 127 E   0.42981 0.32433 0.21718 0.02869 ( 1)
 128 L   0.80811 0.16544 0.02176 0.00469 ( 1)
 129 A   0.87371 0.11120 0.01312 0.00197 ( 1)
 130 S   0.90794 0.08084 0.01012 0.00110 ( 1)
 131 -   0.89404 0.09312 0.01141 0.00143 ( 1)
 132 -   0.52744 0.45463 0.00908 0.00885 ( 1)
 133 -   0.90545 0.08322 0.01018 0.00115 ( 1)
 134 D   0.61157 0.37570 0.00729 0.00544 ( 1)
 135 V   0.92184 0.06852 0.00881 0.00083 ( 1)
 136 D   0.90843 0.07968 0.01073 0.00115 ( 1)
 137 R   0.68327 0.30856 0.00513 0.00303 ( 1)
 138 E   0.21556 0.77059 0.00261 0.01124 ( 2)
 139 K   0.89918 0.08947 0.01011 0.00124 ( 1)
 140 K   0.72487 0.26810 0.00469 0.00233 ( 1)
 141 G   0.60883 0.37917 0.00682 0.00518 ( 1)
 142 F   0.88766 0.09836 0.01237 0.00161 ( 1)
 143 F   0.88766 0.09836 0.01237 0.00161 ( 1)
 144 N   0.95572 0.03848 0.00549 0.00031 ( 1)
 145 C   0.69854 0.29170 0.00642 0.00334 ( 1)
 146 K   0.22025 0.76591 0.00266 0.01118 ( 2)
 147 G   0.71597 0.27758 0.00421 0.00224 ( 1)
 148 F   0.88766 0.09836 0.01237 0.00161 ( 1)
 149 L   0.80811 0.16544 0.02176 0.00469 ( 1)
 150 A   0.91567 0.07412 0.00928 0.00093 ( 1)
 151 R   0.41699 0.55584 0.01134 0.01583 ( 2)
 152 M   0.59500 0.39132 0.00766 0.00602 ( 1)
 153 G   0.91193 0.07689 0.01013 0.00105 ( 1)
 154 V   0.92532 0.06505 0.00884 0.00078 ( 1)
 155 Y   0.58660 0.40000 0.00740 0.00600 ( 1)
 156 W   0.81663 0.15843 0.02069 0.00425 ( 1)
 157 E   0.88857 0.09543 0.01421 0.00179 ( 1)
 158 K   0.90843 0.07658 0.01362 0.00136 ( 1)
 159 A   0.86569 0.11367 0.01802 0.00262 ( 1)
 160 Q   0.88494 0.09816 0.01502 0.00189 ( 1)
 161 N   0.95336 0.03845 0.00778 0.00041 ( 1)
 162 Q   0.88494 0.09816 0.01502 0.00189 ( 1)
 163 E   0.88185 0.09800 0.01789 0.00226 ( 1)
 164 S   0.51415 0.46281 0.01160 0.01144 ( 1)
 165 E   0.88185 0.09800 0.01789 0.00226 ( 1)
 166 L   0.89183 0.09143 0.01497 0.00176 ( 1)
 167 R   0.97718 0.01802 0.00467 0.00013 ( 1)
 168 A   0.91261 0.07380 0.01240 0.00119 ( 1)
 169 A   0.86569 0.11367 0.01802 0.00262 ( 1)
 170 F   0.55630 0.42523 0.00991 0.00856 ( 1)
 171 R   0.94512 0.04623 0.00815 0.00051 ( 1)
 172 I   0.91612 0.07122 0.01158 0.00108 ( 1)
 173 F   0.88489 0.09752 0.01563 0.00196 ( 1)
 174 D   0.90545 0.07887 0.01422 0.00146 ( 1)
 175 K   0.90730 0.07772 0.01361 0.00138 ( 1)
 176 E   0.88185 0.09800 0.01789 0.00226 ( 1)
 177 G   0.21694 0.76438 0.00371 0.01496 ( 2)
 178 K   0.90843 0.07658 0.01362 0.00136 ( 1)
 179 G   0.89948 0.08380 0.01509 0.00163 ( 1)
 180 Y   0.89525 0.08865 0.01445 0.00165 ( 1)
 181 I   0.91380 0.07352 0.01157 0.00111 ( 1)
 182 D   0.90545 0.07887 0.01422 0.00146 ( 1)
 183 W   0.81663 0.15843 0.02069 0.00425 ( 1)
 184 G   0.19502 0.66040 0.08630 0.05828 ( 2)
 185 T   0.27274 0.61639 0.07539 0.03548 ( 2)
 186 L   0.03125 0.12703 0.75255 0.08918 ( 3)
 187 T   0.21329 0.66963 0.07129 0.04580 ( 2)
 188 Y   0.90149 0.08595 0.01127 0.00129 ( 1)
 189 V   0.92532 0.06505 0.00884 0.00078 ( 1)
 190 L   0.90531 0.08160 0.01182 0.00127 ( 1)
 191 T   0.05453 0.93003 0.00073 0.01471 ( 2)
 192 H   0.13165 0.86194 0.00063 0.00579 ( 2)
 193 A   0.91875 0.07104 0.00931 0.00089 ( 1)
 194 G   0.90238 0.08465 0.01165 0.00131 ( 1)
 195 E   0.88857 0.09543 0.01421 0.00179 ( 1)
 196 P   0.90965 0.07876 0.01048 0.00110 ( 1)
 197 L   0.89813 0.08877 0.01172 0.00138 ( 1)
 198 S   0.95257 0.04153 0.00556 0.00034 ( 1)
 199 E   0.88857 0.09543 0.01421 0.00179 ( 1)
 200 V   0.45660 0.51630 0.01240 0.01470 ( 2)
 201 E   0.88857 0.09543 0.01421 0.00179 ( 1)
 202 A   0.87170 0.11127 0.01487 0.00216 ( 1)
 203 E   0.56142 0.42160 0.00906 0.00792 ( 1)
 204 Q   0.57444 0.41062 0.00816 0.00678 ( 1)
 205 M   0.90340 0.08378 0.01153 0.00129 ( 1)
 206 M   0.90340 0.08378 0.01153 0.00129 ( 1)
 207 K   0.62348 0.36429 0.00713 0.00509 ( 1)
 208 E   0.94688 0.04611 0.00658 0.00043 ( 1)
 209 A   0.87170 0.11127 0.01487 0.00216 ( 1)
 210 D   0.61792 0.36936 0.00736 0.00535 ( 1)
 211 K   0.91486 0.07384 0.01028 0.00102 ( 1)
 212 D   0.64384 0.34703 0.00541 0.00372 ( 1)
 213 G   0.91378 0.07506 0.01015 0.00102 ( 1)
 214 D   0.62192 0.36533 0.00742 0.00532 ( 1)
 215 G   0.62519 0.36285 0.00700 0.00495 ( 1)
 216 T   0.96058 0.03429 0.00488 0.00025 ( 1)
 217 I   0.94050 0.05575 0.00345 0.00030 ( 1)
 218 D   0.91198 0.07614 0.01078 0.00110 ( 1)
 219 H   0.59681 0.38982 0.00753 0.00584 ( 1)
 220 E   0.88503 0.09896 0.01415 0.00186 ( 1)
 221 E   0.87351 0.11044 0.01397 0.00207 ( 1)
 222 F   0.87596 0.11002 0.01221 0.00180 ( 1)
 223 V   0.90970 0.08063 0.00870 0.00097 ( 1)
 224 A   0.85757 0.12536 0.01463 0.00243 ( 1)
 225 M   0.88786 0.09928 0.01134 0.00152 ( 1)
 226 M   0.88786 0.09928 0.01134 0.00152 ( 1)
 227 T   0.93947 0.05440 0.00568 0.00045 ( 1)
 228 G   0.89809 0.09070 0.00997 0.00124 ( 1)
 229 E   0.87351 0.11044 0.01397 0.00207 ( 1)
 230 S   0.89579 0.09296 0.00999 0.00127 ( 1)
 231 F   0.87596 0.11002 0.01221 0.00180 ( 1)
 232 K   0.89918 0.08947 0.01011 0.00124 ( 1)
 233 L   0.81062 0.16293 0.02183 0.00462 ( 1)
 234 V   0.97244 0.02363 0.00379 0.00014 ( 1)
 235 Q   0.02284 0.96146 0.00032 0.01538 ( 2)

