83
Bacu_FOXP2       0.0000000 0.0218078 0.0247552 0.0021880 0.0041575 0.0062605 0.0062605 0.0080281 0.0094045 0.0023088 0.0021881 0.1138372 0.0210422 0.0180901 0.0133871 0.0215878 0.0207363 0.0215878 0.0269235 0.0126991 0.1420788 0.0126991 0.0066704 0.0192826 0.0215085 0.0192826 0.0183407 0.0894972 0.0215125 0.0235213 0.0283480 0.0230715 0.0215061 0.0304398 0.0246589 0.0203964 0.0183407 0.0205255 0.0160407 0.0234463 0.0215237 0.0237163 0.0192820 0.0228572 0.0237720 0.0229034 0.0204505 0.0215237 0.0216521 0.0247551 0.0237423 0.0217785 0.0204505 0.0247486 0.0260367 0.1259131 0.0215237 0.0204561 0.1349049 0.0329150 0.0313208 0.0227830 0.0127596 0.0260367 0.0307131 0.0306275 0.0247486 0.0187356 0.0227127 0.0220112 0.0215269 0.0215269 0.0180901 0.0297973 0.0214697 0.0237465 0.0267807 0.0236658 0.0214697 0.1176790 0.0215163 0.0225425 0.0251882 
Barn_FOXP2       0.0218078 0.0000000 0.0029006 0.0246539 0.0217828 0.0246335 0.0246335 0.0306583 0.0060980 0.0189805 0.0189805 0.0998255 0.0031523 0.0026360 0.0245867 0.0053210 0.0053210 0.0053210 0.0106820 0.0107339 0.1380771 0.0107339 0.0217682 0.0026360 0.0026360 0.0026360 0.0026360 0.0792346 0.0052986 0.0082045 0.0080076 0.0080076 0.0026360 0.0087549 0.0087296 0.0052858 0.0026360 0.0028489 0.0000010 0.0035793 0.0053020 0.0079698 0.0040703 0.0057133 0.0053027 0.0000010 0.0053020 0.0053020 0.0032492 0.0079709 0.0053020 0.0053020 0.0053020 0.0079675 0.0079675 0.1151075 0.0026360 0.0052982 0.1105877 0.0177576 0.0107094 0.0052756 0.0084161 0.0079675 0.0080117 0.0134146 0.0079675 0.0088862 0.0079493 0.0116530 0.0053024 0.0053024 0.0026360 0.0144480 0.0052858 0.0052977 0.0115022 0.0079493 0.0052858 0.1077309 0.0052997 0.0079666 0.0106999 
Bbai76728_FOXP2  0.0247552 0.0029006 0.0000000 0.0273514 0.0221724 0.0247521 0.0247521 0.0355547 0.0081957 0.0223116 0.0221724 0.1170702 0.0051230 0.0047866 0.0272838 0.0072418 0.0073246 0.0072418 0.0146405 0.0121642 0.1454804 0.0121642 0.0275901 0.0047866 0.0072126 0.0047866 0.0047866 0.0843566 0.0072141 0.0065374 0.0121435 0.0081849 0.0072117 0.0130983 0.0104708 0.0071983 0.0047866 0.0051230 0.0031135 0.0031226 0.0072183 0.0096430 0.0031299 0.0077038 0.0096670 0.0000010 0.0072183 0.0072183 0.0028763 0.0121435 0.0096549 0.0073137 0.0072183 0.0121391 0.0121391 0.1284572 0.0072183 0.0072136 0.1354535 0.0184603 0.0171562 0.0096508 0.0127120 0.0121391 0.0146717 0.0146323 0.0121391 0.0148671 0.0071983 0.0112207 0.0072188 0.0072188 0.0047866 0.0144480 0.0071983 0.0096556 0.0103057 0.0071983 0.0071983 0.1211564 0.0072154 0.0096394 0.0121293 
BbonAUS_FOXP2    0.0021880 0.0246539 0.0273514 0.0000000 0.0066135 0.0088545 0.0088545 0.0111892 0.0125656 0.0049302 0.0043934 0.1121957 0.0210422 0.0204338 0.0156807 0.0228873 0.0231356 0.0228873 0.0300543 0.0157292 0.1473691 0.0157292 0.0089294 0.0204338 0.0227981 0.0204338 0.0204338 0.1009694 0.0228026 0.0270469 0.0300737 0.0257538 0.0227953 0.0298099 0.0246589 0.0227544 0.0204338 0.0193263 0.0172533 0.0234463 0.0228152 0.0251420 0.0226275 0.0217928 0.0252049 0.0229034 0.0228152 0.0228152 0.0244777 0.0276206 0.0251712 0.0231017 0.0228152 0.0276128 0.0276128 0.1255174 0.0228152 0.0228009 0.1422745 0.0324346 0.0349983 0.0251636 0.0171444 0.0276128 0.0325947 0.0324983 0.0276128 0.0187356 0.0250852 0.0235237 0.0228189 0.0228189 0.0204338 0.0297973 0.0227544 0.0251762 0.0267807 0.0250852 0.0227544 0.1129390 0.0228068 0.0251321 0.0275903 
Bbor_FOXP2       0.0041575 0.0217828 0.0221724 0.0066135 0.0000000 0.0020701 0.0020701 0.0127403 0.0093954 0.0023067 0.0021862 0.1136999 0.0183188 0.0180731 0.0133748 0.0215682 0.0207163 0.0215682 0.0283049 0.0126881 0.1477513 0.0126881 0.0066644 0.0192653 0.0214891 0.0192653 0.0192653 0.0947941 0.0214931 0.0200270 0.0283216 0.0230465 0.0214866 0.0304092 0.0246332 0.0203770 0.0192653 0.0205058 0.0160228 0.0234172 0.0215043 0.0236947 0.0159667 0.0228352 0.0237502 0.0189465 0.0204310 0.0215043 0.0216275 0.0260198 0.0237207 0.0217585 0.0204310 0.0260127 0.0260127 0.1262988 0.0215043 0.0214916 0.1356903 0.0328816 0.0329425 0.0227611 0.0127596 0.0260127 0.0306842 0.0305987 0.0260127 0.0187356 0.0226910 0.0245474 0.0215075 0.0215075 0.0180731 0.0297973 0.0214504 0.0237248 0.0267530 0.0236443 0.0214504 0.1244063 0.0214968 0.0236860 0.0251637 
Bede66737_FOXP2  0.0062605 0.0246335 0.0247521 0.0088545 0.0020701 0.0000000 0.0000010 0.0149234 0.0093954 0.0046333 0.0043902 0.1168479 0.0210401 0.0204194 0.0155276 0.0238225 0.0231193 0.0238225 0.0306091 0.0148617 0.1514834 0.0148617 0.0089229 0.0214927 0.0237345 0.0214927 0.0214927 0.0977924 0.0237389 0.0165886 0.0306279 0.0257338 0.0237318 0.0328956 0.0272239 0.0227386 0.0214927 0.0228834 0.0160228 0.0264935 0.0237513 0.0259548 0.0192783 0.0252272 0.0260163 0.0189465 0.0227992 0.0237513 0.0244575 0.0283047 0.0259833 0.0240334 0.0227992 0.0282972 0.0282972 0.1295896 0.0237513 0.0237373 0.1392625 0.0304042 0.0352871 0.0251462 0.0171521 0.0282972 0.0330142 0.0329220 0.0282972 0.0226434 0.0250679 0.0271275 0.0237552 0.0237552 0.0204194 0.0350984 0.0236914 0.0259883 0.0293200 0.0258992 0.0236914 0.1276957 0.0237431 0.0259450 0.0275713 
BedeAUS_FOXP2    0.0062605 0.0246335 0.0247521 0.0088545 0.0020701 0.0000010 0.0000000 0.0149234 0.0093954 0.0046333 0.0043902 0.1168479 0.0210401 0.0204194 0.0155276 0.0238225 0.0231193 0.0238225 0.0306091 0.0148617 0.1514834 0.0148617 0.0089229 0.0214927 0.0237345 0.0214927 0.0214927 0.0977924 0.0237389 0.0165886 0.0306279 0.0257338 0.0237318 0.0328956 0.0272239 0.0227386 0.0214927 0.0228834 0.0160228 0.0264935 0.0237513 0.0259548 0.0192783 0.0252272 0.0260163 0.0189465 0.0227992 0.0237513 0.0244575 0.0283047 0.0259833 0.0240334 0.0227992 0.0282972 0.0282972 0.1295896 0.0237513 0.0237373 0.1392625 0.0304042 0.0352871 0.0251462 0.0171521 0.0282972 0.0330142 0.0329220 0.0282972 0.0226434 0.0250679 0.0271275 0.0237552 0.0237552 0.0204194 0.0350984 0.0236914 0.0259883 0.0293200 0.0258992 0.0236914 0.1276957 0.0237431 0.0259450 0.0275713 
Bmus_FOXP2       0.0080281 0.0306583 0.0355547 0.0111892 0.0127403 0.0149234 0.0149234 0.0000000 0.0192644 0.0094091 0.0111901 0.1267523 0.0324281 0.0277733 0.0228283 0.0309012 0.0306729 0.0309012 0.0359620 0.0216292 0.1562733 0.0216292 0.0112854 0.0284714 0.0307839 0.0284714 0.0270498 0.0928026 0.0307898 0.0382951 0.0379136 0.0314135 0.0307803 0.0407785 0.0354103 0.0301557 0.0270498 0.0303491 0.0245836 0.0362560 0.0308062 0.0285342 0.0332374 0.0327569 0.0331461 0.0397003 0.0302382 0.0308062 0.0334047 0.0337111 0.0331010 0.0311796 0.0302382 0.0337030 0.0354990 0.1394243 0.0308062 0.0292439 0.1420294 0.0433563 0.0405321 0.0326547 0.0127596 0.0354990 0.0403904 0.0402755 0.0337030 0.0265706 0.0325486 0.0271272 0.0308126 0.0308126 0.0277733 0.0349858 0.0307266 0.0331094 0.0374417 0.0329912 0.0307266 0.1308211 0.0307954 0.0313904 0.0351668 
Bmys_FOXP2       0.0094045 0.0060980 0.0081957 0.0125656 0.0093954 0.0093954 0.0093954 0.0192644 0.0000000 0.0052640 0.0074701 0.1090652 0.0058775 0.0049694 0.0074751 0.0094468 0.0076027 0.0094468 0.0142781 0.0000010 0.1224021 0.0000010 0.0126645 0.0070275 0.0094094 0.0070275 0.0070275 0.0854568 0.0094114 0.0000010 0.0167119 0.0114583 0.0094083 0.0180721 0.0109370 0.0074734 0.0070275 0.0075268 0.0079305 0.0066353 0.0094167 0.0117923 0.0000010 0.0100595 0.0118212 0.0074767 0.0074950 0.0094167 0.0060652 0.0118450 0.0118065 0.0095303 0.0074950 0.0142478 0.0142478 0.1199346 0.0094167 0.0094107 0.1164993 0.0180650 0.0216765 0.0100211 0.0052618 0.0142478 0.0192259 0.0191671 0.0142478 0.0089644 0.0099884 0.0164316 0.0094175 0.0094175 0.0049694 0.0253653 0.0093911 0.0118076 0.0134803 0.0117653 0.0093911 0.1133216 0.0094131 0.0117879 0.0125965 
Bphy_FOXP2       0.0023088 0.0189805 0.0223116 0.0049302 0.0023067 0.0046333 0.0046333 0.0094091 0.0052640 0.0000000 0.0000010 0.1013106 0.0179228 0.0151192 0.0124806 0.0191464 0.0180116 0.0191464 0.0240097 0.0093654 0.1390034 0.0093654 0.0049727 0.0166132 0.0166132 0.0166132 0.0166132 0.0814664 0.0190726 0.0197417 0.0216048 0.0204049 0.0190663 0.0261275 0.0221518 0.0176829 0.0166132 0.0178093 0.0132989 0.0202137 0.0190837 0.0215098 0.0149895 0.0204037 0.0190881 0.0183850 0.0177352 0.0190837 0.0184543 0.0215103 0.0190837 0.0193336 0.0177352 0.0215034 0.0215034 0.1147140 0.0166132 0.0190712 0.1207933 0.0315865 0.0266100 0.0176506 0.0127596 0.0215034 0.0241362 0.0265213 0.0215034 0.0134789 0.0202593 0.0221282 0.0190865 0.0190865 0.0151192 0.0297973 0.0190306 0.0215398 0.0246358 0.0214591 0.0190306 0.1063957 0.0190763 0.0215011 0.0229998 
Bphy_baits_FOXP2 0.0021881 0.0189805 0.0221724 0.0043934 0.0021862 0.0043902 0.0043902 0.0111901 0.0074701 0.0000010 0.0000000 0.1120481 0.0183188 0.0157594 0.0111078 0.0181544 0.0183496 0.0181544 0.0252135 0.0111418 0.1402918 0.0111418 0.0044271 0.0157594 0.0180846 0.0157594 0.0157594 0.0947152 0.0180882 0.0200270 0.0252284 0.0204049 0.0180825 0.0271938 0.0220870 0.0180505 0.0157594 0.0168317 0.0113813 0.0203987 0.0180981 0.0203969 0.0159667 0.0192809 0.0204466 0.0189465 0.0180981 0.0180981 0.0188452 0.0228214 0.0204204 0.0183233 0.0180981 0.0228146 0.0228146 0.1253461 0.0180981 0.0180869 0.1352825 0.0297946 0.0300702 0.0204137 0.0127596 0.0228146 0.0276975 0.0276162 0.0228146 0.0187356 0.0203515 0.0208140 0.0181005 0.0181005 0.0157594 0.0297973 0.0180505 0.0204237 0.0242311 0.0203515 0.0180505 0.1193807 0.0180915 0.0203892 0.0227965 
Btau_FOXP2       0.1138372 0.0998255 0.1170702 0.1121957 0.1136999 0.1168479 0.1168479 0.1267523 0.1090652 0.1013106 0.1120481 0.0000000 0.0894906 0.1059712 0.1182633 0.1113665 0.1111130 0.1113665 0.1133206 0.1026254 0.1266546 0.1026254 0.1197239 0.1078246 0.1080897 0.1078246 0.1080720 0.1170301 0.1108611 0.0973248 0.1175901 0.1029875 0.1108201 0.1038263 0.0950904 0.1088892 0.1080720 0.0903215 0.1123521 0.0739784 0.1049864 0.1077079 0.0971491 0.0931239 0.1140841 0.0852955 0.1029763 0.1049864 0.0962168 0.1104120 0.1078280 0.1036755 0.1029763 0.1103911 0.1102455 0.0202879 0.1049864 0.1109710 0.0567447 0.1069384 0.1233780 0.1123394 0.1003177 0.1102455 0.1209558 0.1163622 0.1103911 0.0847705 0.1056631 0.1086156 0.1101512 0.1101512 0.1059712 0.0568481 0.1105874 0.1078760 0.0901499 0.1075282 0.1105874 0.1099749 0.1048306 0.1136033 0.1028404 
Ccom40_FOXP2     0.0210422 0.0031523 0.0051230 0.0210422 0.0183188 0.0210401 0.0210401 0.0324281 0.0058775 0.0179228 0.0183188 0.0894906 0.0000000 0.0000010 0.0237217 0.0025616 0.0025926 0.0025616 0.0103633 0.0077481 0.1302675 0.0077481 0.0240047 0.0000010 0.0025507 0.0000010 0.0000010 0.0808703 0.0025512 0.0035654 0.0051219 0.0000010 0.0025504 0.0077874 0.0051880 0.0025453 0.0000010 0.0000010 0.0000010 0.0000010 0.0025528 0.0051159 0.0000010 0.0025453 0.0051292 0.0000010 0.0025528 0.0025528 0.0000010 0.0077343 0.0051226 0.0025886 0.0025528 0.0077311 0.0077311 0.1037364 0.0025528 0.0000010 0.1310014 0.0130418 0.0130145 0.0051202 0.0047134 0.0077311 0.0103867 0.0103568 0.0077311 0.0073381 0.0025453 0.0060134 0.0025529 0.0025529 0.0000010 0.0095458 0.0025453 0.0025494 0.0051073 0.0025453 0.0025453 0.0974617 0.0000010 0.0051140 0.0051238 
Chea7320_FOXP2   0.0180901 0.0026360 0.0047866 0.0204338 0.0180731 0.0204194 0.0204194 0.0277733 0.0049694 0.0151192 0.0157594 0.1059712 0.0000010 0.0000000 0.0203875 0.0022096 0.0022326 0.0022096 0.0089270 0.0066761 0.1344703 0.0066761 0.0205962 0.0000010 0.0022015 0.0000010 0.0000010 0.0856190 0.0022019 0.0032484 0.0089307 0.0049665 0.0022012 0.0096076 0.0047700 0.0021975 0.0000010 0.0000010 0.0000010 0.0000010 0.0022031 0.0044138 0.0000010 0.0023438 0.0044237 0.0000010 0.0022031 0.0022031 0.0000010 0.0066658 0.0044189 0.0022295 0.0022031 0.0066634 0.0066634 0.1190285 0.0022031 0.0022018 0.1323923 0.0120607 0.0135088 0.0044170 0.0041749 0.0066634 0.0112337 0.0112014 0.0066634 0.0073381 0.0044044 0.0076192 0.0022032 0.0022032 0.0000010 0.0095458 0.0021975 0.0044190 0.0070688 0.0044044 0.0021975 0.1159473 0.0022023 0.0044124 0.0066586 
Cmar59905_FOXP2  0.0133871 0.0245867 0.0272838 0.0156807 0.0133748 0.0155276 0.0155276 0.0228283 0.0074751 0.0124806 0.0111078 0.1182633 0.0237217 0.0203875 0.0000000 0.0228351 0.0230823 0.0228351 0.0299854 0.0134252 0.1399719 0.0134252 0.0158036 0.0203875 0.0227463 0.0203875 0.0203875 0.1007137 0.0227508 0.0233162 0.0300046 0.0256878 0.0227435 0.0323582 0.0271770 0.0227028 0.0203875 0.0217826 0.0113901 0.0233745 0.0227633 0.0250848 0.0192164 0.0242592 0.0251474 0.0150689 0.0227633 0.0227633 0.0215900 0.0275575 0.0251139 0.0230485 0.0227633 0.0275497 0.0275497 0.1317987 0.0227633 0.0227491 0.1355744 0.0349647 0.0349175 0.0251063 0.0260023 0.0275497 0.0325195 0.0324235 0.0275497 0.0304673 0.0250283 0.0289395 0.0227671 0.0227671 0.0203875 0.0402212 0.0227028 0.0251189 0.0292700 0.0250283 0.0227028 0.1257444 0.0227550 0.0250750 0.0275273 
Dcap108471_FOXP2 0.0215878 0.0053210 0.0072418 0.0228873 0.0215682 0.0238225 0.0238225 0.0309012 0.0094468 0.0191464 0.0181544 0.1113665 0.0025616 0.0022096 0.0228351 0.0000000 0.0000010 0.0000010 0.0106413 0.0106316 0.1460440 0.0106316 0.0230708 0.0020926 0.0042010 0.0020926 0.0020926 0.0893449 0.0042018 0.0065721 0.0106456 0.0075154 0.0042006 0.0114122 0.0072151 0.0044289 0.0020926 0.0022250 0.0026362 0.0028446 0.0042040 0.0063177 0.0031458 0.0044597 0.0063313 0.0037338 0.0044403 0.0042040 0.0026321 0.0084784 0.0063246 0.0042532 0.0044403 0.0084755 0.0084755 0.1239329 0.0042040 0.0042015 0.1367623 0.0137502 0.0150234 0.0066771 0.0041749 0.0084755 0.0128513 0.0128162 0.0084755 0.0111500 0.0066578 0.0096256 0.0042042 0.0042042 0.0022096 0.0145625 0.0041937 0.0063248 0.0095030 0.0063049 0.0041937 0.1247320 0.0042025 0.0063157 0.0089489 
Dcap79929_FOXP2  0.0207363 0.0053210 0.0073246 0.0231356 0.0207163 0.0231193 0.0231193 0.0306729 0.0076027 0.0180116 0.0183496 0.1111130 0.0025926 0.0022326 0.0230823 0.0000010 0.0000000 0.0000010 0.0113663 0.0090677 0.1405318 0.0090677 0.0232492 0.0022326 0.0044833 0.0022326 0.0022326 0.0901839 0.0044842 0.0065721 0.0113714 0.0076045 0.0044828 0.0097537 0.0072972 0.0044750 0.0022326 0.0023839 0.0028593 0.0028830 0.0044866 0.0067432 0.0031924 0.0047789 0.0067587 0.0037958 0.0044866 0.0044866 0.0026647 0.0090535 0.0067510 0.0044939 0.0044866 0.0090503 0.0090503 0.1246002 0.0044866 0.0044839 0.1348047 0.0147647 0.0136969 0.0067482 0.0041749 0.0090503 0.0113895 0.0136931 0.0090503 0.0111500 0.0067286 0.0102496 0.0044869 0.0044869 0.0022326 0.0145625 0.0044750 0.0044836 0.0096098 0.0067286 0.0044750 0.1214142 0.0044850 0.0067409 0.0090436 
DdelSJR_FOXP2    0.0215878 0.0053210 0.0072418 0.0228873 0.0215682 0.0238225 0.0238225 0.0309012 0.0094468 0.0191464 0.0181544 0.1113665 0.0025616 0.0022096 0.0228351 0.0000010 0.0000010 0.0000000 0.0106413 0.0106316 0.1460440 0.0106316 0.0230708 0.0020926 0.0042010 0.0020926 0.0020926 0.0893449 0.0042018 0.0065721 0.0106456 0.0075154 0.0042006 0.0114122 0.0072151 0.0044289 0.0020926 0.0022250 0.0026362 0.0028446 0.0042040 0.0063177 0.0031458 0.0044597 0.0063313 0.0037338 0.0044403 0.0042040 0.0026321 0.0084784 0.0063246 0.0042532 0.0044403 0.0084755 0.0084755 0.1239329 0.0042040 0.0042015 0.1367623 0.0137502 0.0150234 0.0066771 0.0041749 0.0084755 0.0128513 0.0128162 0.0084755 0.0111500 0.0066578 0.0096256 0.0042042 0.0042042 0.0022096 0.0145625 0.0041937 0.0063248 0.0095030 0.0063049 0.0041937 0.1247320 0.0042025 0.0063157 0.0089489 
Dleu_FOXP2       0.0269235 0.0106820 0.0146405 0.0300543 0.0283049 0.0306091 0.0306091 0.0359620 0.0142781 0.0240097 0.0252135 0.1133206 0.0103633 0.0089270 0.0299854 0.0106413 0.0113663 0.0106413 0.0000000 0.0171718 0.1442347 0.0171718 0.0302981 0.0084502 0.0084705 0.0084502 0.0080434 0.0896951 0.0106052 0.0098825 0.0171951 0.0125709 0.0106021 0.0184452 0.0145853 0.0111833 0.0080434 0.0089880 0.0052755 0.0085988 0.0106106 0.0127542 0.0063072 0.0112595 0.0127825 0.0075092 0.0112124 0.0106106 0.0079529 0.0019970 0.0127680 0.0107342 0.0112124 0.0100542 0.0105628 0.1253055 0.0106106 0.0100920 0.1375143 0.0208351 0.0185108 0.0134893 0.0126838 0.0105628 0.0172726 0.0149061 0.0100542 0.0110136 0.0134494 0.0170244 0.0106115 0.0106115 0.0089270 0.0193759 0.0105846 0.0127692 0.0168051 0.0127278 0.0105846 0.1299079 0.0106070 0.0121324 0.0158170 
EausAUS_FOXP2    0.0126991 0.0107339 0.0121642 0.0157292 0.0126881 0.0148617 0.0148617 0.0216292 0.0000010 0.0093654 0.0111418 0.1026254 0.0077481 0.0066761 0.0134252 0.0106316 0.0090677 0.0106316 0.0171718 0.0000000 0.1364677 0.0000010 0.0158529 0.0084425 0.0105937 0.0084425 0.0084425 0.0809964 0.0105956 0.0065598 0.0171800 0.0126284 0.0105925 0.0184278 0.0121187 0.0089222 0.0084425 0.0089793 0.0079305 0.0086131 0.0106011 0.0127428 0.0031401 0.0112487 0.0127710 0.0074767 0.0089454 0.0106011 0.0079642 0.0149638 0.0127566 0.0107244 0.0089454 0.0149592 0.0149592 0.1148813 0.0106011 0.0105950 0.1245543 0.0208156 0.0216478 0.0112103 0.0084534 0.0149592 0.0194437 0.0193902 0.0149592 0.0111262 0.0111774 0.0170073 0.0106020 0.0106020 0.0066761 0.0246556 0.0105751 0.0127578 0.0143631 0.0127164 0.0105751 0.1156311 0.0105974 0.0127385 0.0135204 
Ecab_FOXP2       0.1420788 0.1380771 0.1454804 0.1473691 0.1477513 0.1514834 0.1514834 0.1562733 0.1224021 0.1390034 0.1402918 0.1266546 0.1302675 0.1344703 0.1399719 0.1460440 0.1405318 0.1460440 0.1442347 0.1364677 0.0000000 0.1364677 0.1488900 0.1419586 0.1452885 0.1419586 0.1364899 0.1264767 0.1386816 0.1293328 0.1529812 0.1360930 0.1452633 0.1452495 0.1371818 0.1375728 0.1364899 0.1360318 0.1286316 0.1246476 0.1388672 0.1418140 0.1228885 0.1391662 0.1458066 0.1106938 0.1312598 0.1388672 0.1327141 0.1410554 0.1419638 0.1409253 0.1312598 0.1461411 0.1522847 0.1294792 0.1388672 0.1396224 0.1580682 0.1489253 0.1560513 0.1414173 0.1164592 0.1522847 0.1598110 0.1592556 0.1461411 0.1327176 0.1340652 0.1422643 0.1447990 0.1447990 0.1344703 0.1182343 0.1449393 0.1487882 0.1307965 0.1415506 0.1449393 0.1250735 0.1453631 0.1390937 0.1313112 
Egla13086_FOXP2  0.0126991 0.0107339 0.0121642 0.0157292 0.0126881 0.0148617 0.0148617 0.0216292 0.0000010 0.0093654 0.0111418 0.1026254 0.0077481 0.0066761 0.0134252 0.0106316 0.0090677 0.0106316 0.0171718 0.0000010 0.1364677 0.0000000 0.0158529 0.0084425 0.0105937 0.0084425 0.0084425 0.0809964 0.0105956 0.0065598 0.0171800 0.0126284 0.0105925 0.0184278 0.0121187 0.0089222 0.0084425 0.0089793 0.0079305 0.0086131 0.0106011 0.0127428 0.0031401 0.0112487 0.0127710 0.0074767 0.0089454 0.0106011 0.0079642 0.0149638 0.0127566 0.0107244 0.0089454 0.0149592 0.0149592 0.1148813 0.0106011 0.0105950 0.1245543 0.0208156 0.0216478 0.0112103 0.0084534 0.0149592 0.0194437 0.0193902 0.0149592 0.0111262 0.0111774 0.0170073 0.0106020 0.0106020 0.0066761 0.0246556 0.0105751 0.0127578 0.0143631 0.0127164 0.0105751 0.1156311 0.0105974 0.0127385 0.0135204 
Erob133443_FOXP2 0.0066704 0.0217682 0.0275901 0.0089294 0.0066644 0.0089229 0.0089229 0.0112854 0.0126645 0.0049727 0.0044271 0.1197239 0.0240047 0.0205962 0.0158036 0.0230708 0.0232492 0.0230708 0.0302981 0.0158529 0.1488900 0.0158529 0.0000000 0.0205962 0.0229801 0.0205962 0.0205962 0.0985614 0.0229847 0.0272419 0.0303179 0.0259867 0.0229773 0.0300518 0.0274809 0.0229358 0.0205962 0.0220211 0.0174087 0.0267916 0.0229975 0.0253434 0.0228848 0.0245255 0.0254073 0.0272253 0.0229975 0.0229975 0.0247115 0.0278436 0.0253731 0.0232149 0.0229975 0.0278357 0.0278357 0.1334672 0.0229975 0.0229830 0.1437333 0.0353937 0.0352853 0.0253654 0.0127596 0.0278357 0.0328612 0.0327632 0.0278357 0.0225910 0.0252857 0.0234932 0.0230014 0.0230014 0.0205962 0.0349858 0.0229358 0.0253782 0.0295929 0.0252857 0.0229358 0.1273231 0.0229890 0.0253333 0.0278128 
Fatt_FOXP2       0.0192826 0.0026360 0.0047866 0.0204338 0.0192653 0.0214927 0.0214927 0.0284714 0.0070275 0.0166132 0.0157594 0.1078246 0.0000010 0.0000010 0.0203875 0.0020926 0.0022326 0.0020926 0.0084502 0.0084425 0.1419586 0.0084425 0.0205962 0.0000000 0.0020852 0.0000010 0.0000010 0.0860777 0.0020856 0.0032484 0.0084534 0.0049665 0.0020850 0.0090574 0.0047700 0.0021975 0.0000010 0.0000010 0.0000010 0.0000010 0.0020867 0.0041811 0.0000010 0.0022127 0.0041890 0.0000010 0.0022031 0.0020867 0.0000010 0.0063121 0.0041846 0.0021102 0.0022031 0.0063099 0.0063099 0.1201939 0.0020867 0.0020855 0.1328202 0.0113672 0.0127809 0.0044170 0.0041749 0.0063099 0.0106296 0.0106008 0.0063099 0.0073381 0.0044044 0.0071593 0.0020868 0.0020868 0.0000010 0.0095458 0.0020816 0.0041848 0.0070688 0.0041727 0.0020816 0.1209684 0.0020860 0.0041798 0.0066586 
Ggri_FOXP2       0.0215085 0.0026360 0.0072126 0.0227981 0.0214891 0.0237345 0.0237345 0.0307839 0.0094094 0.0166132 0.0180846 0.1080897 0.0025507 0.0022015 0.0227463 0.0042010 0.0044833 0.0042010 0.0084705 0.0105937 0.1452885 0.0105937 0.0229801 0.0020852 0.0000000 0.0020852 0.0020852 0.0832241 0.0041870 0.0065361 0.0106075 0.0049665 0.0041857 0.0113685 0.0071861 0.0044125 0.0020852 0.0022168 0.0000010 0.0028312 0.0041891 0.0062955 0.0031293 0.0044431 0.0063090 0.0037114 0.0044238 0.0041891 0.0026205 0.0063273 0.0063023 0.0042382 0.0044238 0.0063251 0.0063251 0.1204902 0.0041891 0.0041867 0.1331480 0.0136971 0.0106078 0.0066521 0.0041749 0.0063251 0.0084695 0.0106263 0.0063251 0.0073690 0.0066341 0.0095866 0.0041893 0.0041893 0.0022015 0.0095458 0.0041799 0.0063026 0.0094652 0.0062828 0.0041799 0.1178195 0.0041876 0.0062935 0.0089154 
Gmac39091_FOXP2  0.0192826 0.0026360 0.0047866 0.0204338 0.0192653 0.0214927 0.0214927 0.0284714 0.0070275 0.0166132 0.0157594 0.1078246 0.0000010 0.0000010 0.0203875 0.0020926 0.0022326 0.0020926 0.0084502 0.0084425 0.1419586 0.0084425 0.0205962 0.0000010 0.0020852 0.0000000 0.0000010 0.0860777 0.0020856 0.0032484 0.0084534 0.0049665 0.0020850 0.0090574 0.0047700 0.0021975 0.0000010 0.0000010 0.0000010 0.0000010 0.0020867 0.0041811 0.0000010 0.0022127 0.0041890 0.0000010 0.0022031 0.0020867 0.0000010 0.0063121 0.0041846 0.0021102 0.0022031 0.0063099 0.0063099 0.1201939 0.0020867 0.0020855 0.1328202 0.0113672 0.0127809 0.0044170 0.0041749 0.0063099 0.0106296 0.0106008 0.0063099 0.0073381 0.0044044 0.0071593 0.0020868 0.0020868 0.0000010 0.0095458 0.0020816 0.0041848 0.0070688 0.0041727 0.0020816 0.1209684 0.0020860 0.0041798 0.0066586 
Gmel_FOXP2       0.0183407 0.0026360 0.0047866 0.0204338 0.0192653 0.0214927 0.0214927 0.0270498 0.0070275 0.0166132 0.0157594 0.1080720 0.0000010 0.0000010 0.0203875 0.0020926 0.0022326 0.0020926 0.0080434 0.0084425 0.1364899 0.0084425 0.0205962 0.0000010 0.0020852 0.0000010 0.0000000 0.0812476 0.0020856 0.0032484 0.0084534 0.0049665 0.0020850 0.0090574 0.0047700 0.0021975 0.0000010 0.0000010 0.0000010 0.0000010 0.0020867 0.0041811 0.0000010 0.0022127 0.0041890 0.0000010 0.0022031 0.0020867 0.0000010 0.0060095 0.0041846 0.0021102 0.0022031 0.0060075 0.0063099 0.1199180 0.0020867 0.0019860 0.1319920 0.0113672 0.0121605 0.0044170 0.0041749 0.0063099 0.0106296 0.0106008 0.0060075 0.0073381 0.0044044 0.0071593 0.0020868 0.0020868 0.0000010 0.0095458 0.0020816 0.0041848 0.0070688 0.0041727 0.0020816 0.1203028 0.0020860 0.0039808 0.0066586 
Hippo_FOXP2      0.0894972 0.0792346 0.0843566 0.1009694 0.0947941 0.0977924 0.0977924 0.0928026 0.0854568 0.0814664 0.0947152 0.1170301 0.0808703 0.0856190 0.1007137 0.0893449 0.0901839 0.0893449 0.0896951 0.0809964 0.1264767 0.0809964 0.0985614 0.0860777 0.0832241 0.0860777 0.0812476 0.0000000 0.0889574 0.0585926 0.0979643 0.0840884 0.0889254 0.0968986 0.0938263 0.0884313 0.0812476 0.0894342 0.0865781 0.0793915 0.0833570 0.0859823 0.0566513 0.0922922 0.0919697 0.0785363 0.0827495 0.0833570 0.0760397 0.0869470 0.0860804 0.0844970 0.0827495 0.0869321 0.0921704 0.1259740 0.0833570 0.0839338 0.1293760 0.1000249 0.0922973 0.0916498 0.0608061 0.0921704 0.0951775 0.0980881 0.0869321 0.0713551 0.0912563 0.0925067 0.0881031 0.0881031 0.0856190 0.0523857 0.0887440 0.0918526 0.0983555 0.0914209 0.0887440 0.1124934 0.0889788 0.0864329 0.0827735 
Hamp_FOXP2       0.0215125 0.0052986 0.0072141 0.0228026 0.0214931 0.0237389 0.0237389 0.0307898 0.0094114 0.0190726 0.0180882 0.1108611 0.0025512 0.0022019 0.0227508 0.0042018 0.0044842 0.0042018 0.0106052 0.0105956 0.1386816 0.0105956 0.0229847 0.0020856 0.0041870 0.0020856 0.0020856 0.0889574 0.0000000 0.0065380 0.0106095 0.0074855 0.0041865 0.0113707 0.0071876 0.0044133 0.0020856 0.0022172 0.0026252 0.0028319 0.0041899 0.0062967 0.0031301 0.0044440 0.0041957 0.0037125 0.0044247 0.0041899 0.0026211 0.0084498 0.0063034 0.0042389 0.0044247 0.0084470 0.0084470 0.1171102 0.0041899 0.0041875 0.1360989 0.0136998 0.0149717 0.0066534 0.0041749 0.0084470 0.0128074 0.0127724 0.0084470 0.0110836 0.0066353 0.0095886 0.0041901 0.0041901 0.0022019 0.0144499 0.0041807 0.0063037 0.0094671 0.0062839 0.0041807 0.1178674 0.0041884 0.0062947 0.0089171 
Igeo_FOXP2       0.0235213 0.0082045 0.0065374 0.0270469 0.0200270 0.0165886 0.0165886 0.0382951 0.0000010 0.0197417 0.0200270 0.0973248 0.0035654 0.0032484 0.0233162 0.0065721 0.0065721 0.0065721 0.0098825 0.0065598 0.1293328 0.0065598 0.0272419 0.0032484 0.0065361 0.0032484 0.0032484 0.0585926 0.0065380 0.0000000 0.0132572 0.0077639 0.0065350 0.0071583 0.0108397 0.0065185 0.0032484 0.0035654 0.0000010 0.0035654 0.0032484 0.0065145 0.0032484 0.0035654 0.0098751 0.0000010 0.0032484 0.0032484 0.0032484 0.0098825 0.0065253 0.0032484 0.0032484 0.0132507 0.0132507 0.1064024 0.0065432 0.0065374 0.1257931 0.0035864 0.0166636 0.0098526 0.0119886 0.0132507 0.0132879 0.0132507 0.0132507 0.0150879 0.0065185 0.0116230 0.0032484 0.0032484 0.0032484 0.0167192 0.0065185 0.0065367 0.0071568 0.0065185 0.0065185 0.1152288 0.0065396 0.0065185 0.0065396 
Kbre_FOXP2       0.0283480 0.0080076 0.0121435 0.0300737 0.0283216 0.0306279 0.0306279 0.0379136 0.0167119 0.0216048 0.0252284 0.1175901 0.0051219 0.0089307 0.0300046 0.0106456 0.0113714 0.0106456 0.0171951 0.0171800 0.1529812 0.0171800 0.0303179 0.0084534 0.0106075 0.0084534 0.0084534 0.0979643 0.0106095 0.0132572 0.0000000 0.0000010 0.0106064 0.0160506 0.0120836 0.0111881 0.0084534 0.0067046 0.0052890 0.0085835 0.0106149 0.0127596 0.0095158 0.0089590 0.0127880 0.0074659 0.0112172 0.0106149 0.0106607 0.0149839 0.0127735 0.0107386 0.0112172 0.0149793 0.0149793 0.1304199 0.0106149 0.0106088 0.1465440 0.0184179 0.0128059 0.0134955 0.0084421 0.0149793 0.0106503 0.0194169 0.0149793 0.0148605 0.0134555 0.0170335 0.0106158 0.0106158 0.0089307 0.0095458 0.0105889 0.0127746 0.0143220 0.0127332 0.0105889 0.1297607 0.0106112 0.0127553 0.0158247 
Ksim_FOXP2       0.0230715 0.0080076 0.0081849 0.0257538 0.0230465 0.0257338 0.0257338 0.0314135 0.0114583 0.0204049 0.0204049 0.1029875 0.0000010 0.0049665 0.0256878 0.0075154 0.0076045 0.0075154 0.0125709 0.0126284 0.1360930 0.0126284 0.0259867 0.0049665 0.0049665 0.0049665 0.0049665 0.0840884 0.0074855 0.0077639 0.0000010 0.0000000 0.0074829 0.0109097 0.0081171 0.0074685 0.0049665 0.0026528 0.0056680 0.0032752 0.0074900 0.0100071 0.0036883 0.0053193 0.0074911 0.0000010 0.0074900 0.0074900 0.0060414 0.0100081 0.0074900 0.0075928 0.0074900 0.0100043 0.0100043 0.1174733 0.0049665 0.0074850 0.1314341 0.0164927 0.0100290 0.0074549 0.0084421 0.0100043 0.0075040 0.0151509 0.0100043 0.0044065 0.0099828 0.0146885 0.0074906 0.0074906 0.0049665 0.0095458 0.0074685 0.0100208 0.0107043 0.0099828 0.0074685 0.1060357 0.0074870 0.0100032 0.0125908 
Laus_FOXP2       0.0215061 0.0026360 0.0072117 0.0227953 0.0214866 0.0237318 0.0237318 0.0307803 0.0094083 0.0190663 0.0180825 0.1108201 0.0025504 0.0022012 0.0227435 0.0042006 0.0044828 0.0042006 0.0106021 0.0105925 0.1452633 0.0105925 0.0229773 0.0020850 0.0041857 0.0020850 0.0020850 0.0889254 0.0041865 0.0065350 0.0106064 0.0074829 0.0000000 0.0113671 0.0071852 0.0044120 0.0020850 0.0022165 0.0026243 0.0028308 0.0041886 0.0062948 0.0031287 0.0044426 0.0063083 0.0037106 0.0044233 0.0041886 0.0026202 0.0084474 0.0063016 0.0042377 0.0044233 0.0084446 0.0084446 0.1233044 0.0041886 0.0041862 0.1360461 0.0136954 0.0149673 0.0066514 0.0041749 0.0084446 0.0128036 0.0127687 0.0084446 0.0073381 0.0066333 0.0071593 0.0041888 0.0041888 0.0022012 0.0095458 0.0041795 0.0063019 0.0094640 0.0062821 0.0041795 0.1240961 0.0041872 0.0062928 0.0089143 
Lbor_FOXP2       0.0304398 0.0087549 0.0130983 0.0298099 0.0304092 0.0328956 0.0328956 0.0407785 0.0180721 0.0261275 0.0271938 0.1038263 0.0077874 0.0096076 0.0323582 0.0114122 0.0097537 0.0114122 0.0184452 0.0184278 0.1452495 0.0184278 0.0300518 0.0090574 0.0113685 0.0090574 0.0090574 0.0968986 0.0113707 0.0071583 0.0160506 0.0109097 0.0113671 0.0000000 0.0147085 0.0120380 0.0090574 0.0090574 0.0087146 0.0114679 0.0113770 0.0136770 0.0068735 0.0113470 0.0137098 0.0112403 0.0120718 0.0113770 0.0114679 0.0160687 0.0136930 0.0091742 0.0120718 0.0160634 0.0160634 0.1161614 0.0113770 0.0090574 0.1451791 0.0162109 0.0232677 0.0145264 0.0048102 0.0160634 0.0208954 0.0208338 0.0160634 0.0112267 0.0144799 0.0157327 0.0113781 0.0113781 0.0096076 0.0144147 0.0113470 0.0113642 0.0144799 0.0136466 0.0113470 0.1216540 0.0090574 0.0136721 0.0096128 
Lhos30470_FOXP2  0.0246589 0.0087296 0.0104708 0.0246589 0.0246332 0.0272239 0.0272239 0.0354103 0.0109370 0.0221518 0.0220870 0.0950904 0.0051880 0.0047700 0.0271770 0.0072151 0.0072972 0.0072151 0.0145853 0.0121187 0.1371818 0.0121187 0.0274809 0.0047700 0.0071861 0.0047700 0.0047700 0.0938263 0.0071876 0.0108397 0.0120836 0.0081171 0.0071852 0.0147085 0.0000000 0.0023732 0.0047700 0.0047700 0.0062139 0.0056920 0.0071918 0.0096073 0.0068894 0.0071719 0.0096312 0.0074730 0.0071918 0.0071918 0.0056920 0.0120981 0.0096192 0.0072865 0.0071918 0.0120937 0.0120937 0.1117096 0.0071918 0.0047700 0.1380332 0.0172347 0.0196348 0.0096151 0.0047975 0.0120937 0.0171412 0.0170876 0.0120937 0.0112431 0.0047576 0.0055137 0.0071923 0.0071923 0.0047700 0.0047259 0.0023732 0.0071830 0.0071583 0.0047576 0.0023732 0.1094095 0.0047700 0.0047668 0.0096213 
Lhos452_FOXP2    0.0203964 0.0052858 0.0071983 0.0227544 0.0203770 0.0227386 0.0227386 0.0301557 0.0074734 0.0176829 0.0180505 0.1088892 0.0025453 0.0021975 0.0227028 0.0044289 0.0044750 0.0044289 0.0111833 0.0089222 0.1375728 0.0089222 0.0229358 0.0021975 0.0044125 0.0021975 0.0021975 0.0884313 0.0044133 0.0065185 0.0111881 0.0074685 0.0044120 0.0120380 0.0023732 0.0000000 0.0021975 0.0023438 0.0028046 0.0028246 0.0044157 0.0066361 0.0031211 0.0046984 0.0066501 0.0037000 0.0044157 0.0044157 0.0026149 0.0089085 0.0066436 0.0044698 0.0044157 0.0089053 0.0089053 0.1220393 0.0044157 0.0044130 0.1354950 0.0145072 0.0157953 0.0066409 0.0041749 0.0089053 0.0135103 0.0134715 0.0089053 0.0110470 0.0021922 0.0050529 0.0044159 0.0044159 0.0021975 0.0047259 0.0000010 0.0066439 0.0046896 0.0021922 0.0000010 0.1189352 0.0044141 0.0021961 0.0088989 
Lobl_FOXP2       0.0183407 0.0026360 0.0047866 0.0204338 0.0192653 0.0214927 0.0214927 0.0270498 0.0070275 0.0166132 0.0157594 0.1080720 0.0000010 0.0000010 0.0203875 0.0020926 0.0022326 0.0020926 0.0080434 0.0084425 0.1364899 0.0084425 0.0205962 0.0000010 0.0020852 0.0000010 0.0000010 0.0812476 0.0020856 0.0032484 0.0084534 0.0049665 0.0020850 0.0090574 0.0047700 0.0021975 0.0000000 0.0000010 0.0000010 0.0000010 0.0020867 0.0041811 0.0000010 0.0022127 0.0041890 0.0000010 0.0022031 0.0020867 0.0000010 0.0060095 0.0041846 0.0021102 0.0022031 0.0060075 0.0063099 0.1199180 0.0020867 0.0019860 0.1319920 0.0113672 0.0121605 0.0044170 0.0041749 0.0063099 0.0106296 0.0106008 0.0060075 0.0073381 0.0044044 0.0071593 0.0020868 0.0020868 0.0000010 0.0095458 0.0020816 0.0041848 0.0070688 0.0041727 0.0020816 0.1203028 0.0020860 0.0039808 0.0066586 
Lobs_FOXP2       0.0205255 0.0028489 0.0051230 0.0193263 0.0205058 0.0228834 0.0228834 0.0303491 0.0075268 0.0178093 0.0168317 0.0903215 0.0000010 0.0000010 0.0217826 0.0022250 0.0023839 0.0022250 0.0089880 0.0089793 0.1360318 0.0089793 0.0220211 0.0000010 0.0022168 0.0000010 0.0000010 0.0894342 0.0022172 0.0035654 0.0067046 0.0026528 0.0022165 0.0090574 0.0047700 0.0023438 0.0000010 0.0000000 0.0000010 0.0000010 0.0022184 0.0044445 0.0000010 0.0022127 0.0044545 0.0000010 0.0023502 0.0022184 0.0000010 0.0067123 0.0044496 0.0022453 0.0023502 0.0067098 0.0067098 0.1054970 0.0022184 0.0000010 0.1293078 0.0113672 0.0136011 0.0047126 0.0047134 0.0067098 0.0113105 0.0112779 0.0067098 0.0073381 0.0046984 0.0076780 0.0022185 0.0022185 0.0000010 0.0095458 0.0022127 0.0022158 0.0070688 0.0044350 0.0022127 0.1070544 0.0000010 0.0044430 0.0047157 
Lvex_FOXP2       0.0160407 0.0000010 0.0031135 0.0172533 0.0160228 0.0160228 0.0160228 0.0245836 0.0079305 0.0132989 0.0113813 0.1123521 0.0000010 0.0000010 0.0113901 0.0026362 0.0028593 0.0026362 0.0052755 0.0079305 0.1286316 0.0079305 0.0174087 0.0000010 0.0000010 0.0000010 0.0000010 0.0865781 0.0026252 0.0000010 0.0052890 0.0056680 0.0026243 0.0087146 0.0062139 0.0028046 0.0000010 0.0000010 0.0000000 0.0000010 0.0026269 0.0052645 0.0000010 0.0028290 0.0026271 0.0000010 0.0028137 0.0026269 0.0000010 0.0026246 0.0026269 0.0026623 0.0028137 0.0052630 0.0052630 0.1245736 0.0000010 0.0026250 0.1163466 0.0116505 0.0106685 0.0027989 0.0052618 0.0052630 0.0079818 0.0106304 0.0052630 0.0056348 0.0056245 0.0093464 0.0026270 0.0026270 0.0000010 0.0123955 0.0026190 0.0052719 0.0092026 0.0052512 0.0026190 0.1101629 0.0026257 0.0052625 0.0085214 
Mbid_FOXP2       0.0234463 0.0035793 0.0031226 0.0234463 0.0234172 0.0264935 0.0264935 0.0362560 0.0066353 0.0202137 0.0203987 0.0739784 0.0000010 0.0000010 0.0233745 0.0028446 0.0028830 0.0028446 0.0085988 0.0086131 0.1246476 0.0086131 0.0267916 0.0000010 0.0028312 0.0000010 0.0000010 0.0793915 0.0028319 0.0035654 0.0085835 0.0032752 0.0028308 0.0114679 0.0056920 0.0028246 0.0000010 0.0000010 0.0000010 0.0000000 0.0000010 0.0028231 0.0000010 0.0000010 0.0056970 0.0000010 0.0000010 0.0000010 0.0000010 0.0057010 0.0028272 0.0000010 0.0000010 0.0085921 0.0085921 0.0888838 0.0028338 0.0000010 0.1175583 0.0086783 0.0174861 0.0056859 0.0070723 0.0085921 0.0145317 0.0115207 0.0085921 0.0099621 0.0056651 0.0102477 0.0000010 0.0000010 0.0000010 0.0095458 0.0028246 0.0028297 0.0056651 0.0056651 0.0028246 0.0890408 0.0000010 0.0028246 0.0028279 
Mbow_FOXP2       0.0215237 0.0053020 0.0072183 0.0228152 0.0215043 0.0237513 0.0237513 0.0308062 0.0094167 0.0190837 0.0180981 0.1049864 0.0025528 0.0022031 0.0227633 0.0042040 0.0044866 0.0042040 0.0106106 0.0106011 0.1388672 0.0106011 0.0229975 0.0020867 0.0041891 0.0020867 0.0020867 0.0833570 0.0041899 0.0032484 0.0106149 0.0074900 0.0041886 0.0113770 0.0071918 0.0044157 0.0020867 0.0022184 0.0026269 0.0000010 0.0000000 0.0020845 0.0000010 0.0044464 0.0063133 0.0000010 0.0000010 0.0000010 0.0000010 0.0084542 0.0020868 0.0000010 0.0000010 0.0084513 0.0084513 0.1172611 0.0041920 0.0041896 0.1297935 0.0137074 0.0149795 0.0066570 0.0084256 0.0084513 0.0128140 0.0127790 0.0084513 0.0110937 0.0066389 0.0095942 0.0021864 0.0021864 0.0022031 0.0095458 0.0041828 0.0063069 0.0094726 0.0062871 0.0041828 0.1180201 0.0041905 0.0062979 0.0044265 
Mcar_FOXP2       0.0237163 0.0079698 0.0096430 0.0251420 0.0236947 0.0259548 0.0259548 0.0285342 0.0117923 0.0215098 0.0203969 0.1077079 0.0051159 0.0044138 0.0250848 0.0063177 0.0067432 0.0063177 0.0127542 0.0127428 0.1418140 0.0127428 0.0253434 0.0041811 0.0062955 0.0041811 0.0041811 0.0859823 0.0062967 0.0065145 0.0127596 0.0100071 0.0062948 0.0136770 0.0096073 0.0066361 0.0041811 0.0044445 0.0052645 0.0028231 0.0020845 0.0000000 0.0031193 0.0066812 0.0084320 0.0036974 0.0022007 0.0020845 0.0026135 0.0105854 0.0041813 0.0021079 0.0022007 0.0105820 0.0105820 0.1200658 0.0062999 0.0062963 0.1322048 0.0160208 0.0171485 0.0088931 0.0084256 0.0105820 0.0149751 0.0149342 0.0105820 0.0110937 0.0088674 0.0095942 0.0043719 0.0043719 0.0044138 0.0095458 0.0062846 0.0084234 0.0118626 0.0083967 0.0062846 0.1208393 0.0062977 0.0084111 0.0066513 
Mden_FOXP2       0.0192820 0.0040703 0.0031299 0.0226275 0.0159667 0.0192783 0.0192783 0.0332374 0.0000010 0.0149895 0.0159667 0.0971491 0.0000010 0.0000010 0.0192164 0.0031458 0.0031924 0.0031458 0.0063072 0.0031401 0.1228885 0.0031401 0.0228848 0.0000010 0.0031293 0.0000010 0.0000010 0.0566513 0.0031301 0.0032484 0.0095158 0.0036883 0.0031287 0.0068735 0.0068894 0.0031211 0.0000010 0.0000010 0.0000010 0.0000010 0.0000010 0.0031193 0.0000000 0.0000010 0.0063025 0.0000010 0.0000010 0.0000010 0.0000010 0.0063072 0.0031243 0.0000010 0.0000010 0.0095113 0.0095113 0.1058389 0.0031325 0.0031298 0.1290392 0.0069295 0.0160523 0.0062888 0.0059254 0.0095113 0.0128024 0.0095113 0.0095113 0.0099621 0.0031211 0.0076923 0.0000010 0.0000010 0.0000010 0.0110292 0.0031211 0.0062929 0.0034133 0.0031211 0.0031211 0.1054542 0.0031309 0.0031211 0.0031309 
Meur_FOXP2       0.0228572 0.0057133 0.0077038 0.0217928 0.0228352 0.0252272 0.0252272 0.0327569 0.0100595 0.0204037 0.0192809 0.0931239 0.0025453 0.0023438 0.0242592 0.0044597 0.0047789 0.0044597 0.0112595 0.0112487 0.1391662 0.0112487 0.0245255 0.0022127 0.0044431 0.0022127 0.0022127 0.0922922 0.0044440 0.0035654 0.0089590 0.0053193 0.0044426 0.0113470 0.0071719 0.0046984 0.0022127 0.0022127 0.0028290 0.0000010 0.0044464 0.0066812 0.0000010 0.0000000 0.0066964 0.0000010 0.0047112 0.0044464 0.0000010 0.0089692 0.0066888 0.0045005 0.0047112 0.0089660 0.0089660 0.1083941 0.0044464 0.0022127 0.1323883 0.0136710 0.0159028 0.0070854 0.0094708 0.0089660 0.0136024 0.0135632 0.0089660 0.0110470 0.0070637 0.0102635 0.0044466 0.0044466 0.0023438 0.0095458 0.0044350 0.0044413 0.0094466 0.0066668 0.0044350 0.1099969 0.0022127 0.0066789 0.0070899 
Mgin_FOXP2       0.0237720 0.0053027 0.0096670 0.0252049 0.0237502 0.0260163 0.0260163 0.0331461 0.0118212 0.0190881 0.0204466 0.1140841 0.0051292 0.0044237 0.0251474 0.0063313 0.0067587 0.0063313 0.0127825 0.0127710 0.1458066 0.0127710 0.0254073 0.0041890 0.0063090 0.0041890 0.0041890 0.0919697 0.0041957 0.0098751 0.0127880 0.0074911 0.0063083 0.0137098 0.0096312 0.0066501 0.0041890 0.0044545 0.0026271 0.0056970 0.0063133 0.0084320 0.0063025 0.0066964 0.0000000 0.0074818 0.0066673 0.0063133 0.0052708 0.0106087 0.0084411 0.0063862 0.0066673 0.0106052 0.0106052 0.1237330 0.0063133 0.0063098 0.1396444 0.0160597 0.0171876 0.0089135 0.0041749 0.0106052 0.0150088 0.0149678 0.0106052 0.0148940 0.0088876 0.0120460 0.0063137 0.0063137 0.0044237 0.0144724 0.0062980 0.0084416 0.0118920 0.0084148 0.0062980 0.1245301 0.0063112 0.0084293 0.0111981 
MgraAUS_FOXP2    0.0229034 0.0000010 0.0000010 0.0229034 0.0189465 0.0189465 0.0189465 0.0397003 0.0074767 0.0183850 0.0189465 0.0852955 0.0000010 0.0000010 0.0150689 0.0037338 0.0037958 0.0037338 0.0075092 0.0074767 0.1106938 0.0074767 0.0272253 0.0000010 0.0037114 0.0000010 0.0000010 0.0785363 0.0037125 0.0000010 0.0074659 0.0000010 0.0037106 0.0112403 0.0074730 0.0037000 0.0000010 0.0000010 0.0000010 0.0000010 0.0000010 0.0036974 0.0000010 0.0000010 0.0074818 0.0000000 0.0000010 0.0000010 0.0000010 0.0037271 0.0037044 0.0000010 0.0000010 0.0113019 0.0113019 0.0962204 0.0037149 0.0000010 0.1071827 0.0075068 0.0151780 0.0074626 0.0108764 0.0113019 0.0151780 0.0113019 0.0113019 0.0132159 0.0037000 0.0094609 0.0000010 0.0000010 0.0000010 0.0123955 0.0037000 0.0037088 0.0037000 0.0037000 0.0037000 0.0805990 0.0000010 0.0037000 0.0037057 
Mhec_FOXP2       0.0204505 0.0053020 0.0072183 0.0228152 0.0204310 0.0227992 0.0227992 0.0302382 0.0074950 0.0177352 0.0180981 0.1029763 0.0025528 0.0022031 0.0227633 0.0044403 0.0044866 0.0044403 0.0112124 0.0089454 0.1312598 0.0089454 0.0229975 0.0022031 0.0044238 0.0022031 0.0022031 0.0827495 0.0044247 0.0032484 0.0112172 0.0074900 0.0044233 0.0120718 0.0071918 0.0044157 0.0022031 0.0023502 0.0028137 0.0000010 0.0000010 0.0022007 0.0000010 0.0047112 0.0066673 0.0000010 0.0000000 0.0000010 0.0000010 0.0089315 0.0022032 0.0000010 0.0000010 0.0089284 0.0089284 0.1159272 0.0044270 0.0044244 0.1291848 0.0145482 0.0158369 0.0066570 0.0084256 0.0089284 0.0135458 0.0135067 0.0089284 0.0110937 0.0066389 0.0102141 0.0023140 0.0023140 0.0022031 0.0095458 0.0044157 0.0066601 0.0094726 0.0066389 0.0044157 0.1128719 0.0044254 0.0066499 0.0044265 
