93
Bacu_HTT         0.0000000 0.1385930 0.1033598 0.0095375 0.0290743 0.0278626 0.0328041 0.0342324 0.0414239 0.0311717 0.0338787 0.4161354 0.1358453 0.4017845 0.0911806 0.0419241 0.1146616 0.0980797 0.0982241 0.0978603 0.0937808 0.0372356 0.3661109 0.0521511 0.0410340 0.0322390 0.1365850 0.0941066 0.1095626 0.0932872 0.0876561 0.2592390 0.0896979 0.1136926 0.1109744 0.1008479 0.1240709 0.0919169 0.0994359 0.0970402 0.0938407 0.0954214 0.0897098 0.0916343 0.1586100 0.1021444 0.0912164 0.1246350 0.1375220 0.0833458 0.0924599 0.0763521 0.0919120 0.0843209 0.0912415 0.0920095 0.0480958 0.0888145 0.0891496 0.0916650 0.1388237 0.0988990 0.4451801 0.0889637 0.0924245 0.0946943 0.1004473 0.0881559 0.1118159 0.0984118 0.0894111 0.0999490 0.1180081 0.0931872 0.0967890 0.1340142 0.0947549 0.1007774 0.0970744 0.0963957 0.1026649 0.1662418 0.0931455 0.1037547 0.0966936 0.0982331 0.0992254 0.0930163 0.0965385 0.0992702 0.0872627 0.0986924 0.0902872 
Barn_HTT         0.1385930 0.0000000 0.0526586 0.1376051 0.1395419 0.1353803 0.1355155 0.1411561 0.1201916 0.1393950 0.1311939 0.5187835 0.0625330 0.4933791 0.1265258 0.1314722 0.1748011 0.1155416 0.1241712 0.1190221 0.1172028 0.1175763 0.4080927 0.1153129 0.1192746 0.1330626 0.1216164 0.1204988 0.1658750 0.1159317 0.0736006 0.3188390 0.1175095 0.1721796 0.1570944 0.1318398 0.1729850 0.1209729 0.1083814 0.1165586 0.1216208 0.1191022 0.1170646 0.1206707 0.1278579 0.1010479 0.0775624 0.1531629 0.0219162 0.0773178 0.0787574 0.0880961 0.0740282 0.0781337 0.0739105 0.1173128 0.1659141 0.0768115 0.0773155 0.0727480 0.1230938 0.1244817 0.5275980 0.1194651 0.1161040 0.1200556 0.1376087 0.1236218 0.1238124 0.1264378 0.1226624 0.1410157 0.1002074 0.1210708 0.1222969 0.0736966 0.1189739 0.1216728 0.1170973 0.1200061 0.1213388 0.0629172 0.1169245 0.1228688 0.1156302 0.1183593 0.1189888 0.1200382 0.1243464 0.1245553 0.0796495 0.1197815 0.0781500 
Bbai76728_HTT    0.1033598 0.0526586 0.0000000 0.0987332 0.0792766 0.0815059 0.0815254 0.1080011 0.0866250 0.1020893 0.0815560 0.4555108 0.1220760 0.4394321 0.0772523 0.0805979 0.1033372 0.0914624 0.0804677 0.0781470 0.0877193 0.0776088 0.3906304 0.0742156 0.0744697 0.0815635 0.1305676 0.0802086 0.0966569 0.0865443 0.0230818 0.2801526 0.0768094 0.1042578 0.1016529 0.0851070 0.1128248 0.0776554 0.0774991 0.0923625 0.0755100 0.0928006 0.0722677 0.0763364 0.1085300 0.0396052 0.0253308 0.0652859 0.0604149 0.0269819 0.0257904 0.0240670 0.0289677 0.0265562 0.0252256 0.0877707 0.1247160 0.0294271 0.0272944 0.0269811 0.0958404 0.0950550 0.4886842 0.0744129 0.0860324 0.0928337 0.0821569 0.0735162 0.0889913 0.0826210 0.0749550 0.1032929 0.1035430 0.0767148 0.0969264 0.1168125 0.0756278 0.0772741 0.0936552 0.0766923 0.0876455 0.1564182 0.0904490 0.0823072 0.0742305 0.0769462 0.0783889 0.0790355 0.0817034 0.0948810 0.0306582 0.0941406 0.0274091 
BbonAUS_HTT      0.0095375 0.1376051 0.0987332 0.0000000 0.0269193 0.0257778 0.0264098 0.0323065 0.0363686 0.0307384 0.0299525 0.4310899 0.1235675 0.4133464 0.0814739 0.0398231 0.1086501 0.0871068 0.0911817 0.0891666 0.0857442 0.0321259 0.3645813 0.0456174 0.0346632 0.0310854 0.1339005 0.0859924 0.1010125 0.0845728 0.0803723 0.2574431 0.0814597 0.1094190 0.1104317 0.0884158 0.1184117 0.0825921 0.0856702 0.0851706 0.0802673 0.0880532 0.0782130 0.0818673 0.1022625 0.0995025 0.0863406 0.1227482 0.1355711 0.0830438 0.0872902 0.0730580 0.0898393 0.0852514 0.0870336 0.0839670 0.0491018 0.0865008 0.0862479 0.0868184 0.0882935 0.0900570 0.4588347 0.0809285 0.0809571 0.0872127 0.0927899 0.0768803 0.0898091 0.0862865 0.0784567 0.1002320 0.1172476 0.0775323 0.0885001 0.1285948 0.0821301 0.0898817 0.0866033 0.0876574 0.0949650 0.1602648 0.0848963 0.0928370 0.0854516 0.0857296 0.0889064 0.0841574 0.0891324 0.0908730 0.0823383 0.0902041 0.0863986 
Bbor_HTT         0.0290743 0.1395419 0.0792766 0.0269193 0.0000000 0.0070678 0.0078175 0.0210273 0.0312977 0.0251932 0.0307155 0.4005399 0.1262899 0.3965665 0.0752050 0.0354871 0.0760070 0.0787604 0.0793399 0.0796703 0.0701380 0.0270013 0.3444226 0.0296794 0.0343680 0.0277941 0.1265343 0.0749480 0.0697047 0.0673830 0.0759342 0.2475351 0.0779587 0.0971887 0.0946496 0.0823695 0.0762758 0.0709951 0.0759047 0.0714378 0.0747041 0.0725518 0.0749267 0.0715987 0.1282140 0.0930617 0.0793642 0.0779408 0.1097483 0.0722093 0.0764080 0.0673133 0.0802890 0.0747695 0.0791224 0.0687476 0.0469231 0.0773790 0.0782813 0.0775197 0.1111722 0.0765295 0.4353111 0.0711899 0.0721526 0.0721315 0.0784879 0.0722466 0.0872574 0.0782127 0.0729055 0.0793155 0.0938923 0.0743929 0.0739637 0.1287669 0.0757145 0.0778402 0.0750435 0.0713673 0.0841866 0.1562667 0.0722298 0.0823562 0.0761706 0.0752367 0.0757582 0.0714371 0.0752205 0.0766059 0.0757412 0.0750070 0.0784030 
Bede66737_HTT    0.0278626 0.1353803 0.0815059 0.0257778 0.0070678 0.0000000 0.0057873 0.0210066 0.0322464 0.0252256 0.0292367 0.4053692 0.1226564 0.3931097 0.0734986 0.0339650 0.0730374 0.0821234 0.0833753 0.0825205 0.0740140 0.0249587 0.3424496 0.0295282 0.0334971 0.0268322 0.1207344 0.0768061 0.0676905 0.0713451 0.0729762 0.2431891 0.0754901 0.0951235 0.0967954 0.0830938 0.0796256 0.0754022 0.0749228 0.0757973 0.0761419 0.0767950 0.0719049 0.0703479 0.1386763 0.0965953 0.0810526 0.0755350 0.1146700 0.0747567 0.0806682 0.0642242 0.0843850 0.0771542 0.0808605 0.0722057 0.0463799 0.0805613 0.0815815 0.0838120 0.1140946 0.0799369 0.4361458 0.0737395 0.0758363 0.0763733 0.0835551 0.0695765 0.0861232 0.0805460 0.0698770 0.0828194 0.1053933 0.0727886 0.0772550 0.1276928 0.0736199 0.0819593 0.0771607 0.0753421 0.0877065 0.1627383 0.0772784 0.0861723 0.0790525 0.0775568 0.0798358 0.0752681 0.0791714 0.0798521 0.0755606 0.0786973 0.0803747 
BedeAUS_HTT      0.0328041 0.1355155 0.0815254 0.0264098 0.0078175 0.0057873 0.0000000 0.0239081 0.0362411 0.0295113 0.0295570 0.3968484 0.1201664 0.3991553 0.0786741 0.0315171 0.0777777 0.0819158 0.0871987 0.0828499 0.0784536 0.0267078 0.3430248 0.0314140 0.0355641 0.0259728 0.1304965 0.0809555 0.0687618 0.0780901 0.0770122 0.2467308 0.0767481 0.0989156 0.0958227 0.0809352 0.0850992 0.0749853 0.0765207 0.0783731 0.0730282 0.0827643 0.0766209 0.0771327 0.1552718 0.0944288 0.0824959 0.0759244 0.1156361 0.0768558 0.0809349 0.0630892 0.0857907 0.0782599 0.0821278 0.0765770 0.0510726 0.0806767 0.0794808 0.0826383 0.1289101 0.0851216 0.4217066 0.0770832 0.0748440 0.0813399 0.0851736 0.0711643 0.0885196 0.0798687 0.0757082 0.0915058 0.1078428 0.0763676 0.0818371 0.1251502 0.0738748 0.0830950 0.0831151 0.0773691 0.0881191 0.1642378 0.0787714 0.0862180 0.0804530 0.0849423 0.0784684 0.0757937 0.0842903 0.0789343 0.0804336 0.0842746 0.0772800 
Bmus_HTT         0.0342324 0.1411561 0.1080011 0.0323065 0.0210273 0.0210066 0.0239081 0.0000000 0.0400592 0.0277416 0.0277337 0.4114686 0.1392956 0.4011001 0.0921306 0.0410217 0.1128597 0.0963224 0.0999786 0.0978840 0.0920414 0.0368157 0.3643867 0.0521927 0.0418444 0.0281768 0.1351984 0.0941059 0.1091325 0.0900785 0.0885525 0.2564712 0.0886546 0.1141647 0.1118861 0.1012555 0.1231644 0.0937256 0.0979012 0.0958330 0.0925063 0.0929324 0.0888693 0.0930302 0.1569277 0.1015901 0.0917037 0.1268850 0.1404275 0.0861121 0.0919693 0.0770480 0.0934893 0.0862513 0.0901830 0.0909786 0.0456134 0.0887980 0.0919783 0.0925821 0.1398301 0.0989804 0.4388901 0.0898835 0.0941815 0.0937058 0.0962795 0.0872408 0.1143314 0.0963291 0.0885057 0.0970984 0.1187037 0.0931952 0.0964878 0.1356744 0.0934471 0.0981938 0.0958002 0.0973000 0.1031284 0.1706042 0.0931534 0.1042268 0.0966235 0.0978360 0.0970441 0.0933930 0.0965366 0.0979171 0.0881669 0.0969444 0.0933668 
Bmys_HTT         0.0414239 0.1201916 0.0866250 0.0363686 0.0312977 0.0322464 0.0362411 0.0400592 0.0000000 0.0310379 0.0375911 0.4155830 0.1159435 0.4008256 0.0745690 0.0364081 0.0946467 0.0796306 0.0776952 0.0785567 0.0753039 0.0099729 0.3493634 0.0213862 0.0126715 0.0276272 0.1214709 0.0769180 0.0954874 0.0740014 0.0715735 0.2455182 0.0674638 0.0951407 0.0934751 0.0865032 0.1075247 0.0750091 0.0769231 0.0764040 0.0745208 0.0776147 0.0737663 0.0715606 0.1121941 0.0703925 0.0715060 0.1060829 0.1153513 0.0671101 0.0773826 0.0556220 0.0750778 0.0683165 0.0727198 0.0738737 0.0487255 0.0721864 0.0726785 0.0782322 0.1026598 0.0790563 0.4447067 0.0717579 0.0757891 0.0772527 0.0808732 0.0722904 0.0876556 0.0819150 0.0741404 0.0818040 0.0939596 0.0761440 0.0794093 0.1125416 0.0770519 0.0787951 0.0779843 0.0792502 0.0835667 0.1398320 0.0742807 0.0853567 0.0761820 0.0789997 0.0789970 0.0746135 0.0770294 0.0767664 0.0713706 0.0783147 0.0750987 
Bphy_HTT         0.0311717 0.1393950 0.1020893 0.0307384 0.0251932 0.0252256 0.0295113 0.0277416 0.0310379 0.0000000 0.0027078 0.4025576 0.1249666 0.3812604 0.0753909 0.0371528 0.0735554 0.0812785 0.0813651 0.0832427 0.0808569 0.0297471 0.3717187 0.0458886 0.0330446 0.0242741 0.1278831 0.0815262 0.0717064 0.0777302 0.0791621 0.2559796 0.0801632 0.0999636 0.0978438 0.0860525 0.0850309 0.0803491 0.0827527 0.0810653 0.0776160 0.0817753 0.0745828 0.0764775 0.0980525 0.0973090 0.0821499 0.0802634 0.1365874 0.0767840 0.0854709 0.0639248 0.0814897 0.0794304 0.0862706 0.0800443 0.0342575 0.0803635 0.0857111 0.0877121 0.0860543 0.0868714 0.4247688 0.0757391 0.0798071 0.0801676 0.0901140 0.0718481 0.0965627 0.0862603 0.0738935 0.0904878 0.1129653 0.0796604 0.0858561 0.1211987 0.0777586 0.0846298 0.0807564 0.0832165 0.0891590 0.1571738 0.0781428 0.0900402 0.0791265 0.0813389 0.0813132 0.0789404 0.0803923 0.0830462 0.0811310 0.0845999 0.0856378 
Bphy_baits_HTT   0.0338787 0.1311939 0.0815560 0.0299525 0.0307155 0.0292367 0.0295570 0.0277337 0.0375911 0.0027078 0.0000000 0.3988317 0.1165646 0.3961003 0.0750082 0.0385674 0.1008938 0.0758789 0.0784241 0.0772447 0.0734114 0.0308651 0.3634206 0.0358638 0.0371475 0.0272415 0.1286397 0.0760730 0.0964459 0.0717150 0.0782273 0.2567801 0.0855311 0.1081168 0.0988408 0.0822858 0.1089589 0.0696892 0.0779995 0.0733301 0.0726962 0.0748529 0.0735774 0.0747011 0.1373156 0.0951814 0.0810611 0.1244780 0.1151327 0.0763215 0.0801678 0.0638268 0.0799684 0.0755396 0.0840072 0.0725125 0.0321315 0.0811194 0.0807602 0.0785761 0.1135816 0.0771202 0.4320326 0.0709060 0.0711970 0.0739644 0.0850243 0.0714676 0.0895151 0.0807378 0.0735833 0.0937504 0.1054127 0.0781989 0.0767363 0.1222295 0.0767413 0.0755434 0.0762931 0.0747189 0.0827435 0.1500153 0.0740369 0.0840144 0.0729434 0.0777953 0.0761256 0.0695512 0.0776831 0.0743525 0.0765618 0.0804426 0.0793614 
Btau_HTT         0.4161354 0.5187835 0.4555108 0.4310899 0.4005399 0.4053692 0.3968484 0.4114686 0.4155830 0.4025576 0.3988317 0.0000000 0.5078165 0.1992589 0.4258685 0.4115840 0.4536604 0.4458752 0.4419496 0.4414250 0.4231971 0.4258082 0.5919591 0.4326936 0.4204612 0.4357366 0.4842933 0.4227147 0.4463378 0.4177804 0.4300692 0.4467974 0.4293423 0.4521148 0.4504873 0.4461867 0.4528835 0.4275496 0.4339733 0.4327559 0.4252317 0.4194386 0.4234774 0.4273638 0.5079386 0.4578962 0.4264068 0.4937347 0.5225729 0.4350065 0.4185695 0.4502684 0.4314144 0.4490268 0.4462355 0.4232708 0.4385535 0.4262178 0.4402965 0.4384177 0.4877510 0.4320436 0.1629915 0.4303238 0.4321218 0.4239052 0.4450386 0.4194499 0.4476874 0.4355388 0.4203194 0.4219876 0.4547707 0.4265240 0.4225160 0.4852616 0.4282389 0.4467705 0.4331491 0.4244947 0.4362546 0.5582544 0.4303215 0.4452846 0.4334287 0.4299695 0.4309599 0.4327021 0.4226902 0.4336526 0.4367428 0.4197022 0.4588224 
Ccom40_HTT       0.1358453 0.0625330 0.1220760 0.1235675 0.1262899 0.1226564 0.1201664 0.1392956 0.1159435 0.1249666 0.1165646 0.5078165 0.0000000 0.4895383 0.0424737 0.1191030 0.0927412 0.0572307 0.0594731 0.0571487 0.0661270 0.1153442 0.4160240 0.1136519 0.1178855 0.1223920 0.1220617 0.0529635 0.0801551 0.0497688 0.1215074 0.3108328 0.0907952 0.1571827 0.1410728 0.0642255 0.0978517 0.0391948 0.0321686 0.0486023 0.0548053 0.0394356 0.0414911 0.0419414 0.1073551 0.1368840 0.1252475 0.1808983 0.0741724 0.1143137 0.1292347 0.1329601 0.1218919 0.1226552 0.1228871 0.0660992 0.1554261 0.1221574 0.1263426 0.1173786 0.0729813 0.0736218 0.5480452 0.0511961 0.0497848 0.0513246 0.1131641 0.0555197 0.0682456 0.0744289 0.0560705 0.1284921 0.0972464 0.0731921 0.0731173 0.0320138 0.0558702 0.0580601 0.0523335 0.0544239 0.0656410 0.0193480 0.0556456 0.0573334 0.0510981 0.0512550 0.0573612 0.0544469 0.0582750 0.0535333 0.1175777 0.0528469 0.1171196 
Cela_HTT         0.4017845 0.4933791 0.4394321 0.4133464 0.3965665 0.3931097 0.3991553 0.4011001 0.4008256 0.3812604 0.3961003 0.1992589 0.4895383 0.0000000 0.4038036 0.4072176 0.4330898 0.4329206 0.4146390 0.4258329 0.4084493 0.4091648 0.5778600 0.4263415 0.4005353 0.4127690 0.4727392 0.4123119 0.4360972 0.4040987 0.4147550 0.4126590 0.4222175 0.4275625 0.4263674 0.4264507 0.4403130 0.4079118 0.4197422 0.4225379 0.4182485 0.4042602 0.4098033 0.4049698 0.4937148 0.4529519 0.4200889 0.4755137 0.4999215 0.4223443 0.4170695 0.4291061 0.4250475 0.4381206 0.4268092 0.4073637 0.4194134 0.4151255 0.4281890 0.4277225 0.4617634 0.4062944 0.2165049 0.4117406 0.4157307 0.4081694 0.4287123 0.4110333 0.4449788 0.4200632 0.4090203 0.4038956 0.4429454 0.4208418 0.4070750 0.4608175 0.4214238 0.4306688 0.4242002 0.4071379 0.4300079 0.5278028 0.4148800 0.4316926 0.4205169 0.4225089 0.4237390 0.4151006 0.4074945 0.4291905 0.4298971 0.4066505 0.4409256 
Chea7320_HTT     0.0911806 0.1265258 0.0772523 0.0814739 0.0752050 0.0734986 0.0786741 0.0921306 0.0745690 0.0753909 0.0750082 0.4258685 0.0424737 0.4038036 0.0000000 0.0717363 0.0197046 0.0206628 0.0214774 0.0225487 0.0305619 0.0707930 0.3549978 0.0730909 0.0747389 0.0743046 0.0615675 0.0177716 0.0133282 0.0126533 0.0761200 0.2560894 0.0510473 0.1035922 0.0964335 0.0319364 0.0246854 0.0026188 0.0063303 0.0151798 0.0201540 0.0056845 0.0069849 0.0052974 0.0820927 0.0905790 0.0815498 0.0856250 0.1146185 0.0721225 0.0819963 0.0721441 0.0811318 0.0793393 0.0795555 0.0305533 0.0970641 0.0795973 0.0811583 0.0777005 0.0350950 0.0345936 0.4546150 0.0139316 0.0152155 0.0200911 0.0681433 0.0158338 0.0439816 0.0367336 0.0158415 0.0856968 0.0943503 0.0335709 0.0331421 0.0753638 0.0184445 0.0184489 0.0143168 0.0138565 0.0262768 0.0881154 0.0185406 0.0213909 0.0137543 0.0163633 0.0198160 0.0172553 0.0180489 0.0169737 0.0718146 0.0180163 0.0775076 
Cmar59905_HTT    0.0419241 0.1314722 0.0805979 0.0398231 0.0354871 0.0339650 0.0315171 0.0410217 0.0364081 0.0371528 0.0385674 0.4115840 0.1191030 0.4072176 0.0717363 0.0000000 0.0722705 0.0776027 0.0824467 0.0788976 0.0751890 0.0308899 0.3593259 0.0333882 0.0348244 0.0358640 0.1259772 0.0773144 0.0684079 0.0756892 0.0736191 0.2502721 0.0758165 0.0933977 0.0963607 0.0810416 0.0804945 0.0756668 0.0767530 0.0777408 0.0713047 0.0784002 0.0696812 0.0737475 0.1386427 0.0953448 0.0779398 0.0759237 0.1153717 0.0742210 0.0774841 0.0644636 0.0831941 0.0780202 0.0829456 0.0733932 0.0569682 0.0804994 0.0795910 0.0792722 0.1175937 0.0798124 0.4417921 0.0716703 0.0724382 0.0793253 0.0810015 0.0699077 0.0820059 0.0769515 0.0711095 0.0853178 0.1000234 0.0701507 0.0788704 0.1200962 0.0728155 0.0810782 0.0769324 0.0779846 0.0853529 0.1588285 0.0766648 0.0828934 0.0797397 0.0783231 0.0801957 0.0775948 0.0790558 0.0783851 0.0747106 0.0798181 0.0790641 
Dcap108471_HTT   0.1146616 0.1748011 0.1033372 0.1086501 0.0760070 0.0730374 0.0777777 0.1128597 0.0946467 0.0735554 0.1008938 0.4536604 0.0927412 0.4330898 0.0197046 0.0722705 0.0000000 0.0254470 0.0267518 0.0276932 0.0534075 0.0947160 0.4002600 0.0953873 0.0727487 0.1015979 0.0605683 0.0402591 0.0137413 0.0345218 0.0992122 0.2944936 0.0806403 0.1279376 0.1275895 0.0568344 0.0209165 0.0170089 0.0455725 0.0305573 0.0068420 0.0381364 0.0405778 0.0421705 0.1461768 0.1199248 0.0800368 0.1030600 0.1517477 0.0964349 0.0791105 0.1180916 0.1086052 0.1034137 0.1091162 0.0521889 0.1135787 0.0779426 0.1073943 0.1014504 0.0912251 0.0556704 0.4803284 0.0342844 0.0361056 0.0394074 0.0923259 0.0155913 0.0945024 0.0604287 0.0157840 0.1101452 0.0991924 0.0590786 0.0567934 0.1089149 0.0305331 0.0372282 0.0373206 0.0147003 0.0407197 0.1417495 0.0271112 0.0342242 0.0105783 0.0313734 0.0305257 0.0052317 0.0079374 0.0327157 0.0908947 0.0304506 0.1043300 
Dcap79929_HTT    0.0980797 0.1155416 0.0914624 0.0871068 0.0787604 0.0821234 0.0819158 0.0963224 0.0796306 0.0812785 0.0758789 0.4458752 0.0572307 0.4329206 0.0206628 0.0776027 0.0254470 0.0000000 0.0037782 0.0036059 0.0353338 0.0713046 0.3754588 0.0904046 0.0808452 0.0830497 0.0640164 0.0185201 0.0376571 0.0147170 0.0775863 0.2763799 0.0498161 0.1087872 0.1036213 0.0299297 0.0454102 0.0175395 0.0177320 0.0095866 0.0061914 0.0186214 0.0182877 0.0182692 0.1220143 0.0855137 0.0808318 0.1229290 0.1339399 0.0694846 0.0824246 0.0655385 0.0794194 0.0783826 0.0800119 0.0337399 0.1057485 0.0811726 0.0829001 0.0784221 0.0731913 0.0369485 0.4721812 0.0115064 0.0136001 0.0182509 0.0626449 0.0167118 0.0441630 0.0387168 0.0166183 0.0944937 0.1023131 0.0336802 0.0393969 0.0721658 0.0112891 0.0115581 0.0143783 0.0161625 0.0183040 0.0749855 0.0068616 0.0114451 0.0120131 0.0093088 0.0087591 0.0064766 0.0096927 0.0105747 0.0697372 0.0108088 0.0757379 
DdelSJR_HTT      0.0982241 0.1241712 0.0804677 0.0911817 0.0793399 0.0833753 0.0871987 0.0999786 0.0776952 0.0813651 0.0784241 0.4419496 0.0594731 0.4146390 0.0214774 0.0824467 0.0267518 0.0037782 0.0000000 0.0029116 0.0381263 0.0716151 0.3607497 0.0767031 0.0800350 0.0840916 0.0660029 0.0195954 0.0394833 0.0154142 0.0760565 0.2678151 0.0535349 0.1099824 0.1075900 0.0350880 0.0462063 0.0197606 0.0215470 0.0116074 0.0102484 0.0202029 0.0208274 0.0189085 0.0704886 0.0931908 0.0830522 0.1240049 0.1183756 0.0725510 0.0830868 0.0700905 0.0826650 0.0779593 0.0833942 0.0356682 0.1059827 0.0842093 0.0843313 0.0813313 0.0430428 0.0405292 0.4624354 0.0132441 0.0149776 0.0206138 0.0665179 0.0181097 0.0454789 0.0408383 0.0179427 0.0928604 0.1035663 0.0368692 0.0414909 0.0773330 0.0127032 0.0126669 0.0156357 0.0159657 0.0206365 0.0748793 0.0070621 0.0134215 0.0126316 0.0111316 0.0110666 0.0073476 0.0100240 0.0123075 0.0708746 0.0106302 0.0782762 
Ddeltrop4525_HTT 0.0978603 0.1190221 0.0781470 0.0891666 0.0796703 0.0825205 0.0828499 0.0978840 0.0785567 0.0832427 0.0772447 0.4414250 0.0571487 0.4258329 0.0225487 0.0788976 0.0276932 0.0036059 0.0029116 0.0000000 0.0340672 0.0699410 0.3720330 0.0771450 0.0807139 0.0831997 0.0660045 0.0190958 0.0395508 0.0162502 0.0764419 0.2736467 0.0520697 0.1097254 0.1033749 0.0311717 0.0471119 0.0190012 0.0193109 0.0110924 0.0087712 0.0201532 0.0203978 0.0192055 0.0835170 0.0871010 0.0813037 0.1207616 0.1152576 0.0695111 0.0814477 0.0671783 0.0789725 0.0770775 0.0793153 0.0324703 0.1045285 0.0812063 0.0816980 0.0784415 0.0379587 0.0363226 0.4658750 0.0133921 0.0154745 0.0213521 0.0645331 0.0181656 0.0433410 0.0399544 0.0189696 0.0921362 0.1057991 0.0359318 0.0381227 0.0738940 0.0126551 0.0128341 0.0161524 0.0171145 0.0196992 0.0769932 0.0091933 0.0134629 0.0119464 0.0110332 0.0099677 0.0086162 0.0121384 0.0113951 0.0702367 0.0111763 0.0729959 
Dleu_HTT         0.0937808 0.1172028 0.0877193 0.0857442 0.0701380 0.0740140 0.0784536 0.0920414 0.0753039 0.0808569 0.0734114 0.4231971 0.0661270 0.4084493 0.0305619 0.0751890 0.0534075 0.0353338 0.0381263 0.0340672 0.0000000 0.0687423 0.3626114 0.0865773 0.0714967 0.0793008 0.0748453 0.0342570 0.0488997 0.0318886 0.0685636 0.2597601 0.0533431 0.1060007 0.1078902 0.0421795 0.0585723 0.0321496 0.0331012 0.0318375 0.0326873 0.0322213 0.0288291 0.0304894 0.1243686 0.0849627 0.0769801 0.1096435 0.1280401 0.0715199 0.0760882 0.0691394 0.0782943 0.0738386 0.0797987 0.0048329 0.1004410 0.0768077 0.0756271 0.0719469 0.0615549 0.0237495 0.4592122 0.0270883 0.0288225 0.0335671 0.0630000 0.0295118 0.0323578 0.0235803 0.0307148 0.0924397 0.0994856 0.0215519 0.0225040 0.0611013 0.0330590 0.0307939 0.0314721 0.0329749 0.0388396 0.0978177 0.0318605 0.0364492 0.0307775 0.0316781 0.0350928 0.0337108 0.0328396 0.0340373 0.0625702 0.0345741 0.0740400 
EausAUS_HTT      0.0372356 0.1175763 0.0776088 0.0321259 0.0270013 0.0249587 0.0267078 0.0368157 0.0099729 0.0297471 0.0308651 0.4258082 0.1153442 0.4091648 0.0707930 0.0308899 0.0947160 0.0713046 0.0716151 0.0699410 0.0687423 0.0000000 0.3398613 0.0164601 0.0077207 0.0255427 0.1218944 0.0676981 0.0899105 0.0662374 0.0638652 0.2431749 0.0600074 0.0914628 0.0895645 0.0766865 0.1006910 0.0688148 0.0716575 0.0691296 0.0669755 0.0702562 0.0680190 0.0711018 0.0843652 0.0773573 0.0652041 0.1058580 0.1138700 0.0601589 0.0667194 0.0520003 0.0655316 0.0627403 0.0693809 0.0669484 0.0457573 0.0657139 0.0661676 0.0649059 0.0725236 0.0718995 0.4528236 0.0629944 0.0652727 0.0684376 0.0719250 0.0647457 0.0902459 0.0712475 0.0674033 0.0752634 0.0751378 0.0692499 0.0728711 0.1098997 0.0705794 0.0728921 0.0675751 0.0710679 0.0774028 0.1377021 0.0690130 0.0752056 0.0674141 0.0692891 0.0693754 0.0668897 0.0702661 0.0703943 0.0622393 0.0719909 0.0657052 
Ecab_HTT         0.3661109 0.4080927 0.3906304 0.3645813 0.3444226 0.3424496 0.3430248 0.3643867 0.3493634 0.3717187 0.3634206 0.5919591 0.4160240 0.5778600 0.3549978 0.3593259 0.4002600 0.3754588 0.3607497 0.3720330 0.3626114 0.3398613 0.0000000 0.3719293 0.3578871 0.3632431 0.4092568 0.3574816 0.3902847 0.3619942 0.3638899 0.4248878 0.3690030 0.3913365 0.3914460 0.3825246 0.3936835 0.3721068 0.3679922 0.3748663 0.3743032 0.3586780 0.3495203 0.3578857 0.4465713 0.3646959 0.3587510 0.4169595 0.4234719 0.3509103 0.3649801 0.3285270 0.3517388 0.3456161 0.3610665 0.3618194 0.3943726 0.3663190 0.3661043 0.3767563 0.4210308 0.3730882 0.6290956 0.3517215 0.3657518 0.3670392 0.3641148 0.3602496 0.3491854 0.3704436 0.3545328 0.3654987 0.3566729 0.3686688 0.3714381 0.4117231 0.3658288 0.3718930 0.3574060 0.3647767 0.3809523 0.3830351 0.3628786 0.3775596 0.3812686 0.3583235 0.3715761 0.3707517 0.3567585 0.3585925 0.3558698 0.3672740 0.3433982 
Egla13086_HTT    0.0521511 0.1153129 0.0742156 0.0456174 0.0296794 0.0295282 0.0314140 0.0521927 0.0213862 0.0458886 0.0358638 0.4326936 0.1136519 0.4263415 0.0730909 0.0333882 0.0953873 0.0904046 0.0767031 0.0771450 0.0865773 0.0164601 0.3719293 0.0000000 0.0041443 0.0262941 0.1237947 0.0755409 0.0931166 0.0867622 0.0699597 0.2639496 0.0676779 0.0939208 0.0910198 0.0806558 0.1074618 0.0732663 0.0770798 0.0876398 0.0690425 0.0908303 0.0715261 0.0724868 0.1396396 0.0829732 0.0709206 0.1049178 0.1000753 0.0653506 0.0729924 0.0543818 0.0747106 0.0667188 0.0723166 0.0849882 0.0645900 0.0686175 0.0703093 0.0731091 0.1240684 0.0898444 0.4630485 0.0695549 0.0853509 0.0904278 0.0792574 0.0704727 0.0900843 0.0787049 0.0719285 0.0941878 0.0946170 0.0743156 0.0911894 0.1091643 0.0729353 0.0789050 0.0917000 0.0780993 0.0822009 0.1428525 0.0872153 0.0831141 0.0767910 0.0794761 0.0767210 0.0718624 0.0755296 0.0889798 0.0698160 0.0916529 0.0705234 
Ejap43864_HTT    0.0410340 0.1192746 0.0744697 0.0346632 0.0343680 0.0334971 0.0355641 0.0418444 0.0126715 0.0330446 0.0371475 0.4204612 0.1178855 0.4005353 0.0747389 0.0348244 0.0727487 0.0808452 0.0800350 0.0807139 0.0714967 0.0077207 0.3578871 0.0041443 0.0000000 0.0273052 0.1225275 0.0784332 0.0714774 0.0741426 0.0704462 0.2504319 0.0668256 0.0906236 0.0893562 0.0856330 0.0839956 0.0742191 0.0770502 0.0738547 0.0759224 0.0779774 0.0735713 0.0730454 0.1276818 0.0884398 0.0734868 0.0726732 0.1085799 0.0709346 0.0785743 0.0560932 0.0816205 0.0727097 0.0776451 0.0706654 0.0532739 0.0740719 0.0764861 0.0800786 0.1073597 0.0746932 0.4523593 0.0724254 0.0747392 0.0762461 0.0795006 0.0712996 0.0894458 0.0807879 0.0740412 0.0836773 0.0958384 0.0735821 0.0758119 0.1156144 0.0783490 0.0802869 0.0789653 0.0764266 0.0860450 0.1435536 0.0766609 0.0867562 0.0757817 0.0793344 0.0806347 0.0746447 0.0772895 0.0752581 0.0740127 0.0780055 0.0761734 
Erob133443_HTT   0.0322390 0.1330626 0.0815635 0.0310854 0.0277941 0.0268322 0.0259728 0.0281768 0.0276272 0.0242741 0.0272415 0.4357366 0.1223920 0.4127690 0.0743046 0.0358640 0.1015979 0.0830497 0.0840916 0.0831997 0.0793008 0.0255427 0.3632431 0.0262941 0.0273052 0.0000000 0.1317437 0.0778587 0.0966519 0.0779683 0.0727711 0.2540498 0.0748918 0.1048326 0.1036064 0.0848123 0.1146190 0.0761237 0.0794304 0.0818372 0.0705177 0.0831941 0.0747181 0.0747152 0.0990158 0.0988872 0.0782006 0.1176177 0.1135579 0.0767970 0.0774505 0.0664533 0.0805970 0.0754283 0.0818582 0.0788057 0.0409764 0.0815426 0.0810519 0.0788599 0.0824639 0.0848150 0.4707115 0.0735069 0.0752471 0.0798171 0.0887479 0.0689924 0.0887231 0.0830707 0.0702762 0.0964172 0.1024901 0.0762831 0.0818063 0.1259191 0.0779060 0.0804194 0.0799959 0.0825475 0.0881579 0.1538622 0.0786028 0.0871621 0.0801674 0.0826033 0.0832851 0.0741166 0.0803961 0.0819460 0.0757928 0.0840900 0.0802073 
Fatt_HTT         0.1365850 0.1216164 0.1305676 0.1339005 0.1265343 0.1207344 0.1304965 0.1351984 0.1214709 0.1278831 0.1286397 0.4842933 0.1220617 0.4727392 0.0615675 0.1259772 0.0605683 0.0640164 0.0660029 0.0660045 0.0748453 0.1218944 0.4092568 0.1237947 0.1225275 0.1317437 0.0000000 0.0530040 0.0474280 0.0462124 0.1240427 0.3002903 0.1142616 0.1512676 0.1532039 0.0778899 0.0197268 0.0639355 0.0680799 0.0615485 0.0623313 0.0573476 0.0600760 0.0616726 0.1805423 0.1543767 0.1351838 0.1382456 0.1892933 0.1265170 0.1295093 0.1779936 0.1418735 0.1370792 0.1412774 0.0735409 0.1549117 0.1278814 0.1341793 0.1292926 0.1180946 0.0785267 0.5177006 0.0541459 0.0570884 0.0551781 0.0648606 0.0495373 0.1379687 0.0353875 0.0484089 0.1356400 0.2167655 0.0831135 0.0775843 0.1423109 0.0627929 0.0704313 0.0065556 0.0068028 0.0704852 0.2154613 0.0639790 0.0191740 0.0568384 0.0646828 0.0640974 0.0645492 0.0617327 0.0631553 0.1201844 0.0613568 0.1341605 
Ggri_HTT         0.0941066 0.1204988 0.0802086 0.0859924 0.0749480 0.0768061 0.0809555 0.0941059 0.0769180 0.0815262 0.0760730 0.4227147 0.0529635 0.4123119 0.0177716 0.0773144 0.0402591 0.0185201 0.0195954 0.0190958 0.0342570 0.0676981 0.3574816 0.0755409 0.0784332 0.0778587 0.0530040 0.0000000 0.0286748 0.0076473 0.0731594 0.2585994 0.0473262 0.1080482 0.1016405 0.0286446 0.0428618 0.0157669 0.0153049 0.0147594 0.0183285 0.0165323 0.0162941 0.0145739 0.1179223 0.0878278 0.0815096 0.1219738 0.1182480 0.0708298 0.0790853 0.0715485 0.0767541 0.0775816 0.0783651 0.0326772 0.1013924 0.0802818 0.0812453 0.0805390 0.0690627 0.0357598 0.4542166 0.0100717 0.0115785 0.0138081 0.0625110 0.0079338 0.0448557 0.0380622 0.0081409 0.0905973 0.1005887 0.0347008 0.0358756 0.0715537 0.0184865 0.0128134 0.0057335 0.0085877 0.0237595 0.0858419 0.0165633 0.0174640 0.0124833 0.0137625 0.0179943 0.0157664 0.0174074 0.0138912 0.0674993 0.0177239 0.0766635 
Gmac39091_HTT    0.1095626 0.1658750 0.0966569 0.1010125 0.0697047 0.0676905 0.0687618 0.1091325 0.0954874 0.0717064 0.0964459 0.4463378 0.0801551 0.4360972 0.0133282 0.0684079 0.0137413 0.0376571 0.0394833 0.0395508 0.0488997 0.0899105 0.3902847 0.0931166 0.0714774 0.0966519 0.0474280 0.0286748 0.0000000 0.0228215 0.0964721 0.2802835 0.0766113 0.1260295 0.1224574 0.0470379 0.0175484 0.0123559 0.0371039 0.0331029 0.0116316 0.0338727 0.0338188 0.0345408 0.1469257 0.1113663 0.0759485 0.0966299 0.1406893 0.0930454 0.0744755 0.1137936 0.1038039 0.1000692 0.1016922 0.0480696 0.1089964 0.0720559 0.1005341 0.0945766 0.0880540 0.0519356 0.4752551 0.0290520 0.0298900 0.0318045 0.0878084 0.0029957 0.0838660 0.0553390 0.0029238 0.1099768 0.0948684 0.0540411 0.0540256 0.0980797 0.0356722 0.0383976 0.0270417 0.0047404 0.0446708 0.1436425 0.0359209 0.0395714 0.0085154 0.0359087 0.0365558 0.0116246 0.0142815 0.0344958 0.0889413 0.0372539 0.0967670 
Gmel_HTT         0.0932872 0.1159317 0.0865443 0.0845728 0.0673830 0.0713451 0.0780901 0.0900785 0.0740014 0.0777302 0.0717150 0.4177804 0.0497688 0.4040987 0.0126533 0.0756892 0.0345218 0.0147170 0.0154142 0.0162502 0.0318886 0.0662374 0.3619942 0.0867622 0.0741426 0.0779683 0.0462124 0.0076473 0.0228215 0.0000000 0.0705103 0.2541415 0.0475252 0.1063029 0.1021367 0.0273156 0.0375962 0.0121966 0.0120640 0.0105990 0.0143634 0.0133052 0.0124938 0.0097338 0.1255175 0.0795369 0.0752656 0.1126678 0.1250216 0.0661144 0.0757924 0.0677484 0.0750403 0.0714943 0.0745785 0.0308959 0.0952965 0.0764744 0.0762582 0.0733422 0.0760746 0.0346113 0.4451284 0.0075791 0.0088406 0.0126518 0.0617458 0.0042014 0.0401720 0.0347375 0.0044834 0.0911597 0.0970038 0.0308898 0.0366466 0.0665386 0.0141705 0.0119727 0.0054797 0.0060708 0.0203772 0.0779625 0.0116592 0.0165745 0.0090546 0.0128393 0.0148390 0.0116260 0.0132050 0.0107493 0.0621693 0.0152884 0.0732295 
Hamp_HTT         0.0876561 0.0736006 0.0230818 0.0803723 0.0759342 0.0729762 0.0770122 0.0885525 0.0715735 0.0791621 0.0782273 0.4300692 0.1215074 0.4147550 0.0761200 0.0736191 0.0992122 0.0775863 0.0760565 0.0764419 0.0685636 0.0638652 0.3638899 0.0699597 0.0704462 0.0727711 0.1240427 0.0731594 0.0964721 0.0705103 0.0000000 0.2491017 0.0777794 0.1035738 0.0981865 0.0886588 0.1065327 0.0746391 0.0728424 0.0746651 0.0780963 0.0752206 0.0729270 0.0717467 0.1397634 0.0314726 0.0141216 0.0496442 0.0491518 0.0168604 0.0144815 0.0122922 0.0185012 0.0125144 0.0134121 0.0686388 0.0997931 0.0167481 0.0146989 0.0172233 0.1189175 0.0754220 0.4632874 0.0707203 0.0717880 0.0748088 0.0794770 0.0752347 0.0901129 0.0787145 0.0718866 0.0876199 0.0942437 0.0769924 0.0747991 0.1155440 0.0774962 0.0769846 0.0746308 0.0716938 0.0842883 0.1431482 0.0740908 0.0773080 0.0756390 0.0773435 0.0772315 0.0747794 0.0766338 0.0770371 0.0215079 0.0779308 0.0220829 
Hippo_HTT        0.2592390 0.3188390 0.2801526 0.2574431 0.2475351 0.2431891 0.2467308 0.2564712 0.2455182 0.2559796 0.2567801 0.4467974 0.3108328 0.4126590 0.2560894 0.2502721 0.2944936 0.2763799 0.2678151 0.2736467 0.2597601 0.2431749 0.4248878 0.2639496 0.2504319 0.2540498 0.3002903 0.2585994 0.2802835 0.2541415 0.2491017 0.0000000 0.2624137 0.2713812 0.2822117 0.2668935 0.3027385 0.2636362 0.2736162 0.2778364 0.2717060 0.2571845 0.2536830 0.2540933 0.3372184 0.2781381 0.2552783 0.3026897 0.3198655 0.2633084 0.2529170 0.2641445 0.2661089 0.2555715 0.2635995 0.2606874 0.2891072 0.2509900 0.2565060 0.2583450 0.3134468 0.2686384 0.4629828 0.2507380 0.2589298 0.2601810 0.2710544 0.2512136 0.2790490 0.2688011 0.2462998 0.2621719 0.2716161 0.2712106 0.2661839 0.3201764 0.2702968 0.2736253 0.2688481 0.2655252 0.2803152 0.3493616 0.2681928 0.2831622 0.2694352 0.2740403 0.2740994 0.2701646 0.2666487 0.2666506 0.2518692 0.2637687 0.2554061 
Igeo_HTT         0.0896979 0.1175095 0.0768094 0.0814597 0.0779587 0.0754901 0.0767481 0.0886546 0.0674638 0.0801632 0.0855311 0.4293423 0.0907952 0.4222175 0.0510473 0.0758165 0.0806403 0.0498161 0.0535349 0.0520697 0.0533431 0.0600074 0.3690030 0.0676779 0.0668256 0.0748918 0.1142616 0.0473262 0.0766113 0.0475252 0.0777794 0.2624137 0.0000000 0.1161451 0.1105476 0.0600562 0.0815415 0.0513663 0.0502949 0.0468451 0.0491200 0.0504554 0.0480992 0.0498856 0.1034360 0.0879507 0.0787866 0.1356602 0.1150724 0.0758285 0.0799625 0.0624451 0.0820983 0.0774980 0.0783802 0.0523738 0.1041037 0.0781115 0.0811702 0.0760247 0.0843040 0.0576329 0.4619688 0.0499535 0.0491652 0.0499935 0.0472359 0.0505077 0.0645933 0.0588895 0.0512559 0.0902617 0.0934745 0.0525886 0.0568761 0.1021020 0.0483053 0.0538399 0.0476137 0.0505380 0.0492766 0.1169538 0.0497819 0.0519366 0.0470085 0.0461648 0.0516794 0.0492271 0.0501517 0.0525139 0.0685568 0.0509549 0.0739303 
Kbre_HTT         0.1136926 0.1721796 0.1042578 0.1094190 0.0971887 0.0951235 0.0989156 0.1141647 0.0951407 0.0999636 0.1081168 0.4521148 0.1571827 0.4275625 0.1035922 0.0933977 0.1279376 0.1087872 0.1099824 0.1097254 0.1060007 0.0914628 0.3913365 0.0939208 0.0906236 0.1048326 0.1512676 0.1080482 0.1260295 0.1063029 0.1035738 0.2713812 0.1161451 0.0000000 0.0323234 0.1199144 0.1377603 0.1020329 0.1198212 0.1102596 0.1051394 0.1065105 0.1023945 0.1097386 0.1634028 0.1248699 0.1027182 0.1462596 0.1479969 0.1033576 0.1023175 0.1051038 0.1115076 0.1095197 0.1159347 0.1038789 0.1256785 0.1031424 0.1096478 0.1065563 0.1436513 0.1116471 0.4791634 0.1013435 0.1047555 0.1109559 0.1151613 0.1019884 0.1329072 0.1101393 0.1012832 0.0742181 0.0783226 0.1116408 0.1108963 0.1538929 0.1097063 0.1147749 0.1061561 0.1060533 0.1161390 0.2007578 0.1076456 0.1156870 0.1058139 0.1113045 0.1084335 0.1033296 0.1031137 0.1085845 0.1008007 0.1109752 0.1133023 
Ksim_HTT         0.1109744 0.1570944 0.1016529 0.1104317 0.0946496 0.0967954 0.0958227 0.1118861 0.0934751 0.0978438 0.0988408 0.4504873 0.1410728 0.4263674 0.0964335 0.0963607 0.1275895 0.1036213 0.1075900 0.1033749 0.1078902 0.0895645 0.3914460 0.0910198 0.0893562 0.1036064 0.1532039 0.1016405 0.1224574 0.1021367 0.0981865 0.2822117 0.1105476 0.0323234 0.0000000 0.1074276 0.1382385 0.0980341 0.1092975 0.1045291 0.0984155 0.1024621 0.0936794 0.1027547 0.1232619 0.1225405 0.0999894 0.1418967 0.1424823 0.0947227 0.0974318 0.0959421 0.1023544 0.1061311 0.1069205 0.1060516 0.1284661 0.1025627 0.1030781 0.1011361 0.1092611 0.1108205 0.4779225 0.0954650 0.0976911 0.1052127 0.1132876 0.0939587 0.1248195 0.1065565 0.0967336 0.0749190 0.0794980 0.1032607 0.1097915 0.1481239 0.1030457 0.1042974 0.0992772 0.1019251 0.1096785 0.1859217 0.1032240 0.1086625 0.1002241 0.1061127 0.1052636 0.1032629 0.1026504 0.1019956 0.0955026 0.1055963 0.1042751 
Lacu_HTT         0.1008479 0.1318398 0.0851070 0.0884158 0.0823695 0.0830938 0.0809352 0.1012555 0.0865032 0.0860525 0.0822858 0.4461867 0.0642255 0.4264507 0.0319364 0.0810416 0.0568344 0.0299297 0.0350880 0.0311717 0.0421795 0.0766865 0.3825246 0.0806558 0.0856330 0.0848123 0.0778899 0.0286446 0.0470379 0.0273156 0.0886588 0.2668935 0.0600562 0.1199144 0.1074276 0.0000000 0.0596757 0.0264937 0.0270283 0.0259861 0.0262590 0.0306917 0.0306264 0.0304748 0.1396601 0.0972978 0.0876661 0.1284787 0.1222213 0.0803705 0.0889166 0.0828138 0.0846668 0.0848090 0.0869093 0.0409024 0.1059049 0.0835688 0.0841813 0.0833227 0.0858604 0.0415395 0.4663720 0.0252292 0.0251035 0.0277423 0.0717213 0.0257120 0.0528778 0.0437069 0.0283384 0.1022561 0.0987410 0.0394979 0.0465541 0.0845490 0.0305779 0.0311628 0.0282739 0.0243243 0.0363452 0.1051022 0.0279691 0.0310505 0.0245048 0.0314507 0.0294794 0.0242847 0.0323886 0.0277195 0.0841671 0.0332423 0.0834972 
Lalb_HTT         0.1240709 0.1729850 0.1128248 0.1184117 0.0762758 0.0796256 0.0850992 0.1231644 0.1075247 0.0850309 0.1089589 0.4528835 0.0978517 0.4403130 0.0246854 0.0804945 0.0209165 0.0454102 0.0462063 0.0471119 0.0585723 0.1006910 0.3936835 0.1074618 0.0839956 0.1146190 0.0197268 0.0428618 0.0175484 0.0375962 0.1065327 0.3027385 0.0815415 0.1377603 0.1382385 0.0596757 0.0000000 0.0219438 0.0511560 0.0404150 0.0206837 0.0446430 0.0478524 0.0473164 0.1574227 0.1250355 0.0831920 0.1101574 0.1609198 0.1022031 0.0846856 0.1261796 0.1105985 0.1116356 0.1150926 0.0568936 0.1274024 0.0840450 0.1142476 0.1109150 0.1021426 0.0581131 0.4845423 0.0409462 0.0430409 0.0408927 0.0927679 0.0202449 0.0949322 0.0637164 0.0200794 0.1222739 0.1045594 0.0606946 0.0611707 0.1098676 0.0453282 0.0477982 0.0391098 0.0184038 0.0508417 0.1639817 0.0415543 0.0444136 0.0173524 0.0416812 0.0438403 0.0178619 0.0199923 0.0445115 0.0952524 0.0430123 0.1130648 
Laus_HTT         0.0919169 0.1209729 0.0776554 0.0825921 0.0709951 0.0754022 0.0749853 0.0937256 0.0750091 0.0803491 0.0696892 0.4275496 0.0391948 0.4079118 0.0026188 0.0756668 0.0170089 0.0175395 0.0197606 0.0190012 0.0321496 0.0688148 0.3721068 0.0732663 0.0742191 0.0761237 0.0639355 0.0157669 0.0123559 0.0121966 0.0746391 0.2636362 0.0513663 0.1020329 0.0980341 0.0264937 0.0219438 0.0000000 0.0049358 0.0128554 0.0140705 0.0056638 0.0055561 0.0045663 0.0818717 0.0900723 0.0798461 0.0816406 0.1128792 0.0717402 0.0779366 0.0715131 0.0793320 0.0778381 0.0779241 0.0325673 0.1007589 0.0771521 0.0787509 0.0754692 0.0371174 0.0353366 0.4520825 0.0121452 0.0131035 0.0191870 0.0677491 0.0144079 0.0412856 0.0347189 0.0149423 0.0859637 0.0956724 0.0319706 0.0355689 0.0699215 0.0159240 0.0174452 0.0124609 0.0138439 0.0229097 0.0875840 0.0166628 0.0175828 0.0109989 0.0140895 0.0164388 0.0147919 0.0165257 0.0136442 0.0683277 0.0158787 0.0742303 
Lbor_HTT         0.0994359 0.1083814 0.0774991 0.0856702 0.0759047 0.0749228 0.0765207 0.0979012 0.0769231 0.0827527 0.0779995 0.4339733 0.0321686 0.4197422 0.0063303 0.0767530 0.0455725 0.0177320 0.0215470 0.0193109 0.0331012 0.0716575 0.3679922 0.0770798 0.0770502 0.0794304 0.0680799 0.0153049 0.0371039 0.0120640 0.0728424 0.2736162 0.0502949 0.1198212 0.1092975 0.0270283 0.0511560 0.0049358 0.0000000 0.0132124 0.0156684 0.0044425 0.0047362 0.0042229 0.0700948 0.0846140 0.0787839 0.1271503 0.1003206 0.0685028 0.0787459 0.0726846 0.0818126 0.0731348 0.0786008 0.0331013 0.1018082 0.0784863 0.0775139 0.0738171 0.0389984 0.0371213 0.4764340 0.0112641 0.0129160 0.0188363 0.0727402 0.0124609 0.0415537 0.0355705 0.0132478 0.0948847 0.0999541 0.0327041 0.0382685 0.0610982 0.0158708 0.0162241 0.0119086 0.0130359 0.0260945 0.0637051 0.0177332 0.0181728 0.0116962 0.0132481 0.0162512 0.0148236 0.0177015 0.0125408 0.0689173 0.0170321 0.0687139 
Lhos30470_HTT    0.0970402 0.1165586 0.0923625 0.0851706 0.0714378 0.0757973 0.0783731 0.0958330 0.0764040 0.0810653 0.0733301 0.4327559 0.0486023 0.4225379 0.0151798 0.0777408 0.0305573 0.0095866 0.0116074 0.0110924 0.0318375 0.0691296 0.3748663 0.0876398 0.0738547 0.0818372 0.0615485 0.0147594 0.0331029 0.0105990 0.0746651 0.2778364 0.0468451 0.1102596 0.1045291 0.0259861 0.0404150 0.0128554 0.0132124 0.0000000 0.0033792 0.0140180 0.0139072 0.0138481 0.1172726 0.0851853 0.0798505 0.1206393 0.1304488 0.0693004 0.0786775 0.0690277 0.0791610 0.0767472 0.0786852 0.0314570 0.1025957 0.0788198 0.0815760 0.0769994 0.0694391 0.0352920 0.4582558 0.0095230 0.0108881 0.0155583 0.0623980 0.0128570 0.0400791 0.0338610 0.0126590 0.0923759 0.1000575 0.0304040 0.0373732 0.0669692 0.0057842 0.0082250 0.0117882 0.0129754 0.0160600 0.0770743 0.0060703 0.0072629 0.0079081 0.0061763 0.0076085 0.0047627 0.0052285 0.0048475 0.0652182 0.0086847 0.0740381 
Lhos452_HTT      0.0938407 0.1216208 0.0755100 0.0802673 0.0747041 0.0761419 0.0730282 0.0925063 0.0745208 0.0776160 0.0726962 0.4252317 0.0548053 0.4182485 0.0201540 0.0713047 0.0068420 0.0061914 0.0102484 0.0087712 0.0326873 0.0669755 0.3743032 0.0690425 0.0759224 0.0705177 0.0623313 0.0183285 0.0116316 0.0143634 0.0780963 0.2717060 0.0491200 0.1051394 0.0984155 0.0262590 0.0206837 0.0140705 0.0156684 0.0033792 0.0000000 0.0179754 0.0185483 0.0180230 0.1275487 0.0856534 0.0794863 0.0806629 0.1140407 0.0676782 0.0784947 0.0671393 0.0763894 0.0730505 0.0765029 0.0314679 0.0995293 0.0762972 0.0782061 0.0756518 0.0719756 0.0342604 0.4550294 0.0125324 0.0115733 0.0183912 0.0630212 0.0137414 0.0440761 0.0337953 0.0162170 0.0920661 0.0989151 0.0300715 0.0364344 0.0711342 0.0065209 0.0086038 0.0164681 0.0140761 0.0183566 0.0803442 0.0033530 0.0086468 0.0089537 0.0092808 0.0065801 0.0034317 0.0075240 0.0067855 0.0704130 0.0119366 0.0737126 
Lobl_HTT         0.0954214 0.1191022 0.0928006 0.0880532 0.0725518 0.0767950 0.0827643 0.0929324 0.0776147 0.0817753 0.0748529 0.4194386 0.0394356 0.4042602 0.0056845 0.0784002 0.0381364 0.0186214 0.0202029 0.0201532 0.0322213 0.0702562 0.3586780 0.0908303 0.0779774 0.0831941 0.0573476 0.0165323 0.0338727 0.0133052 0.0752206 0.2571845 0.0504554 0.1065105 0.1024621 0.0306917 0.0446430 0.0056638 0.0044425 0.0140180 0.0179754 0.0000000 0.0042681 0.0033696 0.1259219 0.0866821 0.0789515 0.1196412 0.1300060 0.0711016 0.0816693 0.0708494 0.0803549 0.0789989 0.0799697 0.0325613 0.1001988 0.0813856 0.0818338 0.0767289 0.0782651 0.0367038 0.4483511 0.0127956 0.0138678 0.0182373 0.0666858 0.0148111 0.0401674 0.0383292 0.0147734 0.0907050 0.0967834 0.0344124 0.0376479 0.0707831 0.0169270 0.0175461 0.0141681 0.0150554 0.0235344 0.0820202 0.0167410 0.0190077 0.0138175 0.0152532 0.0198290 0.0162234 0.0164224 0.0153355 0.0674108 0.0169207 0.0776651 
