84
Bacu_MYH2         0.0000000 0.0794982 0.0710513 0.0215398 0.0432467 0.0275050 0.0286606 0.0297429 0.0477944 0.0227070 0.0329911 0.0873391 0.1166321 0.0390281 0.0667246 0.0625405 0.0673132 0.0669252 0.0860955 0.0719146 0.0546214 0.0433566 0.0330194 0.0749239 0.0715317 0.0721675 0.0936153 0.0803451 0.1533263 0.0929637 0.0730897 0.0760479 0.0650408 0.0733917 0.0596557 0.0914440 0.0910997 0.1157602 0.0709391 0.0773454 0.0627003 2.8337257 0.0671184 0.0708280 0.0756400 0.1128258 0.0746249 0.0895973 0.1109657 0.0979747 0.0713082 0.0861519 0.0838239 0.0930420 0.0653097 0.0735938 0.0761216 0.0649710 0.0550403 2.8193111 0.0823288 0.0602921 0.0785398 0.0752486 0.1216049 0.1116073 0.0678507 0.0641324 0.0720945 0.0651731 0.0587333 0.0653630 0.1112288 0.0613687 0.0871951 0.0874100 0.0669647 0.1000677 0.2377304 0.0612161 0.0613631 2.8247424 0.0750864 0.0874915 
Barn_MYH2         0.0794982 0.0000000 0.0211560 0.0890133 0.0672487 0.0756525 0.0706550 0.0889579 0.0955065 0.0798162 0.1057991 0.0940455 0.0775397 0.0812994 0.0801338 0.0769972 0.0522847 0.0590173 0.0892434 0.0717308 0.0913965 0.0629437 0.0809489 0.0883495 0.0590549 0.0926436 0.0806943 0.0438259 0.1767628 0.1042354 0.0721725 0.1044646 0.0634661 0.0675569 0.0542217 0.0619493 0.0687937 0.0994618 0.0804505 0.0836136 0.0591047 2.7780585 0.0762251 0.0496686 0.0430965 0.0751440 0.0489500 0.0745542 0.0933930 0.0716246 0.0688563 0.0864697 0.1264219 0.0729732 0.0409056 0.0573459 0.0939370 0.0794839 0.0759351 2.7824115 0.0701457 0.0612128 0.1297665 0.0828997 0.1321935 0.0888977 0.0801517 0.0978055 0.1015580 0.0638690 0.0595282 0.0550975 0.1262318 0.0534869 0.1040870 0.0664419 0.0670248 0.0850283 0.7090428 0.0550975 0.0639444 2.7553693 0.0557484 0.0569725 
Bbai76728_MYH2    0.0710513 0.0211560 0.0000000 0.0874932 0.0961604 0.0766123 0.0859935 0.0709806 0.0745272 0.0678727 0.0940044 0.0943049 0.0887216 0.0742984 0.0744597 0.0666474 0.0617295 0.0693846 0.0922722 0.1035669 0.0830932 0.0648113 0.0857990 0.0849229 0.0777959 0.0727871 0.0893442 0.0358461 0.1616615 0.1012178 0.0662505 0.0838667 0.0651357 0.0773011 0.0647806 0.1223431 0.1141316 0.1299660 0.0755147 0.0847590 0.0705969 2.7311560 0.0260544 0.0392067 0.0314927 0.0606564 0.0384571 0.0551044 0.0745143 0.0704702 0.0381703 0.0698702 0.1064115 0.0460132 0.0368422 0.0384340 0.1084702 0.0685846 0.0694387 2.6762084 0.0877730 0.0661701 0.1153156 0.0895802 0.1380824 0.1250187 0.0755101 0.0731198 0.0964946 0.0776792 0.0725324 0.0741627 0.1197217 0.0630453 0.1112524 0.0945203 0.0757533 0.0910185 0.2613494 0.0743012 0.0739046 2.6785496 0.0364872 0.0420963 
BbonAUS_MYH2      0.0215398 0.0890133 0.0874932 0.0000000 0.0183350 0.0198525 0.0136218 0.0361010 0.0615383 0.0256925 0.0162398 0.0969603 0.1256974 0.0408811 0.0667569 0.0753314 0.0573912 0.0668894 0.0849827 0.0662367 0.0460905 0.0604612 0.0243030 0.0979209 0.0692514 0.0858818 0.1050059 0.0883272 0.1572102 0.0937099 0.0922659 0.1089795 0.0867230 0.0648112 0.0740516 0.0799230 0.0711538 0.0837333 0.0890604 0.0901654 0.0688959 3.1584209 0.0647929 0.0708141 0.0912117 0.1234091 0.0674163 0.0822251 0.1103336 0.0720576 0.0688144 0.0988816 0.1009753 0.0947618 0.0881242 0.0737475 0.1189579 0.0820148 0.0588019 3.1032902 0.0871090 0.0622188 0.0878765 0.0738453 0.1096740 0.1239463 0.0745893 0.0818594 0.0793663 0.0591155 0.0639085 0.0875641 0.1254071 0.0809831 0.0813921 0.0650857 0.0621641 0.0947484 0.3522654 0.0620210 0.0669990 3.1113565 0.0961330 0.0974351 
Bbor_MYH2         0.0432467 0.0672487 0.0961604 0.0183350 0.0000000 0.0113218 0.0104817 0.0407745 0.0644797 0.0338533 0.0247397 0.0883769 0.1203874 0.0423693 0.0684292 0.0814993 0.0670682 0.0659817 0.0718571 0.0922236 0.0445598 0.0652895 0.0268318 0.0942880 0.0740575 0.0919864 0.0836728 0.0885843 0.1365677 0.0910252 0.0986135 0.0932831 0.0864404 0.0646492 0.0848782 0.1078570 0.0752662 0.0813688 0.0886646 0.0762600 0.0636383 3.1204223 0.0740341 0.0609854 0.0900196 0.1301757 0.0683026 0.0776833 0.0916497 0.0976873 0.0733428 0.0947636 0.0932037 0.1116584 0.0949653 0.0687751 0.1109422 0.0844403 0.0551985 3.0382164 0.0787064 0.0567637 0.0757988 0.0671802 0.0909240 0.1440815 0.0637338 0.0934360 0.0817946 0.0609072 0.0630639 0.0893808 0.1257829 0.0785995 0.0768041 0.0598390 0.0732672 0.0960637 0.3594103 0.0640643 0.0661391 3.0456964 0.0999317 0.0971162 
Bede66737_MYH2    0.0275050 0.0756525 0.0766123 0.0198525 0.0113218 0.0000000 0.0066023 0.0242248 0.0494774 0.0153060 0.0325709 0.0986806 0.1270590 0.0411258 0.0730252 0.0646583 0.0665566 0.0706647 0.0769904 0.0833849 0.0483021 0.0480586 0.0292490 0.0762124 0.0773089 0.0746484 0.1001530 0.0698687 0.1529095 0.0908929 0.0849860 0.0881085 0.0686759 0.0701057 0.0665659 0.1228852 0.0777117 0.0926514 0.0744893 0.0810314 0.0686626 2.8303572 0.0810253 0.0653400 0.0673416 0.1289904 0.0729679 0.0767334 0.1163841 0.1080548 0.0784013 0.1140333 0.1067866 0.0887118 0.0751816 0.0731942 0.1000186 0.0671775 0.0601840 2.8104584 0.0848928 0.0614793 0.0899705 0.0725110 0.1100752 0.1282747 0.0827562 0.0752421 0.0896295 0.0654273 0.0681655 0.0706026 0.1653353 0.0681716 0.0838301 0.0663887 0.0727169 0.1036268 0.3330264 0.0686617 0.0720665 2.7849155 0.0779694 0.1080253 
BedeAUS_MYH2      0.0286606 0.0706550 0.0859935 0.0136218 0.0104817 0.0066023 0.0000000 0.0324196 0.0545550 0.0268846 0.0308726 0.0826904 0.1092936 0.0465763 0.0638497 0.0595551 0.0559498 0.0611487 0.0580003 0.0917306 0.0492590 0.0576526 0.0283979 0.0591220 0.0702214 0.0673636 0.0815880 0.0766303 0.1505373 0.1000988 0.0936338 0.0886034 0.0624589 0.0550800 0.0653013 0.1152987 0.0664305 0.0677856 0.0670202 0.0727526 0.0542583 3.0150131 0.0718180 0.0645051 0.0677009 0.1518857 0.0747356 0.0809445 0.1446427 0.1080060 0.0734628 0.1095622 0.1049089 0.0983051 0.0756118 0.0679180 0.0923777 0.0622612 0.0512684 2.9961719 0.0782897 0.0523234 0.0785396 0.0521390 0.1123952 0.1259313 0.0536481 0.0626387 0.0771829 0.0524218 0.0618496 0.0683640 0.1778739 0.0635167 0.0610149 0.0546446 0.0487162 0.0924816 0.3308109 0.0626742 0.0682719 3.0024579 0.0844271 0.1048642 
Bmus49099_MYH2    0.0297429 0.0889579 0.0709806 0.0361010 0.0407745 0.0242248 0.0324196 0.0000000 0.0466567 0.0175890 0.0315277 0.0825675 0.0924193 0.0380417 0.0778402 0.0642006 0.0703470 0.0755810 0.0873751 0.0565880 0.0481060 0.0496800 0.0284671 0.0781569 0.0827131 0.0722779 0.0937671 0.0676369 0.1438819 0.0892022 0.0733548 0.0565550 0.0665165 0.0763743 0.0455370 0.1050739 0.1022689 0.1310433 0.0562750 0.0570770 0.0740047 3.0197001 0.0572160 0.0709036 0.0726688 0.0929801 0.0710330 0.0860421 0.1158917 0.0957498 0.0782696 0.0737159 0.0943761 0.0834506 0.0671768 0.0734543 0.0774645 0.0650719 0.0677282 2.9797106 0.0794626 0.0638025 0.0686566 0.0811327 0.1012657 0.0922353 0.0764533 0.0638406 0.0882438 0.0740904 0.0709455 0.0704007 0.1274393 0.0647268 0.0940380 0.0965244 0.0893496 0.1110899 0.2558690 0.0711324 0.0771880 2.9842913 0.0781973 0.0977497 
Bmys_MYH2         0.0477944 0.0955065 0.0745272 0.0615383 0.0644797 0.0494774 0.0545550 0.0466567 0.0000000 0.0358310 0.0458210 0.0938685 0.1358923 0.0503786 0.0813741 0.0669859 0.0758651 0.0718165 0.1025560 0.0346497 0.0114576 0.0089592 0.0450355 0.0803007 0.0747155 0.0753176 0.0967727 0.0744014 0.1669397 0.1154313 0.0793188 0.0833527 0.0635107 0.0789928 0.0597978 0.0910928 0.1039490 0.1339871 0.0742346 0.0923766 0.0656325 2.9876684 0.0715937 0.0824172 0.0747654 0.1146766 0.0817989 0.0868263 0.1205267 0.1170118 0.0879621 0.1036042 0.1047053 0.0882089 0.0749943 0.0885761 0.0853376 0.0676095 0.0699467 2.9571487 0.0909354 0.0629993 0.0914228 0.0834560 0.1122548 0.1169378 0.0723261 0.0756477 0.0890109 0.0749320 0.0705685 0.0689923 0.1184445 0.0640250 0.0985403 0.0879200 0.0690747 0.1030357 0.2493858 0.0678793 0.0687367 2.9628416 0.0823623 0.0983511 
Bphy_MYH2         0.0227070 0.0798162 0.0678727 0.0256925 0.0338533 0.0153060 0.0268846 0.0175890 0.0358310 0.0000000 0.0110135 0.0808622 0.1148775 0.0331671 0.0696459 0.0575007 0.0626563 0.0649204 0.0871480 0.0658934 0.0406551 0.0416347 0.0226702 0.0740059 0.0681990 0.0666466 0.0891367 0.0682829 0.1535481 0.0974608 0.0688077 0.0704104 0.0591930 0.0680439 0.0559104 0.0915295 0.1002690 0.1213438 0.0699243 0.0804694 0.0588539 2.8422954 0.0628611 0.0710171 0.0697529 0.1157316 0.0705276 0.0807612 0.1196578 0.0989947 0.0720992 0.0962429 0.0983767 0.0800527 0.0704081 0.0743312 0.0772546 0.0594617 0.0599604 2.8278141 0.0803460 0.0561355 0.0815725 0.0732054 0.1061280 0.1134047 0.0662874 0.0654314 0.0785010 0.0631598 0.0630646 0.0662561 0.1116746 0.0621557 0.0860448 0.0910006 0.0671981 0.0947433 0.2512190 0.0634762 0.0658926 2.8332495 0.0670221 0.0863196 
Bphy_baits_MYH2   0.0329911 0.1057991 0.0940044 0.0162398 0.0247397 0.0325709 0.0308726 0.0315277 0.0458210 0.0110135 0.0000000 0.1008948 0.1508778 0.0443177 0.0802713 0.0730052 0.0685328 0.0800589 0.0873101 0.0762498 0.0495755 0.0422421 0.0367579 0.0762001 0.0749693 0.0826727 0.1002818 0.0807654 0.1669289 0.1107264 0.0894690 0.0961327 0.0819155 0.0742878 0.0797028 0.1234873 0.0797554 0.0874931 0.0852199 0.1049443 0.0801634 2.8625577 0.1011855 0.0826079 0.0855028 0.1629075 0.0918858 0.1036635 0.1619363 0.1276875 0.0880042 0.1192215 0.1146697 0.1102150 0.0822158 0.0954753 0.1095411 0.0804807 0.0624789 2.8641913 0.0915216 0.0731721 0.0975202 0.0699239 0.1015640 0.1330147 0.0992198 0.0792582 0.0934729 0.0701654 0.0706091 0.0745383 0.1875571 0.0770021 0.0782880 0.0758190 0.0878890 0.1179742 0.3732917 0.0770587 0.0783930 2.8375063 0.1024857 0.1103275 
Ccom40_MYH2       0.0873391 0.0940455 0.0943049 0.0969603 0.0883769 0.0986806 0.0826904 0.0825675 0.0938685 0.0808622 0.1008948 0.0000000 0.0752251 0.0916979 0.0309221 0.0262115 0.0338868 0.0254183 0.0666692 0.1202562 0.0980746 0.0900239 0.0980539 0.0494379 0.0315119 0.0456440 0.0708562 0.0686081 0.1838307 0.0842444 0.0930846 0.0911983 0.0359052 0.0516397 0.0253059 0.0641306 0.0367337 0.0369638 0.0257819 0.0385790 0.0206029 2.6272005 0.0542855 0.0702305 0.0828160 0.1561719 0.0696806 0.0771512 0.1008062 0.0890292 0.0632099 0.0865218 0.0721173 0.0897593 0.0849807 0.0798861 0.0455385 0.0310031 0.0234709 2.6430778 0.0779565 0.0353972 0.0619235 0.0495852 0.1356050 0.1081207 0.0479429 0.0271263 0.0256004 0.0409443 0.0329358 0.0188101 0.1116897 0.0252071 0.0340928 0.0337698 0.0249867 0.0349307 0.2736415 0.0279789 0.0182086 2.6194780 0.0760207 0.0952325 
Chea7320_MYH2     0.1166321 0.0775397 0.0887216 0.1256974 0.1203874 0.1270590 0.1092936 0.0924193 0.1358923 0.1148775 0.1508778 0.0752251 0.0000000 0.1027959 0.0830921 0.0751157 0.0663584 0.0597093 0.0781616 0.1742859 0.1384296 0.1390308 0.1144803 0.0660457 0.0672763 0.0824305 0.0886754 0.1121657 0.2137236 0.1071957 0.1267335 0.1215669 0.0631456 0.0697009 0.0571732 0.1452252 0.0657691 0.0699004 0.0550091 0.0417176 0.0662759 2.5553070 0.0801833 0.1068239 0.1070062 0.0896858 0.0831581 0.1173809 0.1127394 0.1163424 0.1139623 0.1131791 0.1276780 0.1296241 0.1164782 0.0934041 0.0891876 0.0804834 0.0749965 2.5708145 0.0848137 0.0640158 0.1081751 0.0662335 0.1763197 0.1410217 0.0455612 0.0703119 0.1084314 0.0687565 0.0689766 0.0571539 0.1455669 0.0583809 0.0665871 0.0709104 0.0665406 0.0823773 0.3972993 0.0629455 0.0672109 2.5441999 0.0710051 0.0912590 
Cmar59905_MYH2    0.0390281 0.0812994 0.0742984 0.0408811 0.0423693 0.0411258 0.0465763 0.0380417 0.0503786 0.0331671 0.0443177 0.0916979 0.1027959 0.0000000 0.0842799 0.0738592 0.0682363 0.0732654 0.0995163 0.0709454 0.0559105 0.0623679 0.0374519 0.1067398 0.0659935 0.0830099 0.0883429 0.0759765 0.1411801 0.0851885 0.0739429 0.0997090 0.0744961 0.0957206 0.0783670 0.0846773 0.0862928 0.0983024 0.0834709 0.0924755 0.0801104 3.0236928 0.0736103 0.0689212 0.0766536 0.0855630 0.0597832 0.0705436 0.1235541 0.0681509 0.0887533 0.0992495 0.1218271 0.0923207 0.0754304 0.0635129 0.0878821 0.0758009 0.0751620 2.9991364 0.0947551 0.0698113 0.1057050 0.0995238 0.0875438 0.0823110 0.0748100 0.0910893 0.0914122 0.0708595 0.0660327 0.0630232 0.1011012 0.0644884 0.0956252 0.0721084 0.0705469 0.0891904 0.2932869 0.0662237 0.0620910 2.9738626 0.0812248 0.1027039 
Dcap108471_MYH2   0.0667246 0.0801338 0.0744597 0.0667569 0.0684292 0.0730252 0.0638497 0.0778402 0.0813741 0.0696459 0.0802713 0.0309221 0.0830921 0.0842799 0.0000000 0.0051357 0.0094703 0.0106210 0.0546133 0.0998525 0.0822411 0.0669942 0.0817009 0.0311033 0.0202043 0.0239407 0.0485416 0.0681754 0.1840489 0.0876640 0.0835584 0.0845655 0.0174184 0.0255510 0.0221935 0.0555353 0.0162821 0.0312365 0.0198385 0.0338769 0.0155128 2.7703112 0.0618686 0.0752959 0.0705443 0.1535592 0.0776445 0.0819549 0.1101157 0.1107560 0.0630082 0.1062671 0.0566783 0.0720101 0.0788419 0.0821905 0.0547179 0.0221530 0.0071952 2.7384716 0.0703329 0.0191828 0.0590942 0.0306997 0.1181008 0.0849312 0.0434848 0.0139189 0.0173070 0.0201287 0.0173817 0.0150091 0.1122509 0.0106900 0.0307062 0.0167854 0.0224066 0.0243101 0.1601329 0.0088270 0.0084215 2.7155918 0.0765270 0.1050792 
Dcap79929_MYH2    0.0625405 0.0769972 0.0666474 0.0753314 0.0814993 0.0646583 0.0595551 0.0642006 0.0669859 0.0575007 0.0730052 0.0262115 0.0751157 0.0738592 0.0051357 0.0000000 0.0038291 0.0050952 0.0444745 0.0898149 0.0717674 0.0603200 0.0671524 0.0228655 0.0188195 0.0168367 0.0410405 0.0566074 0.1694112 0.0876640 0.0703222 0.0649177 0.0101815 0.0183071 0.0142152 0.0461840 0.0328958 0.0482465 0.0132850 0.0288409 0.0098050 3.1228916 0.0613586 0.0703557 0.0630382 0.1337611 0.0712683 0.0816691 0.0906173 0.1017955 0.0653409 0.0892310 0.0544518 0.0553212 0.0689274 0.0745320 0.0469867 0.0128282 0.0055337 3.0662195 0.0689000 0.0113288 0.0497052 0.0238165 0.1280128 0.0773770 0.0328979 0.0085297 0.0163167 0.0140608 0.0149202 0.0116398 0.0694804 0.0063052 0.0252802 0.0294081 0.0086240 0.0170100 0.1390136 0.0068389 0.0060627 3.0730540 0.0664100 0.0943321 
DdelSJR_MYH2      0.0673132 0.0522847 0.0617295 0.0573912 0.0670682 0.0665566 0.0559498 0.0703470 0.0758651 0.0626563 0.0685328 0.0338868 0.0663584 0.0682363 0.0094703 0.0038291 0.0000000 0.0037398 0.0392770 0.1184132 0.0772274 0.0708261 0.0661152 0.0291805 0.0230874 0.0250237 0.0390459 0.0646845 0.1911331 0.0833329 0.0799699 0.0795526 0.0144485 0.0184253 0.0154737 0.0654380 0.0177029 0.0309976 0.0193717 0.0226074 0.0082372 2.9471727 0.0565972 0.0647209 0.0650774 0.1412262 0.0610095 0.0796585 0.1013989 0.1085841 0.0587401 0.0939194 0.0603768 0.0805184 0.0719483 0.0563854 0.0581717 0.0143762 0.0081802 2.9003994 0.0636984 0.0143650 0.0524123 0.0286159 0.1259602 0.0756302 0.0339545 0.0135558 0.0238926 0.0196040 0.0144834 0.0116228 0.1165129 0.0056838 0.0306006 0.0067077 0.0070236 0.0189005 0.1773621 0.0056514 0.0091974 2.8740338 0.0672512 0.0862426 
Ddeltrop4525_MYH2 0.0669252 0.0590173 0.0693846 0.0668894 0.0659817 0.0706647 0.0611487 0.0755810 0.0718165 0.0649204 0.0800589 0.0254183 0.0597093 0.0732654 0.0106210 0.0050952 0.0037398 0.0000000 0.0405512 0.1068634 0.0722816 0.0701024 0.0712488 0.0267478 0.0164944 0.0232201 0.0357017 0.0563173 0.1883800 0.0871015 0.0869281 0.0787883 0.0127182 0.0231377 0.0199472 0.0513687 0.0163291 0.0283111 0.0117158 0.0208825 0.0075982 3.0117233 0.0589712 0.0639233 0.0604978 0.1332501 0.0628344 0.0788389 0.0978712 0.1110048 0.0642078 0.0906669 0.0533532 0.0686635 0.0692252 0.0619130 0.0526096 0.0125829 0.0075613 2.9847607 0.0616234 0.0152604 0.0593695 0.0238524 0.1095531 0.0769137 0.0404479 0.0124942 0.0197745 0.0155479 0.0126829 0.0106264 0.1009817 0.0052840 0.0229586 0.0082262 0.0085778 0.0121488 0.1549445 0.0049959 0.0079135 2.9604766 0.0601863 0.0931214 
Dleu_MYH2         0.0860955 0.0892434 0.0922722 0.0849827 0.0718571 0.0769904 0.0580003 0.0873751 0.1025560 0.0871480 0.0873101 0.0666692 0.0781616 0.0995163 0.0546133 0.0444745 0.0392770 0.0405512 0.0000000 0.1284193 0.1044008 0.0872198 0.0935358 0.0326232 0.0518061 0.0572869 0.0722590 0.0686515 0.2067857 0.0957642 0.0774179 0.0961293 0.0391096 0.0273973 0.0319848 0.0981488 0.0330099 0.0489972 0.0391662 0.0506379 0.0366223 2.9115138 0.0905107 0.0833724 0.0709542 0.1909252 0.0635022 0.0700146 0.1403670 0.1579361 0.0659167 0.1298451 0.0351031 0.0576356 0.0836871 0.0642530 0.0726205 0.0507352 0.0488580 2.8974636 0.0803003 0.0450837 0.0702186 0.0297364 0.1465546 0.0878409 0.0479248 0.0402468 0.0668111 0.0430271 0.0462971 0.0457735 0.2097022 0.0405667 0.0462599 0.0485472 0.0354631 0.0628940 0.2852483 0.0430151 0.0470907 2.8723032 0.0678631 0.1020148 
EausAUS_MYH2      0.0719146 0.0717308 0.1035669 0.0662367 0.0922236 0.0833849 0.0917306 0.0565880 0.0346497 0.0658934 0.0762498 0.1202562 0.1742859 0.0709454 0.0998525 0.0898149 0.1184132 0.1068634 0.1284193 0.0000000 0.0238371 0.0056777 0.0786502 0.1161374 0.0895866 0.1076166 0.1454195 0.0996313 0.1993170 0.1185001 0.0811708 0.0956948 0.0970296 0.1193921 0.0837822 0.0783053 0.1488593 0.1881446 0.0870065 0.0928995 0.1006126 3.2974889 0.0966642 0.0661907 0.1061745 0.1109612 0.1089313 0.1251738 0.1045006 0.1050833 0.1128077 0.0758816 0.0924699 0.1318450 0.0704006 0.1098699 0.1078936 0.0840971 0.0634943 3.2032209 0.0773317 0.0995230 0.0848636 0.1341821 0.1511519 0.0780529 0.0658616 0.0915030 0.0739210 0.1127212 0.0792038 0.0664780 0.1227036 0.0894348 0.1426950 0.1453543 0.1295452 0.1471682 0.3323034 0.1008479 0.0675024 3.2117292 0.1143989 0.1425291 
Egla13086_MYH2    0.0546214 0.0913965 0.0830932 0.0460905 0.0445598 0.0483021 0.0492590 0.0481060 0.0114576 0.0406551 0.0495755 0.0980746 0.1384296 0.0559105 0.0822411 0.0717674 0.0772274 0.0722816 0.1044008 0.0238371 0.0000000 0.0041210 0.0440664 0.0912269 0.0760321 0.0851270 0.1010832 0.0825011 0.1679713 0.1212464 0.0899378 0.0912557 0.0704978 0.0805497 0.0715389 0.1047527 0.0886950 0.1118968 0.0815547 0.0939448 0.0699202 3.0843622 0.0749229 0.0824186 0.0805372 0.1148289 0.0835464 0.0841182 0.1086411 0.1190036 0.0895287 0.1003779 0.1111961 0.0979499 0.0836454 0.0900122 0.0983335 0.0753486 0.0722890 3.0663455 0.0964242 0.0639576 0.0947655 0.0849879 0.0923645 0.1391894 0.0792005 0.0846851 0.0857132 0.0760012 0.0777447 0.0811568 0.1075661 0.0722994 0.1025296 0.0727252 0.0626969 0.1016537 0.3641512 0.0701605 0.0701910 3.0450973 0.1010532 0.1026063 
Ejap43864_MYH2    0.0433566 0.0629437 0.0648113 0.0604612 0.0652895 0.0480586 0.0576526 0.0496800 0.0089592 0.0416347 0.0422421 0.0900239 0.1390308 0.0623679 0.0669942 0.0603200 0.0708261 0.0701024 0.0872198 0.0056777 0.0041210 0.0000000 0.0480295 0.0750486 0.0774544 0.0654713 0.0835257 0.0670197 0.1474235 0.1129003 0.0822906 0.0752906 0.0600481 0.0744489 0.0584261 0.0739258 0.1066281 0.1329807 0.0613794 0.0823440 0.0614663 3.1261098 0.0696794 0.0730338 0.0640827 0.1406312 0.0770461 0.0923640 0.1210667 0.0787523 0.0793540 0.1074232 0.0966533 0.0728173 0.0679101 0.0766742 0.0874294 0.0551308 0.0577764 3.0259359 0.0768022 0.0588523 0.0910001 0.0861295 0.1172986 0.0853009 0.0637084 0.0657806 0.0767936 0.0671298 0.0730967 0.0607854 0.1299822 0.0601333 0.0942349 0.0963823 0.0626065 0.0995033 0.3117864 0.0646620 0.0709480 3.0288094 0.0828405 0.1041945 
Erob133443_MYH2   0.0330194 0.0809489 0.0857990 0.0243030 0.0268318 0.0292490 0.0283979 0.0284671 0.0450355 0.0226702 0.0367579 0.0980539 0.1144803 0.0374519 0.0817009 0.0671524 0.0661152 0.0712488 0.0935358 0.0786502 0.0440664 0.0480295 0.0000000 0.0899399 0.0754093 0.0806166 0.0898286 0.0767779 0.1640815 0.1052592 0.0703354 0.0904922 0.0721902 0.0818611 0.0697249 0.1114926 0.0814382 0.0983642 0.0784492 0.0904592 0.0763617 3.1088133 0.0711418 0.0767324 0.0780856 0.1221557 0.0767747 0.0833123 0.1200737 0.1170012 0.0869949 0.1026440 0.1134251 0.0972684 0.0832779 0.0839004 0.0982116 0.0739414 0.0734371 3.1306081 0.0919285 0.0654521 0.0983637 0.0832476 0.0988678 0.1339744 0.0670046 0.0762115 0.0877597 0.0662507 0.0720554 0.0744908 0.1115361 0.0700419 0.0920622 0.0759900 0.0671993 0.0898875 0.3391110 0.0695244 0.0651411 3.1049088 0.0926144 0.0923948 
Fatt_MYH2         0.0749239 0.0883495 0.0849229 0.0979209 0.0942880 0.0762124 0.0591220 0.0781569 0.0803007 0.0740059 0.0762001 0.0494379 0.0660457 0.1067398 0.0311033 0.0228655 0.0291805 0.0267478 0.0326232 0.1161374 0.0912269 0.0750486 0.0899399 0.0000000 0.0350120 0.0250880 0.0488116 0.0724509 0.2131567 0.1238194 0.0735471 0.0910834 0.0198070 0.0178824 0.0179371 0.0830341 0.0382029 0.0454941 0.0265569 0.0347338 0.0267407 3.1826700 0.0906811 0.0890668 0.0756615 0.1874903 0.0696146 0.0848647 0.1570792 0.1511269 0.0691593 0.1404218 0.0594354 0.0563033 0.0833245 0.0669378 0.0650722 0.0236389 0.0210539 3.1073049 0.0821755 0.0231219 0.0711646 0.0080618 0.1661462 0.0944281 0.0608003 0.0149602 0.0422255 0.0202887 0.0240841 0.0289547 0.1784409 0.0228138 0.0233639 0.0476220 0.0220117 0.0508700 0.1904103 0.0290279 0.0247706 3.1154917 0.0634566 0.0991957 
Ggri_MYH2         0.0715317 0.0590549 0.0777959 0.0692514 0.0740575 0.0773089 0.0702214 0.0827131 0.0747155 0.0681990 0.0749693 0.0315119 0.0672763 0.0659935 0.0202043 0.0188195 0.0230874 0.0164944 0.0518061 0.0895866 0.0760321 0.0774544 0.0754093 0.0350120 0.0000000 0.0251458 0.0353789 0.0789221 0.1915484 0.0858661 0.0828305 0.0986974 0.0214540 0.0295839 0.0239912 0.0373220 0.0294692 0.0337074 0.0211082 0.0324460 0.0224537 3.0282992 0.0644311 0.0735971 0.0747156 0.1378258 0.0615370 0.0891331 0.1239302 0.0609622 0.0753417 0.1037720 0.0691591 0.0807551 0.0799995 0.0759374 0.0541660 0.0188377 0.0124672 3.0002461 0.0845590 0.0099441 0.0661897 0.0257070 0.1163950 0.0630112 0.0341796 0.0282710 0.0208461 0.0140908 0.0188980 0.0166321 0.1018383 0.0176484 0.0277063 0.0218469 0.0211977 0.0268426 0.2684453 0.0214012 0.0124506 2.9605804 0.0784960 0.1160562 
Gmac39091_MYH2    0.0721675 0.0926436 0.0727871 0.0858818 0.0919864 0.0746484 0.0673636 0.0722779 0.0753176 0.0666466 0.0826727 0.0456440 0.0824305 0.0830099 0.0239407 0.0168367 0.0250237 0.0232201 0.0572869 0.1076166 0.0851270 0.0654713 0.0806166 0.0250880 0.0251458 0.0000000 0.0282652 0.0700422 0.1936380 0.0990135 0.0723988 0.0771513 0.0148719 0.0359916 0.0255845 0.0778977 0.0590011 0.0719205 0.0237236 0.0401592 0.0229363 3.1329577 0.0772680 0.0772954 0.0740432 0.1460273 0.0828635 0.0836867 0.1324824 0.1149190 0.0692576 0.1124817 0.0680050 0.0695297 0.0738198 0.0817592 0.0697914 0.0203030 0.0133748 3.0607191 0.0810843 0.0131422 0.0591006 0.0276750 0.1469408 0.0964003 0.0530217 0.0233647 0.0305088 0.0170634 0.0205074 0.0237009 0.1462175 0.0216314 0.0450804 0.0447187 0.0400220 0.0440604 0.1817795 0.0253430 0.0231247 3.0682431 0.0784345 0.1026063 
Gmel_MYH2         0.0936153 0.0806943 0.0893442 0.1050059 0.0836728 0.1001530 0.0815880 0.0937671 0.0967727 0.0891367 0.1002818 0.0708562 0.0886754 0.0883429 0.0485416 0.0410405 0.0390459 0.0357017 0.0722590 0.1454195 0.1010832 0.0835257 0.0898286 0.0488116 0.0353789 0.0282652 0.0000000 0.0837856 0.1703211 0.1382458 0.0980967 0.1015621 0.0287148 0.0596706 0.0448345 0.0760954 0.0462392 0.0808769 0.0378565 0.0421794 0.0358787 2.8837200 0.1250943 0.0839781 0.0974879 0.1746666 0.0839055 0.1092603 0.1073379 0.1779284 0.1077914 0.1260378 0.0512255 0.0838706 0.0849441 0.0885373 0.0827777 0.0444367 0.0369146 2.8880852 0.0848803 0.0214921 0.0662897 0.0467555 0.0979428 0.0951330 0.0590168 0.0523696 0.0282609 0.0286521 0.0291884 0.0381188 0.0672880 0.0308755 0.0840816 0.0323312 0.0552053 0.0310482 0.2627194 0.0381178 0.0304495 2.8581449 0.0905180 0.1109326 
Hamp_MYH2         0.0803451 0.0438259 0.0358461 0.0883272 0.0885843 0.0698687 0.0766303 0.0676369 0.0744014 0.0682829 0.0807654 0.0686081 0.1121657 0.0759765 0.0681754 0.0566074 0.0646845 0.0563173 0.0686515 0.0996313 0.0825011 0.0670197 0.0767779 0.0724509 0.0789221 0.0700422 0.0837856 0.0000000 0.1626706 0.0934722 0.0611974 0.0699495 0.0550386 0.0634950 0.0558486 0.1197803 0.0976488 0.1254447 0.0611795 0.0719620 0.0506901 3.0861710 0.0282019 0.0140360 0.0094050 0.0834702 0.0166104 0.0299904 0.0517873 0.0649179 0.0258150 0.0392751 0.0655391 0.0268862 0.0210398 0.0196400 0.0936165 0.0614958 0.0601901 3.0328864 0.0723287 0.0614884 0.0805492 0.0758848 0.1405203 0.1016933 0.0666736 0.0652338 0.0831734 0.0727143 0.0646052 0.0618333 0.1297175 0.0544918 0.0912100 0.0923238 0.0687905 0.0855028 0.2750070 0.0621719 0.0711827 3.0380850 0.0404881 0.0474177 
Hippo_MYH2        0.1533263 0.1767628 0.1616615 0.1572102 0.1365677 0.1529095 0.1505373 0.1438819 0.1669397 0.1535481 0.1669289 0.1838307 0.2137236 0.1411801 0.1840489 0.1694112 0.1911331 0.1883800 0.2067857 0.1993170 0.1679713 0.1474235 0.1640815 0.2131567 0.1915484 0.1936380 0.1703211 0.1626706 0.0000000 0.1966847 0.1524564 0.1555217 0.1879814 0.1961358 0.1685592 0.2250527 0.1886444 0.2327681 0.1696945 0.1910757 0.1884720 2.8300065 0.1729476 0.1450264 0.1544540 0.2205630 0.1514336 0.1650167 0.1435469 0.1856267 0.1733893 0.1568614 0.1213500 0.1477602 0.1465409 0.1525082 0.1879787 0.1973723 0.1678807 2.8338889 0.1650764 0.1866683 0.1682755 0.2199282 0.1575700 0.2201958 0.1583291 0.1712801 0.1669069 0.1985295 0.1889414 0.1788070 0.1320829 0.1709207 0.2182572 0.1952909 0.2211135 0.1851142 0.6585304 0.1857120 0.1830524 2.8019101 0.1570631 0.1718528 
Igeo_MYH2         0.0929637 0.1042354 0.1012178 0.0937099 0.0910252 0.0908929 0.1000988 0.0892022 0.1154313 0.0974608 0.1107264 0.0842444 0.1071957 0.0851885 0.0876640 0.0876640 0.0833329 0.0871015 0.0957642 0.1185001 0.1212464 0.1129003 0.1052592 0.1238194 0.0858661 0.0990135 0.1382458 0.0934722 0.1966847 0.0000000 0.1220667 0.1196429 0.0827644 0.1216079 0.0988692 0.1284950 0.1024349 0.1074768 0.0842681 0.0808750 0.0873916 3.0682638 0.0865305 0.0750683 0.0895971 0.1607101 0.0906569 0.0866437 0.1294183 0.0777590 0.1012632 0.0843944 0.1243162 0.0983128 0.0928463 0.1062255 0.0981105 0.0914128 0.0808750 3.0382388 0.0471048 0.0925349 0.1088035 0.1243054 0.1487087 0.1132850 0.0944148 0.1019393 0.1082543 0.0840985 0.0874934 0.0774986 0.1786709 0.0841598 0.1075710 0.0883486 0.0994972 0.1106974 0.0819853 0.0875247 0.0804176 3.0373958 0.0897601 0.1490259 
Kbre_MYH2         0.0730897 0.0721725 0.0662505 0.0922659 0.0986135 0.0849860 0.0936338 0.0733548 0.0793188 0.0688077 0.0894690 0.0930846 0.1267335 0.0739429 0.0835584 0.0703222 0.0799699 0.0869281 0.0774179 0.0811708 0.0899378 0.0822906 0.0703354 0.0735471 0.0828305 0.0723988 0.0980967 0.0611974 0.1524564 0.1220667 0.0000000 0.0151528 0.0752374 0.0783016 0.0740745 0.0848875 0.1019447 0.1056505 0.0783316 0.1003698 0.0814938 3.4097660 0.0738772 0.0650719 0.0711346 0.1372921 0.0677675 0.0901532 0.1109262 0.0724503 0.0774389 0.0969709 0.1002279 0.0715485 0.0713642 0.0690796 0.0910358 0.0760169 0.0741311 3.2355496 0.0858899 0.0763112 0.0968032 0.0760007 0.1086969 0.0951285 0.0681618 0.0747960 0.0907110 0.0805629 0.0839375 0.0703500 0.1110667 0.0730105 0.0787284 0.1264766 0.0879789 0.1099478 0.3261578 0.0838637 0.0765308 3.2537773 0.0886026 0.1128929 
Ksim_MYH2         0.0760479 0.1044646 0.0838667 0.1089795 0.0932831 0.0881085 0.0886034 0.0565550 0.0833527 0.0704104 0.0961327 0.0911983 0.1215669 0.0997090 0.0845655 0.0649177 0.0795526 0.0787883 0.0961293 0.0956948 0.0912557 0.0752906 0.0904922 0.0910834 0.0986974 0.0771513 0.1015621 0.0699495 0.1555217 0.1196429 0.0151528 0.0000000 0.0715942 0.0860988 0.0600218 0.1195583 0.1147683 0.1421770 0.0568712 0.0794109 0.0788829 2.8032008 0.0827574 0.0868713 0.0722453 0.1434121 0.0777604 0.0964530 0.1120362 0.1261796 0.0780011 0.0854297 0.0802787 0.0725406 0.0851282 0.0747248 0.0839988 0.0811287 0.0796812 2.7393078 0.0806450 0.0805689 0.0725120 0.1012586 0.1108530 0.1027078 0.0589110 0.0616027 0.0917607 0.0849320 0.0925862 0.0760419 0.1161093 0.0701921 0.1039051 0.1167742 0.1071538 0.1004377 0.3519375 0.0766140 0.0929317 2.7479825 0.0960564 0.1091078 
Lacu_MYH2         0.0650408 0.0634661 0.0651357 0.0867230 0.0864404 0.0686759 0.0624589 0.0665165 0.0635107 0.0591930 0.0819155 0.0359052 0.0631456 0.0744961 0.0174184 0.0101815 0.0144485 0.0127182 0.0391096 0.0970296 0.0704978 0.0600481 0.0721902 0.0198070 0.0214540 0.0148719 0.0287148 0.0550386 0.1879814 0.0827644 0.0752374 0.0715942 0.0000000 0.0282965 0.0195346 0.0569638 0.0455200 0.0589944 0.0154757 0.0225547 0.0146422 3.1763367 0.0691923 0.0681295 0.0595747 0.1420743 0.0661174 0.0843490 0.1228546 0.1259615 0.0675093 0.1019730 0.0598706 0.0562549 0.0624074 0.0679306 0.0530217 0.0087732 0.0060910 3.1093871 0.0645202 0.0101309 0.0591432 0.0259911 0.1233766 0.0824929 0.0453912 0.0165176 0.0190456 0.0128317 0.0157014 0.0168862 0.0947697 0.0126099 0.0367438 0.0362347 0.0165988 0.0274395 0.1628507 0.0146380 0.0108106 3.1120990 0.0637854 0.0997196 
Lalb_MYH2         0.0733917 0.0675569 0.0773011 0.0648112 0.0646492 0.0701057 0.0550800 0.0763743 0.0789928 0.0680439 0.0742878 0.0516397 0.0697009 0.0957206 0.0255510 0.0183071 0.0184253 0.0231377 0.0273973 0.1193921 0.0805497 0.0744489 0.0818611 0.0178824 0.0295839 0.0359916 0.0596706 0.0634950 0.1961358 0.1216079 0.0783016 0.0860988 0.0282965 0.0000000 0.0140626 0.0882985 0.0180423 0.0240332 0.0295256 0.0377715 0.0285056 3.0055689 0.0700469 0.0736460 0.0692368 0.1783535 0.0662103 0.0781441 0.1338107 0.1323187 0.0623302 0.1267177 0.0649522 0.0580559 0.0774278 0.0597183 0.0636663 0.0310719 0.0201502 2.9917214 0.0879683 0.0259655 0.0622044 0.0155689 0.1417067 0.0980090 0.0412937 0.0165465 0.0480988 0.0310600 0.0337094 0.0356652 0.1633245 0.0259236 0.0215716 0.0317286 0.0136592 0.0461035 0.2946695 0.0257282 0.0295584 2.9608356 0.0584572 0.0920617 
Laus_MYH2         0.0596557 0.0542217 0.0647806 0.0740516 0.0848782 0.0665659 0.0653013 0.0455370 0.0597978 0.0559104 0.0797028 0.0253059 0.0571732 0.0783670 0.0221935 0.0142152 0.0154737 0.0199472 0.0319848 0.0837822 0.0715389 0.0584261 0.0697249 0.0179371 0.0239912 0.0255845 0.0448345 0.0558486 0.1685592 0.0988692 0.0740745 0.0600218 0.0195346 0.0140626 0.0000000 0.0573282 0.0398846 0.0512065 0.0099986 0.0171320 0.0142455 3.0352823 0.0507791 0.0611380 0.0627756 0.1299186 0.0686013 0.0816406 0.1109228 0.1099876 0.0654636 0.0904928 0.0592918 0.0705841 0.0617127 0.0630476 0.0473786 0.0213446 0.0117355 2.9482555 0.0670162 0.0187944 0.0423170 0.0187352 0.1403614 0.0628857 0.0224654 0.0118671 0.0309893 0.0222170 0.0224756 0.0243592 0.1322690 0.0153660 0.0265045 0.0435917 0.0219347 0.0435215 0.1874469 0.0230433 0.0202095 2.9539358 0.0630083 0.0978055 
Lbor_MYH2         0.0914440 0.0619493 0.1223431 0.0799230 0.1078570 0.1228852 0.1152987 0.1050739 0.0910928 0.0915295 0.1234873 0.0641306 0.1452252 0.0846773 0.0555353 0.0461840 0.0654380 0.0513687 0.0981488 0.0783053 0.1047527 0.0739258 0.1114926 0.0830341 0.0373220 0.0778977 0.0760954 0.1197803 0.2250527 0.1284950 0.0848875 0.1195583 0.0569638 0.0882985 0.0573282 0.0000000 0.0570253 0.0925647 0.0533867 0.0568908 0.0493443 3.1534602 0.0839678 0.0608456 0.1338286 0.1217578 0.1077917 0.1295398 0.0863524 0.1016007 0.1222518 0.0748255 0.0717758 0.1640527 0.0832783 0.1109782 0.0783778 0.0485556 0.0243350 3.1492041 0.0824838 0.0512810 0.0765740 0.0833213 0.1451220 0.0691909 0.0389872 0.0571284 0.0203529 0.0553712 0.0288009 0.0287385 0.0645189 0.0413885 0.0891788 0.0555523 0.0498630 0.0582893 0.2732818 0.0461883 0.0084924 3.1214573 0.1152430 0.1445160 
Lhos30470_MYH2    0.0910997 0.0687937 0.1141316 0.0711538 0.0752662 0.0777117 0.0664305 0.1022689 0.1039490 0.1002690 0.0797554 0.0367337 0.0657691 0.0862928 0.0162821 0.0328958 0.0177029 0.0163291 0.0330099 0.1488593 0.0886950 0.1066281 0.0814382 0.0382029 0.0294692 0.0590011 0.0462392 0.0976488 0.1886444 0.1024349 0.1019447 0.1147683 0.0455200 0.0180423 0.0398846 0.0570253 0.0000000 0.0114473 0.0436361 0.0282892 0.0177842 3.1766560 0.0798548 0.0720012 0.1103072 0.1688047 0.0678933 0.0852875 0.1181689 0.1220934 0.0694529 0.1122270 0.0499309 0.1067700 0.1057212 0.0653061 0.0798375 0.0469645 0.0119523 3.0787706 0.0648976 0.0259845 0.0646213 0.0188488 0.1263858 0.1053515 0.0449204 0.0283296 0.0255380 0.0227510 0.0186195 0.0421654 0.1196966 0.0266216 0.0190213 0.0199624 0.0153793 0.0328925 0.2177952 0.0153621 0.0067672 3.0841653 0.0956497 0.1001032 
Lhos452_MYH2      0.1157602 0.0994618 0.1299660 0.0837333 0.0813688 0.0926514 0.0677856 0.1310433 0.1339871 0.1213438 0.0874931 0.0369638 0.0699004 0.0983024 0.0312365 0.0482465 0.0309976 0.0283111 0.0489972 0.1881446 0.1118968 0.1329807 0.0983642 0.0454941 0.0337074 0.0719205 0.0808769 0.1254447 0.2327681 0.1074768 0.1056505 0.1421770 0.0589944 0.0240332 0.0512065 0.0925647 0.0114473 0.0000000 0.0620887 0.0523382 0.0309891 3.0585797 0.0881348 0.0998916 0.1231477 0.1957930 0.0755404 0.0852596 0.1527803 0.1328809 0.0680282 0.1428428 0.0662487 0.1150233 0.1496924 0.0856470 0.0857178 0.0547338 0.0261075 2.9645464 0.0884958 0.0399426 0.0822962 0.0244179 0.1521200 0.1583159 0.0574215 0.0367625 0.0298618 0.0354041 0.0355981 0.0471444 0.1730181 0.0431821 0.0093622 0.0295855 0.0155329 0.0395102 0.2541477 0.0306921 0.0145914 2.9721104 0.1190377 0.1125510 
Lobl_MYH2         0.0709391 0.0804505 0.0755147 0.0890604 0.0886646 0.0744893 0.0670202 0.0562750 0.0742346 0.0699243 0.0852199 0.0257819 0.0550091 0.0834709 0.0198385 0.0132850 0.0193717 0.0117158 0.0391662 0.0870065 0.0815547 0.0613794 0.0784492 0.0265569 0.0211082 0.0237236 0.0378565 0.0611795 0.1696945 0.0842681 0.0783316 0.0568712 0.0154757 0.0295256 0.0099986 0.0533867 0.0436361 0.0620887 0.0000000 0.0094423 0.0148136 3.2285173 0.0641705 0.0641520 0.0702049 0.1248345 0.0642634 0.0846490 0.0950037 0.0945554 0.0677939 0.0801147 0.0415707 0.0671999 0.0619700 0.0609291 0.0527271 0.0162982 0.0082966 3.1603003 0.0619123 0.0157808 0.0426817 0.0247868 0.1449342 0.0635087 0.0376530 0.0128321 0.0184805 0.0198430 0.0190989 0.0182431 0.0910157 0.0135299 0.0299475 0.0386748 0.0237619 0.0296892 0.1744505 0.0178611 0.0141871 3.1680404 0.0667802 0.0974679 
Lobs_MYH2         0.0773454 0.0836136 0.0847590 0.0901654 0.0762600 0.0810314 0.0727526 0.0570770 0.0923766 0.0804694 0.1049443 0.0385790 0.0417176 0.0924755 0.0338769 0.0288409 0.0226074 0.0208825 0.0506379 0.0928995 0.0939448 0.0823440 0.0904592 0.0347338 0.0324460 0.0401592 0.0421794 0.0719620 0.1910757 0.0808750 0.1003698 0.0794109 0.0225547 0.0377715 0.0171320 0.0568908 0.0282892 0.0523382 0.0094423 0.0000000 0.0203640 2.7364055 0.0731905 0.0817616 0.0729865 0.1114232 0.0743083 0.0951906 0.1026590 0.1246945 0.0870367 0.0779743 0.0595368 0.0796628 0.0876787 0.0739700 0.0522131 0.0360540 0.0235727 2.7229173 0.0670833 0.0228277 0.0548576 0.0370759 0.1191987 0.0685041 0.0337467 0.0271962 0.0368835 0.0229381 0.0244647 0.0273678 0.0926670 0.0197914 0.0529521 0.0229657 0.0353265 0.0379602 0.2034932 0.0229354 0.0189843 2.7009362 0.0734414 0.1105046 
LperAUS_MYH2      0.0627003 0.0591047 0.0705969 0.0688959 0.0636383 0.0686626 0.0542583 0.0740047 0.0656325 0.0588539 0.0801634 0.0206029 0.0662759 0.0801104 0.0155128 0.0098050 0.0082372 0.0075982 0.0366223 0.1006126 0.0699202 0.0614663 0.0763617 0.0267407 0.0224537 0.0229363 0.0358787 0.0506901 0.1884720 0.0873916 0.0814938 0.0788829 0.0146422 0.0285056 0.0142455 0.0493443 0.0177842 0.0309891 0.0148136 0.0203640 0.0000000 2.5696922 0.0572272 0.0616537 0.0584267 0.1515724 0.0622415 0.0746540 0.1047817 0.1136100 0.0594731 0.1026333 0.0598161 0.0584743 0.0693473 0.0599130 0.0510247 0.0122223 0.0060774 2.6027504 0.0632648 0.0143231 0.0607531 0.0286120 0.1149035 0.0853206 0.0337623 0.0136361 0.0213064 0.0155825 0.0123325 0.0116046 0.1213489 0.0056861 0.0305338 0.0066789 0.0127503 0.0242027 0.1877479 0.0095839 0.0091840 2.5828562 0.0523469 0.0805934 
Lvex_MYH2         2.8337257 2.7780585 2.7311560 3.1584209 3.1204223 2.8303572 3.0150131 3.0197001 2.9876684 2.8422954 2.8625577 2.6272005 2.5553070 3.0236928 2.7703112 3.1228916 2.9471727 3.0117233 2.9115138 3.2974889 3.0843622 3.1261098 3.1088133 3.1826700 3.0282992 3.1329577 2.8837200 3.0861710 2.8300065 3.0682638 3.4097660 2.8032008 3.1763367 3.0055689 3.0352823 3.1534602 3.1766560 3.0585797 3.2285173 2.7364055 2.5696922 0.0000000 2.9127250 3.1365607 3.1035828 2.9617290 2.9017481 2.9679641 2.8104852 2.5545990 2.5865452 3.1230148 2.8274638 3.2020460 3.0240330 2.6536972 2.8413342 3.1433056 2.7619116 0.0554040 2.6650733 2.8949259 3.0541018 3.1171748 3.0963065 3.1074744 2.7627949 3.0237111 3.2938021 3.1189308 3.0386559 3.1567940 3.0275163 2.9616153 2.9263087 3.1627539 3.7264626 3.6661561 4.0143604 3.0076439 3.3755511 0.0575261 2.3647925 2.3735048 
Mbid_MYH2         0.0671184 0.0762251 0.0260544 0.0647929 0.0740341 0.0810253 0.0718180 0.0572160 0.0715937 0.0628611 0.1011855 0.0542855 0.0801833 0.0736103 0.0618686 0.0613586 0.0565972 0.0589712 0.0905107 0.0966642 0.0749229 0.0696794 0.0711418 0.0906811 0.0644311 0.0772680 0.1250943 0.0282019 0.1729476 0.0865305 0.0738772 0.0827574 0.0691923 0.0700469 0.0507791 0.0839678 0.0798548 0.0881348 0.0641705 0.0731905 0.0572272 2.9127250 0.0000000 0.0257557 0.0171268 0.0385548 0.0259022 0.0360902 0.0585424 0.0417696 0.0128985 0.0166616 0.0863314 0.0553463 0.0274168 0.0333688 0.0707653 0.0667037 0.0582197 2.8885738 0.0882572 0.0703257 0.0829935 0.0910189 0.1247417 0.1431167 0.0917796 0.0658486 0.0786803 0.0697110 0.0571552 0.0600340 0.1578832 0.0612621 0.0835530 0.0659085 0.0754771 0.0850466 0.4334903 0.0598907 0.0656926 2.8920616 0.0456213 0.0286934 
Mbow_MYH2         0.0708280 0.0496686 0.0392067 0.0708141 0.0609854 0.0653400 0.0645051 0.0709036 0.0824172 0.0710171 0.0826079 0.0702305 0.1068239 0.0689212 0.0752959 0.0703557 0.0647209 0.0639233 0.0833724 0.0661907 0.0824186 0.0730338 0.0767324 0.0890668 0.0735971 0.0772954 0.0839781 0.0140360 0.1450264 0.0750683 0.0650719 0.0868713 0.0681295 0.0736460 0.0611380 0.0608456 0.0720012 0.0998916 0.0641520 0.0817616 0.0616537 3.1365607 0.0257557 0.0000000 0.0048731 0.0940508 0.0155265 0.0183464 0.0422615 0.0200377 0.0307476 0.0306561 0.0691623 0.0296857 0.0219098 0.0202792 0.0785123 0.0750177 0.0660766 3.1002155 0.0733516 0.0669478 0.0888809 0.0852810 0.1127497 0.0842112 0.0641283 0.0751392 0.0905537 0.0642471 0.0611459 0.0579635 0.1360155 0.0594499 0.0951468 0.0697384 0.0684912 0.0826048 0.3893235 0.0610778 0.0666359 3.0744068 0.0258398 0.0509064 
Mcar_MYH2         0.0756400 0.0430965 0.0314927 0.0912117 0.0900196 0.0673416 0.0677009 0.0726688 0.0747654 0.0697529 0.0855028 0.0828160 0.1070062 0.0766536 0.0705443 0.0630382 0.0650774 0.0604978 0.0709542 0.1061745 0.0805372 0.0640827 0.0780856 0.0756615 0.0747156 0.0740432 0.0974879 0.0094050 0.1544540 0.0895971 0.0711346 0.0722453 0.0595747 0.0692368 0.0627756 0.1338286 0.1103072 0.1231477 0.0702049 0.0729865 0.0584267 3.1035828 0.0171268 0.0048731 0.0000000 0.0861337 0.0131339 0.0221828 0.0533560 0.0530757 0.0121253 0.0439864 0.0780055 0.0263360 0.0156116 0.0122006 0.1093423 0.0557509 0.0600041 3.0204419 0.0815873 0.0617726 0.0964416 0.0822828 0.1458024 0.1295099 0.0994498 0.0691619 0.0872342 0.0760366 0.0680732 0.0673175 0.1547077 0.0581255 0.0942393 0.0938292 0.0750597 0.0935588 0.2786106 0.0631480 0.0724341 3.0230599 0.0346226 0.0433998 
Mden_MYH2         0.1128258 0.0751440 0.0606564 0.1234091 0.1301757 0.1289904 0.1518857 0.0929801 0.1146766 0.1157316 0.1629075 0.1561719 0.0896858 0.0855630 0.1535592 0.1337611 0.1412262 0.1332501 0.1909252 0.1109612 0.1148289 0.1406312 0.1221557 0.1874903 0.1378258 0.1460273 0.1746666 0.0834702 0.2205630 0.1607101 0.1372921 0.1434121 0.1420743 0.1783535 0.1299186 0.1217578 0.1688047 0.1957930 0.1248345 0.1114232 0.1515724 2.9617290 0.0385548 0.0940508 0.0861337 0.0000000 0.0706065 0.1201890 0.0786542 0.0354651 0.1110837 0.0786462 0.2156422 0.1521789 0.0971334 0.0731201 0.1356520 0.1366630 0.1395571 2.9291290 0.1459062 0.1269939 0.1389564 0.1762400 0.1642068 0.1208277 0.0904569 0.1600651 0.1655186 0.1307706 0.1257368 0.1366412 0.0884242 0.1269716 0.1952533 0.1487478 0.1688366 0.1708819 0.5598333 0.1296490 0.1300505 2.8930839 0.0902701 0.0615563 
