91
Bacu_PCDH15         0.0000000 0.0561820 0.0503891 0.0088928 0.0151566 0.0166828 0.0166828 0.0235546 0.0195908 0.7139058 0.0806228 0.5102178 0.0894859 0.0325348 0.0905240 0.0899483 0.0912610 0.0925486 0.5965301 0.0262242 0.7724198 0.0267599 0.0277551 0.0191889 0.0911891 0.0920915 0.0896794 0.7175367 0.0507602 0.1367945 0.0799866 0.0737595 0.0718574 0.0905400 0.0912709 0.0875235 0.0827741 0.0856955 0.0929591 0.3172520 0.0898093 0.0905116 0.7672414 0.0517990 0.0507983 0.0515434 0.0566981 0.0530867 0.0515831 0.0606890 0.0507738 0.0499825 0.0511329 0.5920642 0.0515552 0.0501228 0.0499933 0.7210598 0.0824357 0.7270852 0.0972797 0.0877573 0.6364663 0.0732425 0.0576544 0.0905820 0.0616112 0.0703661 0.0889630 0.0553702 0.0707301 0.6097332 0.0724445 0.0917227 0.0898611 0.0912317 0.0881454 0.0929068 0.0905050 0.0890661 0.0909111 0.0872830 0.0872025 0.0937104 0.0894853 0.0921126 0.7322552 0.0929752 0.0468733 0.6234588 0.0492399 
Barn_PCDH15         0.0561820 0.0000000 0.0043577 0.0451769 0.0463106 0.0462923 0.0462923 0.0507594 0.0495919 0.1609464 0.0733455 0.1743427 0.0721425 0.0495995 0.0727675 0.0710114 0.0738223 0.0738400 0.0676205 0.0530192 0.1901429 0.0519643 0.0541431 0.0484478 0.0737536 0.0714484 0.0737963 0.0738004 0.0179365 0.1198459 0.0707739 0.0675277 0.0744430 0.0749044 0.0738458 0.0772347 0.0732947 0.0694470 0.0761868 0.0772275 0.0733202 0.0726458 0.0631384 0.0285015 0.0243918 0.0232963 0.0186515 0.0243584 0.0222499 0.0241659 0.0233023 0.0222246 0.0224089 0.0619172 0.0254534 0.0244076 0.0232983 0.0667335 0.0624662 0.1715883 0.0809607 0.0758511 0.0689565 0.0597916 0.0484200 0.0733169 0.0595104 0.0608496 0.0722073 0.0484551 0.0632179 0.0608556 0.0596917 0.0746860 0.0746680 0.0749364 0.0737718 0.0772901 0.0680898 0.0727397 0.0721942 0.0716199 0.0730205 0.0761238 0.0713711 0.0750071 0.1682910 0.0762070 0.0201067 0.0738226 0.0209024 
Bbai76728_PCDH15    0.0503891 0.0043577 0.0000000 0.0412298 0.0412638 0.0403603 0.0403603 0.0458908 0.0423185 0.1699790 0.0652372 0.1772478 0.0697846 0.0450016 0.0707808 0.0699598 0.0716623 0.0707158 0.0673843 0.0468374 0.1990521 0.0459564 0.0487063 0.0439531 0.0706630 0.0715802 0.0717329 0.0717362 0.0140751 0.1222024 0.0706703 0.0593929 0.0650406 0.0725686 0.0716737 0.0672771 0.0655697 0.0679799 0.0726635 0.0754976 0.0716984 0.0688352 0.0632301 0.0223273 0.0185446 0.0167497 0.0193169 0.0194152 0.0176563 0.0236851 0.0185342 0.0167492 0.0183539 0.0635484 0.0203215 0.0203639 0.0194240 0.1026025 0.0638974 0.1812683 0.0784451 0.0755634 0.0734932 0.0578569 0.0393472 0.0706556 0.0531201 0.0560571 0.0707364 0.0394497 0.0572240 0.0764912 0.0550490 0.0736676 0.0736534 0.0725913 0.0712519 0.0755036 0.0743905 0.0703589 0.0713034 0.0716773 0.0645751 0.0745259 0.0696230 0.0726482 0.1681843 0.0726142 0.0176540 0.0716624 0.0154890 
BbonAUS_PCDH15      0.0088928 0.0451769 0.0412298 0.0000000 0.0067961 0.0083124 0.0083124 0.0118930 0.0097572 0.1640573 0.0666280 0.1736920 0.0773340 0.0231695 0.0762470 0.0758947 0.0769897 0.0778210 0.0652733 0.0186432 0.1970365 0.0195867 0.0201591 0.0107089 0.0769288 0.0778116 0.0770542 0.0770572 0.0423116 0.1171690 0.0669336 0.0626046 0.0621448 0.0776515 0.0769990 0.0735180 0.0684046 0.0735335 0.0786626 0.0802432 0.0758951 0.0762366 0.0555962 0.0466925 0.0423437 0.0430897 0.0492981 0.0446252 0.0431222 0.0510026 0.0423233 0.0415395 0.0423604 0.0636984 0.0430997 0.0416555 0.0415487 0.1404603 0.0712416 0.1766332 0.0861515 0.0767988 0.0777956 0.0634580 0.0447115 0.0766710 0.0527872 0.0590743 0.0750572 0.0453249 0.0596971 0.0770385 0.0614066 0.0783460 0.0775993 0.0785689 0.0751363 0.0786925 0.0775061 0.0743882 0.0757462 0.0737651 0.0715533 0.0794188 0.0752503 0.0778283 0.1652105 0.0786771 0.0384507 0.0769900 0.0406001 
Bbor_PCDH15         0.0151566 0.0463106 0.0412638 0.0067961 0.0000000 0.0060243 0.0060243 0.0113461 0.0113883 0.1676838 0.0672398 0.1776346 0.0756612 0.0244205 0.0761307 0.0740931 0.0768872 0.0768625 0.0649935 0.0182556 0.1988059 0.0180164 0.0198006 0.0117093 0.0768268 0.0777258 0.0769532 0.0769563 0.0431530 0.1170346 0.0694659 0.0671427 0.0645080 0.0768496 0.0768980 0.0741736 0.0690064 0.0734109 0.0785932 0.0802045 0.0758361 0.0761206 0.0591004 0.0467142 0.0439732 0.0447337 0.0511479 0.0463013 0.0448028 0.0522754 0.0439517 0.0431507 0.0440526 0.0633865 0.0447443 0.0432735 0.0431604 0.1002859 0.0718776 0.1794555 0.0854065 0.0758918 0.0777095 0.0643869 0.0463599 0.0766289 0.0558853 0.0603199 0.0749818 0.0460992 0.0596951 0.0769912 0.0605355 0.0775893 0.0775761 0.0784978 0.0749948 0.0786240 0.0774938 0.0758965 0.0746830 0.0736658 0.0722930 0.0793641 0.0751154 0.0777427 0.1657951 0.0786080 0.0391833 0.0768875 0.0415052 
Bede66737_PCDH15    0.0166828 0.0462923 0.0403603 0.0083124 0.0060243 0.0000000 0.0000010 0.0113413 0.0130250 0.1678721 0.0671760 0.1776355 0.0765362 0.0244271 0.0761383 0.0750357 0.0768955 0.0768703 0.0682430 0.0182605 0.1990300 0.0188134 0.0198059 0.0132796 0.0768344 0.0777582 0.0769612 0.0769643 0.0431644 0.1170997 0.0670441 0.0671590 0.0691141 0.0784859 0.0769049 0.0741811 0.0689991 0.0734023 0.0786009 0.0802124 0.0758288 0.0761277 0.0560532 0.0498211 0.0439849 0.0431768 0.0511617 0.0463135 0.0447807 0.0502720 0.0439633 0.0431622 0.0440646 0.0649964 0.0447560 0.0432851 0.0431719 0.1019805 0.0736840 0.1796577 0.0862591 0.0758837 0.0793731 0.0635301 0.0479678 0.0766208 0.0545857 0.0619935 0.0749735 0.0477533 0.0614216 0.0786306 0.0631320 0.0775816 0.0775684 0.0785056 0.0750024 0.0786314 0.0774843 0.0742392 0.0755986 0.0753001 0.0722848 0.0793720 0.0751226 0.0777504 0.1639693 0.0786157 0.0391939 0.0768959 0.0406351 
BedeAUS_PCDH15      0.0166828 0.0462923 0.0403603 0.0083124 0.0060243 0.0000010 0.0000000 0.0113413 0.0130250 0.1678721 0.0671760 0.1776355 0.0765362 0.0244271 0.0761383 0.0750357 0.0768955 0.0768703 0.0682430 0.0182605 0.1990300 0.0188134 0.0198059 0.0132796 0.0768344 0.0777582 0.0769612 0.0769643 0.0431644 0.1170997 0.0670441 0.0671590 0.0691141 0.0784859 0.0769049 0.0741811 0.0689991 0.0734023 0.0786009 0.0802124 0.0758288 0.0761277 0.0560532 0.0498211 0.0439849 0.0431768 0.0511617 0.0463135 0.0447807 0.0502720 0.0439633 0.0431622 0.0440646 0.0649964 0.0447560 0.0432851 0.0431719 0.1019805 0.0736840 0.1796577 0.0862591 0.0758837 0.0793731 0.0635301 0.0479678 0.0766208 0.0545857 0.0619935 0.0749735 0.0477533 0.0614216 0.0786306 0.0631320 0.0775816 0.0775684 0.0785056 0.0750024 0.0786314 0.0774843 0.0742392 0.0755986 0.0753001 0.0722848 0.0793720 0.0751226 0.0777504 0.1639693 0.0786157 0.0391939 0.0768959 0.0406351 
Bmus_PCDH15         0.0235546 0.0507594 0.0458908 0.0118930 0.0113461 0.0113413 0.0113413 0.0000000 0.0179865 0.7293232 0.0772441 0.5169887 0.0870226 0.0302382 0.0882842 0.0882359 0.0890230 0.0902412 0.6081809 0.0232063 0.7764112 0.0235893 0.0247325 0.0184575 0.0889528 0.0898536 0.0890987 0.7247820 0.0485391 0.1412067 0.0740892 0.0730764 0.0737800 0.0882569 0.0890330 0.0843495 0.0793086 0.0820876 0.0907201 0.3203183 0.0874957 0.0882718 0.7783862 0.0549839 0.0501223 0.0508689 0.0567966 0.0524134 0.0509081 0.0588626 0.0500981 0.0493058 0.0504310 0.6015429 0.0508805 0.0494436 0.0493166 0.7301727 0.0818017 0.7455316 0.0982951 0.0887948 0.6440787 0.0707027 0.0615224 0.0882705 0.0618203 0.0688935 0.0866492 0.0547018 0.0691781 0.6183040 0.0708960 0.0893592 0.0875455 0.0906098 0.0875004 0.0906691 0.0884802 0.0867600 0.0883914 0.0858437 0.0834362 0.0914731 0.0872499 0.0898740 0.7400759 0.0907359 0.0446392 0.6283936 0.0484723 
Bphy_baits_PCDH15   0.0195908 0.0495919 0.0423185 0.0097572 0.0113883 0.0130250 0.0130250 0.0179865 0.0000000 0.1654222 0.0707899 0.1787861 0.0761237 0.0229696 0.0748772 0.0716597 0.0756911 0.0748146 0.0656649 0.0238053 0.1899185 0.0245848 0.0254799 0.0117772 0.0756266 0.0757210 0.0747958 0.0747990 0.0464627 0.1139625 0.0706596 0.0717809 0.0724435 0.0756505 0.0748341 0.0784001 0.0724537 0.0678909 0.0775187 0.0783629 0.0745237 0.0748673 0.0604685 0.0481373 0.0482005 0.0473142 0.0524123 0.0489994 0.0482074 0.0508401 0.0481750 0.0473094 0.0465215 0.0639390 0.0490305 0.0474281 0.0481675 0.0684413 0.0680013 0.1797715 0.0839342 0.0742991 0.0756140 0.0650225 0.0481730 0.0753760 0.0611143 0.0657998 0.0736054 0.0479047 0.0644244 0.0721354 0.0669946 0.0764064 0.0763924 0.0774180 0.0727020 0.0784234 0.0753919 0.0718798 0.0731385 0.0722342 0.0772837 0.0783465 0.0737927 0.0766071 0.1642023 0.0775345 0.0430250 0.0756914 0.0450769 
Btau_PCDH15         0.7139058 0.1609464 0.1699790 0.1640573 0.1676838 0.1678721 0.1678721 0.7293232 0.1654222 0.0000000 0.1998865 0.3138678 0.2125369 0.1695950 0.2226141 0.2227920 0.2232973 0.2261435 0.2248217 0.1711348 0.2618334 0.1720831 0.1729994 0.1650892 0.2214090 0.2233653 0.2235163 0.2807433 0.1682182 0.7215854 0.1996384 0.1962481 0.1912820 0.2249161 0.2224050 0.2032540 0.1984520 0.2128108 0.2252933 0.8192201 0.2172516 0.2180955 0.2165145 0.1725851 0.1674275 0.1664941 0.1756506 0.1681448 0.1682752 0.1734341 0.1648455 0.1664393 0.1644304 0.2218500 0.1657074 0.1660727 0.1639552 0.2963887 0.2121147 0.0830767 0.2267091 0.2185895 0.2366703 0.1917634 0.7193975 0.2225834 0.1869170 0.1952389 0.2208893 0.1710448 0.1891642 0.2353825 0.1975127 0.2249136 0.2219530 0.2232294 0.2165740 0.2266999 0.2242321 0.2177194 0.2191034 0.2206396 0.2145264 0.2259831 0.2211403 0.2225456 0.2386145 0.2253062 0.1605529 0.2356539 0.1637133 
Ccom40_PCDH15       0.0806228 0.0733455 0.0652372 0.0666280 0.0672398 0.0671760 0.0671760 0.0772441 0.0707899 0.1998865 0.0000000 0.2105864 0.0051582 0.0765193 0.0122975 0.0118473 0.0131121 0.0131161 0.0401383 0.0765039 0.2227014 0.0809188 0.0801238 0.0717560 0.0131142 0.0131298 0.0122965 0.0122970 0.0638923 0.1555818 0.0525952 0.0783604 0.0788481 0.0133922 0.0122933 0.0089899 0.0069197 0.0118584 0.0139507 0.0106388 0.0081662 0.0073486 0.0535955 0.0710582 0.0630809 0.0630294 0.0713889 0.0655956 0.0647972 0.0739738 0.0647532 0.0638998 0.0645040 0.0358366 0.0673886 0.0657684 0.0647418 0.0807747 0.0397266 0.2127178 0.0172716 0.0126687 0.0172960 0.0478157 0.0690649 0.0139479 0.0376792 0.0384299 0.0122941 0.0673808 0.0378183 0.0454401 0.0396441 0.0151032 0.0147801 0.0147718 0.0126803 0.0155978 0.0119836 0.0135331 0.0116644 0.0131146 0.0127659 0.0164266 0.0148075 0.0139488 0.1990427 0.0139379 0.0594131 0.0131116 0.0654932 
Cela_PCDH15         0.5102178 0.1743427 0.1772478 0.1736920 0.1776346 0.1776355 0.1776355 0.5169887 0.1787861 0.3138678 0.2105864 0.0000000 0.2208241 0.1803226 0.2287329 0.2291821 0.2294110 0.2324532 0.4852394 0.1792437 0.5088426 0.1812984 0.1810119 0.1749307 0.2283853 0.2303487 0.2305049 0.5919991 0.1769227 0.5159373 0.2084519 0.1991269 0.1983418 0.2312827 0.2302676 0.2125650 0.2061018 0.2189537 0.2314160 0.5890253 0.2242672 0.2259279 0.5505642 0.1772459 0.1744384 0.1718147 0.1783194 0.1751526 0.1744449 0.1720817 0.1719427 0.1734412 0.1715131 0.4877036 0.1710456 0.1730924 0.1692686 0.5946394 0.2159023 0.3240074 0.2328456 0.2245638 0.5203954 0.2008368 0.5051182 0.2287200 0.1921476 0.2026519 0.2270286 0.1756824 0.1975484 0.5025153 0.2061756 0.2311833 0.2272046 0.2293422 0.2233917 0.2338367 0.2254936 0.2245431 0.2233200 0.2267501 0.2221248 0.2320995 0.2282759 0.2304180 0.4748299 0.2314280 0.1683889 0.5147198 0.1680674 
Chea7320_PCDH15     0.0894859 0.0721425 0.0697846 0.0773340 0.0756612 0.0765362 0.0765362 0.0870226 0.0761237 0.2125369 0.0051582 0.2208241 0.0000000 0.0866750 0.0080639 0.0078950 0.0088669 0.0100025 0.0387616 0.0836999 0.2396957 0.0855627 0.0873122 0.0828323 0.0080590 0.0088708 0.0080640 0.0080643 0.0692941 0.1645861 0.0510996 0.0808853 0.0826200 0.0080525 0.0088697 0.0041478 0.0035185 0.0083634 0.0088720 0.0064395 0.0032118 0.0024085 0.0579323 0.0772067 0.0703127 0.0720123 0.0801564 0.0745697 0.0720213 0.0803294 0.0719701 0.0702541 0.0722232 0.0345232 0.0745962 0.0747927 0.0728350 0.0535952 0.0420644 0.2232526 0.0137543 0.0091680 0.0121369 0.0480955 0.0772035 0.0088738 0.0336591 0.0338965 0.0072528 0.0733656 0.0340906 0.0492244 0.0348146 0.0096899 0.0096880 0.0096827 0.0074766 0.0113056 0.0072254 0.0091424 0.0085384 0.0080592 0.0111795 0.0113057 0.0097018 0.0096809 0.2109887 0.0088675 0.0684284 0.0080574 0.0708128 
Cmar59905_PCDH15    0.0325348 0.0495995 0.0450016 0.0231695 0.0244205 0.0244271 0.0244271 0.0302382 0.0229696 0.1695950 0.0765193 0.1803226 0.0866750 0.0000000 0.0846541 0.0825940 0.0854187 0.0854480 0.0741291 0.0318479 0.2034268 0.0335297 0.0334427 0.0206660 0.0853490 0.0862038 0.0854935 0.0854970 0.0509100 0.1234611 0.0742409 0.0748109 0.0756540 0.0862703 0.0854288 0.0821319 0.0728010 0.0792570 0.0871650 0.0888023 0.0845998 0.0846418 0.0694000 0.0529625 0.0509497 0.0501108 0.0551418 0.0525052 0.0517611 0.0558842 0.0493281 0.0501060 0.0493846 0.0698917 0.0517321 0.0494237 0.0501172 0.1510624 0.0765889 0.1849426 0.0932185 0.0830306 0.0845289 0.0715391 0.0533436 0.0854017 0.0567310 0.0653801 0.0837265 0.0535260 0.0644533 0.0847483 0.0680430 0.0873393 0.0863801 0.0870553 0.0818718 0.0888684 0.0839802 0.0811036 0.0822672 0.0821392 0.0786752 0.0879444 0.0835971 0.0862943 0.1732964 0.0871810 0.0468903 0.0854196 0.0465213 
Dcap108471_PCDH15   0.0905240 0.0727675 0.0707808 0.0762470 0.0761307 0.0761383 0.0761383 0.0882842 0.0748772 0.2226141 0.0122975 0.2287329 0.0080639 0.0846541 0.0000000 0.0017247 0.0007334 0.0022699 0.0400392 0.0837035 0.2478729 0.0863509 0.0853692 0.0811569 0.0044106 0.0051489 0.0044131 0.0051505 0.0712261 0.1708828 0.0513443 0.0854154 0.0874151 0.0082621 0.0051537 0.0107743 0.0066946 0.0034549 0.0029385 0.0110799 0.0075812 0.0066346 0.0555855 0.0807234 0.0713620 0.0721266 0.0804606 0.0752598 0.0737282 0.0794925 0.0728793 0.0721023 0.0724246 0.0361516 0.0752842 0.0754656 0.0736712 0.1120998 0.0420062 0.2327321 0.0133137 0.0086108 0.0133291 0.0471798 0.0825581 0.0052958 0.0314534 0.0344278 0.0037781 0.0782596 0.0336982 0.0496260 0.0354115 0.0030838 0.0030249 0.0044120 0.0030241 0.0044112 0.0019782 0.0015095 0.0008219 0.0044156 0.0045316 0.0044112 0.0029439 0.0014678 0.2202527 0.0029392 0.0679921 0.0022014 0.0712514 
Dcap79929_PCDH15    0.0899483 0.0710114 0.0699598 0.0758947 0.0740931 0.0750357 0.0750357 0.0882359 0.0716597 0.2227920 0.0118473 0.2291821 0.0078950 0.0825940 0.0017247 0.0000000 0.0025860 0.0017232 0.0408233 0.0836991 0.2504794 0.0837764 0.0856586 0.0817719 0.0043156 0.0051825 0.0043185 0.0051844 0.0710300 0.1722606 0.0535668 0.0827646 0.0859076 0.0077868 0.0069230 0.0127481 0.0084199 0.0018646 0.0025876 0.0112740 0.0077878 0.0069215 0.0589188 0.0781161 0.0721322 0.0720686 0.0771352 0.0757646 0.0739744 0.0801307 0.0729733 0.0720673 0.0743704 0.0362550 0.0758041 0.0750307 0.0739053 0.0795090 0.0421227 0.2267896 0.0121525 0.0086860 0.0121663 0.0468698 0.0784028 0.0051843 0.0298515 0.0342246 0.0034523 0.0722086 0.0332647 0.0521172 0.0351669 0.0034546 0.0034571 0.0051834 0.0034522 0.0051823 0.0021003 0.0034503 0.0026613 0.0017237 0.0039301 0.0051823 0.0034591 0.0034511 0.2291947 0.0025862 0.0691556 0.0025859 0.0712016 
DdelSJR_PCDH15      0.0912610 0.0738223 0.0716623 0.0769897 0.0768872 0.0768955 0.0768955 0.0890230 0.0756911 0.2232973 0.0131121 0.2294110 0.0088669 0.0854187 0.0007334 0.0025860 0.0000000 0.0030255 0.0407781 0.0844460 0.2485417 0.0871299 0.0861116 0.0819209 0.0051439 0.0058824 0.0051468 0.0058842 0.0719677 0.1715951 0.0501237 0.0861720 0.0882507 0.0090096 0.0058879 0.0115395 0.0075284 0.0043168 0.0036716 0.0118143 0.0083363 0.0073691 0.0565132 0.0816952 0.0721047 0.0728699 0.0812498 0.0760008 0.0744703 0.0804163 0.0736211 0.0728455 0.0731948 0.0368899 0.0760254 0.0762084 0.0744127 0.1128596 0.0428268 0.2334085 0.0140481 0.0093900 0.0140644 0.0462666 0.0832978 0.0060501 0.0326423 0.0351957 0.0045332 0.0790363 0.0345052 0.0503684 0.0362193 0.0038533 0.0037805 0.0051456 0.0037788 0.0051446 0.0019765 0.0022646 0.0016429 0.0051497 0.0054356 0.0051446 0.0036785 0.0022009 0.2200847 0.0036725 0.0687340 0.0029340 0.0720837 
Ddeltrop4525_PCDH15 0.0925486 0.0738400 0.0707158 0.0778210 0.0768625 0.0768703 0.0768703 0.0902412 0.0748146 0.2261435 0.0131161 0.2324532 0.0100025 0.0854480 0.0022699 0.0017232 0.0030255 0.0000000 0.0420664 0.0855195 0.2493431 0.0874408 0.0872402 0.0829421 0.0068233 0.0075862 0.0068263 0.0075887 0.0726363 0.1735942 0.0501695 0.0873239 0.0896055 0.0100706 0.0075936 0.0135128 0.0095349 0.0043182 0.0053040 0.0137146 0.0101745 0.0091242 0.0567393 0.0806413 0.0727800 0.0719088 0.0793192 0.0759605 0.0752198 0.0804491 0.0743431 0.0735427 0.0745638 0.0380520 0.0768241 0.0761485 0.0751598 0.1149006 0.0442664 0.2355968 0.0160224 0.0113259 0.0160416 0.0469955 0.0825263 0.0078097 0.0339252 0.0363481 0.0062407 0.0771361 0.0348187 0.0519775 0.0365333 0.0047746 0.0054650 0.0068256 0.0054630 0.0068243 0.0041001 0.0038974 0.0034037 0.0068313 0.0054374 0.0068243 0.0053135 0.0037847 0.2256291 0.0053053 0.0692998 0.0045410 0.0718647 
Dleu_PCDH15         0.5965301 0.0676205 0.0673843 0.0652733 0.0649935 0.0682430 0.0682430 0.6081809 0.0656649 0.2248217 0.0401383 0.4852394 0.0387616 0.0741291 0.0400392 0.0408233 0.0407781 0.0420664 0.0000000 0.0733968 0.2631997 0.0755420 0.0750301 0.0680934 0.0407843 0.0415641 0.0392528 0.0811341 0.0659254 0.7117735 0.0547793 0.0797886 0.0792770 0.0392307 0.0408214 0.0424915 0.0393843 0.0362572 0.0423661 0.5709424 0.0396182 0.0400706 0.0464782 0.0748464 0.0660499 0.0683818 0.0756076 0.0699076 0.0683894 0.0787872 0.0675542 0.0667859 0.0677221 0.0080497 0.0699302 0.0700973 0.0683376 0.0828275 0.0240280 0.2347427 0.0478294 0.0425490 0.0406695 0.0417226 0.5884264 0.0403851 0.0228210 0.0193318 0.0387950 0.0684740 0.0203704 0.0299218 0.0195340 0.0403929 0.0396051 0.0423414 0.0412175 0.0438434 0.0407267 0.0420172 0.0423720 0.0392677 0.0418657 0.0438860 0.0407999 0.0415807 0.2379176 0.0423589 0.0644049 0.0424938 0.0688787 
EausAUS_PCDH15      0.0262242 0.0530192 0.0468374 0.0186432 0.0182556 0.0182605 0.0182605 0.0232063 0.0238053 0.1711348 0.0765039 0.1792437 0.0836999 0.0318479 0.0837035 0.0836991 0.0844460 0.0855195 0.0733968 0.0000000 0.2025329 0.0030998 0.0044334 0.0200270 0.0843795 0.0852086 0.0845176 0.0845210 0.0462680 0.1238979 0.0766591 0.0715964 0.0684478 0.0852534 0.0844560 0.0812116 0.0758087 0.0774575 0.0861389 0.0860870 0.0818708 0.0820562 0.0656721 0.0498625 0.0463029 0.0470502 0.0535581 0.0485939 0.0470867 0.0559822 0.0462806 0.0454911 0.0456579 0.0701924 0.0470611 0.0456184 0.0455011 0.1495224 0.0766482 0.1801699 0.0936290 0.0847078 0.0851918 0.0698199 0.0517416 0.0843274 0.0630952 0.0674452 0.0827052 0.0527054 0.0676401 0.0844999 0.0702438 0.0861797 0.0852738 0.0860347 0.0819476 0.0877908 0.0852496 0.0812016 0.0831706 0.0811946 0.0836547 0.0868956 0.0826798 0.0852948 0.1714176 0.0861543 0.0423839 0.0844757 0.0458830 
Ecab_PCDH15         0.7724198 0.1901429 0.1990521 0.1970365 0.1988059 0.1990300 0.1990300 0.7764112 0.1899185 0.2618334 0.2227014 0.5088426 0.2396957 0.2034268 0.2478729 0.2504794 0.2485417 0.2493431 0.2631997 0.2025329 0.0000000 0.2084071 0.2078173 0.1968620 0.2484701 0.2486195 0.2475966 0.3204778 0.2026516 0.7752172 0.2248135 0.2206008 0.2132420 0.2483650 0.2473736 0.2297684 0.2258614 0.2447831 0.2505945 0.8554047 0.2418348 0.2410834 0.2569113 0.2021300 0.2015584 0.1995122 0.2071890 0.2056146 0.2040842 0.2033332 0.2007016 0.2030376 0.2088000 0.2573026 0.2039927 0.2036174 0.1996649 0.3263974 0.2273550 0.2741483 0.2545217 0.2488921 0.2731010 0.2193597 0.7694851 0.2439734 0.2103686 0.2158862 0.2458091 0.1980917 0.2173480 0.2650378 0.2219405 0.2490932 0.2469006 0.2475455 0.2489835 0.2502394 0.2481447 0.2492838 0.2499612 0.2467489 0.2412841 0.2512642 0.2473724 0.2495727 0.2513653 0.2506030 0.1946111 0.2759593 0.2011972 
Egla13086_PCDH15    0.0267599 0.0519643 0.0459564 0.0195867 0.0180164 0.0188134 0.0188134 0.0235893 0.0245848 0.1720831 0.0809188 0.1812984 0.0855627 0.0335297 0.0863509 0.0837764 0.0871299 0.0874408 0.0755420 0.0030998 0.2084071 0.0000000 0.0031001 0.0210747 0.0870577 0.0879305 0.0872078 0.0872114 0.0478354 0.1225277 0.0763332 0.0719448 0.0719275 0.0870847 0.0871404 0.0856236 0.0802207 0.0801927 0.0889139 0.0905841 0.0862651 0.0863382 0.0689545 0.0519691 0.0486892 0.0494743 0.0555874 0.0510985 0.0486976 0.0594006 0.0486645 0.0470214 0.0481030 0.0721696 0.0494864 0.0479733 0.0478437 0.1125700 0.0791622 0.1824796 0.0959497 0.0866805 0.0861769 0.0698811 0.0527683 0.0870820 0.0651388 0.0693649 0.0853735 0.0526879 0.0690052 0.0872512 0.0703035 0.0880980 0.0880828 0.0888006 0.0845778 0.0906531 0.0864168 0.0837948 0.0840919 0.0837079 0.0846802 0.0897083 0.0852673 0.0880245 0.1741885 0.0889304 0.0445247 0.0871628 0.0486996 
Ejap43864_PCDH15    0.0277551 0.0541431 0.0487063 0.0201591 0.0198006 0.0198059 0.0198059 0.0247325 0.0254799 0.1729994 0.0801238 0.1810119 0.0873122 0.0334427 0.0853692 0.0856586 0.0861116 0.0872402 0.0750301 0.0044334 0.2078173 0.0031001 0.0000000 0.0215936 0.0860437 0.0868746 0.0861849 0.0861883 0.0494029 0.1256237 0.0766765 0.0748972 0.0720778 0.0869517 0.0861216 0.0846398 0.0795187 0.0784462 0.0878089 0.0893995 0.0852612 0.0853573 0.0666835 0.0539964 0.0494402 0.0501883 0.0569280 0.0501857 0.0502271 0.0589325 0.0494163 0.0486232 0.0489105 0.0718194 0.0501998 0.0487589 0.0486338 0.1513884 0.0784719 0.1820545 0.0953150 0.0864774 0.0852054 0.0716608 0.0548967 0.0860386 0.0669393 0.0691358 0.0844138 0.0560185 0.0694206 0.0853269 0.0720291 0.0879303 0.0869884 0.0877022 0.0836562 0.0894642 0.0874937 0.0829109 0.0850342 0.0828541 0.0857022 0.0885654 0.0843403 0.0869627 0.1749752 0.0878245 0.0455047 0.0861425 0.0493950 
Erob133443_PCDH15   0.0191889 0.0484478 0.0439531 0.0107089 0.0117093 0.0132796 0.0132796 0.0184575 0.0117772 0.1650892 0.0717560 0.1749307 0.0828323 0.0206660 0.0811569 0.0817719 0.0819209 0.0829421 0.0680934 0.0200270 0.1968620 0.0210747 0.0215936 0.0000000 0.0810376 0.0827718 0.0819921 0.0819954 0.0452055 0.1183391 0.0727431 0.0663141 0.0657445 0.0827012 0.0802924 0.0776723 0.0736582 0.0763969 0.0836555 0.0836890 0.0810028 0.0811456 0.0589891 0.0507796 0.0444187 0.0435979 0.0508450 0.0460063 0.0444580 0.0529327 0.0443967 0.0435875 0.0428703 0.0672856 0.0451971 0.0437126 0.0420106 0.1478640 0.0746389 0.1784246 0.0914141 0.0812579 0.0827549 0.0671795 0.0452576 0.0818034 0.0578796 0.0618168 0.0801342 0.0458723 0.0626127 0.0812571 0.0634958 0.0836527 0.0827722 0.0835523 0.0801482 0.0853505 0.0843366 0.0793793 0.0812351 0.0786546 0.0784528 0.0844343 0.0801138 0.0827906 0.1660594 0.0836711 0.0420341 0.0819215 0.0437883 
Fatt_PCDH15         0.0911891 0.0737536 0.0706630 0.0769288 0.0768268 0.0768344 0.0768344 0.0889528 0.0756266 0.2214090 0.0131142 0.2283853 0.0080590 0.0853490 0.0044106 0.0043156 0.0051439 0.0068233 0.0407843 0.0843795 0.2484701 0.0870577 0.0860437 0.0810376 0.0000000 0.0051460 0.0029344 0.0036702 0.0719119 0.1698792 0.0536302 0.0861027 0.0872735 0.0082573 0.0066270 0.0099967 0.0083695 0.0034531 0.0058851 0.0110737 0.0075769 0.0066309 0.0545756 0.0805725 0.0720497 0.0728134 0.0811820 0.0759417 0.0744120 0.0813361 0.0735638 0.0727890 0.0739630 0.0368955 0.0759663 0.0761483 0.0743544 0.1111964 0.0419950 0.2323777 0.0162905 0.0109673 0.0133216 0.0471549 0.0816409 0.0037735 0.0326563 0.0336187 0.0022614 0.0773078 0.0336825 0.0488253 0.0345591 0.0061752 0.0060584 0.0044052 0.0022634 0.0073607 0.0049505 0.0052938 0.0049406 0.0073680 0.0090802 0.0073607 0.0058948 0.0058832 0.2199166 0.0058865 0.0686813 0.0051436 0.0729137 
Ggri_PCDH15         0.0920915 0.0714484 0.0715802 0.0778116 0.0777258 0.0777582 0.0777582 0.0898536 0.0757210 0.2233653 0.0131298 0.2303487 0.0088708 0.0862038 0.0051489 0.0051825 0.0058824 0.0075862 0.0415641 0.0852086 0.2486195 0.0879305 0.0868746 0.0827718 0.0051460 0.0000000 0.0051489 0.0058866 0.0719377 0.1707949 0.0524572 0.0869496 0.0872792 0.0090134 0.0073678 0.0115456 0.0075290 0.0051849 0.0066248 0.0118191 0.0083398 0.0073722 0.0555492 0.0815906 0.0728661 0.0736300 0.0811652 0.0767600 0.0752296 0.0793769 0.0743802 0.0736053 0.0748111 0.0376706 0.0767849 0.0769697 0.0751712 0.1103706 0.0402767 0.2325911 0.0155475 0.0117581 0.0125793 0.0471580 0.0840576 0.0060527 0.0301916 0.0336234 0.0045351 0.0789551 0.0336874 0.0480584 0.0345642 0.0069515 0.0068200 0.0066237 0.0045382 0.0081018 0.0049493 0.0060538 0.0049396 0.0081098 0.0081679 0.0081018 0.0066357 0.0066226 0.2212610 0.0066263 0.0694928 0.0058820 0.0728980 
Gmac39091_PCDH15    0.0896794 0.0737963 0.0717329 0.0770542 0.0769532 0.0769612 0.0769612 0.0890987 0.0747958 0.2235163 0.0122965 0.2305049 0.0080640 0.0854935 0.0044131 0.0043185 0.0051468 0.0068263 0.0392528 0.0845176 0.2475966 0.0872078 0.0861849 0.0819921 0.0029344 0.0051489 0.0000000 0.0022013 0.0720274 0.1717565 0.0525051 0.0853270 0.0873150 0.0082621 0.0066307 0.0107735 0.0075338 0.0043205 0.0058884 0.0110800 0.0075813 0.0066346 0.0565669 0.0817856 0.0721648 0.0729306 0.0813226 0.0760642 0.0745324 0.0815009 0.0736824 0.0729061 0.0740867 0.0353707 0.0760889 0.0762723 0.0744747 0.1094092 0.0419937 0.2345093 0.0162999 0.0109740 0.0133292 0.0480558 0.0833681 0.0037757 0.0302018 0.0328219 0.0022628 0.0791058 0.0328453 0.0488238 0.0337202 0.0061789 0.0060619 0.0044076 0.0022647 0.0073649 0.0049542 0.0052968 0.0049437 0.0073722 0.0081735 0.0073649 0.0058981 0.0058865 0.2220303 0.0058898 0.0687908 0.0051465 0.0730453 
Gmel_PCDH15         0.7175367 0.0738004 0.0717362 0.0770572 0.0769563 0.0769643 0.0769643 0.7247820 0.0747990 0.2807433 0.0122970 0.5919991 0.0080643 0.0854970 0.0051505 0.0051844 0.0058842 0.0075887 0.0811341 0.0845210 0.3204778 0.0872114 0.0861883 0.0819954 0.0036702 0.0058866 0.0022013 0.0000000 0.0720302 0.8235966 0.0513173 0.0853304 0.0873189 0.0090164 0.0073701 0.0107739 0.0075341 0.0051868 0.0066269 0.6050037 0.0083425 0.0073745 0.0557461 0.0817898 0.0721676 0.0729334 0.0813260 0.0760672 0.0745353 0.0815048 0.0736853 0.0729089 0.0740897 0.0769152 0.0760918 0.0762752 0.0744776 0.1491884 0.0437296 0.2943384 0.0170466 0.0117621 0.0496829 0.0480578 0.6995399 0.0045326 0.0326788 0.0344266 0.0030180 0.0798885 0.0345315 0.0894299 0.0354102 0.0069538 0.0060621 0.0051441 0.0030208 0.0080970 0.0049545 0.0060558 0.0057700 0.0081124 0.0081739 0.0081043 0.0066378 0.0066247 0.2988906 0.0066284 0.0687934 0.0438967 0.0730485 
Hamp_PCDH15         0.0507602 0.0179365 0.0140751 0.0423116 0.0431530 0.0431644 0.0431644 0.0485391 0.0464627 0.1682182 0.0638923 0.1769227 0.0692941 0.0509100 0.0712261 0.0710300 0.0719677 0.0726363 0.0659254 0.0462680 0.2026516 0.0478354 0.0494029 0.0452055 0.0719119 0.0719377 0.0720274 0.0720302 0.0000000 0.1201698 0.0691284 0.0608285 0.0636950 0.0717181 0.0719772 0.0674611 0.0637826 0.0677886 0.0736247 0.0735826 0.0691551 0.0679798 0.0584577 0.0126542 0.0103693 0.0118538 0.0142289 0.0125964 0.0111164 0.0166423 0.0103644 0.0096174 0.0115314 0.0619106 0.0126005 0.0126299 0.0111084 0.1352915 0.0621937 0.1795205 0.0777714 0.0732541 0.0727115 0.0569020 0.0460974 0.0699076 0.0539840 0.0563898 0.0699774 0.0443375 0.0577663 0.0727679 0.0577129 0.0723019 0.0724996 0.0719445 0.0699949 0.0752024 0.0753874 0.0708849 0.0720693 0.0704208 0.0665471 0.0743793 0.0702486 0.0727982 0.1729002 0.0736385 0.0141213 0.0719678 0.0099593 
Hippo_PCDH15        0.1367945 0.1198459 0.1222024 0.1171690 0.1170346 0.1170997 0.1170997 0.1412067 0.1139625 0.7215854 0.1555818 0.5159373 0.1645861 0.1234611 0.1708828 0.1722606 0.1715951 0.1735942 0.7117735 0.1238979 0.7752172 0.1225277 0.1256237 0.1183391 0.1698792 0.1707949 0.1717565 0.8235966 0.1201698 0.0000000 0.1489410 0.1439535 0.1413290 0.1661089 0.1715976 0.1585381 0.1599150 0.1705688 0.1734842 0.4104923 0.1696746 0.1699124 0.8659438 0.1248642 0.1194515 0.1193613 0.1287350 0.1218019 0.1202695 0.1299822 0.1185696 0.1193340 0.1206768 0.7031188 0.1203127 0.1222372 0.1186332 0.8284408 0.1569976 0.7328232 0.1722622 0.1702892 0.7439498 0.1414700 0.1364488 0.1705438 0.1441513 0.1452526 0.1697206 0.1226460 0.1420824 0.7203118 0.1467939 0.1705871 0.1707293 0.1715410 0.1688066 0.1750788 0.1745132 0.1698739 0.1763352 0.1682612 0.1647935 0.1742107 0.1695731 0.1725437 0.7387288 0.1735023 0.1119511 0.7338926 0.1224248 
Igeo_PCDH15         0.0799866 0.0707739 0.0706703 0.0669336 0.0694659 0.0670441 0.0670441 0.0740892 0.0706596 0.1996384 0.0525952 0.2084519 0.0510996 0.0742409 0.0513443 0.0535668 0.0501237 0.0501695 0.0547793 0.0766591 0.2248135 0.0763332 0.0766765 0.0727431 0.0536302 0.0524572 0.0525051 0.0513173 0.0691284 0.1489410 0.0000000 0.0789111 0.0828178 0.0501066 0.0525434 0.0524649 0.0501420 0.0449304 0.0512929 0.0513147 0.0489758 0.0489758 0.0428386 0.0733649 0.0704473 0.0715505 0.0743206 0.0750307 0.0738925 0.0761330 0.0726988 0.0727322 0.0727463 0.0487545 0.0750972 0.0739045 0.0726808 0.0547478 0.0573891 0.2034511 0.0584696 0.0549157 0.0488824 0.0332328 0.0701891 0.0524952 0.0499829 0.0510320 0.0524898 0.0679461 0.0511259 0.0572207 0.0520172 0.0548906 0.0536905 0.0536765 0.0524871 0.0548437 0.0535698 0.0489564 0.0535183 0.0524657 0.0585343 0.0560107 0.0476323 0.0512808 0.2079025 0.0512924 0.0691049 0.0512924 0.0708919 
Kbre_PCDH15         0.0737595 0.0675277 0.0593929 0.0626046 0.0671427 0.0671590 0.0671590 0.0730764 0.0717809 0.1962481 0.0783604 0.1991269 0.0808853 0.0748109 0.0854154 0.0827646 0.0861720 0.0873239 0.0797886 0.0715964 0.2206008 0.0719448 0.0748972 0.0663141 0.0861027 0.0869496 0.0853270 0.0853304 0.0608285 0.1439535 0.0789111 0.0000000 0.0209336 0.0852970 0.0861822 0.0846212 0.0795447 0.0764343 0.0861986 0.0861948 0.0818965 0.0837325 0.0693282 0.0607984 0.0560897 0.0584378 0.0668063 0.0616272 0.0600463 0.0654054 0.0592435 0.0584240 0.0599018 0.0756144 0.0616475 0.0609916 0.0576366 0.1199060 0.0816191 0.2100560 0.0947517 0.0881267 0.0859955 0.0619954 0.0447783 0.0827312 0.0681495 0.0731017 0.0826884 0.0461995 0.0762955 0.0832947 0.0726561 0.0862953 0.0853686 0.0877932 0.0862580 0.0886974 0.0843607 0.0837496 0.0813518 0.0829246 0.0805917 0.0869995 0.0826740 0.0853384 0.1943755 0.0879179 0.0568242 0.0861729 0.0558846 
Ksim_PCDH15         0.0718574 0.0744430 0.0650406 0.0621448 0.0645080 0.0691141 0.0691141 0.0737800 0.0724435 0.1912820 0.0788481 0.1983418 0.0826200 0.0756540 0.0874151 0.0859076 0.0882507 0.0896055 0.0792770 0.0684478 0.2132420 0.0719275 0.0720778 0.0657445 0.0872735 0.0872792 0.0873150 0.0873189 0.0636950 0.1413290 0.0828178 0.0209336 0.0000000 0.0873229 0.0882620 0.0847677 0.0821698 0.0797181 0.0882809 0.0882765 0.0835698 0.0855523 0.0695791 0.0672018 0.0575815 0.0601726 0.0686108 0.0627638 0.0601376 0.0713648 0.0610202 0.0592791 0.0608658 0.0774018 0.0636740 0.0629540 0.0592469 0.1257180 0.0822536 0.2014958 0.0959950 0.0905702 0.0844133 0.0646054 0.0460351 0.0844959 0.0759642 0.0738013 0.0844473 0.0476316 0.0783823 0.0850088 0.0756300 0.0885036 0.0874258 0.0900444 0.0884136 0.0910476 0.0907245 0.0874934 0.0852156 0.0846579 0.0858468 0.0882546 0.0843754 0.0873277 0.1964558 0.0901857 0.0619539 0.0882518 0.0642905 
Lacu_PCDH15         0.0905400 0.0749044 0.0725686 0.0776515 0.0768496 0.0784859 0.0784859 0.0882569 0.0756505 0.2249161 0.0133922 0.2312827 0.0080525 0.0862703 0.0082621 0.0077868 0.0090096 0.0100706 0.0392307 0.0852534 0.2483650 0.0870847 0.0869517 0.0827012 0.0082573 0.0090134 0.0082621 0.0090164 0.0717181 0.1661089 0.0501066 0.0852970 0.0873229 0.0000000 0.0090124 0.0125542 0.0085391 0.0053030 0.0082584 0.0120360 0.0077219 0.0075067 0.0579360 0.0816430 0.0726733 0.0750740 0.0819683 0.0766421 0.0750828 0.0832884 0.0742171 0.0734264 0.0746498 0.0352750 0.0766674 0.0768551 0.0750236 0.0716519 0.0402043 0.2344769 0.0158422 0.0103871 0.0143447 0.0471368 0.0832473 0.0085010 0.0336279 0.0326493 0.0069486 0.0789954 0.0328293 0.0473556 0.0337037 0.0092823 0.0092884 0.0097694 0.0077284 0.0112819 0.0081378 0.0077229 0.0084256 0.0097811 0.0121000 0.0112820 0.0082721 0.0082556 0.2177558 0.0097734 0.0692915 0.0090091 0.0744790 
Lalb_PCDH15         0.0912709 0.0738458 0.0716737 0.0769990 0.0768980 0.0769049 0.0769049 0.0890330 0.0748341 0.2224050 0.0122933 0.2302676 0.0088697 0.0854288 0.0051537 0.0069230 0.0058879 0.0075936 0.0408214 0.0844560 0.2473736 0.0871404 0.0861216 0.0802924 0.0066270 0.0073678 0.0066307 0.0073701 0.0719772 0.1715976 0.0525434 0.0861822 0.0882620 0.0090124 0.0000000 0.0107708 0.0075318 0.0069263 0.0081100 0.0118260 0.0083389 0.0073713 0.0566412 0.0817893 0.0721153 0.0728796 0.0812603 0.0760677 0.0745360 0.0814278 0.0736306 0.0728551 0.0740905 0.0369291 0.0760352 0.0762177 0.0744220 0.1129833 0.0437784 0.2342661 0.0170392 0.0101843 0.0155762 0.0481118 0.0833079 0.0075784 0.0327033 0.0344432 0.0060568 0.0790463 0.0345490 0.0504649 0.0354282 0.0085105 0.0083494 0.0081087 0.0060609 0.0095902 0.0079441 0.0060597 0.0057740 0.0095998 0.0100082 0.0095902 0.0081232 0.0066288 0.2206830 0.0081119 0.0687437 0.0073644 0.0729880 
Laus_PCDH15         0.0875235 0.0772347 0.0672771 0.0735180 0.0741736 0.0741811 0.0741811 0.0843495 0.0784001 0.2032540 0.0089899 0.2125650 0.0041478 0.0821319 0.0107743 0.0127481 0.0115395 0.0135128 0.0424915 0.0812116 0.2297684 0.0856236 0.0846398 0.0776723 0.0099967 0.0115456 0.0107735 0.0107739 0.0674611 0.1585381 0.0524649 0.0846212 0.0847677 0.0125542 0.0107708 0.0000000 0.0075242 0.0118403 0.0130975 0.0092197 0.0071037 0.0061332 0.0524320 0.0738768 0.0684258 0.0692207 0.0776811 0.0716368 0.0700464 0.0781789 0.0700014 0.0691966 0.0684962 0.0384367 0.0724950 0.0718398 0.0699895 0.0781232 0.0415546 0.2154244 0.0185534 0.0130626 0.0162231 0.0478153 0.0759259 0.0126868 0.0388895 0.0376601 0.0110898 0.0728930 0.0378974 0.0442341 0.0388167 0.0137753 0.0134900 0.0130953 0.0110881 0.0138700 0.0125970 0.0118821 0.0121251 0.0146623 0.0155208 0.0146471 0.0131200 0.0123185 0.2033108 0.0131006 0.0649411 0.0115391 0.0688087 
Lbor_PCDH15         0.0827741 0.0732947 0.0655697 0.0684046 0.0690064 0.0689991 0.0689991 0.0793086 0.0724537 0.1984520 0.0069197 0.2061018 0.0035185 0.0728010 0.0066946 0.0084199 0.0075284 0.0095349 0.0393843 0.0758087 0.2258614 0.0802207 0.0795187 0.0736582 0.0083695 0.0075290 0.0075338 0.0075341 0.0637826 0.1599150 0.0501420 0.0795447 0.0821698 0.0085391 0.0075318 0.0075242 0.0000000 0.0084320 0.0083730 0.0050092 0.0033353 0.0025005 0.0552974 0.0716855 0.0647708 0.0665264 0.0711694 0.0682625 0.0665325 0.0729107 0.0655838 0.0656104 0.0652712 0.0349835 0.0673959 0.0675668 0.0655720 0.0780828 0.0377531 0.2105484 0.0108977 0.0075290 0.0100670 0.0461061 0.0710576 0.0092158 0.0351326 0.0358657 0.0075323 0.0692280 0.0339329 0.0430116 0.0360709 0.0094173 0.0092196 0.0083747 0.0075321 0.0100550 0.0052265 0.0083701 0.0077727 0.0075298 0.0094121 0.0108991 0.0092335 0.0083719 0.2012470 0.0083686 0.0601010 0.0075280 0.0659649 
Lhos30470_PCDH15    0.0856955 0.0694470 0.0679799 0.0735335 0.0734109 0.0734023 0.0734023 0.0820876 0.0678909 0.2128108 0.0118584 0.2189537 0.0083634 0.0792570 0.0034549 0.0018646 0.0043168 0.0043182 0.0362572 0.0774575 0.2447831 0.0801927 0.0784462 0.0763969 0.0034531 0.0051849 0.0043205 0.0051868 0.0677886 0.1705688 0.0449304 0.0764343 0.0797181 0.0053030 0.0069263 0.0118403 0.0084320 0.0000000 0.0025882 0.0112788 0.0077917 0.0069248 0.0517989 0.0757180 0.0669611 0.0669029 0.0706437 0.0696270 0.0687832 0.0751437 0.0668468 0.0678281 0.0672268 0.0335323 0.0705994 0.0698237 0.0687226 0.1204773 0.0380425 0.2201359 0.0139117 0.0113198 0.0121651 0.0417601 0.0744040 0.0051867 0.0292753 0.0294993 0.0034539 0.0716857 0.0273061 0.0474727 0.0293190 0.0053088 0.0051939 0.0051858 0.0034538 0.0069206 0.0045053 0.0034511 0.0046002 0.0034527 0.0051114 0.0060522 0.0017243 0.0034519 0.2211562 0.0034524 0.0640597 0.0043166 0.0684003 
Lhos452_PCDH15      0.0929591 0.0761868 0.0726635 0.0786626 0.0785932 0.0786009 0.0786009 0.0907201 0.0775187 0.2252933 0.0139507 0.2314160 0.0088720 0.0871650 0.0029385 0.0025876 0.0036716 0.0053040 0.0423661 0.0861389 0.2505945 0.0889139 0.0878089 0.0836555 0.0058851 0.0066248 0.0058884 0.0066269 0.0736247 0.1734842 0.0512929 0.0861986 0.0882809 0.0082584 0.0081100 0.0130975 0.0083730 0.0025882 0.0000000 0.0125663 0.0083408 0.0081148 0.0575382 0.0839016 0.0737662 0.0745313 0.0830398 0.0776671 0.0761349 0.0814831 0.0752830 0.0745063 0.0749192 0.0384665 0.0776923 0.0778796 0.0760759 0.1128955 0.0428405 0.2354240 0.0148090 0.0093990 0.0148207 0.0471444 0.0849810 0.0060534 0.0326587 0.0352062 0.0045356 0.0807916 0.0345160 0.0503831 0.0362306 0.0038554 0.0037816 0.0058870 0.0045396 0.0058859 0.0029680 0.0030214 0.0032916 0.0058918 0.0063483 0.0058859 0.0029426 0.0029362 0.2229425 0.0036744 0.0703828 0.0036714 0.0730305 
Lobl_PCDH15         0.3172520 0.0772275 0.0754976 0.0802432 0.0802045 0.0802124 0.0802124 0.3203183 0.0783629 0.8192201 0.0106388 0.5890253 0.0064395 0.0888023 0.0110799 0.0112740 0.0118143 0.0137146 0.5709424 0.0860870 0.8554047 0.0905841 0.0893995 0.0836890 0.0110737 0.0118191 0.0110800 0.6050037 0.0735826 0.4104923 0.0513147 0.0861948 0.0882765 0.0120360 0.0118260 0.0092197 0.0050092 0.0112788 0.0125663 0.0000000 0.0052960 0.0058903 0.7819258 0.0817202 0.0737243 0.0728891 0.0821339 0.0760187 0.0744875 0.0813991 0.0752393 0.0744638 0.0731751 0.5631380 0.0776474 0.0778345 0.0744319 0.6862152 0.0454748 0.8380781 0.0185353 0.0125498 0.5343909 0.0498449 0.3032008 0.0121578 0.0376297 0.0376347 0.0106278 0.0798379 0.0370465 0.5757512 0.0387891 0.0131889 0.0121729 0.0125642 0.0098670 0.0140398 0.0089411 0.0113903 0.0115796 0.0140667 0.0136752 0.0140527 0.0125870 0.0125621 0.8285476 0.0125691 0.0703441 0.5166049 0.0738560 
Lobs_PCDH15         0.0898093 0.0733202 0.0716984 0.0758951 0.0758361 0.0758288 0.0758288 0.0874957 0.0745237 0.2172516 0.0081662 0.2242672 0.0032118 0.0845998 0.0075812 0.0077878 0.0083363 0.0101745 0.0396182 0.0818708 0.2418348 0.0862651 0.0852612 0.0810028 0.0075769 0.0083398 0.0075813 0.0083425 0.0691551 0.1696746 0.0489758 0.0818965 0.0835698 0.0077219 0.0083389 0.0071037 0.0033353 0.0077917 0.0083408 0.0052960 0.0000000 0.0022645 0.0585990 0.0783054 0.0692910 0.0708889 0.0776269 0.0732928 0.0717195 0.0783591 0.0708497 0.0700527 0.0710448 0.0356223 0.0733173 0.0734988 0.0716626 0.1129407 0.0415951 0.2274911 0.0136837 0.0093870 0.0129501 0.0480866 0.0790855 0.0083424 0.0363774 0.0338267 0.0068189 0.0745044 0.0330044 0.0494745 0.0348083 0.0092908 0.0091152 0.0091028 0.0070165 0.0106280 0.0059490 0.0085800 0.0082543 0.0075771 0.0109252 0.0106281 0.0091193 0.0091012 0.2154319 0.0083369 0.0658382 0.0083358 0.0711393 
LperAUS_PCDH15      0.0905116 0.0726458 0.0688352 0.0762366 0.0761206 0.0761277 0.0761277 0.0882718 0.0748673 0.2180955 0.0073486 0.2259279 0.0024085 0.0846418 0.0066346 0.0069215 0.0073691 0.0091242 0.0400706 0.0820562 0.2410834 0.0863382 0.0853573 0.0811456 0.0066309 0.0073722 0.0066346 0.0073745 0.0679798 0.1699124 0.0489758 0.0837325 0.0855523 0.0075067 0.0073713 0.0061332 0.0025005 0.0069248 0.0081148 0.0058903 0.0022645 0.0000000 0.0566316 0.0764158 0.0681094 0.0688734 0.0769629 0.0719984 0.0704690 0.0763287 0.0696248 0.0688503 0.0698149 0.0361799 0.0720217 0.0721951 0.0704147 0.1121947 0.0429084 0.2270419 0.0140591 0.0086036 0.0125939 0.0472219 0.0809191 0.0060589 0.0351585 0.0344558 0.0060604 0.0765489 0.0345326 0.0496654 0.0354418 0.0085157 0.0083544 0.0081135 0.0060598 0.0095958 0.0059505 0.0075784 0.0074278 0.0096054 0.0100131 0.0095959 0.0081280 0.0081121 0.2181480 0.0081167 0.0663789 0.0073687 0.0684377 
