Supplemental results for CODEML (seqf: /home/leticiamagpali/phd/evol_models/codeml/small_dataset/cml_align/CALML6_codon_aligned.phy  treef: /home/leticiamagpali/phd/evol_models/codeml/small_dataset/cml_trees/gene_trees/H1c_gene_trees/CALML6_tree_H1c.tre)

I	J	ij	2Ns_IJ	pMut_IJ	pSub_IJ	2Ns_JI	pMut_JI	pSub_JI

TTC	TTT	CT	-0.01997	0.09863	0.09764	0.01997	0.09668	0.09764
TTA	TTT	AT	10.39143	0.00000	0.00000	-10.39143	0.02295	0.00001
TTA	TTC	AC	10.41139	0.00000	0.00000	-10.41139	0.08567	0.00003
TTG	TTT	GT	2.36533	0.00080	0.00208	-2.36533	0.00850	0.00208
TTG	TTC	GC	2.38530	0.00292	0.00767	-2.38530	0.03173	0.00767
TTG	TTA	GA	-8.02609	0.01350	0.00004	8.02609	0.00000	0.00000
TCT	TTT	CT	1.08761	0.03258	0.05345	-1.08761	0.09668	0.05345
TCC	TTC	CT	1.38110	0.09070	0.16731	-1.38110	0.36092	0.16731
TCC	TCT	CT	0.27352	0.09070	0.10367	-0.27352	0.11923	0.10367
TCA	TTA	CT	-4.34912	0.00088	0.00005	4.34912	0.00000	0.00000
TCA	TCT	AT	4.95469	0.00020	0.00100	-4.95469	0.02830	0.00100
TCA	TCC	AC	4.68117	0.00073	0.00345	-4.68117	0.07879	0.00345
TCG	TTG	CT	2.68363	0.00088	0.00254	-2.68363	0.01289	0.00254
TCG	TCT	GT	3.96135	0.00020	0.00081	-3.96135	0.01048	0.00081
TCG	TCC	GC	3.68782	0.00073	0.00276	-3.68782	0.02918	0.00276
TCG	TCA	GA	-0.99334	0.00338	0.00197	0.99334	0.00125	0.00197
TAT	TTT	AT	10.39143	0.00000	0.00000	-10.39143	0.02295	0.00001
TAT	TCT	AC	9.30381	0.00000	0.00000	-9.30381	0.02830	0.00002
TAC	TTC	AT	1.66782	0.01616	0.03323	-1.66782	0.08567	0.03323
TAC	TCC	AC	0.28672	0.05915	0.06803	-0.28672	0.07879	0.06803
TAC	TAT	CT	-8.74357	0.07133	0.00010	8.74357	0.00000	0.00000
TGT	TTT	GT	1.18668	0.00259	0.00443	-1.18668	0.00850	0.00443
TGT	TCT	GC	0.09906	0.00949	0.00997	-0.09906	0.01048	0.00997
TGT	TAT	GA	-9.20475	0.04388	0.00004	9.20475	0.00000	0.00000
TGC	TTC	GT	1.43134	0.00758	0.01426	-1.43134	0.03173	0.01426
TGC	TCC	GC	0.05024	0.02775	0.02845	-0.05024	0.02918	0.02845
TGC	TAC	GA	-0.23648	0.12828	0.11371	0.23648	0.10126	0.11371
TGC	TGT	CT	0.22470	0.03346	0.03736	-0.22470	0.04189	0.03736
TGG	TTG	GT	-2.55374	0.01457	0.00314	2.55374	0.00113	0.00314
TGG	TCG	GC	-5.23736	0.05331	0.00149	5.23736	0.00028	0.00149
TGG	TGT	GT	-1.37508	0.01457	0.00678	1.37508	0.00368	0.00678
TGG	TGC	GC	-1.59978	0.05331	0.02158	1.59978	0.01076	0.02158
CTT	TTT	CT	10.34499	0.00000	0.00000	-10.34499	0.09668	0.00003
CTC	TTC	CT	1.24515	0.10391	0.18169	-1.24515	0.36092	0.18169
CTC	CTT	CT	-9.11981	0.10391	0.00010	9.11981	0.00000	0.00000
CTA	TTA	CT	-5.04227	0.00176	0.00006	5.04227	0.00000	0.00000
CTA	CTT	AT	-4.99583	0.00040	0.00001	4.99583	0.00000	0.00000
CTA	CTC	AC	4.12397	0.00146	0.00612	-4.12397	0.09026	0.00612
CTG	TTG	CT	-2.67296	0.18669	0.03701	2.67296	0.01289	0.03701
CTG	CTT	GT	-10.65261	0.04230	0.00001	10.65261	0.00000	0.00000
CTG	CTC	GC	-1.53281	0.15481	0.06535	1.53281	0.03343	0.06535
CTG	CTA	GA	-5.65678	0.71565	0.01419	5.65678	0.00250	0.01419
CCT	TCT	CT	0.28328	0.08982	0.10314	-0.28328	0.11923	0.10314
CCT	CTT	CT	-8.97410	0.08982	0.00010	8.97410	0.00000	0.00000
CCC	TCC	CT	1.16138	0.10391	0.17567	-1.16138	0.33192	0.17567
CCC	CTC	CT	1.29733	0.10391	0.18549	-1.29733	0.38026	0.18549
CCC	CCT	CT	1.15162	0.10391	0.17498	-1.15162	0.32870	0.17498
CCA	TCA	CT	-2.22903	0.02994	0.00805	2.22903	0.00322	0.00805
CCA	CTA	CT	-1.53588	0.02994	0.01261	1.53588	0.00645	0.01261
CCA	CCT	AT	2.44238	0.00678	0.01815	-2.44238	0.07802	0.01815
CCA	CCC	AC	1.29076	0.02483	0.04421	-1.29076	0.09026	0.04421
CCG	TCG	CT	-1.41072	0.01321	0.00601	1.41072	0.00322	0.00601
CCG	CTG	CT	3.94587	0.01321	0.05315	-3.94587	0.68318	0.05315
CCG	CCT	GT	2.26735	0.00299	0.00757	-2.26735	0.02890	0.00757
CCG	CCC	GC	1.11573	0.01095	0.01818	-1.11573	0.03343	0.01818
CCG	CCA	GA	-0.17503	0.05064	0.04633	0.17503	0.04251	0.04633
CAT	TAT	CT	-6.65171	0.00881	0.00008	6.65171	0.00000	0.00000
CAT	CTT	AT	-6.60527	0.00200	0.00002	6.60527	0.00000	0.00000
CAT	CCT	AC	2.36882	0.00730	0.01908	-2.36882	0.07802	0.01908
CAC	TAC	CT	1.95411	0.03698	0.08420	-1.95411	0.26103	0.08420
CAC	CTC	AT	2.37679	0.00838	0.02196	-2.37679	0.09026	0.02196
CAC	CCC	AC	1.07945	0.03067	0.05014	-1.07945	0.09026	0.05014
CAC	CAT	CT	-0.13775	0.03698	0.03450	0.13775	0.03223	0.03450
CAA	CTA	AT	-0.16031	0.00180	0.00166	0.16031	0.00153	0.00166
CAA	CCA	AC	1.37557	0.00657	0.01210	-1.37557	0.02601	0.01210
CAA	CAT	AT	1.44913	0.00180	0.00340	-1.44913	0.00765	0.00340
CAA	CAC	AC	1.58688	0.00657	0.01311	-1.58688	0.03213	0.01311
CAG	CTG	AT	2.17857	0.01836	0.04510	-2.17857	0.16217	0.04510
CAG	CCG	AC	-1.76730	0.06718	0.02445	1.76730	0.01147	0.02445
CAG	CAT	GT	-1.86877	0.01836	0.00626	1.86877	0.00283	0.00626
CAG	CAC	GC	-1.73102	0.06718	0.02503	1.73102	0.01190	0.02503
CAG	CAA	GA	-3.31791	0.31057	0.03873	3.31791	0.01125	0.03873
CGT	TGT	CT	2.47599	0.00352	0.00952	-2.47599	0.04189	0.00952
CGT	CTT	GT	-6.68232	0.00080	0.00001	6.68232	0.00000	0.00000
CGT	CCT	GC	2.29177	0.00292	0.00745	-2.29177	0.02890	0.00745
CGT	CAT	GA	-0.07705	0.01350	0.01299	0.07705	0.01250	0.01299
CGC	TGC	CT	1.50093	0.02730	0.05273	-1.50093	0.12246	0.05273
CGC	CTC	GT	1.68713	0.00619	0.01281	-1.68713	0.03343	0.01281
CGC	CCC	GC	0.38979	0.02264	0.02734	-0.38979	0.03343	0.02734
CGC	CAC	GA	-0.68966	0.10465	0.07268	0.68966	0.05251	0.07268
CGC	CGT	CT	-0.75036	0.02730	0.01833	0.75036	0.01289	0.01833
CGA	CTA	GT	-1.59548	0.00279	0.00113	1.59548	0.00057	0.00113
CGA	CCA	GC	-0.05960	0.01022	0.00992	0.05960	0.00963	0.00992
CGA	CAA	GA	-1.43518	0.04726	0.02119	1.43518	0.01125	0.02119
CGA	CGT	AT	0.09101	0.00279	0.00292	-0.09101	0.00306	0.00292
CGA	CGC	AC	0.84137	0.01022	0.01512	-0.84137	0.02371	0.01512
CGG	TGG	CT	2.45230	0.02025	0.05435	-2.45230	0.23525	0.05435
CGG	CTG	GT	2.57152	0.00459	0.01278	-2.57152	0.06006	0.01278
CGG	CCG	GC	-1.37435	0.01680	0.00782	1.37435	0.00425	0.00782
CGG	CAG	GA	0.39295	0.07764	0.09389	-0.39295	0.11501	0.09389
CGG	CGT	GT	-1.39877	0.00459	0.00210	1.39877	0.00113	0.00210
CGG	CGC	GC	-0.64841	0.01680	0.01193	0.64841	0.00878	0.01193
CGG	CGA	GA	-1.48978	0.07764	0.03366	1.48978	0.01750	0.03366
ATT	TTT	AT	2.79906	0.00140	0.00416	-2.79906	0.02295	0.00416
ATT	CTT	AC	-7.54593	0.00511	0.00002	7.54593	0.00000	0.00000
ATC	TTC	AT	1.84276	0.01357	0.02971	-1.84276	0.08567	0.02971
ATC	CTC	AC	0.59761	0.04966	0.06596	-0.59761	0.09026	0.06596
ATC	ATT	CT	-0.97626	0.05988	0.03533	0.97626	0.02256	0.03533
ATA	TTA	AT	-5.68898	0.00080	0.00002	5.68898	0.00000	0.00000
ATA	CTA	AC	-0.64671	0.00292	0.00208	0.64671	0.00153	0.00208
ATA	ATT	AT	1.90339	0.00080	0.00179	-1.90339	0.00535	0.00179
ATA	ATC	AC	2.87965	0.00292	0.00891	-2.87965	0.05202	0.00891
ATG	TTG	AT	-2.38192	0.03312	0.00803	2.38192	0.00306	0.00803
ATG	CTG	AC	0.29104	0.12122	0.13971	-0.29104	0.16217	0.13971
ATG	ATT	GT	-2.81565	0.03312	0.00594	2.81565	0.00198	0.00594
ATG	ATC	GC	-1.83939	0.12122	0.04213	1.83939	0.01926	0.04213
ATG	ATA	GA	-4.71904	0.56037	0.02381	4.71904	0.00500	0.02381
ACT	TCT	AT	2.24664	0.00299	0.00752	-2.24664	0.02830	0.00752
ACT	CCT	AC	1.96336	0.01095	0.02502	-1.96336	0.07802	0.02502
ACT	ATT	CT	0.53519	0.01321	0.01706	-0.53519	0.02256	0.01706
ACC	TCC	AT	2.08668	0.00978	0.02329	-2.08668	0.07879	0.02329
ACC	CCC	AC	0.92530	0.03578	0.05485	-0.92530	0.09026	0.05485
ACC	ATC	CT	1.62502	0.04315	0.08731	-1.62502	0.21913	0.08731
ACC	ACT	CT	0.11356	0.04315	0.04565	-0.11356	0.04834	0.04565
ACA	TCA	AT	0.65062	0.00040	0.00054	-0.65062	0.00076	0.00054
ACA	CCA	AC	2.87965	0.00146	0.00446	-2.87965	0.02601	0.00446
ACA	ATA	CT	1.99048	0.00176	0.00406	-1.99048	0.01289	0.00406
ACA	ACT	AT	3.35867	0.00040	0.00139	-3.35867	0.01147	0.00139
ACA	ACC	AC	3.24511	0.00146	0.00493	-3.24511	0.03748	0.00493
ACG	TCG	AT	-2.90472	0.01397	0.00235	2.90472	0.00076	0.00235
ACG	CCG	AC	-1.49401	0.05112	0.02210	1.49401	0.01147	0.02210
ACG	ATG	CT	2.16083	0.06164	0.15054	-2.16083	0.53494	0.15054
ACG	ACT	GT	-1.19002	0.01397	0.00727	1.19002	0.00425	0.00727
ACG	ACC	GC	-1.30358	0.05112	0.02484	1.30358	0.01388	0.02484
ACG	ACA	GA	-4.54869	0.23630	0.01149	4.54869	0.00250	0.01149
AAT	TAT	AT	-6.78759	0.00239	0.00002	6.78759	0.00000	0.00000
AAT	CAT	AC	-0.13588	0.00876	0.00818	0.13588	0.00765	0.00818
AAT	ATT	AT	0.80477	0.00239	0.00349	-0.80477	0.00535	0.00349
AAT	ACT	AC	0.26958	0.00876	0.01000	-0.26958	0.01147	0.01000
AAC	TAC	AT	1.54857	0.01317	0.02590	-1.54857	0.06196	0.02590
AAC	CAC	AC	-0.40555	0.04820	0.03908	0.40555	0.03213	0.03908
AAC	ATC	AT	1.37362	0.01317	0.02422	-1.37362	0.05202	0.02422
AAC	ACC	AC	-0.25140	0.04820	0.04239	0.25140	0.03748	0.04239
AAC	AAT	CT	-0.40741	0.05812	0.04708	0.40741	0.03867	0.04708
AAA	CAA	AC	-0.52893	0.01168	0.00886	0.52893	0.00688	0.00886
AAA	ATA	AT	-0.04252	0.00319	0.00313	0.04252	0.00306	0.00313
AAA	ACA	AC	-2.03300	0.01168	0.00358	2.03300	0.00153	0.00358
AAA	AAT	AT	1.05609	0.00319	0.00517	-1.05609	0.00918	0.00517
AAA	AAC	AC	1.46350	0.01168	0.02225	-1.46350	0.05049	0.02225
AAG	CAG	AC	-0.72508	0.14532	0.09894	0.72508	0.07037	0.09894
AAG	ATG	AT	1.16245	0.03971	0.06716	-1.16245	0.12698	0.06716
AAG	ACG	AC	-0.99837	0.14532	0.08465	0.99837	0.05355	0.08465
AAG	AAT	GT	-2.45797	0.03971	0.00914	2.45797	0.00340	0.00914
AAG	AAC	GC	-2.05056	0.14532	0.04400	2.05056	0.01870	0.04400
AAG	AAA	GA	-3.51406	0.67177	0.07245	3.51406	0.02000	0.07245
AGT	TGT	AT	0.05857	0.00938	0.00966	-0.05857	0.00994	0.00966
AGT	CGT	AC	-2.41742	0.03432	0.00812	2.41742	0.00306	0.00812
AGT	ATT	GT	-1.55381	0.00938	0.00391	1.55381	0.00198	0.00391
AGT	ACT	GC	-2.08900	0.03432	0.01013	2.08900	0.00425	0.01013
AGT	AAT	GA	-2.35858	0.15866	0.03908	2.35858	0.01500	0.03908
AGC	TGC	AT	1.01107	0.01058	0.01681	-1.01107	0.02907	0.01681
AGC	CGC	AC	-0.48987	0.03870	0.02999	0.48987	0.02371	0.02999
AGC	ATC	GT	0.59964	0.01058	0.01406	-0.59964	0.01926	0.01406
AGC	ACC	GC	-1.02538	0.03870	0.02219	1.02538	0.01388	0.02219
AGC	AAC	GA	-0.77398	0.17891	0.11852	0.77398	0.08251	0.11852
AGC	AGT	CT	1.17719	0.04667	0.07941	-1.17719	0.15146	0.07941
AGA	CGA	AC	-0.14772	0.01241	0.01152	0.14772	0.01071	0.01152
AGA	ATA	GT	-1.09649	0.00339	0.00187	1.09649	0.00113	0.00187
AGA	ACA	GC	-3.08697	0.01241	0.00183	3.08697	0.00057	0.00183
AGA	AAA	GA	-1.05397	0.05739	0.03236	1.05397	0.02000	0.03236
AGA	AGT	AT	2.36071	0.00339	0.00884	-2.36071	0.03595	0.00884
AGA	AGC	AC	1.18352	0.01241	0.02118	-1.18352	0.04054	0.02118
AGG	TGG	AT	2.07888	0.00698	0.01659	-2.07888	0.05584	0.01659
AGG	CGG	AC	-0.37342	0.02556	0.02108	0.37342	0.01759	0.02108
AGG	ATG	GT	1.90707	0.00698	0.01564	-1.90707	0.04703	0.01564
AGG	ACG	GC	-0.25376	0.02556	0.02245	0.25376	0.01983	0.02245
AGG	AAG	GA	0.74461	0.11815	0.16755	-0.74461	0.24878	0.16755
AGG	AGT	GT	0.64523	0.00698	0.00948	-0.64523	0.01331	0.00948
AGG	AGC	GC	-0.53196	0.02556	0.01936	0.53196	0.01501	0.01936
AGG	AGA	GA	-1.71548	0.11815	0.04445	1.71548	0.02125	0.04445
GTT	TTT	GT	9.39808	0.00000	0.00000	-9.39808	0.00850	0.00001
GTT	CTT	GC	-0.94691	0.00000	0.00000	0.94691	0.00000	0.00000
GTT	ATT	GA	6.59902	0.00000	0.00000	-6.59902	0.00875	0.00008
GTC	TTC	GT	1.54257	0.00678	0.01331	-1.54257	0.03173	0.01331
GTC	CTC	GC	0.29742	0.02483	0.02870	-0.29742	0.03343	0.02870
GTC	ATC	GA	-0.30020	0.11477	0.09841	0.30020	0.08501	0.09841
GTC	GTT	CT	-7.87548	0.02994	0.00009	7.87548	0.00000	0.00000
GTA	TTA	GT	0.35043	0.00000	0.00000	-0.35043	0.00000	0.00000
GTA	CTA	GC	5.39270	0.00000	0.00000	-5.39270	0.00057	0.00001
GTA	ATA	GA	6.03941	0.00000	0.00000	-6.03941	0.00500	0.00007
GTA	GTT	AT	1.34377	0.00000	0.00000	-1.34377	0.00000	0.00000
GTA	GTC	AC	9.21926	0.00000	0.00000	-9.21926	0.02601	0.00002
GTG	TTG	GT	-3.03396	0.02355	0.00361	3.03396	0.00113	0.00361
GTG	CTG	GC	-0.36100	0.08617	0.07155	0.36100	0.06006	0.07155
GTG	ATG	GA	-0.65204	0.39833	0.28248	0.65204	0.20753	0.28248
GTG	GTT	GT	-10.06671	0.02355	0.00001	10.06671	0.00000	0.00000
GTG	GTC	GC	-2.19123	0.08617	0.02376	2.19123	0.00963	0.02376
GTG	GTA	GA	-11.41048	0.39833	0.00005	11.41048	0.00000	0.00000
GCT	TCT	GT	0.52736	0.00619	0.00796	-0.52736	0.01048	0.00796
GCT	CCT	GC	0.24408	0.02264	0.02551	-0.24408	0.02890	0.02551
GCT	ACT	GA	-1.71928	0.10465	0.03928	1.71928	0.01875	0.03928
GCT	GTT	CT	-7.78311	0.02730	0.00009	7.78311	0.00000	0.00000
GCC	TCC	GT	-0.20223	0.03572	0.03223	0.20223	0.02918	0.03223
GCC	CCC	GC	-1.36361	0.13071	0.06124	1.36361	0.03343	0.06124
GCC	ACC	GA	-2.28891	0.60425	0.15603	2.28891	0.06126	0.15603
GCC	GTC	CT	-0.36369	0.15763	0.13070	0.36369	0.10957	0.13070
GCC	GCT	CT	-0.45606	0.15763	0.12440	0.45606	0.09990	0.12440
GCA	TCA	GT	-0.34272	0.00040	0.00033	0.34272	0.00028	0.00033
GCA	CCA	GC	1.88631	0.00146	0.00325	-1.88631	0.00963	0.00325
GCA	ACA	GA	-0.99334	0.00675	0.00394	0.99334	0.00250	0.00394
GCA	GTA	CT	-5.04227	0.00176	0.00006	5.04227	0.00000	0.00000
GCA	GCT	AT	4.08461	0.00040	0.00166	-4.08461	0.02371	0.00166
GCA	GCC	AC	4.54068	0.00146	0.00670	-4.54068	0.13692	0.00670
GCG	TCG	GT	-4.34092	0.02175	0.00125	4.34092	0.00028	0.00125
GCG	CCG	GC	-2.93020	0.07960	0.01315	2.93020	0.00425	0.01315
GCG	ACG	GA	-1.43620	0.36795	0.16490	1.43620	0.08751	0.16490
GCG	GTG	CT	1.37667	0.09598	0.17675	-1.37667	0.38026	0.17675
GCG	GCT	GT	-0.90693	0.02175	0.01336	0.90693	0.00878	0.01336
GCG	GCC	GC	-0.45087	0.07960	0.06300	0.45087	0.05071	0.06300
GCG	GCA	GA	-4.99154	0.36795	0.01257	4.99154	0.00250	0.01257
GAT	TAT	GT	-8.18640	0.00359	0.00001	8.18640	0.00000	0.00000
GAT	CAT	GC	-1.53469	0.01314	0.00554	1.53469	0.00283	0.00554
GAT	AAT	GA	-1.39881	0.06076	0.02786	1.39881	0.01500	0.02786
GAT	GTT	AT	-7.19306	0.00359	0.00002	7.19306	0.00000	0.00000
GAT	GCT	AC	0.59005	0.01314	0.01740	-0.59005	0.02371	0.01740
GAC	TAC	GT	-0.45913	0.03632	0.02862	0.45913	0.02295	0.02862
GAC	CAC	GC	-2.41324	0.13290	0.03154	2.41324	0.01190	0.03154
GAC	AAC	GA	-2.00769	0.61438	0.19135	2.00769	0.08251	0.19135
GAC	GTC	AT	-0.33387	0.03632	0.03059	0.33387	0.02601	0.03059
GAC	GCC	AC	0.02982	0.13290	0.13489	-0.02982	0.13692	0.13489
GAC	GAT	CT	-1.01630	0.16027	0.09239	1.01630	0.05801	0.09239
GAA	CAA	GC	-1.74541	0.01460	0.00539	1.74541	0.00255	0.00539
GAA	AAA	GA	-1.21649	0.06751	0.03458	1.21649	0.02000	0.03458
GAA	GTA	AT	-7.29842	0.00399	0.00002	7.29842	0.00000	0.00000
GAA	GCA	AC	-2.25615	0.01460	0.00386	2.25615	0.00153	0.00386
GAA	GAT	AT	1.23841	0.00399	0.00696	-1.23841	0.01377	0.00696
GAA	GAC	AC	2.25471	0.01460	0.03679	-2.25471	0.13922	0.03679
GAG	CAG	GC	-2.30565	0.26142	0.06674	2.30565	0.02606	0.06674
GAG	AAG	GA	-1.58057	1.20851	0.49514	1.58057	0.24878	0.49514
GAG	GTG	AT	0.23392	0.07144	0.08012	-0.23392	0.09026	0.08012
GAG	GCG	AC	-1.14275	0.26142	0.13990	1.14275	0.08338	0.13990
GAG	GAT	GT	-2.63973	0.07144	0.01450	2.63973	0.00510	0.01450
GAG	GAC	GC	-1.62343	0.26142	0.10426	1.62343	0.05156	0.10426
GAG	GAA	GA	-3.87814	1.20851	0.09901	3.87814	0.02500	0.09901
GGT	TGT	GT	0.08216	0.00339	0.00353	-0.08216	0.00368	0.00353
GGT	CGT	GC	-2.39382	0.01241	0.00299	2.39382	0.00113	0.00299
GGT	AGT	GA	0.02359	0.05739	0.05807	-0.02359	0.05876	0.05807
GGT	GTT	GT	-8.12924	0.00339	0.00001	8.12924	0.00000	0.00000
GGT	GCT	GC	-0.34613	0.01241	0.01039	0.34613	0.00878	0.01039
GGT	GAT	GA	-0.93618	0.05739	0.03466	0.93618	0.02250	0.03466
GGC	TGC	GT	-0.92464	0.02714	0.01650	0.92464	0.01076	0.01650
GGC	CGC	GC	-2.42557	0.09931	0.02337	2.42557	0.00878	0.02337
GGC	AGC	GA	-1.93571	0.45910	0.14989	1.93571	0.06626	0.14989
GGC	GTC	GT	-1.03587	0.02714	0.01547	1.03587	0.00963	0.01547
GGC	GCC	GC	-0.67217	0.09931	0.06965	0.67217	0.05071	0.06965
GGC	GAC	GA	-0.70199	0.45910	0.31666	0.70199	0.22753	0.31666
GGC	GGT	CT	-0.78211	0.11976	0.07897	0.78211	0.05478	0.07897
GGA	CGA	GC	-1.67514	0.02118	0.00817	1.67514	0.00397	0.00817
GGA	AGA	GA	-1.52743	0.09790	0.04146	1.52743	0.02125	0.04146
GGA	GTA	GT	-8.66332	0.00579	0.00001	8.66332	0.00000	0.00000
GGA	GCA	GC	-3.62105	0.02118	0.00211	3.62105	0.00057	0.00211
GGA	GAA	GA	-1.36491	0.09790	0.04583	1.36491	0.02500	0.04583
GGA	GGT	AT	0.80969	0.00579	0.00844	-0.80969	0.01300	0.00844
GGA	GGC	AC	1.59180	0.02118	0.04232	-1.59180	0.10403	0.04232
GGG	TGG	GT	-0.38299	0.03033	0.02489	0.38299	0.02068	0.02489
GGG	CGG	GC	-2.83529	0.11100	0.01963	2.83529	0.00652	0.01963
GGG	AGG	GA	-2.46188	0.51311	0.11776	2.46188	0.04376	0.11776
GGG	GTG	GT	0.09723	0.03033	0.03183	-0.09723	0.03343	0.03183
GGG	GCG	GC	-1.27944	0.11100	0.05473	1.27944	0.03088	0.05473
GGG	GAG	GA	-0.13669	0.51311	0.47884	0.13669	0.44755	0.47884
GGG	GGT	GT	-1.84024	0.03033	0.01054	1.84024	0.00482	0.01054
GGG	GGC	GC	-1.05813	0.11100	0.06244	1.05813	0.03853	0.06244
GGG	GGA	GA	-2.64993	0.51311	0.10338	2.64993	0.03625	0.10338


Histograms
2Ns	FMut	FSub(CodonUsage)	FSubw(after w)

-10.86713	0.02034	0.00001
-9.78042	0.00184	0.00000
-8.69370	0.01047	0.00002
-7.60699	0.00264	0.00001
-6.52028	0.00084	0.00001
-5.43356	0.03559	0.00146
-4.34685	0.09278	0.01030
-3.26014	0.04428	0.00925
-2.17343	0.21231	0.09543
-1.08671	0.29167	0.24797
0.00000	0.16832	0.27113
1.08671	0.09148	0.24797
2.17343	0.02406	0.09543
3.26014	0.00168	0.00925
4.34685	0.00153	0.01030
5.43356	0.00017	0.00145
6.52028	0.00000	0.00000
7.60699	0.00000	0.00000
8.69370	0.00000	0.00000
9.78042	0.00000	0.00000
10.86713	0.00000	0.00000

Proportion of advantageous (S > 0) mutations:
 0.19275

Proportions of good & bad mutations (|S| > 2.0000) among mutations:
0.01960  0.37121

mean |Ns| = 2.11764	mean Ns+ = 0.94792	mean Ns- = -2.39694


MLEs of dN/dS (w) for site classes (K=4)

site class             0        1       2a       2b
proportion       0.55521  0.20085  0.17914  0.06481
background w     0.11006  1.00000  0.11006  1.00000
foreground w     0.11006  1.00000  1.00000  1.00000

Naive Empirical Bayes (NEB) probabilities for 4 classes
(amino acids refer to 1st sequence: Egla)

   1 M   0.05750 0.60161 0.14678 0.19411 ( 2)
   2 V   0.07464 0.68384 0.02087 0.22065 ( 2)
   3 S   0.69085 0.08511 0.19658 0.02746 ( 1)
   4 L   0.33178 0.43269 0.09592 0.13961 ( 2)
   5 P   0.35385 0.41216 0.10100 0.13299 ( 2)
   6 W   0.25098 0.50784 0.07733 0.16386 ( 2)
   7 P   0.60275 0.15984 0.18583 0.05158 ( 1)
   8 H   0.72688 0.06291 0.18991 0.02030 ( 1)
   9 W   0.60320 0.15950 0.18584 0.05146 ( 1)
  10 L   0.59694 0.16480 0.18508 0.05318 ( 1)
  11 S   0.67184 0.10358 0.19117 0.03342 ( 1)
  12 S   0.69196 0.09332 0.18461 0.03011 ( 1)
  13 A   0.63871 0.13000 0.18934 0.04195 ( 1)
  14 A   0.63869 0.12998 0.18939 0.04194 ( 1)
  15 P   0.15075 0.34784 0.38918 0.11223 ( 3)
  16 L   0.59694 0.16480 0.18508 0.05318 ( 1)
  17 H   0.41099 0.36414 0.10738 0.11749 ( 1)
  18 S   0.67410 0.10181 0.19123 0.03285 ( 1)
  19 H   0.72688 0.06291 0.18991 0.02030 ( 1)
  20 M   0.30463 0.45719 0.09067 0.14752 ( 2)
  21 A   0.63871 0.13000 0.18934 0.04195 ( 1)
  22 G   0.30228 0.46164 0.08713 0.14895 ( 2)
  23 L   0.59694 0.16480 0.18508 0.05318 ( 1)
  24 P   0.66958 0.10532 0.19112 0.03398 ( 1)
  25 L   0.59694 0.16480 0.18508 0.05318 ( 1)
  26 P   0.60275 0.15984 0.18583 0.05158 ( 1)
  27 R   0.63055 0.13668 0.18866 0.04410 ( 1)
  28 A   0.32282 0.44297 0.09129 0.14293 ( 2)
  29 P   0.73324 0.05862 0.18922 0.01891 ( 1)
  30 S   0.67184 0.10358 0.19117 0.03342 ( 1)
  31 P   0.60516 0.15746 0.18657 0.05081 ( 1)
  32 L   0.62963 0.13257 0.19503 0.04277 ( 1)
  33 S   0.63537 0.13267 0.18915 0.04281 ( 1)
  34 G   0.30258 0.46135 0.08722 0.14886 ( 2)
  35 L   0.65959 0.11320 0.19069 0.03652 ( 1)
  36 A   0.67650 0.09994 0.19131 0.03225 ( 1)
  37 E   0.17187 0.28515 0.45097 0.09201 ( 3)
  38 P   0.65365 0.12060 0.18684 0.03891 ( 1)
  39 C   0.71022 0.07470 0.19098 0.02410 ( 1)
  40 S   0.67388 0.10203 0.19117 0.03292 ( 1)
  41 P   0.66958 0.10532 0.19112 0.03398 ( 1)
  42 L   0.29803 0.46558 0.08616 0.15022 ( 2)
  43 T   0.05089 0.61671 0.13341 0.19899 ( 2)
  44 T   0.72478 0.06439 0.19005 0.02078 ( 1)
  45 H   0.19107 0.22078 0.51692 0.07123 ( 3)
  46 P   0.31365 0.45123 0.08952 0.14559 ( 2)
  47 C   0.17699 0.29287 0.43564 0.09450 ( 3)
  48 A   0.64167 0.12706 0.19028 0.04100 ( 1)
  49 A   0.63869 0.12998 0.18939 0.04194 ( 1)
  50 W   0.60320 0.15950 0.18584 0.05146 ( 1)
  51 P   0.59513 0.16738 0.18348 0.05401 ( 1)
  52 Q   0.69331 0.09234 0.18455 0.02980 ( 1)
  53 A   0.62688 0.14155 0.18589 0.04567 ( 1)
  54 C   0.69230 0.09189 0.18616 0.02965 ( 1)
  55 S   0.65824 0.11721 0.18673 0.03782 ( 1)
  56 G   0.65551 0.11928 0.18672 0.03849 ( 1)
  57 L   0.59023 0.17146 0.18300 0.05532 ( 1)
  58 G   0.65551 0.11928 0.18672 0.03849 ( 1)
  59 P   0.62286 0.15175 0.17643 0.04896 ( 1)
  60 P   0.59500 0.16640 0.18491 0.05369 ( 1)
  61 A   0.63869 0.12998 0.18939 0.04194 ( 1)
  62 S   0.67184 0.10358 0.19117 0.03342 ( 1)
  63 P   0.66543 0.10936 0.18993 0.03528 ( 1)
  64 G   0.27695 0.48556 0.08082 0.15667 ( 2)
  65 L   0.59694 0.16480 0.18508 0.05318 ( 1)
  66 R   0.75908 0.04190 0.18550 0.01352 ( 1)
  67 G   0.70159 0.08096 0.19133 0.02612 ( 1)
  68 G   0.66332 0.10617 0.19626 0.03426 ( 1)
  69 G   0.68743 0.08828 0.19581 0.02848 ( 1)
  70 A   0.26255 0.49350 0.08471 0.15923 ( 2)
  71 P   0.62186 0.14641 0.18448 0.04724 ( 1)
  72 G   0.69701 0.07719 0.20090 0.02491 ( 1)
  73 E   0.06926 0.68838 0.02024 0.22211 ( 2)
  74 P   0.04408 0.71245 0.01359 0.22988 ( 2)
  75 G   0.70164 0.07447 0.19986 0.02403 ( 1)
  76 P   0.70513 0.07077 0.20126 0.02284 ( 1)
  77 V   0.00001 0.75604 0.00000 0.24394 ( 2)
  78 S   0.07522 0.68300 0.02140 0.22038 ( 2)
  79 P   0.62860 0.13310 0.19535 0.04295 ( 1)
  80 Q   0.00942 0.74686 0.00274 0.24098 ( 2)
  81 T   0.73564 0.04809 0.20076 0.01552 ( 1)
  82 E   0.68209 0.08966 0.19932 0.02893 ( 1)
  83 R   0.52361 0.25405 0.14037 0.08197 ( 1)
  84 L   0.61413 0.14778 0.19041 0.04768 ( 1)
  85 T   0.74328 0.04206 0.20108 0.01357 ( 1)
  86 A   0.71065 0.06682 0.20096 0.02156 ( 1)
  87 E   0.68906 0.08769 0.19496 0.02829 ( 1)
  88 Q   0.68516 0.08714 0.19958 0.02812 ( 1)
  89 I   0.22605 0.17091 0.54789 0.05515 ( 3)
  90 K   0.06620 0.69027 0.02080 0.22272 ( 2)
  91 E   0.34843 0.41565 0.10181 0.13411 ( 2)
  92 Y   0.69539 0.07887 0.20029 0.02545 ( 1)
  93 K   0.06132 0.58815 0.16076 0.18977 ( 2)
  94 G   0.70246 0.07275 0.20131 0.02347 ( 1)
  95 V   0.77440 0.02280 0.19545 0.00736 ( 1)
  96 S   0.26809 0.49152 0.08180 0.15859 ( 2)
  97 E   0.68209 0.08966 0.19932 0.02893 ( 1)
  98 M   0.69760 0.07692 0.20066 0.02482 ( 1)
  99 F   0.63555 0.12893 0.19392 0.04160 ( 1)
 100 D   0.72313 0.05823 0.19985 0.01879 ( 1)
 101 E   0.68313 0.08864 0.19962 0.02860 ( 1)
 102 E   0.35194 0.41221 0.10284 0.13300 ( 2)
 103 G   0.69580 0.07837 0.20055 0.02529 ( 1)
 104 N   0.75560 0.03407 0.19934 0.01099 ( 1)
 105 G   0.70588 0.07035 0.20107 0.02270 ( 1)
 106 A   0.71170 0.06581 0.20126 0.02123 ( 1)
 107 V   0.72020 0.05929 0.20138 0.01913 ( 1)
 108 K   0.42866 0.33976 0.12196 0.10962 ( 1)
 109 T   0.73661 0.04715 0.20102 0.01521 ( 1)
 110 D   0.70585 0.07038 0.20107 0.02271 ( 1)
 111 E   0.68313 0.08864 0.19962 0.02860 ( 1)
 112 L   0.61347 0.14844 0.19020 0.04789 ( 1)
 113 E   0.68313 0.08864 0.19962 0.02860 ( 1)
 114 R   0.76189 0.03023 0.19813 0.00975 ( 1)
 115 L   0.69309 0.08054 0.20038 0.02599 ( 1)
 116 M   0.07726 0.68083 0.02222 0.21968 ( 2)
 117 S   0.66964 0.09905 0.19935 0.03196 ( 1)
 118 L   0.61473 0.14718 0.19059 0.04749 ( 1)
 119 R   0.04782 0.70869 0.01483 0.22866 ( 2)
 120 G   0.69802 0.07620 0.20119 0.02459 ( 1)
 121 T   0.43559 0.33424 0.12233 0.10784 ( 1)
 122 N   0.75560 0.03407 0.19934 0.01099 ( 1)
 123 P   0.70418 0.07169 0.20099 0.02313 ( 1)
 124 A   0.55771 0.22383 0.14624 0.07222 ( 1)
 125 K   0.70691 0.06954 0.20111 0.02244 ( 1)
 126 S   0.53594 0.24311 0.14250 0.07844 ( 1)
 127 E   0.35536 0.40887 0.10384 0.13193 ( 2)
 128 L   0.61473 0.14718 0.19059 0.04749 ( 1)
 129 A   0.67212 0.09721 0.19931 0.03137 ( 1)
 130 S   0.70674 0.06968 0.20110 0.02248 ( 1)
 131 -   0.69224 0.08214 0.19912 0.02650 ( 1)
 132 -   0.32943 0.43313 0.09769 0.13975 ( 2)
 133 -   0.70151 0.07478 0.19958 0.02413 ( 1)
 134 D   0.40502 0.36261 0.11537 0.11700 ( 1)
 135 V   0.72020 0.05929 0.20138 0.01913 ( 1)
 136 D   0.70585 0.07038 0.20107 0.02271 ( 1)
 137 R   0.47123 0.29634 0.13681 0.09562 ( 1)
 138 E   0.07647 0.68177 0.02178 0.21998 ( 2)
 139 K   0.68017 0.07589 0.21946 0.02448 ( 1)
 140 K   0.24064 0.12486 0.59421 0.04029 ( 3)
 141 G   0.39914 0.36832 0.11369 0.11884 ( 1)
 142 F   0.68795 0.08471 0.20001 0.02733 ( 1)
 143 F   0.68795 0.08471 0.20001 0.02733 ( 1)
 144 N   0.75615 0.03355 0.19948 0.01082 ( 1)
 145 C   0.49922 0.27712 0.13424 0.08942 ( 1)
 146 K   0.07866 0.67964 0.02241 0.21929 ( 2)
 147 G   0.50814 0.26972 0.13511 0.08703 ( 1)
 148 F   0.68795 0.08471 0.20001 0.02733 ( 1)
 149 L   0.61473 0.14718 0.19059 0.04749 ( 1)
 150 A   0.71212 0.06539 0.20138 0.02110 ( 1)
 151 R   0.23999 0.51835 0.07441 0.16725 ( 2)
 152 M   0.39080 0.37559 0.11241 0.12119 ( 1)
 153 G   0.70756 0.06872 0.20155 0.02217 ( 1)
 154 V   0.72339 0.05620 0.20228 0.01813 ( 1)
 155 Y   0.20103 0.19871 0.53615 0.06412 ( 3)
 156 W   0.62532 0.13762 0.19265 0.04441 ( 1)
 157 E   0.68633 0.08552 0.20055 0.02760 ( 1)
 158 K   0.70605 0.07038 0.20087 0.02271 ( 1)
 159 A   0.66753 0.10170 0.19795 0.03282 ( 1)
 160 Q   0.68534 0.08697 0.19963 0.02806 ( 1)
 161 N   0.75487 0.03477 0.19914 0.01122 ( 1)
 162 Q   0.68534 0.08697 0.19963 0.02806 ( 1)
 163 E   0.68229 0.08947 0.19937 0.02887 ( 1)
 164 S   0.18200 0.25560 0.47992 0.08247 ( 3)
 165 E   0.68229 0.08947 0.19937 0.02887 ( 1)
 166 L   0.69224 0.08138 0.20013 0.02626 ( 1)
 167 R   0.78601 0.01656 0.19209 0.00534 ( 1)
 168 A   0.71083 0.06665 0.20101 0.02150 ( 1)
 169 A   0.66753 0.10170 0.19795 0.03282 ( 1)
 170 F   0.35830 0.40640 0.10417 0.13113 ( 2)
 171 R   0.74635 0.04051 0.20008 0.01307 ( 1)
 172 I   0.71618 0.06252 0.20113 0.02017 ( 1)
 173 F   0.68711 0.08554 0.19976 0.02760 ( 1)
 174 D   0.70498 0.07122 0.20082 0.02298 ( 1)
 175 K   0.70497 0.07142 0.20056 0.02304 ( 1)
 176 E   0.68229 0.08947 0.19937 0.02887 ( 1)
 177 G   0.07594 0.68209 0.02189 0.22008 ( 2)
 178 K   0.70605 0.07038 0.20087 0.02271 ( 1)
 179 G   0.69806 0.07617 0.20120 0.02458 ( 1)
 180 Y   0.69557 0.07869 0.20035 0.02539 ( 1)
 181 I   0.71486 0.06367 0.20093 0.02054 ( 1)
 182 D   0.70498 0.07122 0.20082 0.02298 ( 1)
 183 W   0.62532 0.13762 0.19265 0.04441 ( 1)
 184 G   0.08267 0.67575 0.02355 0.21804 ( 2)
 185 T   0.12388 0.63683 0.03381 0.20548 ( 2)
 186 L   0.07276 0.68513 0.02104 0.22106 ( 2)
 187 T   0.08870 0.66992 0.02523 0.21615 ( 2)
 188 Y   0.69968 0.07469 0.20153 0.02410 ( 1)
 189 V   0.72339 0.05620 0.20228 0.01813 ( 1)
 190 L   0.70252 0.07136 0.20310 0.02302 ( 1)
 191 T   0.00917 0.74712 0.00264 0.24107 ( 2)
 192 H   0.02964 0.72787 0.00763 0.23485 ( 2)
 193 A   0.71493 0.06267 0.20217 0.02022 ( 1)
 194 G   0.69904 0.07520 0.20149 0.02426 ( 1)
 195 E   0.68633 0.08552 0.20055 0.02760 ( 1)
 196 P   0.70743 0.06853 0.20192 0.02211 ( 1)
 197 L   0.69632 0.07740 0.20131 0.02497 ( 1)
 198 S   0.75186 0.03646 0.19992 0.01176 ( 1)
 199 E   0.68633 0.08552 0.20055 0.02760 ( 1)
 200 V   0.27237 0.48628 0.08445 0.15690 ( 2)
 201 E   0.68633 0.08552 0.20055 0.02760 ( 1)
 202 A   0.67136 0.09795 0.19908 0.03160 ( 1)
 203 E   0.35664 0.40763 0.10421 0.13152 ( 2)
 204 Q   0.37366 0.39125 0.10884 0.12624 ( 2)
 205 M   0.70085 0.07375 0.20160 0.02380 ( 1)
 206 M   0.70085 0.07375 0.20160 0.02380 ( 1)
 207 K   0.41220 0.35574 0.11727 0.11478 ( 1)
 208 E   0.74373 0.04135 0.20158 0.01334 ( 1)
 209 A   0.67136 0.09795 0.19908 0.03160 ( 1)
 210 D   0.21029 0.18250 0.54832 0.05889 ( 3)
 211 K   0.71017 0.06637 0.20204 0.02142 ( 1)
 212 D   0.43705 0.33149 0.12450 0.10696 ( 1)
 213 G   0.70913 0.06719 0.20199 0.02168 ( 1)
 214 D   0.41529 0.35263 0.11830 0.11378 ( 1)
 215 G   0.41421 0.35369 0.11799 0.11412 ( 1)
 216 T   0.76116 0.02967 0.19959 0.00957 ( 1)
 217 I   0.73415 0.04512 0.20617 0.01456 ( 1)
 218 D   0.70911 0.06721 0.20200 0.02169 ( 1)
 219 H   0.39431 0.37206 0.11357 0.12005 ( 1)
 220 E   0.68308 0.08870 0.19960 0.02862 ( 1)
 221 E   0.66130 0.09476 0.21337 0.03057 ( 1)
 222 F   0.66516 0.09090 0.21462 0.02933 ( 1)
 223 V   0.69046 0.06559 0.22278 0.02116 ( 1)
 224 A   0.64935 0.10670 0.20952 0.03443 ( 1)
 225 M   0.67283 0.08322 0.21709 0.02685 ( 1)
 226 M   0.67283 0.08322 0.21709 0.02685 ( 1)
 227 T   0.71264 0.04341 0.22994 0.01401 ( 1)
 228 G   0.67935 0.07670 0.21920 0.02475 ( 1)
 229 E   0.66130 0.09476 0.21337 0.03057 ( 1)
 230 S   0.68003 0.07603 0.21942 0.02453 ( 1)
 231 F   0.66516 0.09090 0.21462 0.02933 ( 1)
 232 K   0.68017 0.07589 0.21946 0.02448 ( 1)
 233 L   0.61416 0.14189 0.19816 0.04578 ( 1)
 234 V   0.77725 0.02010 0.19617 0.00648 ( 1)
 235 Q   0.00294 0.74389 0.01315 0.24002 ( 2)


lnL = -1779.114259

Bayes Empirical Bayes (BEB) probabilities for 4 classes (class)
(amino acids refer to 1st sequence: Egla)

   1 M   0.11190 0.64241 0.11988 0.12581 ( 2)
   2 V   0.15440 0.76443 0.01150 0.06967 ( 2)
   3 S   0.82326 0.09986 0.06763 0.00926 ( 1)
   4 L   0.43217 0.48511 0.03582 0.04691 ( 2)
   5 P   0.45498 0.46416 0.03666 0.04420 ( 2)
   6 W   0.34551 0.56230 0.03316 0.05904 ( 2)
   7 P   0.72379 0.18494 0.07200 0.01927 ( 1)
   8 H   0.86118 0.07391 0.05873 0.00618 ( 1)
   9 W   0.72469 0.18465 0.07155 0.01911 ( 1)
  10 L   0.71747 0.19058 0.07202 0.01993 ( 1)
  11 S   0.80187 0.12105 0.06585 0.01124 ( 1)
  12 S   0.82279 0.10901 0.05881 0.00939 ( 1)
  13 A   0.76497 0.15130 0.06891 0.01482 ( 1)
  14 A   0.76467 0.15123 0.06922 0.01488 ( 1)
  15 P   0.22564 0.41017 0.28624 0.07795 ( 2)
  16 L   0.71747 0.19058 0.07202 0.01993 ( 1)
  17 H   0.51431 0.41595 0.03410 0.03563 ( 1)
  18 S   0.80428 0.11901 0.06569 0.01102 ( 1)
  19 H   0.86118 0.07391 0.05873 0.00618 ( 1)
  20 M   0.40284 0.50932 0.03576 0.05207 ( 2)
  21 A   0.76496 0.15130 0.06891 0.01482 ( 1)
  22 G   0.40182 0.51540 0.03311 0.04967 ( 2)
  23 L   0.71747 0.19058 0.07202 0.01993 ( 1)
  24 P   0.79930 0.12304 0.06617 0.01148 ( 1)
  25 L   0.71747 0.19058 0.07202 0.01993 ( 1)
  26 P   0.72379 0.18494 0.07200 0.01927 ( 1)
  27 R   0.75576 0.15889 0.06958 0.01577 ( 1)
  28 A   0.42369 0.49642 0.03333 0.04657 ( 2)
  29 P   0.86819 0.06893 0.05724 0.00564 ( 1)
  30 S   0.80187 0.12105 0.06585 0.01124 ( 1)
  31 P   0.72649 0.18226 0.07227 0.01899 ( 1)
  32 L   0.75416 0.15415 0.07560 0.01609 ( 1)
  33 S   0.76073 0.15425 0.06971 0.01531 ( 1)
  34 G   0.40211 0.51507 0.03314 0.04967 ( 2)
  35 L   0.78821 0.13209 0.06717 0.01253 ( 1)
  36 A   0.80700 0.11687 0.06537 0.01077 ( 1)
  37 E   0.25263 0.34313 0.33799 0.06625 ( 2)
  38 P   0.78145 0.14050 0.06490 0.01315 ( 1)
  39 C   0.84363 0.08765 0.06114 0.00758 ( 1)
  40 S   0.80403 0.11926 0.06567 0.01104 ( 1)
  41 P   0.79930 0.12304 0.06617 0.01148 ( 1)
  42 L   0.39742 0.51958 0.03288 0.05012 ( 2)
  43 T   0.09969 0.64756 0.11679 0.13597 ( 2)
  44 T   0.85907 0.07565 0.05894 0.00634 ( 1)
  45 H   0.27322 0.26802 0.40419 0.05457 ( 3)
  46 P   0.41396 0.50482 0.03328 0.04794 ( 2)
  47 C   0.27346 0.37072 0.29446 0.06136 ( 2)
  48 A   0.76802 0.14790 0.06952 0.01455 ( 1)
  49 A   0.76467 0.15123 0.06922 0.01488 ( 1)
  50 W   0.72469 0.18465 0.07155 0.01911 ( 1)
  51 P   0.71527 0.19343 0.07114 0.02016 ( 1)
  52 Q   0.82459 0.10792 0.05828 0.00921 ( 1)
  53 A   0.75145 0.16436 0.06801 0.01618 ( 1)
  54 C   0.82361 0.10743 0.05966 0.00930 ( 1)
  55 S   0.78651 0.13661 0.06422 0.01266 ( 1)
  56 G   0.78349 0.13898 0.06458 0.01295 ( 1)
  57 L   0.70997 0.19806 0.07125 0.02072 ( 1)
  58 G   0.78349 0.13898 0.06458 0.01295 ( 1)
  59 P   0.74696 0.17584 0.06087 0.01632 ( 1)
  60 P   0.71475 0.19225 0.07268 0.02032 ( 1)
  61 A   0.76467 0.15123 0.06922 0.01488 ( 1)
  62 S   0.80187 0.12105 0.06585 0.01124 ( 1)
  63 P   0.79464 0.12766 0.06578 0.01192 ( 1)
  64 G   0.37398 0.53908 0.03267 0.05428 ( 2)
  65 L   0.71747 0.19058 0.07202 0.01993 ( 1)
  66 R   0.89372 0.04932 0.05313 0.00383 ( 1)
  67 G   0.83411 0.09489 0.06261 0.00838 ( 1)
  68 G   0.79222 0.12406 0.07154 0.01218 ( 1)
  69 G   0.81931 0.10349 0.06757 0.00963 ( 1)
  70 A   0.35567 0.54406 0.03861 0.06166 ( 2)
  71 P   0.74583 0.16987 0.06756 0.01674 ( 1)
  72 G   0.83019 0.09074 0.07050 0.00858 ( 1)
  73 E   0.14492 0.76821 0.01206 0.07482 ( 2)
  74 P   0.10136 0.80500 0.00953 0.08411 ( 2)
  75 G   0.83536 0.08758 0.06892 0.00814 ( 1)
  76 P   0.83939 0.08332 0.06954 0.00776 ( 1)
  77 V   0.00040 0.91705 0.00003 0.08252 ( 2)
  78 S   0.15482 0.76218 0.01199 0.07101 ( 2)
  79 P   0.75245 0.15467 0.07655 0.01633 ( 1)
  80 Q   0.03722 0.87635 0.00296 0.08347 ( 2)
  81 T   0.87281 0.05689 0.06532 0.00499 ( 1)
  82 E   0.81313 0.10509 0.07160 0.01018 ( 1)
  83 R   0.62686 0.30212 0.04418 0.02685 ( 1)
  84 L   0.73674 0.17138 0.07397 0.01791 ( 1)
  85 T   0.88099 0.04984 0.06484 0.00433 ( 1)
  86 A   0.84550 0.07873 0.06854 0.00723 ( 1)
  87 E   0.81930 0.10259 0.06839 0.00972 ( 1)
  88 Q   0.81727 0.10226 0.07071 0.00976 ( 1)
  89 I   0.35656 0.23987 0.36686 0.03672 ( 3)
  90 K   0.13872 0.76524 0.01362 0.08243 ( 2)
  91 E   0.44838 0.46697 0.03845 0.04620 ( 2)
  92 Y   0.82851 0.09269 0.07007 0.00874 ( 1)
  93 K   0.11537 0.61930 0.13600 0.12933 ( 2)
  94 G   0.83444 0.08541 0.07191 0.00824 ( 1)
  95 V   0.91269 0.02715 0.05799 0.00217 ( 1)
  96 S   0.36413 0.54519 0.03417 0.05651 ( 2)
  97 E   0.81313 0.10509 0.07160 0.01018 ( 1)
  98 M   0.83081 0.09042 0.07024 0.00853 ( 1)
  99 F   0.76113 0.15007 0.07350 0.01531 ( 1)
 100 D   0.85895 0.06870 0.06621 0.00614 ( 1)
 101 E   0.81431 0.10392 0.07170 0.01006 ( 1)
 102 E   0.45194 0.46344 0.03876 0.04586 ( 2)
 103 G   0.82882 0.09209 0.07038 0.00871 ( 1)
 104 N   0.89378 0.04044 0.06237 0.00341 ( 1)
 105 G   0.84017 0.08282 0.06932 0.00769 ( 1)
 106 A   0.84669 0.07755 0.06863 0.00713 ( 1)
 107 V   0.85597 0.06996 0.06773 0.00634 ( 1)
 108 K   0.53000 0.39001 0.04269 0.03730 ( 1)
 109 T   0.87392 0.05579 0.06540 0.00489 ( 1)
 110 D   0.83991 0.08283 0.06954 0.00772 ( 1)
 111 E   0.81431 0.10392 0.07170 0.01006 ( 1)
 112 L   0.73599 0.17213 0.07389 0.01799 ( 1)
 113 E   0.81431 0.10392 0.07170 0.01006 ( 1)
 114 R   0.90035 0.03592 0.06076 0.00297 ( 1)
 115 L   0.82599 0.09463 0.07043 0.00896 ( 1)
 116 M   0.15792 0.75753 0.01261 0.07194 ( 2)
 117 S   0.79932 0.11592 0.07328 0.01148 ( 1)
 118 L   0.73741 0.17071 0.07404 0.01784 ( 1)
 119 R   0.10804 0.79790 0.01026 0.08380 ( 2)
 120 G   0.83134 0.08959 0.07060 0.00847 ( 1)
 121 T   0.53748 0.38468 0.04183 0.03601 ( 1)
 122 N   0.89378 0.04044 0.06237 0.00341 ( 1)
 123 P   0.83832 0.08438 0.06945 0.00786 ( 1)
 124 A   0.66185 0.27008 0.04460 0.02347 ( 1)
 125 K   0.84115 0.08186 0.06938 0.00761 ( 1)
 126 S   0.63931 0.29053 0.04447 0.02569 ( 1)
 127 E   0.45542 0.45999 0.03906 0.04553 ( 2)
 128 L   0.73741 0.17071 0.07404 0.01784 ( 1)
 129 A   0.80233 0.11383 0.07267 0.01118 ( 1)
 130 S   0.84123 0.08205 0.06912 0.00760 ( 1)
 131 -   0.82474 0.09644 0.06972 0.00910 ( 1)
 132 -   0.42879 0.48480 0.03780 0.04861 ( 2)
 133 -   0.83503 0.08792 0.06886 0.00818 ( 1)
 134 D   0.50626 0.41331 0.04088 0.03954 ( 1)
 135 V   0.85597 0.06996 0.06773 0.00634 ( 1)
 136 D   0.83991 0.08283 0.06954 0.00772 ( 1)
 137 R   0.56773 0.34269 0.05274 0.03684 ( 1)
 138 E   0.15682 0.75968 0.01225 0.07125 ( 2)
 139 K   0.81049 0.08924 0.09036 0.00991 ( 1)
 140 K   0.37757 0.17932 0.41483 0.02828 ( 3)
 141 G   0.50054 0.41924 0.04026 0.03996 ( 1)
 142 F   0.82028 0.09944 0.07080 0.00948 ( 1)
 143 F   0.82028 0.09944 0.07080 0.00948 ( 1)
 144 N   0.89440 0.03983 0.06242 0.00336 ( 1)
 145 C   0.60203 0.32617 0.04272 0.02909 ( 1)
 146 K   0.16022 0.75631 0.01252 0.07095 ( 2)
 147 G   0.61103 0.31845 0.04242 0.02810 ( 1)
 148 F   0.82028 0.09944 0.07080 0.00948 ( 1)
 149 L   0.73741 0.17071 0.07404 0.01784 ( 1)
 150 A   0.84717 0.07707 0.06867 0.00708 ( 1)
 151 R   0.33337 0.57335 0.03251 0.06076 ( 2)
 152 M   0.49179 0.42642 0.04054 0.04124 ( 1)
 153 G   0.84208 0.08093 0.06948 0.00752 ( 1)
 154 V   0.85960 0.06638 0.06802 0.00601 ( 1)
 155 Y   0.29088 0.24789 0.41260 0.04863 ( 3)
 156 W   0.74951 0.15992 0.07403 0.01654 ( 1)
 157 E   0.81793 0.10033 0.07203 0.00971 ( 1)
 158 K   0.84017 0.08284 0.06929 0.00770 ( 1)
 159 A   0.79714 0.11897 0.07219 0.01169 ( 1)
 160 Q   0.81747 0.10207 0.07072 0.00974 ( 1)
 161 N   0.89295 0.04126 0.06231 0.00348 ( 1)
 162 Q   0.81747 0.10207 0.07072 0.00974 ( 1)
 163 E   0.81336 0.10487 0.07162 0.01015 ( 1)
 164 S   0.26445 0.30957 0.36506 0.06093 ( 3)
 165 E   0.81336 0.10487 0.07162 0.01015 ( 1)
 166 L   0.82501 0.09559 0.07034 0.00905 ( 1)
 167 R   0.92375 0.01978 0.05495 0.00152 ( 1)
 168 A   0.84571 0.07852 0.06855 0.00722 ( 1)
 169 A   0.79714 0.11897 0.07219 0.01169 ( 1)
 170 F   0.45892 0.45786 0.03857 0.04466 ( 1)
 171 R   0.88428 0.04800 0.06360 0.00411 ( 1)
 172 I   0.85168 0.07373 0.06789 0.00671 ( 1)
 173 F   0.81932 0.10040 0.07071 0.00958 ( 1)
 174 D   0.83893 0.08381 0.06945 0.00781 ( 1)
 175 K   0.83895 0.08404 0.06919 0.00781 ( 1)
 176 E   0.81336 0.10487 0.07162 0.01015 ( 1)
 177 G   0.15585 0.75937 0.01249 0.07229 ( 2)
 178 K   0.84017 0.08284 0.06929 0.00770 ( 1)
 179 G   0.83138 0.08956 0.07060 0.00847 ( 1)
 180 Y   0.82872 0.09248 0.07008 0.00872 ( 1)
 181 I   0.85022 0.07506 0.06788 0.00683 ( 1)
 182 D   0.83893 0.08381 0.06945 0.00781 ( 1)
 183 W   0.74951 0.15992 0.07403 0.01654 ( 1)
 184 G   0.16635 0.75021 0.01300 0.07043 ( 2)
 185 T   0.22567 0.69661 0.01595 0.06177 ( 2)
 186 L   0.15086 0.76420 0.01214 0.07280 ( 2)
 187 T   0.17543 0.74145 0.01367 0.06946 ( 2)
 188 Y   0.83338 0.08786 0.07048 0.00828 ( 1)
 189 V   0.85960 0.06638 0.06802 0.00601 ( 1)
 190 L   0.83668 0.08402 0.07135 0.00795 ( 1)
 191 T   0.03647 0.87807 0.00283 0.08263 ( 2)
 192 H   0.09241 0.83371 0.00563 0.06825 ( 2)
 193 A   0.85036 0.07392 0.06893 0.00679 ( 1)
 194 G   0.83250 0.08844 0.07070 0.00836 ( 1)
 195 E   0.81793 0.10033 0.07203 0.00971 ( 1)
 196 P   0.84200 0.08073 0.06976 0.00751 ( 1)
 197 L   0.82964 0.09100 0.07074 0.00862 ( 1)
 198 S   0.88994 0.04325 0.06313 0.00368 ( 1)
 199 E   0.81793 0.10033 0.07203 0.00971 ( 1)
 200 V   0.36802 0.53882 0.03595 0.05721 ( 2)
 201 E   0.81793 0.10033 0.07203 0.00971 ( 1)
 202 A   0.80147 0.11468 0.07259 0.01126 ( 1)
 203 E   0.45669 0.45872 0.03918 0.04541 ( 2)
 204 Q   0.47443 0.44235 0.04000 0.04322 ( 1)
 205 M   0.83450 0.08676 0.07056 0.00818 ( 1)
 206 M   0.83450 0.08676 0.07056 0.00818 ( 1)
 207 K   0.51353 0.40634 0.04132 0.03880 ( 1)
 208 E   0.88151 0.04900 0.06522 0.00427 ( 1)
 209 A   0.80147 0.11468 0.07259 0.01126 ( 1)
 210 D   0.31084 0.23565 0.40993 0.04358 ( 3)
 211 K   0.84485 0.07820 0.06968 0.00727 ( 1)
 212 D   0.53833 0.38153 0.04355 0.03659 ( 1)
 213 G   0.84386 0.07917 0.06962 0.00735 ( 1)
 214 D   0.51654 0.40313 0.04173 0.03860 ( 1)
 215 G   0.51563 0.40428 0.04151 0.03858 ( 1)
 216 T   0.89998 0.03529 0.06180 0.00294 ( 1)
 217 I   0.87211 0.05350 0.06954 0.00486 ( 1)
 218 D   0.84361 0.07917 0.06985 0.00738 ( 1)
 219 H   0.49540 0.42287 0.04086 0.04087 ( 1)
 220 E   0.81425 0.10398 0.07170 0.01007 ( 1)
 221 E   0.78882 0.11091 0.08794 0.01233 ( 1)
 222 F   0.79324 0.10649 0.08843 0.01183 ( 1)
 223 V   0.82237 0.07736 0.09169 0.00858 ( 1)
 224 A   0.77518 0.12455 0.08641 0.01386 ( 1)
 225 M   0.80205 0.09769 0.08942 0.01085 ( 1)
 226 M   0.80205 0.09769 0.08942 0.01085 ( 1)
 227 T   0.84814 0.05159 0.09456 0.00571 ( 1)
 228 G   0.80955 0.09018 0.09026 0.01001 ( 1)
 229 E   0.78882 0.11091 0.08794 0.01233 ( 1)
 230 S   0.81033 0.08940 0.09035 0.00992 ( 1)
 231 F   0.79324 0.10649 0.08843 0.01183 ( 1)
 232 K   0.81049 0.08924 0.09036 0.00991 ( 1)
 233 L   0.73527 0.16446 0.08194 0.01833 ( 1)
 234 V   0.91591 0.02398 0.05819 0.00192 ( 1)
 235 Q   0.01071 0.68587 0.03272 0.27071 ( 2)

