Supplemental results for CODEML (seqf: /home/leticiamagpali/phd/evol_models/codeml/big_dataset/cml_align/MYL1_codon_aligned.phy  treef: /home/leticiamagpali/phd/evol_models/codeml/big_dataset/cml_trees/gene_trees/H1d_gene_trees/MYL1_tree_H1d.tre)

I	J	ij	2Ns_IJ	pMut_IJ	pSub_IJ	2Ns_JI	pMut_JI	pSub_JI

TTC	TTT	CT	0.55658	0.06521	0.08503	-0.55658	0.11377	0.08503
TTA	TTT	AT	2.12837	0.01800	0.04349	-2.12837	0.15125	0.04349
TTA	TTC	AC	1.57179	0.01318	0.02615	-1.57179	0.06347	0.02615
TTG	TTT	GT	2.43864	0.00453	0.01210	-2.43864	0.05191	0.01210
TTG	TTC	GC	1.88206	0.00332	0.00736	-1.88206	0.02178	0.00736
TTG	TTA	GA	0.31027	0.01437	0.01671	-0.31027	0.01960	0.01671
TCT	TTT	CT	0.81927	0.05015	0.07346	-0.81927	0.11377	0.07346
TCC	TTC	CT	-0.25047	0.06134	0.05398	0.25047	0.04775	0.05398
TCC	TCT	CT	-0.51316	0.06134	0.04694	0.51316	0.03672	0.04694
TCA	TTA	CT	4.70557	0.00022	0.00102	-4.70557	0.02379	0.00102
TCA	TCT	AT	6.01466	0.00012	0.00072	-6.01466	0.04881	0.00072
TCA	TCC	AC	6.52783	0.00009	0.00057	-6.52783	0.05970	0.00057
TCG	TTG	CT	7.60109	0.00000	0.00000	-7.60109	0.00599	0.00002
TCG	TCT	GT	9.22046	0.00000	0.00000	-9.22046	0.01675	0.00002
TCG	TCC	GC	9.73362	0.00000	0.00000	-9.73362	0.02049	0.00001
TCG	TCA	GA	3.20580	0.00000	0.00000	-3.20580	0.00013	0.00002
TAT	TTT	AT	2.09579	0.01860	0.04445	-2.09579	0.15125	0.04445
TAT	TCT	AC	1.27652	0.01362	0.02411	-1.27652	0.04881	0.02411
TAC	TTC	AT	4.89106	0.00048	0.00235	-4.89106	0.06347	0.00235
TAC	TCC	AC	5.14153	0.00035	0.00181	-5.14153	0.05970	0.00181
TAC	TAT	CT	3.35185	0.00086	0.00299	-3.35185	0.02458	0.00299
TGT	TTT	GT	10.35145	0.00000	0.00000	-10.35145	0.05191	0.00002
TGT	TCT	GC	9.53217	0.00000	0.00000	-9.53217	0.01675	0.00001
TGT	TAT	GA	8.25565	0.00000	0.00000	-8.25565	0.02025	0.00004
TGC	TTC	GT	4.10932	0.00036	0.00149	-4.10932	0.02178	0.00149
TGC	TCC	GC	4.35979	0.00026	0.00116	-4.35979	0.02049	0.00116
TGC	TAC	GA	-0.78174	0.00113	0.00075	0.78174	0.00052	0.00075
TGC	TGT	CT	-5.68554	0.00065	0.00001	5.68554	0.00000	0.00000
TGG	TTG	GT	2.43864	0.00024	0.00064	-2.43864	0.00273	0.00064
TGG	TCG	GC	-5.16245	0.00017	0.00001	5.16245	0.00000	0.00000
TGG	TGT	GT	-5.47416	0.00024	0.00001	5.47416	0.00000	0.00000
TGG	TGC	GC	0.21138	0.00017	0.00019	-0.21138	0.00022	0.00019
CTT	TTT	CT	0.73692	0.05445	0.07696	-0.73692	0.11377	0.07696
CTC	TTC	CT	0.30827	0.03508	0.04077	-0.30827	0.04775	0.04077
CTC	CTT	CT	0.12793	0.03508	0.03737	-0.12793	0.03987	0.03737
CTA	TTA	CT	-0.75402	0.05058	0.03388	0.75402	0.02379	0.03388
CTA	CTT	AT	0.63743	0.02802	0.03789	-0.63743	0.05300	0.03789
CTA	CTC	AC	0.50950	0.02051	0.02618	-0.50950	0.03415	0.02618
CTG	TTG	CT	-2.45487	0.06973	0.01608	2.45487	0.00599	0.01608
CTG	CTT	GT	-0.75315	0.03863	0.02589	0.75315	0.01819	0.02589
CTG	CTC	GC	-0.88108	0.02828	0.01763	0.88108	0.01172	0.01763
CTG	CTA	GA	-1.39058	0.12252	0.05647	1.39058	0.03050	0.05647
CCT	TCT	CT	-1.13732	0.11450	0.06147	1.13732	0.03672	0.06147
CCT	CTT	CT	-1.05497	0.11450	0.06453	1.05497	0.03987	0.06453
CCC	TCC	CT	-0.61247	0.08286	0.06006	0.61247	0.04491	0.06006
CCC	CTC	CT	-1.17121	0.08286	0.04360	1.17121	0.02569	0.04360
CCC	CCT	CT	0.01169	0.08286	0.08334	-0.01169	0.08383	0.08334
CCA	TCA	CT	-5.70534	0.04735	0.00090	5.70534	0.00016	0.00090
CCA	CTA	CT	-0.24575	0.04735	0.04177	0.24575	0.03703	0.04177
CCA	CCT	AT	1.44664	0.02623	0.04962	-1.44664	0.11144	0.04962
CCA	CCC	AC	1.43495	0.01921	0.03617	-1.43495	0.08065	0.03617
CCG	TCG	CT	-8.76132	0.01399	0.00002	8.76132	0.00000	0.00000
CCG	CTG	CT	1.29464	0.01399	0.02495	-1.29464	0.05106	0.02495
CCG	CCT	GT	1.59646	0.00775	0.01552	-1.59646	0.03825	0.01552
CCG	CCC	GC	1.58477	0.00567	0.01131	-1.58477	0.02768	0.01131
CCG	CCA	GA	0.14982	0.02458	0.02647	-0.14982	0.02855	0.02647
CAT	TAT	CT	0.15318	0.02109	0.02275	-0.15318	0.02458	0.02275
CAT	CTT	AT	1.51205	0.01168	0.02266	-1.51205	0.05300	0.02266
CAT	CCT	AC	2.56701	0.00856	0.02379	-2.56701	0.11144	0.02379
CAC	TAC	CT	-3.88124	0.03056	0.00250	3.88124	0.00063	0.00250
CAC	CTC	AT	0.70155	0.01693	0.02356	-0.70155	0.03415	0.02356
CAC	CCC	AC	1.87275	0.01240	0.02743	-1.87275	0.08065	0.02743
CAC	CAT	CT	-0.68257	0.03056	0.02131	0.68257	0.01544	0.02131
CAA	CTA	AT	0.83582	0.02134	0.03149	-0.83582	0.04923	0.03149
CAA	CCA	AC	1.08158	0.01563	0.02557	-1.08158	0.04609	0.02557
CAA	CAT	AT	-0.03879	0.02134	0.02093	0.03879	0.02053	0.02093
CAA	CAC	AC	0.64378	0.01563	0.02119	-0.64378	0.02975	0.02119
CAG	CTG	AT	0.64727	0.03553	0.04826	-0.64727	0.06787	0.04826
CAG	CCG	AC	-0.64737	0.02601	0.01850	0.64737	0.01362	0.01850
CAG	CAT	GT	-1.61792	0.03553	0.01422	1.61792	0.00705	0.01422
CAG	CAC	GC	-0.93535	0.02601	0.01572	0.93535	0.01021	0.01572
CAG	CAA	GA	-1.57913	0.11269	0.04621	1.57913	0.02323	0.04621
CGT	TGT	CT	-9.64953	0.03400	0.00002	9.64953	0.00000	0.00000
CGT	CTT	GT	-0.03500	0.01884	0.01851	0.03500	0.01819	0.01851
CGT	CCT	GC	1.01996	0.01379	0.02200	-1.01996	0.03825	0.02200
CGT	CAT	GA	-1.54705	0.05975	0.02500	1.54705	0.01272	0.02500
CGC	TGC	CT	5.06212	0.00000	0.00000	-5.06212	0.00047	0.00002
CGC	CTC	GT	8.86317	0.00000	0.00000	-8.86317	0.01172	0.00001
CGC	CCC	GC	10.03438	0.00000	0.00000	-10.03438	0.02768	0.00001
CGC	CAC	GA	8.16162	0.00000	0.00000	-8.16162	0.01843	0.00004
CGC	CGT	CT	9.02610	0.00000	0.00000	-9.02610	0.02490	0.00003
CGA	CTA	GT	3.16203	0.00072	0.00236	-3.16203	0.01690	0.00236
CGA	CCA	GC	3.40778	0.00052	0.00185	-3.40778	0.01582	0.00185
CGA	CAA	GA	2.32620	0.00227	0.00585	-2.32620	0.02323	0.00585
CGA	CGT	AT	3.83446	0.00072	0.00280	-3.83446	0.03310	0.00280
CGA	CGC	AC	-5.19164	0.00052	0.00002	5.19164	0.00000	0.00000
CGG	TGG	CT	-4.01301	0.01743	0.00129	4.01301	0.00032	0.00129
CGG	CTG	GT	0.88050	0.00966	0.01452	-0.88050	0.02329	0.01452
CGG	CCG	GC	-0.41415	0.00707	0.00571	0.41415	0.00467	0.00571
CGG	CAG	GA	0.23322	0.03063	0.03434	-0.23322	0.03868	0.03434
CGG	CGT	GT	0.16235	0.00966	0.01046	-0.16235	0.01136	0.01046
CGG	CGC	GC	-8.86375	0.00707	0.00001	8.86375	0.00000	0.00000
CGG	CGA	GA	-3.67211	0.03063	0.00293	3.67211	0.00078	0.00293
ATT	TTT	AT	1.45529	0.03529	0.06699	-1.45529	0.15125	0.06699
ATT	CTT	AC	0.71837	0.02584	0.03622	-0.71837	0.05300	0.03622
ATC	TTC	AT	1.24692	0.01824	0.03192	-1.24692	0.06347	0.03192
ATC	CTC	AC	0.93865	0.01336	0.02059	-0.93865	0.03415	0.02059
ATC	ATT	CT	0.34821	0.03293	0.03899	-0.34821	0.04664	0.03899
ATA	TTA	AT	4.88776	0.00024	0.00117	-4.88776	0.03163	0.00117
ATA	CTA	AC	5.64177	0.00017	0.00099	-5.64177	0.04923	0.00099
ATA	ATT	AT	5.56084	0.00024	0.00133	-5.56084	0.06201	0.00133
ATA	ATC	AC	5.21263	0.00017	0.00092	-5.21263	0.03205	0.00092
ATG	TTG	AT	-1.69594	0.04340	0.01653	1.69594	0.00796	0.01653
ATG	CTG	AC	0.75893	0.03178	0.04534	-0.75893	0.06787	0.04534
ATG	ATT	GT	-0.71259	0.04340	0.02976	0.71259	0.02128	0.02976
ATG	ATC	GC	-1.06080	0.03178	0.01785	1.06080	0.01100	0.01785
ATG	ATA	GA	-6.27343	0.13765	0.00163	6.27343	0.00026	0.00163
ACT	TCT	AT	3.93522	0.00095	0.00383	-3.93522	0.04881	0.00383
ACT	CCT	AC	5.07254	0.00070	0.00356	-5.07254	0.11144	0.00356
ACT	ATT	CT	3.29921	0.00172	0.00590	-3.29921	0.04664	0.00590
ACC	TCC	AT	0.47311	0.03720	0.04669	-0.47311	0.05970	0.04669
ACC	CCC	AC	1.08558	0.02724	0.04464	-1.08558	0.08065	0.04464
ACC	ATC	CT	-1.02428	0.06715	0.03853	1.02428	0.02411	0.03853
ACC	ACT	CT	-3.97527	0.06715	0.00511	3.97527	0.00126	0.00511
ACA	TCA	AT	-5.01233	0.03148	0.00106	5.01233	0.00021	0.00106
ACA	CCA	AC	0.69301	0.02305	0.03195	-0.69301	0.04609	0.03195
ACA	ATA	CT	-5.19451	0.05682	0.00165	5.19451	0.00032	0.00165
ACA	ACT	AT	-2.93288	0.03148	0.00519	2.93288	0.00168	0.00519
ACA	ACC	AC	1.04239	0.02305	0.03711	-1.04239	0.06536	0.03711
ACG	TCG	AT	-6.41965	0.00179	0.00002	6.41965	0.00000	0.00000
ACG	CCG	AC	2.34167	0.00131	0.00339	-2.34167	0.01362	0.00339
ACG	ATG	CT	2.87739	0.00323	0.00984	-2.87739	0.05736	0.00984
ACG	ACT	GT	-1.13441	0.00179	0.00096	1.13441	0.00058	0.00096
ACG	ACC	GC	2.84087	0.00131	0.00395	-2.84087	0.02243	0.00395
ACG	ACA	GA	1.79848	0.00567	0.01223	-1.79848	0.03426	0.01223
AAT	TAT	AT	-0.51557	0.05472	0.04182	0.51557	0.03268	0.04182
AAT	CAT	AC	-0.66875	0.04007	0.02815	0.66875	0.02053	0.02815
AAT	ATT	AT	0.12493	0.05472	0.05821	-0.12493	0.06201	0.05821
AAT	ACT	AC	-3.17427	0.04007	0.00555	3.17427	0.00168	0.00555
AAC	TAC	AT	-4.12543	0.05186	0.00351	4.12543	0.00084	0.00351
AAC	CAC	AC	-0.24418	0.03797	0.03353	0.24418	0.02975	0.03353
AAC	ATC	AT	-0.48128	0.05186	0.04038	0.48128	0.03205	0.04038
AAC	ACC	AC	0.54299	0.03797	0.04921	-0.54299	0.06536	0.04921
AAC	AAT	CT	-0.25801	0.09362	0.08206	0.25801	0.07233	0.08206
AAA	CAA	AC	0.26363	0.02881	0.03277	-0.26363	0.03750	0.03277
AAA	ATA	AT	-4.54232	0.03934	0.00192	4.54232	0.00042	0.00192
AAA	ACA	AC	0.65219	0.02881	0.03922	-0.65219	0.05530	0.03922
AAA	AAT	AT	0.89358	0.03934	0.05951	-0.89358	0.09615	0.05951
AAA	AAC	AC	1.15159	0.02881	0.04851	-1.15159	0.09112	0.04851
AAG	CAG	AC	-0.19030	0.07551	0.06855	0.19030	0.06243	0.06855
AAG	ATG	AT	-0.30195	0.10313	0.08834	0.30195	0.07625	0.08834
AAG	ACG	AC	-3.17934	0.07551	0.01042	3.17934	0.00314	0.01042
AAG	AAT	GT	-1.13948	0.10313	0.05530	1.13948	0.03300	0.05530
AAG	AAC	GC	-0.88147	0.07551	0.04706	0.88147	0.03127	0.04706
AAG	AAA	GA	-2.03306	0.32710	0.10019	2.03306	0.04283	0.10019
AGT	TGT	AT	-4.40474	0.00024	0.00001	4.40474	0.00000	0.00000
AGT	CGT	AC	5.24478	0.00017	0.00092	-5.24478	0.03310	0.00092
AGT	ATT	GT	4.49141	0.00024	0.00108	-4.49141	0.02128	0.00108
AGT	ACT	GC	1.19221	0.00017	0.00030	-1.19221	0.00058	0.00030
AGT	AAT	GA	4.36648	0.00076	0.00334	-4.36648	0.05957	0.00334
AGC	TGC	AT	-3.44975	0.01979	0.00224	3.44975	0.00063	0.00224
AGC	CGC	AC	-8.51187	0.01449	0.00002	8.51187	0.00000	0.00000
AGC	ATC	GT	-0.58735	0.01979	0.01454	0.58735	0.01100	0.01454
AGC	ACC	GC	0.43693	0.01449	0.01789	-0.43693	0.02243	0.01789
AGC	AAC	GA	-0.10606	0.06277	0.05950	0.10606	0.05646	0.05950
AGC	AGT	CT	-4.73055	0.03573	0.00150	4.73055	0.00032	0.00150
AGA	CGA	AC	-1.37596	0.00498	0.00231	1.37596	0.00126	0.00231
AGA	ATA	GT	-3.85570	0.00680	0.00057	3.85570	0.00014	0.00057
AGA	ACA	GC	1.33881	0.00498	0.00903	-1.33881	0.01898	0.00903
AGA	AAA	GA	0.68662	0.02155	0.02979	-0.68662	0.04283	0.02979
AGA	AGT	AT	-2.78628	0.00680	0.00124	2.78628	0.00042	0.00124
AGA	AGC	AC	1.94427	0.00498	0.01129	-1.94427	0.03477	0.01129
AGG	TGG	AT	-4.11387	0.02563	0.00175	4.11387	0.00042	0.00175
AGG	CGG	AC	-0.10085	0.01877	0.01784	0.10085	0.01697	0.01784
AGG	ATG	GT	0.02072	0.02563	0.02590	-0.02072	0.02617	0.02590
AGG	ACG	GC	-2.85667	0.01877	0.00327	2.85667	0.00108	0.00327
AGG	AAG	GA	0.32267	0.08130	0.09512	-0.32267	0.11226	0.09512
AGG	AGT	GT	-5.18329	0.02563	0.00075	5.18329	0.00014	0.00075
AGG	AGC	GC	-0.45274	0.01877	0.01484	0.45274	0.01193	0.01484
AGG	AGA	GA	-2.39701	0.08130	0.01951	2.39701	0.00740	0.01951
GTT	TTT	GT	0.26808	0.03970	0.04526	-0.26808	0.05191	0.04526
GTT	CTT	GC	-0.46884	0.02907	0.02279	0.46884	0.01819	0.02279
GTT	ATT	GA	-1.18721	0.12592	0.06563	1.18721	0.03842	0.06563
GTC	TTC	GT	-0.32149	0.03004	0.02547	0.32149	0.02178	0.02547
GTC	CTC	GC	-0.62977	0.02200	0.01579	0.62977	0.01172	0.01579
GTC	ATC	GA	-1.56841	0.09529	0.03934	1.56841	0.01986	0.03934
GTC	GTT	CT	-0.03300	0.05424	0.05335	0.03300	0.05247	0.05335
GTA	TTA	GT	0.33709	0.00775	0.00913	-0.33709	0.01086	0.00913
GTA	CTA	GC	1.09111	0.00567	0.00932	-1.09111	0.01690	0.00932
GTA	ATA	GA	-4.55066	0.02458	0.00119	4.55066	0.00026	0.00119
GTA	GTT	AT	2.19738	0.00775	0.01916	-2.19738	0.06976	0.01916
GTA	GTC	AC	2.23038	0.00567	0.01418	-2.23038	0.05279	0.01418
GTG	TTG	GT	-1.27493	0.00978	0.00483	1.27493	0.00273	0.00483
GTG	CTG	GC	1.17994	0.00716	0.01219	-1.17994	0.02329	0.01219
GTG	ATG	GA	0.42101	0.03101	0.03799	-0.42101	0.04724	0.03799
GTG	GTT	GT	0.89562	0.00978	0.01480	-0.89562	0.02394	0.01480
GTG	GTC	GC	0.92862	0.00716	0.01099	-0.92862	0.01812	0.01099
GTG	GTA	GA	-1.30175	0.03101	0.01509	1.30175	0.00844	0.01509
GCT	TCT	GT	-1.18599	0.05484	0.02860	1.18599	0.01675	0.02860
GCT	CCT	GC	-0.04867	0.04016	0.03919	0.04867	0.03825	0.03919
GCT	ACT	GA	-5.12121	0.17395	0.00535	5.12121	0.00104	0.00535
GCT	GTT	CT	-0.63480	0.09900	0.07088	0.63480	0.05247	0.07088
GCC	TCC	GT	-1.19543	0.06772	0.03512	1.19543	0.02049	0.03512
GCC	CCC	GC	-0.58296	0.04958	0.03653	0.58296	0.02768	0.03653
GCC	ACC	GA	-1.66854	0.21479	0.08326	1.66854	0.04049	0.08326
GCC	GTC	CT	-1.12440	0.12224	0.06613	1.12440	0.03971	0.06613
GCC	GCT	CT	-0.52261	0.12224	0.09307	0.52261	0.07249	0.09307
GCA	TCA	GT	-6.91103	0.07213	0.00050	6.91103	0.00007	0.00050
GCA	CCA	GC	-1.20569	0.05281	0.02722	1.20569	0.01582	0.02722
GCA	ACA	GA	-1.89870	0.22878	0.07651	1.89870	0.03426	0.07651
GCA	GTA	CT	-2.54255	0.13021	0.02827	2.54255	0.01024	0.02827
GCA	GCT	AT	0.28962	0.07213	0.08308	-0.28962	0.09636	0.08308
GCA	GCC	AC	0.81223	0.05281	0.07713	-0.81223	0.11899	0.07713
GCG	TCG	GT	-9.55170	0.01407	0.00001	9.55170	0.00000	0.00000
GCG	CCG	GC	-0.79038	0.01030	0.00676	0.79038	0.00467	0.00676
GCG	ACG	GA	-3.13206	0.04462	0.00638	3.13206	0.00195	0.00638
GCG	GTG	CT	-0.67568	0.02540	0.01778	0.67568	0.01292	0.01778
GCG	GCT	GT	0.85474	0.01407	0.02093	-0.85474	0.03307	0.02093
GCG	GCC	GC	1.37735	0.01030	0.01897	-1.37735	0.04084	0.01897
GCG	GCA	GA	0.56512	0.04462	0.05841	-0.56512	0.07852	0.05841
GAT	TAT	GT	-0.89402	0.02742	0.01697	0.89402	0.01122	0.01697
GAT	CAT	GC	-1.04720	0.02008	0.01137	1.04720	0.00705	0.01137
GAT	AAT	GA	-0.37845	0.08697	0.07155	0.37845	0.05957	0.07155
GAT	GTT	AT	0.93369	0.02742	0.04219	-0.93369	0.06976	0.04219
GAT	GCT	AC	1.56848	0.02008	0.03978	-1.56848	0.09636	0.03978
GAC	TAC	GT	-5.40177	0.06379	0.00156	5.40177	0.00029	0.00156
GAC	CAC	GC	-1.52053	0.04670	0.01987	1.52053	0.01021	0.01987
GAC	AAC	GA	-1.27634	0.20231	0.09995	1.27634	0.05646	0.09995
GAC	GTC	AT	-0.18921	0.06379	0.05794	0.18921	0.05279	0.05794
GAC	GCC	AC	0.93519	0.04670	0.07190	-0.93519	0.11899	0.07190
GAC	GAT	CT	-1.15590	0.11514	0.06114	1.15590	0.03624	0.06114
GAA	CAA	GC	-1.30012	0.04723	0.02300	1.30012	0.01287	0.02300
GAA	AAA	GA	-1.56375	0.20458	0.08471	1.56375	0.04283	0.08471
GAA	GTA	AT	-1.55541	0.06450	0.02685	1.55541	0.01362	0.02685
GAA	GCA	AC	0.98715	0.04723	0.07431	-0.98715	0.12674	0.07431
GAA	GAT	AT	-0.29172	0.06450	0.05555	0.29172	0.04818	0.05555
GAA	GAC	AC	0.86418	0.04723	0.07054	-0.86418	0.11207	0.07054
GAG	CAG	GC	-0.52527	0.03623	0.02754	0.52527	0.02142	0.02754
GAG	AAG	GA	-0.33497	0.15693	0.13211	0.33497	0.11226	0.13211
GAG	GTG	AT	-1.05794	0.04948	0.02784	1.05794	0.01718	0.02784
GAG	GCG	AC	-0.38226	0.03623	0.02974	0.38226	0.02472	0.02974
GAG	GAT	GT	-1.09600	0.04948	0.02722	1.09600	0.01654	0.02722
GAG	GAC	GC	0.05990	0.03623	0.03732	-0.05990	0.03846	0.03732
GAG	GAA	GA	-0.80428	0.15693	0.10219	0.80428	0.07021	0.10219
GGT	TGT	GT	-10.28228	0.02921	0.00001	10.28228	0.00000	0.00000
GGT	CGT	GC	-0.63275	0.02139	0.01533	0.63275	0.01136	0.01533
GGT	AGT	GA	-5.87753	0.09265	0.00153	5.87753	0.00026	0.00153
GGT	GTT	GT	-0.19891	0.02921	0.02640	0.19891	0.02394	0.02640
GGT	GCT	GC	0.43588	0.02139	0.02639	-0.43588	0.03307	0.02639
GGT	GAT	GA	-1.13260	0.09265	0.04988	1.13260	0.02985	0.04988
GGC	TGC	GT	-5.38860	0.04721	0.00117	5.38860	0.00022	0.00117
GGC	CGC	GC	-10.45072	0.03457	0.00001	10.45072	0.00000	0.00000
GGC	AGC	GA	-1.93885	0.14975	0.04879	1.93885	0.02154	0.04879
GGC	GTC	GT	-0.95778	0.04721	0.02816	0.95778	0.01812	0.02816
GGC	GCC	GC	0.16662	0.03457	0.03753	-0.16662	0.04084	0.03753
GGC	GAC	GA	-0.76857	0.14975	0.09950	0.76857	0.06943	0.09950
GGC	GGT	CT	-0.79187	0.08523	0.05589	0.79187	0.03861	0.05589
GGA	CGA	GC	-2.79678	0.00707	0.00128	2.79678	0.00043	0.00128
GGA	AGA	GA	-1.42082	0.03063	0.01386	1.42082	0.00740	0.01386
GGA	GTA	GT	-0.72586	0.00966	0.00657	0.72586	0.00467	0.00657
GGA	GCA	GC	1.81669	0.00707	0.01534	-1.81669	0.04350	0.01534
GGA	GAA	GA	0.82955	0.03063	0.04507	-0.82955	0.07021	0.04507
GGA	GGT	AT	1.67043	0.00966	0.01987	-1.67043	0.05132	0.01987
GGA	GGC	AC	2.46230	0.00707	0.01903	-2.46230	0.08296	0.01903
GGG	TGG	GT	-0.91126	0.00036	0.00022	0.91126	0.00014	0.00022
GGG	CGG	GC	3.10175	0.00026	0.00085	-3.10175	0.00582	0.00085
GGG	AGG	GA	3.20260	0.00113	0.00379	-3.20260	0.02790	0.00379
GGG	GTG	GT	2.80231	0.00036	0.00107	-2.80231	0.00590	0.00107
GGG	GCG	GC	3.47799	0.00026	0.00094	-3.47799	0.00848	0.00094
GGG	GAG	GA	3.86024	0.00113	0.00447	-3.86024	0.05386	0.00447
GGG	GGT	GT	3.89685	0.00036	0.00142	-3.89685	0.01761	0.00142
GGG	GGC	GC	4.68872	0.00026	0.00124	-4.68872	0.02847	0.00124
GGG	GGA	GA	2.22641	0.00113	0.00283	-2.22641	0.01051	0.00283


Histograms
2Ns	FMut	FSub(CodonUsage)	FSubw(after w)

-9.95307	0.01225	0.00001
-8.95776	0.00476	0.00001
-7.96245	0.00239	0.00001
-6.96715	0.00706	0.00008
-5.97184	0.02357	0.00053
-4.97653	0.04846	0.00226
-3.98123	0.02600	0.00270
-2.98592	0.03844	0.00904
-1.99061	0.15472	0.07393
-0.99531	0.31860	0.26788
0.00000	0.20883	0.28714
0.99531	0.12735	0.26788
1.99061	0.02453	0.07393
2.98592	0.00215	0.00904
3.98123	0.00048	0.00270
4.97653	0.00032	0.00225
5.97184	0.00006	0.00053
6.96715	0.00001	0.00008
7.96245	0.00000	0.00000
8.95776	0.00000	0.00000
9.95307	0.00000	0.00000

Proportion of advantageous (S > 0) mutations:
 0.24648

Proportions of good & bad mutations (|S| > 2.0000) among mutations:
0.00960  0.22122

mean |Ns| = 1.64669	mean Ns+ = 0.76493	mean Ns- = -1.93512


MLEs of dN/dS (w) for site classes (K=4)

site class             0        1       2a       2b
proportion       0.59138  0.05844  0.31869  0.03149
background w     0.10633  2.04113  0.10633  2.04113
foreground w     0.10633  2.04113  2.55814  2.55814

Naive Empirical Bayes (NEB) probabilities for 4 classes
(amino acids refer to 1st sequence: Bacu)

   1 D   0.66685 0.00407 0.32693 0.00215 ( 1)
   2 Q   0.65906 0.00262 0.33693 0.00139 ( 1)
   3 A   0.00970 0.64182 0.00506 0.34342 ( 2)
   4 N   0.66180 0.00166 0.33566 0.00088 ( 1)
   5 H   0.64841 0.01686 0.32578 0.00895 ( 1)
   6 H   0.66473 0.00084 0.33398 0.00045 ( 1)
   7 S   0.59995 0.05998 0.30808 0.03199 ( 1)
   8 S   0.66069 0.00193 0.33636 0.00103 ( 1)
   9 S   0.60270 0.05726 0.30949 0.03055 ( 1)
  10 K   0.15806 0.49536 0.08186 0.26472 ( 2)
  11 N   0.65760 0.00317 0.33754 0.00169 ( 1)
  12 Q   0.62407 0.03711 0.31904 0.01978 ( 1)
  13 F   0.53716 0.11937 0.27960 0.06386 ( 1)
  14 D   0.66151 0.00164 0.33597 0.00088 ( 1)
  15 R   0.65620 0.00414 0.33746 0.00221 ( 1)
  16 F   0.58689 0.07185 0.30289 0.03837 ( 1)
  17 F   0.65041 0.00719 0.33855 0.00385 ( 1)
  18 R   0.63335 0.02670 0.32571 0.01425 ( 1)
  19 R   0.62863 0.03136 0.32328 0.01673 ( 1)
  20 L   0.35844 0.29764 0.18499 0.15894 ( 1)
  21 S   0.65769 0.00298 0.33773 0.00159 ( 1)
  22 F   0.01820 0.63390 0.00939 0.33851 ( 2)
  23 S   0.00000 0.65148 0.00000 0.34852 ( 2)
  24 F   0.54891 0.10774 0.28571 0.05764 ( 1)
  25 F   0.52063 0.13575 0.27099 0.07262 ( 1)
  26 -   0.62919 0.02886 0.32652 0.01543 ( 1)
  27 P   0.14970 0.50349 0.07765 0.26916 ( 2)
  28 I   0.07763 0.00036 0.92177 0.00024 ( 3)
  29 L   0.66373 0.00096 0.33481 0.00051 ( 1)
  30 L   0.16275 0.49048 0.08451 0.26226 ( 2)
  31 N   0.66207 0.00140 0.33579 0.00074 ( 1)
  32 T   0.01797 0.63405 0.00929 0.33869 ( 2)
  33 M   0.65949 0.00201 0.33743 0.00107 ( 1)
  34 A   0.64381 0.01168 0.33825 0.00626 ( 1)
  35 P   0.65478 0.00418 0.33881 0.00223 ( 1)
  36 K   0.65410 0.00464 0.33878 0.00248 ( 1)
  37 K   0.65410 0.00464 0.33878 0.00248 ( 1)
  38 D   0.66205 0.00111 0.33625 0.00059 ( 1)
  39 V   0.66888 0.00020 0.33082 0.00010 ( 1)
  40 K   0.65410 0.00464 0.33878 0.00248 ( 1)
  41 K   0.66277 0.00102 0.33566 0.00054 ( 1)
  42 P   0.59927 0.05643 0.31407 0.03023 ( 1)
  43 A   0.64925 0.00766 0.33899 0.00410 ( 1)
  44 A   0.65383 0.00503 0.33845 0.00269 ( 1)
  45 A   0.07272 0.01722 0.89855 0.01151 ( 3)
  46 A   0.52265 0.13317 0.27289 0.07129 ( 1)
  47 A   0.65343 0.00542 0.33825 0.00290 ( 1)
  48 P   0.65121 0.00549 0.34036 0.00294 ( 1)
  49 A   0.65444 0.00442 0.33877 0.00236 ( 1)
  50 P   0.64914 0.00694 0.34020 0.00372 ( 1)
  51 A   0.65363 0.00523 0.33835 0.00279 ( 1)
  52 P   0.65313 0.00909 0.33294 0.00484 ( 1)
  53 A   0.65048 0.00576 0.34067 0.00309 ( 1)
  54 P   0.65306 0.00473 0.33968 0.00253 ( 1)
  55 A   0.64763 0.00789 0.34026 0.00423 ( 1)
  56 P   0.65208 0.00403 0.34174 0.00216 ( 1)
  57 A   0.49785 0.15663 0.26157 0.08395 ( 1)
  58 P   0.64588 0.01017 0.33849 0.00545 ( 1)
  59 A   0.64341 0.01208 0.33804 0.00647 ( 1)
  60 P   0.64607 0.00999 0.33859 0.00535 ( 1)
  61 A   0.64346 0.01203 0.33807 0.00645 ( 1)
  62 P   0.64587 0.01019 0.33849 0.00546 ( 1)
  63 A   0.47306 0.18234 0.24699 0.09761 ( 1)
  64 P   0.65246 0.00455 0.34055 0.00243 ( 1)
  65 P   0.65001 0.00654 0.33994 0.00350 ( 1)
  66 K   0.65923 0.00159 0.33833 0.00085 ( 1)
  67 E   0.65476 0.00365 0.33964 0.00195 ( 1)
  68 K   0.00623 0.64457 0.00329 0.34590 ( 2)
  69 K   0.65065 0.00618 0.33986 0.00331 ( 1)
  70 I   0.65915 0.00159 0.33841 0.00085 ( 1)
  71 D   0.65843 0.00189 0.33867 0.00101 ( 1)
  72 L   0.65905 0.00162 0.33846 0.00086 ( 1)
  73 S   0.62154 0.03792 0.32030 0.02024 ( 1)
  74 A   0.65154 0.00540 0.34018 0.00289 ( 1)
  75 I   0.04522 0.60751 0.02322 0.32406 ( 2)
  76 E   0.60033 0.05966 0.30819 0.03182 ( 1)
  77 F   0.65618 0.00337 0.33865 0.00180 ( 1)
  78 K   0.65442 0.00432 0.33895 0.00231 ( 1)
  79 E   0.65812 0.00243 0.33814 0.00130 ( 1)
  80 A   0.64545 0.01005 0.33911 0.00539 ( 1)
  81 F   0.65160 0.00601 0.33917 0.00322 ( 1)
  82 L   0.66266 0.00094 0.33589 0.00050 ( 1)
  83 L   0.64501 0.01046 0.33892 0.00561 ( 1)
  84 Y   0.66179 0.00297 0.33367 0.00158 ( 1)
  85 D   0.66205 0.00111 0.33625 0.00059 ( 1)
  86 R   0.66190 0.00574 0.32932 0.00304 ( 1)
  87 Q   0.30543 0.34983 0.15786 0.18687 ( 2)
  88 G   0.65351 0.00468 0.33932 0.00250 ( 1)
  89 D   0.07748 0.00022 0.92216 0.00014 ( 3)
  90 N   0.00000 0.65242 0.00000 0.34757 ( 2)
  91 K   0.65442 0.00432 0.33895 0.00231 ( 1)
  92 I   0.67031 0.00011 0.32952 0.00006 ( 1)
  93 T   0.64791 0.01564 0.32813 0.00832 ( 1)
  94 L   0.65330 0.00486 0.33924 0.00260 ( 1)
  95 S   0.09075 0.56414 0.04558 0.29953 ( 2)
  96 Q   0.65997 0.00172 0.33739 0.00092 ( 1)
  97 V   0.66130 0.00130 0.33672 0.00069 ( 1)
  98 G   0.65119 0.00621 0.33928 0.00332 ( 1)
  99 D   0.67092 0.00010 0.32893 0.00005 ( 1)
 100 V   0.66342 0.00078 0.33538 0.00042 ( 1)
 101 L   0.66401 0.00068 0.33495 0.00036 ( 1)
 102 R   0.65845 0.00228 0.33805 0.00122 ( 1)
 103 A   0.64967 0.00724 0.33921 0.00388 ( 1)
 104 L   0.64919 0.00759 0.33917 0.00406 ( 1)
 105 G   0.65350 0.00476 0.33919 0.00255 ( 1)
 106 T   0.65563 0.00359 0.33886 0.00192 ( 1)
 107 N   0.65848 0.00230 0.33799 0.00123 ( 1)
 108 P   0.65372 0.00467 0.33911 0.00250 ( 1)
 109 T   0.66290 0.00090 0.33572 0.00048 ( 1)
 110 N   0.65848 0.00230 0.33799 0.00123 ( 1)
 111 A   0.64433 0.01116 0.33852 0.00598 ( 1)
 112 E   0.65812 0.00243 0.33814 0.00130 ( 1)
 113 V   0.66342 0.00078 0.33538 0.00042 ( 1)
 114 K   0.65443 0.00431 0.33895 0.00231 ( 1)
 115 E   0.00000 0.59974 0.00000 0.40026 ( 2)
 116 V   0.66164 0.00096 0.33689 0.00051 ( 1)
 117 L   0.53398 0.12182 0.27898 0.06522 ( 1)
 118 G   0.66509 0.00050 0.33413 0.00027 ( 1)
 119 N   0.64357 0.01959 0.32641 0.01042 ( 1)
 120 P   0.65372 0.00467 0.33911 0.00250 ( 1)
 121 S   0.66519 0.00048 0.33408 0.00025 ( 1)
 122 N   0.27286 0.38286 0.14006 0.20422 ( 2)
 123 E   0.65841 0.00234 0.33800 0.00125 ( 1)
 124 E   0.65813 0.00243 0.33815 0.00130 ( 1)
 125 M   0.65967 0.00183 0.33752 0.00098 ( 1)
 126 N   0.65848 0.00230 0.33799 0.00123 ( 1)
 127 V   0.59359 0.06461 0.30727 0.03452 ( 1)
 128 K   0.65442 0.00432 0.33895 0.00231 ( 1)
 129 K   0.66288 0.00091 0.33572 0.00049 ( 1)
 130 I   0.66277 0.00092 0.33581 0.00049 ( 1)
 131 E   0.65810 0.00245 0.33813 0.00131 ( 1)
 132 F   0.65158 0.00604 0.33915 0.00323 ( 1)
 133 E   0.61766 0.04255 0.31709 0.02270 ( 1)
 134 Q   0.66287 0.00093 0.33570 0.00049 ( 1)
 135 F   0.65160 0.00601 0.33917 0.00322 ( 1)
 136 L   0.64919 0.00759 0.33917 0.00406 ( 1)
 137 P   0.65372 0.00467 0.33911 0.00250 ( 1)
 138 M   0.65967 0.00183 0.33752 0.00098 ( 1)
 139 L   0.44866 0.20989 0.22956 0.11188 ( 1)
 140 Q   0.66291 0.00089 0.33572 0.00048 ( 1)
 141 S   0.62948 0.03265 0.32048 0.01739 ( 1)
 142 I   0.66277 0.00092 0.33581 0.00049 ( 1)
 143 S   0.65837 0.00232 0.33808 0.00124 ( 1)
 144 N   0.66245 0.00102 0.33599 0.00054 ( 1)
 145 K   0.64448 0.01870 0.32687 0.00995 ( 1)
 146 K   0.65442 0.00432 0.33895 0.00231 ( 1)
 147 D   0.66205 0.00111 0.33625 0.00059 ( 1)
 148 Q   0.65997 0.00172 0.33739 0.00092 ( 1)
 149 G   0.65342 0.00485 0.33914 0.00259 ( 1)
 150 T   0.66360 0.00021 0.33607 0.00011 ( 1)
 151 Y   0.66420 0.00060 0.33488 0.00032 ( 1)
 152 E   0.65841 0.00234 0.33800 0.00125 ( 1)
 153 D   0.66205 0.00111 0.33625 0.00059 ( 1)
 154 F   0.65154 0.00608 0.33913 0.00325 ( 1)
 155 V   0.66130 0.00130 0.33672 0.00069 ( 1)
 156 E   0.65813 0.00243 0.33815 0.00130 ( 1)
 157 G   0.65119 0.00621 0.33928 0.00332 ( 1)
 158 L   0.64919 0.00759 0.33917 0.00406 ( 1)
 159 R   0.65251 0.00535 0.33927 0.00286 ( 1)
 160 V   0.66342 0.00078 0.33538 0.00042 ( 1)
 161 F   0.65166 0.00596 0.33920 0.00319 ( 1)
 162 D   0.66205 0.00111 0.33625 0.00059 ( 1)
 163 K   0.65442 0.00432 0.33895 0.00231 ( 1)
 164 E   0.65841 0.00234 0.33800 0.00125 ( 1)
 165 G   0.65342 0.00485 0.33914 0.00259 ( 1)
 166 N   0.65848 0.00230 0.33799 0.00123 ( 1)
 167 G   0.65342 0.00485 0.33914 0.00259 ( 1)
 168 T   0.66360 0.00021 0.33608 0.00011 ( 1)
 169 V   0.66140 0.00120 0.33677 0.00064 ( 1)
 170 M   0.65967 0.00183 0.33752 0.00098 ( 1)
 171 G   0.65119 0.00621 0.33928 0.00332 ( 1)
 172 A   0.64967 0.00724 0.33921 0.00388 ( 1)
 173 E   0.65841 0.00234 0.33800 0.00125 ( 1)
 174 L   0.66401 0.00068 0.33495 0.00036 ( 1)
 175 R   0.65250 0.00536 0.33926 0.00287 ( 1)
 176 H   0.67642 0.00002 0.32355 0.00001 ( 1)
 177 V   0.66895 0.00030 0.33059 0.00016 ( 1)
 178 L   0.64435 0.01112 0.33857 0.00596 ( 1)
 179 A   0.65029 0.00663 0.33954 0.00355 ( 1)
 180 T   0.65804 0.00121 0.34011 0.00064 ( 1)
 181 L   0.64491 0.01056 0.33886 0.00566 ( 1)


lnL = -1903.924052

Bayes Empirical Bayes (BEB) probabilities for 4 classes (class)
(amino acids refer to 1st sequence: Bacu)

   1 D   0.57117 0.16462 0.20291 0.06129 ( 1)
   2 Q   0.69069 0.03491 0.26081 0.01359 ( 1)
   3 A   0.00187 0.71645 0.00073 0.28095 ( 2)
   4 N   0.69926 0.02854 0.26118 0.01102 ( 1)
   5 H   0.45806 0.27087 0.16796 0.10311 ( 1)
   6 H   0.70944 0.02098 0.26155 0.00803 ( 1)
   7 S   0.33936 0.38355 0.12809 0.14900 ( 2)
   8 S   0.69586 0.03091 0.26125 0.01198 ( 1)
   9 S   0.34376 0.37917 0.12976 0.14731 ( 2)
  10 K   0.02754 0.69216 0.01053 0.26977 ( 2)
  11 N   0.68575 0.03872 0.26040 0.01513 ( 1)
  12 Q   0.38530 0.33892 0.14462 0.13117 ( 1)
  13 F   0.27095 0.44837 0.10419 0.17649 ( 2)
  14 D   0.69899 0.02843 0.26158 0.01099 ( 1)
  15 R   0.67981 0.04412 0.25879 0.01727 ( 1)
  16 F   0.32156 0.40003 0.12222 0.15618 ( 2)
  17 F   0.66412 0.05640 0.25713 0.02235 ( 1)
  18 R   0.41464 0.30822 0.15704 0.12010 ( 1)
  19 R   0.39687 0.32591 0.15026 0.12695 ( 1)
  20 L   0.04997 0.67062 0.01898 0.26043 ( 2)
  21 S   0.68656 0.03781 0.26086 0.01478 ( 1)
  22 F   0.00255 0.71786 0.00098 0.27860 ( 2)
  23 S   0.00000 0.71850 0.00000 0.28149 ( 2)
  24 F   0.28239 0.43696 0.10861 0.17204 ( 2)
  25 F   0.25799 0.46129 0.09919 0.18153 ( 2)
  26 -   0.61505 0.10615 0.23690 0.04191 ( 1)
  27 P   0.02648 0.69289 0.01015 0.27049 ( 2)
  28 I   0.05318 0.01321 0.92133 0.01227 ( 3)
  29 L   0.70718 0.02215 0.26216 0.00851 ( 1)
  30 L   0.02760 0.69155 0.01059 0.27026 ( 2)
  31 N   0.70153 0.02629 0.26204 0.01015 ( 1)
  32 T   0.00251 0.71759 0.00097 0.27893 ( 2)
  33 M   0.69405 0.03133 0.26241 0.01220 ( 1)
  34 A   0.64744 0.07042 0.25396 0.02817 ( 1)
  35 P   0.67797 0.04426 0.26033 0.01743 ( 1)
  36 K   0.67595 0.04599 0.25993 0.01813 ( 1)
  37 K   0.67595 0.04599 0.25993 0.01813 ( 1)
  38 D   0.70446 0.02300 0.26365 0.00889 ( 1)
  39 V   0.72430 0.01041 0.26137 0.00392 ( 1)
  40 K   0.67595 0.04599 0.25993 0.01813 ( 1)
  41 K   0.70555 0.02269 0.26302 0.00875 ( 1)
  42 P   0.34194 0.37587 0.13294 0.14924 ( 2)
  43 A   0.66128 0.05837 0.25714 0.02321 ( 1)
  44 A   0.67394 0.04815 0.25893 0.01898 ( 1)
  45 A   0.04161 0.07210 0.81165 0.07464 ( 3)
  46 A   0.25835 0.46019 0.09977 0.18169 ( 2)
  47 A   0.67235 0.04974 0.25831 0.01960 ( 1)
  48 P   0.66937 0.05002 0.26070 0.01991 ( 1)
  49 A   0.67683 0.04527 0.26005 0.01784 ( 1)
  50 P   0.66302 0.05559 0.25921 0.02219 ( 1)
  51 A   0.67319 0.04890 0.25864 0.01927 ( 1)
  52 P   0.66291 0.06337 0.24915 0.02457 ( 1)
  53 A   0.66780 0.05101 0.26084 0.02035 ( 1)
  54 P   0.67401 0.04675 0.26073 0.01851 ( 1)
  55 A   0.65893 0.05896 0.25852 0.02359 ( 1)
  56 P   0.67524 0.04339 0.26404 0.01732 ( 1)
  57 A   0.24168 0.47527 0.09418 0.18887 ( 2)
  58 P   0.65234 0.06624 0.25499 0.02643 ( 1)
  59 A   0.64657 0.07130 0.25361 0.02852 ( 1)
  60 P   0.65305 0.06553 0.25527 0.02615 ( 1)
  61 A   0.64670 0.07117 0.25366 0.02847 ( 1)
  62 P   0.65246 0.06612 0.25504 0.02638 ( 1)
  63 A   0.20524 0.51315 0.07921 0.20240 ( 2)
  64 P   0.67403 0.04576 0.26202 0.01819 ( 1)
  65 P   0.66526 0.05395 0.25931 0.02148 ( 1)
  66 K   0.69683 0.02773 0.26461 0.01084 ( 1)
  67 E   0.68072 0.04082 0.26235 0.01612 ( 1)
  68 K   0.00152 0.71367 0.00061 0.28420 ( 2)
  69 K   0.66750 0.05204 0.25976 0.02070 ( 1)
  70 I   0.69655 0.02791 0.26463 0.01091 ( 1)
  71 D   0.69389 0.03004 0.26431 0.01177 ( 1)
  72 L   0.69618 0.02820 0.26459 0.01103 ( 1)
  73 S   0.38263 0.33958 0.14526 0.13253 ( 1)
  74 A   0.67037 0.04931 0.26071 0.01961 ( 1)
  75 I   0.00402 0.71756 0.00153 0.27689 ( 2)
  76 E   0.34245 0.38054 0.12921 0.14781 ( 2)
  77 F   0.68307 0.03989 0.26137 0.01567 ( 1)
  78 K   0.67743 0.04451 0.26051 0.01755 ( 1)
  79 E   0.68992 0.03430 0.26236 0.01342 ( 1)
  80 A   0.65201 0.06586 0.25577 0.02635 ( 1)
  81 F   0.66859 0.05194 0.25889 0.02058 ( 1)
  82 L   0.70601 0.02201 0.26349 0.00849 ( 1)
  83 L   0.65073 0.06712 0.25530 0.02685 ( 1)
  84 Y   0.58565 0.14313 0.21640 0.05482 ( 1)
  85 D   0.70384 0.02361 0.26342 0.00913 ( 1)
  86 R   0.54408 0.18785 0.19715 0.07093 ( 1)
  87 Q   0.04293 0.67731 0.01634 0.26341 ( 2)
  88 G   0.67476 0.04649 0.26037 0.01838 ( 1)
  89 D   0.05332 0.01036 0.92669 0.00963 ( 3)
  90 N   0.00000 0.72077 0.00000 0.27922 ( 2)
  91 K   0.67743 0.04451 0.26051 0.01755 ( 1)
  92 I   0.72837 0.00796 0.26070 0.00298 ( 1)
  93 T   0.46404 0.26292 0.17211 0.10093 ( 1)
  94 L   0.67361 0.04762 0.25994 0.01883 ( 1)
  95 S   0.00567 0.72070 0.00209 0.27154 ( 2)
  96 Q   0.69648 0.02915 0.26302 0.01135 ( 1)
  97 V   0.70121 0.02555 0.26334 0.00990 ( 1)
  98 G   0.66711 0.05316 0.25864 0.02109 ( 1)
  99 D   0.72975 0.00729 0.26024 0.00272 ( 1)
 100 V   0.70860 0.02016 0.26349 0.00776 ( 1)
 101 L   0.71058 0.01878 0.26344 0.00721 ( 1)
 102 R   0.69103 0.03341 0.26250 0.01306 ( 1)
 103 A   0.66274 0.05691 0.25772 0.02263 ( 1)
 104 L   0.66144 0.05804 0.25743 0.02309 ( 1)
 105 G   0.67444 0.04692 0.26010 0.01854 ( 1)
 106 T   0.68127 0.04128 0.26120 0.01624 ( 1)
 107 N   0.69118 0.03331 0.26249 0.01302 ( 1)
 108 P   0.67503 0.04648 0.26013 0.01836 ( 1)
 109 T   0.70682 0.02143 0.26349 0.00826 ( 1)
 110 N   0.69118 0.03331 0.26249 0.01302 ( 1)
 111 A   0.64884 0.06903 0.25452 0.02762 ( 1)
 112 E   0.68992 0.03430 0.26236 0.01342 ( 1)
 113 V   0.70860 0.02016 0.26349 0.00776 ( 1)
 114 K   0.67757 0.04437 0.26056 0.01750 ( 1)
 115 E   0.00000 0.44001 0.00000 0.55999 ( 4)
 116 V   0.70480 0.02198 0.26471 0.00852 ( 1)
 117 L   0.26718 0.45123 0.10329 0.17831 ( 2)
 118 G   0.71411 0.01636 0.26327 0.00626 ( 1)
 119 N   0.44661 0.27987 0.16594 0.10757 ( 1)
 120 P   0.67503 0.04648 0.26013 0.01836 ( 1)
 121 S   0.71464 0.01592 0.26336 0.00609 ( 1)
 122 N   0.03951 0.68225 0.01490 0.26334 ( 2)
 123 E   0.69093 0.03352 0.26245 0.01310 ( 1)
 124 E   0.68994 0.03428 0.26237 0.01341 ( 1)
 125 M   0.69539 0.03000 0.26292 0.01169 ( 1)
 126 N   0.69118 0.03331 0.26249 0.01302 ( 1)
 127 V   0.33106 0.38983 0.12640 0.15271 ( 2)
 128 K   0.67743 0.04451 0.26051 0.01755 ( 1)
 129 K   0.70672 0.02152 0.26346 0.00830 ( 1)
 130 I   0.70637 0.02175 0.26349 0.00839 ( 1)
 131 E   0.68985 0.03436 0.26234 0.01344 ( 1)
 132 F   0.66859 0.05194 0.25889 0.02058 ( 1)
 133 E   0.37328 0.34983 0.14092 0.13597 ( 1)
 134 Q   0.70657 0.02168 0.26339 0.00836 ( 1)
 135 F   0.66859 0.05194 0.25889 0.02058 ( 1)
 136 L   0.66144 0.05804 0.25743 0.02309 ( 1)
 137 P   0.67503 0.04648 0.26013 0.01836 ( 1)
 138 M   0.69539 0.03000 0.26292 0.01169 ( 1)
 139 L   0.06304 0.65954 0.02363 0.25379 ( 2)
 140 Q   0.70684 0.02142 0.26349 0.00826 ( 1)
 141 S   0.39678 0.32853 0.14807 0.12662 ( 1)
 142 I   0.70637 0.02175 0.26349 0.00839 ( 1)
 143 S   0.69078 0.03361 0.26248 0.01314 ( 1)
 144 N   0.70522 0.02261 0.26344 0.00873 ( 1)
 145 K   0.44947 0.27703 0.16702 0.10648 ( 1)
 146 K   0.67743 0.04451 0.26051 0.01755 ( 1)
 147 D   0.70384 0.02361 0.26342 0.00913 ( 1)
 148 Q   0.69648 0.02915 0.26302 0.01135 ( 1)
 149 G   0.67406 0.04729 0.25996 0.01869 ( 1)
 150 T   0.71793 0.01038 0.26769 0.00400 ( 1)
 151 Y   0.71175 0.01774 0.26369 0.00681 ( 1)
 152 E   0.69093 0.03352 0.26245 0.01310 ( 1)
 153 D   0.70384 0.02361 0.26342 0.00913 ( 1)
 154 F   0.66860 0.05193 0.25889 0.02058 ( 1)
 155 V   0.70121 0.02555 0.26334 0.00990 ( 1)
 156 E   0.68994 0.03428 0.26237 0.01341 ( 1)
 157 G   0.66711 0.05316 0.25864 0.02109 ( 1)
 158 L   0.66144 0.05804 0.25743 0.02309 ( 1)
 159 R   0.67112 0.04975 0.25945 0.01969 ( 1)
 160 V   0.70860 0.02016 0.26349 0.00776 ( 1)
 161 F   0.66975 0.05078 0.25934 0.02013 ( 1)
 162 D   0.70384 0.02361 0.26342 0.00913 ( 1)
 163 K   0.67743 0.04451 0.26051 0.01755 ( 1)
 164 E   0.69093 0.03352 0.26245 0.01310 ( 1)
 165 G   0.67406 0.04729 0.25996 0.01869 ( 1)
 166 N   0.69118 0.03331 0.26249 0.01302 ( 1)
 167 G   0.67406 0.04729 0.25996 0.01869 ( 1)
 168 T   0.71802 0.01029 0.26772 0.00397 ( 1)
 169 V   0.70218 0.02459 0.26371 0.00953 ( 1)
 170 M   0.69539 0.03000 0.26292 0.01169 ( 1)
 171 G   0.66711 0.05316 0.25864 0.02109 ( 1)
 172 A   0.66274 0.05691 0.25772 0.02263 ( 1)
 173 E   0.69093 0.03352 0.26245 0.01310 ( 1)
 174 L   0.71053 0.01882 0.26342 0.00723 ( 1)
 175 R   0.67106 0.04980 0.25943 0.01971 ( 1)
 176 H   0.74029 0.00316 0.25539 0.00115 ( 1)
 177 V   0.72216 0.01276 0.26028 0.00480 ( 1)
 178 L   0.64882 0.06902 0.25454 0.02762 ( 1)
 179 A   0.66506 0.05460 0.25863 0.02171 ( 1)
 180 T   0.69788 0.02474 0.26765 0.00974 ( 1)
 181 L   0.65044 0.06742 0.25518 0.02697 ( 1)

