Supplemental results for CODEML (seqf: /home/leticiamagpali/phd/evol_models/codeml/big_dataset/cml_align/MYL1_codon_aligned.phy  treef: /home/leticiamagpali/phd/evol_models/codeml/big_dataset/cml_trees/gene_trees/H3_gene_trees/MYL1_tree_H3.tre)

I	J	ij	2Ns_IJ	pMut_IJ	pSub_IJ	2Ns_JI	pMut_JI	pSub_JI

TTC	TTT	CT	0.62129	0.05596	0.07513	-0.62129	0.10416	0.07513
TTA	TTT	AT	2.25712	0.01642	0.04139	-2.25712	0.15688	0.04139
TTA	TTC	AC	1.63583	0.01282	0.02605	-1.63583	0.06584	0.02605
TTG	TTT	GT	2.53083	0.00413	0.01136	-2.53083	0.05191	0.01136
TTG	TTC	GC	1.90954	0.00323	0.00723	-1.90954	0.02178	0.00723
TTG	TTA	GA	0.27371	0.01403	0.01603	-0.27371	0.01844	0.01603
TCT	TTT	CT	0.88398	0.04303	0.06482	-0.88398	0.10416	0.06482
TCC	TTC	CT	-0.18576	0.05264	0.04790	0.18576	0.04371	0.04790
TCC	TCT	CT	-0.44845	0.05264	0.04171	0.44845	0.03361	0.04171
TCA	TTA	CT	4.77028	0.00018	0.00089	-4.77028	0.02178	0.00089
TCA	TCT	AT	6.14341	0.00011	0.00067	-6.14341	0.05063	0.00067
TCA	TCC	AC	6.59187	0.00008	0.00056	-6.59187	0.06193	0.00056
TCG	TTG	CT	7.66580	0.00000	0.00000	-7.66580	0.00548	0.00002
TCG	TCT	GT	9.31265	0.00000	0.00000	-9.31265	0.01675	0.00001
TCG	TCC	GC	9.76110	0.00000	0.00000	-9.76110	0.02049	0.00001
TCG	TCA	GA	3.16923	0.00000	0.00000	-3.16923	0.00012	0.00002
TAT	TTT	AT	2.22454	0.01696	0.04230	-2.22454	0.15688	0.04230
TAT	TCT	AC	1.34056	0.01325	0.02406	-1.34056	0.05063	0.02406
TAC	TTC	AT	5.01981	0.00043	0.00220	-5.01981	0.06584	0.00220
TAC	TCC	AC	5.20557	0.00034	0.00178	-5.20557	0.06193	0.00178
TAC	TAT	CT	3.41656	0.00074	0.00261	-3.41656	0.02251	0.00261
TGT	TTT	GT	10.44363	0.00000	0.00000	-10.44363	0.05191	0.00002
TGT	TCT	GC	9.55965	0.00000	0.00000	-9.55965	0.01675	0.00001
TGT	TAT	GA	8.21909	0.00000	0.00000	-8.21909	0.01905	0.00004
TGC	TTC	GT	4.20151	0.00033	0.00139	-4.20151	0.02178	0.00139
TGC	TCC	GC	4.38727	0.00025	0.00113	-4.38727	0.02049	0.00113
TGC	TAC	GA	-0.81830	0.00111	0.00072	0.81830	0.00049	0.00072
TGC	TGT	CT	-5.62083	0.00055	0.00001	5.62083	0.00000	0.00000
TGG	TTG	GT	2.53083	0.00022	0.00060	-2.53083	0.00273	0.00060
TGG	TCG	GC	-5.13498	0.00017	0.00001	5.13498	0.00000	0.00000
TGG	TGT	GT	-5.38198	0.00022	0.00001	5.38198	0.00000	0.00000
TGG	TGC	GC	0.23886	0.00017	0.00019	-0.23886	0.00022	0.00019
CTT	TTT	CT	0.80163	0.04673	0.06793	-0.80163	0.10416	0.06793
CTC	TTC	CT	0.37298	0.03010	0.03607	-0.37298	0.04371	0.03607
CTC	CTT	CT	0.19264	0.03010	0.03310	-0.19264	0.03650	0.03310
CTA	TTA	CT	-0.68931	0.04340	0.03015	0.68931	0.02178	0.03015
CTA	CTT	AT	0.76618	0.02555	0.03658	-0.76618	0.05497	0.03658
CTA	CTC	AC	0.57354	0.01996	0.02623	-0.57354	0.03542	0.02623
CTG	TTG	CT	-2.39016	0.05984	0.01442	2.39016	0.00548	0.01442
CTG	CTT	GT	-0.66097	0.03523	0.02486	0.66097	0.01819	0.02486
CTG	CTC	GC	-0.85360	0.02752	0.01742	0.85360	0.01172	0.01742
CTG	CTA	GA	-1.42714	0.11958	0.05389	1.42714	0.02870	0.05389
CCT	TCT	CT	-1.07261	0.09825	0.05480	1.07261	0.03361	0.05480
CCT	CTT	CT	-0.99026	0.09825	0.05751	0.99026	0.03650	0.05751
CCC	TCC	CT	-0.54776	0.07110	0.05340	0.54776	0.04112	0.05340
CCC	CTC	CT	-1.10650	0.07110	0.03888	1.10650	0.02352	0.03888
CCC	CCT	CT	0.07640	0.07110	0.07385	-0.07640	0.07675	0.07385
CCA	TCA	CT	-5.64063	0.04063	0.00082	5.64063	0.00014	0.00082
CCA	CTA	CT	-0.18104	0.04063	0.03706	0.18104	0.03390	0.03706
CCA	CCT	AT	1.57539	0.02392	0.04752	-1.57539	0.11560	0.04752
CCA	CCC	AC	1.49899	0.01868	0.03606	-1.49899	0.08365	0.03606
CCG	TCG	CT	-8.69661	0.01200	0.00002	8.69661	0.00000	0.00000
CCG	CTG	CT	1.35935	0.01200	0.02196	-1.35935	0.04674	0.02196
CCG	CCT	GT	1.68864	0.00707	0.01464	-1.68864	0.03825	0.01464
CCG	CCC	GC	1.61225	0.00552	0.01112	-1.61225	0.02768	0.01112
CCG	CCA	GA	0.11325	0.02399	0.02537	-0.11325	0.02687	0.02537
CAT	TAT	CT	0.21789	0.01810	0.02014	-0.21789	0.02251	0.02014
CAT	CTT	AT	1.64080	0.01066	0.02169	-1.64080	0.05497	0.02169
CAT	CCT	AC	2.63105	0.00832	0.02360	-2.63105	0.11560	0.02360
CAC	TAC	CT	-3.81653	0.02623	0.00225	3.81653	0.00058	0.00225
CAC	CTC	AT	0.83030	0.01544	0.02273	-0.83030	0.03542	0.02273
CAC	CCC	AC	1.93679	0.01206	0.02729	-1.93679	0.08365	0.02729
CAC	CAT	CT	-0.61786	0.02623	0.01895	0.61786	0.01414	0.01895
CAA	CTA	AT	0.96457	0.01946	0.03033	-0.96457	0.05106	0.03033
CAA	CCA	AC	1.14562	0.01520	0.02554	-1.14562	0.04780	0.02554
CAA	CAT	AT	0.08996	0.01946	0.02035	-0.08996	0.02129	0.02035
CAA	CAC	AC	0.70782	0.01520	0.02121	-0.70782	0.03085	0.02121
CAG	CTG	AT	0.77602	0.03240	0.04658	-0.77602	0.07040	0.04658
CAG	CCG	AC	-0.58333	0.02531	0.01864	0.58333	0.01412	0.01864
CAG	CAT	GT	-1.52574	0.03240	0.01374	1.52574	0.00705	0.01374
CAG	CAC	GC	-0.90788	0.02531	0.01554	0.90788	0.01021	0.01554
CAG	CAA	GA	-1.61569	0.10999	0.04408	1.61569	0.02186	0.04408
CGT	TGT	CT	-9.58482	0.02918	0.00002	9.58482	0.00000	0.00000
CGT	CTT	GT	0.05718	0.01718	0.01767	-0.05718	0.01819	0.01767
CGT	CCT	GC	1.04744	0.01342	0.02165	-1.04744	0.03825	0.02165
CGT	CAT	GA	-1.58361	0.05832	0.02385	1.58361	0.01197	0.02385
CGC	TGC	CT	5.12683	0.00000	0.00000	-5.12683	0.00043	0.00001
CGC	CTC	GT	8.95536	0.00000	0.00000	-8.95536	0.01172	0.00001
CGC	CCC	GC	10.06185	0.00000	0.00000	-10.06185	0.02768	0.00001
CGC	CAC	GA	8.12506	0.00000	0.00000	-8.12506	0.01734	0.00004
CGC	CGT	CT	9.09081	0.00000	0.00000	-9.09081	0.02279	0.00002
CGA	CTA	GT	3.25421	0.00065	0.00221	-3.25421	0.01690	0.00221
CGA	CCA	GC	3.43526	0.00051	0.00181	-3.43526	0.01582	0.00181
CGA	CAA	GA	2.28964	0.00221	0.00564	-2.28964	0.02186	0.00564
CGA	CGT	AT	3.96321	0.00065	0.00264	-3.96321	0.03433	0.00264
CGA	CGC	AC	-5.12760	0.00051	0.00002	5.12760	0.00000	0.00000
CGG	TGG	CT	-3.94830	0.01496	0.00116	3.94830	0.00029	0.00116
CGG	CTG	GT	0.97268	0.00881	0.01377	-0.97268	0.02329	0.01377
CGG	CCG	GC	-0.38667	0.00688	0.00563	0.38667	0.00467	0.00563
CGG	CAG	GA	0.19666	0.02990	0.03293	-0.19666	0.03639	0.03293
CGG	CGT	GT	0.25453	0.00881	0.00998	-0.25453	0.01136	0.00998
CGG	CGC	GC	-8.83628	0.00688	0.00001	8.83628	0.00000	0.00000
CGG	CGA	GA	-3.70868	0.02990	0.00279	3.70868	0.00073	0.00279
ATT	TTT	AT	1.58404	0.03218	0.06414	-1.58404	0.15688	0.06414
ATT	CTT	AC	0.78241	0.02514	0.03624	-0.78241	0.05497	0.03624
ATC	TTC	AT	1.37567	0.01664	0.03062	-1.37567	0.06584	0.03062
ATC	CTC	AC	1.00269	0.01299	0.02058	-1.00269	0.03542	0.02058
ATC	ATT	CT	0.41292	0.02826	0.03449	-0.41292	0.04270	0.03449
ATA	TTA	AT	5.01651	0.00022	0.00110	-5.01651	0.03281	0.00110
ATA	CTA	AC	5.70581	0.00017	0.00097	-5.70581	0.05106	0.00097
ATA	ATT	AT	5.68959	0.00022	0.00124	-5.68959	0.06432	0.00124
ATA	ATC	AC	5.27667	0.00017	0.00090	-5.27667	0.03324	0.00090
ATG	TTG	AT	-1.56719	0.03958	0.01635	1.56719	0.00826	0.01635
ATG	CTG	AC	0.82297	0.03091	0.04536	-0.82297	0.07040	0.04536
ATG	ATT	GT	-0.62041	0.03958	0.02856	0.62041	0.02128	0.02856
ATG	ATC	GC	-1.03333	0.03091	0.01765	1.03333	0.01100	0.01765
ATG	ATA	GA	-6.30999	0.13435	0.00154	6.30999	0.00024	0.00154
ACT	TCT	AT	4.06397	0.00087	0.00360	-4.06397	0.05063	0.00360
ACT	CCT	AC	5.13658	0.00068	0.00351	-5.13658	0.11560	0.00351
ACT	ATT	CT	3.36392	0.00148	0.00515	-3.36392	0.04270	0.00515
ACC	TCC	AT	0.60186	0.03392	0.04515	-0.60186	0.06193	0.04515
ACC	CCC	AC	1.14962	0.02650	0.04459	-1.14962	0.08365	0.04459
ACC	ATC	CT	-0.95957	0.05762	0.03433	0.95957	0.02207	0.03433
ACC	ACT	CT	-3.91056	0.05762	0.00461	3.91056	0.00115	0.00461
ACA	TCA	AT	-4.88358	0.02870	0.00107	4.88358	0.00022	0.00107
ACA	CCA	AC	0.75705	0.02242	0.03197	-0.75705	0.04780	0.03197
ACA	ATA	CT	-5.12980	0.04876	0.00149	5.12980	0.00029	0.00149
ACA	ACT	AT	-2.80413	0.02870	0.00519	2.80413	0.00174	0.00519
ACA	ACC	AC	1.10643	0.02242	0.03707	-1.10643	0.06779	0.03707
ACG	TCG	AT	-6.29090	0.00163	0.00002	6.29090	0.00000	0.00000
ACG	CCG	AC	2.40571	0.00127	0.00337	-2.40571	0.01412	0.00337
ACG	ATG	CT	2.94210	0.00277	0.00860	-2.94210	0.05251	0.00860
ACG	ACT	GT	-1.04222	0.00163	0.00093	1.04222	0.00058	0.00093
ACG	ACC	GC	2.86834	0.00127	0.00387	-2.86834	0.02243	0.00387
ACG	ACA	GA	1.76191	0.00554	0.01178	-1.76191	0.03224	0.01178
AAT	TAT	AT	-0.38682	0.04991	0.04087	0.38682	0.03390	0.04087
AAT	CAT	AC	-0.60471	0.03898	0.02838	0.60471	0.02129	0.02838
AAT	ATT	AT	0.25368	0.04991	0.05650	-0.25368	0.06432	0.05650
AAT	ACT	AC	-3.11023	0.03898	0.00566	3.11023	0.00174	0.00566
AAC	TAC	AT	-3.99668	0.04730	0.00354	3.99668	0.00087	0.00354
AAC	CAC	AC	-0.18014	0.03694	0.03372	0.18014	0.03085	0.03372
AAC	ATC	AT	-0.35253	0.04730	0.03945	0.35253	0.03324	0.03945
AAC	ACC	AC	0.60703	0.03694	0.04929	-0.60703	0.06779	0.04929
AAC	AAT	CT	-0.19330	0.08034	0.07282	0.19330	0.06622	0.07282
AAA	CAA	AC	0.32767	0.02803	0.03287	-0.32767	0.03889	0.03287
AAA	ATA	AT	-4.41357	0.03588	0.00194	4.41357	0.00043	0.00194
AAA	ACA	AC	0.71623	0.02803	0.03925	-0.71623	0.05736	0.03925
AAA	AAT	AT	1.02233	0.03588	0.05729	-1.02233	0.09973	0.05729
AAA	AAC	AC	1.21563	0.02803	0.04843	-1.21563	0.09452	0.04843
AAG	CAG	AC	-0.12626	0.07346	0.06892	0.12626	0.06475	0.06892
AAG	ATG	AT	-0.17320	0.09405	0.08614	0.17320	0.07909	0.08614
AAG	ACG	AC	-3.11530	0.07346	0.01062	3.11530	0.00326	0.01062
AAG	AAT	GT	-1.04729	0.09405	0.05324	1.04729	0.03300	0.05324
AAG	AAC	GC	-0.85399	0.07346	0.04651	0.85399	0.03127	0.04651
AAG	AAA	GA	-2.06962	0.31926	0.09546	2.06962	0.04030	0.09546
AGT	TGT	AT	-4.27599	0.00022	0.00001	4.27599	0.00000	0.00000
AGT	CGT	AC	5.30882	0.00017	0.00091	-5.30882	0.03433	0.00091
AGT	ATT	GT	4.58360	0.00022	0.00101	-4.58360	0.02128	0.00101
AGT	ACT	GC	1.21968	0.00017	0.00029	-1.21968	0.00058	0.00029
AGT	AAT	GA	4.32992	0.00074	0.00324	-4.32992	0.05606	0.00324
AGC	TGC	AT	-3.32100	0.01805	0.00225	3.32100	0.00065	0.00225
AGC	CGC	AC	-8.44783	0.01410	0.00003	8.44783	0.00000	0.00000
AGC	ATC	GT	-0.49516	0.01805	0.01395	0.49516	0.01100	0.01395
AGC	ACC	GC	0.46441	0.01410	0.01762	-0.46441	0.02243	0.01762
AGC	AAC	GA	-0.14263	0.06127	0.05700	0.14263	0.05312	0.05700
AGC	AGT	CT	-4.66584	0.03066	0.00136	4.66584	0.00029	0.00136
AGA	CGA	AC	-1.31192	0.00484	0.00234	1.31192	0.00130	0.00234
AGA	ATA	GT	-3.76352	0.00620	0.00055	3.76352	0.00014	0.00055
AGA	ACA	GC	1.36629	0.00484	0.00888	-1.36629	0.01898	0.00888
AGA	AAA	GA	0.65006	0.02104	0.02861	-0.65006	0.04030	0.02861
AGA	AGT	AT	-2.65753	0.00620	0.00124	2.65753	0.00043	0.00124
AGA	AGC	AC	2.00831	0.00484	0.01123	-2.00831	0.03607	0.01123
AGG	TGG	AT	-3.98512	0.02338	0.00176	3.98512	0.00043	0.00176
AGG	CGG	AC	-0.03681	0.01826	0.01793	0.03681	0.01760	0.01793
AGG	ATG	GT	0.11290	0.02338	0.02472	-0.11290	0.02617	0.02472
AGG	ACG	GC	-2.82920	0.01826	0.00324	2.82920	0.00108	0.00324
AGG	AAG	GA	0.28611	0.07935	0.09125	-0.28611	0.10564	0.09125
AGG	AGT	GT	-5.09110	0.02338	0.00074	5.09110	0.00014	0.00074
AGG	AGC	GC	-0.42526	0.01826	0.01465	0.42526	0.01193	0.01465
AGG	AGA	GA	-2.43357	0.07935	0.01857	2.43357	0.00696	0.01857
GTT	TTT	GT	0.36027	0.03621	0.04312	-0.36027	0.05191	0.04312
GTT	CTT	GC	-0.44136	0.02828	0.02250	0.44136	0.01819	0.02250
GTT	ATT	GA	-1.22377	0.12291	0.06267	1.22377	0.03615	0.06267
GTC	TTC	GT	-0.22931	0.02740	0.02438	0.22931	0.02178	0.02438
GTC	CTC	GC	-0.60229	0.02140	0.01560	0.60229	0.01172	0.01560
GTC	ATC	GA	-1.60498	0.09301	0.03753	1.60498	0.01869	0.03753
GTC	GTT	CT	0.03171	0.04654	0.04728	-0.03171	0.04804	0.04728
GTA	TTA	GT	0.42928	0.00707	0.00869	-0.42928	0.01086	0.00869
GTA	CTA	GC	1.11859	0.00552	0.00917	-1.11859	0.01690	0.00917
GTA	ATA	GA	-4.58723	0.02399	0.00113	4.58723	0.00024	0.00113
GTA	GTT	AT	2.32613	0.00707	0.01822	-2.32613	0.07236	0.01822
GTA	GTC	AC	2.29442	0.00552	0.01409	-2.29442	0.05476	0.01409
GTG	TTG	GT	-1.18275	0.00892	0.00466	1.18275	0.00273	0.00466
GTG	CTG	GC	1.20741	0.00696	0.01199	-1.20741	0.02329	0.01199
GTG	ATG	GA	0.38445	0.03026	0.03645	-0.38445	0.04445	0.03645
GTG	GTT	GT	0.98781	0.00892	0.01403	-0.98781	0.02394	0.01403
GTG	GTC	GC	0.95610	0.00696	0.01082	-0.95610	0.01812	0.01082
GTG	GTA	GA	-1.33832	0.03026	0.01440	1.33832	0.00794	0.01440
GCT	TCT	GT	-1.09380	0.05001	0.02755	1.09380	0.01675	0.02755
GCT	CCT	GC	-0.02119	0.03907	0.03866	0.02119	0.03825	0.03866
GCT	ACT	GA	-5.15777	0.16978	0.00507	5.15777	0.00098	0.00507
GCT	GTT	CT	-0.57009	0.08496	0.06303	0.57009	0.04804	0.06303
GCC	TCC	GT	-1.10324	0.06176	0.03383	1.10324	0.02049	0.03383
GCC	CCC	GC	-0.55549	0.04824	0.03608	0.55549	0.02768	0.03608
GCC	ACC	GA	-1.70510	0.20964	0.07940	1.70510	0.03810	0.07940
GCC	GTC	CT	-1.05969	0.10490	0.05896	1.05969	0.03635	0.05896
GCC	GCT	CT	-0.45790	0.10490	0.08271	0.45790	0.06636	0.08271
GCA	TCA	GT	-6.81884	0.06578	0.00049	6.81884	0.00007	0.00049
GCA	CCA	GC	-1.17821	0.05138	0.02692	1.17821	0.01582	0.02692
GCA	ACA	GA	-1.93527	0.22330	0.07292	1.93527	0.03224	0.07292
GCA	GTA	CT	-2.47784	0.11173	0.02536	2.47784	0.00938	0.02536
GCA	GCT	AT	0.41837	0.06578	0.08050	-0.41837	0.09995	0.08050
GCA	GCC	AC	0.87627	0.05138	0.07714	-0.87627	0.12342	0.07714
GCG	TCG	GT	-9.45952	0.01283	0.00001	9.45952	0.00000	0.00000
GCG	CCG	GC	-0.76291	0.01002	0.00668	0.76291	0.00467	0.00668
GCG	ACG	GA	-3.16862	0.04355	0.00606	3.16862	0.00183	0.00606
GCG	GTG	CT	-0.61097	0.02179	0.01581	0.61097	0.01183	0.01581
GCG	GCT	GT	0.94693	0.01283	0.01985	-0.94693	0.03307	0.01985
GCG	GCC	GC	1.40483	0.01002	0.01866	-1.40483	0.04084	0.01866
GCG	GCA	GA	0.52856	0.04355	0.05607	-0.52856	0.07389	0.05607
GAT	TAT	GT	-0.80184	0.02501	0.01631	0.80184	0.01122	0.01631
GAT	CAT	GC	-1.01972	0.01953	0.01124	1.01972	0.00705	0.01124
GAT	AAT	GA	-0.41502	0.08489	0.06849	0.41502	0.05606	0.06849
GAT	GTT	AT	1.06244	0.02501	0.04060	-1.06244	0.07236	0.04060
GAT	GCT	AC	1.63252	0.01953	0.03964	-1.63252	0.09995	0.03964
GAC	TAC	GT	-5.30958	0.05817	0.00153	5.30958	0.00029	0.00153
GAC	CAC	GC	-1.49305	0.04544	0.01966	1.49305	0.01021	0.01966
GAC	AAC	GA	-1.31291	0.19746	0.09542	1.31291	0.05312	0.09542
GAC	GTC	AT	-0.06046	0.05817	0.05643	0.06046	0.05476	0.05643
GAC	GCC	AC	0.99923	0.04544	0.07186	-0.99923	0.12342	0.07186
GAC	GAT	CT	-1.09119	0.09881	0.05451	1.09119	0.03318	0.05451
GAA	CAA	GC	-1.27264	0.04595	0.02275	1.27264	0.01287	0.02275
GAA	AAA	GA	-1.60031	0.19967	0.08080	1.60031	0.04030	0.08080
GAA	GTA	AT	-1.42666	0.05882	0.02652	1.42666	0.01412	0.02652
GAA	GCA	AC	1.05119	0.04595	0.07425	-1.05119	0.13146	0.07425
GAA	GAT	AT	-0.16297	0.05882	0.05416	0.16297	0.04998	0.05416
GAA	GAC	AC	0.92822	0.04595	0.07052	-0.92822	0.11625	0.07052
GAG	CAG	GC	-0.49780	0.03525	0.02720	0.49780	0.02142	0.02720
GAG	AAG	GA	-0.37153	0.15317	0.12647	0.37153	0.10564	0.12647
GAG	GTG	AT	-0.92919	0.04512	0.02736	0.92919	0.01782	0.02736
GAG	GCG	AC	-0.31822	0.03525	0.02993	0.31822	0.02564	0.02993
GAG	GAT	GT	-1.00381	0.04512	0.02620	1.00381	0.01654	0.02620
GAG	GAC	GC	0.08738	0.03525	0.03681	-0.08738	0.03846	0.03681
GAG	GAA	GA	-0.84085	0.15317	0.09769	0.84085	0.06607	0.09769
GGT	TGT	GT	-10.19009	0.02664	0.00001	10.19009	0.00000	0.00000
GGT	CGT	GC	-0.60527	0.02081	0.01514	0.60527	0.01136	0.01514
GGT	AGT	GA	-5.91410	0.09043	0.00145	5.91410	0.00024	0.00145
GGT	GTT	GT	-0.10673	0.02664	0.02524	0.10673	0.02394	0.02524
GGT	GCT	GC	0.46336	0.02081	0.02600	-0.46336	0.03307	0.02600
GGT	GAT	GA	-1.16916	0.09043	0.04764	1.16916	0.02809	0.04764
GGC	TGC	GT	-5.29641	0.04306	0.00115	5.29641	0.00022	0.00115
GGC	CGC	GC	-10.42324	0.03363	0.00001	10.42324	0.00000	0.00000
GGC	AGC	GA	-1.97541	0.14616	0.04650	1.97541	0.02027	0.04650
GGC	GTC	GT	-0.86560	0.04306	0.02708	0.86560	0.01812	0.02708
GGC	GCC	GC	0.19410	0.03363	0.03700	-0.19410	0.04084	0.03700
GGC	GAC	GA	-0.80513	0.14616	0.09513	0.80513	0.06534	0.09513
GGC	GGT	CT	-0.72716	0.07314	0.04974	0.72716	0.03534	0.04974
GGA	CGA	GC	-2.76930	0.00688	0.00127	2.76930	0.00043	0.00127
GGA	AGA	GA	-1.45738	0.02990	0.01322	1.45738	0.00696	0.01322
GGA	GTA	GT	-0.63367	0.00881	0.00631	0.63367	0.00467	0.00631
GGA	GCA	GC	1.84417	0.00688	0.01507	-1.84417	0.04350	0.01507
GGA	GAA	GA	0.79298	0.02990	0.04330	-0.79298	0.06607	0.04330
GGA	GGT	AT	1.79918	0.00881	0.01899	-1.79918	0.05323	0.01899
GGA	GGC	AC	2.52634	0.00688	0.01889	-2.52634	0.08604	0.01889
GGG	TGG	GT	-0.81908	0.00033	0.00021	0.81908	0.00014	0.00021
GGG	CGG	GC	3.12923	0.00025	0.00083	-3.12923	0.00582	0.00083
GGG	AGG	GA	3.16604	0.00111	0.00366	-3.16604	0.02626	0.00366
GGG	GTG	GT	2.89449	0.00033	0.00100	-2.89449	0.00590	0.00100
GGG	GCG	GC	3.50546	0.00025	0.00092	-3.50546	0.00848	0.00092
GGG	GAG	GA	3.82368	0.00111	0.00433	-3.82368	0.05068	0.00433
GGG	GGT	GT	3.98903	0.00033	0.00133	-3.98903	0.01761	0.00133
GGG	GGC	GC	4.71619	0.00025	0.00121	-4.71619	0.02847	0.00121
GGG	GGA	GA	2.18985	0.00111	0.00273	-2.18985	0.00989	0.00273


Histograms
2Ns	FMut	FSub(CodonUsage)	FSubw(after w)

-9.94632	0.01220	0.00001
-8.95168	0.00391	0.00001
-7.95705	0.00312	0.00001
-6.96242	0.00711	0.00008
-5.96779	0.02414	0.00053
-4.97316	0.04694	0.00212
-3.97853	0.02794	0.00291
-2.98389	0.03905	0.00937
-1.98926	0.17414	0.08364
-0.99463	0.29310	0.24752
0.00000	0.22198	0.30766
0.99463	0.11582	0.24752
1.98926	0.02747	0.08364
2.98389	0.00222	0.00937
3.97853	0.00051	0.00291
4.97316	0.00030	0.00212
5.96779	0.00006	0.00052
6.96242	0.00001	0.00008
7.95705	0.00000	0.00000
8.95168	0.00000	0.00000
9.94632	0.00000	0.00000

Proportion of advantageous (S > 0) mutations:
 0.24325

Proportions of good & bad mutations (|S| > 2.0000) among mutations:
0.00964  0.22525

mean |Ns| = 1.67134	mean Ns+ = 0.77249	mean Ns- = -1.96025


MLEs of dN/dS (w) for site classes (K=4)

site class             0        1       2a       2b
proportion       0.84587  0.15413  0.00000  0.00000
background w     0.07719  1.00000  0.07719  1.00000
foreground w     0.07719  1.00000  1.00000  1.00000

Naive Empirical Bayes (NEB) probabilities for 4 classes
(amino acids refer to 1st sequence: Bacu)

   1 D   0.90824 0.09176 0.00000 0.00000 ( 1)
   2 Q   0.97118 0.02882 0.00000 0.00000 ( 1)
   3 A   0.00896 0.99104 0.00000 0.00000 ( 2)
   4 N   0.97694 0.02306 0.00000 0.00000 ( 1)
   5 H   0.82357 0.17643 0.00000 0.00000 ( 1)
   6 H   0.98430 0.01570 0.00000 0.00000 ( 1)
   7 S   0.66379 0.33621 0.00000 0.00000 ( 1)
   8 S   0.97134 0.02866 0.00000 0.00000 ( 1)
   9 S   0.66935 0.33065 0.00000 0.00000 ( 1)
  10 K   0.11305 0.88695 0.00000 0.00000 ( 2)
  11 N   0.96665 0.03335 0.00000 0.00000 ( 1)
  12 Q   0.74464 0.25536 0.00000 0.00000 ( 1)
  13 F   0.56730 0.43270 0.00000 0.00000 ( 1)
  14 D   0.97689 0.02311 0.00000 0.00000 ( 1)
  15 R   0.96094 0.03906 0.00000 0.00000 ( 1)
  16 F   0.64243 0.35757 0.00000 0.00000 ( 1)
  17 F   0.94565 0.05435 0.00000 0.00000 ( 1)
  18 R   0.76999 0.23001 0.00000 0.00000 ( 1)
  19 R   0.75093 0.24907 0.00000 0.00000 ( 1)
  20 L   0.19811 0.80189 0.00000 0.00000 ( 2)
  21 S   0.96486 0.03514 0.00000 0.00000 ( 1)
  22 F   0.01207 0.98793 0.00000 0.00000 ( 2)
  23 S   0.00000 1.00000 0.00000 0.00000 ( 2)
  24 F   0.58506 0.41494 0.00000 0.00000 ( 1)
  25 F   0.54705 0.45295 0.00000 0.00000 ( 1)
  26 -   0.89463 0.10537 0.00000 0.00000 ( 1)
  27 P   0.10507 0.89493 0.00000 0.00000 ( 2)
  28 I   0.91677 0.08323 0.00000 0.00000 ( 1)
  29 L   0.98050 0.01950 0.00000 0.00000 ( 1)
  30 L   0.11263 0.88737 0.00000 0.00000 ( 2)
  31 N   0.97900 0.02100 0.00000 0.00000 ( 1)
  32 T   0.01294 0.98706 0.00000 0.00000 ( 2)
  33 M   0.97384 0.02616 0.00000 0.00000 ( 1)
  34 A   0.93304 0.06696 0.00000 0.00000 ( 1)
  35 P   0.96046 0.03954 0.00000 0.00000 ( 1)
  36 K   0.95933 0.04067 0.00000 0.00000 ( 1)
  37 K   0.95933 0.04067 0.00000 0.00000 ( 1)
  38 D   0.98165 0.01835 0.00000 0.00000 ( 1)
  39 V   0.99215 0.00785 0.00000 0.00000 ( 1)
  40 K   0.95933 0.04067 0.00000 0.00000 ( 1)
  41 K   0.98208 0.01792 0.00000 0.00000 ( 1)
  42 P   0.67801 0.32199 0.00000 0.00000 ( 1)
  43 A   0.94515 0.05485 0.00000 0.00000 ( 1)
  44 A   0.95638 0.04362 0.00000 0.00000 ( 1)
  45 A   0.56720 0.43280 0.00000 0.00000 ( 1)
  46 A   0.55475 0.44525 0.00000 0.00000 ( 1)
  47 A   0.95490 0.04510 0.00000 0.00000 ( 1)
  48 P   0.95404 0.04596 0.00000 0.00000 ( 1)
  49 A   0.95937 0.04063 0.00000 0.00000 ( 1)
  50 P   0.94694 0.05306 0.00000 0.00000 ( 1)
  51 A   0.95581 0.04419 0.00000 0.00000 ( 1)
  52 P   0.94013 0.05987 0.00000 0.00000 ( 1)
  53 A   0.95322 0.04678 0.00000 0.00000 ( 1)
  54 P   0.95664 0.04336 0.00000 0.00000 ( 1)
  55 A   0.94500 0.05500 0.00000 0.00000 ( 1)
  56 P   0.95987 0.04013 0.00000 0.00000 ( 1)
  57 A   0.53122 0.46878 0.00000 0.00000 ( 1)
  58 P   0.93541 0.06459 0.00000 0.00000 ( 1)
  59 A   0.93198 0.06802 0.00000 0.00000 ( 1)
  60 P   0.93614 0.06386 0.00000 0.00000 ( 1)
  61 A   0.93214 0.06786 0.00000 0.00000 ( 1)
  62 P   0.93546 0.06454 0.00000 0.00000 ( 1)
  63 A   0.48331 0.51669 0.00000 0.00000 ( 2)
  64 P   0.95846 0.04154 0.00000 0.00000 ( 1)
  65 P   0.94915 0.05085 0.00000 0.00000 ( 1)
  66 K   0.97727 0.02273 0.00000 0.00000 ( 1)
  67 E   0.96477 0.03523 0.00000 0.00000 ( 1)
  68 K   0.00719 0.99281 0.00000 0.00000 ( 2)
  69 K   0.95283 0.04717 0.00000 0.00000 ( 1)
  70 I   0.97657 0.02343 0.00000 0.00000 ( 1)
  71 D   0.97508 0.02492 0.00000 0.00000 ( 1)
  72 L   0.97449 0.02551 0.00000 0.00000 ( 1)
  73 S   0.71452 0.28548 0.00000 0.00000 ( 1)
  74 A   0.95496 0.04504 0.00000 0.00000 ( 1)
  75 I   0.02160 0.97840 0.00000 0.00000 ( 2)
  76 E   0.68854 0.31146 0.00000 0.00000 ( 1)
  77 F   0.96293 0.03707 0.00000 0.00000 ( 1)
  78 K   0.96077 0.03923 0.00000 0.00000 ( 1)
  79 E   0.97095 0.02905 0.00000 0.00000 ( 1)
  80 A   0.93783 0.06217 0.00000 0.00000 ( 1)
  81 F   0.95016 0.04984 0.00000 0.00000 ( 1)
  82 L   0.98060 0.01940 0.00000 0.00000 ( 1)
  83 L   0.93450 0.06550 0.00000 0.00000 ( 1)
  84 Y   0.91844 0.08156 0.00000 0.00000 ( 1)
  85 D   0.98119 0.01881 0.00000 0.00000 ( 1)
  86 R   0.88994 0.11006 0.00000 0.00000 ( 1)
  87 Q   0.18053 0.81947 0.00000 0.00000 ( 2)
  88 G   0.95829 0.04171 0.00000 0.00000 ( 1)
  89 D   0.93729 0.06271 0.00000 0.00000 ( 1)
  90 N   0.00001 0.99999 0.00000 0.00000 ( 2)
  91 K   0.96077 0.03923 0.00000 0.00000 ( 1)
  92 I   0.99415 0.00585 0.00000 0.00000 ( 1)
  93 T   0.82028 0.17972 0.00000 0.00000 ( 1)
  94 L   0.95721 0.04279 0.00000 0.00000 ( 1)
  95 S   0.03276 0.96724 0.00000 0.00000 ( 2)
  96 Q   0.97647 0.02353 0.00000 0.00000 ( 1)
  97 V   0.97786 0.02214 0.00000 0.00000 ( 1)
  98 G   0.95151 0.04849 0.00000 0.00000 ( 1)
  99 D   0.99491 0.00509 0.00000 0.00000 ( 1)
 100 V   0.98309 0.01691 0.00000 0.00000 ( 1)
 101 L   0.98356 0.01644 0.00000 0.00000 ( 1)
 102 R   0.97111 0.02889 0.00000 0.00000 ( 1)
 103 A   0.94663 0.05337 0.00000 0.00000 ( 1)
 104 L   0.94606 0.05394 0.00000 0.00000 ( 1)
 105 G   0.95771 0.04229 0.00000 0.00000 ( 1)
 106 T   0.96429 0.03571 0.00000 0.00000 ( 1)
 107 N   0.97177 0.02823 0.00000 0.00000 ( 1)
 108 P   0.95709 0.04291 0.00000 0.00000 ( 1)
 109 T   0.98275 0.01725 0.00000 0.00000 ( 1)
 110 N   0.97177 0.02823 0.00000 0.00000 ( 1)
 111 A   0.93451 0.06549 0.00000 0.00000 ( 1)
 112 E   0.97095 0.02905 0.00000 0.00000 ( 1)
 113 V   0.98309 0.01691 0.00000 0.00000 ( 1)
 114 K   0.96091 0.03909 0.00000 0.00000 ( 1)
 115 E   0.00000 1.00000 0.00000 0.00000 ( 2)
 116 V   0.98128 0.01872 0.00000 0.00000 ( 1)
 117 L   0.57045 0.42955 0.00000 0.00000 ( 1)
 118 G   0.98726 0.01274 0.00000 0.00000 ( 1)
 119 N   0.80822 0.19178 0.00000 0.00000 ( 1)
 120 P   0.95709 0.04291 0.00000 0.00000 ( 1)
 121 S   0.98766 0.01234 0.00000 0.00000 ( 1)
 122 N   0.16383 0.83617 0.00000 0.00000 ( 2)
 123 E   0.97208 0.02792 0.00000 0.00000 ( 1)
 124 E   0.97097 0.02903 0.00000 0.00000 ( 1)
 125 M   0.97505 0.02495 0.00000 0.00000 ( 1)
 126 N   0.97177 0.02823 0.00000 0.00000 ( 1)
 127 V   0.66609 0.33391 0.00000 0.00000 ( 1)
 128 K   0.96077 0.03923 0.00000 0.00000 ( 1)
 129 K   0.98308 0.01692 0.00000 0.00000 ( 1)
 130 I   0.98241 0.01759 0.00000 0.00000 ( 1)
 131 E   0.97089 0.02911 0.00000 0.00000 ( 1)
 132 F   0.95014 0.04986 0.00000 0.00000 ( 1)
 133 E   0.72790 0.27210 0.00000 0.00000 ( 1)
 134 Q   0.98340 0.01660 0.00000 0.00000 ( 1)
 135 F   0.95016 0.04984 0.00000 0.00000 ( 1)
 136 L   0.94606 0.05394 0.00000 0.00000 ( 1)
 137 P   0.95709 0.04291 0.00000 0.00000 ( 1)
 138 M   0.97505 0.02495 0.00000 0.00000 ( 1)
 139 L   0.25577 0.74423 0.00000 0.00000 ( 2)
 140 Q   0.98363 0.01637 0.00000 0.00000 ( 1)
 141 S   0.73185 0.26815 0.00000 0.00000 ( 1)
 142 I   0.98241 0.01759 0.00000 0.00000 ( 1)
 143 S   0.96891 0.03109 0.00000 0.00000 ( 1)
 144 N   0.98220 0.01780 0.00000 0.00000 ( 1)
 145 K   0.81094 0.18906 0.00000 0.00000 ( 1)
 146 K   0.96077 0.03923 0.00000 0.00000 ( 1)
 147 D   0.98119 0.01881 0.00000 0.00000 ( 1)
 148 Q   0.97647 0.02353 0.00000 0.00000 ( 1)
 149 G   0.95733 0.04267 0.00000 0.00000 ( 1)
 150 T   0.99199 0.00801 0.00000 0.00000 ( 1)
 151 Y   0.98578 0.01422 0.00000 0.00000 ( 1)
 152 E   0.97208 0.02792 0.00000 0.00000 ( 1)
 153 D   0.98119 0.01881 0.00000 0.00000 ( 1)
 154 F   0.95013 0.04987 0.00000 0.00000 ( 1)
 155 V   0.97786 0.02214 0.00000 0.00000 ( 1)
 156 E   0.97097 0.02903 0.00000 0.00000 ( 1)
 157 G   0.95151 0.04849 0.00000 0.00000 ( 1)
 158 L   0.94606 0.05394 0.00000 0.00000 ( 1)
 159 R   0.95525 0.04475 0.00000 0.00000 ( 1)
 160 V   0.98309 0.01691 0.00000 0.00000 ( 1)
 161 F   0.95121 0.04879 0.00000 0.00000 ( 1)
 162 D   0.98119 0.01881 0.00000 0.00000 ( 1)
 163 K   0.96077 0.03923 0.00000 0.00000 ( 1)
 164 E   0.97208 0.02792 0.00000 0.00000 ( 1)
 165 G   0.95733 0.04267 0.00000 0.00000 ( 1)
 166 N   0.97177 0.02823 0.00000 0.00000 ( 1)
 167 G   0.95733 0.04267 0.00000 0.00000 ( 1)
 168 T   0.99207 0.00793 0.00000 0.00000 ( 1)
 169 V   0.97878 0.02122 0.00000 0.00000 ( 1)
 170 M   0.97505 0.02495 0.00000 0.00000 ( 1)
 171 G   0.95151 0.04849 0.00000 0.00000 ( 1)
 172 A   0.94663 0.05337 0.00000 0.00000 ( 1)
 173 E   0.97208 0.02792 0.00000 0.00000 ( 1)
 174 L   0.98352 0.01648 0.00000 0.00000 ( 1)
 175 R   0.95520 0.04480 0.00000 0.00000 ( 1)
 176 H   0.99799 0.00201 0.00000 0.00000 ( 1)
 177 V   0.98995 0.01005 0.00000 0.00000 ( 1)
 178 L   0.93211 0.06789 0.00000 0.00000 ( 1)
 179 A   0.94909 0.05091 0.00000 0.00000 ( 1)
 180 T   0.97973 0.02027 0.00000 0.00000 ( 1)
 181 L   0.93410 0.06590 0.00000 0.00000 ( 1)


lnL = -1910.359799

Bayes Empirical Bayes (BEB) probabilities for 4 classes (class)
(amino acids refer to 1st sequence: Bacu)

   1 D   0.83471 0.13617 0.02414 0.00497 ( 1)
   2 Q   0.93378 0.03096 0.03397 0.00129 ( 1)
   3 A   0.00426 0.95344 0.00017 0.04212 ( 2)
   4 N   0.94148 0.02471 0.03281 0.00100 ( 1)
   5 H   0.71677 0.25008 0.02336 0.00978 ( 1)
   6 H   0.95347 0.01675 0.02915 0.00063 ( 1)
   7 S   0.52720 0.43579 0.01893 0.01807 ( 1)
   8 S   0.93570 0.03088 0.03218 0.00124 ( 1)
   9 S   0.28916 0.23397 0.45513 0.02175 ( 3)
  10 K   0.05493 0.90481 0.00203 0.03823 ( 2)
  11 N   0.92942 0.03598 0.03313 0.00148 ( 1)
  12 Q   0.61867 0.34621 0.02117 0.01395 ( 1)
  13 F   0.42788 0.53201 0.01680 0.02331 ( 2)
  14 D   0.94298 0.02481 0.03123 0.00097 ( 1)
  15 R   0.91961 0.04211 0.03644 0.00184 ( 1)
  16 F   0.27594 0.25170 0.44842 0.02395 ( 3)
  17 F   0.90268 0.05889 0.03585 0.00258 ( 1)
  18 R   0.64795 0.31573 0.02325 0.01307 ( 1)
  19 R   0.63325 0.34294 0.01326 0.01056 ( 1)
  20 L   0.09863 0.86165 0.00360 0.03612 ( 2)
  21 S   0.92689 0.03794 0.03360 0.00157 ( 1)
  22 F   0.00566 0.95522 0.00021 0.03891 ( 2)
  23 S   0.00000 0.95885 0.00000 0.04115 ( 2)
  24 F   0.44522 0.51473 0.01749 0.02256 ( 2)
  25 F   0.40766 0.55005 0.01714 0.02514 ( 2)
  26 -   0.84897 0.11514 0.03108 0.00481 ( 1)
  27 P   0.04409 0.79897 0.07299 0.08395 ( 2)
  28 I   0.85282 0.12481 0.01843 0.00394 ( 1)
  29 L   0.94769 0.02087 0.03063 0.00081 ( 1)
  30 L   0.05465 0.90407 0.00213 0.03916 ( 2)
  31 N   0.94560 0.02250 0.03102 0.00088 ( 1)
  32 T   0.00603 0.95419 0.00024 0.03954 ( 2)
  33 M   0.93997 0.02816 0.03077 0.00110 ( 1)
  34 A   0.88805 0.07269 0.03603 0.00323 ( 1)
  35 P   0.92240 0.04280 0.03304 0.00176 ( 1)
  36 K   0.92093 0.04401 0.03324 0.00182 ( 1)
  37 K   0.92093 0.04401 0.03324 0.00182 ( 1)
  38 D   0.95202 0.01966 0.02760 0.00072 ( 1)
  39 V   0.96663 0.00828 0.02481 0.00028 ( 1)
  40 K   0.92093 0.04401 0.03324 0.00182 ( 1)
  41 K   0.95135 0.01918 0.02876 0.00071 ( 1)
  42 P   0.54083 0.41919 0.02150 0.01849 ( 1)
  43 A   0.90303 0.05951 0.03489 0.00256 ( 1)
  44 A   0.91775 0.04728 0.03303 0.00195 ( 1)
  45 A   0.42812 0.53260 0.01635 0.02293 ( 2)
  46 A   0.41618 0.54449 0.01589 0.02344 ( 2)
  47 A   0.90919 0.04854 0.04001 0.00226 ( 1)
  48 P   0.90831 0.04949 0.03989 0.00230 ( 1)
  49 A   0.92041 0.04395 0.03380 0.00183 ( 1)
  50 P   0.90471 0.05752 0.03528 0.00249 ( 1)
  51 A   0.91711 0.04791 0.03300 0.00198 ( 1)
  52 P   0.89641 0.06495 0.03579 0.00285 ( 1)
  53 A   0.91424 0.05076 0.03290 0.00209 ( 1)
  54 P   0.91764 0.04698 0.03343 0.00195 ( 1)
  55 A   0.90324 0.05970 0.03451 0.00255 ( 1)
  56 P   0.92269 0.04349 0.03206 0.00176 ( 1)
  57 A   0.39369 0.56606 0.01545 0.02480 ( 2)
  58 P   0.89109 0.07012 0.03570 0.00309 ( 1)
  59 A   0.88689 0.07385 0.03598 0.00328 ( 1)
  60 P   0.89189 0.06932 0.03573 0.00305 ( 1)
  61 A   0.88707 0.07368 0.03599 0.00327 ( 1)
  62 P   0.89114 0.07007 0.03570 0.00308 ( 1)
  63 A   0.34969 0.61269 0.01239 0.02523 ( 2)
  64 P   0.92020 0.04499 0.03296 0.00185 ( 1)
  65 P   0.90906 0.05520 0.03343 0.00231 ( 1)
  66 K   0.94604 0.02446 0.02859 0.00091 ( 1)
  67 E   0.92923 0.03811 0.03115 0.00151 ( 1)
  68 K   0.00346 0.95444 0.00014 0.04196 ( 2)
  69 K   0.91375 0.05116 0.03297 0.00212 ( 1)
  70 I   0.94506 0.02522 0.02878 0.00094 ( 1)
  71 D   0.94303 0.02684 0.02912 0.00101 ( 1)
  72 L   0.94221 0.02749 0.02926 0.00104 ( 1)
  73 S   0.58504 0.38149 0.01871 0.01477 ( 1)
  74 A   0.91618 0.04884 0.03297 0.00201 ( 1)
  75 I   0.00976 0.95469 0.00029 0.03525 ( 2)
  76 E   0.55544 0.40987 0.01845 0.01624 ( 1)
  77 F   0.92538 0.04008 0.03290 0.00164 ( 1)
  78 K   0.92252 0.04243 0.03329 0.00175 ( 1)
  79 E   0.93582 0.03132 0.03162 0.00124 ( 1)
  80 A   0.89333 0.06743 0.03624 0.00299 ( 1)
  81 F   0.90906 0.05403 0.03461 0.00231 ( 1)
  82 L   0.94895 0.02079 0.02947 0.00079 ( 1)
  83 L   0.88936 0.07107 0.03640 0.00317 ( 1)
  84 Y   0.84915 0.12146 0.02493 0.00446 ( 1)
  85 D   0.94976 0.02014 0.02933 0.00076 ( 1)
  86 R   0.81214 0.16267 0.01978 0.00542 ( 1)
  87 Q   0.08943 0.87222 0.00308 0.03528 ( 2)
  88 G   0.92131 0.04525 0.03163 0.00182 ( 1)
  89 D   0.88121 0.09455 0.02113 0.00311 ( 1)
  90 N   0.00001 0.96472 0.00000 0.03527 ( 2)
  91 K   0.92252 0.04243 0.03329 0.00175 ( 1)
  92 I   0.96976 0.00613 0.02391 0.00020 ( 1)
  93 T   0.71411 0.25481 0.02155 0.00954 ( 1)
  94 L   0.91799 0.04633 0.03374 0.00193 ( 1)
  95 S   0.01435 0.95110 0.00041 0.03414 ( 2)
  96 Q   0.94324 0.02529 0.03049 0.00098 ( 1)
  97 V   0.94515 0.02378 0.03017 0.00091 ( 1)
  98 G   0.91078 0.05257 0.03443 0.00223 ( 1)
  99 D   0.97118 0.00531 0.02333 0.00017 ( 1)
 100 V   0.95247 0.01808 0.02878 0.00067 ( 1)
 101 L   0.95316 0.01756 0.02863 0.00065 ( 1)
 102 R   0.93607 0.03114 0.03155 0.00123 ( 1)
 103 A   0.90467 0.05788 0.03496 0.00249 ( 1)
 104 L   0.90395 0.05851 0.03503 0.00252 ( 1)
 105 G   0.91856 0.04578 0.03374 0.00191 ( 1)
 106 T   0.92708 0.03860 0.03275 0.00157 ( 1)
 107 N   0.93690 0.03042 0.03148 0.00120 ( 1)
 108 P   0.91784 0.04646 0.03376 0.00194 ( 1)
 109 T   0.95198 0.01845 0.02888 0.00069 ( 1)
 110 N   0.93690 0.03042 0.03148 0.00120 ( 1)
 111 A   0.88967 0.07108 0.03609 0.00315 ( 1)
 112 E   0.93582 0.03132 0.03162 0.00124 ( 1)
 113 V   0.95247 0.01808 0.02878 0.00067 ( 1)
 114 K   0.92268 0.04227 0.03330 0.00175 ( 1)
 115 E   0.00000 0.95951 0.00000 0.04049 ( 2)
 116 V   0.94892 0.02002 0.03029 0.00077 ( 1)
 117 L   0.43121 0.52944 0.01651 0.02284 ( 2)
 118 G   0.95857 0.01356 0.02738 0.00049 ( 1)
 119 N   0.69863 0.27001 0.02121 0.01015 ( 1)
 120 P   0.91784 0.04646 0.03376 0.00194 ( 1)
 121 S   0.95907 0.01311 0.02734 0.00047 ( 1)
 122 N   0.08082 0.88191 0.00264 0.03462 ( 2)
 123 E   0.93731 0.03008 0.03142 0.00119 ( 1)
 124 E   0.93585 0.03129 0.03162 0.00124 ( 1)
 125 M   0.94131 0.02683 0.03081 0.00105 ( 1)
 126 N   0.93690 0.03042 0.03148 0.00120 ( 1)
 127 V   0.52980 0.43341 0.01889 0.01790 ( 1)
 128 K   0.92252 0.04243 0.03329 0.00175 ( 1)
 129 K   0.95245 0.01808 0.02879 0.00067 ( 1)
 130 I   0.95150 0.01881 0.02898 0.00070 ( 1)
 131 E   0.93575 0.03138 0.03162 0.00125 ( 1)
 132 F   0.90841 0.05400 0.03524 0.00235 ( 1)
 133 E   0.59975 0.36580 0.01995 0.01450 ( 1)
 134 Q   0.95299 0.01774 0.02861 0.00066 ( 1)
 135 F   0.90906 0.05403 0.03461 0.00231 ( 1)
 136 L   0.90395 0.05851 0.03503 0.00252 ( 1)
 137 P   0.91784 0.04646 0.03376 0.00194 ( 1)
 138 M   0.94131 0.02683 0.03081 0.00105 ( 1)
 139 L   0.13101 0.83359 0.00399 0.03141 ( 2)
 140 Q   0.95325 0.01749 0.02862 0.00065 ( 1)
 141 S   0.60488 0.36176 0.01935 0.01401 ( 1)
 142 I   0.95150 0.01881 0.02898 0.00070 ( 1)
 143 S   0.93313 0.03355 0.03198 0.00134 ( 1)
 144 N   0.95120 0.01904 0.02905 0.00071 ( 1)
 145 K   0.70205 0.26661 0.02132 0.01002 ( 1)
 146 K   0.92252 0.04243 0.03329 0.00175 ( 1)
 147 D   0.94976 0.02014 0.02933 0.00076 ( 1)
 148 Q   0.94324 0.02529 0.03049 0.00098 ( 1)
 149 G   0.91814 0.04620 0.03373 0.00193 ( 1)
 150 T   0.96209 0.00840 0.02919 0.00031 ( 1)
 151 Y   0.95617 0.01515 0.02813 0.00056 ( 1)
 152 E   0.93731 0.03008 0.03142 0.00119 ( 1)
 153 D   0.94976 0.02014 0.02933 0.00076 ( 1)
 154 F   0.90903 0.05405 0.03461 0.00231 ( 1)
 155 V   0.94515 0.02378 0.03017 0.00091 ( 1)
 156 E   0.93585 0.03129 0.03162 0.00124 ( 1)
 157 G   0.91078 0.05257 0.03443 0.00223 ( 1)
 158 L   0.90395 0.05851 0.03503 0.00252 ( 1)
 159 R   0.91551 0.04847 0.03398 0.00204 ( 1)
 160 V   0.95247 0.01808 0.02878 0.00067 ( 1)
 161 F   0.91025 0.05284 0.03466 0.00226 ( 1)
 162 D   0.94976 0.02014 0.02933 0.00076 ( 1)
 163 K   0.92252 0.04243 0.03329 0.00175 ( 1)
 164 E   0.93731 0.03008 0.03142 0.00119 ( 1)
 165 G   0.91814 0.04620 0.03373 0.00193 ( 1)
 166 N   0.93690 0.03042 0.03148 0.00120 ( 1)
 167 G   0.91814 0.04620 0.03373 0.00193 ( 1)
 168 T   0.96218 0.00831 0.02920 0.00031 ( 1)
 169 V   0.94616 0.02276 0.03020 0.00087 ( 1)
 170 M   0.94131 0.02683 0.03081 0.00105 ( 1)
 171 G   0.91078 0.05257 0.03443 0.00223 ( 1)
 172 A   0.90467 0.05788 0.03496 0.00249 ( 1)
 173 E   0.93731 0.03008 0.03142 0.00119 ( 1)
 174 L   0.95311 0.01761 0.02863 0.00065 ( 1)
 175 R   0.91545 0.04853 0.03398 0.00204 ( 1)
 176 H   0.97794 0.00206 0.01993 0.00006 ( 1)
 177 V   0.96429 0.01066 0.02470 0.00036 ( 1)
 178 L   0.88673 0.07369 0.03629 0.00329 ( 1)
 179 A   0.90739 0.05517 0.03507 0.00237 ( 1)
 180 T   0.94411 0.02165 0.03335 0.00088 ( 1)
 181 L   0.88892 0.07151 0.03638 0.00319 ( 1)

