Supplemental results for CODEML (seqf: /home/leticiamagpali/phd/evol_models/codeml/big_dataset/cml_align/CASQ2_codon_aligned.phy  treef: /home/leticiamagpali/phd/evol_models/codeml/big_dataset/cml_trees/gene_trees/H1c_gene_trees/CASQ2_tree_H1c.tre)

I	J	ij	2Ns_IJ	pMut_IJ	pSub_IJ	2Ns_JI	pMut_JI	pSub_JI

TTC	TTT	CT	0.86010	0.13390	0.19964	-0.86010	0.31646	0.19964
TTA	TTT	AT	7.28838	0.00003	0.00025	-7.28838	0.05031	0.00025
TTA	TTC	AC	6.42827	0.00006	0.00038	-6.42827	0.03692	0.00038
TTG	TTT	GT	0.65904	0.01963	0.02681	-0.65904	0.03795	0.02681
TTG	TTC	GC	-0.20106	0.03406	0.03075	0.20106	0.02785	0.03075
TTG	TTA	GA	-6.62934	0.12925	0.00113	6.62934	0.00017	0.00113
TCT	TTT	CT	2.07713	0.03965	0.09415	-2.07713	0.31646	0.09415
TCC	TTC	CT	1.82439	0.03747	0.08150	-1.82439	0.23225	0.08150
TCC	TCT	CT	0.60736	0.03747	0.04999	-0.60736	0.06877	0.04999
TCA	TTA	CT	-4.52447	0.02688	0.00133	4.52447	0.00029	0.00133
TCA	TCT	AT	0.68678	0.00550	0.00761	-0.68678	0.01093	0.00761
TCA	TCC	AC	0.07942	0.00954	0.00993	-0.07942	0.01033	0.00993
TCG	TTG	CT	6.20495	0.00034	0.00209	-6.20495	0.16639	0.00209
TCG	TCT	GT	4.78686	0.00007	0.00033	-4.78686	0.00825	0.00033
TCG	TCC	GC	4.17950	0.00012	0.00051	-4.17950	0.00779	0.00051
TCG	TCA	GA	4.10008	0.00045	0.00189	-4.10008	0.02732	0.00189
TAT	TTT	AT	1.30444	0.01365	0.02444	-1.30444	0.05031	0.02444
TAT	TCT	AC	-0.77268	0.02368	0.01570	0.77268	0.01093	0.01570
TAC	TTC	AT	0.62461	0.01977	0.02659	-0.62461	0.03692	0.02659
TAC	TCC	AC	-1.19978	0.03429	0.01774	1.19978	0.01033	0.01774
TAC	TAT	CT	0.18027	0.09660	0.10557	-0.18027	0.11569	0.10557
TGT	TTT	GT	3.39551	0.00127	0.00447	-3.39551	0.03795	0.00447
TGT	TCT	GC	1.31838	0.00221	0.00397	-1.31838	0.00825	0.00397
TGT	TAT	GA	2.09107	0.00838	0.01998	-2.09107	0.06779	0.01998
TGC	TTC	GT	1.87675	0.00426	0.00945	-1.87675	0.02785	0.00945
TGC	TCC	GC	0.05236	0.00740	0.00759	-0.05236	0.00779	0.00759
TGC	TAC	GA	1.25214	0.02807	0.04922	-1.25214	0.09818	0.04922
TGC	TGT	CT	-0.65866	0.02083	0.01472	0.65866	0.01078	0.01472
TGG	TTG	GT	0.46093	0.01259	0.01571	-0.46093	0.01995	0.01571
TGG	TCG	GC	-5.74402	0.02183	0.00040	5.74402	0.00007	0.00040
TGG	TGT	GT	-2.27554	0.01259	0.00328	2.27554	0.00129	0.00328
TGG	TGC	GC	-1.61688	0.02183	0.00874	1.61688	0.00433	0.00874
CTT	TTT	CT	1.82393	0.05107	0.11108	-1.82393	0.31646	0.11108
CTC	TTC	CT	1.27572	0.06485	0.11478	-1.27572	0.23225	0.11478
CTC	CTT	CT	0.31189	0.06485	0.07549	-0.31189	0.08859	0.07549
CTA	TTA	CT	-4.83837	0.03679	0.00142	4.83837	0.00029	0.00142
CTA	CTT	AT	0.62608	0.00753	0.01013	-0.62608	0.01408	0.01013
CTA	CTC	AC	0.31419	0.01306	0.01522	-0.31419	0.01788	0.01522
CTG	TTG	CT	-0.09767	0.18346	0.17465	0.09767	0.16639	0.17465
CTG	CTT	GT	-1.26256	0.03755	0.01871	1.26256	0.01062	0.01871
CTG	CTC	GC	-1.57446	0.06513	0.02679	1.57446	0.01349	0.02679
CTG	CTA	GA	-1.88864	0.24718	0.08321	1.88864	0.03739	0.08321
CCT	TCT	CT	0.60736	0.03747	0.04999	-0.60736	0.06877	0.04999
CCT	CTT	CT	0.86056	0.03747	0.05587	-0.86056	0.08859	0.05587
CCC	TCC	CT	-0.19910	0.07930	0.07167	0.19910	0.06498	0.07167
CCC	CTC	CT	0.34956	0.07930	0.09396	-0.34956	0.11248	0.09396
CCC	CCT	CT	-0.19910	0.07930	0.07167	0.19910	0.06498	0.07167
CCA	TCA	CT	-0.46090	0.07392	0.05819	0.46090	0.04662	0.05819
CCA	CTA	CT	-0.14700	0.07392	0.06862	0.14700	0.06382	0.06862
CCA	CCT	AT	-0.38148	0.01513	0.01243	0.38148	0.01033	0.01243
CCA	CCC	AC	-0.18238	0.02624	0.02392	0.18238	0.02187	0.02392
CCG	TCG	CT	-3.09996	0.01294	0.00189	3.09996	0.00058	0.00189
CCG	CTG	CT	3.20266	0.01294	0.04319	-3.20266	0.31821	0.04319
CCG	CCT	GT	1.07954	0.00265	0.00433	-1.07954	0.00779	0.00433
CCG	CCC	GC	1.27864	0.00459	0.00814	-1.27864	0.01649	0.00814
CCG	CCA	GA	1.46102	0.01743	0.03316	-1.46102	0.07513	0.03316
CAT	TAT	CT	1.07505	0.03948	0.06443	-1.07505	0.11569	0.06443
CAT	CTT	AT	0.55557	0.00808	0.01053	-0.55557	0.01408	0.01053
CAT	CCT	AC	-0.30499	0.01402	0.01199	0.30499	0.01033	0.01199
CAC	TAC	CT	1.49343	0.03763	0.07248	-1.49343	0.16756	0.07248
CAC	CTC	AT	0.84231	0.00770	0.01140	-0.84231	0.01788	0.01140
CAC	CCC	AC	0.49275	0.01336	0.01692	-0.49275	0.02187	0.01692
CAC	CAT	CT	0.59864	0.03763	0.05001	-0.59864	0.06848	0.05001
CAA	CTA	AT	0.32122	0.00736	0.00860	-0.32122	0.01015	0.00860
CAA	CCA	AC	0.46822	0.01276	0.01598	-0.46822	0.02038	0.01598
CAA	CAT	AT	0.39173	0.00736	0.00889	-0.39173	0.01089	0.00889
CAA	CAC	AC	-0.20691	0.01276	0.01149	0.20691	0.01038	0.01149
CAG	CTG	AT	1.12428	0.01644	0.02737	-1.12428	0.05059	0.02737
CAG	CCG	AC	-2.07839	0.02851	0.00847	2.07839	0.00357	0.00847
CAG	CAT	GT	-0.69385	0.01644	0.01139	0.69385	0.00821	0.01139
CAG	CAC	GC	-1.29249	0.02851	0.01395	1.29249	0.00783	0.01395
CAG	CAA	GA	-1.08558	0.10820	0.05989	1.08558	0.03654	0.05989
CGT	TGT	CT	0.15429	0.00924	0.00997	-0.15429	0.01078	0.00997
CGT	CTT	GT	1.72587	0.00189	0.00397	-1.72587	0.01062	0.00397
CGT	CCT	GC	0.86531	0.00328	0.00490	-0.86531	0.00779	0.00490
CGT	CAT	GA	1.17030	0.01245	0.02112	-1.17030	0.04013	0.02112
CGC	TGC	CT	-0.41591	0.05477	0.04417	0.41591	0.03613	0.04417
CGC	CTC	GT	0.18511	0.01121	0.01228	-0.18511	0.01349	0.01228
CGC	CCC	GC	-0.16445	0.01944	0.01789	0.16445	0.01649	0.01789
CGC	CAC	GA	-0.65720	0.07379	0.05218	0.65720	0.03825	0.05218
CGC	CGT	CT	-1.22886	0.05477	0.02784	1.22886	0.01603	0.02784
CGA	CTA	GT	8.95907	0.00000	0.00000	-8.95907	0.00765	0.00001
CGA	CCA	GC	9.10607	0.00000	0.00000	-9.10607	0.01538	0.00002
CGA	CAA	GA	8.63785	0.00000	0.00000	-8.63785	0.03654	0.00006
CGA	CGT	AT	7.85928	0.00000	0.00000	-7.85928	0.00255	0.00001
CGA	CGC	AC	9.08814	0.00000	0.00000	-9.08814	0.01510	0.00002
CGG	TGG	CT	2.10953	0.01294	0.03106	-2.10953	0.10665	0.03106
CGG	CTG	GT	2.66813	0.00265	0.00759	-2.66813	0.03816	0.00759
CGG	CCG	GC	-0.53453	0.00459	0.00347	0.53453	0.00269	0.00347
CGG	CAG	GA	1.54386	0.01743	0.03422	-1.54386	0.08162	0.03422
CGG	CGT	GT	-0.32030	0.00265	0.00225	0.32030	0.00192	0.00225
CGG	CGC	GC	0.90856	0.00459	0.00699	-0.90856	0.01139	0.00699
CGG	CGA	GA	-8.17958	0.01743	0.00004	8.17958	0.00000	0.00000
ATT	TTT	AT	0.70635	0.02483	0.03462	-0.70635	0.05031	0.03462
ATT	CTT	AC	-1.11758	0.04306	0.02339	1.11758	0.01408	0.02339
ATC	TTC	AT	0.25515	0.02861	0.03241	-0.25515	0.03692	0.03241
ATC	CTC	AC	-1.02058	0.04962	0.02853	1.02058	0.01788	0.02853
ATC	ATT	CT	0.40890	0.13978	0.17030	-0.40890	0.21039	0.17030
ATA	TTA	AT	-4.13269	0.00289	0.00019	4.13269	0.00005	0.00019
ATA	CTA	AC	0.70567	0.00501	0.00698	-0.70567	0.01015	0.00698
ATA	ATT	AT	2.44933	0.00289	0.00774	-2.44933	0.03345	0.00774
ATA	ATC	AC	2.04044	0.00501	0.01175	-2.04044	0.03855	0.01175
ATG	TTG	AT	0.78188	0.01210	0.01745	-0.78188	0.02645	0.01745
ATG	CTG	AC	0.87955	0.02099	0.03156	-0.87955	0.05059	0.03156
ATG	ATT	GT	0.73457	0.01210	0.01709	-0.73457	0.02523	0.01709
ATG	ATC	GC	0.32567	0.02099	0.02460	-0.32567	0.02908	0.02460
ATG	ATA	GA	-1.71476	0.07968	0.02999	1.71476	0.01434	0.02999
ACT	TCT	AT	0.07160	0.01018	0.01055	-0.07160	0.01093	0.01055
ACT	CCT	AC	-0.53577	0.01765	0.01335	0.53577	0.01033	0.01335
ACT	ATT	CT	1.44237	0.04973	0.09393	-1.44237	0.21039	0.09393
ACC	TCC	AT	0.24997	0.00805	0.00909	-0.24997	0.01033	0.00909
ACC	CCC	AC	0.44908	0.01396	0.01732	-0.44908	0.02187	0.01732
ACC	ATC	CT	1.81921	0.03931	0.08536	-1.81921	0.24245	0.08536
ACC	ACT	CT	0.78574	0.03931	0.05676	-0.78574	0.08625	0.05676
ACA	TCA	AT	-0.47603	0.01193	0.00932	0.47603	0.00741	0.00932
ACA	CCA	AC	-0.01513	0.02070	0.02054	0.01513	0.02038	0.02054
ACA	ATA	CT	-0.86780	0.05830	0.03662	0.86780	0.02448	0.03662
ACA	ACT	AT	0.13916	0.01193	0.01278	-0.13916	0.01371	0.01278
ACA	ACC	AC	-0.64658	0.02070	0.01472	0.64658	0.01084	0.01472
ACG	TCG	AT	-3.40318	0.00279	0.00033	3.40318	0.00009	0.00033
ACG	CCG	AC	-0.30322	0.00483	0.00414	0.30322	0.00357	0.00414
ACG	ATG	CT	2.01989	0.01361	0.03169	-2.01989	0.10257	0.03169
ACG	ACT	GT	1.31208	0.00279	0.00500	-1.31208	0.01034	0.00500
ACG	ACC	GC	0.52634	0.00483	0.00621	-0.52634	0.00818	0.00621
ACG	ACA	GA	1.17293	0.01834	0.03114	-1.17293	0.05925	0.03114
AAT	TAT	AT	0.56833	0.01042	0.01366	-0.56833	0.01839	0.01366
AAT	CAT	AC	-0.50673	0.01807	0.01388	0.50673	0.01089	0.01388
AAT	ATT	AT	1.16642	0.01042	0.01765	-1.16642	0.03345	0.01765
AAT	ACT	AC	-0.27595	0.01807	0.01569	0.27595	0.01371	0.01569
AAC	TAC	AT	0.30161	0.01970	0.02282	-0.30161	0.02664	0.02282
AAC	CAC	AC	-1.19182	0.03417	0.01776	1.19182	0.01038	0.01776
AAC	ATC	AT	0.67107	0.01970	0.02705	-0.67107	0.03855	0.02705
AAC	ACC	AC	-1.14814	0.03417	0.01823	1.14814	0.01084	0.01823
AAC	AAT	CT	-0.08645	0.09627	0.09217	0.08645	0.08829	0.09217
AAA	CAA	AC	-1.51992	0.04533	0.01929	1.51992	0.00991	0.01929
AAA	ATA	AT	-1.90438	0.02613	0.00871	1.90438	0.00389	0.00871
AAA	ACA	AC	-1.03657	0.04533	0.02582	1.03657	0.01608	0.02582
AAA	AAT	AT	-0.62146	0.02613	0.01885	0.62146	0.01404	0.01885
AAA	AAC	AC	-0.53501	0.04533	0.03428	0.53501	0.02655	0.03428
AAG	CAG	AC	-1.17886	0.07199	0.03771	1.17886	0.02215	0.03771
AAG	ATG	AT	-0.93414	0.04150	0.02509	0.93414	0.01631	0.02509
AAG	ACG	AC	-2.95402	0.07199	0.01170	2.95402	0.00375	0.01170
AAG	AAT	GT	-1.36599	0.04150	0.01942	1.36599	0.01059	0.01942
AAG	AAC	GC	-1.27954	0.07199	0.03550	1.27954	0.02002	0.03550
AAG	AAA	GA	-0.74452	0.27321	0.18401	0.74452	0.12977	0.18401
AGT	TGT	AT	-2.26057	0.01644	0.00433	2.26057	0.00171	0.00433
AGT	CGT	AC	-2.41486	0.02851	0.00676	2.41486	0.00255	0.00676
AGT	ATT	GT	0.42859	0.01644	0.02021	-0.42859	0.02523	0.02021
AGT	ACT	GC	-1.01378	0.02851	0.01646	1.01378	0.01034	0.01646
AGT	AAT	GA	-0.73783	0.10820	0.07315	0.73783	0.05174	0.07315
AGC	TGC	AT	-0.05775	0.00609	0.00591	0.05775	0.00574	0.00591
AGC	CGC	AC	0.35817	0.01056	0.01256	-0.35817	0.01510	0.01256
AGC	ATC	GT	1.56386	0.00609	0.01204	-1.56386	0.02908	0.01204
AGC	ACC	GC	-0.25536	0.01056	0.00927	0.25536	0.00818	0.00927
AGC	AAC	GA	0.89279	0.04007	0.06058	-0.89279	0.09784	0.06058
AGC	AGT	CT	1.54416	0.02974	0.05838	-1.54416	0.13929	0.05838
AGA	CGA	AC	-8.34970	0.00561	0.00001	8.34970	0.00000	0.00000
AGA	ATA	GT	-0.09630	0.00323	0.00308	0.09630	0.00294	0.00308
AGA	ACA	GC	0.77150	0.00561	0.00804	-0.77150	0.01213	0.00804
AGA	AAA	GA	1.80807	0.02128	0.04602	-1.80807	0.12977	0.04602
AGA	AGT	AT	1.92444	0.00323	0.00728	-1.92444	0.02215	0.00728
AGA	AGC	AC	0.38027	0.00561	0.00674	-0.38027	0.00820	0.00674
AGG	TGG	AT	1.10701	0.00560	0.00927	-1.10701	0.01696	0.00927
AGG	CGG	AC	-1.00252	0.00972	0.00565	1.00252	0.00357	0.00565
AGG	ATG	GT	0.78605	0.00560	0.00809	-0.78605	0.01230	0.00809
AGG	ACG	GC	-1.23383	0.00972	0.00493	1.23383	0.00283	0.00493
AGG	AAG	GA	1.72019	0.03690	0.07731	-1.72019	0.20609	0.07731
AGG	AGT	GT	1.09203	0.00560	0.00921	-1.09203	0.01670	0.00921
AGG	AGC	GC	-0.45213	0.00972	0.00769	0.45213	0.00619	0.00769
AGG	AGA	GA	-0.83240	0.03690	0.02365	0.83240	0.01605	0.02365
GTT	TTT	GT	0.75260	0.01788	0.02545	-0.75260	0.03795	0.02545
GTT	CTT	GC	-1.07133	0.03101	0.01731	1.07133	0.01062	0.01731
GTT	ATT	GA	0.04625	0.11771	0.12045	-0.04625	0.12328	0.12045
GTC	TTC	GT	0.52324	0.01651	0.02120	-0.52324	0.02785	0.02120
GTC	CTC	GC	-0.75248	0.02863	0.01920	0.75248	0.01349	0.01920
GTC	ATC	GA	0.26810	0.10865	0.12387	-0.26810	0.14206	0.12387
GTC	GTT	CT	0.63075	0.08064	0.10873	-0.63075	0.15153	0.10873
GTA	TTA	GT	-3.72150	0.00144	0.00013	3.72150	0.00003	0.00013
GTA	CTA	GC	1.11687	0.00250	0.00416	-1.11687	0.00765	0.00416
GTA	ATA	GA	0.41120	0.00951	0.01160	-0.41120	0.01434	0.01160
GTA	GTT	AT	2.81428	0.00144	0.00432	-2.81428	0.02409	0.00432
GTA	GTC	AC	2.18354	0.00250	0.00616	-2.18354	0.02224	0.00616
GTG	TTG	GT	-0.56301	0.03504	0.02610	0.56301	0.01995	0.02610
GTG	CTG	GC	-0.46534	0.06077	0.04773	0.46534	0.03816	0.04773
GTG	ATG	GA	-1.34490	0.23066	0.10931	1.34490	0.06010	0.10931
GTG	GTT	GT	-0.65657	0.03504	0.02479	0.65657	0.01817	0.02479
GTG	GTC	GC	-1.28732	0.06077	0.02983	1.28732	0.01677	0.02983
GTG	GTA	GA	-3.47086	0.23066	0.02569	3.47086	0.00717	0.02569
GCT	TCT	GT	-0.84256	0.01915	0.01220	0.84256	0.00825	0.01220
GCT	CCT	GC	-1.44992	0.03322	0.01476	1.44992	0.00779	0.01476
GCT	ACT	GA	-0.91416	0.12608	0.07711	0.91416	0.05054	0.07711
GCT	GTT	CT	0.48197	0.09358	0.11793	-0.48197	0.15153	0.11793
GCC	TCC	GT	-0.28708	0.01038	0.00897	0.28708	0.00779	0.00897
GCC	CCC	GC	-0.08798	0.01801	0.01723	0.08798	0.01649	0.01723
GCC	ACC	GA	-0.53706	0.06836	0.05164	0.53706	0.03995	0.05164
GCC	GTC	CT	1.01406	0.05074	0.08074	-1.01406	0.13987	0.08074
GCC	GCT	CT	1.16284	0.05074	0.08583	-1.16284	0.16231	0.08583
GCA	TCA	GT	-0.62239	0.01042	0.00751	0.62239	0.00559	0.00751
GCA	CCA	GC	-0.16149	0.01807	0.01665	0.16149	0.01538	0.01665
GCA	ACA	GA	-0.14636	0.06859	0.06369	0.14636	0.05925	0.06369
GCA	GTA	CT	-1.42536	0.05091	0.02297	1.42536	0.01224	0.02297
GCA	GCT	AT	0.90696	0.01042	0.01585	-0.90696	0.02581	0.01585
GCA	GCC	AC	-0.25589	0.01807	0.01586	0.25589	0.01399	0.01586
GCG	TCG	GT	-4.69336	0.00763	0.00033	4.69336	0.00007	0.00033
GCG	CCG	GC	-1.59340	0.01324	0.00538	1.59340	0.00269	0.00538
GCG	ACG	GA	-1.29018	0.05025	0.02462	1.29018	0.01383	0.02462
GCG	GTG	CT	2.07460	0.03730	0.08849	-2.07460	0.29694	0.08849
GCG	GCT	GT	0.93606	0.00763	0.01176	-0.93606	0.01947	0.01176
GCG	GCC	GC	-0.22678	0.01324	0.01180	0.22678	0.01055	0.01180
GCG	GCA	GA	0.02911	0.05025	0.05099	-0.02911	0.05174	0.05099
GAT	TAT	GT	-1.59528	0.06839	0.02776	1.59528	0.01387	0.02776
GAT	CAT	GC	-2.67033	0.11863	0.02356	2.67033	0.00821	0.02356
GAT	AAT	GA	-2.16360	0.45023	0.12647	2.16360	0.05174	0.12647
GAT	GTT	AT	-1.04344	0.06839	0.03881	1.04344	0.02409	0.03881
GAT	GCT	AC	-1.52540	0.11863	0.05031	1.52540	0.02581	0.05031
GAC	TAC	GT	-1.40767	0.08211	0.03745	1.40767	0.02009	0.03745
GAC	CAC	GC	-2.90109	0.14242	0.02403	2.90109	0.00783	0.02403
GAC	AAC	GA	-1.70928	0.54054	0.20419	1.70928	0.09784	0.20419
GAC	GTC	AT	-1.30630	0.08211	0.03984	1.30630	0.02224	0.03984
GAC	GCC	AC	-2.32036	0.14242	0.03600	2.32036	0.01399	0.03600
GAC	GAT	CT	0.36788	0.40120	0.47951	-0.36788	0.57960	0.47951
GAA	CAA	GC	-2.31217	0.07551	0.01919	2.31217	0.00748	0.01919
GAA	AAA	GA	-0.79225	0.28657	0.18789	0.79225	0.12977	0.18789
GAA	GTA	AT	-3.10782	0.04353	0.00633	3.10782	0.00195	0.00633
GAA	GCA	AC	-1.68246	0.07551	0.02901	1.68246	0.01404	0.02901
GAA	GAT	AT	0.74989	0.04353	0.06188	-0.74989	0.09215	0.06188
GAA	GAC	AC	0.38201	0.07551	0.09084	-0.38201	0.11063	0.09084
GAG	CAG	GC	-2.15768	0.14451	0.04075	2.15768	0.01670	0.04075
GAG	AAG	GA	-0.97882	0.54847	0.32315	0.97882	0.20609	0.32315
GAG	GTG	AT	-0.56806	0.08332	0.06188	0.56806	0.04721	0.06188
GAG	GCG	AC	-2.64266	0.14451	0.02926	2.64266	0.01029	0.02926
GAG	GAT	GT	-0.18120	0.08332	0.07600	0.18120	0.06951	0.07600
GAG	GAC	GC	-0.54908	0.14451	0.10845	0.54908	0.08345	0.10845
GAG	GAA	GA	-0.93109	0.54847	0.33219	0.93109	0.21616	0.33219
GGT	TGT	GT	-1.46050	0.00557	0.00246	1.46050	0.00129	0.00246
GGT	CGT	GC	-1.61479	0.00966	0.00387	1.61479	0.00192	0.00387
GGT	AGT	GA	0.80007	0.03667	0.05327	-0.80007	0.08162	0.05327
GGT	GTT	GT	1.18241	0.00557	0.00950	-1.18241	0.01817	0.00950
GGT	GCT	GC	0.70044	0.00966	0.01344	-0.70044	0.01947	0.01344
GGT	GAT	GA	2.22584	0.03667	0.09150	-2.22584	0.33961	0.09150
GGC	TGC	GT	-1.04128	0.01228	0.00697	1.04128	0.00433	0.00697
GGC	CGC	GC	-0.62537	0.02129	0.01532	0.62537	0.01139	0.01532
GGC	AGC	GA	-0.98354	0.08081	0.04748	0.98354	0.03022	0.04748
GGC	GTC	GT	0.31222	0.01228	0.01429	-0.31222	0.01677	0.01429
GGC	GCC	GC	-0.70184	0.02129	0.01469	0.70184	0.01055	0.01469
GGC	GAC	GA	1.61853	0.08081	0.16312	-1.61853	0.40774	0.16312
GGC	GGT	CT	-0.23944	0.05998	0.05308	0.23944	0.04721	0.05308
GGA	CGA	GC	-9.14460	0.00936	0.00001	9.14460	0.00000	0.00000
GGA	AGA	GA	-0.79490	0.03554	0.02327	0.79490	0.01605	0.02327
GGA	GTA	GT	-1.30240	0.00540	0.00263	1.30240	0.00147	0.00263
GGA	GCA	GC	0.12296	0.00936	0.00995	-0.12296	0.01059	0.00995
GGA	GAA	GA	1.80542	0.03554	0.07679	-1.80542	0.21616	0.07679
GGA	GGT	AT	0.32947	0.00540	0.00634	-0.32947	0.00751	0.00634
GGA	GGC	AC	0.56891	0.00936	0.01228	-0.56891	0.01654	0.01228
GGG	TGG	GT	0.12579	0.01128	0.01200	-0.12579	0.01279	0.01200
GGG	CGG	GC	-1.98374	0.01956	0.00619	1.98374	0.00269	0.00619
GGG	AGG	GA	-0.98121	0.07425	0.04368	0.98121	0.02783	0.04368
GGG	GTG	GT	1.14974	0.01128	0.01898	-1.14974	0.03561	0.01898
GGG	GCG	GC	-0.92487	0.01956	0.01189	0.92487	0.00776	0.01189
GGG	GAG	GA	1.71780	0.07425	0.15543	-1.71780	0.41371	0.15543
GGG	GGT	GT	-0.68924	0.01128	0.00783	0.68924	0.00566	0.00783
GGG	GGC	GC	-0.44981	0.01956	0.01549	0.44981	0.01248	0.01549
GGG	GGA	GA	-1.01872	0.07425	0.04274	1.01872	0.02681	0.04274


Histograms
2Ns	FMut	FSub(CodonUsage)	FSubw(after w)

-8.70914	0.00353	0.00001
-7.83823	0.00079	0.00000
-6.96731	0.00707	0.00007
-6.09640	0.00886	0.00015
-5.22549	0.00145	0.00007
-4.35457	0.00318	0.00024
-3.48366	0.02549	0.00422
-2.61274	0.04765	0.01417
-1.74183	0.24693	0.11800
-0.87091	0.28391	0.23213
0.00000	0.20293	0.26191
0.87091	0.12015	0.23213
1.74183	0.04299	0.11800
2.61274	0.00406	0.01417
3.48366	0.00095	0.00422
4.35457	0.00004	0.00024
5.22549	0.00001	0.00007
6.09640	0.00002	0.00015
6.96731	0.00001	0.00007
7.83823	0.00000	0.00000
8.70914	0.00000	0.00000

Proportion of advantageous (S > 0) mutations:
 0.25708

Proportions of good & bad mutations (|S| > 2.0000) among mutations:
0.01252  0.15910

mean |Ns| = 1.29331	mean Ns+ = 0.81305	mean Ns- = -1.45949


MLEs of dN/dS (w) for site classes (K=4)

site class             0        1       2a       2b
proportion       0.72619  0.19200  0.06470  0.01711
background w     0.06049  1.00000  0.06049  1.00000
foreground w     0.06049  1.00000  1.00000  1.00000

Naive Empirical Bayes (NEB) probabilities for 4 classes
(amino acids refer to 1st sequence: Bacu)

   1 M   0.88922 0.04856 0.05790 0.00433 ( 1)
   2 K   0.31500 0.60709 0.02381 0.05409 ( 2)
   3 R   0.54772 0.38373 0.03435 0.03419 ( 1)
   4 T   0.88689 0.05041 0.05821 0.00449 ( 1)
   5 H   0.35947 0.24881 0.36956 0.02217 ( 3)
   6 L   0.76685 0.15463 0.06474 0.01378 ( 1)
   7 F   0.80339 0.12172 0.06404 0.01085 ( 1)
   8 V   0.20997 0.47702 0.27050 0.04250 ( 2)
   9 M   0.29631 0.62483 0.02320 0.05567 ( 2)
  10 A   0.00275 0.86831 0.05158 0.07737 ( 2)
  11 V   0.86231 0.07056 0.06084 0.00629 ( 1)
  12 Y   0.82347 0.10394 0.06333 0.00926 ( 1)
  13 L   0.76685 0.15463 0.06474 0.01378 ( 1)
  14 L   0.76685 0.15463 0.06474 0.01378 ( 1)
  15 S   0.89384 0.04491 0.05725 0.00400 ( 1)
  16 T   0.50665 0.42319 0.03245 0.03771 ( 1)
  17 C   0.91037 0.03233 0.05443 0.00288 ( 1)
  18 R   0.41801 0.51071 0.02577 0.04550 ( 2)
  19 A   0.84459 0.08527 0.06254 0.00760 ( 1)
  20 E   0.28019 0.64064 0.02208 0.05708 ( 2)
  21 E   0.81238 0.11349 0.06402 0.01011 ( 1)
  22 G   0.88272 0.05329 0.05924 0.00475 ( 1)
  23 L   0.77143 0.15067 0.06448 0.01342 ( 1)
  24 N   0.45540 0.47175 0.03083 0.04203 ( 2)
  25 F   0.82671 0.10083 0.06348 0.00898 ( 1)
  26 P   0.84511 0.08483 0.06250 0.00756 ( 1)
  27 T   0.88949 0.04786 0.05838 0.00426 ( 1)
  28 Y   0.83052 0.09746 0.06333 0.00868 ( 1)
  29 D   0.80504 0.12002 0.06424 0.01069 ( 1)
  30 G   0.87991 0.05558 0.05956 0.00495 ( 1)
  31 K   0.35959 0.56569 0.02432 0.05040 ( 2)
  32 D   0.80542 0.11965 0.06427 0.01066 ( 1)
  33 R   0.84278 0.08672 0.06278 0.00773 ( 1)
  34 V   0.81743 0.10888 0.06399 0.00970 ( 1)
  35 V   0.86552 0.06740 0.06107 0.00601 ( 1)
  36 S   0.82741 0.10017 0.06350 0.00892 ( 1)
  37 L   0.82844 0.09925 0.06346 0.00884 ( 1)
  38 T   0.88963 0.04764 0.05849 0.00424 ( 1)
  39 E   0.81278 0.11309 0.06406 0.01008 ( 1)
  40 K   0.83514 0.09340 0.06314 0.00832 ( 1)
  41 N   0.88045 0.05505 0.05960 0.00490 ( 1)
  42 F   0.82715 0.10040 0.06351 0.00895 ( 1)
  43 K   0.83514 0.09340 0.06314 0.00832 ( 1)
  44 Q   0.82051 0.10623 0.06380 0.00946 ( 1)
  45 V   0.86700 0.06617 0.06094 0.00590 ( 1)
  46 L   0.18065 0.52647 0.24598 0.04691 ( 2)
  47 K   0.83514 0.09340 0.06314 0.00832 ( 1)
  48 K   0.83690 0.09187 0.06304 0.00819 ( 1)
  49 Y   0.30676 0.61487 0.02359 0.05478 ( 2)
  50 D   0.80542 0.11965 0.06427 0.01066 ( 1)
  51 L   0.78371 0.13894 0.06497 0.01238 ( 1)
  52 L   0.87762 0.05677 0.06055 0.00506 ( 1)
  53 C   0.91530 0.02787 0.05436 0.00248 ( 1)
  54 L   0.87781 0.05669 0.06045 0.00505 ( 1)
  55 Y   0.22175 0.45322 0.28465 0.04038 ( 2)
  56 Y   0.30648 0.61497 0.02375 0.05479 ( 2)
  57 H   0.87529 0.05877 0.06071 0.00524 ( 1)
  58 E   0.81180 0.11368 0.06439 0.01013 ( 1)
  59 P   0.84475 0.08462 0.06309 0.00754 ( 1)
  60 V   0.27836 0.64200 0.02243 0.05720 ( 2)
  61 S   0.88554 0.05038 0.05960 0.00449 ( 1)
  62 S   0.85809 0.07548 0.05970 0.00673 ( 1)
  63 D   0.79417 0.12952 0.06477 0.01154 ( 1)
  64 K   0.83569 0.09255 0.06351 0.00825 ( 1)
  65 A   0.00257 0.91566 0.00018 0.08158 ( 2)
  66 A   0.00018 0.91784 0.00020 0.08178 ( 2)
  67 Q   0.81946 0.10685 0.06417 0.00952 ( 1)
  68 K   0.83569 0.09255 0.06351 0.00825 ( 1)
  69 Q   0.18744 0.73261 0.01468 0.06528 ( 2)
  70 F   0.31099 0.61054 0.02406 0.05440 ( 2)
  71 Q   0.82490 0.10203 0.06399 0.00909 ( 1)
  72 M   0.02121 0.89707 0.00180 0.07993 ( 2)
  73 K   0.83569 0.09255 0.06351 0.00825 ( 1)
  74 E   0.82071 0.10579 0.06407 0.00943 ( 1)
  75 I   0.30608 0.61532 0.02378 0.05482 ( 2)
  76 V   0.19080 0.72961 0.01459 0.06501 ( 2)
  77 L   0.76761 0.15371 0.06499 0.01370 ( 1)
  78 E   0.81142 0.11405 0.06436 0.01016 ( 1)
  79 F   0.79882 0.12586 0.06411 0.01121 ( 1)
  80 D   0.24427 0.67585 0.01966 0.06022 ( 2)
  81 E   0.81437 0.11205 0.06360 0.00998 ( 1)
  82 E   0.81437 0.11205 0.06360 0.00998 ( 1)
  83 G   0.86895 0.06519 0.06005 0.00581 ( 1)
  84 S   0.81932 0.10769 0.06339 0.00959 ( 1)
  85 L   0.16400 0.55682 0.22957 0.04961 ( 2)
  86 Y   0.82289 0.10456 0.06324 0.00932 ( 1)
  87 V   0.26631 0.38493 0.31447 0.03430 ( 2)
  88 L   0.86879 0.06560 0.05976 0.00585 ( 1)
  89 K   0.82669 0.10123 0.06306 0.00902 ( 1)
  90 G   0.90540 0.03624 0.05513 0.00323 ( 1)
  91 D   0.78888 0.13476 0.06435 0.01201 ( 1)
  92 R   0.83269 0.09600 0.06275 0.00855 ( 1)
  93 T   0.31668 0.60550 0.02387 0.05395 ( 2)
  94 I   0.82919 0.09905 0.06293 0.00883 ( 1)
  95 E   0.80551 0.11989 0.06391 0.01068 ( 1)
  96 F   0.79992 0.12487 0.06409 0.01113 ( 1)
  97 D   0.78888 0.13476 0.06435 0.01201 ( 1)
  98 G   0.87098 0.06351 0.05985 0.00566 ( 1)
  99 E   0.80555 0.11986 0.06391 0.01068 ( 1)
 100 F   0.79882 0.12586 0.06411 0.01121 ( 1)
 101 A   0.83783 0.09135 0.06267 0.00814 ( 1)
 102 A   0.83931 0.09028 0.06237 0.00804 ( 1)
 103 D   0.78899 0.13465 0.06436 0.01200 ( 1)
 104 V   0.85619 0.07586 0.06118 0.00676 ( 1)
 105 L   0.77975 0.14298 0.06453 0.01274 ( 1)
 106 V   0.80911 0.11670 0.06379 0.01040 ( 1)
 107 E   0.80551 0.11989 0.06391 0.01068 ( 1)
 108 F   0.79907 0.12570 0.06403 0.01120 ( 1)
 109 L   0.86994 0.06437 0.05995 0.00574 ( 1)
 110 L   0.77975 0.14298 0.06453 0.01274 ( 1)
 111 D   0.79706 0.12701 0.06461 0.01132 ( 1)
 112 L   0.43612 0.49042 0.02977 0.04370 ( 2)
 113 I   0.32863 0.59394 0.02450 0.05292 ( 2)
 114 E   0.82021 0.10692 0.06334 0.00953 ( 1)
 115 D   0.80366 0.12155 0.06395 0.01083 ( 1)
 116 P   0.83558 0.09352 0.06257 0.00833 ( 1)
 117 V   0.81669 0.10981 0.06372 0.00978 ( 1)
 118 E   0.81285 0.11320 0.06386 0.01009 ( 1)
 119 I   0.82795 0.09990 0.06325 0.00890 ( 1)
 120 I   0.82795 0.09990 0.06325 0.00890 ( 1)
 121 N   0.45863 0.46886 0.03073 0.04178 ( 2)
 122 S   0.90017 0.03961 0.05669 0.00353 ( 1)
 123 K   0.83702 0.09200 0.06279 0.00820 ( 1)
 124 L   0.76834 0.15323 0.06478 0.01365 ( 1)
 125 E   0.82227 0.10488 0.06350 0.00935 ( 1)
 126 V   0.86572 0.06754 0.06072 0.00602 ( 1)
 127 Q   0.82609 0.10150 0.06336 0.00904 ( 1)
 128 A   0.87538 0.05954 0.05978 0.00530 ( 1)
 129 F   0.80569 0.11957 0.06409 0.01065 ( 1)
 130 E   0.81285 0.11320 0.06386 0.01009 ( 1)
 131 R   0.84152 0.08811 0.06252 0.00785 ( 1)
 132 I   0.83786 0.09127 0.06273 0.00813 ( 1)
 133 E   0.81285 0.11320 0.06386 0.01009 ( 1)
 134 D   0.80548 0.11975 0.06410 0.01067 ( 1)
 135 H   0.44845 0.47876 0.03013 0.04266 ( 2)
 136 I   0.82795 0.09990 0.06325 0.00890 ( 1)
 137 K   0.83702 0.09200 0.06279 0.00820 ( 1)
 138 L   0.87958 0.05611 0.05931 0.00500 ( 1)
 139 I   0.83093 0.09696 0.06347 0.00864 ( 1)
 140 G   0.88064 0.05524 0.05920 0.00492 ( 1)
 141 F   0.80569 0.11957 0.06409 0.01065 ( 1)
 142 F   0.82725 0.10052 0.06328 0.00896 ( 1)
 143 K   0.83526 0.09352 0.06288 0.00833 ( 1)
 144 S   0.82751 0.10029 0.06327 0.00894 ( 1)
 145 E   0.81312 0.11294 0.06388 0.01006 ( 1)
 146 D   0.80548 0.11975 0.06410 0.01067 ( 1)
 147 S   0.84231 0.08742 0.06248 0.00779 ( 1)
 148 E   0.80310 0.12285 0.06310 0.01095 ( 1)
 149 Y   0.26672 0.65373 0.02130 0.05825 ( 2)
 150 Y   0.82093 0.10513 0.06458 0.00937 ( 1)
 151 K   0.82939 0.09760 0.06431 0.00870 ( 1)
 152 A   0.84205 0.08647 0.06378 0.00770 ( 1)
 153 F   0.80111 0.12294 0.06500 0.01095 ( 1)
 154 E   0.81693 0.10870 0.06469 0.00968 ( 1)
 155 E   0.80794 0.11677 0.06489 0.01040 ( 1)
 156 A   0.83897 0.08917 0.06392 0.00794 ( 1)
 157 A   0.84205 0.08647 0.06378 0.00770 ( 1)
 158 E   0.81693 0.10870 0.06469 0.00968 ( 1)
 159 H   0.86992 0.06252 0.06198 0.00557 ( 1)
 160 F   0.82170 0.10444 0.06455 0.00931 ( 1)
 161 Q   0.81534 0.11011 0.06474 0.00981 ( 1)
 162 P   0.88780 0.04780 0.06014 0.00426 ( 1)
 163 Y   0.82093 0.10513 0.06458 0.00937 ( 1)
 164 I   0.21943 0.45632 0.28359 0.04066 ( 2)
 165 K   0.83108 0.09611 0.06424 0.00856 ( 1)
 166 F   0.80111 0.12294 0.06500 0.01095 ( 1)
 167 F   0.80111 0.12294 0.06500 0.01095 ( 1)
 168 A   0.84205 0.08647 0.06378 0.00770 ( 1)
 169 T   0.87744 0.05625 0.06130 0.00501 ( 1)
 170 F   0.82150 0.10456 0.06462 0.00932 ( 1)
 171 D   0.80091 0.12311 0.06501 0.01097 ( 1)
 172 K   0.83108 0.09611 0.06424 0.00856 ( 1)
 173 G   0.87625 0.05723 0.06142 0.00510 ( 1)
 174 V   0.84919 0.07896 0.06481 0.00704 ( 1)
 175 A   0.82913 0.09677 0.06548 0.00862 ( 1)
 176 K   0.81987 0.10513 0.06562 0.00937 ( 1)
 177 K   0.82146 0.10371 0.06560 0.00924 ( 1)
 178 L   0.77597 0.14538 0.06571 0.01295 ( 1)
 179 S   0.87796 0.05415 0.06307 0.00482 ( 1)
 180 L   0.77597 0.14538 0.06571 0.01295 ( 1)
 181 K   0.81987 0.10513 0.06562 0.00937 ( 1)
 182 M   0.87346 0.05795 0.06342 0.00516 ( 1)
 183 N   0.88775 0.04600 0.06215 0.00410 ( 1)
 184 E   0.79995 0.12327 0.06579 0.01098 ( 1)
 185 V   0.84917 0.07898 0.06481 0.00704 ( 1)
 186 D   0.79349 0.12920 0.06579 0.01151 ( 1)
 187 F   0.81269 0.11165 0.06571 0.00995 ( 1)
 188 Y   0.81615 0.10852 0.06566 0.00967 ( 1)
 189 E   0.79995 0.12327 0.06579 0.01098 ( 1)
 190 P   0.81458 0.10993 0.06569 0.00980 ( 1)
 191 F   0.79367 0.12904 0.06579 0.01150 ( 1)
 192 M   0.87346 0.05795 0.06342 0.00516 ( 1)
 193 D   0.79341 0.12928 0.06579 0.01152 ( 1)
 194 E   0.79995 0.12327 0.06579 0.01098 ( 1)
 195 P   0.82933 0.09662 0.06544 0.00861 ( 1)
 196 I   0.82221 0.10302 0.06558 0.00918 ( 1)
 197 A   0.85690 0.07220 0.06446 0.00643 ( 1)
 198 I   0.81458 0.11033 0.06526 0.00983 ( 1)
 199 P   0.85420 0.07463 0.06452 0.00665 ( 1)
 200 D   0.79309 0.12960 0.06576 0.01155 ( 1)
 201 K   0.29774 0.62298 0.02378 0.05551 ( 2)
 202 P   0.82880 0.09715 0.06540 0.00866 ( 1)
 203 Y   0.81150 0.11277 0.06568 0.01005 ( 1)
 204 T   0.82485 0.10070 0.06548 0.00897 ( 1)
 205 E   0.80781 0.11613 0.06572 0.01035 ( 1)
 206 E   0.25780 0.66201 0.02120 0.05898 ( 2)
 207 E   0.79952 0.12370 0.06576 0.01102 ( 1)
 208 L   0.86096 0.06875 0.06417 0.00613 ( 1)
 209 V   0.80288 0.12062 0.06575 0.01075 ( 1)
 210 E   0.25769 0.66199 0.02134 0.05898 ( 2)
 211 F   0.79271 0.12963 0.06611 0.01155 ( 1)
 212 V   0.80095 0.12180 0.06639 0.01085 ( 1)
 213 K   0.81707 0.10698 0.06642 0.00953 ( 1)
 214 E   0.79767 0.12485 0.06636 0.01112 ( 1)
 215 H   0.88276 0.04886 0.06403 0.00435 ( 1)
 216 Q   0.80894 0.11444 0.06642 0.01020 ( 1)
 217 P   0.79885 0.12183 0.06846 0.01086 ( 1)
 218 T   0.82997 0.09217 0.06965 0.00821 ( 1)
 219 L   0.79512 0.12612 0.06752 0.01124 ( 1)
 220 R   0.35543 0.48101 0.12070 0.04286 ( 2)
 221 R   0.80368 0.11765 0.06819 0.01048 ( 1)
 222 L   0.76392 0.15560 0.06662 0.01386 ( 1)
 223 R   0.80406 0.11727 0.06822 0.01045 ( 1)
 224 P   0.79503 0.12585 0.06791 0.01121 ( 1)
 225 E   0.78986 0.13077 0.06772 0.01165 ( 1)
 226 D   0.77077 0.14902 0.06693 0.01328 ( 1)
 227 M   0.84597 0.07796 0.06913 0.00695 ( 1)
 228 F   0.77813 0.14198 0.06725 0.01265 ( 1)
 229 E   0.78947 0.13116 0.06769 0.01169 ( 1)
 230 T   0.80393 0.11739 0.06822 0.01046 ( 1)
 231 W   0.76596 0.15364 0.06672 0.01369 ( 1)
 232 E   0.82270 0.10446 0.06353 0.00931 ( 1)
 233 D   0.79535 0.12878 0.06440 0.01147 ( 1)
 234 D   0.79535 0.12878 0.06440 0.01147 ( 1)
 235 L   0.78551 0.13762 0.06461 0.01226 ( 1)
 236 N   0.88111 0.05478 0.05923 0.00488 ( 1)
 237 G   0.88393 0.05250 0.05889 0.00468 ( 1)
 238 I   0.82839 0.09947 0.06328 0.00886 ( 1)
 239 H   0.90708 0.03445 0.05540 0.00307 ( 1)
 240 I   0.83832 0.09081 0.06277 0.00809 ( 1)
 241 V   0.81710 0.10940 0.06376 0.00975 ( 1)
 242 A   0.87586 0.05907 0.05981 0.00526 ( 1)
 243 F   0.80707 0.11820 0.06420 0.01053 ( 1)
 244 A   0.87722 0.05822 0.05938 0.00519 ( 1)
 245 E   0.81332 0.11276 0.06387 0.01005 ( 1)
 246 R   0.90751 0.03426 0.05518 0.00305 ( 1)
 247 S   0.82795 0.09986 0.06330 0.00890 ( 1)
 248 D   0.79535 0.12878 0.06440 0.01147 ( 1)
 249 P   0.82982 0.09823 0.06321 0.00875 ( 1)
 250 D   0.79465 0.12934 0.06448 0.01152 ( 1)
 251 G   0.88080 0.05517 0.05912 0.00492 ( 1)
 252 Y   0.82914 0.09882 0.06323 0.00880 ( 1)
 253 E   0.81295 0.11314 0.06383 0.01008 ( 1)
 254 F   0.82736 0.10045 0.06323 0.00895 ( 1)
 255 L   0.76839 0.15320 0.06476 0.01365 ( 1)
 256 E   0.81295 0.11314 0.06383 0.01008 ( 1)
 257 I   0.82807 0.09984 0.06320 0.00890 ( 1)
 258 L   0.76844 0.15317 0.06475 0.01365 ( 1)
 259 K   0.83538 0.09346 0.06283 0.00833 ( 1)
 260 Q   0.82073 0.10626 0.06354 0.00947 ( 1)
 261 V   0.86736 0.06623 0.06052 0.00590 ( 1)
 262 A   0.84925 0.08141 0.06208 0.00725 ( 1)
 263 R   0.91345 0.02979 0.05410 0.00265 ( 1)
 264 D   0.80557 0.11970 0.06407 0.01066 ( 1)
 265 N   0.88080 0.05517 0.05912 0.00492 ( 1)
 266 T   0.90196 0.03806 0.05659 0.00339 ( 1)
 267 D   0.80557 0.11970 0.06407 0.01066 ( 1)
 268 N   0.88080 0.05517 0.05912 0.00492 ( 1)
 269 P   0.87329 0.06131 0.05993 0.00546 ( 1)
 270 D   0.27002 0.65055 0.02147 0.05796 ( 2)
 271 L   0.78187 0.14041 0.06520 0.01251 ( 1)
 272 S   0.35483 0.25602 0.36634 0.02281 ( 3)
 273 I   0.82972 0.09871 0.06277 0.00880 ( 1)
 274 V   0.07817 0.84184 0.00498 0.07501 ( 2)
 275 W   0.78798 0.13545 0.06450 0.01207 ( 1)
 276 I   0.82807 0.09984 0.06320 0.00890 ( 1)
 277 D   0.80557 0.11970 0.06407 0.01066 ( 1)
 278 P   0.82949 0.09860 0.06313 0.00879 ( 1)
 279 D   0.79688 0.12761 0.06413 0.01137 ( 1)
 280 D   0.80557 0.11970 0.06407 0.01066 ( 1)
 281 F   0.80578 0.11952 0.06406 0.01065 ( 1)
 282 P   0.87329 0.06131 0.05993 0.00546 ( 1)
 283 L   0.76839 0.15320 0.06476 0.01365 ( 1)
 284 L   0.88007 0.05541 0.05958 0.00494 ( 1)
 285 V   0.86709 0.06613 0.06089 0.00589 ( 1)
 286 A   0.87121 0.06165 0.06165 0.00549 ( 1)
 287 Y   0.83103 0.09703 0.06329 0.00865 ( 1)
 288 W   0.78791 0.13538 0.06464 0.01206 ( 1)
 289 E   0.82225 0.10473 0.06369 0.00933 ( 1)
 290 K   0.83522 0.09336 0.06311 0.00832 ( 1)
 291 T   0.88492 0.05140 0.05910 0.00458 ( 1)
 292 F   0.82722 0.10036 0.06348 0.00894 ( 1)
 293 K   0.83522 0.09336 0.06311 0.00832 ( 1)
 294 I   0.83781 0.09110 0.06296 0.00812 ( 1)
 295 D   0.80547 0.11962 0.06425 0.01066 ( 1)
 296 L   0.82851 0.09921 0.06344 0.00884 ( 1)
 297 F   0.82722 0.10036 0.06348 0.00894 ( 1)
 298 K   0.83522 0.09336 0.06311 0.00832 ( 1)
 299 P   0.83083 0.09732 0.06318 0.00867 ( 1)
 300 Q   0.82058 0.10619 0.06377 0.00946 ( 1)
 301 I   0.83781 0.09110 0.06296 0.00812 ( 1)
 302 G   0.87846 0.05672 0.05977 0.00505 ( 1)
 303 V   0.81667 0.10966 0.06390 0.00977 ( 1)
 304 V   0.81667 0.10966 0.06390 0.00977 ( 1)
 305 N   0.90657 0.03459 0.05575 0.00308 ( 1)
 306 V   0.86706 0.06616 0.06089 0.00589 ( 1)
 307 T   0.84130 0.08809 0.06277 0.00785 ( 1)
 308 D   0.79436 0.12964 0.06445 0.01155 ( 1)
 309 A   0.84657 0.08431 0.06161 0.00751 ( 1)
 310 D   0.80398 0.12143 0.06378 0.01082 ( 1)
 311 S   0.82578 0.10224 0.06287 0.00911 ( 1)
 312 V   0.86392 0.06968 0.06019 0.00621 ( 1)
 313 W   0.78665 0.13688 0.06427 0.01220 ( 1)
 314 M   0.89099 0.04772 0.05703 0.00425 ( 1)
 315 E   0.81129 0.11496 0.06350 0.01024 ( 1)
 316 I   0.83608 0.09331 0.06230 0.00831 ( 1)
 317 P   0.82927 0.09922 0.06267 0.00884 ( 1)
 318 D   0.24744 0.67264 0.01998 0.05993 ( 2)
 319 G   0.91267 0.03115 0.05341 0.00278 ( 1)
 320 D   0.79365 0.13062 0.06409 0.01164 ( 1)
 321 D   0.16272 0.57270 0.21355 0.05103 ( 2)
 322 L   0.76768 0.15398 0.06462 0.01372 ( 1)
 323 P   0.84434 0.08635 0.06162 0.00769 ( 1)
 324 T   0.83955 0.09032 0.06208 0.00805 ( 1)
 325 A   0.84679 0.08410 0.06162 0.00749 ( 1)
 326 E   0.81126 0.11498 0.06351 0.01024 ( 1)
 327 E   0.81126 0.11498 0.06351 0.01024 ( 1)
 328 L   0.76743 0.15423 0.06460 0.01374 ( 1)
 329 E   0.82059 0.10678 0.06312 0.00951 ( 1)
 330 D   0.80398 0.12143 0.06378 0.01082 ( 1)
 331 W   0.78665 0.13688 0.06427 0.01220 ( 1)
 332 I   0.32760 0.59498 0.02441 0.05301 ( 2)
 333 E   0.81126 0.11498 0.06351 0.01024 ( 1)
 334 D   0.79409 0.13019 0.06412 0.01160 ( 1)
 335 V   0.81506 0.11163 0.06336 0.00995 ( 1)
 336 L   0.87852 0.05768 0.05866 0.00514 ( 1)
 337 S   0.88547 0.05214 0.05774 0.00465 ( 1)
 338 G   0.88178 0.05505 0.05827 0.00490 ( 1)
 339 K   0.83349 0.09555 0.06245 0.00851 ( 1)
 340 I   0.91900 0.02676 0.05186 0.00238 ( 1)
 341 N   0.45059 0.47693 0.02998 0.04249 ( 2)
 342 T   0.88300 0.05407 0.05811 0.00482 ( 1)
 343 E   0.81216 0.11409 0.06358 0.01017 ( 1)
 344 D   0.25047 0.66968 0.02019 0.05967 ( 2)
 345 D   0.25276 0.66737 0.02041 0.05946 ( 2)
 346 D   0.80332 0.12205 0.06375 0.01087 ( 1)
 347 N   0.00022 0.91798 0.00001 0.08179 ( 2)
 348 E   0.21624 0.46733 0.27479 0.04164 ( 2)
 349 D   0.25055 0.66980 0.01997 0.05968 ( 2)
 350 E   0.82009 0.10728 0.06308 0.00956 ( 1)
 351 E   0.00148 0.91673 0.00012 0.08168 ( 2)
 352 D   0.18799 0.51613 0.24989 0.04599 ( 2)
 353 E   0.82001 0.10735 0.06307 0.00956 ( 1)
 354 E   0.27472 0.64619 0.02151 0.05758 ( 2)
 355 D   0.02018 0.87496 0.02691 0.07796 ( 2)
 356 D   0.80398 0.12143 0.06378 0.01082 ( 1)
 357 D   0.27293 0.64768 0.02167 0.05771 ( 2)
 358 D   0.80389 0.12149 0.06379 0.01082 ( 1)
 359 D   0.24462 0.67545 0.01975 0.06018 ( 2)
 360 D   0.19054 0.51020 0.25380 0.04546 ( 2)
 361 D   0.80398 0.12143 0.06378 0.01082 ( 1)
 362 N   0.00001 0.91818 0.00000 0.08181 ( 2)
 363 D   0.79797 0.12735 0.06334 0.01135 ( 1)
 364 N   0.89837 0.04353 0.05422 0.00388 ( 1)
 365 S   0.87793 0.05956 0.05720 0.00531 ( 1)
 366 D   0.79762 0.12768 0.06333 0.01138 ( 1)
 367 E   0.81244 0.11484 0.06249 0.01023 ( 1)
 368 E   0.02226 0.89615 0.00174 0.07985 ( 2)
 369 D   0.00172 0.91648 0.00014 0.08166 ( 2)
 370 D   0.25969 0.66050 0.02096 0.05885 ( 2)
 371 D   0.80398 0.12143 0.06378 0.01082 ( 1)
 372 S   0.00011 0.91808 0.00001 0.08180 ( 2)
 373 D   0.01985 0.87580 0.02632 0.07803 ( 2)
 374 D   0.27275 0.64789 0.02164 0.05773 ( 2)
 375 D   0.18688 0.51827 0.24867 0.04618 ( 2)
 376 E   0.00126 0.91549 0.00167 0.08157 ( 2)
 377 D   0.80082 0.12455 0.06353 0.01110 ( 1)


lnL = -3076.455050

Bayes Empirical Bayes (BEB) probabilities for 4 classes (class)
(amino acids refer to 1st sequence: Bacu)

   1 M   0.91697 0.05328 0.02765 0.00210 ( 1)
   2 K   0.29674 0.65962 0.01234 0.03131 ( 2)
   3 R   0.52707 0.44075 0.01518 0.01700 ( 1)
   4 T   0.91448 0.05532 0.02801 0.00219 ( 1)
   5 H   0.36538 0.30355 0.31183 0.01924 ( 1)
   6 L   0.78190 0.16823 0.04096 0.00890 ( 1)
   7 F   0.82262 0.13300 0.03785 0.00654 ( 1)
   8 V   0.18404 0.48299 0.28674 0.04623 ( 2)
   9 M   0.27873 0.67535 0.01249 0.03342 ( 2)
  10 A   0.00376 0.75811 0.09128 0.14685 ( 2)
  11 V   0.88780 0.07742 0.03147 0.00331 ( 1)
  12 Y   0.84494 0.11378 0.03592 0.00535 ( 1)
  13 L   0.78190 0.16823 0.04096 0.00890 ( 1)
  14 L   0.78190 0.16823 0.04096 0.00890 ( 1)
  15 S   0.92191 0.04927 0.02691 0.00191 ( 1)
  16 T   0.48516 0.48143 0.01436 0.01905 ( 1)
  17 C   0.93929 0.03542 0.02400 0.00128 ( 1)
  18 R   0.39706 0.57017 0.01093 0.02184 ( 2)
  19 A   0.86827 0.09349 0.03404 0.00421 ( 1)
  20 E   0.26358 0.68999 0.01199 0.03444 ( 2)
  21 E   0.83254 0.12410 0.03734 0.00601 ( 1)
  22 G   0.91002 0.05849 0.02913 0.00237 ( 1)
  23 L   0.78709 0.16403 0.04031 0.00857 ( 1)
  24 N   0.43345 0.53002 0.01433 0.02220 ( 2)
  25 F   0.84847 0.11040 0.03595 0.00518 ( 1)
  26 P   0.86883 0.09300 0.03398 0.00418 ( 1)
  27 T   0.91731 0.05252 0.02810 0.00208 ( 1)
  28 Y   0.85269 0.10675 0.03559 0.00497 ( 1)
  29 D   0.82438 0.13115 0.03801 0.00645 ( 1)
  30 G   0.90697 0.06100 0.02954 0.00249 ( 1)
  31 K   0.34024 0.62238 0.01124 0.02615 ( 2)
  32 D   0.82479 0.13074 0.03803 0.00643 ( 1)
  33 R   0.86624 0.09505 0.03439 0.00431 ( 1)
  34 V   0.83813 0.11911 0.03704 0.00572 ( 1)
  35 V   0.89129 0.07396 0.03159 0.00316 ( 1)
  36 S   0.84923 0.10968 0.03594 0.00515 ( 1)
  37 L   0.85039 0.10869 0.03583 0.00509 ( 1)
  38 T   0.91746 0.05228 0.02819 0.00207 ( 1)
  39 E   0.83298 0.12367 0.03736 0.00599 ( 1)
  40 K   0.85781 0.10233 0.03514 0.00472 ( 1)
  41 N   0.90756 0.06041 0.02956 0.00247 ( 1)
  42 F   0.84894 0.10993 0.03597 0.00516 ( 1)
  43 K   0.85781 0.10233 0.03514 0.00472 ( 1)
  44 Q   0.84159 0.11625 0.03662 0.00554 ( 1)
  45 V   0.89291 0.07261 0.03140 0.00309 ( 1)
  46 L   0.15379 0.51257 0.27907 0.05457 ( 2)
  47 K   0.85781 0.10233 0.03514 0.00472 ( 1)
  48 K   0.85975 0.10067 0.03495 0.00462 ( 1)
  49 Y   0.28877 0.66650 0.01245 0.03228 ( 2)
  50 D   0.82479 0.13074 0.03803 0.00643 ( 1)
  51 L   0.80053 0.15146 0.04019 0.00782 ( 1)
  52 L   0.90448 0.06230 0.03062 0.00260 ( 1)
  53 C   0.94456 0.03052 0.02383 0.00110 ( 1)
  54 L   0.90468 0.06221 0.03051 0.00259 ( 1)
  55 Y   0.19469 0.46161 0.29997 0.04373 ( 2)
  56 Y   0.28841 0.66637 0.01265 0.03257 ( 2)
  57 H   0.90194 0.06449 0.03086 0.00270 ( 1)
  58 E   0.83180 0.12429 0.03784 0.00607 ( 1)
  59 P   0.86835 0.09276 0.03467 0.00422 ( 1)
  60 V   0.26159 0.69051 0.01249 0.03541 ( 2)
  61 S   0.91308 0.05528 0.02939 0.00225 ( 1)
  62 S   0.88327 0.08282 0.03042 0.00348 ( 1)
  63 D   0.81218 0.14135 0.03932 0.00715 ( 1)
  64 K   0.85835 0.10140 0.03555 0.00470 ( 1)
  65 A   0.00484 0.95221 0.00015 0.04280 ( 2)
  66 A   0.00067 0.92079 0.00032 0.07822 ( 2)
  67 Q   0.84034 0.11691 0.03714 0.00562 ( 1)
  68 K   0.85835 0.10140 0.03555 0.00470 ( 1)
  69 Q   0.17781 0.77570 0.00794 0.03854 ( 2)
  70 F   0.29267 0.66223 0.01280 0.03231 ( 2)
  71 Q   0.84639 0.11169 0.03662 0.00530 ( 1)
  72 M   0.02419 0.92372 0.00120 0.05089 ( 2)
  73 K   0.85835 0.10140 0.03555 0.00470 ( 1)
  74 E   0.84172 0.11576 0.03697 0.00554 ( 1)
  75 I   0.28806 0.66674 0.01273 0.03248 ( 2)
  76 V   0.18112 0.77379 0.00769 0.03740 ( 2)
  77 L   0.78263 0.16723 0.04127 0.00888 ( 1)
  78 E   0.83140 0.12470 0.03782 0.00609 ( 1)
  79 F   0.81755 0.13745 0.03819 0.00681 ( 1)
  80 D   0.22995 0.72207 0.01095 0.03703 ( 2)
  81 E   0.83486 0.12256 0.03670 0.00587 ( 1)
  82 E   0.83486 0.12256 0.03670 0.00587 ( 1)
  83 G   0.89507 0.07154 0.03040 0.00299 ( 1)
  84 S   0.84036 0.11785 0.03621 0.00559 ( 1)
  85 L   0.13781 0.53168 0.27059 0.05993 ( 2)
  86 Y   0.84432 0.11446 0.03584 0.00538 ( 1)
  87 V   0.24610 0.41788 0.30217 0.03385 ( 2)
  88 L   0.89489 0.07200 0.03012 0.00299 ( 1)
  89 K   0.84854 0.11085 0.03544 0.00516 ( 1)
  90 G   0.93409 0.03973 0.02472 0.00146 ( 1)
  91 D   0.80647 0.14701 0.03907 0.00744 ( 1)
  92 R   0.85519 0.10517 0.03481 0.00483 ( 1)
  93 T   0.29835 0.65818 0.01233 0.03114 ( 2)
  94 I   0.85131 0.10848 0.03518 0.00503 ( 1)
  95 E   0.82500 0.13103 0.03756 0.00640 ( 1)
  96 F   0.81875 0.13638 0.03812 0.00675 ( 1)
  97 D   0.80647 0.14701 0.03907 0.00744 ( 1)
  98 G   0.89728 0.06970 0.03012 0.00289 ( 1)
  99 E   0.82504 0.13100 0.03756 0.00640 ( 1)
 100 F   0.81755 0.13745 0.03819 0.00681 ( 1)
 101 A   0.86084 0.10011 0.03448 0.00456 ( 1)
 102 A   0.86251 0.09895 0.03407 0.00447 ( 1)
 103 D   0.80659 0.14690 0.03908 0.00743 ( 1)
 104 V   0.88111 0.08322 0.03207 0.00360 ( 1)
 105 L   0.79633 0.15581 0.03983 0.00803 ( 1)
 106 V   0.82900 0.12759 0.03722 0.00619 ( 1)
 107 E   0.82500 0.13103 0.03756 0.00640 ( 1)
 108 F   0.81783 0.13728 0.03809 0.00680 ( 1)
 109 L   0.89614 0.07065 0.03027 0.00294 ( 1)
 110 L   0.79633 0.15581 0.03983 0.00803 ( 1)
 111 D   0.81543 0.13867 0.03894 0.00696 ( 1)
 112 L   0.41439 0.54857 0.01395 0.02309 ( 2)
 113 I   0.30972 0.64736 0.01288 0.03004 ( 2)
 114 E   0.84135 0.11702 0.03610 0.00553 ( 1)
 115 D   0.82295 0.13282 0.03772 0.00651 ( 1)
