Supplemental results for CODEML (seqf: /home/leticiamagpali/phd/evol_models/codeml/big_dataset/cml_align/PCDH15_codon_aligned.phy  treef: /home/leticiamagpali/phd/evol_models/codeml/big_dataset/cml_trees/gene_trees/H2_gene_trees/PCDH15_tree_H2.tre)

I	J	ij	2Ns_IJ	pMut_IJ	pSub_IJ	2Ns_JI	pMut_JI	pSub_JI

TTC	TTT	CT	1.11515	0.02650	0.04397	-1.11515	0.08083	0.04397
TTA	TTT	AT	1.52486	0.00414	0.00806	-1.52486	0.01900	0.00806
TTA	TTC	AC	0.40971	0.00581	0.00708	-0.40971	0.00875	0.00708
TTG	TTT	GT	1.34820	0.00684	0.01246	-1.34820	0.02634	0.01246
TTG	TTC	GC	0.23306	0.00961	0.01078	-0.23306	0.01214	0.01078
TTG	TTA	GA	-0.17666	0.03586	0.03279	0.17666	0.03006	0.03279
TCT	TTT	CT	1.52173	0.01765	0.03436	-1.52173	0.08083	0.03436
TCC	TTC	CT	0.68156	0.01884	0.02598	-0.68156	0.03725	0.02598
TCC	TCT	CT	0.27498	0.01884	0.02155	-0.27498	0.02480	0.02155
TCA	TTA	CT	0.20943	0.01878	0.02081	-0.20943	0.02315	0.02081
TCA	TCT	AT	0.21256	0.00471	0.00523	-0.21256	0.00583	0.00523
TCA	TCC	AC	-0.06242	0.00662	0.00642	0.06242	0.00622	0.00642
TCG	TTG	CT	3.11591	0.00170	0.00554	-3.11591	0.03830	0.00554
TCG	TCT	GT	2.94238	0.00043	0.00132	-2.94238	0.00808	0.00132
TCG	TCC	GC	2.66740	0.00060	0.00172	-2.66740	0.00863	0.00172
TCG	TCA	GA	2.72983	0.00223	0.00653	-2.72983	0.03426	0.00653
TAT	TTT	AT	0.28530	0.01428	0.01642	-0.28530	0.01900	0.01642
TAT	TCT	AC	-1.23643	0.02007	0.01016	1.23643	0.00583	0.01016
TAC	TTC	AT	-0.12898	0.00996	0.00933	0.12898	0.00875	0.00933
TAC	TCC	AC	-0.81054	0.01400	0.00908	0.81054	0.00622	0.00908
TAC	TAT	CT	0.70086	0.03968	0.05520	-0.70086	0.07998	0.05520
TGT	TTT	GT	2.76459	0.00166	0.00490	-2.76459	0.02634	0.00490
TGT	TCT	GC	1.24286	0.00233	0.00407	-1.24286	0.00808	0.00407
TGT	TAT	GA	2.47929	0.00870	0.02354	-2.47929	0.10382	0.02354
TGC	TTC	GT	1.99904	0.00164	0.00380	-1.99904	0.01214	0.00380
TGC	TCC	GC	1.31748	0.00231	0.00416	-1.31748	0.00863	0.00416
TGC	TAC	GA	2.12802	0.00862	0.02082	-2.12802	0.07239	0.02082
TGC	TGT	CT	0.34959	0.00655	0.00776	-0.34959	0.00929	0.00776
TGG	TTG	GT	2.94780	0.00065	0.00204	-2.94780	0.01248	0.00204
TGG	TCG	GC	-0.16811	0.00092	0.00084	0.16811	0.00078	0.00084
TGG	TGT	GT	1.53141	0.00065	0.00128	-1.53141	0.00303	0.00128
TGG	TGC	GC	1.18182	0.00092	0.00157	-1.18182	0.00300	0.00157
CTT	TTT	CT	0.61797	0.04357	0.05841	-0.61797	0.08083	0.05841
CTC	TTC	CT	0.14349	0.03227	0.03464	-0.14349	0.03725	0.03464
CTC	CTT	CT	0.64066	0.03227	0.04370	-0.64066	0.06124	0.04370
CTA	TTA	CT	0.09545	0.02105	0.02207	-0.09545	0.02315	0.02207
CTA	CTT	AT	1.00234	0.00528	0.00837	-1.00234	0.01439	0.00837
CTA	CTC	AC	0.36167	0.00742	0.00885	-0.36167	0.01066	0.00885
CTG	TTG	CT	-0.00933	0.03866	0.03848	0.00933	0.03830	0.03848
CTG	CTT	GT	0.72090	0.00970	0.01362	-0.72090	0.01995	0.01362
CTG	CTC	GC	0.08024	0.01364	0.01419	-0.08024	0.01478	0.01419
CTG	CTA	GA	-0.28143	0.05088	0.04405	0.28143	0.03840	0.04405
CCT	TCT	CT	-0.83575	0.05721	0.03659	0.83575	0.02480	0.03659
CCT	CTT	CT	0.06801	0.05721	0.05918	-0.06801	0.06124	0.05918
CCC	TCC	CT	0.74957	0.01251	0.01778	-0.74957	0.02648	0.01778
CCC	CTC	CT	1.28765	0.01251	0.02225	-1.28765	0.04535	0.02225
CCC	CCT	CT	1.86030	0.01251	0.02757	-1.86030	0.08040	0.02757
CCA	TCA	CT	-0.93597	0.06729	0.04064	0.93597	0.02639	0.04064
CCA	CTA	CT	-0.82199	0.06729	0.04338	0.82199	0.02958	0.04338
CCA	CCT	AT	0.11233	0.01689	0.01786	-0.11233	0.01890	0.01786
CCA	CCC	AC	-1.74797	0.02374	0.00875	1.74797	0.00413	0.00875
CCG	TCG	CT	-1.76987	0.01401	0.00509	1.76987	0.00239	0.00509
CCG	CTG	CT	1.35537	0.01401	0.02558	-1.35537	0.05433	0.02558
CCG	CCT	GT	2.00826	0.00352	0.00816	-2.00826	0.02620	0.00816
CCG	CCC	GC	0.14796	0.00494	0.00532	-0.14796	0.00573	0.00532
CCG	CCA	GA	1.89593	0.01844	0.04113	-1.89593	0.12277	0.04113
CAT	TAT	CT	1.32462	0.02127	0.03837	-1.32462	0.07998	0.03837
CAT	CTT	AT	0.99195	0.00534	0.00842	-0.99195	0.01439	0.00842
CAT	CCT	AC	0.92394	0.00750	0.01149	-0.92394	0.01890	0.01149
CAC	TAC	CT	1.59107	0.01136	0.02270	-1.59107	0.05577	0.02270
CAC	CTC	AT	1.31860	0.00285	0.00513	-1.31860	0.01066	0.00513
CAC	CCC	AC	0.03096	0.00401	0.00407	-0.03096	0.00413	0.00407
CAC	CAT	CT	0.96732	0.01136	0.01773	-0.96732	0.02989	0.01773
CAA	CTA	AT	-0.18648	0.00838	0.00762	0.18648	0.00695	0.00762
CAA	CCA	AC	0.63552	0.01177	0.01591	-0.63552	0.02223	0.01591
CAA	CAT	AT	-0.17609	0.00838	0.00766	0.17609	0.00703	0.00766
CAA	CAC	AC	-1.14341	0.01177	0.00630	1.14341	0.00375	0.00630
CAG	CTG	AT	0.34078	0.00908	0.01072	-0.34078	0.01277	0.01072
CAG	CCG	AC	-1.01459	0.01276	0.00737	1.01459	0.00463	0.00737
CAG	CAT	GT	0.06974	0.00908	0.00940	-0.06974	0.00974	0.00940
CAG	CAC	GC	-0.89758	0.01276	0.00788	0.89758	0.00520	0.00788
CAG	CAA	GA	0.24583	0.04762	0.05372	-0.24583	0.06090	0.05372
CGT	TGT	CT	0.02551	0.00906	0.00917	-0.02551	0.00929	0.00917
CGT	CTT	GT	2.17214	0.00227	0.00557	-2.17214	0.01995	0.00557
CGT	CCT	GC	2.10413	0.00319	0.00766	-2.10413	0.02620	0.00766
CGT	CAT	GA	1.18019	0.01192	0.02031	-1.18019	0.03880	0.02031
CGC	TGC	CT	-0.51091	0.01534	0.01176	0.51091	0.00920	0.01176
CGC	CTC	GT	1.34464	0.00385	0.00700	-1.34464	0.01478	0.00700
CGC	CCC	GC	0.05699	0.00541	0.00557	-0.05699	0.00573	0.00557
CGC	CAC	GA	0.02603	0.02019	0.02046	-0.02603	0.02073	0.02046
CGC	CGT	CT	-0.18683	0.01534	0.01395	0.18683	0.01273	0.01395
CGA	CTA	GT	0.90945	0.00388	0.00591	-0.90945	0.00964	0.00591
CGA	CCA	GC	1.73144	0.00546	0.01148	-1.73144	0.03081	0.01148
CGA	CAA	GA	1.09592	0.02035	0.03350	-1.09592	0.06090	0.03350
CGA	CGT	AT	-0.26035	0.00388	0.00340	0.26035	0.00299	0.00340
CGA	CGC	AC	-0.07352	0.00546	0.00526	0.07352	0.00507	0.00526
CGG	TGG	CT	-1.23278	0.01257	0.00638	1.23278	0.00366	0.00638
CGG	CTG	GT	1.72435	0.00316	0.00662	-1.72435	0.01770	0.00662
CGG	CCG	GC	0.36898	0.00444	0.00530	-0.36898	0.00641	0.00530
CGG	CAG	GA	1.38356	0.01655	0.03056	-1.38356	0.06601	0.03056
CGG	CGT	GT	0.27312	0.00316	0.00361	-0.27312	0.00415	0.00361
CGG	CGC	GC	0.45995	0.00444	0.00553	-0.45995	0.00703	0.00553
CGG	CGA	GA	0.53347	0.01655	0.02135	-0.53347	0.02821	0.02135
ATT	TTT	AT	0.21203	0.01537	0.01706	-0.21203	0.01900	0.01706
ATT	CTT	AC	-0.40594	0.02160	0.01751	0.40594	0.01439	0.01751
ATC	TTC	AT	-0.60540	0.01604	0.01167	0.60540	0.00875	0.01167
ATC	CTC	AC	-0.74888	0.02254	0.01514	0.74888	0.01066	0.01514
ATC	ATT	CT	0.29772	0.06390	0.07388	-0.29772	0.08606	0.07388
ATA	TTA	AT	-0.42761	0.00835	0.00669	0.42761	0.00544	0.00669
ATA	CTA	AC	-0.52305	0.01173	0.00893	0.52305	0.00695	0.00893
ATA	ATT	AT	0.88522	0.00835	0.01258	-0.88522	0.02023	0.01258
ATA	ATC	AC	0.58750	0.01173	0.01551	-0.58750	0.02111	0.01551
ATG	TTG	AT	0.00291	0.00898	0.00899	-0.00291	0.00900	0.00899
ATG	CTG	AC	0.01224	0.01261	0.01269	-0.01224	0.01277	0.01269
ATG	ATT	GT	1.13908	0.00898	0.01504	-1.13908	0.02804	0.01504
ATG	ATC	GC	0.84136	0.01261	0.01866	-0.84136	0.02926	0.01866
ATG	ATA	GA	0.25386	0.04706	0.05329	-0.25386	0.06067	0.05329
ACT	TCT	AT	-0.99252	0.01573	0.00919	0.99252	0.00583	0.00919
ACT	CCT	AC	-0.15677	0.02211	0.02042	0.15677	0.01890	0.02042
ACT	ATT	CT	0.31718	0.06267	0.07313	-0.31718	0.08606	0.07313
ACC	TCC	AT	-0.53480	0.01062	0.00804	0.53480	0.00622	0.00804
ACC	CCC	AC	-1.28437	0.01493	0.00734	1.28437	0.00413	0.00734
ACC	ATC	CT	0.75216	0.04233	0.06023	-0.75216	0.08981	0.06023
ACC	ACT	CT	0.73270	0.04233	0.05971	-0.73270	0.08807	0.05971
ACA	TCA	AT	-0.83249	0.01426	0.00914	0.83249	0.00620	0.00914
ACA	CCA	AC	0.10349	0.02004	0.02110	-0.10349	0.02223	0.02110
ACA	ATA	CT	-0.19545	0.05682	0.05145	0.19545	0.04674	0.05145
ACA	ACT	AT	0.37259	0.01426	0.01708	-0.37259	0.02070	0.01708
ACA	ACC	AC	-0.36011	0.02004	0.01665	0.36011	0.01398	0.01665
ACG	TCG	AT	-1.63660	0.00288	0.00114	1.63660	0.00056	0.00114
ACG	CCG	AC	0.13326	0.00405	0.00433	-0.13326	0.00463	0.00433
ACG	ATG	CT	1.47639	0.01148	0.02197	-1.47639	0.05026	0.02197
ACG	ACT	GT	2.29830	0.00288	0.00736	-2.29830	0.02870	0.00736
ACG	ACC	GC	1.56560	0.00405	0.00802	-1.56560	0.01938	0.00802
ACG	ACA	GA	1.92571	0.01511	0.03407	-1.92571	0.10367	0.03407
AAT	TAT	AT	-0.04746	0.01971	0.01925	0.04746	0.01880	0.01925
AAT	CAT	AC	-1.37208	0.02770	0.01291	1.37208	0.00703	0.01291
AAT	ATT	AT	0.02581	0.01971	0.01997	-0.02581	0.02023	0.01997
AAT	ACT	AC	-0.29137	0.02770	0.02386	0.29137	0.02070	0.02386
AAC	TAC	AT	0.45448	0.00832	0.01035	-0.45448	0.01311	0.01035
AAC	CAC	AC	-1.13660	0.01169	0.00628	1.13660	0.00375	0.00628
AAC	ATC	AT	0.93089	0.00832	0.01279	-0.93089	0.02111	0.01279
AAC	ACC	AC	0.17873	0.01169	0.01277	-0.17873	0.01398	0.01277
AAC	AAT	CT	1.20280	0.03315	0.05699	-1.20280	0.11038	0.05699
AAA	CAA	AC	-0.21607	0.01369	0.01226	0.21607	0.01103	0.01226
AAA	ATA	AT	0.12051	0.00974	0.01034	-0.12051	0.01098	0.01034
AAA	ACA	AC	0.31596	0.01369	0.01596	-0.31596	0.01877	0.01596
AAA	AAT	AT	0.97992	0.00974	0.01528	-0.97992	0.02594	0.01528
AAA	AAC	AC	-0.22288	0.01369	0.01222	0.22288	0.01095	0.01222
AAG	CAG	AC	-0.01406	0.01212	0.01204	0.01406	0.01195	0.01204
AAG	ATG	AT	0.31449	0.00863	0.01005	-0.31449	0.01181	0.01005
AAG	ACG	AC	-1.16191	0.01212	0.00641	1.16191	0.00379	0.00641
AAG	AAT	GT	1.42776	0.00863	0.01620	-1.42776	0.03596	0.01620
AAG	AAC	GC	0.22496	0.01212	0.01354	-0.22496	0.01518	0.01354
AAG	AAA	GA	0.44784	0.04523	0.05611	-0.44784	0.07078	0.05611
AGT	TGT	AT	-1.41351	0.00898	0.00408	1.41351	0.00218	0.00408
AGT	CGT	AC	-1.43902	0.01261	0.00564	1.43902	0.00299	0.00564
AGT	ATT	GT	1.13905	0.00898	0.01504	-1.13905	0.02804	0.01504
AGT	ACT	GC	0.82188	0.01261	0.01850	-0.82188	0.02870	0.01850
AGT	AAT	GA	1.11324	0.04707	0.07803	-1.11324	0.14328	0.07803
AGC	TGC	AT	-0.84327	0.00503	0.00320	0.84327	0.00216	0.00320
AGC	CGC	AC	-0.33236	0.00707	0.00596	0.33236	0.00507	0.00596
AGC	ATC	GT	1.76116	0.00503	0.01069	-1.76116	0.02926	0.01069
AGC	ACC	GC	1.00901	0.00707	0.01122	-1.00901	0.01938	0.01122
AGC	AAC	GA	0.83027	0.02637	0.03881	-0.83027	0.06048	0.03881
AGC	AGT	CT	0.91983	0.02003	0.03064	-0.91983	0.05026	0.03064
AGA	CGA	AC	-0.84695	0.01192	0.00757	0.84695	0.00511	0.00757
AGA	ATA	GT	0.58555	0.00848	0.01120	-0.58555	0.01523	0.01120
AGA	ACA	GC	0.78101	0.01192	0.01717	-0.78101	0.02602	0.01717
AGA	AAA	GA	0.46504	0.04446	0.05559	-0.46504	0.07078	0.05559
AGA	AGT	AT	0.33172	0.00848	0.00996	-0.33172	0.01181	0.00996
AGA	AGC	AC	-0.58811	0.01192	0.00875	0.58811	0.00662	0.00875
AGG	TGG	AT	-1.91300	0.00583	0.00193	1.91300	0.00086	0.00193
AGG	CGG	AC	-0.68022	0.00820	0.00573	0.68022	0.00415	0.00573
AGG	ATG	GT	1.03189	0.00583	0.00935	-1.03189	0.01637	0.00935
AGG	ACG	GC	-0.44451	0.00820	0.00651	0.44451	0.00526	0.00651
AGG	AAG	GA	0.71740	0.03060	0.04287	-0.71740	0.06269	0.04287
AGG	AGT	GT	1.03191	0.00583	0.00935	-1.03191	0.01637	0.00935
AGG	AGC	GC	0.11209	0.00820	0.00867	-0.11209	0.00917	0.00867
AGG	AGA	GA	0.70019	0.03060	0.04255	-0.70019	0.06162	0.04255
GTT	TTT	GT	0.56093	0.01503	0.01964	-0.56093	0.02634	0.01964
GTT	CTT	GC	-0.05704	0.02112	0.02053	0.05704	0.01995	0.02053
GTT	ATT	GA	0.34890	0.07881	0.09335	-0.34890	0.11171	0.09335
GTC	TTC	GT	0.28424	0.00913	0.01049	-0.28424	0.01214	0.01049
GTC	CTC	GC	0.14075	0.01284	0.01376	-0.14075	0.01478	0.01376
GTC	ATC	GA	0.88964	0.04789	0.07231	-0.88964	0.11657	0.07231
GTC	GTT	CT	0.83845	0.03639	0.05375	-0.83845	0.08415	0.05375
GTA	TTA	GT	-0.29748	0.01016	0.00872	0.29748	0.00754	0.00872
GTA	CTA	GC	-0.39293	0.01428	0.01165	0.39293	0.00964	0.01165
GTA	ATA	GA	0.13013	0.05326	0.05680	-0.13013	0.06067	0.05680
GTA	GTT	AT	0.66645	0.01016	0.01392	-0.66645	0.01978	0.01392
GTA	GTC	AC	-0.17201	0.01428	0.01308	0.17201	0.01202	0.01308
GTG	TTG	GT	-0.37271	0.01811	0.01495	0.37271	0.01248	0.01495
GTG	CTG	GC	-0.36338	0.02546	0.02111	0.36338	0.01770	0.02111
GTG	ATG	GA	-0.37562	0.09498	0.07826	0.37562	0.06524	0.07826
GTG	GTT	GT	0.41456	0.01811	0.02213	-0.41456	0.02742	0.02213
GTG	GTC	GC	-0.42389	0.02546	0.02044	0.42389	0.01666	0.02044
GTG	GTA	GA	-0.25188	0.09498	0.08352	0.25188	0.07383	0.08352
GCT	TCT	GT	-0.30747	0.01099	0.00939	0.30747	0.00808	0.00939
GCT	CCT	GC	0.52828	0.01545	0.01988	-0.52828	0.02620	0.01988
GCT	ACT	GA	0.68505	0.05763	0.07960	-0.68505	0.11433	0.07960
GCT	GTT	CT	0.65333	0.04379	0.05964	-0.65333	0.08415	0.05964
GCC	TCC	GT	-0.29555	0.01159	0.00996	0.29555	0.00863	0.00996
GCC	CCC	GC	-1.04513	0.01629	0.00924	1.04513	0.00573	0.00924
GCC	ACC	GA	0.23924	0.06079	0.06835	-0.23924	0.07722	0.06835
GCC	GTC	CT	0.10177	0.04619	0.04858	-0.10177	0.05114	0.04858
GCC	GCT	CT	0.28689	0.04619	0.05313	-0.28689	0.06154	0.05313
GCA	TCA	GT	-0.40339	0.01287	0.01045	0.40339	0.00860	0.01045
GCA	CCA	GC	0.53258	0.01809	0.02333	-0.53258	0.03081	0.02333
GCA	ACA	GA	0.42909	0.06750	0.08301	-0.42909	0.10367	0.08301
GCA	GTA	CT	0.10351	0.05128	0.05398	-0.10351	0.05688	0.05398
GCA	GCT	AT	0.11663	0.01287	0.01364	-0.11663	0.01446	0.01364
GCA	GCC	AC	-0.17026	0.01809	0.01659	0.17026	0.01526	0.01659
GCG	TCG	GT	-1.13337	0.00242	0.00130	1.13337	0.00078	0.00130
GCG	CCG	GC	0.63650	0.00339	0.00459	-0.63650	0.00641	0.00459
GCG	ACG	GA	0.50324	0.01266	0.01612	-0.50324	0.02095	0.01612
GCG	GTG	CT	2.35525	0.00962	0.02504	-2.35525	0.10143	0.02504
GCG	GCT	GT	2.11648	0.00242	0.00581	-2.11648	0.02005	0.00581
GCG	GCC	GC	1.82959	0.00339	0.00740	-1.82959	0.02115	0.00740
GCG	GCA	GA	1.99985	0.01266	0.02929	-1.99985	0.09356	0.02929
GAT	TAT	GT	-0.03434	0.02697	0.02651	0.03434	0.02606	0.02651
GAT	CAT	GC	-1.35895	0.03790	0.01781	1.35895	0.00974	0.01781
GAT	AAT	GA	0.01312	0.14141	0.14234	-0.01312	0.14328	0.14234
GAT	GTT	AT	-0.30997	0.02697	0.02300	0.30997	0.01978	0.02300
GAT	GCT	AC	-0.96330	0.03790	0.02253	0.96330	0.01446	0.02253
GAC	TAC	GT	0.25074	0.01414	0.01599	-0.25074	0.01817	0.01599
GAC	CAC	GC	-1.34033	0.01987	0.00944	1.34033	0.00520	0.00944
GAC	AAC	GA	-0.20374	0.07415	0.06685	0.20374	0.06048	0.06685
GAC	GTC	AT	-0.16248	0.01414	0.01302	0.16248	0.01202	0.01302
GAC	GCC	AC	-0.26425	0.01987	0.01736	0.26425	0.01526	0.01736
GAC	GAT	CT	0.98594	0.05634	0.08860	-0.98594	0.15101	0.08860
GAA	CAA	GC	-0.68041	0.03018	0.02107	0.68041	0.01528	0.02107
GAA	AAA	GA	-0.46434	0.11261	0.08848	0.46434	0.07078	0.08848
GAA	GTA	AT	-0.47396	0.02147	0.01679	0.47396	0.01337	0.01679
GAA	GCA	AC	-0.57747	0.03018	0.02230	0.57747	0.01694	0.02230
GAA	GAT	AT	0.50246	0.02147	0.02732	-0.50246	0.03549	0.02732
GAA	GAC	AC	-0.48348	0.03018	0.02347	0.48348	0.01861	0.02347
GAG	CAG	GC	0.07578	0.01536	0.01595	-0.07578	0.01657	0.01595
GAG	AAG	GA	0.08984	0.05731	0.05992	-0.08984	0.06269	0.05992
GAG	GTG	AT	0.77994	0.01093	0.01574	-0.77994	0.02384	0.01574
GAG	GCG	AC	-1.57531	0.01536	0.00631	1.57531	0.00318	0.00631
GAG	GAT	GT	1.50447	0.01093	0.02114	-1.50447	0.04920	0.02114
GAG	GAC	GC	0.51853	0.01536	0.01968	-0.51853	0.02580	0.01968
GAG	GAA	GA	1.00201	0.05731	0.09074	-1.00201	0.15609	0.09074
GGT	TGT	GT	-0.62721	0.00567	0.00407	0.62721	0.00303	0.00407
GGT	CGT	GC	-0.65272	0.00797	0.00565	0.65272	0.00415	0.00565
GGT	AGT	GA	0.78630	0.02972	0.04292	-0.78630	0.06524	0.04292
GGT	GTT	GT	1.57645	0.00567	0.01126	-1.57645	0.02742	0.01126
GGT	GCT	GC	0.92312	0.00797	0.01220	-0.92312	0.02005	0.01220
GGT	GAT	GA	1.88642	0.02972	0.06608	-1.88642	0.19602	0.06608
GGC	TGC	GT	-0.69636	0.00602	0.00416	0.69636	0.00300	0.00416
GGC	CGC	GC	-0.18545	0.00846	0.00770	0.18545	0.00703	0.00770
GGC	AGC	GA	0.14691	0.03155	0.03393	-0.14691	0.03655	0.03393
GGC	GTC	GT	1.01844	0.00602	0.00959	-1.01844	0.01666	0.00959
GGC	GCC	GC	0.91667	0.00846	0.01292	-0.91667	0.02115	0.01292
GGC	GAC	GA	1.18091	0.03155	0.05377	-1.18091	0.10278	0.05377
GGC	GGT	CT	0.28043	0.02397	0.02749	-0.28043	0.03174	0.02749
GGA	CGA	GC	-0.88745	0.01720	0.01068	0.88745	0.00708	0.01068
GGA	AGA	GA	-0.04050	0.06417	0.06288	0.04050	0.06162	0.06288
GGA	GTA	GT	0.41493	0.01224	0.01495	-0.41493	0.01853	0.01495
GGA	GCA	GC	0.31141	0.01720	0.02002	-0.31141	0.02348	0.02002
GGA	GAA	GA	0.88888	0.06417	0.09686	-0.88888	0.15609	0.09686
GGA	GGT	AT	-0.49508	0.01224	0.00946	0.49508	0.00746	0.00946
GGA	GGC	AC	-0.77552	0.01720	0.01138	0.77552	0.00792	0.01138
GGG	TGG	GT	-1.92232	0.00816	0.00269	1.92232	0.00119	0.00269
GGG	CGG	GC	-0.68954	0.01147	0.00797	0.68954	0.00576	0.00797
GGG	AGG	GA	-0.00932	0.04281	0.04261	0.00932	0.04241	0.04261
GGG	GTG	GT	1.39819	0.00816	0.01516	-1.39819	0.03305	0.01516
GGG	GCG	GC	-0.95706	0.01147	0.00685	0.95706	0.00441	0.00685
GGG	GAG	GA	0.61825	0.04281	0.05740	-0.61825	0.07944	0.05740
GGG	GGT	GT	0.23630	0.00816	0.00917	-0.23630	0.01034	0.00917
GGG	GGC	GC	-0.04414	0.01147	0.01122	0.04414	0.01098	0.01122
GGG	GGA	GA	0.73138	0.04281	0.06035	-0.73138	0.08895	0.06035


Histograms
2Ns	FMut	FSub(CodonUsage)	FSubw(after w)

-2.96753	0.00435	0.00075
-2.67078	0.00511	0.00110
-2.37402	0.01728	0.00470
-2.07727	0.01998	0.00681
-1.78052	0.04848	0.01887
-1.48377	0.04858	0.02452
-1.18701	0.06283	0.03743
-0.89026	0.12653	0.08907
-0.59351	0.12118	0.10023
-0.29675	0.13705	0.13409
0.00000	0.14514	0.16486
0.29675	0.10238	0.13409
0.59351	0.06629	0.10023
0.89026	0.05190	0.08907
1.18701	0.01936	0.03743
1.48377	0.01140	0.02452
1.78052	0.00753	0.01887
2.07727	0.00254	0.00681
2.37402	0.00157	0.00470
2.67078	0.00033	0.00110
2.96753	0.00021	0.00075

Proportion of advantageous (S > 0) mutations:
 0.33361

Proportions of good & bad mutations (|S| > 2.0000) among mutations:
0.00358  0.03891

mean |Ns| = 0.76133	mean Ns+ = 0.55077	mean Ns- = -0.86674


MLEs of dN/dS (w) for site classes (K=4)

site class             0        1       2a       2b
proportion       0.64320  0.08587  0.23901  0.03191
background w     0.04574  1.92518  0.04574  1.92518
foreground w     0.04574  1.92518  0.00000  0.00000

Naive Empirical Bayes (NEB) probabilities for 4 classes
(amino acids refer to 1st sequence: Bacu)

   1 G   0.71206 0.01404 0.26667 0.00724 ( 1)
   2 T   0.70076 0.02531 0.26193 0.01201 ( 1)
   3 I   0.01163 0.66089 0.00435 0.32313 ( 2)
   4 L   0.19285 0.51577 0.07189 0.21948 ( 2)
   5 V   0.68764 0.03889 0.25651 0.01697 ( 1)
   6 D   0.69742 0.02874 0.26053 0.01331 ( 1)
   7 N   0.71173 0.01406 0.26674 0.00747 ( 1)
   8 M   0.71636 0.00931 0.26898 0.00535 ( 1)
   9 L   0.68259 0.04415 0.25447 0.01879 ( 1)
  10 I   0.69672 0.02947 0.26023 0.01358 ( 1)
  11 K   0.71245 0.01330 0.26709 0.00715 ( 1)
  12 G   0.70468 0.02127 0.26360 0.01044 ( 1)
  13 T   0.70076 0.02531 0.26193 0.01201 ( 1)
  14 A   0.70848 0.01738 0.26527 0.00887 ( 1)
  15 G   0.70565 0.02028 0.26402 0.01004 ( 1)
  16 G   0.70565 0.02028 0.26402 0.01004 ( 1)
  17 P   0.68710 0.03945 0.25629 0.01716 ( 1)
  18 D   0.01252 0.65293 0.00469 0.32987 ( 2)
  19 P   0.68710 0.03945 0.25629 0.01716 ( 1)
  20 T   0.70376 0.02223 0.26320 0.01081 ( 1)
  21 I   0.71492 0.01080 0.26826 0.00603 ( 1)
  22 E   0.69964 0.02646 0.26145 0.01245 ( 1)
  23 L   0.69647 0.02966 0.26016 0.01371 ( 1)
  24 S   0.71460 0.01112 0.26810 0.00618 ( 1)
  25 L   0.69645 0.02976 0.26011 0.01368 ( 1)
  26 K   0.70873 0.01713 0.26538 0.00876 ( 1)
  27 D   0.70331 0.02269 0.26301 0.01100 ( 1)
  28 N   0.71125 0.01450 0.26655 0.00769 ( 1)
  29 M   0.24639 0.46043 0.09192 0.20126 ( 2)
  30 D   0.69742 0.02874 0.26053 0.01331 ( 1)
  31 Y   0.68605 0.04052 0.25587 0.01755 ( 1)
  32 W   0.71652 0.00916 0.26905 0.00528 ( 1)
  33 V   0.32447 0.37216 0.12137 0.18200 ( 2)
  34 L   0.68298 0.04374 0.25463 0.01865 ( 1)
  35 L   0.68277 0.04396 0.25454 0.01872 ( 1)
  36 D   0.69742 0.02874 0.26053 0.01331 ( 1)
  37 P   0.69200 0.03435 0.25828 0.01536 ( 1)
  38 V   0.70254 0.02347 0.26268 0.01130 ( 1)
  39 K   0.71259 0.01318 0.26714 0.00709 ( 1)
  40 Q   0.69648 0.02972 0.26013 0.01367 ( 1)
  41 M   0.71636 0.00931 0.26898 0.00535 ( 1)
  42 L   0.70330 0.02269 0.26301 0.01100 ( 1)
  43 F   0.70626 0.01966 0.26428 0.00980 ( 1)
  44 L   0.68259 0.04415 0.25447 0.01879 ( 1)
  45 N   0.71173 0.01406 0.26674 0.00747 ( 1)
  46 S   0.71522 0.01049 0.26840 0.00589 ( 1)
  47 T   0.71001 0.01581 0.26596 0.00822 ( 1)
  48 G   0.71094 0.01494 0.26633 0.00779 ( 1)
  49 R   0.70997 0.01586 0.26594 0.00823 ( 1)
  50 V   0.70254 0.02347 0.26268 0.01130 ( 1)
  51 L   0.68259 0.04415 0.25447 0.01879 ( 1)
  52 D   0.69743 0.02874 0.26053 0.01330 ( 1)
  53 R   0.70997 0.01586 0.26594 0.00823 ( 1)
  54 D   0.69742 0.02874 0.26053 0.01331 ( 1)
  55 P   0.68773 0.03831 0.25673 0.01724 ( 1)
  56 P   0.68716 0.03911 0.25641 0.01731 ( 1)
  57 M   0.71615 0.00938 0.26899 0.00547 ( 1)
  58 N   0.71151 0.01415 0.26674 0.00761 ( 1)
  59 I   0.71471 0.01087 0.26827 0.00616 ( 1)
  60 H   0.71858 0.00686 0.27030 0.00425 ( 1)
  61 S   0.70379 0.02206 0.26329 0.01086 ( 1)
  62 I   0.69655 0.02953 0.26021 0.01370 ( 1)
  63 V   0.68744 0.03898 0.25647 0.01710 ( 1)
  64 V   0.70409 0.02175 0.26342 0.01074 ( 1)
  65 Q   0.69382 0.03266 0.25895 0.01457 ( 1)
  66 V   0.70232 0.02357 0.26265 0.01145 ( 1)
  67 Q   0.69043 0.03588 0.25768 0.01601 ( 1)
  68 C   0.71929 0.00613 0.27070 0.00388 ( 1)
  69 I   0.69650 0.02958 0.26020 0.01372 ( 1)
  70 N   0.71151 0.01415 0.26674 0.00761 ( 1)
  71 K   0.71237 0.01327 0.26714 0.00722 ( 1)
  72 K   0.71237 0.01327 0.26714 0.00722 ( 1)
  73 V   0.68744 0.03898 0.25647 0.01710 ( 1)
  74 G   0.71571 0.01012 0.26853 0.00564 ( 1)
  75 T   0.70057 0.02536 0.26192 0.01216 ( 1)
  76 V   0.70232 0.02357 0.26265 0.01145 ( 1)
  77 I   0.69656 0.02953 0.26022 0.01370 ( 1)
  78 Y   0.68569 0.04081 0.25576 0.01774 ( 1)
  79 H   0.71462 0.01096 0.26822 0.00620 ( 1)
  80 E   0.69942 0.02656 0.26142 0.01260 ( 1)
  81 V   0.70232 0.02357 0.26265 0.01145 ( 1)
  82 R   0.70381 0.02204 0.26329 0.01085 ( 1)
  83 I   0.69736 0.02877 0.26052 0.01335 ( 1)
  84 V   0.00484 0.77356 0.00178 0.21982 ( 2)
  85 V   0.68744 0.03898 0.25647 0.01710 ( 1)
  86 R   0.70975 0.01595 0.26593 0.00837 ( 1)
  87 D   0.70292 0.02294 0.26292 0.01122 ( 1)
  88 R   0.70975 0.01595 0.26593 0.00837 ( 1)
  89 N   0.70516 0.02066 0.26388 0.01030 ( 1)
  90 D   0.70309 0.02279 0.26298 0.01114 ( 1)
  91 N   0.71151 0.01415 0.26674 0.00761 ( 1)
  92 S   0.70620 0.01959 0.26434 0.00987 ( 1)
  93 P   0.71184 0.01382 0.26688 0.00746 ( 1)
  94 T   0.69962 0.02636 0.26150 0.01252 ( 1)
  95 F   0.70604 0.01976 0.26426 0.00994 ( 1)
  96 K   0.70851 0.01722 0.26536 0.00890 ( 1)
  97 H   0.71462 0.01096 0.26822 0.00620 ( 1)
  98 E   0.69942 0.02656 0.26142 0.01260 ( 1)
  99 N   0.41421 0.27524 0.15547 0.15509 ( 1)
 100 Y   0.68569 0.04081 0.25576 0.01774 ( 1)
 101 Y   0.29327 0.70672 0.00000 0.00000 ( 2)
 102 A   0.01044 0.66643 0.00390 0.31923 ( 2)
 103 T   0.69962 0.02636 0.26150 0.01252 ( 1)
 104 V   0.68744 0.03898 0.25647 0.01710 ( 1)
 105 N   0.70516 0.02066 0.26388 0.01030 ( 1)
 106 E   0.70739 0.01837 0.26486 0.00938 ( 1)
 107 L   0.69464 0.03212 0.25915 0.01409 ( 1)
 108 T   0.69987 0.02677 0.26128 0.01208 ( 1)
 109 P   0.68616 0.04088 0.25574 0.01722 ( 1)
 110 V   0.70168 0.02492 0.26203 0.01138 ( 1)
 111 G   0.71037 0.01606 0.26571 0.00786 ( 1)
 112 T   0.70297 0.02359 0.26257 0.01087 ( 1)
 113 T   0.69893 0.02773 0.26089 0.01244 ( 1)
 114 V   0.01154 0.67060 0.00431 0.31355 ( 2)
 115 F   0.69401 0.03279 0.25889 0.01432 ( 1)
 116 T   0.69926 0.02742 0.26102 0.01230 ( 1)
 117 G   0.70486 0.02167 0.26335 0.01012 ( 1)
 118 F   0.69401 0.03279 0.25889 0.01432 ( 1)
 119 S   0.70564 0.02087 0.26368 0.00980 ( 1)
 120 G   0.70486 0.02167 0.26335 0.01012 ( 1)
 121 D   0.70246 0.02412 0.26235 0.01107 ( 1)
 122 N   0.70458 0.02196 0.26324 0.01023 ( 1)
 123 G   0.70486 0.02167 0.26335 0.01012 ( 1)
 124 A   0.70776 0.01871 0.26459 0.00894 ( 1)
 125 T   0.69893 0.02773 0.26089 0.01244 ( 1)
 126 D   0.70246 0.02412 0.26235 0.01107 ( 1)
 127 I   0.71447 0.01187 0.26756 0.00610 ( 1)
 128 D   0.69650 0.03023 0.25990 0.01338 ( 1)
 129 D   0.69650 0.03023 0.25990 0.01338 ( 1)
 130 G   0.71037 0.01606 0.26571 0.00786 ( 1)
 131 P   0.68616 0.04088 0.25574 0.01722 ( 1)
 132 N   0.70458 0.02196 0.26324 0.01023 ( 1)
 133 G   0.70486 0.02167 0.26335 0.01012 ( 1)
 134 Q   0.68968 0.03725 0.25714 0.01593 ( 1)
 135 I   0.71447 0.01187 0.26756 0.00610 ( 1)
 136 E   0.69873 0.02793 0.26081 0.01252 ( 1)
 137 Y   0.68672 0.04030 0.25596 0.01702 ( 1)
 138 V   0.70168 0.02492 0.26203 0.01138 ( 1)
 139 I   0.70406 0.02249 0.26302 0.01044 ( 1)
 140 Q   0.69450 0.03220 0.25912 0.01418 ( 1)
 141 Y   0.68672 0.04030 0.25596 0.01702 ( 1)
 142 N   0.70458 0.02196 0.26324 0.01023 ( 1)
 143 P   0.68616 0.04088 0.25574 0.01722 ( 1)
 144 D   0.69650 0.03023 0.25990 0.01338 ( 1)
 145 D   0.69653 0.03020 0.25991 0.01336 ( 1)
 146 P   0.70116 0.02545 0.26181 0.01158 ( 1)
 147 T   0.69468 0.03279 0.25885 0.01368 ( 1)
 148 S   0.70039 0.02690 0.26116 0.01155 ( 1)
 149 N   0.70183 0.02544 0.26174 0.01100 ( 1)
 150 D   0.37515 0.62485 0.00000 0.00000 ( 2)
 151 T   0.69965 0.02761 0.26088 0.01185 ( 1)
 152 F   0.69111 0.03636 0.25748 0.01505 ( 1)
 153 E   0.00030 0.99896 0.00000 0.00074 ( 2)
 154 I   0.69663 0.03090 0.25958 0.01289 ( 1)
 155 P   0.70821 0.01890 0.26438 0.00851 ( 1)
 156 L   0.26146 0.44892 0.09748 0.19214 ( 2)
 157 M   0.71413 0.01296 0.26684 0.00607 ( 1)
 158 L   0.67941 0.04835 0.25291 0.01933 ( 1)
 159 T   0.69991 0.02740 0.26096 0.01173 ( 1)
 160 G   0.70212 0.02514 0.26186 0.01088 ( 1)
 161 N   0.01429 0.98447 0.00002 0.00122 ( 2)
 162 V   0.70070 0.02658 0.26129 0.01143 ( 1)
 163 V   0.68398 0.04367 0.25468 0.01767 ( 1)
 164 L   0.69261 0.03483 0.25807 0.01449 ( 1)
 165 R   0.70865 0.01851 0.26452 0.00831 ( 1)
 166 K   0.70543 0.02178 0.26320 0.00959 ( 1)
 167 R   0.70865 0.01851 0.26452 0.00831 ( 1)
 168 L   0.69170 0.03575 0.25771 0.01483 ( 1)
 169 N   0.70875 0.01841 0.26457 0.00827 ( 1)
 170 Y   0.68228 0.04538 0.25403 0.01830 ( 1)
 171 E   0.69584 0.03153 0.25935 0.01328 ( 1)
 172 D   0.69950 0.02780 0.26081 0.01190 ( 1)
 173 K   0.70543 0.02178 0.26320 0.00959 ( 1)
 174 T   0.69700 0.03035 0.25981 0.01284 ( 1)
 175 R   0.69893 0.02838 0.26058 0.01211 ( 1)
 176 Y   0.68220 0.04548 0.25399 0.01832 ( 1)
 177 F   0.69111 0.03636 0.25748 0.01505 ( 1)
 178 V   0.70490 0.02231 0.26299 0.00980 ( 1)
 179 I   0.69288 0.03455 0.25817 0.01440 ( 1)
 180 I   0.69288 0.03455 0.25817 0.01440 ( 1)
 181 Q   0.69265 0.03479 0.25808 0.01448 ( 1)
 182 A   0.70517 0.02204 0.26309 0.00969 ( 1)
 183 N   0.70165 0.02561 0.26167 0.01107 ( 1)
 184 D   0.70219 0.02437 0.26225 0.01118 ( 1)
 185 R   0.71456 0.01179 0.26758 0.00606 ( 1)
 186 A   0.70459 0.02196 0.26323 0.01022 ( 1)
 187 Q   0.69568 0.03107 0.25956 0.01368 ( 1)
 188 N   0.71019 0.01614 0.26570 0.00797 ( 1)
 189 L   0.68178 0.04543 0.25400 0.01879 ( 1)
 190 N   0.70487 0.02168 0.26334 0.01010 ( 1)
 191 E   0.69903 0.02765 0.26093 0.01239 ( 1)
 192 R   0.70700 0.01949 0.26426 0.00925 ( 1)
 193 R   0.29366 0.40830 0.10969 0.18835 ( 2)
 194 T   0.70334 0.02325 0.26270 0.01071 ( 1)
 195 T   0.70017 0.02648 0.26139 0.01195 ( 1)
 196 T   0.70334 0.02325 0.26270 0.01071 ( 1)
 197 T   0.70345 0.02314 0.26275 0.01066 ( 1)
 198 T   0.70334 0.02325 0.26270 0.01071 ( 1)
 199 L   0.69490 0.03189 0.25924 0.01397 ( 1)
 200 T   0.69923 0.02744 0.26101 0.01232 ( 1)
 201 V   0.68701 0.04003 0.25607 0.01690 ( 1)
 202 D   0.69680 0.02994 0.26001 0.01325 ( 1)
 203 V   0.70202 0.02459 0.26215 0.01123 ( 1)
 204 L   0.70108 0.02556 0.26176 0.01160 ( 1)
 205 D   0.69683 0.02991 0.26002 0.01324 ( 1)
 206 G   0.70514 0.02140 0.26346 0.00999 ( 1)
 207 D   0.69680 0.02994 0.26001 0.01325 ( 1)
 208 D   0.70274 0.02385 0.26246 0.01095 ( 1)
 209 L   0.68195 0.04526 0.25406 0.01873 ( 1)
 210 G   0.71594 0.01040 0.26822 0.00544 ( 1)
 211 P   0.68644 0.04061 0.25584 0.01711 ( 1)
 212 M   0.43600 0.26265 0.16336 0.13799 ( 1)
 213 F   0.69431 0.03250 0.25900 0.01420 ( 1)
 214 L   0.70277 0.02382 0.26247 0.01094 ( 1)
 215 P   0.69135 0.03555 0.25781 0.01530 ( 1)
 216 C   0.71994 0.00629 0.27022 0.00356 ( 1)
 217 V   0.32864 0.37131 0.12285 0.17720 ( 2)
 218 L   0.70266 0.02393 0.26242 0.01098 ( 1)
 219 V   0.68698 0.04005 0.25606 0.01691 ( 1)
 220 P   0.68644 0.04061 0.25584 0.01711 ( 1)
 221 N   0.71139 0.01504 0.26615 0.00743 ( 1)
 222 T   0.70017 0.02648 0.26139 0.01195 ( 1)
 223 H   0.41263 0.28595 0.15452 0.14689 ( 1)
 224 D   0.69796 0.02884 0.26044 0.01276 ( 1)
 225 C   0.71994 0.00629 0.27022 0.00356 ( 1)
 226 R   0.00028 0.67321 0.00011 0.32641 ( 2)
 227 P   0.68644 0.04061 0.25584 0.01711 ( 1)
 228 L   0.24125 0.46502 0.09000 0.20373 ( 2)
 229 T   0.70334 0.02325 0.26270 0.01071 ( 1)
 230 Y   0.68701 0.04002 0.25607 0.01690 ( 1)
 231 Q   0.69585 0.03092 0.25962 0.01361 ( 1)
 232 A   0.70804 0.01845 0.26469 0.00882 ( 1)
 233 A   0.70032 0.02634 0.26145 0.01190 ( 1)
 234 I   0.71470 0.01166 0.26764 0.00599 ( 1)
 235 P   0.22645 0.47831 0.08449 0.21075 ( 2)
 236 E   0.70714 0.01936 0.26431 0.00919 ( 1)
 237 L   0.68232 0.04488 0.25421 0.01860 ( 1)
 238 R   0.00015 0.65819 0.00006 0.34160 ( 2)
 239 T   0.70017 0.02648 0.26139 0.01195 ( 1)
 240 P   0.70146 0.02517 0.26192 0.01145 ( 1)
 241 E   0.69913 0.02683 0.26131 0.01272 ( 1)
 242 E   0.69913 0.02683 0.26131 0.01272 ( 1)
 243 L   0.18885 0.51863 0.07041 0.22211 ( 2)
 244 N   0.71126 0.01437 0.26664 0.00773 ( 1)
 245 P   0.71159 0.01404 0.26679 0.00758 ( 1)
 246 I   0.24964 0.44883 0.09326 0.20827 ( 2)
 247 I   0.70435 0.02146 0.26355 0.01065 ( 1)
 248 V   0.70204 0.02384 0.26255 0.01158 ( 1)
 249 T   0.70337 0.02246 0.26312 0.01104 ( 1)
 250 P   0.68663 0.03981 0.25615 0.01741 ( 1)
 251 A   0.00001 0.99999 0.00000 0.00000 ( 2)
 252 I   0.69670 0.02916 0.26037 0.01376 ( 1)
 253 Q   0.01344 0.98656 0.00000 0.00000 ( 2)
 254 A   0.01525 0.98475 0.00000 0.00000 ( 2)
 255 I   0.00043 0.99957 0.00000 0.00000 ( 2)
 256 D   0.69661 0.02967 0.26015 0.01357 ( 1)
 257 Q   0.00026 0.99974 0.00000 0.00000 ( 2)
 258 D   0.70280 0.02305 0.26288 0.01127 ( 1)
 259 R   0.70725 0.01848 0.26482 0.00945 ( 1)
 260 N   0.70488 0.02091 0.26378 0.01043 ( 1)
 261 I   0.70437 0.02144 0.26355 0.01064 ( 1)
 262 Q   0.69014 0.03615 0.25758 0.01613 ( 1)
 263 P   0.69386 0.03150 0.25945 0.01520 ( 1)
 264 P   0.68663 0.03981 0.25615 0.01741 ( 1)
 265 S   0.70593 0.01984 0.26423 0.01000 ( 1)
 266 D   0.69692 0.02912 0.26038 0.01358 ( 1)
 267 R   0.71117 0.01447 0.26660 0.00777 ( 1)
 268 P   0.68663 0.03981 0.25615 0.01741 ( 1)
 269 G   0.71053 0.01512 0.26630 0.00805 ( 1)
 270 I   0.69621 0.02985 0.26009 0.01385 ( 1)
 271 L   0.69504 0.03106 0.25960 0.01430 ( 1)
 272 Y   0.68720 0.03922 0.25638 0.01721 ( 1)
 273 S   0.70351 0.02232 0.26318 0.01099 ( 1)
 274 I   0.69621 0.02985 0.26009 0.01385 ( 1)
 275 L   0.70282 0.02303 0.26288 0.01126 ( 1)
 276 V   0.70192 0.02407 0.26244 0.01157 ( 1)
 277 G   0.70282 0.02373 0.26251 0.01093 ( 1)
 278 T   0.69986 0.02616 0.26158 0.01240 ( 1)
 279 P   0.69116 0.03516 0.25797 0.01571 ( 1)
 280 E   0.70681 0.01902 0.26457 0.00960 ( 1)
 281 D   0.69657 0.02956 0.26020 0.01367 ( 1)
 282 Y   0.68510 0.04148 0.25550 0.01792 ( 1)
 283 P   0.68629 0.04023 0.25598 0.01749 ( 1)
 284 R   0.70321 0.02271 0.26301 0.01107 ( 1)
 285 F   0.69412 0.03208 0.25919 0.01461 ( 1)
 286 F   0.69410 0.03211 0.25917 0.01461 ( 1)
 287 H   0.71418 0.01148 0.26795 0.00639 ( 1)
 288 M   0.71575 0.00986 0.26874 0.00565 ( 1)
 289 H   0.71418 0.01148 0.26795 0.00639 ( 1)
 290 P   0.69298 0.03383 0.25848 0.01471 ( 1)
 291 R   0.71091 0.01482 0.26642 0.00785 ( 1)
 292 T   0.69992 0.02611 0.26160 0.01238 ( 1)
 293 A   0.70445 0.02144 0.26354 0.01057 ( 1)
 294 E   0.69879 0.02727 0.26113 0.01281 ( 1)
 295 L   0.70249 0.02345 0.26270 0.01136 ( 1)
 296 S   0.71047 0.01527 0.26621 0.00804 ( 1)
 297 L   0.69469 0.03150 0.25942 0.01439 ( 1)
 298 L   0.68195 0.04478 0.25423 0.01904 ( 1)
 299 E   0.01366 0.65218 0.00511 0.32906 ( 2)
 300 P   0.68629 0.04023 0.25598 0.01749 ( 1)
 301 V   0.70349 0.02243 0.26313 0.01096 ( 1)
 302 N   0.70456 0.02132 0.26359 0.01052 ( 1)
 303 R   0.34837 0.34322 0.13049 0.17793 ( 1)
 304 D   0.70241 0.02353 0.26267 0.01139 ( 1)
 305 F   0.69410 0.03211 0.25917 0.01461 ( 1)
 306 H   0.71826 0.00726 0.27006 0.00442 ( 1)
 307 Q   0.68980 0.03658 0.25741 0.01621 ( 1)
 308 K   0.70795 0.01785 0.26508 0.00912 ( 1)
 309 F   0.69410 0.03211 0.25917 0.01461 ( 1)
 310 D   0.69657 0.02956 0.26020 0.01367 ( 1)
 311 L   0.68218 0.04452 0.25432 0.01897 ( 1)
 312 V   0.28241 0.41325 0.10559 0.19875 ( 2)
 313 I   0.70398 0.02192 0.26334 0.01076 ( 1)
 314 K   0.70795 0.01785 0.26508 0.00912 ( 1)
 315 A   0.70906 0.01613 0.26595 0.00886 ( 1)
 316 E   0.70042 0.02504 0.26209 0.01245 ( 1)
 317 Q   0.69149 0.03434 0.25830 0.01588 ( 1)
 318 D   0.70402 0.02131 0.26367 0.01099 ( 1)
 319 N   0.70605 0.01923 0.26458 0.01015 ( 1)
 320 G   0.71631 0.00865 0.26957 0.00547 ( 1)
 321 H   0.71512 0.00989 0.26893 0.00606 ( 1)
 322 P   0.69286 0.03291 0.25887 0.01537 ( 1)
 323 L   0.70404 0.02129 0.26368 0.01099 ( 1)
 324 P   0.69286 0.03291 0.25887 0.01537 ( 1)
 325 A   0.70906 0.01613 0.26595 0.00886 ( 1)
 326 F   0.69579 0.02985 0.26010 0.01426 ( 1)
 327 A   0.70178 0.02359 0.26270 0.01192 ( 1)
 328 S   0.38077 0.30286 0.14296 0.17340 ( 1)
 329 L   0.68343 0.04280 0.25497 0.01880 ( 1)
 330 H   0.71512 0.00989 0.26893 0.00606 ( 1)
 331 I   0.70555 0.01974 0.26435 0.01036 ( 1)
 332 E   0.70042 0.02504 0.26209 0.01245 ( 1)
 333 I   0.71520 0.00980 0.26898 0.00602 ( 1)
 334 L   0.68343 0.04280 0.25497 0.01880 ( 1)
 335 D   0.69824 0.02731 0.26115 0.01331 ( 1)
 336 E   0.01089 0.64740 0.00408 0.33763 ( 2)
 337 N   0.71218 0.01292 0.26744 0.00746 ( 1)
 338 N   0.70605 0.01923 0.26458 0.01015 ( 1)
 339 Q   0.69149 0.03434 0.25830 0.01588 ( 1)
 340 S   0.71549 0.00950 0.26913 0.00588 ( 1)
 341 P   0.68833 0.03768 0.25698 0.01701 ( 1)
 342 Y   0.68853 0.03744 0.25707 0.01697 ( 1)
 343 F   0.70690 0.01835 0.26496 0.00979 ( 1)
 344 T   0.70062 0.02484 0.26218 0.01237 ( 1)
 345 M   0.71656 0.00840 0.26971 0.00534 ( 1)
 346 P   0.71248 0.01260 0.26759 0.00732 ( 1)
 347 S   0.71168 0.01343 0.26720 0.00769 ( 1)
 348 Y   0.68853 0.03744 0.25707 0.01697 ( 1)
 349 Q   0.69731 0.02827 0.26075 0.01367 ( 1)
 350 G   0.71144 0.01368 0.26708 0.00780 ( 1)
 351 Y   0.68852 0.03744 0.25707 0.01697 ( 1)
 352 I   0.70555 0.01974 0.26435 0.01036 ( 1)
 353 L   0.68343 0.04280 0.25497 0.01880 ( 1)
 354 E   0.70042 0.02504 0.26209 0.01245 ( 1)
 355 S   0.71491 0.01011 0.26882 0.00617 ( 1)
 356 A   0.28148 0.40791 0.10536 0.20526 ( 2)
 357 P   0.69292 0.03334 0.25869 0.01505 ( 1)
 358 V   0.68978 0.03625 0.25754 0.01643 ( 1)
 359 G   0.70631 0.01895 0.26470 0.01004 ( 1)
 360 A   0.01292 0.64313 0.00484 0.33910 ( 2)
 361 T   0.70153 0.02390 0.26257 0.01201 ( 1)
 362 I   0.70555 0.01974 0.26435 0.01036 ( 1)
 363 S   0.71491 0.01011 0.26882 0.00617 ( 1)
 364 D   0.30151 0.38632 0.11292 0.19924 ( 2)
 365 S   0.71168 0.01343 0.26720 0.00769 ( 1)
 366 V   0.01204 0.65345 0.00451 0.33001 ( 2)
 367 N   0.70605 0.01923 0.26458 0.01015 ( 1)
 368 L   0.68380 0.04240 0.25513 0.01867 ( 1)
 369 T   0.70458 0.02074 0.26392 0.01076 ( 1)
 370 T   0.33090 0.35182 0.12411 0.19316 ( 2)
 371 P   0.69286 0.03291 0.25887 0.01537 ( 1)
 372 L   0.70239 0.02300 0.26294 0.01166 ( 1)
 373 R   0.37084 0.31380 0.13917 0.17618 ( 1)
 374 I   0.70555 0.01974 0.26435 0.01036 ( 1)
 375 V   0.70510 0.02022 0.26414 0.01054 ( 1)
 376 A   0.00030 0.66129 0.00011 0.33830 ( 2)
 377 L   0.68341 0.04282 0.25497 0.01881 ( 1)
 378 D   0.70402 0.02131 0.26367 0.01099 ( 1)
 379 K   0.70929 0.01588 0.26607 0.00876 ( 1)
 380 D   0.69824 0.02731 0.26115 0.01331 ( 1)
 381 I   0.32567 0.38924 0.12113 0.16397 ( 2)
 382 E   0.70042 0.02504 0.26209 0.01245 ( 1)
 383 D   0.69748 0.02871 0.26054 0.01328 ( 1)
 384 T   0.33178 0.35804 0.12428 0.18590 ( 2)
 385 K   0.71124 0.01440 0.26662 0.00773 ( 1)
 386 D   0.70141 0.02446 0.26229 0.01184 ( 1)
 387 P   0.68560 0.04087 0.25573 0.01779 ( 1)
 388 E   0.70610 0.01967 0.26431 0.00992 ( 1)
 389 L   0.70176 0.02414 0.26242 0.01169 ( 1)
 390 H   0.71779 0.00767 0.26988 0.00467 ( 1)
 391 L   0.70176 0.02414 0.26242 0.01169 ( 1)
 392 F   0.69335 0.03282 0.25890 0.01493 ( 1)
 393 L   0.68116 0.04554 0.25393 0.01937 ( 1)
 394 N   0.70383 0.02200 0.26332 0.01085 ( 1)
 395 D   0.69581 0.03027 0.25992 0.01400 ( 1)
 396 Y   0.68612 0.04036 0.25593 0.01759 ( 1)
 397 T   0.69919 0.02678 0.26133 0.01270 ( 1)
 398 S   0.70490 0.02090 0.26378 0.01042 ( 1)
 399 V   0.70681 0.01894 0.26462 0.00963 ( 1)
 400 F   0.70473 0.02108 0.26370 0.01049 ( 1)
 401 T   0.69929 0.02669 0.26137 0.01265 ( 1)
 402 V   0.30576 0.38950 0.11437 0.19037 ( 2)
 403 T   0.70866 0.01704 0.26544 0.00885 ( 1)
 404 Q   0.26656 0.61375 0.03220 0.08749 ( 2)
 405 T   0.69917 0.02684 0.26131 0.01269 ( 1)
 406 G   0.70408 0.02177 0.26341 0.01074 ( 1)
 407 I   0.69507 0.03106 0.25960 0.01427 ( 1)
 408 T   0.69913 0.02687 0.26129 0.01271 ( 1)
 409 R   0.70113 0.02482 0.26214 0.01191 ( 1)
 410 Y   0.68434 0.04223 0.25521 0.01822 ( 1)
 411 L   0.69391 0.03227 0.25911 0.01471 ( 1)
 412 T   0.70228 0.02363 0.26263 0.01146 ( 1)
 413 L   0.69481 0.03134 0.25948 0.01437 ( 1)
 414 L   0.70172 0.02420 0.26239 0.01169 ( 1)
 415 Q   0.69485 0.03130 0.25950 0.01435 ( 1)
 416 P   0.68554 0.04098 0.25569 0.01779 ( 1)
 417 V   0.68607 0.04043 0.25591 0.01760 ( 1)
 418 D   0.70170 0.02422 0.26238 0.01169 ( 1)
 419 R   0.71023 0.01547 0.26614 0.00817 ( 1)
 420 E   0.69800 0.02804 0.26082 0.01315 ( 1)
 421 E   0.69800 0.02804 0.26082 0.01315 ( 1)
 422 Q   0.68903 0.03734 0.25711 0.01652 ( 1)
 423 Q   0.69485 0.03130 0.25950 0.01435 ( 1)
 424 T   0.69913 0.02687 0.26129 0.01271 ( 1)
 425 Y   0.68434 0.04223 0.25521 0.01822 ( 1)
 426 T   0.26606 0.43495 0.09937 0.19962 ( 2)
 427 F   0.69332 0.03289 0.25887 0.01493 ( 1)
 428 S   0.71983 0.00556 0.27103 0.00359 ( 1)
 429 I   0.71520 0.00980 0.26898 0.00602 ( 1)
 430 T   0.71061 0.01453 0.26668 0.00817 ( 1)
 431 A   0.70593 0.01934 0.26452 0.01020 ( 1)
 432 F   0.69579 0.02985 0.26010 0.01426 ( 1)
 433 D   0.69824 0.02731 0.26115 0.01331 ( 1)
 434 G   0.71631 0.00865 0.26957 0.00547 ( 1)
 435 V   0.70328 0.02209 0.26334 0.01130 ( 1)
 436 Q   0.69731 0.02827 0.26075 0.01367 ( 1)
 437 E   0.70046 0.02500 0.26211 0.01243 ( 1)
 438 S   0.71168 0.01343 0.26720 0.00769 ( 1)
 439 E   0.70753 0.01780 0.26519 0.00948 ( 1)
 440 T   0.20970 0.49054 0.07829 0.22148 ( 2)
 441 I   0.01180 0.65081 0.00442 0.33296 ( 2)
 442 I   0.01176 0.65254 0.00440 0.33129 ( 2)
 443 V   0.70888 0.01631 0.26587 0.00894 ( 1)
 444 N   0.70605 0.01923 0.26458 0.01015 ( 1)
 445 I   0.70555 0.01974 0.26435 0.01036 ( 1)
 446 R   0.70834 0.01687 0.26562 0.00917 ( 1)
 447 V   0.68864 0.03733 0.25711 0.01691 ( 1)
 448 M   0.71656 0.00840 0.26971 0.00534 ( 1)
 449 D   0.69824 0.02731 0.26115 0.01331 ( 1)
 450 A   0.70597 0.01931 0.26454 0.01018 ( 1)
 451 N   0.71035 0.01459 0.26670 0.00836 ( 1)
 452 D   0.69824 0.02731 0.26115 0.01331 ( 1)
 453 N   0.71218 0.01292 0.26744 0.00746 ( 1)
 454 T   0.70161 0.02382 0.26260 0.01197 ( 1)
 455 P   0.68796 0.03804 0.25684 0.01717 ( 1)
 456 T   0.70432 0.02106 0.26377 0.01085 ( 1)
 457 F   0.70690 0.01835 0.26496 0.00979 ( 1)
 458 P   0.69286 0.03291 0.25887 0.01537 ( 1)
 459 E   0.70042 0.02504 0.26209 0.01245 ( 1)
 460 I   0.71520 0.00980 0.26898 0.00602 ( 1)
 461 S   0.70538 0.01956 0.26448 0.01059 ( 1)
 462 Y   0.68853 0.03744 0.25707 0.01697 ( 1)
 463 D   0.69824 0.02731 0.26115 0.01331 ( 1)
 464 V   0.70888 0.01631 0.26587 0.00894 ( 1)
 465 Y   0.21728 0.48026 0.08116 0.22131 ( 2)
 466 V   0.70328 0.02209 0.26334 0.01130 ( 1)
 467 Y   0.68853 0.03744 0.25707 0.01697 ( 1)
 468 T   0.70062 0.02484 0.26218 0.01237 ( 1)
 469 D   0.69824 0.02731 0.26115 0.01331 ( 1)
 470 M   0.71656 0.00840 0.26971 0.00534 ( 1)
 471 N   0.71218 0.01292 0.26744 0.00746 ( 1)
 472 P   0.69286 0.03291 0.25887 0.01537 ( 1)
 473 G   0.70537 0.01992 0.26427 0.01043 ( 1)
 474 D   0.70398 0.02135 0.26366 0.01101 ( 1)
 475 S   0.71168 0.01343 0.26720 0.00769 ( 1)
 476 V   0.70888 0.01631 0.26587 0.00894 ( 1)
 477 I   0.71520 0.00980 0.26898 0.00602 ( 1)
 478 Q   0.69149 0.03434 0.25830 0.01588 ( 1)
 479 L   0.69638 0.02924 0.26036 0.01403 ( 1)
 480 T   0.70152 0.02391 0.26256 0.01201 ( 1)
 481 A   0.70593 0.01934 0.26452 0.01020 ( 1)
 482 V   0.02238 0.97762 0.00000 0.00000 ( 2)
 483 D   0.70402 0.02131 0.26367 0.01099 ( 1)
 484 A   0.29267 0.39806 0.10954 0.19973 ( 2)
 485 D   0.70394 0.02139 0.26364 0.01103 ( 1)
 486 E   0.70049 0.02489 0.26217 0.01245 ( 1)
 487 G   0.70537 0.01992 0.26427 0.01043 ( 1)
 488 S   0.70706 0.01818 0.26503 0.00972 ( 1)
 489 N   0.71216 0.01294 0.26744 0.00747 ( 1)
 490 G   0.70537 0.01992 0.26427 0.01043 ( 1)
 491 E   0.70821 0.01700 0.26556 0.00923 ( 1)
 492 I   0.69754 0.02803 0.26085 0.01358 ( 1)
 493 T   0.70083 0.02464 0.26225 0.01227 ( 1)
 494 Y   0.68853 0.03744 0.25707 0.01697 ( 1)
 495 E   0.70042 0.02504 0.26209 0.01245 ( 1)
