Supplemental results for CODEML (seqf: /home/leticiamagpali/phd/evol_models/codeml/small_dataset/cml_align/CALML6_codon_aligned.phy  treef: /home/leticiamagpali/phd/evol_models/codeml/small_dataset/cml_trees/gene_trees/H2_gene_trees/CALML6_codon_H2.tre)

I	J	ij	2Ns_IJ	pMut_IJ	pSub_IJ	2Ns_JI	pMut_JI	pSub_JI

TTC	TTT	CT	0.33612	0.09980	0.11751	-0.33612	0.13968	0.11751
TTA	TTT	AT	10.80865	0.00000	0.00000	-10.80865	0.03009	0.00001
TTA	TTC	AC	10.47252	0.00000	0.00000	-10.47252	0.11235	0.00003
TTG	TTT	GT	2.51152	0.00069	0.00188	-2.51152	0.00850	0.00188
TTG	TTC	GC	2.17539	0.00360	0.00884	-2.17539	0.03173	0.00884
TTG	TTA	GA	-8.29713	0.02074	0.00004	8.29713	0.00000	0.00000
TCT	TTT	CT	1.44371	0.03297	0.06231	-1.44371	0.13968	0.06231
TCC	TTC	CT	1.73720	0.09178	0.19350	-1.73720	0.52145	0.19350
TCC	TCT	CT	0.62961	0.09178	0.12369	-0.62961	0.17227	0.12369
TCA	TTA	CT	-3.99303	0.00089	0.00007	3.99303	0.00000	0.00000
TCA	TCT	AT	5.37191	0.00017	0.00093	-5.37191	0.03711	0.00093
TCA	TCC	AC	4.74230	0.00090	0.00431	-4.74230	0.10332	0.00431
TCG	TTG	CT	3.03972	0.00089	0.00284	-3.03972	0.01862	0.00284
TCG	TCT	GT	4.10753	0.00017	0.00072	-4.10753	0.01048	0.00072
TCG	TCC	GC	3.47792	0.00090	0.00323	-3.47792	0.02918	0.00323
TCG	TCA	GA	-1.26438	0.00518	0.00258	1.26438	0.00146	0.00258
TAT	TTT	AT	10.80865	0.00000	0.00000	-10.80865	0.03009	0.00001
TAT	TCT	AC	9.36494	0.00000	0.00000	-9.36494	0.03711	0.00003
TAC	TTC	AT	2.08504	0.01396	0.03325	-2.08504	0.11235	0.03325
TAC	TCC	AC	0.34785	0.07296	0.08639	-0.34785	0.10332	0.08639
TAC	TAT	CT	-8.38748	0.07218	0.00014	8.38748	0.00000	0.00000
TGT	TTT	GT	1.33286	0.00224	0.00406	-1.33286	0.00850	0.00406
TGT	TCT	GC	-0.11084	0.01171	0.01107	0.11084	0.01048	0.01107
TGT	TAT	GA	-9.47578	0.06740	0.00005	9.47578	0.00000	0.00000
TGC	TTC	GT	1.57753	0.00655	0.01302	-1.57753	0.03173	0.01302
TGC	TCC	GC	-0.15967	0.03423	0.03157	0.15967	0.02918	0.03157
TGC	TAC	GA	-0.50751	0.19701	0.15123	0.50751	0.11860	0.15123
TGC	TGT	CT	0.58079	0.03386	0.04464	-0.58079	0.06053	0.04464
TGG	TTG	GT	-2.40755	0.01259	0.00300	2.40755	0.00113	0.00300
TGG	TCG	GC	-5.44727	0.06576	0.00155	5.44727	0.00028	0.00155
TGG	TGT	GT	-1.22890	0.01259	0.00640	1.22890	0.00368	0.00640
TGG	TGC	GC	-1.80968	0.06576	0.02329	1.80968	0.01076	0.02329
CTT	TTT	CT	10.70108	0.00000	0.00000	-10.70108	0.13968	0.00003
CTC	TTC	CT	1.60124	0.10515	0.21090	-1.60124	0.52145	0.21090
CTC	CTT	CT	-8.76372	0.10515	0.00014	8.76372	0.00000	0.00000
CTA	TTA	CT	-4.68618	0.00178	0.00008	4.68618	0.00000	0.00000
CTA	CTT	AT	-4.57861	0.00034	0.00002	4.57861	0.00000	0.00000
CTA	CTC	AC	4.18510	0.00180	0.00766	-4.18510	0.11836	0.00766
CTG	TTG	CT	-2.31687	0.18891	0.04787	2.31687	0.01862	0.04787
CTG	CTT	GT	-10.50643	0.03655	0.00001	10.50643	0.00000	0.00000
CTG	CTC	GC	-1.74271	0.19097	0.07062	1.74271	0.03343	0.07062
CTG	CTA	GA	-5.92782	1.09913	0.01741	5.92782	0.00293	0.01741
CCT	TCT	CT	0.63937	0.09089	0.12302	-0.63937	0.17227	0.12302
CCT	CTT	CT	-8.61800	0.09089	0.00014	8.61800	0.00000	0.00000
CCC	TCC	CT	1.51747	0.10515	0.20437	-1.51747	0.47955	0.20437
CCC	CTC	CT	1.65343	0.10515	0.21501	-1.65343	0.54939	0.21501
CCC	CCT	CT	1.50771	0.10515	0.20362	-1.50771	0.47490	0.20362
CCA	TCA	CT	-1.87293	0.03030	0.01030	1.87293	0.00466	0.01030
CCA	CTA	CT	-1.17979	0.03030	0.01586	1.17979	0.00931	0.01586
CCA	CCT	AT	2.85960	0.00586	0.01778	-2.85960	0.10231	0.01778
CCA	CCC	AC	1.35189	0.03063	0.05586	-1.35189	0.11836	0.05586
CCG	TCG	CT	-1.05462	0.01337	0.00753	1.05462	0.00466	0.00753
CCG	CTG	CT	4.30196	0.01337	0.05829	-4.30196	0.98704	0.05829
CCG	CCT	GT	2.41354	0.00259	0.00686	-2.41354	0.02890	0.00686
CCG	CCC	GC	0.90582	0.01351	0.02054	-0.90582	0.03343	0.02054
CCG	CCA	GA	-0.44607	0.07777	0.06171	0.44607	0.04978	0.06171
CAT	TAT	CT	-6.29562	0.00891	0.00010	6.29562	0.00000	0.00000
CAT	CTT	AT	-6.18805	0.00172	0.00002	6.18805	0.00000	0.00000
CAT	CCT	AC	2.42995	0.00901	0.02400	-2.42995	0.10231	0.02400
CAC	TAC	CT	2.31021	0.03743	0.09599	-2.31021	0.37712	0.09599
CAC	CTC	AT	2.79401	0.00724	0.02155	-2.79401	0.11836	0.02155
CAC	CCC	AC	1.14058	0.03783	0.06342	-1.14058	0.11836	0.06342
CAC	CAT	CT	0.21834	0.03743	0.04166	-0.21834	0.04656	0.04166
CAA	CTA	AT	0.25691	0.00155	0.00176	-0.25691	0.00201	0.00176
CAA	CCA	AC	1.43670	0.00811	0.01528	-1.43670	0.03410	0.01528
CAA	CAT	AT	1.86635	0.00155	0.00343	-1.86635	0.01003	0.00343
CAA	CAC	AC	1.64801	0.00811	0.01654	-1.64801	0.04213	0.01654
CAG	CTG	AT	2.59579	0.01586	0.04449	-2.59579	0.21265	0.04449
CAG	CCG	AC	-1.70617	0.08287	0.03137	1.70617	0.01505	0.03137
CAG	CAT	GT	-1.72259	0.01586	0.00594	1.72259	0.00283	0.00594
CAG	CAC	GC	-1.94093	0.08287	0.02696	1.94093	0.01190	0.02696
CAG	CAA	GA	-3.58894	0.47698	0.04864	3.58894	0.01318	0.04864
CGT	TGT	CT	2.83208	0.00356	0.01073	-2.83208	0.06053	0.01073
CGT	CTT	GT	-6.53614	0.00069	0.00001	6.53614	0.00000	0.00000
CGT	CCT	GC	2.08187	0.00360	0.00857	-2.08187	0.02890	0.00857
CGT	CAT	GA	-0.34809	0.02074	0.01734	0.34809	0.01464	0.01734
CGC	TGC	CT	1.85702	0.02762	0.06079	-1.85702	0.17692	0.06079
CGC	CTC	GT	1.83331	0.00534	0.01166	-1.83331	0.03343	0.01166
CGC	CCC	GC	0.17989	0.02792	0.03051	-0.17989	0.03343	0.03051
CGC	CAC	GA	-0.96070	0.16072	0.09569	0.96070	0.06150	0.09569
CGC	CGT	CT	-0.39427	0.02762	0.02254	0.39427	0.01862	0.02254
CGA	CTA	GT	-1.44930	0.00241	0.00107	1.44930	0.00057	0.00107
CGA	CCA	GC	-0.26951	0.01261	0.01099	0.26951	0.00963	0.01099
CGA	CAA	GA	-1.70621	0.07258	0.02747	1.70621	0.01318	0.02747
CGA	CGT	AT	0.50823	0.00241	0.00308	-0.50823	0.00401	0.00308
CGA	CGC	AC	0.90250	0.01261	0.01915	-0.90250	0.03110	0.01915
CGG	TGG	CT	2.80839	0.02050	0.06125	-2.80839	0.33988	0.06125
CGG	CTG	GT	2.71771	0.00397	0.01154	-2.71771	0.06006	0.01154
CGG	CCG	GC	-1.58425	0.02072	0.00847	1.58425	0.00425	0.00847
CGG	CAG	GA	0.12192	0.11925	0.12666	-0.12192	0.13471	0.12666
CGG	CGT	GT	-1.25259	0.00397	0.00199	1.25259	0.00113	0.00199
CGG	CGC	GC	-0.85832	0.02072	0.01308	0.85832	0.00878	0.01308
CGG	CGA	GA	-1.76081	0.11925	0.04359	1.76081	0.02050	0.04359
ATT	TTT	AT	3.21628	0.00121	0.00404	-3.21628	0.03009	0.00404
ATT	CTT	AC	-7.48480	0.00631	0.00003	7.48480	0.00000	0.00000
ATC	TTC	AT	2.25998	0.01172	0.02958	-2.25998	0.11235	0.02958
ATC	CTC	AC	0.65874	0.06125	0.08363	-0.65874	0.11836	0.08363
ATC	ATT	CT	-0.62017	0.06059	0.04373	0.62017	0.03259	0.04373
ATA	TTA	AT	-5.27176	0.00069	0.00002	5.27176	0.00000	0.00000
ATA	CTA	AC	-0.58558	0.00360	0.00265	0.58558	0.00201	0.00265
ATA	ATT	AT	2.32061	0.00069	0.00177	-2.32061	0.00702	0.00177
ATA	ATC	AC	2.94078	0.00360	0.01119	-2.94078	0.06821	0.01119
ATG	TTG	AT	-1.96470	0.02862	0.00917	1.96470	0.00401	0.00917
ATG	CTG	AC	0.35217	0.14953	0.17740	-0.35217	0.21265	0.17740
ATG	ATT	GT	-2.66946	0.02862	0.00569	2.66946	0.00198	0.00569
ATG	ATC	GC	-2.04929	0.14953	0.04531	2.04929	0.01926	0.04531
ATG	ATA	GA	-4.99007	0.86064	0.02943	4.99007	0.00586	0.02943
ACT	TCT	AT	2.66386	0.00259	0.00740	-2.66386	0.03711	0.00740
ACT	CCT	AC	2.02449	0.01351	0.03152	-2.02449	0.10231	0.03152
ACT	ATT	CT	0.89129	0.01337	0.02020	-0.89129	0.03259	0.02020
ACC	TCC	AT	2.50390	0.00845	0.02304	-2.50390	0.10332	0.02304
ACC	CCC	AC	0.98643	0.04414	0.06943	-0.98643	0.11836	0.06943
ACC	ATC	CT	1.98111	0.04366	0.10034	-1.98111	0.31660	0.10034
ACC	ACT	CT	0.46966	0.04366	0.05472	-0.46966	0.06984	0.05472
ACA	TCA	AT	1.06785	0.00034	0.00056	-1.06785	0.00100	0.00056
ACA	CCA	AC	2.94078	0.00180	0.00559	-2.94078	0.03410	0.00559
ACA	ATA	CT	2.34657	0.00178	0.00462	-2.34657	0.01862	0.00462
ACA	ACT	AT	3.77590	0.00034	0.00133	-3.77590	0.01505	0.00133
ACA	ACC	AC	3.30624	0.00180	0.00618	-3.30624	0.04915	0.00618
ACG	TCG	AT	-2.48750	0.01207	0.00272	2.48750	0.00100	0.00272
ACG	CCG	AC	-1.43288	0.06306	0.02832	1.43288	0.01505	0.02832
ACG	ATG	CT	2.51692	0.06238	0.17078	-2.51692	0.77287	0.17078
ACG	ACT	GT	-1.04383	0.01207	0.00685	1.04383	0.00425	0.00685
ACG	ACC	GC	-1.51349	0.06306	0.02694	1.51349	0.01388	0.02694
ACG	ACA	GA	-4.81973	0.36292	0.01423	4.81973	0.00293	0.01423
AAT	TAT	AT	-6.37037	0.00207	0.00002	6.37037	0.00000	0.00000
AAT	CAT	AC	-0.07475	0.01081	0.01041	0.07475	0.01003	0.01041
AAT	ATT	AT	1.22200	0.00207	0.00358	-1.22200	0.00702	0.00358
AAT	ACT	AC	0.33071	0.01081	0.01270	-0.33071	0.01505	0.01270
AAC	TAC	AT	1.96579	0.01138	0.02601	-1.96579	0.08125	0.02601
AAC	CAC	AC	-0.34442	0.05945	0.04980	0.34442	0.04213	0.04980
AAC	ATC	AT	1.79085	0.01138	0.02446	-1.79085	0.06821	0.02446
AAC	ACC	AC	-0.19027	0.05945	0.05398	0.19027	0.04915	0.05398
AAC	AAT	CT	-0.05132	0.05881	0.05732	0.05132	0.05587	0.05732
AAA	CAA	AC	-0.46780	0.01441	0.01130	0.46780	0.00903	0.01130
AAA	ATA	AT	0.37470	0.00276	0.00331	-0.37470	0.00401	0.00331
AAA	ACA	AC	-1.97187	0.01441	0.00460	1.97187	0.00201	0.00460
AAA	AAT	AT	1.47331	0.00276	0.00527	-1.47331	0.01204	0.00527
AAA	AAC	AC	1.52463	0.01441	0.02809	-1.52463	0.06620	0.02809
AAG	CAG	AC	-0.66395	0.17926	0.12629	0.66395	0.09228	0.12629
AAG	ATG	AT	1.57968	0.03431	0.06826	-1.57968	0.16651	0.06826
AAG	ACG	AC	-0.93724	0.17926	0.10819	0.93724	0.07022	0.10819
AAG	AAT	GT	-2.31178	0.03431	0.00872	2.31178	0.00340	0.00872
AAG	AAC	GC	-2.26046	0.17926	0.04719	2.26046	0.01870	0.04719
AAG	AAA	GA	-3.78509	1.03173	0.09073	3.78509	0.02343	0.09073
AGT	TGT	AT	0.47579	0.00810	0.01018	-0.47579	0.01304	0.01018
AGT	CGT	AC	-2.35629	0.04234	0.01044	2.35629	0.00401	0.01044
AGT	ATT	GT	-1.40762	0.00810	0.00370	1.40762	0.00198	0.00370
AGT	ACT	GC	-2.29891	0.04234	0.01086	2.29891	0.00425	0.01086
AGT	AAT	GA	-2.62962	0.24368	0.04979	2.62962	0.01757	0.04979
AGC	TGC	AT	1.42829	0.00914	0.01717	-1.42829	0.03812	0.01717
AGC	CGC	AC	-0.42874	0.04774	0.03824	0.42874	0.03110	0.03824
AGC	ATC	GT	0.74583	0.00914	0.01296	-0.74583	0.01926	0.01296
AGC	ACC	GC	-1.23528	0.04774	0.02418	1.23528	0.01388	0.02418
AGC	AAC	GA	-1.04501	0.27478	0.15577	1.04501	0.09664	0.15577
AGC	AGT	CT	1.53328	0.04723	0.09234	-1.53328	0.21882	0.09234
AGA	CGA	AC	-0.08659	0.01531	0.01466	0.08659	0.01404	0.01466
AGA	ATA	GT	-0.95030	0.00293	0.00176	0.95030	0.00113	0.00176
AGA	ACA	GC	-3.29688	0.01531	0.00194	3.29688	0.00057	0.00194
AGA	AAA	GA	-1.32500	0.08814	0.04228	1.32500	0.02343	0.04228
AGA	AGT	AT	2.77793	0.00293	0.00868	-2.77793	0.04714	0.00868
AGA	AGC	AC	1.24465	0.01531	0.02677	-1.24465	0.05316	0.02677
AGG	TGG	AT	2.49610	0.00603	0.01641	-2.49610	0.07323	0.01641
AGG	CGG	AC	-0.31229	0.03153	0.02686	0.31229	0.02307	0.02686
AGG	ATG	GT	2.05325	0.00603	0.01421	-2.05325	0.04703	0.01421
AGG	ACG	GC	-0.46366	0.03153	0.02478	0.46366	0.01983	0.02478
AGG	AAG	GA	0.47358	0.18146	0.22781	-0.47358	0.29138	0.22781
AGG	AGT	GT	0.79141	0.00603	0.00873	-0.79141	0.01331	0.00873
AGG	AGC	GC	-0.74187	0.03153	0.02127	0.74187	0.01501	0.02127
AGG	AGA	GA	-1.98651	0.18146	0.05731	1.98651	0.02489	0.05731
GTT	TTT	GT	9.54427	0.00000	0.00000	-9.54427	0.00850	0.00001
GTT	CTT	GC	-1.15681	0.00000	0.00000	1.15681	0.00000	0.00000
GTT	ATT	GA	6.32799	0.00000	0.00000	-6.32799	0.01025	0.00012
GTC	TTC	GT	1.68875	0.00586	0.01214	-1.68875	0.03173	0.01214
GTC	CTC	GC	0.08751	0.03063	0.03199	-0.08751	0.03343	0.03199
GTC	ATC	GA	-0.57123	0.17628	0.13070	0.57123	0.09957	0.13070
GTC	GTT	CT	-7.51939	0.03030	0.00012	7.51939	0.00000	0.00000
GTA	TTA	GT	0.49661	0.00000	0.00000	-0.49661	0.00000	0.00000
GTA	CTA	GC	5.18279	0.00000	0.00000	-5.18279	0.00057	0.00002
GTA	ATA	GA	5.76837	0.00000	0.00000	-5.76837	0.00586	0.00011
GTA	GTT	AT	1.76099	0.00000	0.00000	-1.76099	0.00000	0.00000
GTA	GTC	AC	9.28038	0.00000	0.00000	-9.28038	0.03410	0.00003
GTG	TTG	GT	-2.88778	0.02034	0.00347	2.88778	0.00113	0.00347
GTG	CTG	GC	-0.57091	0.10629	0.07882	0.57091	0.06006	0.07882
GTG	ATG	GA	-0.92307	0.61178	0.37226	0.92307	0.24306	0.37226
GTG	GTT	GT	-9.92053	0.02034	0.00001	9.92053	0.00000	0.00000
GTG	GTC	GC	-2.40113	0.10629	0.02543	2.40113	0.00963	0.02543
GTG	GTA	GA	-11.68152	0.61178	0.00006	11.68152	0.00000	0.00000
GCT	TCT	GT	0.67355	0.00534	0.00734	-0.67355	0.01048	0.00734
GCT	CCT	GC	0.03417	0.02792	0.02840	-0.03417	0.02890	0.02840
GCT	ACT	GA	-1.99031	0.16072	0.05063	1.99031	0.02196	0.05063
GCT	GTT	CT	-7.42702	0.02762	0.00012	7.42702	0.00000	0.00000
GCC	TCC	GT	-0.05604	0.03086	0.03000	0.05604	0.02918	0.03000
GCC	CCC	GC	-1.57351	0.16124	0.06636	1.57351	0.03343	0.06636
GCC	ACC	GA	-2.55994	0.92804	0.19905	2.55994	0.07175	0.19905
GCC	GTC	CT	-0.00760	0.15951	0.15890	0.00760	0.15830	0.15890
GCC	GCT	CT	-0.09997	0.15951	0.15167	0.09997	0.14433	0.15167
GCA	TCA	GT	-0.19653	0.00034	0.00031	0.19653	0.00028	0.00031
GCA	CCA	GC	1.67640	0.00180	0.00372	-1.67640	0.00963	0.00372
GCA	ACA	GA	-1.26438	0.01037	0.00516	1.26438	0.00293	0.00516
GCA	GTA	CT	-4.68618	0.00178	0.00008	4.68618	0.00000	0.00000
GCA	GCT	AT	4.50183	0.00034	0.00157	-4.50183	0.03110	0.00157
GCA	GCC	AC	4.60181	0.00180	0.00837	-4.60181	0.17955	0.00837
GCG	TCG	GT	-4.19473	0.01879	0.00121	4.19473	0.00028	0.00121
GCG	CCG	GC	-3.14011	0.09819	0.01395	3.14011	0.00425	0.01395
GCG	ACG	GA	-1.70723	0.56512	0.21375	1.70723	0.10249	0.21375
GCG	GTG	CT	1.73276	0.09713	0.20445	-1.73276	0.54939	0.20445
GCG	GCT	GT	-0.76075	0.01879	0.01254	0.76075	0.00878	0.01254
GCG	GCC	GC	-0.66077	0.09819	0.06929	0.66077	0.05071	0.06929
GCG	GCA	GA	-5.26258	0.56512	0.01549	5.26258	0.00293	0.01549
GAT	TAT	GT	-8.04021	0.00310	0.00001	8.04021	0.00000	0.00000
GAT	CAT	GC	-1.74460	0.01621	0.00599	1.74460	0.00283	0.00599
GAT	AAT	GA	-1.66984	0.09332	0.03615	1.66984	0.01757	0.03615
GAT	GTT	AT	-6.77584	0.00310	0.00002	6.77584	0.00000	0.00000
GAT	GCT	AC	0.65118	0.01621	0.02206	-0.65118	0.03110	0.02206
GAC	TAC	GT	-0.31294	0.03138	0.02672	0.31294	0.02295	0.02672
GAC	CAC	GC	-2.62315	0.16394	0.03365	2.62315	0.01190	0.03365
GAC	AAC	GA	-2.27873	0.94359	0.24534	2.27873	0.09664	0.24534
GAC	GTC	AT	0.08335	0.03138	0.03270	-0.08335	0.03410	0.03270
GAC	GCC	AC	0.09095	0.16394	0.17151	-0.09095	0.17955	0.17151
GAC	GAT	CT	-0.66021	0.16218	0.11449	0.66021	0.08381	0.11449
GAA	CAA	GC	-1.95532	0.01802	0.00581	1.95532	0.00255	0.00581
GAA	AAA	GA	-1.48752	0.10369	0.04502	1.48752	0.02343	0.04502
GAA	GTA	AT	-6.88120	0.00345	0.00002	6.88120	0.00000	0.00000
GAA	GCA	AC	-2.19502	0.01802	0.00496	2.19502	0.00201	0.00496
GAA	GAT	AT	1.65563	0.00345	0.00706	-1.65563	0.01806	0.00706
GAA	GAC	AC	2.31584	0.01802	0.04629	-2.31584	0.18256	0.04629
GAG	CAG	GC	-2.51556	0.32248	0.07133	2.51556	0.02606	0.07133
GAG	AAG	GA	-1.85161	1.85608	0.63998	1.85161	0.29138	0.63998
GAG	GTG	AT	0.65114	0.06172	0.08398	-0.65114	0.11836	0.08398
GAG	GCG	AC	-1.08162	0.32248	0.17892	1.08162	0.10934	0.17892
GAG	GAT	GT	-2.49355	0.06172	0.01386	2.49355	0.00510	0.01386
GAG	GAC	GC	-1.83334	0.32248	0.11251	1.83334	0.05156	0.11251
GAG	GAA	GA	-4.14918	1.85608	0.12345	4.14918	0.02928	0.12345
GGT	TGT	GT	0.22835	0.00293	0.00328	-0.22835	0.00368	0.00328
GGT	CGT	GC	-2.60373	0.01531	0.00319	2.60373	0.00113	0.00319
GGT	AGT	GA	-0.24744	0.08814	0.07768	0.24744	0.06882	0.07768
GGT	GTT	GT	-7.98306	0.00293	0.00001	7.98306	0.00000	0.00000
GGT	GCT	GC	-0.55604	0.01531	0.01145	0.55604	0.00878	0.01145
GGT	GAT	GA	-1.20722	0.08814	0.04539	1.20722	0.02636	0.04539
GGC	TGC	GT	-0.77845	0.02345	0.01549	0.77845	0.01076	0.01549
GGC	CGC	GC	-2.63548	0.12251	0.02493	2.63548	0.00878	0.02493
GGC	AGC	GA	-2.20674	0.70510	0.19243	2.20674	0.07760	0.19243
GGC	GTC	GT	-0.88968	0.02345	0.01454	0.88968	0.00963	0.01454
GGC	GCC	GC	-0.88208	0.12251	0.07632	0.88208	0.05071	0.07632
GGC	GAC	GA	-0.97303	0.70510	0.41683	0.97303	0.26649	0.41683
GGC	GGT	CT	-0.42602	0.12119	0.09720	0.42602	0.07915	0.09720
GGA	CGA	GC	-1.88505	0.02612	0.00881	1.88505	0.00397	0.00881
GGA	AGA	GA	-1.79846	0.15035	0.05365	1.79846	0.02489	0.05365
GGA	GTA	GT	-8.51714	0.00500	0.00001	8.51714	0.00000	0.00000
GGA	GCA	GC	-3.83096	0.02612	0.00222	3.83096	0.00057	0.00222
GGA	GAA	GA	-1.63594	0.15035	0.05949	1.63594	0.02928	0.05949
GGA	GGT	AT	1.22691	0.00500	0.00868	-1.22691	0.01705	0.00868
GGA	GGC	AC	1.65293	0.02612	0.05341	-1.65293	0.13642	0.05341
GGG	TGG	GT	-0.23681	0.02621	0.02323	0.23681	0.02068	0.02323
GGG	CGG	GC	-3.04520	0.13692	0.02083	3.04520	0.00652	0.02083
GGG	AGG	GA	-2.73291	0.78806	0.14980	2.73291	0.05125	0.14980
GGG	GTG	GT	0.24342	0.02621	0.02952	-0.24342	0.03343	0.02952
GGG	GCG	GC	-1.48934	0.13692	0.05938	1.48934	0.03088	0.05938
GGG	GAG	GA	-0.40773	0.78806	0.63829	0.40773	0.52419	0.63829
GGG	GGT	GT	-1.69405	0.02621	0.01000	1.69405	0.00482	0.01000
GGG	GGC	GC	-1.26804	0.13692	0.06798	1.26804	0.03853	0.06798
GGG	GGA	GA	-2.92096	0.78806	0.13109	2.92096	0.04246	0.13109


Histograms
2Ns	FMut	FSub(CodonUsage)	FSubw(after w)

-11.12526	0.01837	0.00000
-10.01273	0.00555	0.00000
-8.90021	0.00779	0.00002
-7.78768	0.00206	0.00001
-6.67515	0.00068	0.00001
-5.56263	0.04015	0.00145
-4.45010	0.10258	0.01022
-3.33758	0.07828	0.01878
-2.22505	0.30533	0.15867
-1.11253	0.19520	0.18795
0.00000	0.13841	0.24580
1.11253	0.06387	0.18795
2.22505	0.03714	0.15867
3.33758	0.00316	0.01878
4.45010	0.00128	0.01021
5.56263	0.00014	0.00145
6.67515	0.00000	0.00000
7.78768	0.00000	0.00000
8.90021	0.00000	0.00000
10.01273	0.00000	0.00000
11.12526	0.00000	0.00000

Proportion of advantageous (S > 0) mutations:
 0.16449

Proportions of good & bad mutations (|S| > 2.0000) among mutations:
0.01990  0.42686

mean |Ns| = 2.38835	mean Ns+ = 1.07354	mean Ns- = -2.64721


MLEs of dN/dS (w) for site classes (K=4)

site class             0        1       2a       2b
proportion       0.48700  0.48926  0.01184  0.01190
background w     0.03749  0.60822  0.03749  0.60822
foreground w     0.03749  0.60822 28.12067 28.12067

Naive Empirical Bayes (NEB) probabilities for 4 classes
(amino acids refer to 1st sequence: Egla)

   1 M   0.00715 0.96596 0.00253 0.02436 ( 2)
   2 V   0.00777 0.97332 0.00192 0.01700 ( 2)
   3 S   0.65557 0.34342 0.00063 0.00038 ( 1)
   4 L   0.08961 0.82822 0.05030 0.03187 ( 2)
   5 P   0.09694 0.83298 0.04389 0.02620 ( 2)
   6 W   0.07475 0.92087 0.00032 0.00406 ( 2)
   7 P   0.54137 0.44171 0.00928 0.00764 ( 1)
   8 H   0.71765 0.27798 0.00311 0.00126 ( 1)
   9 W   0.53548 0.44775 0.00910 0.00767 ( 1)
  10 L   0.53281 0.45000 0.00929 0.00791 ( 1)
  11 S   0.62675 0.36422 0.00566 0.00337 ( 1)
  12 S   0.66098 0.33414 0.00320 0.00168 ( 1)
  13 A   0.58628 0.40175 0.00706 0.00492 ( 1)
  14 A   0.58695 0.40070 0.00729 0.00506 ( 1)
  15 P   0.07213 0.90954 0.00134 0.01699 ( 2)
  16 L   0.53281 0.45000 0.00929 0.00791 ( 1)
  17 H   0.12749 0.86804 0.00055 0.00392 ( 2)
  18 S   0.63102 0.36004 0.00564 0.00330 ( 1)
  19 H   0.71765 0.27798 0.00311 0.00126 ( 1)
  20 M   0.09269 0.89935 0.00072 0.00723 ( 2)
  21 A   0.58628 0.40175 0.00706 0.00492 ( 1)
  22 G   0.09391 0.89618 0.00092 0.00899 ( 2)
  23 L   0.53281 0.45000 0.00929 0.00791 ( 1)
  24 P   0.62600 0.36484 0.00574 0.00342 ( 1)
  25 L   0.53281 0.45000 0.00929 0.00791 ( 1)
  26 P   0.54137 0.44171 0.00928 0.00764 ( 1)
  27 R   0.57601 0.41113 0.00745 0.00540 ( 1)
  28 A   0.09930 0.89118 0.00093 0.00858 ( 2)
  29 P   0.72389 0.27260 0.00252 0.00099 ( 1)
  30 S   0.62675 0.36422 0.00566 0.00337 ( 1)
  31 P   0.54431 0.43878 0.00933 0.00759 ( 1)
  32 L   0.57147 0.41134 0.00996 0.00723 ( 1)
  33 S   0.58398 0.40287 0.00773 0.00542 ( 1)
  34 G   0.09403 0.89607 0.00092 0.00899 ( 2)
  35 L   0.61087 0.37890 0.00626 0.00397 ( 1)
  36 A   0.64158 0.35027 0.00522 0.00293 ( 1)
  37 E   0.08961 0.89872 0.00104 0.01063 ( 2)
  38 P   0.59981 0.38329 0.01028 0.00663 ( 1)
  39 C   0.68836 0.30599 0.00387 0.00178 ( 1)
  40 S   0.63052 0.36055 0.00564 0.00330 ( 1)
  41 P   0.62600 0.36484 0.00574 0.00342 ( 1)
  42 L   0.08932 0.90034 0.00092 0.00943 ( 2)
  43 T   0.00699 0.98412 0.00006 0.00883 ( 2)
  44 T   0.71772 0.27802 0.00304 0.00123 ( 1)
  45 H   0.10813 0.88494 0.00073 0.00619 ( 2)
  46 P   0.09438 0.89634 0.00086 0.00842 ( 2)
  47 C   0.08505 0.90297 0.00102 0.01097 ( 2)
  48 A   0.59143 0.39623 0.00734 0.00500 ( 1)
  49 A   0.58695 0.40070 0.00729 0.00506 ( 1)
  50 W   0.53548 0.44775 0.00910 0.00767 ( 1)
  51 P   0.52975 0.44651 0.01288 0.01086 ( 1)
  52 Q   0.65606 0.32021 0.01595 0.00779 ( 1)
  53 A   0.56670 0.40957 0.01378 0.00996 ( 1)
  54 C   0.64884 0.32742 0.01578 0.00796 ( 1)
  55 S   0.60150 0.37476 0.01463 0.00911 ( 1)
  56 G   0.60783 0.36843 0.01478 0.00896 ( 1)
  57 L   0.52272 0.45354 0.01271 0.01103 ( 1)
  58 G   0.60783 0.36843 0.01478 0.00896 ( 1)
  59 P   0.55805 0.42504 0.00956 0.00735 ( 1)
  60 P   0.53316 0.44857 0.00988 0.00838 ( 1)
  61 A   0.58695 0.40070 0.00729 0.00506 ( 1)
  62 S   0.62675 0.36422 0.00566 0.00337 ( 1)
  63 P   0.61956 0.37127 0.00568 0.00349 ( 1)
  64 G   0.08667 0.89964 0.00119 0.01251 ( 2)
  65 L   0.53281 0.45000 0.00929 0.00791 ( 1)
  66 R   0.78567 0.21202 0.00179 0.00051 ( 1)
  67 G   0.68898 0.30488 0.00421 0.00193 ( 1)
  68 G   0.62249 0.36521 0.00736 0.00494 ( 1)
  69 G   0.66508 0.33336 0.00099 0.00056 ( 1)
  70 A   0.05411 0.63121 0.18014 0.13454 ( 2)
  71 P   0.56411 0.42879 0.00395 0.00315 ( 1)
  72 G   0.68164 0.31821 0.00010 0.00006 ( 1)
  73 E   0.00741 0.96581 0.00238 0.02441 ( 2)
  74 P   0.00060 0.10991 0.48781 0.40168 ( 3)
  75 G   0.68842 0.30962 0.00125 0.00071 ( 1)
  76 P   0.68123 0.31861 0.00010 0.00006 ( 1)
  77 V   0.00000 0.01551 0.00042 0.98407 ( 4)
  78 S   0.00022 0.02786 0.60926 0.36266 ( 3)
  79 P   0.57656 0.42135 0.00113 0.00096 ( 1)
  80 Q   0.00021 0.42701 0.34841 0.22437 ( 2)
  81 T   0.74501 0.25497 0.00001 0.00000 ( 1)
  82 E   0.65768 0.34166 0.00040 0.00026 ( 1)
  83 R   0.16513 0.83465 0.00015 0.00007 ( 2)
  84 L   0.55768 0.44047 0.00100 0.00085 ( 1)
  85 T   0.76425 0.23574 0.00001 0.00000 ( 1)
  86 A   0.69843 0.30152 0.00003 0.00002 ( 1)
  87 E   0.66456 0.33478 0.00041 0.00025 ( 1)
  88 Q   0.65459 0.34535 0.00004 0.00003 ( 1)
  89 I   0.13165 0.86832 0.00000 0.00002 ( 2)
  90 K   0.00745 0.99135 0.00001 0.00119 ( 2)
  91 E   0.10606 0.89320 0.00006 0.00067 ( 2)
  92 Y   0.66882 0.33110 0.00005 0.00003 ( 1)
  93 K   0.00778 0.99206 0.00000 0.00016 ( 2)
  94 G   0.69140 0.30849 0.00007 0.00004 ( 1)
  95 V   0.82313 0.17687 0.00000 0.00000 ( 1)
  96 S   0.07920 0.91991 0.00006 0.00083 ( 2)
  97 E   0.65768 0.34166 0.00040 0.00026 ( 1)
  98 M   0.67654 0.32329 0.00011 0.00007 ( 1)
  99 F   0.58136 0.41779 0.00047 0.00037 ( 1)
 100 D   0.71891 0.28107 0.00001 0.00001 ( 1)
 101 E   0.65957 0.33978 0.00040 0.00025 ( 1)
 102 E   0.10035 0.83674 0.03856 0.02435 ( 2)
 103 G   0.67859 0.32125 0.00010 0.00006 ( 1)
 104 N   0.78960 0.21040 0.00001 0.00000 ( 1)
 105 G   0.69719 0.30269 0.00007 0.00004 ( 1)
 106 A   0.70064 0.29931 0.00003 0.00002 ( 1)
 107 V   0.71173 0.28820 0.00004 0.00002 ( 1)
 108 K   0.13273 0.86421 0.00196 0.00109 ( 2)
 109 T   0.74754 0.25244 0.00001 0.00000 ( 1)
 110 D   0.69398 0.30586 0.00010 0.00006 ( 1)
 111 E   0.65957 0.33978 0.00040 0.00025 ( 1)
 112 L   0.55677 0.44138 0.00100 0.00085 ( 1)
 113 E   0.65957 0.33978 0.00040 0.00025 ( 1)
 114 R   0.79686 0.20314 0.00000 0.00000 ( 1)
 115 L   0.66175 0.33807 0.00011 0.00007 ( 1)
 116 M   0.00803 0.99177 0.00000 0.00020 ( 2)
 117 S   0.63729 0.36218 0.00032 0.00021 ( 1)
 118 L   0.55841 0.43974 0.00100 0.00085 ( 1)
 119 R   0.00562 0.99390 0.00000 0.00047 ( 2)
 120 G   0.68364 0.31620 0.00010 0.00006 ( 1)
 121 T   0.12928 0.87070 0.00000 0.00002 ( 2)
 122 N   0.78960 0.21040 0.00001 0.00000 ( 1)
 123 P   0.68102 0.31885 0.00008 0.00005 ( 1)
 124 A   0.18519 0.81480 0.00000 0.00001 ( 2)
 125 K   0.69968 0.30018 0.00009 0.00005 ( 1)
 126 S   0.17881 0.82118 0.00000 0.00001 ( 2)
 127 E   0.10532 0.87001 0.01512 0.00955 ( 2)
 128 L   0.55841 0.43974 0.00100 0.00085 ( 1)
 129 A   0.63528 0.36356 0.00068 0.00047 ( 1)
 130 S   0.68197 0.31792 0.00007 0.00004 ( 1)
 131 -   0.66571 0.33412 0.00011 0.00007 ( 1)
 132 -   0.09603 0.89523 0.00509 0.00364 ( 2)
 133 -   0.68774 0.31213 0.00009 0.00005 ( 1)
 134 D   0.12354 0.87627 0.00002 0.00016 ( 2)
 135 V   0.71173 0.28820 0.00004 0.00002 ( 1)
 136 D   0.69398 0.30586 0.00010 0.00006 ( 1)
 137 R   0.15015 0.84983 0.00000 0.00002 ( 2)
 138 E   0.00810 0.99171 0.00000 0.00019 ( 2)
 139 K   0.67529 0.32457 0.00008 0.00005 ( 1)
 140 K   0.16983 0.83016 0.00000 0.00001 ( 2)
 141 G   0.12272 0.87715 0.00001 0.00012 ( 2)
 142 F   0.64935 0.35043 0.00013 0.00008 ( 1)
 143 F   0.64935 0.35043 0.00013 0.00008 ( 1)
 144 N   0.79097 0.20901 0.00001 0.00000 ( 1)
 145 C   0.15337 0.84661 0.00000 0.00002 ( 2)
 146 K   0.00829 0.99152 0.00000 0.00019 ( 2)
 147 G   0.16368 0.83631 0.00000 0.00001 ( 2)
 148 F   0.64935 0.35043 0.00013 0.00008 ( 1)
 149 L   0.55841 0.43974 0.00100 0.00085 ( 1)
 150 A   0.70160 0.29835 0.00003 0.00002 ( 1)
 151 R   0.07244 0.92565 0.00013 0.00179 ( 2)
 152 M   0.11679 0.88301 0.00002 0.00018 ( 2)
 153 G   0.70079 0.29910 0.00007 0.00004 ( 1)
 154 V   0.71963 0.28031 0.00004 0.00002 ( 1)
 155 Y   0.11309 0.88682 0.00001 0.00008 ( 2)
 156 W   0.56500 0.43396 0.00057 0.00047 ( 1)
 157 E   0.66596 0.33338 0.00041 0.00025 ( 1)
 158 K   0.70155 0.29807 0.00025 0.00013 ( 1)
 159 A   0.63205 0.36729 0.00039 0.00027 ( 1)
 160 Q   0.65803 0.34182 0.00009 0.00006 ( 1)
 161 N   0.79208 0.20788 0.00003 0.00001 ( 1)
 162 Q   0.65803 0.34182 0.00009 0.00006 ( 1)
 163 E   0.66081 0.33782 0.00085 0.00052 ( 1)
 164 S   0.09581 0.90315 0.00009 0.00095 ( 2)
 165 E   0.66081 0.33782 0.00085 0.00052 ( 1)
 166 L   0.66332 0.33626 0.00026 0.00016 ( 1)
 167 R   0.86541 0.13458 0.00001 0.00000 ( 1)
 168 A   0.70262 0.29723 0.00010 0.00006 ( 1)
 169 A   0.63205 0.36729 0.00039 0.00027 ( 1)
 170 F   0.10297 0.89651 0.00005 0.00047 ( 2)
 171 R   0.76562 0.23437 0.00001 0.00000 ( 1)
 172 I   0.70591 0.29403 0.00004 0.00002 ( 1)
 173 F   0.65080 0.34873 0.00029 0.00018 ( 1)
 174 D   0.69580 0.30378 0.00027 0.00015 ( 1)
 175 K   0.69933 0.30029 0.00024 0.00013 ( 1)
 176 E   0.66081 0.33782 0.00085 0.00052 ( 1)
 177 G   0.00820 0.98316 0.00085 0.00779 ( 2)
 178 K   0.70155 0.29807 0.00025 0.00013 ( 1)
 179 G   0.68610 0.31349 0.00026 0.00015 ( 1)
 180 Y   0.67252 0.32729 0.00012 0.00007 ( 1)
 181 I   0.69975 0.30018 0.00004 0.00002 ( 1)
 182 D   0.69580 0.30378 0.00027 0.00015 ( 1)
 183 W   0.56500 0.43396 0.00057 0.00047 ( 1)
 184 G   0.00854 0.98251 0.00089 0.00807 ( 2)
 185 T   0.01136 0.98576 0.00034 0.00253 ( 2)
 186 L   0.00282 0.37328 0.38740 0.23650 ( 3)
 187 T   0.00910 0.98674 0.00043 0.00374 ( 2)
 188 Y   0.67751 0.32241 0.00005 0.00003 ( 1)
 189 V   0.71963 0.28031 0.00004 0.00002 ( 1)
 190 L   0.67968 0.32015 0.00011 0.00007 ( 1)
 191 T   0.00050 0.99928 0.00000 0.00022 ( 2)
 192 H   0.00106 0.99893 0.00000 0.00001 ( 2)
 193 A   0.70824 0.29171 0.00003 0.00002 ( 1)
 194 G   0.68558 0.31427 0.00010 0.00006 ( 1)
 195 E   0.66596 0.33338 0.00041 0.00025 ( 1)
 196 P   0.68806 0.31181 0.00008 0.00004 ( 1)
 197 L   0.66818 0.33164 0.00011 0.00007 ( 1)
 198 S   0.78314 0.21685 0.00001 0.00000 ( 1)
 199 E   0.66596 0.33338 0.00041 0.00025 ( 1)
 200 V   0.08138 0.91671 0.00015 0.00177 ( 2)
 201 E   0.66596 0.33338 0.00041 0.00025 ( 1)
 202 A   0.63619 0.36347 0.00020 0.00014 ( 1)
 203 E   0.10896 0.89031 0.00007 0.00067 ( 2)
 204 Q   0.11104 0.88887 0.00001 0.00008 ( 2)
 205 M   0.68346 0.31637 0.00011 0.00006 ( 1)
 206 M   0.68346 0.31637 0.00011 0.00006 ( 1)
 207 K   0.12826 0.87157 0.00002 0.00015 ( 2)
 208 E   0.77123 0.22875 0.00001 0.00000 ( 1)
 209 A   0.63619 0.36347 0.00020 0.00014 ( 1)
 210 D   0.12586 0.87396 0.00002 0.00016 ( 2)
 211 K   0.70728 0.29259 0.00009 0.00005 ( 1)
 212 D   0.13418 0.86576 0.00001 0.00005 ( 2)
 213 G   0.70471 0.29518 0.00007 0.00004 ( 1)
 214 D   0.12710 0.87258 0.00003 0.00028 ( 2)
 215 G   0.12888 0.87099 0.00001 0.00012 ( 2)
 216 T   0.80054 0.19945 0.00000 0.00000 ( 1)
 217 I   0.73972 0.26028 0.00000 0.00000 ( 1)
 218 D   0.70142 0.29842 0.00010 0.00006 ( 1)
 219 H   0.11653 0.88338 0.00001 0.00008 ( 2)
 220 E   0.65959 0.33975 0.00040 0.00025 ( 1)
 221 E   0.63934 0.36000 0.00039 0.00027 ( 1)
 222 F   0.63019 0.36959 0.00013 0.00009 ( 1)
 223 V   0.68616 0.31377 0.00004 0.00003 ( 1)
 224 A   0.61384 0.38582 0.00020 0.00014 ( 1)
 225 M   0.65446 0.34536 0.00011 0.00007 ( 1)
 226 M   0.65446 0.34536 0.00011 0.00007 ( 1)
 227 T   0.74393 0.25606 0.00001 0.00000 ( 1)
 228 G   0.67302 0.32687 0.00007 0.00004 ( 1)
 229 E   0.63934 0.36000 0.00039 0.00027 ( 1)
 230 S   0.65926 0.34062 0.00007 0.00004 ( 1)
 231 F   0.63019 0.36959 0.00013 0.00009 ( 1)
 232 K   0.67529 0.32457 0.00008 0.00005 ( 1)
 233 L   0.56144 0.43672 0.00101 0.00084 ( 1)
 234 V   0.83525 0.16475 0.00000 0.00000 ( 1)
 235 Q   0.00022 0.99971 0.00000 0.00007 ( 2)


lnL = -1775.426621

Bayes Empirical Bayes (BEB) probabilities for 4 classes (class)
(amino acids refer to 1st sequence: Egla)

   1 M   0.21383 0.65314 0.07980 0.05323 ( 2)
   2 V   0.22913 0.63785 0.08313 0.04988 ( 2)
   3 S   0.89810 0.09039 0.01028 0.00122 ( 1)
   4 L   0.42599 0.30178 0.24076 0.03147 ( 1)
   5 P   0.45326 0.29139 0.22793 0.02742 ( 1)
   6 W   0.47938 0.49383 0.01290 0.01389 ( 2)
   7 P   0.80694 0.15440 0.03248 0.00618 ( 1)
   8 H   0.91503 0.05920 0.02414 0.00163 ( 1)
   9 W   0.80226 0.15873 0.03260 0.00641 ( 1)
  10 L   0.80017 0.16061 0.03271 0.00652 ( 1)
  11 S   0.86654 0.10137 0.02868 0.00341 ( 1)
  12 S   0.88811 0.08545 0.02404 0.00241 ( 1)
  13 A   0.84003 0.12487 0.03054 0.00457 ( 1)
  14 A   0.84036 0.12447 0.03061 0.00456 ( 1)
  15 P   0.46537 0.49504 0.01925 0.02034 ( 2)
  16 L   0.80017 0.16061 0.03271 0.00652 ( 1)
  17 H   0.65999 0.31382 0.01750 0.00869 ( 1)
  18 S   0.86921 0.09901 0.02848 0.00330 ( 1)
  19 H   0.91503 0.05920 0.02414 0.00163 ( 1)
  20 M   0.54904 0.42004 0.01733 0.01359 ( 1)
  21 A   0.84002 0.12487 0.03054 0.00457 ( 1)
  22 G   0.55519 0.41198 0.01872 0.01412 ( 1)
  23 L   0.80017 0.16061 0.03271 0.00652 ( 1)
  24 P   0.86602 0.10180 0.02874 0.00343 ( 1)
  25 L   0.80017 0.16061 0.03271 0.00652 ( 1)
  26 P   0.80694 0.15440 0.03248 0.00618 ( 1)
  27 R   0.83279 0.13131 0.03099 0.00490 ( 1)
  28 A   0.57449 0.39260 0.01943 0.01348 ( 1)
  29 P   0.91814 0.05675 0.02358 0.00152 ( 1)
  30 S   0.86654 0.10137 0.02868 0.00341 ( 1)
  31 P   0.80919 0.15216 0.03256 0.00609 ( 1)
  32 L   0.82860 0.13218 0.03385 0.00536 ( 1)
  33 S   0.83821 0.12627 0.03085 0.00467 ( 1)
  34 G   0.55570 0.41147 0.01873 0.01410 ( 1)
  35 L   0.85653 0.11019 0.02944 0.00384 ( 1)
  36 A   0.87532 0.09360 0.02802 0.00306 ( 1)
  37 E   0.53891 0.42706 0.01888 0.01515 ( 1)
  38 P   0.84741 0.11395 0.03408 0.00456 ( 1)
  39 C   0.90092 0.07131 0.02567 0.00210 ( 1)
  40 S   0.86892 0.09929 0.02847 0.00331 ( 1)
  41 P   0.86602 0.10180 0.02874 0.00343 ( 1)
  42 L   0.53835 0.42804 0.01862 0.01499 ( 1)
  43 T   0.23412 0.73376 0.00764 0.02448 ( 2)
  44 T   0.91522 0.05910 0.02405 0.00162 ( 1)
  45 H   0.60418 0.36542 0.01877 0.01163 ( 1)
  46 P   0.55735 0.41012 0.01861 0.01393 ( 1)
  47 C   0.52127 0.44294 0.01931 0.01648 ( 1)
  48 A   0.84329 0.12154 0.03071 0.00445 ( 1)
  49 A   0.84036 0.12447 0.03061 0.00456 ( 1)
  50 W   0.80226 0.15873 0.03260 0.00641 ( 1)
  51 P   0.79708 0.15984 0.03600 0.00708 ( 1)
  52 Q   0.87723 0.07970 0.03955 0.00353 ( 1)
  53 A   0.82430 0.13263 0.03720 0.00588 ( 1)
  54 C   0.87362 0.08330 0.03939 0.00369 ( 1)
  55 S   0.84719 0.10973 0.03822 0.00486 ( 1)
  56 G   0.85081 0.10611 0.03838 0.00470 ( 1)
  57 L   0.79170 0.16522 0.03576 0.00732 ( 1)
  58 G   0.85081 0.10611 0.03838 0.00470 ( 1)
  59 P   0.81929 0.14206 0.03296 0.00569 ( 1)
  60 P   0.80025 0.16031 0.03290 0.00654 ( 1)
  61 A   0.84036 0.12447 0.03061 0.00456 ( 1)
  62 S   0.86654 0.10137 0.02868 0.00341 ( 1)
  63 P   0.86225 0.10556 0.02862 0.00356 ( 1)
  64 G   0.52692 0.43659 0.01993 0.01656 ( 1)
  65 L   0.80017 0.16061 0.03271 0.00652 ( 1)
  66 R   0.94305 0.03581 0.02031 0.00082 ( 1)
  67 G   0.90109 0.07104 0.02576 0.00210 ( 1)
  68 G   0.87551 0.10450 0.01750 0.00249 ( 1)
  69 G   0.90190 0.08538 0.01145 0.00127 ( 1)
  70 A   0.30020 0.29076 0.35119 0.05785 ( 3)
  71 P   0.82977 0.14351 0.02261 0.00412 ( 1)
  72 G   0.91635 0.07845 0.00465 0.00055 ( 1)
  73 E   0.23427 0.68247 0.04809 0.03516 ( 2)
  74 P   0.03845 0.19221 0.64735 0.12200 ( 3)
  75 G   0.91809 0.07439 0.00676 0.00075 ( 1)
  76 P   0.91824 0.07847 0.00292 0.00037 ( 1)
  77 V   0.00014 0.12426 0.06598 0.80963 ( 4)
  78 S   0.02958 0.09420 0.78259 0.09363 ( 3)
  79 P   0.84958 0.13924 0.00932 0.00186 ( 1)
  80 Q   0.00805 0.12058 0.76891 0.10246 ( 3)
  81 T   0.94687 0.05120 0.00177 0.00015 ( 1)
  82 E   0.90190 0.09050 0.00672 0.00089 ( 1)
  83 R   0.73577 0.23393 0.02800 0.00231 ( 1)
  84 L   0.82988 0.15128 0.01570 0.00313 ( 1)
  85 T   0.95412 0.04441 0.00137 0.00011 ( 1)
  86 A   0.92600 0.07047 0.00317 0.00035 ( 1)
  87 E   0.90535 0.08705 0.00674 0.00085 ( 1)
  88 Q   0.90219 0.09202 0.00511 0.00069 ( 1)
  89 I   0.68410 0.31230 0.00216 0.00144 ( 1)
  90 K   0.25012 0.73745 0.00264 0.00979 ( 2)
  91 E   0.60693 0.38472 0.00455 0.00380 ( 1)
  92 Y   0.91003 0.08473 0.00465 0.00059 ( 1)
  93 K   0.26219 0.73252 0.00105 0.00424 ( 2)
  94 G   0.92219 0.07384 0.00356 0.00041 ( 1)
  95 V   0.97273 0.02653 0.00070 0.00004 ( 1)
  96 S   0.50389 0.48102 0.00723 0.00787 ( 1)
  97 E   0.90190 0.09050 0.00672 0.00089 ( 1)
  98 M   0.91384 0.08088 0.00471 0.00057 ( 1)
  99 F   0.85034 0.13534 0.01212 0.00220 ( 1)
 100 D   0.93565 0.06184 0.00228 0.00023 ( 1)
 101 E   0.90293 0.08947 0.00672 0.00088 ( 1)
 102 E   0.50830 0.31687 0.15456 0.02027 ( 1)
 103 G   0.91489 0.07991 0.00464 0.00056 ( 1)
 104 N   0.96262 0.03616 0.00115 0.00008 ( 1)
 105 G   0.92494 0.07110 0.00357 0.00039 ( 1)
 106 A   0.92702 0.06946 0.00318 0.00034 ( 1)
 107 V   0.93216 0.06460 0.00294 0.00030 ( 1)
 108 K   0.65326 0.29340 0.04802 0.00532 ( 1)
 109 T   0.94783 0.05025 0.00177 0.00015 ( 1)
 110 D   0.92282 0.07268 0.00405 0.00045 ( 1)
 111 E   0.90293 0.08947 0.00672 0.00088 ( 1)
 112 L   0.82920 0.15196 0.01569 0.00315 ( 1)
 113 E   0.90293 0.08947 0.00672 0.00088 ( 1)
 114 R   0.96514 0.03382 0.00097 0.00006 ( 1)
 115 L   0.90625 0.08806 0.00504 0.00065 ( 1)
 116 M   0.26944 0.72400 0.00140 0.00516 ( 2)
 117 S   0.88853 0.10157 0.00868 0.00123 ( 1)
 118 L   0.83044 0.15072 0.01572 0.00312 ( 1)
 119 R   0.19413 0.79519 0.00176 0.00892 ( 2)
 120 G   0.91735 0.07746 0.00465 0.00054 ( 1)
 121 T   0.67805 0.31834 0.00214 0.00147 ( 1)
 122 N   0.96262 0.03616 0.00115 0.00008 ( 1)
 123 P   0.91698 0.07849 0.00405 0.00048 ( 1)
 124 A   0.79035 0.20840 0.00084 0.00041 ( 1)
 125 K   0.92578 0.07014 0.00368 0.00040 ( 1)
 126 S   0.77948 0.21899 0.00102 0.00051 ( 1)
 127 E   0.53039 0.32643 0.12658 0.01661 ( 1)
 128 L   0.83044 0.15072 0.01572 0.00312 ( 1)
 129 A   0.89012 0.10232 0.00658 0.00097 ( 1)
 130 S   0.91766 0.07797 0.00391 0.00046 ( 1)
 131 -   0.90836 0.08635 0.00468 0.00061 ( 1)
 132 -   0.51516 0.37093 0.09857 0.01534 ( 1)
 133 -   0.92024 0.07568 0.00365 0.00043 ( 1)
 134 D   0.66116 0.33384 0.00291 0.00209 ( 1)
 135 V   0.93216 0.06460 0.00294 0.00030 ( 1)
 136 D   0.92282 0.07268 0.00405 0.00045 ( 1)
 137 R   0.72565 0.27205 0.00143 0.00088 ( 1)
 138 E   0.27138 0.72288 0.00120 0.00454 ( 2)
 139 K   0.91432 0.08159 0.00363 0.00046 ( 1)
 140 K   0.76441 0.23380 0.00117 0.00062 ( 1)
 141 G   0.65986 0.33571 0.00255 0.00187 ( 1)
 142 F   0.89893 0.09457 0.00572 0.00078 ( 1)
 143 F   0.89893 0.09457 0.00572 0.00078 ( 1)
 144 N   0.96297 0.03577 0.00118 0.00008 ( 1)
 145 C   0.73342 0.26391 0.00171 0.00096 ( 1)
 146 K   0.27681 0.71746 0.00122 0.00450 ( 2)
 147 G   0.75362 0.24483 0.00098 0.00057 ( 1)
 148 F   0.89893 0.09457 0.00572 0.00078 ( 1)
 149 L   0.83044 0.15072 0.01572 0.00312 ( 1)
 150 A   0.92746 0.06902 0.00318 0.00034 ( 1)
 151 R   0.47153 0.50886 0.00898 0.01062 ( 2)
 152 M   0.64213 0.35205 0.00332 0.00250 ( 1)
 153 G   0.92655 0.06949 0.00358 0.00038 ( 1)
 154 V   0.93551 0.06125 0.00295 0.00029 ( 1)
 155 Y   0.63164 0.36260 0.00324 0.00252 ( 1)
 156 W   0.83604 0.14638 0.01473 0.00284 ( 1)
 157 E   0.90627 0.08614 0.00675 0.00084 ( 1)
 158 K   0.92553 0.06914 0.00483 0.00050 ( 1)
 159 A   0.88555 0.10410 0.00905 0.00130 ( 1)
 160 Q   0.90283 0.09001 0.00635 0.00081 ( 1)
 161 N   0.96291 0.03537 0.00162 0.00010 ( 1)
 162 Q   0.90283 0.09001 0.00635 0.00081 ( 1)
 163 E   0.90206 0.08841 0.00847 0.00106 ( 1)
 164 S   0.56996 0.41736 0.00673 0.00595 ( 1)
 165 E   0.90206 0.08841 0.00847 0.00106 ( 1)
 166 L   0.90585 0.08703 0.00633 0.00078 ( 1)
 167 R   0.98272 0.01663 0.00063 0.00002 ( 1)
 168 A   0.92695 0.06847 0.00415 0.00043 ( 1)
 169 A   0.88555 0.10410 0.00905 0.00130 ( 1)
 170 F   0.59819 0.39314 0.00474 0.00393 ( 1)
 171 R   0.95415 0.04381 0.00190 0.00014 ( 1)
 172 I   0.92869 0.06711 0.00381 0.00038 ( 1)
 173 F   0.89845 0.09355 0.00708 0.00093 ( 1)
 174 D   0.92247 0.07167 0.00530 0.00056 ( 1)
 175 K   0.92450 0.07017 0.00483 0.00050 ( 1)
 176 E   0.90206 0.08841 0.00847 0.00106 ( 1)
 177 G   0.25257 0.66331 0.05178 0.03235 ( 2)
 178 K   0.92553 0.06914 0.00483 0.00050 ( 1)
 179 G   0.91837 0.07619 0.00488 0.00056 ( 1)
 180 Y   0.91071 0.08270 0.00589 0.00070 ( 1)
 181 I   0.92597 0.06979 0.00384 0.00040 ( 1)
 182 D   0.92247 0.07167 0.00530 0.00056 ( 1)
 183 W   0.83604 0.14638 0.01473 0.00284 ( 1)
 184 G   0.26616 0.66517 0.04219 0.02648 ( 2)
 185 T   0.35015 0.61569 0.02307 0.01110 ( 2)
 186 L   0.06529 0.20653 0.64874 0.07945 ( 3)
 187 T   0.28489 0.66251 0.03287 0.01973 ( 2)
 188 Y   0.91442 0.08035 0.00467 0.00056 ( 1)
 189 V   0.93551 0.06125 0.00295 0.00029 ( 1)
 190 L   0.91707 0.07916 0.00335 0.00042 ( 1)
 191 T   0.08588 0.90711 0.00045 0.00655 ( 2)
 192 H   0.17984 0.81861 0.00016 0.00139 ( 2)
 193 A   0.93041 0.06608 0.00319 0.00033 ( 1)
 194 G   0.91829 0.07652 0.00466 0.00053 ( 1)
 195 E   0.90627 0.08614 0.00675 0.00084 ( 1)
 196 P   0.92037 0.07511 0.00406 0.00046 ( 1)
 197 L   0.90958 0.08473 0.00506 0.00063 ( 1)
 198 S   0.96043 0.03823 0.00126 0.00009 ( 1)
 199 E   0.90627 0.08614 0.00675 0.00084 ( 1)
 200 V   0.51145 0.46903 0.00974 0.00978 ( 1)
 201 E   0.90627 0.08614 0.00675 0.00084 ( 1)
 202 A   0.88940 0.10200 0.00753 0.00108 ( 1)
 203 E   0.61629 0.37539 0.00462 0.00371 ( 1)
 204 Q   0.62487 0.36853 0.00371 0.00288 ( 1)
 205 M   0.91723 0.07750 0.00473 0.00055 ( 1)
 206 M   0.91723 0.07750 0.00473 0.00055 ( 1)
 207 K   0.67398 0.32146 0.00271 0.00186 ( 1)
 208 E   0.95617 0.04205 0.00166 0.00012 ( 1)
 209 A   0.88940 0.10200 0.00753 0.00108 ( 1)
 210 D   0.66777 0.32724 0.00294 0.00205 ( 1)
 211 K   0.92918 0.06675 0.00369 0.00038 ( 1)
 212 D   0.68973 0.30663 0.00219 0.00145 ( 1)
 213 G   0.92833 0.06771 0.00358 0.00037 ( 1)
 214 D   0.67063 0.32447 0.00288 0.00202 ( 1)
 215 G   0.67630 0.31931 0.00262 0.00177 ( 1)
 216 T   0.96622 0.03269 0.00103 0.00006 ( 1)
 217 I   0.94548 0.05323 0.00117 0.00011 ( 1)
 218 D   0.92622 0.06928 0.00406 0.00043 ( 1)
 219 H   0.64166 0.35260 0.00329 0.00245 ( 1)
 220 E   0.90292 0.08948 0.00672 0.00088 ( 1)
 221 E   0.89201 0.10036 0.00664 0.00098 ( 1)
 222 F   0.88812 0.10535 0.00565 0.00087 ( 1)
 223 V   0.92064 0.07610 0.00291 0.00036 ( 1)
 224 A   0.87613 0.11524 0.00742 0.00122 ( 1)
 225 M   0.90255 0.09215 0.00465 0.00065 ( 1)
 226 M   0.90255 0.09215 0.00465 0.00065 ( 1)
 227 T   0.94698 0.05156 0.00134 0.00013 ( 1)
 228 G   0.91345 0.08257 0.00353 0.00046 ( 1)
 229 E   0.89201 0.10036 0.00664 0.00098 ( 1)
 230 S   0.90623 0.08938 0.00386 0.00053 ( 1)
 231 F   0.88812 0.10535 0.00565 0.00087 ( 1)
 232 K   0.91432 0.08159 0.00363 0.00046 ( 1)
 233 L   0.83251 0.14871 0.01571 0.00308 ( 1)
 234 V   0.97581 0.02345 0.00071 0.00003 ( 1)
 235 Q   0.03994 0.95263 0.00023 0.00720 ( 2)

