17
Egla       0.0000000 0.1458220 0.1510493 0.1559715 0.1613424 0.1662622 0.1897453 0.1854550 0.1700091 0.0951659 0.0916937 0.1023443 0.2750558 0.3201999 0.1919102 0.1776132 0.2324205 
Gmel       0.1458220 0.0000000 0.0128436 0.0171484 0.0215140 0.0171468 0.1211192 0.0732046 0.0641137 0.1110478 0.1445653 0.1500116 0.1684449 0.1615757 0.0666228 0.0329114 0.1364191 
Lobl       0.1510493 0.0128436 0.0000000 0.0215087 0.0259053 0.0302664 0.1260205 0.0731910 0.0641011 0.1110478 0.1497387 0.1654966 0.1681430 0.1686714 0.0666084 0.0329114 0.1417977 
Lalb       0.1559715 0.0171484 0.0215087 0.0000000 0.0042719 0.0085567 0.1306798 0.0827532 0.0736276 0.1199975 0.1546122 0.1704415 0.1679832 0.1685233 0.0772973 0.0329114 0.1468812 
Ttru       0.1613424 0.0215140 0.0259053 0.0042719 0.0000000 0.0128819 0.1356959 0.0876898 0.0785324 0.1199975 0.1599257 0.1758777 0.1679832 0.1685233 0.0828131 0.0329114 0.1524030 
Oorc       0.1662622 0.0171468 0.0302664 0.0085567 0.0128819 0.0000000 0.1403654 0.0924221 0.0832592 0.1290599 0.1647968 0.1704113 0.1841537 0.1760097 0.0881189 0.0497525 0.1574910 
Mden       0.1897453 0.1211192 0.1260205 0.1306798 0.1356959 0.1403654 0.0000000 0.1668580 0.1622461 0.1720731 0.1977316 0.2103925 0.2351644 0.2831773 0.1712799 0.0833286 0.2161881 
Dleu       0.1854550 0.0732046 0.0731910 0.0827532 0.0876898 0.0924221 0.1668580 0.0000000 0.0179507 0.1689666 0.1840135 0.2009470 0.2163795 0.1841709 0.0931648 0.1564039 0.1886932 
Mmon       0.1700091 0.0641137 0.0641011 0.0736276 0.0785324 0.0832592 0.1622461 0.0179507 0.0000000 0.1599323 0.1742565 0.1911020 0.2087851 0.1848185 0.0775206 0.1585450 0.1784146 
Bacu       0.0951659 0.1110478 0.1110478 0.1199975 0.1199975 0.1290599 0.1720731 0.1689666 0.1599323 0.0000000 0.0496703 0.0758353 0.1462315 0.1558407 0.2181006 0.1407958 0.1862973 
Bric       0.0916937 0.1445653 0.1497387 0.1546122 0.1599257 0.1647968 0.1977316 0.1840135 0.1742565 0.0496703 0.0000000 0.0539190 0.2692730 0.3143778 0.1960138 0.1373436 0.2060480 
Bmus       0.1023443 0.1500116 0.1654966 0.1704415 0.1758777 0.1704113 0.2103925 0.2009470 0.1911020 0.0758353 0.0539190 0.0000000 0.3058892 0.3327512 0.2029746 0.2574913 0.2181473 
Lvex       0.2750558 0.1684449 0.1681430 0.1679832 0.1679832 0.1841537 0.2351644 0.2163795 0.2087851 0.1462315 0.2692730 0.3058892 0.0000000 0.2242427 0.2424801 0.1182733 0.2547116 
Psin       0.3201999 0.1615757 0.1686714 0.1685233 0.1685233 0.1760097 0.2831773 0.1841709 0.1848185 0.1558407 0.3143778 0.3327512 0.2242427 0.0000000 0.2452805 0.0836690 0.2797777 
Naasi      0.1919102 0.0666228 0.0666084 0.0772973 0.0828131 0.0881189 0.1712799 0.0931648 0.0775206 0.2181006 0.1960138 0.2029746 0.2424801 0.2452805 0.0000000 0.3226918 0.1944552 
Ddel       0.1776132 0.0329114 0.0329114 0.0329114 0.0329114 0.0497525 0.0833286 0.1564039 0.1585450 0.1407958 0.1373436 0.2574913 0.1182733 0.0836690 0.3226918 0.0000000 0.0841114 
Pcat       0.2324205 0.1364191 0.1417977 0.1468812 0.1524030 0.1574910 0.2161881 0.1886932 0.1784146 0.1862973 0.2060480 0.2181473 0.2547116 0.2797777 0.1944552 0.0841114 0.0000000 
