Supplemental results for CODEML (seqf: /home/leticiamagpali/phd/evol_models/codeml/big_dataset/cml_align/MYH2_codon_aligned.phy  treef: /home/leticiamagpali/phd/evol_models/codeml/big_dataset/cml_trees/gene_trees/H1c_gene_trees/MYH2_tree_H1c.tre)

I	J	ij	2Ns_IJ	pMut_IJ	pSub_IJ	2Ns_JI	pMut_JI	pSub_JI

TTC	TTT	CT	-0.36389	0.07690	0.06375	0.36389	0.05344	0.06375
TTA	TTT	AT	9.46523	0.00000	0.00000	-9.46523	0.01124	0.00001
TTA	TTC	AC	9.82913	0.00000	0.00000	-9.82913	0.02776	0.00001
TTG	TTT	GT	1.57529	0.00252	0.00501	-1.57529	0.01219	0.00501
TTG	TTC	GC	1.93918	0.00433	0.00981	-1.93918	0.03010	0.00981
TTG	TTA	GA	-7.88995	0.00783	0.00002	7.88995	0.00000	0.00000
TCT	TTT	CT	2.15762	0.00618	0.01507	-2.15762	0.05344	0.01507
TCC	TTC	CT	0.92641	0.05227	0.08016	-0.92641	0.13200	0.08016
TCC	TCT	CT	-1.59510	0.05227	0.02122	1.59510	0.01060	0.02122
TCA	TTA	CT	-7.86151	0.01138	0.00003	7.86151	0.00000	0.00000
TCA	TCT	AT	-0.55389	0.00388	0.00290	0.55389	0.00223	0.00290
TCA	TCC	AC	1.04120	0.00666	0.01072	-1.04120	0.01887	0.01072
TCG	TTG	CT	0.32379	0.00919	0.01075	-0.32379	0.01270	0.01075
TCG	TCT	GT	-0.25854	0.00313	0.00274	0.25854	0.00242	0.00274
TCG	TCC	GC	1.33656	0.00538	0.00975	-1.33656	0.02046	0.00975
TCG	TCA	GA	0.29535	0.00972	0.01123	-0.29535	0.01307	0.01123
TAT	TTT	AT	1.26885	0.00316	0.00558	-1.26885	0.01124	0.00558
TAT	TCT	AC	-0.88876	0.00542	0.00337	0.88876	0.00223	0.00337
TAC	TTC	AT	0.66315	0.01430	0.01956	-0.66315	0.02776	0.01956
TAC	TCC	AC	-0.26326	0.02455	0.02146	0.26326	0.01887	0.02146
TAC	TAT	CT	-0.96959	0.04194	0.02485	0.96959	0.01591	0.02485
TGT	TTT	GT	4.00671	0.00022	0.00090	-4.00671	0.01219	0.00090
TGT	TCT	GC	1.84909	0.00038	0.00084	-1.84909	0.00242	0.00084
TGT	TAT	GA	2.73785	0.00069	0.00202	-2.73785	0.01064	0.00202
TGC	TTC	GT	1.19126	0.00915	0.01565	-1.19126	0.03010	0.01565
TGC	TCC	GC	0.26485	0.01570	0.01787	-0.26485	0.02046	0.01787
TGC	TAC	GA	0.52811	0.02840	0.03655	-0.52811	0.04816	0.03655
TGC	TGT	CT	-3.17934	0.02682	0.00370	3.17934	0.00112	0.00370
TGG	TTG	GT	-1.24267	0.01003	0.00506	1.24267	0.00290	0.00506
TGG	TCG	GC	-1.56646	0.01722	0.00712	1.56646	0.00360	0.00712
TGG	TGT	GT	-3.67409	0.01003	0.00096	3.67409	0.00025	0.00096
TGG	TGC	GC	-0.49475	0.01722	0.01331	0.49475	0.01050	0.01331
CTT	TTT	CT	2.63820	0.00382	0.01086	-2.63820	0.05344	0.01086
CTC	TTC	CT	0.71296	0.06470	0.09049	-0.71296	0.13200	0.09049
CTC	CTT	CT	-2.28914	0.06470	0.01671	2.28914	0.00656	0.01671
CTA	TTA	CT	-7.92382	0.01211	0.00003	7.92382	0.00000	0.00000
CTA	CTT	AT	-1.09678	0.00413	0.00227	1.09678	0.00138	0.00227
CTA	CTC	AC	1.19235	0.00709	0.01214	-1.19235	0.02336	0.01214
CTG	TTG	CT	-2.80592	0.21004	0.03792	2.80592	0.01270	0.03792
CTG	CTT	GT	-3.86883	0.07162	0.00591	3.86883	0.00150	0.00591
CTG	CTC	GC	-1.57970	0.12294	0.05040	1.57970	0.02533	0.05040
CTG	CTA	GA	-2.77205	0.22237	0.04112	2.77205	0.01391	0.04112
CCT	TCT	CT	2.67382	0.00073	0.00210	-2.67382	0.01060	0.00210
CCT	CTT	CT	2.19324	0.00073	0.00181	-2.19324	0.00656	0.00181
CCC	TCC	CT	1.31610	0.02406	0.04327	-1.31610	0.08972	0.04327
CCC	CTC	CT	1.52955	0.02406	0.04698	-1.52955	0.11107	0.04698
CCC	CCT	CT	-2.95282	0.02406	0.00391	2.95282	0.00126	0.00391
CCA	TCA	CT	1.05114	0.00683	0.01103	-1.05114	0.01953	0.01103
CCA	CTA	CT	1.11344	0.00683	0.01132	-1.11344	0.02079	0.01132
CCA	CCT	AT	-2.17658	0.00233	0.00065	2.17658	0.00026	0.00065
CCA	CCC	AC	0.77624	0.00400	0.00575	-0.77624	0.00869	0.00575
CCG	TCG	CT	-0.18762	0.01902	0.01729	0.18762	0.01577	0.01729
CCG	CTG	CT	2.94209	0.01902	0.05908	-2.94209	0.36055	0.05908
CCG	CCT	GT	-3.11998	0.00649	0.00093	3.11998	0.00029	0.00093
CCG	CCC	GC	-0.16716	0.01113	0.01023	0.16716	0.00942	0.01023
CCG	CCA	GA	-0.94341	0.02014	0.01211	0.94341	0.00784	0.01211
CAT	TAT	CT	5.27651	0.00008	0.00043	-5.27651	0.01591	0.00043
CAT	CTT	AT	3.90716	0.00003	0.00011	-3.90716	0.00138	0.00011
CAT	CCT	AC	1.71393	0.00005	0.00010	-1.71393	0.00026	0.00010
CAC	TAC	CT	0.47469	0.04479	0.05626	-0.47469	0.07200	0.05626
CAC	CTC	AT	0.42488	0.01527	0.01875	-0.42488	0.02336	0.01875
CAC	CCC	AC	-1.10467	0.02622	0.01435	1.10467	0.00869	0.01435
CAC	CAT	CT	-5.77142	0.04479	0.00081	5.77142	0.00014	0.00081
CAA	CTA	AT	0.00472	0.00435	0.00436	-0.00472	0.00437	0.00436
CAA	CCA	AC	-1.10873	0.00747	0.00408	1.10873	0.00246	0.00408
CAA	CAT	AT	-4.99923	0.00435	0.00015	4.99923	0.00003	0.00015
CAA	CAC	AC	0.77219	0.00747	0.01072	-0.77219	0.01617	0.01072
CAG	CTG	AT	0.63135	0.04033	0.05439	-0.63135	0.07582	0.05439
CAG	CCG	AC	-2.31074	0.06923	0.01761	2.31074	0.00687	0.01761
CAG	CAT	GT	-7.14465	0.04033	0.00023	7.14465	0.00003	0.00023
CAG	CAC	GC	-1.37323	0.06923	0.03225	1.37323	0.01753	0.03225
CAG	CAA	GA	-2.14542	0.12521	0.03560	2.14542	0.01465	0.03560
CGT	TGT	CT	-1.58494	0.00545	0.00223	1.58494	0.00112	0.00223
CGT	CTT	GT	-0.21643	0.00186	0.00166	0.21643	0.00150	0.00166
CGT	CCT	GC	-2.40967	0.00319	0.00076	2.40967	0.00029	0.00076
CGT	CAT	GA	-4.12360	0.00577	0.00039	4.12360	0.00009	0.00039
CGC	TGC	CT	0.11485	0.04105	0.04345	-0.11485	0.04605	0.04345
CGC	CTC	GT	0.59315	0.01400	0.01856	-0.59315	0.02533	0.01856
CGC	CCC	GC	-0.93640	0.02403	0.01451	0.93640	0.00942	0.01451
CGC	CAC	GA	0.16827	0.04346	0.04722	-0.16827	0.05142	0.04722
CGC	CGT	CT	-1.47955	0.04105	0.01791	1.47955	0.00935	0.01791
CGA	CTA	GT	0.30578	0.00349	0.00405	-0.30578	0.00474	0.00405
CGA	CCA	GC	-0.80767	0.00599	0.00390	0.80767	0.00267	0.00390
CGA	CAA	GA	0.30106	0.01084	0.01256	-0.30106	0.01465	0.01256
CGA	CGT	AT	-0.57457	0.00349	0.00258	0.57457	0.00197	0.00258
CGA	CGC	AC	0.90498	0.00599	0.00911	-0.90498	0.01482	0.00911
CGG	TGG	CT	1.02031	0.01821	0.02905	-1.02031	0.05051	0.02905
CGG	CTG	GT	2.58356	0.00621	0.01735	-2.58356	0.08223	0.01735
CGG	CCG	GC	-0.35853	0.01066	0.00886	0.35853	0.00745	0.00886
CGG	CAG	GA	1.95221	0.01928	0.04386	-1.95221	0.13579	0.04386
CGG	CGT	GT	-1.06884	0.00621	0.00347	1.06884	0.00213	0.00347
CGG	CGC	GC	0.41071	0.01066	0.01300	-0.41071	0.01607	0.01300
CGG	CGA	GA	-0.49427	0.01928	0.01490	0.49427	0.01176	0.01490
ATT	TTT	AT	-0.00866	0.01134	0.01129	0.00866	0.01124	0.01129
ATT	CTT	AC	-2.64687	0.01946	0.00393	2.64687	0.00138	0.00393
ATC	TTC	AT	-0.19653	0.03379	0.03058	0.19653	0.02776	0.03058
ATC	CTC	AC	-0.90949	0.05800	0.03557	0.90949	0.02336	0.03557
ATC	ATT	CT	-0.55176	0.09909	0.07425	0.55176	0.05707	0.07425
ATA	TTA	AT	-8.41380	0.00416	0.00001	8.41380	0.00000	0.00000
ATA	CTA	AC	-0.48999	0.00714	0.00553	0.48999	0.00437	0.00553
ATA	ATT	AT	1.06010	0.00416	0.00674	-1.06010	0.01200	0.00674
ATA	ATC	AC	1.61185	0.00714	0.01437	-1.61185	0.03577	0.01437
ATG	TTG	AT	-2.37041	0.02858	0.00698	2.37041	0.00267	0.00698
ATG	CTG	AC	0.43551	0.04905	0.06051	-0.43551	0.07582	0.06051
ATG	ATT	GT	-0.78646	0.02858	0.01880	0.78646	0.01302	0.01880
ATG	ATC	GC	-0.23470	0.04905	0.04352	0.23470	0.03879	0.04352
ATG	ATA	GA	-1.84655	0.08872	0.03069	1.84655	0.01400	0.03069
ACT	TCT	AT	0.21336	0.00180	0.00200	-0.21336	0.00223	0.00200
ACT	CCT	AC	-2.46046	0.00309	0.00071	2.46046	0.00026	0.00071
ACT	ATT	CT	2.37964	0.00528	0.01386	-2.37964	0.05707	0.01386
ACC	TCC	AT	0.23530	0.01491	0.01674	-0.23530	0.01887	0.01674
ACC	CCC	AC	-1.08080	0.02560	0.01421	1.08080	0.00869	0.01421
ACC	ATC	CT	1.35824	0.04373	0.07996	-1.35824	0.17009	0.07996
ACC	ACT	CT	-1.57316	0.04373	0.01800	1.57316	0.00907	0.01800
ACA	TCA	AT	-0.43069	0.00632	0.00506	0.43069	0.00411	0.00506
ACA	CCA	AC	-1.48183	0.01085	0.00473	1.48183	0.00246	0.00473
ACA	ATA	CT	0.12160	0.01853	0.01968	-0.12160	0.02093	0.01968
ACA	ACT	AT	-1.19794	0.00632	0.00327	1.19794	0.00191	0.00327
ACA	ACC	AC	0.37521	0.01085	0.01301	-0.37521	0.01579	0.01301
ACG	TCG	AT	-1.08206	0.00978	0.00543	1.08206	0.00332	0.00543
ACG	CCG	AC	-0.89445	0.01680	0.01039	0.89445	0.00687	0.01039
ACG	ATG	CT	1.61213	0.02869	0.05778	-1.61213	0.14386	0.05778
ACG	ACT	GT	-1.55397	0.00978	0.00408	1.55397	0.00207	0.00408
ACG	ACC	GC	0.01919	0.01680	0.01696	-0.01919	0.01712	0.01696
ACG	ACA	GA	-0.35603	0.03038	0.02529	0.35603	0.02128	0.02529
AAT	TAT	AT	0.94289	0.00130	0.00201	-0.94289	0.00335	0.00201
AAT	CAT	AC	-4.33363	0.00224	0.00013	4.33363	0.00003	0.00013
AAT	ATT	AT	2.22040	0.00130	0.00325	-2.22040	0.01200	0.00325
AAT	ACT	AC	-0.15924	0.00224	0.00206	0.15924	0.00191	0.00206
AAC	TAC	AT	-1.01427	0.04175	0.02410	1.01427	0.01514	0.02410
AAC	CAC	AC	-1.48896	0.07167	0.03109	1.48896	0.01617	0.03109
AAC	ATC	AT	-0.15459	0.04175	0.03861	0.15459	0.03577	0.03861
AAC	ACC	AC	-1.51283	0.07167	0.03063	1.51283	0.01579	0.03063
AAC	AAT	CT	-2.92675	0.12244	0.02028	2.92675	0.00656	0.02028
AAA	CAA	AC	-1.62164	0.02332	0.00931	1.62164	0.00461	0.00931
AAA	ATA	AT	-1.12694	0.01358	0.00734	1.12694	0.00440	0.00734
AAA	ACA	AC	-1.24854	0.02332	0.01171	1.24854	0.00669	0.01171
AAA	AAT	AT	-2.28724	0.01358	0.00351	2.28724	0.00138	0.00351
AAA	AAC	AC	0.63951	0.02332	0.03156	-0.63951	0.04420	0.03156
AAG	CAG	AC	-1.35234	0.16508	0.07788	1.35234	0.04270	0.07788
AAG	ATG	AT	-1.15650	0.09617	0.05105	1.15650	0.03025	0.05105
AAG	ACG	AC	-2.76863	0.16508	0.03060	2.76863	0.01036	0.03060
AAG	AAT	GT	-4.16336	0.09617	0.00633	4.16336	0.00150	0.00633
AAG	AAC	GC	-1.23661	0.16508	0.08353	1.23661	0.04793	0.08353
AAG	AAA	GA	-1.87612	0.29858	0.10133	1.87612	0.04574	0.10133
AGT	TGT	AT	-0.06077	0.00025	0.00024	0.06077	0.00023	0.00024
AGT	CGT	AC	1.52417	0.00043	0.00083	-1.52417	0.00197	0.00083
AGT	ATT	GT	3.95460	0.00025	0.00101	-3.95460	0.01302	0.00101
AGT	ACT	GC	1.57496	0.00043	0.00085	-1.57496	0.00207	0.00085
AGT	AAT	GA	1.73420	0.00077	0.00163	-1.73420	0.00439	0.00163
AGC	TGC	AT	-0.23067	0.01220	0.01084	0.23067	0.00968	0.01084
AGC	CGC	AC	-0.34551	0.02093	0.01753	0.34551	0.01482	0.01753
AGC	ATC	GT	1.15712	0.01220	0.02058	-1.15712	0.03879	0.02058
AGC	ACC	GC	-0.20112	0.02093	0.01890	0.20112	0.01712	0.01890
AGC	AAC	GA	1.31172	0.03786	0.06798	-1.31172	0.14057	0.06798
AGC	AGT	CT	-3.34924	0.03577	0.00436	3.34924	0.00126	0.00436
AGA	CGA	AC	1.35725	0.00095	0.00174	-1.35725	0.00370	0.00174
AGA	ATA	GT	2.15302	0.00055	0.00135	-2.15302	0.00477	0.00135
AGA	ACA	GC	2.03141	0.00095	0.00222	-2.03141	0.00726	0.00222
AGA	AAA	GA	3.27995	0.00172	0.00587	-3.27995	0.04574	0.00587
AGA	AGT	AT	-0.74149	0.00055	0.00037	0.74149	0.00026	0.00037
AGA	AGC	AC	2.60774	0.00095	0.00268	-2.60774	0.01291	0.00268
AGG	TGG	AT	0.31031	0.00779	0.00906	-0.31031	0.01062	0.00906
AGG	CGG	AC	-0.71001	0.01337	0.00918	0.71001	0.00657	0.00918
AGG	ATG	GT	1.43804	0.00779	0.01469	-1.43804	0.03281	0.01469
AGG	ACG	GC	-0.17409	0.01337	0.01224	0.17409	0.01123	0.01224
AGG	AAG	GA	2.59455	0.02418	0.06780	-2.59455	0.32380	0.06780
AGG	AGT	GT	-3.30302	0.00779	0.00098	3.30302	0.00029	0.00098
AGG	AGC	GC	0.04622	0.01337	0.01368	-0.04622	0.01400	0.01368
AGG	AGA	GA	-2.56153	0.02418	0.00518	2.56153	0.00187	0.00518
GTT	TTT	GT	9.54633	0.00000	0.00000	-9.54633	0.01219	0.00001
GTT	CTT	GC	6.90813	0.00000	0.00000	-6.90813	0.00150	0.00001
GTT	ATT	GA	9.55500	0.00000	0.00000	-9.55500	0.03817	0.00003
GTC	TTC	GT	1.40311	0.00740	0.01377	-1.40311	0.03010	0.01377
GTC	CTC	GC	0.69015	0.01270	0.01759	-0.69015	0.02533	0.01759
GTC	ATC	GA	1.59963	0.02298	0.04606	-1.59963	0.11376	0.04606
GTC	GTT	CT	-8.50712	0.02170	0.00004	8.50712	0.00000	0.00000
GTA	TTA	GT	-7.71652	0.00225	0.00001	7.71652	0.00000	0.00000
GTA	CTA	GC	0.20730	0.00385	0.00427	-0.20730	0.00474	0.00427
GTA	ATA	GA	0.69728	0.00697	0.00968	-0.69728	0.01400	0.00968
GTA	GTT	AT	-7.79762	0.00225	0.00001	7.79762	0.00000	0.00000
GTA	GTC	AC	0.70950	0.00385	0.00538	-0.70950	0.00783	0.00538
GTG	TTG	GT	-1.81562	0.01779	0.00628	1.81562	0.00290	0.00628
GTG	CTG	GC	0.99030	0.03055	0.04813	-0.99030	0.08223	0.04813
GTG	ATG	GA	0.55479	0.05525	0.07198	-0.55479	0.09622	0.07198
GTG	GTT	GT	-9.78666	0.01779	0.00001	9.78666	0.00000	0.00000
GTG	GTC	GC	-1.27954	0.03055	0.01506	1.27954	0.00850	0.01506
GTG	GTA	GA	-1.98904	0.05525	0.01742	1.98904	0.00756	0.01742
GCT	TCT	GT	-1.58559	0.01181	0.00482	1.58559	0.00242	0.00482
GCT	CCT	GC	-4.25942	0.02027	0.00124	4.25942	0.00029	0.00124
GCT	ACT	GA	-1.79896	0.03666	0.01308	1.79896	0.00607	0.01308
GCT	GTT	CT	-8.97431	0.03463	0.00004	8.97431	0.00000	0.00000
GCC	TCC	GT	-0.41056	0.03085	0.02495	0.41056	0.02046	0.02495
GCC	CCC	GC	-1.72666	0.05296	0.01978	1.72666	0.00942	0.01978
GCC	ACC	GA	-0.64586	0.09578	0.06816	0.64586	0.05021	0.06816
GCC	GTC	CT	-0.88725	0.09047	0.05619	0.88725	0.03725	0.05619
GCC	GCT	CT	-0.42006	0.09047	0.07280	0.42006	0.05944	0.07280
GCA	TCA	GT	-0.51496	0.00746	0.00570	0.51496	0.00446	0.00570
GCA	CCA	GC	-1.56610	0.01280	0.00529	1.56610	0.00267	0.00529
GCA	ACA	GA	-0.08427	0.02315	0.02219	0.08427	0.02128	0.02219
GCA	GTA	CT	-0.65995	0.02187	0.01544	0.65995	0.01130	0.01544
GCA	GCT	AT	0.51674	0.00746	0.00955	-0.51674	0.01250	0.00955
GCA	GCC	AC	0.93680	0.01280	0.01972	-0.93680	0.03266	0.01972
GCG	TCG	GT	0.95348	0.00139	0.00215	-0.95348	0.00360	0.00215
GCG	CCG	GC	1.14110	0.00238	0.00399	-1.14110	0.00745	0.00399
GCG	ACG	GA	2.03554	0.00430	0.01007	-2.03554	0.03294	0.01007
GCG	GTG	CT	3.09288	0.00406	0.01317	-3.09288	0.08958	0.01317
GCG	GCT	GT	2.28053	0.00139	0.00352	-2.28053	0.01356	0.00352
GCG	GCC	GC	2.70059	0.00238	0.00689	-2.70059	0.03542	0.00689
GCG	GCA	GA	1.76379	0.00430	0.00916	-1.76379	0.02510	0.00916
GAT	TAT	GT	-1.00622	0.00992	0.00575	1.00622	0.00363	0.00575
GAT	CAT	GC	-6.28273	0.01703	0.00020	6.28273	0.00003	0.00020
GAT	AAT	GA	-1.94911	0.03081	0.00997	1.94911	0.00439	0.00997
GAT	GTT	AT	-9.28370	0.00992	0.00001	9.28370	0.00000	0.00000
GAT	GCT	AC	-0.30939	0.01703	0.01453	0.30939	0.01250	0.01453
GAC	TAC	GT	-0.95402	0.04263	0.02548	0.95402	0.01642	0.02548
GAC	CAC	GC	-1.42871	0.07318	0.03295	1.42871	0.01753	0.03295
GAC	AAC	GA	0.06025	0.13235	0.13638	-0.06025	0.14057	0.13638
GAC	GTC	AT	-1.69397	0.04263	0.01626	1.69397	0.00783	0.01626
GAC	GCC	AC	-0.80672	0.07318	0.04759	0.80672	0.03266	0.04759
GAC	GAT	CT	-0.91739	0.12502	0.07632	0.91739	0.04995	0.07632
GAA	CAA	GC	-1.69159	0.02712	0.01036	1.69159	0.00500	0.01036
GAA	AAA	GA	-0.06995	0.04905	0.04736	0.06995	0.04574	0.04736
GAA	GTA	AT	-1.89417	0.01580	0.00530	1.89417	0.00238	0.00530
GAA	GCA	AC	-1.23422	0.02712	0.01374	1.23422	0.00789	0.01374
GAA	GAT	AT	-0.40809	0.01580	0.01279	0.40809	0.01051	0.01279
GAA	GAC	AC	0.50930	0.02712	0.03461	-0.50930	0.04513	0.03461
GAG	CAG	GC	-1.27135	0.16510	0.08181	1.27135	0.04630	0.08181
GAG	AAG	GA	0.08099	0.29861	0.31087	-0.08099	0.32380	0.31087
GAG	GTG	AT	-1.63031	0.09618	0.03819	1.63031	0.01884	0.03819
GAG	GCG	AC	-4.72319	0.16510	0.00699	4.72319	0.00147	0.00699
GAG	GAT	GT	-2.13326	0.09618	0.02757	2.13326	0.01139	0.02757
GAG	GAC	GC	-1.21587	0.16510	0.08458	1.21587	0.04894	0.08458
GAG	GAA	GA	-1.72518	0.29861	0.11166	1.72518	0.05320	0.11166
GGT	TGT	GT	1.11894	0.00008	0.00014	-1.11894	0.00025	0.00014
GGT	CGT	GC	2.70388	0.00014	0.00041	-2.70388	0.00213	0.00041
GGT	AGT	GA	1.17971	0.00026	0.00044	-1.17971	0.00084	0.00044
GGT	GTT	GT	-4.42068	0.00008	0.00000	4.42068	0.00000	0.00000
GGT	GCT	GC	4.55363	0.00014	0.00066	-4.55363	0.01356	0.00066
GGT	GAT	GA	4.86302	0.00026	0.00127	-4.86302	0.03341	0.00127
GGC	TGC	GT	-0.66809	0.02048	0.01440	0.66809	0.01050	0.01440
GGC	CGC	GC	-0.78294	0.03516	0.02317	0.78294	0.01607	0.02317
GGC	AGC	GA	-0.43743	0.06360	0.05070	0.43743	0.04106	0.05070
GGC	GTC	GT	-0.87994	0.02048	0.01278	0.87994	0.00850	0.01278
GGC	GCC	GC	0.00731	0.03516	0.03529	-0.00731	0.03542	0.03529
GGC	GAC	GA	0.81404	0.06360	0.09295	-0.81404	0.14353	0.09295
GGC	GGT	CT	-4.96637	0.06007	0.00209	4.96637	0.00042	0.00209
GGA	CGA	GC	-0.60934	0.00737	0.00535	0.60934	0.00401	0.00535
GGA	AGA	GA	-1.96660	0.01334	0.00427	1.96660	0.00187	0.00427
GGA	GTA	GT	-0.51086	0.00430	0.00329	0.51086	0.00258	0.00329
GGA	GCA	GC	0.14908	0.00737	0.00794	-0.14908	0.00856	0.00794
GGA	GAA	GA	1.38331	0.01334	0.02463	-1.38331	0.05320	0.02463
GGA	GGT	AT	-3.88780	0.00430	0.00035	3.88780	0.00009	0.00035
GGA	GGC	AC	1.07857	0.00737	0.01205	-1.07857	0.02169	0.01205
GGG	TGG	GT	-0.14403	0.01330	0.01237	0.14403	0.01152	0.01237
GGG	CGG	GC	-1.16434	0.02284	0.01207	1.16434	0.00713	0.01207
GGG	AGG	GA	-0.45433	0.04131	0.03263	0.45433	0.02622	0.03263
GGG	GTG	GT	0.42891	0.01330	0.01636	-0.42891	0.02043	0.01636
GGG	GCG	GC	-2.66396	0.02284	0.00456	2.66396	0.00159	0.00456
GGG	GAG	GA	2.05922	0.04131	0.09750	-2.05922	0.32384	0.09750
GGG	GGT	GT	-4.93706	0.01330	0.00047	4.93706	0.00010	0.00047
GGG	GGC	GC	0.02931	0.02284	0.02317	-0.02931	0.02352	0.02317
GGG	GGA	GA	-1.04926	0.04131	0.02336	1.04926	0.01447	0.02336


Histograms
2Ns	FMut	FSub(CodonUsage)	FSubw(after w)

-9.36107	0.01009	0.00001
-8.42497	0.00172	0.00000
-7.48886	0.00506	0.00003
-6.55275	0.00123	0.00002
-5.61664	0.00404	0.00012
-4.68054	0.02078	0.00123
-3.74443	0.02020	0.00256
-2.80832	0.12750	0.03368
-1.87221	0.20746	0.10503
-0.93611	0.25722	0.21560
0.00000	0.20189	0.28347
0.93611	0.09927	0.21560
1.87221	0.03478	0.10503
2.80832	0.00809	0.03368
3.74443	0.00048	0.00256
4.68054	0.00018	0.00123
5.61664	0.00001	0.00012
6.55275	0.00000	0.00002
7.48886	0.00000	0.00002
8.42497	0.00000	0.00000
9.36107	0.00000	0.00000

Proportion of advantageous (S > 0) mutations:
 0.23339

Proportions of good & bad mutations (|S| > 2.0000) among mutations:
0.01528  0.24552

mean |Ns| = 1.55795	mean Ns+ = 0.83244	mean Ns- = -1.77883


MLEs of dN/dS (w) for site classes (K=4)

site class             0        1       2a       2b
proportion       0.87777  0.08176  0.03703  0.00345
background w     0.02302  1.00000  0.02302  1.00000
foreground w     0.02302  1.00000  1.00000  1.00000

Naive Empirical Bayes (NEB) probabilities for 4 classes
(amino acids refer to 1st sequence: Bacu)

   1 E   0.96975 0.00913 0.02073 0.00039 ( 1)
   2 S   0.97668 0.00542 0.01767 0.00023 ( 1)
   3 G   0.98031 0.00363 0.01591 0.00015 ( 1)
   4 A   0.96971 0.00915 0.02075 0.00039 ( 1)
   5 G   0.98031 0.00363 0.01591 0.00015 ( 1)
   6 K   0.95581 0.01824 0.02518 0.00077 ( 1)
   7 T   0.97976 0.00387 0.01621 0.00016 ( 1)
   8 V   0.99107 0.00042 0.00849 0.00002 ( 1)
   9 N   0.97385 0.00681 0.01906 0.00029 ( 1)
  10 T   0.98406 0.00217 0.01369 0.00009 ( 1)
  11 K   0.95609 0.01796 0.02519 0.00076 ( 1)
  12 R   0.98896 0.00079 0.01021 0.00003 ( 1)
  13 V   0.99107 0.00042 0.00849 0.00002 ( 1)
  14 I   0.96699 0.01081 0.02174 0.00046 ( 1)
  15 Q   0.96222 0.01385 0.02335 0.00058 ( 1)
  16 Y   0.97948 0.00400 0.01635 0.00017 ( 1)
  17 F   0.94129 0.02893 0.02856 0.00122 ( 1)
  18 A   0.92885 0.03816 0.03139 0.00161 ( 1)
  19 V   0.97041 0.02041 0.00831 0.00086 ( 1)
  20 I   0.94168 0.02862 0.02850 0.00121 ( 1)
  21 A   0.96200 0.01348 0.02395 0.00057 ( 1)
  22 A   0.95878 0.01695 0.02356 0.00071 ( 1)
  23 I   0.94424 0.02629 0.02835 0.00111 ( 1)
  24 G   0.97997 0.00465 0.01518 0.00020 ( 1)
  25 D   0.96030 0.01513 0.02394 0.00064 ( 1)
  26 R   0.97692 0.00521 0.01765 0.00022 ( 1)
  27 S   0.98590 0.00157 0.01246 0.00007 ( 1)
  28 K   0.95581 0.01824 0.02518 0.00077 ( 1)
  29 K   0.96036 0.01590 0.02307 0.00067 ( 1)
  30 E   0.95700 0.01741 0.02485 0.00073 ( 1)
  31 Q   0.01376 0.36287 0.60806 0.01531 ( 3)
  32 T   0.00251 0.95707 0.00004 0.04037 ( 2)
  33 S   0.30163 0.31384 0.37129 0.01324 ( 3)
  34 G   0.97551 0.00592 0.01832 0.00025 ( 1)
  35 K   0.95581 0.01824 0.02518 0.00077 ( 1)
  36 N   0.97251 0.00771 0.01945 0.00033 ( 1)
  37 S   0.98511 0.00192 0.01289 0.00008 ( 1)
  38 F   0.00000 0.95953 0.00000 0.04047 ( 2)
  39 E   0.95974 0.01466 0.02498 0.00062 ( 1)
  40 Q   0.96427 0.01177 0.02346 0.00050 ( 1)
  41 L   0.97038 0.00882 0.02043 0.00037 ( 1)
  42 C   0.98633 0.00107 0.01256 0.00005 ( 1)
  43 I   0.96881 0.00898 0.02184 0.00038 ( 1)
  44 N   0.97520 0.00542 0.01915 0.00023 ( 1)
  45 F   0.97297 0.00660 0.02015 0.00028 ( 1)
  46 T   0.98461 0.00156 0.01376 0.00007 ( 1)
  47 N   0.97543 0.00531 0.01904 0.00022 ( 1)
  48 E   0.95930 0.01510 0.02496 0.00064 ( 1)
  49 K   0.95814 0.01589 0.02530 0.00067 ( 1)
  50 L   0.93227 0.03557 0.03065 0.00150 ( 1)
  51 Q   0.96445 0.01160 0.02346 0.00049 ( 1)
  52 Q   0.96427 0.01177 0.02346 0.00050 ( 1)
  53 F   0.97297 0.00660 0.02015 0.00028 ( 1)
  54 F   0.97297 0.00660 0.02015 0.00028 ( 1)
  55 N   0.97520 0.00542 0.01915 0.00023 ( 1)
  56 H   0.98543 0.00133 0.01318 0.00006 ( 1)
  57 H   0.98543 0.00133 0.01318 0.00006 ( 1)
  58 M   0.97960 0.00338 0.01689 0.00014 ( 1)
  59 F   0.97297 0.00660 0.02015 0.00028 ( 1)
  60 V   0.67881 0.29567 0.01305 0.01247 ( 1)
  61 L   0.93168 0.03588 0.03092 0.00151 ( 1)
  62 E   0.96276 0.01348 0.02320 0.00057 ( 1)
  63 Q   0.96483 0.01153 0.02316 0.00049 ( 1)
  64 E   0.95930 0.01510 0.02496 0.00064 ( 1)
  65 E   0.96828 0.00942 0.02190 0.00040 ( 1)
  66 Y   0.98001 0.00310 0.01676 0.00013 ( 1)
  67 K   0.95814 0.01589 0.02530 0.00067 ( 1)
  68 K   0.95814 0.01589 0.02530 0.00067 ( 1)
  69 E   0.95930 0.01510 0.02496 0.00064 ( 1)
  70 G   0.97673 0.00466 0.01841 0.00020 ( 1)
  71 I   0.96881 0.00898 0.02184 0.00038 ( 1)
  72 E   0.35469 0.23936 0.39585 0.01010 ( 3)
  73 W   0.96432 0.01175 0.02344 0.00050 ( 1)
  74 E   0.22086 0.28900 0.47794 0.01219 ( 3)
  75 F   0.97297 0.00660 0.02015 0.00028 ( 1)
  76 I   0.96881 0.00898 0.02184 0.00038 ( 1)
  77 D   0.97631 0.00487 0.01862 0.00021 ( 1)
  78 F   0.97253 0.00677 0.02041 0.00029 ( 1)
  79 G   0.97677 0.00462 0.01841 0.00019 ( 1)
  80 M   0.51571 0.08011 0.40080 0.00338 ( 1)
  81 D   0.97631 0.00487 0.01862 0.00021 ( 1)
  82 L   0.93168 0.03588 0.03092 0.00151 ( 1)
  83 Q   0.01643 0.94337 0.00040 0.03979 ( 2)
  84 A   0.40639 0.18294 0.40295 0.00772 ( 1)
  85 C   0.98629 0.00110 0.01256 0.00005 ( 1)
  86 I   0.96792 0.00956 0.02212 0.00040 ( 1)
  87 D   0.79444 0.18271 0.01515 0.00771 ( 1)
  88 L   0.97405 0.00612 0.01957 0.00026 ( 1)
  89 I   0.96826 0.00940 0.02195 0.00040 ( 1)
  90 E   0.95891 0.01548 0.02496 0.00065 ( 1)
  91 K   0.95775 0.01628 0.02529 0.00069 ( 1)
  92 P   0.98969 0.00076 0.00952 0.00003 ( 1)
  93 M   0.98246 0.00338 0.01402 0.00014 ( 1)
  94 G   0.97957 0.00467 0.01556 0.00020 ( 1)
  95 I   0.97132 0.00903 0.01926 0.00038 ( 1)
  96 M   0.02855 0.18765 0.77588 0.00792 ( 3)
  97 S   0.98025 0.00434 0.01523 0.00018 ( 1)
  98 I   0.97152 0.00892 0.01918 0.00038 ( 1)
  99 L   0.94563 0.02910 0.02404 0.00123 ( 1)
 100 E   0.96181 0.01502 0.02254 0.00063 ( 1)
 101 E   0.96169 0.01507 0.02260 0.00064 ( 1)
 102 E   0.96169 0.01507 0.02260 0.00064 ( 1)
 103 C   0.98910 0.00109 0.00976 0.00005 ( 1)
 104 M   0.98248 0.00336 0.01402 0.00014 ( 1)
 105 F   0.97575 0.00658 0.01739 0.00028 ( 1)
 106 P   0.99116 0.00063 0.00818 0.00003 ( 1)
 107 K   0.96050 0.01586 0.02297 0.00067 ( 1)
 108 A   0.96904 0.01041 0.02011 0.00044 ( 1)
 109 T   0.99064 0.00074 0.00859 0.00003 ( 1)
 110 D   0.97916 0.00485 0.01578 0.00020 ( 1)
 111 M   0.98248 0.00336 0.01402 0.00014 ( 1)
 112 T   0.98747 0.00154 0.01092 0.00007 ( 1)
 113 F   0.97575 0.00658 0.01739 0.00028 ( 1)
 114 K   0.35742 0.26003 0.37158 0.01097 ( 3)
 115 A   0.93604 0.03383 0.02870 0.00143 ( 1)
 116 K   0.96073 0.01564 0.02297 0.00066 ( 1)
 117 L   0.93477 0.03490 0.02886 0.00147 ( 1)
 118 F   0.00000 0.95953 0.00000 0.04047 ( 2)
 119 D   0.97955 0.00467 0.01558 0.00020 ( 1)
 120 N   0.02339 0.23585 0.73081 0.00995 ( 3)
 121 H   0.98853 0.00125 0.01017 0.00005 ( 1)
 122 L   0.93369 0.03548 0.02934 0.00150 ( 1)
 123 G   0.98154 0.00392 0.01438 0.00017 ( 1)
 124 K   0.96302 0.01440 0.02197 0.00061 ( 1)
 125 S   0.98215 0.00365 0.01404 0.00015 ( 1)
 126 S   0.00000 0.95953 0.00000 0.04047 ( 2)
 127 N   0.98027 0.00439 0.01516 0.00019 ( 1)
 128 F   0.97811 0.00543 0.01623 0.00023 ( 1)
 129 Q   0.96999 0.00981 0.01978 0.00041 ( 1)
 130 K   0.96378 0.01366 0.02198 0.00058 ( 1)
 131 P   0.96568 0.02542 0.00782 0.00107 ( 1)
 132 R   0.97941 0.00476 0.01564 0.00020 ( 1)
 133 N   0.98452 0.00243 0.01295 0.00010 ( 1)
 134 I   0.47734 0.15256 0.36366 0.00644 ( 1)
 135 K   0.96389 0.01355 0.02199 0.00057 ( 1)
 136 G   0.98601 0.00197 0.01194 0.00008 ( 1)
 137 K   0.00001 0.93804 0.02238 0.03957 ( 2)
 138 P   0.99193 0.00049 0.00756 0.00002 ( 1)
 139 E   0.97688 0.00592 0.01695 0.00025 ( 1)
 140 A   0.97208 0.00853 0.01902 0.00036 ( 1)
 141 H   0.98983 0.00089 0.00925 0.00004 ( 1)
 142 F   0.97839 0.00517 0.01623 0.00022 ( 1)
 143 S   0.98253 0.00328 0.01405 0.00014 ( 1)
 144 L   0.93661 0.03315 0.02885 0.00140 ( 1)
 145 I   0.00175 0.95661 0.00129 0.04035 ( 2)
 146 H   0.98983 0.00089 0.00925 0.00004 ( 1)
 147 Y   0.98020 0.00566 0.01390 0.00024 ( 1)
 148 A   0.97027 0.00931 0.02003 0.00039 ( 1)
 149 G   0.98194 0.00353 0.01439 0.00015 ( 1)
 150 T   0.98798 0.00144 0.01052 0.00006 ( 1)
 151 V   0.98128 0.00380 0.01475 0.00016 ( 1)
 152 D   0.98143 0.00378 0.01463 0.00016 ( 1)
 153 Y   0.98533 0.00220 0.01238 0.00009 ( 1)
 154 N   0.98050 0.00416 0.01517 0.00018 ( 1)
 155 I   0.97439 0.00724 0.01807 0.00031 ( 1)
 156 I   0.06640 0.07266 0.85787 0.00307 ( 3)
 157 G   0.98214 0.00349 0.01423 0.00015 ( 1)
 158 W   0.97001 0.00973 0.01984 0.00041 ( 1)
 159 L   0.96485 0.01278 0.02183 0.00054 ( 1)
 160 Q   0.67045 0.30269 0.01409 0.01277 ( 1)
 161 K   0.97290 0.00799 0.01878 0.00034 ( 1)
 162 N   0.98050 0.00416 0.01517 0.00018 ( 1)
 163 K   0.97395 0.00747 0.01826 0.00032 ( 1)
 164 D   0.98154 0.00370 0.01461 0.00016 ( 1)
 165 P   0.99211 0.00044 0.00743 0.00002 ( 1)
 166 L   0.97963 0.00457 0.01561 0.00019 ( 1)
 167 N   0.98089 0.00378 0.01517 0.00016 ( 1)
 168 E   0.96505 0.01281 0.02160 0.00054 ( 1)
 169 T   0.98552 0.00214 0.01224 0.00009 ( 1)
 170 V   0.98392 0.00294 0.01301 0.00012 ( 1)
 171 V   0.98128 0.00380 0.01475 0.00016 ( 1)
 172 E   0.02283 0.93718 0.00046 0.03953 ( 2)
 173 L   0.99137 0.00057 0.00803 0.00002 ( 1)
 174 Y   0.98533 0.00220 0.01238 0.00009 ( 1)
 175 K   0.61265 0.35858 0.01364 0.01513 ( 1)
 176 K   0.96970 0.00993 0.01995 0.00042 ( 1)
 177 S   0.98253 0.00328 0.01405 0.00014 ( 1)
 178 S   0.98423 0.00235 0.01332 0.00010 ( 1)
 179 L   0.35032 0.14565 0.49788 0.00614 ( 3)
 180 K   0.96132 0.01452 0.02356 0.00061 ( 1)
 181 M   0.00000 0.95952 0.00000 0.04047 ( 2)
 182 L   0.97006 0.00805 0.02155 0.00034 ( 1)
 183 S   0.87790 0.10271 0.01505 0.00433 ( 1)
 184 T   0.13268 0.72953 0.10702 0.03077 ( 2)
 185 L   0.92702 0.03952 0.03178 0.00167 ( 1)
 186 F   0.93929 0.02962 0.02984 0.00125 ( 1)
 187 A   0.96168 0.01330 0.02445 0.00056 ( 1)
 188 N   0.97106 0.00747 0.02115 0.00032 ( 1)
 189 Y   0.95040 0.02122 0.02748 0.00090 ( 1)
 190 A   0.92215 0.04353 0.03249 0.00184 ( 1)
 191 G   0.97713 0.00421 0.01849 0.00018 ( 1)
 192 F   0.93886 0.03005 0.02982 0.00127 ( 1)
 193 D   0.97226 0.00680 0.02065 0.00029 ( 1)
 194 S   0.68733 0.28541 0.01522 0.01204 ( 1)
 195 Y   0.98324 0.00258 0.01407 0.00011 ( 1)
 196 R   0.98080 0.00365 0.01539 0.00015 ( 1)
 197 I   0.97211 0.00787 0.01970 0.00033 ( 1)
 198 L   0.93431 0.03447 0.02977 0.00145 ( 1)
 199 N   0.97843 0.00452 0.01686 0.00019 ( 1)
 200 P   0.99035 0.00055 0.00907 0.00002 ( 1)
 201 A   0.97474 0.00637 0.01862 0.00027 ( 1)
 202 A   0.96991 0.00909 0.02062 0.00038 ( 1)
 203 I   0.97223 0.00774 0.01970 0.00033 ( 1)
 204 P   0.99131 0.00041 0.00827 0.00002 ( 1)
 205 E   0.96287 0.01349 0.02308 0.00057 ( 1)
 206 G   0.97990 0.00385 0.01609 0.00016 ( 1)
 207 Q   0.96779 0.01035 0.02142 0.00044 ( 1)
 208 F   0.97627 0.00558 0.01791 0.00024 ( 1)
 209 I   0.94774 0.02409 0.02715 0.00102 ( 1)
 210 D   0.97948 0.00404 0.01631 0.00017 ( 1)
 211 S   0.98891 0.00082 0.01023 0.00003 ( 1)
 212 R   0.99151 0.00037 0.00810 0.00002 ( 1)
 213 K   0.97179 0.00799 0.01988 0.00034 ( 1)
 214 G   0.98410 0.00218 0.01363 0.00009 ( 1)
 215 S   0.00000 0.95950 0.00003 0.04047 ( 2)
 216 E   0.96287 0.01349 0.02308 0.00057 ( 1)
 217 K   0.96171 0.01424 0.02344 0.00060 ( 1)
 218 L   0.93480 0.03398 0.02979 0.00143 ( 1)
 219 L   0.93693 0.03264 0.02905 0.00138 ( 1)
 220 G   0.53143 0.08973 0.37506 0.00378 ( 1)
 221 S   0.98051 0.00359 0.01576 0.00015 ( 1)
 222 L   0.93480 0.03398 0.02979 0.00143 ( 1)
 223 D   0.97948 0.00404 0.01631 0.00017 ( 1)
 224 I   0.95109 0.02255 0.02541 0.00095 ( 1)
 225 D   0.97948 0.00404 0.01631 0.00017 ( 1)
 226 H   0.98809 0.00101 0.01086 0.00004 ( 1)
 227 N   0.97843 0.00452 0.01686 0.00019 ( 1)
 228 Q   0.96779 0.01035 0.02142 0.00044 ( 1)
 229 Y   0.98338 0.00244 0.01408 0.00010 ( 1)
 230 K   0.96171 0.01424 0.02344 0.00060 ( 1)
 231 F   0.97589 0.00570 0.01818 0.00024 ( 1)
 232 G   0.97990 0.00385 0.01609 0.00016 ( 1)
 233 H   0.98809 0.00101 0.01086 0.00004 ( 1)
 234 T   0.98732 0.00120 0.01143 0.00005 ( 1)
 235 K   0.96171 0.01424 0.02344 0.00060 ( 1)
 236 D   0.54894 0.08883 0.35848 0.00375 ( 1)
 237 S   0.02925 0.17829 0.78494 0.00752 ( 3)
 238 L   0.93983 0.03135 0.02749 0.00132 ( 1)
 239 L   0.93940 0.03157 0.02770 0.00133 ( 1)
 240 V   0.99134 0.00061 0.00802 0.00003 ( 1)
 241 I   0.97516 0.00692 0.01762 0.00029 ( 1)
 242 Q   0.97078 0.00939 0.01944 0.00040 ( 1)
 243 W   0.97083 0.00936 0.01942 0.00039 ( 1)
 244 N   0.98156 0.00358 0.01471 0.00015 ( 1)
 245 I   0.95065 0.02275 0.02564 0.00096 ( 1)
 246 R   0.99224 0.00046 0.00728 0.00002 ( 1)
 247 A   0.97288 0.00819 0.01858 0.00035 ( 1)
 248 F   0.97911 0.00491 0.01577 0.00021 ( 1)
 249 M   0.98520 0.00232 0.01238 0.00010 ( 1)
 250 G   0.81976 0.16379 0.00954 0.00691 ( 1)
 251 V   0.99496 0.00013 0.00490 0.00001 ( 1)
 252 K   0.96475 0.01311 0.02159 0.00055 ( 1)
 253 N   0.98234 0.00349 0.01403 0.00015 ( 1)
 254 W   0.97083 0.00936 0.01942 0.00039 ( 1)
 255 P   0.99312 0.00033 0.00653 0.00001 ( 1)
 256 W   0.97083 0.00936 0.01942 0.00039 ( 1)
 257 M   0.98520 0.00232 0.01238 0.00010 ( 1)
 258 K   0.96475 0.01311 0.02159 0.00055 ( 1)
 259 L   0.98033 0.00434 0.01515 0.00018 ( 1)
 260 Y   0.98593 0.00206 0.01192 0.00009 ( 1)
 261 F   0.97907 0.00495 0.01577 0.00021 ( 1)
 262 K   0.96475 0.01311 0.02159 0.00055 ( 1)
 263 I   0.97516 0.00692 0.01762 0.00029 ( 1)
 264 K   0.97472 0.00716 0.01782 0.00030 ( 1)
 265 P   0.99234 0.00044 0.00720 0.00002 ( 1)
 266 L   0.94017 0.03039 0.02816 0.00128 ( 1)
 267 L   0.93951 0.03055 0.02865 0.00129 ( 1)
 268 K   0.96475 0.01311 0.02159 0.00055 ( 1)
 269 S   0.99189 0.00050 0.00759 0.00002 ( 1)
 270 A   0.97762 0.00564 0.01650 0.00024 ( 1)
 271 E   0.96590 0.01238 0.02120 0.00052 ( 1)
 272 T   0.12064 0.77366 0.07308 0.03263 ( 2)
 273 E   0.96590 0.01238 0.02120 0.00052 ( 1)
 274 K   0.96475 0.01311 0.02159 0.00055 ( 1)
 275 E   0.97597 0.00624 0.01752 0.00026 ( 1)
 276 I   0.00053 0.95170 0.00763 0.04014 ( 2)
 277 A   0.97288 0.00819 0.01858 0.00035 ( 1)
 278 L   0.00000 0.95953 0.00000 0.04047 ( 2)
 279 M   0.98520 0.00232 0.01238 0.00010 ( 1)
 280 K   0.96475 0.01311 0.02159 0.00055 ( 1)
 281 E   0.96590 0.01238 0.02120 0.00052 ( 1)
 282 E   0.96590 0.01238 0.02120 0.00052 ( 1)
 283 F   0.95029 0.02302 0.02572 0.00097 ( 1)
 284 G   0.98660 0.00184 0.01149 0.00008 ( 1)
 285 R   0.98380 0.00285 0.01323 0.00012 ( 1)
 286 L   0.98033 0.00434 0.01515 0.00018 ( 1)
 287 K   0.97472 0.00716 0.01782 0.00030 ( 1)
 288 E   0.96590 0.01238 0.02120 0.00052 ( 1)
 289 A   0.01627 0.92388 0.02088 0.03897 ( 2)
 290 L   0.93743 0.03261 0.02859 0.00138 ( 1)
 291 E   0.96590 0.01238 0.02120 0.00052 ( 1)
 292 K   0.96475 0.01311 0.02159 0.00055 ( 1)
 293 S   0.98672 0.00208 0.01112 0.00009 ( 1)
 294 E   0.96590 0.01238 0.02120 0.00052 ( 1)
 295 A   0.35371 0.60934 0.01125 0.02570 ( 2)
 296 R   0.99147 0.00157 0.00689 0.00007 ( 1)
 297 R   0.98380 0.00285 0.01323 0.00012 ( 1)
 298 K   0.96475 0.01311 0.02159 0.00055 ( 1)
 299 E   0.39487 0.22055 0.37527 0.00930 ( 1)
 300 L   0.93743 0.03261 0.02859 0.00138 ( 1)
 301 E   0.96590 0.01238 0.02120 0.00052 ( 1)
 302 E   0.96596 0.01236 0.02116 0.00052 ( 1)
 303 K   0.96475 0.01311 0.02159 0.00055 ( 1)
 304 M   0.98520 0.00232 0.01238 0.00010 ( 1)
 305 V   0.98200 0.00359 0.01426 0.00015 ( 1)
 306 S   0.98319 0.00309 0.01359 0.00013 ( 1)
 307 L   0.93743 0.03261 0.02859 0.00138 ( 1)
 308 L   0.93743 0.03261 0.02859 0.00138 ( 1)
 309 Q   0.97078 0.00939 0.01944 0.00040 ( 1)
 310 E   0.96590 0.01238 0.02120 0.00052 ( 1)
 311 K   0.96475 0.01311 0.02159 0.00055 ( 1)
 312 N   0.98893 0.00196 0.00904 0.00008 ( 1)
 313 D   0.98221 0.00350 0.01415 0.00015 ( 1)
 314 L   0.93769 0.03235 0.02860 0.00136 ( 1)
 315 Q   0.97078 0.00939 0.01944 0.00040 ( 1)
 316 L   0.98033 0.00434 0.01515 0.00018 ( 1)
 317 Q   0.98411 0.00272 0.01306 0.00011 ( 1)
 318 V   0.59149 0.10843 0.29551 0.00457 ( 1)
 319 Q   0.97051 0.00965 0.01943 0.00041 ( 1)
 320 -   0.96232 0.01657 0.02041 0.00070 ( 1)
 321 E   0.97229 0.00866 0.01869 0.00037 ( 1)
 322 Q   0.97975 0.00472 0.01533 0.00020 ( 1)
 323 D   0.97756 0.00580 0.01640 0.00024 ( 1)
 324 N   0.97688 0.00628 0.01658 0.00026 ( 1)
 325 L   0.93200 0.03717 0.02926 0.00157 ( 1)
 326 A   0.00671 0.55974 0.40994 0.02361 ( 2)
 327 D   0.96267 0.01461 0.02211 0.00062 ( 1)
 328 A   0.98829 0.00057 0.01112 0.00002 ( 1)
 329 E   0.97229 0.00866 0.01869 0.00037 ( 1)
 330 E   0.96554 0.01370 0.02018 0.00058 ( 1)
 331 R   0.97942 0.00488 0.01549 0.00021 ( 1)
 332 C   0.98954 0.00107 0.00935 0.00004 ( 1)
 333 D   0.97756 0.00580 0.01640 0.00024 ( 1)
 334 Q   0.96463 0.01333 0.02148 0.00056 ( 1)
 335 L   0.93093 0.03776 0.02972 0.00159 ( 1)
 336 I   0.96953 0.01028 0.01975 0.00043 ( 1)
 337 K   0.95824 0.01757 0.02345 0.00074 ( 1)
 338 N   0.97636 0.00642 0.01695 0.00027 ( 1)
 339 K   0.95824 0.01757 0.02345 0.00074 ( 1)
 340 I   0.96953 0.01028 0.01975 0.00043 ( 1)
 341 Q   0.96466 0.01330 0.02148 0.00056 ( 1)
 342 L   0.93166 0.03736 0.02941 0.00158 ( 1)
 343 E   0.95946 0.01674 0.02309 0.00071 ( 1)
 344 A   0.96702 0.01182 0.02066 0.00050 ( 1)
 345 K   0.95826 0.01755 0.02345 0.00074 ( 1)
 346 V   0.97903 0.00421 0.01658 0.00018 ( 1)
 347 K   0.96149 0.01437 0.02353 0.00061 ( 1)
 348 E   0.03676 0.92341 0.00088 0.03895 ( 2)
 349 M   0.85476 0.12712 0.01275 0.00536 ( 1)
 350 T   0.98707 0.00132 0.01155 0.00006 ( 1)
 351 E   0.96264 0.01361 0.02317 0.00057 ( 1)
 352 R   0.50144 0.47439 0.00416 0.02001 ( 1)
 353 L   0.39449 0.56891 0.01260 0.02400 ( 2)
 354 E   0.32129 0.64382 0.00773 0.02716 ( 2)
 355 D   0.73179 0.24558 0.01227 0.01036 ( 1)
 356 E   0.03147 0.92861 0.00075 0.03917 ( 2)
 357 E   0.61709 0.35319 0.01483 0.01490 ( 1)
 358 E   0.96264 0.01361 0.02317 0.00057 ( 1)
 359 M   0.86928 0.11299 0.01297 0.00477 ( 1)
 360 N   0.85699 0.12581 0.01190 0.00531 ( 1)
 361 A   0.96961 0.00928 0.02072 0.00039 ( 1)
 362 E   0.59929 0.37065 0.01442 0.01563 ( 1)
 363 L   0.97977 0.00488 0.01515 0.00021 ( 1)
 364 T   0.98619 0.00194 0.01178 0.00008 ( 1)
 365 A   0.05313 0.90757 0.00101 0.03828 ( 2)
 366 K   0.96169 0.01611 0.02152 0.00068 ( 1)
 367 K   0.96169 0.01611 0.02152 0.00068 ( 1)
 368 R   0.98214 0.00423 0.01345 0.00018 ( 1)
 369 K   0.96169 0.01611 0.02152 0.00068 ( 1)
 370 L   0.93383 0.03617 0.02848 0.00153 ( 1)
 371 E   0.97558 0.00763 0.01647 0.00032 ( 1)
 372 D   0.98007 0.00558 0.01411 0.00024 ( 1)
 373 E   0.96291 0.01531 0.02113 0.00065 ( 1)
 374 C   0.99055 0.00115 0.00825 0.00005 ( 1)
 375 S   0.98594 0.00269 0.01126 0.00011 ( 1)
 376 E   0.96291 0.01531 0.02113 0.00065 ( 1)
 377 L   0.97859 0.00603 0.01513 0.00025 ( 1)
 378 K   0.96169 0.01611 0.02152 0.00068 ( 1)
 379 R   0.99314 0.00055 0.00629 0.00002 ( 1)
 380 D   0.98065 0.00502 0.01412 0.00021 ( 1)
 381 I   0.94703 0.02632 0.02554 0.00111 ( 1)
 382 D   0.96613 0.01325 0.02006 0.00056 ( 1)
 383 D   0.82969 0.15196 0.01195 0.00641 ( 1)
 384 L   0.01416 0.94553 0.00043 0.03988 ( 2)
 385 E   0.96583 0.01245 0.02120 0.00052 ( 1)
 386 L   0.93734 0.03269 0.02859 0.00138 ( 1)
 387 T   0.98665 0.00189 0.01139 0.00008 ( 1)
 388 L   0.01423 0.94546 0.00043 0.03988 ( 2)
 389 A   0.97292 0.00815 0.01858 0.00034 ( 1)
 390 K   0.96468 0.01318 0.02158 0.00056 ( 1)
 391 V   0.98252 0.00305 0.01430 0.00013 ( 1)
 392 E   0.62136 0.35023 0.01364 0.01477 ( 1)
 393 K   0.03450 0.92572 0.00073 0.03905 ( 2)
 394 E   0.96616 0.01213 0.02120 0.00051 ( 1)
 395 K   0.60193 0.36903 0.01347 0.01557 ( 1)
 396 H   0.99066 0.00049 0.00883 0.00002 ( 1)
 397 A   0.81081 0.16908 0.01297 0.00713 ( 1)
 398 T   0.97875 0.00595 0.01505 0.00025 ( 1)
 399 E   0.96291 0.01531 0.02113 0.00065 ( 1)
 400 N   0.83406 0.14723 0.01250 0.00621 ( 1)
 401 K   0.03793 0.92232 0.00085 0.03890 ( 2)
 402 L   0.93610 0.03330 0.02919 0.00140 ( 1)
 403 E   0.96438 0.01294 0.02214 0.00055 ( 1)
 404 G   0.97977 0.00425 0.01580 0.00018 ( 1)
 405 S   0.98187 0.00334 0.01465 0.00014 ( 1)
 406 L   0.93648 0.03310 0.02902 0.00140 ( 1)
 407 E   0.96482 0.01277 0.02187 0.00054 ( 1)
 408 Q   0.96972 0.00973 0.02014 0.00041 ( 1)
 409 E   0.96532 0.01254 0.02161 0.00053 ( 1)
 410 K   0.96367 0.01352 0.02225 0.00057 ( 1)
 411 K   0.96374 0.01344 0.02225 0.00057 ( 1)
 412 V   0.98100 0.00379 0.01505 0.00016 ( 1)
 413 R   0.96941 0.01300 0.01704 0.00055 ( 1)
 414 M   0.98430 0.00246 0.01313 0.00010 ( 1)
 415 D   0.98126 0.00369 0.01490 0.00016 ( 1)
 416 L   0.93669 0.03299 0.02893 0.00139 ( 1)
 417 E   0.97515 0.00635 0.01823 0.00027 ( 1)
 418 R   0.96860 0.01040 0.02056 0.00044 ( 1)
 419 A   0.97183 0.00850 0.01930 0.00036 ( 1)
 420 K   0.96367 0.01352 0.02225 0.00057 ( 1)
 421 R   0.99129 0.00051 0.00817 0.00002 ( 1)
 422 K   0.96387 0.01344 0.02212 0.00057 ( 1)
 423 L   0.97982 0.00349 0.01654 0.00015 ( 1)
 424 E   0.96483 0.01276 0.02187 0.00054 ( 1)
 425 G   0.98628 0.00256 0.01105 0.00011 ( 1)
 426 D   0.98116 0.00371 0.01497 0.00016 ( 1)
 427 L   0.93965 0.03048 0.02858 0.00129 ( 1)
 428 K   0.96367 0.01352 0.02225 0.00057 ( 1)
 429 L   0.93648 0.03310 0.02902 0.00140 ( 1)
 430 T   0.98883 0.00105 0.01007 0.00004 ( 1)
 431 Q   0.96972 0.00973 0.02014 0.00041 ( 1)
 432 E   0.96482 0.01277 0.02187 0.00054 ( 1)
 433 S   0.99033 0.00072 0.00892 0.00003 ( 1)
 434 I   0.06659 0.89446 0.00121 0.03773 ( 2)
 435 M   0.98430 0.00246 0.01313 0.00010 ( 1)
 436 D   0.97093 0.00938 0.01929 0.00040 ( 1)
 437 L   0.94170 0.02966 0.02739 0.00125 ( 1)
 438 E   0.96482 0.01277 0.02187 0.00054 ( 1)
 439 N   0.98022 0.00415 0.01546 0.00017 ( 1)
 440 D   0.83431 0.14598 0.01355 0.00616 ( 1)
 441 K   0.96367 0.01352 0.02225 0.00057 ( 1)
 442 Q   0.04170 0.91862 0.00093 0.03875 ( 2)
 443 Q   0.96972 0.00973 0.02014 0.00041 ( 1)
 444 L   0.93661 0.03297 0.02902 0.00139 ( 1)
 445 D   0.96229 0.01377 0.02336 0.00058 ( 1)
 446 E   0.95908 0.01595 0.02429 0.00067 ( 1)
 447 R   0.98839 0.00091 0.01066 0.00004 ( 1)
 448 L   0.96155 0.01428 0.02357 0.00060 ( 1)
 449 K   0.96838 0.00992 0.02128 0.00042 ( 1)


lnL = -4392.802262

