Supplemental results for CODEML (seqf: /home/leticiamagpali/phd/evol_models/codeml/small_dataset/cml_align/CASQ2_codon_aligned.phy  treef: /home/leticiamagpali/phd/evol_models/codeml/small_dataset/cml_trees/H3_trees/CASQ2_tree_H3.tre)

I	J	ij	2Ns_IJ	pMut_IJ	pSub_IJ	2Ns_JI	pMut_JI	pSub_JI

TTC	TTT	CT	0.58183	0.12450	0.16421	-0.58183	0.22277	0.16421
TTA	TTT	AT	6.15342	0.00008	0.00051	-6.15342	0.03879	0.00051
TTA	TTC	AC	5.57159	0.00011	0.00061	-5.57159	0.02889	0.00061
TTG	TTT	GT	0.82151	0.01650	0.02419	-0.82151	0.03751	0.02419
TTG	TTC	GC	0.23968	0.02198	0.02472	-0.23968	0.02794	0.02472
TTG	TTA	GA	-5.33191	0.10890	0.00282	5.33191	0.00053	0.00282
TCT	TTT	CT	1.80844	0.03651	0.07898	-1.80844	0.22277	0.07898
TCC	TTC	CT	1.56311	0.03476	0.06872	-1.56311	0.16591	0.06872
TCC	TCT	CT	0.33650	0.03476	0.04093	-0.33650	0.04866	0.04093
TCA	TTA	CT	-3.72023	0.02420	0.00224	3.72023	0.00059	0.00224
TCA	TCT	AT	0.62476	0.00454	0.00610	-0.62476	0.00847	0.00610
TCA	TCC	AC	0.28826	0.00605	0.00696	-0.28826	0.00807	0.00696
TCG	TTG	CT	4.89228	0.00088	0.00434	-4.89228	0.11725	0.00434
TCG	TCT	GT	3.90535	0.00016	0.00066	-3.90535	0.00819	0.00066
TCG	TCC	GC	3.56885	0.00022	0.00081	-3.56885	0.00780	0.00081
TCG	TCA	GA	3.28059	0.00109	0.00371	-3.28059	0.02896	0.00371
TAT	TTT	AT	1.21895	0.01147	0.01984	-1.21895	0.03879	0.01984
TAT	TCT	AC	-0.58949	0.01528	0.01121	0.58949	0.00847	0.01121
TAC	TTC	AT	0.55043	0.01666	0.02167	-0.55043	0.02889	0.02167
TAC	TCC	AC	-1.01267	0.02220	0.01283	1.01267	0.00807	0.01283
TAC	TAT	CT	-0.08669	0.08887	0.08507	0.08669	0.08149	0.08507
TGT	TTT	GT	3.81725	0.00082	0.00322	-3.81725	0.03751	0.00322
TGT	TCT	GC	2.00881	0.00110	0.00255	-2.00881	0.00819	0.00255
TGT	TAT	GA	2.59830	0.00545	0.01529	-2.59830	0.07319	0.01529
TGC	TTC	GT	1.97496	0.00388	0.00889	-1.97496	0.02794	0.00889
TGC	TCC	GC	0.41185	0.00517	0.00630	-0.41185	0.00780	0.00630
TGC	TAC	GA	1.42453	0.02559	0.04801	-1.42453	0.10636	0.04801
TGC	TGT	CT	-1.26046	0.02068	0.01031	1.26046	0.00586	0.01031
TGG	TTG	GT	0.61044	0.01072	0.01433	-0.61044	0.01974	0.01433
TGG	TCG	GC	-4.28183	0.01429	0.00086	4.28183	0.00020	0.00086
TGG	TGT	GT	-2.38529	0.01072	0.00259	2.38529	0.00099	0.00259
TGG	TGC	GC	-1.12483	0.01429	0.00773	1.12483	0.00464	0.00773
CTT	TTT	CT	1.57332	0.04619	0.09169	-1.57332	0.22277	0.09169
CTC	TTC	CT	1.03471	0.05895	0.09462	-1.03471	0.16591	0.09462
CTC	CTT	CT	0.04323	0.05895	0.06024	-0.04323	0.06156	0.06024
CTA	TTA	CT	-4.09492	0.03520	0.00244	4.09492	0.00059	0.00244
CTA	CTT	AT	0.48519	0.00660	0.00833	-0.48519	0.01072	0.00833
CTA	CTC	AC	0.44196	0.00879	0.01088	-0.44196	0.01368	0.01088
CTG	TTG	CT	-0.34947	0.16630	0.13893	0.34947	0.11725	0.13893
CTG	CTT	GT	-1.10127	0.03118	0.01710	1.10127	0.01037	0.01710
CTG	CTC	GC	-1.14450	0.04155	0.02221	1.14450	0.01323	0.02221
CTG	CTA	GA	-1.58646	0.20582	0.08402	1.58646	0.04212	0.08402
CCT	TCT	CT	0.36214	0.03388	0.04038	-0.36214	0.04866	0.04038
CCT	CTT	CT	0.59726	0.03388	0.04499	-0.59726	0.06156	0.04499
CCC	TCC	CT	-0.43720	0.07171	0.05717	0.43720	0.04631	0.05717
CCC	CTC	CT	0.09120	0.07171	0.07503	-0.09120	0.07856	0.07503
CCC	CCT	CT	-0.46284	0.07171	0.05639	0.46284	0.04514	0.05639
CCA	TCA	CT	-0.76816	0.06951	0.04620	0.76816	0.03224	0.04620
CCA	CTA	CT	-0.39346	0.06951	0.05673	0.39346	0.04690	0.05673
CCA	CCT	AT	-0.50554	0.01303	0.01001	0.50554	0.00786	0.01001
CCA	CCC	AC	-0.04270	0.01737	0.01700	0.04270	0.01664	0.01700
CCG	TCG	CT	-2.31558	0.01188	0.00301	2.31558	0.00117	0.00301
CCG	CTG	CT	2.92616	0.01188	0.03673	-2.92616	0.22160	0.03673
CCG	CCT	GT	1.22763	0.00223	0.00387	-1.22763	0.00760	0.00387
CCG	CCC	GC	1.69047	0.00297	0.00615	-1.69047	0.01609	0.00615
CCG	CCA	GA	1.73317	0.01470	0.03095	-1.73317	0.08319	0.03095
CAT	TAT	CT	0.77893	0.03739	0.05383	-0.77893	0.08149	0.05383
CAT	CTT	AT	0.42456	0.00701	0.00860	-0.42456	0.01072	0.00860
CAT	CCT	AC	-0.17270	0.00934	0.00856	0.17270	0.00786	0.00856
CAC	TAC	CT	1.22593	0.03476	0.06031	-1.22593	0.11842	0.06031
CAC	CTC	AT	0.74165	0.00652	0.00923	-0.74165	0.01368	0.00923
CAC	CCC	AC	0.65045	0.00868	0.01181	-0.65045	0.01664	0.01181
CAC	CAT	CT	0.36031	0.03476	0.04139	-0.36031	0.04983	0.04139
CAA	CTA	AT	0.29121	0.00610	0.00704	-0.29121	0.00817	0.00704
CAA	CCA	AC	0.68468	0.00813	0.01123	-0.68468	0.01613	0.01123
CAA	CAT	AT	0.35184	0.00610	0.00724	-0.35184	0.00868	0.00724
CAA	CAC	AC	-0.00847	0.00813	0.00810	0.00847	0.00807	0.00810
CAG	CTG	AT	1.02418	0.01386	0.02214	-1.02418	0.03859	0.02214
CAG	CCG	AC	-1.90198	0.01847	0.00616	1.90198	0.00276	0.00616
CAG	CAT	GT	-0.50165	0.01386	0.01067	0.50165	0.00839	0.01067
CAG	CAC	GC	-0.86196	0.01847	0.01164	0.86196	0.00780	0.01164
CAG	CAA	GA	-0.85349	0.09148	0.05793	0.85349	0.03896	0.05793
CGT	TGT	CT	-0.24352	0.00748	0.00661	0.24352	0.00586	0.00661
CGT	CTT	GT	2.00041	0.00140	0.00324	-2.00041	0.01037	0.00324
CGT	CCT	GC	1.40315	0.00187	0.00348	-1.40315	0.00760	0.00348
CGT	CAT	GA	1.57585	0.00926	0.01839	-1.57585	0.04475	0.01839
CGC	TGC	CT	-0.59894	0.05015	0.03662	0.59894	0.02755	0.03662
CGC	CTC	GT	0.34130	0.00940	0.01110	-0.34130	0.01323	0.01110
CGC	CCC	GC	0.25011	0.01253	0.01416	-0.25011	0.01609	0.01416
CGC	CAC	GA	-0.40034	0.06207	0.05048	0.40034	0.04160	0.05048
CGC	CGT	CT	-1.61588	0.05015	0.02010	1.61588	0.00997	0.02010
CGA	CTA	GT	9.15394	0.00000	0.00000	-9.15394	0.00790	0.00001
CGA	CCA	GC	9.54740	0.00000	0.00000	-9.54740	0.01560	0.00001
CGA	CAA	GA	8.86273	0.00000	0.00000	-8.86273	0.03896	0.00005
CGA	CGT	AT	7.63872	0.00000	0.00000	-7.63872	0.00174	0.00001
CGA	CGC	AC	9.25460	0.00000	0.00000	-9.25460	0.01164	0.00001
CGG	TGG	CT	1.89654	0.01144	0.02552	-1.89654	0.07621	0.02552
CGG	CTG	GT	2.85646	0.00214	0.00650	-2.85646	0.03731	0.00650
CGG	CCG	GC	-0.06971	0.00286	0.00276	0.06971	0.00267	0.00276
CGG	CAG	GA	1.83228	0.01416	0.03088	-1.83228	0.08846	0.03088
CGG	CGT	GT	-0.24522	0.00214	0.00189	0.24522	0.00168	0.00189
CGG	CGC	GC	1.37066	0.00286	0.00525	-1.37066	0.01125	0.00525
CGG	CGA	GA	-7.88394	0.01416	0.00004	7.88394	0.00000	0.00000
ATT	TTT	AT	0.63196	0.02062	0.02782	-0.63196	0.03879	0.02782
ATT	CTT	AC	-0.94135	0.02748	0.01654	0.94135	0.01072	0.01654
ATC	TTC	AT	0.17512	0.02425	0.02644	-0.17512	0.02889	0.02644
ATC	CTC	AC	-0.85959	0.03231	0.02039	0.85959	0.01368	0.02039
ATC	ATT	CT	0.12499	0.12934	0.13759	-0.12499	0.14656	0.13759
ATA	TTA	AT	-3.18794	0.00247	0.00034	3.18794	0.00010	0.00034
ATA	CTA	AC	0.90698	0.00330	0.00502	-0.90698	0.00817	0.00502
ATA	ATT	AT	2.33352	0.00247	0.00639	-2.33352	0.02552	0.00639
ATA	ATC	AC	2.20853	0.00330	0.00818	-2.20853	0.03001	0.00818
ATG	TTG	AT	0.67529	0.01039	0.01429	-0.67529	0.02042	0.01429
ATG	CTG	AC	1.02476	0.01385	0.02214	-1.02476	0.03859	0.02214
ATG	ATT	GT	0.86484	0.01039	0.01553	-0.86484	0.02468	0.01553
ATG	ATC	GC	0.73985	0.01385	0.01960	-0.73985	0.02902	0.01960
ATG	ATA	GA	-1.46868	0.06861	0.03014	1.46868	0.01580	0.03014
ACT	TCT	AT	-0.03135	0.00874	0.00861	0.03135	0.00847	0.00861
ACT	CCT	AC	-0.39349	0.01165	0.00951	0.39349	0.00786	0.00951
ACT	ATT	CT	1.14513	0.04663	0.07832	-1.14513	0.14656	0.07832
ACC	TCC	AT	0.14005	0.00701	0.00751	-0.14005	0.00807	0.00751
ACC	CCC	AC	0.57725	0.00934	0.01230	-0.57725	0.01664	0.01230
ACC	ATC	CT	1.52804	0.03739	0.07297	-1.52804	0.17236	0.07297
ACC	ACT	CT	0.50789	0.03739	0.04769	-0.50789	0.06214	0.04769
ACA	TCA	AT	-0.60773	0.01031	0.00749	0.60773	0.00561	0.00749
ACA	CCA	AC	0.16043	0.01374	0.01487	-0.16043	0.01613	0.01487
ACA	ATA	CT	-1.14001	0.05499	0.02948	1.14001	0.01759	0.02948
ACA	ACT	AT	0.04838	0.01031	0.01056	-0.04838	0.01082	0.01056
ACA	ACC	AC	-0.45952	0.01374	0.01082	0.45952	0.00868	0.01082
ACG	TCG	AT	-2.38944	0.00223	0.00054	2.38944	0.00020	0.00054
ACG	CCG	AC	-0.07385	0.00297	0.00286	0.07385	0.00276	0.00286
ACG	ATG	CT	1.82755	0.01188	0.02587	-1.82755	0.07387	0.02587
ACG	ACT	GT	1.54726	0.00223	0.00438	-1.54726	0.01046	0.00438
ACG	ACC	GC	1.03937	0.00297	0.00477	-1.03937	0.00839	0.00477
ACG	ACA	GA	1.49888	0.01470	0.02837	-1.49888	0.06582	0.02837
AAT	TAT	AT	0.33554	0.01015	0.01194	-0.33554	0.01419	0.01194
AAT	CAT	AC	-0.44339	0.01352	0.01074	0.44339	0.00868	0.01074
AAT	ATT	AT	0.92253	0.01015	0.01553	-0.92253	0.02552	0.01553
AAT	ACT	AC	-0.22260	0.01352	0.01207	0.22260	0.01082	0.01207
AAC	TAC	AT	0.25883	0.01592	0.01807	-0.25883	0.02062	0.01807
AAC	CAC	AC	-0.96710	0.02121	0.01258	0.96710	0.00807	0.01258
AAC	ATC	AT	0.63414	0.01592	0.02150	-0.63414	0.03001	0.02150
AAC	ACC	AC	-0.89389	0.02121	0.01313	0.89389	0.00868	0.01313
AAC	AAT	CT	-0.16340	0.08491	0.07816	0.16340	0.07211	0.07816
AAA	CAA	AC	-1.34952	0.02913	0.01377	1.34952	0.00755	0.01377
AAA	ATA	AT	-1.96528	0.02186	0.00700	1.96528	0.00306	0.00700
AAA	ACA	AC	-0.82527	0.02913	0.01874	0.82527	0.01276	0.01874
AAA	AAT	AT	-0.55429	0.02186	0.01636	0.55429	0.01256	0.01636
AAA	AAC	AC	-0.39089	0.02913	0.02380	0.39089	0.01970	0.02380
AAG	CAG	AC	-1.00667	0.04693	0.02721	1.00667	0.01715	0.02721
AAG	ATG	AT	-1.00725	0.03522	0.02041	1.00725	0.01286	0.02041
AAG	ACG	AC	-2.83480	0.04693	0.00830	2.83480	0.00276	0.00830
AAG	AAT	GT	-1.06494	0.03522	0.01973	1.06494	0.01214	0.01973
AAG	AAC	GC	-0.90154	0.04693	0.02891	0.90154	0.01905	0.02891
AAG	AAA	GA	-0.51065	0.23251	0.17817	0.51065	0.13953	0.17817
AGT	TGT	AT	-2.60216	0.01377	0.00287	2.60216	0.00102	0.00287
AGT	CGT	AC	-2.35863	0.01836	0.00452	2.35863	0.00174	0.00452
AGT	ATT	GT	0.58313	0.01377	0.01818	-0.58313	0.02468	0.01818
AGT	ACT	GC	-0.56200	0.01836	0.01368	0.56200	0.01046	0.01368
AGT	AAT	GA	-0.33940	0.09093	0.07637	0.33940	0.06476	0.07637
AGC	TGC	AT	-0.18509	0.00577	0.00526	0.18509	0.00480	0.00526
AGC	CGC	AC	0.41385	0.00769	0.00940	-0.41385	0.01164	0.00940
AGC	ATC	GT	1.61475	0.00577	0.01164	-1.61475	0.02902	0.01164
AGC	ACC	GC	0.08671	0.00769	0.00803	-0.08671	0.00839	0.00803
AGC	AAC	GA	0.98060	0.03812	0.05981	-0.98060	0.10162	0.05981
AGC	AGT	CT	1.15661	0.03080	0.05196	-1.15661	0.09790	0.05196
AGA	CGA	AC	-8.40378	0.00462	0.00001	8.40378	0.00000	0.00000
AGA	ATA	GT	-0.15681	0.00346	0.00320	0.15681	0.00296	0.00320
AGA	ACA	GC	0.98320	0.00462	0.00725	-0.98320	0.01234	0.00725
AGA	AAA	GA	1.80847	0.02287	0.04947	-1.80847	0.13953	0.04947
AGA	AGT	AT	1.59358	0.00346	0.00693	-1.59358	0.01705	0.00693
AGA	AGC	AC	0.43697	0.00462	0.00570	-0.43697	0.00715	0.00570
AGG	TGG	AT	1.03774	0.00470	0.00756	-1.03774	0.01327	0.00756
AGG	CGG	AC	-0.85881	0.00627	0.00396	0.85881	0.00265	0.00396
AGG	ATG	GT	0.97289	0.00470	0.00735	-0.97289	0.01244	0.00735
AGG	ACG	GC	-0.85466	0.00627	0.00396	0.85466	0.00267	0.00396
AGG	AAG	GA	1.98014	0.03104	0.07130	-1.98014	0.22483	0.07130
AGG	AGT	GT	1.25460	0.00470	0.00825	-1.25460	0.01649	0.00825
AGG	AGC	GC	0.09800	0.00627	0.00658	-0.09800	0.00691	0.00658
AGG	AGA	GA	-0.33897	0.03104	0.02607	0.33897	0.02211	0.02607
GTT	TTT	GT	0.88872	0.01542	0.02328	-0.88872	0.03751	0.02328
GTT	CTT	GC	-0.68459	0.02055	0.01431	0.68459	0.01037	0.01431
GTT	ATT	GA	0.25676	0.10182	0.11545	-0.25676	0.13163	0.11545
GTC	TTC	GT	0.71312	0.01369	0.01915	-0.71312	0.02794	0.01915
GTC	CTC	GC	-0.32159	0.01825	0.01547	0.32159	0.01323	0.01547
GTC	ATC	GA	0.53800	0.09039	0.11687	-0.53800	0.15480	0.11687
GTC	GTT	CT	0.40623	0.07303	0.08886	-0.40623	0.10963	0.08886
GTA	TTA	GT	-2.81607	0.00165	0.00030	2.81607	0.00010	0.00030
GTA	CTA	GC	1.27885	0.00220	0.00390	-1.27885	0.00790	0.00390
GTA	ATA	GA	0.37187	0.01089	0.01304	-0.37187	0.01580	0.01304
GTA	GTT	AT	2.44863	0.00165	0.00442	-2.44863	0.01909	0.00442
GTA	GTC	AC	2.04240	0.00220	0.00516	-2.04240	0.01695	0.00516
GTG	TTG	GT	-0.38565	0.02903	0.02379	0.38565	0.01974	0.02379
GTG	CTG	GC	-0.03618	0.03869	0.03799	0.03618	0.03731	0.03799
GTG	ATG	GA	-1.06094	0.19167	0.10764	1.06094	0.06634	0.10764
GTG	GTT	GT	-0.45286	0.02903	0.02295	0.45286	0.01846	0.02295
GTG	GTC	GC	-0.85909	0.03869	0.02442	0.85909	0.01639	0.02442
GTG	GTA	GA	-2.90149	0.19167	0.03233	2.90149	0.01053	0.03233
GCT	TCT	GT	-0.70480	0.01658	0.01142	0.70480	0.00819	0.01142
GCT	CCT	GC	-1.06695	0.02209	0.01236	1.06695	0.00760	0.01236
GCT	ACT	GA	-0.67346	0.10945	0.07670	0.67346	0.05581	0.07670
GCT	GTT	CT	0.21491	0.08843	0.09827	-0.21491	0.10963	0.09827
GCC	TCC	GT	-0.14224	0.00899	0.00837	0.14224	0.00780	0.00837
GCC	CCC	GC	0.29496	0.01198	0.01383	-0.29496	0.01609	0.01383
GCC	ACC	GA	-0.28229	0.05935	0.05137	0.28229	0.04475	0.05137
GCC	GTC	CT	0.70775	0.04795	0.06691	-0.70775	0.09732	0.06691
GCC	GCT	CT	0.89906	0.04795	0.07270	-0.89906	0.11784	0.07270
GCA	TCA	GT	-0.47645	0.00874	0.00683	0.47645	0.00543	0.00683
GCA	CCA	GC	0.29171	0.01165	0.01343	-0.29171	0.01560	0.01343
GCA	ACA	GA	0.13128	0.05772	0.06159	-0.13128	0.06582	0.06159
GCA	GTA	CT	-1.38060	0.04663	0.02162	1.38060	0.01172	0.02162
GCA	GCT	AT	0.85312	0.00874	0.01300	-0.85312	0.02052	0.01300
GCA	GCC	AC	-0.04594	0.01165	0.01139	0.04594	0.01113	0.01139
GCG	TCG	GT	-3.45793	0.00627	0.00070	3.45793	0.00020	0.00070
GCG	CCG	GC	-1.14234	0.00835	0.00447	1.14234	0.00267	0.00447
GCG	ACG	GA	-1.06849	0.04138	0.02314	1.06849	0.01422	0.02314
GCG	GTG	CT	1.82000	0.03344	0.07262	-1.82000	0.20636	0.07262
GCG	GCT	GT	1.15223	0.00627	0.01056	-1.15223	0.01984	0.01056
GCG	GCC	GC	0.25317	0.00835	0.00946	-0.25317	0.01076	0.00946
GCG	GCA	GA	0.29911	0.04138	0.04788	-0.29911	0.05581	0.04788
GAT	TAT	GT	-1.48301	0.06046	0.02632	1.48301	0.01372	0.02632
GAT	CAT	GC	-2.26194	0.08057	0.02119	2.26194	0.00839	0.02119
GAT	AAT	GA	-1.81855	0.39913	0.14059	1.81855	0.06476	0.14059
GAT	GTT	AT	-1.15278	0.06046	0.03216	1.15278	0.01909	0.03216
GAT	GCT	AC	-1.36769	0.08057	0.03766	1.36769	0.02052	0.03766
GAC	TAC	GT	-1.26434	0.07061	0.03513	1.26434	0.01994	0.03513
GAC	CAC	GC	-2.49027	0.09409	0.02118	2.49027	0.00780	0.02118
GAC	AAC	GA	-1.52317	0.46610	0.19794	1.52317	0.10162	0.19794
GAC	GTC	AT	-1.42703	0.07061	0.03182	1.42703	0.01695	0.03182
GAC	GCC	AC	-2.13478	0.09409	0.02694	2.13478	0.01113	0.02694
GAC	GAT	CT	0.13198	0.37659	0.40198	-0.13198	0.42972	0.40198
GAA	CAA	GC	-1.89921	0.04880	0.01632	1.89921	0.00731	0.01632
GAA	AAA	GA	-0.54969	0.24176	0.18137	0.54969	0.13953	0.18137
GAA	GTA	AT	-2.88684	0.03662	0.00624	2.88684	0.00204	0.00624
GAA	GCA	AC	-1.50624	0.04880	0.02094	1.50624	0.01082	0.02094
GAA	GAT	AT	0.71457	0.03662	0.05125	-0.71457	0.07483	0.05125
GAA	GAC	AC	0.58259	0.04880	0.06439	-0.58259	0.08739	0.06439
GAG	CAG	GC	-1.72045	0.09266	0.03475	1.72045	0.01658	0.03475
GAG	AAG	GA	-0.71378	0.45902	0.31453	0.71378	0.22483	0.31453
GAG	GTG	AT	-0.66008	0.06953	0.04909	0.66008	0.03594	0.04909
GAG	GCG	AC	-2.48009	0.09266	0.02100	2.48009	0.00776	0.02100
GAG	GAT	GT	0.03984	0.06953	0.07093	-0.03984	0.07236	0.07093
GAG	GAC	GC	-0.09214	0.09266	0.08845	0.09214	0.08450	0.08845
GAG	GAA	GA	-0.67473	0.45902	0.32145	0.67473	0.23378	0.32145
GGT	TGT	GT	-1.54311	0.00462	0.00194	1.54311	0.00099	0.00194
GGT	CGT	GC	-1.29958	0.00616	0.00300	1.29958	0.00168	0.00300
GGT	AGT	GA	1.05905	0.03049	0.04944	-1.05905	0.08793	0.04944
GGT	GTT	GT	1.38542	0.00462	0.00853	-1.38542	0.01846	0.00853
GGT	GCT	GC	1.17051	0.00616	0.01044	-1.17051	0.01984	0.01044
GGT	GAT	GA	2.53820	0.03049	0.08404	-2.53820	0.38594	0.08404
GGC	TGC	GT	-0.75768	0.00990	0.00662	0.75768	0.00464	0.00662
GGC	CGC	GC	-0.15874	0.01319	0.01217	0.15874	0.01125	0.01217
GGC	AGC	GA	-0.57259	0.06534	0.04841	0.57259	0.03686	0.04841
GGC	GTC	GT	0.50416	0.00990	0.01260	-0.50416	0.01639	0.01260
GGC	GCC	GC	-0.20359	0.01319	0.01189	0.20359	0.01076	0.01189
GGC	GAC	GA	1.93119	0.06534	0.14758	-1.93119	0.45070	0.14758
GGC	GGT	CT	-0.47503	0.05279	0.04124	0.47503	0.03283	0.04124
GGA	CGA	GC	-8.72505	0.00616	0.00001	8.72505	0.00000	0.00000
GGA	AGA	GA	-0.32127	0.03049	0.02586	0.32127	0.02211	0.02586
GGA	GTA	GT	-0.84996	0.00462	0.00293	0.84996	0.00197	0.00293
GGA	GCA	GC	0.53064	0.00616	0.00793	-0.53064	0.01046	0.00793
GGA	GAA	GA	2.03688	0.03049	0.07143	-2.03688	0.23378	0.07143
GGA	GGT	AT	0.21325	0.00462	0.00513	-0.21325	0.00572	0.00513
GGA	GGC	AC	0.68829	0.00616	0.00851	-0.68829	0.01225	0.00851
GGG	TGG	GT	0.24317	0.01006	0.01134	-0.24317	0.01283	0.01134
GGG	CGG	GC	-1.65337	0.01341	0.00525	1.65337	0.00257	0.00525
GGG	AGG	GA	-0.79456	0.06643	0.04350	0.79456	0.03001	0.04350
GGG	GTG	GT	1.23927	0.01006	0.01755	-1.23927	0.03475	0.01755
GGG	GCG	GC	-0.58073	0.01341	0.00989	0.58073	0.00750	0.00989
GGG	GAG	GA	1.89935	0.06643	0.14838	-1.89935	0.44386	0.14838
GGG	GGT	GT	-0.59901	0.01006	0.00735	0.59901	0.00553	0.00735
GGG	GGC	GC	-0.12398	0.01341	0.01260	0.12398	0.01185	0.01260
GGG	GGA	GA	-0.81226	0.06643	0.04306	0.81226	0.02949	0.04306


Histograms
2Ns	FMut	FSub(CodonUsage)	FSubw(after w)

-9.09276	0.00373	0.00001
-8.18349	0.00087	0.00000
-7.27421	0.00008	0.00000
-6.36494	0.00181	0.00003
-5.45566	0.00641	0.00020
-4.54638	0.00776	0.00045
-3.63711	0.00537	0.00069
-2.72783	0.05971	0.01509
-1.81855	0.23713	0.11106
-0.90928	0.26604	0.22087
0.00000	0.24225	0.30323
0.90928	0.12238	0.22087
1.81855	0.04200	0.11106
2.72783	0.00420	0.01509
3.63711	0.00015	0.00069
4.54638	0.00008	0.00045
5.45566	0.00003	0.00020
6.36494	0.00000	0.00003
7.27421	0.00000	0.00000
8.18349	0.00000	0.00000
9.09276	0.00000	0.00000

Proportion of advantageous (S > 0) mutations:
 0.27653

Proportions of good & bad mutations (|S| > 2.0000) among mutations:
0.00715  0.10780

mean |Ns| = 1.16166	mean Ns+ = 0.71992	mean Ns- = -1.33051


MLEs of dN/dS (w) for site classes (K=4)

site class             0        1       2a       2b
proportion       0.72300  0.22316  0.04114  0.01270
background w     0.03215  1.00000  0.03215  1.00000
foreground w     0.03215  1.00000  5.65167  5.65167

Naive Empirical Bayes (NEB) probabilities for 4 classes
(amino acids refer to 1st sequence: Bbon)

   1 M   0.88302 0.10819 0.00751 0.00129 ( 1)
   2 K   0.14337 0.83348 0.00289 0.02026 ( 2)
   3 R   0.15721 0.56207 0.24199 0.03872 ( 2)
   4 T   0.87595 0.11420 0.00836 0.00150 ( 1)
   5 H   0.22373 0.76740 0.00147 0.00740 ( 2)
   6 L   0.75727 0.20183 0.03192 0.00898 ( 1)
   7 F   0.79135 0.17861 0.02397 0.00607 ( 1)
   8 V   0.80530 0.16875 0.02091 0.00505 ( 1)
   9 M   0.13342 0.83804 0.00346 0.02508 ( 2)
  10 A   0.12500 0.56033 0.26447 0.05020 ( 2)
  11 V   0.85524 0.13096 0.01151 0.00228 ( 1)
  12 Y   0.81277 0.16340 0.01930 0.00454 ( 1)
  13 L   0.75727 0.20183 0.03192 0.00898 ( 1)
  14 L   0.75727 0.20183 0.03192 0.00898 ( 1)
  15 S   0.88077 0.11020 0.00769 0.00134 ( 1)
  16 S   0.88077 0.11020 0.00769 0.00134 ( 1)
  17 C   0.90394 0.09040 0.00492 0.00074 ( 1)
  18 R   0.90659 0.08810 0.00462 0.00069 ( 1)
  19 A   0.83328 0.14806 0.01532 0.00333 ( 1)
  20 E   0.07747 0.50347 0.33727 0.08179 ( 2)
  21 E   0.80396 0.16959 0.02129 0.00516 ( 1)
  22 G   0.87541 0.11468 0.00840 0.00151 ( 1)
  23 L   0.76285 0.19982 0.02913 0.00819 ( 1)
  24 N   0.14520 0.58296 0.23060 0.04124 ( 2)
  25 F   0.81002 0.16536 0.01990 0.00473 ( 1)
  26 P   0.82479 0.15444 0.01695 0.00381 ( 1)
  27 T   0.87595 0.11420 0.00836 0.00150 ( 1)
  28 Y   0.81491 0.16192 0.01879 0.00439 ( 1)
  29 D   0.79182 0.17819 0.02394 0.00605 ( 1)
  30 G   0.87856 0.11205 0.00798 0.00141 ( 1)
  31 K   0.15027 0.82660 0.00303 0.02010 ( 2)
  32 D   0.79256 0.17788 0.02360 0.00596 ( 1)
  33 R   0.82899 0.15156 0.01591 0.00354 ( 1)
  34 V   0.80732 0.16720 0.02056 0.00492 ( 1)
  35 V   0.85631 0.13035 0.01114 0.00221 ( 1)
  36 S   0.82190 0.15685 0.01730 0.00395 ( 1)
  37 L   0.80921 0.16645 0.01964 0.00470 ( 1)
  38 T   0.87689 0.11363 0.00804 0.00144 ( 1)
  39 E   0.80479 0.16922 0.02092 0.00507 ( 1)
  40 K   0.82710 0.15298 0.01628 0.00364 ( 1)
  41 N   0.87739 0.11316 0.00802 0.00143 ( 1)
  42 F   0.81089 0.16495 0.01952 0.00464 ( 1)
  43 K   0.82710 0.15298 0.01628 0.00364 ( 1)
  44 Q   0.80490 0.16965 0.02048 0.00498 ( 1)
  45 V   0.85493 0.13142 0.01138 0.00227 ( 1)
  46 L   0.06038 0.46072 0.37824 0.10066 ( 2)
  47 K   0.82710 0.15298 0.01628 0.00364 ( 1)
  48 K   0.82875 0.15171 0.01599 0.00355 ( 1)
  49 Y   0.08315 0.51431 0.32587 0.07667 ( 2)
  50 D   0.79256 0.17788 0.02360 0.00596 ( 1)
  51 L   0.77664 0.18960 0.02665 0.00711 ( 1)
  52 L   0.86071 0.12718 0.01013 0.00198 ( 1)
  53 C   0.90820 0.08663 0.00451 0.00066 ( 1)
  54 L   0.86095 0.12694 0.01013 0.00198 ( 1)
  55 Y   0.81255 0.16408 0.01889 0.00448 ( 1)
  56 Y   0.08265 0.51617 0.32427 0.07691 ( 2)
  57 H   0.85819 0.12919 0.01053 0.00208 ( 1)
  58 E   0.80379 0.17022 0.02089 0.00510 ( 1)
  59 P   0.82452 0.15519 0.01654 0.00375 ( 1)
  60 V   0.12786 0.84402 0.00326 0.02486 ( 2)
  61 S   0.87011 0.11954 0.00872 0.00163 ( 1)
  62 S   0.84668 0.14231 0.00897 0.00203 ( 1)
  63 D   0.78463 0.18372 0.02512 0.00653 ( 1)
  64 K   0.82749 0.15296 0.01596 0.00358 ( 1)
  65 A   0.00646 0.97692 0.00008 0.01654 ( 2)
  66 A   0.00015 0.64000 0.05113 0.30872 ( 2)
  67 Q   0.80390 0.17064 0.02046 0.00501 ( 1)
  68 K   0.82749 0.15296 0.01596 0.00358 ( 1)
  69 Q   0.02430 0.29999 0.54287 0.13284 ( 3)
  70 F   0.08501 0.52902 0.31142 0.07456 ( 2)
  71 Q   0.80500 0.17017 0.01996 0.00487 ( 1)
  72 M   0.00012 0.83886 0.00062 0.16040 ( 2)
  73 K   0.82749 0.15296 0.01596 0.00358 ( 1)
  74 E   0.80764 0.16789 0.01969 0.00477 ( 1)
  75 I   0.81203 0.16476 0.01874 0.00448 ( 1)
  76 V   0.81464 0.16529 0.01611 0.00396 ( 1)
  77 L   0.75666 0.20271 0.03166 0.00896 ( 1)
  78 E   0.80245 0.17155 0.02085 0.00514 ( 1)
  79 F   0.77884 0.18380 0.02982 0.00755 ( 1)
  80 D   0.11213 0.84732 0.00448 0.03606 ( 2)
  81 E   0.79420 0.17252 0.02688 0.00640 ( 1)
  82 E   0.79420 0.17252 0.02688 0.00640 ( 1)
  83 G   0.85423 0.12667 0.01619 0.00291 ( 1)
  84 S   0.80436 0.16497 0.02497 0.00570 ( 1)
  85 L   0.75038 0.20423 0.03542 0.00996 ( 1)
  86 Y   0.79896 0.16907 0.02592 0.00605 ( 1)
  87 V   0.15368 0.82019 0.00361 0.02252 ( 2)
  88 L   0.84064 0.13772 0.01812 0.00352 ( 1)
  89 K   0.80894 0.16157 0.02410 0.00539 ( 1)
  90 G   0.89356 0.09482 0.01019 0.00143 ( 1)
  91 D   0.77325 0.18784 0.03092 0.00799 ( 1)
  92 R   0.81060 0.16031 0.02381 0.00529 ( 1)
  93 T   0.80676 0.16319 0.02452 0.00554 ( 1)
  94 I   0.80897 0.16153 0.02411 0.00539 ( 1)
  95 E   0.78967 0.17585 0.02775 0.00673 ( 1)
  96 F   0.77884 0.18380 0.02982 0.00755 ( 1)
  97 D   0.77325 0.18784 0.03092 0.00799 ( 1)
  98 G   0.85740 0.12415 0.01569 0.00277 ( 1)
  99 E   0.78967 0.17585 0.02775 0.00673 ( 1)
 100 F   0.77884 0.18380 0.02982 0.00755 ( 1)
 101 A   0.81893 0.15523 0.02122 0.00462 ( 1)
 102 A   0.81399 0.15775 0.02319 0.00508 ( 1)
 103 D   0.77325 0.18784 0.03092 0.00799 ( 1)
 104 V   0.83534 0.14142 0.01939 0.00384 ( 1)
 105 L   0.76584 0.19339 0.03220 0.00857 ( 1)
 106 V   0.79074 0.17510 0.02752 0.00665 ( 1)
 107 E   0.78967 0.17585 0.02775 0.00673 ( 1)
 108 F   0.77906 0.18357 0.02983 0.00754 ( 1)
 109 L   0.84110 0.13696 0.01840 0.00354 ( 1)
 110 L   0.76584 0.19339 0.03220 0.00857 ( 1)
 111 D   0.77772 0.18500 0.02970 0.00758 ( 1)
 112 L   0.16949 0.81516 0.00210 0.01325 ( 2)
 113 I   0.09332 0.54554 0.29354 0.06760 ( 2)
 114 E   0.80610 0.16896 0.02006 0.00488 ( 1)
 115 D   0.78925 0.18075 0.02386 0.00614 ( 1)
 116 P   0.81312 0.16486 0.01774 0.00428 ( 1)
 117 V   0.80530 0.16875 0.02091 0.00505 ( 1)
 118 E   0.80396 0.16959 0.02129 0.00516 ( 1)
 119 I   0.81372 0.16260 0.01918 0.00450 ( 1)
 120 I   0.81372 0.16260 0.01918 0.00450 ( 1)
 121 N   0.19532 0.79230 0.00189 0.01049 ( 2)
 122 S   0.88928 0.10300 0.00662 0.00110 ( 1)
 123 K   0.82778 0.15220 0.01638 0.00364 ( 1)
 124 L   0.75727 0.20183 0.03192 0.00898 ( 1)
 125 E   0.80925 0.16582 0.02013 0.00479 ( 1)
 126 V   0.85524 0.13096 0.01151 0.00228 ( 1)
 127 Q   0.80519 0.16954 0.02034 0.00493 ( 1)
 128 A   0.85901 0.12798 0.01089 0.00212 ( 1)
 129 F   0.79135 0.17861 0.02397 0.00607 ( 1)
 130 E   0.80396 0.16959 0.02129 0.00516 ( 1)
 131 R   0.82802 0.15205 0.01631 0.00362 ( 1)
 132 I   0.82614 0.15342 0.01671 0.00374 ( 1)
 133 E   0.80396 0.16959 0.02129 0.00516 ( 1)
 134 D   0.79181 0.17819 0.02394 0.00605 ( 1)
 135 H   0.85865 0.12830 0.01092 0.00213 ( 1)
 136 I   0.81372 0.16260 0.01918 0.00450 ( 1)
 137 K   0.82778 0.15220 0.01638 0.00364 ( 1)
 138 L   0.86142 0.12604 0.01052 0.00202 ( 1)
 139 I   0.81439 0.16194 0.01920 0.00448 ( 1)
 140 G   0.87856 0.11205 0.00798 0.00141 ( 1)
 141 F   0.79135 0.17861 0.02397 0.00607 ( 1)
 142 F   0.81002 0.16536 0.01990 0.00473 ( 1)
 143 K   0.82614 0.15346 0.01667 0.00373 ( 1)
 144 S   0.82096 0.15731 0.01769 0.00404 ( 1)
 145 E   0.80400 0.16955 0.02129 0.00516 ( 1)
 146 D   0.79181 0.17819 0.02394 0.00605 ( 1)
 147 S   0.82604 0.15379 0.01648 0.00369 ( 1)
 148 -   0.79608 0.17744 0.02108 0.00540 ( 1)
 149 -   0.12100 0.84714 0.00359 0.02827 ( 2)
 150 Y   0.81040 0.16622 0.01884 0.00454 ( 1)
 151 K   0.82343 0.15663 0.01621 0.00373 ( 1)
 152 A   0.82894 0.15248 0.01517 0.00342 ( 1)
 153 F   0.78955 0.18083 0.02355 0.00607 ( 1)
 154 E   0.80698 0.16855 0.01968 0.00479 ( 1)
 155 E   0.80182 0.17218 0.02084 0.00516 ( 1)
 156 A   0.83040 0.15141 0.01486 0.00333 ( 1)
 157 A   0.82894 0.15248 0.01517 0.00342 ( 1)
 158 E   0.80698 0.16855 0.01968 0.00479 ( 1)
 159 H   0.85518 0.13219 0.01049 0.00213 ( 1)
 160 F   0.80773 0.16811 0.01944 0.00473 ( 1)
 161 Q   0.80194 0.17259 0.02041 0.00506 ( 1)
 162 P   0.87810 0.11344 0.00716 0.00130 ( 1)
 163 Y   0.81040 0.16622 0.01884 0.00454 ( 1)
 164 I   0.81133 0.16545 0.01872 0.00449 ( 1)
 165 K   0.82503 0.15541 0.01592 0.00364 ( 1)
 166 F   0.78955 0.18083 0.02355 0.00607 ( 1)
 167 F   0.78955 0.18083 0.02355 0.00607 ( 1)
 168 A   0.82894 0.15248 0.01517 0.00342 ( 1)
 169 T   0.86850 0.12137 0.00851 0.00162 ( 1)
 170 F   0.80773 0.16811 0.01944 0.00473 ( 1)
 171 D   0.79000 0.18043 0.02352 0.00605 ( 1)
 172 K   0.82503 0.15541 0.01592 0.00364 ( 1)
 173 G   0.87162 0.11885 0.00802 0.00151 ( 1)
 174 V   0.83717 0.14879 0.01141 0.00262 ( 1)
 175 A   0.81881 0.16262 0.01494 0.00364 ( 1)
 176 K   0.81249 0.16719 0.01628 0.00404 ( 1)
 177 K   0.81394 0.16613 0.01599 0.00395 ( 1)
 178 L   0.76912 0.19685 0.02661 0.00743 ( 1)
 179 S   0.86170 0.12932 0.00742 0.00156 ( 1)
 180 L   0.76912 0.19685 0.02661 0.00743 ( 1)
 181 K   0.81249 0.16719 0.01628 0.00404 ( 1)
 182 M   0.86377 0.12748 0.00725 0.00150 ( 1)
 183 N   0.88045 0.11348 0.00509 0.00098 ( 1)
 184 E   0.79301 0.18063 0.02088 0.00547 ( 1)
 185 V   0.83719 0.14877 0.01141 0.00262 ( 1)
 186 D   0.78243 0.18767 0.02355 0.00635 ( 1)
 187 F   0.79833 0.17714 0.01949 0.00504 ( 1)
 188 Y   0.80259 0.17433 0.01839 0.00470 ( 1)
 189 E   0.79301 0.18063 0.02088 0.00547 ( 1)
 190 P   0.79576 0.17875 0.02023 0.00526 ( 1)
 191 F   0.78204 0.18801 0.02358 0.00636 ( 1)
 192 M   0.86377 0.12748 0.00725 0.00150 ( 1)
 193 D   0.78223 0.18788 0.02354 0.00635 ( 1)
 194 E   0.79301 0.18063 0.02088 0.00547 ( 1)
 195 P   0.81130 0.16802 0.01655 0.00412 ( 1)
 196 I   0.81249 0.16715 0.01631 0.00405 ( 1)
 197 A   0.84181 0.14524 0.01056 0.00238 ( 1)
 198 I   0.80156 0.17485 0.01878 0.00481 ( 1)
 199 P   0.83544 0.15000 0.01184 0.00272 ( 1)
 200 D   0.78167 0.18799 0.02390 0.00644 ( 1)
 201 K   0.13282 0.84400 0.00268 0.02050 ( 2)
 202 P   0.81031 0.16853 0.01695 0.00422 ( 1)
 203 Y   0.79983 0.17595 0.01927 0.00495 ( 1)
 204 T   0.80932 0.16923 0.01717 0.00429 ( 1)
 205 E   0.79675 0.17794 0.02011 0.00520 ( 1)
 206 E   0.11927 0.85133 0.00320 0.02620 ( 2)
 207 E   0.79172 0.18145 0.02124 0.00558 ( 1)
 208 L   0.84342 0.14398 0.01029 0.00231 ( 1)
 209 V   0.79290 0.18077 0.02086 0.00547 ( 1)
 210 E   0.11966 0.85094 0.00321 0.02619 ( 2)
 211 F   0.78111 0.18851 0.02392 0.00646 ( 1)
 212 V   0.79118 0.18248 0.02082 0.00552 ( 1)
 213 K   0.80881 0.17037 0.01661 0.00420 ( 1)
 214 E   0.79003 0.18314 0.02120 0.00564 ( 1)
 215 H   0.87007 0.12278 0.00593 0.00122 ( 1)
 216 Q   0.79124 0.18312 0.02025 0.00538 ( 1)
 217 -   0.80525 0.16094 0.02776 0.00605 ( 1)
 218 -   0.76672 0.19073 0.03377 0.00879 ( 1)
 219 -   0.79285 0.17094 0.02938 0.00683 ( 1)
 220 -   0.77171 0.19169 0.02887 0.00772 ( 1)
 221 -   0.09906 0.54369 0.29339 0.06386 ( 2)
 222 -   0.78316 0.18401 0.02608 0.00674 ( 1)
 223 -   0.75190 0.20518 0.03341 0.00952 ( 1)
 224 -   0.78316 0.18401 0.02608 0.00674 ( 1)
 225 -   0.77010 0.19284 0.02919 0.00786 ( 1)
 226 -   0.77140 0.19199 0.02886 0.00774 ( 1)
 227 -   0.75679 0.20172 0.03240 0.00909 ( 1)
 228 -   0.82191 0.15613 0.01792 0.00403 ( 1)
 229 -   0.76065 0.19918 0.03144 0.00872 ( 1)
 230 -   0.77041 0.19215 0.02952 0.00792 ( 1)
 231 -   0.78038 0.18591 0.02673 0.00697 ( 1)
 232 -   0.75216 0.20488 0.03344 0.00952 ( 1)
 233 E   0.81012 0.16542 0.01975 0.00470 ( 1)
 234 D   0.78542 0.18293 0.02514 0.00650 ( 1)
 235 D   0.78542 0.18293 0.02514 0.00650 ( 1)
 236 L   0.77694 0.18930 0.02666 0.00710 ( 1)
 237 N   0.87712 0.11343 0.00802 0.00143 ( 1)
 238 G   0.87650 0.11399 0.00807 0.00145 ( 1)
 239 I   0.81462 0.16218 0.01880 0.00441 ( 1)
 240 H   0.89655 0.09696 0.00560 0.00090 ( 1)
 241 I   0.82710 0.15293 0.01631 0.00365 ( 1)
 242 V   0.80614 0.16837 0.02053 0.00496 ( 1)
 243 A   0.86008 0.12735 0.01052 0.00205 ( 1)
 244 F   0.79410 0.17735 0.02278 0.00577 ( 1)
 245 A   0.86256 0.12480 0.01062 0.00202 ( 1)
 246 E   0.80479 0.16922 0.02092 0.00507 ( 1)
 247 R   0.90688 0.08810 0.00437 0.00066 ( 1)
 248 S   0.82190 0.15685 0.01730 0.00395 ( 1)
 249 D   0.78542 0.18293 0.02514 0.00650 ( 1)
 250 P   0.80796 0.16693 0.02026 0.00486 ( 1)
 251 D   0.78474 0.18321 0.02547 0.00659 ( 1)
 252 G   0.87856 0.11205 0.00798 0.00141 ( 1)
 253 Y   0.81396 0.16269 0.01891 0.00444 ( 1)
 254 E   0.80396 0.16959 0.02129 0.00516 ( 1)
 255 F   0.81002 0.16536 0.01990 0.00473 ( 1)
 256 L   0.75727 0.20183 0.03192 0.00898 ( 1)
 257 E   0.80396 0.16959 0.02129 0.00516 ( 1)
 258 I   0.81372 0.16260 0.01918 0.00450 ( 1)
 259 L   0.75727 0.20183 0.03192 0.00898 ( 1)
 260 K   0.82614 0.15346 0.01667 0.00373 ( 1)
 261 Q   0.80403 0.17006 0.02084 0.00507 ( 1)
 262 V   0.85387 0.13203 0.01176 0.00234 ( 1)
 263 A   0.83179 0.14917 0.01563 0.00342 ( 1)
 264 R   0.91009 0.08479 0.00447 0.00064 ( 1)
 265 D   0.79182 0.17819 0.02394 0.00605 ( 1)
 266 N   0.87603 0.11412 0.00836 0.00149 ( 1)
 267 T   0.89294 0.09901 0.00696 0.00110 ( 1)
 268 D   0.79182 0.17819 0.02394 0.00605 ( 1)
 269 N   0.87603 0.11412 0.00836 0.00149 ( 1)
 270 P   0.85319 0.13264 0.01181 0.00236 ( 1)
 271 D   0.79182 0.17819 0.02394 0.00605 ( 1)
 272 L   0.76661 0.19678 0.02868 0.00793 ( 1)
 273 S   0.88928 0.10300 0.00662 0.00110 ( 1)
 274 I   0.81400 0.16232 0.01919 0.00449 ( 1)
 275 V   0.21391 0.77750 0.00135 0.00724 ( 2)
 276 W   0.77676 0.18899 0.02707 0.00719 ( 1)
 277 I   0.81372 0.16260 0.01918 0.00450 ( 1)
 278 D   0.79182 0.17819 0.02394 0.00605 ( 1)
 279 P   0.80710 0.16732 0.02063 0.00495 ( 1)
 280 D   0.78520 0.18275 0.02548 0.00657 ( 1)
 281 D   0.79182 0.17819 0.02394 0.00605 ( 1)
 282 F   0.79135 0.17861 0.02397 0.00607 ( 1)
 283 P   0.85319 0.13264 0.01181 0.00236 ( 1)
 284 L   0.75727 0.20183 0.03192 0.00898 ( 1)
 285 L   0.86393 0.12428 0.00989 0.00189 ( 1)
 286 V   0.85493 0.13142 0.01138 0.00227 ( 1)
 287 A   0.85845 0.12898 0.01050 0.00207 ( 1)
 288 Y   0.81575 0.16155 0.01840 0.00430 ( 1)
 289 W   0.77737 0.18875 0.02677 0.00711 ( 1)
 290 E   0.81012 0.16542 0.01975 0.00470 ( 1)
 291 K   0.82710 0.15298 0.01628 0.00364 ( 1)
 292 T   0.87332 0.11656 0.00855 0.00156 ( 1)
 293 F   0.81089 0.16495 0.01952 0.00464 ( 1)
 294 K   0.82710 0.15298 0.01628 0.00364 ( 1)
 295 I   0.82710 0.15293 0.01631 0.00365 ( 1)
 296 D   0.79256 0.17788 0.02360 0.00596 ( 1)
 297 L   0.80921 0.16645 0.01964 0.00470 ( 1)
 298 F   0.81089 0.16495 0.01952 0.00464 ( 1)
 299 K   0.82710 0.15298 0.01628 0.00364 ( 1)
 300 P   0.80822 0.16667 0.02026 0.00485 ( 1)
 301 Q   0.80490 0.16965 0.02048 0.00498 ( 1)
 302 I   0.82710 0.15293 0.01631 0.00365 ( 1)
 303 G   0.87638 0.11410 0.00807 0.00145 ( 1)
 304 V   0.80614 0.16837 0.02053 0.00496 ( 1)
 305 V   0.80614 0.16837 0.02053 0.00496 ( 1)
 306 N   0.90181 0.09239 0.00502 0.00078 ( 1)
 307 V   0.85493 0.13142 0.01138 0.00227 ( 1)
 308 T   0.82461 0.15481 0.01678 0.00379 ( 1)
 309 D   0.78542 0.18293 0.02514 0.00650 ( 1)
 310 A   0.83277 0.14866 0.01524 0.00333 ( 1)
 311 D   0.79256 0.17788 0.02360 0.00596 ( 1)
 312 S   0.82190 0.15685 0.01730 0.00395 ( 1)
 313 V   0.85631 0.13035 0.01114 0.00221 ( 1)
 314 W   0.77737 0.18875 0.02677 0.00711 ( 1)
 315 M   0.88411 0.10747 0.00718 0.00124 ( 1)
 316 E   0.80481 0.16920 0.02092 0.00507 ( 1)
 317 I   0.82710 0.15293 0.01631 0.00365 ( 1)
 318 P   0.81119 0.16507 0.01916 0.00457 ( 1)
 319 D   0.06536 0.47321 0.36662 0.09481 ( 2)
 320 G   0.91504 0.08071 0.00373 0.00052 ( 1)
 321 D   0.78542 0.18293 0.02514 0.00650 ( 1)
 322 D   0.02316 0.26628 0.56723 0.14333 ( 3)
 323 L   0.75769 0.20169 0.03171 0.00892 ( 1)
 324 P   0.82575 0.15397 0.01656 0.00372 ( 1)
 325 T   0.82461 0.15481 0.01678 0.00379 ( 1)
 326 A   0.83277 0.14866 0.01524 0.00333 ( 1)
 327 E   0.80479 0.16922 0.02092 0.00507 ( 1)
 328 E   0.80479 0.16922 0.02092 0.00507 ( 1)
 329 L   0.75769 0.20169 0.03171 0.00892 ( 1)
 330 E   0.81012 0.16542 0.01975 0.00470 ( 1)
 331 D   0.79256 0.17788 0.02360 0.00596 ( 1)
 332 W   0.77737 0.18875 0.02677 0.00711 ( 1)
 333 I   0.09461 0.53694 0.30108 0.06737 ( 2)
 334 E   0.80479 0.16922 0.02092 0.00507 ( 1)
 335 D   0.78584 0.18257 0.02510 0.00649 ( 1)
 336 V   0.80614 0.16837 0.02053 0.00496 ( 1)
 337 L   0.86393 0.12428 0.00989 0.00189 ( 1)
 338 S   0.87119 0.11846 0.00873 0.00161 ( 1)
 339 G   0.87650 0.11399 0.00807 0.00145 ( 1)
 340 K   0.82710 0.15298 0.01628 0.00364 ( 1)
 341 I   0.91996 0.07629 0.00330 0.00045 ( 1)
 342 N   0.14754 0.58864 0.22379 0.04002 ( 2)
 343 T   0.87332 0.11656 0.00855 0.00156 ( 1)
 344 E   0.80531 0.16870 0.02093 0.00506 ( 1)
 345 D   0.78665 0.18157 0.02528 0.00649 ( 1)
 346 D   0.78486 0.18312 0.02544 0.00658 ( 1)
 347 D   0.79190 0.17816 0.02390 0.00604 ( 1)
 348 N   0.00001 0.98960 0.00000 0.01039 ( 2)
 349 E   0.80913 0.16600 0.02008 0.00479 ( 1)
 350 D   0.78481 0.18318 0.02543 0.00658 ( 1)
 351 E   0.80935 0.16577 0.02009 0.00478 ( 1)
 352 E   0.00433 0.85559 0.01634 0.12375 ( 2)
 353 D   0.78481 0.18318 0.02543 0.00658 ( 1)
 354 E   0.80935 0.16577 0.02009 0.00478 ( 1)
 355 E   0.80406 0.16955 0.02124 0.00515 ( 1)
 356 D   0.78515 0.18225 0.02590 0.00670 ( 1)
 357 D   0.79256 0.17788 0.02360 0.00596 ( 1)
 358 D   0.07816 0.51976 0.32090 0.08118 ( 2)
 359 D   0.79249 0.17796 0.02359 0.00596 ( 1)
 360 N   0.10166 0.50516 0.32855 0.06463 ( 2)
 361 -   0.10272 0.86054 0.00359 0.03315 ( 2)
 362 D   0.06582 0.47473 0.36510 0.09435 ( 2)
 363 D   0.78571 0.18176 0.02587 0.00666 ( 1)
 364 D   0.79256 0.17788 0.02360 0.00596 ( 1)
 365 N   0.00000 0.13181 0.14670 0.72149 ( 4)
 366 D   0.77930 0.18343 0.02976 0.00752 ( 1)
 367 N   0.87942 0.10641 0.01227 0.00190 ( 1)
 368 S   0.84977 0.13019 0.01692 0.00311 ( 1)
 369 D   0.77908 0.18365 0.02975 0.00753 ( 1)
 370 E   0.79111 0.17379 0.02834 0.00676 ( 1)
 371 E   0.00075 0.15685 0.67802 0.16438 ( 3)
 372 D   0.01777 0.28608 0.53650 0.15965 ( 3)
 373 D   0.00489 0.97027 0.00010 0.02473 ( 2)
 374 D   0.07755 0.52880 0.31277 0.08088 ( 2)
 375 D   0.79256 0.17788 0.02360 0.00596 ( 1)
 376 S   0.00130 0.22630 0.62889 0.14351 ( 3)
 377 D   0.11768 0.84714 0.00391 0.03126 ( 2)
 378 D   0.07786 0.51820 0.32246 0.08149 ( 2)
 379 D   0.11773 0.84709 0.00392 0.03126 ( 2)
 380 E   0.00442 0.96117 0.00014 0.03427 ( 2)
 381 D   0.79190 0.17816 0.02390 0.00604 ( 1)


lnL = -2373.959552

Bayes Empirical Bayes (BEB) probabilities for 4 classes (class)
(amino acids refer to 1st sequence: Bbon)

   1 M   0.88562 0.09870 0.01367 0.00201 ( 1)
   2 K   0.29339 0.67706 0.00767 0.02188 ( 2)
   3 R   0.30320 0.46043 0.20791 0.02846 ( 2)
   4 T   0.87925 0.10397 0.01455 0.00222 ( 1)
   5 H   0.39658 0.58696 0.00511 0.01135 ( 2)
   6 L   0.77343 0.18060 0.03719 0.00878 ( 1)
   7 F   0.80389 0.16033 0.02949 0.00629 ( 1)
   8 V   0.81631 0.15171 0.02656 0.00541 ( 1)
   9 M   0.27897 0.68664 0.00882 0.02558 ( 2)
  10 A   0.25740 0.47401 0.23134 0.03725 ( 2)
  11 V   0.86071 0.11867 0.01765 0.00297 ( 1)
  12 Y   0.82296 0.14703 0.02503 0.00497 ( 1)
  13 L   0.77343 0.18060 0.03719 0.00878 ( 1)
  14 L   0.77343 0.18060 0.03719 0.00878 ( 1)
  15 S   0.88359 0.10047 0.01388 0.00207 ( 1)
  16 S   0.88359 0.10047 0.01388 0.00207 ( 1)
  17 C   0.90463 0.08304 0.01091 0.00142 ( 1)
  18 R   0.90706 0.08101 0.01058 0.00135 ( 1)
  19 A   0.84117 0.13363 0.02128 0.00392 ( 1)
  20 E   0.17651 0.44725 0.31246 0.06378 ( 2)
  21 E   0.81510 0.15245 0.02694 0.00551 ( 1)
  22 G   0.87876 0.10440 0.01460 0.00224 ( 1)
  23 L   0.77859 0.17883 0.03445 0.00813 ( 1)
  24 N   0.28674 0.48098 0.20166 0.03062 ( 2)
  25 F   0.82051 0.14875 0.02560 0.00514 ( 1)
  26 P   0.83363 0.13921 0.02282 0.00434 ( 1)
  27 T   0.87925 0.10397 0.01455 0.00222 ( 1)
  28 Y   0.82486 0.14574 0.02455 0.00485 ( 1)
  29 D   0.80430 0.15997 0.02946 0.00627 ( 1)
  30 G   0.88159 0.10209 0.01418 0.00214 ( 1)
  31 K   0.30292 0.66757 0.00793 0.02157 ( 2)
  32 D   0.80498 0.15969 0.02913 0.00620 ( 1)
  33 R   0.83738 0.13669 0.02183 0.00411 ( 1)
  34 V   0.81810 0.15036 0.02624 0.00531 ( 1)
  35 V   0.86168 0.11813 0.01728 0.00291 ( 1)
  36 S   0.83108 0.14131 0.02314 0.00447 ( 1)
  37 L   0.81983 0.14969 0.02536 0.00512 ( 1)
  38 T   0.88012 0.10348 0.01423 0.00217 ( 1)
  39 E   0.81586 0.15212 0.02658 0.00544 ( 1)
  40 K   0.83569 0.13792 0.02218 0.00420 ( 1)
  41 N   0.88056 0.10306 0.01421 0.00216 ( 1)
  42 F   0.82130 0.14839 0.02524 0.00506 ( 1)
  43 K   0.83569 0.13792 0.02218 0.00420 ( 1)
  44 Q   0.81602 0.15249 0.02614 0.00536 ( 1)
  45 V   0.86045 0.11907 0.01752 0.00297 ( 1)
  46 L   0.14221 0.41514 0.36174 0.08092 ( 2)
  47 K   0.83569 0.13792 0.02218 0.00420 ( 1)
  48 K   0.83715 0.13682 0.02191 0.00412 ( 1)
  49 Y   0.18731 0.45465 0.29883 0.05921 ( 2)
  50 D   0.80498 0.15969 0.02913 0.00620 ( 1)
  51 L   0.79089 0.16992 0.03201 0.00718 ( 1)
  52 L   0.86564 0.11536 0.01629 0.00271 ( 1)
  53 C   0.90853 0.07970 0.01045 0.00132 ( 1)
  54 L   0.86585 0.11514 0.01630 0.00271 ( 1)
  55 Y   0.82280 0.14762 0.02464 0.00493 ( 1)
  56 Y   0.18649 0.45641 0.29767 0.05942 ( 2)
  57 H   0.86339 0.11712 0.01669 0.00281 ( 1)
  58 E   0.81498 0.15299 0.02655 0.00547 ( 1)
  59 P   0.83342 0.13986 0.02242 0.00431 ( 1)
  60 V   0.27096 0.69501 0.00843 0.02560 ( 2)
  61 S   0.87406 0.10866 0.01491 0.00237 ( 1)
  62 S   0.85348 0.12857 0.01507 0.00288 ( 1)
  63 D   0.79795 0.16478 0.03057 0.00669 ( 1)
  64 K   0.83606 0.13791 0.02188 0.00416 ( 1)
  65 A   0.05917 0.91628 0.00098 0.02357 ( 2)
  66 A   0.00562 0.62579 0.11986 0.24873 ( 2)
  67 Q   0.81514 0.15335 0.02611 0.00539 ( 1)
  68 K   0.83606 0.13791 0.02188 0.00416 ( 1)
  69 Q   0.06693 0.29748 0.52598 0.10961 ( 3)
  70 F   0.19110 0.46611 0.28538 0.05741 ( 2)
  71 Q   0.81615 0.15293 0.02564 0.00528 ( 1)
  72 M   0.00643 0.83593 0.00695 0.15070 ( 2)
  73 K   0.83606 0.13791 0.02188 0.00416 ( 1)
  74 E   0.81844 0.15095 0.02541 0.00520 ( 1)
  75 I   0.82235 0.14822 0.02450 0.00494 ( 1)
  76 V   0.82481 0.14865 0.02199 0.00455 ( 1)
  77 L   0.77293 0.18136 0.03694 0.00877 ( 1)
  78 E   0.81382 0.15415 0.02651 0.00551 ( 1)
  79 F   0.79248 0.16491 0.03511 0.00750 ( 1)
  80 D   0.24665 0.70783 0.01107 0.03445 ( 2)
  81 E   0.80617 0.15506 0.03227 0.00650 ( 1)
  82 E   0.80617 0.15506 0.03227 0.00650 ( 1)
  83 G   0.85943 0.11494 0.02222 0.00341 ( 1)
  84 S   0.81520 0.14847 0.03044 0.00588 ( 1)
  85 L   0.76703 0.18272 0.04065 0.00960 ( 1)
  86 Y   0.81041 0.15205 0.03135 0.00619 ( 1)
  87 V   0.30736 0.66047 0.00903 0.02314 ( 2)
  88 L   0.84740 0.12463 0.02401 0.00397 ( 1)
  89 K   0.81926 0.14550 0.02962 0.00562 ( 1)
  90 G   0.89453 0.08692 0.01655 0.00200 ( 1)
  91 D   0.78750 0.16843 0.03619 0.00789 ( 1)
  92 R   0.82074 0.14440 0.02934 0.00553 ( 1)
  93 T   0.81733 0.14691 0.03002 0.00574 ( 1)
  94 I   0.81929 0.14546 0.02963 0.00562 ( 1)
  95 E   0.80213 0.15797 0.03312 0.00679 ( 1)
  96 F   0.79248 0.16491 0.03511 0.00750 ( 1)
  97 D   0.78750 0.16843 0.03619 0.00789 ( 1)
  98 G   0.86224 0.11273 0.02175 0.00328 ( 1)
  99 E   0.80213 0.15797 0.03312 0.00679 ( 1)
 100 F   0.79248 0.16491 0.03511 0.00750 ( 1)
 101 A   0.82821 0.13994 0.02689 0.00496 ( 1)
 102 A   0.82374 0.14216 0.02876 0.00534 ( 1)
 103 D   0.78750 0.16843 0.03619 0.00789 ( 1)
 104 V   0.84267 0.12788 0.02520 0.00425 ( 1)
 105 L   0.78092 0.17327 0.03742 0.00838 ( 1)
 106 V   0.80309 0.15731 0.03289 0.00671 ( 1)
 107 E   0.80213 0.15797 0.03312 0.00679 ( 1)
 108 F   0.79268 0.16471 0.03512 0.00749 ( 1)
 109 L   0.84778 0.12397 0.02427 0.00398 ( 1)
 110 L   0.78092 0.17327 0.03742 0.00838 ( 1)
 111 D   0.79152 0.16595 0.03500 0.00753 ( 1)
 112 L   0.32918 0.64827 0.00617 0.01639 ( 2)
