Supplemental results for CODEML (seqf: /home/leticiamagpali/phd/evol_models/codeml/big_dataset/cml_align/OTOF_codon_aligned.phy  treef: /home/leticiamagpali/phd/evol_models/codeml/big_dataset/cml_trees/gene_trees/H1d_gene_trees/OTOF_tree_H1d.tre)

I	J	ij	2Ns_IJ	pMut_IJ	pSub_IJ	2Ns_JI	pMut_JI	pSub_JI

TTC	TTT	CT	-0.55309	0.07668	0.05742	0.55309	0.04410	0.05742
TTA	TTT	AT	6.58464	0.00001	0.00008	-6.58464	0.00885	0.00008
TTA	TTC	AC	7.13773	0.00002	0.00017	-7.13773	0.02985	0.00017
TTG	TTT	GT	1.29913	0.00257	0.00460	-1.29913	0.00944	0.00460
TTG	TTC	GC	1.85222	0.00499	0.01097	-1.85222	0.03182	0.01097
TTG	TTA	GA	-5.28551	0.01790	0.00048	5.28551	0.00009	0.00048
TCT	TTT	CT	1.51274	0.00972	0.01885	-1.51274	0.04410	0.01885
TCC	TTC	CT	0.77285	0.06866	0.09858	-0.77285	0.14871	0.09858
TCC	TCT	CT	-1.29298	0.06866	0.03358	1.29298	0.01884	0.03358
TCA	TTA	CT	-4.95980	0.01429	0.00050	4.95980	0.00010	0.00050
TCA	TCT	AT	0.11209	0.00338	0.00357	-0.11209	0.00378	0.00357
TCA	TCC	AC	1.40507	0.00656	0.01221	-1.40507	0.02673	0.01221
TCG	TTG	CT	0.78615	0.00961	0.01388	-0.78615	0.02110	0.01388
TCG	TCT	GT	0.57253	0.00227	0.00299	-0.57253	0.00403	0.00299
TCG	TCC	GC	1.86551	0.00441	0.00974	-1.86551	0.02850	0.00974
TCG	TCA	GA	0.46044	0.01582	0.01974	-0.46044	0.02506	0.01974
TAT	TTT	AT	1.09158	0.00297	0.00488	-1.09158	0.00885	0.00488
TAT	TCT	AC	-0.42116	0.00576	0.00463	0.42116	0.00378	0.00463
TAC	TTC	AT	0.59812	0.01641	0.02181	-0.59812	0.02985	0.02181
TAC	TCC	AC	-0.17473	0.03183	0.02913	0.17473	0.02673	0.02913
TAC	TAT	CT	-1.04655	0.06936	0.03929	1.04655	0.02436	0.03929
TGT	TTT	GT	1.96192	0.00133	0.00303	-1.96192	0.00944	0.00303
TGT	TCT	GC	0.44918	0.00257	0.00319	-0.44918	0.00403	0.00319
TGT	TAT	GA	0.87034	0.00923	0.01382	-0.87034	0.02203	0.01382
TGC	TTC	GT	1.65289	0.00609	0.01246	-1.65289	0.03182	0.01246
TGC	TCC	GC	0.88003	0.01182	0.01777	-0.88003	0.02850	0.01777
TGC	TAC	GA	1.05477	0.04237	0.06858	-1.05477	0.12166	0.06858
TGC	TGT	CT	-0.86212	0.02576	0.01623	0.86212	0.01088	0.01623
TGG	TTG	GT	-0.71732	0.00925	0.00633	0.71732	0.00452	0.00633
TGG	TCG	GC	-1.50347	0.01794	0.00771	1.50347	0.00399	0.00771
TGG	TGT	GT	-1.38011	0.00925	0.00429	1.38011	0.00233	0.00429
TGG	TGC	GC	-0.51799	0.01794	0.01370	0.51799	0.01069	0.01370
CTT	TTT	CT	2.10964	0.00535	0.01284	-2.10964	0.04410	0.01284
CTC	TTC	CT	0.94039	0.05807	0.08959	-0.94039	0.14871	0.08959
CTC	CTT	CT	-1.72234	0.05807	0.02175	1.72234	0.01037	0.02175
CTA	TTA	CT	-3.95763	0.00525	0.00040	3.95763	0.00010	0.00040
CTA	CTT	AT	0.51737	0.00124	0.00159	-0.51737	0.00208	0.00159
CTA	CTC	AC	2.23972	0.00241	0.00603	-2.23972	0.02261	0.00603
CTG	TTG	CT	-1.98944	0.15427	0.04863	1.98944	0.02110	0.04863
CTG	CTT	GT	-2.79994	0.03651	0.00662	2.79994	0.00222	0.00662
CTG	CTC	GC	-1.07760	0.07080	0.03938	1.07760	0.02410	0.03938
CTG	CTA	GA	-3.31732	0.25381	0.03167	3.31732	0.00920	0.03167
CCT	TCT	CT	-0.35879	0.02698	0.02243	0.35879	0.01884	0.02243
CCT	CTT	CT	-0.95569	0.02698	0.01611	0.95569	0.01037	0.01611
CCC	TCC	CT	0.46128	0.08396	0.10480	-0.46128	0.13316	0.10480
CCC	CTC	CT	0.29375	0.08396	0.09689	-0.29375	0.11262	0.09689
CCC	CCT	CT	-0.47290	0.08396	0.06566	0.47290	0.05232	0.06566
CCA	TCA	CT	0.36979	0.01915	0.02291	-0.36979	0.02771	0.02291
CCA	CTA	CT	-0.63239	0.01915	0.01373	0.63239	0.01017	0.01373
CCA	CCT	AT	0.84068	0.00453	0.00670	-0.84068	0.01050	0.00670
CCA	CCC	AC	1.31358	0.00879	0.01579	-1.31358	0.03268	0.01579
CCG	TCG	CT	-0.06376	0.01987	0.01925	0.06376	0.01864	0.01925
CCG	CTG	CT	2.71182	0.01987	0.05772	-2.71182	0.29921	0.05772
CCG	CCT	GT	0.86756	0.00470	0.00703	-0.86756	0.01120	0.00703
CCG	CCC	GC	1.34047	0.00912	0.01656	-1.34047	0.03485	0.01656
CCG	CCA	GA	0.02689	0.03269	0.03314	-0.02689	0.03358	0.03314
CAT	TAT	CT	2.04462	0.00315	0.00740	-2.04462	0.02436	0.00740
CAT	CTT	AT	1.02656	0.00075	0.00119	-1.02656	0.00208	0.00119
CAT	CCT	AC	1.98225	0.00145	0.00333	-1.98225	0.01050	0.00333
CAC	TAC	CT	1.44436	0.03173	0.05999	-1.44436	0.13453	0.05999
CAC	CTC	AT	1.10208	0.00751	0.01239	-1.10208	0.02261	0.01239
CAC	CCC	AC	0.80834	0.01456	0.02123	-0.80834	0.03268	0.02123
CAC	CAT	CT	-1.64682	0.03173	0.01247	1.64682	0.00611	0.01247
CAA	CTA	AT	0.23512	0.00161	0.00181	-0.23512	0.00204	0.00181
CAA	CCA	AC	0.86751	0.00313	0.00468	-0.86751	0.00745	0.00468
CAA	CAT	AT	-0.27407	0.00161	0.00140	0.27407	0.00123	0.00140
CAA	CAC	AC	1.37275	0.00313	0.00576	-1.37275	0.01235	0.00576
CAG	CTG	AT	1.35363	0.01551	0.02831	-1.35363	0.06006	0.02831
CAG	CCG	AC	-1.35819	0.03009	0.01414	1.35819	0.00774	0.01414
CAG	CAT	GT	-2.47288	0.01551	0.00353	2.47288	0.00131	0.00353
CAG	CAC	GC	-0.82606	0.03009	0.01935	0.82606	0.01317	0.01935
CAG	CAA	GA	-2.19881	0.10786	0.02959	2.19881	0.01197	0.02959
CGT	TGT	CT	0.96716	0.00413	0.00645	-0.96716	0.01088	0.00645
CGT	CTT	GT	0.81944	0.00098	0.00143	-0.81944	0.00222	0.00143
CGT	CCT	GC	1.77513	0.00190	0.00406	-1.77513	0.01120	0.00406
CGT	CAT	GA	-0.20712	0.00680	0.00612	0.20712	0.00553	0.00612
CGC	TGC	CT	0.19658	0.04104	0.04520	-0.19658	0.04995	0.04520
CGC	CTC	GT	0.90908	0.00971	0.01478	-0.90908	0.02410	0.01478
CGC	CCC	GC	0.61533	0.01883	0.02522	-0.61533	0.03485	0.02522
CGC	CAC	GA	-0.19301	0.06751	0.06121	0.19301	0.05566	0.06121
CGC	CGT	CT	-1.63270	0.04104	0.01627	1.63270	0.00802	0.01627
CGA	CTA	GT	0.05799	0.00205	0.00211	-0.05799	0.00218	0.00211
CGA	CCA	GC	0.69038	0.00398	0.00552	-0.69038	0.00795	0.00552
CGA	CAA	GA	-0.17713	0.01428	0.01306	0.17713	0.01197	0.01306
CGA	CGT	AT	-0.24408	0.00205	0.00181	0.24408	0.00161	0.00181
CGA	CGC	AC	1.38863	0.00398	0.00737	-1.38863	0.01598	0.00737
CGG	TGG	CT	0.25895	0.05853	0.06644	-0.25895	0.07583	0.06644
CGG	CTG	GT	1.53107	0.01385	0.02706	-1.53107	0.06403	0.02706
CGG	CCG	GC	-1.18075	0.02686	0.01405	1.18075	0.00825	0.01405
CGG	CAG	GA	0.17744	0.09630	0.10509	-0.17744	0.11499	0.10509
CGG	CGT	GT	-2.08832	0.01385	0.00409	2.08832	0.00172	0.00409
CGG	CGC	GC	-0.45562	0.02686	0.02121	0.45562	0.01703	0.02121
CGG	CGA	GA	-1.84424	0.09630	0.03336	1.84424	0.01523	0.03336
ATT	TTT	AT	0.35579	0.00620	0.00737	-0.35579	0.00885	0.00737
ATT	CTT	AC	-1.75385	0.01203	0.00442	1.75385	0.00208	0.00442
ATC	TTC	AT	0.33174	0.02142	0.02517	-0.33174	0.02985	0.02517
ATC	CTC	AC	-0.60865	0.04155	0.03018	0.60865	0.02261	0.03018
ATC	ATT	CT	-0.57714	0.09054	0.06691	0.57714	0.05084	0.06691
ATA	TTA	AT	-4.06682	0.00117	0.00008	4.06682	0.00002	0.00008
ATA	CTA	AC	-0.10920	0.00228	0.00216	0.10920	0.00204	0.00216
ATA	ATT	AT	2.16202	0.00117	0.00287	-2.16202	0.01020	0.00287
ATA	ATC	AC	2.73916	0.00228	0.00667	-2.73916	0.03525	0.00667
ATG	TTG	AT	-1.34555	0.01627	0.00771	1.34555	0.00424	0.00771
ATG	CTG	AC	0.64389	0.03155	0.04278	-0.64389	0.06006	0.04278
ATG	ATT	GT	-0.40221	0.01627	0.01321	0.40221	0.01088	0.01321
ATG	ATC	GC	0.17493	0.03155	0.03438	-0.17493	0.03758	0.03438
ATG	ATA	GA	-2.56423	0.11309	0.02418	2.56423	0.00871	0.02418
ACT	TCT	AT	0.07664	0.00350	0.00364	-0.07664	0.00378	0.00364
ACT	CCT	AC	0.43543	0.00679	0.00838	-0.43543	0.01050	0.00838
ACT	ATT	CT	1.23359	0.01481	0.02577	-1.23359	0.05084	0.02577
ACC	TCC	AT	0.86591	0.01124	0.01681	-0.86591	0.02673	0.01681
ACC	CCC	AC	0.40462	0.02181	0.02652	-0.40462	0.03268	0.02652
ACC	ATC	CT	1.30702	0.04752	0.08515	-1.30702	0.17559	0.08515
ACC	ACT	CT	-0.50371	0.04752	0.03655	0.50371	0.02872	0.03655
ACA	TCA	AT	0.71522	0.00272	0.00381	-0.71522	0.00556	0.00381
ACA	CCA	AC	0.34543	0.00528	0.00624	-0.34543	0.00745	0.00624
ACA	ATA	CT	-0.17777	0.01150	0.01051	0.17777	0.00963	0.01051
ACA	ACT	AT	0.75067	0.00272	0.00387	-0.75067	0.00576	0.00387
ACA	ACC	AC	1.25438	0.00528	0.00926	-1.25438	0.01850	0.00926
ACG	TCG	AT	-0.74789	0.00791	0.00531	0.74789	0.00374	0.00531
ACG	CCG	AC	-0.68413	0.01533	0.01068	0.68413	0.00774	0.01068
ACG	ATG	CT	1.38380	0.03341	0.06170	-1.38380	0.13331	0.06170
ACG	ACT	GT	-0.25200	0.00791	0.00695	0.25200	0.00614	0.00695
ACG	ACC	GC	0.25171	0.01533	0.01734	-0.25171	0.01972	0.01734
ACG	ACA	GA	-1.00267	0.05497	0.03194	1.00267	0.02017	0.03194
AAT	TAT	AT	0.44345	0.00314	0.00388	-0.44345	0.00489	0.00388
AAT	CAT	AC	-1.60117	0.00609	0.00246	1.60117	0.00123	0.00246
AAT	ATT	AT	1.17924	0.00314	0.00534	-1.17924	0.01020	0.00534
AAT	ACT	AC	-0.05435	0.00609	0.00592	0.05435	0.00576	0.00592
AAC	TAC	AT	0.44490	0.01731	0.02144	-0.44490	0.02700	0.02144
AAC	CAC	AC	-0.99945	0.03356	0.01954	0.99945	0.01235	0.01954
AAC	ATC	AT	0.71128	0.01731	0.02418	-0.71128	0.03525	0.02418
AAC	ACC	AC	-0.59574	0.03356	0.02455	0.59574	0.01850	0.02455
AAC	AAT	CT	-1.04510	0.07314	0.04146	1.04510	0.02572	0.04146
AAA	CAA	AC	-1.28353	0.00959	0.00471	1.28353	0.00266	0.00471
AAA	ATA	AT	-0.93921	0.00494	0.00298	0.93921	0.00193	0.00298
AAA	ACA	AC	-0.76145	0.00959	0.00639	0.76145	0.00448	0.00639
AAA	AAT	AT	0.04358	0.00494	0.00505	-0.04358	0.00516	0.00505
AAA	AAC	AC	1.08867	0.00959	0.01573	-1.08867	0.02847	0.01573
AAG	CAG	AC	-0.94231	0.06549	0.03941	0.94231	0.02552	0.03941
AAG	ATG	AT	-0.23257	0.03377	0.02999	0.23257	0.02676	0.02999
AAG	ACG	AC	-1.61637	0.06549	0.02623	1.61637	0.01301	0.02623
AAG	AAT	GT	-1.81402	0.03377	0.01193	1.81402	0.00550	0.01193
AAG	AAC	GC	-0.76892	0.06549	0.04351	0.76892	0.03035	0.04351
AAG	AAA	GA	-1.85759	0.23477	0.08064	1.85759	0.03663	0.08064
AGT	TGT	AT	0.09709	0.00198	0.00208	-0.09709	0.00218	0.00208
AGT	CGT	AC	-0.87007	0.00384	0.00241	0.87007	0.00161	0.00241
AGT	ATT	GT	1.70322	0.00198	0.00413	-1.70322	0.01088	0.00413
AGT	ACT	GC	0.46963	0.00384	0.00481	-0.46963	0.00614	0.00481
AGT	AAT	GA	0.52398	0.01377	0.01770	-0.52398	0.02326	0.01770
AGC	TGC	AT	0.13765	0.00874	0.00935	-0.13765	0.01003	0.00935
AGC	CGC	AC	-0.05893	0.01695	0.01645	0.05893	0.01598	0.01645
AGC	ATC	GT	1.45879	0.00874	0.01661	-1.45879	0.03758	0.01661
AGC	ACC	GC	0.15178	0.01695	0.01826	-0.15178	0.01972	0.01826
AGC	AAC	GA	0.74751	0.06075	0.08625	-0.74751	0.12828	0.08625
AGC	AGT	CT	-0.82156	0.03692	0.02381	0.82156	0.01624	0.02381
AGA	CGA	AC	3.45539	0.00011	0.00038	-3.45539	0.00338	0.00038
AGA	ATA	GT	3.62257	0.00006	0.00020	-3.62257	0.00206	0.00020
AGA	ACA	GC	3.80034	0.00011	0.00041	-3.80034	0.00477	0.00041
AGA	AAA	GA	4.56178	0.00038	0.00176	-4.56178	0.03663	0.00176
AGA	AGT	AT	4.08138	0.00006	0.00023	-4.08138	0.00326	0.00023
AGA	AGC	AC	4.90294	0.00011	0.00053	-4.90294	0.01437	0.00053
AGG	TGG	AT	3.12843	0.00067	0.00218	-3.12843	0.01522	0.00218
AGG	CGG	AC	2.86948	0.00129	0.00393	-2.86948	0.02279	0.00393
AGG	ATG	GT	3.75666	0.00067	0.00256	-3.75666	0.02853	0.00256
AGG	ACG	GC	2.37286	0.00129	0.00338	-2.37286	0.01387	0.00338
AGG	AAG	GA	3.98923	0.00463	0.01883	-3.98923	0.25029	0.01883
AGG	AGT	GT	1.65123	0.00067	0.00136	-1.65123	0.00347	0.00136
AGG	AGC	GC	2.47280	0.00129	0.00349	-2.47280	0.01532	0.00349
AGG	AGA	GA	-2.43015	0.00463	0.00109	2.43015	0.00041	0.00109
GTT	TTT	GT	4.08376	0.00016	0.00066	-4.08376	0.00944	0.00066
GTT	CTT	GC	1.97412	0.00031	0.00071	-1.97412	0.00222	0.00071
GTT	ATT	GA	3.72797	0.00111	0.00422	-3.72797	0.04597	0.00422
GTC	TTC	GT	0.81919	0.01403	0.02055	-0.81919	0.03182	0.02055
GTC	CTC	GC	-0.12120	0.02721	0.02559	0.12120	0.02410	0.02559
GTC	ATC	GA	0.48745	0.09753	0.12323	-0.48745	0.15880	0.12323
GTC	GTT	CT	-3.81766	0.05928	0.00509	3.81766	0.00130	0.00509
GTA	TTA	GT	-4.91453	0.00292	0.00011	4.91453	0.00002	0.00011
GTA	CTA	GC	-0.95690	0.00567	0.00338	0.95690	0.00218	0.00338
GTA	ATA	GA	-0.84771	0.02032	0.01291	0.84771	0.00871	0.01291
GTA	GTT	AT	-2.41365	0.00292	0.00069	2.41365	0.00026	0.00069
GTA	GTC	AC	1.40401	0.00567	0.01055	-1.40401	0.02308	0.01055
GTG	TTG	GT	-1.80549	0.02747	0.00976	1.80549	0.00452	0.00976
GTG	CTG	GC	0.18395	0.05327	0.05832	-0.18395	0.06403	0.05832
GTG	ATG	GA	-0.45994	0.19097	0.15041	0.45994	0.12057	0.15041
GTG	GTT	GT	-4.59012	0.02747	0.00129	4.59012	0.00028	0.00129
GTG	GTC	GC	-0.77245	0.05327	0.03532	0.77245	0.02460	0.03532
GTG	GTA	GA	-2.17647	0.19097	0.05319	2.17647	0.02166	0.05319
GCT	TCT	GT	0.22243	0.00323	0.00360	-0.22243	0.00403	0.00360
GCT	CCT	GC	0.58122	0.00626	0.00826	-0.58122	0.01120	0.00826
GCT	ACT	GA	0.14579	0.02245	0.02412	-0.14579	0.02597	0.02412
GCT	GTT	CT	-2.34859	0.01364	0.00338	2.34859	0.00130	0.00338
GCC	TCC	GT	0.43288	0.01848	0.02277	-0.43288	0.02850	0.02277
GCC	CCC	GC	-0.02840	0.03585	0.03534	0.02840	0.03485	0.03534
GCC	ACC	GA	-0.43303	0.12852	0.10269	0.43303	0.08335	0.10269
GCC	GTC	CT	0.38654	0.07812	0.09418	-0.38654	0.11498	0.09418
GCC	GCT	CT	-1.08253	0.07812	0.04332	1.08253	0.02646	0.04332
GCA	TCA	GT	0.92665	0.00235	0.00360	-0.92665	0.00593	0.00360
GCA	CCA	GC	0.55686	0.00455	0.00594	-0.55686	0.00795	0.00594
GCA	ACA	GA	0.21143	0.01632	0.01811	-0.21143	0.02017	0.01811
GCA	GTA	CT	0.88137	0.00992	0.01493	-0.88137	0.02396	0.01493
GCA	GCT	AT	0.81632	0.00235	0.00344	-0.81632	0.00531	0.00344
GCA	GCC	AC	1.89884	0.00455	0.01017	-1.89884	0.03041	0.01017
GCG	TCG	GT	0.05272	0.00378	0.00389	-0.05272	0.00399	0.00389
GCG	CCG	GC	0.11649	0.00734	0.00778	-0.11649	0.00825	0.00778
GCG	ACG	GA	0.80062	0.02632	0.03824	-0.80062	0.05860	0.03824
GCG	GTG	CT	2.64435	0.01600	0.04553	-2.64435	0.22513	0.04553
GCG	GCT	GT	0.40283	0.00378	0.00460	-0.40283	0.00566	0.00460
GCG	GCC	GC	1.48536	0.00734	0.01410	-1.48536	0.03242	0.01410
GCG	GCA	GA	-0.41349	0.02632	0.02125	0.41349	0.01740	0.02125
GAT	TAT	GT	-0.40262	0.00780	0.00633	0.40262	0.00521	0.00633
GAT	CAT	GC	-2.44725	0.01512	0.00351	2.44725	0.00131	0.00351
GAT	AAT	GA	-0.84608	0.05421	0.03447	0.84608	0.02326	0.03447
GAT	GTT	AT	-3.39481	0.00780	0.00092	3.39481	0.00026	0.00092
GAT	GCT	AC	-1.04622	0.01512	0.00857	1.04622	0.00531	0.00857
GAC	TAC	GT	-0.26386	0.03748	0.03275	0.26386	0.02879	0.03275
GAC	CAC	GC	-1.70821	0.07269	0.02748	1.70821	0.01317	0.02748
GAC	AAC	GA	-0.70876	0.26060	0.17907	0.70876	0.12828	0.17907
GAC	GTC	AT	-0.48493	0.03748	0.02913	0.48493	0.02308	0.02913
GAC	GCC	AC	-0.87147	0.07269	0.04556	0.87147	0.03041	0.04556
GAC	GAT	CT	-0.90778	0.15840	0.09723	0.90778	0.06390	0.09723
GAA	CAA	GC	-1.84514	0.01792	0.00620	1.84514	0.00283	0.00620
GAA	AAA	GA	-0.56162	0.06424	0.04788	0.56162	0.03663	0.04788
GAA	GTA	AT	-0.65312	0.00924	0.00655	0.65312	0.00481	0.00655
GAA	GCA	AC	-1.53449	0.01792	0.00756	1.53449	0.00386	0.00756
GAA	GAT	AT	0.32804	0.00924	0.01084	-0.32804	0.01283	0.01084
GAA	GAC	AC	1.23582	0.01792	0.03122	-1.23582	0.06166	0.03122
GAG	CAG	GC	-1.01108	0.07479	0.04325	1.01108	0.02721	0.04325
GAG	AAG	GA	-0.06877	0.26811	0.25900	0.06877	0.25029	0.25900
GAG	GTG	AT	0.15859	0.03856	0.04170	-0.15859	0.04519	0.04170
GAG	GCG	AC	-2.48576	0.07479	0.01688	2.48576	0.00623	0.01688
GAG	GAT	GT	-1.03672	0.03856	0.02197	1.03672	0.01367	0.02197
GAG	GAC	GC	-0.12894	0.07479	0.07007	0.12894	0.06574	0.07007
GAG	GAA	GA	-1.36475	0.26811	0.12554	1.36475	0.06849	0.12554
GGT	TGT	GT	0.46537	0.00146	0.00183	-0.46537	0.00233	0.00183
GGT	CGT	GC	-0.50179	0.00283	0.00218	0.50179	0.00172	0.00218
GGT	AGT	GA	0.36828	0.01016	0.01215	-0.36828	0.01468	0.01215
GGT	GTT	GT	-1.65647	0.00146	0.00057	1.65647	0.00028	0.00057
GGT	GCT	GC	0.69212	0.00283	0.00393	-0.69212	0.00566	0.00393
GGT	GAT	GA	1.73833	0.01016	0.02143	-1.73833	0.05779	0.02143
GGC	TGC	GT	-0.71939	0.02195	0.01499	0.71939	0.01069	0.01499
GGC	CGC	GC	-0.91597	0.04257	0.02601	0.91597	0.01703	0.02601
GGC	AGC	GA	-0.85704	0.15259	0.09643	0.85704	0.06476	0.09643
GGC	GTC	GT	0.11431	0.02195	0.02323	-0.11431	0.02460	0.02323
GGC	GCC	GC	-0.27224	0.04257	0.03703	0.27224	0.03242	0.03703
GGC	GAC	GA	0.59923	0.15259	0.20285	-0.59923	0.27783	0.20285
GGC	GGT	CT	-2.04688	0.09275	0.02815	2.04688	0.01198	0.02815
GGA	CGA	GC	-0.32364	0.00498	0.00422	0.32364	0.00360	0.00422
GGA	AGA	GA	-3.77903	0.01785	0.00158	3.77903	0.00041	0.00158
GGA	GTA	GT	0.69125	0.00257	0.00356	-0.69125	0.00513	0.00356
GGA	GCA	GC	-0.19013	0.00498	0.00452	0.19013	0.00412	0.00452
GGA	GAA	GA	1.34437	0.01785	0.03247	-1.34437	0.06849	0.03247
GGA	GGT	AT	-0.06593	0.00257	0.00248	0.06593	0.00240	0.00248
GGA	GGC	AC	1.98095	0.00498	0.01144	-1.98095	0.03611	0.01144
GGG	TGG	GT	0.38547	0.01104	0.01330	-0.38547	0.01623	0.01330
GGG	CGG	GC	0.12651	0.02141	0.02279	-0.12651	0.02429	0.02279
GGG	AGG	GA	-2.74297	0.07674	0.01448	2.74297	0.00494	0.01448
GGG	GTG	GT	1.47363	0.01104	0.02110	-1.47363	0.04818	0.02110
GGG	GCG	GC	-1.17072	0.02141	0.01127	1.17072	0.00664	0.01127
GGG	GAG	GA	1.31504	0.07674	0.13795	-1.31504	0.28584	0.13795
GGG	GGT	GT	-1.46001	0.01104	0.00487	1.46001	0.00256	0.00487
GGG	GGC	GC	0.58687	0.02141	0.02830	-0.58687	0.03850	0.02830
GGG	GGA	GA	-1.39408	0.07674	0.03529	1.39408	0.01904	0.03529


Histograms
2Ns	FMut	FSub(CodonUsage)	FSubw(after w)

-6.79784	0.00241	0.00002
-6.11805	0.00000	0.00000
-5.43827	0.00111	0.00004
-4.75849	0.00596	0.00033
-4.07870	0.02366	0.00236
-3.39892	0.02045	0.00312
-2.71914	0.05837	0.01486
-2.03935	0.09159	0.03742
-1.35957	0.16595	0.10157
-0.67978	0.26122	0.23303
0.00000	0.17023	0.21449
0.67978	0.13572	0.23303
1.35957	0.04493	0.10157
2.03935	0.01305	0.03742
2.71914	0.00412	0.01486
3.39892	0.00071	0.00312
4.07870	0.00046	0.00236
4.75849	0.00006	0.00033
5.43827	0.00001	0.00004
6.11805	0.00000	0.00000
6.79784	0.00000	0.00002

Proportion of advantageous (S > 0) mutations:
 0.27726

Proportions of good & bad mutations (|S| > 2.0000) among mutations:
0.00922  0.14523

mean |Ns| = 1.15521	mean Ns+ = 0.71323	mean Ns- = -1.32476


MLEs of dN/dS (w) for site classes (K=4)

site class             0        1       2a       2b
proportion       0.18390  0.03920  0.64039  0.13651
background w     0.02994  0.85629  0.02994  0.85629
foreground w     0.02994  0.85629  0.01266  0.01266

Naive Empirical Bayes (NEB) probabilities for 4 classes
(amino acids refer to 1st sequence: Bacu)

   1 L   0.19532 0.02734 0.68042 0.09692 ( 3)
   2 I   0.20811 0.01428 0.72541 0.05219 ( 3)
   3 G   0.21163 0.01074 0.73789 0.03974 ( 3)
   4 T   0.21441 0.00796 0.74778 0.02985 ( 3)
   5 F   0.20771 0.01469 0.72400 0.05360 ( 3)
   6 R   0.21120 0.01117 0.73637 0.04126 ( 3)
   7 M   0.21334 0.00903 0.74395 0.03369 ( 3)
   8 V   0.20393 0.01851 0.71068 0.06688 ( 3)
   9 L   0.19532 0.02734 0.68042 0.09692 ( 3)
  10 Q   0.20859 0.01380 0.72712 0.05049 ( 3)
  11 K   0.00305 0.21311 0.01064 0.77319 ( 4)
  12 V   0.20391 0.01854 0.71059 0.06695 ( 3)
  13 V   0.20391 0.01854 0.71059 0.06695 ( 3)
  14 E   0.20761 0.01478 0.72367 0.05394 ( 3)
  15 E   0.20761 0.01478 0.72367 0.05394 ( 3)
  16 G   0.00111 0.21539 0.00387 0.77964 ( 4)
  17 H   0.00908 0.19959 0.03167 0.75966 ( 4)
  18 V   0.20391 0.01854 0.71059 0.06695 ( 3)
  19 E   0.20762 0.01478 0.72369 0.05392 ( 3)
  20 V   0.20391 0.01854 0.71059 0.06695 ( 3)
  21 T   0.21401 0.00835 0.74638 0.03126 ( 3)
  22 D   0.20865 0.01373 0.72734 0.05027 ( 3)
  23 M   0.21327 0.00909 0.74373 0.03390 ( 3)
  24 L   0.19528 0.02738 0.68027 0.09707 ( 3)
  25 I   0.20399 0.01854 0.71081 0.06666 ( 3)
  26 D   0.20863 0.01375 0.72727 0.05035 ( 3)
  27 D   0.20865 0.01373 0.72734 0.05027 ( 3)
  28 N   0.00687 0.20422 0.02394 0.76497 ( 4)
  29 N   0.00030 0.20938 0.00106 0.78925 ( 4)
  30 A   0.01222 0.19499 0.04263 0.75016 ( 4)
  31 I   0.00382 0.21118 0.01330 0.77170 ( 4)
  32 I   0.00384 0.21116 0.01338 0.77162 ( 4)
  33 Q   0.00001 0.21459 0.00002 0.78539 ( 4)
  34 E   0.20899 0.01345 0.72846 0.04910 ( 3)
  35 P   0.21646 0.00597 0.75503 0.02253 ( 3)
  36 A   0.21492 0.00751 0.74950 0.02807 ( 3)
  37 V   0.20792 0.01453 0.72470 0.05284 ( 3)
  38 L   0.19631 0.02636 0.68386 0.09346 ( 3)
  39 E   0.20908 0.01337 0.72878 0.04877 ( 3)
  40 M   0.21468 0.00775 0.74864 0.02892 ( 3)
  41 E   0.00398 0.21142 0.01386 0.77074 ( 4)
  42 N   0.08377 0.13390 0.29203 0.49030 ( 4)
  43 L   0.00024 0.22641 0.00085 0.77250 ( 4)
  44 D   0.21019 0.01226 0.73268 0.04488 ( 3)
  45 R   0.21269 0.00974 0.74156 0.03601 ( 3)
  46 L   0.19673 0.02595 0.68533 0.09199 ( 3)
  47 A   0.21171 0.01072 0.73810 0.03947 ( 3)
  48 I   0.00267 0.21505 0.00930 0.77297 ( 4)
  49 R   0.21065 0.01179 0.73433 0.04323 ( 3)
  50 L   0.19631 0.02636 0.68386 0.09346 ( 3)
  51 G   0.00028 0.20670 0.00099 0.79203 ( 4)
  52 D   0.20761 0.01486 0.72357 0.05397 ( 3)
  53 G   0.21302 0.00941 0.74274 0.03483 ( 3)
  54 L   0.04654 0.17411 0.16211 0.61725 ( 4)
  55 D   0.07050 0.14761 0.24571 0.53618 ( 4)
  56 P   0.20254 0.01999 0.70573 0.07173 ( 3)
  57 D   0.21018 0.01227 0.73265 0.04491 ( 3)
  58 S   0.21151 0.01093 0.73736 0.04021 ( 3)
  59 M   0.05953 0.15898 0.20746 0.57403 ( 4)
  60 S   0.20234 0.02023 0.70502 0.07242 ( 3)
  61 L   0.21201 0.01042 0.73914 0.03843 ( 3)
  62 A   0.20981 0.01263 0.73136 0.04620 ( 3)
  63 S   0.21147 0.01097 0.73723 0.04033 ( 3)
  64 V   0.21467 0.00776 0.74860 0.02896 ( 3)
  65 T   0.21041 0.01201 0.73351 0.04407 ( 3)
  66 A   0.20981 0.01263 0.73136 0.04620 ( 3)
  67 L   0.21276 0.00968 0.74179 0.03577 ( 3)
  68 T   0.21570 0.00674 0.75227 0.02529 ( 3)
  69 T   0.21570 0.00674 0.75227 0.02529 ( 3)
  70 N   0.21549 0.00695 0.75153 0.02603 ( 3)
  71 V   0.10559 0.11125 0.36822 0.41494 ( 4)
  72 S   0.21138 0.01105 0.73692 0.04065 ( 3)
  73 N   0.21546 0.00698 0.75143 0.02613 ( 3)
  74 K   0.20628 0.01619 0.71891 0.05861 ( 3)
  75 R   0.20458 0.01793 0.71290 0.06460 ( 3)
  76 S   0.21040 0.01205 0.73342 0.04413 ( 3)
  77 K   0.20524 0.01725 0.71523 0.06227 ( 3)
  78 P   0.20561 0.01688 0.71653 0.06098 ( 3)
  79 D   0.20912 0.01333 0.72893 0.04862 ( 3)
  80 I   0.20240 0.02014 0.70524 0.07222 ( 3)
  81 K   0.20524 0.01725 0.71523 0.06227 ( 3)
  82 M   0.21372 0.00872 0.74521 0.03235 ( 3)
  83 E   0.20802 0.01445 0.72502 0.05252 ( 3)
  84 P   0.20561 0.01688 0.71653 0.06098 ( 3)
  85 S   0.10095 0.11612 0.35199 0.43095 ( 4)
  86 A   0.21067 0.01177 0.73440 0.04316 ( 3)
  87 G   0.21187 0.01057 0.73863 0.03893 ( 3)
  88 R   0.20948 0.01297 0.73017 0.04738 ( 3)
  89 P   0.20820 0.01426 0.72565 0.05189 ( 3)
  90 M   0.21361 0.00883 0.74482 0.03275 ( 3)
  91 D   0.00340 0.21363 0.01185 0.77112 ( 4)
  92 Y   0.06932 0.14937 0.24157 0.53974 ( 4)
  93 Q   0.07697 0.14132 0.26828 0.51342 ( 4)
  94 V   0.21509 0.00737 0.75007 0.02748 ( 3)
  95 S   0.21782 0.00466 0.75984 0.01769 ( 3)
  96 V   0.00495 0.21008 0.01727 0.76770 ( 4)
  97 T   0.21228 0.01018 0.74007 0.03748 ( 3)
  98 V   0.20578 0.01672 0.71712 0.06038 ( 3)
  99 I   0.21000 0.01246 0.73199 0.04554 ( 3)
 100 E   0.20956 0.01291 0.73043 0.04710 ( 3)
 101 A   0.21081 0.01159 0.73494 0.04266 ( 3)
 102 R   0.21112 0.01134 0.73597 0.04157 ( 3)
 103 Q   0.21053 0.01193 0.73387 0.04367 ( 3)
 104 L   0.19664 0.02604 0.68502 0.09230 ( 3)
 105 V   0.20580 0.01670 0.71719 0.06031 ( 3)
 106 G   0.21216 0.01030 0.73964 0.03790 ( 3)
 107 L   0.21397 0.00849 0.74607 0.03148 ( 3)
 108 N   0.21588 0.00659 0.75287 0.02467 ( 3)
 109 M   0.07275 0.14612 0.25353 0.52760 ( 4)
 110 D   0.21066 0.01180 0.73433 0.04322 ( 3)
 111 P   0.20985 0.01261 0.73148 0.04606 ( 3)
 112 V   0.20578 0.01672 0.71712 0.06038 ( 3)
 113 V   0.20786 0.01470 0.72437 0.05307 ( 3)
 114 C   0.21834 0.00413 0.76176 0.01577 ( 3)
 115 V   0.20578 0.01672 0.71712 0.06038 ( 3)
 116 E   0.20956 0.01291 0.73043 0.04710 ( 3)
 117 V   0.20578 0.01672 0.71712 0.06038 ( 3)
 118 G   0.21216 0.01030 0.73964 0.03790 ( 3)
 119 D   0.21056 0.01189 0.73400 0.04355 ( 3)
 120 D   0.21066 0.01180 0.73433 0.04322 ( 3)
 121 K   0.20675 0.01574 0.72055 0.05696 ( 3)
 122 K   0.20676 0.01573 0.72058 0.05693 ( 3)
 123 F   0.00384 0.21196 0.01337 0.77083 ( 4)
 124 T   0.21588 0.00657 0.75289 0.02466 ( 3)
 125 S   0.21185 0.01061 0.73853 0.03901 ( 3)
 126 M   0.21510 0.00736 0.75011 0.02744 ( 3)
 127 K   0.20675 0.01574 0.72055 0.05696 ( 3)
 128 E   0.20956 0.01291 0.73043 0.04710 ( 3)
 129 S   0.21185 0.01061 0.73853 0.03901 ( 3)
 130 T   0.21398 0.00847 0.74611 0.03143 ( 3)
 131 N   0.21587 0.00659 0.75284 0.02470 ( 3)
 132 C   0.21837 0.00411 0.76185 0.01568 ( 3)
 133 P   0.20985 0.01261 0.73148 0.04606 ( 3)
 134 Y   0.20847 0.01401 0.72659 0.05094 ( 3)
 135 Y   0.20847 0.01401 0.72659 0.05094 ( 3)
 136 N   0.21588 0.00658 0.75288 0.02466 ( 3)
 137 E   0.20949 0.01297 0.73020 0.04733 ( 3)
 138 Y   0.20154 0.02077 0.70240 0.07529 ( 3)
 139 F   0.20232 0.01995 0.70517 0.07256 ( 3)
 140 V   0.20814 0.01403 0.72575 0.05207 ( 3)
 141 F   0.06032 0.15733 0.21025 0.57210 ( 4)
 142 D   0.20355 0.01871 0.70948 0.06826 ( 3)
 143 F   0.20261 0.01967 0.70618 0.07154 ( 3)
 144 H   0.21585 0.00631 0.75333 0.02451 ( 3)
 145 V   0.20788 0.01429 0.72484 0.05300 ( 3)
 146 S   0.06107 0.15856 0.21280 0.56757 ( 4)
 147 P   0.19698 0.02548 0.68632 0.09122 ( 3)
 148 D   0.05965 0.15760 0.20790 0.57485 ( 4)
 149 V   0.20814 0.01403 0.72575 0.05207 ( 3)
 150 M   0.20815 0.01402 0.72579 0.05203 ( 3)
 151 F   0.20261 0.01967 0.70618 0.07154 ( 3)
 152 D   0.20355 0.01871 0.70948 0.06826 ( 3)
 153 K   0.20005 0.02230 0.69715 0.08049 ( 3)
 154 I   0.20298 0.01930 0.70747 0.07025 ( 3)
 155 I   0.20298 0.01930 0.70747 0.07025 ( 3)
 156 K   0.20005 0.02230 0.69715 0.08049 ( 3)
 157 I   0.20298 0.01930 0.70747 0.07025 ( 3)
 158 S   0.20780 0.01438 0.72455 0.05327 ( 3)
 159 V   0.20122 0.02115 0.70124 0.07638 ( 3)
 160 I   0.19957 0.02286 0.69541 0.08216 ( 3)
 161 H   0.21466 0.00756 0.74891 0.02887 ( 3)
 162 S   0.20700 0.01526 0.72164 0.05610 ( 3)
 163 K   0.05814 0.15360 0.20285 0.58541 ( 4)
 164 N   0.21137 0.01084 0.73716 0.04062 ( 3)
 165 L   0.19354 0.02910 0.67421 0.10315 ( 3)
 166 L   0.19354 0.02910 0.67421 0.10315 ( 3)
 167 R   0.20801 0.01422 0.72524 0.05253 ( 3)
 168 S   0.21013 0.01207 0.73276 0.04504 ( 3)
 169 G   0.20681 0.01542 0.72101 0.05676 ( 3)
 170 T   0.21109 0.01109 0.73620 0.04161 ( 3)
 171 L   0.19326 0.02938 0.67322 0.10415 ( 3)
 172 V   0.20078 0.02158 0.69970 0.07793 ( 3)
 173 G   0.20691 0.01532 0.72135 0.05641 ( 3)
 174 S   0.20650 0.01574 0.71988 0.05788 ( 3)
 175 F   0.20433 0.01794 0.71224 0.06548 ( 3)
 176 K   0.20553 0.01671 0.71648 0.06129 ( 3)
 177 M   0.20998 0.01221 0.73226 0.04554 ( 3)
 178 D   0.20531 0.01695 0.71568 0.06207 ( 3)
 179 V   0.20078 0.02158 0.69970 0.07793 ( 3)
 180 G   0.20821 0.01400 0.72596 0.05183 ( 3)
 181 T   0.21114 0.01104 0.73639 0.04142 ( 3)
 182 V   0.20078 0.02158 0.69970 0.07793 ( 3)
 183 Y   0.20322 0.01909 0.70829 0.06941 ( 3)
 184 S   0.20669 0.01546 0.72064 0.05721 ( 3)
 185 Q   0.20525 0.01701 0.71547 0.06227 ( 3)
 186 P   0.21227 0.00995 0.74034 0.03744 ( 3)
 187 E   0.20145 0.02073 0.70217 0.07565 ( 3)
 188 H   0.21661 0.00574 0.75573 0.02192 ( 3)
 189 Q   0.20797 0.01439 0.72495 0.05268 ( 3)
 190 F   0.20713 0.01524 0.72200 0.05562 ( 3)
 191 H   0.21665 0.00571 0.75585 0.02180 ( 3)
 192 H   0.21667 0.00568 0.75594 0.02170 ( 3)
 193 K   0.20430 0.01812 0.71199 0.06559 ( 3)
 194 W   0.20411 0.01833 0.71131 0.06626 ( 3)
 195 A   0.21000 0.01236 0.73213 0.04551 ( 3)
 196 I   0.20803 0.01435 0.72515 0.05246 ( 3)
 197 L   0.19515 0.02751 0.67982 0.09752 ( 3)
 198 S   0.09242 0.12390 0.32228 0.46140 ( 4)
 199 D   0.07452 0.14280 0.25977 0.52290 ( 4)
 200 P   0.20766 0.01472 0.72385 0.05376 ( 3)
 201 D   0.07763 0.13981 0.27060 0.51195 ( 4)
 202 D   0.20862 0.01376 0.72722 0.05040 ( 3)
 203 I   0.20801 0.01438 0.72506 0.05255 ( 3)
 204 S   0.08021 0.13687 0.27963 0.50328 ( 4)
 205 A   0.21748 0.00488 0.75888 0.01876 ( 3)
 206 G   0.21218 0.01021 0.73980 0.03780 ( 3)
 207 L   0.19563 0.02704 0.68149 0.09585 ( 3)
 208 K   0.00320 0.21336 0.01114 0.77231 ( 4)
 209 G   0.21110 0.01131 0.73594 0.04165 ( 3)
 210 Y   0.07047 0.14750 0.24562 0.53641 ( 4)
 211 V   0.04281 0.17524 0.14921 0.63274 ( 4)
 212 K   0.20574 0.01672 0.71702 0.06052 ( 3)
 213 C   0.21600 0.00642 0.75339 0.02420 ( 3)
 214 D   0.20884 0.01355 0.72800 0.04961 ( 3)
 215 V   0.00017 0.21368 0.00059 0.78556 ( 4)
 216 A   0.21066 0.01173 0.73443 0.04318 ( 3)
 217 V   0.20435 0.01811 0.71213 0.06541 ( 3)
 218 M   0.06475 0.15390 0.22566 0.55569 ( 4)
 219 G   0.21069 0.01170 0.73454 0.04307 ( 3)
 220 K   0.20530 0.01715 0.71549 0.06207 ( 3)
 221 G   0.21205 0.01034 0.73935 0.03826 ( 3)
 222 D   0.20918 0.01322 0.72919 0.04841 ( 3)
 223 N   0.21437 0.00801 0.74762 0.03000 ( 3)
 224 I   0.20857 0.01384 0.72703 0.05056 ( 3)
 225 K   0.20530 0.01715 0.71549 0.06207 ( 3)
 226 T   0.00016 0.21337 0.00056 0.78591 ( 4)
 227 P   0.20837 0.01404 0.72632 0.05127 ( 3)
 228 H   0.21744 0.00496 0.75864 0.01896 ( 3)
 229 K   0.20530 0.01715 0.71549 0.06207 ( 3)
 230 A   0.21073 0.01167 0.73465 0.04296 ( 3)
 231 N   0.21461 0.00778 0.74846 0.02915 ( 3)
 232 E   0.20808 0.01434 0.72528 0.05231 ( 3)
 233 T   0.21078 0.01161 0.73486 0.04275 ( 3)
 234 D   0.00372 0.21146 0.01297 0.77184 ( 4)
 235 E   0.20808 0.01434 0.72528 0.05231 ( 3)
 236 D   0.00358 0.21160 0.01249 0.77233 ( 4)
 237 D   0.20918 0.01322 0.72919 0.04841 ( 3)
 238 I   0.20246 0.02004 0.70547 0.07203 ( 3)
 239 E   0.20808 0.01434 0.72528 0.05231 ( 3)
 240 G   0.21041 0.01190 0.73363 0.04406 ( 3)
 241 N   0.21440 0.00799 0.74771 0.02991 ( 3)
 242 L   0.21262 0.00977 0.74138 0.03623 ( 3)
 243 L   0.19575 0.02692 0.68191 0.09543 ( 3)
 244 L   0.21183 0.01056 0.73858 0.03903 ( 3)
 245 P   0.20811 0.01429 0.72542 0.05218 ( 3)
 246 E   0.00361 0.21163 0.01259 0.77216 ( 4)
 247 G   0.21191 0.01051 0.73881 0.03877 ( 3)
 248 V   0.20439 0.01807 0.71229 0.06525 ( 3)
 249 P   0.20836 0.01405 0.72627 0.05132 ( 3)
 250 P   0.00425 0.20948 0.01482 0.77146 ( 4)
 251 E   0.20824 0.01417 0.72586 0.05173 ( 3)
 252 R   0.21170 0.01069 0.73812 0.03949 ( 3)
 253 Q   0.20910 0.01330 0.72890 0.04869 ( 3)
 254 W   0.20492 0.01753 0.71415 0.06339 ( 3)
 255 A   0.21077 0.01162 0.73482 0.04279 ( 3)
 256 R   0.20970 0.01270 0.73102 0.04658 ( 3)
 257 F   0.20822 0.01419 0.72578 0.05180 ( 3)
 258 Y   0.20687 0.01556 0.72102 0.05654 ( 3)
 259 V   0.20439 0.01807 0.71229 0.06525 ( 3)
 260 K   0.20535 0.01710 0.71565 0.06190 ( 3)
 261 I   0.06109 0.15803 0.21288 0.56800 ( 4)
 262 Y   0.20704 0.01539 0.72162 0.05596 ( 3)
 263 R   0.21688 0.00592 0.75580 0.02141 ( 3)
 264 A   0.21426 0.00814 0.74719 0.03042 ( 3)
 265 E   0.20812 0.01429 0.72545 0.05214 ( 3)
 266 G   0.21181 0.01057 0.73851 0.03911 ( 3)
 267 L   0.19566 0.02701 0.68159 0.09574 ( 3)
 268 P   0.20849 0.01393 0.72673 0.05085 ( 3)
 269 R   0.08886 0.12808 0.30983 0.47323 ( 4)
 270 M   0.21381 0.00858 0.74561 0.03200 ( 3)
 271 N   0.21462 0.00777 0.74850 0.02910 ( 3)
 272 T   0.20973 0.01266 0.73113 0.04648 ( 3)
 273 S   0.12229 0.09406 0.42659 0.35707 ( 3)
 274 L   0.21173 0.01077 0.73808 0.03942 ( 3)
 275 M   0.21381 0.00858 0.74561 0.03200 ( 3)
 276 A   0.21077 0.01162 0.73482 0.04279 ( 3)
 277 N   0.21462 0.00777 0.74850 0.02910 ( 3)
 278 M   0.21381 0.00858 0.74561 0.03200 ( 3)
 279 K   0.20535 0.01710 0.71565 0.06190 ( 3)
 280 K   0.20546 0.01700 0.71603 0.06152 ( 3)
 281 A   0.20942 0.01301 0.72999 0.04758 ( 3)
 282 F   0.20822 0.01419 0.72578 0.05180 ( 3)
 283 I   0.20428 0.01798 0.71205 0.06570 ( 3)
 284 G   0.21694 0.00547 0.75680 0.02079 ( 3)
 285 E   0.20812 0.01429 0.72545 0.05214 ( 3)
 286 N   0.10683 0.10970 0.37257 0.41091 ( 4)
 287 K   0.20535 0.01710 0.71565 0.06190 ( 3)
 288 D   0.20923 0.01317 0.72936 0.04824 ( 3)
 289 L   0.19566 0.02701 0.68159 0.09574 ( 3)
 290 V   0.00676 0.20501 0.02358 0.76464 ( 4)
 291 D   0.20883 0.01356 0.72795 0.04966 ( 3)
 292 P   0.20802 0.01438 0.72509 0.05252 ( 3)
 293 Y   0.20664 0.01578 0.72022 0.05737 ( 3)
 294 V   0.20401 0.01844 0.71095 0.06659 ( 3)
 295 Q   0.21370 0.00866 0.74527 0.03237 ( 3)
 296 V   0.21321 0.00915 0.74350 0.03414 ( 3)
 297 F   0.20735 0.01503 0.72276 0.05485 ( 3)
 298 F   0.20051 0.02198 0.69866 0.07885 ( 3)
 299 A   0.20947 0.01287 0.73028 0.04738 ( 3)
 300 G   0.20952 0.01282 0.73046 0.04720 ( 3)
 301 Q   0.20786 0.01450 0.72458 0.05306 ( 3)
 302 K   0.20416 0.01826 0.71149 0.06609 ( 3)
 303 G   0.21157 0.01086 0.73758 0.03999 ( 3)
 304 K   0.20655 0.01594 0.71983 0.05769 ( 3)
 305 T   0.21372 0.00872 0.74520 0.03236 ( 3)
 306 S   0.20359 0.01901 0.70935 0.06805 ( 3)
 307 V   0.20562 0.01687 0.71657 0.06093 ( 3)
 308 Q   0.21032 0.01213 0.73315 0.04439 ( 3)
 309 K   0.21080 0.01165 0.73483 0.04272 ( 3)
 310 S   0.21767 0.00480 0.75932 0.01822 ( 3)
 311 S   0.21767 0.00480 0.75932 0.01822 ( 3)
 312 Y   0.20777 0.01470 0.72414 0.05339 ( 3)
 313 E   0.20935 0.01311 0.72971 0.04783 ( 3)
 314 P   0.20827 0.01425 0.72585 0.05162 ( 3)
 315 L   0.19650 0.02618 0.68451 0.09281 ( 3)
 316 W   0.20612 0.01637 0.71831 0.05920 ( 3)
 317 N   0.21739 0.00507 0.75834 0.01920 ( 3)
 318 E   0.20935 0.01311 0.72971 0.04783 ( 3)
 319 Q   0.21035 0.01210 0.73326 0.04428 ( 3)
 320 V   0.20676 0.01577 0.72054 0.05693 ( 3)
 321 V   0.10673 0.11017 0.37218 0.41092 ( 4)
 322 F   0.20269 0.01985 0.70627 0.07119 ( 3)
 323 T   0.21067 0.01179 0.73436 0.04318 ( 3)
 324 D   0.21045 0.01200 0.73361 0.04394 ( 3)
 325 L   0.19650 0.02618 0.68451 0.09281 ( 3)
 326 F   0.20919 0.01326 0.72915 0.04840 ( 3)
 327 P   0.20945 0.01300 0.73007 0.04748 ( 3)
 328 P   0.21642 0.00602 0.75487 0.02270 ( 3)
 329 L   0.21301 0.00943 0.74268 0.03488 ( 3)
 330 C   0.21823 0.00424 0.76136 0.01617 ( 3)
 331 K   0.20655 0.01594 0.71983 0.05769 ( 3)
 332 R   0.21288 0.00956 0.74223 0.03532 ( 3)
 333 M   0.10774 0.10921 0.37571 0.40735 ( 4)
 334 K   0.20765 0.01487 0.72366 0.05382 ( 3)
 335 V   0.20812 0.01435 0.72537 0.05217 ( 3)
 336 Q   0.21032 0.01213 0.73315 0.04439 ( 3)
 337 I   0.20984 0.01261 0.73146 0.04609 ( 3)
 338 R   0.21087 0.01158 0.73510 0.04245 ( 3)
 339 D   0.21045 0.01200 0.73361 0.04394 ( 3)
 340 S   0.20182 0.02073 0.70321 0.07423 ( 3)
 341 D   0.21045 0.01200 0.73361 0.04394 ( 3)
 342 K   0.20655 0.01594 0.71983 0.05769 ( 3)
 343 V   0.21485 0.00760 0.74922 0.02833 ( 3)
 344 N   0.21569 0.00676 0.75223 0.02532 ( 3)
 345 D   0.21044 0.01201 0.73358 0.04397 ( 3)
 346 V   0.06607 0.15262 0.23024 0.55108 ( 4)
 347 A   0.09014 0.12722 0.31426 0.46838 ( 4)
 348 I   0.20981 0.01265 0.73133 0.04622 ( 3)
 349 G   0.21194 0.01051 0.73888 0.03867 ( 3)
 350 T   0.21591 0.00654 0.75300 0.02454 ( 3)
 351 H   0.21833 0.00414 0.76174 0.01579 ( 3)
 352 F   0.20943 0.01303 0.72999 0.04756 ( 3)
 353 I   0.20386 0.01865 0.71038 0.06711 ( 3)
 354 D   0.21043 0.01202 0.73355 0.04400 ( 3)
 355 L   0.04636 0.17429 0.16148 0.61787 ( 4)
 356 R   0.21296 0.00949 0.74248 0.03507 ( 3)
 357 K   0.20653 0.01595 0.71977 0.05775 ( 3)
 358 I   0.06594 0.15172 0.22984 0.55250 ( 4)
 359 S   0.21162 0.01082 0.73775 0.03980 ( 3)
 360 N   0.21568 0.00677 0.75220 0.02535 ( 3)
 361 D   0.08094 0.13663 0.28215 0.50028 ( 4)
 362 G   0.21164 0.01080 0.73781 0.03975 ( 3)
 363 D   0.21027 0.01218 0.73297 0.04459 ( 3)
 364 K   0.21084 0.01160 0.73498 0.04257 ( 3)
 365 G   0.21131 0.01116 0.73662 0.04092 ( 3)
 366 F   0.20918 0.01327 0.72913 0.04842 ( 3)
 367 L   0.19657 0.02611 0.68476 0.09257 ( 3)
 368 P   0.20938 0.01307 0.72984 0.04772 ( 3)
 369 T   0.21187 0.01057 0.73864 0.03893 ( 3)
 370 L   0.19634 0.02633 0.68398 0.09334 ( 3)
 371 G   0.21174 0.01069 0.73820 0.03936 ( 3)
 372 P   0.20943 0.01302 0.73000 0.04755 ( 3)
 373 A   0.00576 0.20808 0.02009 0.76607 ( 4)
 374 W   0.20590 0.01658 0.71757 0.05995 ( 3)
 375 V   0.20536 0.01713 0.71567 0.06184 ( 3)
 376 N   0.21551 0.00694 0.75158 0.02598 ( 3)
 377 M   0.21473 0.00771 0.74880 0.02877 ( 3)
 378 Y   0.20756 0.01491 0.72340 0.05414 ( 3)
 379 G   0.21174 0.01069 0.73820 0.03936 ( 3)
 380 S   0.21143 0.01101 0.73709 0.04047 ( 3)
 381 T   0.21077 0.01164 0.73478 0.04281 ( 3)
 382 R   0.21267 0.00976 0.74150 0.03607 ( 3)
 383 N   0.21551 0.00694 0.75158 0.02598 ( 3)
 384 Y   0.20804 0.01442 0.72511 0.05243 ( 3)
 385 T   0.21189 0.01055 0.73870 0.03886 ( 3)
 386 L   0.19634 0.02633 0.68398 0.09334 ( 3)
 387 L   0.19714 0.02555 0.68674 0.09058 ( 3)
 388 D   0.21014 0.01231 0.73250 0.04505 ( 3)
 389 E   0.20913 0.01332 0.72895 0.04860 ( 3)
 390 H   0.21820 0.00426 0.76126 0.01628 ( 3)
 391 Q   0.21011 0.01234 0.73240 0.04515 ( 3)
 392 D   0.08170 0.13590 0.28480 0.49761 ( 4)
 393 L   0.19634 0.02633 0.68398 0.09334 ( 3)
 394 N   0.21618 0.00621 0.75409 0.02352 ( 3)
 395 E   0.01751 0.90770 0.02581 0.04898 ( 2)
 396 G   0.21180 0.01064 0.73840 0.03916 ( 3)
 397 L   0.19639 0.02629 0.68412 0.09320 ( 3)
 398 G   0.21296 0.00947 0.74253 0.03504 ( 3)
 399 E   0.20899 0.01345 0.72848 0.04908 ( 3)
 400 G   0.21159 0.01084 0.73767 0.03990 ( 3)
 401 V   0.20508 0.01740 0.71468 0.06283 ( 3)
 402 S   0.21492 0.00751 0.74949 0.02808 ( 3)
 403 F   0.20893 0.01350 0.72827 0.04929 ( 3)
 404 R   0.21235 0.01007 0.74037 0.03721 ( 3)
 405 A   0.21144 0.01099 0.73713 0.04044 ( 3)
 406 R   0.21203 0.01038 0.73923 0.03836 ( 3)
 407 L   0.21216 0.01025 0.73969 0.03790 ( 3)
 408 M   0.21412 0.00829 0.74666 0.03093 ( 3)
 409 L   0.19588 0.02679 0.68236 0.09497 ( 3)
 410 G   0.21108 0.01133 0.73589 0.04170 ( 3)
 411 L   0.19588 0.02679 0.68236 0.09497 ( 3)
 412 A   0.21787 0.00451 0.76025 0.01737 ( 3)
 413 V   0.06104 0.15751 0.21273 0.56872 ( 4)
 414 E   0.20777 0.01464 0.72419 0.05341 ( 3)
 415 I   0.20826 0.01414 0.72594 0.05166 ( 3)
 416 L   0.19533 0.02733 0.68044 0.09690 ( 3)
 417 D   0.20873 0.01366 0.72760 0.05002 ( 3)
 418 T   0.09032 0.12629 0.31492 0.46847 ( 4)
 419 S   0.20994 0.01244 0.73188 0.04574 ( 3)
 420 N   0.10239 0.11390 0.35708 0.42664 ( 4)
 421 P   0.20123 0.02127 0.70117 0.07633 ( 3)
 422 E   0.20762 0.01478 0.72369 0.05391 ( 3)
 423 L   0.21132 0.01105 0.73676 0.04087 ( 3)
 424 T   0.21440 0.00797 0.74773 0.02990 ( 3)
 425 S   0.21633 0.00610 0.75455 0.02301 ( 3)
 426 S   0.20992 0.01252 0.73174 0.04583 ( 3)
 427 T   0.21016 0.01226 0.73263 0.04495 ( 3)
 428 E   0.00359 0.21225 0.01252 0.77164 ( 4)
 429 V   0.20324 0.01924 0.70824 0.06927 ( 3)
 430 Q   0.20789 0.01453 0.72461 0.05297 ( 3)
 431 V   0.20323 0.01926 0.70818 0.06934 ( 3)
 432 E   0.20700 0.01543 0.72148 0.05610 ( 3)
 433 Q   0.00467 0.20613 0.01628 0.77292 ( 4)
 434 A   0.20945 0.01294 0.73015 0.04745 ( 3)
 435 T   0.07324 0.14440 0.25530 0.52705 ( 4)
 436 P   0.20654 0.01586 0.71989 0.05771 ( 3)
 437 V   0.21193 0.01043 0.73896 0.03868 ( 3)
 438 S   0.20791 0.01451 0.72468 0.05291 ( 3)
 439 E   0.20549 0.01695 0.71615 0.06141 ( 3)
 440 S   0.21591 0.00644 0.75320 0.02445 ( 3)
 441 C   0.21667 0.00569 0.75593 0.02171 ( 3)
 442 V   0.20359 0.01885 0.70950 0.06806 ( 3)
 443 G   0.21128 0.01108 0.73664 0.04100 ( 3)
 444 K   0.20889 0.01347 0.72821 0.04942 ( 3)
 445 M   0.21299 0.00936 0.74275 0.03490 ( 3)
 446 E   0.20737 0.01501 0.72283 0.05478 ( 3)
 447 E   0.20737 0.01501 0.72283 0.05478 ( 3)
 448 F   0.20735 0.01504 0.72274 0.05488 ( 3)
 449 F   0.20082 0.02168 0.69974 0.07776 ( 3)
 450 L   0.21028 0.01208 0.73311 0.04453 ( 3)
 451 F   0.20082 0.02168 0.69974 0.07776 ( 3)
 452 G   0.20974 0.01262 0.73121 0.04643 ( 3)
 453 A   0.20990 0.01246 0.73178 0.04586 ( 3)
 454 L   0.20921 0.01317 0.72930 0.04831 ( 3)
 455 L   0.19509 0.02757 0.67960 0.09774 ( 3)
 456 E   0.20725 0.01513 0.72240 0.05522 ( 3)
 457 A   0.20990 0.01246 0.73178 0.04586 ( 3)
 458 S   0.20000 0.02252 0.69687 0.08061 ( 3)
 459 M   0.21299 0.00936 0.74275 0.03490 ( 3)
 460 I   0.20763 0.01475 0.72373 0.05389 ( 3)
 461 D   0.20830 0.01407 0.72609 0.05154 ( 3)
 462 R   0.20883 0.01354 0.72796 0.04967 ( 3)
 463 K   0.20893 0.01344 0.72834 0.04930 ( 3)
 464 N   0.21520 0.00713 0.75067 0.02701 ( 3)
 465 G   0.20974 0.01262 0.73121 0.04643 ( 3)
 466 D   0.20835 0.01402 0.72630 0.05133 ( 3)
 467 K   0.20450 0.01792 0.71270 0.06488 ( 3)
 468 P   0.20755 0.01484 0.72344 0.05418 ( 3)
 469 I   0.20774 0.01463 0.72414 0.05348 ( 3)
 470 T   0.09770 0.11820 0.34075 0.44335 ( 4)
 471 F   0.20082 0.02168 0.69974 0.07776 ( 3)
 472 E   0.20725 0.01513 0.72240 0.05522 ( 3)
 473 V   0.21298 0.00937 0.74271 0.03494 ( 3)
 474 T   0.21219 0.01016 0.73990 0.03775 ( 3)
 475 I   0.22041 0.00198 0.76971 0.00791 ( 3)
 476 G   0.20972 0.01263 0.73114 0.04651 ( 3)
 477 N   0.21575 0.00671 0.75242 0.02513 ( 3)
 478 Y   0.20783 0.01464 0.72437 0.05316 ( 3)
 479 G   0.21336 0.00909 0.74391 0.03364 ( 3)
 480 N   0.21585 0.00661 0.75277 0.02477 ( 3)
 481 E   0.20954 0.01292 0.73037 0.04717 ( 3)
 482 V   0.21539 0.00708 0.75111 0.02642 ( 3)
 483 D   0.20790 0.01457 0.72460 0.05293 ( 3)
 484 G   0.21229 0.01017 0.74011 0.03743 ( 3)
 485 L   0.19654 0.02614 0.68467 0.09265 ( 3)
 486 S   0.21606 0.00640 0.75352 0.02402 ( 3)
 487 R   0.20804 0.01430 0.72522 0.05245 ( 3)
 488 P   0.20971 0.01275 0.73098 0.04656 ( 3)
 489 Q   0.08306 0.13464 0.28954 0.49276 ( 4)
 490 R   0.21112 0.01134 0.73597 0.04157 ( 3)
 491 P   0.05931 0.16000 0.20665 0.57405 ( 4)
 492 R   0.08231 0.13514 0.28694 0.49560 ( 4)
 493 P   0.20298 0.01957 0.70725 0.07020 ( 3)
 494 R   0.08569 0.13189 0.29871 0.48371 ( 4)
 495 P   0.20298 0.01957 0.70725 0.07020 ( 3)
