26
Bbon       0.0000000 0.0435329 0.0885800 0.1215658 0.0462187 0.0281906 0.0909741 0.0902237 0.0966282 0.1050789 0.0801826 0.0855068 0.0783487 0.0791297 0.1279365 0.0874355 0.0558102 0.0787228 0.0594594 0.1055641 0.1262523 0.0783598 0.0897206 0.0608837 0.0676538 0.1001468 
Bmus       0.0435329 0.0000000 0.0777230 0.0888508 0.0423097 0.0297269 0.0603709 0.0859848 0.0696675 0.0518907 0.0414360 0.0763657 0.0724986 0.0823104 0.0792878 0.0613171 0.0641530 0.0721077 0.0613382 0.1066058 0.0719505 0.0652695 0.0670621 0.0981373 0.0720032 0.0974076 
Ccom       0.0885800 0.0777230 0.0000000 0.0795756 0.0877798 0.0849019 0.0643416 0.0761162 0.0855409 0.0848911 0.0264308 0.0452433 0.0714843 0.0748208 0.0491962 0.0306119 0.0240529 0.0729685 0.0346953 0.1336574 0.0788248 0.0385261 0.0183688 0.0333986 0.0177236 0.0917172 
Chea       0.1215658 0.0888508 0.0795756 0.0000000 0.0995079 0.1028760 0.1067825 0.0968663 0.1130761 0.1199826 0.0563472 0.1044200 0.0784982 0.1091900 0.0950339 0.0839709 0.0811833 0.0776254 0.0656018 0.1446423 0.1012753 0.0429366 0.0593382 0.0726252 0.0706886 0.0837621 
Cmar       0.0462187 0.0423097 0.0877798 0.0995079 0.0000000 0.0400642 0.0794675 0.0805903 0.0688644 0.0911125 0.0757140 0.0894225 0.0612800 0.0758101 0.0901117 0.0781448 0.0739917 0.0872487 0.0704048 0.0874879 0.0785643 0.0780523 0.0617112 0.0710415 0.0660193 0.1032711 
Erob       0.0281906 0.0297269 0.0849019 0.1028760 0.0400642 0.0000000 0.0712428 0.0928209 0.0626424 0.0795621 0.0627604 0.0813781 0.0719069 0.0787519 0.0923485 0.0675559 0.0647140 0.0802062 0.0588246 0.0889849 0.0929223 0.0623847 0.0651959 0.0655683 0.0624135 0.0881342 
Hamp       0.0909741 0.0603709 0.0643416 0.1067825 0.0794675 0.0712428 0.0000000 0.0875742 0.0593810 0.0664904 0.0508247 0.0831975 0.0200249 0.0292767 0.0860398 0.0605905 0.0606204 0.0702242 0.0615622 0.1328933 0.0803788 0.0555919 0.0633243 0.1000968 0.0709127 0.0474203 
Igeo       0.0902237 0.0859848 0.0761162 0.0968663 0.0805903 0.0928209 0.0875742 0.0000000 0.1061252 0.1081845 0.0918204 0.1181145 0.0832461 0.0839533 0.0976377 0.0834987 0.0750530 0.0462454 0.0835541 0.1269309 0.1076505 0.0801658 0.0706192 0.0805268 0.0734797 0.1284080 
Kbre       0.0966282 0.0696675 0.0855409 0.1130761 0.0688644 0.0626424 0.0593810 0.1061252 0.0000000 0.0169683 0.0697832 0.0782573 0.0633026 0.0835734 0.0815341 0.0689857 0.0669266 0.0810967 0.0701767 0.1124569 0.0928933 0.0638379 0.0643999 0.1269277 0.0691841 0.1041743 
Ksim       0.1050789 0.0518907 0.0848911 0.1199826 0.0911125 0.0795621 0.0664904 0.1081845 0.0169683 0.0000000 0.0553149 0.0832609 0.0786970 0.0886431 0.0835949 0.0736414 0.0729183 0.0743619 0.0741773 0.1158676 0.0765760 0.0559270 0.0713853 0.1159833 0.0849683 0.1015609 
Laus       0.0801826 0.0414360 0.0264308 0.0563472 0.0757140 0.0627604 0.0508247 0.0918204 0.0697832 0.0553149 0.0000000 0.0303221 0.0657197 0.0780461 0.0497549 0.0221854 0.0134874 0.0609071 0.0200925 0.1299144 0.0425407 0.0182820 0.0267916 0.0547178 0.0216296 0.0923909 
Lbor       0.0855068 0.0763657 0.0452433 0.1044200 0.0894225 0.0813781 0.0831975 0.1181145 0.0782573 0.0832609 0.0303221 0.0000000 0.0818478 0.0799244 0.0646123 0.0356193 0.0260508 0.0781388 0.0289634 0.1133433 0.0718667 0.0310346 0.0313713 0.0297046 0.0087372 0.1079541 
Meur       0.0783487 0.0724986 0.0714843 0.0784982 0.0612800 0.0719069 0.0200249 0.0832461 0.0633026 0.0786970 0.0657197 0.0818478 0.0000000 0.0266167 0.0911645 0.0761802 0.0706924 0.0703316 0.0656611 0.0870786 0.0822562 0.0602250 0.0585235 0.0661625 0.0673307 0.0515722 
Mgin       0.0791297 0.0823104 0.0748208 0.1091900 0.0758101 0.0787519 0.0292767 0.0839533 0.0835734 0.0886431 0.0780461 0.0799244 0.0266167 0.0000000 0.0770464 0.0778645 0.0737702 0.0871366 0.0777309 0.1146852 0.1022768 0.0722489 0.0741326 0.0686468 0.0802433 0.0645652 
Npho       0.1279365 0.0792878 0.0491962 0.0950339 0.0901117 0.0923485 0.0860398 0.0976377 0.0815341 0.0835949 0.0497549 0.0646123 0.0911645 0.0770464 0.0000000 0.0601146 0.0503737 0.0854157 0.0601167 0.1636430 0.0451126 0.0138721 0.0508447 0.0926962 0.0388822 0.1252035 
Obre       0.0874355 0.0613171 0.0306119 0.0839709 0.0781448 0.0675559 0.0605905 0.0834987 0.0689857 0.0736414 0.0221854 0.0356193 0.0761802 0.0778645 0.0601146 0.0000000 0.0091328 0.0685360 0.0144299 0.1401350 0.0676597 0.0488417 0.0144048 0.0487675 0.0153279 0.0896906 
Ohei       0.0558102 0.0641530 0.0240529 0.0811833 0.0739917 0.0647140 0.0606204 0.0750530 0.0669266 0.0729183 0.0134874 0.0260508 0.0706924 0.0737702 0.0503737 0.0091328 0.0000000 0.0600099 0.0077213 0.1017788 0.0579458 0.0374576 0.0118214 0.0084310 0.0061294 0.0940491 
Pbla       0.0787228 0.0721077 0.0729685 0.0776254 0.0872487 0.0802062 0.0702242 0.0462454 0.0810967 0.0743619 0.0609071 0.0781388 0.0703316 0.0871366 0.0854157 0.0685360 0.0600099 0.0000000 0.0675620 0.0938618 0.0797729 0.0637280 0.0564967 0.0701186 0.0652419 0.1011218 
Pcra       0.0594594 0.0613382 0.0346953 0.0656018 0.0704048 0.0588246 0.0615622 0.0835541 0.0701767 0.0741773 0.0200925 0.0289634 0.0656611 0.0777309 0.0601167 0.0144299 0.0077213 0.0675620 0.0000000 0.0945549 0.0576049 0.0322669 0.0178003 0.0098481 0.0103290 0.0853879 
Pmac       0.1055641 0.1066058 0.1336574 0.1446423 0.0874879 0.0889849 0.1328933 0.1269309 0.1124569 0.1158676 0.1299144 0.1133433 0.0870786 0.1146852 0.1636430 0.1401350 0.1017788 0.0938618 0.0945549 0.0000000 0.1534804 0.1189456 0.1395559 0.0902880 0.0987380 0.1272290 
Ppho       0.1262523 0.0719505 0.0788248 0.1012753 0.0785643 0.0929223 0.0803788 0.1076505 0.0928933 0.0765760 0.0425407 0.0718667 0.0822562 0.1022768 0.0451126 0.0676597 0.0579458 0.0797729 0.0576049 0.1534804 0.0000000 0.0280343 0.0676238 0.1035173 0.0593818 0.1196470 
Pspi       0.0783598 0.0652695 0.0385261 0.0429366 0.0780523 0.0623847 0.0555919 0.0801658 0.0638379 0.0559270 0.0182820 0.0310346 0.0602250 0.0722489 0.0138721 0.0488417 0.0374576 0.0637280 0.0322669 0.1189456 0.0280343 0.0000000 0.0373064 0.0326829 0.0314791 0.0576731 
Schi       0.0897206 0.0670621 0.0183688 0.0593382 0.0617112 0.0651959 0.0633243 0.0706192 0.0643999 0.0713853 0.0267916 0.0313713 0.0585235 0.0741326 0.0508447 0.0144048 0.0118214 0.0564967 0.0178003 0.1395559 0.0676238 0.0373064 0.0000000 0.0493651 0.0043435 0.1056232 
Sflu       0.0608837 0.0981373 0.0333986 0.0726252 0.0710415 0.0655683 0.1000968 0.0805268 0.1269277 0.1159833 0.0547178 0.0297046 0.0661625 0.0686468 0.0926962 0.0487675 0.0084310 0.0701186 0.0098481 0.0902880 0.1035173 0.0326829 0.0493651 0.0000000 0.0084010 0.0903215 
Tadu       0.0676538 0.0720032 0.0177236 0.0706886 0.0660193 0.0624135 0.0709127 0.0734797 0.0691841 0.0849683 0.0216296 0.0087372 0.0673307 0.0802433 0.0388822 0.0153279 0.0061294 0.0652419 0.0103290 0.0987380 0.0593818 0.0314791 0.0043435 0.0084010 0.0000000 0.1023507 
Zcav       0.1001468 0.0974076 0.0917172 0.0837621 0.1032711 0.0881342 0.0474203 0.1284080 0.1041743 0.1015609 0.0923909 0.1079541 0.0515722 0.0645652 0.1252035 0.0896906 0.0940491 0.1011218 0.0853879 0.1272290 0.1196470 0.0576731 0.1056232 0.0903215 0.1023507 0.0000000 
