Supplemental results for CODEML (seqf: /home/leticiamagpali/phd/evol_models/codeml/small_dataset/cml_align/HTT_codon_aligned.phy  treef: /home/leticiamagpali/phd/evol_models/codeml/small_dataset/cml_trees/species_trees/H1a_trees/HTT_tree_H1a.tre)

I	J	ij	2Ns_IJ	pMut_IJ	pSub_IJ	2Ns_JI	pMut_JI	pSub_JI

TTC	TTT	CT	0.40011	0.04742	0.05753	-0.40011	0.07074	0.05753
TTA	TTT	AT	0.89220	0.00395	0.00597	-0.89220	0.00963	0.00597
TTA	TTC	AC	0.49210	0.00772	0.00978	-0.49210	0.01263	0.00978
TTG	TTT	GT	0.48582	0.00856	0.01080	-0.48582	0.01391	0.01080
TTG	TTC	GC	0.08571	0.01674	0.01747	-0.08571	0.01824	0.01747
TTG	TTA	GA	-0.40639	0.07188	0.05826	0.40639	0.04788	0.05826
TCT	TTT	CT	0.43155	0.04595	0.05657	-0.43155	0.07074	0.05657
TCC	TTC	CT	0.58220	0.05182	0.06836	-0.58220	0.09276	0.06836
TCC	TCT	CT	0.55076	0.05182	0.06739	-0.55076	0.08989	0.06739
TCA	TTA	CT	0.26384	0.03330	0.03789	-0.26384	0.04336	0.03789
TCA	TCT	AT	0.72449	0.00593	0.00834	-0.72449	0.01224	0.00834
TCA	TCC	AC	0.17373	0.01160	0.01264	-0.17373	0.01380	0.01264
TCG	TTG	CT	1.70297	0.01712	0.03565	-1.70297	0.09401	0.03565
TCG	TCT	GT	1.75724	0.00305	0.00648	-1.75724	0.01767	0.00648
TCG	TCC	GC	1.20648	0.00596	0.01027	-1.20648	0.01993	0.01027
TCG	TCA	GA	1.03275	0.02561	0.04107	-1.03275	0.07194	0.04107
TAT	TTT	AT	1.29428	0.00264	0.00471	-1.29428	0.00963	0.00471
TAT	TCT	AC	0.86273	0.00517	0.00771	-0.86273	0.01224	0.00771
TAC	TTC	AT	0.55680	0.00724	0.00944	-0.55680	0.01263	0.00944
TAC	TCC	AC	-0.02540	0.01416	0.01398	0.02540	0.01380	0.01398
TAC	TAT	CT	-0.33737	0.04064	0.03417	0.33737	0.02900	0.03417
TGT	TTT	GT	1.06301	0.00481	0.00780	-1.06301	0.01391	0.00780
TGT	TCT	GC	0.63146	0.00940	0.01268	-0.63146	0.01767	0.01268
TGT	TAT	GA	-0.23127	0.04036	0.03587	0.23127	0.03203	0.03587
TGC	TTC	GT	1.09224	0.00612	0.01006	-1.09224	0.01824	0.01006
TGC	TCC	GC	0.51004	0.01197	0.01528	-0.51004	0.01993	0.01528
TGC	TAC	GA	0.53544	0.05139	0.06637	-0.53544	0.08779	0.06637
TGC	TGT	CT	0.42934	0.03436	0.04226	-0.42934	0.05278	0.04226
TGG	TTG	GT	1.33897	0.00485	0.00879	-1.33897	0.01849	0.00879
TGG	TCG	GC	-0.36400	0.00948	0.00786	0.36400	0.00659	0.00786
TGG	TGT	GT	0.76178	0.00485	0.00692	-0.76178	0.01038	0.00692
TGG	TGC	GC	0.33244	0.00948	0.01114	-0.33244	0.01322	0.01114
CTT	TTT	CT	0.41772	0.04659	0.05699	-0.41772	0.07074	0.05699
CTC	TTC	CT	0.25868	0.07161	0.08128	-0.25868	0.09276	0.08128
CTC	CTT	CT	0.24106	0.07161	0.08059	-0.24106	0.09114	0.08059
CTA	TTA	CT	1.00679	0.01584	0.02513	-1.00679	0.04336	0.02513
CTA	CTT	AT	1.48127	0.00282	0.00541	-1.48127	0.01241	0.00541
CTA	CTC	AC	1.24021	0.00552	0.00963	-1.24021	0.01908	0.00963
CTG	TTG	CT	-0.47428	0.15106	0.11806	0.47428	0.09401	0.11806
CTG	CTT	GT	-0.40618	0.02690	0.02181	0.40618	0.01792	0.02181
CTG	CTC	GC	-0.64724	0.05262	0.03742	0.64724	0.02755	0.03742
CTG	CTA	GA	-1.88745	0.22595	0.07612	1.88745	0.03422	0.07612
CCT	TCT	CT	0.86171	0.03797	0.05665	-0.86171	0.08989	0.05665
CCT	CTT	CT	0.87554	0.03797	0.05699	-0.87554	0.09114	0.05699
CCC	TCC	CT	0.76696	0.04708	0.06742	-0.76696	0.10137	0.06742
CCC	CTC	CT	1.09049	0.04708	0.07732	-1.09049	0.14009	0.07732
CCC	CCT	CT	0.45601	0.04708	0.05863	-0.45601	0.07428	0.05863
CCA	TCA	CT	0.97043	0.02469	0.03857	-0.97043	0.06515	0.03857
CCA	CTA	CT	0.22747	0.02469	0.02760	-0.22747	0.03099	0.02760
CCA	CCT	AT	0.83321	0.00440	0.00648	-0.83321	0.01011	0.00648
CCA	CCC	AC	0.37719	0.00860	0.01032	-0.37719	0.01254	0.01032
CCG	TCG	CT	0.12053	0.02969	0.03152	-0.12053	0.03350	0.03152
CCG	CTG	CT	2.29778	0.02969	0.07585	-2.29778	0.29549	0.07585
CCG	CCT	GT	1.01606	0.00529	0.00842	-1.01606	0.01461	0.00842
CCG	CCC	GC	0.56004	0.01034	0.01351	-0.56004	0.01811	0.01351
CCG	CCA	GA	0.18285	0.04441	0.04860	-0.18285	0.05332	0.04860
CAT	TAT	CT	0.52048	0.01724	0.02211	-0.52048	0.02900	0.02211
CAT	CTT	AT	1.39704	0.00307	0.00570	-1.39704	0.01241	0.00570
CAT	CCT	AC	0.52150	0.00600	0.00771	-0.52150	0.01011	0.00771
CAC	TAC	CT	0.29434	0.05923	0.06838	-0.29434	0.07951	0.06838
CAC	CTC	AT	0.59246	0.01055	0.01398	-0.59246	0.01908	0.01398
CAC	CCC	AC	-0.49802	0.02063	0.01592	0.49802	0.01254	0.01592
CAC	CAT	CT	-0.56351	0.05923	0.04410	0.56351	0.03372	0.04410
CAA	CTA	AT	0.26734	0.00323	0.00368	-0.26734	0.00422	0.00368
CAA	CCA	AC	0.03987	0.00632	0.00645	-0.03987	0.00658	0.00645
CAA	CAT	AT	0.35158	0.00323	0.00383	-0.35158	0.00459	0.00383
CAA	CAC	AC	0.91509	0.00632	0.00964	-0.91509	0.01578	0.00964
CAG	CTG	AT	0.71778	0.01963	0.02751	-0.71778	0.04024	0.02751
CAG	CCG	AC	-1.58000	0.03840	0.01574	1.58000	0.00791	0.01574
CAG	CAT	GT	-1.08544	0.01963	0.01087	1.08544	0.00663	0.01087
CAG	CAC	GC	-0.52193	0.03840	0.02925	0.52193	0.02278	0.02925
CAG	CAA	GA	-1.43702	0.16487	0.07385	1.43702	0.03918	0.07385
CGT	TGT	CT	1.52249	0.01152	0.02242	-1.52249	0.05278	0.02242
CGT	CTT	GT	2.16778	0.00205	0.00502	-2.16778	0.01792	0.00502
CGT	CCT	GC	1.29224	0.00401	0.00715	-1.29224	0.01461	0.00715
CGT	CAT	GA	0.77074	0.01722	0.02471	-0.77074	0.03723	0.02471
CGC	TGC	CT	1.07264	0.02299	0.03749	-1.07264	0.06721	0.03749
CGC	CTC	GT	1.90620	0.00409	0.00917	-1.90620	0.02755	0.00917
CGC	CCC	GC	0.81571	0.00801	0.01172	-0.81571	0.01811	0.01172
CGC	CAC	GA	1.31374	0.03439	0.06179	-1.31374	0.12794	0.06179
CGC	CGT	CT	-0.02051	0.02299	0.02276	0.02051	0.02253	0.02276
CGA	CTA	GT	1.85692	0.00095	0.00209	-1.85692	0.00609	0.00209
CGA	CCA	GC	1.62945	0.00186	0.00377	-1.62945	0.00950	0.00377
CGA	CAA	GA	1.58957	0.00799	0.01596	-1.58957	0.03918	0.01596
CGA	CGT	AT	1.17041	0.00095	0.00161	-1.17041	0.00307	0.00161
CGA	CGC	AC	1.19092	0.00186	0.00319	-1.19092	0.00612	0.00319
CGG	TGG	CT	0.60026	0.02920	0.03884	-0.60026	0.05322	0.03884
CGG	CTG	GT	2.41350	0.00520	0.01379	-2.41350	0.05810	0.01379
CGG	CCG	GC	0.11573	0.01017	0.01077	-0.11573	0.01142	0.01077
CGG	CAG	GA	1.69572	0.04368	0.09071	-1.69572	0.23809	0.09071
CGG	CGT	GT	-0.16046	0.00520	0.00479	0.16046	0.00443	0.00479
CGG	CGC	GC	-0.13994	0.01017	0.00948	0.13994	0.00884	0.00948
CGG	CGA	GA	-1.33087	0.04368	0.02088	1.33087	0.01154	0.02088
ATT	TTT	AT	0.46159	0.00607	0.00758	-0.46159	0.00963	0.00758
ATT	CTT	AC	0.04387	0.01188	0.01214	-0.04387	0.01241	0.01214
ATC	TTC	AT	0.08970	0.01155	0.01207	-0.08970	0.01263	0.01207
ATC	CTC	AC	-0.16898	0.02259	0.02073	0.16898	0.01908	0.02073
ATC	ATT	CT	0.02822	0.06484	0.06576	-0.02822	0.06670	0.06576
ATA	TTA	AT	0.65421	0.00307	0.00418	-0.65421	0.00590	0.00418
ATA	CTA	AC	-0.35258	0.00600	0.00501	0.35258	0.00422	0.00501
ATA	ATT	AT	1.08482	0.00307	0.00503	-1.08482	0.00908	0.00503
ATA	ATC	AC	1.05661	0.00600	0.00972	-1.05661	0.01727	0.00972
ATG	TTG	AT	0.24104	0.01006	0.01132	-0.24104	0.01280	0.01132
ATG	CTG	AC	0.71531	0.01968	0.02755	-0.71531	0.04024	0.02755
ATG	ATT	GT	0.26526	0.01006	0.01145	-0.26526	0.01311	0.01145
ATG	ATC	GC	0.23705	0.01968	0.02210	-0.23705	0.02494	0.02210
ATG	ATA	GA	-0.81956	0.08449	0.05455	0.81956	0.03723	0.05455
ACT	TCT	AT	0.98505	0.00457	0.00719	-0.98505	0.01224	0.00719
ACT	CCT	AC	0.12334	0.00894	0.00950	-0.12334	0.01011	0.00950
ACT	ATT	CT	0.95501	0.02567	0.03984	-0.95501	0.06670	0.03984
ACC	TCC	AT	0.20377	0.01126	0.01244	-0.20377	0.01380	0.01244
ACC	CCC	AC	-0.56320	0.02202	0.01640	0.56320	0.01254	0.01640
ACC	ATC	CT	0.69627	0.06322	0.08777	-0.69627	0.12684	0.08777
ACC	ACT	CT	-0.23052	0.06322	0.05621	0.23052	0.05021	0.05621
ACA	TCA	AT	0.77807	0.00407	0.00586	-0.77807	0.00887	0.00586
ACA	CCA	AC	-0.19236	0.00797	0.00723	0.19236	0.00658	0.00723
ACA	ATA	CT	0.38769	0.02288	0.02760	-0.38769	0.03372	0.02760
ACA	ACT	AT	0.51751	0.00407	0.00522	-0.51751	0.00684	0.00522
ACA	ACC	AC	0.74803	0.00797	0.01132	-0.74803	0.01684	0.01132
ACG	TCG	AT	-0.26377	0.00594	0.00519	0.26377	0.00456	0.00519
ACG	CCG	AC	-0.38430	0.01162	0.00953	0.38430	0.00791	0.00953
ACG	ATG	CT	1.19817	0.03334	0.05721	-1.19817	0.11050	0.05721
ACG	ACT	GT	0.50842	0.00594	0.00757	-0.50842	0.00987	0.00757
ACG	ACC	GC	0.73894	0.01162	0.01643	-0.73894	0.02432	0.01643
ACG	ACA	GA	-0.00909	0.04987	0.04965	0.00909	0.04942	0.04965
AAT	TAT	AT	0.13484	0.00345	0.00369	-0.13484	0.00395	0.00369
AAT	CAT	AC	-0.38564	0.00675	0.00553	0.38564	0.00459	0.00553
AAT	ATT	AT	0.96753	0.00345	0.00539	-0.96753	0.00908	0.00539
AAT	ACT	AC	0.01252	0.00675	0.00679	-0.01252	0.00684	0.00679
AAC	TAC	AT	0.50391	0.00654	0.00833	-0.50391	0.01083	0.00833
AAC	CAC	AC	0.20957	0.01280	0.01418	-0.20957	0.01578	0.01418
AAC	ATC	AT	0.97101	0.00654	0.01022	-0.97101	0.01727	0.01022
AAC	ACC	AC	0.27474	0.01280	0.01463	-0.27474	0.01684	0.01463
AAC	AAT	CT	0.03170	0.03673	0.03731	-0.03170	0.03791	0.03731
AAA	CAA	AC	-0.89723	0.01185	0.00732	0.89723	0.00483	0.00732
AAA	ATA	AT	-0.27731	0.00606	0.00526	0.27731	0.00459	0.00526
AAA	ACA	AC	-0.66500	0.01185	0.00834	0.66500	0.00609	0.00834
AAA	AAT	AT	-0.16001	0.00606	0.00559	0.16001	0.00516	0.00559
AAA	AAC	AC	-0.19171	0.01185	0.01075	0.19171	0.00978	0.01075
AAG	CAG	AC	0.49297	0.01793	0.02272	-0.49297	0.02936	0.02272
AAG	ATG	AT	0.49544	0.00917	0.01163	-0.49544	0.01505	0.01163
AAG	ACG	AC	-0.70273	0.01793	0.01236	0.70273	0.00888	0.01236
AAG	AAT	GT	-0.20683	0.00917	0.00825	0.20683	0.00745	0.00825
AAG	AAC	GC	-0.23853	0.01793	0.01588	0.23853	0.01413	0.01588
AAG	AAA	GA	-0.04682	0.07700	0.07522	0.04682	0.07348	0.07522
AGT	TGT	AT	0.36300	0.00500	0.00596	-0.36300	0.00719	0.00596
AGT	CGT	AC	-1.15949	0.00978	0.00518	1.15949	0.00307	0.00518
AGT	ATT	GT	0.96442	0.00500	0.00779	-0.96442	0.01311	0.00779
AGT	ACT	GC	0.00942	0.00978	0.00983	-0.00942	0.00987	0.00983
AGT	AAT	GA	-0.00310	0.04199	0.04193	0.00310	0.04186	0.04193
AGC	TGC	AT	-0.36792	0.01322	0.01094	0.36792	0.00915	0.01094
AGC	CGC	AC	-1.44056	0.02587	0.01156	1.44056	0.00612	0.01156
AGC	ATC	GT	0.63462	0.01322	0.01786	-0.63462	0.02494	0.01786
AGC	ACC	GC	-0.06165	0.02587	0.02508	0.06165	0.02432	0.02508
AGC	AAC	GA	-0.33639	0.11106	0.09343	0.33639	0.07934	0.09343
AGC	AGT	CT	-0.30159	0.07425	0.06361	0.30159	0.05492	0.06361
AGA	CGA	AC	-1.97309	0.01024	0.00326	1.97309	0.00142	0.00326
AGA	ATA	GT	0.23640	0.00523	0.00588	-0.23640	0.00663	0.00588
AGA	ACA	GC	-0.15129	0.01024	0.00948	0.15129	0.00880	0.00948
AGA	AAA	GA	0.51371	0.04396	0.05622	-0.51371	0.07348	0.05622
AGA	AGT	AT	0.35680	0.00523	0.00622	-0.35680	0.00748	0.00622
AGA	AGC	AC	0.65839	0.01024	0.01398	-0.65839	0.01978	0.01398
AGG	TGG	AT	-0.02605	0.00744	0.00734	0.02605	0.00725	0.00734
AGG	CGG	AC	-0.62631	0.01455	0.01047	0.62631	0.00778	0.01047
AGG	ATG	GT	1.07188	0.00744	0.01212	-1.07188	0.02173	0.01212
AGG	ACG	GC	-0.12629	0.01455	0.01365	0.12629	0.01283	0.01365
AGG	AAG	GA	0.57645	0.06248	0.08221	-0.57645	0.11120	0.08221
AGG	AGT	GT	0.37272	0.00744	0.00891	-0.37272	0.01080	0.00891
AGG	AGC	GC	0.67431	0.01455	0.02001	-0.67431	0.02856	0.02001
AGG	AGA	GA	0.01592	0.06248	0.06298	-0.01592	0.06348	0.06298
GTT	TTT	GT	0.96479	0.00530	0.00826	-0.96479	0.01391	0.00826
GTT	CTT	GC	0.54707	0.01037	0.01346	-0.54707	0.01792	0.01346
GTT	ATT	GA	0.50320	0.04453	0.05666	-0.50320	0.07365	0.05666
GTC	TTC	GT	0.45948	0.01152	0.01437	-0.45948	0.01824	0.01437
GTC	CTC	GC	0.20080	0.02254	0.02487	-0.20080	0.02755	0.02487
GTC	ATC	GA	0.36978	0.09676	0.11575	-0.36978	0.14006	0.11575
GTC	GTT	CT	-0.10520	0.06469	0.06135	0.10520	0.05823	0.06135
GTA	TTA	GT	1.49254	0.00192	0.00369	-1.49254	0.00853	0.00369
GTA	CTA	GC	0.48575	0.00375	0.00473	-0.48575	0.00609	0.00473
GTA	ATA	GA	0.83833	0.01610	0.02378	-0.83833	0.03723	0.02378
GTA	GTT	AT	1.41996	0.00192	0.00359	-1.41996	0.00793	0.00359
GTA	GTC	AC	1.52516	0.00375	0.00731	-1.52516	0.01723	0.00731
GTG	TTG	GT	-0.00711	0.01862	0.01855	0.00711	0.01849	0.01855
GTG	CTG	GC	0.46717	0.03642	0.04559	-0.46717	0.05810	0.04559
GTG	ATG	GA	-0.24814	0.15637	0.13777	0.24814	0.12201	0.13777
GTG	GTT	GT	-0.48608	0.01862	0.01446	0.48608	0.01145	0.01446
GTG	GTC	GC	-0.38088	0.03642	0.02992	0.38088	0.02488	0.02992
GTG	GTA	GA	-1.90604	0.15637	0.05205	1.90604	0.02325	0.05205
GCT	TCT	GT	0.62336	0.00948	0.01273	-0.62336	0.01767	0.01273
GCT	CCT	GC	-0.23835	0.01854	0.01642	0.23835	0.01461	0.01642
GCT	ACT	GA	-0.36169	0.07959	0.06607	0.36169	0.05544	0.06607
GCT	GTT	CT	0.09012	0.05321	0.05565	-0.09012	0.05823	0.05565
GCC	TCC	GT	0.26103	0.01535	0.01744	-0.26103	0.01993	0.01744
GCC	CCC	GC	-0.50593	0.03003	0.02307	0.50593	0.01811	0.02307
GCC	ACC	GA	0.05726	0.12896	0.13269	-0.05726	0.13656	0.13269
GCC	GTC	CT	0.38375	0.08622	0.10381	-0.38375	0.12655	0.10381
GCC	GCT	CT	0.18843	0.08622	0.09459	-0.18843	0.10409	0.09459
GCA	TCA	GT	0.53640	0.00749	0.00968	-0.53640	0.01281	0.00968
GCA	CCA	GC	-0.43402	0.01466	0.01171	0.43402	0.00950	0.01171
GCA	ACA	GA	-0.24166	0.06293	0.05563	0.24166	0.04942	0.05563
GCA	GTA	CT	-0.69231	0.04207	0.02918	0.69231	0.02105	0.02918
GCA	GCT	AT	0.63753	0.00749	0.01013	-0.63753	0.01417	0.01013
GCA	GCC	AC	0.44910	0.01466	0.01819	-0.44910	0.02297	0.01819
GCG	TCG	GT	0.31394	0.00481	0.00561	-0.31394	0.00659	0.00561
GCG	CCG	GC	0.19341	0.00941	0.01035	-0.19341	0.01142	0.01035
GCG	ACG	GA	0.57770	0.04042	0.05321	-0.57770	0.07202	0.05321
GCG	GTG	CT	2.02402	0.02702	0.06301	-2.02402	0.20451	0.06301
GCG	GCT	GT	1.44782	0.00481	0.00911	-1.44782	0.02047	0.00911
GCG	GCC	GC	1.25939	0.00941	0.01655	-1.25939	0.03316	0.01655
GCG	GCA	GA	0.81028	0.04042	0.05898	-0.81028	0.09088	0.05898
GAT	TAT	GT	-0.26295	0.00742	0.00649	0.26295	0.00570	0.00649
GAT	CAT	GC	-0.78343	0.01451	0.00956	0.78343	0.00663	0.00956
GAT	AAT	GA	-0.39779	0.06231	0.05074	0.39779	0.04186	0.05074
GAT	GTT	AT	0.06654	0.00742	0.00767	-0.06654	0.00793	0.00767
GAT	GCT	AC	-0.02358	0.01451	0.01434	0.02358	0.01417	0.01434
GAC	TAC	GT	0.04194	0.01499	0.01531	-0.04194	0.01563	0.01531
GAC	CAC	GC	-0.25240	0.02933	0.02578	0.25240	0.02278	0.02578
GAC	AAC	GA	-0.46197	0.12592	0.09907	0.46197	0.07934	0.09907
GAC	GTC	AT	0.13926	0.01499	0.01606	-0.13926	0.01723	0.01606
GAC	GCC	AC	-0.24449	0.02933	0.02589	0.24449	0.02297	0.02589
GAC	GAT	CT	-0.03248	0.08418	0.08282	0.03248	0.08149	0.08282
GAA	CAA	GC	-0.94551	0.01796	0.01079	0.94551	0.00698	0.01079
GAA	AAA	GA	-0.04828	0.07712	0.07527	0.04828	0.07348	0.07527
GAA	GTA	AT	-1.16392	0.00918	0.00485	1.16392	0.00287	0.00485
GAA	GCA	AC	-0.47161	0.01796	0.01406	0.47161	0.01121	0.01406
GAA	GAT	AT	0.18950	0.00918	0.01008	-0.18950	0.01110	0.01008
GAA	GAC	AC	0.22198	0.01796	0.02003	-0.22198	0.02242	0.02003
GAG	CAG	GC	0.17867	0.03546	0.03872	-0.17867	0.04240	0.03872
GAG	AAG	GA	-0.31430	0.15226	0.12959	0.31430	0.11120	0.12959
GAG	GTG	AT	0.42928	0.01813	0.02230	-0.42928	0.02785	0.02230
GAG	GCG	AC	-1.59473	0.03546	0.01440	1.59473	0.00720	0.01440
GAG	GAT	GT	-0.12334	0.01813	0.01703	0.12334	0.01602	0.01703
GAG	GAC	GC	-0.09085	0.03546	0.03388	0.09085	0.03238	0.03388
GAG	GAA	GA	-0.31283	0.15226	0.12969	0.31283	0.11136	0.12969
GGT	TGT	GT	1.38935	0.00259	0.00479	-1.38935	0.01038	0.00479
GGT	CGT	GC	-0.13314	0.00506	0.00473	0.13314	0.00443	0.00473
GGT	AGT	GA	1.02635	0.02173	0.03475	-1.02635	0.06064	0.03475
GGT	GTT	GT	1.48757	0.00259	0.00497	-1.48757	0.01145	0.00497
GGT	GCT	GC	1.39745	0.00506	0.00939	-1.39745	0.02047	0.00939
GGT	GAT	GA	1.42103	0.02173	0.04070	-1.42103	0.08998	0.04070
GGC	TGC	GT	0.52895	0.00779	0.01003	-0.52895	0.01322	0.01003
GGC	CGC	GC	-0.54369	0.01523	0.01147	0.54369	0.00884	0.01147
GGC	AGC	GA	0.89687	0.06541	0.09907	-0.89687	0.16038	0.09907
GGC	GTC	GT	1.16171	0.00779	0.01317	-1.16171	0.02488	0.01317
GGC	GCC	GC	0.77796	0.01523	0.02192	-0.77796	0.03316	0.02192
GGC	GAC	GA	1.02245	0.06541	0.10445	-1.02245	0.18184	0.10445
GGC	GGT	CT	-0.43106	0.04373	0.03498	0.43106	0.02842	0.03498
GGA	CGA	GC	-1.54084	0.00960	0.00403	1.54084	0.00206	0.00403
GGA	AGA	GA	0.43225	0.04120	0.05075	-0.43225	0.06348	0.05075
GGA	GTA	GT	-0.16968	0.00491	0.00450	0.16968	0.00414	0.00450
GGA	GCA	GC	0.52263	0.00960	0.01232	-0.52263	0.01618	0.01232
GGA	GAA	GA	0.99424	0.04120	0.06503	-0.99424	0.11136	0.06503
GGA	GGT	AT	-0.23729	0.00491	0.00435	0.23729	0.00387	0.00435
GGA	GGC	AC	0.19377	0.00960	0.01056	-0.19377	0.01165	0.01056
GGG	TGG	GT	0.40654	0.00697	0.00848	-0.40654	0.01047	0.00848
GGG	CGG	GC	-0.19371	0.01363	0.01236	0.19371	0.01123	0.01236
GGG	AGG	GA	0.43260	0.05854	0.07211	-0.43260	0.09023	0.07211
GGG	GTG	GT	1.75262	0.00697	0.01478	-1.75262	0.04021	0.01478
GGG	GCG	GC	-0.27139	0.01363	0.01187	0.27139	0.01039	0.01187
GGG	GAG	GA	1.32334	0.05854	0.10558	-1.32334	0.21988	0.10558
GGG	GGT	GT	-0.22103	0.00697	0.00623	0.22103	0.00559	0.00623
GGG	GGC	GC	0.21003	0.01363	0.01512	-0.21003	0.01682	0.01512
GGG	GGA	GA	0.01626	0.05854	0.05902	-0.01626	0.05950	0.05902


Histograms
2Ns	FMut	FSub(CodonUsage)	FSubw(after w)

-2.29857	0.02117	0.00598
-2.06872	0.01393	0.00475
-1.83886	0.02837	0.01071
-1.60900	0.03199	0.01400
-1.37914	0.04904	0.02545
-1.14929	0.03250	0.01947
-0.91943	0.07968	0.05372
-0.68957	0.06480	0.05075
-0.45971	0.14634	0.12888
-0.22986	0.12031	0.11805
0.00000	0.12259	0.13645
0.22986	0.09400	0.11805
0.45971	0.09320	0.12888
0.68957	0.03331	0.05075
0.91943	0.03144	0.05372
1.14929	0.01047	0.01947
1.37914	0.01244	0.02545
1.60900	0.00617	0.01400
1.83886	0.00434	0.01071
2.06872	0.00183	0.00475
2.29857	0.00209	0.00598

Proportion of advantageous (S > 0) mutations:
 0.34922

Proportions of good & bad mutations (|S| > 2.0000) among mutations:
0.00383  0.03449

mean |Ns| = 0.67867	mean Ns+ = 0.49967	mean Ns- = -0.77473


MLEs of dN/dS (w) for site classes (K=4)

site class             0        1       2a       2b
proportion       0.84277  0.14848  0.00745  0.00131
background w     0.03632  0.97294  0.03632  0.97294
foreground w     0.03632  0.97294  0.00000  0.00000

Naive Empirical Bayes (NEB) probabilities for 4 classes
(amino acids refer to 1st sequence: Bbon)

   1 N   0.93885 0.05235 0.00831 0.00049 ( 1)
   2 S   0.90231 0.08890 0.00798 0.00081 ( 1)
   3 P   0.90939 0.08182 0.00804 0.00075 ( 1)
   4 E   0.90953 0.08167 0.00805 0.00075 ( 1)
   5 F   0.91603 0.07517 0.00810 0.00069 ( 1)
   6 Q   0.88381 0.10741 0.00781 0.00097 ( 1)
   7 K   0.92258 0.06862 0.00816 0.00063 ( 1)
   8 L   0.90067 0.09054 0.00797 0.00082 ( 1)
   9 L   0.86834 0.12288 0.00767 0.00110 ( 1)
  10 G   0.93283 0.05837 0.00826 0.00054 ( 1)
  11 I   0.91281 0.07840 0.00808 0.00072 ( 1)
  12 A   0.90138 0.08983 0.00797 0.00082 ( 1)
  13 M   0.35915 0.63176 0.00318 0.00591 ( 2)
  14 E   0.90953 0.08167 0.00805 0.00075 ( 1)
  15 L   0.90026 0.09095 0.00796 0.00083 ( 1)
  16 F   0.91603 0.07517 0.00810 0.00069 ( 1)
  17 L   0.86834 0.12288 0.00767 0.00110 ( 1)
  18 L   0.86834 0.12288 0.00767 0.00110 ( 1)
  19 C   0.91962 0.07158 0.00814 0.00066 ( 1)
  20 S   0.91470 0.07650 0.00809 0.00070 ( 1)
  21 D   0.90794 0.08327 0.00803 0.00076 ( 1)
  22 D   0.91065 0.08056 0.00806 0.00074 ( 1)
  23 A   0.90070 0.09051 0.00797 0.00082 ( 1)
  24 E   0.90512 0.08609 0.00801 0.00079 ( 1)
  25 S   0.89736 0.09385 0.00794 0.00085 ( 1)
  26 D   0.90794 0.08327 0.00803 0.00076 ( 1)
  27 V   0.91676 0.07445 0.00811 0.00069 ( 1)
  28 R   0.92499 0.06621 0.00819 0.00061 ( 1)
  29 M   0.93439 0.05681 0.00827 0.00053 ( 1)
  30 V   0.89566 0.09555 0.00792 0.00087 ( 1)
  31 A   0.90231 0.08890 0.00798 0.00081 ( 1)
  32 D   0.91164 0.07957 0.00807 0.00073 ( 1)
  33 E   0.90512 0.08609 0.00801 0.00079 ( 1)
  34 C   0.91962 0.07158 0.00814 0.00066 ( 1)
  35 L   0.89993 0.09128 0.00796 0.00083 ( 1)
  36 N   0.94416 0.04703 0.00836 0.00044 ( 1)
  37 K   0.32732 0.66364 0.00290 0.00614 ( 2)
  38 V   0.91676 0.07445 0.00811 0.00069 ( 1)
  39 I   0.94236 0.04887 0.00833 0.00044 ( 1)
  40 K   0.92071 0.07052 0.00814 0.00063 ( 1)
  41 -   0.92825 0.06299 0.00820 0.00056 ( 1)
  42 -   0.91728 0.07395 0.00811 0.00066 ( 1)
  43 -   0.88932 0.10191 0.00786 0.00090 ( 1)
  44 -   0.89849 0.09274 0.00794 0.00082 ( 1)
  45 -   0.91508 0.07616 0.00809 0.00068 ( 1)
  46 -   0.89685 0.09438 0.00792 0.00084 ( 1)
  47 -   0.86288 0.12837 0.00762 0.00114 ( 1)
  48 -   0.91974 0.07149 0.00813 0.00064 ( 1)
  49 -   0.88932 0.10191 0.00786 0.00090 ( 1)
  50 -   0.89505 0.09619 0.00791 0.00085 ( 1)
  51 -   0.86246 0.12878 0.00762 0.00114 ( 1)
  52 -   0.88954 0.10170 0.00786 0.00090 ( 1)
  53 -   0.91002 0.08122 0.00804 0.00072 ( 1)
  54 -   0.90200 0.08924 0.00797 0.00079 ( 1)
  55 -   0.89505 0.09619 0.00791 0.00085 ( 1)
  56 -   0.89249 0.09875 0.00789 0.00088 ( 1)
  57 -   0.86246 0.12878 0.00762 0.00114 ( 1)
  58 -   0.88932 0.10191 0.00786 0.00090 ( 1)
  59 -   0.89807 0.09317 0.00794 0.00083 ( 1)
  60 -   0.88747 0.10376 0.00784 0.00092 ( 1)
  61 -   0.90756 0.08368 0.00802 0.00074 ( 1)
  62 -   0.91508 0.07616 0.00809 0.00068 ( 1)
  63 -   0.89849 0.09274 0.00794 0.00082 ( 1)
  64 -   0.87480 0.11644 0.00773 0.00103 ( 1)
  65 -   0.90783 0.08341 0.00802 0.00074 ( 1)
  66 -   0.90518 0.08606 0.00800 0.00076 ( 1)
  67 -   0.91002 0.08122 0.00804 0.00072 ( 1)
  68 P   0.90995 0.08128 0.00804 0.00072 ( 1)
  69 Y   0.91484 0.07639 0.00808 0.00068 ( 1)
  70 L   0.88242 0.10882 0.00780 0.00097 ( 1)
  71 V   0.93624 0.05499 0.00828 0.00049 ( 1)
  72 N   0.94185 0.04938 0.00833 0.00044 ( 1)
  73 L   0.89880 0.09243 0.00794 0.00082 ( 1)
  74 L   0.88242 0.10882 0.00780 0.00097 ( 1)
  75 P   0.90995 0.08128 0.00804 0.00072 ( 1)
  76 C   0.91591 0.07533 0.00809 0.00067 ( 1)
  77 L   0.86739 0.12385 0.00766 0.00110 ( 1)
  78 T   0.91710 0.07414 0.00810 0.00066 ( 1)
  79 R   0.93318 0.05805 0.00825 0.00052 ( 1)
  80 T   0.92060 0.07063 0.00814 0.00063 ( 1)
  81 S   0.90812 0.08311 0.00802 0.00074 ( 1)
  82 K   0.92597 0.06526 0.00818 0.00058 ( 1)
  83 R   0.92004 0.07119 0.00813 0.00063 ( 1)
  84 P   0.91500 0.07623 0.00809 0.00068 ( 1)
  85 E   0.90370 0.08753 0.00799 0.00078 ( 1)
  86 E   0.90315 0.08808 0.00798 0.00078 ( 1)
  87 S   0.90041 0.09083 0.00796 0.00081 ( 1)
  88 V   0.91459 0.07664 0.00808 0.00068 ( 1)
  89 Q   0.88238 0.10886 0.00780 0.00097 ( 1)
  90 E   0.90315 0.08808 0.00798 0.00078 ( 1)
  91 T   0.91599 0.07525 0.00809 0.00067 ( 1)
  92 L   0.88242 0.10882 0.00780 0.00097 ( 1)
  93 A   0.89963 0.09161 0.00795 0.00081 ( 1)
  94 A   0.90626 0.08498 0.00801 0.00076 ( 1)
  95 A   0.90106 0.09018 0.00796 0.00080 ( 1)
  96 V   0.91459 0.07664 0.00808 0.00068 ( 1)
  97 P   0.90995 0.08128 0.00804 0.00072 ( 1)
  98 K   0.92597 0.06526 0.00818 0.00058 ( 1)
  99 I   0.29452 0.69667 0.00260 0.00620 ( 2)
 100 M   0.93206 0.05917 0.00824 0.00053 ( 1)
 101 A   0.89950 0.09174 0.00795 0.00082 ( 1)
 102 S   0.90052 0.09071 0.00796 0.00081 ( 1)
 103 F   0.91566 0.07558 0.00809 0.00067 ( 1)
 104 G   0.93051 0.06072 0.00822 0.00054 ( 1)
 105 N   0.93771 0.05352 0.00829 0.00048 ( 1)
 106 F   0.91393 0.07731 0.00808 0.00069 ( 1)
 107 A   0.89767 0.09357 0.00793 0.00083 ( 1)
 108 N   0.94185 0.04938 0.00833 0.00044 ( 1)
 109 D   0.90955 0.08168 0.00804 0.00073 ( 1)
 110 S   0.38401 0.60716 0.00339 0.00543 ( 2)
 111 E   0.90698 0.08426 0.00801 0.00075 ( 1)
 112 I   0.91305 0.07815 0.00808 0.00072 ( 1)
 113 K   0.92754 0.06366 0.00821 0.00059 ( 1)
 114 V   0.91815 0.07305 0.00813 0.00068 ( 1)
 115 L   0.86844 0.12279 0.00768 0.00110 ( 1)
 116 L   0.89306 0.09815 0.00790 0.00089 ( 1)
 117 K   0.92814 0.06306 0.00822 0.00059 ( 1)
 118 A   0.90210 0.08911 0.00798 0.00081 ( 1)
 119 F   0.91971 0.07149 0.00814 0.00066 ( 1)
 120 I   0.94467 0.04653 0.00837 0.00044 ( 1)
 121 A   0.93206 0.05913 0.00825 0.00055 ( 1)
 122 N   0.93876 0.05244 0.00831 0.00049 ( 1)
 123 L   0.86834 0.12288 0.00767 0.00110 ( 1)
 124 K   0.92826 0.06294 0.00822 0.00058 ( 1)
 125 S   0.29274 0.69827 0.00259 0.00640 ( 2)
 126 S   0.91028 0.08092 0.00805 0.00074 ( 1)
 127 S   0.90231 0.08890 0.00798 0.00081 ( 1)
 128 P   0.91204 0.07917 0.00807 0.00073 ( 1)
 129 T   0.91817 0.07303 0.00812 0.00067 ( 1)
 130 V   0.25857 0.73256 0.00229 0.00658 ( 2)
 131 R   0.93046 0.06074 0.00824 0.00057 ( 1)
 132 R   0.93046 0.06074 0.00824 0.00057 ( 1)
 133 T   0.92172 0.06948 0.00816 0.00064 ( 1)
 134 A   0.93079 0.06041 0.00824 0.00056 ( 1)
 135 A   0.90808 0.08313 0.00803 0.00076 ( 1)
 136 G   0.36096 0.62996 0.00320 0.00588 ( 2)
 137 S   0.92328 0.06792 0.00817 0.00063 ( 1)
 138 A   0.93206 0.05913 0.00825 0.00055 ( 1)
 139 V   0.89579 0.09543 0.00792 0.00087 ( 1)
 140 S   0.91018 0.08102 0.00805 0.00074 ( 1)
 141 I   0.30753 0.68346 0.00272 0.00629 ( 2)
 142 C   0.91962 0.07158 0.00814 0.00066 ( 1)
 143 Q   0.88381 0.10741 0.00781 0.00097 ( 1)
 144 H   0.91156 0.07964 0.00806 0.00073 ( 1)
 145 S   0.90807 0.08313 0.00803 0.00076 ( 1)
 146 R   0.92439 0.06681 0.00818 0.00062 ( 1)
 147 R   0.92440 0.06680 0.00818 0.00062 ( 1)
 148 T   0.01708 0.97377 0.00015 0.00900 ( 2)
 149 Q   0.88381 0.10741 0.00781 0.00097 ( 1)
 150 Y   0.30796 0.68303 0.00272 0.00629 ( 2)
 151 F   0.91683 0.07437 0.00811 0.00068 ( 1)
 152 Y   0.91701 0.07420 0.00811 0.00068 ( 1)
 153 S   0.91018 0.08102 0.00805 0.00074 ( 1)
 154 W   0.90160 0.08961 0.00797 0.00082 ( 1)
 155 L   0.87009 0.12112 0.00769 0.00109 ( 1)
 156 L   0.89993 0.09128 0.00796 0.00083 ( 1)
 157 S   0.91399 0.07721 0.00809 0.00071 ( 1)
 158 V   0.89734 0.09388 0.00794 0.00085 ( 1)
 159 L   0.89993 0.09128 0.00796 0.00083 ( 1)
 160 L   0.26415 0.72693 0.00234 0.00659 ( 2)
 161 G   0.94082 0.05038 0.00833 0.00047 ( 1)
 162 L   0.88410 0.10712 0.00782 0.00097 ( 1)
 163 L   0.87484 0.11639 0.00773 0.00104 ( 1)
 164 V   0.92265 0.06855 0.00816 0.00063 ( 1)
 165 P   0.91758 0.07363 0.00812 0.00068 ( 1)
 166 V   0.89596 0.09525 0.00792 0.00086 ( 1)
 167 E   0.90546 0.08575 0.00801 0.00078 ( 1)
 168 E   0.90546 0.08575 0.00801 0.00078 ( 1)
 169 E   0.90939 0.08182 0.00804 0.00075 ( 1)
 170 H   0.32605 0.66485 0.00289 0.00622 ( 2)
 171 S   0.90800 0.08320 0.00803 0.00076 ( 1)
 172 T   0.30422 0.68681 0.00269 0.00628 ( 2)
 173 L   0.90085 0.09036 0.00797 0.00082 ( 1)
 174 L   0.86851 0.12272 0.00768 0.00110 ( 1)
 175 I   0.91317 0.07804 0.00808 0.00072 ( 1)
 176 L   0.90026 0.09095 0.00796 0.00083 ( 1)
 177 G   0.92297 0.06823 0.00817 0.00063 ( 1)
 178 V   0.89596 0.09525 0.00792 0.00086 ( 1)
 179 L   0.86851 0.12272 0.00768 0.00110 ( 1)
 180 L   0.90042 0.09079 0.00796 0.00083 ( 1)
 181 T   0.92338 0.06782 0.00817 0.00063 ( 1)
 182 L   0.88386 0.10735 0.00781 0.00097 ( 1)
 183 R   0.92538 0.06582 0.00819 0.00061 ( 1)
 184 Y   0.92813 0.06307 0.00821 0.00059 ( 1)
 185 L   0.88410 0.10712 0.00782 0.00097 ( 1)
 186 V   0.89596 0.09525 0.00792 0.00086 ( 1)
 187 P   0.91775 0.07345 0.00812 0.00068 ( 1)
 188 L   0.88410 0.10712 0.00782 0.00097 ( 1)
 189 L   0.86851 0.12272 0.00768 0.00110 ( 1)
 190 Q   0.88406 0.10716 0.00782 0.00097 ( 1)
 191 Q   0.88406 0.10716 0.00782 0.00097 ( 1)
 192 Q   0.88406 0.10716 0.00782 0.00097 ( 1)
 193 V   0.91713 0.07408 0.00811 0.00068 ( 1)
 194 K   0.92865 0.06255 0.00822 0.00058 ( 1)
 195 D   0.91189 0.07932 0.00807 0.00073 ( 1)
 196 T   0.91868 0.07252 0.00813 0.00067 ( 1)
 197 S   0.91054 0.08067 0.00805 0.00074 ( 1)
 198 L   0.86851 0.12272 0.00768 0.00110 ( 1)
 199 K   0.92297 0.06823 0.00817 0.00063 ( 1)
 200 G   0.93322 0.05798 0.00826 0.00054 ( 1)
 201 S   0.91054 0.08067 0.00805 0.00074 ( 1)
 202 F   0.91640 0.07480 0.00811 0.00069 ( 1)
 203 G   0.93133 0.05987 0.00824 0.00056 ( 1)
 204 V   0.89596 0.09525 0.00792 0.00086 ( 1)
 205 T   0.92144 0.06977 0.00815 0.00064 ( 1)
 206 R   0.93085 0.06034 0.00824 0.00056 ( 1)
 207 K   0.92297 0.06823 0.00817 0.00063 ( 1)
 208 E   0.90546 0.08575 0.00801 0.00078 ( 1)
 209 M   0.93478 0.05641 0.00828 0.00053 ( 1)
 210 E   0.90546 0.08575 0.00801 0.00078 ( 1)
 211 V   0.91713 0.07408 0.00811 0.00068 ( 1)
 212 S   0.90483 0.08638 0.00800 0.00079 ( 1)
 213 P   0.91775 0.07345 0.00812 0.00068 ( 1)
 214 S   0.92366 0.06754 0.00817 0.00062 ( 1)
 215 T   0.91821 0.07300 0.00812 0.00067 ( 1)
 216 E   0.90546 0.08575 0.00801 0.00078 ( 1)
 217 Q   0.88406 0.10716 0.00782 0.00097 ( 1)
 218 L   0.90088 0.09033 0.00797 0.00082 ( 1)
 219 V   0.91675 0.07445 0.00811 0.00069 ( 1)
 220 Q   0.88305 0.10816 0.00781 0.00097 ( 1)
 221 V   0.89089 0.10035 0.00787 0.00089 ( 1)
 222 Y   0.91238 0.07885 0.00806 0.00070 ( 1)
 223 E   0.90361 0.08762 0.00799 0.00078 ( 1)
 224 L   0.87757 0.11367 0.00775 0.00101 ( 1)
 225 T   0.91217 0.07906 0.00806 0.00070 ( 1)
 226 L   0.87997 0.11127 0.00778 0.00099 ( 1)
 227 H   0.31901 0.67217 0.00282 0.00600 ( 2)
 228 Y   0.92143 0.06980 0.00814 0.00062 ( 1)
 229 T   0.92133 0.06990 0.00814 0.00062 ( 1)
 230 Q   0.88096 0.11028 0.00778 0.00098 ( 1)
 231 H   0.90739 0.08384 0.00802 0.00075 ( 1)
 232 Q   0.89568 0.09556 0.00791 0.00085 ( 1)
 233 D   0.90745 0.08378 0.00802 0.00075 ( 1)
 234 H   0.90739 0.08384 0.00802 0.00075 ( 1)
 235 N   0.93406 0.05717 0.00826 0.00051 ( 1)
 236 V   0.91778 0.07345 0.00811 0.00066 ( 1)
 237 V   0.89437 0.09687 0.00790 0.00086 ( 1)
 238 T   0.92120 0.07003 0.00814 0.00063 ( 1)
 239 G   0.92654 0.06469 0.00819 0.00058 ( 1)
 240 A   0.89959 0.09165 0.00795 0.00082 ( 1)
 241 L   0.86646 0.12478 0.00766 0.00111 ( 1)
 242 E   0.90490 0.08634 0.00800 0.00077 ( 1)
 243 L   0.89623 0.09500 0.00792 0.00084 ( 1)
 244 L   0.86646 0.12478 0.00766 0.00111 ( 1)
 245 Q   0.88241 0.10881 0.00780 0.00098 ( 1)
 246 Q   0.88241 0.10881 0.00780 0.00098 ( 1)
 247 L   0.89504 0.09617 0.00792 0.00087 ( 1)
 248 L   0.89812 0.09309 0.00794 0.00085 ( 1)
 249 R   0.91916 0.07205 0.00813 0.00067 ( 1)
 250 T   0.91598 0.07522 0.00810 0.00069 ( 1)
 251 P   0.91000 0.08121 0.00805 0.00074 ( 1)
 252 P   0.90784 0.08337 0.00803 0.00076 ( 1)
 253 P   0.91000 0.08121 0.00805 0.00074 ( 1)
 254 E   0.90318 0.08802 0.00799 0.00080 ( 1)
 255 L   0.89812 0.09309 0.00794 0.00085 ( 1)
 256 L   0.86742 0.12381 0.00767 0.00111 ( 1)
 257 R   0.92104 0.07016 0.00815 0.00065 ( 1)
 258 A   0.00057 0.99578 0.00000 0.00364 ( 2)
 259 L   0.86742 0.12381 0.00767 0.00111 ( 1)
 260 T   0.91603 0.07517 0.00811 0.00069 ( 1)
 261 T   0.91568 0.07552 0.00810 0.00070 ( 1)
 262 A   0.35549 0.63544 0.00315 0.00593 ( 2)
 263 G   0.93094 0.06026 0.00824 0.00056 ( 1)
 264 G   0.93056 0.06064 0.00824 0.00057 ( 1)
 265 I   0.91405 0.07715 0.00809 0.00071 ( 1)
 266 G   0.34917 0.64177 0.00309 0.00598 ( 2)
 267 Q   0.01105 0.98895 0.00000 0.00000 ( 2)
 268 L   0.89812 0.09309 0.00794 0.00085 ( 1)
 269 T   0.92440 0.06680 0.00818 0.00062 ( 1)
 270 A   0.27987 0.71115 0.00248 0.00650 ( 2)
 271 A   0.89990 0.09131 0.00796 0.00083 ( 1)
 272 K   0.92601 0.06518 0.00820 0.00061 ( 1)
 273 D   0.27863 0.71239 0.00246 0.00651 ( 2)
 274 E   0.90318 0.08802 0.00799 0.00080 ( 1)
 275 P   0.91515 0.07605 0.00810 0.00070 ( 1)
 276 G   0.39510 0.59579 0.00350 0.00561 ( 2)
 277 C   0.91746 0.07374 0.00812 0.00068 ( 1)
 278 R   0.91921 0.07199 0.00813 0.00067 ( 1)
 279 S   0.91269 0.07851 0.00808 0.00072 ( 1)
 280 R   0.93120 0.06000 0.00824 0.00056 ( 1)
 281 S   0.90816 0.08305 0.00803 0.00076 ( 1)
 282 G   0.92039 0.07081 0.00815 0.00065 ( 1)
 283 S   0.91176 0.07944 0.00807 0.00073 ( 1)
 284 I   0.91400 0.07720 0.00809 0.00071 ( 1)
 285 V   0.89394 0.09727 0.00791 0.00088 ( 1)
 286 E   0.90318 0.08802 0.00799 0.00080 ( 1)
 287 L   0.89884 0.09237 0.00795 0.00084 ( 1)
 288 I   0.94240 0.04879 0.00835 0.00046 ( 1)
 289 A   0.88636 0.10487 0.00783 0.00093 ( 1)
 290 G   0.90407 0.08716 0.00799 0.00078 ( 1)
 291 G   0.91149 0.07974 0.00806 0.00071 ( 1)
 292 G   0.92071 0.07052 0.00814 0.00063 ( 1)
 293 S   0.88713 0.10410 0.00784 0.00093 ( 1)
 294 S   0.88093 0.11030 0.00778 0.00098 ( 1)
 295 C   0.90152 0.08972 0.00797 0.00080 ( 1)
 296 S   0.89353 0.09771 0.00790 0.00087 ( 1)
 297 P   0.89511 0.09612 0.00791 0.00086 ( 1)
 298 V   0.89906 0.09217 0.00795 0.00082 ( 1)
 299 L   0.88581 0.10542 0.00783 0.00094 ( 1)
 300 S   0.88036 0.11087 0.00778 0.00098 ( 1)
 301 R   0.90389 0.08734 0.00799 0.00078 ( 1)
 302 K   0.90408 0.08715 0.00799 0.00078 ( 1)
 303 Q   0.88533 0.10591 0.00782 0.00094 ( 1)
 304 K   0.90406 0.08717 0.00799 0.00078 ( 1)
 305 G   0.90858 0.08265 0.00803 0.00074 ( 1)
 306 K   0.30473 0.68646 0.00269 0.00612 ( 2)
 307 V   0.89021 0.10103 0.00787 0.00090 ( 1)
 308 L   0.89416 0.09707 0.00790 0.00086 ( 1)
 309 F   0.90936 0.08188 0.00804 0.00073 ( 1)
 310 G   0.91552 0.07571 0.00809 0.00068 ( 1)
 311 E   0.90311 0.08812 0.00798 0.00078 ( 1)
 312 A   0.89460 0.09663 0.00791 0.00086 ( 1)
 313 A   0.89377 0.09747 0.00790 0.00087 ( 1)
 314 A   0.90176 0.08948 0.00797 0.00080 ( 1)
 315 L   0.22222 0.76900 0.00196 0.00682 ( 2)
 316 E   0.89898 0.09226 0.00794 0.00082 ( 1)
 317 D   0.90162 0.08962 0.00797 0.00080 ( 1)
 318 D   0.90510 0.08614 0.00800 0.00077 ( 1)
 319 S   0.25965 0.73155 0.00229 0.00650 ( 2)
 320 E   0.89898 0.09226 0.00794 0.00082 ( 1)
 321 S   0.88880 0.10244 0.00785 0.00091 ( 1)
 322 R   0.91778 0.07346 0.00811 0.00065 ( 1)
 323 S   0.88850 0.10273 0.00785 0.00091 ( 1)
 324 D   0.90510 0.08614 0.00800 0.00077 ( 1)
 325 G   0.92546 0.06577 0.00818 0.00059 ( 1)
 326 S   0.90372 0.08751 0.00799 0.00078 ( 1)
 327 S   0.90372 0.08751 0.00799 0.00078 ( 1)
 328 P   0.91056 0.08068 0.00805 0.00072 ( 1)
 329 T   0.91130 0.07994 0.00805 0.00071 ( 1)
 330 F   0.90927 0.08196 0.00804 0.00073 ( 1)
 331 -   0.24583 0.74537 0.00217 0.00662 ( 2)
 332 -   0.89959 0.09165 0.00795 0.00082 ( 1)
 333 A   0.01231 0.97871 0.00011 0.00887 ( 2)
 334 V   0.91713 0.07408 0.00811 0.00068 ( 1)
 335 K   0.92865 0.06255 0.00822 0.00058 ( 1)
 336 G   0.94067 0.05053 0.00833 0.00048 ( 1)
 337 E   0.90546 0.08575 0.00801 0.00078 ( 1)
 338 V   0.01562 0.97529 0.00014 0.00895 ( 2)
 339 G   0.93632 0.05487 0.00829 0.00052 ( 1)
 340 G   0.40575 0.58516 0.00359 0.00551 ( 2)
 341 E   0.90546 0.08575 0.00801 0.00078 ( 1)
 342 L   0.86851 0.12272 0.00768 0.00110 ( 1)
 343 A   0.27135 0.71970 0.00240 0.00655 ( 2)
 344 A   0.90843 0.08278 0.00804 0.00076 ( 1)
 345 S   0.90264 0.08857 0.00798 0.00081 ( 1)
 346 S   0.90264 0.08857 0.00798 0.00081 ( 1)
 347 G   0.93133 0.05987 0.00824 0.00056 ( 1)
 348 V   0.91713 0.07408 0.00811 0.00068 ( 1)
 349 P   0.28793 0.70309 0.00255 0.00643 ( 2)
 350 T   0.92802 0.06318 0.00821 0.00059 ( 1)
 351 P   0.91365 0.07755 0.00808 0.00071 ( 1)
 352 G   0.34507 0.64585 0.00305 0.00603 ( 2)
 353 S   0.89440 0.09681 0.00791 0.00088 ( 1)
 354 A   0.90171 0.08950 0.00798 0.00081 ( 1)
 355 A   0.90843 0.08278 0.00804 0.00076 ( 1)
 356 D   0.29834 0.69267 0.00264 0.00635 ( 2)
 357 S   0.90264 0.08857 0.00798 0.00081 ( 1)
 358 G   0.01294 0.97807 0.00011 0.00887 ( 2)
 359 G   0.94121 0.04998 0.00833 0.00047 ( 1)
 360 H   0.91192 0.07928 0.00807 0.00073 ( 1)
 361 D   0.91200 0.07921 0.00807 0.00073 ( 1)
 362 I   0.91672 0.07449 0.00811 0.00069 ( 1)
 363 I   0.91672 0.07449 0.00811 0.00069 ( 1)
 364 T   0.92760 0.06359 0.00821 0.00059 ( 1)
 365 E   0.90546 0.08575 0.00801 0.00078 ( 1)
 366 Q   0.88406 0.10716 0.00782 0.00097 ( 1)
 367 P   0.91766 0.07354 0.00812 0.00068 ( 1)
 368 R   0.93106 0.06014 0.00824 0.00056 ( 1)
 369 S   0.89440 0.09681 0.00791 0.00088 ( 1)
 370 Q   0.88406 0.10716 0.00782 0.00097 ( 1)
 371 H   0.91192 0.07928 0.00807 0.00073 ( 1)
 372 T   0.92334 0.06786 0.00817 0.00063 ( 1)
 373 L   0.90099 0.09022 0.00797 0.00082 ( 1)
 374 Q   0.88406 0.10716 0.00782 0.00097 ( 1)
 375 T   0.31717 0.67382 0.00281 0.00621 ( 2)
 376 D   0.91200 0.07921 0.00807 0.00073 ( 1)
 377 S   0.92264 0.06856 0.00817 0.00063 ( 1)
 378 V   0.26421 0.72686 0.00234 0.00659 ( 2)
 379 D   0.90828 0.08292 0.00803 0.00076 ( 1)
 380 L   0.86899 0.12224 0.00768 0.00109 ( 1)
 381 T   0.92113 0.07008 0.00815 0.00065 ( 1)
 382 G   0.93322 0.05798 0.00826 0.00054 ( 1)
 383 C   0.90584 0.08537 0.00801 0.00078 ( 1)
 384 D   0.91200 0.07921 0.00807 0.00073 ( 1)
 385 L   0.88410 0.10712 0.00782 0.00097 ( 1)
 386 T   0.00065 0.99022 0.00001 0.00912 ( 2)
 387 S   0.91515 0.07605 0.00810 0.00070 ( 1)
 388 G   0.94121 0.04998 0.00833 0.00047 ( 1)
 389 A   0.90780 0.08341 0.00803 0.00076 ( 1)
 390 T   0.01872 0.97209 0.00017 0.00903 ( 2)
 391 D   0.91112 0.08008 0.00806 0.00073 ( 1)
 392 G   0.93133 0.05987 0.00824 0.00056 ( 1)
 393 D   0.91178 0.07943 0.00807 0.00073 ( 1)
 394 E   0.90546 0.08575 0.00801 0.00078 ( 1)
 395 E   0.90552 0.08569 0.00801 0.00078 ( 1)
 396 D   0.91200 0.07921 0.00807 0.00073 ( 1)
 397 I   0.91672 0.07449 0.00811 0.00069 ( 1)
 398 L   0.88376 0.10746 0.00781 0.00097 ( 1)
 399 S   0.91054 0.08067 0.00805 0.00074 ( 1)
 400 H   0.91192 0.07928 0.00807 0.00073 ( 1)
 401 S   0.91054 0.08067 0.00805 0.00074 ( 1)
 402 S   0.90842 0.08279 0.00804 0.00076 ( 1)
 403 S   0.91054 0.08067 0.00805 0.00074 ( 1)
 404 Q   0.88406 0.10716 0.00782 0.00097 ( 1)
 405 M   0.00080 0.98999 0.00001 0.00920 ( 2)
 406 S   0.91054 0.08067 0.00805 0.00074 ( 1)
 407 A   0.28286 0.70816 0.00250 0.00648 ( 2)
 408 V   0.01672 0.97416 0.00015 0.00897 ( 2)
 409 P   0.92408 0.06712 0.00818 0.00062 ( 1)
 410 S   0.90264 0.08857 0.00798 0.00081 ( 1)
 411 D   0.91200 0.07921 0.00807 0.00073 ( 1)
 412 P   0.91240 0.07881 0.00807 0.00072 ( 1)
 413 A   0.90843 0.08278 0.00804 0.00076 ( 1)
 414 M   0.37499 0.61593 0.00332 0.00576 ( 2)
 415 D   0.91200 0.07921 0.00807 0.00073 ( 1)
 416 L   0.86851 0.12272 0.00768 0.00110 ( 1)
 417 N   0.94399 0.04720 0.00836 0.00044 ( 1)
 418 D   0.90828 0.08292 0.00803 0.00076 ( 1)
 419 G   0.93133 0.05987 0.00824 0.00056 ( 1)
 420 T   0.91854 0.07266 0.00813 0.00067 ( 1)
 421 Q   0.88406 0.10716 0.00782 0.00097 ( 1)
 422 A   0.90843 0.08278 0.00804 0.00076 ( 1)
 423 S   0.90842 0.08279 0.00804 0.00076 ( 1)
 424 S   0.90264 0.08857 0.00798 0.00081 ( 1)
 425 P   0.91721 0.07399 0.00812 0.00068 ( 1)
 426 I   0.91672 0.07449 0.00811 0.00069 ( 1)
 427 S   0.91515 0.07605 0.00810 0.00070 ( 1)
 428 D   0.91200 0.07921 0.00807 0.00073 ( 1)
 429 S   0.91054 0.08067 0.00805 0.00074 ( 1)
 430 S   0.90842 0.08279 0.00804 0.00076 ( 1)
 431 Q   0.88406 0.10716 0.00782 0.00097 ( 1)
 432 T   0.91854 0.07266 0.00813 0.00067 ( 1)
 433 T   0.91854 0.07266 0.00813 0.00067 ( 1)
 434 T   0.91854 0.07266 0.00813 0.00067 ( 1)
 435 E   0.90546 0.08575 0.00801 0.00078 ( 1)
 436 G   0.93133 0.05987 0.00824 0.00056 ( 1)
 437 P   0.91744 0.07377 0.00812 0.00068 ( 1)
 438 D   0.90828 0.08292 0.00803 0.00076 ( 1)
 439 S   0.89409 0.09712 0.00791 0.00088 ( 1)
 440 A   0.90674 0.08446 0.00802 0.00077 ( 1)
 441 V   0.89596 0.09525 0.00792 0.00086 ( 1)
 442 T   0.91854 0.07266 0.00813 0.00067 ( 1)
 443 P   0.91240 0.07881 0.00807 0.00072 ( 1)
 444 S   0.90815 0.08306 0.00803 0.00076 ( 1)
 445 D   0.91200 0.07921 0.00807 0.00073 ( 1)
 446 S   0.91515 0.07605 0.00810 0.00070 ( 1)
 447 S   0.90264 0.08857 0.00798 0.00081 ( 1)
 448 E   0.90989 0.08132 0.00805 0.00074 ( 1)
 449 I   0.91317 0.07804 0.00808 0.00072 ( 1)
 450 -   0.89565 0.09552 0.00793 0.00090 ( 1)
 451 L   0.89031 0.10090 0.00787 0.00091 ( 1)
 452 D   0.90354 0.08766 0.00799 0.00080 ( 1)
 453 G   0.93559 0.05560 0.00828 0.00052 ( 1)
 454 A   0.90332 0.08788 0.00799 0.00080 ( 1)
 455 D   0.90702 0.08418 0.00802 0.00077 ( 1)
 456 S   0.90562 0.08558 0.00801 0.00078 ( 1)
 457 Q   0.88066 0.11056 0.00779 0.00100 ( 1)
 458 Y   0.91220 0.07901 0.00807 0.00073 ( 1)
 459 P   0.27527 0.71574 0.00244 0.00655 ( 2)
 460 G   0.92578 0.06542 0.00819 0.00061 ( 1)
 461 M   0.92919 0.06200 0.00823 0.00058 ( 1)
 462 Q   0.88438 0.10684 0.00782 0.00096 ( 1)
 463 A   0.01672 0.97414 0.00015 0.00899 ( 2)
 464 G   0.34230 0.65496 0.00091 0.00183 ( 2)
 465 Q   0.88066 0.11056 0.00779 0.00100 ( 1)
 466 P   0.29797 0.69302 0.00264 0.00638 ( 2)
 467 Q   0.22837 0.76893 0.00061 0.00209 ( 2)
 468 D   0.90694 0.08426 0.00802 0.00077 ( 1)
 469 E   0.26668 0.72435 0.00236 0.00661 ( 2)
 470 D   0.90684 0.08436 0.00802 0.00077 ( 1)
 471 E   0.90078 0.09043 0.00797 0.00083 ( 1)
 472 D   0.90691 0.08430 0.00802 0.00077 ( 1)
 473 A   0.01317 0.98404 0.00004 0.00275 ( 2)
 474 A   0.89743 0.09377 0.00794 0.00086 ( 1)
 475 A   0.25091 0.74016 0.00222 0.00671 ( 2)
 476 V   0.31240 0.67856 0.00276 0.00627 ( 2)
 477 L   0.89655 0.09466 0.00793 0.00086 ( 1)
 478 P   0.90741 0.08379 0.00803 0.00077 ( 1)
 479 D   0.27535 0.71567 0.00244 0.00654 ( 2)
 480 E   0.90500 0.08620 0.00801 0.00079 ( 1)
 481 D   0.90692 0.08429 0.00802 0.00077 ( 1)
 482 A   0.00070 0.99528 0.00000 0.00401 ( 2)
 483 E   0.90078 0.09043 0.00797 0.00083 ( 1)
 484 A   0.89696 0.09425 0.00793 0.00086 ( 1)
 485 F   0.91482 0.07638 0.00810 0.00070 ( 1)
 486 R   0.91639 0.07481 0.00811 0.00069 ( 1)
 487 N   0.02337 0.96729 0.00021 0.00914 ( 2)
 488 S   0.89811 0.09310 0.00794 0.00085 ( 1)
 489 S   0.90361 0.08760 0.00799 0.00080 ( 1)
 490 I   0.28751 0.70348 0.00254 0.00647 ( 2)
 491 A   0.89809 0.09314 0.00794 0.00083 ( 1)
 492 L   0.89535 0.09589 0.00791 0.00085 ( 1)
 493 Q   0.89477 0.09647 0.00791 0.00086 ( 1)
 494 Q   0.89477 0.09647 0.00791 0.00086 ( 1)
 495 A   0.89426 0.09698 0.00790 0.00086 ( 1)
