Supplemental results for CODEML (seqf: /home/leticiamagpali/phd/evol_models/codeml/big_dataset/cml_align/CNTNAP2_codon_aligned.phy  treef: /home/leticiamagpali/phd/evol_models/codeml/big_dataset/cml_trees/gene_trees/H1c_gene_trees/CNTNAP2_tree_H1c.tre)

I	J	ij	2Ns_IJ	pMut_IJ	pSub_IJ	2Ns_JI	pMut_JI	pSub_JI

TTC	TTT	CT	0.56901	0.06838	0.08967	-0.56901	0.12079	0.08967
TTA	TTT	AT	1.99099	0.00302	0.00698	-1.99099	0.02215	0.00698
TTA	TTC	AC	1.42198	0.00827	0.01549	-1.42198	0.03427	0.01549
TTG	TTT	GT	1.32596	0.00468	0.00844	-1.32596	0.01761	0.00844
TTG	TTC	GC	0.75695	0.01278	0.01823	-0.75695	0.02725	0.01823
TTG	TTA	GA	-0.66503	0.05928	0.04174	0.66503	0.03048	0.04174
TCT	TTT	CT	1.19549	0.03655	0.06265	-1.19549	0.12079	0.06265
TCC	TTC	CT	1.30613	0.05062	0.09067	-1.30613	0.18687	0.09067
TCC	TCT	CT	0.67965	0.05062	0.06975	-0.67965	0.09988	0.06975
TCA	TTA	CT	0.35627	0.02911	0.03460	-0.35627	0.04157	0.03460
TCA	TCT	AT	1.15177	0.00579	0.00975	-1.15177	0.01832	0.00975
TCA	TCC	AC	0.47212	0.01582	0.01985	-0.47212	0.02537	0.01985
TCG	TTG	CT	1.04646	0.02257	0.03641	-1.04646	0.06428	0.03641
TCG	TCT	GT	1.17693	0.00449	0.00764	-1.17693	0.01456	0.00764
TCG	TCC	GC	0.49728	0.01227	0.01557	-0.49728	0.02017	0.01557
TCG	TCA	GA	0.02515	0.05689	0.05761	-0.02515	0.05834	0.05761
TAT	TTT	AT	1.22396	0.00651	0.01129	-1.22396	0.02215	0.01129
TAT	TCT	AC	0.02847	0.01780	0.01806	-0.02847	0.01832	0.01806
TAC	TTC	AT	0.77350	0.01581	0.02271	-0.77350	0.03427	0.02271
TAC	TCC	AC	-0.53263	0.04321	0.03272	0.53263	0.02537	0.03272
TAC	TAT	CT	0.11855	0.07951	0.08432	-0.11855	0.08952	0.08432
TGT	TTT	GT	1.50539	0.00391	0.00756	-1.50539	0.01761	0.00756
TGT	TCT	GC	0.30990	0.01068	0.01242	-0.30990	0.01456	0.01242
TGT	TAT	GA	0.28143	0.04954	0.05684	-0.28143	0.06564	0.05684
TGC	TTC	GT	1.04919	0.00954	0.01541	-1.04919	0.02725	0.01541
TGC	TCC	GC	-0.25694	0.02608	0.02287	0.25694	0.02017	0.02287
TGC	TAC	GA	0.27569	0.12095	0.13838	-0.27569	0.15934	0.13838
TGC	TGT	CT	0.11281	0.04799	0.05075	-0.11281	0.05372	0.05075
TGG	TTG	GT	0.09788	0.00850	0.00892	-0.09788	0.00937	0.00892
TGG	TCG	GC	-0.94857	0.02323	0.01393	0.94857	0.00900	0.01393
TGG	TGT	GT	-0.08155	0.00850	0.00816	0.08155	0.00783	0.00816
TGG	TGC	GC	-0.19436	0.02323	0.02104	0.19436	0.01913	0.02104
CTT	TTT	CT	1.83429	0.01929	0.04212	-1.83429	0.12079	0.04212
CTC	TTC	CT	1.38087	0.04697	0.08664	-1.38087	0.18687	0.08664
CTC	CTT	CT	0.11559	0.04697	0.04974	-0.11559	0.05273	0.04974
CTA	TTA	CT	1.45322	0.00972	0.01844	-1.45322	0.04157	0.01844
CTA	CTT	AT	1.60992	0.00193	0.00389	-1.60992	0.00967	0.00389
CTA	CTC	AC	1.49433	0.00528	0.01018	-1.49433	0.02354	0.01018
CTG	TTG	CT	-0.12614	0.07292	0.06842	0.12614	0.06428	0.06842
CTG	CTT	GT	-0.63447	0.01450	0.01038	0.63447	0.00769	0.01038
CTG	CTC	GC	-0.75005	0.03963	0.02661	0.75005	0.01872	0.02661
CTG	CTA	GA	-2.24438	0.18378	0.04890	2.24438	0.01948	0.04890
CCT	TCT	CT	1.17287	0.03091	0.05250	-1.17287	0.09988	0.05250
CCT	CTT	CT	0.53407	0.03091	0.03989	-0.53407	0.05273	0.03989
CCC	TCC	CT	1.22213	0.04075	0.07060	-1.22213	0.13833	0.07060
CCC	CTC	CT	1.14740	0.04075	0.06851	-1.14740	0.12837	0.06851
CCC	CCT	CT	0.72892	0.04075	0.05739	-0.72892	0.08447	0.05739
CCA	TCA	CT	0.99951	0.02928	0.04631	-0.99951	0.07956	0.04631
CCA	CTA	CT	-0.09744	0.02928	0.02788	0.09744	0.02656	0.02788
CCA	CCT	AT	0.97841	0.00582	0.00913	-0.97841	0.01549	0.00913
CCA	CCC	AC	0.24949	0.01591	0.01798	-0.24949	0.02042	0.01798
CCG	TCG	CT	1.71476	0.01111	0.02322	-1.71476	0.06169	0.02322
CCG	CTG	CT	2.88735	0.01111	0.03396	-2.88735	0.19929	0.03396
CCG	CCT	GT	1.71881	0.00221	0.00462	-1.71881	0.01232	0.00462
CCG	CCC	GC	0.98990	0.00603	0.00951	-0.98990	0.01624	0.00951
CCG	CCA	GA	0.74040	0.02799	0.03961	-0.74040	0.05868	0.03961
CAT	TAT	CT	1.24004	0.02590	0.04520	-1.24004	0.08952	0.04520
CAT	CTT	AT	0.62971	0.00515	0.00694	-0.62971	0.00967	0.00694
CAT	CCT	AC	0.09564	0.01408	0.01476	-0.09564	0.01549	0.01476
CAC	TAC	CT	1.41601	0.05273	0.09859	-1.41601	0.21728	0.09859
CAC	CTC	AT	0.80864	0.01049	0.01529	-0.80864	0.02354	0.01529
CAC	CCC	AC	-0.33875	0.02866	0.02408	0.33875	0.02042	0.02408
CAC	CAT	CT	0.29452	0.05273	0.06088	-0.29452	0.07079	0.06088
CAA	CTA	AT	-0.41136	0.00735	0.00594	0.41136	0.00487	0.00594
CAA	CCA	AC	-0.31392	0.02009	0.01710	0.31392	0.01467	0.01710
CAA	CAT	AT	0.56884	0.00735	0.00964	-0.56884	0.01298	0.00964
CAA	CAC	AC	0.27433	0.02009	0.02297	-0.27433	0.02643	0.02297
CAG	CTG	AT	0.91270	0.01467	0.02237	-0.91270	0.03655	0.02237
CAG	CCG	AC	-1.97465	0.04009	0.01276	1.97465	0.00557	0.01276
CAG	CAT	GT	-0.35148	0.01467	0.01224	0.35148	0.01032	0.01224
CAG	CAC	GC	-0.64599	0.04009	0.02853	0.64599	0.02101	0.02853
CAG	CAA	GA	-0.92032	0.18592	0.11331	0.92032	0.07407	0.11331
CGT	TGT	CT	2.17568	0.00610	0.01497	-2.17568	0.05372	0.01497
CGT	CTT	GT	1.84678	0.00121	0.00266	-1.84678	0.00769	0.00266
CGT	CCT	GC	1.31271	0.00331	0.00595	-1.31271	0.01232	0.00595
CGT	CAT	GA	1.21707	0.01537	0.02658	-1.21707	0.05191	0.02658
CGC	TGC	CT	1.62199	0.02590	0.05236	-1.62199	0.13115	0.05236
CGC	CTC	GT	1.29031	0.00515	0.00917	-1.29031	0.01872	0.00917
CGC	CCC	GC	0.14291	0.01408	0.01511	-0.14291	0.01624	0.01511
CGC	CAC	GA	0.48167	0.06528	0.08226	-0.48167	0.10567	0.08226
CGC	CGT	CT	-0.44088	0.02590	0.02061	0.44088	0.01667	0.02061
CGA	CTA	GT	1.17723	0.00119	0.00203	-1.17723	0.00387	0.00203
CGA	CCA	GC	1.27467	0.00326	0.00577	-1.27467	0.01167	0.00577
CGA	CAA	GA	1.58859	0.01513	0.03019	-1.58859	0.07407	0.03019
CGA	CGT	AT	0.94036	0.00119	0.00184	-0.94036	0.00306	0.00184
CGA	CGC	AC	1.38125	0.00326	0.00602	-1.38125	0.01298	0.00602
CGG	TGG	CT	1.86714	0.01805	0.03987	-1.86714	0.11681	0.03987
CGG	CTG	GT	2.09116	0.00359	0.00857	-2.09116	0.02906	0.00857
CGG	CCG	GC	-0.79619	0.00981	0.00642	0.79619	0.00443	0.00642
CGG	CAG	GA	1.17845	0.04550	0.07746	-1.17845	0.14785	0.07746
CGG	CGT	GT	-0.39009	0.00359	0.00294	0.39009	0.00243	0.00294
CGG	CGC	GC	0.05079	0.00981	0.01006	-0.05079	0.01032	0.01006
CGG	CGA	GA	-1.33045	0.04550	0.02175	1.33045	0.01203	0.02175
ATT	TTT	AT	1.05008	0.00775	0.01252	-1.05008	0.02215	0.01252
ATT	CTT	AC	-0.78421	0.02118	0.01395	0.78421	0.00967	0.01395
ATC	TTC	AT	1.02242	0.01233	0.01968	-1.02242	0.03427	0.01968
ATC	CTC	AC	-0.35845	0.03369	0.02801	0.35845	0.02354	0.02801
ATC	ATT	CT	0.54135	0.06199	0.08027	-0.54135	0.10652	0.08027
ATA	TTA	AT	0.43413	0.00494	0.00609	-0.43413	0.00762	0.00609
ATA	CTA	AC	-1.01909	0.01350	0.00777	1.01909	0.00487	0.00777
ATA	ATT	AT	1.37504	0.00494	0.00909	-1.37504	0.01953	0.00909
ATA	ATC	AC	0.83369	0.01350	0.01989	-0.83369	0.03107	0.01989
ATG	TTG	AT	0.51402	0.00705	0.00902	-0.51402	0.01179	0.00902
ATG	CTG	AC	0.64016	0.01927	0.02609	-0.64016	0.03655	0.02609
ATG	ATT	GT	0.78990	0.00705	0.01020	-0.78990	0.01553	0.01020
ATG	ATC	GC	0.24855	0.01927	0.02176	-0.24855	0.02470	0.02176
ATG	ATA	GA	-0.58514	0.08935	0.06574	0.58514	0.04977	0.06574
ACT	TCT	AT	1.32644	0.00486	0.00878	-1.32644	0.01832	0.00878
ACT	CCT	AC	0.15357	0.01328	0.01433	-0.15357	0.01549	0.01433
ACT	ATT	CT	1.47185	0.02445	0.04670	-1.47185	0.10652	0.04670
ACC	TCC	AT	0.65968	0.01311	0.01791	-0.65968	0.02537	0.01791
ACC	CCC	AC	-0.56245	0.03584	0.02670	0.56245	0.02042	0.02670
ACC	ATC	CT	0.94339	0.06595	0.10188	-0.94339	0.16940	0.10188
ACC	ACT	CT	0.01289	0.06595	0.06638	-0.01289	0.06681	0.06638
ACA	TCA	AT	0.87384	0.00609	0.00913	-0.87384	0.01459	0.00913
ACA	CCA	AC	-0.12567	0.01664	0.01562	0.12567	0.01467	0.01562
ACA	ATA	CT	0.79598	0.03062	0.04440	-0.79598	0.06787	0.04440
ACA	ACT	AT	0.69917	0.00609	0.00846	-0.69917	0.01225	0.00846
ACA	ACC	AC	0.68628	0.01664	0.02300	-0.68628	0.03305	0.02300
ACG	TCG	AT	0.92000	0.00451	0.00690	-0.92000	0.01131	0.00690
ACG	CCG	AC	-0.79476	0.01232	0.00807	0.79476	0.00557	0.00807
ACG	ATG	CT	1.45243	0.02267	0.04299	-1.45243	0.09689	0.04299
ACG	ACT	GT	0.77048	0.00451	0.00647	-0.77048	0.00974	0.00647
ACG	ACC	GC	0.75759	0.01232	0.01757	-0.75759	0.02628	0.01757
ACG	ACA	GA	0.07132	0.05714	0.05920	-0.07132	0.06136	0.05920
AAT	TAT	AT	0.43219	0.01066	0.01312	-0.43219	0.01642	0.01312
AAT	CAT	AC	-0.80785	0.02912	0.01892	0.80785	0.01298	0.01892
AAT	ATT	AT	0.60607	0.01066	0.01421	-0.60607	0.01953	0.01421
AAT	ACT	AC	-0.86578	0.02912	0.01831	0.86578	0.01225	0.01831
AAC	TAC	AT	0.80462	0.01782	0.02594	-0.80462	0.03985	0.02594
AAC	CAC	AC	-0.61139	0.04870	0.03532	0.61139	0.02643	0.03532
AAC	ATC	AT	0.55570	0.01782	0.02323	-0.55570	0.03107	0.02323
AAC	ACC	AC	-0.38769	0.04870	0.03987	0.38769	0.03305	0.03987
AAC	AAT	CT	0.49097	0.08962	0.11341	-0.49097	0.14643	0.11341
AAA	CAA	AC	-0.53838	0.03173	0.02395	0.53838	0.01852	0.02395
AAA	ATA	AT	0.06934	0.01161	0.01202	-0.06934	0.01245	0.01202
AAA	ACA	AC	-0.72664	0.03173	0.02159	0.72664	0.01534	0.02159
AAA	AAT	AT	0.83831	0.01161	0.01715	-0.83831	0.02685	0.01715
AAA	AAC	AC	0.34733	0.03173	0.03756	-0.34733	0.04491	0.03756
AAG	CAG	AC	0.16915	0.03122	0.03393	-0.16915	0.03697	0.03393
AAG	ATG	AT	0.44169	0.01142	0.01413	-0.44169	0.01777	0.01413
AAG	ACG	AC	-1.01074	0.03122	0.01805	1.01074	0.01136	0.01805
AAG	AAT	GT	0.62552	0.01142	0.01537	-0.62552	0.02135	0.01537
AAG	AAC	GC	0.13455	0.03122	0.03337	-0.13455	0.03571	0.03337
AAG	AAA	GA	-0.21278	0.14477	0.12991	0.21278	0.11702	0.12991
AGT	TGT	AT	0.14080	0.00856	0.00917	-0.14080	0.00985	0.00917
AGT	CGT	AC	-2.03488	0.02339	0.00715	2.03488	0.00306	0.00715
AGT	ATT	GT	0.59611	0.00856	0.01136	-0.59611	0.01553	0.01136
AGT	ACT	GC	-0.87574	0.02339	0.01462	0.87574	0.00974	0.01462
AGT	AAT	GA	-0.00996	0.10845	0.10791	0.00996	0.10738	0.10791
AGC	TGC	AT	0.64017	0.01268	0.01717	-0.64017	0.02405	0.01717
AGC	CGC	AC	-0.98182	0.03465	0.02038	0.98182	0.01298	0.02038
AGC	ATC	GT	0.66694	0.01268	0.01737	-0.66694	0.02470	0.01737
AGC	ACC	GC	-0.27646	0.03465	0.03008	0.27646	0.02628	0.03008
AGC	AAC	GA	0.11124	0.16069	0.16979	-0.11124	0.17960	0.16979
AGC	AGT	CT	0.61218	0.06376	0.08526	-0.61218	0.11761	0.08526
AGA	CGA	AC	-1.57289	0.01450	0.00597	1.57289	0.00301	0.00597
AGA	ATA	GT	0.62342	0.00531	0.00713	-0.62342	0.00990	0.00713
AGA	ACA	GC	-0.17256	0.01450	0.01328	0.17256	0.01220	0.01328
AGA	AAA	GA	0.55408	0.06724	0.08758	-0.55408	0.11702	0.08758
AGA	AGT	AT	1.40235	0.00531	0.00987	-1.40235	0.02157	0.00987
AGA	AGC	AC	0.79018	0.01450	0.02098	-0.79018	0.03195	0.02098
AGG	TGG	AT	1.25635	0.00610	0.01071	-1.25635	0.02142	0.01071
AGG	CGG	AC	-0.61079	0.01667	0.01209	0.61079	0.00905	0.01209
AGG	ATG	GT	0.84020	0.00610	0.00901	-0.84020	0.01413	0.00901
AGG	ACG	GC	-0.61223	0.01667	0.01208	0.61223	0.00904	0.01208
AGG	AAG	GA	0.39851	0.07728	0.09370	-0.39851	0.11512	0.09370
AGG	AGT	GT	1.03400	0.00610	0.00978	-1.03400	0.01715	0.00978
AGG	AGC	GC	0.42182	0.01667	0.02043	-0.42182	0.02541	0.02043
AGG	AGA	GA	-0.36835	0.07728	0.06392	0.36835	0.05347	0.06392
GTT	TTT	GT	1.22298	0.00518	0.00899	-1.22298	0.01761	0.00899
GTT	CTT	GC	-0.61131	0.01417	0.01028	0.61131	0.00769	0.01028
GTT	ATT	GA	0.17290	0.06571	0.07155	-0.17290	0.07811	0.07155
GTC	TTC	GT	1.12054	0.00889	0.01478	-1.12054	0.02725	0.01478
GTC	CTC	GC	-0.26033	0.02429	0.02126	0.26033	0.01872	0.02126
GTC	ATC	GA	0.09812	0.11262	0.11823	-0.09812	0.12423	0.11823
GTC	GTT	CT	0.46657	0.04469	0.05592	-0.46657	0.07125	0.05592
GTA	TTA	GT	0.78013	0.00278	0.00400	-0.78013	0.00606	0.00400
GTA	CTA	GC	-0.67309	0.00759	0.00532	0.67309	0.00387	0.00532
GTA	ATA	GA	0.34600	0.03521	0.04165	-0.34600	0.04977	0.04165
GTA	GTT	AT	1.54814	0.00278	0.00546	-1.54814	0.01307	0.00546
GTA	GTC	AC	1.08157	0.00759	0.01243	-1.08157	0.02239	0.01243
GTG	TTG	GT	-0.40277	0.01402	0.01139	0.40277	0.00937	0.01139
GTG	CTG	GC	-0.27663	0.03832	0.03327	0.27663	0.02906	0.03327
GTG	ATG	GA	-0.91680	0.17771	0.10853	0.91680	0.07105	0.10853
GTG	GTT	GT	-0.29979	0.01402	0.01203	0.29979	0.01039	0.01203
GTG	GTC	GC	-0.76636	0.03832	0.02550	0.76636	0.01781	0.02550
GTG	GTA	GA	-1.84793	0.17771	0.06142	1.84793	0.02800	0.06142
GCT	TCT	GT	1.13891	0.00466	0.00781	-1.13891	0.01456	0.00781
GCT	CCT	GC	-0.03396	0.01274	0.01253	0.03396	0.01232	0.01253
GCT	ACT	GA	-0.18754	0.05909	0.05373	0.18754	0.04899	0.05373
GCT	GTT	CT	1.11142	0.02345	0.03885	-1.11142	0.07125	0.03885
GCC	TCC	GT	0.42503	0.01319	0.01619	-0.42503	0.02017	0.01619
GCC	CCC	GC	-0.79711	0.03604	0.02356	0.79711	0.01624	0.02356
GCC	ACC	GA	-0.23466	0.16712	0.14828	0.23466	0.13216	0.14828
GCC	GTC	CT	0.61062	0.06631	0.08861	-0.61062	0.12212	0.08861
GCC	GCT	CT	-0.03423	0.06631	0.06519	0.03423	0.06408	0.06519
GCA	TCA	GT	0.71199	0.00569	0.00796	-0.71199	0.01160	0.00796
GCA	CCA	GC	-0.28752	0.01556	0.01343	0.28752	0.01167	0.01343
GCA	ACA	GA	-0.16185	0.07214	0.06646	0.16185	0.06136	0.06646
GCA	GTA	CT	0.28813	0.02863	0.03295	-0.28813	0.03818	0.03295
GCA	GCT	AT	0.72485	0.00569	0.00800	-0.72485	0.01175	0.00800
GCA	GCC	AC	0.75908	0.01556	0.02220	-0.75908	0.03323	0.02220
GCG	TCG	GT	1.17142	0.00279	0.00473	-1.17142	0.00900	0.00473
GCG	CCG	GC	-0.54334	0.00762	0.00574	0.54334	0.00443	0.00574
GCG	ACG	GA	0.25142	0.03533	0.03996	-0.25142	0.04543	0.03996
GCG	GTG	CT	2.62064	0.01402	0.03963	-2.62064	0.19271	0.03963
GCG	GCT	GT	1.20944	0.00279	0.00481	-1.20944	0.00934	0.00481
GCG	GCC	GC	1.24367	0.00762	0.01332	-1.24367	0.02643	0.01332
GCG	GCA	GA	0.48458	0.03533	0.04458	-0.48458	0.05737	0.04458
GAT	TAT	GT	-0.04933	0.01371	0.01338	0.04933	0.01305	0.01338
GAT	CAT	GC	-1.28937	0.03748	0.01837	1.28937	0.01032	0.01837
GAT	AAT	GA	-0.48152	0.17379	0.13530	0.48152	0.10738	0.13530
GAT	GTT	AT	-0.04834	0.01371	0.01339	0.04834	0.01307	0.01339
GAT	GCT	AC	-1.15976	0.03748	0.01985	1.15976	0.01175	0.01985
GAC	TAC	GT	0.76672	0.01472	0.02108	-0.76672	0.03169	0.02108
GAC	CAC	GC	-0.64928	0.04022	0.02857	0.64928	0.02101	0.02857
GAC	AAC	GA	-0.03789	0.18653	0.18302	0.03789	0.17960	0.18302
GAC	GTC	AT	0.41969	0.01472	0.01802	-0.41969	0.02239	0.01802
GAC	GCC	AC	-0.19093	0.04022	0.03651	0.19093	0.03323	0.03651
GAC	GAT	CT	0.93460	0.07402	0.11392	-0.93460	0.18846	0.11392
GAA	CAA	GC	-0.57794	0.02625	0.01939	0.57794	0.01473	0.01939
GAA	AAA	GA	-0.03956	0.12174	0.11935	0.03956	0.11702	0.11935
GAA	GTA	AT	-0.31622	0.00961	0.00817	0.31622	0.00700	0.00817
GAA	GCA	AC	-0.60434	0.02625	0.01911	0.60434	0.01435	0.01911
GAA	GAT	AT	1.28027	0.00961	0.01703	-1.28027	0.03456	0.01703
GAA	GAC	AC	0.34567	0.02625	0.03105	-0.34567	0.03709	0.03105
GAG	CAG	GC	-0.25604	0.03798	0.03332	0.25604	0.02940	0.03332
GAG	AAG	GA	-0.42519	0.17612	0.14132	0.42519	0.11512	0.14132
GAG	GTG	AT	0.93330	0.01390	0.02138	-0.93330	0.03534	0.02138
GAG	GCG	AC	-1.68735	0.03798	0.01455	1.68735	0.00703	0.01455
GAG	GAT	GT	0.68185	0.01390	0.01917	-0.68185	0.02748	0.01917
GAG	GAC	GC	-0.25275	0.03798	0.03338	0.25275	0.02950	0.03338
GAG	GAA	GA	-0.59842	0.17612	0.12865	0.59842	0.09681	0.12865
GGT	TGT	GT	0.50340	0.00474	0.00603	-0.50340	0.00783	0.00603
GGT	CGT	GC	-1.67228	0.01294	0.00500	1.67228	0.00243	0.00500
GGT	AGT	GA	0.36260	0.06001	0.07155	-0.36260	0.08624	0.07155
GGT	GTT	GT	0.78581	0.00474	0.00684	-0.78581	0.01039	0.00684
GGT	GCT	GC	-0.32560	0.01294	0.01095	0.32560	0.00934	0.01095
GGT	GAT	GA	0.83416	0.06001	0.08848	-0.83416	0.13820	0.08848
GGC	TGC	GT	0.38247	0.01305	0.01570	-0.38247	0.01913	0.01570
GGC	CGC	GC	-1.23952	0.03565	0.01801	1.23952	0.01032	0.01801
GGC	AGC	GA	-0.25770	0.16534	0.14495	0.25770	0.12778	0.14495
GGC	GTC	GT	0.31112	0.01305	0.01518	-0.31112	0.01781	0.01518
GGC	GCC	GC	-0.29950	0.03565	0.03058	0.29950	0.02643	0.03058
GGC	GAC	GA	-0.10857	0.16534	0.15653	0.10857	0.14833	0.15653
GGC	GGT	CT	-0.00812	0.06561	0.06534	0.00812	0.06508	0.06534
GGA	CGA	GC	-2.62003	0.03286	0.00676	2.62003	0.00239	0.00676
GGA	AGA	GA	-1.04714	0.15236	0.08626	1.04714	0.05347	0.08626
GGA	GTA	GT	-0.76971	0.01202	0.00798	0.76971	0.00557	0.00798
GGA	GCA	GC	-1.05784	0.03286	0.01849	1.05784	0.01141	0.01849
GGA	GAA	GA	-0.45350	0.15236	0.12042	0.45350	0.09681	0.12042
GGA	GGT	AT	-0.00738	0.01202	0.01198	0.00738	0.01193	0.01198
GGA	GGC	AC	0.00074	0.03286	0.03287	-0.00074	0.03288	0.03287
GGG	TGG	GT	0.30285	0.01258	0.01458	-0.30285	0.01703	0.01458
GGG	CGG	GC	-1.56429	0.03439	0.01423	1.56429	0.00720	0.01423
GGG	AGG	GA	-0.95350	0.15946	0.09534	0.95350	0.06146	0.09534
GGG	GTG	GT	0.80350	0.01258	0.01831	-0.80350	0.02810	0.01831
GGG	GCG	GC	-1.81714	0.03439	0.01212	1.81714	0.00559	0.01212
GGG	GAG	GA	-0.12980	0.15946	0.14934	0.12980	0.14005	0.14934
GGG	GGT	GT	-0.28210	0.01258	0.01089	0.28210	0.00949	0.01089
GGG	GGC	GC	-0.27398	0.03439	0.02989	0.27398	0.02615	0.02989
GGG	GGA	GA	-0.27472	0.15946	0.13856	0.27472	0.12116	0.13856


Histograms
2Ns	FMut	FSub(CodonUsage)	FSubw(after w)

-2.74986	0.02036	0.00432
-2.47487	0.00000	0.00000
-2.19989	0.01278	0.00389
-1.92490	0.02603	0.00995
-1.64991	0.01926	0.00857
-1.37493	0.06397	0.03358
-1.09994	0.07170	0.04359
-0.82496	0.09886	0.07011
-0.54997	0.13449	0.11332
-0.27499	0.11881	0.11569
0.00000	0.17316	0.19395
0.27499	0.09026	0.11569
0.54997	0.07797	0.11332
0.82496	0.04208	0.07011
1.09994	0.02341	0.04359
1.37493	0.01636	0.03358
1.64991	0.00377	0.00857
1.92490	0.00402	0.00995
2.19989	0.00140	0.00389
2.47487	0.00000	0.00000
2.74986	0.00132	0.00432

Proportion of advantageous (S > 0) mutations:
 0.34393

Proportions of good & bad mutations (|S| > 2.0000) among mutations:
0.00286  0.03426

mean |Ns| = 0.70795	mean Ns+ = 0.51629	mean Ns- = -0.80842


MLEs of dN/dS (w) for site classes (K=4)

site class             0        1       2a       2b
proportion       0.89993  0.06781  0.03000  0.00226
background w     0.03926  1.00000  0.03926  1.00000
foreground w     0.03926  1.00000  1.00000  1.00000

Naive Empirical Bayes (NEB) probabilities for 4 classes
(amino acids refer to 1st sequence: Bacu)

   1 -   0.95682 0.02099 0.02149 0.00070 ( 1)
   2 -   0.95920 0.01923 0.02093 0.00064 ( 1)
   3 -   0.95515 0.02230 0.02181 0.00074 ( 1)
   4 -   0.95943 0.01906 0.02088 0.00064 ( 1)
   5 -   0.94916 0.02678 0.02317 0.00089 ( 1)
   6 -   0.96006 0.01860 0.02072 0.00062 ( 1)
   7 -   0.94050 0.03367 0.02471 0.00112 ( 1)
   8 -   0.94992 0.02624 0.02297 0.00087 ( 1)
   9 -   0.94620 0.02914 0.02369 0.00097 ( 1)
  10 -   0.95302 0.02386 0.02233 0.00080 ( 1)
  11 -   0.95775 0.02030 0.02127 0.00068 ( 1)
  12 -   0.95942 0.01907 0.02088 0.00064 ( 1)
  13 -   0.96573 0.01456 0.01923 0.00049 ( 1)
  14 -   0.96097 0.01801 0.02042 0.00060 ( 1)
  15 -   0.94770 0.02797 0.02340 0.00093 ( 1)
  16 -   0.96476 0.01523 0.01950 0.00051 ( 1)
  17 -   0.96390 0.01586 0.01972 0.00053 ( 1)
  18 -   0.94159 0.03287 0.02445 0.00110 ( 1)
  19 -   0.60478 0.36884 0.01408 0.01230 ( 1)
  20 -   0.94992 0.02624 0.02297 0.00087 ( 1)
  21 M   0.77365 0.20571 0.01378 0.00686 ( 1)
  22 S   0.94997 0.02613 0.02303 0.00087 ( 1)
  23 G   0.95272 0.02403 0.02245 0.00080 ( 1)
  24 S   0.96499 0.01500 0.01950 0.00050 ( 1)
  25 Y   0.95287 0.02391 0.02242 0.00080 ( 1)
  26 S   0.95017 0.02599 0.02297 0.00087 ( 1)
  27 P   0.95082 0.02549 0.02284 0.00085 ( 1)
  28 G   0.95912 0.01923 0.02101 0.00064 ( 1)
  29 Y   0.95287 0.02391 0.02242 0.00080 ( 1)
  30 A   0.95531 0.02207 0.02189 0.00074 ( 1)
  31 K   0.96073 0.01805 0.02062 0.00060 ( 1)
  32 I   0.95622 0.02138 0.02169 0.00071 ( 1)
  33 N   0.96086 0.01795 0.02059 0.00060 ( 1)
  34 K   0.96073 0.01805 0.02062 0.00060 ( 1)
  35 R   0.96751 0.01326 0.01879 0.00044 ( 1)
  36 G   0.95244 0.02431 0.02244 0.00081 ( 1)
  37 G   0.96898 0.01219 0.01842 0.00041 ( 1)
  38 A   0.96094 0.01789 0.02058 0.00060 ( 1)
  39 G   0.95224 0.02432 0.02262 0.00081 ( 1)
  40 G   0.94643 0.02890 0.02370 0.00096 ( 1)
  41 W   0.93547 0.03769 0.02558 0.00126 ( 1)
  42 S   0.95014 0.02601 0.02299 0.00087 ( 1)
  43 P   0.94916 0.02677 0.02318 0.00089 ( 1)
  44 S   0.94137 0.03292 0.02461 0.00110 ( 1)
  45 D   0.96470 0.01520 0.01959 0.00051 ( 1)
  46 S   0.95792 0.02010 0.02130 0.00067 ( 1)
  47 D   0.96470 0.01520 0.01959 0.00051 ( 1)
  48 H   0.95962 0.01885 0.02090 0.00063 ( 1)
  49 Y   0.95284 0.02393 0.02243 0.00080 ( 1)
  50 Q   0.94251 0.03201 0.02441 0.00107 ( 1)
  51 W   0.93547 0.03769 0.02558 0.00126 ( 1)
  52 L   0.96027 0.01837 0.02074 0.00061 ( 1)
  53 Q   0.93786 0.03575 0.02520 0.00119 ( 1)
  54 V   0.95878 0.01947 0.02110 0.00065 ( 1)
  55 D   0.96470 0.01520 0.01959 0.00051 ( 1)
  56 F   0.94371 0.03105 0.02420 0.00104 ( 1)
  57 G   0.95909 0.01924 0.02103 0.00064 ( 1)
  58 N   0.07124 0.86070 0.03937 0.02870 ( 2)
  59 R   0.96748 0.01327 0.01881 0.00044 ( 1)
  60 K   0.48961 0.23460 0.26797 0.00782 ( 1)
  61 Q   0.93786 0.03575 0.02520 0.00119 ( 1)
  62 I   0.95620 0.02139 0.02170 0.00071 ( 1)
  63 S   0.95792 0.02010 0.02130 0.00067 ( 1)
  64 A   0.95528 0.02208 0.02191 0.00074 ( 1)
  65 I   0.72269 0.25474 0.01408 0.00849 ( 1)
  66 A   0.95748 0.02043 0.02141 0.00068 ( 1)
  67 T   0.95746 0.02044 0.02141 0.00068 ( 1)
  68 Q   0.94251 0.03201 0.02441 0.00107 ( 1)
  69 G   0.94652 0.02881 0.02371 0.00096 ( 1)
  70 R   0.97136 0.01068 0.01760 0.00036 ( 1)
  71 Y   0.94883 0.02703 0.02325 0.00090 ( 1)
  72 S   0.96496 0.01502 0.01952 0.00050 ( 1)
  73 S   0.96496 0.01502 0.01952 0.00050 ( 1)
  74 S   0.94137 0.03292 0.02461 0.00110 ( 1)
  75 D   0.96470 0.01520 0.01959 0.00051 ( 1)
  76 W   0.93547 0.03769 0.02558 0.00126 ( 1)
  77 V   0.94071 0.03345 0.02472 0.00112 ( 1)
  78 T   0.95746 0.02044 0.02141 0.00068 ( 1)
  79 Q   0.94251 0.03201 0.02441 0.00107 ( 1)
  80 Y   0.94883 0.02703 0.02325 0.00090 ( 1)
  81 R   0.96813 0.01283 0.01861 0.00043 ( 1)
  82 M   0.76128 0.21789 0.01357 0.00726 ( 1)
  83 L   0.95324 0.02363 0.02235 0.00079 ( 1)
  84 Y   0.94883 0.02703 0.02325 0.00090 ( 1)
  85 S   0.96468 0.01515 0.01966 0.00051 ( 1)
  86 D   0.96470 0.01520 0.01959 0.00051 ( 1)
  87 T   0.95769 0.02027 0.02136 0.00068 ( 1)
  88 G   0.95249 0.02415 0.02256 0.00081 ( 1)
  89 R   0.97114 0.01076 0.01774 0.00036 ( 1)
  90 N   0.96188 0.01715 0.02040 0.00057 ( 1)
  91 W   0.93531 0.03779 0.02564 0.00126 ( 1)
  92 K   0.95682 0.02086 0.02162 0.00070 ( 1)
  93 P   0.95772 0.02021 0.02140 0.00067 ( 1)
  94 Y   0.94863 0.02713 0.02334 0.00090 ( 1)
  95 H   0.95940 0.01896 0.02101 0.00063 ( 1)
  96 Q   0.94233 0.03211 0.02449 0.00107 ( 1)
  97 D   0.43471 0.28925 0.26640 0.00964 ( 1)
  98 G   0.95241 0.02423 0.02256 0.00081 ( 1)
  99 N   0.96188 0.01715 0.02040 0.00057 ( 1)
 100 I   0.95598 0.02150 0.02181 0.00072 ( 1)
 101 W   0.93383 0.03904 0.02583 0.00130 ( 1)
 102 A   0.95329 0.02293 0.02302 0.00076 ( 1)
 103 F   0.94212 0.03194 0.02488 0.00106 ( 1)
 104 P   0.94904 0.02641 0.02366 0.00088 ( 1)
 105 G   0.95337 0.02346 0.02239 0.00078 ( 1)
 106 N   0.95892 0.01885 0.02160 0.00063 ( 1)
 107 V   0.03481 0.44087 0.50962 0.01470 ( 3)
 108 N   0.95984 0.01843 0.02112 0.00061 ( 1)
 109 S   0.95288 0.02366 0.02267 0.00079 ( 1)
 110 D   0.95113 0.02501 0.02303 0.00083 ( 1)
 111 S   0.95757 0.02008 0.02168 0.00067 ( 1)
 112 V   0.93992 0.03390 0.02505 0.00113 ( 1)
 113 V   0.95780 0.01994 0.02160 0.00066 ( 1)
 114 R   0.96915 0.01186 0.01859 0.00040 ( 1)
 115 H   0.95865 0.01930 0.02141 0.00064 ( 1)
 116 D   0.95113 0.02501 0.02303 0.00083 ( 1)
 117 L   0.94912 0.02659 0.02341 0.00089 ( 1)
 118 Q   0.93711 0.03618 0.02550 0.00121 ( 1)
 119 H   0.95863 0.01932 0.02141 0.00064 ( 1)
 120 P   0.94825 0.02726 0.02359 0.00091 ( 1)
 121 V   0.50680 0.21181 0.27433 0.00706 ( 1)
 122 I   0.95491 0.02219 0.02216 0.00074 ( 1)
 123 A   0.95432 0.02256 0.02237 0.00075 ( 1)
 124 R   0.96712 0.01324 0.01920 0.00044 ( 1)
 125 Y   0.50489 0.34059 0.14316 0.01136 ( 1)
 126 V   0.38124 0.34917 0.25795 0.01164 ( 1)
 127 R   0.96712 0.01324 0.01920 0.00044 ( 1)
 128 I   0.00128 0.96620 0.00032 0.03221 ( 2)
 129 V   0.93992 0.03390 0.02505 0.00113 ( 1)
 130 P   0.94991 0.02595 0.02327 0.00087 ( 1)
 131 L   0.92348 0.04752 0.02742 0.00158 ( 1)
 132 D   0.95119 0.02494 0.02303 0.00083 ( 1)
 133 W   0.93476 0.03811 0.02586 0.00127 ( 1)
 134 N   0.95987 0.01841 0.02111 0.00061 ( 1)
 135 G   0.94556 0.02938 0.02408 0.00098 ( 1)
 136 E   0.96398 0.01543 0.02007 0.00051 ( 1)
 137 G   0.95810 0.01971 0.02153 0.00066 ( 1)
 138 R   0.96712 0.01324 0.01920 0.00044 ( 1)
 139 I   0.00228 0.96548 0.00005 0.03219 ( 2)
 140 G   0.95174 0.02454 0.02290 0.00082 ( 1)
 141 L   0.95231 0.02410 0.02279 0.00080 ( 1)
 142 R   0.97033 0.01107 0.01822 0.00037 ( 1)
 143 I   0.50429 0.34259 0.14170 0.01142 ( 1)
 144 E   0.95865 0.01931 0.02140 0.00064 ( 1)
 145 V   0.48624 0.23444 0.27150 0.00782 ( 1)
 146 Y   0.94805 0.02740 0.02363 0.00091 ( 1)
 147 G   0.95810 0.01971 0.02153 0.00066 ( 1)
 148 C   0.95851 0.01942 0.02142 0.00065 ( 1)
 149 S   0.94924 0.02648 0.02340 0.00088 ( 1)
 150 Y   0.94793 0.02750 0.02365 0.00092 ( 1)
 151 W   0.93531 0.03779 0.02564 0.00126 ( 1)
 152 A   0.96216 0.01687 0.02041 0.00056 ( 1)
 153 D   0.95329 0.02346 0.02246 0.00078 ( 1)
 154 V   0.96001 0.01843 0.02094 0.00061 ( 1)
 155 I   0.95744 0.02033 0.02155 0.00068 ( 1)
 156 N   0.96205 0.01695 0.02043 0.00057 ( 1)
 157 F   0.94489 0.03001 0.02410 0.00100 ( 1)
 158 D   0.95329 0.02346 0.02246 0.00078 ( 1)
 159 G   0.96877 0.01247 0.01834 0.00042 ( 1)
 160 H   0.96085 0.01782 0.02074 0.00059 ( 1)
 161 V   0.96019 0.01833 0.02087 0.00061 ( 1)
 162 V   0.94186 0.03243 0.02463 0.00108 ( 1)
 163 L   0.95123 0.02504 0.02289 0.00083 ( 1)
 164 P   0.95051 0.02557 0.02306 0.00085 ( 1)
 165 Y   0.95409 0.02286 0.02229 0.00076 ( 1)
 166 R   0.97243 0.00984 0.01739 0.00033 ( 1)
 167 F   0.94915 0.02667 0.02330 0.00089 ( 1)
 168 R   0.97243 0.00984 0.01739 0.00033 ( 1)
 169 N   0.96205 0.01695 0.02043 0.00057 ( 1)
 170 K   0.96192 0.01705 0.02047 0.00057 ( 1)
 171 K   0.96192 0.01705 0.02047 0.00057 ( 1)
 172 M   0.97325 0.00933 0.01711 0.00031 ( 1)
 173 K   0.95830 0.01969 0.02136 0.00066 ( 1)
 174 T   0.95893 0.01923 0.02120 0.00064 ( 1)
 175 L   0.92480 0.04646 0.02719 0.00155 ( 1)
 176 K   0.95846 0.01953 0.02136 0.00065 ( 1)
 177 D   0.95349 0.02336 0.02237 0.00078 ( 1)
 178 V   0.96242 0.01668 0.02034 0.00056 ( 1)
 179 I   0.95310 0.02353 0.02258 0.00078 ( 1)
 180 A   0.67301 0.30262 0.01428 0.01009 ( 1)
 181 L   0.94742 0.02801 0.02363 0.00093 ( 1)
 182 K   0.95828 0.01971 0.02135 0.00066 ( 1)
 183 F   0.94489 0.03001 0.02410 0.00100 ( 1)
 184 K   0.95828 0.01971 0.02135 0.00066 ( 1)
 185 T   0.95870 0.01939 0.02126 0.00065 ( 1)
 186 S   0.95484 0.02226 0.02215 0.00074 ( 1)
 187 E   0.96617 0.01403 0.01933 0.00047 ( 1)
 188 S   0.95916 0.01906 0.02115 0.00064 ( 1)
 189 E   0.96617 0.01403 0.01933 0.00047 ( 1)
 190 G   0.95394 0.02296 0.02233 0.00077 ( 1)
 191 V   0.96729 0.01326 0.01901 0.00044 ( 1)
 192 L   0.00262 0.96515 0.00006 0.03218 ( 2)
 193 L   0.94713 0.02830 0.02362 0.00094 ( 1)
 194 H   0.96332 0.01606 0.02009 0.00054 ( 1)
 195 G   0.95394 0.02297 0.02232 0.00077 ( 1)
 196 E   0.96617 0.01403 0.01933 0.00047 ( 1)
 197 G   0.94764 0.02785 0.02359 0.00093 ( 1)
 198 Q   0.93897 0.03476 0.02511 0.00116 ( 1)
 199 Q   0.94368 0.03097 0.02431 0.00103 ( 1)
 200 G   0.95394 0.02297 0.02232 0.00077 ( 1)
 201 D   0.95329 0.02346 0.02246 0.00078 ( 1)
 202 Y   0.95409 0.02286 0.02229 0.00076 ( 1)
 203 I   0.95281 0.02382 0.02258 0.00079 ( 1)
 204 T   0.07155 0.81271 0.08864 0.02710 ( 2)
 205 L   0.94742 0.02801 0.02363 0.00093 ( 1)
 206 E   0.96617 0.01403 0.01933 0.00047 ( 1)
 207 L   0.92480 0.04646 0.02719 0.00155 ( 1)
 208 K   0.66123 0.31474 0.01354 0.01049 ( 1)
 209 K   0.95828 0.01971 0.02135 0.00066 ( 1)
 210 A   0.95652 0.02102 0.02176 0.00070 ( 1)
 211 K   0.49813 0.22464 0.26974 0.00749 ( 1)
 212 L   0.92480 0.04646 0.02719 0.00155 ( 1)
 213 V   0.96242 0.01668 0.02034 0.00056 ( 1)
 214 F   0.94915 0.02667 0.02330 0.00089 ( 1)
 215 S   0.95916 0.01906 0.02115 0.00064 ( 1)
 216 L   0.95123 0.02504 0.02289 0.00083 ( 1)
 217 N   0.96205 0.01695 0.02043 0.00057 ( 1)
 218 L   0.95561 0.02170 0.02196 0.00072 ( 1)
 219 G   0.94668 0.02836 0.02402 0.00095 ( 1)
 220 S   0.96498 0.01457 0.01997 0.00049 ( 1)
 221 N   0.96096 0.01744 0.02102 0.00058 ( 1)
 222 Q   0.93813 0.03524 0.02545 0.00117 ( 1)
 223 L   0.95970 0.01832 0.02137 0.00061 ( 1)
 224 G   0.95923 0.01871 0.02144 0.00062 ( 1)
 225 P   0.95813 0.01952 0.02169 0.00065 ( 1)
 226 I   0.96649 0.01351 0.01955 0.00045 ( 1)
 227 Y   0.95326 0.02327 0.02269 0.00078 ( 1)
 228 G   0.95945 0.01861 0.02132 0.00062 ( 1)
 229 H   0.96253 0.01636 0.02057 0.00055 ( 1)
 230 T   0.95854 0.01928 0.02154 0.00064 ( 1)
 231 S   0.95422 0.02253 0.02250 0.00075 ( 1)
 232 V   0.94116 0.03282 0.02493 0.00109 ( 1)
 233 T   0.00019 0.96747 0.00009 0.03225 ( 2)
 234 T   0.95807 0.01963 0.02164 0.00065 ( 1)
 235 G   0.94687 0.02825 0.02393 0.00094 ( 1)
 236 S   0.95830 0.01946 0.02159 0.00065 ( 1)
 237 L   0.92434 0.04674 0.02736 0.00156 ( 1)
 238 L   0.92434 0.04674 0.02736 0.00156 ( 1)
 239 D   0.95248 0.02387 0.02285 0.00080 ( 1)
 240 D   0.95435 0.02257 0.02233 0.00075 ( 1)
 241 H   0.96253 0.01636 0.02057 0.00055 ( 1)
 242 H   0.96253 0.01636 0.02057 0.00055 ( 1)
 243 W   0.93590 0.03710 0.02576 0.00124 ( 1)
 244 H   0.96253 0.01636 0.02057 0.00055 ( 1)
 245 S   0.95057 0.02535 0.02324 0.00085 ( 1)
 246 V   0.94116 0.03282 0.02493 0.00109 ( 1)
 247 V   0.96155 0.01707 0.02081 0.00057 ( 1)
 248 I   0.95193 0.02429 0.02296 0.00081 ( 1)
 249 E   0.95999 0.01821 0.02119 0.00061 ( 1)
 250 R   0.96837 0.01227 0.01895 0.00041 ( 1)
 251 Q   0.93830 0.03514 0.02539 0.00117 ( 1)
 252 G   0.95945 0.01861 0.02132 0.00062 ( 1)
 253 R   0.97036 0.01094 0.01833 0.00036 ( 1)
 254 S   0.70665 0.26982 0.01453 0.00900 ( 1)
 255 L   0.62404 0.34996 0.01434 0.01167 ( 1)
 256 N   0.96118 0.01734 0.02090 0.00058 ( 1)
 257 L   0.95366 0.02297 0.02261 0.00077 ( 1)
 258 T   0.95794 0.01970 0.02170 0.00066 ( 1)
 259 L   0.92434 0.04674 0.02736 0.00156 ( 1)
 260 D   0.96500 0.01460 0.01991 0.00049 ( 1)
 261 R   0.97153 0.01018 0.01796 0.00034 ( 1)
 262 S   0.96525 0.01442 0.01984 0.00048 ( 1)
 263 T   0.95845 0.01935 0.02156 0.00064 ( 1)
 264 Q   0.93830 0.03514 0.02539 0.00117 ( 1)
 265 H   0.96253 0.01636 0.02057 0.00055 ( 1)
 266 F   0.94836 0.02707 0.02366 0.00090 ( 1)
 267 R   0.96837 0.01227 0.01895 0.00041 ( 1)
 268 T   0.95785 0.01980 0.02170 0.00066 ( 1)
 269 N   0.96201 0.01664 0.02079 0.00055 ( 1)
 270 G   0.95319 0.02334 0.02268 0.00078 ( 1)
 271 E   0.95999 0.01821 0.02119 0.00061 ( 1)
 272 F   0.94821 0.02719 0.02370 0.00091 ( 1)
 273 D   0.96500 0.01460 0.01991 0.00049 ( 1)
 274 Y   0.94926 0.02637 0.02349 0.00088 ( 1)
 275 L   0.92434 0.04674 0.02736 0.00156 ( 1)
 276 D   0.95248 0.02387 0.02285 0.00080 ( 1)
 277 L   0.94666 0.02842 0.02397 0.00095 ( 1)
 278 D   0.96500 0.01460 0.01991 0.00049 ( 1)
 279 Y   0.95284 0.02357 0.02280 0.00079 ( 1)
 280 E   0.95999 0.01821 0.02119 0.00061 ( 1)
 281 I   0.96390 0.01605 0.01951 0.00054 ( 1)
 282 T   0.95425 0.02321 0.02177 0.00077 ( 1)
 283 F   0.94072 0.03372 0.02444 0.00112 ( 1)
 284 G   0.94336 0.03162 0.02397 0.00105 ( 1)
 285 G   0.95588 0.02198 0.02140 0.00073 ( 1)
 286 I   0.96430 0.01587 0.01930 0.00053 ( 1)
 287 P   0.94763 0.02827 0.02315 0.00094 ( 1)
 288 F   0.94481 0.03047 0.02370 0.00102 ( 1)
 289 S   0.94796 0.02762 0.02350 0.00092 ( 1)
 290 G   0.96645 0.01438 0.01869 0.00048 ( 1)
 291 K   0.95721 0.02095 0.02114 0.00070 ( 1)
 292 P   0.94601 0.02954 0.02347 0.00098 ( 1)
 293 S   0.95471 0.02286 0.02167 0.00076 ( 1)
 294 S   0.95062 0.02596 0.02255 0.00087 ( 1)
 295 S   0.96292 0.01656 0.01997 0.00055 ( 1)
 296 S   0.95590 0.02168 0.02169 0.00072 ( 1)
 297 R   0.55331 0.17634 0.26447 0.00588 ( 1)
 298 K   0.95862 0.01968 0.02105 0.00066 ( 1)
 299 N   0.96004 0.01864 0.02070 0.00062 ( 1)
 300 F   0.94592 0.02938 0.02372 0.00098 ( 1)
 301 K   0.06094 0.90743 0.00138 0.03025 ( 2)
 302 G   0.95700 0.02088 0.02143 0.00070 ( 1)
 303 C   0.95755 0.02047 0.02130 0.00068 ( 1)
 304 M   0.97031 0.01146 0.01784 0.00038 ( 1)
 305 E   0.96295 0.01653 0.01996 0.00055 ( 1)
 306 S   0.64159 0.33323 0.01406 0.01111 ( 1)
 307 I   0.94946 0.02661 0.02304 0.00089 ( 1)
 308 N   0.95875 0.01958 0.02101 0.00065 ( 1)
 309 Y   0.94681 0.02868 0.02356 0.00096 ( 1)
 310 N   0.96004 0.01864 0.02070 0.00062 ( 1)
 311 G   0.95700 0.02088 0.02143 0.00070 ( 1)
 312 I   0.95411 0.02305 0.02207 0.00077 ( 1)
 313 N   0.95875 0.01958 0.02101 0.00065 ( 1)
 314 I   0.96534 0.01485 0.01932 0.00050 ( 1)
 315 T   0.96033 0.01842 0.02063 0.00061 ( 1)
 316 D   0.95000 0.02620 0.02293 0.00087 ( 1)
 317 L   0.95128 0.02519 0.02269 0.00084 ( 1)
 318 A   0.95531 0.02214 0.02181 0.00074 ( 1)
 319 R   0.96945 0.01203 0.01811 0.00040 ( 1)
 320 R   0.96849 0.01268 0.01841 0.00042 ( 1)
 321 K   0.95862 0.01968 0.02105 0.00066 ( 1)
 322 K   0.95502 0.02238 0.02186 0.00075 ( 1)
 323 L   0.95229 0.02443 0.02246 0.00081 ( 1)
 324 E   0.96288 0.01660 0.01996 0.00055 ( 1)
 325 P   0.95589 0.02171 0.02168 0.00072 ( 1)
 326 S   0.93950 0.03449 0.02486 0.00115 ( 1)
 327 N   0.96004 0.01864 0.02070 0.00062 ( 1)
 328 V   0.93886 0.03500 0.02497 0.00117 ( 1)
 329 G   0.94560 0.02940 0.02402 0.00098 ( 1)
 330 N   0.96111 0.01755 0.02075 0.00059 ( 1)
 331 L   0.94539 0.02957 0.02406 0.00099 ( 1)
 332 S   0.95700 0.02060 0.02171 0.00069 ( 1)
 333 F   0.94708 0.02823 0.02375 0.00094 ( 1)
 334 T   0.00380 0.96218 0.00195 0.03208 ( 2)
 335 C   0.95869 0.01934 0.02132 0.00064 ( 1)
 336 V   0.02433 0.54543 0.41205 0.01818 ( 2)
 337 E   0.95961 0.01843 0.02134 0.00061 ( 1)
 338 P   0.95797 0.01965 0.02172 0.00066 ( 1)
 339 Y   0.94891 0.02661 0.02360 0.00089 ( 1)
 340 T   0.64285 0.33156 0.01454 0.01105 ( 1)
 341 V   0.96579 0.01406 0.01968 0.00047 ( 1)
 342 P   0.95099 0.02497 0.02320 0.00083 ( 1)
 343 V   0.96097 0.01738 0.02107 0.00058 ( 1)
 344 F   0.94382 0.03064 0.02452 0.00102 ( 1)
 345 F   0.94801 0.02731 0.02377 0.00091 ( 1)
 346 N   0.96200 0.01668 0.02076 0.00056 ( 1)
 347 A   0.96090 0.01749 0.02103 0.00058 ( 1)
 348 T   0.95747 0.02003 0.02183 0.00067 ( 1)
 349 S   0.95792 0.01969 0.02173 0.00066 ( 1)
 350 Y   0.94891 0.02661 0.02360 0.00089 ( 1)
 351 L   0.92478 0.04650 0.02717 0.00155 ( 1)
 352 E   0.95961 0.01843 0.02134 0.00061 ( 1)
 353 V   0.94083 0.03305 0.02502 0.00110 ( 1)
 354 P   0.95196 0.02399 0.02325 0.00080 ( 1)
 355 G   0.94652 0.02849 0.02404 0.00095 ( 1)
 356 R   0.10791 0.81237 0.05264 0.02708 ( 2)
 357 L   0.96025 0.01797 0.02119 0.00060 ( 1)
 358 H   0.96030 0.01784 0.02126 0.00059 ( 1)
 359 Q   0.94136 0.03274 0.02481 0.00109 ( 1)
 360 D   0.96462 0.01482 0.02007 0.00049 ( 1)
 361 L   0.92484 0.04628 0.02734 0.00154 ( 1)
 362 F   0.94382 0.03064 0.02452 0.00102 ( 1)
 363 S   0.94495 0.02974 0.02431 0.00099 ( 1)
 364 V   0.47702 0.24192 0.27299 0.00807 ( 1)
 365 S   0.95810 0.01961 0.02164 0.00065 ( 1)
 366 F   0.94801 0.02731 0.02377 0.00091 ( 1)
 367 Q   0.93799 0.03536 0.02547 0.00118 ( 1)
 368 F   0.94801 0.02731 0.02377 0.00091 ( 1)
 369 R   0.97053 0.01084 0.01827 0.00036 ( 1)
 370 T   0.96234 0.01644 0.02067 0.00055 ( 1)
 371 W   0.93561 0.03732 0.02583 0.00124 ( 1)
 372 N   0.96080 0.01756 0.02105 0.00059 ( 1)
 373 P   0.95797 0.01965 0.02172 0.00066 ( 1)
 374 N   0.07816 0.89046 0.00169 0.02969 ( 2)
 375 G   0.96926 0.01162 0.01874 0.00039 ( 1)
 376 L   0.95331 0.02319 0.02272 0.00077 ( 1)
 377 L   0.92484 0.04646 0.02715 0.00155 ( 1)
 378 L   0.96022 0.01798 0.02120 0.00060 ( 1)
 379 F   0.94801 0.02731 0.02377 0.00091 ( 1)
 380 S   0.95794 0.01967 0.02173 0.00066 ( 1)
 381 H   0.71312 0.26487 0.01318 0.00883 ( 1)
 382 F   0.94362 0.03075 0.02461 0.00103 ( 1)
 383 A   0.97054 0.01069 0.01841 0.00036 ( 1)
 384 D   0.95188 0.02423 0.02308 0.00081 ( 1)
 385 N   0.00321 0.96289 0.00180 0.03210 ( 2)
 386 L   0.94323 0.03161 0.02410 0.00105 ( 1)
 387 G   0.95896 0.01881 0.02159 0.00063 ( 1)
 388 N   0.48652 0.23045 0.27535 0.00768 ( 1)
 389 V   0.94064 0.03316 0.02510 0.00111 ( 1)
 390 E   0.95937 0.01854 0.02146 0.00062 ( 1)
 391 I   0.95134 0.02464 0.02319 0.00082 ( 1)
 392 D   0.96431 0.01498 0.02021 0.00050 ( 1)
 393 L   0.95300 0.02338 0.02285 0.00078 ( 1)
 394 T   0.96198 0.01663 0.02083 0.00055 ( 1)
 395 D   0.96431 0.01498 0.02021 0.00050 ( 1)
 396 S   0.96420 0.01495 0.02035 0.00050 ( 1)
 397 K   0.67025 0.30582 0.01373 0.01020 ( 1)
 398 V   0.96047 0.01764 0.02130 0.00059 ( 1)
 399 S   0.51331 0.20328 0.27664 0.00678 ( 1)
 400 V   0.64147 0.33281 0.01463 0.01110 ( 1)
 401 H   0.96148 0.01691 0.02105 0.00056 ( 1)
 402 I   0.95557 0.02132 0.02241 0.00071 ( 1)
 403 N   0.96014 0.01789 0.02137 0.00060 ( 1)
 404 I   0.62131 0.35237 0.01457 0.01175 ( 1)
 405 T   0.95751 0.01984 0.02198 0.00066 ( 1)
 406 Q   0.93638 0.03646 0.02594 0.00122 ( 1)
 407 T   0.95546 0.02122 0.02261 0.00071 ( 1)
 408 K   0.95837 0.01908 0.02191 0.00064 ( 1)
 409 M   0.09971 0.82083 0.05209 0.02737 ( 2)
 410 S   0.96258 0.01598 0.02091 0.00053 ( 1)
 411 Q   0.93682 0.03603 0.02595 0.00120 ( 1)
 412 I   0.96411 0.01463 0.02077 0.00049 ( 1)
 413 D   0.94917 0.02596 0.02401 0.00087 ( 1)
 414 I   0.94874 0.02633 0.02406 0.00088 ( 1)
 415 S   0.95061 0.02479 0.02378 0.00083 ( 1)
 416 S   0.93866 0.03444 0.02575 0.00115 ( 1)
 417 G   0.96562 0.01345 0.02049 0.00045 ( 1)
 418 S   0.95093 0.02517 0.02307 0.00084 ( 1)
 419 G   0.95348 0.02320 0.02255 0.00077 ( 1)
 420 L   0.94659 0.02846 0.02401 0.00095 ( 1)
 421 N   0.96282 0.01626 0.02038 0.00054 ( 1)
 422 D   0.96481 0.01485 0.01985 0.00050 ( 1)
 423 G   0.95983 0.01843 0.02112 0.00061 ( 1)
 424 Q   0.93859 0.03498 0.02526 0.00117 ( 1)
 425 W   0.93618 0.03694 0.02564 0.00123 ( 1)
 426 H   0.96036 0.01804 0.02099 0.00060 ( 1)
 427 E   0.96439 0.01532 0.01978 0.00051 ( 1)
 428 V   0.96194 0.01690 0.02060 0.00056 ( 1)
 429 R   0.97751 0.00661 0.01566 0.00022 ( 1)
 430 F   0.94871 0.02689 0.02350 0.00090 ( 1)
 431 L   0.95429 0.02278 0.02217 0.00076 ( 1)
 432 A   0.96167 0.01709 0.02067 0.00057 ( 1)
 433 K   0.96143 0.01726 0.02073 0.00058 ( 1)
 434 E   0.96038 0.01803 0.02099 0.00060 ( 1)
 435 N   0.96282 0.01626 0.02038 0.00054 ( 1)
 436 F   0.94448 0.03023 0.02428 0.00101 ( 1)
 437 V   0.95953 0.01865 0.02120 0.00062 ( 1)
 438 I   0.95229 0.02411 0.02279 0.00080 ( 1)
 439 L   0.95402 0.02279 0.02243 0.00076 ( 1)
 440 T   0.96311 0.01605 0.02030 0.00054 ( 1)
 441 I   0.95686 0.02061 0.02184 0.00069 ( 1)
 442 D   0.95578 0.02145 0.02205 0.00072 ( 1)
 443 G   0.94721 0.02807 0.02378 0.00094 ( 1)
 444 D   0.95298 0.02355 0.02268 0.00079 ( 1)
 445 E   0.96568 0.01424 0.01961 0.00047 ( 1)
 446 A   0.95605 0.02125 0.02199 0.00071 ( 1)
 447 S   0.94213 0.03212 0.02468 0.00107 ( 1)
 448 A   0.95824 0.01961 0.02150 0.00065 ( 1)
 449 V   0.96025 0.01809 0.02105 0.00060 ( 1)
 450 R   0.96806 0.01258 0.01895 0.00042 ( 1)
 451 T   0.96305 0.01611 0.02030 0.00054 ( 1)
 452 N   0.96156 0.01717 0.02070 0.00057 ( 1)
 453 S   0.95868 0.01928 0.02140 0.00064 ( 1)
 454 P   0.95158 0.02466 0.02294 0.00082 ( 1)
 455 L   0.96101 0.01757 0.02083 0.00059 ( 1)
 456 Q   0.94328 0.03119 0.02449 0.00104 ( 1)
 457 V   0.95950 0.01871 0.02116 0.00062 ( 1)
 458 K   0.95780 0.01993 0.02160 0.00066 ( 1)
 459 T   0.96311 0.01605 0.02030 0.00054 ( 1)
 460 G   0.95984 0.01843 0.02112 0.00061 ( 1)
 461 E   0.00294 0.96483 0.00006 0.03217 ( 2)
 462 K   0.96143 0.01726 0.02073 0.00058 ( 1)
 463 Y   0.94961 0.02619 0.02333 0.00087 ( 1)
 464 F   0.94448 0.03023 0.02428 0.00101 ( 1)
 465 F   0.94448 0.03023 0.02428 0.00101 ( 1)
 466 G   0.94721 0.02807 0.02378 0.00094 ( 1)
 467 G   0.96994 0.01131 0.01838 0.00038 ( 1)
 468 Y   0.60020 0.37321 0.01415 0.01244 ( 1)
 469 L   0.03844 0.90553 0.02585 0.03019 ( 2)
 470 N   0.96197 0.01699 0.02048 0.00057 ( 1)
 471 Q   0.37661 0.35512 0.25644 0.01184 ( 1)
 472 M   0.97317 0.00935 0.01717 0.00031 ( 1)
 473 N   0.08145 0.88727 0.00170 0.02958 ( 2)
 474 S   0.67322 0.30237 0.01433 0.01008 ( 1)
 475 S   0.94255 0.03188 0.02450 0.00106 ( 1)
 476 S   0.95908 0.01910 0.02119 0.00064 ( 1)
 477 H   0.96333 0.01601 0.02013 0.00053 ( 1)
 478 S   0.95130 0.02497 0.02289 0.00083 ( 1)
 479 V   0.96230 0.01674 0.02041 0.00056 ( 1)
 480 L   0.96142 0.01738 0.02062 0.00058 ( 1)
 481 Q   0.93890 0.03480 0.02514 0.00116 ( 1)
 482 P   0.95196 0.02447 0.02276 0.00082 ( 1)
 483 S   0.94246 0.03194 0.02454 0.00106 ( 1)
 484 F   0.94907 0.02670 0.02333 0.00089 ( 1)
 485 Q   0.94362 0.03101 0.02434 0.00103 ( 1)
 486 G   0.94756 0.02788 0.02362 0.00093 ( 1)
 487 C   0.96078 0.01785 0.02078 0.00060 ( 1)
 488 M   0.97317 0.00935 0.01717 0.00031 ( 1)
 489 Q   0.93890 0.03480 0.02514 0.00116 ( 1)
 490 L   0.95441 0.02259 0.02225 0.00075 ( 1)
 491 I   0.95267 0.02392 0.02261 0.00080 ( 1)
 492 Q   0.94362 0.03101 0.02434 0.00103 ( 1)
 493 V   0.94179 0.03247 0.02466 0.00108 ( 1)
 494 D   0.95322 0.02350 0.02250 0.00078 ( 1)
 495 D   0.95322 0.02350 0.02250 0.00078 ( 1)
