Supplemental results for CODEML (seqf: /home/leticiamagpali/phd/evol_models/codeml/big_dataset/cml_align/OTOF_codon_aligned.phy  treef: /home/leticiamagpali/phd/evol_models/codeml/big_dataset/cml_trees/gene_trees/H1b_gene_trees/OTOF_tree_H1b.tre)

I	J	ij	2Ns_IJ	pMut_IJ	pSub_IJ	2Ns_JI	pMut_JI	pSub_JI

TTC	TTT	CT	-0.54344	0.07610	0.05729	0.54344	0.04420	0.05729
TTA	TTT	AT	6.59692	0.00001	0.00008	-6.59692	0.00888	0.00008
TTA	TTC	AC	7.14037	0.00002	0.00017	-7.14037	0.02996	0.00017
TTG	TTT	GT	1.30782	0.00255	0.00457	-1.30782	0.00944	0.00457
TTG	TTC	GC	1.85127	0.00500	0.01098	-1.85127	0.03182	0.01098
TTG	TTA	GA	-5.28910	0.01798	0.00048	5.28910	0.00009	0.00048
TCT	TTT	CT	1.52239	0.00964	0.01878	-1.52239	0.04420	0.01878
TCC	TTC	CT	0.78250	0.06815	0.09825	-0.78250	0.14903	0.09825
TCC	TCT	CT	-1.28333	0.06815	0.03353	1.28333	0.01888	0.03353
TCA	TTA	CT	-4.95016	0.01418	0.00050	4.95016	0.00010	0.00050
TCA	TCT	AT	0.12438	0.00335	0.00356	-0.12438	0.00380	0.00356
TCA	TCC	AC	1.40771	0.00656	0.01223	-1.40771	0.02683	0.01223
TCG	TTG	CT	0.79579	0.00954	0.01384	-0.79579	0.02115	0.01384
TCG	TCT	GT	0.58123	0.00226	0.00297	-0.58123	0.00403	0.00297
TCG	TCC	GC	1.86456	0.00442	0.00974	-1.86456	0.02850	0.00974
TCG	TCA	GA	0.45685	0.01589	0.01980	-0.45685	0.02509	0.01980
TAT	TTT	AT	1.10386	0.00295	0.00487	-1.10386	0.00888	0.00487
TAT	TCT	AC	-0.41853	0.00577	0.00465	0.41853	0.00380	0.00465
TAC	TTC	AT	0.61040	0.01627	0.02174	-0.61040	0.02996	0.02174
TAC	TCC	AC	-0.17210	0.03186	0.02920	0.17210	0.02683	0.02920
TAC	TAT	CT	-1.03690	0.06884	0.03921	1.03690	0.02441	0.03921
TGT	TTT	GT	1.97061	0.00132	0.00301	-1.97061	0.00944	0.00301
TGT	TCT	GC	0.44823	0.00258	0.00320	-0.44823	0.00403	0.00320
TGT	TAT	GA	0.86675	0.00927	0.01386	-0.86675	0.02205	0.01386
TGC	TTC	GT	1.66158	0.00604	0.01239	-1.66158	0.03182	0.01239
TGC	TCC	GC	0.87908	0.01183	0.01778	-0.87908	0.02850	0.01778
TGC	TAC	GA	1.05118	0.04257	0.06880	-1.05118	0.12181	0.06880
TGC	TGT	CT	-0.85248	0.02556	0.01620	0.85248	0.01090	0.01620
TGG	TTG	GT	-0.70863	0.00917	0.00630	0.70863	0.00452	0.00630
TGG	TCG	GC	-1.50442	0.01796	0.00772	1.50442	0.00399	0.00772
TGG	TGT	GT	-1.37142	0.00917	0.00428	1.37142	0.00233	0.00428
TGG	TGC	GC	-0.51894	0.01796	0.01370	0.51894	0.01069	0.01370
CTT	TTT	CT	2.11929	0.00531	0.01279	-2.11929	0.04420	0.01279
CTC	TTC	CT	0.95004	0.05764	0.08928	-0.95004	0.14903	0.08928
CTC	CTT	CT	-1.71269	0.05764	0.02172	1.71269	0.01040	0.02172
CTA	TTA	CT	-3.94798	0.00521	0.00040	3.94798	0.00010	0.00040
CTA	CTT	AT	0.52966	0.00123	0.00158	-0.52966	0.00209	0.00158
CTA	CTC	AC	2.24235	0.00241	0.00605	-2.24235	0.02269	0.00605
CTG	TTG	CT	-1.97979	0.15312	0.04857	1.97979	0.02115	0.04857
CTG	CTT	GT	-2.79125	0.03619	0.00660	2.79125	0.00222	0.00660
CTG	CTC	GC	-1.07856	0.07087	0.03939	1.07856	0.02410	0.03939
CTG	CTA	GA	-3.32091	0.25503	0.03174	3.32091	0.00921	0.03174
CCT	TCT	CT	-0.34914	0.02678	0.02237	0.34914	0.01888	0.02237
CCT	CTT	CT	-0.94604	0.02678	0.01608	0.94604	0.01040	0.01608
CCC	TCC	CT	0.47093	0.08333	0.10448	-0.47093	0.13345	0.10448
CCC	CTC	CT	0.30339	0.08333	0.09661	-0.30339	0.11286	0.09661
CCC	CCT	CT	-0.46326	0.08333	0.06551	0.46326	0.05243	0.06551
CCA	TCA	CT	0.37944	0.01900	0.02284	-0.37944	0.02777	0.02284
CCA	CTA	CT	-0.62274	0.01900	0.01370	0.62274	0.01020	0.01370
CCA	CCT	AT	0.85296	0.00449	0.00668	-0.85296	0.01054	0.00668
CCA	CCC	AC	1.31622	0.00880	0.01582	-1.31622	0.03280	0.01582
CCG	TCG	CT	-0.05412	0.01972	0.01919	0.05412	0.01868	0.01919
CCG	CTG	CT	2.72147	0.01972	0.05746	-2.72147	0.29985	0.05746
CCG	CCT	GT	0.87626	0.00466	0.00700	-0.87626	0.01120	0.00700
CCG	CCC	GC	1.33952	0.00913	0.01657	-1.33952	0.03485	0.01657
CCG	CCA	GA	0.02330	0.03285	0.03323	-0.02330	0.03362	0.03323
CAT	TAT	CT	2.05427	0.00313	0.00737	-2.05427	0.02441	0.00737
CAT	CTT	AT	1.03884	0.00074	0.00119	-1.03884	0.00209	0.00119
CAT	CCT	AC	1.98489	0.00145	0.00333	-1.98489	0.01054	0.00333
CAC	TAC	CT	1.45400	0.03150	0.05976	-1.45400	0.13482	0.05976
CAC	CTC	AT	1.11437	0.00744	0.01235	-1.11437	0.02269	0.01235
CAC	CCC	AC	0.81097	0.01458	0.02128	-0.81097	0.03280	0.02128
CAC	CAT	CT	-1.63717	0.03150	0.01245	1.63717	0.00613	0.01245
CAA	CTA	AT	0.24740	0.00160	0.00181	-0.24740	0.00205	0.00181
CAA	CCA	AC	0.87014	0.00313	0.00469	-0.87014	0.00748	0.00469
CAA	CAT	AT	-0.26178	0.00160	0.00140	0.26178	0.00123	0.00140
CAA	CAC	AC	1.37539	0.00313	0.00577	-1.37539	0.01240	0.00577
CAG	CTG	AT	1.36591	0.01538	0.02820	-1.36591	0.06027	0.02820
CAG	CCG	AC	-1.35556	0.03012	0.01418	1.35556	0.00776	0.01418
CAG	CAT	GT	-2.46418	0.01538	0.00352	2.46418	0.00131	0.00352
CAG	CAC	GC	-0.82701	0.03012	0.01936	0.82701	0.01317	0.01936
CAG	CAA	GA	-2.20240	0.10838	0.02966	2.20240	0.01198	0.02966
CGT	TGT	CT	0.97681	0.00410	0.00643	-0.97681	0.01090	0.00643
CGT	CTT	GT	0.82813	0.00097	0.00143	-0.82813	0.00222	0.00143
CGT	CCT	GC	1.77418	0.00190	0.00406	-1.77418	0.01120	0.00406
CGT	CAT	GA	-0.21071	0.00683	0.00614	0.21071	0.00554	0.00614
CGC	TGC	CT	0.20623	0.04073	0.04507	-0.20623	0.05006	0.04507
CGC	CTC	GT	0.91777	0.00963	0.01471	-0.91777	0.02410	0.01471
CGC	CCC	GC	0.61438	0.01885	0.02523	-0.61438	0.03485	0.02523
CGC	CAC	GA	-0.19660	0.06784	0.06139	0.19660	0.05573	0.06139
CGC	CGT	CT	-1.62305	0.04073	0.01625	1.62305	0.00804	0.01625
CGA	CTA	GT	0.06668	0.00204	0.00211	-0.06668	0.00218	0.00211
CGA	CCA	GC	0.68942	0.00399	0.00552	-0.68942	0.00795	0.00552
CGA	CAA	GA	-0.18072	0.01435	0.01309	0.18072	0.01198	0.01309
CGA	CGT	AT	-0.23179	0.00204	0.00181	0.23179	0.00162	0.00181
CGA	CGC	AC	1.39126	0.00399	0.00739	-1.39126	0.01603	0.00739
CGG	TGG	CT	0.26860	0.05809	0.06624	-0.26860	0.07599	0.06624
CGG	CTG	GT	1.53976	0.01373	0.02691	-1.53976	0.06403	0.02691
CGG	CCG	GC	-1.18170	0.02689	0.01406	1.18170	0.00825	0.01406
CGG	CAG	GA	0.17385	0.09676	0.10541	-0.17385	0.11513	0.10541
CGG	CGT	GT	-2.07962	0.01373	0.00408	2.07962	0.00172	0.00408
CGG	CGC	GC	-0.45657	0.02689	0.02121	0.45657	0.01703	0.02121
CGG	CGA	GA	-1.84783	0.09676	0.03344	1.84783	0.01525	0.03344
ATT	TTT	AT	0.36807	0.00615	0.00735	-0.36807	0.00888	0.00735
ATT	CTT	AC	-1.75121	0.01204	0.00443	1.75121	0.00209	0.00443
ATC	TTC	AT	0.34403	0.02124	0.02510	-0.34403	0.02996	0.02510
ATC	CTC	AC	-0.60601	0.04159	0.03025	0.60601	0.02269	0.03025
ATC	ATT	CT	-0.56749	0.08986	0.06676	0.56749	0.05094	0.06676
ATA	TTA	AT	-4.05454	0.00116	0.00008	4.05454	0.00002	0.00008
ATA	CTA	AC	-0.10656	0.00228	0.00216	0.10656	0.00205	0.00216
ATA	ATT	AT	2.17431	0.00116	0.00286	-2.17431	0.01024	0.00286
ATA	ATC	AC	2.74180	0.00228	0.00668	-2.74180	0.03537	0.00668
ATG	TTG	AT	-1.33326	0.01612	0.00770	1.33326	0.00425	0.00770
ATG	CTG	AC	0.64652	0.03158	0.04287	-0.64652	0.06027	0.04287
ATG	ATT	GT	-0.39351	0.01612	0.01316	0.39351	0.01088	0.01316
ATG	ATC	GC	0.17398	0.03158	0.03440	-0.17398	0.03758	0.03440
ATG	ATA	GA	-2.56782	0.11363	0.02424	2.56782	0.00872	0.02424
ACT	TCT	AT	0.08892	0.00347	0.00363	-0.08892	0.00380	0.00363
ACT	CCT	AC	0.43806	0.00680	0.00840	-0.43806	0.01054	0.00840
ACT	ATT	CT	1.24323	0.01469	0.02568	-1.24323	0.05094	0.02568
ACC	TCC	AT	0.87819	0.01115	0.01675	-0.87819	0.02683	0.01675
ACC	CCC	AC	0.40726	0.02183	0.02657	-0.40726	0.03280	0.02657
ACC	ATC	CT	1.31667	0.04716	0.08484	-1.31667	0.17597	0.08484
ACC	ACT	CT	-0.49406	0.04716	0.03647	0.49406	0.02878	0.03647
ACA	TCA	AT	0.72750	0.00270	0.00380	-0.72750	0.00558	0.00380
ACA	CCA	AC	0.34806	0.00528	0.00625	-0.34806	0.00748	0.00625
ACA	ATA	CT	-0.16812	0.01141	0.01048	0.16812	0.00965	0.01048
ACA	ACT	AT	0.76296	0.00270	0.00386	-0.76296	0.00578	0.00386
ACA	ACC	AC	1.25702	0.00528	0.00928	-1.25702	0.01857	0.00928
ACG	TCG	AT	-0.73561	0.00784	0.00531	0.73561	0.00376	0.00531
ACG	CCG	AC	-0.68149	0.01535	0.01071	0.68149	0.00776	0.01071
ACG	ATG	CT	1.39345	0.03316	0.06147	-1.39345	0.13360	0.06147
ACG	ACT	GT	-0.24330	0.00784	0.00692	0.24330	0.00614	0.00692
ACG	ACC	GC	0.25076	0.01535	0.01735	-0.25076	0.01972	0.01735
ACG	ACA	GA	-1.00626	0.05523	0.03203	1.00626	0.02019	0.03203
AAT	TAT	AT	0.45574	0.00311	0.00387	-0.45574	0.00491	0.00387
AAT	CAT	AC	-1.59853	0.00609	0.00247	1.59853	0.00123	0.00247
AAT	ATT	AT	1.19152	0.00311	0.00532	-1.19152	0.01024	0.00532
AAT	ACT	AC	-0.05171	0.00609	0.00594	0.05171	0.00578	0.00594
AAC	TAC	AT	0.45719	0.01716	0.02138	-0.45719	0.02710	0.02138
AAC	CAC	AC	-0.99682	0.03360	0.01959	0.99682	0.01240	0.01959
AAC	ATC	AT	0.72356	0.01716	0.02410	-0.72356	0.03537	0.02410
AAC	ACC	AC	-0.59310	0.03360	0.02461	0.59310	0.01857	0.02461
AAC	AAT	CT	-1.03545	0.07259	0.04138	1.03545	0.02577	0.04138
AAA	CAA	AC	-1.28089	0.00959	0.00473	1.28089	0.00267	0.00473
AAA	ATA	AT	-0.92693	0.00490	0.00297	0.92693	0.00194	0.00297
AAA	ACA	AC	-0.75881	0.00959	0.00641	0.75881	0.00449	0.00641
AAA	AAT	AT	0.05586	0.00490	0.00504	-0.05586	0.00518	0.00504
AAA	AAC	AC	1.09131	0.00959	0.01576	-1.09131	0.02857	0.01576
AAG	CAG	AC	-0.93967	0.06555	0.03951	0.93967	0.02561	0.03951
AAG	ATG	AT	-0.22029	0.03347	0.02992	0.22029	0.02686	0.02992
AAG	ACG	AC	-1.61373	0.06555	0.02630	1.61373	0.01305	0.02630
AAG	AAT	GT	-1.80532	0.03347	0.01189	1.80532	0.00550	0.01189
AAG	AAC	GC	-0.76987	0.06555	0.04352	0.76987	0.03035	0.04352
AAG	AAA	GA	-1.86118	0.23589	0.08083	1.86118	0.03668	0.08083
AGT	TGT	AT	0.10937	0.00196	0.00207	-0.10937	0.00219	0.00207
AGT	CGT	AC	-0.86743	0.00385	0.00242	0.86743	0.00162	0.00242
AGT	ATT	GT	1.71191	0.00196	0.00410	-1.71191	0.01088	0.00410
AGT	ACT	GC	0.46868	0.00385	0.00482	-0.46868	0.00614	0.00482
AGT	AAT	GA	0.52039	0.01384	0.01775	-0.52039	0.02329	0.01775
AGC	TGC	AT	0.14993	0.00866	0.00933	-0.14993	0.01006	0.00933
AGC	CGC	AC	-0.05629	0.01696	0.01649	0.05629	0.01603	0.01649
AGC	ATC	GT	1.46749	0.00866	0.01652	-1.46749	0.03758	0.01652
AGC	ACC	GC	0.15082	0.01696	0.01827	-0.15082	0.01972	0.01827
AGC	AAC	GA	0.74393	0.06104	0.08653	-0.74393	0.12843	0.08653
AGC	AGT	CT	-0.81191	0.03665	0.02376	0.81191	0.01627	0.02376
AGA	CGA	AC	3.45802	0.00011	0.00038	-3.45802	0.00339	0.00038
AGA	ATA	GT	3.63127	0.00005	0.00020	-3.63127	0.00206	0.00020
AGA	ACA	GC	3.79938	0.00011	0.00042	-3.79938	0.00477	0.00042
AGA	AAA	GA	4.55819	0.00038	0.00177	-4.55819	0.03668	0.00177
AGA	AGT	AT	4.09367	0.00005	0.00023	-4.09367	0.00327	0.00023
AGA	AGC	AC	4.90558	0.00011	0.00053	-4.90558	0.01443	0.00053
AGG	TGG	AT	3.14072	0.00066	0.00217	-3.14072	0.01528	0.00217
AGG	CGG	AC	2.87212	0.00129	0.00394	-2.87212	0.02287	0.00394
AGG	ATG	GT	3.76535	0.00066	0.00255	-3.76535	0.02853	0.00255
AGG	ACG	GC	2.37191	0.00129	0.00338	-2.37191	0.01387	0.00338
AGG	AAG	GA	3.98564	0.00466	0.01891	-3.98564	0.25059	0.01891
AGG	AGT	GT	1.65993	0.00066	0.00135	-1.65993	0.00347	0.00135
AGG	AGC	GC	2.47184	0.00129	0.00349	-2.47184	0.01532	0.00349
AGG	AGA	GA	-2.43373	0.00466	0.00109	2.43373	0.00041	0.00109
GTT	TTT	GT	4.09246	0.00016	0.00066	-4.09246	0.00944	0.00066
GTT	CTT	GC	1.97317	0.00031	0.00071	-1.97317	0.00222	0.00071
GTT	ATT	GA	3.72438	0.00111	0.00424	-3.72438	0.04603	0.00424
GTC	TTC	GT	0.82788	0.01391	0.02045	-0.82788	0.03182	0.02045
GTC	CTC	GC	-0.12215	0.02723	0.02560	0.12215	0.02410	0.02560
GTC	ATC	GA	0.48386	0.09800	0.12361	-0.48386	0.15899	0.12361
GTC	GTT	CT	-3.80802	0.05884	0.00509	3.80802	0.00131	0.00509
GTA	TTA	GT	-4.90583	0.00290	0.00011	4.90583	0.00002	0.00011
GTA	CTA	GC	-0.95786	0.00567	0.00338	0.95786	0.00218	0.00338
GTA	ATA	GA	-0.85130	0.02042	0.01295	0.85130	0.00872	0.01295
GTA	GTT	AT	-2.40137	0.00290	0.00069	2.40137	0.00026	0.00069
GTA	GTC	AC	1.40665	0.00567	0.01057	-1.40665	0.02316	0.01057
GTG	TTG	GT	-1.79679	0.02723	0.00973	1.79679	0.00452	0.00973
GTG	CTG	GC	0.18300	0.05332	0.05835	-0.18300	0.06403	0.05835
GTG	ATG	GA	-0.46353	0.19189	0.15084	0.46353	0.12071	0.15084
GTG	GTT	GT	-4.58142	0.02723	0.00129	4.58142	0.00028	0.00129
GTG	GTC	GC	-0.77341	0.05332	0.03533	0.77341	0.02460	0.03533
GTG	GTA	GA	-2.18005	0.19189	0.05331	2.18005	0.02169	0.05331
GCT	TCT	GT	0.23112	0.00320	0.00358	-0.23112	0.00403	0.00358
GCT	CCT	GC	0.58027	0.00627	0.00826	-0.58027	0.01120	0.00826
GCT	ACT	GA	0.14220	0.02255	0.02420	-0.14220	0.02600	0.02420
GCT	GTT	CT	-2.33894	0.01354	0.00338	2.33894	0.00131	0.00338
GCC	TCC	GT	0.44158	0.01832	0.02267	-0.44158	0.02850	0.02267
GCC	CCC	GC	-0.02935	0.03588	0.03536	0.02935	0.03485	0.03536
GCC	ACC	GA	-0.43661	0.12913	0.10299	0.43661	0.08345	0.10299
GCC	GTC	CT	0.39619	0.07753	0.09390	-0.39619	0.11522	0.09390
GCC	GCT	CT	-1.07288	0.07753	0.04324	1.07288	0.02652	0.04324
GCA	TCA	GT	0.93535	0.00233	0.00358	-0.93535	0.00593	0.00358
GCA	CCA	GC	0.55591	0.00456	0.00594	-0.55591	0.00795	0.00594
GCA	ACA	GA	0.20784	0.01640	0.01817	-0.20784	0.02019	0.01817
GCA	GTA	CT	0.89102	0.00985	0.01488	-0.89102	0.02401	0.01488
GCA	GCT	AT	0.82860	0.00233	0.00342	-0.82860	0.00533	0.00342
GCA	GCC	AC	1.90148	0.00456	0.01019	-1.90148	0.03052	0.01019
GCG	TCG	GT	0.06142	0.00375	0.00387	-0.06142	0.00399	0.00387
GCG	CCG	GC	0.11553	0.00735	0.00778	-0.11553	0.00825	0.00778
GCG	ACG	GA	0.79703	0.02644	0.03836	-0.79703	0.05867	0.03836
GCG	GTG	CT	2.65400	0.01588	0.04532	-2.65400	0.22561	0.04532
GCG	GCT	GT	0.41153	0.00375	0.00458	-0.41153	0.00566	0.00458
GCG	GCC	GC	1.48440	0.00735	0.01410	-1.48440	0.03242	0.01410
GCG	GCA	GA	-0.41707	0.02644	0.02131	0.41707	0.01742	0.02131
GAT	TAT	GT	-0.39393	0.00773	0.00631	0.39393	0.00521	0.00631
GAT	CAT	GC	-2.44820	0.01514	0.00351	2.44820	0.00131	0.00351
GAT	AAT	GA	-0.84966	0.05447	0.03456	0.84966	0.02329	0.03456
GAT	GTT	AT	-3.38252	0.00773	0.00092	3.38252	0.00026	0.00092
GAT	GCT	AC	-1.04358	0.01514	0.00859	1.04358	0.00533	0.00859
GAC	TAC	GT	-0.25516	0.03716	0.03262	0.25516	0.02879	0.03262
GAC	CAC	GC	-1.70916	0.07276	0.02749	1.70916	0.01317	0.02749
GAC	AAC	GA	-0.71235	0.26184	0.17956	0.71235	0.12843	0.17956
GAC	GTC	AT	-0.47264	0.03716	0.02906	0.47264	0.02316	0.02906
GAC	GCC	AC	-0.86883	0.07276	0.04567	0.86883	0.03052	0.04567
GAC	GAT	CT	-0.89813	0.15721	0.09704	0.89813	0.06404	0.09704
GAA	CAA	GC	-1.84610	0.01794	0.00621	1.84610	0.00283	0.00621
GAA	AAA	GA	-0.56520	0.06455	0.04801	0.56520	0.03668	0.04801
GAA	GTA	AT	-0.64084	0.00916	0.00654	0.64084	0.00483	0.00654
GAA	GCA	AC	-1.53186	0.01794	0.00758	1.53186	0.00388	0.00758
GAA	GAT	AT	0.34032	0.00916	0.01081	-0.34032	0.01287	0.01081
GAA	GAC	AC	1.23845	0.01794	0.03128	-1.23845	0.06189	0.03128
GAG	CAG	GC	-1.01204	0.07486	0.04326	1.01204	0.02721	0.04326
GAG	AAG	GA	-0.07236	0.26939	0.25976	0.07236	0.25059	0.25976
GAG	GTG	AT	0.17088	0.03823	0.04159	-0.17088	0.04535	0.04159
GAG	GCG	AC	-2.48313	0.07486	0.01693	2.48313	0.00625	0.01693
GAG	GAT	GT	-1.02802	0.03823	0.02189	1.02802	0.01367	0.02189
GAG	GAC	GC	-0.12989	0.07486	0.07010	0.12989	0.06574	0.07010
GAG	GAA	GA	-1.36834	0.26939	0.12586	1.36834	0.06857	0.12586
GGT	TGT	GT	0.47406	0.00145	0.00182	-0.47406	0.00233	0.00182
GGT	CGT	GC	-0.50274	0.00284	0.00218	0.50274	0.00172	0.00218
GGT	AGT	GA	0.36469	0.01021	0.01218	-0.36469	0.01470	0.01218
GGT	GTT	GT	-1.64778	0.00145	0.00057	1.64778	0.00028	0.00057
GGT	GCT	GC	0.69117	0.00284	0.00393	-0.69117	0.00566	0.00393
GGT	GAT	GA	1.73475	0.01021	0.02150	-1.73475	0.05786	0.02150
GGC	TGC	GT	-0.71069	0.02176	0.01493	0.71069	0.01069	0.01493
GGC	CGC	GC	-0.91692	0.04261	0.02602	0.91692	0.01703	0.02602
GGC	AGC	GA	-0.86063	0.15332	0.09670	0.86063	0.06484	0.09670
GGC	GTC	GT	0.12300	0.02176	0.02312	-0.12300	0.02460	0.02312
GGC	GCC	GC	-0.27319	0.04261	0.03705	0.27319	0.03242	0.03705
GGC	GAC	GA	0.59564	0.15332	0.20349	-0.59564	0.27816	0.20349
GGC	GGT	CT	-2.03723	0.09206	0.02812	2.03723	0.01200	0.02812
GGA	CGA	GC	-0.32460	0.00499	0.00422	0.32460	0.00360	0.00422
GGA	AGA	GA	-3.78262	0.01794	0.00158	3.78262	0.00041	0.00158
GGA	GTA	GT	0.69995	0.00255	0.00354	-0.69995	0.00513	0.00354
GGA	GCA	GC	-0.19108	0.00499	0.00452	0.19108	0.00412	0.00452
GGA	GAA	GA	1.34078	0.01794	0.03258	-1.34078	0.06857	0.03258
GGA	GGT	AT	-0.05364	0.00255	0.00248	0.05364	0.00241	0.00248
GGA	GGC	AC	1.98359	0.00499	0.01147	-1.98359	0.03624	0.01147
GGG	TGG	GT	0.39416	0.01094	0.01324	-0.39416	0.01623	0.01324
GGG	CGG	GC	0.12556	0.02143	0.02280	-0.12556	0.02429	0.02280
GGG	AGG	GA	-2.74655	0.07710	0.01452	2.74655	0.00495	0.01452
GGG	GTG	GT	1.48233	0.01094	0.02098	-1.48233	0.04818	0.02098
GGG	GCG	GC	-1.17168	0.02143	0.01127	1.17168	0.00664	0.01127
GGG	GAG	GA	1.31145	0.07710	0.13841	-1.31145	0.28618	0.13841
GGG	GGT	GT	-1.45132	0.01094	0.00486	1.45132	0.00256	0.00486
GGG	GGC	GC	0.58592	0.02143	0.02831	-0.58592	0.03850	0.02831
GGG	GGA	GA	-1.39767	0.07710	0.03538	1.39767	0.01906	0.03538


Histograms
2Ns	FMut	FSub(CodonUsage)	FSubw(after w)

-6.80035	0.00242	0.00002
-6.12031	0.00000	0.00000
-5.44028	0.00112	0.00004
-4.76024	0.00594	0.00033
-4.08021	0.02364	0.00236
-3.40017	0.02051	0.00313
-2.72014	0.05845	0.01483
-2.04010	0.09158	0.03743
-1.36007	0.16595	0.10152
-0.68003	0.26393	0.23590
0.00000	0.16566	0.20886
0.68003	0.13754	0.23590
1.36007	0.04487	0.10152
2.04010	0.01305	0.03743
2.72014	0.00410	0.01483
3.40017	0.00071	0.00313
4.08021	0.00047	0.00236
4.76024	0.00006	0.00033
5.44028	0.00001	0.00004
6.12031	0.00000	0.00000
6.80035	0.00000	0.00002

Proportion of advantageous (S > 0) mutations:
 0.27703

Proportions of good & bad mutations (|S| > 2.0000) among mutations:
0.00920  0.14539

mean |Ns| = 1.15664	mean Ns+ = 0.71431	mean Ns- = -1.32614


MLEs of dN/dS (w) for site classes (K=4)

site class             0        1       2a       2b
proportion       0.31040  0.06660  0.51294  0.11006
background w     0.02334  0.86520  0.02334  0.86520
foreground w     0.02334  0.86520  0.13514  0.13514

Naive Empirical Bayes (NEB) probabilities for 4 classes
(amino acids refer to 1st sequence: Bacu)

   1 L   0.33081 0.04628 0.54364 0.07927 ( 3)
   2 I   0.35476 0.02400 0.57753 0.04370 ( 3)
   3 G   0.36182 0.01795 0.58668 0.03355 ( 3)
   4 T   0.36760 0.01329 0.59361 0.02551 ( 3)
   5 F   0.35389 0.02477 0.57637 0.04497 ( 3)
   6 R   0.36092 0.01871 0.58554 0.03484 ( 3)
   7 M   0.36532 0.01509 0.59095 0.02864 ( 3)
   8 V   0.34676 0.03119 0.56661 0.05543 ( 3)
   9 L   0.33081 0.04628 0.54364 0.07927 ( 3)
  10 Q   0.35575 0.02314 0.57885 0.04227 ( 3)
  11 K   0.00307 0.35600 0.00502 0.63591 ( 4)
  12 V   0.34671 0.03124 0.56653 0.05552 ( 3)
  13 V   0.34671 0.03124 0.56653 0.05552 ( 3)
  14 E   0.35386 0.02480 0.57633 0.04501 ( 3)
  15 E   0.35386 0.02480 0.57633 0.04501 ( 3)
  16 G   0.00108 0.35647 0.00177 0.64068 ( 4)
  17 H   0.00913 0.32649 0.01466 0.64973 ( 4)
  18 V   0.34671 0.03124 0.56653 0.05552 ( 3)
  19 E   0.35387 0.02479 0.57635 0.04499 ( 3)
  20 V   0.34671 0.03124 0.56653 0.05552 ( 3)
  21 T   0.36686 0.01395 0.59242 0.02677 ( 3)
  22 D   0.35590 0.02301 0.57901 0.04207 ( 3)
  23 M   0.36521 0.01519 0.59077 0.02883 ( 3)
  24 L   0.33073 0.04635 0.54352 0.07940 ( 3)
  25 I   0.34659 0.03125 0.56715 0.05502 ( 3)
  26 D   0.35586 0.02305 0.57895 0.04213 ( 3)
  27 D   0.35590 0.02301 0.57901 0.04207 ( 3)
  28 N   0.00695 0.33690 0.01122 0.64493 ( 4)
  29 N   0.00023 0.33811 0.00038 0.66128 ( 4)
  30 A   0.01240 0.32040 0.01987 0.64733 ( 4)
  31 I   0.00383 0.35098 0.00623 0.63896 ( 4)
  32 I   0.00385 0.35096 0.00627 0.63891 ( 4)
  33 Q   0.00000 0.35374 0.00000 0.64625 ( 4)
  34 E   0.35633 0.02251 0.58028 0.04089 ( 3)
  35 P   0.37163 0.00996 0.59905 0.01935 ( 3)
  36 A   0.36830 0.01251 0.59535 0.02384 ( 3)
  37 V   0.35414 0.02442 0.57744 0.04400 ( 3)
  38 L   0.33254 0.04459 0.54648 0.07639 ( 3)
  39 E   0.35647 0.02236 0.58058 0.04059 ( 3)
  40 M   0.36774 0.01291 0.59486 0.02449 ( 3)
  41 E   0.00401 0.35163 0.00653 0.63782 ( 4)
  42 N   0.11965 0.24247 0.19465 0.44323 ( 4)
  43 L   0.00017 0.33600 0.00028 0.66355 ( 4)
  44 D   0.35863 0.02048 0.58345 0.03744 ( 3)
  45 R   0.36358 0.01627 0.58985 0.03030 ( 3)
  46 L   0.33328 0.04387 0.54769 0.07515 ( 3)
  47 A   0.36162 0.01792 0.58733 0.03313 ( 3)
  48 I   0.00272 0.36511 0.00446 0.62771 ( 4)
  49 R   0.35949 0.01973 0.58459 0.03619 ( 3)
  50 L   0.33254 0.04459 0.54648 0.07639 ( 3)
  51 G   0.00022 0.34641 0.00036 0.65300 ( 4)
  52 D   0.35357 0.02493 0.57667 0.04483 ( 3)
  53 G   0.36431 0.01568 0.59071 0.02930 ( 3)
  54 L   0.06326 0.30602 0.10388 0.52685 ( 4)
  55 D   0.09885 0.26440 0.16122 0.47553 ( 4)
  56 P   0.34398 0.03370 0.56320 0.05912 ( 3)
  57 D   0.35861 0.02050 0.58342 0.03747 ( 3)
  58 S   0.36110 0.01834 0.58675 0.03381 ( 3)
  59 M   0.08208 0.28223 0.13411 0.50158 ( 4)
  60 S   0.34348 0.03413 0.56275 0.05964 ( 3)
  61 L   0.36216 0.01747 0.58799 0.03238 ( 3)
  62 A   0.35788 0.02113 0.58247 0.03853 ( 3)
  63 S   0.36103 0.01841 0.58663 0.03393 ( 3)
  64 V   0.36769 0.01295 0.59480 0.02457 ( 3)
  65 T   0.35907 0.02009 0.58405 0.03679 ( 3)
  66 A   0.35788 0.02113 0.58247 0.03853 ( 3)
  67 L   0.36365 0.01622 0.58991 0.03022 ( 3)
  68 T   0.36992 0.01121 0.59735 0.02152 ( 3)
  69 T   0.36992 0.01121 0.59735 0.02152 ( 3)
  70 N   0.36951 0.01152 0.59691 0.02206 ( 3)
  71 V   0.15516 0.20654 0.25150 0.38680 ( 4)
  72 S   0.36087 0.01855 0.58638 0.03420 ( 3)
  73 N   0.36946 0.01157 0.59683 0.02215 ( 3)
  74 K   0.35110 0.02715 0.57324 0.04850 ( 3)
  75 R   0.34791 0.03012 0.56836 0.05361 ( 3)
  76 S   0.35915 0.02024 0.58314 0.03748 ( 3)
  77 K   0.34920 0.02895 0.57014 0.05171 ( 3)
  78 P   0.34980 0.02840 0.57098 0.05082 ( 3)
  79 D   0.35668 0.02229 0.58028 0.04075 ( 3)
  80 I   0.34372 0.03399 0.56245 0.05985 ( 3)
  81 K   0.34920 0.02895 0.57014 0.05171 ( 3)
  82 M   0.36595 0.01453 0.59195 0.02757 ( 3)
  83 E   0.35452 0.02419 0.57740 0.04389 ( 3)
  84 P   0.34980 0.02840 0.57098 0.05082 ( 3)
  85 S   0.08175 0.11833 0.76443 0.03549 ( 3)
  86 A   0.35970 0.01969 0.58422 0.03639 ( 3)
  87 G   0.36217 0.01763 0.58725 0.03295 ( 3)
  88 R   0.35734 0.02173 0.58108 0.03985 ( 3)
  89 P   0.35478 0.02396 0.57770 0.04356 ( 3)
  90 M   0.36575 0.01471 0.59163 0.02791 ( 3)
  91 D   0.00341 0.35415 0.00556 0.63689 ( 4)
  92 Y   0.09661 0.26612 0.15752 0.47975 ( 4)
  93 Q   0.10844 0.25297 0.17645 0.46213 ( 4)
  94 V   0.36844 0.01227 0.59601 0.02328 ( 3)
  95 S   0.37460 0.00768 0.60262 0.01510 ( 3)
  96 V   0.00502 0.34987 0.00817 0.63694 ( 4)
  97 T   0.36264 0.01700 0.58891 0.03145 ( 3)
  98 V   0.35002 0.02810 0.57194 0.04994 ( 3)
  99 I   0.35812 0.02088 0.58300 0.03801 ( 3)
 100 E   0.35731 0.02158 0.58195 0.03916 ( 3)
 101 A   0.35978 0.01939 0.58543 0.03541 ( 3)
 102 R   0.36033 0.01896 0.58594 0.03477 ( 3)
 103 Q   0.35919 0.01993 0.58446 0.03641 ( 3)
 104 L   0.33312 0.04403 0.54744 0.07541 ( 3)
 105 V   0.35006 0.02807 0.57199 0.04988 ( 3)
 106 G   0.36245 0.01716 0.58868 0.03171 ( 3)
 107 L   0.36602 0.01420 0.59314 0.02665 ( 3)
 108 N   0.37019 0.01091 0.59802 0.02088 ( 3)
 109 M   0.10257 0.26279 0.16760 0.46703 ( 4)
 110 D   0.35947 0.01970 0.58481 0.03602 ( 3)
 111 P   0.35778 0.02116 0.58258 0.03847 ( 3)
 112 V   0.35002 0.02810 0.57194 0.04994 ( 3)
 113 V   0.35369 0.02462 0.57793 0.04376 ( 3)
 114 C   0.37584 0.00684 0.60376 0.01357 ( 3)
 115 V   0.35002 0.02810 0.57194 0.04994 ( 3)
 116 E   0.35731 0.02158 0.58195 0.03916 ( 3)
 117 V   0.35002 0.02810 0.57194 0.04994 ( 3)
 118 G   0.36245 0.01716 0.58868 0.03171 ( 3)
 119 D   0.35930 0.01986 0.58454 0.03630 ( 3)
 120 D   0.35947 0.01970 0.58481 0.03602 ( 3)
 121 K   0.35193 0.02637 0.57460 0.04711 ( 3)
 122 K   0.35194 0.02636 0.57462 0.04708 ( 3)
 123 F   0.00386 0.35316 0.00630 0.63669 ( 4)
 124 T   0.36990 0.01092 0.59848 0.02070 ( 3)
 125 S   0.36169 0.01779 0.58772 0.03280 ( 3)
 126 M   0.36849 0.01223 0.59607 0.02320 ( 3)
 127 K   0.35193 0.02637 0.57460 0.04711 ( 3)
 128 E   0.35731 0.02158 0.58195 0.03916 ( 3)
 129 S   0.36169 0.01779 0.58772 0.03280 ( 3)
 130 T   0.36612 0.01412 0.59325 0.02651 ( 3)
 131 N   0.37018 0.01092 0.59800 0.02091 ( 3)
 132 C   0.37588 0.00680 0.60383 0.01349 ( 3)
 133 P   0.35778 0.02116 0.58258 0.03847 ( 3)
 134 Y   0.35512 0.02351 0.57899 0.04238 ( 3)
 135 Y   0.35512 0.02351 0.57899 0.04238 ( 3)
 136 N   0.37020 0.01090 0.59803 0.02087 ( 3)
 137 E   0.35720 0.02169 0.58176 0.03936 ( 3)
 138 Y   0.34244 0.03515 0.56093 0.06148 ( 3)
 139 F   0.34376 0.03384 0.56354 0.05886 ( 3)
 140 V   0.35498 0.02368 0.57851 0.04282 ( 3)
 141 F   0.08419 0.28316 0.13795 0.49470 ( 4)
 142 D   0.34627 0.03158 0.56641 0.05574 ( 3)
 143 F   0.34437 0.03334 0.56371 0.05858 ( 3)
 144 H   0.37076 0.01059 0.59819 0.02046 ( 3)
 145 V   0.35421 0.02412 0.57882 0.04285 ( 3)
 146 S   0.08540 0.28497 0.14028 0.48934 ( 4)
 147 P   0.33401 0.04318 0.54862 0.07419 ( 3)
 148 D   0.08312 0.28245 0.13596 0.49847 ( 4)
 149 V   0.35498 0.02368 0.57851 0.04282 ( 3)
 150 M   0.35504 0.02364 0.57858 0.04275 ( 3)
 151 F   0.34437 0.03334 0.56371 0.05858 ( 3)
 152 D   0.34627 0.03158 0.56641 0.05574 ( 3)
 153 K   0.33974 0.03770 0.55703 0.06553 ( 3)
 154 I   0.34514 0.03263 0.56481 0.05743 ( 3)
 155 I   0.34514 0.03263 0.56481 0.05743 ( 3)
 156 K   0.33974 0.03770 0.55703 0.06553 ( 3)
 157 I   0.34514 0.03263 0.56481 0.05743 ( 3)
 158 S   0.35426 0.02432 0.57754 0.04388 ( 3)
 159 V   0.34171 0.03577 0.56055 0.06197 ( 3)
 160 I   0.33859 0.03874 0.55596 0.06671 ( 3)
 161 H   0.36755 0.01267 0.59614 0.02364 ( 3)
 162 S   0.35242 0.02580 0.57601 0.04577 ( 3)
 163 K   0.08292 0.28532 0.13595 0.49581 ( 4)
 164 N   0.36098 0.01819 0.58775 0.03308 ( 3)
 165 L   0.32766 0.04935 0.53950 0.08349 ( 3)
 166 L   0.32766 0.04935 0.53950 0.08349 ( 3)
 167 R   0.35447 0.02397 0.57877 0.04280 ( 3)
 168 S   0.35862 0.02029 0.58438 0.03671 ( 3)
 169 G   0.35227 0.02597 0.57560 0.04616 ( 3)
 170 T   0.36049 0.01867 0.58682 0.03402 ( 3)
 171 L   0.32716 0.04984 0.53869 0.08431 ( 3)
 172 V   0.34094 0.03652 0.55928 0.06327 ( 3)
 173 G   0.35245 0.02581 0.57588 0.04586 ( 3)
 174 S   0.35154 0.02663 0.57457 0.04725 ( 3)
 175 F   0.34745 0.03040 0.56875 0.05340 ( 3)
 176 K   0.34989 0.02816 0.57211 0.04984 ( 3)
 177 M   0.35833 0.02056 0.58395 0.03716 ( 3)
 178 D   0.34942 0.02858 0.57157 0.05043 ( 3)
 179 V   0.34094 0.03652 0.55928 0.06327 ( 3)
 180 G   0.35492 0.02357 0.57930 0.04220 ( 3)
 181 T   0.36059 0.01859 0.58697 0.03386 ( 3)
 182 V   0.34094 0.03652 0.55928 0.06327 ( 3)
 183 Y   0.34543 0.03228 0.56583 0.05645 ( 3)
 184 S   0.35199 0.02621 0.57531 0.04649 ( 3)
 185 Q   0.34929 0.02869 0.57140 0.05062 ( 3)
 186 P   0.36270 0.01678 0.58973 0.03080 ( 3)
 187 E   0.34253 0.03511 0.56069 0.06167 ( 3)
 188 H   0.37095 0.00956 0.60167 0.01782 ( 3)
 189 Q   0.35403 0.02417 0.57916 0.04264 ( 3)
 190 F   0.35233 0.02573 0.57673 0.04521 ( 3)
 191 H   0.37101 0.00950 0.60176 0.01772 ( 3)
 192 H   0.37106 0.00946 0.60184 0.01765 ( 3)
 193 K   0.34721 0.03050 0.56928 0.05301 ( 3)
 194 W   0.34671 0.03096 0.56861 0.05373 ( 3)
 195 A   0.35778 0.02074 0.58461 0.03687 ( 3)
 196 I   0.35403 0.02414 0.57935 0.04248 ( 3)
 197 L   0.33046 0.04660 0.54411 0.07883 ( 3)
 198 S   0.13568 0.23259 0.22200 0.40973 ( 4)
 199 D   0.10637 0.26031 0.17400 0.45932 ( 4)
 200 P   0.35332 0.02480 0.57828 0.04360 ( 3)
 201 D   0.11132 0.25560 0.18208 0.45100 ( 4)
 202 D   0.35519 0.02308 0.58101 0.04072 ( 3)
 203 I   0.35398 0.02418 0.57928 0.04256 ( 3)
 204 S   0.11494 0.25131 0.18787 0.44588 ( 4)
 205 A   0.37281 0.00811 0.60379 0.01528 ( 3)
 206 G   0.36281 0.01705 0.58828 0.03186 ( 3)
 207 L   0.33135 0.04576 0.54452 0.07838 ( 3)
 208 K   0.00322 0.35587 0.00525 0.63566 ( 4)
 209 G   0.36057 0.01889 0.58562 0.03491 ( 3)
 210 Y   0.09865 0.26421 0.16084 0.47630 ( 4)
 211 V   0.05759 0.30546 0.09411 0.54283 ( 4)
 212 K   0.35014 0.02806 0.57168 0.05012 ( 3)
 213 C   0.37079 0.01069 0.59777 0.02074 ( 3)
 214 D   0.35624 0.02270 0.57956 0.04150 ( 3)
 215 V   0.00025 0.67688 0.00214 0.32073 ( 2)
 216 A   0.35974 0.01965 0.58429 0.03632 ( 3)
 217 V   0.34750 0.03050 0.56781 0.05420 ( 3)
 218 M   0.09017 0.27456 0.14734 0.48792 ( 4)
 219 G   0.35985 0.01956 0.58445 0.03614 ( 3)
 220 K   0.34936 0.02880 0.57041 0.05144 ( 3)
 221 G   0.36257 0.01726 0.58790 0.03226 ( 3)
 222 D   0.35685 0.02214 0.58055 0.04046 ( 3)
 223 N   0.36749 0.01333 0.59366 0.02552 ( 3)
 224 I   0.35559 0.02323 0.57888 0.04230 ( 3)
 225 K   0.34936 0.02880 0.57041 0.05144 ( 3)
 226 T   0.00013 0.37837 0.00024 0.62125 ( 4)
 227 P   0.35516 0.02361 0.57831 0.04292 ( 3)
 228 H   0.37429 0.00824 0.60107 0.01640 ( 3)
 229 K   0.34936 0.02880 0.57041 0.05144 ( 3)
 230 A   0.35985 0.01955 0.58447 0.03613 ( 3)
 231 N   0.36793 0.01294 0.59436 0.02477 ( 3)
 232 E   0.35469 0.02403 0.57768 0.04360 ( 3)
 233 T   0.35998 0.01945 0.58459 0.03598 ( 3)
 234 D   0.00677 0.63549 0.05734 0.30039 ( 2)
 235 E   0.35469 0.02403 0.57768 0.04360 ( 3)
 236 D   0.00362 0.35372 0.00590 0.63676 ( 4)
 237 D   0.35685 0.02214 0.58055 0.04046 ( 3)
 238 I   0.34387 0.03385 0.56270 0.05959 ( 3)
 239 E   0.35469 0.02403 0.57768 0.04360 ( 3)
 240 G   0.35876 0.01995 0.58556 0.03572 ( 3)
 241 N   0.36625 0.01328 0.59633 0.02415 ( 3)
 242 L   0.36260 0.01638 0.59161 0.02941 ( 3)
 243 L   0.33151 0.04557 0.54583 0.07709 ( 3)
 244 L   0.36108 0.01772 0.58953 0.03167 ( 3)
 245 P   0.35410 0.02404 0.57963 0.04224 ( 3)
 246 E   0.00370 0.35923 0.00606 0.63101 ( 4)
 247 G   0.36135 0.01753 0.58971 0.03141 ( 3)
 248 V   0.34724 0.03043 0.56961 0.05272 ( 3)
 249 P   0.35454 0.02363 0.58027 0.04156 ( 3)
 250 P   0.00436 0.35630 0.00713 0.63222 ( 4)
 251 E   0.35442 0.02375 0.58011 0.04173 ( 3)
 252 R   0.36091 0.01788 0.58928 0.03193 ( 3)
 253 Q   0.35601 0.02228 0.58240 0.03931 ( 3)
 254 W   0.34814 0.02958 0.57095 0.05134 ( 3)
 255 A   0.35913 0.01946 0.58681 0.03459 ( 3)
 256 R   0.35710 0.02130 0.58394 0.03766 ( 3)
 257 F   0.35422 0.02392 0.57984 0.04202 ( 3)
 258 Y   0.35179 0.02617 0.57627 0.04576 ( 3)
 259 V   0.34724 0.03043 0.56961 0.05272 ( 3)
 260 K   0.34905 0.02872 0.57229 0.04994 ( 3)
 261 I   0.06803 0.22542 0.63791 0.06863 ( 3)
 262 Y   0.35210 0.02588 0.57675 0.04527 ( 3)
 263 R   0.36876 0.00966 0.60483 0.01675 ( 3)
 264 A   0.36587 0.01356 0.59597 0.02460 ( 3)
 265 E   0.35420 0.02395 0.57979 0.04206 ( 3)
 266 G   0.36121 0.01764 0.58956 0.03159 ( 3)
 267 L   0.33135 0.04572 0.54558 0.07735 ( 3)
 268 P   0.35477 0.02341 0.58065 0.04117 ( 3)
 269 R   0.12921 0.23683 0.21098 0.42298 ( 4)
 270 M   0.36500 0.01430 0.59483 0.02586 ( 3)
 271 N   0.36664 0.01291 0.59698 0.02347 ( 3)
 272 T   0.35718 0.02122 0.58408 0.03753 ( 3)
 273 S   0.18614 0.17944 0.30225 0.33218 ( 4)
 274 L   0.36109 0.01804 0.58814 0.03273 ( 3)
 275 M   0.36500 0.01430 0.59483 0.02586 ( 3)
 276 A   0.35913 0.01946 0.58681 0.03459 ( 3)
 277 N   0.36664 0.01291 0.59698 0.02347 ( 3)
 278 M   0.36500 0.01430 0.59483 0.02586 ( 3)
 279 K   0.34905 0.02872 0.57229 0.04994 ( 3)
 280 K   0.34936 0.02854 0.57217 0.04993 ( 3)
 281 A   0.35653 0.02177 0.58334 0.03836 ( 3)
 282 F   0.35422 0.02392 0.57984 0.04202 ( 3)
 283 I   0.34719 0.03044 0.56975 0.05262 ( 3)
 284 G   0.37137 0.00903 0.60285 0.01675 ( 3)
 285 E   0.35420 0.02395 0.57979 0.04206 ( 3)
 286 N   0.15935 0.20619 0.25946 0.37500 ( 4)
 287 K   0.34905 0.02872 0.57229 0.04994 ( 3)
 288 D   0.35627 0.02205 0.58276 0.03892 ( 3)
 289 L   0.33135 0.04572 0.54558 0.07735 ( 3)
 290 V   0.00703 0.34951 0.01146 0.63200 ( 4)
 291 D   0.35557 0.02272 0.58161 0.04010 ( 3)
 292 P   0.35395 0.02420 0.57930 0.04255 ( 3)
 293 Y   0.35140 0.02655 0.57561 0.04644 ( 3)
 294 V   0.34657 0.03107 0.56851 0.05384 ( 3)
 295 Q   0.36496 0.01442 0.59445 0.02617 ( 3)
 296 V   0.36392 0.01531 0.59309 0.02768 ( 3)
 297 F   0.35272 0.02536 0.57737 0.04455 ( 3)
 298 F   0.34013 0.03722 0.55872 0.06392 ( 3)
 299 A   0.35687 0.02160 0.58312 0.03840 ( 3)
 300 G   0.35701 0.02148 0.58334 0.03817 ( 3)
 301 Q   0.35386 0.02433 0.57888 0.04293 ( 3)
 302 K   0.34698 0.03072 0.56889 0.05341 ( 3)
 303 G   0.36140 0.01812 0.58698 0.03350 ( 3)
 304 K   0.35156 0.02671 0.57400 0.04772 ( 3)
 305 T   0.36566 0.01454 0.59251 0.02729 ( 3)
 306 S   0.34567 0.03203 0.56633 0.05597 ( 3)
 307 V   0.34975 0.02836 0.57149 0.05041 ( 3)
 308 Q   0.35883 0.02027 0.58387 0.03703 ( 3)
 309 K   0.35982 0.01944 0.58504 0.03570 ( 3)
 310 S   0.37433 0.00791 0.60219 0.01557 ( 3)
 311 S   0.37433 0.00791 0.60219 0.01557 ( 3)
 312 Y   0.35381 0.02469 0.57711 0.04439 ( 3)
 313 E   0.35694 0.02192 0.58135 0.03979 ( 3)
 314 P   0.35456 0.02391 0.57875 0.04278 ( 3)
 315 L   0.33286 0.04428 0.54702 0.07584 ( 3)
 316 W   0.35061 0.02757 0.57268 0.04914 ( 3)
 317 N   0.37367 0.00838 0.60153 0.01641 ( 3)
 318 E   0.35694 0.02192 0.58135 0.03979 ( 3)
 319 Q   0.35888 0.02022 0.58396 0.03694 ( 3)
 320 V   0.35175 0.02646 0.57477 0.04702 ( 3)
 321 V   0.15645 0.20379 0.25308 0.38668 ( 4)
 322 F   0.34416 0.03352 0.56354 0.05878 ( 3)
 323 T   0.35950 0.01970 0.58474 0.03607 ( 3)
 324 D   0.35910 0.02004 0.58421 0.03664 ( 3)
 325 L   0.33286 0.04428 0.54702 0.07584 ( 3)
 326 F   0.35651 0.02232 0.58064 0.04052 ( 3)
 327 P   0.35707 0.02183 0.58142 0.03969 ( 3)
 328 P   0.37155 0.01004 0.59892 0.01949 ( 3)
 329 L   0.36410 0.01580 0.59064 0.02945 ( 3)
 330 C   0.37563 0.00702 0.60342 0.01393 ( 3)
 331 K   0.35156 0.02671 0.57400 0.04772 ( 3)
 332 R   0.36392 0.01596 0.59041 0.02971 ( 3)
 333 M   0.15835 0.20207 0.25615 0.38343 ( 4)
 334 K   0.35351 0.02488 0.57718 0.04444 ( 3)
 335 V   0.35449 0.02410 0.57799 0.04343 ( 3)
 336 Q   0.35883 0.02027 0.58387 0.03703 ( 3)
 337 I   0.35784 0.02113 0.58255 0.03847 ( 3)
 338 R   0.35988 0.01937 0.58522 0.03552 ( 3)
 339 D   0.35910 0.02004 0.58421 0.03664 ( 3)
 340 S   0.34257 0.03501 0.56125 0.06117 ( 3)
 341 D   0.35910 0.02004 0.58421 0.03664 ( 3)
 342 K   0.35156 0.02671 0.57400 0.04772 ( 3)
 343 V   0.36800 0.01266 0.59531 0.02402 ( 3)
 344 N   0.36986 0.01120 0.59749 0.02144 ( 3)
 345 D   0.35908 0.02006 0.58422 0.03664 ( 3)
 346 V   0.07029 0.20770 0.66326 0.05876 ( 3)
 347 A   0.12952 0.23177 0.21036 0.42836 ( 4)
 348 I   0.35778 0.02119 0.58245 0.03858 ( 3)
 349 G   0.36207 0.01751 0.58805 0.03237 ( 3)
 350 T   0.37029 0.01087 0.59796 0.02087 ( 3)
 351 H   0.37590 0.00684 0.60366 0.01361 ( 3)
 352 F   0.35694 0.02192 0.58134 0.03980 ( 3)
 353 I   0.34637 0.03146 0.56679 0.05539 ( 3)
 354 D   0.35907 0.02007 0.58417 0.03669 ( 3)
 355 L   0.06314 0.30708 0.10376 0.52602 ( 4)
 356 R   0.36405 0.01584 0.59062 0.02949 ( 3)
 357 K   0.35153 0.02674 0.57395 0.04777 ( 3)
 358 I   0.09250 0.27387 0.15137 0.48226 ( 4)
 359 S   0.36130 0.01816 0.58707 0.03347 ( 3)
 360 N   0.36985 0.01122 0.59746 0.02147 ( 3)
 361 D   0.11537 0.24738 0.18787 0.44938 ( 4)
 362 G   0.36134 0.01801 0.58761 0.03304 ( 3)
 363 D   0.35865 0.02035 0.58404 0.03696 ( 3)
 364 K   0.35977 0.01937 0.58554 0.03533 ( 3)
 365 G   0.36073 0.01861 0.58651 0.03415 ( 3)
 366 F   0.35650 0.02233 0.58063 0.04053 ( 3)
 367 L   0.33299 0.04415 0.54722 0.07563 ( 3)
 368 P   0.35695 0.02194 0.58123 0.03988 ( 3)
 369 T   0.36191 0.01767 0.58772 0.03270 ( 3)
 370 L   0.33260 0.04453 0.54658 0.07629 ( 3)
 371 G   0.36172 0.01783 0.58749 0.03296 ( 3)
 372 P   0.35703 0.02186 0.58136 0.03975 ( 3)
 373 A   0.00584 0.34572 0.00949 0.63895 ( 4)
 374 W   0.35023 0.02793 0.57207 0.04977 ( 3)
 375 V   0.34929 0.02880 0.57074 0.05117 ( 3)
 376 N   0.36953 0.01150 0.59695 0.02201 ( 3)
 377 M   0.36782 0.01284 0.59499 0.02436 ( 3)
 378 Y   0.35344 0.02504 0.57650 0.04502 ( 3)
 379 G   0.36172 0.01783 0.58749 0.03296 ( 3)
 380 S   0.36096 0.01847 0.58652 0.03405 ( 3)
 381 T   0.35975 0.01948 0.58505 0.03571 ( 3)
 382 R   0.36355 0.01630 0.58980 0.03035 ( 3)
 383 N   0.36953 0.01150 0.59695 0.02201 ( 3)
 384 Y   0.35437 0.02421 0.57776 0.04365 ( 3)
 385 T   0.36194 0.01764 0.58778 0.03264 ( 3)
 386 L   0.33260 0.04453 0.54658 0.07629 ( 3)
 387 L   0.33399 0.04318 0.54886 0.07397 ( 3)
 388 D   0.35854 0.02057 0.58329 0.03760 ( 3)
 389 E   0.35656 0.02228 0.58072 0.04044 ( 3)
 390 H   0.37565 0.00705 0.60326 0.01403 ( 3)
 391 Q   0.35845 0.02063 0.58324 0.03769 ( 3)
 392 D   0.11631 0.24557 0.18922 0.44890 ( 4)
 393 L   0.33260 0.04453 0.54658 0.07629 ( 3)
 394 N   0.37148 0.01031 0.59801 0.02020 ( 3)
 395 E   0.00832 0.71084 0.07845 0.20238 ( 2)
 396 G   0.36182 0.01774 0.58766 0.03279 ( 3)
 397 L   0.33267 0.04447 0.54670 0.07617 ( 3)
 398 G   0.36421 0.01577 0.59055 0.02947 ( 3)
 399 E   0.35632 0.02251 0.58033 0.04085 ( 3)
 400 G   0.36145 0.01808 0.58706 0.03341 ( 3)
 401 V   0.34879 0.02927 0.56993 0.05201 ( 3)
 402 S   0.36830 0.01257 0.59510 0.02403 ( 3)
 403 F   0.35607 0.02273 0.57993 0.04127 ( 3)
 404 R   0.36297 0.01683 0.58887 0.03133 ( 3)
 405 A   0.36112 0.01838 0.58653 0.03396 ( 3)
 406 R   0.36239 0.01736 0.58793 0.03232 ( 3)
 407 L   0.36258 0.01720 0.58817 0.03206 ( 3)
 408 M   0.36673 0.01382 0.59322 0.02623 ( 3)
 409 L   0.33179 0.04532 0.54525 0.07764 ( 3)
 410 G   0.36054 0.01892 0.58557 0.03497 ( 3)
 411 L   0.33179 0.04532 0.54525 0.07764 ( 3)
 412 A   0.37558 0.00750 0.60176 0.01516 ( 3)
 413 V   0.08451 0.27993 0.13808 0.49748 ( 4)
 414 E   0.35413 0.02455 0.57677 0.04455 ( 3)
 415 I   0.35503 0.02375 0.57798 0.04324 ( 3)
 416 L   0.33081 0.04627 0.54379 0.07912 ( 3)
 417 D   0.35595 0.02289 0.57953 0.04164 ( 3)
 418 T   0.12974 0.23031 0.21043 0.42952 ( 4)
 419 S   0.35819 0.02093 0.58250 0.03838 ( 3)
 420 N   0.14961 0.20977 0.24195 0.39867 ( 4)
 421 P   0.34165 0.03591 0.55963 0.06281 ( 3)
 422 E   0.35380 0.02479 0.57664 0.04477 ( 3)
 423 L   0.36095 0.01858 0.58605 0.03442 ( 3)
 424 T   0.36739 0.01331 0.59394 0.02536 ( 3)
 425 S   0.37160 0.01011 0.59859 0.01971 ( 3)
 426 S   0.35808 0.02104 0.58232 0.03857 ( 3)
 427 T   0.35869 0.02054 0.58299 0.03778 ( 3)
 428 E   0.00361 0.35293 0.00589 0.63757 ( 4)
 429 V   0.34544 0.03241 0.56476 0.05739 ( 3)
 430 Q   0.35434 0.02436 0.57701 0.04429 ( 3)
 431 V   0.34541 0.03244 0.56471 0.05745 ( 3)
 432 E   0.35265 0.02587 0.57470 0.04678 ( 3)
 433 Q   0.00463 0.33753 0.00747 0.65037 ( 4)
 434 A   0.35740 0.02171 0.58098 0.03991 ( 3)
 435 T   0.10285 0.25863 0.16742 0.47111 ( 4)
 436 P   0.35176 0.02671 0.57319 0.04833 ( 3)
 437 V   0.36253 0.01748 0.58707 0.03293 ( 3)
 438 S   0.35442 0.02442 0.57638 0.04477 ( 3)
 439 E   0.34988 0.02846 0.57025 0.05141 ( 3)
 440 S   0.36951 0.01068 0.60002 0.01978 ( 3)
 441 C   0.37101 0.00947 0.60189 0.01763 ( 3)
 442 V   0.34585 0.03177 0.56733 0.05505 ( 3)
 443 G   0.36028 0.01852 0.58804 0.03316 ( 3)
 444 K   0.35577 0.02257 0.58173 0.03994 ( 3)
 445 M   0.36358 0.01563 0.59251 0.02827 ( 3)
 446 E   0.35291 0.02518 0.57764 0.04426 ( 3)
 447 E   0.35291 0.02518 0.57764 0.04426 ( 3)
 448 F   0.35271 0.02537 0.57736 0.04457 ( 3)
 449 F   0.34068 0.03669 0.55961 0.06302 ( 3)
 450 L   0.35828 0.02030 0.58527 0.03615 ( 3)
 451 F   0.34068 0.03669 0.55961 0.06302 ( 3)
 452 G   0.35737 0.02112 0.58399 0.03752 ( 3)
 453 A   0.35762 0.02089 0.58435 0.03714 ( 3)
 454 L   0.35620 0.02216 0.58240 0.03924 ( 3)
 455 L   0.33036 0.04670 0.54395 0.07900 ( 3)
 456 E   0.35268 0.02540 0.57731 0.04462 ( 3)
 457 A   0.35762 0.02089 0.58435 0.03714 ( 3)
 458 S   0.33921 0.03810 0.55741 0.06528 ( 3)
 459 M   0.36358 0.01563 0.59251 0.02827 ( 3)
 460 I   0.35333 0.02480 0.57821 0.04365 ( 3)
 461 D   0.35464 0.02360 0.58011 0.04165 ( 3)
 462 R   0.35558 0.02274 0.58146 0.04022 ( 3)
 463 K   0.35583 0.02251 0.58183 0.03983 ( 3)
 464 N   0.36815 0.01187 0.59807 0.02191 ( 3)
 465 G   0.35737 0.02112 0.58399 0.03752 ( 3)
 466 D   0.35475 0.02350 0.58027 0.04148 ( 3)
 467 K   0.34758 0.03014 0.56988 0.05240 ( 3)
 468 P   0.35313 0.02498 0.57797 0.04392 ( 3)
 469 I   0.35354 0.02460 0.57855 0.04331 ( 3)
 470 T   0.14364 0.22061 0.23382 0.40192 ( 4)
 471 F   0.34068 0.03669 0.55961 0.06302 ( 3)
 472 E   0.35268 0.02540 0.57731 0.04462 ( 3)
 473 V   0.36353 0.01568 0.59244 0.02835 ( 3)
 474 T   0.36201 0.01700 0.59039 0.03059 ( 3)
 475 I   0.37988 0.00324 0.61047 0.00641 ( 3)
 476 G   0.35735 0.02115 0.58390 0.03760 ( 3)
 477 N   0.36996 0.01111 0.59765 0.02128 ( 3)
 478 Y   0.35393 0.02458 0.57730 0.04419 ( 3)
 479 G   0.36491 0.01513 0.59168 0.02828 ( 3)
 480 N   0.37014 0.01095 0.59794 0.02096 ( 3)
 481 E   0.35730 0.02160 0.58186 0.03924 ( 3)
 482 V   0.37018 0.01180 0.59460 0.02343 ( 3)
 483 D   0.35410 0.02444 0.57752 0.04395 ( 3)
 484 G   0.36269 0.01694 0.58907 0.03130 ( 3)
 485 L   0.33294 0.04420 0.54715 0.07571 ( 3)
 486 S   0.37052 0.01069 0.59827 0.02053 ( 3)
 487 R   0.35485 0.02404 0.57704 0.04408 ( 3)
 488 P   0.35753 0.02140 0.58217 0.03890 ( 3)
 489 Q   0.11845 0.24366 0.19274 0.44514 ( 4)
 490 R   0.36033 0.01896 0.58594 0.03477 ( 3)
 491 P   0.08206 0.28450 0.13436 0.49907 ( 4)
 492 R   0.11713 0.24471 0.19054 0.44762 ( 4)
 493 P   0.34475 0.03297 0.56445 0.05783 ( 3)
 494 R   0.12245 0.23941 0.19911 0.43903 ( 4)
 495 P   0.34475 0.03297 0.56445 0.05783 ( 3)
