89
Bacu_CASQ1         0.0000000 0.0376262 0.0377478 0.0000010 0.0124301 0.0134533 0.0112380 0.0125608 0.0162133 0.0113255 0.0668308 0.0445932 0.0383193 0.0582968 0.0198526 0.0388225 0.0412544 0.0414076 0.0394812 0.0428001 0.0203319 0.0178334 0.0162133 0.0189590 0.0446646 0.0357979 0.0416184 0.0423640 0.0409555 0.0529832 0.0505350 0.0393622 0.0417187 0.0406012 0.0541388 0.0435953 0.0418902 0.0437980 0.0434149 0.0392478 0.0392038 0.0383193 0.0390626 0.0308485 0.0418496 0.0462063 0.0442036 0.0444780 0.0513326 0.0540643 0.0510462 0.0476559 0.0474324 0.0429849 0.0397413 0.0441693 0.0461711 0.0438254 0.0403436 0.0365924 0.0584188 0.0385757 0.0412260 0.0449773 0.0688911 0.0360361 0.0336686 0.0416150 0.0412395 0.0336270 0.0453128 0.0355043 0.0376799 0.0310940 0.0390637 0.0394812 0.0442446 0.0357979 0.0368039 0.0424690 0.0505439 0.0442446 0.0386024 0.0477969 0.0386024 0.0710344 0.0409195 0.0410307 0.0570016 
Barn_CASQ1         0.0376262 0.0000000 0.0000010 0.0376262 0.0338057 0.0338057 0.0335091 0.0379219 0.0377300 0.0335091 0.0822771 0.0428941 0.0428941 0.0745703 0.0423469 0.0521818 0.0521818 0.0521818 0.0521818 0.0389119 0.0386698 0.0377300 0.0377300 0.0466061 0.0534993 0.0477486 0.0534993 0.0534993 0.0000010 0.0342205 0.0000010 0.0481613 0.0246591 0.0246591 0.0478591 0.0570960 0.0428941 0.0428941 0.0567183 0.0618398 0.0428941 0.0428941 0.0428941 0.0336411 0.0000010 0.0000010 0.0000010 0.0041458 0.0210318 0.0167043 0.0000010 0.0040351 0.0000010 0.0082683 0.0389119 0.0000010 0.0000010 0.0000010 0.0541365 0.0409967 0.0745031 0.0433561 0.0433561 0.0525476 0.0824357 0.0292573 0.0204942 0.0489566 0.0425210 0.0338668 0.0534993 0.0204942 0.0383559 0.0338668 0.0364719 0.0521818 0.0521818 0.0477486 0.0477486 0.0573445 0.0719042 0.0521818 0.0521818 0.0521818 0.0521818 0.0802825 0.0534028 0.0000010 0.0041920 
Bbai76728_CASQ1    0.0377478 0.0000010 0.0000000 0.0377478 0.0314496 0.0343962 0.0314612 0.0347586 0.0382364 0.0334675 0.0750345 0.0418822 0.0374383 0.0652201 0.0412824 0.0447218 0.0454609 0.0488512 0.0454609 0.0392666 0.0426903 0.0404558 0.0382364 0.0412466 0.0499149 0.0412205 0.0456127 0.0463147 0.0035036 0.0411946 0.0000010 0.0482210 0.0307291 0.0250553 0.0489845 0.0485372 0.0418822 0.0410651 0.0482928 0.0525577 0.0385766 0.0374383 0.0383469 0.0283442 0.0000010 0.0032261 0.0000010 0.0100469 0.0201142 0.0166678 0.0000010 0.0035164 0.0064766 0.0067203 0.0355719 0.0035184 0.0064931 0.0000010 0.0467037 0.0369785 0.0651776 0.0377496 0.0388807 0.0456943 0.0715270 0.0290554 0.0284582 0.0420442 0.0472335 0.0303176 0.0504097 0.0272704 0.0381934 0.0318366 0.0318090 0.0454609 0.0494012 0.0412205 0.0421570 0.0492182 0.0719042 0.0494012 0.0447218 0.0494012 0.0447218 0.0801766 0.0445519 0.0000010 0.0063099 
BbonAUS_CASQ1      0.0000010 0.0376262 0.0377478 0.0000000 0.0124301 0.0134533 0.0112380 0.0141064 0.0170582 0.0118751 0.0750352 0.0488116 0.0434929 0.0658120 0.0198526 0.0446217 0.0445861 0.0475263 0.0445861 0.0449564 0.0204693 0.0179390 0.0170582 0.0198374 0.0513139 0.0406768 0.0473317 0.0478780 0.0431709 0.0543533 0.0505350 0.0422495 0.0441212 0.0430583 0.0545035 0.0473336 0.0476753 0.0478599 0.0471174 0.0442838 0.0442267 0.0434929 0.0444528 0.0347340 0.0418496 0.0462063 0.0465972 0.0444780 0.0539831 0.0568371 0.0510462 0.0476559 0.0474324 0.0454341 0.0415125 0.0465587 0.0461711 0.0438254 0.0456987 0.0368148 0.0657727 0.0438312 0.0445529 0.0508167 0.0776929 0.0362713 0.0379413 0.0473285 0.0416655 0.0338317 0.0516797 0.0375371 0.0379157 0.0350475 0.0393400 0.0445861 0.0481005 0.0406768 0.0415613 0.0480158 0.0505439 0.0481005 0.0438657 0.0481005 0.0438657 0.0773300 0.0472331 0.0430859 0.0570016 
Bbor_CASQ1         0.0124301 0.0338057 0.0314496 0.0124301 0.0000000 0.0000010 0.0000010 0.0030845 0.0062221 0.0000010 0.0621458 0.0345257 0.0304827 0.0553787 0.0061972 0.0301455 0.0322705 0.0335717 0.0322705 0.0325654 0.0067338 0.0065756 0.0062221 0.0093037 0.0376258 0.0272837 0.0344396 0.0357608 0.0371990 0.0418785 0.0420185 0.0336376 0.0349167 0.0332085 0.0412244 0.0344404 0.0347277 0.0337898 0.0342783 0.0320434 0.0320007 0.0304827 0.0312176 0.0254156 0.0393653 0.0410648 0.0410348 0.0388770 0.0495680 0.0527862 0.0380928 0.0415045 0.0423045 0.0393123 0.0289658 0.0409978 0.0410309 0.0383130 0.0331299 0.0222450 0.0520451 0.0307269 0.0322445 0.0389859 0.0616008 0.0256783 0.0288621 0.0344349 0.0304991 0.0270794 0.0388674 0.0276878 0.0241256 0.0287860 0.0278511 0.0322705 0.0350495 0.0272837 0.0289925 0.0358663 0.0551742 0.0350495 0.0307532 0.0350495 0.0307532 0.0676016 0.0364561 0.0375959 0.0529635 
Bede66737_CASQ1    0.0134533 0.0338057 0.0343962 0.0134533 0.0000010 0.0000000 0.0000010 0.0033357 0.0067338 0.0000010 0.0675382 0.0345257 0.0332457 0.0601733 0.0067045 0.0332214 0.0350495 0.0335717 0.0350495 0.0353969 0.0067338 0.0035485 0.0067338 0.0100675 0.0376258 0.0297787 0.0376258 0.0388674 0.0371990 0.0458088 0.0420185 0.0336376 0.0349167 0.0332085 0.0412244 0.0376269 0.0347277 0.0328632 0.0374305 0.0347786 0.0347277 0.0332457 0.0332457 0.0275637 0.0393653 0.0410348 0.0410348 0.0386391 0.0503456 0.0538629 0.0380928 0.0415045 0.0423897 0.0393123 0.0314505 0.0409978 0.0409978 0.0383130 0.0360710 0.0241256 0.0565494 0.0335403 0.0350187 0.0423680 0.0668872 0.0256783 0.0276878 0.0376208 0.0304991 0.0295331 0.0388674 0.0276878 0.0241256 0.0312387 0.0308632 0.0350495 0.0350495 0.0297787 0.0314844 0.0389941 0.0551742 0.0350495 0.0335717 0.0350495 0.0335717 0.0696422 0.0404850 0.0410348 0.0540590 
BedeAUS_CASQ1      0.0112380 0.0335091 0.0314612 0.0112380 0.0000010 0.0000010 0.0000000 0.0027905 0.0056244 0.0000010 0.0626633 0.0344872 0.0307610 0.0534714 0.0084192 0.0305408 0.0323807 0.0335677 0.0323807 0.0326505 0.0067338 0.0059117 0.0056244 0.0084128 0.0372144 0.0278587 0.0343554 0.0355646 0.0365425 0.0411666 0.0420185 0.0336244 0.0312048 0.0295000 0.0404556 0.0343561 0.0346160 0.0338243 0.0342093 0.0321724 0.0321332 0.0307610 0.0314334 0.0229308 0.0384322 0.0400742 0.0399674 0.0381446 0.0476813 0.0505860 0.0380928 0.0403549 0.0411665 0.0384567 0.0293639 0.0399354 0.0400455 0.0375823 0.0331659 0.0242824 0.0534408 0.0309851 0.0323568 0.0385069 0.0653913 0.0228215 0.0260179 0.0343511 0.0310494 0.0276688 0.0383611 0.0247647 0.0249999 0.0291975 0.0284510 0.0323807 0.0349065 0.0278587 0.0293889 0.0356602 0.0505439 0.0349065 0.0310092 0.0349065 0.0310092 0.0645345 0.0361427 0.0369484 0.0507419 
Bmus_CASQ1         0.0125608 0.0379219 0.0347586 0.0141064 0.0030845 0.0033357 0.0027905 0.0000000 0.0080562 0.0028121 0.0568034 0.0348362 0.0299541 0.0501762 0.0112734 0.0296877 0.0328313 0.0323466 0.0314252 0.0346013 0.0100862 0.0088560 0.0080562 0.0107689 0.0355288 0.0273816 0.0331181 0.0342494 0.0379796 0.0439445 0.0420185 0.0354608 0.0326053 0.0310574 0.0437429 0.0346847 0.0333409 0.0342205 0.0345474 0.0312460 0.0312123 0.0299541 0.0305321 0.0230171 0.0421276 0.0433354 0.0412439 0.0415023 0.0485499 0.0513174 0.0380928 0.0442439 0.0445057 0.0398714 0.0316318 0.0412122 0.0433027 0.0408889 0.0321000 0.0272765 0.0502819 0.0301463 0.0328088 0.0368670 0.0607967 0.0260387 0.0257695 0.0331143 0.0361341 0.0306936 0.0366214 0.0264770 0.0280816 0.0285982 0.0319450 0.0314252 0.0351976 0.0273816 0.0287645 0.0343306 0.0583559 0.0351976 0.0301670 0.0380158 0.0301670 0.0626625 0.0346086 0.0382663 0.0541322 
Bmys_CASQ1         0.0162133 0.0377300 0.0382364 0.0170582 0.0062221 0.0067338 0.0056244 0.0080562 0.0000000 0.0028032 0.0634894 0.0382430 0.0319612 0.0569707 0.0142011 0.0318724 0.0355736 0.0347019 0.0339298 0.0374033 0.0000010 0.0029227 0.0000010 0.0135608 0.0381334 0.0292305 0.0353702 0.0369939 0.0378352 0.0440817 0.0504340 0.0396767 0.0292143 0.0308483 0.0434197 0.0371622 0.0361695 0.0368623 0.0370028 0.0337200 0.0336804 0.0319612 0.0326202 0.0274696 0.0460629 0.0431730 0.0410858 0.0413422 0.0483695 0.0511270 0.0444661 0.0440458 0.0443346 0.0435801 0.0341706 0.0410545 0.0431405 0.0444003 0.0347208 0.0275276 0.0570992 0.0321813 0.0355472 0.0398128 0.0683808 0.0258559 0.0244096 0.0353662 0.0357284 0.0304893 0.0397739 0.0231323 0.0283470 0.0308627 0.0316993 0.0339298 0.0383669 0.0292305 0.0310582 0.0370899 0.0578254 0.0383669 0.0322049 0.0383669 0.0322049 0.0674783 0.0373136 0.0381310 0.0577849 
Bphy_CASQ1         0.0113255 0.0335091 0.0334675 0.0118751 0.0000010 0.0000010 0.0000010 0.0028121 0.0028032 0.0000000 0.0598762 0.0329998 0.0292878 0.0539070 0.0088960 0.0289343 0.0310092 0.0318192 0.0295115 0.0264945 0.0035485 0.0059117 0.0028032 0.0084783 0.0352612 0.0265151 0.0326844 0.0326844 0.0346622 0.0411666 0.0420185 0.0340171 0.0279855 0.0280002 0.0404556 0.0343561 0.0315570 0.0338243 0.0342093 0.0293232 0.0292878 0.0292878 0.0298975 0.0231123 0.0410218 0.0400742 0.0379074 0.0381446 0.0453311 0.0481073 0.0380928 0.0403549 0.0411665 0.0388290 0.0264945 0.0378789 0.0400455 0.0399674 0.0302260 0.0224168 0.0538758 0.0294897 0.0309851 0.0356403 0.0659203 0.0228215 0.0230516 0.0326803 0.0310494 0.0276688 0.0352612 0.0215929 0.0231166 0.0263438 0.0284510 0.0295115 0.0335677 0.0265151 0.0265151 0.0327713 0.0505439 0.0335677 0.0295115 0.0335677 0.0295115 0.0618508 0.0342416 0.0351817 0.0539920 
Btau_CASQ1         0.0668308 0.0822771 0.0750345 0.0750352 0.0621458 0.0675382 0.0626633 0.0568034 0.0634894 0.0598762 0.0000000 0.0540990 0.0495962 0.0283603 0.0720863 0.0510285 0.0496008 0.0536304 0.0474719 0.0531948 0.0722931 0.0696095 0.0634894 0.0624599 0.0569781 0.0527812 0.0530765 0.0503980 0.0743952 0.0459166 0.0662575 0.0635800 0.0618643 0.0541453 0.0680255 0.0556043 0.0503553 0.0565571 0.0553613 0.0532263 0.0471280 0.0495962 0.0505619 0.0557762 0.0751855 0.0724298 0.0711128 0.0752349 0.0771524 0.0797509 0.0628567 0.0872389 0.0757518 0.0824822 0.0500716 0.0747075 0.0759302 0.0740610 0.0539874 0.0520448 0.0231396 0.0555602 0.0551385 0.0529906 0.0177794 0.0644510 0.0538479 0.0587246 0.0609703 0.0591549 0.0539035 0.0587434 0.0535918 0.0498192 0.0572179 0.0474719 0.0531932 0.0527812 0.0501336 0.0505277 0.0632681 0.0531932 0.0499807 0.0574474 0.0499807 0.0535468 0.0506346 0.0659246 0.0877046 
Ccom40_CASQ1       0.0445932 0.0428941 0.0418822 0.0488116 0.0345257 0.0345257 0.0344872 0.0348362 0.0382430 0.0329998 0.0540990 0.0000000 0.0000010 0.0510267 0.0453096 0.0064189 0.0060473 0.0064189 0.0060473 0.0155647 0.0387033 0.0363014 0.0382430 0.0452664 0.0097010 0.0096461 0.0097010 0.0091354 0.0446562 0.0401362 0.0594329 0.0227242 0.0348967 0.0288640 0.0140649 0.0097008 0.0000010 0.0000010 0.0096626 0.0122361 0.0000010 0.0000010 0.0000010 0.0153893 0.0474515 0.0408533 0.0408533 0.0503222 0.0260234 0.0508183 0.0460015 0.0448498 0.0447377 0.0465699 0.0123102 0.0448675 0.0448675 0.0418822 0.0188260 0.0103065 0.0511565 0.0064197 0.0060481 0.0060735 0.0573045 0.0105647 0.0287317 0.0129581 0.0146362 0.0175506 0.0091354 0.0312509 0.0097999 0.0151829 0.0124426 0.0060473 0.0060473 0.0096461 0.0090868 0.0091573 0.0081878 0.0060473 0.0064189 0.0065487 0.0064189 0.0714941 0.0037584 0.0408533 0.0442012 
Chea7320_CASQ1     0.0383193 0.0428941 0.0374383 0.0434929 0.0304827 0.0332457 0.0307610 0.0299541 0.0319612 0.0292878 0.0495962 0.0000010 0.0000000 0.0439479 0.0403704 0.0056753 0.0054806 0.0056050 0.0052455 0.0106516 0.0365663 0.0368335 0.0319612 0.0383924 0.0084626 0.0078797 0.0079161 0.0079161 0.0416610 0.0405505 0.0594329 0.0161218 0.0281542 0.0280820 0.0127677 0.0082731 0.0000010 0.0029615 0.0082456 0.0105959 0.0000010 0.0000010 0.0000010 0.0105966 0.0455207 0.0405728 0.0383882 0.0486614 0.0267586 0.0463927 0.0446216 0.0448498 0.0438298 0.0431285 0.0106516 0.0418299 0.0439365 0.0405053 0.0162448 0.0092224 0.0440448 0.0052460 0.0054812 0.0052651 0.0493829 0.0095888 0.0243697 0.0132330 0.0146362 0.0147818 0.0084626 0.0249088 0.0094973 0.0131619 0.0101890 0.0052455 0.0058742 0.0078797 0.0078797 0.0079325 0.0066222 0.0058742 0.0052455 0.0063460 0.0052455 0.0616048 0.0029872 0.0355941 0.0547449 
Chir_CASQ1         0.0582968 0.0745703 0.0652201 0.0658120 0.0553787 0.0601733 0.0534714 0.0501762 0.0569707 0.0539070 0.0283603 0.0510267 0.0439479 0.0000000 0.0628446 0.0508862 0.0524735 0.0534838 0.0502174 0.0537574 0.0676611 0.0629473 0.0569707 0.0537242 0.0568230 0.0526467 0.0529405 0.0531655 0.0615738 0.0403178 0.0677856 0.0553791 0.0550506 0.0476129 0.0610567 0.0554560 0.0476411 0.0501148 0.0552143 0.0560081 0.0445787 0.0439479 0.0448027 0.0474635 0.0647254 0.0664220 0.0649249 0.0718048 0.0712905 0.0701312 0.0704390 0.0801579 0.0681174 0.0721530 0.0505902 0.0648678 0.0663648 0.0643594 0.0568114 0.0552366 0.0049984 0.0498610 0.0524830 0.0504289 0.0255563 0.0574972 0.0450527 0.0585757 0.0619247 0.0589894 0.0568725 0.0485996 0.0568826 0.0525483 0.0534784 0.0502174 0.0562836 0.0526467 0.0528838 0.0533045 0.0571641 0.0562836 0.0498521 0.0607932 0.0498521 0.0477339 0.0473220 0.0601539 0.0780115 
Cmar59905_CASQ1    0.0198526 0.0423469 0.0412824 0.0198526 0.0061972 0.0067045 0.0084192 0.0112734 0.0142011 0.0088960 0.0720863 0.0453096 0.0403704 0.0628446 0.0000000 0.0411670 0.0415956 0.0441094 0.0415956 0.0419421 0.0136067 0.0149338 0.0142011 0.0169884 0.0478728 0.0375244 0.0441573 0.0448678 0.0469641 0.0511464 0.0513529 0.0425271 0.0409549 0.0397306 0.0510855 0.0373711 0.0444823 0.0444258 0.0439599 0.0413157 0.0412630 0.0403704 0.0412616 0.0318214 0.0458227 0.0497459 0.0504328 0.0481155 0.0577180 0.0605774 0.0450669 0.0518990 0.0510642 0.0494587 0.0385291 0.0503899 0.0497069 0.0474046 0.0426287 0.0337244 0.0628073 0.0406802 0.0415646 0.0478160 0.0747687 0.0329516 0.0350063 0.0441537 0.0420028 0.0372568 0.0484321 0.0343898 0.0347324 0.0383093 0.0395555 0.0415956 0.0448742 0.0375244 0.0385714 0.0449952 0.0662104 0.0448742 0.0407122 0.0448742 0.0407122 0.0742844 0.0475031 0.0465940 0.0607486 
Dcap108471_CASQ1   0.0388225 0.0521818 0.0447218 0.0446217 0.0301455 0.0332214 0.0305408 0.0296877 0.0318724 0.0289343 0.0510285 0.0064189 0.0056753 0.0508862 0.0411670 0.0000000 0.0000010 0.0000010 0.0000010 0.0174767 0.0369560 0.0372490 0.0318724 0.0389470 0.0030358 0.0028124 0.0028261 0.0028261 0.0496579 0.0436909 0.0695891 0.0231147 0.0382501 0.0344496 0.0139264 0.0029630 0.0060987 0.0089733 0.0029526 0.0056759 0.0056753 0.0056753 0.0057889 0.0173780 0.0556762 0.0482217 0.0460276 0.0500436 0.0326660 0.0545516 0.0548554 0.0529426 0.0518398 0.0509027 0.0174767 0.0498830 0.0519782 0.0488512 0.0177530 0.0102031 0.0510078 0.0056319 0.0059041 0.0056540 0.0567799 0.0178183 0.0326220 0.0056613 0.0197906 0.0162901 0.0030358 0.0345987 0.0105409 0.0143438 0.0152226 0.0000010 0.0000010 0.0028124 0.0028124 0.0028321 0.0000010 0.0000010 0.0000010 0.0000010 0.0000010 0.0679358 0.0000010 0.0423444 0.0508356 
Dcap79929_CASQ1    0.0412544 0.0521818 0.0454609 0.0445861 0.0322705 0.0350495 0.0323807 0.0328313 0.0355736 0.0310092 0.0496008 0.0060473 0.0054806 0.0524735 0.0415956 0.0000010 0.0000000 0.0000010 0.0000010 0.0188511 0.0388729 0.0371375 0.0355736 0.0415618 0.0029245 0.0027167 0.0027294 0.0025939 0.0512592 0.0467642 0.0695891 0.0243858 0.0384286 0.0365547 0.0126539 0.0027294 0.0055615 0.0089733 0.0027206 0.0052079 0.0052075 0.0054806 0.0055865 0.0186665 0.0541895 0.0472696 0.0477611 0.0491057 0.0347250 0.0559166 0.0519318 0.0529426 0.0505760 0.0543539 0.0159998 0.0514835 0.0506996 0.0483244 0.0162303 0.0087703 0.0525889 0.0054403 0.0051711 0.0051896 0.0579044 0.0161542 0.0331646 0.0082152 0.0197906 0.0148886 0.0027695 0.0350676 0.0090186 0.0131485 0.0137151 0.0000010 0.0000010 0.0027167 0.0025824 0.0025990 0.0000010 0.0000010 0.0000010 0.0000010 0.0000010 0.0711657 0.0000010 0.0440674 0.0619770 
DdelSJR_CASQ1      0.0414076 0.0521818 0.0488512 0.0475263 0.0335717 0.0335717 0.0335677 0.0323466 0.0347019 0.0318192 0.0536304 0.0064189 0.0056050 0.0534838 0.0441094 0.0000010 0.0000010 0.0000000 0.0000010 0.0172555 0.0369259 0.0365908 0.0347019 0.0417536 0.0027911 0.0027777 0.0027911 0.0027911 0.0485534 0.0503822 0.0695891 0.0203886 0.0347604 0.0346710 0.0126539 0.0029244 0.0056050 0.0064189 0.0029143 0.0056056 0.0056050 0.0056050 0.0056050 0.0171591 0.0537408 0.0477611 0.0452419 0.0497792 0.0323581 0.0540435 0.0519318 0.0529426 0.0513474 0.0509027 0.0172555 0.0487539 0.0514835 0.0477611 0.0175248 0.0100515 0.0536103 0.0055628 0.0058278 0.0055843 0.0593245 0.0161542 0.0291388 0.0084018 0.0197906 0.0160600 0.0027911 0.0314547 0.0095692 0.0141644 0.0149711 0.0000010 0.0000010 0.0027777 0.0027777 0.0027970 0.0000010 0.0000010 0.0000010 0.0000010 0.0000010 0.0671215 0.0000010 0.0452419 0.0641621 
Ddeltrop4525_CASQ1 0.0394812 0.0521818 0.0454609 0.0445861 0.0322705 0.0350495 0.0323807 0.0314252 0.0339298 0.0295115 0.0474719 0.0060473 0.0052455 0.0502174 0.0415956 0.0000010 0.0000010 0.0000010 0.0000000 0.0180562 0.0388729 0.0371375 0.0339298 0.0396399 0.0027911 0.0026011 0.0026128 0.0024884 0.0485534 0.0467642 0.0695891 0.0229516 0.0365191 0.0346710 0.0126539 0.0027294 0.0053196 0.0089733 0.0027206 0.0049951 0.0049947 0.0052455 0.0053424 0.0178870 0.0541895 0.0472696 0.0452419 0.0491057 0.0330215 0.0530753 0.0519318 0.0529426 0.0505760 0.0513153 0.0153316 0.0487539 0.0506996 0.0483244 0.0155418 0.0087703 0.0503233 0.0052085 0.0051711 0.0049783 0.0554255 0.0161542 0.0317322 0.0078630 0.0197906 0.0148886 0.0026495 0.0333316 0.0090186 0.0126068 0.0137151 0.0000010 0.0000010 0.0026011 0.0024778 0.0024931 0.0000010 0.0000010 0.0000010 0.0000010 0.0000010 0.0680342 0.0000010 0.0419151 0.0619770 
Dleu_CASQ1         0.0428001 0.0389119 0.0392666 0.0449564 0.0325654 0.0353969 0.0326505 0.0346013 0.0374033 0.0264945 0.0531948 0.0155647 0.0106516 0.0537574 0.0419421 0.0174767 0.0188511 0.0172555 0.0180562 0.0000000 0.0433405 0.0374261 0.0374033 0.0372840 0.0202664 0.0134089 0.0189236 0.0207589 0.0386872 0.0411697 0.0518751 0.0234744 0.0340547 0.0285335 0.0196459 0.0197986 0.0136424 0.0152170 0.0197271 0.0234413 0.0127876 0.0106516 0.0108517 0.0155422 0.0473830 0.0376723 0.0353967 0.0457082 0.0301395 0.0459252 0.0452901 0.0414032 0.0409439 0.0448324 0.0025023 0.0388447 0.0410444 0.0422048 0.0184288 0.0119093 0.0538724 0.0107127 0.0134240 0.0181250 0.0590386 0.0097401 0.0295191 0.0189204 0.0149973 0.0150005 0.0221690 0.0308184 0.0122532 0.0153672 0.0103610 0.0180562 0.0201840 0.0134089 0.0154499 0.0208041 0.0205671 0.0201840 0.0161190 0.0217724 0.0161190 0.0685055 0.0153518 0.0328047 0.0559287 
EausAUS_CASQ1      0.0203319 0.0386698 0.0426903 0.0204693 0.0067338 0.0067338 0.0067338 0.0100862 0.0000010 0.0035485 0.0722931 0.0387033 0.0365663 0.0676611 0.0136067 0.0369560 0.0388729 0.0369259 0.0388729 0.0433405 0.0000000 0.0000010 0.0000010 0.0170223 0.0409645 0.0331689 0.0409645 0.0427465 0.0409428 0.0492809 0.0504340 0.0435098 0.0342565 0.0365239 0.0445048 0.0409660 0.0385082 0.0365562 0.0407512 0.0385659 0.0385082 0.0365663 0.0365663 0.0345941 0.0479869 0.0447847 0.0447847 0.0425278 0.0542384 0.0577235 0.0444661 0.0456766 0.0462427 0.0479344 0.0392176 0.0447436 0.0447436 0.0459117 0.0400209 0.0278120 0.0642439 0.0368916 0.0388385 0.0462594 0.0743334 0.0290589 0.0270815 0.0409598 0.0360056 0.0328948 0.0427465 0.0270815 0.0278120 0.0349989 0.0348495 0.0388729 0.0388729 0.0331689 0.0352799 0.0428894 0.0644186 0.0388729 0.0369259 0.0388729 0.0369259 0.0771688 0.0444245 0.0447847 0.0627064 
Egla13086_CASQ1    0.0178334 0.0377300 0.0404558 0.0179390 0.0065756 0.0035485 0.0059117 0.0088560 0.0029227 0.0059117 0.0696095 0.0363014 0.0368335 0.0629473 0.0149338 0.0372490 0.0371375 0.0365908 0.0371375 0.0374261 0.0000010 0.0000000 0.0029227 0.0149217 0.0402253 0.0339878 0.0405194 0.0405194 0.0398872 0.0475380 0.0504340 0.0404535 0.0325716 0.0324851 0.0434197 0.0405206 0.0362697 0.0404908 0.0403429 0.0368816 0.0368335 0.0368335 0.0376373 0.0302628 0.0447737 0.0465405 0.0433175 0.0448073 0.0544020 0.0572814 0.0444661 0.0440458 0.0477856 0.0449801 0.0374261 0.0432823 0.0465047 0.0433175 0.0380930 0.0287696 0.0631033 0.0371086 0.0371086 0.0436037 0.0754972 0.0258559 0.0301759 0.0405154 0.0357284 0.0337512 0.0402253 0.0257621 0.0261894 0.0337512 0.0354770 0.0371375 0.0365908 0.0339878 0.0339878 0.0406368 0.0578254 0.0365908 0.0371375 0.0365908 0.0371375 0.0713858 0.0432595 0.0433927 0.0611472 
Ejap43864_CASQ1    0.0162133 0.0377300 0.0382364 0.0170582 0.0062221 0.0067338 0.0056244 0.0080562 0.0000010 0.0028032 0.0634894 0.0382430 0.0319612 0.0569707 0.0142011 0.0318724 0.0355736 0.0347019 0.0339298 0.0374033 0.0000010 0.0029227 0.0000000 0.0135608 0.0381334 0.0292305 0.0353702 0.0369939 0.0378352 0.0440817 0.0504340 0.0396767 0.0292143 0.0308483 0.0434197 0.0371622 0.0361695 0.0368623 0.0370028 0.0337200 0.0336804 0.0319612 0.0326202 0.0274696 0.0460629 0.0431730 0.0410858 0.0413422 0.0483695 0.0511270 0.0444661 0.0440458 0.0443346 0.0435801 0.0341706 0.0410545 0.0431405 0.0444003 0.0347208 0.0275276 0.0570992 0.0321813 0.0355472 0.0398128 0.0683808 0.0258559 0.0244096 0.0353662 0.0357284 0.0304893 0.0397739 0.0231323 0.0283470 0.0308627 0.0316993 0.0339298 0.0383669 0.0292305 0.0310582 0.0370899 0.0578254 0.0383669 0.0322049 0.0383669 0.0322049 0.0674783 0.0373136 0.0381310 0.0577849 
Erob133443_CASQ1   0.0189590 0.0466061 0.0412466 0.0198374 0.0093037 0.0100675 0.0084128 0.0107689 0.0135608 0.0084783 0.0624599 0.0452664 0.0383924 0.0537242 0.0169884 0.0389470 0.0415618 0.0417536 0.0396399 0.0372840 0.0170223 0.0149217 0.0135608 0.0000000 0.0452970 0.0356700 0.0419587 0.0427448 0.0444915 0.0511017 0.0505350 0.0356038 0.0389211 0.0376624 0.0510379 0.0441207 0.0422547 0.0443843 0.0439221 0.0393876 0.0393401 0.0383924 0.0391975 0.0303633 0.0493613 0.0497037 0.0477750 0.0480734 0.0548113 0.0575466 0.0445333 0.0518466 0.0510200 0.0467214 0.0340636 0.0477370 0.0496648 0.0473637 0.0405735 0.0336962 0.0536949 0.0386699 0.0415308 0.0455575 0.0650532 0.0329219 0.0333901 0.0419551 0.0363248 0.0372251 0.0459659 0.0326919 0.0347024 0.0365223 0.0320616 0.0396399 0.0448348 0.0356700 0.0367588 0.0428591 0.0579270 0.0448348 0.0386988 0.0448348 0.0386988 0.0677909 0.0377243 0.0443155 0.0606958 
Fatt_CASQ1         0.0446646 0.0534993 0.0499149 0.0513139 0.0376258 0.0376258 0.0372144 0.0355288 0.0381334 0.0352612 0.0569781 0.0097010 0.0084626 0.0568230 0.0478728 0.0030358 0.0029245 0.0027911 0.0027911 0.0202664 0.0409645 0.0402253 0.0381334 0.0452970 0.0000000 0.0055913 0.0000010 0.0000010 0.0494606 0.0539107 0.0731234 0.0247019 0.0381946 0.0380961 0.0159319 0.0058890 0.0084626 0.0097010 0.0058683 0.0084635 0.0084626 0.0084626 0.0084626 0.0201523 0.0549324 0.0487037 0.0460873 0.0508038 0.0323581 0.0549090 0.0539042 0.0541000 0.0523618 0.0509027 0.0202664 0.0496688 0.0525031 0.0487037 0.0205874 0.0135076 0.0569579 0.0083978 0.0088007 0.0084307 0.0626863 0.0195316 0.0322684 0.0055717 0.0250261 0.0194160 0.0000010 0.0348511 0.0128543 0.0171091 0.0188756 0.0027911 0.0029245 0.0055913 0.0055913 0.0056308 0.0065797 0.0029245 0.0027911 0.0031579 0.0027911 0.0706307 0.0032125 0.0460873 0.0655520 
Ggri_CASQ1         0.0357979 0.0477486 0.0412205 0.0406768 0.0272837 0.0297787 0.0278587 0.0273816 0.0292305 0.0265151 0.0527812 0.0096461 0.0078797 0.0526467 0.0375244 0.0028124 0.0027167 0.0027777 0.0026011 0.0134089 0.0331689 0.0339878 0.0292305 0.0356700 0.0055913 0.0000000 0.0052335 0.0052335 0.0452589 0.0437899 0.0607990 0.0162658 0.0315484 0.0314671 0.0094708 0.0054674 0.0084210 0.0119839 0.0054496 0.0078805 0.0078797 0.0078797 0.0080256 0.0133390 0.0498317 0.0440638 0.0419522 0.0457729 0.0299720 0.0499015 0.0519318 0.0490905 0.0473613 0.0471931 0.0134089 0.0454450 0.0474764 0.0442874 0.0136020 0.0061787 0.0527628 0.0025995 0.0027149 0.0078521 0.0580919 0.0128949 0.0272754 0.0052324 0.0147936 0.0118875 0.0055913 0.0282597 0.0063638 0.0105774 0.0102634 0.0026011 0.0029098 0.0000010 0.0000010 0.0052441 0.0000010 0.0029098 0.0026011 0.0031407 0.0026011 0.0626828 0.0029634 0.0388701 0.0587143 
Gmac39091_CASQ1    0.0416184 0.0534993 0.0456127 0.0473317 0.0344396 0.0376258 0.0343554 0.0331181 0.0353702 0.0326844 0.0530765 0.0097010 0.0079161 0.0529405 0.0441573 0.0028261 0.0027294 0.0027911 0.0026128 0.0189236 0.0409645 0.0405194 0.0353702 0.0419587 0.0000010 0.0052335 0.0000000 0.0000010 0.0494606 0.0500124 0.0731234 0.0247019 0.0381946 0.0380961 0.0159319 0.0054935 0.0084626 0.0120479 0.0054755 0.0079169 0.0079161 0.0079161 0.0080634 0.0188243 0.0549324 0.0481286 0.0460873 0.0500328 0.0330215 0.0538578 0.0539042 0.0541000 0.0514955 0.0509027 0.0189236 0.0496688 0.0516236 0.0487037 0.0192011 0.0124763 0.0530579 0.0078595 0.0082114 0.0078883 0.0584190 0.0195316 0.0329852 0.0052163 0.0250261 0.0179892 0.0000010 0.0348511 0.0128543 0.0159923 0.0172785 0.0026128 0.0029245 0.0052335 0.0052335 0.0052681 0.0065797 0.0029245 0.0026128 0.0031579 0.0026128 0.0688339 0.0029786 0.0426417 0.0634568 
Gmel_CASQ1         0.0423640 0.0534993 0.0463147 0.0478780 0.0357608 0.0388674 0.0355646 0.0342494 0.0369939 0.0326844 0.0503980 0.0091354 0.0079161 0.0531655 0.0448678 0.0028261 0.0025939 0.0027911 0.0024884 0.0207589 0.0427465 0.0405194 0.0369939 0.0427448 0.0000010 0.0052335 0.0000010 0.0000000 0.0494606 0.0500124 0.0731234 0.0270175 0.0398336 0.0380961 0.0159319 0.0054935 0.0080290 0.0120479 0.0054755 0.0075361 0.0075354 0.0079161 0.0080634 0.0205628 0.0553183 0.0481286 0.0460873 0.0500328 0.0330215 0.0538578 0.0539042 0.0541000 0.0514955 0.0513153 0.0179926 0.0496688 0.0516236 0.0492237 0.0182434 0.0117733 0.0532780 0.0078595 0.0078027 0.0075102 0.0583928 0.0195316 0.0345820 0.0052163 0.0250261 0.0179892 0.0000010 0.0366118 0.0121093 0.0152162 0.0172785 0.0024884 0.0027695 0.0052335 0.0049839 0.0050152 0.0065797 0.0027695 0.0026128 0.0029775 0.0026128 0.0711637 0.0029786 0.0426417 0.0631328 
Hamp_CASQ1         0.0409555 0.0000010 0.0035036 0.0431709 0.0371990 0.0371990 0.0365425 0.0379796 0.0378352 0.0346622 0.0743952 0.0446562 0.0416610 0.0615738 0.0469641 0.0496579 0.0512592 0.0485534 0.0485534 0.0386872 0.0409428 0.0398872 0.0378352 0.0444915 0.0494606 0.0452589 0.0494606 0.0494606 0.0000000 0.0412358 0.0000010 0.0474836 0.0312099 0.0246963 0.0513874 0.0550982 0.0416610 0.0446562 0.0548147 0.0556617 0.0416610 0.0416610 0.0416610 0.0347386 0.0000010 0.0031810 0.0030247 0.0065838 0.0188163 0.0155968 0.0000010 0.0070521 0.0032894 0.0102014 0.0386872 0.0030229 0.0031790 0.0031810 0.0498821 0.0425382 0.0615344 0.0419928 0.0443335 0.0488038 0.0745000 0.0331438 0.0247737 0.0494577 0.0472335 0.0368226 0.0494606 0.0247737 0.0403775 0.0349133 0.0394633 0.0485534 0.0512592 0.0452589 0.0452589 0.0523334 0.0650973 0.0512592 0.0485534 0.0512592 0.0485534 0.0692977 0.0492097 0.0030247 0.0173173 
Hippo_CASQ1        0.0529832 0.0342205 0.0411946 0.0543533 0.0418785 0.0458088 0.0411666 0.0439445 0.0440817 0.0411666 0.0459166 0.0401362 0.0405505 0.0403178 0.0511464 0.0436909 0.0467642 0.0503822 0.0467642 0.0411697 0.0492809 0.0475380 0.0440817 0.0511017 0.0539107 0.0437899 0.0500124 0.0500124 0.0412358 0.0000000 0.0333548 0.0460580 0.0443493 0.0370803 0.0443883 0.0500145 0.0436558 0.0403806 0.0497993 0.0531575 0.0405505 0.0405505 0.0413845 0.0409336 0.0383580 0.0445290 0.0447944 0.0490951 0.0525511 0.0555274 0.0384898 0.0490465 0.0457638 0.0501269 0.0411697 0.0447563 0.0444941 0.0447944 0.0479139 0.0391279 0.0404114 0.0408408 0.0408408 0.0469808 0.0457099 0.0408325 0.0378438 0.0500099 0.0355791 0.0412634 0.0539107 0.0372079 0.0403745 0.0411756 0.0405525 0.0467642 0.0503822 0.0437899 0.0437899 0.0501553 0.0432339 0.0503822 0.0467642 0.0512677 0.0467642 0.0440709 0.0505540 0.0412958 0.0595501 
Hpla9120_CASQ1     0.0505350 0.0000010 0.0000010 0.0505350 0.0420185 0.0420185 0.0420185 0.0420185 0.0504340 0.0420185 0.0662575 0.0594329 0.0594329 0.0677856 0.0513529 0.0695891 0.0695891 0.0695891 0.0695891 0.0518751 0.0504340 0.0504340 0.0504340 0.0505350 0.0731234 0.0607990 0.0731234 0.0731234 0.0000010 0.0333548 0.0000000 0.0612417 0.0324906 0.0324906 0.0607990 0.0797523 0.0594329 0.0594329 0.0786099 0.0894429 0.0594329 0.0594329 0.0594329 0.0508898 0.0000010 0.0000010 0.0000010 0.0000010 0.0438823 0.0346679 0.0000010 0.0080970 0.0000010 0.0169978 0.0518751 0.0000010 0.0000010 0.0000010 0.0419595 0.0419595 0.0677856 0.0607990 0.0607990 0.0793502 0.0739736 0.0419595 0.0242718 0.0639104 0.0519448 0.0419595 0.0731234 0.0242718 0.0419595 0.0419595 0.0419595 0.0695891 0.0695891 0.0607990 0.0607990 0.0805192 0.0803685 0.0695891 0.0695891 0.0695891 0.0695891 0.0771509 0.0695891 0.0000010 0.0080936 
Igeo_CASQ1         0.0393622 0.0481613 0.0482210 0.0422495 0.0336376 0.0336376 0.0336244 0.0354608 0.0396767 0.0340171 0.0635800 0.0227242 0.0161218 0.0553791 0.0425271 0.0231147 0.0243858 0.0203886 0.0229516 0.0234744 0.0435098 0.0404535 0.0396767 0.0356038 0.0247019 0.0162658 0.0247019 0.0270175 0.0474836 0.0460580 0.0612417 0.0000000 0.0355824 0.0378437 0.0217800 0.0263727 0.0189181 0.0196240 0.0262200 0.0310509 0.0189181 0.0161218 0.0161218 0.0151954 0.0469285 0.0508533 0.0474836 0.0511624 0.0393848 0.0627028 0.0522016 0.0586453 0.0508533 0.0405959 0.0192813 0.0474836 0.0508533 0.0469285 0.0112616 0.0127143 0.0555534 0.0162658 0.0202683 0.0269752 0.0627885 0.0129702 0.0314233 0.0246965 0.0148417 0.0127949 0.0270175 0.0314233 0.0119512 0.0150371 0.0127949 0.0229516 0.0243858 0.0162658 0.0190788 0.0271081 0.0276648 0.0243858 0.0203886 0.0243858 0.0203886 0.0642805 0.0203886 0.0474836 0.0646956 
Kbre_CASQ1         0.0417187 0.0246591 0.0307291 0.0441212 0.0349167 0.0349167 0.0312048 0.0326053 0.0292143 0.0279855 0.0618643 0.0348967 0.0281542 0.0550506 0.0409549 0.0382501 0.0384286 0.0347604 0.0365191 0.0340547 0.0342565 0.0325716 0.0292143 0.0389211 0.0381946 0.0315484 0.0381946 0.0398336 0.0312099 0.0443493 0.0324906 0.0355824 0.0000000 0.0060410 0.0367384 0.0402924 0.0301443 0.0327944 0.0401026 0.0430738 0.0301443 0.0281542 0.0281542 0.0235574 0.0312596 0.0295418 0.0280383 0.0376231 0.0353489 0.0383638 0.0374328 0.0326128 0.0329365 0.0331182 0.0306137 0.0313316 0.0330214 0.0312628 0.0374401 0.0298177 0.0551844 0.0283604 0.0319440 0.0366911 0.0610510 0.0193846 0.0085944 0.0381905 0.0357705 0.0330166 0.0398336 0.0085944 0.0283992 0.0331993 0.0308785 0.0365191 0.0384286 0.0315484 0.0334274 0.0399465 0.0494982 0.0384286 0.0347604 0.0384286 0.0347604 0.0654884 0.0370441 0.0280383 0.0475141 
Ksim_CASQ1         0.0406012 0.0246591 0.0250553 0.0430583 0.0332085 0.0332085 0.0295000 0.0310574 0.0308483 0.0280002 0.0541453 0.0288640 0.0280820 0.0476129 0.0397306 0.0344496 0.0365547 0.0346710 0.0346710 0.0285335 0.0365239 0.0324851 0.0308483 0.0376624 0.0380961 0.0314671 0.0380961 0.0380961 0.0246963 0.0370803 0.0324906 0.0378437 0.0060410 0.0000000 0.0366387 0.0401831 0.0280820 0.0288640 0.0399943 0.0414515 0.0280820 0.0280820 0.0280820 0.0215238 0.0254052 0.0227114 0.0215677 0.0304218 0.0285929 0.0316125 0.0308679 0.0288119 0.0260465 0.0277296 0.0285335 0.0247907 0.0261131 0.0227114 0.0355758 0.0275292 0.0477339 0.0282870 0.0298210 0.0348396 0.0538773 0.0193327 0.0090653 0.0380919 0.0355900 0.0329278 0.0380961 0.0090653 0.0261705 0.0312461 0.0307812 0.0346710 0.0365547 0.0314671 0.0314671 0.0382071 0.0572910 0.0365547 0.0346710 0.0365547 0.0346710 0.0547825 0.0369328 0.0215677 0.0388779 
Lacu_CASQ1         0.0541388 0.0478591 0.0489845 0.0545035 0.0412244 0.0412244 0.0404556 0.0437429 0.0434197 0.0404556 0.0680255 0.0140649 0.0127677 0.0610567 0.0510855 0.0139264 0.0126539 0.0126539 0.0126539 0.0196459 0.0445048 0.0434197 0.0434197 0.0510379 0.0159319 0.0094708 0.0159319 0.0159319 0.0513874 0.0443883 0.0607990 0.0217800 0.0367384 0.0366387 0.0000000 0.0159317 0.0127677 0.0140649 0.0158681 0.0192050 0.0127677 0.0127677 0.0127677 0.0195211 0.0499342 0.0478789 0.0478789 0.0570935 0.0342471 0.0573460 0.0586553 0.0530903 0.0514762 0.0542746 0.0196459 0.0516130 0.0516130 0.0478789 0.0267411 0.0168405 0.0612204 0.0063038 0.0063038 0.0127122 0.0676718 0.0161871 0.0332357 0.0159285 0.0198181 0.0225887 0.0159319 0.0332357 0.0160272 0.0225887 0.0187899 0.0126539 0.0126539 0.0094708 0.0094708 0.0159733 0.0000010 0.0126539 0.0126539 0.0126539 0.0126539 0.0689208 0.0110878 0.0478789 0.0643475 
Lalb_CASQ1         0.0435953 0.0570960 0.0485372 0.0473336 0.0344404 0.0376269 0.0343561 0.0346847 0.0371622 0.0343561 0.0556043 0.0097008 0.0082731 0.0554560 0.0373711 0.0029630 0.0027294 0.0029244 0.0027294 0.0197986 0.0409660 0.0405206 0.0371622 0.0441207 0.0058890 0.0054674 0.0054935 0.0054935 0.0550982 0.0500145 0.0797523 0.0263727 0.0402924 0.0401831 0.0159317 0.0000000 0.0088717 0.0120477 0.0054754 0.0082740 0.0082731 0.0082731 0.0084342 0.0196899 0.0580810 0.0507772 0.0515694 0.0527675 0.0381561 0.0596389 0.0592618 0.0572126 0.0541167 0.0585048 0.0197986 0.0553423 0.0542495 0.0515694 0.0201043 0.0124761 0.0555845 0.0082113 0.0082113 0.0082426 0.0611823 0.0195315 0.0345380 0.0110227 0.0250263 0.0179891 0.0058890 0.0367569 0.0128540 0.0167207 0.0172783 0.0027294 0.0029244 0.0054674 0.0054674 0.0055051 0.0065793 0.0029244 0.0027294 0.0031578 0.0027294 0.0721880 0.0031214 0.0475506 0.0661874 
Laus_CASQ1         0.0418902 0.0428941 0.0418822 0.0476753 0.0347277 0.0347277 0.0346160 0.0333409 0.0361695 0.0315570 0.0503553 0.0000010 0.0000010 0.0476411 0.0444823 0.0060987 0.0055615 0.0056050 0.0053196 0.0136424 0.0385082 0.0362697 0.0361695 0.0422547 0.0084626 0.0084210 0.0084626 0.0080290 0.0416610 0.0436558 0.0594329 0.0189181 0.0301443 0.0280820 0.0127677 0.0088717 0.0000000 0.0000010 0.0088399 0.0107480 0.0000010 0.0000010 0.0000010 0.0135076 0.0464455 0.0405053 0.0383882 0.0492884 0.0256154 0.0468018 0.0446216 0.0448498 0.0440326 0.0439939 0.0108052 0.0418299 0.0441487 0.0414647 0.0164843 0.0093759 0.0477479 0.0056056 0.0055621 0.0053398 0.0531743 0.0095888 0.0251080 0.0141505 0.0146362 0.0159351 0.0080290 0.0270112 0.0089549 0.0133489 0.0111116 0.0053196 0.0055615 0.0084210 0.0079915 0.0080458 0.0066222 0.0055615 0.0056050 0.0059827 0.0056050 0.0655660 0.0032224 0.0383882 0.0560828 
Lbor_CASQ1         0.0437980 0.0428941 0.0410651 0.0478599 0.0337898 0.0328632 0.0338243 0.0342205 0.0368623 0.0338243 0.0565571 0.0000010 0.0029615 0.0501148 0.0444258 0.0089733 0.0089733 0.0064189 0.0089733 0.0152170 0.0365562 0.0404908 0.0368623 0.0443843 0.0097010 0.0119839 0.0120479 0.0120479 0.0446562 0.0403806 0.0594329 0.0196240 0.0327944 0.0288640 0.0140649 0.0120477 0.0000010 0.0000000 0.0120030 0.0151268 0.0029615 0.0029615 0.0000010 0.0151272 0.0464905 0.0445463 0.0408533 0.0533756 0.0308900 0.0538591 0.0460015 0.0448498 0.0481351 0.0458217 0.0152170 0.0448675 0.0482634 0.0408533 0.0217132 0.0135716 0.0502401 0.0089745 0.0089745 0.0090121 0.0562820 0.0105647 0.0245606 0.0150838 0.0146362 0.0194974 0.0097010 0.0289938 0.0104533 0.0180167 0.0151566 0.0089733 0.0064189 0.0119839 0.0119839 0.0120769 0.0081878 0.0064189 0.0089733 0.0069866 0.0089733 0.0634105 0.0069255 0.0410651 0.0469563 
Lhos30470_CASQ1    0.0434149 0.0567183 0.0482928 0.0471174 0.0342783 0.0374305 0.0342093 0.0345474 0.0370028 0.0342093 0.0553613 0.0096626 0.0082456 0.0552143 0.0439599 0.0029526 0.0027206 0.0029143 0.0027206 0.0197271 0.0407512 0.0403429 0.0370028 0.0439221 0.0058683 0.0054496 0.0054755 0.0054755 0.0548147 0.0497993 0.0786099 0.0262200 0.0401026 0.0399943 0.0158681 0.0054754 0.0088399 0.0120030 0.0000000 0.0027356 0.0082456 0.0082456 0.0084055 0.0196191 0.0577410 0.0505409 0.0513083 0.0525100 0.0379874 0.0593384 0.0586746 0.0568836 0.0538606 0.0581582 0.0197271 0.0550560 0.0539921 0.0513083 0.0200304 0.0124281 0.0553416 0.0081841 0.0081841 0.0082153 0.0609105 0.0194504 0.0344019 0.0109855 0.0248626 0.0179208 0.0058683 0.0365871 0.0128030 0.0166620 0.0172031 0.0027206 0.0029143 0.0054496 0.0054496 0.0054871 0.0065272 0.0029143 0.0027206 0.0031460 0.0027206 0.0718423 0.0031100 0.0473334 0.0658277 
Lhos452_CASQ1      0.0392478 0.0618398 0.0525577 0.0442838 0.0320434 0.0347786 0.0321724 0.0312460 0.0337200 0.0293232 0.0532263 0.0122361 0.0105959 0.0560081 0.0413157 0.0056759 0.0052079 0.0056056 0.0049951 0.0234413 0.0385659 0.0368816 0.0337200 0.0393876 0.0084635 0.0078805 0.0079169 0.0075361 0.0556617 0.0531575 0.0894429 0.0310509 0.0430738 0.0414515 0.0192050 0.0082740 0.0107480 0.0151268 0.0027356 0.0000000 0.0100844 0.0105959 0.0107939 0.0232186 0.0622012 0.0541687 0.0523068 0.0563033 0.0394566 0.0599650 0.0663649 0.0613249 0.0575290 0.0588827 0.0206395 0.0558961 0.0576704 0.0553983 0.0209302 0.0147806 0.0561267 0.0105191 0.0104429 0.0100501 0.0612396 0.0228957 0.0373769 0.0132344 0.0302507 0.0210781 0.0080298 0.0398276 0.0152045 0.0178174 0.0208361 0.0049951 0.0055621 0.0078805 0.0075031 0.0075509 0.0132828 0.0055621 0.0052460 0.0059834 0.0052460 0.0741310 0.0059834 0.0484173 0.0692686 
Lobl_CASQ1         0.0392038 0.0428941 0.0385766 0.0442267 0.0320007 0.0347277 0.0321332 0.0312123 0.0336804 0.0292878 0.0471280 0.0000010 0.0000010 0.0445787 0.0412630 0.0056753 0.0052075 0.0056050 0.0049947 0.0127876 0.0385082 0.0368335 0.0336804 0.0393401 0.0084626 0.0078797 0.0079161 0.0075354 0.0416610 0.0405505 0.0594329 0.0189181 0.0301443 0.0280820 0.0127677 0.0082731 0.0000010 0.0029615 0.0082456 0.0100844 0.0000000 0.0000010 0.0000010 0.0126700 0.0464455 0.0405728 0.0383882 0.0486614 0.0267586 0.0463927 0.0446216 0.0448498 0.0438298 0.0439939 0.0101349 0.0418299 0.0439365 0.0414647 0.0154440 0.0087101 0.0446724 0.0052460 0.0052080 0.0050125 0.0497655 0.0095888 0.0262238 0.0132330 0.0146362 0.0147818 0.0080290 0.0270112 0.0089549 0.0125308 0.0101890 0.0049947 0.0055615 0.0078797 0.0075024 0.0075502 0.0066222 0.0055615 0.0052455 0.0059827 0.0052455 0.0642062 0.0029872 0.0355941 0.0549183 
Lobs_CASQ1         0.0383193 0.0428941 0.0374383 0.0434929 0.0304827 0.0332457 0.0307610 0.0299541 0.0319612 0.0292878 0.0495962 0.0000010 0.0000010 0.0439479 0.0403704 0.0056753 0.0054806 0.0056050 0.0052455 0.0106516 0.0365663 0.0368335 0.0319612 0.0383924 0.0084626 0.0078797 0.0079161 0.0079161 0.0416610 0.0405505 0.0594329 0.0161218 0.0281542 0.0280820 0.0127677 0.0082731 0.0000010 0.0029615 0.0082456 0.0105959 0.0000010 0.0000000 0.0000010 0.0105966 0.0455207 0.0405728 0.0383882 0.0486614 0.0267586 0.0463927 0.0446216 0.0448498 0.0438298 0.0431285 0.0106516 0.0418299 0.0439365 0.0405053 0.0162448 0.0092224 0.0440448 0.0052460 0.0054812 0.0052651 0.0493829 0.0095888 0.0243697 0.0132330 0.0146362 0.0147818 0.0084626 0.0249088 0.0094973 0.0131619 0.0101890 0.0052455 0.0058742 0.0078797 0.0078797 0.0079325 0.0066222 0.0058742 0.0052455 0.0063460 0.0052455 0.0616048 0.0029872 0.0355941 0.0547449 
LperAUS_CASQ1      0.0390626 0.0428941 0.0383469 0.0444528 0.0312176 0.0332457 0.0314334 0.0305321 0.0326202 0.0298975 0.0505619 0.0000010 0.0000010 0.0448027 0.0412616 0.0057889 0.0055865 0.0056050 0.0053424 0.0108517 0.0365663 0.0376373 0.0326202 0.0391975 0.0084626 0.0080256 0.0080634 0.0080634 0.0416610 0.0413845 0.0594329 0.0161218 0.0281542 0.0280820 0.0127677 0.0084342 0.0000010 0.0000010 0.0084055 0.0107939 0.0000010 0.0000010 0.0000000 0.0107946 0.0455207 0.0382339 0.0383882 0.0464139 0.0242492 0.0442027 0.0446216 0.0448498 0.0415549 0.0431285 0.0108517 0.0418299 0.0416585 0.0405053 0.0165566 0.0094231 0.0449034 0.0053430 0.0055872 0.0053628 0.0503407 0.0095888 0.0219762 0.0134813 0.0146362 0.0150910 0.0084626 0.0249088 0.0094973 0.0134065 0.0104345 0.0053424 0.0058742 0.0080256 0.0080256 0.0080804 0.0066222 0.0058742 0.0053424 0.0063460 0.0053424 0.0597232 0.0030502 0.0363437 0.0525194 
