Supplemental results for CODEML (seqf: /home/leticiamagpali/phd/evol_models/codeml/small_dataset/cml_align/CASQ2_codon_aligned.phy  treef: /home/leticiamagpali/phd/evol_models/codeml/small_dataset/cml_trees/gene_trees/H3_gene_trees/CASQ2_codon_H3.tre)

I	J	ij	2Ns_IJ	pMut_IJ	pSub_IJ	2Ns_JI	pMut_JI	pSub_JI

TTC	TTT	CT	0.31488	0.13783	0.16066	-0.31488	0.18883	0.16066
TTA	TTT	AT	5.95146	0.00009	0.00053	-5.95146	0.03445	0.00053
TTA	TTC	AC	5.63657	0.00009	0.00052	-5.63657	0.02566	0.00052
TTG	TTT	GT	0.73826	0.01793	0.02535	-0.73826	0.03751	0.02535
TTG	TTC	GC	0.42338	0.01829	0.02244	-0.42338	0.02794	0.02244
TTG	TTA	GA	-5.21320	0.09851	0.00281	5.21320	0.00054	0.00281
TCT	TTT	CT	1.54149	0.04042	0.07928	-1.54149	0.18883	0.07928
TCC	TTC	CT	1.29615	0.03847	0.06865	-1.29615	0.14063	0.06865
TCC	TCT	CT	0.06955	0.03847	0.03983	-0.06955	0.04125	0.03983
TCA	TTA	CT	-3.98718	0.02679	0.00202	3.98718	0.00050	0.00202
TCA	TCT	AT	0.42279	0.00493	0.00605	-0.42279	0.00752	0.00605
TCA	TCC	AC	0.35324	0.00503	0.00597	-0.35324	0.00716	0.00597
TCG	TTG	CT	4.62533	0.00097	0.00455	-4.62533	0.09939	0.00455
TCG	TCT	GT	3.82210	0.00018	0.00070	-3.82210	0.00819	0.00070
TCG	TCC	GC	3.75255	0.00018	0.00070	-3.75255	0.00780	0.00070
TCG	TCA	GA	3.39931	0.00099	0.00346	-3.39931	0.02950	0.00346
TAT	TTT	AT	1.01698	0.01246	0.01985	-1.01698	0.03445	0.01985
TAT	TCT	AC	-0.52451	0.01271	0.00967	0.52451	0.00752	0.00967
TAC	TTC	AT	0.34846	0.01811	0.02145	-0.34846	0.02566	0.02145
TAC	TCC	AC	-0.94769	0.01848	0.01108	0.94769	0.00716	0.01108
TAC	TAT	CT	-0.35364	0.09838	0.08201	0.35364	0.06907	0.08201
TGT	TTT	GT	3.73399	0.00090	0.00343	-3.73399	0.03751	0.00343
TGT	TCT	GC	2.19250	0.00091	0.00226	-2.19250	0.00819	0.00226
TGT	TAT	GA	2.71701	0.00493	0.01433	-2.71701	0.07455	0.01433
TGC	TTC	GT	1.89170	0.00421	0.00939	-1.89170	0.02794	0.00939
TGC	TCC	GC	0.59555	0.00430	0.00571	-0.59555	0.00780	0.00571
TGC	TAC	GA	1.54324	0.02315	0.04543	-1.54324	0.10833	0.04543
TGC	TGT	CT	-1.52741	0.02289	0.00969	1.52741	0.00497	0.00969
TGG	TTG	GT	0.52719	0.01165	0.01499	-0.52719	0.01974	0.01499
TGG	TCG	GC	-4.09814	0.01189	0.00082	4.09814	0.00020	0.00082
TGG	TGT	GT	-2.46855	0.01165	0.00266	2.46855	0.00099	0.00266
TGG	TGC	GC	-0.94114	0.01189	0.00716	0.94114	0.00464	0.00716
CTT	TTT	CT	1.30637	0.05114	0.09161	-1.30637	0.18883	0.09161
CTC	TTC	CT	0.76776	0.06526	0.09349	-0.76776	0.14063	0.09349
CTC	CTT	CT	-0.22372	0.06526	0.05823	0.22372	0.05218	0.05823
CTA	TTA	CT	-4.36187	0.03896	0.00220	4.36187	0.00050	0.00220
CTA	CTT	AT	0.28322	0.00717	0.00823	-0.28322	0.00952	0.00823
CTA	CTC	AC	0.50694	0.00732	0.00933	-0.50694	0.01215	0.00933
CTG	TTG	CT	-0.61642	0.18409	0.13315	0.61642	0.09939	0.13315
CTG	CTT	GT	-1.18453	0.03389	0.01769	1.18453	0.01037	0.01769
CTG	CTC	GC	-0.96081	0.03458	0.02059	0.96081	0.01323	0.02059
CTG	CTA	GA	-1.46775	0.18618	0.08183	1.46775	0.04290	0.08183
CCT	TCT	CT	0.09519	0.03750	0.03931	-0.09519	0.04125	0.03931
CCT	CTT	CT	0.33031	0.03750	0.04403	-0.33031	0.05218	0.04403
CCC	TCC	CT	-0.70415	0.07938	0.05469	0.70415	0.03926	0.05469
CCC	CTC	CT	-0.17575	0.07938	0.07261	0.17575	0.06659	0.07261
CCC	CCT	CT	-0.72979	0.07938	0.05391	0.72979	0.03826	0.05391
CCA	TCA	CT	-1.03511	0.07695	0.04387	1.03511	0.02733	0.04387
CCA	CTA	CT	-0.66041	0.07695	0.05432	0.66041	0.03975	0.05432
CCA	CCT	AT	-0.70751	0.01416	0.00974	0.70751	0.00698	0.00974
CCA	CCC	AC	0.02228	0.01445	0.01461	-0.02228	0.01478	0.01461
CCG	TCG	CT	-2.58253	0.01315	0.00278	2.58253	0.00099	0.00278
CCG	CTG	CT	2.65921	0.01315	0.03760	-2.65921	0.18784	0.03760
CCG	CCT	GT	1.14437	0.00242	0.00406	-1.14437	0.00760	0.00406
CCG	CCC	GC	1.87416	0.00247	0.00547	-1.87416	0.01609	0.00547
CCG	CCA	GA	1.85188	0.01330	0.02921	-1.85188	0.08474	0.02921
CAT	TAT	CT	0.51198	0.04140	0.05289	-0.51198	0.06907	0.05289
CAT	CTT	AT	0.22259	0.00762	0.00850	-0.22259	0.00952	0.00850
CAT	CCT	AC	-0.10772	0.00777	0.00736	0.10772	0.00698	0.00736
CAC	TAC	CT	0.95898	0.03847	0.05983	-0.95898	0.10038	0.05983
CAC	CTC	AT	0.53968	0.00708	0.00916	-0.53968	0.01215	0.00916
CAC	CCC	AC	0.71543	0.00723	0.01012	-0.71543	0.01478	0.01012
CAC	CAT	CT	0.09336	0.03847	0.04030	-0.09336	0.04224	0.04030
CAA	CTA	AT	0.08925	0.00663	0.00693	-0.08925	0.00725	0.00693
CAA	CCA	AC	0.74966	0.00677	0.00962	-0.74966	0.01432	0.00962
CAA	CAT	AT	0.14987	0.00663	0.00714	-0.14987	0.00771	0.00714
CAA	CAC	AC	0.05651	0.00677	0.00696	-0.05651	0.00716	0.00696
CAG	CTG	AT	0.82221	0.01506	0.02209	-0.82221	0.03427	0.02209
CAG	CCG	AC	-1.83700	0.01537	0.00535	1.83700	0.00245	0.00535
CAG	CAT	GT	-0.58491	0.01506	0.01108	0.58491	0.00839	0.01108
CAG	CAC	GC	-0.67827	0.01537	0.01074	0.67827	0.00780	0.01074
CAG	CAA	GA	-0.73478	0.08275	0.05604	0.73478	0.03969	0.05604
CGT	TGT	CT	-0.51047	0.00828	0.00635	0.51047	0.00497	0.00635
CGT	CTT	GT	1.91715	0.00152	0.00343	-1.91715	0.01037	0.00343
CGT	CCT	GC	1.58684	0.00155	0.00310	-1.58684	0.00760	0.00310
CGT	CAT	GA	1.69456	0.00837	0.01738	-1.69456	0.04559	0.01738
CGC	TGC	CT	-0.86590	0.05552	0.03491	0.86590	0.02336	0.03491
CGC	CTC	GT	0.25805	0.01022	0.01159	-0.25805	0.01323	0.01159
CGC	CCC	GC	0.43380	0.01043	0.01285	-0.43380	0.01609	0.01285
CGC	CAC	GA	-0.28163	0.05615	0.04861	0.28163	0.04237	0.04861
CGC	CGT	CT	-1.88283	0.05552	0.01876	1.88283	0.00845	0.01876
CGA	CTA	GT	9.07068	0.00000	0.00000	-9.07068	0.00790	0.00001
CGA	CCA	GC	9.73110	0.00000	0.00000	-9.73110	0.01560	0.00001
CGA	CAA	GA	8.98144	0.00000	0.00000	-8.98144	0.03969	0.00004
CGA	CGT	AT	7.43675	0.00000	0.00000	-7.43675	0.00154	0.00001
CGA	CGC	AC	9.31958	0.00000	0.00000	-9.31958	0.01034	0.00001
CGG	TGG	CT	1.62959	0.01266	0.02567	-1.62959	0.06460	0.02567
CGG	CTG	GT	2.77320	0.00233	0.00689	-2.77320	0.03731	0.00689
CGG	CCG	GC	0.11399	0.00238	0.00252	-0.11399	0.00267	0.00252
CGG	CAG	GA	1.95099	0.01281	0.02912	-1.95099	0.09010	0.02912
CGG	CGT	GT	-0.32848	0.00233	0.00197	0.32848	0.00168	0.00197
CGG	CGC	GC	1.55435	0.00238	0.00469	-1.55435	0.01125	0.00469
CGG	CGA	GA	-7.76523	0.01281	0.00004	7.76523	0.00000	0.00000
ATT	TTT	AT	0.42999	0.02241	0.02757	-0.42999	0.03445	0.02757
ATT	CTT	AC	-0.87637	0.02287	0.01429	0.87637	0.00952	0.01429
ATC	TTC	AT	-0.02685	0.02636	0.02600	0.02685	0.02566	0.02600
ATC	CTC	AC	-0.79461	0.02689	0.01761	0.79461	0.01215	0.01761
ATC	ATT	CT	-0.14196	0.14318	0.13326	0.14196	0.12423	0.13326
ATA	TTA	AT	-3.38991	0.00269	0.00032	3.38991	0.00009	0.00032
ATA	CTA	AC	0.97196	0.00274	0.00429	-0.97196	0.00725	0.00429
ATA	ATT	AT	2.13155	0.00269	0.00650	-2.13155	0.02267	0.00650
ATA	ATC	AC	2.27351	0.00274	0.00695	-2.27351	0.02665	0.00695
ATG	TTG	AT	0.47332	0.01130	0.01418	-0.47332	0.01813	0.01418
ATG	CTG	AC	1.08974	0.01153	0.01892	-1.08974	0.03427	0.01892
ATG	ATT	GT	0.78158	0.01130	0.01628	-0.78158	0.02468	0.01628
ATG	ATC	GC	0.92355	0.01153	0.01765	-0.92355	0.02902	0.01765
ATG	ATA	GA	-1.34996	0.06206	0.02932	1.34996	0.01609	0.02932
ACT	TCT	AT	-0.23331	0.00950	0.00844	0.23331	0.00752	0.00844
ACT	CCT	AC	-0.32851	0.00970	0.00819	0.32851	0.00698	0.00819
ACT	ATT	CT	0.87818	0.05162	0.07757	-0.87818	0.12423	0.07757
ACC	TCC	AT	-0.06192	0.00762	0.00739	0.06192	0.00716	0.00739
ACC	CCC	AC	0.64223	0.00777	0.01054	-0.64223	0.01478	0.01054
ACC	ATC	CT	1.26108	0.04140	0.07284	-1.26108	0.14610	0.07284
ACC	ACT	CT	0.24094	0.04140	0.04658	-0.24094	0.05267	0.04658
ACA	TCA	AT	-0.80970	0.01121	0.00727	0.80970	0.00499	0.00727
ACA	CCA	AC	0.22541	0.01143	0.01277	-0.22541	0.01432	0.01277
ACA	ATA	CT	-1.40696	0.06088	0.02778	1.40696	0.01491	0.02778
ACA	ACT	AT	-0.15359	0.01121	0.01037	0.15359	0.00961	0.01037
ACA	ACC	AC	-0.39453	0.01143	0.00933	0.39453	0.00771	0.00933
ACG	TCG	AT	-2.59141	0.00242	0.00051	2.59141	0.00018	0.00051
ACG	CCG	AC	-0.00887	0.00247	0.00246	0.00887	0.00245	0.00246
ACG	ATG	CT	1.56060	0.01315	0.02598	-1.56060	0.06261	0.02598
ACG	ACT	GT	1.46401	0.00242	0.00461	-1.46401	0.01046	0.00461
ACG	ACC	GC	1.22306	0.00247	0.00428	-1.22306	0.00839	0.00428
ACG	ACA	GA	1.61760	0.01330	0.02684	-1.61760	0.06704	0.02684
AAT	TAT	AT	0.13357	0.01103	0.01178	-0.13357	0.01260	0.01178
AAT	CAT	AC	-0.37841	0.01125	0.00926	0.37841	0.00771	0.00926
AAT	ATT	AT	0.72056	0.01103	0.01547	-0.72056	0.02267	0.01547
AAT	ACT	AC	-0.15762	0.01125	0.01039	0.15762	0.00961	0.01039
AAC	TAC	AT	0.05686	0.01730	0.01780	-0.05686	0.01831	0.01780
AAC	CAC	AC	-0.90211	0.01765	0.01087	0.90211	0.00716	0.01087
AAC	ATC	AT	0.43217	0.01730	0.02131	-0.43217	0.02665	0.02131
AAC	ACC	AC	-0.82891	0.01765	0.01134	0.82891	0.00771	0.01134
AAC	AAT	CT	-0.43035	0.09399	0.07522	0.43035	0.06112	0.07522
AAA	CAA	AC	-1.28454	0.02424	0.01192	1.28454	0.00671	0.01192
AAA	ATA	AT	-2.16725	0.02376	0.00666	2.16725	0.00272	0.00666
AAA	ACA	AC	-0.76029	0.02424	0.01618	0.76029	0.01133	0.01618
AAA	AAT	AT	-0.75626	0.02376	0.01589	0.75626	0.01115	0.01589
AAA	AAC	AC	-0.32591	0.02424	0.02050	0.32591	0.01750	0.02050
AAG	CAG	AC	-0.94169	0.03906	0.02351	0.94169	0.01523	0.02351
AAG	ATG	AT	-1.20922	0.03828	0.01969	1.20922	0.01142	0.01969
AAG	ACG	AC	-2.76982	0.03906	0.00723	2.76982	0.00245	0.00723
AAG	AAT	GT	-1.14820	0.03828	0.02042	1.14820	0.01214	0.02042
AAG	AAC	GC	-0.71785	0.03906	0.02670	0.71785	0.01905	0.02670
AAG	AAA	GA	-0.39193	0.21032	0.17179	0.39193	0.14212	0.17179
AGT	TGT	AT	-2.80412	0.01497	0.00271	2.80412	0.00091	0.00271
AGT	CGT	AC	-2.29365	0.01528	0.00393	2.29365	0.00154	0.00393
AGT	ATT	GT	0.49987	0.01497	0.01902	-0.49987	0.02468	0.01902
AGT	ACT	GC	-0.37831	0.01528	0.01257	0.37831	0.01046	0.01257
AGT	AAT	GA	-0.22069	0.08225	0.07351	0.22069	0.06597	0.07351
AGC	TGC	AT	-0.38706	0.00628	0.00514	0.38706	0.00426	0.00514
AGC	CGC	AC	0.47883	0.00640	0.00806	-0.47883	0.01034	0.00806
AGC	ATC	GT	1.53149	0.00628	0.01226	-1.53149	0.02902	0.01226
AGC	ACC	GC	0.27040	0.00640	0.00731	-0.27040	0.00839	0.00731
AGC	AAC	GA	1.09932	0.03448	0.05683	-1.09932	0.10351	0.05683
AGC	AGT	CT	0.88965	0.03409	0.05148	-0.88965	0.08299	0.05148
AGA	CGA	AC	-8.33880	0.00384	0.00001	8.33880	0.00000	0.00000
AGA	ATA	GT	-0.24007	0.00377	0.00333	0.24007	0.00296	0.00333
AGA	ACA	GC	1.16689	0.00384	0.00651	-1.16689	0.01234	0.00651
AGA	AAA	GA	1.92718	0.02069	0.04666	-1.92718	0.14212	0.04666
AGA	AGT	AT	1.39161	0.00377	0.00697	-1.39161	0.01514	0.00697
AGA	AGC	AC	0.50195	0.00384	0.00489	-0.50195	0.00635	0.00489
AGG	TGG	AT	0.83577	0.00511	0.00754	-0.83577	0.01179	0.00754
AGG	CGG	AC	-0.79383	0.00521	0.00342	0.79383	0.00236	0.00342
AGG	ATG	GT	0.88963	0.00511	0.00772	-0.88963	0.01244	0.00772
AGG	ACG	GC	-0.67097	0.00521	0.00366	0.67097	0.00267	0.00366
AGG	AAG	GA	2.09885	0.02807	0.06716	-2.09885	0.22900	0.06716
AGG	AGT	GT	1.17135	0.00511	0.00867	-1.17135	0.01649	0.00867
AGG	AGC	GC	0.28169	0.00521	0.00598	-0.28169	0.00691	0.00598
AGG	AGA	GA	-0.22026	0.02807	0.02510	0.22026	0.02252	0.02510
GTT	TTT	GT	0.80547	0.01676	0.02441	-0.80547	0.03751	0.02441
GTT	CTT	GC	-0.50090	0.01710	0.01318	0.50090	0.01037	0.01318
GTT	ATT	GA	0.37547	0.09211	0.11048	-0.37547	0.13408	0.11048
GTC	TTC	GT	0.62986	0.01488	0.02006	-0.62986	0.02794	0.02006
GTC	CTC	GC	-0.13790	0.01518	0.01416	0.13790	0.01323	0.01416
GTC	ATC	GA	0.65671	0.08176	0.11153	-0.65671	0.15767	0.11153
GTC	GTT	CT	0.13928	0.08084	0.08661	-0.13928	0.09293	0.08661
GTA	TTA	GT	-2.89933	0.00179	0.00030	2.89933	0.00010	0.00030
GTA	CTA	GC	1.46254	0.00183	0.00348	-1.46254	0.00790	0.00348
GTA	ATA	GA	0.49059	0.00985	0.01246	-0.49059	0.01609	0.01246
GTA	GTT	AT	2.24666	0.00179	0.00450	-2.24666	0.01695	0.00450
GTA	GTC	AC	2.10738	0.00183	0.00439	-2.10738	0.01505	0.00439
GTG	TTG	GT	-0.46891	0.03155	0.02473	0.46891	0.01974	0.02473
GTG	CTG	GC	0.14751	0.03220	0.03463	-0.14751	0.03731	0.03463
GTG	ATG	GA	-0.94223	0.17337	0.10434	0.94223	0.06757	0.10434
GTG	GTT	GT	-0.53612	0.03155	0.02385	0.53612	0.01846	0.02385
GTG	GTC	GC	-0.67540	0.03220	0.02254	0.67540	0.01639	0.02254
GTG	GTA	GA	-2.78278	0.17337	0.03182	2.78278	0.01073	0.03182
GCT	TCT	GT	-0.78806	0.01802	0.01184	0.78806	0.00819	0.01184
GCT	CCT	GC	-0.88325	0.01839	0.01145	0.88325	0.00760	0.01145
GCT	ACT	GA	-0.55475	0.09900	0.07407	0.55475	0.05685	0.07407
GCT	GTT	CT	-0.05204	0.09789	0.09537	0.05204	0.09293	0.09537
GCC	TCC	GT	-0.22550	0.00977	0.00871	0.22550	0.00780	0.00871
GCC	CCC	GC	0.47865	0.00997	0.01255	-0.47865	0.01609	0.01255
GCC	ACC	GA	-0.16358	0.05369	0.04942	0.16358	0.04559	0.04942
GCC	GTC	CT	0.44080	0.05308	0.06564	-0.44080	0.08249	0.06564
GCC	GCT	CT	0.63211	0.05308	0.07162	-0.63211	0.09988	0.07162
GCA	TCA	GT	-0.55970	0.00950	0.00709	0.55970	0.00543	0.00709
GCA	CCA	GC	0.47540	0.00970	0.01218	-0.47540	0.01560	0.01218
GCA	ACA	GA	0.24999	0.05221	0.05901	-0.24999	0.06704	0.05901
GCA	GTA	CT	-1.64755	0.05162	0.02028	1.64755	0.00994	0.02028
GCA	GCT	AT	0.65115	0.00950	0.01293	-0.65115	0.01822	0.01293
GCA	GCC	AC	0.01904	0.00970	0.00979	-0.01904	0.00988	0.00979
GCG	TCG	GT	-3.54118	0.00681	0.00072	3.54118	0.00020	0.00072
GCG	CCG	GC	-0.95865	0.00695	0.00414	0.95865	0.00267	0.00414
GCG	ACG	GA	-0.94978	0.03743	0.02243	0.94978	0.01448	0.02243
GCG	GTG	CT	1.55305	0.03701	0.07291	-1.55305	0.17492	0.07291
GCG	GCT	GT	1.06898	0.00681	0.01109	-1.06898	0.01984	0.01109
GCG	GCC	GC	0.43686	0.00695	0.00858	-0.43686	0.01076	0.00858
GCG	GCA	GA	0.41783	0.03743	0.04580	-0.41783	0.05685	0.04580
GAT	TAT	GT	-1.56627	0.06571	0.02716	1.56627	0.01372	0.02716
GAT	CAT	GC	-2.07825	0.06705	0.01993	2.07825	0.00839	0.01993
GAT	AAT	GA	-1.69984	0.36103	0.13720	1.69984	0.06597	0.13720
GAT	GTT	AT	-1.35475	0.06571	0.03095	1.35475	0.01695	0.03095
GAT	GCT	AC	-1.30271	0.06705	0.03260	1.30271	0.01822	0.03260
GAC	TAC	GT	-1.34760	0.07674	0.03631	1.34760	0.01994	0.03631
GAC	CAC	GC	-2.30657	0.07830	0.01998	2.30657	0.00780	0.01998
GAC	AAC	GA	-1.40446	0.42162	0.19267	1.40446	0.10351	0.19267
GAC	GTC	AT	-1.62900	0.07674	0.03050	1.62900	0.01505	0.03050
GAC	GCC	AC	-2.06979	0.07830	0.02341	2.06979	0.00988	0.02341
GAC	GAT	CT	-0.13497	0.41689	0.38939	0.13497	0.36425	0.38939
GAA	CAA	GC	-1.71551	0.04061	0.01528	1.71551	0.00731	0.01528
GAA	AAA	GA	-0.43097	0.21869	0.17494	0.43097	0.14212	0.17494
GAA	GTA	AT	-3.08881	0.03980	0.00587	3.08881	0.00181	0.00587
GAA	GCA	AC	-1.44126	0.04061	0.01814	1.44126	0.00961	0.01814
GAA	GAT	AT	0.51260	0.03980	0.05087	-0.51260	0.06645	0.05087
GAA	GAC	AC	0.64757	0.04061	0.05517	-0.64757	0.07761	0.05517
GAG	CAG	GC	-1.53675	0.07711	0.03247	1.53675	0.01658	0.03247
GAG	AAG	GA	-0.59506	0.41521	0.30385	0.59506	0.22900	0.30385
GAG	GTG	AT	-0.86205	0.07557	0.04762	0.86205	0.03191	0.04762
GAG	GCG	AC	-2.41511	0.07711	0.01827	2.41511	0.00689	0.01827
GAG	GAT	GT	-0.04342	0.07557	0.07394	0.04342	0.07236	0.07394
GAG	GAC	GC	0.09155	0.07711	0.08069	-0.09155	0.08450	0.08069
GAG	GAA	GA	-0.55602	0.41521	0.31042	0.55602	0.23812	0.31042
GGT	TGT	GT	-1.62636	0.00502	0.00200	1.62636	0.00099	0.00200
GGT	CGT	GC	-1.11589	0.00512	0.00279	1.11589	0.00168	0.00279
GGT	AGT	GA	1.17776	0.02758	0.04694	-1.17776	0.08956	0.04694
GGT	GTT	GT	1.30216	0.00502	0.00898	-1.30216	0.01846	0.00898
GGT	GCT	GC	1.35420	0.00512	0.00935	-1.35420	0.01984	0.00935
GGT	GAT	GA	2.65691	0.02758	0.07881	-2.65691	0.39311	0.07881
GGC	TGC	GT	-0.84094	0.01076	0.00686	0.84094	0.00464	0.00686
GGC	CGC	GC	0.02495	0.01098	0.01111	-0.02495	0.01125	0.01111
GGC	AGC	GA	-0.45388	0.05911	0.04670	0.45388	0.03754	0.04670
GGC	GTC	GT	0.42090	0.01076	0.01318	-0.42090	0.01639	0.01318
GGC	GCC	GC	-0.01990	0.01098	0.01087	0.01990	0.01076	0.01087
GGC	GAC	GA	2.04990	0.05911	0.13906	-2.04990	0.45908	0.13906
GGC	GGT	CT	-0.74198	0.05844	0.03942	0.74198	0.02783	0.03942
GGA	CGA	GC	-8.54136	0.00512	0.00001	8.54136	0.00000	0.00000
GGA	AGA	GA	-0.20256	0.02758	0.02488	0.20256	0.02252	0.02488
GGA	GTA	GT	-0.93322	0.00502	0.00304	0.93322	0.00197	0.00304
GGA	GCA	GC	0.71434	0.00512	0.00717	-0.71434	0.01046	0.00717
GGA	GAA	GA	2.15559	0.02758	0.06725	-2.15559	0.23812	0.06725
GGA	GGT	AT	0.01128	0.00502	0.00505	-0.01128	0.00508	0.00505
GGA	GGC	AC	0.75327	0.00512	0.00729	-0.75327	0.01088	0.00729
GGG	TGG	GT	0.15992	0.01094	0.01183	-0.15992	0.01283	0.01183
GGG	CGG	GC	-1.46968	0.01116	0.00490	1.46968	0.00257	0.00490
GGG	AGG	GA	-0.67585	0.06009	0.04205	0.67585	0.03057	0.04205
GGG	GTG	GT	1.15601	0.01094	0.01845	-1.15601	0.03475	0.01845
GGG	GCG	GC	-0.39704	0.01116	0.00909	0.39704	0.00750	0.00909
GGG	GAG	GA	2.01807	0.06009	0.13985	-2.01807	0.45210	0.13985
GGG	GGT	GT	-0.68227	0.01094	0.00763	0.68227	0.00553	0.00763
GGG	GGC	GC	0.05972	0.01116	0.01150	-0.05972	0.01185	0.01150
GGG	GGA	GA	-0.69355	0.06009	0.04164	0.69355	0.03003	0.04164


Histograms
2Ns	FMut	FSub(CodonUsage)	FSubw(after w)

-9.26771	0.00360	0.00000
-8.34094	0.00044	0.00000
-7.41417	0.00070	0.00000
-6.48740	0.00000	0.00000
-5.56063	0.00777	0.00024
-4.63386	0.00677	0.00041
-3.70708	0.00642	0.00075
-2.78031	0.05221	0.01284
-1.85354	0.21483	0.09717
-0.92677	0.25844	0.20836
0.00000	0.29213	0.36046
0.92677	0.11586	0.20836
1.85354	0.03699	0.09717
2.78031	0.00358	0.01284
3.70708	0.00016	0.00075
4.63386	0.00007	0.00041
5.56063	0.00004	0.00024
6.48740	0.00000	0.00000
7.41417	0.00000	0.00000
8.34094	0.00000	0.00000
9.26771	0.00000	0.00000

Proportion of advantageous (S > 0) mutations:
 0.28511

Proportions of good & bad mutations (|S| > 2.0000) among mutations:
0.01438  0.16265

mean |Ns| = 1.11656	mean Ns+ = 0.67939	mean Ns- = -1.29090


MLEs of dN/dS (w) for site classes (K=4)

site class             0        1       2a       2b
proportion       0.66113  0.22608  0.08405  0.02874
background w     0.00001  1.00000  0.00001  1.00000
foreground w     0.00001  1.00000  4.32991  4.32991

Naive Empirical Bayes (NEB) probabilities for 4 classes
(amino acids refer to 1st sequence: Bbon)

   1 M   0.83574 0.10875 0.04798 0.00754 ( 1)
   2 K   0.00002 0.91605 0.00000 0.08392 ( 2)
   3 R   0.00004 0.93478 0.00117 0.06401 ( 2)
   4 T   0.82633 0.11531 0.05004 0.00832 ( 1)
   5 H   0.00004 0.93935 0.00000 0.06060 ( 2)
   6 L   0.69444 0.20398 0.07799 0.02360 ( 1)
   7 F   0.73293 0.17804 0.07067 0.01835 ( 1)
   8 V   0.74622 0.16917 0.06793 0.01668 ( 1)
   9 M   0.00002 0.91021 0.00000 0.08977 ( 2)
  10 A   0.00001 0.31207 0.58320 0.10472 ( 3)
  11 V   0.80244 0.13140 0.05565 0.01052 ( 1)
  12 Y   0.75438 0.16376 0.06616 0.01569 ( 1)
  13 L   0.69444 0.20398 0.07799 0.02360 ( 1)
  14 L   0.69444 0.20398 0.07799 0.02360 ( 1)
  15 S   0.83367 0.11038 0.04826 0.00769 ( 1)
  16 S   0.83367 0.11038 0.04826 0.00769 ( 1)
  17 C   0.86169 0.09140 0.04139 0.00552 ( 1)
  18 R   0.86543 0.08890 0.04042 0.00525 ( 1)
  19 A   0.77321 0.15110 0.06214 0.01354 ( 1)
  20 E   0.00001 0.32256 0.54247 0.13497 ( 3)
  21 E   0.74309 0.17120 0.06863 0.01708 ( 1)
  22 G   0.82544 0.11598 0.05019 0.00839 ( 1)
  23 L   0.69970 0.20158 0.07599 0.02273 ( 1)
  24 N   0.00004 0.93325 0.00000 0.06671 ( 2)
  25 F   0.75215 0.16520 0.06669 0.01597 ( 1)
  26 P   0.76422 0.15711 0.06412 0.01455 ( 1)
  27 T   0.82633 0.11531 0.05004 0.00832 ( 1)
  28 Y   0.75687 0.16218 0.06556 0.01539 ( 1)
  29 D   0.72901 0.18063 0.07150 0.01886 ( 1)
  30 G   0.82842 0.11395 0.04950 0.00813 ( 1)
  31 K   0.00003 0.91605 0.00000 0.08392 ( 2)
  32 D   0.72996 0.18045 0.07089 0.01870 ( 1)
  33 R   0.77008 0.15384 0.06223 0.01385 ( 1)
  34 V   0.74859 0.16774 0.06729 0.01638 ( 1)
  35 V   0.80417 0.13100 0.05452 0.01031 ( 1)
  36 S   0.76385 0.15798 0.06362 0.01455 ( 1)
  37 L   0.74824 0.16868 0.06672 0.01635 ( 1)
  38 T   0.82805 0.11496 0.04887 0.00813 ( 1)
  39 E   0.74422 0.17098 0.06791 0.01690 ( 1)
  40 K   0.76859 0.15485 0.06255 0.01401 ( 1)
  41 N   0.82760 0.11519 0.04904 0.00817 ( 1)
  42 F   0.75338 0.16495 0.06589 0.01578 ( 1)
  43 K   0.76859 0.15485 0.06255 0.01401 ( 1)
  44 Q   0.74252 0.17256 0.06788 0.01705 ( 1)
  45 V   0.80252 0.13208 0.05493 0.01047 ( 1)
  46 L   0.00001 0.32072 0.53048 0.14880 ( 3)
  47 K   0.76859 0.15485 0.06255 0.01401 ( 1)
  48 K   0.76918 0.15443 0.06244 0.01395 ( 1)
  49 Y   0.00001 0.32287 0.54732 0.12981 ( 3)
  50 D   0.72996 0.18045 0.07089 0.01870 ( 1)
  51 L   0.71659 0.19001 0.07301 0.02039 ( 1)
  52 L   0.80946 0.12806 0.05271 0.00977 ( 1)
  53 C   0.86783 0.08783 0.03928 0.00506 ( 1)
  54 L   0.80972 0.12781 0.05273 0.00975 ( 1)
  55 Y   0.75448 0.16465 0.06526 0.01561 ( 1)
  56 Y   0.00001 0.32232 0.54686 0.13081 ( 3)
  57 H   0.80533 0.13080 0.05371 0.01016 ( 1)
  58 E   0.74318 0.17201 0.06781 0.01700 ( 1)
  59 P   0.76434 0.15806 0.06313 0.01447 ( 1)
  60 V   0.00002 0.91100 0.00000 0.08898 ( 2)
  61 S   0.82305 0.11892 0.04950 0.00853 ( 1)
  62 S   0.79509 0.14250 0.05158 0.01082 ( 1)
  63 D   0.72360 0.18503 0.07187 0.01950 ( 1)
  64 K   0.76789 0.15571 0.06234 0.01406 ( 1)
  65 A   0.00000 0.92706 0.00000 0.07294 ( 2)
  66 A   0.00000 0.41747 0.00002 0.58251 ( 4)
  67 Q   0.74150 0.17356 0.06779 0.01715 ( 1)
  68 K   0.76789 0.15571 0.06234 0.01406 ( 1)
  69 Q   0.00000 0.16793 0.66409 0.16798 ( 3)
  70 F   0.00001 0.33508 0.53561 0.12930 ( 3)
  71 Q   0.74038 0.17459 0.06778 0.01725 ( 1)
  72 M   0.00000 0.90487 0.00000 0.09513 ( 2)
  73 K   0.76789 0.15571 0.06234 0.01406 ( 1)
  74 E   0.74609 0.17057 0.06674 0.01660 ( 1)
  75 I   0.75287 0.16611 0.06525 0.01578 ( 1)
  76 V   0.75690 0.16559 0.06238 0.01513 ( 1)
  77 L   0.69391 0.20491 0.07756 0.02362 ( 1)
  78 E   0.74188 0.17330 0.06769 0.01713 ( 1)
  79 F   0.71624 0.18119 0.08143 0.02114 ( 1)
  80 D   0.00002 0.89436 0.00000 0.10562 ( 2)
  81 E   0.72740 0.17220 0.08068 0.01972 ( 1)
  82 E   0.72740 0.17220 0.08068 0.01972 ( 1)
  83 G   0.78769 0.12446 0.07517 0.01269 ( 1)
  84 S   0.73914 0.16279 0.07982 0.01826 ( 1)
  85 L   0.68650 0.20532 0.08305 0.02513 ( 1)
  86 Y   0.73461 0.16642 0.08015 0.01881 ( 1)
  87 V   0.00003 0.90419 0.00000 0.09578 ( 2)
  88 L   0.77652 0.13359 0.07600 0.01389 ( 1)
  89 K   0.74277 0.15989 0.07952 0.01782 ( 1)
  90 G   0.82984 0.09220 0.06946 0.00850 ( 1)
  91 D   0.70896 0.18707 0.08187 0.02209 ( 1)
  92 R   0.74394 0.15896 0.07943 0.01767 ( 1)
  93 T   0.73864 0.16319 0.07985 0.01832 ( 1)
  94 I   0.74443 0.15857 0.07939 0.01762 ( 1)
  95 E   0.72413 0.17483 0.08091 0.02013 ( 1)
  96 F   0.71624 0.18119 0.08143 0.02114 ( 1)
  97 D   0.70896 0.18707 0.08187 0.02209 ( 1)
  98 G   0.79163 0.12139 0.07471 0.01227 ( 1)
  99 E   0.72413 0.17483 0.08091 0.02013 ( 1)
 100 F   0.71624 0.18119 0.08143 0.02114 ( 1)
 101 A   0.75148 0.15446 0.07736 0.01670 ( 1)
 102 A   0.74739 0.15621 0.07915 0.01726 ( 1)
 103 D   0.70896 0.18707 0.08187 0.02209 ( 1)
 104 V   0.77067 0.13777 0.07700 0.01456 ( 1)
 105 L   0.70290 0.19200 0.08220 0.02289 ( 1)
 106 V   0.72649 0.17293 0.08075 0.01983 ( 1)
 107 E   0.72413 0.17483 0.08091 0.02013 ( 1)
 108 F   0.71646 0.18097 0.08145 0.02112 ( 1)
 109 L   0.77636 0.13330 0.07642 0.01392 ( 1)
 110 L   0.70290 0.19200 0.08220 0.02289 ( 1)
 111 D   0.71169 0.18516 0.08144 0.02171 ( 1)
 112 L   0.00003 0.92787 0.00000 0.07209 ( 2)
 113 I   0.00002 0.91667 0.00205 0.08125 ( 2)
 114 E   0.74414 0.17157 0.06743 0.01686 ( 1)
 115 D   0.72641 0.18322 0.07124 0.01913 ( 1)
 116 P   0.75204 0.16824 0.06397 0.01575 ( 1)
 117 V   0.74622 0.16917 0.06793 0.01668 ( 1)
 118 E   0.74309 0.17120 0.06863 0.01708 ( 1)
 119 I   0.75422 0.16378 0.06628 0.01572 ( 1)
 120 I   0.75422 0.16378 0.06628 0.01572 ( 1)
 121 N   0.00004 0.93246 0.00000 0.06750 ( 2)
 122 S   0.84160 0.10497 0.04638 0.00704 ( 1)
 123 K   0.76777 0.15473 0.06335 0.01415 ( 1)
 124 L   0.69444 0.20398 0.07799 0.02360 ( 1)
 125 E   0.74735 0.16838 0.06772 0.01655 ( 1)
 126 V   0.80243 0.13140 0.05565 0.01052 ( 1)
 127 Q   0.74031 0.17382 0.06855 0.01732 ( 1)
 128 A   0.80460 0.12996 0.05514 0.01031 ( 1)
 129 F   0.73293 0.17804 0.07067 0.01835 ( 1)
 130 E   0.74309 0.17120 0.06863 0.01708 ( 1)
 131 R   0.76867 0.15414 0.06314 0.01405 ( 1)
 132 I   0.76922 0.15371 0.06307 0.01399 ( 1)
 133 E   0.74309 0.17120 0.06863 0.01708 ( 1)
 134 D   0.72901 0.18063 0.07150 0.01886 ( 1)
 135 H   0.80516 0.12963 0.05496 0.01025 ( 1)
 136 I   0.75422 0.16378 0.06628 0.01572 ( 1)
 137 K   0.76777 0.15473 0.06335 0.01415 ( 1)
 138 L   0.80954 0.12662 0.05400 0.00984 ( 1)
 139 I   0.75507 0.16293 0.06636 0.01564 ( 1)
 140 G   0.82842 0.11395 0.04950 0.00813 ( 1)
 141 F   0.73293 0.17804 0.07067 0.01835 ( 1)
 142 F   0.75215 0.16520 0.06669 0.01597 ( 1)
 143 K   0.76719 0.15515 0.06345 0.01421 ( 1)
 144 S   0.76250 0.15826 0.06449 0.01475 ( 1)
 145 E   0.74311 0.17118 0.06863 0.01707 ( 1)
 146 D   0.72901 0.18063 0.07150 0.01886 ( 1)
 147 S   0.76754 0.15519 0.06313 0.01414 ( 1)
 148 -   0.73498 0.17925 0.06788 0.01788 ( 1)
 149 -   0.00002 0.90963 0.00000 0.09035 ( 2)
 150 Y   0.75222 0.16690 0.06506 0.01582 ( 1)
 151 K   0.76479 0.15862 0.06224 0.01435 ( 1)
 152 A   0.77051 0.15480 0.06098 0.01371 ( 1)
 153 F   0.73120 0.18057 0.06977 0.01846 ( 1)
 154 E   0.74532 0.17133 0.06667 0.01667 ( 1)
 155 E   0.74114 0.17403 0.06763 0.01720 ( 1)
 156 A   0.77070 0.15472 0.06089 0.01369 ( 1)
 157 A   0.77051 0.15480 0.06098 0.01371 ( 1)
 158 E   0.74532 0.17133 0.06667 0.01667 ( 1)
 159 H   0.80217 0.13392 0.05350 0.01040 ( 1)
 160 F   0.75002 0.16828 0.06560 0.01609 ( 1)
 161 Q   0.73951 0.17554 0.06760 0.01734 ( 1)
 162 P   0.83256 0.11315 0.04661 0.00767 ( 1)
 163 Y   0.75222 0.16690 0.06506 0.01582 ( 1)
 164 I   0.75205 0.16692 0.06518 0.01585 ( 1)
 165 K   0.76536 0.15822 0.06213 0.01429 ( 1)
 166 F   0.73120 0.18057 0.06977 0.01846 ( 1)
 167 F   0.73120 0.18057 0.06977 0.01846 ( 1)
 168 A   0.77051 0.15480 0.06098 0.01371 ( 1)
 169 T   0.81866 0.12288 0.04959 0.00887 ( 1)
 170 F   0.75002 0.16828 0.06560 0.01609 ( 1)
 171 D   0.72736 0.18304 0.07063 0.01897 ( 1)
 172 K   0.76536 0.15822 0.06213 0.01429 ( 1)
 173 G   0.82222 0.12059 0.04865 0.00854 ( 1)
 174 V   0.78390 0.14959 0.05451 0.01200 ( 1)
 175 A   0.75895 0.16557 0.06070 0.01478 ( 1)
 176 K   0.75356 0.16898 0.06203 0.01543 ( 1)
 177 K   0.75408 0.16863 0.06193 0.01537 ( 1)
 178 L   0.70870 0.19742 0.07261 0.02127 ( 1)
 179 S   0.81433 0.12992 0.04675 0.00899 ( 1)
 180 L   0.70870 0.19742 0.07261 0.02127 ( 1)
 181 K   0.75356 0.16898 0.06203 0.01543 ( 1)
 182 M   0.81625 0.12844 0.04647 0.00884 ( 1)
 183 N   0.83825 0.11407 0.04073 0.00695 ( 1)
 184 E   0.73216 0.18232 0.06739 0.01814 ( 1)
 185 V   0.78392 0.14957 0.05451 0.01200 ( 1)
 186 D   0.71979 0.19002 0.07039 0.01980 ( 1)
 187 F   0.74017 0.17737 0.06537 0.01709 ( 1)
 188 Y   0.74433 0.17492 0.06421 0.01654 ( 1)
 189 E   0.73216 0.18232 0.06739 0.01814 ( 1)
 190 P   0.73327 0.18162 0.06712 0.01799 ( 1)
 191 F   0.72323 0.18792 0.06953 0.01932 ( 1)
 192 M   0.81625 0.12844 0.04647 0.00884 ( 1)
 193 D   0.71965 0.19016 0.07038 0.01981 ( 1)
 194 E   0.73216 0.18232 0.06739 0.01814 ( 1)
 195 P   0.75091 0.17062 0.06272 0.01575 ( 1)
 196 I   0.75537 0.16777 0.06164 0.01522 ( 1)
 197 A   0.78738 0.14739 0.05360 0.01163 ( 1)
 198 I   0.74200 0.17619 0.06495 0.01686 ( 1)
 199 P   0.77933 0.15189 0.05625 0.01254 ( 1)
 200 D   0.71883 0.19021 0.07100 0.01997 ( 1)
 201 K   0.00002 0.91550 0.00000 0.08448 ( 2)
 202 P   0.74952 0.17092 0.06359 0.01597 ( 1)
 203 Y   0.74089 0.17644 0.06563 0.01704 ( 1)
 204 T   0.74745 0.17224 0.06408 0.01622 ( 1)
 205 E   0.73474 0.18024 0.06718 0.01784 ( 1)
 206 E   0.00002 0.90874 0.00000 0.09124 ( 2)
 207 E   0.73058 0.18299 0.06806 0.01837 ( 1)
 208 L   0.79175 0.14413 0.05291 0.01121 ( 1)
 209 V   0.73329 0.18134 0.06736 0.01801 ( 1)
 210 E   0.00002 0.90874 0.00000 0.09124 ( 2)
 211 F   0.72198 0.18835 0.07014 0.01952 ( 1)
 212 V   0.73149 0.18313 0.06719 0.01819 ( 1)
 213 K   0.74938 0.17203 0.06269 0.01590 ( 1)
 214 E   0.72883 0.18472 0.06790 0.01855 ( 1)
 215 H   0.82284 0.12486 0.04410 0.00820 ( 1)
 216 Q   0.72665 0.18678 0.06784 0.01873 ( 1)
 217 -   0.73461 0.15832 0.08787 0.01920 ( 1)
 218 -   0.70014 0.19085 0.08550 0.02352 ( 1)
 219 -   0.72497 0.16861 0.08607 0.02034 ( 1)
 220 -   0.70356 0.19016 0.08337 0.02291 ( 1)
 221 -   0.00002 0.61015 0.28132 0.10852 ( 2)
 222 -   0.71398 0.18158 0.08290 0.02155 ( 1)
 223 -   0.68727 0.20398 0.08366 0.02508 ( 1)
 224 -   0.71398 0.18158 0.08290 0.02155 ( 1)
 225 -   0.70153 0.19199 0.08330 0.02318 ( 1)
 226 -   0.70303 0.19074 0.08326 0.02298 ( 1)
 227 -   0.69109 0.20076 0.08358 0.02458 ( 1)
 228 -   0.75168 0.15037 0.08108 0.01687 ( 1)
 229 -   0.69577 0.19682 0.08346 0.02395 ( 1)
 230 -   0.70264 0.19101 0.08332 0.02303 ( 1)
 231 -   0.71045 0.18453 0.08302 0.02200 ( 1)
 232 -   0.68777 0.20356 0.08365 0.02502 ( 1)
 233 E   0.74853 0.16815 0.06696 0.01636 ( 1)
 234 D   0.72442 0.18422 0.07195 0.01942 ( 1)
 235 D   0.72442 0.18422 0.07195 0.01942 ( 1)
 236 L   0.71698 0.18962 0.07305 0.02034 ( 1)
 237 N   0.82732 0.11548 0.04902 0.00819 ( 1)
 238 G   0.82734 0.11552 0.04895 0.00818 ( 1)
 239 I   0.75547 0.16352 0.06547 0.01553 ( 1)
 240 H   0.85156 0.09906 0.04314 0.00623 ( 1)
 241 I   0.77064 0.15341 0.06215 0.01379 ( 1)
 242 V   0.74738 0.16894 0.06719 0.01650 ( 1)
 243 A   0.80635 0.12955 0.05400 0.01010 ( 1)
 244 F   0.73601 0.17691 0.06920 0.01788 ( 1)
 245 A   0.81091 0.12584 0.05355 0.00970 ( 1)
 246 E   0.74422 0.17098 0.06791 0.01690 ( 1)
 247 R   0.86663 0.08924 0.03901 0.00512 ( 1)
 248 S   0.76385 0.15798 0.06362 0.01455 ( 1)
 249 D   0.72442 0.18422 0.07195 0.01942 ( 1)
 250 P   0.74549 0.17012 0.06764 0.01674 ( 1)
 251 D   0.72354 0.18438 0.07252 0.01957 ( 1)
 252 G   0.82842 0.11395 0.04950 0.00813 ( 1)
 253 Y   0.75586 0.16307 0.06558 0.01549 ( 1)
 254 E   0.74309 0.17120 0.06863 0.01708 ( 1)
 255 F   0.75215 0.16520 0.06669 0.01597 ( 1)
 256 L   0.69444 0.20398 0.07799 0.02360 ( 1)
 257 E   0.74309 0.17120 0.06863 0.01708 ( 1)
 258 I   0.75422 0.16378 0.06628 0.01572 ( 1)
 259 L   0.69444 0.20398 0.07799 0.02360 ( 1)
 260 K   0.76719 0.15515 0.06345 0.01421 ( 1)
 261 Q   0.74134 0.17286 0.06857 0.01723 ( 1)
 262 V   0.80079 0.13248 0.05604 0.01068 ( 1)
 263 A   0.77301 0.15118 0.06224 0.01357 ( 1)
 264 R   0.87123 0.08457 0.03933 0.00487 ( 1)
 265 D   0.72901 0.18063 0.07150 0.01886 ( 1)
 266 N   0.82541 0.11594 0.05026 0.00840 ( 1)
 267 T   0.84682 0.10017 0.04633 0.00668 ( 1)
 268 D   0.72901 0.18063 0.07150 0.01886 ( 1)
 269 N   0.82541 0.11594 0.05026 0.00840 ( 1)
 270 P   0.79769 0.13464 0.05669 0.01098 ( 1)
 271 D   0.72901 0.18063 0.07150 0.01886 ( 1)
 272 L   0.70324 0.19849 0.07599 0.02229 ( 1)
 273 S   0.84160 0.10497 0.04638 0.00704 ( 1)
 274 I   0.75453 0.16347 0.06631 0.01569 ( 1)
 275 V   0.00004 0.93961 0.00000 0.06034 ( 2)
 276 W   0.71701 0.18900 0.07359 0.02041 ( 1)
 277 I   0.75422 0.16378 0.06628 0.01572 ( 1)
 278 D   0.72901 0.18063 0.07150 0.01886 ( 1)
 279 P   0.74435 0.17035 0.06838 0.01692 ( 1)
 280 D   0.72388 0.18403 0.07255 0.01953 ( 1)
 281 D   0.72901 0.18063 0.07150 0.01886 ( 1)
 282 F   0.73293 0.17804 0.07067 0.01835 ( 1)
 283 P   0.79769 0.13464 0.05669 0.01098 ( 1)
 284 L   0.69444 0.20398 0.07799 0.02360 ( 1)
 285 L   0.81402 0.12444 0.05216 0.00937 ( 1)
 286 V   0.80252 0.13208 0.05493 0.01047 ( 1)
 287 A   0.80465 0.13124 0.05389 0.01023 ( 1)
 288 Y   0.75809 0.16198 0.06473 0.01520 ( 1)
 289 W   0.71780 0.18885 0.07308 0.02027 ( 1)
 290 E   0.74853 0.16815 0.06696 0.01636 ( 1)
 291 K   0.76859 0.15485 0.06255 0.01401 ( 1)
 292 T   0.82373 0.11787 0.04990 0.00850 ( 1)
 293 F   0.75338 0.16495 0.06589 0.01578 ( 1)
 294 K   0.76859 0.15485 0.06255 0.01401 ( 1)
 295 I   0.77064 0.15341 0.06215 0.01379 ( 1)
 296 D   0.72996 0.18045 0.07089 0.01870 ( 1)
 297 L   0.74824 0.16868 0.06672 0.01635 ( 1)
 298 F   0.75338 0.16495 0.06589 0.01578 ( 1)
 299 K   0.76859 0.15485 0.06255 0.01401 ( 1)
 300 P   0.74577 0.16985 0.06767 0.01671 ( 1)
 301 Q   0.74252 0.17256 0.06788 0.01705 ( 1)
 302 I   0.77064 0.15341 0.06215 0.01379 ( 1)
 303 G   0.82554 0.11675 0.04937 0.00834 ( 1)
 304 V   0.74738 0.16894 0.06719 0.01650 ( 1)
 305 V   0.74738 0.16894 0.06719 0.01650 ( 1)
 306 N   0.86091 0.09275 0.04080 0.00554 ( 1)
 307 V   0.80252 0.13208 0.05493 0.01047 ( 1)
 308 T   0.76321 0.15841 0.06375 0.01463 ( 1)
 309 D   0.72442 0.18422 0.07195 0.01942 ( 1)
 310 A   0.77448 0.15086 0.06130 0.01337 ( 1)
 311 D   0.72996 0.18045 0.07089 0.01870 ( 1)
 312 S   0.76385 0.15798 0.06362 0.01455 ( 1)
 313 V   0.80417 0.13100 0.05452 0.01031 ( 1)
 314 W   0.71780 0.18885 0.07308 0.02027 ( 1)
 315 M   0.83772 0.10826 0.04669 0.00734 ( 1)
 316 E   0.74423 0.17097 0.06791 0.01689 ( 1)
 317 I   0.77064 0.15341 0.06215 0.01379 ( 1)
 318 P   0.74878 0.16786 0.06702 0.01634 ( 1)
 319 D   0.00001 0.31803 0.53705 0.14492 ( 3)
 320 G   0.87483 0.08303 0.03754 0.00460 ( 1)
 321 D   0.72442 0.18422 0.07195 0.01942 ( 1)
 322 D   0.00001 0.38551 0.44164 0.17284 ( 3)
 323 L   0.69492 0.20390 0.07768 0.02350 ( 1)
 324 P   0.76559 0.15682 0.06324 0.01435 ( 1)
 325 T   0.76321 0.15841 0.06375 0.01463 ( 1)
 326 A   0.77448 0.15086 0.06130 0.01337 ( 1)
 327 E   0.74422 0.17098 0.06791 0.01690 ( 1)
 328 E   0.74422 0.17098 0.06791 0.01690 ( 1)
 329 L   0.69492 0.20390 0.07768 0.02350 ( 1)
 330 E   0.74853 0.16815 0.06696 0.01636 ( 1)
 331 D   0.72996 0.18045 0.07089 0.01870 ( 1)
 332 W   0.71780 0.18885 0.07308 0.02027 ( 1)
 333 I   0.00001 0.32714 0.55067 0.12218 ( 3)
 334 E   0.74422 0.17098 0.06791 0.01690 ( 1)
 335 D   0.72494 0.18402 0.07171 0.01933 ( 1)
 336 V   0.74738 0.16894 0.06719 0.01650 ( 1)
 337 L   0.81402 0.12444 0.05216 0.00937 ( 1)
 338 S   0.82418 0.11781 0.04956 0.00845 ( 1)
 339 G   0.82734 0.11552 0.04895 0.00818 ( 1)
 340 K   0.76859 0.15485 0.06255 0.01401 ( 1)
 341 I   0.88274 0.07784 0.03533 0.00409 ( 1)
 342 N   0.00001 0.32374 0.57943 0.09682 ( 3)
 343 T   0.82373 0.11787 0.04990 0.00850 ( 1)
 344 E   0.74460 0.17060 0.06794 0.01686 ( 1)
 345 D   0.72561 0.18331 0.07181 0.01927 ( 1)
 346 D   0.72388 0.18430 0.07231 0.01951 ( 1)
 347 D   0.72935 0.18057 0.07127 0.01880 ( 1)
 348 N   0.00000 0.93775 0.00000 0.06225 ( 2)
 349 E   0.74759 0.16848 0.06742 0.01650 ( 1)
 350 D   0.72385 0.18433 0.07231 0.01951 ( 1)
 351 E   0.74778 0.16830 0.06744 0.01648 ( 1)
 352 E   0.00000 0.72014 0.00001 0.27985 ( 2)
 353 D   0.72385 0.18433 0.07231 0.01951 ( 1)
 354 E   0.74778 0.16830 0.06744 0.01648 ( 1)
 355 E   0.74349 0.17113 0.06837 0.01701 ( 1)
 356 D   0.72411 0.18376 0.07256 0.01957 ( 1)
 357 D   0.72996 0.18045 0.07089 0.01870 ( 1)
 358 D   0.00001 0.34591 0.51743 0.13665 ( 3)
 359 D   0.72990 0.18051 0.07088 0.01871 ( 1)
 360 N   0.00001 0.29790 0.58827 0.11382 ( 3)
 361 -   0.00002 0.90114 0.00000 0.09885 ( 2)
 362 D   0.00001 0.33201 0.52447 0.14351 ( 3)
 363 D   0.72436 0.18316 0.07290 0.01958 ( 1)
 364 D   0.72996 0.18045 0.07089 0.01870 ( 1)
 365 N   0.00000 0.89135 0.00000 0.10865 ( 2)
 366 D   0.71326 0.18360 0.08162 0.02153 ( 1)
 367 N   0.81715 0.10178 0.07137 0.00970 ( 1)
 368 S   0.78709 0.12492 0.07523 0.01276 ( 1)
 369 D   0.71308 0.18377 0.08159 0.02155 ( 1)
 370 E   0.72339 0.17294 0.08330 0.02038 ( 1)
 371 E   0.00000 0.67555 0.00001 0.32444 ( 2)
 372 D   0.00001 0.74323 0.09992 0.15685 ( 2)
 373 D   0.00000 0.91058 0.00000 0.08942 ( 2)
 374 D   0.00001 0.35547 0.50756 0.13696 ( 3)
 375 D   0.72996 0.18045 0.07089 0.01870 ( 1)
 376 S   0.00000 0.10528 0.73109 0.16363 ( 3)
 377 D   0.00002 0.90312 0.00000 0.09686 ( 2)
 378 D   0.00001 0.34503 0.51823 0.13674 ( 3)
 379 D   0.00002 0.90312 0.00000 0.09686 ( 2)
 380 E   0.00000 0.90463 0.00000 0.09537 ( 2)
 381 D   0.72935 0.18057 0.07127 0.01880 ( 1)


lnL = -2368.896393

Bayes Empirical Bayes (BEB) probabilities for 4 classes (class)
(amino acids refer to 1st sequence: Bbon)

   1 M   0.82967 0.08945 0.07180 0.00908 ( 1)
   2 K   0.24656 0.64769 0.02708 0.07867 ( 2)
   3 R   0.33481 0.57736 0.02913 0.05870 ( 2)
   4 T   0.82195 0.09459 0.07365 0.00981 ( 1)
   5 H   0.34671 0.56939 0.02788 0.05602 ( 2)
   6 L   0.71298 0.16404 0.09984 0.02314 ( 1)
   7 F   0.74498 0.14369 0.09268 0.01865 ( 1)
   8 V   0.75599 0.13673 0.09005 0.01722 ( 1)
   9 M   0.23465 0.65412 0.02769 0.08354 ( 2)
  10 A   0.12868 0.26668 0.52972 0.07492 ( 3)
  11 V   0.80229 0.10718 0.07871 0.01181 ( 1)
  12 Y   0.76278 0.13250 0.08836 0.01636 ( 1)
  13 L   0.71298 0.16404 0.09984 0.02314 ( 1)
  14 L   0.71298 0.16404 0.09984 0.02314 ( 1)
  15 S   0.82799 0.09072 0.07206 0.00923 ( 1)
  16 S   0.82799 0.09072 0.07206 0.00923 ( 1)
  17 C   0.85117 0.07581 0.06587 0.00715 ( 1)
  18 R   0.85429 0.07384 0.06499 0.00689 ( 1)
  19 A   0.77827 0.12259 0.08464 0.01449 ( 1)
  20 E   0.09366 0.27595 0.52912 0.10128 ( 3)
  21 E   0.75337 0.13833 0.09074 0.01756 ( 1)
  22 G   0.82123 0.09511 0.07378 0.00988 ( 1)
  23 L   0.71758 0.16215 0.09784 0.02244 ( 1)
  24 N   0.31513 0.59523 0.02764 0.06200 ( 2)
  25 F   0.76090 0.13363 0.08888 0.01660 ( 1)
  26 P   0.77087 0.12730 0.08647 0.01537 ( 1)
  27 T   0.82195 0.09459 0.07365 0.00981 ( 1)
  28 Y   0.76485 0.13127 0.08779 0.01610 ( 1)
  29 D   0.74172 0.14571 0.09348 0.01909 ( 1)
  30 G   0.82368 0.09352 0.07316 0.00964 ( 1)
  31 K   0.25556 0.63878 0.02808 0.07759 ( 2)
  32 D   0.74258 0.14557 0.09288 0.01897 ( 1)
  33 R   0.77580 0.12474 0.08468 0.01478 ( 1)
  34 V   0.75798 0.13561 0.08944 0.01696 ( 1)
  35 V   0.80382 0.10686 0.07766 0.01166 ( 1)
  36 S   0.77066 0.12798 0.08597 0.01539 ( 1)
  37 L   0.75783 0.13634 0.08887 0.01696 ( 1)
  38 T   0.82347 0.09430 0.07256 0.00967 ( 1)
  39 E   0.75439 0.13815 0.09004 0.01742 ( 1)
  40 K   0.77456 0.12552 0.08499 0.01493 ( 1)
  41 N   0.82309 0.09449 0.07271 0.00971 ( 1)
  42 F   0.76200 0.13343 0.08812 0.01646 ( 1)
  43 K   0.77456 0.12552 0.08499 0.01493 ( 1)
  44 Q   0.75314 0.13938 0.08993 0.01755 ( 1)
  45 V   0.80245 0.10771 0.07803 0.01180 ( 1)
  46 L   0.08114 0.27420 0.53103 0.11362 ( 3)
  47 K   0.77456 0.12552 0.08499 0.01493 ( 1)
  48 K   0.77504 0.12519 0.08490 0.01487 ( 1)
  49 Y   0.09899 0.27619 0.52813 0.09669 ( 3)
  50 D   0.74258 0.14557 0.09288 0.01897 ( 1)
  51 L   0.73167 0.15307 0.09484 0.02041 ( 1)
  52 L   0.80824 0.10456 0.07600 0.01120 ( 1)
  53 C   0.85636 0.07299 0.06392 0.00673 ( 1)
  54 L   0.80844 0.10436 0.07602 0.01118 ( 1)
  55 Y   0.76300 0.13319 0.08749 0.01633 ( 1)
  56 Y   0.09778 0.27590 0.52875 0.09757 ( 3)
  57 H   0.80486 0.10670 0.07689 0.01155 ( 1)
  58 E   0.75358 0.13895 0.08995 0.01752 ( 1)
  59 P   0.77111 0.12803 0.08552 0.01534 ( 1)
  60 V   0.22705 0.66240 0.02653 0.08402 ( 2)
  61 S   0.81943 0.09740 0.07309 0.01007 ( 1)
  62 S   0.79709 0.11581 0.07473 0.01237 ( 1)
  63 D   0.73737 0.14916 0.09381 0.01966 ( 1)
  64 K   0.77403 0.12619 0.08479 0.01499 ( 1)
  65 A   0.03702 0.86461 0.00341 0.09496 ( 2)
  66 A   0.00158 0.37207 0.18944 0.43690 ( 4)
  67 Q   0.75235 0.14017 0.08983 0.01765 ( 1)
  68 K   0.77403 0.12619 0.08479 0.01499 ( 1)
  69 Q   0.02941 0.15961 0.67787 0.13311 ( 3)
  70 F   0.10230 0.28667 0.51522 0.09581 ( 3)
  71 Q   0.75150 0.14097 0.08979 0.01774 ( 1)
  72 M   0.02594 0.85665 0.00316 0.11425 ( 2)
  73 K   0.77403 0.12619 0.08479 0.01499 ( 1)
  74 E   0.75607 0.13782 0.08892 0.01720 ( 1)
  75 I   0.76169 0.13432 0.08749 0.01649 ( 1)
  76 V   0.76534 0.13390 0.08474 0.01602 ( 1)
  77 L   0.71263 0.16477 0.09942 0.02318 ( 1)
  78 E   0.75256 0.13996 0.08983 0.01765 ( 1)
  79 F   0.72990 0.14623 0.10314 0.02073 ( 1)
  80 D   0.20377 0.66975 0.02897 0.09750 ( 2)
  81 E   0.73897 0.13921 0.10237 0.01945 ( 1)
  82 E   0.73897 0.13921 0.10237 0.01945 ( 1)
  83 G   0.78797 0.10188 0.09707 0.01308 ( 1)
  84 S   0.74851 0.13185 0.10150 0.01814 ( 1)
  85 L   0.70567 0.16513 0.10490 0.02430 ( 1)
  86 Y   0.74485 0.13468 0.10183 0.01864 ( 1)
  87 V   0.26145 0.62189 0.03323 0.08343 ( 2)
  88 L   0.77895 0.10903 0.09783 0.01420 ( 1)
  89 K   0.75147 0.12958 0.10121 0.01774 ( 1)
  90 G   0.82234 0.07655 0.09194 0.00918 ( 1)
  91 D   0.72398 0.15083 0.10361 0.02158 ( 1)
  92 R   0.75242 0.12886 0.10112 0.01761 ( 1)
  93 T   0.74811 0.13216 0.10153 0.01820 ( 1)
  94 I   0.75281 0.12855 0.10108 0.01756 ( 1)
  95 E   0.73631 0.14126 0.10260 0.01983 ( 1)
  96 F   0.72990 0.14623 0.10314 0.02073 ( 1)
  97 D   0.72398 0.15083 0.10361 0.02158 ( 1)
  98 G   0.79117 0.09948 0.09665 0.01270 ( 1)
  99 E   0.73631 0.14126 0.10260 0.01983 ( 1)
 100 F   0.72990 0.14623 0.10314 0.02073 ( 1)
 101 A   0.75878 0.12533 0.09910 0.01679 ( 1)
 102 A   0.75522 0.12671 0.10084 0.01724 ( 1)
 103 D   0.72398 0.15083 0.10361 0.02158 ( 1)
 104 V   0.77413 0.11230 0.09878 0.01479 ( 1)
 105 L   0.71906 0.15469 0.10396 0.02230 ( 1)
 106 V   0.73824 0.13977 0.10243 0.01956 ( 1)
 107 E   0.73631 0.14126 0.10260 0.01983 ( 1)
 108 F   0.73007 0.14606 0.10316 0.02071 ( 1)
 109 L   0.77876 0.10880 0.09823 0.01421 ( 1)
 110 L   0.71906 0.15469 0.10396 0.02230 ( 1)
 111 D   0.72624 0.14934 0.10316 0.02126 ( 1)
