Supplemental results for CODEML (seqf: /home/leticiamagpali/phd/evol_models/codeml/small_dataset/cml_align/HTT_codon_aligned.phy  treef: /home/leticiamagpali/phd/evol_models/codeml/small_dataset/cml_trees/gene_trees/H3_gene_trees/HTT_codon_H3.tre)

I	J	ij	2Ns_IJ	pMut_IJ	pSub_IJ	2Ns_JI	pMut_JI	pSub_JI

TTC	TTT	CT	0.41582	0.04777	0.05839	-0.41582	0.07240	0.05839
TTA	TTT	AT	0.87933	0.00394	0.00592	-0.87933	0.00948	0.00592
TTA	TTC	AC	0.46352	0.00782	0.00977	-0.46352	0.01243	0.00977
TTG	TTT	GT	0.48881	0.00853	0.01079	-0.48881	0.01391	0.01079
TTG	TTC	GC	0.07299	0.01696	0.01758	-0.07299	0.01824	0.01758
TTG	TTA	GA	-0.39052	0.07149	0.05844	0.39052	0.04838	0.05844
TCT	TTT	CT	0.44726	0.04629	0.05741	-0.44726	0.07240	0.05741
TCC	TTC	CT	0.59791	0.05221	0.06936	-0.59791	0.09493	0.06936
TCC	TCT	CT	0.56647	0.05221	0.06838	-0.56647	0.09199	0.06838
TCA	TTA	CT	0.27955	0.03355	0.03846	-0.27955	0.04437	0.03846
TCA	TCT	AT	0.71162	0.00591	0.00826	-0.71162	0.01205	0.00826
TCA	TCC	AC	0.14515	0.01175	0.01262	-0.14515	0.01359	0.01262
TCG	TTG	CT	1.71868	0.01725	0.03613	-1.71868	0.09621	0.03613
TCG	TCT	GT	1.76023	0.00304	0.00646	-1.76023	0.01767	0.00646
TCG	TCC	GC	1.19376	0.00604	0.01035	-1.19376	0.01993	0.01035
TCG	TCA	GA	1.04861	0.02547	0.04112	-1.04861	0.07269	0.04112
TAT	TTT	AT	1.28141	0.00263	0.00467	-1.28141	0.00948	0.00467
TAT	TCT	AC	0.83415	0.00523	0.00771	-0.83415	0.01205	0.00771
TAC	TTC	AT	0.54394	0.00722	0.00936	-0.54394	0.01243	0.00936
TAC	TCC	AC	-0.05398	0.01434	0.01396	0.05398	0.01359	0.01396
TAC	TAT	CT	-0.32166	0.04095	0.03471	0.32166	0.02968	0.03471
TGT	TTT	GT	1.06600	0.00479	0.00779	-1.06600	0.01391	0.00779
TGT	TCT	GC	0.61874	0.00952	0.01277	-0.61874	0.01767	0.01277
TGT	TAT	GA	-0.21541	0.04014	0.03597	0.21541	0.03236	0.03597
TGC	TTC	GT	1.09524	0.00610	0.01004	-1.09524	0.01824	0.01004
TGC	TCC	GC	0.49732	0.01212	0.01539	-0.49732	0.01993	0.01539
TGC	TAC	GA	0.55130	0.05111	0.06649	-0.55130	0.08871	0.06649
TGC	TGT	CT	0.44505	0.03461	0.04289	-0.44505	0.05402	0.04289
TGG	TTG	GT	1.34196	0.00483	0.00878	-1.34196	0.01849	0.00878
TGG	TCG	GC	-0.37672	0.00960	0.00790	0.37672	0.00659	0.00790
TGG	TGT	GT	0.76477	0.00483	0.00691	-0.76477	0.01038	0.00691
TGG	TGC	GC	0.31972	0.00960	0.01122	-0.31972	0.01322	0.01122
CTT	TTT	CT	0.43343	0.04694	0.05784	-0.43343	0.07240	0.05784
CTC	TTC	CT	0.27439	0.07215	0.08250	-0.27439	0.09493	0.08250
CTC	CTT	CT	0.25678	0.07215	0.08181	-0.25678	0.09327	0.08181
CTA	TTA	CT	1.02250	0.01596	0.02549	-1.02250	0.04437	0.02549
CTA	CTT	AT	1.46841	0.00281	0.00537	-1.46841	0.01221	0.00537
CTA	CTC	AC	1.21163	0.00559	0.00964	-1.21163	0.01878	0.00964
CTG	TTG	CT	-0.45856	0.15218	0.11995	0.45856	0.09621	0.11995
CTG	CTT	GT	-0.40319	0.02682	0.02178	0.40319	0.01792	0.02178
CTG	CTC	GC	-0.65996	0.05330	0.03763	0.65996	0.02755	0.03763
CTG	CTA	GA	-1.87159	0.22472	0.07649	1.87159	0.03458	0.07649
CCT	TCT	CT	0.87742	0.03825	0.05746	-0.87742	0.09199	0.05746
CCT	CTT	CT	0.89125	0.03825	0.05780	-0.89125	0.09327	0.05780
CCC	TCC	CT	0.78267	0.04743	0.06839	-0.78267	0.10374	0.06839
CCC	CTC	CT	1.10620	0.04743	0.07840	-1.10620	0.14337	0.07840
CCC	CCT	CT	0.47173	0.04743	0.05949	-0.47173	0.07602	0.05949
CCA	TCA	CT	0.98614	0.02487	0.03912	-0.98614	0.06668	0.03912
CCA	CTA	CT	0.24318	0.02487	0.02802	-0.24318	0.03172	0.02802
CCA	CCT	AT	0.82034	0.00438	0.00642	-0.82034	0.00996	0.00642
CCA	CCC	AC	0.34861	0.00871	0.01032	-0.34861	0.01234	0.01032
CCG	TCG	CT	0.13624	0.02991	0.03200	-0.13624	0.03428	0.03200
CCG	CTG	CT	2.31349	0.02991	0.07680	-2.31349	0.30241	0.07680
CCG	CCT	GT	1.01905	0.00527	0.00841	-1.01905	0.01461	0.00841
CCG	CCC	GC	0.54733	0.01048	0.01360	-0.54733	0.01811	0.01360
CCG	CCA	GA	0.19871	0.04417	0.04871	-0.19871	0.05388	0.04871
CAT	TAT	CT	0.53619	0.01736	0.02243	-0.53619	0.02968	0.02243
CAT	CTT	AT	1.38417	0.00306	0.00565	-1.38417	0.01221	0.00565
CAT	CCT	AC	0.49292	0.00608	0.00770	-0.49292	0.00996	0.00770
CAC	TAC	CT	0.31005	0.05967	0.06940	-0.31005	0.08137	0.06940
CAC	CTC	AT	0.57960	0.01052	0.01386	-0.57960	0.01878	0.01386
CAC	CCC	AC	-0.52660	0.02090	0.01588	0.52660	0.01234	0.01588
CAC	CAT	CT	-0.54780	0.05967	0.04481	0.54780	0.03451	0.04481
CAA	CTA	AT	0.25447	0.00322	0.00365	-0.25447	0.00415	0.00365
CAA	CCA	AC	0.01129	0.00640	0.00644	-0.01129	0.00647	0.00644
CAA	CAT	AT	0.33871	0.00322	0.00380	-0.33871	0.00452	0.00380
CAA	CAC	AC	0.88651	0.00640	0.00965	-0.88651	0.01553	0.00965
CAG	CTG	AT	0.70491	0.01957	0.02727	-0.70491	0.03960	0.02727
CAG	CCG	AC	-1.60857	0.03889	0.01566	1.60857	0.00778	0.01566
CAG	CAT	GT	-1.08244	0.01957	0.01085	1.08244	0.00663	0.01085
CAG	CAC	GC	-0.53465	0.03889	0.02942	0.53465	0.02278	0.02942
CAG	CAA	GA	-1.42115	0.16398	0.07417	1.42115	0.03959	0.07417
CGT	TGT	CT	1.53820	0.01160	0.02273	-1.53820	0.05402	0.02273
CGT	CTT	GT	2.17077	0.00204	0.00501	-2.17077	0.01792	0.00501
CGT	CCT	GC	1.27952	0.00406	0.00720	-1.27952	0.01461	0.00720
CGT	CAT	GA	0.78660	0.01713	0.02474	-0.78660	0.03762	0.02474
CGC	TGC	CT	1.08835	0.02316	0.03801	-1.08835	0.06878	0.03801
CGC	CTC	GT	1.90920	0.00408	0.00915	-1.90920	0.02755	0.00915
CGC	CCC	GC	0.80300	0.00811	0.01180	-0.80300	0.01811	0.01180
CGC	CAC	GA	1.32960	0.03421	0.06184	-1.32960	0.12928	0.06184
CGC	CGT	CT	-0.00480	0.02316	0.02311	0.00480	0.02305	0.02311
CGA	CTA	GT	1.85991	0.00095	0.00209	-1.85991	0.00609	0.00209
CGA	CCA	GC	1.61673	0.00189	0.00380	-1.61673	0.00950	0.00380
CGA	CAA	GA	1.60544	0.00795	0.01597	-1.60544	0.03959	0.01597
CGA	CGT	AT	1.15754	0.00095	0.00160	-1.15754	0.00302	0.00160
CGA	CGC	AC	1.16235	0.00189	0.00319	-1.16235	0.00603	0.00319
CGG	TGG	CT	0.61597	0.02942	0.03941	-0.61597	0.05447	0.03941
CGG	CTG	GT	2.41650	0.00518	0.01376	-2.41650	0.05810	0.01376
CGG	CCG	GC	0.10301	0.01030	0.01084	-0.10301	0.01142	0.01084
CGG	CAG	GA	1.71158	0.04344	0.09074	-1.71158	0.24058	0.09074
CGG	CGT	GT	-0.15746	0.00518	0.00479	0.15746	0.00443	0.00479
CGG	CGC	GC	-0.15266	0.01030	0.00954	0.15266	0.00884	0.00954
CGG	CGA	GA	-1.31501	0.04344	0.02097	1.31501	0.01166	0.02097
ATT	TTT	AT	0.44872	0.00605	0.00751	-0.44872	0.00948	0.00751
ATT	CTT	AC	0.01529	0.01203	0.01212	-0.01529	0.01221	0.01212
ATC	TTC	AT	0.07683	0.01151	0.01196	-0.07683	0.01243	0.01196
ATC	CTC	AC	-0.19756	0.02288	0.02069	0.19756	0.01878	0.02069
ATC	ATT	CT	0.04393	0.06532	0.06677	-0.04393	0.06826	0.06677
ATA	TTA	AT	0.64134	0.00306	0.00415	-0.64134	0.00581	0.00415
ATA	CTA	AC	-0.38116	0.00608	0.00500	0.38116	0.00415	0.00500
ATA	ATT	AT	1.07196	0.00306	0.00499	-1.07196	0.00894	0.00499
ATA	ATC	AC	1.02803	0.00608	0.00973	-1.02803	0.01700	0.00973
ATG	TTG	AT	0.22817	0.01003	0.01122	-0.22817	0.01260	0.01122
ATG	CTG	AC	0.68673	0.01993	0.02755	-0.68673	0.03960	0.02755
ATG	ATT	GT	0.26826	0.01003	0.01143	-0.26826	0.01311	0.01143
ATG	ATC	GC	0.22433	0.01993	0.02225	-0.22433	0.02494	0.02225
ATG	ATA	GA	-0.80370	0.08403	0.05474	0.80370	0.03762	0.05474
ACT	TCT	AT	0.97218	0.00456	0.00713	-0.97218	0.01205	0.00713
ACT	CCT	AC	0.09476	0.00906	0.00949	-0.09476	0.00996	0.00949
ACT	ATT	CT	0.97072	0.02586	0.04041	-0.97072	0.06826	0.04041
ACC	TCC	AT	0.19090	0.01123	0.01233	-0.19090	0.01359	0.01233
ACC	CCC	AC	-0.59178	0.02231	0.01635	0.59178	0.01234	0.01635
ACC	ATC	CT	0.71198	0.06369	0.08904	-0.71198	0.12981	0.08904
ACC	ACT	CT	-0.21481	0.06369	0.05710	0.21481	0.05138	0.05710
ACA	TCA	AT	0.76520	0.00406	0.00581	-0.76520	0.00873	0.00581
ACA	CCA	AC	-0.22094	0.00807	0.00721	0.22094	0.00647	0.00721
ACA	ATA	CT	0.40340	0.02305	0.02801	-0.40340	0.03451	0.02801
ACA	ACT	AT	0.50464	0.00406	0.00517	-0.50464	0.00673	0.00517
ACA	ACC	AC	0.71945	0.00807	0.01132	-0.71945	0.01658	0.01132
ACG	TCG	AT	-0.27663	0.00592	0.00514	0.27663	0.00449	0.00514
ACG	CCG	AC	-0.41288	0.01176	0.00950	0.41288	0.00778	0.00950
ACG	ATG	CT	1.21388	0.03359	0.05801	-1.21388	0.11308	0.05801
ACG	ACT	GT	0.51142	0.00592	0.00756	-0.51142	0.00987	0.00756
ACG	ACC	GC	0.72623	0.01176	0.01655	-0.72623	0.02432	0.01655
ACG	ACA	GA	0.00678	0.04960	0.04977	-0.00678	0.04994	0.04977
AAT	TAT	AT	0.12197	0.00344	0.00366	-0.12197	0.00389	0.00366
AAT	CAT	AC	-0.41422	0.00684	0.00552	0.41422	0.00452	0.00552
AAT	ATT	AT	0.95466	0.00344	0.00534	-0.95466	0.00894	0.00534
AAT	ACT	AC	-0.01606	0.00684	0.00678	0.01606	0.00673	0.00678
AAC	TAC	AT	0.49104	0.00652	0.00825	-0.49104	0.01066	0.00825
AAC	CAC	AC	0.18099	0.01296	0.01417	-0.18099	0.01553	0.01417
AAC	ATC	AT	0.95815	0.00652	0.01014	-0.95815	0.01700	0.01014
AAC	ACC	AC	0.24616	0.01296	0.01462	-0.24616	0.01658	0.01462
AAC	AAT	CT	0.04741	0.03700	0.03789	-0.04741	0.03880	0.03789
AAA	CAA	AC	-0.92581	0.01200	0.00729	0.92581	0.00476	0.00729
AAA	ATA	AT	-0.29017	0.00604	0.00521	0.29017	0.00452	0.00521
AAA	ACA	AC	-0.69358	0.01200	0.00832	0.69358	0.00600	0.00832
AAA	AAT	AT	-0.17288	0.00604	0.00553	0.17288	0.00508	0.00553
AAA	AAC	AC	-0.22029	0.01200	0.01073	0.22029	0.00963	0.01073
AAG	CAG	AC	0.46439	0.01816	0.02271	-0.46439	0.02890	0.02271
AAG	ATG	AT	0.48257	0.00914	0.01152	-0.48257	0.01481	0.01152
AAG	ACG	AC	-0.73131	0.01816	0.01232	0.73131	0.00874	0.01232
AAG	AAT	GT	-0.20383	0.00914	0.00824	0.20383	0.00745	0.00824
AAG	AAC	GC	-0.25125	0.01816	0.01598	0.25125	0.01413	0.01598
AAG	AAA	GA	-0.03096	0.07659	0.07541	0.03096	0.07425	0.07541
AGT	TGT	AT	0.35014	0.00498	0.00591	-0.35014	0.00707	0.00591
AGT	CGT	AC	-1.18807	0.00990	0.00516	1.18807	0.00302	0.00516
AGT	ATT	GT	0.96742	0.00498	0.00778	-0.96742	0.01311	0.00778
AGT	ACT	GC	-0.00330	0.00990	0.00989	0.00330	0.00987	0.00989
AGT	AAT	GA	0.01276	0.04176	0.04203	-0.01276	0.04230	0.04203
AGC	TGC	AT	-0.38079	0.01318	0.01083	0.38079	0.00901	0.01083
AGC	CGC	AC	-1.46914	0.02620	0.01150	1.46914	0.00603	0.01150
AGC	ATC	GT	0.63762	0.01318	0.01783	-0.63762	0.02494	0.01783
AGC	ACC	GC	-0.07437	0.02620	0.02523	0.07437	0.02432	0.02523
AGC	AAC	GA	-0.32053	0.11046	0.09370	0.32053	0.08017	0.09370
AGC	AGT	CT	-0.28587	0.07480	0.06462	0.28587	0.05620	0.06462
AGA	CGA	AC	-2.00167	0.01037	0.00324	2.00167	0.00140	0.00324
AGA	ATA	GT	0.23940	0.00522	0.00587	-0.23940	0.00663	0.00587
AGA	ACA	GC	-0.16401	0.01037	0.00954	0.16401	0.00880	0.00954
AGA	AAA	GA	0.52957	0.04372	0.05632	-0.52957	0.07425	0.05632
AGA	AGT	AT	0.34394	0.00522	0.00617	-0.34394	0.00736	0.00617
AGA	AGC	AC	0.62981	0.01037	0.01398	-0.62981	0.01947	0.01398
AGG	TGG	AT	-0.03892	0.00742	0.00727	0.03892	0.00713	0.00727
AGG	CGG	AC	-0.65489	0.01474	0.01044	0.65489	0.00766	0.01044
AGG	ATG	GT	1.07488	0.00742	0.01210	-1.07488	0.02173	0.01210
AGG	ACG	GC	-0.13900	0.01474	0.01374	0.13900	0.01283	0.01374
AGG	AAG	GA	0.59231	0.06214	0.08235	-0.59231	0.11236	0.08235
AGG	AGT	GT	0.37572	0.00742	0.00890	-0.37572	0.01080	0.00890
AGG	AGC	GC	0.66159	0.01474	0.02015	-0.66159	0.02856	0.02015
AGG	AGA	GA	0.03178	0.06214	0.06314	-0.03178	0.06415	0.06314
GTT	TTT	GT	0.96778	0.00529	0.00825	-0.96778	0.01391	0.00825
GTT	CTT	GC	0.53435	0.01050	0.01356	-0.53435	0.01792	0.01356
GTT	ATT	GA	0.51906	0.04428	0.05677	-0.51906	0.07442	0.05677
GTC	TTC	GT	0.46247	0.01149	0.01435	-0.46247	0.01824	0.01435
GTC	CTC	GC	0.18808	0.02282	0.02504	-0.18808	0.02755	0.02504
GTC	ATC	GA	0.38564	0.09624	0.11598	-0.38564	0.14152	0.11598
GTC	GTT	CT	-0.08949	0.06517	0.06230	0.08949	0.05959	0.06230
GTA	TTA	GT	1.49554	0.00191	0.00368	-1.49554	0.00853	0.00368
GTA	CTA	GC	0.47304	0.00380	0.00477	-0.47304	0.00609	0.00477
GTA	ATA	GA	0.85420	0.01601	0.02381	-0.85420	0.03762	0.02381
GTA	GTT	AT	1.40709	0.00191	0.00356	-1.40709	0.00780	0.00356
GTA	GTC	AC	1.49658	0.00380	0.00732	-1.49658	0.01696	0.00732
GTG	TTG	GT	-0.00411	0.01856	0.01852	0.00411	0.01849	0.01852
GTG	CTG	GC	0.45445	0.03688	0.04590	-0.45445	0.05810	0.04590
GTG	ATG	GA	-0.23228	0.15553	0.13816	0.23228	0.12329	0.13816
GTG	GTT	GT	-0.48308	0.01856	0.01444	0.48308	0.01145	0.01444
GTG	GTC	GC	-0.39359	0.03688	0.03010	0.39359	0.02488	0.03010
GTG	GTA	GA	-1.89018	0.15553	0.05230	1.89018	0.02349	0.05230
GCT	TCT	GT	0.62635	0.00945	0.01271	-0.62635	0.01767	0.01271
GCT	CCT	GC	-0.25107	0.01877	0.01652	0.25107	0.01461	0.01652
GCT	ACT	GA	-0.34583	0.07916	0.06626	0.34583	0.05602	0.06626
GCT	GTT	CT	0.10583	0.05361	0.05650	-0.10583	0.05959	0.05650
GCC	TCC	GT	0.26402	0.01531	0.01742	-0.26402	0.01993	0.01742
GCC	CCC	GC	-0.51865	0.03042	0.02321	0.51865	0.01811	0.02321
GCC	ACC	GA	0.07313	0.12826	0.13301	-0.07313	0.13799	0.13301
GCC	GTC	CT	0.39946	0.08686	0.10536	-0.39946	0.12951	0.10536
GCC	GCT	CT	0.20414	0.08686	0.09603	-0.20414	0.10653	0.09603
GCA	TCA	GT	0.53940	0.00747	0.00966	-0.53940	0.01281	0.00966
GCA	CCA	GC	-0.44674	0.01484	0.01177	0.44674	0.00950	0.01177
GCA	ACA	GA	-0.22580	0.06259	0.05579	0.22580	0.04994	0.05579
GCA	GTA	CT	-0.67659	0.04239	0.02965	0.67659	0.02155	0.02965
GCA	GCT	AT	0.62467	0.00747	0.01004	-0.62467	0.01395	0.01004
GCA	GCC	AC	0.42052	0.01484	0.01818	-0.42052	0.02260	0.01818
GCG	TCG	GT	0.31693	0.00480	0.00560	-0.31693	0.00659	0.00560
GCG	CCG	GC	0.18069	0.00953	0.01042	-0.18069	0.01142	0.01042
GCG	ACG	GA	0.59357	0.04020	0.05330	-0.59357	0.07277	0.05330
GCG	GTG	CT	2.03973	0.02722	0.06383	-2.03973	0.20929	0.06383
GCG	GCT	GT	1.45081	0.00480	0.00909	-1.45081	0.02047	0.00909
GCG	GCC	GC	1.24667	0.00953	0.01668	-1.24667	0.03316	0.01668
GCG	GCA	GA	0.82615	0.04020	0.05906	-0.82615	0.09183	0.05906
GAT	TAT	GT	-0.25995	0.00740	0.00648	0.25995	0.00570	0.00648
GAT	CAT	GC	-0.79614	0.01470	0.00962	0.79614	0.00663	0.00962
GAT	AAT	GA	-0.38192	0.06198	0.05089	0.38192	0.04230	0.05089
GAT	GTT	AT	0.05367	0.00740	0.00760	-0.05367	0.00780	0.00760
GAT	GCT	AC	-0.05216	0.01470	0.01432	0.05216	0.01395	0.01432
GAC	TAC	GT	0.04493	0.01495	0.01529	-0.04493	0.01563	0.01529
GAC	CAC	GC	-0.26512	0.02970	0.02594	0.26512	0.02278	0.02594
GAC	AAC	GA	-0.44611	0.12524	0.09937	0.44611	0.08017	0.09937
GAC	GTC	AT	0.12639	0.01495	0.01591	-0.12639	0.01696	0.01591
GAC	GCC	AC	-0.27307	0.02970	0.02583	0.27307	0.02260	0.02583
GAC	GAT	CT	-0.01677	0.08481	0.08410	0.01677	0.08340	0.08410
GAA	CAA	GC	-0.95823	0.01819	0.01085	0.95823	0.00698	0.01085
GAA	AAA	GA	-0.03242	0.07670	0.07546	0.03242	0.07425	0.07546
GAA	GTA	AT	-1.17679	0.00915	0.00480	1.17679	0.00282	0.00480
GAA	GCA	AC	-0.50019	0.01819	0.01402	0.50019	0.01103	0.01402
GAA	GAT	AT	0.17663	0.00915	0.00999	-0.17663	0.01092	0.00999
GAA	GAC	AC	0.19340	0.01819	0.02001	-0.19340	0.02207	0.02001
GAG	CAG	GC	0.16595	0.03592	0.03898	-0.16595	0.04240	0.03898
GAG	AAG	GA	-0.29843	0.15144	0.12996	0.29843	0.11236	0.12996
GAG	GTG	AT	0.41641	0.01807	0.02210	-0.41641	0.02741	0.02210
GAG	GCG	AC	-1.62331	0.03592	0.01433	1.62331	0.00708	0.01433
GAG	GAT	GT	-0.12034	0.01807	0.01701	0.12034	0.01602	0.01701
GAG	GAC	GC	-0.10357	0.03592	0.03409	0.10357	0.03238	0.03409
GAG	GAA	GA	-0.29697	0.15144	0.13006	0.29697	0.11253	0.13006
GGT	TGT	GT	1.39234	0.00258	0.00478	-1.39234	0.01038	0.00478
GGT	CGT	GC	-0.14586	0.00513	0.00476	0.14586	0.00443	0.00476
GGT	AGT	GA	1.04221	0.02161	0.03479	-1.04221	0.06127	0.03479
GGT	GTT	GT	1.49057	0.00258	0.00496	-1.49057	0.01145	0.00496
GGT	GCT	GC	1.38474	0.00513	0.00947	-1.38474	0.02047	0.00947
GGT	GAT	GA	1.43689	0.02161	0.04073	-1.43689	0.09093	0.04073
GGC	TGC	GT	0.53194	0.00776	0.01001	-0.53194	0.01322	0.01001
GGC	CGC	GC	-0.55641	0.01543	0.01153	0.55641	0.00884	0.01153
GGC	AGC	GA	0.91273	0.06505	0.09920	-0.91273	0.16206	0.09920
GGC	GTC	GT	1.16471	0.00776	0.01314	-1.16471	0.02488	0.01314
GGC	GCC	GC	0.76524	0.01543	0.02208	-0.76524	0.03316	0.02208
GGC	GAC	GA	1.03831	0.06505	0.10457	-1.03831	0.18374	0.10457
GGC	GGT	CT	-0.41535	0.04405	0.03554	0.41535	0.02908	0.03554
GGA	CGA	GC	-1.55356	0.00972	0.00405	1.55356	0.00206	0.00405
GGA	AGA	GA	0.44811	0.04098	0.05085	-0.44811	0.06415	0.05085
GGA	GTA	GT	-0.16668	0.00489	0.00449	0.16668	0.00414	0.00449
GGA	GCA	GC	0.50991	0.00972	0.01241	-0.50991	0.01618	0.01241
GGA	GAA	GA	1.01011	0.04098	0.06510	-1.01011	0.11253	0.06510
GGA	GGT	AT	-0.25016	0.00489	0.00430	0.25016	0.00381	0.00430
GGA	GGC	AC	0.16519	0.00972	0.01054	-0.16519	0.01146	0.01054
GGG	TGG	GT	0.40954	0.00695	0.00847	-0.40954	0.01047	0.00847
GGG	CGG	GC	-0.20643	0.01381	0.01243	0.20643	0.01123	0.01243
GGG	AGG	GA	0.44846	0.05822	0.07225	-0.44846	0.09117	0.07225
GGG	GTG	GT	1.75562	0.00695	0.01475	-1.75562	0.04021	0.01475
GGG	GCG	GC	-0.28411	0.01381	0.01194	0.28411	0.01039	0.01194
GGG	GAG	GA	1.33920	0.05822	0.10566	-1.33920	0.22218	0.10566
GGG	GGT	GT	-0.21803	0.00695	0.00622	0.21803	0.00559	0.00622
GGG	GGC	GC	0.19732	0.01381	0.01522	-0.19732	0.01682	0.01522
GGG	GGA	GA	0.03212	0.05822	0.05916	-0.03212	0.06012	0.05916


Histograms
2Ns	FMut	FSub(CodonUsage)	FSubw(after w)

-2.30143	0.02144	0.00600
-2.07128	0.01413	0.00478
-1.84114	0.02805	0.01069
-1.61100	0.03219	0.01397
-1.38086	0.04888	0.02533
-1.15071	0.05055	0.03084
-0.92057	0.05604	0.03792
-0.69043	0.07235	0.05626
-0.46029	0.14448	0.12720
-0.23014	0.11947	0.11742
0.00000	0.12494	0.13921
0.23014	0.09341	0.11742
0.46029	0.09177	0.12720
0.69043	0.03664	0.05626
0.92057	0.02219	0.03792
1.15071	0.01676	0.03084
1.38086	0.01235	0.02533
1.61100	0.00612	0.01397
1.84114	0.00435	0.01069
2.07128	0.00182	0.00478
2.30143	0.00209	0.00600

Proportion of advantageous (S > 0) mutations:
 0.34848

Proportions of good & bad mutations (|S| > 2.0000) among mutations:
0.00391  0.03556

mean |Ns| = 0.68272	mean Ns+ = 0.50168	mean Ns- = -0.77955


MLEs of dN/dS (w) for site classes (K=4)

site class             0        1       2a       2b
proportion       0.71559  0.10890  0.15233  0.02318
background w     0.04806  1.05390  0.04806  1.05390
foreground w     0.04806  1.05390  0.00000  0.00000

Naive Empirical Bayes (NEB) probabilities for 4 classes
(amino acids refer to 1st sequence: Bbon)

   1 N   0.78639 0.03500 0.16920 0.00941 ( 1)
   2 S   0.76059 0.06182 0.16278 0.01481 ( 1)
   3 P   0.76577 0.05642 0.16403 0.01377 ( 1)
   4 E   0.76550 0.05671 0.16397 0.01383 ( 1)
   5 F   0.77054 0.05147 0.16519 0.01280 ( 1)
   6 Q   0.74659 0.07641 0.15947 0.01753 ( 1)
   7 K   0.77491 0.04693 0.16627 0.01189 ( 1)
   8 L   0.75939 0.06306 0.16250 0.01505 ( 1)
   9 L   0.73510 0.08843 0.15680 0.01968 ( 1)
  10 G   0.78223 0.03934 0.16811 0.01032 ( 1)
  11 I   0.76799 0.05412 0.16457 0.01332 ( 1)
  12 A   0.75976 0.06268 0.16259 0.01498 ( 1)
  13 M   0.37501 0.43580 0.08041 0.10878 ( 2)
  14 E   0.76550 0.05671 0.16397 0.01383 ( 1)
  15 L   0.75908 0.06337 0.16243 0.01512 ( 1)
  16 F   0.77054 0.05147 0.16519 0.01280 ( 1)
  17 L   0.73510 0.08843 0.15680 0.01968 ( 1)
  18 L   0.73510 0.08843 0.15680 0.01968 ( 1)
  19 C   0.77293 0.04899 0.16578 0.01230 ( 1)
  20 S   0.76923 0.05282 0.16488 0.01307 ( 1)
  21 D   0.76432 0.05793 0.16368 0.01407 ( 1)
  22 D   0.76633 0.05586 0.16416 0.01364 ( 1)
  23 A   0.75903 0.06317 0.16252 0.01528 ( 1)
  24 E   0.76232 0.06001 0.16320 0.01447 ( 1)
  25 S   0.75661 0.06549 0.16202 0.01588 ( 1)
  26 D   0.76432 0.05793 0.16368 0.01407 ( 1)
  27 V   0.77093 0.05106 0.16529 0.01272 ( 1)
  28 R   0.77667 0.04510 0.16671 0.01151 ( 1)
  29 M   0.78340 0.03812 0.16841 0.01006 ( 1)
  30 V   0.75547 0.06715 0.16156 0.01582 ( 1)
  31 A   0.76034 0.06193 0.16278 0.01495 ( 1)
  32 D   0.76706 0.05508 0.16435 0.01351 ( 1)
  33 E   0.76232 0.06001 0.16320 0.01447 ( 1)
  34 C   0.77293 0.04899 0.16578 0.01230 ( 1)
  35 L   0.75881 0.06367 0.16236 0.01516 ( 1)
  36 N   0.79015 0.03113 0.17017 0.00855 ( 1)
  37 K   0.34362 0.46492 0.07373 0.11773 ( 2)
  38 V   0.77093 0.05106 0.16529 0.01272 ( 1)
  39 I   0.78884 0.03234 0.16991 0.00891 ( 1)
  40 K   0.77344 0.04834 0.16597 0.01226 ( 1)
  41 -   0.78006 0.04278 0.16694 0.01023 ( 1)
  42 -   0.77209 0.05092 0.16507 0.01192 ( 1)
  43 -   0.75146 0.07203 0.16035 0.01616 ( 1)
  44 -   0.75852 0.06480 0.16195 0.01473 ( 1)
  45 -   0.77058 0.05246 0.16472 0.01224 ( 1)
  46 -   0.75696 0.06639 0.16160 0.01505 ( 1)
  47 -   0.73123 0.09281 0.15580 0.02016 ( 1)
  48 -   0.77400 0.04896 0.16552 0.01152 ( 1)
  49 -   0.75146 0.07203 0.16035 0.01616 ( 1)
  50 -   0.75576 0.06762 0.16133 0.01529 ( 1)
  51 -   0.73091 0.09313 0.15573 0.02023 ( 1)
  52 -   0.75163 0.07186 0.16039 0.01613 ( 1)
  53 -   0.76675 0.05637 0.16384 0.01304 ( 1)
  54 -   0.76107 0.06218 0.16254 0.01421 ( 1)
  55 -   0.75576 0.06762 0.16133 0.01529 ( 1)
  56 -   0.75369 0.06974 0.16086 0.01571 ( 1)
  57 -   0.73091 0.09313 0.15573 0.02023 ( 1)
  58 -   0.75146 0.07203 0.16035 0.01616 ( 1)
  59 -   0.75799 0.06534 0.16183 0.01484 ( 1)
  60 -   0.75010 0.07340 0.16005 0.01645 ( 1)
  61 -   0.76511 0.05805 0.16346 0.01338 ( 1)
  62 -   0.77058 0.05246 0.16472 0.01224 ( 1)
  63 -   0.75852 0.06480 0.16195 0.01473 ( 1)
  64 -   0.74028 0.08350 0.15783 0.01839 ( 1)
  65 -   0.76509 0.05807 0.16346 0.01338 ( 1)
  66 -   0.76326 0.05994 0.16304 0.01376 ( 1)
  67 -   0.76675 0.05637 0.16384 0.01304 ( 1)
  68 P   0.76610 0.05598 0.16416 0.01376 ( 1)
  69 Y   0.76941 0.05253 0.16497 0.01309 ( 1)
  70 L   0.74559 0.07740 0.15926 0.01776 ( 1)
  71 V   0.78469 0.03665 0.16882 0.00984 ( 1)
  72 N   0.78840 0.03280 0.16979 0.00901 ( 1)
  73 L   0.75793 0.06450 0.16218 0.01539 ( 1)
  74 L   0.74559 0.07740 0.15926 0.01776 ( 1)
  75 P   0.76610 0.05598 0.16416 0.01376 ( 1)
  76 C   0.77011 0.05178 0.16515 0.01296 ( 1)
  77 L   0.73434 0.08918 0.15663 0.01984 ( 1)
  78 T   0.77113 0.05080 0.16536 0.01270 ( 1)
  79 R   0.78246 0.03897 0.16824 0.01033 ( 1)
  80 T   0.77355 0.04825 0.16598 0.01222 ( 1)
  81 S   0.76442 0.05773 0.16375 0.01410 ( 1)
  82 K   0.77724 0.04439 0.16691 0.01145 ( 1)
  83 R   0.77297 0.04878 0.16587 0.01238 ( 1)
  84 P   0.76971 0.05221 0.16505 0.01303 ( 1)
  85 E   0.76120 0.06112 0.16296 0.01473 ( 1)
  86 E   0.76080 0.06151 0.16287 0.01482 ( 1)
  87 S   0.75910 0.06328 0.16246 0.01516 ( 1)
  88 V   0.76926 0.05269 0.16493 0.01312 ( 1)
  89 Q   0.74546 0.07753 0.15923 0.01778 ( 1)
  90 E   0.76080 0.06151 0.16287 0.01482 ( 1)
  91 T   0.77025 0.05166 0.16517 0.01292 ( 1)
  92 L   0.74559 0.07740 0.15926 0.01776 ( 1)
  93 A   0.75837 0.06401 0.16230 0.01532 ( 1)
  94 A   0.76298 0.05892 0.16353 0.01457 ( 1)
  95 A   0.75939 0.06291 0.16256 0.01513 ( 1)
  96 V   0.76926 0.05269 0.16493 0.01312 ( 1)
  97 P   0.76610 0.05598 0.16416 0.01376 ( 1)
  98 K   0.77724 0.04439 0.16691 0.01145 ( 1)
  99 I   0.31256 0.49677 0.06701 0.12366 ( 2)
 100 M   0.78163 0.03983 0.16803 0.01051 ( 1)
 101 A   0.75829 0.06412 0.16227 0.01532 ( 1)
 102 S   0.75917 0.06318 0.16249 0.01516 ( 1)
 103 F   0.77016 0.05177 0.16514 0.01293 ( 1)
 104 G   0.78046 0.04104 0.16773 0.01076 ( 1)
 105 N   0.78544 0.03581 0.16905 0.00970 ( 1)
 106 F   0.76890 0.05305 0.16485 0.01320 ( 1)
 107 A   0.75691 0.06556 0.16194 0.01559 ( 1)
 108 N   0.78840 0.03280 0.16979 0.00901 ( 1)
 109 D   0.76545 0.05666 0.16400 0.01389 ( 1)
 110 S   0.39500 0.41003 0.08498 0.10999 ( 2)
 111 E   0.76359 0.05865 0.16352 0.01423 ( 1)
 112 I   0.76813 0.05398 0.16460 0.01329 ( 1)
 113 K   0.77859 0.04326 0.16712 0.01103 ( 1)
 114 V   0.77216 0.05034 0.16533 0.01217 ( 1)
 115 L   0.73516 0.08834 0.15682 0.01968 ( 1)
 116 L   0.75375 0.06906 0.16111 0.01608 ( 1)
 117 K   0.77890 0.04279 0.16727 0.01104 ( 1)
 118 A   0.76022 0.06210 0.16274 0.01494 ( 1)
 119 F   0.77320 0.04871 0.16585 0.01225 ( 1)
 120 I   0.79059 0.03068 0.17029 0.00845 ( 1)
 121 A   0.78187 0.03972 0.16802 0.01040 ( 1)
 122 N   0.78635 0.03507 0.16917 0.00941 ( 1)
 123 L   0.73510 0.08843 0.15680 0.01968 ( 1)
 124 K   0.77899 0.04270 0.16729 0.01102 ( 1)
 125 S   0.31187 0.49902 0.06682 0.12229 ( 2)
 126 S   0.76606 0.05610 0.16412 0.01373 ( 1)
 127 S   0.76059 0.06182 0.16278 0.01481 ( 1)
 128 P   0.76772 0.05440 0.16450 0.01338 ( 1)
 129 T   0.77193 0.05003 0.16553 0.01251 ( 1)
 130 V   0.27724 0.53685 0.05929 0.12662 ( 2)
 131 R   0.78067 0.04096 0.16771 0.01066 ( 1)
 132 R   0.78067 0.04096 0.16771 0.01066 ( 1)
 133 T   0.77447 0.04741 0.16615 0.01197 ( 1)
 134 A   0.78099 0.04067 0.16777 0.01057 ( 1)
 135 A   0.76465 0.05759 0.16376 0.01400 ( 1)
 136 G   0.37459 0.43168 0.08050 0.11323 ( 2)
 137 S   0.77582 0.04599 0.16649 0.01170 ( 1)
 138 A   0.78187 0.03972 0.16802 0.01040 ( 1)
 139 V   0.75562 0.06700 0.16160 0.01578 ( 1)
 140 S   0.76601 0.05617 0.16409 0.01372 ( 1)
 141 I   0.32556 0.48423 0.06980 0.12041 ( 2)
 142 C   0.77293 0.04899 0.16578 0.01230 ( 1)
 143 Q   0.74659 0.07641 0.15947 0.01753 ( 1)
 144 H   0.76714 0.05500 0.16436 0.01349 ( 1)
 145 S   0.76477 0.05746 0.16379 0.01397 ( 1)
 146 R   0.77623 0.04553 0.16661 0.01162 ( 1)
 147 R   0.77605 0.04558 0.16664 0.01173 ( 1)
 148 T   0.02489 0.77398 0.00534 0.19580 ( 2)
 149 Q   0.74659 0.07641 0.15947 0.01753 ( 1)
 150 Y   0.32626 0.48464 0.06991 0.11920 ( 2)
 151 F   0.77109 0.05086 0.16534 0.01270 ( 1)
 152 Y   0.77108 0.05091 0.16533 0.01269 ( 1)
 153 S   0.76601 0.05617 0.16409 0.01372 ( 1)
 154 W   0.75992 0.06251 0.16262 0.01494 ( 1)
 155 L   0.73630 0.08700 0.15713 0.01957 ( 1)
 156 L   0.75881 0.06367 0.16236 0.01516 ( 1)
 157 S   0.76868 0.05336 0.16476 0.01320 ( 1)
 158 V   0.75643 0.06577 0.16194 0.01585 ( 1)
 159 L   0.75881 0.06367 0.16236 0.01516 ( 1)
 160 L   0.28251 0.52645 0.06056 0.13048 ( 2)
 161 G   0.78782 0.03355 0.16955 0.00908 ( 1)
 162 L   0.74691 0.07609 0.15954 0.01746 ( 1)
 163 L   0.73988 0.08320 0.15798 0.01894 ( 1)
 164 V   0.77520 0.04665 0.16633 0.01181 ( 1)
 165 P   0.77170 0.05028 0.16547 0.01255 ( 1)
 166 V   0.75570 0.06692 0.16161 0.01577 ( 1)
 167 E   0.76258 0.05976 0.16326 0.01440 ( 1)
 168 E   0.76258 0.05976 0.16326 0.01440 ( 1)
 169 E   0.76538 0.05683 0.16394 0.01386 ( 1)
 170 H   0.34284 0.46431 0.07361 0.11924 ( 2)
 171 S   0.76481 0.05754 0.16375 0.01391 ( 1)
 172 T   0.32278 0.48809 0.06916 0.11997 ( 2)
 173 L   0.75953 0.06293 0.16253 0.01502 ( 1)
 174 L   0.73523 0.08830 0.15682 0.01965 ( 1)
 175 I   0.76826 0.05385 0.16463 0.01326 ( 1)
 176 L   0.75907 0.06342 0.16241 0.01510 ( 1)
 177 G   0.77526 0.04659 0.16635 0.01180 ( 1)
 178 V   0.75570 0.06692 0.16161 0.01577 ( 1)
 179 L   0.73523 0.08830 0.15682 0.01965 ( 1)
 180 L   0.75918 0.06329 0.16244 0.01508 ( 1)
 181 T   0.77564 0.04617 0.16645 0.01174 ( 1)
 182 L   0.74673 0.07627 0.15950 0.01750 ( 1)
 183 R   0.77697 0.04482 0.16677 0.01144 ( 1)
 184 Y   0.77902 0.04269 0.16729 0.01100 ( 1)
 185 L   0.74691 0.07609 0.15954 0.01746 ( 1)
 186 V   0.75570 0.06692 0.16161 0.01577 ( 1)
 187 P   0.77183 0.05015 0.16550 0.01252 ( 1)
 188 L   0.74691 0.07609 0.15954 0.01746 ( 1)
 189 L   0.73523 0.08830 0.15682 0.01965 ( 1)
 190 Q   0.74678 0.07622 0.15951 0.01749 ( 1)
 191 Q   0.74678 0.07622 0.15951 0.01749 ( 1)
 192 Q   0.74678 0.07622 0.15951 0.01749 ( 1)
 193 V   0.77122 0.05079 0.16535 0.01265 ( 1)
 194 K   0.77929 0.04241 0.16735 0.01095 ( 1)
 195 D   0.76726 0.05489 0.16439 0.01346 ( 1)
 196 T   0.77236 0.04963 0.16562 0.01240 ( 1)
 197 S   0.76628 0.05591 0.16415 0.01366 ( 1)
 198 L   0.73523 0.08830 0.15682 0.01965 ( 1)
 199 K   0.77520 0.04665 0.16633 0.01182 ( 1)
 200 G   0.78252 0.03906 0.16817 0.01025 ( 1)
 201 S   0.76628 0.05591 0.16415 0.01366 ( 1)
 202 F   0.77082 0.05120 0.16525 0.01273 ( 1)
 203 G   0.78118 0.04045 0.16783 0.01054 ( 1)
 204 V   0.75570 0.06692 0.16161 0.01577 ( 1)
 205 T   0.77432 0.04763 0.16609 0.01197 ( 1)
 206 R   0.78096 0.04068 0.16777 0.01059 ( 1)
 207 K   0.77520 0.04665 0.16633 0.01182 ( 1)
 208 E   0.76258 0.05976 0.16326 0.01440 ( 1)
 209 M   0.78370 0.03784 0.16848 0.00999 ( 1)
 210 E   0.76258 0.05976 0.16326 0.01440 ( 1)
 211 V   0.77122 0.05079 0.16535 0.01265 ( 1)
 212 S   0.76239 0.05989 0.16323 0.01448 ( 1)
 213 P   0.77183 0.05015 0.16550 0.01252 ( 1)
 214 S   0.77611 0.04571 0.16656 0.01162 ( 1)
 215 T   0.77198 0.05000 0.16554 0.01249 ( 1)
 216 E   0.76258 0.05976 0.16326 0.01440 ( 1)
 217 Q   0.74678 0.07622 0.15951 0.01749 ( 1)
 218 L   0.75955 0.06291 0.16253 0.01501 ( 1)
 219 V   0.77096 0.05103 0.16530 0.01271 ( 1)
 220 Q   0.74602 0.07697 0.15935 0.01766 ( 1)
 221 V   0.75218 0.07091 0.16066 0.01625 ( 1)
 222 Y   0.76816 0.05445 0.16438 0.01300 ( 1)
 223 E   0.76152 0.06129 0.16283 0.01436 ( 1)
 224 L   0.74232 0.08109 0.15840 0.01819 ( 1)
 225 T   0.76795 0.05462 0.16436 0.01308 ( 1)
 226 L   0.74400 0.07937 0.15877 0.01785 ( 1)
 227 H   0.33706 0.47490 0.07220 0.11584 ( 2)
 228 Y   0.77463 0.04773 0.16595 0.01168 ( 1)
 229 T   0.77459 0.04777 0.16595 0.01169 ( 1)
 230 Q   0.74465 0.07874 0.15891 0.01770 ( 1)
 231 H   0.76444 0.05829 0.16350 0.01376 ( 1)
 232 Q   0.75571 0.06744 0.16141 0.01544 ( 1)
 233 D   0.76436 0.05838 0.16348 0.01378 ( 1)
 234 H   0.76444 0.05829 0.16350 0.01376 ( 1)
 235 N   0.78354 0.03863 0.16809 0.00974 ( 1)
 236 V   0.77208 0.05042 0.16531 0.01218 ( 1)
 237 V   0.75442 0.06818 0.16134 0.01606 ( 1)
 238 T   0.77454 0.04792 0.16589 0.01166 ( 1)
 239 G   0.77821 0.04412 0.16679 0.01089 ( 1)
 240 A   0.75863 0.06423 0.16216 0.01497 ( 1)
 241 L   0.73379 0.08999 0.15643 0.01978 ( 1)
 242 E   0.76242 0.06036 0.16304 0.01418 ( 1)
 243 L   0.75636 0.06664 0.16161 0.01539 ( 1)
 244 L   0.73379 0.08999 0.15643 0.01978 ( 1)
 245 Q   0.74579 0.07760 0.15915 0.01745 ( 1)
 246 Q   0.74579 0.07760 0.15915 0.01745 ( 1)
 247 L   0.75536 0.06762 0.16140 0.01562 ( 1)
 248 L   0.75783 0.06518 0.16193 0.01506 ( 1)
 249 R   0.77297 0.04959 0.16548 0.01195 ( 1)
 250 T   0.77083 0.05180 0.16497 0.01240 ( 1)
 251 P   0.76667 0.05607 0.16399 0.01326 ( 1)
 252 P   0.76502 0.05773 0.16362 0.01363 ( 1)
 253 P   0.76667 0.05607 0.16399 0.01326 ( 1)
 254 E   0.76130 0.06161 0.16273 0.01436 ( 1)
 255 L   0.75783 0.06518 0.16193 0.01506 ( 1)
 256 L   0.73455 0.08923 0.15659 0.01962 ( 1)
 257 R   0.77443 0.04813 0.16581 0.01163 ( 1)
 258 A   0.00112 0.87822 0.00014 0.12052 ( 2)
 259 L   0.73455 0.08923 0.15659 0.01962 ( 1)
 260 T   0.77086 0.05176 0.16498 0.01239 ( 1)
 261 T   0.77061 0.05202 0.16492 0.01244 ( 1)
 262 A   0.37207 0.43936 0.07975 0.10881 ( 2)
 263 G   0.78148 0.04086 0.16752 0.01013 ( 1)
 264 G   0.78120 0.04114 0.16746 0.01020 ( 1)
 265 I   0.76939 0.05328 0.16463 0.01270 ( 1)
 266 G   0.36551 0.44610 0.07833 0.11006 ( 2)
 267 Q   0.01585 0.80287 0.00338 0.17789 ( 2)
 268 L   0.75783 0.06518 0.16193 0.01506 ( 1)
 269 T   0.77687 0.04555 0.16643 0.01115 ( 1)
 270 A   0.30105 0.51404 0.06437 0.12055 ( 2)
 271 A   0.75902 0.06393 0.16221 0.01483 ( 1)
 272 K   0.77794 0.04449 0.16667 0.01090 ( 1)
 273 D   0.29788 0.51742 0.06368 0.12102 ( 2)
 274 E   0.76130 0.06161 0.16273 0.01436 ( 1)
 275 P   0.77042 0.05222 0.16488 0.01249 ( 1)
 276 G   0.40765 0.40269 0.08748 0.10219 ( 1)
 277 C   0.77186 0.05074 0.16522 0.01219 ( 1)
 278 R   0.77305 0.04951 0.16550 0.01194 ( 1)
 279 S   0.76823 0.05447 0.16436 0.01294 ( 1)
 280 R   0.78182 0.04050 0.16761 0.01007 ( 1)
 281 S   0.76496 0.05784 0.16359 0.01361 ( 1)
 282 G   0.77390 0.04864 0.16570 0.01176 ( 1)
 283 S   0.76755 0.05514 0.16421 0.01310 ( 1)
 284 I   0.76938 0.05332 0.16462 0.01269 ( 1)
 285 V   0.75453 0.06859 0.16116 0.01572 ( 1)
 286 E   0.76130 0.06161 0.16273 0.01436 ( 1)
 287 L   0.75841 0.06459 0.16206 0.01495 ( 1)
 288 I   0.78967 0.03243 0.16956 0.00834 ( 1)
 289 A   0.74924 0.07456 0.15975 0.01644 ( 1)
 290 G   0.76242 0.06115 0.16270 0.01373 ( 1)
 291 G   0.76791 0.05557 0.16393 0.01259 ( 1)
 292 G   0.77469 0.04868 0.16547 0.01116 ( 1)
 293 S   0.74995 0.07384 0.15991 0.01630 ( 1)
 294 S   0.74524 0.07865 0.15886 0.01725 ( 1)
 295 C   0.76059 0.06301 0.16228 0.01411 ( 1)
 296 S   0.75451 0.06920 0.16093 0.01537 ( 1)
 297 P   0.75602 0.06766 0.16126 0.01506 ( 1)
 298 V   0.75881 0.06482 0.16189 0.01448 ( 1)
 299 L   0.74895 0.07485 0.15969 0.01650 ( 1)
 300 S   0.74480 0.07909 0.15876 0.01735 ( 1)
 301 R   0.76227 0.06130 0.16266 0.01377 ( 1)
 302 K   0.76238 0.06120 0.16269 0.01374 ( 1)
 303 Q   0.74827 0.07555 0.15953 0.01665 ( 1)
 304 K   0.76236 0.06121 0.16268 0.01375 ( 1)
 305 G   0.76569 0.05776 0.16346 0.01309 ( 1)
 306 K   0.32043 0.49058 0.06865 0.12034 ( 2)
 307 V   0.75103 0.07177 0.16052 0.01668 ( 1)
 308 L   0.75412 0.06856 0.16124 0.01608 ( 1)
 309 F   0.76519 0.05703 0.16389 0.01389 ( 1)
 310 G   0.76936 0.05269 0.16491 0.01304 ( 1)
 311 E   0.76034 0.06207 0.16273 0.01486 ( 1)
 312 A   0.75426 0.06844 0.16127 0.01603 ( 1)
 313 A   0.75368 0.06901 0.16114 0.01617 ( 1)
 314 A   0.75955 0.06289 0.16254 0.01502 ( 1)
 315 L   0.01541 0.79963 0.00329 0.18167 ( 2)
 316 E   0.75737 0.06517 0.16202 0.01545 ( 1)
 317 D   0.75924 0.06322 0.16246 0.01508 ( 1)
 318 D   0.76182 0.06054 0.16308 0.01457 ( 1)
 319 S   0.27800 0.53611 0.05946 0.12643 ( 2)
 320 E   0.75737 0.06517 0.16202 0.01545 ( 1)
 321 S   0.75021 0.07264 0.16032 0.01683 ( 1)
 322 R   0.77094 0.05104 0.16530 0.01272 ( 1)
 323 S   0.74998 0.07287 0.16027 0.01688 ( 1)
 324 D   0.76182 0.06054 0.16308 0.01457 ( 1)
 325 G   0.77645 0.04533 0.16666 0.01156 ( 1)
 326 S   0.76083 0.06157 0.16284 0.01476 ( 1)
 327 S   0.76083 0.06157 0.16284 0.01476 ( 1)
 328 P   0.76609 0.05609 0.16411 0.01371 ( 1)
 329 T   0.76645 0.05572 0.16420 0.01364 ( 1)
 330 F   0.76512 0.05710 0.16388 0.01390 ( 1)
 331 -   0.26424 0.55038 0.05649 0.12889 ( 2)
 332 -   0.75807 0.06434 0.16222 0.01536 ( 1)
 333 A   0.27188 0.54261 0.05813 0.12737 ( 2)
 334 V   0.77122 0.05079 0.16535 0.01265 ( 1)
 335 K   0.77929 0.04241 0.16735 0.01095 ( 1)
 336 G   0.78778 0.03367 0.16950 0.00906 ( 1)
 337 E   0.76258 0.05976 0.16326 0.01440 ( 1)
 338 V   0.02264 0.78042 0.00485 0.19209 ( 2)
 339 G   0.78463 0.03678 0.16877 0.00983 ( 1)
 340 G   0.41573 0.38987 0.08945 0.10495 ( 1)
 341 E   0.76258 0.05976 0.16326 0.01440 ( 1)
 342 L   0.73523 0.08830 0.15682 0.01965 ( 1)
 343 A   0.29084 0.52216 0.06224 0.12476 ( 2)
 344 A   0.76492 0.05733 0.16382 0.01393 ( 1)
 345 S   0.76084 0.06157 0.16284 0.01475 ( 1)
 346 S   0.76084 0.06157 0.16284 0.01475 ( 1)
 347 G   0.78118 0.04045 0.16783 0.01054 ( 1)
 348 V   0.77122 0.05079 0.16535 0.01265 ( 1)
 349 P   0.30704 0.50478 0.06575 0.12243 ( 2)
 350 T   0.77899 0.04272 0.16728 0.01101 ( 1)
 351 P   0.76886 0.05318 0.16480 0.01316 ( 1)
 352 G   0.36077 0.44776 0.07743 0.11404 ( 2)
 353 S   0.75476 0.06791 0.16138 0.01594 ( 1)
 354 A   0.76001 0.06243 0.16264 0.01492 ( 1)
 355 A   0.76492 0.05733 0.16382 0.01393 ( 1)
 356 D   0.39019 0.60981 0.00000 0.00000 ( 2)
 357 S   0.76084 0.06157 0.16284 0.01475 ( 1)
 358 G   0.28230 0.53200 0.06037 0.12533 ( 2)
 359 G   0.78811 0.03326 0.16962 0.00900 ( 1)
 360 H   0.76742 0.05473 0.16442 0.01343 ( 1)
 361 D   0.76733 0.05482 0.16440 0.01344 ( 1)
 362 I   0.77087 0.05114 0.16527 0.01272 ( 1)
 363 I   0.77087 0.05114 0.16527 0.01272 ( 1)
 364 T   0.77850 0.04320 0.16717 0.01113 ( 1)
 365 E   0.76258 0.05976 0.16326 0.01440 ( 1)
 366 Q   0.74678 0.07622 0.15951 0.01749 ( 1)
 367 P   0.77176 0.05022 0.16549 0.01254 ( 1)
 368 R   0.78112 0.04053 0.16781 0.01055 ( 1)
 369 S   0.75476 0.06791 0.16138 0.01594 ( 1)
 370 Q   0.74678 0.07622 0.15951 0.01749 ( 1)
 371 H   0.76742 0.05473 0.16442 0.01343 ( 1)
 372 T   0.77562 0.04621 0.16644 0.01173 ( 1)
 373 L   0.75964 0.06282 0.16255 0.01499 ( 1)
 374 Q   0.74678 0.07622 0.15951 0.01749 ( 1)
 375 T   0.33448 0.47513 0.07172 0.11866 ( 2)
 376 D   0.76733 0.05482 0.16440 0.01344 ( 1)
 377 S   0.77533 0.04646 0.16639 0.01182 ( 1)
 378 V   0.28243 0.52760 0.06051 0.12945 ( 2)
 379 D   0.76458 0.05768 0.16374 0.01400 ( 1)
 380 L   0.73568 0.08785 0.15692 0.01955 ( 1)
 381 T   0.77394 0.04779 0.16610 0.01216 ( 1)
 382 G   0.78252 0.03906 0.16817 0.01025 ( 1)
 383 C   0.76295 0.05937 0.16334 0.01433 ( 1)
 384 D   0.76733 0.05482 0.16440 0.01344 ( 1)
 385 L   0.74691 0.07609 0.15954 0.01746 ( 1)
 386 T   0.00117 0.79903 0.00025 0.19955 ( 2)
 387 S   0.76957 0.05249 0.16495 0.01299 ( 1)
 388 G   0.78811 0.03326 0.16962 0.00900 ( 1)
 389 A   0.76460 0.05764 0.16375 0.01401 ( 1)
 390 T   0.35036 0.45671 0.07523 0.11770 ( 2)
 391 D   0.76671 0.05550 0.16424 0.01355 ( 1)
 392 G   0.78118 0.04045 0.16783 0.01054 ( 1)
 393 D   0.76720 0.05495 0.16437 0.01348 ( 1)
 394 E   0.76258 0.05976 0.16326 0.01440 ( 1)
 395 E   0.76263 0.05971 0.16327 0.01439 ( 1)
 396 D   0.76733 0.05482 0.16440 0.01344 ( 1)
 397 I   0.77087 0.05114 0.16527 0.01272 ( 1)
 398 L   0.74668 0.07632 0.15949 0.01751 ( 1)
 399 S   0.76628 0.05591 0.16415 0.01366 ( 1)
 400 H   0.76742 0.05473 0.16442 0.01343 ( 1)
 401 S   0.76628 0.05591 0.16415 0.01366 ( 1)
 402 S   0.76504 0.05720 0.16385 0.01391 ( 1)
 403 S   0.76628 0.05591 0.16415 0.01366 ( 1)
 404 Q   0.74678 0.07622 0.15951 0.01749 ( 1)
 405 M   0.00183 0.99724 0.00000 0.00093 ( 2)
 406 S   0.76628 0.05591 0.16415 0.01366 ( 1)
 407 A   0.37205 0.62795 0.00000 0.00000 ( 2)
 408 V   0.32137 0.48816 0.06890 0.12157 ( 2)
 409 P   0.77665 0.04510 0.16672 0.01153 ( 1)
 410 S   0.76084 0.06157 0.16284 0.01475 ( 1)
 411 D   0.76733 0.05482 0.16440 0.01344 ( 1)
 412 P   0.76800 0.05413 0.16456 0.01331 ( 1)
 413 A   0.76492 0.05733 0.16382 0.01393 ( 1)
 414 M   0.38826 0.41796 0.08347 0.11032 ( 2)
 415 D   0.76733 0.05482 0.16440 0.01344 ( 1)
 416 L   0.73523 0.08830 0.15682 0.01965 ( 1)
 417 N   0.79011 0.03128 0.17010 0.00852 ( 1)
 418 D   0.76458 0.05768 0.16374 0.01400 ( 1)
 419 G   0.78118 0.04045 0.16783 0.01054 ( 1)
 420 T   0.77221 0.04975 0.16560 0.01244 ( 1)
 421 Q   0.74678 0.07622 0.15951 0.01749 ( 1)
 422 A   0.76492 0.05733 0.16382 0.01393 ( 1)
 423 S   0.76504 0.05720 0.16385 0.01391 ( 1)
 424 S   0.76084 0.06157 0.16284 0.01475 ( 1)
 425 P   0.77151 0.05056 0.16538 0.01255 ( 1)
 426 I   0.77087 0.05114 0.16527 0.01272 ( 1)
 427 S   0.76957 0.05249 0.16495 0.01299 ( 1)
 428 D   0.76733 0.05482 0.16440 0.01344 ( 1)
 429 S   0.76628 0.05591 0.16415 0.01366 ( 1)
 430 S   0.76504 0.05720 0.16385 0.01391 ( 1)
 431 Q   0.74678 0.07622 0.15951 0.01749 ( 1)
 432 T   0.77221 0.04975 0.16560 0.01244 ( 1)
 433 T   0.77221 0.04975 0.16560 0.01244 ( 1)
 434 T   0.77221 0.04975 0.16560 0.01244 ( 1)
 435 E   0.76258 0.05976 0.16326 0.01440 ( 1)
 436 G   0.78118 0.04045 0.16783 0.01054 ( 1)
 437 P   0.77160 0.05037 0.16545 0.01258 ( 1)
 438 D   0.76458 0.05768 0.16374 0.01400 ( 1)
 439 S   0.75455 0.06812 0.16134 0.01599 ( 1)
 440 A   0.76373 0.05861 0.16351 0.01415 ( 1)
 441 V   0.75570 0.06692 0.16161 0.01577 ( 1)
 442 T   0.77221 0.04975 0.16560 0.01244 ( 1)
 443 P   0.76800 0.05413 0.16456 0.01331 ( 1)
 444 S   0.76487 0.05742 0.16379 0.01393 ( 1)
 445 D   0.76733 0.05482 0.16440 0.01344 ( 1)
 446 S   0.76957 0.05249 0.16495 0.01299 ( 1)
 447 S   0.76084 0.06157 0.16284 0.01475 ( 1)
 448 E   0.76577 0.05645 0.16402 0.01376 ( 1)
 449 I   0.76826 0.05385 0.16463 0.01326 ( 1)
 450 -   0.75633 0.06715 0.16141 0.01511 ( 1)
 451 L   0.75183 0.07146 0.16050 0.01621 ( 1)
 452 D   0.76139 0.06161 0.16271 0.01428 ( 1)
 453 G   0.78468 0.03771 0.16823 0.00938 ( 1)
 454 A   0.76145 0.06154 0.16273 0.01428 ( 1)
 455 D   0.76401 0.05892 0.16332 0.01375 ( 1)
 456 S   0.76299 0.05997 0.16308 0.01396 ( 1)
 457 Q   0.74440 0.07911 0.15881 0.01768 ( 1)
 458 Y   0.76794 0.05489 0.16423 0.01294 ( 1)
 459 P   0.29510 0.52069 0.06307 0.12114 ( 2)
 460 G   0.77765 0.04491 0.16653 0.01090 ( 1)
 461 M   0.78019 0.04231 0.16714 0.01036 ( 1)
 462 Q   0.74716 0.07620 0.15946 0.01718 ( 1)
 463 A   0.02442 0.78419 0.00522 0.18617 ( 2)
 464 G   0.35642 0.45647 0.07633 0.11079 ( 2)
 465 Q   0.74440 0.07911 0.15881 0.01768 ( 1)
 466 P   0.31758 0.49713 0.06792 0.11737 ( 2)
 467 Q   0.24581 0.57358 0.05244 0.12818 ( 2)
 468 D   0.76395 0.05898 0.16331 0.01377 ( 1)
 469 E   0.28577 0.53069 0.06106 0.12248 ( 2)
 470 D   0.76387 0.05906 0.16329 0.01378 ( 1)
 471 E   0.75941 0.06365 0.16225 0.01469 ( 1)
 472 D   0.76393 0.05900 0.16330 0.01377 ( 1)
 473 A   0.01901 0.79460 0.00406 0.18233 ( 2)
 474 A   0.75711 0.06603 0.16172 0.01515 ( 1)
 475 A   0.27035 0.54745 0.05772 0.12448 ( 2)
 476 V   0.33098 0.48308 0.07082 0.11512 ( 2)
 477 L   0.75659 0.06655 0.16160 0.01526 ( 1)
 478 P   0.76465 0.05826 0.16347 0.01362 ( 1)
 479 D   0.29416 0.52196 0.06286 0.12102 ( 2)
 480 E   0.76249 0.06048 0.16296 0.01406 ( 1)
 481 D   0.76393 0.05900 0.16330 0.01377 ( 1)
 482 A   0.00158 0.99842 0.00000 0.00000 ( 2)
 483 E   0.75941 0.06365 0.16225 0.01469 ( 1)
 484 A   0.75679 0.06640 0.16162 0.01518 ( 1)
 485 F   0.77002 0.05275 0.16472 0.01251 ( 1)
 486 R   0.77085 0.05189 0.16492 0.01234 ( 1)
 487 N   0.03421 0.76604 0.00734 0.19241 ( 2)
 488 S   0.75774 0.06537 0.16187 0.01503 ( 1)
 489 S   0.76179 0.06121 0.16280 0.01421 ( 1)
 490 I   0.30698 0.50967 0.06559 0.11776 ( 2)
 491 A   0.75753 0.06552 0.16184 0.01510 ( 1)
 492 L   0.75516 0.06732 0.16155 0.01597 ( 1)
 493 Q   0.75437 0.06814 0.16136 0.01612 ( 1)
 494 Q   0.75437 0.06814 0.16136 0.01612 ( 1)
 495 A   0.75418 0.06834 0.16132 0.01616 ( 1)
