Supplemental results for CODEML (seqf: /home/leticiamagpali/phd/evol_models/codeml/small_dataset/cml_align/MYH2_codon_aligned.phy  treef: /home/leticiamagpali/phd/evol_models/codeml/small_dataset/cml_trees/gene_trees/H3_gene_trees/MYH2_codon_H3.tre)

I	J	ij	2Ns_IJ	pMut_IJ	pSub_IJ	2Ns_JI	pMut_JI	pSub_JI

TTC	TTT	CT	-1.49693	0.07538	0.03254	1.49693	0.01687	0.03254
TTA	TTT	AT	8.93407	0.00000	0.00000	-8.93407	0.00828	0.00001
TTA	TTC	AC	10.43100	0.00000	0.00000	-10.43100	0.02344	0.00001
TTG	TTT	GT	0.92544	0.00513	0.00786	-0.92544	0.01293	0.00786
TTG	TTC	GC	2.42236	0.00325	0.00863	-2.42236	0.03661	0.00863
TTG	TTA	GA	-8.00864	0.00567	0.00002	8.00864	0.00000	0.00000
TCT	TTT	CT	0.67257	0.00861	0.01183	-0.67257	0.01687	0.01183
TCC	TTC	CT	0.09147	0.04358	0.04561	-0.09147	0.04776	0.04561
TCC	TCT	CT	-2.07802	0.04358	0.01296	2.07802	0.00546	0.01296
TCA	TTA	CT	-9.20546	0.01298	0.00001	9.20546	0.00000	0.00000
TCA	TCT	AT	-0.94396	0.00688	0.00414	0.94396	0.00268	0.00414
TCA	TCC	AC	1.13407	0.00436	0.00729	-1.13407	0.01355	0.00729
TCG	TTG	CT	0.12054	0.00543	0.00577	-0.12054	0.00613	0.00577
TCG	TCT	GT	0.37341	0.00288	0.00345	-0.37341	0.00418	0.00345
TCG	TCC	GC	2.45143	0.00182	0.00489	-2.45143	0.02117	0.00489
TCG	TCA	GA	1.31736	0.00319	0.00573	-1.31736	0.01190	0.00573
TAT	TTT	AT	0.32728	0.00597	0.00700	-0.32728	0.00828	0.00700
TAT	TCT	AC	-0.34529	0.00378	0.00317	0.34529	0.00268	0.00317
TAC	TTC	AT	0.17929	0.01959	0.02140	-0.17929	0.02344	0.02140
TAC	TCC	AC	0.08782	0.01241	0.01296	-0.08782	0.01355	0.01296
TAC	TAT	CT	-1.64491	0.03696	0.01454	1.64491	0.00713	0.01454
TGT	TTT	GT	4.11729	0.00021	0.00088	-4.11729	0.01293	0.00088
TGT	TCT	GC	3.44472	0.00013	0.00047	-3.44472	0.00418	0.00047
TGT	TAT	GA	3.79001	0.00023	0.00090	-3.79001	0.01032	0.00090
TGC	TTC	GT	1.27974	0.01018	0.01805	-1.27974	0.03661	0.01805
TGC	TCC	GC	1.18827	0.00645	0.01102	-1.18827	0.02117	0.01102
TGC	TAC	GA	1.10045	0.01127	0.01858	-1.10045	0.03387	0.01858
TGC	TGT	CT	-4.33447	0.01921	0.00111	4.33447	0.00025	0.00111
TGG	TTG	GT	-0.74571	0.00990	0.00666	0.74571	0.00470	0.00666
TGG	TCG	GC	-0.86624	0.00627	0.00394	0.86624	0.00264	0.00394
TGG	TGT	GT	-3.93755	0.00990	0.00078	3.93755	0.00019	0.00078
TGG	TGC	GC	0.39692	0.00627	0.00760	-0.39692	0.00933	0.00760
CTT	TTT	CT	0.89571	0.00689	0.01043	-0.89571	0.01687	0.01043
CTC	TTC	CT	0.14133	0.04146	0.04446	-0.14133	0.04776	0.04446
CTC	CTT	CT	-2.25131	0.04146	0.01098	2.25131	0.00436	0.01098
CTA	TTA	CT	-8.59079	0.00702	0.00001	8.59079	0.00000	0.00000
CTA	CTT	AT	-0.55242	0.00372	0.00279	0.55242	0.00214	0.00279
CTA	CTC	AC	1.69889	0.00236	0.00490	-1.69889	0.01289	0.00490
CTG	TTG	CT	-3.28956	0.16440	0.02094	3.28956	0.00613	0.02094
CTG	CTT	GT	-3.25984	0.08714	0.01134	3.25984	0.00335	0.01134
CTG	CTC	GC	-1.00853	0.05521	0.03197	1.00853	0.02014	0.03197
CTG	CTA	GA	-2.70741	0.09644	0.01866	2.70741	0.00643	0.01866
CCT	TCT	CT	0.82767	0.00238	0.00351	-0.82767	0.00546	0.00351
CCT	CTT	CT	0.60452	0.00238	0.00318	-0.60452	0.00436	0.00318
CCC	TCC	CT	0.11396	0.02464	0.02607	-0.11396	0.02761	0.02607
CCC	CTC	CT	0.06411	0.02464	0.02544	-0.06411	0.02627	0.02544
CCC	CCT	CT	-2.79173	0.02464	0.00449	2.79173	0.00151	0.00449
CCA	TCA	CT	0.12128	0.00729	0.00774	-0.12128	0.00823	0.00774
CCA	CTA	CT	-0.49339	0.00729	0.00564	0.49339	0.00445	0.00564
CCA	CCT	AT	-1.65034	0.00386	0.00151	1.65034	0.00074	0.00151
CCA	CCC	AC	1.14139	0.00245	0.00410	-1.14139	0.00766	0.00410
CCG	TCG	CT	-1.44326	0.01457	0.00650	1.44326	0.00344	0.00650
CCG	CTG	CT	1.96684	0.01457	0.03332	-1.96684	0.10416	0.03332
CCG	CCT	GT	-1.89752	0.00772	0.00259	1.89752	0.00116	0.00259
CCG	CCC	GC	0.89421	0.00489	0.00740	-0.89421	0.01197	0.00740
CCG	CCA	GA	-0.24718	0.00855	0.00754	0.24718	0.00668	0.00754
CAT	TAT	CT	1.50139	0.00159	0.00307	-1.50139	0.00713	0.00307
CAT	CTT	AT	0.93296	0.00084	0.00130	-0.93296	0.00214	0.00130
CAT	CCT	AC	0.32844	0.00053	0.00063	-0.32844	0.00074	0.00063
CAC	TAC	CT	-0.39729	0.03484	0.02838	0.39729	0.02342	0.02838
CAC	CTC	AT	-0.35933	0.01847	0.01535	0.35933	0.01289	0.01535
CAC	CCC	AC	-0.42343	0.01170	0.00940	0.42343	0.00766	0.00940
CAC	CAT	CT	-3.54360	0.03484	0.00368	3.54360	0.00101	0.00368
CAA	CTA	AT	-1.12743	0.00674	0.00364	1.12743	0.00218	0.00364
CAA	CCA	AC	-0.63404	0.00427	0.00306	0.63404	0.00227	0.00306
CAA	CAT	AT	-2.61282	0.00674	0.00139	2.61282	0.00049	0.00139
CAA	CAC	AC	0.93078	0.00427	0.00656	-0.93078	0.01083	0.00656
CAG	CTG	AT	0.11795	0.04543	0.04816	-0.11795	0.05112	0.04816
CAG	CCG	AC	-1.84889	0.02878	0.00994	1.84889	0.00453	0.00994
CAG	CAT	GT	-4.07485	0.04543	0.00320	4.07485	0.00077	0.00320
CAG	CAC	GC	-0.53125	0.02878	0.02181	0.53125	0.01692	0.02181
CAG	CAA	GA	-1.46203	0.05028	0.02218	1.46203	0.01165	0.02218
CGT	TGT	CT	-2.68994	0.00371	0.00073	2.68994	0.00025	0.00073
CGT	CTT	GT	0.53163	0.00197	0.00253	-0.53163	0.00335	0.00253
CGT	CCT	GC	-0.07289	0.00125	0.00120	0.07289	0.00116	0.00120
CGT	CAT	GA	-0.40133	0.00218	0.00177	0.40133	0.00146	0.00177
CGC	TGC	CT	-1.12152	0.03736	0.02024	1.12152	0.01217	0.02024
CGC	CTC	GT	0.01689	0.01980	0.01997	-0.01689	0.02014	0.01997
CGC	CCC	GC	-0.04722	0.01255	0.01225	0.04722	0.01197	0.01225
CGC	CAC	GA	0.37622	0.02191	0.02629	-0.37622	0.03192	0.02629
CGC	CGT	CT	-2.76605	0.03736	0.00694	2.76605	0.00235	0.00694
CGA	CTA	GT	-0.43460	0.00527	0.00420	0.43460	0.00341	0.00420
CGA	CCA	GC	0.05879	0.00334	0.00344	-0.05879	0.00354	0.00344
CGA	CAA	GA	0.69283	0.00583	0.00808	-0.69283	0.01165	0.00808
CGA	CGT	AT	-1.51866	0.00527	0.00224	1.51866	0.00115	0.00224
CGA	CGC	AC	1.24739	0.00334	0.00584	-1.24739	0.01162	0.00584
CGG	TGG	CT	-0.52487	0.02000	0.01521	0.52487	0.01183	0.01521
CGG	CTG	GT	2.01899	0.01060	0.02468	-2.01899	0.07984	0.02468
CGG	CCG	GC	0.05214	0.00672	0.00689	-0.05214	0.00708	0.00689
CGG	CAG	GA	1.90103	0.01173	0.02623	-1.90103	0.07854	0.02623
CGG	CGT	GT	-1.77248	0.01060	0.00385	1.77248	0.00180	0.00385
CGG	CGC	GC	0.99357	0.00672	0.01060	-0.99357	0.01814	0.01060
CGG	CGA	GA	-0.25382	0.01173	0.01031	0.25382	0.00910	0.01031
ATT	TTT	AT	-0.61914	0.01538	0.01110	0.61914	0.00828	0.01110
ATT	CTT	AC	-1.51485	0.00974	0.00416	1.51485	0.00214	0.00416
ATC	TTC	AT	-0.68173	0.04634	0.03233	0.68173	0.02344	0.03233
ATC	CTC	AC	-0.82306	0.02936	0.01892	0.82306	0.01289	0.01892
ATC	ATT	CT	-1.55952	0.08743	0.03630	1.55952	0.01838	0.03630
ATA	TTA	AT	-9.15187	0.00604	0.00001	9.15187	0.00000	0.00000
ATA	CTA	AC	-0.56108	0.00383	0.00285	0.56108	0.00218	0.00285
ATA	ATT	AT	0.40135	0.00604	0.00733	-0.40135	0.00902	0.00733
ATA	ATC	AC	1.96087	0.00383	0.00873	-1.96087	0.02718	0.00873
ATG	TTG	AT	-2.53448	0.03792	0.00828	2.53448	0.00301	0.00828
ATG	CTG	AC	0.75508	0.02402	0.03422	-0.75508	0.05112	0.03422
ATG	ATT	GT	-0.98990	0.03792	0.02220	0.98990	0.01409	0.02220
ATG	ATC	GC	0.56961	0.02402	0.03151	-0.56961	0.04246	0.03151
ATG	ATA	GA	-1.39125	0.04196	0.01933	1.39125	0.01044	0.01933
ACT	TCT	AT	-0.90228	0.00660	0.00406	0.90228	0.00268	0.00406
ACT	CCT	AC	-1.72995	0.00418	0.00156	1.72995	0.00074	0.00156
ACT	ATT	CT	0.38943	0.01245	0.01503	-0.38943	0.01838	0.01503
ACC	TCC	AT	-0.50564	0.02247	0.01726	0.50564	0.01355	0.01726
ACC	CCC	AC	-0.61960	0.01424	0.01028	0.61960	0.00766	0.01028
ACC	ATC	CT	0.26757	0.04239	0.04831	-0.26757	0.05540	0.04831
ACC	ACT	CT	-1.68138	0.04239	0.01630	1.68138	0.00789	0.01630
ACA	TCA	AT	-0.69334	0.00807	0.00560	0.69334	0.00404	0.00560
ACA	CCA	AC	-0.81462	0.00512	0.00331	0.81462	0.00227	0.00331
ACA	ATA	CT	-0.74694	0.01523	0.01025	0.74694	0.00722	0.01025
ACA	ACT	AT	-0.73501	0.00807	0.00547	0.73501	0.00387	0.00547
ACA	ACC	AC	0.94636	0.00512	0.00791	-0.94636	0.01318	0.00791
ACG	TCG	AT	-1.81024	0.01032	0.00366	1.81024	0.00169	0.00366
ACG	CCG	AC	-0.36698	0.00654	0.00541	0.36698	0.00453	0.00541
ACG	ATG	CT	0.84479	0.01947	0.02884	-0.84479	0.04532	0.02884
ACG	ACT	GT	-0.53454	0.01032	0.00781	0.53454	0.00605	0.00781
ACG	ACC	GC	1.14683	0.00654	0.01099	-1.14683	0.02059	0.01099
ACG	ACA	GA	0.20047	0.01142	0.01261	-0.20047	0.01396	0.01261
AAT	TAT	AT	-0.16826	0.00414	0.00380	0.16826	0.00350	0.00380
AAT	CAT	AC	-1.66966	0.00262	0.00102	1.66966	0.00049	0.00102
AAT	ATT	AT	0.77816	0.00414	0.00596	-0.77816	0.00902	0.00596
AAT	ACT	AC	0.38873	0.00262	0.00317	-0.38873	0.00387	0.00317
AAC	TAC	AT	-1.50067	0.05154	0.02219	1.50067	0.01149	0.02219
AAC	CAC	AC	-1.10338	0.03265	0.01789	1.10338	0.01083	0.01789
AAC	ATC	AT	-0.63964	0.05154	0.03680	0.63964	0.02718	0.03680
AAC	ACC	AC	-0.90721	0.03265	0.02005	0.90721	0.01318	0.02005
AAC	AAT	CT	-2.97732	0.09723	0.01553	2.97732	0.00495	0.01553
AAA	CAA	AC	-0.98495	0.01059	0.00622	0.98495	0.00395	0.00622
AAA	ATA	AT	-1.55130	0.01671	0.00697	1.55130	0.00354	0.00697
AAA	ACA	AC	-0.80436	0.01059	0.00689	0.80436	0.00474	0.00689
AAA	AAT	AT	-1.92811	0.01671	0.00548	1.92811	0.00243	0.00548
AAA	AAC	AC	1.04921	0.01059	0.01710	-1.04921	0.03023	0.01710
AAG	CAG	AC	-0.86098	0.06304	0.03975	0.86098	0.02665	0.03975
AAG	ATG	AT	-1.49810	0.09949	0.04291	1.49810	0.02224	0.04291
AAG	ACG	AC	-2.34289	0.06304	0.01569	2.34289	0.00605	0.01569
AAG	AAT	GT	-3.26617	0.09949	0.01289	3.26617	0.00380	0.01289
AAG	AAC	GC	-0.28884	0.06304	0.05437	0.28884	0.04722	0.05437
AAG	AAA	GA	-1.33806	0.11012	0.05240	1.33806	0.02889	0.05240
AGT	TGT	AT	-1.22652	0.00042	0.00021	1.22652	0.00012	0.00021
AGT	CGT	AC	1.46342	0.00027	0.00051	-1.46342	0.00115	0.00051
AGT	ATT	GT	3.50991	0.00042	0.00152	-3.50991	0.01409	0.00152
AGT	ACT	GC	3.12048	0.00027	0.00087	-3.12048	0.00605	0.00087
AGT	AAT	GA	2.73175	0.00047	0.00136	-2.73175	0.00716	0.00136
AGC	TGC	AT	-0.65651	0.01152	0.00815	0.65651	0.00597	0.00815
AGC	CGC	AC	0.46502	0.00730	0.00912	-0.46502	0.01162	0.00912
AGC	ATC	GT	1.30497	0.01152	0.02062	-1.30497	0.04246	0.02062
AGC	ACC	GC	1.03740	0.00730	0.01172	-1.03740	0.02059	0.01172
AGC	AAC	GA	1.94461	0.01274	0.02892	-1.94461	0.08910	0.02892
AGC	AGT	CT	-3.76446	0.02173	0.00194	3.76446	0.00050	0.00194
AGA	CGA	AC	0.11333	0.00276	0.00292	-0.11333	0.00309	0.00292
AGA	ATA	GT	0.23981	0.00435	0.00490	-0.23981	0.00553	0.00490
AGA	ACA	GC	0.98674	0.00276	0.00434	-0.98674	0.00740	0.00434
AGA	AAA	GA	1.79110	0.00482	0.01036	-1.79110	0.02889	0.01036
AGA	AGT	AT	-2.86875	0.00435	0.00075	2.86875	0.00025	0.00075
AGA	AGC	AC	0.89571	0.00276	0.00418	-0.89571	0.00676	0.00418
AGG	TGG	AT	-0.54746	0.01004	0.00754	0.54746	0.00581	0.00754
AGG	CGG	AC	-0.02259	0.00636	0.00629	0.02259	0.00622	0.00629
AGG	ATG	GT	1.24132	0.01004	0.01753	-1.24132	0.03474	0.01753
AGG	ACG	GC	0.39653	0.00636	0.00771	-0.39653	0.00946	0.00771
AGG	AAG	GA	2.73942	0.01111	0.03254	-2.73942	0.17200	0.03254
AGG	AGT	GT	-3.25849	0.01004	0.00131	3.25849	0.00039	0.00131
AGG	AGC	GC	0.50597	0.00636	0.00811	-0.50597	0.01055	0.00811
AGG	AGA	GA	-0.38974	0.01111	0.00909	0.38974	0.00753	0.00909
GTT	TTT	GT	2.57684	0.00098	0.00274	-2.57684	0.01293	0.00274
GTT	CTT	GC	1.68113	0.00062	0.00129	-1.68113	0.00335	0.00129
GTT	ATT	GA	3.19598	0.00109	0.00363	-3.19598	0.02658	0.00363
GTC	TTC	GT	1.39666	0.00906	0.01681	-1.39666	0.03661	0.01681
GTC	CTC	GC	1.25533	0.00574	0.01008	-1.25533	0.02014	0.01008
GTC	ATC	GA	2.07840	0.01002	0.02382	-2.07840	0.08011	0.02382
GTC	GTT	CT	-2.67711	0.01709	0.00338	2.67711	0.00118	0.00338
GTA	TTA	GT	-7.58376	0.00197	0.00001	7.58376	0.00000	0.00000
GTA	CTA	GC	1.00703	0.00125	0.00198	-1.00703	0.00341	0.00198
GTA	ATA	GA	1.56811	0.00218	0.00431	-1.56811	0.01044	0.00431
GTA	GTT	AT	-1.22652	0.00197	0.00100	1.22652	0.00058	0.00100
GTA	GTC	AC	1.45058	0.00125	0.00236	-1.45058	0.00531	0.00236
GTG	TTG	GT	-1.66342	0.02479	0.00964	1.66342	0.00470	0.00964
GTG	CTG	GC	1.62615	0.01570	0.03179	-1.62615	0.07984	0.03179
GTG	ATG	GA	0.87107	0.02743	0.04109	-0.87107	0.06555	0.04109
GTG	GTT	GT	-3.31482	0.02479	0.00310	3.31482	0.00090	0.00310
GTG	GTC	GC	-0.63771	0.01570	0.01123	0.63771	0.00830	0.01123
GTG	GTA	GA	-2.08830	0.02743	0.00810	2.08830	0.00340	0.00810
GCT	TCT	GT	-1.06051	0.01208	0.00678	1.06051	0.00418	0.00678
GCT	CCT	GC	-1.88818	0.00765	0.00258	1.88818	0.00116	0.00258
GCT	ACT	GA	-0.15823	0.01337	0.01234	0.15823	0.01141	0.01234
GCT	GTT	CT	-2.96479	0.02278	0.00367	2.96479	0.00118	0.00367
GCC	TCC	GT	-0.63523	0.03995	0.02860	0.63523	0.02117	0.02860
GCC	CCC	GC	-0.74919	0.02531	0.01700	0.74919	0.01197	0.01700
GCC	ACC	GA	-0.12959	0.04422	0.04141	0.12959	0.03884	0.04141
GCC	GTC	CT	-1.94042	0.07538	0.02453	1.94042	0.01083	0.02453
GCC	GCT	CT	-1.65274	0.07538	0.02951	1.65274	0.01444	0.02951
GCA	TCA	GT	-0.54586	0.01088	0.00818	0.54586	0.00631	0.00818
GCA	CCA	GC	-0.66715	0.00690	0.00485	0.66715	0.00354	0.00485
GCA	ACA	GA	0.14748	0.01205	0.01296	-0.14748	0.01396	0.01296
GCA	GTA	CT	-2.16757	0.02053	0.00575	2.16757	0.00235	0.00575
GCA	GCT	AT	-0.42931	0.01088	0.00871	0.42931	0.00708	0.00871
GCA	GCC	AC	1.22343	0.00690	0.01195	-1.22343	0.02344	0.01195
GCG	TCG	GT	-0.36282	0.00379	0.00315	0.36282	0.00264	0.00315
GCG	CCG	GC	1.08044	0.00240	0.00393	-1.08044	0.00708	0.00393
GCG	ACG	GA	1.44742	0.00420	0.00794	-1.44742	0.01784	0.00794
GCG	GTG	CT	1.42113	0.00715	0.01340	-1.42113	0.02963	0.01340
GCG	GCT	GT	1.07110	0.00379	0.00618	-1.07110	0.01107	0.00618
GCG	GCC	GC	2.72384	0.00240	0.00700	-2.72384	0.03661	0.00700
GCG	GCA	GA	1.50041	0.00420	0.00810	-1.50041	0.01881	0.00810
GAT	TAT	GT	-1.08283	0.01615	0.00895	1.08283	0.00547	0.00895
GAT	CAT	GC	-2.58423	0.01023	0.00216	2.58423	0.00077	0.00216
GAT	AAT	GA	-0.91457	0.01787	0.01093	0.91457	0.00716	0.01093
GAT	GTT	AT	-3.33240	0.01615	0.00199	3.33240	0.00058	0.00199
GAT	GCT	AC	-0.36761	0.01023	0.00847	0.36761	0.00708	0.00847
GAC	TAC	GT	-0.99433	0.04852	0.02833	0.99433	0.01795	0.02833
GAC	CAC	GC	-0.59704	0.03074	0.02247	0.59704	0.01692	0.02247
GAC	AAC	GA	0.50634	0.05370	0.06843	-0.50634	0.08910	0.06843
GAC	GTC	AT	-2.21170	0.04852	0.01320	2.21170	0.00531	0.01320
GAC	GCC	AC	-0.27128	0.03074	0.02676	0.27128	0.02344	0.02676
GAC	GAT	CT	-1.55641	0.09154	0.03808	1.55641	0.01930	0.03808
GAA	CAA	GC	-0.50479	0.01023	0.00787	0.50479	0.00618	0.00787
GAA	AAA	GA	0.48016	0.01787	0.02251	-0.48016	0.02889	0.02251
GAA	GTA	AT	-2.63925	0.01615	0.00328	2.63925	0.00115	0.00328
GAA	GCA	AC	-0.47168	0.01023	0.00801	0.47168	0.00638	0.00801
GAA	GAT	AT	-0.53337	0.01615	0.01222	0.53337	0.00947	0.01222
GAA	GAC	AC	1.02304	0.01023	0.01634	-1.02304	0.02846	0.01634
GAG	CAG	GC	-0.49630	0.06838	0.05281	0.49630	0.04163	0.05281
GAG	AAG	GA	0.36468	0.11944	0.14254	-0.36468	0.17200	0.14254
GAG	GTG	AT	-2.00449	0.10792	0.03368	2.00449	0.01454	0.03368
GAG	GCG	AC	-3.42563	0.06838	0.00788	3.42563	0.00222	0.00788
GAG	GAT	GT	-1.98692	0.10792	0.03407	1.98692	0.01480	0.03407
GAG	GAC	GC	-0.43050	0.06838	0.05471	0.43050	0.04446	0.05471
GAG	GAA	GA	-1.45354	0.11944	0.05296	1.45354	0.02792	0.05296
GGT	TGT	GT	-1.87917	0.00126	0.00043	1.87917	0.00019	0.00043
GGT	CGT	GC	0.81078	0.00080	0.00117	-0.81078	0.00180	0.00117
GGT	AGT	GA	-0.65264	0.00140	0.00099	0.65264	0.00073	0.00099
GGT	GTT	GT	-0.33872	0.00126	0.00106	0.33872	0.00090	0.00106
GGT	GCT	GC	2.62607	0.00080	0.00227	-2.62607	0.01107	0.00227
GGT	GAT	GA	2.99368	0.00140	0.00441	-2.99368	0.02792	0.00441
GGC	TGC	GT	-1.05871	0.02689	0.01512	1.05871	0.00933	0.01512
GGC	CGC	GC	0.06282	0.01704	0.01758	-0.06282	0.01814	0.01758
GGC	AGC	GA	-0.40220	0.02976	0.02418	0.40220	0.01991	0.02418
GGC	GTC	GT	-1.17563	0.02689	0.01411	1.17563	0.00830	0.01411
GGC	GCC	GC	0.76479	0.01704	0.02438	-0.76479	0.03661	0.02438
GGC	GAC	GA	1.03607	0.02976	0.04780	-1.03607	0.08388	0.04780
GGC	GGT	CT	-3.51401	0.05074	0.00547	3.51401	0.00151	0.00547
GGA	CGA	GC	-0.15776	0.00565	0.00522	0.15776	0.00483	0.00522
GGA	AGA	GA	-0.27108	0.00987	0.00859	0.27108	0.00753	0.00859
GGA	GTA	GT	-1.59939	0.00892	0.00361	1.59939	0.00180	0.00361
GGA	GCA	GC	0.56818	0.00565	0.00741	-0.56818	0.00997	0.00741
GGA	GAA	GA	1.03986	0.00987	0.01587	-1.03986	0.02792	0.01587
GGA	GGT	AT	-2.48719	0.00892	0.00201	2.48719	0.00074	0.00201
GGA	GGC	AC	1.02682	0.00565	0.00904	-1.02682	0.01578	0.00904
GGG	TGG	GT	-0.61092	0.01671	0.01212	0.61092	0.00907	0.01212
GGG	CGG	GC	-0.08605	0.01059	0.01014	0.08605	0.00971	0.01014
GGG	AGG	GA	-0.06346	0.01850	0.01791	0.06346	0.01736	0.01791
GGG	GTG	GT	0.30679	0.01671	0.01941	-0.30679	0.02271	0.01941
GGG	GCG	GC	-1.11434	0.01059	0.00576	1.11434	0.00347	0.00576
GGG	GAG	GA	2.31129	0.01850	0.04745	-2.31129	0.18657	0.04745
GGG	GGT	GT	-2.66931	0.01671	0.00332	2.66931	0.00116	0.00332
GGG	GGC	GC	0.84471	0.01059	0.01568	-0.84471	0.02464	0.01568
GGG	GGA	GA	-0.18212	0.01850	0.01686	0.18212	0.01542	0.01686


Histograms
2Ns	FMut	FSub(CodonUsage)	FSubw(after w)

-9.93429	0.00244	0.00000
-8.94086	0.00357	0.00001
-7.94743	0.00079	0.00000
-6.95400	0.00000	0.00000
-5.96057	0.00000	0.00000
-4.96714	0.00000	0.00000
-3.97371	0.02278	0.00279
-2.98029	0.12211	0.02709
-1.98686	0.22026	0.10316
-0.99343	0.25159	0.20710
0.00000	0.23582	0.31973
0.99343	0.09926	0.20710
1.98686	0.03446	0.10316
2.98029	0.00638	0.02709
3.97371	0.00053	0.00279
4.96714	0.00000	0.00000
5.96057	0.00000	0.00000
6.95400	0.00000	0.00000
7.94743	0.00000	0.00000
8.94086	0.00000	0.00000
9.93429	0.00000	0.00000

Proportion of advantageous (S > 0) mutations:
 0.24281

Proportions of good & bad mutations (|S| > 2.0000) among mutations:
0.01582  0.23033

mean |Ns| = 1.41240	mean Ns+ = 0.81473	mean Ns- = -1.60405


MLEs of dN/dS (w) for site classes (K=3)

site class             0         1         2
proportion        0.00000   0.09744   0.90255
branch type 0:    0.00000   1.00000   0.00827
branch type 1:    0.00000   1.00000   0.00000

Naive Empirical Bayes (NEB) probabilities for 3 classes
(amino acids refer to 1st sequence: Bbon)

   1 E   0.00000 0.02315 0.97684 ( 3)
   2 S   0.00000 0.01822 0.98177 ( 3)
   3 G   0.00000 0.01554 0.98446 ( 3)
   4 A   0.00000 0.03060 0.96940 ( 3)
   5 G   0.00000 0.01554 0.98446 ( 3)
   6 K   0.00000 0.03927 0.96072 ( 3)
   7 T   0.00000 0.01569 0.98431 ( 3)
   8 V   0.00000 0.00423 0.99577 ( 3)
   9 N   0.00000 0.02431 0.97568 ( 3)
  10 T   0.00000 0.01605 0.98394 ( 3)
  11 K   0.00000 0.03927 0.96072 ( 3)
  12 R   0.00000 0.00769 0.99231 ( 3)
  13 V   0.00000 0.00423 0.99577 ( 3)
  14 I   0.00000 0.02859 0.97141 ( 3)
  15 Q   0.00000 0.02953 0.97046 ( 3)
  16 Y   0.00000 0.01563 0.98437 ( 3)
  17 F   0.00000 0.03682 0.96317 ( 3)
  18 A   0.00000 0.04259 0.95740 ( 3)
  19 V   0.00000 0.00423 0.99577 ( 3)
  20 I   0.00000 0.03229 0.96770 ( 3)
  21 A   0.00000 0.03379 0.96621 ( 3)
  22 A   0.00000 0.03352 0.96648 ( 3)
  23 I   0.00000 0.03204 0.96795 ( 3)
  24 G   0.00000 0.02148 0.97851 ( 3)
  25 D   0.00000 0.02433 0.97567 ( 3)
  26 R   0.00000 0.02321 0.97679 ( 3)
  27 S   0.00000 0.00620 0.99379 ( 3)
  28 K   0.00000 0.03927 0.96072 ( 3)
  29 K   0.00000 0.03745 0.96255 ( 3)
  30 E   0.00000 0.03896 0.96103 ( 3)
  31 Q   0.00000 0.78039 0.21961 ( 2)
  32 T   0.00000 0.99678 0.00322 ( 2)
  33 S   0.00000 0.84387 0.15613 ( 2)
  34 G   0.00000 0.02323 0.97677 ( 3)
  35 K   0.00000 0.03927 0.96072 ( 3)
  36 -   0.00000 0.02235 0.97765 ( 3)
  37 T   0.00000 0.02622 0.97378 ( 3)
  38 L   0.00000 0.06474 0.93525 ( 3)
  39 E   0.00000 0.04998 0.95002 ( 3)
  40 D   0.00000 0.03160 0.96839 ( 3)
  41 Q   0.00000 0.03907 0.96092 ( 3)
  42 I   0.00000 0.03814 0.96186 ( 3)
  43 I   0.00000 0.03814 0.96186 ( 3)
  44 Q   0.00000 0.03907 0.96092 ( 3)
  45 A   0.00000 0.04245 0.95754 ( 3)
  46 N   0.00000 0.03369 0.96630 ( 3)
  47 P   0.00000 0.01952 0.98048 ( 3)
  48 A   0.00000 0.04245 0.95754 ( 3)
  49 L   0.00000 0.06559 0.93440 ( 3)
  50 E   0.00000 0.04831 0.95169 ( 3)
  51 A   0.00000 0.04245 0.95754 ( 3)
  52 F   0.00000 0.04086 0.95914 ( 3)
  53 G   0.00000 0.03254 0.96746 ( 3)
  54 N   0.00000 0.03369 0.96630 ( 3)
  55 A   0.00000 0.04245 0.95754 ( 3)
  56 K   0.00000 0.04860 0.95140 ( 3)
  57 T   0.00000 0.02467 0.97533 ( 3)
  58 V   0.00000 0.00881 0.99118 ( 3)
  59 R   0.00000 0.01956 0.98044 ( 3)
  60 N   0.00000 0.01621 0.98378 ( 3)
  61 D   0.00000 0.02984 0.97015 ( 3)
  62 N   0.00000 0.03369 0.96630 ( 3)
  63 S   0.00000 0.02741 0.97258 ( 3)
  64 S   0.00000 0.02741 0.97258 ( 3)
  65 R   0.00000 0.03252 0.96748 ( 3)
  66 F   0.00000 1.00000 0.00000 ( 2)
  67 -   0.00000 0.03893 0.96106 ( 3)
  68 -   0.00000 0.03776 0.96223 ( 3)
  69 -   0.00000 0.04223 0.95777 ( 3)
  70 -   0.00000 0.04351 0.95648 ( 3)
  71 -   0.00000 0.03852 0.96147 ( 3)
  72 -   0.00000 0.00248 0.99752 ( 3)
  73 -   0.00000 0.04667 0.95333 ( 3)
  74 -   0.00000 0.02407 0.97592 ( 3)
  75 -   0.00000 0.04283 0.95716 ( 3)
  76 -   0.00000 0.02488 0.97511 ( 3)
  77 -   0.00000 0.03858 0.96142 ( 3)
  78 -   0.00000 0.04896 0.95103 ( 3)
  79 -   0.00000 0.01450 0.98550 ( 3)
  80 -   0.00000 0.01416 0.98583 ( 3)
  81 -   0.00000 0.02543 0.97457 ( 3)
  82 -   0.00000 0.04053 0.95946 ( 3)
  83 -   0.00000 0.03022 0.96978 ( 3)
  84 -   0.00000 0.01840 0.98160 ( 3)
  85 -   0.00000 0.04868 0.95132 ( 3)
  86 -   0.00000 0.02488 0.97511 ( 3)
  87 -   0.00000 0.03514 0.96486 ( 3)
  88 -   0.00000 0.02555 0.97445 ( 3)
  89 -   0.00000 0.06478 0.93521 ( 3)
  90 -   0.00000 0.03138 0.96861 ( 3)
  91 -   0.00000 0.03748 0.96252 ( 3)
  92 -   0.00000 0.02637 0.97363 ( 3)
  93 -   0.00000 0.01893 0.98107 ( 3)
  94 -   0.00000 0.00388 0.99612 ( 3)
  95 -   0.00000 0.04077 0.95922 ( 3)
  96 -   0.00000 0.03626 0.96374 ( 3)
  97 -   0.00000 0.03802 0.96198 ( 3)
  98 -   0.00000 0.06478 0.93521 ( 3)
  99 -   0.00000 0.99999 0.00001 ( 2)
 100 -   0.00000 0.03907 0.96092 ( 3)
 101 -   0.00000 0.04726 0.95274 ( 3)
 102 -   0.00000 0.01893 0.98107 ( 3)
 103 -   0.00000 0.03263 0.96736 ( 3)
 104 -   0.00000 0.03754 0.96245 ( 3)
 105 -   0.00000 0.01729 0.98271 ( 3)
 106 -   0.00000 0.04077 0.95922 ( 3)
 107 -   0.00000 0.03626 0.96374 ( 3)
 108 -   0.00000 0.02304 0.97696 ( 3)
 109 -   0.00000 0.03042 0.96958 ( 3)
 110 -   0.00000 0.03704 0.96296 ( 3)
 111 -   0.00000 0.05022 0.94978 ( 3)
 112 -   0.00000 0.02406 0.97593 ( 3)
 113 -   0.00000 0.03262 0.96738 ( 3)
 114 -   0.00000 0.78422 0.21578 ( 2)
 115 -   0.00000 0.04756 0.95244 ( 3)
 116 -   0.00000 0.01106 0.98893 ( 3)
 117 -   0.00000 0.04726 0.95274 ( 3)
 118 -   0.00000 0.06121 0.93879 ( 3)
 119 -   0.00000 0.06478 0.93521 ( 3)
 120 -   0.00000 0.03183 0.96817 ( 3)
 121 M   0.00000 0.99992 0.00008 ( 2)
 122 L   0.00000 0.05506 0.94494 ( 3)
 123 L   0.00000 0.05098 0.94901 ( 3)
 124 I   0.00000 0.02654 0.97345 ( 3)
 125 T   0.00000 0.01440 0.98559 ( 3)
 126 N   0.00000 0.02236 0.97764 ( 3)
 127 N   0.00000 0.02236 0.97764 ( 3)
 128 P   0.00000 0.01050 0.98950 ( 3)
 129 Y   0.00000 0.02703 0.97297 ( 3)
 130 D   0.00000 0.01889 0.98111 ( 3)
 131 Y   0.00000 0.02227 0.97773 ( 3)
 132 A   0.00000 1.00000 0.00000 ( 2)
 133 F   0.00000 0.03030 0.96969 ( 3)
 134 I   0.00000 0.02654 0.97345 ( 3)
 135 S   0.00000 0.01679 0.98321 ( 3)
 136 Q   0.00000 0.02035 0.97965 ( 3)
 137 G   0.00000 0.02628 0.97371 ( 3)
 138 E   0.00000 0.03686 0.96314 ( 3)
 139 T   0.00000 0.01952 0.98047 ( 3)
 140 T   0.00000 0.01952 0.98047 ( 3)
 141 V   0.00000 0.01734 0.98266 ( 3)
 142 P   0.00000 1.00000 0.00000 ( 2)
 143 S   0.00000 0.03678 0.96322 ( 3)
 144 I   0.00000 0.03021 0.96979 ( 3)
 145 D   0.00000 0.02209 0.97790 ( 3)
 146 D   0.00000 0.02090 0.97910 ( 3)
 147 A   0.00000 0.02852 0.97147 ( 3)
 148 E   0.00000 0.03686 0.96314 ( 3)
 149 E   0.00000 0.03686 0.96314 ( 3)
 150 L   0.00000 0.01609 0.98391 ( 3)
 151 M   0.00000 0.01515 0.98485 ( 3)
 152 A   0.00000 0.03081 0.96919 ( 3)
 153 T   0.00000 0.01897 0.98103 ( 3)
 154 D   0.00000 0.02238 0.97762 ( 3)
 155 A   0.00000 0.99997 0.00003 ( 2)
 156 F   0.00000 0.99997 0.00003 ( 2)
 157 D   0.00000 0.02876 0.97124 ( 3)
 158 V   0.00000 0.02328 0.97671 ( 3)
 159 L   0.00000 0.06181 0.93818 ( 3)
 160 G   0.00000 0.86742 0.13258 ( 2)
 161 F   0.00000 0.03232 0.96767 ( 3)
 162 T   0.00000 0.99997 0.00003 ( 2)
 163 S   0.00000 0.85758 0.14242 ( 2)
 164 D   0.00000 0.83265 0.16735 ( 2)
 165 E   0.00000 0.04346 0.95653 ( 3)
 166 K   0.00000 0.04378 0.95622 ( 3)
 167 N   0.00000 0.75887 0.24113 ( 2)
 168 S   0.00000 0.02266 0.97733 ( 3)
 169 M   0.00000 1.00000 0.00000 ( 2)
 170 Y   0.00000 0.01970 0.98029 ( 3)
 171 K   0.00000 0.04378 0.95622 ( 3)
 172 L   0.00000 0.06181 0.93818 ( 3)
 173 T   0.00000 0.01957 0.98043 ( 3)
 174 G   0.00000 0.03320 0.96679 ( 3)
 175 A   0.00000 0.03942 0.96058 ( 3)
 176 I   0.00000 0.03311 0.96688 ( 3)
 177 M   0.00000 0.02080 0.97919 ( 3)
 178 H   0.00000 0.01415 0.98584 ( 3)
 179 F   0.00000 0.04134 0.95865 ( 3)
 180 G   0.00000 0.03320 0.96679 ( 3)
 181 N   0.00000 0.02874 0.97126 ( 3)
 182 M   0.00000 0.02080 0.97919 ( 3)
 183 K   0.00000 0.04378 0.95622 ( 3)
 184 F   0.00000 0.03232 0.96767 ( 3)
 185 K   0.00000 0.03356 0.96644 ( 3)
 186 L   0.00000 0.02278 0.97722 ( 3)
 187 K   0.00000 0.04378 0.95622 ( 3)
 188 P   0.00000 0.99786 0.00214 ( 2)
 189 R   0.00000 0.03823 0.96176 ( 3)
 190 E   0.00000 0.04346 0.95653 ( 3)
 191 E   0.00000 0.04346 0.95653 ( 3)
 192 Q   0.00000 0.03411 0.96589 ( 3)
 193 A   0.00000 0.04628 0.95372 ( 3)
 194 E   0.00000 0.04346 0.95653 ( 3)
 195 P   0.00000 0.68067 0.31933 ( 2)
 196 D   0.00000 0.02876 0.97124 ( 3)
 197 G   0.00000 0.02760 0.97240 ( 3)
 198 N   0.00000 0.71949 0.28051 ( 2)
 199 E   0.00000 0.02753 0.97247 ( 3)
 200 -   0.00000 0.02010 0.97990 ( 3)
 201 -   0.00000 0.00694 0.99306 ( 3)
 202 -   0.00000 0.06247 0.93753 ( 3)
 203 -   0.00000 0.03829 0.96170 ( 3)
 204 -   0.00000 0.04459 0.95541 ( 3)
 205 -   0.00000 0.03829 0.96170 ( 3)
 206 -   0.00000 0.02403 0.97596 ( 3)
 207 -   0.00000 0.02020 0.97980 ( 3)
 208 -   0.00000 0.04428 0.95571 ( 3)
 209 -   0.00000 0.04459 0.95541 ( 3)
 210 -   0.00000 0.02155 0.97844 ( 3)
 211 -   0.00000 0.03316 0.96683 ( 3)
 212 -   0.00000 0.77655 0.22345 ( 2)
 213 -   0.00000 0.02757 0.97242 ( 3)
 214 -   0.00000 0.02155 0.97844 ( 3)
 215 -   0.00000 0.02403 0.97596 ( 3)
 216 -   0.00000 0.02026 0.97973 ( 3)
 217 -   0.00000 0.01539 0.98461 ( 3)
 218 -   0.00000 0.03394 0.96605 ( 3)
 219 -   0.00000 0.02491 0.97508 ( 3)
 220 -   0.00000 0.03829 0.96170 ( 3)
 221 -   0.00000 0.02067 0.97932 ( 3)
 222 -   0.00000 0.06247 0.93753 ( 3)
 223 -   0.00000 0.04428 0.95571 ( 3)
 224 -   0.00000 0.02067 0.97932 ( 3)
 225 -   0.00000 1.00000 0.00000 ( 2)
 226 -   0.00000 0.03490 0.96509 ( 3)
 227 -   0.00000 0.01295 0.98705 ( 3)
 228 -   0.00000 0.02838 0.97162 ( 3)
 229 -   0.00000 0.03490 0.96509 ( 3)
 230 -   0.00000 0.02020 0.97980 ( 3)
 231 -   0.00000 0.03316 0.96683 ( 3)
 232 -   0.00000 0.01467 0.98532 ( 3)
 233 -   0.00000 0.02840 0.97160 ( 3)
 234 -   0.00000 0.00675 0.99325 ( 3)
 235 -   0.00000 0.06278 0.93721 ( 3)
 236 -   0.00000 0.02614 0.97385 ( 3)
 237 -   0.00000 0.03809 0.96191 ( 3)
 238 -   0.00000 0.03869 0.96130 ( 3)
 239 -   0.00000 0.02878 0.97121 ( 3)
 240 -   0.00000 0.03357 0.96643 ( 3)
 241 -   0.00000 0.04468 0.95532 ( 3)
 242 -   0.00000 0.03493 0.96506 ( 3)
 243 -   0.00000 0.03416 0.96583 ( 3)
 244 -   0.00000 0.02671 0.97328 ( 3)
 245 F   0.00000 0.03150 0.96850 ( 3)
 246 N   0.00000 0.02201 0.97798 ( 3)
 247 S   0.00000 0.00510 0.99490 ( 3)
 248 F   0.00000 1.00000 0.00000 ( 2)
 249 E   0.00000 0.03546 0.96454 ( 3)
 250 Q   0.00000 0.02628 0.97372 ( 3)
 251 L   0.00000 0.02256 0.97743 ( 3)
 252 C   0.00000 0.00496 0.99504 ( 3)
 253 I   0.00000 0.02534 0.97465 ( 3)
 254 N   0.00000 0.02122 0.97878 ( 3)
 255 F   0.00000 0.02460 0.97540 ( 3)
 256 T   0.00000 0.01346 0.98654 ( 3)
 257 N   0.00000 0.02122 0.97878 ( 3)
 258 E   0.00000 0.03561 0.96438 ( 3)
 259 K   0.00000 0.03593 0.96407 ( 3)
 260 L   0.00000 0.05448 0.94551 ( 3)
 261 Q   0.00000 0.02622 0.97378 ( 3)
 262 Q   0.00000 0.02628 0.97372 ( 3)
 263 F   0.00000 0.02460 0.97540 ( 3)
 264 F   0.00000 0.02460 0.97540 ( 3)
 265 N   0.00000 0.02122 0.97878 ( 3)
 266 H   0.00000 0.00876 0.99124 ( 3)
 267 H   0.00000 0.00876 0.99124 ( 3)
 268 M   0.00000 0.01418 0.98581 ( 3)
 269 F   0.00000 0.02460 0.97540 ( 3)
 270 V   0.00000 0.01631 0.98369 ( 3)
 271 L   0.00000 0.05530 0.94469 ( 3)
 272 E   0.00000 0.03204 0.96795 ( 3)
 273 Q   0.00000 0.02561 0.97439 ( 3)
 274 E   0.00000 0.03561 0.96438 ( 3)
 275 E   0.00000 0.02558 0.97441 ( 3)
 276 Y   0.00000 0.01319 0.98681 ( 3)
 277 K   0.00000 0.03593 0.96407 ( 3)
 278 K   0.00000 0.03593 0.96407 ( 3)
 279 E   0.00000 0.03561 0.96438 ( 3)
 280 G   0.00000 0.02018 0.97982 ( 3)
 281 I   0.00000 0.02534 0.97465 ( 3)
 282 E   0.00000 0.81574 0.18426 ( 2)
 283 W   0.00000 0.01944 0.98056 ( 3)
 284 E   0.00000 0.89605 0.10395 ( 2)
 285 F   0.00000 0.02460 0.97540 ( 3)
 286 I   0.00000 0.02534 0.97465 ( 3)
 287 D   0.00000 0.01782 0.98218 ( 3)
 288 F   0.00000 0.02471 0.97529 ( 3)
 289 G   0.00000 0.02001 0.97998 ( 3)
 290 M   0.00000 0.64107 0.35893 ( 2)
 291 D   0.00000 0.01782 0.98218 ( 3)
 292 L   0.00000 0.05530 0.94469 ( 3)
 293 Q   0.00000 0.99994 0.00006 ( 2)
 294 A   0.00000 0.78631 0.21369 ( 2)
 295 C   0.00000 0.00519 0.99481 ( 3)
 296 I   0.00000 0.02559 0.97441 ( 3)
 297 D   0.00000 0.91456 0.08544 ( 2)
 298 L   0.00000 0.01587 0.98412 ( 3)
 299 I   0.00000 0.02534 0.97465 ( 3)
 300 E   0.00000 0.03561 0.96438 ( 3)
 301 K   0.00000 0.03593 0.96407 ( 3)
 302 P   0.00000 0.01182 0.98818 ( 3)
 303 M   0.00000 0.01674 0.98325 ( 3)
 304 G   0.00000 0.02311 0.97689 ( 3)
 305 I   0.00000 0.02846 0.97153 ( 3)
 306 M   0.00000 0.01674 0.98325 ( 3)
 307 S   0.00000 0.01845 0.98155 ( 3)
 308 I   0.00000 0.02846 0.97153 ( 3)
 309 L   0.00000 0.05623 0.94377 ( 3)
 310 E   0.00000 0.03884 0.96116 ( 3)
 311 E   0.00000 0.03884 0.96116 ( 3)
 312 E   0.00000 0.03884 0.96116 ( 3)
 313 C   0.00000 0.00667 0.99333 ( 3)
 314 M   0.00000 0.01674 0.98325 ( 3)
 315 F   0.00000 0.02770 0.97229 ( 3)
 316 P   0.00000 0.01182 0.98818 ( 3)
 317 K   0.00000 0.03915 0.96085 ( 3)
 318 A   0.00000 0.03277 0.96722 ( 3)
 319 T   0.00000 0.02128 0.97872 ( 3)
 320 D   0.00000 0.02062 0.97937 ( 3)
 321 M   0.00000 0.01655 0.98344 ( 3)
 322 T   0.00000 0.01576 0.98423 ( 3)
 323 F   0.00000 0.02747 0.97252 ( 3)
 324 K   0.00000 0.83106 0.16894 ( 2)
 325 A   0.00000 0.04311 0.95688 ( 3)
 326 K   0.00000 0.03891 0.96108 ( 3)
 327 L   0.00000 0.05698 0.94302 ( 3)
 328 F   0.00000 1.00000 0.00000 ( 2)
 329 D   0.00000 0.02042 0.97958 ( 3)
 330 N   0.00000 0.02397 0.97602 ( 3)
 331 H   0.00000 0.01061 0.98938 ( 3)
 332 L   0.00000 0.05785 0.94214 ( 3)
 333 G   0.00000 0.02075 0.97925 ( 3)
 334 K   0.00000 0.03657 0.96343 ( 3)
 335 S   0.00000 0.01629 0.98371 ( 3)
 336 S   0.00000 1.00000 0.00000 ( 2)
 337 N   0.00000 0.02113 0.97887 ( 3)
 338 F   0.00000 0.02450 0.97549 ( 3)
 339 Q   0.00000 0.02619 0.97381 ( 3)
 340 K   0.00000 0.03583 0.96417 ( 3)
 341 P   0.00000 0.01062 0.98937 ( 3)
 342 R   0.00000 0.02134 0.97866 ( 3)
 343 N   0.00000 0.01707 0.98293 ( 3)
 344 I   0.00000 0.02525 0.97475 ( 3)
 345 K   0.00000 0.03583 0.96417 ( 3)
 346 G   0.00000 0.01303 0.98696 ( 3)
 347 K   0.00000 1.00000 0.00000 ( 2)
 348 P   0.00000 0.00761 0.99239 ( 3)
 349 E   0.00000 0.02002 0.97997 ( 3)
 350 A   0.00000 0.02947 0.97052 ( 3)
 351 H   0.00000 0.00870 0.99130 ( 3)
 352 F   0.00000 0.02450 0.97549 ( 3)
 353 S   0.00000 0.01569 0.98430 ( 3)
 354 L   0.00000 0.05521 0.94478 ( 3)
 355 I   0.00000 1.00000 0.00000 ( 2)
 356 H   0.00000 0.00792 0.99208 ( 3)
 357 Y   0.00000 0.01636 0.98364 ( 3)
 358 A   0.00000 0.02841 0.97158 ( 3)
 359 G   0.00000 0.01889 0.98111 ( 3)
 360 T   0.00000 0.01224 0.98776 ( 3)
 361 V   0.00000 0.01513 0.98487 ( 3)
 362 D   0.00000 0.01694 0.98306 ( 3)
 363 Y   0.00000 0.01201 0.98799 ( 3)
 364 N   0.00000 0.01990 0.98009 ( 3)
 365 I   0.00000 0.02395 0.97605 ( 3)
 366 I   0.00000 0.49785 0.50215 ( 3)
 367 G   0.00000 0.01889 0.98111 ( 3)
 368 W   0.00000 0.01817 0.98183 ( 3)
 369 L   0.00000 0.02342 0.97658 ( 3)
 370 Q   0.00000 1.00000 0.00000 ( 2)
 371 K   0.00000 0.02547 0.97452 ( 3)
 372 N   0.00000 0.01990 0.98009 ( 3)
 373 K   0.00000 0.02436 0.97563 ( 3)
 374 D   0.00000 0.01659 0.98341 ( 3)
 375 P   0.00000 0.00729 0.99270 ( 3)
 376 L   0.00000 0.01471 0.98529 ( 3)
 377 N   0.00000 0.01990 0.98009 ( 3)
 378 E   0.00000 0.03414 0.96586 ( 3)
 379 T   0.00000 0.01232 0.98767 ( 3)
 380 V   0.00000 0.01381 0.98619 ( 3)
 381 V   0.00000 0.01513 0.98487 ( 3)
 382 E   0.00000 1.00000 0.00000 ( 2)
 383 L   0.00000 0.00550 0.99450 ( 3)
 384 Y   0.00000 0.01201 0.98799 ( 3)
 385 K   0.00000 1.00000 0.00000 ( 2)
 386 K   0.00000 0.02718 0.97282 ( 3)
 387 S   0.00000 0.01461 0.98539 ( 3)
 388 S   0.00000 0.00934 0.99066 ( 3)
 389 L   0.00000 0.01467 0.98532 ( 3)
 390 K   0.00000 0.03445 0.96554 ( 3)
 391 M   0.00000 0.99625 0.00375 ( 2)
 392 L   0.00000 0.02002 0.97998 ( 3)
 393 S   0.00000 0.99235 0.00765 ( 2)
 394 T   0.00000 0.72473 0.27527 ( 2)
 395 L   0.00000 0.05938 0.94061 ( 3)
 396 F   0.00000 0.03819 0.96180 ( 3)
 397 A   0.00000 0.03442 0.96558 ( 3)
 398 N   0.00000 0.02579 0.97421 ( 3)
 399 Y   0.00000 0.03021 0.96978 ( 3)
 400 A   0.00000 0.04571 0.95429 ( 3)
 401 G   0.00000 0.01706 0.98293 ( 3)
 402 F   0.00000 0.03818 0.96182 ( 3)
 403 D   0.00000 0.02214 0.97786 ( 3)
 404 S   0.00000 0.77354 0.22646 ( 2)
 405 -   0.00000 0.05005 0.94995 ( 3)
 406 -   0.00000 0.01121 0.98878 ( 3)
 407 -   0.00000 0.06690 0.93310 ( 3)
 408 -   0.00000 0.03558 0.96442 ( 3)
 409 -   0.00000 0.05034 0.94966 ( 3)
 410 -   0.00000 0.06690 0.93310 ( 3)
 411 -   0.00000 0.02728 0.97272 ( 3)
 412 -   0.00000 0.79606 0.20394 ( 2)
 413 -   0.00000 0.03558 0.96442 ( 3)
 414 -   0.00000 0.01572 0.98427 ( 3)
 415 -   0.00000 0.03440 0.96560 ( 3)
 416 -   0.00000 0.02926 0.97074 ( 3)
 417 -   0.00000 0.03242 0.96757 ( 3)
 418 -   0.00000 0.01983 0.98016 ( 3)
 419 -   0.00000 0.02122 0.97878 ( 3)
 420 -   0.00000 0.01983 0.98016 ( 3)
 421 -   0.00000 0.03922 0.96077 ( 3)
 422 -   0.00000 0.02991 0.97009 ( 3)
 423 -   0.00000 0.02054 0.97945 ( 3)
 424 -   0.00000 0.01403 0.98597 ( 3)
 425 -   0.00000 0.04000 0.96000 ( 3)
 426 -   0.00000 0.04000 0.96000 ( 3)
 427 -   0.00000 0.02122 0.97878 ( 3)
 428 -   0.00000 0.01121 0.98878 ( 3)
 429 -   0.00000 0.05005 0.94995 ( 3)
 430 -   0.00000 0.03409 0.96591 ( 3)
 431 -   0.00000 0.05034 0.94966 ( 3)
 432 -   0.00000 0.78654 0.21346 ( 2)
 433 -   0.00000 0.02495 0.97505 ( 3)
 434 -   0.00000 0.03565 0.96435 ( 3)
 435 -   0.00000 0.03297 0.96702 ( 3)
 436 -   0.00000 0.03747 0.96252 ( 3)
 437 -   0.00000 0.03753 0.96246 ( 3)
 438 -   0.00000 0.02663 0.97337 ( 3)
 439 -   0.00000 0.07001 0.92998 ( 3)
 440 -   0.00000 0.01403 0.98596 ( 3)
 441 -   0.00000 0.03297 0.96702 ( 3)
 442 -   0.00000 0.02514 0.97485 ( 3)
 443 -   0.00000 0.04658 0.95342 ( 3)
 444 -   0.00000 0.07070 0.92930 ( 3)
 445 -   0.00000 0.04016 0.95984 ( 3)
 446 -   0.00000 0.01872 0.98127 ( 3)
 447 -   0.00000 0.01547 0.98452 ( 3)
 448 -   0.00000 0.03812 0.96187 ( 3)
 449 -   0.00000 0.03565 0.96435 ( 3)
 450 -   0.00000 0.07070 0.92930 ( 3)
 451 -   0.00000 0.05523 0.94476 ( 3)
 452 -   0.00000 0.04017 0.95982 ( 3)
 453 -   0.00000 0.04565 0.95435 ( 3)
 454 -   0.00000 0.04016 0.95984 ( 3)
 455 -   0.00000 0.04565 0.95435 ( 3)
 456 -   0.00000 0.01872 0.98127 ( 3)
 457 -   0.00000 0.02032 0.97967 ( 3)
 458 -   0.00000 0.05550 0.94449 ( 3)
 459 -   0.00000 0.04017 0.95982 ( 3)
 460 -   0.00000 0.85051 0.14949 ( 2)
 461 -   0.00000 0.02663 0.97337 ( 3)
 462 -   0.00000 0.04132 0.95867 ( 3)
 463 -   0.00000 0.04016 0.95984 ( 3)
 464 -   0.00000 0.04565 0.95435 ( 3)
 465 -   0.00000 0.03512 0.96488 ( 3)
 466 -   0.00000 0.04295 0.95705 ( 3)
 467 -   0.00000 0.04284 0.95716 ( 3)
 468 -   0.00000 0.04868 0.95131 ( 3)
 469 -   0.00000 0.05545 0.94455 ( 3)
 470 -   0.00000 0.03732 0.96267 ( 3)
 471 -   0.00000 0.05702 0.94298 ( 3)
 472 R   0.00000 0.02515 0.97485 ( 3)
 473 Y   0.00000 0.01230 0.98769 ( 3)
 474 R   0.00000 0.01988 0.98012 ( 3)
 475 I   0.00000 0.02417 0.97583 ( 3)
 476 L   0.00000 0.05437 0.94562 ( 3)
 477 N   0.00000 0.01965 0.98035 ( 3)
 478 P   0.00000 0.00652 0.99348 ( 3)
 479 A   0.00000 0.02561 0.97439 ( 3)
 480 A   0.00000 0.02784 0.97215 ( 3)
 481 I   0.00000 0.02368 0.97632 ( 3)
 482 P   0.00000 0.00860 0.99140 ( 3)
 483 E   0.00000 0.03385 0.96615 ( 3)
 484 G   0.00000 0.01864 0.98136 ( 3)
 485 Q   0.00000 0.02461 0.97539 ( 3)
 486 F   0.00000 0.02294 0.97705 ( 3)
 487 I   0.00000 0.02726 0.97274 ( 3)
 488 D   0.00000 0.01635 0.98364 ( 3)
 489 S   0.00000 0.00408 0.99592 ( 3)
 490 R   0.00000 0.00522 0.99477 ( 3)
 491 K   0.00000 0.02409 0.97590 ( 3)
 492 G   0.00000 0.01173 0.98826 ( 3)
 493 S   0.00000 1.00000 0.00000 ( 2)
 494 E   0.00000 0.03385 0.96615 ( 3)
 495 K   0.00000 0.03417 0.96583 ( 3)
 496 L   0.00000 0.05375 0.94625 ( 3)
 497 L   0.00000 0.05036 0.94963 ( 3)
 498 G   0.00000 0.01864 0.98136 ( 3)
 499 S   0.00000 0.01439 0.98561 ( 3)
 500 L   0.00000 0.05375 0.94625 ( 3)
 501 D   0.00000 0.01635 0.98364 ( 3)
 502 I   0.00000 0.02626 0.97373 ( 3)
 503 D   0.00000 0.01635 0.98364 ( 3)
 504 H   0.00000 0.00776 0.99224 ( 3)
 505 N   0.00000 0.01965 0.98035 ( 3)
 506 Q   0.00000 0.02461 0.97539 ( 3)
 507 Y   0.00000 0.01181 0.98819 ( 3)
 508 K   0.00000 0.03417 0.96583 ( 3)
 509 F   0.00000 0.02332 0.97668 ( 3)
 510 G   0.00000 0.01864 0.98136 ( 3)
 511 H   0.00000 0.00776 0.99224 ( 3)
 512 T   0.00000 0.01218 0.98782 ( 3)
 513 K   0.00000 0.03417 0.96583 ( 3)
 514 V   0.00000 0.03463 0.96536 ( 3)
 515 F   0.00000 0.04390 0.95610 ( 3)
 516 F   0.00000 0.04390 0.95610 ( 3)
 517 K   0.00000 0.05461 0.94538 ( 3)
 518 A   0.00000 0.01385 0.98615 ( 3)
 519 G   0.00000 0.03036 0.96964 ( 3)
 520 L   0.00000 0.07005 0.92994 ( 3)
 521 L   0.00000 0.07005 0.92994 ( 3)
 522 G   0.00000 0.03036 0.96964 ( 3)
 523 L   0.00000 0.07005 0.92994 ( 3)
 524 L   0.00000 0.06811 0.93189 ( 3)
 525 E   0.00000 0.05433 0.94566 ( 3)
 526 E   0.00000 0.05433 0.94566 ( 3)
 527 M   0.00000 0.03195 0.96805 ( 3)
 528 R   0.00000 0.02493 0.97506 ( 3)
 529 D   0.00000 0.03645 0.96355 ( 3)
 530 E   0.00000 0.05433 0.94566 ( 3)
 531 R   0.00000 0.01942 0.98057 ( 3)
 532 L   0.00000 0.07005 0.92994 ( 3)
 533 S   0.00000 0.01694 0.98305 ( 3)
 534 R   0.00000 0.04045 0.95954 ( 3)
 535 I   0.00000 0.04466 0.95534 ( 3)
 536 I   0.00000 0.04466 0.95534 ( 3)
 537 T   0.00000 0.03100 0.96900 ( 3)
 538 R   0.00000 0.03914 0.96085 ( 3)
 539 I   0.00000 0.04466 0.95534 ( 3)
 540 Q   0.00000 0.04560 0.95439 ( 3)
 541 A   0.00000 0.05665 0.94335 ( 3)
 542 Q   0.00000 0.04495 0.95504 ( 3)
 543 A   0.00000 0.99999 0.00001 ( 2)
 544 R   0.00000 0.02493 0.97506 ( 3)
 545 G   0.00000 0.02349 0.97650 ( 3)
 546 Q   0.00000 1.00000 0.00000 ( 2)
 547 L   0.00000 0.03410 0.96590 ( 3)
 548 M   0.00000 1.00000 0.00000 ( 2)
 549 R   0.00000 0.20670 0.79329 ( 3)
 550 I   0.00000 0.99998 0.00002 ( 2)
 551 E   0.00000 0.05433 0.94566 ( 3)
 552 F   0.00000 0.04390 0.95610 ( 3)
 553 K   0.00000 0.05461 0.94538 ( 3)
 554 K   0.00000 0.05330 0.94670 ( 3)
 555 -   0.00000 0.99978 0.00022 ( 2)
 556 -   0.00000 0.02796 0.97204 ( 3)
 557 -   0.00000 0.05133 0.94867 ( 3)
 558 -   0.00000 0.05035 0.94964 ( 3)
 559 -   0.00000 0.03753 0.96247 ( 3)
 560 D   0.00000 0.67635 0.32365 ( 2)
 561 S   0.00000 0.99534 0.00466 ( 2)
 562 L   0.00000 0.05262 0.94738 ( 3)
 563 L   0.00000 0.05375 0.94625 ( 3)
 564 V   0.00000 0.00457 0.99543 ( 3)
 565 I   0.00000 0.02368 0.97632 ( 3)
 566 Q   0.00000 0.02461 0.97539 ( 3)
 567 W   0.00000 0.01792 0.98207 ( 3)
 568 N   0.00000 0.01965 0.98035 ( 3)
 569 I   0.00000 0.02726 0.97274 ( 3)
 570 R   0.00000 0.00821 0.99179 ( 3)
 571 A   0.00000 0.02784 0.97215 ( 3)
 572 F   0.00000 0.02294 0.97705 ( 3)
 573 M   0.00000 0.01286 0.98713 ( 3)
 574 G   0.00000 0.01173 0.98826 ( 3)
 575 V   0.00000 0.00263 0.99737 ( 3)
 576 K   0.00000 0.03417 0.96583 ( 3)
 577 N   0.00000 0.01918 0.98082 ( 3)
 578 W   0.00000 0.01792 0.98207 ( 3)
 579 P   0.00000 0.00829 0.99170 ( 3)
 580 W   0.00000 0.01792 0.98207 ( 3)
 581 M   0.00000 0.01286 0.98713 ( 3)
 582 K   0.00000 0.03417 0.96583 ( 3)
 583 L   0.00000 0.01448 0.98551 ( 3)
 584 Y   0.00000 0.01181 0.98819 ( 3)
 585 F   0.00000 0.02294 0.97705 ( 3)
 586 K   0.00000 0.03417 0.96583 ( 3)
 587 I   0.00000 0.02368 0.97632 ( 3)
 588 K   0.00000 0.02409 0.97590 ( 3)
 589 P   0.00000 0.00652 0.99348 ( 3)
 590 L   0.00000 0.05346 0.94654 ( 3)
 591 L   0.00000 0.04527 0.95473 ( 3)
 592 K   0.00000 0.03417 0.96583 ( 3)
 593 S   0.00000 0.00329 0.99671 ( 3)
 594 A   0.00000 0.02561 0.97439 ( 3)
 595 E   0.00000 0.03385 0.96615 ( 3)
 596 T   0.00000 0.69581 0.30419 ( 2)
 597 E   0.00000 0.03385 0.96615 ( 3)
 598 K   0.00000 0.03417 0.96583 ( 3)
 599 E   0.00000 0.02125 0.97875 ( 3)
 600 I   0.00000 1.00000 0.00000 ( 2)
