Supplemental results for CODEML (seqf: /home/leticiamagpali/phd/evol_models/codeml/small_dataset/cml_align/HTT_codon_aligned.phy  treef: /home/leticiamagpali/phd/evol_models/codeml/small_dataset/cml_trees/gene_trees/H1b_gene_trees/HTT_tree_H1b.tre)

I	J	ij	2Ns_IJ	pMut_IJ	pSub_IJ	2Ns_JI	pMut_JI	pSub_JI

TTC	TTT	CT	0.41639	0.04795	0.05862	-0.41639	0.07271	0.05862
TTA	TTT	AT	0.88197	0.00395	0.00594	-0.88197	0.00954	0.00594
TTA	TTC	AC	0.46558	0.00785	0.00982	-0.46558	0.01251	0.00982
TTG	TTT	GT	0.48535	0.00856	0.01081	-0.48535	0.01391	0.01081
TTG	TTC	GC	0.06896	0.01702	0.01762	-0.06896	0.01824	0.01762
TTG	TTA	GA	-0.39662	0.07195	0.05862	0.39662	0.04839	0.05862
TCT	TTT	CT	0.44783	0.04646	0.05764	-0.44783	0.07271	0.05764
TCC	TTC	CT	0.59849	0.05240	0.06963	-0.59849	0.09533	0.06963
TCC	TCT	CT	0.56704	0.05240	0.06865	-0.56704	0.09238	0.06865
TCA	TTA	CT	0.28012	0.03368	0.03861	-0.28012	0.04456	0.03861
TCA	TCT	AT	0.71426	0.00593	0.00830	-0.71426	0.01212	0.00830
TCA	TCC	AC	0.14722	0.01180	0.01269	-0.14722	0.01367	0.01269
TCG	TTG	CT	1.71925	0.01731	0.03627	-1.71925	0.09662	0.03627
TCG	TCT	GT	1.75677	0.00305	0.00648	-1.75677	0.01767	0.00648
TCG	TCC	GC	1.18973	0.00607	0.01037	-1.18973	0.01993	0.01037
TCG	TCA	GA	1.04251	0.02564	0.04128	-1.04251	0.07271	0.04128
TAT	TTT	AT	1.28405	0.00264	0.00469	-1.28405	0.00954	0.00469
TAT	TCT	AC	0.83622	0.00525	0.00775	-0.83622	0.01212	0.00775
TAC	TTC	AT	0.54657	0.00724	0.00940	-0.54657	0.01251	0.00940
TAC	TCC	AC	-0.05191	0.01440	0.01403	0.05191	0.01367	0.01403
TAC	TAT	CT	-0.32108	0.04110	0.03485	0.32108	0.02981	0.03485
TGT	TTT	GT	1.06255	0.00481	0.00781	-1.06255	0.01391	0.00781
TGT	TCT	GC	0.61471	0.00956	0.01280	-0.61471	0.01767	0.01280
TGT	TAT	GA	-0.22150	0.04040	0.03609	0.22150	0.03237	0.03609
TGC	TTC	GT	1.09178	0.00612	0.01006	-1.09178	0.01824	0.01006
TGC	TCC	GC	0.49329	0.01217	0.01542	-0.49329	0.01993	0.01542
TGC	TAC	GA	0.54520	0.05144	0.06673	-0.54520	0.08873	0.06673
TGC	TGT	CT	0.44562	0.03474	0.04306	-0.44562	0.05425	0.04306
TGG	TTG	GT	1.33851	0.00485	0.00879	-1.33851	0.01849	0.00879
TGG	TCG	GC	-0.38075	0.00964	0.00792	0.38075	0.00659	0.00792
TGG	TGT	GT	0.76131	0.00485	0.00692	-0.76131	0.01038	0.00692
TGG	TGC	GC	0.31569	0.00964	0.01124	-0.31569	0.01322	0.01124
CTT	TTT	CT	0.43400	0.04711	0.05807	-0.43400	0.07271	0.05807
CTC	TTC	CT	0.27496	0.07242	0.08283	-0.27496	0.09533	0.08283
CTC	CTT	CT	0.25735	0.07242	0.08213	-0.25735	0.09367	0.08213
CTA	TTA	CT	1.02308	0.01602	0.02559	-1.02308	0.04456	0.02559
CTA	CTT	AT	1.47104	0.00282	0.00539	-1.47104	0.01229	0.00539
CTA	CTC	AC	1.21370	0.00561	0.00969	-1.21370	0.01889	0.00969
CTG	TTG	CT	-0.45799	0.15275	0.12043	0.45799	0.09662	0.12043
CTG	CTT	GT	-0.40664	0.02691	0.02181	0.40664	0.01792	0.02181
CTG	CTC	GC	-0.66399	0.05351	0.03770	0.66399	0.02755	0.03770
CTG	CTA	GA	-1.87769	0.22615	0.07667	1.87769	0.03459	0.07667
CCT	TCT	CT	0.87799	0.03840	0.05769	-0.87799	0.09238	0.05769
CCT	CTT	CT	0.89182	0.03840	0.05803	-0.89182	0.09367	0.05803
CCC	TCC	CT	0.78325	0.04761	0.06866	-0.78325	0.10419	0.06866
CCC	CTC	CT	1.10677	0.04761	0.07871	-1.10677	0.14398	0.07871
CCC	CCT	CT	0.47230	0.04761	0.05973	-0.47230	0.07634	0.05973
CCA	TCA	CT	0.98671	0.02496	0.03927	-0.98671	0.06696	0.03927
CCA	CTA	CT	0.24375	0.02496	0.02813	-0.24375	0.03185	0.02813
CCA	CCT	AT	0.82298	0.00440	0.00645	-0.82298	0.01002	0.00645
CCA	CCC	AC	0.35068	0.00875	0.01037	-0.35068	0.01242	0.01037
CCG	TCG	CT	0.13681	0.03002	0.03212	-0.13681	0.03443	0.03212
CCG	CTG	CT	2.31406	0.03002	0.07710	-2.31406	0.30371	0.07710
CCG	CCT	GT	1.01560	0.00529	0.00842	-1.01560	0.01461	0.00842
CCG	CCC	GC	0.54330	0.01052	0.01363	-0.54330	0.01811	0.01363
CCG	CCA	GA	0.19262	0.04445	0.04887	-0.19262	0.05390	0.04887
CAT	TAT	CT	0.53676	0.01743	0.02252	-0.53676	0.02981	0.02252
CAT	CTT	AT	1.38681	0.00307	0.00568	-1.38681	0.01229	0.00568
CAT	CCT	AC	0.49499	0.00611	0.00774	-0.49499	0.01002	0.00774
CAC	TAC	CT	0.31062	0.05990	0.06968	-0.31062	0.08172	0.06968
CAC	CTC	AT	0.58223	0.01055	0.01392	-0.58223	0.01889	0.01392
CAC	CCC	AC	-0.52454	0.02098	0.01596	0.52454	0.01242	0.01596
CAC	CAT	CT	-0.54722	0.05990	0.04500	0.54722	0.03465	0.04500
CAA	CTA	AT	0.25711	0.00323	0.00366	-0.25711	0.00418	0.00366
CAA	CCA	AC	0.01336	0.00643	0.00647	-0.01336	0.00651	0.00647
CAA	CAT	AT	0.34135	0.00323	0.00381	-0.34135	0.00455	0.00381
CAA	CAC	AC	0.88857	0.00643	0.00970	-0.88857	0.01562	0.00970
CAG	CTG	AT	0.70755	0.01964	0.02740	-0.70755	0.03985	0.02740
CAG	CCG	AC	-1.60651	0.03905	0.01574	1.60651	0.00783	0.01574
CAG	CAT	GT	-1.08590	0.01964	0.01087	1.08590	0.00663	0.01087
CAG	CAC	GC	-0.53868	0.03905	0.02947	0.53868	0.02278	0.02947
CAG	CAA	GA	-1.42725	0.16502	0.07436	1.42725	0.03960	0.07436
CGT	TGT	CT	1.53877	0.01164	0.02282	-1.53877	0.05425	0.02282
CGT	CTT	GT	2.16731	0.00205	0.00502	-2.16731	0.01792	0.00502
CGT	CCT	GC	1.27549	0.00408	0.00722	-1.27549	0.01461	0.00722
CGT	CAT	GA	0.78051	0.01724	0.02483	-0.78051	0.03763	0.02483
CGC	TGC	CT	1.08892	0.02325	0.03816	-1.08892	0.06908	0.03816
CGC	CTC	GT	1.90574	0.00410	0.00917	-1.90574	0.02755	0.00917
CGC	CCC	GC	0.79897	0.00815	0.01183	-0.79897	0.01811	0.01183
CGC	CAC	GA	1.32350	0.03442	0.06209	-1.32350	0.12932	0.06209
CGC	CGT	CT	-0.00423	0.02325	0.02320	0.00423	0.02315	0.02320
CGA	CTA	GT	1.85645	0.00095	0.00209	-1.85645	0.00609	0.00209
CGA	CCA	GC	1.61270	0.00189	0.00381	-1.61270	0.00950	0.00381
CGA	CAA	GA	1.59934	0.00800	0.01603	-1.59934	0.03960	0.01603
CGA	CGT	AT	1.16018	0.00095	0.00161	-1.16018	0.00304	0.00161
CGA	CGC	AC	1.16441	0.00189	0.00320	-1.16441	0.00607	0.00320
CGG	TGG	CT	0.61654	0.02953	0.03956	-0.61654	0.05470	0.03956
CGG	CTG	GT	2.41304	0.00520	0.01379	-2.41304	0.05810	0.01379
CGG	CCG	GC	0.09898	0.01034	0.01087	-0.09898	0.01142	0.01087
CGG	CAG	GA	1.70549	0.04372	0.09112	-1.70549	0.24064	0.09112
CGG	CGT	GT	-0.16092	0.00520	0.00480	0.16092	0.00443	0.00480
CGG	CGC	GC	-0.15669	0.01034	0.00956	0.15669	0.00884	0.00956
CGG	CGA	GA	-1.32110	0.04372	0.02102	1.32110	0.01167	0.02102
ATT	TTT	AT	0.45136	0.00607	0.00755	-0.45136	0.00954	0.00755
ATT	CTT	AC	0.01735	0.01208	0.01218	-0.01735	0.01229	0.01218
ATC	TTC	AT	0.07947	0.01155	0.01202	-0.07947	0.01251	0.01202
ATC	CTC	AC	-0.19549	0.02297	0.02080	0.19549	0.01889	0.02080
ATC	ATT	CT	0.04450	0.06557	0.06704	-0.04450	0.06855	0.06704
ATA	TTA	AT	0.64398	0.00307	0.00416	-0.64398	0.00585	0.00416
ATA	CTA	AC	-0.37909	0.00611	0.00502	0.37909	0.00418	0.00502
ATA	ATT	AT	1.07459	0.00307	0.00501	-1.07459	0.00899	0.00501
ATA	ATC	AC	1.03009	0.00611	0.00978	-1.03009	0.01710	0.00978
ATG	TTG	AT	0.23081	0.01006	0.01127	-0.23081	0.01268	0.01127
ATG	CTG	AC	0.68880	0.02001	0.02769	-0.68880	0.03985	0.02769
ATG	ATT	GT	0.26480	0.01006	0.01145	-0.26480	0.01311	0.01145
ATG	ATC	GC	0.22030	0.02001	0.02229	-0.22030	0.02494	0.02229
ATG	ATA	GA	-0.80979	0.08457	0.05490	0.80979	0.03763	0.05490
ACT	TCT	AT	0.97482	0.00457	0.00716	-0.97482	0.01212	0.00716
ACT	CCT	AC	0.09683	0.00909	0.00954	-0.09683	0.01002	0.00954
ACT	ATT	CT	0.97129	0.02595	0.04057	-0.97129	0.06855	0.04057
ACC	TCC	AT	0.19354	0.01126	0.01239	-0.19354	0.01367	0.01239
ACC	CCC	AC	-0.58971	0.02240	0.01644	0.58971	0.01242	0.01644
ACC	ATC	CT	0.71256	0.06393	0.08939	-0.71256	0.13037	0.08939
ACC	ACT	CT	-0.21424	0.06393	0.05733	0.21424	0.05160	0.05733
ACA	TCA	AT	0.76784	0.00408	0.00584	-0.76784	0.00879	0.00584
ACA	CCA	AC	-0.21887	0.00811	0.00725	0.21887	0.00651	0.00725
ACA	ATA	CT	0.40398	0.02314	0.02812	-0.40398	0.03465	0.02812
ACA	ACT	AT	0.50728	0.00408	0.00520	-0.50728	0.00677	0.00520
ACA	ACC	AC	0.72152	0.00811	0.01138	-0.72152	0.01668	0.01138
ACG	TCG	AT	-0.27400	0.00594	0.00516	0.27400	0.00452	0.00516
ACG	CCG	AC	-0.41081	0.01181	0.00955	0.41081	0.00783	0.00955
ACG	ATG	CT	1.21445	0.03372	0.05823	-1.21445	0.11357	0.05823
ACG	ACT	GT	0.50796	0.00594	0.00758	-0.50796	0.00987	0.00758
ACG	ACC	GC	0.72220	0.01181	0.01659	-0.72220	0.02432	0.01659
ACG	ACA	GA	0.00068	0.04992	0.04993	-0.00068	0.04995	0.04993
AAT	TAT	AT	0.12461	0.00345	0.00367	-0.12461	0.00391	0.00367
AAT	CAT	AC	-0.41216	0.00687	0.00555	0.41216	0.00455	0.00555
AAT	ATT	AT	0.95730	0.00345	0.00537	-0.95730	0.00899	0.00537
AAT	ACT	AC	-0.01400	0.00687	0.00682	0.01400	0.00677	0.00682
AAC	TAC	AT	0.49368	0.00654	0.00829	-0.49368	0.01072	0.00829
AAC	CAC	AC	0.18305	0.01301	0.01424	-0.18305	0.01562	0.01424
AAC	ATC	AT	0.96078	0.00654	0.01018	-0.96078	0.01710	0.01018
AAC	ACC	AC	0.24823	0.01301	0.01469	-0.24823	0.01668	0.01469
AAC	AAT	CT	0.04799	0.03714	0.03804	-0.04799	0.03897	0.03804
AAA	CAA	AC	-0.92374	0.01205	0.00733	0.92374	0.00478	0.00733
AAA	ATA	AT	-0.28754	0.00606	0.00523	0.28754	0.00455	0.00523
AAA	ACA	AC	-0.69151	0.01205	0.00836	0.69151	0.00604	0.00836
AAA	AAT	AT	-0.17024	0.00606	0.00556	0.17024	0.00511	0.00556
AAA	AAC	AC	-0.21823	0.01205	0.01078	0.21823	0.00969	0.01078
AAG	CAG	AC	0.46645	0.01824	0.02282	-0.46645	0.02908	0.02282
AAG	ATG	AT	0.48521	0.00917	0.01158	-0.48521	0.01490	0.01158
AAG	ACG	AC	-0.72925	0.01824	0.01239	0.72925	0.00880	0.01239
AAG	AAT	GT	-0.20729	0.00917	0.00825	0.20729	0.00745	0.00825
AAG	AAC	GC	-0.25528	0.01824	0.01601	0.25528	0.01413	0.01601
AAG	AAA	GA	-0.03705	0.07707	0.07566	0.03705	0.07427	0.07566
AGT	TGT	AT	0.35277	0.00500	0.00594	-0.35277	0.00712	0.00594
AGT	CGT	AC	-1.18600	0.00994	0.00519	1.18600	0.00304	0.00519
AGT	ATT	GT	0.96396	0.00500	0.00779	-0.96396	0.01311	0.00779
AGT	ACT	GC	-0.00733	0.00994	0.00991	0.00733	0.00987	0.00991
AGT	AAT	GA	0.00666	0.04203	0.04217	-0.00666	0.04231	0.04217
AGC	TGC	AT	-0.37815	0.01323	0.01088	0.37815	0.00906	0.01088
AGC	CGC	AC	-1.46707	0.02630	0.01157	1.46707	0.00607	0.01157
AGC	ATC	GT	0.63416	0.01323	0.01786	-0.63416	0.02494	0.01786
AGC	ACC	GC	-0.07840	0.02630	0.02528	0.07840	0.02432	0.02528
AGC	AAC	GA	-0.32662	0.11116	0.09399	0.32662	0.08019	0.09399
AGC	AGT	CT	-0.28530	0.07508	0.06488	0.28530	0.05644	0.06488
AGA	CGA	AC	-1.99961	0.01041	0.00326	1.99961	0.00141	0.00326
AGA	ATA	GT	0.23594	0.00524	0.00588	-0.23594	0.00663	0.00588
AGA	ACA	GC	-0.16804	0.01041	0.00956	0.16804	0.00880	0.00956
AGA	AAA	GA	0.52348	0.04400	0.05652	-0.52348	0.07427	0.05652
AGA	AGT	AT	0.34657	0.00524	0.00620	-0.34657	0.00741	0.00620
AGA	AGC	AC	0.63188	0.01041	0.01405	-0.63188	0.01959	0.01405
AGG	TGG	AT	-0.03628	0.00744	0.00731	0.03628	0.00718	0.00731
AGG	CGG	AC	-0.65282	0.01480	0.01049	0.65282	0.00770	0.01049
AGG	ATG	GT	1.07142	0.00744	0.01213	-1.07142	0.02173	0.01213
AGG	ACG	GC	-0.14303	0.01480	0.01376	0.14303	0.01283	0.01376
AGG	AAG	GA	0.58621	0.06254	0.08265	-0.58621	0.11239	0.08265
AGG	AGT	GT	0.37226	0.00744	0.00891	-0.37226	0.01080	0.00891
AGG	AGC	GC	0.65756	0.01480	0.02019	-0.65756	0.02856	0.02019
AGG	AGA	GA	0.02568	0.06254	0.06334	-0.02568	0.06417	0.06334
GTT	TTT	GT	0.96432	0.00530	0.00827	-0.96432	0.01391	0.00827
GTT	CTT	GC	0.53032	0.01054	0.01359	-0.53032	0.01792	0.01359
GTT	ATT	GA	0.51296	0.04457	0.05697	-0.51296	0.07443	0.05697
GTC	TTC	GT	0.45902	0.01153	0.01437	-0.45902	0.01824	0.01437
GTC	CTC	GC	0.18405	0.02292	0.02509	-0.18405	0.02755	0.02509
GTC	ATC	GA	0.37955	0.09685	0.11639	-0.37955	0.14156	0.11639
GTC	GTT	CT	-0.08892	0.06541	0.06255	0.08892	0.05985	0.06255
GTA	TTA	GT	1.49208	0.00192	0.00369	-1.49208	0.00853	0.00369
GTA	CTA	GC	0.46901	0.00381	0.00478	-0.46901	0.00609	0.00478
GTA	ATA	GA	0.84810	0.01611	0.02390	-0.84810	0.03763	0.02390
GTA	GTT	AT	1.40973	0.00192	0.00358	-1.40973	0.00785	0.00358
GTA	GTC	AC	1.49865	0.00381	0.00736	-1.49865	0.01706	0.00736
GTG	TTG	GT	-0.00757	0.01863	0.01856	0.00757	0.01849	0.01856
GTG	CTG	GC	0.45042	0.03703	0.04600	-0.45042	0.05810	0.04600
GTG	ATG	GA	-0.23838	0.15651	0.13860	0.23838	0.12332	0.13860
GTG	GTT	GT	-0.48654	0.01863	0.01446	0.48654	0.01145	0.01446
GTG	GTC	GC	-0.39762	0.03703	0.03016	0.39762	0.02488	0.03016
GTG	GTA	GA	-1.89627	0.15651	0.05243	1.89627	0.02350	0.05243
GCT	TCT	GT	0.62289	0.00948	0.01274	-0.62289	0.01767	0.01274
GCT	CCT	GC	-0.25510	0.01885	0.01655	0.25510	0.01461	0.01655
GCT	ACT	GA	-0.35193	0.07967	0.06647	0.35193	0.05603	0.06647
GCT	GTT	CT	0.10640	0.05381	0.05672	-0.10640	0.05985	0.05672
GCC	TCC	GT	0.26057	0.01536	0.01745	-0.26057	0.01993	0.01745
GCC	CCC	GC	-0.52268	0.03054	0.02325	0.52268	0.01811	0.02325
GCC	ACC	GA	0.06703	0.12908	0.13345	-0.06703	0.13803	0.13345
GCC	GTC	CT	0.40004	0.08718	0.10578	-0.40004	0.13006	0.10578
GCC	GCT	CT	0.20472	0.08718	0.09641	-0.20472	0.10699	0.09641
GCA	TCA	GT	0.53594	0.00750	0.00968	-0.53594	0.01281	0.00968
GCA	CCA	GC	-0.45077	0.01490	0.01180	0.45077	0.00950	0.01180
GCA	ACA	GA	-0.23190	0.06299	0.05597	0.23190	0.04995	0.05597
GCA	GTA	CT	-0.67602	0.04254	0.02977	0.67602	0.02164	0.02977
GCA	GCT	AT	0.62730	0.00750	0.01009	-0.62730	0.01404	0.01009
GCA	GCC	AC	0.42259	0.01490	0.01827	-0.42259	0.02274	0.01827
GCG	TCG	GT	0.31347	0.00481	0.00561	-0.31347	0.00659	0.00561
GCG	CCG	GC	0.17666	0.00957	0.01044	-0.17666	0.01142	0.01044
GCG	ACG	GA	0.58747	0.04045	0.05349	-0.58747	0.07279	0.05349
GCG	GTG	CT	2.04030	0.02732	0.06408	-2.04030	0.21019	0.06408
GCG	GCT	GT	1.44735	0.00481	0.00911	-1.44735	0.02047	0.00911
GCG	GCC	GC	1.24264	0.00957	0.01672	-1.24264	0.03316	0.01672
GCG	GCA	GA	0.82005	0.04045	0.05928	-0.82005	0.09185	0.05928
GAT	TAT	GT	-0.26341	0.00742	0.00649	0.26341	0.00570	0.00649
GAT	CAT	GC	-0.80018	0.01476	0.00963	0.80018	0.00663	0.00963
GAT	AAT	GA	-0.38802	0.06237	0.05105	0.38802	0.04231	0.05105
GAT	GTT	AT	0.05631	0.00742	0.00763	-0.05631	0.00785	0.00763
GAT	GCT	AC	-0.05009	0.01476	0.01439	0.05009	0.01404	0.01439
GAC	TAC	GT	0.04147	0.01500	0.01531	-0.04147	0.01563	0.01531
GAC	CAC	GC	-0.26915	0.02982	0.02599	0.26915	0.02278	0.02599
GAC	AAC	GA	-0.45221	0.12603	0.09968	0.45221	0.08019	0.09968
GAC	GTC	AT	0.12903	0.01500	0.01599	-0.12903	0.01706	0.01599
GAC	GCC	AC	-0.27101	0.02982	0.02596	0.27101	0.02274	0.02596
GAC	GAT	CT	-0.01620	0.08513	0.08444	0.01620	0.08376	0.08444
GAA	CAA	GC	-0.96226	0.01826	0.01086	0.96226	0.00698	0.01086
GAA	AAA	GA	-0.03851	0.07719	0.07571	0.03851	0.07427	0.07571
GAA	GTA	AT	-1.17415	0.00919	0.00482	1.17415	0.00284	0.00482
GAA	GCA	AC	-0.49813	0.01826	0.01409	0.49813	0.01110	0.01409
GAA	GAT	AT	0.17927	0.00919	0.01003	-0.17927	0.01099	0.01003
GAA	GAC	AC	0.19547	0.01826	0.02011	-0.19547	0.02221	0.02011
GAG	CAG	GC	0.16192	0.03606	0.03906	-0.16192	0.04240	0.03906
GAG	AAG	GA	-0.30453	0.15240	0.13037	0.30453	0.11239	0.13037
GAG	GTG	AT	0.41905	0.01814	0.02220	-0.41905	0.02758	0.02220
GAG	GCG	AC	-1.62125	0.03606	0.01440	1.62125	0.00713	0.01440
GAG	GAT	GT	-0.12380	0.01814	0.01704	0.12380	0.01602	0.01704
GAG	GAC	GC	-0.10760	0.03606	0.03416	0.10760	0.03238	0.03416
GAG	GAA	GA	-0.30307	0.15240	0.13047	0.30307	0.11256	0.13047
GGT	TGT	GT	1.38889	0.00259	0.00479	-1.38889	0.01038	0.00479
GGT	CGT	GC	-0.14989	0.00515	0.00477	0.14989	0.00443	0.00477
GGT	AGT	GA	1.03611	0.02175	0.03493	-1.03611	0.06129	0.03493
GGT	GTT	GT	1.48711	0.00259	0.00497	-1.48711	0.01145	0.00497
GGT	GCT	GC	1.38071	0.00515	0.00949	-1.38071	0.02047	0.00949
GGT	GAT	GA	1.43079	0.02175	0.04090	-1.43079	0.09095	0.04090
GGC	TGC	GT	0.52848	0.00779	0.01003	-0.52848	0.01322	0.01003
GGC	CGC	GC	-0.56044	0.01549	0.01155	0.56044	0.00884	0.01155
GGC	AGC	GA	0.90664	0.06547	0.09957	-0.90664	0.16210	0.09957
GGC	GTC	GT	1.16125	0.00779	0.01317	-1.16125	0.02488	0.01317
GGC	GCC	GC	0.76121	0.01549	0.02213	-0.76121	0.03316	0.02213
GGC	GAC	GA	1.03222	0.06547	0.10497	-1.03222	0.18379	0.10497
GGC	GGT	CT	-0.41478	0.04422	0.03568	0.41478	0.02921	0.03568
GGA	CGA	GC	-1.55759	0.00976	0.00406	1.55759	0.00206	0.00406
GGA	AGA	GA	0.44202	0.04124	0.05103	-0.44202	0.06417	0.05103
GGA	GTA	GT	-0.17014	0.00491	0.00450	0.17014	0.00414	0.00450
GGA	GCA	GC	0.50588	0.00976	0.01243	-0.50588	0.01618	0.01243
GGA	GAA	GA	1.00401	0.04124	0.06535	-1.00401	0.11256	0.06535
GGA	GGT	AT	-0.24752	0.00491	0.00433	0.24752	0.00383	0.00433
GGA	GGC	AC	0.16726	0.00976	0.01060	-0.16726	0.01153	0.01060
GGG	TGG	GT	0.40608	0.00697	0.00848	-0.40608	0.01047	0.00848
GGG	CGG	GC	-0.21046	0.01386	0.01246	0.21046	0.01123	0.01246
GGG	AGG	GA	0.44236	0.05859	0.07251	-0.44236	0.09120	0.07251
GGG	GTG	GT	1.75216	0.00697	0.01478	-1.75216	0.04021	0.01478
GGG	GCG	GC	-0.28814	0.01386	0.01196	0.28814	0.01039	0.01196
GGG	GAG	GA	1.33310	0.05859	0.10608	-1.33310	0.22224	0.10608
GGG	GGT	GT	-0.22149	0.00697	0.00623	0.22149	0.00559	0.00623
GGG	GGC	GC	0.19329	0.01386	0.01525	-0.19329	0.01682	0.01525
GGG	GGA	GA	0.02603	0.05859	0.05936	-0.02603	0.06014	0.05936


Histograms
2Ns	FMut	FSub(CodonUsage)	FSubw(after w)

-2.29813	0.02144	0.00600
-2.06832	0.01413	0.00478
-1.83850	0.02810	0.01068
-1.60869	0.03215	0.01398
-1.37888	0.04882	0.02533
-1.14907	0.03960	0.02391
-0.91925	0.07189	0.04849
-0.68944	0.06733	0.05264
-0.45963	0.14490	0.12760
-0.22981	0.11916	0.11700
0.00000	0.12495	0.13920
0.22981	0.09302	0.11700
0.45963	0.09210	0.12760
0.68944	0.03444	0.05264
0.91925	0.02833	0.04849
1.14907	0.01291	0.02391
1.37888	0.01236	0.02533
1.60869	0.00613	0.01398
1.83850	0.00434	0.01068
2.06832	0.00182	0.00478
2.29813	0.00209	0.00600

Proportion of advantageous (S > 0) mutations:
 0.34854

Proportions of good & bad mutations (|S| > 2.0000) among mutations:
0.00383  0.03496

mean |Ns| = 0.68237	mean Ns+ = 0.50165	mean Ns- = -0.77906


MLEs of dN/dS (w) for site classes (K=4)

site class             0        1       2a       2b
proportion       0.66280  0.09955  0.20662  0.03103
background w     0.04811  1.06385  0.04811  1.06385
foreground w     0.04811  1.06385  0.02352  0.02352

Naive Empirical Bayes (NEB) probabilities for 4 classes
(amino acids refer to 1st sequence: Bbon)

   1 N   0.72835 0.03161 0.22809 0.01194 ( 1)
   2 S   0.70443 0.05615 0.22011 0.01931 ( 1)
   3 P   0.70923 0.05119 0.22169 0.01788 ( 1)
   4 E   0.70898 0.05146 0.22161 0.01796 ( 1)
   5 F   0.71364 0.04666 0.22315 0.01655 ( 1)
   6 Q   0.69147 0.06957 0.21588 0.02308 ( 1)
   7 K   0.71769 0.04250 0.22450 0.01531 ( 1)
   8 L   0.70333 0.05728 0.21975 0.01964 ( 1)
   9 L   0.68085 0.08064 0.21243 0.02608 ( 1)
  10 G   0.72446 0.03557 0.22678 0.01319 ( 1)
  11 I   0.71128 0.04909 0.22237 0.01726 ( 1)
  12 A   0.70365 0.05695 0.21986 0.01954 ( 1)
  13 M   0.34734 0.39625 0.10874 0.14767 ( 2)
  14 E   0.70898 0.05146 0.22161 0.01796 ( 1)
  15 L   0.70312 0.05759 0.21966 0.01963 ( 1)
  16 F   0.71364 0.04666 0.22315 0.01655 ( 1)
  17 L   0.68085 0.08064 0.21243 0.02608 ( 1)
  18 L   0.68085 0.08064 0.21243 0.02608 ( 1)
  19 C   0.71584 0.04440 0.22388 0.01588 ( 1)
  20 S   0.71244 0.04791 0.22275 0.01690 ( 1)
  21 D   0.70787 0.05259 0.22125 0.01829 ( 1)
  22 D   0.70969 0.05068 0.22186 0.01777 ( 1)
  23 A   0.70295 0.05740 0.21971 0.01995 ( 1)
  24 E   0.70602 0.05450 0.22064 0.01884 ( 1)
  25 S   0.70117 0.05965 0.21901 0.02017 ( 1)
  26 D   0.70787 0.05259 0.22125 0.01829 ( 1)
  27 V   0.71400 0.04629 0.22327 0.01644 ( 1)
  28 R   0.71931 0.04084 0.22504 0.01481 ( 1)
  29 M   0.72555 0.03446 0.22715 0.01284 ( 1)
  30 V   0.69968 0.06106 0.21856 0.02071 ( 1)
  31 A   0.70427 0.05629 0.22007 0.01937 ( 1)
  32 D   0.71041 0.04998 0.22208 0.01753 ( 1)
  33 E   0.70602 0.05450 0.22064 0.01884 ( 1)
  34 C   0.71584 0.04440 0.22388 0.01588 ( 1)
  35 L   0.70279 0.05784 0.21957 0.01979 ( 1)
  36 N   0.73182 0.02808 0.22928 0.01082 ( 1)
  37 K   0.31973 0.42661 0.10001 0.15364 ( 2)
  38 V   0.71400 0.04629 0.22327 0.01644 ( 1)
  39 I   0.73062 0.02918 0.22893 0.01127 ( 1)
  40 K   0.71634 0.04379 0.22409 0.01578 ( 1)
  41 -   0.72138 0.03846 0.22584 0.01432 ( 1)
  42 -   0.71414 0.04591 0.22340 0.01655 ( 1)
  43 -   0.69539 0.06534 0.21720 0.02208 ( 1)
  44 -   0.70182 0.05866 0.21931 0.02022 ( 1)
  45 -   0.71277 0.04732 0.22294 0.01697 ( 1)
  46 -   0.70039 0.06014 0.21884 0.02063 ( 1)
  47 -   0.67694 0.08455 0.21121 0.02730 ( 1)
  48 -   0.71588 0.04411 0.22398 0.01603 ( 1)
  49 -   0.69539 0.06534 0.21720 0.02208 ( 1)
  50 -   0.69930 0.06127 0.21848 0.02095 ( 1)
  51 -   0.67672 0.08488 0.21112 0.02729 ( 1)
  52 -   0.69553 0.06519 0.21724 0.02203 ( 1)
  53 -   0.70928 0.05092 0.22178 0.01802 ( 1)
  54 -   0.70414 0.05625 0.22007 0.01954 ( 1)
  55 -   0.69930 0.06127 0.21848 0.02095 ( 1)
  56 -   0.69741 0.06323 0.21786 0.02149 ( 1)
  57 -   0.67672 0.08488 0.21112 0.02729 ( 1)
  58 -   0.69539 0.06534 0.21720 0.02208 ( 1)
  59 -   0.70133 0.05916 0.21915 0.02036 ( 1)
  60 -   0.69416 0.06659 0.21680 0.02245 ( 1)
  61 -   0.70780 0.05246 0.22129 0.01846 ( 1)
  62 -   0.71277 0.04732 0.22294 0.01697 ( 1)
  63 -   0.70182 0.05866 0.21931 0.02022 ( 1)
  64 -   0.68524 0.07594 0.21388 0.02494 ( 1)
  65 -   0.70779 0.05246 0.22128 0.01846 ( 1)
  66 -   0.70611 0.05421 0.22073 0.01896 ( 1)
  67 -   0.70928 0.05092 0.22178 0.01802 ( 1)
  68 P   0.70954 0.05079 0.22182 0.01784 ( 1)
  69 Y   0.71261 0.04763 0.22284 0.01692 ( 1)
  70 L   0.69053 0.07049 0.21559 0.02339 ( 1)
  71 V   0.72678 0.03311 0.22760 0.01251 ( 1)
  72 N   0.73021 0.02960 0.22878 0.01140 ( 1)
  73 L   0.70198 0.05860 0.21933 0.02008 ( 1)
  74 L   0.69053 0.07049 0.21559 0.02339 ( 1)
  75 P   0.70954 0.05079 0.22182 0.01784 ( 1)
  76 C   0.71336 0.04699 0.22305 0.01660 ( 1)
  77 L   0.68015 0.08133 0.21222 0.02630 ( 1)
  78 T   0.71415 0.04603 0.22336 0.01646 ( 1)
  79 R   0.72470 0.03523 0.22690 0.01317 ( 1)
  80 T   0.71644 0.04371 0.22411 0.01574 ( 1)
  81 S   0.70797 0.05242 0.22130 0.01831 ( 1)
  82 K   0.71985 0.04019 0.22526 0.01470 ( 1)
  83 R   0.71595 0.04422 0.22395 0.01589 ( 1)
  84 P   0.71294 0.04734 0.22293 0.01679 ( 1)
  85 E   0.70499 0.05552 0.22031 0.01918 ( 1)
  86 E   0.70461 0.05588 0.22020 0.01931 ( 1)
  87 S   0.70306 0.05749 0.21968 0.01977 ( 1)
  88 V   0.71246 0.04778 0.22279 0.01696 ( 1)
  89 Q   0.69043 0.07060 0.21555 0.02342 ( 1)
  90 E   0.70461 0.05588 0.22020 0.01931 ( 1)
  91 T   0.71338 0.04684 0.22310 0.01669 ( 1)
  92 L   0.69053 0.07049 0.21559 0.02339 ( 1)
  93 A   0.70239 0.05819 0.21946 0.01996 ( 1)
  94 A   0.70711 0.05364 0.22092 0.01833 ( 1)
  95 A   0.70341 0.05719 0.21978 0.01962 ( 1)
  96 V   0.71246 0.04778 0.22279 0.01696 ( 1)
  97 P   0.70954 0.05079 0.22182 0.01784 ( 1)
  98 K   0.71985 0.04019 0.22526 0.01470 ( 1)
  99 I   0.29101 0.45724 0.09098 0.16077 ( 2)
 100 M   0.72392 0.03602 0.22664 0.01342 ( 1)
 101 A   0.70230 0.05828 0.21943 0.01999 ( 1)
 102 S   0.70314 0.05741 0.21971 0.01974 ( 1)
 103 F   0.71335 0.04695 0.22306 0.01665 ( 1)
 104 G   0.72284 0.03713 0.22627 0.01376 ( 1)
 105 N   0.72756 0.03237 0.22785 0.01223 ( 1)
 106 F   0.71214 0.04811 0.22268 0.01706 ( 1)
 107 A   0.70102 0.05960 0.21901 0.02037 ( 1)
 108 N   0.73021 0.02960 0.22878 0.01140 ( 1)
 109 D   0.70892 0.05143 0.22162 0.01803 ( 1)
 110 S   0.36761 0.37546 0.11512 0.14181 ( 2)
 111 E   0.70716 0.05323 0.22104 0.01857 ( 1)
 112 I   0.71141 0.04896 0.22241 0.01722 ( 1)
 113 K   0.72110 0.03915 0.22559 0.01416 ( 1)
 114 V   0.71474 0.04552 0.22352 0.01622 ( 1)
 115 L   0.68075 0.08049 0.21246 0.02630 ( 1)
 116 L   0.69812 0.06280 0.21801 0.02107 ( 1)
 117 K   0.72138 0.03872 0.22574 0.01416 ( 1)
 118 A   0.70416 0.05645 0.22002 0.01937 ( 1)
 119 F   0.71610 0.04413 0.22397 0.01579 ( 1)
 120 I   0.73223 0.02766 0.22943 0.01068 ( 1)
 121 A   0.72414 0.03591 0.22667 0.01329 ( 1)
 122 N   0.72829 0.03167 0.22808 0.01196 ( 1)
 123 L   0.68085 0.08064 0.21243 0.02608 ( 1)
 124 K   0.72147 0.03864 0.22577 0.01413 ( 1)
 125 S   0.28975 0.45778 0.09060 0.16186 ( 2)
 126 S   0.70948 0.05091 0.22179 0.01782 ( 1)
 127 S   0.70443 0.05615 0.22011 0.01931 ( 1)
 128 P   0.71104 0.04933 0.22229 0.01734 ( 1)
 129 T   0.71493 0.04533 0.22358 0.01615 ( 1)
 130 V   0.25768 0.49411 0.08049 0.16773 ( 2)
 131 R   0.72302 0.03704 0.22629 0.01364 ( 1)
 132 R   0.72302 0.03704 0.22629 0.01364 ( 1)
 133 T   0.71732 0.04295 0.22435 0.01538 ( 1)
 134 A   0.72333 0.03678 0.22637 0.01352 ( 1)
 135 A   0.70818 0.05227 0.22135 0.01819 ( 1)
 136 G   0.34857 0.39564 0.10911 0.14669 ( 2)
 137 S   0.71853 0.04164 0.22478 0.01505 ( 1)
 138 A   0.72414 0.03591 0.22667 0.01329 ( 1)
 139 V   0.69981 0.06093 0.21860 0.02066 ( 1)
 140 S   0.70944 0.05098 0.22176 0.01782 ( 1)
 141 I   0.30285 0.44470 0.09470 0.15774 ( 2)
 142 C   0.71584 0.04440 0.22388 0.01588 ( 1)
 143 Q   0.69147 0.06957 0.21588 0.02308 ( 1)
 144 H   0.71050 0.04989 0.22211 0.01750 ( 1)
 145 S   0.70831 0.05215 0.22139 0.01816 ( 1)
 146 R   0.71890 0.04124 0.22491 0.01495 ( 1)
 147 R   0.71882 0.04131 0.22489 0.01498 ( 1)
 148 T   0.02310 0.71511 0.00723 0.25456 ( 2)
 149 Q   0.69147 0.06957 0.21588 0.02308 ( 1)
 150 Y   0.30323 0.44414 0.09482 0.15781 ( 2)
 151 F   0.71420 0.04611 0.22333 0.01635 ( 1)
 152 Y   0.71415 0.04614 0.22332 0.01639 ( 1)
 153 S   0.70944 0.05098 0.22176 0.01782 ( 1)
 154 W   0.70379 0.05680 0.21990 0.01950 ( 1)
 155 L   0.68193 0.07931 0.21283 0.02593 ( 1)
 156 L   0.70279 0.05784 0.21957 0.01979 ( 1)
 157 S   0.71191 0.04840 0.22259 0.01709 ( 1)
 158 V   0.70054 0.05978 0.21894 0.02074 ( 1)
 159 L   0.70279 0.05784 0.21957 0.01979 ( 1)
 160 L   0.26412 0.48825 0.08250 0.16513 ( 2)
 161 G   0.72966 0.03028 0.22854 0.01152 ( 1)
 162 L   0.69175 0.06929 0.21597 0.02299 ( 1)
 163 L   0.68558 0.07594 0.21391 0.02456 ( 1)
 164 V   0.71796 0.04225 0.22458 0.01521 ( 1)
 165 P   0.71472 0.04556 0.22351 0.01621 ( 1)
 166 V   0.69989 0.06085 0.21862 0.02064 ( 1)
 167 E   0.70626 0.05427 0.22071 0.01876 ( 1)
 168 E   0.70626 0.05427 0.22071 0.01876 ( 1)
 169 E   0.70886 0.05157 0.22158 0.01799 ( 1)
 170 H   0.31792 0.42396 0.09954 0.15857 ( 2)
 171 S   0.70835 0.05222 0.22137 0.01807 ( 1)
 172 T   0.30063 0.44914 0.09397 0.15626 ( 2)
 173 L   0.70345 0.05716 0.21979 0.01959 ( 1)
 174 L   0.68096 0.08052 0.21247 0.02604 ( 1)
 175 I   0.71153 0.04884 0.22245 0.01718 ( 1)
 176 L   0.70303 0.05761 0.21965 0.01972 ( 1)
 177 G   0.71800 0.04220 0.22460 0.01520 ( 1)
 178 V   0.69989 0.06085 0.21862 0.02064 ( 1)
 179 L   0.68096 0.08052 0.21247 0.02604 ( 1)
 180 L   0.70314 0.05749 0.21969 0.01968 ( 1)
 181 T   0.71837 0.04181 0.22473 0.01509 ( 1)
 182 L   0.69159 0.06945 0.21592 0.02304 ( 1)
 183 R   0.71958 0.04058 0.22513 0.01471 ( 1)
 184 Y   0.72150 0.03862 0.22577 0.01411 ( 1)
 185 L   0.69175 0.06929 0.21597 0.02299 ( 1)
 186 V   0.69989 0.06085 0.21862 0.02064 ( 1)
 187 P   0.71484 0.04544 0.22355 0.01617 ( 1)
 188 L   0.69175 0.06929 0.21597 0.02299 ( 1)
 189 L   0.68096 0.08052 0.21247 0.02604 ( 1)
 190 Q   0.69165 0.06939 0.21594 0.02302 ( 1)
 191 Q   0.69165 0.06939 0.21594 0.02302 ( 1)
 192 Q   0.69165 0.06939 0.21594 0.02302 ( 1)
 193 V   0.71426 0.04604 0.22335 0.01635 ( 1)
 194 K   0.72174 0.03837 0.22585 0.01404 ( 1)
 195 D   0.71060 0.04980 0.22214 0.01746 ( 1)
 196 T   0.71533 0.04497 0.22370 0.01601 ( 1)
 197 S   0.70969 0.05074 0.22184 0.01773 ( 1)
 198 L   0.68096 0.08052 0.21247 0.02604 ( 1)
 199 K   0.71796 0.04224 0.22459 0.01521 ( 1)
 200 G   0.72474 0.03531 0.22686 0.01309 ( 1)
 201 S   0.70969 0.05074 0.22184 0.01773 ( 1)
 202 F   0.71390 0.04641 0.22323 0.01646 ( 1)
 203 G   0.72349 0.03659 0.22644 0.01349 ( 1)
 204 V   0.69989 0.06085 0.21862 0.02064 ( 1)
 205 T   0.71720 0.04315 0.22429 0.01536 ( 1)
 206 R   0.72329 0.03678 0.22637 0.01355 ( 1)
 207 K   0.71796 0.04224 0.22459 0.01521 ( 1)
 208 E   0.70626 0.05427 0.22071 0.01876 ( 1)
 209 M   0.72582 0.03420 0.22723 0.01275 ( 1)
 210 E   0.70626 0.05427 0.22071 0.01876 ( 1)
 211 V   0.71426 0.04604 0.22335 0.01635 ( 1)
 212 S   0.70604 0.05436 0.22068 0.01893 ( 1)
 213 P   0.71484 0.04544 0.22355 0.01617 ( 1)
 214 S   0.71880 0.04138 0.22486 0.01495 ( 1)
 215 T   0.71498 0.04530 0.22359 0.01613 ( 1)
 216 E   0.70626 0.05427 0.22071 0.01876 ( 1)
 217 Q   0.69165 0.06939 0.21594 0.02302 ( 1)
 218 L   0.70348 0.05714 0.21980 0.01957 ( 1)
 219 V   0.71403 0.04626 0.22328 0.01643 ( 1)
 220 Q   0.69095 0.07008 0.21572 0.02325 ( 1)
 221 V   0.69638 0.06442 0.21749 0.02171 ( 1)
 222 Y   0.71107 0.04928 0.22231 0.01734 ( 1)
 223 E   0.70493 0.05555 0.22030 0.01922 ( 1)
 224 L   0.68745 0.07386 0.21455 0.02414 ( 1)
 225 T   0.71086 0.04944 0.22226 0.01744 ( 1)
 226 L   0.68887 0.07223 0.21504 0.02386 ( 1)
 227 H   0.31255 0.43366 0.09777 0.15603 ( 2)
 228 Y   0.71700 0.04313 0.22430 0.01558 ( 1)
 229 T   0.71697 0.04316 0.22429 0.01558 ( 1)
 230 Q   0.68948 0.07163 0.21524 0.02365 ( 1)
 231 H   0.70765 0.05281 0.22118 0.01836 ( 1)
 232 Q   0.69966 0.06121 0.21852 0.02061 ( 1)
 233 D   0.70756 0.05290 0.22115 0.01839 ( 1)
 234 H   0.70765 0.05281 0.22118 0.01836 ( 1)
 235 N   0.72519 0.03481 0.22703 0.01297 ( 1)
 236 V   0.71467 0.04559 0.22350 0.01624 ( 1)
 237 V   0.69840 0.06190 0.21827 0.02144 ( 1)
 238 T   0.71684 0.04328 0.22425 0.01563 ( 1)
 239 G   0.72027 0.03982 0.22538 0.01453 ( 1)
 240 A   0.70234 0.05829 0.21943 0.01994 ( 1)
 241 L   0.67951 0.08202 0.21200 0.02646 ( 1)
 242 E   0.70579 0.05471 0.22057 0.01893 ( 1)
 243 L   0.70023 0.06047 0.21874 0.02055 ( 1)
 244 L   0.67951 0.08202 0.21200 0.02646 ( 1)
 245 Q   0.69054 0.07059 0.21556 0.02331 ( 1)
 246 Q   0.69054 0.07059 0.21556 0.02331 ( 1)
 247 L   0.69931 0.06137 0.21845 0.02086 ( 1)
 248 L   0.70159 0.05914 0.21917 0.02010 ( 1)
 249 R   0.71549 0.04483 0.22374 0.01593 ( 1)
 250 T   0.71352 0.04685 0.22309 0.01653 ( 1)
 251 P   0.70971 0.05077 0.22183 0.01769 ( 1)
 252 P   0.70825 0.05230 0.22134 0.01811 ( 1)
 253 P   0.70971 0.05077 0.22183 0.01769 ( 1)
 254 E   0.70476 0.05587 0.22020 0.01917 ( 1)
 255 L   0.70159 0.05914 0.21917 0.02010 ( 1)
 256 L   0.68022 0.08133 0.21222 0.02623 ( 1)
 257 R   0.71673 0.04347 0.22419 0.01561 ( 1)
 258 A   0.00105 0.82679 0.00026 0.17190 ( 2)
 259 L   0.68022 0.08133 0.21222 0.02623 ( 1)
 260 T   0.71356 0.04682 0.22310 0.01652 ( 1)
 261 T   0.71334 0.04705 0.22303 0.01659 ( 1)
 262 A   0.34510 0.40049 0.10799 0.14642 ( 2)
 263 G   0.72331 0.03685 0.22635 0.01349 ( 1)
 264 G   0.72304 0.03711 0.22626 0.01359 ( 1)
 265 I   0.71220 0.04821 0.22265 0.01694 ( 1)
 266 G   0.33897 0.40682 0.10606 0.14815 ( 2)
 267 Q   0.01458 0.73737 0.00455 0.24350 ( 2)
 268 L   0.70159 0.05914 0.21917 0.02010 ( 1)
 269 T   0.71907 0.04113 0.22495 0.01485 ( 1)
 270 A   0.27930 0.47085 0.08728 0.16257 ( 2)
 271 A   0.70268 0.05800 0.21953 0.01980 ( 1)
 272 K   0.72005 0.04017 0.22526 0.01452 ( 1)
 273 D   0.27634 0.47401 0.08635 0.16329 ( 2)
 274 E   0.70476 0.05587 0.22020 0.01917 ( 1)
 275 P   0.71315 0.04723 0.22297 0.01665 ( 1)
 276 G   0.46945 0.45486 0.07187 0.00382 ( 1)
 277 C   0.71446 0.04589 0.22340 0.01625 ( 1)
 278 R   0.71556 0.04477 0.22376 0.01591 ( 1)
 279 S   0.71113 0.04931 0.22230 0.01726 ( 1)
 280 R   0.72362 0.03652 0.22646 0.01340 ( 1)
 281 S   0.70812 0.05240 0.22131 0.01816 ( 1)
 282 G   0.71634 0.04397 0.22402 0.01567 ( 1)
 283 S   0.71050 0.04992 0.22210 0.01747 ( 1)
 284 I   0.71217 0.04824 0.22264 0.01695 ( 1)
 285 V   0.69854 0.06229 0.21817 0.02100 ( 1)
 286 E   0.70476 0.05587 0.22020 0.01917 ( 1)
 287 L   0.70212 0.05859 0.21934 0.01995 ( 1)
 288 I   0.73084 0.02916 0.22891 0.01109 ( 1)
 289 A   0.69372 0.06780 0.21647 0.02201 ( 1)
 290 G   0.70582 0.05546 0.22035 0.01837 ( 1)
 291 G   0.71085 0.05034 0.22197 0.01684 ( 1)
 292 G   0.71708 0.04401 0.22399 0.01492 ( 1)
 293 S   0.69438 0.06713 0.21668 0.02181 ( 1)
 294 S   0.69006 0.07156 0.21530 0.02308 ( 1)
 295 C   0.70414 0.05717 0.21981 0.01888 ( 1)
 296 S   0.69856 0.06286 0.21802 0.02056 ( 1)
 297 P   0.69996 0.06143 0.21847 0.02014 ( 1)
 298 V   0.70252 0.05883 0.21929 0.01937 ( 1)
 299 L   0.69347 0.06806 0.21639 0.02208 ( 1)
 300 S   0.68966 0.07196 0.21517 0.02321 ( 1)
 301 R   0.70565 0.05558 0.22031 0.01846 ( 1)
 302 K   0.70579 0.05549 0.22034 0.01838 ( 1)
 303 Q   0.69285 0.06870 0.21619 0.02226 ( 1)
 304 K   0.70578 0.05550 0.22034 0.01838 ( 1)
 305 G   0.70907 0.05242 0.22131 0.01720 ( 1)
 306 K   0.29891 0.45246 0.09340 0.15523 ( 2)
 307 V   0.69575 0.06538 0.21721 0.02166 ( 1)
 308 L   0.69864 0.06241 0.21815 0.02081 ( 1)
 309 F   0.70893 0.05183 0.22149 0.01774 ( 1)
 310 G   0.71281 0.04787 0.22277 0.01656 ( 1)
 311 E   0.70443 0.05645 0.22003 0.01909 ( 1)
 312 A   0.69875 0.06231 0.21818 0.02076 ( 1)
 313 A   0.69822 0.06284 0.21801 0.02093 ( 1)
 314 A   0.70369 0.05722 0.21979 0.01931 ( 1)
 315 L   0.01425 0.73998 0.00445 0.24133 ( 2)
 316 E   0.70165 0.05931 0.21912 0.01992 ( 1)
 317 D   0.70339 0.05752 0.21969 0.01940 ( 1)
 318 D   0.70579 0.05506 0.22047 0.01868 ( 1)
 319 S   0.25894 0.49465 0.08086 0.16555 ( 2)
 320 E   0.70165 0.05931 0.21912 0.01992 ( 1)
 321 S   0.69500 0.06616 0.21696 0.02187 ( 1)
 322 R   0.71427 0.04636 0.22325 0.01612 ( 1)
 323 S   0.69479 0.06637 0.21690 0.02194 ( 1)
 324 D   0.70579 0.05506 0.22047 0.01868 ( 1)
 325 G   0.71941 0.04112 0.22494 0.01453 ( 1)
 326 S   0.70486 0.05601 0.22017 0.01896 ( 1)
 327 S   0.70486 0.05601 0.22017 0.01896 ( 1)
 328 P   0.70978 0.05097 0.22177 0.01749 ( 1)
 329 T   0.71010 0.05063 0.22188 0.01739 ( 1)
 330 F   0.70887 0.05189 0.22148 0.01776 ( 1)
 331 -   0.24606 0.50825 0.07682 0.16887 ( 2)
 332 -   0.70232 0.05855 0.21936 0.01977 ( 1)
 333 A   0.25275 0.49943 0.07895 0.16887 ( 2)
 334 V   0.71426 0.04604 0.22335 0.01635 ( 1)
 335 K   0.72174 0.03837 0.22585 0.01404 ( 1)
 336 G   0.72961 0.03039 0.22850 0.01150 ( 1)
 337 E   0.70626 0.05427 0.22071 0.01876 ( 1)
 338 V   0.02095 0.71946 0.00655 0.25303 ( 2)
 339 G   0.72658 0.03320 0.22758 0.01264 ( 1)
 340 G   0.38704 0.35674 0.12121 0.13501 ( 1)
 341 E   0.70626 0.05427 0.22071 0.01876 ( 1)
 342 L   0.68096 0.08052 0.21247 0.02604 ( 1)
 343 A   0.27043 0.48028 0.08450 0.16479 ( 2)
 344 A   0.70843 0.05203 0.22143 0.01811 ( 1)
 345 S   0.70466 0.05592 0.22019 0.01923 ( 1)
 346 S   0.70466 0.05592 0.22019 0.01923 ( 1)
 347 G   0.72349 0.03659 0.22644 0.01349 ( 1)
 348 V   0.71426 0.04604 0.22335 0.01635 ( 1)
 349 P   0.28562 0.46398 0.08927 0.16113 ( 2)
 350 T   0.72147 0.03865 0.22576 0.01412 ( 1)
 351 P   0.71216 0.04824 0.22264 0.01695 ( 1)
 352 G   0.33473 0.40889 0.10478 0.15160 ( 2)
 353 S   0.69904 0.06175 0.21834 0.02088 ( 1)
 354 A   0.70388 0.05672 0.21993 0.01946 ( 1)
 355 A   0.70843 0.05203 0.22143 0.01811 ( 1)
 356 D   0.36918 0.56996 0.05643 0.00443 ( 2)
 357 S   0.70466 0.05592 0.22019 0.01923 ( 1)
 358 G   0.26245 0.48955 0.08198 0.16602 ( 2)
 359 G   0.72993 0.03002 0.22863 0.01142 ( 1)
 360 H   0.71075 0.04965 0.22219 0.01741 ( 1)
 361 D   0.71066 0.04973 0.22216 0.01744 ( 1)
 362 I   0.71395 0.04636 0.22325 0.01644 ( 1)
 363 I   0.71395 0.04636 0.22325 0.01644 ( 1)
 364 T   0.72101 0.03909 0.22562 0.01428 ( 1)
 365 E   0.70626 0.05427 0.22071 0.01876 ( 1)
 366 Q   0.69165 0.06939 0.21594 0.02302 ( 1)
 367 P   0.71478 0.04550 0.22353 0.01619 ( 1)
 368 R   0.72344 0.03665 0.22642 0.01350 ( 1)
 369 S   0.69904 0.06175 0.21834 0.02088 ( 1)
 370 Q   0.69165 0.06939 0.21594 0.02302 ( 1)
 371 H   0.71075 0.04965 0.22219 0.01741 ( 1)
 372 T   0.71835 0.04184 0.22472 0.01509 ( 1)
 373 L   0.70356 0.05706 0.21982 0.01956 ( 1)
 374 Q   0.69165 0.06939 0.21594 0.02302 ( 1)
 375 T   0.31123 0.43617 0.09733 0.15527 ( 2)
 376 D   0.71066 0.04973 0.22216 0.01744 ( 1)
 377 S   0.71809 0.04207 0.22464 0.01520 ( 1)
 378 V   0.26364 0.48838 0.08235 0.16562 ( 2)
 379 D   0.70812 0.05235 0.22132 0.01820 ( 1)
 380 L   0.68138 0.08011 0.21260 0.02591 ( 1)
 381 T   0.71692 0.04332 0.22423 0.01552 ( 1)
 382 G   0.72474 0.03531 0.22686 0.01309 ( 1)
 383 C   0.70660 0.05392 0.22082 0.01866 ( 1)
 384 D   0.71066 0.04973 0.22216 0.01744 ( 1)
 385 L   0.69175 0.06929 0.21597 0.02299 ( 1)
 386 T   0.00144 0.99051 0.00022 0.00783 ( 2)
 387 S   0.71274 0.04760 0.22285 0.01681 ( 1)
 388 G   0.72993 0.03002 0.22863 0.01142 ( 1)
 389 A   0.70813 0.05232 0.22133 0.01821 ( 1)
 390 T   0.32597 0.41895 0.10200 0.15307 ( 2)
 391 D   0.71004 0.05034 0.22197 0.01765 ( 1)
 392 G   0.72349 0.03659 0.22644 0.01349 ( 1)
 393 D   0.71053 0.04986 0.22212 0.01748 ( 1)
 394 E   0.70626 0.05427 0.22071 0.01876 ( 1)
 395 E   0.70631 0.05423 0.22073 0.01874 ( 1)
 396 D   0.71066 0.04973 0.22216 0.01744 ( 1)
 397 I   0.71395 0.04636 0.22325 0.01644 ( 1)
 398 L   0.69154 0.06950 0.21590 0.02306 ( 1)
 399 S   0.70969 0.05074 0.22184 0.01773 ( 1)
 400 H   0.71075 0.04965 0.22219 0.01741 ( 1)
 401 S   0.70969 0.05074 0.22184 0.01773 ( 1)
 402 S   0.70855 0.05191 0.22147 0.01807 ( 1)
 403 S   0.70969 0.05074 0.22184 0.01773 ( 1)
 404 Q   0.69165 0.06939 0.21594 0.02302 ( 1)
 405 M   0.00181 0.98879 0.00028 0.00912 ( 2)
 406 S   0.70969 0.05074 0.22184 0.01773 ( 1)
 407 A   0.28076 0.46860 0.08775 0.16288 ( 2)
 408 V   0.29891 0.44839 0.09347 0.15923 ( 2)
 409 P   0.71931 0.04082 0.22505 0.01482 ( 1)
 410 S   0.70466 0.05592 0.22019 0.01923 ( 1)
 411 D   0.71066 0.04973 0.22216 0.01744 ( 1)
 412 P   0.71129 0.04909 0.22237 0.01725 ( 1)
 413 A   0.70843 0.05203 0.22143 0.01811 ( 1)
 414 M   0.36132 0.38287 0.11312 0.14269 ( 2)
 415 D   0.71066 0.04973 0.22216 0.01744 ( 1)
 416 L   0.68096 0.08052 0.21247 0.02604 ( 1)
 417 N   0.73178 0.02821 0.22923 0.01078 ( 1)
 418 D   0.70812 0.05235 0.22132 0.01820 ( 1)
 419 G   0.72349 0.03659 0.22644 0.01349 ( 1)
 420 T   0.71519 0.04508 0.22366 0.01606 ( 1)
 421 Q   0.69165 0.06939 0.21594 0.02302 ( 1)
 422 A   0.70843 0.05203 0.22143 0.01811 ( 1)
 423 S   0.70855 0.05191 0.22147 0.01807 ( 1)
 424 S   0.70466 0.05592 0.22019 0.01923 ( 1)
 425 P   0.71447 0.04580 0.22343 0.01630 ( 1)
 426 I   0.71395 0.04636 0.22325 0.01644 ( 1)
 427 S   0.71274 0.04760 0.22285 0.01681 ( 1)
 428 D   0.71066 0.04973 0.22216 0.01744 ( 1)
 429 S   0.70969 0.05074 0.22184 0.01773 ( 1)
 430 S   0.70855 0.05191 0.22147 0.01807 ( 1)
 431 Q   0.69165 0.06939 0.21594 0.02302 ( 1)
 432 T   0.71519 0.04508 0.22366 0.01606 ( 1)
 433 T   0.71519 0.04508 0.22366 0.01606 ( 1)
 434 T   0.71519 0.04508 0.22366 0.01606 ( 1)
 435 E   0.70626 0.05427 0.22071 0.01876 ( 1)
 436 G   0.72349 0.03659 0.22644 0.01349 ( 1)
 437 P   0.71463 0.04564 0.22348 0.01624 ( 1)
 438 D   0.70812 0.05235 0.22132 0.01820 ( 1)
 439 S   0.69884 0.06194 0.21828 0.02094 ( 1)
 440 A   0.70724 0.05319 0.22106 0.01851 ( 1)
 441 V   0.69989 0.06085 0.21862 0.02064 ( 1)
 442 T   0.71519 0.04508 0.22366 0.01606 ( 1)
 443 P   0.71129 0.04909 0.22237 0.01725 ( 1)
 444 S   0.70840 0.05211 0.22140 0.01810 ( 1)
 445 D   0.71066 0.04973 0.22216 0.01744 ( 1)
 446 S   0.71274 0.04760 0.22285 0.01681 ( 1)
 447 S   0.70466 0.05592 0.22019 0.01923 ( 1)
 448 E   0.70923 0.05121 0.22169 0.01787 ( 1)
 449 I   0.71153 0.04884 0.22245 0.01718 ( 1)
 450 -   0.69948 0.06072 0.21863 0.02116 ( 1)
 451 L   0.69639 0.06502 0.21734 0.02125 ( 1)
 452 D   0.70523 0.05600 0.22018 0.01860 ( 1)
 453 G   0.72677 0.03411 0.22719 0.01193 ( 1)
 454 A   0.70530 0.05594 0.22020 0.01856 ( 1)
 455 D   0.70765 0.05353 0.22096 0.01787 ( 1)
 456 S   0.70670 0.05449 0.22065 0.01815 ( 1)
 457 Q   0.68950 0.07208 0.21513 0.02329 ( 1)
 458 Y   0.71130 0.04981 0.22214 0.01675 ( 1)
 459 P   0.27481 0.47968 0.08580 0.15971 ( 2)
 460 G   0.72027 0.04070 0.22505 0.01398 ( 1)
 461 M   0.72261 0.03832 0.22582 0.01325 ( 1)
 462 Q   0.69195 0.06935 0.21597 0.02273 ( 1)
 463 A   0.02280 0.73085 0.00712 0.23924 ( 2)
 464 G   0.33221 0.41978 0.10380 0.14421 ( 2)
 465 Q   0.68950 0.07208 0.21513 0.02329 ( 1)
 466 P   0.29588 0.45767 0.09241 0.15404 ( 2)
 467 Q   0.22859 0.52909 0.07132 0.17099 ( 2)
 468 D   0.70760 0.05359 0.22094 0.01786 ( 1)
 469 E   0.33269 0.61211 0.05077 0.00443 ( 2)
 470 D   0.70751 0.05366 0.22092 0.01791 ( 1)
 471 E   0.70339 0.05787 0.21959 0.01915 ( 1)
 472 D   0.70757 0.05360 0.22094 0.01789 ( 1)
 473 A   0.01760 0.73475 0.00549 0.24215 ( 2)
 474 A   0.70126 0.06005 0.21890 0.01979 ( 1)
 475 A   0.25155 0.50472 0.07851 0.16522 ( 2)
 476 V   0.30840 0.44459 0.09633 0.15068 ( 2)
 477 L   0.70080 0.06052 0.21875 0.01993 ( 1)
 478 P   0.70826 0.05291 0.22116 0.01768 ( 1)
 479 D   0.34229 0.60103 0.05225 0.00442 ( 2)
 480 E   0.70625 0.05495 0.22051 0.01829 ( 1)
 481 D   0.70757 0.05360 0.22094 0.01789 ( 1)
 482 A   0.00117 0.74399 0.00037 0.25447 ( 2)
 483 E   0.70339 0.05787 0.21959 0.01915 ( 1)
 484 A   0.70097 0.06040 0.21879 0.01983 ( 1)
 485 F   0.71322 0.04786 0.22276 0.01616 ( 1)
 486 R   0.71398 0.04708 0.22301 0.01593 ( 1)
 487 N   0.03187 0.70851 0.00996 0.24966 ( 2)
 488 S   0.70186 0.05944 0.21909 0.01961 ( 1)
 489 S   0.70560 0.05561 0.22030 0.01848 ( 1)
 490 I   0.28546 0.46812 0.08915 0.15727 ( 2)
 491 A   0.70169 0.05960 0.21904 0.01967 ( 1)
 492 L   0.69943 0.06121 0.21850 0.02086 ( 1)
 493 Q   0.69871 0.06195 0.21827 0.02107 ( 1)
 494 Q   0.69871 0.06195 0.21827 0.02107 ( 1)
 495 A   0.69851 0.06216 0.21820 0.02113 ( 1)
