29
Bbon       0.0000000 0.0119174 0.0677172 0.0788551 0.0232873 0.0107148 0.0425793 0.0678234 0.0632977 0.0628899 0.0747972 0.0695521 0.0448921 0.0433882 0.1057083 0.0722245 0.0879916 0.0783769 0.0644354 0.0450493 0.0781796 0.0456823 0.0605082 0.0786006 0.0622032 0.0803050 0.0751673 0.0802322 0.0408993 
Bmus       0.0119174 0.0000000 0.0787724 0.0890872 0.0304390 0.0185149 0.0489500 0.0752587 0.0740767 0.0748966 0.0860767 0.0809154 0.0528452 0.0513368 0.1146327 0.0832314 0.0990484 0.0891977 0.0720248 0.0544451 0.0886287 0.0548481 0.0703448 0.0878836 0.0720433 0.0912697 0.0861263 0.0911854 0.0489555 
Ccom       0.0677172 0.0787724 0.0000000 0.0051675 0.0779726 0.0729632 0.0650350 0.0532528 0.0800083 0.0807608 0.0090126 0.0069279 0.0666806 0.0658943 0.0414150 0.0401212 0.0173543 0.0127080 0.0484581 0.0703573 0.0140061 0.0686042 0.0381880 0.0460978 0.0400500 0.0156615 0.0131593 0.0139877 0.0667425 
Chea       0.0788551 0.0890872 0.0051675 0.0000000 0.0886314 0.0844968 0.0706695 0.0516716 0.0827326 0.0846734 0.0041470 0.0035176 0.0760509 0.0734773 0.0546283 0.0425491 0.0137980 0.0091861 0.0486554 0.0791073 0.0088988 0.0750713 0.0343292 0.0500709 0.0350654 0.0113375 0.0080760 0.0088874 0.0722794 
Cmar       0.0232873 0.0304390 0.0779726 0.0886314 0.0000000 0.0207537 0.0513854 0.0752415 0.0759134 0.0767827 0.0837878 0.0741409 0.0529678 0.0522340 0.1153484 0.0779377 0.0954027 0.0848540 0.0728998 0.0538213 0.0873124 0.0540278 0.0654175 0.0867915 0.0691236 0.0909124 0.0839197 0.0891350 0.0469313 
Erob       0.0107148 0.0185149 0.0729632 0.0844968 0.0207537 0.0000000 0.0454982 0.0737480 0.0671277 0.0665865 0.0790631 0.0749306 0.0463076 0.0447572 0.1119393 0.0758077 0.0933990 0.0829676 0.0683536 0.0455523 0.0834452 0.0461850 0.0634763 0.0830708 0.0643371 0.0871218 0.0801818 0.0853587 0.0441188 
Hamp       0.0425793 0.0489500 0.0650350 0.0706695 0.0513854 0.0454982 0.0000000 0.0699471 0.0614985 0.0644096 0.0686299 0.0649234 0.0126135 0.0111318 0.1016368 0.0630698 0.0793977 0.0747753 0.0576156 0.0463922 0.0712558 0.0446220 0.0585428 0.0741770 0.0584117 0.0766827 0.0717540 0.0751011 0.0099834 
Igeo       0.0678234 0.0752587 0.0532528 0.0516716 0.0752415 0.0737480 0.0699471 0.0000000 0.0800351 0.0840557 0.0530217 0.0506685 0.0757889 0.0746771 0.0552854 0.0579653 0.0591936 0.0555796 0.0333845 0.0711370 0.0530831 0.0688090 0.0515629 0.0579542 0.0524367 0.0554564 0.0530174 0.0518335 0.0717614 
Kbre       0.0632977 0.0740767 0.0800083 0.0827326 0.0759134 0.0671277 0.0614985 0.0800351 0.0000000 0.0210260 0.0864245 0.0811668 0.0622752 0.0606897 0.0838354 0.0829428 0.0971397 0.0903147 0.0628929 0.0451935 0.0846667 0.0466467 0.0775150 0.0849157 0.0736655 0.0907948 0.0848372 0.0900114 0.0564929 
Ksim       0.0628899 0.0748966 0.0807608 0.0846734 0.0767827 0.0665865 0.0644096 0.0840557 0.0210260 0.0000000 0.0867609 0.0840530 0.0634153 0.0607788 0.0856232 0.0836938 0.0987424 0.0930509 0.0656049 0.0464996 0.0866679 0.0481383 0.0797543 0.0867872 0.0768097 0.0934064 0.0867971 0.0925398 0.0650191 
Laus       0.0747972 0.0860767 0.0090126 0.0041470 0.0837878 0.0790631 0.0686299 0.0530217 0.0864245 0.0867609 0.0000000 0.0075281 0.0728819 0.0712826 0.0411880 0.0419136 0.0185986 0.0130802 0.0482878 0.0775560 0.0127140 0.0743371 0.0381681 0.0447401 0.0391081 0.0138936 0.0146850 0.0131225 0.0701404 
Lbor       0.0695521 0.0809154 0.0069279 0.0035176 0.0741409 0.0749306 0.0649234 0.0506685 0.0811668 0.0840530 0.0075281 0.0000000 0.0694095 0.0676688 0.0377918 0.0380626 0.0109086 0.0075328 0.0465565 0.0725529 0.0092294 0.0706201 0.0341523 0.0435106 0.0363327 0.0100684 0.0075342 0.0083749 0.0672032 
Meur       0.0448921 0.0528452 0.0666806 0.0760509 0.0529678 0.0463076 0.0126135 0.0757889 0.0622752 0.0634153 0.0728819 0.0694095 0.0000000 0.0059075 0.1077606 0.0693258 0.0835380 0.0792856 0.0593873 0.0471476 0.0754693 0.0478809 0.0638179 0.0782651 0.0636733 0.0808016 0.0758577 0.0792197 0.0141890 
Mgin       0.0433882 0.0513368 0.0658943 0.0734773 0.0522340 0.0447572 0.0111318 0.0746771 0.0606897 0.0607788 0.0712826 0.0676688 0.0059075 0.0000000 0.1061523 0.0675840 0.0819944 0.0776442 0.0567754 0.0456462 0.0738871 0.0463049 0.0621487 0.0767268 0.0611380 0.0792623 0.0743173 0.0776783 0.0133555 
Naasi      0.1057083 0.1146327 0.0414150 0.0546283 0.1153484 0.1119393 0.1016368 0.0552854 0.0838354 0.0856232 0.0411880 0.0377918 0.1077606 0.1061523 0.0000000 0.0144893 0.0845231 0.0780131 0.0526652 0.1078838 0.0762291 0.1048208 0.0048417 0.0452132 0.0072886 0.0781896 0.0747302 0.0782306 0.1096112 
Npho       0.0722245 0.0832314 0.0401212 0.0425491 0.0779377 0.0758077 0.0630698 0.0579653 0.0829428 0.0836938 0.0419136 0.0380626 0.0693258 0.0675840 0.0144893 0.0000000 0.0514097 0.0456239 0.0399856 0.0710544 0.0420508 0.0700938 0.0044545 0.0141861 0.0062505 0.0468195 0.0415813 0.0451067 0.0689179 
Obre       0.0879916 0.0990484 0.0173543 0.0137980 0.0954027 0.0933990 0.0793977 0.0591936 0.0971397 0.0987424 0.0185986 0.0109086 0.0835380 0.0819944 0.0845231 0.0514097 0.0000000 0.0046909 0.0531690 0.0930751 0.0160596 0.0898202 0.0417031 0.0578410 0.0443262 0.0163581 0.0156430 0.0148649 0.0783841 
Ohei       0.0783769 0.0891977 0.0127080 0.0091861 0.0848540 0.0829676 0.0747753 0.0555796 0.0903147 0.0930509 0.0130802 0.0075328 0.0792856 0.0776442 0.0780131 0.0456239 0.0046909 0.0000000 0.0506075 0.0847661 0.0118083 0.0809060 0.0350129 0.0510830 0.0380746 0.0110078 0.0086305 0.0094189 0.0767222 
Pbla       0.0644354 0.0720248 0.0484581 0.0486554 0.0728998 0.0683536 0.0576156 0.0333845 0.0628929 0.0656049 0.0482878 0.0465565 0.0593873 0.0567754 0.0526652 0.0399856 0.0531690 0.0506075 0.0000000 0.0625057 0.0495176 0.0607068 0.0308682 0.0460324 0.0316264 0.0521590 0.0485610 0.0494460 0.0594244 
Pcat       0.0450493 0.0544451 0.0703573 0.0791073 0.0538213 0.0455523 0.0463922 0.0711370 0.0451935 0.0464996 0.0775560 0.0725529 0.0471476 0.0456462 0.1078838 0.0710544 0.0930751 0.0847661 0.0625057 0.0000000 0.0818038 0.0015421 0.0637638 0.0818022 0.0637420 0.0871428 0.0803691 0.0854059 0.0417258 
Pcra       0.0781796 0.0886287 0.0140061 0.0088988 0.0873124 0.0834452 0.0712558 0.0530831 0.0846667 0.0866679 0.0127140 0.0092294 0.0754693 0.0738871 0.0762291 0.0420508 0.0160596 0.0118083 0.0495176 0.0818038 0.0000000 0.0788157 0.0341082 0.0494744 0.0359175 0.0083618 0.0053073 0.0060679 0.0735219 
Pmac       0.0456823 0.0548481 0.0686042 0.0750713 0.0540278 0.0461850 0.0446220 0.0688090 0.0466467 0.0481383 0.0743371 0.0706201 0.0478809 0.0463049 0.1048208 0.0700938 0.0898202 0.0809060 0.0607068 0.0015421 0.0788157 0.0000000 0.0603139 0.0798678 0.0593335 0.0844735 0.0773996 0.0826602 0.0427748 
Ppho       0.0605082 0.0703448 0.0381880 0.0343292 0.0654175 0.0634763 0.0585428 0.0515629 0.0775150 0.0797543 0.0381681 0.0341523 0.0638179 0.0621487 0.0048417 0.0044545 0.0417031 0.0350129 0.0308682 0.0637638 0.0341082 0.0603139 0.0000000 0.0089562 0.0041604 0.0372840 0.0330502 0.0364611 0.0615031 
Psin       0.0786006 0.0878836 0.0460978 0.0500709 0.0867915 0.0830708 0.0741770 0.0579542 0.0849157 0.0867872 0.0447401 0.0435106 0.0782651 0.0767268 0.0452132 0.0141861 0.0578410 0.0510830 0.0460324 0.0818022 0.0494744 0.0798678 0.0089562 0.0000000 0.0081282 0.0520203 0.0480184 0.0512540 0.0791760 
Pspi       0.0622032 0.0720433 0.0400500 0.0350654 0.0691236 0.0643371 0.0584117 0.0524367 0.0736655 0.0768097 0.0391081 0.0363327 0.0636733 0.0611380 0.0072886 0.0062505 0.0443262 0.0380746 0.0316264 0.0637420 0.0359175 0.0593335 0.0041604 0.0081282 0.0000000 0.0390350 0.0347871 0.0382108 0.0604208 
Schi       0.0803050 0.0912697 0.0156615 0.0113375 0.0909124 0.0871218 0.0766827 0.0554564 0.0907948 0.0934064 0.0138936 0.0100684 0.0808016 0.0792623 0.0781896 0.0468195 0.0163581 0.0110078 0.0521590 0.0871428 0.0083618 0.0844735 0.0372840 0.0520203 0.0390350 0.0000000 0.0073868 0.0059019 0.0773726 
Sflu       0.0751673 0.0861263 0.0131593 0.0080760 0.0839197 0.0801818 0.0717540 0.0530174 0.0848372 0.0867971 0.0146850 0.0075342 0.0758577 0.0743173 0.0747302 0.0415813 0.0156430 0.0086305 0.0485610 0.0803691 0.0053073 0.0773996 0.0330502 0.0480184 0.0347871 0.0073868 0.0000000 0.0059065 0.0736479 
Tadu       0.0802322 0.0911854 0.0139877 0.0088874 0.0891350 0.0853587 0.0751011 0.0518335 0.0900114 0.0925398 0.0131225 0.0083749 0.0792197 0.0776783 0.0782306 0.0451067 0.0148649 0.0094189 0.0494460 0.0854059 0.0060679 0.0826602 0.0364611 0.0512540 0.0382108 0.0059019 0.0059065 0.0000000 0.0745587 
Zcav       0.0408993 0.0489555 0.0667425 0.0722794 0.0469313 0.0441188 0.0099834 0.0717614 0.0564929 0.0650191 0.0701404 0.0672032 0.0141890 0.0133555 0.1096112 0.0689179 0.0783841 0.0767222 0.0594244 0.0417258 0.0735219 0.0427748 0.0615031 0.0791760 0.0604208 0.0773726 0.0736479 0.0745587 0.0000000 
