16
XM_049695934.1 0.0000000 0.0106622 0.0090626 0.0066525 0.0092804 0.0036958 0.0059822 0.0029665 0.0076889 0.0099211 0.0116203 0.0095957 0.0041864 0.0116481 0.0025003 0.0084801 
XM_024118757.1 0.0106622 0.0000000 0.0104252 0.0121637 0.0216430 0.0106833 0.0109664 0.0121072 0.0193730 0.0101260 0.0174681 0.0180082 0.0204891 0.0135378 0.0114814 0.0098250 
XM_007190033.2 0.0090626 0.0104252 0.0000000 0.0117251 0.0140425 0.0114376 0.0110651 0.0110081 0.0125911 0.0044413 0.0119392 0.0041757 0.0118660 0.0136675 0.0103981 0.0066357 
XM_022573855.2 0.0066525 0.0121637 0.0117251 0.0000000 0.0078579 0.0077234 0.0039299 0.0084904 0.0063270 0.0119673 0.0144039 0.0133854 0.0092744 0.0134580 0.0071592 0.0100337 
XM_024753570.1 0.0092804 0.0216430 0.0140425 0.0078579 0.0000000 0.0093698 0.0061809 0.0112227 0.0031493 0.0143296 0.0252705 0.0257019 0.0203286 0.0161007 0.0100792 0.0139483 
XM_027113158.1 0.0036958 0.0106833 0.0114376 0.0077234 0.0093698 0.0000000 0.0071428 0.0034159 0.0070920 0.0126044 0.0108064 0.0121720 0.0037339 0.0101282 0.0039920 0.0107491 
XM_029232574.1 0.0059822 0.0109664 0.0110651 0.0039299 0.0061809 0.0071428 0.0000000 0.0078214 0.0051679 0.0113095 0.0131753 0.0127310 0.0086073 0.0128009 0.0064900 0.0099088 
XM_060309978.1 0.0029665 0.0121072 0.0110081 0.0084904 0.0112227 0.0034159 0.0078214 0.0000000 0.0095693 0.0119074 0.0125438 0.0115593 0.0054401 0.0137102 0.0046602 0.0098541 
XM_032653225.1 0.0076889 0.0193730 0.0125911 0.0063270 0.0031493 0.0070920 0.0051679 0.0095693 0.0000000 0.0131524 0.0228475 0.0239451 0.0183794 0.0140262 0.0084651 0.0119557 
XM_036873338.1 0.0099211 0.0101260 0.0044413 0.0119673 0.0143296 0.0126044 0.0113095 0.0119074 0.0131524 0.0000000 0.0140085 0.0044388 0.0127437 0.0142025 0.0112808 0.0069291 
XM_059078703.1 0.0116203 0.0174681 0.0119392 0.0144039 0.0252705 0.0108064 0.0131753 0.0125438 0.0228475 0.0140085 0.0000000 0.0247434 0.0247450 0.0158930 0.0124605 0.0107590 
XM_059942801.1 0.0095957 0.0180082 0.0041757 0.0133854 0.0257019 0.0121720 0.0127310 0.0115593 0.0239451 0.0044388 0.0247434 0.0000000 0.0195518 0.0151149 0.0109412 0.0066385 
XM_060026625.1 0.0041864 0.0204891 0.0118660 0.0092744 0.0203286 0.0037339 0.0086073 0.0054401 0.0183794 0.0127437 0.0247450 0.0195518 0.0000000 0.0139104 0.0049170 0.0112363 
XM_060116666.1 0.0116481 0.0135378 0.0136675 0.0134580 0.0161007 0.0101282 0.0128009 0.0137102 0.0140262 0.0142025 0.0158930 0.0151149 0.0139104 0.0000000 0.0133375 0.0132880 
XM_060170151.1 0.0025003 0.0114814 0.0103981 0.0071592 0.0100792 0.0039920 0.0064900 0.0046602 0.0084651 0.0112808 0.0124605 0.0109412 0.0049170 0.0133375 0.0000000 0.0095296 
XM_061168473.1 0.0084801 0.0098250 0.0066357 0.0100337 0.0139483 0.0107491 0.0099088 0.0098541 0.0119557 0.0069291 0.0107590 0.0066385 0.0112363 0.0132880 0.0095296 0.0000000 
