Supplemental results for CODEML (seqf: /home/leticiamagpali/phd/evol_models/codeml/big_dataset/cml_align/RYR2_codon_aligned.phy  treef: /home/leticiamagpali/phd/evol_models/codeml/big_dataset/cml_trees/gene_trees/H1a_gene_trees/RYR2_tree_H1a.tre)

I	J	ij	2Ns_IJ	pMut_IJ	pSub_IJ	2Ns_JI	pMut_JI	pSub_JI

TTC	TTT	CT	0.10186	0.08284	0.08713	-0.10186	0.09172	0.08713
TTA	TTT	AT	0.75333	0.00984	0.01401	-0.75333	0.02091	0.01401
TTA	TTC	AC	0.65147	0.01156	0.01574	-0.65147	0.02218	0.01574
TTG	TTT	GT	0.50135	0.01375	0.01748	-0.50135	0.02270	0.01748
TTG	TTC	GC	0.39949	0.01615	0.01959	-0.39949	0.02408	0.01959
TTG	TTA	GA	-0.25198	0.08155	0.07170	0.25198	0.06338	0.07170
TCT	TTT	CT	0.66581	0.04713	0.06455	-0.66581	0.09172	0.06455
TCC	TTC	CT	0.71043	0.04782	0.06681	-0.71043	0.09732	0.06681
TCC	TCT	CT	0.14647	0.04782	0.05141	-0.14647	0.05537	0.05141
TCA	TTA	CT	0.31855	0.03958	0.04621	-0.31855	0.05442	0.04621
TCA	TCT	AT	0.40606	0.00841	0.01023	-0.40606	0.01262	0.01023
TCA	TCC	AC	0.25959	0.00988	0.01122	-0.25959	0.01281	0.01122
TCG	TTG	CT	1.85235	0.01192	0.02620	-1.85235	0.07601	0.02620
TCG	TCT	GT	1.68788	0.00253	0.00525	-1.68788	0.01370	0.00525
TCG	TCC	GC	1.54141	0.00298	0.00584	-1.54141	0.01390	0.00584
TCG	TCA	GA	1.28182	0.01503	0.02666	-1.28182	0.05415	0.02666
TAT	TTT	AT	0.42321	0.01369	0.01679	-0.42321	0.02091	0.01679
TAT	TCT	AC	-0.24261	0.01609	0.01421	0.24261	0.01262	0.01421
TAC	TTC	AT	0.70451	0.01097	0.01528	-0.70451	0.02218	0.01528
TAC	TCC	AC	-0.00592	0.01288	0.01284	0.00592	0.01281	0.01284
TAC	TAT	CT	0.38316	0.05161	0.06213	-0.38316	0.07571	0.06213
TGT	TTT	GT	1.06818	0.00780	0.01269	-1.06818	0.02270	0.01269
TGT	TCT	GC	0.40237	0.00916	0.01113	-0.40237	0.01370	0.01113
TGT	TAT	GA	0.64497	0.04626	0.06277	-0.64497	0.08817	0.06277
TGC	TTC	GT	1.42958	0.00577	0.01084	-1.42958	0.02408	0.01084
TGC	TCC	GC	0.71915	0.00677	0.00950	-0.71915	0.01390	0.00950
TGC	TAC	GA	0.72507	0.03420	0.04808	-0.72507	0.07061	0.04808
TGC	TGT	CT	0.46326	0.02713	0.03390	-0.46326	0.04312	0.03390
TGG	TTG	GT	0.81895	0.00829	0.01215	-0.81895	0.01881	0.01215
TGG	TCG	GC	-1.03340	0.00974	0.00556	1.03340	0.00347	0.00556
TGG	TGT	GT	0.25212	0.00829	0.00938	-0.25212	0.01067	0.00938
TGG	TGC	GC	-0.21114	0.00974	0.00875	0.21114	0.00789	0.00875
CTT	TTT	CT	0.47160	0.05723	0.07179	-0.47160	0.09172	0.07179
CTC	TTC	CT	0.26933	0.07434	0.08480	-0.26933	0.09732	0.08480
CTC	CTT	CT	-0.10041	0.07434	0.07067	0.10041	0.06724	0.07067
CTA	TTA	CT	0.91478	0.02180	0.03327	-0.91478	0.05442	0.03327
CTA	CTT	AT	1.19651	0.00463	0.00794	-1.19651	0.01533	0.00794
CTA	CTC	AC	1.29692	0.00544	0.00971	-1.29692	0.01991	0.00971
CTG	TTG	CT	-0.48856	0.12390	0.09609	0.48856	0.07601	0.09609
CTG	CTT	GT	-0.45881	0.02632	0.02075	0.45881	0.01664	0.02075
CTG	CTC	GC	-0.35840	0.03093	0.02571	0.35840	0.02161	0.02571
CTG	CTA	GA	-1.65532	0.15615	0.06104	1.65532	0.02983	0.06104
CCT	TCT	CT	0.23168	0.04392	0.04920	-0.23168	0.05537	0.04920
CCT	CTT	CT	0.42590	0.04392	0.05393	-0.42590	0.06724	0.05393
CCC	TCC	CT	0.43505	0.03636	0.04485	-0.43505	0.05618	0.04485
CCC	CTC	CT	0.87615	0.03636	0.05459	-0.87615	0.08733	0.05459
CCC	CCT	CT	0.34985	0.03636	0.04310	-0.34985	0.05160	0.04310
CCA	TCA	CT	0.19923	0.03810	0.04202	-0.19923	0.04649	0.04202
CCA	CTA	CT	-0.39700	0.03810	0.03103	0.39700	0.02561	0.03103
CCA	CCT	AT	0.37362	0.00809	0.00970	-0.37362	0.01176	0.00970
CCA	CCC	AC	0.02377	0.00951	0.00962	-0.02377	0.00974	0.00962
CCG	TCG	CT	-0.00256	0.01404	0.01403	0.00256	0.01401	0.01403
CCG	CTG	CT	2.33835	0.01404	0.03635	-2.33835	0.14555	0.03635
CCG	CCT	GT	1.45364	0.00298	0.00566	-1.45364	0.01277	0.00566
CCG	CCC	GC	1.10379	0.00351	0.00579	-1.10379	0.01057	0.00579
CCG	CCA	GA	1.08003	0.01770	0.02895	-1.08003	0.05212	0.02895
CAT	TAT	CT	0.45892	0.04785	0.05966	-0.45892	0.07571	0.05966
CAT	CTT	AT	0.41053	0.01017	0.01239	-0.41053	0.01533	0.01239
CAT	CCT	AC	-0.01536	0.01194	0.01185	0.01536	0.01176	0.01185
CAC	TAC	CT	0.15804	0.05177	0.05597	-0.15804	0.06063	0.05597
CAC	CTC	AT	0.59322	0.01100	0.01458	-0.59322	0.01991	0.01458
CAC	CCC	AC	-0.28293	0.01292	0.01118	0.28293	0.00974	0.01118
CAC	CAT	CT	0.08228	0.05177	0.05393	-0.08228	0.05621	0.05393
CAA	CTA	AT	-0.52561	0.00988	0.00751	0.52561	0.00584	0.00751
CAA	CCA	AC	-0.12861	0.01160	0.01087	0.12861	0.01020	0.01087
CAA	CAT	AT	0.26037	0.00988	0.01122	-0.26037	0.01281	0.01122
CAA	CAC	AC	0.17809	0.01160	0.01267	-0.17809	0.01386	0.01267
CAG	CTG	AT	0.52568	0.01961	0.02522	-0.52568	0.03318	0.02522
CAG	CCG	AC	-1.81267	0.02304	0.00815	1.81267	0.00376	0.00815
CAG	CAT	GT	-0.34366	0.01961	0.01644	0.34366	0.01391	0.01644
CAG	CAC	GC	-0.42594	0.02304	0.01848	0.42594	0.01505	0.01848
CAG	CAA	GA	-0.60404	0.11634	0.08472	0.60404	0.06359	0.08472
CGT	TGT	CT	1.00796	0.01574	0.02498	-1.00796	0.04312	0.02498
CGT	CTT	GT	1.60455	0.00334	0.00672	-1.60455	0.01664	0.00672
CGT	CCT	GC	1.17865	0.00393	0.00669	-1.17865	0.01277	0.00669
CGT	CAT	GA	1.19401	0.01984	0.03398	-1.19401	0.06546	0.03398
CGC	TGC	CT	0.33464	0.02281	0.02684	-0.33464	0.03188	0.02684
CGC	CTC	GT	1.49490	0.00485	0.00934	-1.49490	0.02161	0.00934
CGC	CCC	GC	0.61874	0.00569	0.00764	-0.61874	0.01057	0.00764
CGC	CAC	GA	0.90167	0.02875	0.04363	-0.90167	0.07083	0.04363
CGC	CGT	CT	-0.21006	0.02281	0.02050	0.21006	0.01849	0.02050
CGA	CTA	GT	0.12729	0.00558	0.00594	-0.12729	0.00634	0.00594
CGA	CCA	GC	0.52429	0.00656	0.00842	-0.52429	0.01107	0.00842
CGA	CAA	GA	0.65290	0.03310	0.04508	-0.65290	0.06359	0.04508
CGA	CGT	AT	-0.28074	0.00558	0.00483	0.28074	0.00421	0.00483
CGA	CGC	AC	-0.07069	0.00656	0.00633	0.07069	0.00611	0.00633
CGG	TGG	CT	0.67611	0.02332	0.03209	-0.67611	0.04585	0.03209
CGG	CTG	GT	1.98362	0.00495	0.01140	-1.98362	0.03602	0.01140
CGG	CCG	GC	-0.35473	0.00582	0.00485	0.35473	0.00408	0.00485
CGG	CAG	GA	1.45794	0.02939	0.05585	-1.45794	0.12630	0.05585
CGG	CGT	GT	-0.07974	0.00495	0.00476	0.07974	0.00458	0.00476
CGG	CGC	GC	0.13032	0.00582	0.00621	-0.13032	0.00663	0.00621
CGG	CGA	GA	0.20101	0.02939	0.03244	-0.20101	0.03593	0.03244
ATT	TTT	AT	0.35894	0.01460	0.01738	-0.35894	0.02091	0.01738
ATT	CTT	AC	-0.11265	0.01715	0.01621	0.11265	0.01533	0.01621
ATC	TTC	AT	0.32995	0.01595	0.01872	-0.32995	0.02218	0.01872
ATC	CTC	AC	0.06062	0.01874	0.01931	-0.06062	0.01991	0.01931
ATC	ATT	CT	0.07287	0.07506	0.07783	-0.07287	0.08073	0.07783
ATA	TTA	AT	0.73470	0.00595	0.00840	-0.73470	0.01241	0.00840
ATA	CTA	AC	-0.18008	0.00699	0.00638	0.18008	0.00584	0.00638
ATA	ATT	AT	1.12908	0.00595	0.00993	-1.12908	0.01840	0.00993
ATA	ATC	AC	1.05622	0.00699	0.01132	-1.05622	0.02010	0.01132
ATG	TTG	AT	-0.31476	0.02374	0.02020	0.31476	0.01733	0.02020
ATG	CTG	AC	0.17380	0.02788	0.03038	-0.17380	0.03318	0.03038
ATG	ATT	GT	-0.17236	0.02374	0.02175	0.17236	0.01998	0.02175
ATG	ATC	GC	-0.24522	0.02788	0.02461	0.24522	0.02182	0.02461
ATG	ATA	GA	-1.30144	0.14079	0.06851	1.30144	0.03832	0.06851
ACT	TCT	AT	0.53603	0.00738	0.00954	-0.53603	0.01262	0.00954
ACT	CCT	AC	0.30435	0.00867	0.01006	-0.30435	0.01176	0.01006
ACT	ATT	CT	0.84290	0.03475	0.05143	-0.84290	0.08073	0.05143
ACC	TCC	AT	0.22693	0.01021	0.01141	-0.22693	0.01281	0.01141
ACC	CCC	AC	-0.20812	0.01199	0.01079	0.20812	0.00974	0.01079
ACC	ATC	CT	0.60741	0.04804	0.06409	-0.60741	0.08818	0.06409
ACC	ACT	CT	-0.16262	0.04804	0.04424	0.16262	0.04083	0.04424
ACA	TCA	AT	0.19148	0.00875	0.00962	-0.19148	0.01060	0.00962
ACA	CCA	AC	-0.00775	0.01028	0.01024	0.00775	0.01020	0.01024
ACA	ATA	CT	-0.22467	0.04119	0.03673	0.22467	0.03290	0.03673
ACA	ACT	AT	0.06152	0.00875	0.00902	-0.06152	0.00931	0.00902
ACA	ACC	AC	0.22414	0.01028	0.01148	-0.22414	0.01286	0.01148
ACG	TCG	AT	-0.62838	0.00599	0.00430	0.62838	0.00319	0.00430
ACG	CCG	AC	-0.62582	0.00703	0.00506	0.62582	0.00376	0.00506
ACG	ATG	CT	1.53873	0.02817	0.05520	-1.53873	0.13124	0.05520
ACG	ACT	GT	0.52348	0.00599	0.00769	-0.52348	0.01010	0.00769
ACG	ACC	GC	0.68610	0.00703	0.00972	-0.68610	0.01396	0.00972
ACG	ACA	GA	0.46196	0.03550	0.04433	-0.46196	0.05635	0.04433
AAT	TAT	AT	0.22052	0.01384	0.01542	-0.22052	0.01726	0.01542
AAT	CAT	AC	-0.23841	0.01626	0.01440	0.23841	0.01281	0.01440
AAT	ATT	AT	0.28478	0.01384	0.01591	-0.28478	0.01840	0.01591
AAT	ACT	AC	-0.55812	0.01626	0.01214	0.55812	0.00931	0.01214
AAC	TAC	AT	-0.04108	0.01440	0.01411	0.04108	0.01382	0.01411
AAC	CAC	AC	-0.19912	0.01692	0.01529	0.19912	0.01386	0.01529
AAC	ATC	AT	0.33348	0.01440	0.01693	-0.33348	0.02010	0.01693
AAC	ACC	AC	-0.27393	0.01692	0.01471	0.27393	0.01286	0.01471
AAC	AAT	CT	0.12157	0.06777	0.07198	-0.12157	0.07654	0.07198
AAA	CAA	AC	-0.72016	0.02557	0.01746	0.72016	0.01245	0.01746
AAA	ATA	AT	-1.06568	0.02177	0.01219	1.06568	0.00750	0.01219
AAA	ACA	AC	-0.84101	0.02557	0.01631	0.84101	0.01103	0.01631
AAA	AAT	AT	-0.22138	0.02177	0.01945	0.22138	0.01745	0.01945
AAA	AAC	AC	-0.34295	0.02557	0.02144	0.34295	0.01815	0.02144
AAG	CAG	AC	-0.08448	0.02690	0.02578	0.08448	0.02472	0.02578
AAG	ATG	AT	0.26740	0.02290	0.02609	-0.26740	0.02991	0.02609
AAG	ACG	AC	-1.27133	0.02690	0.01333	1.27133	0.00754	0.01333
AAG	AAT	GT	-0.18973	0.02290	0.02079	0.18973	0.01894	0.02079
AAG	AAC	GC	-0.31130	0.02690	0.02293	0.31130	0.01970	0.02293
AAG	AAA	GA	0.03164	0.13581	0.13797	-0.03164	0.14018	0.13797
AGT	TGT	AT	0.28393	0.00740	0.00850	-0.28393	0.00983	0.00850
AGT	CGT	AC	-0.72403	0.00869	0.00592	0.72403	0.00421	0.00592
AGT	ATT	GT	0.99317	0.00740	0.01167	-0.99317	0.01998	0.01167
AGT	ACT	GC	0.15027	0.00869	0.00936	-0.15027	0.01010	0.00936
AGT	AAT	GA	0.70839	0.04389	0.06126	-0.70839	0.08914	0.06126
AGC	TGC	AT	-0.59419	0.01316	0.00964	0.59419	0.00727	0.00964
AGC	CGC	AC	-0.92884	0.01546	0.00938	0.92884	0.00611	0.00938
AGC	ATC	GT	0.50544	0.01316	0.01677	-0.50544	0.02182	0.01677
AGC	ACC	GC	-0.10197	0.01546	0.01469	0.10197	0.01396	0.01469
AGC	AAC	GA	0.17196	0.07808	0.08499	-0.17196	0.09273	0.08499
AGC	AGT	CT	-0.41486	0.06195	0.04999	0.41486	0.04091	0.04999
AGA	CGA	AC	-0.54653	0.01215	0.00913	0.54653	0.00703	0.00913
AGA	ATA	GT	-0.23915	0.01034	0.00915	0.23915	0.00814	0.00915
AGA	ACA	GC	-0.01448	0.01215	0.01206	0.01448	0.01197	0.01206
AGA	AAA	GA	0.82653	0.06134	0.09014	-0.82653	0.14018	0.09014
AGA	AGT	AT	-0.10324	0.01034	0.00982	0.10324	0.00933	0.00982
AGA	AGC	AC	0.31163	0.01215	0.01414	-0.31163	0.01659	0.01414
AGG	TGG	AT	0.25417	0.00811	0.00918	-0.25417	0.01045	0.00918
AGG	CGG	AC	-0.42195	0.00952	0.00765	0.42195	0.00624	0.00765
AGG	ATG	GT	1.38788	0.00811	0.01499	-1.38788	0.03247	0.01499
AGG	ACG	GC	-0.15085	0.00952	0.00882	0.15085	0.00819	0.00882
AGG	AAG	GA	1.12047	0.04808	0.07995	-1.12047	0.14744	0.07995
AGG	AGT	GT	0.22235	0.00811	0.00904	-0.22235	0.01012	0.00904
AGG	AGC	GC	0.63722	0.00952	0.01288	-0.63722	0.01801	0.01288
AGG	AGA	GA	0.32559	0.04808	0.05633	-0.32559	0.06659	0.05633
GTT	TTT	GT	0.81739	0.01002	0.01467	-0.81739	0.02270	0.01467
GTT	CTT	GC	0.34579	0.01177	0.01393	-0.34579	0.01664	0.01393
GTT	ATT	GA	0.45845	0.05945	0.07411	-0.45845	0.09403	0.07411
GTC	TTC	GT	0.82447	0.01056	0.01550	-0.82447	0.02408	0.01550
GTC	CTC	GC	0.55514	0.01240	0.01616	-0.55514	0.02161	0.01616
GTC	ATC	GA	0.49452	0.06263	0.07939	-0.49452	0.10270	0.07939
GTC	GTT	CT	0.10894	0.04969	0.05245	-0.10894	0.05541	0.05245
GTA	TTA	GT	0.87712	0.00560	0.00841	-0.87712	0.01347	0.00841
GTA	CTA	GC	-0.03766	0.00658	0.00646	0.03766	0.00634	0.00646
GTA	ATA	GA	0.14242	0.03323	0.03565	-0.14242	0.03832	0.03565
GTA	GTT	AT	0.81305	0.00560	0.00818	-0.81305	0.01263	0.00818
GTA	GTC	AC	0.70411	0.00658	0.00917	-0.70411	0.01331	0.00917
GTG	TTG	GT	0.02642	0.01832	0.01856	-0.02642	0.01881	0.01856
GTG	CTG	GC	0.51499	0.02152	0.02754	-0.51499	0.03602	0.02754
GTG	ATG	GA	0.34119	0.10866	0.12825	-0.34119	0.15284	0.12825
GTG	GTT	GT	-0.28962	0.01832	0.01579	0.28962	0.01371	0.01579
GTG	GTC	GC	-0.39856	0.02152	0.01752	0.39856	0.01445	0.01752
GTG	GTA	GA	-1.10267	0.10866	0.05955	1.10267	0.03607	0.05955
GCT	TCT	GT	-0.05536	0.01448	0.01408	0.05536	0.01370	0.01408
GCT	CCT	GC	-0.28704	0.01701	0.01469	0.28704	0.01277	0.01469
GCT	ACT	GA	-0.59139	0.08590	0.06299	0.59139	0.04755	0.06299
GCT	GTT	CT	-0.20694	0.06815	0.06135	0.20694	0.05541	0.06135
GCC	TCC	GT	-0.16415	0.01638	0.01508	0.16415	0.01390	0.01508
GCC	CCC	GC	-0.59920	0.01925	0.01405	0.59920	0.01057	0.01405
GCC	ACC	GA	-0.39108	0.09718	0.07941	0.39108	0.06573	0.07941
GCC	GTC	CT	-0.27819	0.07711	0.06688	0.27819	0.05838	0.06688
GCC	GCT	CT	0.03769	0.07711	0.07857	-0.03769	0.08007	0.07857
GCA	TCA	GT	0.18216	0.00959	0.01049	-0.18216	0.01150	0.01049
GCA	CCA	GC	-0.01707	0.01127	0.01117	0.01707	0.01107	0.01117
GCA	ACA	GA	-0.00932	0.05688	0.05662	0.00932	0.05635	0.05662
GCA	GTA	CT	-0.37640	0.04513	0.03717	0.37640	0.03097	0.03717
GCA	GCT	AT	0.64359	0.00959	0.01300	-0.64359	0.01825	0.01300
GCA	GCC	AC	0.60590	0.01127	0.01502	-0.60590	0.02065	0.01502
GCG	TCG	GT	-0.09455	0.00381	0.00363	0.09455	0.00347	0.00363
GCG	CCG	GC	-0.09199	0.00448	0.00427	0.09199	0.00408	0.00427
GCG	ACG	GA	0.53383	0.02260	0.02917	-0.53383	0.03854	0.02917
GCG	GTG	CT	1.73137	0.01793	0.03773	-1.73137	0.10129	0.03773
GCG	GCT	GT	1.64869	0.00381	0.00778	-1.64869	0.01981	0.00778
GCG	GCC	GC	1.61100	0.00448	0.00901	-1.61100	0.02242	0.00901
GCG	GCA	GA	1.00510	0.02260	0.03583	-1.00510	0.06175	0.03583
GAT	TAT	GT	-0.10287	0.02076	0.01971	0.10287	0.01873	0.01971
GAT	CAT	GC	-0.56180	0.02439	0.01818	0.56180	0.01391	0.01818
GAT	AAT	GA	-0.32339	0.12317	0.10432	0.32339	0.08914	0.10432
GAT	GTT	AT	-0.49706	0.02076	0.01603	0.49706	0.01263	0.01603
GAT	GCT	AC	-0.29012	0.02439	0.02103	0.29012	0.01825	0.02103
GAC	TAC	GT	-0.23682	0.01901	0.01685	0.23682	0.01500	0.01685
GAC	CAC	GC	-0.39487	0.02234	0.01822	0.39487	0.01505	0.01822
GAC	AAC	GA	-0.19574	0.11278	0.10210	0.19574	0.09273	0.10210
GAC	GTC	AT	-0.35678	0.01901	0.01582	0.35678	0.01331	0.01582
GAC	GCC	AC	-0.07860	0.02234	0.02147	0.07860	0.02065	0.02147
GAC	GAT	CT	0.24921	0.08948	0.10110	-0.24921	0.11481	0.10110
GAA	CAA	GC	-1.04350	0.03836	0.02177	1.04350	0.01351	0.02177
GAA	AAA	GA	-0.32334	0.19369	0.16406	0.32334	0.14018	0.16406
GAA	GTA	AT	-1.53144	0.03265	0.01380	1.53144	0.00706	0.01380
GAA	GCA	AC	-1.15504	0.03836	0.02038	1.15504	0.01209	0.02038
GAA	GAT	AT	-0.22133	0.03265	0.02917	0.22133	0.02617	0.02917
GAA	GAC	AC	-0.47054	0.03836	0.03004	0.47054	0.02396	0.03004
GAG	CAG	GC	-0.16989	0.03180	0.02918	0.16989	0.02683	0.02918
GAG	AAG	GA	-0.08541	0.16058	0.15382	0.08541	0.14744	0.15382
GAG	GTG	AT	-0.15920	0.02707	0.02497	0.15920	0.02309	0.02497
GAG	GCG	AC	-1.89057	0.03180	0.01069	1.89057	0.00480	0.01069
GAG	GAT	GT	0.04824	0.02707	0.02773	-0.04824	0.02841	0.02773
GAG	GAC	GC	-0.20097	0.03180	0.02871	0.20097	0.02601	0.02871
GAG	GAA	GA	0.26957	0.16058	0.18320	-0.26957	0.21027	0.18320
GGT	TGT	GT	0.29625	0.00793	0.00917	-0.29625	0.01067	0.00917
GGT	CGT	GC	-0.71172	0.00932	0.00639	0.71172	0.00458	0.00639
GGT	AGT	GA	0.01232	0.04707	0.04736	-0.01232	0.04765	0.04736
GGT	GTT	GT	0.54704	0.00793	0.01030	-0.54704	0.01371	0.01030
GGT	GCT	GC	0.75397	0.00932	0.01327	-0.75397	0.01981	0.01327
GGT	GAT	GA	1.04409	0.04707	0.07584	-1.04409	0.13371	0.07584
GGC	TGC	GT	-0.61453	0.01458	0.01056	0.61453	0.00789	0.01056
GGC	CGC	GC	-0.94917	0.01713	0.01027	0.94917	0.00663	0.01027
GGC	AGC	GA	-0.02033	0.08650	0.08563	0.02033	0.08476	0.08563
GGC	GTC	GT	-0.00942	0.01458	0.01451	0.00942	0.01445	0.01451
GGC	GCC	GC	0.26877	0.01713	0.01954	-0.26877	0.02242	0.01954
GGC	GAC	GA	0.34737	0.08650	0.10240	-0.34737	0.12243	0.10240
GGC	GGT	CT	-0.44751	0.06864	0.05442	0.44751	0.04387	0.05442
GGA	CGA	GC	-0.84164	0.01771	0.01129	0.84164	0.00764	0.01129
GGA	AGA	GA	-0.29511	0.08944	0.07689	0.29511	0.06659	0.07689
GGA	GTA	GT	-0.67668	0.01508	0.01055	0.67668	0.00766	0.01055
GGA	GCA	GC	-0.30028	0.01771	0.01519	0.30028	0.01312	0.01519
GGA	GAA	GA	0.85476	0.08944	0.13305	-0.85476	0.21027	0.13305
GGA	GGT	AT	-0.41066	0.01508	0.01219	0.41066	0.01000	0.01219
GGA	GGC	AC	0.03685	0.01771	0.01804	-0.03685	0.01838	0.01804
GGG	TGG	GT	0.26466	0.00871	0.00991	-0.26466	0.01135	0.00991
GGG	CGG	GC	-0.41145	0.01023	0.00827	0.41145	0.00678	0.00827
GGG	AGG	GA	0.01050	0.05165	0.05192	-0.01050	0.05220	0.05192
GGG	GTG	GT	1.05719	0.00871	0.01411	-1.05719	0.02506	0.01411
GGG	GCG	GC	-0.67418	0.01023	0.00717	0.67418	0.00521	0.00717
GGG	GAG	GA	1.21638	0.05165	0.08928	-1.21638	0.17433	0.08928
GGG	GGT	GT	0.22053	0.00871	0.00970	-0.22053	0.01086	0.00970
GGG	GGC	GC	0.66805	0.01023	0.01402	-0.66805	0.01995	0.01402
GGG	GGA	GA	0.63120	0.05165	0.06966	-0.63120	0.09710	0.06966


Histograms
2Ns	FMut	FSub(CodonUsage)	FSubw(after w)

-2.22700	0.00847	0.00227
-2.00430	0.00210	0.00071
-1.78160	0.01430	0.00550
-1.55890	0.03220	0.01439
-1.33620	0.01735	0.00900
-1.11350	0.05932	0.03480
-0.89080	0.04836	0.03275
-0.66810	0.07851	0.05975
-0.44540	0.12356	0.10641
-0.22270	0.16196	0.15389
0.00000	0.14997	0.16103
0.22270	0.12740	0.15389
0.44540	0.08068	0.10641
0.66810	0.04083	0.05975
0.89080	0.02044	0.03275
1.11350	0.01960	0.03480
1.33620	0.00467	0.00900
1.55890	0.00680	0.01439
1.78160	0.00238	0.00550
2.00430	0.00029	0.00071
2.22700	0.00082	0.00227

Proportion of advantageous (S > 0) mutations:
 0.37678

Proportions of good & bad mutations (|S| > 2.0000) among mutations:
0.00082  0.00847

mean |Ns| = 0.53596	mean Ns+ = 0.41922	mean Ns- = -0.60654


MLEs of dN/dS (w) for site classes (K=4)

site class             0        1       2a       2b
proportion       0.36854  0.01386  0.59522  0.02239
background w     0.03080  1.38697  0.03080  1.38697
foreground w     0.03080  1.38697  0.03271  0.03271

Naive Empirical Bayes (NEB) probabilities for 4 classes
(amino acids refer to 1st sequence: Bacu)

   1 T   0.37943 0.00270 0.61265 0.00522 ( 3)
   2 A   0.37750 0.00457 0.60959 0.00833 ( 3)
   3 Q   0.37745 0.00463 0.60950 0.00842 ( 3)
   4 G   0.37975 0.00240 0.61316 0.00469 ( 3)
   5 G   0.37977 0.00239 0.61318 0.00466 ( 3)
   6 G   0.37878 0.00332 0.61163 0.00627 ( 3)
   7 H   0.27070 0.10086 0.43710 0.19135 ( 3)
   8 R   0.37739 0.00468 0.60942 0.00851 ( 3)
   9 T   0.37951 0.00262 0.61279 0.00508 ( 3)
  10 L   0.37735 0.00472 0.60935 0.00858 ( 3)
  11 L   0.37735 0.00472 0.60935 0.00858 ( 3)
  12 Y   0.37789 0.00419 0.61021 0.00770 ( 3)
  13 G   0.37870 0.00340 0.61150 0.00640 ( 3)
  14 H   0.37904 0.00308 0.61203 0.00586 ( 3)
  15 A   0.37760 0.00448 0.60974 0.00818 ( 3)
  16 I   0.33197 0.04218 0.53595 0.08990 ( 3)
  17 L   0.37514 0.00698 0.60582 0.01206 ( 3)
  18 L   0.37306 0.00908 0.60248 0.01537 ( 3)
  19 R   0.38012 0.00206 0.61374 0.00408 ( 3)
  20 H   0.37904 0.00308 0.61203 0.00586 ( 3)
  21 S   0.37852 0.00358 0.61121 0.00669 ( 3)
  22 Y   0.37821 0.00388 0.61072 0.00719 ( 3)
  23 S   0.37939 0.00274 0.61259 0.00528 ( 3)
  24 G   0.37878 0.00332 0.61163 0.00627 ( 3)
  25 M   0.37871 0.00339 0.61151 0.00638 ( 3)
  26 Y   0.37768 0.00441 0.60987 0.00805 ( 3)
  27 L   0.37296 0.00919 0.60232 0.01552 ( 3)
  28 C   0.37988 0.00229 0.61336 0.00447 ( 3)
  29 C   0.37988 0.00229 0.61336 0.00447 ( 3)
  30 L   0.37425 0.00794 0.60441 0.01340 ( 3)
  31 S   0.37838 0.00372 0.61100 0.00691 ( 3)
  32 T   0.37932 0.00281 0.61249 0.00538 ( 3)
  33 S   0.37853 0.00358 0.61122 0.00667 ( 3)
  34 R   0.38010 0.00207 0.61372 0.00410 ( 3)
  35 S   0.37853 0.00358 0.61122 0.00667 ( 3)
  36 S   0.37736 0.00472 0.60937 0.00854 ( 3)
  37 T   0.37978 0.00238 0.61320 0.00464 ( 3)
  38 D   0.37812 0.00397 0.61058 0.00733 ( 3)
  39 K   0.37832 0.00378 0.61090 0.00701 ( 3)
  40 L   0.37299 0.00917 0.60237 0.01548 ( 3)
  41 A   0.37746 0.00463 0.60952 0.00840 ( 3)
  42 F   0.37770 0.00439 0.60990 0.00801 ( 3)
  43 D   0.37812 0.00397 0.61058 0.00732 ( 3)
  44 V   0.37929 0.00284 0.61244 0.00543 ( 3)
  45 G   0.37865 0.00346 0.61141 0.00648 ( 3)
  46 L   0.37514 0.00696 0.60581 0.01210 ( 3)
  47 Q   0.37731 0.00477 0.60928 0.00864 ( 3)
  48 E   0.37755 0.00453 0.60967 0.00824 ( 3)
  49 D   0.37894 0.00318 0.61187 0.00601 ( 3)
  50 T   0.37850 0.00360 0.61119 0.00671 ( 3)
  51 T   0.37850 0.00360 0.61119 0.00671 ( 3)
  52 G   0.37906 0.00309 0.61209 0.00577 ( 3)
  53 E   0.37659 0.00552 0.60814 0.00975 ( 3)
  54 A   0.37672 0.00539 0.60835 0.00954 ( 3)
  55 C   0.37836 0.00377 0.61097 0.00690 ( 3)
  56 W   0.37567 0.00645 0.60667 0.01121 ( 3)
  57 W   0.37567 0.00645 0.60667 0.01121 ( 3)
  58 T   0.37873 0.00341 0.61155 0.00631 ( 3)
  59 I   0.37750 0.00461 0.60960 0.00829 ( 3)
  60 H   0.37829 0.00384 0.61085 0.00702 ( 3)
  61 P   0.37772 0.00439 0.60995 0.00793 ( 3)
  62 A   0.37683 0.00528 0.60852 0.00937 ( 3)
  63 S   0.37776 0.00436 0.61001 0.00788 ( 3)
  64 K   0.37747 0.00464 0.60955 0.00833 ( 3)
  65 Q   0.37500 0.00712 0.60560 0.01227 ( 3)
  66 R   0.37943 0.00273 0.61267 0.00516 ( 3)
  67 S   0.37670 0.00541 0.60832 0.00957 ( 3)
  68 E   0.22529 0.14856 0.36382 0.26233 ( 3)
  69 G   0.37811 0.00402 0.61058 0.00729 ( 3)
  70 E   0.37659 0.00552 0.60814 0.00975 ( 3)
  71 K   0.37771 0.00441 0.60993 0.00795 ( 3)
  72 V   0.37895 0.00319 0.61191 0.00594 ( 3)
  73 R   0.37953 0.00266 0.61285 0.00496 ( 3)
  74 V   0.37870 0.00344 0.61151 0.00636 ( 3)
  75 G   0.37794 0.00418 0.61030 0.00758 ( 3)
  76 D   0.37749 0.00462 0.60959 0.00830 ( 3)
  77 D   0.37830 0.00383 0.61087 0.00701 ( 3)
  78 L   0.37657 0.00554 0.60811 0.00979 ( 3)
  79 I   0.37747 0.00464 0.60955 0.00833 ( 3)
  80 L   0.37513 0.00699 0.60580 0.01208 ( 3)
  81 V   0.37859 0.00354 0.61134 0.00654 ( 3)
  82 S   0.37939 0.00277 0.61261 0.00523 ( 3)
  83 V   0.37699 0.00511 0.60879 0.00910 ( 3)
  84 S   0.37773 0.00439 0.60996 0.00792 ( 3)
  85 S   0.37773 0.00438 0.60997 0.00792 ( 3)
  86 E   0.37656 0.00554 0.60810 0.00979 ( 3)
  87 R   0.37960 0.00257 0.61294 0.00489 ( 3)
  88 Y   0.37742 0.00469 0.60946 0.00842 ( 3)
  89 L   0.37454 0.00759 0.60486 0.01300 ( 3)
  90 H   0.37770 0.00450 0.60995 0.00785 ( 3)
  91 L   0.37413 0.00809 0.60422 0.01356 ( 3)
  92 S   0.37739 0.00481 0.60945 0.00835 ( 3)
  93 Y   0.37655 0.00565 0.60811 0.00970 ( 3)
  94 G   0.37751 0.00469 0.60965 0.00815 ( 3)
  95 N   0.37853 0.00369 0.61127 0.00652 ( 3)
  96 G   0.37751 0.00469 0.60965 0.00815 ( 3)
  97 S   0.37815 0.00406 0.61067 0.00713 ( 3)
  98 L   0.18393 0.19576 0.29706 0.32325 ( 4)
  99 H   0.37770 0.00450 0.60994 0.00786 ( 3)
 100 V   0.37651 0.00569 0.60804 0.00976 ( 3)
 101 D   0.37779 0.00441 0.61010 0.00770 ( 3)
 102 A   0.37632 0.00588 0.60773 0.01007 ( 3)
 103 A   0.37621 0.00598 0.60757 0.01024 ( 3)
 104 F   0.37664 0.00556 0.60824 0.00956 ( 3)
 105 Q   0.37454 0.00767 0.60488 0.01290 ( 3)
 106 Q   0.37454 0.00767 0.60488 0.01290 ( 3)
 107 T   0.37822 0.00398 0.61079 0.00701 ( 3)
 108 L   0.37608 0.00612 0.60735 0.01046 ( 3)
 109 W   0.37519 0.00701 0.60592 0.01187 ( 3)
 110 S   0.37815 0.00405 0.61067 0.00712 ( 3)
 111 V   0.37651 0.00569 0.60804 0.00976 ( 3)
 112 A   0.37632 0.00588 0.60773 0.01007 ( 3)
 113 P   0.37664 0.00556 0.60825 0.00956 ( 3)
 114 I   0.37698 0.00521 0.60880 0.00900 ( 3)
 115 S   0.37815 0.00406 0.61067 0.00713 ( 3)
 116 S   0.37620 0.00600 0.60754 0.01027 ( 3)
 117 G   0.37743 0.00477 0.60951 0.00829 ( 3)
 118 S   0.31999 0.12539 0.54878 0.00584 ( 3)
 119 E   0.37609 0.00611 0.60736 0.01044 ( 3)
 120 A   0.37722 0.00497 0.60918 0.00862 ( 3)
 121 A   0.37632 0.00588 0.60773 0.01007 ( 3)
 122 Q   0.37606 0.00613 0.60732 0.01049 ( 3)
 123 G   0.37856 0.00365 0.61132 0.00647 ( 3)
 124 Y   0.37810 0.00400 0.61055 0.00735 ( 3)
 125 L   0.37327 0.00888 0.60282 0.01503 ( 3)
 126 I   0.37828 0.00382 0.61084 0.00705 ( 3)
 127 G   0.38001 0.00217 0.61357 0.00425 ( 3)
 128 G   0.38001 0.00217 0.61357 0.00425 ( 3)
 129 D   0.37933 0.00281 0.61251 0.00535 ( 3)
 130 V   0.37985 0.00232 0.61332 0.00451 ( 3)
 131 L   0.37763 0.00446 0.60981 0.00810 ( 3)
 132 R   0.38050 0.00171 0.61435 0.00343 ( 3)
 133 L   0.37552 0.00657 0.60643 0.01147 ( 3)
 134 L   0.37832 0.00378 0.61091 0.00699 ( 3)
 135 H   0.37928 0.00286 0.61243 0.00543 ( 3)
 136 G   0.37897 0.00316 0.61193 0.00594 ( 3)
 137 H   0.37923 0.00291 0.61235 0.00552 ( 3)
 138 M   0.37898 0.00315 0.61195 0.00592 ( 3)
 139 D   0.37854 0.00357 0.61125 0.00664 ( 3)
 140 E   0.37764 0.00445 0.60982 0.00808 ( 3)
 141 C   0.38022 0.00197 0.61391 0.00389 ( 3)
 142 L   0.37763 0.00446 0.60981 0.00810 ( 3)
 143 T   0.37976 0.00240 0.61319 0.00464 ( 3)
 144 V   0.37985 0.00232 0.61332 0.00451 ( 3)
 145 P   0.37876 0.00336 0.61160 0.00628 ( 3)
 146 S   0.25404 0.11901 0.41023 0.21672 ( 3)
 147 G   0.37897 0.00316 0.61193 0.00594 ( 3)
 148 E   0.37765 0.00445 0.60982 0.00808 ( 3)
 149 H   0.37923 0.00291 0.61235 0.00552 ( 3)
 150 G   0.38001 0.00217 0.61357 0.00425 ( 3)
 151 E   0.37764 0.00445 0.60982 0.00808 ( 3)
 152 E   0.37797 0.00413 0.61035 0.00755 ( 3)
 153 Q   0.37599 0.00610 0.60718 0.01073 ( 3)
 154 R   0.37768 0.00442 0.60987 0.00803 ( 3)
 155 W   0.37671 0.00538 0.60833 0.00958 ( 3)
 156 S   0.38033 0.00188 0.61408 0.00372 ( 3)
 157 G   0.37898 0.00315 0.61195 0.00592 ( 3)
 158 S   0.37965 0.00251 0.61301 0.00483 ( 3)
 159 H   0.37925 0.00289 0.61238 0.00548 ( 3)
 160 I   0.38139 0.00092 0.61573 0.00196 ( 3)
 161 R   0.38004 0.00214 0.61362 0.00420 ( 3)
 162 W   0.37671 0.00538 0.60833 0.00958 ( 3)
 163 G   0.37906 0.00307 0.61208 0.00579 ( 3)
 164 Q   0.37600 0.00609 0.60720 0.01071 ( 3)
 165 P   0.37883 0.00329 0.61170 0.00618 ( 3)
 166 F   0.37821 0.00389 0.61073 0.00717 ( 3)
 167 R   0.37769 0.00441 0.60989 0.00801 ( 3)
 168 L   0.37756 0.00453 0.60970 0.00821 ( 3)
 169 R   0.38034 0.00186 0.61410 0.00369 ( 3)
 170 H   0.37931 0.00283 0.61247 0.00539 ( 3)
 171 V   0.37986 0.00231 0.61334 0.00449 ( 3)
 172 T   0.37912 0.00303 0.61218 0.00568 ( 3)
 173 T   0.37892 0.00320 0.61186 0.00602 ( 3)
 174 G   0.37899 0.00314 0.61196 0.00591 ( 3)
 175 K   0.37875 0.00337 0.61159 0.00629 ( 3)
 176 Y   0.37850 0.00361 0.61119 0.00670 ( 3)
 177 L   0.37554 0.00656 0.60645 0.01145 ( 3)
 178 S   0.37965 0.00251 0.61301 0.00483 ( 3)
 179 L   0.37765 0.00445 0.60983 0.00808 ( 3)
 180 M   0.27104 0.10108 0.43766 0.19022 ( 3)
 181 E   0.37766 0.00444 0.60984 0.00806 ( 3)
 182 D   0.37934 0.00280 0.61252 0.00533 ( 3)
 183 K   0.37876 0.00336 0.61160 0.00628 ( 3)
 184 S   0.37965 0.00251 0.61301 0.00483 ( 3)
 185 L   0.37834 0.00377 0.61092 0.00697 ( 3)
 186 L   0.37756 0.00453 0.60970 0.00821 ( 3)
 187 L   0.37766 0.00444 0.60984 0.00806 ( 3)
 188 M   0.37899 0.00314 0.61197 0.00590 ( 3)
 189 D   0.37934 0.00280 0.61252 0.00533 ( 3)
 190 K   0.37876 0.00336 0.61160 0.00628 ( 3)
 191 E   0.37766 0.00444 0.60984 0.00806 ( 3)
 192 K   0.37876 0.00336 0.61160 0.00628 ( 3)
 193 A   0.37779 0.00431 0.61005 0.00785 ( 3)
 194 D   0.37855 0.00356 0.61127 0.00662 ( 3)
 195 V   0.37986 0.00231 0.61334 0.00449 ( 3)
 196 K   0.37876 0.00336 0.61160 0.00628 ( 3)
 197 S   0.37777 0.00433 0.61002 0.00788 ( 3)
 198 T   0.37892 0.00320 0.61186 0.00602 ( 3)
 199 A   0.37878 0.00334 0.61163 0.00625 ( 3)
 200 F   0.37813 0.00397 0.61060 0.00730 ( 3)
 201 T   0.37972 0.00245 0.61311 0.00472 ( 3)
 202 F   0.37821 0.00389 0.61073 0.00717 ( 3)
 203 R   0.37769 0.00441 0.60989 0.00801 ( 3)
 204 S   0.37889 0.00323 0.61181 0.00607 ( 3)
 205 S   0.37875 0.00337 0.61158 0.00630 ( 3)
 206 K   0.37843 0.00368 0.61107 0.00683 ( 3)
 207 E   0.37760 0.00449 0.60976 0.00815 ( 3)
 208 K   0.37871 0.00341 0.61152 0.00636 ( 3)
 209 L   0.00975 0.35499 0.01575 0.61950 ( 4)
 210 D   0.37850 0.00361 0.61119 0.00670 ( 3)
 211 V   0.37987 0.00229 0.61336 0.00447 ( 3)
 212 G   0.38003 0.00215 0.61362 0.00420 ( 3)
 213 V   0.37804 0.00406 0.61045 0.00746 ( 3)
 214 R   0.38002 0.00215 0.61360 0.00422 ( 3)
 215 K   0.37871 0.00341 0.61152 0.00636 ( 3)
 216 E   0.37761 0.00449 0.60976 0.00815 ( 3)
 217 V   0.37964 0.00251 0.61300 0.00485 ( 3)
 218 D   0.37850 0.00361 0.61119 0.00670 ( 3)
 219 G   0.37901 0.00311 0.61200 0.00587 ( 3)
 220 M   0.37894 0.00318 0.61189 0.00599 ( 3)
 221 G   0.37893 0.00319 0.61187 0.00600 ( 3)
 222 T   0.37967 0.00249 0.61304 0.00480 ( 3)
 223 S   0.37890 0.00323 0.61182 0.00606 ( 3)
 224 E   0.37761 0.00448 0.60977 0.00814 ( 3)
 225 I   0.38136 0.00094 0.61568 0.00201 ( 3)
 226 K   0.37871 0.00341 0.61152 0.00636 ( 3)
 227 Y   0.37812 0.00398 0.61058 0.00732 ( 3)
 228 G   0.37895 0.00317 0.61190 0.00597 ( 3)
 229 D   0.37929 0.00284 0.61245 0.00541 ( 3)
 230 S   0.37772 0.00438 0.60994 0.00797 ( 3)
 231 V   0.37944 0.00269 0.61268 0.00519 ( 3)
 232 C   0.38016 0.00203 0.61381 0.00400 ( 3)
 233 Y   0.24982 0.12227 0.40341 0.22450 ( 3)
 234 I   0.38136 0.00094 0.61568 0.00201 ( 3)
 235 Q   0.37595 0.00614 0.60712 0.01079 ( 3)
 236 H   0.37926 0.00287 0.61240 0.00547 ( 3)
 237 I   0.37851 0.00360 0.61120 0.00669 ( 3)
 238 N   0.00057 0.34058 0.00092 0.65793 ( 4)
 239 T   0.37973 0.00243 0.61313 0.00470 ( 3)
 240 G   0.37901 0.00311 0.61200 0.00587 ( 3)
 241 L   0.37549 0.00661 0.60637 0.01153 ( 3)
 242 W   0.37666 0.00543 0.60825 0.00966 ( 3)
 243 L   0.37751 0.00458 0.60961 0.00830 ( 3)
 244 T   0.38010 0.00209 0.61371 0.00410 ( 3)
 245 Y   0.37845 0.00366 0.61111 0.00678 ( 3)
 246 Q   0.37595 0.00614 0.60712 0.01079 ( 3)
 247 S   0.37890 0.00323 0.61182 0.00606 ( 3)
 248 V   0.37804 0.00406 0.61045 0.00746 ( 3)
 249 D   0.37850 0.00361 0.61119 0.00670 ( 3)
 250 V   0.37807 0.00403 0.61051 0.00739 ( 3)
 251 K   0.37871 0.00341 0.61152 0.00636 ( 3)
 252 S   0.37890 0.00323 0.61182 0.00606 ( 3)
 253 V   0.37804 0.00406 0.61045 0.00746 ( 3)
 254 R   0.37999 0.00219 0.61354 0.00428 ( 3)
 255 M   0.37894 0.00318 0.61189 0.00599 ( 3)
 256 G   0.37900 0.00313 0.61197 0.00590 ( 3)
 257 S   0.26553 0.10648 0.42875 0.19924 ( 3)
 258 I   0.38136 0.00094 0.61568 0.00201 ( 3)
 259 Q   0.37752 0.00456 0.60962 0.00830 ( 3)
 260 R   0.38082 0.00142 0.61485 0.00290 ( 3)
 261 K   0.37852 0.00359 0.61122 0.00667 ( 3)
 262 A   0.37688 0.00516 0.60859 0.00938 ( 3)
 263 I   0.37739 0.00465 0.60940 0.00856 ( 3)
 264 M   0.37811 0.00394 0.61055 0.00740 ( 3)
 265 H   0.37845 0.00362 0.61108 0.00686 ( 3)
 266 H   0.37845 0.00362 0.61108 0.00686 ( 3)
 267 E   0.37679 0.00524 0.60845 0.00951 ( 3)
 268 G   0.37920 0.00291 0.61228 0.00562 ( 3)
 269 H   0.37837 0.00369 0.61096 0.00698 ( 3)
 270 M   0.37811 0.00394 0.61055 0.00740 ( 3)
 271 D   0.37765 0.00439 0.60982 0.00814 ( 3)
 272 D   0.37793 0.00411 0.61025 0.00772 ( 3)
 273 G   0.37818 0.00387 0.61066 0.00728 ( 3)
 274 L   0.37638 0.00565 0.60778 0.01020 ( 3)
 275 N   0.26908 0.10120 0.43447 0.19525 ( 3)
 276 L   0.37507 0.00700 0.60569 0.01224 ( 3)
 277 S   0.37792 0.00413 0.61024 0.00772 ( 3)
 278 R   0.37923 0.00287 0.61232 0.00559 ( 3)
 279 S   0.37806 0.00399 0.61047 0.00748 ( 3)
 280 Q   0.37514 0.00691 0.60581 0.01214 ( 3)
 281 H   0.37844 0.00363 0.61106 0.00688 ( 3)
 282 E   0.37675 0.00529 0.60838 0.00959 ( 3)
 283 E   0.37675 0.00529 0.60838 0.00959 ( 3)
 284 S   0.37704 0.00501 0.60885 0.00910 ( 3)
 285 R   0.37968 0.00246 0.61304 0.00481 ( 3)
 286 T   0.37805 0.00400 0.61045 0.00749 ( 3)
 287 A   0.37833 0.00371 0.61088 0.00708 ( 3)
 288 R   0.38019 0.00197 0.61383 0.00402 ( 3)
 289 V   0.37904 0.00305 0.61202 0.00590 ( 3)
 290 I   0.37766 0.00439 0.60983 0.00813 ( 3)
 291 R   0.37969 0.00243 0.61305 0.00483 ( 3)
 292 S   0.37881 0.00326 0.61166 0.00626 ( 3)
 293 T   0.37819 0.00387 0.61068 0.00725 ( 3)
 294 V   0.37895 0.00312 0.61188 0.00604 ( 3)
 295 F   0.37731 0.00473 0.60927 0.00869 ( 3)
 296 L   0.37743 0.00461 0.60947 0.00849 ( 3)
 297 F   0.37731 0.00473 0.60927 0.00869 ( 3)
 298 N   0.37886 0.00321 0.61174 0.00618 ( 3)
 299 R   0.37933 0.00277 0.61248 0.00541 ( 3)
 300 F   0.37722 0.00481 0.60914 0.00882 ( 3)
 301 I   0.37739 0.00465 0.60940 0.00856 ( 3)
 302 S   0.37881 0.00327 0.61166 0.00627 ( 3)
 303 K   0.37833 0.00375 0.61091 0.00701 ( 3)
 304 K   0.37833 0.00376 0.61090 0.00702 ( 3)
 305 A   0.00001 0.33093 0.00002 0.66904 ( 4)
 306 K   0.37810 0.00398 0.61054 0.00739 ( 3)
 307 A   0.23765 0.13417 0.38377 0.24441 ( 3)
 308 S   0.37838 0.00371 0.61098 0.00693 ( 3)
 309 T   0.33211 0.09406 0.56950 0.00433 ( 3)
 310 V   0.37953 0.00260 0.61281 0.00506 ( 3)
 311 D   0.37893 0.00317 0.61186 0.00604 ( 3)
 312 L   0.37574 0.00633 0.60677 0.01116 ( 3)
 313 P   0.26424 0.10757 0.42668 0.20151 ( 3)
 314 I   0.38113 0.00114 0.61531 0.00242 ( 3)
 315 E   0.37755 0.00452 0.60966 0.00827 ( 3)
 316 S   0.26060 0.11066 0.42080 0.20793 ( 3)
 317 V   0.37953 0.00260 0.61281 0.00505 ( 3)
 318 S   0.37997 0.00219 0.61350 0.00434 ( 3)
 319 L   0.37712 0.00494 0.60898 0.00895 ( 3)
 320 S   0.37997 0.00219 0.61350 0.00434 ( 3)
 321 L   0.37301 0.00914 0.60239 0.01546 ( 3)
 322 Q   0.37558 0.00649 0.60651 0.01141 ( 3)
 323 D   0.37893 0.00317 0.61186 0.00604 ( 3)
 324 L   0.37298 0.00917 0.60235 0.01551 ( 3)
 325 I   0.37786 0.00421 0.61015 0.00778 ( 3)
 326 G   0.37864 0.00345 0.61140 0.00651 ( 3)
 327 Y   0.37807 0.00401 0.61049 0.00743 ( 3)
 328 F   0.37778 0.00430 0.61002 0.00791 ( 3)
 329 H   0.37883 0.00327 0.61169 0.00621 ( 3)
 330 P   0.37781 0.00427 0.61008 0.00785 ( 3)
 331 P   0.37778 0.00429 0.61003 0.00790 ( 3)
 332 D   0.37812 0.00396 0.61057 0.00735 ( 3)
 333 E   0.37755 0.00452 0.60966 0.00827 ( 3)
 334 H   0.37883 0.00327 0.61169 0.00621 ( 3)
 335 L   0.37574 0.00633 0.60677 0.01116 ( 3)
 336 E   0.37752 0.00455 0.60962 0.00831 ( 3)
 337 H   0.37890 0.00320 0.61181 0.00609 ( 3)
 338 E   0.37722 0.00485 0.60913 0.00881 ( 3)
 339 D   0.37812 0.00396 0.61057 0.00735 ( 3)
 340 K   0.37810 0.00398 0.61054 0.00739 ( 3)
 341 Q   0.37558 0.00649 0.60651 0.01141 ( 3)
 342 N   0.37955 0.00258 0.61283 0.00504 ( 3)
 343 R   0.37965 0.00249 0.61300 0.00486 ( 3)
 344 L   0.37572 0.00636 0.60673 0.01119 ( 3)
 345 R   0.37729 0.00473 0.60923 0.00875 ( 3)
 346 A   0.37735 0.00471 0.60935 0.00859 ( 3)
 347 L   0.37710 0.00496 0.60895 0.00899 ( 3)
 348 K   0.37831 0.00377 0.61087 0.00705 ( 3)
 349 N   0.37928 0.00283 0.61242 0.00547 ( 3)
 350 R   0.38006 0.00212 0.61366 0.00416 ( 3)
 351 Q   0.37564 0.00644 0.60661 0.01132 ( 3)
 352 N   0.37928 0.00283 0.61242 0.00547 ( 3)
 353 L   0.37718 0.00488 0.60908 0.00886 ( 3)
 354 F   0.37775 0.00431 0.60999 0.00794 ( 3)
 355 Q   0.37559 0.00648 0.60654 0.01139 ( 3)
 356 E   0.37717 0.00489 0.60905 0.00889 ( 3)
 357 E   0.37750 0.00456 0.60958 0.00835 ( 3)
 358 G   0.37865 0.00345 0.61141 0.00649 ( 3)
 359 M   0.37866 0.00344 0.61143 0.00647 ( 3)
 360 I   0.37822 0.00387 0.61073 0.00719 ( 3)
 361 N   0.37969 0.00246 0.61306 0.00480 ( 3)
 362 L   0.37799 0.00409 0.61037 0.00755 ( 3)
 363 V   0.37818 0.00393 0.61068 0.00721 ( 3)
 364 L   0.37732 0.00475 0.60931 0.00862 ( 3)
 365 E   0.37767 0.00441 0.60985 0.00807 ( 3)
 366 C   0.37908 0.00304 0.61210 0.00579 ( 3)
 367 I   0.38120 0.00108 0.61543 0.00229 ( 3)
 368 D   0.37904 0.00307 0.61204 0.00585 ( 3)
 369 R   0.38026 0.00192 0.61396 0.00385 ( 3)
 370 L   0.37304 0.00910 0.60245 0.01540 ( 3)
 371 H   0.37894 0.00317 0.61188 0.00601 ( 3)
 372 V   0.37777 0.00431 0.61001 0.00791 ( 3)
 373 Y   0.37819 0.00390 0.61068 0.00723 ( 3)
 374 S   0.37936 0.00277 0.61254 0.00533 ( 3)
 375 S   0.37939 0.00274 0.61260 0.00527 ( 3)
 376 A   0.37747 0.00461 0.60953 0.00840 ( 3)
 377 A   0.37848 0.00362 0.61114 0.00677 ( 3)
 378 H   0.37894 0.00317 0.61188 0.00601 ( 3)
 379 F   0.37781 0.00427 0.61008 0.00784 ( 3)
 380 A   0.38048 0.00172 0.61431 0.00349 ( 3)
 381 D   0.37823 0.00385 0.61076 0.00716 ( 3)
 382 V   0.37958 0.00256 0.61288 0.00498 ( 3)
 383 A   0.37747 0.00461 0.60953 0.00840 ( 3)
 384 G   0.37980 0.00235 0.61325 0.00460 ( 3)
 385 R   0.37976 0.00239 0.61317 0.00468 ( 3)
 386 E   0.37733 0.00474 0.60932 0.00861 ( 3)
 387 A   0.37849 0.00361 0.61116 0.00675 ( 3)
 388 G   0.37980 0.00235 0.61325 0.00460 ( 3)
 389 E   0.37733 0.00474 0.60932 0.00861 ( 3)
 390 S   0.37862 0.00348 0.61137 0.00653 ( 3)
 391 W   0.37639 0.00568 0.60782 0.01011 ( 3)
 392 K   0.37845 0.00365 0.61110 0.00681 ( 3)
 393 S   0.37991 0.00225 0.61340 0.00444 ( 3)
 394 I   0.37797 0.00411 0.61034 0.00758 ( 3)
 395 L   0.37304 0.00910 0.60245 0.01540 ( 3)
 396 N   0.37941 0.00272 0.61262 0.00525 ( 3)
 397 S   0.37864 0.00346 0.61140 0.00650 ( 3)
 398 L   0.37306 0.00909 0.60247 0.01538 ( 3)
 399 Y   0.37779 0.00429 0.61005 0.00788 ( 3)
 400 E   0.37767 0.00441 0.60985 0.00807 ( 3)
 401 L   0.37523 0.00685 0.60597 0.01195 ( 3)
 402 L   0.37300 0.00915 0.60238 0.01547 ( 3)
 403 A   0.38035 0.00184 0.61410 0.00371 ( 3)
 404 A   0.37764 0.00446 0.60981 0.00809 ( 3)
 405 L   0.37742 0.00468 0.60946 0.00845 ( 3)
 406 I   0.37814 0.00396 0.61062 0.00728 ( 3)
 407 R   0.37990 0.00227 0.61341 0.00442 ( 3)
 408 G   0.37884 0.00328 0.61173 0.00614 ( 3)
 409 N   0.37956 0.00259 0.61288 0.00497 ( 3)
 410 R   0.38076 0.00148 0.61476 0.00300 ( 3)
 411 K   0.37861 0.00350 0.61137 0.00651 ( 3)
 412 N   0.37986 0.00232 0.61334 0.00449 ( 3)
 413 C   0.37924 0.00290 0.61236 0.00550 ( 3)
 414 A   0.37768 0.00442 0.60988 0.00802 ( 3)
 415 Q   0.37750 0.00462 0.60960 0.00828 ( 3)
 416 F   0.37798 0.00412 0.61036 0.00754 ( 3)
 417 S   0.37880 0.00332 0.61167 0.00621 ( 3)
 418 G   0.37892 0.00321 0.61185 0.00602 ( 3)
 419 S   0.37866 0.00346 0.61144 0.00644 ( 3)
 420 L   0.37750 0.00460 0.60959 0.00832 ( 3)
 421 D   0.37920 0.00294 0.61230 0.00556 ( 3)
 422 W   0.37656 0.00553 0.60809 0.00982 ( 3)
 423 L   0.37602 0.00607 0.60723 0.01067 ( 3)
 424 I   0.37841 0.00370 0.61104 0.00685 ( 3)
 425 S   0.37951 0.00264 0.61280 0.00505 ( 3)
 426 R   0.37754 0.00456 0.60965 0.00825 ( 3)
 427 L   0.37539 0.00671 0.60623 0.01167 ( 3)
 428 E   0.37751 0.00459 0.60960 0.00830 ( 3)
 429 R   0.37990 0.00227 0.61341 0.00442 ( 3)
 430 L   0.37321 0.00895 0.60273 0.01511 ( 3)
 431 E   0.37748 0.00461 0.60956 0.00835 ( 3)
 432 A   0.37761 0.00448 0.60977 0.00814 ( 3)
 433 S   0.37878 0.00334 0.61163 0.00625 ( 3)
 434 S   0.37878 0.00334 0.61163 0.00625 ( 3)
 435 G   0.37944 0.00270 0.61268 0.00518 ( 3)
 436 I   0.37768 0.00440 0.60987 0.00805 ( 3)
 437 L   0.37772 0.00436 0.60994 0.00798 ( 3)
 438 E   0.37704 0.00504 0.60885 0.00908 ( 3)
 439 V   0.26735 0.10363 0.43169 0.19733 ( 3)
 440 L   0.37557 0.00651 0.60650 0.01142 ( 3)
 441 H   0.37865 0.00345 0.61143 0.00647 ( 3)
 442 C   0.37880 0.00331 0.61165 0.00624 ( 3)
 443 V   0.37747 0.00461 0.60954 0.00838 ( 3)
 444 L   0.37557 0.00651 0.60650 0.01142 ( 3)
 445 V   0.37937 0.00276 0.61256 0.00530 ( 3)
 446 E   0.37704 0.00504 0.60885 0.00908 ( 3)
 447 S   0.37981 0.00234 0.61326 0.00458 ( 3)
 448 P   0.37760 0.00448 0.60975 0.00817 ( 3)
 449 E   0.37704 0.00504 0.60885 0.00908 ( 3)
 450 A   0.37723 0.00484 0.60916 0.00878 ( 3)
 451 L   0.37697 0.00511 0.60874 0.00919 ( 3)
 452 N   0.37914 0.00299 0.61219 0.00569 ( 3)
 453 I   0.01390 0.34081 0.02244 0.62285 ( 4)
 454 I   0.37768 0.00440 0.60987 0.00805 ( 3)
 455 K   0.37816 0.00393 0.61063 0.00728 ( 3)
 456 E   0.37704 0.00504 0.60885 0.00908 ( 3)
 457 G   0.37847 0.00363 0.61113 0.00677 ( 3)
 458 H   0.37873 0.00338 0.61154 0.00636 ( 3)
 459 I   0.37768 0.00440 0.60987 0.00805 ( 3)
 460 K   0.37816 0.00393 0.61063 0.00728 ( 3)
 461 S   0.37820 0.00389 0.61071 0.00720 ( 3)
 462 I   0.37768 0.00440 0.60987 0.00805 ( 3)
 463 I   0.37795 0.00414 0.61030 0.00761 ( 3)
 464 S   0.37715 0.00493 0.60903 0.00890 ( 3)
 465 L   0.37772 0.00436 0.60994 0.00798 ( 3)
 466 L   0.37557 0.00651 0.60650 0.01142 ( 3)
 467 D   0.37876 0.00335 0.61159 0.00630 ( 3)
 468 K   0.37792 0.00417 0.61026 0.00766 ( 3)
 469 H   0.37873 0.00338 0.61154 0.00636 ( 3)
 470 G   0.37836 0.00374 0.61095 0.00696 ( 3)
 471 R   0.37947 0.00267 0.61271 0.00515 ( 3)
 472 N   0.37911 0.00301 0.61215 0.00573 ( 3)
 473 H   0.37863 0.00347 0.61138 0.00652 ( 3)
 474 K   0.37789 0.00419 0.61021 0.00771 ( 3)
 475 V   0.37963 0.00252 0.61298 0.00486 ( 3)
 476 L   0.37325 0.00891 0.60278 0.01507 ( 3)
 477 D   0.37929 0.00285 0.61244 0.00542 ( 3)
 478 V   0.37985 0.00232 0.61332 0.00451 ( 3)
 479 L   0.37615 0.00594 0.60744 0.01047 ( 3)
 480 C   0.38023 0.00197 0.61392 0.00388 ( 3)
 481 S   0.37878 0.00334 0.61163 0.00625 ( 3)
 482 L   0.37759 0.00450 0.60974 0.00817 ( 3)
 483 C   0.37938 0.00277 0.61258 0.00528 ( 3)
 484 V   0.37969 0.00247 0.61307 0.00477 ( 3)
 485 C   0.38024 0.00196 0.61394 0.00386 ( 3)
 486 H   0.27528 0.09659 0.44449 0.18364 ( 3)
 487 G   0.38008 0.00211 0.61369 0.00413 ( 3)
 488 V   0.37992 0.00226 0.61343 0.00439 ( 3)
 489 A   0.37882 0.00330 0.61170 0.00617 ( 3)
 490 V   0.37986 0.00231 0.61334 0.00449 ( 3)
 491 R   0.38087 0.00138 0.61492 0.00283 ( 3)
 492 S   0.37895 0.00318 0.61190 0.00598 ( 3)
 493 N   0.37998 0.00219 0.61354 0.00428 ( 3)
 494 Q   0.37601 0.00608 0.60720 0.01071 ( 3)
 495 H   0.37931 0.00283 0.61247 0.00539 ( 3)
