Supplemental results for CODEML (seqf: /home/leticiamagpali/phd/evol_models/codeml/small_dataset/cml_align/CALML6_codon_aligned.phy  treef: /home/leticiamagpali/phd/evol_models/codeml/small_dataset/cml_trees/gene_trees/H1b_gene_trees/CALML6_tree_H1b.tre)

I	J	ij	2Ns_IJ	pMut_IJ	pSub_IJ	2Ns_JI	pMut_JI	pSub_JI

TTC	TTT	CT	0.14696	0.10938	0.11761	-0.14696	0.12669	0.11761
TTA	TTT	AT	10.60350	0.00000	0.00000	-10.60350	0.02781	0.00001
TTA	TTC	AC	10.45654	0.00000	0.00000	-10.45654	0.10382	0.00003
TTG	TTT	GT	2.38532	0.00078	0.00206	-2.38532	0.00850	0.00206
TTG	TTC	GC	2.23836	0.00338	0.00848	-2.23836	0.03173	0.00848
TTG	TTA	GA	-8.21818	0.01851	0.00004	8.21818	0.00000	0.00000
TCT	TTT	CT	1.25454	0.03613	0.06342	-1.25454	0.12669	0.06342
TCC	TTC	CT	1.54803	0.10059	0.19777	-1.54803	0.47298	0.19777
TCC	TCT	CT	0.44045	0.10059	0.12436	-0.44045	0.15625	0.12436
TCA	TTA	CT	-4.18219	0.00098	0.00006	4.18219	0.00000	0.00000
TCA	TCT	AT	5.16676	0.00020	0.00102	-5.16676	0.03430	0.00102
TCA	TCC	AC	4.72631	0.00085	0.00403	-4.72631	0.09547	0.00403
TCG	TTG	CT	2.85056	0.00098	0.00295	-2.85056	0.01689	0.00295
TCG	TCT	GT	3.98133	0.00020	0.00079	-3.98133	0.01048	0.00079
TCG	TCC	GC	3.54088	0.00085	0.00308	-3.54088	0.02918	0.00308
TCG	TCA	GA	-1.18543	0.00463	0.00241	1.18543	0.00141	0.00241
TAT	TTT	AT	10.60350	0.00000	0.00000	-10.60350	0.02781	0.00001
TAT	TCT	AC	9.34896	0.00000	0.00000	-9.34896	0.03430	0.00003
TAC	TTC	AT	1.87989	0.01584	0.03515	-1.87989	0.10382	0.03515
TAC	TCC	AC	0.33186	0.06851	0.08051	-0.33186	0.09547	0.08051
TAC	TAT	CT	-8.57664	0.07910	0.00013	8.57664	0.00000	0.00000
TGT	TTT	GT	1.20667	0.00254	0.00438	-1.20667	0.00850	0.00438
TGT	TCT	GC	-0.04788	0.01100	0.01073	0.04788	0.01048	0.01073
TGT	TAT	GA	-9.39683	0.06016	0.00005	9.39683	0.00000	0.00000
TGC	TTC	GT	1.45133	0.00743	0.01409	-1.45133	0.03173	0.01409
TGC	TCC	GC	-0.09670	0.03214	0.03061	0.09670	0.02918	0.03061
TGC	TAC	GA	-0.42856	0.17587	0.14086	0.42856	0.11457	0.14086
TGC	TGT	CT	0.39163	0.03711	0.04485	-0.39163	0.05490	0.04485
TGG	TTG	GT	-2.53375	0.01428	0.00312	2.53375	0.00113	0.00312
TGG	TCG	GC	-5.38431	0.06174	0.00153	5.38431	0.00028	0.00153
TGG	TGT	GT	-1.35509	0.01428	0.00672	1.35509	0.00368	0.00672
TGG	TGC	GC	-1.74672	0.06174	0.02277	1.74672	0.01076	0.02277
CTT	TTT	CT	10.51192	0.00000	0.00000	-10.51192	0.12669	0.00004
CTC	TTC	CT	1.41208	0.11523	0.21514	-1.41208	0.47298	0.21514
CTC	CTT	CT	-8.95288	0.11523	0.00013	8.95288	0.00000	0.00000
CTA	TTA	CT	-4.87534	0.00195	0.00007	4.87534	0.00000	0.00000
CTA	CTT	AT	-4.78376	0.00039	0.00002	4.78376	0.00000	0.00000
CTA	CTC	AC	4.16912	0.00169	0.00716	-4.16912	0.10938	0.00716
CTG	TTG	CT	-2.50603	0.20703	0.04609	2.50603	0.01689	0.04609
CTG	CTT	GT	-10.63263	0.04147	0.00001	10.63263	0.00000	0.00000
CTG	CTC	GC	-1.67975	0.17931	0.06902	1.67975	0.03343	0.06902
CTG	CTA	GA	-5.84887	0.98114	0.01659	5.84887	0.00283	0.01659
CCT	TCT	CT	0.45021	0.09961	0.12371	-0.45021	0.15625	0.12371
CCT	CTT	CT	-8.80717	0.09961	0.00013	8.80717	0.00000	0.00000
CCC	TCC	CT	1.32831	0.11523	0.20823	-1.32831	0.43497	0.20823
CCC	CTC	CT	1.46426	0.11523	0.21949	-1.46426	0.49832	0.21949
CCC	CCT	CT	1.31855	0.11523	0.20744	-1.31855	0.43075	0.20744
CCA	TCA	CT	-2.06210	0.03320	0.00998	2.06210	0.00422	0.00998
CCA	CTA	CT	-1.36895	0.03320	0.01551	1.36895	0.00845	0.01551
CCA	CCT	AT	2.65446	0.00665	0.01899	-2.65446	0.09455	0.01899
CCA	CCC	AC	1.33590	0.02876	0.05212	-1.33590	0.10938	0.05212
CCG	TCG	CT	-1.24379	0.01465	0.00738	1.24379	0.00422	0.00738
CCG	CTG	CT	4.11280	0.01465	0.06125	-4.11280	0.89528	0.06125
CCG	CCT	GT	2.28734	0.00293	0.00747	-2.28734	0.02890	0.00747
CCG	CCC	GC	0.96879	0.01269	0.01981	-0.96879	0.03343	0.01981
CCG	CCA	GA	-0.36712	0.06942	0.05746	0.36712	0.04809	0.05746
CAT	TAT	CT	-6.48478	0.00977	0.00010	6.48478	0.00000	0.00000
CAT	CTT	AT	-6.39320	0.00196	0.00002	6.39320	0.00000	0.00000
CAT	CCT	AC	2.41397	0.00846	0.02242	-2.41397	0.09455	0.02242
CAC	TAC	CT	2.12104	0.04102	0.09885	-2.12104	0.34206	0.09885
CAC	CTC	AT	2.58886	0.00821	0.02299	-2.58886	0.10938	0.02299
CAC	CCC	AC	1.12460	0.03552	0.05917	-1.12460	0.10938	0.05917
CAC	CAT	CT	0.02918	0.04102	0.04162	-0.02918	0.04223	0.04162
CAA	CTA	AT	0.05177	0.00176	0.00181	-0.05177	0.00185	0.00181
CAA	CCA	AC	1.42072	0.00761	0.01426	-1.42072	0.03152	0.01426
CAA	CAT	AT	1.66120	0.00176	0.00361	-1.66120	0.00927	0.00361
CAA	CAC	AC	1.63203	0.00761	0.01544	-1.63203	0.03893	0.01544
CAG	CTG	AT	2.39064	0.01799	0.04736	-2.39064	0.19651	0.04736
CAG	CCG	AC	-1.72216	0.07782	0.02915	1.72216	0.01390	0.02915
CAG	CAT	GT	-1.84879	0.01799	0.00622	1.84879	0.00283	0.00622
CAG	CAC	GC	-1.87797	0.07782	0.02638	1.87797	0.01190	0.02638
CAG	CAA	GA	-3.50999	0.42578	0.04606	3.50999	0.01273	0.04606
CGT	TGT	CT	2.64292	0.00391	0.01111	-2.64292	0.05490	0.01111
CGT	CTT	GT	-6.66233	0.00078	0.00001	6.66233	0.00000	0.00000
CGT	CCT	GC	2.14483	0.00338	0.00822	-2.14483	0.02890	0.00822
CGT	CAT	GA	-0.26914	0.01851	0.01613	0.26914	0.01414	0.01613
CGC	TGC	CT	1.66786	0.03027	0.06223	-1.66786	0.16047	0.06223
CGC	CTC	GT	1.70711	0.00606	0.01264	-1.70711	0.03343	0.01264
CGC	CCC	GC	0.24285	0.02622	0.02953	-0.24285	0.03343	0.02953
CGC	CAC	GA	-0.88174	0.14347	0.08939	0.88174	0.05940	0.08939
CGC	CGT	CT	-0.58343	0.03027	0.02230	0.58343	0.01689	0.02230
CGA	CTA	GT	-1.57549	0.00274	0.00113	1.57549	0.00057	0.00113
CGA	CCA	GC	-0.20654	0.01184	0.01066	0.20654	0.00963	0.01066
CGA	CAA	GA	-1.62726	0.06479	0.02578	1.62726	0.01273	0.02578
CGA	CGT	AT	0.30308	0.00274	0.00317	-0.30308	0.00371	0.00317
CGA	CGC	AC	0.88651	0.01184	0.01786	-0.88651	0.02874	0.01786
CGG	TGG	CT	2.61923	0.02246	0.06345	-2.61923	0.30828	0.06345
CGG	CTG	GT	2.59151	0.00450	0.01260	-2.59151	0.06006	0.01260
CGG	CCG	GC	-1.52129	0.01945	0.00827	1.52129	0.00425	0.00827
CGG	CAG	GA	0.20087	0.10644	0.11749	-0.20087	0.13012	0.11749
CGG	CGT	GT	-1.37878	0.00450	0.00209	1.37878	0.00113	0.00209
CGG	CGC	GC	-0.79535	0.01945	0.01273	0.79535	0.00878	0.01273
CGG	CGA	GA	-1.68186	0.10644	0.04091	1.68186	0.01980	0.04091
ATT	TTT	AT	3.01113	0.00137	0.00434	-3.01113	0.02781	0.00434
ATT	CTT	AC	-7.50079	0.00592	0.00002	7.50079	0.00000	0.00000
ATC	TTC	AT	2.05484	0.01330	0.03135	-2.05484	0.10382	0.03135
ATC	CTC	AC	0.64276	0.05752	0.07797	-0.64276	0.10938	0.07797
ATC	ATT	CT	-0.80933	0.06641	0.04312	0.80933	0.02956	0.04312
ATA	TTA	AT	-5.47691	0.00078	0.00002	5.47691	0.00000	0.00000
ATA	CTA	AC	-0.60157	0.00338	0.00247	0.60157	0.00185	0.00247
ATA	ATT	AT	2.11546	0.00078	0.00188	-2.11546	0.00649	0.00188
ATA	ATC	AC	2.92479	0.00338	0.01046	-2.92479	0.06303	0.01046
ATG	TTG	AT	-2.16985	0.03247	0.00908	2.16985	0.00371	0.00908
ATG	CTG	AC	0.33618	0.14041	0.16533	-0.33618	0.19651	0.16533
ATG	ATT	GT	-2.79566	0.03247	0.00590	2.79566	0.00198	0.00590
ATG	ATC	GC	-1.98633	0.14041	0.04435	1.98633	0.01926	0.04435
ATG	ATA	GA	-4.91112	0.76825	0.02799	4.91112	0.00566	0.02799
ACT	TCT	AT	2.45871	0.00293	0.00789	-2.45871	0.03430	0.00789
ACT	CCT	AC	2.00850	0.01269	0.02943	-2.00850	0.09455	0.02943
ACT	ATT	CT	0.70212	0.01465	0.02039	-0.70212	0.02956	0.02039
ACC	TCC	AT	2.29875	0.00958	0.02449	-2.29875	0.09547	0.02449
ACC	CCC	AC	0.97044	0.04145	0.06476	-0.97044	0.10938	0.06476
ACC	ATC	CT	1.79195	0.04785	0.10289	-1.79195	0.28717	0.10289
ACC	ACT	CT	0.28049	0.04785	0.05488	-0.28049	0.06335	0.05488
ACA	TCA	AT	0.86270	0.00039	0.00058	-0.86270	0.00093	0.00058
ACA	CCA	AC	2.92479	0.00169	0.00523	-2.92479	0.03152	0.00523
ACA	ATA	CT	2.15741	0.00195	0.00476	-2.15741	0.01689	0.00476
ACA	ACT	AT	3.57075	0.00039	0.00144	-3.57075	0.01390	0.00144
ACA	ACC	AC	3.29025	0.00169	0.00578	-3.29025	0.04542	0.00578
ACG	TCG	AT	-2.69265	0.01369	0.00268	2.69265	0.00093	0.00268
ACG	CCG	AC	-1.44886	0.05921	0.02633	1.44886	0.01390	0.02633
ACG	ATG	CT	2.32776	0.06836	0.17632	-2.32776	0.70102	0.17632
ACG	ACT	GT	-1.17003	0.01369	0.00721	1.17003	0.00425	0.00721
ACG	ACC	GC	-1.45052	0.05921	0.02630	1.45052	0.01388	0.02630
ACG	ACA	GA	-4.74078	0.32396	0.01353	4.74078	0.00283	0.01353
AAT	TAT	AT	-6.57552	0.00235	0.00002	6.57552	0.00000	0.00000
AAT	CAT	AC	-0.09074	0.01015	0.00970	0.09074	0.00927	0.00970
AAT	ATT	AT	1.01685	0.00235	0.00374	-1.01685	0.00649	0.00374
AAT	ACT	AC	0.31472	0.01015	0.01183	-0.31472	0.01390	0.01183
AAC	TAC	AT	1.76064	0.01291	0.02745	-1.76064	0.07508	0.02745
AAC	CAC	AC	-0.36040	0.05582	0.04637	0.36040	0.03893	0.04637
AAC	ATC	AT	1.58570	0.01291	0.02574	-1.58570	0.06303	0.02574
AAC	ACC	AC	-0.20625	0.05582	0.05026	0.20625	0.04542	0.05026
AAC	AAT	CT	-0.24048	0.06445	0.05701	0.24048	0.05068	0.05701
AAA	CAA	AC	-0.48378	0.01353	0.01052	0.48378	0.00834	0.01052
AAA	ATA	AT	0.16955	0.00313	0.00340	-0.16955	0.00371	0.00340
AAA	ACA	AC	-1.98786	0.01353	0.00427	1.98786	0.00185	0.00427
AAA	AAT	AT	1.26816	0.00313	0.00552	-1.26816	0.01112	0.00552
AAA	AAC	AC	1.50865	0.01353	0.02622	-1.50865	0.06118	0.02622
AAG	CAG	AC	-0.67994	0.16832	0.11753	0.67994	0.08528	0.11753
AAG	ATG	AT	1.37453	0.03892	0.07162	-1.37453	0.15387	0.07162
AAG	ACG	AC	-0.95323	0.16832	0.10065	0.95323	0.06489	0.10065
AAG	AAT	GT	-2.43798	0.03892	0.00908	2.43798	0.00340	0.00908
AAG	AAC	GC	-2.19750	0.16832	0.04622	2.19750	0.01870	0.04622
AAG	AAA	GA	-3.70614	0.92098	0.08598	3.70614	0.02263	0.08598
AGT	TGT	AT	0.27065	0.00919	0.01049	-0.27065	0.01205	0.01049
AGT	CGT	AC	-2.37227	0.03975	0.00970	2.37227	0.00371	0.00970
AGT	ATT	GT	-1.53382	0.00919	0.00388	1.53382	0.00198	0.00388
AGT	ACT	GC	-2.23594	0.03975	0.01064	2.23594	0.00425	0.01064
AGT	AAT	GA	-2.55067	0.21752	0.04696	2.55067	0.01697	0.04696
AGC	TGC	AT	1.22314	0.01037	0.01797	-1.22314	0.03522	0.01797
AGC	CGC	AC	-0.44472	0.04483	0.03560	0.44472	0.02874	0.03560
AGC	ATC	GT	0.61963	0.01037	0.01391	-0.61963	0.01926	0.01391
AGC	ACC	GC	-1.17232	0.04483	0.02357	1.17232	0.01388	0.02357
AGC	AAC	GA	-0.96606	0.24529	0.14559	0.96606	0.09335	0.14559
AGC	AGT	CT	1.34412	0.05176	0.09411	-1.34412	0.19848	0.09411
AGA	CGA	AC	-0.10258	0.01438	0.01365	0.10258	0.01298	0.01365
AGA	ATA	GT	-1.07650	0.00333	0.00185	1.07650	0.00113	0.00185
AGA	ACA	GC	-3.23391	0.01438	0.00191	3.23391	0.00057	0.00191
AGA	AAA	GA	-1.24605	0.07868	0.03958	1.24605	0.02263	0.03958
AGA	AGT	AT	2.57278	0.00333	0.00926	-2.57278	0.04357	0.00926
AGA	AGC	AC	1.22866	0.01438	0.02498	-1.22866	0.04913	0.02498
AGG	TGG	AT	2.29096	0.00685	0.01745	-2.29096	0.06767	0.01745
AGG	CGG	AC	-0.32827	0.02960	0.02501	0.32827	0.02132	0.02501
AGG	ATG	GT	1.92706	0.00685	0.01544	-1.92706	0.04703	0.01544
AGG	ACG	GC	-0.40070	0.02960	0.02407	0.40070	0.01983	0.02407
AGG	AAG	GA	0.55253	0.16198	0.21083	-0.55253	0.28147	0.21083
AGG	AGT	GT	0.66522	0.00685	0.00937	-0.66522	0.01331	0.00937
AGG	AGC	GC	-0.67890	0.02960	0.02068	0.67890	0.01501	0.02068
AGG	AGA	GA	-1.90756	0.16198	0.05386	1.90756	0.02404	0.05386
GTT	TTT	GT	9.41807	0.00000	0.00000	-9.41807	0.00850	0.00001
GTT	CTT	GC	-1.09385	0.00000	0.00000	1.09385	0.00000	0.00000
GTT	ATT	GA	6.40694	0.00000	0.00000	-6.40694	0.00990	0.00010
GTC	TTC	GT	1.56256	0.00665	0.01315	-1.56256	0.03173	0.01315
GTC	CTC	GC	0.15048	0.02876	0.03098	-0.15048	0.03343	0.03098
GTC	ATC	GA	-0.49228	0.15735	0.12179	0.49228	0.09618	0.12179
GTC	GTT	CT	-7.70855	0.03320	0.00011	7.70855	0.00000	0.00000
GTA	TTA	GT	0.37042	0.00000	0.00000	-0.37042	0.00000	0.00000
GTA	CTA	GC	5.24576	0.00000	0.00000	-5.24576	0.00057	0.00002
GTA	ATA	GA	5.84732	0.00000	0.00000	-5.84732	0.00566	0.00010
GTA	GTT	AT	1.55584	0.00000	0.00000	-1.55584	0.00000	0.00000
GTA	GTC	AC	9.26440	0.00000	0.00000	-9.26440	0.03152	0.00003
GTG	TTG	GT	-3.01397	0.02308	0.00359	3.01397	0.00113	0.00359
GTG	CTG	GC	-0.50795	0.09981	0.07660	0.50795	0.06006	0.07660
GTG	ATG	GA	-0.84412	0.54611	0.34766	0.84412	0.23479	0.34766
GTG	GTT	GT	-10.04673	0.02308	0.00001	10.04673	0.00000	0.00000
GTG	GTC	GC	-2.33817	0.09981	0.02493	2.33817	0.00963	0.02493
GTG	GTA	GA	-11.60257	0.54611	0.00006	11.60257	0.00000	0.00000
GCT	TCT	GT	0.54735	0.00606	0.00787	-0.54735	0.01048	0.00787
GCT	CCT	GC	0.09714	0.02622	0.02751	-0.09714	0.02890	0.02751
GCT	ACT	GA	-1.91136	0.14347	0.04759	1.91136	0.02122	0.04759
GCT	GTT	CT	-7.61618	0.03027	0.00011	7.61618	0.00000	0.00000
GCC	TCC	GT	-0.18224	0.03501	0.03192	0.18224	0.02918	0.03192
GCC	CCC	GC	-1.51055	0.15140	0.06480	1.51055	0.03343	0.06480
GCC	ACC	GA	-2.48099	0.82842	0.18764	2.48099	0.06931	0.18764
GCC	GTC	CT	-0.19676	0.17481	0.15817	0.19676	0.14358	0.15817
GCC	GCT	CT	-0.28913	0.17481	0.15075	0.28913	0.13091	0.15075
GCA	TCA	GT	-0.32273	0.00039	0.00033	0.32273	0.00028	0.00033
GCA	CCA	GC	1.73937	0.00169	0.00357	-1.73937	0.00963	0.00357
GCA	ACA	GA	-1.18543	0.00926	0.00483	1.18543	0.00283	0.00483
GCA	GTA	CT	-4.87534	0.00195	0.00007	4.87534	0.00000	0.00000
GCA	GCT	AT	4.29668	0.00039	0.00170	-4.29668	0.02874	0.00170
GCA	GCC	AC	4.58582	0.00169	0.00784	-4.58582	0.16592	0.00784
GCG	TCG	GT	-4.32093	0.02132	0.00124	4.32093	0.00028	0.00124
GCG	CCG	GC	-3.07714	0.09219	0.01371	3.07714	0.00425	0.01371
GCG	ACG	GA	-1.62828	0.50446	0.20058	1.62828	0.09901	0.20058
GCG	GTG	CT	1.54360	0.10645	0.20894	-1.54360	0.49832	0.20894
GCG	GCT	GT	-0.88694	0.02132	0.01324	0.88694	0.00878	0.01324
GCG	GCC	GC	-0.59781	0.09219	0.06737	0.59781	0.05071	0.06737
GCG	GCA	GA	-5.18363	0.50446	0.01475	5.18363	0.00283	0.01475
GAT	TAT	GT	-8.16641	0.00352	0.00001	8.16641	0.00000	0.00000
GAT	CAT	GC	-1.68163	0.01522	0.00585	1.68163	0.00283	0.00585
GAT	AAT	GA	-1.59089	0.08330	0.03391	1.59089	0.01697	0.03391
GAT	GTT	AT	-6.98098	0.00352	0.00002	6.98098	0.00000	0.00000
GAT	GCT	AC	0.63520	0.01522	0.02057	-0.63520	0.02874	0.02057
GAC	TAC	GT	-0.43914	0.03560	0.02835	0.43914	0.02295	0.02835
GAC	CAC	GC	-2.56018	0.15394	0.03301	2.56018	0.01190	0.03301
GAC	AAC	GA	-2.19978	0.84230	0.23094	2.19978	0.09335	0.23094
GAC	GTC	AT	-0.12180	0.03560	0.03347	0.12180	0.03152	0.03347
GAC	GCC	AC	0.07496	0.15394	0.15978	-0.07496	0.16592	0.15978
GAC	GAT	CT	-0.84937	0.17773	0.11281	0.84937	0.07601	0.11281
GAA	CAA	GC	-1.89235	0.01692	0.00568	1.89235	0.00255	0.00568
GAA	AAA	GA	-1.40857	0.09256	0.04219	1.40857	0.02263	0.04219
GAA	GTA	AT	-7.08635	0.00391	0.00002	7.08635	0.00000	0.00000
GAA	GCA	AC	-2.21100	0.01692	0.00460	2.21100	0.00185	0.00460
GAA	GAT	AT	1.45048	0.00391	0.00741	-1.45048	0.01668	0.00741
GAA	GAC	AC	2.29985	0.01692	0.04324	-2.29985	0.16870	0.04324
GAG	CAG	GC	-2.45259	0.30280	0.06994	2.45259	0.02606	0.06994
GAG	AAG	GA	-1.77266	1.65683	0.60105	1.77266	0.28147	0.60105
GAG	GTG	AT	0.44600	0.07002	0.08679	-0.44600	0.10938	0.08679
GAG	GCG	AC	-1.09760	0.30280	0.16643	1.09760	0.10104	0.16643
GAG	GAT	GT	-2.61974	0.07002	0.01441	2.61974	0.00510	0.01441
GAG	GAC	GC	-1.77037	0.30280	0.11001	1.77037	0.05156	0.11001
GAG	GAA	GA	-4.07023	1.65683	0.11714	4.07023	0.02829	0.11714
GGT	TGT	GT	0.10215	0.00333	0.00350	-0.10215	0.00368	0.00350
GGT	CGT	GC	-2.54077	0.01438	0.00313	2.54077	0.00113	0.00313
GGT	AGT	GA	-0.16849	0.07868	0.07223	0.16849	0.06648	0.07223
GGT	GTT	GT	-8.10925	0.00333	0.00001	8.10925	0.00000	0.00000
GGT	GCT	GC	-0.49307	0.01438	0.01112	0.49307	0.00878	0.01112
GGT	GAT	GA	-1.12827	0.07868	0.04247	1.12827	0.02546	0.04247
GGC	TGC	GT	-0.90465	0.02660	0.01636	0.90465	0.01076	0.01636
GGC	CGC	GC	-2.57251	0.11503	0.02446	2.57251	0.00878	0.02446
GGC	AGC	GA	-2.12779	0.62941	0.18107	2.12779	0.07496	0.18107
GGC	GTC	GT	-1.01588	0.02660	0.01534	1.01588	0.00963	0.01534
GGC	GCC	GC	-0.81912	0.11503	0.07428	0.81912	0.05071	0.07428
GGC	GAC	GA	-0.89408	0.62941	0.38942	0.89408	0.25742	0.38942
GGC	GGT	CT	-0.61518	0.13281	0.09612	0.61518	0.07179	0.09612
GGA	CGA	GC	-1.82209	0.02453	0.00862	1.82209	0.00397	0.00862
GGA	AGA	GA	-1.71951	0.13421	0.05037	1.71951	0.02404	0.05037
GGA	GTA	GT	-8.64334	0.00567	0.00001	8.64334	0.00000	0.00000
GGA	GCA	GC	-3.76800	0.02453	0.00219	3.76800	0.00057	0.00219
GGA	GAA	GA	-1.55699	0.13421	0.05581	1.55699	0.02829	0.05581
GGA	GGT	AT	1.02176	0.00567	0.00906	-1.02176	0.01576	0.00906
GGA	GGC	AC	1.63694	0.02453	0.04985	-1.63694	0.12606	0.04985
GGG	TGG	GT	-0.36300	0.02973	0.02466	0.36300	0.02068	0.02466
GGG	CGG	GC	-2.98223	0.12856	0.02047	2.98223	0.00652	0.02047
GGG	AGG	GA	-2.65396	0.70346	0.14133	2.65396	0.04950	0.14133
GGG	GTG	GT	0.11722	0.02973	0.03151	-0.11722	0.03343	0.03151
GGG	GCG	GC	-1.42638	0.12856	0.05797	1.42638	0.03088	0.05797
GGG	GAG	GA	-0.32877	0.70346	0.59415	0.32877	0.50635	0.59415
GGG	GGT	GT	-1.82025	0.02973	0.01046	1.82025	0.00482	0.01046
GGG	GGC	GC	-1.20507	0.12856	0.06629	1.20507	0.03853	0.06629
GGG	GGA	GA	-2.84201	0.70346	0.12379	2.84201	0.04102	0.12379


Histograms
2Ns	FMut	FSub(CodonUsage)	FSubw(after w)

-11.05007	0.01874	0.00001
-9.94506	0.00476	0.00000
-8.84005	0.00890	0.00002
-7.73505	0.00231	0.00001
-6.63004	0.00078	0.00001
-5.52503	0.03868	0.00144
-4.42003	0.09936	0.01028
-3.31502	0.06314	0.01425
-2.21001	0.27168	0.13447
-1.10501	0.22813	0.20753
0.00000	0.15467	0.26404
1.10501	0.07225	0.20753
2.21001	0.03261	0.13447
3.31502	0.00248	0.01425
4.42003	0.00138	0.01027
5.52503	0.00015	0.00143
6.63004	0.00000	0.00000
7.73505	0.00000	0.00000
8.84005	0.00000	0.00000
9.94506	0.00000	0.00000
11.05007	0.00000	0.00000

Proportion of advantageous (S > 0) mutations:
 0.17461

Proportions of good & bad mutations (|S| > 2.0000) among mutations:
0.02070  0.41372

mean |Ns| = 2.29093	mean Ns+ = 1.03271	mean Ns- = -2.55710


MLEs of dN/dS (w) for site classes (K=4)

site class             0        1       2a       2b
proportion       0.62313  0.35973  0.01087  0.00627
background w     0.08681  0.78579  0.08681  0.78579
foreground w     0.08681  0.78579 105.26023 105.26023

Naive Empirical Bayes (NEB) probabilities for 4 classes
(amino acids refer to 1st sequence: Egla)

   1 M   0.04423 0.92921 0.00722 0.01934 ( 2)
   2 V   0.04892 0.92775 0.00689 0.01644 ( 2)
   3 S   0.79682 0.20223 0.00074 0.00021 ( 1)
   4 L   0.25502 0.65292 0.07010 0.02196 ( 2)
   5 P   0.27742 0.65240 0.05432 0.01586 ( 2)
   6 W   0.21423 0.78525 0.00011 0.00041 ( 2)
   7 P   0.67933 0.30353 0.01185 0.00529 ( 1)
   8 H   0.83287 0.14999 0.01453 0.00262 ( 1)
   9 W   0.67568 0.30718 0.01178 0.00536 ( 1)
  10 L   0.67043 0.31243 0.01169 0.00545 ( 1)
  11 S   0.76296 0.21990 0.01331 0.00384 ( 1)
  12 S   0.78496 0.19790 0.01369 0.00345 ( 1)
  13 A   0.72050 0.26236 0.01257 0.00458 ( 1)
  14 A   0.72186 0.26100 0.01259 0.00455 ( 1)
  15 P   0.20355 0.77931 0.00355 0.01359 ( 2)
  16 L   0.67043 0.31243 0.01169 0.00545 ( 1)
  17 H   0.35246 0.63040 0.00615 0.01099 ( 2)
  18 S   0.76732 0.21553 0.01338 0.00376 ( 1)
  19 H   0.83287 0.14999 0.01453 0.00262 ( 1)
  20 M   0.26097 0.72189 0.00455 0.01259 ( 2)
  21 A   0.72049 0.26237 0.01257 0.00458 ( 1)
  22 G   0.26132 0.72154 0.00456 0.01258 ( 2)
  23 L   0.67043 0.31243 0.01169 0.00545 ( 1)
  24 P   0.76076 0.22210 0.01327 0.00387 ( 1)
  25 L   0.67043 0.31243 0.01169 0.00545 ( 1)
  26 P   0.67933 0.30353 0.01185 0.00529 ( 1)
  27 R   0.71083 0.27203 0.01240 0.00474 ( 1)
  28 A   0.27795 0.70491 0.00485 0.01229 ( 2)
  29 P   0.83999 0.14286 0.01465 0.00249 ( 1)
  30 S   0.76296 0.21990 0.01331 0.00384 ( 1)
  31 P   0.68243 0.30043 0.01190 0.00524 ( 1)
  32 L   0.71080 0.27206 0.01240 0.00474 ( 1)
  33 S   0.71892 0.26394 0.01254 0.00460 ( 1)
  34 G   0.26157 0.72129 0.00456 0.01258 ( 2)
  35 L   0.74844 0.23442 0.01305 0.00409 ( 1)
  36 A   0.77087 0.21198 0.01344 0.00370 ( 1)
  37 E   0.24971 0.73315 0.00436 0.01279 ( 2)
  38 P   0.73837 0.24449 0.01288 0.00426 ( 1)
  39 C   0.81095 0.17191 0.01414 0.00300 ( 1)
  40 S   0.76682 0.21604 0.01337 0.00377 ( 1)
  41 P   0.76076 0.22210 0.01327 0.00387 ( 1)
  42 L   0.25595 0.72690 0.00446 0.01268 ( 2)
  43 T   0.04223 0.94063 0.00074 0.01640 ( 2)
  44 T   0.83212 0.15074 0.01451 0.00263 ( 1)
  45 H   0.30034 0.68252 0.00524 0.01190 ( 2)
  46 P   0.26877 0.71408 0.00469 0.01245 ( 2)
  47 C   0.24343 0.73943 0.00425 0.01290 ( 2)
  48 A   0.72612 0.25673 0.01266 0.00448 ( 1)
  49 A   0.72186 0.26100 0.01259 0.00455 ( 1)
  50 W   0.67568 0.30718 0.01178 0.00536 ( 1)
  51 P   0.66943 0.31342 0.01168 0.00547 ( 1)
  52 Q   0.78569 0.19716 0.01370 0.00344 ( 1)
  53 A   0.70594 0.27692 0.01231 0.00483 ( 1)
  54 C   0.78361 0.19925 0.01367 0.00347 ( 1)
  55 S   0.74450 0.23836 0.01298 0.00416 ( 1)
  56 G   0.74318 0.23967 0.01296 0.00418 ( 1)
  57 L   0.66209 0.32077 0.01155 0.00559 ( 1)
  58 G   0.74318 0.23967 0.01296 0.00418 ( 1)
  59 P   0.69653 0.28633 0.01215 0.00499 ( 1)
  60 P   0.67017 0.31269 0.01169 0.00545 ( 1)
  61 A   0.72186 0.26100 0.01259 0.00455 ( 1)
  62 S   0.76296 0.21990 0.01331 0.00384 ( 1)
  63 P   0.75484 0.22802 0.01316 0.00398 ( 1)
  64 G   0.24126 0.74160 0.00421 0.01293 ( 2)
  65 L   0.67043 0.31243 0.01169 0.00545 ( 1)
  66 R   0.87765 0.10521 0.01531 0.00183 ( 1)
  67 G   0.80635 0.17650 0.01406 0.00308 ( 1)
  68 G   0.75590 0.23197 0.00898 0.00315 ( 1)
  69 G   0.79405 0.20136 0.00358 0.00101 ( 1)
  70 A   0.11417 0.39502 0.35212 0.13869 ( 2)
  71 P   0.70626 0.28977 0.00278 0.00119 ( 1)
  72 G   0.81398 0.18504 0.00078 0.00020 ( 1)
  73 E   0.04713 0.94378 0.00038 0.00870 ( 2)
  74 P   0.03062 0.91078 0.01277 0.04583 ( 2)
  75 G   0.81786 0.17760 0.00366 0.00089 ( 1)
  76 P   0.82228 0.17662 0.00088 0.00021 ( 1)
  77 V   0.00000 0.13749 0.00052 0.86199 ( 4)
  78 S   0.00003 0.00051 0.82464 0.17482 ( 3)
  79 P   0.71343 0.27547 0.00783 0.00328 ( 1)
  80 Q   0.00584 0.98836 0.00025 0.00555 ( 2)
  81 T   0.86869 0.13079 0.00045 0.00008 ( 1)
  82 E   0.79224 0.20534 0.00188 0.00054 ( 1)
  83 R   0.45358 0.54616 0.00011 0.00015 ( 2)
  84 L   0.69999 0.29815 0.00129 0.00057 ( 1)
  85 T   0.88181 0.11766 0.00045 0.00007 ( 1)
  86 A   0.83147 0.16771 0.00067 0.00016 ( 1)
  87 E   0.79781 0.19977 0.00189 0.00053 ( 1)
  88 Q   0.79258 0.20680 0.00048 0.00014 ( 1)
  89 I   0.37385 0.62562 0.00018 0.00035 ( 2)
  90 K   0.04553 0.95186 0.00011 0.00251 ( 2)
  91 E   0.29829 0.69916 0.00071 0.00184 ( 2)
  92 Y   0.80835 0.19103 0.00049 0.00013 ( 1)
  93 K   0.04904 0.94947 0.00006 0.00143 ( 2)
  94 G   0.82230 0.17659 0.00089 0.00022 ( 1)
  95 V   0.92380 0.07593 0.00024 0.00003 ( 1)
  96 S   0.23009 0.76859 0.00029 0.00103 ( 2)
  97 E   0.79224 0.20534 0.00188 0.00054 ( 1)
  98 M   0.81278 0.18601 0.00096 0.00025 ( 1)
  99 F   0.72862 0.27010 0.00092 0.00036 ( 1)
 100 D   0.84670 0.15297 0.00027 0.00006 ( 1)
 101 E   0.79386 0.20372 0.00189 0.00054 ( 1)
 102 E   0.30122 0.69623 0.00072 0.00183 ( 2)
 103 G   0.81166 0.18736 0.00078 0.00020 ( 1)
 104 N   0.89754 0.10203 0.00038 0.00005 ( 1)
 105 G   0.82692 0.17198 0.00089 0.00021 ( 1)
 106 A   0.83325 0.16593 0.00067 0.00015 ( 1)
 107 V   0.84400 0.15511 0.00074 0.00016 ( 1)
 108 K   0.37158 0.62699 0.00049 0.00094 ( 2)
 109 T   0.87052 0.12895 0.00045 0.00008 ( 1)
 110 D   0.82448 0.17433 0.00097 0.00023 ( 1)
 111 E   0.79386 0.20372 0.00189 0.00054 ( 1)
 112 L   0.69908 0.29906 0.00129 0.00057 ( 1)
 113 E   0.79386 0.20372 0.00189 0.00054 ( 1)
 114 R   0.90623 0.09359 0.00016 0.00002 ( 1)
 115 L   0.80557 0.19337 0.00084 0.00022 ( 1)
 116 M   0.05174 0.94694 0.00006 0.00126 ( 2)
 117 S   0.77609 0.22305 0.00066 0.00020 ( 1)
 118 L   0.70076 0.29739 0.00129 0.00057 ( 1)
 119 R   0.03394 0.96474 0.00004 0.00128 ( 2)
 120 G   0.81564 0.18338 0.00078 0.00020 ( 1)
 121 T   0.36795 0.63153 0.00018 0.00035 ( 2)
 122 N   0.89754 0.10203 0.00038 0.00005 ( 1)
 123 P   0.82076 0.17814 0.00088 0.00022 ( 1)
 124 A   0.49463 0.50494 0.00019 0.00024 ( 2)
 125 K   0.82844 0.17021 0.00109 0.00026 ( 1)
 126 S   0.47373 0.52586 0.00017 0.00023 ( 2)
 127 E   0.27479 0.62963 0.07441 0.02116 ( 2)
 128 L   0.70076 0.29739 0.00129 0.00057 ( 1)
 129 A   0.75343 0.21688 0.02246 0.00722 ( 1)
 130 S   0.82366 0.17540 0.00076 0.00018 ( 1)
 131 -   0.80383 0.19496 0.00095 0.00026 ( 1)
 132 -   0.27914 0.71939 0.00039 0.00108 ( 2)
 133 -   0.81908 0.17957 0.00108 0.00027 ( 1)
 134 D   0.34490 0.65383 0.00040 0.00087 ( 2)
 135 V   0.84400 0.15511 0.00074 0.00016 ( 1)
 136 D   0.82448 0.17433 0.00097 0.00023 ( 1)
 137 R   0.41035 0.58947 0.00007 0.00011 ( 2)
 138 E   0.05139 0.94729 0.00006 0.00126 ( 2)
 139 K   0.80923 0.18942 0.00107 0.00028 ( 1)
 140 K   0.45235 0.54748 0.00007 0.00010 ( 2)
 141 G   0.34282 0.65601 0.00037 0.00080 ( 2)
 142 F   0.79684 0.20213 0.00081 0.00023 ( 1)
 143 F   0.79684 0.20213 0.00081 0.00023 ( 1)
 144 N   0.89734 0.10102 0.00144 0.00020 ( 1)
 145 C   0.42896 0.56999 0.00042 0.00063 ( 2)
 146 K   0.05268 0.94600 0.00006 0.00126 ( 2)
 147 G   0.44288 0.55671 0.00016 0.00025 ( 2)
 148 F   0.79684 0.20213 0.00081 0.00023 ( 1)
 149 L   0.70076 0.29739 0.00129 0.00057 ( 1)
 150 A   0.83394 0.16524 0.00067 0.00015 ( 1)
 151 R   0.20654 0.79157 0.00038 0.00151 ( 2)
 152 M   0.33183 0.66689 0.00039 0.00088 ( 2)
 153 G   0.82967 0.16923 0.00089 0.00021 ( 1)
 154 V   0.84990 0.14921 0.00074 0.00015 ( 1)
 155 Y   0.32476 0.67458 0.00020 0.00046 ( 2)
 156 W   0.71186 0.28763 0.00036 0.00015 ( 1)
 157 E   0.79910 0.19848 0.00190 0.00052 ( 1)
 158 K   0.82689 0.17176 0.00109 0.00026 ( 1)
 159 A   0.76970 0.22888 0.00107 0.00035 ( 1)
 160 Q   0.79279 0.20660 0.00048 0.00014 ( 1)
 161 N   0.89596 0.10361 0.00038 0.00005 ( 1)
 162 Q   0.79279 0.20660 0.00048 0.00014 ( 1)
 163 E   0.79247 0.20511 0.00188 0.00054 ( 1)
 164 S   0.27033 0.72877 0.00023 0.00067 ( 2)
 165 E   0.79247 0.20511 0.00188 0.00054 ( 1)
 166 L   0.80413 0.19481 0.00084 0.00023 ( 1)
 167 R   0.94162 0.05813 0.00023 0.00002 ( 1)
 168 A   0.83169 0.16748 0.00067 0.00015 ( 1)
 169 A   0.76970 0.22888 0.00107 0.00035 ( 1)
 170 F   0.30078 0.69813 0.00030 0.00079 ( 2)
 171 R   0.88094 0.11882 0.00021 0.00003 ( 1)
 172 I   0.83656 0.16295 0.00040 0.00009 ( 1)
 173 F   0.79544 0.20353 0.00081 0.00023 ( 1)
 174 D   0.82295 0.17586 0.00096 0.00023 ( 1)
 175 K   0.82509 0.17356 0.00109 0.00026 ( 1)
 176 E   0.79247 0.20511 0.00188 0.00054 ( 1)
 177 G   0.05145 0.94748 0.00005 0.00102 ( 2)
 178 K   0.82689 0.17176 0.00109 0.00026 ( 1)
 179 G   0.81583 0.18319 0.00078 0.00020 ( 1)
 180 Y   0.80857 0.19080 0.00049 0.00013 ( 1)
 181 I   0.83289 0.16656 0.00044 0.00010 ( 1)
 182 D   0.82295 0.17586 0.00096 0.00023 ( 1)
 183 W   0.71186 0.28763 0.00036 0.00015 ( 1)
 184 G   0.05489 0.94378 0.00006 0.00126 ( 2)
 185 T   0.07749 0.92191 0.00004 0.00056 ( 2)
 186 L   0.04882 0.95002 0.00005 0.00111 ( 2)
 187 T   0.05925 0.93924 0.00008 0.00143 ( 2)
 188 Y   0.81553 0.18384 0.00050 0.00013 ( 1)
 189 V   0.84990 0.14921 0.00074 0.00015 ( 1)
 190 L   0.82214 0.17680 0.00085 0.00021 ( 1)
 191 T   0.00596 0.99271 0.00001 0.00133 ( 2)
 192 H   0.01487 0.98487 0.00000 0.00026 ( 2)
 193 A   0.83905 0.16012 0.00068 0.00015 ( 1)
 194 G   0.81719 0.18183 0.00078 0.00020 ( 1)
 195 E   0.79910 0.19848 0.00190 0.00052 ( 1)
 196 P   0.82642 0.17248 0.00089 0.00021 ( 1)
 197 L   0.81098 0.18796 0.00084 0.00022 ( 1)
 198 S   0.89278 0.10685 0.00032 0.00005 ( 1)
 199 E   0.79910 0.19848 0.00190 0.00052 ( 1)
 200 V   0.23233 0.76577 0.00043 0.00146 ( 2)
 201 E   0.79910 0.19848 0.00190 0.00052 ( 1)
 202 A   0.77565 0.22294 0.00107 0.00034 ( 1)
 203 E   0.30557 0.69189 0.00073 0.00182 ( 2)
 204 Q   0.31396 0.68539 0.00019 0.00046 ( 2)
 205 M   0.81833 0.18046 0.00097 0.00024 ( 1)
 206 M   0.81833 0.18046 0.00097 0.00024 ( 1)
 207 K   0.35541 0.64316 0.00047 0.00097 ( 2)
 208 E   0.88349 0.11630 0.00018 0.00003 ( 1)
 209 A   0.77565 0.22294 0.00107 0.00034 ( 1)
 210 D   0.35033 0.64840 0.00041 0.00086 ( 2)
 211 K   0.83421 0.16444 0.00110 0.00025 ( 1)
 212 D   0.37198 0.62767 0.00012 0.00023 ( 2)
 213 G   0.83266 0.16624 0.00089 0.00020 ( 1)
 214 D   0.35451 0.64421 0.00042 0.00086 ( 2)
 215 G   0.35731 0.64152 0.00038 0.00078 ( 2)
 216 T   0.90698 0.09262 0.00035 0.00004 ( 1)
 217 I   0.86668 0.13329 0.00003 0.00001 ( 1)
 218 D   0.83020 0.16861 0.00097 0.00022 ( 1)
 219 H   0.33343 0.66591 0.00020 0.00046 ( 2)
 220 E   0.79380 0.20378 0.00189 0.00054 ( 1)
 221 E   0.77681 0.22076 0.00184 0.00058 ( 1)
 222 F   0.77954 0.21942 0.00079 0.00025 ( 1)
 223 V   0.82406 0.17504 0.00072 0.00018 ( 1)
 224 A   0.75575 0.24284 0.00105 0.00037 ( 1)
 225 M   0.79445 0.20434 0.00094 0.00027 ( 1)
 226 M   0.79445 0.20434 0.00094 0.00027 ( 1)
 227 T   0.86775 0.13179 0.00039 0.00007 ( 1)
 228 G   0.80777 0.19113 0.00087 0.00023 ( 1)
 229 E   0.77681 0.22076 0.00184 0.00058 ( 1)
 230 S   0.80465 0.19440 0.00074 0.00020 ( 1)
 231 F   0.77954 0.21942 0.00079 0.00025 ( 1)
 232 K   0.80923 0.18942 0.00107 0.00028 ( 1)
 233 L   0.70415 0.29399 0.00130 0.00056 ( 1)
 234 V   0.93066 0.06907 0.00024 0.00002 ( 1)
 235 Q   0.00228 0.99705 0.00000 0.00067 ( 2)


lnL = -1773.274878

Bayes Empirical Bayes (BEB) probabilities for 4 classes (class)
(amino acids refer to 1st sequence: Egla)

   1 M   0.15086 0.69054 0.08392 0.07468 ( 2)
   2 V   0.16224 0.66791 0.09515 0.07470 ( 2)
   3 S   0.87983 0.10412 0.01412 0.00193 ( 1)
   4 L   0.34513 0.32219 0.28886 0.04382 ( 1)
   5 P   0.36890 0.31316 0.27897 0.03897 ( 1)
   6 W   0.40638 0.56344 0.01235 0.01783 ( 2)
   7 P   0.77426 0.18170 0.03573 0.00831 ( 1)
   8 H   0.88691 0.06905 0.04088 0.00316 ( 1)
   9 W   0.77131 0.18465 0.03560 0.00845 ( 1)
  10 L   0.76684 0.18911 0.03539 0.00865 ( 1)
  11 S   0.83998 0.11598 0.03874 0.00530 ( 1)
  12 S   0.85526 0.10070 0.03944 0.00460 ( 1)
  13 A   0.80789 0.14807 0.03727 0.00677 ( 1)
  14 A   0.80883 0.14713 0.03731 0.00673 ( 1)
  15 P   0.38934 0.56662 0.01806 0.02598 ( 2)
  16 L   0.76684 0.18911 0.03539 0.00865 ( 1)
  17 H   0.58431 0.37165 0.02703 0.01701 ( 1)
  18 S   0.84313 0.11283 0.03888 0.00516 ( 1)
  19 H   0.88691 0.06905 0.04088 0.00316 ( 1)
  20 M   0.47143 0.48452 0.02184 0.02220 ( 2)
  21 A   0.80789 0.14807 0.03727 0.00677 ( 1)
  22 G   0.47295 0.48301 0.02191 0.02213 ( 2)
  23 L   0.76684 0.18911 0.03539 0.00865 ( 1)
  24 P   0.83835 0.11761 0.03866 0.00538 ( 1)
  25 L   0.76684 0.18911 0.03539 0.00865 ( 1)
  26 P   0.77426 0.18170 0.03573 0.00831 ( 1)
  27 R   0.80022 0.15573 0.03692 0.00712 ( 1)
  28 A   0.49525 0.46071 0.02294 0.02110 ( 1)
  29 P   0.89139 0.06457 0.04109 0.00295 ( 1)
  30 S   0.83998 0.11598 0.03874 0.00530 ( 1)
  31 P   0.77688 0.17908 0.03585 0.00819 ( 1)
  32 L   0.80022 0.15574 0.03692 0.00712 ( 1)
  33 S   0.80643 0.14953 0.03720 0.00684 ( 1)
  34 G   0.47334 0.48262 0.02193 0.02211 ( 2)
  35 L   0.82927 0.12669 0.03825 0.00579 ( 1)
  36 A   0.84563 0.11033 0.03900 0.00504 ( 1)
  37 E   0.45691 0.49905 0.02118 0.02287 ( 2)
  38 P   0.82163 0.13433 0.03790 0.00614 ( 1)
  39 C   0.87302 0.08294 0.04025 0.00379 ( 1)
  40 S   0.84277 0.11319 0.03886 0.00518 ( 1)
  41 P   0.83835 0.11761 0.03866 0.00538 ( 1)
  42 L   0.46587 0.49009 0.02159 0.02245 ( 2)
  43 T   0.16618 0.78978 0.00774 0.03630 ( 2)
  44 T   0.88651 0.06945 0.04087 0.00318 ( 1)
  45 H   0.52381 0.43215 0.02425 0.01979 ( 1)
  46 P   0.48314 0.47282 0.02238 0.02166 ( 1)
  47 C   0.44864 0.50732 0.02079 0.02325 ( 2)
  48 A   0.81217 0.14379 0.03747 0.00658 ( 1)
  49 A   0.80883 0.14713 0.03731 0.00673 ( 1)
  50 W   0.77131 0.18465 0.03560 0.00845 ( 1)
  51 P   0.76585 0.19011 0.03535 0.00870 ( 1)
  52 Q   0.85604 0.09992 0.03947 0.00457 ( 1)
  53 A   0.79615 0.15980 0.03673 0.00731 ( 1)
  54 C   0.85461 0.10135 0.03941 0.00463 ( 1)
  55 S   0.82633 0.12963 0.03811 0.00593 ( 1)
  56 G   0.82526 0.13070 0.03806 0.00598 ( 1)
  57 L   0.75966 0.19630 0.03506 0.00898 ( 1)
  58 G   0.82526 0.13070 0.03806 0.00598 ( 1)
  59 P   0.78853 0.16743 0.03638 0.00766 ( 1)
  60 P   0.76635 0.18961 0.03537 0.00867 ( 1)
  61 A   0.80883 0.14713 0.03731 0.00673 ( 1)
  62 S   0.83998 0.11598 0.03874 0.00530 ( 1)
  63 P   0.83400 0.12196 0.03846 0.00558 ( 1)
  64 G   0.44508 0.51088 0.02063 0.02341 ( 2)
  65 L   0.76684 0.18911 0.03539 0.00865 ( 1)
  66 R   0.91281 0.04315 0.04207 0.00197 ( 1)
  67 G   0.86992 0.08604 0.04011 0.00393 ( 1)
  68 G   0.84722 0.12658 0.02232 0.00388 ( 1)
  69 G   0.87737 0.10384 0.01657 0.00222 ( 1)
  70 A   0.23899 0.31290 0.37377 0.07433 ( 3)
  71 P   0.79966 0.16943 0.02530 0.00562 ( 1)
  72 G   0.88949 0.09237 0.01621 0.00192 ( 1)
  73 E   0.18566 0.79213 0.00375 0.01847 ( 2)
  74 P   0.10413 0.69318 0.09074 0.11195 ( 2)
  75 G   0.89349 0.08774 0.01689 0.00188 ( 1)
  76 P   0.89675 0.08675 0.01485 0.00166 ( 1)
  77 V   0.00022 0.33702 0.00766 0.65511 ( 4)
  78 S   0.00592 0.02448 0.88544 0.08416 ( 3)
  79 P   0.81516 0.16085 0.01972 0.00426 ( 1)
  80 Q   0.04570 0.86363 0.01747 0.07320 ( 2)
  81 T   0.93058 0.05831 0.01032 0.00079 ( 1)
  82 E   0.87205 0.10639 0.01897 0.00260 ( 1)
  83 R   0.70148 0.28829 0.00678 0.00346 ( 1)
  84 L   0.79333 0.17563 0.02524 0.00581 ( 1)
  85 T   0.93813 0.05078 0.01040 0.00069 ( 1)
  86 A   0.90405 0.08102 0.01351 0.00142 ( 1)
  87 E   0.87586 0.10258 0.01905 0.00250 ( 1)
  88 Q   0.87422 0.10715 0.01638 0.00225 ( 1)
  89 I   0.61893 0.36635 0.00870 0.00602 ( 1)
  90 K   0.17873 0.79777 0.00394 0.01955 ( 2)
  91 E   0.52621 0.45126 0.01151 0.01103 ( 1)
  92 Y   0.88603 0.09638 0.01564 0.00194 ( 1)
  93 K   0.19208 0.78969 0.00318 0.01505 ( 2)
  94 G   0.89706 0.08688 0.01443 0.00162 ( 1)
  95 V   0.96448 0.02880 0.00646 0.00026 ( 1)
  96 S   0.43131 0.54090 0.01195 0.01584 ( 2)
  97 E   0.87205 0.10639 0.01897 0.00260 ( 1)
  98 M   0.88896 0.09306 0.01606 0.00192 ( 1)
  99 F   0.81945 0.15350 0.02257 0.00449 ( 1)
 100 D   0.91539 0.07185 0.01166 0.00110 ( 1)
 101 E   0.87321 0.10523 0.01899 0.00257 ( 1)
 102 E   0.52995 0.44752 0.01159 0.01094 ( 1)
 103 G   0.88794 0.09392 0.01618 0.00196 ( 1)
 104 N   0.94872 0.04221 0.00858 0.00049 ( 1)
 105 G   0.90016 0.08380 0.01448 0.00157 ( 1)
 106 A   0.90522 0.07986 0.01353 0.00140 ( 1)
 107 V   0.91274 0.07302 0.01300 0.00123 ( 1)
 108 K   0.61497 0.36794 0.01010 0.00699 ( 1)
 109 T   0.93167 0.05722 0.01033 0.00078 ( 1)
 110 D   0.89759 0.08537 0.01535 0.00169 ( 1)
 111 E   0.87321 0.10523 0.01899 0.00257 ( 1)
 112 L   0.79257 0.17638 0.02521 0.00583 ( 1)
 113 E   0.87321 0.10523 0.01899 0.00257 ( 1)
 114 R   0.95424 0.03767 0.00769 0.00040 ( 1)
 115 L   0.88399 0.09788 0.01611 0.00203 ( 1)
 116 M   0.20103 0.77915 0.00368 0.01614 ( 2)
 117 S   0.85764 0.11858 0.02065 0.00313 ( 1)
 118 L   0.79397 0.17499 0.02526 0.00579 ( 1)
 119 R   0.13747 0.84254 0.00252 0.01746 ( 2)
 120 G   0.89063 0.09124 0.01623 0.00190 ( 1)
 121 T   0.61250 0.37276 0.00861 0.00613 ( 1)
 122 N   0.94872 0.04221 0.00858 0.00049 ( 1)
 123 P   0.89573 0.08776 0.01483 0.00168 ( 1)
 124 A   0.73875 0.25233 0.00621 0.00272 ( 1)
 125 K   0.90094 0.08276 0.01473 0.00157 ( 1)
 126 S   0.71939 0.27052 0.00685 0.00324 ( 1)
 127 E   0.36575 0.30256 0.29200 0.03969 ( 1)
 128 L   0.79397 0.17499 0.02526 0.00579 ( 1)
 129 A   0.86122 0.11906 0.01705 0.00267 ( 1)
 130 S   0.89808 0.08592 0.01441 0.00160 ( 1)
 131 -   0.88283 0.09917 0.01595 0.00205 ( 1)
 132 -   0.50126 0.47551 0.01140 0.01183 ( 1)
 133 -   0.89474 0.08894 0.01463 0.00169 ( 1)
 134 D   0.58457 0.39751 0.01005 0.00787 ( 1)
 135 V   0.91274 0.07302 0.01300 0.00123 ( 1)
 136 D   0.89759 0.08537 0.01535 0.00169 ( 1)
 137 R   0.65739 0.33019 0.00771 0.00471 ( 1)
 138 E   0.19986 0.78117 0.00347 0.01551 ( 2)
 139 K   0.88814 0.09553 0.01452 0.00182 ( 1)
 140 K   0.69935 0.28965 0.00727 0.00373 ( 1)
 141 G   0.58311 0.39999 0.00942 0.00747 ( 1)
 142 F   0.87718 0.10385 0.01674 0.00223 ( 1)
 143 F   0.87718 0.10385 0.01674 0.00223 ( 1)
 144 N   0.94859 0.04174 0.00915 0.00052 ( 1)
 145 C   0.67476 0.30977 0.01009 0.00538 ( 1)
 146 K   0.20423 0.77680 0.00354 0.01542 ( 2)
 147 G   0.69120 0.29863 0.00659 0.00358 ( 1)
 148 F   0.87718 0.10385 0.01674 0.00223 ( 1)
 149 L   0.79397 0.17499 0.02526 0.00579 ( 1)
 150 A   0.90567 0.07941 0.01353 0.00139 ( 1)
 151 R   0.39444 0.57391 0.01263 0.01902 ( 2)
 152 M   0.56908 0.41208 0.01033 0.00851 ( 1)
 153 G   0.90195 0.08201 0.01451 0.00153 ( 1)
 154 V   0.91644 0.06933 0.01306 0.00117 ( 1)
 155 Y   0.56097 0.42061 0.00996 0.00847 ( 1)
 156 W   0.80352 0.16693 0.02428 0.00527 ( 1)
 157 E   0.87689 0.10156 0.01907 0.00248 ( 1)
 158 K   0.89993 0.08377 0.01471 0.00159 ( 1)
 159 A   0.85471 0.12291 0.01933 0.00306 ( 1)
 160 Q   0.87438 0.10699 0.01638 0.00225 ( 1)
 161 N   0.94787 0.04307 0.00857 0.00050 ( 1)
 162 Q   0.87438 0.10699 0.01638 0.00225 ( 1)
 163 E   0.87223 0.10620 0.01897 0.00259 ( 1)
 164 S   0.48845 0.48687 0.01183 0.01285 ( 1)
 165 E   0.87223 0.10620 0.01897 0.00259 ( 1)
 166 L   0.88299 0.09888 0.01609 0.00205 ( 1)
 167 R   0.97426 0.02047 0.00511 0.00015 ( 1)
 168 A   0.90421 0.08087 0.01351 0.00141 ( 1)
 169 A   0.85471 0.12291 0.01933 0.00306 ( 1)
 170 F   0.53112 0.44903 0.01019 0.00966 ( 1)
 171 R   0.93892 0.05143 0.00904 0.00062 ( 1)
 172 I   0.90802 0.07800 0.01270 0.00128 ( 1)
 173 F   0.87619 0.10483 0.01672 0.00225 ( 1)
 174 D   0.89658 0.08637 0.01533 0.00171 ( 1)
 175 K   0.89873 0.08496 0.01469 0.00162 ( 1)
 176 E   0.87223 0.10620 0.01897 0.00259 ( 1)
 177 G   0.20005 0.77997 0.00370 0.01628 ( 2)
 178 K   0.89993 0.08377 0.01471 0.00159 ( 1)
 179 G   0.89074 0.09113 0.01623 0.00190 ( 1)
 180 Y   0.88620 0.09622 0.01565 0.00194 ( 1)
 181 I   0.90569 0.08029 0.01269 0.00132 ( 1)
 182 D   0.89658 0.08637 0.01533 0.00171 ( 1)
 183 W   0.80352 0.16693 0.02428 0.00527 ( 1)
 184 G   0.21166 0.76934 0.00367 0.01533 ( 2)
 185 T   0.28452 0.70272 0.00320 0.00957 ( 2)
 186 L   0.19117 0.78888 0.00353 0.01641 ( 2)
 187 T   0.22612 0.75560 0.00375 0.01453 ( 2)
 188 Y   0.89094 0.09149 0.01573 0.00184 ( 1)
 189 V   0.91644 0.06933 0.01306 0.00117 ( 1)
 190 L   0.89518 0.08672 0.01631 0.00180 ( 1)
 191 T   0.05084 0.92888 0.00094 0.01934 ( 2)
 192 H   0.12150 0.86876 0.00096 0.00878 ( 2)
 193 A   0.90896 0.07613 0.01358 0.00133 ( 1)
 194 G   0.89168 0.09019 0.01625 0.00188 ( 1)
 195 E   0.87689 0.10156 0.01907 0.00248 ( 1)
 196 P   0.89948 0.08402 0.01489 0.00161 ( 1)
 197 L   0.88770 0.09418 0.01617 0.00195 ( 1)
 198 S   0.94563 0.04485 0.00898 0.00054 ( 1)
 199 E   0.87689 0.10156 0.01907 0.00248 ( 1)
 200 V   0.43321 0.53520 0.01386 0.01773 ( 2)
 201 E   0.87689 0.10156 0.01907 0.00248 ( 1)
 202 A   0.85907 0.11855 0.01943 0.00295 ( 1)
 203 E   0.53537 0.44212 0.01171 0.01080 ( 1)
 204 Q   0.54734 0.43314 0.01032 0.00919 ( 1)
 205 M   0.89271 0.08932 0.01612 0.00185 ( 1)
 206 M   0.89271 0.08932 0.01612 0.00185 ( 1)
 207 K   0.59707 0.38578 0.00981 0.00734 ( 1)
 208 E   0.93890 0.05000 0.01042 0.00069 ( 1)
 209 A   0.85907 0.11855 0.01943 0.00295 ( 1)
 210 D   0.59098 0.39112 0.01016 0.00774 ( 1)
 211 K   0.90470 0.07901 0.01479 0.00150 ( 1)
 212 D   0.61729 0.36917 0.00790 0.00564 ( 1)
 213 G   0.90391 0.08005 0.01454 0.00150 ( 1)
 214 D   0.59537 0.38674 0.01023 0.00766 ( 1)
 215 G   0.59961 0.38354 0.00969 0.00716 ( 1)
 216 T   0.95446 0.03714 0.00799 0.00040 ( 1)
 217 I   0.93393 0.06004 0.00556 0.00047 ( 1)
 218 D   0.90135 0.08162 0.01541 0.00162 ( 1)
 219 H   0.57116 0.41044 0.01013 0.00826 ( 1)
 220 E   0.87316 0.10528 0.01899 0.00257 ( 1)
 221 E   0.86107 0.11733 0.01873 0.00287 ( 1)
 222 F   0.86487 0.11613 0.01651 0.00250 ( 1)
 223 V   0.89989 0.08584 0.01282 0.00145 ( 1)
 224 A   0.84431 0.13328 0.01909 0.00331 ( 1)
 225 M   0.87634 0.10565 0.01583 0.00218 ( 1)
 226 M   0.87634 0.10565 0.01583 0.00218 ( 1)
 227 T   0.93116 0.05893 0.00918 0.00073 ( 1)
 228 G   0.88734 0.09658 0.01427 0.00180 ( 1)
 229 E   0.86107 0.11733 0.01873 0.00287 ( 1)
 230 S   0.88525 0.09871 0.01420 0.00183 ( 1)
 231 F   0.86487 0.11613 0.01651 0.00250 ( 1)
 232 K   0.88814 0.09553 0.01452 0.00182 ( 1)
 233 L   0.79663 0.17233 0.02534 0.00570 ( 1)
 234 V   0.96779 0.02550 0.00648 0.00023 ( 1)
 235 Q   0.02117 0.95817 0.00041 0.02026 ( 2)

