Supplemental results for CODEML (seqf: /home/leticiamagpali/phd/evol_models/codeml/small_dataset/cml_align/MYH2_codon_aligned.phy  treef: /home/leticiamagpali/phd/evol_models/codeml/small_dataset/cml_trees/H3_trees/MYH2_tree_H3.tre)

I	J	ij	2Ns_IJ	pMut_IJ	pSub_IJ	2Ns_JI	pMut_JI	pSub_JI

TTC	TTT	CT	-0.90406	0.04922	0.03028	0.90406	0.01993	0.03028
TTA	TTT	AT	9.06024	0.00000	0.00000	-9.06024	0.00523	0.00001
TTA	TTC	AC	9.96430	0.00000	0.00000	-9.96430	0.01481	0.00001
TTG	TTT	GT	1.51038	0.00286	0.00554	-1.51038	0.01293	0.00554
TTG	TTC	GC	2.41444	0.00327	0.00868	-2.41444	0.03661	0.00868
TTG	TTA	GA	-7.54986	0.00420	0.00002	7.54986	0.00000	0.00000
TCT	TTT	CT	1.26544	0.00562	0.00991	-1.26544	0.01993	0.00991
TCC	TTC	CT	0.68434	0.02846	0.03930	-0.68434	0.05643	0.03930
TCC	TCT	CT	-1.48515	0.02846	0.01238	1.48515	0.00645	0.01238
TCA	TTA	CT	-8.61259	0.00848	0.00001	8.61259	0.00000	0.00000
TCA	TCT	AT	-0.81779	0.00383	0.00248	0.81779	0.00169	0.00248
TCA	TCC	AC	0.66737	0.00439	0.00602	-0.66737	0.00857	0.00602
TCG	TTG	CT	0.71341	0.00355	0.00496	-0.71341	0.00724	0.00496
TCG	TCT	GT	0.95835	0.00160	0.00249	-0.95835	0.00418	0.00249
TCG	TCC	GC	2.44351	0.00184	0.00492	-2.44351	0.02117	0.00492
TCG	TCA	GA	1.77614	0.00236	0.00505	-1.77614	0.01394	0.00505
TAT	TTT	AT	0.45345	0.00333	0.00414	-0.45345	0.00523	0.00414
TAT	TCT	AC	-0.81199	0.00381	0.00247	0.81199	0.00169	0.00247
TAC	TTC	AT	0.30546	0.01091	0.01267	-0.30546	0.01481	0.01267
TAC	TCC	AC	-0.37888	0.01251	0.01029	0.37888	0.00857	0.01029
TAC	TAT	CT	-1.05204	0.02414	0.01363	1.05204	0.00843	0.01363
TGT	TTT	GT	4.70223	0.00012	0.00056	-4.70223	0.01293	0.00056
TGT	TCT	GC	3.43679	0.00013	0.00048	-3.43679	0.00418	0.00048
TGT	TAT	GA	4.24878	0.00017	0.00074	-4.24878	0.01209	0.00074
TGC	TTC	GT	1.86468	0.00567	0.01252	-1.86468	0.03661	0.01252
TGC	TCC	GC	1.18034	0.00650	0.01108	-1.18034	0.02117	0.01108
TGC	TAC	GA	1.55922	0.00835	0.01648	-1.55922	0.03970	0.01648
TGC	TGT	CT	-3.74160	0.01254	0.00114	3.74160	0.00030	0.00114
TGG	TTG	GT	-0.16076	0.00552	0.00508	0.16076	0.00470	0.00508
TGG	TCG	GC	-0.87417	0.00632	0.00396	0.87417	0.00264	0.00396
TGG	TGT	GT	-3.35261	0.00552	0.00067	3.35261	0.00019	0.00067
TGG	TGC	GC	0.38899	0.00632	0.00763	-0.38899	0.00933	0.00763
CTT	TTT	CT	1.48858	0.00450	0.00865	-1.48858	0.01993	0.00865
CTC	TTC	CT	0.73420	0.02708	0.03822	-0.73420	0.05643	0.03822
CTC	CTT	CT	-1.65844	0.02708	0.01056	1.65844	0.00516	0.01056
CTA	TTA	CT	-7.99792	0.00459	0.00001	7.99792	0.00000	0.00000
CTA	CTT	AT	-0.42625	0.00207	0.00166	0.42625	0.00135	0.00166
CTA	CTC	AC	1.23219	0.00238	0.00413	-1.23219	0.00815	0.00413
CTG	TTG	CT	-2.69670	0.10736	0.02093	2.69670	0.00724	0.02093
CTG	CTT	GT	-2.67489	0.04855	0.00961	2.67489	0.00335	0.00961
CTG	CTC	GC	-1.01645	0.05565	0.03208	1.01645	0.02014	0.03208
CTG	CTA	GA	-2.24864	0.07145	0.01896	2.24864	0.00754	0.01896
CCT	TCT	CT	1.42053	0.00156	0.00292	-1.42053	0.00645	0.00292
CCT	CTT	CT	1.19739	0.00156	0.00267	-1.19739	0.00516	0.00267
CCC	TCC	CT	0.70683	0.01609	0.02244	-0.70683	0.03263	0.02244
CCC	CTC	CT	0.65697	0.01609	0.02195	-0.65697	0.03104	0.02195
CCC	CCT	CT	-2.19886	0.01609	0.00441	2.19886	0.00178	0.00441
CCA	TCA	CT	0.71415	0.00476	0.00666	-0.71415	0.00972	0.00666
CCA	CTA	CT	0.09948	0.00476	0.00500	-0.09948	0.00526	0.00500
CCA	CCT	AT	-1.52417	0.00215	0.00091	1.52417	0.00047	0.00091
CCA	CCC	AC	0.67469	0.00247	0.00339	-0.67469	0.00484	0.00339
CCG	TCG	CT	-0.85039	0.00952	0.00604	0.85039	0.00407	0.00604
CCG	CTG	CT	2.55971	0.00952	0.02640	-2.55971	0.12306	0.02640
CCG	CCT	GT	-1.31257	0.00430	0.00208	1.31257	0.00116	0.00208
CCG	CCC	GC	0.88629	0.00493	0.00744	-0.88629	0.01197	0.00744
CCG	CCA	GA	0.21160	0.00633	0.00703	-0.21160	0.00783	0.00703
CAT	TAT	CT	2.09426	0.00104	0.00248	-2.09426	0.00843	0.00248
CAT	CTT	AT	1.05913	0.00047	0.00076	-1.05913	0.00135	0.00076
CAT	CCT	AC	-0.13826	0.00054	0.00050	0.13826	0.00047	0.00050
CAC	TAC	CT	0.19558	0.02275	0.02505	-0.19558	0.02767	0.02505
CAC	CTC	AT	-0.23316	0.01029	0.00914	0.23316	0.00815	0.00914
CAC	CCC	AC	-0.89013	0.01179	0.00731	0.89013	0.00484	0.00731
CAC	CAT	CT	-2.95073	0.02275	0.00371	2.95073	0.00119	0.00371
CAA	CTA	AT	-1.00126	0.00376	0.00218	1.00126	0.00138	0.00218
CAA	CCA	AC	-1.10074	0.00430	0.00236	1.10074	0.00143	0.00236
CAA	CAT	AT	-2.48665	0.00376	0.00085	2.48665	0.00031	0.00085
CAA	CAC	AC	0.46408	0.00430	0.00538	-0.46408	0.00685	0.00538
CAG	CTG	AT	0.24412	0.02531	0.02852	-0.24412	0.03231	0.02852
CAG	CCG	AC	-2.31559	0.02901	0.00736	2.31559	0.00286	0.00736
CAG	CAT	GT	-3.48990	0.02531	0.00278	3.48990	0.00077	0.00278
CAG	CAC	GC	-0.53917	0.02901	0.02189	0.53917	0.01692	0.02189
CAG	CAA	GA	-1.00325	0.03725	0.02164	1.00325	0.01366	0.02164
CGT	TGT	CT	-2.09707	0.00242	0.00071	2.09707	0.00030	0.00071
CGT	CTT	GT	1.11658	0.00110	0.00182	-1.11658	0.00335	0.00182
CGT	CCT	GC	-0.08081	0.00126	0.00121	0.08081	0.00116	0.00121
CGT	CAT	GA	0.05745	0.00161	0.00166	-0.05745	0.00171	0.00166
CGC	TGC	CT	-0.52866	0.02440	0.01851	0.52866	0.01438	0.01851
CGC	CTC	GT	0.60183	0.01103	0.01468	-0.60183	0.02014	0.01468
CGC	CCC	GC	-0.05514	0.01265	0.01230	0.05514	0.01197	0.01230
CGC	CAC	GA	0.83499	0.01624	0.02395	-0.83499	0.03742	0.02395
CGC	CGT	CT	-2.17318	0.02440	0.00681	2.17318	0.00278	0.00681
CGA	CTA	GT	0.15034	0.00293	0.00316	-0.15034	0.00341	0.00316
CGA	CCA	GC	0.05086	0.00336	0.00345	-0.05086	0.00354	0.00345
CGA	CAA	GA	1.15160	0.00432	0.00727	-1.15160	0.01366	0.00727
CGA	CGT	AT	-1.39249	0.00293	0.00135	1.39249	0.00073	0.00135
CGA	CGC	AC	0.78069	0.00336	0.00484	-0.78069	0.00734	0.00484
CGG	TGG	CT	0.06800	0.01306	0.01351	-0.06800	0.01398	0.01351
CGG	CTG	GT	2.60393	0.00591	0.01661	-2.60393	0.07984	0.01661
CGG	CCG	GC	0.04422	0.00677	0.00692	-0.04422	0.00708	0.00692
CGG	CAG	GA	2.35981	0.00869	0.02265	-2.35981	0.09206	0.02265
CGG	CGT	GT	-1.18754	0.00591	0.00308	1.18754	0.00180	0.00308
CGG	CGC	GC	0.98565	0.00677	0.01065	-0.98565	0.01814	0.01065
CGG	CGA	GA	0.20495	0.00869	0.00961	-0.20495	0.01067	0.00961
ATT	TTT	AT	-0.49297	0.00857	0.00663	0.49297	0.00523	0.00663
ATT	CTT	AC	-1.98155	0.00982	0.00311	1.98155	0.00135	0.00311
ATC	TTC	AT	-0.55557	0.02582	0.01931	0.55557	0.01481	0.01931
ATC	CTC	AC	-1.28976	0.02960	0.01450	1.28976	0.00815	0.01450
ATC	ATT	CT	-0.96665	0.05710	0.03388	0.96665	0.02172	0.03388
ATA	TTA	AT	-9.02570	0.00336	0.00000	9.02570	0.00000	0.00000
ATA	CTA	AC	-1.02778	0.00386	0.00221	1.02778	0.00138	0.00221
ATA	ATT	AT	0.52752	0.00336	0.00433	-0.52752	0.00570	0.00433
ATA	ATC	AC	1.49417	0.00386	0.00743	-1.49417	0.01718	0.00743
ATG	TTG	AT	-2.40832	0.02112	0.00503	2.40832	0.00190	0.00503
ATG	CTG	AC	0.28838	0.02421	0.02787	-0.28838	0.03231	0.02787
ATG	ATT	GT	-0.40496	0.02112	0.01713	0.40496	0.01409	0.01713
ATG	ATC	GC	0.56169	0.02421	0.03165	-0.56169	0.04246	0.03165
ATG	ATA	GA	-0.93248	0.03109	0.01882	0.93248	0.01224	0.01882
ACT	TCT	AT	-0.77611	0.00368	0.00243	0.77611	0.00169	0.00243
ACT	CCT	AC	-2.19665	0.00422	0.00116	2.19665	0.00047	0.00116
ACT	ATT	CT	0.98230	0.00813	0.01277	-0.98230	0.02172	0.01277
ACC	TCC	AT	-0.37947	0.01252	0.01029	0.37947	0.00857	0.01029
ACC	CCC	AC	-1.08630	0.01435	0.00794	1.08630	0.00484	0.00794
ACC	ATC	CT	0.86044	0.02768	0.04128	-0.86044	0.06545	0.04128
ACC	ACT	CT	-1.08851	0.02768	0.01530	1.08851	0.00932	0.01530
ACA	TCA	AT	-0.56717	0.00450	0.00334	0.56717	0.00255	0.00334
ACA	CCA	AC	-1.28132	0.00516	0.00254	1.28132	0.00143	0.00254
ACA	ATA	CT	-0.15407	0.00995	0.00920	0.15407	0.00853	0.00920
ACA	ACT	AT	-0.60884	0.00450	0.00327	0.60884	0.00245	0.00327
ACA	ACC	AC	0.47966	0.00516	0.00649	-0.47966	0.00833	0.00649
ACG	TCG	AT	-1.68407	0.00575	0.00221	1.68407	0.00107	0.00221
ACG	CCG	AC	-0.83368	0.00659	0.00422	0.83368	0.00286	0.00422
ACG	ATG	CT	1.43765	0.01272	0.02398	-1.43765	0.05355	0.02398
ACG	ACT	GT	0.05040	0.00575	0.00590	-0.05040	0.00605	0.00590
ACG	ACC	GC	1.13891	0.00659	0.01104	-1.13891	0.02059	0.01104
ACG	ACA	GA	0.65924	0.00846	0.01156	-0.65924	0.01636	0.01156
AAT	TAT	AT	-0.04209	0.00231	0.00226	0.04209	0.00221	0.00226
AAT	CAT	AC	-2.13636	0.00265	0.00076	2.13636	0.00031	0.00076
AAT	ATT	AT	0.90433	0.00231	0.00351	-0.90433	0.00570	0.00351
AAT	ACT	AC	-0.07797	0.00265	0.00254	0.07797	0.00245	0.00254
AAC	TAC	AT	-1.37450	0.02871	0.01336	1.37450	0.00726	0.01336
AAC	CAC	AC	-1.57008	0.03291	0.01357	1.57008	0.00685	0.01357
AAC	ATC	AT	-0.51348	0.02871	0.02197	0.51348	0.01718	0.02197
AAC	ACC	AC	-1.37391	0.03291	0.01532	1.37391	0.00833	0.01532
AAC	AAT	CT	-2.38445	0.06350	0.01537	2.38445	0.00585	0.01537
AAA	CAA	AC	-1.45165	0.01067	0.00474	1.45165	0.00250	0.00474
AAA	ATA	AT	-1.42513	0.00931	0.00420	1.42513	0.00224	0.00420
AAA	ACA	AC	-1.27106	0.01067	0.00529	1.27106	0.00299	0.00529
AAA	AAT	AT	-1.80194	0.00931	0.00331	1.80194	0.00154	0.00331
AAA	AAC	AC	0.58251	0.01067	0.01408	-0.58251	0.01911	0.01408
AAG	CAG	AC	-1.32768	0.06354	0.03043	1.32768	0.01684	0.03043
AAG	ATG	AT	-1.37193	0.05543	0.02584	1.37193	0.01406	0.02584
AAG	ACG	AC	-2.80959	0.06354	0.01144	2.80959	0.00383	0.01144
AAG	AAT	GT	-2.68122	0.05543	0.01093	2.68122	0.00380	0.01093
AAG	AAC	GC	-0.29677	0.06354	0.05458	0.29677	0.04722	0.05458
AAG	AAA	GA	-0.87928	0.08158	0.05090	0.87928	0.03386	0.05090
AGT	TGT	AT	-1.10035	0.00023	0.00013	1.10035	0.00008	0.00013
AGT	CGT	AC	0.99672	0.00027	0.00043	-0.99672	0.00073	0.00043
AGT	ATT	GT	4.09485	0.00023	0.00098	-4.09485	0.01409	0.00098
AGT	ACT	GC	3.11256	0.00027	0.00088	-3.11256	0.00605	0.00088
AGT	AAT	GA	3.19052	0.00035	0.00115	-3.19052	0.00839	0.00115
AGC	TGC	AT	-0.53034	0.00642	0.00486	0.53034	0.00377	0.00486
AGC	CGC	AC	-0.00168	0.00735	0.00735	0.00168	0.00734	0.00735
AGC	ATC	GT	1.88991	0.00642	0.01428	-1.88991	0.04246	0.01428
AGC	ACC	GC	1.02947	0.00735	0.01178	-1.02947	0.02059	0.01178
AGC	AAC	GA	2.40339	0.00944	0.02495	-2.40339	0.10444	0.02495
AGC	AGT	CT	-3.17159	0.01419	0.00197	3.17159	0.00059	0.00197
AGA	CGA	AC	-0.35337	0.00278	0.00232	0.35337	0.00195	0.00232
AGA	ATA	GT	0.82475	0.00243	0.00356	-0.82475	0.00553	0.00356
AGA	ACA	GC	0.97882	0.00278	0.00436	-0.97882	0.00740	0.00436
AGA	AAA	GA	2.24988	0.00357	0.00898	-2.24988	0.03386	0.00898
AGA	AGT	AT	-2.74258	0.00243	0.00046	2.74258	0.00016	0.00046
AGA	AGC	AC	0.42901	0.00278	0.00342	-0.42901	0.00427	0.00342
AGG	TGG	AT	-0.42129	0.00559	0.00450	0.42129	0.00367	0.00450
AGG	CGG	AC	-0.48929	0.00641	0.00497	0.48929	0.00393	0.00497
AGG	ATG	GT	1.82626	0.00559	0.01218	-1.82626	0.03474	0.01218
AGG	ACG	GC	0.38861	0.00641	0.00774	-0.38861	0.00946	0.00774
AGG	AAG	GA	3.19820	0.00823	0.02745	-3.19820	0.20161	0.02745
AGG	AGT	GT	-2.67355	0.00559	0.00111	2.67355	0.00039	0.00111
AGG	AGC	GC	0.49804	0.00641	0.00814	-0.49804	0.01055	0.00814
AGG	AGA	GA	0.06903	0.00823	0.00852	-0.06903	0.00882	0.00852
GTT	TTT	GT	3.16179	0.00055	0.00181	-3.16179	0.01293	0.00181
GTT	CTT	GC	1.67321	0.00063	0.00129	-1.67321	0.00335	0.00129
GTT	ATT	GA	3.65476	0.00081	0.00302	-3.65476	0.03116	0.00302
GTC	TTC	GT	1.98161	0.00505	0.01160	-1.98161	0.03661	0.01160
GTC	CTC	GC	1.24741	0.00578	0.01012	-1.24741	0.02014	0.01012
GTC	ATC	GA	2.53717	0.00743	0.02046	-2.53717	0.09391	0.02046
GTC	GTT	CT	-2.08424	0.01116	0.00330	2.08424	0.00139	0.00330
GTA	TTA	GT	-6.99881	0.00110	0.00001	6.99881	0.00000	0.00000
GTA	CTA	GC	0.99911	0.00126	0.00199	-0.99911	0.00341	0.00199
GTA	ATA	GA	2.02689	0.00161	0.00376	-2.02689	0.01224	0.00376
GTA	GTT	AT	-1.10035	0.00110	0.00060	1.10035	0.00036	0.00060
GTA	GTC	AC	0.98388	0.00126	0.00197	-0.98388	0.00336	0.00197
GTG	TTG	GT	-1.07847	0.01381	0.00768	1.07847	0.00470	0.00768
GTG	CTG	GC	1.61822	0.01583	0.03195	-1.61822	0.07984	0.03195
GTG	ATG	GA	1.32985	0.02032	0.03675	-1.32985	0.07683	0.03675
GTG	GTT	GT	-2.72987	0.01381	0.00263	2.72987	0.00090	0.00263
GTG	GTC	GC	-0.64564	0.01583	0.01127	0.64564	0.00830	0.01127
GTG	GTA	GA	-1.62952	0.02032	0.00807	1.62952	0.00398	0.00807
GCT	TCT	GT	-0.47557	0.00673	0.00525	0.47557	0.00418	0.00525
GCT	CCT	GC	-1.89610	0.00771	0.00258	1.89610	0.00116	0.00258
GCT	ACT	GA	0.30055	0.00990	0.01147	-0.30055	0.01337	0.01147
GCT	GTT	CT	-2.37192	0.01488	0.00363	2.37192	0.00139	0.00363
GCC	TCC	GT	-0.05028	0.02226	0.02170	0.05028	0.02117	0.02170
GCC	CCC	GC	-0.75711	0.02551	0.01706	0.75711	0.01197	0.01706
GCC	ACC	GA	0.32919	0.03276	0.03845	-0.32919	0.04553	0.03845
GCC	GTC	CT	-1.34755	0.04922	0.02329	1.34755	0.01279	0.02329
GCC	GCT	CT	-1.05987	0.04922	0.02766	1.05987	0.01706	0.02766
GCA	TCA	GT	0.03908	0.00606	0.00618	-0.03908	0.00631	0.00618
GCA	CCA	GC	-0.67507	0.00695	0.00487	0.67507	0.00354	0.00487
GCA	ACA	GA	0.60625	0.00892	0.01190	-0.60625	0.01636	0.01190
GCA	GTA	CT	-1.57470	0.01341	0.00551	1.57470	0.00278	0.00551
GCA	GCT	AT	-0.30314	0.00606	0.00519	0.30314	0.00448	0.00519
GCA	GCC	AC	0.75673	0.00695	0.00991	-0.75673	0.01481	0.00991
GCG	TCG	GT	0.22213	0.00211	0.00236	-0.22213	0.00264	0.00236
GCG	CCG	GC	1.07252	0.00242	0.00395	-1.07252	0.00708	0.00395
GCG	ACG	GA	1.90619	0.00311	0.00696	-1.90619	0.02092	0.00696
GCG	GTG	CT	2.01400	0.00467	0.01086	-2.01400	0.03501	0.01086
GCG	GCT	GT	1.65605	0.00211	0.00432	-1.65605	0.01107	0.00432
GCG	GCC	GC	2.71592	0.00242	0.00704	-2.71592	0.03661	0.00704
GCG	GCA	GA	1.95919	0.00311	0.00709	-1.95919	0.02205	0.00709
GAT	TAT	GT	-0.49789	0.00900	0.00694	0.49789	0.00547	0.00694
GAT	CAT	GC	-2.59215	0.01031	0.00216	2.59215	0.00077	0.00216
GAT	AAT	GA	-0.45580	0.01324	0.01045	0.45580	0.00839	0.01045
GAT	GTT	AT	-3.20623	0.00900	0.00122	3.20623	0.00036	0.00122
GAT	GCT	AC	-0.83431	0.01031	0.00660	0.83431	0.00448	0.00660
GAC	TAC	GT	-0.40939	0.02703	0.02187	0.40939	0.01795	0.02187
GAC	CAC	GC	-0.60497	0.03099	0.02255	0.60497	0.01692	0.02255
GAC	AAC	GA	0.96511	0.03978	0.06202	-0.96511	0.10444	0.06202
GAC	GTC	AT	-2.08553	0.02703	0.00800	2.08553	0.00336	0.00800
GAC	GCC	AC	-0.73798	0.03099	0.02095	0.73798	0.01481	0.02095
GAC	GAT	CT	-0.96354	0.05978	0.03553	0.96354	0.02281	0.03553
GAA	CAA	GC	-0.51271	0.01031	0.00789	0.51271	0.00618	0.00789
GAA	AAA	GA	0.93894	0.01324	0.02042	-0.93894	0.03386	0.02042
GAA	GTA	AT	-2.51308	0.00900	0.00199	2.51308	0.00073	0.00199
GAA	GCA	AC	-0.93838	0.01031	0.00622	0.93838	0.00404	0.00622
GAA	GAT	AT	-0.40721	0.00900	0.00729	0.40721	0.00599	0.00729
GAA	GAC	AC	0.55634	0.01031	0.01345	-0.55634	0.01799	0.01345
GAG	CAG	GC	-0.50422	0.06892	0.05300	0.50422	0.04163	0.05300
GAG	AAG	GA	0.82345	0.08849	0.12987	-0.82345	0.20161	0.12987
GAG	GTG	AT	-1.87833	0.06013	0.02038	1.87833	0.00919	0.02038
GAG	GCG	AC	-3.89233	0.06892	0.00559	3.89233	0.00141	0.00559
GAG	GAT	GT	-1.40197	0.06013	0.02752	1.40197	0.01480	0.02752
GAG	GAC	GC	-0.43843	0.06892	0.05491	0.43843	0.04446	0.05491
GAG	GAA	GA	-0.99476	0.08849	0.05166	0.99476	0.03272	0.05166
GGT	TGT	GT	-1.29422	0.00070	0.00034	1.29422	0.00019	0.00034
GGT	CGT	GC	0.80285	0.00081	0.00117	-0.80285	0.00180	0.00117
GGT	AGT	GA	-0.19387	0.00104	0.00094	0.19387	0.00085	0.00094
GGT	GTT	GT	0.24622	0.00070	0.00079	-0.24622	0.00090	0.00079
GGT	GCT	GC	2.61814	0.00081	0.00228	-2.61814	0.01107	0.00228
GGT	GAT	GA	3.45245	0.00104	0.00369	-3.45245	0.03272	0.00369
GGC	TGC	GT	-0.47376	0.01498	0.01171	0.47376	0.00933	0.01171
GGC	CGC	GC	0.05489	0.01717	0.01765	-0.05489	0.01814	0.01765
GGC	AGC	GA	0.05658	0.02205	0.02268	-0.05658	0.02333	0.02268
GGC	GTC	GT	-0.59068	0.01498	0.01099	0.59068	0.00830	0.01099
GGC	GCC	GC	0.75687	0.01717	0.02449	-0.75687	0.03661	0.02449
GGC	GAC	GA	1.49485	0.02205	0.04249	-1.49485	0.09832	0.04249
GGC	GGT	CT	-2.92115	0.03313	0.00551	2.92115	0.00178	0.00551
GGA	CGA	GC	-0.16568	0.00569	0.00524	0.16568	0.00483	0.00524
GGA	AGA	GA	0.18769	0.00731	0.00802	-0.18769	0.00882	0.00802
GGA	GTA	GT	-1.01444	0.00497	0.00287	1.01444	0.00180	0.00287
GGA	GCA	GC	0.56026	0.00569	0.00744	-0.56026	0.00997	0.00744
GGA	GAA	GA	1.49864	0.00731	0.01411	-1.49864	0.03272	0.01411
GGA	GGT	AT	-2.36102	0.00497	0.00122	2.36102	0.00047	0.00122
GGA	GGC	AC	0.56012	0.00569	0.00744	-0.56012	0.00997	0.00744
GGG	TGG	GT	-0.02597	0.00931	0.00919	0.02597	0.00907	0.00919
GGG	CGG	GC	-0.09397	0.01067	0.01018	0.09397	0.00971	0.01018
GGG	AGG	GA	0.39532	0.01370	0.01659	-0.39532	0.02035	0.01659
GGG	GTG	GT	0.89174	0.00931	0.01407	-0.89174	0.02271	0.01407
GGG	GCG	GC	-1.12227	0.01067	0.00578	1.12227	0.00347	0.00578
GGG	GAG	GA	2.77006	0.01370	0.04049	-2.77006	0.21869	0.04049
GGG	GGT	GT	-2.08436	0.00931	0.00276	2.08436	0.00116	0.00276
GGG	GGC	GC	0.83678	0.01067	0.01575	-0.83678	0.02464	0.01575
GGG	GGA	GA	0.27666	0.01370	0.01569	-0.27666	0.01807	0.01569


Histograms
2Ns	FMut	FSub(CodonUsage)	FSubw(after w)

-9.48981	0.00285	0.00000
-8.54083	0.00103	0.00000
-7.59185	0.00107	0.00000
-6.64287	0.00013	0.00000
-5.69389	0.00000	0.00000
-4.74490	0.00157	0.00009
-3.79592	0.02512	0.00320
-2.84694	0.17484	0.04666
-1.89796	0.14740	0.07136
-0.94898	0.32021	0.27194
0.00000	0.15697	0.21348
0.94898	0.13214	0.27194
1.89796	0.02427	0.07136
2.84694	0.01178	0.04666
3.79592	0.00061	0.00320
4.74490	0.00001	0.00009
5.69389	0.00000	0.00000
6.64287	0.00000	0.00000
7.59185	0.00000	0.00000
8.54083	0.00000	0.00000
9.48981	0.00000	0.00000

Proportion of advantageous (S > 0) mutations:
 0.23715

Proportions of good & bad mutations (|S| > 2.0000) among mutations:
0.01769  0.25515

mean |Ns| = 1.42067	mean Ns+ = 0.87001	mean Ns- = -1.59186


MLEs of dN/dS (w) for site classes (K=4)

site class             0        1       2a       2b
proportion       0.59799  0.02490  0.36204  0.01507
background w     0.04770  4.27829  0.04770  4.27829
foreground w     0.04770  4.27829  0.01392  0.01392

Naive Empirical Bayes (NEB) probabilities for 4 classes
(amino acids refer to 1st sequence: Bbon)

   1 E   0.61960 0.00019 0.37970 0.00051 ( 1)
   2 S   0.61940 0.00010 0.38018 0.00032 ( 1)
   3 G   0.61903 0.00004 0.38075 0.00017 ( 1)
   4 A   0.61967 0.00037 0.37917 0.00080 ( 1)
   5 G   0.61903 0.00004 0.38075 0.00017 ( 1)
   6 K   0.61933 0.00105 0.37797 0.00165 ( 1)
   7 T   0.61918 0.00006 0.38055 0.00021 ( 1)
   8 V   0.61685 0.00000 0.38313 0.00001 ( 1)
   9 N   0.61964 0.00023 0.37956 0.00057 ( 1)
  10 T   0.61913 0.00005 0.38061 0.00020 ( 1)
  11 K   0.61933 0.00105 0.37797 0.00165 ( 1)
  12 R   0.61786 0.00000 0.38210 0.00004 ( 1)
  13 V   0.61685 0.00000 0.38313 0.00001 ( 1)
  14 I   0.61964 0.00053 0.37880 0.00103 ( 1)
  15 Q   0.61970 0.00043 0.37898 0.00089 ( 1)
  16 Y   0.61936 0.00009 0.38025 0.00030 ( 1)
  17 F   0.61898 0.00146 0.37747 0.00208 ( 1)
  18 A   0.61887 0.00130 0.37776 0.00207 ( 1)
  19 V   0.61685 0.00000 0.38313 0.00001 ( 1)
  20 I   0.61946 0.00087 0.37821 0.00145 ( 1)
  21 A   0.61956 0.00052 0.37887 0.00104 ( 1)
  22 A   0.61957 0.00052 0.37888 0.00103 ( 1)
  23 I   0.61924 0.00094 0.37824 0.00158 ( 1)
  24 G   0.61952 0.00010 0.38008 0.00029 ( 1)
  25 D   0.61967 0.00028 0.37939 0.00066 ( 1)
  26 R   0.61948 0.00013 0.37999 0.00039 ( 1)
  27 S   0.61741 0.00000 0.38257 0.00002 ( 1)
  28 K   0.61933 0.00105 0.37797 0.00165 ( 1)
  29 K   0.61947 0.00096 0.37806 0.00151 ( 1)
  30 E   0.61942 0.00090 0.37819 0.00148 ( 1)
  31 Q   0.56188 0.03084 0.34362 0.06365 ( 1)
  32 T   0.14203 0.21691 0.08704 0.55402 ( 4)
  33 S   0.43968 0.12594 0.26792 0.16647 ( 1)
  34 G   0.61946 0.00012 0.38004 0.00037 ( 1)
  35 K   0.61933 0.00105 0.37797 0.00165 ( 1)
  36 -   0.61867 0.00012 0.38072 0.00050 ( 1)
  37 T   0.61787 0.00026 0.38060 0.00127 ( 1)
  38 L   0.61245 0.00675 0.37289 0.00791 ( 1)
  39 E   0.61682 0.00216 0.37702 0.00400 ( 1)
  40 D   0.61793 0.00041 0.38005 0.00161 ( 1)
  41 Q   0.61737 0.00101 0.37865 0.00297 ( 1)
  42 I   0.61721 0.00120 0.37836 0.00323 ( 1)
  43 I   0.61721 0.00120 0.37836 0.00323 ( 1)
  44 Q   0.61737 0.00101 0.37865 0.00297 ( 1)
  45 A   0.61725 0.00110 0.37856 0.00309 ( 1)
  46 N   0.61753 0.00062 0.37955 0.00230 ( 1)
  47 P   0.61673 0.00006 0.38249 0.00072 ( 1)
  48 A   0.61725 0.00110 0.37856 0.00309 ( 1)
  49 L   0.61238 0.00696 0.37273 0.00793 ( 1)
  50 E   0.61671 0.00183 0.37746 0.00400 ( 1)
  51 A   0.61725 0.00110 0.37856 0.00309 ( 1)
  52 F   0.61672 0.00195 0.37749 0.00384 ( 1)
  53 G   0.61752 0.00038 0.38031 0.00180 ( 1)
  54 N   0.61753 0.00062 0.37955 0.00230 ( 1)
  55 A   0.61725 0.00110 0.37856 0.00309 ( 1)
  56 K   0.61655 0.00205 0.37715 0.00425 ( 1)
  57 T   0.61741 0.00021 0.38112 0.00127 ( 1)
  58 V   0.61497 0.00001 0.38480 0.00022 ( 1)
  59 R   0.61587 0.00036 0.38232 0.00145 ( 1)
  60 N   0.61636 0.00008 0.38275 0.00081 ( 1)
  61 D   0.61747 0.00031 0.38060 0.00161 ( 1)
  62 N   0.61753 0.00062 0.37955 0.00230 ( 1)
  63 S   0.61750 0.00033 0.38050 0.00167 ( 1)
  64 S   0.61750 0.00033 0.38050 0.00167 ( 1)
  65 R   0.61753 0.00040 0.38022 0.00185 ( 1)
  66 F   0.00000 1.00000 0.00000 0.00000 ( 2)
  67 -   0.61922 0.00120 0.37778 0.00181 ( 1)
  68 -   0.61907 0.00135 0.37762 0.00196 ( 1)
  69 -   0.61856 0.00197 0.37691 0.00256 ( 1)
  70 -   0.61922 0.00120 0.37776 0.00182 ( 1)
  71 -   0.61908 0.00136 0.37759 0.00197 ( 1)
  72 -   0.61587 0.00000 0.38412 0.00000 ( 1)
  73 -   0.61767 0.00293 0.37603 0.00338 ( 1)
  74 -   0.61962 0.00019 0.37970 0.00050 ( 1)
  75 -   0.61916 0.00125 0.37774 0.00186 ( 1)
  76 -   0.61964 0.00024 0.37955 0.00058 ( 1)
  77 -   0.61952 0.00075 0.37842 0.00130 ( 1)
  78 -   0.61828 0.00227 0.37662 0.00283 ( 1)
  79 -   0.61916 0.00005 0.38057 0.00021 ( 1)
  80 -   0.61812 0.00003 0.38165 0.00020 ( 1)
  81 -   0.61968 0.00033 0.37924 0.00074 ( 1)
  82 -   0.61932 0.00104 0.37801 0.00163 ( 1)
  83 -   0.61966 0.00037 0.37918 0.00079 ( 1)
  84 -   0.61927 0.00007 0.38040 0.00026 ( 1)
  85 -   0.61848 0.00204 0.37687 0.00261 ( 1)
  86 -   0.61964 0.00024 0.37955 0.00058 ( 1)
  87 -   0.62048 0.00112 0.37725 0.00115 ( 1)
  88 -   0.61926 0.00030 0.37959 0.00084 ( 1)
  89 -   0.61369 0.00686 0.37293 0.00652 ( 1)
  90 -   0.61925 0.00052 0.37903 0.00120 ( 1)
  91 -   0.61896 0.00103 0.37814 0.00187 ( 1)
  92 -   0.61925 0.00032 0.37956 0.00087 ( 1)
  93 -   0.61879 0.00007 0.38081 0.00032 ( 1)
  94 -   0.61590 0.00000 0.38409 0.00001 ( 1)
  95 -   0.61839 0.00173 0.37724 0.00264 ( 1)
  96 -   0.61885 0.00115 0.37798 0.00202 ( 1)
  97 -   0.61900 0.00099 0.37818 0.00183 ( 1)
  98 -   0.61369 0.00686 0.37293 0.00652 ( 1)
  99 -   0.00084 0.49679 0.00032 0.50204 ( 4)
 100 -   0.61905 0.00087 0.37840 0.00168 ( 1)
 101 -   0.61834 0.00176 0.37722 0.00268 ( 1)
 102 -   0.61879 0.00007 0.38081 0.00032 ( 1)
 103 -   0.61917 0.00070 0.37867 0.00146 ( 1)
 104 -   0.61859 0.00151 0.37748 0.00242 ( 1)
 105 -   0.61863 0.00005 0.38105 0.00027 ( 1)
 106 -   0.61839 0.00173 0.37724 0.00264 ( 1)
 107 -   0.61885 0.00115 0.37798 0.00202 ( 1)
 108 -   0.61925 0.00028 0.37966 0.00080 ( 1)
 109 -   0.61929 0.00045 0.37918 0.00109 ( 1)
 110 -   0.61885 0.00116 0.37795 0.00203 ( 1)
 111 -   0.61813 0.00320 0.37563 0.00304 ( 1)
 112 -   0.61925 0.00027 0.37971 0.00078 ( 1)
 113 -   0.61922 0.00060 0.37887 0.00131 ( 1)
 114 -   0.55396 0.03367 0.33896 0.07342 ( 1)
 115 -   0.61815 0.00199 0.37696 0.00290 ( 1)
 116 -   0.61774 0.00001 0.38216 0.00009 ( 1)
 117 -   0.61834 0.00176 0.37722 0.00268 ( 1)
 118 -   0.61388 0.00621 0.37355 0.00636 ( 1)
 119 -   0.61369 0.00686 0.37293 0.00652 ( 1)
 120 -   0.61976 0.00043 0.37893 0.00087 ( 1)
 121 M   0.84255 0.00579 0.15156 0.00010 ( 1)
 122 L   0.61606 0.00415 0.37502 0.00477 ( 1)
 123 L   0.61659 0.00362 0.37554 0.00425 ( 1)
 124 I   0.61924 0.00038 0.37941 0.00097 ( 1)
 125 T   0.61831 0.00003 0.38147 0.00019 ( 1)
 126 N   0.61906 0.00015 0.38025 0.00053 ( 1)
 127 N   0.61906 0.00015 0.38025 0.00053 ( 1)
 128 P   0.61740 0.00001 0.38252 0.00007 ( 1)
 129 Y   0.61925 0.00054 0.37899 0.00122 ( 1)
 130 D   0.61863 0.00006 0.38103 0.00028 ( 1)
 131 Y   0.61876 0.00026 0.38008 0.00090 ( 1)
 132 A   0.00001 0.99571 0.00000 0.00428 ( 2)
 133 F   0.61952 0.00069 0.37854 0.00125 ( 1)
 134 I   0.61924 0.00038 0.37941 0.00097 ( 1)
 135 S   0.61869 0.00006 0.38095 0.00030 ( 1)
 136 Q   0.61894 0.00010 0.38055 0.00041 ( 1)
 137 G   0.61909 0.00016 0.38022 0.00053 ( 1)
 138 E   0.61915 0.00067 0.37878 0.00140 ( 1)
 139 T   0.61884 0.00009 0.38072 0.00036 ( 1)
 140 T   0.61884 0.00009 0.38072 0.00036 ( 1)
 141 V   0.61874 0.00007 0.38088 0.00031 ( 1)
 142 P   0.00000 0.17142 0.00000 0.82858 ( 4)
 143 S   0.61817 0.00105 0.37836 0.00242 ( 1)
 144 I   0.61919 0.00065 0.37879 0.00138 ( 1)
 145 D   0.61890 0.00017 0.38031 0.00061 ( 1)
 146 D   0.61915 0.00012 0.38029 0.00044 ( 1)
 147 A   0.61918 0.00025 0.37982 0.00074 ( 1)
 148 E   0.61915 0.00067 0.37878 0.00140 ( 1)
 149 E   0.61915 0.00067 0.37878 0.00140 ( 1)
 150 L   0.61867 0.00006 0.38098 0.00029 ( 1)
 151 M   0.61851 0.00005 0.38119 0.00025 ( 1)
 152 A   0.61922 0.00033 0.37956 0.00089 ( 1)
 153 T   0.61863 0.00008 0.38093 0.00036 ( 1)
 154 D   0.61914 0.00019 0.38006 0.00061 ( 1)
 155 A   0.81340 0.04017 0.14594 0.00049 ( 1)
 156 F   0.75536 0.10865 0.13507 0.00092 ( 1)
 157 D   0.61966 0.00044 0.37897 0.00093 ( 1)
 158 V   0.61959 0.00019 0.37970 0.00052 ( 1)
 159 L   0.61496 0.00580 0.37371 0.00553 ( 1)
 160 G   0.82478 0.02262 0.14797 0.00462 ( 1)
 161 F   0.61949 0.00077 0.37838 0.00136 ( 1)
 162 T   0.00183 0.29274 0.00112 0.70431 ( 4)
 163 S   0.41240 0.15031 0.25114 0.18615 ( 1)
 164 D   0.51633 0.06694 0.31499 0.10174 ( 1)
 165 E   0.61914 0.00125 0.37771 0.00191 ( 1)
 166 K   0.61899 0.00144 0.37747 0.00210 ( 1)
 167 N   0.82412 0.02616 0.14782 0.00189 ( 1)
 168 S   0.61957 0.00018 0.37975 0.00050 ( 1)
 169 M   0.30606 0.54530 0.01622 0.13242 ( 2)
 170 Y   0.61961 0.00016 0.37977 0.00045 ( 1)
 171 K   0.61899 0.00144 0.37747 0.00210 ( 1)
 172 L   0.61496 0.00580 0.37371 0.00553 ( 1)
 173 T   0.61942 0.00011 0.38013 0.00034 ( 1)
 174 G   0.61966 0.00039 0.37910 0.00085 ( 1)
 175 A   0.61939 0.00087 0.37824 0.00150 ( 1)
 176 I   0.61950 0.00078 0.37835 0.00138 ( 1)
 177 M   0.61948 0.00014 0.37995 0.00042 ( 1)
 178 H   0.61874 0.00002 0.38112 0.00012 ( 1)
 179 F   0.61855 0.00193 0.37694 0.00258 ( 1)
 180 G   0.61966 0.00039 0.37910 0.00085 ( 1)
 181 N   0.61967 0.00037 0.37915 0.00082 ( 1)
 182 M   0.61948 0.00014 0.37995 0.00042 ( 1)
 183 K   0.61899 0.00144 0.37747 0.00210 ( 1)
 184 F   0.61949 0.00077 0.37838 0.00136 ( 1)
 185 K   0.61957 0.00068 0.37851 0.00125 ( 1)
 186 L   0.61958 0.00019 0.37972 0.00051 ( 1)
 187 K   0.61899 0.00144 0.37747 0.00210 ( 1)
 188 P   0.04955 0.32503 0.03027 0.59515 ( 4)
 189 R   0.61957 0.00069 0.37849 0.00126 ( 1)
 190 E   0.61914 0.00125 0.37771 0.00191 ( 1)
 191 E   0.61914 0.00125 0.37771 0.00191 ( 1)
 192 Q   0.61959 0.00065 0.37854 0.00122 ( 1)
 193 A   0.61880 0.00162 0.37728 0.00230 ( 1)
 194 E   0.61914 0.00125 0.37771 0.00191 ( 1)
 195 P   0.60641 0.00386 0.37303 0.01670 ( 1)
 196 D   0.61966 0.00044 0.37897 0.00093 ( 1)
 197 G   0.61960 0.00021 0.37963 0.00055 ( 1)
 198 N   0.59395 0.00961 0.36457 0.03186 ( 1)
 199 E   0.61966 0.00032 0.37928 0.00074 ( 1)
 200 -   0.61845 0.00010 0.38096 0.00049 ( 1)
 201 -   0.61623 0.00000 0.38372 0.00005 ( 1)
 202 -   0.61405 0.00613 0.37345 0.00637 ( 1)
 203 -   0.61869 0.00081 0.37870 0.00180 ( 1)
 204 -   0.61811 0.00160 0.37752 0.00277 ( 1)
 205 -   0.61869 0.00081 0.37870 0.00180 ( 1)
 206 -   0.61877 0.00023 0.38018 0.00082 ( 1)
 207 -   0.61872 0.00019 0.38036 0.00074 ( 1)
 208 -   0.61826 0.00141 0.37779 0.00255 ( 1)
 209 -   0.61811 0.00160 0.37752 0.00277 ( 1)
 210 -   0.61863 0.00017 0.38050 0.00070 ( 1)
 211 -   0.61864 0.00088 0.37857 0.00191 ( 1)
 212 -   0.55326 0.02826 0.33922 0.07926 ( 1)
 213 -   0.61884 0.00034 0.37976 0.00106 ( 1)
 214 -   0.61863 0.00017 0.38050 0.00070 ( 1)
 215 -   0.61877 0.00023 0.38018 0.00082 ( 1)
 216 -   0.61858 0.00013 0.38072 0.00058 ( 1)
 217 -   0.61802 0.00004 0.38164 0.00030 ( 1)
 218 -   0.61865 0.00089 0.37854 0.00192 ( 1)
 219 -   0.61916 0.00030 0.37969 0.00085 ( 1)
 220 -   0.61869 0.00081 0.37870 0.00180 ( 1)
 221 -   0.61853 0.00012 0.38079 0.00056 ( 1)
 222 -   0.61405 0.00613 0.37345 0.00637 ( 1)
 223 -   0.61826 0.00141 0.37779 0.00255 ( 1)
 224 -   0.61853 0.00012 0.38079 0.00056 ( 1)
 225 -   0.00023 0.85483 0.00008 0.14487 ( 2)
 226 -   0.61876 0.00074 0.37877 0.00172 ( 1)
 227 -   0.61771 0.00003 0.38205 0.00021 ( 1)
 228 -   0.61879 0.00027 0.38003 0.00091 ( 1)
 229 -   0.61876 0.00074 0.37877 0.00172 ( 1)
 230 -   0.61872 0.00019 0.38036 0.00074 ( 1)
 231 -   0.61864 0.00088 0.37857 0.00191 ( 1)
 232 -   0.61783 0.00003 0.38190 0.00025 ( 1)
 233 -   0.61877 0.00025 0.38010 0.00088 ( 1)
 234 -   0.61656 0.00000 0.38339 0.00005 ( 1)
 235 -   0.61399 0.00632 0.37334 0.00636 ( 1)
 236 -   0.61886 0.00022 0.38016 0.00076 ( 1)
 237 -   0.61836 0.00145 0.37768 0.00251 ( 1)
 238 -   0.61877 0.00087 0.37856 0.00180 ( 1)
 239 -   0.61891 0.00028 0.37993 0.00088 ( 1)
 240 -   0.61872 0.00094 0.37843 0.00191 ( 1)
 241 -   0.61831 0.00149 0.37765 0.00255 ( 1)
 242 -   0.61861 0.00101 0.37833 0.00204 ( 1)
 243 -   0.61860 0.00101 0.37836 0.00203 ( 1)
 244 -   0.61880 0.00024 0.38012 0.00083 ( 1)
 245 F   0.61988 0.00077 0.37817 0.00118 ( 1)
 246 N   0.61880 0.00015 0.38045 0.00060 ( 1)
 247 S   0.61567 0.00000 0.38430 0.00002 ( 1)
 248 F   0.00000 1.00000 0.00000 0.00000 ( 2)
 249 E   0.61901 0.00062 0.37895 0.00142 ( 1)
 250 Q   0.61909 0.00027 0.37981 0.00083 ( 1)
 251 L   0.61929 0.00016 0.38008 0.00048 ( 1)
 252 C   0.61596 0.00000 0.38402 0.00002 ( 1)
 253 I   0.61909 0.00034 0.37961 0.00096 ( 1)
 254 N   0.61885 0.00013 0.38048 0.00053 ( 1)
 255 F   0.61907 0.00034 0.37965 0.00095 ( 1)
 256 T   0.61803 0.00003 0.38176 0.00018 ( 1)
 257 N   0.61885 0.00013 0.38048 0.00053 ( 1)
 258 E   0.61903 0.00062 0.37896 0.00140 ( 1)
 259 K   0.61899 0.00073 0.37872 0.00156 ( 1)
 260 L   0.61638 0.00389 0.37521 0.00451 ( 1)
 261 Q   0.61907 0.00028 0.37980 0.00085 ( 1)
 262 Q   0.61909 0.00027 0.37981 0.00083 ( 1)
 263 F   0.61907 0.00034 0.37965 0.00095 ( 1)
 264 F   0.61907 0.00034 0.37965 0.00095 ( 1)
 265 N   0.61885 0.00013 0.38048 0.00053 ( 1)
 266 H   0.61692 0.00000 0.38302 0.00006 ( 1)
 267 H   0.61692 0.00000 0.38302 0.00006 ( 1)
 268 M   0.61824 0.00004 0.38147 0.00025 ( 1)
 269 F   0.61907 0.00034 0.37965 0.00095 ( 1)
 270 V   0.61849 0.00006 0.38114 0.00031 ( 1)
 271 L   0.61610 0.00410 0.37504 0.00475 ( 1)
 272 E   0.61912 0.00056 0.37909 0.00124 ( 1)
 273 Q   0.61908 0.00027 0.37985 0.00080 ( 1)
 274 E   0.61903 0.00062 0.37896 0.00140 ( 1)
 275 E   0.61874 0.00026 0.38017 0.00083 ( 1)
 276 Y   0.61836 0.00005 0.38131 0.00028 ( 1)
 277 K   0.61899 0.00073 0.37872 0.00156 ( 1)
 278 K   0.61899 0.00073 0.37872 0.00156 ( 1)
 279 E   0.61903 0.00062 0.37896 0.00140 ( 1)
 280 G   0.61853 0.00007 0.38106 0.00034 ( 1)
 281 I   0.61909 0.00034 0.37961 0.00096 ( 1)
 282 E   0.52802 0.04554 0.32324 0.10321 ( 1)
 283 W   0.61874 0.00010 0.38073 0.00043 ( 1)
 284 E   0.33456 0.14117 0.20481 0.31945 ( 1)
 285 F   0.61907 0.00034 0.37965 0.00095 ( 1)
 286 I   0.61909 0.00034 0.37961 0.00096 ( 1)
 287 D   0.61837 0.00005 0.38130 0.00028 ( 1)
 288 F   0.61909 0.00035 0.37961 0.00095 ( 1)
 289 G   0.61849 0.00007 0.38110 0.00034 ( 1)
 290 M   0.60129 0.00404 0.37101 0.02366 ( 1)
 291 D   0.61837 0.00005 0.38130 0.00028 ( 1)
 292 L   0.61610 0.00410 0.37504 0.00475 ( 1)
 293 Q   0.03123 0.96722 0.00155 0.00000 ( 2)
 294 A   0.56133 0.02405 0.34435 0.07027 ( 1)
 295 C   0.61595 0.00000 0.38402 0.00002 ( 1)
 296 I   0.61906 0.00037 0.37957 0.00100 ( 1)
 297 D   0.84187 0.00664 0.15138 0.00011 ( 1)
 298 L   0.61846 0.00006 0.38117 0.00031 ( 1)
 299 I   0.61909 0.00034 0.37961 0.00096 ( 1)
 300 E   0.61903 0.00062 0.37896 0.00140 ( 1)
 301 K   0.61899 0.00073 0.37872 0.00156 ( 1)
 302 P   0.61820 0.00001 0.38170 0.00009 ( 1)
 303 M   0.61908 0.00008 0.38053 0.00030 ( 1)
 304 G   0.61928 0.00013 0.38019 0.00041 ( 1)
 305 I   0.61948 0.00054 0.37888 0.00110 ( 1)
 306 M   0.61908 0.00008 0.38053 0.00030 ( 1)
 307 S   0.61922 0.00011 0.38031 0.00036 ( 1)
 308 I   0.61948 0.00054 0.37888 0.00110 ( 1)
 309 L   0.61599 0.00470 0.37456 0.00475 ( 1)
 310 E   0.61926 0.00092 0.37825 0.00157 ( 1)
 311 E   0.61926 0.00092 0.37825 0.00157 ( 1)
 312 E   0.61926 0.00092 0.37825 0.00157 ( 1)
 313 C   0.61735 0.00000 0.38262 0.00003 ( 1)
 314 M   0.61908 0.00008 0.38053 0.00030 ( 1)
 315 F   0.61947 0.00054 0.37891 0.00109 ( 1)
 316 P   0.61820 0.00001 0.38170 0.00009 ( 1)
 317 K   0.61916 0.00106 0.37803 0.00175 ( 1)
 318 A   0.61948 0.00048 0.37902 0.00101 ( 1)
 319 T   0.61932 0.00014 0.38011 0.00043 ( 1)
 320 D   0.61917 0.00010 0.38039 0.00034 ( 1)
 321 M   0.61909 0.00008 0.38053 0.00029 ( 1)
 322 T   0.61894 0.00005 0.38078 0.00022 ( 1)
 323 F   0.61949 0.00052 0.37892 0.00106 ( 1)
 324 K   0.49553 0.07650 0.30255 0.12542 ( 1)
 325 A   0.61881 0.00137 0.37769 0.00214 ( 1)
 326 K   0.61919 0.00105 0.37805 0.00172 ( 1)
 327 L   0.61575 0.00468 0.37458 0.00499 ( 1)
 328 F   0.00001 0.99915 0.00000 0.00084 ( 2)
 329 D   0.61918 0.00010 0.38039 0.00033 ( 1)
 330 N   0.61948 0.00023 0.37969 0.00060 ( 1)
 331 H   0.61810 0.00001 0.38181 0.00007 ( 1)
 332 L   0.61569 0.00494 0.37438 0.00499 ( 1)
 333 G   0.61886 0.00008 0.38072 0.00034 ( 1)
 334 K   0.61915 0.00081 0.37849 0.00156 ( 1)
 335 S   0.61878 0.00007 0.38086 0.00030 ( 1)
 336 S   0.00001 0.99956 0.00000 0.00043 ( 2)
 337 N   0.61886 0.00013 0.38049 0.00052 ( 1)
 338 F   0.61907 0.00034 0.37965 0.00095 ( 1)
 339 Q   0.61909 0.00027 0.37981 0.00083 ( 1)
 340 K   0.61899 0.00073 0.37872 0.00156 ( 1)
 341 P   0.61722 0.00001 0.38268 0.00009 ( 1)
 342 R   0.61902 0.00009 0.38053 0.00036 ( 1)
 343 N   0.61741 0.00008 0.38199 0.00053 ( 1)
 344 I   0.61909 0.00034 0.37961 0.00096 ( 1)
 345 K   0.61899 0.00073 0.37872 0.00156 ( 1)
 346 G   0.61788 0.00002 0.38194 0.00016 ( 1)
 347 K   0.00233 0.98928 0.00042 0.00797 ( 2)
 348 P   0.61685 0.00000 0.38310 0.00005 ( 1)
 349 E   0.61878 0.00011 0.38065 0.00047 ( 1)
 350 A   0.61906 0.00030 0.37977 0.00088 ( 1)
 351 H   0.61692 0.00000 0.38302 0.00006 ( 1)
 352 F   0.61907 0.00034 0.37965 0.00095 ( 1)
 353 S   0.61844 0.00006 0.38121 0.00030 ( 1)
 354 L   0.61611 0.00410 0.37505 0.00475 ( 1)
 355 I   0.35567 0.57048 0.06398 0.00987 ( 2)
 356 H   0.61693 0.00000 0.38303 0.00004 ( 1)
 357 Y   0.61924 0.00011 0.38029 0.00037 ( 1)
 358 A   0.61915 0.00026 0.37982 0.00077 ( 1)
 359 G   0.61858 0.00005 0.38110 0.00027 ( 1)
 360 T   0.61812 0.00002 0.38172 0.00014 ( 1)
 361 V   0.61854 0.00005 0.38117 0.00024 ( 1)
 362 D   0.61855 0.00005 0.38118 0.00022 ( 1)
 363 Y   0.61841 0.00004 0.38134 0.00021 ( 1)
 364 N   0.61893 0.00011 0.38053 0.00043 ( 1)
 365 I   0.61922 0.00029 0.37969 0.00081 ( 1)
 366 I   0.61406 0.00035 0.38116 0.00443 ( 1)
 367 G   0.61858 0.00005 0.38110 0.00027 ( 1)
 368 W   0.61880 0.00008 0.38077 0.00035 ( 1)
 369 L   0.61936 0.00023 0.37976 0.00065 ( 1)
 370 Q   0.24021 0.71002 0.04299 0.00678 ( 2)
 371 K   0.61920 0.00032 0.37968 0.00080 ( 1)
 372 N   0.61893 0.00011 0.38053 0.00043 ( 1)
 373 K   0.61919 0.00024 0.37985 0.00072 ( 1)
 374 D   0.61842 0.00004 0.38133 0.00022 ( 1)
 375 P   0.61697 0.00000 0.38299 0.00004 ( 1)
 376 L   0.61851 0.00005 0.38120 0.00024 ( 1)
 377 N   0.61893 0.00011 0.38053 0.00043 ( 1)
 378 E   0.61921 0.00053 0.37907 0.00120 ( 1)
 379 T   0.61826 0.00002 0.38157 0.00015 ( 1)
 380 V   0.61812 0.00003 0.38163 0.00022 ( 1)
 381 V   0.61854 0.00005 0.38117 0.00024 ( 1)
 382 E   0.00007 0.99847 0.00001 0.00145 ( 2)
 383 L   0.61673 0.00000 0.38323 0.00003 ( 1)
 384 Y   0.61841 0.00004 0.38134 0.00021 ( 1)
 385 K   0.09509 0.88224 0.01696 0.00571 ( 2)
 386 K   0.61929 0.00035 0.37945 0.00091 ( 1)
 387 S   0.61848 0.00004 0.38124 0.00023 ( 1)
 388 S   0.61733 0.00001 0.38259 0.00008 ( 1)
 389 L   0.61851 0.00005 0.38120 0.00024 ( 1)
 390 K   0.61918 0.00063 0.37884 0.00135 ( 1)
 391 M   0.28612 0.27485 0.08881 0.35022 ( 4)
 392 L   0.61975 0.00013 0.37977 0.00035 ( 1)
 393 S   0.76933 0.05771 0.13879 0.03417 ( 1)
 394 T   0.59830 0.01126 0.36577 0.02467 ( 1)
 395 L   0.61570 0.00521 0.37414 0.00495 ( 1)
 396 F   0.61900 0.00161 0.37726 0.00212 ( 1)
 397 A   0.61985 0.00054 0.37864 0.00097 ( 1)
 398 N   0.61990 0.00027 0.37924 0.00059 ( 1)
 399 Y   0.61976 0.00080 0.37816 0.00127 ( 1)
 400 A   0.61905 0.00160 0.37721 0.00213 ( 1)
 401 G   0.61942 0.00006 0.38033 0.00020 ( 1)
 402 F   0.61904 0.00161 0.37721 0.00214 ( 1)
 403 D   0.61970 0.00012 0.37986 0.00032 ( 1)
 404 S   0.56585 0.02599 0.34640 0.06177 ( 1)
 405 -   0.61822 0.00214 0.37676 0.00288 ( 1)
 406 -   0.61854 0.00002 0.38131 0.00013 ( 1)
 407 -   0.61324 0.00753 0.37248 0.00675 ( 1)
 408 -   0.61936 0.00078 0.37842 0.00145 ( 1)
 409 -   0.61800 0.00239 0.37651 0.00310 ( 1)
 410 -   0.61324 0.00753 0.37248 0.00675 ( 1)
 411 -   0.61948 0.00036 0.37930 0.00086 ( 1)
 412 -   0.55422 0.03809 0.33858 0.06912 ( 1)
 413 -   0.61936 0.00078 0.37842 0.00145 ( 1)
 414 -   0.61905 0.00006 0.38063 0.00026 ( 1)
 415 -   0.61948 0.00052 0.37890 0.00110 ( 1)
 416 -   0.61950 0.00043 0.37909 0.00097 ( 1)
 417 -   0.61961 0.00053 0.37879 0.00107 ( 1)
 418 -   0.61912 0.00008 0.38048 0.00031 ( 1)
 419 -   0.61918 0.00009 0.38039 0.00034 ( 1)
 420 -   0.61912 0.00008 0.38048 0.00031 ( 1)
 421 -   0.61884 0.00143 0.37753 0.00219 ( 1)
 422 -   0.61951 0.00045 0.37904 0.00100 ( 1)
 423 -   0.61926 0.00011 0.38025 0.00038 ( 1)
 424 -   0.61867 0.00003 0.38114 0.00016 ( 1)
 425 -   0.61884 0.00145 0.37751 0.00221 ( 1)
 426 -   0.61884 0.00145 0.37751 0.00221 ( 1)
 427 -   0.61918 0.00009 0.38039 0.00034 ( 1)
 428 -   0.61854 0.00002 0.38131 0.00013 ( 1)
 429 -   0.61822 0.00214 0.37676 0.00288 ( 1)
 430 -   0.61944 0.00062 0.37869 0.00125 ( 1)
 431 -   0.61800 0.00239 0.37651 0.00310 ( 1)
 432 -   0.54618 0.03655 0.33427 0.08300 ( 1)
 433 -   0.61991 0.00018 0.37948 0.00042 ( 1)
 434 -   0.62014 0.00087 0.37784 0.00115 ( 1)
 435 -   0.62022 0.00071 0.37806 0.00100 ( 1)
 436 -   0.62018 0.00079 0.37795 0.00108 ( 1)
 437 -   0.62007 0.00111 0.37749 0.00133 ( 1)
 438 -   0.62041 0.00023 0.37894 0.00042 ( 1)
 439 -   0.61251 0.00901 0.37156 0.00692 ( 1)
 440 -   0.61996 0.00004 0.37990 0.00010 ( 1)
 441 -   0.62022 0.00071 0.37806 0.00100 ( 1)
 442 -   0.62040 0.00021 0.37901 0.00038 ( 1)
 443 -   0.61913 0.00203 0.37663 0.00221 ( 1)
 444 -   0.61236 0.00914 0.37147 0.00702 ( 1)
 445 -   0.62004 0.00098 0.37772 0.00126 ( 1)
 446 -   0.62023 0.00009 0.37948 0.00020 ( 1)
 447 -   0.62017 0.00007 0.37959 0.00017 ( 1)
 448 -   0.62029 0.00079 0.37790 0.00103 ( 1)
 449 -   0.62014 0.00087 0.37784 0.00115 ( 1)
 450 -   0.61236 0.00914 0.37147 0.00702 ( 1)
 451 -   0.61802 0.00318 0.37566 0.00313 ( 1)
 452 -   0.62008 0.00093 0.37777 0.00122 ( 1)
 453 -   0.61887 0.00230 0.37640 0.00244 ( 1)
 454 -   0.62004 0.00098 0.37772 0.00126 ( 1)
 455 -   0.61887 0.00230 0.37640 0.00244 ( 1)
 456 -   0.62023 0.00009 0.37948 0.00020 ( 1)
 457 -   0.62030 0.00012 0.37933 0.00025 ( 1)
 458 -   0.61773 0.00350 0.37541 0.00337 ( 1)
 459 -   0.62008 0.00093 0.37777 0.00122 ( 1)
 460 -   0.43713 0.14393 0.26588 0.15306 ( 1)
 461 -   0.62041 0.00023 0.37894 0.00042 ( 1)
 462 -   0.61972 0.00137 0.37728 0.00163 ( 1)
 463 -   0.62004 0.00098 0.37772 0.00126 ( 1)
 464 -   0.61887 0.00230 0.37640 0.00244 ( 1)
 465 -   0.62014 0.00086 0.37786 0.00115 ( 1)
 466 -   0.61865 0.00183 0.37703 0.00250 ( 1)
 467 -   0.61912 0.00129 0.37764 0.00196 ( 1)
 468 -   0.61861 0.00186 0.37699 0.00253 ( 1)
 469 -   0.61652 0.00412 0.37499 0.00437 ( 1)
 470 -   0.61947 0.00083 0.37826 0.00145 ( 1)
 471 -   0.61682 0.00381 0.37522 0.00415 ( 1)
 472 R   0.61989 0.00022 0.37938 0.00052 ( 1)
 473 Y   0.61864 0.00004 0.38111 0.00021 ( 1)
 474 R   0.61891 0.00007 0.38071 0.00031 ( 1)
 475 I   0.61921 0.00035 0.37964 0.00081 ( 1)
 476 L   0.61648 0.00394 0.37516 0.00442 ( 1)
 477 N   0.61883 0.00010 0.38064 0.00043 ( 1)
 478 P   0.61665 0.00000 0.38331 0.00004 ( 1)
 479 A   0.61902 0.00018 0.38019 0.00061 ( 1)
 480 A   0.61909 0.00024 0.37993 0.00074 ( 1)
 481 I   0.61914 0.00027 0.37978 0.00081 ( 1)
 482 P   0.61690 0.00000 0.38305 0.00005 ( 1)
 483 E   0.61914 0.00050 0.37915 0.00120 ( 1)
 484 G   0.61847 0.00005 0.38122 0.00027 ( 1)
 485 Q   0.61912 0.00022 0.37997 0.00069 ( 1)
 486 F   0.61912 0.00027 0.37982 0.00080 ( 1)
 487 I   0.61917 0.00049 0.37916 0.00118 ( 1)
 488 D   0.61830 0.00004 0.38145 0.00022 ( 1)
 489 S   0.61547 0.00000 0.38452 0.00001 ( 1)
 490 R   0.61610 0.00000 0.38388 0.00002 ( 1)
 491 K   0.61911 0.00023 0.37994 0.00072 ( 1)
 492 G   0.61777 0.00001 0.38210 0.00012 ( 1)
 493 S   0.00001 0.50927 0.00000 0.49072 ( 2)
 494 E   0.61914 0.00050 0.37915 0.00120 ( 1)
 495 K   0.61912 0.00060 0.37892 0.00135 ( 1)
