93
Bacu_CASQ2         0.0000000 0.0654974 0.0568959 0.0113493 0.0330727 0.0419074 0.0440616 0.0304674 0.0362835 0.0248668 0.2196027 0.0632601 0.0673717 0.1945770 0.0602733 0.0596080 0.0628947 0.0596080 0.0709155 0.0692372 0.0651203 0.3504505 0.0473809 0.0653895 0.0297539 0.0598238 0.0624222 0.0748949 0.0577663 0.0559703 0.1849767 0.0792455 0.0908878 0.0853228 0.0755987 0.0660915 0.0564914 0.0702936 0.0747910 0.0596579 0.0521646 0.0594288 0.0594425 0.0685697 0.0761044 0.0589231 0.0619046 0.0632182 0.0530932 0.0473310 0.0925120 0.0809026 0.0604409 0.0789250 0.0692372 0.0652289 0.0788611 0.0734407 0.0686080 0.0555246 0.2013899 0.0688921 0.0598784 0.0633883 0.2328670 0.1201158 0.0577897 0.0664773 0.0549147 0.0837380 0.0625936 0.0569753 0.0849653 0.0658411 0.0832582 0.0785280 0.0765596 0.0535982 0.0641577 0.0644477 0.0784351 0.0569028 0.0724478 0.0566989 0.0727928 0.0600501 0.0675992 0.0566989 0.3264983 0.0547176 0.0621530 0.0496189 0.0669863 
Barn_CASQ2         0.0654974 0.0000000 0.0098386 0.0606059 0.0652768 0.0811775 0.0811775 0.0555607 0.0099706 0.0440080 0.2524616 0.0665376 0.0608086 0.1973104 0.0703100 0.0610671 0.0610671 0.0610671 0.0659503 0.0922415 0.0456073 0.4870967 0.0319155 0.0503603 0.0613658 0.0608053 0.0657279 0.0660283 0.0660283 0.0314808 0.2061607 0.0517938 0.1054465 0.0906956 0.0656311 0.0660400 0.0559103 0.0698169 0.0659076 0.0562500 0.0559103 0.0559103 0.0607872 0.0597513 0.0344329 0.0359902 0.0453087 0.0658004 0.0268133 0.0313927 0.0422004 0.0498940 0.0406028 0.0404214 0.0922415 0.0423321 0.0547667 0.0452932 0.0651251 0.0441269 0.2219875 0.0562489 0.0615424 0.0709076 0.2563713 0.1490523 0.0413054 0.0657091 0.0372306 0.0599940 0.0660283 0.0413054 0.0801267 0.0599940 0.0599940 0.0660656 0.0703200 0.0511379 0.0511379 0.0562500 0.0664754 0.0615421 0.0664155 0.0562500 0.0615421 0.0615421 0.0611120 0.0562500 0.4177840 0.0513618 0.0361197 0.0513618 0.0267209 
Bbai76728_CASQ2    0.0568959 0.0098386 0.0000000 0.0537290 0.0534645 0.0639135 0.0639135 0.0500899 0.0148196 0.0417713 0.2055272 0.0546167 0.0540811 0.1727518 0.0612923 0.0473649 0.0475029 0.0473649 0.0580059 0.0747790 0.0370560 0.3894508 0.0346348 0.0402487 0.0543554 0.0473639 0.0505021 0.0580552 0.0506550 0.0274858 0.1738443 0.0397431 0.0798713 0.0700802 0.0504723 0.0539962 0.0439621 0.0558324 0.0579773 0.0441428 0.0439621 0.0439621 0.0472165 0.0564915 0.0343045 0.0305467 0.0368329 0.0408255 0.0243272 0.0274335 0.0493113 0.0455779 0.0336649 0.0396259 0.0747790 0.0376336 0.0411755 0.0456431 0.0536160 0.0425475 0.1887793 0.0575559 0.0509091 0.0573994 0.2134530 0.1172777 0.0404718 0.0511504 0.0471982 0.0609554 0.0506550 0.0373820 0.0603628 0.0501910 0.0663633 0.0618833 0.0654035 0.0407620 0.0504673 0.0487403 0.0656492 0.0476094 0.0574915 0.0441428 0.0623431 0.0477490 0.0542912 0.0441428 0.3604124 0.0415411 0.0337629 0.0408820 0.0348364 
BbonAUS_CASQ2      0.0113493 0.0606059 0.0537290 0.0000000 0.0288306 0.0380173 0.0380173 0.0347830 0.0363055 0.0304057 0.2320811 0.0680347 0.0643108 0.1959090 0.0567837 0.0598928 0.0600588 0.0598928 0.0680361 0.0762681 0.0685337 0.3883072 0.0503864 0.0654097 0.0263839 0.0598941 0.0628610 0.0680951 0.0630432 0.0531623 0.1840536 0.0714642 0.0883795 0.0822658 0.0727676 0.0662448 0.0566058 0.0629005 0.0680042 0.0568249 0.0566058 0.0566058 0.0597175 0.0754270 0.0678542 0.0561226 0.0623127 0.0677480 0.0500054 0.0530649 0.0863635 0.0741720 0.0591837 0.0703612 0.0762681 0.0658810 0.0752709 0.0707277 0.0658964 0.0555271 0.2037187 0.0696950 0.0601806 0.0695086 0.2429330 0.1169326 0.0599227 0.0636252 0.0549147 0.0761385 0.0630432 0.0569615 0.0821484 0.0690573 0.0786215 0.0717103 0.0680678 0.0535545 0.0609202 0.0615445 0.0720820 0.0570405 0.0696145 0.0568249 0.0651408 0.0571989 0.0645410 0.0568249 0.3614507 0.0545256 0.0531665 0.0537041 0.0602930 
Bbor_CASQ2         0.0330727 0.0652768 0.0534645 0.0288306 0.0000000 0.0136277 0.0143116 0.0218018 0.0315718 0.0468753 0.2003519 0.0678891 0.0541593 0.1811546 0.0496458 0.0568106 0.0599459 0.0568106 0.0643469 0.0692669 0.0650233 0.3713913 0.0508100 0.0652871 0.0295696 0.0570169 0.0596281 0.0679485 0.0597916 0.0529178 0.1702448 0.0712936 0.0908466 0.0818707 0.0694343 0.0632634 0.0537063 0.0627012 0.0678581 0.0567189 0.0537063 0.0565007 0.0566532 0.0714091 0.0591483 0.0558642 0.0589763 0.0629458 0.0502031 0.0502410 0.0921072 0.0737794 0.0574494 0.0743299 0.0692669 0.0619908 0.0673412 0.0667278 0.0655486 0.0587594 0.1884353 0.0660676 0.0600612 0.0660322 0.2289835 0.1321944 0.0566842 0.0635040 0.0627833 0.0798935 0.0597916 0.0538816 0.0817548 0.0683710 0.0829865 0.0715548 0.0724917 0.0508151 0.0576315 0.0614257 0.0785295 0.0540976 0.0694811 0.0539039 0.0691812 0.0570915 0.0610457 0.0539039 0.3271511 0.0518767 0.0590730 0.0509499 0.0598796 
Bede66737_CASQ2    0.0419074 0.0811775 0.0639135 0.0380173 0.0136277 0.0000000 0.0000010 0.0247330 0.0411916 0.0587327 0.2131944 0.0831026 0.0646185 0.1935500 0.0535716 0.0661504 0.0698470 0.0661504 0.0750512 0.0789825 0.0745589 0.3968730 0.0619983 0.0753080 0.0263030 0.0663946 0.0689991 0.0793181 0.0691921 0.0626629 0.1824124 0.0840163 0.0977006 0.0888733 0.0795374 0.0728020 0.0629640 0.0666767 0.0792040 0.0665390 0.0629640 0.0662809 0.0659658 0.0810494 0.0679398 0.0656524 0.0683646 0.0673572 0.0594041 0.0594498 0.1125652 0.0852671 0.0670311 0.0886951 0.0789825 0.0724076 0.0793721 0.0774931 0.0750909 0.0685541 0.2009869 0.0756341 0.0664580 0.0755868 0.2497205 0.1373214 0.0660405 0.0735425 0.0715638 0.0929428 0.0691921 0.0632058 0.0921274 0.0779459 0.0980730 0.0830099 0.0771343 0.0600245 0.0681937 0.0715996 0.0851627 0.0634284 0.0795868 0.0631973 0.0820839 0.0669838 0.0716906 0.0631973 0.3428880 0.0612956 0.0689537 0.0601856 0.0710508 
BedeAUS_CASQ2      0.0440616 0.0811775 0.0639135 0.0380173 0.0143116 0.0000010 0.0000000 0.0259838 0.0411916 0.0627643 0.2220873 0.0831026 0.0681941 0.2012144 0.0535716 0.0696514 0.0698470 0.0696514 0.0792422 0.0832387 0.0784926 0.4144044 0.0659721 0.0753080 0.0263030 0.0696549 0.0726489 0.0793181 0.0728636 0.0626629 0.1894093 0.0840163 0.0985271 0.0888733 0.0795374 0.0761301 0.0662809 0.0666767 0.0792040 0.0665390 0.0662809 0.0662809 0.0694476 0.0853659 0.0679398 0.0656524 0.0719473 0.0719800 0.0594367 0.0625471 0.1125652 0.0852671 0.0687624 0.0886951 0.0832387 0.0766211 0.0793721 0.0817728 0.0757913 0.0689430 0.2091048 0.0796852 0.0699941 0.0796313 0.2564717 0.1373214 0.0695333 0.0735425 0.0715638 0.0929428 0.0728636 0.0665505 0.0921274 0.0787876 0.0980730 0.0830099 0.0771343 0.0631826 0.0719872 0.0715996 0.0851627 0.0667958 0.0795868 0.0665390 0.0820839 0.0669838 0.0756900 0.0665390 0.3601521 0.0643425 0.0689537 0.0633612 0.0710508 
Bmus_CASQ2         0.0304674 0.0555607 0.0500899 0.0347830 0.0218018 0.0247330 0.0259838 0.0000000 0.0315585 0.0394338 0.1924472 0.0488322 0.0438980 0.1779141 0.0496680 0.0476019 0.0501906 0.0476019 0.0538319 0.0607682 0.0591086 0.3462218 0.0437988 0.0590786 0.0228775 0.0477700 0.0503822 0.0567929 0.0466709 0.0496340 0.1737815 0.0593253 0.0937992 0.0849224 0.0594684 0.0538498 0.0445829 0.0506965 0.0567234 0.0470484 0.0412109 0.0468690 0.0474696 0.0573457 0.0631301 0.0525612 0.0558015 0.0586828 0.0471037 0.0471389 0.0799582 0.0699071 0.0542123 0.0699365 0.0607682 0.0584690 0.0709330 0.0631032 0.0520227 0.0523972 0.1911502 0.0566224 0.0478123 0.0522547 0.2256048 0.1121367 0.0521074 0.0536100 0.0465422 0.0674379 0.0505174 0.0508241 0.0717709 0.0546055 0.0645862 0.0603103 0.0584630 0.0417434 0.0472654 0.0514074 0.0530223 0.0478196 0.0595113 0.0447454 0.0605256 0.0504331 0.0505938 0.0447454 0.3262646 0.0426021 0.0557342 0.0386832 0.0561317 
Bmys_CASQ2         0.0362835 0.0099706 0.0148196 0.0363055 0.0315718 0.0411916 0.0411916 0.0315585 0.0000000 0.0341262 0.1473397 0.0208674 0.0324385 0.1429926 0.0268447 0.0223035 0.0223035 0.0223035 0.0269122 0.0271229 0.0087835 0.4504168 0.0132272 0.0087835 0.0332086 0.0268631 0.0268631 0.0324399 0.0268631 0.0268921 0.1058390 0.0189938 0.0450123 0.0405503 0.0360188 0.0268815 0.0223035 0.0251611 0.0323806 0.0178044 0.0223035 0.0223035 0.0223035 0.0360523 0.0370968 0.0313840 0.0313779 0.0332105 0.0222699 0.0222699 0.0660195 0.0548654 0.0313840 0.0473172 0.0271229 0.0360643 0.0403956 0.0436152 0.0271350 0.0271350 0.1429926 0.0363177 0.0223353 0.0315745 0.1811254 0.0429894 0.0222364 0.0271348 0.0277697 0.0332756 0.0268631 0.0178067 0.0364054 0.0271350 0.0258106 0.0324571 0.0241801 0.0178044 0.0270248 0.0230289 0.0349426 0.0178044 0.0268888 0.0178044 0.0263105 0.0178044 0.0214737 0.0178044 0.2347749 0.0180637 0.0268163 0.0178044 0.0434982 
Bphy_CASQ2         0.0248668 0.0440080 0.0417713 0.0304057 0.0468753 0.0587327 0.0627643 0.0394338 0.0341262 0.0000000 0.1801798 0.0237347 0.0552357 0.1760481 0.0450383 0.0508899 0.0545417 0.0508899 0.0643739 0.0512772 0.0502004 0.2546667 0.0539562 0.0535623 0.0364071 0.0473374 0.0507218 0.0593439 0.0469639 0.0499404 0.1193890 0.0463236 0.0585679 0.0578809 0.0621859 0.0552251 0.0432148 0.0516289 0.0691483 0.0503777 0.0432148 0.0461223 0.0432148 0.0543326 0.0697222 0.0537920 0.0466586 0.0468222 0.0466437 0.0429790 0.0939389 0.0779501 0.0520655 0.0670347 0.0512772 0.0488743 0.0639117 0.0681834 0.0547923 0.0547923 0.1760481 0.0586238 0.0470109 0.0586915 0.2176586 0.0579657 0.0356224 0.0550138 0.0636395 0.0647467 0.0469639 0.0320846 0.0624988 0.0547923 0.0659628 0.0693135 0.0704853 0.0432720 0.0554249 0.0563029 0.0550621 0.0471778 0.0627822 0.0471778 0.0651190 0.0505581 0.0599698 0.0471778 0.2509404 0.0444329 0.0457533 0.0434187 0.0592543 
Btau_CASQ1         0.2196027 0.2524616 0.2055272 0.2320811 0.2003519 0.2131944 0.2220873 0.1924472 0.1473397 0.1801798 0.0000000 0.2465015 0.2216621 0.0834197 0.2312591 0.2222420 0.2323703 0.2222420 0.2437009 0.2188446 0.2048017 0.3740428 0.1710674 0.2168353 0.2359299 0.2232866 0.2254000 0.2552548 0.2170036 0.2200317 0.2444818 0.2286835 0.2272623 0.2262266 0.2347845 0.2319658 0.2104474 0.2486701 0.2545054 0.2279994 0.2026192 0.2190757 0.2104474 0.1937625 0.2280196 0.2232916 0.2110954 0.2249774 0.2108747 0.2038790 0.2781327 0.2490956 0.2209348 0.2559844 0.2188446 0.2113137 0.2176017 0.2261722 0.2129032 0.2133625 0.0946620 0.2350725 0.2273500 0.2246623 0.1212623 0.2564463 0.1978732 0.2303207 0.2448158 0.2700321 0.2261881 0.2027274 0.2482142 0.2196748 0.2767019 0.2598864 0.2939235 0.2144861 0.2354323 0.2313637 0.3042670 0.2235223 0.2446587 0.2188218 0.2747207 0.2337928 0.2397740 0.2188218 0.3238430 0.2159545 0.2239150 0.2068673 0.2374735 
Ccom40_CASQ2       0.0632601 0.0665376 0.0546167 0.0680347 0.0678891 0.0831026 0.0831026 0.0488322 0.0208674 0.0237347 0.2465015 0.0000000 0.0095504 0.1742038 0.0701906 0.0129722 0.0129722 0.0129722 0.0144437 0.0637705 0.0626913 0.2500159 0.0358440 0.0580179 0.0610099 0.0172438 0.0216307 0.0241961 0.0217183 0.0490641 0.2032498 0.0562469 0.0729655 0.0686312 0.0398148 0.0261755 0.0042766 0.0165596 0.0193068 0.0173386 0.0042766 0.0042766 0.0085836 0.0490829 0.0655838 0.0488889 0.0581849 0.0572771 0.0443292 0.0489283 0.0766807 0.0599376 0.0535702 0.0767929 0.0637705 0.0534954 0.0651033 0.0597803 0.0585220 0.0520535 0.1976218 0.0173353 0.0218672 0.0352273 0.2329265 0.1457984 0.0540617 0.0260435 0.0310213 0.0659051 0.0217183 0.0540617 0.0634830 0.0538389 0.0659051 0.0341592 0.0345854 0.0129039 0.0192616 0.0217635 0.0281728 0.0218709 0.0307866 0.0173386 0.0292745 0.0218709 0.0193107 0.0173386 0.3972480 0.0173386 0.0535554 0.0173386 0.0598877 
Chea7320_CASQ2     0.0673717 0.0608086 0.0540811 0.0643108 0.0541593 0.0646185 0.0681941 0.0438980 0.0324385 0.0552357 0.2216621 0.0095504 0.0000000 0.1748455 0.0676121 0.0122131 0.0128513 0.0122131 0.0152972 0.0576047 0.0570441 0.4033163 0.0426971 0.0566543 0.0577115 0.0183270 0.0214352 0.0226265 0.0214966 0.0532521 0.1816894 0.0476128 0.0888766 0.0823126 0.0326819 0.0247388 0.0030216 0.0069823 0.0160916 0.0160937 0.0030216 0.0031775 0.0060581 0.0439315 0.0637777 0.0565907 0.0603015 0.0548235 0.0503792 0.0504221 0.0744748 0.0636758 0.0584329 0.0705665 0.0576047 0.0564810 0.0703912 0.0569619 0.0537190 0.0490728 0.1910856 0.0152911 0.0184678 0.0246615 0.2256230 0.1078985 0.0541208 0.0225558 0.0306904 0.0519166 0.0214966 0.0477921 0.0567220 0.0504372 0.0603306 0.0259361 0.0242968 0.0121676 0.0152685 0.0193727 0.0288129 0.0184702 0.0294621 0.0152932 0.0218717 0.0194436 0.0183886 0.0152932 0.3489541 0.0122023 0.0602323 0.0122023 0.0566129 
Chir_CASQ1         0.1945770 0.1973104 0.1727518 0.1959090 0.1811546 0.1935500 0.2012144 0.1779141 0.1429926 0.1760481 0.0834197 0.1742038 0.1748455 0.0000000 0.1896695 0.1814882 0.1890042 0.1814882 0.1956412 0.1934903 0.1718000 0.3594490 0.1674898 0.1817363 0.2105392 0.1890567 0.1913157 0.2120378 0.1853665 0.1850060 0.2093479 0.1880906 0.2012500 0.1991672 0.2028845 0.1975324 0.1702849 0.1876542 0.2033687 0.1919713 0.1654953 0.1765153 0.1702849 0.1638705 0.1899466 0.1882361 0.1850941 0.1781986 0.1779061 0.1780568 0.1993415 0.1993318 0.1867898 0.2049503 0.1934903 0.1675669 0.1724934 0.1874048 0.1882303 0.1941080 0.0075187 0.2003311 0.1929307 0.1926927 0.0972253 0.2456915 0.1745088 0.1977014 0.2333452 0.2064355 0.1919595 0.1775369 0.2036058 0.1815088 0.2085086 0.2164688 0.2257840 0.1807581 0.1953091 0.1944165 0.2166767 0.1892619 0.2082113 0.1848628 0.2198356 0.1972962 0.1994911 0.1848628 0.2980436 0.1814497 0.1887515 0.1755821 0.2042373 
Cmar59905_CASQ2    0.0602733 0.0703100 0.0612923 0.0567837 0.0496458 0.0535716 0.0535716 0.0496680 0.0268447 0.0450383 0.2312591 0.0701906 0.0676121 0.1896695 0.0000000 0.0678163 0.0678163 0.0678163 0.0713477 0.0942980 0.0669137 0.4460958 0.0498161 0.0634102 0.0434119 0.0676077 0.0711758 0.0714112 0.0714112 0.0600874 0.2010207 0.0750167 0.0928513 0.0859544 0.0788859 0.0750693 0.0640520 0.0706789 0.0713142 0.0643316 0.0640520 0.0640520 0.0675936 0.0744519 0.0676612 0.0634337 0.0705678 0.0846136 0.0564897 0.0599631 0.0922279 0.0774422 0.0669109 0.0789787 0.0942980 0.0715722 0.0742402 0.0739998 0.0820793 0.0708297 0.1984161 0.0643324 0.0646103 0.0749308 0.2437393 0.1408587 0.0572295 0.0711606 0.0632427 0.0843714 0.0714112 0.0539001 0.0935176 0.0784611 0.0881350 0.0750316 0.0818220 0.0605868 0.0642249 0.0679417 0.0847793 0.0646095 0.0751296 0.0643316 0.0730994 0.0646095 0.0678526 0.0643316 0.3529461 0.0607785 0.0671197 0.0607785 0.0565486 
Dcap108471_CASQ2   0.0596080 0.0610671 0.0473649 0.0598928 0.0568106 0.0661504 0.0696514 0.0476019 0.0223035 0.0508899 0.2222420 0.0129722 0.0122131 0.1814882 0.0678163 0.0000000 0.0000010 0.0000010 0.0030212 0.0569684 0.0534627 0.3881506 0.0438312 0.0531533 0.0578905 0.0108894 0.0135618 0.0161267 0.0135959 0.0470909 0.1752970 0.0477756 0.0847262 0.0789401 0.0230637 0.0108789 0.0081126 0.0176675 0.0031758 0.0028167 0.0081126 0.0085161 0.0108402 0.0418402 0.0595887 0.0500419 0.0534198 0.0516451 0.0446732 0.0447068 0.0687779 0.0637888 0.0517640 0.0708267 0.0569684 0.0462012 0.0568096 0.0571267 0.0534515 0.0433231 0.1959945 0.0191954 0.0136540 0.0135560 0.2187227 0.0969348 0.0508397 0.0144023 0.0469782 0.0598889 0.0135959 0.0452271 0.0563048 0.0505307 0.0696957 0.0127974 0.0119897 0.0053931 0.0091422 0.0057864 0.0113099 0.0053994 0.0172295 0.0026846 0.0071826 0.0056812 0.0060531 0.0026846 0.3428901 0.0054732 0.0532283 0.0053807 0.0567856 
Dcap79929_CASQ2    0.0628947 0.0610671 0.0475029 0.0600588 0.0599459 0.0698470 0.0698470 0.0501906 0.0223035 0.0545417 0.2323703 0.0129722 0.0128513 0.1890042 0.0678163 0.0000010 0.0000000 0.0000010 0.0031771 0.0601222 0.0563853 0.4064274 0.0467331 0.0532984 0.0578905 0.0113938 0.0142754 0.0161267 0.0143133 0.0472186 0.1824497 0.0477756 0.0852718 0.0791632 0.0231246 0.0113725 0.0085382 0.0176675 0.0031758 0.0028238 0.0085382 0.0085382 0.0114102 0.0410286 0.0595887 0.0501778 0.0563371 0.0552069 0.0440878 0.0471331 0.0687779 0.0637888 0.0532257 0.0708267 0.0601222 0.0489789 0.0569961 0.0602293 0.0532323 0.0425635 0.2044368 0.0202174 0.0143777 0.0142690 0.2244478 0.0972487 0.0536311 0.0144023 0.0469782 0.0598889 0.0143133 0.0477111 0.0564591 0.0501626 0.0696957 0.0127974 0.0119897 0.0056742 0.0096181 0.0057864 0.0113099 0.0056812 0.0172747 0.0028238 0.0071826 0.0056812 0.0063658 0.0028238 0.3611806 0.0057281 0.0533738 0.0056615 0.0567856 
DdelSJR_CASQ2      0.0596080 0.0610671 0.0473649 0.0598928 0.0568106 0.0661504 0.0696514 0.0476019 0.0223035 0.0508899 0.2222420 0.0129722 0.0122131 0.1814882 0.0678163 0.0000010 0.0000010 0.0000000 0.0030212 0.0569684 0.0534627 0.3881506 0.0438312 0.0531533 0.0578905 0.0108894 0.0135618 0.0161267 0.0135959 0.0470909 0.1752970 0.0477756 0.0847262 0.0789401 0.0230637 0.0108789 0.0081126 0.0176675 0.0031758 0.0028167 0.0081126 0.0085161 0.0108402 0.0418402 0.0595887 0.0500419 0.0534198 0.0516451 0.0446732 0.0447068 0.0687779 0.0637888 0.0517640 0.0708267 0.0569684 0.0462012 0.0568096 0.0571267 0.0534515 0.0433231 0.1959945 0.0191954 0.0136540 0.0135560 0.2187227 0.0969348 0.0508397 0.0144023 0.0469782 0.0598889 0.0135959 0.0452271 0.0563048 0.0505307 0.0696957 0.0127974 0.0119897 0.0053931 0.0091422 0.0057864 0.0113099 0.0053994 0.0172295 0.0026846 0.0071826 0.0056812 0.0060531 0.0026846 0.3428901 0.0054732 0.0532283 0.0053807 0.0567856 
Ddeltrop4525_CASQ2 0.0709155 0.0659503 0.0580059 0.0680361 0.0643469 0.0750512 0.0792422 0.0538319 0.0269122 0.0643739 0.2437009 0.0144437 0.0152972 0.1956412 0.0713477 0.0030212 0.0031771 0.0030212 0.0000000 0.0679655 0.0605033 0.4186578 0.0509286 0.0602912 0.0614198 0.0152717 0.0183719 0.0193927 0.0184244 0.0499659 0.1855947 0.0515657 0.0995090 0.0935725 0.0294101 0.0152978 0.0122064 0.0212503 0.0063650 0.0063658 0.0122064 0.0128439 0.0152954 0.0407719 0.0554696 0.0533057 0.0571724 0.0550954 0.0472682 0.0473084 0.0687779 0.0602987 0.0551650 0.0664805 0.0679655 0.0529693 0.0662742 0.0538401 0.0638242 0.0526088 0.2122936 0.0122322 0.0153888 0.0152188 0.2391806 0.1169228 0.0575848 0.0193323 0.0550693 0.0637736 0.0184244 0.0512301 0.0674279 0.0604879 0.0742394 0.0160303 0.0160281 0.0091254 0.0122142 0.0095790 0.0113099 0.0091375 0.0194217 0.0060531 0.0107993 0.0096128 0.0030199 0.0060531 0.3631009 0.0091018 0.0569324 0.0091018 0.0602464 
Dleu_CASQ2         0.0692372 0.0922415 0.0747790 0.0762681 0.0692669 0.0789825 0.0832387 0.0607682 0.0271229 0.0512772 0.2188446 0.0637705 0.0576047 0.1934903 0.0942980 0.0569684 0.0601222 0.0569684 0.0679655 0.0000000 0.0751584 0.3877818 0.0476920 0.0759446 0.0807110 0.0571750 0.0597941 0.0717962 0.0553185 0.0725694 0.1869525 0.0761472 0.0988378 0.0934759 0.0631285 0.0634438 0.0479138 0.0589915 0.0716979 0.0568835 0.0442506 0.0504001 0.0508409 0.0607332 0.0948626 0.0755992 0.0778886 0.0860358 0.0687488 0.0688028 0.1071968 0.1009190 0.0768995 0.1035700 0.0000010 0.0728109 0.0879384 0.0849545 0.0551506 0.0527084 0.2003610 0.0662574 0.0602298 0.0609465 0.2389146 0.1055657 0.0698454 0.0636945 0.0554160 0.0644262 0.0599586 0.0700531 0.0629896 0.0524199 0.0702517 0.0754381 0.0773895 0.0509520 0.0611908 0.0616117 0.0796148 0.0542460 0.0732858 0.0540512 0.0694701 0.0572584 0.0646379 0.0540512 0.3297423 0.0520198 0.0758985 0.0471565 0.0861217 
EausAUS_CASQ2      0.0651203 0.0456073 0.0370560 0.0685337 0.0650233 0.0745589 0.0784926 0.0591086 0.0087835 0.0502004 0.2048017 0.0626913 0.0570441 0.1718000 0.0669137 0.0534627 0.0563853 0.0534627 0.0605033 0.0751584 0.0000000 0.3713913 0.0032508 0.0028091 0.0643200 0.0536536 0.0562555 0.0638542 0.0564079 0.0495513 0.1794554 0.0511230 0.0835367 0.0777881 0.0622092 0.0598157 0.0504010 0.0624405 0.0568709 0.0532019 0.0504010 0.0529987 0.0533145 0.0560277 0.0627619 0.0524729 0.0557757 0.0507371 0.0470299 0.0470649 0.0731728 0.0698559 0.0541224 0.0693955 0.0751584 0.0520746 0.0632975 0.0564673 0.0622088 0.0524190 0.1859409 0.0625981 0.0566599 0.0624443 0.2114810 0.1118273 0.0473723 0.0567578 0.0384395 0.0676498 0.0564079 0.0446121 0.0719517 0.0592547 0.0689468 0.0603517 0.0632467 0.0475396 0.0538683 0.0545975 0.0780564 0.0537095 0.0658055 0.0505850 0.0685504 0.0566605 0.0572378 0.0505850 0.3200285 0.0455702 0.0556395 0.0476644 0.0560257 
Ecab_CASQ1         0.3504505 0.4870967 0.3894508 0.3883072 0.3713913 0.3968730 0.4144044 0.3462218 0.4504168 0.2546667 0.3740428 0.2500159 0.4033163 0.3594490 0.4460958 0.3881506 0.4064274 0.3881506 0.4186578 0.3877818 0.3713913 0.0000000 0.3909413 0.3915355 0.4224462 0.3938563 0.3950991 0.4278762 0.3562679 0.4032809 0.4281127 0.4302826 0.4120801 0.4055839 0.4128461 0.4095589 0.3734603 0.4303031 0.4376482 0.4090770 0.3463095 0.3891944 0.3691276 0.3579412 0.4897523 0.3975572 0.3907895 0.2782185 0.3857588 0.3817667 0.5748033 0.4305492 0.3899773 0.4884618 0.3877818 0.3983224 0.4370752 0.4155392 0.3612710 0.3871932 0.3762162 0.3917430 0.3822942 0.3803654 0.3967397 0.4824809 0.3589349 0.4231536 0.2554309 0.4597550 0.3843755 0.3742843 0.4123542 0.3641520 0.4945954 0.4545918 0.5088241 0.3864916 0.4183355 0.4195873 0.6150510 0.3984798 0.4329383 0.3920554 0.4839767 0.4175617 0.4231548 0.3920554 0.4588176 0.3924412 0.4033652 0.3590828 0.4033197 
Egla13086_CASQ2    0.0473809 0.0319155 0.0346348 0.0503864 0.0508100 0.0619983 0.0659721 0.0437988 0.0132272 0.0539562 0.1710674 0.0358440 0.0426971 0.1674898 0.0498161 0.0438312 0.0467331 0.0438312 0.0509286 0.0476920 0.0032508 0.3909413 0.0000000 0.0034470 0.0463941 0.0440171 0.0471802 0.0498856 0.0436942 0.0500962 0.1306373 0.0422710 0.0653143 0.0612193 0.0538041 0.0477622 0.0367680 0.0370516 0.0458029 0.0429271 0.0367680 0.0390531 0.0367680 0.0506688 0.0624869 0.0536830 0.0505150 0.0412675 0.0470029 0.0435741 0.0782960 0.0715370 0.0520751 0.0655752 0.0476920 0.0493351 0.0632251 0.0547241 0.0439803 0.0439803 0.1674898 0.0509450 0.0402653 0.0510014 0.1969139 0.0489154 0.0366870 0.0433641 0.0464497 0.0432336 0.0436942 0.0333758 0.0503908 0.0439803 0.0401954 0.0544671 0.0504257 0.0368129 0.0428297 0.0442933 0.0552362 0.0403977 0.0542797 0.0403977 0.0483651 0.0430686 0.0469282 0.0403977 0.2462508 0.0342075 0.0501549 0.0369285 0.0583789 
Ejap43864_CASQ2    0.0653895 0.0503603 0.0402487 0.0654097 0.0652871 0.0753080 0.0753080 0.0590786 0.0087835 0.0535623 0.2168353 0.0580179 0.0566543 0.1817363 0.0634102 0.0531533 0.0532984 0.0531533 0.0602912 0.0759446 0.0028091 0.3915355 0.0034470 0.0000000 0.0607795 0.0531533 0.0560845 0.0603395 0.0562439 0.0465336 0.1899176 0.0549413 0.0806226 0.0746323 0.0591154 0.0593829 0.0499425 0.0586015 0.0533892 0.0501339 0.0499425 0.0499425 0.0529987 0.0558460 0.0586649 0.0494490 0.0555827 0.0498456 0.0434502 0.0464495 0.0672693 0.0663662 0.0524515 0.0651137 0.0759446 0.0516616 0.0596276 0.0560524 0.0591706 0.0488159 0.1967616 0.0627426 0.0565077 0.0625807 0.2198337 0.1118273 0.0467683 0.0536494 0.0384395 0.0637101 0.0562439 0.0438725 0.0687993 0.0560863 0.0644279 0.0568533 0.0588398 0.0469410 0.0533146 0.0514450 0.0717346 0.0534109 0.0626745 0.0501339 0.0645578 0.0535574 0.0568567 0.0501339 0.3398107 0.0446922 0.0525954 0.0470703 0.0525979 
Erob133443_CASQ2   0.0297539 0.0613658 0.0543554 0.0263839 0.0295696 0.0263030 0.0263030 0.0228775 0.0332086 0.0364071 0.2359299 0.0610099 0.0577115 0.2105392 0.0434119 0.0578905 0.0578905 0.0578905 0.0614198 0.0807110 0.0643200 0.4224462 0.0463941 0.0607795 0.0000000 0.0577100 0.0612685 0.0614704 0.0614704 0.0536645 0.1902108 0.0642229 0.0939433 0.0831456 0.0653136 0.0651111 0.0541641 0.0587261 0.0613912 0.0544020 0.0541641 0.0541641 0.0576973 0.0752314 0.0641353 0.0570283 0.0640718 0.0682651 0.0500773 0.0535528 0.0877155 0.0710599 0.0605097 0.0710976 0.0807110 0.0684142 0.0796668 0.0676052 0.0722925 0.0643373 0.2196320 0.0544008 0.0546355 0.0649924 0.2569312 0.1380428 0.0577374 0.0612563 0.0465422 0.0853584 0.0614704 0.0543763 0.0945072 0.0792754 0.0893554 0.0615183 0.0678536 0.0506988 0.0543097 0.0579946 0.0718321 0.0546367 0.0651650 0.0544020 0.0618571 0.0546367 0.0579212 0.0544020 0.3833957 0.0508600 0.0607004 0.0508600 0.0571456 
Fatt_CASQ2         0.0598238 0.0608053 0.0473639 0.0598941 0.0570169 0.0663946 0.0696549 0.0477700 0.0268631 0.0473374 0.2232866 0.0172438 0.0183270 0.1890567 0.0676077 0.0108894 0.0113938 0.0108894 0.0152717 0.0571750 0.0536536 0.3938563 0.0440171 0.0531533 0.0577100 0.0000000 0.0026996 0.0031846 0.0027063 0.0470908 0.1760792 0.0476135 0.0847346 0.0789468 0.0172287 0.0109394 0.0136054 0.0211709 0.0160633 0.0085330 0.0136054 0.0142352 0.0163618 0.0447657 0.0637739 0.0500413 0.0536104 0.0473406 0.0448302 0.0448640 0.0684215 0.0705051 0.0517637 0.0705598 0.0571750 0.0463806 0.0568102 0.0569606 0.0536422 0.0434804 0.2037084 0.0192600 0.0136996 0.0136782 0.2197474 0.0969506 0.0510215 0.0085715 0.0386132 0.0596841 0.0027063 0.0453881 0.0563053 0.0507102 0.0694209 0.0193505 0.0161128 0.0054107 0.0091157 0.0116570 0.0229416 0.0109364 0.0231982 0.0081557 0.0144950 0.0114453 0.0121984 0.0081557 0.3449103 0.0110215 0.0532283 0.0108980 0.0566117 
Ggri_CASQ2         0.0624222 0.0657279 0.0505021 0.0628610 0.0596281 0.0689991 0.0726489 0.0503822 0.0268631 0.0507218 0.2254000 0.0216307 0.0214352 0.1913157 0.0711758 0.0135618 0.0142754 0.0135618 0.0183719 0.0597941 0.0562555 0.3950991 0.0471802 0.0560845 0.0612685 0.0026996 0.0000000 0.0063862 0.0053931 0.0500150 0.1784061 0.0514263 0.0876148 0.0819446 0.0200947 0.0136709 0.0162665 0.0247712 0.0193266 0.0113744 0.0162665 0.0170776 0.0190183 0.0503266 0.0637739 0.0529641 0.0562100 0.0514476 0.0474473 0.0474830 0.0744531 0.0740552 0.0546181 0.0749538 0.0597941 0.0492602 0.0603299 0.0602754 0.0562436 0.0461936 0.2059052 0.0219298 0.0163789 0.0163532 0.2218784 0.1003555 0.0536449 0.0114556 0.0466249 0.0636017 0.0053931 0.0480358 0.0592452 0.0533181 0.0740108 0.0226354 0.0202077 0.0080867 0.0121849 0.0146063 0.0288110 0.0136203 0.0260901 0.0108346 0.0181727 0.0143403 0.0152864 0.0108346 0.3463947 0.0138080 0.0561628 0.0135725 0.0601005 
Gmac39091_CASQ2    0.0748949 0.0660283 0.0580552 0.0680951 0.0679485 0.0793181 0.0793181 0.0567929 0.0324399 0.0593439 0.2552548 0.0241961 0.0226265 0.2120378 0.0714112 0.0161267 0.0161267 0.0161267 0.0193927 0.0717962 0.0638542 0.4278762 0.0498856 0.0603395 0.0614704 0.0031846 0.0063862 0.0000000 0.0000010 0.0569120 0.1932496 0.0516077 0.1006326 0.0936722 0.0227855 0.0161515 0.0193417 0.0248535 0.0193847 0.0128802 0.0193417 0.0193417 0.0226234 0.0566479 0.0682380 0.0602699 0.0673156 0.0647111 0.0533174 0.0567937 0.0748711 0.0742989 0.0637513 0.0752596 0.0717962 0.0601227 0.0706618 0.0637534 0.0637622 0.0481868 0.2298969 0.0063596 0.0096034 0.0161261 0.2455353 0.1171826 0.0607896 0.0128164 0.0386132 0.0638326 0.0000010 0.0540811 0.0674856 0.0602529 0.0743263 0.0227040 0.0202841 0.0096034 0.0128581 0.0161504 0.0289677 0.0162096 0.0262004 0.0128802 0.0182344 0.0162096 0.0161343 0.0128802 0.3784072 0.0161419 0.0639513 0.0161419 0.0602946 
Gmel_CASQ2         0.0577663 0.0660283 0.0506550 0.0630432 0.0597916 0.0691921 0.0728636 0.0466709 0.0268631 0.0469639 0.2170036 0.0217183 0.0214966 0.1853665 0.0714112 0.0135959 0.0143133 0.0135959 0.0184244 0.0553185 0.0564079 0.3562679 0.0436942 0.0562439 0.0614704 0.0027063 0.0053931 0.0000010 0.0000000 0.0501560 0.1790014 0.0516077 0.0878675 0.0821892 0.0201485 0.0137056 0.0163075 0.0248535 0.0193847 0.0114044 0.0151026 0.0171229 0.0190665 0.0466224 0.0682380 0.0531138 0.0563621 0.0516432 0.0475739 0.0476098 0.0748711 0.0742989 0.0547691 0.0752596 0.0553185 0.0494054 0.0605370 0.0604602 0.0520819 0.0432070 0.1987852 0.0163171 0.0108332 0.0151766 0.2103636 0.1007750 0.0496589 0.0114860 0.0386132 0.0638326 0.0000010 0.0481656 0.0594147 0.0493802 0.0743263 0.0227040 0.0202841 0.0081068 0.0122193 0.0146459 0.0289677 0.0136547 0.0261611 0.0108618 0.0182344 0.0143785 0.0153299 0.0108618 0.3202999 0.0138435 0.0563227 0.0125997 0.0602946 
Hamp_CASQ2         0.0559703 0.0314808 0.0274858 0.0531623 0.0529178 0.0626629 0.0626629 0.0496340 0.0268921 0.0499404 0.2200317 0.0490641 0.0532521 0.1850060 0.0600874 0.0470909 0.0472186 0.0470909 0.0499659 0.0725694 0.0495513 0.4032809 0.0500962 0.0465336 0.0536645 0.0470908 0.0500150 0.0569120 0.0501560 0.0000000 0.1757110 0.0511847 0.0775534 0.0684211 0.0530277 0.0532662 0.0439206 0.0508010 0.0568421 0.0440890 0.0439206 0.0439206 0.0469543 0.0495631 0.0112584 0.0055952 0.0112423 0.0160744 0.0027906 0.0055937 0.0106914 0.0190793 0.0084085 0.0116683 0.0725694 0.0124403 0.0168946 0.0158827 0.0590176 0.0520143 0.2000579 0.0565749 0.0503902 0.0564322 0.2347133 0.1150371 0.0436768 0.0506123 0.0706702 0.0671842 0.0501560 0.0378845 0.0684233 0.0557877 0.0733026 0.0604388 0.0586042 0.0409376 0.0499181 0.0483632 0.0660375 0.0473174 0.0565164 0.0440890 0.0606711 0.0474465 0.0465637 0.0440890 0.3675342 0.0416661 0.0169498 0.0410500 0.0223935 
Hippo_CASQ2        0.1849767 0.2061607 0.1738443 0.1840536 0.1702448 0.1824124 0.1894093 0.1737815 0.1058390 0.1193890 0.2444818 0.2032498 0.1816894 0.2093479 0.2010207 0.1752970 0.1824497 0.1752970 0.1855947 0.1869525 0.1794554 0.4281127 0.1306373 0.1899176 0.1902108 0.1760792 0.1784061 0.1932496 0.1790014 0.1757110 0.0000000 0.1910779 0.2025513 0.2047863 0.1762789 0.1769718 0.1715030 0.1915464 0.1927702 0.1783421 0.1715030 0.1778486 0.1715030 0.1850875 0.1997146 0.1789651 0.1691201 0.1978383 0.1690847 0.1692294 0.2597928 0.1849074 0.1703511 0.2246748 0.1869525 0.1731896 0.1968689 0.1824786 0.1888786 0.1694756 0.2283074 0.1872374 0.1799073 0.1866978 0.2768354 0.2335662 0.1779267 0.1876620 0.1182138 0.2136729 0.1790014 0.1748401 0.1965155 0.1853192 0.2233311 0.1979142 0.2238910 0.1679135 0.1776093 0.1839077 0.2545501 0.1762729 0.1904574 0.1719576 0.2126123 0.1835291 0.1817754 0.1719576 0.3710421 0.1718720 0.1831521 0.1684060 0.1854781 
Igeo_CASQ2         0.0792455 0.0517938 0.0397431 0.0714642 0.0712936 0.0840163 0.0840163 0.0593253 0.0189938 0.0463236 0.2286835 0.0562469 0.0476128 0.1880906 0.0750167 0.0477756 0.0477756 0.0477756 0.0515657 0.0761472 0.0511230 0.4302826 0.0422710 0.0549413 0.0642229 0.0476135 0.0514263 0.0516077 0.0516077 0.0511847 0.1910779 0.0000000 0.0992353 0.0915800 0.0513909 0.0555034 0.0438164 0.0529561 0.0515402 0.0440260 0.0438164 0.0438164 0.0476016 0.0550049 0.0563039 0.0548509 0.0625189 0.0600000 0.0472886 0.0510686 0.0619969 0.0662730 0.0586410 0.0628439 0.0761472 0.0538290 0.0581736 0.0586444 0.0591023 0.0542935 0.2072661 0.0440232 0.0480607 0.0553960 0.2474486 0.1177222 0.0517813 0.0514163 0.0577163 0.0585642 0.0516077 0.0517813 0.0476727 0.0552535 0.0674151 0.0554753 0.0619234 0.0400965 0.0439441 0.0478653 0.0534535 0.0480629 0.0557514 0.0440260 0.0550196 0.0480629 0.0478026 0.0440260 0.4099295 0.0402338 0.0547060 0.0402338 0.0548742 
Kbre_CASQ2         0.0908878 0.1054465 0.0798713 0.0883795 0.0908466 0.0977006 0.0985271 0.0937992 0.0450123 0.0585679 0.2272623 0.0729655 0.0888766 0.2012500 0.0928513 0.0847262 0.0852718 0.0847262 0.0995090 0.0988378 0.0835367 0.4120801 0.0653143 0.0806226 0.0939433 0.0847346 0.0876148 0.1006326 0.0878675 0.0775534 0.2025513 0.0992353 0.0000000 0.0171230 0.0911915 0.0910626 0.0752426 0.0864905 0.1004707 0.0818937 0.0752426 0.0751749 0.0783021 0.0872226 0.1055307 0.0805400 0.0804843 0.0896000 0.0773337 0.0773947 0.1295701 0.1061007 0.0816560 0.1141846 0.0988378 0.0857089 0.0973079 0.1013683 0.0971706 0.0943853 0.2087669 0.0945901 0.0882765 0.0880632 0.2507922 0.1354189 0.0593924 0.0891188 0.0629145 0.1171808 0.0878675 0.0565982 0.1079489 0.0969209 0.1215659 0.1044048 0.1097485 0.0783938 0.0924407 0.0874278 0.1189056 0.0820147 0.0951612 0.0817078 0.1062674 0.0824468 0.0960672 0.0817078 0.3468926 0.0797844 0.0839076 0.0786077 0.0915788 
Ksim_CASQ2         0.0853228 0.0906956 0.0700802 0.0822658 0.0818707 0.0888733 0.0888733 0.0849224 0.0405503 0.0578809 0.2262266 0.0686312 0.0823126 0.1991672 0.0859544 0.0789401 0.0791632 0.0789401 0.0935725 0.0934759 0.0777881 0.4055839 0.0612193 0.0746323 0.0831456 0.0789468 0.0819446 0.0936722 0.0821892 0.0684211 0.2047863 0.0915800 0.0171230 0.0000000 0.0850952 0.0854946 0.0691414 0.0829128 0.0935264 0.0758082 0.0691414 0.0691414 0.0723081 0.0846977 0.0930326 0.0714024 0.0777992 0.0813253 0.0651808 0.0682950 0.1114175 0.0955654 0.0745973 0.1011444 0.0934759 0.0759336 0.0862387 0.0919422 0.0884818 0.0852812 0.2069815 0.0891254 0.0825868 0.0888692 0.2464779 0.1321843 0.0497762 0.0829551 0.0629145 0.1051398 0.0821892 0.0468774 0.0984519 0.0849990 0.1076906 0.0974274 0.1056532 0.0723941 0.0862100 0.0811615 0.1063689 0.0761033 0.0890072 0.0758082 0.0983791 0.0763188 0.0899814 0.0758082 0.3650067 0.0737287 0.0747214 0.0725994 0.0811592 
Lacu_CASQ2         0.0755987 0.0656311 0.0504723 0.0727676 0.0694343 0.0795374 0.0795374 0.0594684 0.0360188 0.0621859 0.2347845 0.0398148 0.0326819 0.2028845 0.0788859 0.0230637 0.0231246 0.0230637 0.0294101 0.0631285 0.0622092 0.4128461 0.0538041 0.0591154 0.0653136 0.0172287 0.0200947 0.0227855 0.0201485 0.0530277 0.1762789 0.0513909 0.0911915 0.0850952 0.0000000 0.0230961 0.0259340 0.0322704 0.0293977 0.0201520 0.0259340 0.0259340 0.0288809 0.0498241 0.0679204 0.0559807 0.0621549 0.0549782 0.0498791 0.0529307 0.0683527 0.0775378 0.0590340 0.0705081 0.0631285 0.0553996 0.0602890 0.0669929 0.0559552 0.0519187 0.2184376 0.0320742 0.0261254 0.0260808 0.2313058 0.0965360 0.0594855 0.0202978 0.0546659 0.0635267 0.0201485 0.0535804 0.0622911 0.0559654 0.0739118 0.0328471 0.0245325 0.0171845 0.0227509 0.0236689 0.0291844 0.0231703 0.0352255 0.0201520 0.0257712 0.0232317 0.0261004 0.0201520 0.3519479 0.0234235 0.0591973 0.0230834 0.0635365 
Lalb_CASQ2         0.0660915 0.0660400 0.0539962 0.0662448 0.0632634 0.0728020 0.0761301 0.0538498 0.0268815 0.0552251 0.2319658 0.0261755 0.0247388 0.1975324 0.0750693 0.0108789 0.0113725 0.0108789 0.0152978 0.0634438 0.0598157 0.4095589 0.0477622 0.0593829 0.0651111 0.0109394 0.0136709 0.0161515 0.0137056 0.0532662 0.1769718 0.0555034 0.0910626 0.0854946 0.0230961 0.0000000 0.0192087 0.0285099 0.0160298 0.0084951 0.0192087 0.0200361 0.0220004 0.0537907 0.0680374 0.0562328 0.0597660 0.0603082 0.0508685 0.0509074 0.0748839 0.0779406 0.0578203 0.0752688 0.0634438 0.0530634 0.0643282 0.0640940 0.0598034 0.0497183 0.2123975 0.0249755 0.0193432 0.0136650 0.2283856 0.1007043 0.0571868 0.0144006 0.0552286 0.0638421 0.0137056 0.0515080 0.0625743 0.0568335 0.0743361 0.0193103 0.0120066 0.0109127 0.0153804 0.0057849 0.0170494 0.0109258 0.0172251 0.0081478 0.0108080 0.0114238 0.0122192 0.0081478 0.3504716 0.0110383 0.0594654 0.0108874 0.0638625 
Laus_CASQ2         0.0564914 0.0559103 0.0439621 0.0566058 0.0537063 0.0629640 0.0662809 0.0445829 0.0223035 0.0432148 0.2104474 0.0042766 0.0030216 0.1702849 0.0640520 0.0081126 0.0085382 0.0081126 0.0122064 0.0479138 0.0504010 0.3734603 0.0367680 0.0499425 0.0541641 0.0136054 0.0162665 0.0193417 0.0163075 0.0439206 0.1715030 0.0438164 0.0752426 0.0691414 0.0259340 0.0192087 0.0000000 0.0069823 0.0128387 0.0113733 0.0000010 0.0000010 0.0026853 0.0388585 0.0595931 0.0468568 0.0503613 0.0473415 0.0416761 0.0417071 0.0684218 0.0601569 0.0486961 0.0661863 0.0479138 0.0460688 0.0566243 0.0536565 0.0445945 0.0402294 0.1845741 0.0219276 0.0163772 0.0218826 0.2142610 0.0892338 0.0477779 0.0172746 0.0306904 0.0480606 0.0163075 0.0421900 0.0469520 0.0417185 0.0558225 0.0226327 0.0242968 0.0080859 0.0121836 0.0146048 0.0229402 0.0136189 0.0260873 0.0108336 0.0181702 0.0143388 0.0152847 0.0108336 0.3292293 0.0082462 0.0500133 0.0081063 0.0531341 
Lbor_CASQ2         0.0702936 0.0698169 0.0558324 0.0629005 0.0627012 0.0666767 0.0666767 0.0506965 0.0251611 0.0516289 0.2486701 0.0165596 0.0069823 0.1876542 0.0706789 0.0176675 0.0176675 0.0176675 0.0212503 0.0589915 0.0624405 0.4303031 0.0370516 0.0586015 0.0587261 0.0211709 0.0247712 0.0248535 0.0248535 0.0508010 0.1915464 0.0529561 0.0864905 0.0829128 0.0322704 0.0285099 0.0069823 0.0000000 0.0212407 0.0212439 0.0069823 0.0069823 0.0034797 0.0471378 0.0667854 0.0546008 0.0622365 0.0696154 0.0508010 0.0545821 0.0739049 0.0623415 0.0584542 0.0745465 0.0589915 0.0580057 0.0695091 0.0583783 0.0544333 0.0451901 0.2067925 0.0212409 0.0249668 0.0248405 0.2360069 0.1016344 0.0628969 0.0211684 0.0306904 0.0532999 0.0248535 0.0555450 0.0584068 0.0506631 0.0630199 0.0284846 0.0325987 0.0175912 0.0212044 0.0248700 0.0393716 0.0249700 0.0360712 0.0212439 0.0284457 0.0249700 0.0248416 0.0212439 0.3648949 0.0176492 0.0623674 0.0176492 0.0585396 
Lhos30470_CASQ2    0.0747910 0.0659076 0.0579773 0.0680042 0.0678581 0.0792040 0.0792040 0.0567234 0.0323806 0.0691483 0.2545054 0.0193068 0.0160916 0.2033687 0.0713142 0.0031758 0.0031758 0.0031758 0.0063650 0.0716979 0.0568709 0.4376482 0.0458029 0.0533892 0.0613912 0.0160633 0.0193266 0.0193847 0.0193847 0.0568421 0.1927702 0.0515402 0.1004707 0.0935264 0.0293977 0.0160298 0.0128387 0.0212407 0.0000000 0.0063633 0.0128387 0.0128387 0.0160896 0.0497631 0.0636775 0.0601943 0.0672272 0.0647098 0.0532536 0.0567241 0.0746958 0.0672479 0.0636696 0.0751312 0.0716979 0.0600382 0.0705450 0.0636716 0.0636804 0.0518790 0.2210660 0.0128672 0.0161930 0.0160048 0.2448336 0.1168540 0.0607123 0.0193244 0.0469782 0.0637409 0.0193847 0.0540152 0.0673966 0.0601774 0.0741944 0.0160238 0.0160200 0.0095965 0.0128472 0.0095752 0.0170150 0.0096090 0.0194138 0.0063633 0.0107945 0.0096090 0.0095660 0.0063633 0.3817582 0.0095704 0.0638690 0.0095704 0.0602189 
Lhos452_CASQ2      0.0596579 0.0562500 0.0441428 0.0568249 0.0567189 0.0665390 0.0665390 0.0470484 0.0178044 0.0503777 0.2279994 0.0173386 0.0160937 0.1919713 0.0643316 0.0028167 0.0028238 0.0028167 0.0063658 0.0568835 0.0532019 0.4090770 0.0429271 0.0501339 0.0544020 0.0085330 0.0113744 0.0128802 0.0114044 0.0440890 0.1783421 0.0440260 0.0818937 0.0758082 0.0201520 0.0084951 0.0113733 0.0212439 0.0063633 0.0000000 0.0113733 0.0113733 0.0142488 0.0469930 0.0555173 0.0470351 0.0531572 0.0552069 0.0409827 0.0440084 0.0628913 0.0672569 0.0500662 0.0665409 0.0568835 0.0455107 0.0531768 0.0567989 0.0500720 0.0393579 0.2073842 0.0172586 0.0114555 0.0113693 0.2201210 0.0933435 0.0504438 0.0115054 0.0469782 0.0560525 0.0114044 0.0445466 0.0532710 0.0470211 0.0652172 0.0095822 0.0079758 0.0028258 0.0064015 0.0028883 0.0056385 0.0028292 0.0143373 0.0000010 0.0035846 0.0028365 0.0031777 0.0000010 0.3560984 0.0028593 0.0502052 0.0028189 0.0533643 
Lobl_CASQ2         0.0521646 0.0559103 0.0439621 0.0566058 0.0537063 0.0629640 0.0662809 0.0412109 0.0223035 0.0432148 0.2026192 0.0042766 0.0030216 0.1654953 0.0640520 0.0081126 0.0085382 0.0081126 0.0122064 0.0442506 0.0504010 0.3463095 0.0367680 0.0499425 0.0541641 0.0136054 0.0162665 0.0193417 0.0151026 0.0439206 0.1715030 0.0438164 0.0752426 0.0691414 0.0259340 0.0192087 0.0000010 0.0069823 0.0128387 0.0113733 0.0000000 0.0000010 0.0026853 0.0359292 0.0595931 0.0468568 0.0503613 0.0473415 0.0416761 0.0417071 0.0684218 0.0601569 0.0486961 0.0661863 0.0442506 0.0460688 0.0566243 0.0536565 0.0412206 0.0402294 0.1786065 0.0219276 0.0163772 0.0202560 0.2027568 0.0892338 0.0441333 0.0172746 0.0306904 0.0480606 0.0163075 0.0421900 0.0469520 0.0385683 0.0558225 0.0226327 0.0242968 0.0080859 0.0121836 0.0146048 0.0229402 0.0136189 0.0260873 0.0108336 0.0181702 0.0143388 0.0152847 0.0108336 0.3072905 0.0082462 0.0500133 0.0075105 0.0531341 
Lobs_CASQ2         0.0594288 0.0559103 0.0439621 0.0566058 0.0565007 0.0662809 0.0662809 0.0468690 0.0223035 0.0461223 0.2190757 0.0042766 0.0031775 0.1765153 0.0640520 0.0085161 0.0085382 0.0085161 0.0128439 0.0504001 0.0529987 0.3891944 0.0390531 0.0499425 0.0541641 0.0142352 0.0170776 0.0193417 0.0171229 0.0439206 0.1778486 0.0438164 0.0751749 0.0691414 0.0259340 0.0200361 0.0000010 0.0069823 0.0128387 0.0113733 0.0000010 0.0000000 0.0028174 0.0408441 0.0595931 0.0468568 0.0529543 0.0505829 0.0408266 0.0438406 0.0684218 0.0601569 0.0499301 0.0661863 0.0504001 0.0486857 0.0566243 0.0565551 0.0438099 0.0392028 0.1916529 0.0230338 0.0171998 0.0229839 0.2189918 0.0892338 0.0502510 0.0172746 0.0306904 0.0480606 0.0171229 0.0443747 0.0469520 0.0407981 0.0558225 0.0226327 0.0242968 0.0084867 0.0128185 0.0146048 0.0229402 0.0143014 0.0260873 0.0113733 0.0181702 0.0143388 0.0160843 0.0113733 0.3453572 0.0086321 0.0500133 0.0085092 0.0531341 
