93
Bacu_CASQ1         0.0000000 0.0673113 0.0633464 0.0056889 0.0193983 0.0209671 0.0173719 0.0153891 0.0364077 0.0176128 0.2636790 0.0690941 0.0651010 0.2444140 0.0478542 0.0650817 0.0702584 0.0696465 0.0642448 0.0844180 0.0460764 0.2282831 0.0438415 0.0392320 0.0281687 0.0764137 0.0622259 0.0713591 0.0701769 0.0695038 0.1493183 0.0808739 0.0627922 0.0707337 0.0652634 0.0881965 0.0746033 0.0685173 0.0721140 0.0714211 0.0670660 0.0699880 0.0711560 0.0726508 0.0503977 0.0694133 0.0785329 0.0729515 0.0745841 0.0783101 0.0916244 0.0855066 0.0785293 0.0821829 0.0803540 0.0814718 0.0729515 0.0820613 0.0754471 0.0985658 0.0795160 0.2392127 0.0652476 0.0672922 0.0812841 0.2267388 0.0763465 0.0643753 0.0686789 0.1085052 0.0737135 0.0777683 0.0676055 0.0777530 0.0668386 0.0806955 0.0670526 0.0718300 0.0622259 0.0672346 0.0698973 0.0811725 0.0642448 0.0718300 0.0681161 0.0745211 0.0650794 0.0681021 0.0650794 0.2240552 0.0736683 0.0678334 0.0865301 
Barn_CASQ1         0.0673113 0.0000000 0.0000010 0.0768176 0.0680723 0.0680723 0.0669336 0.0670408 0.0763272 0.0764204 0.3222488 0.0759457 0.0806454 0.2968629 0.1016916 0.0903425 0.0903425 0.0903425 0.0903425 0.0807741 0.0901946 0.2539793 0.0808786 0.0808786 0.0873369 0.0962171 0.0856649 0.0962171 0.0962171 0.0212390 0.1430008 0.0082219 0.0861244 0.0665704 0.0619518 0.0905400 0.0955666 0.0806454 0.0806454 0.0953363 0.1053555 0.0759065 0.0759065 0.0854460 0.0761478 0.0212308 0.0255636 0.0212308 0.0220455 0.0439384 0.0524567 0.0228112 0.0212290 0.0255581 0.0392003 0.0807741 0.0212308 0.0256072 0.0255883 0.1361167 0.0920971 0.2941669 0.0808282 0.0856200 0.0901293 0.2901345 0.0808530 0.0667097 0.0914623 0.0806089 0.0847778 0.1008485 0.0712536 0.0900345 0.0847778 0.0744853 0.0903425 0.0903425 0.0856649 0.0905940 0.1000771 0.0938886 0.0903425 0.0903425 0.0903425 0.0903425 0.0903425 0.0903425 0.0903425 0.1993213 0.0862327 0.0212667 0.0176419 
Bbai76728_CASQ1    0.0633464 0.0000010 0.0000000 0.0703808 0.0594990 0.0651059 0.0595927 0.0596616 0.0700801 0.0714702 0.2906310 0.0679035 0.0673370 0.2735334 0.0959334 0.0749096 0.0732146 0.0816584 0.0732146 0.0732656 0.0866986 0.2430076 0.0790636 0.0734614 0.0744575 0.0866016 0.0712357 0.0793624 0.0773483 0.0219990 0.1453153 0.0082219 0.0822795 0.0641891 0.0572941 0.0865497 0.0826369 0.0716465 0.0711857 0.0787872 0.0840624 0.0626877 0.0636187 0.0769196 0.0629192 0.0192716 0.0238307 0.0182829 0.0246034 0.0383779 0.0451790 0.0222237 0.0182813 0.0272826 0.0312386 0.0697034 0.0219717 0.0273094 0.0204764 0.1132834 0.0772794 0.2660060 0.0674570 0.0697658 0.0765930 0.2612464 0.0817328 0.0699508 0.0756404 0.0910133 0.0743704 0.0875731 0.0679768 0.0829177 0.0727249 0.0652185 0.0767249 0.0793325 0.0712357 0.0769076 0.0802915 0.0938886 0.0732146 0.0793325 0.0749096 0.0793325 0.0749096 0.0787534 0.0749096 0.2241417 0.0697808 0.0168793 0.0163702 
BbonAUS_CASQ1      0.0056889 0.0768176 0.0703808 0.0000000 0.0260020 0.0281176 0.0232737 0.0232939 0.0413953 0.0247858 0.2833434 0.0722208 0.0709622 0.2622626 0.0540911 0.0715806 0.0729873 0.0766654 0.0696340 0.0926659 0.0500813 0.2430350 0.0473577 0.0443798 0.0355975 0.0807134 0.0676164 0.0746412 0.0731053 0.0808969 0.1600216 0.1002227 0.0760796 0.0748957 0.0693535 0.0886734 0.0778956 0.0749202 0.0755211 0.0744265 0.0728379 0.0729220 0.0744419 0.0797736 0.0635192 0.0771626 0.0784626 0.0845823 0.0817903 0.0895813 0.1037685 0.0996931 0.0869082 0.0892083 0.0931278 0.0892983 0.0845823 0.0890743 0.0824278 0.1161631 0.0833732 0.2554980 0.0710766 0.0729787 0.0823535 0.2505366 0.0805346 0.0731592 0.0750471 0.1094072 0.0809847 0.0819742 0.0715790 0.0851465 0.0790662 0.0891158 0.0728218 0.0748909 0.0676164 0.0729800 0.0760566 0.0957285 0.0696340 0.0748909 0.0709349 0.0748909 0.0709349 0.0743989 0.0709349 0.2136594 0.0734649 0.0783044 0.0934029 
Bbor_CASQ1         0.0193983 0.0680723 0.0594990 0.0260020 0.0000000 0.0000010 0.0000010 0.0063493 0.0291191 0.0136598 0.2610327 0.0560529 0.0568737 0.2431438 0.0326171 0.0555096 0.0599753 0.0619481 0.0563661 0.0813413 0.0349989 0.2279636 0.0347690 0.0323768 0.0194392 0.0663333 0.0532173 0.0608358 0.0600805 0.0751428 0.1406314 0.0894310 0.0628622 0.0647272 0.0578328 0.0750125 0.0644229 0.0610803 0.0597852 0.0606404 0.0598415 0.0599154 0.0606567 0.0661411 0.0496064 0.0750534 0.0807021 0.0792728 0.0759098 0.0851943 0.1009992 0.0841169 0.0806464 0.0848030 0.0880457 0.0776903 0.0792728 0.0846618 0.0772516 0.1066483 0.0738324 0.2362810 0.0569747 0.0599656 0.0701931 0.2214412 0.0619206 0.0635404 0.0611998 0.0971240 0.0755940 0.0687650 0.0610784 0.0723018 0.0738410 0.0749060 0.0598263 0.0610549 0.0569796 0.0599698 0.0633308 0.0883894 0.0563661 0.0610549 0.0568505 0.0610549 0.0568505 0.0606194 0.0568505 0.2098321 0.0662687 0.0727197 0.0895874 
Bede66737_CASQ1    0.0209671 0.0680723 0.0651059 0.0281176 0.0000010 0.0000000 0.0000010 0.0068524 0.0314749 0.0148313 0.2650972 0.0560529 0.0619760 0.2457435 0.0352792 0.0611215 0.0649905 0.0619481 0.0610549 0.0882657 0.0349989 0.2356211 0.0338153 0.0349989 0.0210148 0.0663333 0.0579804 0.0663333 0.0651145 0.0751428 0.1500005 0.0894310 0.0628622 0.0647272 0.0578328 0.0750125 0.0662427 0.0610803 0.0611524 0.0661022 0.0648331 0.0649207 0.0661204 0.0660733 0.0537212 0.0750534 0.0834883 0.0792728 0.0783830 0.0883937 0.1055802 0.0841169 0.0806464 0.0879500 0.0880457 0.0842784 0.0792728 0.0877909 0.0772516 0.1162175 0.0800439 0.2382893 0.0620963 0.0649800 0.0722730 0.2284063 0.0619206 0.0574166 0.0667671 0.0971240 0.0824600 0.0687650 0.0610784 0.0723018 0.0800583 0.0828900 0.0610549 0.0610549 0.0621007 0.0611945 0.0686297 0.0883894 0.0610549 0.0610549 0.0619481 0.0610549 0.0619481 0.0619481 0.0619481 0.2107108 0.0733051 0.0794074 0.0930333 
BedeAUS_CASQ1      0.0173719 0.0669336 0.0595927 0.0232737 0.0000010 0.0000010 0.0000000 0.0056964 0.0290376 0.0121613 0.2630526 0.0602580 0.0602783 0.2468553 0.0352061 0.0597389 0.0628737 0.0650334 0.0596166 0.0820844 0.0349989 0.2201652 0.0340654 0.0319616 0.0174048 0.0689276 0.0570084 0.0638320 0.0629730 0.0767365 0.1427262 0.0894310 0.0664818 0.0639891 0.0578553 0.0766110 0.0670317 0.0640623 0.0635468 0.0636494 0.0627475 0.0628175 0.0636642 0.0686211 0.0536064 0.0767353 0.0815800 0.0803821 0.0777543 0.0855801 0.0996143 0.0841169 0.0821828 0.0852303 0.0886122 0.0788053 0.0803821 0.0851041 0.0785137 0.1047091 0.0725587 0.2445167 0.0603740 0.0628650 0.0720607 0.2394938 0.0651114 0.0629715 0.0641729 0.0963595 0.0770013 0.0709266 0.0607430 0.0740731 0.0753418 0.0765914 0.0627333 0.0640383 0.0570084 0.0628683 0.0658900 0.0884309 0.0596166 0.0640383 0.0602562 0.0640383 0.0602562 0.0636290 0.0602562 0.2033188 0.0690118 0.0744649 0.0894870 
Bmus_CASQ1         0.0153891 0.0670408 0.0596616 0.0232939 0.0063493 0.0068524 0.0056964 0.0000000 0.0304439 0.0115974 0.2579572 0.0651055 0.0617036 0.2350801 0.0413458 0.0613661 0.0668360 0.0659675 0.0610377 0.0809717 0.0384071 0.2192370 0.0370838 0.0332314 0.0166341 0.0726312 0.0588585 0.0678740 0.0668901 0.0727071 0.1408641 0.0799219 0.0622764 0.0637376 0.0579225 0.0836924 0.0709282 0.0650572 0.0681077 0.0677871 0.0638271 0.0667118 0.0676827 0.0690907 0.0473412 0.0768398 0.0816809 0.0761539 0.0778526 0.0813265 0.0946350 0.0772387 0.0823051 0.0853377 0.0837092 0.0780628 0.0761540 0.0852111 0.0786101 0.0948626 0.0755526 0.2336445 0.0618412 0.0639051 0.0778825 0.2212839 0.0683825 0.0583384 0.0652103 0.1072637 0.0766515 0.0741882 0.0606579 0.0737345 0.0693144 0.0761958 0.0638144 0.0681706 0.0588585 0.0639864 0.0666253 0.0886660 0.0610377 0.0681706 0.0646814 0.0705329 0.0616835 0.0646683 0.0616835 0.2185905 0.0697991 0.0708207 0.0895987 
Bmys_CASQ1         0.0364077 0.0763272 0.0700801 0.0413953 0.0291191 0.0314749 0.0290376 0.0304439 0.0000000 0.0264187 0.2660791 0.0825583 0.0727737 0.2367882 0.0536868 0.0735355 0.0816929 0.0782396 0.0746664 0.0808950 0.0033691 0.2301231 0.0059825 0.0026844 0.0395419 0.0856051 0.0761664 0.0795412 0.0811181 0.0726395 0.1458743 0.0896458 0.0828160 0.0541254 0.0509649 0.0870130 0.0834260 0.0800171 0.0816764 0.0799861 0.0777125 0.0808834 0.0792983 0.0810842 0.0687000 0.0807138 0.0816064 0.0760832 0.0777788 0.0812553 0.0945525 0.0842594 0.0822150 0.0852596 0.0874154 0.0777804 0.0760832 0.0851333 0.0820798 0.1223232 0.0754811 0.2391643 0.0794636 0.0849766 0.0899097 0.2256318 0.0680757 0.0536373 0.0832890 0.0948180 0.0935805 0.0900898 0.0509659 0.0944215 0.0931933 0.0915231 0.0776965 0.0841997 0.0761664 0.0841277 0.0807738 0.0812102 0.0746664 0.0841997 0.0760214 0.0841997 0.0727474 0.0760048 0.0727474 0.2027414 0.0795104 0.0707594 0.0930165 
Bphy_CASQ1         0.0176128 0.0764204 0.0714702 0.0247858 0.0136598 0.0148313 0.0121613 0.0115974 0.0264187 0.0000000 0.2717479 0.0611645 0.0573862 0.2506258 0.0407812 0.0565809 0.0638001 0.0616781 0.0573663 0.0767638 0.0338648 0.2230899 0.0341065 0.0293724 0.0236283 0.0688558 0.0574798 0.0639972 0.0639972 0.0727067 0.1353992 0.0895260 0.0723234 0.0615103 0.0548884 0.0767078 0.0671105 0.0617014 0.0636300 0.0637246 0.0605319 0.0638033 0.0638033 0.0652350 0.0512214 0.0827378 0.0816758 0.0761518 0.0778495 0.0813218 0.0946216 0.0911000 0.0822984 0.0853302 0.0901467 0.0767638 0.0761518 0.0852037 0.0842706 0.1064843 0.0742031 0.2482243 0.0606949 0.0637908 0.0732287 0.2389500 0.0651939 0.0606399 0.0643232 0.1021559 0.0770907 0.0721640 0.0582287 0.0758613 0.0765693 0.0804905 0.0605180 0.0651157 0.0574798 0.0638889 0.0637089 0.0811725 0.0573663 0.0651157 0.0605818 0.0651157 0.0573663 0.0605685 0.0573663 0.1825158 0.0691511 0.0708213 0.0958830 
Btau_CASQ1         0.2636790 0.3222488 0.2906310 0.2833434 0.2610327 0.2650972 0.2630526 0.2579572 0.2660791 0.2717479 0.0000000 0.2599530 0.2648737 0.1003218 0.2923780 0.2723586 0.2587956 0.2683135 0.2483015 0.2557252 0.2871149 0.3272429 0.2936529 0.2695150 0.2659812 0.2656720 0.2650740 0.2622331 0.2459048 0.2820232 0.2902400 0.3273413 0.2448851 0.2555341 0.2522251 0.2952284 0.2800977 0.2507524 0.2858624 0.2761424 0.2535104 0.2484663 0.2649040 0.2583623 0.2522133 0.2625091 0.2817776 0.2722832 0.2909910 0.2839494 0.2937377 0.2494923 0.3093280 0.2912264 0.2867105 0.2518094 0.2771019 0.2956308 0.2683394 0.2975505 0.2662391 0.0850003 0.2692896 0.2657350 0.2626468 0.1407879 0.2956629 0.2363702 0.2713000 0.3068278 0.2884002 0.2435883 0.2437486 0.2629431 0.2581697 0.2817143 0.2517834 0.2567598 0.2573069 0.2413342 0.2484396 0.2656092 0.2483015 0.2567598 0.2611335 0.2601283 0.2647169 0.2610097 0.2647169 0.3192309 0.2576325 0.2640389 0.2921923 
Ccom40_CASQ1       0.0690941 0.0759457 0.0679035 0.0722208 0.0560529 0.0560529 0.0602580 0.0651055 0.0825583 0.0611645 0.2599530 0.0000000 0.0032605 0.2551752 0.0918819 0.0098398 0.0092144 0.0098398 0.0092144 0.0444106 0.0897649 0.2291247 0.0845748 0.0862010 0.0762190 0.0132080 0.0165181 0.0132080 0.0123632 0.0776849 0.1510937 0.0983846 0.0456466 0.0745539 0.0641388 0.0256150 0.0131918 0.0030545 0.0032605 0.0131672 0.0186085 0.0061297 0.0065447 0.0065415 0.0345408 0.0820484 0.0776943 0.0735909 0.0848137 0.0492454 0.0992786 0.0968133 0.0736076 0.0817369 0.0842411 0.0411085 0.0775796 0.0818293 0.0757187 0.0770822 0.0512874 0.2403210 0.0131758 0.0154600 0.0123078 0.2258262 0.0405444 0.0715869 0.0199554 0.0503263 0.0520492 0.0154636 0.0781413 0.0411753 0.0476049 0.0474072 0.0092144 0.0092144 0.0232722 0.0186175 0.0154361 0.0157286 0.0092144 0.0092144 0.0098398 0.0100216 0.0098398 0.0098398 0.0098398 0.2352022 0.0113046 0.0737123 0.0748851 
Chea7320_CASQ1     0.0651010 0.0806454 0.0673370 0.0709622 0.0568737 0.0619760 0.0602783 0.0617036 0.0727737 0.0573862 0.2648737 0.0032605 0.0000000 0.2533404 0.0849819 0.0057885 0.0083424 0.0056453 0.0052992 0.0326073 0.0900688 0.2239179 0.0834202 0.0758461 0.0707946 0.0113927 0.0133664 0.0106878 0.0106878 0.0757984 0.1478858 0.0983846 0.0363963 0.0676869 0.0642982 0.0228892 0.0111418 0.0000010 0.0030313 0.0083323 0.0133595 0.0053031 0.0053031 0.0054069 0.0242555 0.0864848 0.0778657 0.0723269 0.0846722 0.0513500 0.0909505 0.0916152 0.0776788 0.0812411 0.0856608 0.0326073 0.0757113 0.0847193 0.0801595 0.0658932 0.0421470 0.2405396 0.0106678 0.0111426 0.0160188 0.2114591 0.0395844 0.0701703 0.0189209 0.0450249 0.0399852 0.0142491 0.0709434 0.0362086 0.0410116 0.0346983 0.0079651 0.0059169 0.0188096 0.0188110 0.0106456 0.0126177 0.0052992 0.0059169 0.0079726 0.0064144 0.0052992 0.0079710 0.0052992 0.2077616 0.0059450 0.0672958 0.0846554 
Chir_CASQ1         0.2444140 0.2968629 0.2735334 0.2622626 0.2431438 0.2457435 0.2468553 0.2350801 0.2367882 0.2506258 0.1003218 0.2551752 0.2533404 0.0000000 0.2751597 0.2725026 0.2590396 0.2646758 0.2486540 0.2378376 0.2493169 0.3105003 0.2603857 0.2401161 0.2463379 0.2620572 0.2579022 0.2588125 0.2462864 0.2550833 0.2501110 0.2784294 0.2357320 0.2306823 0.2350817 0.2754912 0.2762410 0.2431281 0.2761386 0.2729412 0.2535896 0.2412652 0.2533716 0.2505525 0.2382558 0.2402986 0.2652029 0.2558141 0.2786198 0.2680313 0.2770241 0.2296113 0.2939854 0.2663040 0.2592754 0.2340587 0.2558145 0.2740321 0.2480435 0.2937367 0.2665406 0.0234625 0.2539189 0.2541582 0.2480785 0.1275647 0.2670452 0.2125521 0.2639615 0.2634876 0.2842939 0.2528215 0.2118052 0.2633929 0.2550767 0.2623854 0.2520959 0.2571327 0.2502691 0.2454904 0.2487910 0.2128949 0.2486540 0.2571327 0.2577423 0.2647669 0.2612754 0.2576214 0.2612754 0.3031571 0.2411491 0.2487837 0.2715674 
Cmar59905_CASQ1    0.0478542 0.1016916 0.0959334 0.0540911 0.0326171 0.0352792 0.0352061 0.0413458 0.0536868 0.0407812 0.2923780 0.0918819 0.0849819 0.2751597 0.0000000 0.0872721 0.0896008 0.0920151 0.0861287 0.1093206 0.0650492 0.2471552 0.0572090 0.0567005 0.0541534 0.0962247 0.0813906 0.0888903 0.0897494 0.1041026 0.1634809 0.1523455 0.0988282 0.0853319 0.0767318 0.1040720 0.0849308 0.0926650 0.0912339 0.0886350 0.0894139 0.0894247 0.0885486 0.0943249 0.0730463 0.1013710 0.1072522 0.1079038 0.1042581 0.1116154 0.1261996 0.1137044 0.1131409 0.1111165 0.1220753 0.1058675 0.1079038 0.1109411 0.1078090 0.1337823 0.1041229 0.2725231 0.0849325 0.0893061 0.0991455 0.2633898 0.0916571 0.0893421 0.0890761 0.1333125 0.1020824 0.1000449 0.0888540 0.1027332 0.1021509 0.1091585 0.0893950 0.0927340 0.0813906 0.0893023 0.0927213 0.1121832 0.0861287 0.0927340 0.0850460 0.0927340 0.0850460 0.0885964 0.0850460 0.2290116 0.1017960 0.0997543 0.1184058 
Dcap108471_CASQ1   0.0650817 0.0903425 0.0749096 0.0715806 0.0555096 0.0611215 0.0597389 0.0613661 0.0735355 0.0565809 0.2723586 0.0098398 0.0057885 0.2725026 0.0872721 0.0000000 0.0000010 0.0000010 0.0000010 0.0418696 0.0928029 0.2327011 0.0853852 0.0769216 0.0713642 0.0062285 0.0087185 0.0058100 0.0058100 0.0847988 0.1543214 0.1082316 0.0418574 0.0794793 0.0718203 0.0218606 0.0060789 0.0062039 0.0091444 0.0030299 0.0087133 0.0116477 0.0116477 0.0118976 0.0295943 0.0990139 0.0869482 0.0808927 0.0857701 0.0568883 0.1011545 0.1056848 0.0860616 0.0907329 0.0937459 0.0418696 0.0846895 0.0908286 0.0902905 0.0724642 0.0469727 0.2582239 0.0116600 0.0122296 0.0145776 0.2350643 0.0443299 0.0804418 0.0116934 0.0502582 0.0443061 0.0093483 0.0830201 0.0404291 0.0449040 0.0430611 0.0028850 0.0000010 0.0146129 0.0146142 0.0057843 0.0000010 0.0000010 0.0000010 0.0028880 0.0000010 0.0000010 0.0028873 0.0000010 0.2196589 0.0032742 0.0746516 0.0866210 
Dcap79929_CASQ1    0.0702584 0.0903425 0.0732146 0.0729873 0.0599753 0.0649905 0.0628737 0.0668360 0.0816929 0.0638001 0.2587956 0.0092144 0.0083424 0.2590396 0.0896008 0.0000010 0.0000000 0.0029552 0.0026164 0.0434649 0.0954690 0.2347563 0.0869972 0.0847622 0.0763525 0.0059463 0.0083492 0.0055637 0.0052608 0.0918335 0.1594788 0.1082316 0.0481599 0.0842299 0.0792051 0.0262909 0.0083478 0.0083993 0.0091444 0.0055491 0.0105522 0.0105490 0.0111575 0.0142736 0.0377536 0.0965016 0.0887640 0.0880725 0.0886857 0.0643653 0.1071711 0.1069217 0.0860616 0.0922015 0.0961002 0.0406385 0.0917198 0.0957532 0.0891042 0.0651260 0.0427195 0.2462021 0.0111640 0.0132235 0.0158493 0.2208970 0.0500229 0.0844835 0.0140762 0.0502582 0.0432442 0.0084071 0.0874018 0.0371432 0.0405544 0.0419898 0.0052434 0.0027849 0.0139900 0.0132261 0.0078827 0.0126702 0.0026164 0.0027849 0.0027662 0.0030043 0.0027662 0.0055486 0.0027662 0.2438481 0.0062309 0.0815396 0.0931368 
DdelSJR_CASQ1      0.0696465 0.0903425 0.0816584 0.0766654 0.0619481 0.0619481 0.0650334 0.0659675 0.0782396 0.0616781 0.2683135 0.0098398 0.0056453 0.2646758 0.0920151 0.0000010 0.0029552 0.0000000 0.0000010 0.0408105 0.0900249 0.2381012 0.0861104 0.0815453 0.0762007 0.0056657 0.0085023 0.0056657 0.0056657 0.0828903 0.1639603 0.1082316 0.0405935 0.0746572 0.0712295 0.0228906 0.0029563 0.0056453 0.0065335 0.0029514 0.0084973 0.0113575 0.0113575 0.0084910 0.0317841 0.0950332 0.0876229 0.0793801 0.0874945 0.0584100 0.1013670 0.0987719 0.0860616 0.0912874 0.0937459 0.0408105 0.0827943 0.0950741 0.0876894 0.0705532 0.0455482 0.2508191 0.0113693 0.0119109 0.0141973 0.2245596 0.0464585 0.0718380 0.0143374 0.0502582 0.0430346 0.0085032 0.0778449 0.0361956 0.0437685 0.0416469 0.0000010 0.0000010 0.0142486 0.0113718 0.0056414 0.0062736 0.0000010 0.0000010 0.0028166 0.0000010 0.0000010 0.0000010 0.0000010 0.2167598 0.0031829 0.0794925 0.0954622 
Ddeltrop4525_CASQ1 0.0642448 0.0903425 0.0732146 0.0696340 0.0563661 0.0610549 0.0596166 0.0610377 0.0746664 0.0573663 0.2483015 0.0092144 0.0052992 0.2486540 0.0861287 0.0000010 0.0026164 0.0000010 0.0000000 0.0388735 0.0913159 0.2291265 0.0833874 0.0775775 0.0695343 0.0056657 0.0079789 0.0053172 0.0050402 0.0828903 0.1551822 0.1082316 0.0414356 0.0765975 0.0712295 0.0228906 0.0055416 0.0053331 0.0091444 0.0027628 0.0075594 0.0101013 0.0106580 0.0108668 0.0334544 0.0920331 0.0848579 0.0793801 0.0846370 0.0577095 0.0977825 0.0987719 0.0860616 0.0882651 0.0906529 0.0361880 0.0827943 0.0917821 0.0851794 0.0621935 0.0394897 0.2365574 0.0106683 0.0105363 0.0151811 0.2090129 0.0464585 0.0777923 0.0134459 0.0502582 0.0399717 0.0080324 0.0796057 0.0338913 0.0388082 0.0382906 0.0025044 0.0000010 0.0133674 0.0126679 0.0050209 0.0062736 0.0000010 0.0000010 0.0026443 0.0000010 0.0000010 0.0026438 0.0000010 0.2273359 0.0029645 0.0738262 0.0892860 
Dleu_CASQ1         0.0844180 0.0807741 0.0732656 0.0926659 0.0813413 0.0882657 0.0820844 0.0809717 0.0808950 0.0767638 0.2557252 0.0444106 0.0326073 0.2378376 0.1093206 0.0418696 0.0434649 0.0408105 0.0388735 0.0000000 0.0993683 0.2392283 0.0868915 0.0838250 0.0917087 0.0470672 0.0411571 0.0440657 0.0444149 0.0793597 0.1477899 0.0796737 0.0654488 0.0831262 0.0746101 0.0468446 0.0459946 0.0356613 0.0407859 0.0429996 0.0470271 0.0335441 0.0326195 0.0390215 0.0468748 0.0920898 0.0813765 0.0758698 0.0883561 0.0610548 0.0942847 0.0915726 0.0818854 0.0847666 0.0907067 0.0025074 0.0792682 0.0882629 0.0852303 0.0595859 0.0271775 0.2362949 0.0383198 0.0406480 0.0495800 0.2127544 0.0569569 0.0749400 0.0471741 0.0246469 0.0370234 0.0500772 0.0796930 0.0340795 0.0363014 0.0349039 0.0415456 0.0432969 0.0468843 0.0470929 0.0442418 0.0321857 0.0388735 0.0432969 0.0410841 0.0436170 0.0382303 0.0410759 0.0382303 0.2198997 0.0398518 0.0705780 0.0893354 
EausAUS_CASQ1      0.0460764 0.0901946 0.0866986 0.0500813 0.0349989 0.0349989 0.0349989 0.0384071 0.0033691 0.0338648 0.2871149 0.0897649 0.0900688 0.2493169 0.0650492 0.0928029 0.0954690 0.0900249 0.0913159 0.0993683 0.0000000 0.2635723 0.0000010 0.0000010 0.0501513 0.0946683 0.0902428 0.0946683 0.0956580 0.0834660 0.1630481 0.0987614 0.0984014 0.0641395 0.0610693 0.0951245 0.0945425 0.0913576 0.0928543 0.0943452 0.0952321 0.0953696 0.0943625 0.0942892 0.0835312 0.0883972 0.0918948 0.0876350 0.0870778 0.0969257 0.1142736 0.0908556 0.0901088 0.0964260 0.1017745 0.0953351 0.0876350 0.0962480 0.0890250 0.1497244 0.0870628 0.2475646 0.0945513 0.0995059 0.1028985 0.2317353 0.0732997 0.0567434 0.0996704 0.1087070 0.1111663 0.0993755 0.0603621 0.1028665 0.1110546 0.1115816 0.0913159 0.0913159 0.0945439 0.0955404 0.0991816 0.0976416 0.0913159 0.0913159 0.0900249 0.0913159 0.0900249 0.0900249 0.0900249 0.2330806 0.1017179 0.0877857 0.1055940 
Ecab_CASQ1         0.2282831 0.2539793 0.2430076 0.2430350 0.2279636 0.2356211 0.2201652 0.2192370 0.2301231 0.2230899 0.3272429 0.2291247 0.2239179 0.3105003 0.2471552 0.2327011 0.2347563 0.2381012 0.2291265 0.2392283 0.2635723 0.0000000 0.2460019 0.2334268 0.2345024 0.2432754 0.2430097 0.2363293 0.2336513 0.2299939 0.2362172 0.2886737 0.2549043 0.2172196 0.2140080 0.2623992 0.2444001 0.2273752 0.2338932 0.2405794 0.2333758 0.2219132 0.2239516 0.2292901 0.2176205 0.2236893 0.2336008 0.2342147 0.2491315 0.2341873 0.2540885 0.2420038 0.2532929 0.2426550 0.2478368 0.2354555 0.2342149 0.2335018 0.2274767 0.2913758 0.2676062 0.3049836 0.2391179 0.2409038 0.2424905 0.2825742 0.2621892 0.2091342 0.2488410 0.2891120 0.2744063 0.2433380 0.2164512 0.2700961 0.2528649 0.2751933 0.2255625 0.2402038 0.2430097 0.2471754 0.2292356 0.2146098 0.2291265 0.2402038 0.2353690 0.2500967 0.2315526 0.2353185 0.2315526 0.2389626 0.2325432 0.2196407 0.2488841 
Egla13086_CASQ1    0.0438415 0.0808786 0.0790636 0.0473577 0.0347690 0.0338153 0.0340654 0.0370838 0.0059825 0.0341065 0.2936529 0.0845748 0.0834202 0.2603857 0.0572090 0.0853852 0.0869972 0.0861104 0.0833874 0.0868915 0.0000010 0.2460019 0.0000000 0.0029844 0.0474170 0.0901689 0.0835539 0.0871474 0.0871474 0.0803014 0.1537316 0.0987614 0.0956241 0.0642163 0.0571483 0.0905479 0.0903784 0.0861470 0.0893667 0.0869017 0.0868080 0.0869166 0.0869166 0.0925412 0.0768128 0.0866498 0.0886749 0.0839576 0.0850765 0.0927712 0.1069566 0.0908556 0.0861882 0.0923824 0.1001617 0.0868915 0.0839576 0.0922431 0.0877565 0.1336739 0.0805863 0.2629649 0.0870585 0.0905107 0.0935073 0.2565267 0.0715234 0.0664808 0.0911696 0.1001671 0.1006195 0.0936722 0.0606311 0.0969847 0.1006195 0.0995080 0.0867886 0.0861104 0.0835539 0.0905063 0.0902510 0.0881059 0.0833874 0.0861104 0.0833874 0.0861104 0.0833874 0.0868652 0.0833874 0.2081024 0.0917090 0.0814578 0.1033124 
Ejap43864_CASQ1    0.0392320 0.0808786 0.0734614 0.0443798 0.0323768 0.0349989 0.0319616 0.0332314 0.0026844 0.0293724 0.2695150 0.0862010 0.0758461 0.2401161 0.0567005 0.0769216 0.0847622 0.0815453 0.0775775 0.0838250 0.0000010 0.2334268 0.0029844 0.0000000 0.0423912 0.0889449 0.0792531 0.0826424 0.0840560 0.0759871 0.1493885 0.0987614 0.0869919 0.0571656 0.0541856 0.0905479 0.0866800 0.0831401 0.0852782 0.0832309 0.0806305 0.0838126 0.0823900 0.0842455 0.0716003 0.0844391 0.0849187 0.0794384 0.0812074 0.0844293 0.0977533 0.0908556 0.0861882 0.0885884 0.0911201 0.0807006 0.0794384 0.0884563 0.0854129 0.1254320 0.0786664 0.2424793 0.0825621 0.0880568 0.0928535 0.2289648 0.0715234 0.0564910 0.0864161 0.1001671 0.0968510 0.0932432 0.0539958 0.0977229 0.0961461 0.0952356 0.0806140 0.0874866 0.0792531 0.0870694 0.0836997 0.0881059 0.0775775 0.0874866 0.0791023 0.0874866 0.0758184 0.0790850 0.0758184 0.2060558 0.0830184 0.0738772 0.0962778 
Erob133443_CASQ1   0.0281687 0.0873369 0.0744575 0.0355975 0.0194392 0.0210148 0.0174048 0.0166341 0.0395419 0.0236283 0.2659812 0.0762190 0.0707946 0.2463379 0.0541534 0.0713642 0.0763525 0.0762007 0.0695343 0.0917087 0.0501513 0.2345024 0.0474170 0.0423912 0.0000000 0.0836711 0.0709092 0.0776512 0.0760019 0.0877223 0.1559942 0.0904857 0.0713026 0.0744786 0.0691905 0.0926672 0.0815061 0.0745650 0.0795146 0.0780143 0.0725980 0.0757802 0.0774105 0.0791817 0.0636855 0.0936018 0.0966976 0.0912678 0.0933346 0.0956977 0.1093633 0.0989782 0.1004040 0.1004974 0.0997958 0.0884883 0.0912678 0.1003419 0.0936085 0.1173403 0.0869551 0.2441038 0.0742305 0.0763440 0.0848715 0.2396498 0.0806285 0.0728453 0.0780559 0.1087528 0.0917445 0.0846903 0.0713200 0.0888134 0.0881047 0.0848001 0.0725826 0.0785039 0.0709092 0.0758764 0.0756753 0.0892243 0.0695343 0.0785039 0.0740877 0.0785039 0.0707688 0.0740713 0.0707688 0.2179206 0.0731427 0.0847533 0.1044673 
Fatt_CASQ1         0.0764137 0.0962171 0.0866016 0.0807134 0.0663333 0.0663333 0.0689276 0.0726312 0.0856051 0.0688558 0.2656720 0.0132080 0.0113927 0.2620572 0.0962247 0.0062285 0.0059463 0.0056657 0.0056657 0.0470672 0.0946683 0.2432754 0.0901689 0.0889449 0.0836711 0.0000000 0.0085367 0.0000010 0.0000010 0.0907809 0.1646799 0.1206617 0.0493374 0.0819538 0.0784768 0.0263352 0.0059486 0.0113927 0.0098659 0.0059385 0.0142903 0.0171915 0.0171915 0.0142793 0.0379051 0.1002359 0.0921387 0.0872026 0.0921901 0.0618728 0.1096069 0.1075918 0.0910906 0.0958514 0.0978751 0.0470672 0.0906740 0.0996934 0.0922092 0.0774162 0.0493970 0.2481705 0.0114156 0.0149794 0.0142539 0.2296545 0.0501101 0.0785373 0.0085327 0.0558453 0.0466549 0.0028116 0.0851644 0.0397485 0.0500547 0.0457820 0.0056657 0.0029596 0.0143059 0.0114180 0.0113844 0.0127111 0.0056657 0.0029596 0.0028279 0.0032077 0.0056657 0.0056657 0.0056657 0.2218188 0.0096460 0.0873288 0.1002943 
Ggri_CASQ1         0.0622259 0.0856649 0.0712357 0.0676164 0.0532173 0.0579804 0.0570084 0.0588585 0.0761664 0.0574798 0.2650740 0.0165181 0.0133664 0.2579022 0.0813906 0.0087185 0.0083492 0.0085023 0.0079789 0.0411571 0.0902428 0.2430097 0.0835539 0.0792531 0.0709092 0.0085367 0.0000000 0.0080093 0.0080093 0.0830650 0.1482342 0.0988353 0.0365131 0.0783287 0.0748752 0.0229389 0.0111507 0.0142476 0.0153428 0.0083391 0.0160919 0.0188169 0.0188169 0.0191896 0.0270731 0.0909224 0.0814826 0.0795477 0.0811378 0.0578244 0.0979745 0.0987719 0.0820139 0.0848799 0.0939661 0.0411571 0.0829686 0.0883840 0.0840582 0.0629829 0.0422204 0.2486606 0.0026537 0.0055520 0.0187677 0.2235876 0.0465579 0.0793622 0.0053512 0.0504208 0.0336955 0.0113882 0.0815288 0.0294954 0.0382532 0.0311946 0.0106612 0.0059221 0.0053202 0.0053206 0.0133572 0.0062736 0.0079789 0.0059221 0.0053107 0.0064205 0.0079789 0.0106691 0.0079789 0.2198237 0.0119773 0.0739721 0.0884692 
Gmac39091_CASQ1    0.0713591 0.0962171 0.0793624 0.0746412 0.0608358 0.0663333 0.0638320 0.0678740 0.0795412 0.0639972 0.2622331 0.0132080 0.0106878 0.2588125 0.0888903 0.0058100 0.0055637 0.0056657 0.0053172 0.0440657 0.0946683 0.2363293 0.0871474 0.0826424 0.0776512 0.0000010 0.0080093 0.0000000 0.0000010 0.0907809 0.1558105 0.1206617 0.0493374 0.0819538 0.0784768 0.0263352 0.0083596 0.0113927 0.0122687 0.0055569 0.0134046 0.0161227 0.0161227 0.0164419 0.0355090 0.1002359 0.0890312 0.0872026 0.0889627 0.0609465 0.1054227 0.1075918 0.0910906 0.0924805 0.0978751 0.0440657 0.0906740 0.0960448 0.0922092 0.0722336 0.0456679 0.2458420 0.0107081 0.0140082 0.0160806 0.2237502 0.0501101 0.0825113 0.0080058 0.0558453 0.0433136 0.0028116 0.0851644 0.0397485 0.0468613 0.0420661 0.0079922 0.0029596 0.0134183 0.0134194 0.0106815 0.0127111 0.0053172 0.0029596 0.0026543 0.0032077 0.0053172 0.0079982 0.0053172 0.2203588 0.0089789 0.0810227 0.0964497 
Gmel_CASQ1         0.0701769 0.0962171 0.0773483 0.0731053 0.0600805 0.0651145 0.0629730 0.0668901 0.0811181 0.0639972 0.2459048 0.0123632 0.0106878 0.2462864 0.0897494 0.0058100 0.0052608 0.0056657 0.0050402 0.0444149 0.0956580 0.2336513 0.0871474 0.0840560 0.0760019 0.0000010 0.0080093 0.0000010 0.0000000 0.0907809 0.1558105 0.1206617 0.0495523 0.0835007 0.0784768 0.0263352 0.0083596 0.0107592 0.0122687 0.0055569 0.0127004 0.0152738 0.0161227 0.0164419 0.0389132 0.0968326 0.0890312 0.0872026 0.0889627 0.0609465 0.1054227 0.1075918 0.0910906 0.0924805 0.0944825 0.0416935 0.0906740 0.0960448 0.0893737 0.0681691 0.0427872 0.2341688 0.0107081 0.0132412 0.0152360 0.2133925 0.0501101 0.0838356 0.0080058 0.0558453 0.0433136 0.0026568 0.0865293 0.0372027 0.0443375 0.0420661 0.0075752 0.0027888 0.0134183 0.0127137 0.0101224 0.0127111 0.0050402 0.0027888 0.0026543 0.0030088 0.0053172 0.0079982 0.0053172 0.2319062 0.0089789 0.0810227 0.0934125 
Hamp_CASQ1         0.0695038 0.0212390 0.0219990 0.0808969 0.0751428 0.0751428 0.0767365 0.0727071 0.0726395 0.0727067 0.2820232 0.0776849 0.0757984 0.2550833 0.1041026 0.0847988 0.0918335 0.0828903 0.0828903 0.0793597 0.0834660 0.2299939 0.0803014 0.0759871 0.0877223 0.0907809 0.0830650 0.0907809 0.0907809 0.0000000 0.1517834 0.0082219 0.0911499 0.0584507 0.0484316 0.0883166 0.0916493 0.0757984 0.0817758 0.0914774 0.0938001 0.0758269 0.0758269 0.0793173 0.0620653 0.0072957 0.0130622 0.0092789 0.0136243 0.0253674 0.0316065 0.0181413 0.0109083 0.0164036 0.0245384 0.0793597 0.0092789 0.0163816 0.0130720 0.1311571 0.0927249 0.2479156 0.0795032 0.0839527 0.0897536 0.2443762 0.0801276 0.0552403 0.0912950 0.1085374 0.0869750 0.0941798 0.0585540 0.0910836 0.0859150 0.0882379 0.0828903 0.0876154 0.0830650 0.0866867 0.0899910 0.0962443 0.0828903 0.0876154 0.0865079 0.0876154 0.0828903 0.0828903 0.0828903 0.1769920 0.0876733 0.0092901 0.0238810 
Hippo_CASQ1        0.1493183 0.1430008 0.1453153 0.1600216 0.1406314 0.1500005 0.1427262 0.1408641 0.1458743 0.1353992 0.2902400 0.1510937 0.1478858 0.2501110 0.1634809 0.1543214 0.1594788 0.1639603 0.1551822 0.1477899 0.1630481 0.2362172 0.1537316 0.1493885 0.1559942 0.1646799 0.1482342 0.1558105 0.1558105 0.1517834 0.0000000 0.1103151 0.1633990 0.1576219 0.1454155 0.1705897 0.1625866 0.1560360 0.1505310 0.1593433 0.1596029 0.1443669 0.1443669 0.1587980 0.1511264 0.1481704 0.1554683 0.1558722 0.1607929 0.1562508 0.1679509 0.1323887 0.1553127 0.1518785 0.1567388 0.1477899 0.1558723 0.1594563 0.1601822 0.1979365 0.1622556 0.2520721 0.1446055 0.1481447 0.1582147 0.2745421 0.1704202 0.1440757 0.1530746 0.1446402 0.1690403 0.1682077 0.1576891 0.1706796 0.1620311 0.1548555 0.1587125 0.1639603 0.1482342 0.1554815 0.1552163 0.1377346 0.1551822 0.1639603 0.1551822 0.1672459 0.1551822 0.1588500 0.1551822 0.2486253 0.1526826 0.1472515 0.1633799 
Hpla9120_CASQ1     0.0808739 0.0082219 0.0082219 0.1002227 0.0894310 0.0894310 0.0894310 0.0799219 0.0896458 0.0895260 0.3273413 0.0983846 0.0983846 0.2784294 0.1523455 0.1082316 0.1082316 0.1082316 0.1082316 0.0796737 0.0987614 0.2886737 0.0987614 0.0987614 0.0904857 0.1206617 0.0988353 0.1206617 0.1206617 0.0082219 0.1103151 0.0000000 0.1177743 0.0698936 0.0793497 0.0988353 0.1190187 0.0983846 0.0983846 0.1184573 0.1291656 0.0888331 0.0888331 0.1081240 0.0890220 0.0165564 0.0250016 0.0165564 0.0165564 0.0620641 0.0603633 0.0204458 0.0165527 0.0165564 0.0522367 0.0796737 0.0165564 0.0165564 0.0165564 0.0884005 0.0884005 0.2663439 0.0988353 0.1085828 0.1176644 0.2772915 0.0984526 0.0703040 0.1109476 0.0988735 0.0884005 0.1300698 0.0793069 0.0884005 0.0884005 0.0884005 0.1082316 0.1082316 0.1088262 0.1088262 0.1182390 0.1047169 0.1082316 0.1082316 0.1082316 0.1082316 0.1082316 0.1082316 0.1082316 0.1935516 0.1180432 0.0166108 0.0165685 
Igeo_CASQ1         0.0627922 0.0861244 0.0822795 0.0760796 0.0628622 0.0628622 0.0664818 0.0622764 0.0828160 0.0723234 0.2448851 0.0456466 0.0363963 0.2357320 0.0988282 0.0418574 0.0481599 0.0405935 0.0414356 0.0654488 0.0984014 0.2549043 0.0956241 0.0869919 0.0713026 0.0493374 0.0365131 0.0493374 0.0495523 0.0911499 0.1633990 0.1177743 0.0000000 0.0783106 0.0890914 0.0478123 0.0478510 0.0375363 0.0397705 0.0477360 0.0494216 0.0453885 0.0448509 0.0405909 0.0298861 0.0892950 0.1023641 0.0911114 0.0988046 0.0726953 0.1203026 0.1055311 0.1083828 0.0973677 0.0975518 0.0613623 0.0911114 0.1074830 0.0939405 0.0452510 0.0648773 0.2232557 0.0365131 0.0398265 0.0530978 0.1894591 0.0476537 0.0823786 0.0453855 0.0661270 0.0475493 0.0533953 0.0864061 0.0437379 0.0492118 0.0475493 0.0414356 0.0438817 0.0449722 0.0415828 0.0453599 0.0454652 0.0414356 0.0438817 0.0448538 0.0438817 0.0405935 0.0405935 0.0405935 0.2099991 0.0447995 0.0912828 0.1085054 
Kbre_CASQ1         0.0707337 0.0665704 0.0641891 0.0748957 0.0647272 0.0647272 0.0639891 0.0637376 0.0541254 0.0615103 0.2555341 0.0745539 0.0676869 0.2306823 0.0853319 0.0794793 0.0842299 0.0746572 0.0765975 0.0831262 0.0641395 0.2172196 0.0642163 0.0571656 0.0744786 0.0819538 0.0783287 0.0819538 0.0835007 0.0584507 0.1576219 0.0698936 0.0783106 0.0000000 0.0184820 0.0757051 0.0827047 0.0700012 0.0761260 0.0825518 0.0800256 0.0765352 0.0745943 0.0711063 0.0572809 0.0612246 0.0581337 0.0550714 0.0681822 0.0622264 0.0760198 0.0772570 0.0612466 0.0652592 0.0685441 0.0798024 0.0583850 0.0688935 0.0610980 0.1276416 0.0884393 0.2331954 0.0748477 0.0807448 0.0829234 0.2080281 0.0606697 0.0321819 0.0859921 0.1057500 0.0970719 0.0866230 0.0351443 0.0906707 0.0962971 0.0908737 0.0765975 0.0806122 0.0783287 0.0834170 0.0765917 0.0886969 0.0765975 0.0806122 0.0781694 0.0806122 0.0746572 0.0746572 0.0746572 0.1945769 0.0741803 0.0551459 0.0702936 
Ksim_CASQ1         0.0652634 0.0619518 0.0572941 0.0693535 0.0578328 0.0578328 0.0578553 0.0579225 0.0509649 0.0548884 0.2522251 0.0641388 0.0642982 0.2350817 0.0767318 0.0718203 0.0792051 0.0712295 0.0712295 0.0746101 0.0610693 0.2140080 0.0571483 0.0541856 0.0691905 0.0784768 0.0748752 0.0784768 0.0784768 0.0484316 0.1454155 0.0793497 0.0890914 0.0184820 0.0000000 0.0794251 0.0790470 0.0642982 0.0680792 0.0789008 0.0817552 0.0711709 0.0711709 0.0677020 0.0509968 0.0537145 0.0475873 0.0450949 0.0570593 0.0520958 0.0657278 0.0773750 0.0533963 0.0546263 0.0622321 0.0746101 0.0483779 0.0582102 0.0511626 0.1249901 0.0716952 0.2292216 0.0714123 0.0753208 0.0779045 0.2147602 0.0466481 0.0215319 0.0824754 0.1110236 0.0932829 0.0817768 0.0246366 0.0858334 0.0919150 0.0950634 0.0712295 0.0751864 0.0748752 0.0783947 0.0781005 0.0961301 0.0712295 0.0751864 0.0747227 0.0751864 0.0712295 0.0712295 0.0712295 0.1752147 0.0781554 0.0451547 0.0642183 
Lacu_CASQ1         0.0881965 0.0905400 0.0865497 0.0886734 0.0750125 0.0750125 0.0766110 0.0836924 0.0870130 0.0767078 0.2952284 0.0256150 0.0228892 0.2754912 0.1040720 0.0218606 0.0262909 0.0228906 0.0228906 0.0468446 0.0951245 0.2623992 0.0905479 0.0905479 0.0926672 0.0263352 0.0229389 0.0263352 0.0263352 0.0883166 0.1705897 0.0988353 0.0478123 0.0757051 0.0794251 0.0000000 0.0263034 0.0228892 0.0218591 0.0262550 0.0330376 0.0262529 0.0262529 0.0262391 0.0365106 0.0909921 0.0883240 0.0845626 0.0962674 0.0621471 0.1081343 0.1061466 0.0910338 0.0920191 0.1050616 0.0468446 0.0882073 0.0958381 0.0883917 0.0931430 0.0644542 0.2688111 0.0196054 0.0229355 0.0261473 0.2349032 0.0502851 0.0829451 0.0298966 0.0503510 0.0608949 0.0296438 0.0864913 0.0537453 0.0608949 0.0579959 0.0228906 0.0228906 0.0296792 0.0263112 0.0295886 0.0062736 0.0228906 0.0228906 0.0228906 0.0228906 0.0228906 0.0228906 0.0228906 0.2014054 0.0262864 0.0846909 0.1041152 
Lalb_CASQ1         0.0746033 0.0955666 0.0826369 0.0778956 0.0644229 0.0662427 0.0670317 0.0709282 0.0834260 0.0671105 0.2800977 0.0131918 0.0111418 0.2762410 0.0849308 0.0060789 0.0083478 0.0029563 0.0055416 0.0459946 0.0945425 0.2444001 0.0903784 0.0866800 0.0815061 0.0059486 0.0111507 0.0083596 0.0083596 0.0916493 0.1625866 0.1190187 0.0478510 0.0827047 0.0790470 0.0263034 0.0000000 0.0089194 0.0153401 0.0083377 0.0139746 0.0139702 0.0139702 0.0171575 0.0370497 0.0996419 0.0919861 0.0878950 0.0920279 0.0675398 0.1104366 0.1065245 0.0905574 0.0954254 0.1045068 0.0459946 0.0915361 0.0989832 0.0917261 0.0723001 0.0489371 0.2624329 0.0139783 0.0168136 0.0195918 0.2354600 0.0500504 0.0862436 0.0169197 0.0557448 0.0464147 0.0089281 0.0860800 0.0397010 0.0458920 0.0455802 0.0083304 0.0029563 0.0168155 0.0168169 0.0111339 0.0126810 0.0055416 0.0029563 0.0055416 0.0032037 0.0055416 0.0083369 0.0055416 0.2355124 0.0093638 0.0847433 0.0995084 
Laus_CASQ1         0.0685173 0.0806454 0.0716465 0.0749202 0.0610803 0.0610803 0.0640623 0.0650572 0.0800171 0.0617014 0.2507524 0.0030545 0.0000010 0.2431281 0.0926650 0.0062039 0.0083993 0.0056453 0.0053331 0.0356613 0.0913576 0.2273752 0.0861470 0.0831401 0.0745650 0.0113927 0.0142476 0.0113927 0.0107592 0.0757984 0.1560360 0.0983846 0.0375363 0.0700012 0.0642982 0.0228892 0.0089194 0.0000000 0.0000010 0.0089044 0.0134476 0.0053372 0.0056498 0.0028159 0.0299515 0.0841004 0.0800987 0.0723269 0.0875341 0.0516151 0.0940294 0.0916152 0.0776788 0.0837263 0.0831487 0.0328283 0.0757113 0.0874679 0.0781576 0.0663736 0.0424907 0.2303874 0.0113687 0.0112187 0.0134092 0.2058972 0.0395844 0.0677566 0.0201834 0.0450249 0.0430504 0.0134560 0.0730770 0.0339026 0.0412928 0.0377287 0.0053331 0.0055756 0.0200566 0.0161936 0.0107154 0.0126177 0.0053331 0.0055756 0.0084952 0.0060153 0.0056453 0.0056453 0.0056453 0.2210714 0.0063834 0.0724281 0.0849266 
Lbor_CASQ1         0.0721140 0.0806454 0.0711857 0.0755211 0.0597852 0.0611524 0.0635468 0.0681077 0.0816764 0.0636300 0.2858624 0.0032605 0.0030313 0.2761386 0.0912339 0.0091444 0.0091444 0.0065335 0.0091444 0.0407859 0.0928543 0.2338932 0.0893667 0.0852782 0.0795146 0.0098659 0.0153428 0.0122687 0.0122687 0.0817758 0.1505310 0.0983846 0.0397705 0.0761260 0.0680792 0.0218591 0.0153401 0.0000010 0.0000000 0.0122334 0.0184645 0.0060831 0.0060831 0.0062162 0.0279269 0.0892789 0.0831415 0.0776594 0.0899480 0.0564992 0.1033031 0.0968133 0.0776788 0.0869114 0.0911792 0.0407859 0.0816647 0.0870028 0.0818542 0.0764412 0.0508215 0.2610393 0.0122409 0.0153410 0.0153040 0.2410669 0.0366967 0.0740948 0.0185267 0.0450249 0.0479255 0.0131629 0.0799700 0.0404455 0.0472305 0.0431062 0.0122216 0.0065335 0.0216076 0.0216312 0.0153174 0.0077881 0.0091444 0.0065335 0.0091444 0.0071454 0.0091444 0.0122319 0.0091444 0.2187765 0.0103960 0.0752527 0.0826632 
Lhos30470_CASQ1    0.0714211 0.0953363 0.0787872 0.0744265 0.0606404 0.0661022 0.0636494 0.0677871 0.0799861 0.0637246 0.2761424 0.0131672 0.0083323 0.2729412 0.0886350 0.0030299 0.0055491 0.0029514 0.0027628 0.0429996 0.0943452 0.2405794 0.0869017 0.0832309 0.0780143 0.0059385 0.0083391 0.0055569 0.0055569 0.0914774 0.1593433 0.1184573 0.0477360 0.0825518 0.0789008 0.0262550 0.0083377 0.0089044 0.0122334 0.0000000 0.0055415 0.0111440 0.0111440 0.0142561 0.0341034 0.0994323 0.0884419 0.0877300 0.0883526 0.0641301 0.1067840 0.1061529 0.0903675 0.0918675 0.1045996 0.0429996 0.0913646 0.0954066 0.0915539 0.0690935 0.0455333 0.2585718 0.0111506 0.0139714 0.0167452 0.2316230 0.0499583 0.0830500 0.0140592 0.0555899 0.0431913 0.0089131 0.0859216 0.0396281 0.0429049 0.0419314 0.0055376 0.0029514 0.0139731 0.0139743 0.0083264 0.0126356 0.0027628 0.0029514 0.0027628 0.0031989 0.0027628 0.0055419 0.0027628 0.2316458 0.0062224 0.0812438 0.0957834 
Lhos452_CASQ1      0.0670660 0.1053555 0.0840624 0.0728379 0.0598415 0.0648331 0.0627475 0.0638271 0.0777125 0.0605319 0.2535104 0.0186085 0.0133595 0.2535896 0.0894139 0.0087133 0.0105522 0.0084973 0.0075594 0.0470271 0.0952321 0.2333758 0.0868080 0.0806305 0.0725980 0.0142903 0.0160919 0.0134046 0.0127004 0.0938001 0.1596029 0.1291656 0.0494216 0.0800256 0.0817552 0.0330376 0.0139746 0.0134476 0.0184645 0.0055415 0.0000000 0.0178174 0.0188079 0.0191803 0.0415065 0.1042686 0.0956116 0.0902255 0.0957885 0.0674562 0.1082933 0.1138161 0.0989975 0.0990719 0.1024815 0.0442981 0.0936900 0.1026523 0.0959822 0.0709011 0.0490582 0.2408576 0.0188259 0.0185913 0.0229525 0.2131064 0.0569964 0.0865486 0.0216949 0.0610467 0.0496658 0.0162003 0.0896314 0.0435472 0.0469429 0.0456333 0.0100991 0.0083920 0.0215666 0.0204286 0.0075575 0.0191140 0.0075594 0.0083920 0.0106655 0.0090564 0.0079744 0.0106634 0.0079744 0.2386711 0.0089579 0.0838519 0.0964239 
Lobl_CASQ1         0.0699880 0.0759065 0.0626877 0.0729220 0.0599154 0.0649207 0.0628175 0.0667118 0.0808834 0.0638033 0.2484663 0.0061297 0.0053031 0.2412652 0.0894247 0.0116477 0.0105490 0.0113575 0.0101013 0.0335441 0.0953696 0.2219132 0.0869166 0.0838126 0.0757802 0.0171915 0.0188169 0.0161227 0.0152738 0.0758269 0.1443669 0.0888331 0.0453885 0.0765352 0.0711709 0.0262529 0.0139702 0.0053372 0.0060831 0.0111440 0.0178174 0.0000000 0.0000010 0.0108747 0.0334725 0.0802185 0.0744358 0.0723546 0.0810764 0.0513698 0.0909808 0.0846381 0.0735746 0.0777980 0.0831805 0.0308840 0.0757398 0.0812596 0.0747135 0.0622335 0.0363768 0.2293000 0.0160905 0.0132081 0.0203467 0.2088719 0.0430346 0.0778127 0.0244629 0.0398642 0.0368191 0.0189441 0.0796283 0.0307446 0.0388327 0.0311416 0.0126515 0.0083893 0.0243176 0.0230328 0.0152150 0.0126177 0.0101013 0.0083893 0.0133627 0.0090533 0.0106580 0.0133600 0.0106580 0.2197760 0.0119644 0.0673203 0.0790535 
