91
Bacu_CNTNAP2         0.0000000 0.0957773 0.0875230 0.0108143 0.0252177 0.0235324 0.0226727 0.0260111 0.0264319 0.2671127 0.0619048 0.2531929 0.0704327 0.2728449 0.0305798 0.0626485 0.0661050 0.0652480 0.0649127 0.0668805 0.2984924 0.0345284 0.0345851 0.0362796 0.0284899 0.0662051 0.0699911 0.0689796 0.0662478 0.0992768 0.1347643 0.0795429 0.0902967 0.0821716 0.0671118 0.0687001 0.0660175 0.0682981 0.0638946 0.0636131 0.0650365 0.0652856 0.0620735 0.0857668 0.0924374 0.0897341 0.0796930 0.0822691 0.0840214 0.0794698 0.0846088 0.0881024 0.0825656 0.0667544 0.0869675 0.0897032 0.0850438 0.0713693 0.0685969 0.2707745 0.0689536 0.0639986 0.0704975 0.0715224 0.0645461 0.0708842 0.0739911 0.0721648 0.0662385 0.0709472 0.0715554 0.0721541 0.0744711 0.0625971 0.0607383 0.0662819 0.0662819 0.0645729 0.0686676 0.0654340 0.0660979 0.0635288 0.0657206 0.0644076 0.0664095 0.0626648 0.2673670 0.0603169 0.0846555 0.0643860 0.0942185 
Barn_CNTNAP2         0.0957773 0.0000000 0.0029924 0.0939729 0.0883813 0.0865255 0.0882437 0.0881604 0.0823976 0.2725372 0.0679773 0.2466376 0.0724671 0.2824130 0.0848201 0.0622447 0.0622447 0.0638944 0.0655505 0.0586258 0.3043977 0.0849491 0.0850890 0.0850890 0.0975231 0.0711143 0.0694948 0.0764411 0.0712010 0.0469818 0.1704497 0.0838861 0.0965746 0.0919936 0.0639478 0.0706564 0.0673584 0.0741260 0.0640267 0.0657932 0.0690254 0.0693156 0.0673584 0.0357455 0.0423069 0.0421001 0.0419368 0.0404408 0.0386539 0.0394877 0.0458232 0.0388241 0.0394984 0.0552734 0.0419281 0.0418732 0.0387091 0.0671768 0.0646296 0.2875803 0.0726368 0.0726133 0.0706842 0.0789769 0.0728208 0.0746391 0.0667783 0.0667685 0.0711824 0.0826215 0.0570225 0.0685305 0.0662563 0.0622447 0.0624292 0.0728240 0.0710734 0.0624769 0.0355784 0.0640735 0.0656998 0.0623778 0.0645336 0.0639202 0.0622447 0.0622447 0.2609129 0.0622447 0.0259858 0.0622447 0.0387616 
Bbai76728_CNTNAP2    0.0875230 0.0029924 0.0000000 0.0885481 0.0845589 0.0845564 0.0838841 0.0824035 0.0796929 0.2723983 0.0673749 0.2483754 0.0694322 0.2847252 0.0831486 0.0638517 0.0635819 0.0637358 0.0643559 0.0606346 0.3060686 0.0814777 0.0806300 0.0825978 0.0844507 0.0678465 0.0679168 0.0708478 0.0678937 0.0435129 0.1502512 0.0670931 0.1022268 0.0871199 0.0658786 0.0694845 0.0666371 0.0694207 0.0626881 0.0640483 0.0655787 0.0668212 0.0633457 0.0389543 0.0391532 0.0361720 0.0367931 0.0386096 0.0351984 0.0345042 0.0416831 0.0371171 0.0378179 0.0615410 0.0389801 0.0407753 0.0362305 0.0684325 0.0652020 0.2842811 0.0707716 0.0674726 0.0714685 0.0704038 0.0729100 0.0729098 0.0742747 0.0682010 0.0678835 0.0836669 0.0636410 0.0682493 0.0720867 0.0628173 0.0598024 0.0689228 0.0679322 0.0640742 0.0603672 0.0629614 0.0667356 0.0629749 0.0622451 0.0618568 0.0659451 0.0628903 0.2890061 0.0603774 0.0352682 0.0629188 0.0405979 
BbonAUS_CNTNAP2      0.0108143 0.0939729 0.0885481 0.0000000 0.0265698 0.0248466 0.0205172 0.0256735 0.0259202 0.2769171 0.0613940 0.2539851 0.0701002 0.2793521 0.0308502 0.0612795 0.0648615 0.0639287 0.0654510 0.0655275 0.3037135 0.0334849 0.0326739 0.0343955 0.0264964 0.0668105 0.0696846 0.0696496 0.0668546 0.1014151 0.1427902 0.0772163 0.0932762 0.0828766 0.0675611 0.0683243 0.0655975 0.0679054 0.0626330 0.0621988 0.0645978 0.0667053 0.0606258 0.0818394 0.0934877 0.0916484 0.0776098 0.0820649 0.0839015 0.0776451 0.0877110 0.0890509 0.0807898 0.0654639 0.0869065 0.0896973 0.0849442 0.0700963 0.0671681 0.2763162 0.0686266 0.0597568 0.0702034 0.0692726 0.0658991 0.0715990 0.0676556 0.0709079 0.0668450 0.0723812 0.0702822 0.0708969 0.0707280 0.0612282 0.0573471 0.0668899 0.0659544 0.0650063 0.0667145 0.0640511 0.0647951 0.0639397 0.0643831 0.0630715 0.0650422 0.0612351 0.2741523 0.0568842 0.0845383 0.0629876 0.0974404 
Bbor_CNTNAP2         0.0252177 0.0883813 0.0845589 0.0265698 0.0000000 0.0076425 0.0089332 0.0193475 0.0169503 0.2791104 0.0589653 0.2571511 0.0691056 0.2819763 0.0283671 0.0625175 0.0676424 0.0650097 0.0637044 0.0630794 0.3013834 0.0298127 0.0306663 0.0322791 0.0272858 0.0668549 0.0686876 0.0677820 0.0668964 0.0937057 0.1417252 0.0782747 0.0844630 0.0746359 0.0644066 0.0691870 0.0648981 0.0651338 0.0647331 0.0634420 0.0630930 0.0623184 0.0610931 0.0860107 0.0885977 0.0888072 0.0758990 0.0825009 0.0801058 0.0770690 0.0842856 0.0848091 0.0828325 0.0638572 0.0842666 0.0854916 0.0801976 0.0699755 0.0671839 0.2788559 0.0694402 0.0637089 0.0683094 0.0673597 0.0769730 0.0713508 0.0694347 0.0680088 0.0659609 0.0672297 0.0674134 0.0698006 0.0705009 0.0624684 0.0605070 0.0660034 0.0651049 0.0643619 0.0630012 0.0651873 0.0658245 0.0633614 0.0654577 0.0642039 0.0661219 0.0615084 0.2690397 0.0600949 0.0783538 0.0641833 0.0922576 
Bede66737_CNTNAP2    0.0235324 0.0865255 0.0845564 0.0248466 0.0076425 0.0000000 0.0024191 0.0161899 0.0169489 0.2778385 0.0571361 0.2593555 0.0673171 0.2806996 0.0266807 0.0607459 0.0657860 0.0632316 0.0618737 0.0613146 0.3024113 0.0281776 0.0290255 0.0306327 0.0256481 0.0650665 0.0668458 0.0659883 0.0651068 0.0937265 0.1405683 0.0771853 0.0843587 0.0736321 0.0626512 0.0673959 0.0631232 0.0632336 0.0627928 0.0616660 0.0613274 0.0605067 0.0593199 0.0845378 0.0886179 0.0888276 0.0746550 0.0825203 0.0783759 0.0757975 0.0832401 0.0848286 0.0838467 0.0620915 0.0842859 0.0855109 0.0810924 0.0681838 0.0652700 0.2799333 0.0676421 0.0618285 0.0665222 0.0654395 0.0768774 0.0695412 0.0640900 0.0680241 0.0641316 0.0657966 0.0674285 0.0680138 0.0683450 0.0606991 0.0586271 0.0641727 0.0632781 0.0625806 0.0617826 0.0634040 0.0640444 0.0615877 0.0636437 0.0624273 0.0643331 0.0596981 0.2709505 0.0582288 0.0783715 0.0624073 0.0922794 
BedeAUS_CNTNAP2      0.0226727 0.0882437 0.0838841 0.0205172 0.0089332 0.0024191 0.0000000 0.0155291 0.0180611 0.2635539 0.0575016 0.2453752 0.0652986 0.2632070 0.0266489 0.0572744 0.0615964 0.0590706 0.0608628 0.0616418 0.2841867 0.0282381 0.0291380 0.0308439 0.0255554 0.0628632 0.0656992 0.0638353 0.0629046 0.0969601 0.1416589 0.0772477 0.0842019 0.0736894 0.0608531 0.0653350 0.0617377 0.0638409 0.0600799 0.0591931 0.0607528 0.0618891 0.0589716 0.0874632 0.0871683 0.0883573 0.0771309 0.0834759 0.0778890 0.0757975 0.0851285 0.0857116 0.0848852 0.0624661 0.0836628 0.0854552 0.0817224 0.0679992 0.0648818 0.2650474 0.0636732 0.0627473 0.0644103 0.0663763 0.0583179 0.0675889 0.0659836 0.0687640 0.0628955 0.0666853 0.0681342 0.0687524 0.0694455 0.0581775 0.0595468 0.0629371 0.0620129 0.0592563 0.0618189 0.0610261 0.0608120 0.0582174 0.0612373 0.0599998 0.0620039 0.0582411 0.2527563 0.0591420 0.0775639 0.0599794 0.0919125 
Bmus_CNTNAP2         0.0260111 0.0881604 0.0824035 0.0256735 0.0193475 0.0161899 0.0155291 0.0000000 0.0210646 0.2740534 0.0597765 0.2579635 0.0698830 0.2768939 0.0291925 0.0615816 0.0666577 0.0640683 0.0636460 0.0621789 0.2975429 0.0289619 0.0282001 0.0281934 0.0232413 0.0659415 0.0677465 0.0668657 0.0659823 0.0927153 0.1395474 0.0749507 0.0861207 0.0763391 0.0634631 0.0682360 0.0656761 0.0659664 0.0617819 0.0625029 0.0638696 0.0648944 0.0618762 0.0801749 0.0875644 0.0859704 0.0734217 0.0805563 0.0756317 0.0757615 0.0812001 0.0820061 0.0817113 0.0629561 0.0814545 0.0827453 0.0783516 0.0690597 0.0652965 0.2737575 0.0685212 0.0636662 0.0673963 0.0700473 0.0786526 0.0704256 0.0709042 0.0671771 0.0650268 0.0681809 0.0683046 0.0688873 0.0694183 0.0615335 0.0604322 0.0650686 0.0641722 0.0625559 0.0654909 0.0642431 0.0648815 0.0624235 0.0644971 0.0632639 0.0651741 0.0605525 0.2673658 0.0600211 0.0792338 0.0632436 0.0912664 
Bphy_baits_CNTNAP2   0.0264319 0.0823976 0.0796929 0.0259202 0.0169503 0.0169489 0.0180611 0.0210646 0.0000000 0.2720558 0.0586789 0.2572999 0.0688496 0.2783141 0.0294664 0.0610329 0.0645509 0.0636351 0.0641406 0.0625210 0.3044712 0.0311991 0.0304018 0.0320871 0.0285534 0.0664946 0.0684027 0.0692818 0.0665377 0.0888525 0.1451925 0.0733212 0.0876366 0.0773152 0.0611729 0.0689335 0.0644509 0.0627670 0.0624292 0.0617732 0.0625651 0.0633951 0.0604689 0.0775749 0.0886069 0.0874493 0.0750045 0.0818280 0.0765709 0.0774681 0.0838400 0.0832817 0.0804747 0.0624617 0.0808327 0.0821994 0.0794221 0.0697255 0.0661460 0.2741344 0.0691648 0.0641249 0.0697941 0.0642025 0.0780100 0.0711952 0.0688931 0.0667833 0.0655492 0.0707167 0.0670481 0.0686514 0.0716925 0.0610125 0.0598387 0.0655615 0.0646217 0.0628935 0.0641349 0.0637547 0.0644860 0.0618832 0.0644273 0.0628227 0.0647586 0.0599122 0.2719471 0.0593195 0.0784674 0.0627417 0.0890348 
Btau_CNTNAP2         0.2671127 0.2725372 0.2723983 0.2769171 0.2791104 0.2778385 0.2635539 0.2740534 0.2720558 0.0000000 0.2723755 0.1050092 0.2779826 0.0851312 0.2723532 0.2745744 0.2752340 0.2740328 0.2611871 0.2695239 0.3953737 0.2680350 0.2709252 0.2708461 0.2827702 0.2720337 0.2648345 0.2761148 0.2721644 0.2886808 0.2459463 0.2796971 0.2929707 0.2833642 0.2683620 0.2758122 0.2737424 0.2709478 0.2737937 0.2686476 0.2732970 0.2688163 0.2687006 0.2552772 0.2664777 0.2666155 0.2555017 0.2601096 0.2642418 0.2397270 0.2629757 0.2724606 0.2659136 0.2656990 0.2687988 0.2701296 0.2696436 0.2717137 0.2646088 0.0798363 0.2778145 0.2590877 0.2807907 0.2680935 0.2863402 0.2763565 0.2802506 0.2690485 0.2655361 0.2752233 0.2658358 0.2697737 0.2601543 0.2718226 0.2552133 0.2682394 0.2669805 0.2728545 0.2625292 0.2748051 0.2749833 0.2708581 0.2664609 0.2719936 0.2706778 0.2618893 0.3500458 0.2518894 0.2729044 0.2717473 0.2776659 
Ccom40_CNTNAP2       0.0619048 0.0679773 0.0673749 0.0613940 0.0589653 0.0571361 0.0575016 0.0597765 0.0586789 0.2723755 0.0000000 0.2506463 0.0128007 0.2833102 0.0567089 0.0169620 0.0167690 0.0161217 0.0179158 0.0361340 0.2925455 0.0554195 0.0546255 0.0563796 0.0614828 0.0194331 0.0227706 0.0219317 0.0194459 0.0818338 0.1501225 0.0443698 0.0872438 0.0789895 0.0227299 0.0226848 0.0087783 0.0082494 0.0158522 0.0161118 0.0079633 0.0087730 0.0064210 0.0642374 0.0724480 0.0726141 0.0569691 0.0594322 0.0653096 0.0503701 0.0643204 0.0668751 0.0653750 0.0369381 0.0672155 0.0698550 0.0653743 0.0420973 0.0405972 0.2781798 0.0227335 0.0201209 0.0210192 0.0508634 0.0572509 0.0236222 0.0322568 0.0446058 0.0194428 0.0620635 0.0421737 0.0428569 0.0434351 0.0153120 0.0117283 0.0211084 0.0219332 0.0186430 0.0230699 0.0178091 0.0185699 0.0161383 0.0163258 0.0153148 0.0186519 0.0153278 0.2829107 0.0133272 0.0642326 0.0169480 0.0703221 
Cela_CNTNAP2         0.2531929 0.2466376 0.2483754 0.2539851 0.2571511 0.2593555 0.2453752 0.2579635 0.2572999 0.1050092 0.2506463 0.0000000 0.2592342 0.1108163 0.2553686 0.2581051 0.2638179 0.2599384 0.2469513 0.2522116 0.4001410 0.2488426 0.2493475 0.2492749 0.2593936 0.2556292 0.2468554 0.2596155 0.2557566 0.2786235 0.2368520 0.2648837 0.2813907 0.2632048 0.2564559 0.2593513 0.2573345 0.2495982 0.2615392 0.2534618 0.2569226 0.2507978 0.2510227 0.2391160 0.2575097 0.2587854 0.2572783 0.2496988 0.2557236 0.2370530 0.2678400 0.2627625 0.2513878 0.2528760 0.2587151 0.2614524 0.2610557 0.2578613 0.2531222 0.1146844 0.2590833 0.2383758 0.2619415 0.2513557 0.2658060 0.2598439 0.2582759 0.2551769 0.2475802 0.2619347 0.2532257 0.2548533 0.2463787 0.2554228 0.2391587 0.2502088 0.2489749 0.2598971 0.2402815 0.2618609 0.2585551 0.2579590 0.2573693 0.2554882 0.2554836 0.2451838 0.3491185 0.2372262 0.2563969 0.2565371 0.2611162 
Chea7320_CNTNAP2     0.0704327 0.0724671 0.0694322 0.0701002 0.0691056 0.0673171 0.0652986 0.0698830 0.0688496 0.2779826 0.0128007 0.2592342 0.0000000 0.2881151 0.0654978 0.0170007 0.0168172 0.0161967 0.0175663 0.0361412 0.3008493 0.0656499 0.0640416 0.0657440 0.0715372 0.0193646 0.0223222 0.0217542 0.0193768 0.0835244 0.1436028 0.0432475 0.0858620 0.0770623 0.0225839 0.0232699 0.0076289 0.0098239 0.0176927 0.0162334 0.0068515 0.0078388 0.0069129 0.0623816 0.0741898 0.0712427 0.0615344 0.0573947 0.0667636 0.0549127 0.0692685 0.0710088 0.0674288 0.0369104 0.0659522 0.0693954 0.0651030 0.0410228 0.0398094 0.2826121 0.0233177 0.0188807 0.0193073 0.0488928 0.0739012 0.0233703 0.0383961 0.0442433 0.0190614 0.0680858 0.0419171 0.0425714 0.0447807 0.0154220 0.0106639 0.0206935 0.0215018 0.0186088 0.0216342 0.0178111 0.0185390 0.0162126 0.0165112 0.0154247 0.0186173 0.0150286 0.2861748 0.0122445 0.0629223 0.0169874 0.0711643 
Chir_CNTNAP2         0.2728449 0.2824130 0.2847252 0.2793521 0.2819763 0.2806996 0.2632070 0.2768939 0.2783141 0.0851312 0.2833102 0.1108163 0.2881151 0.0000000 0.2797260 0.2859086 0.2841671 0.2830592 0.2707908 0.2770116 0.4155542 0.2742468 0.2748107 0.2747303 0.2859104 0.2845167 0.2774868 0.2862633 0.2846495 0.3016131 0.2430063 0.2895434 0.3087662 0.2960278 0.2808800 0.2882785 0.2838467 0.2788326 0.2923448 0.2811168 0.2805376 0.2790714 0.2763273 0.2712796 0.2844145 0.2842641 0.2754791 0.2711509 0.2804087 0.2674322 0.2917997 0.2887383 0.2733312 0.2777663 0.2853350 0.2887058 0.2882398 0.2829156 0.2737252 0.0358371 0.2891646 0.2662440 0.2885690 0.2738376 0.2982370 0.2889227 0.3164505 0.2773137 0.2781711 0.2998664 0.2781789 0.2774446 0.2580397 0.2831073 0.2624098 0.2809272 0.2796510 0.2854059 0.2584240 0.2849883 0.2839259 0.2833533 0.2779691 0.2832915 0.2807970 0.2721127 0.3546022 0.2602612 0.2876940 0.2842392 0.2908711 
Cmar59905_CNTNAP2    0.0305798 0.0848201 0.0831486 0.0308502 0.0283671 0.0266807 0.0266489 0.0291925 0.0294664 0.2723532 0.0567089 0.2553686 0.0654978 0.2797260 0.0000000 0.0595769 0.0630546 0.0621500 0.0625668 0.0628403 0.3005275 0.0259134 0.0242963 0.0259497 0.0333191 0.0649272 0.0667692 0.0676777 0.0649689 0.0973911 0.1381273 0.0726622 0.0821118 0.0727470 0.0650429 0.0673416 0.0620513 0.0630314 0.0618121 0.0587146 0.0610701 0.0620469 0.0589870 0.0859826 0.0893935 0.0886067 0.0813751 0.0810903 0.0805416 0.0803658 0.0828450 0.0844625 0.0848395 0.0627811 0.0838983 0.0833520 0.0806017 0.0699726 0.0680389 0.2715988 0.0675965 0.0625064 0.0646755 0.0673514 0.0800224 0.0695651 0.0711511 0.0698021 0.0639539 0.0683420 0.0691902 0.0697915 0.0748915 0.0595289 0.0582482 0.0639964 0.0630685 0.0614135 0.0627914 0.0622656 0.0629919 0.0603896 0.0625552 0.0613167 0.0632250 0.0584040 0.2739973 0.0577782 0.0796753 0.0612375 0.0882020 
Dcap108471_CNTNAP2   0.0626485 0.0622447 0.0638517 0.0612795 0.0625175 0.0607459 0.0572744 0.0615816 0.0610329 0.2745744 0.0169620 0.2581051 0.0170007 0.2859086 0.0595769 0.0000000 0.0063472 0.0053460 0.0071171 0.0298127 0.3007810 0.0573829 0.0566204 0.0583109 0.0632251 0.0115832 0.0151095 0.0139421 0.0115906 0.0786164 0.1395324 0.0361728 0.0809199 0.0710344 0.0178757 0.0170381 0.0131080 0.0132139 0.0033265 0.0053683 0.0115339 0.0134731 0.0084939 0.0583945 0.0699657 0.0671343 0.0558274 0.0557172 0.0601949 0.0525130 0.0627765 0.0660357 0.0616565 0.0305838 0.0618519 0.0645331 0.0602525 0.0346635 0.0338629 0.2803741 0.0123367 0.0097851 0.0131006 0.0436136 0.0670725 0.0155328 0.0269185 0.0378707 0.0118836 0.0571533 0.0355400 0.0362143 0.0369861 0.0045815 0.0048938 0.0118903 0.0126904 0.0076917 0.0135707 0.0069019 0.0061210 0.0069032 0.0070166 0.0061188 0.0076818 0.0070698 0.2827290 0.0048721 0.0571084 0.0061283 0.0668843 
Dcap79929_CNTNAP2    0.0661050 0.0622447 0.0635819 0.0648615 0.0676424 0.0657860 0.0615964 0.0666577 0.0645509 0.2752340 0.0167690 0.2638179 0.0168172 0.2841671 0.0630546 0.0063472 0.0000000 0.0023692 0.0082192 0.0309343 0.3045533 0.0613655 0.0605763 0.0623392 0.0674781 0.0112031 0.0148492 0.0136466 0.0112105 0.0816696 0.1450853 0.0382033 0.0850590 0.0748054 0.0152588 0.0168551 0.0127841 0.0119993 0.0049935 0.0071625 0.0111540 0.0131532 0.0080109 0.0584003 0.0728082 0.0697820 0.0575952 0.0571052 0.0624948 0.0542470 0.0644499 0.0686294 0.0616490 0.0309062 0.0642821 0.0670086 0.0625567 0.0368192 0.0361534 0.2808017 0.0119874 0.0101804 0.0127762 0.0448842 0.0725671 0.0152944 0.0301732 0.0401540 0.0115044 0.0643279 0.0377360 0.0384288 0.0387399 0.0079426 0.0042407 0.0115110 0.0123407 0.0079708 0.0131435 0.0023733 0.0063486 0.0055545 0.0072813 0.0063451 0.0063600 0.0073298 0.2854396 0.0025258 0.0575392 0.0063491 0.0696175 
DdelSJR_CNTNAP2      0.0652480 0.0638944 0.0637358 0.0639287 0.0650097 0.0632316 0.0590706 0.0640683 0.0636351 0.2740328 0.0161217 0.2599384 0.0161967 0.2830592 0.0621500 0.0053460 0.0023692 0.0000000 0.0095023 0.0305815 0.3030507 0.0598598 0.0590991 0.0607936 0.0657147 0.0107894 0.0142854 0.0131410 0.0107963 0.0793875 0.1427269 0.0371513 0.0834887 0.0736646 0.0154928 0.0162317 0.0123125 0.0115267 0.0041568 0.0076784 0.0107438 0.0126556 0.0077148 0.0583825 0.0707788 0.0679267 0.0557885 0.0557096 0.0609689 0.0525032 0.0626630 0.0668258 0.0606456 0.0313519 0.0608985 0.0653067 0.0610272 0.0354319 0.0346888 0.2798155 0.0115452 0.0097839 0.0123052 0.0436081 0.0696495 0.0147263 0.0285278 0.0386379 0.0110683 0.0607298 0.0363096 0.0369809 0.0369811 0.0068806 0.0032570 0.0110744 0.0118734 0.0084590 0.0158651 0.0061239 0.0068846 0.0061254 0.0062255 0.0053443 0.0099984 0.0094349 0.2827153 0.0032425 0.0561551 0.0068922 0.0677041 
Ddeltrop4525_CNTNAP2 0.0649127 0.0655505 0.0643559 0.0654510 0.0637044 0.0618737 0.0608628 0.0636460 0.0641406 0.2611871 0.0179158 0.2469513 0.0175663 0.2707908 0.0625668 0.0071171 0.0082192 0.0095023 0.0000000 0.0316420 0.2919620 0.0593018 0.0585158 0.0602648 0.0653458 0.0127721 0.0160337 0.0152144 0.0127805 0.0793560 0.1405179 0.0396739 0.0808709 0.0716173 0.0191998 0.0175986 0.0135375 0.0141580 0.0069064 0.0063417 0.0127158 0.0135673 0.0103930 0.0597291 0.0705060 0.0685221 0.0592417 0.0575113 0.0604249 0.0524949 0.0630495 0.0673843 0.0655916 0.0324385 0.0631937 0.0658018 0.0613791 0.0383571 0.0369197 0.2645774 0.0143593 0.0130838 0.0159558 0.0471665 0.0514764 0.0168624 0.0334275 0.0408340 0.0127784 0.0589302 0.0384254 0.0391134 0.0401797 0.0071137 0.0081815 0.0144063 0.0152155 0.0103527 0.0124356 0.0079288 0.0087128 0.0079283 0.0096923 0.0087094 0.0055429 0.0063241 0.2770180 0.0065053 0.0566871 0.0071260 0.0674026 
Dleu_CNTNAP2         0.0668805 0.0586258 0.0606346 0.0655275 0.0630794 0.0613146 0.0616418 0.0621789 0.0625210 0.2695239 0.0361340 0.2522116 0.0361412 0.2770116 0.0628403 0.0298127 0.0309343 0.0305815 0.0316420 0.0000000 0.2907344 0.0571278 0.0563687 0.0580510 0.0655259 0.0338164 0.0364088 0.0362866 0.0338376 0.0729140 0.1401447 0.0413566 0.0787482 0.0688785 0.0323258 0.0361732 0.0321430 0.0327525 0.0299460 0.0306537 0.0304895 0.0322226 0.0291480 0.0527868 0.0687245 0.0641545 0.0556340 0.0591663 0.0581893 0.0487426 0.0633657 0.0604306 0.0604893 0.0083764 0.0606742 0.0624899 0.0565583 0.0216722 0.0182316 0.2715317 0.0362536 0.0316123 0.0336939 0.0425813 0.0694453 0.0379657 0.0236931 0.0232141 0.0338754 0.0594147 0.0209127 0.0216202 0.0194829 0.0297928 0.0284377 0.0338954 0.0330570 0.0314890 0.0358465 0.0298524 0.0329845 0.0306145 0.0303684 0.0298125 0.0323137 0.0297652 0.2741518 0.0282505 0.0559693 0.0297897 0.0655885 
Easi_CNTNAP2         0.2984924 0.3043977 0.3060686 0.3037135 0.3013834 0.3024113 0.2841867 0.2975429 0.3044712 0.3953737 0.2925455 0.4001410 0.3008493 0.4155542 0.3005275 0.3007810 0.3045533 0.3030507 0.2919620 0.2907344 0.0000000 0.2928577 0.2948253 0.2923607 0.3098683 0.3052752 0.2938857 0.3041644 0.3054076 0.3134100 0.2669139 0.2803567 0.3326294 0.3213256 0.3012383 0.3002955 0.2966340 0.2802387 0.3103965 0.2995721 0.2946924 0.2859137 0.2899799 0.2857777 0.2936486 0.2953831 0.2898415 0.2842622 0.3021416 0.2722329 0.3122546 0.3050486 0.2880973 0.2915675 0.2949724 0.3007970 0.2991534 0.2928985 0.2874592 0.4203352 0.3069064 0.2776733 0.3021167 0.2678659 0.3170495 0.3120940 0.3065415 0.2877459 0.2927918 0.3305510 0.2923668 0.2897979 0.2789325 0.3032191 0.2763266 0.2920492 0.2907896 0.3025375 0.2755331 0.2997342 0.3040115 0.3028332 0.3045095 0.3034237 0.3037494 0.2853733 0.3462848 0.2725223 0.2998502 0.3004178 0.2986795 
EausAUS_CNTNAP2      0.0345284 0.0849491 0.0814777 0.0334849 0.0298127 0.0281776 0.0282381 0.0289619 0.0311991 0.2680350 0.0554195 0.2488426 0.0656499 0.2742468 0.0259134 0.0573829 0.0613655 0.0598598 0.0593018 0.0571278 0.2928577 0.0000000 0.0038128 0.0053445 0.0337641 0.0616772 0.0633596 0.0643139 0.0617155 0.0928585 0.1306944 0.0649476 0.0844171 0.0746031 0.0618367 0.0640065 0.0614639 0.0623836 0.0590459 0.0582948 0.0596745 0.0605744 0.0576574 0.0832737 0.0877348 0.0861334 0.0784930 0.0797848 0.0775344 0.0719354 0.0823173 0.0821614 0.0818833 0.0579048 0.0797871 0.0828985 0.0784970 0.0639434 0.0598342 0.2687865 0.0642397 0.0591685 0.0648563 0.0664501 0.0769102 0.0661212 0.0658138 0.0637939 0.0606634 0.0657473 0.0631861 0.0637841 0.0663799 0.0573386 0.0559631 0.0607020 0.0598128 0.0592015 0.0616959 0.0600227 0.0606706 0.0582206 0.0602050 0.0590568 0.0609434 0.0562579 0.2597875 0.0555836 0.0757326 0.0590379 0.0885137 
Egla13086_CNTNAP2    0.0345851 0.0850890 0.0806300 0.0326739 0.0306663 0.0290255 0.0291380 0.0282001 0.0304018 0.2709252 0.0546255 0.2493475 0.0640416 0.2748107 0.0242963 0.0566204 0.0605763 0.0590991 0.0585158 0.0563687 0.2948253 0.0038128 0.0000000 0.0015188 0.0330036 0.0609155 0.0625787 0.0635522 0.0609534 0.0921040 0.1330050 0.0650263 0.0827650 0.0729044 0.0610730 0.0632481 0.0597420 0.0615711 0.0582161 0.0575320 0.0589159 0.0597946 0.0568917 0.0807030 0.0860021 0.0844493 0.0773884 0.0780507 0.0767754 0.0694444 0.0804886 0.0804875 0.0810122 0.0571467 0.0781081 0.0812603 0.0768623 0.0631860 0.0590187 0.2682016 0.0634789 0.0583613 0.0632473 0.0656342 0.0741774 0.0653592 0.0623136 0.0630384 0.0598826 0.0619351 0.0624273 0.0630284 0.0654692 0.0565768 0.0551496 0.0599206 0.0590313 0.0584381 0.0618209 0.0592601 0.0599106 0.0574586 0.0594297 0.0582951 0.0601802 0.0554764 0.2580774 0.0547753 0.0767590 0.0582765 0.0867675 
Ejap43864_CNTNAP2    0.0362796 0.0850890 0.0825978 0.0343955 0.0322791 0.0306327 0.0308439 0.0281934 0.0320871 0.2708461 0.0563796 0.2492749 0.0657440 0.2747303 0.0259497 0.0583109 0.0623392 0.0607936 0.0602648 0.0580510 0.2923607 0.0053445 0.0015188 0.0000000 0.0346186 0.0626178 0.0643295 0.0652630 0.0626568 0.0938946 0.1329656 0.0671969 0.0845431 0.0747168 0.0627804 0.0649504 0.0614326 0.0633895 0.0600618 0.0592263 0.0606051 0.0615339 0.0585903 0.0834672 0.0878724 0.0862648 0.0797652 0.0799094 0.0785237 0.0720151 0.0824532 0.0822855 0.0830363 0.0588290 0.0799078 0.0830212 0.0786125 0.0648860 0.0608353 0.2681230 0.0651876 0.0601571 0.0649493 0.0674744 0.0759616 0.0670766 0.0657612 0.0630226 0.0616246 0.0643879 0.0641281 0.0647241 0.0654494 0.0582657 0.0569487 0.0616638 0.0607719 0.0601364 0.0643154 0.0609594 0.0616061 0.0591508 0.0611578 0.0599891 0.0618837 0.0572054 0.2568627 0.0565616 0.0785452 0.0599699 0.0886540 
Erob133443_CNTNAP2   0.0284899 0.0975231 0.0844507 0.0264964 0.0272858 0.0256481 0.0255554 0.0232413 0.0285534 0.2827702 0.0614828 0.2593936 0.0715372 0.2859104 0.0333191 0.0632251 0.0674781 0.0657147 0.0653458 0.0655259 0.3098683 0.0337641 0.0330036 0.0346186 0.0000000 0.0675603 0.0694102 0.0702255 0.0676021 0.0981805 0.1491937 0.0760304 0.0878028 0.0771611 0.0668413 0.0681777 0.0673234 0.0677301 0.0636243 0.0641496 0.0655108 0.0665844 0.0635275 0.0874774 0.0933790 0.0915251 0.0819340 0.0862875 0.0827178 0.0810703 0.0872924 0.0875463 0.0848124 0.0662699 0.0869664 0.0881265 0.0836921 0.0724786 0.0698654 0.2803579 0.0701441 0.0653764 0.0707423 0.0736969 0.0785487 0.0720552 0.0727813 0.0723607 0.0666843 0.0670226 0.0717773 0.0722981 0.0766643 0.0631754 0.0621824 0.0667273 0.0658292 0.0667943 0.0665163 0.0658941 0.0665286 0.0657866 0.0661761 0.0649100 0.0668545 0.0622340 0.2740924 0.0617590 0.0846994 0.0648892 0.0951271 
Fatt_CNTNAP2         0.0662051 0.0711143 0.0678465 0.0668105 0.0668549 0.0650665 0.0628632 0.0659415 0.0664946 0.2720337 0.0194331 0.2556292 0.0193646 0.2845167 0.0649272 0.0115832 0.0112031 0.0107894 0.0127721 0.0338164 0.3052752 0.0616772 0.0609155 0.0626178 0.0675603 0.0000000 0.0078844 0.0038165 0.0015230 0.0830549 0.1440915 0.0402397 0.0836328 0.0747000 0.0186981 0.0146777 0.0154576 0.0148881 0.0100856 0.0108143 0.0138723 0.0158893 0.0124243 0.0654170 0.0745680 0.0715954 0.0604441 0.0612902 0.0644956 0.0564461 0.0666503 0.0713733 0.0687869 0.0345875 0.0671717 0.0697433 0.0654277 0.0386938 0.0373066 0.2789946 0.0084382 0.0064927 0.0138633 0.0490924 0.0715567 0.0053573 0.0369426 0.0419142 0.0015609 0.0595523 0.0395828 0.0402454 0.0419344 0.0115751 0.0098756 0.0031283 0.0039126 0.0131715 0.0205959 0.0123809 0.0131220 0.0092431 0.0125890 0.0115767 0.0131776 0.0118809 0.2877012 0.0098117 0.0605963 0.0100150 0.0715185 
Ggri_CNTNAP2         0.0699911 0.0694948 0.0679168 0.0696846 0.0686876 0.0668458 0.0656992 0.0677465 0.0684027 0.2648345 0.0227706 0.2468554 0.0223222 0.2774868 0.0667692 0.0151095 0.0148492 0.0142854 0.0160337 0.0364088 0.2938857 0.0633596 0.0625787 0.0643295 0.0694102 0.0078844 0.0000000 0.0102815 0.0078896 0.0835616 0.1476147 0.0446281 0.0850488 0.0768435 0.0224027 0.0174878 0.0182906 0.0174198 0.0138694 0.0143193 0.0174606 0.0191487 0.0159969 0.0655703 0.0756285 0.0726181 0.0630254 0.0623116 0.0653972 0.0578452 0.0696211 0.0724928 0.0677763 0.0372007 0.0681799 0.0707925 0.0663560 0.0422842 0.0402105 0.2718673 0.0126691 0.0114513 0.0174477 0.0518751 0.0564300 0.0102944 0.0402531 0.0447551 0.0078883 0.0646947 0.0423598 0.0430321 0.0443423 0.0150992 0.0132258 0.0094858 0.0102823 0.0167581 0.0217637 0.0159390 0.0166935 0.0126912 0.0162154 0.0151014 0.0167661 0.0151146 0.2810462 0.0131400 0.0615768 0.0134867 0.0725771 
Gmac39091_CNTNAP2    0.0689796 0.0764411 0.0708478 0.0696496 0.0677820 0.0659883 0.0638353 0.0668657 0.0692818 0.2761148 0.0219317 0.2596155 0.0217542 0.2862633 0.0676777 0.0139421 0.0136466 0.0131410 0.0152144 0.0362866 0.3041644 0.0643139 0.0635522 0.0652630 0.0702255 0.0038165 0.0102815 0.0000000 0.0022848 0.0858211 0.1443221 0.0444847 0.0864200 0.0775321 0.0210997 0.0170479 0.0178302 0.0174258 0.0126487 0.0131714 0.0162345 0.0183297 0.0147998 0.0696088 0.0774277 0.0743640 0.0640138 0.0622403 0.0671570 0.0602746 0.0696363 0.0741322 0.0718757 0.0370589 0.0699172 0.0724343 0.0681141 0.0411888 0.0399815 0.2831294 0.0107719 0.0089559 0.0146557 0.0518488 0.0743260 0.0076763 0.0419721 0.0444228 0.0039142 0.0633431 0.0420872 0.0427436 0.0449590 0.0139322 0.0123844 0.0054913 0.0062794 0.0155430 0.0217606 0.0147469 0.0154844 0.0115889 0.0149965 0.0139341 0.0155502 0.0143027 0.2882272 0.0123041 0.0632897 0.0123635 0.0744050 
Gmel_CNTNAP2         0.0662478 0.0712010 0.0678937 0.0668546 0.0668964 0.0651068 0.0629046 0.0659823 0.0665377 0.2721644 0.0194459 0.2557566 0.0193768 0.2846495 0.0649689 0.0115906 0.0112105 0.0107963 0.0127805 0.0338376 0.3054076 0.0617155 0.0609534 0.0626568 0.0676021 0.0015230 0.0078896 0.0022848 0.0000000 0.0831059 0.1431541 0.0413221 0.0836845 0.0747481 0.0187100 0.0146871 0.0154674 0.0148982 0.0100926 0.0108212 0.0138811 0.0158996 0.0124323 0.0654809 0.0746164 0.0716409 0.0604952 0.0613307 0.0645358 0.0564461 0.0666966 0.0714185 0.0688360 0.0346092 0.0672145 0.0697865 0.0654684 0.0387181 0.0373317 0.2791269 0.0084436 0.0064970 0.0138711 0.0491254 0.0716022 0.0053607 0.0369426 0.0419403 0.0015619 0.0596058 0.0396076 0.0402705 0.0419659 0.0115825 0.0098823 0.0031303 0.0039151 0.0131800 0.0194287 0.0123888 0.0131304 0.0092490 0.0125972 0.0115841 0.0131861 0.0118887 0.2867520 0.0098184 0.0606350 0.0100214 0.0715656 
Hamp_CNTNAP2         0.0992768 0.0469818 0.0435129 0.1014151 0.0937057 0.0937265 0.0969601 0.0927153 0.0888525 0.2886808 0.0818338 0.2786235 0.0835244 0.3016131 0.0973911 0.0786164 0.0816696 0.0793875 0.0793560 0.0729140 0.3134100 0.0928585 0.0921040 0.0938946 0.0981805 0.0830549 0.0835616 0.0858211 0.0831059 0.0000000 0.1648627 0.0865276 0.1087173 0.0942696 0.0814278 0.0845466 0.0801192 0.0796329 0.0783554 0.0786792 0.0782382 0.0797094 0.0763115 0.0332306 0.0390091 0.0354580 0.0330109 0.0385018 0.0353278 0.0350655 0.0369930 0.0345496 0.0362274 0.0745908 0.0371988 0.0378597 0.0370573 0.0781824 0.0749959 0.3078169 0.0866336 0.0816267 0.0863238 0.0751098 0.1005309 0.0877268 0.0786607 0.0779519 0.0806631 0.0881387 0.0755790 0.0744560 0.0781855 0.0776501 0.0746850 0.0835307 0.0825984 0.0805484 0.0757656 0.0787171 0.0810993 0.0785792 0.0773952 0.0776707 0.0814619 0.0770525 0.2975037 0.0751158 0.0447116 0.0794176 0.0413503 
Hippo_CNTNAP2        0.1347643 0.1704497 0.1502512 0.1427902 0.1417252 0.1405683 0.1416589 0.1395474 0.1451925 0.2459463 0.1501225 0.2368520 0.1436028 0.2430063 0.1381273 0.1395324 0.1450853 0.1427269 0.1405179 0.1401447 0.2669139 0.1306944 0.1330050 0.1329656 0.1491937 0.1440915 0.1476147 0.1443221 0.1431541 0.1648627 0.0000000 0.1434224 0.1688114 0.1531699 0.1415141 0.1434604 0.1413955 0.1482086 0.1444083 0.1403833 0.1413325 0.1425244 0.1402869 0.1594355 0.1530312 0.1482639 0.1586810 0.1458269 0.1465826 0.1421585 0.1592087 0.1518789 0.1539438 0.1400124 0.1479598 0.1522369 0.1478551 0.1433249 0.1396404 0.2508593 0.1471632 0.1460200 0.1436070 0.1513489 0.1441436 0.1488047 0.1868644 0.1453165 0.1441688 0.1625961 0.1447168 0.1440942 0.1542642 0.1395063 0.1418392 0.1464754 0.1453524 0.1430946 0.1417600 0.1452788 0.1425519 0.1396238 0.1432069 0.1417270 0.1422058 0.1375162 0.2446668 0.1405889 0.1462019 0.1416708 0.1583859 
Igeo_CNTNAP2         0.0795429 0.0838861 0.0670931 0.0772163 0.0782747 0.0771853 0.0772477 0.0749507 0.0733212 0.2796971 0.0443698 0.2648837 0.0432475 0.2895434 0.0726622 0.0361728 0.0382033 0.0371513 0.0396739 0.0413566 0.2803567 0.0649476 0.0650263 0.0671969 0.0760304 0.0402397 0.0446281 0.0444847 0.0413221 0.0865276 0.1434224 0.0000000 0.0871189 0.0821683 0.0413454 0.0432983 0.0391424 0.0414446 0.0373594 0.0351527 0.0380442 0.0403150 0.0363968 0.0648561 0.0802539 0.0741179 0.0661659 0.0681998 0.0674244 0.0546093 0.0718878 0.0729501 0.0684233 0.0391999 0.0719792 0.0708069 0.0697106 0.0444603 0.0450244 0.2870118 0.0413449 0.0388274 0.0443469 0.0500211 0.0640705 0.0455889 0.0498159 0.0474701 0.0413144 0.0768068 0.0433213 0.0464523 0.0527324 0.0361402 0.0348330 0.0402998 0.0402998 0.0403936 0.0393538 0.0372339 0.0402422 0.0392405 0.0349235 0.0361666 0.0404203 0.0361447 0.2883839 0.0345022 0.0649213 0.0381715 0.0682703 
Kbre_CNTNAP2         0.0902967 0.0965746 0.1022268 0.0932762 0.0844630 0.0843587 0.0842019 0.0861207 0.0876366 0.2929707 0.0872438 0.2813907 0.0858620 0.3087662 0.0821118 0.0809199 0.0850590 0.0834887 0.0808709 0.0787482 0.3326294 0.0844171 0.0827650 0.0845431 0.0878028 0.0836328 0.0850488 0.0864200 0.0836845 0.1087173 0.1688114 0.0871189 0.0000000 0.0261209 0.0857564 0.0850898 0.0842502 0.0858738 0.0809295 0.0818976 0.0832232 0.0848543 0.0813128 0.1014937 0.1052239 0.1041918 0.0939090 0.0971104 0.0966125 0.0831223 0.1007026 0.1007939 0.0986359 0.0795361 0.0994918 0.1003665 0.0957945 0.0858959 0.0849835 0.3005953 0.0863167 0.0803513 0.0868950 0.0842393 0.0717190 0.0883405 0.0883605 0.0857465 0.0831255 0.0497853 0.0851395 0.0838948 0.0872114 0.0808514 0.0771013 0.0831822 0.0822446 0.0819968 0.0855201 0.0837222 0.0843254 0.0817930 0.0843216 0.0826665 0.0847167 0.0803247 0.3039253 0.0785000 0.0960830 0.0826392 0.1031744 
Ksim_CNTNAP2         0.0821716 0.0919936 0.0871199 0.0828766 0.0746359 0.0736321 0.0736894 0.0763391 0.0773152 0.2833642 0.0789895 0.2632048 0.0770623 0.2960278 0.0727470 0.0710344 0.0748054 0.0736646 0.0716173 0.0688785 0.3213256 0.0746031 0.0729044 0.0747168 0.0771611 0.0747000 0.0768435 0.0775321 0.0747481 0.0942696 0.1531699 0.0821683 0.0261209 0.0000000 0.0740985 0.0771402 0.0744541 0.0773873 0.0711311 0.0720221 0.0734238 0.0757447 0.0713906 0.0830829 0.0880065 0.0855054 0.0806585 0.0797330 0.0793130 0.0746927 0.0856051 0.0812377 0.0797044 0.0688012 0.0826853 0.0821551 0.0784765 0.0761545 0.0754696 0.2867292 0.0756215 0.0708481 0.0753206 0.0766223 0.0614572 0.0785223 0.0721730 0.0760137 0.0749004 0.0424747 0.0753635 0.0741357 0.0766085 0.0709742 0.0684241 0.0749520 0.0739958 0.0721105 0.0708204 0.0738764 0.0745230 0.0719266 0.0742968 0.0728181 0.0748778 0.0711192 0.2969525 0.0699067 0.0802850 0.0727935 0.0868306 
Lacu_CNTNAP2         0.0671118 0.0639478 0.0658786 0.0675611 0.0644066 0.0626512 0.0608531 0.0634631 0.0611729 0.2683620 0.0227299 0.2564559 0.0225839 0.2808800 0.0650429 0.0178757 0.0152588 0.0154928 0.0191998 0.0323258 0.3012383 0.0618367 0.0610730 0.0627804 0.0668413 0.0186981 0.0224027 0.0210997 0.0187100 0.0814278 0.1415141 0.0413454 0.0857564 0.0740985 0.0000000 0.0210386 0.0162795 0.0190922 0.0151808 0.0155044 0.0170470 0.0191150 0.0148075 0.0651591 0.0727215 0.0706847 0.0569522 0.0611002 0.0638148 0.0550736 0.0687961 0.0697908 0.0624806 0.0330997 0.0653729 0.0681939 0.0638759 0.0372163 0.0357237 0.2753387 0.0210399 0.0197273 0.0234022 0.0471455 0.0716140 0.0219232 0.0350787 0.0404444 0.0191298 0.0648034 0.0381044 0.0387738 0.0410503 0.0162889 0.0131673 0.0207680 0.0215793 0.0163056 0.0251848 0.0155082 0.0194261 0.0123495 0.0157950 0.0147173 0.0178927 0.0158386 0.2813211 0.0130605 0.0588280 0.0146899 0.0705853 
Lalb_CNTNAP2         0.0687001 0.0706564 0.0694845 0.0683243 0.0691870 0.0673959 0.0653350 0.0682360 0.0689335 0.2758122 0.0226848 0.2593513 0.0232699 0.2882785 0.0673416 0.0170381 0.0168551 0.0162317 0.0175986 0.0361732 0.3002955 0.0640065 0.0632481 0.0649504 0.0681777 0.0146777 0.0174878 0.0170479 0.0146871 0.0845466 0.1434604 0.0432983 0.0850898 0.0771402 0.0210386 0.0000000 0.0193491 0.0182072 0.0160194 0.0162692 0.0177518 0.0190780 0.0163309 0.0692223 0.0770461 0.0740089 0.0626986 0.0619671 0.0677236 0.0587375 0.0693366 0.0737874 0.0695015 0.0369431 0.0686893 0.0721050 0.0677879 0.0410597 0.0407349 0.2827602 0.0170265 0.0155687 0.0209156 0.0515879 0.0730853 0.0186475 0.0383650 0.0442835 0.0142545 0.0631345 0.0419550 0.0426098 0.0467983 0.0170268 0.0140126 0.0158718 0.0150638 0.0186500 0.0263938 0.0170603 0.0185799 0.0146772 0.0181511 0.0170292 0.0186586 0.0166696 0.2903136 0.0139218 0.0603651 0.0154532 0.0730661 
Laus_CNTNAP2         0.0660175 0.0673584 0.0666371 0.0655975 0.0648981 0.0631232 0.0617377 0.0656761 0.0644509 0.2737424 0.0087783 0.2573345 0.0076289 0.2838467 0.0620513 0.0131080 0.0127841 0.0123125 0.0135375 0.0321430 0.2966340 0.0614639 0.0597420 0.0614326 0.0673234 0.0154576 0.0182906 0.0178302 0.0154674 0.0801192 0.1413955 0.0391424 0.0842502 0.0744541 0.0162795 0.0193491 0.0000000 0.0057154 0.0134481 0.0123405 0.0030385 0.0039098 0.0030657 0.0625350 0.0715485 0.0686783 0.0569245 0.0556724 0.0634280 0.0525041 0.0665022 0.0684740 0.0645471 0.0329125 0.0634013 0.0669182 0.0626349 0.0369985 0.0363723 0.2795583 0.0193889 0.0155663 0.0161958 0.0453707 0.0693832 0.0194325 0.0318189 0.0402062 0.0150529 0.0605739 0.0378802 0.0385463 0.0418876 0.0115405 0.0073680 0.0166725 0.0174766 0.0146987 0.0193467 0.0139078 0.0146446 0.0123246 0.0125509 0.0115424 0.0147055 0.0110463 0.2818820 0.0089615 0.0595168 0.0130969 0.0685091 
Lbor_CNTNAP2         0.0682981 0.0741260 0.0694207 0.0679054 0.0651338 0.0632336 0.0638409 0.0659664 0.0627670 0.2709478 0.0082494 0.2495982 0.0098239 0.2788326 0.0630314 0.0132139 0.0119993 0.0115267 0.0141580 0.0327525 0.2802387 0.0623836 0.0615711 0.0633895 0.0677301 0.0148881 0.0174198 0.0174258 0.0148982 0.0796329 0.1482086 0.0414446 0.0858738 0.0773873 0.0190922 0.0182072 0.0057154 0.0000000 0.0126464 0.0123926 0.0048888 0.0057291 0.0032853 0.0647347 0.0732148 0.0720237 0.0592230 0.0584495 0.0636113 0.0544306 0.0673724 0.0688646 0.0662582 0.0335764 0.0636527 0.0663530 0.0635862 0.0379725 0.0364383 0.2754915 0.0182472 0.0154271 0.0165156 0.0457603 0.0552354 0.0191401 0.0334890 0.0405335 0.0148957 0.0628060 0.0380424 0.0387551 0.0414966 0.0123718 0.0077154 0.0165872 0.0174272 0.0140765 0.0180701 0.0132305 0.0148596 0.0115387 0.0126191 0.0115374 0.0149267 0.0123849 0.2808469 0.0085051 0.0605228 0.0123651 0.0691463 
Lhos30470_CNTNAP2    0.0638946 0.0640267 0.0626881 0.0626330 0.0647331 0.0627928 0.0600799 0.0617819 0.0624292 0.2737937 0.0158522 0.2615392 0.0176927 0.2923448 0.0618121 0.0033265 0.0049935 0.0041568 0.0069064 0.0299460 0.3103965 0.0590459 0.0582161 0.0600618 0.0636243 0.0100856 0.0138694 0.0126487 0.0100926 0.0783554 0.1444083 0.0373594 0.0809295 0.0711311 0.0151808 0.0160194 0.0134481 0.0126464 0.0000000 0.0041715 0.0117316 0.0138419 0.0092754 0.0598379 0.0698332 0.0667520 0.0565308 0.0572795 0.0592924 0.0528264 0.0618591 0.0655860 0.0600109 0.0299175 0.0609996 0.0640100 0.0603018 0.0361058 0.0353447 0.2836563 0.0109109 0.0089234 0.0117402 0.0454345 0.0707273 0.0143771 0.0285860 0.0396085 0.0103594 0.0592377 0.0361802 0.0369033 0.0401149 0.0049955 0.0044682 0.0103657 0.0112367 0.0050100 0.0167659 0.0041644 0.0066754 0.0041652 0.0059517 0.0049962 0.0066866 0.0059864 0.2955002 0.0026603 0.0530350 0.0033275 0.0653820 
Lhos452_CNTNAP2      0.0636131 0.0657932 0.0640483 0.0621988 0.0634420 0.0616660 0.0591931 0.0625029 0.0617732 0.2686476 0.0161118 0.2534618 0.0162334 0.2811168 0.0587146 0.0053683 0.0071625 0.0076784 0.0063417 0.0306537 0.2995721 0.0582948 0.0575320 0.0592263 0.0641496 0.0108143 0.0143193 0.0131714 0.0108212 0.0786792 0.1403833 0.0351527 0.0818976 0.0720221 0.0155044 0.0162692 0.0123405 0.0123926 0.0041715 0.0000000 0.0107681 0.0126480 0.0085093 0.0596995 0.0698038 0.0671908 0.0581084 0.0558253 0.0602451 0.0525172 0.0627069 0.0660911 0.0626959 0.0314259 0.0619046 0.0628738 0.0603028 0.0338885 0.0329266 0.2755997 0.0131344 0.0114561 0.0138959 0.0437016 0.0680348 0.0147604 0.0303483 0.0370952 0.0110945 0.0586316 0.0347629 0.0354399 0.0369396 0.0053658 0.0065622 0.0127072 0.0135093 0.0069155 0.0124494 0.0061399 0.0084465 0.0045906 0.0078045 0.0069104 0.0053735 0.0047083 0.2831062 0.0048733 0.0571571 0.0038206 0.0642126 
Lobl_CNTNAP2         0.0650365 0.0690254 0.0655787 0.0645978 0.0630930 0.0613274 0.0607528 0.0638696 0.0625651 0.2732970 0.0079633 0.2569226 0.0068515 0.2805376 0.0610701 0.0115339 0.0111540 0.0107438 0.0127158 0.0304895 0.2946924 0.0596745 0.0589159 0.0606051 0.0655108 0.0138723 0.0174606 0.0162345 0.0138811 0.0782382 0.1413325 0.0380442 0.0832232 0.0734238 0.0170470 0.0177518 0.0030385 0.0048888 0.0117316 0.0107681 0.0000000 0.0031217 0.0015286 0.0624025 0.0714464 0.0685829 0.0580554 0.0555930 0.0616232 0.0511737 0.0654250 0.0674823 0.0634668 0.0312576 0.0633134 0.0659523 0.0616818 0.0353248 0.0345762 0.2774157 0.0177882 0.0147168 0.0153916 0.0444211 0.0694261 0.0178280 0.0301701 0.0385210 0.0142324 0.0618741 0.0361996 0.0368693 0.0398485 0.0099741 0.0065358 0.0158471 0.0166491 0.0131150 0.0170115 0.0123282 0.0130669 0.0107542 0.0109512 0.0099758 0.0131210 0.0102370 0.2824276 0.0081302 0.0585718 0.0115242 0.0684105 
Lobs_CNTNAP2         0.0652856 0.0693156 0.0668212 0.0667053 0.0623184 0.0605067 0.0618891 0.0648944 0.0633951 0.2688163 0.0087730 0.2507978 0.0078388 0.2790714 0.0620469 0.0134731 0.0131532 0.0126556 0.0135673 0.0322226 0.2859137 0.0605744 0.0597946 0.0615339 0.0665844 0.0158893 0.0191487 0.0183297 0.0158996 0.0797094 0.1425244 0.0403150 0.0848543 0.0757447 0.0191150 0.0190780 0.0039098 0.0057291 0.0138419 0.0126480 0.0031217 0.0000000 0.0031504 0.0638065 0.0733568 0.0706499 0.0580807 0.0567049 0.0634707 0.0536933 0.0663050 0.0695634 0.0637097 0.0330132 0.0653424 0.0679390 0.0635329 0.0380523 0.0373675 0.2758789 0.0191182 0.0156016 0.0174511 0.0454804 0.0536993 0.0199784 0.0319951 0.0405096 0.0158971 0.0634641 0.0381195 0.0388031 0.0411241 0.0118618 0.0073845 0.0175238 0.0183310 0.0151105 0.0181653 0.0142968 0.0150524 0.0126683 0.0128694 0.0118639 0.0151176 0.0118738 0.2774221 0.0089816 0.0605546 0.0134623 0.0705493 
