90
Bacu_OTOF         0.0000000 0.1185001 0.1164818 0.0170320 0.0241197 0.0277319 0.0599973 0.0215150 0.0474663 0.0193365 0.0185347 0.2644710 0.1385690 0.0898507 0.0434866 0.0926329 0.1272418 0.0938578 0.0961299 0.0805614 0.0342556 0.3396783 0.0394759 0.0433590 0.0244206 0.1044140 0.0951621 0.1002473 0.0933955 0.0809328 0.1949557 0.0909418 0.1114110 0.1332725 0.1077895 0.0956111 0.0900724 0.1263571 0.0901711 0.0924800 0.0860042 0.1282404 0.0942032 0.1006785 0.0966438 0.1332325 0.1990796 0.2986805 0.0959260 0.1449031 0.1364805 0.1232509 0.1471834 0.0828395 0.2100671 0.1468758 0.1700416 0.0850618 0.0839627 0.2701602 0.1264460 0.1234447 0.0836032 0.2550829 0.0869026 0.0989882 0.0820546 0.1023220 0.0762428 0.0932845 0.1541994 0.0817368 0.0840964 0.0940417 0.1027757 0.0967525 0.1032518 0.0935642 0.1123523 0.0972770 0.0962435 0.0926040 0.0949481 0.0901431 0.0904580 0.2583029 0.0844726 0.1248734 0.0904907 0.0915340 
Barn_OTOF         0.1185001 0.0000000 0.0220916 0.0835741 0.1381153 0.1173256 0.1248103 0.1243307 0.1502339 0.1218900 0.1240771 0.3458414 0.0705331 0.1339717 0.1386181 0.1286954 0.1365923 0.0934608 0.1343727 0.1196674 0.1054726 0.5834721 0.1325517 0.1393757 0.0967935 0.1643399 0.1652758 0.1484818 0.1357444 0.0686014 0.2474385 0.0825891 0.1282537 0.0913257 0.1302681 0.1603341 0.0841545 0.1148638 0.1287591 0.1314032 0.1206227 0.0920828 0.0897275 0.1435990 0.0580973 0.0748370 0.0678717 0.0633984 0.0444144 0.1107645 0.0176565 0.0218484 0.0522444 0.1236865 0.0305567 0.0335053 0.0578263 0.1146559 0.1177044 0.3642426 0.1366589 0.1404887 0.1202362 0.3320179 0.0881522 0.1524732 0.1218555 0.1380304 0.1389596 0.1456127 0.0849041 0.1188547 0.0780306 0.1340609 0.0716390 0.1401461 0.1044093 0.1465988 0.1330428 0.1317316 0.1610130 0.0934174 0.1295179 0.1292144 0.1521866 0.3516552 0.1067045 0.0645085 0.1236636 0.0706771 
Bbai76728_OTOF    0.1164818 0.0220916 0.0000000 0.1262126 0.1202492 0.1189331 0.0920850 0.1132667 0.1019768 0.1126915 0.1171725 0.3498261 0.1834137 0.1109263 0.1152364 0.1175659 0.1207981 0.1254908 0.1204951 0.1027453 0.1272842 0.4868608 0.1159714 0.1259048 0.1180406 0.1343669 0.1250542 0.1242148 0.1211651 0.0541145 0.2762862 0.1179668 0.1469087 0.1279003 0.1452855 0.1241999 0.1094629 0.1063320 0.1187994 0.1231332 0.1124679 0.0906875 0.1178903 0.1228406 0.0481052 0.0812923 0.1290048 0.1292215 0.0501940 0.1228641 0.0294788 0.0260184 0.1005039 0.1073529 0.1166184 0.1206056 0.1008507 0.1085941 0.1130668 0.3524781 0.1138080 0.1147766 0.1064863 0.3503085 0.1228355 0.1246789 0.1119092 0.1269421 0.1156311 0.1490841 0.1832453 0.1059666 0.0758982 0.0900278 0.0894062 0.1193904 0.1287450 0.1252830 0.1400628 0.1269234 0.0925731 0.1281305 0.1234043 0.0912890 0.1214046 0.3633383 0.0726520 0.0769581 0.1144436 0.0406067 
BbonAUS_OTOF      0.0170320 0.0835741 0.1262126 0.0000000 0.0221280 0.0255935 0.0611016 0.0219419 0.0541419 0.0192368 0.0238584 0.2802946 0.0731556 0.0699491 0.0450905 0.0855467 0.0852493 0.0859872 0.0908410 0.0732953 0.0378753 0.3833800 0.0411532 0.0450101 0.0247014 0.0950339 0.0897604 0.0952358 0.0852642 0.0831555 0.1885751 0.0822343 0.1265384 0.0763970 0.0983474 0.0890190 0.0742943 0.1190694 0.0811068 0.0851290 0.0782861 0.0866681 0.0823293 0.0930563 0.0902916 0.1570933 0.1748351 0.2657877 0.0785231 0.1617394 0.1265916 0.0762192 0.1219223 0.0786027 0.1531631 0.1591489 0.1467948 0.0838608 0.0786528 0.2976237 0.0815411 0.0857196 0.0769082 0.2435783 0.0861049 0.0870097 0.0769973 0.0882150 0.0821907 0.0829144 0.1293559 0.0814232 0.0732240 0.0900546 0.0844298 0.0865934 0.0878874 0.0883112 0.1060221 0.0893812 0.0902871 0.0815133 0.0879961 0.0855927 0.0834613 0.2574911 0.0793119 0.1552625 0.0839438 0.0937409 
Bbor_OTOF         0.0241197 0.1381153 0.1202492 0.0221280 0.0000000 0.0113887 0.0160772 0.0235092 0.0585831 0.0151581 0.0173297 0.3011767 0.1472239 0.0889839 0.0421889 0.0910462 0.1278125 0.0935606 0.0902370 0.0749885 0.0390941 0.3929441 0.0405366 0.0446856 0.0243051 0.0973986 0.0898269 0.0953141 0.0940137 0.0836523 0.2025404 0.0936919 0.1128223 0.1485468 0.1091053 0.0865695 0.0909642 0.1420982 0.0885438 0.0875334 0.0862533 0.1301020 0.0925487 0.0937496 0.1109189 0.1478182 0.2266130 0.2878689 0.0981723 0.1097190 0.0879793 0.1305489 0.1677700 0.0827696 0.2409890 0.1611847 0.1451131 0.0846944 0.0815990 0.3017707 0.1248061 0.1249060 0.0823253 0.2571052 0.0811796 0.0936903 0.0782242 0.0899142 0.0823119 0.0973310 0.1652030 0.0820895 0.0887172 0.0910199 0.1007523 0.0895184 0.0966056 0.0943316 0.1081143 0.0926490 0.0889771 0.0906908 0.0948212 0.0887710 0.0838429 0.2702996 0.0841771 0.1291909 0.0869025 0.0938019 
Bede66737_OTOF    0.0277319 0.1173256 0.1189331 0.0255935 0.0113887 0.0000000 0.0052386 0.0262283 0.0633404 0.0188646 0.0210081 0.2905967 0.1372334 0.0769310 0.0478775 0.0908471 0.0840573 0.0887421 0.0891550 0.0794561 0.0430349 0.3847292 0.0456742 0.0535339 0.0259350 0.0948370 0.0915578 0.0941519 0.0918496 0.0797038 0.1968836 0.0865454 0.1159407 0.0969353 0.1078334 0.0871709 0.0851362 0.1250970 0.0864527 0.0852203 0.0842476 0.0865679 0.0879920 0.0929606 0.1031524 0.1354472 0.1521817 0.1852293 0.0893996 0.1532257 0.0718015 0.0826428 0.1505046 0.0843474 0.1648440 0.1436831 0.1370395 0.0818630 0.0778899 0.2923971 0.0839544 0.0874722 0.0794661 0.2596040 0.0750926 0.0912492 0.0773355 0.0909064 0.0810775 0.0920858 0.1577654 0.0816290 0.0831687 0.0912774 0.0959173 0.0881218 0.0938484 0.0931359 0.1040937 0.0905113 0.0891952 0.0878571 0.0927198 0.0890982 0.0854979 0.2786887 0.0798372 0.1226424 0.0848681 0.0914623 
BedeAUS_OTOF      0.0599973 0.1248103 0.0920850 0.0611016 0.0160772 0.0052386 0.0000000 0.0602953 0.1067527 0.0523831 0.0560423 0.3599748 0.2392098 0.0828917 0.0500555 0.0939376 0.1385947 0.0956720 0.1378505 0.1214394 0.0732714 0.4733826 0.0512732 0.0581743 0.0752619 0.1042603 0.1408532 0.1042649 0.1371516 0.0814584 0.2535591 0.1352272 0.0933959 0.1055077 0.1771898 0.0963605 0.0878666 0.2241962 0.1312959 0.1352740 0.1294233 0.1306346 0.0904422 0.1560665 0.1698446 0.2044662 0.1659695 0.2731854 0.1386113 0.1596539 0.0765673 0.0897272 0.1441734 0.1278923 0.1814101 0.1559967 0.2080336 0.1257282 0.1280076 0.3790525 0.0926090 0.1324936 0.1270567 0.3425271 0.1268771 0.1001097 0.1250774 0.1421182 0.1317196 0.1787795 0.1649798 0.1252996 0.1198063 0.0999863 0.1580537 0.1369642 0.1241168 0.1025842 0.1624564 0.1418911 0.0990600 0.1353407 0.1408723 0.1370006 0.0918422 0.3312001 0.1366645 0.1370983 0.1264573 0.1495132 
Bmus_OTOF         0.0215150 0.1243307 0.1132667 0.0219419 0.0235092 0.0262283 0.0602953 0.0000000 0.0504719 0.0188439 0.0193435 0.2699492 0.1402054 0.0915120 0.0471032 0.0948507 0.1288149 0.0896921 0.0965920 0.0844905 0.0343333 0.3462043 0.0379320 0.0417254 0.0175526 0.1015458 0.0943182 0.0987015 0.0966253 0.0848911 0.1964662 0.0931490 0.1144558 0.1365119 0.1048202 0.0932060 0.0924264 0.1338930 0.0941438 0.0938559 0.0904643 0.1287974 0.0911141 0.1040313 0.1019507 0.1382556 0.2065142 0.3068074 0.1007854 0.1523619 0.1435876 0.1210446 0.1631577 0.0882498 0.2188333 0.1476782 0.1761931 0.0881368 0.0872177 0.2765670 0.1244291 0.1262747 0.0852629 0.2577425 0.0902086 0.0991428 0.0804271 0.0988343 0.0799675 0.1023795 0.1557140 0.0847447 0.0799952 0.0952805 0.1094292 0.0962088 0.1036674 0.0968509 0.1092539 0.0978121 0.0936370 0.0930919 0.0956973 0.0932962 0.0898678 0.2620757 0.0872573 0.1256443 0.0936744 0.0975321 
Bmys_OTOF         0.0474663 0.1502339 0.1019768 0.0541419 0.0585831 0.0633404 0.1067527 0.0504719 0.0000000 0.0473020 0.0505123 0.2786493 0.1532264 0.0919388 0.0582440 0.1005069 0.0990748 0.1011668 0.1035419 0.0860785 0.0194611 0.3664488 0.0208426 0.0240928 0.0549667 0.1122888 0.1007431 0.1056102 0.0957026 0.0963832 0.2123043 0.1013449 0.0891823 0.1098654 0.1156213 0.1010059 0.0965971 0.1405566 0.0963042 0.1000788 0.0864516 0.1059346 0.0984051 0.1120090 0.1163512 0.1676069 0.1881150 0.3019038 0.1213326 0.1712260 0.1780521 0.1096643 0.2052803 0.0890063 0.1990054 0.1919959 0.2063761 0.0896257 0.0896215 0.2923896 0.0962385 0.1000618 0.0844010 0.2710046 0.1058159 0.0996230 0.0893346 0.1080918 0.0854518 0.0914151 0.1147791 0.0866714 0.0927243 0.1005275 0.1301262 0.1000069 0.1106509 0.0994576 0.1229585 0.1032632 0.0978822 0.1092654 0.1052039 0.0962019 0.0934056 0.2761315 0.1029842 0.1451389 0.0930230 0.1050758 
Bphy_OTOF         0.0193365 0.1218900 0.1126915 0.0192368 0.0151581 0.0188646 0.0523831 0.0188439 0.0473020 0.0000000 0.0014630 0.2734574 0.1259494 0.0843025 0.0423226 0.0818400 0.1172337 0.0847321 0.0865754 0.0788375 0.0334387 0.3447972 0.0353550 0.0371957 0.0222306 0.0918453 0.0845057 0.0904682 0.0895256 0.0750206 0.2011634 0.0897351 0.1047992 0.1270912 0.1026886 0.0823704 0.0836752 0.1157050 0.0803392 0.0846877 0.0833761 0.1188457 0.0853611 0.1003889 0.0925279 0.1244098 0.1865176 0.2921437 0.0965457 0.1396335 0.1288635 0.1225776 0.1483959 0.0826077 0.2077520 0.1406804 0.1650973 0.0819348 0.0789763 0.2801687 0.1171078 0.1123886 0.0783277 0.2551315 0.0841147 0.0868587 0.0716522 0.0920656 0.0759256 0.0846701 0.1441360 0.0785626 0.0798584 0.0822145 0.0985033 0.0864786 0.0945794 0.0843307 0.1033132 0.0879180 0.0810612 0.0848552 0.0878672 0.0804250 0.0788996 0.2628289 0.0790174 0.1152168 0.0865739 0.0905073 
Bphy_baits_OTOF   0.0185347 0.1240771 0.1171725 0.0238584 0.0173297 0.0210081 0.0560423 0.0193435 0.0505123 0.0014630 0.0000000 0.2788387 0.1380577 0.0731034 0.0443962 0.0851122 0.0835516 0.0831667 0.0853743 0.0771375 0.0343639 0.3930091 0.0369728 0.0408694 0.0205010 0.0882836 0.0839720 0.0875838 0.0882639 0.0752375 0.1968560 0.0878691 0.0749244 0.0978159 0.1084042 0.0792927 0.0816564 0.1196005 0.0812190 0.0841205 0.0805718 0.0846990 0.0840552 0.0931923 0.0969208 0.1385313 0.1357503 0.1897699 0.0969109 0.1543910 0.1366558 0.0869092 0.1742959 0.0831118 0.1675662 0.1447921 0.1373268 0.0786382 0.0721740 0.2825423 0.0808086 0.0849070 0.0758710 0.2523581 0.0863140 0.0881428 0.0735123 0.0859732 0.0760777 0.0878487 0.1077954 0.0774392 0.0823874 0.0846432 0.1004573 0.0856727 0.0928233 0.0867074 0.1068792 0.0842449 0.0809882 0.0869029 0.0881971 0.0855493 0.0777968 0.2663078 0.0836614 0.1292738 0.0841658 0.0910717 
Btau_OTOF         0.2644710 0.3458414 0.3498261 0.2802946 0.3011767 0.2905967 0.3599748 0.2699492 0.2786493 0.2734574 0.2788387 0.0000000 0.4219983 0.3298911 0.2751518 0.3371460 0.3953459 0.3358526 0.3321310 0.3184799 0.2700211 0.4072092 0.2801592 0.2890992 0.2762150 0.3449643 0.3335481 0.3336157 0.3298290 0.2987439 0.2688318 0.3441095 0.3570186 0.4037219 0.3560323 0.3280270 0.3334795 0.3588487 0.3265533 0.3459130 0.3172022 0.4065152 0.3236669 0.3374292 0.3283149 0.3774659 0.4855514 0.7170996 0.3241358 0.4320152 0.3882560 0.3721613 0.4134927 0.3220472 0.5642898 0.4321646 0.4717993 0.3198202 0.3188453 0.0958239 0.3785564 0.3827897 0.3163622 0.1458094 0.3407534 0.3451879 0.3182956 0.3544364 0.2966150 0.3216822 0.4570927 0.3193282 0.3386046 0.3191183 0.3349001 0.3266585 0.3411614 0.3218070 0.3589261 0.3429794 0.3277072 0.3407943 0.3395565 0.3282444 0.3301449 0.3493327 0.3162358 0.3718651 0.3177763 0.3157329 
Ccom40_OTOF       0.1385690 0.0705331 0.1834137 0.0731556 0.1472239 0.1372334 0.2392098 0.1402054 0.1532264 0.1259494 0.1380577 0.4219983 0.0000000 0.0446554 0.1363892 0.0469319 0.0455805 0.0222488 0.0446774 0.0756923 0.1162305 0.6061411 0.1525299 0.1599053 0.1162241 0.0698319 0.0594343 0.0603996 0.0470223 0.1308256 0.3047435 0.0622908 0.2489558 0.1000415 0.0640488 0.0647302 0.0145627 0.0815897 0.0398785 0.0455200 0.0370031 0.0161438 0.0216792 0.1142059 0.1585583 0.2615573 0.2928973 0.6071023 0.1251367 0.2497210 0.1628697 0.0988582 0.0835134 0.0838350 0.2395600 0.2548401 0.2494737 0.0734259 0.0697022 0.4360084 0.0556668 0.0487305 0.0586757 0.3863353 0.0741683 0.0695538 0.0763577 0.0418860 0.1412032 0.1346191 0.1180732 0.0732630 0.0477589 0.0520319 0.0107129 0.0548718 0.0283872 0.0497697 0.0455089 0.0478750 0.0696319 0.0171454 0.0447818 0.0424466 0.0538489 0.3218684 0.0295667 0.3052711 0.0439454 0.1230645 
Chea7320_OTOF     0.0898507 0.1339717 0.1109263 0.0699491 0.0889839 0.0769310 0.0828917 0.0915120 0.0919388 0.0843025 0.0731034 0.3298911 0.0446554 0.0000000 0.0755721 0.0155625 0.0246738 0.0177048 0.0131496 0.0385445 0.0718057 0.4379879 0.0831519 0.0896531 0.0795669 0.0200579 0.0163825 0.0238990 0.0236823 0.0879908 0.2422770 0.0534266 0.1212292 0.1295988 0.0183652 0.0182303 0.0107355 0.0426159 0.0118337 0.0138869 0.0110305 0.0202834 0.0118622 0.0823561 0.0994056 0.1613365 0.1664404 0.2171007 0.0928175 0.1419074 0.0789570 0.1022173 0.0956124 0.0431424 0.1947131 0.1588358 0.1494371 0.0424353 0.0376739 0.3234407 0.0261989 0.0255928 0.0305020 0.2974136 0.0597430 0.0187170 0.0358911 0.0214861 0.0950247 0.0975326 0.0858928 0.0414785 0.0276060 0.0153910 0.0175579 0.0147867 0.0167669 0.0158665 0.0139644 0.0167154 0.0235118 0.0133502 0.0128280 0.0152888 0.0135562 0.2871690 0.0093902 0.1481447 0.0193882 0.0833946 
Cmar59905_OTOF    0.0434866 0.1386181 0.1152364 0.0450905 0.0421889 0.0478775 0.0500555 0.0471032 0.0582440 0.0423226 0.0443962 0.2751518 0.1363892 0.0755721 0.0000000 0.0911391 0.0874585 0.0889893 0.0894131 0.0781193 0.0460567 0.3814304 0.0471876 0.0553704 0.0430646 0.0948434 0.0874226 0.0956842 0.0944343 0.0834838 0.2019473 0.0924897 0.0764808 0.1021691 0.0964635 0.0875460 0.0864923 0.1168372 0.0844906 0.0825825 0.0841780 0.0860532 0.0842635 0.0949477 0.0958819 0.1544492 0.1542773 0.3002460 0.0972730 0.1481074 0.0949778 0.0834892 0.1521407 0.0818318 0.1760396 0.1477920 0.1405145 0.0843686 0.0781427 0.2753418 0.0862133 0.0870802 0.0786065 0.2602971 0.0885775 0.0916745 0.0737904 0.0920655 0.0782145 0.0946932 0.1105086 0.0814274 0.0684012 0.0867054 0.0937597 0.0836677 0.0937074 0.0894424 0.1004902 0.0884639 0.0841130 0.0841103 0.0909381 0.0851548 0.0846484 0.2583614 0.0736407 0.1428527 0.0907741 0.0878891 
Dcap108471_OTOF   0.0926329 0.1286954 0.1175659 0.0855467 0.0910462 0.0908471 0.0939376 0.0948507 0.1005069 0.0818400 0.0851122 0.3371460 0.0469319 0.0155625 0.0911391 0.0000000 0.0055842 0.0040665 0.0065309 0.0426047 0.0832452 0.4216685 0.0924998 0.0958076 0.0865664 0.0193170 0.0147503 0.0167475 0.0174274 0.0932234 0.2336527 0.0536442 0.1328126 0.1134239 0.0473391 0.0229465 0.0155054 0.0463854 0.0076939 0.0117832 0.0153391 0.0147449 0.0146066 0.0793165 0.1073494 0.1500196 0.1489984 0.2180514 0.0982356 0.1472089 0.0876269 0.0897888 0.1513946 0.0474802 0.1738892 0.1524634 0.1806796 0.0430448 0.0392099 0.3290342 0.0168902 0.0151371 0.0249249 0.2944622 0.0642858 0.0182247 0.0432123 0.0117133 0.0969862 0.1148742 0.0901678 0.0421642 0.0315367 0.0083083 0.0089046 0.0152729 0.0172965 0.0135584 0.0287445 0.0106729 0.0119176 0.0073872 0.0090881 0.0111576 0.0097423 0.2848236 0.0064982 0.1431156 0.0103103 0.0945612 
Dcap79929_OTOF    0.1272418 0.1365923 0.1207981 0.0852493 0.1278125 0.0840573 0.1385947 0.1288149 0.0990748 0.1172337 0.0835516 0.3953459 0.0455805 0.0246738 0.0874585 0.0055842 0.0000000 0.0297218 0.0045087 0.0692072 0.0724251 0.5133526 0.0853832 0.0924888 0.0837400 0.0148334 0.0110481 0.0391438 0.0357443 0.1273717 0.2874404 0.0545692 0.1282231 0.1121197 0.0465171 0.0202098 0.0408772 0.0395791 0.0057151 0.0072925 0.0340685 0.0128916 0.0421633 0.1098163 0.1062782 0.1947740 0.1464281 0.2007158 0.0968038 0.1535910 0.1376931 0.0864485 0.1646337 0.0751921 0.1718264 0.1528177 0.1905188 0.0663161 0.0645639 0.3936754 0.0145499 0.0131001 0.0475235 0.3546174 0.0623943 0.0142220 0.0406355 0.0349055 0.1239800 0.1025379 0.0899443 0.0669927 0.0335628 0.0058111 0.0053122 0.0126558 0.0147469 0.0109979 0.0263786 0.0066332 0.0380476 0.0060185 0.0075685 0.0096897 0.0052095 0.3558708 0.0061997 0.1713037 0.0296814 0.0908713 
DdelSJR_OTOF      0.0938578 0.0934608 0.1254908 0.0859872 0.0935606 0.0887421 0.0956720 0.0896921 0.1011668 0.0847321 0.0831667 0.3358526 0.0222488 0.0177048 0.0889893 0.0040665 0.0297218 0.0000000 0.0039584 0.0392577 0.0818009 0.4169265 0.0910033 0.0991499 0.0855518 0.0163915 0.0127209 0.0125752 0.0115651 0.0909269 0.2251934 0.0592849 0.1313346 0.1341078 0.0462722 0.0199827 0.0116590 0.0525217 0.0044280 0.0093667 0.0115999 0.0424538 0.0113497 0.0830792 0.1176297 0.1659957 0.2185832 0.3009532 0.1049764 0.1494900 0.0886129 0.1329134 0.1802238 0.0455761 0.2082092 0.1594775 0.1550196 0.0397203 0.0347037 0.3364603 0.0405699 0.0375944 0.0188391 0.3001681 0.0661214 0.0146883 0.0397475 0.0108987 0.0923773 0.1036216 0.0721336 0.0376530 0.0295830 0.0043987 0.0056345 0.0122623 0.0149331 0.0108191 0.0272623 0.0106545 0.0110305 0.0065425 0.0059079 0.0096592 0.0067698 0.2799988 0.0036894 0.1452019 0.0084059 0.0977430 
Ddeltrop4525_OTOF 0.0961299 0.1343727 0.1204951 0.0908410 0.0902370 0.0891550 0.1378505 0.0965920 0.1035419 0.0865754 0.0853743 0.3321310 0.0446774 0.0131496 0.0894131 0.0065309 0.0045087 0.0039584 0.0000000 0.0417462 0.0840087 0.4054236 0.0909628 0.0985233 0.0853645 0.0164623 0.0115042 0.0136290 0.0131004 0.0895797 0.2277673 0.0570858 0.1251392 0.1152161 0.0441147 0.0203647 0.0168310 0.0389975 0.0079931 0.0103401 0.0131604 0.0154605 0.0142942 0.0780579 0.0955984 0.1418609 0.1466644 0.1873617 0.1024332 0.1447459 0.1451403 0.0921085 0.1537696 0.0463560 0.1752619 0.1552267 0.1360883 0.0390551 0.0351970 0.3314277 0.0141265 0.0135752 0.0235291 0.2900361 0.0630518 0.0153033 0.0412362 0.0106484 0.0944354 0.1106530 0.0865546 0.0382382 0.0313059 0.0068238 0.0083579 0.0131889 0.0159822 0.0127150 0.0255421 0.0102935 0.0122867 0.0070385 0.0081220 0.0124273 0.0093639 0.2802913 0.0069795 0.1371588 0.0090991 0.0873180 
Dleu_OTOF         0.0805614 0.1196674 0.1027453 0.0732953 0.0749885 0.0794561 0.1214394 0.0844905 0.0860785 0.0788375 0.0771375 0.3184799 0.0756923 0.0385445 0.0781193 0.0426047 0.0692072 0.0392577 0.0417462 0.0000000 0.0769866 0.4032910 0.0801138 0.0844708 0.0751910 0.0429715 0.0407735 0.0445003 0.0466125 0.0770269 0.2427417 0.0574893 0.1096884 0.1423970 0.0516562 0.0392081 0.0358137 0.0710289 0.0382373 0.0370880 0.0416469 0.0660728 0.0372984 0.0715094 0.0855696 0.1273143 0.1845070 0.2950518 0.0927458 0.1226770 0.1229729 0.1032098 0.1461786 0.0081306 0.1912415 0.1346563 0.1493598 0.0335685 0.0343108 0.3176679 0.0623616 0.0659400 0.0386185 0.2887761 0.0570580 0.0404717 0.0277047 0.0399885 0.0849791 0.0906630 0.0691521 0.0310855 0.0237761 0.0425052 0.0468318 0.0409925 0.0442132 0.0454159 0.0541376 0.0381155 0.0385064 0.0398286 0.0407199 0.0401581 0.0375108 0.2941260 0.0369784 0.1188482 0.0441912 0.0806081 
EausAUS_OTOF      0.0342556 0.1054726 0.1272842 0.0378753 0.0390941 0.0430349 0.0732714 0.0343333 0.0194611 0.0334387 0.0343639 0.2700211 0.1162305 0.0718057 0.0460567 0.0832452 0.0724251 0.0818009 0.0840087 0.0769866 0.0000000 0.3710456 0.0056373 0.0068729 0.0355247 0.0923943 0.0872284 0.0866826 0.0850843 0.0862019 0.1836606 0.0895810 0.0738470 0.0932219 0.0992818 0.0893943 0.0803563 0.1145550 0.0816148 0.0818047 0.0785288 0.0819171 0.0814445 0.0918919 0.1075170 0.1663381 0.1754687 0.1882662 0.0792407 0.1816800 0.1223418 0.0785955 0.1010943 0.0819101 0.1976664 0.1787046 0.1596045 0.0827456 0.0761878 0.2744306 0.0803020 0.0793014 0.0796472 0.2474272 0.0926304 0.0863735 0.0822182 0.0904224 0.0812358 0.0843674 0.0999126 0.0811929 0.0719402 0.0845361 0.1017093 0.0812566 0.0831661 0.0808977 0.1044908 0.0831538 0.0826136 0.0827052 0.0869939 0.0837714 0.0814825 0.2602056 0.0757665 0.1637293 0.0826577 0.0977097 
Ecab_OTOF         0.3396783 0.5834721 0.4868608 0.3833800 0.3929441 0.3847292 0.4733826 0.3462043 0.3664488 0.3447972 0.3930091 0.4072092 0.6061411 0.4379879 0.3814304 0.4216685 0.5133526 0.4169265 0.4054236 0.4032910 0.3710456 0.0000000 0.3577482 0.3779924 0.3970613 0.4483446 0.4085133 0.3994192 0.3878184 0.4199039 0.3677515 0.4293247 0.4713726 0.5478925 0.4554083 0.4312025 0.4330132 0.5784303 0.4124303 0.4088693 0.3885419 0.5176342 0.4281848 0.4139588 0.4594197 0.5258779 0.7154305 0.9654840 0.4885817 0.5571504 0.5935220 0.5084439 0.6382103 0.4091450 0.7122695 0.6171191 0.5979211 0.4007377 0.3362313 0.4217737 0.4724059 0.4805914 0.3886516 0.3875196 0.4444630 0.4223362 0.4476924 0.4347242 0.3818506 0.4210376 0.5644383 0.4019618 0.4604979 0.4172206 0.4835549 0.4156373 0.4623202 0.4306043 0.4208056 0.4233557 0.4047281 0.4395313 0.4126503 0.4080180 0.4035633 0.3638237 0.4419711 0.4869993 0.3828533 0.4709129 
Egla13086_OTOF    0.0394759 0.1325517 0.1159714 0.0411532 0.0405366 0.0456742 0.0512732 0.0379320 0.0208426 0.0353550 0.0369728 0.2801592 0.1525299 0.0831519 0.0471876 0.0924998 0.0853832 0.0910033 0.0909628 0.0801138 0.0056373 0.3577482 0.0000000 0.0031155 0.0371682 0.0988127 0.0906279 0.0946348 0.0924691 0.0867340 0.2023927 0.0930996 0.1091576 0.0973536 0.1038369 0.0915239 0.0898387 0.1168534 0.0883924 0.0903389 0.0861759 0.0901112 0.0896089 0.0952359 0.1077754 0.1495714 0.1640282 0.2102325 0.0972296 0.1553825 0.0985419 0.0943046 0.1732565 0.0849312 0.1806001 0.1679918 0.1445953 0.0872683 0.0823348 0.2850984 0.0873385 0.0857726 0.0823679 0.2443556 0.0885324 0.0967382 0.0854942 0.0957502 0.0803432 0.1045474 0.1571609 0.0850474 0.0836376 0.0906928 0.1068453 0.0903036 0.0980861 0.0907474 0.1119783 0.0936826 0.0909461 0.0960118 0.0979143 0.0905263 0.0866147 0.2661362 0.0838415 0.1359133 0.0905726 0.0938137 
Ejap43864_OTOF    0.0433590 0.1393757 0.1259048 0.0450101 0.0446856 0.0535339 0.0581743 0.0417254 0.0240928 0.0371957 0.0408694 0.2890992 0.1599053 0.0896531 0.0553704 0.0958076 0.0924888 0.0991499 0.0985233 0.0844708 0.0068729 0.3779924 0.0031155 0.0000000 0.0399024 0.1080266 0.0965770 0.1000519 0.0982053 0.0968292 0.2005983 0.0996855 0.1190361 0.1090884 0.1136694 0.0968499 0.0983330 0.1366090 0.0917254 0.0977153 0.0901112 0.0977216 0.0956253 0.1010763 0.1194990 0.1768289 0.1797506 0.2505125 0.1097120 0.1828706 0.1032304 0.0978731 0.2002023 0.0887333 0.2028962 0.1871375 0.1625343 0.0978524 0.0929804 0.2806407 0.0947030 0.0925503 0.0889388 0.2514373 0.0977229 0.0993891 0.0970956 0.1004089 0.0870218 0.1042629 0.1684777 0.0953174 0.0911527 0.0941003 0.1132023 0.0950939 0.1036941 0.0980728 0.1236334 0.1005300 0.0921620 0.1031111 0.1040716 0.0956349 0.0904335 0.2778743 0.0871186 0.1639353 0.0949880 0.1092896 
Erob133443_OTOF   0.0244206 0.0967935 0.1180406 0.0247014 0.0243051 0.0259350 0.0752619 0.0175526 0.0549667 0.0222306 0.0205010 0.2762150 0.1162241 0.0795669 0.0430646 0.0865664 0.0837400 0.0855518 0.0853645 0.0751910 0.0355247 0.3970613 0.0371682 0.0399024 0.0000000 0.0892330 0.0899019 0.0826396 0.0922686 0.0843515 0.1967292 0.0808945 0.1341886 0.1107223 0.0770639 0.0782587 0.0837847 0.1282596 0.0848205 0.0857563 0.0862537 0.0912249 0.0852326 0.0907403 0.1120729 0.1529821 0.1663738 0.3249600 0.1030983 0.1825552 0.1326888 0.0879013 0.1782919 0.0800427 0.2020030 0.1744913 0.1498158 0.0807844 0.0788033 0.2883073 0.0820105 0.0876918 0.0783168 0.2513383 0.0780226 0.0895114 0.0758022 0.0963429 0.0849142 0.0793874 0.1604959 0.0782116 0.0841209 0.0876399 0.0989242 0.0885218 0.0979072 0.0765100 0.0839157 0.0780244 0.0842928 0.0827157 0.0891018 0.0783191 0.0792806 0.2621847 0.0798921 0.1411884 0.0898097 0.0940268 
Fatt_OTOF         0.1044140 0.1643399 0.1343669 0.0950339 0.0973986 0.0948370 0.1042603 0.1015458 0.1122888 0.0918453 0.0882836 0.3449643 0.0698319 0.0200579 0.0948434 0.0193170 0.0148334 0.0163915 0.0164623 0.0429715 0.0923943 0.4483446 0.0988127 0.1080266 0.0892330 0.0000000 0.0153356 0.0090693 0.0087418 0.0995908 0.2414653 0.0665854 0.1327019 0.1257235 0.0564974 0.0240007 0.0230836 0.0605228 0.0137064 0.0150223 0.0196502 0.0261807 0.0222375 0.0811785 0.1197627 0.1796347 0.1578337 0.2608733 0.1095632 0.1067808 0.1009013 0.0990220 0.1178085 0.0477157 0.1964584 0.1882503 0.1611163 0.0453367 0.0415163 0.3451690 0.0169235 0.0153544 0.0257287 0.3096841 0.0761274 0.0136044 0.0457386 0.0059380 0.0981782 0.1112031 0.1045067 0.0443066 0.0463220 0.0195815 0.0220374 0.0155554 0.0201831 0.0199180 0.0353482 0.0184699 0.0168490 0.0201754 0.0184668 0.0174202 0.0145326 0.3032021 0.0176951 0.1542923 0.0153845 0.1038910 
Ggri_OTOF         0.0951621 0.1652758 0.1250542 0.0897604 0.0898269 0.0915578 0.1408532 0.0943182 0.1007431 0.0845057 0.0839720 0.3335481 0.0594343 0.0163825 0.0874226 0.0147503 0.0110481 0.0127209 0.0115042 0.0407735 0.0872284 0.4085133 0.0906279 0.0965770 0.0899019 0.0153356 0.0000000 0.0108140 0.0104038 0.0901359 0.2357719 0.0638237 0.1257008 0.1161693 0.0475079 0.0193975 0.0190409 0.0523954 0.0094092 0.0109144 0.0154985 0.0189987 0.0185661 0.0817758 0.1066992 0.1528877 0.1457937 0.2109286 0.1041189 0.1505167 0.1593854 0.0953696 0.1523565 0.0432720 0.1866595 0.1777645 0.1428950 0.0370639 0.0335219 0.3389580 0.0154677 0.0146116 0.0214290 0.2949174 0.0653988 0.0111074 0.0420160 0.0092863 0.0938302 0.1112035 0.0936980 0.0378237 0.0380572 0.0136428 0.0193202 0.0152642 0.0180074 0.0159108 0.0283421 0.0134141 0.0151776 0.0142451 0.0131717 0.0146113 0.0100653 0.2876103 0.0134999 0.1455948 0.0118462 0.0958216 
Gmac39091_OTOF    0.1002473 0.1484818 0.1242148 0.0952358 0.0953141 0.0941519 0.1042649 0.0987015 0.1056102 0.0904682 0.0875838 0.3336157 0.0603996 0.0238990 0.0956842 0.0167475 0.0391438 0.0125752 0.0136290 0.0445003 0.0866826 0.3994192 0.0946348 0.1000519 0.0826396 0.0090693 0.0108140 0.0000000 0.0013096 0.0921338 0.2346237 0.0623277 0.1287949 0.1688746 0.0498275 0.0221882 0.0195000 0.0566570 0.0118707 0.0129277 0.0169983 0.0490459 0.0179514 0.0859514 0.1130942 0.1579435 0.2092613 0.2837666 0.1107471 0.1514575 0.0971529 0.1327081 0.1807834 0.0500907 0.2408079 0.1647752 0.1951535 0.0418185 0.0347205 0.3366438 0.0369387 0.0383063 0.0220402 0.2996415 0.0678972 0.0112850 0.0450248 0.0031668 0.1036260 0.1159189 0.0953702 0.0407449 0.0366154 0.0162723 0.0207804 0.0120093 0.0174500 0.0178078 0.0298347 0.0144371 0.0120738 0.0165487 0.0142178 0.0149250 0.0104337 0.2881273 0.0150524 0.1384554 0.0134641 0.1024106 
Gmel_OTOF         0.0933955 0.1357444 0.1211651 0.0852642 0.0940137 0.0918496 0.1371516 0.0966253 0.0957026 0.0895256 0.0882639 0.3298290 0.0470223 0.0236823 0.0944343 0.0174274 0.0357443 0.0115651 0.0131004 0.0466125 0.0850843 0.3878184 0.0924691 0.0982053 0.0922686 0.0087418 0.0104038 0.0013096 0.0000000 0.0914835 0.2439375 0.0580187 0.1269255 0.1546022 0.0465053 0.0228057 0.0177268 0.0446463 0.0115907 0.0124216 0.0151282 0.0427483 0.0167980 0.0846659 0.0958191 0.1449941 0.2024040 0.3238242 0.1025762 0.1430760 0.1445336 0.1247044 0.1553517 0.0491863 0.2231796 0.1595356 0.1719922 0.0459739 0.0418035 0.3258899 0.0358923 0.0353566 0.0240265 0.3052770 0.0672917 0.0113356 0.0426368 0.0041680 0.0985800 0.1122420 0.0883021 0.0444926 0.0353388 0.0156269 0.0186722 0.0127568 0.0159581 0.0171596 0.0269139 0.0139972 0.0136316 0.0146532 0.0130363 0.0163874 0.0118075 0.3002412 0.0137140 0.1337033 0.0129531 0.0969503 
Hamp_OTOF         0.0809328 0.0686014 0.0541145 0.0831555 0.0836523 0.0797038 0.0814584 0.0848911 0.0963832 0.0750206 0.0752375 0.2987439 0.1308256 0.0879908 0.0834838 0.0932234 0.1273717 0.0909269 0.0895797 0.0770269 0.0862019 0.4199039 0.0867340 0.0968292 0.0843515 0.0995908 0.0901359 0.0921338 0.0914835 0.0000000 0.2317081 0.0800782 0.1188335 0.1410473 0.1035464 0.0886835 0.0893815 0.0698239 0.0858957 0.0903495 0.0846092 0.1258014 0.0870469 0.0983428 0.0203620 0.0347022 0.0620216 0.0959214 0.0452537 0.0615460 0.0253941 0.0632529 0.0784209 0.0789484 0.0744245 0.0257227 0.0267593 0.0812308 0.0822579 0.3114412 0.1198201 0.1196310 0.0788199 0.2879032 0.0877839 0.0921052 0.0761018 0.0955148 0.0877782 0.1137501 0.1598333 0.0766257 0.0691615 0.0871662 0.0890424 0.0909022 0.0986045 0.0917756 0.1047655 0.0904985 0.0874142 0.0901429 0.0913625 0.0857729 0.0886114 0.2907105 0.0687589 0.0318678 0.0860052 0.0434894 
Hippo_OTOF        0.1949557 0.2474385 0.2762862 0.1885751 0.2025404 0.1968836 0.2535591 0.1964662 0.2123043 0.2011634 0.1968560 0.2688318 0.3047435 0.2422770 0.2019473 0.2336527 0.2874404 0.2251934 0.2277673 0.2427417 0.1836606 0.3677515 0.2023927 0.2005983 0.1967292 0.2414653 0.2357719 0.2346237 0.2439375 0.2317081 0.0000000 0.2323226 0.2631055 0.2993475 0.2659203 0.2338790 0.2319523 0.2829173 0.2275810 0.2202314 0.2354194 0.2823178 0.2212821 0.2663153 0.2623710 0.2970483 0.4196900 0.5571657 0.2463286 0.3112918 0.2756323 0.2810051 0.3343019 0.2458492 0.4258469 0.3251329 0.3671750 0.2424363 0.2409234 0.2737599 0.2776353 0.2857310 0.2353671 0.2575736 0.2488746 0.2427033 0.2350218 0.2519101 0.2287330 0.2225936 0.3057990 0.2392239 0.2189085 0.2365202 0.2389523 0.2340465 0.2411428 0.2375229 0.2517630 0.2206094 0.2362083 0.2274031 0.2286243 0.2298728 0.2326138 0.2642711 0.2239424 0.2913064 0.2321608 0.2514652 
Igeo_OTOF         0.0909418 0.0825891 0.1179668 0.0822343 0.0936919 0.0865454 0.1352272 0.0931490 0.1013449 0.0897351 0.0878691 0.3441095 0.0622908 0.0534266 0.0924897 0.0536442 0.0545692 0.0592849 0.0570858 0.0574893 0.0895810 0.4293247 0.0930996 0.0996855 0.0808945 0.0665854 0.0638237 0.0623277 0.0580187 0.0800782 0.2323226 0.0000000 0.1353430 0.0900470 0.0755335 0.0596721 0.0546424 0.0934557 0.0537981 0.0585909 0.0539425 0.0569399 0.0572467 0.0607650 0.1054888 0.1479538 0.1620036 0.2762364 0.0934421 0.1633845 0.1263952 0.0825002 0.1611439 0.0620312 0.1519344 0.1595654 0.1437149 0.0555324 0.0540865 0.3356619 0.0542927 0.0576125 0.0494027 0.2996649 0.0459373 0.0645864 0.0537379 0.0609105 0.0930496 0.1050118 0.0954613 0.0552957 0.0518394 0.0583186 0.0672023 0.0605306 0.0568062 0.0566338 0.0787908 0.0555131 0.0644100 0.0504311 0.0590572 0.0557260 0.0570570 0.2967430 0.0594847 0.1402247 0.0560576 0.0900892 
Kbre_OTOF         0.1114110 0.1282537 0.1469087 0.1265384 0.1128223 0.1159407 0.0933959 0.1144558 0.0891823 0.1047992 0.0749244 0.3570186 0.2489558 0.1212292 0.0764808 0.1328126 0.1282231 0.1313346 0.1251392 0.1096884 0.0738470 0.4713726 0.1091576 0.1190361 0.1341886 0.1327019 0.1257008 0.1287949 0.1269255 0.1188335 0.2631055 0.1353430 0.0000000 0.0704206 0.1596183 0.1256109 0.1284210 0.1348234 0.1225093 0.1246256 0.1191245 0.1360682 0.1242410 0.1306293 0.1621165 0.2062238 0.1972987 0.2389781 0.1092917 0.2104757 0.0868490 0.1253768 0.1722612 0.1173734 0.2272178 0.2136797 0.1833398 0.1195497 0.1229443 0.3550558 0.1235149 0.1239759 0.1166283 0.3219060 0.1218792 0.1257242 0.1233452 0.1272893 0.0713963 0.0531313 0.1083163 0.1167578 0.1429995 0.1345738 0.1038951 0.1227776 0.1445853 0.1314307 0.1539130 0.1312257 0.1291212 0.1424466 0.1298772 0.1348630 0.1203391 0.3272039 0.0904800 0.2004165 0.1245710 0.1465185 
Ksim_OTOF         0.1332725 0.0913257 0.1279003 0.0763970 0.1485468 0.0969353 0.1055077 0.1365119 0.1098654 0.1270912 0.0978159 0.4037219 0.1000415 0.1295988 0.1021691 0.1134239 0.1121197 0.1341078 0.1152161 0.1423970 0.0932219 0.5478925 0.0973536 0.1090884 0.1107223 0.1257235 0.1161693 0.1688746 0.1546022 0.1410473 0.2993475 0.0900470 0.0704206 0.0000000 0.1113659 0.1187295 0.1241453 0.1730628 0.1098125 0.1164993 0.1446421 0.0883811 0.1354249 0.1665017 0.1511365 0.2490231 0.1965343 0.3839992 0.1061107 0.1629953 0.0776662 0.0859084 0.1581557 0.1503576 0.1469780 0.1544904 0.2435658 0.1427249 0.1508797 0.4109740 0.1190587 0.1112845 0.1449687 0.3716650 0.0944168 0.1182333 0.0997491 0.1553198 0.0945903 0.0957062 0.1304890 0.1382971 0.0834140 0.1208920 0.0972201 0.1223157 0.1047606 0.1146450 0.1131190 0.1252731 0.1682480 0.0978396 0.1189796 0.1135837 0.1074231 0.3700437 0.1158051 0.2097083 0.1529815 0.1228020 
Lacu_OTOF         0.1077895 0.1302681 0.1452855 0.0983474 0.1091053 0.1078334 0.1771898 0.1048202 0.1156213 0.1026886 0.1084042 0.3560323 0.0640488 0.0183652 0.0964635 0.0473391 0.0465171 0.0462722 0.0441147 0.0516562 0.0992818 0.4554083 0.1038369 0.1136694 0.0770639 0.0564974 0.0475079 0.0498275 0.0465053 0.1035464 0.2659203 0.0755335 0.1596183 0.1113659 0.0000000 0.0447230 0.0446831 0.0575057 0.0427080 0.0430417 0.0391013 0.0499540 0.0446912 0.0759661 0.0925155 0.1872466 0.1887558 0.2180007 0.1205408 0.1843745 0.1976334 0.0806578 0.1532670 0.0591033 0.2196693 0.1652760 0.1565287 0.0461153 0.0431443 0.3552886 0.0446291 0.0463812 0.0342881 0.3205076 0.0874777 0.0525861 0.0288413 0.0493040 0.1050110 0.1306794 0.1150436 0.0480475 0.0271094 0.0501320 0.0361757 0.0428313 0.0507643 0.0472877 0.0224566 0.0476172 0.0493735 0.0210869 0.0456715 0.0471549 0.0421604 0.3077287 0.0239064 0.1798592 0.0453411 0.1047013 
Lalb_OTOF         0.0956111 0.1603341 0.1241999 0.0890190 0.0865695 0.0871709 0.0963605 0.0932060 0.1010059 0.0823704 0.0792927 0.3280270 0.0647302 0.0182303 0.0875460 0.0229465 0.0202098 0.0199827 0.0203647 0.0392081 0.0893943 0.4312025 0.0915239 0.0968499 0.0782587 0.0240007 0.0193975 0.0221882 0.0228057 0.0886835 0.2338790 0.0596721 0.1256109 0.1187295 0.0447230 0.0000000 0.0212145 0.0590630 0.0189671 0.0210357 0.0179629 0.0211266 0.0213348 0.0760160 0.1080587 0.1572109 0.1394878 0.2617070 0.1080265 0.1476617 0.0916983 0.0930973 0.1859145 0.0435223 0.1761863 0.1667359 0.1927312 0.0385989 0.0348530 0.3283264 0.0211263 0.0198631 0.0211302 0.2994211 0.0705504 0.0221699 0.0415687 0.0189925 0.0949746 0.1057711 0.0940861 0.0385046 0.0403613 0.0202527 0.0252659 0.0208790 0.0253978 0.0243254 0.0380401 0.0225240 0.0195541 0.0246901 0.0214308 0.0177421 0.0169974 0.2975748 0.0228469 0.1448975 0.0188604 0.0963790 
Laus_OTOF         0.0900724 0.0841545 0.1094629 0.0742943 0.0909642 0.0851362 0.0878666 0.0924264 0.0965971 0.0836752 0.0816564 0.3334795 0.0145627 0.0107355 0.0864923 0.0155054 0.0408772 0.0116590 0.0168310 0.0358137 0.0803563 0.4330132 0.0898387 0.0983330 0.0837847 0.0230836 0.0190409 0.0195000 0.0177268 0.0893815 0.2319523 0.0546424 0.1284210 0.1241453 0.0446831 0.0212145 0.0000000 0.0470928 0.0148181 0.0166664 0.0079192 0.0336809 0.0067542 0.0789767 0.1040333 0.1597484 0.2131342 0.3993983 0.0963183 0.1420216 0.0787534 0.1222987 0.0920427 0.0399947 0.1953984 0.1560996 0.1458308 0.0404891 0.0358062 0.3394123 0.0410634 0.0412221 0.0237765 0.3090731 0.0636572 0.0205120 0.0364260 0.0143140 0.0921161 0.1068779 0.0658752 0.0384942 0.0239195 0.0174229 0.0180716 0.0176888 0.0168051 0.0200692 0.0334439 0.0200165 0.0194088 0.0129057 0.0164613 0.0184722 0.0156648 0.2917861 0.0116159 0.1439196 0.0154095 0.0902702 
Lbor_OTOF         0.1263571 0.1148638 0.1063320 0.1190694 0.1420982 0.1250970 0.2241962 0.1338930 0.1405566 0.1157050 0.1196005 0.3588487 0.0815897 0.0426159 0.1168372 0.0463854 0.0395791 0.0525217 0.0389975 0.0710289 0.1145550 0.5784303 0.1168534 0.1366090 0.1282596 0.0605228 0.0523954 0.0566570 0.0446463 0.0698239 0.2829173 0.0934557 0.1348234 0.1730628 0.0575057 0.0590630 0.0470928 0.0000000 0.0403831 0.0443916 0.0314387 0.0389264 0.0302595 0.1113124 0.0630470 0.0648060 0.0667199 0.1262344 0.1344191 0.1967453 0.1356319 0.1214762 0.1417118 0.0728754 0.0975672 0.0691368 0.0558064 0.0611699 0.0292988 0.3919642 0.0524411 0.0441441 0.0517904 0.3744667 0.0982090 0.0610725 0.0574694 0.0590091 0.1313415 0.0904122 0.1045344 0.0578143 0.0668812 0.0436949 0.0374934 0.0500609 0.0491570 0.0440251 0.0408335 0.0425881 0.0584971 0.0397416 0.0427050 0.0416885 0.0490338 0.3007934 0.0399995 0.0592559 0.0372718 0.1108064 
Lhos30470_OTOF    0.0901711 0.1287591 0.1187994 0.0811068 0.0885438 0.0864527 0.1312959 0.0941438 0.0963042 0.0803392 0.0812190 0.3265533 0.0398785 0.0118337 0.0844906 0.0076939 0.0057151 0.0044280 0.0079931 0.0382373 0.0816148 0.4124303 0.0883924 0.0917254 0.0848205 0.0137064 0.0094092 0.0118707 0.0115907 0.0858957 0.2275810 0.0537981 0.1225093 0.1098125 0.0427080 0.0189671 0.0148181 0.0403831 0.0000000 0.0054831 0.0123114 0.0133144 0.0122635 0.0762773 0.0909402 0.1467868 0.1429828 0.2571243 0.0940860 0.1437879 0.1346659 0.0848341 0.0937792 0.0414095 0.1741292 0.1585153 0.1343991 0.0377756 0.0334811 0.3271158 0.0121760 0.0133206 0.0216715 0.2974178 0.0655895 0.0125213 0.0361645 0.0067781 0.0885278 0.1001945 0.0887952 0.0377191 0.0301159 0.0080004 0.0133869 0.0105752 0.0135931 0.0101676 0.0229531 0.0070208 0.0088063 0.0073860 0.0077460 0.0099030 0.0055456 0.2793919 0.0068008 0.1376194 0.0074201 0.0874004 
Lhos452_OTOF      0.0924800 0.1314032 0.1231332 0.0851290 0.0875334 0.0852203 0.1352740 0.0938559 0.1000788 0.0846877 0.0841205 0.3459130 0.0455200 0.0138869 0.0825825 0.0117832 0.0072925 0.0093667 0.0103401 0.0370880 0.0818047 0.4088693 0.0903389 0.0977153 0.0857563 0.0150223 0.0109144 0.0129277 0.0124216 0.0903495 0.2202314 0.0585909 0.1246256 0.1164993 0.0430417 0.0210357 0.0166664 0.0443916 0.0054831 0.0000000 0.0132467 0.0153148 0.0160040 0.0805856 0.0998296 0.1478684 0.1504506 0.1999299 0.0991698 0.1451643 0.1416948 0.0885751 0.1642471 0.0421695 0.1720447 0.1619092 0.1386764 0.0364620 0.0326802 0.3491967 0.0146047 0.0121829 0.0209216 0.3086620 0.0638733 0.0144548 0.0397299 0.0096877 0.0903583 0.1001483 0.0874110 0.0372587 0.0348753 0.0103441 0.0098548 0.0113970 0.0148185 0.0114370 0.0228098 0.0076062 0.0104567 0.0094517 0.0095919 0.0099391 0.0040114 0.2856299 0.0043322 0.1397600 0.0065116 0.0880318 
Lobl_OTOF         0.0860042 0.1206227 0.1124679 0.0782861 0.0862533 0.0842476 0.1294233 0.0904643 0.0864516 0.0833761 0.0805718 0.3172022 0.0370031 0.0110305 0.0841780 0.0153391 0.0340685 0.0115999 0.0131604 0.0416469 0.0785288 0.3885419 0.0861759 0.0901112 0.0862537 0.0196502 0.0154985 0.0169983 0.0151282 0.0846092 0.2354194 0.0539425 0.1191245 0.1446421 0.0391013 0.0179629 0.0079192 0.0314387 0.0123114 0.0132467 0.0000000 0.0278772 0.0077961 0.0787712 0.0873839 0.1370130 0.1842057 0.2942310 0.0972650 0.1352082 0.1287956 0.1166111 0.1475200 0.0441563 0.2115545 0.1486234 0.1634757 0.0409175 0.0371640 0.3155664 0.0364690 0.0358699 0.0250382 0.2957372 0.0612801 0.0153641 0.0345999 0.0135542 0.0908891 0.1010234 0.0802808 0.0394891 0.0314934 0.0141437 0.0164185 0.0154239 0.0174155 0.0157490 0.0292788 0.0163646 0.0144755 0.0131375 0.0138225 0.0164699 0.0126178 0.2980749 0.0097419 0.1303657 0.0135251 0.0870429 
Lobs_OTOF         0.1282404 0.0920828 0.0906875 0.0866681 0.1301020 0.0865679 0.1306346 0.1287974 0.1059346 0.1188457 0.0846990 0.4065152 0.0161438 0.0202834 0.0860532 0.0147449 0.0128916 0.0424538 0.0154605 0.0660728 0.0819171 0.5176342 0.0901112 0.0977216 0.0912249 0.0261807 0.0189987 0.0490459 0.0427483 0.1258014 0.2823178 0.0569399 0.1360682 0.0883811 0.0499540 0.0211266 0.0336809 0.0389264 0.0133144 0.0153148 0.0278772 0.0000000 0.0396694 0.1278255 0.1090525 0.1977251 0.1556082 0.1858810 0.1021464 0.1530225 0.1352661 0.0933138 0.1624236 0.0712531 0.1523807 0.1596667 0.1996995 0.0618606 0.0629363 0.4238254 0.0180453 0.0165540 0.0510552 0.3747561 0.0618655 0.0203672 0.0367178 0.0446968 0.1289231 0.1137279 0.0676367 0.0624504 0.0333545 0.0149443 0.0163279 0.0163215 0.0173737 0.0195779 0.0359208 0.0168396 0.0460644 0.0149123 0.0147171 0.0175362 0.0154298 0.3460374 0.0109948 0.1751353 0.0370435 0.0904959 
LperAUS_OTOF      0.0942032 0.0897275 0.1178903 0.0823293 0.0925487 0.0879920 0.0904422 0.0911141 0.0984051 0.0853611 0.0840552 0.3236669 0.0216792 0.0118622 0.0842635 0.0146066 0.0421633 0.0113497 0.0142942 0.0372984 0.0814445 0.4281848 0.0896089 0.0956253 0.0852326 0.0222375 0.0185661 0.0179514 0.0167980 0.0870469 0.2212821 0.0572467 0.1242410 0.1354249 0.0446912 0.0213348 0.0067542 0.0302595 0.0122635 0.0160040 0.0077961 0.0396694 0.0000000 0.0697713 0.0962360 0.1493167 0.2098878 0.2606664 0.0996363 0.1525579 0.0789927 0.1160528 0.0996992 0.0427497 0.1973912 0.1496370 0.1898437 0.0359605 0.0305508 0.3189418 0.0428567 0.0412968 0.0233360 0.2942421 0.0622181 0.0183761 0.0342150 0.0156643 0.0928947 0.1009497 0.0681768 0.0347735 0.0292112 0.0161952 0.0192660 0.0165706 0.0196889 0.0200129 0.0345089 0.0184407 0.0178063 0.0172509 0.0128526 0.0193789 0.0145367 0.2873488 0.0126292 0.1340570 0.0167571 0.0958009 
