94
Bacu_RYR2         0.0000000 0.0578491 0.0588305 0.0161479 0.0201184 0.0221840 0.0212954 0.0288987 0.0491880 0.0200336 0.0257207 0.0226529 0.2128493 0.0666128 0.0661258 0.0323031 0.0621437 0.0633372 0.0627474 0.0640826 0.0620209 0.0568743 0.0333379 0.3125638 0.0293149 0.0320382 0.0255088 0.0588368 0.0592275 0.0578561 0.0606588 0.0516973 0.1668594 0.0658868 0.0758962 0.0709264 0.0633752 0.0631560 0.0673891 0.0619119 0.0602891 0.0593293 0.0664697 0.0642727 0.0664074 0.0575805 0.0540972 0.0523752 0.0583855 0.0514178 0.0544291 0.0544727 0.0513052 0.0545138 0.0520475 0.0597052 0.0559785 0.0577221 0.0537124 0.0571995 0.0560168 0.2171040 0.0632707 0.0610843 0.0603927 0.2628031 0.0630898 0.0576548 0.0600270 0.0583995 0.0569615 0.0583444 0.0661673 0.0552626 0.0616558 0.0547585 0.0618289 0.0624167 0.0606957 0.0581090 0.0618489 0.0615963 0.0615660 0.0584020 0.0572438 0.0633046 0.0615724 0.0607504 0.0629268 0.3001703 0.0616217 0.0515627 0.0633297 0.0545025 
Barn_RYR2         0.0578491 0.0000000 0.0026719 0.0547831 0.0569573 0.0572379 0.0577108 0.0687785 0.0688975 0.0532118 0.0549229 0.0587849 0.2121134 0.0509026 0.0509837 0.0558241 0.0471823 0.0474870 0.0475476 0.0474780 0.0464344 0.0380287 0.0483589 0.3272131 0.0474234 0.0485030 0.0513747 0.0434606 0.0434313 0.0418112 0.0432565 0.0186383 0.1626662 0.0465314 0.0662370 0.0612139 0.0491877 0.0469594 0.0532964 0.0510617 0.0450386 0.0465853 0.0495316 0.0483795 0.0521019 0.0214488 0.0212634 0.0207262 0.0229072 0.0201336 0.0217447 0.0215870 0.0206805 0.0218949 0.0188414 0.0402007 0.0234225 0.0256969 0.0205033 0.0391505 0.0391720 0.2248180 0.0462639 0.0451037 0.0458700 0.2841721 0.0430773 0.0492152 0.0436720 0.0430584 0.0377252 0.0430962 0.0547810 0.0383368 0.0396308 0.0374298 0.0484307 0.0489631 0.0474393 0.0459383 0.0476763 0.0456333 0.0479906 0.0460213 0.0468425 0.0472268 0.0471900 0.0471851 0.0480000 0.3174824 0.0455796 0.0206725 0.0484040 0.0216584 
Bbai76728_RYR2    0.0588305 0.0026719 0.0000000 0.0632761 0.0581530 0.0583867 0.0586062 0.0666052 0.0647191 0.0565340 0.0625271 0.0582007 0.2087626 0.0509618 0.0509455 0.0597458 0.0475185 0.0480838 0.0478108 0.0480354 0.0474235 0.0395511 0.0493145 0.3323677 0.0487020 0.0504280 0.0596118 0.0439730 0.0442876 0.0435220 0.0446673 0.0191508 0.1616967 0.0488526 0.0652127 0.0626734 0.0484874 0.0467400 0.0526712 0.0509104 0.0463665 0.0477269 0.0496678 0.0487654 0.0507852 0.0234845 0.0221299 0.0212844 0.0226317 0.0206153 0.0219128 0.0195020 0.0213658 0.0231685 0.0204197 0.0418787 0.0230815 0.0258447 0.0222086 0.0401416 0.0405686 0.2177415 0.0462383 0.0452965 0.0452761 0.2743578 0.0475204 0.0494710 0.0447468 0.0444565 0.0387238 0.0442837 0.0561191 0.0396435 0.0405267 0.0383117 0.0482004 0.0485709 0.0474761 0.0459408 0.0483739 0.0433746 0.0475437 0.0460541 0.0466717 0.0467910 0.0472464 0.0464238 0.0481951 0.3134459 0.0465440 0.0226930 0.0478973 0.0221621 
BbonAUS_RYR2      0.0161479 0.0547831 0.0632761 0.0000000 0.0219435 0.0252038 0.0242290 0.0307256 0.0479200 0.0226224 0.0180927 0.0245937 0.2212573 0.0699461 0.0700100 0.0377532 0.0676422 0.0629955 0.0676506 0.0673898 0.0609525 0.0598499 0.0353616 0.3339906 0.0315238 0.0343710 0.0200799 0.0633820 0.0632412 0.0626367 0.0637425 0.0577076 0.1717388 0.0710503 0.0774557 0.0745002 0.0674051 0.0651369 0.0713079 0.0664378 0.0599443 0.0644440 0.0685415 0.0686240 0.0702596 0.0578573 0.0604109 0.0579309 0.0596679 0.0582115 0.0601863 0.0605921 0.0558062 0.0602659 0.0574670 0.0621022 0.0610155 0.0636801 0.0584840 0.0597865 0.0598713 0.2247024 0.0659133 0.0641227 0.0637607 0.2808859 0.0684620 0.0608741 0.0647638 0.0649882 0.0607208 0.0629748 0.0674088 0.0618552 0.0627124 0.0606650 0.0672755 0.0667255 0.0658073 0.0634022 0.0665226 0.0652416 0.0660609 0.0643753 0.0628739 0.0677195 0.0660619 0.0663059 0.0678247 0.3258481 0.0668746 0.0574835 0.0667803 0.0606723 
Bbor_RYR2         0.0201184 0.0569573 0.0581530 0.0219435 0.0000000 0.0047187 0.0048163 0.0206865 0.0532818 0.0172859 0.0212141 0.0075908 0.2122433 0.0659746 0.0650916 0.0328362 0.0625984 0.0644659 0.0622691 0.0632023 0.0624458 0.0534697 0.0311618 0.3097549 0.0292105 0.0307359 0.0230278 0.0563474 0.0573334 0.0572506 0.0576477 0.0494921 0.1590386 0.0661478 0.0713115 0.0677424 0.0614078 0.0589533 0.0646524 0.0613254 0.0619697 0.0597542 0.0632312 0.0629476 0.0637811 0.0573697 0.0528857 0.0522244 0.0527721 0.0511997 0.0519903 0.0519400 0.0521791 0.0533229 0.0521747 0.0566429 0.0549049 0.0572226 0.0527302 0.0528719 0.0542788 0.2143928 0.0602183 0.0596111 0.0595086 0.2648097 0.0617216 0.0523270 0.0587944 0.0560690 0.0539116 0.0579493 0.0659180 0.0534247 0.0550752 0.0538871 0.0621911 0.0621161 0.0603194 0.0587550 0.0623567 0.0604413 0.0616002 0.0591383 0.0584620 0.0632663 0.0611055 0.0607382 0.0621652 0.2974382 0.0608332 0.0495425 0.0618253 0.0555298 
Bede66737_RYR2    0.0221840 0.0572379 0.0583867 0.0252038 0.0047187 0.0000000 0.0004595 0.0227582 0.0533165 0.0193482 0.0233015 0.0037252 0.2132043 0.0666796 0.0659478 0.0330829 0.0620204 0.0642008 0.0621470 0.0630680 0.0624540 0.0542411 0.0307538 0.3106486 0.0284686 0.0300031 0.0234494 0.0568465 0.0572910 0.0577567 0.0581268 0.0508028 0.1613923 0.0660483 0.0709315 0.0675489 0.0617321 0.0591370 0.0658390 0.0618188 0.0615542 0.0600433 0.0644311 0.0638058 0.0647811 0.0572911 0.0544705 0.0535141 0.0545501 0.0525165 0.0538237 0.0538172 0.0530125 0.0543282 0.0529394 0.0571149 0.0564574 0.0579637 0.0540544 0.0543079 0.0557306 0.2154892 0.0613386 0.0599039 0.0596852 0.2677334 0.0624181 0.0527224 0.0590698 0.0573551 0.0551706 0.0579840 0.0656763 0.0536355 0.0562274 0.0543208 0.0620868 0.0626768 0.0606152 0.0585084 0.0626269 0.0589428 0.0617511 0.0588755 0.0590269 0.0626172 0.0612630 0.0601076 0.0620452 0.2958892 0.0607327 0.0508309 0.0619713 0.0551723 
BedeAUS_RYR2      0.0212954 0.0577108 0.0586062 0.0242290 0.0048163 0.0004595 0.0000000 0.0233431 0.0519473 0.0195825 0.0230810 0.0038556 0.2122088 0.0662418 0.0648989 0.0333225 0.0624289 0.0637582 0.0620907 0.0627313 0.0623232 0.0528169 0.0298582 0.3154345 0.0281166 0.0291497 0.0232278 0.0565376 0.0568000 0.0569997 0.0576037 0.0504252 0.1593664 0.0660870 0.0711384 0.0675138 0.0615626 0.0589363 0.0650851 0.0622390 0.0612856 0.0592774 0.0635602 0.0633318 0.0642629 0.0575215 0.0543483 0.0525297 0.0536849 0.0518363 0.0529944 0.0534543 0.0527393 0.0548215 0.0526982 0.0560548 0.0552552 0.0583825 0.0532053 0.0531562 0.0548540 0.2136776 0.0600363 0.0591020 0.0595030 0.2662339 0.0616566 0.0520228 0.0585603 0.0570505 0.0537570 0.0579836 0.0664992 0.0532775 0.0554056 0.0538163 0.0622545 0.0619865 0.0603307 0.0585376 0.0614447 0.0596004 0.0614600 0.0590293 0.0588658 0.0629120 0.0609542 0.0605674 0.0622617 0.2962788 0.0609551 0.0510199 0.0616016 0.0553438 
Bmus_RYR2         0.0288987 0.0687785 0.0666052 0.0307256 0.0206865 0.0227582 0.0233431 0.0000000 0.0673312 0.0251285 0.0297047 0.0239001 0.2275432 0.0728015 0.0725307 0.0391612 0.0709517 0.0727192 0.0705850 0.0694583 0.0709267 0.0610686 0.0373684 0.3223007 0.0355427 0.0366637 0.0308419 0.0660035 0.0669849 0.0664231 0.0665612 0.0583024 0.1819072 0.0745583 0.0803652 0.0762601 0.0712270 0.0710895 0.0734323 0.0694722 0.0688138 0.0682680 0.0756260 0.0712795 0.0726489 0.0651763 0.0603669 0.0602805 0.0632825 0.0600082 0.0610961 0.0622338 0.0591098 0.0621851 0.0593996 0.0637028 0.0636361 0.0661245 0.0613311 0.0650850 0.0624607 0.2300292 0.0694041 0.0681123 0.0710448 0.2925584 0.0699939 0.0633169 0.0676568 0.0688277 0.0635493 0.0670613 0.0745483 0.0630018 0.0704331 0.0621034 0.0703771 0.0697709 0.0687185 0.0667717 0.0698184 0.0693277 0.0702004 0.0671111 0.0671101 0.0715158 0.0697101 0.0680375 0.0701320 0.3117110 0.0697353 0.0581450 0.0712475 0.0640172 
Bmys_RYR2         0.0491880 0.0688975 0.0647191 0.0479200 0.0532818 0.0533165 0.0519473 0.0673312 0.0000000 0.0442181 0.0468997 0.0515336 0.2122105 0.0700750 0.0679873 0.0511353 0.0667881 0.0677267 0.0673277 0.0666818 0.0668414 0.0527986 0.0300654 0.3295992 0.0302235 0.0306962 0.0442131 0.0629372 0.0620979 0.0591562 0.0608435 0.0562674 0.1749100 0.0787497 0.0825645 0.0817589 0.0678557 0.0623682 0.0690080 0.0679845 0.0678959 0.0679703 0.0651781 0.0626493 0.0666088 0.0645396 0.0600577 0.0607429 0.0626274 0.0608404 0.0607685 0.0754214 0.0579785 0.0606724 0.0623210 0.0549732 0.0618935 0.0646129 0.0610495 0.0551141 0.0556097 0.2085423 0.0635307 0.0628088 0.0660446 0.3124490 0.0698541 0.0585982 0.0661899 0.0626822 0.0529570 0.0621920 0.0552910 0.0533245 0.0544143 0.0544891 0.0645565 0.0671397 0.0648310 0.0629996 0.0635309 0.0769768 0.0674229 0.0632937 0.0673751 0.0678051 0.0644029 0.0649965 0.0674771 0.3083202 0.0663398 0.0569747 0.0659061 0.0597629 
Bphy_RYR2         0.0200336 0.0532118 0.0565340 0.0226224 0.0172859 0.0193482 0.0195825 0.0251285 0.0442181 0.0000000 0.0086013 0.0183099 0.2166312 0.0656673 0.0652015 0.0308510 0.0616124 0.0625975 0.0620394 0.0622010 0.0623791 0.0533676 0.0294045 0.3148031 0.0254876 0.0268931 0.0232383 0.0568662 0.0570034 0.0559270 0.0566130 0.0502340 0.1653286 0.0665863 0.0704671 0.0662573 0.0613181 0.0594133 0.0660526 0.0639169 0.0611959 0.0598127 0.0630948 0.0625442 0.0652118 0.0564214 0.0536664 0.0523125 0.0533450 0.0522762 0.0537790 0.0542206 0.0516765 0.0540381 0.0510157 0.0555975 0.0554297 0.0572495 0.0531504 0.0517003 0.0528582 0.2229834 0.0623165 0.0591190 0.0591700 0.2706755 0.0612909 0.0538265 0.0581028 0.0542191 0.0538103 0.0565276 0.0647960 0.0532419 0.0545271 0.0528051 0.0608280 0.0620934 0.0603418 0.0583495 0.0618741 0.0574689 0.0616469 0.0592084 0.0586197 0.0617534 0.0607569 0.0601443 0.0628379 0.3214141 0.0604475 0.0493764 0.0610326 0.0537552 
Bphy_baits_RYR2   0.0257207 0.0549229 0.0625271 0.0180927 0.0212141 0.0233015 0.0230810 0.0297047 0.0468997 0.0086013 0.0000000 0.0223533 0.2200851 0.0696946 0.0688003 0.0372547 0.0666780 0.0611236 0.0668071 0.0671385 0.0604077 0.0565286 0.0339304 0.3232614 0.0315793 0.0326482 0.0187111 0.0614394 0.0619777 0.0612408 0.0622100 0.0560616 0.1662842 0.0726455 0.0765260 0.0724509 0.0657195 0.0645275 0.0699575 0.0679684 0.0596383 0.0643187 0.0674218 0.0666675 0.0685022 0.0565014 0.0592577 0.0574516 0.0589812 0.0573642 0.0594729 0.0580612 0.0572174 0.0610817 0.0565097 0.0591260 0.0603892 0.0633679 0.0575047 0.0560401 0.0575061 0.2224362 0.0642362 0.0624881 0.0634037 0.2862758 0.0648906 0.0583090 0.0621604 0.0609549 0.0566886 0.0624753 0.0638457 0.0571887 0.0587392 0.0568364 0.0661446 0.0664004 0.0647869 0.0627464 0.0656636 0.0660693 0.0663120 0.0645100 0.0626821 0.0672721 0.0654788 0.0652591 0.0675647 0.3175272 0.0651816 0.0565233 0.0662250 0.0595313 
Bric_RYR2         0.0226529 0.0587849 0.0582007 0.0245937 0.0075908 0.0037252 0.0038556 0.0239001 0.0515336 0.0183099 0.0223533 0.0000000 0.2205975 0.0663470 0.0655772 0.0331529 0.0621344 0.0635987 0.0622017 0.0651312 0.0625648 0.0561571 0.0309129 0.3120724 0.0285509 0.0300499 0.0233527 0.0566915 0.0573902 0.0575891 0.0612314 0.0506535 0.1661740 0.0670786 0.0738152 0.0677782 0.0619934 0.0620463 0.0658115 0.0615159 0.0619846 0.0603492 0.0679983 0.0634771 0.0644890 0.0578589 0.0530237 0.0526387 0.0592888 0.0532553 0.0541549 0.0557204 0.0526620 0.0545042 0.0523185 0.0587298 0.0557161 0.0571787 0.0534355 0.0569888 0.0549632 0.2227718 0.0610857 0.0596811 0.0634308 0.2768323 0.0633496 0.0557108 0.0591714 0.0580165 0.0556237 0.0580746 0.0659239 0.0546930 0.0623788 0.0547415 0.0620818 0.0623776 0.0603793 0.0583189 0.0621025 0.0595928 0.0617838 0.0589566 0.0591026 0.0633002 0.0613031 0.0604267 0.0623310 0.2996639 0.0607823 0.0515403 0.0630954 0.0557983 
Btau_RYR2         0.2128493 0.2121134 0.2087626 0.2212573 0.2122433 0.2132043 0.2122088 0.2275432 0.2122105 0.2166312 0.2200851 0.2205975 0.0000000 0.2154432 0.2179534 0.2141590 0.2179455 0.2251395 0.2178275 0.2194215 0.2193145 0.2043181 0.1995603 0.3781299 0.2005951 0.2015184 0.2157089 0.2160728 0.2130361 0.2142071 0.2183753 0.2001047 0.2637987 0.2156978 0.2295461 0.2162426 0.2187332 0.2234457 0.2208387 0.2092523 0.2234318 0.2189485 0.2260666 0.2140381 0.2200633 0.2183646 0.2003179 0.1981830 0.2117899 0.2025635 0.2041126 0.1906502 0.2004580 0.2022427 0.1987484 0.2101365 0.2018384 0.2107699 0.2032843 0.2157634 0.2077626 0.0523208 0.2161525 0.2131240 0.2243325 0.1199867 0.2120215 0.2142117 0.2168648 0.2172718 0.2105254 0.2156093 0.2403614 0.2061136 0.2245351 0.2069233 0.2139886 0.2153312 0.2179221 0.2165019 0.2158096 0.2003978 0.2159092 0.2196723 0.2157418 0.2173060 0.2161720 0.2146872 0.2157884 0.3491956 0.2101711 0.2035403 0.2221023 0.2027208 
Ccom40_RYR2       0.0666128 0.0509026 0.0509618 0.0699461 0.0659746 0.0666796 0.0662418 0.0728015 0.0700750 0.0656673 0.0696946 0.0663470 0.2154432 0.0000000 0.0042580 0.0622830 0.0161175 0.0170132 0.0174384 0.0175784 0.0164237 0.0285481 0.0562151 0.3402993 0.0555249 0.0573334 0.0655528 0.0163003 0.0155168 0.0160410 0.0170796 0.0462620 0.1657393 0.0503656 0.0723811 0.0688075 0.0217646 0.0202141 0.0035037 0.0073772 0.0170023 0.0154683 0.0072734 0.0075584 0.0065587 0.0498022 0.0487259 0.0483232 0.0501592 0.0467173 0.0495307 0.0486229 0.0477381 0.0491793 0.0471197 0.0312769 0.0492959 0.0518657 0.0479471 0.0311269 0.0313313 0.2195580 0.0202454 0.0175908 0.0191769 0.2760146 0.0470404 0.0587634 0.0191665 0.0340675 0.0299446 0.0170881 0.0696206 0.0299259 0.0322883 0.0296367 0.0169258 0.0161529 0.0173928 0.0160432 0.0167927 0.0190863 0.0181113 0.0155713 0.0168111 0.0165531 0.0165586 0.0175917 0.0194452 0.3011644 0.0175225 0.0488515 0.0183524 0.0486336 
Chea7320_RYR2     0.0661258 0.0509837 0.0509455 0.0700100 0.0650916 0.0659478 0.0648989 0.0725307 0.0679873 0.0652015 0.0688003 0.0655772 0.2179534 0.0042580 0.0000000 0.0625757 0.0149962 0.0156418 0.0161137 0.0161111 0.0145483 0.0277689 0.0563711 0.3314927 0.0553496 0.0574466 0.0659930 0.0157312 0.0149828 0.0150227 0.0161380 0.0468593 0.1647509 0.0479206 0.0721099 0.0687274 0.0198564 0.0182168 0.0029115 0.0060615 0.0146277 0.0134379 0.0060312 0.0059253 0.0048675 0.0482582 0.0488069 0.0474196 0.0502564 0.0461196 0.0487649 0.0481331 0.0474110 0.0488490 0.0459348 0.0304381 0.0491725 0.0505326 0.0472636 0.0298182 0.0301202 0.2207724 0.0195587 0.0169036 0.0175423 0.2746615 0.0447159 0.0576375 0.0184390 0.0328132 0.0293948 0.0162406 0.0674133 0.0284746 0.0308465 0.0273980 0.0158419 0.0148179 0.0162471 0.0145669 0.0155856 0.0170745 0.0159701 0.0140263 0.0160903 0.0150940 0.0150360 0.0152605 0.0169768 0.3076983 0.0159282 0.0481403 0.0167997 0.0479044 
Cmar59905_RYR2    0.0323031 0.0558241 0.0597458 0.0377532 0.0328362 0.0330829 0.0333225 0.0391612 0.0511353 0.0308510 0.0372547 0.0331529 0.2141590 0.0622830 0.0625757 0.0000000 0.0616030 0.0630240 0.0620006 0.0620951 0.0620679 0.0549344 0.0332677 0.3285573 0.0315023 0.0333349 0.0357335 0.0583351 0.0579483 0.0578912 0.0587965 0.0537125 0.1637825 0.0642748 0.0736123 0.0705545 0.0615723 0.0598642 0.0642009 0.0609463 0.0621133 0.0605139 0.0623912 0.0608722 0.0624911 0.0615167 0.0554830 0.0542566 0.0574779 0.0550142 0.0561684 0.0526982 0.0541607 0.0572764 0.0535580 0.0577788 0.0579538 0.0618340 0.0556131 0.0541553 0.0546507 0.2168140 0.0610439 0.0609627 0.0607615 0.2704309 0.0619798 0.0556320 0.0595248 0.0586610 0.0540660 0.0590568 0.0736115 0.0533964 0.0559492 0.0543767 0.0612730 0.0617791 0.0610011 0.0594164 0.0615153 0.0585945 0.0618659 0.0592448 0.0612231 0.0629481 0.0610388 0.0606528 0.0633786 0.3041363 0.0601942 0.0541124 0.0620977 0.0558926 
Dcap108471_RYR2   0.0621437 0.0471823 0.0475185 0.0676422 0.0625984 0.0620204 0.0624289 0.0709517 0.0667881 0.0616124 0.0666780 0.0621344 0.2179455 0.0161175 0.0149962 0.0616030 0.0000000 0.0009491 0.0013342 0.0011059 0.0020306 0.0236356 0.0551165 0.3271619 0.0548032 0.0562759 0.0633936 0.0134649 0.0127333 0.0125794 0.0135529 0.0428400 0.1616018 0.0447794 0.0707857 0.0673404 0.0177865 0.0137540 0.0156693 0.0135508 0.0074397 0.0070555 0.0137630 0.0129425 0.0144901 0.0443308 0.0455469 0.0437876 0.0464917 0.0425817 0.0449312 0.0438124 0.0442804 0.0463709 0.0430195 0.0253079 0.0455992 0.0470588 0.0443005 0.0260538 0.0261480 0.2235911 0.0164506 0.0139668 0.0144636 0.2745923 0.0419505 0.0543350 0.0147777 0.0290511 0.0252713 0.0141289 0.0643023 0.0249072 0.0268189 0.0234153 0.0047683 0.0058496 0.0133603 0.0121390 0.0084551 0.0084812 0.0062875 0.0063423 0.0096158 0.0052048 0.0040312 0.0060634 0.0057985 0.3039111 0.0057859 0.0451976 0.0064649 0.0446034 
Dcap79929_RYR2    0.0633372 0.0474870 0.0480838 0.0629955 0.0644659 0.0642008 0.0637582 0.0727192 0.0677267 0.0625975 0.0611236 0.0635987 0.2251395 0.0170132 0.0156418 0.0630240 0.0009491 0.0000000 0.0023671 0.0021117 0.0021601 0.0245838 0.0567016 0.3468805 0.0553477 0.0569568 0.0592006 0.0137581 0.0137654 0.0125053 0.0138808 0.0437495 0.1642899 0.0445201 0.0728492 0.0690965 0.0193176 0.0148310 0.0167729 0.0139905 0.0081747 0.0081128 0.0145983 0.0140379 0.0155054 0.0450860 0.0462154 0.0442253 0.0472825 0.0432807 0.0462469 0.0454068 0.0456245 0.0469112 0.0434898 0.0271252 0.0467137 0.0478315 0.0458141 0.0274104 0.0273801 0.2290133 0.0170681 0.0147055 0.0153363 0.2892073 0.0424226 0.0561954 0.0151918 0.0305235 0.0258566 0.0147524 0.0653858 0.0260884 0.0284834 0.0246544 0.0057557 0.0075410 0.0144171 0.0130315 0.0095647 0.0092730 0.0078812 0.0079060 0.0105557 0.0059586 0.0054775 0.0072150 0.0069229 0.3132373 0.0073987 0.0462499 0.0078084 0.0445735 
DdelSJR_RYR2      0.0627474 0.0475476 0.0478108 0.0676506 0.0622691 0.0621470 0.0620907 0.0705850 0.0673277 0.0620394 0.0668071 0.0622017 0.2178275 0.0174384 0.0161137 0.0620006 0.0013342 0.0023671 0.0000000 0.0023918 0.0024756 0.0236419 0.0547585 0.3255156 0.0551091 0.0565084 0.0627093 0.0136611 0.0129424 0.0128625 0.0137455 0.0429998 0.1640696 0.0451012 0.0709133 0.0676671 0.0180323 0.0139425 0.0165081 0.0147226 0.0077367 0.0076397 0.0144034 0.0138922 0.0155145 0.0443344 0.0456726 0.0439325 0.0465981 0.0426164 0.0453168 0.0438039 0.0449728 0.0461223 0.0430511 0.0259883 0.0457236 0.0471787 0.0443163 0.0262480 0.0264859 0.2243034 0.0169243 0.0144413 0.0146394 0.2727503 0.0419354 0.0547575 0.0148766 0.0288594 0.0255170 0.0146013 0.0643096 0.0251572 0.0274730 0.0238101 0.0051700 0.0065016 0.0137099 0.0126116 0.0095323 0.0089587 0.0068705 0.0067821 0.0103181 0.0057040 0.0044195 0.0067076 0.0061303 0.3057619 0.0066481 0.0449438 0.0070056 0.0455181 
Ddel_RYR2         0.0640826 0.0474780 0.0480354 0.0673898 0.0632023 0.0630680 0.0627313 0.0694583 0.0666818 0.0622010 0.0671385 0.0651312 0.2194215 0.0175784 0.0161111 0.0620951 0.0011059 0.0021117 0.0023918 0.0000000 0.0022348 0.0234109 0.0556966 0.3215873 0.0553122 0.0568171 0.0643677 0.0142524 0.0135356 0.0135802 0.0146264 0.0435926 0.1731991 0.0450460 0.0700591 0.0676778 0.0194165 0.0164107 0.0166352 0.0147409 0.0088523 0.0075707 0.0185228 0.0141545 0.0151812 0.0447968 0.0465227 0.0447648 0.0470437 0.0428452 0.0456659 0.0439811 0.0454540 0.0468004 0.0432992 0.0253890 0.0465699 0.0481277 0.0447870 0.0295299 0.0263838 0.2233072 0.0167072 0.0142541 0.0191901 0.2824394 0.0423132 0.0551907 0.0147785 0.0297564 0.0257838 0.0151983 0.0655811 0.0254399 0.0312482 0.0241144 0.0064766 0.0075591 0.0139958 0.0129165 0.0087109 0.0086636 0.0077166 0.0079629 0.0107110 0.0067038 0.0054975 0.0073374 0.0065300 0.3031658 0.0072941 0.0454510 0.0089492 0.0456173 
Ddeltrop4525_RYR2 0.0620209 0.0464344 0.0474235 0.0609525 0.0624458 0.0624540 0.0623232 0.0709267 0.0668414 0.0623791 0.0604077 0.0625648 0.2193145 0.0164237 0.0145483 0.0620679 0.0020306 0.0021601 0.0024756 0.0022348 0.0000000 0.0226676 0.0554064 0.3310277 0.0546793 0.0563596 0.0577420 0.0128877 0.0122956 0.0122293 0.0129823 0.0432697 0.1612478 0.0446011 0.0715222 0.0673071 0.0182230 0.0134212 0.0153462 0.0136938 0.0069957 0.0059239 0.0134256 0.0128439 0.0136835 0.0434804 0.0458317 0.0442214 0.0462591 0.0420790 0.0451351 0.0436614 0.0446059 0.0462675 0.0429109 0.0248330 0.0457875 0.0476306 0.0438111 0.0255810 0.0256666 0.2253024 0.0150791 0.0124623 0.0141364 0.2745087 0.0410886 0.0551617 0.0137367 0.0285080 0.0245658 0.0136757 0.0638397 0.0244398 0.0263514 0.0232426 0.0055608 0.0060994 0.0130259 0.0119354 0.0077750 0.0076255 0.0069835 0.0071413 0.0087832 0.0060334 0.0051712 0.0066342 0.0063074 0.3049801 0.0075061 0.0447348 0.0069803 0.0456773 
Dleu_RYR2         0.0568743 0.0380287 0.0395511 0.0598499 0.0534697 0.0542411 0.0528169 0.0610686 0.0527986 0.0533676 0.0565286 0.0561571 0.2043181 0.0285481 0.0277689 0.0549344 0.0236356 0.0245838 0.0236419 0.0234109 0.0226676 0.0000000 0.0468475 0.3067869 0.0449621 0.0479587 0.0551732 0.0211743 0.0213507 0.0207265 0.0219115 0.0344441 0.1666047 0.0372767 0.0639207 0.0579454 0.0256783 0.0261104 0.0280360 0.0253340 0.0228916 0.0230959 0.0294274 0.0251067 0.0260097 0.0377603 0.0372627 0.0365225 0.0405281 0.0337617 0.0368936 0.0341516 0.0362067 0.0385402 0.0349732 0.0067198 0.0378580 0.0405327 0.0355688 0.0155975 0.0129395 0.2094270 0.0245611 0.0233868 0.0262088 0.2660310 0.0338726 0.0486329 0.0229960 0.0125527 0.0130858 0.0220251 0.0568243 0.0125833 0.0198789 0.0118276 0.0241392 0.0242624 0.0234168 0.0220369 0.0240787 0.0245992 0.0235567 0.0220554 0.0230456 0.0240261 0.0226191 0.0237492 0.0242170 0.2848483 0.0236375 0.0368084 0.0256578 0.0393904 
EausAUS_RYR2      0.0333379 0.0483589 0.0493145 0.0353616 0.0311618 0.0307538 0.0298582 0.0373684 0.0300654 0.0294045 0.0339304 0.0309129 0.1995603 0.0562151 0.0563711 0.0332677 0.0551165 0.0567016 0.0547585 0.0556966 0.0554064 0.0468475 0.0000000 0.3008421 0.0049036 0.0047866 0.0305829 0.0498471 0.0504753 0.0498420 0.0506065 0.0434486 0.1573811 0.0563638 0.0650118 0.0607240 0.0551085 0.0521104 0.0578211 0.0556017 0.0542801 0.0544198 0.0559381 0.0558163 0.0564849 0.0481392 0.0467857 0.0455188 0.0484583 0.0454562 0.0460623 0.0435050 0.0437087 0.0484086 0.0434888 0.0498690 0.0471830 0.0500426 0.0458388 0.0466657 0.0473695 0.2042397 0.0545128 0.0535803 0.0513970 0.2552039 0.0531921 0.0462573 0.0518676 0.0491104 0.0475374 0.0503047 0.0553632 0.0470891 0.0487759 0.0469198 0.0553053 0.0550886 0.0534832 0.0524093 0.0547219 0.0544583 0.0548928 0.0524851 0.0528838 0.0551741 0.0543606 0.0529970 0.0547408 0.2932968 0.0536532 0.0447617 0.0543630 0.0475927 
Ecab_RYR2         0.3125638 0.3272131 0.3323677 0.3339906 0.3097549 0.3106486 0.3154345 0.3223007 0.3295992 0.3148031 0.3232614 0.3120724 0.3781299 0.3402993 0.3314927 0.3285573 0.3271619 0.3468805 0.3255156 0.3215873 0.3310277 0.3067869 0.3008421 0.0000000 0.3106730 0.3061234 0.3244040 0.3261425 0.3249479 0.3268947 0.3202494 0.3100703 0.3749122 0.3145485 0.3433710 0.3380369 0.3338843 0.3332977 0.3299120 0.3271470 0.3452044 0.3312811 0.3316602 0.3300427 0.3335747 0.3319236 0.3072771 0.3069895 0.3156103 0.3177887 0.3128747 0.2943358 0.3153387 0.3108582 0.3097852 0.3106962 0.3164443 0.3190380 0.3162178 0.3189540 0.3147248 0.3806169 0.3317229 0.3300545 0.3270336 0.4500637 0.3329730 0.3257068 0.3328271 0.3386933 0.3189169 0.3284605 0.4049895 0.3218858 0.3332560 0.3222045 0.3234452 0.3287846 0.3287748 0.3279062 0.3299274 0.2903085 0.3275487 0.3288190 0.3287556 0.3452661 0.3268872 0.3252633 0.3239325 0.4197082 0.3192371 0.3106070 0.3259785 0.3070129 
Egla13086_RYR2    0.0293149 0.0474234 0.0487020 0.0315238 0.0292105 0.0284686 0.0281166 0.0355427 0.0302235 0.0254876 0.0315793 0.0285509 0.2005951 0.0555249 0.0553496 0.0315023 0.0548032 0.0553477 0.0551091 0.0553122 0.0546793 0.0449621 0.0049036 0.3106730 0.0000000 0.0018624 0.0286362 0.0495904 0.0498730 0.0491330 0.0501897 0.0431415 0.1562727 0.0553858 0.0638082 0.0593251 0.0542818 0.0520888 0.0577358 0.0561004 0.0538726 0.0536247 0.0550008 0.0543406 0.0557280 0.0470693 0.0459081 0.0438301 0.0468575 0.0434156 0.0450870 0.0424864 0.0439718 0.0469630 0.0421155 0.0484297 0.0467177 0.0499581 0.0448089 0.0447673 0.0454482 0.2045726 0.0534922 0.0520839 0.0518174 0.2592153 0.0518833 0.0450522 0.0514142 0.0481877 0.0453696 0.0496065 0.0549728 0.0460342 0.0467081 0.0457259 0.0549707 0.0546252 0.0530015 0.0513450 0.0538082 0.0533934 0.0544824 0.0523513 0.0525643 0.0552812 0.0539252 0.0534819 0.0553404 0.2981402 0.0536657 0.0443369 0.0541823 0.0462246 
Ejap43864_RYR2    0.0320382 0.0485030 0.0504280 0.0343710 0.0307359 0.0300031 0.0291497 0.0366637 0.0306962 0.0268931 0.0326482 0.0300499 0.2015184 0.0573334 0.0574466 0.0333349 0.0562759 0.0569568 0.0565084 0.0568171 0.0563596 0.0479587 0.0047866 0.3061234 0.0018624 0.0000000 0.0300795 0.0512732 0.0516163 0.0500960 0.0515791 0.0444149 0.1565604 0.0572551 0.0649818 0.0618589 0.0553759 0.0531221 0.0595013 0.0574201 0.0548217 0.0549840 0.0567987 0.0565943 0.0579643 0.0483861 0.0466615 0.0450226 0.0479855 0.0450212 0.0468548 0.0428217 0.0447285 0.0481920 0.0434499 0.0502889 0.0482385 0.0505594 0.0465558 0.0475127 0.0479798 0.2017465 0.0549178 0.0533652 0.0526086 0.2599232 0.0541585 0.0473268 0.0526920 0.0503425 0.0479191 0.0512529 0.0564671 0.0480542 0.0494244 0.0474101 0.0565297 0.0562014 0.0541675 0.0527902 0.0550763 0.0554889 0.0559040 0.0531056 0.0537473 0.0561275 0.0553479 0.0548945 0.0563454 0.2983099 0.0552495 0.0453260 0.0554419 0.0470197 
Erob133443_RYR2   0.0255088 0.0513747 0.0596118 0.0200799 0.0230278 0.0234494 0.0232278 0.0308419 0.0442131 0.0232383 0.0187111 0.0233527 0.2157089 0.0655528 0.0659930 0.0357335 0.0633936 0.0592006 0.0627093 0.0643677 0.0577420 0.0551732 0.0305829 0.3244040 0.0286362 0.0300795 0.0000000 0.0590338 0.0592307 0.0588228 0.0597516 0.0516798 0.1650568 0.0676601 0.0731271 0.0685586 0.0645223 0.0605331 0.0660846 0.0654179 0.0577042 0.0615690 0.0649275 0.0643899 0.0655975 0.0526580 0.0548310 0.0530121 0.0557808 0.0532082 0.0544129 0.0538826 0.0523721 0.0563313 0.0525285 0.0578961 0.0564770 0.0593362 0.0539341 0.0551085 0.0554679 0.2174153 0.0630744 0.0617989 0.0608455 0.2787673 0.0635690 0.0548359 0.0606899 0.0593409 0.0550284 0.0595135 0.0600757 0.0556189 0.0573770 0.0552066 0.0634046 0.0630145 0.0624806 0.0609424 0.0627046 0.0635336 0.0630167 0.0595535 0.0596730 0.0641945 0.0619188 0.0621385 0.0641875 0.3096574 0.0626071 0.0522203 0.0632230 0.0557938 
Fatt_RYR2         0.0588368 0.0434606 0.0439730 0.0633820 0.0563474 0.0568465 0.0565376 0.0660035 0.0629372 0.0568662 0.0614394 0.0566915 0.2160728 0.0163003 0.0157312 0.0583351 0.0134649 0.0137581 0.0136611 0.0142524 0.0128877 0.0211743 0.0498471 0.3261425 0.0495904 0.0512732 0.0590338 0.0000000 0.0039705 0.0015568 0.0026216 0.0384973 0.1618390 0.0405386 0.0669406 0.0634378 0.0154636 0.0119840 0.0159144 0.0148093 0.0128804 0.0116671 0.0149388 0.0149285 0.0145052 0.0398125 0.0412481 0.0401519 0.0433478 0.0377100 0.0407769 0.0404251 0.0411833 0.0415494 0.0377251 0.0242212 0.0428686 0.0437219 0.0401546 0.0233004 0.0234724 0.2226095 0.0142123 0.0116916 0.0131274 0.2706858 0.0394644 0.0503826 0.0043110 0.0249273 0.0226560 0.0029196 0.0576533 0.0223949 0.0247538 0.0206688 0.0128887 0.0128375 0.0073747 0.0063850 0.0135598 0.0144645 0.0130492 0.0116936 0.0106244 0.0124420 0.0126002 0.0133864 0.0128979 0.2969867 0.0127994 0.0406538 0.0124299 0.0405416 
Ggri_RYR2         0.0592275 0.0434313 0.0442876 0.0632412 0.0573334 0.0572910 0.0568000 0.0669849 0.0620979 0.0570034 0.0619777 0.0573902 0.2130361 0.0155168 0.0149828 0.0579483 0.0127333 0.0137654 0.0129424 0.0135356 0.0122956 0.0213507 0.0504753 0.3249479 0.0498730 0.0516163 0.0592307 0.0039705 0.0000000 0.0033361 0.0043705 0.0385591 0.1623512 0.0418190 0.0658198 0.0626940 0.0162434 0.0124036 0.0156482 0.0145195 0.0127629 0.0115609 0.0148961 0.0143064 0.0140372 0.0399432 0.0413176 0.0401842 0.0431816 0.0377711 0.0408164 0.0397761 0.0412064 0.0416005 0.0376817 0.0241555 0.0428715 0.0437377 0.0401886 0.0237073 0.0238944 0.2199019 0.0149942 0.0125032 0.0126413 0.2681345 0.0395394 0.0503674 0.0061327 0.0252467 0.0230757 0.0042652 0.0579942 0.0221499 0.0251594 0.0206984 0.0123836 0.0123642 0.0082626 0.0076961 0.0134203 0.0127969 0.0129323 0.0118150 0.0114455 0.0117875 0.0120242 0.0133574 0.0128743 0.2949817 0.0122017 0.0406938 0.0123981 0.0411322 
Gmac39091_RYR2    0.0578561 0.0418112 0.0435220 0.0626367 0.0572506 0.0577567 0.0569997 0.0664231 0.0591562 0.0559270 0.0612408 0.0575891 0.2142071 0.0160410 0.0150227 0.0578912 0.0125794 0.0125053 0.0128625 0.0135802 0.0122293 0.0207265 0.0498420 0.3268947 0.0491330 0.0500960 0.0588228 0.0015568 0.0033361 0.0000000 0.0013094 0.0380921 0.1594281 0.0415139 0.0656192 0.0619822 0.0150472 0.0117662 0.0158332 0.0147404 0.0134051 0.0116192 0.0142659 0.0143830 0.0143189 0.0388800 0.0411037 0.0392843 0.0428543 0.0374775 0.0404070 0.0398618 0.0406224 0.0405814 0.0376440 0.0232990 0.0419826 0.0432111 0.0396333 0.0226170 0.0226559 0.2197347 0.0140016 0.0118001 0.0129095 0.2685412 0.0389284 0.0501724 0.0035869 0.0244622 0.0218991 0.0017876 0.0566421 0.0216183 0.0235946 0.0202396 0.0129763 0.0129116 0.0073486 0.0063619 0.0127002 0.0138242 0.0133392 0.0106800 0.0108172 0.0122940 0.0119549 0.0136805 0.0127947 0.3012891 0.0122021 0.0402779 0.0122123 0.0401344 
Gmel_RYR2         0.0606588 0.0432565 0.0446673 0.0637425 0.0576477 0.0581268 0.0576037 0.0665612 0.0608435 0.0566130 0.0622100 0.0612314 0.2183753 0.0170796 0.0161380 0.0587965 0.0135529 0.0138808 0.0137455 0.0146264 0.0129823 0.0219115 0.0506065 0.3202494 0.0501897 0.0515791 0.0597516 0.0026216 0.0043705 0.0013094 0.0000000 0.0390573 0.1705908 0.0424445 0.0671067 0.0634912 0.0156329 0.0151648 0.0166628 0.0152555 0.0141592 0.0126009 0.0189851 0.0153446 0.0152076 0.0400955 0.0420464 0.0401991 0.0446873 0.0384558 0.0413212 0.0414360 0.0418986 0.0419752 0.0387156 0.0245368 0.0434026 0.0446404 0.0408671 0.0277647 0.0235712 0.2204639 0.0148690 0.0126273 0.0175078 0.2781559 0.0396805 0.0518721 0.0046838 0.0255984 0.0231699 0.0028900 0.0587073 0.0226851 0.0294789 0.0212626 0.0137952 0.0136689 0.0081354 0.0071773 0.0135338 0.0140055 0.0140603 0.0118046 0.0116735 0.0130596 0.0124682 0.0144032 0.0134484 0.2984834 0.0128960 0.0411998 0.0152769 0.0415729 
Hamp_RYR2         0.0516973 0.0186383 0.0191508 0.0577076 0.0494921 0.0508028 0.0504252 0.0583024 0.0562674 0.0502340 0.0560616 0.0506535 0.2001047 0.0462620 0.0468593 0.0537125 0.0428400 0.0437495 0.0429998 0.0435926 0.0432697 0.0344441 0.0434486 0.3100703 0.0431415 0.0444149 0.0516798 0.0384973 0.0385591 0.0380921 0.0390573 0.0000000 0.1540722 0.0439686 0.0604208 0.0576807 0.0433409 0.0415045 0.0475955 0.0452811 0.0427443 0.0425602 0.0452498 0.0448302 0.0458209 0.0111726 0.0103840 0.0098671 0.0120528 0.0101105 0.0111853 0.0125207 0.0102648 0.0127018 0.0087926 0.0381329 0.0120884 0.0135638 0.0104310 0.0359931 0.0359493 0.2101803 0.0426080 0.0411670 0.0412791 0.2581135 0.0431461 0.0445770 0.0400856 0.0382788 0.0357161 0.0391920 0.0534551 0.0347504 0.0370460 0.0325470 0.0432991 0.0436586 0.0417043 0.0397567 0.0436947 0.0417038 0.0430189 0.0404543 0.0409835 0.0434841 0.0425097 0.0424207 0.0435932 0.2875231 0.0419295 0.0128845 0.0429865 0.0147013 
Hippo_RYR2        0.1668594 0.1626662 0.1616967 0.1717388 0.1590386 0.1613923 0.1593664 0.1819072 0.1749100 0.1653286 0.1662842 0.1661740 0.2637987 0.1657393 0.1647509 0.1637825 0.1616018 0.1642899 0.1640696 0.1731991 0.1612478 0.1666047 0.1573811 0.3749122 0.1562727 0.1565604 0.1650568 0.1618390 0.1623512 0.1594281 0.1705908 0.1540722 0.0000000 0.1673442 0.1859813 0.1702910 0.1615698 0.1709737 0.1677513 0.1597549 0.1652584 0.1623736 0.1729778 0.1626242 0.1665077 0.1644465 0.1566510 0.1540966 0.1739137 0.1567578 0.1591391 0.1586887 0.1548769 0.1560714 0.1574567 0.1708429 0.1586553 0.1622688 0.1558681 0.1685124 0.1593737 0.2637573 0.1607074 0.1586746 0.1717003 0.3234647 0.1657018 0.1690151 0.1618256 0.1634624 0.1593837 0.1593117 0.1835723 0.1551585 0.1760929 0.1570732 0.1596862 0.1598027 0.1628662 0.1591422 0.1622088 0.1479605 0.1634319 0.1581675 0.1580619 0.1612982 0.1606034 0.1599366 0.1625971 0.3523724 0.1612694 0.1592230 0.1689835 0.1636849 
Igeo_RYR2         0.0658868 0.0465314 0.0488526 0.0710503 0.0661478 0.0660483 0.0660870 0.0745583 0.0787497 0.0665863 0.0726455 0.0670786 0.2156978 0.0503656 0.0479206 0.0642748 0.0447794 0.0445201 0.0451012 0.0450460 0.0446011 0.0372767 0.0563638 0.3145485 0.0553858 0.0572551 0.0676601 0.0405386 0.0418190 0.0415139 0.0424445 0.0439686 0.1673442 0.0000000 0.0739023 0.0683621 0.0453676 0.0424081 0.0489309 0.0466800 0.0427544 0.0437753 0.0450128 0.0445650 0.0459309 0.0491315 0.0476980 0.0464971 0.0475456 0.0466405 0.0475207 0.0481614 0.0457637 0.0479260 0.0469318 0.0398214 0.0492124 0.0512960 0.0459481 0.0385650 0.0379269 0.2254895 0.0431588 0.0427709 0.0440976 0.2552499 0.0371475 0.0580947 0.0428619 0.0402101 0.0369870 0.0418598 0.0657008 0.0378519 0.0392989 0.0381216 0.0450827 0.0452029 0.0444593 0.0431474 0.0453558 0.0426939 0.0431161 0.0437975 0.0437614 0.0442197 0.0431270 0.0427495 0.0434621 0.3003855 0.0433336 0.0478871 0.0449814 0.0484383 
Kbre_RYR2         0.0758962 0.0662370 0.0652127 0.0774557 0.0713115 0.0709315 0.0711384 0.0803652 0.0825645 0.0704671 0.0765260 0.0738152 0.2295461 0.0723811 0.0721099 0.0736123 0.0707857 0.0728492 0.0709133 0.0700591 0.0715222 0.0639207 0.0650118 0.3433710 0.0638082 0.0649818 0.0731271 0.0669406 0.0658198 0.0656192 0.0671067 0.0604208 0.1859813 0.0739023 0.0000000 0.0127647 0.0699145 0.0667185 0.0742464 0.0696674 0.0690557 0.0708424 0.0718053 0.0716406 0.0724398 0.0684907 0.0605342 0.0610765 0.0637522 0.0615841 0.0632422 0.0631279 0.0613590 0.0630183 0.0584039 0.0627894 0.0649772 0.0668931 0.0621270 0.0654192 0.0639941 0.2339083 0.0710292 0.0684288 0.0663948 0.2863794 0.0684891 0.0386792 0.0670438 0.0653724 0.0643008 0.0663209 0.0419653 0.0629459 0.0649976 0.0620863 0.0699972 0.0708107 0.0692131 0.0689629 0.0704061 0.0699498 0.0708807 0.0673352 0.0692067 0.0707767 0.0702926 0.0693329 0.0702506 0.3253472 0.0697950 0.0609241 0.0685090 0.0612726 
Ksim_RYR2         0.0709264 0.0612139 0.0626734 0.0745002 0.0677424 0.0675489 0.0675138 0.0762601 0.0817589 0.0662573 0.0724509 0.0677782 0.2162426 0.0688075 0.0687274 0.0705545 0.0673404 0.0690965 0.0676671 0.0676778 0.0673071 0.0579454 0.0607240 0.3380369 0.0593251 0.0618589 0.0685586 0.0634378 0.0626940 0.0619822 0.0634912 0.0576807 0.1702910 0.0683621 0.0127647 0.0000000 0.0676354 0.0631894 0.0709660 0.0672755 0.0666728 0.0667284 0.0681914 0.0676671 0.0693542 0.0680985 0.0585771 0.0580255 0.0600650 0.0587514 0.0597977 0.0595722 0.0597432 0.0613624 0.0566070 0.0601865 0.0619901 0.0636598 0.0603947 0.0608249 0.0615211 0.2198434 0.0668007 0.0646411 0.0646048 0.2775324 0.0649279 0.0358088 0.0641428 0.0624527 0.0611514 0.0621567 0.0351981 0.0598972 0.0623438 0.0586026 0.0672992 0.0674056 0.0665878 0.0654847 0.0671036 0.0661749 0.0666724 0.0634722 0.0645477 0.0679921 0.0660554 0.0663231 0.0666847 0.3165557 0.0658331 0.0580610 0.0659096 0.0594491 
Lacu_RYR2         0.0633752 0.0491877 0.0484874 0.0674051 0.0614078 0.0617321 0.0615626 0.0712270 0.0678557 0.0613181 0.0657195 0.0619934 0.2187332 0.0217646 0.0198564 0.0615723 0.0177865 0.0193176 0.0180323 0.0194165 0.0182230 0.0256783 0.0551085 0.3338843 0.0542818 0.0553759 0.0645223 0.0154636 0.0162434 0.0150472 0.0156329 0.0433409 0.1615698 0.0453676 0.0699145 0.0676354 0.0000000 0.0194119 0.0208909 0.0181740 0.0190182 0.0182489 0.0184718 0.0181029 0.0195259 0.0439662 0.0469036 0.0455079 0.0477325 0.0442216 0.0460107 0.0451195 0.0457779 0.0468858 0.0435705 0.0283710 0.0481824 0.0491395 0.0453981 0.0279092 0.0282943 0.2225567 0.0189637 0.0170404 0.0182485 0.2771010 0.0425878 0.0556551 0.0172721 0.0300485 0.0270689 0.0161381 0.0630793 0.0276639 0.0289404 0.0261220 0.0173144 0.0176769 0.0180621 0.0162617 0.0181407 0.0215927 0.0188763 0.0154102 0.0189140 0.0179752 0.0160175 0.0181467 0.0193747 0.3010959 0.0170185 0.0460073 0.0182242 0.0462108 
Lalb_RYR2         0.0631560 0.0469594 0.0467400 0.0651369 0.0589533 0.0591370 0.0589363 0.0710895 0.0623682 0.0594133 0.0645275 0.0620463 0.2234457 0.0202141 0.0182168 0.0598642 0.0137540 0.0148310 0.0139425 0.0164107 0.0134212 0.0261104 0.0521104 0.3332977 0.0520888 0.0531221 0.0605331 0.0119840 0.0124036 0.0117662 0.0151648 0.0415045 0.1709737 0.0424081 0.0667185 0.0631894 0.0194119 0.0000000 0.0186950 0.0164765 0.0146390 0.0141844 0.0202444 0.0164930 0.0168426 0.0435385 0.0438348 0.0416518 0.0467671 0.0402153 0.0430534 0.0432438 0.0432162 0.0431908 0.0415154 0.0262424 0.0438941 0.0461653 0.0423678 0.0277062 0.0244963 0.2266488 0.0155277 0.0137646 0.0146890 0.2771138 0.0401974 0.0530062 0.0133568 0.0279932 0.0241077 0.0126569 0.0626060 0.0239231 0.0273997 0.0222900 0.0133099 0.0136409 0.0132827 0.0128844 0.0132879 0.0166604 0.0133469 0.0124904 0.0123398 0.0130387 0.0119897 0.0132269 0.0136446 0.3079541 0.0133388 0.0429213 0.0153194 0.0441523 
Laus_RYR2         0.0673891 0.0532964 0.0526712 0.0713079 0.0646524 0.0658390 0.0650851 0.0734323 0.0690080 0.0660526 0.0699575 0.0658115 0.2208387 0.0035037 0.0029115 0.0642009 0.0156693 0.0167729 0.0165081 0.0166352 0.0153462 0.0280360 0.0578211 0.3299120 0.0577358 0.0595013 0.0660846 0.0159144 0.0156482 0.0158332 0.0166628 0.0475955 0.1677513 0.0489309 0.0742464 0.0709660 0.0208909 0.0186950 0.0000000 0.0060133 0.0158891 0.0143660 0.0056712 0.0059170 0.0049806 0.0497489 0.0505929 0.0492040 0.0515743 0.0477797 0.0504802 0.0495234 0.0492633 0.0501650 0.0478350 0.0304131 0.0501750 0.0514685 0.0484847 0.0305135 0.0308544 0.2260617 0.0206100 0.0179422 0.0184934 0.2739167 0.0464401 0.0592862 0.0191918 0.0334955 0.0303297 0.0171367 0.0683181 0.0297127 0.0315209 0.0286782 0.0163136 0.0157523 0.0166640 0.0153845 0.0164833 0.0179590 0.0166195 0.0149933 0.0168764 0.0162203 0.0157127 0.0158377 0.0177995 0.3062674 0.0169700 0.0492552 0.0173085 0.0495877 
Lbor_RYR2         0.0619119 0.0510617 0.0509104 0.0664378 0.0613254 0.0618188 0.0622390 0.0694722 0.0679845 0.0639169 0.0679684 0.0615159 0.2092523 0.0073772 0.0060615 0.0609463 0.0135508 0.0139905 0.0147226 0.0147409 0.0136938 0.0253340 0.0556017 0.3271470 0.0561004 0.0574201 0.0654179 0.0148093 0.0145195 0.0147404 0.0152555 0.0452811 0.1597549 0.0466800 0.0696674 0.0672755 0.0181740 0.0164765 0.0060133 0.0000000 0.0138865 0.0126367 0.0042828 0.0045870 0.0037031 0.0484901 0.0472609 0.0470402 0.0491994 0.0453693 0.0481476 0.0466981 0.0474726 0.0474228 0.0454488 0.0284189 0.0480305 0.0516172 0.0468754 0.0277317 0.0278665 0.2130396 0.0177524 0.0150796 0.0157440 0.2560951 0.0432185 0.0553807 0.0174621 0.0305004 0.0272703 0.0158835 0.0668413 0.0268493 0.0285582 0.0257190 0.0139583 0.0134756 0.0154048 0.0147376 0.0144229 0.0174215 0.0147455 0.0132048 0.0149649 0.0142665 0.0137545 0.0139910 0.0161460 0.2984932 0.0143922 0.0474903 0.0154718 0.0478314 
Lhos30470_RYR2    0.0602891 0.0450386 0.0463665 0.0599443 0.0619697 0.0615542 0.0612856 0.0688138 0.0678959 0.0611959 0.0596383 0.0619846 0.2234318 0.0170023 0.0146277 0.0621133 0.0074397 0.0081747 0.0077367 0.0088523 0.0069957 0.0228916 0.0542801 0.3452044 0.0538726 0.0548217 0.0577042 0.0128804 0.0127629 0.0134051 0.0141592 0.0427443 0.1652584 0.0427544 0.0690557 0.0666728 0.0190182 0.0146390 0.0158891 0.0138865 0.0000000 0.0042102 0.0141431 0.0129266 0.0147660 0.0434846 0.0451988 0.0436862 0.0461008 0.0410628 0.0447722 0.0415183 0.0435325 0.0456424 0.0421583 0.0249878 0.0455586 0.0472347 0.0441480 0.0247536 0.0243965 0.2271813 0.0161820 0.0138758 0.0128774 0.2856297 0.0401838 0.0543442 0.0150257 0.0277868 0.0241920 0.0140452 0.0651924 0.0236836 0.0255894 0.0226859 0.0076598 0.0075907 0.0126462 0.0117382 0.0101087 0.0081720 0.0059237 0.0073784 0.0101923 0.0072580 0.0074323 0.0061732 0.0069246 0.3145957 0.0091323 0.0451016 0.0078534 0.0432694 
