Supplemental results for CODEML (seqf: /home/leticiamagpali/phd/evol_models/codeml/big_dataset/cml_align/CNTNAP2_codon_aligned.phy  treef: /home/leticiamagpali/phd/evol_models/codeml/big_dataset/cml_trees/gene_trees/H1d_gene_trees/CNTNAP2_tree_H1d.tre)

I	J	ij	2Ns_IJ	pMut_IJ	pSub_IJ	2Ns_JI	pMut_JI	pSub_JI

TTC	TTT	CT	0.58067	0.06825	0.08997	-0.58067	0.12197	0.08997
TTA	TTT	AT	1.99291	0.00301	0.00695	-1.99291	0.02208	0.00695
TTA	TTC	AC	1.41224	0.00832	0.01554	-1.41224	0.03416	0.01554
TTG	TTT	GT	1.33092	0.00465	0.00842	-1.33092	0.01761	0.00842
TTG	TTC	GC	0.75025	0.01287	0.01829	-0.75025	0.02725	0.01829
TTG	TTA	GA	-0.66199	0.05928	0.04181	0.66199	0.03058	0.04181
TCT	TTT	CT	1.20715	0.03648	0.06282	-1.20715	0.12197	0.06282
TCC	TTC	CT	1.31779	0.05052	0.09091	-1.31779	0.18869	0.09091
TCC	TCT	CT	0.69131	0.05052	0.06998	-0.69131	0.10085	0.06998
TCA	TTA	CT	0.36793	0.02905	0.03473	-0.36793	0.04198	0.03473
TCA	TCT	AT	1.15370	0.00576	0.00971	-1.15370	0.01826	0.00971
TCA	TCC	AC	0.46239	0.01593	0.01989	-0.46239	0.02529	0.01989
TCG	TTG	CT	1.05812	0.02253	0.03651	-1.05812	0.06491	0.03651
TCG	TCT	GT	1.18188	0.00447	0.00761	-1.18188	0.01456	0.00761
TCG	TCC	GC	0.49057	0.01235	0.01563	-0.49057	0.02017	0.01563
TCG	TCA	GA	0.02819	0.05689	0.05769	-0.02819	0.05852	0.05769
TAT	TTT	AT	1.22589	0.00648	0.01125	-1.22589	0.02208	0.01125
TAT	TCT	AC	0.01874	0.01792	0.01809	-0.01874	0.01826	0.01809
TAC	TTC	AT	0.77543	0.01573	0.02261	-0.77543	0.03416	0.02261
TAC	TCC	AC	-0.54236	0.04350	0.03276	0.54236	0.02529	0.03276
TAC	TAT	CT	0.13021	0.07935	0.08463	-0.13021	0.09039	0.08463
TGT	TTT	GT	1.51035	0.00389	0.00754	-1.51035	0.01761	0.00754
TGT	TCT	GC	0.30320	0.01076	0.01247	-0.30320	0.01456	0.01247
TGT	TAT	GA	0.28447	0.04954	0.05692	-0.28447	0.06584	0.05692
TGC	TTC	GT	1.05415	0.00950	0.01537	-1.05415	0.02725	0.01537
TGC	TCC	GC	-0.26364	0.02626	0.02295	0.26364	0.02017	0.02295
TGC	TAC	GA	0.27872	0.12094	0.13858	-0.27872	0.15982	0.13858
TGC	TGT	CT	0.12447	0.04790	0.05094	-0.12447	0.05425	0.05094
TGG	TTG	GT	0.10284	0.00846	0.00890	-0.10284	0.00937	0.00890
TGG	TCG	GC	-0.95527	0.02338	0.01397	0.95527	0.00900	0.01397
TGG	TGT	GT	-0.07659	0.00846	0.00814	0.07659	0.00783	0.00814
TGG	TGC	GC	-0.20106	0.02338	0.02111	0.20106	0.01913	0.02111
CTT	TTT	CT	1.84595	0.01926	0.04221	-1.84595	0.12197	0.04221
CTC	TTC	CT	1.39253	0.04688	0.08686	-1.39253	0.18869	0.08686
CTC	CTT	CT	0.12725	0.04688	0.04993	-0.12725	0.05324	0.04993
CTA	TTA	CT	1.46488	0.00970	0.01848	-1.46488	0.04198	0.01848
CTA	CTT	AT	1.61184	0.00192	0.00387	-1.61184	0.00964	0.00387
CTA	CTC	AC	1.48459	0.00532	0.01021	-1.48459	0.02347	0.01021
CTG	TTG	CT	-0.11448	0.07278	0.06870	0.11448	0.06491	0.06870
CTG	CTT	GT	-0.62951	0.01443	0.01036	0.62951	0.00769	0.01036
CTG	CTC	GC	-0.75676	0.03990	0.02669	0.75676	0.01872	0.02669
CTG	CTA	GA	-2.24135	0.18377	0.04900	2.24135	0.01954	0.04900
CCT	TCT	CT	1.18453	0.03085	0.05265	-1.18453	0.10085	0.05265
CCT	CTT	CT	0.54573	0.03085	0.04003	-0.54573	0.05324	0.04003
CCC	TCC	CT	1.23379	0.04067	0.07079	-1.23379	0.13968	0.07079
CCC	CTC	CT	1.15906	0.04067	0.06870	-1.15906	0.12962	0.06870
CCC	CCT	CT	0.74058	0.04067	0.05757	-0.74058	0.08529	0.05757
CCA	TCA	CT	1.01117	0.02922	0.04645	-1.01117	0.08033	0.04645
CCA	CTA	CT	-0.08578	0.02922	0.02799	0.08578	0.02682	0.02799
CCA	CCT	AT	0.98033	0.00579	0.00909	-0.98033	0.01544	0.00909
CCA	CCC	AC	0.23976	0.01602	0.01802	-0.23976	0.02036	0.01802
CCG	TCG	CT	1.72642	0.01108	0.02328	-1.72642	0.06229	0.02328
CCG	CTG	CT	2.89901	0.01108	0.03400	-2.89901	0.20123	0.03400
CCG	CCT	GT	1.72377	0.00220	0.00461	-1.72377	0.01232	0.00461
CCG	CCC	GC	0.98320	0.00608	0.00954	-0.98320	0.01624	0.00954
CCG	CCA	GA	0.74344	0.02799	0.03966	-0.74344	0.05886	0.03966
CAT	TAT	CT	1.25170	0.02585	0.04532	-1.25170	0.09039	0.04532
CAT	CTT	AT	0.63164	0.00513	0.00691	-0.63164	0.00964	0.00691
CAT	CCT	AC	0.08591	0.01417	0.01479	-0.08591	0.01544	0.01479
CAC	TAC	CT	1.42767	0.05263	0.09884	-1.42767	0.21940	0.09884
CAC	CTC	AT	0.81057	0.01043	0.01523	-0.81057	0.02347	0.01523
CAC	CCC	AC	-0.34849	0.02885	0.02411	0.34849	0.02036	0.02411
CAC	CAT	CT	0.30618	0.05263	0.06110	-0.30618	0.07148	0.06110
CAA	CTA	AT	-0.40944	0.00731	0.00592	0.40944	0.00486	0.00592
CAA	CCA	AC	-0.32366	0.02022	0.01712	0.32366	0.01463	0.01712
CAA	CAT	AT	0.57077	0.00731	0.00960	-0.57077	0.01294	0.00960
CAA	CAC	AC	0.26459	0.02022	0.02301	-0.26459	0.02635	0.02301
CAG	CTG	AT	0.91463	0.01460	0.02228	-0.91463	0.03643	0.02228
CAG	CCG	AC	-1.98438	0.04036	0.01276	1.98438	0.00555	0.01276
CAG	CAT	GT	-0.34652	0.01460	0.01221	0.34652	0.01032	0.01221
CAG	CAC	GC	-0.65270	0.04036	0.02861	0.65270	0.02101	0.02861
CAG	CAA	GA	-0.91729	0.18591	0.11350	0.91729	0.07429	0.11350
CGT	TGT	CT	2.18734	0.00609	0.01500	-2.18734	0.05425	0.01500
CGT	CTT	GT	1.85174	0.00121	0.00265	-1.85174	0.00769	0.00265
CGT	CCT	GC	1.30601	0.00334	0.00598	-1.30601	0.01232	0.00598
CGT	CAT	GA	1.22010	0.01537	0.02661	-1.22010	0.05207	0.02661
CGC	TGC	CT	1.63365	0.02585	0.05248	-1.63365	0.13243	0.05248
CGC	CTC	GT	1.29527	0.00513	0.00914	-1.29527	0.01872	0.00914
CGC	CCC	GC	0.13621	0.01417	0.01516	-0.13621	0.01624	0.01516
CGC	CAC	GA	0.48470	0.06528	0.08237	-0.48470	0.10599	0.08237
CGC	CGT	CT	-0.42922	0.02585	0.02070	0.42922	0.01683	0.02070
CGA	CTA	GT	1.18219	0.00119	0.00202	-1.18219	0.00387	0.00202
CGA	CCA	GC	1.26796	0.00328	0.00579	-1.26796	0.01167	0.00579
CGA	CAA	GA	1.59162	0.01513	0.03023	-1.59162	0.07429	0.03023
CGA	CGT	AT	0.94229	0.00119	0.00183	-0.94229	0.00305	0.00183
CGA	CGC	AC	1.37151	0.00328	0.00603	-1.37151	0.01294	0.00603
CGG	TGG	CT	1.87880	0.01802	0.03996	-1.87880	0.11795	0.03996
CGG	CTG	GT	2.09611	0.00357	0.00854	-2.09611	0.02906	0.00854
CGG	CCG	GC	-0.80290	0.00988	0.00644	0.80290	0.00443	0.00644
CGG	CAG	GA	1.18149	0.04550	0.07755	-1.18149	0.14829	0.07755
CGG	CGT	GT	-0.38513	0.00357	0.00293	0.38513	0.00243	0.00293
CGG	CGC	GC	0.04409	0.00988	0.01010	-0.04409	0.01032	0.01010
CGG	CGA	GA	-1.32742	0.04550	0.02179	1.32742	0.01206	0.02179
ATT	TTT	AT	1.05201	0.00771	0.01247	-1.05201	0.02208	0.01247
ATT	CTT	AC	-0.79394	0.02132	0.01397	0.79394	0.00964	0.01397
ATC	TTC	AT	1.02434	0.01227	0.01960	-1.02434	0.03416	0.01960
ATC	CTC	AC	-0.36818	0.03391	0.02805	0.36818	0.02347	0.02805
ATC	ATT	CT	0.55301	0.06187	0.08054	-0.55301	0.10756	0.08054
ATA	TTA	AT	0.43606	0.00491	0.00606	-0.43606	0.00760	0.00606
ATA	CTA	AC	-1.02882	0.01359	0.00778	1.02882	0.00486	0.00778
ATA	ATT	AT	1.37696	0.00491	0.00905	-1.37696	0.01947	0.00905
ATA	ATC	AC	0.82395	0.01359	0.01994	-0.82395	0.03097	0.01994
ATG	TTG	AT	0.51595	0.00702	0.00898	-0.51595	0.01175	0.00898
ATG	CTG	AC	0.63042	0.01940	0.02615	-0.63042	0.03643	0.02615
ATG	ATT	GT	0.79486	0.00702	0.01017	-0.79486	0.01553	0.01017
ATG	ATC	GC	0.24185	0.01940	0.02184	-0.24185	0.02470	0.02184
ATG	ATA	GA	-0.58210	0.08934	0.06585	0.58210	0.04992	0.06585
ACT	TCT	AT	1.32837	0.00484	0.00874	-1.32837	0.01826	0.00874
ACT	CCT	AC	0.14384	0.01337	0.01436	-0.14384	0.01544	0.01436
ACT	ATT	CT	1.48351	0.02440	0.04681	-1.48351	0.10756	0.04681
ACC	TCC	AT	0.66161	0.01305	0.01784	-0.66161	0.02529	0.01784
ACC	CCC	AC	-0.57219	0.03608	0.02674	0.57219	0.02036	0.02674
ACC	ATC	CT	0.95505	0.06582	0.10218	-0.95505	0.17106	0.10218
ACC	ACT	CT	0.02455	0.06582	0.06663	-0.02455	0.06746	0.06663
ACA	TCA	AT	0.87576	0.00606	0.00909	-0.87576	0.01454	0.00909
ACA	CCA	AC	-0.13540	0.01675	0.01564	0.13540	0.01463	0.01564
ACA	ATA	CT	0.80764	0.03056	0.04454	-0.80764	0.06853	0.04454
ACA	ACT	AT	0.70109	0.00606	0.00843	-0.70109	0.01221	0.00843
ACA	ACC	AC	0.67654	0.01675	0.02305	-0.67654	0.03295	0.02305
ACG	TCG	AT	0.92193	0.00449	0.00687	-0.92193	0.01128	0.00687
ACG	CCG	AC	-0.80449	0.01240	0.00808	0.80449	0.00555	0.00808
ACG	ATG	CT	1.46409	0.02263	0.04310	-1.46409	0.09783	0.04310
ACG	ACT	GT	0.77544	0.00449	0.00645	-0.77544	0.00974	0.00645
ACG	ACC	GC	0.75089	0.01240	0.01764	-0.75089	0.02628	0.01764
ACG	ACA	GA	0.07435	0.05713	0.05928	-0.07435	0.06154	0.05928
AAT	TAT	AT	0.43412	0.01060	0.01307	-0.43412	0.01637	0.01307
AAT	CAT	AC	-0.81758	0.02931	0.01895	0.81758	0.01294	0.01895
AAT	ATT	AT	0.60799	0.01060	0.01415	-0.60799	0.01947	0.01415
AAT	ACT	AC	-0.87552	0.02931	0.01833	0.87552	0.01221	0.01833
AAC	TAC	AT	0.80654	0.01773	0.02584	-0.80654	0.03972	0.02584
AAC	CAC	AC	-0.62113	0.04903	0.03537	0.62113	0.02635	0.03537
AAC	ATC	AT	0.55762	0.01773	0.02313	-0.55762	0.03097	0.02313
AAC	ACC	AC	-0.39743	0.04903	0.03993	0.39743	0.03295	0.03993
AAC	AAT	CT	0.50264	0.08944	0.11380	-0.50264	0.14786	0.11380
AAA	CAA	AC	-0.54812	0.03195	0.02399	0.54812	0.01847	0.02399
AAA	ATA	AT	0.07127	0.01155	0.01197	-0.07127	0.01241	0.01197
AAA	ACA	AC	-0.73638	0.03195	0.02161	0.73638	0.01530	0.02161
AAA	AAT	AT	0.84023	0.01155	0.01708	-0.84023	0.02677	0.01708
AAA	AAC	AC	0.33760	0.03195	0.03764	-0.33760	0.04478	0.03764
AAG	CAG	AC	0.15942	0.03143	0.03400	-0.15942	0.03686	0.03400
AAG	ATG	AT	0.44362	0.01137	0.01407	-0.44362	0.01771	0.01407
AAG	ACG	AC	-1.02048	0.03143	0.01807	1.02048	0.01133	0.01807
AAG	AAT	GT	0.63048	0.01137	0.01532	-0.63048	0.02135	0.01532
AAG	AAC	GC	0.12785	0.03143	0.03348	-0.12785	0.03571	0.03348
AAG	AAA	GA	-0.20975	0.14476	0.13011	0.20975	0.11737	0.13011
AGT	TGT	AT	0.14272	0.00852	0.00914	-0.14272	0.00982	0.00914
AGT	CGT	AC	-2.04462	0.02354	0.00716	2.04462	0.00305	0.00716
AGT	ATT	GT	0.60107	0.00852	0.01133	-0.60107	0.01553	0.01133
AGT	ACT	GC	-0.88245	0.02354	0.01466	0.88245	0.00974	0.01466
AGT	AAT	GA	-0.00693	0.10845	0.10807	0.00693	0.10770	0.10807
AGC	TGC	AT	0.64209	0.01262	0.01710	-0.64209	0.02398	0.01710
AGC	CGC	AC	-0.99156	0.03488	0.02040	0.99156	0.01294	0.02040
AGC	ATC	GT	0.67189	0.01262	0.01733	-0.67189	0.02470	0.01733
AGC	ACC	GC	-0.28316	0.03488	0.03018	0.28316	0.02628	0.03018
AGC	AAC	GA	0.11427	0.16068	0.17004	-0.11427	0.18014	0.17004
AGC	AGT	CT	0.62384	0.06364	0.08554	-0.62384	0.11875	0.08554
AGA	CGA	AC	-1.58263	0.01460	0.00597	1.58263	0.00300	0.00597
AGA	ATA	GT	0.62838	0.00528	0.00711	-0.62838	0.00990	0.00711
AGA	ACA	GC	-0.17926	0.01460	0.01333	0.17926	0.01220	0.01333
AGA	AAA	GA	0.55712	0.06724	0.08770	-0.55712	0.11737	0.08770
AGA	AGT	AT	1.40428	0.00528	0.00983	-1.40428	0.02150	0.00983
AGA	AGC	AC	0.78044	0.01460	0.02103	-0.78044	0.03186	0.02103
AGG	TGG	AT	1.25827	0.00607	0.01067	-1.25827	0.02136	0.01067
AGG	CGG	AC	-0.62053	0.01678	0.01211	0.62053	0.00902	0.01211
AGG	ATG	GT	0.84516	0.00607	0.00899	-0.84516	0.01413	0.00899
AGG	ACG	GC	-0.61893	0.01678	0.01212	0.61893	0.00904	0.01212
AGG	AAG	GA	0.40154	0.07728	0.09383	-0.40154	0.11547	0.09383
AGG	AGT	GT	1.03896	0.00607	0.00976	-1.03896	0.01715	0.00976
AGG	AGC	GC	0.41512	0.01678	0.02050	-0.41512	0.02541	0.02050
AGG	AGA	GA	-0.36532	0.07728	0.06402	0.36532	0.05363	0.06402
GTT	TTT	GT	1.22794	0.00516	0.00896	-1.22794	0.01761	0.00896
GTT	CTT	GC	-0.61801	0.01426	0.01031	0.61801	0.00769	0.01031
GTT	ATT	GA	0.17593	0.06571	0.07166	-0.17593	0.07835	0.07166
GTC	TTC	GT	1.12549	0.00884	0.01473	-1.12549	0.02725	0.01473
GTC	CTC	GC	-0.26703	0.02445	0.02133	0.26703	0.01872	0.02133
GTC	ATC	GA	0.10115	0.11261	0.11841	-0.10115	0.12460	0.11841
GTC	GTT	CT	0.47823	0.04460	0.05611	-0.47823	0.07195	0.05611
GTA	TTA	GT	0.78509	0.00276	0.00399	-0.78509	0.00606	0.00399
GTA	CTA	GC	-0.67979	0.00764	0.00534	0.67979	0.00387	0.00534
GTA	ATA	GA	0.34903	0.03521	0.04171	-0.34903	0.04992	0.04171
GTA	GTT	AT	1.55007	0.00276	0.00544	-1.55007	0.01303	0.00544
GTA	GTC	AC	1.07184	0.00764	0.01246	-1.07184	0.02233	0.01246
GTG	TTG	GT	-0.39781	0.01395	0.01136	0.39781	0.00937	0.01136
GTG	CTG	GC	-0.28334	0.03858	0.03337	0.28334	0.02906	0.03337
GTG	ATG	GA	-0.91376	0.17771	0.10871	0.91376	0.07126	0.10871
GTG	GTT	GT	-0.29483	0.01395	0.01200	0.29483	0.01039	0.01200
GTG	GTC	GC	-0.77306	0.03858	0.02557	0.77306	0.01781	0.02557
GTG	GTA	GA	-1.84490	0.17771	0.06154	1.84490	0.02809	0.06154
GCT	TCT	GT	1.14386	0.00464	0.00779	-1.14386	0.01456	0.00779
GCT	CCT	GC	-0.04067	0.01283	0.01257	0.04067	0.01232	0.01257
GCT	ACT	GA	-0.18450	0.05909	0.05381	0.18450	0.04914	0.05381
GCT	GTT	CT	1.12308	0.02340	0.03896	-1.12308	0.07195	0.03896
GCC	TCC	GT	0.42998	0.01312	0.01614	-0.42998	0.02017	0.01614
GCC	CCC	GC	-0.80381	0.03628	0.02363	0.80381	0.01624	0.02363
GCC	ACC	GA	-0.23162	0.16711	0.14851	0.23162	0.13256	0.14851
GCC	GTC	CT	0.62228	0.06619	0.08890	-0.62228	0.12331	0.08890
GCC	GCT	CT	-0.02257	0.06619	0.06544	0.02257	0.06471	0.06544
GCA	TCA	GT	0.71694	0.00566	0.00794	-0.71694	0.01160	0.00794
GCA	CCA	GC	-0.29422	0.01566	0.01347	0.29422	0.01167	0.01347
GCA	ACA	GA	-0.15882	0.07214	0.06656	0.15882	0.06154	0.06656
GCA	GTA	CT	0.29979	0.02857	0.03307	-0.29979	0.03856	0.03307
GCA	GCT	AT	0.72678	0.00566	0.00797	-0.72678	0.01172	0.00797
GCA	GCC	AC	0.74935	0.01566	0.02225	-0.74935	0.03313	0.02225
GCG	TCG	GT	1.17638	0.00277	0.00472	-1.17638	0.00900	0.00472
GCG	CCG	GC	-0.55004	0.00767	0.00575	0.55004	0.00443	0.00575
GCG	ACG	GA	0.25445	0.03533	0.04002	-0.25445	0.04557	0.04002
GCG	GTG	CT	2.63231	0.01399	0.03969	-2.63231	0.19459	0.03969
GCG	GCT	GT	1.21439	0.00277	0.00479	-1.21439	0.00934	0.00479
GCG	GCC	GC	1.23697	0.00767	0.01337	-1.23697	0.02643	0.01337
GCG	GCA	GA	0.48762	0.03533	0.04465	-0.48762	0.05754	0.04465
GAT	TAT	GT	-0.04437	0.01365	0.01335	0.04437	0.01305	0.01335
GAT	CAT	GC	-1.29607	0.03773	0.01842	1.29607	0.01032	0.01842
GAT	AAT	GA	-0.47848	0.17379	0.13551	0.47848	0.10770	0.13551
GAT	GTT	AT	-0.04642	0.01365	0.01333	0.04642	0.01303	0.01333
GAT	GCT	AC	-1.16950	0.03773	0.01987	1.16950	0.01172	0.01987
GAC	TAC	GT	0.77168	0.01465	0.02102	-0.77168	0.03169	0.02102
GAC	CAC	GC	-0.65598	0.04049	0.02865	0.65598	0.02101	0.02865
GAC	AAC	GA	-0.03486	0.18653	0.18329	0.03486	0.18014	0.18329
GAC	GTC	AT	0.42161	0.01465	0.01795	-0.42161	0.02233	0.01795
GAC	GCC	AC	-0.20066	0.04049	0.03657	0.20066	0.03313	0.03657
GAC	GAT	CT	0.94626	0.07387	0.11426	-0.94626	0.19030	0.11426
GAA	CAA	GC	-0.58464	0.02643	0.01945	0.58464	0.01473	0.01945
GAA	AAA	GA	-0.03652	0.12174	0.11953	0.03652	0.11737	0.11953
GAA	GTA	AT	-0.31429	0.00956	0.00814	0.31429	0.00698	0.00814
GAA	GCA	AC	-0.61408	0.02643	0.01914	0.61408	0.01430	0.01914
GAA	GAT	AT	1.28219	0.00956	0.01696	-1.28219	0.03446	0.01696
GAA	GAC	AC	0.33593	0.02643	0.03112	-0.33593	0.03698	0.03112
GAG	CAG	GC	-0.26274	0.03823	0.03343	0.26274	0.02940	0.03343
GAG	AAG	GA	-0.42216	0.17612	0.14155	0.42216	0.11547	0.14155
GAG	GTG	AT	0.93522	0.01383	0.02129	-0.93522	0.03523	0.02129
GAG	GCG	AC	-1.69708	0.03823	0.01456	1.69708	0.00701	0.01456
GAG	GAT	GT	0.68681	0.01383	0.01912	-0.68681	0.02748	0.01912
GAG	GAC	GC	-0.25945	0.03823	0.03349	0.25945	0.02950	0.03349
GAG	GAA	GA	-0.59538	0.17612	0.12886	0.59538	0.09710	0.12886
GGT	TGT	GT	0.50836	0.00471	0.00601	-0.50836	0.00783	0.00601
GGT	CGT	GC	-1.67898	0.01303	0.00502	1.67898	0.00243	0.00502
GGT	AGT	GA	0.36563	0.06001	0.07165	-0.36563	0.08650	0.07165
GGT	GTT	GT	0.79077	0.00471	0.00682	-0.79077	0.01039	0.00682
GGT	GCT	GC	-0.33231	0.01303	0.01098	0.33231	0.00934	0.01098
GGT	GAT	GA	0.83719	0.06001	0.08860	-0.83719	0.13862	0.08860
GGC	TGC	GT	0.38743	0.01298	0.01566	-0.38743	0.01913	0.01566
GGC	CGC	GC	-1.24622	0.03589	0.01806	1.24622	0.01032	0.01806
GGC	AGC	GA	-0.25466	0.16534	0.14518	0.25466	0.12817	0.14518
GGC	GTC	GT	0.31608	0.01298	0.01514	-0.31608	0.01781	0.01514
GGC	GCC	GC	-0.30620	0.03589	0.03068	0.30620	0.02643	0.03068
GGC	GAC	GA	-0.10553	0.16534	0.15677	0.10553	0.14878	0.15677
GGC	GGT	CT	0.00354	0.06548	0.06560	-0.00354	0.06571	0.06560
GGA	CGA	GC	-2.62673	0.03308	0.00677	2.62673	0.00239	0.00677
GGA	AGA	GA	-1.04410	0.15236	0.08641	1.04410	0.05363	0.08641
GGA	GTA	GT	-0.76476	0.01196	0.00797	0.76476	0.00557	0.00797
GGA	GCA	GC	-1.06454	0.03308	0.01854	1.06454	0.01141	0.01854
GGA	GAA	GA	-0.45046	0.15236	0.12061	0.45046	0.09710	0.12061
GGA	GGT	AT	-0.00546	0.01196	0.01193	0.00546	0.01190	0.01193
GGA	GGC	AC	-0.00900	0.03308	0.03293	0.00900	0.03278	0.03293
GGG	TGG	GT	0.30781	0.01252	0.01455	-0.30781	0.01703	0.01455
GGG	CGG	GC	-1.57099	0.03462	0.01427	1.57099	0.00720	0.01427
GGG	AGG	GA	-0.95046	0.15946	0.09551	0.95046	0.06164	0.09551
GGG	GTG	GT	0.80846	0.01252	0.01826	-0.80846	0.02810	0.01826
GGG	GCG	GC	-1.82384	0.03462	0.01215	1.82384	0.00559	0.01215
GGG	GAG	GA	-0.12676	0.15946	0.14957	0.12676	0.14048	0.14957
GGG	GGT	GT	-0.27714	0.01252	0.01087	0.27714	0.00949	0.01087
GGG	GGC	GC	-0.28068	0.03462	0.02999	0.28068	0.02615	0.02999
GGG	GGA	GA	-0.27168	0.15946	0.13878	0.27168	0.12152	0.13878


Histograms
2Ns	FMut	FSub(CodonUsage)	FSubw(after w)

-2.76096	0.02050	0.00432
-2.48487	0.00000	0.00000
-2.20877	0.01277	0.00389
-1.93267	0.02609	0.00995
-1.65658	0.01933	0.00857
-1.38048	0.06296	0.03287
-1.10438	0.07315	0.04429
-0.82829	0.10371	0.07383
-0.55219	0.12980	0.10957
-0.27610	0.11798	0.11488
0.00000	0.17449	0.19565
0.27610	0.08944	0.11488
0.55219	0.07534	0.10957
0.82829	0.04436	0.07383
1.10438	0.02368	0.04429
1.38048	0.01593	0.03287
1.65658	0.00376	0.00857
1.93267	0.00400	0.00995
2.20877	0.00140	0.00389
2.48487	0.00000	0.00000
2.76096	0.00131	0.00432

Proportion of advantageous (S > 0) mutations:
 0.34319

Proportions of good & bad mutations (|S| > 2.0000) among mutations:
0.00285  0.03439

mean |Ns| = 0.71204	mean Ns+ = 0.51826	mean Ns- = -0.81330


MLEs of dN/dS (w) for site classes (K=4)

site class             0        1       2a       2b
proportion       0.51420  0.03736  0.41806  0.03037
background w     0.04828  1.09887  0.04828  1.09887
foreground w     0.04828  1.09887  0.00000  0.00000

Naive Empirical Bayes (NEB) probabilities for 4 classes
(amino acids refer to 1st sequence: Bacu)

   1 -   0.54030 0.01024 0.44057 0.00889 ( 1)
   2 -   0.54119 0.00930 0.44139 0.00812 ( 1)
   3 -   0.53951 0.01093 0.44002 0.00954 ( 1)
   4 -   0.54128 0.00920 0.44148 0.00804 ( 1)
   5 -   0.53732 0.01336 0.43787 0.01145 ( 1)
   6 -   0.54153 0.00894 0.44170 0.00782 ( 1)
   7 -   0.53358 0.01724 0.43459 0.01459 ( 1)
   8 -   0.53759 0.01308 0.43812 0.01122 ( 1)
   9 -   0.53604 0.01469 0.43675 0.01253 ( 1)
  10 -   0.53883 0.01177 0.43924 0.01016 ( 1)
  11 -   0.54068 0.00984 0.44091 0.00857 ( 1)
  12 -   0.54128 0.00921 0.44147 0.00804 ( 1)
  13 -   0.54351 0.00684 0.44359 0.00607 ( 1)
  14 -   0.54184 0.00863 0.44197 0.00756 ( 1)
  15 -   0.53666 0.01404 0.43729 0.01201 ( 1)
  16 -   0.54319 0.00719 0.44327 0.00636 ( 1)
  17 -   0.54285 0.00751 0.44300 0.00664 ( 1)
  18 -   0.53405 0.01676 0.43499 0.01420 ( 1)
  19 -   0.37052 0.17569 0.30205 0.15174 ( 1)
  20 -   0.53759 0.01308 0.43812 0.01122 ( 1)
  21 M   0.45825 0.08796 0.37431 0.07948 ( 1)
  22 S   0.53764 0.01302 0.43817 0.01117 ( 1)
  23 G   0.53874 0.01188 0.43914 0.01024 ( 1)
  24 S   0.54331 0.00707 0.44337 0.00625 ( 1)
  25 Y   0.53879 0.01183 0.43919 0.01019 ( 1)
  26 S   0.53772 0.01294 0.43823 0.01111 ( 1)
  27 P   0.53800 0.01265 0.43848 0.01087 ( 1)
  28 G   0.54121 0.00929 0.44139 0.00811 ( 1)
  29 Y   0.53879 0.01183 0.43919 0.01019 ( 1)
  30 A   0.53977 0.01081 0.44007 0.00936 ( 1)
  31 K   0.54180 0.00867 0.44194 0.00759 ( 1)
  32 I   0.54011 0.01045 0.44038 0.00906 ( 1)
  33 N   0.54185 0.00862 0.44199 0.00755 ( 1)
  34 K   0.54180 0.00867 0.44194 0.00759 ( 1)
  35 R   0.54415 0.00617 0.44419 0.00549 ( 1)
  36 G   0.53859 0.01203 0.43902 0.01037 ( 1)
  37 G   0.54463 0.00563 0.44469 0.00504 ( 1)
  38 A   0.54189 0.00858 0.44202 0.00751 ( 1)
  39 G   0.53859 0.01205 0.43899 0.01037 ( 1)
  40 G   0.53617 0.01456 0.43685 0.01242 ( 1)
  41 W   0.53139 0.01953 0.43267 0.01642 ( 1)
  42 S   0.53771 0.01295 0.43822 0.01111 ( 1)
  43 P   0.53732 0.01336 0.43787 0.01144 ( 1)
  44 S   0.53401 0.01680 0.43495 0.01423 ( 1)
  45 D   0.54321 0.00717 0.44328 0.00634 ( 1)
  46 S   0.54075 0.00977 0.44097 0.00850 ( 1)
  47 D   0.54321 0.00717 0.44328 0.00634 ( 1)
  48 H   0.54139 0.00910 0.44156 0.00795 ( 1)
  49 Y   0.53878 0.01183 0.43918 0.01020 ( 1)
  50 Q   0.53449 0.01630 0.43538 0.01383 ( 1)
  51 W   0.53139 0.01953 0.43267 0.01642 ( 1)
  52 L   0.54165 0.00883 0.44180 0.00772 ( 1)
  53 Q   0.53246 0.01842 0.43360 0.01553 ( 1)
  54 V   0.54108 0.00943 0.44127 0.00822 ( 1)
  55 D   0.54321 0.00717 0.44328 0.00634 ( 1)
  56 F   0.53500 0.01577 0.43582 0.01340 ( 1)
  57 G   0.54120 0.00930 0.44139 0.00812 ( 1)
  58 N   0.05799 0.47698 0.04730 0.41772 ( 2)
  59 R   0.54414 0.00618 0.44418 0.00550 ( 1)
  60 K   0.40006 0.14588 0.32633 0.12773 ( 1)
  61 Q   0.53246 0.01842 0.43360 0.01553 ( 1)
  62 I   0.54010 0.01045 0.44038 0.00907 ( 1)
  63 S   0.54075 0.00977 0.44097 0.00850 ( 1)
  64 A   0.53976 0.01081 0.44006 0.00936 ( 1)
  65 I   0.43297 0.11302 0.35342 0.10059 ( 1)
  66 A   0.54061 0.00993 0.44084 0.00863 ( 1)
  67 T   0.54060 0.00993 0.44083 0.00864 ( 1)
  68 Q   0.53449 0.01630 0.43538 0.01383 ( 1)
  69 G   0.53622 0.01451 0.43689 0.01238 ( 1)
  70 R   0.54535 0.00486 0.44540 0.00438 ( 1)
  71 Y   0.53715 0.01353 0.43773 0.01159 ( 1)
  72 S   0.54330 0.00708 0.44336 0.00626 ( 1)
  73 S   0.54330 0.00708 0.44336 0.00626 ( 1)
  74 S   0.53401 0.01680 0.43495 0.01423 ( 1)
  75 D   0.54321 0.00717 0.44328 0.00634 ( 1)
  76 W   0.53139 0.01953 0.43267 0.01642 ( 1)
  77 V   0.53371 0.01712 0.43469 0.01449 ( 1)
  78 T   0.54060 0.00993 0.44083 0.00864 ( 1)
  79 Q   0.53449 0.01630 0.43538 0.01383 ( 1)
  80 Y   0.53715 0.01353 0.43773 0.01159 ( 1)
  81 R   0.54436 0.00595 0.44439 0.00530 ( 1)
  82 M   0.45260 0.09410 0.36946 0.08384 ( 1)
  83 L   0.53896 0.01165 0.43934 0.01005 ( 1)
  84 Y   0.53715 0.01353 0.43773 0.01159 ( 1)
  85 S   0.54322 0.00715 0.44330 0.00632 ( 1)
  86 D   0.54321 0.00717 0.44328 0.00634 ( 1)
  87 T   0.54068 0.00984 0.44091 0.00856 ( 1)
  88 G   0.53867 0.01195 0.43908 0.01030 ( 1)
  89 R   0.54531 0.00491 0.44536 0.00442 ( 1)
  90 N   0.54223 0.00820 0.44236 0.00721 ( 1)
  91 W   0.53133 0.01958 0.43262 0.01646 ( 1)
  92 K   0.54036 0.01017 0.44062 0.00884 ( 1)
  93 P   0.54072 0.00980 0.44095 0.00853 ( 1)
  94 Y   0.53709 0.01359 0.43767 0.01164 ( 1)
  95 H   0.54133 0.00915 0.44152 0.00800 ( 1)
  96 Q   0.53443 0.01636 0.43533 0.01388 ( 1)
  97 D   0.35881 0.18739 0.29247 0.16133 ( 1)
  98 G   0.53863 0.01199 0.43905 0.01033 ( 1)
  99 N   0.54223 0.00820 0.44236 0.00721 ( 1)
 100 I   0.54004 0.01051 0.44033 0.00912 ( 1)
 101 W   0.53061 0.02029 0.43204 0.01706 ( 1)
 102 A   0.53919 0.01130 0.43968 0.00983 ( 1)
 103 F   0.53447 0.01629 0.43539 0.01385 ( 1)
 104 P   0.53745 0.01319 0.43803 0.01133 ( 1)
 105 G   0.53905 0.01158 0.43939 0.00998 ( 1)
 106 N   0.54133 0.00912 0.44157 0.00799 ( 1)
 107 V   0.05536 0.47933 0.04516 0.42015 ( 2)
 108 N   0.54157 0.00888 0.44176 0.00778 ( 1)
 109 S   0.53891 0.01168 0.43932 0.01009 ( 1)
 110 D   0.53818 0.01244 0.43867 0.01071 ( 1)
 111 S   0.54075 0.00977 0.44097 0.00851 ( 1)
 112 V   0.53343 0.01738 0.43447 0.01471 ( 1)
 113 V   0.54081 0.00969 0.44105 0.00845 ( 1)
 114 R   0.54478 0.00547 0.44485 0.00491 ( 1)
 115 H   0.54114 0.00935 0.44135 0.00816 ( 1)
 116 D   0.53818 0.01244 0.43867 0.01071 ( 1)
 117 L   0.53737 0.01329 0.43794 0.01140 ( 1)
 118 Q   0.53219 0.01868 0.43338 0.01575 ( 1)
 119 H   0.54113 0.00935 0.44135 0.00817 ( 1)
 120 P   0.53703 0.01364 0.43764 0.01169 ( 1)
 121 V   0.41500 0.13052 0.33870 0.11578 ( 1)
 122 I   0.53971 0.01090 0.43998 0.00941 ( 1)
 123 A   0.53948 0.01108 0.43984 0.00960 ( 1)
 124 R   0.54413 0.00617 0.44420 0.00550 ( 1)
 125 Y   0.35679 0.18924 0.29083 0.16314 ( 1)
 126 V   0.31453 0.23252 0.25617 0.19678 ( 1)
 127 R   0.54413 0.00617 0.44420 0.00550 ( 1)
 128 I   0.00109 0.53442 0.00089 0.46359 ( 2)
 129 V   0.53343 0.01738 0.43447 0.01471 ( 1)
 130 P   0.53772 0.01292 0.43825 0.01110 ( 1)
 131 L   0.52588 0.02523 0.42795 0.02094 ( 1)
 132 D   0.53816 0.01240 0.43873 0.01071 ( 1)
 133 W   0.53113 0.01978 0.43246 0.01663 ( 1)
 134 N   0.54157 0.00887 0.44178 0.00778 ( 1)
 135 G   0.53588 0.01484 0.43662 0.01266 ( 1)
 136 E   0.54306 0.00731 0.44317 0.00646 ( 1)
 137 G   0.54093 0.00956 0.44117 0.00834 ( 1)
 138 R   0.54413 0.00617 0.44420 0.00550 ( 1)
 139 I   0.00202 0.53563 0.00165 0.46070 ( 2)
 140 G   0.53843 0.01218 0.43889 0.01049 ( 1)
 141 L   0.53868 0.01192 0.43911 0.01029 ( 1)
 142 R   0.54514 0.00507 0.44522 0.00457 ( 1)
 143 I   0.35602 0.19021 0.29018 0.16360 ( 1)
 144 E   0.54113 0.00935 0.44135 0.00817 ( 1)
 145 V   0.39916 0.14667 0.32561 0.12856 ( 1)
 146 Y   0.53690 0.01375 0.43755 0.01180 ( 1)
 147 G   0.54093 0.00956 0.44117 0.00834 ( 1)
 148 C   0.54107 0.00942 0.44129 0.00822 ( 1)
 149 S   0.53743 0.01322 0.43799 0.01135 ( 1)
 150 Y   0.53687 0.01381 0.43749 0.01183 ( 1)
 151 W   0.53133 0.01958 0.43262 0.01646 ( 1)
 152 A   0.54243 0.00805 0.44247 0.00705 ( 1)
 153 D   0.53905 0.01159 0.43937 0.00998 ( 1)
 154 V   0.54164 0.00888 0.44173 0.00775 ( 1)
 155 I   0.54068 0.00990 0.44084 0.00858 ( 1)
 156 N   0.54238 0.00810 0.44242 0.00709 ( 1)
 157 F   0.53558 0.01520 0.43630 0.01292 ( 1)
 158 D   0.53905 0.01159 0.43937 0.00998 ( 1)
 159 G   0.54449 0.00577 0.44458 0.00516 ( 1)
 160 H   0.54195 0.00856 0.44202 0.00748 ( 1)
 161 V   0.54170 0.00883 0.44178 0.00770 ( 1)
 162 V   0.53428 0.01655 0.43516 0.01401 ( 1)
 163 L   0.53824 0.01244 0.43865 0.01067 ( 1)
 164 P   0.53798 0.01271 0.43841 0.01089 ( 1)
 165 Y   0.53937 0.01126 0.43966 0.00971 ( 1)
 166 R   0.54578 0.00446 0.44575 0.00401 ( 1)
 167 F   0.53738 0.01334 0.43788 0.01140 ( 1)
 168 R   0.54578 0.00446 0.44575 0.00401 ( 1)
 169 N   0.54238 0.00810 0.44242 0.00709 ( 1)
 170 K   0.54234 0.00815 0.44238 0.00713 ( 1)
 171 K   0.54234 0.00815 0.44238 0.00713 ( 1)
 172 M   0.54601 0.00420 0.44599 0.00379 ( 1)
 173 K   0.54100 0.00955 0.44114 0.00830 ( 1)
 174 T   0.54125 0.00930 0.44137 0.00809 ( 1)
 175 L   0.52651 0.02461 0.42846 0.02042 ( 1)
 176 K   0.54108 0.00947 0.44121 0.00823 ( 1)
 177 D   0.53911 0.01154 0.43942 0.00993 ( 1)
 178 V   0.54252 0.00795 0.44255 0.00697 ( 1)
 179 I   0.53902 0.01164 0.43933 0.01001 ( 1)
 180 A   0.40751 0.13863 0.33241 0.12145 ( 1)
 181 L   0.53666 0.01408 0.43724 0.01201 ( 1)
 182 K   0.54099 0.00956 0.44114 0.00831 ( 1)
 183 F   0.53558 0.01520 0.43630 0.01292 ( 1)
 184 K   0.54099 0.00956 0.44114 0.00831 ( 1)
 185 T   0.54116 0.00938 0.44129 0.00816 ( 1)
 186 S   0.53969 0.01092 0.43995 0.00943 ( 1)
 187 E   0.54382 0.00658 0.44378 0.00582 ( 1)
 188 S   0.54132 0.00922 0.44143 0.00803 ( 1)
 189 E   0.54382 0.00658 0.44378 0.00582 ( 1)
 190 G   0.53932 0.01131 0.43962 0.00975 ( 1)
 191 V   0.54419 0.00618 0.44415 0.00548 ( 1)
 192 L   0.00234 0.53321 0.00191 0.46254 ( 2)
 193 L   0.53650 0.01424 0.43711 0.01214 ( 1)
 194 H   0.54284 0.00762 0.44284 0.00669 ( 1)
 195 G   0.53931 0.01132 0.43961 0.00976 ( 1)
 196 E   0.54382 0.00658 0.44378 0.00582 ( 1)
 197 G   0.53675 0.01398 0.43733 0.01193 ( 1)
 198 Q   0.53301 0.01787 0.43405 0.01506 ( 1)
 199 Q   0.53507 0.01573 0.43585 0.01334 ( 1)
 200 G   0.53931 0.01132 0.43961 0.00976 ( 1)
 201 D   0.53905 0.01159 0.43937 0.00998 ( 1)
 202 Y   0.53937 0.01126 0.43966 0.00971 ( 1)
 203 I   0.53887 0.01179 0.43920 0.01014 ( 1)
 204 T   0.06144 0.47285 0.05012 0.41560 ( 2)
 205 L   0.53666 0.01408 0.43724 0.01201 ( 1)
 206 E   0.54382 0.00658 0.44378 0.00582 ( 1)
 207 L   0.52651 0.02461 0.42846 0.02042 ( 1)
 208 K   0.40148 0.14509 0.32737 0.12607 ( 1)
 209 K   0.54099 0.00956 0.44114 0.00831 ( 1)
 210 A   0.54034 0.01025 0.44054 0.00888 ( 1)
 211 K   0.40709 0.13908 0.33206 0.12177 ( 1)
 212 L   0.52651 0.02461 0.42846 0.02042 ( 1)
 213 V   0.54252 0.00795 0.44255 0.00697 ( 1)
 214 F   0.53738 0.01334 0.43788 0.01140 ( 1)
 215 S   0.54132 0.00922 0.44143 0.00803 ( 1)
 216 L   0.53824 0.01244 0.43865 0.01067 ( 1)
 217 N   0.54238 0.00810 0.44242 0.00709 ( 1)
 218 L   0.53999 0.01062 0.44022 0.00918 ( 1)
 219 G   0.53645 0.01428 0.43708 0.01219 ( 1)
 220 S   0.54357 0.00687 0.44351 0.00605 ( 1)
 221 N   0.54210 0.00837 0.44220 0.00733 ( 1)
 222 Q   0.53273 0.01815 0.43382 0.01530 ( 1)
 223 L   0.54166 0.00882 0.44181 0.00772 ( 1)
 224 G   0.54147 0.00904 0.44161 0.00789 ( 1)
 225 P   0.54107 0.00946 0.44124 0.00823 ( 1)
 226 I   0.54399 0.00632 0.44405 0.00563 ( 1)
 227 Y   0.53913 0.01150 0.43946 0.00991 ( 1)
 228 G   0.54153 0.00898 0.44165 0.00784 ( 1)
 229 H   0.54266 0.00779 0.44271 0.00684 ( 1)
 230 T   0.54119 0.00934 0.44134 0.00813 ( 1)
 231 S   0.53953 0.01108 0.43982 0.00957 ( 1)
 232 V   0.53404 0.01679 0.43496 0.01421 ( 1)
 233 T   0.00019 0.52592 0.00016 0.47372 ( 2)
 234 T   0.54102 0.00952 0.44118 0.00828 ( 1)
 235 G   0.53651 0.01422 0.43713 0.01213 ( 1)
 236 S   0.54109 0.00945 0.44125 0.00822 ( 1)
 237 L   0.52633 0.02478 0.42832 0.02057 ( 1)
 238 L   0.52633 0.02478 0.42832 0.02057 ( 1)
 239 D   0.53881 0.01183 0.43918 0.01018 ( 1)
 240 D   0.53954 0.01112 0.43977 0.00957 ( 1)
 241 H   0.54266 0.00779 0.44271 0.00684 ( 1)
 242 H   0.54266 0.00779 0.44271 0.00684 ( 1)
 243 W   0.53170 0.01921 0.43293 0.01615 ( 1)
 244 H   0.54266 0.00779 0.44271 0.00684 ( 1)
 245 S   0.53806 0.01261 0.43851 0.01082 ( 1)
 246 V   0.53404 0.01679 0.43496 0.01421 ( 1)
 247 V   0.54230 0.00817 0.44237 0.00716 ( 1)
 248 I   0.53859 0.01206 0.43898 0.01037 ( 1)
 249 E   0.54173 0.00877 0.44184 0.00766 ( 1)
 250 R   0.54464 0.00568 0.44462 0.00506 ( 1)
 251 Q   0.53278 0.01809 0.43387 0.01526 ( 1)
 252 G   0.54153 0.00898 0.44165 0.00784 ( 1)
 253 R   0.54525 0.00501 0.44524 0.00450 ( 1)
 254 S   0.42489 0.12119 0.34673 0.10719 ( 1)
 255 L   0.38100 0.16511 0.31065 0.14323 ( 1)
 256 N   0.54216 0.00831 0.44224 0.00728 ( 1)
 257 L   0.53930 0.01131 0.43962 0.00976 ( 1)
 258 T   0.54098 0.00956 0.44114 0.00831 ( 1)
 259 L   0.52633 0.02478 0.42832 0.02057 ( 1)
 260 D   0.54351 0.00688 0.44352 0.00608 ( 1)
 261 R   0.54560 0.00463 0.44560 0.00417 ( 1)
 262 S   0.54360 0.00679 0.44361 0.00600 ( 1)
 263 T   0.54116 0.00937 0.44131 0.00816 ( 1)
 264 Q   0.53278 0.01809 0.43387 0.01526 ( 1)
 265 H   0.54266 0.00779 0.44271 0.00684 ( 1)
 266 F   0.53714 0.01357 0.43768 0.01161 ( 1)
 267 R   0.54464 0.00568 0.44462 0.00506 ( 1)
 268 T   0.54093 0.00961 0.44110 0.00836 ( 1)
 269 N   0.54249 0.00796 0.44257 0.00699 ( 1)
 270 G   0.53910 0.01153 0.43944 0.00994 ( 1)
 271 E   0.54173 0.00877 0.44184 0.00766 ( 1)
 272 F   0.53707 0.01364 0.43763 0.01166 ( 1)
 273 D   0.54351 0.00688 0.44352 0.00608 ( 1)
 274 Y   0.53750 0.01319 0.43801 0.01130 ( 1)
 275 L   0.52633 0.02478 0.42832 0.02057 ( 1)
 276 D   0.53881 0.01183 0.43918 0.01018 ( 1)
 277 L   0.53642 0.01432 0.43705 0.01221 ( 1)
 278 D   0.54351 0.00688 0.44352 0.00608 ( 1)
 279 Y   0.53896 0.01166 0.43933 0.01005 ( 1)
 280 E   0.54173 0.00877 0.44184 0.00766 ( 1)
 281 I   0.54267 0.00760 0.44297 0.00676 ( 1)
 282 T   0.53909 0.01139 0.43960 0.00991 ( 1)
 283 F   0.53350 0.01724 0.43460 0.01465 ( 1)
 284 G   0.53465 0.01605 0.43561 0.01369 ( 1)
 285 G   0.53971 0.01074 0.44017 0.00937 ( 1)
 286 I   0.54277 0.00750 0.44305 0.00668 ( 1)
 287 P   0.53646 0.01416 0.43722 0.01217 ( 1)
 288 F   0.53526 0.01541 0.43615 0.01318 ( 1)
 289 S   0.53671 0.01383 0.43752 0.01194 ( 1)
 290 G   0.54349 0.00672 0.44376 0.00602 ( 1)
 291 K   0.54023 0.01019 0.44066 0.00892 ( 1)
 292 P   0.53578 0.01486 0.43662 0.01274 ( 1)
 293 S   0.53926 0.01122 0.43975 0.00977 ( 1)
 294 S   0.53766 0.01290 0.43830 0.01114 ( 1)
 295 S   0.54248 0.00787 0.44269 0.00696 ( 1)
 296 S   0.53989 0.01061 0.44027 0.00923 ( 1)
 297 R   0.44234 0.10331 0.36127 0.09308 ( 1)
 298 K   0.54092 0.00952 0.44122 0.00834 ( 1)
 299 N   0.54143 0.00898 0.44170 0.00789 ( 1)
 300 F   0.53587 0.01482 0.43665 0.01267 ( 1)
 301 K   0.04749 0.48895 0.03872 0.42484 ( 2)
 302 G   0.54031 0.01016 0.44066 0.00887 ( 1)
 303 C   0.54051 0.00995 0.44085 0.00869 ( 1)
 304 M   0.54491 0.00525 0.44509 0.00475 ( 1)
 305 E   0.54249 0.00786 0.44270 0.00695 ( 1)
 306 S   0.39029 0.15532 0.31836 0.13603 ( 1)
 307 I   0.53732 0.01330 0.43794 0.01144 ( 1)
 308 N   0.54097 0.00947 0.44127 0.00830 ( 1)
 309 Y   0.53623 0.01444 0.43697 0.01236 ( 1)
 310 N   0.54143 0.00898 0.44170 0.00789 ( 1)
 311 G   0.54031 0.01016 0.44066 0.00887 ( 1)
 312 I   0.53919 0.01134 0.43964 0.00983 ( 1)
 313 N   0.54097 0.00947 0.44127 0.00830 ( 1)
 314 I   0.54331 0.00699 0.44349 0.00622 ( 1)
 315 T   0.54155 0.00885 0.44182 0.00778 ( 1)
 316 D   0.53754 0.01307 0.43814 0.01125 ( 1)
 317 L   0.53809 0.01250 0.43863 0.01078 ( 1)
 318 A   0.53968 0.01083 0.44007 0.00942 ( 1)
 319 R   0.54465 0.00554 0.44482 0.00499 ( 1)
 320 R   0.54434 0.00587 0.44451 0.00527 ( 1)
 321 K   0.54092 0.00952 0.44122 0.00834 ( 1)
 322 K   0.53954 0.01098 0.43995 0.00954 ( 1)
 323 L   0.53849 0.01207 0.43900 0.01044 ( 1)
 324 E   0.54245 0.00790 0.44267 0.00698 ( 1)
 325 P   0.53990 0.01059 0.44028 0.00922 ( 1)
 326 S   0.53312 0.01768 0.43423 0.01497 ( 1)
 327 N   0.54143 0.00898 0.44170 0.00789 ( 1)
 328 V   0.53282 0.01799 0.43397 0.01522 ( 1)
 329 G   0.53588 0.01485 0.43661 0.01267 ( 1)
 330 N   0.54201 0.00842 0.44217 0.00740 ( 1)
 331 L   0.53578 0.01495 0.43653 0.01275 ( 1)
 332 S   0.54047 0.01004 0.44075 0.00874 ( 1)
 333 F   0.53650 0.01420 0.43716 0.01214 ( 1)
 334 T   0.00349 0.52744 0.00285 0.46621 ( 2)
 335 C   0.54112 0.00936 0.44134 0.00818 ( 1)
 336 V   0.03169 0.51049 0.02581 0.43201 ( 2)
 337 E   0.54160 0.00889 0.44174 0.00777 ( 1)
 338 P   0.54100 0.00952 0.44118 0.00829 ( 1)
 339 Y   0.53737 0.01332 0.43790 0.01141 ( 1)
 340 T   0.39087 0.15457 0.31887 0.13569 ( 1)
 341 V   0.54376 0.00660 0.44379 0.00585 ( 1)
 342 P   0.53826 0.01240 0.43869 0.01065 ( 1)
 343 V   0.54213 0.00834 0.44223 0.00731 ( 1)
 344 F   0.53521 0.01557 0.43599 0.01323 ( 1)
 345 F   0.53700 0.01371 0.43757 0.01172 ( 1)
 346 N   0.54247 0.00797 0.44255 0.00700 ( 1)
 347 A   0.54208 0.00839 0.44218 0.00735 ( 1)
 348 T   0.54080 0.00974 0.44100 0.00847 ( 1)
 349 S   0.54096 0.00957 0.44114 0.00833 ( 1)
 350 Y   0.53737 0.01332 0.43790 0.01141 ( 1)
 351 L   0.52648 0.02463 0.42844 0.02044 ( 1)
 352 E   0.54160 0.00889 0.44174 0.00777 ( 1)
 353 V   0.53391 0.01691 0.43486 0.01431 ( 1)
 354 P   0.53880 0.01187 0.43913 0.01020 ( 1)
 355 G   0.53638 0.01435 0.43702 0.01225 ( 1)
 356 R   0.08979 0.44105 0.07332 0.39584 ( 2)
 357 L   0.54185 0.00863 0.44196 0.00755 ( 1)
 358 H   0.54192 0.00858 0.44199 0.00750 ( 1)
 359 Q   0.53406 0.01672 0.43503 0.01419 ( 1)
 360 D   0.54340 0.00699 0.44343 0.00618 ( 1)
 361 L   0.52660 0.02452 0.42853 0.02035 ( 1)
 362 F   0.53521 0.01557 0.43599 0.01323 ( 1)
 363 S   0.53571 0.01504 0.43644 0.01281 ( 1)
 364 V   0.39320 0.15285 0.32067 0.13328 ( 1)
 365 S   0.54101 0.00952 0.44118 0.00829 ( 1)
 366 F   0.53700 0.01371 0.43757 0.01172 ( 1)
 367 Q   0.53266 0.01822 0.43376 0.01536 ( 1)
 368 F   0.53700 0.01371 0.43757 0.01172 ( 1)
 369 R   0.54529 0.00496 0.44529 0.00446 ( 1)
 370 T   0.54260 0.00784 0.44267 0.00689 ( 1)
 371 W   0.53158 0.01934 0.43283 0.01625 ( 1)
 372 N   0.54204 0.00843 0.44214 0.00739 ( 1)
 373 P   0.54100 0.00952 0.44118 0.00829 ( 1)
 374 N   0.06129 0.47323 0.05000 0.41548 ( 2)
 375 G   0.54492 0.00536 0.44493 0.00480 ( 1)
 376 L   0.53918 0.01144 0.43952 0.00987 ( 1)
 377 L   0.52651 0.02460 0.42846 0.02042 ( 1)
 378 L   0.54184 0.00864 0.44196 0.00756 ( 1)
 379 F   0.53700 0.01371 0.43757 0.01172 ( 1)
 380 S   0.54097 0.00956 0.44115 0.00832 ( 1)
 381 H   0.42886 0.11816 0.34978 0.10321 ( 1)
 382 F   0.53514 0.01563 0.43594 0.01328 ( 1)
 383 A   0.54535 0.00489 0.44537 0.00440 ( 1)
 384 D   0.53861 0.01202 0.43901 0.01035 ( 1)
 385 N   0.00290 0.52960 0.00237 0.46513 ( 2)
 386 L   0.53464 0.01606 0.43560 0.01370 ( 1)
 387 G   0.54135 0.00909 0.44159 0.00797 ( 1)
 388 N   0.40114 0.14482 0.32721 0.12683 ( 1)
 389 V   0.53385 0.01698 0.43481 0.01437 ( 1)
 390 E   0.54154 0.00895 0.44169 0.00782 ( 1)
 391 I   0.53839 0.01225 0.43882 0.01054 ( 1)
 392 D   0.54331 0.00708 0.44336 0.00626 ( 1)
 393 L   0.53907 0.01154 0.43943 0.00996 ( 1)
 394 T   0.54250 0.00794 0.44258 0.00698 ( 1)
 395 D   0.54331 0.00708 0.44336 0.00626 ( 1)
 396 S   0.54331 0.00707 0.44337 0.00625 ( 1)
 397 K   0.40634 0.14037 0.33134 0.12196 ( 1)
 398 V   0.54198 0.00848 0.44211 0.00743 ( 1)
 399 S   0.42091 0.12503 0.34349 0.11058 ( 1)
 400 V   0.39036 0.15560 0.31836 0.13567 ( 1)
 401 H   0.54235 0.00808 0.44246 0.00710 ( 1)
 402 I   0.54011 0.01044 0.44039 0.00906 ( 1)
 403 N   0.54185 0.00861 0.44199 0.00754 ( 1)
 404 I   0.37944 0.16663 0.30938 0.14455 ( 1)
 405 T   0.54087 0.00965 0.44108 0.00840 ( 1)
 406 Q   0.53201 0.01886 0.43324 0.01590 ( 1)
 407 T   0.54013 0.01039 0.44045 0.00903 ( 1)
 408 K   0.54121 0.00924 0.44146 0.00809 ( 1)
 409 M   0.08236 0.44674 0.06727 0.40363 ( 2)
 410 S   0.54275 0.00761 0.44291 0.00673 ( 1)
 411 Q   0.53225 0.01862 0.43343 0.01570 ( 1)
 412 I   0.54338 0.00692 0.44355 0.00616 ( 1)
 413 D   0.53762 0.01299 0.43821 0.01118 ( 1)
 414 I   0.53743 0.01319 0.43803 0.01135 ( 1)
 415 S   0.53824 0.01233 0.43877 0.01065 ( 1)
 416 S   0.53309 0.01770 0.43421 0.01500 ( 1)
 417 G   0.54393 0.00631 0.44412 0.00565 ( 1)
 418 S   0.53817 0.01251 0.43859 0.01073 ( 1)
 419 G   0.53918 0.01145 0.43950 0.00987 ( 1)
 420 L   0.53639 0.01435 0.43703 0.01223 ( 1)
 421 N   0.54270 0.00775 0.44274 0.00681 ( 1)
 422 D   0.54338 0.00701 0.44342 0.00619 ( 1)
 423 G   0.54163 0.00888 0.44174 0.00775 ( 1)
 424 Q   0.53288 0.01799 0.43395 0.01517 ( 1)
 425 W   0.53180 0.01912 0.43301 0.01607 ( 1)
 426 H   0.54182 0.00868 0.44191 0.00758 ( 1)
 427 E   0.54313 0.00724 0.44323 0.00640 ( 1)
 428 V   0.54240 0.00807 0.44245 0.00708 ( 1)
 429 R   0.54717 0.00288 0.44731 0.00265 ( 1)
 430 F   0.53724 0.01347 0.43777 0.01152 ( 1)
 431 L   0.53940 0.01119 0.43974 0.00967 ( 1)
 432 A   0.54231 0.00817 0.44237 0.00716 ( 1)
 433 K   0.54221 0.00827 0.44228 0.00724 ( 1)
 434 E   0.54183 0.00867 0.44192 0.00758 ( 1)
 435 N   0.54270 0.00775 0.44274 0.00681 ( 1)
 436 F   0.53545 0.01533 0.43619 0.01303 ( 1)
 437 V   0.54151 0.00901 0.44163 0.00785 ( 1)
 438 I   0.53870 0.01195 0.43907 0.01028 ( 1)
 439 L   0.53941 0.01121 0.43971 0.00967 ( 1)
 440 T   0.54282 0.00763 0.44285 0.00670 ( 1)
 441 I   0.54051 0.01005 0.44071 0.00872 ( 1)
 442 D   0.53996 0.01050 0.44038 0.00916 ( 1)
 443 G   0.53662 0.01412 0.43722 0.01205 ( 1)
 444 D   0.53899 0.01165 0.43933 0.01003 ( 1)
 445 E   0.54370 0.00669 0.44369 0.00592 ( 1)
 446 A   0.54020 0.01038 0.44043 0.00899 ( 1)
 447 S   0.53445 0.01637 0.43531 0.01386 ( 1)
 448 A   0.54104 0.00950 0.44119 0.00826 ( 1)
 449 V   0.54175 0.00871 0.44192 0.00763 ( 1)
 450 R   0.54450 0.00584 0.44447 0.00520 ( 1)
 451 T   0.54279 0.00766 0.44282 0.00673 ( 1)
 452 N   0.54226 0.00822 0.44232 0.00720 ( 1)
 453 S   0.54119 0.00935 0.44133 0.00814 ( 1)
 454 P   0.53844 0.01222 0.43884 0.01050 ( 1)
 455 L   0.54207 0.00842 0.44215 0.00736 ( 1)
 456 Q   0.53494 0.01586 0.43574 0.01346 ( 1)
 457 V   0.54160 0.00905 0.44153 0.00782 ( 1)
 458 K   0.54086 0.00969 0.44103 0.00842 ( 1)
 459 T   0.54282 0.00763 0.44285 0.00670 ( 1)
 460 G   0.54163 0.00888 0.44174 0.00775 ( 1)
 461 E   0.00267 0.53535 0.00218 0.45981 ( 2)
 462 K   0.54221 0.00827 0.44228 0.00724 ( 1)
 463 Y   0.53761 0.01309 0.43810 0.01121 ( 1)
 464 F   0.53545 0.01533 0.43619 0.01303 ( 1)
 465 F   0.53545 0.01533 0.43619 0.01303 ( 1)
 466 G   0.53662 0.01412 0.43722 0.01205 ( 1)
 467 G   0.54509 0.00519 0.44506 0.00465 ( 1)
 468 Y   0.36789 0.17842 0.29988 0.15382 ( 1)
 469 L   0.02992 0.50717 0.02439 0.43853 ( 2)
 470 N   0.54236 0.00812 0.44241 0.00711 ( 1)
 471 Q   0.31051 0.23689 0.25286 0.19973 ( 1)
 472 M   0.54600 0.00421 0.44598 0.00381 ( 1)
 473 N   0.11971 0.88024 0.00000 0.00005 ( 2)
 474 S   0.40749 0.13867 0.33239 0.12145 ( 1)
 475 S   0.53459 0.01623 0.43543 0.01375 ( 1)
 476 S   0.54130 0.00924 0.44142 0.00804 ( 1)
 477 H   0.54286 0.00760 0.44287 0.00668 ( 1)
 478 S   0.53828 0.01240 0.43868 0.01064 ( 1)
 479 V   0.54249 0.00799 0.44253 0.00700 ( 1)
 480 L   0.54218 0.00832 0.44223 0.00727 ( 1)
 481 Q   0.53299 0.01789 0.43404 0.01508 ( 1)
 482 P   0.53856 0.01211 0.43893 0.01040 ( 1)
 483 S   0.53456 0.01626 0.43541 0.01377 ( 1)
 484 F   0.53736 0.01336 0.43786 0.01142 ( 1)
 485 Q   0.53505 0.01575 0.43583 0.01336 ( 1)
 486 G   0.53673 0.01401 0.43731 0.01195 ( 1)
 487 C   0.54193 0.00857 0.44200 0.00749 ( 1)
 488 M   0.54600 0.00421 0.44598 0.00381 ( 1)
 489 Q   0.53299 0.01789 0.43404 0.01508 ( 1)
 490 L   0.53952 0.01110 0.43980 0.00958 ( 1)
 491 I   0.53881 0.01184 0.43916 0.01019 ( 1)
 492 Q   0.53505 0.01575 0.43583 0.01336 ( 1)
 493 V   0.53426 0.01658 0.43514 0.01403 ( 1)
 494 D   0.53903 0.01162 0.43936 0.01000 ( 1)
 495 D   0.53903 0.01162 0.43936 0.01000 ( 1)
