Supplemental results for CODEML (seqf: /home/leticiamagpali/phd/evol_models/codeml/small_dataset/cml_align/CASQ2_codon_aligned.phy  treef: /home/leticiamagpali/phd/evol_models/codeml/small_dataset/cml_trees/gene_trees/H1c_gene_trees/CASQ2_tree_H1c.tre)

I	J	ij	2Ns_IJ	pMut_IJ	pSub_IJ	2Ns_JI	pMut_JI	pSub_JI

TTC	TTT	CT	0.45568	0.14371	0.17894	-0.45568	0.22667	0.17894
TTA	TTT	AT	5.95820	0.00009	0.00054	-5.95820	0.03466	0.00054
TTA	TTC	AC	5.50252	0.00011	0.00058	-5.50252	0.02581	0.00058
TTG	TTT	GT	0.73890	0.01792	0.02534	-0.73890	0.03751	0.02534
TTG	TTC	GC	0.28322	0.02105	0.02417	-0.28322	0.02794	0.02417
TTG	TTA	GA	-5.21930	0.10341	0.00294	5.21930	0.00056	0.00294
TCT	TTT	CT	1.68229	0.04215	0.08710	-1.68229	0.22667	0.08710
TCC	TTC	CT	1.43696	0.04012	0.07562	-1.43696	0.16881	0.07562
TCC	TCT	CT	0.21035	0.04012	0.04449	-0.21035	0.04951	0.04449
TCA	TTA	CT	-3.84638	0.02793	0.00234	3.84638	0.00060	0.00234
TCA	TCT	AT	0.42954	0.00493	0.00606	-0.42954	0.00757	0.00606
TCA	TCC	AC	0.21919	0.00579	0.00645	-0.21919	0.00721	0.00645
TCG	TTG	CT	4.76613	0.00102	0.00488	-4.76613	0.11930	0.00488
TCG	TCT	GT	3.82274	0.00018	0.00070	-3.82274	0.00819	0.00070
TCG	TCC	GC	3.61239	0.00021	0.00078	-3.61239	0.00780	0.00078
TCG	TCA	GA	3.39320	0.00103	0.00363	-3.39320	0.03078	0.00363
TAT	TTT	AT	1.02373	0.01245	0.01990	-1.02373	0.03466	0.01990
TAT	TCT	AC	-0.65856	0.01463	0.01034	0.65856	0.00757	0.01034
TAC	TTC	AT	0.35521	0.01810	0.02150	-0.35521	0.02581	0.02150
TAC	TCC	AC	-1.08174	0.02126	0.01179	1.08174	0.00721	0.01179
TAC	TAT	CT	-0.21284	0.10258	0.09205	0.21284	0.08291	0.09205
TGT	TTT	GT	3.73464	0.00090	0.00343	-3.73464	0.03751	0.00343
TGT	TCT	GC	2.05235	0.00105	0.00248	-2.05235	0.00819	0.00248
TGT	TAT	GA	2.71091	0.00517	0.01502	-2.71091	0.07778	0.01502
TGC	TTC	GT	1.89235	0.00421	0.00938	-1.89235	0.02794	0.00938
TGC	TCC	GC	0.45539	0.00495	0.00616	-0.45539	0.00780	0.00616
TGC	TAC	GA	1.53714	0.02430	0.04759	-1.53714	0.11303	0.04759
TGC	TGT	CT	-1.38661	0.02387	0.01103	1.38661	0.00597	0.01103
TGG	TTG	GT	0.52783	0.01165	0.01499	-0.52783	0.01974	0.01499
TGG	TCG	GC	-4.23829	0.01368	0.00085	4.23829	0.00020	0.00085
TGG	TGT	GT	-2.46790	0.01165	0.00266	2.46790	0.00099	0.00266
TGG	TGC	GC	-1.08129	0.01368	0.00759	1.08129	0.00464	0.00759
CTT	TTT	CT	1.44717	0.05332	0.10090	-1.44717	0.22667	0.10090
CTC	TTC	CT	0.90856	0.06805	0.10358	-0.90856	0.16881	0.10358
CTC	CTT	CT	-0.08292	0.06805	0.06527	0.08292	0.06263	0.06527
CTA	TTA	CT	-4.22107	0.04063	0.00256	4.22107	0.00060	0.00256
CTA	CTT	AT	0.28997	0.00717	0.00826	-0.28997	0.00958	0.00826
CTA	CTC	AC	0.37289	0.00842	0.01009	-0.37289	0.01222	0.01009
CTG	TTG	CT	-0.47562	0.19196	0.14991	0.47562	0.11930	0.14991
CTG	CTT	GT	-1.18388	0.03386	0.01768	1.18388	0.01037	0.01768
CTG	CTC	GC	-1.10096	0.03978	0.02182	1.10096	0.01323	0.02182
CTG	CTA	GA	-1.47385	0.19545	0.08558	1.47385	0.04477	0.08558
CCT	TCT	CT	0.23599	0.03910	0.04390	-0.23599	0.04951	0.04390
CCT	CTT	CT	0.47111	0.03910	0.04903	-0.47111	0.06263	0.04903
CCC	TCC	CT	-0.56335	0.08277	0.06164	0.56335	0.04712	0.06164
CCC	CTC	CT	-0.03495	0.08277	0.08134	0.03495	0.07993	0.08134
CCC	CCT	CT	-0.58899	0.08277	0.06078	0.58899	0.04593	0.06078
CCA	TCA	CT	-0.89431	0.08024	0.04964	0.89431	0.03281	0.04964
CCA	CTA	CT	-0.51961	0.08024	0.06119	0.51961	0.04772	0.06119
CCA	CCT	AT	-0.70076	0.01415	0.00977	0.70076	0.00702	0.00977
CCA	CCC	AC	-0.11177	0.01663	0.01571	0.11177	0.01487	0.01571
CCG	TCG	CT	-2.44173	0.01371	0.00319	2.44173	0.00119	0.00319
CCG	CTG	CT	2.80001	0.01371	0.04088	-2.80001	0.22548	0.04088
CCG	CCT	GT	1.14502	0.00242	0.00406	-1.14502	0.00760	0.00406
CCG	CCC	GC	1.73401	0.00284	0.00598	-1.73401	0.01609	0.00598
CCG	CCA	GA	1.84577	0.01396	0.03060	-1.84577	0.08841	0.03060
CAT	TAT	CT	0.65278	0.04316	0.05878	-0.65278	0.08291	0.05878
CAT	CTT	AT	0.22934	0.00761	0.00852	-0.22934	0.00958	0.00852
CAT	CCT	AC	-0.24177	0.00894	0.00791	0.24177	0.00702	0.00791
CAC	TAC	CT	1.09978	0.04012	0.06614	-1.09978	0.12049	0.06614
CAC	CTC	AT	0.54642	0.00708	0.00919	-0.54642	0.01222	0.00919
CAC	CCC	AC	0.58138	0.00831	0.01096	-0.58138	0.01487	0.01096
CAC	CAT	CT	0.23416	0.04012	0.04500	-0.23416	0.05070	0.04500
CAA	CTA	AT	0.09599	0.00663	0.00695	-0.09599	0.00730	0.00695
CAA	CCA	AC	0.61561	0.00779	0.01043	-0.61561	0.01441	0.01043
CAA	CAT	AT	0.15662	0.00663	0.00716	-0.15662	0.00775	0.00716
CAA	CAC	AC	-0.07754	0.00779	0.00749	0.07754	0.00721	0.00749
CAG	CTG	AT	0.82896	0.01505	0.02214	-0.82896	0.03448	0.02214
CAG	CCG	AC	-1.97105	0.01768	0.00564	1.97105	0.00246	0.00564
CAG	CAT	GT	-0.58426	0.01505	0.01108	0.58426	0.00839	0.01108
CAG	CAC	GC	-0.81842	0.01768	0.01142	0.81842	0.00780	0.01142
CAG	CAA	GA	-0.74088	0.08687	0.05863	0.74088	0.04141	0.05863
CGT	TGT	CT	-0.36967	0.00863	0.00714	0.36967	0.00597	0.00714
CGT	CTT	GT	1.91780	0.00152	0.00342	-1.91780	0.01037	0.00342
CGT	CCT	GC	1.44669	0.00179	0.00338	-1.44669	0.00760	0.00338
CGT	CAT	GA	1.68845	0.00879	0.01821	-1.68845	0.04756	0.01821
CGC	TGC	CT	-0.72509	0.05789	0.03942	0.72509	0.02804	0.03942
CGC	CTC	GT	0.25869	0.01021	0.01159	-0.25869	0.01323	0.01159
CGC	CCC	GC	0.29365	0.01200	0.01384	-0.29365	0.01609	0.01384
CGC	CAC	GA	-0.28773	0.05894	0.05087	0.28773	0.04421	0.05087
CGC	CGT	CT	-1.74203	0.05789	0.02142	1.74203	0.01014	0.02142
CGA	CTA	GT	9.07133	0.00000	0.00000	-9.07133	0.00790	0.00001
CGA	CCA	GC	9.59094	0.00000	0.00000	-9.59094	0.01560	0.00001
CGA	CAA	GA	8.97534	0.00000	0.00000	-8.97534	0.04141	0.00005
CGA	CGT	AT	7.44350	0.00000	0.00000	-7.44350	0.00155	0.00001
CGA	CGC	AC	9.18553	0.00000	0.00000	-9.18553	0.01040	0.00001
CGG	TGG	CT	1.77039	0.01320	0.02817	-1.77039	0.07755	0.02817
CGG	CTG	GT	2.77385	0.00233	0.00689	-2.77385	0.03731	0.00689
CGG	CCG	GC	-0.02617	0.00274	0.00270	0.02617	0.00267	0.00270
CGG	CAG	GA	1.94488	0.01344	0.03051	-1.94488	0.09401	0.03051
CGG	CGT	GT	-0.32783	0.00233	0.00197	0.32783	0.00168	0.00197
CGG	CGC	GC	1.41420	0.00274	0.00511	-1.41420	0.01125	0.00511
CGG	CGA	GA	-7.77133	0.01344	0.00004	7.77133	0.00000	0.00000
ATT	TTT	AT	0.43674	0.02240	0.02764	-0.43674	0.03466	0.02764
ATT	CTT	AC	-1.01042	0.02631	0.01522	1.01042	0.00958	0.01522
ATC	TTC	AT	-0.02010	0.02634	0.02607	0.02010	0.02581	0.02607
ATC	CTC	AC	-0.92866	0.03094	0.01876	0.92866	0.01222	0.01876
ATC	ATT	CT	-0.00116	0.14930	0.14921	0.00116	0.14913	0.14921
ATA	TTA	AT	-3.38316	0.00269	0.00032	3.38316	0.00009	0.00032
ATA	CTA	AC	0.83791	0.00316	0.00466	-0.83791	0.00730	0.00466
ATA	ATT	AT	2.13830	0.00269	0.00651	-2.13830	0.02280	0.00651
ATA	ATC	AC	2.13946	0.00316	0.00766	-2.13946	0.02682	0.00766
ATG	TTG	AT	0.48007	0.01129	0.01421	-0.48007	0.01824	0.01421
ATG	CTG	AC	0.95569	0.01326	0.02059	-0.95569	0.03448	0.02059
ATG	ATT	GT	0.78223	0.01129	0.01627	-0.78223	0.02468	0.01627
ATG	ATC	GC	0.78339	0.01326	0.01912	-0.78339	0.02902	0.01912
ATG	ATA	GA	-1.35607	0.06515	0.03067	1.35607	0.01679	0.03067
ACT	TCT	AT	-0.22657	0.00950	0.00846	0.22657	0.00757	0.00846
ACT	CCT	AC	-0.46256	0.01115	0.00877	0.46256	0.00702	0.00877
ACT	ATT	CT	1.01898	0.05383	0.08583	-1.01898	0.14913	0.08583
ACC	TCC	AT	-0.05517	0.00761	0.00741	0.05517	0.00721	0.00741
ACC	CCC	AC	0.50818	0.00894	0.01141	-0.50818	0.01487	0.01141
ACC	ATC	CT	1.40188	0.04316	0.08027	-1.40188	0.17537	0.08027
ACC	ACT	CT	0.38174	0.04316	0.05193	-0.38174	0.06323	0.05193
ACA	TCA	AT	-0.80295	0.01120	0.00730	0.80295	0.00502	0.00730
ACA	CCA	AC	0.09136	0.01315	0.01376	-0.09136	0.01441	0.01376
ACA	ATA	CT	-1.26616	0.06348	0.03155	1.26616	0.01790	0.03155
ACA	ACT	AT	-0.14684	0.01120	0.01040	0.14684	0.00967	0.01040
ACA	ACC	AC	-0.52859	0.01315	0.00998	0.52859	0.00775	0.00998
ACG	TCG	AT	-2.58466	0.00242	0.00051	2.58466	0.00018	0.00051
ACG	CCG	AC	-0.14292	0.00284	0.00264	0.14292	0.00246	0.00264
ACG	ATG	CT	1.70140	0.01371	0.02853	-1.70140	0.07516	0.02853
ACG	ACT	GT	1.46465	0.00242	0.00461	-1.46465	0.01046	0.00461
ACG	ACC	GC	1.08291	0.00284	0.00465	-1.08291	0.00839	0.00465
ACG	ACA	GA	1.61149	0.01396	0.02811	-1.61149	0.06995	0.02811
AAT	TAT	AT	0.14032	0.01102	0.01181	-0.14032	0.01268	0.01181
AAT	CAT	AC	-0.51246	0.01294	0.00991	0.51246	0.00775	0.00991
AAT	ATT	AT	0.72731	0.01102	0.01551	-0.72731	0.02280	0.01551
AAT	ACT	AC	-0.29167	0.01294	0.01115	0.29167	0.00967	0.01115
AAC	TAC	AT	0.06361	0.01729	0.01785	-0.06361	0.01843	0.01785
AAC	CAC	AC	-1.03617	0.02031	0.01157	1.03617	0.00721	0.01157
AAC	ATC	AT	0.43892	0.01729	0.02136	-0.43892	0.02682	0.02136
AAC	ACC	AC	-0.96296	0.02031	0.01208	0.96296	0.00775	0.01208
AAC	AAT	CT	-0.28955	0.09801	0.08450	0.28955	0.07337	0.08450
AAA	CAA	AC	-1.41859	0.02789	0.01263	1.41859	0.00675	0.01263
AAA	ATA	AT	-2.16050	0.02374	0.00668	2.16050	0.00274	0.00668
AAA	ACA	AC	-0.89434	0.02789	0.01725	0.89434	0.01140	0.01725
AAA	AAT	AT	-0.74951	0.02374	0.01594	0.74951	0.01122	0.01594
AAA	AAC	AC	-0.45996	0.02789	0.02196	0.45996	0.01760	0.02196
AAG	CAG	AC	-1.07574	0.04493	0.02502	1.07574	0.01532	0.02502
AAG	ATG	AT	-1.20247	0.03825	0.01976	1.20247	0.01149	0.01976
AAG	ACG	AC	-2.90387	0.04493	0.00757	2.90387	0.00246	0.00757
AAG	AAT	GT	-1.14755	0.03825	0.02041	1.14755	0.01214	0.02041
AAG	AAC	GC	-0.85800	0.04493	0.02838	0.85800	0.01905	0.02838
AAG	AAA	GA	-0.39804	0.22079	0.17975	0.39804	0.14829	0.17975
AGT	TGT	AT	-2.79738	0.01496	0.00272	2.79738	0.00091	0.00272
AGT	CGT	AC	-2.42770	0.01757	0.00413	2.42770	0.00155	0.00413
AGT	ATT	GT	0.50052	0.01496	0.01902	-0.50052	0.02468	0.01902
AGT	ACT	GC	-0.51846	0.01757	0.01341	0.51846	0.01046	0.01341
AGT	AAT	GA	-0.22679	0.08635	0.07693	0.22679	0.06883	0.07693
AGC	TGC	AT	-0.38031	0.00627	0.00515	0.38031	0.00429	0.00515
AGC	CGC	AC	0.34478	0.00737	0.00871	-0.34478	0.01040	0.00871
AGC	ATC	GT	1.53213	0.00627	0.01226	-1.53213	0.02902	0.01226
AGC	ACC	GC	0.13025	0.00737	0.00786	-0.13025	0.00839	0.00786
AGC	AAC	GA	1.09321	0.03619	0.05951	-1.09321	0.10800	0.05951
AGC	AGT	CT	1.03045	0.03555	0.05695	-1.03045	0.09962	0.05695
AGA	CGA	AC	-8.47285	0.00442	0.00001	8.47285	0.00000	0.00000
AGA	ATA	GT	-0.23942	0.00376	0.00333	0.23942	0.00296	0.00333
AGA	ACA	GC	1.02674	0.00442	0.00707	-1.02674	0.01234	0.00707
AGA	AAA	GA	1.92108	0.02172	0.04888	-1.92108	0.14829	0.04888
AGA	AGT	AT	1.39836	0.00376	0.00699	-1.39836	0.01523	0.00699
AGA	AGC	AC	0.36790	0.00442	0.00528	-0.36790	0.00639	0.00528
AGG	TGG	AT	0.84252	0.00511	0.00756	-0.84252	0.01186	0.00756
AGG	CGG	AC	-0.92788	0.00600	0.00364	0.92788	0.00237	0.00364
AGG	ATG	GT	0.89028	0.00511	0.00771	-0.89028	0.01244	0.00771
AGG	ACG	GC	-0.81112	0.00600	0.00389	0.81112	0.00267	0.00389
AGG	AAG	GA	2.09275	0.02947	0.07036	-2.09275	0.23894	0.07036
AGG	AGT	GT	1.17199	0.00511	0.00867	-1.17199	0.01649	0.00867
AGG	AGC	GC	0.14154	0.00600	0.00643	-0.14154	0.00691	0.00643
AGG	AGA	GA	-0.22637	0.02947	0.02626	0.22637	0.02350	0.02626
GTT	TTT	GT	0.80611	0.01675	0.02440	-0.80611	0.03751	0.02440
GTT	CTT	GC	-0.64105	0.01968	0.01404	0.64105	0.01037	0.01404
GTT	ATT	GA	0.36937	0.09669	0.11564	-0.36937	0.13989	0.11564
GTC	TTC	GT	0.63051	0.01487	0.02005	-0.63051	0.02794	0.02005
GTC	CTC	GC	-0.27805	0.01747	0.01515	0.27805	0.01323	0.01515
GTC	ATC	GA	0.65061	0.08583	0.11676	-0.65061	0.16452	0.11676
GTC	GTT	CT	0.28008	0.08430	0.09665	-0.28008	0.11155	0.09665
GTA	TTA	GT	-2.89868	0.00179	0.00030	2.89868	0.00010	0.00030
GTA	CTA	GC	1.32239	0.00210	0.00379	-1.32239	0.00790	0.00379
GTA	ATA	GA	0.48448	0.01034	0.01305	-0.48448	0.01679	0.01305
GTA	GTT	AT	2.25341	0.00179	0.00451	-2.25341	0.01706	0.00451
GTA	GTC	AC	1.97333	0.00210	0.00482	-1.97333	0.01514	0.00482
GTG	TTG	GT	-0.46826	0.03153	0.02473	0.46826	0.01974	0.02473
GTG	CTG	GC	0.00736	0.03704	0.03718	-0.00736	0.03731	0.03718
GTG	ATG	GA	-0.94833	0.18201	0.10914	0.94833	0.07051	0.10914
GTG	GTT	GT	-0.53547	0.03153	0.02384	0.53547	0.01846	0.02384
GTG	GTC	GC	-0.81555	0.03704	0.02397	0.81555	0.01639	0.02397
GTG	GTA	GA	-2.78888	0.18201	0.03326	2.78888	0.01119	0.03326
GCT	TCT	GT	-0.78741	0.01801	0.01184	0.78741	0.00819	0.01184
GCT	CCT	GC	-1.02341	0.02115	0.01214	1.02341	0.00760	0.01214
GCT	ACT	GA	-0.56085	0.10393	0.07750	0.56085	0.05931	0.07750
GCT	GTT	CT	0.08876	0.10207	0.10667	-0.08876	0.11155	0.10667
GCC	TCC	GT	-0.22485	0.00976	0.00871	0.22485	0.00780	0.00871
GCC	CCC	GC	0.33850	0.01147	0.01352	-0.33850	0.01609	0.01352
GCC	ACC	GA	-0.16968	0.05636	0.05171	0.16968	0.04756	0.05171
GCC	GTC	CT	0.58160	0.05535	0.07300	-0.58160	0.09902	0.07300
GCC	GCT	CT	0.77291	0.05535	0.07947	-0.77291	0.11990	0.07947
GCA	TCA	GT	-0.55906	0.00950	0.00709	0.55906	0.00543	0.00709
GCA	CCA	GC	0.33525	0.01115	0.01313	-0.33525	0.01560	0.01313
GCA	ACA	GA	0.24389	0.05481	0.06176	-0.24389	0.06995	0.06176
GCA	GTA	CT	-1.50675	0.05383	0.02309	1.50675	0.01193	0.02309
GCA	GCT	AT	0.65790	0.00950	0.01296	-0.65790	0.01833	0.01296
GCA	GCC	AC	-0.11501	0.01115	0.01053	0.11501	0.00994	0.01053
GCG	TCG	GT	-3.54054	0.00681	0.00072	3.54054	0.00020	0.00072
GCG	CCG	GC	-1.09880	0.00800	0.00439	1.09880	0.00267	0.00439
GCG	ACG	GA	-0.95588	0.03930	0.02346	0.95588	0.01511	0.02346
GCG	GTG	CT	1.69385	0.03859	0.08010	-1.69385	0.20997	0.08010
GCG	GCT	GT	1.06962	0.00681	0.01109	-1.06962	0.01984	0.01109
GCG	GCC	GC	0.29671	0.00800	0.00924	-0.29671	0.01076	0.00924
GCG	GCA	GA	0.41172	0.03930	0.04794	-0.41172	0.05931	0.04794
GAT	TAT	GT	-1.56562	0.06567	0.02716	1.56562	0.01372	0.02716
GAT	CAT	GC	-2.21840	0.07713	0.02089	2.21840	0.00839	0.02089
GAT	AAT	GA	-1.70594	0.37901	0.14347	1.70594	0.06883	0.14347
GAT	GTT	AT	-1.34800	0.06567	0.03106	1.34800	0.01706	0.03106
GAT	GCT	AC	-1.43676	0.07713	0.03456	1.43676	0.01833	0.03456
GAC	TAC	GT	-1.34695	0.07669	0.03630	1.34695	0.01994	0.03630
GAC	CAC	GC	-2.44673	0.09008	0.02089	2.44673	0.00780	0.02089
GAC	AAC	GA	-1.41056	0.44260	0.20151	1.41056	0.10800	0.20151
GAC	GTC	AT	-1.62225	0.07669	0.03061	1.62225	0.01514	0.03061
GAC	GCC	AC	-2.20385	0.09008	0.02463	2.20385	0.00994	0.02463
GAC	GAT	CT	0.00583	0.43469	0.43596	-0.00583	0.43724	0.43596
GAA	CAA	GC	-1.85567	0.04672	0.01607	1.85567	0.00731	0.01607
GAA	AAA	GA	-0.43708	0.22958	0.18305	0.43708	0.14829	0.18305
GAA	GTA	AT	-3.08206	0.03978	0.00589	3.08206	0.00182	0.00589
GAA	GCA	AC	-1.57531	0.04672	0.01921	1.57531	0.00967	0.01921
GAA	GAT	AT	0.51935	0.03978	0.05100	-0.51935	0.06686	0.05100
GAA	GAC	AC	0.51352	0.04672	0.05974	-0.51352	0.07808	0.05974
GAG	CAG	GC	-1.67691	0.08871	0.03421	1.67691	0.01658	0.03421
GAG	AAG	GA	-0.60117	0.43588	0.31791	0.60117	0.23894	0.31791
GAG	GTG	AT	-0.85530	0.07552	0.04777	0.85530	0.03211	0.04777
GAG	GCG	AC	-2.54916	0.08871	0.01917	2.54916	0.00693	0.01917
GAG	GAT	GT	-0.04277	0.07552	0.07392	0.04277	0.07236	0.07392
GAG	GAC	GC	-0.04860	0.08871	0.08657	0.04860	0.08450	0.08657
GAG	GAA	GA	-0.56213	0.43588	0.32479	0.56213	0.24845	0.32479
GGT	TGT	GT	-1.62572	0.00502	0.00200	1.62572	0.00099	0.00200
GGT	CGT	GC	-1.25604	0.00589	0.00295	1.25604	0.00168	0.00295
GGT	AGT	GA	1.17166	0.02896	0.04916	-1.17166	0.09345	0.04916
GGT	GTT	GT	1.30281	0.00502	0.00898	-1.30281	0.01846	0.00898
GGT	GCT	GC	1.21405	0.00589	0.01018	-1.21405	0.01984	0.01018
GGT	GAT	GA	2.65081	0.02896	0.08259	-2.65081	0.41017	0.08259
GGC	TGC	GT	-0.84029	0.01075	0.00686	0.84029	0.00464	0.00686
GGC	CGC	GC	-0.11520	0.01263	0.01191	0.11520	0.01125	0.01191
GGC	AGC	GA	-0.45998	0.06205	0.04887	0.45998	0.03917	0.04887
GGC	GTC	GT	0.42155	0.01075	0.01317	-0.42155	0.01639	0.01317
GGC	GCC	GC	-0.16005	0.01263	0.01164	0.16005	0.01076	0.01164
GGC	GAC	GA	2.04380	0.06205	0.14568	-2.04380	0.47900	0.14568
GGC	GGT	CT	-0.60118	0.06094	0.04445	0.60118	0.03340	0.04445
GGA	CGA	GC	-8.68151	0.00589	0.00001	8.68151	0.00000	0.00000
GGA	AGA	GA	-0.20867	0.02896	0.02604	0.20867	0.02350	0.02604
GGA	GTA	GT	-0.93257	0.00502	0.00304	0.93257	0.00197	0.00304
GGA	GCA	GC	0.57418	0.00589	0.00775	-0.57418	0.01046	0.00775
GGA	GAA	GA	2.14949	0.02896	0.07045	-2.14949	0.24845	0.07045
GGA	GGT	AT	0.01803	0.00502	0.00506	-0.01803	0.00511	0.00506
GGA	GGC	AC	0.61922	0.00589	0.00790	-0.61922	0.01095	0.00790
GGG	TGG	GT	0.16056	0.01093	0.01183	-0.16056	0.01283	0.01183
GGG	CGG	GC	-1.60983	0.01284	0.00516	1.60983	0.00257	0.00516
GGG	AGG	GA	-0.68195	0.06308	0.04400	0.68195	0.03190	0.04400
GGG	GTG	GT	1.15666	0.01093	0.01844	-1.15666	0.03475	0.01844
GGG	GCG	GC	-0.53719	0.01284	0.00970	0.53719	0.00750	0.00970
GGG	GAG	GA	2.01196	0.06308	0.14651	-2.01196	0.47172	0.14651
GGG	GGT	GT	-0.68162	0.01093	0.00762	0.68162	0.00553	0.00762
GGG	GGC	GC	-0.08044	0.01284	0.01233	0.08044	0.01185	0.01233
GGG	GGA	GA	-0.69965	0.06308	0.04357	0.69965	0.03134	0.04357


Histograms
2Ns	FMut	FSub(CodonUsage)	FSubw(after w)

-9.13423	0.00371	0.00000
-8.22081	0.00082	0.00000
-7.30738	0.00007	0.00000
-6.39396	0.00158	0.00003
-5.48054	0.00590	0.00020
-4.56712	0.00792	0.00048
-3.65369	0.00555	0.00068
-2.74027	0.05743	0.01409
-1.82685	0.23670	0.11012
-0.91342	0.24273	0.20244
0.00000	0.27699	0.34393
0.91342	0.11424	0.20244
1.82685	0.04220	0.11012
2.74027	0.00389	0.01409
3.65369	0.00015	0.00068
4.56712	0.00008	0.00048
5.48054	0.00003	0.00020
6.39396	0.00000	0.00003
7.30738	0.00000	0.00000
8.22081	0.00000	0.00000
9.13423	0.00000	0.00000

Proportion of advantageous (S > 0) mutations:
 0.28452

Proportions of good & bad mutations (|S| > 2.0000) among mutations:
0.01389  0.16075

mean |Ns| = 1.12439	mean Ns+ = 0.66883	mean Ns- = -1.30555


MLEs of dN/dS (w) for site classes (K=4)

site class             0        1       2a       2b
proportion       0.15586  0.02537  0.70414  0.11463
background w     0.08809  2.24310  0.08809  2.24310
foreground w     0.08809  2.24310  0.31247  0.31247

Naive Empirical Bayes (NEB) probabilities for 4 classes
(amino acids refer to 1st sequence: Bbon)

   1 M   0.18010 0.00419 0.79177 0.02393 ( 3)
   2 K   0.06938 0.10148 0.30881 0.52033 ( 4)
   3 R   0.11073 0.06091 0.48814 0.34022 ( 3)
   4 T   0.17949 0.00457 0.79013 0.02580 ( 3)
   5 H   0.05741 0.02678 0.89374 0.02206 ( 3)
   6 L   0.16188 0.01934 0.72812 0.09067 ( 3)
   7 F   0.16795 0.01365 0.75134 0.06706 ( 3)
   8 V   0.16970 0.01210 0.75779 0.06040 ( 3)
   9 M   0.06417 0.10839 0.28657 0.54086 ( 4)
  10 A   0.05532 0.04403 0.86721 0.03344 ( 3)
  11 V   0.17671 0.00648 0.78182 0.03499 ( 3)
  12 Y   0.17080 0.01116 0.76178 0.05626 ( 3)
  13 L   0.16188 0.01934 0.72812 0.09067 ( 3)
  14 L   0.16188 0.01934 0.72812 0.09067 ( 3)
  15 S   0.18047 0.00396 0.79281 0.02276 ( 3)
  16 S   0.18047 0.00396 0.79281 0.02276 ( 3)
  17 C   0.18275 0.00269 0.79838 0.01618 ( 3)
  18 R   0.18280 0.00266 0.79849 0.01605 ( 3)
  19 A   0.17343 0.00899 0.77099 0.04659 ( 3)
  20 E   0.06083 0.11184 0.27178 0.55555 ( 4)
  21 E   0.16921 0.01253 0.75600 0.06225 ( 3)
  22 G   0.17900 0.00489 0.78875 0.02736 ( 3)
  23 L   0.16270 0.01853 0.72991 0.08886 ( 3)
  24 N   0.10129 0.06856 0.44630 0.38385 ( 3)
  25 F   0.17075 0.01120 0.76159 0.05646 ( 3)
  26 P   0.17278 0.00951 0.76874 0.04897 ( 3)
  27 T   0.17949 0.00457 0.79013 0.02580 ( 3)
  28 Y   0.17119 0.01083 0.76318 0.05481 ( 3)
  29 D   0.16726 0.01427 0.74875 0.06971 ( 3)
  30 G   0.17935 0.00466 0.78974 0.02625 ( 3)
  31 K   0.07198 0.09470 0.31819 0.51513 ( 4)
  32 D   0.16735 0.01419 0.74917 0.06929 ( 3)
  33 R   0.17304 0.00929 0.76976 0.04791 ( 3)
  34 V   0.17000 0.01183 0.75912 0.05905 ( 3)
  35 V   0.17682 0.00638 0.78231 0.03449 ( 3)
  36 S   0.17188 0.01025 0.76570 0.05218 ( 3)
  37 L   0.17053 0.01138 0.76094 0.05714 ( 3)
  38 T   0.17957 0.00450 0.79056 0.02537 ( 3)
  39 E   0.16932 0.01244 0.75646 0.06179 ( 3)
  40 K   0.17255 0.00969 0.76807 0.04969 ( 3)
  41 N   0.17917 0.00476 0.78943 0.02664 ( 3)
  42 F   0.17086 0.01110 0.76207 0.05597 ( 3)
  43 K   0.17255 0.00969 0.76807 0.04969 ( 3)
  44 Q   0.16907 0.01265 0.75562 0.06266 ( 3)
  45 V   0.17674 0.00645 0.78203 0.03478 ( 3)
  46 L   0.04734 0.11946 0.75328 0.07992 ( 3)
  47 K   0.17255 0.00969 0.76807 0.04969 ( 3)
  48 K   0.17265 0.00961 0.76841 0.04933 ( 3)
  49 Y   0.06563 0.10620 0.29270 0.53547 ( 4)
  50 D   0.16735 0.01419 0.74917 0.06929 ( 3)
  51 L   0.16511 0.01626 0.74096 0.07767 ( 3)
  52 L   0.17755 0.00566 0.78658 0.03022 ( 3)
  53 C   0.18276 0.00244 0.80039 0.01441 ( 3)
  54 L   0.17763 0.00563 0.78653 0.03021 ( 3)
  55 Y   0.17065 0.01122 0.76236 0.05578 ( 3)
  56 Y   0.06530 0.10770 0.29174 0.53526 ( 4)
  57 H   0.17684 0.00621 0.78401 0.03295 ( 3)
  58 E   0.16909 0.01259 0.75653 0.06179 ( 3)
  59 P   0.17258 0.00958 0.76938 0.04847 ( 3)
  60 V   0.06100 0.11342 0.27314 0.55244 ( 4)
  61 S   0.17888 0.00475 0.79039 0.02598 ( 3)
  62 S   0.17672 0.00708 0.77483 0.04137 ( 3)
  63 D   0.16619 0.01523 0.74547 0.07311 ( 3)
  64 K   0.17234 0.00978 0.76854 0.04934 ( 3)
  65 A   0.00624 0.15390 0.02770 0.81216 ( 4)
  66 A   0.00106 0.55964 0.01656 0.42274 ( 2)
  67 Q   0.16884 0.01280 0.75568 0.06267 ( 3)
  68 K   0.17234 0.00978 0.76854 0.04934 ( 3)
  69 Q   0.02784 0.14379 0.12458 0.70379 ( 4)
  70 F   0.06725 0.10594 0.30045 0.52636 ( 4)
  71 Q   0.16876 0.01287 0.75541 0.06295 ( 3)
  72 M   0.00287 0.17370 0.01290 0.81053 ( 4)
  73 K   0.17234 0.00978 0.76854 0.04934 ( 3)
  74 E   0.16949 0.01224 0.75791 0.06035 ( 3)
  75 I   0.17048 0.01137 0.76158 0.05656 ( 3)
  76 V   0.17108 0.01108 0.76008 0.05776 ( 3)
  77 L   0.16173 0.01949 0.72786 0.09093 ( 3)
  78 E   0.16888 0.01278 0.75561 0.06272 ( 3)
  79 F   0.16634 0.01514 0.74414 0.07437 ( 3)
  80 D   0.04900 0.12516 0.21954 0.60630 ( 4)
  81 E   0.16807 0.01360 0.75038 0.06795 ( 3)
  82 E   0.16807 0.01360 0.75038 0.06795 ( 3)
  83 G   0.17691 0.00659 0.77969 0.03681 ( 3)
  84 S   0.16986 0.01205 0.75672 0.06137 ( 3)
  85 L   0.16095 0.02023 0.72396 0.09486 ( 3)
  86 Y   0.16931 0.01252 0.75480 0.06337 ( 3)
  87 V   0.05305 0.06456 0.83312 0.04928 ( 3)
  88 L   0.17595 0.00730 0.77643 0.04032 ( 3)
  89 K   0.17049 0.01152 0.75892 0.05907 ( 3)
  90 G   0.18200 0.00347 0.79322 0.02131 ( 3)
  91 D   0.16483 0.01653 0.73856 0.08009 ( 3)
  92 R   0.17097 0.01113 0.76054 0.05737 ( 3)
  93 T   0.17012 0.01183 0.75762 0.06043 ( 3)
  94 I   0.17082 0.01125 0.76002 0.05791 ( 3)
  95 E   0.16749 0.01411 0.74831 0.07009 ( 3)
  96 F   0.16634 0.01514 0.74414 0.07437 ( 3)
  97 D   0.16483 0.01653 0.73856 0.08009 ( 3)
  98 G   0.17738 0.00627 0.78108 0.03527 ( 3)
  99 E   0.16749 0.01411 0.74831 0.07009 ( 3)
 100 F   0.16634 0.01514 0.74414 0.07437 ( 3)
 101 A   0.17186 0.01037 0.76404 0.05373 ( 3)
 102 A   0.17155 0.01064 0.76255 0.05525 ( 3)
 103 D   0.16483 0.01653 0.73856 0.08009 ( 3)
 104 V   0.17468 0.00820 0.77282 0.04430 ( 3)
 105 L   0.16373 0.01756 0.73450 0.08422 ( 3)
 106 V   0.16794 0.01371 0.74992 0.06843 ( 3)
 107 E   0.16749 0.01411 0.74831 0.07009 ( 3)
 108 F   0.16640 0.01510 0.74413 0.07437 ( 3)
 109 L   0.17598 0.00725 0.77687 0.03991 ( 3)
 110 L   0.16373 0.01756 0.73450 0.08422 ( 3)
 111 D   0.16537 0.01600 0.74189 0.07674 ( 3)
 112 L   0.08917 0.07947 0.39400 0.43737 ( 4)
 113 I   0.06997 0.09862 0.31058 0.52083 ( 4)
 114 E   0.16933 0.01245 0.75603 0.06219 ( 3)
 115 D   0.16681 0.01469 0.74673 0.07176 ( 3)
 116 P   0.17089 0.01109 0.76204 0.05599 ( 3)
 117 V   0.16970 0.01210 0.75779 0.06040 ( 3)
 118 E   0.16921 0.01253 0.75600 0.06225 ( 3)
 119 I   0.17086 0.01111 0.76197 0.05606 ( 3)
 120 I   0.17086 0.01111 0.76197 0.05606 ( 3)
 121 N   0.10043 0.06913 0.44238 0.38805 ( 3)
 122 S   0.18066 0.00385 0.79331 0.02218 ( 3)
 123 K   0.17254 0.00971 0.76791 0.04984 ( 3)
 124 L   0.16188 0.01934 0.72812 0.09067 ( 3)
 125 E   0.16984 0.01198 0.75831 0.05987 ( 3)
 126 V   0.17671 0.00648 0.78182 0.03499 ( 3)
 127 Q   0.16888 0.01281 0.75490 0.06340 ( 3)
 128 A   0.17719 0.00613 0.78332 0.03335 ( 3)
 129 F   0.16795 0.01365 0.75134 0.06706 ( 3)
 130 E   0.16921 0.01253 0.75600 0.06225 ( 3)
 131 R   0.17293 0.00939 0.76926 0.04842 ( 3)
 132 I   0.17277 0.00952 0.76871 0.04900 ( 3)
 133 E   0.16921 0.01253 0.75600 0.06225 ( 3)
 134 D   0.16726 0.01427 0.74875 0.06971 ( 3)
 135 H   0.17716 0.00615 0.78325 0.03344 ( 3)
 136 I   0.17086 0.01111 0.76197 0.05606 ( 3)
 137 K   0.17254 0.00971 0.76791 0.04984 ( 3)
 138 L   0.17799 0.00558 0.78574 0.03070 ( 3)
 139 I   0.17098 0.01100 0.76251 0.05551 ( 3)
 140 G   0.17935 0.00466 0.78974 0.02625 ( 3)
 141 F   0.16795 0.01365 0.75134 0.06706 ( 3)
 142 F   0.17075 0.01120 0.76159 0.05646 ( 3)
 143 K   0.17244 0.00979 0.76757 0.05020 ( 3)
 144 S   0.17177 0.01035 0.76521 0.05268 ( 3)
 145 E   0.16921 0.01254 0.75597 0.06229 ( 3)
 146 D   0.16726 0.01427 0.74875 0.06971 ( 3)
 147 S   0.17309 0.00925 0.76988 0.04777 ( 3)
 148 -   0.16785 0.01378 0.74992 0.06845 ( 3)
 149 -   0.05601 0.11797 0.25090 0.57513 ( 4)
 150 Y   0.17039 0.01153 0.75994 0.05814 ( 3)
 151 K   0.17201 0.01017 0.76566 0.05216 ( 3)
 152 A   0.17310 0.00928 0.76942 0.04819 ( 3)
 153 F   0.16758 0.01399 0.74969 0.06874 ( 3)
 154 E   0.16944 0.01235 0.75652 0.06169 ( 3)
 155 E   0.16882 0.01289 0.75426 0.06403 ( 3)
 156 A   0.17299 0.00937 0.76905 0.04858 ( 3)
 157 A   0.17310 0.00928 0.76942 0.04819 ( 3)
 158 E   0.16944 0.01235 0.75652 0.06169 ( 3)
 159 H   0.17673 0.00651 0.78134 0.03542 ( 3)
 160 F   0.17034 0.01157 0.75975 0.05834 ( 3)
 161 Q   0.16858 0.01310 0.75344 0.06488 ( 3)
 162 P   0.18023 0.00420 0.79138 0.02420 ( 3)
 163 Y   0.17039 0.01153 0.75994 0.05814 ( 3)
 164 I   0.17045 0.01148 0.76012 0.05795 ( 3)
 165 K   0.17211 0.01009 0.76600 0.05180 ( 3)
 166 F   0.16758 0.01399 0.74969 0.06874 ( 3)
 167 F   0.16758 0.01399 0.74969 0.06874 ( 3)
 168 A   0.17310 0.00928 0.76942 0.04819 ( 3)
 169 T   0.17860 0.00522 0.78694 0.02924 ( 3)
 170 F   0.17034 0.01157 0.75975 0.05834 ( 3)
 171 D   0.16690 0.01461 0.74716 0.07133 ( 3)
 172 K   0.17211 0.01009 0.76600 0.05180 ( 3)
 173 G   0.17859 0.00523 0.78694 0.02925 ( 3)
 174 V   0.17393 0.00836 0.77545 0.04227 ( 3)
 175 A   0.17101 0.01084 0.76470 0.05346 ( 3)
 176 K   0.17011 0.01163 0.76133 0.05693 ( 3)
 177 K   0.17020 0.01155 0.76166 0.05659 ( 3)
 178 L   0.16366 0.01761 0.73609 0.08264 ( 3)
 179 S   0.17751 0.00554 0.78779 0.02916 ( 3)
 180 L   0.16366 0.01761 0.73609 0.08264 ( 3)
 181 K   0.17011 0.01163 0.76133 0.05693 ( 3)
 182 M   0.17716 0.00581 0.78660 0.03044 ( 3)
 183 N   0.17911 0.00440 0.79284 0.02365 ( 3)
 184 E   0.16724 0.01423 0.75022 0.06830 ( 3)
 185 V   0.17393 0.00836 0.77545 0.04226 ( 3)
 186 D   0.16553 0.01583 0.74347 0.07517 ( 3)
 187 F   0.16861 0.01298 0.75553 0.06288 ( 3)
 188 Y   0.16899 0.01264 0.75702 0.06136 ( 3)
 189 E   0.16724 0.01423 0.75022 0.06830 ( 3)
 190 P   0.16803 0.01351 0.75327 0.06519 ( 3)
 191 F   0.16613 0.01527 0.74586 0.07274 ( 3)
 192 M   0.17716 0.00581 0.78660 0.03044 ( 3)
 193 D   0.16549 0.01587 0.74330 0.07534 ( 3)
 194 E   0.16724 0.01423 0.75022 0.06830 ( 3)
 195 P   0.17042 0.01136 0.76247 0.05576 ( 3)
 196 I   0.17041 0.01137 0.76243 0.05579 ( 3)
 197 A   0.17445 0.00793 0.77733 0.04029 ( 3)
 198 I   0.16870 0.01290 0.75589 0.06251 ( 3)
 199 P   0.17391 0.00838 0.77529 0.04242 ( 3)
 200 D   0.16543 0.01593 0.74302 0.07563 ( 3)
 201 K   0.06364 0.11044 0.28479 0.54113 ( 4)
 202 P   0.17029 0.01148 0.76189 0.05634 ( 3)
 203 Y   0.16853 0.01305 0.75518 0.06324 ( 3)
 204 T   0.16963 0.01207 0.75938 0.05892 ( 3)
 205 E   0.16768 0.01383 0.75188 0.06660 ( 3)
 206 E   0.05477 0.12063 0.24571 0.57888 ( 4)
 207 E   0.16705 0.01441 0.74938 0.06915 ( 3)
 208 L   0.17519 0.00735 0.77970 0.03776 ( 3)
 209 V   0.16748 0.01402 0.75105 0.06745 ( 3)
 210 E   0.05505 0.12037 0.24694 0.57763 ( 4)
 211 F   0.16599 0.01540 0.74521 0.07340 ( 3)
 212 V   0.16711 0.01431 0.75078 0.06779 ( 3)
 213 K   0.16945 0.01214 0.76013 0.05828 ( 3)
 214 E   0.16670 0.01470 0.74911 0.06949 ( 3)
 215 H   0.17761 0.00518 0.79067 0.02655 ( 3)
 216 Q   0.16645 0.01493 0.74817 0.07045 ( 3)
 217 -   0.16962 0.01178 0.76402 0.05459 ( 3)
 218 -   0.16414 0.01712 0.74042 0.07832 ( 3)
 219 -   0.16818 0.01316 0.75795 0.06071 ( 3)
 220 -   0.16458 0.01675 0.73972 0.07896 ( 3)
 221 -   0.06743 0.08697 0.51571 0.32989 ( 3)
 222 -   0.16610 0.01528 0.74659 0.07203 ( 3)
 223 -   0.16102 0.02019 0.72575 0.09304 ( 3)
 224 -   0.16610 0.01528 0.74659 0.07203 ( 3)
 225 -   0.16419 0.01712 0.73877 0.07992 ( 3)
 226 -   0.16401 0.01728 0.73807 0.08064 ( 3)
 227 -   0.16175 0.01949 0.72875 0.09001 ( 3)
 228 -   0.17167 0.01017 0.76861 0.04955 ( 3)
 229 -   0.16279 0.01846 0.73307 0.08567 ( 3)
 230 -   0.16392 0.01737 0.73767 0.08104 ( 3)
 231 -   0.16549 0.01587 0.74408 0.07457 ( 3)
 232 -   0.16120 0.02002 0.72649 0.09229 ( 3)
 233 E   0.16995 0.01189 0.75877 0.05939 ( 3)
 234 D   0.16636 0.01509 0.74544 0.07311 ( 3)
 235 D   0.16636 0.01509 0.74544 0.07311 ( 3)
 236 L   0.16517 0.01619 0.74097 0.07767 ( 3)
 237 N   0.17915 0.00478 0.78932 0.02675 ( 3)
 238 G   0.17911 0.00480 0.78921 0.02688 ( 3)
 239 I   0.17097 0.01101 0.76245 0.05557 ( 3)
 240 H   0.18177 0.00319 0.79628 0.01876 ( 3)
 241 I   0.17288 0.00942 0.76920 0.04849 ( 3)
 242 V   0.16981 0.01201 0.75826 0.05993 ( 3)
 243 A   0.17730 0.00604 0.78381 0.03285 ( 3)
 244 F   0.16830 0.01333 0.75289 0.06549 ( 3)
 245 A   0.17796 0.00562 0.78538 0.03104 ( 3)
 246 E   0.16932 0.01244 0.75646 0.06179 ( 3)
 247 R   0.18264 0.00265 0.79894 0.01577 ( 3)
 248 S   0.17188 0.01025 0.76570 0.05218 ( 3)
 249 D   0.16636 0.01509 0.74544 0.07311 ( 3)
 250 P   0.17021 0.01166 0.75970 0.05843 ( 3)
 251 D   0.16627 0.01517 0.74505 0.07350 ( 3)
 252 G   0.17935 0.00466 0.78974 0.02625 ( 3)
 253 Y   0.17100 0.01099 0.76256 0.05545 ( 3)
 254 E   0.16921 0.01253 0.75600 0.06225 ( 3)
 255 F   0.17075 0.01120 0.76159 0.05646 ( 3)
 256 L   0.16188 0.01934 0.72812 0.09067 ( 3)
 257 E   0.16921 0.01253 0.75600 0.06225 ( 3)
 258 I   0.17086 0.01111 0.76197 0.05606 ( 3)
 259 L   0.16188 0.01934 0.72812 0.09067 ( 3)
 260 K   0.17244 0.00979 0.76757 0.05020 ( 3)
 261 Q   0.16894 0.01276 0.75506 0.06323 ( 3)
 262 V   0.17663 0.00654 0.78154 0.03529 ( 3)
 263 A   0.17354 0.00890 0.77136 0.04620 ( 3)
 264 R   0.18339 0.00227 0.80058 0.01376 ( 3)
 265 D   0.16726 0.01427 0.74875 0.06971 ( 3)
 266 N   0.17904 0.00486 0.78887 0.02723 ( 3)
 267 T   0.18103 0.00334 0.79675 0.01889 ( 3)
 268 D   0.16726 0.01427 0.74875 0.06971 ( 3)
 269 N   0.17904 0.00486 0.78887 0.02723 ( 3)
 270 P   0.17676 0.00644 0.78196 0.03484 ( 3)
 271 D   0.16726 0.01427 0.74875 0.06971 ( 3)
 272 L   0.16337 0.01790 0.73482 0.08392 ( 3)
 273 S   0.18066 0.00385 0.79331 0.02218 ( 3)
 274 I   0.17092 0.01107 0.76199 0.05601 ( 3)
 275 V   0.11347 0.05827 0.49949 0.32877 ( 3)
 276 W   0.16538 0.01600 0.74169 0.07693 ( 3)
 277 I   0.17086 0.01111 0.76197 0.05606 ( 3)
 278 D   0.16726 0.01427 0.74875 0.06971 ( 3)
 279 P   0.17010 0.01176 0.75923 0.05891 ( 3)
 280 D   0.16635 0.01511 0.74528 0.07327 ( 3)
 281 D   0.16726 0.01427 0.74875 0.06971 ( 3)
 282 F   0.16795 0.01365 0.75134 0.06706 ( 3)
 283 P   0.17676 0.00644 0.78196 0.03484 ( 3)
 284 L   0.16188 0.01934 0.72812 0.09067 ( 3)
 285 L   0.17833 0.00532 0.78693 0.02941 ( 3)
 286 V   0.17674 0.00645 0.78203 0.03478 ( 3)
 287 A   0.17692 0.00620 0.78375 0.03313 ( 3)
 288 Y   0.17129 0.01074 0.76361 0.05436 ( 3)
 289 W   0.16546 0.01592 0.74206 0.07656 ( 3)
 290 E   0.16995 0.01189 0.75877 0.05939 ( 3)
 291 K   0.17255 0.00969 0.76807 0.04969 ( 3)
 292 T   0.17911 0.00480 0.78922 0.02687 ( 3)
 293 F   0.17086 0.01110 0.76207 0.05597 ( 3)
 294 K   0.17255 0.00969 0.76807 0.04969 ( 3)
 295 I   0.17288 0.00942 0.76920 0.04849 ( 3)
 296 D   0.16735 0.01419 0.74917 0.06929 ( 3)
 297 L   0.17053 0.01138 0.76094 0.05714 ( 3)
 298 F   0.17086 0.01110 0.76207 0.05597 ( 3)
 299 K   0.17255 0.00969 0.76807 0.04969 ( 3)
 300 P   0.17025 0.01162 0.75990 0.05822 ( 3)
 301 Q   0.16907 0.01265 0.75562 0.06266 ( 3)
 302 I   0.17288 0.00942 0.76920 0.04849 ( 3)
 303 G   0.17900 0.00487 0.78892 0.02721 ( 3)
 304 V   0.16981 0.01201 0.75826 0.05993 ( 3)
 305 V   0.16981 0.01201 0.75826 0.05993 ( 3)
 306 N   0.18226 0.00292 0.79744 0.01737 ( 3)
 307 V   0.17674 0.00645 0.78203 0.03478 ( 3)
 308 T   0.17215 0.01002 0.76665 0.05118 ( 3)
 309 D   0.16636 0.01509 0.74544 0.07311 ( 3)
 310 A   0.17365 0.00880 0.77186 0.04569 ( 3)
 311 D   0.16735 0.01419 0.74917 0.06929 ( 3)
 312 S   0.17188 0.01025 0.76570 0.05218 ( 3)
 313 V   0.17682 0.00638 0.78231 0.03449 ( 3)
 314 W   0.16546 0.01592 0.74206 0.07656 ( 3)
 315 M   0.18020 0.00411 0.79221 0.02347 ( 3)
 316 E   0.16932 0.01244 0.75645 0.06178 ( 3)
 317 I   0.17288 0.00942 0.76920 0.04849 ( 3)
 318 P   0.17070 0.01127 0.76110 0.05694 ( 3)
 319 D   0.05273 0.12165 0.23629 0.58932 ( 4)
 320 G   0.18348 0.00223 0.80070 0.01359 ( 3)
 321 D   0.16636 0.01509 0.74544 0.07311 ( 3)
 322 D   0.04247 0.16833 0.67453 0.11466 ( 3)
 323 L   0.16193 0.01928 0.72837 0.09042 ( 3)
 324 P   0.17289 0.00941 0.76924 0.04846 ( 3)
 325 T   0.17215 0.01002 0.76665 0.05118 ( 3)
 326 A   0.17365 0.00880 0.77186 0.04569 ( 3)
 327 E   0.16932 0.01244 0.75646 0.06179 ( 3)
 328 E   0.16932 0.01244 0.75646 0.06179 ( 3)
 329 L   0.16193 0.01928 0.72837 0.09042 ( 3)
 330 E   0.16995 0.01189 0.75877 0.05939 ( 3)
 331 D   0.16735 0.01419 0.74917 0.06929 ( 3)
 332 W   0.16546 0.01592 0.74206 0.07656 ( 3)
 333 I   0.07309 0.09790 0.32518 0.50383 ( 4)
 334 E   0.16932 0.01244 0.75646 0.06179 ( 3)
 335 D   0.16642 0.01504 0.74571 0.07284 ( 3)
 336 V   0.16981 0.01201 0.75826 0.05993 ( 3)
 337 L   0.17833 0.00532 0.78693 0.02941 ( 3)
 338 S   0.17934 0.00466 0.78978 0.02622 ( 3)
 339 G   0.17911 0.00480 0.78921 0.02688 ( 3)
 340 K   0.17255 0.00969 0.76807 0.04969 ( 3)
 341 I   0.18459 0.00181 0.80217 0.01143 ( 3)
 342 N   0.10212 0.06788 0.44994 0.38007 ( 3)
 343 T   0.17911 0.00480 0.78922 0.02687 ( 3)
 344 E   0.16938 0.01238 0.75673 0.06151 ( 3)
 345 D   0.16656 0.01492 0.74608 0.07245 ( 3)
 346 D   0.16630 0.01515 0.74518 0.07337 ( 3)
 347 D   0.16729 0.01424 0.74890 0.06957 ( 3)
 348 N   0.00002 0.14926 0.00007 0.85066 ( 4)
 349 E   0.16983 0.01199 0.75827 0.05991 ( 3)
 350 D   0.16630 0.01514 0.74519 0.07336 ( 3)
 351 E   0.16988 0.01195 0.75847 0.05970 ( 3)
 352 E   0.00371 0.16417 0.01659 0.81552 ( 4)
 353 D   0.16630 0.01514 0.74519 0.07336 ( 3)
 354 E   0.16988 0.01195 0.75847 0.05970 ( 3)
 355 E   0.16925 0.01250 0.75617 0.06209 ( 3)
 356 D   0.16640 0.01506 0.74538 0.07316 ( 3)
 357 D   0.16735 0.01419 0.74917 0.06929 ( 3)
 358 D   0.05962 0.11446 0.26689 0.55902 ( 4)
 359 D   0.16734 0.01420 0.74917 0.06929 ( 3)
 360 N   0.08386 0.09004 0.37424 0.45186 ( 4)
 361 -   0.04316 0.13277 0.19383 0.63023 ( 4)
 362 D   0.05041 0.12384 0.22586 0.59990 ( 4)
 363 D   0.16649 0.01497 0.74600 0.07254 ( 3)
 364 D   0.16735 0.01419 0.74917 0.06929 ( 3)
 365 N   0.00028 0.15636 0.00124 0.84211 ( 4)
 366 D   0.16572 0.01571 0.74185 0.07673 ( 3)
 367 N   0.18042 0.00435 0.78939 0.02584 ( 3)
 368 S   0.17733 0.00631 0.78091 0.03545 ( 3)
 369 D   0.16566 0.01576 0.74161 0.07696 ( 3)
 370 E   0.16769 0.01394 0.74869 0.06967 ( 3)
 371 E   0.00325 0.16460 0.01452 0.81764 ( 4)
 372 D   0.01781 0.15697 0.08000 0.74521 ( 4)
 373 D   0.00357 0.15869 0.01588 0.82185 ( 4)
 374 D   0.05842 0.11632 0.26177 0.56349 ( 4)
 375 D   0.16735 0.01419 0.74917 0.06929 ( 3)
 376 S   0.00459 0.15469 0.02036 0.82036 ( 4)
 377 D   0.05290 0.12150 0.23702 0.58859 ( 4)
 378 D   0.05961 0.11452 0.26684 0.55903 ( 4)
 379 D   0.04826 0.11036 0.76592 0.07546 ( 3)
 380 E   0.00303 0.16725 0.01358 0.81613 ( 4)
 381 D   0.16729 0.01424 0.74890 0.06957 ( 3)


lnL = -2370.206521

Bayes Empirical Bayes (BEB) probabilities for 4 classes (class)
(amino acids refer to 1st sequence: Bbon)

   1 M   0.80560 0.13969 0.04586 0.00885 ( 1)
   2 K   0.19343 0.74329 0.01237 0.05092 ( 2)
   3 R   0.26056 0.67979 0.01573 0.04391 ( 2)
   4 T   0.80023 0.14442 0.04613 0.00922 ( 1)
   5 H   0.18181 0.43921 0.32310 0.05587 ( 2)
   6 L   0.69000 0.24253 0.04977 0.01771 ( 1)
   7 F   0.72134 0.21450 0.04906 0.01510 ( 1)
   8 V   0.73131 0.20560 0.04878 0.01431 ( 1)
   9 M   0.18444 0.75086 0.01219 0.05250 ( 2)
  10 A   0.15690 0.47080 0.30735 0.06496 ( 2)
  11 V   0.77789 0.16417 0.04715 0.01079 ( 1)
  12 Y   0.73785 0.19977 0.04859 0.01379 ( 1)
  13 L   0.69000 0.24253 0.04977 0.01771 ( 1)
  14 L   0.69000 0.24253 0.04977 0.01771 ( 1)
  15 S   0.80879 0.13689 0.04569 0.00863 ( 1)
  16 S   0.80879 0.13689 0.04569 0.00863 ( 1)
  17 C   0.83013 0.11818 0.04445 0.00723 ( 1)
  18 R   0.83056 0.11781 0.04443 0.00720 ( 1)
  19 A   0.75455 0.18489 0.04805 0.01251 ( 1)
  20 E   0.17957 0.75549 0.01193 0.05301 ( 2)
  21 E   0.72847 0.20813 0.04886 0.01453 ( 1)
  22 G   0.79604 0.14813 0.04634 0.00950 ( 1)
  23 L   0.69487 0.23926 0.04870 0.01716 ( 1)
  24 N   0.24557 0.69551 0.01416 0.04476 ( 2)
  25 F   0.73759 0.19999 0.04860 0.01381 ( 1)
  26 P   0.75033 0.18864 0.04819 0.01283 ( 1)
  27 T   0.80023 0.14442 0.04613 0.00922 ( 1)
  28 Y   0.74016 0.19771 0.04852 0.01361 ( 1)
  29 D   0.71751 0.21792 0.04916 0.01541 ( 1)
  30 G   0.79896 0.14554 0.04619 0.00930 ( 1)
  31 K   0.20060 0.73895 0.01195 0.04850 ( 2)
  32 D   0.71799 0.21744 0.04919 0.01538 ( 1)
  33 R   0.75200 0.18709 0.04821 0.01271 ( 1)
  34 V   0.73300 0.20391 0.04890 0.01419 ( 1)
  35 V   0.77878 0.16328 0.04721 0.01073 ( 1)
  36 S   0.74449 0.19377 0.04845 0.01328 ( 1)
  37 L   0.73602 0.20134 0.04870 0.01394 ( 1)
  38 T   0.80103 0.14357 0.04623 0.00917 ( 1)
  39 E   0.72904 0.20757 0.04890 0.01449 ( 1)
  40 K   0.74875 0.18999 0.04831 0.01296 ( 1)
  41 N   0.79766 0.14655 0.04639 0.00940 ( 1)
  42 F   0.73823 0.19936 0.04864 0.01377 ( 1)
  43 K   0.74875 0.18999 0.04831 0.01296 ( 1)
  44 Q   0.72733 0.20910 0.04894 0.01463 ( 1)
  45 V   0.77814 0.16385 0.04723 0.01078 ( 1)
  46 L   0.11133 0.53306 0.26817 0.08744 ( 2)
  47 K   0.74875 0.18999 0.04831 0.01296 ( 1)
  48 K   0.74940 0.18940 0.04829 0.01291 ( 1)
  49 Y   0.18722 0.74863 0.01222 0.05193 ( 2)
  50 D   0.71799 0.21744 0.04919 0.01538 ( 1)
  51 L   0.70540 0.22831 0.04981 0.01647 ( 1)
  52 L   0.78541 0.15602 0.04824 0.01033 ( 1)
  53 C   0.83338 0.11388 0.04569 0.00706 ( 1)
  54 L   0.78587 0.15580 0.04804 0.01029 ( 1)
  55 Y   0.73664 0.20002 0.04938 0.01396 ( 1)
  56 Y   0.18588 0.74923 0.01235 0.05254 ( 2)
  57 H   0.77946 0.16154 0.04826 0.01075 ( 1)
  58 E   0.72741 0.20835 0.04955 0.01468 ( 1)
  59 P   0.74893 0.18894 0.04911 0.01301 ( 1)
  60 V   0.17881 0.75522 0.01218 0.05380 ( 2)
  61 S   0.79642 0.14639 0.04765 0.00954 ( 1)
  62 S   0.77608 0.17030 0.04299 0.01062 ( 1)
  63 D   0.71136 0.22287 0.04980 0.01597 ( 1)
  64 K   0.74732 0.19040 0.04915 0.01313 ( 1)
  65 A   0.02923 0.90819 0.00177 0.06081 ( 2)
  66 A   0.00432 0.85976 0.00437 0.13155 ( 2)
  67 Q   0.72575 0.20986 0.04957 0.01481 ( 1)
  68 K   0.74732 0.19040 0.04915 0.01313 ( 1)
  69 Q   0.11274 0.82140 0.00761 0.05825 ( 2)
  70 F   0.18866 0.74644 0.01254 0.05237 ( 2)
  71 Q   0.72507 0.21048 0.04958 0.01486 ( 1)
  72 M   0.02097 0.91053 0.00147 0.06704 ( 2)
  73 K   0.74732 0.19040 0.04915 0.01313 ( 1)
  74 E   0.72982 0.20629 0.04941 0.01448 ( 1)
  75 I   0.73575 0.20095 0.04929 0.01402 ( 1)
  76 V   0.74017 0.19957 0.04682 0.01345 ( 1)
  77 L   0.68907 0.24310 0.05001 0.01782 ( 1)
  78 E   0.72629 0.20948 0.04948 0.01476 ( 1)
  79 F   0.71290 0.22291 0.04849 0.01570 ( 1)
  80 D   0.16111 0.77258 0.01104 0.05526 ( 2)
  81 E   0.72224 0.21473 0.04810 0.01493 ( 1)
  82 E   0.72224 0.21473 0.04810 0.01493 ( 1)
  83 G   0.77815 0.16581 0.04538 0.01065 ( 1)
  84 S   0.73243 0.20579 0.04767 0.01411 ( 1)
  85 L   0.68595 0.24657 0.04948 0.01800 ( 1)
  86 Y   0.72921 0.20862 0.04780 0.01437 ( 1)
  87 V   0.14119 0.50361 0.28381 0.07139 ( 2)
  88 L   0.77128 0.17204 0.04554 0.01113 ( 1)
  89 K   0.73612 0.20257 0.04750 0.01382 ( 1)
  90 G   0.81860 0.13066 0.04285 0.00789 ( 1)
  91 D   0.70497 0.22988 0.04879 0.01636 ( 1)
  92 R   0.73897 0.20006 0.04737 0.01359 ( 1)
  93 T   0.73394 0.20447 0.04760 0.01399 ( 1)
  94 I   0.73808 0.20085 0.04741 0.01366 ( 1)
  95 E   0.71908 0.21750 0.04823 0.01519 ( 1)
  96 F   0.71290 0.22291 0.04849 0.01570 ( 1)
  97 D   0.70497 0.22988 0.04879 0.01636 ( 1)
  98 G   0.78162 0.16278 0.04519 0.01041 ( 1)
  99 E   0.71908 0.21750 0.04823 0.01519 ( 1)
 100 F   0.71290 0.22291 0.04849 0.01570 ( 1)
 101 A   0.74436 0.19504 0.04740 0.01320 ( 1)
 102 A   0.74255 0.19693 0.04721 0.01331 ( 1)
 103 D   0.70497 0.22988 0.04879 0.01636 ( 1)
 104 V   0.76259 0.17939 0.04623 0.01179 ( 1)
 105 L   0.69928 0.23489 0.04899 0.01684 ( 1)
 106 V   0.72153 0.21535 0.04813 0.01499 ( 1)
 107 E   0.71908 0.21750 0.04823 0.01519 ( 1)
 108 F   0.71323 0.22272 0.04838 0.01567 ( 1)
 109 L   0.77154 0.17158 0.04575 0.01113 ( 1)
 110 L   0.69928 0.23489 0.04899 0.01684 ( 1)
 111 D   0.70714 0.22702 0.04956 0.01628 ( 1)
