Supplemental results for CODEML (seqf: /home/leticiamagpali/phd/evol_models/codeml/big_dataset/cml_align/MYH2_codon_aligned.phy  treef: /home/leticiamagpali/phd/evol_models/codeml/big_dataset/cml_trees/gene_trees/H1a_gene_trees/MYH2_tree_H1a.tre)

I	J	ij	2Ns_IJ	pMut_IJ	pSub_IJ	2Ns_JI	pMut_JI	pSub_JI

TTC	TTT	CT	-0.09984	0.06851	0.06514	0.09984	0.06200	0.06514
TTA	TTT	AT	9.54080	0.00000	0.00000	-9.54080	0.01010	0.00001
TTA	TTC	AC	9.64065	0.00000	0.00000	-9.64065	0.02496	0.00002
TTG	TTT	GT	1.75727	0.00210	0.00447	-1.75727	0.01219	0.00447
TTG	TTC	GC	1.85712	0.00470	0.01034	-1.85712	0.03010	0.01034
TTG	TTA	GA	-7.78353	0.00752	0.00002	7.78353	0.00000	0.00000
TCT	TTT	CT	2.42166	0.00550	0.01463	-2.42166	0.06200	0.01463
TCC	TTC	CT	1.19046	0.04656	0.07966	-1.19046	0.15313	0.07966
TCC	TCT	CT	-1.33105	0.04656	0.02225	1.33105	0.01230	0.02225
TCA	TTA	CT	-7.59746	0.01014	0.00004	7.59746	0.00000	0.00000
TCA	TCT	AT	-0.47832	0.00323	0.00252	0.47832	0.00201	0.00252
TCA	TCC	AC	0.85272	0.00723	0.01075	-0.85272	0.01696	0.01075
TCG	TTG	CT	0.58783	0.00818	0.01082	-0.58783	0.01473	0.01082
TCG	TCT	GT	-0.07656	0.00261	0.00251	0.07656	0.00242	0.00251
TCG	TCC	GC	1.25449	0.00584	0.01024	-1.25449	0.02046	0.01024
TCG	TCA	GA	0.40177	0.00934	0.01135	-0.40177	0.01396	0.01135
TAT	TTT	AT	1.34442	0.00263	0.00479	-1.34442	0.01010	0.00479
TAT	TCT	AC	-1.07724	0.00589	0.00328	1.07724	0.00201	0.00328
TAC	TTC	AT	0.73872	0.01192	0.01686	-0.73872	0.02496	0.01686
TAC	TCC	AC	-0.45174	0.02665	0.02108	0.45174	0.01696	0.02108
TAC	TAT	CT	-0.70555	0.03737	0.02572	0.70555	0.01845	0.02572
TGT	TTT	GT	4.18869	0.00018	0.00079	-4.18869	0.01219	0.00079
TGT	TCT	GC	1.76703	0.00041	0.00088	-1.76703	0.00242	0.00088
TGT	TAT	GA	2.84427	0.00066	0.00200	-2.84427	0.01137	0.00200
TGC	TTC	GT	1.37325	0.00762	0.01402	-1.37325	0.03010	0.01402
TGC	TCC	GC	0.18279	0.01704	0.01865	-0.18279	0.02046	0.01865
TGC	TAC	GA	0.63453	0.02729	0.03685	-0.63453	0.05147	0.03685
TGC	TGT	CT	-2.91529	0.02390	0.00399	2.91529	0.00129	0.00399
TGG	TTG	GT	-1.06069	0.00836	0.00470	1.06069	0.00290	0.00470
TGG	TCG	GC	-1.64852	0.01870	0.00734	1.64852	0.00360	0.00734
TGG	TGT	GT	-3.49211	0.00836	0.00092	3.49211	0.00025	0.00092
TGG	TGC	GC	-0.57682	0.01870	0.01382	0.57682	0.01050	0.01382
CTT	TTT	CT	2.90225	0.00340	0.01045	-2.90225	0.06200	0.01045
CTC	TTC	CT	0.97701	0.05764	0.09032	-0.97701	0.15313	0.09032
CTC	CTT	CT	-2.02509	0.05764	0.01775	2.02509	0.00761	0.01775
CTA	TTA	CT	-7.65977	0.01079	0.00004	7.65977	0.00000	0.00000
CTA	CTT	AT	-1.02121	0.00344	0.00198	1.02121	0.00124	0.00198
CTA	CTC	AC	1.00388	0.00770	0.01219	-1.00388	0.02100	0.01219
CTG	TTG	CT	-2.54187	0.18713	0.04064	2.54187	0.01473	0.04064
CTG	CTT	GT	-3.68685	0.05971	0.00566	3.68685	0.00150	0.00566
CTG	CTC	GC	-1.66176	0.13346	0.05196	1.66176	0.02533	0.05196
CTG	CTA	GA	-2.66564	0.21366	0.04258	2.66564	0.01486	0.04258
CCT	TCT	CT	2.93787	0.00065	0.00202	-2.93787	0.01230	0.00202
CCT	CTT	CT	2.45729	0.00065	0.00175	-2.45729	0.00761	0.00175
CCC	TCC	CT	1.58015	0.02144	0.04266	-1.58015	0.10409	0.04266
CCC	CTC	CT	1.79360	0.02144	0.04612	-1.79360	0.12885	0.04612
CCC	CCT	CT	-2.68877	0.02144	0.00420	2.68877	0.00146	0.00420
CCA	TCA	CT	1.31519	0.00608	0.01094	-1.31519	0.02266	0.01094
CCA	CTA	CT	1.37749	0.00608	0.01121	-1.37749	0.02412	0.01121
CCA	CCT	AT	-2.10101	0.00194	0.00057	2.10101	0.00024	0.00057
CCA	CCC	AC	0.58776	0.00434	0.00574	-0.58776	0.00781	0.00574
CCG	TCG	CT	0.07643	0.01695	0.01760	-0.07643	0.01829	0.01760
CCG	CTG	CT	3.20614	0.01695	0.05662	-3.20614	0.41828	0.05662
CCG	CCT	GT	-2.93800	0.00541	0.00089	2.93800	0.00029	0.00089
CCG	CCC	GC	-0.24923	0.01209	0.01064	0.24923	0.00942	0.01064
CCG	CCA	GA	-0.83699	0.01935	0.01237	0.83699	0.00838	0.01237
CAT	TAT	CT	5.54056	0.00007	0.00040	-5.54056	0.01845	0.00040
CAT	CTT	AT	3.98273	0.00002	0.00009	-3.98273	0.00124	0.00009
CAT	CCT	AC	1.52545	0.00005	0.00010	-1.52545	0.00024	0.00010
CAC	TAC	CT	0.73873	0.03990	0.05644	-0.73873	0.08353	0.05644
CAC	CTC	AT	0.50045	0.01273	0.01618	-0.50045	0.02100	0.01618
CAC	CCC	AC	-1.29315	0.02846	0.01392	1.29315	0.00781	0.01392
CAC	CAT	CT	-5.50737	0.03990	0.00090	5.50737	0.00016	0.00090
CAA	CTA	AT	0.08029	0.00363	0.00378	-0.08029	0.00393	0.00378
CAA	CCA	AC	-1.29721	0.00811	0.00396	1.29721	0.00222	0.00396
CAA	CAT	AT	-4.92366	0.00363	0.00013	4.92366	0.00003	0.00013
CAA	CAC	AC	0.58371	0.00811	0.01070	-0.58371	0.01454	0.01070
CAG	CTG	AT	0.70692	0.03362	0.04689	-0.70692	0.06817	0.04689
CAG	CCG	AC	-2.49922	0.07515	0.01681	2.49922	0.00617	0.01681
CAG	CAT	GT	-6.96266	0.03362	0.00022	6.96266	0.00003	0.00022
CAG	CAC	GC	-1.45529	0.07515	0.03328	1.45529	0.01753	0.03328
CAG	CAA	GA	-2.03900	0.12031	0.03671	2.03900	0.01566	0.03671
CGT	TGT	CT	-1.32089	0.00485	0.00233	1.32089	0.00129	0.00233
CGT	CTT	GT	-0.03445	0.00155	0.00152	0.03445	0.00150	0.00152
CGT	CCT	GC	-2.49173	0.00346	0.00078	2.49173	0.00029	0.00078
CGT	CAT	GA	-4.01718	0.00554	0.00041	4.01718	0.00010	0.00041
CGC	TGC	CT	0.37890	0.03657	0.04394	-0.37890	0.05342	0.04394
CGC	CTC	GT	0.77514	0.01167	0.01677	-0.77514	0.02533	0.01677
CGC	CCC	GC	-1.01847	0.02608	0.01502	1.01847	0.00942	0.01502
CGC	CAC	GA	0.27469	0.04176	0.04775	-0.27469	0.05496	0.04775
CGC	CGT	CT	-1.21550	0.03657	0.01874	1.21550	0.01085	0.01874
CGA	CTA	GT	0.48776	0.00291	0.00368	-0.48776	0.00474	0.00368
CGA	CCA	GC	-0.88973	0.00651	0.00404	0.88973	0.00267	0.00404
CGA	CAA	GA	0.40748	0.01042	0.01268	-0.40748	0.01566	0.01268
CGA	CGT	AT	-0.49900	0.00291	0.00225	0.49900	0.00177	0.00225
CGA	CGC	AC	0.71650	0.00651	0.00912	-0.71650	0.01332	0.00912
CGG	TGG	CT	1.28436	0.01622	0.02881	-1.28436	0.05860	0.02881
CGG	CTG	GT	2.76554	0.00518	0.01528	-2.76554	0.08223	0.01528
CGG	CCG	GC	-0.44059	0.01157	0.00921	0.44059	0.00745	0.00921
CGG	CAG	GA	2.05863	0.01852	0.04371	-2.05863	0.14512	0.04371
CGG	CGT	GT	-0.88686	0.00518	0.00322	0.88686	0.00213	0.00322
CGG	CGC	GC	0.32865	0.01157	0.01357	-0.32865	0.01607	0.01357
CGG	CGA	GA	-0.38785	0.01852	0.01516	0.38785	0.01257	0.01516
ATT	TTT	AT	0.06690	0.00945	0.00977	-0.06690	0.01010	0.00977
ATT	CTT	AC	-2.83535	0.02112	0.00373	2.83535	0.00124	0.00373
ATC	TTC	AT	-0.12096	0.02817	0.02650	0.12096	0.02496	0.02650
ATC	CTC	AC	-1.09796	0.06296	0.03460	1.09796	0.02100	0.03460
ATC	ATT	CT	-0.28771	0.08828	0.07619	0.28771	0.06621	0.07619
ATA	TTA	AT	-8.33823	0.00347	0.00001	8.33823	0.00000	0.00000
ATA	CTA	AC	-0.67847	0.00775	0.00541	0.67847	0.00393	0.00541
ATA	ATT	AT	1.13566	0.00347	0.00580	-1.13566	0.01079	0.00580
ATA	ATC	AC	1.42337	0.00775	0.01453	-1.42337	0.03216	0.01453
ATG	TTG	AT	-2.29484	0.02382	0.00613	2.29484	0.00240	0.00613
ATG	CTG	AC	0.24703	0.05325	0.06010	-0.24703	0.06817	0.06010
ATG	ATT	GT	-0.60447	0.02382	0.01734	0.60447	0.01302	0.01734
ATG	ATC	GC	-0.31676	0.05325	0.04526	0.31676	0.03879	0.04526
ATG	ATA	GA	-1.74014	0.08525	0.03158	1.74014	0.01496	0.03158
ACT	TCT	AT	0.28893	0.00150	0.00173	-0.28893	0.00201	0.00173
ACT	CCT	AC	-2.64894	0.00336	0.00068	2.64894	0.00024	0.00068
ACT	ATT	CT	2.64369	0.00471	0.01340	-2.64369	0.06621	0.01340
ACC	TCC	AT	0.31087	0.01243	0.01446	-0.31087	0.01696	0.01446
ACC	CCC	AC	-1.26928	0.02779	0.01379	1.26928	0.00781	0.01379
ACC	ATC	CT	1.62229	0.03896	0.07876	-1.62229	0.19732	0.07876
ACC	ACT	CT	-1.30911	0.03896	0.01887	1.30911	0.01052	0.01887
ACA	TCA	AT	-0.35512	0.00527	0.00439	0.35512	0.00369	0.00439
ACA	CCA	AC	-1.67031	0.01178	0.00456	1.67031	0.00222	0.00456
ACA	ATA	CT	0.38565	0.01651	0.01990	-0.38565	0.02428	0.01990
ACA	ACT	AT	-1.12237	0.00527	0.00285	1.12237	0.00171	0.00285
ACA	ACC	AC	0.18674	0.01178	0.01291	-0.18674	0.01419	0.01291
ACG	TCG	AT	-1.00650	0.00816	0.00473	1.00650	0.00298	0.00473
ACG	CCG	AC	-1.08292	0.01823	0.01011	1.08292	0.00617	0.01011
ACG	ATG	CT	1.87618	0.02556	0.05664	-1.87618	0.16689	0.05664
ACG	ACT	GT	-1.37198	0.00816	0.00380	1.37198	0.00207	0.00380
ACG	ACC	GC	-0.06288	0.01823	0.01766	0.06288	0.01712	0.01766
ACG	ACA	GA	-0.24961	0.02919	0.02570	0.24961	0.02274	0.02570
AAT	TAT	AT	1.01845	0.00109	0.00173	-1.01845	0.00301	0.00173
AAT	CAT	AC	-4.52211	0.00243	0.00012	4.52211	0.00003	0.00012
AAT	ATT	AT	2.29597	0.00109	0.00277	-2.29597	0.01079	0.00277
AAT	ACT	AC	-0.34772	0.00243	0.00203	0.34772	0.00171	0.00203
AAC	TAC	AT	-0.93870	0.03480	0.02099	0.93870	0.01361	0.02099
AAC	CAC	AC	-1.67744	0.07780	0.02999	1.67744	0.01454	0.02999
AAC	ATC	AT	-0.07902	0.03480	0.03345	0.07902	0.03216	0.03345
AAC	ACC	AC	-1.70131	0.07780	0.02954	1.70131	0.01419	0.02954
AAC	AAT	CT	-2.66270	0.10908	0.02178	2.66270	0.00761	0.02178
AAA	CAA	AC	-1.81012	0.02531	0.00896	1.81012	0.00414	0.00896
AAA	ATA	AT	-1.05137	0.01132	0.00640	1.05137	0.00396	0.00640
AAA	ACA	AC	-1.43702	0.02531	0.01134	1.43702	0.00602	0.01134
AAA	AAT	AT	-2.21167	0.01132	0.00308	2.21167	0.00124	0.00308
AAA	AAC	AC	0.45103	0.02531	0.03145	-0.45103	0.03974	0.03145
AAG	CAG	AC	-1.54082	0.17920	0.07527	1.54082	0.03839	0.07527
AAG	ATG	AT	-1.08093	0.08017	0.04450	1.08093	0.02720	0.04450
AAG	ACG	AC	-2.95711	0.17920	0.02905	2.95711	0.00931	0.02905
AAG	AAT	GT	-3.98138	0.08017	0.00607	3.98138	0.00150	0.00607
AAG	AAC	GC	-1.31868	0.17920	0.08629	1.31868	0.04793	0.08629
AAG	AAA	GA	-1.76971	0.28689	0.10427	1.76971	0.04888	0.10427
AGT	TGT	AT	0.01480	0.00021	0.00021	-0.01480	0.00021	0.00021
AGT	CGT	AC	1.33569	0.00046	0.00084	-1.33569	0.00177	0.00084
AGT	ATT	GT	4.13659	0.00021	0.00087	-4.13659	0.01302	0.00087
AGT	ACT	GC	1.49290	0.00046	0.00090	-1.49290	0.00207	0.00090
AGT	AAT	GA	1.84062	0.00074	0.00163	-1.84062	0.00469	0.00163
AGC	TGC	AT	-0.15510	0.01017	0.00940	0.15510	0.00871	0.00940
AGC	CGC	AC	-0.53399	0.02273	0.01720	0.53399	0.01332	0.01720
AGC	ATC	GT	1.33911	0.01017	0.01845	-1.33911	0.03879	0.01845
AGC	ACC	GC	-0.28318	0.02273	0.01966	0.28318	0.01712	0.01966
AGC	AAC	GA	1.41813	0.03638	0.06808	-1.41813	0.15023	0.06808
AGC	AGT	CT	-3.08519	0.03186	0.00471	3.08519	0.00146	0.00471
AGA	CGA	AC	1.16877	0.00103	0.00175	-1.16877	0.00332	0.00175
AGA	ATA	GT	2.33500	0.00046	0.00119	-2.33500	0.00477	0.00119
AGA	ACA	GC	1.94935	0.00103	0.00235	-1.94935	0.00726	0.00235
AGA	AAA	GA	3.38637	0.00165	0.00580	-3.38637	0.04888	0.00580
AGA	AGT	AT	-0.66592	0.00046	0.00033	0.66592	0.00024	0.00033
AGA	AGC	AC	2.41926	0.00103	0.00274	-2.41926	0.01161	0.00274
AGG	TGG	AT	0.38587	0.00649	0.00783	-0.38587	0.00955	0.00783
AGG	CGG	AC	-0.89849	0.01451	0.00896	0.89849	0.00591	0.00896
AGG	ATG	GT	1.62003	0.00649	0.01311	-1.62003	0.03281	0.01311
AGG	ACG	GC	-0.25615	0.01451	0.01273	0.25615	0.01123	0.01273
AGG	AAG	GA	2.70096	0.02323	0.06727	-2.70096	0.34606	0.06727
AGG	AGT	GT	-3.12103	0.00649	0.00094	3.12103	0.00029	0.00094
AGG	AGC	GC	-0.03585	0.01451	0.01425	0.03585	0.01400	0.01425
AGG	AGA	GA	-2.45511	0.02323	0.00536	2.45511	0.00199	0.00536
GTT	TTT	GT	9.72831	0.00000	0.00000	-9.72831	0.01219	0.00001
GTT	CTT	GC	6.82606	0.00000	0.00000	-6.82606	0.00150	0.00001
GTT	ATT	GA	9.66141	0.00000	0.00000	-9.66141	0.04079	0.00003
GTC	TTC	GT	1.58509	0.00617	0.01230	-1.58509	0.03010	0.01230
GTC	CTC	GC	0.60808	0.01379	0.01841	-0.60808	0.02533	0.01841
GTC	ATC	GA	1.70605	0.02208	0.04602	-1.70605	0.12158	0.04602
GTC	GTT	CT	-8.24307	0.01934	0.00004	8.24307	0.00000	0.00000
GTA	TTA	GT	-7.53454	0.00187	0.00001	7.53454	0.00000	0.00000
GTA	CTA	GC	0.12523	0.00418	0.00445	-0.12523	0.00474	0.00445
GTA	ATA	GA	0.80370	0.00670	0.00975	-0.80370	0.01496	0.00975
GTA	GTT	AT	-7.72205	0.00187	0.00001	7.72205	0.00000	0.00000
GTA	GTC	AC	0.52102	0.00418	0.00537	-0.52102	0.00704	0.00537
GTG	TTG	GT	-1.63363	0.01483	0.00588	1.63363	0.00290	0.00588
GTG	CTG	GC	0.90824	0.03316	0.05046	-0.90824	0.08223	0.05046
GTG	ATG	GA	0.66121	0.05308	0.07255	-0.66121	0.10283	0.07255
GTG	GTT	GT	-9.60468	0.01483	0.00001	9.60468	0.00000	0.00000
GTG	GTC	GC	-1.36161	0.03316	0.01556	1.36161	0.00850	0.01556
GTG	GTA	GA	-1.88263	0.05308	0.01794	1.88263	0.00808	0.01794
GCT	TCT	GT	-1.40361	0.00984	0.00450	1.40361	0.00242	0.00450
GCT	CCT	GC	-4.34148	0.02200	0.00126	4.34148	0.00029	0.00126
GCT	ACT	GA	-1.69254	0.03522	0.01345	1.69254	0.00648	0.01345
GCT	GTT	CT	-8.71026	0.03085	0.00004	8.71026	0.00000	0.00000
GCC	TCC	GT	-0.22857	0.02572	0.02289	0.22857	0.02046	0.02289
GCC	CCC	GC	-1.80872	0.05748	0.02038	1.80872	0.00942	0.02038
GCC	ACC	GA	-0.53944	0.09203	0.06943	0.53944	0.05366	0.06943
GCC	GTC	CT	-0.62320	0.08060	0.05808	0.62320	0.04322	0.05808
GCC	GCT	CT	-0.15601	0.08060	0.07448	0.15601	0.06896	0.07448
GCA	TCA	GT	-0.33297	0.00622	0.00524	0.33297	0.00446	0.00524
GCA	CCA	GC	-1.64816	0.01389	0.00546	1.64816	0.00267	0.00546
GCA	ACA	GA	0.02215	0.02224	0.02249	-0.02215	0.02274	0.02249
GCA	GTA	CT	-0.39590	0.01948	0.01588	0.39590	0.01311	0.01588
GCA	GCT	AT	0.59231	0.00622	0.00824	-0.59231	0.01124	0.00824
GCA	GCC	AC	0.74833	0.01389	0.01973	-0.74833	0.02936	0.01973
GCG	TCG	GT	1.13546	0.00116	0.00193	-1.13546	0.00360	0.00193
GCG	CCG	GC	1.05903	0.00258	0.00419	-1.05903	0.00745	0.00419
GCG	ACG	GA	2.14196	0.00413	0.01003	-2.14196	0.03521	0.01003
GCG	GTG	CT	3.35693	0.00362	0.01259	-3.35693	0.10392	0.01259
GCG	GCT	GT	2.46251	0.00116	0.00311	-2.46251	0.01356	0.00311
GCG	GCC	GC	2.61852	0.00258	0.00729	-2.61852	0.03542	0.00729
GCG	GCA	GA	1.87020	0.00413	0.00914	-1.87020	0.02683	0.00914
GAT	TAT	GT	-0.82424	0.00827	0.00533	0.82424	0.00363	0.00533
GAT	CAT	GC	-6.36480	0.01849	0.00020	6.36480	0.00003	0.00020
GAT	AAT	GA	-1.84269	0.02960	0.01027	1.84269	0.00469	0.01027
GAT	GTT	AT	-9.20813	0.00827	0.00001	9.20813	0.00000	0.00000
GAT	GCT	AC	-0.49787	0.01849	0.01427	0.49787	0.01124	0.01427
GAC	TAC	GT	-0.77204	0.03554	0.02357	0.77204	0.01642	0.02357
GAC	CAC	GC	-1.51077	0.07943	0.03399	1.51077	0.01753	0.03399
GAC	AAC	GA	0.16667	0.12717	0.13806	-0.16667	0.15023	0.13806
GAC	GTC	AT	-1.61840	0.03554	0.01422	1.61840	0.00704	0.01422
GAC	GCC	AC	-0.99520	0.07943	0.04636	0.99520	0.02936	0.04636
GAC	GAT	CT	-0.65334	0.11138	0.07893	0.65334	0.05795	0.07893
GAA	CAA	GC	-1.77366	0.02944	0.01067	1.77366	0.00500	0.01067
GAA	AAA	GA	0.03646	0.04713	0.04800	-0.03646	0.04888	0.04800
GAA	GTA	AT	-1.81860	0.01317	0.00464	1.81860	0.00214	0.00464
GAA	GCA	AC	-1.42270	0.02944	0.01330	1.42270	0.00710	0.01330
GAA	GAT	AT	-0.33252	0.01317	0.01110	0.33252	0.00944	0.01110
GAA	GAC	AC	0.32082	0.02944	0.03441	-0.32082	0.04058	0.03441
GAG	CAG	GC	-1.35342	0.17922	0.08450	1.35342	0.04630	0.08450
GAG	AAG	GA	0.18740	0.28692	0.31464	-0.18740	0.34606	0.31464
GAG	GTG	AT	-1.55474	0.08018	0.03339	1.55474	0.01694	0.03339
GAG	GCG	AC	-4.91166	0.17922	0.00653	4.91166	0.00132	0.00653
GAG	GAT	GT	-1.95128	0.08018	0.02591	1.95128	0.01139	0.02591
GAG	GAC	GC	-1.29794	0.17922	0.08739	1.29794	0.04894	0.08739
GAG	GAA	GA	-1.61876	0.28692	0.11477	1.61876	0.05685	0.11477
GGT	TGT	GT	1.30093	0.00007	0.00012	-1.30093	0.00025	0.00012
GGT	CGT	GC	2.62181	0.00015	0.00044	-2.62181	0.00213	0.00044
GGT	AGT	GA	1.28612	0.00025	0.00044	-1.28612	0.00090	0.00044
GGT	GTT	GT	-4.23870	0.00007	0.00000	4.23870	0.00000	0.00000
GGT	GCT	GC	4.47156	0.00015	0.00070	-4.47156	0.01356	0.00070
GGT	GAT	GA	4.96943	0.00025	0.00124	-4.96943	0.03571	0.00124
GGC	TGC	GT	-0.48611	0.01708	0.01326	0.48611	0.01050	0.01326
GGC	CGC	GC	-0.86501	0.03817	0.02401	0.86501	0.01607	0.02401
GGC	AGC	GA	-0.33101	0.06110	0.05155	0.33101	0.04389	0.05155
GGC	GTC	GT	-0.69795	0.01708	0.01180	0.69795	0.00850	0.01180
GGC	GCC	GC	-0.07475	0.03817	0.03676	0.07475	0.03542	0.03676
GGC	GAC	GA	0.92045	0.06110	0.09348	-0.92045	0.15340	0.09348
GGC	GGT	CT	-4.70232	0.05352	0.00230	4.70232	0.00049	0.00230
GGA	CGA	GC	-0.69141	0.00801	0.00555	0.69141	0.00401	0.00555
GGA	AGA	GA	-1.86018	0.01282	0.00439	1.86018	0.00199	0.00439
GGA	GTA	GT	-0.32888	0.00358	0.00302	0.32888	0.00258	0.00302
GGA	GCA	GC	0.06702	0.00801	0.00828	-0.06702	0.00856	0.00828
GGA	GAA	GA	1.48972	0.01282	0.02465	-1.48972	0.05685	0.02465
GGA	GGT	AT	-3.81223	0.00358	0.00031	3.81223	0.00008	0.00031
GGA	GGC	AC	0.89010	0.00801	0.01209	-0.89010	0.01950	0.01209
GGG	TGG	GT	0.03795	0.01109	0.01130	-0.03795	0.01152	0.01130
GGG	CGG	GC	-1.24641	0.02479	0.01247	1.24641	0.00713	0.01247
GGG	AGG	GA	-0.34792	0.03969	0.03318	0.34792	0.02803	0.03318
GGG	GTG	GT	0.61090	0.01109	0.01482	-0.61090	0.02043	0.01482
GGG	GCG	GC	-2.74603	0.02479	0.00467	2.74603	0.00159	0.00467
GGG	GAG	GA	2.16563	0.03969	0.09709	-2.16563	0.34609	0.09709
GGG	GGT	GT	-4.75508	0.01109	0.00046	4.75508	0.00010	0.00046
GGG	GGC	GC	-0.05275	0.02479	0.02414	0.05275	0.02352	0.02414
GGG	GGA	GA	-0.94285	0.03969	0.02388	0.94285	0.01546	0.02388


Histograms
2Ns	FMut	FSub(CodonUsage)	FSubw(after w)

-9.26506	0.00734	0.00001
-8.33856	0.00354	0.00001
-7.41205	0.00435	0.00003
-6.48554	0.00132	0.00002
-5.55904	0.00385	0.00012
-4.63253	0.02202	0.00129
-3.70602	0.02143	0.00311
-2.77952	0.13637	0.03601
-1.85301	0.24546	0.13033
-0.92651	0.20764	0.17707
0.00000	0.21344	0.30404
0.92651	0.08061	0.17707
1.85301	0.04331	0.13033
2.77952	0.00853	0.03601
3.70602	0.00059	0.00311
4.63253	0.00019	0.00129
5.55904	0.00002	0.00012
6.48554	0.00000	0.00002
7.41205	0.00000	0.00002
8.33856	0.00000	0.00000
9.26506	0.00000	0.00000

Proportion of advantageous (S > 0) mutations:
 0.22841

Proportions of good & bad mutations (|S| > 2.0000) among mutations:
0.01531  0.24990

mean |Ns| = 1.58417	mean Ns+ = 0.84880	mean Ns- = -1.80186


MLEs of dN/dS (w) for site classes (K=4)

site class             0        1       2a       2b
proportion       0.65410  0.05592  0.26714  0.02284
background w     0.03895  1.41844  0.03895  1.41844
foreground w     0.03895  1.41844  0.00000  0.00000

Naive Empirical Bayes (NEB) probabilities for 4 classes
(amino acids refer to 1st sequence: Bacu)

   1 E   0.70454 0.00311 0.29055 0.00180 ( 1)
   2 S   0.70572 0.00164 0.29162 0.00102 ( 1)
   3 G   0.70612 0.00091 0.29236 0.00061 ( 1)
   4 A   0.70466 0.00296 0.29066 0.00173 ( 1)
   5 G   0.70612 0.00091 0.29236 0.00061 ( 1)
   6 K   0.70040 0.00762 0.28800 0.00397 ( 1)
   7 T   0.70605 0.00106 0.29219 0.00070 ( 1)
   8 V   0.70523 0.00006 0.29466 0.00005 ( 1)
   9 N   0.70535 0.00211 0.29125 0.00128 ( 1)
  10 T   0.70617 0.00047 0.29302 0.00034 ( 1)
  11 K   0.70055 0.00749 0.28806 0.00390 ( 1)
  12 R   0.70570 0.00013 0.29407 0.00011 ( 1)
  13 V   0.70523 0.00006 0.29466 0.00005 ( 1)
  14 I   0.70360 0.00417 0.28989 0.00234 ( 1)
  15 Q   0.70243 0.00548 0.28913 0.00297 ( 1)
  16 Y   0.70598 0.00118 0.29207 0.00077 ( 1)
  17 F   0.69282 0.01554 0.28421 0.00744 ( 1)
  18 A   0.68832 0.02041 0.28197 0.00930 ( 1)
  19 V   0.70209 0.00236 0.29335 0.00220 ( 1)
  20 I   0.69302 0.01535 0.28429 0.00735 ( 1)
  21 A   0.70279 0.00495 0.28951 0.00275 ( 1)
  22 A   0.70113 0.00665 0.28862 0.00361 ( 1)
  23 I   0.69394 0.01366 0.28531 0.00709 ( 1)
  24 G   0.70622 0.00119 0.29185 0.00074 ( 1)
  25 D   0.70141 0.00657 0.28854 0.00348 ( 1)
  26 R   0.70584 0.00141 0.29185 0.00090 ( 1)
  27 S   0.70607 0.00030 0.29340 0.00023 ( 1)
  28 K   0.70040 0.00762 0.28800 0.00397 ( 1)
  29 K   0.70169 0.00636 0.28861 0.00333 ( 1)
  30 E   0.70099 0.00701 0.28832 0.00369 ( 1)
  31 Q   0.05991 0.59374 0.02466 0.32169 ( 2)
  32 T   0.01184 0.98221 0.00000 0.00595 ( 2)
  33 S   0.43837 0.25458 0.18003 0.12701 ( 1)
  34 G   0.70570 0.00164 0.29164 0.00102 ( 1)
  35 K   0.70040 0.00762 0.28800 0.00397 ( 1)
  36 N   0.70371 0.00240 0.29213 0.00176 ( 1)
  37 S   0.70417 0.00037 0.29508 0.00038 ( 1)
  38 F   0.00000 0.99889 0.00000 0.00111 ( 2)
  39 E   0.70154 0.00560 0.28954 0.00333 ( 1)
  40 Q   0.70258 0.00440 0.29029 0.00273 ( 1)
  41 L   0.70455 0.00306 0.29061 0.00178 ( 1)
  42 C   0.70447 0.00019 0.29515 0.00019 ( 1)
  43 I   0.70352 0.00326 0.29109 0.00212 ( 1)
  44 N   0.70475 0.00155 0.29256 0.00114 ( 1)
  45 F   0.70433 0.00220 0.29195 0.00153 ( 1)
  46 T   0.70473 0.00030 0.29468 0.00029 ( 1)
  47 N   0.70478 0.00151 0.29260 0.00111 ( 1)
  48 E   0.70136 0.00575 0.28947 0.00342 ( 1)
  49 K   0.70086 0.00631 0.28914 0.00369 ( 1)
  50 L   0.68883 0.01912 0.28273 0.00933 ( 1)
  51 Q   0.70267 0.00433 0.29032 0.00268 ( 1)
  52 Q   0.70258 0.00440 0.29029 0.00273 ( 1)
  53 F   0.70433 0.00220 0.29195 0.00153 ( 1)
  54 F   0.70433 0.00220 0.29195 0.00153 ( 1)
  55 N   0.70475 0.00155 0.29256 0.00114 ( 1)
  56 H   0.70458 0.00023 0.29495 0.00023 ( 1)
  57 H   0.70458 0.00023 0.29495 0.00023 ( 1)
  58 M   0.70499 0.00088 0.29342 0.00071 ( 1)
  59 F   0.70433 0.00220 0.29195 0.00153 ( 1)
  60 V   0.58264 0.10065 0.24194 0.07478 ( 1)
  61 L   0.68858 0.01935 0.28263 0.00944 ( 1)
  62 E   0.70218 0.00498 0.28987 0.00297 ( 1)
  63 Q   0.70262 0.00428 0.29041 0.00268 ( 1)
  64 E   0.70136 0.00575 0.28947 0.00342 ( 1)
  65 E   0.70361 0.00320 0.29112 0.00207 ( 1)
  66 Y   0.70498 0.00085 0.29348 0.00069 ( 1)
  67 K   0.70086 0.00631 0.28914 0.00369 ( 1)
  68 K   0.70086 0.00631 0.28914 0.00369 ( 1)
  69 E   0.70136 0.00575 0.28947 0.00342 ( 1)
  70 G   0.70493 0.00117 0.29300 0.00090 ( 1)
  71 I   0.70352 0.00326 0.29109 0.00212 ( 1)
  72 E   0.53187 0.15591 0.21952 0.09270 ( 1)
  73 W   0.70252 0.00446 0.29026 0.00276 ( 1)
  74 E   0.40123 0.27166 0.16560 0.16151 ( 1)
  75 F   0.70433 0.00220 0.29195 0.00153 ( 1)
  76 I   0.70352 0.00326 0.29109 0.00212 ( 1)
  77 D   0.70488 0.00127 0.29288 0.00097 ( 1)
  78 F   0.70434 0.00228 0.29182 0.00155 ( 1)
  79 G   0.70488 0.00116 0.29306 0.00090 ( 1)
  80 M   0.66562 0.03178 0.27704 0.02556 ( 1)
  81 D   0.70488 0.00127 0.29288 0.00097 ( 1)
  82 L   0.68858 0.01935 0.28263 0.00944 ( 1)
  83 Q   0.03785 0.96215 0.00000 0.00000 ( 2)
  84 A   0.59064 0.10033 0.24433 0.06471 ( 1)
  85 C   0.70446 0.00019 0.29515 0.00020 ( 1)
  86 I   0.70335 0.00355 0.29084 0.00226 ( 1)
  87 D   0.93353 0.06644 0.00001 0.00001 ( 1)
  88 L   0.70449 0.00189 0.29227 0.00135 ( 1)
  89 I   0.70331 0.00346 0.29098 0.00225 ( 1)
  90 E   0.70115 0.00594 0.28938 0.00353 ( 1)
  91 K   0.70063 0.00651 0.28904 0.00381 ( 1)
  92 P   0.70574 0.00012 0.29404 0.00010 ( 1)
  93 M   0.70616 0.00088 0.29237 0.00059 ( 1)
  94 G   0.70604 0.00117 0.29203 0.00076 ( 1)
  95 I   0.70442 0.00329 0.29041 0.00188 ( 1)
  96 M   0.23740 0.39864 0.09829 0.26566 ( 2)
  97 S   0.70595 0.00121 0.29205 0.00078 ( 1)
  98 I   0.70438 0.00323 0.29052 0.00187 ( 1)
  99 L   0.69423 0.01446 0.28457 0.00674 ( 1)
 100 E   0.70219 0.00571 0.28902 0.00308 ( 1)
 101 E   0.70218 0.00573 0.28901 0.00309 ( 1)
 102 E   0.70218 0.00573 0.28901 0.00309 ( 1)
 103 C   0.70588 0.00019 0.29378 0.00015 ( 1)
 104 M   0.70611 0.00087 0.29244 0.00059 ( 1)
 105 F   0.70528 0.00218 0.29122 0.00132 ( 1)
 106 P   0.70550 0.00009 0.29433 0.00008 ( 1)
 107 K   0.70166 0.00628 0.28871 0.00335 ( 1)
 108 A   0.70423 0.00345 0.29035 0.00197 ( 1)
 109 T   0.70563 0.00011 0.29417 0.00010 ( 1)
 110 D   0.70593 0.00126 0.29200 0.00081 ( 1)
 111 M   0.70611 0.00087 0.29244 0.00059 ( 1)
 112 T   0.70605 0.00030 0.29342 0.00023 ( 1)
 113 F   0.70528 0.00218 0.29122 0.00132 ( 1)
 114 K   0.52089 0.17275 0.21432 0.09204 ( 1)
 115 A   0.69087 0.01697 0.28372 0.00844 ( 1)
 116 K   0.70163 0.00616 0.28885 0.00335 ( 1)
 117 L   0.68981 0.01860 0.28284 0.00875 ( 1)
 118 F   0.00000 1.00000 0.00000 0.00000 ( 2)
 119 D   0.70579 0.00120 0.29221 0.00080 ( 1)
 120 N   0.16724 0.46260 0.06919 0.30097 ( 2)
 121 H   0.70569 0.00021 0.29392 0.00018 ( 1)
 122 L   0.68936 0.01903 0.28265 0.00895 ( 1)
 123 G   0.70548 0.00091 0.29293 0.00068 ( 1)
 124 K   0.70195 0.00548 0.28942 0.00315 ( 1)
 125 S   0.70546 0.00095 0.29288 0.00070 ( 1)
 126 S   0.00000 1.00000 0.00000 0.00000 ( 2)
 127 N   0.70503 0.00115 0.29294 0.00088 ( 1)
 128 F   0.70475 0.00168 0.29237 0.00120 ( 1)
 129 Q   0.70353 0.00342 0.29087 0.00217 ( 1)
 130 K   0.70206 0.00510 0.28979 0.00305 ( 1)
 131 P   0.69968 0.00293 0.29403 0.00336 ( 1)
 132 R   0.70615 0.00123 0.29185 0.00077 ( 1)
 133 N   0.70367 0.00054 0.29520 0.00058 ( 1)
 134 I   0.61924 0.07646 0.25591 0.04840 ( 1)
 135 K   0.70212 0.00505 0.28982 0.00302 ( 1)
 136 G   0.70506 0.00040 0.29419 0.00035 ( 1)
 137 K   0.00003 0.62583 0.00001 0.37412 ( 2)
 138 P   0.70394 0.00007 0.29591 0.00008 ( 1)
 139 E   0.70480 0.00171 0.29227 0.00121 ( 1)
 140 A   0.70416 0.00261 0.29150 0.00173 ( 1)
 141 H   0.70443 0.00013 0.29529 0.00014 ( 1)
 142 F   0.70487 0.00158 0.29242 0.00113 ( 1)
 143 S   0.70518 0.00083 0.29334 0.00065 ( 1)
 144 L   0.69056 0.01737 0.28351 0.00856 ( 1)
 145 I   0.00691 0.99307 0.00000 0.00002 ( 2)
 146 H   0.70443 0.00013 0.29529 0.00014 ( 1)
 147 Y   0.70500 0.00183 0.29193 0.00123 ( 1)
 148 A   0.70386 0.00294 0.29127 0.00192 ( 1)
 149 G   0.70519 0.00079 0.29339 0.00063 ( 1)
 150 T   0.70507 0.00027 0.29441 0.00025 ( 1)
 151 V   0.70516 0.00099 0.29308 0.00076 ( 1)
 152 D   0.70529 0.00090 0.29313 0.00068 ( 1)
 153 Y   0.70515 0.00054 0.29386 0.00045 ( 1)
 154 N   0.70512 0.00108 0.29298 0.00082 ( 1)
 155 I   0.70430 0.00244 0.29163 0.00163 ( 1)
 156 I   0.61874 0.08580 0.21690 0.07857 ( 1)
 157 G   0.70520 0.00078 0.29339 0.00062 ( 1)
 158 W   0.70351 0.00344 0.29086 0.00218 ( 1)
 159 L   0.70228 0.00500 0.28977 0.00295 ( 1)
 160 Q   0.58435 0.10687 0.24154 0.06725 ( 1)
 161 K   0.70429 0.00254 0.29149 0.00168 ( 1)
 162 N   0.70512 0.00108 0.29298 0.00082 ( 1)
 163 K   0.70439 0.00233 0.29171 0.00157 ( 1)
 164 D   0.70517 0.00087 0.29328 0.00068 ( 1)
 165 P   0.70375 0.00006 0.29612 0.00007 ( 1)
 166 L   0.70504 0.00127 0.29275 0.00094 ( 1)
 167 N   0.70527 0.00096 0.29304 0.00073 ( 1)
 168 E   0.70255 0.00456 0.29013 0.00277 ( 1)
 169 T   0.70519 0.00048 0.29393 0.00040 ( 1)
 170 V   0.70513 0.00069 0.29361 0.00057 ( 1)
 171 V   0.70516 0.00099 0.29308 0.00076 ( 1)
 172 E   0.06018 0.93959 0.00000 0.00023 ( 2)
 173 L   0.70417 0.00009 0.29563 0.00010 ( 1)
 174 Y   0.70515 0.00054 0.29386 0.00045 ( 1)
 175 K   0.55175 0.13737 0.22782 0.08306 ( 1)
 176 K   0.70351 0.00338 0.29095 0.00216 ( 1)
 177 S   0.70518 0.00083 0.29334 0.00065 ( 1)
 178 S   0.70488 0.00051 0.29415 0.00045 ( 1)
 179 L   0.58986 0.09496 0.24493 0.07025 ( 1)
 180 K   0.70153 0.00556 0.28958 0.00333 ( 1)
 181 M   0.00001 0.99999 0.00000 0.00000 ( 2)
 182 L   0.70403 0.00271 0.29146 0.00180 ( 1)
 183 S   0.67788 0.02042 0.28308 0.01862 ( 1)
 184 T   0.26775 0.33809 0.11154 0.28262 ( 2)
 185 L   0.68616 0.02194 0.28144 0.01046 ( 1)
 186 F   0.69168 0.01592 0.28427 0.00813 ( 1)
 187 A   0.70226 0.00482 0.29000 0.00293 ( 1)
 188 N   0.70429 0.00237 0.29173 0.00161 ( 1)
 189 Y   0.69689 0.01067 0.28674 0.00570 ( 1)
 190 A   0.68414 0.02407 0.28049 0.01130 ( 1)
 191 G   0.70502 0.00110 0.29304 0.00085 ( 1)
 192 F   0.69158 0.01624 0.28406 0.00812 ( 1)
 193 D   0.70455 0.00199 0.29206 0.00139 ( 1)
 194 S   0.59410 0.09565 0.24602 0.06424 ( 1)
 195 Y   0.70523 0.00066 0.29357 0.00054 ( 1)
 196 R   0.70554 0.00086 0.29295 0.00064 ( 1)
 197 I   0.70379 0.00275 0.29162 0.00184 ( 1)
 198 L   0.68967 0.01833 0.28306 0.00894 ( 1)
 199 N   0.70475 0.00121 0.29309 0.00095 ( 1)
 200 P   0.70357 0.00008 0.29625 0.00010 ( 1)
 201 A   0.70445 0.00179 0.29245 0.00131 ( 1)
 202 A   0.70370 0.00286 0.29151 0.00194 ( 1)
 203 I   0.70384 0.00268 0.29164 0.00184 ( 1)
 204 P   0.70317 0.00005 0.29672 0.00007 ( 1)
 205 E   0.70199 0.00491 0.29006 0.00304 ( 1)
 206 G   0.70484 0.00090 0.29352 0.00074 ( 1)
 207 Q   0.70306 0.00369 0.29086 0.00240 ( 1)
 208 F   0.70447 0.00175 0.29249 0.00129 ( 1)
 209 I   0.69517 0.01230 0.28599 0.00653 ( 1)
 210 D   0.70482 0.00098 0.29341 0.00080 ( 1)
 211 S   0.70392 0.00012 0.29581 0.00014 ( 1)
 212 R   0.70308 0.00004 0.29682 0.00006 ( 1)
 213 K   0.70394 0.00256 0.29173 0.00177 ( 1)
 214 G   0.70474 0.00046 0.29438 0.00042 ( 1)
 215 S   0.00000 0.63846 0.00000 0.36154 ( 2)
 216 E   0.70199 0.00491 0.29006 0.00304 ( 1)
 217 K   0.70154 0.00542 0.28974 0.00330 ( 1)
 218 L   0.68980 0.01797 0.28328 0.00895 ( 1)
 219 L   0.69059 0.01700 0.28377 0.00864 ( 1)
 220 G   0.66676 0.03047 0.27766 0.02511 ( 1)
 221 S   0.70482 0.00094 0.29347 0.00077 ( 1)
 222 L   0.68980 0.01797 0.28328 0.00895 ( 1)
 223 D   0.70482 0.00098 0.29341 0.00080 ( 1)
 224 I   0.69621 0.01135 0.28642 0.00603 ( 1)
 225 D   0.70482 0.00098 0.29341 0.00080 ( 1)
 226 H   0.70411 0.00016 0.29556 0.00018 ( 1)
 227 N   0.70475 0.00121 0.29309 0.00095 ( 1)
 228 Q   0.70306 0.00369 0.29086 0.00240 ( 1)
 229 Y   0.70482 0.00061 0.29403 0.00054 ( 1)
 230 K   0.70154 0.00542 0.28974 0.00330 ( 1)
 231 F   0.70440 0.00180 0.29246 0.00133 ( 1)
 232 G   0.70484 0.00090 0.29352 0.00074 ( 1)
 233 H   0.70411 0.00016 0.29556 0.00018 ( 1)
 234 T   0.70430 0.00021 0.29527 0.00022 ( 1)
 235 K   0.70154 0.00542 0.28974 0.00330 ( 1)
 236 D   0.66849 0.02937 0.27828 0.02386 ( 1)
 237 S   0.24335 0.35761 0.10137 0.29766 ( 2)
 238 L   0.69182 0.01607 0.28411 0.00800 ( 1)
 239 L   0.69164 0.01624 0.28404 0.00809 ( 1)
 240 V   0.70388 0.00008 0.29594 0.00010 ( 1)
 241 I   0.70429 0.00230 0.29183 0.00158 ( 1)
 242 Q   0.70360 0.00322 0.29108 0.00209 ( 1)
 243 W   0.70356 0.00326 0.29106 0.00212 ( 1)
 244 N   0.70515 0.00089 0.29326 0.00070 ( 1)
 245 I   0.69615 0.01140 0.28639 0.00606 ( 1)
 246 R   0.70361 0.00006 0.29625 0.00007 ( 1)
 247 A   0.70417 0.00246 0.29170 0.00167 ( 1)
 248 F   0.70481 0.00147 0.29263 0.00109 ( 1)
 249 M   0.70498 0.00053 0.29403 0.00046 ( 1)
 250 G   0.65566 0.03665 0.27388 0.03381 ( 1)
 251 V   0.70220 0.00001 0.29777 0.00002 ( 1)
 252 K   0.70223 0.00482 0.29002 0.00294 ( 1)
 253 N   0.70482 0.00085 0.29362 0.00071 ( 1)
 254 W   0.70356 0.00326 0.29106 0.00212 ( 1)
 255 P   0.70333 0.00004 0.29659 0.00005 ( 1)
 256 W   0.70356 0.00326 0.29106 0.00212 ( 1)
 257 M   0.70498 0.00053 0.29403 0.00046 ( 1)
 258 K   0.70223 0.00482 0.29002 0.00294 ( 1)
 259 L   0.70495 0.00118 0.29296 0.00090 ( 1)
 260 Y   0.70498 0.00049 0.29410 0.00043 ( 1)
 261 F   0.70479 0.00149 0.29262 0.00110 ( 1)
 262 K   0.70223 0.00482 0.29002 0.00294 ( 1)
 263 I   0.70429 0.00230 0.29183 0.00158 ( 1)
 264 K   0.70438 0.00219 0.29191 0.00151 ( 1)
 265 P   0.70360 0.00006 0.29627 0.00007 ( 1)
 266 L   0.69239 0.01553 0.28434 0.00773 ( 1)
 267 L   0.69128 0.01556 0.28468 0.00848 ( 1)
 268 K   0.70223 0.00482 0.29002 0.00294 ( 1)
 269 S   0.70313 0.00007 0.29672 0.00009 ( 1)
 270 A   0.70480 0.00150 0.29260 0.00110 ( 1)
 271 E   0.70264 0.00434 0.29033 0.00269 ( 1)
 272 T   0.24955 0.36468 0.10375 0.28203 ( 2)
 273 E   0.70264 0.00434 0.29033 0.00269 ( 1)
 274 K   0.70223 0.00482 0.29002 0.00294 ( 1)
 275 E   0.70453 0.00185 0.29230 0.00132 ( 1)
 276 I   0.00653 0.99307 0.00000 0.00040 ( 2)
 277 A   0.70417 0.00246 0.29170 0.00167 ( 1)
 278 L   0.00000 1.00000 0.00000 0.00000 ( 2)
 279 M   0.70498 0.00053 0.29403 0.00046 ( 1)
 280 K   0.70223 0.00482 0.29002 0.00294 ( 1)
 281 E   0.70264 0.00434 0.29033 0.00269 ( 1)
 282 E   0.70264 0.00434 0.29033 0.00269 ( 1)
 283 F   0.69598 0.01156 0.28633 0.00613 ( 1)
 284 G   0.70487 0.00036 0.29444 0.00033 ( 1)
 285 R   0.70502 0.00061 0.29385 0.00052 ( 1)
 286 L   0.70495 0.00118 0.29296 0.00090 ( 1)
 287 K   0.70438 0.00219 0.29191 0.00151 ( 1)
 288 E   0.70264 0.00434 0.29033 0.00269 ( 1)
 289 A   0.03783 0.96077 0.00000 0.00140 ( 2)
 290 L   0.69086 0.01698 0.28371 0.00845 ( 1)
 291 E   0.70264 0.00434 0.29033 0.00269 ( 1)
 292 K   0.70223 0.00482 0.29002 0.00294 ( 1)
 293 S   0.70461 0.00042 0.29458 0.00039 ( 1)
 294 E   0.70264 0.00434 0.29033 0.00269 ( 1)
 295 A   0.34261 0.34719 0.14063 0.16957 ( 2)
 296 R   0.70700 0.00027 0.29256 0.00018 ( 1)
 297 R   0.70502 0.00061 0.29385 0.00052 ( 1)
 298 K   0.70223 0.00482 0.29002 0.00294 ( 1)
 299 E   0.56233 0.12709 0.23231 0.07828 ( 1)
 300 L   0.69086 0.01698 0.28371 0.00845 ( 1)
 301 E   0.70264 0.00434 0.29033 0.00269 ( 1)
 302 E   0.70265 0.00433 0.29033 0.00269 ( 1)
 303 K   0.70223 0.00482 0.29002 0.00294 ( 1)
 304 M   0.70498 0.00053 0.29403 0.00046 ( 1)
 305 V   0.70506 0.00091 0.29330 0.00073 ( 1)
 306 S   0.70505 0.00076 0.29357 0.00062 ( 1)
 307 L   0.69086 0.01698 0.28371 0.00845 ( 1)
 308 L   0.69086 0.01698 0.28371 0.00845 ( 1)
 309 Q   0.70360 0.00322 0.29108 0.00209 ( 1)
 310 E   0.70264 0.00434 0.29033 0.00269 ( 1)
 311 K   0.70223 0.00482 0.29002 0.00294 ( 1)
 312 N   0.70576 0.00041 0.29351 0.00032 ( 1)
 313 D   0.70505 0.00080 0.29350 0.00065 ( 1)
 314 L   0.69092 0.01678 0.28383 0.00846 ( 1)
 315 Q   0.70360 0.00322 0.29108 0.00209 ( 1)
 316 L   0.70495 0.00118 0.29296 0.00090 ( 1)
 317 Q   0.70505 0.00061 0.29383 0.00051 ( 1)
 318 V   0.65871 0.03749 0.27403 0.02978 ( 1)
 319 Q   0.70347 0.00333 0.29103 0.00217 ( 1)
 320 -   0.69955 0.00665 0.28945 0.00435 ( 1)
 321 E   0.70329 0.00279 0.29188 0.00203 ( 1)
 322 Q   0.70422 0.00124 0.29348 0.00106 ( 1)
 323 D   0.70408 0.00156 0.29310 0.00126 ( 1)
 324 N   0.70397 0.00183 0.29277 0.00143 ( 1)
 325 L   0.68764 0.02001 0.28239 0.00996 ( 1)
 326 A   0.01550 0.65717 0.00636 0.32096 ( 2)
 327 D   0.70052 0.00612 0.28952 0.00384 ( 1)
 328 A   0.70263 0.00008 0.29716 0.00012 ( 1)
 329 E   0.70329 0.00279 0.29188 0.00203 ( 1)
 330 E   0.70179 0.00500 0.29009 0.00312 ( 1)
 331 R   0.70421 0.00123 0.29351 0.00105 ( 1)
 332 C   0.70387 0.00018 0.29575 0.00020 ( 1)
 333 D   0.70408 0.00156 0.29310 0.00126 ( 1)
 334 Q   0.70144 0.00507 0.29019 0.00330 ( 1)
 335 L   0.68716 0.02046 0.28220 0.01019 ( 1)
 336 I   0.70252 0.00379 0.29109 0.00260 ( 1)
 337 K   0.69966 0.00707 0.28896 0.00431 ( 1)
 338 N   0.70391 0.00188 0.29274 0.00147 ( 1)
 339 K   0.69966 0.00707 0.28896 0.00431 ( 1)
 340 I   0.70252 0.00379 0.29109 0.00260 ( 1)
 341 Q   0.70146 0.00506 0.29020 0.00329 ( 1)
 342 L   0.68748 0.02015 0.28233 0.01003 ( 1)
 343 E   0.70020 0.00647 0.28932 0.00401 ( 1)
 344 A   0.70234 0.00400 0.29095 0.00272 ( 1)
 345 K   0.69967 0.00706 0.28897 0.00431 ( 1)
 346 V   0.70476 0.00115 0.29318 0.00091 ( 1)
 347 K   0.70143 0.00551 0.28969 0.00336 ( 1)
 348 E   0.06413 0.56118 0.02650 0.34818 ( 2)
 349 M   0.66650 0.02972 0.27798 0.02580 ( 1)
 350 T   0.70426 0.00024 0.29525 0.00025 ( 1)
 351 E   0.70189 0.00499 0.29002 0.00310 ( 1)
 352 R   0.58438 0.07167 0.24671 0.09724 ( 1)
 353 L   0.37125 0.31796 0.15246 0.15833 ( 1)
 354 E   0.30454 0.35153 0.12583 0.21810 ( 2)
 355 D   0.61736 0.06960 0.25695 0.05609 ( 1)
 356 E   0.05323 0.57069 0.02199 0.35408 ( 2)
 357 E   0.55633 0.13193 0.22988 0.08186 ( 1)
 358 E   0.70189 0.00499 0.29002 0.00310 ( 1)
 359 M   0.67232 0.02531 0.28041 0.02197 ( 1)
 360 N   0.66923 0.02915 0.27844 0.02318 ( 1)
 361 A   0.70358 0.00296 0.29146 0.00201 ( 1)
 362 E   0.54453 0.14222 0.22500 0.08824 ( 1)
 363 L   0.70470 0.00138 0.29286 0.00106 ( 1)
 364 T   0.70495 0.00042 0.29425 0.00038 ( 1)
 365 A   0.09999 0.51126 0.04142 0.34733 ( 2)
 366 K   0.70059 0.00625 0.28935 0.00381 ( 1)
 367 K   0.70059 0.00625 0.28935 0.00381 ( 1)
 368 R   0.70450 0.00101 0.29363 0.00086 ( 1)
 369 K   0.70059 0.00625 0.28935 0.00381 ( 1)
 370 L   0.68841 0.01928 0.28271 0.00960 ( 1)
 371 E   0.70385 0.00234 0.29211 0.00170 ( 1)
 372 D   0.70419 0.00147 0.29315 0.00119 ( 1)
 373 E   0.70109 0.00569 0.28969 0.00353 ( 1)
 374 C   0.70386 0.00019 0.29573 0.00022 ( 1)
 375 S   0.70453 0.00067 0.29419 0.00061 ( 1)
 376 E   0.70109 0.00569 0.28969 0.00353 ( 1)
 377 L   0.70420 0.00178 0.29265 0.00136 ( 1)
 378 K   0.70059 0.00625 0.28935 0.00381 ( 1)
 379 R   0.70303 0.00007 0.29680 0.00010 ( 1)
 380 D   0.70449 0.00127 0.29322 0.00102 ( 1)
 381 I   0.69383 0.01354 0.28544 0.00719 ( 1)
 382 D   0.70139 0.00536 0.28988 0.00337 ( 1)
 383 D   0.66230 0.03421 0.27571 0.02778 ( 1)
 384 L   0.01952 0.64920 0.00802 0.32326 ( 2)
 385 E   0.70257 0.00440 0.29030 0.00273 ( 1)
 386 L   0.69075 0.01708 0.28367 0.00850 ( 1)
 387 T   0.70498 0.00040 0.29426 0.00036 ( 1)
 388 L   0.01943 0.64928 0.00798 0.32331 ( 2)
 389 A   0.70416 0.00246 0.29170 0.00167 ( 1)
 390 K   0.70216 0.00488 0.28999 0.00297 ( 1)
 391 V   0.70526 0.00076 0.29339 0.00060 ( 1)
 392 E   0.56013 0.12863 0.23144 0.07980 ( 1)
 393 K   0.05843 0.56979 0.02413 0.34765 ( 2)
 394 E   0.70269 0.00429 0.29035 0.00266 ( 1)
 395 K   0.54362 0.14400 0.22452 0.08786 ( 1)
 396 H   0.70424 0.00007 0.29562 0.00007 ( 1)
 397 A   0.65734 0.04134 0.27250 0.02882 ( 1)
 398 T   0.70427 0.00166 0.29279 0.00128 ( 1)
 399 E   0.70109 0.00569 0.28969 0.00353 ( 1)
 400 N   0.66247 0.03477 0.27550 0.02726 ( 1)
 401 K   0.06565 0.56345 0.02711 0.34379 ( 2)
 402 L   0.69028 0.01752 0.28348 0.00872 ( 1)
 403 E   0.70229 0.00464 0.29019 0.00288 ( 1)
 404 G   0.70492 0.00101 0.29326 0.00081 ( 1)
 405 S   0.70493 0.00085 0.29352 0.00070 ( 1)
 406 L   0.69048 0.01733 0.28356 0.00863 ( 1)
 407 E   0.70241 0.00454 0.29024 0.00281 ( 1)
 408 Q   0.70341 0.00338 0.29100 0.00220 ( 1)
 409 E   0.70253 0.00444 0.29028 0.00275 ( 1)
 410 K   0.70199 0.00503 0.28992 0.00307 ( 1)
 411 K   0.70202 0.00500 0.28994 0.00305 ( 1)
 412 V   0.70497 0.00098 0.29327 0.00078 ( 1)
 413 R   0.70318 0.00452 0.28976 0.00254 ( 1)
 414 M   0.70493 0.00057 0.29401 0.00050 ( 1)
 415 D   0.70497 0.00086 0.29347 0.00070 ( 1)
 416 L   0.69056 0.01725 0.28359 0.00859 ( 1)
 417 E   0.70441 0.00188 0.29234 0.00137 ( 1)
 418 R   0.70338 0.00342 0.29098 0.00222 ( 1)
 419 A   0.70400 0.00260 0.29164 0.00176 ( 1)
 420 K   0.70199 0.00503 0.28992 0.00307 ( 1)
 421 R   0.70360 0.00007 0.29625 0.00008 ( 1)
 422 K   0.70203 0.00499 0.28994 0.00304 ( 1)
 423 L   0.70467 0.00095 0.29359 0.00080 ( 1)
 424 E   0.70240 0.00453 0.29025 0.00282 ( 1)
 425 G   0.70557 0.00050 0.29353 0.00040 ( 1)
 426 D   0.70496 0.00087 0.29347 0.00071 ( 1)
 427 L   0.69221 0.01567 0.28429 0.00782 ( 1)
 428 K   0.70199 0.00503 0.28992 0.00307 ( 1)
 429 L   0.69048 0.01733 0.28356 0.00863 ( 1)
 430 T   0.70435 0.00018 0.29529 0.00018 ( 1)
 431 Q   0.70341 0.00338 0.29100 0.00220 ( 1)
 432 E   0.70241 0.00454 0.29024 0.00281 ( 1)
 433 S   0.70396 0.00010 0.29582 0.00012 ( 1)
 434 I   0.11524 0.49547 0.04776 0.34153 ( 2)
 435 M   0.70493 0.00057 0.29401 0.00050 ( 1)
 436 D   0.70356 0.00340 0.29088 0.00216 ( 1)
 437 L   0.69287 0.01496 0.28463 0.00753 ( 1)
 438 E   0.70241 0.00454 0.29024 0.00281 ( 1)
 439 N   0.70493 0.00107 0.29316 0.00084 ( 1)
 440 D   0.66444 0.03254 0.27660 0.02643 ( 1)
 441 K   0.70199 0.00503 0.28992 0.00307 ( 1)
 442 Q   0.07039 0.54903 0.02911 0.35148 ( 2)
 443 Q   0.70341 0.00338 0.29100 0.00220 ( 1)
 444 L   0.69051 0.01724 0.28362 0.00863 ( 1)
 445 D   0.70112 0.00575 0.28960 0.00353 ( 1)
 446 E   0.70075 0.00614 0.28938 0.00373 ( 1)
 447 R   0.70380 0.00015 0.29588 0.00017 ( 1)
 448 L   0.70109 0.00577 0.28960 0.00354 ( 1)
 449 K   0.70313 0.00340 0.29118 0.00229 ( 1)


lnL = -4393.696433

Bayes Empirical Bayes (BEB) probabilities for 4 classes (class)
(amino acids refer to 1st sequence: Bacu)

   1 E   0.95642 0.01541 0.02766 0.00051 ( 1)
   2 S   0.96406 0.00999 0.02563 0.00032 ( 1)
   3 G   0.96939 0.00673 0.02368 0.00020 ( 1)
   4 A   0.95714 0.01488 0.02749 0.00049 ( 1)
   5 G   0.96939 0.00673 0.02368 0.00020 ( 1)
   6 K   0.93989 0.02821 0.03091 0.00099 ( 1)
   7 T   0.96822 0.00742 0.02413 0.00023 ( 1)
   8 V   0.98246 0.00098 0.01653 0.00003 ( 1)
   9 N   0.96141 0.01186 0.02635 0.00038 ( 1)
  10 T   0.97386 0.00427 0.02175 0.00012 ( 1)
  11 K   0.94025 0.02786 0.03092 0.00097 ( 1)
  12 R   0.97987 0.00173 0.01836 0.00005 ( 1)
  13 V   0.98246 0.00098 0.01653 0.00003 ( 1)
  14 I   0.95186 0.01880 0.02870 0.00063 ( 1)
  15 Q   0.94686 0.02268 0.02968 0.00077 ( 1)
  16 Y   0.96729 0.00799 0.02447 0.00025 ( 1)
  17 F   0.91934 0.04538 0.03362 0.00167 ( 1)
  18 A   0.90822 0.05438 0.03533 0.00207 ( 1)
  19 V   0.96173 0.02149 0.01622 0.00056 ( 1)
  20 I   0.91968 0.04512 0.03355 0.00166 ( 1)
  21 A   0.94935 0.02108 0.02886 0.00071 ( 1)
  22 A   0.94372 0.02580 0.02960 0.00088 ( 1)
  23 I   0.92605 0.04186 0.03063 0.00147 ( 1)
  24 G   0.96622 0.00798 0.02555 0.00025 ( 1)
  25 D   0.94314 0.02563 0.03035 0.00089 ( 1)
  26 R   0.96568 0.00901 0.02503 0.00028 ( 1)
  27 S   0.97624 0.00314 0.02053 0.00009 ( 1)
  28 K   0.93989 0.02821 0.03091 0.00099 ( 1)
  29 K   0.94326 0.02493 0.03093 0.00087 ( 1)
  30 E   0.94184 0.02664 0.03059 0.00093 ( 1)
  31 Q   0.11150 0.85285 0.00374 0.03191 ( 2)
  32 T   0.01708 0.91471 0.01532 0.05289 ( 2)
  33 S   0.55697 0.40778 0.02005 0.01520 ( 1)
  34 G   0.96420 0.00998 0.02551 0.00032 ( 1)
  35 K   0.93989 0.02821 0.03091 0.00099 ( 1)
  36 N   0.96527 0.01307 0.02127 0.00038 ( 1)
  37 S   0.98146 0.00368 0.01477 0.00009 ( 1)
  38 F   0.00001 0.93595 0.00001 0.06404 ( 2)
  39 E   0.94967 0.02287 0.02671 0.00074 ( 1)
  40 Q   0.95424 0.01965 0.02549 0.00062 ( 1)
  41 L   0.95669 0.01524 0.02758 0.00050 ( 1)
  42 C   0.98276 0.00227 0.01492 0.00006 ( 1)
  43 I   0.95927 0.01599 0.02424 0.00050 ( 1)
