98
Bacu_PCDH15         0.0000000 0.0562260 0.0502608 0.0086937 0.0148838 0.0163893 0.0163893 0.0225678 0.0066895 0.0053181 0.0192273 0.6737856 0.0796095 0.4849632 0.0877760 0.7195247 0.0319290 0.0881700 0.0864933 0.0890144 0.0901767 0.4413719 0.0251301 0.7980026 0.0256261 0.0266477 0.0188539 0.0892927 0.0899198 0.0865945 0.5865807 0.1426493 0.1237365 0.0575189 0.6671522 0.0797047 0.0742862 0.0720418 0.0885036 0.0893354 0.0863823 0.0819768 0.0830345 0.0908172 0.2407931 0.0874442 0.0883519 0.5870423 0.0512962 0.0509263 0.0515046 0.0554460 0.0532084 0.0515992 0.0610677 0.0507920 0.0499488 0.0511552 0.4347966 1.9873295 0.0515983 0.0501620 0.0499553 0.6003509 0.0827272 0.6880184 0.0945233 0.0848063 0.5080877 0.0706718 0.0576708 0.0883140 0.0599227 0.0684388 0.0861163 1.3632908 0.0556323 0.0688290 0.4617748 0.0707711 0.0895686 0.0882365 0.0891541 0.0856083 0.0899314 0.0885608 0.0862990 0.0889890 0.0846384 0.0863397 0.0916469 0.0881149 0.0898982 0.6990253 0.0910330 0.0467383 0.4870111 0.0491721 
Barn_PCDH15         0.0562260 0.0000000 0.0042521 0.0448609 0.0460922 0.0460528 0.0460528 0.0506884 0.0420335 0.0409549 0.0494089 0.1727788 0.0694457 0.1914648 0.0681870 0.5092782 0.0489639 0.0688483 0.0667465 0.0700197 0.0700217 0.0660511 0.0519503 0.2155012 0.0508587 0.0530933 0.0482574 0.0703032 0.0675705 0.0702440 0.0702472 0.1260476 0.1234728 0.0244721 0.2834238 0.0700281 0.0678119 0.0741249 0.0715032 0.0703926 0.0738046 0.0694695 0.0665695 0.0724807 0.0738319 0.0694673 0.0689781 0.0583742 0.0276727 0.0242020 0.0229839 0.0183066 0.0241032 0.0219713 0.0237850 0.0230337 0.0219550 0.0210477 0.0588051 0.8426946 0.0251855 0.0241430 0.0230245 0.0635247 0.0603591 0.1874531 0.0763661 0.0720368 0.0666059 0.0578040 0.0486254 0.0695136 0.0558312 0.0580427 0.0676498 0.4848962 0.0486375 0.0597325 0.0583324 0.0570998 0.0709121 0.0707846 0.0714672 0.0702520 0.0737568 0.0623507 0.0688063 0.0680102 0.0676080 0.0685290 0.0723925 0.0687842 0.0712327 0.1821881 0.0727403 0.0198893 0.0699971 0.0206412 
Bbai76728_PCDH15    0.0502608 0.0042521 0.0000000 0.0408571 0.0409110 0.0390077 0.0390077 0.0456849 0.0488771 0.0571107 0.0418427 0.1860108 0.0616599 0.1971925 0.0657886 0.5003039 0.0439050 0.0667183 0.0654348 0.0676931 0.0666903 0.0653046 0.0457197 0.2263772 0.0448154 0.0476269 0.0436593 0.0668927 0.0676793 0.0668837 0.0668861 0.1290272 0.1269319 0.0207783 0.2996488 0.0701210 0.0592560 0.0642748 0.0688982 0.0679892 0.0637042 0.0617746 0.0647059 0.0687252 0.0720321 0.0678964 0.0648624 0.0580837 0.0215158 0.0183267 0.0164661 0.0190689 0.0191502 0.0173863 0.0233939 0.0182657 0.0164916 0.0180729 0.0602376 0.8378785 0.0200438 0.0200983 0.0191500 0.0925353 0.0614304 0.2019899 0.0750375 0.0716163 0.0711555 0.0553546 0.0393144 0.0668497 0.0493696 0.0533139 0.0663640 0.4933993 0.0394055 0.0536618 0.0704882 0.0525160 0.0700140 0.0699130 0.0688949 0.0672107 0.0718166 0.0691935 0.0659724 0.0670069 0.0676811 0.0605421 0.0707077 0.0666707 0.0687009 0.1831099 0.0686616 0.0174296 0.0676789 0.0152311 
BbonAUS_PCDH15      0.0086937 0.0448609 0.0408571 0.0000000 0.0066506 0.0081370 0.0081370 0.0116633 0.0100768 0.0000010 0.0095311 0.1786326 0.0647799 0.1927985 0.0747355 0.4445809 0.0218710 0.0736653 0.0724702 0.0744946 0.0751909 0.0630017 0.0175984 0.2215542 0.0184952 0.0190927 0.0104852 0.0747296 0.0753379 0.0738161 0.0738185 0.1225166 0.1167572 0.0537326 0.2989592 0.0658637 0.0624811 0.0617947 0.0754483 0.0747669 0.0714033 0.0666795 0.0710315 0.0762451 0.0782130 0.0733411 0.0738194 0.0505769 0.0460631 0.0422098 0.0428149 0.0477889 0.0444812 0.0428937 0.0510114 0.0420960 0.0412715 0.0421245 0.0605178 0.8227199 0.0428925 0.0414478 0.0412767 0.1183885 0.0707178 0.1936836 0.0832977 0.0739635 0.0764718 0.0603714 0.0441183 0.0741976 0.0508298 0.0565658 0.0720164 0.4518514 0.0447659 0.0572509 0.0720133 0.0591422 0.0760042 0.0751023 0.0763376 0.0725064 0.0754540 0.0747235 0.0714487 0.0736133 0.0710110 0.0696457 0.0770655 0.0736204 0.0753552 0.1782586 0.0764349 0.0381050 0.0744817 0.0402945 
Bbor_PCDH15         0.0148838 0.0460922 0.0409110 0.0066506 0.0000000 0.0058901 0.0058901 0.0111300 0.0066895 0.0053181 0.0111447 0.1835640 0.0654876 0.1969210 0.0729244 0.4534078 0.0237543 0.0735559 0.0705355 0.0744021 0.0741867 0.0627094 0.0171963 0.2244096 0.0169203 0.0187205 0.0114857 0.0746417 0.0752625 0.0737096 0.0737120 0.1221101 0.1182539 0.0580873 0.3035921 0.0686573 0.0674049 0.0643754 0.0745852 0.0746797 0.0721624 0.0673832 0.0709150 0.0761884 0.0781968 0.0732896 0.0737129 0.0541096 0.0460886 0.0439548 0.0445676 0.0497511 0.0462776 0.0443081 0.0524105 0.0438353 0.0429893 0.0439326 0.0601752 0.8426285 0.0446502 0.0431768 0.0429949 0.0918405 0.0714731 0.1985377 0.0824998 0.0730014 0.0764196 0.0614034 0.0463780 0.0741650 0.0540961 0.0578872 0.0719356 0.4648473 0.0461094 0.0572758 0.0719042 0.0582495 0.0751856 0.0750897 0.0762828 0.0723693 0.0753811 0.0746803 0.0731050 0.0724829 0.0709114 0.0704698 0.0770257 0.0735101 0.0752803 0.1796193 0.0763821 0.0389237 0.0743890 0.0412767 
Bede66737_PCDH15    0.0163893 0.0460528 0.0390077 0.0081370 0.0058901 0.0000000 0.0000010 0.0111243 0.0066895 0.0053181 0.0127513 0.1829479 0.0654721 0.1971996 0.0729015 0.4505497 0.0229297 0.0726128 0.0705118 0.0734571 0.0732132 0.0652131 0.0164233 0.2236134 0.0169095 0.0179440 0.0130311 0.0736935 0.0744376 0.0727648 0.0727671 0.1210886 0.1172465 0.0503338 0.3015828 0.0651241 0.0664685 0.0683700 0.0754141 0.0737312 0.0711862 0.0663648 0.0698512 0.0752380 0.0772386 0.0723501 0.0727678 0.0509593 0.0481853 0.0431032 0.0420866 0.0488266 0.0454224 0.0438001 0.0503135 0.0429860 0.0421427 0.0430498 0.0609788 0.8373538 0.0437989 0.0423264 0.0421482 0.0927070 0.0723877 0.1978624 0.0826723 0.0720326 0.0773733 0.0596428 0.0471558 0.0732239 0.0513622 0.0587277 0.0709969 0.4651593 0.0469105 0.0581382 0.0727308 0.0600334 0.0742408 0.0741461 0.0753316 0.0714013 0.0744322 0.0734626 0.0703267 0.0724592 0.0717348 0.0693758 0.0760736 0.0725678 0.0743328 0.1779973 0.0754296 0.0380873 0.0734441 0.0394366 
BedeAUS_PCDH15      0.0163893 0.0460528 0.0390077 0.0081370 0.0058901 0.0000010 0.0000000 0.0111243 0.0066895 0.0053181 0.0127513 0.1829479 0.0654721 0.1971996 0.0729015 0.4505497 0.0229297 0.0726128 0.0705118 0.0734571 0.0732132 0.0652131 0.0164233 0.2236134 0.0169095 0.0179440 0.0130311 0.0736935 0.0744376 0.0727648 0.0727671 0.1210886 0.1172465 0.0503338 0.3015828 0.0651241 0.0664685 0.0683700 0.0754141 0.0737312 0.0711862 0.0663648 0.0698512 0.0752380 0.0772386 0.0723501 0.0727678 0.0509593 0.0481853 0.0431032 0.0420866 0.0488266 0.0454224 0.0438001 0.0503135 0.0429860 0.0421427 0.0430498 0.0609788 0.8373538 0.0437989 0.0423264 0.0421482 0.0927070 0.0723877 0.1978624 0.0826723 0.0720326 0.0773733 0.0596428 0.0471558 0.0732239 0.0513622 0.0587277 0.0709969 0.4651593 0.0469105 0.0581382 0.0727308 0.0600334 0.0742408 0.0741461 0.0753316 0.0714013 0.0744322 0.0734626 0.0703267 0.0724592 0.0717348 0.0693758 0.0760736 0.0725678 0.0743328 0.1779973 0.0754296 0.0380873 0.0734441 0.0394366 
Bmus_PCDH15         0.0225678 0.0506884 0.0456849 0.0116633 0.0111300 0.0111243 0.0111243 0.0000000 0.0169533 0.0106947 0.0176670 0.7001173 0.0761924 0.4975585 0.0852739 0.7398899 0.0296633 0.0859422 0.0848656 0.0867878 0.0878828 0.4545474 0.0221249 0.8010444 0.0224593 0.0236347 0.0181585 0.0870606 0.0876877 0.0861139 0.5977053 0.1480294 0.1251747 0.0503448 0.6751856 0.0739687 0.0737417 0.0742450 0.0861891 0.0871027 0.0831671 0.0784599 0.0793327 0.0885901 0.2453493 0.0851300 0.0861206 0.6022247 0.0546868 0.0503367 0.0509200 0.0556965 0.0526285 0.0510140 0.0593319 0.0502031 0.0493577 0.0505451 0.4446168 2.0143870 0.0510130 0.0495694 0.0493642 0.6131834 0.0822086 0.7230945 0.0958751 0.0861412 0.5184404 0.0680928 0.0619319 0.0860013 0.0602561 0.0670080 0.0837975 1.3830653 0.0550243 0.0672971 0.4722338 0.0692403 0.0871650 0.0859257 0.0886910 0.0851181 0.0877044 0.0866551 0.0840093 0.0864699 0.0832769 0.0825201 0.0894220 0.0858885 0.0876717 0.7090374 0.0888030 0.0445270 0.4914200 0.0484950 
Bmys_PCDH15         0.0066895 0.0420335 0.0488771 0.0100768 0.0066895 0.0066895 0.0066895 0.0169533 0.0000000 0.0161316 0.0145300 0.2112205 0.0510478 0.1878746 0.0737086 0.4285078 0.0195319 0.0818092 0.0812344 0.0818092 0.0812120 0.0572769 0.0000010 0.2120214 0.0066891 0.0066867 0.0169279 0.0777240 0.0818683 0.0778967 0.0778967 0.1451630 0.1499328 0.0523928 0.3728895 0.0477025 0.0382269 0.0302858 0.0818913 0.0825805 0.0562932 0.0562932 0.0765260 0.0818289 0.0817808 0.0777240 0.0777240 0.0426288 0.0279378 0.0208351 0.0238752 0.0240515 0.0311340 0.0240205 0.0456189 0.0170414 0.0170414 0.0207467 0.0572948 0.9104432 0.0240237 0.0206680 0.0170204 0.1982187 0.0687931 0.2082847 0.0859931 0.0827669 0.0860402 0.0480314 0.0386427 0.0777240 0.0353185 0.0335227 0.0777240 0.4460882 0.0386427 0.0335227 0.0827932 0.0336473 0.0818289 0.0818289 0.0777240 0.0777240 0.0899908 0.0796347 0.0818092 0.0818092 0.0859045 0.0619898 0.0818289 0.0818289 0.0858838 0.2027150 0.0818289 0.0169458 0.0818289 0.0276598 
Bphy_PCDH15         0.0053181 0.0409549 0.0571107 0.0000010 0.0053181 0.0053181 0.0053181 0.0106947 0.0161316 0.0000000 0.0000010 0.2579209 0.0637529 0.2188933 0.1069477 0.4262869 0.0173741 0.1182521 0.1182984 0.1182521 0.1182521 0.0824053 0.0161316 0.2993920 0.0216482 0.0161316 0.0272675 0.1111378 0.1184405 0.1115483 0.1115483 0.2123156 0.2210742 0.0713339 0.4504076 0.0319699 0.0456664 0.0456058 0.1184742 0.1110395 0.0637529 0.0637529 0.1111378 0.1182984 0.1181986 0.1111378 0.1111378 0.0637329 0.0447470 0.0386657 0.0386657 0.0503818 0.0503354 0.0444619 0.0684452 0.0386657 0.0386657 0.0444619 0.0824053 1.0243215 0.0502831 0.0385873 0.0385873 0.3401644 0.1154303 0.2349744 0.1256483 0.1134212 0.1186811 0.0766237 0.0464254 0.1111378 0.0226087 0.0226087 0.1111378 0.5230266 0.0464254 0.0226087 0.1165947 0.0226087 0.1182984 0.1182984 0.1111378 0.1111378 0.1112433 0.1239492 0.1182521 0.1182521 0.1254089 0.0812716 0.1182984 0.1182984 0.1253597 0.2930377 0.1182984 0.0386825 0.1182984 0.0447756 
Bphy_baits_PCDH15   0.0192273 0.0494089 0.0418427 0.0095311 0.0111447 0.0127513 0.0127513 0.0176670 0.0145300 0.0000010 0.0000000 0.1786046 0.0692150 0.1976965 0.0738137 0.4593881 0.0222080 0.0725375 0.0684852 0.0734413 0.0725098 0.0638404 0.0226233 0.2147604 0.0233497 0.0242786 0.0115136 0.0736902 0.0733926 0.0726582 0.0726608 0.1194184 0.1133257 0.0538458 0.2780756 0.0697911 0.0721827 0.0726636 0.0736302 0.0727760 0.0764681 0.0708226 0.0656396 0.0753436 0.0765387 0.0722155 0.0726992 0.0558312 0.0473594 0.0481862 0.0470828 0.0525596 0.0489197 0.0480457 0.0507019 0.0480459 0.0471277 0.0463069 0.0611201 0.8229147 0.0489267 0.0472723 0.0480286 0.0664918 0.0679434 0.1975586 0.0811094 0.0716308 0.0746067 0.0627711 0.0483337 0.0731524 0.0594307 0.0634872 0.0707644 0.4646073 0.0480666 0.0620374 0.0674912 0.0648886 0.0742427 0.0741411 0.0754449 0.0702316 0.0754232 0.0728586 0.0690877 0.0712236 0.0697121 0.0757672 0.0762383 0.0724853 0.0743787 0.1752986 0.0755489 0.0427332 0.0734232 0.0447455 
Btau_PCDH15         0.6737856 0.1727788 0.1860108 0.1786326 0.1835640 0.1829479 0.1829479 0.7001173 0.2112205 0.2579209 0.1786046 0.0000000 0.2188278 0.2349557 0.2361709 1.3073751 0.1866072 0.2471756 0.2460090 0.2482415 0.2519565 0.2510770 0.1869485 0.3076904 0.1884230 0.1890968 0.1798965 0.2464898 0.2484140 0.2475794 0.2994250 0.6930471 0.1883946 0.1625572 0.6458513 0.2215508 0.2209072 0.2139892 0.2521616 0.2484086 0.2215525 0.2169295 0.2366510 0.2508710 0.9339372 0.2406428 0.2416825 0.2359689 0.1879077 0.1832385 0.1813276 0.1912479 0.1843440 0.1843929 0.1905117 0.1799046 0.1815782 0.1797304 0.2459177 1.0650706 0.1809561 0.1816836 0.1787120 0.3235142 0.2376729 0.0835361 0.2514653 0.2416456 0.2681599 0.2117955 0.6758241 0.2478358 0.2000158 0.2131859 0.2450397 0.6636049 0.1886180 0.2052378 0.2626341 0.2164211 0.2511783 0.2475190 0.2485742 0.2389552 0.2529932 0.2499528 0.2396313 0.2427531 0.2445443 0.2378214 0.2517518 0.2469430 0.2470993 0.2735888 0.2512692 0.1746006 0.2645388 0.1786378 
Ccom40_PCDH15       0.0796095 0.0694457 0.0616599 0.0647799 0.0654876 0.0654721 0.0654721 0.0761924 0.0510478 0.0637529 0.0692150 0.2188278 0.0000000 0.2349227 0.0041896 0.5396062 0.0747264 0.0112285 0.0106953 0.0120360 0.0120379 0.0391812 0.0744304 0.2555859 0.0789956 0.0782492 0.0700926 0.0120791 0.0116061 0.0112519 0.0112521 0.1653124 0.1549736 0.0657940 0.3189029 0.0505775 0.0737581 0.0736287 0.0114563 0.0112277 0.0079755 0.0067555 0.0098113 0.0120384 0.0096020 0.0071681 0.0063664 0.0488200 0.0680396 0.0600263 0.0597462 0.0684526 0.0629943 0.0620776 0.0711815 0.0620801 0.0607276 0.0616639 0.0339331 0.9126848 0.0648767 0.0631686 0.0620555 0.0627334 0.0387834 0.2356859 0.0149809 0.0115425 0.0157875 0.0448718 0.0662270 0.0128830 0.0373303 0.0365994 0.0112512 0.5463828 0.0643457 0.0359035 0.0410296 0.0377993 0.0140319 0.0137019 0.0136921 0.0116005 0.0144938 0.0117541 0.0115689 0.0114241 0.0120338 0.0125241 0.0153009 0.0120413 0.0120362 0.2142076 0.0128426 0.0559708 0.0120328 0.0620582 
Cela_PCDH15         0.4849632 0.1914648 0.1971925 0.1927985 0.1969210 0.1971996 0.1971996 0.4975585 0.1878746 0.2188933 0.1976965 0.2349557 0.2349227 0.0000000 0.2495129 0.9763666 0.2021459 0.2573358 0.2557446 0.2584089 0.2624772 0.4825088 0.1989978 0.5341755 0.2025648 0.2013538 0.1943622 0.2575221 0.2593822 0.2586228 0.6021680 0.4949534 0.1976083 0.1823672 0.3702193 0.2351776 0.2252683 0.2243795 0.2619027 0.2602031 0.2360400 0.2285669 0.2456735 0.2611058 0.6069750 0.2515248 0.2538851 0.5154924 0.1964581 0.1937952 0.1897533 0.1968938 0.1949215 0.1942491 0.1906403 0.1900588 0.1920834 0.1897125 0.4775186 1.3934422 0.1893176 0.1922405 0.1871182 0.6236599 0.2448563 0.2466757 0.2617399 0.2506201 0.5397002 0.2251889 0.4808548 0.2575195 0.2116983 0.2245002 0.2546980 0.9160719 0.1967561 0.2174412 0.5037166 0.2298248 0.2615418 0.2563125 0.2587745 0.2492586 0.2643316 0.2532258 0.2499047 0.2496890 0.2546751 0.2510151 0.2619763 0.2585376 0.2596957 0.4720509 0.2615069 0.1858985 0.5272108 0.1862539 
Chea7320_PCDH15     0.0877760 0.0681870 0.0657886 0.0747355 0.0729244 0.0729015 0.0729015 0.0852739 0.0737086 0.1069477 0.0738137 0.2361709 0.0041896 0.2495129 0.0000000 0.5570725 0.0839588 0.0079066 0.0077364 0.0087012 0.0098234 0.0379280 0.0806565 0.2769926 0.0825663 0.0845061 0.0804789 0.0079321 0.0087147 0.0079235 0.0079236 0.1745987 0.1681913 0.0658256 0.3453225 0.0502348 0.0776599 0.0783697 0.0078889 0.0087055 0.0040463 0.0034319 0.0082160 0.0087025 0.0063112 0.0031385 0.0023520 0.0547751 0.0737833 0.0661641 0.0677007 0.0753799 0.0709810 0.0682133 0.0773055 0.0681956 0.0659546 0.0682267 0.0327459 0.9878320 0.0710136 0.0713312 0.0691125 0.0506116 0.0413923 0.2509261 0.0127821 0.0089692 0.0119479 0.0476125 0.0718023 0.0087243 0.0333283 0.0338113 0.0071248 0.5749389 0.0685050 0.0339769 0.0451924 0.0347410 0.0095391 0.0095268 0.0095201 0.0073425 0.0111131 0.0070975 0.0089640 0.0083759 0.0079025 0.0109690 0.0111048 0.0087046 0.0094995 0.2306678 0.0086971 0.0639082 0.0079018 0.0672872 
Clfam_PCDH15        0.7195247 0.5092782 0.5003039 0.4445809 0.4534078 0.4505497 0.4505497 0.7398899 0.4285078 0.4262869 0.4593881 1.3073751 0.5396062 0.9763666 0.5570725 0.0000000 0.4706061 0.5382922 0.6011957 0.5395657 0.5593775 1.3519302 0.4468353 1.2158878 0.4661573 0.4524571 0.4451990 0.5348813 0.5446955 0.5383485 1.5521707 0.7407544 0.4574232 0.4965031 1.0064023 0.5707143 0.4947386 0.5082156 0.5462711 0.5431227 0.5123838 0.5397320 0.5874140 0.5438443 1.1588793 0.5543596 0.5416244 1.5629537 0.5002438 0.4467189 0.4469040 0.4713604 0.4508683 0.4508395 0.5112524 0.4440404 0.4484417 0.4589185 1.3390385 2.1476194 0.4500163 0.4531699 0.4457914 1.6221111 0.5263198 1.3197928 0.5558227 0.5685545 1.4797438 0.5158061 0.7147002 0.5511648 0.4723906 0.4857811 0.5479330 1.1406055 0.4614658 0.4873947 1.3804005 0.5026748 0.5581629 0.5477877 0.5381073 0.5438358 0.5428372 0.6202820 0.5459368 0.5803060 0.5355215 0.5765399 0.5410616 0.5373663 0.5414134 1.2729115 0.5443716 0.4464415 1.4273894 0.4821992 
Cmar59905_PCDH15    0.0319290 0.0489639 0.0439050 0.0218710 0.0237543 0.0229297 0.0229297 0.0296633 0.0195319 0.0173741 0.0222080 0.1866072 0.0747264 0.2021459 0.0839588 0.4706061 0.0000000 0.0819126 0.0792664 0.0827819 0.0828088 0.0715995 0.0304678 0.2304787 0.0321171 0.0320710 0.0199335 0.0830514 0.0838072 0.0820834 0.0820863 0.1306830 0.1238501 0.0425665 0.3049660 0.0735721 0.0745307 0.0753739 0.0839849 0.0830934 0.0798643 0.0708048 0.0769246 0.0846287 0.0867187 0.0818972 0.0820891 0.0637315 0.0516705 0.0504389 0.0493780 0.0547907 0.0519750 0.0511407 0.0556908 0.0486184 0.0494226 0.0489945 0.0671142 0.8536693 0.0511397 0.0487129 0.0494293 0.1291889 0.0753185 0.2065118 0.0903212 0.0800495 0.0831631 0.0679090 0.0530736 0.0827956 0.0543492 0.0623709 0.0805194 0.4736750 0.0532912 0.0616962 0.0787776 0.0652885 0.0849061 0.0837522 0.0847305 0.0792053 0.0856250 0.0809852 0.0780857 0.0800447 0.0791804 0.0765282 0.0854854 0.0818601 0.0836883 0.1892748 0.0848414 0.0460789 0.0827674 0.0459288 
Dcap108471_PCDH15   0.0881700 0.0688483 0.0667183 0.0736653 0.0735559 0.0726128 0.0726128 0.0859422 0.0818092 0.1182521 0.0725375 0.2471756 0.0112285 0.2573358 0.0079066 0.5382922 0.0819126 0.0000000 0.0016814 0.0007147 0.0022137 0.0384158 0.0807935 0.2860824 0.0834502 0.0825500 0.0787712 0.0043201 0.0050346 0.0043159 0.0050386 0.1812322 0.1717989 0.0699373 0.3474388 0.0503847 0.0817373 0.0835161 0.0081035 0.0050493 0.0105472 0.0065397 0.0033738 0.0028657 0.0108750 0.0074201 0.0064890 0.0514798 0.0775822 0.0674965 0.0680301 0.0760238 0.0718912 0.0701950 0.0761532 0.0693465 0.0681207 0.0686288 0.0336747 0.9717269 0.0719214 0.0722146 0.0701841 0.0894225 0.0412592 0.2605831 0.0130832 0.0084190 0.0130825 0.0465806 0.0770191 0.0051825 0.0309765 0.0342501 0.0036953 0.5474877 0.0739326 0.0335067 0.0450520 0.0352987 0.0030188 0.0029561 0.0043127 0.0029539 0.0043082 0.0019310 0.0014709 0.0008010 0.0043100 0.0044202 0.0043052 0.0021480 0.0014305 0.2417855 0.0028746 0.0637199 0.0021466 0.0675928 
Dcap79929_PCDH15    0.0864933 0.0667465 0.0654348 0.0724702 0.0705355 0.0705118 0.0705118 0.0848656 0.0812344 0.1182984 0.0684852 0.2460090 0.0106953 0.2557446 0.0077364 0.6011957 0.0792664 0.0016814 0.0000000 0.0025232 0.0016806 0.0389679 0.0798127 0.2896734 0.0798055 0.0818735 0.0785332 0.0042305 0.0050700 0.0042257 0.0050748 0.1814807 0.1729924 0.0699373 0.3575366 0.0526538 0.0787910 0.0810338 0.0076311 0.0067944 0.0124936 0.0082431 0.0018221 0.0025236 0.0110514 0.0076262 0.0067731 0.0540893 0.0742643 0.0673206 0.0669875 0.0732599 0.0714900 0.0695166 0.0767130 0.0684954 0.0670923 0.0699977 0.0333964 1.0321779 0.0715195 0.0707075 0.0694790 0.0700170 0.0412786 0.2526259 0.0119274 0.0085046 0.0119258 0.0461227 0.0732893 0.0050761 0.0294350 0.0340628 0.0033773 0.6058819 0.0685454 0.0330761 0.0467969 0.0350160 0.0033822 0.0033807 0.0050717 0.0033778 0.0050655 0.0020532 0.0033676 0.0025984 0.0016804 0.0038325 0.0050614 0.0025243 0.0033671 0.2518214 0.0025220 0.0638966 0.0025224 0.0671393 
DdelSJR_PCDH15      0.0890144 0.0700197 0.0676931 0.0744946 0.0744021 0.0734571 0.0734571 0.0867878 0.0818092 0.1182521 0.0734413 0.2482415 0.0120360 0.2584089 0.0087012 0.5395657 0.0827819 0.0007147 0.0025232 0.0000000 0.0029529 0.0391859 0.0816334 0.2871985 0.0843368 0.0833924 0.0796321 0.0050422 0.0057562 0.0050373 0.0057608 0.1822275 0.1728057 0.0699373 0.3486215 0.0491361 0.0825923 0.0844656 0.0088439 0.0057730 0.0113054 0.0073606 0.0042193 0.0035836 0.0116047 0.0081656 0.0072130 0.0524620 0.0786729 0.0683210 0.0688521 0.0769150 0.0727167 0.0710184 0.0771889 0.0701691 0.0689437 0.0694815 0.0344378 0.9713076 0.0727473 0.0730438 0.0710075 0.0903054 0.0421210 0.2616603 0.0138157 0.0091884 0.0138150 0.0456458 0.0778510 0.0059253 0.0321901 0.0350442 0.0044362 0.5487650 0.0748019 0.0343400 0.0458355 0.0361366 0.0037751 0.0036967 0.0050335 0.0036939 0.0050283 0.0019298 0.0022074 0.0016028 0.0050305 0.0053068 0.0050248 0.0028651 0.0021466 0.2420091 0.0035946 0.0645353 0.0028633 0.0685160 
Ddeltrop4525_PCDH15 0.0901767 0.0700217 0.0666903 0.0751909 0.0741867 0.0732132 0.0732132 0.0878828 0.0812120 0.1182521 0.0725098 0.2519565 0.0120379 0.2624772 0.0098234 0.5593775 0.0828088 0.0022137 0.0016806 0.0029529 0.0000000 0.0404425 0.0825615 0.2888619 0.0844294 0.0843780 0.0805202 0.0066945 0.0074299 0.0066878 0.0074360 0.1845461 0.1736502 0.0699373 0.3503524 0.0491769 0.0835678 0.0856202 0.0098917 0.0074523 0.0132513 0.0093314 0.0042200 0.0051800 0.0134845 0.0099753 0.0089386 0.0524707 0.0775471 0.0688231 0.0676339 0.0763623 0.0724759 0.0716030 0.0772178 0.0707269 0.0694640 0.0707338 0.0355349 0.9907813 0.0733869 0.0726774 0.0715916 0.0925106 0.0435669 0.2645804 0.0157735 0.0110928 0.0157728 0.0463578 0.0782537 0.0076555 0.0334676 0.0362080 0.0061133 0.5653368 0.0741253 0.0346545 0.0473262 0.0364557 0.0046807 0.0053489 0.0066826 0.0053448 0.0066755 0.0040072 0.0038018 0.0033225 0.0066785 0.0053077 0.0066708 0.0044373 0.0036937 0.2484623 0.0051964 0.0649158 0.0044343 0.0680045 
Dleu_PCDH15         0.4413719 0.0660511 0.0653046 0.0630017 0.0627094 0.0652131 0.0652131 0.4545474 0.0572769 0.0824053 0.0638404 0.2510770 0.0391812 0.4825088 0.0379280 1.3519302 0.0715995 0.0384158 0.0389679 0.0391859 0.0404425 0.0000000 0.0708358 0.3064964 0.0729446 0.0725365 0.0658726 0.0393137 0.0400297 0.0377049 0.0636798 0.6744404 0.1620470 0.0606056 0.6171276 0.0534821 0.0773679 0.0767053 0.0368879 0.0393346 0.0424920 0.0393231 0.0333752 0.0399846 0.4152437 0.0379944 0.0385009 0.0435175 0.0728124 0.0636889 0.0659143 0.0723703 0.0680252 0.0663598 0.0777396 0.0655261 0.0643133 0.0655655 0.0077945 1.0804617 0.0680531 0.0683272 0.0663494 0.0632201 0.0229506 0.2647010 0.0456191 0.0408961 0.0395924 0.0409253 0.4239505 0.0387923 0.0223524 0.0182298 0.0371712 0.6930843 0.0660684 0.0192156 0.0264255 0.0184068 0.0388564 0.0387557 0.0408322 0.0396406 0.0423381 0.0396097 0.0395453 0.0406102 0.0376260 0.0418004 0.0423484 0.0384055 0.0391866 0.2664928 0.0408809 0.0617063 0.0414177 0.0671515 
EausAUS_PCDH15      0.0251301 0.0519503 0.0457197 0.0175984 0.0171963 0.0164233 0.0164233 0.0221249 0.0000010 0.0161316 0.0226233 0.1869485 0.0744304 0.1989978 0.0806565 0.4468353 0.0304678 0.0807935 0.0798127 0.0816334 0.0825615 0.0708358 0.0000000 0.2286677 0.0030273 0.0043307 0.0189475 0.0818907 0.0826221 0.0809567 0.0809595 0.1297866 0.1241268 0.0541352 0.3030975 0.0754039 0.0712261 0.0678008 0.0827678 0.0819309 0.0787857 0.0736628 0.0742329 0.0834165 0.0836698 0.0788784 0.0792156 0.0599150 0.0483038 0.0455236 0.0461207 0.0513786 0.0478069 0.0462058 0.0552484 0.0454015 0.0445672 0.0447262 0.0666221 0.8232281 0.0462037 0.0447582 0.0445729 0.1285812 0.0767946 0.1987811 0.0907152 0.0815400 0.0837766 0.0664121 0.0513231 0.0815376 0.0602462 0.0644314 0.0793408 0.4608472 0.0523403 0.0646131 0.0787490 0.0674641 0.0835420 0.0824595 0.0835141 0.0789330 0.0843778 0.0831712 0.0778474 0.0806290 0.0780859 0.0815449 0.0842449 0.0807434 0.0825088 0.1858625 0.0836202 0.0413736 0.0806711 0.0448828 
Ecab_PCDH15         0.7980026 0.2155012 0.2263772 0.2215542 0.2244096 0.2236134 0.2236134 0.8010444 0.2120214 0.2993920 0.2147604 0.3076904 0.2555859 0.5341755 0.2769926 1.2158878 0.2304787 0.2860824 0.2896734 0.2871985 0.2888619 0.3064964 0.2286677 0.0000000 0.2365845 0.2356772 0.2207401 0.2880115 0.2875263 0.2868403 0.3576775 0.8111149 0.2279443 0.2447434 0.5503270 0.2597422 0.2546156 0.2444652 0.2882213 0.2863511 0.2618914 0.2596331 0.2861265 0.2901032 1.0301308 0.2786845 0.2771176 0.2900982 0.2272729 0.2288448 0.2253908 0.2333039 0.2339690 0.2316329 0.2298741 0.2263777 0.2299531 0.2385637 0.2968254 0.9557247 0.2309666 0.2310780 0.2254179 0.3719357 0.2652540 0.3233937 0.2947597 0.2880182 0.3204528 0.2512968 0.7928123 0.2815289 0.2398783 0.2448851 0.2839447 0.5987028 0.2245646 0.2472271 0.3066900 0.2534792 0.2893095 0.2865296 0.2852671 0.2879641 0.2897716 0.2870503 0.2877002 0.2925548 0.2847011 0.2811804 0.2909578 0.2873670 0.2885770 0.2912381 0.2905177 0.2185135 0.3229314 0.2269814 
Egla13086_PCDH15    0.0256261 0.0508587 0.0448154 0.0184952 0.0169203 0.0169095 0.0169095 0.0224593 0.0066891 0.0216482 0.0233497 0.1884230 0.0789956 0.2025648 0.0825663 0.4661573 0.0321171 0.0834502 0.0798055 0.0843368 0.0844294 0.0729446 0.0030273 0.2365845 0.0000000 0.0030269 0.0199472 0.0846160 0.0853851 0.0836266 0.0836296 0.1283788 0.1244249 0.0541352 0.3078508 0.0748895 0.0724870 0.0714585 0.0845532 0.0846593 0.0833488 0.0782171 0.0769296 0.0862229 0.0883603 0.0834015 0.0836328 0.0629068 0.0504244 0.0479576 0.0485779 0.0534224 0.0503623 0.0478376 0.0587867 0.0478241 0.0461177 0.0472067 0.0684973 0.8561786 0.0486710 0.0471519 0.0469478 0.1041933 0.0794606 0.2021567 0.0930171 0.0834407 0.0847550 0.0664057 0.0523613 0.0843171 0.0623142 0.0662663 0.0819994 0.4804124 0.0522624 0.0658699 0.0813253 0.0674579 0.0854062 0.0852937 0.0863275 0.0815637 0.0872414 0.0843589 0.0804101 0.0815505 0.0805857 0.0825801 0.0870963 0.0833956 0.0852622 0.1893720 0.0864425 0.0435505 0.0833169 0.0477648 
Ejap43864_PCDH15    0.0266477 0.0530933 0.0476269 0.0190927 0.0187205 0.0179440 0.0179440 0.0236347 0.0066867 0.0161316 0.0242786 0.1890968 0.0782492 0.2013538 0.0845061 0.4524571 0.0320710 0.0825500 0.0818735 0.0833924 0.0843780 0.0725365 0.0043307 0.2356772 0.0030269 0.0000000 0.0204942 0.0836552 0.0843869 0.0827162 0.0827191 0.1317676 0.1261284 0.0580256 0.3070433 0.0754157 0.0747072 0.0716221 0.0845716 0.0836960 0.0824191 0.0775793 0.0752463 0.0851832 0.0872102 0.0824778 0.0827219 0.0609291 0.0525649 0.0487490 0.0493372 0.0548609 0.0494092 0.0494283 0.0583003 0.0486202 0.0477781 0.0480633 0.0683074 0.8321691 0.0494273 0.0479820 0.0477843 0.1306325 0.0787259 0.2009779 0.0925143 0.0834070 0.0837880 0.0683257 0.0545634 0.0833467 0.0642591 0.0661822 0.0811462 0.4643864 0.0557506 0.0664527 0.0795905 0.0693170 0.0853999 0.0842726 0.0852820 0.0807342 0.0861494 0.0855529 0.0796412 0.0825966 0.0798298 0.0837038 0.0860133 0.0824987 0.0842713 0.1902483 0.0853902 0.0445639 0.0824246 0.0484892 
Erob133443_PCDH15   0.0188539 0.0482574 0.0436593 0.0104852 0.0114857 0.0130311 0.0130311 0.0181585 0.0169279 0.0272675 0.0115136 0.1798965 0.0700926 0.1943622 0.0804789 0.4451990 0.0199335 0.0787712 0.0785332 0.0796321 0.0805202 0.0658726 0.0189475 0.2207401 0.0199472 0.0204942 0.0000000 0.0789458 0.0805251 0.0789355 0.0789382 0.1243052 0.1184056 0.0500682 0.2957698 0.0719057 0.0661111 0.0653416 0.0807471 0.0781106 0.0756473 0.0721278 0.0740913 0.0814567 0.0812467 0.0786600 0.0789402 0.0530311 0.0495395 0.0442302 0.0432182 0.0491540 0.0451833 0.0435439 0.0528157 0.0441083 0.0432565 0.0418697 0.0641580 0.8235727 0.0449286 0.0434464 0.0416381 0.1261483 0.0732887 0.1977016 0.0888215 0.0785041 0.0817070 0.0633427 0.0454007 0.0795501 0.0560840 0.0592177 0.0772912 0.4579400 0.0460709 0.0600653 0.0749458 0.0610214 0.0815611 0.0804951 0.0815557 0.0777193 0.0824397 0.0818187 0.0766076 0.0793193 0.0760715 0.0768147 0.0823065 0.0787212 0.0805282 0.1795801 0.0816624 0.0417724 0.0796181 0.0434771 
Fatt_PCDH15         0.0892927 0.0703032 0.0668927 0.0747296 0.0746417 0.0736935 0.0736935 0.0870606 0.0777240 0.1111378 0.0736902 0.2464898 0.0120791 0.2575221 0.0079321 0.5348813 0.0830514 0.0043201 0.0042305 0.0050422 0.0066945 0.0393137 0.0818907 0.2880115 0.0846160 0.0836552 0.0789458 0.0000000 0.0050494 0.0028666 0.0035857 0.1803439 0.1708845 0.0751158 0.3526016 0.0530516 0.0828568 0.0837176 0.0081278 0.0065202 0.0098145 0.0082180 0.0033846 0.0057680 0.0109068 0.0074425 0.0065081 0.0506444 0.0778011 0.0685384 0.0690701 0.0771747 0.0729460 0.0712426 0.0786030 0.0703908 0.0691623 0.0706174 0.0345492 0.9670389 0.0729767 0.0732750 0.0712316 0.0887414 0.0413848 0.2615629 0.0160931 0.0107776 0.0131207 0.0467039 0.0763480 0.0036876 0.0323428 0.0335380 0.0022087 0.5468449 0.0732265 0.0336158 0.0443725 0.0345496 0.0060781 0.0059511 0.0043049 0.0022092 0.0072262 0.0048634 0.0051849 0.0048433 0.0072295 0.0089174 0.0072213 0.0050440 0.0057666 0.2427109 0.0057858 0.0647401 0.0050407 0.0697426 
Ggri_PCDH15         0.0899198 0.0675705 0.0676793 0.0753379 0.0752625 0.0744376 0.0744376 0.0876877 0.0818683 0.1184405 0.0733926 0.2484140 0.0116061 0.2593822 0.0087147 0.5446955 0.0838072 0.0050346 0.0050700 0.0057562 0.0074299 0.0400297 0.0826221 0.2875263 0.0853851 0.0843869 0.0805251 0.0050494 0.0000000 0.0050445 0.0057690 0.1808344 0.1713837 0.0740428 0.3463514 0.0515610 0.0836003 0.0835589 0.0088567 0.0072366 0.0113197 0.0073602 0.0050777 0.0064819 0.0116211 0.0081775 0.0072232 0.0515397 0.0786549 0.0692700 0.0697989 0.0769006 0.0736738 0.0719704 0.0755127 0.0711187 0.0698919 0.0713731 0.0352656 0.9701167 0.0737049 0.0740057 0.0719593 0.0876488 0.0394745 0.2610881 0.0153153 0.0115341 0.0123544 0.0466139 0.0788239 0.0059339 0.0297265 0.0334722 0.0044427 0.5539731 0.0747882 0.0335465 0.0434883 0.0344783 0.0068298 0.0066873 0.0064932 0.0044438 0.0079401 0.0048412 0.0059189 0.0048249 0.0079437 0.0079834 0.0079347 0.0057582 0.0064802 0.2426052 0.0065017 0.0654678 0.0057544 0.0694817 
Gmac39091_PCDH15    0.0865945 0.0702440 0.0668837 0.0738161 0.0737096 0.0727648 0.0727648 0.0861139 0.0778967 0.1115483 0.0726582 0.2475794 0.0112519 0.2586228 0.0079235 0.5383485 0.0820834 0.0043159 0.0042257 0.0050373 0.0066878 0.0377049 0.0809567 0.2868403 0.0836266 0.0827162 0.0789355 0.0028666 0.0050445 0.0000000 0.0021460 0.1815626 0.1721224 0.0707646 0.3524272 0.0517485 0.0818649 0.0836599 0.0081196 0.0065138 0.0105679 0.0073816 0.0042321 0.0057624 0.0108960 0.0074350 0.0065017 0.0526034 0.0777884 0.0676374 0.0681714 0.0761898 0.0720388 0.0703397 0.0774536 0.0694898 0.0682623 0.0696816 0.0329630 0.9745036 0.0720691 0.0723633 0.0703288 0.0869072 0.0413473 0.2626718 0.0160770 0.0107663 0.0131076 0.0475841 0.0771755 0.0036840 0.0298500 0.0327028 0.0022065 0.5510479 0.0740913 0.0327378 0.0443363 0.0336670 0.0060718 0.0059451 0.0043007 0.0022070 0.0072192 0.0048570 0.0051797 0.0048380 0.0072224 0.0080085 0.0072142 0.0050391 0.0057610 0.2438059 0.0057801 0.0638536 0.0050358 0.0687304 
Gmel_PCDH15         0.5865807 0.0702472 0.0668861 0.0738185 0.0737120 0.0727671 0.0727671 0.5977053 0.0778967 0.1115483 0.0726608 0.2994250 0.0112521 0.6021680 0.0079236 1.5521707 0.0820863 0.0050386 0.0050748 0.0057608 0.0074360 0.0636798 0.0809595 0.3576775 0.0836296 0.0827191 0.0789382 0.0035857 0.0057690 0.0021460 0.0000000 0.8455460 0.1721326 0.0749109 0.7399850 0.0505371 0.0818678 0.0836632 0.0088638 0.0072424 0.0105681 0.0073817 0.0050825 0.0064871 0.4061000 0.0081841 0.0072290 0.0529666 0.0777918 0.0676395 0.0681735 0.0761925 0.0720411 0.0703419 0.0774568 0.0694920 0.0682644 0.0696839 0.0585069 1.2222970 0.0720714 0.0723657 0.0703310 0.1119849 0.0431077 0.3182324 0.0168192 0.0115436 0.0319710 0.0475855 0.5430477 0.0044238 0.0323166 0.0343144 0.0029440 0.7751262 0.0752812 0.0344320 0.0693328 0.0353683 0.0068356 0.0059451 0.0050208 0.0029448 0.0079398 0.0048570 0.0059237 0.0056485 0.0079500 0.0080087 0.0079410 0.0057628 0.0064854 0.3154759 0.0065069 0.0638555 0.0264942 0.0687328 
Hamp_PCDH15         0.1426493 0.1260476 0.1290272 0.1225166 0.1221101 0.1210886 0.1210886 0.1480294 0.1451630 0.2123156 0.1194184 0.6930471 0.1653124 0.4949534 0.1745987 0.7407544 0.1306830 0.1812322 0.1814807 0.1822275 0.1845461 0.6744404 0.1297866 0.8111149 0.1283788 0.1317676 0.1243052 0.1803439 0.1808344 0.1815626 0.8455460 0.0000000 0.0059097 0.1272722 0.6922758 0.1588763 0.1544355 0.1506493 0.1759986 0.1828963 0.1680132 0.1711608 0.1810750 0.1845373 0.3719760 0.1796470 0.1801374 0.8224267 0.1305410 0.1256948 0.1253726 0.1343707 0.1286445 0.1267271 0.1365611 0.1246277 0.1254732 0.1271466 0.6567891 2.0242514 0.1259170 0.1283870 0.1239821 0.8614829 0.1680316 0.7135119 0.1819832 0.1806424 0.7480797 0.1481626 0.1417910 0.1807449 0.1496251 0.1529443 0.1796037 1.3771650 0.1297137 0.1490728 0.6906048 0.1550999 0.1814462 0.1819592 0.1824930 0.1785171 0.1855894 0.1853437 0.1791971 0.1883248 0.1778436 0.1765036 0.1854423 0.1810922 0.1833415 0.7148746 0.1848903 0.1168654 0.7264823 0.1292567 
Hippo_PCDH15        0.1237365 0.1234728 0.1269319 0.1167572 0.1182539 0.1172465 0.1172465 0.1251747 0.1499328 0.2210742 0.1133257 0.1883946 0.1549736 0.1976083 0.1681913 0.4574232 0.1238501 0.1717989 0.1729924 0.1728057 0.1736502 0.1620470 0.1241268 0.2279443 0.1244249 0.1261284 0.1184056 0.1708845 0.1713837 0.1721224 0.1721326 0.0059097 0.0000000 0.1231952 0.3116233 0.1559016 0.1493223 0.1480523 0.1698424 0.1734550 0.1583016 0.1603433 0.1748522 0.1751208 0.1745708 0.1699260 0.1706967 0.1329411 0.1307421 0.1210548 0.1207375 0.1293790 0.1240448 0.1220147 0.1295349 0.1199747 0.1208371 0.1223454 0.1551946 0.8583296 0.1212777 0.1237672 0.1193166 0.1907405 0.1600082 0.2041917 0.1722458 0.1703070 0.1725710 0.1461956 0.1250549 0.1710343 0.1438594 0.1454970 0.1698678 0.4692600 0.1272730 0.1429281 0.1683926 0.1488933 0.1738495 0.1736175 0.1730649 0.1687916 0.1763800 0.1751948 0.1694917 0.1775378 0.1684005 0.1648175 0.1760459 0.1716654 0.1739238 0.1865605 0.1754723 0.1110951 0.1727833 0.1239383 
Hpla9120_PCDH15     0.0575189 0.0244721 0.0207783 0.0537326 0.0580873 0.0503338 0.0503338 0.0503448 0.0523928 0.0713339 0.0538458 0.1625572 0.0657940 0.1823672 0.0658256 0.4965031 0.0425665 0.0699373 0.0699373 0.0699373 0.0699373 0.0606056 0.0541352 0.2447434 0.0541352 0.0580256 0.0500682 0.0751158 0.0740428 0.0707646 0.0749109 0.1272722 0.1231952 0.0000000 0.3506846 0.0920323 0.0593061 0.0844935 0.0742256 0.0658256 0.0698277 0.0658256 0.0658256 0.0741178 0.0698845 0.0699235 0.0658256 0.0710651 0.0254253 0.0172325 0.0172325 0.0207497 0.0207684 0.0172325 0.0361099 0.0207456 0.0172325 0.0172325 0.0606187 0.7383167 0.0207456 0.0172325 0.0172325 0.0642335 0.0538182 0.1815724 0.0825522 0.0783080 0.0745426 0.0814192 0.0503634 0.0707646 0.0642335 0.0631853 0.0707646 0.5536340 0.0465974 0.0642335 0.0850583 0.0631853 0.0790463 0.0748827 0.0748991 0.0707646 0.0740263 0.0699373 0.0699373 0.0699373 0.0699373 0.0748827 0.0699373 0.0699373 0.0740274 0.2072119 0.0699373 0.0173576 0.0740197 0.0207759 
Hsap_PCDH15         0.6671522 0.2834238 0.2996488 0.2989592 0.3035921 0.3015828 0.3015828 0.6751856 0.3728895 0.4504076 0.2780756 0.6458513 0.3189029 0.3702193 0.3453225 1.0064023 0.3049660 0.3474388 0.3575366 0.3486215 0.3503524 0.6171276 0.3030975 0.5503270 0.3078508 0.3070433 0.2957698 0.3526016 0.3463514 0.3524272 0.7399850 0.6922758 0.3116233 0.3506846 0.0000000 0.3325439 0.3236782 0.3137653 0.3557722 0.3478754 0.3250718 0.3217975 0.3456136 0.3504475 0.7804689 0.3541705 0.3484031 0.6642105 0.2954470 0.2942393 0.2900823 0.3139881 0.2970949 0.2946163 0.3061884 0.2924969 0.2955008 0.2992930 0.6180724 1.3348463 0.2939581 0.2998398 0.2932748 0.7788310 0.3336788 0.6814404 0.3571509 0.3535803 0.6810238 0.3097032 0.6655422 0.3507740 0.2957693 0.3061780 0.3520018 0.9500665 0.3043461 0.3002097 0.6434035 0.3091047 0.3551286 0.3510744 0.3464229 0.3463585 0.3521522 0.3735486 0.3469625 0.3563495 0.3456260 0.3259807 0.3499111 0.3470938 0.3473672 0.5822268 0.3523489 0.2887514 0.6587972 0.2944148 
Igeo_PCDH15         0.0797047 0.0700281 0.0701210 0.0658637 0.0686573 0.0651241 0.0651241 0.0739687 0.0477025 0.0319699 0.0697911 0.2215508 0.0505775 0.2351776 0.0502348 0.5707143 0.0735721 0.0503847 0.0526538 0.0491361 0.0491769 0.0534821 0.0754039 0.2597422 0.0748895 0.0754157 0.0719057 0.0530516 0.0515610 0.0517485 0.0505371 0.1588763 0.1559016 0.0920323 0.3325439 0.0000000 0.0771399 0.0823241 0.0492797 0.0518619 0.0517558 0.0492836 0.0451481 0.0503483 0.0504796 0.0480780 0.0480780 0.0410260 0.0724647 0.0708489 0.0716488 0.0742126 0.0757663 0.0744250 0.0766106 0.0732248 0.0730151 0.0733229 0.0477236 0.9363801 0.0757871 0.0745189 0.0731833 0.0552064 0.0579972 0.2264505 0.0568403 0.0531215 0.0492845 0.0329609 0.0686210 0.0517728 0.0500234 0.0513804 0.0517433 0.5502428 0.0662472 0.0514670 0.0540349 0.0524232 0.0542795 0.0529598 0.0529684 0.0517540 0.0540594 0.0523870 0.0479256 0.0526009 0.0515494 0.0577407 0.0552035 0.0479108 0.0503321 0.2302841 0.0503432 0.0686392 0.0503432 0.0706560 
Kbre_PCDH15         0.0742862 0.0678119 0.0592560 0.0624811 0.0674049 0.0664685 0.0664685 0.0737417 0.0382269 0.0456664 0.0721827 0.2209072 0.0737581 0.2252683 0.0776599 0.4947386 0.0745307 0.0817373 0.0787910 0.0825923 0.0835678 0.0773679 0.0712261 0.2546156 0.0724870 0.0747072 0.0661111 0.0828568 0.0836003 0.0818649 0.0818678 0.1544355 0.1493223 0.0593061 0.3236782 0.0771399 0.0000000 0.0205977 0.0819149 0.0828980 0.0809308 0.0759588 0.0730885 0.0825917 0.0829010 0.0779105 0.0801320 0.0633711 0.0616037 0.0552504 0.0574994 0.0641988 0.0609423 0.0592312 0.0654660 0.0584318 0.0575490 0.0589747 0.0720235 0.8709057 0.0609672 0.0603607 0.0567519 0.1045188 0.0811934 0.2373161 0.0900146 0.0832922 0.0837036 0.0600544 0.0439142 0.0788129 0.0650661 0.0709640 0.0787662 0.4930133 0.0453595 0.0734768 0.0795447 0.0715753 0.0826200 0.0815426 0.0845086 0.0826865 0.0853468 0.0810897 0.0797091 0.0786730 0.0790503 0.0775448 0.0834660 0.0798812 0.0816714 0.2139128 0.0846176 0.0557300 0.0825781 0.0556629 
Ksim_PCDH15         0.0720418 0.0741249 0.0642748 0.0617947 0.0643754 0.0683700 0.0683700 0.0742450 0.0302858 0.0456058 0.0726636 0.2139892 0.0736287 0.2243795 0.0783697 0.5082156 0.0753739 0.0835161 0.0810338 0.0844656 0.0856202 0.0767053 0.0678008 0.2444652 0.0714585 0.0716221 0.0653416 0.0837176 0.0835589 0.0836599 0.0836632 0.1506493 0.1480523 0.0844935 0.3137653 0.0823241 0.0205977 0.0000000 0.0837582 0.0848116 0.0805855 0.0784625 0.0766491 0.0844648 0.0848151 0.0794148 0.0817354 0.0654901 0.0673577 0.0564519 0.0589365 0.0655915 0.0619304 0.0591351 0.0705812 0.0600875 0.0580961 0.0597907 0.0736662 0.8767421 0.0628901 0.0622267 0.0582314 0.1089093 0.0818609 0.2269887 0.0901413 0.0854938 0.0817001 0.0619700 0.0442498 0.0804209 0.0735256 0.0714029 0.0803678 0.5020168 0.0458259 0.0752677 0.0808845 0.0735119 0.0847216 0.0834669 0.0865984 0.0846361 0.0875297 0.0868709 0.0833701 0.0816664 0.0805297 0.0818426 0.0844162 0.0814516 0.0834412 0.2171995 0.0867218 0.0610660 0.0844495 0.0634398 
Lacu_PCDH15         0.0885036 0.0715032 0.0688982 0.0754483 0.0745852 0.0754141 0.0754141 0.0861891 0.0818913 0.1184742 0.0736302 0.2521616 0.0114563 0.2619027 0.0078889 0.5462711 0.0839849 0.0081035 0.0076311 0.0088439 0.0098917 0.0368879 0.0827678 0.2882213 0.0845532 0.0845716 0.0807471 0.0081278 0.0088567 0.0081196 0.0088638 0.1759986 0.1698424 0.0742256 0.3557722 0.0492797 0.0819149 0.0837582 0.0000000 0.0088480 0.0123050 0.0083518 0.0052032 0.0081007 0.0118235 0.0075588 0.0073480 0.0540054 0.0789222 0.0691263 0.0714289 0.0779207 0.0736248 0.0718849 0.0806231 0.0710150 0.0697618 0.0712710 0.0320617 0.9891268 0.0736566 0.0739637 0.0718736 0.0634109 0.0395587 0.2647753 0.0148151 0.0093738 0.0141276 0.0466735 0.0779761 0.0083549 0.0333544 0.0325702 0.0068236 0.5556003 0.0749911 0.0327214 0.0428098 0.0336503 0.0091344 0.0091306 0.0096072 0.0075914 0.0110911 0.0079979 0.0075699 0.0082648 0.0095999 0.0118879 0.0110835 0.0073598 0.0080986 0.2394632 0.0096199 0.0651733 0.0088412 0.0713382 
