Supplemental results for CODEML (seqf: /home/leticiamagpali/phd/evol_models/codeml/big_dataset/cml_align/OTOF_codon_aligned.phy  treef: /home/leticiamagpali/phd/evol_models/codeml/big_dataset/cml_trees/gene_trees/H1b_gene_trees/OTOF_tree_H1b.tre)

I	J	ij	2Ns_IJ	pMut_IJ	pSub_IJ	2Ns_JI	pMut_JI	pSub_JI

TTC	TTT	CT	-0.48903	0.07476	0.05796	0.48903	0.04584	0.05796
TTA	TTT	AT	6.57755	0.00001	0.00008	-6.57755	0.00842	0.00008
TTA	TTC	AC	7.06658	0.00002	0.00017	-7.06658	0.02839	0.00017
TTG	TTT	GT	1.34215	0.00247	0.00448	-1.34215	0.00944	0.00448
TTG	TTC	GC	1.83118	0.00510	0.01112	-1.83118	0.03182	0.01112
TTG	TTA	GA	-5.23540	0.01733	0.00049	5.23540	0.00009	0.00049
TCT	TTT	CT	1.57681	0.00947	0.01883	-1.57681	0.04584	0.01883
TCC	TTC	CT	0.83692	0.06694	0.09882	-0.83692	0.15459	0.09882
TCC	TCT	CT	-1.22891	0.06694	0.03403	1.22891	0.01959	0.03403
TCA	TTA	CT	-4.89574	0.01393	0.00051	4.89574	0.00010	0.00051
TCA	TCT	AT	0.10501	0.00324	0.00341	-0.10501	0.00360	0.00341
TCA	TCC	AC	1.33392	0.00670	0.01213	-1.33392	0.02542	0.01213
TCG	TTG	CT	0.85021	0.00937	0.01392	-0.85021	0.02193	0.01392
TCG	TCT	GT	0.61556	0.00218	0.00292	-0.61556	0.00403	0.00292
TCG	TCC	GC	1.84447	0.00451	0.00987	-1.84447	0.02850	0.00987
TCG	TCA	GA	0.51055	0.01531	0.01955	-0.51055	0.02551	0.01955
TAT	TTT	AT	1.08449	0.00285	0.00466	-1.08449	0.00842	0.00466
TAT	TCT	AC	-0.49232	0.00589	0.00456	0.49232	0.00360	0.00456
TAC	TTC	AT	0.59103	0.01572	0.02082	-0.59103	0.02839	0.02082
TAC	TCC	AC	-0.24588	0.03251	0.02868	0.24588	0.02542	0.02868
TAC	TAT	CT	-0.98248	0.06763	0.03976	0.98248	0.02532	0.03976
TGT	TTT	GT	2.00494	0.00127	0.00294	-2.00494	0.00944	0.00294
TGT	TCT	GC	0.42814	0.00263	0.00323	-0.42814	0.00403	0.00323
TGT	TAT	GA	0.92045	0.00893	0.01366	-0.92045	0.02242	0.01366
TGC	TTC	GT	1.69591	0.00584	0.01212	-1.69591	0.03182	0.01212
TGC	TCC	GC	0.85899	0.01207	0.01799	-0.85899	0.02850	0.01799
TGC	TAC	GA	1.10488	0.04102	0.06777	-1.10488	0.12383	0.06777
TGC	TGT	CT	-0.79806	0.02511	0.01641	0.79806	0.01130	0.01641
TGG	TTG	GT	-0.67430	0.00886	0.00621	0.67430	0.00452	0.00621
TGG	TCG	GC	-1.52451	0.01833	0.00778	1.52451	0.00399	0.00778
TGG	TGT	GT	-1.33709	0.00886	0.00422	1.33709	0.00233	0.00422
TGG	TGC	GC	-0.53903	0.01833	0.01383	0.53903	0.01069	0.01383
CTT	TTT	CT	2.17370	0.00522	0.01279	-2.17370	0.04584	0.01279
CTC	TTC	CT	1.00446	0.05662	0.08973	-1.00446	0.15459	0.08973
CTC	CTT	CT	-1.65827	0.05662	0.02209	1.65827	0.01078	0.02209
CTA	TTA	CT	-3.89356	0.00511	0.00041	3.89356	0.00010	0.00041
CTA	CTT	AT	0.51029	0.00119	0.00152	-0.51029	0.00198	0.00152
CTA	CTC	AC	2.16856	0.00246	0.00602	-2.16856	0.02150	0.00602
CTG	TTG	CT	-1.92537	0.15041	0.04944	1.92537	0.02193	0.04944
CTG	CTT	GT	-2.75692	0.03497	0.00654	2.75692	0.00222	0.00654
CTG	CTC	GC	-1.09865	0.07231	0.03972	1.09865	0.02410	0.03972
CTG	CTA	GA	-3.26721	0.24571	0.03181	3.26721	0.00936	0.03181
CCT	TCT	CT	-0.29473	0.02630	0.02262	0.29473	0.01959	0.02262
CCT	CTT	CT	-0.89162	0.02630	0.01630	0.89162	0.01078	0.01630
CCC	TCC	CT	0.52535	0.08186	0.10523	-0.52535	0.13842	0.10523
CCC	CTC	CT	0.35781	0.08186	0.09737	-0.35781	0.11707	0.09737
CCC	CCT	CT	-0.40884	0.08186	0.06626	0.40884	0.05439	0.06626
CCA	TCA	CT	0.43386	0.01867	0.02301	-0.43386	0.02881	0.02301
CCA	CTA	CT	-0.56832	0.01867	0.01386	0.56832	0.01058	0.01386
CCA	CCT	AT	0.83359	0.00434	0.00640	-0.83359	0.00999	0.00640
CCA	CCC	AC	1.24243	0.00897	0.01567	-1.24243	0.03109	0.01567
CCG	TCG	CT	0.00030	0.01937	0.01938	-0.00030	0.01938	0.01938
CCG	CTG	CT	2.77588	0.01937	0.05736	-2.77588	0.31102	0.05736
CCG	CCT	GT	0.91059	0.00450	0.00686	-0.91059	0.01120	0.00686
CCG	CCC	GC	1.31943	0.00931	0.01677	-1.31943	0.03485	0.01677
CCG	CCA	GA	0.07700	0.03165	0.03288	-0.07700	0.03418	0.03288
CAT	TAT	CT	2.10869	0.00307	0.00738	-2.10869	0.02532	0.00738
CAT	CTT	AT	1.01947	0.00071	0.00114	-1.01947	0.00198	0.00114
CAT	CCT	AC	1.91110	0.00148	0.00331	-1.91110	0.00999	0.00331
CAC	TAC	CT	1.50842	0.03094	0.05993	-1.50842	0.13984	0.05993
CAC	CTC	AT	1.09500	0.00719	0.01184	-1.09500	0.02150	0.01184
CAC	CCC	AC	0.73719	0.01487	0.02102	-0.73719	0.03109	0.02102
CAC	CAT	CT	-1.58275	0.03094	0.01266	1.58275	0.00636	0.01266
CAA	CTA	AT	0.22803	0.00155	0.00173	-0.22803	0.00194	0.00173
CAA	CCA	AC	0.79635	0.00320	0.00464	-0.79635	0.00709	0.00464
CAA	CAT	AT	-0.28115	0.00155	0.00134	0.28115	0.00117	0.00134
CAA	CAC	AC	1.30160	0.00320	0.00572	-1.30160	0.01175	0.00572
CAG	CTG	AT	1.34654	0.01486	0.02704	-1.34654	0.05712	0.02704
CAG	CCG	AC	-1.42934	0.03073	0.01383	1.42934	0.00736	0.01383
CAG	CAT	GT	-2.42985	0.01486	0.00349	2.42985	0.00131	0.00349
CAG	CAC	GC	-0.84710	0.03073	0.01953	0.84710	0.01317	0.01953
CAG	CAA	GA	-2.14870	0.10442	0.02962	2.14870	0.01218	0.02962
CGT	TGT	CT	1.03122	0.00403	0.00646	-1.03122	0.01130	0.00646
CGT	CTT	GT	0.86246	0.00094	0.00140	-0.86246	0.00222	0.00140
CGT	CCT	GC	1.75409	0.00194	0.00411	-1.75409	0.01120	0.00411
CGT	CAT	GA	-0.15701	0.00658	0.00608	0.15701	0.00563	0.00608
CGC	TGC	CT	0.26065	0.04001	0.04545	-0.26065	0.05192	0.04545
CGC	CTC	GT	0.95210	0.00930	0.01442	-0.95210	0.02410	0.01442
CGC	CCC	GC	0.59429	0.01923	0.02551	-0.59429	0.03485	0.02551
CGC	CAC	GA	-0.14290	0.06536	0.06080	0.14290	0.05666	0.06080
CGC	CGT	CT	-1.56864	0.04001	0.01652	1.56864	0.00834	0.01652
CGA	CTA	GT	0.10101	0.00197	0.00207	-0.10101	0.00218	0.00207
CGA	CCA	GC	0.66933	0.00407	0.00558	-0.66933	0.00795	0.00558
CGA	CAA	GA	-0.12702	0.01383	0.01297	0.12702	0.01218	0.01297
CGA	CGT	AT	-0.25116	0.00197	0.00173	0.25116	0.00153	0.00173
CGA	CGC	AC	1.31747	0.00407	0.00732	-1.31747	0.01519	0.00732
CGG	TGG	CT	0.32302	0.05707	0.06678	-0.32302	0.07883	0.06678
CGG	CTG	GT	1.57409	0.01327	0.02634	-1.57409	0.06403	0.02634
CGG	CCG	GC	-1.20179	0.02743	0.01417	1.20179	0.00825	0.01417
CGG	CAG	GA	0.22755	0.09322	0.10423	-0.22755	0.11704	0.10423
CGG	CGT	GT	-2.04529	0.01327	0.00403	2.04529	0.00172	0.00403
CGG	CGC	GC	-0.47666	0.02743	0.02141	0.47666	0.01703	0.02141
CGG	CGA	GA	-1.79413	0.09322	0.03336	1.79413	0.01550	0.03336
ATT	TTT	AT	0.34870	0.00594	0.00704	-0.34870	0.00842	0.00704
ATT	CTT	AC	-1.82500	0.01228	0.00431	1.82500	0.00198	0.00431
ATC	TTC	AT	0.32466	0.02052	0.02403	-0.32466	0.02839	0.02403
ATC	CTC	AC	-0.67980	0.04243	0.02963	0.67980	0.02150	0.02963
ATC	ATT	CT	-0.51307	0.08827	0.06755	0.51307	0.05284	0.06755
ATA	TTA	AT	-4.07391	0.00112	0.00008	4.07391	0.00002	0.00008
ATA	CTA	AC	-0.18035	0.00233	0.00212	0.18035	0.00194	0.00212
ATA	ATT	AT	2.15494	0.00112	0.00274	-2.15494	0.00971	0.00274
ATA	ATC	AC	2.66801	0.00233	0.00667	-2.66801	0.03352	0.00667
ATG	TTG	AT	-1.35263	0.01558	0.00735	1.35263	0.00403	0.00735
ATG	CTG	AC	0.57274	0.03222	0.04232	-0.57274	0.05712	0.04232
ATG	ATT	GT	-0.35918	0.01558	0.01295	0.35918	0.01088	0.01295
ATG	ATC	GC	0.15389	0.03222	0.03476	-0.15389	0.03758	0.03476
ATG	ATA	GA	-2.51412	0.10948	0.02424	2.51412	0.00886	0.02424
ACT	TCT	AT	0.06955	0.00336	0.00347	-0.06955	0.00360	0.00347
ACT	CCT	AC	0.36428	0.00694	0.00828	-0.36428	0.00999	0.00828
ACT	ATT	CT	1.29765	0.01444	0.02577	-1.29765	0.05284	0.02577
ACC	TCC	AT	0.85882	0.01077	0.01605	-0.85882	0.02542	0.01605
ACC	CCC	AC	0.33347	0.02227	0.02619	-0.33347	0.03109	0.02619
ACC	ATC	CT	1.37108	0.04633	0.08513	-1.37108	0.18252	0.08513
ACC	ACT	CT	-0.43964	0.04633	0.03689	0.43964	0.02985	0.03689
ACA	TCA	AT	0.70813	0.00261	0.00364	-0.70813	0.00529	0.00364
ACA	CCA	AC	0.27427	0.00539	0.00616	-0.27427	0.00709	0.00616
ACA	ATA	CT	-0.11370	0.01121	0.01059	0.11370	0.01001	0.01059
ACA	ACT	AT	0.74359	0.00261	0.00369	-0.74359	0.00548	0.00369
ACA	ACC	AC	1.18323	0.00539	0.00919	-1.18323	0.01759	0.00919
ACG	TCG	AT	-0.75498	0.00757	0.00507	0.75498	0.00356	0.00507
ACG	CCG	AC	-0.75528	0.01566	0.01048	0.75528	0.00736	0.01048
ACG	ATG	CT	1.44787	0.03258	0.06166	-1.44787	0.13858	0.06166
ACG	ACT	GT	-0.20897	0.00757	0.00681	0.20897	0.00614	0.00681
ACG	ACC	GC	0.23067	0.01566	0.01753	-0.23067	0.01972	0.01753
ACG	ACA	GA	-0.95256	0.05322	0.03183	0.95256	0.02053	0.03183
AAT	TAT	AT	0.43637	0.00301	0.00371	-0.43637	0.00465	0.00371
AAT	CAT	AC	-1.67232	0.00622	0.00240	1.67232	0.00117	0.00240
AAT	ATT	AT	1.17215	0.00301	0.00510	-1.17215	0.00971	0.00510
AAT	ACT	AC	-0.12550	0.00622	0.00583	0.12550	0.00548	0.00583
AAC	TAC	AT	0.43782	0.01658	0.02047	-0.43782	0.02568	0.02047
AAC	CAC	AC	-1.07060	0.03428	0.01914	1.07060	0.01175	0.01914
AAC	ATC	AT	0.70419	0.01658	0.02309	-0.70419	0.03352	0.02309
AAC	ACC	AC	-0.66689	0.03428	0.02411	0.66689	0.01759	0.02411
AAC	AAT	CT	-0.98103	0.07131	0.04196	0.98103	0.02673	0.04196
AAA	CAA	AC	-1.35468	0.00979	0.00461	1.35468	0.00253	0.00461
AAA	ATA	AT	-0.94630	0.00473	0.00284	0.94630	0.00184	0.00284
AAA	ACA	AC	-0.83260	0.00979	0.00627	0.83260	0.00426	0.00627
AAA	AAT	AT	0.03649	0.00473	0.00482	-0.03649	0.00491	0.00482
AAA	AAC	AC	1.01752	0.00979	0.01560	-1.01752	0.02708	0.01560
AAG	CAG	AC	-1.01346	0.06688	0.03862	1.01346	0.02427	0.03862
AAG	ATG	AT	-0.23966	0.03234	0.02862	0.23966	0.02545	0.02862
AAG	ACG	AC	-1.68752	0.06688	0.02562	1.68752	0.01237	0.02562
AAG	AAT	GT	-1.77099	0.03234	0.01175	1.77099	0.00550	0.01175
AAG	AAC	GC	-0.78996	0.06688	0.04391	0.78996	0.03035	0.04391
AAG	AAA	GA	-1.80748	0.22728	0.08063	1.80748	0.03729	0.08063
AGT	TGT	AT	0.09000	0.00190	0.00198	-0.09000	0.00208	0.00198
AGT	CGT	AC	-0.94122	0.00392	0.00236	0.94122	0.00153	0.00236
AGT	ATT	GT	1.74624	0.00190	0.00401	-1.74624	0.01088	0.00401
AGT	ACT	GC	0.44859	0.00392	0.00487	-0.44859	0.00614	0.00487
AGT	AAT	GA	0.57409	0.01333	0.01753	-0.57409	0.02367	0.01753
AGC	TGC	AT	0.13056	0.00837	0.00893	-0.13056	0.00954	0.00893
AGC	CGC	AC	-0.13008	0.01731	0.01620	0.13008	0.01519	0.01620
AGC	ATC	GT	1.50182	0.00837	0.01617	-1.50182	0.03758	0.01617
AGC	ACC	GC	0.13073	0.01731	0.01846	-0.13073	0.01972	0.01846
AGC	AAC	GA	0.79762	0.05881	0.08535	-0.79762	0.13057	0.08535
AGC	AGT	CT	-0.75749	0.03600	0.02407	0.75749	0.01688	0.02407
AGA	CGA	AC	3.38423	0.00011	0.00038	-3.38423	0.00321	0.00038
AGA	ATA	GT	3.66560	0.00005	0.00020	-3.66560	0.00206	0.00020
AGA	ACA	GC	3.77929	0.00011	0.00042	-3.77929	0.00477	0.00042
AGA	AAA	GA	4.61189	0.00037	0.00173	-4.61189	0.03729	0.00173
AGA	AGT	AT	4.07430	0.00005	0.00022	-4.07430	0.00310	0.00022
AGA	AGC	AC	4.83179	0.00011	0.00053	-4.83179	0.01367	0.00053
AGG	TGG	AT	3.12135	0.00064	0.00208	-3.12135	0.01448	0.00208
AGG	CGG	AC	2.79833	0.00132	0.00393	-2.79833	0.02167	0.00393
AGG	ATG	GT	3.79968	0.00064	0.00248	-3.79968	0.02853	0.00248
AGG	ACG	GC	2.35182	0.00132	0.00343	-2.35182	0.01387	0.00343
AGG	AAG	GA	4.03934	0.00449	0.01845	-4.03934	0.25476	0.01845
AGG	AGT	GT	1.69426	0.00064	0.00133	-1.69426	0.00347	0.00133
AGG	AGC	GC	2.45175	0.00132	0.00354	-2.45175	0.01532	0.00354
AGG	AGA	GA	-2.38004	0.00449	0.00109	2.38004	0.00042	0.00109
GTT	TTT	GT	4.12678	0.00015	0.00064	-4.12678	0.00944	0.00064
GTT	CTT	GC	1.95308	0.00031	0.00072	-1.95308	0.00222	0.00072
GTT	ATT	GA	3.77808	0.00107	0.00414	-3.77808	0.04679	0.00414
GTC	TTC	GT	0.86221	0.01344	0.02005	-0.86221	0.03182	0.02005
GTC	CTC	GC	-0.14224	0.02779	0.02586	0.14224	0.02410	0.02586
GTC	ATC	GA	0.53756	0.09442	0.12206	-0.53756	0.16163	0.12206
GTC	GTT	CT	-3.75360	0.05780	0.00521	3.75360	0.00135	0.00521
GTA	TTA	GT	-4.87151	0.00280	0.00011	4.87151	0.00002	0.00011
GTA	CTA	GC	-0.97795	0.00579	0.00341	0.97795	0.00218	0.00341
GTA	ATA	GA	-0.79760	0.01967	0.01286	0.79760	0.00886	0.01286
GTA	GTT	AT	-2.42074	0.00280	0.00066	2.42074	0.00025	0.00066
GTA	GTC	AC	1.33286	0.00579	0.01048	-1.33286	0.02195	0.01048
GTG	TTG	GT	-1.76246	0.02631	0.00961	1.76246	0.00452	0.00961
GTG	CTG	GC	0.16291	0.05440	0.05896	-0.16291	0.06403	0.05896
GTG	ATG	GA	-0.40983	0.18488	0.14958	0.40983	0.12272	0.14958
GTG	GTT	GT	-4.54709	0.02631	0.00128	4.54709	0.00028	0.00128
GTG	GTC	GC	-0.79350	0.05440	0.03564	0.79350	0.02460	0.03564
GTG	GTA	GA	-2.12636	0.18488	0.05324	2.12636	0.02205	0.05324
GCT	TCT	GT	0.26545	0.00309	0.00352	-0.26545	0.00403	0.00352
GCT	CCT	GC	0.56018	0.00639	0.00835	-0.56018	0.01120	0.00835
GCT	ACT	GA	0.19590	0.02173	0.02393	-0.19590	0.02643	0.02393
GCT	GTT	CT	-2.28453	0.01330	0.00345	2.28453	0.00135	0.00345
GCC	TCC	GT	0.47591	0.01771	0.02225	-0.47591	0.02850	0.02225
GCC	CCC	GC	-0.04944	0.03661	0.03571	0.04944	0.03485	0.03571
GCC	ACC	GA	-0.38292	0.12442	0.10211	0.38292	0.08484	0.10211
GCC	GTC	CT	0.45061	0.07616	0.09460	-0.45061	0.11952	0.09460
GCC	GCT	CT	-1.01846	0.07616	0.04385	1.01846	0.02751	0.04385
GCA	TCA	GT	0.96967	0.00225	0.00351	-0.96967	0.00593	0.00351
GCA	CCA	GC	0.53582	0.00465	0.00601	-0.53582	0.00795	0.00601
GCA	ACA	GA	0.26154	0.01580	0.01796	-0.26154	0.02053	0.01796
GCA	GTA	CT	0.94544	0.00967	0.01496	-0.94544	0.02490	0.01496
GCA	GCT	AT	0.80923	0.00225	0.00328	-0.80923	0.00505	0.00328
GCA	GCC	AC	1.82769	0.00465	0.01013	-1.82769	0.02892	0.01013
GCG	TCG	GT	0.09575	0.00363	0.00380	-0.09575	0.00399	0.00380
GCG	CCG	GC	0.09544	0.00750	0.00786	-0.09544	0.00825	0.00786
GCG	ACG	GA	0.85073	0.02548	0.03783	-0.85073	0.05965	0.03783
GCG	GTG	CT	2.70842	0.01560	0.04526	-2.70842	0.23402	0.04526
GCG	GCT	GT	0.44585	0.00363	0.00449	-0.44585	0.00566	0.00449
GCG	GCC	GC	1.46431	0.00750	0.01428	-1.46431	0.03242	0.01428
GCG	GCA	GA	-0.36338	0.02548	0.02113	0.36338	0.01771	0.02113
GAT	TAT	GT	-0.35960	0.00747	0.00621	0.35960	0.00521	0.00621
GAT	CAT	GC	-2.46829	0.01544	0.00353	2.46829	0.00131	0.00353
GAT	AAT	GA	-0.79597	0.05248	0.03433	0.79597	0.02367	0.03433
GAT	GTT	AT	-3.40189	0.00747	0.00088	3.40189	0.00025	0.00088
GAT	GCT	AC	-1.11737	0.01544	0.00839	1.11737	0.00505	0.00839
GAC	TAC	GT	-0.22083	0.03590	0.03208	0.22083	0.02879	0.03208
GAC	CAC	GC	-1.72925	0.07424	0.02769	1.72925	0.01317	0.02769
GAC	AAC	GA	-0.65865	0.25228	0.17826	0.65865	0.13057	0.17826
GAC	GTC	AT	-0.49201	0.03590	0.02779	0.49201	0.02195	0.02779
GAC	GCC	AC	-0.94262	0.07424	0.04467	0.94262	0.02892	0.04467
GAC	GAT	CT	-0.84371	0.15444	0.09834	0.84371	0.06642	0.09834
GAA	CAA	GC	-1.86619	0.01830	0.00625	1.86619	0.00283	0.00625
GAA	AAA	GA	-0.51151	0.06219	0.04763	0.51151	0.03729	0.04763
GAA	GTA	AT	-0.66021	0.00885	0.00625	0.66021	0.00457	0.00625
GAA	GCA	AC	-1.60565	0.01830	0.00738	1.60565	0.00367	0.00738
GAA	GAT	AT	0.32095	0.00885	0.01035	-0.32095	0.01220	0.01035
GAA	GAC	AC	1.16466	0.01830	0.03098	-1.16466	0.05865	0.03098
GAG	CAG	GC	-1.03213	0.07638	0.04363	1.03213	0.02721	0.04363
GAG	AAG	GA	-0.01866	0.25956	0.25714	0.01866	0.25476	0.25714
GAG	GTG	AT	0.15151	0.03694	0.03981	-0.15151	0.04298	0.03981
GAG	GCG	AC	-2.55691	0.07638	0.01642	2.55691	0.00592	0.01642
GAG	GAT	GT	-0.99369	0.03694	0.02158	0.99369	0.01367	0.02158
GAG	GAC	GC	-0.14998	0.07638	0.07079	0.14998	0.06574	0.07079
GAG	GAA	GA	-1.31464	0.25956	0.12529	1.31464	0.06971	0.12529
GGT	TGT	GT	0.50839	0.00140	0.00179	-0.50839	0.00233	0.00179
GGT	CGT	GC	-0.52283	0.00289	0.00220	0.52283	0.00172	0.00220
GGT	AGT	GA	0.41839	0.00984	0.01204	-0.41839	0.01495	0.01204
GGT	GTT	GT	-1.61345	0.00140	0.00056	1.61345	0.00028	0.00056
GGT	GCT	GC	0.67108	0.00289	0.00397	-0.67108	0.00566	0.00397
GGT	GAT	GA	1.78844	0.00984	0.02112	-1.78844	0.05882	0.02112
GGC	TGC	GT	-0.67637	0.02102	0.01471	0.67637	0.01069	0.01471
GGC	CGC	GC	-0.93701	0.04347	0.02624	0.93701	0.01703	0.02624
GGC	AGC	GA	-0.80693	0.14772	0.09605	0.80693	0.06592	0.09605
GGC	GTC	GT	0.15733	0.02102	0.02272	-0.15733	0.02460	0.02272
GGC	GCC	GC	-0.29328	0.04347	0.03741	0.29328	0.03242	0.03741
GGC	GAC	GA	0.64934	0.14772	0.20084	-0.64934	0.28279	0.20084
GGC	GGT	CT	-1.98282	0.09043	0.02863	1.98282	0.01245	0.02863
GGA	CGA	GC	-0.34469	0.00509	0.00426	0.34469	0.00360	0.00426
GGA	AGA	GA	-3.72892	0.01729	0.00159	3.72892	0.00042	0.00159
GGA	GTA	GT	0.73427	0.00246	0.00347	-0.73427	0.00513	0.00347
GGA	GCA	GC	-0.21117	0.00509	0.00457	0.21117	0.00412	0.00457
GGA	GAA	GA	1.39448	0.01729	0.03205	-1.39448	0.06971	0.03205
GGA	GGT	AT	-0.07301	0.00246	0.00237	0.07301	0.00229	0.00237
GGA	GGC	AC	1.90980	0.00509	0.01140	-1.90980	0.03434	0.01140
GGG	TGG	GT	0.42849	0.01057	0.01300	-0.42849	0.01623	0.01300
GGG	CGG	GC	0.10547	0.02186	0.02303	-0.10547	0.02429	0.02303
GGG	AGG	GA	-2.69286	0.07429	0.01452	2.69286	0.00503	0.01452
GGG	GTG	GT	1.51666	0.01057	0.02054	-1.51666	0.04818	0.02054
GGG	GCG	GC	-1.19177	0.02186	0.01136	1.19177	0.00664	0.01136
GGG	GAG	GA	1.36515	0.07429	0.13619	-1.36515	0.29094	0.13619
GGG	GGT	GT	-1.41699	0.01057	0.00479	1.41699	0.00256	0.00479
GGG	GGC	GC	0.56583	0.02186	0.02863	-0.56583	0.03850	0.02863
GGG	GGA	GA	-1.34397	0.07429	0.03523	1.34397	0.01938	0.03523


Histograms
2Ns	FMut	FSub(CodonUsage)	FSubw(after w)

-6.73007	0.00230	0.00002
-6.05707	0.00000	0.00000
-5.38406	0.00108	0.00004
-4.71105	0.00588	0.00033
-4.03804	0.02683	0.00267
-3.36504	0.01708	0.00280
-2.69203	0.05934	0.01485
-2.01902	0.09295	0.03903
-1.34601	0.16448	0.10047
-0.67301	0.26429	0.23633
0.00000	0.16424	0.20691
0.67301	0.13799	0.23633
1.34601	0.04440	0.10047
2.01902	0.01380	0.03903
2.69203	0.00408	0.01485
3.36504	0.00065	0.00280
4.03804	0.00053	0.00267
4.71105	0.00006	0.00033
5.38406	0.00001	0.00004
6.05707	0.00000	0.00000
6.73007	0.00000	0.00002

Proportion of advantageous (S > 0) mutations:
 0.27712

Proportions of good & bad mutations (|S| > 2.0000) among mutations:
0.00856  0.14015

mean |Ns| = 1.15526	mean Ns+ = 0.71372	mean Ns- = -1.32452


MLEs of dN/dS (w) for site classes (K=4)

site class             0        1       2a       2b
proportion       0.79854  0.13684  0.05517  0.00945
background w     0.03547  1.00000  0.03547  1.00000
foreground w     0.03547  1.00000  1.00000  1.00000

Naive Empirical Bayes (NEB) probabilities for 4 classes
(amino acids refer to 1st sequence: Bacu)

   1 L   0.84722 0.09031 0.05624 0.00624 ( 1)
   2 I   0.89835 0.04294 0.05574 0.00297 ( 1)
   3 G   0.91198 0.03092 0.05496 0.00214 ( 1)
   4 T   0.92270 0.02184 0.05395 0.00151 ( 1)
   5 F   0.89700 0.04416 0.05579 0.00305 ( 1)
   6 R   0.91084 0.03190 0.05505 0.00220 ( 1)
   7 M   0.91855 0.02530 0.05441 0.00175 ( 1)
   8 V   0.88215 0.05766 0.05621 0.00398 ( 1)
   9 L   0.84722 0.09031 0.05624 0.00624 ( 1)
  10 Q   0.90029 0.04121 0.05565 0.00285 ( 1)
  11 K   0.01889 0.91658 0.00120 0.06333 ( 2)
  12 V   0.88205 0.05776 0.05620 0.00399 ( 1)
  13 V   0.88205 0.05776 0.05620 0.00399 ( 1)
  14 E   0.89660 0.04451 0.05582 0.00308 ( 1)
  15 E   0.89660 0.04451 0.05582 0.00308 ( 1)
  16 G   0.00629 0.92912 0.00040 0.06419 ( 2)
  17 H   0.06672 0.86946 0.00375 0.06007 ( 2)
  18 V   0.88205 0.05776 0.05620 0.00399 ( 1)
  19 E   0.89658 0.04453 0.05581 0.00308 ( 1)
  20 V   0.88205 0.05776 0.05620 0.00399 ( 1)
  21 T   0.92144 0.02309 0.05388 0.00160 ( 1)
  22 D   0.90069 0.04086 0.05562 0.00282 ( 1)
  23 M   0.91835 0.02549 0.05440 0.00176 ( 1)
  24 L   0.84705 0.09047 0.05623 0.00625 ( 1)
  25 I   0.88136 0.05788 0.05676 0.00400 ( 1)
  26 D   0.90062 0.04094 0.05562 0.00283 ( 1)
  27 D   0.90069 0.04086 0.05562 0.00282 ( 1)
  28 N   0.04799 0.88785 0.00282 0.06134 ( 2)
  29 N   0.00225 0.93315 0.00013 0.06447 ( 2)
  30 A   0.09263 0.84394 0.00512 0.05831 ( 2)
  31 I   0.02436 0.91117 0.00151 0.06295 ( 2)
  32 I   0.02454 0.91100 0.00152 0.06294 ( 2)
  33 Q   0.00003 0.93534 0.00000 0.06462 ( 2)
  34 E   0.90114 0.04002 0.05607 0.00277 ( 1)
  35 P   0.92975 0.01557 0.05361 0.00108 ( 1)
  36 A   0.92392 0.02027 0.05441 0.00140 ( 1)
  37 V   0.89719 0.04352 0.05628 0.00301 ( 1)
  38 L   0.85105 0.08649 0.05649 0.00598 ( 1)
  39 E   0.90162 0.03952 0.05613 0.00273 ( 1)
  40 M   0.92273 0.02115 0.05466 0.00146 ( 1)
  41 E   0.02561 0.90993 0.00160 0.06287 ( 2)
  42 N   0.45571 0.48280 0.02814 0.03336 ( 2)
  43 L   0.00168 0.93372 0.00009 0.06451 ( 2)
  44 D   0.90586 0.03573 0.05594 0.00247 ( 1)
  45 R   0.91564 0.02714 0.05534 0.00188 ( 1)
  46 L   0.85266 0.08488 0.05660 0.00586 ( 1)
  47 A   0.91195 0.03037 0.05558 0.00210 ( 1)
  48 I   0.01612 0.91930 0.00107 0.06351 ( 2)
  49 R   0.90789 0.03394 0.05583 0.00234 ( 1)
  50 L   0.85105 0.08649 0.05649 0.00598 ( 1)
  51 G   0.00214 0.93326 0.00013 0.06448 ( 2)
  52 D   0.89560 0.04495 0.05635 0.00311 ( 1)
  53 G   0.91646 0.02648 0.05523 0.00183 ( 1)
  54 L   0.24757 0.68852 0.01634 0.04757 ( 2)
  55 D   0.38233 0.55526 0.02405 0.03836 ( 2)
  56 P   0.87706 0.06202 0.05663 0.00429 ( 1)
  57 D   0.90582 0.03577 0.05594 0.00247 ( 1)
  58 S   0.91111 0.03106 0.05569 0.00215 ( 1)
  59 M   0.32338 0.61362 0.02060 0.04239 ( 2)
  60 S   0.87547 0.06334 0.05682 0.00438 ( 1)
  61 L   0.91326 0.02927 0.05545 0.00202 ( 1)
  62 A   0.90465 0.03682 0.05599 0.00254 ( 1)
  63 S   0.91098 0.03119 0.05567 0.00216 ( 1)
  64 V   0.92267 0.02121 0.05466 0.00147 ( 1)
  65 T   0.90668 0.03500 0.05590 0.00242 ( 1)
  66 A   0.90465 0.03682 0.05599 0.00254 ( 1)
  67 L   0.91588 0.02696 0.05529 0.00186 ( 1)
  68 T   0.92660 0.01798 0.05418 0.00124 ( 1)
  69 T   0.92660 0.01798 0.05418 0.00124 ( 1)
  70 N   0.92563 0.01875 0.05433 0.00130 ( 1)
  71 V   0.56612 0.37402 0.03402 0.02584 ( 1)
  72 S   0.91069 0.03148 0.05566 0.00217 ( 1)
  73 N   0.92555 0.01883 0.05432 0.00130 ( 1)
  74 K   0.89076 0.04938 0.05645 0.00341 ( 1)
  75 R   0.88494 0.05501 0.05625 0.00380 ( 1)
  76 S   0.90759 0.03484 0.05516 0.00241 ( 1)
  77 K   0.88696 0.05316 0.05621 0.00367 ( 1)
  78 P   0.88928 0.05103 0.05616 0.00353 ( 1)
  79 D   0.90217 0.03939 0.05571 0.00272 ( 1)
  80 I   0.87539 0.06383 0.05638 0.00441 ( 1)
  81 K   0.88696 0.05316 0.05621 0.00367 ( 1)
  82 M   0.91963 0.02422 0.05447 0.00167 ( 1)
  83 E   0.89787 0.04325 0.05589 0.00299 ( 1)
  84 P   0.88928 0.05103 0.05616 0.00353 ( 1)
  85 S   0.29078 0.21404 0.48040 0.01479 ( 3)
  86 A   0.90843 0.03386 0.05537 0.00234 ( 1)
  87 G   0.91262 0.03028 0.05500 0.00209 ( 1)
  88 R   0.90384 0.03795 0.05558 0.00262 ( 1)
  89 P   0.89933 0.04198 0.05579 0.00290 ( 1)
  90 M   0.91928 0.02457 0.05445 0.00170 ( 1)
  91 D   0.02118 0.91432 0.00133 0.06317 ( 2)
  92 Y   0.37471 0.56289 0.02351 0.03889 ( 2)
  93 Q   0.41820 0.52002 0.02585 0.03593 ( 2)
  94 V   0.92395 0.01994 0.05473 0.00138 ( 1)
  95 S   0.93418 0.01182 0.05318 0.00082 ( 1)
  96 V   0.03288 0.90271 0.00204 0.06237 ( 2)
  97 T   0.91342 0.02891 0.05566 0.00200 ( 1)
  98 V   0.88874 0.05110 0.05663 0.00353 ( 1)
  99 I   0.90475 0.03658 0.05614 0.00253 ( 1)
 100 E   0.90323 0.03793 0.05623 0.00262 ( 1)
 101 A   0.90828 0.03330 0.05612 0.00230 ( 1)
 102 R   0.90943 0.03241 0.05592 0.00224 ( 1)
 103 Q   0.90682 0.03473 0.05605 0.00240 ( 1)
 104 L   0.85233 0.08521 0.05658 0.00589 ( 1)
 105 V   0.88881 0.05103 0.05663 0.00353 ( 1)
 106 G   0.91315 0.02914 0.05570 0.00201 ( 1)
 107 L   0.91972 0.02350 0.05516 0.00162 ( 1)
 108 N   0.92678 0.01761 0.05439 0.00122 ( 1)
 109 M   0.39564 0.54172 0.02521 0.03743 ( 2)
 110 D   0.90743 0.03418 0.05604 0.00236 ( 1)
 111 P   0.90505 0.03630 0.05614 0.00251 ( 1)
 112 V   0.88874 0.05110 0.05663 0.00353 ( 1)
 113 V   0.89600 0.04388 0.05709 0.00303 ( 1)
 114 C   0.93632 0.01026 0.05271 0.00071 ( 1)
 115 V   0.88874 0.05110 0.05663 0.00353 ( 1)
 116 E   0.90323 0.03793 0.05623 0.00262 ( 1)
 117 V   0.88874 0.05110 0.05663 0.00353 ( 1)
 118 G   0.91315 0.02914 0.05570 0.00201 ( 1)
 119 D   0.90710 0.03450 0.05602 0.00238 ( 1)
 120 D   0.90743 0.03418 0.05604 0.00236 ( 1)
 121 K   0.89240 0.04774 0.05656 0.00330 ( 1)
 122 K   0.89243 0.04772 0.05656 0.00330 ( 1)
 123 F   0.02437 0.91116 0.00153 0.06295 ( 2)
 124 T   0.92643 0.01742 0.05495 0.00120 ( 1)
 125 S   0.91219 0.02998 0.05575 0.00207 ( 1)
 126 M   0.92401 0.01988 0.05473 0.00137 ( 1)
 127 K   0.89240 0.04774 0.05656 0.00330 ( 1)
 128 E   0.90323 0.03793 0.05623 0.00262 ( 1)
 129 S   0.91219 0.02998 0.05575 0.00207 ( 1)
 130 T   0.91993 0.02331 0.05515 0.00161 ( 1)
 131 N   0.92676 0.01763 0.05439 0.00122 ( 1)
 132 C   0.93639 0.01019 0.05271 0.00070 ( 1)
 133 P   0.90505 0.03630 0.05614 0.00251 ( 1)
 134 Y   0.89864 0.04207 0.05639 0.00291 ( 1)
 135 Y   0.89864 0.04207 0.05639 0.00291 ( 1)
 136 N   0.92679 0.01760 0.05439 0.00122 ( 1)
 137 E   0.90301 0.03815 0.05621 0.00264 ( 1)
 138 Y   0.87247 0.06633 0.05662 0.00458 ( 1)
 139 F   0.87563 0.06288 0.05714 0.00434 ( 1)
 140 V   0.89885 0.04207 0.05618 0.00291 ( 1)
 141 F   0.32900 0.60764 0.02138 0.04198 ( 2)
 142 D   0.88093 0.05846 0.05657 0.00404 ( 1)
 143 F   0.87720 0.06193 0.05660 0.00428 ( 1)
 144 H   0.92796 0.01695 0.05392 0.00117 ( 1)
 145 V   0.89704 0.04282 0.05718 0.00296 ( 1)
 146 S   0.33310 0.60320 0.02202 0.04167 ( 2)
 147 P   0.85503 0.08273 0.05653 0.00572 ( 1)
 148 D   0.32514 0.61172 0.02088 0.04226 ( 2)
 149 V   0.89885 0.04207 0.05618 0.00291 ( 1)
 150 M   0.89892 0.04200 0.05618 0.00290 ( 1)
 151 F   0.87720 0.06193 0.05660 0.00428 ( 1)
 152 D   0.88093 0.05846 0.05657 0.00404 ( 1)
 153 K   0.86679 0.07165 0.05661 0.00495 ( 1)
 154 I   0.87847 0.06074 0.05659 0.00420 ( 1)
 155 I   0.87847 0.06074 0.05659 0.00420 ( 1)
 156 K   0.86679 0.07165 0.05661 0.00495 ( 1)
 157 I   0.87847 0.06074 0.05659 0.00420 ( 1)
 158 S   0.89795 0.04288 0.05621 0.00296 ( 1)
 159 V   0.87109 0.06717 0.05709 0.00464 ( 1)
 160 I   0.86405 0.07383 0.05703 0.00510 ( 1)
 161 H   0.92240 0.02051 0.05567 0.00142 ( 1)
 162 S   0.89401 0.04580 0.05703 0.00316 ( 1)
 163 K   0.32220 0.61431 0.02104 0.04244 ( 2)
 164 N   0.91005 0.03126 0.05654 0.00216 ( 1)
 165 L   0.83974 0.09703 0.05653 0.00670 ( 1)
 166 L   0.83974 0.09703 0.05653 0.00670 ( 1)
 167 R   0.89807 0.04214 0.05687 0.00291 ( 1)
 168 S   0.90554 0.03543 0.05659 0.00245 ( 1)
 169 G   0.89328 0.04660 0.05691 0.00322 ( 1)
 170 T   0.90947 0.03196 0.05636 0.00221 ( 1)
 171 L   0.83863 0.09814 0.05645 0.00678 ( 1)
 172 V   0.86946 0.06880 0.05699 0.00475 ( 1)
 173 G   0.89362 0.04626 0.05693 0.00320 ( 1)
 174 S   0.89227 0.04753 0.05692 0.00328 ( 1)
 175 F   0.88356 0.05560 0.05701 0.00384 ( 1)
 176 K   0.88815 0.05141 0.05688 0.00355 ( 1)
 177 M   0.90523 0.03573 0.05658 0.00247 ( 1)
 178 D   0.88736 0.05206 0.05699 0.00360 ( 1)
 179 V   0.86946 0.06880 0.05699 0.00475 ( 1)
 180 G   0.89842 0.04189 0.05679 0.00289 ( 1)
 181 T   0.90964 0.03179 0.05638 0.00220 ( 1)
 182 V   0.86946 0.06880 0.05699 0.00475 ( 1)
 183 Y   0.87871 0.06012 0.05702 0.00415 ( 1)
 184 S   0.89317 0.04664 0.05697 0.00322 ( 1)
 185 Q   0.88698 0.05240 0.05700 0.00362 ( 1)
 186 P   0.91387 0.02807 0.05612 0.00194 ( 1)
 187 E   0.87306 0.06601 0.05636 0.00456 ( 1)
 188 H   0.92811 0.01485 0.05602 0.00103 ( 1)
 189 Q   0.89640 0.04303 0.05760 0.00297 ( 1)
 190 F   0.89335 0.04584 0.05764 0.00317 ( 1)
 191 H   0.92820 0.01475 0.05602 0.00102 ( 1)
 192 H   0.92828 0.01468 0.05603 0.00101 ( 1)
 193 K   0.88239 0.05611 0.05763 0.00388 ( 1)
 194 W   0.88219 0.05625 0.05767 0.00389 ( 1)
 195 A   0.90427 0.03569 0.05758 0.00247 ( 1)
 196 I   0.89634 0.04295 0.05774 0.00297 ( 1)
 197 L   0.84602 0.09076 0.05695 0.00627 ( 1)
 198 S   0.50530 0.43233 0.03250 0.02987 ( 1)
 199 D   0.40752 0.52971 0.02617 0.03660 ( 2)
 200 P   0.89590 0.04339 0.05770 0.00300 ( 1)
 201 D   0.42397 0.51334 0.02723 0.03547 ( 2)
 202 D   0.89876 0.04071 0.05772 0.00281 ( 1)
 203 I   0.89628 0.04301 0.05774 0.00297 ( 1)
 204 S   0.44012 0.49744 0.02807 0.03437 ( 2)
 205 A   0.93113 0.01241 0.05561 0.00086 ( 1)
 206 G   0.91377 0.02915 0.05507 0.00201 ( 1)
 207 L   0.84841 0.08912 0.05632 0.00616 ( 1)
 208 K   0.01986 0.91562 0.00126 0.06326 ( 2)
 209 G   0.90971 0.03256 0.05549 0.00225 ( 1)
 210 Y   0.38187 0.55577 0.02396 0.03840 ( 2)
 211 V   0.22924 0.70728 0.01461 0.04887 ( 2)
 212 K   0.88884 0.05128 0.05633 0.00354 ( 1)
 213 C   0.92800 0.01717 0.05364 0.00119 ( 1)
 214 D   0.90129 0.04027 0.05566 0.00278 ( 1)
 215 V   0.00116 0.93269 0.00172 0.06444 ( 2)
 216 A   0.90851 0.03378 0.05537 0.00233 ( 1)
 217 V   0.88365 0.05617 0.05630 0.00388 ( 1)
 218 M   0.35186 0.58528 0.02242 0.04044 ( 2)
 219 G   0.90837 0.03389 0.05540 0.00234 ( 1)
 220 K   0.88729 0.05283 0.05623 0.00365 ( 1)
 221 G   0.91335 0.02956 0.05505 0.00204 ( 1)
 222 D   0.90250 0.03907 0.05573 0.00270 ( 1)
 223 N   0.92221 0.02213 0.05413 0.00153 ( 1)
 224 I   0.89994 0.04136 0.05584 0.00286 ( 1)
 225 K   0.88729 0.05283 0.05623 0.00365 ( 1)
 226 T   0.00111 0.93408 0.00028 0.06453 ( 2)
 227 P   0.90006 0.04126 0.05583 0.00285 ( 1)
 228 H   0.93400 0.01268 0.05244 0.00088 ( 1)
 229 K   0.88729 0.05283 0.05623 0.00365 ( 1)
 230 A   0.90872 0.03357 0.05539 0.00232 ( 1)
 231 N   0.92295 0.02140 0.05417 0.00148 ( 1)
 232 E   0.89820 0.04292 0.05592 0.00297 ( 1)
 233 T   0.90856 0.03375 0.05537 0.00233 ( 1)
 234 D   0.02289 0.88118 0.03505 0.06088 ( 2)
 235 E   0.89820 0.04292 0.05592 0.00297 ( 1)
 236 D   0.02269 0.91281 0.00143 0.06307 ( 2)
 237 D   0.90250 0.03907 0.05573 0.00270 ( 1)
 238 I   0.87570 0.06351 0.05640 0.00439 ( 1)
 239 E   0.89820 0.04292 0.05592 0.00297 ( 1)
 240 G   0.90575 0.03461 0.05725 0.00239 ( 1)
 241 N   0.91953 0.02184 0.05713 0.00151 ( 1)
 242 L   0.91310 0.02748 0.05753 0.00190 ( 1)
 243 L   0.84834 0.08845 0.05710 0.00611 ( 1)
 244 L   0.91068 0.02965 0.05763 0.00205 ( 1)
 245 P   0.89740 0.04185 0.05786 0.00289 ( 1)
 246 E   0.02305 0.91242 0.00149 0.06304 ( 2)
 247 G   0.91061 0.02983 0.05751 0.00206 ( 1)
 248 V   0.88257 0.05574 0.05785 0.00385 ( 1)
 249 P   0.89827 0.04104 0.05786 0.00284 ( 1)
 250 P   0.02819 0.90733 0.00180 0.06269 ( 2)
 251 E   0.89692 0.04228 0.05789 0.00292 ( 1)
 252 R   0.91025 0.03004 0.05764 0.00208 ( 1)
 253 Q   0.90023 0.03921 0.05785 0.00271 ( 1)
 254 W   0.88511 0.05334 0.05786 0.00369 ( 1)
 255 A   0.90681 0.03316 0.05774 0.00229 ( 1)
 256 R   0.90282 0.03682 0.05782 0.00254 ( 1)
 257 F   0.89707 0.04214 0.05788 0.00291 ( 1)
 258 Y   0.89152 0.04733 0.05787 0.00327 ( 1)
 259 V   0.88257 0.05574 0.05785 0.00385 ( 1)
 260 K   0.88611 0.05239 0.05788 0.00362 ( 1)
 261 I   0.21400 0.39757 0.36096 0.02747 ( 2)
 262 Y   0.89219 0.04669 0.05790 0.00323 ( 1)
 263 R   0.92353 0.01500 0.06043 0.00104 ( 1)
 264 A   0.91919 0.02206 0.05723 0.00152 ( 1)
 265 E   0.89669 0.04249 0.05789 0.00294 ( 1)
 266 G   0.91034 0.03005 0.05754 0.00208 ( 1)
 267 L   0.84800 0.08879 0.05708 0.00613 ( 1)
 268 P   0.89871 0.04060 0.05788 0.00280 ( 1)
 269 R   0.48645 0.45155 0.03081 0.03120 ( 1)
 270 M   0.91744 0.02359 0.05734 0.00163 ( 1)
 271 N   0.92022 0.02115 0.05717 0.00146 ( 1)
 272 T   0.90261 0.03701 0.05783 0.00256 ( 1)
 273 S   0.64374 0.29656 0.03921 0.02049 ( 1)
 274 L   0.91092 0.03035 0.05664 0.00210 ( 1)
 275 M   0.91744 0.02359 0.05734 0.00163 ( 1)
 276 A   0.90681 0.03316 0.05774 0.00229 ( 1)
 277 N   0.92022 0.02115 0.05717 0.00146 ( 1)
 278 M   0.91744 0.02359 0.05734 0.00163 ( 1)
 279 K   0.88611 0.05239 0.05788 0.00362 ( 1)
 280 K   0.88680 0.05208 0.05753 0.00360 ( 1)
 281 A   0.90153 0.03788 0.05798 0.00262 ( 1)
 282 F   0.89707 0.04214 0.05788 0.00291 ( 1)
 283 I   0.88220 0.05595 0.05798 0.00387 ( 1)
 284 G   0.92847 0.01412 0.05643 0.00098 ( 1)
 285 E   0.89669 0.04249 0.05789 0.00294 ( 1)
 286 N   0.57206 0.36704 0.03554 0.02536 ( 1)
 287 K   0.88611 0.05239 0.05788 0.00362 ( 1)
 288 D   0.90083 0.03865 0.05785 0.00267 ( 1)
 289 L   0.84800 0.08879 0.05708 0.00613 ( 1)
 290 V   0.04757 0.88810 0.00297 0.06136 ( 2)
 291 D   0.89948 0.03999 0.05776 0.00276 ( 1)
 292 P   0.89712 0.04219 0.05778 0.00291 ( 1)
 293 Y   0.89080 0.04808 0.05781 0.00332 ( 1)
 294 V   0.88119 0.05711 0.05776 0.00395 ( 1)
 295 Q   0.91728 0.02394 0.05712 0.00165 ( 1)
 296 V   0.91554 0.02548 0.05722 0.00176 ( 1)
 297 F   0.89412 0.04508 0.05769 0.00311 ( 1)
 298 F   0.86737 0.07036 0.05741 0.00486 ( 1)
 299 A   0.90253 0.03742 0.05747 0.00259 ( 1)
 300 G   0.90247 0.03745 0.05749 0.00259 ( 1)
 301 Q   0.89605 0.04337 0.05758 0.00300 ( 1)
 302 K   0.88189 0.05660 0.05760 0.00391 ( 1)
 303 G   0.91124 0.03103 0.05558 0.00214 ( 1)
 304 K   0.89168 0.04846 0.05651 0.00335 ( 1)
 305 T   0.91912 0.02411 0.05510 0.00167 ( 1)
 306 S   0.88003 0.05879 0.05712 0.00406 ( 1)
 307 V   0.88819 0.05165 0.05659 0.00357 ( 1)
 308 Q   0.90614 0.03540 0.05601 0.00245 ( 1)
 309 K   0.90793 0.03389 0.05583 0.00234 ( 1)
 310 S   0.93376 0.01223 0.05316 0.00084 ( 1)
 311 S   0.93376 0.01223 0.05316 0.00084 ( 1)
 312 Y   0.89593 0.04459 0.05640 0.00308 ( 1)
 313 E   0.90253 0.03862 0.05618 0.00267 ( 1)
 314 P   0.89860 0.04176 0.05675 0.00289 ( 1)
 315 L   0.85177 0.08577 0.05654 0.00593 ( 1)
 316 W   0.89066 0.04941 0.05653 0.00341 ( 1)
 317 N   0.93248 0.01321 0.05339 0.00091 ( 1)
 318 E   0.90253 0.03862 0.05618 0.00267 ( 1)
 319 Q   0.90624 0.03530 0.05602 0.00244 ( 1)
 320 V   0.89220 0.04766 0.05685 0.00329 ( 1)
 321 V   0.57130 0.36934 0.03384 0.02552 ( 1)
 322 F   0.87635 0.06263 0.05669 0.00433 ( 1)
 323 T   0.90748 0.03421 0.05595 0.00236 ( 1)
 324 D   0.90674 0.03486 0.05599 0.00241 ( 1)
 325 L   0.85177 0.08577 0.05654 0.00593 ( 1)
 326 F   0.90203 0.03916 0.05611 0.00271 ( 1)
 327 P   0.90370 0.03764 0.05606 0.00260 ( 1)
 328 P   0.92963 0.01569 0.05360 0.00108 ( 1)
 329 L   0.91669 0.02616 0.05534 0.00181 ( 1)
 330 C   0.93601 0.01057 0.05269 0.00073 ( 1)
 331 K   0.89168 0.04846 0.05651 0.00335 ( 1)
 332 R   0.91626 0.02653 0.05538 0.00183 ( 1)
 333 M   0.57638 0.36431 0.03414 0.02517 ( 1)
 334 K   0.89548 0.04468 0.05675 0.00309 ( 1)
 335 V   0.89786 0.04286 0.05632 0.00296 ( 1)
 336 Q   0.90614 0.03540 0.05601 0.00245 ( 1)
 337 I   0.90424 0.03709 0.05611 0.00256 ( 1)
 338 R   0.90861 0.03322 0.05587 0.00229 ( 1)
 339 D   0.90674 0.03486 0.05599 0.00241 ( 1)
 340 S   0.87355 0.06524 0.05670 0.00451 ( 1)
 341 D   0.90674 0.03486 0.05599 0.00241 ( 1)
 342 K   0.89168 0.04846 0.05651 0.00335 ( 1)
 343 V   0.92321 0.02067 0.05469 0.00143 ( 1)
 344 N   0.92623 0.01815 0.05436 0.00125 ( 1)
 345 D   0.90668 0.03488 0.05603 0.00241 ( 1)
 346 V   0.22285 0.35946 0.39286 0.02483 ( 3)
 347 A   0.49144 0.44768 0.02995 0.03093 ( 1)
 348 I   0.90412 0.03721 0.05610 0.00257 ( 1)
 349 G   0.91245 0.02983 0.05565 0.00206 ( 1)
 350 T   0.92723 0.01736 0.05422 0.00120 ( 1)
 351 H   0.93647 0.01024 0.05258 0.00071 ( 1)
 352 F   0.90286 0.03833 0.05616 0.00265 ( 1)
 353 I   0.88087 0.05837 0.05673 0.00403 ( 1)
 354 D   0.90669 0.03491 0.05599 0.00241 ( 1)
 355 L   0.24666 0.68934 0.01637 0.04763 ( 2)
 356 R   0.91649 0.02630 0.05539 0.00182 ( 1)
 357 K   0.89163 0.04852 0.05651 0.00335 ( 1)
 358 I   0.35810 0.57885 0.02306 0.03999 ( 2)
 359 S   0.91147 0.03070 0.05571 0.00212 ( 1)
 360 N   0.92621 0.01818 0.05436 0.00126 ( 1)
 361 D   0.44112 0.49711 0.02743 0.03434 ( 2)
 362 G   0.91093 0.03088 0.05605 0.00213 ( 1)
 363 D   0.90581 0.03542 0.05632 0.00245 ( 1)
 364 K   0.90776 0.03369 0.05622 0.00233 ( 1)
 365 G   0.90992 0.03195 0.05592 0.00221 ( 1)
 366 F   0.90203 0.03916 0.05610 0.00271 ( 1)
 367 L   0.85206 0.08548 0.05656 0.00591 ( 1)
 368 P   0.90348 0.03786 0.05605 0.00262 ( 1)
 369 T   0.91210 0.03023 0.05558 0.00209 ( 1)
 370 L   0.85118 0.08635 0.05650 0.00597 ( 1)
 371 G   0.91182 0.03046 0.05561 0.00210 ( 1)
 372 P   0.90363 0.03771 0.05605 0.00261 ( 1)
 373 A   0.03960 0.89608 0.00241 0.06191 ( 2)
 374 W   0.88990 0.05015 0.05648 0.00347 ( 1)
 375 V   0.88727 0.05256 0.05653 0.00363 ( 1)
 376 N   0.92568 0.01870 0.05433 0.00129 ( 1)
 377 M   0.92287 0.02101 0.05466 0.00145 ( 1)
 378 Y   0.89519 0.04532 0.05636 0.00313 ( 1)
 379 G   0.91182 0.03046 0.05561 0.00210 ( 1)
 380 S   0.91085 0.03132 0.05567 0.00216 ( 1)
 381 T   0.90798 0.03378 0.05591 0.00233 ( 1)
 382 R   0.91559 0.02719 0.05534 0.00188 ( 1)
 383 N   0.92568 0.01870 0.05433 0.00129 ( 1)
 384 Y   0.89718 0.04351 0.05630 0.00301 ( 1)
 385 T   0.91216 0.03017 0.05559 0.00208 ( 1)
 386 L   0.85118 0.08635 0.05650 0.00597 ( 1)
 387 L   0.85428 0.08326 0.05671 0.00575 ( 1)
 388 D   0.90566 0.03593 0.05593 0.00248 ( 1)
 389 E   0.90179 0.03935 0.05614 0.00272 ( 1)
 390 H   0.93610 0.01061 0.05256 0.00073 ( 1)
 391 Q   0.90542 0.03612 0.05597 0.00250 ( 1)
 392 D   0.44504 0.49339 0.02748 0.03409 ( 2)
 393 L   0.85118 0.08635 0.05650 0.00597 ( 1)
 394 N   0.92902 0.01664 0.05320 0.00115 ( 1)
 395 E   0.02524 0.87040 0.04423 0.06013 ( 2)
 396 G   0.91200 0.03028 0.05563 0.00209 ( 1)
 397 L   0.85134 0.08620 0.05651 0.00596 ( 1)
 398 G   0.91628 0.02665 0.05522 0.00184 ( 1)
 399 E   0.90133 0.03981 0.05611 0.00275 ( 1)
 400 G   0.91133 0.03095 0.05558 0.00214 ( 1)
 401 V   0.88627 0.05356 0.05647 0.00370 ( 1)
 402 S   0.92423 0.02017 0.05421 0.00139 ( 1)
 403 F   0.90120 0.03998 0.05605 0.00276 ( 1)
 404 R   0.91456 0.02822 0.05528 0.00195 ( 1)
 405 A   0.91106 0.03125 0.05553 0.00216 ( 1)
 406 R   0.91352 0.02925 0.05521 0.00202 ( 1)
 407 L   0.91397 0.02886 0.05518 0.00199 ( 1)
 408 M   0.92100 0.02287 0.05455 0.00158 ( 1)
 409 L   0.84939 0.08814 0.05638 0.00609 ( 1)
 410 G   0.90966 0.03260 0.05548 0.00225 ( 1)
 411 L   0.84939 0.08814 0.05638 0.00609 ( 1)
 412 A   0.93602 0.01148 0.05171 0.00079 ( 1)
 413 V   0.33128 0.60576 0.02111 0.04185 ( 2)
 414 E   0.89714 0.04398 0.05585 0.00304 ( 1)
 415 I   0.89888 0.04241 0.05577 0.00293 ( 1)
 416 L   0.84717 0.09025 0.05635 0.00623 ( 1)
 417 D   0.90070 0.04056 0.05593 0.00280 ( 1)
 418 T   0.49168 0.44771 0.02968 0.03093 ( 1)
 419 S   0.90565 0.03616 0.05569 0.00250 ( 1)
 420 N   0.55067 0.38982 0.03258 0.02693 ( 1)
 421 P   0.87208 0.06680 0.05650 0.00462 ( 1)
 422 E   0.89640 0.04443 0.05609 0.00307 ( 1)
 423 L   0.91094 0.03152 0.05536 0.00218 ( 1)
 424 T   0.92227 0.02185 0.05437 0.00151 ( 1)
 425 S   0.92934 0.01613 0.05342 0.00111 ( 1)
 426 S   0.90544 0.03637 0.05568 0.00251 ( 1)
 427 T   0.90608 0.03588 0.05556 0.00248 ( 1)
 428 E   0.02279 0.91272 0.00143 0.06306 ( 2)
 429 V   0.87937 0.06022 0.05626 0.00416 ( 1)
 430 Q   0.89752 0.04368 0.05578 0.00302 ( 1)
 431 V   0.87930 0.06028 0.05625 0.00416 ( 1)
 432 E   0.89394 0.04691 0.05591 0.00324 ( 1)
 433 Q   0.03114 0.90455 0.00181 0.06249 ( 2)
 434 A   0.90407 0.03787 0.05544 0.00262 ( 1)
 435 T   0.39924 0.53878 0.02475 0.03722 ( 2)
 436 P   0.89337 0.04763 0.05571 0.00329 ( 1)
 437 V   0.91354 0.02987 0.05453 0.00206 ( 1)
 438 S   0.89850 0.04327 0.05525 0.00299 ( 1)
 439 E   0.88868 0.05211 0.05561 0.00360 ( 1)
 440 S   0.92542 0.01704 0.05636 0.00118 ( 1)
 441 C   0.92814 0.01473 0.05612 0.00102 ( 1)
 442 V   0.87970 0.05859 0.05766 0.00405 ( 1)
 443 G   0.90858 0.03180 0.05743 0.00220 ( 1)
 444 K   0.89971 0.03991 0.05762 0.00276 ( 1)
 445 M   0.91489 0.02612 0.05718 0.00180 ( 1)
 446 E   0.89395 0.04523 0.05769 0.00313 ( 1)
 447 E   0.89395 0.04523 0.05769 0.00313 ( 1)
 448 F   0.89409 0.04511 0.05769 0.00312 ( 1)
 449 F   0.86851 0.06922 0.05749 0.00478 ( 1)
 450 L   0.90551 0.03459 0.05751 0.00239 ( 1)
 451 F   0.86851 0.06922 0.05749 0.00478 ( 1)
 452 G   0.90303 0.03686 0.05757 0.00255 ( 1)
 453 A   0.90396 0.03600 0.05756 0.00249 ( 1)
 454 L   0.90133 0.03838 0.05763 0.00265 ( 1)
 455 L   0.84578 0.09100 0.05693 0.00629 ( 1)
 456 E   0.89370 0.04546 0.05770 0.00314 ( 1)
 457 A   0.90396 0.03600 0.05756 0.00249 ( 1)
 458 S   0.86589 0.07172 0.05744 0.00495 ( 1)
 459 M   0.91489 0.02612 0.05718 0.00180 ( 1)
 460 I   0.89499 0.04430 0.05765 0.00306 ( 1)
 461 D   0.89767 0.04179 0.05765 0.00289 ( 1)
 462 R   0.89990 0.03973 0.05763 0.00274 ( 1)
 463 K   0.89984 0.03979 0.05763 0.00275 ( 1)
 464 N   0.92287 0.01937 0.05642 0.00134 ( 1)
 465 G   0.90303 0.03686 0.05757 0.00255 ( 1)
 466 D   0.89788 0.04158 0.05766 0.00287 ( 1)
 467 K   0.88312 0.05538 0.05768 0.00383 ( 1)
 468 P   0.89551 0.04378 0.05768 0.00302 ( 1)
 469 I   0.89540 0.04389 0.05768 0.00303 ( 1)
 470 T   0.53051 0.40840 0.03288 0.02822 ( 1)
 471 F   0.86851 0.06922 0.05749 0.00478 ( 1)
 472 E   0.89370 0.04546 0.05770 0.00314 ( 1)
 473 V   0.91483 0.02618 0.05718 0.00181 ( 1)
 474 T   0.91209 0.02863 0.05730 0.00198 ( 1)
 475 I   0.94222 0.00433 0.05315 0.00030 ( 1)
 476 G   0.90312 0.03681 0.05753 0.00254 ( 1)
 477 N   0.92640 0.01799 0.05437 0.00124 ( 1)
 478 Y   0.89615 0.04437 0.05642 0.00307 ( 1)
 479 G   0.91752 0.02542 0.05530 0.00176 ( 1)
 480 N   0.92669 0.01770 0.05439 0.00122 ( 1)
 481 E   0.90299 0.03818 0.05619 0.00264 ( 1)
 482 V   0.92729 0.01920 0.05218 0.00133 ( 1)
 483 D   0.89662 0.04394 0.05641 0.00304 ( 1)
 484 G   0.91358 0.02872 0.05572 0.00198 ( 1)
 485 L   0.85194 0.08559 0.05655 0.00591 ( 1)
 486 S   0.92796 0.01674 0.05415 0.00116 ( 1)
 487 R   0.89916 0.04260 0.05529 0.00294 ( 1)
 488 P   0.90457 0.03677 0.05611 0.00254 ( 1)
 489 Q   0.45119 0.48725 0.02789 0.03366 ( 2)
 490 R   0.90943 0.03241 0.05592 0.00224 ( 1)
 491 P   0.32402 0.61272 0.02092 0.04233 ( 2)
 492 R   0.45015 0.48836 0.02775 0.03374 ( 2)
 493 P   0.87865 0.06043 0.05674 0.00418 ( 1)
 494 R   0.46762 0.47107 0.02876 0.03255 ( 2)
 495 P   0.87865 0.06043 0.05674 0.00418 ( 1)
