Supplemental results for CODEML (seqf: /home/leticiamagpali/phd/evol_models/codeml/big_dataset/cml_align/OTOF_codon_aligned.phy  treef: /home/leticiamagpali/phd/evol_models/codeml/big_dataset/cml_trees/gene_trees/H1a_gene_trees/OTOF_tree_H1a.tre)

I	J	ij	2Ns_IJ	pMut_IJ	pSub_IJ	2Ns_JI	pMut_JI	pSub_JI

TTC	TTT	CT	-0.55217	0.07664	0.05742	0.55217	0.04412	0.05742
TTA	TTT	AT	6.58576	0.00001	0.00008	-6.58576	0.00886	0.00008
TTA	TTC	AC	7.13792	0.00002	0.00017	-7.13792	0.02987	0.00017
TTG	TTT	GT	1.29960	0.00257	0.00460	-1.29960	0.00944	0.00460
TTG	TTC	GC	1.85177	0.00500	0.01097	-1.85177	0.03182	0.01097
TTG	TTA	GA	-5.28615	0.01791	0.00048	5.28615	0.00009	0.00048
TCT	TTT	CT	1.51366	0.00971	0.01885	-1.51366	0.04412	0.01885
TCC	TTC	CT	0.77378	0.06862	0.09856	-0.77378	0.14877	0.09856
TCC	TCT	CT	-1.29206	0.06862	0.03358	1.29206	0.01885	0.03358
TCA	TTA	CT	-4.95888	0.01428	0.00050	4.95888	0.00010	0.00050
TCA	TCT	AT	0.11321	0.00338	0.00357	-0.11321	0.00378	0.00357
TCA	TCC	AC	1.40527	0.00656	0.01222	-1.40527	0.02675	0.01222
TCG	TTG	CT	0.78707	0.00961	0.01388	-0.78707	0.02111	0.01388
TCG	TCT	GT	0.57301	0.00227	0.00299	-0.57301	0.00403	0.00299
TCG	TCC	GC	1.86506	0.00441	0.00974	-1.86506	0.02850	0.00974
TCG	TCA	GA	0.45980	0.01583	0.01974	-0.45980	0.02506	0.01974
TAT	TTT	AT	1.09270	0.00297	0.00488	-1.09270	0.00886	0.00488
TAT	TCT	AC	-0.42097	0.00577	0.00464	0.42097	0.00378	0.00464
TAC	TTC	AT	0.59924	0.01641	0.02181	-0.59924	0.02987	0.02181
TAC	TCC	AC	-0.17454	0.03185	0.02915	0.17454	0.02675	0.02915
TAC	TAT	CT	-1.04562	0.06933	0.03929	1.04562	0.02437	0.03929
TGT	TTT	GT	1.96239	0.00133	0.00303	-1.96239	0.00944	0.00303
TGT	TCT	GC	0.44873	0.00257	0.00320	-0.44873	0.00403	0.00320
TGT	TAT	GA	0.86970	0.00923	0.01382	-0.86970	0.02203	0.01382
TGC	TTC	GT	1.65336	0.00609	0.01246	-1.65336	0.03182	0.01246
TGC	TCC	GC	0.87958	0.01182	0.01778	-0.87958	0.02850	0.01778
TGC	TAC	GA	1.05412	0.04240	0.06860	-1.05412	0.12166	0.06860
TGC	TGT	CT	-0.86120	0.02574	0.01623	0.86120	0.01088	0.01623
TGG	TTG	GT	-0.71685	0.00925	0.00633	0.71685	0.00452	0.00633
TGG	TCG	GC	-1.50392	0.01795	0.00772	1.50392	0.00399	0.00772
TGG	TGT	GT	-1.37964	0.00925	0.00429	1.37964	0.00233	0.00429
TGG	TGC	GC	-0.51844	0.01795	0.01370	0.51844	0.01069	0.01370
CTT	TTT	CT	2.11056	0.00535	0.01284	-2.11056	0.04412	0.01284
CTC	TTC	CT	0.94131	0.05804	0.08958	-0.94131	0.14877	0.08958
CTC	CTT	CT	-1.72142	0.05804	0.02176	1.72142	0.01038	0.02176
CTA	TTA	CT	-3.95670	0.00524	0.00040	3.95670	0.00010	0.00040
CTA	CTT	AT	0.51849	0.00124	0.00159	-0.51849	0.00208	0.00159
CTA	CTC	AC	2.23991	0.00241	0.00604	-2.23991	0.02262	0.00604
CTG	TTG	CT	-1.98851	0.15419	0.04863	1.98851	0.02111	0.04863
CTG	CTT	GT	-2.79947	0.03649	0.00662	2.79947	0.00222	0.00662
CTG	CTC	GC	-1.07805	0.07083	0.03938	1.07805	0.02410	0.03938
CTG	CTA	GA	-3.31796	0.25396	0.03167	3.31796	0.00920	0.03167
CCT	TCT	CT	-0.35787	0.02696	0.02243	0.35787	0.01885	0.02243
CCT	CTT	CT	-0.95476	0.02696	0.01611	0.95476	0.01038	0.01611
CCC	TCC	CT	0.46221	0.08391	0.10479	-0.46221	0.13322	0.10479
CCC	CTC	CT	0.29467	0.08391	0.09688	-0.29467	0.11267	0.09688
CCC	CCT	CT	-0.47198	0.08391	0.06566	0.47198	0.05234	0.06566
CCA	TCA	CT	0.37072	0.01914	0.02290	-0.37072	0.02773	0.02290
CCA	CTA	CT	-0.63146	0.01914	0.01373	0.63146	0.01018	0.01373
CCA	CCT	AT	0.84180	0.00453	0.00670	-0.84180	0.01051	0.00670
CCA	CCC	AC	1.31378	0.00879	0.01580	-1.31378	0.03271	0.01580
CCG	TCG	CT	-0.06284	0.01986	0.01924	0.06284	0.01865	0.01924
CCG	CTG	CT	2.71274	0.01986	0.05771	-2.71274	0.29933	0.05771
CCG	CCT	GT	0.86804	0.00470	0.00703	-0.86804	0.01120	0.00703
CCG	CCC	GC	1.34002	0.00912	0.01656	-1.34002	0.03485	0.01656
CCG	CCA	GA	0.02624	0.03271	0.03314	-0.02624	0.03358	0.03314
CAT	TAT	CT	2.04555	0.00315	0.00740	-2.04555	0.02437	0.00740
CAT	CTT	AT	1.02768	0.00075	0.00119	-1.02768	0.00208	0.00119
CAT	CCT	AC	1.98244	0.00145	0.00333	-1.98244	0.01051	0.00333
CAC	TAC	CT	1.44528	0.03172	0.05998	-1.44528	0.13458	0.05998
CAC	CTC	AT	1.10320	0.00751	0.01239	-1.10320	0.02262	0.01239
CAC	CCC	AC	0.80853	0.01457	0.02125	-0.80853	0.03271	0.02125
CAC	CAT	CT	-1.64589	0.03172	0.01247	1.64589	0.00612	0.01247
CAA	CTA	AT	0.23624	0.00161	0.00181	-0.23624	0.00204	0.00181
CAA	CCA	AC	0.86770	0.00313	0.00469	-0.86770	0.00746	0.00469
CAA	CAT	AT	-0.27295	0.00161	0.00140	0.27295	0.00123	0.00140
CAA	CAC	AC	1.37294	0.00313	0.00576	-1.37294	0.01236	0.00576
CAG	CTG	AT	1.35475	0.01551	0.02831	-1.35475	0.06010	0.02831
CAG	CCG	AC	-1.35800	0.03010	0.01415	1.35800	0.00774	0.01415
CAG	CAT	GT	-2.47240	0.01551	0.00353	2.47240	0.00131	0.00353
CAG	CAC	GC	-0.82651	0.03010	0.01936	0.82651	0.01317	0.01936
CAG	CAA	GA	-2.19946	0.10792	0.02960	2.19946	0.01196	0.02960
CGT	TGT	CT	0.96808	0.00413	0.00645	-0.96808	0.01088	0.00645
CGT	CTT	GT	0.81991	0.00098	0.00143	-0.81991	0.00222	0.00143
CGT	CCT	GC	1.77468	0.00190	0.00406	-1.77468	0.01120	0.00406
CGT	CAT	GA	-0.20777	0.00681	0.00612	0.20777	0.00553	0.00612
CGC	TGC	CT	0.19751	0.04101	0.04520	-0.19751	0.04997	0.04520
CGC	CTC	GT	0.90955	0.00971	0.01478	-0.90955	0.02410	0.01478
CGC	CCC	GC	0.61488	0.01884	0.02522	-0.61488	0.03485	0.02522
CGC	CAC	GA	-0.19365	0.06755	0.06122	0.19365	0.05566	0.06122
CGC	CGT	CT	-1.63178	0.04101	0.01627	1.63178	0.00802	0.01627
CGA	CTA	GT	0.05846	0.00205	0.00211	-0.05846	0.00218	0.00211
CGA	CCA	GC	0.68993	0.00399	0.00552	-0.68993	0.00795	0.00552
CGA	CAA	GA	-0.17778	0.01429	0.01306	0.17778	0.01196	0.01306
CGA	CGT	AT	-0.24296	0.00205	0.00181	0.24296	0.00161	0.00181
CGA	CGC	AC	1.38882	0.00399	0.00738	-1.38882	0.01599	0.00738
CGG	TGG	CT	0.25988	0.05850	0.06643	-0.25988	0.07586	0.06643
CGG	CTG	GT	1.53154	0.01384	0.02705	-1.53154	0.06403	0.02705
CGG	CCG	GC	-1.18120	0.02687	0.01406	1.18120	0.00825	0.01406
CGG	CAG	GA	0.17679	0.09635	0.10512	-0.17679	0.11499	0.10512
CGG	CGT	GT	-2.08784	0.01384	0.00409	2.08784	0.00172	0.00409
CGG	CGC	GC	-0.45607	0.02687	0.02121	0.45607	0.01703	0.02121
CGG	CGA	GA	-1.84489	0.09635	0.03337	1.84489	0.01523	0.03337
ATT	TTT	AT	0.35691	0.00620	0.00737	-0.35691	0.00886	0.00737
ATT	CTT	AC	-1.75365	0.01203	0.00442	1.75365	0.00208	0.00442
ATC	TTC	AT	0.33286	0.02141	0.02517	-0.33286	0.02987	0.02517
ATC	CTC	AC	-0.60845	0.04157	0.03020	0.60845	0.02262	0.03020
ATC	ATT	CT	-0.57621	0.09049	0.06691	0.57621	0.05086	0.06691
ATA	TTA	AT	-4.06570	0.00117	0.00008	4.06570	0.00002	0.00008
ATA	CTA	AC	-0.10900	0.00228	0.00216	0.10900	0.00204	0.00216
ATA	ATT	AT	2.16314	0.00117	0.00287	-2.16314	0.01021	0.00287
ATA	ATC	AC	2.73936	0.00228	0.00667	-2.73936	0.03527	0.00667
ATG	TTG	AT	-1.34443	0.01626	0.00771	1.34443	0.00424	0.00771
ATG	CTG	AC	0.64408	0.03156	0.04281	-0.64408	0.06010	0.04281
ATG	ATT	GT	-0.40173	0.01626	0.01321	0.40173	0.01088	0.01321
ATG	ATC	GC	0.17448	0.03156	0.03439	-0.17448	0.03758	0.03439
ATG	ATA	GA	-2.56488	0.11315	0.02419	2.56488	0.00870	0.02419
ACT	TCT	AT	0.07776	0.00350	0.00364	-0.07776	0.00378	0.00364
ACT	CCT	AC	0.43562	0.00680	0.00839	-0.43562	0.01051	0.00839
ACT	ATT	CT	1.23451	0.01480	0.02577	-1.23451	0.05086	0.02577
ACC	TCC	AT	0.86703	0.01124	0.01681	-0.86703	0.02675	0.01681
ACC	CCC	AC	0.40482	0.02182	0.02653	-0.40482	0.03271	0.02653
ACC	ATC	CT	1.30794	0.04749	0.08514	-1.30794	0.17566	0.08514
ACC	ACT	CT	-0.50278	0.04749	0.03655	0.50278	0.02873	0.03655
ACA	TCA	AT	0.71634	0.00272	0.00381	-0.71634	0.00557	0.00381
ACA	CCA	AC	0.34562	0.00528	0.00624	-0.34562	0.00746	0.00624
ACA	ATA	CT	-0.17684	0.01149	0.01051	0.17684	0.00963	0.01051
ACA	ACT	AT	0.75179	0.00272	0.00387	-0.75179	0.00577	0.00387
ACA	ACC	AC	1.25458	0.00528	0.00927	-1.25458	0.01851	0.00927
ACG	TCG	AT	-0.74677	0.00790	0.00532	0.74677	0.00374	0.00532
ACG	CCG	AC	-0.68394	0.01534	0.01069	0.68394	0.00774	0.01069
ACG	ATG	CT	1.38472	0.03339	0.06169	-1.38472	0.13337	0.06169
ACG	ACT	GT	-0.25152	0.00790	0.00695	0.25152	0.00614	0.00695
ACG	ACC	GC	0.25126	0.01534	0.01735	-0.25126	0.01972	0.01735
ACG	ACA	GA	-1.00331	0.05500	0.03195	1.00331	0.02017	0.03195
AAT	TAT	AT	0.44457	0.00314	0.00389	-0.44457	0.00489	0.00389
AAT	CAT	AC	-1.60097	0.00609	0.00246	1.60097	0.00123	0.00246
AAT	ATT	AT	1.18036	0.00314	0.00534	-1.18036	0.01021	0.00534
AAT	ACT	AC	-0.05415	0.00609	0.00593	0.05415	0.00577	0.00593
AAC	TAC	AT	0.44602	0.01730	0.02144	-0.44602	0.02702	0.02144
AAC	CAC	AC	-0.99926	0.03358	0.01955	0.99926	0.01236	0.01955
AAC	ATC	AT	0.71240	0.01730	0.02418	-0.71240	0.03527	0.02418
AAC	ACC	AC	-0.59554	0.03358	0.02457	0.59554	0.01851	0.02457
AAC	AAT	CT	-1.04417	0.07310	0.04146	1.04417	0.02573	0.04146
AAA	CAA	AC	-1.28333	0.00959	0.00472	1.28333	0.00266	0.00472
AAA	ATA	AT	-0.93809	0.00494	0.00298	0.93809	0.00193	0.00298
AAA	ACA	AC	-0.76125	0.00959	0.00640	0.76125	0.00448	0.00640
AAA	AAT	AT	0.04470	0.00494	0.00505	-0.04470	0.00517	0.00505
AAA	AAC	AC	1.08887	0.00959	0.01574	-1.08887	0.02849	0.01574
AAG	CAG	AC	-0.94212	0.06552	0.03943	0.94212	0.02554	0.03943
AAG	ATG	AT	-0.23145	0.03375	0.02999	0.23145	0.02678	0.02999
AAG	ACG	AC	-1.61618	0.06552	0.02625	1.61618	0.01302	0.02625
AAG	AAT	GT	-1.81354	0.03375	0.01193	1.81354	0.00550	0.01193
AAG	AAC	GC	-0.76937	0.06552	0.04351	0.76937	0.03035	0.04351
AAG	AAA	GA	-1.85824	0.23491	0.08065	1.85824	0.03663	0.08065
AGT	TGT	AT	0.09821	0.00198	0.00208	-0.09821	0.00218	0.00208
AGT	CGT	AC	-0.86988	0.00384	0.00241	0.86988	0.00161	0.00241
AGT	ATT	GT	1.70369	0.00198	0.00412	-1.70369	0.01088	0.00412
AGT	ACT	GC	0.46918	0.00384	0.00482	-0.46918	0.00614	0.00482
AGT	AAT	GA	0.52333	0.01378	0.01770	-0.52333	0.02326	0.01770
AGC	TGC	AT	0.13877	0.00873	0.00935	-0.13877	0.01003	0.00935
AGC	CGC	AC	-0.05874	0.01695	0.01646	0.05874	0.01599	0.01646
AGC	ATC	GT	1.45927	0.00873	0.01660	-1.45927	0.03758	0.01660
AGC	ACC	GC	0.15133	0.01695	0.01827	-0.15133	0.01972	0.01827
AGC	AAC	GA	0.74687	0.06078	0.08628	-0.74687	0.12827	0.08628
AGC	AGT	CT	-0.82064	0.03690	0.02381	0.82064	0.01624	0.02381
AGA	CGA	AC	3.45558	0.00011	0.00038	-3.45558	0.00338	0.00038
AGA	ATA	GT	3.62305	0.00006	0.00020	-3.62305	0.00206	0.00020
AGA	ACA	GC	3.79989	0.00011	0.00042	-3.79989	0.00477	0.00042
AGA	AAA	GA	4.56114	0.00038	0.00176	-4.56114	0.03663	0.00176
AGA	AGT	AT	4.08250	0.00006	0.00023	-4.08250	0.00326	0.00023
AGA	AGC	AC	4.90314	0.00011	0.00053	-4.90314	0.01438	0.00053
AGG	TGG	AT	3.12955	0.00067	0.00218	-3.12955	0.01523	0.00218
AGG	CGG	AC	2.86968	0.00129	0.00393	-2.86968	0.02280	0.00393
AGG	ATG	GT	3.75713	0.00067	0.00256	-3.75713	0.02853	0.00256
AGG	ACG	GC	2.37241	0.00129	0.00338	-2.37241	0.01387	0.00338
AGG	AAG	GA	3.98859	0.00464	0.01884	-3.98859	0.25028	0.01884
AGG	AGT	GT	1.65171	0.00067	0.00136	-1.65171	0.00347	0.00136
AGG	AGC	GC	2.47235	0.00129	0.00349	-2.47235	0.01532	0.00349
AGG	AGA	GA	-2.43079	0.00464	0.00109	2.43079	0.00041	0.00109
GTT	TTT	GT	4.08423	0.00016	0.00066	-4.08423	0.00944	0.00066
GTT	CTT	GC	1.97367	0.00031	0.00071	-1.97367	0.00222	0.00071
GTT	ATT	GA	3.72733	0.00111	0.00422	-3.72733	0.04597	0.00422
GTC	TTC	GT	0.81966	0.01402	0.02054	-0.81966	0.03182	0.02054
GTC	CTC	GC	-0.12165	0.02722	0.02560	0.12165	0.02410	0.02560
GTC	ATC	GA	0.48680	0.09759	0.12326	-0.48680	0.15879	0.12326
GTC	GTT	CT	-3.81674	0.05925	0.00509	3.81674	0.00130	0.00509
GTA	TTA	GT	-4.91405	0.00292	0.00011	4.91405	0.00002	0.00011
GTA	CTA	GC	-0.95735	0.00567	0.00338	0.95735	0.00218	0.00338
GTA	ATA	GA	-0.84835	0.02033	0.01291	0.84835	0.00870	0.01291
GTA	GTT	AT	-2.41253	0.00292	0.00069	2.41253	0.00026	0.00069
GTA	GTC	AC	1.40421	0.00567	0.01056	-1.40421	0.02309	0.01056
GTG	TTG	GT	-1.80501	0.02745	0.00975	1.80501	0.00452	0.00975
GTG	CTG	GC	0.18350	0.05330	0.05833	-0.18350	0.06403	0.05833
GTG	ATG	GA	-0.46058	0.19109	0.15045	0.46058	0.12056	0.15045
GTG	GTT	GT	-4.58964	0.02745	0.00129	4.58964	0.00028	0.00129
GTG	GTC	GC	-0.77290	0.05330	0.03533	0.77290	0.02460	0.03533
GTG	GTA	GA	-2.17711	0.19109	0.05319	2.17711	0.02166	0.05319
GCT	TCT	GT	0.22290	0.00323	0.00360	-0.22290	0.00403	0.00360
GCT	CCT	GC	0.58077	0.00626	0.00826	-0.58077	0.01120	0.00826
GCT	ACT	GA	0.14515	0.02246	0.02413	-0.14515	0.02597	0.02413
GCT	GTT	CT	-2.34767	0.01364	0.00338	2.34767	0.00130	0.00338
GCC	TCC	GT	0.43336	0.01848	0.02277	-0.43336	0.02850	0.02277
GCC	CCC	GC	-0.02885	0.03587	0.03535	0.02885	0.03485	0.03535
GCC	ACC	GA	-0.43367	0.12859	0.10272	0.43367	0.08334	0.10272
GCC	GTC	CT	0.38747	0.07807	0.09417	-0.38747	0.11502	0.09417
GCC	GCT	CT	-1.08160	0.07807	0.04332	1.08160	0.02647	0.04332
GCA	TCA	GT	0.92712	0.00235	0.00360	-0.92712	0.00593	0.00360
GCA	CCA	GC	0.55641	0.00456	0.00594	-0.55641	0.00795	0.00594
GCA	ACA	GA	0.21079	0.01633	0.01812	-0.21079	0.02017	0.01812
GCA	GTA	CT	0.88230	0.00992	0.01493	-0.88230	0.02396	0.01493
GCA	GCT	AT	0.81744	0.00235	0.00344	-0.81744	0.00531	0.00344
GCA	GCC	AC	1.89904	0.00456	0.01017	-1.89904	0.03043	0.01017
GCG	TCG	GT	0.05320	0.00378	0.00388	-0.05320	0.00399	0.00388
GCG	CCG	GC	0.11604	0.00734	0.00778	-0.11604	0.00825	0.00778
GCG	ACG	GA	0.79997	0.02633	0.03825	-0.79997	0.05860	0.03825
GCG	GTG	CT	2.64528	0.01599	0.04552	-2.64528	0.22522	0.04552
GCG	GCT	GT	0.40330	0.00378	0.00460	-0.40330	0.00566	0.00460
GCG	GCC	GC	1.48491	0.00734	0.01410	-1.48491	0.03242	0.01410
GCG	GCA	GA	-0.41413	0.02633	0.02125	0.41413	0.01740	0.02125
GAT	TAT	GT	-0.40215	0.00779	0.00633	0.40215	0.00521	0.00633
GAT	CAT	GC	-2.44770	0.01513	0.00351	2.44770	0.00131	0.00351
GAT	AAT	GA	-0.84672	0.05424	0.03448	0.84672	0.02326	0.03448
GAT	GTT	AT	-3.39369	0.00779	0.00092	3.39369	0.00026	0.00092
GAT	GCT	AC	-1.04602	0.01513	0.00857	1.04602	0.00531	0.00857
GAC	TAC	GT	-0.26338	0.03746	0.03275	0.26338	0.02879	0.03275
GAC	CAC	GC	-1.70866	0.07273	0.02748	1.70866	0.01317	0.02748
GAC	AAC	GA	-0.70940	0.26075	0.17911	0.70940	0.12827	0.17911
GAC	GTC	AT	-0.48381	0.03746	0.02913	0.48381	0.02309	0.02913
GAC	GCC	AC	-0.87128	0.07273	0.04559	0.87128	0.03043	0.04559
GAC	GAT	CT	-0.90685	0.15832	0.09723	0.90685	0.06393	0.09723
GAA	CAA	GC	-1.84559	0.01793	0.00621	1.84559	0.00283	0.00621
GAA	AAA	GA	-0.56226	0.06428	0.04789	0.56226	0.03663	0.04789
GAA	GTA	AT	-0.65200	0.00924	0.00655	0.65200	0.00481	0.00655
GAA	GCA	AC	-1.53430	0.01793	0.00756	1.53430	0.00387	0.00756
GAA	GAT	AT	0.32916	0.00924	0.01084	-0.32916	0.01283	0.01084
GAA	GAC	AC	1.23601	0.01793	0.03123	-1.23601	0.06170	0.03123
GAG	CAG	GC	-1.01153	0.07482	0.04325	1.01153	0.02721	0.04325
GAG	AAG	GA	-0.06942	0.26827	0.25907	0.06942	0.25028	0.25907
GAG	GTG	AT	0.15971	0.03854	0.04170	-0.15971	0.04522	0.04170
GAG	GCG	AC	-2.48557	0.07482	0.01689	2.48557	0.00623	0.01689
GAG	GAT	GT	-1.03624	0.03854	0.02196	1.03624	0.01367	0.02196
GAG	GAC	GC	-0.12939	0.07482	0.07009	0.12939	0.06574	0.07009
GAG	GAA	GA	-1.36540	0.26827	0.12556	1.36540	0.06848	0.12556
GGT	TGT	GT	0.46584	0.00146	0.00183	-0.46584	0.00233	0.00183
GGT	CGT	GC	-0.50224	0.00284	0.00218	0.50224	0.00172	0.00218
GGT	AGT	GA	0.36764	0.01017	0.01215	-0.36764	0.01468	0.01215
GGT	GTT	GT	-1.65600	0.00146	0.00057	1.65600	0.00028	0.00057
GGT	GCT	GC	0.69167	0.00284	0.00393	-0.69167	0.00566	0.00393
GGT	GAT	GA	1.73769	0.01017	0.02144	-1.73769	0.05779	0.02144
GGC	TGC	GT	-0.71892	0.02194	0.01499	0.71892	0.01069	0.01499
GGC	CGC	GC	-0.91642	0.04258	0.02601	0.91642	0.01703	0.02601
GGC	AGC	GA	-0.85769	0.15268	0.09645	0.85769	0.06476	0.09645
GGC	GTC	GT	0.11478	0.02194	0.02322	-0.11478	0.02460	0.02322
GGC	GCC	GC	-0.27269	0.04258	0.03704	0.27269	0.03242	0.03704
GGC	GAC	GA	0.59859	0.15268	0.20291	-0.59859	0.27782	0.20291
GGC	GGT	CT	-2.04596	0.09270	0.02815	2.04596	0.01198	0.02815
GGA	CGA	GC	-0.32409	0.00498	0.00422	0.32409	0.00360	0.00422
GGA	AGA	GA	-3.77967	0.01787	0.00158	3.77967	0.00041	0.00158
GGA	GTA	GT	0.69172	0.00257	0.00356	-0.69172	0.00513	0.00356
GGA	GCA	GC	-0.19058	0.00498	0.00452	0.19058	0.00412	0.00452
GGA	GAA	GA	1.34372	0.01787	0.03248	-1.34372	0.06848	0.03248
GGA	GGT	AT	-0.06481	0.00257	0.00248	0.06481	0.00241	0.00248
GGA	GGC	AC	1.98115	0.00498	0.01145	-1.98115	0.03613	0.01145
GGG	TGG	GT	0.38594	0.01103	0.01330	-0.38594	0.01623	0.01330
GGG	CGG	GC	0.12606	0.02142	0.02279	-0.12606	0.02429	0.02279
GGG	AGG	GA	-2.74361	0.07678	0.01449	2.74361	0.00494	0.01449
GGG	GTG	GT	1.47411	0.01103	0.02109	-1.47411	0.04818	0.02109
GGG	GCG	GC	-1.17117	0.02142	0.01127	1.17117	0.00664	0.01127
GGG	GAG	GA	1.31439	0.07678	0.13799	-1.31439	0.28582	0.13799
GGG	GGT	GT	-1.45954	0.01103	0.00487	1.45954	0.00256	0.00487
GGG	GGC	GC	0.58642	0.02142	0.02830	-0.58642	0.03850	0.02830
GGG	GGA	GA	-1.39473	0.07678	0.03530	1.39473	0.01903	0.03530


Histograms
2Ns	FMut	FSub(CodonUsage)	FSubw(after w)

-6.79802	0.00241	0.00002
-6.11822	0.00000	0.00000
-5.43842	0.00112	0.00004
-4.75862	0.00596	0.00033
-4.07881	0.02365	0.00236
-3.39901	0.02045	0.00312
-2.71921	0.05838	0.01486
-2.03941	0.09159	0.03742
-1.35960	0.16595	0.10157
-0.67980	0.26122	0.23303
0.00000	0.17023	0.21450
0.67980	0.13571	0.23303
1.35960	0.04492	0.10157
2.03941	0.01305	0.03742
2.71921	0.00412	0.01486
3.39901	0.00071	0.00312
4.07881	0.00046	0.00236
4.75862	0.00006	0.00033
5.43842	0.00001	0.00004
6.11822	0.00000	0.00000
6.79802	0.00000	0.00002

Proportion of advantageous (S > 0) mutations:
 0.27723

Proportions of good & bad mutations (|S| > 2.0000) among mutations:
0.00922  0.14525

mean |Ns| = 1.15537	mean Ns+ = 0.71337	mean Ns- = -1.32491


MLEs of dN/dS (w) for site classes (K=4)

site class             0        1       2a       2b
proportion       0.75571  0.16249  0.06733  0.01448
background w     0.02912  0.83167  0.02912  0.83167
foreground w     0.02912  0.83167  0.00000  0.00000

Naive Empirical Bayes (NEB) probabilities for 4 classes
(amino acids refer to 1st sequence: Bacu)

   1 L   0.80303 0.11477 0.07163 0.01057 ( 1)
   2 I   0.85624 0.06126 0.07653 0.00597 ( 1)
   3 G   0.87098 0.04647 0.07791 0.00464 ( 1)
   4 T   0.88265 0.03476 0.07903 0.00356 ( 1)
   5 F   0.85455 0.06295 0.07637 0.00612 ( 1)
   6 R   0.86918 0.04827 0.07774 0.00481 ( 1)
   7 M   0.87813 0.03930 0.07859 0.00398 ( 1)
   8 V   0.83883 0.07875 0.07492 0.00751 ( 1)
   9 L   0.80303 0.11477 0.07163 0.01057 ( 1)
  10 Q   0.85826 0.05923 0.07672 0.00579 ( 1)
  11 K   0.01248 0.90011 0.00112 0.08630 ( 2)
  12 V   0.83871 0.07886 0.07491 0.00752 ( 1)
  13 V   0.83871 0.07886 0.07491 0.00752 ( 1)
  14 E   0.85418 0.06332 0.07634 0.00616 ( 1)
  15 E   0.85418 0.06332 0.07634 0.00616 ( 1)
  16 G   0.00461 0.90799 0.00041 0.08699 ( 2)
  17 H   0.03696 0.86814 0.00331 0.09159 ( 2)
  18 V   0.83871 0.07886 0.07491 0.00752 ( 1)
  19 E   0.85420 0.06330 0.07634 0.00616 ( 1)
  20 V   0.83871 0.07886 0.07491 0.00752 ( 1)
  21 T   0.88099 0.03641 0.07888 0.00373 ( 1)
  22 D   0.85853 0.05895 0.07675 0.00577 ( 1)
  23 M   0.87788 0.03954 0.07857 0.00401 ( 1)
  24 L   0.80285 0.11494 0.07162 0.01059 ( 1)
  25 I   0.83887 0.07879 0.07490 0.00745 ( 1)
  26 D   0.85844 0.05904 0.07674 0.00578 ( 1)
  27 D   0.85853 0.05895 0.07675 0.00577 ( 1)
  28 N   0.03081 0.96918 0.00000 0.00000 ( 2)
  29 N   0.00137 0.99863 0.00000 0.00000 ( 2)
  30 A   0.05496 0.94504 0.00000 0.00000 ( 2)
  31 I   0.01708 0.98292 0.00000 0.00000 ( 2)
  32 I   0.01719 0.98281 0.00000 0.00000 ( 2)
  33 Q   0.00002 0.99998 0.00000 0.00000 ( 2)
  34 E   0.85969 0.05770 0.07688 0.00572 ( 1)
  35 P   0.89103 0.02626 0.07990 0.00281 ( 1)
  36 A   0.88453 0.03279 0.07926 0.00343 ( 1)
  37 V   0.85522 0.06221 0.07646 0.00611 ( 1)
  38 L   0.80698 0.11074 0.07200 0.01028 ( 1)
  39 E   0.86006 0.05735 0.07691 0.00568 ( 1)
  40 M   0.88351 0.03382 0.07915 0.00352 ( 1)
  41 E   0.01617 0.89405 0.00145 0.08833 ( 2)
  42 N   0.34169 0.57074 0.03057 0.05700 ( 2)
  43 L   0.00095 0.90817 0.00008 0.09080 ( 2)
  44 D   0.86467 0.05271 0.07735 0.00526 ( 1)
  45 R   0.87514 0.04221 0.07834 0.00430 ( 1)
  46 L   0.80870 0.10902 0.07216 0.01012 ( 1)
  47 A   0.87106 0.04631 0.07795 0.00468 ( 1)
  48 I   0.01090 0.90344 0.00097 0.08468 ( 2)
  49 R   0.86661 0.05077 0.07753 0.00509 ( 1)
  50 L   0.80698 0.11074 0.07200 0.01028 ( 1)
  51 G   0.00116 0.90192 0.00010 0.09682 ( 2)
  52 D   0.85390 0.06354 0.07634 0.00623 ( 1)
  53 G   0.87654 0.04080 0.07848 0.00418 ( 1)
  54 L   0.18997 0.72561 0.01695 0.06747 ( 2)
  55 D   0.28772 0.62524 0.02572 0.06132 ( 2)
  56 P   0.83282 0.08472 0.07438 0.00808 ( 1)
  57 D   0.86463 0.05276 0.07735 0.00527 ( 1)
  58 S   0.87017 0.04719 0.07787 0.00477 ( 1)
  59 M   0.24319 0.67023 0.02173 0.06484 ( 2)
  60 S   0.83193 0.08566 0.07429 0.00813 ( 1)
  61 L   0.87228 0.04508 0.07807 0.00457 ( 1)
  62 A   0.86310 0.05429 0.07720 0.00541 ( 1)
  63 S   0.86998 0.04734 0.07787 0.00481 ( 1)
  64 V   0.88346 0.03387 0.07915 0.00353 ( 1)
  65 T   0.86567 0.05171 0.07744 0.00517 ( 1)
  66 A   0.86310 0.05429 0.07720 0.00541 ( 1)
  67 L   0.87541 0.04194 0.07837 0.00428 ( 1)
  68 T   0.88779 0.02953 0.07957 0.00312 ( 1)
  69 T   0.88779 0.02953 0.07957 0.00312 ( 1)
  70 N   0.88693 0.03039 0.07948 0.00320 ( 1)
  71 V   0.43119 0.48089 0.03861 0.04931 ( 2)
  72 S   0.86965 0.04771 0.07782 0.00481 ( 1)
  73 N   0.88681 0.03051 0.07947 0.00321 ( 1)
  74 K   0.84840 0.06906 0.07582 0.00672 ( 1)
  75 R   0.84152 0.07633 0.07508 0.00707 ( 1)
  76 S   0.86582 0.05198 0.07730 0.00491 ( 1)
  77 K   0.84430 0.07354 0.07533 0.00683 ( 1)
  78 P   0.84582 0.07201 0.07547 0.00669 ( 1)
  79 D   0.86051 0.05729 0.07681 0.00539 ( 1)
  80 I   0.83243 0.08544 0.07425 0.00787 ( 1)
  81 K   0.84430 0.07354 0.07533 0.00683 ( 1)
  82 M   0.87979 0.03798 0.07859 0.00364 ( 1)
  83 E   0.85588 0.06193 0.07639 0.00580 ( 1)
  84 P   0.84582 0.07201 0.07547 0.00669 ( 1)
  85 S   0.41290 0.50205 0.03688 0.04816 ( 2)
  86 A   0.86700 0.05079 0.07741 0.00480 ( 1)
  87 G   0.87208 0.04579 0.07784 0.00429 ( 1)
  88 R   0.86204 0.05583 0.07693 0.00521 ( 1)
  89 P   0.85667 0.06120 0.07644 0.00569 ( 1)
  90 M   0.87939 0.03845 0.07852 0.00364 ( 1)
  91 D   0.01386 0.90155 0.00124 0.08336 ( 2)
  92 Y   0.28311 0.63304 0.02526 0.05859 ( 2)
  93 Q   0.31440 0.60156 0.02805 0.05599 ( 2)
  94 V   0.88518 0.03217 0.07930 0.00335 ( 1)
  95 S   0.89671 0.02061 0.08045 0.00223 ( 1)
  96 V   0.02007 0.88968 0.00180 0.08845 ( 2)
  97 T   0.87337 0.04401 0.07816 0.00445 ( 1)
  98 V   0.84625 0.07124 0.07562 0.00689 ( 1)
  99 I   0.86384 0.05358 0.07726 0.00532 ( 1)
 100 E   0.86200 0.05542 0.07709 0.00549 ( 1)
 101 A   0.86739 0.04997 0.07761 0.00503 ( 1)
 102 R   0.86853 0.04887 0.07770 0.00490 ( 1)
 103 Q   0.86606 0.05135 0.07747 0.00512 ( 1)
 104 L   0.80834 0.10939 0.07212 0.01015 ( 1)
 105 V   0.84633 0.07116 0.07562 0.00688 ( 1)
 106 G   0.87288 0.04451 0.07812 0.00450 ( 1)
 107 L   0.88045 0.03691 0.07884 0.00380 ( 1)
 108 N   0.88849 0.02884 0.07963 0.00304 ( 1)
 109 M   0.29629 0.61749 0.02648 0.05974 ( 2)
 110 D   0.86660 0.05081 0.07752 0.00507 ( 1)
 111 P   0.86322 0.05420 0.07720 0.00538 ( 1)
 112 V   0.84625 0.07124 0.07562 0.00689 ( 1)
 113 V   0.85476 0.06279 0.07638 0.00607 ( 1)
 114 C   0.89896 0.01835 0.08068 0.00201 ( 1)
 115 V   0.84625 0.07124 0.07562 0.00689 ( 1)
 116 E   0.86200 0.05542 0.07709 0.00549 ( 1)
 117 V   0.84625 0.07124 0.07562 0.00689 ( 1)
 118 G   0.87288 0.04451 0.07812 0.00450 ( 1)
 119 D   0.86622 0.05119 0.07749 0.00511 ( 1)
 120 D   0.86660 0.05081 0.07752 0.00507 ( 1)
 121 K   0.85031 0.06716 0.07599 0.00653 ( 1)
 122 K   0.85035 0.06712 0.07600 0.00653 ( 1)
 123 F   0.01560 0.89500 0.00139 0.08801 ( 2)
 124 T   0.88852 0.02881 0.07963 0.00304 ( 1)
 125 S   0.87155 0.04584 0.07799 0.00462 ( 1)
 126 M   0.88523 0.03212 0.07931 0.00335 ( 1)
 127 K   0.85031 0.06716 0.07599 0.00653 ( 1)
 128 E   0.86200 0.05542 0.07709 0.00549 ( 1)
 129 S   0.87155 0.04584 0.07799 0.00462 ( 1)
 130 T   0.88052 0.03685 0.07885 0.00379 ( 1)
 131 N   0.88846 0.02888 0.07962 0.00304 ( 1)
 132 C   0.89906 0.01825 0.08069 0.00200 ( 1)
 133 P   0.86322 0.05420 0.07720 0.00538 ( 1)
 134 Y   0.85745 0.06000 0.07666 0.00590 ( 1)
 135 Y   0.85745 0.06000 0.07666 0.00590 ( 1)
 136 N   0.88851 0.02883 0.07963 0.00303 ( 1)
 137 E   0.86173 0.05569 0.07706 0.00552 ( 1)
 138 Y   0.82917 0.08817 0.07410 0.00856 ( 1)
 139 F   0.83245 0.08485 0.07441 0.00829 ( 1)
 140 V   0.85675 0.06039 0.07670 0.00616 ( 1)
 141 F   0.26770 0.72043 0.00277 0.00910 ( 2)
 142 D   0.83755 0.07972 0.07488 0.00784 ( 1)
 143 F   0.83362 0.08368 0.07452 0.00818 ( 1)
 144 H   0.88910 0.02789 0.07987 0.00314 ( 1)
 145 V   0.85568 0.06145 0.07660 0.00627 ( 1)
 146 S   0.24889 0.66598 0.02222 0.06290 ( 2)
 147 P   0.81015 0.10737 0.07233 0.01015 ( 1)
 148 D   0.24452 0.66791 0.02186 0.06571 ( 2)
 149 V   0.85675 0.06039 0.07670 0.00616 ( 1)
 150 M   0.85680 0.06034 0.07670 0.00616 ( 1)
 151 F   0.83362 0.08368 0.07452 0.00818 ( 1)
 152 D   0.83755 0.07972 0.07488 0.00784 ( 1)
 153 K   0.82298 0.09442 0.07352 0.00908 ( 1)
 154 I   0.83517 0.08212 0.07466 0.00805 ( 1)
 155 I   0.83517 0.08212 0.07466 0.00805 ( 1)
 156 K   0.82298 0.09442 0.07352 0.00908 ( 1)
 157 I   0.83517 0.08212 0.07466 0.00805 ( 1)
 158 S   0.85532 0.06183 0.07656 0.00629 ( 1)
 159 V   0.82811 0.08985 0.07384 0.00820 ( 1)
 160 I   0.82116 0.09682 0.07322 0.00881 ( 1)
 161 H   0.88455 0.03332 0.07898 0.00315 ( 1)
 162 S   0.85230 0.06561 0.07603 0.00606 ( 1)
 163 K   0.24334 0.67343 0.02170 0.06153 ( 2)
 164 N   0.87070 0.04719 0.07770 0.00441 ( 1)
 165 L   0.79596 0.12209 0.07095 0.01101 ( 1)
 166 L   0.79596 0.12209 0.07095 0.01101 ( 1)
 167 R   0.85661 0.06129 0.07642 0.00568 ( 1)
 168 S   0.86553 0.05235 0.07724 0.00488 ( 1)
 169 G   0.85161 0.06629 0.07597 0.00612 ( 1)
 170 T   0.86960 0.04828 0.07761 0.00451 ( 1)
 171 L   0.79481 0.12324 0.07084 0.01111 ( 1)
 172 V   0.82631 0.09164 0.07368 0.00836 ( 1)
 173 G   0.85202 0.06589 0.07601 0.00609 ( 1)
 174 S   0.85027 0.06764 0.07585 0.00624 ( 1)
 175 F   0.84119 0.07673 0.07503 0.00705 ( 1)
 176 K   0.84628 0.07163 0.07549 0.00660 ( 1)
 177 M   0.86494 0.05294 0.07718 0.00493 ( 1)
 178 D   0.84530 0.07262 0.07540 0.00668 ( 1)
 179 V   0.82631 0.09164 0.07368 0.00836 ( 1)
 180 G   0.85748 0.06041 0.07650 0.00560 ( 1)
 181 T   0.86981 0.04806 0.07763 0.00449 ( 1)
 182 V   0.82631 0.09164 0.07368 0.00836 ( 1)
 183 Y   0.83652 0.08142 0.07460 0.00746 ( 1)
 184 S   0.85131 0.06660 0.07594 0.00615 ( 1)
 185 Q   0.84505 0.07287 0.07538 0.00671 ( 1)
 186 P   0.87442 0.04346 0.07805 0.00408 ( 1)
 187 E   0.82953 0.08837 0.07399 0.00812 ( 1)
 188 H   0.89217 0.02538 0.07986 0.00259 ( 1)
 189 Q   0.85585 0.06179 0.07645 0.00592 ( 1)
 190 F   0.85233 0.06532 0.07612 0.00623 ( 1)
 191 H   0.89231 0.02524 0.07988 0.00257 ( 1)
 192 H   0.89242 0.02514 0.07989 0.00256 ( 1)
 193 K   0.84051 0.07718 0.07503 0.00727 ( 1)
 194 W   0.83967 0.07804 0.07495 0.00734 ( 1)
 195 A   0.86428 0.05330 0.07724 0.00518 ( 1)
 196 I   0.85603 0.06158 0.07647 0.00592 ( 1)
 197 L   0.80237 0.11549 0.07156 0.01058 ( 1)
 198 S   0.37849 0.53490 0.03384 0.05276 ( 2)
 199 D   0.30497 0.60907 0.02725 0.05872 ( 2)
 200 P   0.85449 0.06312 0.07633 0.00606 ( 1)
 201 D   0.31746 0.59666 0.02836 0.05752 ( 2)
 202 D   0.85848 0.05913 0.07670 0.00570 ( 1)
 203 I   0.85591 0.06170 0.07646 0.00593 ( 1)
 204 S   0.32813 0.58571 0.02932 0.05683 ( 2)
 205 A   0.89582 0.02167 0.08025 0.00226 ( 1)
 206 G   0.87332 0.04427 0.07807 0.00434 ( 1)
 207 L   0.80431 0.11355 0.07173 0.01040 ( 1)
 208 K   0.01304 0.90054 0.00116 0.08526 ( 2)
 209 G   0.86875 0.04886 0.07764 0.00475 ( 1)
 210 Y   0.28806 0.62647 0.02573 0.05975 ( 2)
 211 V   0.17640 0.73822 0.01575 0.06962 ( 2)
 212 K   0.84636 0.07132 0.07557 0.00675 ( 1)
 213 C   0.88935 0.02821 0.07959 0.00285 ( 1)
 214 D   0.85939 0.05822 0.07678 0.00561 ( 1)
 215 V   0.00070 0.91164 0.00006 0.08761 ( 2)
 216 A   0.86697 0.05063 0.07748 0.00492 ( 1)
 217 V   0.84058 0.07710 0.07504 0.00727 ( 1)
 218 M   0.26452 0.65052 0.02361 0.06135 ( 2)
 219 G   0.86710 0.05050 0.07749 0.00491 ( 1)
 220 K   0.84456 0.07311 0.07541 0.00692 ( 1)
 221 G   0.87278 0.04480 0.07802 0.00439 ( 1)
 222 D   0.86078 0.05684 0.07690 0.00548 ( 1)
 223 N   0.88257 0.03499 0.07895 0.00350 ( 1)
 224 I   0.85821 0.05941 0.07667 0.00571 ( 1)
 225 K   0.84456 0.07311 0.07541 0.00692 ( 1)
 226 T   0.00066 0.91132 0.00006 0.08796 ( 2)
 227 P   0.85737 0.06025 0.07659 0.00578 ( 1)
 228 H   0.89553 0.02201 0.08019 0.00227 ( 1)
 229 K   0.84456 0.07311 0.07541 0.00692 ( 1)
 230 A   0.86723 0.05037 0.07750 0.00490 ( 1)
 231 N   0.88355 0.03401 0.07904 0.00340 ( 1)
 232 E   0.85615 0.06148 0.07648 0.00589 ( 1)
 233 T   0.86748 0.05012 0.07753 0.00488 ( 1)
 234 D   0.01520 0.89736 0.00136 0.08608 ( 2)
 235 E   0.85615 0.06148 0.07648 0.00589 ( 1)
 236 D   0.01464 0.89792 0.00131 0.08613 ( 2)
 237 D   0.86078 0.05684 0.07690 0.00548 ( 1)
 238 I   0.83269 0.08503 0.07432 0.00796 ( 1)
 239 E   0.85615 0.06148 0.07648 0.00589 ( 1)
 240 G   0.86613 0.05144 0.07741 0.00501 ( 1)
 241 N   0.88246 0.03484 0.07906 0.00364 ( 1)
 242 L   0.87498 0.04236 0.07833 0.00433 ( 1)
 243 L   0.80472 0.11302 0.07180 0.01047 ( 1)
 244 L   0.87167 0.04568 0.07802 0.00463 ( 1)
 245 P   0.85615 0.06125 0.07656 0.00605 ( 1)
 246 E   0.01473 0.89567 0.00132 0.08828 ( 2)
 247 G   0.87193 0.04543 0.07804 0.00460 ( 1)
 248 V   0.84063 0.07686 0.07510 0.00741 ( 1)
 249 P   0.85714 0.06026 0.07665 0.00595 ( 1)
 250 P   0.01732 0.89106 0.00155 0.09007 ( 2)
 251 E   0.85667 0.06074 0.07660 0.00599 ( 1)
 252 R   0.87114 0.04622 0.07797 0.00468 ( 1)
 253 Q   0.86026 0.05714 0.07694 0.00567 ( 1)
 254 W   0.84282 0.07466 0.07531 0.00722 ( 1)
 255 A   0.86724 0.05012 0.07760 0.00504 ( 1)
 256 R   0.86275 0.05463 0.07717 0.00545 ( 1)
 257 F   0.85655 0.06086 0.07659 0.00600 ( 1)
 258 Y   0.85093 0.06650 0.07606 0.00650 ( 1)
 259 V   0.84063 0.07686 0.07510 0.00741 ( 1)
 260 K   0.84460 0.07286 0.07547 0.00706 ( 1)
 261 I   0.24929 0.66531 0.02226 0.06314 ( 2)
 262 Y   0.85165 0.06579 0.07613 0.00644 ( 1)
 263 R   0.89202 0.02580 0.07970 0.00249 ( 1)
 264 A   0.88184 0.03548 0.07899 0.00369 ( 1)
 265 E   0.85618 0.06123 0.07655 0.00604 ( 1)
 266 G   0.87162 0.04572 0.07802 0.00465 ( 1)
 267 L   0.80435 0.11338 0.07176 0.01050 ( 1)
 268 P   0.85768 0.05972 0.07669 0.00590 ( 1)
 269 R   0.36294 0.54897 0.03248 0.05561 ( 2)
 270 M   0.87998 0.03735 0.07881 0.00386 ( 1)
 271 N   0.88340 0.03392 0.07915 0.00354 ( 1)
 272 T   0.86289 0.05448 0.07719 0.00544 ( 1)
 273 S   0.50005 0.41095 0.04485 0.04415 ( 1)
 274 L   0.87098 0.04648 0.07791 0.00463 ( 1)
 275 M   0.87998 0.03735 0.07881 0.00386 ( 1)
 276 A   0.86724 0.05012 0.07760 0.00504 ( 1)
 277 N   0.88340 0.03392 0.07915 0.00354 ( 1)
 278 M   0.87998 0.03735 0.07881 0.00386 ( 1)
 279 K   0.84460 0.07286 0.07547 0.00706 ( 1)
 280 K   0.84505 0.07242 0.07551 0.00702 ( 1)
 281 A   0.86153 0.05589 0.07705 0.00554 ( 1)
 282 F   0.85655 0.06086 0.07659 0.00600 ( 1)
 283 I   0.84063 0.07673 0.07514 0.00750 ( 1)
 284 G   0.89316 0.02413 0.08011 0.00260 ( 1)
 285 E   0.85618 0.06123 0.07655 0.00604 ( 1)
 286 N   0.43651 0.47483 0.03911 0.04955 ( 2)
 287 K   0.84460 0.07286 0.07547 0.00706 ( 1)
 288 D   0.86080 0.05659 0.07699 0.00562 ( 1)
 289 L   0.80435 0.11338 0.07176 0.01050 ( 1)
 290 V   0.02743 0.87841 0.00246 0.09170 ( 2)
 291 D   0.85916 0.05822 0.07684 0.00578 ( 1)
 292 P   0.85576 0.06163 0.07652 0.00609 ( 1)
 293 Y   0.85001 0.06741 0.07598 0.00660 ( 1)
 294 V   0.83906 0.07842 0.07496 0.00756 ( 1)
 295 Q   0.87960 0.03769 0.07879 0.00392 ( 1)
 296 V   0.87750 0.03979 0.07859 0.00411 ( 1)
 297 F   0.85312 0.06440 0.07624 0.00624 ( 1)
 298 F   0.82463 0.09302 0.07361 0.00874 ( 1)
 299 A   0.86204 0.05542 0.07708 0.00546 ( 1)
 300 G   0.86226 0.05521 0.07710 0.00544 ( 1)
 301 Q   0.85532 0.06218 0.07645 0.00606 ( 1)
 302 K   0.83984 0.07772 0.07501 0.00743 ( 1)
 303 G   0.87046 0.04690 0.07790 0.00474 ( 1)
 304 K   0.84947 0.06799 0.07592 0.00662 ( 1)
 305 T   0.87946 0.03789 0.07875 0.00390 ( 1)
 306 S   0.83700 0.08061 0.07474 0.00765 ( 1)
 307 V   0.84561 0.07187 0.07556 0.00695 ( 1)
 308 Q   0.86522 0.05218 0.07739 0.00521 ( 1)
 309 K   0.86720 0.05018 0.07759 0.00503 ( 1)
 310 S   0.89609 0.02122 0.08039 0.00230 ( 1)
 311 S   0.89609 0.02122 0.08039 0.00230 ( 1)
 312 Y   0.85455 0.06289 0.07639 0.00616 ( 1)
 313 E   0.86115 0.05627 0.07701 0.00557 ( 1)
 314 P   0.85654 0.06096 0.07656 0.00594 ( 1)
 315 L   0.80774 0.10998 0.07207 0.01021 ( 1)
 316 W   0.84766 0.06982 0.07575 0.00678 ( 1)
 317 N   0.89494 0.02237 0.08027 0.00241 ( 1)
 318 E   0.86115 0.05627 0.07701 0.00557 ( 1)
 319 Q   0.86533 0.05205 0.07741 0.00521 ( 1)
 320 V   0.85026 0.06726 0.07597 0.00651 ( 1)
 321 V   0.43553 0.47589 0.03902 0.04957 ( 2)
 322 F   0.83342 0.08413 0.07443 0.00802 ( 1)
 323 T   0.86665 0.05074 0.07753 0.00508 ( 1)
 324 D   0.86575 0.05164 0.07745 0.00516 ( 1)
 325 L   0.80774 0.10998 0.07207 0.01021 ( 1)
 326 F   0.86047 0.05694 0.07695 0.00564 ( 1)
 327 P   0.86157 0.05584 0.07705 0.00554 ( 1)
 328 P   0.89084 0.02645 0.07988 0.00283 ( 1)
 329 L   0.87646 0.04091 0.07846 0.00418 ( 1)
 330 C   0.89848 0.01882 0.08064 0.00206 ( 1)
 331 K   0.84947 0.06799 0.07592 0.00662 ( 1)
 332 R   0.87593 0.04143 0.07841 0.00422 ( 1)
 333 M   0.43965 0.47181 0.03939 0.04915 ( 2)
 334 K   0.85397 0.06353 0.07632 0.00618 ( 1)
 335 V   0.85601 0.06143 0.07653 0.00603 ( 1)
 336 Q   0.86522 0.05218 0.07739 0.00521 ( 1)
 337 I   0.86320 0.05420 0.07720 0.00539 ( 1)
 338 R   0.86751 0.04988 0.07761 0.00500 ( 1)
 339 D   0.86575 0.05164 0.07745 0.00516 ( 1)
 340 S   0.82981 0.08776 0.07410 0.00833 ( 1)
 341 D   0.86575 0.05164 0.07745 0.00516 ( 1)
 342 K   0.84947 0.06799 0.07592 0.00662 ( 1)
 343 V   0.88419 0.03315 0.07921 0.00345 ( 1)
 344 N   0.88774 0.02959 0.07956 0.00311 ( 1)
 345 D   0.86572 0.05168 0.07744 0.00516 ( 1)
 346 V   0.26949 0.64412 0.02408 0.06231 ( 2)
 347 A   0.36769 0.54436 0.03291 0.05504 ( 2)
 348 I   0.86306 0.05435 0.07719 0.00540 ( 1)
 349 G   0.87198 0.04539 0.07804 0.00459 ( 1)
 350 T   0.88865 0.02868 0.07965 0.00303 ( 1)
 351 H   0.89893 0.01837 0.08068 0.00202 ( 1)
 352 F   0.86145 0.05596 0.07704 0.00555 ( 1)
 353 I   0.83827 0.07919 0.07490 0.00764 ( 1)
 354 D   0.86568 0.05171 0.07744 0.00516 ( 1)
 355 L   0.18926 0.72644 0.01689 0.06741 ( 2)
 356 R   0.87623 0.04113 0.07844 0.00419 ( 1)
 357 K   0.84941 0.06806 0.07591 0.00662 ( 1)
 358 I   0.26899 0.64067 0.02409 0.06624 ( 2)
 359 S   0.87064 0.04674 0.07791 0.00471 ( 1)
 360 N   0.88770 0.02962 0.07956 0.00312 ( 1)
 361 D   0.33030 0.58202 0.02955 0.05813 ( 2)
 362 G   0.87072 0.04665 0.07792 0.00471 ( 1)
 363 D   0.86500 0.05239 0.07738 0.00523 ( 1)
 364 K   0.86739 0.04999 0.07760 0.00502 ( 1)
 365 G   0.86931 0.04811 0.07777 0.00481 ( 1)
 366 F   0.86050 0.05697 0.07693 0.00560 ( 1)
 367 L   0.80805 0.10971 0.07209 0.01015 ( 1)
 368 P   0.86135 0.05612 0.07701 0.00552 ( 1)
 369 T   0.87173 0.04568 0.07800 0.00459 ( 1)
 370 L   0.80714 0.11061 0.07201 0.01024 ( 1)
 371 G   0.87122 0.04619 0.07795 0.00464 ( 1)
 372 P   0.86151 0.05593 0.07704 0.00552 ( 1)
 373 A   0.02335 0.88557 0.00209 0.08899 ( 2)
 374 W   0.84681 0.07069 0.07566 0.00683 ( 1)
 375 V   0.84458 0.07293 0.07546 0.00703 ( 1)
 376 N   0.88702 0.03035 0.07947 0.00317 ( 1)
 377 M   0.88373 0.03365 0.07915 0.00348 ( 1)
 378 Y   0.85371 0.06376 0.07631 0.00622 ( 1)
 379 G   0.87122 0.04619 0.07795 0.00464 ( 1)
 380 S   0.86989 0.04753 0.07782 0.00476 ( 1)
 381 T   0.86719 0.05019 0.07758 0.00503 ( 1)
 382 R   0.87511 0.04229 0.07832 0.00428 ( 1)
 383 N   0.88702 0.03035 0.07947 0.00317 ( 1)
 384 Y   0.85574 0.06173 0.07649 0.00604 ( 1)
 385 T   0.87180 0.04561 0.07801 0.00459 ( 1)
 386 L   0.80714 0.11061 0.07201 0.01024 ( 1)
 387 L   0.81036 0.10740 0.07230 0.00995 ( 1)
 388 D   0.86448 0.05294 0.07732 0.00526 ( 1)
 389 E   0.86029 0.05716 0.07692 0.00563 ( 1)
 390 H   0.89841 0.01893 0.08061 0.00206 ( 1)
 391 Q   0.86436 0.05307 0.07730 0.00527 ( 1)
 392 D   0.33342 0.57923 0.02982 0.05753 ( 2)
 393 L   0.80714 0.11061 0.07201 0.01024 ( 1)
 394 N   0.88998 0.02730 0.07980 0.00292 ( 1)
 395 E   0.01657 0.89390 0.00148 0.08805 ( 2)
 396 G   0.87145 0.04596 0.07797 0.00462 ( 1)
 397 L   0.80730 0.11044 0.07203 0.01023 ( 1)
 398 G   0.87634 0.04105 0.07844 0.00417 ( 1)
 399 E   0.85973 0.05771 0.07687 0.00569 ( 1)
 400 G   0.87061 0.04681 0.07789 0.00469 ( 1)
 401 V   0.84344 0.07409 0.07535 0.00713 ( 1)
 402 S   0.88460 0.03284 0.07920 0.00336 ( 1)
 403 F   0.85948 0.05797 0.07684 0.00571 ( 1)
 404 R   0.87382 0.04361 0.07818 0.00439 ( 1)
 405 A   0.86999 0.04745 0.07782 0.00473 ( 1)
 406 R   0.87249 0.04493 0.07807 0.00452 ( 1)
 407 L   0.87302 0.04440 0.07812 0.00447 ( 1)
 408 M   0.88126 0.03613 0.07890 0.00370 ( 1)
 409 L   0.80527 0.11250 0.07184 0.01039 ( 1)
 410 G   0.86854 0.04889 0.07769 0.00488 ( 1)
 411 L   0.80527 0.11250 0.07184 0.01039 ( 1)
 412 A   0.89724 0.02006 0.08051 0.00219 ( 1)
 413 V   0.27291 0.72709 0.00000 0.00000 ( 2)
 414 E   0.85475 0.06270 0.07641 0.00614 ( 1)
 415 I   0.85681 0.06063 0.07660 0.00596 ( 1)
 416 L   0.80303 0.11473 0.07164 0.01060 ( 1)
 417 D   0.85878 0.05864 0.07679 0.00579 ( 1)
 418 T   0.36924 0.54271 0.03305 0.05500 ( 2)
 419 S   0.86382 0.05359 0.07726 0.00533 ( 1)
 420 N   0.41875 0.49280 0.03750 0.05094 ( 2)
 421 P   0.82754 0.09005 0.07389 0.00853 ( 1)
 422 E   0.85416 0.06328 0.07636 0.00620 ( 1)
 423 L   0.86960 0.04780 0.07780 0.00480 ( 1)
 424 T   0.88255 0.03481 0.07904 0.00360 ( 1)
 425 S   0.89052 0.02682 0.07982 0.00284 ( 1)
 426 S   0.86358 0.05384 0.07724 0.00535 ( 1)
 427 T   0.86465 0.05276 0.07734 0.00526 ( 1)
 428 E   0.01463 0.89645 0.00131 0.08762 ( 2)
 429 V   0.83585 0.08167 0.07466 0.00782 ( 1)
 430 Q   0.85520 0.06222 0.07646 0.00612 ( 1)
 431 V   0.83577 0.08175 0.07465 0.00783 ( 1)
 432 E   0.85150 0.06593 0.07612 0.00645 ( 1)
 433 Q   0.01913 0.88659 0.00171 0.09256 ( 2)
 434 A   0.86177 0.05566 0.07706 0.00551 ( 1)
 435 T   0.29926 0.61380 0.02675 0.06018 ( 2)
 436 P   0.84987 0.06787 0.07587 0.00639 ( 1)
 437 V   0.87244 0.04524 0.07795 0.00437 ( 1)
 438 S   0.85547 0.06223 0.07639 0.00591 ( 1)
 439 E   0.84541 0.07232 0.07547 0.00681 ( 1)
 440 S   0.88916 0.02836 0.07959 0.00289 ( 1)
 441 C   0.89236 0.02516 0.07990 0.00258 ( 1)
 442 V   0.83751 0.08017 0.07477 0.00755 ( 1)
 443 G   0.86963 0.04794 0.07774 0.00469 ( 1)
 444 K   0.85967 0.05793 0.07681 0.00559 ( 1)
 445 M   0.87683 0.04072 0.07841 0.00403 ( 1)
 446 E   0.85331 0.06431 0.07622 0.00616 ( 1)
 447 E   0.85331 0.06431 0.07622 0.00616 ( 1)
 448 F   0.85316 0.06446 0.07621 0.00617 ( 1)
 449 F   0.82594 0.09179 0.07371 0.00856 ( 1)
 450 L   0.86544 0.05215 0.07735 0.00507 ( 1)
 451 F   0.82594 0.09179 0.07371 0.00856 ( 1)
 452 G   0.86320 0.05438 0.07714 0.00527 ( 1)
 453 A   0.86388 0.05371 0.07720 0.00521 ( 1)
 454 L   0.86103 0.05674 0.07687 0.00536 ( 1)
 455 L   0.80212 0.11575 0.07154 0.01060 ( 1)
 456 E   0.85278 0.06484 0.07617 0.00621 ( 1)
 457 A   0.86388 0.05371 0.07720 0.00521 ( 1)
 458 S   0.82255 0.09520 0.07340 0.00885 ( 1)
 459 M   0.87683 0.04072 0.07841 0.00403 ( 1)
 460 I   0.85436 0.06325 0.07632 0.00607 ( 1)
 461 D   0.85716 0.06044 0.07658 0.00582 ( 1)
 462 R   0.85936 0.05824 0.07678 0.00562 ( 1)
 463 K   0.85981 0.05779 0.07682 0.00558 ( 1)
 464 N   0.88619 0.03131 0.07932 0.00318 ( 1)
 465 G   0.86320 0.05438 0.07714 0.00527 ( 1)
 466 D   0.85740 0.06020 0.07660 0.00580 ( 1)
 467 K   0.84131 0.07635 0.07512 0.00722 ( 1)
 468 P   0.85401 0.06361 0.07629 0.00610 ( 1)
 469 I   0.85484 0.06277 0.07636 0.00602 ( 1)
 470 T   0.40051 0.51246 0.03583 0.05121 ( 2)
 471 F   0.82594 0.09179 0.07371 0.00856 ( 1)
 472 E   0.85278 0.06484 0.07617 0.00621 ( 1)
 473 V   0.87678 0.04077 0.07841 0.00404 ( 1)
 474 T   0.87345 0.04407 0.07811 0.00437 ( 1)
 475 I   0.90843 0.00903 0.08154 0.00100 ( 1)
 476 G   0.86313 0.05445 0.07713 0.00529 ( 1)
 477 N   0.88797 0.02937 0.07958 0.00309 ( 1)
 478 Y   0.85482 0.06262 0.07642 0.00614 ( 1)
 479 G   0.87792 0.03944 0.07860 0.00404 ( 1)
 480 N   0.88839 0.02895 0.07961 0.00305 ( 1)
 481 E   0.86194 0.05548 0.07708 0.00550 ( 1)
 482 V   0.88638 0.03094 0.07943 0.00325 ( 1)
 483 D   0.85510 0.06234 0.07644 0.00611 ( 1)
 484 G   0.87343 0.04396 0.07817 0.00444 ( 1)
 485 L   0.80793 0.10980 0.07209 0.01019 ( 1)
 486 S   0.88926 0.02808 0.07970 0.00297 ( 1)
 487 R   0.85594 0.06134 0.07658 0.00615 ( 1)
 488 P   0.86263 0.05478 0.07715 0.00544 ( 1)
 489 Q   0.33878 0.57368 0.03030 0.05724 ( 2)
 490 R   0.86853 0.04887 0.07770 0.00490 ( 1)
 491 P   0.24193 0.67236 0.02161 0.06411 ( 2)
 492 R   0.36818 0.63166 0.00000 0.00015 ( 2)
 493 P   0.83460 0.08295 0.07454 0.00791 ( 1)
 494 R   0.34945 0.56287 0.03126 0.05642 ( 2)
 495 P   0.83460 0.08295 0.07454 0.00791 ( 1)
