100
Bacu_CNTNAP2         0.0000000 0.0952749 0.0870373 0.0108190 0.0252008 0.0235220 0.0226611 0.0259963 0.0000010 0.0061605 0.0264120 0.2629784 0.0616692 0.2494473 0.0701730 0.2685501 0.3773888 0.0305422 0.0624235 0.0658625 0.0650199 0.0646903 0.0666412 0.2943586 0.0344781 0.0345286 0.0362168 0.0284690 0.0659476 0.0696996 0.0686957 0.0659890 0.0986675 0.1337493 0.0993750 0.3978973 0.0791526 0.0897252 0.0817284 0.0668562 0.0684494 0.0657790 0.0680590 0.0636534 0.0633937 0.0648116 0.0650612 0.0618661 3.8977379 0.0853480 0.0919312 0.0892129 0.0793346 0.0818619 0.0835944 0.0790758 0.0842169 0.0876429 0.0821370 0.0665254 0.6150984 0.0235511 0.0865071 0.0892169 0.0846017 0.0710895 0.0683291 0.2665722 0.0686700 0.0637569 0.0702336 0.0712734 0.0642961 0.0705841 0.0736110 0.0718818 0.0659839 0.0706361 0.0712554 0.0718707 0.0741577 0.4214405 0.0623849 0.0605377 0.0660233 0.0660233 0.0643318 0.0683579 0.0651919 0.0658554 0.0632975 0.0654834 0.0641833 0.0661588 0.0624459 0.2629168 0.0601116 0.0842362 0.0641525 0.0936957 
Barn_CNTNAP2         0.0952749 0.0000000 0.0029976 0.0934897 0.0879485 0.0861358 0.0878425 0.0877659 0.0551342 0.0917015 0.0820701 0.2686258 0.0678003 0.2433918 0.0722457 0.2785044 0.4137336 0.0844612 0.0620879 0.0620879 0.0637313 0.0653777 0.0585292 0.3004201 0.0845681 0.0846952 0.0846952 0.0969683 0.0708624 0.0692660 0.0761387 0.0709466 0.0469305 0.1689304 0.0415052 0.4315920 0.0835485 0.0960114 0.0915654 0.0637714 0.0704565 0.0671639 0.0738998 0.0638482 0.0656261 0.0688234 0.0691098 0.0671639 1.8755976 0.0357346 0.0422854 0.0420555 0.0419316 0.0404163 0.0386482 0.0394390 0.0457935 0.0388058 0.0394705 0.0551918 0.7120042 0.0917015 0.0419086 0.0418572 0.0386966 0.0670045 0.0644763 0.2834857 0.0723935 0.0723791 0.0704750 0.0787675 0.0725662 0.0743722 0.0664894 0.0666298 0.0709367 0.0822312 0.0569250 0.0683809 0.0661076 0.4814736 0.0620879 0.0622717 0.0725601 0.0708209 0.0623073 0.0355332 0.0638948 0.0655116 0.0622072 0.0643543 0.0637577 0.0620879 0.0620879 0.2569373 0.0620879 0.0259976 0.0620879 0.0387463 
Bbai76728_CNTNAP2    0.0870373 0.0029976 0.0000000 0.0880268 0.0840941 0.0840965 0.0834296 0.0819793 0.0362834 0.0736617 0.0792931 0.2679065 0.0671299 0.2445475 0.0691713 0.2800302 0.3894036 0.0827111 0.0636078 0.0633484 0.0635082 0.0641228 0.0604499 0.3018562 0.0810731 0.0802175 0.0821681 0.0839921 0.0675645 0.0676389 0.0705364 0.0676102 0.0434365 0.1489390 0.0439349 0.4116463 0.0668312 0.1014780 0.0866379 0.0656191 0.0692234 0.0663841 0.0691677 0.0624508 0.0638156 0.0653405 0.0665728 0.0631204 3.0253559 0.0389037 0.0391042 0.0361170 0.0367736 0.0385481 0.0351687 0.0344700 0.0416412 0.0370684 0.0377446 0.0613516 0.6323746 0.0730782 0.0389285 0.0407191 0.0361858 0.0681748 0.0649629 0.2796446 0.0704641 0.0672037 0.0711876 0.0701707 0.0725753 0.0725804 0.0738939 0.0679628 0.0676047 0.0832176 0.0634197 0.0680096 0.0718085 0.4451151 0.0625939 0.0596008 0.0686322 0.0676487 0.0638307 0.0601116 0.0627241 0.0664776 0.0627362 0.0620175 0.0616396 0.0656851 0.0626597 0.2836515 0.0601666 0.0352196 0.0626841 0.0405323 
BbonAUS_CNTNAP2      0.0108190 0.0934897 0.0880268 0.0000000 0.0265457 0.0248295 0.0205081 0.0256574 0.0000010 0.0061605 0.0259024 0.2724075 0.0611455 0.2501364 0.0698245 0.2748920 0.3815146 0.0308130 0.0610401 0.0646134 0.0636863 0.0651991 0.0652861 0.2993273 0.0334360 0.0326225 0.0343381 0.0264790 0.0665157 0.0693678 0.0693260 0.0665574 0.1007588 0.1416382 0.0995266 0.3917183 0.0768447 0.0926490 0.0824200 0.0672912 0.0680582 0.0653447 0.0676505 0.0623861 0.0619709 0.0643590 0.0664475 0.0604171 3.8921474 0.0814535 0.0929485 0.0910856 0.0772728 0.0816546 0.0834558 0.0772569 0.0872720 0.0885613 0.0803790 0.0652235 0.6293940 0.0284228 0.0864254 0.0891887 0.0844827 0.0698134 0.0668977 0.2718946 0.0683183 0.0595307 0.0699142 0.0690219 0.0656276 0.0712576 0.0673472 0.0706215 0.0665522 0.0720468 0.0699791 0.0706102 0.0704355 0.4371175 0.0610026 0.0571589 0.0665938 0.0656644 0.0647437 0.0664175 0.0638000 0.0645381 0.0636876 0.0641312 0.0628332 0.0647822 0.0610079 0.2693386 0.0566963 0.0841088 0.0627455 0.0968512 
Bbor_CNTNAP2         0.0252008 0.0879485 0.0840941 0.0265457 0.0000000 0.0076457 0.0089371 0.0193341 0.0117039 0.0061483 0.0169433 0.2743564 0.0587365 0.2529101 0.0688114 0.2771769 0.3733055 0.0283250 0.0622544 0.0673434 0.0647420 0.0634757 0.0628342 0.2966838 0.0297621 0.0306084 0.0322153 0.0272516 0.0665451 0.0683913 0.0674586 0.0665851 0.0931176 0.1405825 0.1029672 0.4044958 0.0778956 0.0838939 0.0742145 0.0641300 0.0688848 0.0646219 0.0648999 0.0644406 0.0631837 0.0628403 0.0620990 0.0608527 3.8337835 0.0855769 0.0881175 0.0882881 0.0755772 0.0820713 0.0796835 0.0767013 0.0838691 0.0843473 0.0823843 0.0636084 0.6429755 0.0140193 0.0838227 0.0850170 0.0797680 0.0696644 0.0668935 0.2741495 0.0691060 0.0634524 0.0680174 0.0671180 0.0764395 0.0709964 0.0691003 0.0677349 0.0656877 0.0669320 0.0671246 0.0695039 0.0701763 0.4174744 0.0622175 0.0602914 0.0657262 0.0648342 0.0640821 0.0627310 0.0649061 0.0655425 0.0630917 0.0651802 0.0639404 0.0658319 0.0612836 0.2644225 0.0598749 0.0779904 0.0639109 0.0917482 
Bede66737_CNTNAP2    0.0235220 0.0861358 0.0840965 0.0248295 0.0076457 0.0000000 0.0024211 0.0161828 0.0235890 0.0123480 0.0169433 0.2730945 0.0569272 0.2550836 0.0670440 0.2759098 0.3761455 0.0266469 0.0605032 0.0655090 0.0629841 0.0616644 0.0610885 0.2977001 0.0281342 0.0289753 0.0305768 0.0256239 0.0647781 0.0665713 0.0656870 0.0648172 0.0931363 0.1394422 0.1026661 0.4043501 0.0768108 0.0838049 0.0732304 0.0623868 0.0671151 0.0628674 0.0630201 0.0625237 0.0614274 0.0610943 0.0603062 0.0590986 3.8678862 0.0841313 0.0881363 0.0883064 0.0743537 0.0820891 0.0779636 0.0754394 0.0828429 0.0843648 0.0833898 0.0618621 0.6467229 0.0187521 0.0838402 0.0850342 0.0806540 0.0678944 0.0650020 0.2752171 0.0673303 0.0615929 0.0662513 0.0652190 0.0763579 0.0692100 0.0638175 0.0677489 0.0638794 0.0655365 0.0671385 0.0677383 0.0680468 0.4231548 0.0604676 0.0584309 0.0639167 0.0630282 0.0623214 0.0615163 0.0631434 0.0637831 0.0613381 0.0633871 0.0621838 0.0640640 0.0594923 0.2661627 0.0580282 0.0780068 0.0621552 0.0917678 
BedeAUS_CNTNAP2      0.0226611 0.0878425 0.0834296 0.0205081 0.0089371 0.0024211 0.0000000 0.0155283 0.0235890 0.0123480 0.0180569 0.2594987 0.0572834 0.2418131 0.0650585 0.2593075 0.3544582 0.0266235 0.0570861 0.0613742 0.0588747 0.0606585 0.0614325 0.2803259 0.0282035 0.0290965 0.0307969 0.0255392 0.0626099 0.0654257 0.0635690 0.0626499 0.0963623 0.1405286 0.1102473 0.3830701 0.0768724 0.0836700 0.0733162 0.0606262 0.0650943 0.0615152 0.0636179 0.0598560 0.0589963 0.0605434 0.0616695 0.0587723 2.3871420 0.0870198 0.0866987 0.0878394 0.0768016 0.0830393 0.0775052 0.0754394 0.0847323 0.0852642 0.0844223 0.0622533 0.6157059 0.0202575 0.0832224 0.0850011 0.0813005 0.0677330 0.0646393 0.2611081 0.0634212 0.0625074 0.0641752 0.0661518 0.0581030 0.0672927 0.0656827 0.0685043 0.0626450 0.0664035 0.0678588 0.0684931 0.0691740 0.4084633 0.0579875 0.0593468 0.0626827 0.0617649 0.0590448 0.0615540 0.0608076 0.0605987 0.0580151 0.0610238 0.0597983 0.0617772 0.0580448 0.2486741 0.0589374 0.0772092 0.0597692 0.0914048 
Bmus_CNTNAP2         0.0259963 0.0877659 0.0819793 0.0256574 0.0193341 0.0161828 0.0155283 0.0000000 0.0117213 0.0123644 0.0210486 0.2693833 0.0595496 0.2537377 0.0695914 0.2721800 0.3706046 0.0291482 0.0613323 0.0663741 0.0638148 0.0634239 0.0619404 0.2928746 0.0289187 0.0281552 0.0281485 0.0232254 0.0656394 0.0674579 0.0665503 0.0656789 0.0921558 0.1384174 0.0846819 0.4048849 0.0746007 0.0855486 0.0759151 0.0632007 0.0679487 0.0654020 0.0657354 0.0615246 0.0622583 0.0636192 0.0646597 0.0616378 3.8436783 0.0798244 0.0871120 0.0854946 0.0731353 0.0801596 0.0752606 0.0754115 0.0808250 0.0815845 0.0812927 0.0627141 0.6483553 0.0187711 0.0810504 0.0823106 0.0779528 0.0687564 0.0650204 0.2691462 0.0681952 0.0634114 0.0671118 0.0697990 0.0781145 0.0700796 0.0705782 0.0669011 0.0647611 0.0679011 0.0680006 0.0685982 0.0691046 0.4312459 0.0612961 0.0602252 0.0647989 0.0639090 0.0622954 0.0652024 0.0639762 0.0646140 0.0621678 0.0642341 0.0630143 0.0648987 0.0603410 0.2626304 0.0598095 0.0788673 0.0629854 0.0907713 
Bmys_CNTNAP2         0.0000010 0.0551342 0.0362834 0.0000010 0.0117039 0.0235890 0.0235890 0.0117213 0.0000000 0.0000010 0.0000010 0.2419642 0.0489481 0.2222306 0.0738481 0.2028946 0.3495124 0.0117332 0.0609109 0.0483751 0.0483751 0.0483751 0.0608227 0.2296494 0.0000010 0.0118657 0.0118657 0.0000010 0.0483751 0.0619657 0.0483751 0.0483751 0.0759031 0.0758704 0.0000010 0.3259447 0.0357267 0.0479697 0.0479697 0.0611012 0.0612206 0.0747460 0.0609914 0.0483751 0.0483751 0.0610155 0.0610155 0.0483751 0.0608277 0.0883925 0.0883925 0.1169018 0.0951655 0.0883925 0.0746931 0.0748926 0.0883925 0.0883925 0.0720864 0.0608227 0.2849587 0.0000010 0.0883925 0.0883925 0.1015667 0.0483751 0.0483751 0.2191239 0.0483751 0.0483751 0.0737243 0.0358539 0.0485331 0.0483751 0.0000010 0.0483751 0.0483751 0.0485331 0.0483751 0.0483751 0.0483751 0.2966055 0.0483751 0.0483751 0.0483751 0.0483751 0.0496235 0.0820822 0.0483751 0.0483751 0.0483751 0.0483751 0.0483751 0.0483751 0.0483751 0.2342955 0.0483751 0.0358617 0.0483751 0.0617115 
Bphy_CNTNAP2         0.0061605 0.0917015 0.0736617 0.0061605 0.0061483 0.0123480 0.0123480 0.0123644 0.0000010 0.0000000 0.0000010 0.2545823 0.0799643 0.2213110 0.1007492 0.2059282 0.3085658 0.0061563 0.0795133 0.0725852 0.0794453 0.0725852 0.0720376 0.2248391 0.0061534 0.0124385 0.0124385 0.0187176 0.0725852 0.0802585 0.0725852 0.0725852 0.0954415 0.1401099 0.0000010 0.3215546 0.0650322 0.0788234 0.0859274 0.0796558 0.0791175 0.0942118 0.0864754 0.0725852 0.0725852 0.0864943 0.0864943 0.0794453 0.0720392 0.0948097 0.0948097 0.1100764 0.1000250 0.0948097 0.0873402 0.0874672 0.1020731 0.0948097 0.0951356 0.0720376 0.4517909 0.0000010 0.1019112 0.0948097 0.1019074 0.0722625 0.0722625 0.1958644 0.0725852 0.0725852 0.0865479 0.0651596 0.0793397 0.0794453 0.1504951 0.0651255 0.0725852 0.0793397 0.0652741 0.0722625 0.0722625 0.2960007 0.0725852 0.0725852 0.0725852 0.0725852 0.0735971 0.1090480 0.0725852 0.0725852 0.0725852 0.0725852 0.0725852 0.0725852 0.0725852 0.2042936 0.0725852 0.0656855 0.0725852 0.0873423 
Bphy_baits_CNTNAP2   0.0264120 0.0820701 0.0792931 0.0259024 0.0169433 0.0169433 0.0180569 0.0210486 0.0000010 0.0000010 0.0000000 0.2672914 0.0584453 0.2530223 0.0685495 0.2735142 0.3867790 0.0294212 0.0607818 0.0642885 0.0633787 0.0639015 0.0622802 0.2996380 0.0311444 0.0303452 0.0320243 0.0285167 0.0661789 0.0681012 0.0689372 0.0662206 0.0883066 0.1439566 0.0848194 0.4062767 0.0730103 0.0870381 0.0768902 0.0609182 0.0686259 0.0641701 0.0625382 0.0621684 0.0615223 0.0623091 0.0631530 0.0602268 3.8447758 0.0772320 0.0881268 0.0869435 0.0746774 0.0814097 0.0761795 0.0770818 0.0834220 0.0828348 0.0800597 0.0622218 0.6421098 0.0046416 0.0804156 0.0817502 0.0790009 0.0694163 0.0658631 0.2695565 0.0688315 0.0638644 0.0694912 0.0639731 0.0774495 0.0708326 0.0685641 0.0665183 0.0652720 0.0703816 0.0667621 0.0683631 0.0713564 0.4276075 0.0607665 0.0596210 0.0652877 0.0643546 0.0626300 0.0638346 0.0634898 0.0642150 0.0616232 0.0641511 0.0625639 0.0644768 0.0596974 0.2670313 0.0591102 0.0781040 0.0624781 0.0885572 
Btau_CNTNAP2         0.2629784 0.2686258 0.2679065 0.2724075 0.2743564 0.2730945 0.2594987 0.2693833 0.2419642 0.2545823 0.2672914 0.0000000 0.2679860 0.1043512 0.2732372 0.0847076 0.4623655 0.2678128 0.2698078 0.2705055 0.2693663 0.2572021 0.2649242 0.3884837 0.2637479 0.2665417 0.2664599 0.2778348 0.2672778 0.2605285 0.2712159 0.2674096 0.2835100 0.2426020 0.1795681 0.4900028 0.2751668 0.2875358 0.2785798 0.2636592 0.2711064 0.2689766 0.2665638 0.2689845 0.2640639 0.2685925 0.2646096 0.2641450 4.5954268 0.2512862 0.2622485 0.2622759 0.2518298 0.2560313 0.2597785 0.2361713 0.2588433 0.2679277 0.2615856 0.2611416 0.7021814 0.2802748 0.2644493 0.2654123 0.2650331 0.2670571 0.2599826 0.0794780 0.2729786 0.2551168 0.2759652 0.2641761 0.2811649 0.2714771 0.2753823 0.2643832 0.2612825 0.2706949 0.2612710 0.2651900 0.2557440 0.5047709 0.2671808 0.2513462 0.2639088 0.2626635 0.2680776 0.2580530 0.2700703 0.2702652 0.2661513 0.2619533 0.2673295 0.2660981 0.2577409 0.3422094 0.2480470 0.2686673 0.2670673 0.2732122 
Ccom40_CNTNAP2       0.0616692 0.0678003 0.0671299 0.0611455 0.0587365 0.0569272 0.0572834 0.0595496 0.0489481 0.0799643 0.0584453 0.2679860 0.0000000 0.2468643 0.0128040 0.2786790 0.3771955 0.0565055 0.0169561 0.0167640 0.0161196 0.0179120 0.0360747 0.2884145 0.0552330 0.0544352 0.0561779 0.0612441 0.0194205 0.0227521 0.0219137 0.0194330 0.0814252 0.1488774 0.0710255 0.4047705 0.0442560 0.0867134 0.0785984 0.0227154 0.0226724 0.0087817 0.0082580 0.0158513 0.0161085 0.0079685 0.0087767 0.0064252 3.7871445 0.0640227 0.0721522 0.0722845 0.0568214 0.0592191 0.0650658 0.0502444 0.0641320 0.0666417 0.0651167 0.0368769 0.6374043 0.0855922 0.0669520 0.0695759 0.0651248 0.0420082 0.0405141 0.2737369 0.0227156 0.0201096 0.0210086 0.0507395 0.0570581 0.0235997 0.0322012 0.0445072 0.0194310 0.0618479 0.0420802 0.0427720 0.0433508 0.4312376 0.0153105 0.0117295 0.0210926 0.0219169 0.0186333 0.0230409 0.0178016 0.0185623 0.0161329 0.0163222 0.0153133 0.0186428 0.0153248 0.2779301 0.0133259 0.0640053 0.0169424 0.0700697 
Cela_CNTNAP2         0.2494473 0.2433918 0.2445475 0.2501364 0.2529101 0.2550836 0.2418131 0.2537377 0.2222306 0.2213110 0.2530223 0.1043512 0.2468643 0.0000000 0.2549940 0.1100930 0.4589540 0.2513171 0.2538326 0.2595583 0.2557262 0.2433762 0.2480487 0.3932170 0.2449819 0.2454242 0.2453497 0.2550206 0.2513675 0.2430842 0.2552164 0.2514950 0.2737544 0.2337097 0.1914464 0.4930613 0.2607820 0.2762515 0.2588019 0.2522330 0.2551424 0.2530610 0.2458163 0.2572548 0.2493535 0.2527057 0.2471134 0.2470061 4.4939217 0.2358931 0.2535520 0.2547404 0.2537132 0.2459315 0.2515067 0.2334938 0.2635365 0.2584642 0.2474932 0.2487381 0.7383227 0.2766498 0.2546490 0.2570083 0.2566962 0.2536085 0.2489683 0.1139599 0.2547591 0.2349665 0.2576337 0.2479833 0.2611880 0.2554618 0.2542586 0.2509256 0.2438540 0.2579373 0.2490566 0.2506852 0.2424674 0.5015809 0.2512689 0.2358058 0.2464108 0.2451913 0.2555771 0.2365659 0.2575707 0.2543247 0.2537058 0.2531790 0.2513305 0.2513746 0.2415497 0.3415637 0.2338819 0.2525941 0.2523341 0.2570108 
Chea7320_CNTNAP2     0.0701730 0.0722457 0.0691713 0.0698245 0.0688114 0.0670440 0.0650585 0.0695914 0.0738481 0.1007492 0.0685495 0.2732372 0.0128040 0.2549940 0.0000000 0.2831973 0.3880629 0.0652423 0.0169974 0.0168164 0.0161978 0.0175703 0.0360880 0.2962190 0.0654032 0.0637955 0.0654859 0.0712325 0.0193566 0.0223157 0.0217407 0.0193685 0.0830962 0.1425160 0.0743732 0.4119750 0.0431708 0.0853670 0.0766968 0.0225748 0.0232593 0.0076338 0.0098340 0.0176889 0.0162341 0.0068572 0.0078474 0.0069186 3.7441237 0.0621790 0.0739039 0.0709475 0.0613553 0.0572107 0.0665021 0.0547624 0.0690125 0.0707159 0.0671639 0.0368556 0.6479882 0.1123725 0.0657185 0.0691118 0.0648479 0.0409478 0.0397375 0.2778226 0.0233017 0.0188801 0.0193024 0.0488040 0.0734757 0.0233529 0.0383197 0.0441545 0.0190605 0.0678531 0.0418326 0.0424951 0.0446803 0.4407011 0.0154234 0.0106708 0.0206897 0.0214969 0.0186033 0.0216161 0.0178075 0.0185355 0.0162106 0.0165105 0.0154262 0.0186123 0.0150337 0.2809230 0.0122498 0.0627353 0.0169853 0.0709082 
Chir_CNTNAP2         0.2685501 0.2785044 0.2800302 0.2748920 0.2771769 0.2759098 0.2593075 0.2721800 0.2028946 0.2059282 0.2735142 0.0847076 0.2786790 0.1100930 0.2831973 0.0000000 0.4741937 0.2751394 0.2809383 0.2792861 0.2782009 0.2667668 0.2722820 0.4086483 0.2698857 0.2703802 0.2702969 0.2808802 0.2795534 0.2729853 0.2811841 0.2796882 0.2961914 0.2398023 0.2171172 0.5061507 0.2848041 0.3029635 0.2909102 0.2759544 0.2833869 0.2789018 0.2743302 0.2872457 0.2763206 0.2758069 0.2747033 0.2716418 4.5300460 0.2673989 0.2799496 0.2796355 0.2716966 0.2669983 0.2756454 0.2636164 0.2871517 0.2839841 0.2690131 0.2730361 0.7280458 0.2562551 0.2807268 0.2836969 0.2833291 0.2780722 0.2689913 0.0357769 0.2841278 0.2623107 0.2835980 0.2700103 0.2928094 0.2838359 0.3113178 0.2726063 0.2737274 0.2949589 0.2734119 0.2727059 0.2538259 0.5058655 0.2782649 0.2585772 0.2764045 0.2751406 0.2804119 0.2542132 0.2800609 0.2790265 0.2784305 0.2732620 0.2784249 0.2760276 0.2677825 0.3466881 0.2564378 0.2833115 0.2793466 0.2862193 
Clfam_CNTNAP2        0.3773888 0.4137336 0.3894036 0.3815146 0.3733055 0.3761455 0.3544582 0.3706046 0.3495124 0.3085658 0.3867790 0.4623655 0.3771955 0.4589540 0.3880629 0.4741937 0.0000000 0.3722235 0.3790980 0.3905232 0.3826833 0.3697896 0.3743106 0.3286091 0.3633454 0.3642941 0.3667113 0.3873653 0.3810924 0.3708247 0.3799806 0.3812369 0.4040170 0.3504597 0.3530093 0.4225117 0.4034832 0.4006495 0.3915571 0.3844040 0.3838567 0.3844183 0.3707677 0.3896941 0.3787074 0.3796839 0.3753109 0.3767384 4.5079199 0.4186132 0.3943818 0.3827117 0.3952012 0.3760855 0.3888893 0.3883941 0.4114917 0.3972323 0.3830865 0.3739007 0.6674730 0.3378918 0.3923024 0.3990832 0.3899990 0.3781235 0.3791554 0.4803048 0.3855395 0.3560600 0.3764592 0.3602178 0.3871032 0.3870529 0.3894555 0.3827626 0.3695774 0.3867007 0.3787517 0.3759073 0.3850353 0.2714480 0.3816761 0.3539461 0.3684345 0.3670590 0.3863675 0.3354649 0.3837385 0.3822504 0.3830991 0.3832700 0.3820008 0.3856204 0.3675117 0.4196678 0.3499951 0.3891913 0.3817916 0.3968384 
Cmar59905_CNTNAP2    0.0305422 0.0844612 0.0827111 0.0308130 0.0283250 0.0266469 0.0266235 0.0291482 0.0117332 0.0061563 0.0294212 0.2678128 0.0565055 0.2513171 0.0652423 0.2751394 0.3722235 0.0000000 0.0593468 0.0628150 0.0619159 0.0623581 0.0626051 0.2959865 0.0258795 0.0242632 0.0259118 0.0332650 0.0646496 0.0665068 0.0673734 0.0646900 0.0967868 0.1370491 0.1063695 0.3962295 0.0723398 0.0815929 0.0723726 0.0647809 0.0670724 0.0618065 0.0628251 0.0615680 0.0585031 0.0608426 0.0618357 0.0587715 3.8686080 0.0855660 0.0889171 0.0880994 0.0810097 0.0806828 0.0801221 0.0799516 0.0824452 0.0840134 0.0843940 0.0625469 0.6343763 0.0140333 0.0834678 0.0829017 0.0801775 0.0696752 0.0677534 0.2671693 0.0672953 0.0622779 0.0644217 0.0671098 0.0794722 0.0692442 0.0708109 0.0695199 0.0637137 0.0680610 0.0688920 0.0695089 0.0745485 0.4299085 0.0593108 0.0580616 0.0637523 0.0628306 0.0611726 0.0625111 0.0620233 0.0627439 0.0601581 0.0623122 0.0610866 0.0629743 0.0582169 0.2691113 0.0575918 0.0793089 0.0610037 0.0877433 
Dcap108471_CNTNAP2   0.0624235 0.0620879 0.0636078 0.0610401 0.0622544 0.0605032 0.0570861 0.0613323 0.0609109 0.0795133 0.0607818 0.2698078 0.0169561 0.2538326 0.0169974 0.2809383 0.3790980 0.0593468 0.0000000 0.0063508 0.0053492 0.0071245 0.0297722 0.2962037 0.0571743 0.0564080 0.0580870 0.0629639 0.0115806 0.0151072 0.0139360 0.0115878 0.0782043 0.1385072 0.0640984 0.4042982 0.0361095 0.0804420 0.0706921 0.0178733 0.0170317 0.0131063 0.0132195 0.0033281 0.0053713 0.0115352 0.0134768 0.0084986 3.8263872 0.0582173 0.0696866 0.0668471 0.0556794 0.0555413 0.0599584 0.0523639 0.0625401 0.0657562 0.0614301 0.0305419 0.6525742 0.0914974 0.0616250 0.0642628 0.0600109 0.0346031 0.0338033 0.2755402 0.0123367 0.0097900 0.0131005 0.0435470 0.0666904 0.0155239 0.0268822 0.0377975 0.0118849 0.0569673 0.0354713 0.0361522 0.0369179 0.4315726 0.0045843 0.0048997 0.0118911 0.0126906 0.0076946 0.0135651 0.0069052 0.0061246 0.0069063 0.0070207 0.0061231 0.0076850 0.0070754 0.2775099 0.0048771 0.0569368 0.0061307 0.0666343 
Dcap79929_CNTNAP2    0.0658625 0.0620879 0.0633484 0.0646134 0.0673434 0.0655090 0.0613742 0.0663741 0.0483751 0.0725852 0.0642885 0.2705055 0.0167640 0.2595583 0.0168164 0.2792861 0.3905232 0.0628150 0.0063508 0.0000000 0.0023708 0.0082266 0.0308908 0.2998468 0.0611351 0.0603413 0.0620920 0.0671888 0.0112019 0.0148491 0.0136421 0.0112090 0.0812424 0.1439796 0.0640984 0.4087503 0.0381421 0.0845473 0.0744447 0.0152608 0.0168511 0.0127840 0.0120071 0.0049959 0.0071671 0.0111567 0.0131589 0.0080148 3.7627271 0.0582271 0.0725214 0.0694857 0.0574365 0.0569217 0.0622516 0.0540871 0.0642138 0.0683413 0.0614277 0.0308631 0.6449718 0.0855914 0.0640495 0.0667302 0.0623080 0.0367534 0.0360875 0.2760527 0.0119870 0.0101856 0.0127778 0.0448054 0.0721332 0.0152875 0.0301284 0.0400738 0.0115072 0.0641015 0.0376605 0.0383608 0.0386608 0.4386890 0.0079470 0.0042452 0.0115134 0.0123427 0.0079739 0.0131356 0.0023747 0.0063519 0.0055568 0.0072851 0.0063493 0.0063620 0.0073365 0.2799652 0.0025279 0.0573740 0.0063528 0.0693614 
DdelSJR_CNTNAP2      0.0650199 0.0637313 0.0635082 0.0636863 0.0647420 0.0629841 0.0588747 0.0638148 0.0483751 0.0794453 0.0633787 0.2693663 0.0161196 0.2557262 0.0161978 0.2782009 0.3826833 0.0619159 0.0053492 0.0023708 0.0000000 0.0095109 0.0305438 0.2984302 0.0596476 0.0588825 0.0605657 0.0654492 0.0107901 0.0142870 0.0131393 0.0107968 0.0789865 0.1416720 0.0640984 0.4067099 0.0370935 0.0830055 0.0733180 0.0154946 0.0162299 0.0123147 0.0115353 0.0041590 0.0076835 0.0107482 0.0126623 0.0077198 3.7754755 0.0582106 0.0705099 0.0676487 0.0556423 0.0555371 0.0607401 0.0523585 0.0624426 0.0665554 0.0604301 0.0313128 0.6535852 0.0908502 0.0606885 0.0650449 0.0607932 0.0353752 0.0346335 0.2750844 0.0115469 0.0097893 0.0123090 0.0435440 0.0692594 0.0147225 0.0284878 0.0385691 0.0110732 0.0605398 0.0362449 0.0369232 0.0369153 0.4326173 0.0068858 0.0032605 0.0110789 0.0118766 0.0084626 0.0158575 0.0061268 0.0068890 0.0061281 0.0062301 0.0053479 0.0100022 0.0094433 0.2774636 0.0032454 0.0560016 0.0068964 0.0674645 
Ddeltrop4525_CNTNAP2 0.0646903 0.0653777 0.0641228 0.0651991 0.0634757 0.0616644 0.0606585 0.0634239 0.0483751 0.0725852 0.0639015 0.2572021 0.0179120 0.2433762 0.0175703 0.2667668 0.3697896 0.0623581 0.0071245 0.0082266 0.0095109 0.0000000 0.0316128 0.2881401 0.0591201 0.0583294 0.0600676 0.0651122 0.0127751 0.0160342 0.0152148 0.0127833 0.0789873 0.1394952 0.0709460 0.3953865 0.0396072 0.0804598 0.0713294 0.0192037 0.0176022 0.0135435 0.0141668 0.0069126 0.0063489 0.0127233 0.0135743 0.0104015 3.2693077 0.0595391 0.0702391 0.0682401 0.0590746 0.0573269 0.0602290 0.0523561 0.0628588 0.0671411 0.0653398 0.0324081 0.6330341 0.0858605 0.0629721 0.0655662 0.0611702 0.0383028 0.0368677 0.2605762 0.0143639 0.0130889 0.0159617 0.0470909 0.0513488 0.0168607 0.0333744 0.0407726 0.0127820 0.0587592 0.0383674 0.0390634 0.0401180 0.4216397 0.0071218 0.0081888 0.0144083 0.0152170 0.0103601 0.0124317 0.0079358 0.0087210 0.0079353 0.0097002 0.0087186 0.0055483 0.0063311 0.2722257 0.0065110 0.0565239 0.0071330 0.0671652 
Dleu_CNTNAP2         0.0666412 0.0585292 0.0604499 0.0652861 0.0628342 0.0610885 0.0614325 0.0619404 0.0608227 0.0720376 0.0622802 0.2649242 0.0360747 0.2480487 0.0360880 0.2722820 0.3743106 0.0626051 0.0297722 0.0308908 0.0305438 0.0316128 0.0000000 0.2863434 0.0569361 0.0561730 0.0578445 0.0652631 0.0337643 0.0363608 0.0362231 0.0337849 0.0725909 0.1391201 0.0603104 0.3925546 0.0412629 0.0783178 0.0685821 0.0322787 0.0361189 0.0320966 0.0327240 0.0299010 0.0306149 0.0304529 0.0321908 0.0291149 3.7502883 0.0526771 0.0684732 0.0639120 0.0555091 0.0589772 0.0579883 0.0486254 0.0631688 0.0602134 0.0602775 0.0083829 0.6288397 0.0741719 0.0604769 0.0622581 0.0563604 0.0216600 0.0182249 0.2669391 0.0361890 0.0315801 0.0336528 0.0425293 0.0690583 0.0378948 0.0236681 0.0232000 0.0338365 0.0592420 0.0209003 0.0216118 0.0194751 0.4275616 0.0297567 0.0284152 0.0338549 0.0330188 0.0314411 0.0357687 0.0298108 0.0329355 0.0305705 0.0303279 0.0297737 0.0322636 0.0297369 0.2691210 0.0282249 0.0558244 0.0297496 0.0653797 
Easi_CNTNAP2         0.2943586 0.3004201 0.3018562 0.2993273 0.2966838 0.2977001 0.2803259 0.2928746 0.2296494 0.2248391 0.2996380 0.3884837 0.2884145 0.3932170 0.2962190 0.4086483 0.3286091 0.2959865 0.2962037 0.2998468 0.2984302 0.2881401 0.2863434 0.0000000 0.2885389 0.2903968 0.2879552 0.3049467 0.3006166 0.2900293 0.2995257 0.3007530 0.3083203 0.2638935 0.2240108 0.3546235 0.2764421 0.3271450 0.3163503 0.2966054 0.2958654 0.2920034 0.2764740 0.3054594 0.2950708 0.2901933 0.2820592 0.2856163 4.4519188 0.2822747 0.2895122 0.2911478 0.2858549 0.2804102 0.2975296 0.2684608 0.3072587 0.3002766 0.2839280 0.2871603 0.5780952 0.2553529 0.2908377 0.2960608 0.2944951 0.2884726 0.2832353 0.4135284 0.3021453 0.2740260 0.2975081 0.2643859 0.3118746 0.3073149 0.3010007 0.2833453 0.2889002 0.3255812 0.2878839 0.2854361 0.2747274 0.3672899 0.2985929 0.2727757 0.2881055 0.2868535 0.2978801 0.2719159 0.2951583 0.2993316 0.2982197 0.2999210 0.2987711 0.2991199 0.2815897 0.3394666 0.2690311 0.2958730 0.2957985 0.2945056 
EausAUS_CNTNAP2      0.0344781 0.0845681 0.0810731 0.0334360 0.0297621 0.0281342 0.0282035 0.0289187 0.0000010 0.0061534 0.0311444 0.2637479 0.0552330 0.2449819 0.0654032 0.2698857 0.3633454 0.0258795 0.0571743 0.0611351 0.0596476 0.0591201 0.0569361 0.2885389 0.0000000 0.0038141 0.0053459 0.0337047 0.0614273 0.0631241 0.0640395 0.0614644 0.0922984 0.1297523 0.0846673 0.3892754 0.0646915 0.0838828 0.0742116 0.0615951 0.0637639 0.0612328 0.0621865 0.0588243 0.0580908 0.0594651 0.0603810 0.0574591 3.8702298 0.0828802 0.0872801 0.0856552 0.0781503 0.0793930 0.0771471 0.0716078 0.0819227 0.0817374 0.0814619 0.0577099 0.6345718 0.0140281 0.0793963 0.0824615 0.0780960 0.0636969 0.0596135 0.2645519 0.0639681 0.0589648 0.0646111 0.0662261 0.0764104 0.0658316 0.0655251 0.0635610 0.0604483 0.0655026 0.0629392 0.0635506 0.0661058 0.4182165 0.0571411 0.0557961 0.0604834 0.0595998 0.0589783 0.0614522 0.0597982 0.0604455 0.0580062 0.0599849 0.0588482 0.0607111 0.0560852 0.2553575 0.0554121 0.0754033 0.0588213 0.0880561 
Egla13086_CNTNAP2    0.0345286 0.0846952 0.0802175 0.0326225 0.0306084 0.0289753 0.0290965 0.0281552 0.0118657 0.0124385 0.0303452 0.2665417 0.0544352 0.2454242 0.0637955 0.2703802 0.3642941 0.0242632 0.0564080 0.0603413 0.0588825 0.0583294 0.0561730 0.2903968 0.0038141 0.0000000 0.0015199 0.0329421 0.0606614 0.0623385 0.0632734 0.0606981 0.0915355 0.1320204 0.0777590 0.3900290 0.0647621 0.0822330 0.0725149 0.0608271 0.0630009 0.0595257 0.0613688 0.0579901 0.0573238 0.0587022 0.0595965 0.0566894 3.8938986 0.0803086 0.0855480 0.0839716 0.0770442 0.0776595 0.0763819 0.0691291 0.0800940 0.0800640 0.0805826 0.0569478 0.6330460 0.0188566 0.0777178 0.0808237 0.0764622 0.0629347 0.0587935 0.2639103 0.0632028 0.0581531 0.0630029 0.0654044 0.0737080 0.0650649 0.0620542 0.0628005 0.0596629 0.0617246 0.0621758 0.0627901 0.0651892 0.4206067 0.0563753 0.0549782 0.0596975 0.0588140 0.0582109 0.0615623 0.0590314 0.0596811 0.0572403 0.0592052 0.0580824 0.0599436 0.0552995 0.2536088 0.0545995 0.0764092 0.0580558 0.0863090 
Ejap43864_CNTNAP2    0.0362168 0.0846952 0.0821681 0.0343381 0.0322153 0.0305768 0.0307969 0.0281485 0.0118657 0.0124385 0.0320243 0.2664599 0.0561779 0.2453497 0.0654859 0.2702969 0.3667113 0.0259118 0.0580870 0.0620920 0.0605657 0.0600676 0.0578445 0.2879552 0.0053459 0.0015199 0.0000000 0.0345509 0.0623513 0.0640770 0.0649711 0.0623889 0.0933080 0.1319811 0.0777590 0.3898946 0.0669167 0.0839927 0.0743112 0.0625222 0.0646910 0.0612050 0.0631755 0.0598230 0.0590069 0.0603801 0.0613247 0.0583769 3.8938986 0.0830496 0.0874004 0.0857699 0.0794019 0.0795022 0.0781149 0.0716789 0.0820417 0.0818460 0.0825887 0.0586192 0.6297982 0.0188566 0.0795020 0.0825687 0.0781971 0.0646226 0.0605976 0.2638291 0.0648985 0.0599369 0.0646929 0.0672321 0.0754740 0.0667689 0.0654752 0.0627850 0.0613931 0.0641612 0.0638644 0.0644740 0.0651697 0.4231393 0.0580532 0.0567664 0.0614288 0.0605428 0.0598973 0.0640381 0.0607189 0.0613649 0.0589209 0.0609215 0.0597650 0.0616351 0.0570179 0.2524137 0.0563749 0.0781810 0.0597376 0.0881786 
Erob133443_CNTNAP2   0.0284690 0.0969683 0.0839921 0.0264790 0.0272516 0.0256239 0.0255392 0.0232254 0.0000010 0.0187176 0.0285167 0.2778348 0.0612441 0.2550206 0.0712325 0.2808802 0.3873653 0.0332650 0.0629639 0.0671888 0.0654492 0.0651122 0.0652631 0.3049467 0.0337047 0.0329421 0.0345509 0.0000000 0.0672522 0.0691159 0.0698899 0.0672926 0.0975398 0.1479394 0.0882845 0.4127540 0.0756557 0.0872226 0.0767380 0.0665539 0.0678918 0.0670367 0.0674869 0.0633496 0.0638933 0.0652485 0.0663377 0.0632775 3.9985813 0.0869784 0.0928211 0.0909671 0.0815367 0.0858018 0.0822616 0.0806334 0.0868170 0.0870365 0.0843337 0.0660116 0.6487901 0.0236296 0.0864864 0.0876155 0.0832210 0.0721391 0.0695449 0.2754651 0.0698116 0.0651162 0.0704394 0.0734237 0.0780144 0.0717025 0.0724097 0.0720271 0.0664132 0.0667325 0.0714271 0.0719729 0.0762797 0.4433538 0.0629266 0.0619639 0.0664522 0.0655605 0.0665037 0.0662438 0.0656149 0.0662487 0.0655064 0.0659007 0.0646486 0.0665566 0.0620115 0.2692421 0.0615359 0.0842611 0.0646189 0.0945690 
Fatt_CNTNAP2         0.0659476 0.0708624 0.0675645 0.0665157 0.0665451 0.0647781 0.0626099 0.0656394 0.0483751 0.0725852 0.0661789 0.2672778 0.0194205 0.2513675 0.0193566 0.2795534 0.3810924 0.0646496 0.0115806 0.0112019 0.0107901 0.0127751 0.0337643 0.3006166 0.0614273 0.0606614 0.0623513 0.0672522 0.0000000 0.0078881 0.0038184 0.0015241 0.0825925 0.1429648 0.0784537 0.4079535 0.0401672 0.0831167 0.0743171 0.0186889 0.0146747 0.0154519 0.0148914 0.0100838 0.0108146 0.0138715 0.0158898 0.0124245 3.7462742 0.0651687 0.0742445 0.0712647 0.0602645 0.0610570 0.0642206 0.0562646 0.0663866 0.0710445 0.0684736 0.0345337 0.6523896 0.0799614 0.0668997 0.0694255 0.0651409 0.0386202 0.0372365 0.2741675 0.0084404 0.0064978 0.0138637 0.0489856 0.0711230 0.0053594 0.0368562 0.0418267 0.0015626 0.0593649 0.0395000 0.0401703 0.0418385 0.4282292 0.0115751 0.0098793 0.0031312 0.0039161 0.0131675 0.0205690 0.0123783 0.0131196 0.0092428 0.0125874 0.0115768 0.0131739 0.0118837 0.2822699 0.0098142 0.0603972 0.0100147 0.0712271 
Ggri_CNTNAP2         0.0696996 0.0692660 0.0676389 0.0693678 0.0683913 0.0665713 0.0654257 0.0674579 0.0619657 0.0802585 0.0681012 0.2605285 0.0227521 0.2430842 0.0223157 0.2729853 0.3708247 0.0665068 0.0151072 0.0148491 0.0142870 0.0160342 0.0363608 0.2900293 0.0631241 0.0623385 0.0640770 0.0691159 0.0078881 0.0000000 0.0102843 0.0078932 0.0831244 0.1464478 0.0781883 0.3960493 0.0445238 0.0845555 0.0764799 0.0223925 0.0174862 0.0182871 0.0174226 0.0138682 0.0143204 0.0174598 0.0191453 0.0159975 3.7831733 0.0653161 0.0752935 0.0722763 0.0628186 0.0620690 0.0651419 0.0576471 0.0693713 0.0721843 0.0674840 0.0371512 0.6355216 0.0858312 0.0678980 0.0704943 0.0660889 0.0422089 0.0401419 0.2674993 0.0126708 0.0114546 0.0174497 0.0517557 0.0562519 0.0102966 0.0401616 0.0446714 0.0078923 0.0644642 0.0422802 0.0429613 0.0442544 0.4207056 0.0150999 0.0132279 0.0094895 0.0102858 0.0167536 0.0217356 0.0159363 0.0166908 0.0126913 0.0162138 0.0151022 0.0167620 0.0151138 0.2760727 0.0131404 0.0613692 0.0134869 0.0722748 
Gmac39091_CNTNAP2    0.0686957 0.0761387 0.0705364 0.0693260 0.0674586 0.0656870 0.0635690 0.0665503 0.0483751 0.0725852 0.0689372 0.2712159 0.0219137 0.2552164 0.0217407 0.2811841 0.3799806 0.0673734 0.0139360 0.0136421 0.0131393 0.0152148 0.0362231 0.2995257 0.0640395 0.0632734 0.0649711 0.0698899 0.0038184 0.0102843 0.0000000 0.0022865 0.0853246 0.1431679 0.0892212 0.4094730 0.0443859 0.0858678 0.0771174 0.0210850 0.0170398 0.0178199 0.0174259 0.0126436 0.0131692 0.0162291 0.0183264 0.0147960 3.7505602 0.0693219 0.0770743 0.0740041 0.0638052 0.0619998 0.0668562 0.0600633 0.0693440 0.0737745 0.0715304 0.0369935 0.6511881 0.0799614 0.0696188 0.0720887 0.0677956 0.0411018 0.0398975 0.2781574 0.0107725 0.0089610 0.0146544 0.0517244 0.0738582 0.0076790 0.0418567 0.0443210 0.0039176 0.0631241 0.0419904 0.0426550 0.0448451 0.4257718 0.0139294 0.0123863 0.0054964 0.0062850 0.0155351 0.0217318 0.0147408 0.0154785 0.0115862 0.0149906 0.0139315 0.0155427 0.0143019 0.2827196 0.0123045 0.0630681 0.0123606 0.0740785 
Gmel_CNTNAP2         0.0659890 0.0709466 0.0676102 0.0665574 0.0665851 0.0648172 0.0626499 0.0656789 0.0483751 0.0725852 0.0662206 0.2674096 0.0194330 0.2514950 0.0193685 0.2796882 0.3812369 0.0646900 0.0115878 0.0112090 0.0107968 0.0127833 0.0337849 0.3007530 0.0614644 0.0606981 0.0623889 0.0672926 0.0015241 0.0078932 0.0022865 0.0000000 0.0826418 0.1420319 0.0821607 0.4080976 0.0412404 0.0831667 0.0743636 0.0187005 0.0146837 0.0154615 0.0149013 0.0100906 0.0108213 0.0138801 0.0158998 0.0124322 3.7462742 0.0652306 0.0742914 0.0713087 0.0603139 0.0610962 0.0642595 0.0562646 0.0664314 0.0710882 0.0685211 0.0345548 0.6524551 0.0799614 0.0669412 0.0694674 0.0651803 0.0386437 0.0372608 0.2743014 0.0084456 0.0065020 0.0138722 0.0490176 0.0711669 0.0053627 0.0368562 0.0418521 0.0015635 0.0594167 0.0395241 0.0401947 0.0418691 0.4271885 0.0115823 0.0098858 0.0031332 0.0039186 0.0131756 0.0194068 0.0123859 0.0131277 0.0092485 0.0125954 0.0115840 0.0131821 0.0118913 0.2813303 0.0098206 0.0604346 0.0100209 0.0712726 
Hamp_CNTNAP2         0.0986675 0.0469305 0.0434365 0.1007588 0.0931176 0.0931363 0.0963623 0.0921558 0.0759031 0.0954415 0.0883066 0.2835100 0.0814252 0.2737544 0.0830962 0.2961914 0.4040170 0.0967868 0.0782043 0.0812424 0.0789865 0.0789873 0.0725909 0.3083203 0.0922984 0.0915355 0.0933080 0.0975398 0.0825925 0.0831244 0.0853246 0.0826418 0.0000000 0.1633283 0.0183871 0.4303639 0.0860905 0.1078872 0.0937093 0.0809894 0.0840984 0.0797005 0.0792620 0.0779472 0.0782817 0.0778491 0.0793349 0.0759362 3.7893039 0.0332159 0.0389680 0.0354141 0.0329957 0.0384498 0.0352897 0.0350249 0.0369521 0.0345044 0.0361674 0.0742550 0.6493642 0.0980383 0.0371584 0.0378031 0.0370031 0.0778021 0.0746479 0.3022867 0.0861331 0.0812196 0.0858618 0.0748052 0.0997132 0.0872099 0.0782108 0.0775873 0.0802697 0.0876348 0.0752229 0.0741278 0.0778024 0.4511589 0.0772621 0.0743523 0.0830966 0.0821721 0.0801156 0.0753930 0.0783043 0.0806731 0.0781673 0.0770079 0.0772819 0.0810251 0.0766934 0.2917082 0.0747710 0.0446364 0.0790027 0.0412755 
Hippo_CNTNAP2        0.1337493 0.1689304 0.1489390 0.1416382 0.1405825 0.1394422 0.1405286 0.1384174 0.0758704 0.1401099 0.1439566 0.2426020 0.1488774 0.2337097 0.1425160 0.2398023 0.3504597 0.1370491 0.1385072 0.1439796 0.1416720 0.1394952 0.1391201 0.2638935 0.1297523 0.1320204 0.1319811 0.1479394 0.1429648 0.1464478 0.1431679 0.1420319 0.1633283 0.0000000 0.1845523 0.3886637 0.1422888 0.1670433 0.1518306 0.1404399 0.1424102 0.1403444 0.1470838 0.1433075 0.1393448 0.1402818 0.1414428 0.1392463 3.2698846 0.1580406 0.1516880 0.1469363 0.1573664 0.1446057 0.1453698 0.1409917 0.1578747 0.1505915 0.1525439 0.1389798 0.5729170 0.1760122 0.1467103 0.1509254 0.1466098 0.1422554 0.1386170 0.2476083 0.1460084 0.1448940 0.1425196 0.1502328 0.1430013 0.1476130 0.1848313 0.1442041 0.1430502 0.1611408 0.1436053 0.1430283 0.1530764 0.4008623 0.1384858 0.1407880 0.1453188 0.1442070 0.1419888 0.1406108 0.1441712 0.1414816 0.1385663 0.1421504 0.1406801 0.1411246 0.1365013 0.2408276 0.1395379 0.1450681 0.1406009 0.1570169 
Hpla9120_CNTNAP2     0.0993750 0.0415052 0.0439349 0.0995266 0.1029672 0.1026661 0.1102473 0.0846819 0.0000010 0.0000010 0.0848194 0.1795681 0.0710255 0.1914464 0.0743732 0.2171172 0.3530093 0.1063695 0.0640984 0.0640984 0.0640984 0.0709460 0.0603104 0.2240108 0.0846673 0.0777590 0.0777590 0.0882845 0.0784537 0.0781883 0.0892212 0.0821607 0.0183871 0.1845523 0.0000000 0.3878420 0.0750001 0.1261810 0.0973363 0.0708471 0.0709448 0.0710255 0.0710255 0.0640984 0.0707577 0.0743832 0.0744623 0.0710255 0.0000010 0.0152754 0.0214975 0.0214683 0.0243733 0.0246935 0.0246109 0.0136437 0.0152750 0.0214923 0.0343605 0.0703242 0.7348553 0.0000010 0.0246373 0.0340512 0.0214887 0.0776129 0.0705966 0.2180458 0.0747160 0.0747160 0.0880707 0.0915800 0.0812035 0.0820658 0.0640498 0.0703405 0.0784537 0.1056645 0.0705833 0.0703405 0.0737040 0.4580064 0.0640984 0.0659377 0.0854519 0.0818712 0.0643471 0.0502555 0.0640984 0.0640984 0.0643471 0.0640984 0.0640984 0.0640984 0.0640984 0.2252032 0.0640984 0.0373822 0.0640984 0.0310533 
Hsap_CNTNAP2         0.3978973 0.4315920 0.4116463 0.3917183 0.4044958 0.4043501 0.3830701 0.4048849 0.3259447 0.3215546 0.4062767 0.4900028 0.4047705 0.4930613 0.4119750 0.5061507 0.4225117 0.3962295 0.4042982 0.4087503 0.4067099 0.3953865 0.3925546 0.3546235 0.3892754 0.3900290 0.3898946 0.4127540 0.4079535 0.3960493 0.4094730 0.4080976 0.4303639 0.3886637 0.3878420 0.0000000 0.3838612 0.4317545 0.4123648 0.4095701 0.4111941 0.4094266 0.3977824 0.4026484 0.4019112 0.4045133 0.3980014 0.4002497 4.6988658 0.4064498 0.4141413 0.4106248 0.4101422 0.4006964 0.4136104 0.3929059 0.4351360 0.4146220 0.4016972 0.3933396 0.5767367 0.3394513 0.3995328 0.4149232 0.4100543 0.3966043 0.3891852 0.5107338 0.4163353 0.3849109 0.4107149 0.3744986 0.4290003 0.4141256 0.4099359 0.3986994 0.3939237 0.4304997 0.3949308 0.3917032 0.3919410 0.4872351 0.4068308 0.3848320 0.3932507 0.3918438 0.4072021 0.3589306 0.4082210 0.4075896 0.4063868 0.4077660 0.4097685 0.4101714 0.3895137 0.4330948 0.3794896 0.4026324 0.4076647 0.4080213 
Igeo_CNTNAP2         0.0791526 0.0835485 0.0668312 0.0768447 0.0778956 0.0768108 0.0768724 0.0746007 0.0357267 0.0650322 0.0730103 0.2751668 0.0442560 0.2607820 0.0431708 0.2848041 0.4034832 0.0723398 0.0361095 0.0381421 0.0370935 0.0396072 0.0412629 0.2764421 0.0646915 0.0647621 0.0669167 0.0756557 0.0401672 0.0445238 0.0443859 0.0412404 0.0860905 0.1422888 0.0750001 0.3838612 0.0000000 0.0866060 0.0817129 0.0412663 0.0432177 0.0390731 0.0413759 0.0372934 0.0351021 0.0379839 0.0402438 0.0363418 3.6619474 0.0646341 0.0798930 0.0737705 0.0659309 0.0679218 0.0671653 0.0544544 0.0716280 0.0726333 0.0681243 0.0391212 0.5860664 0.0688099 0.0716774 0.0705168 0.0694269 0.0443552 0.0449254 0.2823944 0.0412607 0.0387542 0.0442605 0.0499027 0.0638282 0.0454855 0.0496719 0.0473619 0.0412359 0.0764625 0.0432305 0.0463490 0.0525831 0.4272397 0.0360850 0.0347814 0.0402271 0.0402271 0.0403151 0.0392389 0.0371706 0.0401668 0.0391685 0.0348698 0.0361059 0.0403435 0.0360885 0.2829072 0.0344497 0.0646961 0.0381060 0.0680220 
Kbre_CNTNAP2         0.0897252 0.0960114 0.1014780 0.0926490 0.0838939 0.0838049 0.0836700 0.0855486 0.0479697 0.0788234 0.0870381 0.2875358 0.0867134 0.2762515 0.0853670 0.3029635 0.4006495 0.0815929 0.0804420 0.0845473 0.0830055 0.0804598 0.0783178 0.3271450 0.0838828 0.0822330 0.0839927 0.0872226 0.0831167 0.0845555 0.0858678 0.0831667 0.1078872 0.1670433 0.1261810 0.4317545 0.0866060 0.0000000 0.0260820 0.0852187 0.0845926 0.0837471 0.0854102 0.0804393 0.0814263 0.0827446 0.0843934 0.0808490 3.6964496 0.1008097 0.1044856 0.1034137 0.0933480 0.0964546 0.0959368 0.0826552 0.1000116 0.1000827 0.0979287 0.0791010 0.6749092 0.0740710 0.0988070 0.0996442 0.0951206 0.0853842 0.0844852 0.2949723 0.0857690 0.0799124 0.0863787 0.0838188 0.0712777 0.0877664 0.0877723 0.0852386 0.0826563 0.0496725 0.0846262 0.0834167 0.0866832 0.4638297 0.0803907 0.0767141 0.0827072 0.0817781 0.0815037 0.0850022 0.0832204 0.0838233 0.0813067 0.0838158 0.0821883 0.0842028 0.0798979 0.2979109 0.0780869 0.0954725 0.0821494 0.1024763 
Ksim_CNTNAP2         0.0817284 0.0915654 0.0866379 0.0824200 0.0742145 0.0732304 0.0733162 0.0759151 0.0479697 0.0859274 0.0768902 0.2785798 0.0785984 0.2588019 0.0766968 0.2909102 0.3915571 0.0723726 0.0706921 0.0744447 0.0733180 0.0713294 0.0685821 0.3163503 0.0742116 0.0725149 0.0743112 0.0767380 0.0743171 0.0764799 0.0771174 0.0743636 0.0937093 0.1518306 0.0973363 0.4123648 0.0817129 0.0260820 0.0000000 0.0737210 0.0767675 0.0740900 0.0770509 0.0707786 0.0716860 0.0730812 0.0754133 0.0710616 3.7363184 0.0827135 0.0875523 0.0850256 0.0803232 0.0793445 0.0789042 0.0743475 0.0851744 0.0808210 0.0793079 0.0685077 0.6450020 0.0740683 0.0822656 0.0817175 0.0780686 0.0757878 0.0751206 0.2817712 0.0752256 0.0705391 0.0749597 0.0763247 0.0611492 0.0781009 0.0718302 0.0756507 0.0745534 0.0424064 0.0749958 0.0737988 0.0762527 0.4494145 0.0706470 0.0681545 0.0746001 0.0736513 0.0717551 0.0705066 0.0735134 0.0741596 0.0715770 0.0739413 0.0724760 0.0745044 0.0708160 0.2914055 0.0696133 0.0799168 0.0724409 0.0863969 
