Supplemental results for CODEML (seqf: /home/leticiamagpali/phd/evol_models/codeml/big_dataset/cml_align/MYH2_codon_aligned.phy  treef: /home/leticiamagpali/phd/evol_models/codeml/big_dataset/cml_trees/gene_trees/H3_gene_trees/MYH2_tree_H3.tre)

I	J	ij	2Ns_IJ	pMut_IJ	pSub_IJ	2Ns_JI	pMut_JI	pSub_JI

TTC	TTT	CT	-0.10067	0.06858	0.06519	0.10067	0.06202	0.06519
TTA	TTT	AT	9.54348	0.00000	0.00000	-9.54348	0.01013	0.00001
TTA	TTC	AC	9.64415	0.00000	0.00000	-9.64415	0.02501	0.00002
TTG	TTT	GT	1.75767	0.00210	0.00446	-1.75767	0.01219	0.00446
TTG	TTC	GC	1.85835	0.00469	0.01033	-1.85835	0.03010	0.01033
TTG	TTA	GA	-7.78581	0.00755	0.00002	7.78581	0.00000	0.00000
TCT	TTT	CT	2.42084	0.00551	0.01464	-2.42084	0.06202	0.01464
TCC	TTC	CT	1.18963	0.04662	0.07972	-1.18963	0.15318	0.07972
TCC	TCT	CT	-1.33188	0.04662	0.02227	1.33188	0.01231	0.02227
TCA	TTA	CT	-7.59829	0.01015	0.00004	7.59829	0.00000	0.00000
TCA	TCT	AT	-0.47565	0.00323	0.00253	0.47565	0.00201	0.00253
TCA	TCC	AC	0.85623	0.00722	0.01075	-0.85623	0.01700	0.01075
TCG	TTG	CT	0.58701	0.00819	0.01083	-0.58701	0.01473	0.01083
TCG	TCT	GT	-0.07616	0.00261	0.00251	0.07616	0.00242	0.00251
TCG	TCC	GC	1.25572	0.00583	0.01024	-1.25572	0.02046	0.01024
TCG	TCA	GA	0.39949	0.00938	0.01138	-0.39949	0.01398	0.01138
TAT	TTT	AT	1.34710	0.00263	0.00479	-1.34710	0.01013	0.00479
TAT	TCT	AC	-1.07374	0.00588	0.00328	1.07374	0.00201	0.00328
TAC	TTC	AT	0.74140	0.01192	0.01688	-0.74140	0.02501	0.01688
TAC	TCC	AC	-0.44824	0.02662	0.02110	0.44824	0.01700	0.02110
TAC	TAT	CT	-0.70637	0.03741	0.02574	0.70637	0.01846	0.02574
TGT	TTT	GT	4.18909	0.00018	0.00079	-4.18909	0.01219	0.00079
TGT	TCT	GC	1.76825	0.00041	0.00088	-1.76825	0.00242	0.00088
TGT	TAT	GA	2.84199	0.00066	0.00200	-2.84199	0.01139	0.00200
TGC	TTC	GT	1.37365	0.00762	0.01402	-1.37365	0.03010	0.01402
TGC	TCC	GC	0.18401	0.01702	0.01864	-0.18401	0.02046	0.01864
TGC	TAC	GA	0.63225	0.02739	0.03695	-0.63225	0.05154	0.03695
TGC	TGT	CT	-2.91612	0.02392	0.00399	2.91612	0.00130	0.00399
TGG	TTG	GT	-1.06029	0.00836	0.00470	1.06029	0.00290	0.00470
TGG	TCG	GC	-1.64729	0.01867	0.00734	1.64729	0.00360	0.00734
TGG	TGT	GT	-3.49171	0.00836	0.00092	3.49171	0.00025	0.00092
TGG	TGC	GC	-0.57559	0.01867	0.01381	0.57559	0.01050	0.01381
CTT	TTT	CT	2.90142	0.00341	0.01046	-2.90142	0.06202	0.01046
CTC	TTC	CT	0.97618	0.05771	0.09039	-0.97618	0.15318	0.09039
CTC	CTT	CT	-2.02592	0.05771	0.01776	2.02592	0.00761	0.01776
CTA	TTA	CT	-7.66059	0.01080	0.00004	7.66059	0.00000	0.00000
CTA	CTT	AT	-1.01854	0.00344	0.00198	1.01854	0.00124	0.00198
CTA	CTC	AC	1.00738	0.00769	0.01220	-1.00738	0.02105	0.01220
CTG	TTG	CT	-2.54270	0.18734	0.04066	2.54270	0.01473	0.04066
CTG	CTT	GT	-3.68645	0.05968	0.00566	3.68645	0.00150	0.00566
CTG	CTC	GC	-1.66053	0.13329	0.05193	1.66053	0.02533	0.05193
CTG	CTA	GA	-2.66791	0.21447	0.04267	2.66791	0.01488	0.04267
CCT	TCT	CT	2.93704	0.00065	0.00202	-2.93704	0.01231	0.00202
CCT	CTT	CT	2.45646	0.00065	0.00175	-2.45646	0.00761	0.00175
CCC	TCC	CT	1.57932	0.02146	0.04269	-1.57932	0.10411	0.04269
CCC	CTC	CT	1.79278	0.02146	0.04616	-1.79278	0.12889	0.04616
CCC	CCT	CT	-2.68960	0.02146	0.00421	2.68960	0.00146	0.00421
CCA	TCA	CT	1.31436	0.00609	0.01094	-1.31436	0.02267	0.01094
CCA	CTA	CT	1.37667	0.00609	0.01121	-1.37667	0.02413	0.01121
CCA	CCT	AT	-2.09833	0.00194	0.00057	2.09833	0.00024	0.00057
CCA	CCC	AC	0.59127	0.00433	0.00574	-0.59127	0.00783	0.00574
CCG	TCG	CT	0.07560	0.01696	0.01761	-0.07560	0.01830	0.01761
CCG	CTG	CT	3.20531	0.01696	0.05667	-3.20531	0.41840	0.05667
CCG	CCT	GT	-2.93760	0.00540	0.00089	2.93760	0.00029	0.00089
CCG	CCC	GC	-0.24800	0.01207	0.01064	0.24800	0.00942	0.01064
CCG	CCA	GA	-0.83927	0.01942	0.01240	0.83927	0.00839	0.01240
CAT	TAT	CT	5.53973	0.00007	0.00040	-5.53973	0.01846	0.00040
CAT	CTT	AT	3.98541	0.00002	0.00009	-3.98541	0.00124	0.00009
CAT	CCT	AC	1.52895	0.00005	0.00010	-1.52895	0.00024	0.00010
CAC	TAC	CT	0.73791	0.03995	0.05648	-0.73791	0.08355	0.05648
CAC	CTC	AT	0.50313	0.01273	0.01620	-0.50313	0.02105	0.01620
CAC	CCC	AC	-1.28965	0.02842	0.01393	1.28965	0.00783	0.01393
CAC	CAT	CT	-5.50820	0.03995	0.00090	5.50820	0.00016	0.00090
CAA	CTA	AT	0.08296	0.00363	0.00378	-0.08296	0.00394	0.00378
CAA	CCA	AC	-1.29370	0.00810	0.00396	1.29370	0.00222	0.00396
CAA	CAT	AT	-4.92098	0.00363	0.00013	4.92098	0.00003	0.00013
CAA	CAC	AC	0.58722	0.00810	0.01071	-0.58722	0.01457	0.01071
CAG	CTG	AT	0.70960	0.03361	0.04693	-0.70960	0.06833	0.04693
CAG	CCG	AC	-2.49571	0.07506	0.01683	2.49571	0.00619	0.01683
CAG	CAT	GT	-6.96226	0.03361	0.00022	6.96226	0.00003	0.00022
CAG	CAC	GC	-1.45406	0.07506	0.03327	1.45406	0.01753	0.03327
CAG	CAA	GA	-2.04128	0.12076	0.03679	2.04128	0.01568	0.03679
CGT	TGT	CT	-1.32172	0.00486	0.00233	1.32172	0.00130	0.00233
CGT	CTT	GT	-0.03405	0.00155	0.00152	0.03405	0.00150	0.00152
CGT	CCT	GC	-2.49051	0.00346	0.00078	2.49051	0.00029	0.00078
CGT	CAT	GA	-4.01946	0.00556	0.00041	4.01946	0.00010	0.00041
CGC	TGC	CT	0.37807	0.03661	0.04397	-0.37807	0.05343	0.04397
CGC	CTC	GT	0.77554	0.01166	0.01677	-0.77554	0.02533	0.01677
CGC	CCC	GC	-1.01724	0.02605	0.01501	1.01724	0.00942	0.01501
CGC	CAC	GA	0.27241	0.04191	0.04788	-0.27241	0.05504	0.04788
CGC	CGT	CT	-1.21633	0.03661	0.01875	1.21633	0.01085	0.01875
CGA	CTA	GT	0.48816	0.00291	0.00368	-0.48816	0.00474	0.00368
CGA	CCA	GC	-0.88850	0.00650	0.00403	0.88850	0.00267	0.00403
CGA	CAA	GA	0.40520	0.01046	0.01272	-0.40520	0.01568	0.01272
CGA	CGT	AT	-0.49633	0.00291	0.00225	0.49633	0.00177	0.00225
CGA	CGC	AC	0.72000	0.00650	0.00912	-0.72000	0.01335	0.00912
CGG	TGG	CT	1.28353	0.01624	0.02883	-1.28353	0.05861	0.02883
CGG	CTG	GT	2.76595	0.00517	0.01527	-2.76595	0.08223	0.01527
CGG	CCG	GC	-0.43936	0.01155	0.00920	0.43936	0.00745	0.00920
CGG	CAG	GA	2.05635	0.01859	0.04384	-2.05635	0.14534	0.04384
CGG	CGT	GT	-0.88646	0.00517	0.00321	0.88646	0.00213	0.00321
CGG	CGC	GC	0.32987	0.01155	0.01357	-0.32987	0.01607	0.01357
CGG	CGA	GA	-0.39013	0.01859	0.01520	0.39013	0.01259	0.01520
ATT	TTT	AT	0.06958	0.00945	0.00978	-0.06958	0.01013	0.00978
ATT	CTT	AC	-2.83184	0.02110	0.00374	2.83184	0.00124	0.00374
ATC	TTC	AT	-0.11828	0.02815	0.02652	0.11828	0.02501	0.02652
ATC	CTC	AC	-1.09446	0.06288	0.03463	1.09446	0.02105	0.03463
ATC	ATT	CT	-0.28854	0.08838	0.07624	0.28854	0.06623	0.07624
ATA	TTA	AT	-8.33556	0.00346	0.00001	8.33556	0.00000	0.00000
ATA	CTA	AC	-0.67496	0.00774	0.00542	0.67496	0.00394	0.00542
ATA	ATT	AT	1.13834	0.00346	0.00580	-1.13834	0.01081	0.00580
ATA	ATC	AC	1.42688	0.00774	0.01453	-1.42688	0.03223	0.01453
ATG	TTG	AT	-2.29216	0.02381	0.00614	2.29216	0.00241	0.00614
ATG	CTG	AC	0.25054	0.05318	0.06012	-0.25054	0.06833	0.06012
ATG	ATT	GT	-0.60407	0.02381	0.01734	0.60407	0.01302	0.01734
ATG	ATC	GC	-0.31554	0.05318	0.04523	0.31554	0.03879	0.04523
ATG	ATA	GA	-1.74241	0.08557	0.03165	1.74241	0.01498	0.03165
ACT	TCT	AT	0.29161	0.00150	0.00173	-0.29161	0.00201	0.00173
ACT	CCT	AC	-2.64544	0.00335	0.00068	2.64544	0.00024	0.00068
ACT	ATT	CT	2.64286	0.00471	0.01341	-2.64286	0.06623	0.01341
ACC	TCC	AT	0.31355	0.01243	0.01448	-0.31355	0.01700	0.01448
ACC	CCC	AC	-1.26577	0.02775	0.01380	1.26577	0.00783	0.01380
ACC	ATC	CT	1.62146	0.03900	0.07882	-1.62146	0.19738	0.07882
ACC	ACT	CT	-1.30994	0.03900	0.01888	1.30994	0.01052	0.01888
ACA	TCA	AT	-0.35244	0.00527	0.00439	0.35244	0.00370	0.00439
ACA	CCA	AC	-1.66680	0.01176	0.00456	1.66680	0.00222	0.00456
ACA	ATA	CT	0.38483	0.01653	0.01991	-0.38483	0.02429	0.01991
ACA	ACT	AT	-1.11970	0.00527	0.00286	1.11970	0.00172	0.00286
ACA	ACC	AC	0.19024	0.01176	0.01292	-0.19024	0.01423	0.01292
ACG	TCG	AT	-1.00382	0.00815	0.00473	1.00382	0.00299	0.00473
ACG	CCG	AC	-1.07942	0.01821	0.01012	1.07942	0.00619	0.01012
ACG	ATG	CT	1.87535	0.02559	0.05668	-1.87535	0.16694	0.05668
ACG	ACT	GT	-1.37158	0.00815	0.00380	1.37158	0.00207	0.00380
ACG	ACC	GC	-0.06165	0.01821	0.01765	0.06165	0.01712	0.01765
ACG	ACA	GA	-0.25189	0.02930	0.02576	0.25189	0.02277	0.02576
AAT	TAT	AT	1.02113	0.00109	0.00173	-1.02113	0.00301	0.00173
AAT	CAT	AC	-4.51860	0.00242	0.00012	4.51860	0.00003	0.00012
AAT	ATT	AT	2.29865	0.00109	0.00277	-2.29865	0.01081	0.00277
AAT	ACT	AC	-0.34421	0.00242	0.00203	0.34421	0.00172	0.00203
AAC	TAC	AT	-0.93602	0.03479	0.02101	0.93602	0.01364	0.02101
AAC	CAC	AC	-1.67393	0.07770	0.03002	1.67393	0.01457	0.03002
AAC	ATC	AT	-0.07635	0.03479	0.03348	0.07635	0.03223	0.03348
AAC	ACC	AC	-1.69781	0.07770	0.02957	1.69781	0.01423	0.02957
AAC	AAT	CT	-2.66353	0.10920	0.02179	2.66353	0.00761	0.02179
AAA	CAA	AC	-1.80661	0.02528	0.00897	1.80661	0.00415	0.00897
AAA	ATA	AT	-1.04869	0.01132	0.00640	1.04869	0.00397	0.00640
AAA	ACA	AC	-1.43351	0.02528	0.01135	1.43351	0.00603	0.01135
AAA	AAT	AT	-2.20900	0.01132	0.00308	2.20900	0.00124	0.00308
AAA	AAC	AC	0.45453	0.02528	0.03146	-0.45453	0.03983	0.03146
AAG	CAG	AC	-1.53731	0.17898	0.07534	1.53731	0.03847	0.07534
AAG	ATG	AT	-1.07826	0.08014	0.04455	1.07826	0.02726	0.04455
AAG	ACG	AC	-2.95361	0.17898	0.02909	2.95361	0.00933	0.02909
AAG	AAT	GT	-3.98098	0.08014	0.00607	3.98098	0.00150	0.00607
AAG	AAC	GC	-1.31745	0.17898	0.08625	1.31745	0.04793	0.08625
AAG	AAA	GA	-1.77198	0.28798	0.10451	1.77198	0.04895	0.10451
AGT	TGT	AT	0.01748	0.00021	0.00021	-0.01748	0.00021	0.00021
AGT	CGT	AC	1.33919	0.00046	0.00084	-1.33919	0.00177	0.00084
AGT	ATT	GT	4.13699	0.00021	0.00087	-4.13699	0.01302	0.00087
AGT	ACT	GC	1.49412	0.00046	0.00089	-1.49412	0.00207	0.00089
AGT	AAT	GA	1.83834	0.00075	0.00163	-1.83834	0.00470	0.00163
AGC	TGC	AT	-0.15242	0.01016	0.00941	0.15242	0.00873	0.00941
AGC	CGC	AC	-0.53049	0.02270	0.01721	0.53049	0.01335	0.01721
AGC	ATC	GT	1.33951	0.01016	0.01844	-1.33951	0.03879	0.01844
AGC	ACC	GC	-0.28195	0.02270	0.01965	0.28195	0.01712	0.01965
AGC	AAC	GA	1.41585	0.03652	0.06828	-1.41585	0.15046	0.06828
AGC	AGT	CT	-3.08601	0.03190	0.00471	3.08601	0.00146	0.00471
AGA	CGA	AC	1.17228	0.00103	0.00175	-1.17228	0.00333	0.00175
AGA	ATA	GT	2.33540	0.00046	0.00119	-2.33540	0.00477	0.00119
AGA	ACA	GC	1.95058	0.00103	0.00235	-1.95058	0.00726	0.00235
AGA	AAA	GA	3.38409	0.00166	0.00581	-3.38409	0.04895	0.00581
AGA	AGT	AT	-0.66325	0.00046	0.00033	0.66325	0.00024	0.00033
AGA	AGC	AC	2.42277	0.00103	0.00274	-2.42277	0.01163	0.00274
AGG	TGG	AT	0.38855	0.00649	0.00783	-0.38855	0.00957	0.00783
AGG	CGG	AC	-0.89498	0.01450	0.00896	0.89498	0.00592	0.00896
AGG	ATG	GT	1.62043	0.00649	0.01311	-1.62043	0.03281	0.01311
AGG	ACG	GC	-0.25492	0.01450	0.01273	0.25492	0.01123	0.01273
AGG	AAG	GA	2.69868	0.02332	0.06748	-2.69868	0.34658	0.06748
AGG	AGT	GT	-3.12063	0.00649	0.00094	3.12063	0.00029	0.00094
AGG	AGC	GC	-0.03462	0.01450	0.01425	0.03462	0.01400	0.01425
AGG	AGA	GA	-2.45739	0.02332	0.00537	2.45739	0.00200	0.00537
GTT	TTT	GT	9.72872	0.00000	0.00000	-9.72872	0.01219	0.00001
GTT	CTT	GC	6.82729	0.00000	0.00000	-6.82729	0.00150	0.00001
GTT	ATT	GA	9.65913	0.00000	0.00000	-9.65913	0.04085	0.00003
GTC	TTC	GT	1.58549	0.00617	0.01230	-1.58549	0.03010	0.01230
GTC	CTC	GC	0.60931	0.01377	0.01839	-0.60931	0.02533	0.01839
GTC	ATC	GA	1.70377	0.02216	0.04616	-1.70377	0.12176	0.04616
GTC	GTT	CT	-8.24390	0.01936	0.00004	8.24390	0.00000	0.00000
GTA	TTA	GT	-7.53413	0.00187	0.00001	7.53413	0.00000	0.00000
GTA	CTA	GC	0.12646	0.00418	0.00445	-0.12646	0.00474	0.00445
GTA	ATA	GA	0.80142	0.00672	0.00977	-0.80142	0.01498	0.00977
GTA	GTT	AT	-7.71937	0.00187	0.00001	7.71937	0.00000	0.00000
GTA	GTC	AC	0.52453	0.00418	0.00537	-0.52453	0.00706	0.00537
GTG	TTG	GT	-1.63323	0.01483	0.00588	1.63323	0.00290	0.00588
GTG	CTG	GC	0.90947	0.03312	0.05043	-0.90947	0.08223	0.05043
GTG	ATG	GA	0.65893	0.05329	0.07276	-0.65893	0.10299	0.07276
GTG	GTT	GT	-9.60427	0.01483	0.00001	9.60427	0.00000	0.00000
GTG	GTC	GC	-1.36038	0.03312	0.01555	1.36038	0.00850	0.01555
GTG	GTA	GA	-1.88490	0.05329	0.01798	1.88490	0.00809	0.01798
GCT	TCT	GT	-1.40321	0.00984	0.00450	1.40321	0.00242	0.00450
GCT	CCT	GC	-4.34025	0.02197	0.00126	4.34025	0.00029	0.00126
GCT	ACT	GA	-1.69482	0.03536	0.01348	1.69482	0.00649	0.01348
GCT	GTT	CT	-8.71109	0.03088	0.00004	8.71109	0.00000	0.00000
GCC	TCC	GT	-0.22817	0.02571	0.02289	0.22817	0.02046	0.02289
GCC	CCC	GC	-1.80749	0.05741	0.02037	1.80749	0.00942	0.02037
GCC	ACC	GA	-0.54172	0.09238	0.06960	0.54172	0.05374	0.06960
GCC	GTC	CT	-0.62403	0.08069	0.05812	0.62403	0.04323	0.05812
GCC	GCT	CT	-0.15684	0.08069	0.07453	0.15684	0.06898	0.07453
GCA	TCA	GT	-0.33257	0.00621	0.00524	0.33257	0.00446	0.00524
GCA	CCA	GC	-1.64693	0.01388	0.00545	1.64693	0.00267	0.00545
GCA	ACA	GA	0.01987	0.02233	0.02255	-0.01987	0.02277	0.02255
GCA	GTA	CT	-0.39673	0.01950	0.01589	0.39673	0.01312	0.01589
GCA	GCT	AT	0.59499	0.00621	0.00824	-0.59499	0.01126	0.00824
GCA	GCC	AC	0.75183	0.01388	0.01974	-0.75183	0.02943	0.01974
GCG	TCG	GT	1.13586	0.00115	0.00193	-1.13586	0.00360	0.00193
GCG	CCG	GC	1.06026	0.00258	0.00418	-1.06026	0.00745	0.00418
GCG	ACG	GA	2.13968	0.00415	0.01006	-2.13968	0.03526	0.01006
GCG	GTG	CT	3.35610	0.00362	0.01261	-3.35610	0.10395	0.01261
GCG	GCT	GT	2.46291	0.00115	0.00311	-2.46291	0.01356	0.00311
GCG	GCC	GC	2.61975	0.00258	0.00729	-2.61975	0.03542	0.00729
GCG	GCA	GA	1.86792	0.00415	0.00917	-1.86792	0.02687	0.00917
GAT	TAT	GT	-0.82384	0.00827	0.00533	0.82384	0.00363	0.00533
GAT	CAT	GC	-6.36357	0.01847	0.00020	6.36357	0.00003	0.00020
GAT	AAT	GA	-1.84497	0.02971	0.01029	1.84497	0.00470	0.01029
GAT	GTT	AT	-9.20545	0.00827	0.00001	9.20545	0.00000	0.00000
GAT	GCT	AC	-0.49437	0.01847	0.01428	0.49437	0.01126	0.01428
GAC	TAC	GT	-0.77163	0.03552	0.02356	0.77163	0.01642	0.02356
GAC	CAC	GC	-1.50954	0.07934	0.03398	1.50954	0.01753	0.03398
GAC	AAC	GA	0.16439	0.12765	0.13843	-0.16439	0.15046	0.13843
GAC	GTC	AT	-1.61573	0.03552	0.01424	1.61573	0.00706	0.01424
GAC	GCC	AC	-0.99170	0.07934	0.04640	0.99170	0.02943	0.04640
GAC	GAT	CT	-0.65417	0.11150	0.07898	0.65417	0.05797	0.07898
GAA	CAA	GC	-1.77243	0.02940	0.01067	1.77243	0.00500	0.01067
GAA	AAA	GA	0.03419	0.04731	0.04812	-0.03419	0.04895	0.04812
GAA	GTA	AT	-1.81592	0.01317	0.00465	1.81592	0.00214	0.00465
GAA	GCA	AC	-1.41920	0.02940	0.01332	1.41920	0.00711	0.01332
GAA	GAT	AT	-0.32984	0.01317	0.01111	0.32984	0.00947	0.01111
GAA	GAC	AC	0.32433	0.02940	0.03443	-0.32433	0.04067	0.03443
GAG	CAG	GC	-1.35219	0.17900	0.08446	1.35219	0.04630	0.08446
GAG	AAG	GA	0.18513	0.28801	0.31549	-0.18513	0.34658	0.31549
GAG	GTG	AT	-1.55206	0.08015	0.03343	1.55206	0.01698	0.03343
GAG	GCG	AC	-4.90816	0.17900	0.00654	4.90816	0.00132	0.00654
GAG	GAT	GT	-1.95088	0.08015	0.02591	1.95088	0.01139	0.02591
GAG	GAC	GC	-1.29671	0.17900	0.08735	1.29671	0.04894	0.08735
GAG	GAA	GA	-1.62104	0.28801	0.11504	1.62104	0.05694	0.11504
GGT	TGT	GT	1.30133	0.00007	0.00012	-1.30133	0.00025	0.00012
GGT	CGT	GC	2.62304	0.00015	0.00044	-2.62304	0.00213	0.00044
GGT	AGT	GA	1.28385	0.00025	0.00044	-1.28385	0.00090	0.00044
GGT	GTT	GT	-4.23830	0.00007	0.00000	4.23830	0.00000	0.00000
GGT	GCT	GC	4.47279	0.00015	0.00070	-4.47279	0.01356	0.00070
GGT	GAT	GA	4.96716	0.00025	0.00125	-4.96716	0.03576	0.00125
GGC	TGC	GT	-0.48571	0.01707	0.01326	0.48571	0.01050	0.01326
GGC	CGC	GC	-0.86378	0.03812	0.02400	0.86378	0.01607	0.02400
GGC	AGC	GA	-0.33329	0.06134	0.05168	0.33329	0.04395	0.05168
GGC	GTC	GT	-0.69755	0.01707	0.01180	0.69755	0.00850	0.01180
GGC	GCC	GC	-0.07352	0.03812	0.03674	0.07352	0.03542	0.03674
GGC	GAC	GA	0.91818	0.06134	0.09374	-0.91818	0.15363	0.09374
GGC	GGT	CT	-4.70315	0.05358	0.00231	4.70315	0.00049	0.00231
GGA	CGA	GC	-0.69018	0.00800	0.00555	0.69018	0.00401	0.00555
GGA	AGA	GA	-1.86246	0.01286	0.00440	1.86246	0.00200	0.00440
GGA	GTA	GT	-0.32848	0.00358	0.00302	0.32848	0.00258	0.00302
GGA	GCA	GC	0.06825	0.00800	0.00827	-0.06825	0.00856	0.00827
GGA	GAA	GA	1.48745	0.01286	0.02472	-1.48745	0.05694	0.02472
GGA	GGT	AT	-3.80955	0.00358	0.00031	3.80955	0.00008	0.00031
GGA	GGC	AC	0.89360	0.00800	0.01209	-0.89360	0.01954	0.01209
GGG	TGG	GT	0.03836	0.01109	0.01130	-0.03836	0.01152	0.01130
GGG	CGG	GC	-1.24518	0.02476	0.01246	1.24518	0.00713	0.01246
GGG	AGG	GA	-0.35020	0.03984	0.03327	0.35020	0.02807	0.03327
GGG	GTG	GT	0.61130	0.01109	0.01482	-0.61130	0.02043	0.01482
GGG	GCG	GC	-2.74480	0.02476	0.00467	2.74480	0.00159	0.00467
GGG	GAG	GA	2.16336	0.03984	0.09738	-2.16336	0.34662	0.09738
GGG	GGT	GT	-4.75468	0.01109	0.00046	4.75468	0.00010	0.00046
GGG	GGC	GC	-0.05153	0.02476	0.02413	0.05153	0.02352	0.02413
GGG	GGA	GA	-0.94513	0.03984	0.02394	0.94513	0.01548	0.02394


Histograms
2Ns	FMut	FSub(CodonUsage)	FSubw(after w)

-9.26544	0.00734	0.00001
-8.33890	0.00354	0.00001
-7.41236	0.00435	0.00003
-6.48581	0.00132	0.00002
-5.55927	0.00385	0.00012
-4.63272	0.02199	0.00129
-3.70618	0.02141	0.00311
-2.77963	0.13636	0.03601
-1.85309	0.24550	0.13037
-0.92654	0.20752	0.17700
0.00000	0.21354	0.30410
0.92654	0.08061	0.17700
1.85309	0.04334	0.13037
2.77963	0.00853	0.03601
3.70618	0.00059	0.00311
4.63272	0.00019	0.00129
5.55927	0.00002	0.00012
6.48581	0.00000	0.00002
7.41236	0.00000	0.00002
8.33890	0.00000	0.00000
9.26544	0.00000	0.00000

Proportion of advantageous (S > 0) mutations:
 0.22852

Proportions of good & bad mutations (|S| > 2.0000) among mutations:
0.01532  0.24988

mean |Ns| = 1.58333	mean Ns+ = 0.84821	mean Ns- = -1.80108


MLEs of dN/dS (w) for site classes (K=4)

site class             0        1       2a       2b
proportion       0.87242  0.07124  0.05209  0.00425
background w     0.03900  1.41639  0.03900  1.41639
foreground w     0.03900  1.41639  0.00000  0.00000

Naive Empirical Bayes (NEB) probabilities for 4 classes
(amino acids refer to 1st sequence: Bacu)

   1 E   0.93919 0.00394 0.05654 0.00032 ( 1)
   2 S   0.94098 0.00209 0.05675 0.00018 ( 1)
   3 G   0.94184 0.00116 0.05690 0.00011 ( 1)
   4 A   0.93937 0.00376 0.05656 0.00030 ( 1)
   5 G   0.94184 0.00116 0.05690 0.00011 ( 1)
   6 K   0.93355 0.00968 0.05606 0.00071 ( 1)
   7 T   0.94167 0.00134 0.05686 0.00012 ( 1)
   8 V   0.94254 0.00007 0.05739 0.00001 ( 1)
   9 N   0.94042 0.00268 0.05668 0.00022 ( 1)
  10 T   0.94231 0.00060 0.05703 0.00006 ( 1)
  11 K   0.93373 0.00950 0.05607 0.00070 ( 1)
  12 R   0.94257 0.00016 0.05726 0.00002 ( 1)
  13 V   0.94254 0.00007 0.05739 0.00001 ( 1)
  14 I   0.93786 0.00531 0.05642 0.00041 ( 1)
  15 Q   0.93623 0.00697 0.05627 0.00053 ( 1)
  16 Y   0.94153 0.00150 0.05684 0.00013 ( 1)
  17 F   0.92352 0.01978 0.05535 0.00135 ( 1)
  18 A   0.91740 0.02594 0.05494 0.00172 ( 1)
  19 V   0.93944 0.00300 0.05720 0.00036 ( 1)
  20 I   0.92376 0.01954 0.05536 0.00134 ( 1)
  21 A   0.93686 0.00630 0.05635 0.00049 ( 1)
  22 A   0.93466 0.00846 0.05622 0.00066 ( 1)
  23 I   0.92561 0.01747 0.05561 0.00131 ( 1)
  24 G   0.94158 0.00150 0.05679 0.00013 ( 1)
  25 D   0.93486 0.00836 0.05616 0.00062 ( 1)
  26 R   0.94125 0.00179 0.05680 0.00016 ( 1)
  27 S   0.94247 0.00038 0.05711 0.00004 ( 1)
  28 K   0.93355 0.00968 0.05606 0.00071 ( 1)
  29 K   0.93517 0.00806 0.05618 0.00060 ( 1)
  30 E   0.93432 0.00890 0.05612 0.00066 ( 1)
  31 Q   0.08945 0.84121 0.00538 0.06395 ( 2)
  32 T   0.01259 0.98647 0.00000 0.00094 ( 2)
  33 S   0.60526 0.33472 0.03631 0.02371 ( 1)
  34 G   0.94099 0.00208 0.05675 0.00018 ( 1)
  35 K   0.93355 0.00968 0.05606 0.00071 ( 1)
  36 N   0.93953 0.00309 0.05705 0.00034 ( 1)
  37 S   0.94170 0.00048 0.05774 0.00007 ( 1)
  38 F   0.00000 0.99982 0.00000 0.00018 ( 2)
  39 E   0.93575 0.00714 0.05648 0.00063 ( 1)
  40 Q   0.93721 0.00564 0.05663 0.00052 ( 1)
  41 L   0.93910 0.00389 0.05668 0.00034 ( 1)
  42 C   0.94198 0.00024 0.05774 0.00004 ( 1)
  43 I   0.93862 0.00418 0.05680 0.00040 ( 1)
  44 N   0.94068 0.00199 0.05712 0.00022 ( 1)
  45 F   0.93991 0.00282 0.05698 0.00029 ( 1)
  46 T   0.94193 0.00039 0.05763 0.00006 ( 1)
  47 N   0.94070 0.00193 0.05715 0.00022 ( 1)
  48 E   0.93555 0.00734 0.05647 0.00065 ( 1)
  49 K   0.93485 0.00805 0.05640 0.00070 ( 1)
  50 L   0.91870 0.02442 0.05513 0.00175 ( 1)
  51 Q   0.93731 0.00554 0.05664 0.00051 ( 1)
  52 Q   0.93721 0.00564 0.05663 0.00052 ( 1)
  53 F   0.93991 0.00282 0.05698 0.00029 ( 1)
  54 F   0.93991 0.00282 0.05698 0.00029 ( 1)
  55 N   0.94068 0.00199 0.05712 0.00022 ( 1)
  56 H   0.94196 0.00030 0.05769 0.00005 ( 1)
  57 H   0.94196 0.00030 0.05769 0.00005 ( 1)
  58 M   0.94142 0.00113 0.05732 0.00014 ( 1)
  59 F   0.93991 0.00282 0.05698 0.00029 ( 1)
  60 V   0.80363 0.13287 0.04881 0.01469 ( 1)
  61 L   0.91840 0.02472 0.05512 0.00177 ( 1)
  62 E   0.93655 0.00635 0.05654 0.00056 ( 1)
  63 Q   0.93735 0.00549 0.05666 0.00051 ( 1)
  64 E   0.93555 0.00734 0.05647 0.00065 ( 1)
  65 E   0.93873 0.00409 0.05679 0.00039 ( 1)
  66 Y   0.94145 0.00109 0.05733 0.00013 ( 1)
  67 K   0.93485 0.00805 0.05640 0.00070 ( 1)
  68 K   0.93485 0.00805 0.05640 0.00070 ( 1)
  69 E   0.93555 0.00734 0.05647 0.00065 ( 1)
  70 G   0.94111 0.00150 0.05722 0.00017 ( 1)
  71 I   0.93862 0.00418 0.05680 0.00040 ( 1)
  72 E   0.73270 0.20506 0.04422 0.01802 ( 1)
  73 W   0.93714 0.00572 0.05663 0.00052 ( 1)
  74 E   0.56725 0.36632 0.03424 0.03219 ( 1)
  75 F   0.93991 0.00282 0.05698 0.00029 ( 1)
  76 I   0.93862 0.00418 0.05680 0.00040 ( 1)
  77 D   0.94099 0.00163 0.05719 0.00018 ( 1)
  78 F   0.93983 0.00292 0.05695 0.00030 ( 1)
  79 G   0.94111 0.00149 0.05723 0.00017 ( 1)
  80 M   0.89912 0.04120 0.05474 0.00494 ( 1)
  81 D   0.94099 0.00163 0.05719 0.00018 ( 1)
  82 L   0.91840 0.02472 0.05512 0.00177 ( 1)
  83 Q   0.03964 0.96036 0.00000 0.00000 ( 2)
  84 A   0.80735 0.13127 0.04884 0.01254 ( 1)
  85 C   0.94197 0.00025 0.05774 0.00004 ( 1)
  86 I   0.93828 0.00455 0.05674 0.00043 ( 1)
  87 D   0.93624 0.06376 0.00000 0.00000 ( 1)
  88 L   0.94026 0.00243 0.05706 0.00026 ( 1)
  89 I   0.93836 0.00443 0.05678 0.00043 ( 1)
  90 E   0.93529 0.00759 0.05645 0.00067 ( 1)
  91 K   0.93458 0.00831 0.05638 0.00072 ( 1)
  92 P   0.94227 0.00015 0.05757 0.00002 ( 1)
  93 M   0.94169 0.00112 0.05708 0.00011 ( 1)
  94 G   0.94137 0.00149 0.05700 0.00015 ( 1)
  95 I   0.93883 0.00417 0.05664 0.00036 ( 1)
  96 M   0.35575 0.56485 0.02156 0.05784 ( 2)
  97 S   0.94132 0.00154 0.05699 0.00015 ( 1)
  98 I   0.93890 0.00411 0.05664 0.00036 ( 1)
  99 L   0.92494 0.01835 0.05544 0.00126 ( 1)
 100 E   0.93583 0.00724 0.05634 0.00058 ( 1)
 101 E   0.93581 0.00726 0.05634 0.00059 ( 1)
 102 E   0.93581 0.00726 0.05634 0.00059 ( 1)
 103 C   0.94231 0.00024 0.05742 0.00003 ( 1)
 104 M   0.94170 0.00110 0.05708 0.00011 ( 1)
 105 F   0.94017 0.00278 0.05680 0.00025 ( 1)
 106 P   0.94230 0.00011 0.05757 0.00002 ( 1)
 107 K   0.93512 0.00797 0.05628 0.00063 ( 1)
 108 A   0.93862 0.00438 0.05662 0.00038 ( 1)
 109 T   0.94232 0.00014 0.05752 0.00002 ( 1)
 110 D   0.94127 0.00160 0.05698 0.00016 ( 1)
 111 M   0.94170 0.00110 0.05708 0.00011 ( 1)
 112 T   0.94226 0.00038 0.05732 0.00004 ( 1)
 113 F   0.94017 0.00278 0.05680 0.00025 ( 1)
 114 K   0.71429 0.22484 0.04299 0.01789 ( 1)
 115 A   0.92138 0.02166 0.05535 0.00161 ( 1)
 116 K   0.93526 0.00782 0.05629 0.00062 ( 1)
 117 L   0.91949 0.02367 0.05516 0.00168 ( 1)
 118 F   0.00000 1.00000 0.00000 0.00000 ( 2)
 119 D   0.94135 0.00152 0.05698 0.00015 ( 1)
 120 N   0.25442 0.66669 0.01539 0.06349 ( 2)
 121 H   0.94231 0.00027 0.05738 0.00003 ( 1)
 122 L   0.91900 0.02425 0.05509 0.00167 ( 1)
 123 G   0.94156 0.00117 0.05715 0.00013 ( 1)
 124 K   0.93602 0.00698 0.05642 0.00058 ( 1)
 125 S   0.94151 0.00122 0.05714 0.00013 ( 1)
 126 S   0.00000 1.00000 0.00000 0.00000 ( 2)
 127 N   0.94120 0.00148 0.05716 0.00016 ( 1)
 128 F   0.94058 0.00216 0.05703 0.00022 ( 1)
 129 Q   0.93850 0.00438 0.05672 0.00040 ( 1)
 130 K   0.93642 0.00651 0.05650 0.00057 ( 1)
 131 P   0.93797 0.00380 0.05760 0.00063 ( 1)
 132 R   0.94147 0.00156 0.05683 0.00014 ( 1)
 133 N   0.94146 0.00071 0.05772 0.00011 ( 1)
 134 I   0.84098 0.09908 0.05080 0.00914 ( 1)
 135 K   0.93649 0.00644 0.05651 0.00056 ( 1)
 136 G   0.94198 0.00051 0.05745 0.00007 ( 1)
 137 K   0.00005 0.99995 0.00000 0.00000 ( 2)
 138 P   0.94203 0.00009 0.05787 0.00001 ( 1)
 139 E   0.94057 0.00219 0.05701 0.00022 ( 1)
 140 A   0.93949 0.00334 0.05685 0.00032 ( 1)
 141 H   0.94208 0.00017 0.05772 0.00003 ( 1)
 142 F   0.94072 0.00203 0.05704 0.00021 ( 1)
 143 S   0.94157 0.00106 0.05725 0.00012 ( 1)
 144 L   0.92095 0.02218 0.05527 0.00159 ( 1)
 145 I   0.00724 0.99276 0.00000 0.00000 ( 2)
 146 H   0.94208 0.00017 0.05772 0.00003 ( 1)
 147 Y   0.94044 0.00234 0.05698 0.00024 ( 1)
 148 A   0.93908 0.00376 0.05680 0.00036 ( 1)
 149 G   0.94161 0.00101 0.05726 0.00012 ( 1)
 150 T   0.94207 0.00035 0.05753 0.00005 ( 1)
 151 V   0.94140 0.00127 0.05719 0.00014 ( 1)
 152 D   0.94153 0.00115 0.05720 0.00013 ( 1)
 153 Y   0.94186 0.00069 0.05737 0.00008 ( 1)
 154 N   0.94130 0.00138 0.05717 0.00015 ( 1)
 155 I   0.93969 0.00313 0.05687 0.00030 ( 1)
 156 I   0.83223 0.10992 0.04310 0.01474 ( 1)
 157 G   0.94162 0.00100 0.05726 0.00012 ( 1)
 158 W   0.93846 0.00442 0.05671 0.00041 ( 1)
 159 L   0.93657 0.00639 0.05649 0.00055 ( 1)
 160 Q   0.79887 0.13967 0.04831 0.01315 ( 1)
 161 K   0.93960 0.00325 0.05684 0.00031 ( 1)
 162 N   0.94130 0.00138 0.05717 0.00015 ( 1)
 163 K   0.93984 0.00298 0.05689 0.00029 ( 1)
 164 D   0.94153 0.00111 0.05723 0.00013 ( 1)
 165 P   0.94200 0.00007 0.05792 0.00001 ( 1)
 166 L   0.94108 0.00163 0.05711 0.00018 ( 1)
 167 N   0.94146 0.00123 0.05718 0.00014 ( 1)
 168 E   0.93710 0.00582 0.05657 0.00051 ( 1)
 169 T   0.94193 0.00061 0.05738 0.00008 ( 1)
 170 V   0.94170 0.00089 0.05730 0.00011 ( 1)
 171 V   0.94140 0.00127 0.05719 0.00014 ( 1)
 172 E   0.06290 0.93706 0.00000 0.00004 ( 2)
 173 L   0.94206 0.00012 0.05780 0.00002 ( 1)
 174 Y   0.94186 0.00069 0.05737 0.00008 ( 1)
 175 K   0.75815 0.18025 0.04576 0.01585 ( 1)
 176 K   0.93852 0.00431 0.05676 0.00041 ( 1)
 177 S   0.94157 0.00106 0.05725 0.00012 ( 1)
 178 S   0.94181 0.00066 0.05744 0.00008 ( 1)
 179 L   0.81193 0.12534 0.04928 0.01345 ( 1)
 180 K   0.93581 0.00711 0.05646 0.00062 ( 1)
 181 M   0.00001 0.99977 0.00000 0.00022 ( 2)
 182 L   0.93934 0.00348 0.05685 0.00034 ( 1)
 183 S   0.91434 0.02649 0.05577 0.00341 ( 1)
 184 T   0.41493 0.50137 0.02524 0.05846 ( 2)
 185 L   0.91516 0.02801 0.05488 0.00195 ( 1)
 186 F   0.92269 0.02036 0.05544 0.00152 ( 1)
 187 A   0.93674 0.00617 0.05655 0.00055 ( 1)
 188 N   0.93976 0.00303 0.05691 0.00030 ( 1)
 189 Y   0.92940 0.01363 0.05591 0.00107 ( 1)
 190 A   0.91250 0.03070 0.05469 0.00211 ( 1)
 191 G   0.94124 0.00141 0.05719 0.00016 ( 1)
 192 F   0.92236 0.02074 0.05538 0.00152 ( 1)
 193 D   0.94021 0.00255 0.05698 0.00026 ( 1)
 194 S   0.81305 0.12542 0.04922 0.01231 ( 1)
 195 Y   0.94175 0.00085 0.05730 0.00010 ( 1)
 196 R   0.94162 0.00110 0.05715 0.00012 ( 1)
 197 I   0.93924 0.00353 0.05688 0.00034 ( 1)
 198 L   0.91975 0.02340 0.05518 0.00167 ( 1)
 199 N   0.94107 0.00155 0.05720 0.00018 ( 1)
 200 P   0.94192 0.00010 0.05796 0.00002 ( 1)
 201 A   0.94040 0.00230 0.05706 0.00024 ( 1)
 202 A   0.93911 0.00367 0.05686 0.00036 ( 1)
 203 I   0.93933 0.00344 0.05689 0.00034 ( 1)
 204 P   0.94188 0.00006 0.05804 0.00001 ( 1)
 205 E   0.93659 0.00628 0.05657 0.00057 ( 1)
 206 G   0.94141 0.00115 0.05730 0.00014 ( 1)
 207 Q   0.93809 0.00474 0.05672 0.00045 ( 1)
 208 F   0.94043 0.00226 0.05707 0.00024 ( 1)
 209 I   0.92727 0.01575 0.05576 0.00122 ( 1)
 210 D   0.94132 0.00126 0.05727 0.00015 ( 1)
 211 S   0.94197 0.00016 0.05785 0.00003 ( 1)
 212 R   0.94183 0.00006 0.05810 0.00001 ( 1)
 213 K   0.93949 0.00328 0.05691 0.00033 ( 1)
 214 G   0.94184 0.00059 0.05750 0.00008 ( 1)
 215 S   0.00000 0.92390 0.00000 0.07610 ( 2)
 216 E   0.93659 0.00628 0.05657 0.00057 ( 1)
 217 K   0.93595 0.00693 0.05650 0.00061 ( 1)
 218 L   0.92011 0.02298 0.05524 0.00167 ( 1)
 219 L   0.92119 0.02175 0.05539 0.00167 ( 1)
 220 G   0.90092 0.03953 0.05483 0.00471 ( 1)
 221 S   0.94136 0.00121 0.05729 0.00014 ( 1)
 222 L   0.92011 0.02298 0.05524 0.00167 ( 1)
 223 D   0.94132 0.00126 0.05727 0.00015 ( 1)
 224 I   0.92853 0.01451 0.05584 0.00112 ( 1)
 225 D   0.94132 0.00126 0.05727 0.00015 ( 1)
 226 H   0.94198 0.00021 0.05778 0.00003 ( 1)
 227 N   0.94107 0.00155 0.05720 0.00018 ( 1)
 228 Q   0.93809 0.00474 0.05672 0.00045 ( 1)
 229 Y   0.94169 0.00079 0.05741 0.00010 ( 1)
 230 K   0.93595 0.00693 0.05650 0.00061 ( 1)
 231 F   0.94036 0.00232 0.05706 0.00025 ( 1)
 232 G   0.94141 0.00115 0.05730 0.00014 ( 1)
 233 H   0.94198 0.00021 0.05778 0.00003 ( 1)
 234 T   0.94198 0.00027 0.05771 0.00004 ( 1)
 235 K   0.93595 0.00693 0.05650 0.00061 ( 1)
 236 D   0.90258 0.03804 0.05491 0.00447 ( 1)
 237 S   0.37839 0.53432 0.02304 0.06426 ( 2)
 238 L   0.92260 0.02052 0.05538 0.00149 ( 1)
 239 L   0.92238 0.02074 0.05537 0.00151 ( 1)
 240 V   0.94200 0.00011 0.05788 0.00002 ( 1)
 241 I   0.93984 0.00295 0.05692 0.00029 ( 1)
 242 Q   0.93872 0.00413 0.05676 0.00039 ( 1)
 243 W   0.93866 0.00419 0.05676 0.00039 ( 1)
 244 N   0.94150 0.00114 0.05723 0.00013 ( 1)
 245 I   0.92846 0.01458 0.05583 0.00113 ( 1)
 246 R   0.94195 0.00008 0.05796 0.00001 ( 1)
 247 A   0.93964 0.00315 0.05689 0.00031 ( 1)
 248 F   0.94081 0.00189 0.05709 0.00020 ( 1)
 249 M   0.94183 0.00068 0.05741 0.00009 ( 1)
 250 G   0.89164 0.04758 0.05443 0.00634 ( 1)
 251 V   0.94164 0.00002 0.05834 0.00000 ( 1)
 252 K   0.93675 0.00615 0.05655 0.00055 ( 1)
 253 N   0.94148 0.00110 0.05729 0.00013 ( 1)
 254 W   0.93866 0.00419 0.05676 0.00039 ( 1)
 255 P   0.94182 0.00005 0.05812 0.00001 ( 1)
 256 W   0.93866 0.00419 0.05676 0.00039 ( 1)
 257 M   0.94183 0.00068 0.05741 0.00009 ( 1)
 258 K   0.93675 0.00615 0.05655 0.00055 ( 1)
 259 L   0.94115 0.00152 0.05716 0.00017 ( 1)
 260 Y   0.94186 0.00063 0.05743 0.00008 ( 1)
 261 F   0.94079 0.00191 0.05709 0.00020 ( 1)
 262 K   0.93675 0.00615 0.05655 0.00055 ( 1)
 263 I   0.93984 0.00295 0.05692 0.00029 ( 1)
 264 K   0.93998 0.00280 0.05694 0.00028 ( 1)
 265 P   0.94195 0.00008 0.05796 0.00001 ( 1)
 266 L   0.92331 0.01982 0.05543 0.00144 ( 1)
 267 L   0.92286 0.02001 0.05554 0.00158 ( 1)
 268 K   0.93675 0.00615 0.05655 0.00055 ( 1)
 269 S   0.94171 0.00008 0.05819 0.00002 ( 1)
 270 A   0.94078 0.00193 0.05708 0.00021 ( 1)
 271 E   0.93734 0.00555 0.05661 0.00050 ( 1)
 272 T   0.38338 0.53356 0.02329 0.05976 ( 2)
 273 E   0.93734 0.00555 0.05661 0.00050 ( 1)
 274 K   0.93675 0.00615 0.05655 0.00055 ( 1)
 275 E   0.94039 0.00237 0.05700 0.00024 ( 1)
 276 I   0.00686 0.99314 0.00000 0.00000 ( 2)
 277 A   0.93964 0.00315 0.05689 0.00031 ( 1)
 278 L   0.00000 1.00000 0.00000 0.00000 ( 2)
 279 M   0.94183 0.00068 0.05741 0.00009 ( 1)
 280 K   0.93675 0.00615 0.05655 0.00055 ( 1)
 281 E   0.93734 0.00555 0.05661 0.00050 ( 1)
 282 E   0.93734 0.00555 0.05661 0.00050 ( 1)
 283 F   0.92826 0.01478 0.05582 0.00114 ( 1)
 284 G   0.94197 0.00046 0.05751 0.00006 ( 1)
 285 R   0.94175 0.00078 0.05737 0.00010 ( 1)
 286 L   0.94115 0.00152 0.05716 0.00017 ( 1)
 287 K   0.93998 0.00280 0.05694 0.00028 ( 1)
 288 E   0.93734 0.00555 0.05661 0.00050 ( 1)
 289 A   0.03922 0.96078 0.00000 0.00000 ( 2)
 290 L   0.92142 0.02169 0.05531 0.00157 ( 1)
 291 E   0.93734 0.00555 0.05661 0.00050 ( 1)
 292 K   0.93675 0.00615 0.05655 0.00055 ( 1)
 293 S   0.94184 0.00054 0.05755 0.00007 ( 1)
 294 E   0.93734 0.00555 0.05661 0.00050 ( 1)
 295 A   0.47709 0.46142 0.02863 0.03286 ( 1)
 296 R   0.94262 0.00034 0.05701 0.00003 ( 1)
 297 R   0.94175 0.00078 0.05737 0.00010 ( 1)
 298 K   0.93675 0.00615 0.05655 0.00055 ( 1)
 299 E   0.77185 0.16662 0.04661 0.01492 ( 1)
 300 L   0.92142 0.02169 0.05531 0.00157 ( 1)
 301 E   0.93734 0.00555 0.05661 0.00050 ( 1)
 302 E   0.93735 0.00553 0.05661 0.00050 ( 1)
 303 K   0.93675 0.00615 0.05655 0.00055 ( 1)
 304 M   0.94183 0.00068 0.05741 0.00009 ( 1)
 305 V   0.94145 0.00117 0.05724 0.00013 ( 1)
 306 S   0.94160 0.00098 0.05730 0.00012 ( 1)
 307 L   0.92142 0.02169 0.05531 0.00157 ( 1)
 308 L   0.92142 0.02169 0.05531 0.00157 ( 1)
 309 Q   0.93872 0.00413 0.05676 0.00039 ( 1)
 310 E   0.93734 0.00555 0.05661 0.00050 ( 1)
 311 K   0.93675 0.00615 0.05655 0.00055 ( 1)
 312 N   0.94215 0.00052 0.05727 0.00006 ( 1)
 313 D   0.94156 0.00103 0.05729 0.00012 ( 1)
 314 L   0.92162 0.02147 0.05534 0.00158 ( 1)
 315 Q   0.93872 0.00413 0.05676 0.00039 ( 1)
 316 L   0.94115 0.00152 0.05716 0.00017 ( 1)
 317 Q   0.94176 0.00078 0.05736 0.00010 ( 1)
 318 V   0.89144 0.04876 0.05420 0.00561 ( 1)
 319 Q   0.93856 0.00428 0.05675 0.00040 ( 1)
 320 -   0.93422 0.00850 0.05648 0.00080 ( 1)
 321 E   0.93909 0.00357 0.05696 0.00038 ( 1)
 322 Q   0.94090 0.00159 0.05731 0.00020 ( 1)
 323 D   0.94055 0.00199 0.05722 0.00023 ( 1)
 324 N   0.94025 0.00233 0.05715 0.00026 ( 1)
 325 L   0.91753 0.02554 0.05508 0.00185 ( 1)
 326 A   0.02262 0.91114 0.00136 0.06488 ( 2)
 327 D   0.93498 0.00783 0.05648 0.00071 ( 1)
 328 A   0.94155 0.00011 0.05832 0.00002 ( 1)
 329 E   0.93909 0.00357 0.05696 0.00038 ( 1)
 330 E   0.93648 0.00636 0.05658 0.00058 ( 1)
 331 R   0.94091 0.00158 0.05732 0.00019 ( 1)
 332 C   0.94190 0.00023 0.05783 0.00004 ( 1)
 333 D   0.94055 0.00199 0.05722 0.00023 ( 1)
 334 Q   0.93629 0.00649 0.05662 0.00061 ( 1)
 335 L   0.91694 0.02612 0.05504 0.00190 ( 1)
 336 I   0.93787 0.00484 0.05680 0.00048 ( 1)
 337 K   0.93382 0.00901 0.05637 0.00080 ( 1)
 338 N   0.94018 0.00240 0.05715 0.00027 ( 1)
 339 K   0.93382 0.00901 0.05637 0.00080 ( 1)
 340 I   0.93787 0.00484 0.05680 0.00048 ( 1)
 341 Q   0.93630 0.00647 0.05662 0.00061 ( 1)
 342 L   0.91734 0.02572 0.05507 0.00187 ( 1)
 343 E   0.93456 0.00825 0.05644 0.00074 ( 1)
 344 A   0.93761 0.00511 0.05677 0.00050 ( 1)
 345 K   0.93383 0.00900 0.05637 0.00080 ( 1)
 346 V   0.94114 0.00146 0.05722 0.00017 ( 1)
 347 K   0.93588 0.00701 0.05650 0.00062 ( 1)
 348 E   0.09907 0.82093 0.00598 0.07402 ( 2)
 349 M   0.90186 0.03836 0.05497 0.00481 ( 1)
 350 T   0.94194 0.00031 0.05771 0.00005 ( 1)
 351 E   0.93651 0.00635 0.05656 0.00057 ( 1)
 352 R   0.83310 0.09666 0.05140 0.01884 ( 1)
 353 L   0.51692 0.42146 0.03103 0.03059 ( 1)
 354 E   0.44346 0.48595 0.02678 0.04382 ( 2)
 355 D   0.84713 0.09067 0.05154 0.01066 ( 1)
 356 E   0.08219 0.83617 0.00497 0.07668 ( 2)
 357 E   0.76575 0.17245 0.04625 0.01555 ( 1)
 358 E   0.93651 0.00635 0.05656 0.00057 ( 1)
 359 M   0.90803 0.03254 0.05535 0.00408 ( 1)
 360 N   0.90341 0.03737 0.05493 0.00430 ( 1)
 361 A   0.93900 0.00377 0.05685 0.00037 ( 1)
 362 E   0.75131 0.18650 0.04538 0.01682 ( 1)
 363 L   0.94089 0.00177 0.05715 0.00020 ( 1)
 364 T   0.94194 0.00053 0.05746 0.00007 ( 1)
 365 A   0.15648 0.75922 0.00947 0.07483 ( 2)
 366 K   0.93490 0.00796 0.05644 0.00071 ( 1)
 367 K   0.93490 0.00796 0.05644 0.00071 ( 1)
 368 R   0.94122 0.00129 0.05733 0.00016 ( 1)
 369 K   0.93490 0.00796 0.05644 0.00071 ( 1)
 370 L   0.91848 0.02460 0.05514 0.00179 ( 1)
 371 E   0.93970 0.00298 0.05700 0.00031 ( 1)
 372 D   0.94067 0.00188 0.05723 0.00022 ( 1)
 373 E   0.93559 0.00725 0.05651 0.00065 ( 1)
 374 C   0.94188 0.00025 0.05783 0.00004 ( 1)
 375 S   0.94157 0.00085 0.05746 0.00011 ( 1)
 376 E   0.93559 0.00725 0.05651 0.00065 ( 1)
 377 L   0.94035 0.00228 0.05712 0.00025 ( 1)
 378 K   0.93490 0.00796 0.05644 0.00071 ( 1)
 379 R   0.94179 0.00009 0.05810 0.00002 ( 1)
 380 D   0.94095 0.00162 0.05724 0.00019 ( 1)
 381 I   0.92571 0.01729 0.05567 0.00134 ( 1)
 382 D   0.93598 0.00685 0.05654 0.00062 ( 1)
 383 D   0.89629 0.04400 0.05453 0.00517 ( 1)
 384 L   0.02861 0.90406 0.00172 0.06561 ( 2)
 385 E   0.93730 0.00558 0.05661 0.00050 ( 1)
 386 L   0.92135 0.02176 0.05531 0.00158 ( 1)
 387 T   0.94196 0.00051 0.05746 0.00007 ( 1)
 388 L   0.02848 0.90419 0.00171 0.06562 ( 2)
 389 A   0.93966 0.00313 0.05689 0.00031 ( 1)
 390 K   0.93671 0.00619 0.05655 0.00055 ( 1)
 391 V   0.94168 0.00096 0.05725 0.00011 ( 1)
 392 E   0.77039 0.16794 0.04653 0.01514 ( 1)
 393 K   0.08996 0.83091 0.00543 0.07370 ( 2)
 394 E   0.93744 0.00545 0.05662 0.00049 ( 1)
 395 K   0.74951 0.18853 0.04525 0.01672 ( 1)
 396 H   0.94211 0.00008 0.05779 0.00001 ( 1)
 397 A   0.88727 0.05267 0.05396 0.00610 ( 1)
 398 T   0.94050 0.00211 0.05715 0.00024 ( 1)
 399 E   0.93559 0.00725 0.05651 0.00065 ( 1)
 400 N   0.89590 0.04459 0.05446 0.00506 ( 1)
 401 K   0.10103 0.82013 0.00610 0.07274 ( 2)
 402 L   0.92071 0.02239 0.05527 0.00163 ( 1)
 403 E   0.93694 0.00594 0.05659 0.00054 ( 1)
 404 G   0.94131 0.00130 0.05723 0.00015 ( 1)
 405 S   0.94148 0.00110 0.05729 0.00013 ( 1)
 406 L   0.92095 0.02215 0.05529 0.00161 ( 1)
 407 E   0.93708 0.00580 0.05660 0.00052 ( 1)
 408 Q   0.93850 0.00434 0.05675 0.00041 ( 1)
 409 E   0.93718 0.00567 0.05663 0.00052 ( 1)
 410 K   0.93647 0.00642 0.05653 0.00057 ( 1)
 411 K   0.93651 0.00638 0.05654 0.00057 ( 1)
 412 V   0.94135 0.00127 0.05723 0.00015 ( 1)
 413 R   0.93723 0.00575 0.05653 0.00049 ( 1)
 414 M   0.94177 0.00074 0.05741 0.00009 ( 1)
 415 D   0.94148 0.00111 0.05728 0.00013 ( 1)
 416 L   0.92106 0.02205 0.05529 0.00160 ( 1)
 417 E   0.94029 0.00242 0.05704 0.00025 ( 1)
 418 R   0.93846 0.00438 0.05675 0.00041 ( 1)
 419 A   0.93946 0.00333 0.05688 0.00033 ( 1)
 420 K   0.93647 0.00642 0.05653 0.00057 ( 1)
 421 R   0.94194 0.00009 0.05796 0.00002 ( 1)
 422 K   0.93653 0.00637 0.05654 0.00057 ( 1)
 423 L   0.94133 0.00123 0.05729 0.00015 ( 1)
 424 E   0.93708 0.00580 0.05660 0.00052 ( 1)
 425 G   0.94201 0.00063 0.05728 0.00007 ( 1)
 426 D   0.94147 0.00112 0.05728 0.00013 ( 1)
 427 L   0.92310 0.02002 0.05542 0.00146 ( 1)
 428 K   0.93647 0.00642 0.05653 0.00057 ( 1)
 429 L   0.92095 0.02215 0.05529 0.00161 ( 1)
 430 T   0.94202 0.00023 0.05771 0.00003 ( 1)
 431 Q   0.93850 0.00434 0.05675 0.00041 ( 1)
 432 E   0.93708 0.00580 0.05660 0.00052 ( 1)
 433 S   0.94200 0.00013 0.05785 0.00002 ( 1)
 434 I   0.19566 0.80434 0.00000 0.00000 ( 2)
 435 M   0.94177 0.00074 0.05741 0.00009 ( 1)
 436 D   0.93849 0.00435 0.05675 0.00041 ( 1)
 437 L   0.92403 0.01911 0.05547 0.00139 ( 1)
 438 E   0.93708 0.00580 0.05660 0.00052 ( 1)
 439 N   0.94126 0.00137 0.05721 0.00016 ( 1)
 440 D   0.89814 0.04225 0.05464 0.00497 ( 1)
 441 K   0.93647 0.00642 0.05653 0.00057 ( 1)
 442 Q   0.11811 0.88189 0.00000 0.00000 ( 2)
 443 Q   0.93850 0.00434 0.05675 0.00041 ( 1)
 444 L   0.92105 0.02204 0.05530 0.00161 ( 1)
 445 D   0.93548 0.00738 0.05648 0.00066 ( 1)
 446 E   0.93501 0.00787 0.05644 0.00069 ( 1)
 447 R   0.94191 0.00019 0.05786 0.00003 ( 1)
 448 L   0.93545 0.00741 0.05648 0.00066 ( 1)
 449 K   0.93842 0.00436 0.05680 0.00043 ( 1)


lnL = -4394.822129

Bayes Empirical Bayes (BEB) probabilities for 4 classes (class)
(amino acids refer to 1st sequence: Bacu)

   1 E   0.95558 0.01455 0.02938 0.00049 ( 1)
   2 S   0.96285 0.00944 0.02740 0.00030 ( 1)
   3 G   0.96796 0.00633 0.02552 0.00020 ( 1)
   4 A   0.95624 0.01407 0.02923 0.00047 ( 1)
   5 G   0.96796 0.00633 0.02552 0.00020 ( 1)
   6 K   0.93983 0.02670 0.03252 0.00095 ( 1)
   7 T   0.96682 0.00701 0.02596 0.00022 ( 1)
   8 V   0.98051 0.00092 0.01855 0.00002 ( 1)
   9 N   0.96032 0.01120 0.02811 0.00037 ( 1)
  10 T   0.97220 0.00402 0.02366 0.00012 ( 1)
  11 K   0.94017 0.02636 0.03253 0.00094 ( 1)
  12 R   0.97801 0.00162 0.02033 0.00004 ( 1)
  13 V   0.98051 0.00092 0.01855 0.00002 ( 1)
  14 I   0.95120 0.01780 0.03039 0.00061 ( 1)
  15 Q   0.94644 0.02148 0.03132 0.00075 ( 1)
  16 Y   0.96592 0.00754 0.02630 0.00024 ( 1)
  17 F   0.92014 0.04308 0.03515 0.00162 ( 1)
  18 A   0.91025 0.05165 0.03612 0.00199 ( 1)
  19 V   0.96102 0.02022 0.01822 0.00054 ( 1)
  20 I   0.92048 0.04284 0.03507 0.00161 ( 1)
  21 A   0.94879 0.01997 0.03055 0.00069 ( 1)
  22 A   0.94426 0.02447 0.03042 0.00084 ( 1)
  23 I   0.92732 0.03987 0.03141 0.00141 ( 1)
  24 G   0.96490 0.00751 0.02734 0.00024 ( 1)
  25 D   0.94289 0.02429 0.03197 0.00086 ( 1)
  26 R   0.96438 0.00851 0.02684 0.00027 ( 1)
  27 S   0.97450 0.00295 0.02247 0.00009 ( 1)
  28 K   0.93983 0.02670 0.03252 0.00095 ( 1)
  29 K   0.94299 0.02357 0.03260 0.00084 ( 1)
  30 E   0.94167 0.02522 0.03222 0.00089 ( 1)
  31 Q   0.11879 0.84456 0.00416 0.03249 ( 2)
  32 T   0.01829 0.90688 0.01957 0.05527 ( 2)
  33 S   0.57042 0.39306 0.02148 0.01504 ( 1)
  34 G   0.96299 0.00941 0.02730 0.00030 ( 1)
  35 K   0.93983 0.02670 0.03252 0.00095 ( 1)
  36 N   0.96657 0.01248 0.02059 0.00035 ( 1)
  37 S   0.98238 0.00351 0.01402 0.00008 ( 1)
  38 F   0.00001 0.93189 0.00001 0.06809 ( 2)
  39 E   0.95127 0.02175 0.02628 0.00069 ( 1)
  40 Q   0.95571 0.01873 0.02499 0.00058 ( 1)
  41 L   0.95853 0.01445 0.02656 0.00046 ( 1)
  42 C   0.98361 0.00216 0.01418 0.00005 ( 1)
  43 I   0.96063 0.01523 0.02367 0.00046 ( 1)
