Supplemental results for CODEML (seqf: /home/leticiamagpali/phd/evol_models/codeml/big_dataset/cml_align/PCDH15_codon_aligned.phy  treef: /home/leticiamagpali/phd/evol_models/codeml/big_dataset/cml_trees/gene_trees/H1b_gene_trees/PCDH15_tree_H1b.tre)

I	J	ij	2Ns_IJ	pMut_IJ	pSub_IJ	2Ns_JI	pMut_JI	pSub_JI

TTC	TTT	CT	1.11611	0.02657	0.04409	-1.11611	0.08110	0.04409
TTA	TTT	AT	1.52632	0.00415	0.00809	-1.52632	0.01908	0.00809
TTA	TTC	AC	0.41020	0.00583	0.00711	-0.41020	0.00879	0.00711
TTG	TTT	GT	1.34536	0.00686	0.01248	-1.34536	0.02634	0.01248
TTG	TTC	GC	0.22924	0.00965	0.01080	-0.22924	0.01214	0.01080
TTG	TTA	GA	-0.18096	0.03600	0.03284	0.18096	0.03004	0.03284
TCT	TTT	CT	1.52269	0.01769	0.03445	-1.52269	0.08110	0.03445
TCC	TTC	CT	0.68252	0.01889	0.02606	-0.68252	0.03737	0.02606
TCC	TCT	CT	0.27594	0.01889	0.02161	-0.27594	0.02489	0.02161
TCA	TTA	CT	0.21039	0.01882	0.02087	-0.21039	0.02323	0.02087
TCA	TCT	AT	0.21401	0.00473	0.00525	-0.21401	0.00585	0.00525
TCA	TCC	AC	-0.06193	0.00665	0.00645	0.06193	0.00625	0.00645
TCG	TTG	CT	3.11687	0.00170	0.00555	-3.11687	0.03843	0.00555
TCG	TCT	GT	2.93953	0.00043	0.00133	-2.93953	0.00808	0.00133
TCG	TCC	GC	2.66359	0.00060	0.00172	-2.66359	0.00863	0.00172
TCG	TCA	GA	2.72552	0.00224	0.00654	-2.72552	0.03425	0.00654
TAT	TTT	AT	0.28676	0.01432	0.01648	-0.28676	0.01908	0.01648
TAT	TCT	AC	-1.23594	0.02015	0.01020	1.23594	0.00585	0.01020
TAC	TTC	AT	-0.12753	0.00999	0.00936	0.12753	0.00879	0.00936
TAC	TCC	AC	-0.81005	0.01405	0.00912	0.81005	0.00625	0.00912
TAC	TAT	CT	0.70183	0.03978	0.05535	-0.70183	0.08025	0.05535
TGT	TTT	GT	2.76175	0.00166	0.00491	-2.76175	0.02634	0.00491
TGT	TCT	GC	1.23905	0.00234	0.00408	-1.23905	0.00808	0.00408
TGT	TAT	GA	2.47499	0.00873	0.02360	-2.47499	0.10377	0.02360
TGC	TTC	GT	1.99619	0.00165	0.00381	-1.99619	0.01214	0.00381
TGC	TCC	GC	1.31367	0.00232	0.00417	-1.31367	0.00863	0.00417
TGC	TAC	GA	2.12372	0.00865	0.02087	-2.12372	0.07236	0.02087
TGC	TGT	CT	0.35056	0.00657	0.00778	-0.35056	0.00932	0.00778
TGG	TTG	GT	2.94495	0.00066	0.00204	-2.94495	0.01248	0.00204
TGG	TCG	GC	-0.17192	0.00092	0.00085	0.17192	0.00078	0.00085
TGG	TGT	GT	1.52856	0.00066	0.00128	-1.52856	0.00303	0.00128
TGG	TGC	GC	1.17801	0.00092	0.00157	-1.17801	0.00300	0.00157
CTT	TTT	CT	0.61894	0.04368	0.05858	-0.61894	0.08110	0.05858
CTC	TTC	CT	0.14445	0.03235	0.03474	-0.14445	0.03737	0.03474
CTC	CTT	CT	0.64163	0.03235	0.04382	-0.64163	0.06144	0.04382
CTA	TTA	CT	0.09641	0.02110	0.02213	-0.09641	0.02323	0.02213
CTA	CTT	AT	1.00379	0.00530	0.00839	-1.00379	0.01446	0.00839
CTA	CTC	AC	0.36216	0.00745	0.00888	-0.36216	0.01071	0.00888
CTG	TTG	CT	-0.00836	0.03875	0.03859	0.00836	0.03843	0.03859
CTG	CTT	GT	0.71806	0.00973	0.01364	-0.71806	0.01995	0.01364
CTG	CTC	GC	0.07643	0.01369	0.01422	-0.07643	0.01478	0.01422
CTG	CTA	GA	-0.28574	0.05107	0.04412	0.28574	0.03838	0.04412
CCT	TCT	CT	-0.83478	0.05735	0.03670	0.83478	0.02489	0.03670
CCT	CTT	CT	0.06898	0.05735	0.05935	-0.06898	0.06144	0.05935
CCC	TCC	CT	0.75054	0.01254	0.01783	-0.75054	0.02657	0.01783
CCC	CTC	CT	1.28861	0.01254	0.02231	-1.28861	0.04550	0.02231
CCC	CCT	CT	1.86127	0.01254	0.02764	-1.86127	0.08067	0.02764
CCA	TCA	CT	-0.93501	0.06746	0.04076	0.93501	0.02648	0.04076
CCA	CTA	CT	-0.82103	0.06746	0.04351	0.82103	0.02968	0.04351
CCA	CCT	AT	0.11379	0.01694	0.01792	-0.11379	0.01898	0.01792
CCA	CCC	AC	-1.74748	0.02383	0.00878	1.74748	0.00415	0.00878
CCG	TCG	CT	-1.76890	0.01404	0.00511	1.76890	0.00239	0.00511
CCG	CTG	CT	1.35634	0.01404	0.02566	-1.35634	0.05451	0.02566
CCG	CCT	GT	2.00542	0.00353	0.00817	-2.00542	0.02620	0.00817
CCG	CCC	GC	0.14415	0.00496	0.00533	-0.14415	0.00573	0.00533
CCG	CCA	GA	1.89163	0.01851	0.04123	-1.89163	0.12272	0.04123
CAT	TAT	CT	1.32558	0.02132	0.03848	-1.32558	0.08025	0.03848
CAT	CTT	AT	0.99341	0.00535	0.00844	-0.99341	0.01446	0.00844
CAT	CCT	AC	0.92443	0.00753	0.01154	-0.92443	0.01898	0.01154
CAC	TAC	CT	1.59204	0.01139	0.02276	-1.59204	0.05596	0.02276
CAC	CTC	AT	1.32006	0.00286	0.00515	-1.32006	0.01071	0.00515
CAC	CCC	AC	0.03145	0.00402	0.00409	-0.03145	0.00415	0.00409
CAC	CAT	CT	0.96829	0.01139	0.01778	-0.96829	0.02999	0.01778
CAA	CTA	AT	-0.18502	0.00840	0.00765	0.18502	0.00698	0.00765
CAA	CCA	AC	0.63601	0.01182	0.01597	-0.63601	0.02233	0.01597
CAA	CAT	AT	-0.17463	0.00840	0.00769	0.17463	0.00706	0.00769
CAA	CAC	AC	-1.14292	0.01182	0.00632	1.14292	0.00377	0.00632
CAG	CTG	AT	0.34224	0.00911	0.01076	-0.34224	0.01282	0.01076
CAG	CCG	AC	-1.01409	0.01281	0.00740	1.01409	0.00465	0.00740
CAG	CAT	GT	0.06689	0.00911	0.00942	-0.06689	0.00974	0.00942
CAG	CAC	GC	-0.90139	0.01281	0.00789	0.90139	0.00520	0.00789
CAG	CAA	GA	0.24152	0.04781	0.05381	-0.24152	0.06087	0.05381
CGT	TGT	CT	0.02648	0.00908	0.00920	-0.02648	0.00932	0.00920
CGT	CTT	GT	2.16929	0.00228	0.00558	-2.16929	0.01995	0.00558
CGT	CCT	GC	2.10032	0.00321	0.00768	-2.10032	0.02620	0.00768
CGT	CAT	GA	1.17589	0.01197	0.02035	-1.17589	0.03878	0.02035
CGC	TGC	CT	-0.50995	0.01538	0.01179	0.50995	0.00924	0.01179
CGC	CTC	GT	1.34179	0.00386	0.00702	-1.34179	0.01478	0.00702
CGC	CCC	GC	0.05318	0.00543	0.00558	-0.05318	0.00573	0.00558
CGC	CAC	GA	0.02173	0.02027	0.02049	-0.02173	0.02072	0.02049
CGC	CGT	CT	-0.18587	0.01538	0.01399	0.18587	0.01277	0.01399
CGA	CTA	GT	0.90660	0.00389	0.00592	-0.90660	0.00964	0.00592
CGA	CCA	GC	1.72763	0.00548	0.01150	-1.72763	0.03081	0.01150
CGA	CAA	GA	1.09162	0.02043	0.03357	-1.09162	0.06087	0.03357
CGA	CGT	AT	-0.25890	0.00389	0.00341	0.25890	0.00300	0.00341
CGA	CGC	AC	-0.07303	0.00548	0.00528	0.07303	0.00509	0.00528
CGG	TGG	CT	-1.23182	0.01260	0.00640	1.23182	0.00368	0.00640
CGG	CTG	GT	1.72150	0.00316	0.00663	-1.72150	0.01770	0.00663
CGG	CCG	GC	0.36517	0.00445	0.00531	-0.36517	0.00641	0.00531
CGG	CAG	GA	1.37926	0.01661	0.03062	-1.37926	0.06598	0.03062
CGG	CGT	GT	0.27027	0.00316	0.00361	-0.27027	0.00415	0.00361
CGG	CGC	GC	0.45614	0.00445	0.00554	-0.45614	0.00703	0.00554
CGG	CGA	GA	0.52917	0.01661	0.02139	-0.52917	0.02820	0.02139
ATT	TTT	AT	0.21349	0.01541	0.01712	-0.21349	0.01908	0.01712
ATT	CTT	AC	-0.40545	0.02168	0.01758	0.40545	0.01446	0.01758
ATC	TTC	AT	-0.60394	0.01608	0.01171	0.60394	0.00879	0.01171
ATC	CTC	AC	-0.74839	0.02263	0.01521	0.74839	0.01071	0.01521
ATC	ATT	CT	0.29868	0.06405	0.07409	-0.29868	0.08635	0.07409
ATA	TTA	AT	-0.42615	0.00837	0.00671	0.42615	0.00547	0.00671
ATA	CTA	AC	-0.52256	0.01177	0.00897	0.52256	0.00698	0.00897
ATA	ATT	AT	0.88668	0.00837	0.01262	-0.88668	0.02031	0.01262
ATA	ATC	AC	0.58799	0.01177	0.01557	-0.58799	0.02120	0.01557
ATG	TTG	AT	0.00437	0.00900	0.00902	-0.00437	0.00904	0.00902
ATG	CTG	AC	0.01273	0.01266	0.01274	-0.01273	0.01282	0.01274
ATG	ATT	GT	1.13623	0.00900	0.01506	-1.13623	0.02804	0.01506
ATG	ATC	GC	0.83755	0.01266	0.01870	-0.83755	0.02926	0.01870
ATG	ATA	GA	0.24956	0.04725	0.05339	-0.24956	0.06064	0.05339
ACT	TCT	AT	-0.99106	0.01577	0.00923	0.99106	0.00585	0.00923
ACT	CCT	AC	-0.15628	0.02219	0.02050	0.15628	0.01898	0.02050
ACT	ATT	CT	0.31814	0.06282	0.07334	-0.31814	0.08635	0.07334
ACC	TCC	AT	-0.53334	0.01065	0.00806	0.53334	0.00625	0.00806
ACC	CCC	AC	-1.28388	0.01499	0.00737	1.28388	0.00415	0.00737
ACC	ATC	CT	0.75312	0.04243	0.06040	-0.75312	0.09011	0.06040
ACC	ACT	CT	0.73367	0.04243	0.05988	-0.73367	0.08837	0.05988
ACA	TCA	AT	-0.83103	0.01430	0.00917	0.83103	0.00623	0.00917
ACA	CCA	AC	0.10398	0.02012	0.02119	-0.10398	0.02233	0.02119
ACA	ATA	CT	-0.19449	0.05696	0.05160	0.19449	0.04689	0.05160
ACA	ACT	AT	0.37405	0.01430	0.01714	-0.37405	0.02079	0.01714
ACA	ACC	AC	-0.35962	0.02012	0.01672	0.35962	0.01404	0.01672
ACG	TCG	AT	-1.63515	0.00289	0.00114	1.63515	0.00056	0.00114
ACG	CCG	AC	0.13375	0.00407	0.00434	-0.13375	0.00465	0.00434
ACG	ATG	CT	1.47736	0.01151	0.02203	-1.47736	0.05043	0.02203
ACG	ACT	GT	2.29545	0.00289	0.00738	-2.29545	0.02870	0.00738
ACG	ACC	GC	1.56179	0.00407	0.00804	-1.56179	0.01938	0.00804
ACG	ACA	GA	1.92140	0.01517	0.03415	-1.92140	0.10362	0.03415
AAT	TAT	AT	-0.04600	0.01977	0.01932	0.04600	0.01888	0.01932
AAT	CAT	AC	-1.37158	0.02781	0.01297	1.37158	0.00706	0.01297
AAT	ATT	AT	0.02727	0.01977	0.02004	-0.02727	0.02031	0.02004
AAT	ACT	AC	-0.29087	0.02781	0.02396	0.29087	0.02079	0.02396
AAC	TAC	AT	0.45594	0.00834	0.01039	-0.45594	0.01316	0.01039
AAC	CAC	AC	-1.13610	0.01174	0.00631	1.13610	0.00377	0.00631
AAC	ATC	AT	0.93235	0.00834	0.01283	-0.93235	0.02120	0.01283
AAC	ACC	AC	0.17923	0.01174	0.01282	-0.17923	0.01404	0.01282
AAC	AAT	CT	1.20377	0.03323	0.05715	-1.20377	0.11075	0.05715
AAA	CAA	AC	-0.21558	0.01374	0.01231	0.21558	0.01107	0.01231
AAA	ATA	AT	0.12197	0.00977	0.01037	-0.12197	0.01103	0.01037
AAA	ACA	AC	0.31645	0.01374	0.01603	-0.31645	0.01885	0.01603
AAA	AAT	AT	0.98138	0.00977	0.01533	-0.98138	0.02606	0.01533
AAA	AAC	AC	-0.22239	0.01374	0.01227	0.22239	0.01100	0.01227
AAG	CAG	AC	-0.01357	0.01217	0.01209	0.01357	0.01200	0.01209
AAG	ATG	AT	0.31594	0.00865	0.01009	-0.31594	0.01186	0.01009
AAG	ACG	AC	-1.16142	0.01217	0.00644	1.16142	0.00381	0.00644
AAG	AAT	GT	1.42491	0.00865	0.01623	-1.42491	0.03596	0.01623
AAG	AAC	GC	0.22114	0.01217	0.01356	-0.22114	0.01518	0.01356
AAG	AAA	GA	0.44353	0.04540	0.05621	-0.44353	0.07075	0.05621
AGT	TGT	AT	-1.41205	0.00900	0.00409	1.41205	0.00219	0.00409
AGT	CGT	AC	-1.43853	0.01266	0.00567	1.43853	0.00300	0.00567
AGT	ATT	GT	1.13621	0.00900	0.01506	-1.13621	0.02804	0.01506
AGT	ACT	GC	0.81806	0.01266	0.01854	-0.81806	0.02870	0.01854
AGT	AAT	GA	1.10894	0.04725	0.07819	-1.10894	0.14322	0.07819
AGC	TGC	AT	-0.84181	0.00504	0.00321	0.84181	0.00217	0.00321
AGC	CGC	AC	-0.33187	0.00709	0.00598	0.33187	0.00509	0.00598
AGC	ATC	GT	1.75832	0.00504	0.01071	-1.75832	0.02926	0.01071
AGC	ACC	GC	1.00519	0.00709	0.01125	-1.00519	0.01938	0.01125
AGC	AAC	GA	0.82597	0.02647	0.03889	-0.82597	0.06045	0.03889
AGC	AGT	CT	0.92079	0.02008	0.03073	-0.92079	0.05043	0.03073
AGA	CGA	AC	-0.84646	0.01196	0.00760	0.84646	0.00513	0.00760
AGA	ATA	GT	0.58271	0.00850	0.01122	-0.58271	0.01523	0.01122
AGA	ACA	GC	0.77719	0.01196	0.01721	-0.77719	0.02602	0.01721
AGA	AAA	GA	0.46074	0.04463	0.05570	-0.46074	0.07075	0.05570
AGA	AGT	AT	0.33318	0.00850	0.01000	-0.33318	0.01186	0.01000
AGA	AGC	AC	-0.58762	0.01196	0.00879	0.58762	0.00665	0.00879
AGG	TGG	AT	-1.91155	0.00585	0.00194	1.91155	0.00087	0.00194
AGG	CGG	AC	-0.67973	0.00823	0.00575	0.67973	0.00417	0.00575
AGG	ATG	GT	1.02904	0.00585	0.00937	-1.02904	0.01637	0.00937
AGG	ACG	GC	-0.44832	0.00823	0.00652	0.44832	0.00526	0.00652
AGG	AAG	GA	0.71310	0.03071	0.04296	-0.71310	0.06267	0.04296
AGG	AGT	GT	1.02907	0.00585	0.00937	-1.02907	0.01637	0.00937
AGG	AGC	GC	0.10827	0.00823	0.00869	-0.10827	0.00917	0.00869
AGG	AGA	GA	0.69589	0.03071	0.04263	-0.69589	0.06160	0.04263
GTT	TTT	GT	0.55809	0.01507	0.01967	-0.55809	0.02634	0.01967
GTT	CTT	GC	-0.06085	0.02120	0.02056	0.06085	0.01995	0.02056
GTT	ATT	GA	0.34460	0.07911	0.09352	-0.34460	0.11166	0.09352
GTC	TTC	GT	0.28139	0.00916	0.01051	-0.28139	0.01214	0.01051
GTC	CTC	GC	0.13694	0.01288	0.01379	-0.13694	0.01478	0.01379
GTC	ATC	GA	0.88533	0.04807	0.07246	-0.88533	0.11652	0.07246
GTC	GTT	CT	0.83942	0.03647	0.05390	-0.83942	0.08444	0.05390
GTA	TTA	GT	-0.30032	0.01019	0.00873	0.30032	0.00754	0.00873
GTA	CTA	GC	-0.39674	0.01433	0.01168	0.39674	0.00964	0.01168
GTA	ATA	GA	0.12582	0.05347	0.05690	-0.12582	0.06064	0.05690
GTA	GTT	AT	0.66790	0.01019	0.01396	-0.66790	0.01987	0.01396
GTA	GTC	AC	-0.17151	0.01433	0.01314	0.17151	0.01207	0.01314
GTG	TTG	GT	-0.37555	0.01816	0.01497	0.37555	0.01248	0.01497
GTG	CTG	GC	-0.36719	0.02555	0.02115	0.36719	0.01770	0.02115
GTG	ATG	GA	-0.37992	0.09535	0.07838	0.37992	0.06521	0.07838
GTG	GTT	GT	0.41172	0.01816	0.02216	-0.41172	0.02742	0.02216
GTG	GTC	GC	-0.42770	0.02555	0.02048	0.42770	0.01666	0.02048
GTG	GTA	GA	-0.25619	0.09535	0.08366	0.25619	0.07380	0.08366
GCT	TCT	GT	-0.31031	0.01102	0.00940	0.31031	0.00808	0.00940
GCT	CCT	GC	0.52447	0.01550	0.01992	-0.52447	0.02620	0.01992
GCT	ACT	GA	0.68075	0.05785	0.07976	-0.68075	0.11428	0.07976
GCT	GTT	CT	0.65429	0.04389	0.05981	-0.65429	0.08444	0.05981
GCC	TCC	GT	-0.29840	0.01163	0.00998	0.29840	0.00863	0.00998
GCC	CCC	GC	-1.04894	0.01636	0.00925	1.04894	0.00573	0.00925
GCC	ACC	GA	0.23494	0.06103	0.06848	-0.23494	0.07719	0.06848
GCC	GTC	CT	0.10273	0.04630	0.04872	-0.10273	0.05131	0.04872
GCC	GCT	CT	0.28786	0.04630	0.05329	-0.28786	0.06175	0.05329
GCA	TCA	GT	-0.40624	0.01291	0.01046	0.40624	0.00860	0.01046
GCA	CCA	GC	0.52877	0.01816	0.02338	-0.52877	0.03081	0.02338
GCA	ACA	GA	0.42479	0.06776	0.08317	-0.42479	0.10362	0.08317
GCA	GTA	CT	0.10448	0.05141	0.05414	-0.10448	0.05707	0.05414
GCA	GCT	AT	0.11809	0.01291	0.01369	-0.11809	0.01453	0.01369
GCA	GCC	AC	-0.16977	0.01816	0.01666	0.16977	0.01532	0.01666
GCG	TCG	GT	-1.13621	0.00242	0.00130	1.13621	0.00078	0.00130
GCG	CCG	GC	0.63269	0.00341	0.00460	-0.63269	0.00641	0.00460
GCG	ACG	GA	0.49893	0.01271	0.01615	-0.49893	0.02094	0.01615
GCG	GTG	CT	2.35622	0.00965	0.02511	-2.35622	0.10177	0.02511
GCG	GCT	GT	2.11364	0.00242	0.00582	-2.11364	0.02005	0.00582
GCG	GCC	GC	1.82578	0.00341	0.00742	-1.82578	0.02115	0.00742
GCG	GCA	GA	1.99555	0.01271	0.02936	-1.99555	0.09352	0.02936
GAT	TAT	GT	-0.03718	0.02704	0.02654	0.03718	0.02606	0.02654
GAT	CAT	GC	-1.36276	0.03805	0.01784	1.36276	0.00974	0.01784
GAT	AAT	GA	0.00882	0.14196	0.14258	-0.00882	0.14322	0.14258
GAT	GTT	AT	-0.30851	0.02704	0.02309	0.30851	0.01987	0.02309
GAT	GCT	AC	-0.96280	0.03805	0.02263	0.96280	0.01453	0.02263
GAC	TAC	GT	0.24790	0.01418	0.01601	-0.24790	0.01817	0.01601
GAC	CAC	GC	-1.34414	0.01995	0.00946	1.34414	0.00520	0.00946
GAC	AAC	GA	-0.20804	0.07444	0.06696	0.20804	0.06045	0.06696
GAC	GTC	AT	-0.16102	0.01418	0.01307	0.16102	0.01207	0.01307
GAC	GCC	AC	-0.26375	0.01995	0.01743	0.26375	0.01532	0.01743
GAC	GAT	CT	0.98691	0.05647	0.08885	-0.98691	0.15151	0.08885
GAA	CAA	GC	-0.68422	0.03030	0.02110	0.68422	0.01528	0.02110
GAA	AAA	GA	-0.46864	0.11304	0.08862	0.46864	0.07075	0.08862
GAA	GTA	AT	-0.47250	0.02154	0.01685	0.47250	0.01343	0.01685
GAA	GCA	AC	-0.57697	0.03030	0.02239	0.57697	0.01701	0.02239
GAA	GAT	AT	0.50392	0.02154	0.02742	-0.50392	0.03565	0.02742
GAA	GAC	AC	-0.48299	0.03030	0.02357	0.48299	0.01869	0.02357
GAG	CAG	GC	0.07197	0.01542	0.01598	-0.07197	0.01657	0.01598
GAG	AAG	GA	0.08553	0.05753	0.06002	-0.08553	0.06267	0.06002
GAG	GTG	AT	0.78140	0.01096	0.01579	-0.78140	0.02394	0.01579
GAG	GCG	AC	-1.57482	0.01542	0.00634	1.57482	0.00319	0.00634
GAG	GAT	GT	1.50162	0.01096	0.02117	-1.50162	0.04920	0.02117
GAG	GAC	GC	0.51472	0.01542	0.01973	-0.51472	0.02580	0.01973
GAG	GAA	GA	0.99771	0.05753	0.09092	-0.99771	0.15602	0.09092
GGT	TGT	GT	-0.63005	0.00568	0.00408	0.63005	0.00303	0.00408
GGT	CGT	GC	-0.65653	0.00800	0.00566	0.65653	0.00415	0.00566
GGT	AGT	GA	0.78200	0.02983	0.04300	-0.78200	0.06521	0.04300
GGT	GTT	GT	1.57361	0.00568	0.01128	-1.57361	0.02742	0.01128
GGT	GCT	GC	0.91931	0.00800	0.01223	-0.91931	0.02005	0.01223
GGT	GAT	GA	1.88212	0.02983	0.06624	-1.88212	0.19593	0.06624
GGC	TGC	GT	-0.69921	0.00603	0.00417	0.69921	0.00300	0.00417
GGC	CGC	GC	-0.18926	0.00849	0.00771	0.18926	0.00703	0.00771
GGC	AGC	GA	0.14260	0.03168	0.03399	-0.14260	0.03653	0.03399
GGC	GTC	GT	1.01559	0.00603	0.00961	-1.01559	0.01666	0.00961
GGC	GCC	GC	0.91286	0.00849	0.01295	-0.91286	0.02115	0.01295
GGC	GAC	GA	1.17661	0.03168	0.05388	-1.17661	0.10274	0.05388
GGC	GGT	CT	0.28140	0.02403	0.02757	-0.28140	0.03184	0.02757
GGA	CGA	GC	-0.89126	0.01727	0.01070	0.89126	0.00708	0.01070
GGA	AGA	GA	-0.04480	0.06442	0.06299	0.04480	0.06160	0.06299
GGA	GTA	GT	0.41208	0.01227	0.01497	-0.41208	0.01853	0.01497
GGA	GCA	GC	0.30760	0.01727	0.02006	-0.30760	0.02348	0.02006
GGA	GAA	GA	0.88458	0.06442	0.09706	-0.88458	0.15602	0.09706
GGA	GGT	AT	-0.49362	0.01227	0.00949	0.49362	0.00749	0.00949
GGA	GGC	AC	-0.77502	0.01727	0.01143	0.77502	0.00795	0.01143
GGG	TGG	GT	-1.92517	0.00819	0.00269	1.92517	0.00119	0.00269
GGG	CGG	GC	-0.69335	0.01152	0.00798	0.69335	0.00576	0.00798
GGG	AGG	GA	-0.01362	0.04297	0.04268	0.01362	0.04239	0.04268
GGG	GTG	GT	1.39534	0.00819	0.01519	-1.39534	0.03305	0.01519
GGG	GCG	GC	-0.96087	0.01152	0.00686	0.96087	0.00441	0.00686
GGG	GAG	GA	0.61394	0.04297	0.05751	-0.61394	0.07940	0.05751
GGG	GGT	GT	0.23345	0.00819	0.00918	-0.23345	0.01034	0.00918
GGG	GGC	GC	-0.04795	0.01152	0.01124	0.04795	0.01098	0.01124
GGG	GGA	GA	0.72707	0.04297	0.06047	-0.72707	0.08891	0.06047


Histograms
2Ns	FMut	FSub(CodonUsage)	FSubw(after w)

-2.96845	0.00435	0.00075
-2.67161	0.00510	0.00110
-2.37476	0.01726	0.00470
-2.07792	0.01993	0.00681
-1.78107	0.04840	0.01887
-1.48423	0.04858	0.02452
-1.18738	0.06279	0.03743
-0.89054	0.12648	0.08909
-0.59369	0.11653	0.09606
-0.29685	0.14171	0.13825
0.00000	0.14518	0.16484
0.29685	0.10537	0.13825
0.59369	0.06339	0.09606
0.89054	0.05197	0.08909
1.18738	0.01938	0.03743
1.48423	0.01140	0.02452
1.78107	0.00754	0.01887
2.07792	0.00254	0.00681
2.37476	0.00157	0.00470
2.67161	0.00033	0.00110
2.96845	0.00021	0.00075

Proportion of advantageous (S > 0) mutations:
 0.33385

Proportions of good & bad mutations (|S| > 2.0000) among mutations:
0.00359  0.03886

mean |Ns| = 0.75998	mean Ns+ = 0.55002	mean Ns- = -0.86520


MLEs of dN/dS (w) for site classes (K=4)

site class             0        1       2a       2b
proportion       0.58713  0.07689  0.29708  0.03891
background w     0.04614  1.90562  0.04614  1.90562
foreground w     0.04614  1.90562  0.00000  0.00000

Naive Empirical Bayes (NEB) probabilities for 4 classes
(amino acids refer to 1st sequence: Bacu)

   1 G   0.65018 0.01290 0.32974 0.00718 ( 1)
   2 T   0.63954 0.02295 0.32450 0.01301 ( 1)
   3 I   0.01146 0.62412 0.00581 0.35861 ( 2)
   4 L   0.18191 0.47173 0.09219 0.25417 ( 2)
   5 V   0.62758 0.03514 0.31813 0.01915 ( 1)
   6 D   0.63649 0.02605 0.32286 0.01459 ( 1)
   7 N   0.64952 0.01284 0.32997 0.00767 ( 1)
   8 M   0.65375 0.00855 0.33242 0.00529 ( 1)
   9 L   0.62301 0.03982 0.31572 0.02145 ( 1)
  10 I   0.63586 0.02670 0.32252 0.01492 ( 1)
  11 K   0.65019 0.01216 0.33036 0.00730 ( 1)
  12 G   0.64309 0.01936 0.32642 0.01114 ( 1)
  13 T   0.63954 0.02295 0.32450 0.01301 ( 1)
  14 A   0.64656 0.01583 0.32832 0.00928 ( 1)
  15 G   0.64397 0.01846 0.32690 0.01067 ( 1)
  16 G   0.64397 0.01846 0.32690 0.01067 ( 1)
  17 P   0.62712 0.03561 0.31788 0.01938 ( 1)
  18 D   0.01237 0.61979 0.00628 0.36156 ( 2)
  19 P   0.62712 0.03561 0.31788 0.01938 ( 1)
  20 T   0.64228 0.02019 0.32597 0.01157 ( 1)
  21 I   0.65243 0.00989 0.33164 0.00604 ( 1)
  22 E   0.63851 0.02400 0.32394 0.01355 ( 1)
  23 L   0.63569 0.02687 0.32243 0.01501 ( 1)
  24 S   0.65215 0.01017 0.33148 0.00620 ( 1)
  25 L   0.63562 0.02694 0.32239 0.01505 ( 1)
  26 K   0.64678 0.01561 0.32844 0.00916 ( 1)
  27 D   0.64185 0.02061 0.32574 0.01180 ( 1)
  28 N   0.64910 0.01324 0.32976 0.00790 ( 1)
  29 M   0.23183 0.42112 0.11752 0.22953 ( 2)
  30 D   0.63649 0.02605 0.32286 0.01459 ( 1)
  31 Y   0.62617 0.03658 0.31738 0.01986 ( 1)
  32 W   0.65389 0.00840 0.33250 0.00521 ( 1)
  33 V   0.30553 0.34255 0.15507 0.19685 ( 2)
  34 L   0.62335 0.03947 0.31589 0.02129 ( 1)
  35 L   0.62316 0.03966 0.31580 0.02138 ( 1)
  36 D   0.63649 0.02605 0.32286 0.01459 ( 1)
  37 P   0.63159 0.03105 0.32024 0.01712 ( 1)
  38 V   0.64115 0.02132 0.32536 0.01216 ( 1)
  39 K   0.65030 0.01205 0.33042 0.00723 ( 1)
  40 Q   0.63566 0.02691 0.32241 0.01503 ( 1)
  41 M   0.65375 0.00855 0.33242 0.00529 ( 1)
  42 L   0.64186 0.02060 0.32575 0.01179 ( 1)
  43 F   0.64454 0.01788 0.32721 0.01037 ( 1)
  44 L   0.62301 0.03982 0.31572 0.02145 ( 1)
  45 N   0.64952 0.01284 0.32997 0.00767 ( 1)
  46 S   0.65270 0.00961 0.33180 0.00589 ( 1)
  47 T   0.64796 0.01441 0.32910 0.00852 ( 1)
  48 G   0.64879 0.01365 0.32951 0.00805 ( 1)
  49 R   0.64791 0.01447 0.32907 0.00855 ( 1)
  50 V   0.64115 0.02132 0.32536 0.01216 ( 1)
  51 L   0.62301 0.03982 0.31572 0.02145 ( 1)
  52 D   0.63650 0.02604 0.32286 0.01459 ( 1)
  53 R   0.64791 0.01447 0.32907 0.00855 ( 1)
  54 D   0.63649 0.02605 0.32286 0.01459 ( 1)
  55 P   0.62787 0.03466 0.31836 0.01911 ( 1)
  56 P   0.62721 0.03532 0.31802 0.01946 ( 1)
  57 M   0.65366 0.00862 0.33237 0.00534 ( 1)
  58 N   0.64942 0.01293 0.32992 0.00772 ( 1)
  59 I   0.65234 0.00997 0.33160 0.00609 ( 1)
  60 H   0.65591 0.00633 0.33374 0.00403 ( 1)
  61 S   0.64239 0.02006 0.32604 0.01151 ( 1)
  62 I   0.63578 0.02677 0.32248 0.01497 ( 1)
  63 V   0.62747 0.03525 0.31807 0.01921 ( 1)
  64 V   0.64265 0.01980 0.32618 0.01138 ( 1)
  65 Q   0.63320 0.02954 0.32103 0.01623 ( 1)
  66 V   0.64103 0.02143 0.32530 0.01223 ( 1)
  67 Q   0.63021 0.03246 0.31951 0.01783 ( 1)
  68 C   0.65656 0.00565 0.33415 0.00364 ( 1)
  69 I   0.63574 0.02681 0.32246 0.01499 ( 1)
  70 N   0.64942 0.01293 0.32992 0.00772 ( 1)
  71 K   0.65020 0.01214 0.33037 0.00729 ( 1)
  72 K   0.65020 0.01214 0.33037 0.00729 ( 1)
  73 V   0.62747 0.03525 0.31807 0.01921 ( 1)
  74 G   0.65322 0.00929 0.33190 0.00558 ( 1)
  75 T   0.63946 0.02303 0.32445 0.01305 ( 1)
  76 V   0.64103 0.02143 0.32530 0.01223 ( 1)
  77 I   0.63579 0.02677 0.32248 0.01496 ( 1)
  78 Y   0.62589 0.03686 0.31724 0.02001 ( 1)
  79 H   0.65227 0.01004 0.33155 0.00614 ( 1)
  80 E   0.63839 0.02411 0.32388 0.01361 ( 1)
  81 V   0.64103 0.02143 0.32530 0.01223 ( 1)
  82 R   0.64238 0.02007 0.32603 0.01152 ( 1)
  83 I   0.63650 0.02608 0.32284 0.01458 ( 1)
  84 V   0.00487 0.72941 0.00244 0.26328 ( 2)
  85 V   0.62747 0.03525 0.31807 0.01921 ( 1)
  86 R   0.64780 0.01457 0.32902 0.00861 ( 1)
  87 D   0.64158 0.02087 0.32561 0.01194 ( 1)
  88 R   0.64780 0.01457 0.32902 0.00861 ( 1)
  89 N   0.64362 0.01881 0.32671 0.01086 ( 1)
  90 D   0.64173 0.02072 0.32568 0.01186 ( 1)
  91 N   0.64942 0.01293 0.32992 0.00772 ( 1)
  92 S   0.64458 0.01783 0.32724 0.01035 ( 1)
  93 P   0.64972 0.01263 0.33009 0.00756 ( 1)
  94 T   0.63858 0.02392 0.32398 0.01351 ( 1)
  95 F   0.64443 0.01799 0.32715 0.01043 ( 1)
  96 K   0.64667 0.01572 0.32839 0.00922 ( 1)
  97 H   0.65227 0.01005 0.33155 0.00614 ( 1)
  98 E   0.63839 0.02411 0.32388 0.01361 ( 1)
  99 N   0.39044 0.25596 0.19844 0.15515 ( 1)
 100 Y   0.62589 0.03686 0.31724 0.02001 ( 1)
 101 Y   0.29922 0.69886 0.00002 0.00190 ( 2)
 102 A   0.01027 0.62829 0.00521 0.35623 ( 2)
 103 T   0.63858 0.02392 0.32398 0.01351 ( 1)
 104 V   0.62747 0.03525 0.31807 0.01921 ( 1)
 105 N   0.64362 0.01881 0.32671 0.01086 ( 1)
 106 E   0.64564 0.01676 0.32782 0.00978 ( 1)
 107 L   0.63410 0.02911 0.32126 0.01553 ( 1)
 108 T   0.63894 0.02434 0.32372 0.01300 ( 1)
 109 P   0.62643 0.03697 0.31723 0.01937 ( 1)
 110 V   0.64058 0.02269 0.32457 0.01215 ( 1)
 111 G   0.64850 0.01472 0.32874 0.00804 ( 1)
 112 T   0.64177 0.02149 0.32520 0.01154 ( 1)
 113 T   0.63809 0.02521 0.32327 0.01344 ( 1)
 114 V   0.01143 0.63988 0.00579 0.34290 ( 2)
 115 F   0.63359 0.02974 0.32094 0.01574 ( 1)
 116 T   0.63837 0.02492 0.32342 0.01329 ( 1)
 117 G   0.64347 0.01978 0.32608 0.01066 ( 1)
 118 F   0.63359 0.02974 0.32094 0.01574 ( 1)
 119 S   0.64421 0.01904 0.32647 0.01028 ( 1)
 120 G   0.64347 0.01978 0.32608 0.01066 ( 1)
 121 D   0.64129 0.02197 0.32495 0.01179 ( 1)
 122 N   0.64323 0.02003 0.32596 0.01079 ( 1)
 123 G   0.64347 0.01978 0.32608 0.01066 ( 1)
 124 A   0.64614 0.01710 0.32749 0.00927 ( 1)
 125 T   0.63809 0.02521 0.32327 0.01344 ( 1)
 126 D   0.64129 0.02197 0.32495 0.01179 ( 1)
 127 I   0.65228 0.01092 0.33076 0.00604 ( 1)
 128 D   0.63585 0.02746 0.32211 0.01458 ( 1)
 129 D   0.63585 0.02746 0.32211 0.01458 ( 1)
 130 G   0.64850 0.01472 0.32874 0.00804 ( 1)
 131 P   0.62643 0.03697 0.31723 0.01937 ( 1)
 132 N   0.64323 0.02003 0.32596 0.01079 ( 1)
 133 G   0.64347 0.01978 0.32608 0.01066 ( 1)
 134 Q   0.62963 0.03373 0.31889 0.01775 ( 1)
 135 I   0.65228 0.01092 0.33076 0.00604 ( 1)
 136 E   0.63790 0.02540 0.32317 0.01353 ( 1)
 137 Y   0.62694 0.03645 0.31750 0.01911 ( 1)
 138 V   0.64058 0.02269 0.32457 0.01215 ( 1)
 139 I   0.64275 0.02050 0.32571 0.01103 ( 1)
 140 Q   0.63408 0.02922 0.32120 0.01550 ( 1)
 141 Y   0.62694 0.03645 0.31750 0.01911 ( 1)
 142 N   0.64323 0.02003 0.32596 0.01079 ( 1)
 143 P   0.62643 0.03697 0.31723 0.01937 ( 1)
 144 D   0.63585 0.02746 0.32211 0.01458 ( 1)
 145 D   0.63588 0.02743 0.32212 0.01457 ( 1)
 146 P   0.64012 0.02315 0.32433 0.01239 ( 1)
 147 T   0.63379 0.02960 0.32101 0.01561 ( 1)
 148 S   0.63891 0.02430 0.32375 0.01305 ( 1)
 149 N   0.64020 0.02299 0.32442 0.01239 ( 1)
 150 D   0.25042 0.40530 0.12689 0.21739 ( 2)
 151 T   0.63825 0.02494 0.32341 0.01339 ( 1)
 152 F   0.63051 0.03277 0.31938 0.01734 ( 1)
 153 E   0.00032 0.99880 0.00000 0.00088 ( 2)
 154 I   0.63543 0.02787 0.32190 0.01480 ( 1)
 155 P   0.64600 0.01712 0.32750 0.00938 ( 1)
 156 L   0.24579 0.40983 0.12454 0.21984 ( 2)
 157 M   0.65133 0.01178 0.33033 0.00656 ( 1)
 158 L   0.61992 0.04350 0.31390 0.02268 ( 1)
 159 T   0.63843 0.02474 0.32352 0.01331 ( 1)
 160 G   0.64044 0.02275 0.32455 0.01226 ( 1)
 161 N   0.01498 0.98350 0.00002 0.00149 ( 2)
 162 V   0.63917 0.02403 0.32389 0.01291 ( 1)
 163 V   0.62404 0.03932 0.31603 0.02061 ( 1)
 164 L   0.63188 0.03139 0.32009 0.01664 ( 1)
 165 R   0.64635 0.01679 0.32767 0.00919 ( 1)
 166 K   0.64345 0.01972 0.32613 0.01070 ( 1)
 167 R   0.64635 0.01679 0.32767 0.00919 ( 1)
 168 L   0.63106 0.03222 0.31966 0.01706 ( 1)
 169 N   0.64646 0.01668 0.32773 0.00913 ( 1)
 170 Y   0.62253 0.04083 0.31526 0.02138 ( 1)
 171 E   0.63479 0.02845 0.32160 0.01516 ( 1)
 172 D   0.63809 0.02511 0.32332 0.01347 ( 1)
 173 K   0.64345 0.01972 0.32613 0.01070 ( 1)
 174 T   0.63584 0.02739 0.32215 0.01462 ( 1)
 175 R   0.63758 0.02564 0.32305 0.01373 ( 1)
 176 Y   0.62246 0.04092 0.31521 0.02141 ( 1)
 177 F   0.63051 0.03277 0.31938 0.01734 ( 1)
 178 V   0.64298 0.02019 0.32588 0.01095 ( 1)
 179 I   0.63211 0.03116 0.32021 0.01653 ( 1)
 180 I   0.63211 0.03116 0.32021 0.01653 ( 1)
 181 Q   0.63191 0.03136 0.32010 0.01663 ( 1)
 182 A   0.64322 0.01995 0.32601 0.01082 ( 1)
 183 N   0.64004 0.02315 0.32434 0.01247 ( 1)
 184 D   0.64106 0.02220 0.32483 0.01191 ( 1)
 185 R   0.65236 0.01084 0.33080 0.00600 ( 1)
 186 A   0.64323 0.02003 0.32596 0.01078 ( 1)
 187 Q   0.63512 0.02820 0.32173 0.01495 ( 1)
 188 N   0.64840 0.01479 0.32871 0.00810 ( 1)
 189 L   0.62242 0.04103 0.31516 0.02139 ( 1)
 190 N   0.64348 0.01978 0.32609 0.01065 ( 1)
 191 E   0.63816 0.02514 0.32331 0.01340 ( 1)
 192 R   0.64543 0.01781 0.32712 0.00964 ( 1)
 193 R   0.27769 0.37836 0.14071 0.20324 ( 2)
 194 T   0.64209 0.02118 0.32536 0.01138 ( 1)
 195 T   0.63921 0.02408 0.32385 0.01286 ( 1)
 196 T   0.64209 0.02118 0.32536 0.01138 ( 1)
 197 T   0.64219 0.02108 0.32541 0.01132 ( 1)
 198 T   0.64209 0.02118 0.32536 0.01138 ( 1)
 199 L   0.63440 0.02893 0.32135 0.01532 ( 1)
 200 T   0.63835 0.02495 0.32340 0.01330 ( 1)
 201 V   0.62717 0.03623 0.31761 0.01899 ( 1)
 202 D   0.63611 0.02720 0.32224 0.01444 ( 1)
 203 V   0.64088 0.02240 0.32472 0.01200 ( 1)
 204 L   0.64004 0.02325 0.32428 0.01243 ( 1)
 205 D   0.63614 0.02717 0.32226 0.01443 ( 1)
 206 G   0.64372 0.01954 0.32621 0.01053 ( 1)
 207 D   0.63611 0.02720 0.32224 0.01444 ( 1)
 208 D   0.64154 0.02173 0.32507 0.01166 ( 1)
 209 L   0.62257 0.04088 0.31524 0.02131 ( 1)
 210 G   0.65361 0.00958 0.33148 0.00533 ( 1)
 211 P   0.62669 0.03672 0.31736 0.01924 ( 1)
 212 M   0.41049 0.24493 0.20819 0.13639 ( 1)
 213 F   0.63385 0.02948 0.32107 0.01560 ( 1)
 214 L   0.64158 0.02169 0.32509 0.01164 ( 1)
 215 P   0.63116 0.03220 0.31967 0.01697 ( 1)
 216 C   0.65732 0.00583 0.33353 0.00331 ( 1)
 217 V   0.31071 0.34483 0.15748 0.18698 ( 2)
 218 L   0.64148 0.02179 0.32504 0.01169 ( 1)
 219 V   0.62715 0.03625 0.31760 0.01900 ( 1)
 220 P   0.62669 0.03672 0.31736 0.01924 ( 1)
 221 N   0.64944 0.01378 0.32923 0.00754 ( 1)
 222 T   0.63921 0.02408 0.32385 0.01286 ( 1)
 223 H   0.38902 0.26633 0.19727 0.14738 ( 1)
 224 D   0.63713 0.02620 0.32276 0.01391 ( 1)
 225 C   0.65732 0.00583 0.33353 0.00331 ( 1)
 226 R   0.00028 0.64434 0.00014 0.35523 ( 2)
 227 P   0.62669 0.03672 0.31736 0.01924 ( 1)
 228 L   0.22826 0.42895 0.11562 0.22716 ( 2)
 229 T   0.64209 0.02118 0.32536 0.01138 ( 1)
 230 Y   0.62720 0.03620 0.31762 0.01898 ( 1)
 231 Q   0.63526 0.02806 0.32180 0.01488 ( 1)
 232 A   0.64638 0.01686 0.32761 0.00915 ( 1)
 233 A   0.63933 0.02396 0.32391 0.01280 ( 1)
 234 I   0.65248 0.01072 0.33086 0.00593 ( 1)
 235 P   0.21485 0.44291 0.10882 0.23342 ( 2)
 236 E   0.64555 0.01770 0.32717 0.00958 ( 1)
 237 L   0.62289 0.04055 0.31540 0.02115 ( 1)
 238 R   0.00016 0.64218 0.00008 0.35759 ( 2)
 239 T   0.63921 0.02408 0.32385 0.01286 ( 1)
 240 P   0.64038 0.02290 0.32446 0.01225 ( 1)
 241 E   0.63814 0.02436 0.32375 0.01375 ( 1)
 242 E   0.63814 0.02436 0.32375 0.01375 ( 1)
 243 L   0.17829 0.47514 0.09035 0.25622 ( 2)
 244 N   0.64920 0.01314 0.32981 0.00785 ( 1)
 245 P   0.64951 0.01283 0.32998 0.00768 ( 1)
 246 I   0.23593 0.41335 0.11967 0.23105 ( 2)
 247 I   0.64290 0.01953 0.32633 0.01125 ( 1)
 248 V   0.64078 0.02168 0.32518 0.01237 ( 1)
 249 T   0.64201 0.02043 0.32584 0.01172 ( 1)
 250 P   0.62676 0.03596 0.31770 0.01958 ( 1)
 251 A   0.00001 0.63773 0.00000 0.36226 ( 2)
 252 I   0.63599 0.02646 0.32264 0.01491 ( 1)
 253 Q   0.00898 0.63059 0.00456 0.35588 ( 2)
 254 A   0.01015 0.62840 0.00515 0.35629 ( 2)
 255 I   0.00046 0.99733 0.00000 0.00221 ( 2)
 256 D   0.63567 0.02685 0.32244 0.01504 ( 1)
 257 Q   0.00018 0.64529 0.00009 0.35444 ( 2)
 258 D   0.64148 0.02096 0.32556 0.01200 ( 1)
 259 R   0.64553 0.01686 0.32777 0.00984 ( 1)
 260 N   0.64338 0.01904 0.32659 0.01099 ( 1)
 261 I   0.64292 0.01951 0.32634 0.01124 ( 1)
 262 Q   0.62995 0.03270 0.31938 0.01796 ( 1)
 263 P   0.63360 0.02860 0.32152 0.01629 ( 1)
 264 P   0.62676 0.03596 0.31770 0.01958 ( 1)
 265 S   0.64434 0.01806 0.32711 0.01048 ( 1)
 266 D   0.63612 0.02642 0.32267 0.01480 ( 1)
 267 R   0.64910 0.01324 0.32976 0.00790 ( 1)
 268 P   0.62676 0.03596 0.31770 0.01958 ( 1)
 269 G   0.64852 0.01383 0.32943 0.00822 ( 1)
 270 I   0.63549 0.02706 0.32233 0.01513 ( 1)
 271 L   0.63443 0.02814 0.32176 0.01567 ( 1)
 272 Y   0.62727 0.03544 0.31797 0.01932 ( 1)
 273 S   0.64214 0.02030 0.32591 0.01165 ( 1)
 274 I   0.63549 0.02706 0.32233 0.01513 ( 1)
 275 L   0.64151 0.02093 0.32557 0.01198 ( 1)
 276 V   0.64059 0.02186 0.32508 0.01247 ( 1)
 277 G   0.64160 0.02164 0.32512 0.01164 ( 1)
 278 T   0.63884 0.02375 0.32407 0.01334 ( 1)
 279 P   0.63092 0.03182 0.31985 0.01742 ( 1)
 280 E   0.64516 0.01735 0.32748 0.01000 ( 1)
 281 D   0.63583 0.02682 0.32245 0.01490 ( 1)
 282 Y   0.62538 0.03747 0.31693 0.02022 ( 1)
 283 P   0.62648 0.03635 0.31751 0.01967 ( 1)
 284 R   0.64188 0.02068 0.32569 0.01175 ( 1)
 285 F   0.63362 0.02907 0.32128 0.01604 ( 1)
 286 F   0.63359 0.02910 0.32126 0.01605 ( 1)
 287 H   0.65191 0.01052 0.33124 0.00633 ( 1)
 288 M   0.65334 0.00907 0.33207 0.00552 ( 1)
 289 H   0.65191 0.01052 0.33124 0.00633 ( 1)
 290 P   0.63239 0.03057 0.32050 0.01654 ( 1)
 291 R   0.64889 0.01357 0.32954 0.00799 ( 1)
 292 T   0.63889 0.02371 0.32409 0.01331 ( 1)
 293 A   0.64301 0.01953 0.32631 0.01115 ( 1)
 294 E   0.63785 0.02476 0.32353 0.01385 ( 1)
 295 L   0.64124 0.02132 0.32535 0.01208 ( 1)
 296 S   0.64850 0.01397 0.32932 0.00820 ( 1)
 297 L   0.63413 0.02854 0.32155 0.01577 ( 1)
 298 L   0.62251 0.04041 0.31542 0.02166 ( 1)
 299 E   0.01352 0.62136 0.00686 0.35825 ( 2)
 300 P   0.62648 0.03635 0.31751 0.01967 ( 1)
 301 V   0.64213 0.02042 0.32583 0.01161 ( 1)
 302 N   0.64312 0.01942 0.32637 0.01109 ( 1)
 303 R   0.32891 0.31838 0.16700 0.18570 ( 1)
 304 D   0.64116 0.02141 0.32531 0.01213 ( 1)
 305 F   0.63359 0.02910 0.32126 0.01605 ( 1)
 306 H   0.65566 0.00670 0.33346 0.00418 ( 1)
 307 Q   0.62966 0.03310 0.31918 0.01806 ( 1)
 308 K   0.64620 0.01630 0.32805 0.00945 ( 1)
 309 F   0.63359 0.02910 0.32126 0.01605 ( 1)
 310 D   0.63583 0.02682 0.32245 0.01490 ( 1)
 311 L   0.62270 0.04020 0.31553 0.02157 ( 1)
 312 V   0.26694 0.38189 0.13543 0.21573 ( 2)
 313 I   0.64259 0.01996 0.32608 0.01137 ( 1)
 314 K   0.64620 0.01630 0.32805 0.00945 ( 1)
 315 A   0.64704 0.01469 0.32909 0.00919 ( 1)
 316 E   0.63918 0.02270 0.32466 0.01345 ( 1)
 317 Q   0.63106 0.03103 0.32023 0.01768 ( 1)
 318 D   0.64246 0.01936 0.32649 0.01170 ( 1)
 319 N   0.64430 0.01748 0.32752 0.01070 ( 1)
 320 G   0.65365 0.00794 0.33306 0.00535 ( 1)
 321 H   0.65257 0.00904 0.33238 0.00600 ( 1)
 322 P   0.63232 0.02974 0.32091 0.01703 ( 1)
 323 L   0.64249 0.01933 0.32650 0.01168 ( 1)
 324 P   0.63232 0.02974 0.32091 0.01703 ( 1)
 325 A   0.64704 0.01469 0.32909 0.00919 ( 1)
 326 F   0.63498 0.02701 0.32235 0.01566 ( 1)
 327 A   0.64041 0.02141 0.32537 0.01281 ( 1)
 328 S   0.35859 0.27991 0.18248 0.17902 ( 1)
 329 L   0.62373 0.03859 0.31630 0.02138 ( 1)
 330 H   0.65257 0.00904 0.33238 0.00600 ( 1)
 331 I   0.64385 0.01794 0.32727 0.01094 ( 1)
 332 E   0.63918 0.02270 0.32466 0.01345 ( 1)
 333 I   0.65264 0.00897 0.33243 0.00596 ( 1)
 334 L   0.62373 0.03859 0.31630 0.02138 ( 1)
 335 D   0.63719 0.02474 0.32357 0.01450 ( 1)
 336 E   0.01074 0.61181 0.00546 0.37198 ( 2)
 337 N   0.64988 0.01179 0.33075 0.00758 ( 1)
 338 N   0.64430 0.01748 0.32752 0.01070 ( 1)
 339 Q   0.63106 0.03103 0.32023 0.01768 ( 1)
 340 S   0.65290 0.00870 0.33259 0.00581 ( 1)
 341 P   0.62820 0.03400 0.31868 0.01912 ( 1)
 342 Y   0.62837 0.03380 0.31878 0.01904 ( 1)
 343 F   0.64508 0.01668 0.32797 0.01027 ( 1)
 344 T   0.63937 0.02252 0.32476 0.01335 ( 1)
 345 M   0.65388 0.00770 0.33321 0.00521 ( 1)
 346 P   0.65017 0.01150 0.33092 0.00741 ( 1)
 347 S   0.64942 0.01226 0.33048 0.00784 ( 1)
 348 Y   0.62837 0.03380 0.31878 0.01904 ( 1)
 349 Q   0.63636 0.02559 0.32311 0.01494 ( 1)
 350 G   0.64919 0.01249 0.33035 0.00797 ( 1)
 351 Y   0.62837 0.03380 0.31878 0.01905 ( 1)
 352 I   0.64385 0.01794 0.32727 0.01094 ( 1)
 353 L   0.62373 0.03859 0.31630 0.02138 ( 1)
 354 E   0.63918 0.02270 0.32466 0.01345 ( 1)
 355 S   0.65238 0.00924 0.33226 0.00612 ( 1)
 356 A   0.26563 0.37550 0.13495 0.22392 ( 2)
 357 P   0.63226 0.03009 0.32074 0.01692 ( 1)
 358 V   0.62946 0.03275 0.31933 0.01845 ( 1)
 359 G   0.64453 0.01725 0.32765 0.01057 ( 1)
 360 A   0.01275 0.60855 0.00648 0.37221 ( 2)
 361 T   0.64020 0.02167 0.32522 0.01291 ( 1)
 362 I   0.64385 0.01794 0.32727 0.01094 ( 1)
 363 S   0.65238 0.00924 0.33226 0.00612 ( 1)
 364 D   0.28445 0.35592 0.14455 0.21508 ( 2)
 365 S   0.64942 0.01226 0.33048 0.00784 ( 1)
 366 V   0.01192 0.62207 0.00605 0.35996 ( 2)
 367 N   0.64430 0.01748 0.32752 0.01070 ( 1)
 368 L   0.62406 0.03825 0.31647 0.02122 ( 1)
 369 T   0.64297 0.01884 0.32677 0.01142 ( 1)
 370 T   0.31321 0.32667 0.15923 0.20089 ( 2)
 371 P   0.63232 0.02974 0.32091 0.01703 ( 1)
 372 L   0.64098 0.02086 0.32566 0.01250 ( 1)
 373 R   0.34917 0.28981 0.17764 0.18338 ( 1)
 374 I   0.64385 0.01794 0.32727 0.01094 ( 1)
 375 V   0.64343 0.01837 0.32703 0.01117 ( 1)
 376 A   0.00030 0.62407 0.00015 0.37548 ( 2)
 377 L   0.62371 0.03861 0.31629 0.02139 ( 1)
 378 D   0.64246 0.01936 0.32649 0.01170 ( 1)
 379 K   0.64725 0.01447 0.32921 0.00907 ( 1)
 380 D   0.63719 0.02474 0.32357 0.01450 ( 1)
 381 I   0.30938 0.36103 0.15601 0.17358 ( 2)
 382 E   0.63918 0.02270 0.32466 0.01345 ( 1)
 383 D   0.63662 0.02605 0.32286 0.01447 ( 1)
 384 T   0.31397 0.33251 0.15942 0.19410 ( 2)
 385 K   0.64924 0.01319 0.32976 0.00781 ( 1)
 386 D   0.64028 0.02225 0.32487 0.01260 ( 1)
 387 P   0.62588 0.03693 0.31720 0.01998 ( 1)
 388 E   0.64454 0.01794 0.32717 0.01035 ( 1)
 389 L   0.64060 0.02194 0.32503 0.01243 ( 1)
 390 H   0.65526 0.00707 0.33325 0.00442 ( 1)
 391 L   0.64060 0.02194 0.32503 0.01243 ( 1)
 392 F   0.63293 0.02974 0.32093 0.01641 ( 1)
 393 L   0.62180 0.04110 0.31506 0.02203 ( 1)
 394 N   0.64248 0.02003 0.32605 0.01144 ( 1)
 395 D   0.63516 0.02746 0.32212 0.01526 ( 1)
 396 Y   0.62633 0.03648 0.31744 0.01975 ( 1)
 397 T   0.63825 0.02433 0.32377 0.01366 ( 1)
 398 S   0.64346 0.01904 0.32658 0.01092 ( 1)
 399 V   0.64520 0.01728 0.32752 0.01000 ( 1)
 400 F   0.64331 0.01919 0.32649 0.01100 ( 1)
 401 T   0.63834 0.02424 0.32381 0.01361 ( 1)
 402 V   0.28849 0.35928 0.14641 0.20581 ( 2)
 403 T   0.64689 0.01556 0.32846 0.00908 ( 1)
 404 Q   0.20141 0.45065 0.10210 0.24584 ( 2)
 405 T   0.63821 0.02437 0.32374 0.01368 ( 1)
 406 G   0.64267 0.01984 0.32615 0.01134 ( 1)
 407 I   0.63448 0.02816 0.32175 0.01561 ( 1)
 408 T   0.63818 0.02440 0.32373 0.01370 ( 1)
 409 R   0.63999 0.02257 0.32470 0.01275 ( 1)
 410 Y   0.62469 0.03814 0.31658 0.02058 ( 1)
 411 L   0.63342 0.02924 0.32119 0.01616 ( 1)
 412 T   0.64104 0.02149 0.32527 0.01220 ( 1)
 413 L   0.63425 0.02840 0.32163 0.01573 ( 1)
 414 L   0.64054 0.02199 0.32500 0.01246 ( 1)
 415 Q   0.63428 0.02837 0.32164 0.01572 ( 1)
 416 P   0.62580 0.03701 0.31716 0.02003 ( 1)
 417 V   0.62625 0.03655 0.31740 0.01980 ( 1)
 418 D   0.64051 0.02203 0.32498 0.01248 ( 1)
 419 R   0.64828 0.01416 0.32923 0.00833 ( 1)
 420 E   0.63714 0.02545 0.32317 0.01424 ( 1)
 421 E   0.63714 0.02545 0.32317 0.01424 ( 1)
 422 Q   0.62896 0.03378 0.31883 0.01843 ( 1)
 423 Q   0.63428 0.02837 0.32164 0.01572 ( 1)
 424 T   0.63818 0.02440 0.32373 0.01370 ( 1)
 425 Y   0.62469 0.03814 0.31658 0.02058 ( 1)
 426 T   0.25103 0.39996 0.12730 0.22170 ( 2)
 427 F   0.63288 0.02979 0.32090 0.01643 ( 1)
 428 S   0.65713 0.00514 0.33443 0.00330 ( 1)
 429 I   0.65264 0.00897 0.33243 0.00596 ( 1)
 430 T   0.64846 0.01324 0.32991 0.00839 ( 1)
 431 A   0.64420 0.01759 0.32746 0.01076 ( 1)
 432 F   0.63498 0.02701 0.32235 0.01566 ( 1)
 433 D   0.63719 0.02474 0.32357 0.01450 ( 1)
 434 G   0.65365 0.00794 0.33306 0.00535 ( 1)
 435 V   0.64177 0.02006 0.32610 0.01207 ( 1)
 436 Q   0.63636 0.02559 0.32311 0.01494 ( 1)
 437 E   0.63922 0.02267 0.32468 0.01343 ( 1)
 438 S   0.64942 0.01226 0.33048 0.00784 ( 1)
 439 E   0.64560 0.01619 0.32824 0.00997 ( 1)
 440 T   0.19790 0.44914 0.10039 0.25256 ( 2)
 441 I   0.01162 0.61340 0.00590 0.36908 ( 2)
 442 I   0.01158 0.61508 0.00588 0.36745 ( 2)
 443 V   0.64687 0.01486 0.32899 0.00928 ( 1)
 444 N   0.64430 0.01748 0.32752 0.01070 ( 1)
 445 I   0.64385 0.01794 0.32727 0.01094 ( 1)
 446 R   0.64638 0.01536 0.32870 0.00956 ( 1)
 447 V   0.62845 0.03372 0.31882 0.01900 ( 1)
 448 M   0.65388 0.00770 0.33321 0.00521 ( 1)
 449 D   0.63719 0.02474 0.32357 0.01450 ( 1)
 450 A   0.64423 0.01756 0.32748 0.01074 ( 1)
 451 N   0.64823 0.01331 0.32991 0.00855 ( 1)
 452 D   0.63719 0.02474 0.32357 0.01450 ( 1)
 453 N   0.64988 0.01179 0.33075 0.00758 ( 1)
 454 T   0.64027 0.02160 0.32526 0.01287 ( 1)
 455 P   0.62786 0.03433 0.31851 0.01930 ( 1)
 456 T   0.64269 0.01912 0.32662 0.01157 ( 1)
 457 F   0.64508 0.01668 0.32797 0.01027 ( 1)
 458 P   0.63232 0.02974 0.32091 0.01703 ( 1)
 459 E   0.63918 0.02270 0.32466 0.01345 ( 1)
 460 I   0.65264 0.00897 0.33243 0.00596 ( 1)
 461 S   0.64367 0.01775 0.32741 0.01116 ( 1)
 462 Y   0.62837 0.03380 0.31878 0.01904 ( 1)
 463 D   0.63719 0.02474 0.32357 0.01450 ( 1)
 464 V   0.64687 0.01486 0.32899 0.00928 ( 1)
 465 Y   0.20530 0.44102 0.10416 0.24952 ( 2)
 466 V   0.64177 0.02006 0.32610 0.01207 ( 1)
 467 Y   0.62837 0.03380 0.31878 0.01904 ( 1)
 468 T   0.63937 0.02252 0.32476 0.01335 ( 1)
 469 D   0.63719 0.02474 0.32357 0.01450 ( 1)
 470 M   0.65388 0.00770 0.33321 0.00521 ( 1)
 471 N   0.64988 0.01179 0.33075 0.00758 ( 1)
 472 P   0.63232 0.02974 0.32091 0.01703 ( 1)
 473 G   0.64367 0.01812 0.32717 0.01104 ( 1)
 474 D   0.64242 0.01939 0.32647 0.01172 ( 1)
 475 S   0.64942 0.01226 0.33048 0.00784 ( 1)
 476 V   0.64687 0.01486 0.32899 0.00928 ( 1)
 477 I   0.65264 0.00897 0.33243 0.00596 ( 1)
 478 Q   0.63106 0.03103 0.32023 0.01768 ( 1)
 479 L   0.63552 0.02646 0.32265 0.01538 ( 1)
 480 T   0.64019 0.02168 0.32521 0.01291 ( 1)
 481 A   0.64420 0.01759 0.32746 0.01076 ( 1)
 482 V   0.02327 0.97616 0.00000 0.00057 ( 2)
 483 D   0.64246 0.01936 0.32649 0.01170 ( 1)
 484 A   0.27531 0.36454 0.13991 0.22024 ( 2)
 485 D   0.64239 0.01943 0.32645 0.01174 ( 1)
 486 E   0.63922 0.02257 0.32475 0.01345 ( 1)
 487 G   0.64367 0.01812 0.32717 0.01104 ( 1)
 488 S   0.64523 0.01653 0.32805 0.01019 ( 1)
 489 N   0.64987 0.01181 0.33074 0.00759 ( 1)
 490 G   0.64367 0.01812 0.32717 0.01104 ( 1)
 491 E   0.64626 0.01548 0.32864 0.00962 ( 1)
 492 I   0.63656 0.02538 0.32322 0.01483 ( 1)
 493 T   0.63955 0.02234 0.32486 0.01325 ( 1)
 494 Y   0.62837 0.03380 0.31878 0.01904 ( 1)
 495 E   0.63918 0.02270 0.32466 0.01345 ( 1)
