Supplemental results for CODEML (seqf: /home/leticiamagpali/phd/evol_models/codeml/small_dataset/cml_align/HTT_codon_aligned.phy  treef: /home/leticiamagpali/phd/evol_models/codeml/small_dataset/cml_trees/gene_trees/H2_gene_trees/HTT_codon_H2.tre)

I	J	ij	2Ns_IJ	pMut_IJ	pSub_IJ	2Ns_JI	pMut_JI	pSub_JI

TTC	TTT	CT	0.41059	0.04784	0.05833	-0.41059	0.07213	0.05833
TTA	TTT	AT	0.87807	0.00395	0.00593	-0.87807	0.00950	0.00593
TTA	TTC	AC	0.46748	0.00781	0.00977	-0.46748	0.01246	0.00977
TTG	TTT	GT	0.48550	0.00856	0.01081	-0.48550	0.01391	0.01081
TTG	TTC	GC	0.07490	0.01692	0.01756	-0.07490	0.01824	0.01756
TTG	TTA	GA	-0.39258	0.07151	0.05839	0.39258	0.04829	0.05839
TCT	TTT	CT	0.44203	0.04636	0.05736	-0.44203	0.07213	0.05736
TCC	TTC	CT	0.59269	0.05228	0.06930	-0.59269	0.09457	0.06930
TCC	TCT	CT	0.56125	0.05228	0.06832	-0.56125	0.09165	0.06832
TCA	TTA	CT	0.27432	0.03360	0.03842	-0.27432	0.04421	0.03842
TCA	TCT	AT	0.71036	0.00593	0.00829	-0.71036	0.01207	0.00829
TCA	TCC	AC	0.14912	0.01173	0.01262	-0.14912	0.01361	0.01262
TCG	TTG	CT	1.71345	0.01728	0.03611	-1.71345	0.09585	0.03611
TCG	TCT	GT	1.75692	0.00305	0.00648	-1.75692	0.01767	0.00648
TCG	TCC	GC	1.19567	0.00603	0.01034	-1.19567	0.01993	0.01034
TCG	TCA	GA	1.04656	0.02548	0.04110	-1.04656	0.07256	0.04110
TAT	TTT	AT	1.28015	0.00264	0.00468	-1.28015	0.00950	0.00468
TAT	TCT	AC	0.83812	0.00522	0.00771	-0.83812	0.01207	0.00771
TAC	TTC	AT	0.54267	0.00724	0.00938	-0.54267	0.01246	0.00938
TAC	TCC	AC	-0.05001	0.01431	0.01396	0.05001	0.01361	0.01396
TAC	TAT	CT	-0.32688	0.04101	0.03467	0.32688	0.02957	0.03467
TGT	TTT	GT	1.06269	0.00481	0.00780	-1.06269	0.01391	0.00780
TGT	TCT	GC	0.62066	0.00950	0.01275	-0.62066	0.01767	0.01275
TGT	TAT	GA	-0.21746	0.04015	0.03594	0.21746	0.03230	0.03594
TGC	TTC	GT	1.09192	0.00612	0.01006	-1.09192	0.01824	0.01006
TGC	TCC	GC	0.49923	0.01210	0.01537	-0.49923	0.01993	0.01537
TGC	TAC	GA	0.54925	0.05113	0.06645	-0.54925	0.08855	0.06645
TGC	TGT	CT	0.43982	0.03467	0.04285	-0.43982	0.05382	0.04285
TGG	TTG	GT	1.33865	0.00485	0.00879	-1.33865	0.01849	0.00879
TGG	TCG	GC	-0.37481	0.00958	0.00790	0.37481	0.00659	0.00790
TGG	TGT	GT	0.76146	0.00485	0.00692	-0.76146	0.01038	0.00692
TGG	TGC	GC	0.32163	0.00958	0.01120	-0.32163	0.01322	0.01120
CTT	TTT	CT	0.42820	0.04701	0.05779	-0.42820	0.07213	0.05779
CTC	TTC	CT	0.26916	0.07226	0.08242	-0.26916	0.09457	0.08242
CTC	CTT	CT	0.25155	0.07226	0.08172	-0.25155	0.09292	0.08172
CTA	TTA	CT	1.01728	0.01599	0.02547	-1.01728	0.04421	0.02547
CTA	CTT	AT	1.46714	0.00282	0.00538	-1.46714	0.01224	0.00538
CTA	CTC	AC	1.21559	0.00558	0.00964	-1.21559	0.01881	0.00964
CTG	TTG	CT	-0.46379	0.15241	0.11979	0.46379	0.09585	0.11979
CTG	CTT	GT	-0.40650	0.02691	0.02181	0.40650	0.01792	0.02181
CTG	CTC	GC	-0.65805	0.05319	0.03760	0.65805	0.02755	0.03760
CTG	CTA	GA	-1.87364	0.22477	0.07641	1.87364	0.03452	0.07641
CCT	TCT	CT	0.87219	0.03831	0.05742	-0.87219	0.09165	0.05742
CCT	CTT	CT	0.88602	0.03831	0.05776	-0.88602	0.09292	0.05776
CCC	TCC	CT	0.77745	0.04750	0.06833	-0.77745	0.10336	0.06833
CCC	CTC	CT	1.10097	0.04750	0.07835	-1.10097	0.14284	0.07835
CCC	CCT	CT	0.46650	0.04750	0.05944	-0.46650	0.07573	0.05944
CCA	TCA	CT	0.98091	0.02491	0.03909	-0.98091	0.06643	0.03909
CCA	CTA	CT	0.23795	0.02491	0.02799	-0.23795	0.03160	0.02799
CCA	CCT	AT	0.81908	0.00440	0.00644	-0.81908	0.00998	0.00644
CCA	CCC	AC	0.35258	0.00869	0.01032	-0.35258	0.01237	0.01032
CCG	TCG	CT	0.13101	0.02996	0.03196	-0.13101	0.03415	0.03196
CCG	CTG	CT	2.30826	0.02996	0.07679	-2.30826	0.30129	0.07679
CCG	CCT	GT	1.01574	0.00529	0.00842	-1.01574	0.01461	0.00842
CCG	CCC	GC	0.54924	0.01046	0.01359	-0.54924	0.01811	0.01359
CCG	CCA	GA	0.19666	0.04418	0.04867	-0.19666	0.05378	0.04867
CAT	TAT	CT	0.53096	0.01739	0.02241	-0.53096	0.02957	0.02241
CAT	CTT	AT	1.38291	0.00307	0.00567	-1.38291	0.01224	0.00567
CAT	CCT	AC	0.49689	0.00607	0.00770	-0.49689	0.00998	0.00770
CAC	TAC	CT	0.30482	0.05976	0.06934	-0.30482	0.08106	0.06934
CAC	CTC	AT	0.57834	0.01055	0.01390	-0.57834	0.01881	0.01390
CAC	CCC	AC	-0.52264	0.02086	0.01588	0.52264	0.01237	0.01588
CAC	CAT	CT	-0.55302	0.05976	0.04475	0.55302	0.03438	0.04475
CAA	CTA	AT	0.25321	0.00323	0.00366	-0.25321	0.00416	0.00366
CAA	CCA	AC	0.01526	0.00639	0.00644	-0.01526	0.00649	0.00644
CAA	CAT	AT	0.33745	0.00323	0.00381	-0.33745	0.00453	0.00381
CAA	CAC	AC	0.89047	0.00639	0.00965	-0.89047	0.01556	0.00965
CAG	CTG	AT	0.70365	0.01964	0.02735	-0.70365	0.03969	0.02735
CAG	CCG	AC	-1.60461	0.03882	0.01567	1.60461	0.00780	0.01567
CAG	CAT	GT	-1.08576	0.01964	0.01087	1.08576	0.00663	0.01087
CAG	CAC	GC	-0.53273	0.03882	0.02939	0.53273	0.02278	0.02939
CAG	CAA	GA	-1.42321	0.16402	0.07410	1.42321	0.03952	0.07410
CGT	TGT	CT	1.53297	0.01162	0.02272	-1.53297	0.05382	0.02272
CGT	CTT	GT	2.16746	0.00205	0.00502	-2.16746	0.01792	0.00502
CGT	CCT	GC	1.28144	0.00406	0.00719	-1.28144	0.01461	0.00719
CGT	CAT	GA	0.78455	0.01714	0.02473	-0.78455	0.03755	0.02473
CGC	TGC	CT	1.08312	0.02320	0.03799	-1.08312	0.06853	0.03799
CGC	CTC	GT	1.90588	0.00410	0.00917	-1.90588	0.02755	0.00917
CGC	CCC	GC	0.80491	0.00810	0.01179	-0.80491	0.01811	0.01179
CGC	CAC	GA	1.32754	0.03421	0.06181	-1.32754	0.12905	0.06181
CGC	CGT	CT	-0.01003	0.02320	0.02308	0.01003	0.02297	0.02308
CGA	CTA	GT	1.85660	0.00095	0.00209	-1.85660	0.00609	0.00209
CGA	CCA	GC	1.61864	0.00188	0.00380	-1.61864	0.00950	0.00380
CGA	CAA	GA	1.60338	0.00795	0.01596	-1.60338	0.03952	0.01596
CGA	CGT	AT	1.15628	0.00095	0.00161	-1.15628	0.00303	0.00161
CGA	CGC	AC	1.16631	0.00188	0.00319	-1.16631	0.00604	0.00319
CGG	TGG	CT	0.61074	0.02946	0.03937	-0.61074	0.05427	0.03937
CGG	CTG	GT	2.41318	0.00520	0.01379	-2.41318	0.05810	0.01379
CGG	CCG	GC	0.10492	0.01028	0.01083	-0.10492	0.01142	0.01083
CGG	CAG	GA	1.70953	0.04345	0.09070	-1.70953	0.24014	0.09070
CGG	CGT	GT	-0.16078	0.00520	0.00480	0.16078	0.00443	0.00480
CGG	CGC	GC	-0.15075	0.01028	0.00953	0.15075	0.00884	0.00953
CGG	CGA	GA	-1.31706	0.04345	0.02095	1.31706	0.01164	0.02095
ATT	TTT	AT	0.44746	0.00607	0.00753	-0.44746	0.00950	0.00753
ATT	CTT	AC	0.01925	0.01201	0.01212	-0.01925	0.01224	0.01212
ATC	TTC	AT	0.07557	0.01155	0.01199	-0.07557	0.01246	0.01199
ATC	CTC	AC	-0.19359	0.02283	0.02069	0.19359	0.01881	0.02069
ATC	ATT	CT	0.03870	0.06542	0.06670	-0.03870	0.06800	0.06670
ATA	TTA	AT	0.64008	0.00307	0.00416	-0.64008	0.00582	0.00416
ATA	CTA	AC	-0.37720	0.00607	0.00500	0.37720	0.00416	0.00500
ATA	ATT	AT	1.07069	0.00307	0.00500	-1.07069	0.00896	0.00500
ATA	ATC	AC	1.03199	0.00607	0.00973	-1.03199	0.01703	0.00973
ATG	TTG	AT	0.22691	0.01006	0.01125	-0.22691	0.01263	0.01125
ATG	CTG	AC	0.69070	0.01989	0.02755	-0.69070	0.03969	0.02755
ATG	ATT	GT	0.26494	0.01006	0.01145	-0.26494	0.01311	0.01145
ATG	ATC	GC	0.22624	0.01989	0.02223	-0.22624	0.02494	0.02223
ATG	ATA	GA	-0.80575	0.08405	0.05469	0.80575	0.03755	0.05469
ACT	TCT	AT	0.97092	0.00457	0.00715	-0.97092	0.01207	0.00715
ACT	CCT	AC	0.09873	0.00904	0.00949	-0.09873	0.00998	0.00949
ACT	ATT	CT	0.96549	0.02590	0.04038	-0.96549	0.06800	0.04038
ACC	TCC	AT	0.18964	0.01126	0.01236	-0.18964	0.01361	0.01236
ACC	CCC	AC	-0.58781	0.02226	0.01636	0.58781	0.01237	0.01636
ACC	ATC	CT	0.70676	0.06379	0.08896	-0.70676	0.12933	0.08896
ACC	ACT	CT	-0.22004	0.06379	0.05703	0.22004	0.05119	0.05703
ACA	TCA	AT	0.76394	0.00408	0.00583	-0.76394	0.00875	0.00583
ACA	CCA	AC	-0.21697	0.00806	0.00721	0.21697	0.00649	0.00721
ACA	ATA	CT	0.39818	0.02309	0.02799	-0.39818	0.03438	0.02799
ACA	ACT	AT	0.50338	0.00408	0.00519	-0.50338	0.00674	0.00519
ACA	ACC	AC	0.72341	0.00806	0.01132	-0.72341	0.01661	0.01132
ACG	TCG	AT	-0.27790	0.00594	0.00515	0.27790	0.00450	0.00515
ACG	CCG	AC	-0.40891	0.01174	0.00950	0.40891	0.00780	0.00950
ACG	ATG	CT	1.20865	0.03364	0.05797	-1.20865	0.11266	0.05797
ACG	ACT	GT	0.50810	0.00594	0.00758	-0.50810	0.00987	0.00758
ACG	ACC	GC	0.72814	0.01174	0.01653	-0.72814	0.02432	0.01653
ACG	ACA	GA	0.00472	0.04961	0.04973	-0.00472	0.04985	0.04973
AAT	TAT	AT	0.12071	0.00345	0.00367	-0.12071	0.00390	0.00367
AAT	CAT	AC	-0.41026	0.00682	0.00552	0.41026	0.00453	0.00552
AAT	ATT	AT	0.95340	0.00345	0.00536	-0.95340	0.00896	0.00536
AAT	ACT	AC	-0.01210	0.00682	0.00678	0.01210	0.00674	0.00678
AAC	TAC	AT	0.48978	0.00654	0.00828	-0.48978	0.01068	0.00828
AAC	CAC	AC	0.18495	0.01293	0.01417	-0.18495	0.01556	0.01417
AAC	ATC	AT	0.95688	0.00654	0.01017	-0.95688	0.01703	0.01017
AAC	ACC	AC	0.25013	0.01293	0.01462	-0.25013	0.01661	0.01462
AAC	AAT	CT	0.04219	0.03706	0.03785	-0.04219	0.03866	0.03785
AAA	CAA	AC	-0.92184	0.01198	0.00729	0.92184	0.00477	0.00729
AAA	ATA	AT	-0.29144	0.00606	0.00522	0.29144	0.00453	0.00522
AAA	ACA	AC	-0.68961	0.01198	0.00832	0.68961	0.00601	0.00832
AAA	AAT	AT	-0.17414	0.00606	0.00555	0.17414	0.00509	0.00555
AAA	AAC	AC	-0.21633	0.01198	0.01073	0.21633	0.00965	0.01073
AAG	CAG	AC	0.46835	0.01813	0.02270	-0.46835	0.02896	0.02270
AAG	ATG	AT	0.48131	0.00917	0.01155	-0.48131	0.01484	0.01155
AAG	ACG	AC	-0.72735	0.01813	0.01233	0.72735	0.00876	0.01233
AAG	AAT	GT	-0.20715	0.00917	0.00825	0.20715	0.00745	0.00825
AAG	AAC	GC	-0.24934	0.01813	0.01596	0.24934	0.01413	0.01596
AAG	AAA	GA	-0.03301	0.07660	0.07535	0.03301	0.07412	0.07535
AGT	TGT	AT	0.34887	0.00500	0.00592	-0.34887	0.00709	0.00592
AGT	CGT	AC	-1.18410	0.00989	0.00516	1.18410	0.00303	0.00516
AGT	ATT	GT	0.96410	0.00500	0.00779	-0.96410	0.01311	0.00779
AGT	ACT	GC	-0.00139	0.00989	0.00988	0.00139	0.00987	0.00988
AGT	AAT	GA	0.01071	0.04177	0.04200	-0.01071	0.04222	0.04200
AGC	TGC	AT	-0.38205	0.01323	0.01086	0.38205	0.00903	0.01086
AGC	CGC	AC	-1.46517	0.02615	0.01151	1.46517	0.00604	0.01151
AGC	ATC	GT	0.63430	0.01323	0.01786	-0.63430	0.02494	0.01786
AGC	ACC	GC	-0.07245	0.02615	0.02521	0.07245	0.02432	0.02521
AGC	AAC	GA	-0.32258	0.11048	0.09362	0.32258	0.08002	0.09362
AGC	AGT	CT	-0.29110	0.07491	0.06454	0.29110	0.05599	0.06454
AGA	CGA	AC	-1.99771	0.01035	0.00324	1.99771	0.00140	0.00324
AGA	ATA	GT	0.23608	0.00524	0.00588	-0.23608	0.00663	0.00588
AGA	ACA	GC	-0.16209	0.01035	0.00953	0.16209	0.00880	0.00953
AGA	AAA	GA	0.52752	0.04373	0.05628	-0.52752	0.07412	0.05628
AGA	AGT	AT	0.34267	0.00524	0.00618	-0.34267	0.00738	0.00618
AGA	AGC	AC	0.63378	0.01035	0.01397	-0.63378	0.01951	0.01397
AGG	TGG	AT	-0.04018	0.00744	0.00729	0.04018	0.00715	0.00729
AGG	CGG	AC	-0.65092	0.01471	0.01044	0.65092	0.00767	0.01044
AGG	ATG	GT	1.07156	0.00744	0.01213	-1.07156	0.02173	0.01213
AGG	ACG	GC	-0.13709	0.01471	0.01372	0.13709	0.01283	0.01372
AGG	AAG	GA	0.59026	0.06216	0.08230	-0.59026	0.11216	0.08230
AGG	AGT	GT	0.37240	0.00744	0.00891	-0.37240	0.01080	0.00891
AGG	AGC	GC	0.66350	0.01471	0.02013	-0.66350	0.02856	0.02013
AGG	AGA	GA	0.02973	0.06216	0.06309	-0.02973	0.06403	0.06309
GTT	TTT	GT	0.96447	0.00530	0.00826	-0.96447	0.01391	0.00826
GTT	CTT	GC	0.53626	0.01048	0.01354	-0.53626	0.01792	0.01354
GTT	ATT	GA	0.51701	0.04429	0.05673	-0.51701	0.07428	0.05673
GTC	TTC	GT	0.45916	0.01152	0.01437	-0.45916	0.01824	0.01437
GTC	CTC	GC	0.19000	0.02278	0.02501	-0.19000	0.02755	0.02501
GTC	ATC	GA	0.38359	0.09626	0.11590	-0.38359	0.14127	0.11590
GTC	GTT	CT	-0.09472	0.06527	0.06223	0.09472	0.05937	0.06223
GTA	TTA	GT	1.49222	0.00192	0.00369	-1.49222	0.00853	0.00369
GTA	CTA	GC	0.47495	0.00379	0.00476	-0.47495	0.00609	0.00476
GTA	ATA	GA	0.85214	0.01602	0.02380	-0.85214	0.03755	0.02380
GTA	GTT	AT	1.40583	0.00192	0.00357	-1.40583	0.00782	0.00357
GTA	GTC	AC	1.50055	0.00379	0.00732	-1.50055	0.01700	0.00732
GTG	TTG	GT	-0.00743	0.01862	0.01855	0.00743	0.01849	0.01855
GTG	CTG	GC	0.45636	0.03681	0.04585	-0.45636	0.05810	0.04585
GTG	ATG	GA	-0.23433	0.15556	0.13805	0.23433	0.12306	0.13805
GTG	GTT	GT	-0.48640	0.01862	0.01446	0.48640	0.01145	0.01446
GTG	GTC	GC	-0.39168	0.03681	0.03007	0.39168	0.02488	0.03007
GTG	GTA	GA	-1.89223	0.15556	0.05225	1.89223	0.02345	0.05225
GCT	TCT	GT	0.62304	0.00948	0.01274	-0.62304	0.01767	0.01274
GCT	CCT	GC	-0.24916	0.01874	0.01650	0.24916	0.01461	0.01650
GCT	ACT	GA	-0.34788	0.07918	0.06620	0.34788	0.05592	0.06620
GCT	GTT	CT	0.10060	0.05369	0.05643	-0.10060	0.05937	0.05643
GCC	TCC	GT	0.26071	0.01536	0.01745	-0.26071	0.01993	0.01745
GCC	CCC	GC	-0.51674	0.03036	0.02319	0.51674	0.01811	0.02319
GCC	ACC	GA	0.07107	0.12829	0.13290	-0.07107	0.13774	0.13290
GCC	GTC	CT	0.39424	0.08699	0.10526	-0.39424	0.12903	0.10526
GCC	GCT	CT	0.19892	0.08699	0.09593	-0.19892	0.10613	0.09593
GCA	TCA	GT	0.53608	0.00749	0.00968	-0.53608	0.01281	0.00968
GCA	CCA	GC	-0.44483	0.01482	0.01176	0.44483	0.00950	0.01176
GCA	ACA	GA	-0.22786	0.06261	0.05574	0.22786	0.04985	0.05574
GCA	GTA	CT	-0.68182	0.04245	0.02961	0.68182	0.02147	0.02961
GCA	GCT	AT	0.62340	0.00749	0.01007	-0.62340	0.01398	0.01007
GCA	GCC	AC	0.42449	0.01482	0.01818	-0.42449	0.02265	0.01818
GCG	TCG	GT	0.31362	0.00481	0.00561	-0.31362	0.00659	0.00561
GCG	CCG	GC	0.18260	0.00951	0.01041	-0.18260	0.01142	0.01041
GCG	ACG	GA	0.59151	0.04021	0.05326	-0.59151	0.07264	0.05326
GCG	GTG	CT	2.03450	0.02726	0.06381	-2.03450	0.20851	0.06381
GCG	GCT	GT	1.44750	0.00481	0.00911	-1.44750	0.02047	0.00911
GCG	GCC	GC	1.24858	0.00951	0.01666	-1.24858	0.03316	0.01666
GCG	GCA	GA	0.82409	0.04021	0.05902	-0.82409	0.09166	0.05902
GAT	TAT	GT	-0.26327	0.00742	0.00649	0.26327	0.00570	0.00649
GAT	CAT	GC	-0.79423	0.01467	0.00961	0.79423	0.00663	0.00961
GAT	AAT	GA	-0.38398	0.06199	0.05085	0.38398	0.04222	0.05085
GAT	GTT	AT	0.05241	0.00742	0.00762	-0.05241	0.00782	0.00762
GAT	GCT	AC	-0.04819	0.01467	0.01432	0.04819	0.01398	0.01432
GAC	TAC	GT	0.04161	0.01500	0.01531	-0.04161	0.01563	0.01531
GAC	CAC	GC	-0.26321	0.02964	0.02591	0.26321	0.02278	0.02591
GAC	AAC	GA	-0.44816	0.12527	0.09929	0.44816	0.08002	0.09929
GAC	GTC	AT	0.12513	0.01500	0.01595	-0.12513	0.01700	0.01595
GAC	GCC	AC	-0.26911	0.02964	0.02583	0.26911	0.02265	0.02583
GAC	GAT	CT	-0.02200	0.08494	0.08401	0.02200	0.08309	0.08401
GAA	CAA	GC	-0.95632	0.01816	0.01084	0.95632	0.00698	0.01084
GAA	AAA	GA	-0.03447	0.07672	0.07540	0.03447	0.07412	0.07540
GAA	GTA	AT	-1.17805	0.00918	0.00481	1.17805	0.00283	0.00481
GAA	GCA	AC	-0.49623	0.01816	0.01402	0.49623	0.01105	0.01402
GAA	GAT	AT	0.17537	0.00918	0.01001	-0.17537	0.01094	0.01001
GAA	GAC	AC	0.19737	0.01816	0.02001	-0.19737	0.02212	0.02001
GAG	CAG	GC	0.16787	0.03585	0.03894	-0.16787	0.04240	0.03894
GAG	AAG	GA	-0.30049	0.15147	0.12985	0.30049	0.11216	0.12985
GAG	GTG	AT	0.41515	0.01813	0.02216	-0.41515	0.02747	0.02216
GAG	GCG	AC	-1.61935	0.03585	0.01433	1.61935	0.00710	0.01433
GAG	GAT	GT	-0.12366	0.01813	0.01704	0.12366	0.01602	0.01704
GAG	GAC	GC	-0.10166	0.03585	0.03406	0.10166	0.03238	0.03406
GAG	GAA	GA	-0.29903	0.15147	0.12995	0.29903	0.11232	0.12995
GGT	TGT	GT	1.38903	0.00259	0.00479	-1.38903	0.01038	0.00479
GGT	CGT	GC	-0.14395	0.00512	0.00476	0.14395	0.00443	0.00476
GGT	AGT	GA	1.04015	0.02162	0.03477	-1.04015	0.06116	0.03477
GGT	GTT	GT	1.48725	0.00259	0.00497	-1.48725	0.01145	0.00497
GGT	GCT	GC	1.38665	0.00512	0.00946	-1.38665	0.02047	0.00946
GGT	GAT	GA	1.43484	0.02162	0.04071	-1.43484	0.09076	0.04071
GGC	TGC	GT	0.52863	0.00779	0.01003	-0.52863	0.01322	0.01003
GGC	CGC	GC	-0.55449	0.01540	0.01152	0.55449	0.00884	0.01152
GGC	AGC	GA	0.91068	0.06507	0.09913	-0.91068	0.16176	0.09913
GGC	GTC	GT	1.16139	0.00779	0.01317	-1.16139	0.02488	0.01317
GGC	GCC	GC	0.76715	0.01540	0.02205	-0.76715	0.03316	0.02205
GGC	GAC	GA	1.03626	0.06507	0.10450	-1.03626	0.18341	0.10450
GGC	GGT	CT	-0.42058	0.04412	0.03549	0.42058	0.02897	0.03549
GGA	CGA	GC	-1.55165	0.00970	0.00405	1.55165	0.00206	0.00405
GGA	AGA	GA	0.44606	0.04099	0.05081	-0.44606	0.06403	0.05081
GGA	GTA	GT	-0.17000	0.00491	0.00450	0.17000	0.00414	0.00450
GGA	GCA	GC	0.51182	0.00970	0.01239	-0.51182	0.01618	0.01239
GGA	GAA	GA	1.00805	0.04099	0.06506	-1.00805	0.11232	0.06506
GGA	GGT	AT	-0.25142	0.00491	0.00432	0.25142	0.00382	0.00432
GGA	GGC	AC	0.16916	0.00970	0.01054	-0.16916	0.01149	0.01054
GGG	TGG	GT	0.40622	0.00697	0.00848	-0.40622	0.01047	0.00848
GGG	CGG	GC	-0.20452	0.01378	0.01242	0.20452	0.01123	0.01242
GGG	AGG	GA	0.44641	0.05824	0.07220	-0.44641	0.09101	0.07220
GGG	GTG	GT	1.75230	0.00697	0.01478	-1.75230	0.04021	0.01478
GGG	GCG	GC	-0.28220	0.01378	0.01193	0.28220	0.01039	0.01193
GGG	GAG	GA	1.33715	0.05824	0.10560	-1.33715	0.22178	0.10560
GGG	GGT	GT	-0.22135	0.00697	0.00623	0.22135	0.00559	0.00623
GGG	GGC	GC	0.19923	0.01378	0.01520	-0.19923	0.01682	0.01520
GGG	GGA	GA	0.03007	0.05824	0.05912	-0.03007	0.06002	0.05912


Histograms
2Ns	FMut	FSub(CodonUsage)	FSubw(after w)

-2.29827	0.02139	0.00601
-2.06844	0.01409	0.00478
-1.83861	0.02808	0.01069
-1.60879	0.03215	0.01397
-1.37896	0.04888	0.02533
-1.14913	0.05050	0.03085
-0.91931	0.06205	0.04233
-0.68948	0.06623	0.05186
-0.45965	0.14444	0.12719
-0.22983	0.11949	0.11741
0.00000	0.12495	0.13918
0.22983	0.09345	0.11741
0.45965	0.09184	0.12719
0.68948	0.03398	0.05186
0.91931	0.02495	0.04233
1.14913	0.01679	0.03085
1.37896	0.01236	0.02533
1.60879	0.00613	0.01397
1.83861	0.00435	0.01069
2.06844	0.00183	0.00478
2.29827	0.00209	0.00601

Proportion of advantageous (S > 0) mutations:
 0.34876

Proportions of good & bad mutations (|S| > 2.0000) among mutations:
0.00384  0.03486

mean |Ns| = 0.68125	mean Ns+ = 0.50078	mean Ns- = -0.77789


MLEs of dN/dS (w) for site classes (K=3)

site class             0         1         2
proportion        0.79361   0.12797   0.07841
branch type 0:    0.02894   1.00000   0.36774
branch type 1:    0.02894   1.00000   0.00000

Naive Empirical Bayes (NEB) probabilities for 3 classes
(amino acids refer to 1st sequence: Bbon)

   1 N   0.89248 0.04377 0.06375 ( 1)
   2 S   0.85354 0.07499 0.07147 ( 1)
   3 P   0.86094 0.06880 0.07026 ( 1)
   4 E   0.86059 0.06911 0.07031 ( 1)
   5 F   0.86793 0.06305 0.06902 ( 1)
   6 Q   0.83417 0.09160 0.07423 ( 1)
   7 K   0.87446 0.05779 0.06775 ( 1)
   8 L   0.85184 0.07642 0.07174 ( 1)
   9 L   0.81883 0.10514 0.07604 ( 1)
  10 G   0.88574 0.04890 0.06536 ( 1)
  11 I   0.86420 0.06611 0.06969 ( 1)
  12 A   0.85238 0.07598 0.07165 ( 1)
  13 M   0.25281 0.50562 0.24157 ( 2)
  14 E   0.86059 0.06911 0.07031 ( 1)
  15 L   0.85151 0.07680 0.07170 ( 1)
  16 F   0.86793 0.06305 0.06902 ( 1)
  17 L   0.81883 0.10514 0.07604 ( 1)
  18 L   0.81883 0.10514 0.07604 ( 1)
  19 C   0.87148 0.06018 0.06834 ( 1)
  20 S   0.86606 0.06461 0.06933 ( 1)
  21 D   0.85891 0.07050 0.07059 ( 1)
  22 D   0.86173 0.06811 0.07016 ( 1)
  23 A   0.85138 0.07655 0.07207 ( 1)
  24 E   0.85603 0.07291 0.07106 ( 1)
  25 S   0.84860 0.07936 0.07204 ( 1)
  26 D   0.85891 0.07050 0.07059 ( 1)
  27 V   0.86851 0.06258 0.06890 ( 1)
  28 R   0.87714 0.05565 0.06721 ( 1)
  29 M   0.88763 0.04746 0.06491 ( 1)
  30 V   0.84637 0.08107 0.07255 ( 1)
  31 A   0.85333 0.07516 0.07151 ( 1)
  32 D   0.86285 0.06724 0.06992 ( 1)
  33 E   0.85603 0.07291 0.07106 ( 1)
  34 C   0.87148 0.06018 0.06834 ( 1)
  35 L   0.85103 0.07711 0.07186 ( 1)
  36 N   0.89864 0.03918 0.06218 ( 1)
  37 K   0.23169 0.53873 0.22958 ( 2)
  38 V   0.86851 0.06258 0.06890 ( 1)
  39 I   0.89751 0.04075 0.06174 ( 1)
  40 K   0.87299 0.05956 0.06745 ( 1)
  41 -   0.88145 0.05277 0.06578 ( 1)
  42 -   0.86948 0.06226 0.06826 ( 1)
  43 -   0.84038 0.08652 0.07310 ( 1)
  44 -   0.85007 0.07827 0.07166 ( 1)
  45 -   0.86726 0.06405 0.06869 ( 1)
  46 -   0.84795 0.08007 0.07198 ( 1)
  47 -   0.81349 0.10996 0.07655 ( 1)
  48 -   0.87229 0.05999 0.06772 ( 1)
  49 -   0.84038 0.08652 0.07310 ( 1)
  50 -   0.84627 0.08149 0.07224 ( 1)
  51 -   0.81315 0.11034 0.07651 ( 1)
  52 -   0.84060 0.08630 0.07309 ( 1)
  53 -   0.86174 0.06857 0.06969 ( 1)
  54 -   0.85367 0.07524 0.07108 ( 1)
  55 -   0.84627 0.08149 0.07224 ( 1)
  56 -   0.84345 0.08390 0.07265 ( 1)
  57 -   0.81315 0.11034 0.07651 ( 1)
  58 -   0.84038 0.08652 0.07310 ( 1)
  59 -   0.84936 0.07888 0.07177 ( 1)
  60 -   0.83853 0.08807 0.07340 ( 1)
  61 -   0.85937 0.07051 0.07011 ( 1)
  62 -   0.86726 0.06405 0.06869 ( 1)
  63 -   0.85007 0.07827 0.07166 ( 1)
  64 -   0.82540 0.09950 0.07510 ( 1)
  65 -   0.85937 0.07052 0.07011 ( 1)
  66 -   0.85676 0.07268 0.07056 ( 1)
  67 -   0.86174 0.06857 0.06969 ( 1)
  68 P   0.86201 0.06843 0.06956 ( 1)
  69 Y   0.86693 0.06443 0.06865 ( 1)
  70 L   0.83314 0.09279 0.07407 ( 1)
  71 V   0.89060 0.04587 0.06353 ( 1)
  72 N   0.89675 0.04130 0.06195 ( 1)
  73 L   0.85026 0.07818 0.07155 ( 1)
  74 L   0.83314 0.09279 0.07407 ( 1)
  75 P   0.86201 0.06843 0.06956 ( 1)
  76 C   0.86815 0.06359 0.06826 ( 1)
  77 L   0.81801 0.10605 0.07594 ( 1)
  78 T   0.86940 0.06242 0.06818 ( 1)
  79 R   0.88699 0.04861 0.06440 ( 1)
  80 T   0.87312 0.05947 0.06741 ( 1)
  81 S   0.85959 0.07043 0.06998 ( 1)
  82 K   0.87879 0.05497 0.06624 ( 1)
  83 R   0.87236 0.06010 0.06754 ( 1)
  84 P   0.86740 0.06408 0.06852 ( 1)
  85 E   0.85495 0.07431 0.07075 ( 1)
  86 E   0.85438 0.07476 0.07087 ( 1)
  87 S   0.85193 0.07679 0.07128 ( 1)
  88 V   0.86670 0.06461 0.06869 ( 1)
  89 Q   0.83296 0.09296 0.07408 ( 1)
  90 E   0.85438 0.07476 0.07087 ( 1)
  91 T   0.86815 0.06343 0.06841 ( 1)
  92 L   0.83314 0.09279 0.07407 ( 1)
  93 A   0.85092 0.07764 0.07143 ( 1)
  94 A   0.85818 0.07197 0.06985 ( 1)
  95 A   0.85247 0.07641 0.07112 ( 1)
  96 V   0.86670 0.06461 0.06869 ( 1)
  97 P   0.86201 0.06843 0.06956 ( 1)
  98 K   0.87879 0.05497 0.06624 ( 1)
  99 I   0.21073 0.57369 0.21558 ( 2)
 100 M   0.88571 0.04961 0.06468 ( 1)
 101 A   0.85078 0.07776 0.07146 ( 1)
 102 S   0.85205 0.07669 0.07126 ( 1)
 103 F   0.86810 0.06356 0.06834 ( 1)
 104 G   0.88382 0.05105 0.06513 ( 1)
 105 N   0.89202 0.04490 0.06309 ( 1)
 106 F   0.86619 0.06502 0.06879 ( 1)
 107 A   0.84883 0.07940 0.07177 ( 1)
 108 N   0.89675 0.04130 0.06195 ( 1)
 109 D   0.86110 0.06919 0.06971 ( 1)
 110 S   0.26933 0.48552 0.24515 ( 2)
 111 E   0.85833 0.07146 0.07021 ( 1)
 112 I   0.86438 0.06589 0.06973 ( 1)
 113 K   0.88010 0.05351 0.06640 ( 1)
 114 V   0.86962 0.06160 0.06878 ( 1)
 115 L   0.81876 0.10498 0.07626 ( 1)
 116 L   0.84396 0.08326 0.07278 ( 1)
 117 K   0.88055 0.05294 0.06650 ( 1)
 118 A   0.85316 0.07536 0.07148 ( 1)
 119 F   0.87187 0.05985 0.06827 ( 1)
 120 I   0.89940 0.03863 0.06197 ( 1)
 121 A   0.88517 0.04934 0.06549 ( 1)
 122 N   0.89237 0.04384 0.06379 ( 1)
 123 L   0.81883 0.10514 0.07604 ( 1)
 124 K   0.88069 0.05284 0.06647 ( 1)
 125 S   0.20953 0.57289 0.21758 ( 2)
 126 S   0.86140 0.06841 0.07019 ( 1)
 127 S   0.85354 0.07499 0.07147 ( 1)
 128 P   0.86377 0.06646 0.06977 ( 1)
 129 T   0.86998 0.06139 0.06863 ( 1)
 130 V   0.18562 0.61074 0.20365 ( 2)
 131 R   0.88327 0.05081 0.06592 ( 1)
 132 R   0.88327 0.05081 0.06592 ( 1)
 133 T   0.87383 0.05836 0.06781 ( 1)
 134 A   0.88378 0.05045 0.06577 ( 1)
 135 A   0.85934 0.07013 0.07052 ( 1)
 136 G   0.25363 0.50496 0.24140 ( 2)
 137 S   0.87581 0.05669 0.06750 ( 1)
 138 A   0.88517 0.04934 0.06549 ( 1)
 139 V   0.84658 0.08091 0.07251 ( 1)
 140 S   0.86132 0.06850 0.07018 ( 1)
 141 I   0.21909 0.55834 0.22257 ( 2)
 142 C   0.87148 0.06018 0.06834 ( 1)
 143 Q   0.83417 0.09160 0.07423 ( 1)
 144 H   0.86295 0.06715 0.06991 ( 1)
 145 S   0.85952 0.06998 0.07050 ( 1)
 146 R   0.87665 0.05612 0.06723 ( 1)
 147 R   0.87669 0.05618 0.06712 ( 1)
 148 T   0.01022 0.85957 0.13021 ( 2)
 149 Q   0.83417 0.09160 0.07423 ( 1)
 150 Y   0.21938 0.55776 0.22286 ( 2)
 151 F   0.86884 0.06236 0.06879 ( 1)
 152 Y   0.86874 0.06240 0.06886 ( 1)
 153 S   0.86132 0.06850 0.07018 ( 1)
 154 W   0.85261 0.07576 0.07163 ( 1)
 155 L   0.82033 0.10349 0.07618 ( 1)
 156 L   0.85103 0.07711 0.07186 ( 1)
 157 S   0.86524 0.06523 0.06953 ( 1)
 158 V   0.84778 0.07950 0.07272 ( 1)
 159 L   0.85103 0.07711 0.07186 ( 1)
 160 L   0.19042 0.60527 0.20431 ( 2)
 161 G   0.89476 0.04204 0.06320 ( 1)
 162 L   0.83462 0.09122 0.07416 ( 1)
 163 L   0.82560 0.09943 0.07497 ( 1)
 164 V   0.87489 0.05746 0.06765 ( 1)
 165 P   0.86965 0.06169 0.06865 ( 1)
 166 V   0.84670 0.08081 0.07249 ( 1)
 167 E   0.85640 0.07262 0.07098 ( 1)
 168 E   0.85640 0.07262 0.07098 ( 1)
 169 E   0.86042 0.06924 0.07034 ( 1)
 170 H   0.23082 0.53636 0.23281 ( 2)
 171 S   0.85956 0.07007 0.07038 ( 1)
 172 T   0.21720 0.56291 0.21989 ( 2)
 173 L   0.85203 0.07627 0.07170 ( 1)
 174 L   0.81900 0.10499 0.07601 ( 1)
 175 I   0.86460 0.06580 0.06959 ( 1)
 176 L   0.85139 0.07682 0.07179 ( 1)
 177 G   0.87497 0.05740 0.06763 ( 1)
 178 V   0.84670 0.08081 0.07249 ( 1)
 179 L   0.81900 0.10499 0.07601 ( 1)
 180 L   0.85157 0.07668 0.07175 ( 1)
 181 T   0.87557 0.05691 0.06752 ( 1)
 182 L   0.83438 0.09141 0.07420 ( 1)
 183 R   0.87759 0.05532 0.06710 ( 1)
 184 Y   0.88074 0.05282 0.06644 ( 1)
 185 L   0.83462 0.09122 0.07416 ( 1)
 186 V   0.84670 0.08081 0.07249 ( 1)
 187 P   0.86982 0.06154 0.06864 ( 1)
 188 L   0.83462 0.09122 0.07416 ( 1)
 189 L   0.81900 0.10499 0.07601 ( 1)
 190 Q   0.83444 0.09138 0.07418 ( 1)
 191 Q   0.83444 0.09138 0.07418 ( 1)
 192 Q   0.83444 0.09138 0.07418 ( 1)
 193 V   0.86893 0.06227 0.06880 ( 1)
 194 K   0.88115 0.05251 0.06634 ( 1)
 195 D   0.86315 0.06701 0.06984 ( 1)
 196 T   0.87062 0.06093 0.06845 ( 1)
 197 S   0.86172 0.06819 0.07009 ( 1)
 198 L   0.81900 0.10499 0.07601 ( 1)
 199 K   0.87490 0.05746 0.06764 ( 1)
 200 G   0.88621 0.04857 0.06522 ( 1)
 201 S   0.86172 0.06819 0.07009 ( 1)
 202 F   0.86835 0.06273 0.06892 ( 1)
 203 G   0.88409 0.05021 0.06570 ( 1)
 204 V   0.84670 0.08081 0.07249 ( 1)
 205 T   0.87368 0.05863 0.06769 ( 1)
 206 R   0.88374 0.05048 0.06579 ( 1)
 207 K   0.87490 0.05746 0.06764 ( 1)
 208 E   0.85640 0.07262 0.07098 ( 1)
 209 M   0.88810 0.04712 0.06478 ( 1)
 210 E   0.85640 0.07262 0.07098 ( 1)
 211 V   0.86893 0.06227 0.06880 ( 1)
 212 S   0.85598 0.07275 0.07127 ( 1)
 213 P   0.86982 0.06154 0.06864 ( 1)
 214 S   0.87625 0.05637 0.06739 ( 1)
 215 T   0.87006 0.06135 0.06859 ( 1)
 216 E   0.85640 0.07262 0.07098 ( 1)
 217 Q   0.83444 0.09138 0.07418 ( 1)
 218 L   0.85209 0.07624 0.07167 ( 1)
 219 V   0.86856 0.06255 0.06889 ( 1)
 220 Q   0.83341 0.09223 0.07436 ( 1)
 221 V   0.84182 0.08534 0.07283 ( 1)
 222 Y   0.86445 0.06650 0.06905 ( 1)
 223 E   0.85485 0.07435 0.07079 ( 1)
 224 L   0.82859 0.09692 0.07449 ( 1)
 225 T   0.86412 0.06671 0.06917 ( 1)
 226 L   0.83069 0.09492 0.07439 ( 1)
 227 H   0.22691 0.54840 0.22469 ( 2)
 228 Y   0.87404 0.05871 0.06725 ( 1)
 229 T   0.87397 0.05876 0.06727 ( 1)
 230 Q   0.83155 0.09422 0.07423 ( 1)
 231 H   0.85905 0.07094 0.07001 ( 1)
 232 Q   0.84669 0.08139 0.07192 ( 1)
 233 D   0.85894 0.07103 0.07002 ( 1)
 234 H   0.85905 0.07094 0.07001 ( 1)
 235 N   0.88786 0.04805 0.06409 ( 1)
 236 V   0.87023 0.06184 0.06793 ( 1)
 237 V   0.84500 0.08224 0.07277 ( 1)
 238 T   0.87377 0.05892 0.06732 ( 1)
 239 G   0.87946 0.05449 0.06605 ( 1)
 240 A   0.85081 0.07776 0.07143 ( 1)
 241 L   0.81710 0.10688 0.07602 ( 1)
 242 E   0.85618 0.07330 0.07052 ( 1)
 243 L   0.84759 0.08049 0.07192 ( 1)
 244 L   0.81710 0.10688 0.07602 ( 1)
 245 Q   0.83278 0.09284 0.07437 ( 1)
 246 Q   0.83278 0.09284 0.07437 ( 1)
 247 L   0.84574 0.08148 0.07279 ( 1)
 248 L   0.84919 0.07871 0.07210 ( 1)
 249 R   0.87087 0.06073 0.06840 ( 1)
 250 T   0.86769 0.06330 0.06901 ( 1)
 251 P   0.86165 0.06826 0.07009 ( 1)
 252 P   0.85937 0.07018 0.07046 ( 1)
 253 P   0.86165 0.06826 0.07009 ( 1)
 254 E   0.85406 0.07461 0.07133 ( 1)
 255 L   0.84919 0.07871 0.07210 ( 1)
 256 L   0.81792 0.10597 0.07612 ( 1)
 257 R   0.87279 0.05900 0.06821 ( 1)
 258 A   0.00030 0.99970 0.00000 ( 2)
 259 L   0.81792 0.10597 0.07612 ( 1)
 260 T   0.86774 0.06326 0.06899 ( 1)
 261 T   0.86739 0.06356 0.06906 ( 1)
 262 A   0.25077 0.50998 0.23925 ( 2)
 263 G   0.88374 0.05054 0.06572 ( 1)
 264 G   0.88329 0.05087 0.06585 ( 1)
 265 I   0.86561 0.06500 0.06939 ( 1)
 266 G   0.24616 0.51685 0.23699 ( 2)
 267 Q   0.00737 0.99263 0.00000 ( 2)
 268 L   0.84919 0.07871 0.07210 ( 1)
 269 T   0.87664 0.05603 0.06733 ( 1)
 270 A   0.20161 0.58646 0.21193 ( 2)
 271 A   0.85086 0.07728 0.07186 ( 1)
 272 K   0.87829 0.05479 0.06692 ( 1)
 273 D   0.19952 0.58980 0.21069 ( 2)
 274 E   0.85406 0.07461 0.07133 ( 1)
 275 P   0.86707 0.06379 0.06913 ( 1)
 276 G   0.36893 0.63107 0.00000 ( 2)
 277 C   0.86922 0.06206 0.06872 ( 1)
 278 R   0.87094 0.06065 0.06841 ( 1)
 279 S   0.86396 0.06637 0.06967 ( 1)
 280 R   0.88424 0.05012 0.06564 ( 1)
 281 S   0.85924 0.07027 0.07049 ( 1)
 282 G   0.87222 0.05964 0.06814 ( 1)
 283 S   0.86298 0.06713 0.06989 ( 1)
 284 I   0.86556 0.06504 0.06940 ( 1)
 285 V   0.84464 0.08259 0.07277 ( 1)
 286 E   0.85406 0.07461 0.07133 ( 1)
 287 L   0.84998 0.07804 0.07198 ( 1)
 288 I   0.89684 0.04057 0.06258 ( 1)
 289 A   0.83764 0.08949 0.07286 ( 1)
 290 G   0.85598 0.07421 0.06981 ( 1)
 291 G   0.86389 0.06779 0.06832 ( 1)
 292 G   0.87393 0.05980 0.06626 ( 1)
 293 S   0.83860 0.08868 0.07272 ( 1)
 294 S   0.83222 0.09412 0.07366 ( 1)
 295 C   0.85339 0.07633 0.07028 ( 1)
 296 S   0.84490 0.08339 0.07171 ( 1)
 297 P   0.84695 0.08166 0.07139 ( 1)
 298 V   0.85089 0.07840 0.07071 ( 1)
 299 L   0.83724 0.08983 0.07293 ( 1)
 300 S   0.83162 0.09461 0.07377 ( 1)
 301 R   0.85573 0.07436 0.06991 ( 1)
 302 K   0.85594 0.07425 0.06981 ( 1)
 303 Q   0.83631 0.09061 0.07308 ( 1)
 304 K   0.85592 0.07427 0.06982 ( 1)
 305 G   0.86100 0.07039 0.06861 ( 1)
 306 K   0.21604 0.56744 0.21653 ( 2)
 307 V   0.84080 0.08651 0.07269 ( 1)
 308 L   0.84509 0.08287 0.07204 ( 1)
 309 F   0.86099 0.06968 0.06933 ( 1)
 310 G   0.86714 0.06470 0.06816 ( 1)
 311 E   0.85396 0.07547 0.07057 ( 1)
 312 A   0.84529 0.08274 0.07197 ( 1)
 313 A   0.84449 0.08339 0.07212 ( 1)
 314 A   0.85281 0.07642 0.07077 ( 1)
 315 L   0.00651 0.89936 0.09414 ( 2)
 316 E   0.84971 0.07901 0.07128 ( 1)
 317 D   0.85240 0.07677 0.07084 ( 1)
 318 D   0.85608 0.07372 0.07020 ( 1)
 319 S   0.18674 0.61293 0.20033 ( 2)
 320 E   0.84971 0.07901 0.07128 ( 1)
 321 S   0.83963 0.08750 0.07286 ( 1)
 322 R   0.86956 0.06278 0.06766 ( 1)
 323 S   0.83932 0.08776 0.07292 ( 1)
 324 D   0.85608 0.07372 0.07020 ( 1)
 325 G   0.87793 0.05614 0.06593 ( 1)
 326 S   0.85466 0.07490 0.07045 ( 1)
 327 S   0.85466 0.07490 0.07045 ( 1)
 328 P   0.86227 0.06863 0.06910 ( 1)
 329 T   0.86281 0.06819 0.06899 ( 1)
 330 F   0.86089 0.06976 0.06936 ( 1)
 331 -   0.17749 0.62769 0.19483 ( 2)
 332 -   0.85072 0.07809 0.07119 ( 1)
 333 A   0.18234 0.61770 0.19996 ( 2)
 334 V   0.86893 0.06227 0.06880 ( 1)
 335 K   0.88115 0.05251 0.06634 ( 1)
 336 G   0.89468 0.04219 0.06313 ( 1)
 337 E   0.85640 0.07262 0.07098 ( 1)
 338 V   0.00935 0.86823 0.12243 ( 2)
 339 G   0.88931 0.04583 0.06486 ( 1)
 340 G   0.28344 0.46225 0.25430 ( 2)
 341 E   0.85640 0.07262 0.07098 ( 1)
 342 L   0.81900 0.10499 0.07601 ( 1)
 343 A   0.19517 0.59686 0.20797 ( 2)
 344 A   0.85973 0.06984 0.07044 ( 1)
 345 S   0.85390 0.07471 0.07140 ( 1)
 346 S   0.85390 0.07471 0.07140 ( 1)
 347 G   0.88409 0.05021 0.06570 ( 1)
 348 V   0.86893 0.06227 0.06880 ( 1)
 349 P   0.20624 0.57912 0.21464 ( 2)
 350 T   0.88067 0.05287 0.06645 ( 1)
 351 P   0.86556 0.06509 0.06936 ( 1)
 352 G   0.24319 0.51950 0.23730 ( 2)
 353 S   0.84537 0.08196 0.07267 ( 1)
 354 A   0.85273 0.07570 0.07157 ( 1)
 355 A   0.85973 0.06984 0.07044 ( 1)
 356 D   0.27222 0.72778 0.00000 ( 2)
 357 S   0.85390 0.07471 0.07140 ( 1)
 358 G   0.18934 0.60673 0.20393 ( 2)
 359 G   0.89525 0.04171 0.06304 ( 1)
 360 H   0.86335 0.06684 0.06982 ( 1)
 361 D   0.86325 0.06693 0.06983 ( 1)
 362 I   0.86843 0.06268 0.06890 ( 1)
 363 I   0.86843 0.06268 0.06890 ( 1)
 364 T   0.87991 0.05343 0.06666 ( 1)
 365 E   0.85640 0.07262 0.07098 ( 1)
 366 Q   0.83444 0.09138 0.07418 ( 1)
 367 P   0.86971 0.06162 0.06867 ( 1)
 368 R   0.88398 0.05030 0.06572 ( 1)
 369 S   0.84537 0.08196 0.07267 ( 1)
 370 Q   0.83444 0.09138 0.07418 ( 1)
 371 H   0.86335 0.06684 0.06982 ( 1)
 372 T   0.87552 0.05696 0.06752 ( 1)
 373 L   0.85219 0.07614 0.07167 ( 1)
 374 Q   0.83444 0.09138 0.07418 ( 1)
 375 T   0.22524 0.54908 0.22568 ( 2)
 376 D   0.86325 0.06693 0.06983 ( 1)
 377 S   0.87507 0.05724 0.06769 ( 1)
 378 V   0.19017 0.60542 0.20441 ( 2)
 379 D   0.85929 0.07020 0.07051 ( 1)
 380 L   0.81959 0.10449 0.07592 ( 1)
 381 T   0.87324 0.05885 0.06791 ( 1)
 382 G   0.88621 0.04857 0.06522 ( 1)
 383 C   0.85693 0.07216 0.07090 ( 1)
 384 D   0.86325 0.06693 0.06983 ( 1)
 385 L   0.83462 0.09122 0.07416 ( 1)
 386 T   0.00034 0.99966 0.00000 ( 2)
 387 S   0.86654 0.06422 0.06924 ( 1)
 388 G   0.89525 0.04171 0.06304 ( 1)
 389 A   0.85926 0.07020 0.07054 ( 1)
 390 T   0.23648 0.53049 0.23303 ( 2)
 391 D   0.86227 0.06769 0.07004 ( 1)
 392 G   0.88409 0.05021 0.06570 ( 1)
 393 D   0.86305 0.06708 0.06987 ( 1)
 394 E   0.85640 0.07262 0.07098 ( 1)
 395 E   0.85645 0.07256 0.07099 ( 1)
 396 D   0.86325 0.06693 0.06983 ( 1)
 397 I   0.86843 0.06268 0.06890 ( 1)
 398 L   0.83431 0.09147 0.07421 ( 1)
 399 S   0.86172 0.06819 0.07009 ( 1)
 400 H   0.86335 0.06684 0.06982 ( 1)
 401 S   0.86172 0.06819 0.07009 ( 1)
 402 S   0.85990 0.06968 0.07042 ( 1)
 403 S   0.86172 0.06819 0.07009 ( 1)
 404 Q   0.83444 0.09138 0.07418 ( 1)
 405 M   0.00043 0.99957 0.00000 ( 2)
 406 S   0.86172 0.06819 0.07009 ( 1)
 407 A   0.20277 0.58426 0.21297 ( 2)
 408 V   0.21621 0.56240 0.22139 ( 2)
 409 P   0.87707 0.05565 0.06728 ( 1)
 410 S   0.85390 0.07471 0.07140 ( 1)
 411 D   0.86325 0.06693 0.06983 ( 1)
 412 P   0.86417 0.06615 0.06968 ( 1)
 413 A   0.85973 0.06984 0.07044 ( 1)
 414 M   0.26346 0.49095 0.24559 ( 2)
 415 D   0.86325 0.06693 0.06983 ( 1)
 416 L   0.81900 0.10499 0.07601 ( 1)
 417 N   0.89865 0.03936 0.06199 ( 1)
 418 D   0.85929 0.07020 0.07051 ( 1)
 419 G   0.88409 0.05021 0.06570 ( 1)
 420 T   0.87040 0.06107 0.06853 ( 1)
 421 Q   0.83444 0.09138 0.07418 ( 1)
 422 A   0.85973 0.06984 0.07044 ( 1)
 423 S   0.85990 0.06968 0.07042 ( 1)
 424 S   0.85390 0.07471 0.07140 ( 1)
 425 P   0.86921 0.06200 0.06879 ( 1)
 426 I   0.86843 0.06268 0.06890 ( 1)
 427 S   0.86654 0.06422 0.06924 ( 1)
 428 D   0.86325 0.06693 0.06983 ( 1)
 429 S   0.86172 0.06819 0.07009 ( 1)
 430 S   0.85990 0.06968 0.07042 ( 1)
 431 Q   0.83444 0.09138 0.07418 ( 1)
 432 T   0.87040 0.06107 0.06853 ( 1)
 433 T   0.87040 0.06107 0.06853 ( 1)
 434 T   0.87040 0.06107 0.06853 ( 1)
 435 E   0.85640 0.07262 0.07098 ( 1)
 436 G   0.88409 0.05021 0.06570 ( 1)
 437 P   0.86948 0.06180 0.06873 ( 1)
 438 D   0.85929 0.07020 0.07051 ( 1)
 439 S   0.84508 0.08219 0.07273 ( 1)
 440 A   0.85788 0.07128 0.07084 ( 1)
 441 V   0.84670 0.08081 0.07249 ( 1)
 442 T   0.87040 0.06107 0.06853 ( 1)
 443 P   0.86417 0.06615 0.06968 ( 1)
 444 S   0.85965 0.06993 0.07042 ( 1)
 445 D   0.86325 0.06693 0.06983 ( 1)
 446 S   0.86654 0.06422 0.06924 ( 1)
 447 S   0.85390 0.07471 0.07140 ( 1)
 448 E   0.86097 0.06881 0.07022 ( 1)
 449 I   0.86460 0.06580 0.06959 ( 1)
 450 -   0.84549 0.08050 0.07401 ( 1)
 451 L   0.84122 0.08598 0.07280 ( 1)
 452 D   0.85460 0.07472 0.07068 ( 1)
 453 G   0.88948 0.04698 0.06354 ( 1)
 454 A   0.85468 0.07468 0.07064 ( 1)
 455 D   0.85832 0.07166 0.07002 ( 1)
 456 S   0.85686 0.07287 0.07027 ( 1)
 457 Q   0.83113 0.09465 0.07422 ( 1)
 458 Y   0.86400 0.06700 0.06900 ( 1)
 459 P   0.19771 0.59456 0.20773 ( 2)
 460 G   0.87849 0.05544 0.06608 ( 1)
 461 M   0.88242 0.05239 0.06519 ( 1)
 462 Q   0.83476 0.09131 0.07393 ( 1)
 463 A   0.00996 0.86546 0.12457 ( 2)
 464 G   0.28755 0.63412 0.07832 ( 2)
 465 Q   0.83113 0.09465 0.07422 ( 1)
 466 P   0.21307 0.57061 0.21632 ( 2)
 467 Q   0.19001 0.74872 0.06126 ( 2)
 468 D   0.85826 0.07173 0.07001 ( 1)
 469 E   0.24035 0.75965 0.00000 ( 2)
 470 D   0.85813 0.07182 0.07005 ( 1)
 471 E   0.85180 0.07708 0.07113 ( 1)
 472 D   0.85822 0.07174 0.07004 ( 1)
 473 A   0.00856 0.95800 0.03345 ( 2)
 474 A   0.84849 0.07980 0.07171 ( 1)
 475 A   0.18100 0.62174 0.19726 ( 2)
 476 V   0.22235 0.55635 0.22130 ( 2)
 477 L   0.84781 0.08041 0.07178 ( 1)
 478 P   0.85921 0.07092 0.06988 ( 1)
 479 D   0.24864 0.75136 0.00000 ( 2)
 480 E   0.85615 0.07345 0.07040 ( 1)
 481 D   0.85822 0.07175 0.07004 ( 1)
 482 A   0.00036 0.97613 0.02351 ( 2)
 483 E   0.85180 0.07708 0.07113 ( 1)
 484 A   0.84809 0.08024 0.07167 ( 1)
 485 F   0.86703 0.06454 0.06843 ( 1)
 486 R   0.86827 0.06355 0.06818 ( 1)
 487 N   0.01358 0.83083 0.15559 ( 2)
 488 S   0.84942 0.07905 0.07153 ( 1)
 489 S   0.85513 0.07429 0.07058 ( 1)
 490 I   0.20554 0.58194 0.21251 ( 2)
 491 A   0.84964 0.07938 0.07098 ( 1)
 492 L   0.84638 0.08141 0.07221 ( 1)
 493 Q   0.84530 0.08232 0.07238 ( 1)
 494 Q   0.84530 0.08232 0.07238 ( 1)
 495 A   0.84502 0.08257 0.07241 ( 1)
 496 H   0.87088 0.06116 0.06796 ( 1)
 497 L   0.83027 0.09525 0.07448 ( 1)
 498 L   0.83027 0.09525 0.07448 ( 1)
 499 K   0.20909 0.57740 0.21351 ( 2)
 500 S   0.85524 0.07398 0.07079 ( 1)
 501 M   0.88036 0.05367 0.06598 ( 1)
 502 G   0.01014 0.86062 0.12924 ( 2)
 503 H   0.85677 0.07269 0.07054 ( 1)
 504 S   0.85524 0.07398 0.07079 ( 1)
 505 R   0.87024 0.06168 0.06808 ( 1)
 506 Q   0.83009 0.09541 0.07449 ( 1)
 507 P   0.86205 0.06839 0.06956 ( 1)
 508 S   0.84796 0.08007 0.07197 ( 1)
 509 D   0.85657 0.07287 0.07056 ( 1)
 510 S   0.85524 0.07398 0.07079 ( 1)
 511 S   0.85977 0.07022 0.07001 ( 1)
 512 V   0.00044 0.93531 0.06426 ( 2)
 513 D   0.85297 0.07587 0.07116 ( 1)
 514 K   0.86768 0.06375 0.06857 ( 1)
 515 F   0.86148 0.06879 0.06972 ( 1)
 516 V   0.86202 0.06835 0.06962 ( 1)
 517 S   0.83982 0.08700 0.07318 ( 1)
 518 R   0.86644 0.06476 0.06881 ( 1)
 519 D   0.19495 0.59838 0.20667 ( 2)
 520 E   0.85454 0.07456 0.07090 ( 1)
 521 A   0.84687 0.08100 0.07213 ( 1)
 522 A   0.84687 0.08100 0.07213 ( 1)
 523 E   0.19161 0.60393 0.20446 ( 2)
 524 P   0.19603 0.59651 0.20747 ( 2)
 525 G   0.86723 0.06428 0.06850 ( 1)
 526 D   0.19314 0.60165 0.20521 ( 2)
 527 Q   0.00754 0.88729 0.10517 ( 2)
 528 E   0.85386 0.07525 0.07088 ( 1)
 529 S   0.24667 0.51691 0.23642 ( 2)
 530 K   0.01224 0.98776 0.00000 ( 2)
 531 P   0.86414 0.06663 0.06923 ( 1)
 532 C   0.86614 0.06501 0.06885 ( 1)
 533 R   0.87756 0.05586 0.06658 ( 1)
 534 I   0.86234 0.06809 0.06956 ( 1)
 535 K   0.86901 0.06269 0.06830 ( 1)
 536 G   0.87997 0.05398 0.06605 ( 1)
 537 D   0.85786 0.07181 0.07033 ( 1)
 538 I   0.85916 0.07073 0.07011 ( 1)
 539 G   0.87997 0.05398 0.06605 ( 1)
 540 Q   0.17959 0.62484 0.19558 ( 2)
 541 S   0.85470 0.07442 0.07088 ( 1)
 542 S   0.21178 0.57230 0.21592 ( 2)
 543 D   0.85488 0.07432 0.07079 ( 1)
 544 E   0.85571 0.07360 0.07069 ( 1)
 545 D   0.85417 0.07486 0.07097 ( 1)
 546 S   0.18661 0.61168 0.20170 ( 2)
 547 A   0.84811 0.07992 0.07197 ( 1)
 548 P   0.85875 0.07106 0.07019 ( 1)
 549 L   0.84743 0.08054 0.07204 ( 1)
 550 V   0.86329 0.06734 0.06938 ( 1)
 551 H   0.86928 0.06234 0.06838 ( 1)
 552 C   0.85942 0.07083 0.06974 ( 1)
 553 V   0.86329 0.06734 0.06938 ( 1)
 554 R   0.88307 0.05156 0.06537 ( 1)
 555 L   0.84743 0.08054 0.07204 ( 1)
 556 L   0.81665 0.10723 0.07611 ( 1)
 557 S   0.85449 0.07459 0.07092 ( 1)
 558 A   0.84792 0.08012 0.07195 ( 1)
 559 S   0.84076 0.08621 0.07303 ( 1)
 560 F   0.86274 0.06778 0.06948 ( 1)
 561 L   0.83104 0.09459 0.07437 ( 1)
 562 L   0.84014 0.08673 0.07313 ( 1)
 563 T   0.87459 0.05822 0.06720 ( 1)
 564 G   0.87790 0.05560 0.06650 ( 1)
 565 E   0.85399 0.07496 0.07105 ( 1)
 566 K   0.86876 0.06289 0.06835 ( 1)
 567 N   0.20936 0.57675 0.21389 ( 2)
 568 A   0.85249 0.07635 0.07117 ( 1)
 569 L   0.83436 0.09143 0.07421 ( 1)
 570 V   0.87445 0.05779 0.06776 ( 1)
 571 P   0.87770 0.05519 0.06711 ( 1)
 572 D   0.85935 0.07009 0.07056 ( 1)
 573 R   0.87714 0.05565 0.06721 ( 1)
 574 D   0.85970 0.06989 0.07041 ( 1)
 575 V   0.84637 0.08107 0.07255 ( 1)
 576 R   0.87714 0.05565 0.06721 ( 1)
 577 V   0.86851 0.06258 0.06890 ( 1)
 578 S   0.86145 0.06840 0.07014 ( 1)
 579 V   0.84637 0.08107 0.07255 ( 1)
 580 K   0.88069 0.05284 0.06647 ( 1)
 581 A   0.85038 0.07766 0.07195 ( 1)
 582 L   0.81883 0.10514 0.07604 ( 1)
 583 A   0.88161 0.05190 0.06649 ( 1)
 584 L   0.85103 0.07711 0.07186 ( 1)
 585 S   0.86132 0.06850 0.07018 ( 1)
 586 C   0.85656 0.07246 0.07098 ( 1)
 587 V   0.87445 0.05779 0.06776 ( 1)
 588 G   0.87532 0.05687 0.06780 ( 1)
 589 A   0.85238 0.07598 0.07165 ( 1)
 590 A   0.85251 0.07587 0.07162 ( 1)
 591 V   0.84637 0.08107 0.07255 ( 1)
 592 A   0.85934 0.07013 0.07052 ( 1)
 593 L   0.85183 0.07643 0.07174 ( 1)
 594 H   0.86323 0.06693 0.06984 ( 1)
 595 P   0.86377 0.06646 0.06977 ( 1)
 596 E   0.86059 0.06911 0.07031 ( 1)
 597 S   0.85354 0.07499 0.07147 ( 1)
 598 F   0.87187 0.05985 0.06827 ( 1)
 599 F   0.87187 0.05985 0.06827 ( 1)
 600 G   0.88574 0.04890 0.06536 ( 1)
