Supplemental results for CODEML (seqf: /home/leticiamagpali/phd/evol_models/codeml/small_dataset/cml_align/OTOF_codon_aligned.phy  treef: /home/leticiamagpali/phd/evol_models/codeml/small_dataset/cml_trees/gene_trees/H2_gene_trees/OTOF_codon_H2.tre)

I	J	ij	2Ns_IJ	pMut_IJ	pSub_IJ	2Ns_JI	pMut_JI	pSub_JI

TTC	TTT	CT	-0.30050	0.05156	0.04420	0.30050	0.03818	0.04420
TTA	TTT	AT	6.58201	0.00001	0.00008	-6.58201	0.00828	0.00008
TTA	TTC	AC	6.88252	0.00003	0.00021	-6.88252	0.03037	0.00021
TTG	TTT	GT	1.56965	0.00186	0.00368	-1.56965	0.00892	0.00368
TTG	TTC	GC	1.87015	0.00505	0.01116	-1.87015	0.03275	0.01116
TTG	TTA	GA	-5.01236	0.01413	0.00047	5.01236	0.00009	0.00047
TCT	TTT	CT	1.78156	0.00643	0.01377	-1.78156	0.03818	0.01377
TCC	TTC	CT	1.17300	0.04335	0.07363	-1.17300	0.14008	0.07363
TCC	TCT	CT	-0.90906	0.04335	0.02659	0.90906	0.01746	0.02659
TCA	TTA	CT	-4.28367	0.00812	0.00049	4.28367	0.00011	0.00049
TCA	TCT	AT	0.51678	0.00226	0.00289	-0.51678	0.00379	0.00289
TCA	TCC	AC	1.42584	0.00614	0.01152	-1.42584	0.02554	0.01152
TCG	TTG	CT	1.01196	0.00659	0.01048	-1.01196	0.01814	0.01048
TCG	TCT	GT	0.80005	0.00183	0.00267	-0.80005	0.00408	0.00267
TCG	TCC	GC	1.70911	0.00498	0.01040	-1.70911	0.02753	0.01040
TCG	TCA	GA	0.28327	0.01396	0.01603	-0.28327	0.01853	0.01603
TAT	TTT	AT	1.31932	0.00221	0.00398	-1.31932	0.00828	0.00398
TAT	TCT	AC	-0.46223	0.00601	0.00473	0.46223	0.00379	0.00473
TAC	TTC	AT	0.91602	0.01215	0.01856	-0.91602	0.03037	0.01856
TAC	TCC	AC	-0.25698	0.03302	0.02896	0.25698	0.02554	0.02896
TAC	TAT	CT	-0.70380	0.04368	0.03009	0.70380	0.02161	0.03009
TGT	TTT	GT	2.25053	0.00094	0.00236	-2.25053	0.00892	0.00236
TGT	TCT	GC	0.46897	0.00255	0.00320	-0.46897	0.00408	0.00320
TGT	TAT	GA	0.93121	0.00715	0.01099	-0.93121	0.01815	0.01099
TGC	TTC	GT	1.85026	0.00515	0.01130	-1.85026	0.03275	0.01130
TGC	TCC	GC	0.67726	0.01399	0.01925	-0.67726	0.02753	0.01925
TGC	TAC	GA	0.93424	0.03917	0.06028	-0.93424	0.09970	0.06028
TGC	TGT	CT	-0.70077	0.01850	0.01277	0.70077	0.00918	0.01277
TGG	TTG	GT	-0.55784	0.00741	0.00553	0.55784	0.00424	0.00553
TGG	TCG	GC	-1.56979	0.02012	0.00830	1.56979	0.00419	0.00830
TGG	TGT	GT	-1.23871	0.00741	0.00374	1.23871	0.00215	0.00374
TGG	TGC	GC	-0.53794	0.02012	0.01519	0.53794	0.01175	0.01519
CTT	TTT	CT	2.20644	0.00420	0.01042	-2.20644	0.03818	0.01042
CTC	TTC	CT	1.24879	0.04018	0.07036	-1.24879	0.14008	0.07036
CTC	CTT	CT	-1.25815	0.04018	0.02007	1.25815	0.01142	0.02007
CTA	TTA	CT	-3.33120	0.00313	0.00039	3.33120	0.00011	0.00039
CTA	CTT	AT	1.04437	0.00087	0.00140	-1.04437	0.00248	0.00140
CTA	CTC	AC	2.30252	0.00237	0.00606	-2.30252	0.02367	0.00606
CTG	TTG	CT	-1.65960	0.09534	0.03717	1.65960	0.01814	0.03717
CTG	CTT	GT	-2.29639	0.02653	0.00682	2.29639	0.00267	0.00682
CTG	CTC	GC	-1.03824	0.07208	0.04103	1.03824	0.02552	0.04103
CTG	CTA	GA	-3.34076	0.20187	0.02476	3.34076	0.00715	0.02476
CCT	TCT	CT	0.04304	0.01673	0.01709	-0.04304	0.01746	0.01709
CCT	CTT	CT	-0.38185	0.01673	0.01374	0.38185	0.01142	0.01374
CCC	TCC	CT	0.71662	0.05752	0.08057	-0.71662	0.11777	0.08057
CCC	CTC	CT	0.64082	0.05752	0.07791	-0.64082	0.10918	0.07791
CCC	CCT	CT	-0.23548	0.05752	0.05101	0.23548	0.04545	0.05101
CCA	TCA	CT	0.62325	0.01183	0.01589	-0.62325	0.02205	0.01589
CCA	CTA	CT	-0.32922	0.01183	0.00999	0.32922	0.00851	0.00999
CCA	CCT	AT	1.09700	0.00329	0.00542	-1.09700	0.00986	0.00542
CCA	CCC	AC	1.33248	0.00894	0.01618	-1.33248	0.03389	0.01618
CCG	TCG	CT	0.23116	0.01422	0.01592	-0.23116	0.01791	0.01592
CCG	CTG	CT	2.90272	0.01422	0.04366	-2.90272	0.25905	0.04366
CCG	CCT	GT	0.98818	0.00396	0.00623	-0.98818	0.01063	0.00623
CCG	CCC	GC	1.22366	0.01075	0.01863	-1.22366	0.03654	0.01863
CCG	CCA	GA	-0.10883	0.03010	0.02849	0.10883	0.02699	0.02849
CAT	TAT	CT	2.45556	0.00185	0.00498	-2.45556	0.02161	0.00498
CAT	CTT	AT	1.56844	0.00052	0.00102	-1.56844	0.00248	0.00102
CAT	CCT	AC	1.95029	0.00140	0.00319	-1.95029	0.00986	0.00319
CAC	TAC	CT	1.65746	0.02262	0.04632	-1.65746	0.11867	0.04632
CAC	CTC	AT	1.32469	0.00629	0.01136	-1.32469	0.02367	0.01136
CAC	CCC	AC	0.68387	0.01710	0.02361	-0.68387	0.03389	0.02361
CAC	CAT	CT	-1.50190	0.02262	0.00973	1.50190	0.00504	0.00973
CAA	CTA	AT	0.52699	0.00109	0.00140	-0.52699	0.00184	0.00140
CAA	CCA	AC	0.85620	0.00296	0.00440	-0.85620	0.00697	0.00440
CAA	CAT	AT	0.00292	0.00109	0.00109	-0.00292	0.00109	0.00109
CAA	CAC	AC	1.50482	0.00296	0.00572	-1.50482	0.01333	0.00572
CAG	CTG	AT	1.47936	0.01280	0.02451	-1.47936	0.05617	0.02451
CAG	CCG	AC	-1.42336	0.03476	0.01570	1.42336	0.00837	0.01570
CAG	CAT	GT	-2.38548	0.01280	0.00309	2.38548	0.00118	0.00309
CAG	CAC	GC	-0.88357	0.03476	0.02164	0.88357	0.01437	0.02164
CAG	CAA	GA	-2.38839	0.09736	0.02350	2.38839	0.00894	0.02350
CGT	TGT	CT	0.91762	0.00367	0.00560	-0.91762	0.00918	0.00560
CGT	CTT	GT	0.96170	0.00102	0.00159	-0.96170	0.00267	0.00159
CGT	CCT	GC	1.34355	0.00277	0.00504	-1.34355	0.01063	0.00504
CGT	CAT	GA	-0.60674	0.00776	0.00565	0.60674	0.00423	0.00565
CGC	TGC	CT	0.49183	0.03074	0.03891	-0.49183	0.05027	0.03891
CGC	CTC	GT	1.09330	0.00855	0.01406	-1.09330	0.02552	0.01406
CGC	CCC	GC	0.45248	0.02324	0.02889	-0.45248	0.03654	0.02889
CGC	CAC	GA	-0.23139	0.06508	0.05784	0.23139	0.05164	0.05784
CGC	CGT	CT	-1.12656	0.03074	0.01661	1.12656	0.00996	0.01661
CGA	CTA	GT	0.33582	0.00142	0.00167	-0.33582	0.00199	0.00167
CGA	CCA	GC	0.66504	0.00386	0.00529	-0.66504	0.00751	0.00529
CGA	CAA	GA	-0.19117	0.01082	0.00982	0.19117	0.00894	0.00982
CGA	CGT	AT	0.41849	0.00142	0.00174	-0.41849	0.00216	0.00174
CGA	CGC	AC	1.54504	0.00386	0.00759	-1.54504	0.01811	0.00759
CGG	TGG	CT	0.64054	0.03811	0.05161	-0.64054	0.07232	0.05161
CGG	CTG	GT	1.74231	0.01061	0.02240	-1.74231	0.06056	0.02240
CGG	CCG	GC	-1.16041	0.02881	0.01526	1.16041	0.00903	0.01526
CGG	CAG	GA	0.26295	0.08070	0.09177	-0.26295	0.10497	0.09177
CGG	CGT	GT	-1.51579	0.01061	0.00452	1.51579	0.00233	0.00452
CGG	CGC	GC	-0.38923	0.02881	0.02357	0.38923	0.01952	0.02357
CGG	CGA	GA	-1.93428	0.08070	0.02637	1.93428	0.01166	0.02637
ATT	TTT	AT	0.70428	0.00409	0.00570	-0.70428	0.00828	0.00570
ATT	CTT	AC	-1.50216	0.01112	0.00478	1.50216	0.00248	0.00478
ATC	TTC	AT	0.59701	0.01672	0.02220	-0.59701	0.03037	0.02220
ATC	CTC	AC	-0.65178	0.04543	0.03222	0.65178	0.02367	0.03222
ATC	ATT	CT	-0.40777	0.06009	0.04867	0.40777	0.03997	0.04867
ATA	TTA	AT	-3.59367	0.00088	0.00009	3.59367	0.00002	0.00009
ATA	CTA	AC	-0.26247	0.00240	0.00210	0.26247	0.00184	0.00210
ATA	ATT	AT	2.28406	0.00088	0.00225	-2.28406	0.00867	0.00225
ATA	ATC	AC	2.69183	0.00240	0.00693	-2.69183	0.03540	0.00693
ATG	TTG	AT	-1.08688	0.01166	0.00645	1.08688	0.00393	0.00645
ATG	CTG	AC	0.57272	0.03168	0.04161	-0.57272	0.05617	0.04161
ATG	ATT	GT	-0.22151	0.01166	0.01042	0.22151	0.00934	0.01042
ATG	ATC	GC	0.18626	0.03168	0.03472	-0.18626	0.03817	0.03472
ATG	ATA	GA	-2.50557	0.08872	0.01976	2.50557	0.00724	0.01976
ACT	TCT	AT	0.51172	0.00227	0.00290	-0.51172	0.00379	0.00290
ACT	CCT	AC	0.46869	0.00617	0.00773	-0.46869	0.00986	0.00773
ACT	ATT	CT	1.58900	0.00816	0.01629	-1.58900	0.03997	0.01629
ACC	TCC	AT	1.11828	0.00835	0.01387	-1.11828	0.02554	0.01387
ACC	CCC	AC	0.40166	0.02268	0.02754	-0.40166	0.03389	0.02754
ACC	ATC	CT	1.69427	0.03000	0.06226	-1.69427	0.16326	0.06226
ACC	ACT	CT	-0.30250	0.03000	0.02569	0.30250	0.02217	0.02569
ACA	TCA	AT	0.42021	0.00314	0.00385	-0.42021	0.00478	0.00385
ACA	CCA	AC	-0.20305	0.00854	0.00770	0.20305	0.00697	0.00770
ACA	ATA	CT	-0.26979	0.01129	0.00984	0.26979	0.00862	0.00984
ACA	ACT	AT	0.42527	0.00314	0.00386	-0.42527	0.00481	0.00386
ACA	ACC	AC	0.72777	0.00854	0.01201	-0.72777	0.01767	0.01201
ACG	TCG	AT	-0.43619	0.00601	0.00479	0.43619	0.00388	0.00479
ACG	CCG	AC	-0.66735	0.01632	0.01148	0.66735	0.00837	0.01148
ACG	ATG	CT	1.66265	0.02159	0.04430	-1.66265	0.11385	0.04430
ACG	ACT	GT	-0.14786	0.00601	0.00557	0.14786	0.00518	0.00557
ACG	ACC	GC	0.15464	0.01632	0.01762	-0.15464	0.01905	0.01762
ACG	ACA	GA	-0.57313	0.04571	0.03386	0.57313	0.02577	0.03386
AAT	TAT	AT	0.45214	0.00298	0.00371	-0.45214	0.00469	0.00371
AAT	CAT	AC	-2.00342	0.00810	0.00253	2.00342	0.00109	0.00253
AAT	ATT	AT	1.06719	0.00298	0.00485	-1.06719	0.00867	0.00485
AAT	ACT	AC	-0.52182	0.00810	0.00617	0.52182	0.00481	0.00617
AAC	TAC	AT	0.72682	0.01244	0.01750	-0.72682	0.02573	0.01750
AAC	CAC	AC	-0.93064	0.03380	0.02048	0.93064	0.01333	0.02048
AAC	ATC	AT	1.04584	0.01244	0.02006	-1.04584	0.03540	0.02006
AAC	ACC	AC	-0.64844	0.03380	0.02402	0.64844	0.01767	0.02402
AAC	AAT	CT	-0.42912	0.04471	0.03580	0.42912	0.02911	0.03580
AAA	CAA	AC	-1.45127	0.00984	0.00437	1.45127	0.00231	0.00437
AAA	ATA	AT	-0.66180	0.00362	0.00256	0.66180	0.00187	0.00256
AAA	ACA	AC	-0.39201	0.00984	0.00804	0.39201	0.00665	0.00804
AAA	AAT	AT	0.55507	0.00362	0.00472	-0.55507	0.00631	0.00472
AAA	AAC	AC	0.98419	0.00984	0.01547	-0.98419	0.02634	0.01547
AAG	CAG	AC	-0.91392	0.06757	0.04133	0.91392	0.02709	0.04133
AAG	ATG	AT	-0.00728	0.02487	0.02478	0.00728	0.02469	0.02478
AAG	ACG	AC	-1.66993	0.06757	0.02617	1.66993	0.01272	0.02617
AAG	AAT	GT	-1.29597	0.02487	0.01214	1.29597	0.00680	0.01214
AAG	AAC	GC	-0.86685	0.06757	0.04246	0.86685	0.02840	0.04246
AAG	AAA	GA	-1.85104	0.18922	0.06527	1.85104	0.02972	0.06527
AGT	TGT	AT	0.09426	0.00181	0.00190	-0.09426	0.00199	0.00190
AGT	CGT	AC	-0.82336	0.00492	0.00317	0.82336	0.00216	0.00317
AGT	ATT	GT	1.64051	0.00181	0.00369	-1.64051	0.00934	0.00369
AGT	ACT	GC	0.05151	0.00492	0.00505	-0.05151	0.00518	0.00505
AGT	AAT	GA	0.57332	0.01378	0.01811	-0.57332	0.02445	0.01811
AGC	TGC	AT	0.30180	0.00806	0.00934	-0.30180	0.01090	0.00934
AGC	CGC	AC	-0.19003	0.02190	0.01988	0.19003	0.01811	0.01988
AGC	ATC	GT	1.55505	0.00806	0.01589	-1.55505	0.03817	0.01589
AGC	ACC	GC	-0.13922	0.02190	0.02041	0.13922	0.01905	0.02041
AGC	AAC	GA	0.50921	0.06133	0.07826	-0.50921	0.10205	0.07826
AGC	AGT	CT	-0.49323	0.02897	0.02241	0.49323	0.01769	0.02241
AGA	CGA	AC	1.43539	0.00072	0.00135	-1.43539	0.00301	0.00135
AGA	ATA	GT	2.03368	0.00026	0.00062	-2.03368	0.00202	0.00062
AGA	ACA	GC	2.30347	0.00072	0.00183	-2.30347	0.00717	0.00183
AGA	AAA	GA	2.69548	0.00201	0.00580	-2.69548	0.02972	0.00580
AGA	AGT	AT	2.67723	0.00026	0.00076	-2.67723	0.00384	0.00076
AGA	AGC	AC	3.17046	0.00072	0.00237	-3.17046	0.01707	0.00237
AGG	TGG	AT	3.50736	0.00047	0.00170	-3.50736	0.01568	0.00170
AGG	CGG	AC	2.86682	0.00128	0.00388	-2.86682	0.02245	0.00388
AGG	ATG	GT	4.03641	0.00047	0.00193	-4.03641	0.02662	0.00193
AGG	ACG	GC	2.37375	0.00128	0.00334	-2.37375	0.01371	0.00334
AGG	AAG	GA	4.04368	0.00358	0.01472	-4.04368	0.20401	0.01472
AGG	AGT	GT	2.17439	0.00047	0.00115	-2.17439	0.00414	0.00115
AGG	AGC	GC	2.66762	0.00128	0.00366	-2.66762	0.01840	0.00366
AGG	AGA	GA	-0.50284	0.00358	0.00275	0.50284	0.00216	0.00275
GTT	TTT	GT	3.82404	0.00019	0.00076	-3.82404	0.00892	0.00076
GTT	CTT	GC	1.61759	0.00053	0.00107	-1.61759	0.00267	0.00107
GTT	ATT	GA	3.11976	0.00148	0.00484	-3.11976	0.03358	0.00484
GTC	TTC	GT	1.15024	0.01037	0.01745	-1.15024	0.03275	0.01745
GTC	CTC	GC	-0.09856	0.02817	0.02680	0.09856	0.02552	0.02680
GTC	ATC	GA	0.55323	0.07888	0.10270	-0.55323	0.13716	0.10270
GTC	GTT	CT	-2.97430	0.03726	0.00597	2.97430	0.00190	0.00597
GTA	TTA	GT	-4.31630	0.00196	0.00011	4.31630	0.00003	0.00011
GTA	CTA	GC	-0.98510	0.00533	0.00313	0.98510	0.00199	0.00313
GTA	ATA	GA	-0.72262	0.01492	0.01017	0.72262	0.00724	0.01017
GTA	GTT	AT	-1.55832	0.00196	0.00081	1.55832	0.00041	0.00081
GTA	GTC	AC	1.41598	0.00533	0.00996	-1.41598	0.02195	0.00996
GTG	TTG	GT	-1.55097	0.02000	0.00835	1.55097	0.00424	0.00835
GTG	CTG	GC	0.10863	0.05433	0.05733	-0.10863	0.06056	0.05733
GTG	ATG	GA	-0.46409	0.15215	0.11956	0.46409	0.09566	0.11956
GTG	GTT	GT	-3.80536	0.02000	0.00173	3.80536	0.00044	0.00173
GTG	GTC	GC	-0.83105	0.05433	0.03484	0.83105	0.02366	0.03484
GTG	GTA	GA	-2.24704	0.15215	0.04041	2.24704	0.01608	0.04041
GCT	TCT	GT	0.51393	0.00244	0.00312	-0.51393	0.00408	0.00312
GCT	CCT	GC	0.47090	0.00664	0.00832	-0.47090	0.01063	0.00832
GCT	ACT	GA	0.00221	0.01858	0.01860	-0.00221	0.01862	0.01860
GCT	GTT	CT	-1.52855	0.00878	0.00371	1.52855	0.00190	0.00371
GCC	TCC	GT	0.61139	0.01494	0.01997	-0.61139	0.02753	0.01997
GCC	CCC	GC	-0.10522	0.04059	0.03849	0.10522	0.03654	0.03849
GCC	ACC	GA	-0.50689	0.11367	0.08729	0.50689	0.06847	0.08729
GCC	GTC	CT	0.63416	0.05369	0.07250	-0.63416	0.10123	0.07250
GCC	GCT	CT	-0.81160	0.05369	0.03482	0.81160	0.02385	0.03482
GCA	TCA	GT	0.93242	0.00203	0.00312	-0.93242	0.00516	0.00312
GCA	CCA	GC	0.30917	0.00551	0.00641	-0.30917	0.00751	0.00641
GCA	ACA	GA	0.51221	0.01544	0.01973	-0.51221	0.02577	0.01973
GCA	GTA	CT	0.96505	0.00729	0.01137	-0.96505	0.01914	0.01137
GCA	GCT	AT	0.93527	0.00203	0.00312	-0.93527	0.00517	0.00312
GCA	GCC	AC	1.74687	0.00551	0.01167	-1.74687	0.03163	0.01167
GCG	TCG	GT	0.39115	0.00283	0.00342	-0.39115	0.00419	0.00342
GCG	CCG	GC	0.15999	0.00769	0.00833	-0.15999	0.00903	0.00833
GCG	ACG	GA	0.82734	0.02155	0.03168	-0.82734	0.04929	0.03168
GCG	GTG	CT	2.95408	0.01018	0.03172	-2.95408	0.19524	0.03172
GCG	GCT	GT	0.67727	0.00283	0.00390	-0.67727	0.00557	0.00390
GCG	GCC	GC	1.48887	0.00769	0.01479	-1.48887	0.03410	0.01479
GCG	GCA	GA	-0.25800	0.02155	0.01889	0.25800	0.01665	0.01889
GAT	TAT	GT	-0.27152	0.00663	0.00577	0.27152	0.00505	0.00577
GAT	CAT	GC	-2.72708	0.01801	0.00344	2.72708	0.00118	0.00344
GAT	AAT	GA	-0.72366	0.05042	0.03436	0.72366	0.02445	0.03436
GAT	GTT	AT	-2.77623	0.00663	0.00122	2.77623	0.00041	0.00122
GAT	GCT	AC	-1.24768	0.01801	0.00905	1.24768	0.00517	0.00905
GAC	TAC	GT	0.00401	0.02763	0.02769	-0.00401	0.02774	0.02769
GAC	CAC	GC	-1.65345	0.07507	0.02938	1.65345	0.01437	0.02938
GAC	AAC	GA	-0.72281	0.21025	0.14334	0.72281	0.10205	0.14334
GAC	GTC	AT	-0.23020	0.02763	0.02457	0.23020	0.02195	0.02457
GAC	GCC	AC	-0.86436	0.07507	0.04725	0.86436	0.03163	0.04725
GAC	GAT	CT	-0.42828	0.09930	0.07955	0.42828	0.06471	0.07955
GAA	CAA	GC	-1.96241	0.01769	0.00568	1.96241	0.00249	0.00568
GAA	AAA	GA	-0.51114	0.04955	0.03796	0.51114	0.02972	0.03796
GAA	GTA	AT	-0.45033	0.00651	0.00516	0.45033	0.00415	0.00516
GAA	GCA	AC	-1.41537	0.01769	0.00803	1.41537	0.00430	0.00803
GAA	GAT	AT	0.76758	0.00651	0.00933	-0.76758	0.01403	0.00933
GAA	GAC	AC	1.19586	0.01769	0.03033	-1.19586	0.05850	0.03033
GAG	CAG	GC	-1.02759	0.08162	0.04674	1.02759	0.02921	0.04674
GAG	AAG	GA	-0.11367	0.22857	0.21582	0.11367	0.20401	0.21582
GAG	GTG	AT	0.34314	0.03004	0.03549	-0.34314	0.04234	0.03549
GAG	GCG	AC	-2.61094	0.08162	0.01690	2.61094	0.00600	0.01690
GAG	GAT	GT	-0.68599	0.03004	0.02090	0.68599	0.01513	0.02090
GAG	GAC	GC	-0.25771	0.08162	0.07155	0.25771	0.06307	0.07155
GAG	GAA	GA	-1.45357	0.22857	0.10134	1.45357	0.05342	0.10134
GGT	TGT	GT	0.62692	0.00115	0.00154	-0.62692	0.00215	0.00154
GGT	CGT	GC	-0.29070	0.00312	0.00268	0.29070	0.00233	0.00268
GGT	AGT	GA	0.53266	0.00872	0.01125	-0.53266	0.01486	0.01125
GGT	GTT	GT	-0.94659	0.00115	0.00069	0.94659	0.00044	0.00069
GGT	GCT	GC	0.58196	0.00312	0.00411	-0.58196	0.00557	0.00411
GGT	GAT	GA	1.82964	0.00872	0.01901	-1.82964	0.05436	0.01901
GGC	TGC	GT	-0.38016	0.01719	0.01413	0.38016	0.01175	0.01413
GGC	CGC	GC	-0.87199	0.04670	0.02926	0.87199	0.01952	0.02926
GGC	AGC	GA	-0.68196	0.13077	0.09121	0.68196	0.06612	0.09121
GGC	GTC	GT	0.31986	0.01719	0.02008	-0.31986	0.02366	0.02008
GGC	GCC	GC	-0.31429	0.04670	0.03974	0.31429	0.03410	0.03974
GGC	GAC	GA	0.55006	0.13077	0.17002	-0.55006	0.22668	0.17002
GGC	GGT	CT	-1.70785	0.06176	0.02335	1.70785	0.01120	0.02335
GGA	CGA	GC	-0.37116	0.00470	0.00388	0.37116	0.00325	0.00388
GGA	AGA	GA	-1.80655	0.01317	0.00468	1.80655	0.00216	0.00468
GGA	GTA	GT	0.94975	0.00173	0.00268	-0.94975	0.00448	0.00268
GGA	GCA	GC	-0.01530	0.00470	0.00467	0.01530	0.00463	0.00467
GGA	GAA	GA	1.40008	0.01317	0.02448	-1.40008	0.05342	0.02448
GGA	GGT	AT	0.33802	0.00173	0.00204	-0.33802	0.00243	0.00204
GGA	GGC	AC	2.04587	0.00470	0.01105	-2.04587	0.03639	0.01105
GGG	TGG	GT	0.63944	0.00892	0.01207	-0.63944	0.01691	0.01207
GGG	CGG	GC	-0.00110	0.02424	0.02422	0.00110	0.02421	0.02422
GGG	AGG	GA	-2.86792	0.06787	0.01173	2.86792	0.00386	0.01173
GGG	GTG	GT	1.63258	0.00892	0.01810	-1.63258	0.04564	0.01810
GGG	GCG	GC	-1.32150	0.02424	0.01165	1.32150	0.00646	0.01165
GGG	GAG	GA	1.28944	0.06787	0.12078	-1.28944	0.24643	0.12078
GGG	GGT	GT	-1.22619	0.00892	0.00454	1.22619	0.00262	0.00454
GGG	GGC	GC	0.48166	0.02424	0.03054	-0.48166	0.03923	0.03054
GGG	GGA	GA	-1.56421	0.06787	0.02809	1.56421	0.01420	0.02809


Histograms
2Ns	FMut	FSub(CodonUsage)	FSubw(after w)

-6.55478	0.00275	0.00003
-5.89930	0.00000	0.00000
-5.24382	0.00101	0.00004
-4.58834	0.00072	0.00005
-3.93287	0.01848	0.00172
-3.27739	0.03593	0.00647
-2.62191	0.05941	0.01507
-1.96643	0.11047	0.04937
-1.31096	0.14698	0.09037
-0.65548	0.25541	0.23164
0.00000	0.16755	0.21048
0.65548	0.13676	0.23164
1.31096	0.04025	0.09037
1.96643	0.01815	0.04937
2.62191	0.00421	0.01507
3.27739	0.00157	0.00647
3.93287	0.00033	0.00172
4.58834	0.00001	0.00005
5.24382	0.00001	0.00004
5.89930	0.00000	0.00000
6.55478	0.00000	0.00003

Proportion of advantageous (S > 0) mutations:
 0.27755

Proportions of good & bad mutations (|S| > 2.0000) among mutations:
0.00817  0.13669

mean |Ns| = 1.14503	mean Ns+ = 0.71525	mean Ns- = -1.31015


MLEs of dN/dS (w) for site classes (K=3)

site class             0         1         2
proportion        0.74789   0.12156   0.13055
branch type 0:    0.00000   1.00000   0.66310
branch type 1:    0.00000   1.00000   0.00000

Naive Empirical Bayes (NEB) probabilities for 3 classes
(amino acids refer to 1st sequence: Bbon)

   1 L   0.78633 0.09470 0.11897 ( 1)
   2 I   0.83200 0.06536 0.10264 ( 1)
   3 G   0.85060 0.05432 0.09508 ( 1)
   4 T   0.87473 0.04016 0.08511 ( 1)
   5 F   0.82871 0.06674 0.10455 ( 1)
   6 R   0.85374 0.05183 0.09443 ( 1)
   7 M   0.00000 1.00000 0.00000 ( 2)
   8 V   0.81607 0.07526 0.10868 ( 1)
   9 L   0.78633 0.09470 0.11897 ( 1)
  10 Q   0.83906 0.06110 0.09985 ( 1)
  11 K   0.00001 0.50178 0.49821 ( 2)
  12 V   0.81607 0.07526 0.10868 ( 1)
  13 V   0.81607 0.07526 0.10868 ( 1)
  14 E   0.83284 0.06486 0.10230 ( 1)
  15 E   0.83284 0.06486 0.10230 ( 1)
  16 G   0.00000 0.66468 0.33532 ( 2)
  17 H   0.00000 0.51129 0.48871 ( 2)
  18 V   0.81607 0.07526 0.10868 ( 1)
  19 E   0.83324 0.06467 0.10209 ( 1)
  20 V   0.81607 0.07526 0.10868 ( 1)
  21 T   0.86922 0.04379 0.08699 ( 1)
  22 D   0.84102 0.05995 0.09903 ( 1)
  23 M   0.86338 0.04711 0.08951 ( 1)
  24 L   0.78633 0.09470 0.11897 ( 1)
  25 I   0.81553 0.07605 0.10842 ( 1)
  26 D   0.84102 0.05995 0.09903 ( 1)
  27 D   0.84102 0.05995 0.09903 ( 1)
  28 N   0.87283 0.04197 0.08520 ( 1)
  29 N   0.00001 0.42765 0.57234 ( 3)
  30 A   0.89394 0.03116 0.07490 ( 1)
  31 I   0.83200 0.06536 0.10264 ( 1)
  32 I   0.83068 0.06672 0.10260 ( 1)
  33 Q   0.00000 1.00000 0.00000 ( 2)
  34 T   0.87579 0.04026 0.08394 ( 1)
  35 S   0.88097 0.03757 0.08146 ( 1)
  36 L   0.78862 0.09311 0.11827 ( 1)
  37 C   0.88920 0.03338 0.07742 ( 1)
  38 V   0.82164 0.07171 0.10665 ( 1)
  39 E   0.83941 0.06086 0.09972 ( 1)
  40 V   0.86946 0.04372 0.08682 ( 1)
  41 R   0.84677 0.05651 0.09673 ( 1)
  42 Y   0.83030 0.06635 0.10335 ( 1)
  43 Q   0.84594 0.05698 0.09708 ( 1)
  44 A   0.00001 0.46470 0.53530 ( 3)
  45 T   0.83371 0.06429 0.10201 ( 1)
  46 D   0.82310 0.07004 0.10686 ( 1)
  47 G   0.85452 0.05209 0.09338 ( 1)
  48 T   0.00000 0.56032 0.43968 ( 2)
  49 V   0.82164 0.07171 0.10665 ( 1)
  50 G   0.85394 0.05237 0.09369 ( 1)
  51 S   0.84778 0.05590 0.09632 ( 1)
  52 W   0.82048 0.07242 0.10710 ( 1)
  53 D   0.00000 0.59388 0.40612 ( 2)
  54 D   0.83314 0.06491 0.10195 ( 1)
  55 G   0.00000 1.00000 0.00000 ( 2)
  56 D   0.84801 0.05580 0.09619 ( 1)
  57 F   0.83140 0.06567 0.10293 ( 1)
  58 L   0.78974 0.09239 0.11787 ( 1)
  59 G   0.85801 0.05004 0.09194 ( 1)
  60 D   0.83071 0.06611 0.10317 ( 1)
  61 E   0.83941 0.06086 0.09972 ( 1)
  62 S   0.00001 0.48012 0.51987 ( 3)
  63 L   0.87754 0.03940 0.08306 ( 1)
  64 H   0.89648 0.02989 0.07363 ( 1)
  65 E   0.83941 0.06086 0.09972 ( 1)
  66 E   0.84333 0.05853 0.09814 ( 1)
  67 E   0.83941 0.06086 0.09972 ( 1)
  68 K   0.82911 0.06709 0.10380 ( 1)
  69 D   0.84801 0.05580 0.09619 ( 1)
  70 S   0.88365 0.03626 0.08009 ( 1)
  71 Q   0.84594 0.05698 0.09708 ( 1)
  72 E   0.83943 0.06087 0.09970 ( 1)
  73 T   0.83402 0.06393 0.10205 ( 1)
  74 D   0.83071 0.06611 0.10317 ( 1)
  75 G   0.85801 0.05004 0.09194 ( 1)
  76 L   0.78974 0.09239 0.11787 ( 1)
  77 L   0.85259 0.05312 0.09429 ( 1)
  78 P   0.81435 0.07639 0.10926 ( 1)
  79 G   0.00000 1.00000 0.00000 ( 2)
  80 S   0.84778 0.05590 0.09632 ( 1)
  81 R   0.85730 0.05045 0.09225 ( 1)
  82 P   0.00000 0.58653 0.41347 ( 2)
  83 S   0.86735 0.04488 0.08777 ( 1)
  84 S   0.00001 0.43613 0.56386 ( 3)
  85 R   0.84390 0.05791 0.09819 ( 1)
  86 P   0.00000 1.00000 0.00000 ( 2)
  87 P   0.87421 0.04084 0.08495 ( 1)
  88 G   0.85093 0.05381 0.09526 ( 1)
  89 E   0.83331 0.06602 0.10067 ( 1)
  90 K   0.82084 0.07490 0.10426 ( 1)
  91 S   0.86534 0.05105 0.08361 ( 1)
  92 F   0.81728 0.07809 0.10463 ( 1)
  93 R   0.83048 0.07064 0.09888 ( 1)
  94 E   0.84442 0.05943 0.09615 ( 1)
  95 P   0.87888 0.04046 0.08065 ( 1)
  96 A   0.87344 0.04332 0.08324 ( 1)
  97 V   0.83627 0.06419 0.09955 ( 1)
  98 L   0.79001 0.09301 0.11699 ( 1)
  99 E   0.84024 0.06186 0.09790 ( 1)
 100 M   0.87252 0.04382 0.08366 ( 1)
 101 E   0.00001 0.48909 0.51090 ( 3)
 102 N   0.00001 0.47801 0.52198 ( 3)
 103 L   0.00001 0.44478 0.55521 ( 3)
 104 D   0.84895 0.05683 0.09422 ( 1)
 105 R   0.85836 0.05151 0.09013 ( 1)
 106 L   0.79242 0.09165 0.11593 ( 1)
 107 A   0.85199 0.05509 0.09293 ( 1)
 108 I   0.00000 0.62534 0.37466 ( 2)
 109 R   0.84768 0.05754 0.09478 ( 1)
 110 L   0.79001 0.09301 0.11699 ( 1)
 111 G   0.00000 0.65406 0.34594 ( 2)
 112 D   0.83181 0.06689 0.10130 ( 1)
 113 G   0.85920 0.05105 0.08975 ( 1)
 114 L   0.00000 0.54187 0.45813 ( 2)
 115 D   0.83143 0.06707 0.10150 ( 1)
 116 P   0.81412 0.07764 0.10825 ( 1)
 117 D   0.84895 0.05683 0.09422 ( 1)
 118 S   0.84939 0.05661 0.09400 ( 1)
 119 M   0.00001 0.50463 0.49537 ( 2)
 120 S   0.81252 0.07907 0.10841 ( 1)
 121 L   0.85298 0.05440 0.09262 ( 1)
 122 A   0.84710 0.05787 0.09503 ( 1)
 123 S   0.84908 0.05652 0.09440 ( 1)
 124 V   0.87069 0.04478 0.08452 ( 1)
 125 T   0.83446 0.06526 0.10028 ( 1)
 126 A   0.84710 0.05787 0.09503 ( 1)
 127 L   0.85357 0.05418 0.09225 ( 1)
 128 T   0.87980 0.04000 0.08020 ( 1)
 129 T   0.87980 0.04000 0.08020 ( 1)
 130 N   0.88243 0.03866 0.07891 ( 1)
 131 V   0.00001 0.45136 0.54863 ( 3)
 132 S   0.84870 0.05695 0.09435 ( 1)
 133 N   0.88248 0.03863 0.07889 ( 1)
 134 K   0.82980 0.06804 0.10216 ( 1)
 135 R   0.82283 0.07365 0.10352 ( 1)
 136 S   0.84426 0.06101 0.09474 ( 1)
 137 K   0.82558 0.07202 0.10239 ( 1)
 138 P   0.82526 0.07221 0.10253 ( 1)
 139 D   0.84417 0.06123 0.09460 ( 1)
 140 I   0.81297 0.07959 0.10743 ( 1)
 141 K   0.82558 0.07202 0.10239 ( 1)
 142 M   0.86733 0.04845 0.08422 ( 1)
 143 E   0.83570 0.06610 0.09820 ( 1)
 144 P   0.82526 0.07221 0.10253 ( 1)
 145 S   0.86342 0.05055 0.08603 ( 1)
 146 A   0.84714 0.05954 0.09332 ( 1)
 147 G   0.85360 0.05625 0.09014 ( 1)
 148 R   0.84225 0.06269 0.09506 ( 1)
 149 P   0.83402 0.06741 0.09857 ( 1)
 150 M   0.86658 0.04927 0.08415 ( 1)
 151 D   0.00000 0.61540 0.38460 ( 2)
 152 Y   0.00001 0.51121 0.48879 ( 2)
 153 Q   0.00001 0.49823 0.50176 ( 3)
 154 V   0.88063 0.03820 0.08116 ( 1)
 155 S   0.89525 0.03089 0.07386 ( 1)
 156 V   0.00000 0.57490 0.42510 ( 2)
 157 T   0.86021 0.04915 0.09064 ( 1)
 158 V   0.82980 0.06697 0.10322 ( 1)
 159 I   0.84779 0.05631 0.09590 ( 1)
 160 E   0.84896 0.05560 0.09544 ( 1)
 161 A   0.85741 0.05058 0.09201 ( 1)
 162 R   0.85679 0.05112 0.09210 ( 1)
 163 Q   0.85590 0.05161 0.09249 ( 1)
 164 L   0.79480 0.08921 0.11599 ( 1)
 165 V   0.82980 0.06697 0.10322 ( 1)
 166 G   0.86439 0.04689 0.08872 ( 1)
 167 L   0.87755 0.03979 0.08267 ( 1)
 168 N   0.89261 0.03218 0.07521 ( 1)
 169 M   0.00001 0.48791 0.51209 ( 3)
 170 D   0.85811 0.05038 0.09150 ( 1)
 171 P   0.84785 0.05622 0.09592 ( 1)
 172 V   0.82980 0.06697 0.10322 ( 1)
 173 V   0.83231 0.06568 0.10200 ( 1)
 174 C   0.90365 0.02691 0.06944 ( 1)
 175 V   0.82980 0.06697 0.10322 ( 1)
 176 E   0.84896 0.05560 0.09544 ( 1)
 177 V   0.82980 0.06697 0.10322 ( 1)
 178 G   0.86439 0.04689 0.08872 ( 1)
 179 D   0.85804 0.05047 0.09149 ( 1)
 180 D   0.85811 0.05038 0.09150 ( 1)
 181 K   0.83788 0.06210 0.10002 ( 1)
 182 K   0.83788 0.06210 0.10002 ( 1)
 183 F   0.00000 0.57916 0.42084 ( 2)
 184 T   0.88990 0.03351 0.07660 ( 1)
 185 S   0.85786 0.05050 0.09164 ( 1)
 186 M   0.88250 0.03726 0.08025 ( 1)
 187 K   0.83788 0.06210 0.10002 ( 1)
 188 E   0.84896 0.05560 0.09544 ( 1)
 189 S   0.85786 0.05050 0.09164 ( 1)
 190 T   0.87890 0.03911 0.08200 ( 1)
 191 N   0.89261 0.03218 0.07521 ( 1)
 192 C   0.90365 0.02691 0.06944 ( 1)
 193 P   0.84785 0.05622 0.09592 ( 1)
 194 Y   0.84367 0.05867 0.09766 ( 1)
 195 Y   0.84367 0.05867 0.09766 ( 1)
 196 N   0.89261 0.03218 0.07521 ( 1)
 197 E   0.84896 0.05560 0.09544 ( 1)
 198 -   0.80187 0.08487 0.11326 ( 1)
 199 -   0.79978 0.08622 0.11400 ( 1)
 200 -   0.82719 0.06895 0.10386 ( 1)
 201 -   0.00001 0.83913 0.16086 ( 2)
 202 -   0.81128 0.07887 0.10986 ( 1)
 203 -   0.79978 0.08622 0.11400 ( 1)
 204 -   0.87820 0.03996 0.08184 ( 1)
 205 -   0.82719 0.06895 0.10386 ( 1)
 206 -   0.00001 0.53647 0.46352 ( 2)
 207 -   0.78791 0.09403 0.11807 ( 1)
 208 -   0.00001 0.52028 0.47972 ( 2)
 209 -   0.82719 0.06895 0.10386 ( 1)
 210 -   0.82853 0.06814 0.10333 ( 1)
 211 -   0.79978 0.08622 0.11400 ( 1)
 212 -   0.81128 0.07887 0.10986 ( 1)
 213 -   0.79820 0.08726 0.11455 ( 1)
 214 -   0.80464 0.08309 0.11227 ( 1)
 215 -   0.80464 0.08309 0.11227 ( 1)
 216 -   0.79820 0.08726 0.11455 ( 1)
 217 -   0.80464 0.08309 0.11227 ( 1)
 218 -   0.82176 0.07228 0.10597 ( 1)
 219 -   0.80253 0.08765 0.10982 ( 1)
 220 -   0.79823 0.09021 0.11155 ( 1)
 221 -   0.86732 0.05120 0.08148 ( 1)
 222 -   0.82376 0.07520 0.10103 ( 1)
 223 -   0.80847 0.08412 0.10740 ( 1)
 224 -   0.85286 0.05893 0.08820 ( 1)
 225 -   0.77809 0.10248 0.11942 ( 1)
 226 -   0.77809 0.10248 0.11942 ( 1)
 227 -   0.83183 0.07061 0.09757 ( 1)
 228 -   0.83694 0.06765 0.09542 ( 1)
 229 -   0.82522 0.07429 0.10049 ( 1)
 230 -   0.84603 0.06256 0.09142 ( 1)
 231 -   0.77655 0.10340 0.12005 ( 1)
 232 -   0.79986 0.08918 0.11097 ( 1)
 233 -   0.82522 0.07429 0.10049 ( 1)
 234 -   0.82023 0.07715 0.10262 ( 1)
 235 -   0.80731 0.08473 0.10796 ( 1)
 236 -   0.82602 0.07381 0.10017 ( 1)
 237 -   0.83976 0.06605 0.09420 ( 1)
 238 -   0.82040 0.07707 0.10253 ( 1)
 239 -   0.79986 0.08918 0.11097 ( 1)
 240 -   0.82858 0.07235 0.09907 ( 1)
 241 -   0.84603 0.06256 0.09142 ( 1)
 242 -   0.79986 0.08918 0.11097 ( 1)
 243 -   0.80971 0.08332 0.10698 ( 1)
 244 -   0.82097 0.07674 0.10229 ( 1)
 245 -   0.81875 0.07802 0.10324 ( 1)
 246 -   0.84524 0.06298 0.09177 ( 1)
 247 -   0.79967 0.08891 0.11142 ( 1)
 248 -   0.88899 0.03847 0.07254 ( 1)
 249 -   0.83877 0.06531 0.09592 ( 1)
 250 -   0.82482 0.07337 0.10182 ( 1)
 251 -   0.88899 0.03847 0.07254 ( 1)
 252 -   0.89026 0.03790 0.07184 ( 1)
 253 -   0.82264 0.07465 0.10271 ( 1)
 254 -   0.81609 0.07858 0.10532 ( 1)
 255 -   0.84957 0.05729 0.09314 ( 1)
 256 -   0.83706 0.06449 0.09845 ( 1)
 257 -   0.78876 0.09423 0.11701 ( 1)
 258 -   0.00001 0.46633 0.53366 ( 3)
 259 -   0.84656 0.05902 0.09442 ( 1)
 260 -   0.83582 0.06513 0.09905 ( 1)
 261 -   0.00001 0.47945 0.52055 ( 3)
 262 -   0.84656 0.05902 0.09442 ( 1)
 263 -   0.83706 0.06449 0.09845 ( 1)
 264 -   0.00000 0.58584 0.41416 ( 2)
 265 -   0.89502 0.03288 0.07211 ( 1)
 266 -   0.86066 0.04991 0.08943 ( 1)
 267 -   0.79079 0.09234 0.11687 ( 1)
 268 -   0.83181 0.06664 0.10155 ( 1)
 269 -   0.85650 0.05224 0.09126 ( 1)
 270 -   0.83662 0.06370 0.09968 ( 1)
 271 -   0.82347 0.07162 0.10491 ( 1)
 272 -   0.83112 0.06699 0.10190 ( 1)
 273 -   0.89110 0.03396 0.07494 ( 1)
 274 -   0.84660 0.05757 0.09583 ( 1)
 275 -   0.00001 0.47182 0.52817 ( 3)
 276 -   0.85347 0.05395 0.09258 ( 1)
 277 -   0.82347 0.07162 0.10491 ( 1)
 278 -   0.00001 0.50688 0.49311 ( 2)
 279 -   0.85706 0.05197 0.09097 ( 1)
 280 -   0.00001 0.99999 0.00000 ( 2)
 281 -   0.86073 0.04988 0.08939 ( 1)
 282 -   0.85044 0.05567 0.09388 ( 1)
 283 -   0.88416 0.03743 0.07841 ( 1)
 284 -   0.84074 0.06127 0.09799 ( 1)
 285 -   0.83112 0.06699 0.10190 ( 1)
 286 -   0.00000 0.87971 0.12029 ( 2)
 287 -   0.84061 0.06134 0.09805 ( 1)
 288 -   0.89979 0.02973 0.07047 ( 1)
 289 -   0.83112 0.06699 0.10190 ( 1)
 290 -   0.85351 0.05391 0.09257 ( 1)
 291 -   0.88408 0.03748 0.07845 ( 1)
 292 -   0.84166 0.06075 0.09759 ( 1)
 293 -   0.85180 0.05479 0.09341 ( 1)
 294 -   0.00000 0.84883 0.15117 ( 2)
 295 -   0.84166 0.06075 0.09759 ( 1)
 296 -   0.00000 0.59381 0.40619 ( 2)
 297 -   0.85044 0.05567 0.09388 ( 1)
 298 -   0.81787 0.07506 0.10707 ( 1)
 299 -   0.00001 0.48251 0.51749 ( 3)
 300 -   0.00000 0.60064 0.39936 ( 2)
 301 N   0.87901 0.04220 0.07879 ( 1)
 302 L   0.86425 0.04996 0.08580 ( 1)
 303 L   0.78826 0.09493 0.11681 ( 1)
 304 L   0.85027 0.05766 0.09207 ( 1)
 305 P   0.83557 0.06607 0.09836 ( 1)
 306 E   0.00000 0.60214 0.39786 ( 2)
 307 G   0.85546 0.05476 0.08978 ( 1)
 308 V   0.81951 0.07556 0.10492 ( 1)
 309 P   0.83610 0.06575 0.09815 ( 1)
 310 P   0.00000 0.59638 0.40362 ( 2)
 311 E   0.84116 0.06286 0.09598 ( 1)
 312 R   0.85500 0.05504 0.08996 ( 1)
 313 Q   0.84362 0.06143 0.09496 ( 1)
 314 W   0.81836 0.07624 0.10540 ( 1)
 315 A   0.84870 0.05856 0.09275 ( 1)
 316 R   0.84445 0.06096 0.09459 ( 1)
 317 F   0.82916 0.06981 0.10103 ( 1)
 318 Y   0.83155 0.06843 0.10002 ( 1)
 319 V   0.81951 0.07556 0.10492 ( 1)
 320 K   0.82690 0.07116 0.10195 ( 1)
 321 I   0.81412 0.07882 0.10706 ( 1)
 322 Y   0.83223 0.06801 0.09976 ( 1)
 323 R   0.82956 0.07000 0.10045 ( 1)
 324 A   0.86997 0.04691 0.08311 ( 1)
 325 E   0.83713 0.06517 0.09770 ( 1)
 326 G   0.85468 0.05515 0.09016 ( 1)
 327 L   0.78826 0.09493 0.11681 ( 1)
 328 P   0.83610 0.06575 0.09815 ( 1)
 329 R   0.00001 0.47983 0.52016 ( 3)
 330 M   0.86906 0.04741 0.08353 ( 1)
 331 N   0.87901 0.04220 0.07879 ( 1)
 332 T   0.83454 0.06654 0.09892 ( 1)
 333 S   0.88163 0.04085 0.07752 ( 1)
 334 L   0.85027 0.05766 0.09207 ( 1)
 335 M   0.86906 0.04741 0.08353 ( 1)
 336 A   0.84870 0.05856 0.09275 ( 1)
 337 N   0.87901 0.04220 0.07879 ( 1)
 338 M   0.86906 0.04741 0.08353 ( 1)
 339 K   0.82690 0.07116 0.10195 ( 1)
 340 K   0.82690 0.07116 0.10195 ( 1)
 341 A   0.84951 0.05842 0.09207 ( 1)
 342 F   0.82916 0.06981 0.10103 ( 1)
 343 I   0.81899 0.07533 0.10568 ( 1)
 344 G   0.89441 0.03447 0.07112 ( 1)
 345 E   0.83713 0.06517 0.09770 ( 1)
 346 N   0.87901 0.04220 0.07879 ( 1)
 347 K   0.82690 0.07116 0.10195 ( 1)
 348 D   0.84570 0.06026 0.09404 ( 1)
 349 L   0.78826 0.09493 0.11681 ( 1)
 350 V   0.00001 0.46348 0.53652 ( 3)
 351 D   0.84255 0.06187 0.09557 ( 1)
 352 P   0.83319 0.06728 0.09954 ( 1)
 353 Y   0.82941 0.06950 0.10109 ( 1)
 354 V   0.81704 0.07691 0.10605 ( 1)
 355 Q   0.87518 0.04381 0.08101 ( 1)
 356 V   0.86127 0.05125 0.08748 ( 1)
 357 F   0.82290 0.07415 0.10295 ( 1)
 358 F   0.80019 0.08787 0.11194 ( 1)
 359 A   0.84141 0.06342 0.09517 ( 1)
 360 G   0.84421 0.06185 0.09395 ( 1)
 361 Q   0.83658 0.06617 0.09725 ( 1)
 362 K   0.82077 0.07542 0.10381 ( 1)
 363 G   0.85458 0.05144 0.09398 ( 1)
 364 K   0.83347 0.06433 0.10221 ( 1)
 365 T   0.87253 0.04186 0.08561 ( 1)
 366 S   0.82078 0.07324 0.10598 ( 1)
 367 V   0.82614 0.06886 0.10499 ( 1)
 368 Q   0.85088 0.05400 0.09512 ( 1)
 369 K   0.86109 0.04818 0.09073 ( 1)
 370 S   0.88938 0.03325 0.07737 ( 1)
 371 S   0.88938 0.03325 0.07737 ( 1)
 372 Y   0.83470 0.06357 0.10172 ( 1)
 373 E   0.84415 0.05795 0.09790 ( 1)
 374 P   0.84279 0.05967 0.09754 ( 1)
 375 L   0.79226 0.09064 0.11710 ( 1)
 376 W   0.82448 0.06983 0.10569 ( 1)
 377 N   0.88673 0.03457 0.07870 ( 1)
 378 E   0.84415 0.05795 0.09790 ( 1)
 379 Q   0.85088 0.05400 0.09512 ( 1)
 380 V   0.83514 0.06424 0.10062 ( 1)
 381 V   0.00001 0.42369 0.57630 ( 3)
 382 F   0.81015 0.07891 0.11094 ( 1)
 383 T   0.83824 0.06145 0.10031 ( 1)
 384 D   0.85302 0.05279 0.09419 ( 1)
 385 L   0.79226 0.09064 0.11710 ( 1)
 386 F   0.83536 0.06312 0.10152 ( 1)
 387 P   0.84126 0.05945 0.09928 ( 1)
 388 P   0.88101 0.03726 0.08172 ( 1)
 389 L   0.85773 0.05008 0.09219 ( 1)
 390 C   0.89771 0.02917 0.07311 ( 1)
 391 K   0.83347 0.06433 0.10221 ( 1)
 392 R   0.86257 0.04738 0.09005 ( 1)
 393 M   0.00001 0.41906 0.58093 ( 3)
 394 K   0.83935 0.06138 0.09927 ( 1)
 395 V   0.83970 0.06062 0.09968 ( 1)
 396 Q   0.85088 0.05400 0.09512 ( 1)
 397 I   0.84322 0.05848 0.09830 ( 1)
 398 R   0.85174 0.05351 0.09475 ( 1)
 399 D   0.85302 0.05279 0.09419 ( 1)
 400 S   0.80972 0.07918 0.11110 ( 1)
 401 D   0.85302 0.05279 0.09419 ( 1)
 402 K   0.83347 0.06433 0.10221 ( 1)
 403 V   0.87465 0.04078 0.08457 ( 1)
 404 N   0.88678 0.03455 0.07867 ( 1)
 405 D   0.85297 0.05285 0.09418 ( 1)
 406 V   0.82588 0.06900 0.10512 ( 1)
 407 A   0.85611 0.05101 0.09288 ( 1)
 408 I   0.84289 0.05865 0.09846 ( 1)
 409 G   0.85912 0.04932 0.09156 ( 1)
 410 T   0.88410 0.03590 0.08000 ( 1)
 411 H   0.90228 0.02703 0.07070 ( 1)
 412 F   0.83584 0.06288 0.10128 ( 1)
 413 I   0.82131 0.07153 0.10716 ( 1)
 414 D   0.85302 0.05279 0.09419 ( 1)
 415 L   0.79226 0.09064 0.11710 ( 1)
 416 R   0.86257 0.04738 0.09005 ( 1)
 417 K   0.83347 0.06433 0.10221 ( 1)
 418 I   0.00001 0.47140 0.52859 ( 3)
 419 S   0.85278 0.05290 0.09432 ( 1)
 420 N   0.88676 0.03457 0.07867 ( 1)
 421 D   0.00001 0.46113 0.53886 ( 3)
 422 G   0.86686 0.04524 0.08789 ( 1)
 423 D   0.85262 0.05324 0.09415 ( 1)
 424 K   0.86101 0.04847 0.09051 ( 1)
 425 G   0.85339 0.05503 0.09158 ( 1)
 426 F   0.83449 0.06590 0.09960 ( 1)
 427 L   0.79129 0.09256 0.11615 ( 1)
 428 P   0.84174 0.06168 0.09658 ( 1)
 429 T   0.85372 0.05483 0.09144 ( 1)
 430 L   0.79129 0.09256 0.11615 ( 1)
 431 G   0.85784 0.05258 0.08958 ( 1)
 432 P   0.84174 0.06168 0.09658 ( 1)
 433 T   0.00000 0.57066 0.42934 ( 2)
 434 W   0.82317 0.07265 0.10418 ( 1)
 435 V   0.82439 0.07193 0.10368 ( 1)
 436 N   0.88582 0.03777 0.07642 ( 1)
 437 M   0.87571 0.04296 0.08133 ( 1)
 438 Y   0.83347 0.06652 0.10001 ( 1)
 439 G   0.85784 0.05258 0.08958 ( 1)
 440 S   0.85146 0.05613 0.09241 ( 1)
 441 T   0.84009 0.06232 0.09759 ( 1)
 442 R   0.86131 0.05066 0.08802 ( 1)
 443 N   0.88582 0.03777 0.07642 ( 1)
 444 Y   0.83770 0.06403 0.09827 ( 1)
 445 T   0.85417 0.05461 0.09122 ( 1)
 446 L   0.79129 0.09256 0.11615 ( 1)
 447 L   0.79711 0.08924 0.11365 ( 1)
 448 D   0.85130 0.05622 0.09248 ( 1)
 449 E   0.84281 0.06108 0.09611 ( 1)
 450 H   0.90161 0.03005 0.06834 ( 1)
 451 Q   0.84955 0.05721 0.09324 ( 1)
 452 D   0.00001 0.47822 0.52177 ( 3)
 453 L   0.79129 0.09256 0.11615 ( 1)
 454 N   0.88576 0.03780 0.07644 ( 1)
 455 E   0.00001 0.99998 0.00000 ( 2)
 456 G   0.85784 0.05258 0.08958 ( 1)
 457 L   0.79129 0.09256 0.11615 ( 1)
 458 G   0.86204 0.05026 0.08770 ( 1)
 459 E   0.84281 0.06108 0.09611 ( 1)
 460 G   0.85757 0.05288 0.08955 ( 1)
 461 V   0.82416 0.07218 0.10365 ( 1)
 462 S   0.86898 0.04666 0.08436 ( 1)
 463 F   0.83426 0.06617 0.09957 ( 1)
 464 R   0.86104 0.05096 0.08800 ( 1)
 465 A   0.85454 0.05455 0.09090 ( 1)
 466 R   0.86104 0.05096 0.08800 ( 1)
 467 L   0.85617 0.05364 0.09020 ( 1)
 468 M   0.87544 0.04326 0.08130 ( 1)
 469 L   0.79114 0.09272 0.11613 ( 1)
 470 G   0.85757 0.05288 0.08955 ( 1)
 471 L   0.79114 0.09272 0.11613 ( 1)
 472 -   0.89698 0.03173 0.07129 ( 1)
 473 -   0.00001 0.99999 0.00000 ( 2)
 474 -   0.83758 0.06391 0.09851 ( 1)
 475 -   0.83668 0.06442 0.09890 ( 1)
 476 -   0.78793 0.09470 0.11737 ( 1)
 477 -   0.84482 0.05987 0.09531 ( 1)
 478 -   0.86450 0.04886 0.08664 ( 1)
 479 -   0.84459 0.05998 0.09543 ( 1)
 480 -   0.87782 0.04180 0.08038 ( 1)
 481 -   0.81105 0.08004 0.10890 ( 1)
 482 -   0.83633 0.06479 0.09887 ( 1)
 483 -   0.84924 0.05740 0.09337 ( 1)
 484 -   0.87503 0.04332 0.08165 ( 1)
 485 -   0.88029 0.04060 0.07912 ( 1)
 486 -   0.84447 0.06012 0.09542 ( 1)
 487 -   0.84328 0.06055 0.09617 ( 1)
 488 -   0.00001 0.49765 0.50235 ( 3)
 489 -   0.81879 0.07534 0.10588 ( 1)
 490 -   0.84265 0.06117 0.09619 ( 1)
 491 -   0.81879 0.07534 0.10588 ( 1)
 492 -   0.84028 0.06255 0.09716 ( 1)
 493 -   0.00000 0.57068 0.42932 ( 2)
 494 -   0.84767 0.05830 0.09403 ( 1)
 495 -   0.00001 0.50514 0.49485 ( 2)
 496 -   0.83242 0.06862 0.09896 ( 1)
 497 -   0.86179 0.05211 0.08610 ( 1)
 498 -   0.83721 0.06564 0.09715 ( 1)
 499 -   0.82860 0.07063 0.10077 ( 1)
 500 -   0.87530 0.04506 0.07964 ( 1)
 501 -   0.88365 0.04077 0.07559 ( 1)
 502 -   0.81545 0.07867 0.10588 ( 1)
 503 -   0.84996 0.05869 0.09135 ( 1)
 504 -   0.84743 0.06008 0.09248 ( 1)
 505 -   0.86296 0.05159 0.08545 ( 1)
 506 -   0.83598 0.06662 0.09741 ( 1)
 507 -   0.83598 0.06662 0.09741 ( 1)
 508 -   0.82439 0.07334 0.10227 ( 1)
 509 -   0.80129 0.08725 0.11146 ( 1)
 510 -   0.84541 0.06122 0.09337 ( 1)
 511 -   0.80129 0.08725 0.11146 ( 1)
 512 -   0.85376 0.05659 0.08965 ( 1)
 513 -   0.84317 0.06251 0.09432 ( 1)
 514 -   0.83865 0.06579 0.09556 ( 1)
 515 -   0.78561 0.09702 0.11737 ( 1)
 516 -   0.83203 0.06890 0.09907 ( 1)
 517 -   0.84317 0.06251 0.09432 ( 1)
 518 -   0.80091 0.08748 0.11161 ( 1)
 519 -   0.86296 0.05159 0.08545 ( 1)
 520 -   0.83117 0.06939 0.09945 ( 1)
 521 -   0.83959 0.06454 0.09587 ( 1)
 522 -   0.83908 0.06483 0.09609 ( 1)
 523 -   0.84819 0.05969 0.09212 ( 1)
 524 -   0.87266 0.04644 0.08090 ( 1)
 525 -   0.85376 0.05659 0.08965 ( 1)
 526 -   0.84027 0.06416 0.09556 ( 1)
 527 -   0.82223 0.07463 0.10315 ( 1)
 528 -   0.83104 0.06945 0.09950 ( 1)
 529 -   0.83117 0.06939 0.09945 ( 1)
 530 -   0.00001 0.47411 0.52588 ( 3)
 531 -   0.80129 0.08725 0.11146 ( 1)
 532 -   0.83203 0.06890 0.09907 ( 1)
 533 -   0.86119 0.05253 0.08628 ( 1)
 534 -   0.86080 0.05260 0.08660 ( 1)
 535 -   0.92597 0.02102 0.05301 ( 1)
 536 -   0.84601 0.06092 0.09308 ( 1)
 537 N   0.88782 0.03631 0.07587 ( 1)
 538 Y   0.83499 0.06525 0.09976 ( 1)
 539 G   0.86394 0.04879 0.08726 ( 1)
 540 N   0.88777 0.03634 0.07589 ( 1)
 541 E   0.84887 0.05721 0.09392 ( 1)
 542 V   0.87758 0.04055 0.08187 ( 1)
 543 D   0.83544 0.06500 0.09956 ( 1)
 544 G   0.85971 0.05113 0.08916 ( 1)
 545 L   0.79225 0.09173 0.11603 ( 1)
 546 S   0.87439 0.04319 0.08242 ( 1)
 547 R   0.83753 0.06262 0.09985 ( 1)
 548 P   0.84347 0.06030 0.09624 ( 1)
 549 Q   0.00001 0.47305 0.52694 ( 3)
 550 R   0.85223 0.05530 0.09247 ( 1)
 551 P   0.81745 0.07584 0.10672 ( 1)
 552 R   0.00002 0.99998 0.00000 ( 2)
 553 P   0.81745 0.07584 0.10672 ( 1)
 554 Q   0.00001 0.47448 0.52551 ( 3)
 555 P   0.81745 0.07584 0.10672 ( 1)
 556 R   0.00001 0.47647 0.52353 ( 3)
 557 K   0.83375 0.06599 0.10026 ( 1)
 558 E   0.84456 0.05968 0.09576 ( 1)
 559 P   0.81745 0.07584 0.10672 ( 1)
 560 G   0.86394 0.04879 0.08726 ( 1)
 561 D   0.85003 0.05631 0.09366 ( 1)
 562 E   0.84456 0.05968 0.09576 ( 1)
 563 E   0.84456 0.05968 0.09576 ( 1)
 564 E   0.00001 0.99998 0.00000 ( 2)
 565 V   0.82590 0.07068 0.10342 ( 1)
 566 D   0.83544 0.06500 0.09956 ( 1)
 567 L   0.79225 0.09173 0.11603 ( 1)
 568 I   0.84361 0.06022 0.09617 ( 1)
 569 Q   0.85135 0.05578 0.09286 ( 1)
 570 K   0.83375 0.06599 0.10026 ( 1)
 571 S   0.00000 0.55408 0.44592 ( 2)
 572 S   0.87365 0.04360 0.08275 ( 1)
 573 D   0.85354 0.05457 0.09189 ( 1)
 574 D   0.85318 0.05475 0.09206 ( 1)
 575 E   0.84456 0.05968 0.09576 ( 1)
 576 T   0.00001 0.44368 0.55631 ( 3)
 577 D   0.00000 0.57932 0.42068 ( 2)
 578 E   0.00000 0.58200 0.41800 ( 2)
 579 G   0.00001 0.39404 0.60595 ( 3)
 580 G   0.86425 0.04865 0.08710 ( 1)
 581 D   0.85354 0.05457 0.09189 ( 1)
 582 L   0.79225 0.09173 0.11603 ( 1)
 583 P   0.00001 0.47044 0.52955 ( 3)
 584 S   0.80979 0.08057 0.10964 ( 1)
 585 V   0.87582 0.04245 0.08173 ( 1)
 586 S   0.85328 0.05470 0.09203 ( 1)
 587 -   0.85108 0.05577 0.09315 ( 1)
 588 -   0.00002 0.99997 0.00000 ( 2)
 589 -   0.82475 0.07223 0.10302 ( 1)
 590 -   0.83411 0.06670 0.09919 ( 1)
 591 -   0.86659 0.04848 0.08493 ( 1)
 592 -   0.84232 0.06195 0.09573 ( 1)
 593 -   0.83411 0.06670 0.09919 ( 1)
 594 -   0.83417 0.06774 0.09809 ( 1)
 595 -   0.82731 0.07173 0.10096 ( 1)
 596 -   0.86488 0.05065 0.08447 ( 1)
 597 -   0.83611 0.06664 0.09725 ( 1)
 598 -   0.81929 0.07641 0.10430 ( 1)
 599 -   0.83465 0.06740 0.09795 ( 1)
 600 -   0.81073 0.08153 0.10774 ( 1)
