86
Bacu_CASQ1         0.0000000 0.0673021 0.0634597 0.0057000 0.0194272 0.0210338 0.0174202 0.0154272 0.0365495 0.0176247 0.0697517 0.0655621 0.0480633 0.0654954 0.0708024 0.0702493 0.0646895 0.0851305 0.0463247 0.0440371 0.0393830 0.0282583 0.0770006 0.0626150 0.0717836 0.0706046 0.0697361 0.0817151 0.0636669 0.0711402 0.0655642 0.0892408 0.0751429 0.0691272 0.0727239 0.0720199 0.0675025 0.0704607 0.0716290 0.0731495 0.0508325 0.0698557 0.0788274 0.0732003 0.0747785 0.0788937 0.0920446 0.0870007 0.0788044 0.0826769 0.0807767 0.0821293 0.0732003 0.0823275 0.0758566 0.1007894 0.0797987 0.0656361 0.0678147 0.0816313 0.0770881 0.0648236 0.0691420 0.1105373 0.0740403 0.0783204 0.0679496 0.0782089 0.0671738 0.0813588 0.0675162 0.0725303 0.0626150 0.0676885 0.0703617 0.0828097 0.0646895 0.0725303 0.0685514 0.0751711 0.0655240 0.0685565 0.0655240 0.0744598 0.0679900 0.0872761 
Barn_CASQ1         0.0673021 0.0000000 0.0000010 0.0768438 0.0682196 0.0682196 0.0671220 0.0672268 0.0763598 0.0763524 0.0761714 0.0809079 0.1015867 0.0904445 0.0904445 0.0904445 0.0904445 0.0809691 0.0900210 0.0808725 0.0808725 0.0876648 0.0967026 0.0857987 0.0967026 0.0967026 0.0212103 0.0082477 0.0865618 0.0666260 0.0620334 0.0909113 0.0956907 0.0809079 0.0809079 0.0954979 0.1055184 0.0761420 0.0761420 0.0856231 0.0765064 0.0212088 0.0255481 0.0212088 0.0219984 0.0442413 0.0525231 0.0229389 0.0212184 0.0255360 0.0392159 0.0809691 0.0212088 0.0255856 0.0255609 0.1398302 0.0916930 0.0810303 0.0858597 0.0901712 0.0812166 0.0667485 0.0919648 0.0813641 0.0843637 0.1012259 0.0712287 0.0898537 0.0843637 0.0747678 0.0904445 0.0904445 0.0857987 0.0907221 0.1000807 0.0953904 0.0904445 0.0904445 0.0904445 0.0904445 0.0904445 0.0904445 0.0904445 0.0868103 0.0212546 0.0176190 
Bbai76728_CASQ1    0.0634597 0.0000010 0.0000000 0.0705364 0.0597113 0.0654744 0.0598268 0.0598935 0.0702434 0.0714446 0.0682881 0.0675940 0.0960108 0.0750837 0.0734177 0.0819903 0.0734177 0.0735093 0.0869385 0.0791492 0.0736087 0.0748162 0.0872530 0.0714162 0.0797944 0.0777881 0.0220008 0.0082477 0.0830603 0.0644891 0.0575114 0.0871953 0.0827488 0.0720740 0.0715059 0.0790131 0.0843501 0.0629349 0.0638483 0.0771671 0.0633163 0.0192986 0.0238328 0.0182879 0.0245544 0.0386132 0.0452614 0.0223788 0.0182946 0.0272723 0.0313316 0.0699068 0.0219605 0.0272855 0.0205091 0.1157533 0.0771462 0.0676733 0.0700360 0.0767602 0.0821726 0.0702548 0.0760691 0.0919998 0.0741352 0.0881638 0.0681811 0.0830163 0.0725547 0.0654385 0.0769283 0.0796850 0.0714162 0.0771553 0.0804686 0.0953904 0.0734177 0.0796850 0.0750837 0.0796850 0.0750837 0.0789092 0.0750837 0.0702279 0.0168648 0.0163822 
BbonAUS_CASQ1      0.0057000 0.0768438 0.0705364 0.0000000 0.0260622 0.0282322 0.0233566 0.0233749 0.0416160 0.0248465 0.0728507 0.0714777 0.0543566 0.0720430 0.0734904 0.0773586 0.0701271 0.0933135 0.0503747 0.0475887 0.0446127 0.0357731 0.0813957 0.0680971 0.0751225 0.0735872 0.0812744 0.1013605 0.0773629 0.0754091 0.0697531 0.0897537 0.0783830 0.0756177 0.0760904 0.0749884 0.0733159 0.0734606 0.0749851 0.0803246 0.0641526 0.0776924 0.0787734 0.0849767 0.0820330 0.0903774 0.1043409 0.1015267 0.0872443 0.0897720 0.0937400 0.0898902 0.0849767 0.0893874 0.0829047 0.1190708 0.0836869 0.0715549 0.0734998 0.0827428 0.0813461 0.0736878 0.0756184 0.1115192 0.0813746 0.0826062 0.0720214 0.0856783 0.0794681 0.0898873 0.0733338 0.0755661 0.0680971 0.0735315 0.0765652 0.0977497 0.0701271 0.0755661 0.0714298 0.0755661 0.0714298 0.0749006 0.0714298 0.0742818 0.0785773 0.0942387 
Bbor_CASQ1         0.0194272 0.0682196 0.0597113 0.0260622 0.0000000 0.0000010 0.0000010 0.0063513 0.0291404 0.0136259 0.0563018 0.0570517 0.0326323 0.0556242 0.0601565 0.0622403 0.0565460 0.0816001 0.0350785 0.0347669 0.0323987 0.0194779 0.0666047 0.0533721 0.0609736 0.0602424 0.0753613 0.0902211 0.0637462 0.0648487 0.0578524 0.0756176 0.0645582 0.0614050 0.0599780 0.0608496 0.0600026 0.0601278 0.0608494 0.0663184 0.0498650 0.0754491 0.0808938 0.0795025 0.0760170 0.0858479 0.1013932 0.0852986 0.0808221 0.0852147 0.0885139 0.0779077 0.0795026 0.0848109 0.0775822 0.1090371 0.0738878 0.0571177 0.0601611 0.0702489 0.0622093 0.0637069 0.0614091 0.0987708 0.0755958 0.0690163 0.0611491 0.0724574 0.0738893 0.0753317 0.0600165 0.0613602 0.0571495 0.0601919 0.0635092 0.0904441 0.0565460 0.0613602 0.0570109 0.0613602 0.0570109 0.0607770 0.0570109 0.0668329 0.0728468 0.0902834 
Bede66737_CASQ1    0.0210338 0.0682196 0.0654744 0.0282322 0.0000010 0.0000000 0.0000010 0.0068652 0.0315494 0.0148155 0.0563018 0.0622893 0.0353524 0.0613738 0.0653016 0.0622403 0.0613602 0.0886939 0.0350785 0.0338362 0.0350785 0.0210931 0.0666047 0.0582613 0.0666047 0.0654031 0.0753613 0.0902211 0.0637462 0.0648487 0.0578524 0.0756176 0.0665787 0.0614050 0.0614282 0.0664589 0.0651195 0.0652688 0.0664574 0.0663518 0.0541105 0.0754491 0.0837421 0.0795025 0.0785435 0.0891726 0.1060625 0.0852986 0.0808221 0.0884533 0.0885139 0.0846534 0.0795026 0.0879968 0.0775822 0.1192584 0.0802190 0.0623688 0.0653088 0.0724481 0.0622093 0.0575210 0.0671278 0.0987708 0.0825840 0.0690163 0.0611491 0.0724574 0.0802258 0.0835630 0.0613602 0.0613602 0.0624055 0.0615103 0.0689418 0.0904441 0.0613602 0.0613602 0.0622403 0.0613602 0.0622403 0.0622403 0.0622403 0.0741406 0.0796842 0.0938569 
BedeAUS_CASQ1      0.0174202 0.0671220 0.0598268 0.0233566 0.0000010 0.0000010 0.0000000 0.0057054 0.0291045 0.0121521 0.0605738 0.0605326 0.0352561 0.0599245 0.0631280 0.0654041 0.0598681 0.0824280 0.0350785 0.0341239 0.0320337 0.0174610 0.0692821 0.0572383 0.0640516 0.0632092 0.0770384 0.0902211 0.0674138 0.0642442 0.0580136 0.0772750 0.0672513 0.0644578 0.0638090 0.0639361 0.0629823 0.0631013 0.0639354 0.0688837 0.0539783 0.0772001 0.0818550 0.0806967 0.0779302 0.0862732 0.1000895 0.0852986 0.0824331 0.0857064 0.0891213 0.0791076 0.0806967 0.0853443 0.0789123 0.1069482 0.0726284 0.0605956 0.0631331 0.0722060 0.0655440 0.0632559 0.0644610 0.0978870 0.0771103 0.0712574 0.0609449 0.0743186 0.0754844 0.0770962 0.0629959 0.0644155 0.0572383 0.0631617 0.0661439 0.0902789 0.0598681 0.0644155 0.0604937 0.0644155 0.0604937 0.0638669 0.0604937 0.0696399 0.0746749 0.0902172 
Bmus_CASQ1         0.0154272 0.0672268 0.0598935 0.0233749 0.0063513 0.0068652 0.0057054 0.0000000 0.0304919 0.0115787 0.0655460 0.0619973 0.0414260 0.0616009 0.0671987 0.0663715 0.0613264 0.0814687 0.0385018 0.0371539 0.0332826 0.0166699 0.0730041 0.0590912 0.0681196 0.0671502 0.0729284 0.0805720 0.0630280 0.0639426 0.0580354 0.0844256 0.0712669 0.0654808 0.0684975 0.0681878 0.0641026 0.0670149 0.0679746 0.0693993 0.0476463 0.0773045 0.0819558 0.0763878 0.0780275 0.0819048 0.0950233 0.0782744 0.0825551 0.0858147 0.0841141 0.0785146 0.0763878 0.0854515 0.0790084 0.0967413 0.0756296 0.0620666 0.0642536 0.0780448 0.0688446 0.0586140 0.0654961 0.1089538 0.0767561 0.0745381 0.0608142 0.0739735 0.0694901 0.0766913 0.0641151 0.0686636 0.0590912 0.0642771 0.0669209 0.0905263 0.0613264 0.0686636 0.0649447 0.0709574 0.0619619 0.0649493 0.0619619 0.0704387 0.0709654 0.0903313 
Bmys_CASQ1         0.0365495 0.0763598 0.0702434 0.0416160 0.0291404 0.0315494 0.0291045 0.0304919 0.0000000 0.0264167 0.0833879 0.0731079 0.0538625 0.0737979 0.0823461 0.0787097 0.0752085 0.0815762 0.0033730 0.0059881 0.0026845 0.0396417 0.0860128 0.0764669 0.0797968 0.0816233 0.0729155 0.0903807 0.0839225 0.0543139 0.0510866 0.0878664 0.0837900 0.0807668 0.0821237 0.0804422 0.0782364 0.0814452 0.0796136 0.0814185 0.0692133 0.0812751 0.0819437 0.0763750 0.0780146 0.0818932 0.0950134 0.0854039 0.0825406 0.0858029 0.0879114 0.0784051 0.0763750 0.0854397 0.0825609 0.1252703 0.0758042 0.0797427 0.0856775 0.0902971 0.0685912 0.0538457 0.0836446 0.0960407 0.0939524 0.0907329 0.0511036 0.0950993 0.0937883 0.0923414 0.0782552 0.0850578 0.0764669 0.0847296 0.0813266 0.0829062 0.0752085 0.0850578 0.0763084 0.0850578 0.0730619 0.0763148 0.0730619 0.0801869 0.0709533 0.0938514 
Bphy_CASQ1         0.0176247 0.0763524 0.0714446 0.0248465 0.0136259 0.0148155 0.0121521 0.0115787 0.0264167 0.0000000 0.0614548 0.0575656 0.0407956 0.0566923 0.0640268 0.0619542 0.0575306 0.0769591 0.0338794 0.0341598 0.0293695 0.0236210 0.0690897 0.0576227 0.0641187 0.0641187 0.0729135 0.0901319 0.0730233 0.0616011 0.0549785 0.0773536 0.0673167 0.0619952 0.0638785 0.0639989 0.0606771 0.0639721 0.0639721 0.0654160 0.0514503 0.0830889 0.0819321 0.0763695 0.0780072 0.0818821 0.0949854 0.0921142 0.0825259 0.0857865 0.0904044 0.0769591 0.0763696 0.0854238 0.0845479 0.1086506 0.0742164 0.0608241 0.0640326 0.0732375 0.0656131 0.0607711 0.0645093 0.1035085 0.0771827 0.0723565 0.0582760 0.0760636 0.0766176 0.0808928 0.0606900 0.0654729 0.0576227 0.0640699 0.0638693 0.0828097 0.0575306 0.0654729 0.0607266 0.0654729 0.0575306 0.0607311 0.0575306 0.0696003 0.0709531 0.0965111 
Ccom40_CASQ1       0.0697517 0.0761714 0.0682881 0.0728507 0.0563018 0.0563018 0.0605738 0.0655460 0.0833879 0.0614548 0.0000000 0.0032674 0.0926535 0.0098559 0.0092382 0.0098559 0.0092382 0.0446741 0.0905833 0.0850876 0.0870332 0.0766915 0.0132267 0.0165394 0.0132267 0.0123930 0.0781430 0.0995685 0.0459294 0.0751769 0.0644884 0.0257120 0.0132198 0.0030641 0.0032674 0.0131991 0.0186834 0.0061508 0.0065616 0.0065546 0.0347046 0.0825882 0.0782137 0.0740691 0.0851368 0.0494645 0.1003747 0.0987847 0.0741347 0.0822026 0.0849536 0.0413300 0.0779826 0.0822461 0.0762015 0.0789170 0.0512967 0.0131973 0.0155076 0.0123377 0.0406244 0.0721966 0.0199759 0.0508029 0.0520428 0.0154964 0.0786487 0.0412212 0.0477432 0.0476238 0.0092382 0.0092382 0.0233167 0.0186641 0.0154776 0.0158821 0.0092382 0.0092382 0.0098559 0.0100396 0.0098559 0.0098559 0.0098559 0.0113719 0.0742335 0.0756806 
Chea7320_CASQ1     0.0655621 0.0809079 0.0675940 0.0714777 0.0570517 0.0622893 0.0605326 0.0619973 0.0731079 0.0575656 0.0032674 0.0000000 0.0855663 0.0057831 0.0083541 0.0056550 0.0053017 0.0327056 0.0905802 0.0839119 0.0761729 0.0710881 0.0114090 0.0133669 0.0106901 0.0106901 0.0762557 0.0995685 0.0365995 0.0680458 0.0646579 0.0229959 0.0111565 0.0000010 0.0030348 0.0083490 0.0133824 0.0053089 0.0053089 0.0054131 0.0243137 0.0871435 0.0783959 0.0727983 0.0849655 0.0515532 0.0918132 0.0933294 0.0782596 0.0817281 0.0863016 0.0327056 0.0761230 0.0851570 0.0807427 0.0671331 0.0421210 0.0106710 0.0111629 0.0160179 0.0397268 0.0705983 0.0189331 0.0454441 0.0400013 0.0142659 0.0712042 0.0362664 0.0410629 0.0348402 0.0079708 0.0059330 0.0188201 0.0188235 0.0106516 0.0127643 0.0053017 0.0059330 0.0079755 0.0064276 0.0053017 0.0079757 0.0053017 0.0059674 0.0676463 0.0856789 
Cmar59905_CASQ1    0.0480633 0.1015867 0.0960108 0.0543566 0.0326323 0.0353524 0.0352561 0.0414260 0.0538625 0.0407956 0.0926535 0.0855663 0.0000000 0.0880259 0.0903925 0.0930373 0.0869150 0.1096557 0.0652971 0.0573379 0.0568754 0.0543122 0.0972234 0.0818966 0.0896317 0.0905142 0.1043953 0.1530698 0.1001697 0.0858009 0.0770601 0.1051748 0.0855436 0.0934984 0.0918710 0.0894766 0.0901720 0.0900584 0.0891520 0.0949117 0.0735679 0.1020014 0.1074860 0.1081857 0.1043742 0.1123999 0.1265618 0.1151351 0.1132952 0.1115986 0.1225594 0.1061659 0.1081858 0.1111015 0.1082435 0.1365389 0.1040606 0.0854171 0.0898632 0.0997675 0.0922266 0.0897179 0.0896549 0.1350126 0.1020997 0.1009959 0.0891173 0.1029628 0.1022358 0.1095745 0.0901975 0.0937664 0.0818966 0.0898977 0.0935130 0.1148052 0.0869150 0.0937664 0.0858100 0.0937664 0.0858100 0.0893622 0.0858100 0.1031663 0.0999391 0.1192389 
Dcap108471_CASQ1   0.0654954 0.0904445 0.0750837 0.0720430 0.0556242 0.0613738 0.0599245 0.0616009 0.0737979 0.0566923 0.0098559 0.0057831 0.0880259 0.0000000 0.0000010 0.0000010 0.0000010 0.0419014 0.0932485 0.0858046 0.0771714 0.0715827 0.0062294 0.0087082 0.0058034 0.0058034 0.0850964 0.1092654 0.0420024 0.0798876 0.0722399 0.0219331 0.0060784 0.0062061 0.0091505 0.0030319 0.0087188 0.0116372 0.0116372 0.0118879 0.0296092 0.0994570 0.0873296 0.0812265 0.0860257 0.0569882 0.1018903 0.1076262 0.0865584 0.0910411 0.0942866 0.0419014 0.0849303 0.0910856 0.0907083 0.0738026 0.0468240 0.0116442 0.0122324 0.0145579 0.0443595 0.0807444 0.0116774 0.0506809 0.0442238 0.0093477 0.0830699 0.0404026 0.0448749 0.0431326 0.0028824 0.0000010 0.0146034 0.0146063 0.0057806 0.0000010 0.0000010 0.0000010 0.0028842 0.0000010 0.0000010 0.0028843 0.0000010 0.0032828 0.0748706 0.0873275 
Dcap79929_CASQ1    0.0708024 0.0904445 0.0734177 0.0734904 0.0601565 0.0653016 0.0631280 0.0671987 0.0823461 0.0640268 0.0092382 0.0083541 0.0903925 0.0000010 0.0000000 0.0029634 0.0026224 0.0436584 0.0962955 0.0874582 0.0854110 0.0767161 0.0059618 0.0083601 0.0055705 0.0052723 0.0925821 0.1092654 0.0484671 0.0850909 0.0800301 0.0264096 0.0083606 0.0084297 0.0091505 0.0055606 0.0105903 0.0105747 0.0111759 0.0142960 0.0378727 0.0973545 0.0894657 0.0888458 0.0891947 0.0647648 0.1084018 0.1093462 0.0865584 0.0928484 0.0967695 0.0408000 0.0924084 0.0963393 0.0898606 0.0664262 0.0427303 0.0111777 0.0132562 0.0158762 0.0501423 0.0851839 0.0141042 0.0506809 0.0432456 0.0084357 0.0879325 0.0372309 0.0406563 0.0421338 0.0052569 0.0027951 0.0140168 0.0132630 0.0079028 0.0128218 0.0026224 0.0027951 0.0027700 0.0030136 0.0027700 0.0055568 0.0027700 0.0062619 0.0821368 0.0943601 
DdelSJR_CASQ1      0.0702493 0.0904445 0.0819903 0.0773586 0.0622403 0.0622403 0.0654041 0.0663715 0.0787097 0.0619542 0.0098559 0.0056550 0.0930373 0.0000010 0.0029634 0.0000000 0.0000010 0.0409621 0.0905042 0.0866794 0.0820078 0.0766243 0.0056743 0.0085149 0.0056743 0.0056743 0.0832723 0.1092654 0.0407937 0.0751305 0.0717042 0.0229932 0.0029656 0.0056550 0.0065424 0.0029614 0.0085249 0.0113787 0.0113787 0.0085036 0.0318824 0.0955794 0.0881653 0.0797886 0.0878282 0.0586176 0.1022722 0.1004630 0.0865584 0.0917644 0.0942866 0.0409621 0.0831260 0.0954786 0.0881891 0.0720649 0.0455722 0.0113854 0.0119472 0.0142091 0.0465756 0.0721596 0.0143690 0.0506809 0.0431030 0.0085148 0.0780239 0.0362434 0.0438719 0.0418759 0.0000010 0.0000010 0.0142783 0.0113917 0.0056526 0.0063462 0.0000010 0.0000010 0.0028212 0.0000010 0.0000010 0.0000010 0.0000010 0.0032004 0.0799411 0.0965993 
Ddeltrop4525_CASQ1 0.0646895 0.0904445 0.0734177 0.0701271 0.0565460 0.0613602 0.0598681 0.0613264 0.0752085 0.0575306 0.0092382 0.0053017 0.0869150 0.0000010 0.0026224 0.0000010 0.0000000 0.0390126 0.0921404 0.0838549 0.0781196 0.0698234 0.0056743 0.0079809 0.0053187 0.0050456 0.0832723 0.1092654 0.0416489 0.0773152 0.0717042 0.0229932 0.0055487 0.0053472 0.0091505 0.0027682 0.0075789 0.0101148 0.0106635 0.0108737 0.0335325 0.0925855 0.0853151 0.0797886 0.0849046 0.0578752 0.0985663 0.1004630 0.0865584 0.0886636 0.0912011 0.0363010 0.0831260 0.0921160 0.0856870 0.0633515 0.0395036 0.0106694 0.0105616 0.0151910 0.0465756 0.0783875 0.0134571 0.0506809 0.0399774 0.0080498 0.0800452 0.0339732 0.0388846 0.0384252 0.0025088 0.0000010 0.0133776 0.0126892 0.0050283 0.0063462 0.0000010 0.0000010 0.0026446 0.0000010 0.0000010 0.0026447 0.0000010 0.0029760 0.0741200 0.0902280 
Dleu_CASQ1         0.0851305 0.0809691 0.0735093 0.0933135 0.0816001 0.0886939 0.0824280 0.0814687 0.0815762 0.0769591 0.0446741 0.0327056 0.1096557 0.0419014 0.0436584 0.0409621 0.0390126 0.0000000 0.1003928 0.0874465 0.0845050 0.0922289 0.0472096 0.0412412 0.0441371 0.0445480 0.0797372 0.0807751 0.0660466 0.0839147 0.0750868 0.0471156 0.0461225 0.0358691 0.0409204 0.0431592 0.0472409 0.0336701 0.0326994 0.0391393 0.0471080 0.0926973 0.0818270 0.0762702 0.0885385 0.0612771 0.0948688 0.0932262 0.0823728 0.0851637 0.0913065 0.0025119 0.0795979 0.0886003 0.0857839 0.0609156 0.0272704 0.0384122 0.0408640 0.0496994 0.0572442 0.0757108 0.0472940 0.0248260 0.0372217 0.0502763 0.0803918 0.0343023 0.0365367 0.0352370 0.0416980 0.0435601 0.0469972 0.0472744 0.0443956 0.0326505 0.0390126 0.0435601 0.0411641 0.0438326 0.0383166 0.0411664 0.0383166 0.0401010 0.0708668 0.0903247 
EausAUS_CASQ1      0.0463247 0.0900210 0.0869385 0.0503747 0.0350785 0.0350785 0.0350785 0.0385018 0.0033730 0.0338794 0.0905833 0.0905802 0.0652971 0.0932485 0.0962955 0.0905042 0.0921404 0.1003928 0.0000000 0.0000010 0.0000010 0.0503284 0.0950920 0.0907460 0.0950920 0.0964490 0.0837169 0.0994559 0.1001597 0.0642634 0.0611043 0.0959315 0.0950660 0.0922132 0.0933372 0.0948992 0.0960155 0.0962553 0.0948868 0.0947223 0.0842402 0.0888770 0.0921739 0.0878929 0.0872609 0.0977840 0.1147706 0.0920244 0.0903064 0.0969756 0.1025974 0.0962790 0.0878929 0.0964676 0.0894103 0.1542251 0.0875488 0.0950156 0.1003926 0.1034952 0.0736737 0.0568418 0.1002528 0.1099775 0.1115204 0.1000958 0.0604275 0.1034215 0.1118466 0.1126454 0.0921404 0.0921404 0.0950602 0.0964188 0.1000031 0.0997557 0.0921404 0.0921404 0.0905042 0.0921404 0.0905042 0.0905042 0.0905042 0.1028317 0.0880975 0.1065246 
Egla13086_CASQ1    0.0440371 0.0808725 0.0791492 0.0475887 0.0347669 0.0338362 0.0341239 0.0371539 0.0059881 0.0341598 0.0850876 0.0839119 0.0573379 0.0858046 0.0874582 0.0866794 0.0838549 0.0874465 0.0000010 0.0000000 0.0029875 0.0475518 0.0907020 0.0840387 0.0875805 0.0875805 0.0806509 0.0994559 0.0972163 0.0644126 0.0573275 0.0913994 0.0908027 0.0867431 0.0898943 0.0874314 0.0872370 0.0874242 0.0874242 0.0930277 0.0774048 0.0870832 0.0890745 0.0843209 0.0853692 0.0936364 0.1075806 0.0920244 0.0864896 0.0930054 0.1008680 0.0874465 0.0843210 0.0926053 0.0881025 0.1368353 0.0806897 0.0875203 0.0910108 0.0937803 0.0720447 0.0667693 0.0917260 0.1013880 0.1010393 0.0941387 0.0607679 0.0973046 0.1010393 0.1004309 0.0872621 0.0866794 0.0840387 0.0910471 0.0907025 0.0898895 0.0838549 0.0866794 0.0838549 0.0866794 0.0838549 0.0873233 0.0838549 0.0926423 0.0817808 0.1041400 
Ejap43864_CASQ1    0.0393830 0.0808725 0.0736087 0.0446127 0.0323987 0.0350785 0.0320337 0.0332826 0.0026845 0.0293695 0.0870332 0.0761729 0.0568754 0.0771714 0.0854110 0.0820078 0.0781196 0.0845050 0.0000010 0.0029875 0.0000000 0.0424943 0.0893331 0.0795417 0.0828798 0.0845527 0.0762520 0.0994559 0.0883593 0.0573552 0.0543053 0.0913994 0.0870248 0.0838922 0.0857111 0.0836761 0.0811502 0.0843683 0.0826896 0.0845636 0.0721183 0.0849921 0.0852380 0.0797168 0.0814241 0.0850643 0.0981880 0.0920244 0.0864896 0.0891183 0.0918148 0.0813252 0.0797169 0.0887393 0.0858809 0.1283927 0.0789764 0.0828245 0.0887513 0.0932189 0.0720447 0.0567013 0.0867556 0.1013880 0.0971906 0.0938723 0.0541330 0.0983791 0.0967209 0.0960399 0.0811702 0.0883462 0.0795417 0.0876637 0.0842466 0.0898895 0.0781196 0.0883462 0.0793769 0.0883462 0.0761247 0.0793837 0.0761247 0.0836937 0.0740589 0.0971027 
Erob133443_CASQ1   0.0282583 0.0876648 0.0748162 0.0357731 0.0194779 0.0210931 0.0174610 0.0166699 0.0396417 0.0236210 0.0766915 0.0710881 0.0543122 0.0715827 0.0767161 0.0766243 0.0698234 0.0922289 0.0503284 0.0475518 0.0424943 0.0000000 0.0840322 0.0711566 0.0778659 0.0762401 0.0880497 0.0914719 0.0721208 0.0747677 0.0693766 0.0935516 0.0818262 0.0750165 0.0799124 0.0784258 0.0728631 0.0760726 0.0776843 0.0794732 0.0641265 0.0942376 0.0970696 0.0916039 0.0935938 0.0964443 0.1098461 0.1001826 0.1007584 0.1011093 0.1003340 0.0889597 0.0916039 0.1006636 0.0941368 0.1197894 0.0870760 0.0744588 0.0767271 0.0849790 0.0812393 0.0731675 0.0783567 0.1102819 0.0919085 0.0850172 0.0715514 0.0891504 0.0882586 0.0852652 0.0728800 0.0790313 0.0711566 0.0761851 0.0759594 0.0912433 0.0698234 0.0790313 0.0743342 0.0790313 0.0710429 0.0743405 0.0710429 0.0736571 0.0849798 0.1053826 
Fatt_CASQ1         0.0770006 0.0967026 0.0872530 0.0813957 0.0666047 0.0666047 0.0692821 0.0730041 0.0860128 0.0690897 0.0132267 0.0114090 0.0972234 0.0062294 0.0059618 0.0056743 0.0056743 0.0472096 0.0950920 0.0907020 0.0893331 0.0840322 0.0000000 0.0085473 0.0000010 0.0000010 0.0914048 0.1228394 0.0495318 0.0823727 0.0789082 0.0264464 0.0059663 0.0114090 0.0098776 0.0059588 0.0143328 0.0172163 0.0172163 0.0142960 0.0380015 0.1011681 0.0929994 0.0878526 0.0928381 0.0620593 0.1108675 0.1101422 0.0919380 0.0966531 0.0983567 0.0472096 0.0912408 0.1004279 0.0930238 0.0790188 0.0493985 0.0114289 0.0150222 0.0142633 0.0502137 0.0788020 0.0085533 0.0562774 0.0467085 0.0028160 0.0852466 0.0397850 0.0501346 0.0460130 0.0056743 0.0029671 0.0143330 0.0114352 0.0114039 0.0128564 0.0056743 0.0029671 0.0028310 0.0032150 0.0056743 0.0056743 0.0056743 0.0096971 0.0880256 0.1018386 
Ggri_CASQ1         0.0626150 0.0857987 0.0714162 0.0680971 0.0533721 0.0582613 0.0572383 0.0590912 0.0764669 0.0576227 0.0165394 0.0133669 0.0818966 0.0087082 0.0083601 0.0085149 0.0079809 0.0412412 0.0907460 0.0840387 0.0795417 0.0711566 0.0085473 0.0000000 0.0080094 0.0080094 0.0834132 0.0998810 0.0366600 0.0787925 0.0753447 0.0230438 0.0111643 0.0142662 0.0153484 0.0083550 0.0161152 0.0188177 0.0188177 0.0191918 0.0271019 0.0914800 0.0819416 0.0799241 0.0814158 0.0579684 0.0987214 0.1004630 0.0825117 0.0852866 0.0944639 0.0412412 0.0832665 0.0887321 0.0845617 0.0641093 0.0421874 0.0026516 0.0055569 0.0187565 0.0466814 0.0797237 0.0053524 0.0508564 0.0336906 0.0114003 0.0816780 0.0295242 0.0382695 0.0312920 0.0106654 0.0059376 0.0053211 0.0053221 0.0133613 0.0063462 0.0079809 0.0059376 0.0053116 0.0064331 0.0079809 0.0106720 0.0079809 0.0120186 0.0742380 0.0894327 
Gmac39091_CASQ1    0.0717836 0.0967026 0.0797944 0.0751225 0.0609736 0.0666047 0.0640516 0.0681196 0.0797968 0.0641187 0.0132267 0.0106901 0.0896317 0.0058034 0.0055705 0.0056743 0.0053187 0.0441371 0.0950920 0.0875805 0.0828798 0.0778659 0.0000010 0.0080094 0.0000000 0.0000010 0.0914048 0.1228394 0.0495318 0.0823727 0.0789082 0.0264464 0.0083703 0.0114090 0.0122745 0.0055671 0.0134253 0.0161252 0.0161252 0.0164457 0.0355489 0.1011681 0.0897709 0.0878526 0.0895094 0.0610923 0.1065228 0.1101422 0.0919380 0.0931666 0.0983567 0.0441371 0.0912408 0.0966715 0.0930238 0.0735255 0.0456068 0.0107076 0.0140284 0.0160731 0.0502137 0.0828293 0.0080147 0.0562774 0.0433023 0.0028160 0.0852466 0.0397850 0.0468756 0.0421967 0.0079964 0.0029671 0.0134256 0.0134280 0.0106857 0.0128564 0.0053187 0.0029671 0.0026541 0.0032150 0.0053187 0.0080013 0.0053187 0.0090104 0.0815197 0.0977859 
Gmel_CASQ1         0.0706046 0.0967026 0.0777881 0.0735872 0.0602424 0.0654031 0.0632092 0.0671502 0.0816233 0.0641187 0.0123930 0.0106901 0.0905142 0.0058034 0.0052723 0.0056743 0.0050456 0.0445480 0.0964490 0.0875805 0.0845527 0.0762401 0.0000010 0.0080094 0.0000010 0.0000000 0.0914048 0.1228394 0.0497619 0.0841884 0.0789082 0.0264464 0.0083703 0.0107831 0.0122745 0.0055671 0.0127299 0.0152894 0.0161252 0.0164457 0.0389830 0.0977340 0.0897709 0.0878526 0.0895094 0.0610923 0.1065228 0.1101422 0.0919380 0.0931666 0.0949819 0.0418002 0.0912408 0.0966715 0.0901686 0.0693997 0.0427857 0.0107076 0.0132710 0.0152426 0.0502137 0.0843927 0.0080147 0.0562774 0.0433023 0.0026633 0.0869009 0.0372799 0.0443970 0.0421967 0.0075849 0.0027984 0.0134256 0.0127324 0.0101347 0.0128564 0.0050456 0.0027984 0.0026541 0.0030174 0.0053187 0.0080013 0.0053187 0.0090104 0.0815197 0.0946790 
Hamp_CASQ1         0.0697361 0.0212103 0.0220008 0.0812744 0.0753613 0.0753613 0.0770384 0.0729284 0.0729155 0.0729135 0.0781430 0.0762557 0.1043953 0.0850964 0.0925821 0.0832723 0.0832723 0.0797372 0.0837169 0.0806509 0.0762520 0.0880497 0.0914048 0.0834132 0.0914048 0.0914048 0.0000000 0.0082477 0.0918054 0.0586822 0.0486607 0.0891546 0.0921681 0.0762557 0.0822803 0.0920226 0.0942857 0.0762218 0.0762218 0.0797322 0.0625126 0.0073090 0.0130943 0.0092882 0.0136299 0.0255457 0.0317154 0.0182845 0.0109138 0.0164823 0.0245520 0.0797372 0.0092882 0.0164196 0.0130987 0.1342089 0.0927785 0.0798891 0.0845169 0.0899678 0.0807260 0.0554631 0.0920397 0.1094983 0.0869616 0.0947427 0.0587578 0.0912809 0.0858596 0.0886886 0.0832723 0.0880938 0.0834132 0.0870446 0.0903484 0.0980120 0.0832723 0.0880938 0.0868475 0.0880938 0.0832723 0.0832723 0.0832723 0.0882920 0.0093023 0.0239595 
Hpla9120_CASQ1     0.0817151 0.0082477 0.0082477 0.1013605 0.0902211 0.0902211 0.0902211 0.0805720 0.0903807 0.0901319 0.0995685 0.0995685 0.1530698 0.1092654 0.1092654 0.1092654 0.1092654 0.0807751 0.0994559 0.0994559 0.0994559 0.0914719 0.1228394 0.0998810 0.1228394 0.1228394 0.0082477 0.0000000 0.1185699 0.0703279 0.0798379 0.0998810 0.1201899 0.0995685 0.0995685 0.1197190 0.1307090 0.0898770 0.0898770 0.1091318 0.0901319 0.0166044 0.0250963 0.0166044 0.0166044 0.0632896 0.0606611 0.0205956 0.0166176 0.0166044 0.0525388 0.0807751 0.0166044 0.0166044 0.0166044 0.0890207 0.0890207 0.0998810 0.1097839 0.1183466 0.0996243 0.0708500 0.1130772 0.1005111 0.0890207 0.1320127 0.0797751 0.0890207 0.0890207 0.0890207 0.1092654 0.1092654 0.1099403 0.1099403 0.1192757 0.1075175 0.1092654 0.1092654 0.1092654 0.1092654 0.1092654 0.1092654 0.1092654 0.1191696 0.0166739 0.0166166 
Igeo_CASQ1         0.0636669 0.0865618 0.0830603 0.0773629 0.0637462 0.0637462 0.0674138 0.0630280 0.0839225 0.0730233 0.0459294 0.0365995 0.1001697 0.0420024 0.0484671 0.0407937 0.0416489 0.0660466 0.1001597 0.0972163 0.0883593 0.0721208 0.0495318 0.0366600 0.0495318 0.0497619 0.0918054 0.1185699 0.0000000 0.0791518 0.0898776 0.0482749 0.0481803 0.0377530 0.0400027 0.0480818 0.0497552 0.0456370 0.0450887 0.0407924 0.0300838 0.0902271 0.1032824 0.0917978 0.0995454 0.0731657 0.1214229 0.1072790 0.1091678 0.0982303 0.0984471 0.0618869 0.0917978 0.1083484 0.0948783 0.0453913 0.0650931 0.0366600 0.0400894 0.0532471 0.0480359 0.0832529 0.0456045 0.0666395 0.0477296 0.0535849 0.0872475 0.0439122 0.0493708 0.0477296 0.0416489 0.0441661 0.0451796 0.0417706 0.0455946 0.0460227 0.0416489 0.0441661 0.0450535 0.0441661 0.0407937 0.0407937 0.0407937 0.0450379 0.0920335 0.1101986 
Kbre_CASQ1         0.0711402 0.0666260 0.0644891 0.0754091 0.0648487 0.0648487 0.0642442 0.0639426 0.0543139 0.0616011 0.0751769 0.0680458 0.0858009 0.0798876 0.0850909 0.0751305 0.0773152 0.0839147 0.0642634 0.0644126 0.0573552 0.0747677 0.0823727 0.0787925 0.0823727 0.0841884 0.0586822 0.0703279 0.0791518 0.0000000 0.0185228 0.0765561 0.0833338 0.0705860 0.0765108 0.0832034 0.0809066 0.0771316 0.0749435 0.0714316 0.0577207 0.0616622 0.0584470 0.0553097 0.0683359 0.0628027 0.0765235 0.0782676 0.0615049 0.0655780 0.0689507 0.0805276 0.0585830 0.0691762 0.0614949 0.1308157 0.0887915 0.0753374 0.0816817 0.0835402 0.0610594 0.0322227 0.0865299 0.1069595 0.0973989 0.0872686 0.0351753 0.0911379 0.0968771 0.0917219 0.0773152 0.0814579 0.0787925 0.0841658 0.0773417 0.0910348 0.0773152 0.0814579 0.0786174 0.0814579 0.0751305 0.0751305 0.0751305 0.0750251 0.0554086 0.0708204 
Ksim_CASQ1         0.0655642 0.0620334 0.0575114 0.0697531 0.0578524 0.0578524 0.0580136 0.0580354 0.0510866 0.0549785 0.0644884 0.0646579 0.0770601 0.0722399 0.0800301 0.0717042 0.0717042 0.0750868 0.0611043 0.0573275 0.0543053 0.0693766 0.0789082 0.0753447 0.0789082 0.0789082 0.0486607 0.0798379 0.0898776 0.0185228 0.0000000 0.0803630 0.0796795 0.0646579 0.0684729 0.0795545 0.0823626 0.0715281 0.0715281 0.0680329 0.0513257 0.0540616 0.0478816 0.0453212 0.0572502 0.0526156 0.0662321 0.0784501 0.0536553 0.0549459 0.0625547 0.0750868 0.0485795 0.0585100 0.0514737 0.1278509 0.0717445 0.0719028 0.0759891 0.0782704 0.0469280 0.0215221 0.0830238 0.1118845 0.0934725 0.0821614 0.0246170 0.0860224 0.0920491 0.0957280 0.0717042 0.0757673 0.0753447 0.0788856 0.0785840 0.0986097 0.0717042 0.0757673 0.0751775 0.0757673 0.0717042 0.0717042 0.0717042 0.0790444 0.0454002 0.0646625 
Lacu_CASQ1         0.0892408 0.0909113 0.0871953 0.0897537 0.0756176 0.0756176 0.0772750 0.0844256 0.0878664 0.0773536 0.0257120 0.0229959 0.1051748 0.0219331 0.0264096 0.0229932 0.0229932 0.0471156 0.0959315 0.0913994 0.0913994 0.0935516 0.0264464 0.0230438 0.0264464 0.0264464 0.0891546 0.0998810 0.0482749 0.0765561 0.0803630 0.0000000 0.0264339 0.0229959 0.0219371 0.0263926 0.0332322 0.0263825 0.0263825 0.0263519 0.0367469 0.0918573 0.0892278 0.0854146 0.0969022 0.0626589 0.1096704 0.1084438 0.0918743 0.0928730 0.1061350 0.0471156 0.0889863 0.0966376 0.0892520 0.0955454 0.0645961 0.0197016 0.0230604 0.0262422 0.0506002 0.0835926 0.0300564 0.0508918 0.0612063 0.0297575 0.0870977 0.0539138 0.0612063 0.0585878 0.0229932 0.0229932 0.0298333 0.0264378 0.0297216 0.0063462 0.0229932 0.0229932 0.0229932 0.0229932 0.0229932 0.0229932 0.0229932 0.0265307 0.0855913 0.1056212 
Lalb_CASQ1         0.0751429 0.0956907 0.0827488 0.0783830 0.0645582 0.0665787 0.0672513 0.0712669 0.0837900 0.0673167 0.0132198 0.0111565 0.0855436 0.0060784 0.0083606 0.0029656 0.0055487 0.0461225 0.0950660 0.0908027 0.0870248 0.0818262 0.0059663 0.0111643 0.0083703 0.0083703 0.0921681 0.1201899 0.0481803 0.0833338 0.0796795 0.0264339 0.0000000 0.0089479 0.0153496 0.0083555 0.0140139 0.0139919 0.0139919 0.0171822 0.0371354 0.1002330 0.0923942 0.0884489 0.0922250 0.0677472 0.1112891 0.1084060 0.0911028 0.0957598 0.1052249 0.0461225 0.0919950 0.0992362 0.0922672 0.0737173 0.0488667 0.0139939 0.0168402 0.0196049 0.0501940 0.0866672 0.0169515 0.0562455 0.0463999 0.0089546 0.0863573 0.0397681 0.0459472 0.0457199 0.0083443 0.0029656 0.0168461 0.0168492 0.0111517 0.0128433 0.0055487 0.0029656 0.0055487 0.0032133 0.0055487 0.0083497 0.0055487 0.0094100 0.0850778 0.1004698 
Laus_CASQ1         0.0691272 0.0809079 0.0720740 0.0756177 0.0614050 0.0614050 0.0644578 0.0654808 0.0807668 0.0619952 0.0030641 0.0000010 0.0934984 0.0062061 0.0084297 0.0056550 0.0053472 0.0358691 0.0922132 0.0867431 0.0838922 0.0750165 0.0114090 0.0142662 0.0114090 0.0107831 0.0762557 0.0995685 0.0377530 0.0705860 0.0646579 0.0229959 0.0089479 0.0000000 0.0000010 0.0089352 0.0134993 0.0053546 0.0056632 0.0028215 0.0300848 0.0847480 0.0807196 0.0727983 0.0878964 0.0518577 0.0950200 0.0933294 0.0782596 0.0843002 0.0837814 0.0330025 0.0761230 0.0879878 0.0787362 0.0678079 0.0425793 0.0113871 0.0112644 0.0134343 0.0397268 0.0683306 0.0202233 0.0454441 0.0431309 0.0134832 0.0735744 0.0339934 0.0414394 0.0379600 0.0053472 0.0055951 0.0200943 0.0162319 0.0107439 0.0127643 0.0053472 0.0055951 0.0085087 0.0060327 0.0056550 0.0056550 0.0056550 0.0064188 0.0729352 0.0860475 
Lbor_CASQ1         0.0727239 0.0809079 0.0715059 0.0760904 0.0599780 0.0614282 0.0638090 0.0684975 0.0821237 0.0638785 0.0032674 0.0030348 0.0918710 0.0091505 0.0091505 0.0065424 0.0091505 0.0409204 0.0933372 0.0898943 0.0857111 0.0799124 0.0098776 0.0153484 0.0122745 0.0122745 0.0822803 0.0995685 0.0400027 0.0765108 0.0684729 0.0219371 0.0153496 0.0000010 0.0000000 0.0122506 0.0185034 0.0060916 0.0060916 0.0062199 0.0280095 0.0898739 0.0836981 0.0781874 0.0903070 0.0567647 0.1044085 0.0987847 0.0782596 0.0874111 0.0919656 0.0409204 0.0821106 0.0874540 0.0823807 0.0780622 0.0507112 0.0122491 0.0153590 0.0153145 0.0367659 0.0743315 0.0185291 0.0454441 0.0478823 0.0131750 0.0802131 0.0404314 0.0472693 0.0432437 0.0122325 0.0065424 0.0216275 0.0216869 0.0153296 0.0078584 0.0091505 0.0065424 0.0091505 0.0071492 0.0091505 0.0122411 0.0091505 0.0104430 0.0757047 0.0835341 
Lhos30470_CASQ1    0.0720199 0.0954979 0.0790131 0.0749884 0.0608496 0.0664589 0.0639361 0.0681878 0.0804422 0.0639989 0.0131991 0.0083490 0.0894766 0.0030319 0.0055606 0.0029614 0.0027682 0.0431592 0.0948992 0.0874314 0.0836761 0.0784258 0.0059588 0.0083550 0.0055671 0.0055671 0.0920226 0.1197190 0.0480818 0.0832034 0.0795545 0.0263926 0.0083555 0.0089352 0.0122506 0.0000000 0.0055531 0.0111692 0.0111692 0.0142873 0.0342124 0.1000563 0.0889617 0.0883087 0.0886748 0.0644066 0.1077809 0.1080865 0.0909418 0.0923249 0.1057582 0.0431592 0.0918501 0.0957960 0.0921215 0.0705217 0.0455193 0.0111709 0.0140036 0.0167692 0.0501157 0.0835646 0.0140957 0.0561122 0.0432229 0.0089419 0.0862236 0.0397062 0.0429969 0.0421085 0.0055497 0.0029614 0.0140085 0.0140111 0.0083454 0.0128042 0.0027682 0.0029614 0.0027682 0.0032084 0.0027682 0.0055533 0.0027682 0.0062576 0.0816766 0.0968554 
Lhos452_CASQ1      0.0675025 0.1055184 0.0843501 0.0733159 0.0600026 0.0651195 0.0629823 0.0641026 0.0782364 0.0606771 0.0186834 0.0133824 0.0901720 0.0087188 0.0105903 0.0085249 0.0075789 0.0472409 0.0960155 0.0872370 0.0811502 0.0728631 0.0143328 0.0161152 0.0134253 0.0127299 0.0942857 0.1307090 0.0497552 0.0809066 0.0823626 0.0332322 0.0140139 0.0134993 0.0185034 0.0055531 0.0000000 0.0178629 0.0188408 0.0192159 0.0416440 0.1049437 0.0961800 0.0907486 0.0961404 0.0677046 0.1092085 0.1160321 0.0996317 0.0995653 0.1035010 0.0444801 0.0941172 0.1030659 0.0966045 0.0723064 0.0491232 0.0188509 0.0186593 0.0229917 0.0571970 0.0872622 0.0217399 0.0616834 0.0497204 0.0162563 0.0901782 0.0437009 0.0470785 0.0458593 0.0101273 0.0084343 0.0216093 0.0204877 0.0075789 0.0194013 0.0075789 0.0084343 0.0106837 0.0090973 0.0079897 0.0106840 0.0079897 0.0090055 0.0842407 0.0975496 
Lobl_CASQ1         0.0704607 0.0761420 0.0629349 0.0734606 0.0601278 0.0652688 0.0631013 0.0670149 0.0814452 0.0639721 0.0061508 0.0053089 0.0900584 0.0116372 0.0105747 0.0113787 0.0101148 0.0336701 0.0962553 0.0874242 0.0843683 0.0760726 0.0172163 0.0188177 0.0161252 0.0152894 0.0762218 0.0898770 0.0456370 0.0771316 0.0715281 0.0263825 0.0139919 0.0053546 0.0060916 0.0111692 0.0178629 0.0000000 0.0000010 0.0108885 0.0335706 0.0808245 0.0749305 0.0727672 0.0813479 0.0515379 0.0917677 0.0861871 0.0741097 0.0782536 0.0837389 0.0309860 0.0760892 0.0816700 0.0752550 0.0633668 0.0363893 0.0160958 0.0132454 0.0203625 0.0431951 0.0784526 0.0244778 0.0402164 0.0368244 0.0189826 0.0801197 0.0308176 0.0388962 0.0312582 0.0126708 0.0084211 0.0243303 0.0230668 0.0152371 0.0127643 0.0101148 0.0084211 0.0133673 0.0090819 0.0106635 0.0133678 0.0106635 0.0120111 0.0676210 0.0799779 
Lobs_CASQ1         0.0716290 0.0761420 0.0638483 0.0749851 0.0608494 0.0664574 0.0639354 0.0679746 0.0796136 0.0639721 0.0065616 0.0053089 0.0891520 0.0116372 0.0111759 0.0113787 0.0106635 0.0326994 0.0948868 0.0874242 0.0826896 0.0776843 0.0172163 0.0188177 0.0161252 0.0161252 0.0762218 0.0898770 0.0450887 0.0749435 0.0715281 0.0263825 0.0139919 0.0056632 0.0060916 0.0111692 0.0188408 0.0000010 0.0000000 0.0108885 0.0298785 0.0829211 0.0749305 0.0727672 0.0813479 0.0515379 0.0917677 0.0861871 0.0741097 0.0782536 0.0862535 0.0326994 0.0760892 0.0816700 0.0770144 0.0671094 0.0387722 0.0160958 0.0139998 0.0214738 0.0431951 0.0766120 0.0244778 0.0402164 0.0368244 0.0200908 0.0781021 0.0328733 0.0410537 0.0312582 0.0133596 0.0089314 0.0243303 0.0243347 0.0160671 0.0127643 0.0106635 0.0089314 0.0133673 0.0096788 0.0106635 0.0133678 0.0106635 0.0120111 0.0676210 0.0820200 
LperAUS_CASQ1      0.0731495 0.0856231 0.0771671 0.0803246 0.0663184 0.0663518 0.0688837 0.0693993 0.0814185 0.0654160 0.0065546 0.0054131 0.0949117 0.0118879 0.0142960 0.0085036 0.0108737 0.0391393 0.0947223 0.0930277 0.0845636 0.0794732 0.0142960 0.0191918 0.0164457 0.0164457 0.0797322 0.1091318 0.0407924 0.0714316 0.0680329 0.0263519 0.0171822 0.0028215 0.0062199 0.0142873 0.0192159 0.0108885 0.0108885 0.0000000 0.0304790 0.0913090 0.0834503 0.0762646 0.0903627 0.0557221 0.0902949 0.1003829 0.0823676 0.0868524 0.0902463 0.0391393 0.0795929 0.0903580 0.0844275 0.0749616 0.0500747 0.0164151 0.0171920 0.0219000 0.0431412 0.0717900 0.0249704 0.0506742 0.0474886 0.0171601 0.0745876 0.0396597 0.0477309 0.0431880 0.0136235 0.0089226 0.0248169 0.0220035 0.0163852 0.0192545 0.0108737 0.0089226 0.0136316 0.0096686 0.0108737 0.0136321 0.0108737 0.0122784 0.0758929 0.0911542 
Lvex_CASQ1         0.0508325 0.0765064 0.0633163 0.0641526 0.0498650 0.0541105 0.0539783 0.0476463 0.0692133 0.0514503 0.0347046 0.0243137 0.0735679 0.0296092 0.0378727 0.0318824 0.0335325 0.0471080 0.0842402 0.0774048 0.0721183 0.0641265 0.0380015 0.0271019 0.0355489 0.0389830 0.0625126 0.0901319 0.0300838 0.0577207 0.0513257 0.0367469 0.0371354 0.0300848 0.0280095 0.0342124 0.0416440 0.0335706 0.0298785 0.0304790 0.0000000 0.0696273 0.0648453 0.0591004 0.0708414 0.0455059 0.0783869 0.0863032 0.0660613 0.0681519 0.0730610 0.0443577 0.0624055 0.0715414 0.0652859 0.0659678 0.0520565 0.0243407 0.0295452 0.0441064 0.0262549 0.0585207 0.0329061 0.0614589 0.0399161 0.0442981 0.0607042 0.0402322 0.0414017 0.0347573 0.0361856 0.0374051 0.0327046 0.0362753 0.0388500 0.0393722 0.0335325 0.0374051 0.0326439 0.0371992 0.0298419 0.0326456 0.0298419 0.0336882 0.0549415 0.0768011 
Mbid_CASQ1         0.0698557 0.0212088 0.0192986 0.0776924 0.0754491 0.0754491 0.0772001 0.0773045 0.0812751 0.0830889 0.0825882 0.0871435 0.1020014 0.0994570 0.0973545 0.0955794 0.0925855 0.0926973 0.0888770 0.0870832 0.0849921 0.0942376 0.1011681 0.0914800 0.1011681 0.0977340 0.0073090 0.0166044 0.0902271 0.0616622 0.0540616 0.0918573 0.1002330 0.0847480 0.0898739 0.1000563 0.1049437 0.0808245 0.0829211 0.0913090 0.0696273 0.0000000 0.0036509 0.0000010 0.0038184 0.0265341 0.0261082 0.0060487 0.0082615 0.0036495 0.0156214 0.0886247 0.0000010 0.0073283 0.0034131 0.1459878 0.0977560 0.0872608 0.0888241 0.0960216 0.0789537 0.0617555 0.1020168 0.1094877 0.0941702 0.1021382 0.0654238 0.0959022 0.0913227 0.0974856 0.0925855 0.0925855 0.0914800 0.0928183 0.1004908 0.1054182 0.0925855 0.0925855 0.0955794 0.0925855 0.0955794 0.0955794 0.0955794 0.1033659 0.0073217 0.0215409 
Mbow_CASQ1         0.0788274 0.0255481 0.0238328 0.0787734 0.0808938 0.0837421 0.0818550 0.0819558 0.0819437 0.0819321 0.0782137 0.0783959 0.1074860 0.0873296 0.0894657 0.0881653 0.0853151 0.0818270 0.0921739 0.0890745 0.0852380 0.0970696 0.0929994 0.0819416 0.0897709 0.0897709 0.0130943 0.0250963 0.1032824 0.0584470 0.0478816 0.0892278 0.0923942 0.0807196 0.0836981 0.0889617 0.0961800 0.0749305 0.0749305 0.0834503 0.0648453 0.0036509 0.0000000 0.0032528 0.0094307 0.0249762 0.0246459 0.0121713 0.0109227 0.0090931 0.0185571 0.0818270 0.0065109 0.0121524 0.0065289 0.1315336 0.0895343 0.0784818 0.0819850 0.0918503 0.0807914 0.0681260 0.0903826 0.1154112 0.0842991 0.0971645 0.0619880 0.0913543 0.0842991 0.0854993 0.0887855 0.0881653 0.0819416 0.0890440 0.0922910 0.1130715 0.0853151 0.0881653 0.0853151 0.0881653 0.0853151 0.0888489 0.0853151 0.0819949 0.0122353 0.0254307 
Mcar_CASQ1         0.0732003 0.0212088 0.0182879 0.0849767 0.0795025 0.0795025 0.0806967 0.0763878 0.0763750 0.0763695 0.0740691 0.0727983 0.1081857 0.0812265 0.0888458 0.0797886 0.0797886 0.0762702 0.0878929 0.0843209 0.0797168 0.0916039 0.0878526 0.0799241 0.0878526 0.0878526 0.0092882 0.0166044 0.0917978 0.0553097 0.0453212 0.0854146 0.0884489 0.0727983 0.0781874 0.0883087 0.0907486 0.0727672 0.0727672 0.0762646 0.0591004 0.0000010 0.0032528 0.0000000 0.0067760 0.0223005 0.0220008 0.0060487 0.0072567 0.0065152 0.0139400 0.0762702 0.0030795 0.0097977 0.0032542 0.1303406 0.0888951 0.0764134 0.0808333 0.0864782 0.0770621 0.0553696 0.0884598 0.1094877 0.0833284 0.0917592 0.0586584 0.0876080 0.0824117 0.0844723 0.0797886 0.0844025 0.0799241 0.0835395 0.0868400 0.1054182 0.0797886 0.0844025 0.0833505 0.0844025 0.0797886 0.0797886 0.0797886 0.0842689 0.0061866 0.0204873 
Mden_CASQ1         0.0747785 0.0219984 0.0245544 0.0820330 0.0760170 0.0785435 0.0779302 0.0780275 0.0780146 0.0780072 0.0851368 0.0849655 0.1043742 0.0860257 0.0891947 0.0878282 0.0849046 0.0885385 0.0872609 0.0853692 0.0814241 0.0935938 0.0928381 0.0814158 0.0895094 0.0895094 0.0136299 0.0166044 0.0995454 0.0683359 0.0572502 0.0969022 0.0922250 0.0878964 0.0903070 0.0886748 0.0961404 0.0813479 0.0813479 0.0903627 0.0708414 0.0038184 0.0094307 0.0067760 0.0000000 0.0292105 0.0288068 0.0061047 0.0150725 0.0126549 0.0230593 0.0885385 0.0033835 0.0094486 0.0102013 0.0879948 0.0892554 0.0850633 0.0887219 0.0989651 0.0879733 0.0710104 0.0901404 0.1094877 0.0838604 0.0971584 0.0647833 0.0911361 0.0838604 0.0861659 0.0884933 0.0878282 0.0814158 0.0887598 0.0921184 0.1075480 0.0849046 0.0878282 0.0849046 0.0878282 0.0849046 0.0885586 0.0849046 0.0907692 0.0158893 0.0288833 
