86
Bacu_CASQ2         0.0000000 0.0657808 0.0570926 0.0113041 0.0330390 0.0419467 0.0440944 0.0304647 0.0363495 0.0249913 0.0635539 0.0678855 0.0605590 0.0599392 0.0632389 0.0599392 0.0714522 0.0696782 0.0653013 0.0475548 0.0655452 0.0297249 0.0601948 0.0628392 0.0756023 0.0581717 0.0561327 0.0800697 0.0914548 0.0859436 0.0762110 0.0665868 0.0567666 0.0706984 0.0753256 0.0600153 0.0524247 0.0597135 0.0597446 0.0689934 0.0763647 0.0590644 0.0621032 0.0632882 0.0531955 0.0474226 0.0928727 0.0811667 0.0605377 0.0793260 0.0696782 0.0653875 0.0791161 0.0737984 0.0689323 0.0556974 0.0694959 0.0603155 0.0638377 0.1220733 0.0582096 0.0670120 0.0553684 0.0840230 0.0630352 0.0573345 0.0855266 0.0661404 0.0835404 0.0792506 0.0770134 0.0538844 0.0647082 0.0648926 0.0790639 0.0572865 0.0729455 0.0570394 0.0733880 0.0604560 0.0681491 0.0570394 0.0550614 0.0623671 0.0499078 0.0672997 
Barn_CASQ2         0.0657808 0.0000000 0.0098320 0.0608287 0.0655664 0.0818821 0.0818821 0.0557538 0.0099913 0.0445771 0.0666793 0.0610431 0.0705822 0.0613205 0.0613205 0.0613205 0.0661992 0.0929032 0.0455964 0.0320667 0.0503639 0.0614991 0.0611044 0.0661204 0.0664642 0.0664642 0.0315066 0.0520579 0.1058307 0.0911426 0.0659421 0.0664399 0.0560806 0.0699799 0.0661399 0.0565261 0.0560806 0.0560806 0.0609923 0.0598164 0.0344134 0.0359973 0.0453658 0.0656171 0.0267968 0.0313870 0.0422078 0.0498556 0.0405878 0.0404545 0.0929032 0.0422947 0.0548037 0.0453236 0.0652305 0.0442746 0.0565608 0.0619825 0.0713067 0.1522467 0.0414255 0.0662140 0.0374535 0.0600678 0.0664642 0.0414255 0.0805763 0.0600678 0.0600678 0.0664346 0.0706607 0.0513358 0.0513358 0.0565261 0.0668444 0.0619413 0.0667794 0.0565261 0.0619413 0.0619413 0.0613922 0.0565261 0.0515967 0.0361569 0.0515967 0.0266865 
Bbai76728_CASQ2    0.0570926 0.0098320 0.0000000 0.0538892 0.0535651 0.0642162 0.0642162 0.0501633 0.0148046 0.0420370 0.0547036 0.0542791 0.0614763 0.0474644 0.0476005 0.0474644 0.0582189 0.0751539 0.0370147 0.0346960 0.0402139 0.0544353 0.0474850 0.0506711 0.0583916 0.0508439 0.0274499 0.0398346 0.0800249 0.0702504 0.0505951 0.0542185 0.0440199 0.0559296 0.0581795 0.0442547 0.0440199 0.0440199 0.0472912 0.0565502 0.0342204 0.0304948 0.0367977 0.0406476 0.0242719 0.0273794 0.0492807 0.0455277 0.0335953 0.0395618 0.0751539 0.0375501 0.0410997 0.0456519 0.0536831 0.0426472 0.0578782 0.0511218 0.0576201 0.1190020 0.0405333 0.0513913 0.0476178 0.0610242 0.0508439 0.0374085 0.0606020 0.0502379 0.0665054 0.0622303 0.0655845 0.0408358 0.0507022 0.0489056 0.0659690 0.0477802 0.0576980 0.0442547 0.0626862 0.0479182 0.0545205 0.0442547 0.0416462 0.0337413 0.0409749 0.0347858 
BbonAUS_CASQ2      0.0113041 0.0608287 0.0538892 0.0000000 0.0287698 0.0380144 0.0380144 0.0347529 0.0363664 0.0305766 0.0683821 0.0647377 0.0570268 0.0601992 0.0603638 0.0601992 0.0684851 0.0767131 0.0687025 0.0505592 0.0655581 0.0263444 0.0602274 0.0632574 0.0686851 0.0634647 0.0532948 0.0721406 0.0889246 0.0828308 0.0733294 0.0667114 0.0568543 0.0632075 0.0684405 0.0571424 0.0568543 0.0568543 0.0599932 0.0758532 0.0680242 0.0562348 0.0624770 0.0677737 0.0500838 0.0531609 0.0866436 0.0743633 0.0592777 0.0706522 0.0767131 0.0659968 0.0754786 0.0709935 0.0661116 0.0556598 0.0702863 0.0605982 0.0699761 0.1187945 0.0603213 0.0641119 0.0553684 0.0763389 0.0634647 0.0572963 0.0826610 0.0692948 0.0788475 0.0723162 0.0684062 0.0538176 0.0613851 0.0619438 0.0726020 0.0574045 0.0700664 0.0571424 0.0656158 0.0575621 0.0650040 0.0571424 0.0548346 0.0533048 0.0539924 0.0605277 
Bbor_CASQ2         0.0330390 0.0655664 0.0535651 0.0287698 0.0000000 0.0135917 0.0142694 0.0217520 0.0315713 0.0471784 0.0681981 0.0544131 0.0496909 0.0570514 0.0601894 0.0570514 0.0647161 0.0696240 0.0651344 0.0509481 0.0653693 0.0295175 0.0572938 0.0599463 0.0684557 0.0601324 0.0529957 0.0718726 0.0913999 0.0823373 0.0698834 0.0636508 0.0538968 0.0628947 0.0682131 0.0569789 0.0538968 0.0566925 0.0568658 0.0718323 0.0591885 0.0559186 0.0590846 0.0628908 0.0502323 0.0502933 0.0924732 0.0738789 0.0574616 0.0744769 0.0696240 0.0620477 0.0673972 0.0669284 0.0657331 0.0588863 0.0665548 0.0604294 0.0664902 0.1344590 0.0570003 0.0639233 0.0632080 0.0800770 0.0601324 0.0541428 0.0821698 0.0685709 0.0832740 0.0720726 0.0727915 0.0510189 0.0580171 0.0617594 0.0791769 0.0543901 0.0698585 0.0541555 0.0696739 0.0573959 0.0614283 0.0541555 0.0521329 0.0591911 0.0511760 0.0599504 
Bede66737_CASQ2    0.0419467 0.0818821 0.0642162 0.0380144 0.0135917 0.0000000 0.0000010 0.0246922 0.0413434 0.0592967 0.0835728 0.0649770 0.0537524 0.0664775 0.0701823 0.0664775 0.0755405 0.0794809 0.0748704 0.0623331 0.0755952 0.0262486 0.0667662 0.0694179 0.0799795 0.0696389 0.0629198 0.0848359 0.0983397 0.0894260 0.0801095 0.0733014 0.0632330 0.0667444 0.0796786 0.0668958 0.0632330 0.0665556 0.0662607 0.0816233 0.0682309 0.0658859 0.0686591 0.0673141 0.0595856 0.0596602 0.1135531 0.0856237 0.0672127 0.0893547 0.0794809 0.0726702 0.0796785 0.0779421 0.0753859 0.0688607 0.0762504 0.0669051 0.0761663 0.1398494 0.0664757 0.0740843 0.0720306 0.0932834 0.0696389 0.0635760 0.0927003 0.0782595 0.0985645 0.0836790 0.0772621 0.0603125 0.0687120 0.0720476 0.0855578 0.0638217 0.0800724 0.0635402 0.0827468 0.0673959 0.0721995 0.0635402 0.0616474 0.0692721 0.0605007 0.0713436 
BedeAUS_CASQ2      0.0440944 0.0818821 0.0642162 0.0380144 0.0142694 0.0000010 0.0000000 0.0259336 0.0413434 0.0633825 0.0835728 0.0685504 0.0537524 0.0699882 0.0701823 0.0699882 0.0797325 0.0837538 0.0788055 0.0663214 0.0755952 0.0262486 0.0700248 0.0730858 0.0799795 0.0733318 0.0629198 0.0848359 0.0992030 0.0894260 0.0801095 0.0766430 0.0665556 0.0667444 0.0796786 0.0668958 0.0665556 0.0665556 0.0697490 0.0859650 0.0682309 0.0658859 0.0722466 0.0718725 0.0596255 0.0627595 0.1135531 0.0856237 0.0689767 0.0893547 0.0837538 0.0768817 0.0796785 0.0822167 0.0760476 0.0692141 0.0803377 0.0704651 0.0802396 0.1398494 0.0699919 0.0740843 0.0720306 0.0932834 0.0733318 0.0669386 0.0927003 0.0790612 0.0985645 0.0836790 0.0772621 0.0634797 0.0725188 0.0720476 0.0855578 0.0672078 0.0800724 0.0668958 0.0827468 0.0673959 0.0762078 0.0668958 0.0646951 0.0692721 0.0636884 0.0713436 
Bmus_CASQ2         0.0304647 0.0557538 0.0501633 0.0347529 0.0217520 0.0246922 0.0259336 0.0000000 0.0315543 0.0396621 0.0487575 0.0439303 0.0497136 0.0476338 0.0502088 0.0476338 0.0539295 0.0610435 0.0591742 0.0438955 0.0591163 0.0228164 0.0478309 0.0504712 0.0569779 0.0467842 0.0496870 0.0597131 0.0943728 0.0854099 0.0596285 0.0539847 0.0445824 0.0506256 0.0567890 0.0470879 0.0412305 0.0468554 0.0474799 0.0576248 0.0631782 0.0525923 0.0558835 0.0586063 0.0471126 0.0471692 0.0802170 0.0699843 0.0542043 0.0701825 0.0610435 0.0585015 0.0710132 0.0632743 0.0521262 0.0524933 0.0568327 0.0479207 0.0524425 0.1139295 0.0523961 0.0537599 0.0468133 0.0675057 0.0506233 0.0510501 0.0720533 0.0547216 0.0646897 0.0604952 0.0584063 0.0417617 0.0473910 0.0514879 0.0530424 0.0479140 0.0596135 0.0447929 0.0606859 0.0505211 0.0507094 0.0447929 0.0426556 0.0558244 0.0387317 0.0561793 
Bmys_CASQ2         0.0363495 0.0099913 0.0148046 0.0363664 0.0315713 0.0413434 0.0413434 0.0315543 0.0000000 0.0341684 0.0207861 0.0324505 0.0268554 0.0222501 0.0222501 0.0222501 0.0268949 0.0271369 0.0087554 0.0131872 0.0087554 0.0331760 0.0268448 0.0268448 0.0324859 0.0268448 0.0268888 0.0190221 0.0450268 0.0405664 0.0360018 0.0268822 0.0222501 0.0250892 0.0323456 0.0177703 0.0222501 0.0222501 0.0222501 0.0360345 0.0371195 0.0313616 0.0313652 0.0331479 0.0222346 0.0222346 0.0663958 0.0550692 0.0313616 0.0473726 0.0271369 0.0361220 0.0405076 0.0437991 0.0271386 0.0271386 0.0363856 0.0222995 0.0315849 0.0432024 0.0222119 0.0271742 0.0278001 0.0332862 0.0268448 0.0177663 0.0364427 0.0271386 0.0258481 0.0325019 0.0240636 0.0177703 0.0270658 0.0230075 0.0350362 0.0177703 0.0268641 0.0177703 0.0262771 0.0177703 0.0214723 0.0177703 0.0180338 0.0267950 0.0177703 0.0434823 
Bphy_CASQ2         0.0249913 0.0445771 0.0420370 0.0305766 0.0471784 0.0592967 0.0633825 0.0396621 0.0341684 0.0000000 0.0236892 0.0558492 0.0454702 0.0513019 0.0549906 0.0513019 0.0651077 0.0517210 0.0504480 0.0542239 0.0538235 0.0366149 0.0477497 0.0511959 0.0600692 0.0473604 0.0502369 0.0467982 0.0588714 0.0582475 0.0627430 0.0557990 0.0435130 0.0521391 0.0699191 0.0508218 0.0435130 0.0464470 0.0435130 0.0546664 0.0703081 0.0540768 0.0468882 0.0469563 0.0468519 0.0431818 0.0951624 0.0785591 0.0523097 0.0676793 0.0517210 0.0490635 0.0642635 0.0688068 0.0552087 0.0552087 0.0592637 0.0473841 0.0593036 0.0586633 0.0358128 0.0556177 0.0645252 0.0653797 0.0473604 0.0322250 0.0629871 0.0552087 0.0667428 0.0702577 0.0714564 0.0436047 0.0561216 0.0568753 0.0556519 0.0475831 0.0634034 0.0475831 0.0659892 0.0510019 0.0606937 0.0475831 0.0448323 0.0459568 0.0437768 0.0599083 
Ccom40_CASQ2       0.0635539 0.0666793 0.0547036 0.0683821 0.0681981 0.0835728 0.0835728 0.0487575 0.0207861 0.0236892 0.0000000 0.0095338 0.0703339 0.0129338 0.0129338 0.0129338 0.0144246 0.0638111 0.0626743 0.0357461 0.0579854 0.0610575 0.0171850 0.0215803 0.0241904 0.0216769 0.0491247 0.0563939 0.0731707 0.0689339 0.0398224 0.0261398 0.0042591 0.0164865 0.0192772 0.0172812 0.0042591 0.0042591 0.0085518 0.0490830 0.0657399 0.0488912 0.0582261 0.0572923 0.0443217 0.0489389 0.0768427 0.0602424 0.0536703 0.0769491 0.0638111 0.0534929 0.0651855 0.0598895 0.0585470 0.0520884 0.0172859 0.0218362 0.0351866 0.1480750 0.0542305 0.0260300 0.0311137 0.0658871 0.0216769 0.0542305 0.0635296 0.0538436 0.0658871 0.0341615 0.0343886 0.0128471 0.0192329 0.0217136 0.0280704 0.0218294 0.0307565 0.0172812 0.0292381 0.0218294 0.0192767 0.0172812 0.0172812 0.0536072 0.0172812 0.0599189 
Chea7320_CASQ2     0.0678855 0.0610431 0.0542791 0.0647377 0.0544131 0.0649770 0.0685504 0.0439303 0.0324505 0.0558492 0.0095338 0.0000000 0.0679378 0.0122024 0.0128332 0.0122024 0.0152835 0.0577965 0.0571875 0.0428096 0.0567573 0.0578073 0.0183091 0.0214308 0.0226184 0.0214987 0.0534133 0.0477553 0.0894402 0.0828103 0.0327134 0.0247489 0.0030149 0.0069513 0.0160664 0.0160661 0.0030149 0.0031692 0.0060469 0.0440693 0.0638763 0.0567290 0.0605166 0.0549257 0.0504872 0.0505566 0.0746769 0.0639799 0.0586269 0.0707414 0.0577965 0.0566033 0.0705935 0.0571164 0.0538212 0.0491766 0.0152784 0.0184712 0.0246846 0.1093462 0.0544506 0.0225657 0.0308150 0.0518772 0.0214987 0.0480272 0.0567923 0.0505206 0.0603856 0.0259255 0.0241852 0.0121446 0.0152534 0.0193551 0.0287843 0.0184675 0.0294799 0.0152756 0.0218427 0.0194307 0.0183667 0.0152756 0.0121842 0.0604501 0.0121842 0.0566992 
Cmar59905_CASQ2    0.0605590 0.0705822 0.0614763 0.0570268 0.0496909 0.0537524 0.0537524 0.0497136 0.0268554 0.0454702 0.0703339 0.0679378 0.0000000 0.0681568 0.0681568 0.0681568 0.0716857 0.0949305 0.0670422 0.0499582 0.0635184 0.0434514 0.0679852 0.0716272 0.0718972 0.0718972 0.0602337 0.0754593 0.0934098 0.0865455 0.0794932 0.0756072 0.0643231 0.0709487 0.0716388 0.0646917 0.0643231 0.0643231 0.0678952 0.0747062 0.0678134 0.0635502 0.0708493 0.0845716 0.0565694 0.0600624 0.0925406 0.0775202 0.0670006 0.0792485 0.0949305 0.0716834 0.0743830 0.0741634 0.0824017 0.0712376 0.0647235 0.0650626 0.0753857 0.1436896 0.0576128 0.0716995 0.0639332 0.0845706 0.0718972 0.0542141 0.0941600 0.0787541 0.0884294 0.0755237 0.0822247 0.0608812 0.0645998 0.0683742 0.0851951 0.0650304 0.0755740 0.0646917 0.0735649 0.0650304 0.0682150 0.0646917 0.0611052 0.0673215 0.0611052 0.0565945 
Dcap108471_CASQ2   0.0599392 0.0613205 0.0474644 0.0601992 0.0570514 0.0664775 0.0699882 0.0476338 0.0222501 0.0513019 0.0129338 0.0122024 0.0681568 0.0000000 0.0000010 0.0000010 0.0030120 0.0571504 0.0535332 0.0438907 0.0531990 0.0579986 0.0108628 0.0135359 0.0161126 0.0135734 0.0471700 0.0479293 0.0850259 0.0792909 0.0230468 0.0108509 0.0080909 0.0176137 0.0031644 0.0028040 0.0080909 0.0084908 0.0108147 0.0418838 0.0596465 0.0501010 0.0535277 0.0517171 0.0447067 0.0447606 0.0689682 0.0639892 0.0517855 0.0710188 0.0571504 0.0462199 0.0568723 0.0572930 0.0534885 0.0433522 0.0191941 0.0136354 0.0135194 0.0979609 0.0510562 0.0143868 0.0472886 0.0598658 0.0135734 0.0453735 0.0563183 0.0505548 0.0697838 0.0127647 0.0119137 0.0053746 0.0091280 0.0057633 0.0112645 0.0053816 0.0171963 0.0026726 0.0071563 0.0056603 0.0060330 0.0026726 0.0054538 0.0533457 0.0053601 0.0568839 
Dcap79929_CASQ2    0.0632389 0.0613205 0.0476005 0.0603638 0.0601894 0.0701823 0.0701823 0.0502088 0.0222501 0.0549906 0.0129338 0.0128332 0.0681568 0.0000010 0.0000000 0.0000010 0.0031660 0.0603010 0.0564430 0.0467813 0.0533417 0.0579986 0.0113602 0.0142435 0.0161126 0.0142851 0.0472960 0.0479293 0.0855872 0.0795120 0.0231064 0.0113384 0.0085123 0.0176137 0.0031644 0.0028109 0.0085123 0.0085123 0.0113794 0.0410351 0.0596465 0.0502348 0.0564364 0.0552500 0.0441195 0.0471775 0.0689682 0.0639892 0.0532642 0.0710188 0.0603010 0.0489828 0.0570559 0.0603780 0.0532319 0.0425625 0.0202111 0.0143538 0.0142252 0.0982762 0.0538539 0.0143868 0.0472886 0.0598658 0.0142851 0.0478596 0.0564699 0.0501512 0.0697838 0.0127647 0.0119137 0.0056526 0.0095996 0.0057633 0.0112645 0.0056603 0.0172404 0.0028109 0.0071563 0.0056603 0.0063420 0.0028109 0.0057047 0.0534892 0.0056364 0.0568839 
DdelSJR_CASQ2      0.0599392 0.0613205 0.0474644 0.0601992 0.0570514 0.0664775 0.0699882 0.0476338 0.0222501 0.0513019 0.0129338 0.0122024 0.0681568 0.0000010 0.0000010 0.0000000 0.0030120 0.0571504 0.0535332 0.0438907 0.0531990 0.0579986 0.0108628 0.0135359 0.0161126 0.0135734 0.0471700 0.0479293 0.0850259 0.0792909 0.0230468 0.0108509 0.0080909 0.0176137 0.0031644 0.0028040 0.0080909 0.0084908 0.0108147 0.0418838 0.0596465 0.0501010 0.0535277 0.0517171 0.0447067 0.0447606 0.0689682 0.0639892 0.0517855 0.0710188 0.0571504 0.0462199 0.0568723 0.0572930 0.0534885 0.0433522 0.0191941 0.0136354 0.0135194 0.0979609 0.0510562 0.0143868 0.0472886 0.0598658 0.0135734 0.0453735 0.0563183 0.0505548 0.0697838 0.0127647 0.0119137 0.0053746 0.0091280 0.0057633 0.0112645 0.0053816 0.0171963 0.0026726 0.0071563 0.0056603 0.0060330 0.0026726 0.0054538 0.0533457 0.0053601 0.0568839 
Ddeltrop4525_CASQ2 0.0714522 0.0661992 0.0582189 0.0684851 0.0647161 0.0755405 0.0797325 0.0539295 0.0268949 0.0651077 0.0144246 0.0152835 0.0716857 0.0030120 0.0031660 0.0030120 0.0000000 0.0682946 0.0606539 0.0510718 0.0603991 0.0615193 0.0152496 0.0183594 0.0193760 0.0184173 0.0501388 0.0517225 0.0999711 0.0941226 0.0294237 0.0152726 0.0121879 0.0211846 0.0063421 0.0063420 0.0121879 0.0128170 0.0152775 0.0408610 0.0555409 0.0534610 0.0574017 0.0552764 0.0473877 0.0474527 0.0689682 0.0605038 0.0552753 0.0666865 0.0682946 0.0530820 0.0664655 0.0540095 0.0639537 0.0527211 0.0122161 0.0153840 0.0151843 0.1184605 0.0579381 0.0193308 0.0554092 0.0637304 0.0184173 0.0514853 0.0675165 0.0605975 0.0743027 0.0159897 0.0159256 0.0091038 0.0121962 0.0095492 0.0112645 0.0091162 0.0193918 0.0060330 0.0107597 0.0095866 0.0030100 0.0060330 0.0090758 0.0571658 0.0090758 0.0603370 
Dleu_CASQ2         0.0696782 0.0929032 0.0751539 0.0767131 0.0696240 0.0794809 0.0837538 0.0610435 0.0271369 0.0517210 0.0638111 0.0577965 0.0949305 0.0571504 0.0603010 0.0571504 0.0682946 0.0000000 0.0754839 0.0478682 0.0762461 0.0811889 0.0573938 0.0600516 0.0722655 0.0555859 0.0728833 0.0768654 0.0998498 0.0945565 0.0633959 0.0637657 0.0479674 0.0590454 0.0720041 0.0570829 0.0443186 0.0504444 0.0509088 0.0610179 0.0952859 0.0758793 0.0782349 0.0862925 0.0689745 0.0690631 0.1077632 0.1015863 0.0772686 0.1041646 0.0000010 0.0730162 0.0882466 0.0854278 0.0552695 0.0529191 0.0666765 0.0605366 0.0612441 0.1071100 0.0705651 0.0640449 0.0558804 0.0644856 0.0602384 0.0707234 0.0630761 0.0525232 0.0703999 0.0759119 0.0776631 0.0511051 0.0615502 0.0618777 0.0800872 0.0544830 0.0737078 0.0542485 0.0698836 0.0575017 0.0649881 0.0542485 0.0522222 0.0762640 0.0473299 0.0865082 
EausAUS_CASQ2      0.0653013 0.0455964 0.0370147 0.0687025 0.0651344 0.0748704 0.0788055 0.0591742 0.0087554 0.0504480 0.0626743 0.0571875 0.0670422 0.0535332 0.0564430 0.0535332 0.0606539 0.0754839 0.0000000 0.0032491 0.0027982 0.0643682 0.0537572 0.0563914 0.0641095 0.0565636 0.0495113 0.0512216 0.0836058 0.0779136 0.0623048 0.0600045 0.0504337 0.0625039 0.0570241 0.0532834 0.0504337 0.0530189 0.0533604 0.0560494 0.0626401 0.0524048 0.0558233 0.0506883 0.0469557 0.0470119 0.0730629 0.0698705 0.0540145 0.0693118 0.0754839 0.0520436 0.0632831 0.0565402 0.0622722 0.0525121 0.0628724 0.0568392 0.0626189 0.1131563 0.0474387 0.0569408 0.0386411 0.0676318 0.0565636 0.0446431 0.0721634 0.0593034 0.0689548 0.0605530 0.0633231 0.0475931 0.0540521 0.0547076 0.0783042 0.0538522 0.0659598 0.0506731 0.0687869 0.0567990 0.0574095 0.0506731 0.0456473 0.0556223 0.0477376 0.0559501 
Egla13086_CASQ2    0.0475548 0.0320667 0.0346960 0.0505592 0.0509481 0.0623331 0.0663214 0.0438955 0.0131872 0.0542239 0.0357461 0.0428096 0.0499582 0.0438907 0.0467813 0.0438907 0.0510718 0.0478682 0.0032491 0.0000000 0.0034446 0.0464559 0.0441088 0.0473055 0.0500463 0.0437769 0.0501817 0.0425011 0.0654436 0.0613621 0.0538927 0.0479204 0.0367828 0.0370594 0.0459419 0.0429965 0.0367828 0.0390573 0.0367828 0.0507682 0.0625689 0.0537403 0.0505971 0.0413427 0.0470322 0.0436141 0.0786025 0.0718163 0.0521080 0.0657386 0.0478682 0.0494440 0.0634279 0.0549790 0.0440978 0.0440978 0.0511371 0.0403164 0.0511720 0.0491924 0.0367449 0.0434990 0.0467014 0.0433265 0.0437769 0.0334003 0.0505207 0.0440978 0.0403275 0.0546914 0.0505012 0.0368532 0.0429954 0.0443894 0.0554888 0.0404719 0.0544112 0.0404719 0.0484896 0.0431359 0.0470881 0.0404719 0.0342676 0.0502660 0.0369869 0.0584586 
Ejap43864_CASQ2    0.0655452 0.0503639 0.0402139 0.0655581 0.0653693 0.0755952 0.0755952 0.0591163 0.0087554 0.0538235 0.0579854 0.0567573 0.0635184 0.0531990 0.0533417 0.0531990 0.0603991 0.0762461 0.0027982 0.0034446 0.0000000 0.0608110 0.0532220 0.0561969 0.0605659 0.0563769 0.0464858 0.0550620 0.0806878 0.0747419 0.0591948 0.0595428 0.0499506 0.0586445 0.0535182 0.0501993 0.0499506 0.0499506 0.0530189 0.0558399 0.0585363 0.0493748 0.0556035 0.0497438 0.0433675 0.0463714 0.0671514 0.0663682 0.0523510 0.0650204 0.0762461 0.0515998 0.0596019 0.0560831 0.0591813 0.0488616 0.0629969 0.0566651 0.0627303 0.1131563 0.0468126 0.0538103 0.0386411 0.0636778 0.0563769 0.0438817 0.0689885 0.0560846 0.0644189 0.0570286 0.0588926 0.0469722 0.0534618 0.0515363 0.0719384 0.0535315 0.0628096 0.0501993 0.0647640 0.0536761 0.0569891 0.0501993 0.0447386 0.0525683 0.0471218 0.0525150 
Erob133443_CASQ2   0.0297249 0.0614991 0.0544353 0.0263444 0.0295175 0.0262486 0.0262486 0.0228164 0.0331760 0.0366149 0.0610575 0.0578073 0.0434514 0.0579986 0.0579986 0.0579986 0.0615193 0.0811889 0.0643682 0.0464559 0.0608110 0.0000000 0.0578500 0.0614642 0.0616932 0.0616932 0.0537198 0.0645074 0.0943676 0.0834536 0.0656261 0.0653715 0.0542219 0.0587616 0.0614799 0.0545324 0.0542219 0.0542219 0.0577731 0.0753997 0.0640805 0.0570550 0.0641471 0.0681943 0.0500767 0.0535667 0.0878338 0.0710425 0.0605095 0.0712293 0.0811889 0.0684125 0.0797410 0.0676679 0.0724865 0.0645477 0.0545559 0.0548394 0.0651842 0.1406840 0.0579517 0.0615268 0.0468133 0.0854718 0.0616932 0.0545303 0.0950734 0.0794995 0.0895655 0.0617135 0.0679407 0.0507827 0.0544534 0.0581779 0.0720697 0.0548155 0.0653462 0.0545324 0.0620297 0.0548155 0.0580473 0.0545324 0.0509696 0.0608004 0.0509696 0.0572067 
Fatt_CASQ2         0.0601948 0.0611044 0.0474850 0.0602274 0.0572938 0.0667662 0.0700248 0.0478309 0.0268448 0.0477497 0.0171850 0.0183091 0.0679852 0.0108628 0.0113602 0.0108628 0.0152496 0.0573938 0.0537572 0.0441088 0.0532220 0.0578500 0.0000000 0.0026913 0.0031782 0.0026987 0.0471891 0.0477942 0.0850745 0.0793360 0.0172069 0.0109207 0.0135701 0.0210872 0.0160286 0.0085099 0.0135701 0.0141910 0.0163241 0.0447777 0.0639299 0.0501219 0.0537517 0.0473648 0.0448907 0.0449451 0.0686767 0.0706805 0.0518070 0.0708009 0.0573938 0.0464300 0.0569029 0.0571559 0.0537121 0.0435366 0.0192697 0.0136885 0.0136559 0.0980346 0.0512710 0.0085470 0.0387973 0.0596981 0.0026987 0.0455633 0.0563435 0.0507651 0.0695598 0.0193434 0.0160389 0.0053951 0.0091064 0.0116331 0.0229354 0.0109218 0.0231962 0.0081376 0.0144767 0.0114248 0.0121840 0.0081376 0.0110026 0.0533689 0.0108772 0.0567405 
Ggri_CASQ2         0.0628392 0.0661204 0.0506711 0.0632574 0.0599463 0.0694179 0.0730858 0.0504712 0.0268448 0.0511959 0.0215803 0.0214308 0.0716272 0.0135359 0.0142435 0.0135359 0.0183594 0.0600516 0.0563914 0.0473055 0.0561969 0.0614642 0.0026913 0.0000000 0.0063787 0.0053823 0.0501558 0.0516680 0.0880209 0.0824040 0.0200849 0.0136578 0.0162329 0.0246950 0.0193014 0.0113525 0.0162329 0.0170375 0.0189845 0.0503945 0.0639299 0.0530873 0.0563851 0.0515219 0.0475347 0.0475923 0.0748225 0.0742921 0.0547017 0.0752773 0.0600516 0.0493395 0.0604794 0.0605253 0.0563444 0.0462769 0.0219527 0.0163745 0.0163353 0.1015532 0.0539340 0.0114311 0.0469358 0.0636690 0.0053823 0.0482454 0.0593274 0.0534023 0.0742270 0.0226456 0.0201353 0.0080677 0.0121821 0.0145872 0.0288447 0.0136094 0.0261080 0.0108164 0.0181667 0.0143251 0.0152802 0.0108164 0.0137941 0.0563515 0.0135539 0.0602834 
Gmac39091_CASQ2    0.0756023 0.0664642 0.0583916 0.0686851 0.0684557 0.0799795 0.0799795 0.0569779 0.0324859 0.0600692 0.0241904 0.0226184 0.0718972 0.0161126 0.0161126 0.0161126 0.0193760 0.0722655 0.0641095 0.0500463 0.0605659 0.0616932 0.0031782 0.0063787 0.0000000 0.0000010 0.0571953 0.0518736 0.1013546 0.0944327 0.0228116 0.0161543 0.0193222 0.0247856 0.0193655 0.0128725 0.0193222 0.0193222 0.0226084 0.0567790 0.0685002 0.0605336 0.0676591 0.0649096 0.0535263 0.0570317 0.0753012 0.0745700 0.0640008 0.0756270 0.0722655 0.0603376 0.0710185 0.0640208 0.0639596 0.0482819 0.0063448 0.0095910 0.0161157 0.1192174 0.0612699 0.0128042 0.0387973 0.0639300 0.0000010 0.0544410 0.0677101 0.0604247 0.0745867 0.0227216 0.0202192 0.0095910 0.0128527 0.0161534 0.0290192 0.0162175 0.0262482 0.0128725 0.0182348 0.0162175 0.0161244 0.0128725 0.0161384 0.0643091 0.0161384 0.0605024 
Gmel_CASQ2         0.0581717 0.0664642 0.0508439 0.0634647 0.0601324 0.0696389 0.0733318 0.0467842 0.0268448 0.0473604 0.0216769 0.0214987 0.0718972 0.0135734 0.0142851 0.0135734 0.0184173 0.0555859 0.0565636 0.0437769 0.0563769 0.0616932 0.0026987 0.0053823 0.0000010 0.0000000 0.0503148 0.0518736 0.0883115 0.0826853 0.0201444 0.0136960 0.0162780 0.0247856 0.0193655 0.0113853 0.0150838 0.0170873 0.0190376 0.0467175 0.0685002 0.0532561 0.0565573 0.0517422 0.0476770 0.0477350 0.0753012 0.0745700 0.0548718 0.0756270 0.0555859 0.0495029 0.0607138 0.0607354 0.0522106 0.0432558 0.0163079 0.0108131 0.0151722 0.1021533 0.0499459 0.0114645 0.0387973 0.0639300 0.0000010 0.0483923 0.0595187 0.0494918 0.0745867 0.0227216 0.0202192 0.0080897 0.0122200 0.0146309 0.0290192 0.0136473 0.0261868 0.0108462 0.0182348 0.0143671 0.0153281 0.0108462 0.0138331 0.0565325 0.0125927 0.0605024 
Hamp_CASQ2         0.0561327 0.0315066 0.0274499 0.0532948 0.0529957 0.0629198 0.0629198 0.0496870 0.0268888 0.0502369 0.0491247 0.0534133 0.0602337 0.0471700 0.0472960 0.0471700 0.0501388 0.0728833 0.0495113 0.0501817 0.0464858 0.0537198 0.0471891 0.0501558 0.0571953 0.0503148 0.0000000 0.0513557 0.0776690 0.0685551 0.0531436 0.0534537 0.0439625 0.0507842 0.0570046 0.0441809 0.0439625 0.0439625 0.0470097 0.0496148 0.0112188 0.0055773 0.0112151 0.0160041 0.0027806 0.0055755 0.0106664 0.0190361 0.0083783 0.0116374 0.0728833 0.0123934 0.0168452 0.0158601 0.0590664 0.0521182 0.0568511 0.0505706 0.0566162 0.1165512 0.0437412 0.0508184 0.0709306 0.0672191 0.0503148 0.0379001 0.0686514 0.0558194 0.0733961 0.0607275 0.0586199 0.0409948 0.0501151 0.0485007 0.0664134 0.0474619 0.0566873 0.0441809 0.0609499 0.0475895 0.0467465 0.0441809 0.0417528 0.0169162 0.0411251 0.0223734 
Igeo_CASQ2         0.0800697 0.0520579 0.0398346 0.0721406 0.0718726 0.0848359 0.0848359 0.0597131 0.0190221 0.0467982 0.0563939 0.0477553 0.0754593 0.0479293 0.0479293 0.0479293 0.0517225 0.0768654 0.0512216 0.0425011 0.0550620 0.0645074 0.0477942 0.0516680 0.0518736 0.0518736 0.0513557 0.0000000 0.1000851 0.0924560 0.0515775 0.0558155 0.0439163 0.0530495 0.0516876 0.0441894 0.0439163 0.0439163 0.0477266 0.0552168 0.0563570 0.0550014 0.0627409 0.0599096 0.0473907 0.0511960 0.0620734 0.0663985 0.0587725 0.0629648 0.0768654 0.0538362 0.0582055 0.0587942 0.0594467 0.0546896 0.0442071 0.0483225 0.0556463 0.1201896 0.0521790 0.0517257 0.0584391 0.0588241 0.0518736 0.0521790 0.0478278 0.0555580 0.0679130 0.0557522 0.0621209 0.0402106 0.0441173 0.0480845 0.0536246 0.0483017 0.0560392 0.0441894 0.0552833 0.0483017 0.0479721 0.0441894 0.0403702 0.0548219 0.0403702 0.0549694 
Kbre_CASQ2         0.0914548 0.1058307 0.0800249 0.0889246 0.0913999 0.0983397 0.0992030 0.0943728 0.0450268 0.0588714 0.0731707 0.0894402 0.0934098 0.0850259 0.0855872 0.0850259 0.0999711 0.0998498 0.0836058 0.0654436 0.0806878 0.0943676 0.0850745 0.0880209 0.1013546 0.0883115 0.0776690 0.1000851 0.0000000 0.0171170 0.0915606 0.0915438 0.0754634 0.0868396 0.1009422 0.0822510 0.0754634 0.0754090 0.0785425 0.0876132 0.1055796 0.0806086 0.0806203 0.0896139 0.0773478 0.0774479 0.1298099 0.1063685 0.0817892 0.1143063 0.0998498 0.0857231 0.0973859 0.1015607 0.0975914 0.0946800 0.0952194 0.0887654 0.0884713 0.1374266 0.0594177 0.0896744 0.0633086 0.1176840 0.0883115 0.0565842 0.1086748 0.0973334 0.1222085 0.1051114 0.1102799 0.0786747 0.0930022 0.0878802 0.1198345 0.0824206 0.0956193 0.0820457 0.1069688 0.0828734 0.0965859 0.0820457 0.0801268 0.0840622 0.0789240 0.0916811 
Ksim_CASQ2         0.0859436 0.0911426 0.0702504 0.0828308 0.0823373 0.0894260 0.0894260 0.0854099 0.0405664 0.0582475 0.0689339 0.0828103 0.0865455 0.0792909 0.0795120 0.0792909 0.0941226 0.0945565 0.0779136 0.0613621 0.0747419 0.0834536 0.0793360 0.0824040 0.0944327 0.0826853 0.0685551 0.0924560 0.0171170 0.0000000 0.0855048 0.0860340 0.0693985 0.0833264 0.0940567 0.0761892 0.0693985 0.0693985 0.0725896 0.0851169 0.0931786 0.0715005 0.0780494 0.0813906 0.0652515 0.0683812 0.1118642 0.0958992 0.0747857 0.1013810 0.0945565 0.0760007 0.0863820 0.0922122 0.0889319 0.0856085 0.0898169 0.0831268 0.0893895 0.1343323 0.0498130 0.0835338 0.0633086 0.1057210 0.0826853 0.0468782 0.0991969 0.0854150 0.1084262 0.0981839 0.1063056 0.0727137 0.0868365 0.0816396 0.1074122 0.0765497 0.0895078 0.0761892 0.0991411 0.0767640 0.0905772 0.0761892 0.0741101 0.0749001 0.0729533 0.0813084 
Lacu_CASQ2         0.0762110 0.0659421 0.0505951 0.0733294 0.0698834 0.0801095 0.0801095 0.0596285 0.0360018 0.0627430 0.0398224 0.0327134 0.0794932 0.0230468 0.0231064 0.0230468 0.0294237 0.0633959 0.0623048 0.0538927 0.0591948 0.0656261 0.0172069 0.0200849 0.0228116 0.0201444 0.0531436 0.0515775 0.0915606 0.0855048 0.0000000 0.0231012 0.0259100 0.0322315 0.0294071 0.0201429 0.0259100 0.0259100 0.0288625 0.0498345 0.0680644 0.0560745 0.0622963 0.0549812 0.0499431 0.0530105 0.0685656 0.0777197 0.0591077 0.0707173 0.0633959 0.0554370 0.0603753 0.0671922 0.0559747 0.0519992 0.0321522 0.0261531 0.0260841 0.0975833 0.0597669 0.0202847 0.0549866 0.0635319 0.0201444 0.0537780 0.0623353 0.0559836 0.0740425 0.0329761 0.0244893 0.0171648 0.0227747 0.0236746 0.0292803 0.0231819 0.0353018 0.0201429 0.0258033 0.0232422 0.0261215 0.0201429 0.0234246 0.0593571 0.0230802 0.0636811 
Lalb_CASQ2         0.0665868 0.0664399 0.0542185 0.0667114 0.0636508 0.0733014 0.0766430 0.0539847 0.0268822 0.0557990 0.0261398 0.0247489 0.0756072 0.0108509 0.0113384 0.0108509 0.0152726 0.0637657 0.0600045 0.0479204 0.0595428 0.0653715 0.0109207 0.0136578 0.0161543 0.0136960 0.0534537 0.0558155 0.0915438 0.0860340 0.0231012 0.0000000 0.0191830 0.0284462 0.0159952 0.0084720 0.0191830 0.0200026 0.0219774 0.0539026 0.0682703 0.0564023 0.0599971 0.0604537 0.0510001 0.0510631 0.0752620 0.0782492 0.0579473 0.0755983 0.0637657 0.0531925 0.0645408 0.0643999 0.0599543 0.0498465 0.0250214 0.0193531 0.0136410 0.1019139 0.0575419 0.0143799 0.0556964 0.0639124 0.0136960 0.0517745 0.0627039 0.0569648 0.0745576 0.0193021 0.0119394 0.0108953 0.0153867 0.0057650 0.0170202 0.0109097 0.0172011 0.0081286 0.0107843 0.0114027 0.0122022 0.0081286 0.0110174 0.0597071 0.0108653 0.0641072 
Laus_CASQ2         0.0567666 0.0560806 0.0440199 0.0568543 0.0538968 0.0632330 0.0665556 0.0445824 0.0222501 0.0435130 0.0042591 0.0030149 0.0643231 0.0080909 0.0085123 0.0080909 0.0121879 0.0479674 0.0504337 0.0367828 0.0499506 0.0542219 0.0135701 0.0162329 0.0193222 0.0162780 0.0439625 0.0439163 0.0754634 0.0693985 0.0259100 0.0191830 0.0000000 0.0069513 0.0128103 0.0113366 0.0000010 0.0000010 0.0026753 0.0388714 0.0596455 0.0468791 0.0504291 0.0473609 0.0416787 0.0417284 0.0685448 0.0604089 0.0487583 0.0663050 0.0479674 0.0460632 0.0566526 0.0537723 0.0445882 0.0402276 0.0219225 0.0163524 0.0218497 0.0901035 0.0479468 0.0172529 0.0308150 0.0479933 0.0162780 0.0422959 0.0469241 0.0417028 0.0558335 0.0226090 0.0241852 0.0080571 0.0121639 0.0145662 0.0228917 0.0135912 0.0260699 0.0108020 0.0181339 0.0143048 0.0152571 0.0108020 0.0082225 0.0500880 0.0080804 0.0531854 
Lbor_CASQ2         0.0706984 0.0699799 0.0559296 0.0632075 0.0628947 0.0667444 0.0667444 0.0506256 0.0250892 0.0521391 0.0164865 0.0069513 0.0709487 0.0176137 0.0176137 0.0176137 0.0211846 0.0590454 0.0625039 0.0370594 0.0586445 0.0587616 0.0210872 0.0246950 0.0247856 0.0247856 0.0507842 0.0530495 0.0868396 0.0833264 0.0322315 0.0284462 0.0069513 0.0000000 0.0211720 0.0211716 0.0069513 0.0069513 0.0034631 0.0471394 0.0666961 0.0546036 0.0622887 0.0697267 0.0507842 0.0545797 0.0737935 0.0625033 0.0585435 0.0745149 0.0590454 0.0579383 0.0695057 0.0583701 0.0543726 0.0451423 0.0211768 0.0249205 0.0247547 0.1026036 0.0632164 0.0210920 0.0308150 0.0531221 0.0247856 0.0557511 0.0583564 0.0505923 0.0628991 0.0284160 0.0324654 0.0175167 0.0211365 0.0248059 0.0392542 0.0249137 0.0360360 0.0211716 0.0283525 0.0249137 0.0247553 0.0211716 0.0175829 0.0624583 0.0175829 0.0585501 
Lhos30470_CASQ2    0.0753256 0.0661399 0.0581795 0.0684405 0.0682131 0.0796786 0.0796786 0.0567890 0.0323456 0.0699191 0.0192772 0.0160664 0.0716388 0.0031644 0.0031644 0.0031644 0.0063421 0.0720041 0.0570241 0.0459419 0.0535182 0.0614799 0.0160286 0.0193014 0.0193655 0.0193655 0.0570046 0.0516876 0.1009422 0.0940567 0.0294071 0.0159952 0.0128103 0.0211720 0.0000000 0.0063388 0.0128103 0.0128103 0.0160597 0.0498264 0.0637063 0.0603302 0.0674228 0.0648627 0.0533516 0.0568423 0.0748391 0.0674291 0.0637814 0.0752891 0.0720041 0.0601095 0.0707085 0.0638012 0.0637404 0.0519331 0.0128415 0.0161776 0.0159575 0.1183587 0.0610595 0.0193204 0.0472886 0.0636854 0.0193655 0.0542595 0.0674732 0.0602211 0.0742400 0.0159813 0.0159151 0.0095668 0.0128195 0.0095443 0.0169415 0.0095816 0.0193814 0.0063388 0.0107534 0.0095816 0.0095279 0.0063388 0.0095359 0.0640873 0.0095359 0.0602992 
Lhos452_CASQ2      0.0600153 0.0565261 0.0442547 0.0571424 0.0569789 0.0668958 0.0668958 0.0470879 0.0177703 0.0508218 0.0172812 0.0160661 0.0646917 0.0028040 0.0028109 0.0028040 0.0063420 0.0570829 0.0532834 0.0429965 0.0501993 0.0545324 0.0085099 0.0113525 0.0128725 0.0113853 0.0441809 0.0441894 0.0822510 0.0761892 0.0201429 0.0084720 0.0113366 0.0211716 0.0063388 0.0000000 0.0113366 0.0113366 0.0142073 0.0470119 0.0556065 0.0471119 0.0532777 0.0552500 0.0410293 0.0440707 0.0631287 0.0674269 0.0501271 0.0667704 0.0570829 0.0455368 0.0532649 0.0569700 0.0500962 0.0393744 0.0172586 0.0114398 0.0113379 0.0944001 0.0506777 0.0114951 0.0472886 0.0560645 0.0113853 0.0447048 0.0533083 0.0470328 0.0653504 0.0095604 0.0079281 0.0028158 0.0063906 0.0028775 0.0056184 0.0028196 0.0143134 0.0000010 0.0035724 0.0028266 0.0031665 0.0000010 0.0028482 0.0503380 0.0028078 0.0534853 
Lobl_CASQ2         0.0524247 0.0560806 0.0440199 0.0568543 0.0538968 0.0632330 0.0665556 0.0412305 0.0222501 0.0435130 0.0042591 0.0030149 0.0643231 0.0080909 0.0085123 0.0080909 0.0121879 0.0443186 0.0504337 0.0367828 0.0499506 0.0542219 0.0135701 0.0162329 0.0193222 0.0150838 0.0439625 0.0439163 0.0754634 0.0693985 0.0259100 0.0191830 0.0000010 0.0069513 0.0128103 0.0113366 0.0000000 0.0000010 0.0026753 0.0359569 0.0596455 0.0468791 0.0504291 0.0473609 0.0416787 0.0417284 0.0685448 0.0604089 0.0487583 0.0663050 0.0443186 0.0460632 0.0566526 0.0537723 0.0412351 0.0402276 0.0219225 0.0163524 0.0202366 0.0901035 0.0442984 0.0172529 0.0308150 0.0479933 0.0162780 0.0422959 0.0469241 0.0385734 0.0558335 0.0226090 0.0241852 0.0080571 0.0121639 0.0145662 0.0228917 0.0135912 0.0260699 0.0108020 0.0181339 0.0143048 0.0152571 0.0108020 0.0082225 0.0500880 0.0074918 0.0531854 
Lobs_CASQ2         0.0597135 0.0560806 0.0440199 0.0568543 0.0566925 0.0665556 0.0665556 0.0468554 0.0222501 0.0464470 0.0042591 0.0031692 0.0643231 0.0084908 0.0085123 0.0084908 0.0128170 0.0504444 0.0530189 0.0390573 0.0499506 0.0542219 0.0141910 0.0170375 0.0193222 0.0170873 0.0439625 0.0439163 0.0754090 0.0693985 0.0259100 0.0200026 0.0000010 0.0069513 0.0128103 0.0113366 0.0000010 0.0000000 0.0028069 0.0408483 0.0596455 0.0468791 0.0530133 0.0505715 0.0408273 0.0438534 0.0685448 0.0604089 0.0500130 0.0663050 0.0504444 0.0486643 0.0566526 0.0566500 0.0437744 0.0391741 0.0230238 0.0171693 0.0229431 0.0901035 0.0504241 0.0172529 0.0308150 0.0479933 0.0170873 0.0444811 0.0469241 0.0407553 0.0558335 0.0226090 0.0241852 0.0084536 0.0127904 0.0145662 0.0228917 0.0142684 0.0260699 0.0113366 0.0181339 0.0143048 0.0160456 0.0113366 0.0086028 0.0500880 0.0084792 0.0531854 
LperAUS_CASQ2      0.0597446 0.0609923 0.0472912 0.0599932 0.0568658 0.0662607 0.0697490 0.0474799 0.0222501 0.0435130 0.0085518 0.0060469 0.0678952 0.0108147 0.0113794 0.0108147 0.0152775 0.0509088 0.0533604 0.0367828 0.0530189 0.0577731 0.0163241 0.0189845 0.0226084 0.0190376 0.0470097 0.0477266 0.0785425 0.0725896 0.0288625 0.0219774 0.0026753 0.0034631 0.0160597 0.0142073 0.0026753 0.0028069 0.0000000 0.0417481 0.0638303 0.0499312 0.0533550 0.0514811 0.0445623 0.0446158 0.0745947 0.0639410 0.0517495 0.0706862 0.0509088 0.0492606 0.0603666 0.0570851 0.0474863 0.0432071 0.0247239 0.0191250 0.0246406 0.0938207 0.0508897 0.0201805 0.0308150 0.0518450 0.0190376 0.0452248 0.0499794 0.0445882 0.0603396 0.0259138 0.0283176 0.0107693 0.0152474 0.0175259 0.0287606 0.0163497 0.0290405 0.0135358 0.0218319 0.0172103 0.0183593 0.0135358 0.0109910 0.0531646 0.0108004 0.0566666 
Lvex_CASQ1         0.0689934 0.0598164 0.0565502 0.0758532 0.0718323 0.0816233 0.0859650 0.0576248 0.0360345 0.0546664 0.0490830 0.0440693 0.0747062 0.0418838 0.0410351 0.0418838 0.0408610 0.0610179 0.0560494 0.0507682 0.0558399 0.0753997 0.0447777 0.0503945 0.0567790 0.0467175 0.0496148 0.0552168 0.0876132 0.0851169 0.0498345 0.0539026 0.0388714 0.0471394 0.0498264 0.0470119 0.0359569 0.0408483 0.0417481 0.0000000 0.0629254 0.0525159 0.0500766 0.0466699 0.0470477 0.0471041 0.0730122 0.0629837 0.0541274 0.0610309 0.0610179 0.0583566 0.0708083 0.0564375 0.0573653 0.0522535 0.0567472 0.0507900 0.0523257 0.1129120 0.0522600 0.0504895 0.0630469 0.0591809 0.0505462 0.0509074 0.0717289 0.0545042 0.0688645 0.0602845 0.0541817 0.0416968 0.0472330 0.0481822 0.0659798 0.0478401 0.0630602 0.0447236 0.0525533 0.0472829 0.0440588 0.0447236 0.0395953 0.0557428 0.0386753 0.0628105 
Mbid_CASQ2         0.0763647 0.0344134 0.0342204 0.0680242 0.0591885 0.0682309 0.0682309 0.0631782 0.0371195 0.0703081 0.0657399 0.0638763 0.0678134 0.0596465 0.0596465 0.0596465 0.0555409 0.0952859 0.0626401 0.0625689 0.0585363 0.0640805 0.0639299 0.0639299 0.0685002 0.0685002 0.0112188 0.0563570 0.1055796 0.0931786 0.0680644 0.0682703 0.0596455 0.0666961 0.0637063 0.0556065 0.0596455 0.0596455 0.0638303 0.0629254 0.0000000 0.0149582 0.0225956 0.0318429 0.0074302 0.0111837 0.0184766 0.0263609 0.0187342 0.0171759 0.0952859 0.0258981 0.0258981 0.0264385 0.0803261 0.0674506 0.0600804 0.0647105 0.0680406 0.1700148 0.0510235 0.0682796 0.1022018 0.0822605 0.0685002 0.0470874 0.0894864 0.0757784 0.0870243 0.0681840 0.0736478 0.0556065 0.0599459 0.0598628 0.0626113 0.0601533 0.0682383 0.0556065 0.0696230 0.0601533 0.0515116 0.0556065 0.0514520 0.0226491 0.0514520 0.0304091 
Mbow_CASQ2         0.0590644 0.0359973 0.0304948 0.0562348 0.0559186 0.0658859 0.0658859 0.0525923 0.0313616 0.0540768 0.0488912 0.0567290 0.0635502 0.0501010 0.0502348 0.0501010 0.0534610 0.0758793 0.0524048 0.0537403 0.0493748 0.0570550 0.0501219 0.0530873 0.0605336 0.0532561 0.0055773 0.0550014 0.0806086 0.0715005 0.0560745 0.0564023 0.0468791 0.0546036 0.0603302 0.0471119 0.0468791 0.0468791 0.0499312 0.0525159 0.0149582 0.0000000 0.0111907 0.0160041 0.0055613 0.0083632 0.0000010 0.0125799 0.0027710 0.0155165 0.0758793 0.0061433 0.0100139 0.0094325 0.0619934 0.0551630 0.0598207 0.0535271 0.0595711 0.1199657 0.0466451 0.0537883 0.0709306 0.0709107 0.0532561 0.0408058 0.0716015 0.0587342 0.0776532 0.0640720 0.0630564 0.0439118 0.0534367 0.0515154 0.0723837 0.0504120 0.0596461 0.0471119 0.0647237 0.0505475 0.0500688 0.0471119 0.0447227 0.0197338 0.0440511 0.0255682 
Mcar_CASQ2         0.0621032 0.0453658 0.0367977 0.0624770 0.0590846 0.0686591 0.0722466 0.0558835 0.0313652 0.0468882 0.0582261 0.0605166 0.0708493 0.0535277 0.0564364 0.0535277 0.0574017 0.0782349 0.0558233 0.0505971 0.0556035 0.0641471 0.0537517 0.0563851 0.0676591 0.0565573 0.0112151 0.0627409 0.0806203 0.0780494 0.0622963 0.0599971 0.0504291 0.0622887 0.0674228 0.0532777 0.0504291 0.0530133 0.0533550 0.0500766 0.0225956 0.0111907 0.0000000 0.0227116 0.0133455 0.0133600 0.0214583 0.0254705 0.0136747 0.0234462 0.0782349 0.0176927 0.0236683 0.0211953 0.0679539 0.0616335 0.0628640 0.0568328 0.0626107 0.1161922 0.0503103 0.0600784 0.0709306 0.0788771 0.0565573 0.0447110 0.0779662 0.0647994 0.0869128 0.0712333 0.0719887 0.0475891 0.0573780 0.0578869 0.0853301 0.0538466 0.0659499 0.0506684 0.0728159 0.0567922 0.0541617 0.0506684 0.0486141 0.0255042 0.0477336 0.0321510 
Mden_CASQ2         0.0632882 0.0656171 0.0406476 0.0677737 0.0628908 0.0673141 0.0718725 0.0586063 0.0331479 0.0469563 0.0572923 0.0549257 0.0845716 0.0517171 0.0552500 0.0517171 0.0552764 0.0862925 0.0506883 0.0413427 0.0497438 0.0681943 0.0473648 0.0515219 0.0649096 0.0517422 0.0160041 0.0599096 0.0896139 0.0813906 0.0549812 0.0604537 0.0473609 0.0697267 0.0648627 0.0552500 0.0473609 0.0505715 0.0514811 0.0466699 0.0318429 0.0160041 0.0227116 0.0000000 0.0188284 0.0188576 0.0179382 0.0185658 0.0193695 0.0277527 0.0862925 0.0128678 0.0185198 0.0129091 0.0716250 0.0628008 0.0605480 0.0562638 0.0602720 0.1406271 0.0592258 0.0550022 0.0770056 0.0874555 0.0517422 0.0552662 0.0767945 0.0671760 0.0947936 0.0754848 0.0915450 0.0473648 0.0599324 0.0604931 0.0796047 0.0562345 0.0735888 0.0517171 0.0852939 0.0601147 0.0552764 0.0517171 0.0475680 0.0367134 0.0475680 0.0330341 
Meur_CASQ2         0.0531955 0.0267968 0.0242719 0.0500838 0.0502323 0.0595856 0.0596255 0.0471126 0.0222346 0.0468519 0.0443217 0.0504872 0.0565694 0.0447067 0.0441195 0.0447067 0.0473877 0.0689745 0.0469557 0.0470322 0.0433675 0.0500767 0.0448907 0.0475347 0.0535263 0.0476770 0.0027806 0.0473907 0.0773478 0.0652515 0.0499431 0.0510001 0.0416787 0.0507842 0.0533516 0.0410293 0.0416787 0.0408273 0.0445623 0.0470477 0.0074302 0.0055613 0.0133455 0.0188284 0.0000000 0.0052996 0.0106077 0.0189732 0.0081570 0.0077053 0.0689745 0.0146732 0.0167862 0.0180771 0.0589789 0.0523809 0.0538395 0.0479063 0.0536310 0.1123900 0.0414785 0.0475887 0.0709306 0.0630921 0.0476770 0.0359403 0.0653419 0.0558908 0.0685887 0.0570302 0.0586199 0.0388674 0.0473669 0.0452360 0.0597684 0.0449680 0.0534367 0.0418749 0.0567775 0.0443909 0.0441834 0.0418749 0.0396967 0.0140279 0.0389843 0.0190705 
