84
Bacu_CNTNAP2         0.0000000 0.0970678 0.0888013 0.0108279 0.0253163 0.0236179 0.0227489 0.0261056 0.0265340 0.0626159 0.0711911 0.0307353 0.0633320 0.0668132 0.0659290 0.0655712 0.0676009 0.0347329 0.0348054 0.0365202 0.0286008 0.0669686 0.0708492 0.0698129 0.0670141 0.1008946 0.0805951 0.0918241 0.0833766 0.0678675 0.0694508 0.0667333 0.0690120 0.0645916 0.0642754 0.0657146 0.0659721 0.0627121 0.0867973 0.0938150 0.0911463 0.0807427 0.0833634 0.0851923 0.0806280 0.0857310 0.0893714 0.0837072 0.0674449 0.0882183 0.0910155 0.0862400 0.0722112 0.0694032 0.0697843 0.0647192 0.0712753 0.0722678 0.0652873 0.0717561 0.0751578 0.0730146 0.0669977 0.0718827 0.0724558 0.0730183 0.0753752 0.0632364 0.0613504 0.0670501 0.0670501 0.0652917 0.0695877 0.0661446 0.0668148 0.0642219 0.0664209 0.0650777 0.0671434 0.0633211 0.0609346 0.0858031 0.0650806 0.0956207 
Barn_CNTNAP2         0.0970678 0.0000000 0.0029863 0.0952301 0.0895868 0.0875891 0.0893328 0.0892354 0.0832986 0.0685022 0.0730947 0.0857853 0.0627300 0.0627300 0.0643944 0.0660700 0.0589711 0.0859979 0.0861676 0.0861676 0.0990062 0.0718256 0.0701733 0.0772788 0.0719173 0.0472075 0.0848010 0.0981083 0.0931058 0.0644845 0.0712464 0.0679337 0.0747711 0.0645627 0.0663089 0.0696104 0.0699203 0.0679337 0.0358361 0.0424521 0.0423046 0.0420250 0.0405752 0.0387441 0.0396851 0.0459853 0.0389441 0.0396394 0.0555799 0.0420661 0.0419886 0.0388161 0.0677197 0.0650828 0.0733293 0.0732834 0.0713002 0.0795762 0.0735879 0.0753775 0.0676219 0.0672178 0.0718843 0.0836510 0.0573615 0.0690035 0.0666974 0.0627300 0.0629189 0.0735647 0.0717894 0.0630031 0.0357964 0.0646067 0.0662614 0.0629040 0.0650975 0.0644168 0.0627300 0.0627300 0.0627300 0.0260161 0.0627300 0.0388784 
Bbai76728_CNTNAP2    0.0888013 0.0029863 0.0000000 0.0899148 0.0858292 0.0858141 0.0850999 0.0835642 0.0807677 0.0680646 0.0701650 0.0842999 0.0645572 0.0642426 0.0643885 0.0650290 0.0611919 0.0825761 0.0817479 0.0837605 0.0856746 0.0686326 0.0687061 0.0717090 0.0686827 0.0437955 0.0678077 0.1041938 0.0883761 0.0666119 0.0702249 0.0673595 0.0701469 0.0633567 0.0647161 0.0662608 0.0675362 0.0640029 0.0391393 0.0393694 0.0363899 0.0369398 0.0388380 0.0353419 0.0346814 0.0419012 0.0373234 0.0380718 0.0621140 0.0391847 0.0409843 0.0364079 0.0691805 0.0658826 0.0716310 0.0682279 0.0722578 0.0710829 0.0738543 0.0738121 0.0753849 0.0689005 0.0686646 0.0849276 0.0642900 0.0689503 0.0728486 0.0634589 0.0603990 0.0697309 0.0687243 0.0647739 0.0611562 0.0636352 0.0674620 0.0636590 0.0629112 0.0624832 0.0666774 0.0635503 0.0609925 0.0354639 0.0635895 0.0408439 
BbonAUS_CNTNAP2      0.0108279 0.0952301 0.0899148 0.0000000 0.0266839 0.0249458 0.0205820 0.0257657 0.0260142 0.0621378 0.0708991 0.0310023 0.0620088 0.0656061 0.0646602 0.0662014 0.0662418 0.0336818 0.0328740 0.0346156 0.0265900 0.0676816 0.0706219 0.0705976 0.0677286 0.1031500 0.0782302 0.0949149 0.0840917 0.0683524 0.0691132 0.0663490 0.0686588 0.0633653 0.0628965 0.0653103 0.0674754 0.0612605 0.0828107 0.0949493 0.0931628 0.0785963 0.0831620 0.0851237 0.0787791 0.0889455 0.0903969 0.0818975 0.0661809 0.0882126 0.0910681 0.0861930 0.0709348 0.0679691 0.0695342 0.0604360 0.0710593 0.0700089 0.0666819 0.0725903 0.0686109 0.0717551 0.0677117 0.0733527 0.0711791 0.0717581 0.0715633 0.0619137 0.0579239 0.0677660 0.0668135 0.0657936 0.0675799 0.0647995 0.0655640 0.0646995 0.0651358 0.0637908 0.0658152 0.0619254 0.0574544 0.0856995 0.0637186 0.0989980 
Bbor_CNTNAP2         0.0253163 0.0895868 0.0858292 0.0266839 0.0000000 0.0076514 0.0089455 0.0194154 0.0169983 0.0596706 0.0699242 0.0285176 0.0632716 0.0684652 0.0657644 0.0643937 0.0637767 0.0299990 0.0308717 0.0325039 0.0274206 0.0677233 0.0695734 0.0686867 0.0677674 0.0952470 0.0793217 0.0859746 0.0757756 0.0651992 0.0700384 0.0656824 0.0658501 0.0655376 0.0641772 0.0638151 0.0630052 0.0617904 0.0871291 0.0899441 0.0902393 0.0768767 0.0836823 0.0812381 0.0781993 0.0854333 0.0860530 0.0840521 0.0645675 0.0855042 0.0867359 0.0813388 0.0708651 0.0679995 0.0703700 0.0644837 0.0691306 0.0681085 0.0785791 0.0723305 0.0704803 0.0687908 0.0667814 0.0681407 0.0682393 0.0706486 0.0713820 0.0631800 0.0611727 0.0668328 0.0659185 0.0651522 0.0638338 0.0659708 0.0666146 0.0641258 0.0662329 0.0649473 0.0669289 0.0621932 0.0607652 0.0793866 0.0649501 0.0936461 
Bede66737_CNTNAP2    0.0236179 0.0875891 0.0858141 0.0249458 0.0076514 0.0000000 0.0024200 0.0162387 0.0169938 0.0578035 0.0680974 0.0268145 0.0614627 0.0665686 0.0639492 0.0625268 0.0619764 0.0283449 0.0292108 0.0308363 0.0257574 0.0658942 0.0676898 0.0668513 0.0659372 0.0952886 0.0782395 0.0858468 0.0747377 0.0634368 0.0682080 0.0638693 0.0639115 0.0635555 0.0623642 0.0620132 0.0611571 0.0599809 0.0855868 0.0899861 0.0902794 0.0755778 0.0837214 0.0795025 0.0769022 0.0843374 0.0860911 0.0851041 0.0627662 0.0855423 0.0867735 0.0822677 0.0690334 0.0660445 0.0685299 0.0625629 0.0673049 0.0661483 0.0784615 0.0704779 0.0649709 0.0688209 0.0649119 0.0666088 0.0682691 0.0688229 0.0691789 0.0613744 0.0592555 0.0649615 0.0640514 0.0633323 0.0626212 0.0641495 0.0647965 0.0623141 0.0643805 0.0631337 0.0651014 0.0603464 0.0588618 0.0794223 0.0631364 0.0936892 
BedeAUS_CNTNAP2      0.0227489 0.0893328 0.0850999 0.0205820 0.0089455 0.0024200 0.0000000 0.0155674 0.0181103 0.0581728 0.0660193 0.0267703 0.0578633 0.0622670 0.0596812 0.0614902 0.0622843 0.0283949 0.0293136 0.0310382 0.0256515 0.0636244 0.0665212 0.0646322 0.0636685 0.0985656 0.0782772 0.0856738 0.0747578 0.0615594 0.0660684 0.0624194 0.0645222 0.0607478 0.0598089 0.0613979 0.0625667 0.0595925 0.0885912 0.0884792 0.0897743 0.0781201 0.0846666 0.0789703 0.0769022 0.0862728 0.0869665 0.0861311 0.0631218 0.0848811 0.0866952 0.0828860 0.0688140 0.0656171 0.0644363 0.0634774 0.0651252 0.0670789 0.0589798 0.0684611 0.0669343 0.0695474 0.0636525 0.0675490 0.0689650 0.0695496 0.0702458 0.0587707 0.0601709 0.0637027 0.0627627 0.0599105 0.0626323 0.0616891 0.0614667 0.0588468 0.0618897 0.0606235 0.0626897 0.0588503 0.0597709 0.0785654 0.0606262 0.0932837 
Bmus_CNTNAP2         0.0261056 0.0892354 0.0835642 0.0257657 0.0194154 0.0162387 0.0155674 0.0000000 0.0211367 0.0604798 0.0706966 0.0293481 0.0623028 0.0674447 0.0647900 0.0643228 0.0628698 0.0291284 0.0283685 0.0283622 0.0233194 0.0668017 0.0686244 0.0677619 0.0668453 0.0941832 0.0759287 0.0876363 0.0774829 0.0642218 0.0690522 0.0664568 0.0666779 0.0625045 0.0632054 0.0645883 0.0656229 0.0625706 0.0810910 0.0888361 0.0872937 0.0743022 0.0816562 0.0766395 0.0768383 0.0822379 0.0831505 0.0828561 0.0636601 0.0825924 0.0838919 0.0794152 0.0699423 0.0660882 0.0694429 0.0644494 0.0682108 0.0708154 0.0802719 0.0713971 0.0719327 0.0679737 0.0658395 0.0690435 0.0691781 0.0697289 0.0702858 0.0622130 0.0610797 0.0658900 0.0649778 0.0633019 0.0663770 0.0649930 0.0656379 0.0631548 0.0652382 0.0639745 0.0659469 0.0612050 0.0606733 0.0802758 0.0639772 0.0926231 
Bphy_baits_CNTNAP2   0.0265340 0.0832986 0.0807677 0.0260142 0.0169983 0.0169938 0.0181103 0.0211367 0.0000000 0.0593955 0.0696775 0.0296218 0.0617428 0.0652730 0.0643449 0.0648548 0.0631901 0.0313893 0.0305944 0.0322991 0.0286880 0.0673739 0.0693018 0.0702366 0.0674199 0.0902895 0.0741857 0.0891826 0.0784230 0.0619082 0.0697963 0.0652418 0.0634727 0.0631429 0.0624831 0.0632910 0.0641333 0.0611694 0.0784749 0.0899305 0.0888329 0.0759987 0.0829778 0.0776153 0.0786361 0.0849795 0.0844729 0.0816085 0.0631332 0.0819997 0.0833754 0.0805265 0.0705924 0.0669241 0.0700733 0.0648958 0.0706234 0.0648997 0.0796907 0.0721925 0.0699378 0.0675257 0.0663790 0.0717165 0.0678494 0.0694611 0.0725784 0.0617099 0.0605089 0.0663658 0.0654098 0.0636268 0.0650488 0.0644810 0.0652318 0.0626224 0.0651960 0.0635534 0.0655411 0.0605686 0.0599503 0.0794866 0.0634828 0.0903497 
Ccom40_CNTNAP2       0.0626159 0.0685022 0.0680646 0.0621378 0.0596706 0.0578035 0.0581728 0.0604798 0.0593955 0.0000000 0.0128251 0.0573234 0.0170204 0.0168204 0.0161665 0.0179675 0.0363672 0.0560040 0.0552181 0.0570045 0.0622136 0.0195101 0.0228740 0.0220311 0.0195238 0.0829905 0.0447376 0.0886797 0.0800673 0.0228225 0.0227735 0.0087930 0.0082540 0.0158911 0.0161594 0.0079745 0.0087870 0.0064286 0.0648057 0.0733134 0.0735568 0.0574881 0.0600633 0.0660315 0.0508346 0.0649389 0.0675818 0.0661184 0.0371799 0.0679884 0.0706570 0.0661039 0.0424255 0.0408941 0.0228350 0.0201996 0.0211023 0.0513004 0.0578433 0.0237362 0.0324936 0.0449594 0.0195187 0.0627422 0.0425077 0.0431746 0.0437305 0.0153529 0.0117547 0.0211978 0.0220287 0.0187131 0.0232066 0.0178692 0.0186335 0.0161914 0.0163738 0.0153555 0.0187185 0.0153723 0.0133629 0.0649042 0.0170029 0.0710460 
Chea7320_CNTNAP2     0.0711911 0.0730947 0.0701650 0.0708991 0.0699242 0.0680974 0.0660193 0.0706966 0.0696775 0.0128251 0.0000000 0.0661924 0.0170440 0.0168534 0.0162272 0.0176014 0.0363404 0.0663384 0.0647285 0.0664625 0.0723788 0.0194226 0.0223957 0.0218307 0.0194356 0.0846741 0.0435252 0.0871574 0.0780348 0.0226532 0.0233431 0.0076352 0.0098263 0.0177356 0.0162656 0.0068538 0.0078425 0.0069161 0.0629358 0.0750255 0.0721021 0.0621254 0.0579560 0.0674917 0.0554526 0.0700067 0.0718248 0.0681784 0.0371170 0.0666514 0.0701718 0.0658108 0.0412924 0.0400544 0.0234034 0.0189309 0.0193610 0.0492420 0.0751963 0.0234590 0.0386964 0.0445481 0.0191127 0.0688078 0.0422058 0.0428440 0.0450921 0.0154495 0.0106753 0.0207556 0.0215688 0.0186609 0.0217379 0.0178546 0.0185851 0.0162511 0.0165461 0.0154520 0.0186661 0.0150546 0.0122630 0.0634955 0.0170267 0.0719054 
Cmar59905_CNTNAP2    0.0307353 0.0857853 0.0842999 0.0310023 0.0285176 0.0268145 0.0267703 0.0293481 0.0296218 0.0573234 0.0661924 0.0000000 0.0602202 0.0637080 0.0627922 0.0631784 0.0634933 0.0260385 0.0244165 0.0260850 0.0334979 0.0656758 0.0675295 0.0684941 0.0657202 0.0989023 0.0735564 0.0834510 0.0737254 0.0657633 0.0680706 0.0627287 0.0636490 0.0624701 0.0593076 0.0617021 0.0626852 0.0595952 0.0870133 0.0906972 0.0899771 0.0824371 0.0821931 0.0816376 0.0815766 0.0839180 0.0856435 0.0860289 0.0634366 0.0850734 0.0845113 0.0816994 0.0707967 0.0688060 0.0684032 0.0631739 0.0653743 0.0680674 0.0816318 0.0704189 0.0721943 0.0705701 0.0646529 0.0691663 0.0700061 0.0705729 0.0757666 0.0601309 0.0588138 0.0647041 0.0637617 0.0620787 0.0636293 0.0629235 0.0636682 0.0610306 0.0632148 0.0619483 0.0639047 0.0589663 0.0583376 0.0806881 0.0618802 0.0894235 
Dcap108471_CNTNAP2   0.0633320 0.0627300 0.0645572 0.0620088 0.0632716 0.0614627 0.0578633 0.0623028 0.0617428 0.0170204 0.0170440 0.0602202 0.0000000 0.0063517 0.0053482 0.0071198 0.0299772 0.0579878 0.0572340 0.0589557 0.0639729 0.0116127 0.0151553 0.0139861 0.0116206 0.0797505 0.0364128 0.0821930 0.0719679 0.0179202 0.0170897 0.0131411 0.0132366 0.0033278 0.0053711 0.0115550 0.0135023 0.0085028 0.0588911 0.0707992 0.0679847 0.0563400 0.0562600 0.0608728 0.0530445 0.0634796 0.0668303 0.0623155 0.0307555 0.0625438 0.0652886 0.0609376 0.0348925 0.0340745 0.0123647 0.0097987 0.0131297 0.0438997 0.0682598 0.0155864 0.0270963 0.0381335 0.0119122 0.0577683 0.0357855 0.0364476 0.0372122 0.0045828 0.0048958 0.0119198 0.0127234 0.0077020 0.0136219 0.0069088 0.0061258 0.0069110 0.0070226 0.0061220 0.0076909 0.0070769 0.0048750 0.0576508 0.0061335 0.0676260 
Dcap79929_CNTNAP2    0.0668132 0.0627300 0.0642426 0.0656061 0.0684652 0.0665686 0.0622670 0.0674447 0.0652730 0.0168204 0.0168534 0.0637080 0.0063517 0.0000000 0.0023681 0.0082233 0.0310983 0.0620059 0.0612276 0.0630230 0.0682749 0.0112276 0.0148880 0.0136840 0.0112355 0.0828118 0.0384339 0.0863767 0.0757505 0.0152869 0.0168991 0.0128113 0.0120130 0.0049950 0.0071661 0.0111707 0.0131764 0.0080189 0.0588883 0.0736383 0.0706349 0.0581289 0.0576620 0.0631710 0.0547978 0.0651318 0.0694235 0.0622944 0.0310714 0.0649708 0.0677625 0.0632403 0.0370578 0.0363732 0.0120123 0.0101965 0.0127990 0.0451909 0.0738778 0.0153410 0.0303815 0.0404269 0.0115270 0.0650274 0.0379918 0.0386705 0.0389885 0.0079481 0.0042416 0.0115346 0.0123675 0.0079796 0.0131985 0.0023728 0.0063534 0.0055580 0.0072867 0.0063477 0.0063654 0.0073333 0.0025258 0.0580487 0.0063528 0.0703523 
DdelSJR_CNTNAP2      0.0659290 0.0643944 0.0643885 0.0646602 0.0657644 0.0639492 0.0596812 0.0647900 0.0643449 0.0161665 0.0162272 0.0627922 0.0053482 0.0023681 0.0000000 0.0095060 0.0307342 0.0604649 0.0597143 0.0614393 0.0664625 0.0108106 0.0143184 0.0131740 0.0108180 0.0804779 0.0373729 0.0847550 0.0745929 0.0155217 0.0162694 0.0123362 0.0115369 0.0041577 0.0076833 0.0107579 0.0126744 0.0077212 0.0588671 0.0715739 0.0687420 0.0562970 0.0562448 0.0616179 0.0530247 0.0633144 0.0675861 0.0612781 0.0315113 0.0615391 0.0660296 0.0616832 0.0356473 0.0348862 0.0115669 0.0097961 0.0123248 0.0438885 0.0708494 0.0147676 0.0287201 0.0388854 0.0110879 0.0613461 0.0365415 0.0371998 0.0372020 0.0068834 0.0032570 0.0110949 0.0118958 0.0084693 0.0159293 0.0061276 0.0068892 0.0061299 0.0062283 0.0053450 0.0100114 0.0094429 0.0032432 0.0566418 0.0068970 0.0684097 
Ddeltrop4525_CNTNAP2 0.0655712 0.0660700 0.0650290 0.0662014 0.0643937 0.0625268 0.0614902 0.0643228 0.0648548 0.0179675 0.0176014 0.0631784 0.0071198 0.0082233 0.0095060 0.0000000 0.0317918 0.0598619 0.0590866 0.0608658 0.0660483 0.0127961 0.0160728 0.0152513 0.0128050 0.0804183 0.0399172 0.0820027 0.0724414 0.0192389 0.0176346 0.0135585 0.0141737 0.0069083 0.0063422 0.0127305 0.0135865 0.0104006 0.0602716 0.0713011 0.0693519 0.0598130 0.0580817 0.0610278 0.0529976 0.0636696 0.0681218 0.0663203 0.0325951 0.0638667 0.0665012 0.0620122 0.0385904 0.0371314 0.0143848 0.0131050 0.0159829 0.0474790 0.0518985 0.0169084 0.0336611 0.0410872 0.0128017 0.0594931 0.0386632 0.0393363 0.0404188 0.0071146 0.0081855 0.0144371 0.0152499 0.0103648 0.0124793 0.0079343 0.0087182 0.0079339 0.0096979 0.0087125 0.0055448 0.0063253 0.0065081 0.0572068 0.0071291 0.0681039 
Dleu_CNTNAP2         0.0676009 0.0589711 0.0611919 0.0662418 0.0637767 0.0619764 0.0622843 0.0628698 0.0631901 0.0363672 0.0363404 0.0634933 0.0299772 0.0310983 0.0307342 0.0317918 0.0000000 0.0576892 0.0569392 0.0586510 0.0662762 0.0340089 0.0366196 0.0365120 0.0340315 0.0738014 0.0416885 0.0799016 0.0696878 0.0325074 0.0363772 0.0323228 0.0329125 0.0301104 0.0308105 0.0306413 0.0323873 0.0292908 0.0531258 0.0694952 0.0648876 0.0560937 0.0597472 0.0587735 0.0491879 0.0639618 0.0610639 0.0611172 0.0083827 0.0612878 0.0631443 0.0571315 0.0217544 0.0182846 0.0364855 0.0317720 0.0338635 0.0428240 0.0706587 0.0382112 0.0238345 0.0233013 0.0340561 0.0600106 0.0209897 0.0216909 0.0195373 0.0299393 0.0285671 0.0340793 0.0332334 0.0316699 0.0361344 0.0300114 0.0331688 0.0307840 0.0305267 0.0299730 0.0324986 0.0299092 0.0283840 0.0564439 0.0299465 0.0662252 
EausAUS_CNTNAP2      0.0347329 0.0859979 0.0825761 0.0336818 0.0299990 0.0283449 0.0283949 0.0291284 0.0313893 0.0560040 0.0663384 0.0260385 0.0579878 0.0620059 0.0604649 0.0598619 0.0576892 0.0000000 0.0038155 0.0053499 0.0339752 0.0623832 0.0640764 0.0650836 0.0624241 0.0943185 0.0656836 0.0858203 0.0756503 0.0625320 0.0646967 0.0621230 0.0629941 0.0596596 0.0588824 0.0602771 0.0611820 0.0582371 0.0842684 0.0890045 0.0874553 0.0795186 0.0808669 0.0785741 0.0729553 0.0834017 0.0833046 0.0830327 0.0584779 0.0808855 0.0840438 0.0795601 0.0646601 0.0604618 0.0650007 0.0597966 0.0655491 0.0671599 0.0784063 0.0669268 0.0667243 0.0644619 0.0613225 0.0664984 0.0638940 0.0644633 0.0671202 0.0579055 0.0564934 0.0613687 0.0604657 0.0598384 0.0624522 0.0606536 0.0613076 0.0588348 0.0608256 0.0596516 0.0615950 0.0567974 0.0561192 0.0766759 0.0596540 0.0897555 
Egla13086_CNTNAP2    0.0348054 0.0861676 0.0817479 0.0328740 0.0308717 0.0292108 0.0293136 0.0283685 0.0305944 0.0552181 0.0647285 0.0244165 0.0572340 0.0612276 0.0597143 0.0590866 0.0569392 0.0038155 0.0000000 0.0015179 0.0332176 0.0616314 0.0633066 0.0643327 0.0616719 0.0935873 0.0657820 0.0841655 0.0739482 0.0617784 0.0639499 0.0603638 0.0621939 0.0588401 0.0581290 0.0595285 0.0604129 0.0574806 0.0817062 0.0872760 0.0857718 0.0784199 0.0791330 0.0778314 0.0704266 0.0815756 0.0816309 0.0821821 0.0577293 0.0792065 0.0824062 0.0779251 0.0639138 0.0596568 0.0642507 0.0589993 0.0639378 0.0663576 0.0755943 0.0661763 0.0631434 0.0637179 0.0605517 0.0626023 0.0631460 0.0637190 0.0662244 0.0571528 0.0556893 0.0605974 0.0596938 0.0590844 0.0626153 0.0599009 0.0605577 0.0580818 0.0600605 0.0588997 0.0608420 0.0560251 0.0553200 0.0777530 0.0589020 0.0880137 
Ejap43864_CNTNAP2    0.0365202 0.0861676 0.0837605 0.0346156 0.0325039 0.0308363 0.0310382 0.0283622 0.0322991 0.0570045 0.0664625 0.0260850 0.0589557 0.0630230 0.0614393 0.0608658 0.0586510 0.0053499 0.0015179 0.0000000 0.0348520 0.0633672 0.0650917 0.0660783 0.0634088 0.0954221 0.0679956 0.0859899 0.0758019 0.0635193 0.0656843 0.0620849 0.0640446 0.0607197 0.0598537 0.0612480 0.0621836 0.0592096 0.0845259 0.0891891 0.0876315 0.0808482 0.0810331 0.0796185 0.0730568 0.0835831 0.0834694 0.0842530 0.0594413 0.0810467 0.0842066 0.0797141 0.0656467 0.0615069 0.0659939 0.0608286 0.0656717 0.0682326 0.0774302 0.0679290 0.0666683 0.0637037 0.0623268 0.0651010 0.0648798 0.0654465 0.0662065 0.0588716 0.0575194 0.0623740 0.0614676 0.0608145 0.0651633 0.0616315 0.0622846 0.0598053 0.0618202 0.0606241 0.0625774 0.0577840 0.0571373 0.0795774 0.0606266 0.0899433 
Erob133443_CNTNAP2   0.0286008 0.0990062 0.0856746 0.0265900 0.0274206 0.0257574 0.0256515 0.0233194 0.0286880 0.0622136 0.0723788 0.0334979 0.0639729 0.0682749 0.0664625 0.0660483 0.0662762 0.0339752 0.0332176 0.0348520 0.0000000 0.0684223 0.0702894 0.0711591 0.0684669 0.0998483 0.0770845 0.0893039 0.0782779 0.0676581 0.0689925 0.0681317 0.0684690 0.0643875 0.0648780 0.0662555 0.0673399 0.0642476 0.0888354 0.0949773 0.0930764 0.0831415 0.0876506 0.0839539 0.0824222 0.0886309 0.0889490 0.0861471 0.0670009 0.0883145 0.0894785 0.0849535 0.0734673 0.0707827 0.0710675 0.0661608 0.0715888 0.0745253 0.0801426 0.0730287 0.0739566 0.0733247 0.0674981 0.0679087 0.0727894 0.0732428 0.0777218 0.0638802 0.0628562 0.0675501 0.0666363 0.0676085 0.0673314 0.0666709 0.0673119 0.0665744 0.0669444 0.0656466 0.0676891 0.0629118 0.0624376 0.0859428 0.0656495 0.0966469 
Fatt_CNTNAP2         0.0669686 0.0718256 0.0686326 0.0676816 0.0677233 0.0658942 0.0636244 0.0668017 0.0673739 0.0195101 0.0194226 0.0656758 0.0116127 0.0112276 0.0108106 0.0127961 0.0340089 0.0623832 0.0616314 0.0633672 0.0684223 0.0000000 0.0078969 0.0038183 0.0015221 0.0842972 0.0405047 0.0849855 0.0757205 0.0187580 0.0147173 0.0155037 0.0149190 0.0101078 0.0108369 0.0139062 0.0159312 0.0124530 0.0660811 0.0755002 0.0725443 0.0610421 0.0619750 0.0652605 0.0570637 0.0674104 0.0722773 0.0696754 0.0347874 0.0679667 0.0706035 0.0662141 0.0389559 0.0375433 0.0084511 0.0064969 0.0138913 0.0494863 0.0728714 0.0053614 0.0372648 0.0422117 0.0015604 0.0601620 0.0398633 0.0405114 0.0422313 0.0115996 0.0098920 0.0031283 0.0039131 0.0132101 0.0207171 0.0124123 0.0131566 0.0092635 0.0126197 0.0116007 0.0132139 0.0119071 0.0098301 0.0612003 0.0100367 0.0723515 
Ggri_CNTNAP2         0.0708492 0.0701733 0.0687061 0.0706219 0.0695734 0.0676898 0.0665212 0.0686244 0.0693018 0.0228740 0.0223957 0.0675295 0.0151553 0.0148880 0.0143184 0.0160728 0.0366196 0.0640764 0.0633066 0.0650917 0.0702894 0.0078969 0.0000000 0.0103036 0.0079024 0.0848083 0.0449806 0.0864066 0.0778709 0.0224838 0.0175368 0.0183484 0.0174604 0.0139057 0.0143542 0.0175087 0.0192099 0.0160391 0.0662680 0.0766024 0.0736074 0.0637051 0.0630310 0.0661634 0.0585188 0.0703995 0.0734013 0.0686223 0.0374194 0.0690116 0.0716557 0.0671443 0.0425843 0.0404766 0.0126977 0.0114728 0.0174895 0.0523121 0.0569926 0.0103177 0.0406033 0.0450781 0.0079003 0.0654180 0.0426654 0.0433211 0.0446595 0.0151363 0.0132556 0.0095035 0.0103028 0.0168135 0.0218937 0.0159852 0.0167432 0.0127238 0.0162605 0.0151379 0.0168184 0.0151552 0.0131723 0.0622120 0.0135206 0.0734493 
Gmac39091_CNTNAP2    0.0698129 0.0772788 0.0717090 0.0705976 0.0686867 0.0668513 0.0646322 0.0677619 0.0702366 0.0220311 0.0218307 0.0684941 0.0139861 0.0136840 0.0131740 0.0152513 0.0365120 0.0650836 0.0643327 0.0660783 0.0711591 0.0038183 0.0103036 0.0000000 0.0022846 0.0871485 0.0448227 0.0878627 0.0786323 0.0211785 0.0171019 0.0178929 0.0174719 0.0126840 0.0132061 0.0162815 0.0183882 0.0148410 0.0703690 0.0784371 0.0753891 0.0646920 0.0629453 0.0679887 0.0609797 0.0704710 0.0751111 0.0728474 0.0372923 0.0707817 0.0733650 0.0689929 0.0414890 0.0402573 0.0107941 0.0089667 0.0146896 0.0522934 0.0757362 0.0076863 0.0423831 0.0447611 0.0039151 0.0640404 0.0424075 0.0430481 0.0453049 0.0139692 0.0124121 0.0054944 0.0062837 0.0155970 0.0218909 0.0147923 0.0155335 0.0116208 0.0150404 0.0139705 0.0156015 0.0143409 0.0123341 0.0639539 0.0123969 0.0753380 
Gmel_CNTNAP2         0.0670141 0.0719173 0.0686827 0.0677286 0.0677674 0.0659372 0.0636685 0.0668453 0.0674199 0.0195238 0.0194356 0.0657202 0.0116206 0.0112355 0.0108180 0.0128050 0.0340315 0.0624241 0.0616719 0.0634088 0.0684669 0.0015221 0.0079024 0.0022846 0.0000000 0.0843514 0.0416106 0.0850404 0.0757717 0.0187706 0.0147273 0.0155142 0.0149298 0.0101153 0.0108443 0.0139155 0.0159423 0.0124615 0.0661489 0.0755517 0.0725927 0.0610963 0.0620182 0.0653033 0.0570637 0.0674597 0.0723254 0.0697277 0.0348106 0.0680123 0.0706495 0.0662575 0.0389817 0.0375702 0.0084568 0.0065015 0.0139006 0.0495214 0.0729203 0.0053650 0.0372648 0.0422396 0.0015615 0.0602190 0.0398898 0.0405382 0.0422649 0.0116074 0.0098992 0.0031305 0.0039159 0.0132191 0.0195351 0.0124207 0.0131655 0.0092698 0.0126284 0.0116085 0.0132229 0.0119154 0.0098372 0.0612413 0.0100434 0.0724013 
Hamp_CNTNAP2         0.1008946 0.0472075 0.0437955 0.1031500 0.0952470 0.0952886 0.0985656 0.0941832 0.0902895 0.0829905 0.0846741 0.0989023 0.0797505 0.0828118 0.0804779 0.0804183 0.0738014 0.0943185 0.0935873 0.0954221 0.0998483 0.0842972 0.0848083 0.0871485 0.0843514 0.0000000 0.0877144 0.1108028 0.0956668 0.0826241 0.0857577 0.0812643 0.0807098 0.0794532 0.0797673 0.0793068 0.0808012 0.0773554 0.0333174 0.0392103 0.0356562 0.0331536 0.0387166 0.0354849 0.0352814 0.0371724 0.0347280 0.0364495 0.0755085 0.0373842 0.0380629 0.0372529 0.0792279 0.0759341 0.0879653 0.0827842 0.0875656 0.0760319 0.1028914 0.0890988 0.0799989 0.0789515 0.0817871 0.0895819 0.0765565 0.0753680 0.0791832 0.0787095 0.0756657 0.0847562 0.0838061 0.0817250 0.0768664 0.0798353 0.0822523 0.0797057 0.0784519 0.0787323 0.0826366 0.0780887 0.0761184 0.0449975 0.0805452 0.0416414 
Igeo_CNTNAP2         0.0805951 0.0848010 0.0678077 0.0782302 0.0793217 0.0782395 0.0782772 0.0759287 0.0741857 0.0447376 0.0435252 0.0735564 0.0364128 0.0384339 0.0373729 0.0399172 0.0416885 0.0656836 0.0657820 0.0679956 0.0770845 0.0405047 0.0449806 0.0448227 0.0416106 0.0877144 0.0000000 0.0884624 0.0833928 0.0416291 0.0435969 0.0394011 0.0417014 0.0375932 0.0353573 0.0382766 0.0405841 0.0366162 0.0654359 0.0812683 0.0750963 0.0668994 0.0689887 0.0681800 0.0551613 0.0726826 0.0738831 0.0692557 0.0394854 0.0728403 0.0716288 0.0705162 0.0448341 0.0453652 0.0416429 0.0390939 0.0446554 0.0504161 0.0647838 0.0459358 0.0503308 0.0478493 0.0415977 0.0777970 0.0436475 0.0468166 0.0531900 0.0363527 0.0350383 0.0405666 0.0405666 0.0406746 0.0397393 0.0374659 0.0405124 0.0395031 0.0351299 0.0364003 0.0406917 0.0363604 0.0347054 0.0655882 0.0384140 0.0689906 
Kbre_CNTNAP2         0.0918241 0.0981083 0.1041938 0.0949149 0.0859746 0.0858468 0.0856738 0.0876363 0.0891826 0.0886797 0.0871574 0.0834510 0.0821930 0.0863767 0.0847550 0.0820027 0.0799016 0.0858203 0.0841655 0.0859899 0.0893039 0.0849855 0.0864066 0.0878627 0.0850404 0.1108028 0.0884624 0.0000000 0.0262690 0.0871847 0.0863961 0.0855761 0.0871472 0.0822006 0.0831415 0.0844848 0.0861312 0.0825491 0.1032048 0.1071967 0.1062618 0.0955133 0.0988638 0.0983645 0.0844910 0.1025273 0.1026376 0.1005303 0.0807056 0.1013253 0.1022107 0.0975337 0.0872676 0.0862814 0.0877444 0.0815739 0.0882488 0.0854324 0.0730624 0.0898310 0.0900260 0.0871026 0.0844140 0.0501837 0.0865039 0.0851807 0.0885692 0.0820642 0.0781971 0.0844839 0.0835275 0.0832987 0.0869849 0.0850281 0.0856374 0.0830774 0.0856448 0.0839206 0.0860535 0.0815017 0.0796535 0.0977283 0.0839251 0.1050164 
Ksim_CNTNAP2         0.0833766 0.0931058 0.0883761 0.0840917 0.0757756 0.0747377 0.0747578 0.0774829 0.0784230 0.0800673 0.0780348 0.0737254 0.0719679 0.0757505 0.0745929 0.0724414 0.0696878 0.0756503 0.0739482 0.0758019 0.0782779 0.0757205 0.0778709 0.0786323 0.0757717 0.0956668 0.0833928 0.0262690 0.0000000 0.0751332 0.0781359 0.0754352 0.0783401 0.0720574 0.0729301 0.0743485 0.0766982 0.0722906 0.0839874 0.0892461 0.0868100 0.0816519 0.0807920 0.0803836 0.0757464 0.0867607 0.0823382 0.0807671 0.0696067 0.0838316 0.0832793 0.0795375 0.0771559 0.0763844 0.0766804 0.0717422 0.0762926 0.0774878 0.0624288 0.0796310 0.0732104 0.0769950 0.0758811 0.0427522 0.0763514 0.0750560 0.0775211 0.0718553 0.0692157 0.0759441 0.0749710 0.0730690 0.0717478 0.0748395 0.0754922 0.0728705 0.0752425 0.0737350 0.0758678 0.0719844 0.0707512 0.0813005 0.0737386 0.0879897 
Lacu_CNTNAP2         0.0678675 0.0644845 0.0666119 0.0683524 0.0651992 0.0634368 0.0615594 0.0642218 0.0619082 0.0228225 0.0226532 0.0657633 0.0179202 0.0152869 0.0155217 0.0192389 0.0325074 0.0625320 0.0617784 0.0635193 0.0676581 0.0187580 0.0224838 0.0211785 0.0187706 0.0826241 0.0416291 0.0871847 0.0751332 0.0000000 0.0211072 0.0163226 0.0191358 0.0152104 0.0155297 0.0170889 0.0191674 0.0148379 0.0657704 0.0735989 0.0715942 0.0575014 0.0617480 0.0645476 0.0556633 0.0695841 0.0706469 0.0631578 0.0332887 0.0661171 0.0690068 0.0646162 0.0374773 0.0359585 0.0211096 0.0197819 0.0234811 0.0474864 0.0729573 0.0220080 0.0353382 0.0407414 0.0191873 0.0655903 0.0383833 0.0390392 0.0413451 0.0163218 0.0131879 0.0208369 0.0216534 0.0163422 0.0253242 0.0155367 0.0194792 0.0123695 0.0158281 0.0147431 0.0179335 0.0158636 0.0130786 0.0593870 0.0147150 0.0713804 
Lalb_CNTNAP2         0.0694508 0.0712464 0.0702249 0.0691132 0.0700384 0.0682080 0.0660684 0.0690522 0.0697963 0.0227735 0.0233431 0.0680706 0.0170897 0.0168991 0.0162694 0.0176346 0.0363772 0.0646967 0.0639499 0.0656843 0.0689925 0.0147173 0.0175368 0.0171019 0.0147273 0.0857577 0.0435969 0.0863961 0.0781359 0.0211072 0.0000000 0.0194102 0.0182441 0.0160619 0.0163091 0.0177970 0.0191274 0.0163707 0.0699045 0.0779667 0.0749506 0.0633259 0.0626205 0.0685096 0.0593678 0.0701160 0.0746966 0.0703493 0.0371546 0.0694641 0.0729706 0.0685815 0.0413349 0.0409937 0.0170758 0.0156037 0.0209789 0.0519598 0.0743945 0.0187119 0.0386571 0.0445945 0.0142857 0.0637656 0.0422495 0.0428883 0.0471327 0.0170688 0.0140370 0.0159115 0.0151000 0.0187112 0.0265500 0.0171091 0.0186349 0.0147161 0.0182015 0.0170705 0.0187165 0.0167079 0.0139490 0.0609253 0.0154923 0.0738455 
Laus_CNTNAP2         0.0667333 0.0679337 0.0673595 0.0663490 0.0656824 0.0638693 0.0624194 0.0664568 0.0652418 0.0087930 0.0076352 0.0627287 0.0131411 0.0128113 0.0123362 0.0135585 0.0323228 0.0621230 0.0603638 0.0620849 0.0681317 0.0155037 0.0183484 0.0178929 0.0155142 0.0812643 0.0394011 0.0855761 0.0754352 0.0163226 0.0194102 0.0000000 0.0057162 0.0134803 0.0123654 0.0030392 0.0039108 0.0030668 0.0631193 0.0723807 0.0695292 0.0574621 0.0562312 0.0641469 0.0530370 0.0672485 0.0692958 0.0652811 0.0330996 0.0640943 0.0676999 0.0633465 0.0372458 0.0366027 0.0194603 0.0156052 0.0162423 0.0456931 0.0705592 0.0195064 0.0320456 0.0404882 0.0150912 0.0611692 0.0381451 0.0387977 0.0421866 0.0115614 0.0073745 0.0167203 0.0175287 0.0147406 0.0194404 0.0139424 0.0146809 0.0123542 0.0125781 0.0115632 0.0147448 0.0110637 0.0089734 0.0600746 0.0131278 0.0692483 
Lbor_CNTNAP2         0.0690120 0.0747711 0.0701469 0.0686588 0.0658501 0.0639115 0.0645222 0.0666779 0.0634727 0.0082540 0.0098263 0.0636490 0.0132366 0.0120130 0.0115369 0.0141737 0.0329125 0.0629941 0.0621939 0.0640446 0.0684690 0.0149190 0.0174604 0.0174719 0.0149298 0.0807098 0.0417014 0.0871472 0.0783401 0.0191358 0.0182441 0.0057162 0.0000000 0.0126631 0.0124065 0.0048876 0.0057290 0.0032839 0.0653143 0.0740437 0.0729053 0.0598021 0.0590234 0.0642624 0.0549652 0.0680451 0.0696008 0.0669845 0.0337436 0.0643222 0.0670505 0.0642282 0.0381969 0.0366340 0.0182944 0.0154572 0.0165500 0.0460681 0.0557508 0.0191965 0.0337640 0.0407780 0.0149257 0.0635026 0.0382713 0.0389688 0.0417504 0.0123844 0.0077183 0.0166262 0.0174702 0.0141032 0.0181408 0.0132502 0.0148844 0.0115549 0.0126345 0.0115475 0.0149537 0.0124003 0.0085110 0.0610656 0.0123817 0.0698855 
Lhos30470_CNTNAP2    0.0645916 0.0645627 0.0633567 0.0633653 0.0655376 0.0635555 0.0607478 0.0625045 0.0631429 0.0158911 0.0177356 0.0624701 0.0033278 0.0049950 0.0041577 0.0069083 0.0301104 0.0596596 0.0588401 0.0607197 0.0643875 0.0101078 0.0139057 0.0126840 0.0101153 0.0794532 0.0375932 0.0822006 0.0720574 0.0152104 0.0160619 0.0134803 0.0126631 0.0000000 0.0041723 0.0117520 0.0138693 0.0092873 0.0603668 0.0706261 0.0675661 0.0570494 0.0578428 0.0599300 0.0533599 0.0625125 0.0663429 0.0606363 0.0300830 0.0616459 0.0647290 0.0609615 0.0363467 0.0355665 0.0109337 0.0089364 0.0117611 0.0457556 0.0720512 0.0144218 0.0287931 0.0398864 0.0103794 0.0598873 0.0364300 0.0371341 0.0403875 0.0049974 0.0044696 0.0103866 0.0112608 0.0050133 0.0168456 0.0041662 0.0066815 0.0041676 0.0059558 0.0049979 0.0066926 0.0059883 0.0026605 0.0534956 0.0033284 0.0660647 
Lhos452_CNTNAP2      0.0642754 0.0663089 0.0647161 0.0628965 0.0641772 0.0623642 0.0598089 0.0632054 0.0624831 0.0161594 0.0162656 0.0593076 0.0053711 0.0071661 0.0076833 0.0063422 0.0308105 0.0588824 0.0581290 0.0598537 0.0648780 0.0108369 0.0143542 0.0132061 0.0108443 0.0797673 0.0353573 0.0831415 0.0729301 0.0155297 0.0163091 0.0123654 0.0124065 0.0041723 0.0000000 0.0107833 0.0126689 0.0085177 0.0601983 0.0705983 0.0680028 0.0586607 0.0563653 0.0608905 0.0530487 0.0633723 0.0668483 0.0633553 0.0315895 0.0625620 0.0635732 0.0609553 0.0340942 0.0331157 0.0131638 0.0114742 0.0139232 0.0439885 0.0692054 0.0148037 0.0305562 0.0373327 0.0111155 0.0592236 0.0349845 0.0356494 0.0371684 0.0053673 0.0065650 0.0127344 0.0135398 0.0069205 0.0124971 0.0061423 0.0084552 0.0045919 0.0078116 0.0069139 0.0053752 0.0047075 0.0048743 0.0576684 0.0038206 0.0648793 
Lobl_CNTNAP2         0.0657146 0.0696104 0.0662608 0.0653103 0.0638151 0.0620132 0.0613979 0.0645883 0.0632910 0.0079745 0.0068538 0.0617021 0.0115550 0.0111707 0.0107579 0.0127305 0.0306413 0.0602771 0.0595285 0.0612480 0.0662555 0.0139062 0.0175087 0.0162815 0.0139155 0.0793068 0.0382766 0.0844848 0.0743485 0.0170889 0.0177970 0.0030392 0.0048876 0.0117520 0.0107833 0.0000000 0.0031212 0.0015282 0.0629546 0.0722530 0.0694097 0.0586023 0.0561323 0.0622826 0.0516699 0.0661185 0.0682537 0.0641594 0.0314160 0.0639846 0.0666860 0.0623483 0.0355391 0.0347724 0.0178427 0.0147476 0.0154282 0.0447180 0.0706201 0.0178848 0.0303801 0.0387673 0.0142630 0.0625072 0.0364302 0.0370870 0.0401036 0.0099862 0.0065389 0.0158861 0.0166920 0.0131443 0.0170835 0.0123514 0.0130913 0.0107735 0.0109681 0.0099877 0.0131481 0.0102491 0.0081377 0.0590973 0.0115443 0.0691254 
Lobs_CNTNAP2         0.0659721 0.0699203 0.0675362 0.0674754 0.0630052 0.0611571 0.0625667 0.0656229 0.0641333 0.0087870 0.0078425 0.0626852 0.0135023 0.0131764 0.0126744 0.0135865 0.0323873 0.0611820 0.0604129 0.0621836 0.0673399 0.0159312 0.0192099 0.0183882 0.0159423 0.0808012 0.0405841 0.0861312 0.0766982 0.0191674 0.0191274 0.0039108 0.0057290 0.0138693 0.0126689 0.0031212 0.0000000 0.0031503 0.0644064 0.0742259 0.0715366 0.0586408 0.0572734 0.0641475 0.0542426 0.0669895 0.0703562 0.0644127 0.0331850 0.0660667 0.0686919 0.0642170 0.0382973 0.0375962 0.0191780 0.0156384 0.0174973 0.0457983 0.0541826 0.0200480 0.0322248 0.0407756 0.0159381 0.0641434 0.0383690 0.0390384 0.0413906 0.0118783 0.0073900 0.0175747 0.0183864 0.0151473 0.0182465 0.0143264 0.0150843 0.0126934 0.0128923 0.0118802 0.0151518 0.0118929 0.0089923 0.0611262 0.0134883 0.0713211 
LperAUS_CNTNAP2      0.0627121 0.0679337 0.0640029 0.0612605 0.0617904 0.0599809 0.0595925 0.0625706 0.0611694 0.0064286 0.0069161 0.0595952 0.0085028 0.0080189 0.0077212 0.0104006 0.0292908 0.0582371 0.0574806 0.0592096 0.0642476 0.0124530 0.0160391 0.0148410 0.0124615 0.0773554 0.0366162 0.0825491 0.0722906 0.0148379 0.0163707 0.0030668 0.0032839 0.0092873 0.0085177 0.0015282 0.0031503 0.0000000 0.0602745 0.0701640 0.0673572 0.0574621 0.0543358 0.0602442 0.0504105 0.0638628 0.0662022 0.0621868 0.0300720 0.0619032 0.0646703 0.0603086 0.0342194 0.0333481 0.0155988 0.0130919 0.0139886 0.0429430 0.0685630 0.0164521 0.0303801 0.0374698 0.0127750 0.0595666 0.0351133 0.0357801 0.0381396 0.0077225 0.0048977 0.0144070 0.0152180 0.0108826 0.0159262 0.0100891 0.0108385 0.0085099 0.0086645 0.0077236 0.0108858 0.0079269 0.0065016 0.0570041 0.0092846 0.0670022 
Mbid_CNTNAP2         0.0867973 0.0358361 0.0391393 0.0828107 0.0871291 0.0855868 0.0885912 0.0810910 0.0784749 0.0648057 0.0629358 0.0870133 0.0588911 0.0588883 0.0588671 0.0602716 0.0531258 0.0842684 0.0817062 0.0845259 0.0888354 0.0660811 0.0662680 0.0703690 0.0661489 0.0333174 0.0654359 0.1032048 0.0839874 0.0657704 0.0699045 0.0631193 0.0653143 0.0603668 0.0601983 0.0629546 0.0644064 0.0602745 0.0000000 0.0124955 0.0145156 0.0119926 0.0108745 0.0108536 0.0087847 0.0156227 0.0125013 0.0194817 0.0570536 0.0121028 0.0170213 0.0133359 0.0682284 0.0641280 0.0672532 0.0672206 0.0697878 0.0699245 0.0727986 0.0718936 0.0765537 0.0665233 0.0646702 0.0889932 0.0641982 0.0665907 0.0681397 0.0575439 0.0581942 0.0675223 0.0661208 0.0578180 0.0542722 0.0603678 0.0616778 0.0590485 0.0588836 0.0575472 0.0588849 0.0588849 0.0577058 0.0295526 0.0603067 0.0321685 
Mbow_CNTNAP2         0.0938150 0.0424521 0.0393694 0.0949493 0.0899441 0.0899861 0.0884792 0.0888361 0.0899305 0.0733134 0.0750255 0.0906972 0.0707992 0.0736383 0.0715739 0.0713011 0.0694952 0.0890045 0.0872760 0.0891891 0.0949773 0.0755002 0.0766024 0.0784371 0.0755517 0.0392103 0.0812683 0.1071967 0.0892461 0.0735989 0.0779667 0.0723807 0.0740437 0.0706261 0.0705983 0.0722530 0.0742259 0.0701640 0.0124955 0.0000000 0.0171140 0.0178396 0.0195261 0.0162432 0.0184815 0.0260185 0.0188329 0.0199246 0.0694316 0.0179485 0.0221138 0.0162963 0.0741293 0.0719158 0.0783177 0.0743940 0.0770397 0.0769005 0.0822946 0.0804453 0.0810434 0.0728936 0.0755332 0.0899440 0.0723093 0.0748554 0.0736923 0.0697417 0.0671341 0.0765554 0.0755963 0.0728253 0.0688276 0.0718121 0.0734117 0.0707598 0.0698207 0.0697615 0.0737690 0.0698368 0.0676461 0.0357718 0.0706744 0.0400255 
Mcar_CNTNAP2         0.0911463 0.0423046 0.0363899 0.0931628 0.0902393 0.0902794 0.0897743 0.0872937 0.0888329 0.0735568 0.0721021 0.0899771 0.0679847 0.0706349 0.0687420 0.0693519 0.0648876 0.0874553 0.0857718 0.0876315 0.0930764 0.0725443 0.0736074 0.0753891 0.0725927 0.0356562 0.0750963 0.1062618 0.0868100 0.0715942 0.0749506 0.0695292 0.0729053 0.0675661 0.0680028 0.0694097 0.0715366 0.0673572 0.0145156 0.0171140 0.0000000 0.0179142 0.0206964 0.0174709 0.0161684 0.0242353 0.0146126 0.0160872 0.0648299 0.0191513 0.0216038 0.0175338 0.0712310 0.0662137 0.0752792 0.0723010 0.0722295 0.0750505 0.0781902 0.0773346 0.0747232 0.0699982 0.0725753 0.0856098 0.0694617 0.0719428 0.0726499 0.0669629 0.0652427 0.0735637 0.0726339 0.0699446 0.0652675 0.0689647 0.0705263 0.0679473 0.0673948 0.0669810 0.0708603 0.0670518 0.0657513 0.0348467 0.0687982 0.0363122 
Mden_CNTNAP2         0.0807427 0.0420250 0.0369398 0.0785963 0.0768767 0.0755778 0.0781201 0.0743022 0.0759987 0.0574881 0.0621254 0.0824371 0.0563400 0.0581289 0.0562970 0.0598130 0.0560937 0.0795186 0.0784199 0.0808482 0.0831415 0.0610421 0.0637051 0.0646920 0.0610963 0.0331536 0.0668994 0.0955133 0.0816519 0.0575014 0.0633259 0.0574621 0.0598021 0.0570494 0.0586607 0.0586023 0.0586408 0.0574621 0.0119926 0.0178396 0.0179142 0.0000000 0.0157380 0.0114433 0.0093701 0.0188905 0.0104149 0.0145503 0.0560210 0.0072522 0.0093404 0.0062071 0.0573575 0.0547055 0.0645608 0.0633357 0.0656284 0.0654508 0.0708675 0.0646643 0.0687483 0.0594663 0.0610766 0.0733007 0.0536584 0.0594993 0.0639392 0.0574775 0.0556932 0.0610179 0.0610179 0.0589559 0.0506673 0.0588438 0.0598461 0.0564724 0.0574673 0.0563095 0.0587559 0.0575845 0.0551839 0.0286423 0.0575498 0.0342840 
Meur_CNTNAP2         0.0833634 0.0405752 0.0388380 0.0831620 0.0836823 0.0837214 0.0846666 0.0816562 0.0829778 0.0600633 0.0579560 0.0821931 0.0562600 0.0576620 0.0562448 0.0580817 0.0597472 0.0808669 0.0791330 0.0810331 0.0876506 0.0619750 0.0630310 0.0629453 0.0620182 0.0387166 0.0689887 0.0988638 0.0807920 0.0617480 0.0626205 0.0562312 0.0590234 0.0578428 0.0563653 0.0561323 0.0572734 0.0543358 0.0108745 0.0195261 0.0206964 0.0157380 0.0000000 0.0164571 0.0173093 0.0204106 0.0177059 0.0188224 0.0596926 0.0156281 0.0189740 0.0156403 0.0645041 0.0608062 0.0646488 0.0636869 0.0635333 0.0700714 0.0713320 0.0668060 0.0705424 0.0650953 0.0620026 0.0799825 0.0625709 0.0651237 0.0683032 0.0553365 0.0548621 0.0639136 0.0629708 0.0583025 0.0524121 0.0582382 0.0589438 0.0554077 0.0546210 0.0553505 0.0592317 0.0554115 0.0563293 0.0300363 0.0571852 0.0330590 
Mgin_CNTNAP2         0.0851923 0.0387441 0.0353419 0.0851237 0.0812381 0.0795025 0.0789703 0.0766395 0.0776153 0.0660315 0.0674917 0.0816376 0.0608728 0.0631710 0.0616179 0.0610278 0.0587735 0.0785741 0.0778314 0.0796185 0.0839539 0.0652605 0.0661634 0.0679887 0.0653033 0.0354849 0.0681800 0.0983645 0.0803836 0.0645476 0.0685096 0.0641469 0.0642624 0.0599300 0.0608905 0.0622826 0.0641475 0.0602442 0.0108536 0.0162432 0.0174709 0.0114433 0.0164571 0.0000000 0.0148994 0.0225781 0.0165901 0.0124132 0.0587228 0.0142352 0.0162299 0.0138855 0.0641513 0.0616581 0.0687995 0.0637022 0.0684956 0.0661712 0.0910763 0.0698516 0.0687958 0.0638138 0.0651590 0.0798252 0.0614320 0.0638400 0.0642565 0.0599021 0.0567114 0.0661252 0.0652102 0.0627466 0.0563534 0.0618113 0.0633379 0.0608412 0.0601888 0.0599171 0.0636284 0.0597243 0.0572632 0.0297685 0.0616655 0.0371103 
MgraAUS_CNTNAP2      0.0806280 0.0396851 0.0346814 0.0787791 0.0781993 0.0769022 0.0769022 0.0768383 0.0786361 0.0508346 0.0554526 0.0815766 0.0530445 0.0547978 0.0530247 0.0529976 0.0491879 0.0729553 0.0704266 0.0730568 0.0824222 0.0570637 0.0585188 0.0609797 0.0570637 0.0352814 0.0551613 0.0844910 0.0757464 0.0556633 0.0593678 0.0530370 0.0549652 0.0533599 0.0530487 0.0516699 0.0542426 0.0504105 0.0087847 0.0184815 0.0161684 0.0093701 0.0173093 0.0148994 0.0000000 0.0174306 0.0079846 0.0124990 0.0491248 0.0114129 0.0125630 0.0079643 0.0479838 0.0482128 0.0582659 0.0569665 0.0567614 0.0576841 0.0676027 0.0637392 0.0549559 0.0502671 0.0584134 0.0744068 0.0453742 0.0490515 0.0525285 0.0530186 0.0523316 0.0597871 0.0584783 0.0545566 0.0488466 0.0557884 0.0555911 0.0530958 0.0532947 0.0530370 0.0543999 0.0531263 0.0519438 0.0315690 0.0543847 0.0329268 
Mhec_CNTNAP2         0.0857310 0.0459853 0.0419012 0.0889455 0.0854333 0.0843374 0.0862728 0.0822379 0.0849795 0.0649389 0.0700067 0.0839180 0.0634796 0.0651318 0.0633144 0.0636696 0.0639618 0.0834017 0.0815756 0.0835831 0.0886309 0.0674104 0.0703995 0.0704710 0.0674597 0.0371724 0.0726826 0.1025273 0.0867607 0.0695841 0.0701160 0.0672485 0.0680451 0.0625125 0.0633723 0.0661185 0.0669895 0.0638628 0.0156227 0.0260185 0.0242353 0.0188905 0.0204106 0.0225781 0.0174306 0.0000000 0.0155445 0.0247799 0.0639001 0.0186338 0.0216678 0.0172691 0.0670060 0.0649603 0.0713767 0.0667703 0.0680701 0.0716318 0.1021053 0.0704280 0.0718179 0.0677135 0.0672677 0.0857270 0.0650548 0.0677446 0.0672671 0.0623854 0.0588899 0.0683544 0.0673272 0.0646732 0.0592468 0.0635365 0.0653324 0.0625287 0.0601952 0.0614121 0.0634576 0.0621832 0.0584148 0.0343502 0.0624505 0.0354347 
