80
Bacu_MYH2         0.0000000 0.0923912 0.0821531 0.0247919 0.0489815 0.0298267 0.0314864 0.0319203 0.0526662 0.0244487 0.0358634 0.1012581 0.1383151 0.0444208 0.0758298 0.0713392 0.0793633 0.0765602 0.0999773 0.0854330 0.0616106 0.0489783 0.0369088 0.0870150 0.0842937 0.0843472 0.1109446 0.0931422 0.1139433 0.0828234 0.0863936 0.0751763 0.0849106 0.0669883 0.1142180 0.1121855 0.1452432 0.0831210 0.0887149 0.0697640 0.0738757 0.0804305 0.0883513 0.1379428 0.0855701 0.1007098 0.1321756 0.1185470 0.0811254 0.1015076 0.0957382 0.1122313 0.0748489 0.0838973 0.0881013 0.0745724 0.0626188 0.0953842 0.0693162 0.0902976 0.0876269 0.1460330 0.1376327 0.0787114 0.0740308 0.0836185 0.0755347 0.0668356 0.0761438 0.1407247 0.0697276 0.1039575 0.1050840 0.0798854 0.1201813 0.3861545 0.0698192 0.0717959 0.0841125 0.1011085 
Barn_MYH2         0.0923912 0.0000000 0.0245980 0.1018546 0.0772756 0.0867002 0.0796777 0.1047314 0.1144884 0.0939599 0.1226879 0.1152013 0.0960523 0.0995716 0.0956719 0.0917549 0.0626965 0.0698801 0.1074609 0.0847066 0.1078640 0.0745864 0.0960168 0.1082861 0.0719538 0.1116095 0.1004262 0.0498701 0.1287715 0.0833360 0.1249801 0.0777816 0.0820703 0.0645624 0.0764527 0.0849629 0.1251644 0.0970941 0.1018808 0.0706640 0.0861852 0.0558450 0.0495467 0.0863274 0.0557170 0.0866334 0.1115390 0.0836124 0.0798200 0.1001223 0.1528813 0.0895262 0.0471598 0.0658045 0.1147902 0.0955839 0.0901071 0.0809451 0.0745601 0.1575189 0.1007110 0.1667383 0.1036928 0.1004049 0.1232948 0.1231376 0.0764246 0.0710007 0.0656118 0.1559253 0.0648371 0.1280584 0.0815530 0.0863070 0.1022745 1.2511287 0.0656118 0.0789709 0.0638413 0.0679832 
Bbai76728_MYH2    0.0821531 0.0245980 0.0000000 0.1072831 0.1159652 0.0874820 0.0991576 0.0818378 0.0869681 0.0793205 0.1102206 0.1146379 0.1072536 0.0886367 0.0875946 0.0778611 0.0716650 0.0806987 0.1119534 0.1303570 0.0995808 0.0756035 0.0999093 0.1024359 0.0935509 0.0869724 0.1082403 0.0406955 0.1250528 0.0758561 0.0993435 0.0769774 0.0914359 0.0740821 0.1590482 0.1434411 0.1700483 0.0893967 0.1016321 0.0823213 0.0283018 0.0445696 0.0353301 0.0702183 0.0439821 0.0621572 0.0841841 0.0844553 0.0433385 0.0806946 0.1263189 0.0538986 0.0421437 0.0437111 0.1317468 0.0816187 0.0820199 0.1038959 0.0786508 0.1384029 0.1087445 0.1752841 0.1587973 0.0888144 0.0877685 0.1166879 0.0912790 0.0842225 0.0889846 0.1479672 0.0729956 0.1386464 0.1157914 0.0914462 0.1073524 0.4310043 0.0856539 0.0873725 0.0410311 0.0476519 
BbonAUS_MYH2      0.0247919 0.1018546 0.1072831 0.0000000 0.0201642 0.0218701 0.0150357 0.0420948 0.0732593 0.0297445 0.0178088 0.1157379 0.1489249 0.0469914 0.0773909 0.0911812 0.0670850 0.0779041 0.1006841 0.0822445 0.0535126 0.0737312 0.0275240 0.1220185 0.0821501 0.1038930 0.1235426 0.1062875 0.1160867 0.1104366 0.1332019 0.1075080 0.0759575 0.0895321 0.0960271 0.0861816 0.1023433 0.1081859 0.1050100 0.0793264 0.0737133 0.0803492 0.1116240 0.1507338 0.0777035 0.0947759 0.1280900 0.0841449 0.0796821 0.1166705 0.1154210 0.1201985 0.1077079 0.0844451 0.1496026 0.0993833 0.0674647 0.1028143 0.0716299 0.1032183 0.0873476 0.1324875 0.1548912 0.0864831 0.1015368 0.0923247 0.0684076 0.0738040 0.1067813 0.1538339 0.0978407 0.0983193 0.0754035 0.0742926 0.1118946 0.6177989 0.0722812 0.0786950 0.1141464 0.1146064 
Bbor_MYH2         0.0489815 0.0772756 0.1159652 0.0201642 0.0000000 0.0122958 0.0115582 0.0464193 0.0758424 0.0384484 0.0270252 0.1049594 0.1455690 0.0476722 0.0780133 0.0975525 0.0772049 0.0751048 0.0826727 0.1167278 0.0508236 0.0772326 0.0291573 0.1139362 0.0860078 0.1120428 0.0981017 0.1071361 0.1120907 0.1181792 0.1119910 0.1050216 0.0748368 0.1017527 0.1378561 0.0882970 0.0961936 0.1079856 0.0877610 0.0718811 0.0838201 0.0704251 0.1088938 0.1573246 0.0782276 0.0885359 0.1063778 0.1200425 0.0837189 0.1108442 0.1064401 0.1416364 0.1162710 0.0781051 0.1400751 0.1015665 0.0624837 0.0913095 0.0644988 0.0874873 0.0770691 0.1056995 0.1967651 0.0719300 0.1162341 0.0940432 0.0691396 0.0712656 0.1091779 0.1549379 0.0926797 0.0909424 0.0677654 0.0874661 0.1129460 0.6445550 0.0727146 0.0758885 0.1203571 0.1125346 
Bede66737_MYH2    0.0298267 0.0867002 0.0874820 0.0218701 0.0122958 0.0000000 0.0073008 0.0264060 0.0555538 0.0166587 0.0362055 0.1164805 0.1523893 0.0466574 0.0829734 0.0735508 0.0764983 0.0801733 0.0883151 0.1018552 0.0552401 0.0542336 0.0320738 0.0869599 0.0902892 0.0862882 0.1177197 0.0800980 0.1115413 0.0957610 0.1005964 0.0788622 0.0807921 0.0753291 0.1570275 0.0899538 0.1092838 0.0858292 0.0929119 0.0772889 0.0911224 0.0755939 0.0769505 0.1545585 0.0830853 0.0864910 0.1327120 0.1321766 0.0890852 0.1318241 0.1213306 0.1045154 0.0871291 0.0826527 0.1187006 0.0765837 0.0682069 0.0983135 0.0696249 0.1034986 0.0828562 0.1280680 0.1647214 0.0934637 0.0883360 0.1031319 0.0740522 0.0770972 0.0817402 0.1972932 0.0769159 0.0987777 0.0751696 0.0857863 0.1209424 0.5992894 0.0776841 0.0828216 0.0886205 0.1243698 
BedeAUS_MYH2      0.0314864 0.0796777 0.0991576 0.0150357 0.0115582 0.0073008 0.0000000 0.0360600 0.0619533 0.0300246 0.0343857 0.0952893 0.1264103 0.0530106 0.0726769 0.0680314 0.0640340 0.0695190 0.0658845 0.1135182 0.0569929 0.0660650 0.0310023 0.0669004 0.0813833 0.0771182 0.0931486 0.0879783 0.1234801 0.1076272 0.1005230 0.0721183 0.0627550 0.0742446 0.1417504 0.0758809 0.0780862 0.0763642 0.0834959 0.0604827 0.0786947 0.0748086 0.0789378 0.1818482 0.0854577 0.0934670 0.1604587 0.1346327 0.0850255 0.1240503 0.1188829 0.1164743 0.0880300 0.0781561 0.1081852 0.0708512 0.0582968 0.0894141 0.0590528 0.0892123 0.0586016 0.1311989 0.1578515 0.0582021 0.0717671 0.0864718 0.0590912 0.0697004 0.0788152 0.2062073 0.0716393 0.0696565 0.0617266 0.0542010 0.1058353 0.5763706 0.0709574 0.0784489 0.0977489 0.1225317 
Bmus49099_MYH2    0.0319203 0.1047314 0.0818378 0.0420948 0.0464193 0.0264060 0.0360600 0.0000000 0.0518234 0.0189671 0.0347895 0.0966487 0.1091790 0.0427333 0.0898210 0.0737288 0.0849052 0.0873209 0.1049558 0.0669907 0.0545631 0.0567107 0.0310227 0.0922551 0.0983811 0.0862877 0.1128770 0.0801141 0.1093336 0.0839010 0.0641721 0.0775543 0.0903026 0.0507464 0.1307061 0.1269222 0.1682112 0.0651072 0.0647511 0.0849421 0.0628695 0.0829151 0.0863687 0.1089987 0.0814730 0.0986666 0.1335345 0.1160035 0.0907229 0.0848750 0.1085294 0.1024895 0.0785289 0.0847524 0.0898770 0.0753865 0.0782132 0.0927029 0.0734643 0.0782579 0.0963017 0.1195429 0.1131915 0.0902563 0.0744598 0.1029491 0.0870959 0.0807621 0.0827136 0.1576227 0.0731199 0.1148523 0.1156532 0.1067766 0.1367153 0.4248448 0.0812601 0.0895788 0.0897838 0.1147992 
Bmys_MYH2         0.0526662 0.1144884 0.0869681 0.0732593 0.0758424 0.0555538 0.0619533 0.0518234 0.0000000 0.0397033 0.0508624 0.1128595 0.1681493 0.0582707 0.0955829 0.0785823 0.0926683 0.0848415 0.1241496 0.0409720 0.0128280 0.0099205 0.0509914 0.0963339 0.0906128 0.0906106 0.1186044 0.0869196 0.1428470 0.0926256 0.0975546 0.0756086 0.0947622 0.0687550 0.1153590 0.1311077 0.1746279 0.0899761 0.1106747 0.0755278 0.0807153 0.0946582 0.0885520 0.1415130 0.0955146 0.0999293 0.1475415 0.1467746 0.1024357 0.1240317 0.1246519 0.1085050 0.0876419 0.1035450 0.1018326 0.0796267 0.0820484 0.1083649 0.0745462 0.1099937 0.1005289 0.1366985 0.1487824 0.0883216 0.0905011 0.1068193 0.0901175 0.0824193 0.0822505 0.1586044 0.0741823 0.1214046 0.1068985 0.0833337 0.1288206 0.4282195 0.0792217 0.0823443 0.0944776 0.1170036 
Bphy_MYH2         0.0244487 0.0939599 0.0793205 0.0297445 0.0384484 0.0166587 0.0300246 0.0189671 0.0397033 0.0000000 0.0117634 0.0952569 0.1388883 0.0379443 0.0798691 0.0660016 0.0750046 0.0750967 0.1029138 0.0790946 0.0462891 0.0473182 0.0250880 0.0871410 0.0811457 0.0787413 0.1072081 0.0800132 0.1216878 0.0785235 0.0809639 0.0690896 0.0801568 0.0635999 0.1159258 0.1247251 0.1543762 0.0831825 0.0939412 0.0663319 0.0707761 0.0813489 0.0825276 0.1436914 0.0822371 0.0926494 0.1471625 0.1216821 0.0832226 0.1155063 0.1145366 0.0982589 0.0824180 0.0858915 0.0908185 0.0688153 0.0687729 0.0941161 0.0652318 0.0959512 0.0866674 0.1284881 0.1418079 0.0788338 0.0765973 0.0920456 0.0740441 0.0723396 0.0776650 0.1450844 0.0711409 0.1040917 0.1105732 0.0816161 0.1154221 0.4169765 0.0730444 0.0778191 0.0760446 0.1013683 
Bphy_baits_MYH2   0.0358634 0.1226879 0.1102206 0.0178088 0.0270252 0.0362055 0.0343857 0.0347895 0.0508624 0.0117634 0.0000000 0.1210158 0.1787169 0.0502051 0.0921293 0.0839848 0.0806486 0.0924551 0.1004627 0.0941371 0.0561618 0.0477706 0.0407332 0.0876314 0.0886829 0.0964129 0.1183483 0.0923030 0.1381006 0.1031856 0.1122434 0.0965914 0.0867538 0.0935219 0.1608529 0.0919980 0.1020954 0.1000384 0.1220607 0.0927443 0.1149163 0.0943427 0.1002786 0.2007012 0.1066558 0.1212494 0.1956476 0.1645082 0.1031638 0.1436809 0.1364250 0.1348360 0.0963380 0.1119709 0.1320301 0.0928683 0.0716109 0.1070453 0.0843112 0.1136214 0.0798708 0.1155680 0.1700263 0.1166385 0.0927864 0.1086547 0.0810413 0.0804756 0.0867364 0.2481978 0.0881261 0.0902501 0.0863948 0.1028733 0.1409331 0.6595625 0.0884598 0.0914878 0.1199449 0.1320208 
Ccom40_MYH2       0.1012581 0.1152013 0.1146379 0.1157379 0.1049594 0.1164805 0.0952893 0.0966487 0.1128595 0.0952569 0.1210158 0.0000000 0.0871631 0.1084630 0.0346196 0.0294332 0.0405706 0.0286792 0.0781287 0.1585970 0.1185475 0.1112295 0.1169156 0.0576179 0.0358580 0.0537217 0.0857906 0.0828651 0.1004469 0.1076692 0.1081035 0.0415397 0.0610794 0.0287559 0.0790893 0.0425847 0.0424775 0.0300040 0.0435451 0.0232077 0.0596211 0.0807606 0.1016628 0.2004189 0.0803758 0.0880939 0.1206248 0.1080560 0.0729853 0.1032084 0.0840006 0.1152182 0.1025556 0.0939957 0.0514216 0.0350275 0.0264720 0.0930546 0.0403896 0.0707775 0.0575174 0.1668464 0.1371457 0.0553518 0.0313894 0.0283109 0.0481593 0.0375508 0.0208582 0.1389544 0.0283193 0.0387783 0.0386220 0.0293718 0.0400737 0.5459849 0.0315750 0.0203254 0.0892156 0.1161581 
Chea7320_MYH2     0.1383151 0.0960523 0.1072536 0.1489249 0.1455690 0.1523893 0.1264103 0.1091790 0.1681493 0.1388883 0.1787169 0.0871631 0.0000000 0.1230209 0.0968768 0.0880400 0.0786739 0.0695157 0.0897473 0.2391677 0.1721439 0.1732112 0.1373901 0.0758702 0.0794382 0.0977395 0.1081830 0.1351920 0.1269445 0.1482121 0.1439210 0.0750141 0.0806983 0.0648735 0.2011770 0.0749410 0.0786813 0.0634177 0.0485716 0.0777345 0.0927478 0.1248148 0.1302507 0.1098607 0.0956193 0.1349449 0.1405070 0.1465255 0.1347843 0.1388586 0.1486950 0.1627168 0.1413783 0.1093540 0.1058442 0.0947718 0.0884768 0.0992263 0.0761077 0.1263451 0.0757674 0.2238229 0.1815879 0.0523545 0.0802339 0.1277670 0.0809315 0.0814520 0.0660881 0.2001802 0.0688402 0.0741880 0.0854559 0.0757394 0.0957446 0.7204251 0.0732121 0.0810424 0.0810250 0.1073179 
Cmar59905_MYH2    0.0444208 0.0995716 0.0886367 0.0469914 0.0476722 0.0466574 0.0530106 0.0427333 0.0582707 0.0379443 0.0502051 0.1084630 0.1230209 0.0000000 0.0994996 0.0865006 0.0807281 0.0858558 0.1216018 0.0845559 0.0663669 0.0725776 0.0423503 0.1291135 0.0767679 0.0979989 0.1063332 0.0895184 0.1010828 0.0846681 0.1196435 0.0890479 0.1151335 0.0907956 0.1021123 0.1032954 0.1183967 0.0979388 0.1109377 0.0933770 0.0843848 0.0809122 0.0907033 0.1015364 0.0694514 0.0816352 0.1511701 0.0781581 0.1050847 0.1192432 0.1449726 0.1109573 0.0914970 0.0740318 0.1051127 0.0894366 0.0878061 0.1156996 0.0819308 0.1279011 0.1196247 0.1038915 0.0970211 0.0887709 0.1102748 0.1078204 0.0826882 0.0757426 0.0717983 0.1275614 0.0744780 0.1147627 0.0837881 0.0857856 0.1048444 0.5010075 0.0768669 0.0726140 0.0963977 0.1240270 
Dcap108471_MYH2   0.0758298 0.0956719 0.0875946 0.0773909 0.0780133 0.0829734 0.0726769 0.0898210 0.0955829 0.0798691 0.0921293 0.0346196 0.0968768 0.0994996 0.0000000 0.0055522 0.0103756 0.0115234 0.0617253 0.1291575 0.0977761 0.0799389 0.0934914 0.0346589 0.0232006 0.0266223 0.0548667 0.0787743 0.1062396 0.0960788 0.0974311 0.0192323 0.0287927 0.0244709 0.0678504 0.0182417 0.0355183 0.0218372 0.0373726 0.0168746 0.0687476 0.0868054 0.0810689 0.1960851 0.0895819 0.0936801 0.1305323 0.1362928 0.0712203 0.1270973 0.0639720 0.0858002 0.0921294 0.0937973 0.0626194 0.0244569 0.0078384 0.0819371 0.0212108 0.0665878 0.0343451 0.1405491 0.1047862 0.0474900 0.0155938 0.0189139 0.0221032 0.0191645 0.0168584 0.1400518 0.0116579 0.0349934 0.0183352 0.0256856 0.0265162 0.2669602 0.0095884 0.0092116 0.0870567 0.1230338 
Dcap79929_MYH2    0.0713392 0.0917549 0.0778611 0.0911812 0.0975525 0.0735508 0.0680314 0.0737288 0.0785823 0.0660016 0.0839848 0.0294332 0.0880400 0.0865006 0.0055522 0.0000000 0.0041947 0.0055611 0.0500543 0.1143016 0.0854839 0.0708282 0.0768313 0.0254772 0.0215347 0.0187560 0.0464176 0.0655839 0.1062396 0.0804119 0.0745854 0.0113161 0.0205946 0.0156801 0.0555686 0.0389134 0.0581362 0.0145960 0.0319032 0.0106633 0.0693222 0.0809326 0.0727904 0.1686779 0.0828778 0.0929375 0.1080631 0.1251435 0.0748575 0.1063205 0.0612947 0.0656318 0.0812061 0.0855534 0.0543046 0.0142361 0.0060202 0.0813202 0.0124705 0.0565270 0.0266052 0.1609987 0.0943637 0.0364920 0.0095531 0.0180057 0.0155278 0.0165008 0.0130321 0.0847404 0.0068278 0.0289920 0.0339510 0.0099611 0.0186726 0.2197100 0.0074695 0.0066598 0.0760226 0.1106559 
DdelSJR_MYH2      0.0793633 0.0626965 0.0716650 0.0670850 0.0772049 0.0764983 0.0640340 0.0849052 0.0926683 0.0750046 0.0806486 0.0405706 0.0786739 0.0807281 0.0103756 0.0041947 0.0000000 0.0040744 0.0444886 0.1604267 0.0965126 0.0842333 0.0763465 0.0328883 0.0264160 0.0283855 0.0447878 0.0757907 0.1037876 0.0920027 0.0917816 0.0160890 0.0207365 0.0169872 0.0846703 0.0200418 0.0359997 0.0214799 0.0251157 0.0090011 0.0637797 0.0751505 0.0751924 0.1778695 0.0699169 0.0903384 0.1180567 0.1342166 0.0671854 0.1109706 0.0692569 0.0980135 0.0844786 0.0640201 0.0696595 0.0160558 0.0090201 0.0756280 0.0159979 0.0600511 0.0324540 0.1587711 0.0949081 0.0372274 0.0155394 0.0267396 0.0217401 0.0160121 0.0131366 0.1445238 0.0062007 0.0357891 0.0073632 0.0082738 0.0207501 0.3156144 0.0061616 0.0101359 0.0791122 0.1002083 
Ddeltrop4525_MYH2 0.0765602 0.0698801 0.0806987 0.0779041 0.0751048 0.0801733 0.0695190 0.0873209 0.0848415 0.0750967 0.0924551 0.0286792 0.0695157 0.0858558 0.0115234 0.0055611 0.0040744 0.0000000 0.0453548 0.1378344 0.0865787 0.0830010 0.0817729 0.0297307 0.0190190 0.0260053 0.0403134 0.0652209 0.1052800 0.0994513 0.0905819 0.0140974 0.0260135 0.0219383 0.0623559 0.0182403 0.0323574 0.0129031 0.0229317 0.0082198 0.0669207 0.0739116 0.0692277 0.1676415 0.0726971 0.0890833 0.1162095 0.1368111 0.0735773 0.1076827 0.0605257 0.0818135 0.0818547 0.0704614 0.0612126 0.0139641 0.0082456 0.0728453 0.0168149 0.0682345 0.0267866 0.1314658 0.0956118 0.0450221 0.0141112 0.0219337 0.0171356 0.0139474 0.0118467 0.1242663 0.0057099 0.0265603 0.0089237 0.0098814 0.0133765 0.2551283 0.0054296 0.0086772 0.0682130 0.1085231 
Dleu_MYH2         0.0999773 0.1074609 0.1119534 0.1006841 0.0826727 0.0883151 0.0658845 0.1049558 0.1241496 0.1029138 0.1004627 0.0781287 0.0897473 0.1216018 0.0617253 0.0500543 0.0444886 0.0453548 0.0000000 0.1752483 0.1278767 0.1076804 0.1111256 0.0357574 0.0625436 0.0671377 0.0854001 0.0821895 0.1202643 0.0881643 0.1150197 0.0443347 0.0305498 0.0356151 0.1294066 0.0363843 0.0547617 0.0439225 0.0572654 0.0406812 0.1054839 0.0997416 0.0839319 0.2587528 0.0724282 0.0790454 0.1788845 0.2064986 0.0755725 0.1670573 0.0393742 0.0683634 0.1013972 0.0729771 0.0855943 0.0578573 0.0563972 0.0966062 0.0521421 0.0809748 0.0326078 0.1843594 0.1104545 0.0535266 0.0454622 0.0768965 0.0482849 0.0521268 0.0524879 0.2743240 0.0453364 0.0516436 0.0547939 0.0399429 0.0716608 0.5341814 0.0481443 0.0535885 0.0773992 0.1199281 
EausAUS_MYH2      0.0854330 0.0847066 0.1303570 0.0822445 0.1167278 0.1018552 0.1135182 0.0669907 0.0409720 0.0790946 0.0941371 0.1585970 0.2391677 0.0845559 0.1291575 0.1143016 0.1604267 0.1378344 0.1752483 0.0000000 0.0275267 0.0064651 0.0955731 0.1535079 0.1105696 0.1429679 0.2069433 0.1286566 0.1479699 0.0947860 0.1181009 0.1269883 0.1592234 0.1042319 0.0938054 0.2163235 0.2764151 0.1129544 0.1185085 0.1285950 0.1158166 0.0760539 0.1366999 0.1359860 0.1398949 0.1557169 0.1192520 0.1289699 0.1412102 0.0869375 0.1098392 0.1875213 0.0838971 0.1394110 0.1413919 0.1058374 0.0759485 0.0925229 0.1284331 0.1039559 0.1821371 0.2041463 0.0951436 0.0794969 0.1179040 0.0869393 0.1497773 0.0950230 0.0807583 0.1548313 0.1123554 0.1974471 0.2025141 0.1817179 0.2055681 0.6285616 0.1301329 0.0799049 0.1424305 0.1840565 
Egla13086_MYH2    0.0616106 0.1078640 0.0995808 0.0535126 0.0508236 0.0552401 0.0569929 0.0545631 0.0128280 0.0462891 0.0561618 0.1185475 0.1721439 0.0663669 0.0977761 0.0854839 0.0965126 0.0865787 0.1278767 0.0275267 0.0000000 0.0047476 0.0507192 0.1116486 0.0941076 0.1041781 0.1273300 0.0987867 0.1532886 0.1051549 0.1082000 0.0858166 0.0977133 0.0851857 0.1383313 0.1089373 0.1408771 0.1001126 0.1138425 0.0826566 0.0850566 0.0939851 0.0974413 0.1422954 0.0993999 0.0964000 0.1322314 0.1518317 0.1057594 0.1185722 0.1341828 0.1260014 0.1004499 0.1066568 0.1217077 0.0899111 0.0862861 0.1172613 0.0765020 0.1151897 0.1033598 0.1097061 0.1855994 0.0988839 0.1035953 0.1014759 0.0931102 0.0936005 0.0986585 0.1407816 0.0864833 0.1277319 0.0873562 0.0750106 0.1262682 0.6656599 0.0838729 0.0851045 0.1190527 0.1242633 
Ejap43864_MYH2    0.0489783 0.0745864 0.0756035 0.0737312 0.0772326 0.0542336 0.0660650 0.0567107 0.0099205 0.0473182 0.0477706 0.1112295 0.1732112 0.0725776 0.0799389 0.0708282 0.0842333 0.0830010 0.1076804 0.0064651 0.0047476 0.0000000 0.0539823 0.0911949 0.0922026 0.0782689 0.1003369 0.0783983 0.1413790 0.0963704 0.0879770 0.0711084 0.0896915 0.0679567 0.0895780 0.1408241 0.1793090 0.0722797 0.0989737 0.0716932 0.0795181 0.0849698 0.0738373 0.1752819 0.0906719 0.1068223 0.1425791 0.0918914 0.0929468 0.1273794 0.1141376 0.0868869 0.0790940 0.0892228 0.1075070 0.0650053 0.0677748 0.0910285 0.0695143 0.1104258 0.1057620 0.1484778 0.1055311 0.0749892 0.0791769 0.0918226 0.0793418 0.0861829 0.0725121 0.1664869 0.0699191 0.1190041 0.1205697 0.0756821 0.1217795 0.5776268 0.0765398 0.0850766 0.0959322 0.1227749 
Erob133443_MYH2   0.0369088 0.0960168 0.0999093 0.0275240 0.0291573 0.0320738 0.0310023 0.0310227 0.0509914 0.0250880 0.0407332 0.1169156 0.1373901 0.0423503 0.0934914 0.0768313 0.0763465 0.0817729 0.1111256 0.0955731 0.0507192 0.0539823 0.0000000 0.1054192 0.0890204 0.0930487 0.1066517 0.0878902 0.1290684 0.0788775 0.1063692 0.0842699 0.0953625 0.0788851 0.1425847 0.0947459 0.1181176 0.0900679 0.1066327 0.0873178 0.0795640 0.0887858 0.0898177 0.1482828 0.0892669 0.0944426 0.1452475 0.1468483 0.1000590 0.1211260 0.1314469 0.1152834 0.0998512 0.0981704 0.1193517 0.0853640 0.0845420 0.1106814 0.0753472 0.1161155 0.0969839 0.1155321 0.1724254 0.0780993 0.0890654 0.1022198 0.0756057 0.0820125 0.0856846 0.1420903 0.0798527 0.1102229 0.0871583 0.0799847 0.1037188 0.5819159 0.0792018 0.0758381 0.1087219 0.1081245 
Fatt_MYH2         0.0870150 0.1082861 0.1024359 0.1220185 0.1139362 0.0869599 0.0669004 0.0922551 0.0963339 0.0871410 0.0876314 0.0576179 0.0758702 0.1291135 0.0346589 0.0254772 0.0328883 0.0297307 0.0357574 0.1535079 0.1116486 0.0911949 0.1054192 0.0000000 0.0419439 0.0292626 0.0578040 0.0872530 0.1550118 0.0836991 0.1088285 0.0221743 0.0199017 0.0197469 0.1065598 0.0443501 0.0532858 0.0297306 0.0389204 0.0296354 0.1071499 0.1075459 0.0900027 0.2471497 0.0797678 0.0960169 0.1940278 0.1985403 0.0794185 0.1756595 0.0669243 0.0666516 0.1011668 0.0763417 0.0762057 0.0265059 0.0242786 0.0981788 0.0267086 0.0816266 0.0087503 0.2154124 0.1185775 0.0685300 0.0165680 0.0479038 0.0224045 0.0267268 0.0330086 0.2336559 0.0251976 0.0260070 0.0563335 0.0245139 0.0577546 0.3354150 0.0322913 0.0276147 0.0725272 0.1164624 
Ggri_MYH2         0.0842937 0.0719538 0.0935509 0.0821501 0.0860078 0.0902892 0.0813833 0.0983811 0.0906128 0.0811457 0.0886829 0.0358580 0.0794382 0.0767679 0.0232006 0.0215347 0.0264160 0.0190190 0.0625436 0.1105696 0.0941076 0.0922026 0.0890204 0.0419439 0.0000000 0.0288299 0.0412617 0.0939223 0.1032554 0.0950497 0.1158893 0.0246283 0.0343670 0.0270940 0.0439579 0.0365262 0.0407492 0.0239996 0.0372547 0.0255693 0.0749114 0.0857713 0.0873179 0.1753531 0.0721885 0.1034859 0.1510035 0.0694996 0.0893720 0.1256537 0.0826713 0.0965558 0.0957583 0.0891609 0.0632804 0.0214498 0.0141225 0.1049054 0.0112489 0.0783782 0.0312830 0.1456208 0.0765542 0.0392626 0.0338805 0.0235708 0.0161207 0.0215575 0.0183980 0.1258598 0.0200830 0.0339008 0.0248607 0.0259023 0.0307287 0.5104164 0.0245956 0.0140708 0.0917221 0.1402556 
Gmac39091_MYH2    0.0843472 0.1116095 0.0869724 0.1038930 0.1120428 0.0862882 0.0771182 0.0862877 0.0906106 0.0787413 0.0964129 0.0537217 0.0977395 0.0979989 0.0266223 0.0187560 0.0283855 0.0260053 0.0671377 0.1429679 0.1041781 0.0782689 0.0930487 0.0292626 0.0288299 0.0000000 0.0314889 0.0824851 0.1202856 0.0837465 0.0904398 0.0167618 0.0414783 0.0289168 0.1000725 0.0736507 0.0903778 0.0265167 0.0453142 0.0256314 0.0884554 0.0890724 0.0878168 0.1854754 0.0958923 0.0953404 0.1605592 0.1450000 0.0803861 0.1362442 0.0783698 0.0855402 0.0870317 0.0949464 0.0828406 0.0226084 0.0148256 0.0955896 0.0146018 0.0668839 0.0321658 0.1884985 0.1200160 0.0592936 0.0269854 0.0339787 0.0189857 0.0229592 0.0269085 0.1855563 0.0241671 0.0535360 0.0531368 0.0472546 0.0496391 0.3036202 0.0283920 0.0261311 0.0933961 0.1231988 
Gmel_MYH2         0.1109446 0.1004262 0.1082403 0.1235426 0.0981017 0.1177197 0.0931486 0.1128770 0.1186044 0.1072081 0.1183483 0.0857906 0.1081830 0.1063332 0.0548667 0.0464176 0.0447878 0.0403134 0.0854001 0.2069433 0.1273300 0.1003369 0.1066517 0.0578040 0.0412617 0.0314889 0.0000000 0.0992537 0.1741194 0.1144612 0.1210932 0.0325155 0.0714026 0.0508598 0.0983237 0.0540812 0.0995598 0.0430796 0.0481021 0.0405553 0.1461093 0.0980275 0.1167936 0.2286322 0.0979733 0.1258733 0.1309795 0.2369603 0.1279419 0.1570805 0.0589000 0.1024810 0.0992149 0.1043966 0.0995522 0.0505099 0.0416503 0.1011126 0.0244300 0.0762639 0.0556036 0.1191935 0.1173884 0.0681529 0.0616514 0.0317772 0.0321346 0.0324629 0.0440220 0.0843535 0.0345734 0.1033885 0.0364771 0.0679673 0.0347982 0.4748356 0.0426682 0.0344362 0.1097945 0.1358234 
Hamp_MYH2         0.0931422 0.0498701 0.0406955 0.1062875 0.1071361 0.0800980 0.0879783 0.0801141 0.0869196 0.0800132 0.0923030 0.0828651 0.1351920 0.0895184 0.0787743 0.0655839 0.0757907 0.0652209 0.0821895 0.1286566 0.0987867 0.0783983 0.0878902 0.0872530 0.0939223 0.0824851 0.0992537 0.0000000 0.1163396 0.0706329 0.0803082 0.0650967 0.0747199 0.0640755 0.1559176 0.1232972 0.1617114 0.0714898 0.0838225 0.0579107 0.0312279 0.0155314 0.0105532 0.0998637 0.0184419 0.0337224 0.0581121 0.0782910 0.0290530 0.0446630 0.0769116 0.0309259 0.0235868 0.0219682 0.1134255 0.0712691 0.0696677 0.0841305 0.0715701 0.0940880 0.0911478 0.1806083 0.1282109 0.0762579 0.0781067 0.0963217 0.0857021 0.0744079 0.0730160 0.1583746 0.0622352 0.1109037 0.1118253 0.0826821 0.1010020 0.4717376 0.0713584 0.0837433 0.0472333 0.0554415 
Igeo_MYH2         0.1139433 0.1287715 0.1250528 0.1160867 0.1120907 0.1115413 0.1234801 0.1093336 0.1428470 0.1216878 0.1381006 0.1004469 0.1269445 0.1010828 0.1062396 0.1062396 0.1037876 0.1052800 0.1202643 0.1479699 0.1532886 0.1413790 0.1290684 0.1550118 0.1032554 0.1202856 0.1741194 0.1163396 0.0000000 0.1469619 0.1459326 0.1011051 0.1582899 0.1219116 0.1612590 0.1284367 0.1328087 0.1004040 0.0967719 0.1050272 0.0993031 0.0910161 0.1122302 0.2026201 0.1098365 0.1059052 0.1519760 0.0900443 0.1252880 0.1008117 0.1487923 0.1298856 0.1184944 0.1320623 0.1181709 0.1107090 0.0967719 0.0552589 0.1108621 0.1300146 0.1550709 0.1877536 0.1402021 0.1075119 0.1284310 0.1284765 0.1006460 0.1042630 0.0909089 0.2198594 0.1012493 0.1316033 0.1060988 0.1259109 0.1325794 0.0971683 0.1060943 0.0953053 0.1089512 0.1836527 
Kbre_MYH2         0.0828234 0.0833360 0.0758561 0.1104366 0.1181792 0.0957610 0.1076272 0.0839010 0.0926256 0.0785235 0.1031856 0.1076692 0.1482121 0.0846681 0.0960788 0.0804119 0.0920027 0.0994513 0.0881643 0.0947860 0.1051549 0.0963704 0.0788775 0.0836991 0.0950497 0.0837465 0.1144612 0.0706329 0.1469619 0.0000000 0.0169980 0.0872971 0.0909682 0.0854315 0.0978827 0.1236122 0.1272298 0.0903298 0.1162708 0.0919720 0.0824374 0.0744161 0.0810303 0.1694310 0.0769752 0.1030058 0.1257745 0.0808734 0.0888743 0.1120549 0.1158527 0.0853155 0.0824569 0.0784329 0.1054881 0.0877545 0.0842047 0.1011741 0.0872327 0.1135300 0.0864865 0.1354064 0.1123714 0.0757869 0.0860856 0.1042303 0.0916637 0.0954799 0.0807355 0.1351188 0.0829358 0.0902360 0.1536119 0.0998532 0.1285185 0.5834966 0.0962465 0.0875004 0.1010798 0.1337211 
Ksim_MYH2         0.0863936 0.1249801 0.0993435 0.1332019 0.1119910 0.1005964 0.1005230 0.0641721 0.0975546 0.0809639 0.1122434 0.1081035 0.1439210 0.1196435 0.0974311 0.0745854 0.0917816 0.0905819 0.1150197 0.1181009 0.1082000 0.0879770 0.1063692 0.1088285 0.1158893 0.0904398 0.1210932 0.0803082 0.1459326 0.0169980 0.0000000 0.0837687 0.1018899 0.0681169 0.1524416 0.1444868 0.1810842 0.0648150 0.0904452 0.0908409 0.0915424 0.1002093 0.0834058 0.1786605 0.0891861 0.1096393 0.1322556 0.1567489 0.0894115 0.1001009 0.0926570 0.0866979 0.0992102 0.0849254 0.1002007 0.0946904 0.0924819 0.0946167 0.0939240 0.0840496 0.1218891 0.1368217 0.1275415 0.0666019 0.0714144 0.1068544 0.0981455 0.1072487 0.0894735 0.1449549 0.0801084 0.1267035 0.1414478 0.1300357 0.1178818 0.5824205 0.0878515 0.1096148 0.1104400 0.1293803 
Lacu_MYH2         0.0751763 0.0777816 0.0769774 0.1075080 0.1050216 0.0788622 0.0721183 0.0775543 0.0756086 0.0690896 0.0965914 0.0415397 0.0750141 0.0890479 0.0192323 0.0113161 0.0160890 0.0140974 0.0443347 0.1269883 0.0858166 0.0711084 0.0842699 0.0221743 0.0246283 0.0167618 0.0325155 0.0650967 0.1011051 0.0872971 0.0837687 0.0000000 0.0324891 0.0218200 0.0713793 0.0555051 0.0734800 0.0172292 0.0250972 0.0161485 0.0805030 0.0805658 0.0689759 0.1849629 0.0782097 0.0975380 0.1536549 0.1606932 0.0790085 0.1248175 0.0688911 0.0672450 0.0741829 0.0788869 0.0621284 0.0097935 0.0067063 0.0773944 0.0112343 0.0682981 0.0293844 0.1573670 0.1026794 0.0517923 0.0190173 0.0215235 0.0142437 0.0175066 0.0191899 0.1192881 0.0138817 0.0433709 0.0425678 0.0196430 0.0308673 0.2735976 0.0162366 0.0120545 0.0737324 0.1180653 
Lalb_MYH2         0.0849106 0.0820703 0.0914359 0.0759575 0.0748368 0.0807921 0.0627550 0.0903026 0.0947622 0.0801568 0.0867538 0.0610794 0.0806983 0.1151335 0.0287927 0.0205946 0.0207365 0.0260135 0.0305498 0.1592234 0.0977133 0.0896915 0.0953625 0.0199017 0.0343670 0.0414783 0.0714026 0.0747199 0.1582899 0.0909682 0.1018899 0.0324891 0.0000000 0.0155218 0.1162975 0.0200631 0.0271505 0.0333586 0.0432227 0.0322416 0.0790442 0.0867996 0.0813852 0.2323678 0.0760946 0.0894791 0.1602576 0.1725010 0.0722009 0.1541067 0.0756805 0.0690594 0.0934502 0.0686433 0.0761940 0.0353990 0.0228013 0.1092894 0.0293199 0.0721380 0.0172305 0.1775036 0.1296730 0.0460747 0.0187129 0.0557265 0.0353098 0.0384928 0.0413614 0.2085769 0.0292065 0.0242087 0.0361578 0.0152945 0.0524079 0.5969720 0.0289462 0.0339467 0.0671752 0.1084484 
Laus_MYH2         0.0669883 0.0645624 0.0740821 0.0895321 0.1017527 0.0753291 0.0742446 0.0507464 0.0687550 0.0635999 0.0935219 0.0287559 0.0648735 0.0907956 0.0244709 0.0156801 0.0169872 0.0219383 0.0356151 0.1042319 0.0851857 0.0679567 0.0788851 0.0197469 0.0270940 0.0289168 0.0508598 0.0640755 0.1219116 0.0854315 0.0681169 0.0218200 0.0155218 0.0000000 0.0691402 0.0463577 0.0610548 0.0109832 0.0187689 0.0155343 0.0553922 0.0701373 0.0722496 0.1548090 0.0778817 0.0926067 0.1245245 0.1345491 0.0751163 0.1043176 0.0678202 0.0840558 0.0711491 0.0717945 0.0535831 0.0238654 0.0128622 0.0784533 0.0208501 0.0470774 0.0207039 0.1756003 0.0755826 0.0241972 0.0130516 0.0346829 0.0245098 0.0245491 0.0276441 0.1628492 0.0166385 0.0298285 0.0506266 0.0242588 0.0488804 0.3279047 0.0251882 0.0221229 0.0720830 0.1149659 
Lbor_MYH2         0.1142180 0.0764527 0.1590482 0.0960271 0.1378561 0.1570275 0.1417504 0.1307061 0.1153590 0.1159258 0.1608529 0.0790893 0.2011770 0.1021123 0.0678504 0.0555686 0.0846703 0.0623559 0.1294066 0.0938054 0.1383313 0.0895780 0.1425847 0.1065598 0.0439579 0.1000725 0.0983237 0.1559176 0.1612590 0.0978827 0.1524416 0.0713793 0.1162975 0.0691402 0.0000000 0.0698822 0.1239617 0.0665309 0.0698436 0.0595822 0.1000834 0.0705953 0.1812220 0.1511257 0.1369599 0.1634061 0.1024803 0.1275792 0.1563288 0.0885266 0.0840785 0.2327216 0.1019485 0.1435233 0.0993483 0.0587462 0.0276432 0.1021171 0.0625413 0.0917466 0.1064431 0.1948210 0.0814348 0.0461934 0.0718151 0.0228320 0.0699274 0.0325274 0.0329402 0.0799335 0.0488068 0.1186761 0.0674811 0.0653600 0.0718315 0.5308877 0.0550701 0.0094039 0.1501778 0.1937135 
Lhos30470_MYH2    0.1121855 0.0849629 0.1434411 0.0861816 0.0882970 0.0899538 0.0758809 0.1269222 0.1311077 0.1247251 0.0919980 0.0425847 0.0749410 0.1032954 0.0182417 0.0389134 0.0200418 0.0182403 0.0363843 0.2163235 0.1089373 0.1408241 0.0947459 0.0443501 0.0365262 0.0736507 0.0540812 0.1232972 0.1284367 0.1236122 0.1444868 0.0555051 0.0200631 0.0463577 0.0698822 0.0000000 0.0125372 0.0522978 0.0319268 0.0198531 0.0929958 0.0873100 0.1405725 0.2174981 0.0769964 0.0963751 0.1404199 0.1578958 0.0796765 0.1399834 0.0560891 0.1355484 0.1355472 0.0744627 0.0973789 0.0570613 0.0143886 0.0774288 0.0305084 0.0744459 0.0206537 0.1571429 0.1394981 0.0499589 0.0328951 0.0292969 0.0255916 0.0207739 0.0521123 0.1565512 0.0309328 0.0209490 0.0225430 0.0168871 0.0370655 0.4023724 0.0170547 0.0075095 0.1157812 0.1177122 
Lhos452_MYH2      0.1452432 0.1251644 0.1700483 0.1023433 0.0961936 0.1092838 0.0780862 0.1682112 0.1746279 0.1543762 0.1020954 0.0424775 0.0786813 0.1183967 0.0355183 0.0581362 0.0359997 0.0323574 0.0547617 0.2764151 0.1408771 0.1793090 0.1181176 0.0532858 0.0407492 0.0903778 0.0995598 0.1617114 0.1328087 0.1272298 0.1810842 0.0734800 0.0271505 0.0610548 0.1239617 0.0125372 0.0000000 0.0766146 0.0607939 0.0354532 0.1038616 0.1208707 0.1587914 0.2610517 0.0864984 0.0966352 0.1903288 0.1701559 0.0785926 0.1809179 0.0756268 0.1497385 0.1949646 0.0989949 0.1048507 0.0671948 0.0309092 0.1071671 0.0476462 0.0969550 0.0271302 0.1910254 0.2175084 0.0657403 0.0431738 0.0344130 0.0407703 0.0411328 0.0572943 0.2295569 0.0517991 0.0100356 0.0342381 0.0171074 0.0454979 0.4792086 0.0350764 0.0165513 0.1456192 0.1338419 
Lobl_MYH2         0.0831210 0.0970941 0.0893967 0.1081859 0.1079856 0.0858292 0.0763642 0.0651072 0.0899761 0.0831825 0.1000384 0.0300040 0.0634177 0.0979388 0.0218372 0.0145960 0.0214799 0.0129031 0.0439225 0.1129544 0.1001126 0.0722797 0.0900679 0.0297306 0.0239996 0.0265167 0.0430796 0.0714898 0.1004040 0.0903298 0.0648150 0.0172292 0.0333586 0.0109832 0.0665309 0.0522978 0.0766146 0.0000000 0.0102891 0.0162160 0.0724530 0.0742704 0.0821286 0.1516490 0.0736746 0.0965816 0.1108901 0.1168704 0.0784778 0.0931354 0.0470435 0.0810481 0.0731101 0.0700321 0.0620732 0.0179931 0.0090844 0.0721983 0.0173171 0.0473550 0.0277445 0.1916424 0.0775248 0.0410488 0.0145474 0.0202554 0.0218814 0.0210635 0.0203958 0.1098788 0.0147718 0.0348004 0.0452062 0.0272900 0.0327936 0.2969377 0.0196295 0.0156259 0.0794247 0.1160504 
Lobs_MYH2         0.0887149 0.1018808 0.1016321 0.1050100 0.0877610 0.0929119 0.0834959 0.0647511 0.1106747 0.0939412 0.1220607 0.0435451 0.0485716 0.1109377 0.0373726 0.0319032 0.0251157 0.0229317 0.0572654 0.1185085 0.1138425 0.0989737 0.1066327 0.0389204 0.0372547 0.0453142 0.0481021 0.0838225 0.0967719 0.1162708 0.0904452 0.0250972 0.0432227 0.0187689 0.0698436 0.0319268 0.0607939 0.0102891 0.0000000 0.0222915 0.0818132 0.0938797 0.0844439 0.1397397 0.0856750 0.1086605 0.1233278 0.1554976 0.1007306 0.0920719 0.0668882 0.0958784 0.1022498 0.0848907 0.0606246 0.0403266 0.0259240 0.0771006 0.0255539 0.0617555 0.0418446 0.1427556 0.0826262 0.0376430 0.0308254 0.0407851 0.0252583 0.0269792 0.0308728 0.1178556 0.0218702 0.0616145 0.0255248 0.0417268 0.0421293 0.3524691 0.0252052 0.0210519 0.0844634 0.1328337 
LperAUS_MYH2      0.0697640 0.0706640 0.0823213 0.0793264 0.0718811 0.0772889 0.0604827 0.0849421 0.0755278 0.0663319 0.0927443 0.0232077 0.0777345 0.0933770 0.0168746 0.0106633 0.0090011 0.0082198 0.0406812 0.1285950 0.0826566 0.0716932 0.0873178 0.0296354 0.0255693 0.0256314 0.0405553 0.0579107 0.1050272 0.0919720 0.0908409 0.0161485 0.0322416 0.0155343 0.0595822 0.0198531 0.0354532 0.0162160 0.0222915 0.0000000 0.0636946 0.0709010 0.0665078 0.1911961 0.0708156 0.0836656 0.1230753 0.1411793 0.0675054 0.1224468 0.0675185 0.0691493 0.0808226 0.0677999 0.0576755 0.0134435 0.0066020 0.0732547 0.0157361 0.0687103 0.0319307 0.1356572 0.1055505 0.0365582 0.0154046 0.0234936 0.0170155 0.0134253 0.0129237 0.1502776 0.0061272 0.0351461 0.0072021 0.0146467 0.0264891 0.3331040 0.0103730 0.0099727 0.0583011 0.0923581 
Mbid_MYH2         0.0738757 0.0861852 0.0283018 0.0737133 0.0838201 0.0911224 0.0786947 0.0628695 0.0807153 0.0707761 0.1149163 0.0596211 0.0927478 0.0843848 0.0687476 0.0693222 0.0637797 0.0669207 0.1054839 0.1158166 0.0850566 0.0795181 0.0795640 0.1071499 0.0749114 0.0884554 0.1461093 0.0312279 0.0993031 0.0824374 0.0915424 0.0805030 0.0790442 0.0553922 0.1000834 0.0929958 0.1038616 0.0724530 0.0818132 0.0636946 0.0000000 0.0277535 0.0193362 0.0434944 0.0279359 0.0396549 0.0655459 0.0477895 0.0137605 0.0182905 0.0984419 0.0629930 0.0297977 0.0360660 0.0789911 0.0757650 0.0651166 0.1021710 0.0797350 0.0937506 0.1070371 0.1460638 0.1766368 0.1062878 0.0762453 0.0898023 0.0807786 0.0646008 0.0682370 0.1955975 0.0677165 0.0978001 0.0723043 0.0901316 0.0982613 0.8358872 0.0671334 0.0754394 0.0496471 0.0316281 
Mbow_MYH2         0.0804305 0.0558450 0.0445696 0.0803492 0.0704251 0.0755939 0.0748086 0.0829151 0.0946582 0.0813489 0.0943427 0.0807606 0.1248148 0.0809122 0.0868054 0.0809326 0.0751505 0.0739116 0.0997416 0.0760539 0.0939851 0.0849698 0.0887858 0.1075459 0.0857713 0.0890724 0.0980275 0.0155314 0.0910161 0.0744161 0.1002093 0.0805658 0.0867996 0.0701373 0.0705953 0.0873100 0.1208707 0.0742704 0.0938797 0.0709010 0.0277535 0.0000000 0.0054594 0.1129841 0.0170576 0.0207617 0.0480445 0.0221133 0.0343418 0.0347344 0.0808667 0.0345880 0.0243424 0.0224224 0.0907266 0.0859287 0.0750211 0.0851141 0.0775519 0.1031949 0.1023768 0.1364658 0.1005707 0.0734380 0.0887336 0.1031539 0.0741240 0.0703172 0.0667854 0.1650807 0.0687420 0.1139117 0.0809497 0.0828405 0.0962565 0.7607013 0.0708329 0.0779806 0.0289072 0.0596580 
Mcar_MYH2         0.0883513 0.0495467 0.0353301 0.1116240 0.1088938 0.0769505 0.0789378 0.0863687 0.0885520 0.0825276 0.1002786 0.1016628 0.1302507 0.0907033 0.0810689 0.0727904 0.0751924 0.0692277 0.0839319 0.1366999 0.0974413 0.0738373 0.0898177 0.0900027 0.0873179 0.0878168 0.1167936 0.0105532 0.1122302 0.0810303 0.0834058 0.0689759 0.0813852 0.0722496 0.1812220 0.1405725 0.1587914 0.0821286 0.0844439 0.0665078 0.0193362 0.0054594 0.0000000 0.1027422 0.0146239 0.0247676 0.0605403 0.0633369 0.0134386 0.0499222 0.0909867 0.0304273 0.0174751 0.0134476 0.1342902 0.0643961 0.0690246 0.0959048 0.0713475 0.1138709 0.0986181 0.1877720 0.1684001 0.1159230 0.0825297 0.1029480 0.0885554 0.0784072 0.0793592 0.1861076 0.0662123 0.1156980 0.1139487 0.0906112 0.1104754 0.4996006 0.0722390 0.0844576 0.0405865 0.0492661 
Mden_MYH2         0.1379428 0.0863274 0.0702183 0.1507338 0.1573246 0.1545585 0.1818482 0.1089987 0.1415130 0.1436914 0.2007012 0.2004189 0.1098607 0.1015364 0.1960851 0.1686779 0.1778695 0.1676415 0.2587528 0.1359860 0.1422954 0.1752819 0.1482828 0.2471497 0.1753531 0.1854754 0.2286322 0.0998637 0.2026201 0.1694310 0.1786605 0.1849629 0.2323678 0.1548090 0.1511257 0.2174981 0.2610517 0.1516490 0.1397397 0.1911961 0.0434944 0.1129841 0.1027422 0.0000000 0.0838936 0.1453480 0.0920680 0.0401963 0.1365598 0.0936351 0.2743968 0.1959454 0.1197419 0.0866778 0.1722147 0.1731699 0.1756192 0.1812300 0.1599309 0.1751463 0.2310096 0.2127074 0.1456102 0.1117302 0.2088012 0.2115501 0.1635997 0.1547103 0.1709460 0.1062592 0.1578899 0.2601593 0.1875916 0.2273715 0.2200147 0.9971695 0.1616191 0.1651616 0.1066819 0.0720726 
Meur_MYH2         0.0855701 0.0557170 0.0439821 0.0777035 0.0782276 0.0830853 0.0854577 0.0814730 0.0955146 0.0822371 0.1066558 0.0803758 0.0956193 0.0694514 0.0895819 0.0828778 0.0699169 0.0726971 0.0724282 0.1398949 0.0993999 0.0906719 0.0892669 0.0797678 0.0721885 0.0958923 0.0979733 0.0184419 0.1098365 0.0769752 0.0891861 0.0782097 0.0760946 0.0778817 0.1369599 0.0769964 0.0864984 0.0736746 0.0856750 0.0708156 0.0279359 0.0170576 0.0146239 0.0838936 0.0000000 0.0303420 0.0645366 0.0780146 0.0371920 0.0489882 0.0963733 0.0323723 0.0249525 0.0151439 0.0990638 0.0880320 0.0809376 0.0914912 0.0822837 0.1076133 0.0796742 0.1148896 0.1418033 0.0703447 0.0848358 0.1079760 0.0829382 0.0794390 0.0708213 0.1351156 0.0704595 0.0820557 0.0826291 0.0725676 0.0912788 0.5478099 0.0782643 0.0809568 0.0403399 0.0610737 
Mgin_MYH2         0.1007098 0.0866334 0.0621572 0.0947759 0.0885359 0.0864910 0.0934670 0.0986666 0.0999293 0.0926494 0.1212494 0.0880939 0.1349449 0.0816352 0.0936801 0.0929375 0.0903384 0.0890833 0.0790454 0.1557169 0.0964000 0.1068223 0.0944426 0.0960169 0.1034859 0.0953404 0.1258733 0.0337224 0.1059052 0.1030058 0.1096393 0.0975380 0.0894791 0.0926067 0.1634061 0.0963751 0.0966352 0.0965816 0.1086605 0.0836656 0.0396549 0.0207617 0.0247676 0.1453480 0.0303420 0.0000000 0.1058123 0.0963519 0.0426590 0.0753354 0.1182718 0.0646236 0.0484877 0.0397079 0.0935210 0.0941840 0.0880964 0.1055889 0.0936230 0.1156020 0.0924952 0.1531580 0.1859338 0.0902957 0.0917624 0.1217623 0.0968716 0.0916627 0.0881413 0.2736771 0.0851730 0.0893244 0.0821562 0.0693913 0.1197353 0.8063880 0.0892914 0.0969225 0.0574409 0.0774204 
MgraAUS_MYH2      0.1321756 0.1115390 0.0841841 0.1280900 0.1063778 0.1327120 0.1604587 0.1335345 0.1475415 0.1471625 0.1956476 0.1206248 0.1405070 0.1511701 0.1305323 0.1080631 0.1180567 0.1162095 0.1788845 0.1192520 0.1322314 0.1425791 0.1452475 0.1940278 0.1510035 0.1605592 0.1309795 0.0581121 0.1519760 0.1257745 0.1322556 0.1536549 0.1602576 0.1245245 0.1024803 0.1404199 0.1903288 0.1108901 0.1233278 0.1230753 0.0655459 0.0480445 0.0605403 0.0920680 0.0645366 0.1058123 0.0000000 0.0560869 0.0753110 0.0361463 0.0621585 0.0458135 0.0703245 0.0710494 0.1151486 0.1389933 0.1313551 0.1304438 0.1223240 0.0922444 0.1827718 0.1160369 0.1640067 0.0980255 0.1299240 0.1116373 0.1259394 0.1298270 0.1154054 0.0955657 0.1109557 0.2017087 0.1477331 0.1620070 0.1002669 1.5531089 0.1247787 0.1239665 0.0619084 0.0644938 
Mhec_MYH2         0.1185470 0.0836124 0.0844553 0.0841449 0.1200425 0.1321766 0.1346327 0.1160035 0.1467746 0.1216821 0.1645082 0.1080560 0.1465255 0.0781581 0.1362928 0.1251435 0.1342166 0.1368111 0.2064986 0.1289699 0.1518317 0.0918914 0.1468483 0.1985403 0.0694996 0.1450000 0.2369603 0.0782910 0.0900443 0.0808734 0.1567489 0.1606932 0.1725010 0.1345491 0.1275792 0.1578958 0.1701559 0.1168704 0.1554976 0.1411793 0.0477895 0.0221133 0.0633369 0.0401963 0.0780146 0.0963519 0.0560869 0.0000000 0.0769465 0.0200661 0.1110481 0.1336782 0.0474378 0.0880596 0.1382687 0.1152826 0.0803151 0.0906043 0.1430064 0.1118245 0.1954736 0.2175896 0.1761112 0.0939126 0.1377692 0.0893626 0.1441322 0.0905101 0.0607184 0.1665396 0.1280218 0.1581147 0.1664450 0.2088054 0.1477864 0.7583234 0.1290719 0.0809268 0.0910899 0.0924122 
