Supplemental results for CODEML (seqf: /home/leticiamagpali/phd/evol_models/codeml/small_dataset/cml_align/MYH2_codon_aligned.phy  treef: /home/leticiamagpali/phd/evol_models/codeml/small_dataset/cml_trees/species_trees/H1a_trees/MYH2_tree_H1a.tre)

I	J	ij	2Ns_IJ	pMut_IJ	pSub_IJ	2Ns_JI	pMut_JI	pSub_JI

TTC	TTT	CT	-0.94635	0.05008	0.03007	0.94635	0.01944	0.03007
TTA	TTT	AT	9.03665	0.00000	0.00000	-9.03665	0.00530	0.00001
TTA	TTC	AC	9.98299	0.00000	0.00000	-9.98299	0.01499	0.00001
TTG	TTT	GT	1.47485	0.00296	0.00566	-1.47485	0.01293	0.00566
TTG	TTC	GC	2.42119	0.00325	0.00864	-2.42119	0.03661	0.00864
TTG	TTA	GA	-7.56180	0.00418	0.00002	7.56180	0.00000	0.00000
TCT	TTT	CT	1.22315	0.00572	0.00992	-1.22315	0.01944	0.00992
TCC	TTC	CT	0.64205	0.02896	0.03924	-0.64205	0.05503	0.03924
TCC	TCT	CT	-1.52744	0.02896	0.01226	1.52744	0.00629	0.01226
TCA	TTA	CT	-8.65488	0.00863	0.00001	8.65488	0.00000	0.00000
TCA	TCT	AT	-0.84138	0.00397	0.00253	0.84138	0.00171	0.00253
TCA	TCC	AC	0.68606	0.00436	0.00603	-0.68606	0.00867	0.00603
TCG	TTG	CT	0.67112	0.00361	0.00495	-0.67112	0.00706	0.00495
TCG	TCT	GT	0.92281	0.00166	0.00255	-0.92281	0.00418	0.00255
TCG	TCC	GC	2.45025	0.00183	0.00490	-2.45025	0.02117	0.00490
TCG	TCA	GA	1.76420	0.00235	0.00499	-1.76420	0.01369	0.00499
TAT	TTT	AT	0.42985	0.00345	0.00424	-0.42985	0.00530	0.00424
TAT	TCT	AC	-0.79330	0.00379	0.00248	0.79330	0.00171	0.00248
TAC	TTC	AT	0.28187	0.01131	0.01298	-0.28187	0.01499	0.01298
TAC	TCC	AC	-0.36019	0.01243	0.01032	0.36019	0.00867	0.01032
TAC	TAT	CT	-1.09433	0.02456	0.01352	1.09433	0.00822	0.01352
TGT	TTT	GT	4.66669	0.00012	0.00057	-4.66669	0.01293	0.00057
TGT	TCT	GC	3.44354	0.00013	0.00048	-3.44354	0.00418	0.00048
TGT	TAT	GA	4.23684	0.00017	0.00074	-4.23684	0.01188	0.00074
TGC	TTC	GT	1.82915	0.00588	0.01281	-1.82915	0.03661	0.01281
TGC	TCC	GC	1.18709	0.00646	0.01103	-1.18709	0.02117	0.01103
TGC	TAC	GA	1.54728	0.00830	0.01631	-1.54728	0.03898	0.01631
TGC	TGT	CT	-3.78389	0.01276	0.00112	3.78389	0.00029	0.00112
TGG	TTG	GT	-0.19630	0.00572	0.00517	0.19630	0.00470	0.00517
TGG	TCG	GC	-0.86742	0.00628	0.00395	0.86742	0.00264	0.00395
TGG	TGT	GT	-3.38815	0.00572	0.00068	3.38815	0.00019	0.00068
TGG	TGC	GC	0.39574	0.00628	0.00760	-0.39574	0.00933	0.00760
CTT	TTT	CT	1.44629	0.00458	0.00866	-1.44629	0.01944	0.00866
CTC	TTC	CT	0.69191	0.02755	0.03817	-0.69191	0.05503	0.03817
CTC	CTT	CT	-1.70073	0.02755	0.01046	1.70073	0.00503	0.01046
CTA	TTA	CT	-8.04021	0.00467	0.00001	8.04021	0.00000	0.00000
CTA	CTT	AT	-0.44985	0.00215	0.00170	0.44985	0.00137	0.00170
CTA	CTC	AC	1.25088	0.00236	0.00414	-1.25088	0.00825	0.00414
CTG	TTG	CT	-2.73898	0.10923	0.02067	2.73898	0.00706	0.02067
CTG	CTT	GT	-2.71043	0.05030	0.00971	2.71043	0.00335	0.00971
CTG	CTC	GC	-1.00970	0.05527	0.03199	1.00970	0.02014	0.03199
CTG	CTA	GA	-2.26058	0.07100	0.01869	2.26058	0.00740	0.01869
CCT	TCT	CT	1.37825	0.00158	0.00292	-1.37825	0.00629	0.00292
CCT	CTT	CT	1.15510	0.00158	0.00267	-1.15510	0.00503	0.00267
CCC	TCC	CT	0.66454	0.01637	0.02241	-0.66454	0.03182	0.02241
CCC	CTC	CT	0.61469	0.01637	0.02192	-0.61469	0.03027	0.02192
CCC	CCT	CT	-2.24114	0.01637	0.00437	2.24114	0.00174	0.00437
CCA	TCA	CT	0.67186	0.00484	0.00665	-0.67186	0.00948	0.00665
CCA	CTA	CT	0.05719	0.00484	0.00498	-0.05719	0.00513	0.00498
CCA	CCT	AT	-1.54776	0.00223	0.00093	1.54776	0.00047	0.00093
CCA	CCC	AC	0.69338	0.00245	0.00340	-0.69338	0.00490	0.00340
CCG	TCG	CT	-0.89268	0.00968	0.00600	0.89268	0.00397	0.00600
CCG	CTG	CT	2.51742	0.00968	0.02651	-2.51742	0.12003	0.02651
CCG	CCT	GT	-1.34811	0.00446	0.00211	1.34811	0.00116	0.00211
CCG	CCC	GC	0.89304	0.00490	0.00741	-0.89304	0.01197	0.00741
CCG	CCA	GA	0.19965	0.00629	0.00694	-0.19965	0.00768	0.00694
CAT	TAT	CT	2.05198	0.00106	0.00249	-2.05198	0.00822	0.00249
CAT	CTT	AT	1.03554	0.00049	0.00078	-1.03554	0.00137	0.00078
CAT	CCT	AC	-0.11957	0.00053	0.00050	0.11957	0.00047	0.00050
CAC	TAC	CT	0.15329	0.02315	0.02497	-0.15329	0.02698	0.02497
CAC	CTC	AT	-0.25675	0.01066	0.00935	0.25675	0.00825	0.00935
CAC	CCC	AC	-0.87144	0.01171	0.00734	0.87144	0.00490	0.00734
CAC	CAT	CT	-2.99302	0.02315	0.00366	2.99302	0.00116	0.00366
CAA	CTA	AT	-1.02486	0.00389	0.00223	1.02486	0.00140	0.00223
CAA	CCA	AC	-1.08205	0.00428	0.00237	1.08205	0.00145	0.00237
CAA	CAT	AT	-2.51024	0.00389	0.00086	2.51024	0.00032	0.00086
CAA	CAC	AC	0.48277	0.00428	0.00539	-0.48277	0.00693	0.00539
CAG	CTG	AT	0.22053	0.02623	0.02922	-0.22053	0.03270	0.02922
CAG	CCG	AC	-2.29690	0.02882	0.00740	2.29690	0.00290	0.00740
CAG	CAT	GT	-3.52544	0.02623	0.00280	3.52544	0.00077	0.00280
CAG	CAC	GC	-0.53242	0.02882	0.02182	0.53242	0.01692	0.02182
CAG	CAA	GA	-1.01520	0.03702	0.02135	1.01520	0.01341	0.02135
CGT	TGT	CT	-2.13936	0.00246	0.00070	2.13936	0.00029	0.00070
CGT	CTT	GT	1.08104	0.00113	0.00186	-1.08104	0.00335	0.00186
CGT	CCT	GC	-0.07406	0.00125	0.00120	0.07406	0.00116	0.00120
CGT	CAT	GA	0.04550	0.00160	0.00164	-0.04550	0.00168	0.00164
CGC	TGC	CT	-0.57094	0.02482	0.01841	0.57094	0.01402	0.01841
CGC	CTC	GT	0.56630	0.01143	0.01497	-0.56630	0.02014	0.01497
CGC	CCC	GC	-0.04839	0.01256	0.01226	0.04839	0.01197	0.01226
CGC	CAC	GA	0.82305	0.01613	0.02367	-0.82305	0.03674	0.02367
CGC	CGT	CT	-2.21547	0.02482	0.00673	2.21547	0.00271	0.00673
CGA	CTA	GT	0.11480	0.00304	0.00322	-0.11480	0.00341	0.00322
CGA	CCA	GC	0.05761	0.00334	0.00344	-0.05761	0.00354	0.00344
CGA	CAA	GA	1.13966	0.00429	0.00719	-1.13966	0.01341	0.00719
CGA	CGT	AT	-1.41608	0.00304	0.00138	1.41608	0.00074	0.00138
CGA	CGC	AC	0.79939	0.00334	0.00485	-0.79939	0.00743	0.00485
CGG	TGG	CT	0.02571	0.01329	0.01346	-0.02571	0.01364	0.01346
CGG	CTG	GT	2.56839	0.00612	0.01703	-2.56839	0.07984	0.01703
CGG	CCG	GC	0.05097	0.00673	0.00690	-0.05097	0.00708	0.00690
CGG	CAG	GA	2.34787	0.00864	0.02243	-2.34787	0.09039	0.02243
CGG	CGT	GT	-1.22308	0.00612	0.00312	1.22308	0.00180	0.00312
CGG	CGC	GC	0.99240	0.00673	0.01061	-0.99240	0.01814	0.01061
CGG	CGA	GA	0.19301	0.00864	0.00950	-0.19301	0.01048	0.00950
ATT	TTT	AT	-0.51657	0.00888	0.00678	0.51657	0.00530	0.00678
ATT	CTT	AC	-1.96286	0.00975	0.00313	1.96286	0.00137	0.00313
ATC	TTC	AT	-0.57916	0.02675	0.01975	0.57916	0.01499	0.01975
ATC	CTC	AC	-1.27107	0.02940	0.01457	1.27107	0.00825	0.01457
ATC	ATT	CT	-1.00894	0.05809	0.03363	1.00894	0.02118	0.03363
ATA	TTA	AT	-9.04929	0.00349	0.00000	9.04929	0.00000	0.00000
ATA	CTA	AC	-1.00909	0.00383	0.00222	1.00909	0.00140	0.00222
ATA	ATT	AT	0.50392	0.00349	0.00444	-0.50392	0.00577	0.00444
ATA	ATC	AC	1.51286	0.00383	0.00743	-1.51286	0.01739	0.00743
ATG	TTG	AT	-2.43191	0.02189	0.00513	2.43191	0.00192	0.00513
ATG	CTG	AC	0.30707	0.02405	0.02793	-0.30707	0.03270	0.02793
ATG	ATT	GT	-0.44050	0.02189	0.01742	0.44050	0.01409	0.01742
ATG	ATC	GC	0.56844	0.02405	0.03153	-0.56844	0.04246	0.03153
ATG	ATA	GA	-0.94442	0.03089	0.01857	0.94442	0.01201	0.01857
ACT	TCT	AT	-0.79971	0.00381	0.00249	0.79971	0.00171	0.00249
ACT	CCT	AC	-2.17795	0.00419	0.00116	2.17795	0.00047	0.00116
ACT	ATT	CT	0.94001	0.00827	0.01276	-0.94001	0.02118	0.01276
ACC	TCC	AT	-0.40306	0.01297	0.01053	0.40306	0.00867	0.01053
ACC	CCC	AC	-1.06761	0.01425	0.00797	1.06761	0.00490	0.00797
ACC	ATC	CT	0.81815	0.02817	0.04124	-0.81815	0.06383	0.04124
ACC	ACT	CT	-1.13080	0.02817	0.01518	1.13080	0.00909	0.01518
ACA	TCA	AT	-0.59077	0.00466	0.00342	0.59077	0.00258	0.00342
ACA	CCA	AC	-1.26263	0.00512	0.00255	1.26263	0.00145	0.00255
ACA	ATA	CT	-0.19635	0.01012	0.00916	0.19635	0.00832	0.00916
ACA	ACT	AT	-0.63244	0.00466	0.00334	0.63244	0.00248	0.00334
ACA	ACC	AC	0.49836	0.00512	0.00650	-0.49836	0.00843	0.00650
ACG	TCG	AT	-1.70766	0.00596	0.00225	1.70766	0.00108	0.00225
ACG	CCG	AC	-0.81498	0.00655	0.00424	0.81498	0.00290	0.00424
ACG	ATG	CT	1.39537	0.01294	0.02400	-1.39537	0.05223	0.02400
ACG	ACT	GT	0.01486	0.00596	0.00600	-0.01486	0.00605	0.00600
ACG	ACC	GC	1.14566	0.00655	0.01100	-1.14566	0.02059	0.01100
ACG	ACA	GA	0.64730	0.00841	0.01142	-0.64730	0.01607	0.01142
AAT	TAT	AT	-0.06569	0.00239	0.00231	0.06569	0.00224	0.00231
AAT	CAT	AC	-2.11766	0.00263	0.00076	2.11766	0.00032	0.00076
AAT	ATT	AT	0.88073	0.00239	0.00360	-0.88073	0.00577	0.00360
AAT	ACT	AC	-0.05927	0.00263	0.00255	0.05927	0.00248	0.00255
AAC	TAC	AT	-1.39810	0.02975	0.01365	1.39810	0.00735	0.01365
AAC	CAC	AC	-1.55139	0.03269	0.01364	1.55139	0.00693	0.01364
AAC	ATC	AT	-0.53707	0.02975	0.02247	0.53707	0.01739	0.02247
AAC	ACC	AC	-1.35522	0.03269	0.01540	1.35522	0.00843	0.01540
AAC	AAT	CT	-2.42674	0.06461	0.01519	2.42674	0.00571	0.01519
AAA	CAA	AC	-1.43295	0.01060	0.00476	1.43295	0.00253	0.00476
AAA	ATA	AT	-1.44872	0.00965	0.00429	1.44872	0.00227	0.00429
AAA	ACA	AC	-1.25237	0.01060	0.00531	1.25237	0.00303	0.00531
AAA	AAT	AT	-1.82553	0.00965	0.00338	1.82553	0.00155	0.00338
AAA	AAC	AC	0.60121	0.01060	0.01410	-0.60121	0.01934	0.01410
AAG	CAG	AC	-1.30898	0.06311	0.03057	1.30898	0.01705	0.03057
AAG	ATG	AT	-1.39553	0.05744	0.02639	1.39553	0.01423	0.02639
AAG	ACG	AC	-2.79090	0.06311	0.01152	2.79090	0.00387	0.01152
AAG	AAT	GT	-2.71676	0.05744	0.01104	2.71676	0.00380	0.01104
AAG	AAC	GC	-0.29002	0.06311	0.05440	0.29002	0.04722	0.05440
AAG	AAA	GA	-0.89123	0.08107	0.05024	0.89123	0.03325	0.05024
AGT	TGT	AT	-1.12395	0.00024	0.00013	1.12395	0.00008	0.00013
AGT	CGT	AC	1.01541	0.00027	0.00043	-1.01541	0.00074	0.00043
AGT	ATT	GT	4.05931	0.00024	0.00100	-4.05931	0.01409	0.00100
AGT	ACT	GC	3.11930	0.00027	0.00087	-3.11930	0.00605	0.00087
AGT	AAT	GA	3.17858	0.00034	0.00114	-3.17858	0.00824	0.00114
AGC	TGC	AT	-0.55393	0.00665	0.00498	0.55393	0.00382	0.00498
AGC	CGC	AC	0.01701	0.00730	0.00737	-0.01701	0.00743	0.00737
AGC	ATC	GT	1.85437	0.00665	0.01462	-1.85437	0.04246	0.01462
AGC	ACC	GC	1.03622	0.00730	0.01173	-1.03622	0.02059	0.01173
AGC	AAC	GA	2.39144	0.00938	0.02470	-2.39144	0.10255	0.02470
AGC	AGT	CT	-3.21388	0.01444	0.00194	3.21388	0.00058	0.00194
AGA	CGA	AC	-0.33468	0.00276	0.00233	0.33468	0.00198	0.00233
AGA	ATA	GT	0.78921	0.00251	0.00363	-0.78921	0.00553	0.00363
AGA	ACA	GC	0.98557	0.00276	0.00434	-0.98557	0.00740	0.00434
AGA	AAA	GA	2.23794	0.00355	0.00889	-2.23794	0.03325	0.00889
AGA	AGT	AT	-2.76618	0.00251	0.00047	2.76618	0.00016	0.00047
AGA	AGC	AC	0.44770	0.00276	0.00343	-0.44770	0.00432	0.00343
AGG	TGG	AT	-0.44489	0.00580	0.00460	0.44489	0.00371	0.00460
AGG	CGG	AC	-0.47060	0.00637	0.00499	0.47060	0.00398	0.00499
AGG	ATG	GT	1.79072	0.00580	0.01246	-1.79072	0.03474	0.01246
AGG	ACG	GC	0.39536	0.00637	0.00771	-0.39536	0.00946	0.00771
AGG	AAG	GA	3.18625	0.00818	0.02719	-3.18625	0.19797	0.02719
AGG	AGT	GT	-2.70909	0.00580	0.00112	2.70909	0.00039	0.00112
AGG	AGC	GC	0.50479	0.00637	0.00811	-0.50479	0.01055	0.00811
AGG	AGA	GA	0.05709	0.00818	0.00842	-0.05709	0.00866	0.00842
GTT	TTT	GT	3.12625	0.00057	0.00186	-3.12625	0.01293	0.00186
GTT	CTT	GC	1.67996	0.00062	0.00129	-1.67996	0.00335	0.00129
GTT	ATT	GA	3.64281	0.00080	0.00300	-3.64281	0.03060	0.00300
GTC	TTC	GT	1.94607	0.00523	0.01187	-1.94607	0.03661	0.01187
GTC	CTC	GC	1.25416	0.00575	0.01008	-1.25416	0.02014	0.01008
GTC	ATC	GA	2.52523	0.00738	0.02026	-2.52523	0.09221	0.02026
GTC	GTT	CT	-2.12652	0.01135	0.00327	2.12652	0.00135	0.00327
GTA	TTA	GT	-7.03435	0.00113	0.00001	7.03435	0.00000	0.00000
GTA	CTA	GC	1.00586	0.00125	0.00198	-1.00586	0.00341	0.00198
GTA	ATA	GA	2.01494	0.00160	0.00372	-2.01494	0.01201	0.00372
GTA	GTT	AT	-1.12395	0.00113	0.00061	1.12395	0.00037	0.00061
GTA	GTC	AC	1.00258	0.00125	0.00198	-1.00258	0.00340	0.00198
GTG	TTG	GT	-1.11401	0.01431	0.00779	1.11401	0.00470	0.00779
GTG	CTG	GC	1.62497	0.01572	0.03181	-1.62497	0.07984	0.03181
GTG	ATG	GA	1.31790	0.02020	0.03635	-1.31790	0.07544	0.03635
GTG	GTT	GT	-2.76541	0.01431	0.00266	2.76541	0.00090	0.00266
GTG	GTC	GC	-0.63889	0.01572	0.01123	0.63889	0.00830	0.01123
GTG	GTA	GA	-1.64146	0.02020	0.00796	1.64146	0.00391	0.00796
GCT	TCT	GT	-0.51111	0.00697	0.00534	0.51111	0.00418	0.00534
GCT	CCT	GC	-1.88935	0.00766	0.00258	1.88935	0.00116	0.00258
GCT	ACT	GA	0.28860	0.00984	0.01133	-0.28860	0.01313	0.01133
GCT	GTT	CT	-2.41421	0.01514	0.00359	2.41421	0.00135	0.00359
GCC	TCC	GT	-0.08582	0.02306	0.02209	0.08582	0.02117	0.02209
GCC	CCC	GC	-0.75036	0.02534	0.01701	0.75036	0.01197	0.01701
GCC	ACC	GA	0.31724	0.03255	0.03799	-0.31724	0.04471	0.03799
GCC	GTC	CT	-1.38984	0.05008	0.02309	1.38984	0.01248	0.02309
GCC	GCT	CT	-1.10216	0.05008	0.02745	1.10216	0.01664	0.02745
GCA	TCA	GT	0.00354	0.00628	0.00629	-0.00354	0.00631	0.00629
GCA	CCA	GC	-0.66832	0.00690	0.00485	0.66832	0.00354	0.00485
GCA	ACA	GA	0.59431	0.00887	0.01176	-0.59431	0.01607	0.01176
GCA	GTA	CT	-1.61699	0.01364	0.00546	1.61699	0.00271	0.00546
GCA	GCT	AT	-0.32673	0.00628	0.00531	0.32673	0.00453	0.00531
GCA	GCC	AC	0.77542	0.00690	0.00992	-0.77542	0.01499	0.00992
GCG	TCG	GT	0.18659	0.00219	0.00240	-0.18659	0.00264	0.00240
GCG	CCG	GC	1.07927	0.00241	0.00393	-1.07927	0.00708	0.00393
GCG	ACG	GA	1.89425	0.00309	0.00689	-1.89425	0.02054	0.00689
GCG	GTG	CT	1.97171	0.00475	0.01089	-1.97171	0.03414	0.01089
GCG	GCT	GT	1.62051	0.00219	0.00442	-1.62051	0.01107	0.00442
GCG	GCC	GC	2.72267	0.00241	0.00701	-2.72267	0.03661	0.00701
GCG	GCA	GA	1.94724	0.00309	0.00702	-1.94724	0.02165	0.00702
GAT	TAT	GT	-0.53343	0.00932	0.00706	0.53343	0.00547	0.00706
GAT	CAT	GC	-2.58540	0.01024	0.00216	2.58540	0.00077	0.00216
GAT	AAT	GA	-0.46774	0.01316	0.01032	0.46774	0.00824	0.01032
GAT	GTT	AT	-3.22982	0.00932	0.00124	3.22982	0.00037	0.00124
GAT	GCT	AC	-0.81562	0.01024	0.00663	0.81562	0.00453	0.00663
GAC	TAC	GT	-0.44493	0.02801	0.02224	0.44493	0.01795	0.02224
GAC	CAC	GC	-0.59822	0.03078	0.02248	0.59822	0.01692	0.02248
GAC	AAC	GA	0.95317	0.03953	0.06132	-0.95317	0.10255	0.06132
GAC	GTC	AT	-2.10913	0.02801	0.00816	2.10913	0.00340	0.00816
GAC	GCC	AC	-0.71929	0.03078	0.02102	0.71929	0.01499	0.02102
GAC	GAT	CT	-1.00583	0.06082	0.03528	1.00583	0.02224	0.03528
GAA	CAA	GC	-0.50596	0.01024	0.00787	0.50596	0.00618	0.00787
GAA	AAA	GA	0.92699	0.01316	0.02019	-0.92699	0.03325	0.02019
GAA	GTA	AT	-2.53668	0.00932	0.00203	2.53668	0.00074	0.00203
GAA	GCA	AC	-0.91969	0.01024	0.00625	0.91969	0.00408	0.00625
GAA	GAT	AT	-0.43080	0.00932	0.00746	0.43080	0.00606	0.00746
GAA	GAC	AC	0.57503	0.01024	0.01347	-0.57503	0.01821	0.01347
GAG	CAG	GC	-0.49747	0.06846	0.05284	0.49747	0.04163	0.05284
GAG	AAG	GA	0.81151	0.08793	0.12839	-0.81151	0.19797	0.12839
GAG	GTG	AT	-1.90192	0.06230	0.02079	1.90192	0.00930	0.02079
GAG	GCG	AC	-3.87363	0.06846	0.00563	3.87363	0.00142	0.00563
GAG	GAT	GT	-1.43751	0.06230	0.02790	1.43751	0.01480	0.02790
GAG	GAC	GC	-0.43168	0.06846	0.05474	0.43168	0.04446	0.05474
GAG	GAA	GA	-1.00671	0.08793	0.05098	1.00671	0.03213	0.05098
GGT	TGT	GT	-1.32976	0.00073	0.00035	1.32976	0.00019	0.00035
GGT	CGT	GC	0.80960	0.00080	0.00117	-0.80960	0.00180	0.00117
GGT	AGT	GA	-0.20581	0.00103	0.00093	0.20581	0.00084	0.00093
GGT	GTT	GT	0.21069	0.00073	0.00081	-0.21069	0.00090	0.00081
GGT	GCT	GC	2.62489	0.00080	0.00227	-2.62489	0.01107	0.00227
GGT	GAT	GA	3.44051	0.00103	0.00366	-3.44051	0.03213	0.00366
GGC	TGC	GT	-0.50930	0.01552	0.01191	0.50930	0.00933	0.01191
GGC	CGC	GC	0.06164	0.01706	0.01759	-0.06164	0.01814	0.01759
GGC	AGC	GA	0.04463	0.02191	0.02240	-0.04463	0.02291	0.02240
GGC	GTC	GT	-0.62622	0.01552	0.01117	0.62622	0.00830	0.01117
GGC	GCC	GC	0.76361	0.01706	0.02439	-0.76361	0.03661	0.02439
GGC	GAC	GA	1.48291	0.02191	0.04203	-1.48291	0.09654	0.04203
GGC	GGT	CT	-2.96343	0.03371	0.00544	2.96343	0.00174	0.00544
GGA	CGA	GC	-0.15893	0.00566	0.00522	0.15893	0.00483	0.00522
GGA	AGA	GA	0.17575	0.00727	0.00792	-0.17575	0.00866	0.00792
GGA	GTA	GT	-1.04998	0.00515	0.00291	1.04998	0.00180	0.00291
GGA	GCA	GC	0.56701	0.00566	0.00741	-0.56701	0.00997	0.00741
GGA	GAA	GA	1.48669	0.00727	0.01396	-1.48669	0.03213	0.01396
GGA	GGT	AT	-2.38462	0.00515	0.00125	2.38462	0.00047	0.00125
GGA	GGC	AC	0.57882	0.00566	0.00745	-0.57882	0.01009	0.00745
GGG	TGG	GT	-0.06151	0.00965	0.00935	0.06151	0.00907	0.00935
GGG	CGG	GC	-0.08722	0.01060	0.01014	0.08722	0.00971	0.01014
GGG	AGG	GA	0.38337	0.01362	0.01639	-0.38337	0.01998	0.01639
GGG	GTG	GT	0.85620	0.00965	0.01436	-0.85620	0.02271	0.01436
GGG	GCG	GC	-1.11552	0.01060	0.00577	1.11552	0.00347	0.00577
GGG	GAG	GA	2.75812	0.01362	0.04010	-2.75812	0.21473	0.04010
GGG	GGT	GT	-2.11990	0.00965	0.00279	2.11990	0.00116	0.00279
GGG	GGC	GC	0.84353	0.01060	0.01569	-0.84353	0.02464	0.01569
GGG	GGA	GA	0.26472	0.01362	0.01550	-0.26472	0.01774	0.01550


Histograms
2Ns	FMut	FSub(CodonUsage)	FSubw(after w)

-9.50761	0.00289	0.00000
-8.55685	0.00105	0.00000
-7.60609	0.00108	0.00000
-6.65533	0.00014	0.00000
-5.70457	0.00000	0.00000
-4.75381	0.00157	0.00010
-3.80305	0.02508	0.00321
-2.85228	0.17696	0.04738
-1.90152	0.14590	0.07129
-0.95076	0.32091	0.27303
0.00000	0.15440	0.20998
0.95076	0.13302	0.27303
1.90152	0.02437	0.07129
2.85228	0.01199	0.04738
3.80305	0.00062	0.00321
4.75381	0.00001	0.00010
5.70457	0.00000	0.00000
6.65533	0.00000	0.00000
7.60609	0.00000	0.00000
8.55685	0.00000	0.00000
9.50761	0.00000	0.00000

Proportion of advantageous (S > 0) mutations:
 0.23746

Proportions of good & bad mutations (|S| > 2.0000) among mutations:
0.01707  0.25056

mean |Ns| = 1.41932	mean Ns+ = 0.86773	mean Ns- = -1.59109


MLEs of dN/dS (w) for site classes (K=4)

site class             0        1       2a       2b
proportion       0.44902  0.01956  0.50923  0.02218
background w     0.04173  3.67679  0.04173  3.67679
foreground w     0.04173  3.67679  0.00000  0.00000

Naive Empirical Bayes (NEB) probabilities for 4 classes
(amino acids refer to 1st sequence: Bbon)

   1 E   0.46642 0.00026 0.53278 0.00054 ( 3)
   2 S   0.46634 0.00014 0.53320 0.00032 ( 3)
   3 G   0.46614 0.00007 0.53362 0.00017 ( 3)
   4 A   0.46639 0.00046 0.53226 0.00089 ( 3)
   5 G   0.46614 0.00007 0.53362 0.00017 ( 3)
   6 K   0.46593 0.00117 0.53092 0.00198 ( 3)
   7 T   0.46622 0.00009 0.53348 0.00021 ( 3)
   8 V   0.46479 0.00000 0.53520 0.00001 ( 3)
   9 N   0.46643 0.00030 0.53266 0.00061 ( 3)
  10 T   0.46620 0.00008 0.53352 0.00020 ( 3)
  11 K   0.46593 0.00117 0.53092 0.00198 ( 3)
  12 R   0.46543 0.00001 0.53453 0.00003 ( 3)
  13 V   0.46479 0.00000 0.53520 0.00001 ( 3)
  14 I   0.46632 0.00062 0.53191 0.00115 ( 3)
  15 Q   0.46638 0.00053 0.53210 0.00099 ( 3)
  16 Y   0.46631 0.00013 0.53328 0.00029 ( 3)
  17 F   0.46564 0.00151 0.53038 0.00246 ( 3)
  18 A   0.46577 0.00143 0.53050 0.00230 ( 3)
  19 V   0.46479 0.00000 0.53520 0.00001 ( 3)
  20 I   0.46610 0.00096 0.53128 0.00166 ( 3)
  21 A   0.46626 0.00063 0.53194 0.00117 ( 3)
  22 A   0.46648 0.00063 0.53179 0.00110 ( 3)
  23 I   0.46601 0.00102 0.53128 0.00169 ( 3)
  24 G   0.46641 0.00014 0.53312 0.00032 ( 3)
  25 D   0.46643 0.00035 0.53253 0.00070 ( 3)
  26 R   0.46637 0.00019 0.53303 0.00041 ( 3)
  27 S   0.46515 0.00000 0.53483 0.00002 ( 3)
  28 K   0.46593 0.00117 0.53092 0.00198 ( 3)
  29 K   0.46605 0.00108 0.53106 0.00182 ( 3)
  30 E   0.46604 0.00103 0.53117 0.00176 ( 3)
  31 Q   0.41748 0.03678 0.47631 0.06942 ( 3)
  32 T   0.09333 0.25991 0.10661 0.54014 ( 4)
  33 S   0.32114 0.12177 0.36561 0.19148 ( 3)
  34 G   0.46637 0.00018 0.53307 0.00039 ( 3)
  35 K   0.46593 0.00117 0.53092 0.00198 ( 3)
  36 -   0.46704 0.00019 0.53245 0.00033 ( 3)
  37 T   0.46787 0.00041 0.53121 0.00051 ( 3)
  38 L   0.46197 0.00645 0.52408 0.00751 ( 3)
  39 E   0.46590 0.00246 0.52870 0.00294 ( 3)
  40 D   0.46770 0.00060 0.53096 0.00074 ( 3)
  41 Q   0.46704 0.00131 0.53006 0.00159 ( 3)
  42 I   0.46686 0.00149 0.52984 0.00180 ( 3)
  43 I   0.46686 0.00149 0.52984 0.00180 ( 3)
  44 Q   0.46704 0.00131 0.53006 0.00159 ( 3)
  45 A   0.46694 0.00141 0.52994 0.00171 ( 3)
  46 N   0.46746 0.00087 0.53061 0.00106 ( 3)
  47 P   0.46810 0.00013 0.53161 0.00016 ( 3)
  48 A   0.46694 0.00141 0.52994 0.00171 ( 3)
  49 L   0.46178 0.00663 0.52387 0.00772 ( 3)
  50 E   0.46619 0.00218 0.52903 0.00260 ( 3)
  51 A   0.46694 0.00141 0.52994 0.00171 ( 3)
  52 F   0.46622 0.00218 0.52902 0.00259 ( 3)
  53 G   0.46773 0.00058 0.53097 0.00072 ( 3)
  54 N   0.46746 0.00087 0.53061 0.00106 ( 3)
  55 A   0.46694 0.00141 0.52994 0.00171 ( 3)
  56 K   0.46597 0.00240 0.52876 0.00287 ( 3)
  57 T   0.46794 0.00034 0.53129 0.00043 ( 3)
  58 V   0.46809 0.00002 0.53187 0.00002 ( 3)
  59 R   0.46770 0.00046 0.53125 0.00059 ( 3)
  60 N   0.46799 0.00015 0.53166 0.00020 ( 3)
  61 D   0.46782 0.00049 0.53109 0.00060 ( 3)
  62 N   0.46746 0.00087 0.53061 0.00106 ( 3)
  63 S   0.46780 0.00050 0.53107 0.00062 ( 3)
  64 S   0.46780 0.00050 0.53107 0.00062 ( 3)
  65 R   0.46771 0.00061 0.53094 0.00075 ( 3)
  66 F   0.00000 0.45695 0.00000 0.54305 ( 4)
  67 -   0.46636 0.00137 0.53033 0.00195 ( 3)
  68 -   0.46625 0.00147 0.53018 0.00209 ( 3)
  69 -   0.46572 0.00205 0.52939 0.00283 ( 3)
  70 -   0.46635 0.00138 0.53031 0.00197 ( 3)
  71 -   0.46624 0.00149 0.53016 0.00211 ( 3)
  72 -   0.46595 0.00000 0.53405 0.00000 ( 3)
  73 -   0.46491 0.00291 0.52830 0.00389 ( 3)
  74 -   0.46718 0.00027 0.53210 0.00045 ( 3)
  75 -   0.46631 0.00141 0.53027 0.00201 ( 3)
  76 -   0.46716 0.00033 0.53199 0.00053 ( 3)
  77 -   0.46674 0.00092 0.53098 0.00136 ( 3)
  78 -   0.46539 0.00240 0.52894 0.00327 ( 3)
  79 -   0.46712 0.00008 0.53264 0.00015 ( 3)
  80 -   0.46677 0.00005 0.53306 0.00011 ( 3)
  81 -   0.46711 0.00043 0.53178 0.00068 ( 3)
  82 -   0.46650 0.00120 0.53057 0.00173 ( 3)
  83 -   0.46706 0.00049 0.53169 0.00076 ( 3)
  84 -   0.46715 0.00012 0.53251 0.00021 ( 3)
  85 -   0.46560 0.00218 0.52924 0.00299 ( 3)
  86 -   0.46716 0.00033 0.53199 0.00053 ( 3)
  87 -   0.46729 0.00129 0.52996 0.00146 ( 3)
  88 -   0.46813 0.00046 0.53090 0.00052 ( 3)
  89 -   0.46209 0.00649 0.52406 0.00736 ( 3)
  90 -   0.46784 0.00074 0.53058 0.00084 ( 3)
  91 -   0.46727 0.00131 0.52993 0.00148 ( 3)
  92 -   0.46811 0.00047 0.53088 0.00053 ( 3)
  93 -   0.46844 0.00014 0.53126 0.00016 ( 3)
  94 -   0.46858 0.00000 0.53142 0.00000 ( 3)
  95 -   0.46660 0.00198 0.52917 0.00224 ( 3)
  96 -   0.46718 0.00140 0.52983 0.00159 ( 3)
  97 -   0.46732 0.00126 0.52999 0.00143 ( 3)
  98 -   0.46209 0.00649 0.52406 0.00736 ( 3)
  99 -   0.00046 0.46813 0.00052 0.53090 ( 4)
 100 -   0.46745 0.00114 0.53013 0.00129 ( 3)
 101 -   0.46650 0.00208 0.52906 0.00236 ( 3)
 102 -   0.46844 0.00014 0.53126 0.00016 ( 3)
 103 -   0.46766 0.00092 0.53038 0.00104 ( 3)
 104 -   0.46683 0.00176 0.52943 0.00199 ( 3)
 105 -   0.46848 0.00011 0.53130 0.00012 ( 3)
 106 -   0.46660 0.00198 0.52917 0.00224 ( 3)
 107 -   0.46718 0.00140 0.52983 0.00159 ( 3)
 108 -   0.46816 0.00042 0.53094 0.00048 ( 3)
 109 -   0.46794 0.00064 0.53069 0.00073 ( 3)
 110 -   0.46716 0.00142 0.52980 0.00162 ( 3)
 111 -   0.46536 0.00322 0.52776 0.00365 ( 3)
 112 -   0.46817 0.00041 0.53096 0.00046 ( 3)
 113 -   0.46776 0.00082 0.53049 0.00093 ( 3)
 114 -   0.42107 0.04752 0.47753 0.05389 ( 3)
 115 -   0.46627 0.00231 0.52880 0.00262 ( 3)
 116 -   0.46855 0.00003 0.53139 0.00003 ( 3)
 117 -   0.46650 0.00208 0.52906 0.00236 ( 3)
 118 -   0.46270 0.00588 0.52474 0.00667 ( 3)
 119 -   0.46209 0.00649 0.52406 0.00736 ( 3)
 120 -   0.46796 0.00062 0.53072 0.00070 ( 3)
 121 M   0.45626 0.00652 0.52190 0.01533 ( 3)
 122 L   0.46350 0.00398 0.52695 0.00557 ( 3)
 123 L   0.46411 0.00343 0.52765 0.00480 ( 3)
 124 I   0.46651 0.00047 0.53214 0.00088 ( 3)
 125 T   0.46624 0.00005 0.53357 0.00013 ( 3)
 126 N   0.46654 0.00022 0.53279 0.00045 ( 3)
 127 N   0.46654 0.00022 0.53279 0.00045 ( 3)
 128 P   0.46580 0.00001 0.53415 0.00004 ( 3)
 129 Y   0.46645 0.00063 0.53179 0.00113 ( 3)
 130 D   0.46639 0.00009 0.53330 0.00022 ( 3)
 131 Y   0.46635 0.00033 0.53264 0.00069 ( 3)
 132 A   0.00000 0.38775 0.00000 0.61225 ( 4)
 133 F   0.46652 0.00079 0.53139 0.00130 ( 3)
 134 I   0.46651 0.00047 0.53214 0.00088 ( 3)
 135 S   0.46640 0.00010 0.53328 0.00022 ( 3)
 136 Q   0.46651 0.00015 0.53301 0.00033 ( 3)
 137 G   0.46642 0.00023 0.53288 0.00048 ( 3)
 138 E   0.46631 0.00081 0.53148 0.00140 ( 3)
 139 T   0.46647 0.00013 0.53311 0.00029 ( 3)
 140 T   0.46647 0.00013 0.53311 0.00029 ( 3)
 141 V   0.46643 0.00011 0.53323 0.00024 ( 3)
 142 P   0.00000 0.30371 0.00000 0.69629 ( 4)
 143 S   0.46614 0.00123 0.53070 0.00194 ( 3)
 144 I   0.46636 0.00075 0.53158 0.00131 ( 3)
 145 D   0.46658 0.00024 0.53270 0.00048 ( 3)
 146 D   0.46650 0.00018 0.53295 0.00037 ( 3)
 147 A   0.46655 0.00034 0.53245 0.00066 ( 3)
 148 E   0.46631 0.00081 0.53148 0.00140 ( 3)
 149 E   0.46631 0.00081 0.53148 0.00140 ( 3)
 150 L   0.46640 0.00009 0.53329 0.00021 ( 3)
 151 M   0.46632 0.00008 0.53342 0.00018 ( 3)
 152 A   0.46652 0.00043 0.53223 0.00082 ( 3)
 153 T   0.46649 0.00012 0.53313 0.00027 ( 3)
 154 D   0.46656 0.00025 0.53268 0.00051 ( 3)
 155 A   0.41863 0.03609 0.47760 0.06768 ( 3)
 156 F   0.36950 0.07952 0.42088 0.13010 ( 3)
 157 D   0.46616 0.00053 0.53223 0.00107 ( 3)
 158 V   0.46619 0.00026 0.53297 0.00058 ( 3)
 159 L   0.46200 0.00532 0.52525 0.00744 ( 3)
 160 G   0.43332 0.02220 0.49529 0.04919 ( 3)
 161 F   0.46596 0.00087 0.53154 0.00162 ( 3)
 162 T   0.00111 0.31602 0.00126 0.68161 ( 4)
 163 S   0.29710 0.14134 0.33825 0.22332 ( 3)
 164 D   0.37400 0.07319 0.42627 0.12654 ( 3)
 165 E   0.46557 0.00139 0.53064 0.00240 ( 3)
 166 K   0.46542 0.00157 0.53034 0.00267 ( 3)
 167 N   0.42996 0.02587 0.49102 0.05315 ( 3)
 168 S   0.46618 0.00024 0.53302 0.00055 ( 3)
 169 M   0.08072 0.29746 0.09198 0.52984 ( 4)
 170 Y   0.46617 0.00022 0.53310 0.00051 ( 3)
 171 K   0.46542 0.00157 0.53034 0.00267 ( 3)
 172 L   0.46200 0.00532 0.52525 0.00744 ( 3)
 173 T   0.46611 0.00015 0.53336 0.00038 ( 3)
 174 G   0.46617 0.00050 0.53231 0.00102 ( 3)
 175 A   0.46605 0.00102 0.53118 0.00175 ( 3)
 176 I   0.46595 0.00089 0.53150 0.00165 ( 3)
 177 M   0.46614 0.00020 0.53320 0.00047 ( 3)
 178 H   0.46568 0.00004 0.53415 0.00013 ( 3)
 179 F   0.46507 0.00197 0.52974 0.00322 ( 3)
 180 G   0.46617 0.00050 0.53231 0.00102 ( 3)
 181 N   0.46619 0.00047 0.53238 0.00096 ( 3)
 182 M   0.46614 0.00020 0.53320 0.00047 ( 3)
 183 K   0.46542 0.00157 0.53034 0.00267 ( 3)
 184 F   0.46596 0.00087 0.53154 0.00162 ( 3)
 185 K   0.46602 0.00081 0.53165 0.00152 ( 3)
 186 L   0.46619 0.00025 0.53299 0.00057 ( 3)
 187 K   0.46542 0.00157 0.53034 0.00267 ( 3)
 188 P   0.03168 0.32156 0.03615 0.61062 ( 4)
 189 R   0.46601 0.00082 0.53163 0.00154 ( 3)
 190 E   0.46557 0.00139 0.53064 0.00240 ( 3)
 191 E   0.46557 0.00139 0.53064 0.00240 ( 3)
 192 Q   0.46604 0.00077 0.53172 0.00147 ( 3)
 193 A   0.46537 0.00175 0.53003 0.00285 ( 3)
 194 E   0.46557 0.00139 0.53064 0.00240 ( 3)
 195 P   0.45514 0.00613 0.52161 0.01711 ( 3)
 196 D   0.46616 0.00053 0.53223 0.00107 ( 3)
 197 G   0.46619 0.00029 0.53287 0.00064 ( 3)
 198 N   0.44409 0.01375 0.50822 0.03395 ( 3)
 199 E   0.46620 0.00041 0.53253 0.00086 ( 3)
 200 -   0.46702 0.00016 0.53253 0.00029 ( 3)
 201 -   0.46637 0.00001 0.53360 0.00002 ( 3)
 202 -   0.46212 0.00572 0.52484 0.00732 ( 3)
 203 -   0.46656 0.00099 0.53095 0.00150 ( 3)
 204 -   0.46584 0.00181 0.52976 0.00259 ( 3)
 205 -   0.46656 0.00099 0.53095 0.00150 ( 3)
 206 -   0.46702 0.00032 0.53211 0.00055 ( 3)
 207 -   0.46703 0.00027 0.53223 0.00047 ( 3)
 208 -   0.46602 0.00161 0.53004 0.00233 ( 3)
 209 -   0.46584 0.00181 0.52976 0.00259 ( 3)
 210 -   0.46702 0.00026 0.53228 0.00044 ( 3)
 211 -   0.46652 0.00104 0.53088 0.00157 ( 3)
 212 -   0.42123 0.03813 0.47965 0.06099 ( 3)
 213 -   0.46696 0.00045 0.53185 0.00074 ( 3)
 214 -   0.46702 0.00026 0.53228 0.00044 ( 3)
 215 -   0.46702 0.00032 0.53211 0.00055 ( 3)
 216 -   0.46704 0.00020 0.53242 0.00035 ( 3)
 217 -   0.46693 0.00008 0.53285 0.00015 ( 3)
 218 -   0.46651 0.00105 0.53084 0.00159 ( 3)
 219 -   0.46709 0.00040 0.53186 0.00065 ( 3)
 220 -   0.46656 0.00099 0.53095 0.00150 ( 3)
 221 -   0.46703 0.00019 0.53244 0.00034 ( 3)
 222 -   0.46212 0.00572 0.52484 0.00732 ( 3)
 223 -   0.46602 0.00161 0.53004 0.00233 ( 3)
 224 -   0.46703 0.00019 0.53244 0.00034 ( 3)
 225 -   0.00022 0.58298 0.00025 0.41655 ( 2)
 226 -   0.46664 0.00091 0.53105 0.00140 ( 3)
 227 -   0.46684 0.00005 0.53301 0.00010 ( 3)
 228 -   0.46699 0.00038 0.53200 0.00063 ( 3)
 229 -   0.46664 0.00091 0.53105 0.00140 ( 3)
 230 -   0.46703 0.00027 0.53223 0.00047 ( 3)
 231 -   0.46652 0.00104 0.53088 0.00157 ( 3)
 232 -   0.46688 0.00006 0.53294 0.00012 ( 3)
 233 -   0.46700 0.00036 0.53203 0.00061 ( 3)
 234 -   0.46637 0.00001 0.53360 0.00002 ( 3)
 235 -   0.46198 0.00585 0.52468 0.00749 ( 3)
 236 -   0.46699 0.00032 0.53215 0.00054 ( 3)
 237 -   0.46603 0.00159 0.53007 0.00231 ( 3)
 238 -   0.46650 0.00104 0.53087 0.00158 ( 3)
 239 -   0.46696 0.00039 0.53199 0.00065 ( 3)
 240 -   0.46645 0.00109 0.53080 0.00165 ( 3)
 241 -   0.46593 0.00169 0.52994 0.00244 ( 3)
 242 -   0.46658 0.00119 0.53054 0.00169 ( 3)
 243 -   0.46659 0.00117 0.53057 0.00167 ( 3)
 244 -   0.46722 0.00035 0.53187 0.00055 ( 3)
 245 F   0.46598 0.00086 0.53157 0.00160 ( 3)
 246 N   0.46654 0.00022 0.53278 0.00046 ( 3)
 247 S   0.46515 0.00000 0.53484 0.00001 ( 3)
 248 F   0.00000 0.91733 0.00000 0.08267 ( 2)
 249 E   0.46636 0.00077 0.53155 0.00132 ( 3)
 250 Q   0.46660 0.00037 0.53235 0.00069 ( 3)
 251 L   0.46686 0.00022 0.53251 0.00041 ( 3)
 252 C   0.46527 0.00000 0.53472 0.00001 ( 3)
 253 I   0.46656 0.00044 0.53219 0.00081 ( 3)
 254 N   0.46657 0.00020 0.53282 0.00041 ( 3)
 255 F   0.46655 0.00043 0.53222 0.00080 ( 3)
 256 T   0.46625 0.00005 0.53358 0.00012 ( 3)
 257 N   0.46657 0.00020 0.53282 0.00041 ( 3)
 258 E   0.46637 0.00076 0.53156 0.00131 ( 3)
 259 K   0.46629 0.00088 0.53133 0.00149 ( 3)
 260 L   0.46374 0.00376 0.52723 0.00526 ( 3)
 261 Q   0.46659 0.00037 0.53234 0.00070 ( 3)
 262 Q   0.46660 0.00037 0.53235 0.00069 ( 3)
 263 F   0.46655 0.00043 0.53222 0.00080 ( 3)
 264 F   0.46655 0.00043 0.53222 0.00080 ( 3)
 265 N   0.46657 0.00020 0.53282 0.00041 ( 3)
 266 H   0.46574 0.00001 0.53422 0.00003 ( 3)
 267 H   0.46574 0.00001 0.53422 0.00003 ( 3)
 268 M   0.46634 0.00007 0.53343 0.00016 ( 3)
 269 F   0.46655 0.00043 0.53222 0.00080 ( 3)
 270 V   0.46644 0.00009 0.53325 0.00021 ( 3)
 271 L   0.46354 0.00394 0.52700 0.00552 ( 3)
 272 E   0.46636 0.00068 0.53179 0.00116 ( 3)
 273 Q   0.46661 0.00035 0.53236 0.00067 ( 3)
 274 E   0.46637 0.00076 0.53156 0.00131 ( 3)
 275 E   0.46631 0.00034 0.53265 0.00070 ( 3)
 276 Y   0.46638 0.00008 0.53336 0.00018 ( 3)
 277 K   0.46629 0.00088 0.53133 0.00149 ( 3)
 278 K   0.46629 0.00088 0.53133 0.00149 ( 3)
 279 E   0.46637 0.00076 0.53156 0.00131 ( 3)
 280 G   0.46646 0.00011 0.53318 0.00024 ( 3)
 281 I   0.46656 0.00044 0.53219 0.00081 ( 3)
 282 E   0.39693 0.05521 0.45241 0.09545 ( 3)
 283 W   0.46653 0.00015 0.53301 0.00031 ( 3)
 284 E   0.26347 0.15986 0.30029 0.27637 ( 3)
 285 F   0.46655 0.00043 0.53222 0.00080 ( 3)
 286 I   0.46656 0.00044 0.53219 0.00081 ( 3)
 287 D   0.46640 0.00008 0.53332 0.00019 ( 3)
 288 F   0.46654 0.00044 0.53220 0.00082 ( 3)
 289 G   0.46647 0.00011 0.53318 0.00024 ( 3)
 290 M   0.45633 0.00648 0.52198 0.01522 ( 3)
 291 D   0.46640 0.00008 0.53332 0.00019 ( 3)
 292 L   0.46354 0.00394 0.52700 0.00552 ( 3)
 293 Q   0.00751 0.33936 0.00857 0.64456 ( 4)
 294 A   0.42449 0.03173 0.48427 0.05951 ( 3)
 295 C   0.46527 0.00000 0.53472 0.00001 ( 3)
 296 I   0.46652 0.00047 0.53215 0.00087 ( 3)
 297 D   0.45479 0.00765 0.52004 0.01753 ( 3)
 298 L   0.46643 0.00009 0.53327 0.00021 ( 3)
 299 I   0.46656 0.00044 0.53219 0.00081 ( 3)
 300 E   0.46637 0.00076 0.53156 0.00131 ( 3)
 301 K   0.46629 0.00088 0.53133 0.00149 ( 3)
 302 P   0.46695 0.00003 0.53297 0.00005 ( 3)
 303 M   0.46718 0.00013 0.53247 0.00022 ( 3)
 304 G   0.46721 0.00019 0.53227 0.00033 ( 3)
 305 I   0.46696 0.00067 0.53136 0.00101 ( 3)
 306 M   0.46718 0.00013 0.53247 0.00022 ( 3)
 307 S   0.46720 0.00016 0.53236 0.00027 ( 3)
 308 I   0.46696 0.00067 0.53136 0.00101 ( 3)
 309 L   0.46348 0.00444 0.52639 0.00569 ( 3)
 310 E   0.46661 0.00109 0.53072 0.00158 ( 3)
 311 E   0.46661 0.00109 0.53072 0.00158 ( 3)
 312 E   0.46661 0.00109 0.53072 0.00158 ( 3)
 313 C   0.46666 0.00001 0.53332 0.00002 ( 3)
 314 M   0.46718 0.00013 0.53247 0.00022 ( 3)
 315 F   0.46697 0.00065 0.53139 0.00099 ( 3)
 316 P   0.46695 0.00003 0.53297 0.00005 ( 3)
 317 K   0.46648 0.00124 0.53049 0.00178 ( 3)
 318 A   0.46700 0.00062 0.53144 0.00094 ( 3)
 319 T   0.46721 0.00021 0.53223 0.00035 ( 3)
 320 D   0.46720 0.00015 0.53238 0.00026 ( 3)
 321 M   0.46718 0.00013 0.53247 0.00022 ( 3)
 322 T   0.46716 0.00009 0.53259 0.00016 ( 3)
 323 F   0.46698 0.00064 0.53140 0.00097 ( 3)
 324 K   0.36918 0.08673 0.41984 0.12425 ( 3)
 325 A   0.46623 0.00155 0.53006 0.00217 ( 3)
 326 K   0.46650 0.00122 0.53052 0.00175 ( 3)
 327 L   0.46343 0.00449 0.52633 0.00575 ( 3)
 328 F   0.00000 0.41612 0.00000 0.58388 ( 4)
 329 D   0.46720 0.00015 0.53239 0.00026 ( 3)
 330 N   0.46719 0.00032 0.53197 0.00051 ( 3)
 331 H   0.46691 0.00002 0.53302 0.00004 ( 3)
 332 L   0.46323 0.00468 0.52610 0.00599 ( 3)
 333 G   0.46728 0.00014 0.53236 0.00023 ( 3)
 334 K   0.46676 0.00100 0.53081 0.00143 ( 3)
 335 S   0.46727 0.00011 0.53244 0.00019 ( 3)
 336 S   0.00000 0.30654 0.00000 0.69346 ( 4)
 337 N   0.46732 0.00021 0.53213 0.00034 ( 3)
 338 F   0.46721 0.00045 0.53166 0.00068 ( 3)
 339 Q   0.46726 0.00039 0.53176 0.00059 ( 3)
 340 K   0.46685 0.00092 0.53091 0.00132 ( 3)
 341 P   0.46705 0.00002 0.53290 0.00004 ( 3)
 342 R   0.46727 0.00015 0.53232 0.00025 ( 3)
 343 N   0.46741 0.00014 0.53223 0.00022 ( 3)
 344 I   0.46721 0.00046 0.53164 0.00070 ( 3)
 345 K   0.46685 0.00092 0.53091 0.00132 ( 3)
 346 G   0.46718 0.00004 0.53271 0.00008 ( 3)
 347 K   0.00057 0.41850 0.00065 0.58028 ( 4)
 348 P   0.46690 0.00001 0.53307 0.00002 ( 3)
 349 E   0.46733 0.00018 0.53220 0.00029 ( 3)
 350 A   0.46723 0.00042 0.53171 0.00064 ( 3)
 351 H   0.46693 0.00001 0.53304 0.00002 ( 3)
 352 F   0.46721 0.00045 0.53166 0.00068 ( 3)
 353 S   0.46729 0.00010 0.53246 0.00016 ( 3)
 354 L   0.46392 0.00403 0.52689 0.00516 ( 3)
 355 I   0.09083 0.28214 0.10361 0.52341 ( 4)
 356 H   0.46574 0.00001 0.53423 0.00002 ( 3)
 357 Y   0.46674 0.00015 0.53281 0.00030 ( 3)
 358 A   0.46663 0.00035 0.53235 0.00066 ( 3)
 359 G   0.46650 0.00009 0.53322 0.00020 ( 3)
 360 T   0.46630 0.00004 0.53357 0.00009 ( 3)
 361 V   0.46647 0.00008 0.53328 0.00017 ( 3)
 362 D   0.46641 0.00008 0.53333 0.00018 ( 3)
 363 Y   0.46641 0.00006 0.53339 0.00014 ( 3)
 364 N   0.46662 0.00016 0.53288 0.00034 ( 3)
 365 I   0.46664 0.00037 0.53229 0.00069 ( 3)
 366 I   0.46433 0.00079 0.53254 0.00234 ( 3)
 367 G   0.46650 0.00009 0.53322 0.00020 ( 3)
 368 W   0.46657 0.00012 0.53305 0.00026 ( 3)
 369 L   0.46656 0.00031 0.53253 0.00060 ( 3)
 370 Q   0.05840 0.30178 0.06663 0.57318 ( 4)
 371 K   0.46655 0.00041 0.53226 0.00077 ( 3)
 372 N   0.46662 0.00016 0.53288 0.00034 ( 3)
 373 K   0.46666 0.00033 0.53239 0.00062 ( 3)
 374 D   0.46643 0.00007 0.53335 0.00015 ( 3)
 375 P   0.46576 0.00001 0.53422 0.00002 ( 3)
 376 L   0.46646 0.00007 0.53330 0.00017 ( 3)
 377 N   0.46662 0.00016 0.53288 0.00034 ( 3)
 378 E   0.46650 0.00066 0.53170 0.00114 ( 3)
 379 T   0.46629 0.00004 0.53356 0.00010 ( 3)
 380 V   0.46650 0.00006 0.53331 0.00013 ( 3)
 381 V   0.46647 0.00008 0.53328 0.00017 ( 3)
 382 E   0.00002 0.34546 0.00002 0.65450 ( 4)
 383 L   0.46562 0.00000 0.53436 0.00002 ( 3)
 384 Y   0.46641 0.00006 0.53339 0.00014 ( 3)
 385 K   0.02456 0.35142 0.02798 0.59603 ( 4)
 386 K   0.46668 0.00046 0.53204 0.00082 ( 3)
 387 S   0.46644 0.00007 0.53332 0.00016 ( 3)
 388 S   0.46580 0.00002 0.53414 0.00004 ( 3)
 389 L   0.46646 0.00007 0.53330 0.00017 ( 3)
 390 K   0.46643 0.00077 0.53149 0.00131 ( 3)
 391 M   0.11365 0.21284 0.13012 0.54338 ( 4)
 392 L   0.46629 0.00018 0.53311 0.00042 ( 3)
 393 S   0.32544 0.06348 0.37420 0.23688 ( 3)
 394 T   0.44206 0.01500 0.50590 0.03704 ( 3)
 395 L   0.46254 0.00483 0.52587 0.00675 ( 3)
 396 F   0.46544 0.00167 0.53016 0.00273 ( 3)
 397 A   0.46622 0.00066 0.53189 0.00123 ( 3)
 398 N   0.46635 0.00036 0.53257 0.00073 ( 3)
 399 Y   0.46592 0.00088 0.53154 0.00166 ( 3)
 400 A   0.46540 0.00173 0.53007 0.00281 ( 3)
 401 G   0.46625 0.00009 0.53344 0.00022 ( 3)
 402 F   0.46537 0.00167 0.53024 0.00272 ( 3)
 403 D   0.46627 0.00017 0.53317 0.00039 ( 3)
 404 S   0.41912 0.03259 0.47884 0.06944 ( 3)
 405 -   0.46542 0.00233 0.52904 0.00320 ( 3)
 406 -   0.46696 0.00004 0.53291 0.00008 ( 3)
 407 -   0.46108 0.00687 0.52350 0.00856 ( 3)
 408 -   0.46667 0.00096 0.53093 0.00143 ( 3)
 409 -   0.46520 0.00257 0.52872 0.00350 ( 3)
 410 -   0.46108 0.00687 0.52350 0.00856 ( 3)
 411 -   0.46702 0.00049 0.53173 0.00077 ( 3)
 412 -   0.41304 0.04837 0.46969 0.06890 ( 3)
 413 -   0.46667 0.00096 0.53093 0.00143 ( 3)
 414 -   0.46710 0.00010 0.53261 0.00019 ( 3)
 415 -   0.46689 0.00068 0.53138 0.00105 ( 3)
 416 -   0.46698 0.00057 0.53157 0.00089 ( 3)
 417 -   0.46693 0.00070 0.53132 0.00105 ( 3)
 418 -   0.46712 0.00014 0.53250 0.00024 ( 3)
 419 -   0.46713 0.00015 0.53245 0.00027 ( 3)
 420 -   0.46712 0.00014 0.53250 0.00024 ( 3)
 421 -   0.46610 0.00160 0.53002 0.00228 ( 3)
 422 -   0.46696 0.00060 0.53152 0.00092 ( 3)
 423 -   0.46714 0.00018 0.53238 0.00030 ( 3)
 424 -   0.46700 0.00006 0.53284 0.00011 ( 3)
 425 -   0.46608 0.00163 0.52998 0.00231 ( 3)
 426 -   0.46608 0.00163 0.52998 0.00231 ( 3)
 427 -   0.46713 0.00015 0.53245 0.00027 ( 3)
 428 -   0.46696 0.00004 0.53291 0.00008 ( 3)
 429 -   0.46542 0.00233 0.52904 0.00320 ( 3)
 430 -   0.46680 0.00080 0.53118 0.00121 ( 3)
 431 -   0.46520 0.00257 0.52872 0.00350 ( 3)
 432 -   0.41129 0.04676 0.46824 0.07371 ( 3)
 433 -   0.46706 0.00026 0.53223 0.00045 ( 3)
 434 -   0.46645 0.00102 0.53094 0.00159 ( 3)
 435 -   0.46657 0.00086 0.53121 0.00136 ( 3)
 436 -   0.46650 0.00096 0.53104 0.00150 ( 3)
 437 -   0.46632 0.00127 0.53053 0.00188 ( 3)
 438 -   0.46691 0.00032 0.53220 0.00057 ( 3)
 439 -   0.45993 0.00794 0.52222 0.00991 ( 3)
 440 -   0.46676 0.00007 0.53304 0.00014 ( 3)
 441 -   0.46657 0.00086 0.53121 0.00136 ( 3)
 442 -   0.46691 0.00029 0.53227 0.00052 ( 3)
 443 -   0.46544 0.00216 0.52930 0.00310 ( 3)
 444 -   0.45981 0.00807 0.52206 0.01006 ( 3)
 445 -   0.46634 0.00115 0.53075 0.00176 ( 3)
 446 -   0.46688 0.00014 0.53271 0.00027 ( 3)
 447 -   0.46686 0.00011 0.53281 0.00022 ( 3)
 448 -   0.46656 0.00096 0.53102 0.00147 ( 3)
 449 -   0.46645 0.00102 0.53094 0.00159 ( 3)
 450 -   0.45981 0.00807 0.52206 0.01006 ( 3)
 451 -   0.46441 0.00324 0.52789 0.00445 ( 3)
 452 -   0.46637 0.00111 0.53081 0.00171 ( 3)
 453 -   0.46522 0.00239 0.52900 0.00339 ( 3)
 454 -   0.46634 0.00115 0.53075 0.00176 ( 3)
 455 -   0.46522 0.00239 0.52900 0.00339 ( 3)
 456 -   0.46688 0.00014 0.53271 0.00027 ( 3)
 457 -   0.46691 0.00018 0.53257 0.00034 ( 3)
 458 -   0.46415 0.00352 0.52753 0.00480 ( 3)
 459 -   0.46637 0.00111 0.53081 0.00171 ( 3)
 460 -   0.31094 0.13866 0.35358 0.19682 ( 3)
 461 -   0.46691 0.00032 0.53220 0.00057 ( 3)
 462 -   0.46600 0.00154 0.53017 0.00229 ( 3)
 463 -   0.46634 0.00115 0.53075 0.00176 ( 3)
 464 -   0.46522 0.00239 0.52900 0.00339 ( 3)
 465 -   0.46646 0.00101 0.53096 0.00157 ( 3)
 466 -   0.46526 0.00198 0.52966 0.00311 ( 3)
 467 -   0.46568 0.00149 0.53039 0.00244 ( 3)
 468 -   0.46518 0.00206 0.52955 0.00321 ( 3)
 469 -   0.46336 0.00402 0.52690 0.00571 ( 3)
 470 -   0.46608 0.00101 0.53117 0.00174 ( 3)
 471 -   0.46357 0.00380 0.52718 0.00545 ( 3)
 472 R   0.46632 0.00031 0.53272 0.00066 ( 3)
 473 Y   0.46640 0.00007 0.53338 0.00015 ( 3)
 474 R   0.46669 0.00012 0.53295 0.00024 ( 3)
 475 I   0.46657 0.00043 0.53221 0.00079 ( 3)
 476 L   0.46371 0.00379 0.52720 0.00530 ( 3)
 477 N   0.46663 0.00016 0.53289 0.00032 ( 3)
 478 P   0.46569 0.00001 0.53429 0.00002 ( 3)
 479 A   0.46667 0.00026 0.53258 0.00049 ( 3)
 480 A   0.46666 0.00033 0.53239 0.00062 ( 3)
 481 I   0.46666 0.00036 0.53231 0.00067 ( 3)
 482 P   0.46576 0.00001 0.53421 0.00002 ( 3)
 483 E   0.46652 0.00064 0.53173 0.00111 ( 3)
 484 G   0.46650 0.00008 0.53323 0.00019 ( 3)
 485 Q   0.46669 0.00030 0.53245 0.00057 ( 3)
 486 F   0.46666 0.00035 0.53234 0.00065 ( 3)
 487 I   0.46656 0.00059 0.53181 0.00104 ( 3)
 488 D   0.46643 0.00006 0.53336 0.00015 ( 3)
 489 S   0.46515 0.00000 0.53484 0.00000 ( 3)
 490 R   0.46544 0.00000 0.53454 0.00001 ( 3)
 491 K   0.46668 0.00032 0.53241 0.00060 ( 3)
 492 G   0.46620 0.00003 0.53370 0.00007 ( 3)
 493 S   0.00000 0.38774 0.00000 0.61226 ( 4)
 494 E   0.46652 0.00064 0.53173 0.00111 ( 3)
 495 K   0.46646 0.00075 0.53152 0.00127 ( 3)
