88
Bacu_FOXP2       0.0000000 0.0220769 0.0246701 0.0022172 0.0042093 0.0063273 0.0063273 0.0080649 0.0093687 0.0023729 0.0022161 0.1081098 0.0209784 0.0181132 0.1620093 0.0135019 0.0215533 0.0207027 0.0215533 0.0267441 0.0127417 0.1354785 0.0127417 0.0067204 0.0192964 0.0214987 0.0192964 0.0183250 0.0855388 0.0853182 0.0475362 0.1440154 0.0231641 0.0282505 0.0234199 0.0214899 0.0303195 0.0246389 0.0204257 0.0183250 0.0205139 0.0162174 0.0233657 0.0214970 0.0236742 0.0191178 0.0228478 0.0237417 0.0225024 0.0204340 0.0214970 0.0216178 0.0246236 0.2620453 0.0237232 0.0217576 0.0204340 0.0246841 0.0260077 0.1193083 0.0214970 0.0204247 0.1262337 0.0326428 0.0310018 0.0228095 0.0129148 0.0260077 0.1178210 0.0304946 0.0305144 0.0246841 0.0186178 0.0227491 0.0220070 0.0214861 0.0214861 0.0181132 0.0300834 0.0214887 0.0237252 0.0267725 0.0236909 0.0214887 0.1119221 0.0214987 0.0225009 0.0251073 
Barn_FOXP2       0.0220769 0.0000000 0.0029563 0.0249256 0.0220907 0.0249219 0.0249219 0.0307972 0.0061578 0.0192504 0.0192504 0.0965562 0.0032087 0.0026887 0.1549710 0.0249297 0.0054129 0.0054129 0.0054129 0.0108272 0.0109116 0.1330932 0.0109116 0.0220637 0.0026887 0.0026887 0.0026887 0.0026887 0.0778036 0.0712637 0.0225303 0.1304088 0.0082765 0.0081425 0.0081425 0.0026887 0.0088994 0.0088933 0.0053928 0.0026887 0.0029048 0.0000010 0.0036501 0.0053954 0.0081052 0.0041202 0.0058277 0.0054066 0.0000010 0.0053954 0.0053954 0.0033157 0.0080926 0.2454928 0.0053954 0.0053954 0.0053954 0.0081187 0.0081187 0.1110767 0.0026887 0.0053997 0.1065083 0.0179438 0.0108606 0.0053870 0.0085262 0.0081187 0.1165827 0.0081446 0.0136278 0.0081187 0.0091090 0.0081124 0.0119302 0.0053916 0.0053916 0.0026887 0.0146760 0.0053928 0.0053970 0.0117275 0.0081124 0.0053928 0.1050591 0.0053959 0.0081163 0.0108598 
Bbai76728_FOXP2  0.0246701 0.0029563 0.0000000 0.0272245 0.0221341 0.0246554 0.0246554 0.0350954 0.0081329 0.0226806 0.0221341 0.1100980 0.0051325 0.0048025 0.1648907 0.0272284 0.0072463 0.0073258 0.0072463 0.0145868 0.0121629 0.1367707 0.0121629 0.0273734 0.0048025 0.0072260 0.0048025 0.0048025 0.0804854 0.0745976 0.0225303 0.1542562 0.0064677 0.0121586 0.0083657 0.0072227 0.0131016 0.0104846 0.0072223 0.0048025 0.0051325 0.0031622 0.0031236 0.0072254 0.0096468 0.0031167 0.0077199 0.0096773 0.0000010 0.0072254 0.0072254 0.0028825 0.0121182 0.2566080 0.0096691 0.0073235 0.0072254 0.0121533 0.0121533 0.1204593 0.0072254 0.0072306 0.1254352 0.0183413 0.0170692 0.0096813 0.0128648 0.0121533 0.1221887 0.0146297 0.0146229 0.0121533 0.0147624 0.0072223 0.0112104 0.0072209 0.0072209 0.0048025 0.0146760 0.0072223 0.0096694 0.0103214 0.0072223 0.0072223 0.1148482 0.0072260 0.0096586 0.0121113 
BbonAUS_FOXP2    0.0022172 0.0249256 0.0272245 0.0000000 0.0066915 0.0089419 0.0089419 0.0112490 0.0124949 0.0050682 0.0044462 0.1065744 0.0209784 0.0204373 0.1774398 0.0157983 0.0228346 0.0230719 0.0228346 0.0298628 0.0157616 0.1405363 0.0157616 0.0089869 0.0204373 0.0227733 0.0204373 0.0204373 0.0961258 0.0904757 0.0475362 0.1468803 0.0265890 0.0299437 0.0261103 0.0227634 0.0296997 0.0246389 0.0227621 0.0204373 0.0193243 0.0174454 0.0233657 0.0227713 0.0250791 0.0223976 0.0217948 0.0251549 0.0225024 0.0227713 0.0227713 0.0244057 0.0274869 0.2524103 0.0251341 0.0230640 0.0227713 0.0275623 0.0275623 0.1189240 0.0227713 0.0227873 0.1326662 0.0321651 0.0346357 0.0251648 0.0173171 0.0275623 0.1237874 0.0323263 0.0323486 0.0275623 0.0186178 0.0250977 0.0235026 0.0227592 0.0227592 0.0204373 0.0300834 0.0227621 0.0251365 0.0267725 0.0250977 0.0227621 0.1080171 0.0227732 0.0251079 0.0274707 
Bbor_FOXP2       0.0042093 0.0220907 0.0221341 0.0066915 0.0000000 0.0020971 0.0020971 0.0128014 0.0093736 0.0023741 0.0022172 0.1084788 0.0182956 0.0181224 0.1758491 0.0135086 0.0215638 0.0207135 0.0215638 0.0281927 0.0127477 0.1410376 0.0127477 0.0067237 0.0193057 0.0215092 0.0193057 0.0193057 0.0906689 0.0853694 0.0475362 0.1499644 0.0197713 0.0282646 0.0234338 0.0215004 0.0303359 0.0246528 0.0204362 0.0193057 0.0205245 0.0162272 0.0233812 0.0215075 0.0236858 0.0158672 0.0228597 0.0237534 0.0186635 0.0204445 0.0215075 0.0216311 0.0259534 0.2634684 0.0237349 0.0217683 0.0204445 0.0260206 0.0260206 0.1202372 0.0215075 0.0215216 0.1275038 0.0326604 0.0326900 0.0228214 0.0129148 0.0260206 0.1280085 0.0305100 0.0305297 0.0260206 0.0186178 0.0227608 0.0245406 0.0214966 0.0214966 0.0181224 0.0300834 0.0214992 0.0237369 0.0267875 0.0237025 0.0214992 0.1184037 0.0215092 0.0237115 0.0251204 
Bede66737_FOXP2  0.0063273 0.0249219 0.0246554 0.0089419 0.0020971 0.0000000 0.0000010 0.0149673 0.0093736 0.0047596 0.0044454 0.1111834 0.0209648 0.0204345 0.1792883 0.0158171 0.0237723 0.0230688 0.0237723 0.0304286 0.0149043 0.1441394 0.0149043 0.0089853 0.0214976 0.0237119 0.0214976 0.0214976 0.0932945 0.0879640 0.0732094 0.1531418 0.0164115 0.0305066 0.0261067 0.0237021 0.0327480 0.0271859 0.0227591 0.0214976 0.0228579 0.0162272 0.0263824 0.0237100 0.0258957 0.0191026 0.0252042 0.0259698 0.0186635 0.0227683 0.0237100 0.0244021 0.0281783 0.2675982 0.0259495 0.0239982 0.0227683 0.0282514 0.0282514 0.1230260 0.0237100 0.0237257 0.1304795 0.0302439 0.0349471 0.0251617 0.0172952 0.0282514 0.1310592 0.0327621 0.0327835 0.0282514 0.0224257 0.0250946 0.0270613 0.0236981 0.0236981 0.0204345 0.0352764 0.0237008 0.0259519 0.0292948 0.0259139 0.0237008 0.1212012 0.0237118 0.0259238 0.0274675 
BedeAUS_FOXP2    0.0063273 0.0249219 0.0246554 0.0089419 0.0020971 0.0000010 0.0000000 0.0149673 0.0093736 0.0047596 0.0044454 0.1111834 0.0209648 0.0204345 0.1792883 0.0158171 0.0237723 0.0230688 0.0237723 0.0304286 0.0149043 0.1441394 0.0149043 0.0089853 0.0214976 0.0237119 0.0214976 0.0214976 0.0932945 0.0879640 0.0732094 0.1531418 0.0164115 0.0305066 0.0261067 0.0237021 0.0327480 0.0271859 0.0227591 0.0214976 0.0228579 0.0162272 0.0263824 0.0237100 0.0258957 0.0191026 0.0252042 0.0259698 0.0186635 0.0227683 0.0237100 0.0244021 0.0281783 0.2675982 0.0259495 0.0239982 0.0227683 0.0282514 0.0282514 0.1230260 0.0237100 0.0237257 0.1304795 0.0302439 0.0349471 0.0251617 0.0172952 0.0282514 0.1310592 0.0327621 0.0327835 0.0282514 0.0224257 0.0250946 0.0270613 0.0236981 0.0236981 0.0204345 0.0352764 0.0237008 0.0259519 0.0292948 0.0259139 0.0237008 0.1212012 0.0237118 0.0259238 0.0274675 
Bmus_FOXP2       0.0080649 0.0307972 0.0350954 0.0112490 0.0128014 0.0149673 0.0149673 0.0000000 0.0190238 0.0096101 0.0112435 0.1190639 0.0320067 0.0275697 0.1688217 0.0228324 0.0305984 0.0303520 0.0305984 0.0354392 0.0215299 0.1471772 0.0215299 0.0113056 0.0282617 0.0305192 0.0282617 0.0268189 0.0884382 0.0909751 0.0475362 0.1467212 0.0372005 0.0374662 0.0316549 0.0305066 0.0402535 0.0350471 0.0299387 0.0268189 0.0300714 0.0246722 0.0357185 0.0305167 0.0282924 0.0325333 0.0324628 0.0328300 0.0384320 0.0299511 0.0305167 0.0329995 0.0332682 0.2644222 0.0328037 0.0308924 0.0299511 0.0333510 0.0351663 0.1306219 0.0305167 0.0289732 0.1323795 0.0426069 0.0397939 0.0324069 0.0129148 0.0351663 0.1240587 0.0397628 0.0397891 0.0333510 0.0262856 0.0323189 0.0270453 0.0305020 0.0305020 0.0275697 0.0352778 0.0305049 0.0328077 0.0370844 0.0327580 0.0305049 0.1230866 0.0305192 0.0310892 0.0347440 
Bmys_FOXP2       0.0093687 0.0061578 0.0081329 0.0124949 0.0093736 0.0093736 0.0093736 0.0190238 0.0000000 0.0053427 0.0074493 0.1030129 0.0058230 0.0049534 0.1585096 0.0074527 0.0093877 0.0075516 0.0093877 0.0141450 0.0000010 0.1158530 0.0000010 0.0125493 0.0070007 0.0093621 0.0070007 0.0070007 0.0809689 0.0752358 0.0000010 0.1387538 0.0000010 0.0165765 0.0115977 0.0093580 0.0179074 0.0108712 0.0074495 0.0070007 0.0074842 0.0080399 0.0065681 0.0093613 0.0117167 0.0000010 0.0100054 0.0117528 0.0073709 0.0074529 0.0093613 0.0060208 0.0117525 0.2325580 0.0117430 0.0094752 0.0074529 0.0141673 0.0141673 0.1129299 0.0093613 0.0093679 0.1088869 0.0178574 0.0213690 0.0099874 0.0052581 0.0141673 0.1214244 0.0189938 0.0190070 0.0141673 0.0087744 0.0099588 0.0162901 0.0093558 0.0093558 0.0049534 0.0252850 0.0093574 0.0117435 0.0134073 0.0117257 0.0093574 0.1071681 0.0093621 0.0117306 0.0124941 
Bphy_FOXP2       0.0023729 0.0192504 0.0226806 0.0050682 0.0023741 0.0047596 0.0047596 0.0096101 0.0053427 0.0000000 0.0000010 0.0990309 0.0182526 0.0154226 0.1777698 0.0128059 0.0194486 0.0183198 0.0194486 0.0243117 0.0095630 0.1358814 0.0095630 0.0050960 0.0169170 0.0169170 0.0169170 0.0169170 0.0799497 0.0741054 0.0475362 0.1357111 0.0199342 0.0219361 0.0207497 0.0193842 0.0264996 0.0225690 0.0180417 0.0169170 0.0181300 0.0134685 0.0206187 0.0193914 0.0218441 0.0152397 0.0207765 0.0194284 0.0185827 0.0180500 0.0193914 0.0188278 0.0218139 0.2438313 0.0193914 0.0196568 0.0180500 0.0218772 0.0218772 0.1119282 0.0169170 0.0194057 0.1172153 0.0318937 0.0268989 0.0180231 0.0129148 0.0218772 0.1207658 0.0244524 0.0269093 0.0218772 0.0138074 0.0206747 0.0225300 0.0193802 0.0193802 0.0154226 0.0300834 0.0193830 0.0218970 0.0251233 0.0218614 0.0193830 0.1039265 0.0193931 0.0218709 0.0233473 
Bphy_baits_FOXP2 0.0022161 0.0192504 0.0221341 0.0044462 0.0022172 0.0044454 0.0044454 0.0112435 0.0074493 0.0000010 0.0000000 0.1066448 0.0182956 0.0158040 0.1773086 0.0112197 0.0181617 0.0183492 0.0181617 0.0251218 0.0111938 0.1343936 0.0111938 0.0044675 0.0158040 0.0181134 0.0158040 0.0158040 0.0905012 0.0849211 0.0475362 0.1467789 0.0197713 0.0251891 0.0207497 0.0181056 0.0271404 0.0221068 0.0181046 0.0158040 0.0168576 0.0115446 0.0203700 0.0181119 0.0204008 0.0158672 0.0193145 0.0204619 0.0186635 0.0181119 0.0181119 0.0188514 0.0227728 0.2522070 0.0204452 0.0183431 0.0181119 0.0228349 0.0228349 0.1190052 0.0181119 0.0181244 0.1266663 0.0295994 0.0298430 0.0204699 0.0129148 0.0228349 0.1237045 0.0275468 0.0275655 0.0228349 0.0186178 0.0204160 0.0208216 0.0181020 0.0181020 0.0158040 0.0300834 0.0181046 0.0204468 0.0242649 0.0204160 0.0181046 0.1138845 0.0181134 0.0204242 0.0227599 
Btau_FOXP2       0.1081098 0.0965562 0.1100980 0.1065744 0.1084788 0.1111834 0.1111834 0.1190639 0.1030129 0.0990309 0.1066448 0.0000000 0.0858088 0.1006281 0.1541433 0.1124388 0.1055601 0.1049958 0.1055601 0.1070528 0.0977134 0.1216660 0.0977134 0.1131123 0.1025581 0.1025581 0.1025581 0.1025243 0.1121010 0.1070364 0.0230883 0.1417874 0.0908221 0.1111052 0.0997827 0.1051950 0.0995572 0.0914092 0.1033988 0.1025243 0.0871080 0.1085932 0.0717741 0.0999398 0.1024459 0.0912738 0.0898189 0.1081117 0.0813439 0.0978718 0.0999398 0.0917230 0.1044922 0.3089919 0.1026807 0.0986491 0.0978718 0.1047630 0.1049026 0.0203655 0.0999398 0.1051646 0.0553978 0.1020286 0.1154625 0.1065291 0.0952858 0.1049026 0.1190039 0.1137144 0.1103330 0.1047630 0.0806548 0.1005806 0.1031609 0.1053801 0.1053801 0.1006281 0.0568141 0.1051894 0.1025553 0.0870218 0.1025122 0.1051894 0.1045694 0.0999294 0.1076022 0.0978697 
Ccom40_FOXP2     0.0209784 0.0032087 0.0051325 0.0209784 0.0182956 0.0209648 0.0209648 0.0320067 0.0058230 0.0182526 0.0182956 0.0858088 0.0000000 0.0000010 0.1515916 0.0236851 0.0025642 0.0025940 0.0025642 0.0103273 0.0077504 0.1230013 0.0077504 0.0238186 0.0000010 0.0025566 0.0000010 0.0000010 0.0771710 0.0709266 0.0000010 0.1374365 0.0035228 0.0051326 0.0000010 0.0025553 0.0078041 0.0052046 0.0025552 0.0000010 0.0000010 0.0000010 0.0000010 0.0025563 0.0051199 0.0000010 0.0025552 0.0051371 0.0000010 0.0025563 0.0025563 0.0000010 0.0077202 0.2434332 0.0051324 0.0025932 0.0025563 0.0077439 0.0077439 0.0989131 0.0025563 0.0000010 0.1217265 0.0129898 0.0129506 0.0051393 0.0047802 0.0077439 0.1037253 0.0103597 0.0103544 0.0077439 0.0073071 0.0025552 0.0060098 0.0025546 0.0025546 0.0000010 0.0097186 0.0025552 0.0025574 0.0051242 0.0025552 0.0025552 0.0931088 0.0000010 0.0051266 0.0051270 
Chea7320_FOXP2   0.0181132 0.0026887 0.0048025 0.0204373 0.0181224 0.0204345 0.0204345 0.0275697 0.0049534 0.0154226 0.0158040 0.1006281 0.0000010 0.0000000 0.1661361 0.0204401 0.0022203 0.0022425 0.0022203 0.0089360 0.0067057 0.1276592 0.0067057 0.0205391 0.0000010 0.0022145 0.0000010 0.0000010 0.0819990 0.0765374 0.0000010 0.1434070 0.0032192 0.0089589 0.0050781 0.0022136 0.0096360 0.0047974 0.0022135 0.0000010 0.0000010 0.0000010 0.0000010 0.0022144 0.0044353 0.0000010 0.0023586 0.0044481 0.0000010 0.0022144 0.0022144 0.0000010 0.0066830 0.2515660 0.0044447 0.0022418 0.0022144 0.0067008 0.0067008 0.1127580 0.0022144 0.0022158 0.1232851 0.0120431 0.0134725 0.0044498 0.0042380 0.0067008 0.1204896 0.0112265 0.0112338 0.0067008 0.0073071 0.0044385 0.0076527 0.0022131 0.0022131 0.0000010 0.0097186 0.0022135 0.0044447 0.0071113 0.0044385 0.0022135 0.1105744 0.0022145 0.0044403 0.0066797 
Clfam_FOXP2      0.1620093 0.1549710 0.1648907 0.1774398 0.1758491 0.1792883 0.1792883 0.1688217 0.1585096 0.1777698 0.1773086 0.1541433 0.1515916 0.1661361 0.0000000 0.1773239 0.1612461 0.1603171 0.1612461 0.1642503 0.1596404 0.1257702 0.1596404 0.1787498 0.1649642 0.1680851 0.1649642 0.1578557 0.1651455 0.1694079 0.1341766 0.1462704 0.1660572 0.1752244 0.1793916 0.1679947 0.1697453 0.1642354 0.1693353 0.1578557 0.1540238 0.1779028 0.1551462 0.1619571 0.1647885 0.1690044 0.1571743 0.1683971 0.1551714 0.1629545 0.1619571 0.1688879 0.1613095 0.3303672 0.1651891 0.1575962 0.1629545 0.1643669 0.1719565 0.1665392 0.1619571 0.1609073 0.1851976 0.1659185 0.1756143 0.1732236 0.1123873 0.1719565 0.0884122 0.1813666 0.1783865 0.1643669 0.1404389 0.1660510 0.1471523 0.1683452 0.1683452 0.1661361 0.1318010 0.1679873 0.1719596 0.1578513 0.1648843 0.1679873 0.1423802 0.1680848 0.1635991 0.1694553 
Cmar59905_FOXP2  0.0135019 0.0249297 0.0272284 0.0157983 0.0135086 0.0158171 0.0158171 0.0228324 0.0074527 0.0128059 0.0112197 0.1124388 0.0236851 0.0204401 0.1773239 0.0000000 0.0228376 0.0230750 0.0228376 0.0298669 0.0134801 0.1344048 0.0134801 0.0158762 0.0204401 0.0227763 0.0204401 0.0204401 0.0961394 0.0904885 0.1008356 0.1532665 0.0231961 0.0299477 0.0261143 0.0227665 0.0322831 0.0271933 0.0227651 0.0204401 0.0218112 0.0115509 0.0233535 0.0227744 0.0250825 0.0191070 0.0242960 0.0251583 0.0148550 0.0227744 0.0227744 0.0216074 0.0274906 0.2522229 0.0251375 0.0230671 0.0227744 0.0275660 0.0275660 0.1249849 0.0227744 0.0227903 0.1266768 0.0348058 0.0346403 0.0251682 0.0262793 0.0275660 0.1299466 0.0323307 0.0323529 0.0275660 0.0302322 0.0251011 0.0289234 0.0227623 0.0227623 0.0204401 0.0405960 0.0227651 0.0251399 0.0293024 0.0251011 0.0227651 0.1198373 0.0227763 0.0251113 0.0274744 
Dcap108471_FOXP2 0.0215533 0.0054129 0.0072463 0.0228346 0.0215638 0.0237723 0.0237723 0.0305984 0.0093877 0.0194486 0.0181617 0.1055601 0.0025642 0.0022203 0.1612461 0.0228376 0.0000000 0.0000010 0.0000010 0.0106271 0.0106452 0.1375959 0.0106452 0.0229492 0.0021021 0.0042165 0.0021021 0.0021021 0.0852896 0.0800599 0.0000010 0.1499054 0.0064898 0.0106532 0.0076646 0.0042148 0.0114164 0.0072385 0.0044521 0.0021021 0.0022325 0.0026738 0.0028488 0.0042162 0.0063317 0.0031269 0.0044757 0.0063492 0.0036813 0.0044539 0.0042162 0.0026405 0.0084788 0.2613606 0.0063445 0.0042662 0.0044539 0.0085002 0.0085002 0.1172083 0.0042162 0.0042188 0.1272477 0.0136977 0.0149507 0.0067112 0.0042380 0.0085002 0.1279608 0.0128141 0.0128220 0.0085002 0.0110590 0.0066940 0.0096409 0.0042139 0.0042139 0.0022203 0.0147524 0.0042146 0.0063446 0.0095368 0.0063361 0.0042146 0.1181574 0.0042165 0.0063385 0.0089548 
Dcap79929_FOXP2  0.0207027 0.0054129 0.0073258 0.0230719 0.0207135 0.0230688 0.0230688 0.0303520 0.0075516 0.0183198 0.0183492 0.1049958 0.0025940 0.0022425 0.1603171 0.0230750 0.0000010 0.0000000 0.0000010 0.0113457 0.0090816 0.1326822 0.0090816 0.0231291 0.0022425 0.0044992 0.0022425 0.0022425 0.0859795 0.0803949 0.0000010 0.1488385 0.0064898 0.0113754 0.0077536 0.0044973 0.0097619 0.0073178 0.0044971 0.0022425 0.0023917 0.0029018 0.0028857 0.0044989 0.0067567 0.0031715 0.0047956 0.0067766 0.0037371 0.0044989 0.0044989 0.0026722 0.0090505 0.2501165 0.0067713 0.0045097 0.0044989 0.0090750 0.0090750 0.1174329 0.0044989 0.0045019 0.1251735 0.0146974 0.0136472 0.0067793 0.0042380 0.0090750 0.1218912 0.0113719 0.0136939 0.0090750 0.0110590 0.0067618 0.0102670 0.0044962 0.0044962 0.0022425 0.0147524 0.0044971 0.0045000 0.0096401 0.0067618 0.0044971 0.1152255 0.0044992 0.0067645 0.0090458 
DdelSJR_FOXP2    0.0215533 0.0054129 0.0072463 0.0228346 0.0215638 0.0237723 0.0237723 0.0305984 0.0093877 0.0194486 0.0181617 0.1055601 0.0025642 0.0022203 0.1612461 0.0228376 0.0000010 0.0000010 0.0000000 0.0106271 0.0106452 0.1375959 0.0106452 0.0229492 0.0021021 0.0042165 0.0021021 0.0021021 0.0852896 0.0800599 0.0000010 0.1499054 0.0064898 0.0106532 0.0076646 0.0042148 0.0114164 0.0072385 0.0044521 0.0021021 0.0022325 0.0026738 0.0028488 0.0042162 0.0063317 0.0031269 0.0044757 0.0063492 0.0036813 0.0044539 0.0042162 0.0026405 0.0084788 0.2613606 0.0063445 0.0042662 0.0044539 0.0085002 0.0085002 0.1172083 0.0042162 0.0042188 0.1272477 0.0136977 0.0149507 0.0067112 0.0042380 0.0085002 0.1279608 0.0128141 0.0128220 0.0085002 0.0110590 0.0066940 0.0096409 0.0042139 0.0042139 0.0022203 0.0147524 0.0042146 0.0063446 0.0095368 0.0063361 0.0042146 0.1181574 0.0042165 0.0063385 0.0089548 
Dleu_FOXP2       0.0267441 0.0108272 0.0145868 0.0298628 0.0281927 0.0304286 0.0304286 0.0354392 0.0141450 0.0243117 0.0251218 0.1070528 0.0103273 0.0089360 0.1642503 0.0298669 0.0106271 0.0113457 0.0106271 0.0000000 0.0171291 0.1349531 0.0171291 0.0300148 0.0084578 0.0084578 0.0084578 0.0080381 0.0852708 0.0850367 0.0222063 0.1524732 0.0097641 0.0171422 0.0127759 0.0105966 0.0183783 0.0145699 0.0111963 0.0080381 0.0089837 0.0053379 0.0086001 0.0106000 0.0127349 0.0062720 0.0112564 0.0127704 0.0074020 0.0112008 0.0106000 0.0079677 0.0019943 0.2699038 0.0127607 0.0107265 0.0112008 0.0100467 0.0105713 0.1181208 0.0106000 0.0100786 0.1276388 0.0206716 0.0183092 0.0135023 0.0127800 0.0105713 0.1259405 0.0171359 0.0148822 0.0100467 0.0109111 0.0134674 0.0169784 0.0105943 0.0105943 0.0089360 0.0196261 0.0105960 0.0127613 0.0167947 0.0127438 0.0105960 0.1220840 0.0106008 0.0121127 0.0157639 
EausAUS_FOXP2    0.0127417 0.0109116 0.0121629 0.0157616 0.0127477 0.0149043 0.0149043 0.0215299 0.0000010 0.0095630 0.0111938 0.0977134 0.0077504 0.0067057 0.1596404 0.0134801 0.0106452 0.0090816 0.0106452 0.0171291 0.0000000 0.1292320 0.0000010 0.0158391 0.0084721 0.0106188 0.0084721 0.0084721 0.0776659 0.0725155 0.0231727 0.1413223 0.0064932 0.0171717 0.0128700 0.0106145 0.0184122 0.0121491 0.0089621 0.0084721 0.0089998 0.0080399 0.0086179 0.0106180 0.0127565 0.0031285 0.0112767 0.0127922 0.0073709 0.0089657 0.0106180 0.0079831 0.0149475 0.2528446 0.0127825 0.0107449 0.0089657 0.0149856 0.0149856 0.1091494 0.0106180 0.0106247 0.1163469 0.0207097 0.0215163 0.0112583 0.0085707 0.0149856 0.1196093 0.0193637 0.0193759 0.0149856 0.0110657 0.0112292 0.0170115 0.0106123 0.0106123 0.0067057 0.0249402 0.0106140 0.0127830 0.0144044 0.0127654 0.0106140 0.1100302 0.0106188 0.0127703 0.0135197 
Ecab_FOXP2       0.1354785 0.1330932 0.1367707 0.1405363 0.1410376 0.1441394 0.1441394 0.1471772 0.1158530 0.1358814 0.1343936 0.1216660 0.1230013 0.1276592 0.1257702 0.1344048 0.1375959 0.1326822 0.1375959 0.1349531 0.1292320 0.0000000 0.1292320 0.1414505 0.1342807 0.1371617 0.1342807 0.1292426 0.1221820 0.1210702 0.2384837 0.1072690 0.1209994 0.1435963 0.1315159 0.1370926 0.1367807 0.1297616 0.1305845 0.1292426 0.1286862 0.1243610 0.1187863 0.1314895 0.1341360 0.1161579 0.1316365 0.1373938 0.1043600 0.1247482 0.1314895 0.1263654 0.1322256 0.3216321 0.1344514 0.1333528 0.1247482 0.1378512 0.1434597 0.1252045 0.1314895 0.1320510 0.1485821 0.1394891 0.1456885 0.1339898 0.1129232 0.1434597 0.1138338 0.1493039 0.1494058 0.1378512 0.1238344 0.1275972 0.1348549 0.1373542 0.1373542 0.1276592 0.1158569 0.1370859 0.1402324 0.1244081 0.1342185 0.1370859 0.1199348 0.1371614 0.1318831 0.1247515 
Egla13086_FOXP2  0.0127417 0.0109116 0.0121629 0.0157616 0.0127477 0.0149043 0.0149043 0.0215299 0.0000010 0.0095630 0.0111938 0.0977134 0.0077504 0.0067057 0.1596404 0.0134801 0.0106452 0.0090816 0.0106452 0.0171291 0.0000010 0.1292320 0.0000000 0.0158391 0.0084721 0.0106188 0.0084721 0.0084721 0.0776659 0.0725155 0.0231727 0.1413223 0.0064932 0.0171717 0.0128700 0.0106145 0.0184122 0.0121491 0.0089621 0.0084721 0.0089998 0.0080399 0.0086179 0.0106180 0.0127565 0.0031285 0.0112767 0.0127922 0.0073709 0.0089657 0.0106180 0.0079831 0.0149475 0.2528446 0.0127825 0.0107449 0.0089657 0.0149856 0.0149856 0.1091494 0.0106180 0.0106247 0.1163469 0.0207097 0.0215163 0.0112583 0.0085707 0.0149856 0.1196093 0.0193637 0.0193759 0.0149856 0.0110657 0.0112292 0.0170115 0.0106123 0.0106123 0.0067057 0.0249402 0.0106140 0.0127830 0.0144044 0.0127654 0.0106140 0.1100302 0.0106188 0.0127703 0.0135197 
Erob133443_FOXP2 0.0067204 0.0220637 0.0273734 0.0089869 0.0067237 0.0089853 0.0089853 0.0113056 0.0125493 0.0050960 0.0044675 0.1131123 0.0238186 0.0205391 0.1787498 0.0158762 0.0229492 0.0231291 0.0229492 0.0300148 0.0158391 0.1414505 0.0158391 0.0000000 0.0205391 0.0228873 0.0205391 0.0205391 0.0939204 0.0910104 0.0475362 0.1541141 0.0266846 0.0300965 0.0262608 0.0228774 0.0298390 0.0273379 0.0228760 0.0205391 0.0219242 0.0175342 0.0265574 0.0228854 0.0252051 0.0225555 0.0244226 0.0252817 0.0265576 0.0228854 0.0228854 0.0245516 0.0276260 0.2621274 0.0252607 0.0231211 0.0228854 0.0277022 0.0277022 0.1257567 0.0228854 0.0229015 0.1335097 0.0349423 0.0348136 0.0252917 0.0129148 0.0277022 0.1306424 0.0324921 0.0325145 0.0277022 0.0224281 0.0252239 0.0234868 0.0228732 0.0228732 0.0205391 0.0352778 0.0228760 0.0252631 0.0294566 0.0252239 0.0228760 0.1205744 0.0228873 0.0252342 0.0276096 
Fatt_FOXP2       0.0192964 0.0026887 0.0048025 0.0204373 0.0193057 0.0214976 0.0214976 0.0282617 0.0070007 0.0169170 0.0158040 0.1025581 0.0000010 0.0000010 0.1649642 0.0204401 0.0021021 0.0022425 0.0021021 0.0084578 0.0084721 0.1342807 0.0084721 0.0205391 0.0000000 0.0020969 0.0000010 0.0000010 0.0824418 0.0772596 0.0000010 0.1464582 0.0032192 0.0084783 0.0050781 0.0020961 0.0090823 0.0047974 0.0022135 0.0000010 0.0000010 0.0000010 0.0000010 0.0020967 0.0041995 0.0000010 0.0022257 0.0042110 0.0000010 0.0022144 0.0020967 0.0000010 0.0063263 0.2624921 0.0042079 0.0021213 0.0022144 0.0063422 0.0063422 0.1140840 0.0020967 0.0020980 0.1240588 0.0113514 0.0127484 0.0044498 0.0042380 0.0063422 0.1246841 0.0106230 0.0106295 0.0063422 0.0073071 0.0044385 0.0071886 0.0020956 0.0020956 0.0000010 0.0097186 0.0020959 0.0042080 0.0071113 0.0042024 0.0020959 0.1150033 0.0020969 0.0042040 0.0066797 
Ggri_FOXP2       0.0214987 0.0026887 0.0072260 0.0227733 0.0215092 0.0237119 0.0237119 0.0305192 0.0093621 0.0169170 0.0181134 0.1025581 0.0025566 0.0022145 0.1680851 0.0227763 0.0042165 0.0044992 0.0042165 0.0084578 0.0106188 0.1371617 0.0106188 0.0228873 0.0020969 0.0000000 0.0020969 0.0020969 0.0798911 0.0747363 0.0000010 0.1494213 0.0064653 0.0106267 0.0050781 0.0042045 0.0113860 0.0072182 0.0044406 0.0020969 0.0022268 0.0000010 0.0028394 0.0042059 0.0063162 0.0031156 0.0044641 0.0063336 0.0036656 0.0044424 0.0042059 0.0026325 0.0063263 0.2661687 0.0063289 0.0042556 0.0044424 0.0063422 0.0063422 0.1140840 0.0042059 0.0042085 0.1240588 0.0136612 0.0105991 0.0066937 0.0042380 0.0063422 0.1275565 0.0084787 0.0106295 0.0063422 0.0073071 0.0066767 0.0096139 0.0042036 0.0042036 0.0022145 0.0097186 0.0042043 0.0063290 0.0095103 0.0063206 0.0042043 0.1122787 0.0042062 0.0063230 0.0089315 
Gmac39091_FOXP2  0.0192964 0.0026887 0.0048025 0.0204373 0.0193057 0.0214976 0.0214976 0.0282617 0.0070007 0.0169170 0.0158040 0.1025581 0.0000010 0.0000010 0.1649642 0.0204401 0.0021021 0.0022425 0.0021021 0.0084578 0.0084721 0.1342807 0.0084721 0.0205391 0.0000010 0.0020969 0.0000000 0.0000010 0.0824418 0.0772596 0.0000010 0.1464582 0.0032192 0.0084783 0.0050781 0.0020961 0.0090823 0.0047974 0.0022135 0.0000010 0.0000010 0.0000010 0.0000010 0.0020967 0.0041995 0.0000010 0.0022257 0.0042110 0.0000010 0.0022144 0.0020967 0.0000010 0.0063263 0.2624921 0.0042079 0.0021213 0.0022144 0.0063422 0.0063422 0.1140840 0.0020967 0.0020980 0.1240588 0.0113514 0.0127484 0.0044498 0.0042380 0.0063422 0.1246841 0.0106230 0.0106295 0.0063422 0.0073071 0.0044385 0.0071886 0.0020956 0.0020956 0.0000010 0.0097186 0.0020959 0.0042080 0.0071113 0.0042024 0.0020959 0.1150033 0.0020969 0.0042040 0.0066797 
Gmel_FOXP2       0.0183250 0.0026887 0.0048025 0.0204373 0.0193057 0.0214976 0.0214976 0.0268189 0.0070007 0.0169170 0.0158040 0.1025243 0.0000010 0.0000010 0.1578557 0.0204401 0.0021021 0.0022425 0.0021021 0.0080381 0.0084721 0.1292426 0.0084721 0.0205391 0.0000010 0.0020969 0.0000010 0.0000000 0.0778800 0.0772596 0.0000010 0.1463488 0.0032192 0.0084783 0.0050781 0.0020961 0.0090823 0.0047974 0.0022135 0.0000010 0.0000010 0.0000010 0.0000010 0.0020967 0.0041995 0.0000010 0.0022257 0.0042110 0.0000010 0.0022144 0.0020967 0.0000010 0.0060133 0.2682039 0.0042079 0.0021213 0.0022144 0.0060276 0.0063422 0.1135205 0.0020967 0.0019947 0.1230354 0.0113514 0.0121126 0.0044498 0.0042380 0.0063422 0.1201372 0.0106230 0.0106295 0.0060276 0.0073071 0.0044385 0.0071886 0.0020956 0.0020956 0.0000010 0.0097186 0.0020959 0.0042080 0.0071113 0.0042024 0.0020959 0.1140323 0.0020969 0.0039966 0.0066797 
Hamp_FOXP2       0.0855388 0.0778036 0.0804854 0.0961258 0.0906689 0.0932945 0.0932945 0.0884382 0.0809689 0.0799497 0.0905012 0.1121010 0.0771710 0.0819990 0.1651455 0.0961394 0.0852896 0.0859795 0.0852896 0.0852708 0.0776659 0.1221820 0.0776659 0.0939204 0.0824418 0.0798911 0.0824418 0.0778800 0.0000000 0.0021141 0.0225846 0.1446439 0.0558510 0.0932312 0.0823714 0.0850018 0.0922817 0.0894790 0.0846935 0.0778800 0.0854398 0.0840685 0.0758497 0.0798991 0.0823502 0.0541384 0.0881735 0.0877838 0.0733995 0.0793182 0.0798991 0.0728845 0.0828027 0.2840013 0.0825374 0.0809675 0.0793182 0.0830189 0.0879270 0.1208606 0.0798991 0.0803764 0.1225259 0.0947753 0.0877363 0.0876759 0.0602345 0.0879270 0.1236654 0.0905645 0.0932429 0.0830189 0.0679476 0.0874005 0.0887298 0.0851451 0.0851451 0.0819990 0.0521256 0.0849970 0.0877340 0.0938638 0.0875635 0.0849970 0.1070534 0.0850412 0.0827286 0.0793198 
Hippo_FOXP2      0.0853182 0.0712637 0.0745976 0.0904757 0.0853694 0.0879640 0.0879640 0.0909751 0.0752358 0.0741054 0.0849211 0.1070364 0.0709266 0.0765374 0.1694079 0.0904885 0.0800599 0.0803949 0.0800599 0.0850367 0.0725155 0.1210702 0.0725155 0.0910104 0.0772596 0.0747363 0.0772596 0.0772596 0.0021141 0.0000000 0.0225846 0.1386990 0.0484259 0.0879055 0.0761269 0.0797923 0.0865753 0.0834703 0.0792019 0.0772596 0.0798937 0.0774595 0.0689669 0.0747437 0.0771737 0.0469564 0.0825965 0.0825320 0.0642396 0.0738865 0.0747437 0.0665539 0.0824387 0.2711031 0.0773482 0.0757364 0.0738865 0.0826654 0.0826654 0.1160914 0.0747437 0.0798854 0.1178556 0.0890601 0.0850208 0.0821333 0.0552426 0.0826654 0.1226325 0.0850208 0.0879177 0.0826654 0.0633285 0.0818788 0.0825098 0.0799249 0.0799249 0.0765374 0.0408908 0.0797878 0.0824841 0.0878928 0.0823272 0.0797878 0.1021286 0.0798290 0.0823612 0.0738878 
Hpla9120_FOXP2   0.0475362 0.0225303 0.0225303 0.0475362 0.0475362 0.0732094 0.0732094 0.0475362 0.0000010 0.0475362 0.0475362 0.0230883 0.0000010 0.0000010 0.1341766 0.1008356 0.0000010 0.0000010 0.0000010 0.0222063 0.0231727 0.2384837 0.0231727 0.0475362 0.0000010 0.0000010 0.0000010 0.0000010 0.0225846 0.0225846 0.0000000 0.1314624 0.0223458 0.0000010 0.0000010 0.0000010 0.0000010 0.0000010 0.0000010 0.0000010 0.0000010 0.0000010 0.0000010 0.0000010 0.0000010 0.0000010 0.0000010 0.0000010 0.0000010 0.0000010 0.0000010 0.0000010 0.0222063 0.4793230 0.0000010 0.0000010 0.0000010 0.0000010 0.0000010 0.0469146 0.0000010 0.0000010 0.1894011 0.0223458 0.0000010 0.0000010 0.0000010 0.0000010 0.0728927 0.0000010 0.0000010 0.0000010 0.0000010 0.0000010 0.0000010 0.0000010 0.0000010 0.0000010 0.0000010 0.0000010 0.0000010 0.0000010 0.0000010 0.0000010 0.1056005 0.0000010 0.0000010 0.0000010 
Hsap_FOXP2       0.1440154 0.1304088 0.1542562 0.1468803 0.1499644 0.1531418 0.1531418 0.1467212 0.1387538 0.1357111 0.1467789 0.1417874 0.1374365 0.1434070 0.1462704 0.1532665 0.1499054 0.1488385 0.1499054 0.1524732 0.1413223 0.1072690 0.1413223 0.1541141 0.1464582 0.1494213 0.1464582 0.1463488 0.1446439 0.1386990 0.1314624 0.0000000 0.1437371 0.1590387 0.1422888 0.1493444 0.1498073 0.1434313 0.1464288 0.1463488 0.1382774 0.1397470 0.1233071 0.1435937 0.1463015 0.1422311 0.1412919 0.1526602 0.1250948 0.1404014 0.1435937 0.1343489 0.1496407 0.2860171 0.1406290 0.1456661 0.1404014 0.1553444 0.1559423 0.1540486 0.1435937 0.1492787 0.1673797 0.1557710 0.1634404 0.1500090 0.1242441 0.1559423 0.1028768 0.1619582 0.1622462 0.1553444 0.1329606 0.1433361 0.1223213 0.1496388 0.1496388 0.1434070 0.0745004 0.1493374 0.1464797 0.1377040 0.1463894 0.1493374 0.1171549 0.1494211 0.1518874 0.1465287 
Igeo_FOXP2       0.0231641 0.0082765 0.0064677 0.0265890 0.0197713 0.0164115 0.0164115 0.0372005 0.0000010 0.0199342 0.0197713 0.0908221 0.0035228 0.0032192 0.1660572 0.0231961 0.0064898 0.0064898 0.0064898 0.0097641 0.0064932 0.1209994 0.0064932 0.0266846 0.0032192 0.0064653 0.0032192 0.0032192 0.0558510 0.0484259 0.0223458 0.1437371 0.0000000 0.0130985 0.0078735 0.0064614 0.0070760 0.0107013 0.0064609 0.0032192 0.0035228 0.0000010 0.0035228 0.0032192 0.0064503 0.0032192 0.0035228 0.0097561 0.0000010 0.0032192 0.0032192 0.0032192 0.0097641 0.2225460 0.0064702 0.0032192 0.0032192 0.0130908 0.0130908 0.0993972 0.0064646 0.0064708 0.1150178 0.0035406 0.0163680 0.0097616 0.0121010 0.0130908 0.1099059 0.0130926 0.0130908 0.0130908 0.0148667 0.0064609 0.0114691 0.0032192 0.0032192 0.0032192 0.0167866 0.0064609 0.0064669 0.0070726 0.0064609 0.0064609 0.1083340 0.0064653 0.0064609 0.0064653 
Kbre_FOXP2       0.0282505 0.0081425 0.0121586 0.0299437 0.0282646 0.0305066 0.0305066 0.0374662 0.0165765 0.0219361 0.0251891 0.1111052 0.0051326 0.0089589 0.1752244 0.0299477 0.0106532 0.0113754 0.0106532 0.0171422 0.0171717 0.1435963 0.0171717 0.0300965 0.0084783 0.0106267 0.0084783 0.0084783 0.0932312 0.0879055 0.0000010 0.1590387 0.0130985 0.0000000 0.0000010 0.0106225 0.0160333 0.0121037 0.0112253 0.0084783 0.0067181 0.0053627 0.0085799 0.0106259 0.0127661 0.0094633 0.0089789 0.0128018 0.0073713 0.0112298 0.0106259 0.0106698 0.0149588 0.2709866 0.0127921 0.0107530 0.0112298 0.0149971 0.0149971 0.1229353 0.0106259 0.0106327 0.1358373 0.0183205 0.0127985 0.0135375 0.0085648 0.0149971 0.1300413 0.0106647 0.0193910 0.0149971 0.0147617 0.0135023 0.0170263 0.0106202 0.0106202 0.0089589 0.0097186 0.0106219 0.0127927 0.0143513 0.0127750 0.0106219 0.1230388 0.0106267 0.0127799 0.0158051 
Ksim_FOXP2       0.0234199 0.0081425 0.0083657 0.0261103 0.0234338 0.0261067 0.0261067 0.0316549 0.0115977 0.0207497 0.0207497 0.0997827 0.0000010 0.0050781 0.1793916 0.0261143 0.0076646 0.0077536 0.0076646 0.0127759 0.0128700 0.1315159 0.0128700 0.0262608 0.0050781 0.0050781 0.0050781 0.0050781 0.0823714 0.0761269 0.0000010 0.1422888 0.0078735 0.0000010 0.0000000 0.0076382 0.0111150 0.0082943 0.0076377 0.0050781 0.0027129 0.0057532 0.0033526 0.0076412 0.0102026 0.0037645 0.0054415 0.0076562 0.0000010 0.0076412 0.0076412 0.0061823 0.0101877 0.2483884 0.0076412 0.0077510 0.0076412 0.0102188 0.0102188 0.1135542 0.0050781 0.0076470 0.1257898 0.0167254 0.0102281 0.0076299 0.0085648 0.0102188 0.1183451 0.0076705 0.0154314 0.0102188 0.0045261 0.0102112 0.0150064 0.0076362 0.0076362 0.0050781 0.0097186 0.0076377 0.0102279 0.0109458 0.0102112 0.0076377 0.1038947 0.0076419 0.0102158 0.0128122 
Laus_FOXP2       0.0214899 0.0026887 0.0072227 0.0227634 0.0215004 0.0237021 0.0237021 0.0305066 0.0093580 0.0193842 0.0181056 0.1051950 0.0025553 0.0022136 0.1679947 0.0227665 0.0042148 0.0044973 0.0042148 0.0105966 0.0106145 0.1370926 0.0106145 0.0228774 0.0020961 0.0042045 0.0020961 0.0020961 0.0850018 0.0797923 0.0000010 0.1493444 0.0064614 0.0106225 0.0076382 0.0000000 0.0113811 0.0072149 0.0044388 0.0020961 0.0022258 0.0026642 0.0028379 0.0042042 0.0063137 0.0031138 0.0044622 0.0063311 0.0036630 0.0044406 0.0042042 0.0026312 0.0084545 0.2660059 0.0063264 0.0042539 0.0044406 0.0084759 0.0084759 0.1167930 0.0042042 0.0042068 0.1267938 0.0136553 0.0149074 0.0066909 0.0042380 0.0084759 0.1274922 0.0127770 0.0127849 0.0084759 0.0073071 0.0066739 0.0071886 0.0042019 0.0042019 0.0022136 0.0097186 0.0042027 0.0063265 0.0095061 0.0063181 0.0042027 0.1177353 0.0042045 0.0063205 0.0089277 
Lbor_FOXP2       0.0303195 0.0088994 0.0131016 0.0296997 0.0303359 0.0327480 0.0327480 0.0402535 0.0179074 0.0264996 0.0271404 0.0995572 0.0078041 0.0096360 0.1697453 0.0322831 0.0114164 0.0097619 0.0114164 0.0183783 0.0184122 0.1367807 0.0184122 0.0298390 0.0090823 0.0113860 0.0090823 0.0090823 0.0922817 0.0865753 0.0000010 0.1498073 0.0070760 0.0160333 0.0111150 0.0113811 0.0000000 0.0147436 0.0120759 0.0090823 0.0090823 0.0088231 0.0114830 0.0113851 0.0136794 0.0068335 0.0113804 0.0137205 0.0111030 0.0120811 0.0113851 0.0114830 0.0160342 0.2782510 0.0137093 0.0091912 0.0120811 0.0160782 0.0160782 0.1114326 0.0113851 0.0090823 0.1350094 0.0161711 0.0230943 0.0145690 0.0048763 0.0160782 0.1261712 0.0207835 0.0207976 0.0160782 0.0111786 0.0145282 0.0157338 0.0113786 0.0113786 0.0096360 0.0146544 0.0113804 0.0113896 0.0145282 0.0136897 0.0113804 0.1153548 0.0090823 0.0136952 0.0096353 
Lhos30470_FOXP2  0.0246389 0.0088933 0.0104846 0.0246389 0.0246528 0.0271859 0.0271859 0.0350471 0.0108712 0.0225690 0.0221068 0.0914092 0.0052046 0.0047974 0.1642354 0.0271933 0.0072385 0.0073178 0.0072385 0.0145699 0.0121491 0.1297616 0.0121491 0.0273379 0.0047974 0.0072182 0.0047974 0.0047974 0.0894790 0.0834703 0.0000010 0.1434313 0.0107013 0.0121037 0.0082943 0.0072149 0.0147436 0.0000000 0.0023906 0.0047974 0.0047974 0.0063187 0.0057147 0.0072176 0.0096361 0.0068501 0.0072145 0.0096666 0.0073911 0.0072176 0.0072176 0.0057147 0.0121045 0.2615622 0.0096583 0.0073154 0.0072176 0.0121395 0.0121395 0.1068081 0.0072176 0.0047974 0.1284595 0.0171975 0.0195342 0.0096706 0.0048601 0.0121395 0.1181634 0.0170916 0.0171038 0.0121395 0.0111945 0.0047953 0.0055416 0.0072131 0.0072131 0.0047974 0.0048302 0.0023906 0.0072205 0.0072111 0.0047953 0.0023906 0.1044867 0.0047974 0.0047973 0.0096485 
Lhos452_FOXP2    0.0204257 0.0053928 0.0072223 0.0227621 0.0204362 0.0227591 0.0227591 0.0299387 0.0074495 0.0180417 0.0181046 0.1033988 0.0025552 0.0022135 0.1693353 0.0227651 0.0044521 0.0044971 0.0044521 0.0111963 0.0089621 0.1305845 0.0089621 0.0228760 0.0022135 0.0044406 0.0022135 0.0022135 0.0846935 0.0792019 0.0000010 0.1464288 0.0064609 0.0112253 0.0076377 0.0044388 0.0120759 0.0023906 0.0000000 0.0022135 0.0023586 0.0028567 0.0028377 0.0044403 0.0066686 0.0031136 0.0047291 0.0066880 0.0036627 0.0044403 0.0044403 0.0026310 0.0089318 0.2552359 0.0066827 0.0044958 0.0044403 0.0089556 0.0089556 0.1156083 0.0044403 0.0044432 0.1261639 0.0144885 0.0157551 0.0066905 0.0042380 0.0089556 0.1234231 0.0135037 0.0135125 0.0089556 0.0110029 0.0022125 0.0050858 0.0044377 0.0044377 0.0022135 0.0048302 0.0000010 0.0066829 0.0047269 0.0022125 0.0000010 0.1134298 0.0044406 0.0022134 0.0089272 
Lobl_FOXP2       0.0183250 0.0026887 0.0048025 0.0204373 0.0193057 0.0214976 0.0214976 0.0268189 0.0070007 0.0169170 0.0158040 0.1025243 0.0000010 0.0000010 0.1578557 0.0204401 0.0021021 0.0022425 0.0021021 0.0080381 0.0084721 0.1292426 0.0084721 0.0205391 0.0000010 0.0020969 0.0000010 0.0000010 0.0778800 0.0772596 0.0000010 0.1463488 0.0032192 0.0084783 0.0050781 0.0020961 0.0090823 0.0047974 0.0022135 0.0000000 0.0000010 0.0000010 0.0000010 0.0020967 0.0041995 0.0000010 0.0022257 0.0042110 0.0000010 0.0022144 0.0020967 0.0000010 0.0060133 0.2682039 0.0042079 0.0021213 0.0022144 0.0060276 0.0063422 0.1135205 0.0020967 0.0019947 0.1230354 0.0113514 0.0121126 0.0044498 0.0042380 0.0063422 0.1201372 0.0106230 0.0106295 0.0060276 0.0073071 0.0044385 0.0071886 0.0020956 0.0020956 0.0000010 0.0097186 0.0020959 0.0042080 0.0071113 0.0042024 0.0020959 0.1140323 0.0020969 0.0039966 0.0066797 
Lobs_FOXP2       0.0205139 0.0029048 0.0051325 0.0193243 0.0205245 0.0228579 0.0228579 0.0300714 0.0074842 0.0181300 0.0168576 0.0871080 0.0000010 0.0000010 0.1540238 0.0218112 0.0022325 0.0023917 0.0022325 0.0089837 0.0089998 0.1286862 0.0089998 0.0219242 0.0000010 0.0022268 0.0000010 0.0000010 0.0854398 0.0798937 0.0000010 0.1382774 0.0035228 0.0067181 0.0027129 0.0022258 0.0090823 0.0047974 0.0023586 0.0000010 0.0000000 0.0000010 0.0000010 0.0022266 0.0044587 0.0000010 0.0022257 0.0044717 0.0000010 0.0023596 0.0022266 0.0000010 0.0067186 0.2603451 0.0044682 0.0022545 0.0023596 0.0067365 0.0067365 0.1012783 0.0022266 0.0000010 0.1211797 0.0113514 0.0135451 0.0047419 0.0047802 0.0067365 0.1149658 0.0112868 0.0112942 0.0067365 0.0073071 0.0047291 0.0076992 0.0022253 0.0022253 0.0000010 0.0097186 0.0022257 0.0022274 0.0071113 0.0044620 0.0022257 0.1021623 0.0000010 0.0044638 0.0047314 
Lvex_FOXP2       0.0162174 0.0000010 0.0031622 0.0174454 0.0162272 0.0162272 0.0162272 0.0246722 0.0080399 0.0134685 0.0115446 0.1085932 0.0000010 0.0000010 0.1779028 0.0115509 0.0026738 0.0029018 0.0026738 0.0053379 0.0080399 0.1243610 0.0080399 0.0175342 0.0000010 0.0000010 0.0000010 0.0000010 0.0840685 0.0774595 0.0000010 0.1397470 0.0000010 0.0053627 0.0057532 0.0026642 0.0088231 0.0063187 0.0028567 0.0000010 0.0000010 0.0000000 0.0000010 0.0026653 0.0053385 0.0000010 0.0028761 0.0026707 0.0000010 0.0028582 0.0026653 0.0000010 0.0026599 0.2295626 0.0026653 0.0027022 0.0028582 0.0053473 0.0053473 0.1200567 0.0000010 0.0026674 0.1122156 0.0117688 0.0107653 0.0028535 0.0052581 0.0053473 0.1305059 0.0080732 0.0107701 0.0053473 0.0057100 0.0057307 0.0094888 0.0026634 0.0026634 0.0000010 0.0124318 0.0026640 0.0053522 0.0093672 0.0053432 0.0026640 0.1068299 0.0026655 0.0053457 0.0086325 
Mbid_FOXP2       0.0233657 0.0036501 0.0031236 0.0233657 0.0233812 0.0263824 0.0263824 0.0357185 0.0065681 0.0206187 0.0203700 0.0717741 0.0000010 0.0000010 0.1551462 0.0233535 0.0028488 0.0028857 0.0028488 0.0086001 0.0086179 0.1187863 0.0086179 0.0265574 0.0000010 0.0028394 0.0000010 0.0000010 0.0758497 0.0689669 0.0000010 0.1233071 0.0035228 0.0085799 0.0033526 0.0028379 0.0114830 0.0057147 0.0028377 0.0000010 0.0000010 0.0000010 0.0000000 0.0000010 0.0028336 0.0000010 0.0000010 0.0057084 0.0000010 0.0000010 0.0000010 0.0000010 0.0057125 0.2213815 0.0028413 0.0000010 0.0000010 0.0086099 0.0086099 0.0856875 0.0028391 0.0000010 0.1102822 0.0086608 0.0173375 0.0057112 0.0071675 0.0086099 0.1057687 0.0144468 0.0115307 0.0086099 0.0098617 0.0056926 0.0102473 0.0000010 0.0000010 0.0000010 0.0097186 0.0028377 0.0028404 0.0056926 0.0056926 0.0028377 0.0859475 0.0000010 0.0028377 0.0028379 
Mbow_FOXP2       0.0214970 0.0053954 0.0072254 0.0227713 0.0215075 0.0237100 0.0237100 0.0305167 0.0093613 0.0193914 0.0181119 0.0999398 0.0025563 0.0022144 0.1619571 0.0227744 0.0042162 0.0044989 0.0042162 0.0106000 0.0106180 0.1314895 0.0106180 0.0228854 0.0020967 0.0042059 0.0020967 0.0020967 0.0798991 0.0747437 0.0000010 0.1435937 0.0032192 0.0106259 0.0076412 0.0042042 0.0113851 0.0072176 0.0044403 0.0020967 0.0022266 0.0026653 0.0000010 0.0000000 0.0020945 0.0000010 0.0044638 0.0063331 0.0000010 0.0000010 0.0000010 0.0000010 0.0084572 0.2590010 0.0020987 0.0000010 0.0000010 0.0084786 0.0084786 0.1113945 0.0042056 0.0042082 0.1213439 0.0136600 0.0149122 0.0066932 0.0085208 0.0084786 0.1275416 0.0127811 0.0127890 0.0084786 0.0110101 0.0066761 0.0096130 0.0042097 0.0042097 0.0022144 0.0097186 0.0042040 0.0063286 0.0095095 0.0063201 0.0042040 0.1122911 0.0042059 0.0063225 0.0044427 
