Supplemental results for CODEML (seqf: /home/leticiamagpali/phd/evol_models/codeml/big_dataset/cml_align/PCDH15_codon_aligned.phy  treef: /home/leticiamagpali/phd/evol_models/codeml/big_dataset/cml_trees/gene_trees/H1d_gene_trees/PCDH15_tree_H1d.tre)

I	J	ij	2Ns_IJ	pMut_IJ	pSub_IJ	2Ns_JI	pMut_JI	pSub_JI

TTC	TTT	CT	1.11323	0.02656	0.04403	-1.11323	0.08085	0.04403
TTA	TTT	AT	1.52575	0.00415	0.00808	-1.52575	0.01907	0.00808
TTA	TTC	AC	0.41251	0.00582	0.00710	-0.41251	0.00879	0.00710
TTG	TTT	GT	1.34546	0.00686	0.01248	-1.34546	0.02634	0.01248
TTG	TTC	GC	0.23222	0.00962	0.01078	-0.23222	0.01214	0.01078
TTG	TTA	GA	-0.18029	0.03597	0.03283	0.18029	0.03004	0.03283
TCT	TTT	CT	1.51982	0.01769	0.03441	-1.51982	0.08085	0.03441
TCC	TTC	CT	0.67965	0.01888	0.02602	-0.67965	0.03726	0.02602
TCC	TCT	CT	0.27306	0.01888	0.02158	-0.27306	0.02481	0.02158
TCA	TTA	CT	0.20751	0.01882	0.02084	-0.20751	0.02316	0.02084
TCA	TCT	AT	0.21344	0.00473	0.00525	-0.21344	0.00585	0.00525
TCA	TCC	AC	-0.05962	0.00663	0.00643	0.05962	0.00625	0.00643
TCG	TTG	CT	3.11400	0.00170	0.00555	-3.11400	0.03831	0.00555
TCG	TCT	GT	2.93964	0.00043	0.00133	-2.93964	0.00808	0.00133
TCG	TCC	GC	2.66657	0.00060	0.00172	-2.66657	0.00863	0.00172
TCG	TCA	GA	2.72619	0.00224	0.00654	-2.72619	0.03424	0.00654
TAT	TTT	AT	0.28619	0.01432	0.01647	-0.28619	0.01907	0.01647
TAT	TCT	AC	-1.23363	0.02009	0.01018	1.23363	0.00585	0.01018
TAC	TTC	AT	-0.12809	0.00999	0.00936	0.12809	0.00879	0.00936
TAC	TCC	AC	-0.80774	0.01401	0.00910	0.80774	0.00625	0.00910
TAC	TAT	CT	0.69895	0.03977	0.05527	-0.69895	0.08000	0.05527
TGT	TTT	GT	2.76185	0.00166	0.00490	-2.76185	0.02634	0.00490
TGT	TCT	GC	1.24203	0.00233	0.00408	-1.24203	0.00808	0.00408
TGT	TAT	GA	2.47566	0.00873	0.02359	-2.47566	0.10376	0.02359
TGC	TTC	GT	1.99629	0.00165	0.00381	-1.99629	0.01214	0.00381
TGC	TCC	GC	1.31664	0.00231	0.00416	-1.31664	0.00863	0.00416
TGC	TAC	GA	2.12439	0.00865	0.02086	-2.12439	0.07235	0.02086
TGC	TGT	CT	0.34768	0.00656	0.00777	-0.34768	0.00929	0.00777
TGG	TTG	GT	2.94505	0.00066	0.00204	-2.94505	0.01248	0.00204
TGG	TCG	GC	-0.16894	0.00092	0.00085	0.16894	0.00078	0.00085
TGG	TGT	GT	1.52866	0.00066	0.00128	-1.52866	0.00303	0.00128
TGG	TGC	GC	1.18099	0.00092	0.00157	-1.18099	0.00300	0.00157
CTT	TTT	CT	0.61606	0.04367	0.05849	-0.61606	0.08085	0.05849
CTC	TTC	CT	0.14158	0.03234	0.03468	-0.14158	0.03726	0.03468
CTC	CTT	CT	0.63875	0.03234	0.04376	-0.63875	0.06125	0.04376
CTA	TTA	CT	0.09354	0.02109	0.02209	-0.09354	0.02316	0.02209
CTA	CTT	AT	1.00323	0.00530	0.00839	-1.00323	0.01445	0.00839
CTA	CTC	AC	0.36447	0.00743	0.00887	-0.36447	0.01070	0.00887
CTG	TTG	CT	-0.01124	0.03874	0.03852	0.01124	0.03831	0.03852
CTG	CTT	GT	0.71816	0.00973	0.01364	-0.71816	0.01995	0.01364
CTG	CTC	GC	0.07941	0.01365	0.01420	-0.07941	0.01478	0.01420
CTG	CTA	GA	-0.28507	0.05103	0.04411	0.28507	0.03838	0.04411
CCT	TCT	CT	-0.83766	0.05734	0.03664	0.83766	0.02481	0.03664
CCT	CTT	CT	0.06610	0.05734	0.05925	-0.06610	0.06125	0.05925
CCC	TCC	CT	0.74766	0.01254	0.01781	-0.74766	0.02649	0.01781
CCC	CTC	CT	1.28573	0.01254	0.02228	-1.28573	0.04536	0.02228
CCC	CCT	CT	1.85839	0.01254	0.02761	-1.85839	0.08043	0.02761
CCA	TCA	CT	-0.93788	0.06744	0.04069	0.93788	0.02640	0.04069
CCA	CTA	CT	-0.82391	0.06744	0.04343	0.82391	0.02959	0.04343
CCA	CCT	AT	0.11322	0.01694	0.01791	-0.11322	0.01897	0.01791
CCA	CCC	AC	-1.74517	0.02376	0.00877	1.74517	0.00415	0.00877
CCG	TCG	CT	-1.77178	0.01404	0.00510	1.77178	0.00239	0.00510
CCG	CTG	CT	1.35346	0.01404	0.02562	-1.35346	0.05434	0.02562
CCG	CCT	GT	2.00552	0.00353	0.00817	-2.00552	0.02620	0.00817
CCG	CCC	GC	0.14713	0.00495	0.00532	-0.14713	0.00573	0.00532
CCG	CCA	GA	1.89230	0.01849	0.04121	-1.89230	0.12270	0.04121
CAT	TAT	CT	1.32270	0.02131	0.03843	-1.32270	0.08000	0.03843
CAT	CTT	AT	0.99284	0.00535	0.00844	-0.99284	0.01445	0.00844
CAT	CCT	AC	0.92674	0.00751	0.01152	-0.92674	0.01897	0.01152
CAC	TAC	CT	1.58916	0.01139	0.02273	-1.58916	0.05579	0.02273
CAC	CTC	AT	1.31949	0.00286	0.00515	-1.31949	0.01070	0.00515
CAC	CCC	AC	0.03376	0.00401	0.00408	-0.03376	0.00415	0.00408
CAC	CAT	CT	0.96541	0.01139	0.01775	-0.96541	0.02990	0.01775
CAA	CTA	AT	-0.18559	0.00840	0.00765	0.18559	0.00698	0.00765
CAA	CCA	AC	0.63832	0.01178	0.01594	-0.63832	0.02231	0.01594
CAA	CAT	AT	-0.17520	0.00840	0.00769	0.17520	0.00705	0.00769
CAA	CAC	AC	-1.14061	0.01178	0.00631	1.14061	0.00377	0.00631
CAG	CTG	AT	0.34167	0.00911	0.01075	-0.34167	0.01282	0.01075
CAG	CCG	AC	-1.01178	0.01277	0.00738	1.01178	0.00464	0.00738
CAG	CAT	GT	0.06699	0.00911	0.00942	-0.06699	0.00974	0.00942
CAG	CAC	GC	-0.89841	0.01277	0.00788	0.89841	0.00520	0.00788
CAG	CAA	GA	0.24219	0.04777	0.05379	-0.24219	0.06086	0.05379
CGT	TGT	CT	0.02360	0.00908	0.00918	-0.02360	0.00929	0.00918
CGT	CTT	GT	2.16939	0.00228	0.00558	-2.16939	0.01995	0.00558
CGT	CCT	GC	2.10329	0.00320	0.00766	-2.10329	0.02620	0.00766
CGT	CAT	GA	1.17655	0.01196	0.02034	-1.17655	0.03878	0.02034
CGC	TGC	CT	-0.51282	0.01538	0.01177	0.51282	0.00921	0.01177
CGC	CTC	GT	1.34189	0.00386	0.00702	-1.34189	0.01478	0.00702
CGC	CCC	GC	0.05616	0.00542	0.00557	-0.05616	0.00573	0.00557
CGC	CAC	GA	0.02240	0.02026	0.02048	-0.02240	0.02071	0.02048
CGC	CGT	CT	-0.18875	0.01538	0.01397	0.18875	0.01273	0.01397
CGA	CTA	GT	0.90670	0.00389	0.00592	-0.90670	0.00964	0.00592
CGA	CCA	GC	1.73061	0.00546	0.01148	-1.73061	0.03081	0.01148
CGA	CAA	GA	1.09229	0.02042	0.03356	-1.09229	0.06086	0.03356
CGA	CGT	AT	-0.25946	0.00389	0.00341	0.25946	0.00300	0.00341
CGA	CGC	AC	-0.07072	0.00546	0.00527	0.07072	0.00509	0.00527
CGG	TGG	CT	-1.23469	0.01260	0.00638	1.23469	0.00367	0.00638
CGG	CTG	GT	1.72160	0.00316	0.00663	-1.72160	0.01770	0.00663
CGG	CCG	GC	0.36815	0.00444	0.00531	-0.36815	0.00641	0.00531
CGG	CAG	GA	1.37993	0.01660	0.03061	-1.37993	0.06598	0.03061
CGG	CGT	GT	0.27037	0.00316	0.00361	-0.27037	0.00415	0.00361
CGG	CGC	GC	0.45912	0.00444	0.00554	-0.45912	0.00703	0.00554
CGG	CGA	GA	0.52984	0.01660	0.02138	-0.52984	0.02820	0.02138
ATT	TTT	AT	0.21292	0.01541	0.01711	-0.21292	0.01907	0.01711
ATT	CTT	AC	-0.40314	0.02162	0.01755	0.40314	0.01445	0.01755
ATC	TTC	AT	-0.60451	0.01608	0.01171	0.60451	0.00879	0.01171
ATC	CTC	AC	-0.74608	0.02256	0.01518	0.74608	0.01070	0.01518
ATC	ATT	CT	0.29581	0.06404	0.07398	-0.29581	0.08608	0.07398
ATA	TTA	AT	-0.42672	0.00837	0.00671	0.42672	0.00546	0.00671
ATA	CTA	AC	-0.52025	0.01174	0.00895	0.52025	0.00698	0.00895
ATA	ATT	AT	0.88611	0.00837	0.01262	-0.88611	0.02030	0.01262
ATA	ATC	AC	0.59030	0.01174	0.01554	-0.59030	0.02119	0.01554
ATG	TTG	AT	0.00380	0.00900	0.00902	-0.00380	0.00903	0.00902
ATG	CTG	AC	0.01504	0.01262	0.01272	-0.01504	0.01282	0.01272
ATG	ATT	GT	1.13634	0.00900	0.01506	-1.13634	0.02804	0.01506
ATG	ATC	GC	0.84053	0.01262	0.01867	-0.84053	0.02926	0.01867
ATG	ATA	GA	0.25023	0.04721	0.05336	-0.25023	0.06063	0.05336
ACT	TCT	AT	-0.99163	0.01577	0.00922	0.99163	0.00585	0.00922
ACT	CCT	AC	-0.15397	0.02212	0.02046	0.15397	0.01897	0.02046
ACT	ATT	CT	0.31526	0.06281	0.07322	-0.31526	0.08608	0.07322
ACC	TCC	AT	-0.53391	0.01065	0.00806	0.53391	0.00625	0.00806
ACC	CCC	AC	-1.28157	0.01494	0.00736	1.28157	0.00415	0.00736
ACC	ATC	CT	0.75025	0.04242	0.06031	-0.75025	0.08983	0.06031
ACC	ACT	CT	0.73079	0.04242	0.05980	-0.73079	0.08810	0.05980
ACA	TCA	AT	-0.83160	0.01430	0.00917	0.83160	0.00623	0.00917
ACA	CCA	AC	0.10629	0.02006	0.02115	-0.10629	0.02231	0.02115
ACA	ATA	CT	-0.19737	0.05695	0.05151	0.19737	0.04675	0.05151
ACA	ACT	AT	0.37348	0.01430	0.01714	-0.37348	0.02078	0.01714
ACA	ACC	AC	-0.35731	0.02006	0.01669	0.35731	0.01403	0.01669
ACG	TCG	AT	-1.63571	0.00289	0.00114	1.63571	0.00056	0.00114
ACG	CCG	AC	0.13606	0.00405	0.00434	-0.13606	0.00464	0.00434
ACG	ATG	CT	1.47448	0.01151	0.02200	-1.47448	0.05027	0.02200
ACG	ACT	GT	2.29555	0.00289	0.00738	-2.29555	0.02870	0.00738
ACG	ACC	GC	1.56477	0.00405	0.00802	-1.56477	0.01938	0.00802
ACG	ACA	GA	1.92207	0.01516	0.03413	-1.92207	0.10361	0.03413
AAT	TAT	AT	-0.04657	0.01977	0.01931	0.04657	0.01887	0.01931
AAT	CAT	AC	-1.36927	0.02773	0.01295	1.36927	0.00705	0.01295
AAT	ATT	AT	0.02670	0.01977	0.02003	-0.02670	0.02030	0.02003
AAT	ACT	AC	-0.28856	0.02773	0.02392	0.28856	0.02078	0.02392
AAC	TAC	AT	0.45537	0.00834	0.01039	-0.45537	0.01316	0.01039
AAC	CAC	AC	-1.13379	0.01170	0.00630	1.13379	0.00377	0.00630
AAC	ATC	AT	0.93178	0.00834	0.01283	-0.93178	0.02119	0.01283
AAC	ACC	AC	0.18154	0.01170	0.01280	-0.18154	0.01403	0.01280
AAC	AAT	CT	1.20089	0.03323	0.05708	-1.20089	0.11041	0.05708
AAA	CAA	AC	-0.21327	0.01370	0.01229	0.21327	0.01107	0.01229
AAA	ATA	AT	0.12140	0.00976	0.01037	-0.12140	0.01102	0.01037
AAA	ACA	AC	0.31876	0.01370	0.01600	-0.31876	0.01884	0.01600
AAA	AAT	AT	0.98081	0.00976	0.01532	-0.98081	0.02604	0.01532
AAA	AAC	AC	-0.22008	0.01370	0.01225	0.22008	0.01099	0.01225
AAG	CAG	AC	-0.01126	0.01213	0.01206	0.01126	0.01200	0.01206
AAG	ATG	AT	0.31538	0.00865	0.01008	-0.31538	0.01186	0.01008
AAG	ACG	AC	-1.15911	0.01213	0.00643	1.15911	0.00381	0.00643
AAG	AAT	GT	1.42501	0.00865	0.01623	-1.42501	0.03596	0.01623
AAG	AAC	GC	0.22412	0.01213	0.01354	-0.22412	0.01518	0.01354
AAG	AAA	GA	0.44420	0.04537	0.05619	-0.44420	0.07074	0.05619
AGT	TGT	AT	-1.41262	0.00900	0.00409	1.41262	0.00219	0.00409
AGT	CGT	AC	-1.43622	0.01263	0.00566	1.43622	0.00300	0.00566
AGT	ATT	GT	1.13631	0.00900	0.01506	-1.13631	0.02804	0.01506
AGT	ACT	GC	0.82104	0.01263	0.01851	-0.82104	0.02870	0.01851
AGT	AAT	GA	1.10961	0.04721	0.07815	-1.10961	0.14320	0.07815
AGC	TGC	AT	-0.84238	0.00504	0.00321	0.84238	0.00217	0.00321
AGC	CGC	AC	-0.32956	0.00707	0.00597	0.32956	0.00509	0.00597
AGC	ATC	GT	1.75842	0.00504	0.01071	-1.75842	0.02926	0.01071
AGC	ACC	GC	1.00817	0.00707	0.01123	-1.00817	0.01938	0.01123
AGC	AAC	GA	0.82664	0.02645	0.03887	-0.82664	0.06045	0.03887
AGC	AGT	CT	0.91792	0.02008	0.03068	-0.91792	0.05027	0.03068
AGA	CGA	AC	-0.84415	0.01193	0.00759	0.84415	0.00513	0.00759
AGA	ATA	GT	0.58281	0.00850	0.01122	-0.58281	0.01523	0.01122
AGA	ACA	GC	0.78017	0.01193	0.01718	-0.78017	0.02602	0.01718
AGA	AAA	GA	0.46141	0.04460	0.05567	-0.46141	0.07074	0.05567
AGA	AGT	AT	0.33261	0.00850	0.00999	-0.33261	0.01186	0.00999
AGA	AGC	AC	-0.58531	0.01193	0.00877	0.58531	0.00664	0.00877
AGG	TGG	AT	-1.91211	0.00585	0.00194	1.91211	0.00086	0.00194
AGG	CGG	AC	-0.67742	0.00821	0.00574	0.67742	0.00417	0.00574
AGG	ATG	GT	1.02914	0.00585	0.00937	-1.02914	0.01637	0.00937
AGG	ACG	GC	-0.44534	0.00821	0.00651	0.44534	0.00526	0.00651
AGG	AAG	GA	0.71377	0.03069	0.04294	-0.71377	0.06266	0.04294
AGG	AGT	GT	1.02917	0.00585	0.00937	-1.02917	0.01637	0.00937
AGG	AGC	GC	0.11125	0.00821	0.00867	-0.11125	0.00917	0.00867
AGG	AGA	GA	0.69656	0.03069	0.04261	-0.69656	0.06159	0.04261
GTT	TTT	GT	0.55819	0.01507	0.01967	-0.55819	0.02634	0.01967
GTT	CTT	GC	-0.05787	0.02114	0.02053	0.05787	0.01995	0.02053
GTT	ATT	GA	0.34527	0.07905	0.09348	-0.34527	0.11165	0.09348
GTC	TTC	GT	0.28149	0.00916	0.01051	-0.28149	0.01214	0.01051
GTC	CTC	GC	0.13992	0.01285	0.01377	-0.13992	0.01478	0.01377
GTC	ATC	GA	0.88600	0.04804	0.07242	-0.88600	0.11651	0.07242
GTC	GTT	CT	0.83654	0.03647	0.05382	-0.83654	0.08418	0.05382
GTA	TTA	GT	-0.30022	0.01019	0.00873	0.30022	0.00754	0.00873
GTA	CTA	GC	-0.39376	0.01429	0.01166	0.39376	0.00964	0.01166
GTA	ATA	GA	0.12649	0.05343	0.05688	-0.12649	0.06063	0.05688
GTA	GTT	AT	0.66734	0.01019	0.01396	-0.66734	0.01985	0.01396
GTA	GTC	AC	-0.16920	0.01429	0.01311	0.16920	0.01206	0.01311
GTG	TTG	GT	-0.37545	0.01816	0.01497	0.37545	0.01248	0.01497
GTG	CTG	GC	-0.36421	0.02548	0.02112	0.36421	0.01770	0.02112
GTG	ATG	GA	-0.37925	0.09528	0.07835	0.37925	0.06520	0.07835
GTG	GTT	GT	0.41182	0.01816	0.02216	-0.41182	0.02742	0.02216
GTG	GTC	GC	-0.42472	0.02548	0.02045	0.42472	0.01666	0.02045
GTG	GTA	GA	-0.25552	0.09528	0.08362	0.25552	0.07379	0.08362
GCT	TCT	GT	-0.31021	0.01102	0.00940	0.31021	0.00808	0.00940
GCT	CCT	GC	0.52745	0.01546	0.01989	-0.52745	0.02620	0.01989
GCT	ACT	GA	0.68142	0.05781	0.07972	-0.68142	0.11427	0.07972
GCT	GTT	CT	0.65142	0.04388	0.05972	-0.65142	0.08418	0.05972
GCC	TCC	GT	-0.29830	0.01163	0.00998	0.29830	0.00863	0.00998
GCC	CCC	GC	-1.04596	0.01631	0.00924	1.04596	0.00573	0.00924
GCC	ACC	GA	0.23561	0.06098	0.06845	-0.23561	0.07718	0.06845
GCC	GTC	CT	0.09986	0.04629	0.04864	-0.09986	0.05115	0.04864
GCC	GCT	CT	0.28498	0.04629	0.05320	-0.28498	0.06156	0.05320
GCA	TCA	GT	-0.40614	0.01291	0.01046	0.40614	0.00860	0.01046
GCA	CCA	GC	0.53175	0.01811	0.02334	-0.53175	0.03081	0.02334
GCA	ACA	GA	0.42546	0.06771	0.08313	-0.42546	0.10361	0.08313
GCA	GTA	CT	0.10160	0.05140	0.05405	-0.10160	0.05689	0.05405
GCA	GCT	AT	0.11752	0.01291	0.01368	-0.11752	0.01452	0.01368
GCA	GCC	AC	-0.16746	0.01811	0.01663	0.16746	0.01531	0.01663
GCG	TCG	GT	-1.13611	0.00242	0.00130	1.13611	0.00078	0.00130
GCG	CCG	GC	0.63567	0.00340	0.00459	-0.63567	0.00641	0.00459
GCG	ACG	GA	0.49960	0.01270	0.01614	-0.49960	0.02094	0.01614
GCG	GTG	CT	2.35334	0.00964	0.02508	-2.35334	0.10145	0.02508
GCG	GCT	GT	2.11374	0.00242	0.00582	-2.11374	0.02005	0.00582
GCG	GCC	GC	1.82876	0.00340	0.00740	-1.82876	0.02115	0.00740
GCG	GCA	GA	1.99622	0.01270	0.02935	-1.99622	0.09351	0.02935
GAT	TAT	GT	-0.03708	0.02704	0.02654	0.03708	0.02606	0.02654
GAT	CAT	GC	-1.35978	0.03793	0.01781	1.35978	0.00974	0.01781
GAT	AAT	GA	0.00949	0.14185	0.14252	-0.00949	0.14320	0.14252
GAT	GTT	AT	-0.30908	0.02704	0.02308	0.30908	0.01985	0.02308
GAT	GCT	AC	-0.96049	0.03793	0.02259	0.96049	0.01452	0.02259
GAC	TAC	GT	0.24800	0.01418	0.01601	-0.24800	0.01817	0.01601
GAC	CAC	GC	-1.34116	0.01989	0.00945	1.34116	0.00520	0.00945
GAC	AAC	GA	-0.20737	0.07438	0.06693	0.20737	0.06045	0.06693
GAC	GTC	AT	-0.16159	0.01418	0.01306	0.16159	0.01206	0.01306
GAC	GCC	AC	-0.26144	0.01989	0.01740	0.26144	0.01531	0.01740
GAC	GAT	CT	0.98403	0.05646	0.08873	-0.98403	0.15105	0.08873
GAA	CAA	GC	-0.68124	0.03021	0.02108	0.68124	0.01528	0.02108
GAA	AAA	GA	-0.46797	0.11296	0.08858	0.46797	0.07074	0.08858
GAA	GTA	AT	-0.47307	0.02153	0.01684	0.47307	0.01342	0.01684
GAA	GCA	AC	-0.57466	0.03021	0.02235	0.57466	0.01700	0.02235
GAA	GAT	AT	0.50335	0.02153	0.02741	-0.50335	0.03562	0.02741
GAA	GAC	AC	-0.48068	0.03021	0.02353	0.48068	0.01868	0.02353
GAG	CAG	GC	0.07494	0.01537	0.01596	-0.07494	0.01657	0.01596
GAG	AAG	GA	0.08620	0.05749	0.06000	-0.08620	0.06266	0.06000
GAG	GTG	AT	0.78083	0.01096	0.01579	-0.78083	0.02393	0.01579
GAG	GCG	AC	-1.57251	0.01537	0.00633	1.57251	0.00319	0.00633
GAG	GAT	GT	1.50172	0.01096	0.02117	-1.50172	0.04920	0.02117
GAG	GAC	GC	0.51769	0.01537	0.01969	-0.51769	0.02580	0.01969
GAG	GAA	GA	0.99838	0.05749	0.09088	-0.99838	0.15601	0.09088
GGT	TGT	GT	-0.62995	0.00568	0.00408	0.62995	0.00303	0.00408
GGT	CGT	GC	-0.65355	0.00797	0.00565	0.65355	0.00415	0.00565
GGT	AGT	GA	0.78267	0.02981	0.04298	-0.78267	0.06521	0.04298
GGT	GTT	GT	1.57371	0.00568	0.01128	-1.57371	0.02742	0.01128
GGT	GCT	GC	0.92229	0.00797	0.01221	-0.92229	0.02005	0.01221
GGT	GAT	GA	1.88279	0.02981	0.06620	-1.88279	0.19591	0.06620
GGC	TGC	GT	-0.69911	0.00603	0.00417	0.69911	0.00300	0.00417
GGC	CGC	GC	-0.18628	0.00846	0.00770	0.18628	0.00703	0.00770
GGC	AGC	GA	0.14327	0.03165	0.03397	-0.14327	0.03653	0.03397
GGC	GTC	GT	1.01569	0.00603	0.00961	-1.01569	0.01666	0.00961
GGC	GCC	GC	0.91584	0.00846	0.01292	-0.91584	0.02115	0.01292
GGC	GAC	GA	1.17728	0.03165	0.05386	-1.17728	0.10273	0.05386
GGC	GGT	CT	0.27852	0.02403	0.02753	-0.27852	0.03174	0.02753
GGA	CGA	GC	-0.88828	0.01721	0.01069	0.88828	0.00708	0.01069
GGA	AGA	GA	-0.04413	0.06437	0.06296	0.04413	0.06159	0.06296
GGA	GTA	GT	0.41218	0.01227	0.01497	-0.41218	0.01853	0.01497
GGA	GCA	GC	0.31058	0.01721	0.02003	-0.31058	0.02348	0.02003
GGA	GAA	GA	0.88525	0.06437	0.09701	-0.88525	0.15601	0.09701
GGA	GGT	AT	-0.49419	0.01227	0.00949	0.49419	0.00749	0.00949
GGA	GGC	AC	-0.77271	0.01721	0.01141	0.77271	0.00795	0.01141
GGG	TGG	GT	-1.92507	0.00819	0.00269	1.92507	0.00119	0.00269
GGG	CGG	GC	-0.69037	0.01148	0.00797	0.69037	0.00576	0.00797
GGG	AGG	GA	-0.01295	0.04294	0.04266	0.01295	0.04239	0.04266
GGG	GTG	GT	1.39544	0.00819	0.01518	-1.39544	0.03305	0.01518
GGG	GCG	GC	-0.95789	0.01148	0.00685	0.95789	0.00441	0.00685
GGG	GAG	GA	0.61461	0.04294	0.05748	-0.61461	0.07939	0.05748
GGG	GGT	GT	0.23355	0.00819	0.00918	-0.23355	0.01034	0.00918
GGG	GGC	GC	-0.04497	0.01148	0.01123	0.04497	0.01098	0.01123
GGG	GGA	GA	0.72774	0.04294	0.06044	-0.72774	0.08890	0.06044


Histograms
2Ns	FMut	FSub(CodonUsage)	FSubw(after w)

-2.96571	0.00434	0.00075
-2.66914	0.00511	0.00110
-2.37257	0.01726	0.00470
-2.07600	0.01995	0.00681
-1.77943	0.04842	0.01887
-1.48285	0.04855	0.02452
-1.18628	0.06276	0.03743
-0.88971	0.12646	0.08907
-0.59314	0.11650	0.09606
-0.29657	0.14169	0.13826
0.00000	0.14519	0.16484
0.29657	0.10541	0.13826
0.59314	0.06341	0.09606
0.88971	0.05197	0.08907
1.18628	0.01939	0.03743
1.48285	0.01141	0.02452
1.77943	0.00754	0.01887
2.07600	0.00254	0.00681
2.37257	0.00157	0.00470
2.66914	0.00033	0.00110
2.96571	0.00021	0.00075

Proportion of advantageous (S > 0) mutations:
 0.33395

Proportions of good & bad mutations (|S| > 2.0000) among mutations:
0.00359  0.03886

mean |Ns| = 0.75952	mean Ns+ = 0.54959	mean Ns- = -0.86478


MLEs of dN/dS (w) for site classes (K=4)

site class             0        1       2a       2b
proportion       0.31112  0.04009  0.57474  0.07405
background w     0.04566  1.92091  0.04566  1.92091
foreground w     0.04566  1.92091  0.04790  0.04790

Naive Empirical Bayes (NEB) probabilities for 4 classes
(amino acids refer to 1st sequence: Bacu)

   1 G   0.34423 0.00651 0.63582 0.01345 ( 3)
   2 T   0.33891 0.01181 0.62602 0.02326 ( 3)
   3 I   0.00601 0.32967 0.01111 0.65322 ( 4)
   4 L   0.09648 0.24891 0.17823 0.47638 ( 4)
   5 V   0.33256 0.01815 0.61431 0.03498 ( 3)
   6 D   0.33729 0.01342 0.62304 0.02625 ( 3)
   7 N   0.34425 0.00656 0.63587 0.01331 ( 3)
   8 M   0.34655 0.00435 0.64010 0.00901 ( 3)
   9 L   0.33012 0.02061 0.60982 0.03945 ( 3)
  10 I   0.33695 0.01376 0.62241 0.02688 ( 3)
  11 K   0.34461 0.00621 0.63654 0.01264 ( 3)
  12 G   0.34081 0.00993 0.62952 0.01974 ( 3)
  13 T   0.33891 0.01181 0.62602 0.02326 ( 3)
  14 A   0.34266 0.00812 0.63294 0.01629 ( 3)
  15 G   0.34128 0.00947 0.63039 0.01886 ( 3)
  16 G   0.34128 0.00947 0.63039 0.01886 ( 3)
  17 P   0.33230 0.01842 0.61383 0.03546 ( 3)
  18 D   0.00649 0.32698 0.01199 0.65454 ( 4)
  19 P   0.33230 0.01842 0.61383 0.03546 ( 3)
  20 T   0.34036 0.01038 0.62871 0.02055 ( 3)
  21 I   0.34583 0.00504 0.63877 0.01036 ( 3)
  22 E   0.33836 0.01235 0.62502 0.02427 ( 3)
  23 L   0.33685 0.01385 0.62222 0.02708 ( 3)
  24 S   0.34567 0.00519 0.63848 0.01066 ( 3)
  25 L   0.33682 0.01388 0.62218 0.02712 ( 3)
  26 K   0.34278 0.00800 0.63316 0.01606 ( 3)
  27 D   0.34014 0.01059 0.62830 0.02097 ( 3)
  28 N   0.34403 0.00677 0.63546 0.01373 ( 3)
  29 M   0.12326 0.22178 0.22768 0.42728 ( 4)
  30 D   0.33729 0.01342 0.62304 0.02625 ( 3)
  31 Y   0.33181 0.01891 0.61292 0.03636 ( 3)
  32 W   0.34662 0.00428 0.64024 0.00886 ( 3)
  33 V   0.16269 0.17985 0.30051 0.35696 ( 4)
  34 L   0.33031 0.02042 0.61017 0.03910 ( 3)
  35 L   0.33022 0.02052 0.60999 0.03928 ( 3)
  36 D   0.33729 0.01342 0.62304 0.02625 ( 3)
  37 P   0.33467 0.01604 0.61820 0.03110 ( 3)
  38 V   0.33977 0.01096 0.62761 0.02166 ( 3)
  39 K   0.34467 0.00615 0.63665 0.01252 ( 3)
  40 Q   0.33684 0.01387 0.62221 0.02709 ( 3)
  41 M   0.34655 0.00435 0.64010 0.00901 ( 3)
  42 L   0.34014 0.01060 0.62828 0.02098 ( 3)
  43 F   0.34158 0.00918 0.63094 0.01831 ( 3)
  44 L   0.33012 0.02061 0.60982 0.03945 ( 3)
  45 N   0.34425 0.00656 0.63587 0.01331 ( 3)
  46 S   0.34598 0.00490 0.63905 0.01008 ( 3)
  47 T   0.34341 0.00738 0.63432 0.01489 ( 3)
  48 G   0.34383 0.00697 0.63509 0.01411 ( 3)
  49 R   0.34339 0.00741 0.63428 0.01493 ( 3)
  50 V   0.33977 0.01096 0.62761 0.02166 ( 3)
  51 L   0.33012 0.02061 0.60982 0.03945 ( 3)
  52 D   0.33730 0.01341 0.62305 0.02624 ( 3)
  53 R   0.34339 0.00741 0.63428 0.01493 ( 3)
  54 D   0.33729 0.01342 0.62304 0.02625 ( 3)
  55 P   0.33272 0.01793 0.61460 0.03476 ( 3)
  56 P   0.33242 0.01830 0.61405 0.03523 ( 3)
  57 M   0.34650 0.00439 0.64002 0.00909 ( 3)
  58 N   0.34420 0.00661 0.63577 0.01341 ( 3)
  59 I   0.34578 0.00509 0.63868 0.01045 ( 3)
  60 H   0.34774 0.00321 0.64229 0.00676 ( 3)
  61 S   0.34042 0.01031 0.62882 0.02045 ( 3)
  62 I   0.33691 0.01380 0.62233 0.02696 ( 3)
  63 V   0.33250 0.01821 0.61420 0.03509 ( 3)
  64 V   0.34057 0.01017 0.62908 0.02018 ( 3)
  65 Q   0.33551 0.01524 0.61977 0.02948 ( 3)
  66 V   0.33971 0.01102 0.62750 0.02178 ( 3)
  67 Q   0.33395 0.01676 0.61687 0.03243 ( 3)
  68 C   0.34811 0.00287 0.64296 0.00606 ( 3)
  69 I   0.33689 0.01382 0.62229 0.02700 ( 3)
  70 N   0.34420 0.00661 0.63577 0.01341 ( 3)
  71 K   0.34462 0.00620 0.63655 0.01262 ( 3)
  72 K   0.34462 0.00620 0.63655 0.01262 ( 3)
  73 V   0.33250 0.01821 0.61420 0.03509 ( 3)
  74 G   0.34616 0.00472 0.63938 0.00975 ( 3)
  75 T   0.33886 0.01185 0.62594 0.02334 ( 3)
  76 V   0.33971 0.01102 0.62750 0.02178 ( 3)
  77 I   0.33691 0.01379 0.62234 0.02695 ( 3)
  78 Y   0.33166 0.01906 0.61265 0.03663 ( 3)
  79 H   0.34574 0.00513 0.63861 0.01053 ( 3)
  80 E   0.33830 0.01241 0.62490 0.02438 ( 3)
  81 V   0.33971 0.01102 0.62750 0.02178 ( 3)
  82 R   0.34043 0.01031 0.62882 0.02045 ( 3)
  83 I   0.33728 0.01344 0.62303 0.02625 ( 3)
  84 V   0.00224 0.33951 0.00414 0.65410 ( 4)
  85 V   0.33250 0.01821 0.61420 0.03509 ( 3)
  86 R   0.34333 0.00746 0.63418 0.01504 ( 3)
  87 D   0.34000 0.01072 0.62804 0.02124 ( 3)
  88 R   0.34333 0.00746 0.63418 0.01504 ( 3)
  89 N   0.34109 0.00965 0.63005 0.01921 ( 3)
  90 D   0.34008 0.01065 0.62818 0.02109 ( 3)
  91 N   0.34420 0.00661 0.63577 0.01341 ( 3)
  92 S   0.34159 0.00916 0.63097 0.01827 ( 3)
  93 P   0.34435 0.00646 0.63606 0.01312 ( 3)
  94 T   0.33840 0.01232 0.62508 0.02421 ( 3)
  95 F   0.34152 0.00923 0.63083 0.01842 ( 3)
  96 K   0.34272 0.00805 0.63306 0.01617 ( 3)
  97 H   0.34574 0.00513 0.63861 0.01053 ( 3)
  98 E   0.33830 0.01241 0.62490 0.02438 ( 3)
  99 N   0.20789 0.13347 0.38398 0.27466 ( 3)
 100 Y   0.33166 0.01906 0.61265 0.03663 ( 3)
 101 Y   0.10345 0.24137 0.19109 0.46409 ( 4)
 102 A   0.00538 0.33157 0.00994 0.65312 ( 4)
 103 T   0.33840 0.01232 0.62508 0.02421 ( 3)
 104 V   0.33250 0.01821 0.61420 0.03509 ( 3)
 105 N   0.34109 0.00965 0.63005 0.01921 ( 3)
 106 E   0.34217 0.00859 0.63204 0.01720 ( 3)
 107 L   0.33579 0.01495 0.62028 0.02897 ( 3)
 108 T   0.33826 0.01243 0.62483 0.02448 ( 3)
 109 P   0.33168 0.01902 0.61268 0.03662 ( 3)
 110 V   0.33913 0.01157 0.62643 0.02287 ( 3)
 111 G   0.34333 0.00745 0.63416 0.01506 ( 3)
 112 T   0.33977 0.01096 0.62761 0.02166 ( 3)
 113 T   0.33781 0.01288 0.62400 0.02532 ( 3)
 114 V   0.00590 0.32941 0.01089 0.65380 ( 4)
 115 F   0.33545 0.01523 0.61964 0.02968 ( 3)
 116 T   0.33796 0.01273 0.62428 0.02503 ( 3)
 117 G   0.34066 0.01006 0.62925 0.02003 ( 3)
 118 F   0.33545 0.01523 0.61964 0.02968 ( 3)
 119 S   0.34104 0.00969 0.62995 0.01932 ( 3)
 120 G   0.34066 0.01006 0.62925 0.02003 ( 3)
 121 D   0.33951 0.01120 0.62712 0.02217 ( 3)
 122 N   0.34053 0.01019 0.62901 0.02027 ( 3)
 123 G   0.34066 0.01006 0.62925 0.02003 ( 3)
 124 A   0.34207 0.00868 0.63184 0.01742 ( 3)
 125 T   0.33781 0.01288 0.62400 0.02532 ( 3)
 126 D   0.33951 0.01120 0.62712 0.02217 ( 3)
 127 I   0.34534 0.00550 0.63786 0.01130 ( 3)
 128 D   0.33664 0.01404 0.62184 0.02747 ( 3)
 129 D   0.33664 0.01404 0.62184 0.02747 ( 3)
 130 G   0.34333 0.00745 0.63416 0.01506 ( 3)
 131 P   0.33168 0.01902 0.61268 0.03662 ( 3)
 132 N   0.34053 0.01019 0.62901 0.02027 ( 3)
 133 G   0.34066 0.01006 0.62925 0.02003 ( 3)
 134 Q   0.33337 0.01732 0.61580 0.03351 ( 3)
 135 I   0.34534 0.00550 0.63786 0.01130 ( 3)
 136 E   0.33772 0.01297 0.62382 0.02549 ( 3)
 137 Y   0.33196 0.01874 0.61320 0.03610 ( 3)
 138 V   0.33913 0.01157 0.62643 0.02287 ( 3)
 139 I   0.34028 0.01044 0.62855 0.02074 ( 3)
 140 Q   0.33570 0.01497 0.62010 0.02923 ( 3)
 141 Y   0.33196 0.01874 0.61320 0.03610 ( 3)
 142 N   0.34053 0.01019 0.62901 0.02027 ( 3)
 143 P   0.33168 0.01902 0.61268 0.03662 ( 3)
 144 D   0.33664 0.01404 0.62184 0.02747 ( 3)
 145 D   0.33666 0.01403 0.62187 0.02745 ( 3)
 146 P   0.33888 0.01182 0.62596 0.02334 ( 3)
 147 T   0.33548 0.01512 0.61968 0.02972 ( 3)
 148 S   0.33824 0.01239 0.62478 0.02458 ( 3)
 149 N   0.33893 0.01171 0.62606 0.02330 ( 3)
 150 D   0.13189 0.20955 0.24362 0.41495 ( 4)
 151 T   0.33789 0.01273 0.62414 0.02523 ( 3)
 152 F   0.33383 0.01680 0.61664 0.03273 ( 3)
 153 E   0.00011 0.33596 0.00020 0.66374 ( 4)
 154 I   0.33643 0.01426 0.62145 0.02786 ( 3)
 155 P   0.34199 0.00868 0.63170 0.01763 ( 3)
 156 L   0.12936 0.21197 0.23895 0.41973 ( 4)
 157 M   0.34484 0.00593 0.63695 0.01228 ( 3)
 158 L   0.32827 0.02242 0.60639 0.04292 ( 3)
 159 T   0.33801 0.01263 0.62436 0.02501 ( 3)
 160 G   0.33906 0.01158 0.62630 0.02306 ( 3)
 161 N   0.00505 0.33167 0.00933 0.65395 ( 4)
 162 V   0.33839 0.01225 0.62505 0.02431 ( 3)
 163 V   0.33043 0.02022 0.61038 0.03896 ( 3)
 164 L   0.33454 0.01608 0.61796 0.03141 ( 3)
 165 R   0.34219 0.00850 0.63207 0.01724 ( 3)
 166 K   0.34065 0.01001 0.62923 0.02011 ( 3)
 167 R   0.34219 0.00850 0.63207 0.01724 ( 3)
 168 L   0.33410 0.01652 0.61715 0.03222 ( 3)
 169 N   0.34225 0.00845 0.63217 0.01714 ( 3)
 170 Y   0.32965 0.02102 0.60893 0.04040 ( 3)
 171 E   0.33607 0.01455 0.62079 0.02859 ( 3)
 172 D   0.33782 0.01281 0.62400 0.02537 ( 3)
 173 K   0.34065 0.01001 0.62923 0.02011 ( 3)
 174 T   0.33662 0.01400 0.62180 0.02757 ( 3)
 175 R   0.33754 0.01309 0.62349 0.02588 ( 3)
 176 Y   0.32960 0.02107 0.60885 0.04049 ( 3)
 177 F   0.33383 0.01680 0.61664 0.03273 ( 3)
 178 V   0.34040 0.01026 0.62876 0.02058 ( 3)
 179 I   0.33466 0.01596 0.61819 0.03119 ( 3)
 180 I   0.33466 0.01596 0.61819 0.03119 ( 3)
 181 Q   0.33456 0.01607 0.61799 0.03139 ( 3)
 182 A   0.34052 0.01014 0.62899 0.02035 ( 3)
 183 N   0.33885 0.01179 0.62590 0.02346 ( 3)
 184 D   0.33938 0.01131 0.62690 0.02240 ( 3)
 185 R   0.34538 0.00546 0.63794 0.01123 ( 3)
 186 A   0.34053 0.01019 0.62900 0.02028 ( 3)
 187 Q   0.33625 0.01444 0.62112 0.02820 ( 3)
 188 N   0.34327 0.00748 0.63406 0.01518 ( 3)
 189 L   0.32958 0.02114 0.60882 0.04046 ( 3)
 190 N   0.34067 0.01006 0.62926 0.02002 ( 3)
 191 E   0.33786 0.01284 0.62408 0.02522 ( 3)
 192 R   0.34169 0.00904 0.63116 0.01811 ( 3)
 193 R   0.14639 0.19549 0.27041 0.38771 ( 4)
 194 T   0.33992 0.01079 0.62789 0.02140 ( 3)
 195 T   0.33840 0.01230 0.62508 0.02422 ( 3)
 196 T   0.33992 0.01079 0.62789 0.02140 ( 3)
 197 T   0.33998 0.01074 0.62799 0.02129 ( 3)
 198 T   0.33992 0.01079 0.62789 0.02140 ( 3)
 199 L   0.33587 0.01482 0.62042 0.02890 ( 3)
 200 T   0.33795 0.01275 0.62425 0.02505 ( 3)
 201 V   0.33208 0.01862 0.61343 0.03587 ( 3)
 202 D   0.33678 0.01391 0.62210 0.02721 ( 3)
 203 V   0.33929 0.01142 0.62672 0.02257 ( 3)
 204 L   0.33883 0.01187 0.62588 0.02341 ( 3)
 205 D   0.33680 0.01389 0.62213 0.02718 ( 3)
 206 G   0.34079 0.00993 0.62949 0.01978 ( 3)
 207 D   0.33678 0.01391 0.62210 0.02721 ( 3)
 208 D   0.33964 0.01107 0.62736 0.02193 ( 3)
 209 L   0.32966 0.02106 0.60896 0.04031 ( 3)
 210 G   0.34605 0.00482 0.63918 0.00995 ( 3)
 211 P   0.33181 0.01889 0.61293 0.03637 ( 3)
 212 M   0.21656 0.12490 0.40000 0.25854 ( 3)
 213 F   0.33559 0.01510 0.61990 0.02942 ( 3)
 214 L   0.33965 0.01106 0.62739 0.02190 ( 3)
 215 P   0.33416 0.01653 0.61726 0.03205 ( 3)
 216 C   0.34806 0.00291 0.64287 0.00616 ( 3)
 217 V   0.16379 0.17755 0.30255 0.35611 ( 4)
 218 L   0.33960 0.01111 0.62729 0.02200 ( 3)
 219 V   0.33207 0.01863 0.61341 0.03589 ( 3)
 220 P   0.33181 0.01889 0.61293 0.03637 ( 3)
 221 N   0.34382 0.00697 0.63507 0.01414 ( 3)
 222 T   0.33840 0.01230 0.62508 0.02422 ( 3)
 223 H   0.20514 0.13617 0.37891 0.27978 ( 3)
 224 D   0.33732 0.01339 0.62309 0.02620 ( 3)
 225 C   0.34806 0.00291 0.64287 0.00616 ( 3)
 226 R   0.00041 0.95061 0.00080 0.04817 ( 2)
 227 P   0.33181 0.01889 0.61293 0.03637 ( 3)
 228 L   0.12030 0.22287 0.22223 0.43460 ( 4)
 229 T   0.33992 0.01079 0.62789 0.02140 ( 3)
 230 Y   0.33209 0.01861 0.61345 0.03585 ( 3)
 231 Q   0.33633 0.01436 0.62126 0.02805 ( 3)
 232 A   0.34219 0.00856 0.63208 0.01717 ( 3)
 233 A   0.33847 0.01223 0.62520 0.02410 ( 3)
 234 I   0.34544 0.00540 0.63806 0.01110 ( 3)
 235 P   0.11324 0.23056 0.20918 0.44702 ( 4)
 236 E   0.34176 0.00898 0.63128 0.01798 ( 3)
 237 L   0.32984 0.02088 0.60929 0.03999 ( 3)
 238 R   0.00008 0.32566 0.00015 0.67412 ( 4)
 239 T   0.33840 0.01230 0.62508 0.02422 ( 3)
 240 P   0.33902 0.01169 0.62622 0.02308 ( 3)
 241 E   0.33817 0.01254 0.62466 0.02464 ( 3)
 242 E   0.33817 0.01254 0.62466 0.02464 ( 3)
 243 L   0.09456 0.25071 0.17468 0.48005 ( 4)
 244 N   0.34409 0.00672 0.63557 0.01363 ( 3)
 245 P   0.34424 0.00657 0.63585 0.01334 ( 3)
 246 I   0.20997 0.36353 0.40685 0.01965 ( 3)
 247 I   0.34071 0.01003 0.62934 0.01991 ( 3)
 248 V   0.33958 0.01114 0.62725 0.02203 ( 3)
 249 T   0.34023 0.01050 0.62845 0.02082 ( 3)
 250 P   0.33211 0.01860 0.61348 0.03581 ( 3)
 251 A   0.00000 0.33707 0.00001 0.66292 ( 4)
 252 I   0.33705 0.01364 0.62259 0.02672 ( 3)
 253 Q   0.00470 0.33277 0.00867 0.65386 ( 4)
 254 A   0.00532 0.33163 0.00982 0.65324 ( 4)
 255 I   0.00015 0.33459 0.00028 0.66498 ( 4)
 256 D   0.33686 0.01383 0.62224 0.02706 ( 3)
 257 Q   0.00009 0.34065 0.00017 0.65909 ( 4)
 258 D   0.33995 0.01077 0.62794 0.02133 ( 3)
 259 R   0.34211 0.00865 0.63193 0.01731 ( 3)
 260 N   0.34097 0.00977 0.62981 0.01945 ( 3)
 261 I   0.34071 0.01002 0.62935 0.01991 ( 3)
 262 Q   0.33381 0.01689 0.61662 0.03267 ( 3)
 263 P   0.33580 0.01477 0.62028 0.02916 ( 3)
 264 P   0.33211 0.01860 0.61348 0.03581 ( 3)
 265 S   0.34147 0.00928 0.63074 0.01851 ( 3)
 266 D   0.33710 0.01361 0.62268 0.02662 ( 3)
 267 R   0.34404 0.00677 0.63547 0.01372 ( 3)
 268 P   0.33211 0.01860 0.61348 0.03581 ( 3)
 269 G   0.34372 0.00708 0.63489 0.01431 ( 3)
 270 I   0.33675 0.01395 0.62205 0.02725 ( 3)
 271 L   0.33618 0.01452 0.62100 0.02831 ( 3)
 272 Y   0.33239 0.01831 0.61401 0.03529 ( 3)
 273 S   0.34029 0.01043 0.62858 0.02069 ( 3)
 274 I   0.33675 0.01395 0.62205 0.02725 ( 3)
 275 L   0.33996 0.01077 0.62795 0.02132 ( 3)
 276 V   0.33948 0.01124 0.62707 0.02222 ( 3)
 277 G   0.33967 0.01102 0.62743 0.02189 ( 3)
 278 T   0.33849 0.01222 0.62524 0.02406 ( 3)
 279 P   0.33427 0.01642 0.61746 0.03184 ( 3)
 280 E   0.34186 0.00889 0.63146 0.01779 ( 3)
 281 D   0.33689 0.01380 0.62230 0.02700 ( 3)
 282 Y   0.33135 0.01936 0.61208 0.03721 ( 3)
 283 P   0.33191 0.01879 0.61312 0.03618 ( 3)
 284 R   0.34011 0.01061 0.62823 0.02105 ( 3)
 285 F   0.33571 0.01498 0.62013 0.02918 ( 3)
 286 F   0.33570 0.01499 0.62010 0.02921 ( 3)
 287 H   0.34548 0.00536 0.63814 0.01102 ( 3)
 288 M   0.34627 0.00461 0.63958 0.00954 ( 3)
 289 H   0.34548 0.00536 0.63814 0.01102 ( 3)
 290 P   0.33502 0.01577 0.61885 0.03036 ( 3)
 291 R   0.34386 0.00693 0.63516 0.01405 ( 3)
 292 T   0.33851 0.01219 0.62529 0.02401 ( 3)
 293 A   0.34071 0.01002 0.62934 0.01994 ( 3)
 294 E   0.33797 0.01273 0.62428 0.02502 ( 3)
 295 L   0.33976 0.01096 0.62759 0.02170 ( 3)
 296 S   0.34365 0.00714 0.63477 0.01445 ( 3)
 297 L   0.33598 0.01471 0.62062 0.02869 ( 3)
 298 L   0.32982 0.02091 0.60926 0.04001 ( 3)
 299 E   0.00708 0.32642 0.01308 0.65342 ( 4)
 300 P   0.33191 0.01879 0.61312 0.03618 ( 3)
 301 V   0.34024 0.01048 0.62848 0.02080 ( 3)
 302 N   0.34077 0.00996 0.62946 0.01982 ( 3)
 303 R   0.17492 0.16644 0.32309 0.33555 ( 4)
 304 D   0.33972 0.01099 0.62752 0.02176 ( 3)
 305 F   0.33570 0.01499 0.62010 0.02921 ( 3)
 306 H   0.34754 0.00340 0.64192 0.00714 ( 3)
 307 Q   0.33361 0.01708 0.61626 0.03305 ( 3)
 308 K   0.34242 0.00834 0.63249 0.01675 ( 3)
 309 F   0.33570 0.01499 0.62010 0.02921 ( 3)
 310 D   0.33689 0.01380 0.62230 0.02700 ( 3)
 311 L   0.32994 0.02079 0.60947 0.03981 ( 3)
 312 V   0.14179 0.20032 0.26191 0.39598 ( 4)
 313 I   0.34048 0.01024 0.62893 0.02035 ( 3)
 314 K   0.34242 0.00834 0.63249 0.01675 ( 3)
 315 A   0.34321 0.00759 0.63396 0.01524 ( 3)
 316 E   0.33898 0.01176 0.62616 0.02310 ( 3)
 317 Q   0.33462 0.01610 0.61812 0.03116 ( 3)
 318 D   0.34074 0.01002 0.62940 0.01984 ( 3)
 319 N   0.34174 0.00904 0.63124 0.01799 ( 3)
 320 G   0.34684 0.00409 0.64063 0.00845 ( 3)
 321 H   0.34624 0.00466 0.63953 0.00958 ( 3)
 322 P   0.33528 0.01544 0.61934 0.02994 ( 3)
 323 L   0.34075 0.01001 0.62942 0.01982 ( 3)
 324 P   0.33528 0.01544 0.61934 0.02994 ( 3)
 325 A   0.34321 0.00759 0.63396 0.01524 ( 3)
 326 F   0.33672 0.01400 0.62199 0.02728 ( 3)
 327 A   0.33965 0.01109 0.62740 0.02185 ( 3)
 328 S   0.19283 0.14919 0.35617 0.30181 ( 3)
 329 L   0.33070 0.02005 0.61088 0.03837 ( 3)
 330 H   0.34624 0.00466 0.63953 0.00958 ( 3)
 331 I   0.34149 0.00928 0.63079 0.01844 ( 3)
 332 E   0.33898 0.01176 0.62616 0.02310 ( 3)
 333 I   0.34628 0.00462 0.63960 0.00950 ( 3)
 334 L   0.33070 0.02005 0.61088 0.03837 ( 3)
 335 D   0.33791 0.01282 0.62419 0.02508 ( 3)
 336 E   0.00571 0.32959 0.01054 0.65416 ( 4)
 337 N   0.34476 0.00609 0.63681 0.01234 ( 3)
 338 N   0.34174 0.00904 0.63124 0.01799 ( 3)
 339 Q   0.33462 0.01610 0.61812 0.03116 ( 3)
 340 S   0.34642 0.00449 0.63986 0.00923 ( 3)
 341 P   0.33307 0.01766 0.61526 0.03401 ( 3)
 342 Y   0.33319 0.01754 0.61547 0.03380 ( 3)
 343 F   0.34215 0.00863 0.63201 0.01721 ( 3)
 344 T   0.33907 0.01167 0.62633 0.02293 ( 3)
 345 M   0.34696 0.00396 0.64086 0.00821 ( 3)
 346 P   0.34491 0.00594 0.63708 0.01206 ( 3)
 347 S   0.34451 0.00633 0.63635 0.01281 ( 3)
 348 Y   0.33319 0.01754 0.61547 0.03380 ( 3)
 349 Q   0.33746 0.01327 0.62336 0.02592 ( 3)
 350 G   0.34439 0.00645 0.63612 0.01304 ( 3)
 351 Y   0.33319 0.01754 0.61547 0.03380 ( 3)
 352 I   0.34149 0.00928 0.63079 0.01844 ( 3)
 353 L   0.33070 0.02005 0.61088 0.03837 ( 3)
 354 E   0.33898 0.01176 0.62616 0.02310 ( 3)
 355 S   0.34613 0.00477 0.63932 0.00978 ( 3)
 356 A   0.14235 0.20025 0.26294 0.39446 ( 4)
 357 P   0.33519 0.01560 0.61917 0.03004 ( 3)
 358 V   0.33376 0.01699 0.61652 0.03273 ( 3)
 359 G   0.34186 0.00892 0.63147 0.01776 ( 3)
 360 A   0.00679 0.32806 0.01254 0.65262 ( 4)
 361 T   0.33952 0.01123 0.62715 0.02210 ( 3)
 362 I   0.34149 0.00928 0.63079 0.01844 ( 3)
 363 S   0.34613 0.00477 0.63932 0.00978 ( 3)
 364 D   0.15258 0.18978 0.28183 0.37581 ( 4)
 365 S   0.34451 0.00633 0.63635 0.01281 ( 3)
 366 V   0.00626 0.32855 0.01156 0.65363 ( 4)
 367 N   0.34174 0.00904 0.63124 0.01799 ( 3)
 368 L   0.33088 0.01987 0.61122 0.03804 ( 3)
 369 T   0.34101 0.00975 0.62991 0.01933 ( 3)
 370 T   0.16766 0.17326 0.30970 0.34938 ( 4)
 371 P   0.33528 0.01544 0.61934 0.02994 ( 3)
 372 L   0.33994 0.01081 0.62792 0.02133 ( 3)
 373 R   0.18767 0.15441 0.34664 0.31129 ( 3)
 374 I   0.34149 0.00928 0.63079 0.01844 ( 3)
 375 V   0.34126 0.00951 0.63036 0.01887 ( 3)
 376 A   0.00016 0.33579 0.00029 0.66376 ( 4)
 377 L   0.33069 0.02006 0.61086 0.03839 ( 3)
 378 D   0.34074 0.01002 0.62940 0.01984 ( 3)
 379 K   0.34333 0.00748 0.63418 0.01501 ( 3)
 380 D   0.33791 0.01282 0.62419 0.02508 ( 3)
 381 I   0.16021 0.18222 0.29593 0.36165 ( 4)
 382 E   0.33898 0.01176 0.62616 0.02310 ( 3)
 383 D   0.33731 0.01340 0.62307 0.02622 ( 3)
 384 T   0.16684 0.17403 0.30817 0.35096 ( 4)
 385 K   0.34406 0.00673 0.63551 0.01370 ( 3)
 386 D   0.33926 0.01143 0.62668 0.02263 ( 3)
 387 P   0.33160 0.01910 0.61254 0.03676 ( 3)
 388 E   0.34154 0.00919 0.63087 0.01840 ( 3)
 389 L   0.33942 0.01128 0.62696 0.02234 ( 3)
 390 H   0.34733 0.00359 0.64153 0.00755 ( 3)
 391 L   0.33942 0.01128 0.62696 0.02234 ( 3)
 392 F   0.33535 0.01533 0.61946 0.02986 ( 3)
 393 L   0.32945 0.02127 0.60857 0.04071 ( 3)
 394 N   0.34044 0.01028 0.62884 0.02045 ( 3)
 395 D   0.33654 0.01414 0.62166 0.02766 ( 3)
 396 Y   0.33185 0.01884 0.61300 0.03630 ( 3)
 397 T   0.33817 0.01251 0.62466 0.02466 ( 3)
 398 S   0.34095 0.00977 0.62978 0.01949 ( 3)
 399 V   0.34188 0.00885 0.63151 0.01776 ( 3)
 400 F   0.34087 0.00985 0.62964 0.01964 ( 3)
 401 T   0.33822 0.01247 0.62476 0.02455 ( 3)
 402 V   0.15357 0.18893 0.28368 0.37382 ( 4)
 403 T   0.34279 0.00797 0.63317 0.01607 ( 3)
 404 Q   0.10678 0.23715 0.19724 0.45883 ( 4)
 405 T   0.33815 0.01254 0.62463 0.02469 ( 3)
 406 G   0.34054 0.01018 0.62902 0.02026 ( 3)
 407 I   0.33617 0.01451 0.62097 0.02835 ( 3)
 408 T   0.33814 0.01255 0.62460 0.02472 ( 3)
 409 R   0.33907 0.01158 0.62631 0.02303 ( 3)
 410 Y   0.33099 0.01971 0.61141 0.03789 ( 3)
 411 L   0.33561 0.01507 0.61993 0.02939 ( 3)
 412 T   0.33966 0.01104 0.62741 0.02188 ( 3)
 413 L   0.33605 0.01463 0.62075 0.02857 ( 3)
 414 L   0.33939 0.01131 0.62691 0.02239 ( 3)
 415 Q   0.33606 0.01462 0.62077 0.02855 ( 3)
 416 P   0.33156 0.01914 0.61246 0.03685 ( 3)
 417 V   0.33181 0.01888 0.61293 0.03637 ( 3)
 418 D   0.33938 0.01132 0.62689 0.02241 ( 3)
 419 R   0.34354 0.00723 0.63456 0.01466 ( 3)
 420 E   0.33759 0.01309 0.62359 0.02573 ( 3)
 421 E   0.33759 0.01309 0.62359 0.02573 ( 3)
 422 Q   0.33325 0.01744 0.61558 0.03374 ( 3)
 423 Q   0.33606 0.01462 0.62077 0.02855 ( 3)
 424 T   0.33814 0.01255 0.62460 0.02472 ( 3)
 425 Y   0.33099 0.01971 0.61141 0.03789 ( 3)
 426 T   0.13330 0.21004 0.24623 0.41043 ( 4)
 427 F   0.33532 0.01535 0.61941 0.02991 ( 3)
 428 S   0.34838 0.00260 0.64346 0.00556 ( 3)
 429 I   0.34628 0.00462 0.63960 0.00950 ( 3)
 430 T   0.34398 0.00684 0.63538 0.01380 ( 3)
 431 A   0.34167 0.00910 0.63112 0.01810 ( 3)
 432 F   0.33672 0.01400 0.62199 0.02728 ( 3)
 433 D   0.33791 0.01282 0.62419 0.02508 ( 3)
 434 G   0.34684 0.00409 0.64063 0.00845 ( 3)
 435 V   0.34037 0.01038 0.62873 0.02052 ( 3)
 436 Q   0.33746 0.01327 0.62336 0.02592 ( 3)
 437 E   0.33900 0.01174 0.62619 0.02307 ( 3)
 438 S   0.34451 0.00633 0.63635 0.01281 ( 3)
 439 E   0.34245 0.00838 0.63256 0.01661 ( 3)
 440 T   0.10554 0.23913 0.19496 0.46036 ( 4)
 441 I   0.00617 0.33004 0.01140 0.65239 ( 4)
 442 I   0.00615 0.33066 0.01135 0.65184 ( 4)
 443 V   0.34312 0.00768 0.63380 0.01540 ( 3)
 444 N   0.34174 0.00904 0.63124 0.01799 ( 3)
 445 I   0.34149 0.00928 0.63079 0.01844 ( 3)
 446 R   0.34286 0.00794 0.63330 0.01590 ( 3)
 447 V   0.33323 0.01750 0.61555 0.03372 ( 3)
 448 M   0.34696 0.00396 0.64086 0.00821 ( 3)
 449 D   0.33791 0.01282 0.62419 0.02508 ( 3)
 450 A   0.34169 0.00908 0.63115 0.01807 ( 3)
 451 N   0.34392 0.00688 0.63526 0.01395 ( 3)
 452 D   0.33791 0.01282 0.62419 0.02508 ( 3)
 453 N   0.34476 0.00609 0.63681 0.01234 ( 3)
 454 T   0.33955 0.01119 0.62722 0.02204 ( 3)
 455 P   0.33290 0.01783 0.61494 0.03433 ( 3)
 456 T   0.34086 0.00989 0.62963 0.01962 ( 3)
 457 F   0.34215 0.00863 0.63201 0.01721 ( 3)
 458 P   0.33528 0.01544 0.61934 0.02994 ( 3)
 459 E   0.33898 0.01176 0.62616 0.02310 ( 3)
 460 I   0.34628 0.00462 0.63960 0.00950 ( 3)
 461 S   0.34155 0.00923 0.63090 0.01831 ( 3)
 462 Y   0.33319 0.01754 0.61547 0.03380 ( 3)
 463 D   0.33791 0.01282 0.62419 0.02508 ( 3)
 464 V   0.34312 0.00768 0.63380 0.01540 ( 3)
 465 Y   0.10952 0.23440 0.20230 0.45379 ( 4)
 466 V   0.34037 0.01038 0.62873 0.02052 ( 3)
 467 Y   0.33319 0.01754 0.61547 0.03380 ( 3)
 468 T   0.33907 0.01167 0.62633 0.02293 ( 3)
 469 D   0.33791 0.01282 0.62419 0.02508 ( 3)
 470 M   0.34696 0.00396 0.64086 0.00821 ( 3)
 471 N   0.34476 0.00609 0.63681 0.01234 ( 3)
 472 P   0.33528 0.01544 0.61934 0.02994 ( 3)
 473 G   0.34140 0.00937 0.63061 0.01862 ( 3)
 474 D   0.34072 0.01003 0.62937 0.01987 ( 3)
 475 S   0.34451 0.00633 0.63635 0.01281 ( 3)
 476 V   0.34312 0.00768 0.63380 0.01540 ( 3)
 477 I   0.34628 0.00462 0.63960 0.00950 ( 3)
 478 Q   0.33462 0.01610 0.61812 0.03116 ( 3)
 479 L   0.33700 0.01372 0.62251 0.02676 ( 3)
 480 T   0.33951 0.01123 0.62714 0.02212 ( 3)
 481 A   0.34167 0.00910 0.63112 0.01810 ( 3)
 482 V   0.00770 0.32603 0.01422 0.65205 ( 4)
 483 D   0.34074 0.01002 0.62940 0.01984 ( 3)
 484 A   0.14803 0.19553 0.27344 0.38299 ( 4)
 485 D   0.34070 0.01005 0.62934 0.01991 ( 3)
 486 E   0.33904 0.01170 0.62628 0.02298 ( 3)
 487 G   0.34140 0.00937 0.63061 0.01862 ( 3)
 488 S   0.34223 0.00856 0.63215 0.01707 ( 3)
 489 N   0.34475 0.00609 0.63680 0.01236 ( 3)
 490 G   0.34140 0.00937 0.63061 0.01862 ( 3)
 491 E   0.34279 0.00800 0.63319 0.01602 ( 3)
 492 I   0.33757 0.01316 0.62356 0.02571 ( 3)
 493 T   0.33917 0.01157 0.62651 0.02275 ( 3)
 494 Y   0.33319 0.01754 0.61547 0.03380 ( 3)
 495 E   0.33898 0.01176 0.62616 0.02310 ( 3)
