91
Bacu_CNTNAP2         0.0000000 0.0303922 0.0284117 0.0035576 0.0083050 0.0077399 0.0074733 0.0085600 0.0087013 0.0897775 0.0204123 0.0842967 0.0232342 0.0919965 0.0100535 0.0206100 0.0217642 0.0214888 0.0213743 0.0219949 0.1015889 0.0113711 0.0113879 0.0119463 0.0093696 0.0217733 0.0229906 0.0226501 0.0217659 0.0325325 0.0446932 0.0264902 0.0295821 0.0269690 0.0221138 0.0226126 0.0217429 0.0224027 0.0209703 0.0209370 0.0214409 0.0214949 0.0204591 0.0271944 0.0302993 0.0293754 0.0260258 0.0268919 0.0274895 0.0264792 0.0276321 0.0288607 0.0271261 0.0219938 0.0284231 0.0293393 0.0278267 0.0234771 0.0225274 0.0908306 0.0226701 0.0210859 0.0232476 0.0235172 0.0213333 0.0233002 0.0250125 0.0237658 0.0217573 0.0233993 0.0235180 0.0237563 0.0243495 0.0206093 0.0200287 0.0218096 0.0218096 0.0212480 0.0232684 0.0215709 0.0217596 0.0209010 0.0216602 0.0211949 0.0218243 0.0206667 0.0894241 0.0198893 0.0277540 0.0212400 0.0306170 
Barn_CNTNAP2         0.0303922 0.0000000 0.0009655 0.0299263 0.0282801 0.0276231 0.0281791 0.0281974 0.0263835 0.0876954 0.0218435 0.0786778 0.0232593 0.0918007 0.0269907 0.0199480 0.0199480 0.0204845 0.0210260 0.0187434 0.1010780 0.0270303 0.0270489 0.0270489 0.0310923 0.0227602 0.0222326 0.0243925 0.0227457 0.0151838 0.0545588 0.0271533 0.0307415 0.0294235 0.0204579 0.0226615 0.0215797 0.0237608 0.0205158 0.0210878 0.0221229 0.0221895 0.0215797 0.0114080 0.0136318 0.0135766 0.0133877 0.0129922 0.0124583 0.0130506 0.0147949 0.0125298 0.0127113 0.0176859 0.0134905 0.0134914 0.0124680 0.0214812 0.0204980 0.0923825 0.0232476 0.0232463 0.0227252 0.0252065 0.0234760 0.0238689 0.0223399 0.0214227 0.0227290 0.0265483 0.0182882 0.0219789 0.0210302 0.0199480 0.0200074 0.0233062 0.0227602 0.0200078 0.0116988 0.0206002 0.0210400 0.0199761 0.0207334 0.0204857 0.0199480 0.0199480 0.0843459 0.0199480 0.0083907 0.0199480 0.0124924 
Bbai76728_CNTNAP2    0.0284117 0.0009655 0.0000000 0.0287570 0.0275764 0.0275225 0.0273804 0.0268984 0.0259985 0.0907969 0.0220185 0.0815300 0.0226698 0.0951832 0.0270173 0.0207843 0.0206634 0.0207851 0.0209217 0.0197155 0.1041057 0.0264260 0.0261502 0.0267912 0.0275520 0.0220750 0.0220864 0.0230127 0.0220669 0.0142862 0.0491621 0.0220643 0.0330382 0.0283010 0.0214500 0.0226466 0.0217174 0.0225985 0.0204061 0.0208572 0.0213952 0.0217674 0.0206605 0.0124526 0.0128497 0.0118558 0.0119918 0.0126206 0.0115365 0.0115414 0.0136538 0.0121690 0.0123850 0.0200369 0.0127523 0.0133516 0.0118620 0.0223061 0.0211764 0.0943467 0.0230145 0.0219822 0.0233236 0.0229163 0.0238004 0.0237093 0.0250109 0.0222691 0.0220576 0.0273044 0.0207605 0.0222793 0.0233456 0.0204723 0.0195222 0.0224289 0.0221143 0.0208572 0.0201935 0.0205084 0.0217257 0.0205070 0.0203146 0.0201621 0.0214024 0.0205330 0.0947624 0.0196997 0.0115666 0.0205551 0.0132433 
BbonAUS_CNTNAP2      0.0035576 0.0299263 0.0287570 0.0000000 0.0087580 0.0081791 0.0067712 0.0084596 0.0085432 0.0927873 0.0202604 0.0841493 0.0231421 0.0938860 0.0101528 0.0201663 0.0213618 0.0210615 0.0215462 0.0215815 0.1035336 0.0110434 0.0107757 0.0113439 0.0087299 0.0219693 0.0228934 0.0228658 0.0219616 0.0332592 0.0475009 0.0256964 0.0305923 0.0271913 0.0222833 0.0225088 0.0216206 0.0222892 0.0205647 0.0204827 0.0213126 0.0219689 0.0200094 0.0260270 0.0306661 0.0300257 0.0253307 0.0268666 0.0274753 0.0259368 0.0286602 0.0291938 0.0265782 0.0215803 0.0284280 0.0293629 0.0278194 0.0230918 0.0220930 0.0922604 0.0225664 0.0197101 0.0231557 0.0228245 0.0218156 0.0235313 0.0229222 0.0233860 0.0219527 0.0238560 0.0231328 0.0233765 0.0231717 0.0201656 0.0189347 0.0220067 0.0217062 0.0213997 0.0227097 0.0211272 0.0213379 0.0210450 0.0212272 0.0207621 0.0213858 0.0202073 0.0918548 0.0187854 0.0277344 0.0207911 0.0316811 
Bbor_CNTNAP2         0.0083050 0.0282801 0.0275764 0.0087580 0.0000000 0.0025250 0.0029576 0.0063957 0.0055931 0.0942161 0.0195054 0.0859847 0.0228308 0.0954965 0.0093458 0.0205931 0.0222864 0.0214369 0.0210398 0.0207992 0.1036985 0.0098369 0.0101156 0.0106481 0.0090040 0.0220091 0.0226320 0.0222865 0.0220019 0.0308548 0.0469498 0.0261125 0.0277878 0.0246246 0.0212579 0.0228654 0.0214092 0.0214386 0.0212802 0.0209071 0.0208299 0.0205846 0.0201661 0.0274424 0.0292066 0.0292344 0.0248805 0.0270919 0.0263353 0.0258218 0.0276583 0.0279143 0.0273395 0.0210780 0.0276967 0.0281018 0.0263754 0.0230631 0.0221246 0.0939054 0.0229207 0.0210469 0.0225589 0.0222267 0.0254435 0.0234785 0.0235343 0.0224725 0.0217255 0.0222100 0.0222337 0.0230483 0.0231301 0.0205924 0.0200057 0.0217769 0.0214873 0.0212056 0.0214308 0.0215156 0.0216970 0.0208725 0.0216003 0.0211547 0.0217590 0.0203455 0.0908447 0.0198687 0.0258153 0.0211980 0.0301261 
Bede66737_CNTNAP2    0.0077399 0.0276231 0.0275225 0.0081791 0.0025250 0.0000000 0.0008005 0.0053467 0.0055839 0.0938916 0.0188735 0.0867116 0.0222075 0.0951692 0.0087788 0.0199814 0.0216423 0.0208206 0.0204049 0.0201885 0.1039904 0.0092853 0.0095619 0.0100917 0.0084588 0.0213895 0.0219926 0.0216655 0.0213824 0.0307996 0.0466541 0.0256846 0.0277125 0.0242576 0.0206396 0.0222412 0.0207938 0.0207813 0.0206106 0.0202927 0.0202181 0.0199570 0.0195528 0.0269251 0.0291520 0.0291813 0.0244340 0.0270416 0.0257147 0.0253599 0.0272794 0.0278640 0.0276180 0.0204659 0.0276468 0.0280522 0.0266095 0.0224400 0.0214611 0.0944130 0.0222947 0.0203946 0.0219367 0.0215599 0.0253740 0.0228495 0.0216953 0.0224341 0.0210919 0.0217164 0.0221956 0.0224256 0.0223846 0.0199807 0.0193547 0.0211416 0.0208535 0.0205891 0.0209732 0.0208969 0.0210799 0.0202592 0.0209709 0.0205400 0.0211398 0.0197179 0.0913960 0.0192227 0.0257693 0.0205819 0.0300696 
BedeAUS_CNTNAP2      0.0074733 0.0281791 0.0273804 0.0067712 0.0029576 0.0008005 0.0000000 0.0051436 0.0059628 0.0893895 0.0190239 0.0823867 0.0216099 0.0896398 0.0087942 0.0189337 0.0203428 0.0195244 0.0201191 0.0203611 0.0975791 0.0093338 0.0096282 0.0101924 0.0084541 0.0207437 0.0216609 0.0210369 0.0207365 0.0319898 0.0470724 0.0257849 0.0277677 0.0243720 0.0201158 0.0215814 0.0204002 0.0210114 0.0197912 0.0195578 0.0200948 0.0204443 0.0195007 0.0278561 0.0287599 0.0291123 0.0252446 0.0273785 0.0256514 0.0253599 0.0279646 0.0282614 0.0279867 0.0206565 0.0275206 0.0281432 0.0269135 0.0224604 0.0214156 0.0897357 0.0210142 0.0207143 0.0213251 0.0218863 0.0193831 0.0222922 0.0223319 0.0227536 0.0207282 0.0220745 0.0225000 0.0227444 0.0227984 0.0192285 0.0196740 0.0207789 0.0204804 0.0195730 0.0210057 0.0201968 0.0200960 0.0192265 0.0202631 0.0198212 0.0204555 0.0192453 0.0855517 0.0195395 0.0255727 0.0198642 0.0300329 
Bmus_CNTNAP2         0.0085600 0.0281974 0.0268984 0.0084596 0.0063957 0.0053467 0.0051436 0.0000000 0.0069578 0.0923588 0.0197821 0.0860338 0.0230957 0.0936193 0.0096190 0.0202970 0.0219753 0.0211389 0.0210242 0.0205036 0.1024960 0.0095645 0.0093128 0.0093125 0.0076771 0.0217098 0.0223234 0.0219866 0.0217026 0.0305087 0.0464360 0.0250067 0.0283017 0.0251566 0.0209589 0.0225642 0.0216735 0.0217210 0.0203693 0.0206098 0.0210938 0.0214345 0.0204320 0.0255585 0.0288508 0.0282878 0.0240448 0.0264342 0.0248587 0.0253588 0.0266315 0.0269792 0.0269548 0.0207819 0.0267602 0.0271868 0.0257492 0.0227625 0.0215026 0.0920632 0.0226186 0.0210295 0.0222586 0.0231126 0.0260066 0.0231752 0.0240740 0.0221911 0.0214192 0.0225383 0.0225180 0.0227479 0.0227698 0.0202963 0.0199891 0.0214699 0.0211808 0.0206128 0.0223070 0.0212165 0.0213987 0.0205757 0.0212960 0.0208574 0.0214598 0.0200416 0.0904282 0.0198523 0.0261099 0.0209001 0.0298162 
Bphy_baits_CNTNAP2   0.0087013 0.0263835 0.0259985 0.0085432 0.0055931 0.0055839 0.0059628 0.0069578 0.0000000 0.0917699 0.0193869 0.0857035 0.0227324 0.0939999 0.0096983 0.0201020 0.0212770 0.0209819 0.0211599 0.0206112 0.1050933 0.0102883 0.0100251 0.0105813 0.0094142 0.0218739 0.0225208 0.0227551 0.0218664 0.0292562 0.0481649 0.0244885 0.0287903 0.0254232 0.0201865 0.0227684 0.0212477 0.0206356 0.0205257 0.0203608 0.0206430 0.0209298 0.0199481 0.0247163 0.0292348 0.0287861 0.0245156 0.0268561 0.0251787 0.0259207 0.0274663 0.0274117 0.0265639 0.0206101 0.0265583 0.0270109 0.0261123 0.0229753 0.0217529 0.0921811 0.0228259 0.0211717 0.0230401 0.0211785 0.0257646 0.0234087 0.0233358 0.0220715 0.0215729 0.0233270 0.0221089 0.0226720 0.0234744 0.0201013 0.0197660 0.0216264 0.0213236 0.0207235 0.0217966 0.0210461 0.0212536 0.0203776 0.0212279 0.0206876 0.0213004 0.0198127 0.0919736 0.0196082 0.0258260 0.0207159 0.0290536 
Btau_CNTNAP2         0.0897775 0.0876954 0.0907969 0.0927873 0.0942161 0.0938916 0.0893895 0.0923588 0.0917699 0.0000000 0.0922652 0.0340636 0.0938646 0.0277191 0.0916997 0.0924216 0.0925365 0.0924638 0.0881274 0.0906215 0.1422165 0.0898952 0.0910591 0.0910533 0.0957419 0.0916661 0.0890831 0.0928574 0.0916210 0.0970712 0.0823247 0.0941690 0.0984081 0.0949403 0.0903195 0.0932554 0.0923498 0.0913770 0.0918419 0.0904735 0.0922080 0.0906393 0.0907609 0.0831289 0.0893071 0.0892670 0.0847751 0.0869724 0.0884049 0.0820549 0.0883859 0.0912400 0.0890191 0.0894099 0.0897683 0.0904493 0.0903284 0.0914616 0.0891393 0.0259420 0.0939678 0.0874406 0.0949290 0.0901885 0.0967982 0.0932107 0.0989294 0.0906811 0.0893453 0.0915588 0.0894098 0.0909415 0.0878187 0.0916030 0.0862001 0.0904604 0.0900475 0.0919521 0.0926215 0.0928003 0.0927659 0.0912326 0.0901615 0.0916090 0.0911016 0.0883745 0.1202098 0.0850077 0.0913796 0.0916245 0.0929033 
Ccom40_CNTNAP2       0.0204123 0.0218435 0.0220185 0.0202604 0.0195054 0.0188735 0.0190239 0.0197821 0.0193869 0.0922652 0.0000000 0.0839901 0.0042430 0.0964484 0.0187130 0.0055966 0.0055361 0.0053264 0.0059145 0.0119446 0.1009359 0.0182365 0.0179748 0.0185535 0.0203502 0.0064101 0.0074913 0.0072236 0.0064081 0.0269545 0.0497540 0.0147954 0.0286577 0.0260100 0.0075086 0.0074850 0.0029054 0.0027290 0.0052151 0.0053219 0.0026387 0.0029045 0.0021266 0.0205570 0.0239462 0.0238899 0.0186888 0.0195312 0.0214745 0.0169082 0.0211575 0.0220152 0.0215453 0.0122235 0.0220729 0.0229607 0.0214922 0.0139168 0.0133884 0.0942536 0.0074966 0.0066404 0.0069481 0.0167714 0.0189758 0.0077871 0.0109762 0.0147615 0.0064059 0.0205155 0.0139399 0.0141897 0.0142948 0.0050570 0.0038763 0.0069643 0.0072368 0.0061513 0.0078218 0.0058892 0.0061307 0.0053259 0.0053950 0.0050571 0.0061484 0.0050713 0.0943325 0.0044029 0.0211366 0.0056087 0.0230695 
Cela_CNTNAP2         0.0842967 0.0786778 0.0815300 0.0841493 0.0859847 0.0867116 0.0823867 0.0860338 0.0857035 0.0340636 0.0839901 0.0000000 0.0866588 0.0359401 0.0849565 0.0860597 0.0877107 0.0868867 0.0825468 0.0839352 0.1415344 0.0825846 0.0829095 0.0829046 0.0868697 0.0853191 0.0823068 0.0864741 0.0852786 0.0927847 0.0786003 0.0881772 0.0933074 0.0872961 0.0855934 0.0868677 0.0859907 0.0832742 0.0866599 0.0846095 0.0858657 0.0838211 0.0840085 0.0764537 0.0856625 0.0859555 0.0846288 0.0827627 0.0847617 0.0805547 0.0890936 0.0871544 0.0832933 0.0843161 0.0856271 0.0867612 0.0866449 0.0858940 0.0843862 0.0370885 0.0867263 0.0796919 0.0876859 0.0838546 0.0889121 0.0867896 0.0899163 0.0850956 0.0825684 0.0864860 0.0843423 0.0850405 0.0821811 0.0852679 0.0800823 0.0836249 0.0832260 0.0868284 0.0838434 0.0876417 0.0863951 0.0861456 0.0862192 0.0852596 0.0852288 0.0820618 0.1183860 0.0794240 0.0850747 0.0857253 0.0863350 
Chea7320_CNTNAP2     0.0232342 0.0232593 0.0226698 0.0231421 0.0228308 0.0222075 0.0216099 0.0230957 0.0227324 0.0938646 0.0042430 0.0866588 0.0000000 0.0977739 0.0215884 0.0056066 0.0055491 0.0053482 0.0057996 0.0119386 0.1048088 0.0215793 0.0210874 0.0216499 0.0236449 0.0063845 0.0073465 0.0071622 0.0063826 0.0274566 0.0476178 0.0144285 0.0281748 0.0253403 0.0074579 0.0076948 0.0025252 0.0032490 0.0058201 0.0053564 0.0022690 0.0025945 0.0022880 0.0200028 0.0244993 0.0234312 0.0201959 0.0188527 0.0219130 0.0184694 0.0227756 0.0233370 0.0221939 0.0122052 0.0216515 0.0227709 0.0213663 0.0135543 0.0131354 0.0953373 0.0077063 0.0062332 0.0063795 0.0161259 0.0244528 0.0077006 0.0130581 0.0146306 0.0062823 0.0225875 0.0138454 0.0140843 0.0147434 0.0050906 0.0035250 0.0068295 0.0070966 0.0061370 0.0073466 0.0058864 0.0061174 0.0053477 0.0054558 0.0050907 0.0061342 0.0049735 0.0953977 0.0040458 0.0207040 0.0056182 0.0233411 
Chir_CNTNAP2         0.0919965 0.0918007 0.0951832 0.0938860 0.0954965 0.0951692 0.0896398 0.0936193 0.0939999 0.0277191 0.0964484 0.0359401 0.0977739 0.0000000 0.0944886 0.0966356 0.0957066 0.0958533 0.0917654 0.0935072 0.1495926 0.0922317 0.0926086 0.0926025 0.0970223 0.0963749 0.0938269 0.0967576 0.0963263 0.1017332 0.0813851 0.0980676 0.1039133 0.0995576 0.0948654 0.0979871 0.0962358 0.0944964 0.0982068 0.0950745 0.0952433 0.0945160 0.0938127 0.0884952 0.0957772 0.0953685 0.0921134 0.0911827 0.0941288 0.0925281 0.0985812 0.0972413 0.0918645 0.0939056 0.0956597 0.0970910 0.0969640 0.0955643 0.0923650 0.0116436 0.0982247 0.0903758 0.0980320 0.0925118 0.1010988 0.0979694 0.1130922 0.0938948 0.0940884 0.0999733 0.0939372 0.0938292 0.0873334 0.0958024 0.0891441 0.0952416 0.0948203 0.0966506 0.0916441 0.0966633 0.0961425 0.0959009 0.0943211 0.0958089 0.0949166 0.0921121 0.1220117 0.0883924 0.0967045 0.0962994 0.0975930 
Cmar59905_CNTNAP2    0.0100535 0.0269907 0.0270173 0.0101528 0.0093458 0.0087788 0.0087942 0.0096190 0.0096983 0.0916997 0.0187130 0.0849565 0.0215884 0.0944886 0.0000000 0.0195784 0.0207373 0.0204462 0.0206028 0.0206615 0.1034041 0.0085393 0.0080220 0.0085682 0.0109819 0.0213257 0.0219483 0.0221948 0.0213185 0.0319865 0.0456491 0.0241728 0.0269173 0.0238659 0.0214112 0.0222079 0.0204258 0.0206892 0.0202753 0.0193071 0.0201131 0.0204345 0.0194232 0.0273392 0.0294376 0.0290814 0.0265457 0.0265396 0.0264500 0.0268809 0.0271207 0.0277178 0.0279067 0.0206604 0.0274920 0.0273162 0.0264231 0.0229995 0.0223378 0.0911854 0.0222631 0.0205973 0.0213084 0.0221662 0.0264316 0.0228379 0.0240944 0.0229932 0.0210146 0.0225608 0.0227467 0.0229842 0.0244748 0.0195777 0.0192082 0.0210660 0.0207675 0.0201905 0.0213511 0.0205081 0.0207147 0.0198507 0.0205939 0.0201560 0.0207598 0.0192782 0.0919958 0.0190569 0.0261501 0.0201833 0.0287179 
Dcap108471_CNTNAP2   0.0206100 0.0199480 0.0207843 0.0201663 0.0205931 0.0199814 0.0189337 0.0202970 0.0201020 0.0924216 0.0055966 0.0860597 0.0056066 0.0966356 0.0195784 0.0000000 0.0020911 0.0017630 0.0023470 0.0098213 0.1041592 0.0188110 0.0185606 0.0191162 0.0208417 0.0038107 0.0049618 0.0045802 0.0038096 0.0258109 0.0461853 0.0120258 0.0264561 0.0232834 0.0058864 0.0056204 0.0043172 0.0043511 0.0010931 0.0017683 0.0038019 0.0044379 0.0028017 0.0186883 0.0230815 0.0220589 0.0183559 0.0182723 0.0197401 0.0176802 0.0206343 0.0216804 0.0203105 0.0100856 0.0202869 0.0211545 0.0197556 0.0114211 0.0111363 0.0942270 0.0040706 0.0032284 0.0043211 0.0143594 0.0220943 0.0051068 0.0091445 0.0124881 0.0039082 0.0188593 0.0117062 0.0119477 0.0121591 0.0015102 0.0016169 0.0039168 0.0041805 0.0025325 0.0046024 0.0022778 0.0020170 0.0022727 0.0023145 0.0020160 0.0025275 0.0023305 0.0942032 0.0016090 0.0187768 0.0020233 0.0218745 
Dcap79929_CNTNAP2    0.0217642 0.0199480 0.0206634 0.0213618 0.0222864 0.0216423 0.0203428 0.0219753 0.0212770 0.0925365 0.0055361 0.0877107 0.0055491 0.0957066 0.0207373 0.0020911 0.0000000 0.0007817 0.0027101 0.0101898 0.1056970 0.0201246 0.0198653 0.0204452 0.0222492 0.0036874 0.0048786 0.0044850 0.0036863 0.0268365 0.0480137 0.0127154 0.0278251 0.0244825 0.0050297 0.0055633 0.0042125 0.0039549 0.0016419 0.0023596 0.0036785 0.0043349 0.0026409 0.0186891 0.0240444 0.0229483 0.0189377 0.0187179 0.0205100 0.0182701 0.0212128 0.0225510 0.0203112 0.0101893 0.0211000 0.0219828 0.0205267 0.0121366 0.0118940 0.0940734 0.0039567 0.0033570 0.0042165 0.0147753 0.0239085 0.0050307 0.0102480 0.0132470 0.0037854 0.0212343 0.0124345 0.0126842 0.0127229 0.0026171 0.0014003 0.0037940 0.0040677 0.0026251 0.0044570 0.0007841 0.0020919 0.0018298 0.0024025 0.0020911 0.0020932 0.0024177 0.0951422 0.0008341 0.0189252 0.0020974 0.0227848 
DdelSJR_CNTNAP2      0.0214888 0.0204845 0.0207851 0.0210615 0.0214369 0.0208206 0.0195244 0.0211389 0.0209819 0.0924638 0.0053264 0.0868867 0.0053482 0.0958533 0.0204462 0.0017630 0.0007817 0.0000000 0.0031353 0.0100863 0.1050510 0.0196434 0.0193933 0.0199511 0.0216851 0.0035543 0.0046975 0.0043229 0.0035533 0.0261001 0.0472508 0.0123701 0.0273283 0.0241736 0.0051090 0.0053614 0.0040606 0.0038021 0.0013673 0.0025308 0.0035461 0.0041740 0.0025453 0.0186874 0.0233829 0.0223499 0.0183560 0.0182718 0.0200201 0.0176794 0.0206351 0.0219698 0.0199876 0.0103509 0.0200005 0.0214365 0.0200359 0.0116883 0.0114227 0.0942703 0.0038137 0.0032284 0.0040642 0.0143590 0.0229680 0.0048482 0.0096950 0.0127565 0.0036452 0.0200694 0.0119742 0.0122154 0.0121587 0.0022694 0.0010765 0.0036532 0.0039166 0.0027873 0.0053790 0.0020236 0.0022704 0.0020189 0.0020561 0.0017630 0.0032918 0.0031131 0.0942733 0.0010712 0.0184934 0.0022777 0.0221743 
Ddeltrop4525_CNTNAP2 0.0213743 0.0210260 0.0209217 0.0215462 0.0210398 0.0204049 0.0201191 0.0210242 0.0211599 0.0881274 0.0059145 0.0825468 0.0057996 0.0917654 0.0206028 0.0023470 0.0027101 0.0031353 0.0000000 0.0104325 0.1006035 0.0194796 0.0192209 0.0197972 0.0215888 0.0042072 0.0052678 0.0050043 0.0042059 0.0260734 0.0465399 0.0131930 0.0265261 0.0235343 0.0063286 0.0057971 0.0044638 0.0046644 0.0022696 0.0020913 0.0041970 0.0044729 0.0034295 0.0191131 0.0232285 0.0224868 0.0194307 0.0188610 0.0198215 0.0176226 0.0207200 0.0221284 0.0215536 0.0107073 0.0207000 0.0215740 0.0201276 0.0126542 0.0121524 0.0889927 0.0047287 0.0043159 0.0052684 0.0155279 0.0170362 0.0055510 0.0113561 0.0134853 0.0042044 0.0194759 0.0126747 0.0129234 0.0132180 0.0023469 0.0027021 0.0047465 0.0050133 0.0034116 0.0042028 0.0026192 0.0028734 0.0026132 0.0031998 0.0028721 0.0018262 0.0020864 0.0919823 0.0021480 0.0186024 0.0023556 0.0220632 
Dleu_CNTNAP2         0.0219949 0.0187434 0.0197155 0.0215815 0.0207992 0.0201885 0.0203611 0.0205036 0.0206112 0.0906215 0.0119446 0.0839352 0.0119386 0.0935072 0.0206615 0.0098213 0.0101898 0.0100863 0.0104325 0.0000000 0.1004576 0.0187409 0.0184915 0.0190448 0.0216087 0.0111434 0.0120015 0.0119404 0.0111400 0.0239828 0.0463388 0.0137471 0.0257649 0.0225917 0.0106666 0.0119579 0.0106030 0.0108023 0.0098365 0.0101013 0.0100656 0.0106319 0.0096185 0.0168997 0.0226788 0.0210986 0.0182770 0.0193885 0.0191020 0.0163769 0.0208523 0.0198706 0.0199171 0.0027733 0.0199137 0.0205060 0.0185626 0.0071563 0.0060163 0.0911449 0.0119761 0.0104400 0.0111354 0.0140269 0.0228689 0.0125041 0.0080352 0.0076754 0.0111610 0.0195996 0.0069070 0.0071520 0.0064220 0.0098210 0.0093923 0.0111862 0.0109130 0.0103741 0.0121688 0.0098511 0.0108715 0.0100848 0.0100208 0.0098213 0.0106284 0.0098388 0.0912855 0.0093298 0.0184140 0.0098415 0.0214714 
Easi_CNTNAP2         0.1015889 0.1010780 0.1041057 0.1035336 0.1036985 0.1039904 0.0975791 0.1024960 0.1050933 0.1422165 0.1009359 0.1415344 0.1048088 0.1495926 0.1034041 0.1041592 0.1056970 0.1050510 0.1006035 0.1004576 0.0000000 0.1006223 0.1016346 0.1007993 0.1070520 0.1058080 0.1010267 0.1053306 0.1057532 0.1088034 0.0911907 0.0966224 0.1153982 0.1114462 0.1041881 0.1039552 0.1031293 0.0960511 0.1073663 0.1036955 0.1024968 0.0985645 0.1005813 0.0960315 0.1006120 0.1013915 0.0994105 0.0979835 0.1046426 0.0962243 0.1089239 0.1058713 0.0993868 0.1008610 0.1013570 0.1043042 0.1037732 0.1013405 0.0996205 0.1508698 0.1058115 0.0956262 0.1050581 0.0918214 0.1085147 0.1083288 0.1097005 0.0996845 0.1005637 0.1128703 0.1012133 0.1004213 0.0969468 0.1049939 0.0952818 0.1004758 0.1000560 0.1047886 0.0999637 0.1039324 0.1053582 0.1048399 0.1058799 0.1050015 0.1050257 0.0982500 0.1233401 0.0939467 0.1032825 0.1041477 0.1022487 
EausAUS_CNTNAP2      0.0113711 0.0270303 0.0264260 0.0110434 0.0098369 0.0092853 0.0093338 0.0095645 0.0102883 0.0898952 0.0182365 0.0825846 0.0215793 0.0922317 0.0085393 0.0188110 0.0201246 0.0196434 0.0194796 0.0187409 0.1006223 0.0000000 0.0012584 0.0017640 0.0111492 0.0202071 0.0207742 0.0210397 0.0202005 0.0304039 0.0431528 0.0215627 0.0275726 0.0244282 0.0202925 0.0210520 0.0201737 0.0204802 0.0193169 0.0191180 0.0196018 0.0198968 0.0189351 0.0264838 0.0287467 0.0281886 0.0256113 0.0260434 0.0253447 0.0240775 0.0269569 0.0268850 0.0268490 0.0190158 0.0260745 0.0270940 0.0256615 0.0209703 0.0195953 0.0900125 0.0211022 0.0194429 0.0213097 0.0217813 0.0252806 0.0216526 0.0223201 0.0209648 0.0198825 0.0216802 0.0207258 0.0209569 0.0217045 0.0188104 0.0184039 0.0199291 0.0196434 0.0194110 0.0208684 0.0197151 0.0199017 0.0190865 0.0197691 0.0193651 0.0199579 0.0185168 0.0866981 0.0182789 0.0248066 0.0194046 0.0288199 
Egla13086_CNTNAP2    0.0113879 0.0270489 0.0261502 0.0107757 0.0101156 0.0095619 0.0096282 0.0093128 0.0100251 0.0910591 0.0179748 0.0829095 0.0210874 0.0926086 0.0080220 0.0185606 0.0198653 0.0193933 0.0192209 0.0184915 0.1016346 0.0012584 0.0000000 0.0005018 0.0108979 0.0199570 0.0205177 0.0207900 0.0199505 0.0301566 0.0438820 0.0215929 0.0270794 0.0239154 0.0200415 0.0208023 0.0196163 0.0202129 0.0190449 0.0188673 0.0193522 0.0196402 0.0186832 0.0257325 0.0282299 0.0276859 0.0252381 0.0255235 0.0250961 0.0233155 0.0264087 0.0263835 0.0265627 0.0187665 0.0255708 0.0266041 0.0251703 0.0207214 0.0193277 0.0900149 0.0208518 0.0191772 0.0208174 0.0215134 0.0243809 0.0214025 0.0211437 0.0207160 0.0196261 0.0204301 0.0204764 0.0207082 0.0214050 0.0185600 0.0181359 0.0196720 0.0193862 0.0191602 0.0209135 0.0194642 0.0196519 0.0188362 0.0195140 0.0191149 0.0197074 0.0182592 0.0864362 0.0180126 0.0251362 0.0191540 0.0283018 
Ejap43864_CNTNAP2    0.0119463 0.0270489 0.0267912 0.0113439 0.0106481 0.0100917 0.0101924 0.0093125 0.0105813 0.0910533 0.0185535 0.0829046 0.0216499 0.0926025 0.0085682 0.0191162 0.0204452 0.0199511 0.0197972 0.0190448 0.1007993 0.0017640 0.0005018 0.0000000 0.0114316 0.0205165 0.0210934 0.0213515 0.0205098 0.0307463 0.0438801 0.0223163 0.0276641 0.0245120 0.0206034 0.0213639 0.0201731 0.0208118 0.0196503 0.0194246 0.0199087 0.0202132 0.0192426 0.0266173 0.0288468 0.0282839 0.0260166 0.0261341 0.0256700 0.0241823 0.0270561 0.0269756 0.0272298 0.0193205 0.0261625 0.0271833 0.0257459 0.0212808 0.0199243 0.0900091 0.0214149 0.0197690 0.0213794 0.0221185 0.0249689 0.0219670 0.0223187 0.0207154 0.0201987 0.0212413 0.0210361 0.0212672 0.0214042 0.0191156 0.0187291 0.0202461 0.0199596 0.0197187 0.0217611 0.0200240 0.0202098 0.0193926 0.0200832 0.0196719 0.0202670 0.0188297 0.0860900 0.0186016 0.0257236 0.0197121 0.0289205 
Erob133443_CNTNAP2   0.0093696 0.0310923 0.0275520 0.0087299 0.0090040 0.0084588 0.0084541 0.0076771 0.0094142 0.0957419 0.0203502 0.0868697 0.0236449 0.0970223 0.0109819 0.0208417 0.0222492 0.0216851 0.0215888 0.0216087 0.1070520 0.0111492 0.0108979 0.0114316 0.0000000 0.0222572 0.0228865 0.0231003 0.0222499 0.0322631 0.0495935 0.0253458 0.0288666 0.0254351 0.0220752 0.0225472 0.0222199 0.0223048 0.0209369 0.0211559 0.0216387 0.0219956 0.0209804 0.0278194 0.0306872 0.0300683 0.0267751 0.0282556 0.0271421 0.0271160 0.0285856 0.0287429 0.0279330 0.0218881 0.0285275 0.0289117 0.0274644 0.0238781 0.0229975 0.0946108 0.0231690 0.0216095 0.0233728 0.0243167 0.0259836 0.0237265 0.0246929 0.0238718 0.0219800 0.0221684 0.0236343 0.0238626 0.0251324 0.0208410 0.0205714 0.0220320 0.0217424 0.0220210 0.0226930 0.0217647 0.0219449 0.0216852 0.0218534 0.0214031 0.0220075 0.0206013 0.0928159 0.0204306 0.0278688 0.0214468 0.0310369 
Fatt_CNTNAP2         0.0217733 0.0227602 0.0220750 0.0219693 0.0220091 0.0213895 0.0207437 0.0217098 0.0218739 0.0916661 0.0064101 0.0853191 0.0063845 0.0963749 0.0213257 0.0038107 0.0036874 0.0035543 0.0042072 0.0111434 0.1058080 0.0202071 0.0199570 0.0205165 0.0222572 0.0000000 0.0025949 0.0012571 0.0005019 0.0272034 0.0476158 0.0133688 0.0273375 0.0244804 0.0061596 0.0048456 0.0050896 0.0049027 0.0033100 0.0035597 0.0045717 0.0052322 0.0040927 0.0208935 0.0245371 0.0234660 0.0198082 0.0200714 0.0210979 0.0189085 0.0218622 0.0233794 0.0225654 0.0114091 0.0219809 0.0228112 0.0214038 0.0127533 0.0122773 0.0939627 0.0027880 0.0021429 0.0045757 0.0161366 0.0235615 0.0017660 0.0125156 0.0138262 0.0005147 0.0196553 0.0130421 0.0132821 0.0137787 0.0038106 0.0032560 0.0010330 0.0012920 0.0043333 0.0069713 0.0040821 0.0043196 0.0030425 0.0041487 0.0038107 0.0043314 0.0039215 0.0958707 0.0032346 0.0198829 0.0033055 0.0233867 
Ggri_CNTNAP2         0.0229906 0.0222326 0.0220864 0.0228934 0.0226320 0.0219926 0.0216609 0.0223234 0.0225208 0.0890831 0.0074913 0.0823068 0.0073465 0.0938269 0.0219483 0.0049618 0.0048786 0.0046975 0.0052678 0.0120015 0.1010267 0.0207742 0.0205177 0.0210934 0.0228865 0.0025949 0.0000000 0.0033789 0.0025941 0.0273862 0.0487257 0.0148295 0.0278030 0.0252048 0.0073654 0.0057472 0.0060108 0.0057237 0.0045400 0.0047049 0.0057437 0.0062891 0.0052598 0.0209230 0.0248622 0.0237792 0.0206288 0.0203878 0.0214039 0.0193771 0.0228366 0.0237586 0.0222404 0.0122754 0.0222908 0.0231655 0.0217187 0.0139397 0.0132399 0.0913961 0.0041668 0.0037692 0.0057490 0.0170377 0.0186344 0.0033866 0.0136651 0.0147693 0.0025932 0.0212790 0.0139613 0.0142077 0.0145807 0.0049617 0.0043489 0.0031226 0.0033849 0.0055032 0.0073520 0.0052458 0.0054851 0.0041699 0.0053339 0.0049618 0.0055006 0.0049755 0.0932694 0.0043203 0.0201874 0.0044434 0.0237103 
Gmac39091_CNTNAP2    0.0226501 0.0243925 0.0230127 0.0228658 0.0222865 0.0216655 0.0210369 0.0219866 0.0227551 0.0928574 0.0072236 0.0864741 0.0071622 0.0967576 0.0221948 0.0045802 0.0044850 0.0043229 0.0050043 0.0119404 0.1053306 0.0210397 0.0207900 0.0213515 0.0231003 0.0012571 0.0033789 0.0000000 0.0007526 0.0280668 0.0476403 0.0147618 0.0282058 0.0253686 0.0069409 0.0056197 0.0058625 0.0057297 0.0041448 0.0043295 0.0053423 0.0060270 0.0048680 0.0221799 0.0254380 0.0243360 0.0209360 0.0203609 0.0219358 0.0201763 0.0228035 0.0242461 0.0235383 0.0122069 0.0228445 0.0236560 0.0222438 0.0135563 0.0131374 0.0951652 0.0035540 0.0029514 0.0048318 0.0170160 0.0244347 0.0025269 0.0142065 0.0146328 0.0012890 0.0208611 0.0138474 0.0140864 0.0147472 0.0045801 0.0040770 0.0018107 0.0020707 0.0051063 0.0073579 0.0048553 0.0050900 0.0038093 0.0049347 0.0045802 0.0051040 0.0047135 0.0959241 0.0040502 0.0207354 0.0040748 0.0242857 
Gmel_CNTNAP2         0.0217659 0.0227457 0.0220669 0.0219616 0.0220019 0.0213824 0.0207365 0.0217026 0.0218664 0.0916210 0.0064081 0.0852786 0.0063826 0.0963263 0.0213185 0.0038096 0.0036863 0.0035533 0.0042059 0.0111400 0.1057532 0.0202005 0.0199505 0.0205098 0.0222499 0.0005019 0.0025941 0.0007526 0.0000000 0.0271942 0.0472773 0.0137211 0.0273282 0.0244718 0.0061578 0.0048441 0.0050881 0.0049011 0.0033090 0.0035587 0.0045703 0.0052306 0.0040915 0.0208830 0.0245284 0.0234580 0.0197995 0.0200645 0.0210910 0.0189085 0.0218542 0.0233715 0.0225568 0.0114056 0.0219735 0.0228036 0.0213968 0.0127493 0.0122732 0.0939159 0.0027872 0.0021422 0.0045744 0.0161311 0.0235535 0.0017655 0.0125156 0.0138218 0.0005146 0.0196460 0.0130380 0.0132779 0.0137735 0.0038095 0.0032550 0.0010327 0.0012917 0.0043320 0.0065711 0.0040809 0.0043183 0.0030416 0.0041474 0.0038096 0.0043301 0.0039203 0.0955054 0.0032336 0.0198763 0.0033045 0.0233785 
Hamp_CNTNAP2         0.0325325 0.0151838 0.0142862 0.0332592 0.0308548 0.0307996 0.0319898 0.0305087 0.0292562 0.0970712 0.0269545 0.0927847 0.0274566 0.1017332 0.0319865 0.0258109 0.0268365 0.0261001 0.0260734 0.0239828 0.1088034 0.0304039 0.0301566 0.0307463 0.0322631 0.0272034 0.0273862 0.0280668 0.0271942 0.0000000 0.0545594 0.0287189 0.0355800 0.0310354 0.0267341 0.0277983 0.0262993 0.0261302 0.0256918 0.0257985 0.0257016 0.0261830 0.0250631 0.0107200 0.0129347 0.0117406 0.0108817 0.0127204 0.0116748 0.0117803 0.0122327 0.0114347 0.0119947 0.0245700 0.0122850 0.0125001 0.0122357 0.0257137 0.0246460 0.1033500 0.0285014 0.0268837 0.0284116 0.0247117 0.0330939 0.0287219 0.0266758 0.0256861 0.0264497 0.0291163 0.0248739 0.0245283 0.0256811 0.0254683 0.0245773 0.0274668 0.0271687 0.0264536 0.0257707 0.0258526 0.0266406 0.0257556 0.0254228 0.0254691 0.0266728 0.0253556 0.0990331 0.0247667 0.0147754 0.0260975 0.0136220 
Hippo_CNTNAP2        0.0446932 0.0545588 0.0491621 0.0475009 0.0469498 0.0466541 0.0470724 0.0464360 0.0481649 0.0823247 0.0497540 0.0786003 0.0476178 0.0813851 0.0456491 0.0461853 0.0480137 0.0472508 0.0465399 0.0463388 0.0911907 0.0431528 0.0438820 0.0438801 0.0495935 0.0476158 0.0487257 0.0476403 0.0472773 0.0545594 0.0000000 0.0477592 0.0556090 0.0506825 0.0468774 0.0474470 0.0468337 0.0490220 0.0476253 0.0464984 0.0468360 0.0471911 0.0464791 0.0508521 0.0506782 0.0490007 0.0518413 0.0480442 0.0484210 0.0479795 0.0526056 0.0501126 0.0508964 0.0463393 0.0488084 0.0502667 0.0488347 0.0474759 0.0460781 0.0836896 0.0486068 0.0482433 0.0476605 0.0500425 0.0479251 0.0492798 0.0646088 0.0481357 0.0475709 0.0536800 0.0478954 0.0477936 0.0507942 0.0461853 0.0469447 0.0484231 0.0480649 0.0473513 0.0482952 0.0481746 0.0471932 0.0461886 0.0473881 0.0468972 0.0470066 0.0455215 0.0811858 0.0465358 0.0483957 0.0470074 0.0521856 
Igeo_CNTNAP2         0.0264902 0.0271533 0.0220643 0.0256964 0.0261125 0.0256846 0.0257849 0.0250067 0.0244885 0.0941690 0.0147954 0.0881772 0.0144285 0.0980676 0.0241728 0.0120258 0.0127154 0.0123701 0.0131930 0.0137471 0.0966224 0.0215627 0.0215929 0.0223163 0.0253458 0.0133688 0.0148295 0.0147618 0.0137211 0.0287189 0.0477592 0.0000000 0.0289031 0.0272621 0.0137680 0.0144048 0.0130314 0.0137704 0.0123735 0.0116951 0.0126811 0.0134116 0.0121265 0.0208500 0.0268279 0.0246516 0.0220954 0.0225882 0.0223916 0.0184601 0.0239297 0.0242583 0.0228086 0.0130550 0.0238627 0.0235009 0.0231425 0.0147832 0.0149432 0.0968225 0.0137404 0.0129247 0.0147862 0.0166341 0.0213663 0.0151346 0.0170424 0.0158100 0.0137149 0.0254033 0.0144174 0.0154690 0.0174516 0.0120253 0.0116082 0.0134080 0.0134080 0.0134330 0.0136029 0.0124168 0.0133878 0.0130470 0.0116391 0.0120257 0.0134232 0.0120561 0.0964158 0.0114995 0.0215604 0.0127360 0.0225367 
Kbre_CNTNAP2         0.0295821 0.0307415 0.0330382 0.0305923 0.0277878 0.0277125 0.0277677 0.0283017 0.0287903 0.0984081 0.0286577 0.0933074 0.0281748 0.1039133 0.0269173 0.0264561 0.0278251 0.0273283 0.0265261 0.0257649 0.1153982 0.0275726 0.0270794 0.0276641 0.0288666 0.0273375 0.0278030 0.0282058 0.0273282 0.0355800 0.0556090 0.0289031 0.0000000 0.0085724 0.0280529 0.0279159 0.0275921 0.0281297 0.0264075 0.0267901 0.0272685 0.0277986 0.0266358 0.0321265 0.0344914 0.0340379 0.0305382 0.0316516 0.0315206 0.0278773 0.0329400 0.0329281 0.0322772 0.0260514 0.0324500 0.0327446 0.0312598 0.0280971 0.0277123 0.1005486 0.0282900 0.0263576 0.0284841 0.0275960 0.0235535 0.0288650 0.0299218 0.0280898 0.0271793 0.0164065 0.0278542 0.0274953 0.0284789 0.0264552 0.0253037 0.0272454 0.0269466 0.0268699 0.0287966 0.0274299 0.0275919 0.0267454 0.0276196 0.0270365 0.0276728 0.0263677 0.1016551 0.0257624 0.0313959 0.0270921 0.0335582 
Ksim_CNTNAP2         0.0269690 0.0294235 0.0283010 0.0271913 0.0246246 0.0242576 0.0243720 0.0251566 0.0254232 0.0949403 0.0260100 0.0872961 0.0253403 0.0995576 0.0238659 0.0232834 0.0244825 0.0241736 0.0235343 0.0225917 0.1114462 0.0244282 0.0239154 0.0245120 0.0254351 0.0244804 0.0252048 0.0253686 0.0244718 0.0310354 0.0506825 0.0272621 0.0085724 0.0000000 0.0242976 0.0253823 0.0244455 0.0254065 0.0232133 0.0236191 0.0241193 0.0248763 0.0234460 0.0264086 0.0290184 0.0280946 0.0263708 0.0261381 0.0260222 0.0251702 0.0281303 0.0266970 0.0261921 0.0225905 0.0271190 0.0269515 0.0257523 0.0249685 0.0246870 0.0958208 0.0248463 0.0232953 0.0247581 0.0251492 0.0202494 0.0257048 0.0244505 0.0249633 0.0245517 0.0140374 0.0247166 0.0243582 0.0250981 0.0232826 0.0225131 0.0246129 0.0243069 0.0236918 0.0239735 0.0242664 0.0244455 0.0235783 0.0244037 0.0238758 0.0245190 0.0234067 0.0994718 0.0229994 0.0263834 0.0239267 0.0284041 
Lacu_CNTNAP2         0.0221138 0.0204579 0.0214500 0.0222833 0.0212579 0.0206396 0.0201158 0.0209589 0.0201865 0.0903195 0.0075086 0.0855934 0.0074579 0.0948654 0.0214112 0.0058864 0.0050297 0.0051090 0.0063286 0.0106666 0.1041881 0.0202925 0.0200415 0.0206034 0.0220752 0.0061596 0.0073654 0.0069409 0.0061578 0.0267341 0.0468774 0.0137680 0.0280529 0.0242976 0.0000000 0.0069515 0.0053695 0.0062944 0.0049863 0.0051097 0.0056266 0.0063033 0.0048863 0.0208253 0.0239737 0.0232118 0.0186788 0.0200432 0.0209182 0.0184796 0.0225779 0.0229038 0.0205646 0.0109331 0.0214289 0.0223452 0.0209348 0.0122807 0.0117593 0.0924657 0.0069478 0.0065086 0.0077232 0.0155265 0.0236116 0.0072324 0.0119308 0.0133568 0.0062985 0.0213856 0.0125697 0.0128113 0.0134851 0.0053679 0.0043474 0.0068471 0.0071150 0.0053716 0.0085254 0.0051207 0.0063994 0.0040709 0.0052121 0.0048508 0.0058882 0.0052239 0.0939826 0.0043124 0.0193361 0.0048541 0.0231143 
Lalb_CNTNAP2         0.0226126 0.0226615 0.0226466 0.0225088 0.0228654 0.0222412 0.0215814 0.0225642 0.0227684 0.0932554 0.0074850 0.0868677 0.0076948 0.0979871 0.0222079 0.0056204 0.0055633 0.0053614 0.0057971 0.0119579 0.1039552 0.0210520 0.0208023 0.0213639 0.0225472 0.0048456 0.0057472 0.0056197 0.0048441 0.0277983 0.0474470 0.0144048 0.0279159 0.0253823 0.0069515 0.0000000 0.0063898 0.0059975 0.0052729 0.0053696 0.0058671 0.0062840 0.0053953 0.0221260 0.0253823 0.0242847 0.0205507 0.0203114 0.0222367 0.0197068 0.0228250 0.0242570 0.0228212 0.0122248 0.0224985 0.0236666 0.0222543 0.0135759 0.0134467 0.0955637 0.0056037 0.0051321 0.0069157 0.0169751 0.0240829 0.0061519 0.0130374 0.0146538 0.0046914 0.0208578 0.0138674 0.0141067 0.0154241 0.0056202 0.0046198 0.0052307 0.0049660 0.0061521 0.0089267 0.0056283 0.0061323 0.0048444 0.0059978 0.0056203 0.0061493 0.0055016 0.0971194 0.0045894 0.0198299 0.0051138 0.0239215 
Laus_CNTNAP2         0.0217429 0.0215797 0.0217174 0.0216206 0.0214092 0.0207938 0.0204002 0.0216735 0.0212477 0.0923498 0.0029054 0.0859907 0.0025252 0.0962358 0.0204258 0.0043172 0.0042125 0.0040606 0.0044638 0.0106030 0.1031293 0.0201737 0.0196163 0.0201731 0.0222199 0.0050896 0.0060108 0.0058625 0.0050881 0.0262993 0.0468337 0.0130314 0.0275921 0.0244455 0.0053695 0.0063898 0.0000000 0.0018876 0.0044174 0.0040668 0.0010050 0.0012922 0.0010133 0.0200018 0.0235950 0.0225580 0.0186693 0.0182648 0.0207891 0.0176225 0.0218370 0.0224763 0.0212123 0.0108678 0.0207868 0.0219317 0.0205318 0.0122072 0.0119793 0.0942790 0.0063993 0.0051309 0.0053451 0.0149416 0.0228906 0.0063945 0.0108000 0.0132766 0.0049539 0.0200202 0.0124942 0.0127345 0.0137644 0.0038046 0.0024322 0.0054943 0.0057596 0.0048413 0.0065544 0.0045906 0.0048259 0.0040602 0.0041420 0.0038046 0.0048391 0.0036504 0.0941170 0.0029570 0.0195543 0.0043261 0.0224395 
Lbor_CNTNAP2         0.0224027 0.0237608 0.0225985 0.0222892 0.0214386 0.0207813 0.0210114 0.0217210 0.0206356 0.0913770 0.0027290 0.0832742 0.0032490 0.0944964 0.0206892 0.0043511 0.0039549 0.0038021 0.0046644 0.0108023 0.0960511 0.0204802 0.0202129 0.0208118 0.0223048 0.0049027 0.0057237 0.0057297 0.0049011 0.0261302 0.0490220 0.0137704 0.0281297 0.0254065 0.0062944 0.0059975 0.0018876 0.0000000 0.0041508 0.0040829 0.0016163 0.0018916 0.0010857 0.0206834 0.0241038 0.0236124 0.0194231 0.0191381 0.0208405 0.0182615 0.0221525 0.0226057 0.0217654 0.0110860 0.0208253 0.0217290 0.0208339 0.0125268 0.0119977 0.0928201 0.0060070 0.0050824 0.0054505 0.0150508 0.0182526 0.0062987 0.0113575 0.0133859 0.0048994 0.0207181 0.0125479 0.0128052 0.0136511 0.0040764 0.0025448 0.0054634 0.0057404 0.0046367 0.0061228 0.0043681 0.0048959 0.0038017 0.0041639 0.0038023 0.0049103 0.0040882 0.0934249 0.0028056 0.0198689 0.0040856 0.0226314 
Lhos30470_CNTNAP2    0.0209703 0.0205158 0.0204061 0.0205647 0.0212802 0.0206106 0.0197912 0.0203693 0.0205257 0.0918419 0.0052151 0.0866599 0.0058201 0.0982068 0.0202753 0.0010931 0.0016419 0.0013673 0.0022696 0.0098365 0.1073663 0.0193169 0.0190449 0.0196503 0.0209369 0.0033100 0.0045400 0.0041448 0.0033090 0.0256918 0.0476253 0.0123735 0.0264075 0.0232133 0.0049863 0.0052729 0.0044174 0.0041508 0.0000000 0.0013706 0.0038571 0.0045443 0.0030487 0.0191351 0.0230027 0.0218930 0.0185165 0.0187246 0.0194185 0.0177470 0.0202972 0.0215028 0.0197229 0.0098360 0.0199676 0.0209545 0.0197387 0.0118673 0.0115908 0.0946707 0.0035915 0.0029331 0.0038640 0.0149097 0.0232420 0.0047151 0.0097099 0.0130301 0.0033964 0.0195457 0.0118867 0.0121445 0.0131277 0.0016417 0.0014703 0.0034045 0.0036908 0.0016459 0.0056696 0.0013717 0.0021931 0.0013683 0.0019580 0.0016417 0.0021943 0.0019679 0.0983781 0.0008755 0.0173993 0.0010965 0.0213405 
Lhos452_CNTNAP2      0.0209370 0.0210878 0.0208572 0.0204827 0.0209071 0.0202927 0.0195578 0.0206098 0.0203608 0.0904735 0.0053219 0.0846095 0.0053564 0.0950745 0.0193071 0.0017683 0.0023596 0.0025308 0.0020913 0.0101013 0.1036955 0.0191180 0.0188673 0.0194246 0.0211559 0.0035597 0.0047049 0.0043295 0.0035587 0.0257985 0.0464984 0.0116951 0.0267901 0.0236191 0.0051097 0.0053696 0.0040668 0.0040829 0.0013706 0.0000000 0.0035515 0.0041706 0.0028058 0.0191123 0.0230091 0.0220470 0.0190529 0.0183029 0.0197291 0.0176216 0.0205844 0.0216686 0.0206029 0.0103663 0.0202755 0.0205816 0.0197446 0.0111716 0.0108408 0.0927279 0.0043340 0.0037773 0.0045848 0.0143833 0.0224218 0.0048557 0.0102976 0.0122390 0.0036509 0.0193492 0.0114564 0.0116986 0.0121467 0.0017682 0.0021656 0.0041869 0.0044513 0.0022781 0.0042186 0.0020267 0.0027828 0.0015126 0.0025751 0.0022762 0.0017688 0.0015532 0.0943389 0.0016091 0.0187659 0.0012624 0.0210152 
Lobl_CNTNAP2         0.0214409 0.0221229 0.0213952 0.0213126 0.0208299 0.0202181 0.0200948 0.0210938 0.0206430 0.0922080 0.0026387 0.0858657 0.0022690 0.0952433 0.0201131 0.0038019 0.0036785 0.0035461 0.0041970 0.0100656 0.1024968 0.0196018 0.0193522 0.0199087 0.0216387 0.0045717 0.0057437 0.0053423 0.0045703 0.0257016 0.0468360 0.0126811 0.0272685 0.0241193 0.0056266 0.0058671 0.0010050 0.0016163 0.0038571 0.0035515 0.0000000 0.0010327 0.0005057 0.0199805 0.0235773 0.0225417 0.0190454 0.0182515 0.0202135 0.0171870 0.0214950 0.0221618 0.0208799 0.0103296 0.0207719 0.0216258 0.0202293 0.0116641 0.0113974 0.0936677 0.0058758 0.0048559 0.0050824 0.0146438 0.0229173 0.0058713 0.0102468 0.0127301 0.0046886 0.0204566 0.0119493 0.0121901 0.0131067 0.0032909 0.0021597 0.0052275 0.0054923 0.0043232 0.0057695 0.0040726 0.0043095 0.0035457 0.0036170 0.0032910 0.0043213 0.0033863 0.0943345 0.0026854 0.0192625 0.0038097 0.0224227 
Lobs_CNTNAP2         0.0214949 0.0221895 0.0217674 0.0219689 0.0205846 0.0199570 0.0204443 0.0214345 0.0209298 0.0906393 0.0029045 0.0838211 0.0025945 0.0945160 0.0204345 0.0044379 0.0043349 0.0041740 0.0044729 0.0106319 0.0985645 0.0198968 0.0196402 0.0202132 0.0219956 0.0052322 0.0062891 0.0060270 0.0052306 0.0261830 0.0471911 0.0134116 0.0277986 0.0248763 0.0063033 0.0062840 0.0012922 0.0018916 0.0045443 0.0041706 0.0010327 0.0000000 0.0010416 0.0204081 0.0241792 0.0231812 0.0190446 0.0185924 0.0208146 0.0180214 0.0217873 0.0228401 0.0209378 0.0109041 0.0214011 0.0222713 0.0208314 0.0125558 0.0123159 0.0929640 0.0062935 0.0051416 0.0057585 0.0149739 0.0177611 0.0065745 0.0108536 0.0133814 0.0052288 0.0209373 0.0125761 0.0128240 0.0135329 0.0039108 0.0024373 0.0057716 0.0060377 0.0049771 0.0061597 0.0047195 0.0049608 0.0041736 0.0042497 0.0039109 0.0049748 0.0039217 0.0922298 0.0029632 0.0198811 0.0044473 0.0230828 
