83
Bacu_FOXP2       0.0000000 0.0071842 0.0081796 0.0007262 0.0013839 0.0020800 0.0020800 0.0026822 0.0031293 0.0007692 0.0007276 0.0370198 0.0070267 0.0059593 0.0044413 0.0071120 0.0068046 0.0071120 0.0088469 0.0042042 0.0469819 0.0042042 0.0022055 0.0063698 0.0071065 0.0063698 0.0060407 0.0286364 0.0071065 0.0076778 0.0093328 0.0076110 0.0071052 0.0101904 0.0083150 0.0067188 0.0060407 0.0068384 0.0053416 0.0077570 0.0070933 0.0078186 0.0063260 0.0076149 0.0078508 0.0076786 0.0067199 0.0070933 0.0070914 0.0081344 0.0078199 0.0071719 0.0067199 0.0081344 0.0085824 0.0407912 0.0070933 0.0067378 0.0440116 0.0109067 0.0102571 0.0075016 0.0041723 0.0085824 0.0100832 0.0100949 0.0081344 0.0061804 0.0074815 0.0071548 0.0071052 0.0071052 0.0059593 0.0095418 0.0070922 0.0078488 0.0088925 0.0078174 0.0070922 0.0370626 0.0071065 0.0074130 0.0082829 
Barn_FOXP2       0.0071842 0.0000000 0.0009628 0.0081039 0.0071673 0.0080846 0.0080846 0.0101805 0.0020085 0.0062536 0.0062536 0.0317351 0.0010601 0.0008716 0.0080958 0.0017535 0.0017535 0.0017535 0.0035300 0.0035250 0.0440234 0.0035250 0.0071659 0.0008716 0.0008716 0.0008716 0.0008716 0.0255060 0.0017518 0.0026775 0.0026461 0.0026461 0.0008716 0.0029292 0.0029765 0.0017477 0.0008716 0.0009521 0.0000010 0.0011919 0.0017480 0.0026288 0.0013333 0.0019095 0.0017526 0.0000010 0.0017480 0.0017480 0.0010686 0.0026341 0.0017480 0.0017480 0.0017480 0.0026341 0.0026341 0.0364210 0.0008716 0.0017518 0.0350327 0.0058938 0.0035341 0.0017480 0.0027618 0.0026341 0.0026435 0.0044341 0.0026341 0.0029670 0.0026283 0.0038004 0.0017515 0.0017515 0.0008716 0.0046865 0.0017477 0.0017515 0.0038404 0.0026283 0.0017477 0.0340490 0.0017518 0.0026288 0.0035306 
Bbai76728_FOXP2  0.0081796 0.0009628 0.0000000 0.0090189 0.0073271 0.0081605 0.0081605 0.0117929 0.0027166 0.0073930 0.0073271 0.0373101 0.0017149 0.0015881 0.0090107 0.0023950 0.0024197 0.0023950 0.0048432 0.0040107 0.0466532 0.0040107 0.0090614 0.0015881 0.0023929 0.0015881 0.0015881 0.0267763 0.0023929 0.0021356 0.0040126 0.0027191 0.0023924 0.0044151 0.0035667 0.0023876 0.0015881 0.0017149 0.0010400 0.0010436 0.0023880 0.0031914 0.0010271 0.0025788 0.0032057 0.0000010 0.0023880 0.0023880 0.0009511 0.0040165 0.0031919 0.0024182 0.0023880 0.0040165 0.0040165 0.0407451 0.0023880 0.0023929 0.0426655 0.0061457 0.0056518 0.0031997 0.0041616 0.0040165 0.0048327 0.0048423 0.0040165 0.0049133 0.0023876 0.0036686 0.0023924 0.0023924 0.0015881 0.0046865 0.0023876 0.0032047 0.0034469 0.0023876 0.0023876 0.0379296 0.0023929 0.0031914 0.0040166 
BbonAUS_FOXP2    0.0007262 0.0081039 0.0090189 0.0000000 0.0021923 0.0029293 0.0029293 0.0037355 0.0041607 0.0016352 0.0014582 0.0366075 0.0070267 0.0067188 0.0051928 0.0075037 0.0075774 0.0075037 0.0098558 0.0051828 0.0484729 0.0051828 0.0029469 0.0067188 0.0074975 0.0067188 0.0067188 0.0321612 0.0074975 0.0088031 0.0098517 0.0084781 0.0074961 0.0099566 0.0083150 0.0074815 0.0067188 0.0064226 0.0057150 0.0077570 0.0074827 0.0082488 0.0074034 0.0072422 0.0082848 0.0076786 0.0074827 0.0074827 0.0079985 0.0090578 0.0082502 0.0075703 0.0074827 0.0090578 0.0090578 0.0407727 0.0074827 0.0074975 0.0463545 0.0107161 0.0114330 0.0082698 0.0055866 0.0090578 0.0106458 0.0106590 0.0090578 0.0061804 0.0082475 0.0075981 0.0074961 0.0074961 0.0067188 0.0095418 0.0074815 0.0082825 0.0088925 0.0082475 0.0074815 0.0357467 0.0074975 0.0082488 0.0090557 
Bbor_FOXP2       0.0013839 0.0071673 0.0073271 0.0021923 0.0000000 0.0006893 0.0006893 0.0042660 0.0031231 0.0007677 0.0007262 0.0372125 0.0061177 0.0059478 0.0044328 0.0070988 0.0067912 0.0070988 0.0093185 0.0041967 0.0488875 0.0041967 0.0022013 0.0063581 0.0070933 0.0063581 0.0063581 0.0303407 0.0070933 0.0065393 0.0093149 0.0075941 0.0070920 0.0101689 0.0082968 0.0067057 0.0063581 0.0068249 0.0053293 0.0077373 0.0070801 0.0078040 0.0052397 0.0075997 0.0078361 0.0063530 0.0067068 0.0070801 0.0070750 0.0085662 0.0078052 0.0071584 0.0067068 0.0085662 0.0085662 0.0411711 0.0070801 0.0070933 0.0445556 0.0108838 0.0108065 0.0074869 0.0041723 0.0085662 0.0100638 0.0100754 0.0085662 0.0061804 0.0074668 0.0079693 0.0070920 0.0070920 0.0059478 0.0095418 0.0070790 0.0078340 0.0088734 0.0078028 0.0070790 0.0393798 0.0070933 0.0078040 0.0082664 
Bede66737_FOXP2  0.0020800 0.0080846 0.0081605 0.0029293 0.0006893 0.0000000 0.0000010 0.0049862 0.0031231 0.0015402 0.0014555 0.0381188 0.0070092 0.0067057 0.0051828 0.0078248 0.0075623 0.0078248 0.0100561 0.0049061 0.0498695 0.0049061 0.0029414 0.0070790 0.0078186 0.0070790 0.0070790 0.0312108 0.0078186 0.0054306 0.0100522 0.0084590 0.0078173 0.0109756 0.0091458 0.0074668 0.0070790 0.0075997 0.0053293 0.0087285 0.0078040 0.0085308 0.0063072 0.0083778 0.0085662 0.0063530 0.0074680 0.0078040 0.0079798 0.0092992 0.0085322 0.0078905 0.0074680 0.0092992 0.0092992 0.0421001 0.0078040 0.0078186 0.0455051 0.0100821 0.0115508 0.0082534 0.0055866 0.0092992 0.0108049 0.0108176 0.0092992 0.0074433 0.0082312 0.0087862 0.0078173 0.0078173 0.0067057 0.0111848 0.0078028 0.0085639 0.0097021 0.0085295 0.0078028 0.0402905 0.0078186 0.0085308 0.0090375 
BedeAUS_FOXP2    0.0020800 0.0080846 0.0081605 0.0029293 0.0006893 0.0000010 0.0000000 0.0049862 0.0031231 0.0015402 0.0014555 0.0381188 0.0070092 0.0067057 0.0051828 0.0078248 0.0075623 0.0078248 0.0100561 0.0049061 0.0498695 0.0049061 0.0029414 0.0070790 0.0078186 0.0070790 0.0070790 0.0312108 0.0078186 0.0054306 0.0100522 0.0084590 0.0078173 0.0109756 0.0091458 0.0074668 0.0070790 0.0075997 0.0053293 0.0087285 0.0078040 0.0085308 0.0063072 0.0083778 0.0085662 0.0063530 0.0074680 0.0078040 0.0079798 0.0092992 0.0085322 0.0078905 0.0074680 0.0092992 0.0092992 0.0421001 0.0078040 0.0078186 0.0455051 0.0100821 0.0115508 0.0082534 0.0055866 0.0092992 0.0108049 0.0108176 0.0092992 0.0074433 0.0082312 0.0087862 0.0078173 0.0078173 0.0067057 0.0111848 0.0078028 0.0085639 0.0097021 0.0085295 0.0078028 0.0402905 0.0078186 0.0085308 0.0090375 
Bmus_FOXP2       0.0026822 0.0101805 0.0117929 0.0037355 0.0042660 0.0049862 0.0049862 0.0000000 0.0064460 0.0031660 0.0037426 0.0411219 0.0108799 0.0091870 0.0076098 0.0102180 0.0101040 0.0102180 0.0118549 0.0071934 0.0514925 0.0071934 0.0037657 0.0094425 0.0102098 0.0094425 0.0089433 0.0302942 0.0102098 0.0125524 0.0125207 0.0104393 0.0102080 0.0136991 0.0119799 0.0099726 0.0089433 0.0101539 0.0082586 0.0120467 0.0101899 0.0094425 0.0109581 0.0109570 0.0109859 0.0133895 0.0099742 0.0101899 0.0109847 0.0111143 0.0109403 0.0103057 0.0099742 0.0111143 0.0117411 0.0450380 0.0101899 0.0096680 0.0465264 0.0144123 0.0133103 0.0107917 0.0041723 0.0117411 0.0132988 0.0133159 0.0111143 0.0087176 0.0107613 0.0087862 0.0102080 0.0102080 0.0091870 0.0111848 0.0101883 0.0109831 0.0124786 0.0109369 0.0101883 0.0411096 0.0102098 0.0103582 0.0116051 
Bmys_FOXP2       0.0031293 0.0020085 0.0027166 0.0041607 0.0031231 0.0031231 0.0031231 0.0064460 0.0000000 0.0017574 0.0024778 0.0352972 0.0019717 0.0016409 0.0024783 0.0031197 0.0024957 0.0031197 0.0047086 0.0000010 0.0397758 0.0000010 0.0041688 0.0023276 0.0031170 0.0023276 0.0023276 0.0274063 0.0031170 0.0000010 0.0055150 0.0037884 0.0031164 0.0060764 0.0037147 0.0024681 0.0023276 0.0025169 0.0026319 0.0022047 0.0031109 0.0038972 0.0000010 0.0033639 0.0039143 0.0024976 0.0024685 0.0031109 0.0019917 0.0039065 0.0038979 0.0031404 0.0024685 0.0047078 0.0047078 0.0385850 0.0031109 0.0031170 0.0374292 0.0060191 0.0071326 0.0033080 0.0017278 0.0047078 0.0063251 0.0063323 0.0047078 0.0029771 0.0032986 0.0053531 0.0031164 0.0031164 0.0016409 0.0081423 0.0031103 0.0039131 0.0044927 0.0038966 0.0031103 0.0360630 0.0031170 0.0038972 0.0041519 
Bphy_FOXP2       0.0007692 0.0062536 0.0073930 0.0016352 0.0007677 0.0015402 0.0015402 0.0031660 0.0017574 0.0000000 0.0000010 0.0333037 0.0060114 0.0049912 0.0041399 0.0063207 0.0059208 0.0063207 0.0079476 0.0031082 0.0467731 0.0031082 0.0016437 0.0055007 0.0055007 0.0055007 0.0055007 0.0264159 0.0063153 0.0064592 0.0071498 0.0067321 0.0063141 0.0087442 0.0075147 0.0058375 0.0055007 0.0059540 0.0044288 0.0067144 0.0063023 0.0071066 0.0049327 0.0068215 0.0063178 0.0062156 0.0058385 0.0063023 0.0060579 0.0071200 0.0063023 0.0063799 0.0058385 0.0071200 0.0071200 0.0375670 0.0055007 0.0063153 0.0400591 0.0104986 0.0087738 0.0058385 0.0041723 0.0071200 0.0079565 0.0087813 0.0071200 0.0044829 0.0066879 0.0071967 0.0063141 0.0063141 0.0049912 0.0095418 0.0063012 0.0071368 0.0082082 0.0071053 0.0063012 0.0341531 0.0063153 0.0071066 0.0075784 
Bphy_baits_FOXP2 0.0007276 0.0062536 0.0073271 0.0014582 0.0007262 0.0014555 0.0014555 0.0037426 0.0024778 0.0000010 0.0000000 0.0365037 0.0061177 0.0051922 0.0036855 0.0059642 0.0060223 0.0059642 0.0082848 0.0036785 0.0462760 0.0036785 0.0014642 0.0051922 0.0059593 0.0051922 0.0051922 0.0302346 0.0059593 0.0065393 0.0082816 0.0067321 0.0059582 0.0090835 0.0074499 0.0059468 0.0051922 0.0055942 0.0037789 0.0067500 0.0059478 0.0067057 0.0052397 0.0064081 0.0067344 0.0063530 0.0059478 0.0059478 0.0061735 0.0074990 0.0067068 0.0060168 0.0059478 0.0074990 0.0074990 0.0406516 0.0059478 0.0059593 0.0442030 0.0098447 0.0098435 0.0067224 0.0041723 0.0074990 0.0090652 0.0090759 0.0074990 0.0061804 0.0067046 0.0067375 0.0059582 0.0059582 0.0051922 0.0095418 0.0059468 0.0067325 0.0080469 0.0067046 0.0059468 0.0377372 0.0059593 0.0067057 0.0074973 
Btau_FOXP2       0.0370198 0.0317351 0.0373101 0.0366075 0.0372125 0.0381188 0.0381188 0.0411219 0.0352972 0.0333037 0.0365037 0.0000000 0.0290915 0.0338016 0.0384887 0.0356316 0.0352523 0.0356316 0.0361968 0.0329724 0.0419120 0.0329724 0.0387336 0.0346191 0.0346205 0.0346191 0.0344624 0.0379790 0.0355982 0.0308707 0.0376070 0.0328121 0.0355905 0.0339595 0.0311224 0.0347229 0.0344624 0.0294411 0.0362581 0.0240569 0.0337427 0.0346191 0.0309234 0.0303472 0.0366014 0.0280585 0.0328838 0.0337427 0.0306821 0.0352612 0.0346250 0.0332881 0.0328838 0.0352612 0.0354581 0.0067284 0.0337427 0.0353935 0.0188963 0.0346152 0.0389406 0.0357810 0.0316077 0.0354581 0.0384062 0.0374295 0.0352612 0.0275764 0.0337956 0.0346056 0.0355905 0.0355905 0.0338016 0.0179757 0.0354988 0.0346330 0.0292673 0.0346133 0.0354988 0.0361859 0.0336575 0.0361456 0.0328838 
Ccom40_FOXP2     0.0070267 0.0010601 0.0017149 0.0070267 0.0061177 0.0070092 0.0070092 0.0108799 0.0019717 0.0060114 0.0061177 0.0290915 0.0000000 0.0000010 0.0079173 0.0008553 0.0008657 0.0008553 0.0034641 0.0025808 0.0423714 0.0025808 0.0079651 0.0000010 0.0008545 0.0000010 0.0000010 0.0259644 0.0008545 0.0011774 0.0017115 0.0000010 0.0008543 0.0026290 0.0017704 0.0008524 0.0000010 0.0000010 0.0000010 0.0000010 0.0008526 0.0017112 0.0000010 0.0008524 0.0017193 0.0000010 0.0008526 0.0008526 0.0000010 0.0025854 0.0017115 0.0008648 0.0008526 0.0025854 0.0025854 0.0336472 0.0008526 0.0000010 0.0419094 0.0043567 0.0043314 0.0017159 0.0015700 0.0025854 0.0034562 0.0034634 0.0025854 0.0024309 0.0008524 0.0019873 0.0008543 0.0008543 0.0000010 0.0030958 0.0008524 0.0008545 0.0017109 0.0008524 0.0008524 0.0310226 0.0000010 0.0017112 0.0017149 
Chea7320_FOXP2   0.0059593 0.0008716 0.0015881 0.0067188 0.0059478 0.0067057 0.0067057 0.0091870 0.0016409 0.0049912 0.0051922 0.0338016 0.0000010 0.0000000 0.0067132 0.0007286 0.0007355 0.0007286 0.0029432 0.0021949 0.0431923 0.0021949 0.0067474 0.0000010 0.0007280 0.0000010 0.0000010 0.0272492 0.0007280 0.0010606 0.0029424 0.0016434 0.0007279 0.0032213 0.0016172 0.0007266 0.0000010 0.0000010 0.0000010 0.0000010 0.0007267 0.0014565 0.0000010 0.0007812 0.0014623 0.0000010 0.0007267 0.0007267 0.0000010 0.0021982 0.0014567 0.0007348 0.0007267 0.0021982 0.0021982 0.0377955 0.0007267 0.0007280 0.0418173 0.0040003 0.0044393 0.0014599 0.0013700 0.0021982 0.0036912 0.0036939 0.0021982 0.0024309 0.0014562 0.0024850 0.0007279 0.0007279 0.0000010 0.0030958 0.0007266 0.0014619 0.0023564 0.0014562 0.0007266 0.0364157 0.0007280 0.0014565 0.0021978 
Cmar59905_FOXP2  0.0044413 0.0080958 0.0090107 0.0051928 0.0044328 0.0051828 0.0051828 0.0076098 0.0024783 0.0041399 0.0036855 0.0384887 0.0079173 0.0067132 0.0000000 0.0074974 0.0075711 0.0074974 0.0098475 0.0044336 0.0460859 0.0044336 0.0052147 0.0067132 0.0074913 0.0067132 0.0067132 0.0321306 0.0074913 0.0076446 0.0098435 0.0084701 0.0074899 0.0108021 0.0091577 0.0074753 0.0067132 0.0072357 0.0037797 0.0077274 0.0074765 0.0082420 0.0062999 0.0080583 0.0082779 0.0050480 0.0074765 0.0074765 0.0070667 0.0090503 0.0082433 0.0075639 0.0074765 0.0090503 0.0090503 0.0427006 0.0074765 0.0074913 0.0435148 0.0115574 0.0114234 0.0082630 0.0085033 0.0090503 0.0106368 0.0106500 0.0090503 0.0100519 0.0082406 0.0093668 0.0074899 0.0074899 0.0067132 0.0128761 0.0074753 0.0082756 0.0097144 0.0082406 0.0074753 0.0397218 0.0074913 0.0082420 0.0090481 
Dcap108471_FOXP2 0.0071120 0.0017535 0.0023950 0.0075037 0.0070988 0.0078248 0.0078248 0.0102180 0.0031197 0.0063207 0.0059642 0.0356316 0.0008553 0.0007286 0.0074974 0.0000000 0.0000010 0.0000010 0.0035080 0.0034961 0.0469941 0.0034961 0.0075359 0.0006915 0.0013885 0.0006915 0.0006915 0.0284475 0.0013885 0.0021381 0.0035070 0.0024802 0.0013882 0.0038216 0.0024384 0.0014603 0.0006915 0.0007406 0.0008754 0.0009426 0.0013860 0.0020832 0.0010283 0.0014863 0.0020913 0.0012497 0.0014606 0.0013860 0.0008634 0.0027952 0.0020835 0.0014007 0.0014606 0.0027952 0.0027952 0.0394925 0.0013860 0.0013885 0.0433684 0.0045576 0.0049360 0.0022007 0.0013700 0.0027952 0.0042218 0.0042258 0.0027952 0.0036767 0.0021951 0.0031400 0.0013882 0.0013882 0.0007286 0.0046946 0.0013858 0.0020907 0.0031585 0.0020829 0.0013858 0.0391373 0.0013885 0.0020832 0.0029450 
Dcap79929_FOXP2  0.0068046 0.0017535 0.0024197 0.0075774 0.0067912 0.0075623 0.0075623 0.0101040 0.0024957 0.0059208 0.0060223 0.0352523 0.0008657 0.0007355 0.0075711 0.0000010 0.0000000 0.0000010 0.0037342 0.0029701 0.0448926 0.0029701 0.0075783 0.0007355 0.0014771 0.0007355 0.0007355 0.0285581 0.0014771 0.0021381 0.0037331 0.0025070 0.0014768 0.0032579 0.0024652 0.0014741 0.0007355 0.0007913 0.0009440 0.0009542 0.0014743 0.0022162 0.0010420 0.0015882 0.0022254 0.0012648 0.0014743 0.0014743 0.0008730 0.0029746 0.0022166 0.0014769 0.0014743 0.0029746 0.0029746 0.0393472 0.0014743 0.0014771 0.0424751 0.0048776 0.0044945 0.0022216 0.0013700 0.0029746 0.0037369 0.0044995 0.0029746 0.0036767 0.0022159 0.0033321 0.0014768 0.0014768 0.0007355 0.0046946 0.0014741 0.0014768 0.0031911 0.0022159 0.0014741 0.0379249 0.0014771 0.0022162 0.0029740 
DdelSJR_FOXP2    0.0071120 0.0017535 0.0023950 0.0075037 0.0070988 0.0078248 0.0078248 0.0102180 0.0031197 0.0063207 0.0059642 0.0356316 0.0008553 0.0007286 0.0074974 0.0000010 0.0000010 0.0000000 0.0035080 0.0034961 0.0469941 0.0034961 0.0075359 0.0006915 0.0013885 0.0006915 0.0006915 0.0284475 0.0013885 0.0021381 0.0035070 0.0024802 0.0013882 0.0038216 0.0024384 0.0014603 0.0006915 0.0007406 0.0008754 0.0009426 0.0013860 0.0020832 0.0010283 0.0014863 0.0020913 0.0012497 0.0014606 0.0013860 0.0008634 0.0027952 0.0020835 0.0014007 0.0014606 0.0027952 0.0027952 0.0394925 0.0013860 0.0013885 0.0433684 0.0045576 0.0049360 0.0022007 0.0013700 0.0027952 0.0042218 0.0042258 0.0027952 0.0036767 0.0021951 0.0031400 0.0013882 0.0013882 0.0007286 0.0046946 0.0013858 0.0020907 0.0031585 0.0020829 0.0013858 0.0391373 0.0013885 0.0020832 0.0029450 
Dleu_FOXP2       0.0088469 0.0035300 0.0048432 0.0098558 0.0093185 0.0100561 0.0100561 0.0118549 0.0047086 0.0079476 0.0082848 0.0361968 0.0034641 0.0029432 0.0098475 0.0035080 0.0037342 0.0035080 0.0000000 0.0056471 0.0459856 0.0056471 0.0098988 0.0027930 0.0027927 0.0027930 0.0026506 0.0284699 0.0035053 0.0032239 0.0056651 0.0041592 0.0035047 0.0061784 0.0049281 0.0036869 0.0026506 0.0029959 0.0017536 0.0028560 0.0034990 0.0042075 0.0020669 0.0037531 0.0042241 0.0025150 0.0036875 0.0034990 0.0026138 0.0006554 0.0042081 0.0035372 0.0036875 0.0033168 0.0034952 0.0398754 0.0034990 0.0033258 0.0435621 0.0069079 0.0060506 0.0044466 0.0041602 0.0034952 0.0056597 0.0049320 0.0033168 0.0036534 0.0044351 0.0055542 0.0035047 0.0035047 0.0029432 0.0063039 0.0034985 0.0042229 0.0055863 0.0042068 0.0034985 0.0404569 0.0035053 0.0039920 0.0052070 
EausAUS_FOXP2    0.0042042 0.0035250 0.0040107 0.0051828 0.0041967 0.0049061 0.0049061 0.0071934 0.0000010 0.0031082 0.0036785 0.0329724 0.0025808 0.0021949 0.0044336 0.0034961 0.0029701 0.0034961 0.0056471 0.0000000 0.0441114 0.0000010 0.0052047 0.0027837 0.0034934 0.0027837 0.0027837 0.0258842 0.0034934 0.0021367 0.0056454 0.0041536 0.0034928 0.0061548 0.0040818 0.0029327 0.0027837 0.0029851 0.0026319 0.0028429 0.0034872 0.0041931 0.0010277 0.0037394 0.0042096 0.0024976 0.0029332 0.0034872 0.0026028 0.0049213 0.0041938 0.0035251 0.0029332 0.0049213 0.0049213 0.0367645 0.0034872 0.0034934 0.0395556 0.0068815 0.0070944 0.0036842 0.0027637 0.0049213 0.0063713 0.0063778 0.0049213 0.0036740 0.0036747 0.0055325 0.0034928 0.0034928 0.0021949 0.0078967 0.0034867 0.0042084 0.0047587 0.0041925 0.0034867 0.0364280 0.0034934 0.0041931 0.0044372 
Ecab_FOXP2       0.0469819 0.0440234 0.0466532 0.0484729 0.0488875 0.0498695 0.0498695 0.0514925 0.0397758 0.0467731 0.0462760 0.0419120 0.0423714 0.0431923 0.0460859 0.0469941 0.0448926 0.0469941 0.0459856 0.0441114 0.0000000 0.0441114 0.0487541 0.0458458 0.0469462 0.0458458 0.0440281 0.0418222 0.0447685 0.0413554 0.0492050 0.0441687 0.0469351 0.0474482 0.0449109 0.0441748 0.0440281 0.0443781 0.0421608 0.0407397 0.0448976 0.0458458 0.0397757 0.0453889 0.0469737 0.0364762 0.0422147 0.0448976 0.0428168 0.0449508 0.0458539 0.0455101 0.0422147 0.0470213 0.0490498 0.0427671 0.0448976 0.0450551 0.0513792 0.0480845 0.0499609 0.0453482 0.0372070 0.0490498 0.0511659 0.0513220 0.0470213 0.0422411 0.0431844 0.0451826 0.0469351 0.0469351 0.0431923 0.0376782 0.0467974 0.0480771 0.0425250 0.0458378 0.0467974 0.0423739 0.0469462 0.0448715 0.0422147 
Egla13086_FOXP2  0.0042042 0.0035250 0.0040107 0.0051828 0.0041967 0.0049061 0.0049061 0.0071934 0.0000010 0.0031082 0.0036785 0.0329724 0.0025808 0.0021949 0.0044336 0.0034961 0.0029701 0.0034961 0.0056471 0.0000010 0.0441114 0.0000000 0.0052047 0.0027837 0.0034934 0.0027837 0.0027837 0.0258842 0.0034934 0.0021367 0.0056454 0.0041536 0.0034928 0.0061548 0.0040818 0.0029327 0.0027837 0.0029851 0.0026319 0.0028429 0.0034872 0.0041931 0.0010277 0.0037394 0.0042096 0.0024976 0.0029332 0.0034872 0.0026028 0.0049213 0.0041938 0.0035251 0.0029332 0.0049213 0.0049213 0.0367645 0.0034872 0.0034934 0.0395556 0.0068815 0.0070944 0.0036842 0.0027637 0.0049213 0.0063713 0.0063778 0.0049213 0.0036740 0.0036747 0.0055325 0.0034928 0.0034928 0.0021949 0.0078967 0.0034867 0.0042084 0.0047587 0.0041925 0.0034867 0.0364280 0.0034934 0.0041931 0.0044372 
Erob133443_FOXP2 0.0022055 0.0071659 0.0090614 0.0029469 0.0022013 0.0029414 0.0029414 0.0037657 0.0041688 0.0016437 0.0014642 0.0387336 0.0079651 0.0067474 0.0052147 0.0075359 0.0075783 0.0075359 0.0098988 0.0052047 0.0487541 0.0052047 0.0000000 0.0067474 0.0075297 0.0067474 0.0067474 0.0318377 0.0075297 0.0088047 0.0098947 0.0085193 0.0075283 0.0099786 0.0092099 0.0075136 0.0067474 0.0072755 0.0057279 0.0087999 0.0075148 0.0082843 0.0074484 0.0081028 0.0083206 0.0090191 0.0075148 0.0075148 0.0080393 0.0090971 0.0082857 0.0075711 0.0075148 0.0090971 0.0090971 0.0429799 0.0075148 0.0075297 0.0466175 0.0116233 0.0114834 0.0083055 0.0041723 0.0090971 0.0106925 0.0107058 0.0090971 0.0074433 0.0082829 0.0075981 0.0075283 0.0075283 0.0067474 0.0111848 0.0075136 0.0083183 0.0097685 0.0082829 0.0075136 0.0399741 0.0075297 0.0082843 0.0090950 
Fatt_FOXP2       0.0063698 0.0008716 0.0015881 0.0067188 0.0063581 0.0070790 0.0070790 0.0094425 0.0023276 0.0055007 0.0051922 0.0346191 0.0000010 0.0000010 0.0067132 0.0006915 0.0007355 0.0006915 0.0027930 0.0027837 0.0458458 0.0027837 0.0067474 0.0000000 0.0006910 0.0000010 0.0000010 0.0274981 0.0006910 0.0010606 0.0027923 0.0016434 0.0006909 0.0030415 0.0016172 0.0007266 0.0000010 0.0000010 0.0000010 0.0000010 0.0006898 0.0013823 0.0000010 0.0007385 0.0013876 0.0000010 0.0007267 0.0006898 0.0000010 0.0020857 0.0013825 0.0006970 0.0007267 0.0020857 0.0020857 0.0384383 0.0006898 0.0006910 0.0422753 0.0037784 0.0042106 0.0014599 0.0013700 0.0020857 0.0035015 0.0035047 0.0020857 0.0024309 0.0014562 0.0023425 0.0006909 0.0006909 0.0000010 0.0030958 0.0006897 0.0013872 0.0023564 0.0013821 0.0006897 0.0380919 0.0006910 0.0013823 0.0021978 
Ggri_FOXP2       0.0071065 0.0008716 0.0023929 0.0074975 0.0070933 0.0078186 0.0078186 0.0102098 0.0031170 0.0055007 0.0059593 0.0346205 0.0008545 0.0007280 0.0074913 0.0013885 0.0014771 0.0013885 0.0027927 0.0034934 0.0469462 0.0034934 0.0075297 0.0006910 0.0000000 0.0006910 0.0006910 0.0265892 0.0013874 0.0021356 0.0035043 0.0016434 0.0013872 0.0038184 0.0024362 0.0014591 0.0006910 0.0007400 0.0000010 0.0009416 0.0013850 0.0020816 0.0010271 0.0014851 0.0020897 0.0012480 0.0014594 0.0013850 0.0008625 0.0020854 0.0020819 0.0013996 0.0014594 0.0020854 0.0020854 0.0384408 0.0013850 0.0013874 0.0422790 0.0045538 0.0034954 0.0021989 0.0013700 0.0020854 0.0027905 0.0035043 0.0020854 0.0024304 0.0021934 0.0031373 0.0013872 0.0013872 0.0007280 0.0030958 0.0013848 0.0020891 0.0031558 0.0020813 0.0013848 0.0371027 0.0013874 0.0020816 0.0029426 
Gmac39091_FOXP2  0.0063698 0.0008716 0.0015881 0.0067188 0.0063581 0.0070790 0.0070790 0.0094425 0.0023276 0.0055007 0.0051922 0.0346191 0.0000010 0.0000010 0.0067132 0.0006915 0.0007355 0.0006915 0.0027930 0.0027837 0.0458458 0.0027837 0.0067474 0.0000010 0.0006910 0.0000000 0.0000010 0.0274981 0.0006910 0.0010606 0.0027923 0.0016434 0.0006909 0.0030415 0.0016172 0.0007266 0.0000010 0.0000010 0.0000010 0.0000010 0.0006898 0.0013823 0.0000010 0.0007385 0.0013876 0.0000010 0.0007267 0.0006898 0.0000010 0.0020857 0.0013825 0.0006970 0.0007267 0.0020857 0.0020857 0.0384383 0.0006898 0.0006910 0.0422753 0.0037784 0.0042106 0.0014599 0.0013700 0.0020857 0.0035015 0.0035047 0.0020857 0.0024309 0.0014562 0.0023425 0.0006909 0.0006909 0.0000010 0.0030958 0.0006897 0.0013872 0.0023564 0.0013821 0.0006897 0.0380919 0.0006910 0.0013823 0.0021978 
Gmel_FOXP2       0.0060407 0.0008716 0.0015881 0.0067188 0.0063581 0.0070790 0.0070790 0.0089433 0.0023276 0.0055007 0.0051922 0.0344624 0.0000010 0.0000010 0.0067132 0.0006915 0.0007355 0.0006915 0.0026506 0.0027837 0.0440281 0.0027837 0.0067474 0.0000010 0.0006910 0.0000010 0.0000000 0.0259197 0.0006910 0.0010606 0.0027923 0.0016434 0.0006909 0.0030415 0.0016172 0.0007266 0.0000010 0.0000010 0.0000010 0.0000010 0.0006898 0.0013823 0.0000010 0.0007385 0.0013876 0.0000010 0.0007267 0.0006898 0.0000010 0.0019805 0.0013825 0.0006970 0.0007267 0.0019805 0.0020857 0.0380924 0.0006898 0.0006559 0.0417364 0.0037784 0.0039949 0.0014599 0.0013700 0.0020857 0.0035015 0.0035047 0.0019805 0.0024309 0.0014562 0.0023425 0.0006909 0.0006909 0.0000010 0.0030958 0.0006897 0.0013872 0.0023564 0.0013821 0.0006897 0.0376617 0.0006910 0.0013121 0.0021978 
Hippo_FOXP2      0.0286364 0.0255060 0.0267763 0.0321612 0.0303407 0.0312108 0.0312108 0.0302942 0.0274063 0.0264159 0.0302346 0.0379790 0.0259644 0.0272492 0.0321306 0.0284475 0.0285581 0.0284475 0.0284699 0.0258842 0.0418222 0.0258842 0.0318377 0.0274981 0.0265892 0.0274981 0.0259197 0.0000000 0.0284218 0.0184594 0.0311507 0.0270207 0.0284159 0.0313110 0.0299965 0.0281415 0.0259197 0.0288301 0.0280270 0.0255192 0.0266520 0.0274981 0.0178796 0.0297496 0.0293647 0.0252559 0.0263606 0.0266520 0.0241769 0.0275930 0.0275027 0.0269842 0.0263606 0.0275930 0.0292874 0.0408042 0.0266520 0.0267820 0.0417749 0.0319847 0.0292396 0.0291396 0.0194030 0.0292874 0.0301669 0.0311715 0.0275930 0.0225256 0.0290377 0.0292202 0.0284159 0.0284159 0.0272492 0.0166032 0.0283476 0.0293588 0.0315568 0.0292005 0.0283476 0.0356753 0.0284218 0.0275215 0.0263606 
Hamp_FOXP2       0.0071065 0.0017518 0.0023929 0.0074975 0.0070933 0.0078186 0.0078186 0.0102098 0.0031170 0.0063153 0.0059593 0.0355982 0.0008545 0.0007280 0.0074913 0.0013885 0.0014771 0.0013885 0.0035053 0.0034934 0.0447685 0.0034934 0.0075297 0.0006910 0.0013874 0.0006910 0.0006910 0.0284218 0.0000000 0.0021356 0.0035043 0.0024779 0.0013872 0.0038184 0.0024362 0.0014591 0.0006910 0.0007400 0.0008745 0.0009416 0.0013850 0.0020816 0.0010271 0.0014851 0.0013875 0.0012480 0.0014594 0.0013850 0.0008625 0.0027930 0.0020819 0.0013996 0.0014594 0.0027930 0.0027930 0.0374412 0.0013850 0.0013874 0.0433258 0.0045538 0.0049322 0.0021989 0.0013700 0.0027930 0.0042186 0.0042226 0.0027930 0.0036718 0.0021934 0.0031373 0.0013872 0.0013872 0.0007280 0.0046865 0.0013848 0.0020891 0.0031558 0.0020813 0.0013848 0.0371027 0.0013874 0.0020816 0.0029426 
Igeo_FOXP2       0.0076778 0.0026775 0.0021356 0.0088031 0.0065393 0.0054306 0.0054306 0.0125524 0.0000010 0.0064592 0.0065393 0.0308707 0.0011774 0.0010606 0.0076446 0.0021381 0.0021381 0.0021381 0.0032239 0.0021367 0.0413554 0.0021367 0.0088047 0.0010606 0.0021356 0.0010606 0.0010606 0.0184594 0.0021356 0.0000000 0.0043053 0.0025346 0.0021350 0.0023780 0.0036718 0.0021293 0.0010606 0.0011774 0.0000010 0.0011774 0.0010606 0.0021293 0.0010606 0.0011774 0.0032239 0.0000010 0.0010606 0.0010606 0.0010606 0.0032239 0.0021298 0.0010606 0.0010606 0.0043123 0.0043123 0.0337517 0.0021298 0.0021356 0.0396008 0.0011834 0.0054074 0.0032159 0.0038581 0.0043123 0.0043117 0.0043123 0.0043123 0.0049283 0.0021293 0.0037161 0.0010606 0.0010606 0.0010606 0.0053104 0.0021293 0.0021350 0.0023629 0.0021293 0.0021293 0.0357486 0.0021356 0.0021293 0.0021356 
Kbre_FOXP2       0.0093328 0.0026461 0.0040126 0.0098517 0.0093149 0.0100522 0.0100522 0.0125207 0.0055150 0.0071498 0.0082816 0.0376070 0.0017115 0.0029424 0.0098435 0.0035070 0.0037331 0.0035070 0.0056651 0.0056454 0.0492050 0.0056454 0.0098947 0.0027923 0.0035043 0.0027923 0.0027923 0.0311507 0.0035043 0.0043053 0.0000000 0.0000010 0.0035037 0.0053760 0.0040838 0.0036868 0.0027923 0.0022350 0.0017612 0.0028446 0.0034981 0.0042063 0.0031063 0.0029864 0.0042229 0.0024976 0.0036864 0.0034981 0.0034940 0.0049369 0.0042069 0.0035362 0.0036864 0.0049369 0.0049369 0.0415404 0.0034981 0.0035043 0.0463675 0.0061061 0.0042130 0.0044452 0.0027661 0.0049369 0.0035035 0.0063983 0.0049369 0.0048990 0.0044337 0.0055522 0.0035037 0.0035037 0.0029424 0.0030958 0.0034975 0.0042217 0.0047610 0.0042056 0.0034975 0.0409317 0.0035043 0.0042063 0.0052053 
Ksim_FOXP2       0.0076110 0.0026461 0.0027191 0.0084781 0.0075941 0.0084590 0.0084590 0.0104393 0.0037884 0.0067321 0.0067321 0.0328121 0.0000010 0.0016434 0.0084701 0.0024802 0.0025070 0.0024802 0.0041592 0.0041536 0.0441687 0.0041536 0.0085193 0.0016434 0.0016434 0.0016434 0.0016434 0.0270207 0.0024779 0.0025346 0.0000010 0.0000000 0.0024774 0.0036557 0.0027685 0.0024723 0.0016434 0.0008880 0.0018829 0.0010933 0.0024728 0.0033052 0.0012109 0.0017806 0.0024789 0.0000010 0.0024728 0.0024728 0.0019904 0.0033115 0.0024728 0.0025046 0.0024728 0.0033115 0.0033115 0.0372604 0.0016434 0.0024779 0.0415593 0.0054853 0.0033038 0.0024728 0.0027661 0.0033115 0.0024717 0.0050142 0.0033115 0.0014710 0.0033046 0.0047868 0.0024774 0.0024774 0.0016434 0.0030958 0.0024723 0.0033193 0.0035799 0.0033046 0.0024723 0.0339079 0.0024779 0.0033052 0.0041599 
Laus_FOXP2       0.0071052 0.0008716 0.0023924 0.0074961 0.0070920 0.0078173 0.0078173 0.0102080 0.0031164 0.0063141 0.0059582 0.0355905 0.0008543 0.0007279 0.0074899 0.0013882 0.0014768 0.0013882 0.0035047 0.0034928 0.0469351 0.0034928 0.0075283 0.0006909 0.0013872 0.0006909 0.0006909 0.0284159 0.0013872 0.0021350 0.0035037 0.0024774 0.0000000 0.0038177 0.0024367 0.0014589 0.0006909 0.0007399 0.0008744 0.0009414 0.0013847 0.0020813 0.0010269 0.0014848 0.0020893 0.0012476 0.0014591 0.0013847 0.0008624 0.0027926 0.0020816 0.0013994 0.0014591 0.0027926 0.0027926 0.0394458 0.0013847 0.0013872 0.0433159 0.0045530 0.0049313 0.0021986 0.0013700 0.0027926 0.0042179 0.0042219 0.0027926 0.0024309 0.0021930 0.0023425 0.0013869 0.0013869 0.0007279 0.0030958 0.0013845 0.0020888 0.0031552 0.0020810 0.0013845 0.0390913 0.0013872 0.0020813 0.0029421 
Lbor_FOXP2       0.0101904 0.0029292 0.0044151 0.0099566 0.0101689 0.0109756 0.0109756 0.0136991 0.0060764 0.0087442 0.0090835 0.0339595 0.0026290 0.0032213 0.0108021 0.0038216 0.0032579 0.0038216 0.0061784 0.0061548 0.0474482 0.0061548 0.0099786 0.0030415 0.0038184 0.0030415 0.0030415 0.0313110 0.0038184 0.0023780 0.0053760 0.0036557 0.0038177 0.0000000 0.0050103 0.0040361 0.0030415 0.0030415 0.0029405 0.0038277 0.0038110 0.0045833 0.0022937 0.0038103 0.0046030 0.0038093 0.0040368 0.0038110 0.0038277 0.0053823 0.0045841 0.0030714 0.0040368 0.0053823 0.0053823 0.0380349 0.0038110 0.0030415 0.0468564 0.0054091 0.0077655 0.0048685 0.0016060 0.0053823 0.0069725 0.0069804 0.0053823 0.0037494 0.0048546 0.0052209 0.0038177 0.0038177 0.0032213 0.0046848 0.0038103 0.0038187 0.0048546 0.0045825 0.0038103 0.0389197 0.0030415 0.0045833 0.0032147 
Lhos30470_FOXP2  0.0083150 0.0029765 0.0035667 0.0083150 0.0082968 0.0091458 0.0091458 0.0119799 0.0037147 0.0075147 0.0074499 0.0311224 0.0017704 0.0016172 0.0091577 0.0024384 0.0024652 0.0024384 0.0049281 0.0040818 0.0449109 0.0040818 0.0092099 0.0016172 0.0024362 0.0016172 0.0016172 0.0299965 0.0024362 0.0036718 0.0040838 0.0027685 0.0024367 0.0050103 0.0000000 0.0008069 0.0016172 0.0016172 0.0021370 0.0019332 0.0024322 0.0032495 0.0023444 0.0024318 0.0032642 0.0025832 0.0024322 0.0024322 0.0019332 0.0040888 0.0032501 0.0024629 0.0024322 0.0040888 0.0040888 0.0364566 0.0024322 0.0016172 0.0444535 0.0058045 0.0066054 0.0032581 0.0015946 0.0040888 0.0057670 0.0057738 0.0040888 0.0037160 0.0016170 0.0018165 0.0024367 0.0024367 0.0016172 0.0015403 0.0008069 0.0024363 0.0024313 0.0016170 0.0008069 0.0351454 0.0016172 0.0016172 0.0032562 
Lhos452_FOXP2    0.0067188 0.0017477 0.0023876 0.0074815 0.0067057 0.0074668 0.0074668 0.0099726 0.0024681 0.0058375 0.0059468 0.0347229 0.0008524 0.0007266 0.0074753 0.0014603 0.0014741 0.0014603 0.0036869 0.0029327 0.0441748 0.0029327 0.0075136 0.0007266 0.0014591 0.0007266 0.0007266 0.0281415 0.0014591 0.0021293 0.0036868 0.0024723 0.0014589 0.0040361 0.0008069 0.0000000 0.0007266 0.0007812 0.0009313 0.0009392 0.0014565 0.0021893 0.0010243 0.0015674 0.0021982 0.0012438 0.0014565 0.0014565 0.0008605 0.0029372 0.0021897 0.0014727 0.0014565 0.0029372 0.0029372 0.0387405 0.0014565 0.0014591 0.0427826 0.0048117 0.0051903 0.0021945 0.0013700 0.0029372 0.0044390 0.0044434 0.0029372 0.0036593 0.0007265 0.0016523 0.0014589 0.0014589 0.0007266 0.0015403 0.0000010 0.0021976 0.0015671 0.0007265 0.0000010 0.0373478 0.0014591 0.0007266 0.0029366 
Lobl_FOXP2       0.0060407 0.0008716 0.0015881 0.0067188 0.0063581 0.0070790 0.0070790 0.0089433 0.0023276 0.0055007 0.0051922 0.0344624 0.0000010 0.0000010 0.0067132 0.0006915 0.0007355 0.0006915 0.0026506 0.0027837 0.0440281 0.0027837 0.0067474 0.0000010 0.0006910 0.0000010 0.0000010 0.0259197 0.0006910 0.0010606 0.0027923 0.0016434 0.0006909 0.0030415 0.0016172 0.0007266 0.0000000 0.0000010 0.0000010 0.0000010 0.0006898 0.0013823 0.0000010 0.0007385 0.0013876 0.0000010 0.0007267 0.0006898 0.0000010 0.0019805 0.0013825 0.0006970 0.0007267 0.0019805 0.0020857 0.0380924 0.0006898 0.0006559 0.0417364 0.0037784 0.0039949 0.0014599 0.0013700 0.0020857 0.0035015 0.0035047 0.0019805 0.0024309 0.0014562 0.0023425 0.0006909 0.0006909 0.0000010 0.0030958 0.0006897 0.0013872 0.0023564 0.0013821 0.0006897 0.0376617 0.0006910 0.0013121 0.0021978 
Lobs_FOXP2       0.0068384 0.0009521 0.0017149 0.0064226 0.0068249 0.0075997 0.0075997 0.0101539 0.0025169 0.0059540 0.0055942 0.0294411 0.0000010 0.0000010 0.0072357 0.0007406 0.0007913 0.0007406 0.0029959 0.0029851 0.0443781 0.0029851 0.0072755 0.0000010 0.0007400 0.0000010 0.0000010 0.0288301 0.0007400 0.0011774 0.0022350 0.0008880 0.0007399 0.0030415 0.0016172 0.0007812 0.0000010 0.0000000 0.0000010 0.0000010 0.0007386 0.0014823 0.0000010 0.0007385 0.0014884 0.0000010 0.0007813 0.0007386 0.0000010 0.0022374 0.0014826 0.0007481 0.0007813 0.0022374 0.0022374 0.0343239 0.0007386 0.0000010 0.0416132 0.0037784 0.0045179 0.0015716 0.0015700 0.0022374 0.0037565 0.0037602 0.0022374 0.0024309 0.0015674 0.0025339 0.0007399 0.0007399 0.0000010 0.0030958 0.0007385 0.0007401 0.0023564 0.0014821 0.0007385 0.0341327 0.0000010 0.0014823 0.0015707 
Lvex_FOXP2       0.0053416 0.0000010 0.0010400 0.0057150 0.0053293 0.0053293 0.0053293 0.0082586 0.0026319 0.0044288 0.0037789 0.0362581 0.0000010 0.0000010 0.0037797 0.0008754 0.0009440 0.0008754 0.0017536 0.0026319 0.0421608 0.0026319 0.0057279 0.0000010 0.0000010 0.0000010 0.0000010 0.0280270 0.0008745 0.0000010 0.0017612 0.0018829 0.0008744 0.0029405 0.0021370 0.0009313 0.0000010 0.0000010 0.0000000 0.0000010 0.0008726 0.0017497 0.0000010 0.0009531 0.0008749 0.0000010 0.0009315 0.0008726 0.0000010 0.0008725 0.0008726 0.0008819 0.0009315 0.0017532 0.0017532 0.0399552 0.0000010 0.0008745 0.0373995 0.0039102 0.0035381 0.0009315 0.0017278 0.0017532 0.0026465 0.0035411 0.0017532 0.0018907 0.0018695 0.0030591 0.0008744 0.0008744 0.0000010 0.0040195 0.0008725 0.0017576 0.0030929 0.0017494 0.0008725 0.0354178 0.0008745 0.0017497 0.0028264 
Mbid_FOXP2       0.0077570 0.0011919 0.0010436 0.0077570 0.0077373 0.0087285 0.0087285 0.0120467 0.0022047 0.0067144 0.0067500 0.0240569 0.0000010 0.0000010 0.0077274 0.0009426 0.0009542 0.0009426 0.0028560 0.0028429 0.0407397 0.0028429 0.0087999 0.0000010 0.0009416 0.0000010 0.0000010 0.0255192 0.0009416 0.0011774 0.0028446 0.0010933 0.0009414 0.0038277 0.0019332 0.0009392 0.0000010 0.0000010 0.0000010 0.0000000 0.0000010 0.0009392 0.0000010 0.0000010 0.0018938 0.0000010 0.0000010 0.0000010 0.0000010 0.0018938 0.0009394 0.0000010 0.0000010 0.0028485 0.0028485 0.0288475 0.0009394 0.0000010 0.0377596 0.0028653 0.0057669 0.0018897 0.0023337 0.0028485 0.0047920 0.0038186 0.0028485 0.0032697 0.0018836 0.0033482 0.0000010 0.0000010 0.0000010 0.0030958 0.0009392 0.0009417 0.0018836 0.0018836 0.0009392 0.0285291 0.0000010 0.0009392 0.0009414 
Mbow_FOXP2       0.0070933 0.0017480 0.0023880 0.0074827 0.0070801 0.0078040 0.0078040 0.0101899 0.0031109 0.0063023 0.0059478 0.0337427 0.0008526 0.0007267 0.0074765 0.0013860 0.0014743 0.0013860 0.0034990 0.0034872 0.0448976 0.0034872 0.0075148 0.0006898 0.0013850 0.0006898 0.0006898 0.0266520 0.0013850 0.0010606 0.0034981 0.0024728 0.0013847 0.0038110 0.0024322 0.0014565 0.0006898 0.0007386 0.0008726 0.0000010 0.0000000 0.0006898 0.0000010 0.0014823 0.0020860 0.0000010 0.0000010 0.0000010 0.0000010 0.0027881 0.0006899 0.0000010 0.0000010 0.0027881 0.0027881 0.0375391 0.0013825 0.0013850 0.0413586 0.0045450 0.0049232 0.0021949 0.0027521 0.0027881 0.0042110 0.0042150 0.0027881 0.0036603 0.0021893 0.0031311 0.0013847 0.0013847 0.0007267 0.0030958 0.0013823 0.0020854 0.0031495 0.0020776 0.0013823 0.0371998 0.0013850 0.0020779 0.0014621 
Mcar_FOXP2       0.0078186 0.0026288 0.0031914 0.0082488 0.0078040 0.0085308 0.0085308 0.0094425 0.0038972 0.0071066 0.0067057 0.0346191 0.0017112 0.0014565 0.0082420 0.0020832 0.0022162 0.0020832 0.0042075 0.0041931 0.0458458 0.0041931 0.0082843 0.0013823 0.0020816 0.0013823 0.0013823 0.0274981 0.0020816 0.0021293 0.0042063 0.0033052 0.0020813 0.0045833 0.0032495 0.0021893 0.0013823 0.0014823 0.0017497 0.0009392 0.0006898 0.0000000 0.0010243 0.0022283 0.0027881 0.0012438 0.0007267 0.0006898 0.0008605 0.0034923 0.0013825 0.0006970 0.0007267 0.0034923 0.0034923 0.0384383 0.0020779 0.0020816 0.0422753 0.0053142 0.0056381 0.0029327 0.0027521 0.0034923 0.0049229 0.0049277 0.0034923 0.0036603 0.0029252 0.0031311 0.0020813 0.0020813 0.0014565 0.0030958 0.0020776 0.0027873 0.0039457 0.0027770 0.0020776 0.0380919 0.0020816 0.0027774 0.0021978 
Mden_FOXP2       0.0063260 0.0013333 0.0010271 0.0074034 0.0052397 0.0063072 0.0063072 0.0109581 0.0000010 0.0049327 0.0052397 0.0309234 0.0000010 0.0000010 0.0062999 0.0010283 0.0010420 0.0010283 0.0020669 0.0010277 0.0397757 0.0010277 0.0074484 0.0000010 0.0010271 0.0000010 0.0000010 0.0178796 0.0010271 0.0010606 0.0031063 0.0012109 0.0010269 0.0022937 0.0023444 0.0010243 0.0000010 0.0000010 0.0000010 0.0000010 0.0000010 0.0010243 0.0000000 0.0000010 0.0020669 0.0000010 0.0000010 0.0000010 0.0000010 0.0020669 0.0010245 0.0000010 0.0000010 0.0031110 0.0031110 0.0336962 0.0010245 0.0010271 0.0406851 0.0022842 0.0052181 0.0020620 0.0019178 0.0031110 0.0041613 0.0031110 0.0031110 0.0032697 0.0010243 0.0024684 0.0000010 0.0000010 0.0000010 0.0035210 0.0010243 0.0020661 0.0011324 0.0010243 0.0010243 0.0330178 0.0010271 0.0010243 0.0010271 
Meur_FOXP2       0.0076149 0.0019095 0.0025788 0.0072422 0.0075997 0.0083778 0.0083778 0.0109570 0.0033639 0.0068215 0.0064081 0.0303472 0.0008524 0.0007812 0.0080583 0.0014863 0.0015882 0.0014863 0.0037531 0.0037394 0.0453889 0.0037394 0.0081028 0.0007385 0.0014851 0.0007385 0.0007385 0.0297496 0.0014851 0.0011774 0.0029864 0.0017806 0.0014848 0.0038103 0.0024318 0.0015674 0.0007385 0.0007385 0.0009531 0.0000010 0.0014823 0.0022283 0.0000010 0.0000000 0.0022374 0.0000010 0.0015676 0.0014823 0.0000010 0.0029897 0.0022286 0.0014994 0.0015676 0.0029897 0.0029897 0.0352586 0.0014823 0.0007385 0.0425926 0.0045442 0.0052824 0.0023627 0.0031555 0.0029897 0.0045176 0.0045222 0.0029897 0.0036593 0.0023564 0.0033867 0.0014848 0.0014848 0.0007812 0.0030958 0.0014821 0.0014852 0.0031489 0.0022279 0.0014821 0.0350661 0.0007385 0.0022283 0.0023614 
Mgin_FOXP2       0.0078508 0.0017526 0.0032057 0.0082848 0.0078361 0.0085662 0.0085662 0.0109859 0.0039143 0.0063178 0.0067344 0.0366014 0.0017193 0.0014623 0.0082779 0.0020913 0.0022254 0.0020913 0.0042241 0.0042096 0.0469737 0.0042096 0.0083206 0.0013876 0.0020897 0.0013876 0.0013876 0.0293647 0.0013875 0.0032239 0.0042229 0.0024789 0.0020893 0.0046030 0.0032642 0.0021982 0.0013876 0.0014884 0.0008749 0.0018938 0.0020860 0.0027881 0.0020669 0.0022374 0.0000000 0.0025143 0.0021986 0.0020860 0.0017339 0.0035059 0.0027885 0.0021094 0.0021986 0.0035059 0.0035059 0.0394730 0.0020860 0.0020897 0.0444074 0.0053371 0.0056607 0.0029448 0.0013700 0.0035059 0.0049425 0.0049473 0.0035059 0.0049319 0.0029372 0.0039401 0.0020893 0.0020893 0.0014623 0.0046902 0.0020857 0.0027981 0.0039632 0.0027877 0.0020857 0.0391179 0.0020897 0.0027881 0.0036945 
MgraAUS_FOXP2    0.0076786 0.0000010 0.0000010 0.0076786 0.0063530 0.0063530 0.0063530 0.0133895 0.0024976 0.0062156 0.0063530 0.0280585 0.0000010 0.0000010 0.0050480 0.0012497 0.0012648 0.0012497 0.0025150 0.0024976 0.0364762 0.0024976 0.0090191 0.0000010 0.0012480 0.0000010 0.0000010 0.0252559 0.0012480 0.0000010 0.0024976 0.0000010 0.0012476 0.0038093 0.0025832 0.0012438 0.0000010 0.0000010 0.0000010 0.0000010 0.0000010 0.0012438 0.0000010 0.0000010 0.0025143 0.0000000 0.0000010 0.0000010 0.0000010 0.0012487 0.0012441 0.0000010 0.0000010 0.0037851 0.0037851 0.0315170 0.0012441 0.0000010 0.0348460 0.0025185 0.0050481 0.0025071 0.0036022 0.0037851 0.0050481 0.0037851 0.0037851 0.0043397 0.0012438 0.0031042 0.0000010 0.0000010 0.0000010 0.0040195 0.0012438 0.0012481 0.0012438 0.0012438 0.0012438 0.0261707 0.0000010 0.0012438 0.0012476 
Mhec_FOXP2       0.0067199 0.0017480 0.0023880 0.0074827 0.0067068 0.0074680 0.0074680 0.0099742 0.0024685 0.0058385 0.0059478 0.0328838 0.0008526 0.0007267 0.0074765 0.0014606 0.0014743 0.0014606 0.0036875 0.0029332 0.0422147 0.0029332 0.0075148 0.0007267 0.0014594 0.0007267 0.0007267 0.0263606 0.0014594 0.0010606 0.0036864 0.0024728 0.0014591 0.0040368 0.0024322 0.0014565 0.0007267 0.0007813 0.0009315 0.0000010 0.0000010 0.0007267 0.0000010 0.0015676 0.0021986 0.0000010 0.0000000 0.0000010 0.0000010 0.0029377 0.0007268 0.0000010 0.0000010 0.0029377 0.0029377 0.0368540 0.0014567 0.0014594 0.0408546 0.0048125 0.0051912 0.0021949 0.0027521 0.0029377 0.0044397 0.0044441 0.0029377 0.0036603 0.0021893 0.0033220 0.0014591 0.0014591 0.0007267 0.0030958 0.0014565 0.0021979 0.0031495 0.0021893 0.0014565 0.0354872 0.0014594 0.0021897 0.0014621 
