90
Bacu_MYO7A         0.0000000 0.0183372 0.0363581 0.0043816 0.0063189 0.0064215 0.0070650 0.0072842 0.0083437 0.0044250 0.0044214 0.0583559 0.0125598 0.0222890 0.0539760 0.0086643 0.0241474 0.0228363 0.0231611 0.0221456 0.0206041 0.0092992 0.0660079 0.0092017 0.0101345 0.0082041 0.0200171 0.0206474 0.0203036 0.0219267 0.0176608 0.0442132 0.0430986 0.0205138 0.0161797 0.0197603 0.0205893 0.0207121 0.0181637 0.0211373 0.0220774 0.0230808 0.0198191 0.0233324 0.0203184 0.0185961 0.0198422 0.0204736 0.0502654 0.0157943 0.0160755 0.0179074 0.0151841 0.0179311 0.0208898 0.0177829 0.0199974 0.0150652 0.0269003 0.0206562 0.0548101 0.0210864 0.0193118 0.0235277 0.0190821 0.0206642 0.0173432 0.0175149 0.0153118 0.0159789 0.0168517 0.0164353 0.0172362 0.0245301 0.0192527 0.0205821 0.0201162 0.0224897 0.0225339 0.0225292 0.0230064 0.0196619 0.0211703 0.0209192 0.0222018 0.0531404 0.0226824 0.0220164 0.0217959 0.0168894 
Barn_MYO7A         0.0183372 0.0000000 0.0017847 0.0179360 0.0167751 0.0184435 0.0183971 0.0198543 0.0164197 0.0156907 0.0164191 0.0568913 0.0095757 0.0111636 0.0540219 0.0199924 0.0138771 0.0138538 0.0129062 0.0126641 0.0133838 0.0153634 0.0778659 0.0158258 0.0166982 0.0180602 0.0128946 0.0140192 0.0129889 0.0133914 0.0086142 0.0542360 0.0183532 0.0187097 0.0182561 0.0116648 0.0134990 0.0119912 0.0116231 0.0133796 0.0133817 0.0166314 0.0106656 0.0124740 0.0182158 0.0072440 0.0086855 0.0076975 0.0420868 0.0057289 0.0066604 0.0063181 0.0057254 0.0079416 0.0163202 0.0059088 0.0082113 0.0063202 0.0109896 0.0161558 0.0492445 0.0124313 0.0110106 0.0138660 0.0172815 0.0135072 0.0105220 0.0124719 0.0170265 0.0196280 0.0105220 0.0107337 0.0105220 0.0147641 0.0141926 0.0138510 0.0138510 0.0126641 0.0143367 0.0138538 0.0129389 0.0129062 0.0121651 0.0132863 0.0133843 0.0593810 0.0122401 0.0123811 0.0159053 0.0057257 
Bbai76728_MYO7A    0.0363581 0.0017847 0.0000000 0.0333037 0.0363951 0.0367046 0.0358555 0.0367475 0.0354685 0.0349548 0.0204262 0.0821926 0.0078838 0.0242686 0.0784518 0.0407499 0.0326348 0.0361870 0.0182574 0.0322688 0.0339795 0.0145895 0.0996623 0.0313427 0.0358383 0.0388372 0.0336927 0.0352299 0.0347876 0.0346349 0.0258586 0.0716283 0.0381304 0.0334614 0.0194528 0.0387037 0.0354421 0.0185158 0.0160286 0.0339511 0.0349948 0.0414303 0.0302295 0.0196589 0.0386636 0.0137843 0.0156205 0.0120208 0.0339062 0.0089121 0.0261646 0.0067645 0.0056773 0.0116664 0.0353987 0.0115457 0.0112123 0.0225080 0.0439535 0.0358933 0.0766219 0.0332987 0.0323977 0.0359802 0.0330190 0.0355766 0.0132049 0.0346737 0.0214286 0.0421064 0.0159966 0.0122448 0.0308807 0.0380587 0.0146853 0.0335079 0.0215714 0.0339397 0.0345550 0.0362643 0.0337742 0.0342837 0.0311940 0.0331167 0.0342128 0.0775499 0.0339246 0.0137715 0.0402870 0.0065141 
BbonAUS_MYO7A      0.0043816 0.0179360 0.0333037 0.0000000 0.0073218 0.0078906 0.0066854 0.0075965 0.0090898 0.0043900 0.0059469 0.0580472 0.0130495 0.0192120 0.0542939 0.0107166 0.0200311 0.0218515 0.0203417 0.0196248 0.0190020 0.0083881 0.0684355 0.0086931 0.0095874 0.0078810 0.0167942 0.0194256 0.0184718 0.0196283 0.0171120 0.0472190 0.0379823 0.0205926 0.0166308 0.0187192 0.0191998 0.0181169 0.0169241 0.0191084 0.0210160 0.0234477 0.0171620 0.0198331 0.0189900 0.0189851 0.0183243 0.0175602 0.0459243 0.0149503 0.0154556 0.0173374 0.0143429 0.0165464 0.0199571 0.0164269 0.0176059 0.0165973 0.0267572 0.0181139 0.0534765 0.0190302 0.0185768 0.0217935 0.0173672 0.0193447 0.0141763 0.0180535 0.0162243 0.0178850 0.0150905 0.0137318 0.0156186 0.0222068 0.0192059 0.0177113 0.0184864 0.0194197 0.0199377 0.0213954 0.0200382 0.0193422 0.0179223 0.0185262 0.0183290 0.0525334 0.0190132 0.0223259 0.0214006 0.0152109 
Bbor_MYO7A         0.0063189 0.0167751 0.0363951 0.0073218 0.0000000 0.0016096 0.0028802 0.0052212 0.0075396 0.0032659 0.0041294 0.0538498 0.0114605 0.0201598 0.0513047 0.0079718 0.0231901 0.0213926 0.0208636 0.0211268 0.0211971 0.0081282 0.0703755 0.0077742 0.0089947 0.0050075 0.0190666 0.0191937 0.0192046 0.0203748 0.0165019 0.0461726 0.0404368 0.0211837 0.0159299 0.0186582 0.0192827 0.0195487 0.0168287 0.0196127 0.0200804 0.0230442 0.0188888 0.0219376 0.0183030 0.0179048 0.0187917 0.0206375 0.0490374 0.0154802 0.0155782 0.0164021 0.0152236 0.0168695 0.0212423 0.0174765 0.0192467 0.0144699 0.0276789 0.0206414 0.0505652 0.0203185 0.0181436 0.0201098 0.0160601 0.0199873 0.0163809 0.0161728 0.0134583 0.0191385 0.0165536 0.0171538 0.0165606 0.0215595 0.0183707 0.0192472 0.0198028 0.0202776 0.0208611 0.0205401 0.0210156 0.0183477 0.0197630 0.0200349 0.0210745 0.0507407 0.0208453 0.0210261 0.0211467 0.0161337 
Bede66737_MYO7A    0.0064215 0.0184435 0.0367046 0.0078906 0.0016096 0.0000000 0.0015871 0.0053938 0.0074627 0.0035637 0.0042148 0.0549501 0.0141605 0.0217321 0.0522481 0.0082752 0.0248011 0.0226790 0.0220655 0.0223588 0.0206461 0.0089219 0.0674648 0.0082527 0.0094612 0.0053535 0.0192934 0.0201730 0.0201395 0.0212114 0.0177734 0.0469986 0.0427884 0.0198835 0.0167304 0.0195427 0.0197585 0.0208178 0.0187055 0.0206091 0.0211725 0.0247244 0.0194795 0.0226835 0.0192664 0.0190095 0.0209015 0.0214383 0.0491869 0.0163239 0.0162463 0.0176518 0.0165565 0.0185279 0.0209611 0.0185197 0.0203727 0.0155799 0.0272599 0.0201177 0.0518565 0.0208977 0.0187997 0.0220676 0.0184498 0.0212822 0.0178299 0.0176981 0.0137921 0.0179669 0.0176433 0.0178666 0.0170969 0.0233901 0.0206103 0.0203942 0.0207832 0.0213083 0.0223330 0.0216381 0.0218603 0.0196701 0.0209075 0.0212587 0.0221656 0.0511066 0.0224341 0.0215768 0.0224478 0.0174340 
BedeAUS_MYO7A      0.0070650 0.0183971 0.0358555 0.0066854 0.0028802 0.0015871 0.0000000 0.0064808 0.0087811 0.0048598 0.0051349 0.0580742 0.0141226 0.0209851 0.0542435 0.0094751 0.0232838 0.0238737 0.0234482 0.0235239 0.0215569 0.0089051 0.0712299 0.0085319 0.0099909 0.0056514 0.0193552 0.0210698 0.0212785 0.0221411 0.0184128 0.0492969 0.0427382 0.0196762 0.0167149 0.0211086 0.0207974 0.0201059 0.0186641 0.0209272 0.0229304 0.0253169 0.0198077 0.0230758 0.0203708 0.0189928 0.0207309 0.0207093 0.0490613 0.0163103 0.0166973 0.0176186 0.0165249 0.0184822 0.0224753 0.0188519 0.0203331 0.0167792 0.0289138 0.0206237 0.0544785 0.0202222 0.0177382 0.0230474 0.0189085 0.0220618 0.0181603 0.0181883 0.0142266 0.0191030 0.0179644 0.0182665 0.0183624 0.0247854 0.0205640 0.0205974 0.0211117 0.0221345 0.0216681 0.0232029 0.0211939 0.0196540 0.0206291 0.0215937 0.0209447 0.0512400 0.0223722 0.0224086 0.0229132 0.0174175 
Bmus_MYO7A         0.0072842 0.0198543 0.0367475 0.0075965 0.0052212 0.0053938 0.0064808 0.0000000 0.0086131 0.0056060 0.0064913 0.0596040 0.0151468 0.0237245 0.0572889 0.0104980 0.0258987 0.0240093 0.0237851 0.0238995 0.0183050 0.0105332 0.0668364 0.0104200 0.0113172 0.0062433 0.0217953 0.0219859 0.0207161 0.0195223 0.0187819 0.0414275 0.0428538 0.0215968 0.0173375 0.0214316 0.0222475 0.0227816 0.0181677 0.0225326 0.0226810 0.0262191 0.0216428 0.0256326 0.0198590 0.0189276 0.0209809 0.0226676 0.0493926 0.0172480 0.0177568 0.0190362 0.0183641 0.0165216 0.0192161 0.0197844 0.0206928 0.0158248 0.0238309 0.0202883 0.0577155 0.0230181 0.0201906 0.0211194 0.0199945 0.0230344 0.0183308 0.0187677 0.0150855 0.0186432 0.0187475 0.0178295 0.0154272 0.0253836 0.0213747 0.0222425 0.0227561 0.0234841 0.0241075 0.0226143 0.0242731 0.0202709 0.0223249 0.0235742 0.0230905 0.0548108 0.0242336 0.0231049 0.0237568 0.0192582 
Bmys_MYO7A         0.0083437 0.0164197 0.0354685 0.0090898 0.0075396 0.0074627 0.0087811 0.0086131 0.0000000 0.0065411 0.0073388 0.0558791 0.0120369 0.0196934 0.0547285 0.0090002 0.0229056 0.0209895 0.0215034 0.0199353 0.0199096 0.0015317 0.0681994 0.0016788 0.0029031 0.0092426 0.0182548 0.0191836 0.0188906 0.0207424 0.0164182 0.0435174 0.0425493 0.0191438 0.0154331 0.0175931 0.0184348 0.0199072 0.0163491 0.0196430 0.0202650 0.0216072 0.0178176 0.0224682 0.0177307 0.0164143 0.0175580 0.0199028 0.0496142 0.0136053 0.0150556 0.0160971 0.0136708 0.0153186 0.0207584 0.0166830 0.0168254 0.0138437 0.0261465 0.0185078 0.0537247 0.0193348 0.0169750 0.0218607 0.0175212 0.0198302 0.0170898 0.0158262 0.0139551 0.0152799 0.0165857 0.0161375 0.0161504 0.0210342 0.0180750 0.0194455 0.0187992 0.0197181 0.0211739 0.0199373 0.0216585 0.0176715 0.0192187 0.0184639 0.0203426 0.0506580 0.0214008 0.0212339 0.0208211 0.0158395 
Bphy_MYO7A         0.0044250 0.0156907 0.0349548 0.0043900 0.0032659 0.0035637 0.0048598 0.0056060 0.0065411 0.0000000 0.0002910 0.0564667 0.0103217 0.0195879 0.0533432 0.0068957 0.0217609 0.0208405 0.0206500 0.0201259 0.0187950 0.0074096 0.0659342 0.0069286 0.0078340 0.0056375 0.0170731 0.0181997 0.0182544 0.0201032 0.0150363 0.0438684 0.0398518 0.0186805 0.0150664 0.0179492 0.0180826 0.0187823 0.0158669 0.0186183 0.0201545 0.0214062 0.0175308 0.0213882 0.0180078 0.0164081 0.0172441 0.0187508 0.0469856 0.0140628 0.0141238 0.0159775 0.0144008 0.0148140 0.0190757 0.0160792 0.0179948 0.0134799 0.0252476 0.0189959 0.0547712 0.0183357 0.0166814 0.0216869 0.0163735 0.0190490 0.0150613 0.0156019 0.0129917 0.0149008 0.0149543 0.0151221 0.0154620 0.0220803 0.0173839 0.0181318 0.0183435 0.0192932 0.0200844 0.0204116 0.0205352 0.0172751 0.0184545 0.0190987 0.0196673 0.0509782 0.0200409 0.0199886 0.0209449 0.0149081 
Bphy_baits_MYO7A   0.0044214 0.0164191 0.0204262 0.0059469 0.0041294 0.0042148 0.0051349 0.0064913 0.0073388 0.0002910 0.0000000 0.0553638 0.0115183 0.0165263 0.0521780 0.0080660 0.0193964 0.0180055 0.0188562 0.0167356 0.0179482 0.0078126 0.0681802 0.0073254 0.0083503 0.0059068 0.0149284 0.0167404 0.0160065 0.0170249 0.0156658 0.0465143 0.0408905 0.0159240 0.0152180 0.0158760 0.0159818 0.0167035 0.0153074 0.0165399 0.0170375 0.0203245 0.0163884 0.0179750 0.0179249 0.0159488 0.0174768 0.0191620 0.0454807 0.0136847 0.0138760 0.0165116 0.0139812 0.0147279 0.0189114 0.0149996 0.0178337 0.0144330 0.0263853 0.0183853 0.0510203 0.0159551 0.0157920 0.0173569 0.0169024 0.0175607 0.0145467 0.0146622 0.0138000 0.0172802 0.0147198 0.0140962 0.0145426 0.0184304 0.0179211 0.0161918 0.0172511 0.0159102 0.0179097 0.0178921 0.0170160 0.0163018 0.0163715 0.0168994 0.0180062 0.0508579 0.0171947 0.0198267 0.0182521 0.0145689 
Btau_MYO7A         0.0583559 0.0568913 0.0821926 0.0580472 0.0538498 0.0549501 0.0580742 0.0596040 0.0558791 0.0564667 0.0553638 0.0000000 0.0556604 0.0635023 0.0243875 0.0560151 0.0668887 0.0635342 0.0647494 0.0647103 0.0634856 0.0541426 0.0819781 0.0566217 0.0533946 0.0602500 0.0616818 0.0623159 0.0606855 0.0636494 0.0580917 0.0625828 0.0893382 0.0642614 0.0570409 0.0627457 0.0602871 0.0634299 0.0580454 0.0621550 0.0641986 0.0679823 0.0625155 0.0638724 0.0653243 0.0609971 0.0630346 0.0627626 0.1040261 0.0602714 0.0628791 0.0603558 0.0624816 0.0606223 0.0639481 0.0604779 0.0634636 0.0608996 0.0705750 0.0641812 0.0243568 0.0645969 0.0613647 0.0633268 0.0615749 0.0631115 0.0605795 0.0587713 0.0588228 0.0629545 0.0602495 0.0588696 0.0609089 0.0636866 0.0609310 0.0624591 0.0631169 0.0625575 0.0636708 0.0648446 0.0645087 0.0602680 0.0643007 0.0608565 0.0634824 0.0681315 0.0635214 0.0631208 0.0640628 0.0606758 
Ccom40_MYO7A       0.0125598 0.0095757 0.0078838 0.0130495 0.0114605 0.0141605 0.0141226 0.0151468 0.0120369 0.0103217 0.0115183 0.0556604 0.0000000 0.0009660 0.0480926 0.0148827 0.0043954 0.0034002 0.0029116 0.0034002 0.0078727 0.0120454 0.0749591 0.0119707 0.0119872 0.0131244 0.0029089 0.0037105 0.0026440 0.0029100 0.0104114 0.0503325 0.0109287 0.0129636 0.0113994 0.0031824 0.0042530 0.0009660 0.0030785 0.0034002 0.0034007 0.0068633 0.0014504 0.0022156 0.0140250 0.0099227 0.0109740 0.0114373 0.0455380 0.0078934 0.0079188 0.0100077 0.0073853 0.0094034 0.0104198 0.0084703 0.0104187 0.0089021 0.0053712 0.0098434 0.0461101 0.0034067 0.0043869 0.0048866 0.0104277 0.0026440 0.0058674 0.0021121 0.0130185 0.0154027 0.0053943 0.0060433 0.0058674 0.0038898 0.0050998 0.0033983 0.0035502 0.0034002 0.0043828 0.0038898 0.0029116 0.0034060 0.0029116 0.0037128 0.0034014 0.0549815 0.0046292 0.0129686 0.0054730 0.0088997 
Chea7320_MYO7A     0.0222890 0.0111636 0.0242686 0.0192120 0.0201598 0.0217321 0.0209851 0.0237245 0.0196934 0.0195879 0.0165263 0.0635023 0.0009660 0.0000000 0.0580806 0.0216097 0.0043680 0.0043440 0.0045026 0.0046620 0.0133407 0.0144533 0.0795100 0.0164796 0.0187063 0.0210293 0.0031780 0.0052210 0.0045736 0.0052242 0.0162497 0.0579139 0.0318554 0.0227665 0.0156685 0.0059519 0.0050134 0.0002962 0.0015590 0.0032491 0.0046382 0.0046092 0.0003036 0.0028390 0.0183693 0.0119525 0.0169829 0.0163206 0.0383996 0.0113901 0.0135582 0.0130836 0.0120266 0.0117303 0.0139905 0.0152069 0.0133810 0.0125721 0.0213863 0.0113079 0.0594741 0.0046236 0.0042215 0.0070090 0.0118177 0.0050747 0.0074639 0.0038164 0.0169388 0.0243372 0.0071673 0.0071260 0.0096781 0.0053212 0.0043500 0.0032452 0.0036097 0.0035469 0.0034538 0.0049338 0.0040546 0.0029113 0.0031504 0.0033847 0.0034591 0.0591856 0.0047353 0.0172749 0.0054821 0.0122475 
Chir_MYO7A         0.0539760 0.0540219 0.0784518 0.0542939 0.0513047 0.0522481 0.0542435 0.0572889 0.0547285 0.0533432 0.0521780 0.0243875 0.0480926 0.0580806 0.0000000 0.0551117 0.0614632 0.0600052 0.0595899 0.0616486 0.0601722 0.0498636 0.0830503 0.0541116 0.0497942 0.0549456 0.0571255 0.0578080 0.0577435 0.0628430 0.0537540 0.0593516 0.0824240 0.0587940 0.0508699 0.0618802 0.0571008 0.0571321 0.0520792 0.0588615 0.0606594 0.0641672 0.0569195 0.0571694 0.0634567 0.0568596 0.0609621 0.0589091 0.0986772 0.0556234 0.0592960 0.0565036 0.0580369 0.0543005 0.0606012 0.0554018 0.0589836 0.0581532 0.0682571 0.0605855 0.0094182 0.0600437 0.0568113 0.0628273 0.0578062 0.0587185 0.0554944 0.0551278 0.0570956 0.0625296 0.0553367 0.0565172 0.0584357 0.0627075 0.0565481 0.0585567 0.0582046 0.0596308 0.0594513 0.0622729 0.0588628 0.0559460 0.0592199 0.0560003 0.0600285 0.0683398 0.0600428 0.0587884 0.0611184 0.0545208 
Cmar59905_MYO7A    0.0086643 0.0199924 0.0407499 0.0107166 0.0079718 0.0082752 0.0094751 0.0104980 0.0090002 0.0068957 0.0080660 0.0560151 0.0148827 0.0216097 0.0551117 0.0000000 0.0239879 0.0214317 0.0209013 0.0216516 0.0221322 0.0098244 0.0734251 0.0090232 0.0102761 0.0099266 0.0191366 0.0196247 0.0194412 0.0197514 0.0187593 0.0489191 0.0439225 0.0239811 0.0192303 0.0193338 0.0198561 0.0208978 0.0191253 0.0202013 0.0200710 0.0242152 0.0196792 0.0228182 0.0215207 0.0193492 0.0208282 0.0226934 0.0516861 0.0168605 0.0163716 0.0194891 0.0167818 0.0189225 0.0221817 0.0183191 0.0208756 0.0153985 0.0292671 0.0206238 0.0536251 0.0209808 0.0189101 0.0201007 0.0180305 0.0204589 0.0182606 0.0168149 0.0153232 0.0205740 0.0183198 0.0191611 0.0178672 0.0222541 0.0202332 0.0198543 0.0214377 0.0209383 0.0215495 0.0210014 0.0210294 0.0193833 0.0208373 0.0212789 0.0217318 0.0517563 0.0211737 0.0222284 0.0209494 0.0177082 
Dcap108471_MYO7A   0.0241474 0.0138771 0.0326348 0.0200311 0.0231901 0.0248011 0.0232838 0.0258987 0.0229056 0.0217609 0.0193964 0.0668887 0.0043954 0.0043680 0.0614632 0.0239879 0.0000000 0.0018826 0.0026161 0.0030456 0.0154811 0.0175493 0.0804144 0.0203408 0.0231100 0.0238243 0.0047624 0.0074045 0.0058175 0.0072009 0.0185069 0.0588687 0.0330341 0.0261642 0.0198093 0.0079099 0.0062362 0.0039903 0.0039250 0.0019091 0.0042071 0.0098422 0.0052128 0.0059187 0.0194130 0.0151916 0.0181799 0.0186674 0.0409554 0.0137680 0.0159213 0.0158239 0.0139978 0.0145790 0.0169015 0.0174622 0.0174630 0.0157298 0.0232292 0.0138703 0.0623611 0.0059682 0.0063518 0.0074536 0.0138072 0.0073370 0.0099268 0.0063910 0.0183980 0.0277524 0.0094969 0.0089336 0.0124847 0.0045234 0.0035633 0.0054924 0.0062506 0.0034005 0.0026608 0.0039726 0.0032175 0.0020748 0.0023318 0.0031543 0.0030453 0.0580055 0.0054718 0.0196948 0.0044164 0.0140914 
Dcap79929_MYO7A    0.0228363 0.0138538 0.0361870 0.0218515 0.0213926 0.0226790 0.0238737 0.0240093 0.0209895 0.0208405 0.0180055 0.0635342 0.0034002 0.0043440 0.0600052 0.0214317 0.0018826 0.0000000 0.0008284 0.0011374 0.0151440 0.0165393 0.0769686 0.0194822 0.0216414 0.0226816 0.0053893 0.0060514 0.0047249 0.0054125 0.0184757 0.0563022 0.0332013 0.0250280 0.0176919 0.0065814 0.0064385 0.0044925 0.0035248 0.0011147 0.0032506 0.0079881 0.0041001 0.0047520 0.0183706 0.0142233 0.0184455 0.0191371 0.0393843 0.0127009 0.0157566 0.0156752 0.0130642 0.0135981 0.0154366 0.0174029 0.0168293 0.0141537 0.0208871 0.0128074 0.0599100 0.0069745 0.0072060 0.0069205 0.0134014 0.0057730 0.0086835 0.0045080 0.0182260 0.0258234 0.0084443 0.0084048 0.0104553 0.0033803 0.0023633 0.0046574 0.0058185 0.0025283 0.0027268 0.0024454 0.0032979 0.0012137 0.0012344 0.0022416 0.0033611 0.0574932 0.0039821 0.0192214 0.0030861 0.0133172 
DdelSJR_MYO7A      0.0231611 0.0129062 0.0182574 0.0203417 0.0208636 0.0220655 0.0234482 0.0237851 0.0215034 0.0206500 0.0188562 0.0647494 0.0029116 0.0045026 0.0595899 0.0209013 0.0026161 0.0008284 0.0000000 0.0019651 0.0144930 0.0165439 0.0764855 0.0202723 0.0219209 0.0213126 0.0053721 0.0059606 0.0045334 0.0053353 0.0171480 0.0557550 0.0156521 0.0218720 0.0188173 0.0053322 0.0063447 0.0045070 0.0036455 0.0012085 0.0026508 0.0078464 0.0043361 0.0050497 0.0188561 0.0133160 0.0177222 0.0183948 0.0408159 0.0116779 0.0137992 0.0153203 0.0130677 0.0131633 0.0147971 0.0167332 0.0162024 0.0133847 0.0219090 0.0130804 0.0598323 0.0069173 0.0071405 0.0069763 0.0120071 0.0056731 0.0089290 0.0042571 0.0181284 0.0264371 0.0087079 0.0078279 0.0105358 0.0034809 0.0023640 0.0051754 0.0062221 0.0030417 0.0029664 0.0020164 0.0032747 0.0013270 0.0012576 0.0019724 0.0025019 0.0574064 0.0040685 0.0191176 0.0033978 0.0135189 
Ddeltrop4525_MYO7A 0.0221456 0.0126641 0.0322688 0.0196248 0.0211268 0.0223588 0.0235239 0.0238995 0.0199353 0.0201259 0.0167356 0.0647103 0.0034002 0.0046620 0.0616486 0.0216516 0.0030456 0.0011374 0.0019651 0.0000000 0.0132562 0.0162951 0.0824348 0.0191019 0.0207039 0.0226003 0.0048983 0.0062836 0.0049824 0.0054759 0.0171169 0.0578716 0.0306131 0.0247732 0.0160692 0.0065875 0.0068295 0.0041887 0.0031298 0.0021256 0.0032337 0.0075819 0.0037655 0.0044675 0.0179402 0.0128272 0.0171996 0.0175778 0.0388966 0.0118059 0.0154047 0.0138698 0.0131673 0.0131285 0.0142072 0.0157180 0.0141858 0.0126694 0.0212393 0.0116556 0.0615324 0.0070810 0.0064265 0.0069553 0.0135110 0.0059269 0.0088140 0.0044213 0.0171697 0.0245518 0.0082055 0.0095966 0.0096150 0.0029350 0.0027603 0.0044618 0.0053244 0.0018193 0.0033524 0.0032337 0.0039850 0.0012778 0.0025793 0.0027335 0.0036626 0.0590166 0.0045101 0.0188507 0.0032361 0.0134350 
Dleu_MYO7A         0.0206041 0.0133838 0.0339795 0.0190020 0.0211971 0.0206461 0.0215569 0.0183050 0.0199096 0.0187950 0.0179482 0.0634856 0.0078727 0.0133407 0.0601722 0.0221322 0.0154811 0.0151440 0.0144930 0.0132562 0.0000000 0.0165457 0.0739541 0.0190005 0.0214531 0.0213279 0.0135884 0.0140220 0.0137024 0.0127059 0.0181191 0.0464605 0.0347523 0.0240077 0.0195252 0.0147464 0.0129411 0.0140089 0.0103913 0.0130949 0.0142484 0.0156668 0.0124837 0.0141290 0.0156936 0.0150574 0.0181072 0.0186298 0.0414149 0.0142209 0.0164681 0.0153219 0.0134359 0.0145587 0.0035632 0.0177705 0.0168648 0.0151861 0.0140508 0.0107832 0.0612972 0.0143852 0.0128787 0.0145356 0.0147767 0.0136769 0.0072104 0.0122742 0.0151411 0.0233394 0.0081730 0.0060803 0.0060743 0.0165423 0.0104778 0.0130397 0.0131474 0.0139932 0.0148843 0.0136927 0.0149874 0.0117920 0.0128590 0.0130869 0.0149192 0.0595427 0.0137690 0.0184977 0.0148898 0.0157405 
EausAUS_MYO7A      0.0092992 0.0153634 0.0145895 0.0083881 0.0081282 0.0089219 0.0089051 0.0105332 0.0015317 0.0074096 0.0078126 0.0541426 0.0120454 0.0144533 0.0498636 0.0098244 0.0175493 0.0165393 0.0165439 0.0162951 0.0165457 0.0000000 0.0703419 0.0006936 0.0014467 0.0082033 0.0143294 0.0145496 0.0132172 0.0154256 0.0160948 0.0469239 0.0191274 0.0140623 0.0139212 0.0129017 0.0140008 0.0150624 0.0153162 0.0160193 0.0161687 0.0192767 0.0144264 0.0158474 0.0180382 0.0151819 0.0170869 0.0166312 0.0470290 0.0129996 0.0128686 0.0142733 0.0117091 0.0136872 0.0169310 0.0136868 0.0145805 0.0141185 0.0273093 0.0168570 0.0480325 0.0157937 0.0152199 0.0176868 0.0161674 0.0148427 0.0132659 0.0125258 0.0141437 0.0171775 0.0131962 0.0133960 0.0131549 0.0158705 0.0179150 0.0151992 0.0161837 0.0152089 0.0163702 0.0162757 0.0152109 0.0160014 0.0152133 0.0146565 0.0154057 0.0515790 0.0159536 0.0206748 0.0170466 0.0132106 
Ecab_MYO7A         0.0660079 0.0778659 0.0996623 0.0684355 0.0703755 0.0674648 0.0712299 0.0668364 0.0681994 0.0659342 0.0681802 0.0819781 0.0749591 0.0795100 0.0830503 0.0734251 0.0804144 0.0769686 0.0764855 0.0824348 0.0739541 0.0703419 0.0000000 0.0712075 0.0718681 0.0764854 0.0756595 0.0767490 0.0762575 0.0723887 0.0756730 0.0682467 0.1081172 0.0823494 0.0749422 0.0837229 0.0773701 0.0741349 0.0805206 0.0789302 0.0757477 0.0785298 0.0792680 0.0804100 0.0725756 0.0767532 0.0791026 0.0760674 0.1209308 0.0773265 0.0764342 0.0762958 0.0735449 0.0801498 0.0741032 0.0776018 0.0768919 0.0760315 0.0819412 0.0757233 0.0807652 0.0788090 0.0780046 0.0749533 0.0748072 0.0810876 0.0751024 0.0741828 0.0753681 0.0772777 0.0726067 0.0781634 0.0707861 0.0797549 0.0779890 0.0789975 0.0775330 0.0803915 0.0785919 0.0793593 0.0799883 0.0781260 0.0812833 0.0789323 0.0763333 0.0648943 0.0832515 0.0792953 0.0740300 0.0738990 
Egla13086_MYO7A    0.0092017 0.0158258 0.0313427 0.0086931 0.0077742 0.0082527 0.0085319 0.0104200 0.0016788 0.0069286 0.0073254 0.0566217 0.0119707 0.0164796 0.0541116 0.0090232 0.0203408 0.0194822 0.0202723 0.0191019 0.0190005 0.0006936 0.0712075 0.0000000 0.0025518 0.0089222 0.0173237 0.0174789 0.0172583 0.0190065 0.0166162 0.0474417 0.0401168 0.0156599 0.0151321 0.0162473 0.0166948 0.0171763 0.0147829 0.0187543 0.0187912 0.0216215 0.0167843 0.0200490 0.0175432 0.0151619 0.0180604 0.0184843 0.0446309 0.0132793 0.0144073 0.0153228 0.0127435 0.0136822 0.0199150 0.0159110 0.0161868 0.0138481 0.0263186 0.0185048 0.0530268 0.0172536 0.0148766 0.0193334 0.0176963 0.0181502 0.0164096 0.0132835 0.0128557 0.0182008 0.0159529 0.0148600 0.0158052 0.0189767 0.0178027 0.0184240 0.0184203 0.0191550 0.0190707 0.0193634 0.0182452 0.0170627 0.0182857 0.0176047 0.0187442 0.0515118 0.0202438 0.0204905 0.0197477 0.0146946 
Ejap43864_MYO7A    0.0101345 0.0166982 0.0358383 0.0095874 0.0089947 0.0094612 0.0099909 0.0113172 0.0029031 0.0078340 0.0083503 0.0533946 0.0119872 0.0187063 0.0497942 0.0102761 0.0231100 0.0216414 0.0219209 0.0207039 0.0214531 0.0014467 0.0718681 0.0025518 0.0000000 0.0105078 0.0193525 0.0198011 0.0197836 0.0208989 0.0173329 0.0457427 0.0411834 0.0200435 0.0169205 0.0189739 0.0195310 0.0184788 0.0167672 0.0208248 0.0206873 0.0236589 0.0181677 0.0233416 0.0196836 0.0167440 0.0190870 0.0194937 0.0476811 0.0147331 0.0155613 0.0151668 0.0136254 0.0143413 0.0215023 0.0167719 0.0171639 0.0142988 0.0283415 0.0205786 0.0497360 0.0196111 0.0173710 0.0209239 0.0163443 0.0203313 0.0176628 0.0160271 0.0143368 0.0197366 0.0171622 0.0171219 0.0173348 0.0209807 0.0182795 0.0200459 0.0197472 0.0211625 0.0211039 0.0208826 0.0212596 0.0186069 0.0211085 0.0199750 0.0210018 0.0526623 0.0222895 0.0216589 0.0210772 0.0153248 
Erob133443_MYO7A   0.0082041 0.0180602 0.0388372 0.0078810 0.0050075 0.0053535 0.0056514 0.0062433 0.0092426 0.0056375 0.0059068 0.0602500 0.0131244 0.0210293 0.0549456 0.0099266 0.0238243 0.0226816 0.0213126 0.0226003 0.0213279 0.0082033 0.0764854 0.0089222 0.0105078 0.0000000 0.0199779 0.0205554 0.0201353 0.0213461 0.0196049 0.0528020 0.0435503 0.0217976 0.0167363 0.0204701 0.0215603 0.0201264 0.0182973 0.0213386 0.0220244 0.0253263 0.0195966 0.0220545 0.0203292 0.0192615 0.0213064 0.0209862 0.0493485 0.0162837 0.0163580 0.0177914 0.0165926 0.0170862 0.0213669 0.0187749 0.0184805 0.0157981 0.0302016 0.0224284 0.0556349 0.0210089 0.0180489 0.0223908 0.0198239 0.0208319 0.0180032 0.0165683 0.0146458 0.0206380 0.0177578 0.0188153 0.0183213 0.0224542 0.0193141 0.0206398 0.0207353 0.0223727 0.0216790 0.0227510 0.0207305 0.0195820 0.0207307 0.0205323 0.0216861 0.0562811 0.0214552 0.0240891 0.0244327 0.0174369 
Fatt_MYO7A         0.0200171 0.0128946 0.0336927 0.0167942 0.0190666 0.0192934 0.0193552 0.0217953 0.0182548 0.0170731 0.0149284 0.0616818 0.0029089 0.0031780 0.0571255 0.0191366 0.0047624 0.0053893 0.0053721 0.0048983 0.0135884 0.0143294 0.0756595 0.0173237 0.0193525 0.0199779 0.0000000 0.0024820 0.0023608 0.0030946 0.0166734 0.0563210 0.0362731 0.0159378 0.0148249 0.0052726 0.0059737 0.0033721 0.0035447 0.0039042 0.0048000 0.0063601 0.0034135 0.0051785 0.0178887 0.0130506 0.0174473 0.0146571 0.0396285 0.0114815 0.0138224 0.0141143 0.0116907 0.0132123 0.0133235 0.0157932 0.0153877 0.0125276 0.0201632 0.0116407 0.0559327 0.0040856 0.0044028 0.0062514 0.0121752 0.0016249 0.0080127 0.0009890 0.0159675 0.0218829 0.0074593 0.0073187 0.0091335 0.0055109 0.0060307 0.0026949 0.0032524 0.0054543 0.0042076 0.0050951 0.0039340 0.0042509 0.0040285 0.0039095 0.0048073 0.0579781 0.0053814 0.0190337 0.0052640 0.0129264 
Ggri_MYO7A         0.0206474 0.0140192 0.0352299 0.0194256 0.0191937 0.0201730 0.0210698 0.0219859 0.0191836 0.0181997 0.0167404 0.0623159 0.0037105 0.0052210 0.0578080 0.0196247 0.0074045 0.0060514 0.0059606 0.0062836 0.0140220 0.0145496 0.0767490 0.0174789 0.0198011 0.0205554 0.0024820 0.0000000 0.0031426 0.0034092 0.0153668 0.0517329 0.0321389 0.0231489 0.0165038 0.0062992 0.0056374 0.0045515 0.0042100 0.0043069 0.0050076 0.0071328 0.0040211 0.0059613 0.0186128 0.0148565 0.0172474 0.0176409 0.0408488 0.0123340 0.0133419 0.0140672 0.0120404 0.0152754 0.0135072 0.0167194 0.0161750 0.0135492 0.0213255 0.0131955 0.0583769 0.0054636 0.0054319 0.0074291 0.0106758 0.0025007 0.0085909 0.0019914 0.0158555 0.0223476 0.0082704 0.0080713 0.0101313 0.0073740 0.0072706 0.0034343 0.0043613 0.0052599 0.0055671 0.0056475 0.0056048 0.0053100 0.0044649 0.0048600 0.0057287 0.0557358 0.0051111 0.0172142 0.0055106 0.0137606 
Gmac39091_MYO7A    0.0203036 0.0129889 0.0347876 0.0184718 0.0192046 0.0201395 0.0212785 0.0207161 0.0188906 0.0182544 0.0160065 0.0606855 0.0026440 0.0045736 0.0577435 0.0194412 0.0058175 0.0047249 0.0045334 0.0049824 0.0137024 0.0132172 0.0762575 0.0172583 0.0197836 0.0201353 0.0023608 0.0031426 0.0000000 0.0012488 0.0161136 0.0523114 0.0313045 0.0233084 0.0159694 0.0046795 0.0045769 0.0040933 0.0037851 0.0031332 0.0042886 0.0065104 0.0038742 0.0055903 0.0175350 0.0141477 0.0176806 0.0179745 0.0392892 0.0119230 0.0144902 0.0132297 0.0112189 0.0137964 0.0131958 0.0164010 0.0151669 0.0121911 0.0200988 0.0122987 0.0576424 0.0049981 0.0048229 0.0053159 0.0093786 0.0030441 0.0076099 0.0011359 0.0154088 0.0234946 0.0070951 0.0068509 0.0094429 0.0059731 0.0046769 0.0028427 0.0038633 0.0048780 0.0041407 0.0044331 0.0047316 0.0037344 0.0037999 0.0031053 0.0044304 0.0564662 0.0054450 0.0182089 0.0040683 0.0128611 
Gmel_MYO7A         0.0219267 0.0133914 0.0346349 0.0196283 0.0203748 0.0212114 0.0221411 0.0195223 0.0207424 0.0201032 0.0170249 0.0636494 0.0029100 0.0052242 0.0628430 0.0197514 0.0072009 0.0054125 0.0053353 0.0054759 0.0127059 0.0154256 0.0723887 0.0190065 0.0208989 0.0213461 0.0030946 0.0034092 0.0012488 0.0000000 0.0170340 0.0491674 0.0321320 0.0240265 0.0173899 0.0059510 0.0059472 0.0047407 0.0043206 0.0038079 0.0051870 0.0066530 0.0045436 0.0065985 0.0182444 0.0146973 0.0190307 0.0186300 0.0388979 0.0125668 0.0155271 0.0138657 0.0119779 0.0150202 0.0129123 0.0171374 0.0157036 0.0130711 0.0179705 0.0130849 0.0630947 0.0058443 0.0060373 0.0059317 0.0113489 0.0038849 0.0087057 0.0019422 0.0164550 0.0244983 0.0081840 0.0076328 0.0099253 0.0067599 0.0055589 0.0037159 0.0042751 0.0060347 0.0050191 0.0051412 0.0055914 0.0044390 0.0049839 0.0037345 0.0055852 0.0605545 0.0064469 0.0188275 0.0050849 0.0135362 
Hamp_MYO7A         0.0176608 0.0086142 0.0258586 0.0171120 0.0165019 0.0177734 0.0184128 0.0187819 0.0164182 0.0150363 0.0156658 0.0580917 0.0104114 0.0162497 0.0537540 0.0187593 0.0185069 0.0184757 0.0171480 0.0171169 0.0181191 0.0160948 0.0756730 0.0166162 0.0173329 0.0196049 0.0166734 0.0153668 0.0161136 0.0170340 0.0000000 0.0524943 0.0376548 0.0215492 0.0169512 0.0171101 0.0164372 0.0157926 0.0141580 0.0172270 0.0173047 0.0188854 0.0152382 0.0177061 0.0184104 0.0066853 0.0087281 0.0068167 0.0325193 0.0052132 0.0059374 0.0067563 0.0058447 0.0075663 0.0178834 0.0060012 0.0080008 0.0061507 0.0242722 0.0166785 0.0542996 0.0169765 0.0153749 0.0173291 0.0147632 0.0156281 0.0141269 0.0139321 0.0177072 0.0203431 0.0137527 0.0135772 0.0139455 0.0191631 0.0146451 0.0163093 0.0161373 0.0172520 0.0174918 0.0178623 0.0164351 0.0155911 0.0158285 0.0159268 0.0175961 0.0553865 0.0179325 0.0095594 0.0179235 0.0058878 
Hippo_MYO7A        0.0442132 0.0542360 0.0716283 0.0472190 0.0461726 0.0469986 0.0492969 0.0414275 0.0435174 0.0438684 0.0465143 0.0625828 0.0503325 0.0579139 0.0593516 0.0489191 0.0588687 0.0563022 0.0557550 0.0578716 0.0464605 0.0469239 0.0682467 0.0474417 0.0457427 0.0528020 0.0563210 0.0517329 0.0523114 0.0491674 0.0524943 0.0000000 0.0817326 0.0571661 0.0502780 0.0553931 0.0532431 0.0555031 0.0585073 0.0568868 0.0551588 0.0574650 0.0540272 0.0550533 0.0494973 0.0553408 0.0552312 0.0551656 0.0910327 0.0528038 0.0524158 0.0521757 0.0526909 0.0531901 0.0460405 0.0555108 0.0551862 0.0502714 0.0528551 0.0518867 0.0617125 0.0553416 0.0543302 0.0504522 0.0529030 0.0540517 0.0507719 0.0502142 0.0569414 0.0535005 0.0503330 0.0515639 0.0433205 0.0583600 0.0557215 0.0552897 0.0557099 0.0573100 0.0578377 0.0566123 0.0586193 0.0560508 0.0554052 0.0521924 0.0550169 0.0574278 0.0585788 0.0585897 0.0550898 0.0517342 
Igeo_MYO7A         0.0430986 0.0183532 0.0381304 0.0379823 0.0404368 0.0427884 0.0427382 0.0428538 0.0425493 0.0398518 0.0408905 0.0893382 0.0109287 0.0318554 0.0824240 0.0439225 0.0330341 0.0332013 0.0156521 0.0306131 0.0347523 0.0191274 0.1081172 0.0401168 0.0411834 0.0435503 0.0362731 0.0321389 0.0313045 0.0321320 0.0376548 0.0817326 0.0000000 0.0436514 0.0234648 0.0321416 0.0326649 0.0323197 0.0142704 0.0308565 0.0329999 0.0396541 0.0318534 0.0144101 0.0399711 0.0368075 0.0381285 0.0204705 0.0514018 0.0353711 0.0369494 0.0201267 0.0166391 0.0171200 0.0374146 0.0403608 0.0188491 0.0371338 0.0321312 0.0384216 0.0821638 0.0340739 0.0331468 0.0351313 0.0332581 0.0323392 0.0313137 0.0314108 0.0475091 0.0466133 0.0322855 0.0349510 0.0321414 0.0335489 0.0151236 0.0304169 0.0341794 0.0316746 0.0312671 0.0330897 0.0329498 0.0325920 0.0141042 0.0133034 0.0330284 0.0836138 0.0152500 0.0431135 0.0390121 0.0198473 
Kbre_MYO7A         0.0205138 0.0187097 0.0334614 0.0205926 0.0211837 0.0198835 0.0196762 0.0215968 0.0191438 0.0186805 0.0159240 0.0642614 0.0129636 0.0227665 0.0587940 0.0239811 0.0261642 0.0250280 0.0218720 0.0247732 0.0240077 0.0140623 0.0823494 0.0156599 0.0200435 0.0217976 0.0159378 0.0231489 0.0233084 0.0240265 0.0215492 0.0571661 0.0436514 0.0000000 0.0040725 0.0243482 0.0238627 0.0180265 0.0214194 0.0229279 0.0248918 0.0288497 0.0186595 0.0255702 0.0276381 0.0215845 0.0232543 0.0235441 0.0454501 0.0204605 0.0212317 0.0167345 0.0159969 0.0226577 0.0243666 0.0223043 0.0244611 0.0179455 0.0314378 0.0220619 0.0604418 0.0209104 0.0191141 0.0249742 0.0200841 0.0238158 0.0163595 0.0198320 0.0073274 0.0152394 0.0162324 0.0156426 0.0209759 0.0259245 0.0181572 0.0217513 0.0222397 0.0242510 0.0236159 0.0252725 0.0231414 0.0224759 0.0234917 0.0238648 0.0235963 0.0608439 0.0252593 0.0215074 0.0261188 0.0172557 
Ksim_MYO7A         0.0161797 0.0182561 0.0194528 0.0166308 0.0159299 0.0167304 0.0167149 0.0173375 0.0154331 0.0150664 0.0152180 0.0570409 0.0113994 0.0156685 0.0508699 0.0192303 0.0198093 0.0176919 0.0188173 0.0160692 0.0195252 0.0139212 0.0749422 0.0151321 0.0169205 0.0167363 0.0148249 0.0165038 0.0159694 0.0173899 0.0169512 0.0502780 0.0234648 0.0040725 0.0000000 0.0149868 0.0173705 0.0159570 0.0154482 0.0176369 0.0180992 0.0207579 0.0176343 0.0185270 0.0246305 0.0182975 0.0191690 0.0195436 0.0497181 0.0159163 0.0167711 0.0167133 0.0148594 0.0164640 0.0202756 0.0175644 0.0190126 0.0166179 0.0295283 0.0189790 0.0515992 0.0154851 0.0148958 0.0188329 0.0183980 0.0165367 0.0153702 0.0133994 0.0072595 0.0096637 0.0156074 0.0138622 0.0155610 0.0178533 0.0163696 0.0164918 0.0155439 0.0169238 0.0179672 0.0180586 0.0176628 0.0170603 0.0169286 0.0167963 0.0173683 0.0538700 0.0177858 0.0219254 0.0173520 0.0167509 
Lacu_MYO7A         0.0197603 0.0116648 0.0387037 0.0187192 0.0186582 0.0195427 0.0211086 0.0214316 0.0175931 0.0179492 0.0158760 0.0627457 0.0031824 0.0059519 0.0618802 0.0193338 0.0079099 0.0065814 0.0053322 0.0065875 0.0147464 0.0129017 0.0837229 0.0162473 0.0189739 0.0204701 0.0052726 0.0062992 0.0046795 0.0059510 0.0171101 0.0553931 0.0321416 0.0243482 0.0149868 0.0000000 0.0061813 0.0055096 0.0045271 0.0055177 0.0062658 0.0090589 0.0043707 0.0053003 0.0184693 0.0139336 0.0174824 0.0174062 0.0412136 0.0116922 0.0149684 0.0123380 0.0102956 0.0106044 0.0151181 0.0172308 0.0120966 0.0114797 0.0227684 0.0134649 0.0605074 0.0071713 0.0068275 0.0069146 0.0102807 0.0055276 0.0087055 0.0042372 0.0155217 0.0221422 0.0083742 0.0067142 0.0101232 0.0065769 0.0054762 0.0048501 0.0059468 0.0068310 0.0071612 0.0071927 0.0075330 0.0064186 0.0055715 0.0054638 0.0071739 0.0600619 0.0067704 0.0183074 0.0082956 0.0122979 
Lalb_MYO7A         0.0205893 0.0134990 0.0354421 0.0191998 0.0192827 0.0197585 0.0207974 0.0222475 0.0184348 0.0180826 0.0159818 0.0602871 0.0042530 0.0050134 0.0571008 0.0198561 0.0062362 0.0064385 0.0063447 0.0068295 0.0129411 0.0140008 0.0773701 0.0166948 0.0195310 0.0215603 0.0059737 0.0056374 0.0045769 0.0059472 0.0164372 0.0532431 0.0326649 0.0238627 0.0173705 0.0061813 0.0000000 0.0051696 0.0037851 0.0054513 0.0062202 0.0092070 0.0050906 0.0069362 0.0167215 0.0141629 0.0177281 0.0165921 0.0424608 0.0126205 0.0148491 0.0139732 0.0112178 0.0133306 0.0129695 0.0171115 0.0155743 0.0129730 0.0200452 0.0110290 0.0556168 0.0057437 0.0049222 0.0042922 0.0103653 0.0062560 0.0088592 0.0043085 0.0163342 0.0240477 0.0083064 0.0080904 0.0089758 0.0068684 0.0059778 0.0063107 0.0074823 0.0060545 0.0057324 0.0066380 0.0063599 0.0049997 0.0050869 0.0051454 0.0056715 0.0557415 0.0075308 0.0179445 0.0069456 0.0132786 
Laus_MYO7A         0.0207121 0.0119912 0.0185158 0.0181169 0.0195487 0.0208178 0.0201059 0.0227816 0.0199072 0.0187823 0.0167035 0.0634299 0.0009660 0.0002962 0.0571321 0.0208978 0.0039903 0.0044925 0.0045070 0.0041887 0.0140089 0.0150624 0.0741349 0.0171763 0.0184788 0.0201264 0.0033721 0.0045515 0.0040933 0.0047407 0.0157926 0.0555031 0.0323197 0.0180265 0.0159570 0.0055096 0.0051696 0.0000000 0.0016108 0.0026549 0.0038938 0.0047224 0.0005938 0.0024515 0.0185571 0.0121659 0.0162228 0.0164214 0.0379146 0.0106375 0.0129649 0.0139345 0.0119600 0.0112243 0.0143388 0.0155536 0.0146741 0.0128369 0.0211308 0.0111408 0.0584724 0.0044467 0.0039227 0.0067380 0.0114443 0.0047246 0.0072000 0.0031402 0.0165490 0.0231990 0.0070011 0.0068446 0.0095910 0.0055134 0.0039503 0.0029515 0.0034493 0.0030617 0.0028459 0.0046197 0.0037339 0.0022590 0.0029504 0.0030605 0.0030475 0.0578010 0.0042311 0.0172881 0.0052241 0.0125512 
Lbor_MYO7A         0.0181637 0.0116231 0.0160286 0.0169241 0.0168287 0.0187055 0.0186641 0.0181677 0.0163491 0.0158669 0.0153074 0.0580454 0.0030785 0.0015590 0.0520792 0.0191253 0.0039250 0.0035248 0.0036455 0.0031298 0.0103913 0.0153162 0.0805206 0.0147829 0.0167672 0.0182973 0.0035447 0.0042100 0.0037851 0.0043206 0.0141580 0.0585073 0.0142704 0.0214194 0.0154482 0.0045271 0.0037851 0.0016108 0.0000000 0.0039202 0.0039207 0.0057886 0.0012069 0.0022218 0.0180106 0.0120108 0.0120073 0.0128785 0.0434460 0.0108489 0.0106131 0.0134830 0.0110068 0.0133331 0.0120620 0.0134525 0.0134012 0.0112358 0.0235198 0.0104559 0.0514396 0.0035253 0.0039188 0.0043241 0.0110831 0.0033605 0.0069586 0.0033606 0.0161617 0.0196120 0.0069837 0.0059214 0.0079373 0.0043167 0.0049634 0.0035222 0.0036471 0.0031298 0.0043175 0.0035248 0.0035248 0.0035630 0.0031307 0.0037858 0.0035254 0.0565707 0.0042054 0.0164293 0.0046708 0.0112107 
Lhos30470_MYO7A    0.0211373 0.0133796 0.0339511 0.0191084 0.0196127 0.0206091 0.0209272 0.0225326 0.0196430 0.0186183 0.0165399 0.0621550 0.0034002 0.0032491 0.0588615 0.0202013 0.0019091 0.0011147 0.0012085 0.0021256 0.0130949 0.0160193 0.0789302 0.0187543 0.0208248 0.0213386 0.0039042 0.0043069 0.0031332 0.0038079 0.0172270 0.0568868 0.0308565 0.0229279 0.0176369 0.0055177 0.0054513 0.0026549 0.0039202 0.0000000 0.0021675 0.0067875 0.0032017 0.0052574 0.0166447 0.0140135 0.0179694 0.0165229 0.0388534 0.0123033 0.0144638 0.0143069 0.0124036 0.0140667 0.0140041 0.0170002 0.0162886 0.0126638 0.0206152 0.0118025 0.0591098 0.0047801 0.0049804 0.0049193 0.0119992 0.0041395 0.0084061 0.0036895 0.0173261 0.0236355 0.0081314 0.0079319 0.0093701 0.0017077 0.0019656 0.0035273 0.0047269 0.0025312 0.0008089 0.0016790 0.0019045 0.0011733 0.0008939 0.0009850 0.0013518 0.0563526 0.0031957 0.0178899 0.0022124 0.0128753 
Lhos452_MYO7A      0.0220774 0.0133817 0.0349948 0.0210160 0.0200804 0.0211725 0.0229304 0.0226810 0.0202650 0.0201545 0.0170375 0.0641986 0.0034007 0.0046382 0.0606594 0.0200710 0.0042071 0.0032506 0.0026508 0.0032337 0.0142484 0.0161687 0.0757477 0.0187912 0.0206873 0.0220244 0.0048000 0.0050076 0.0042886 0.0051870 0.0173047 0.0551588 0.0329999 0.0248918 0.0180992 0.0062658 0.0062202 0.0038938 0.0039207 0.0021675 0.0000000 0.0070870 0.0039711 0.0055859 0.0178304 0.0143674 0.0179931 0.0186013 0.0399180 0.0125736 0.0149947 0.0149582 0.0127026 0.0140689 0.0145259 0.0167900 0.0164627 0.0133895 0.0202276 0.0124505 0.0605667 0.0061105 0.0066236 0.0063910 0.0113552 0.0050134 0.0086958 0.0040150 0.0177944 0.0254596 0.0081750 0.0080169 0.0102596 0.0038674 0.0039561 0.0046248 0.0055098 0.0032632 0.0031534 0.0028090 0.0042427 0.0023543 0.0026939 0.0021726 0.0034832 0.0576046 0.0038414 0.0178837 0.0029403 0.0127798 
Lobl_MYO7A         0.0230808 0.0166314 0.0414303 0.0234477 0.0230442 0.0247244 0.0253169 0.0262191 0.0216072 0.0214062 0.0203245 0.0679823 0.0068633 0.0046092 0.0641672 0.0242152 0.0098422 0.0079881 0.0078464 0.0075819 0.0156668 0.0192767 0.0785298 0.0216215 0.0236589 0.0253263 0.0063601 0.0071328 0.0065104 0.0066530 0.0188854 0.0574650 0.0396541 0.0288497 0.0207579 0.0090589 0.0092070 0.0047224 0.0057886 0.0067875 0.0070870 0.0000000 0.0031792 0.0060943 0.0210263 0.0162806 0.0217223 0.0219642 0.0470486 0.0156659 0.0187457 0.0182794 0.0166307 0.0173531 0.0157027 0.0203143 0.0196597 0.0159634 0.0225385 0.0149018 0.0650420 0.0087080 0.0085355 0.0104660 0.0148314 0.0076149 0.0109402 0.0063494 0.0201540 0.0240741 0.0106072 0.0103495 0.0122467 0.0090691 0.0085925 0.0072234 0.0070837 0.0077668 0.0077620 0.0069732 0.0078150 0.0065147 0.0077269 0.0075988 0.0084243 0.0636139 0.0093633 0.0216836 0.0061081 0.0171975 
Lobs_MYO7A         0.0198191 0.0106656 0.0302295 0.0171620 0.0188888 0.0194795 0.0198077 0.0216428 0.0178176 0.0175308 0.0163884 0.0625155 0.0014504 0.0003036 0.0569195 0.0196792 0.0052128 0.0041001 0.0043361 0.0037655 0.0124837 0.0144264 0.0792680 0.0167843 0.0181677 0.0195966 0.0034135 0.0040211 0.0038742 0.0045436 0.0152382 0.0540272 0.0318534 0.0186595 0.0176343 0.0043707 0.0050906 0.0005938 0.0012069 0.0032017 0.0039711 0.0031792 0.0000000 0.0024761 0.0158430 0.0111204 0.0166618 0.0151624 0.0379217 0.0109185 0.0128280 0.0134078 0.0119614 0.0112243 0.0125041 0.0149023 0.0128988 0.0112389 0.0193426 0.0100956 0.0579195 0.0043944 0.0037810 0.0059963 0.0108329 0.0038047 0.0078838 0.0026577 0.0164751 0.0224957 0.0076638 0.0068454 0.0083116 0.0035236 0.0039507 0.0032009 0.0032570 0.0037926 0.0034953 0.0039113 0.0043999 0.0031644 0.0034178 0.0036263 0.0036838 0.0564376 0.0050021 0.0169946 0.0046377 0.0124228 
