90
Bacu_OTOF         0.0000000 0.0453760 0.0369259 0.0056138 0.0077253 0.0090566 0.0228442 0.0069504 0.0159869 0.0064055 0.0063033 0.0700877 0.0444970 0.0288938 0.0139053 0.0285038 0.0427391 0.0276983 0.0282816 0.0248828 0.0112084 0.0881052 0.0124645 0.0140915 0.0082659 0.0304524 0.0281054 0.0292353 0.0278601 0.0247704 0.0535246 0.0273250 0.0369002 0.0481792 0.0364493 0.0280416 0.0273871 0.0373167 0.0267120 0.0272628 0.0257486 0.0426174 0.0280788 0.0293583 0.0313694 0.0451539 0.0713861 0.1028575 0.0330536 0.0487989 0.0427587 0.0437761 0.0502750 0.0252791 0.0742301 0.0520685 0.0589216 0.0259196 0.0259023 0.0716987 0.0423392 0.0411514 0.0251744 0.0684611 0.0265939 0.0289155 0.0252075 0.0297941 0.0234644 0.0292032 0.0503792 0.0249433 0.0263074 0.0276944 0.0291252 0.0286885 0.0302145 0.0275212 0.0368057 0.0285750 0.0279641 0.0275363 0.0282073 0.0266520 0.0269931 0.0669964 0.0246824 0.0448504 0.0268629 0.0279237 
Barn_OTOF         0.0453760 0.0000000 0.0127094 0.0272698 0.0522228 0.0447084 0.0470011 0.0474087 0.0548499 0.0452183 0.0465927 0.1021467 0.0222680 0.0532856 0.0513001 0.0489228 0.0513483 0.0338736 0.0501710 0.0458515 0.0389654 0.1650616 0.0502003 0.0534551 0.0374937 0.0610922 0.0608934 0.0546220 0.0506079 0.0312219 0.0781787 0.0292423 0.0489629 0.0319218 0.0513124 0.0607250 0.0311267 0.0429114 0.0489140 0.0514578 0.0460741 0.0328580 0.0326088 0.0523044 0.0261772 0.0326447 0.0297576 0.0283435 0.0176078 0.0552234 0.0067101 0.0083614 0.0201322 0.0470645 0.0132948 0.0142019 0.0287547 0.0441455 0.0479012 0.1060315 0.0524860 0.0517209 0.0460074 0.0999473 0.0321025 0.0581858 0.0474070 0.0525837 0.0516468 0.0526412 0.0324186 0.0453472 0.0290294 0.0503091 0.0227941 0.0531971 0.0361763 0.0541934 0.0509708 0.0508811 0.0608589 0.0329037 0.0501425 0.0481530 0.0585736 0.1013928 0.0400639 0.0291672 0.0466771 0.0298815 
Bbai76728_OTOF    0.0369259 0.0127094 0.0000000 0.0409875 0.0380126 0.0383387 0.0266646 0.0359927 0.0314194 0.0359434 0.0372031 0.0904505 0.0595321 0.0369125 0.0364370 0.0377326 0.0387417 0.0396578 0.0381221 0.0337148 0.0417047 0.1196302 0.0371343 0.0401322 0.0389928 0.0418387 0.0394091 0.0389988 0.0382850 0.0207583 0.0736221 0.0380358 0.0494854 0.0425949 0.0508989 0.0392254 0.0357411 0.0348371 0.0380349 0.0388898 0.0361816 0.0269720 0.0385429 0.0382616 0.0186445 0.0341029 0.0536694 0.0562994 0.0207908 0.0490308 0.0097301 0.0088252 0.0413457 0.0348885 0.0487818 0.0519631 0.0426471 0.0349927 0.0368469 0.0911390 0.0367743 0.0371538 0.0347179 0.0904455 0.0397851 0.0391545 0.0367881 0.0397632 0.0365898 0.0465442 0.0610130 0.0343746 0.0236512 0.0267416 0.0265866 0.0380298 0.0400973 0.0397795 0.0481588 0.0398388 0.0271994 0.0408554 0.0390720 0.0274075 0.0386870 0.0903169 0.0223883 0.0335201 0.0367758 0.0134300 
BbonAUS_OTOF      0.0056138 0.0272698 0.0409875 0.0000000 0.0071717 0.0084226 0.0241655 0.0071768 0.0186183 0.0065252 0.0080959 0.0735970 0.0224615 0.0220637 0.0143707 0.0260569 0.0258609 0.0257668 0.0269603 0.0233490 0.0124058 0.0993765 0.0131587 0.0142151 0.0084077 0.0281885 0.0267562 0.0284791 0.0260544 0.0258620 0.0515884 0.0252142 0.0425142 0.0240144 0.0360092 0.0267071 0.0232800 0.0370201 0.0245841 0.0255410 0.0240062 0.0257019 0.0255390 0.0277455 0.0313366 0.0540261 0.0607837 0.0933386 0.0238350 0.0552962 0.0416643 0.0250690 0.0439124 0.0244944 0.0537749 0.0573755 0.0512937 0.0259810 0.0250886 0.0778270 0.0249549 0.0258544 0.0237094 0.0664032 0.0264884 0.0258860 0.0241810 0.0262760 0.0253553 0.0251012 0.0438286 0.0253808 0.0238230 0.0266220 0.0246093 0.0262471 0.0263333 0.0265406 0.0366858 0.0267303 0.0264896 0.0247559 0.0265641 0.0253311 0.0252773 0.0671995 0.0236308 0.0539727 0.0254028 0.0292420 
Bbor_OTOF         0.0077253 0.0522228 0.0380126 0.0071717 0.0000000 0.0037466 0.0053545 0.0074893 0.0196494 0.0051016 0.0059043 0.0768800 0.0466377 0.0286181 0.0134164 0.0282058 0.0436029 0.0273420 0.0266962 0.0232718 0.0126515 0.0986935 0.0127361 0.0143932 0.0082059 0.0284482 0.0266208 0.0280292 0.0279683 0.0255079 0.0539586 0.0281489 0.0376933 0.0539381 0.0377403 0.0257396 0.0269620 0.0419659 0.0262303 0.0258282 0.0257568 0.0440309 0.0276930 0.0273600 0.0358417 0.0505480 0.0782539 0.1003985 0.0344804 0.0340334 0.0246136 0.0463629 0.0562648 0.0251486 0.0818413 0.0562014 0.0494962 0.0258004 0.0252028 0.0767016 0.0424437 0.0424184 0.0246881 0.0674458 0.0251902 0.0273769 0.0242883 0.0264693 0.0249398 0.0293701 0.0537031 0.0249391 0.0273235 0.0267655 0.0282633 0.0267803 0.0282671 0.0277719 0.0365277 0.0272728 0.0257296 0.0270189 0.0281444 0.0265234 0.0250041 0.0691246 0.0244271 0.0472925 0.0257557 0.0286112 
Bede66737_OTOF    0.0090566 0.0447084 0.0383387 0.0084226 0.0037466 0.0000000 0.0019944 0.0085622 0.0214484 0.0064187 0.0072013 0.0758134 0.0453205 0.0241088 0.0155892 0.0285446 0.0257949 0.0267398 0.0268232 0.0248849 0.0141780 0.0999708 0.0145567 0.0173244 0.0088990 0.0283113 0.0275395 0.0283751 0.0280262 0.0249251 0.0538142 0.0269336 0.0391659 0.0329415 0.0381037 0.0264214 0.0261241 0.0383852 0.0262095 0.0257423 0.0257897 0.0260374 0.0271545 0.0278500 0.0340604 0.0480291 0.0537551 0.0671538 0.0321482 0.0527944 0.0208439 0.0266560 0.0525213 0.0259596 0.0589837 0.0522021 0.0484082 0.0252664 0.0246432 0.0763439 0.0257144 0.0265912 0.0244449 0.0690888 0.0239259 0.0272100 0.0241832 0.0273302 0.0249053 0.0285636 0.0530557 0.0252301 0.0259194 0.0272377 0.0279416 0.0268872 0.0281187 0.0279299 0.0361070 0.0272381 0.0265374 0.0267021 0.0281269 0.0270023 0.0260073 0.0716093 0.0238307 0.0455372 0.0257893 0.0283087 
BedeAUS_OTOF      0.0228442 0.0470011 0.0266646 0.0241655 0.0053545 0.0019944 0.0000000 0.0231286 0.0374961 0.0206502 0.0222200 0.0917573 0.0749953 0.0250163 0.0159691 0.0274463 0.0430363 0.0276311 0.0422650 0.0389336 0.0270075 0.1181362 0.0160164 0.0186045 0.0293111 0.0297910 0.0433867 0.0300427 0.0425342 0.0243023 0.0687531 0.0440885 0.0273040 0.0340719 0.0601189 0.0279534 0.0259621 0.0674066 0.0416161 0.0420162 0.0405428 0.0410879 0.0271230 0.0464204 0.0553509 0.0673380 0.0561130 0.0891739 0.0489538 0.0529754 0.0224447 0.0277729 0.0494346 0.0402055 0.0619811 0.0546908 0.0692887 0.0399941 0.0417332 0.0955806 0.0271192 0.0416693 0.0399248 0.0886334 0.0411604 0.0285386 0.0409272 0.0437107 0.0407856 0.0533554 0.0536458 0.0399275 0.0397294 0.0290360 0.0486675 0.0430297 0.0383119 0.0295487 0.0542176 0.0439768 0.0282743 0.0429268 0.0441038 0.0428959 0.0267530 0.0835521 0.0439648 0.0480003 0.0396206 0.0469066 
Bmus_OTOF         0.0069504 0.0474087 0.0359927 0.0071768 0.0074893 0.0085622 0.0231286 0.0000000 0.0168693 0.0062353 0.0065521 0.0711791 0.0450484 0.0292077 0.0148258 0.0290352 0.0430625 0.0265847 0.0283169 0.0258473 0.0112120 0.0890516 0.0119798 0.0135590 0.0060475 0.0295775 0.0276320 0.0287847 0.0286456 0.0257155 0.0535835 0.0278948 0.0377256 0.0491645 0.0355030 0.0272512 0.0276484 0.0391100 0.0277231 0.0275369 0.0268965 0.0426563 0.0272139 0.0301582 0.0326488 0.0460220 0.0726037 0.1037825 0.0343205 0.0503682 0.0443425 0.0429822 0.0539860 0.0266170 0.0758232 0.0519802 0.0599397 0.0266957 0.0267307 0.0727922 0.0418114 0.0417215 0.0255769 0.0687036 0.0274230 0.0289204 0.0247003 0.0287643 0.0242070 0.0312571 0.0507014 0.0257142 0.0251824 0.0279941 0.0308149 0.0284557 0.0302394 0.0283210 0.0358048 0.0285894 0.0271644 0.0275647 0.0284764 0.0274068 0.0267326 0.0675242 0.0254003 0.0449530 0.0276429 0.0294209 
Bmys_OTOF         0.0159869 0.0548499 0.0314194 0.0186183 0.0196494 0.0214484 0.0374961 0.0168693 0.0000000 0.0159303 0.0174208 0.0734882 0.0476524 0.0291140 0.0195555 0.0313209 0.0302883 0.0305633 0.0309251 0.0270489 0.0086990 0.0948408 0.0085123 0.0096705 0.0194695 0.0335262 0.0305120 0.0310859 0.0288625 0.0302550 0.0577107 0.0311689 0.0280162 0.0364654 0.0405763 0.0304203 0.0296725 0.0440992 0.0292308 0.0301244 0.0264583 0.0321757 0.0303046 0.0330592 0.0387569 0.0562825 0.0645081 0.1007286 0.0417834 0.0568466 0.0555618 0.0350194 0.0669995 0.0275393 0.0677261 0.0666694 0.0706309 0.0276315 0.0280483 0.0769330 0.0294084 0.0304691 0.0260014 0.0725179 0.0324051 0.0302147 0.0284354 0.0322761 0.0266104 0.0260997 0.0372773 0.0269087 0.0303050 0.0306574 0.0386041 0.0305013 0.0331596 0.0300368 0.0408661 0.0310250 0.0295507 0.0329547 0.0314679 0.0294182 0.0286324 0.0712172 0.0317148 0.0505482 0.0280854 0.0333846 
Bphy_OTOF         0.0064055 0.0452183 0.0359434 0.0065252 0.0051016 0.0064187 0.0206502 0.0062353 0.0159303 0.0000000 0.0004860 0.0719413 0.0410393 0.0275528 0.0135999 0.0255147 0.0401352 0.0252271 0.0257889 0.0245494 0.0111613 0.0886088 0.0113995 0.0124067 0.0078164 0.0272525 0.0252149 0.0266563 0.0268089 0.0236194 0.0546506 0.0271876 0.0356250 0.0470055 0.0353948 0.0245777 0.0252970 0.0349757 0.0242455 0.0252279 0.0250365 0.0401068 0.0258347 0.0291881 0.0301725 0.0428564 0.0689971 0.1009131 0.0331739 0.0482732 0.0410748 0.0433742 0.0506776 0.0253313 0.0741690 0.0511046 0.0581922 0.0252262 0.0247689 0.0734257 0.0399848 0.0385685 0.0237002 0.0682412 0.0258990 0.0258822 0.0228465 0.0270315 0.0232572 0.0265668 0.0484086 0.0242306 0.0247396 0.0245427 0.0281784 0.0260600 0.0281121 0.0252282 0.0344672 0.0262756 0.0236245 0.0256722 0.0264955 0.0240395 0.0237922 0.0673887 0.0232033 0.0424615 0.0257947 0.0275763 
Bphy_baits_OTOF   0.0063033 0.0465927 0.0372031 0.0080959 0.0059043 0.0072013 0.0222200 0.0065521 0.0174208 0.0004860 0.0000000 0.0731190 0.0440415 0.0226201 0.0141699 0.0263851 0.0248770 0.0248088 0.0253824 0.0242675 0.0116201 0.1005266 0.0121267 0.0137538 0.0070781 0.0261935 0.0249940 0.0262634 0.0265495 0.0236423 0.0532208 0.0266646 0.0230424 0.0329212 0.0371175 0.0238183 0.0247849 0.0363106 0.0245644 0.0249459 0.0243332 0.0247246 0.0257122 0.0275929 0.0313660 0.0480234 0.0489819 0.0673847 0.0332546 0.0535874 0.0436088 0.0271690 0.0579043 0.0256252 0.0596938 0.0530156 0.0481984 0.0243599 0.0230328 0.0737676 0.0244576 0.0255008 0.0229977 0.0677351 0.0267549 0.0259306 0.0231731 0.0253858 0.0231672 0.0274612 0.0349045 0.0240716 0.0250460 0.0248032 0.0285539 0.0257916 0.0273826 0.0258085 0.0361820 0.0251213 0.0234410 0.0260071 0.0264246 0.0252970 0.0233693 0.0685259 0.0245459 0.0471670 0.0251300 0.0272561 
Btau_OTOF         0.0700877 0.1021467 0.0904505 0.0735970 0.0768800 0.0758134 0.0917573 0.0711791 0.0734882 0.0719413 0.0731190 0.0000000 0.1027614 0.0849817 0.0724621 0.0846805 0.1008366 0.0818253 0.0820467 0.0812727 0.0716496 0.1051597 0.0729552 0.0749156 0.0725414 0.0846802 0.0828282 0.0815198 0.0832342 0.0767898 0.0703233 0.0859105 0.0932362 0.1071811 0.0917249 0.0815951 0.0823457 0.0885432 0.0810424 0.0835500 0.0805381 0.1006767 0.0811054 0.0848556 0.0856233 0.0999577 0.1308691 0.1814623 0.0883607 0.1094738 0.0985600 0.1000033 0.1095766 0.0818174 0.1432214 0.1132531 0.1213348 0.0811606 0.0815664 0.0295314 0.0979072 0.0983098 0.0801405 0.0424346 0.0849713 0.0850467 0.0797704 0.0862373 0.0764528 0.0803992 0.1133141 0.0809930 0.0847940 0.0800847 0.0825987 0.0821097 0.0835401 0.0804636 0.0917552 0.0839422 0.0799074 0.0830385 0.0834084 0.0810389 0.0819582 0.0869343 0.0786111 0.0994979 0.0805137 0.0826544 
Ccom40_OTOF       0.0444970 0.0222680 0.0595321 0.0224615 0.0466377 0.0453205 0.0749953 0.0450484 0.0476524 0.0410393 0.0440415 0.1027614 0.0000000 0.0215778 0.0437611 0.0208896 0.0203809 0.0098278 0.0198962 0.0280318 0.0375747 0.1461153 0.0485979 0.0507798 0.0373865 0.0286469 0.0247799 0.0251887 0.0201027 0.0433277 0.0797550 0.0205580 0.0795530 0.0303691 0.0257789 0.0274253 0.0071400 0.0349400 0.0180069 0.0208467 0.0172239 0.0074271 0.0096176 0.0382784 0.0522024 0.0867558 0.0952882 0.1718295 0.0437646 0.0788996 0.0545271 0.0293844 0.0239630 0.0301942 0.0794851 0.0833059 0.0833150 0.0276527 0.0276418 0.1055197 0.0241776 0.0206230 0.0233769 0.0957022 0.0250992 0.0286890 0.0287519 0.0183697 0.0453755 0.0434407 0.0454098 0.0276514 0.0170650 0.0225162 0.0038532 0.0232305 0.0110520 0.0217465 0.0203470 0.0212784 0.0290228 0.0074920 0.0202268 0.0183744 0.0241176 0.0814651 0.0141327 0.0983976 0.0192234 0.0390443 
Chea7320_OTOF     0.0288938 0.0532856 0.0369125 0.0220637 0.0286181 0.0241088 0.0250163 0.0292077 0.0291140 0.0275528 0.0226201 0.0849817 0.0215778 0.0000000 0.0231649 0.0059332 0.0104658 0.0075966 0.0043287 0.0139539 0.0222333 0.1114169 0.0255515 0.0277496 0.0247595 0.0065982 0.0053428 0.0094159 0.0092978 0.0286751 0.0657257 0.0169530 0.0408499 0.0436862 0.0059920 0.0059987 0.0052271 0.0186707 0.0038886 0.0045479 0.0052554 0.0092029 0.0057912 0.0262704 0.0340500 0.0584199 0.0613798 0.0793498 0.0341618 0.0503381 0.0240826 0.0334847 0.0296863 0.0153479 0.0693587 0.0570258 0.0545482 0.0153755 0.0139299 0.0837074 0.0107645 0.0106426 0.0114757 0.0781610 0.0190376 0.0060787 0.0118356 0.0087933 0.0304171 0.0296030 0.0355414 0.0150872 0.0089724 0.0050209 0.0055506 0.0048922 0.0054796 0.0052130 0.0045905 0.0054392 0.0089927 0.0043691 0.0041960 0.0049800 0.0044620 0.0748896 0.0030668 0.0563135 0.0079292 0.0260164 
Cmar59905_OTOF    0.0139053 0.0513001 0.0364370 0.0143707 0.0134164 0.0155892 0.0159691 0.0148258 0.0195555 0.0135999 0.0141699 0.0724621 0.0437611 0.0231649 0.0000000 0.0279295 0.0262458 0.0262036 0.0263379 0.0246240 0.0146766 0.0977454 0.0148635 0.0177222 0.0140563 0.0276795 0.0257684 0.0280291 0.0282047 0.0254161 0.0552207 0.0275091 0.0231751 0.0334146 0.0346360 0.0258947 0.0259503 0.0352032 0.0250308 0.0245433 0.0252359 0.0253700 0.0253407 0.0283496 0.0306726 0.0519549 0.0531062 0.1010252 0.0334778 0.0502505 0.0269260 0.0259514 0.0514824 0.0253644 0.0596082 0.0521810 0.0474709 0.0256487 0.0243188 0.0728182 0.0257720 0.0258349 0.0240442 0.0696468 0.0270397 0.0268835 0.0228521 0.0270497 0.0239422 0.0282882 0.0352366 0.0249058 0.0213131 0.0255698 0.0270007 0.0250165 0.0274398 0.0263743 0.0344785 0.0260142 0.0246262 0.0253115 0.0265705 0.0253740 0.0252480 0.0672686 0.0218555 0.0495503 0.0269217 0.0267763 
Dcap108471_OTOF   0.0285038 0.0489228 0.0377326 0.0260569 0.0282058 0.0285446 0.0274463 0.0290352 0.0313209 0.0255147 0.0263851 0.0846805 0.0208896 0.0059332 0.0279295 0.0000000 0.0026222 0.0013388 0.0028448 0.0142280 0.0266612 0.1054910 0.0289108 0.0301908 0.0279489 0.0070493 0.0055499 0.0060877 0.0063175 0.0287243 0.0623716 0.0166849 0.0432893 0.0361504 0.0210658 0.0080687 0.0058538 0.0205324 0.0032747 0.0046349 0.0056252 0.0047236 0.0047659 0.0243099 0.0364946 0.0516756 0.0529898 0.0782444 0.0347046 0.0507346 0.0261411 0.0281710 0.0511123 0.0156624 0.0609170 0.0548362 0.0633609 0.0142764 0.0131438 0.0836708 0.0062165 0.0056230 0.0086229 0.0756115 0.0198443 0.0066437 0.0145639 0.0038221 0.0295882 0.0356089 0.0353028 0.0140284 0.0100868 0.0034271 0.0028836 0.0056898 0.0055613 0.0051229 0.0144217 0.0042588 0.0046375 0.0024400 0.0037538 0.0045436 0.0039821 0.0724915 0.0031845 0.0510057 0.0040324 0.0298303 
Dcap79929_OTOF    0.0427391 0.0513483 0.0387417 0.0258609 0.0436029 0.0257949 0.0430363 0.0430625 0.0302883 0.0401352 0.0248770 0.1008366 0.0203809 0.0104658 0.0262458 0.0026222 0.0000000 0.0168626 0.0014833 0.0274719 0.0226087 0.1288893 0.0261437 0.0284265 0.0258058 0.0048410 0.0035887 0.0190883 0.0175170 0.0436549 0.0785751 0.0168513 0.0416422 0.0358183 0.0195613 0.0065423 0.0203105 0.0168178 0.0018789 0.0023900 0.0169517 0.0041456 0.0216153 0.0380142 0.0346446 0.0689039 0.0518143 0.0717920 0.0336324 0.0525150 0.0448990 0.0269529 0.0562594 0.0288735 0.0603532 0.0551667 0.0679807 0.0264600 0.0268084 0.1011483 0.0047265 0.0042591 0.0209683 0.0932578 0.0194601 0.0046186 0.0130497 0.0182044 0.0421297 0.0302911 0.0351860 0.0267176 0.0106418 0.0018992 0.0017161 0.0041264 0.0047436 0.0036173 0.0131325 0.0021682 0.0191513 0.0019868 0.0024668 0.0034058 0.0017281 0.0916194 0.0020299 0.0613982 0.0156376 0.0274711 
DdelSJR_OTOF      0.0276983 0.0338736 0.0396578 0.0257668 0.0273420 0.0267398 0.0276311 0.0265847 0.0305633 0.0252271 0.0248088 0.0818253 0.0098278 0.0075966 0.0262036 0.0013388 0.0168626 0.0000000 0.0012925 0.0124754 0.0247993 0.1020252 0.0269353 0.0296192 0.0260960 0.0053064 0.0041013 0.0040558 0.0037466 0.0269214 0.0592548 0.0181971 0.0421129 0.0462616 0.0200465 0.0064184 0.0037766 0.0219793 0.0014589 0.0030345 0.0037403 0.0203707 0.0037145 0.0241108 0.0383571 0.0549222 0.0785722 0.1028636 0.0363889 0.0502259 0.0260248 0.0461342 0.0599196 0.0143237 0.0729455 0.0568368 0.0525561 0.0127917 0.0109467 0.0826672 0.0193426 0.0187529 0.0060247 0.0751223 0.0202983 0.0047476 0.0128407 0.0035200 0.0274554 0.0305538 0.0277170 0.0119800 0.0094006 0.0014271 0.0018277 0.0039805 0.0047848 0.0035392 0.0132913 0.0034500 0.0035235 0.0021535 0.0019428 0.0033960 0.0022131 0.0696373 0.0012224 0.0512431 0.0027359 0.0291422 
Ddeltrop4525_OTOF 0.0282816 0.0501710 0.0381221 0.0269603 0.0266962 0.0268232 0.0422650 0.0283169 0.0309251 0.0257889 0.0253824 0.0820467 0.0198962 0.0043287 0.0263379 0.0028448 0.0014833 0.0012925 0.0000000 0.0132140 0.0253398 0.0998785 0.0270784 0.0294963 0.0259785 0.0053221 0.0037170 0.0043913 0.0042525 0.0266985 0.0595354 0.0176111 0.0401105 0.0361033 0.0184801 0.0065395 0.0054310 0.0165715 0.0026073 0.0033456 0.0042472 0.0049125 0.0046761 0.0231446 0.0315948 0.0481791 0.0514241 0.0672293 0.0350754 0.0485593 0.0461522 0.0283238 0.0526653 0.0145642 0.0598999 0.0549187 0.0468608 0.0123597 0.0111235 0.0825040 0.0045557 0.0043959 0.0074909 0.0737089 0.0194301 0.0049274 0.0131791 0.0034435 0.0278425 0.0329042 0.0333045 0.0121285 0.0099059 0.0022211 0.0026983 0.0042790 0.0051242 0.0041427 0.0120912 0.0033455 0.0039142 0.0023203 0.0026445 0.0042474 0.0030435 0.0697745 0.0022945 0.0479912 0.0029619 0.0264679 
Dleu_OTOF         0.0248828 0.0458515 0.0337148 0.0233490 0.0232718 0.0248849 0.0389336 0.0258473 0.0270489 0.0245494 0.0242675 0.0812727 0.0280318 0.0139539 0.0246240 0.0142280 0.0274719 0.0124754 0.0132140 0.0000000 0.0243131 0.0993418 0.0248903 0.0265920 0.0236548 0.0136992 0.0128896 0.0141097 0.0148865 0.0237407 0.0637290 0.0180292 0.0372035 0.0504584 0.0205355 0.0127795 0.0118602 0.0255010 0.0122255 0.0118144 0.0132630 0.0265357 0.0120864 0.0219419 0.0293402 0.0445204 0.0697765 0.1044902 0.0323967 0.0435810 0.0407872 0.0384792 0.0508336 0.0026834 0.0713453 0.0507288 0.0551625 0.0107931 0.0111238 0.0813231 0.0254551 0.0261931 0.0125569 0.0757451 0.0178293 0.0128999 0.0089120 0.0126724 0.0260975 0.0282054 0.0288670 0.0099030 0.0077245 0.0134955 0.0144340 0.0131610 0.0140303 0.0143768 0.0204894 0.0121703 0.0121132 0.0125176 0.0128988 0.0128918 0.0120495 0.0737271 0.0116226 0.0438386 0.0139689 0.0248916 
EausAUS_OTOF      0.0112084 0.0389654 0.0417047 0.0124058 0.0126515 0.0141780 0.0270075 0.0112120 0.0086990 0.0111613 0.0116201 0.0716496 0.0375747 0.0222333 0.0146766 0.0266612 0.0226087 0.0247993 0.0253398 0.0243131 0.0000000 0.0981942 0.0019182 0.0023377 0.0120442 0.0273484 0.0261460 0.0261719 0.0257926 0.0265123 0.0506777 0.0273763 0.0230065 0.0317023 0.0366606 0.0268497 0.0244663 0.0365749 0.0247624 0.0246662 0.0240778 0.0246793 0.0249581 0.0273217 0.0354703 0.0574037 0.0617538 0.0708569 0.0240871 0.0610481 0.0410943 0.0241949 0.0311051 0.0253236 0.0677843 0.0632550 0.0549611 0.0256956 0.0242809 0.0735371 0.0245946 0.0243909 0.0244009 0.0671705 0.0282923 0.0258527 0.0258793 0.0269761 0.0249885 0.0259586 0.0325783 0.0253227 0.0231948 0.0253858 0.0295567 0.0247638 0.0253589 0.0246365 0.0368762 0.0250505 0.0245933 0.0253307 0.0260627 0.0254549 0.0246521 0.0684440 0.0233372 0.0576003 0.0250557 0.0294203 
Ecab_OTOF         0.0881052 0.1650616 0.1196302 0.0993765 0.0986935 0.0999708 0.1181362 0.0890516 0.0948408 0.0886088 0.1005266 0.1051597 0.1461153 0.1114169 0.0977454 0.1054910 0.1288893 0.1020252 0.0998785 0.0993418 0.0981942 0.0000000 0.0926368 0.0957638 0.1014921 0.1100605 0.1005616 0.0978579 0.0969835 0.1042129 0.0954550 0.1065535 0.1187160 0.1406657 0.1167405 0.1046133 0.1072907 0.1353419 0.1021382 0.0995408 0.0969020 0.1270642 0.1062594 0.1015520 0.1150558 0.1305476 0.1793701 0.2383179 0.1254824 0.1387787 0.1444385 0.1321605 0.1604161 0.1004315 0.1764174 0.1552122 0.1495269 0.0989864 0.0835612 0.1074698 0.1209594 0.1225722 0.0964294 0.1002838 0.1084709 0.1044837 0.1094695 0.1042028 0.0947220 0.1061292 0.1375044 0.0991218 0.1135762 0.1035839 0.1188119 0.1028309 0.1112690 0.1064339 0.1083214 0.1034481 0.0980008 0.1070730 0.1024830 0.1007269 0.1006526 0.0943165 0.1089787 0.1278576 0.0957651 0.1161490 
Egla13086_OTOF    0.0124645 0.0502003 0.0371343 0.0131587 0.0127361 0.0145567 0.0160164 0.0119798 0.0085123 0.0113995 0.0121267 0.0729552 0.0485979 0.0255515 0.0148635 0.0289108 0.0261437 0.0269353 0.0270784 0.0248903 0.0019182 0.0926368 0.0000000 0.0010322 0.0122562 0.0290675 0.0269146 0.0278963 0.0275872 0.0265995 0.0546971 0.0284542 0.0367558 0.0325102 0.0361219 0.0272541 0.0269518 0.0365097 0.0265180 0.0267580 0.0259946 0.0268126 0.0272443 0.0277412 0.0350833 0.0509601 0.0563882 0.0739848 0.0338955 0.0513974 0.0279525 0.0294184 0.0576470 0.0259310 0.0606435 0.0575868 0.0490906 0.0265260 0.0255071 0.0747360 0.0262363 0.0260876 0.0249585 0.0655667 0.0276318 0.0283747 0.0265612 0.0281615 0.0246314 0.0316503 0.0519362 0.0259823 0.0261391 0.0270801 0.0306021 0.0271827 0.0291384 0.0271521 0.0370849 0.0278129 0.0265197 0.0288273 0.0289290 0.0273434 0.0258120 0.0690100 0.0250110 0.0482203 0.0270147 0.0286631 
Ejap43864_OTOF    0.0140915 0.0534551 0.0401322 0.0142151 0.0143932 0.0173244 0.0186045 0.0135590 0.0096705 0.0124067 0.0137538 0.0749156 0.0507798 0.0277496 0.0177222 0.0301908 0.0284265 0.0296192 0.0294963 0.0265920 0.0023377 0.0957638 0.0010322 0.0000000 0.0130016 0.0316827 0.0289304 0.0298217 0.0295712 0.0294484 0.0546067 0.0307594 0.0398602 0.0365578 0.0396099 0.0289600 0.0296907 0.0413442 0.0279315 0.0292853 0.0275442 0.0295045 0.0293625 0.0297249 0.0377143 0.0585672 0.0595207 0.0853345 0.0377181 0.0579504 0.0290227 0.0288641 0.0636420 0.0274521 0.0663410 0.0632945 0.0538495 0.0297960 0.0289249 0.0738457 0.0286473 0.0282801 0.0272257 0.0671245 0.0300267 0.0295086 0.0299809 0.0297822 0.0268712 0.0313590 0.0553729 0.0291938 0.0293497 0.0283372 0.0316246 0.0287521 0.0310746 0.0293781 0.0410549 0.0300554 0.0274713 0.0312262 0.0309083 0.0290695 0.0273569 0.0717527 0.0258346 0.0564255 0.0286594 0.0321282 
Erob133443_OTOF   0.0082659 0.0374937 0.0389928 0.0084077 0.0082059 0.0088990 0.0293111 0.0060475 0.0194695 0.0078164 0.0070781 0.0725414 0.0373865 0.0247595 0.0140563 0.0279489 0.0258058 0.0260960 0.0259785 0.0236548 0.0120442 0.1014921 0.0122562 0.0130016 0.0000000 0.0267407 0.0270522 0.0252726 0.0280854 0.0265971 0.0544655 0.0253863 0.0453707 0.0362677 0.0237365 0.0237391 0.0258276 0.0377175 0.0258459 0.0261231 0.0261974 0.0272406 0.0264415 0.0276561 0.0357896 0.0536932 0.0602819 0.1074334 0.0367660 0.0626577 0.0439939 0.0282376 0.0591480 0.0248862 0.0707595 0.0605858 0.0527803 0.0249384 0.0248576 0.0752445 0.0254742 0.0265653 0.0240844 0.0670126 0.0246739 0.0268858 0.0232456 0.0286303 0.0260865 0.0244923 0.0543626 0.0243035 0.0258563 0.0264487 0.0279347 0.0269528 0.0293559 0.0232429 0.0256690 0.0238346 0.0251859 0.0249509 0.0267258 0.0235243 0.0244544 0.0678949 0.0234803 0.0523305 0.0270708 0.0286578 
Fatt_OTOF         0.0304524 0.0610922 0.0418387 0.0281885 0.0284482 0.0283113 0.0297910 0.0295775 0.0335262 0.0272525 0.0261935 0.0846802 0.0286469 0.0065982 0.0276795 0.0070493 0.0048410 0.0053064 0.0053221 0.0136992 0.0273484 0.1100605 0.0290675 0.0316827 0.0267407 0.0000000 0.0049498 0.0029636 0.0028713 0.0293371 0.0626295 0.0202881 0.0424809 0.0397710 0.0227763 0.0076934 0.0074922 0.0237423 0.0044341 0.0048506 0.0063287 0.0082551 0.0071586 0.0239369 0.0386223 0.0593941 0.0548704 0.0888739 0.0379937 0.0329970 0.0292353 0.0301846 0.0346916 0.0150936 0.0659459 0.0640955 0.0542482 0.0142991 0.0130707 0.0847764 0.0054577 0.0049814 0.0082235 0.0774650 0.0231081 0.0044112 0.0146122 0.0019537 0.0289996 0.0322045 0.0394280 0.0140149 0.0144447 0.0062467 0.0069377 0.0050334 0.0064381 0.0064476 0.0159566 0.0059455 0.0053487 0.0065627 0.0059272 0.0058793 0.0047207 0.0746901 0.0056986 0.0545644 0.0049938 0.0306224 
Ggri_OTOF         0.0281054 0.0608934 0.0394091 0.0267562 0.0266208 0.0275395 0.0433867 0.0276320 0.0305120 0.0252149 0.0249940 0.0828282 0.0247799 0.0053428 0.0257684 0.0055499 0.0035887 0.0041013 0.0037170 0.0128896 0.0261460 0.1005616 0.0269146 0.0289304 0.0270522 0.0049498 0.0000000 0.0034969 0.0033747 0.0267306 0.0618914 0.0194864 0.0404436 0.0368571 0.0195594 0.0062098 0.0061055 0.0209157 0.0030554 0.0035157 0.0049697 0.0059858 0.0060149 0.0238720 0.0347454 0.0516855 0.0519052 0.0742248 0.0356887 0.0504707 0.0504184 0.0291256 0.0517190 0.0136139 0.0632377 0.0618078 0.0489602 0.0117373 0.0105423 0.0845166 0.0049651 0.0047181 0.0068147 0.0750729 0.0200156 0.0035807 0.0134036 0.0030027 0.0273743 0.0329637 0.0356312 0.0119707 0.0118656 0.0043902 0.0061114 0.0049098 0.0057271 0.0051468 0.0131038 0.0043238 0.0048025 0.0046378 0.0042477 0.0049483 0.0032631 0.0713875 0.0043762 0.0509741 0.0038266 0.0286011 
Gmac39091_OTOF    0.0292353 0.0546220 0.0389988 0.0284791 0.0280292 0.0283751 0.0300427 0.0287847 0.0310859 0.0266563 0.0262634 0.0815198 0.0251887 0.0094159 0.0280291 0.0060877 0.0190883 0.0040558 0.0043913 0.0141097 0.0261719 0.0978579 0.0278963 0.0298217 0.0252726 0.0029636 0.0034969 0.0000000 0.0004264 0.0274005 0.0605734 0.0193066 0.0409440 0.0570592 0.0205748 0.0070427 0.0062409 0.0221004 0.0041166 0.0041526 0.0054049 0.0219480 0.0057893 0.0252119 0.0365693 0.0518253 0.0747101 0.0960341 0.0381592 0.0502459 0.0286916 0.0454696 0.0596727 0.0157157 0.0820549 0.0577069 0.0661509 0.0134830 0.0108254 0.0828725 0.0176874 0.0182906 0.0071716 0.0745859 0.0209121 0.0036541 0.0145995 0.0010301 0.0300626 0.0344825 0.0363455 0.0130086 0.0115049 0.0052033 0.0066658 0.0038953 0.0055752 0.0057191 0.0137023 0.0046600 0.0038305 0.0053831 0.0046009 0.0050069 0.0033853 0.0705262 0.0049126 0.0487421 0.0043089 0.0301474 
Gmel_OTOF         0.0278601 0.0506079 0.0382850 0.0260544 0.0279683 0.0280262 0.0425342 0.0286456 0.0288625 0.0268089 0.0265495 0.0832342 0.0201027 0.0092978 0.0282047 0.0063175 0.0175170 0.0037466 0.0042525 0.0148865 0.0257926 0.0969835 0.0275872 0.0295712 0.0280854 0.0028713 0.0033747 0.0004264 0.0000000 0.0273432 0.0644004 0.0181042 0.0406702 0.0533417 0.0190930 0.0072908 0.0057290 0.0177210 0.0040001 0.0040253 0.0049004 0.0195796 0.0054420 0.0252715 0.0317387 0.0484616 0.0732430 0.1091339 0.0357350 0.0482896 0.0462547 0.0438358 0.0531893 0.0156141 0.0779243 0.0565505 0.0597628 0.0147610 0.0132730 0.0830329 0.0171337 0.0167551 0.0078436 0.0783264 0.0207397 0.0037054 0.0138296 0.0013661 0.0294848 0.0338191 0.0337036 0.0142074 0.0112152 0.0050604 0.0059726 0.0041589 0.0051647 0.0055533 0.0124410 0.0045431 0.0043605 0.0047808 0.0042146 0.0054668 0.0038578 0.0744113 0.0044588 0.0474438 0.0042141 0.0292032 
Hamp_OTOF         0.0247704 0.0312219 0.0207583 0.0258620 0.0255079 0.0249251 0.0243023 0.0257155 0.0302550 0.0236194 0.0236423 0.0767898 0.0433277 0.0286751 0.0254161 0.0287243 0.0436549 0.0269214 0.0266985 0.0237407 0.0265123 0.1042129 0.0265995 0.0294484 0.0265971 0.0293371 0.0267306 0.0274005 0.0273432 0.0000000 0.0611975 0.0240442 0.0393282 0.0509281 0.0362557 0.0264927 0.0266422 0.0213098 0.0256714 0.0267540 0.0253306 0.0428149 0.0264839 0.0292539 0.0066035 0.0111152 0.0270947 0.0451653 0.0187108 0.0258796 0.0080228 0.0285279 0.0344029 0.0242484 0.0332171 0.0085740 0.0087026 0.0246049 0.0250034 0.0791203 0.0413027 0.0411121 0.0238623 0.0749716 0.0264724 0.0272722 0.0234910 0.0279436 0.0262583 0.0337789 0.0536069 0.0233260 0.0217875 0.0260147 0.0268198 0.0273830 0.0291942 0.0274427 0.0352292 0.0270703 0.0256950 0.0270305 0.0271998 0.0258179 0.0263497 0.0732557 0.0212920 0.0101781 0.0255737 0.0142156 
Hippo_OTOF        0.0535246 0.0781787 0.0736221 0.0515884 0.0539586 0.0538142 0.0687531 0.0535835 0.0577107 0.0546506 0.0532208 0.0703233 0.0797550 0.0657257 0.0552207 0.0623716 0.0785751 0.0592548 0.0595354 0.0637290 0.0506777 0.0954550 0.0546971 0.0546067 0.0544655 0.0626295 0.0618914 0.0605734 0.0644004 0.0611975 0.0000000 0.0612326 0.0714049 0.0843269 0.0723225 0.0609806 0.0616220 0.0722137 0.0598797 0.0578295 0.0623222 0.0761373 0.0591049 0.0682258 0.0691363 0.0803904 0.1146979 0.1470031 0.0695404 0.0851784 0.0738729 0.0788365 0.0913625 0.0644219 0.1163184 0.0906121 0.0988998 0.0638237 0.0643649 0.0718786 0.0764457 0.0773881 0.0622206 0.0684603 0.0641450 0.0630192 0.0609838 0.0647764 0.0601432 0.0592266 0.0838077 0.0630889 0.0580562 0.0618096 0.0612066 0.0621259 0.0626741 0.0622139 0.0690032 0.0581072 0.0604193 0.0591992 0.0597067 0.0597018 0.0613239 0.0675644 0.0580239 0.0811716 0.0614709 0.0656358 
Igeo_OTOF         0.0273250 0.0292423 0.0380358 0.0252142 0.0281489 0.0269336 0.0440885 0.0278948 0.0311689 0.0271876 0.0266646 0.0859105 0.0205580 0.0169530 0.0275091 0.0166849 0.0168513 0.0181971 0.0176111 0.0180292 0.0273763 0.1065535 0.0284542 0.0307594 0.0253863 0.0202881 0.0194864 0.0193066 0.0181042 0.0240442 0.0612326 0.0000000 0.0443684 0.0272520 0.0288666 0.0184751 0.0170815 0.0317643 0.0166679 0.0180659 0.0167562 0.0174625 0.0180402 0.0190514 0.0340555 0.0514066 0.0572134 0.0963685 0.0319111 0.0545562 0.0421003 0.0254722 0.0553587 0.0190752 0.0525898 0.0574281 0.0496757 0.0175776 0.0171514 0.0844683 0.0169716 0.0178060 0.0154566 0.0767237 0.0147360 0.0196016 0.0173351 0.0186246 0.0278408 0.0319028 0.0346750 0.0175622 0.0167445 0.0178735 0.0198812 0.0187291 0.0175593 0.0175094 0.0288575 0.0171787 0.0193572 0.0157374 0.0180707 0.0173037 0.0176191 0.0740798 0.0182805 0.0508953 0.0172747 0.0270734 
Kbre_OTOF         0.0369002 0.0489629 0.0494854 0.0425142 0.0376933 0.0391659 0.0273040 0.0377256 0.0280162 0.0356250 0.0230424 0.0932362 0.0795530 0.0408499 0.0231751 0.0432893 0.0416422 0.0421129 0.0401105 0.0372035 0.0230065 0.1187160 0.0367558 0.0398602 0.0453707 0.0424809 0.0404436 0.0409440 0.0406702 0.0393282 0.0714049 0.0443684 0.0000000 0.0319134 0.0552848 0.0405714 0.0421155 0.0415412 0.0398354 0.0401735 0.0390981 0.0441277 0.0414974 0.0415259 0.0543593 0.0703260 0.0680357 0.0822026 0.0365422 0.0689016 0.0249657 0.0417301 0.0569391 0.0387148 0.0763363 0.0752452 0.0629789 0.0390962 0.0406079 0.0928037 0.0401158 0.0406704 0.0382105 0.0864883 0.0414980 0.0403386 0.0413544 0.0411394 0.0264342 0.0176174 0.0344971 0.0384614 0.0487530 0.0425963 0.0299199 0.0396796 0.0454909 0.0420373 0.0522100 0.0416763 0.0409336 0.0456652 0.0414697 0.0430516 0.0392513 0.0846786 0.0271010 0.0698302 0.0399865 0.0479576 
Ksim_OTOF         0.0481792 0.0319218 0.0425949 0.0240144 0.0539381 0.0329415 0.0340719 0.0491645 0.0364654 0.0470055 0.0329212 0.1071811 0.0303691 0.0436862 0.0334146 0.0361504 0.0358183 0.0462616 0.0361033 0.0504584 0.0317023 0.1406657 0.0325102 0.0365578 0.0362677 0.0397710 0.0368571 0.0570592 0.0533417 0.0509281 0.0843269 0.0272520 0.0319134 0.0000000 0.0362868 0.0377376 0.0446862 0.0544964 0.0351284 0.0365905 0.0509492 0.0259741 0.0481914 0.0561087 0.0492512 0.0866162 0.0707822 0.1259116 0.0364026 0.0548245 0.0226320 0.0264730 0.0531116 0.0517865 0.0522079 0.0544158 0.0853593 0.0505898 0.0544314 0.1096735 0.0380140 0.0354889 0.0509838 0.1003366 0.0302948 0.0373470 0.0330492 0.0539835 0.0376978 0.0346423 0.0444608 0.0495748 0.0255044 0.0375218 0.0283779 0.0386397 0.0305977 0.0360808 0.0357925 0.0391608 0.0574096 0.0286500 0.0373948 0.0351358 0.0346578 0.0983748 0.0373040 0.0750265 0.0528143 0.0387912 
Lacu_OTOF         0.0364493 0.0513124 0.0508989 0.0360092 0.0377403 0.0381037 0.0601189 0.0355030 0.0405763 0.0353948 0.0371175 0.0917249 0.0257789 0.0059920 0.0346360 0.0210658 0.0195613 0.0200465 0.0184801 0.0205355 0.0366606 0.1167405 0.0361219 0.0396099 0.0237365 0.0227763 0.0195594 0.0205748 0.0190930 0.0362557 0.0723225 0.0288666 0.0552848 0.0362868 0.0000000 0.0192490 0.0197696 0.0221297 0.0181770 0.0183135 0.0169687 0.0212036 0.0200373 0.0278167 0.0317677 0.0684620 0.0709360 0.0814446 0.0473915 0.0670585 0.0701212 0.0256014 0.0531573 0.0226531 0.0788842 0.0606865 0.0588993 0.0197237 0.0191875 0.0922232 0.0187936 0.0194238 0.0154854 0.0852699 0.0329885 0.0214584 0.0094819 0.0204951 0.0359702 0.0442287 0.0497214 0.0202951 0.0087190 0.0209427 0.0108969 0.0181521 0.0213057 0.0198980 0.0071398 0.0197503 0.0206727 0.0067393 0.0190662 0.0196871 0.0183930 0.0805334 0.0075407 0.0681559 0.0187450 0.0346365 
Lalb_OTOF         0.0280416 0.0607250 0.0392254 0.0267071 0.0257396 0.0264214 0.0279534 0.0272512 0.0304203 0.0245777 0.0238183 0.0815951 0.0274253 0.0059987 0.0258947 0.0080687 0.0065423 0.0064184 0.0065395 0.0127795 0.0268497 0.1046133 0.0272541 0.0289600 0.0237391 0.0076934 0.0062098 0.0070427 0.0072908 0.0264927 0.0609806 0.0184751 0.0405714 0.0377376 0.0192490 0.0000000 0.0069085 0.0235791 0.0061087 0.0067405 0.0057989 0.0067691 0.0069077 0.0224199 0.0355771 0.0530094 0.0504589 0.0896466 0.0374630 0.0502824 0.0269972 0.0287291 0.0620549 0.0140560 0.0608254 0.0591533 0.0669665 0.0123119 0.0110602 0.0820667 0.0068169 0.0064609 0.0067784 0.0754079 0.0216844 0.0070593 0.0134872 0.0061207 0.0278214 0.0308703 0.0365119 0.0123050 0.0128015 0.0064382 0.0079401 0.0067654 0.0081211 0.0077785 0.0165207 0.0072054 0.0062013 0.0079688 0.0068335 0.0059008 0.0055005 0.0732816 0.0073460 0.0517080 0.0060483 0.0288750 
Laus_OTOF         0.0273871 0.0311267 0.0357411 0.0232800 0.0269620 0.0261241 0.0259621 0.0276484 0.0296725 0.0252970 0.0247849 0.0823457 0.0071400 0.0052271 0.0259503 0.0058538 0.0203105 0.0037766 0.0054310 0.0118602 0.0244663 0.1072907 0.0269518 0.0296907 0.0258276 0.0074922 0.0061055 0.0062409 0.0057290 0.0266422 0.0616220 0.0170815 0.0421155 0.0446862 0.0197696 0.0069085 0.0000000 0.0197368 0.0047938 0.0053633 0.0026020 0.0180194 0.0022391 0.0234011 0.0350985 0.0539102 0.0776707 0.1296773 0.0345351 0.0489800 0.0236115 0.0444507 0.0286227 0.0131127 0.0703809 0.0565958 0.0503617 0.0131588 0.0114314 0.0842679 0.0194933 0.0197461 0.0076639 0.0780744 0.0198154 0.0065919 0.0119750 0.0046295 0.0277181 0.0314828 0.0264203 0.0123878 0.0077158 0.0055872 0.0057217 0.0057936 0.0054557 0.0065016 0.0153611 0.0064246 0.0061267 0.0042173 0.0052925 0.0061761 0.0050769 0.0734908 0.0037759 0.0512077 0.0049944 0.0273646 
Lbor_OTOF         0.0373167 0.0429114 0.0348371 0.0370201 0.0419659 0.0383852 0.0674066 0.0391100 0.0440992 0.0349757 0.0363106 0.0885432 0.0349400 0.0186707 0.0352032 0.0205324 0.0168178 0.0219793 0.0165715 0.0255010 0.0365749 0.1353419 0.0365097 0.0413442 0.0377175 0.0237423 0.0209157 0.0221004 0.0177210 0.0213098 0.0722137 0.0317643 0.0415412 0.0544964 0.0221297 0.0235791 0.0197368 0.0000000 0.0166893 0.0186110 0.0140082 0.0172317 0.0138596 0.0352159 0.0191363 0.0201872 0.0204617 0.0485376 0.0497761 0.0729599 0.0477892 0.0406418 0.0455301 0.0259629 0.0346943 0.0212382 0.0175348 0.0222207 0.0092950 0.0963470 0.0213459 0.0178844 0.0197419 0.0926677 0.0326210 0.0241086 0.0216041 0.0230372 0.0407590 0.0266587 0.0394721 0.0213642 0.0258982 0.0183623 0.0151567 0.0201122 0.0196671 0.0181993 0.0172944 0.0180145 0.0234447 0.0167844 0.0177121 0.0171487 0.0207064 0.0740542 0.0168874 0.0185755 0.0156095 0.0347512 
Lhos30470_OTOF    0.0267120 0.0489140 0.0380349 0.0245841 0.0262303 0.0262095 0.0416161 0.0277231 0.0292308 0.0242455 0.0245644 0.0810424 0.0180069 0.0038886 0.0250308 0.0032747 0.0018789 0.0014589 0.0026073 0.0122255 0.0247624 0.1021382 0.0265180 0.0279315 0.0258459 0.0044341 0.0030554 0.0041166 0.0040001 0.0256714 0.0598797 0.0166679 0.0398354 0.0351284 0.0181770 0.0061087 0.0047938 0.0166893 0.0000000 0.0018007 0.0039950 0.0042775 0.0040120 0.0228080 0.0305155 0.0507184 0.0509977 0.0911788 0.0333265 0.0496376 0.0439969 0.0264850 0.0289243 0.0131642 0.0608914 0.0563391 0.0468234 0.0120229 0.0106449 0.0820031 0.0039672 0.0043078 0.0069399 0.0752111 0.0202074 0.0040630 0.0116054 0.0022123 0.0264866 0.0302685 0.0344751 0.0120207 0.0096274 0.0026063 0.0042558 0.0034414 0.0043955 0.0033178 0.0116954 0.0023006 0.0028423 0.0024334 0.0025162 0.0034391 0.0018272 0.0698644 0.0022259 0.0495088 0.0024306 0.0264516 
Lhos452_OTOF      0.0272628 0.0514578 0.0388898 0.0255410 0.0258282 0.0257423 0.0420162 0.0275369 0.0301244 0.0252279 0.0249459 0.0835500 0.0208467 0.0045479 0.0245433 0.0046349 0.0023900 0.0030345 0.0033456 0.0118144 0.0246662 0.0995408 0.0267580 0.0292853 0.0261231 0.0048506 0.0035157 0.0041526 0.0040253 0.0267540 0.0578295 0.0180659 0.0401735 0.0365905 0.0183135 0.0067405 0.0053633 0.0186110 0.0018007 0.0000000 0.0042604 0.0048897 0.0052000 0.0235472 0.0331250 0.0502427 0.0537660 0.0721174 0.0343707 0.0487889 0.0459690 0.0271873 0.0562419 0.0133124 0.0593090 0.0574222 0.0478808 0.0115907 0.0103158 0.0849429 0.0046812 0.0039444 0.0066715 0.0766431 0.0196061 0.0046441 0.0127690 0.0031289 0.0267446 0.0295508 0.0337656 0.0118355 0.0110188 0.0033463 0.0031335 0.0036804 0.0047583 0.0037351 0.0115267 0.0024826 0.0033294 0.0031124 0.0030979 0.0034828 0.0013136 0.0699534 0.0014302 0.0493330 0.0021202 0.0263854 
Lobl_OTOF         0.0257486 0.0460741 0.0361816 0.0240062 0.0257568 0.0257897 0.0405428 0.0268965 0.0264583 0.0250365 0.0243332 0.0805381 0.0172239 0.0052554 0.0252359 0.0056252 0.0169517 0.0037403 0.0042472 0.0132630 0.0240778 0.0969020 0.0259946 0.0275442 0.0261974 0.0063287 0.0049697 0.0054049 0.0049004 0.0253306 0.0623222 0.0167562 0.0390981 0.0509492 0.0169687 0.0057989 0.0026020 0.0140082 0.0039950 0.0042604 0.0000000 0.0151579 0.0025706 0.0235376 0.0294233 0.0463523 0.0689584 0.1033128 0.0340771 0.0465151 0.0421357 0.0419874 0.0510178 0.0139834 0.0754999 0.0535559 0.0579304 0.0131328 0.0119162 0.0807877 0.0173504 0.0169513 0.0080039 0.0765845 0.0188902 0.0049572 0.0112182 0.0043642 0.0273465 0.0306193 0.0318253 0.0125857 0.0101402 0.0045677 0.0052189 0.0050349 0.0056469 0.0050758 0.0131362 0.0052676 0.0046063 0.0042675 0.0044478 0.0054630 0.0040969 0.0742162 0.0031719 0.0463503 0.0043801 0.0264197 
Lobs_OTOF         0.0426174 0.0328580 0.0269720 0.0257019 0.0440309 0.0260374 0.0410879 0.0426563 0.0321757 0.0401068 0.0247246 0.1006767 0.0074271 0.0092029 0.0253700 0.0047236 0.0041456 0.0203707 0.0049125 0.0265357 0.0246793 0.1270642 0.0268126 0.0295045 0.0272406 0.0082551 0.0059858 0.0219480 0.0195796 0.0428149 0.0761373 0.0174625 0.0441277 0.0259741 0.0212036 0.0067691 0.0180194 0.0172317 0.0042775 0.0048897 0.0151579 0.0000000 0.0209270 0.0422438 0.0361146 0.0685789 0.0551970 0.0671448 0.0352905 0.0517925 0.0443961 0.0287603 0.0555812 0.0276981 0.0528449 0.0569141 0.0711010 0.0249076 0.0263612 0.1050711 0.0057682 0.0053171 0.0220355 0.0950976 0.0188641 0.0064167 0.0115021 0.0208811 0.0429941 0.0326963 0.0262487 0.0251740 0.0106733 0.0047936 0.0051305 0.0052512 0.0055388 0.0062525 0.0159795 0.0053713 0.0213064 0.0047974 0.0046821 0.0058528 0.0049193 0.0875501 0.0035877 0.0617247 0.0178748 0.0272139 
LperAUS_OTOF      0.0280788 0.0326088 0.0385429 0.0255390 0.0276930 0.0271545 0.0271230 0.0272139 0.0303046 0.0258347 0.0257122 0.0811054 0.0096176 0.0057912 0.0253407 0.0047659 0.0216153 0.0037145 0.0046761 0.0120864 0.0249581 0.1062594 0.0272443 0.0293625 0.0264415 0.0071586 0.0060149 0.0057893 0.0054420 0.0264839 0.0591049 0.0180402 0.0414974 0.0481914 0.0200373 0.0069077 0.0022391 0.0138596 0.0040120 0.0052000 0.0025706 0.0209270 0.0000000 0.0212232 0.0322532 0.0514384 0.0778607 0.0981223 0.0358079 0.0528204 0.0240713 0.0425036 0.0308194 0.0137162 0.0720478 0.0543164 0.0673837 0.0118597 0.0098222 0.0806596 0.0207310 0.0203828 0.0075420 0.0750549 0.0194783 0.0059579 0.0114026 0.0050853 0.0278552 0.0309829 0.0272047 0.0112992 0.0095145 0.0052324 0.0061832 0.0054550 0.0064179 0.0064908 0.0159837 0.0059719 0.0056879 0.0056593 0.0042196 0.0064750 0.0047474 0.0730326 0.0041689 0.0498731 0.0054281 0.0290675 
