94
Bacu_RYR2         0.0000000 0.0190296 0.0192500 0.0063043 0.0067266 0.0074052 0.0071053 0.0105724 0.0223170 0.0068028 0.0097221 0.0075628 0.0636780 0.0217402 0.0215725 0.0107059 0.0203259 0.0207002 0.0205297 0.0209359 0.0202948 0.0186047 0.0111070 0.0888639 0.0098000 0.0106899 0.0095855 0.0192769 0.0193830 0.0189878 0.0198525 0.0171168 0.0511787 0.0213377 0.0255599 0.0234603 0.0206140 0.0212488 0.0219464 0.0201587 0.0197516 0.0194499 0.0216384 0.0209737 0.0216046 0.0188398 0.0179105 0.0173466 0.0198410 0.0169172 0.0179603 0.0180436 0.0169592 0.0180566 0.0171782 0.0194882 0.0185521 0.0190089 0.0176664 0.0187143 0.0183711 0.0645640 0.0206493 0.0199532 0.0197769 0.0797039 0.0205804 0.0196977 0.0196626 0.0191075 0.0186470 0.0191276 0.0218154 0.0181217 0.0210520 0.0179555 0.0202734 0.0204855 0.0198661 0.0190386 0.0202402 0.0203441 0.0201380 0.0191085 0.0187558 0.0206788 0.0201332 0.0199071 0.0205904 0.0858753 0.0201454 0.0170587 0.0206988 0.0179397 
Barn_RYR2         0.0190296 0.0000000 0.0008948 0.0181556 0.0185804 0.0186725 0.0188449 0.0241043 0.0307498 0.0173764 0.0179155 0.0191810 0.0633212 0.0166757 0.0167004 0.0181697 0.0155033 0.0156300 0.0156216 0.0156768 0.0152642 0.0125950 0.0159741 0.0932433 0.0156851 0.0160281 0.0167929 0.0143140 0.0143048 0.0138034 0.0142662 0.0061848 0.0501334 0.0153541 0.0219773 0.0203956 0.0161303 0.0154224 0.0174060 0.0167098 0.0148009 0.0153359 0.0162317 0.0158830 0.0170420 0.0070494 0.0071389 0.0069647 0.0076778 0.0066750 0.0071957 0.0071223 0.0069504 0.0074425 0.0062503 0.0132921 0.0079489 0.0085495 0.0068877 0.0129703 0.0129974 0.0662172 0.0151960 0.0148347 0.0150975 0.0872151 0.0142074 0.0163377 0.0144014 0.0142236 0.0125209 0.0142117 0.0178093 0.0127218 0.0135956 0.0124135 0.0159200 0.0160716 0.0155653 0.0150980 0.0156782 0.0152772 0.0157606 0.0151108 0.0153698 0.0155090 0.0155056 0.0155026 0.0157598 0.0909454 0.0149903 0.0068586 0.0159125 0.0071839 
Bbai76728_RYR2    0.0192500 0.0008948 0.0000000 0.0218596 0.0188903 0.0189682 0.0190676 0.0229810 0.0279913 0.0183266 0.0214516 0.0188861 0.0623792 0.0168214 0.0166626 0.0193666 0.0155874 0.0158029 0.0156814 0.0158191 0.0155632 0.0129746 0.0161510 0.0935995 0.0159781 0.0165349 0.0205073 0.0145536 0.0146470 0.0144205 0.0147851 0.0063187 0.0494594 0.0161098 0.0214780 0.0207266 0.0158166 0.0153300 0.0172805 0.0166780 0.0153207 0.0156705 0.0162525 0.0159776 0.0166136 0.0076894 0.0073689 0.0070947 0.0075922 0.0067942 0.0072115 0.0065556 0.0071228 0.0077743 0.0067420 0.0137179 0.0078505 0.0086523 0.0073890 0.0131813 0.0133391 0.0644230 0.0152659 0.0149656 0.0148847 0.0828703 0.0155591 0.0163476 0.0148065 0.0145779 0.0127338 0.0146615 0.0182828 0.0130362 0.0136796 0.0126031 0.0158172 0.0159821 0.0156417 0.0150765 0.0159740 0.0145110 0.0156019 0.0151150 0.0153843 0.0153686 0.0155005 0.0152601 0.0158927 0.0894893 0.0152775 0.0074831 0.0158144 0.0073896 
BbonAUS_RYR2      0.0063043 0.0181556 0.0218596 0.0000000 0.0082945 0.0093595 0.0090455 0.0122619 0.0222127 0.0087005 0.0061675 0.0091404 0.0671851 0.0239368 0.0238183 0.0135096 0.0230791 0.0205886 0.0230935 0.0230074 0.0199471 0.0205466 0.0127573 0.0954178 0.0115234 0.0124241 0.0068171 0.0217278 0.0216890 0.0215177 0.0218502 0.0200979 0.0537022 0.0242717 0.0265218 0.0257037 0.0229146 0.0222690 0.0241984 0.0226788 0.0196243 0.0221004 0.0233169 0.0233857 0.0238604 0.0189004 0.0209945 0.0201609 0.0207013 0.0201518 0.0208638 0.0214396 0.0194939 0.0209399 0.0200469 0.0212526 0.0212321 0.0220024 0.0202561 0.0205899 0.0206446 0.0678482 0.0225720 0.0220152 0.0218599 0.0856121 0.0233473 0.0211275 0.0222246 0.0226624 0.0208970 0.0216290 0.0222018 0.0212918 0.0218685 0.0209792 0.0230267 0.0228951 0.0225164 0.0217939 0.0227396 0.0228322 0.0225939 0.0220858 0.0215886 0.0231946 0.0225878 0.0226650 0.0231447 0.0936991 0.0228790 0.0199815 0.0228209 0.0210671 
Bbor_RYR2         0.0067266 0.0185804 0.0188903 0.0082945 0.0000000 0.0015793 0.0016090 0.0079167 0.0235035 0.0058159 0.0081690 0.0025361 0.0632392 0.0214065 0.0211300 0.0108366 0.0203726 0.0209419 0.0202832 0.0205743 0.0203096 0.0174512 0.0103169 0.0880976 0.0096660 0.0101773 0.0087027 0.0184116 0.0186984 0.0186959 0.0188260 0.0163137 0.0489887 0.0212909 0.0233731 0.0223061 0.0199086 0.0192221 0.0209816 0.0199702 0.0201597 0.0194800 0.0205362 0.0204375 0.0206857 0.0186362 0.0174209 0.0171920 0.0173608 0.0167441 0.0170720 0.0170982 0.0170866 0.0175877 0.0170960 0.0184418 0.0180992 0.0187090 0.0172526 0.0173222 0.0177860 0.0636349 0.0196062 0.0194079 0.0194080 0.0800596 0.0200476 0.0173255 0.0191725 0.0183257 0.0176318 0.0189123 0.0215722 0.0174921 0.0183487 0.0176090 0.0202914 0.0202797 0.0196426 0.0191362 0.0202834 0.0197603 0.0200499 0.0192370 0.0190472 0.0205595 0.0198902 0.0198213 0.0202620 0.0846728 0.0198114 0.0162714 0.0201503 0.0181522 
Bede66737_RYR2    0.0074052 0.0186725 0.0189682 0.0093595 0.0015793 0.0000000 0.0001540 0.0085874 0.0235713 0.0064917 0.0088502 0.0012483 0.0636161 0.0216490 0.0214125 0.0109162 0.0202160 0.0208734 0.0202637 0.0205513 0.0203492 0.0177091 0.0101843 0.0885090 0.0094309 0.0099412 0.0088410 0.0185850 0.0187051 0.0188716 0.0189932 0.0167464 0.0496956 0.0212674 0.0233292 0.0222832 0.0200198 0.0192985 0.0213712 0.0201417 0.0200314 0.0195940 0.0209298 0.0207203 0.0210071 0.0186177 0.0179404 0.0176185 0.0179398 0.0171652 0.0176746 0.0176828 0.0173804 0.0179101 0.0173287 0.0186082 0.0186079 0.0189699 0.0176763 0.0177481 0.0182159 0.0639812 0.0199756 0.0195114 0.0194822 0.0808004 0.0202913 0.0175059 0.0192880 0.0186602 0.0180116 0.0189366 0.0215722 0.0175305 0.0186842 0.0177141 0.0202686 0.0204787 0.0197576 0.0190780 0.0203925 0.0192921 0.0201171 0.0191706 0.0192353 0.0203843 0.0199594 0.0196340 0.0202429 0.0846755 0.0197912 0.0166810 0.0202156 0.0180395 
BedeAUS_RYR2      0.0071053 0.0188449 0.0190676 0.0090455 0.0016090 0.0001540 0.0000000 0.0088013 0.0229579 0.0065594 0.0087754 0.0012898 0.0632451 0.0215006 0.0210657 0.0109923 0.0202993 0.0207576 0.0202077 0.0204192 0.0202769 0.0172364 0.0098870 0.0893716 0.0093303 0.0096629 0.0087768 0.0184556 0.0185433 0.0186262 0.0188070 0.0166139 0.0490209 0.0212838 0.0233615 0.0223004 0.0199590 0.0192111 0.0210997 0.0202493 0.0199683 0.0193476 0.0206347 0.0205778 0.0208291 0.0186788 0.0178682 0.0172838 0.0176498 0.0169743 0.0173922 0.0175942 0.0172866 0.0180552 0.0172816 0.0182456 0.0182048 0.0190952 0.0174261 0.0173557 0.0179122 0.0633963 0.0195690 0.0192712 0.0194007 0.0804589 0.0200465 0.0172727 0.0191085 0.0185473 0.0175448 0.0189213 0.0218107 0.0174120 0.0184034 0.0175677 0.0203025 0.0202403 0.0196401 0.0190865 0.0200173 0.0194875 0.0200117 0.0192250 0.0191932 0.0204590 0.0198483 0.0197348 0.0202727 0.0849003 0.0198542 0.0167412 0.0200725 0.0181315 
Bmus_RYR2         0.0105724 0.0241043 0.0229810 0.0122619 0.0079167 0.0085874 0.0088013 0.0000000 0.0311733 0.0094844 0.0120764 0.0092919 0.0688322 0.0245577 0.0247181 0.0141827 0.0241949 0.0248105 0.0240798 0.0236137 0.0242010 0.0209217 0.0133684 0.0923986 0.0128115 0.0131664 0.0123254 0.0226260 0.0229032 0.0227682 0.0226893 0.0203501 0.0576985 0.0255685 0.0278881 0.0260853 0.0242010 0.0253273 0.0249418 0.0238404 0.0232736 0.0233693 0.0263813 0.0243023 0.0247050 0.0221926 0.0209991 0.0209317 0.0224431 0.0207306 0.0211518 0.0216837 0.0205693 0.0215603 0.0207176 0.0217500 0.0220753 0.0227669 0.0211899 0.0232021 0.0215348 0.0690534 0.0236857 0.0232868 0.0249841 0.0892547 0.0239363 0.0224716 0.0231761 0.0240037 0.0218770 0.0229727 0.0253926 0.0217750 0.0260275 0.0211611 0.0240602 0.0239311 0.0234727 0.0228660 0.0238515 0.0237730 0.0239361 0.0226385 0.0229785 0.0241004 0.0237781 0.0233155 0.0239463 0.0899608 0.0238212 0.0202430 0.0243264 0.0223021 
Bmys_RYR2         0.0223170 0.0307498 0.0279913 0.0222127 0.0235035 0.0235713 0.0229579 0.0311733 0.0000000 0.0209601 0.0213859 0.0227632 0.0716040 0.0292735 0.0281149 0.0226150 0.0278896 0.0281608 0.0280164 0.0275958 0.0279125 0.0230867 0.0157277 0.1028094 0.0157013 0.0158146 0.0204403 0.0265591 0.0262937 0.0252222 0.0256840 0.0245291 0.0603840 0.0328453 0.0331222 0.0332954 0.0280608 0.0261375 0.0285462 0.0285875 0.0282646 0.0282415 0.0270989 0.0263796 0.0278354 0.0281927 0.0260565 0.0260051 0.0263967 0.0259485 0.0259867 0.0337976 0.0251882 0.0258804 0.0272551 0.0237842 0.0263737 0.0274622 0.0259931 0.0238341 0.0240750 0.0705198 0.0266459 0.0264143 0.0274171 0.1093650 0.0290907 0.0251494 0.0275697 0.0282701 0.0233404 0.0263237 0.0210434 0.0234848 0.0236443 0.0242831 0.0271281 0.0282753 0.0271062 0.0264713 0.0266532 0.0332607 0.0280526 0.0269025 0.0279965 0.0285621 0.0270801 0.0272655 0.0281091 0.0988629 0.0280507 0.0247903 0.0273653 0.0260269 
Bphy_RYR2         0.0068028 0.0173764 0.0183266 0.0087005 0.0058159 0.0064917 0.0065594 0.0094844 0.0209601 0.0000000 0.0040173 0.0061500 0.0646646 0.0212566 0.0211013 0.0101842 0.0199854 0.0202828 0.0201290 0.0201809 0.0202228 0.0173250 0.0096990 0.0891405 0.0084184 0.0088880 0.0088050 0.0184806 0.0185115 0.0182118 0.0184191 0.0164837 0.0505209 0.0213920 0.0229514 0.0216852 0.0198038 0.0192855 0.0213489 0.0207397 0.0198391 0.0194266 0.0204217 0.0202531 0.0210441 0.0182996 0.0176127 0.0171589 0.0174902 0.0170134 0.0175793 0.0178077 0.0168939 0.0177640 0.0166780 0.0180260 0.0182191 0.0186958 0.0173216 0.0168306 0.0172190 0.0661579 0.0201873 0.0191821 0.0192215 0.0813546 0.0198269 0.0177159 0.0188873 0.0175700 0.0174966 0.0183872 0.0211676 0.0173149 0.0180828 0.0171596 0.0197923 0.0202072 0.0195888 0.0189411 0.0200722 0.0188688 0.0199753 0.0191871 0.0190071 0.0199969 0.0197009 0.0195386 0.0203884 0.0911085 0.0196035 0.0161344 0.0198199 0.0175756 
Bphy_baits_RYR2   0.0097221 0.0179155 0.0214516 0.0061675 0.0081690 0.0088502 0.0087754 0.0120764 0.0213859 0.0040173 0.0000000 0.0085273 0.0671387 0.0237516 0.0233802 0.0133470 0.0227129 0.0198442 0.0228227 0.0229186 0.0196711 0.0194870 0.0122547 0.0932273 0.0114897 0.0118263 0.0062187 0.0211213 0.0212818 0.0210757 0.0213602 0.0194627 0.0521880 0.0246606 0.0260769 0.0248731 0.0223201 0.0220690 0.0237776 0.0232307 0.0193349 0.0220532 0.0229645 0.0227082 0.0232675 0.0182506 0.0205137 0.0198914 0.0203641 0.0197734 0.0205204 0.0203680 0.0197751 0.0210852 0.0195831 0.0203033 0.0209237 0.0217598 0.0198277 0.0194327 0.0199228 0.0674607 0.0219975 0.0213968 0.0217328 0.0878307 0.0221503 0.0202598 0.0213606 0.0212645 0.0196485 0.0213995 0.0208071 0.0197763 0.0206439 0.0196943 0.0226037 0.0227873 0.0221519 0.0214618 0.0224627 0.0229258 0.0226592 0.0220428 0.0214488 0.0229816 0.0223947 0.0222745 0.0230629 0.0921853 0.0222886 0.0196100 0.0226372 0.0206185 
Bric_RYR2         0.0075628 0.0191810 0.0188861 0.0091404 0.0025361 0.0012483 0.0012898 0.0092919 0.0227632 0.0061500 0.0085273 0.0000000 0.0665480 0.0214729 0.0212476 0.0109454 0.0201716 0.0206255 0.0202109 0.0215639 0.0203029 0.0186906 0.0102344 0.0894788 0.0094572 0.0099558 0.0087883 0.0184652 0.0186638 0.0187559 0.0203574 0.0166462 0.0510877 0.0215845 0.0247921 0.0223354 0.0200418 0.0207731 0.0213024 0.0199917 0.0201108 0.0196240 0.0226688 0.0205675 0.0208561 0.0187555 0.0174199 0.0172774 0.0204955 0.0173480 0.0177276 0.0183001 0.0172323 0.0179105 0.0171031 0.0195017 0.0183170 0.0186945 0.0174327 0.0193456 0.0179046 0.0666532 0.0198356 0.0193797 0.0212830 0.0847283 0.0205113 0.0189715 0.0192490 0.0187853 0.0180888 0.0188910 0.0215854 0.0177917 0.0222749 0.0177915 0.0202026 0.0203204 0.0196223 0.0189558 0.0201678 0.0194916 0.0200549 0.0191196 0.0191848 0.0205051 0.0198994 0.0196615 0.0202613 0.0866933 0.0197319 0.0169100 0.0204756 0.0182490 
Btau_RYR2         0.0636780 0.0633212 0.0623792 0.0671851 0.0632392 0.0636161 0.0632451 0.0688322 0.0716040 0.0646646 0.0671387 0.0665480 0.0000000 0.0647240 0.0651880 0.0637483 0.0650783 0.0669701 0.0651194 0.0657632 0.0653959 0.0615952 0.0601610 0.1056409 0.0603445 0.0607511 0.0656256 0.0646448 0.0637985 0.0642619 0.0655559 0.0603961 0.0784133 0.0639962 0.0698644 0.0653081 0.0652153 0.0681980 0.0659350 0.0631249 0.0666883 0.0653630 0.0684856 0.0640466 0.0654754 0.0648310 0.0607962 0.0601392 0.0645399 0.0608116 0.0613160 0.0575931 0.0606084 0.0610879 0.0600896 0.0631265 0.0611387 0.0633486 0.0612611 0.0660767 0.0623512 0.0170025 0.0646735 0.0638009 0.0681047 0.0411631 0.0635176 0.0655734 0.0650594 0.0648651 0.0630886 0.0645992 0.0706448 0.0620000 0.0695726 0.0622370 0.0641374 0.0645464 0.0652829 0.0646486 0.0646398 0.0607174 0.0644594 0.0653594 0.0644320 0.0650242 0.0645826 0.0643428 0.0646500 0.0986033 0.0629786 0.0612267 0.0667579 0.0608426 
Ccom40_RYR2       0.0217402 0.0166757 0.0168214 0.0239368 0.0214065 0.0216490 0.0215006 0.0245577 0.0292735 0.0212566 0.0237516 0.0214729 0.0647240 0.0000000 0.0014223 0.0203175 0.0053436 0.0056411 0.0057804 0.0058276 0.0054478 0.0093888 0.0184180 0.0962538 0.0182059 0.0187609 0.0224392 0.0053996 0.0051416 0.0053179 0.0056559 0.0154232 0.0510649 0.0163787 0.0235781 0.0225208 0.0071893 0.0066875 0.0011698 0.0024628 0.0056307 0.0051342 0.0024256 0.0025210 0.0021887 0.0162940 0.0161316 0.0159969 0.0165567 0.0153782 0.0162761 0.0160246 0.0157244 0.0163362 0.0155400 0.0102699 0.0163877 0.0170654 0.0157780 0.0102849 0.0103809 0.0656357 0.0066955 0.0058288 0.0063512 0.0838287 0.0153460 0.0192473 0.0063373 0.0112596 0.0099063 0.0056611 0.0225028 0.0099037 0.0110194 0.0098139 0.0056118 0.0053602 0.0057557 0.0053142 0.0055715 0.0064681 0.0060029 0.0051629 0.0055676 0.0054828 0.0054915 0.0058327 0.0064404 0.0863584 0.0058052 0.0161743 0.0060840 0.0161202 
Chea7320_RYR2     0.0215725 0.0167004 0.0166626 0.0238183 0.0211300 0.0214125 0.0210657 0.0247181 0.0281149 0.0211013 0.0233802 0.0212476 0.0651880 0.0014223 0.0000000 0.0203943 0.0049799 0.0051820 0.0053511 0.0053532 0.0048305 0.0091456 0.0184369 0.0942867 0.0180939 0.0187821 0.0224531 0.0052096 0.0049618 0.0049821 0.0053523 0.0154808 0.0509138 0.0155405 0.0236736 0.0225912 0.0065656 0.0060405 0.0009730 0.0020285 0.0048482 0.0044646 0.0020149 0.0019763 0.0016223 0.0158271 0.0161363 0.0156836 0.0165848 0.0151538 0.0160012 0.0158846 0.0156116 0.0162097 0.0151356 0.0100096 0.0163112 0.0166422 0.0155442 0.0098685 0.0099922 0.0656846 0.0064693 0.0055970 0.0058202 0.0834402 0.0146093 0.0190091 0.0060999 0.0108396 0.0097229 0.0053810 0.0220467 0.0094279 0.0105215 0.0090737 0.0052592 0.0049232 0.0053850 0.0048288 0.0051738 0.0058027 0.0052966 0.0046456 0.0053243 0.0050020 0.0049885 0.0050733 0.0056365 0.0882536 0.0052814 0.0158447 0.0055820 0.0157484 
Cmar59905_RYR2    0.0107059 0.0181697 0.0193666 0.0135096 0.0108366 0.0109162 0.0109923 0.0141827 0.0226150 0.0101842 0.0133470 0.0109454 0.0637483 0.0203175 0.0203943 0.0000000 0.0200141 0.0204384 0.0201348 0.0201781 0.0201716 0.0179191 0.0110291 0.0925226 0.0104497 0.0110354 0.0128800 0.0190286 0.0189267 0.0189141 0.0192000 0.0176111 0.0503203 0.0206278 0.0240877 0.0231891 0.0199871 0.0196159 0.0208891 0.0199277 0.0202204 0.0197632 0.0203205 0.0198632 0.0203512 0.0198147 0.0181936 0.0177859 0.0187901 0.0179128 0.0183526 0.0172855 0.0176721 0.0188595 0.0174683 0.0188061 0.0190227 0.0200977 0.0181094 0.0175976 0.0179047 0.0642317 0.0198298 0.0198047 0.0199126 0.0819477 0.0200680 0.0183148 0.0194119 0.0189886 0.0175677 0.0192688 0.0237593 0.0173808 0.0185251 0.0176565 0.0201339 0.0202871 0.0198785 0.0193884 0.0200596 0.0191707 0.0201863 0.0193207 0.0198626 0.0205896 0.0200064 0.0198069 0.0206637 0.0868114 0.0196585 0.0177476 0.0202638 0.0182171 
Dcap108471_RYR2   0.0203259 0.0155033 0.0155874 0.0230791 0.0203726 0.0202160 0.0202993 0.0241949 0.0278896 0.0199854 0.0227129 0.0201716 0.0650783 0.0053436 0.0049799 0.0200141 0.0000000 0.0003166 0.0004456 0.0003694 0.0006772 0.0077939 0.0180398 0.0930380 0.0179120 0.0184074 0.0216367 0.0044644 0.0042221 0.0041751 0.0045002 0.0141312 0.0500345 0.0145617 0.0231786 0.0221500 0.0058840 0.0045711 0.0052006 0.0045086 0.0024758 0.0023481 0.0045696 0.0042980 0.0048039 0.0145719 0.0150207 0.0144413 0.0152993 0.0140228 0.0147899 0.0145061 0.0145966 0.0153384 0.0142019 0.0083393 0.0151012 0.0154544 0.0145891 0.0085855 0.0086455 0.0663303 0.0054445 0.0046282 0.0048058 0.0831139 0.0137302 0.0179497 0.0049001 0.0095594 0.0083286 0.0046871 0.0210754 0.0082126 0.0091512 0.0077183 0.0015907 0.0019497 0.0044359 0.0040300 0.0028120 0.0029386 0.0020932 0.0021102 0.0031936 0.0017338 0.0013440 0.0020235 0.0019341 0.0867552 0.0019261 0.0149721 0.0021562 0.0146167 
Dcap79929_RYR2    0.0207002 0.0156300 0.0158029 0.0205886 0.0209419 0.0208734 0.0207576 0.0248105 0.0281608 0.0202828 0.0198442 0.0206255 0.0669701 0.0056411 0.0051820 0.0204384 0.0003166 0.0000000 0.0007889 0.0007042 0.0007198 0.0080924 0.0185276 0.0977645 0.0181147 0.0186315 0.0192247 0.0045605 0.0045598 0.0041490 0.0046023 0.0144197 0.0506902 0.0144896 0.0236967 0.0225760 0.0064513 0.0049193 0.0055538 0.0046431 0.0027154 0.0026984 0.0048384 0.0046585 0.0051422 0.0147932 0.0152097 0.0145772 0.0155410 0.0142640 0.0152081 0.0150156 0.0150529 0.0154976 0.0143929 0.0089160 0.0154596 0.0157042 0.0150920 0.0090135 0.0090276 0.0677121 0.0056480 0.0048718 0.0050868 0.0869488 0.0138571 0.0184196 0.0050319 0.0100417 0.0085123 0.0048882 0.0211514 0.0085785 0.0096970 0.0081213 0.0019170 0.0025128 0.0047776 0.0043246 0.0031813 0.0032042 0.0026203 0.0026297 0.0035047 0.0019820 0.0018239 0.0024022 0.0023038 0.0893497 0.0024596 0.0153117 0.0025990 0.0146351 
DdelSJR_RYR2      0.0205297 0.0156216 0.0156814 0.0230935 0.0202832 0.0202637 0.0202077 0.0240798 0.0280164 0.0201290 0.0228227 0.0202109 0.0651194 0.0057804 0.0053511 0.0201348 0.0004456 0.0007889 0.0000000 0.0007994 0.0008263 0.0078069 0.0179332 0.0928594 0.0180163 0.0184904 0.0213918 0.0045354 0.0042971 0.0042738 0.0045700 0.0141944 0.0507105 0.0146627 0.0232519 0.0222621 0.0059679 0.0046397 0.0054843 0.0048972 0.0025736 0.0025457 0.0047875 0.0046132 0.0051432 0.0145709 0.0150689 0.0144954 0.0153418 0.0140381 0.0149317 0.0145062 0.0148335 0.0152592 0.0142167 0.0085704 0.0151482 0.0155013 0.0145987 0.0086614 0.0087666 0.0665719 0.0056080 0.0047862 0.0048704 0.0827152 0.0137225 0.0181148 0.0049381 0.0094941 0.0084185 0.0048445 0.0210736 0.0082947 0.0093704 0.0078515 0.0017251 0.0021694 0.0045571 0.0041875 0.0031731 0.0030997 0.0022895 0.0022573 0.0034269 0.0019008 0.0014750 0.0022385 0.0020472 0.0873604 0.0022132 0.0148960 0.0023390 0.0149127 
Ddel_RYR2         0.0209359 0.0156768 0.0158191 0.0230074 0.0205743 0.0205513 0.0204192 0.0236137 0.0275958 0.0201809 0.0229186 0.0215639 0.0657632 0.0058276 0.0053532 0.0201781 0.0003694 0.0007042 0.0007994 0.0000000 0.0007463 0.0077321 0.0182307 0.0917093 0.0180892 0.0185912 0.0219466 0.0047317 0.0044940 0.0045159 0.0048586 0.0145079 0.0545199 0.0146482 0.0230782 0.0222777 0.0064255 0.0060493 0.0055271 0.0049062 0.0029455 0.0025242 0.0069671 0.0047023 0.0050352 0.0147343 0.0154703 0.0148884 0.0156619 0.0141701 0.0150931 0.0145745 0.0150509 0.0156076 0.0143602 0.0083778 0.0155471 0.0159453 0.0148109 0.0106313 0.0087345 0.0664141 0.0056025 0.0047924 0.0071930 0.0860542 0.0138531 0.0183720 0.0049722 0.0097851 0.0085088 0.0050426 0.0214737 0.0083906 0.0116795 0.0079545 0.0021601 0.0025222 0.0047174 0.0043558 0.0029034 0.0030003 0.0025708 0.0026484 0.0035578 0.0022325 0.0018341 0.0024481 0.0021809 0.0872774 0.0024277 0.0150578 0.0031378 0.0150359 
Ddeltrop4525_RYR2 0.0202948 0.0152642 0.0155632 0.0199471 0.0203096 0.0203492 0.0202769 0.0242010 0.0279125 0.0202228 0.0196711 0.0203029 0.0653959 0.0054478 0.0048305 0.0201716 0.0006772 0.0007198 0.0008263 0.0007463 0.0000000 0.0074836 0.0181211 0.0939701 0.0178823 0.0184235 0.0188106 0.0042767 0.0040855 0.0040638 0.0043144 0.0143627 0.0499466 0.0145144 0.0234206 0.0221532 0.0060327 0.0044636 0.0050976 0.0045522 0.0023302 0.0019766 0.0044614 0.0042697 0.0045437 0.0142815 0.0151914 0.0146744 0.0153019 0.0138737 0.0148800 0.0144630 0.0147139 0.0153762 0.0141727 0.0081891 0.0152588 0.0157272 0.0144454 0.0084372 0.0084954 0.0667848 0.0050052 0.0041383 0.0047004 0.0831207 0.0134676 0.0182324 0.0045599 0.0093869 0.0081035 0.0045357 0.0208903 0.0080665 0.0090078 0.0076645 0.0018530 0.0020369 0.0043275 0.0039647 0.0025924 0.0026547 0.0023283 0.0023767 0.0029213 0.0020109 0.0017259 0.0022128 0.0021044 0.0872319 0.0024984 0.0148363 0.0023287 0.0150464 
Dleu_RYR2         0.0186047 0.0125950 0.0129746 0.0205466 0.0174512 0.0177091 0.0172364 0.0209217 0.0230867 0.0173250 0.0194870 0.0186906 0.0615952 0.0093888 0.0091456 0.0179191 0.0077939 0.0080924 0.0078069 0.0077321 0.0074836 0.0000000 0.0153528 0.0882729 0.0147344 0.0157096 0.0189757 0.0069975 0.0070528 0.0068564 0.0072450 0.0114660 0.0523409 0.0121458 0.0217624 0.0191488 0.0084587 0.0098163 0.0092347 0.0083625 0.0075397 0.0076232 0.0105129 0.0083501 0.0085539 0.0124075 0.0123970 0.0121474 0.0140378 0.0111511 0.0121768 0.0114249 0.0119694 0.0128616 0.0115677 0.0022416 0.0126503 0.0134159 0.0117509 0.0060639 0.0043413 0.0626281 0.0080965 0.0077031 0.0094746 0.0818614 0.0111334 0.0168714 0.0075955 0.0041626 0.0043456 0.0072745 0.0186564 0.0041770 0.0085836 0.0039260 0.0079599 0.0080091 0.0077320 0.0072716 0.0079457 0.0082621 0.0077688 0.0072612 0.0075848 0.0079087 0.0074636 0.0078391 0.0079963 0.0826308 0.0077873 0.0122228 0.0086111 0.0130529 
EausAUS_RYR2      0.0111070 0.0159741 0.0161510 0.0127573 0.0103169 0.0101843 0.0098870 0.0133684 0.0157277 0.0096990 0.0122547 0.0102344 0.0601610 0.0184180 0.0184369 0.0110291 0.0180398 0.0185276 0.0179332 0.0182307 0.0181211 0.0153528 0.0000000 0.0863399 0.0016378 0.0016018 0.0111517 0.0163595 0.0165540 0.0163651 0.0166115 0.0143903 0.0485441 0.0183475 0.0215593 0.0202607 0.0179559 0.0170754 0.0188772 0.0182423 0.0177738 0.0178076 0.0182840 0.0182423 0.0184404 0.0157795 0.0154878 0.0150680 0.0159902 0.0149305 0.0152017 0.0145013 0.0144936 0.0160379 0.0143590 0.0163186 0.0156664 0.0164711 0.0150744 0.0153041 0.0155526 0.0612660 0.0178833 0.0175825 0.0169360 0.0780121 0.0173825 0.0154783 0.0169981 0.0160698 0.0155701 0.0165254 0.0184642 0.0154401 0.0163040 0.0153649 0.0181459 0.0181000 0.0175034 0.0171515 0.0179116 0.0180295 0.0179494 0.0171720 0.0172960 0.0180558 0.0177849 0.0173944 0.0179343 0.0841351 0.0175712 0.0147455 0.0178209 0.0158109 
Ecab_RYR2         0.0888639 0.0932433 0.0935995 0.0954178 0.0880976 0.0885090 0.0893716 0.0923986 0.1028094 0.0891405 0.0932273 0.0894788 0.1056409 0.0962538 0.0942867 0.0925226 0.0930380 0.0977645 0.0928594 0.0917093 0.0939701 0.0882729 0.0863399 0.0000000 0.0884957 0.0875266 0.0933084 0.0928790 0.0924539 0.0930006 0.0915946 0.0888644 0.1046627 0.0885220 0.0979289 0.0956920 0.0942345 0.0960278 0.0936673 0.0934301 0.0974143 0.0940449 0.0951279 0.0936088 0.0942405 0.0931760 0.0886799 0.0881861 0.0910440 0.0902378 0.0894351 0.0848067 0.0900925 0.0891911 0.0888814 0.0891848 0.0903933 0.0907905 0.0900795 0.0923383 0.0900089 0.1057105 0.0939663 0.0934769 0.0940478 0.1266624 0.0943123 0.0934682 0.0945866 0.0959163 0.0910225 0.0933270 0.1097050 0.0919025 0.0972600 0.0916899 0.0920484 0.0937520 0.0936033 0.0929743 0.0937516 0.0841138 0.0929989 0.0929844 0.0931072 0.0972523 0.0928364 0.0926197 0.0924339 0.1150249 0.0910613 0.0888286 0.0929367 0.0881089 
Egla13086_RYR2    0.0098000 0.0156851 0.0159781 0.0115234 0.0096660 0.0094309 0.0093303 0.0128115 0.0157013 0.0084184 0.0114897 0.0094572 0.0603445 0.0182059 0.0180939 0.0104497 0.0179120 0.0181147 0.0180163 0.0180892 0.0178823 0.0147344 0.0016378 0.0884957 0.0000000 0.0006232 0.0105441 0.0162544 0.0163555 0.0161419 0.0164663 0.0143069 0.0481405 0.0180451 0.0211981 0.0198733 0.0176980 0.0170459 0.0188310 0.0183797 0.0176567 0.0175586 0.0179703 0.0177831 0.0182003 0.0154247 0.0151986 0.0145400 0.0154837 0.0143085 0.0149065 0.0141869 0.0145168 0.0155753 0.0139360 0.0158296 0.0155332 0.0164639 0.0147640 0.0146774 0.0149238 0.0612658 0.0174996 0.0170535 0.0169849 0.0791129 0.0169946 0.0151023 0.0168465 0.0157684 0.0148704 0.0162856 0.0183297 0.0151003 0.0156396 0.0149970 0.0180285 0.0179572 0.0173301 0.0168159 0.0176380 0.0176560 0.0178191 0.0171359 0.0172001 0.0180872 0.0176468 0.0175204 0.0180910 0.0856087 0.0175681 0.0146892 0.0177446 0.0153935 
Ejap43864_RYR2    0.0106899 0.0160281 0.0165349 0.0124241 0.0101773 0.0099412 0.0096629 0.0131664 0.0158146 0.0088880 0.0118263 0.0099558 0.0607511 0.0187609 0.0187821 0.0110354 0.0184074 0.0186315 0.0184904 0.0185912 0.0184235 0.0157096 0.0016018 0.0875266 0.0006232 0.0000000 0.0109275 0.0168095 0.0169179 0.0164565 0.0169245 0.0146409 0.0483086 0.0186240 0.0215769 0.0206396 0.0180328 0.0174016 0.0194138 0.0188268 0.0179422 0.0179973 0.0185614 0.0184978 0.0188931 0.0158680 0.0153807 0.0148323 0.0157900 0.0148267 0.0154745 0.0142964 0.0147666 0.0159100 0.0143610 0.0164581 0.0159283 0.0165844 0.0153196 0.0155774 0.0157529 0.0606578 0.0179519 0.0174601 0.0172586 0.0793987 0.0177012 0.0158314 0.0172741 0.0164457 0.0157119 0.0168356 0.0188483 0.0157531 0.0165240 0.0155491 0.0185454 0.0184406 0.0177225 0.0172782 0.0180286 0.0183171 0.0182716 0.0173862 0.0175763 0.0183523 0.0181017 0.0179761 0.0184415 0.0855364 0.0180779 0.0150077 0.0181692 0.0155707 
Erob133443_RYR2   0.0095855 0.0167929 0.0205073 0.0068171 0.0087027 0.0088410 0.0087768 0.0123254 0.0204403 0.0088050 0.0062187 0.0087883 0.0656256 0.0224392 0.0224531 0.0128800 0.0216367 0.0192247 0.0213918 0.0219466 0.0188106 0.0189757 0.0111517 0.0933084 0.0105441 0.0109275 0.0000000 0.0202617 0.0203220 0.0202182 0.0204924 0.0180312 0.0517921 0.0231314 0.0249414 0.0236290 0.0219247 0.0207219 0.0224629 0.0223993 0.0187834 0.0210394 0.0220824 0.0219523 0.0223068 0.0170465 0.0190742 0.0184439 0.0193017 0.0183766 0.0188311 0.0191644 0.0181798 0.0195425 0.0182775 0.0198299 0.0196319 0.0204726 0.0186057 0.0190151 0.0191664 0.0659674 0.0215261 0.0211293 0.0208305 0.0853874 0.0217276 0.0191092 0.0207475 0.0206979 0.0189627 0.0204289 0.0196264 0.0192028 0.0200818 0.0191127 0.0216559 0.0216162 0.0213280 0.0208661 0.0214297 0.0221392 0.0215217 0.0204149 0.0204648 0.0219257 0.0211764 0.0212463 0.0218966 0.0896858 0.0214288 0.0181563 0.0215956 0.0194748 
Fatt_RYR2         0.0192769 0.0143140 0.0145536 0.0217278 0.0184116 0.0185850 0.0184556 0.0226260 0.0265591 0.0184806 0.0211213 0.0184652 0.0646448 0.0053996 0.0052096 0.0190286 0.0044644 0.0045605 0.0045354 0.0047317 0.0042767 0.0069975 0.0163595 0.0928790 0.0162544 0.0168095 0.0202617 0.0000000 0.0013226 0.0005192 0.0008744 0.0128884 0.0499026 0.0132143 0.0218794 0.0207943 0.0051144 0.0039843 0.0052733 0.0049157 0.0042636 0.0038725 0.0049527 0.0049443 0.0048045 0.0132347 0.0137965 0.0134225 0.0144361 0.0125311 0.0135471 0.0134064 0.0136047 0.0139425 0.0125171 0.0079856 0.0142943 0.0145453 0.0133299 0.0076965 0.0077841 0.0661056 0.0047093 0.0038739 0.0043613 0.0821671 0.0129141 0.0166168 0.0014370 0.0082277 0.0074797 0.0009724 0.0188333 0.0073825 0.0084763 0.0068187 0.0042738 0.0042676 0.0024535 0.0021220 0.0044964 0.0048217 0.0043283 0.0038713 0.0035202 0.0041187 0.0041790 0.0044435 0.0042862 0.0850647 0.0042401 0.0135839 0.0041316 0.0134937 
Ggri_RYR2         0.0193830 0.0143048 0.0146470 0.0216890 0.0186984 0.0187051 0.0185433 0.0229032 0.0262937 0.0185115 0.0212818 0.0186638 0.0637985 0.0051416 0.0049618 0.0189267 0.0042221 0.0045598 0.0042971 0.0044940 0.0040855 0.0070528 0.0165540 0.0924539 0.0163555 0.0169179 0.0203220 0.0013226 0.0000000 0.0011125 0.0014574 0.0129236 0.0500121 0.0136179 0.0216702 0.0207856 0.0053789 0.0041214 0.0051840 0.0048183 0.0042291 0.0038400 0.0049385 0.0047447 0.0046488 0.0132775 0.0138253 0.0134502 0.0143849 0.0125707 0.0135765 0.0132260 0.0136324 0.0139731 0.0125069 0.0079615 0.0143141 0.0145664 0.0133594 0.0078258 0.0079177 0.0653527 0.0049714 0.0041464 0.0041995 0.0814672 0.0129559 0.0167447 0.0020410 0.0083327 0.0076137 0.0014204 0.0191704 0.0073132 0.0086041 0.0068369 0.0041070 0.0041096 0.0027462 0.0025584 0.0044558 0.0043737 0.0042925 0.0039149 0.0037954 0.0039093 0.0039931 0.0044314 0.0042756 0.0845929 0.0040476 0.0136131 0.0041193 0.0136787 
Gmac39091_RYR2    0.0189878 0.0138034 0.0144205 0.0215177 0.0186959 0.0188716 0.0186262 0.0227682 0.0252222 0.0182118 0.0210757 0.0187559 0.0642619 0.0053179 0.0049821 0.0189141 0.0041751 0.0041490 0.0042738 0.0045159 0.0040638 0.0068564 0.0163651 0.0930006 0.0161419 0.0164565 0.0202182 0.0005192 0.0011125 0.0000000 0.0004376 0.0128569 0.0493226 0.0135326 0.0216139 0.0205018 0.0049868 0.0039170 0.0052498 0.0048997 0.0044460 0.0038588 0.0047366 0.0047710 0.0047391 0.0129574 0.0138564 0.0132453 0.0143866 0.0124796 0.0134275 0.0132653 0.0134510 0.0137331 0.0124983 0.0076955 0.0141154 0.0144968 0.0131868 0.0074785 0.0075242 0.0654984 0.0046442 0.0039150 0.0042944 0.0817413 0.0127760 0.0166684 0.0011967 0.0080710 0.0072404 0.0005967 0.0187262 0.0071392 0.0081081 0.0066933 0.0043074 0.0042913 0.0024472 0.0021165 0.0042228 0.0047108 0.0044263 0.0035427 0.0035897 0.0040775 0.0039706 0.0045430 0.0042545 0.0866926 0.0040472 0.0134692 0.0040645 0.0134777 
Gmel_RYR2         0.0198525 0.0142662 0.0147851 0.0218502 0.0188260 0.0189932 0.0188070 0.0226893 0.0256840 0.0184191 0.0213602 0.0203574 0.0655559 0.0056559 0.0053523 0.0192000 0.0045002 0.0046023 0.0045700 0.0048586 0.0043144 0.0072450 0.0166115 0.0915946 0.0164663 0.0169245 0.0204924 0.0008744 0.0014574 0.0004376 0.0000000 0.0130822 0.0537509 0.0138214 0.0221550 0.0209546 0.0051814 0.0056361 0.0055265 0.0050721 0.0046920 0.0041866 0.0071836 0.0050904 0.0050348 0.0133544 0.0140709 0.0134543 0.0149298 0.0127938 0.0137368 0.0137737 0.0138609 0.0140979 0.0128431 0.0080982 0.0144810 0.0148630 0.0135827 0.0099897 0.0078249 0.0657255 0.0049321 0.0041888 0.0067039 0.0852245 0.0130116 0.0173259 0.0015632 0.0084484 0.0076606 0.0009637 0.0193696 0.0074940 0.0111099 0.0070283 0.0045813 0.0045432 0.0027092 0.0023877 0.0044964 0.0048672 0.0046661 0.0039141 0.0038708 0.0043302 0.0041421 0.0047835 0.0044729 0.0859862 0.0042786 0.0137738 0.0052221 0.0138295 
Hamp_RYR2         0.0171168 0.0061848 0.0063187 0.0200979 0.0163137 0.0167464 0.0166139 0.0203501 0.0245291 0.0164837 0.0194627 0.0166462 0.0603961 0.0154232 0.0154808 0.0176111 0.0141312 0.0144197 0.0141944 0.0145079 0.0143627 0.0114660 0.0143903 0.0888644 0.0143069 0.0146409 0.0180312 0.0128884 0.0129236 0.0128569 0.0130822 0.0000000 0.0477020 0.0145958 0.0201179 0.0192985 0.0142978 0.0137779 0.0157878 0.0150111 0.0142602 0.0140587 0.0149644 0.0148457 0.0151390 0.0036972 0.0034635 0.0032934 0.0040768 0.0033627 0.0037255 0.0042717 0.0034224 0.0042928 0.0029308 0.0126454 0.0041768 0.0045874 0.0034704 0.0120368 0.0120480 0.0628214 0.0142046 0.0137365 0.0137119 0.0787789 0.0142599 0.0149806 0.0133313 0.0126646 0.0118696 0.0131184 0.0176174 0.0115006 0.0126955 0.0107856 0.0142779 0.0145007 0.0139146 0.0132212 0.0145714 0.0140182 0.0142694 0.0133530 0.0136711 0.0143469 0.0141092 0.0140818 0.0145332 0.0829589 0.0139242 0.0042914 0.0143450 0.0048753 
Hippo_RYR2        0.0511787 0.0501334 0.0494594 0.0537022 0.0489887 0.0496956 0.0490209 0.0576985 0.0603840 0.0505209 0.0521880 0.0510877 0.0784133 0.0510649 0.0509138 0.0503203 0.0500345 0.0506902 0.0507105 0.0545199 0.0499466 0.0523409 0.0485441 0.1046627 0.0481405 0.0483086 0.0517921 0.0499026 0.0500121 0.0493226 0.0537509 0.0477020 0.0000000 0.0509163 0.0575369 0.0523223 0.0497537 0.0536207 0.0516705 0.0495346 0.0509110 0.0500229 0.0541355 0.0502654 0.0512380 0.0502589 0.0484800 0.0477426 0.0551487 0.0481681 0.0489184 0.0489818 0.0478105 0.0482844 0.0485353 0.0535007 0.0490669 0.0498221 0.0480371 0.0531724 0.0492422 0.0781940 0.0497383 0.0490317 0.0537480 0.0969045 0.0507673 0.0534605 0.0499781 0.0503928 0.0492364 0.0492680 0.0552460 0.0480790 0.0567538 0.0485893 0.0493527 0.0494025 0.0503057 0.0491478 0.0502317 0.0464365 0.0502659 0.0486682 0.0489156 0.0498012 0.0495274 0.0494849 0.0502301 0.0996743 0.0498549 0.0490177 0.0528117 0.0500203 
Igeo_RYR2         0.0213377 0.0153541 0.0161098 0.0242717 0.0212909 0.0212674 0.0212838 0.0255685 0.0328453 0.0213920 0.0246606 0.0215845 0.0639962 0.0163787 0.0155405 0.0206278 0.0145617 0.0144896 0.0146627 0.0146482 0.0145144 0.0121458 0.0183475 0.0885220 0.0180451 0.0186240 0.0231314 0.0132143 0.0136179 0.0135326 0.0138214 0.0145958 0.0509163 0.0000000 0.0238755 0.0221467 0.0147306 0.0138022 0.0158544 0.0151337 0.0138874 0.0142522 0.0146148 0.0144847 0.0149205 0.0160110 0.0157236 0.0153379 0.0156516 0.0152690 0.0155401 0.0158898 0.0149981 0.0158543 0.0153845 0.0129637 0.0162867 0.0167464 0.0150520 0.0125764 0.0124134 0.0663485 0.0140387 0.0139151 0.0143410 0.0755559 0.0121358 0.0188478 0.0139518 0.0130739 0.0120745 0.0136307 0.0210384 0.0123574 0.0132250 0.0124301 0.0146600 0.0147015 0.0144424 0.0140334 0.0147535 0.0139537 0.0140350 0.0142323 0.0142225 0.0143815 0.0140413 0.0139178 0.0141464 0.0848430 0.0141149 0.0157613 0.0146433 0.0160467 
Kbre_RYR2         0.0255599 0.0219773 0.0214780 0.0265218 0.0233731 0.0233292 0.0233615 0.0278881 0.0331222 0.0229514 0.0260769 0.0247921 0.0698644 0.0235781 0.0236736 0.0240877 0.0231786 0.0236967 0.0232519 0.0230782 0.0234206 0.0217624 0.0215593 0.0979289 0.0211981 0.0215769 0.0249414 0.0218794 0.0216702 0.0216139 0.0221550 0.0201179 0.0575369 0.0238755 0.0000000 0.0043180 0.0228384 0.0220169 0.0242651 0.0228762 0.0226762 0.0232192 0.0244516 0.0234345 0.0235311 0.0224170 0.0201590 0.0202916 0.0212862 0.0204029 0.0210001 0.0212203 0.0203198 0.0210025 0.0192895 0.0207672 0.0215893 0.0220822 0.0205193 0.0224012 0.0210536 0.0705680 0.0232880 0.0224503 0.0221490 0.0876700 0.0224335 0.0127346 0.0220909 0.0213975 0.0211370 0.0217947 0.0137211 0.0207140 0.0219007 0.0204351 0.0229496 0.0231184 0.0227454 0.0226168 0.0230958 0.0231035 0.0232848 0.0220611 0.0226372 0.0232039 0.0230337 0.0228234 0.0230516 0.0933154 0.0228679 0.0201783 0.0225068 0.0202404 
Ksim_RYR2         0.0234603 0.0203956 0.0207266 0.0257037 0.0223061 0.0222832 0.0223004 0.0260853 0.0332954 0.0216852 0.0248731 0.0223354 0.0653081 0.0225208 0.0225912 0.0231891 0.0221500 0.0225760 0.0222621 0.0222777 0.0221532 0.0191488 0.0202607 0.0956920 0.0198733 0.0206396 0.0236290 0.0207943 0.0207856 0.0205018 0.0209546 0.0192985 0.0523223 0.0221467 0.0043180 0.0000000 0.0221758 0.0208336 0.0232583 0.0221439 0.0219275 0.0219850 0.0223972 0.0222617 0.0226158 0.0223150 0.0195781 0.0193694 0.0200108 0.0195842 0.0199524 0.0201134 0.0198494 0.0205379 0.0187613 0.0198516 0.0206866 0.0210914 0.0200314 0.0200521 0.0202800 0.0659930 0.0220203 0.0213469 0.0213090 0.0847262 0.0212995 0.0118362 0.0212119 0.0204997 0.0201566 0.0205437 0.0115519 0.0198197 0.0208936 0.0193807 0.0221640 0.0220636 0.0219448 0.0216093 0.0221014 0.0219570 0.0220324 0.0209394 0.0212738 0.0223880 0.0217656 0.0219232 0.0219555 0.0902993 0.0217182 0.0192680 0.0217352 0.0197391 
Lacu_RYR2         0.0206140 0.0161303 0.0158166 0.0229146 0.0199086 0.0200198 0.0199590 0.0242010 0.0280608 0.0198038 0.0223201 0.0200418 0.0652153 0.0071893 0.0065656 0.0199871 0.0058840 0.0064513 0.0059679 0.0064255 0.0060327 0.0084587 0.0179559 0.0942345 0.0176980 0.0180328 0.0219247 0.0051144 0.0053789 0.0049868 0.0051814 0.0142978 0.0497537 0.0147306 0.0228384 0.0221758 0.0000000 0.0064195 0.0069001 0.0060229 0.0062788 0.0060387 0.0061060 0.0059935 0.0064438 0.0143457 0.0154492 0.0149910 0.0156961 0.0144839 0.0150627 0.0149242 0.0150089 0.0154943 0.0142991 0.0093244 0.0159183 0.0161285 0.0148677 0.0091804 0.0093349 0.0659220 0.0062671 0.0056399 0.0060371 0.0835768 0.0139353 0.0182977 0.0057122 0.0098757 0.0088994 0.0053418 0.0206283 0.0091088 0.0098367 0.0086032 0.0057325 0.0058508 0.0059701 0.0053840 0.0060018 0.0072775 0.0062433 0.0050945 0.0062429 0.0059399 0.0053057 0.0060037 0.0064088 0.0863805 0.0056332 0.0151675 0.0060344 0.0152063 
Lalb_RYR2         0.0212488 0.0154224 0.0153300 0.0222690 0.0192221 0.0192985 0.0192111 0.0253273 0.0261375 0.0192855 0.0220690 0.0207731 0.0681980 0.0066875 0.0060405 0.0196159 0.0045711 0.0049193 0.0046397 0.0060493 0.0044636 0.0098163 0.0170754 0.0960278 0.0170459 0.0174016 0.0207219 0.0039843 0.0041214 0.0039170 0.0056361 0.0137779 0.0536207 0.0138022 0.0220169 0.0208336 0.0064195 0.0000000 0.0061991 0.0054733 0.0048504 0.0047141 0.0080243 0.0054670 0.0055750 0.0143283 0.0145487 0.0138424 0.0161083 0.0132640 0.0141942 0.0143390 0.0142724 0.0143958 0.0137194 0.0092469 0.0146309 0.0152596 0.0139753 0.0102617 0.0081173 0.0687454 0.0052262 0.0045639 0.0057057 0.0859001 0.0131604 0.0178758 0.0044396 0.0092114 0.0079583 0.0042035 0.0205539 0.0078915 0.0101940 0.0073580 0.0044256 0.0045399 0.0044160 0.0042771 0.0044193 0.0056621 0.0044371 0.0041423 0.0040934 0.0043270 0.0039882 0.0044010 0.0045437 0.0900264 0.0044291 0.0142384 0.0054290 0.0145571 
Laus_RYR2         0.0219464 0.0174060 0.0172805 0.0241984 0.0209816 0.0213712 0.0210997 0.0249418 0.0285462 0.0213489 0.0237776 0.0213024 0.0659350 0.0011698 0.0009730 0.0208891 0.0052006 0.0055538 0.0054843 0.0055271 0.0050976 0.0092347 0.0188772 0.0936673 0.0188310 0.0194138 0.0224629 0.0052733 0.0051840 0.0052498 0.0055265 0.0157878 0.0516705 0.0158544 0.0242651 0.0232583 0.0069001 0.0061991 0.0000000 0.0020107 0.0052600 0.0047727 0.0018949 0.0019720 0.0016597 0.0162802 0.0166955 0.0162454 0.0169797 0.0156595 0.0165467 0.0162944 0.0161876 0.0166039 0.0157199 0.0100015 0.0166155 0.0169146 0.0159117 0.0100955 0.0102310 0.0670920 0.0068152 0.0059340 0.0061338 0.0830882 0.0151470 0.0195277 0.0063492 0.0110688 0.0100292 0.0056735 0.0223120 0.0098231 0.0107346 0.0094826 0.0054109 0.0052334 0.0055237 0.0050947 0.0054716 0.0060908 0.0055141 0.0049628 0.0055799 0.0053717 0.0052150 0.0052618 0.0059103 0.0874009 0.0056218 0.0161863 0.0057508 0.0163691 
Lbor_RYR2         0.0201587 0.0167098 0.0166780 0.0226788 0.0199702 0.0201417 0.0202493 0.0238404 0.0285875 0.0207397 0.0232307 0.0199917 0.0631249 0.0024628 0.0020285 0.0199277 0.0045086 0.0046431 0.0048972 0.0049062 0.0045522 0.0083625 0.0182423 0.0934301 0.0183797 0.0188268 0.0223993 0.0049157 0.0048183 0.0048997 0.0050721 0.0150111 0.0495346 0.0151337 0.0228762 0.0221439 0.0060229 0.0054733 0.0020107 0.0000000 0.0046058 0.0042053 0.0014328 0.0015322 0.0012376 0.0159208 0.0156687 0.0155905 0.0162744 0.0149412 0.0158253 0.0154373 0.0156544 0.0157925 0.0149872 0.0093638 0.0159844 0.0169754 0.0154444 0.0092111 0.0092863 0.0640487 0.0058831 0.0050034 0.0052345 0.0785541 0.0141283 0.0183341 0.0057950 0.0101128 0.0090563 0.0052746 0.0218615 0.0089167 0.0098206 0.0085379 0.0046442 0.0044798 0.0051197 0.0048926 0.0047962 0.0059300 0.0048984 0.0043754 0.0049586 0.0047312 0.0045708 0.0046590 0.0053672 0.0865214 0.0047798 0.0156611 0.0051490 0.0157639 
Lhos30470_RYR2    0.0197516 0.0148009 0.0153207 0.0196243 0.0201597 0.0200314 0.0199683 0.0232736 0.0282646 0.0198391 0.0193349 0.0201108 0.0666883 0.0056307 0.0048482 0.0202204 0.0024758 0.0027154 0.0025736 0.0029455 0.0023302 0.0075397 0.0177738 0.0974143 0.0176567 0.0179422 0.0187834 0.0042636 0.0042291 0.0044460 0.0046920 0.0142602 0.0509110 0.0138874 0.0226762 0.0219275 0.0062788 0.0048504 0.0052600 0.0046058 0.0000000 0.0014040 0.0046851 0.0042896 0.0048841 0.0143677 0.0150538 0.0145599 0.0153269 0.0136363 0.0148157 0.0137695 0.0143669 0.0152553 0.0139125 0.0082211 0.0151577 0.0156704 0.0146223 0.0081473 0.0080613 0.0673346 0.0054372 0.0045987 0.0042722 0.0863982 0.0131550 0.0179625 0.0049788 0.0091256 0.0079668 0.0046539 0.0213563 0.0077983 0.0087653 0.0074820 0.0025497 0.0025252 0.0041932 0.0038979 0.0033605 0.0027356 0.0019741 0.0024552 0.0033829 0.0024151 0.0024733 0.0020572 0.0023054 0.0900548 0.0030347 0.0150199 0.0026148 0.0143722 
