Supplemental results for CODEML (seqf: /home/leticiamagpali/phd/evol_models/codeml/small_dataset/cml_align/CALML6_codon_aligned.phy  treef: /home/leticiamagpali/phd/evol_models/codeml/small_dataset/cml_trees/gene_trees/H2_gene_trees/CALML6_codon_H2.tre)

I	J	ij	2Ns_IJ	pMut_IJ	pSub_IJ	2Ns_JI	pMut_JI	pSub_JI

TTC	TTT	CT	-0.08533	0.10151	0.09724	0.08533	0.09321	0.09724
TTA	TTT	AT	10.49455	0.00000	0.00000	-10.49455	0.02607	0.00001
TTA	TTC	AC	10.57988	0.00000	0.00000	-10.57988	0.09734	0.00003
TTG	TTT	GT	2.34077	0.00082	0.00212	-2.34077	0.00850	0.00212
TTG	TTC	GC	2.42611	0.00280	0.00746	-2.42611	0.03173	0.00746
TTG	TTA	GA	-8.15378	0.01541	0.00004	8.15378	0.00000	0.00000
TCT	TTT	CT	1.02225	0.03354	0.05355	-1.02225	0.09321	0.05355
TCC	TTC	CT	1.31574	0.09335	0.16786	-1.31574	0.34798	0.16786
TCC	TCT	CT	0.20816	0.09335	0.10341	-0.20816	0.11496	0.10341
TCA	TTA	CT	-4.41449	0.00091	0.00005	4.41449	0.00000	0.00000
TCA	TCT	AT	5.05781	0.00020	0.00104	-5.05781	0.03216	0.00104
TCA	TCC	AC	4.84966	0.00070	0.00343	-4.84966	0.08952	0.00343
TCG	TTG	CT	2.61826	0.00091	0.00256	-2.61826	0.01243	0.00256
TCG	TCT	GT	3.93679	0.00020	0.00082	-3.93679	0.01048	0.00082
TCG	TCC	GC	3.72863	0.00070	0.00268	-3.72863	0.02918	0.00268
TCG	TCA	GA	-1.12103	0.00385	0.00209	1.12103	0.00126	0.00209
TAT	TTT	AT	10.49455	0.00000	0.00000	-10.49455	0.02607	0.00001
TAT	TCT	AC	9.47230	0.00000	0.00000	-9.47230	0.03216	0.00002
TAC	TTC	AT	1.77095	0.01656	0.03535	-1.77095	0.09734	0.03535
TAC	TCC	AC	0.45521	0.05678	0.07069	-0.45521	0.08952	0.07069
TAC	TAT	CT	-8.80894	0.07341	0.00010	8.80894	0.00000	0.00000
TGT	TTT	GT	1.16212	0.00266	0.00450	-1.16212	0.00850	0.00450
TGT	TCT	GC	0.13987	0.00911	0.00977	-0.13987	0.01048	0.00977
TGT	TAT	GA	-9.33243	0.05008	0.00004	9.33243	0.00000	0.00000
TGC	TTC	GT	1.40678	0.00777	0.01448	-1.40678	0.03173	0.01448
TGC	TCC	GC	0.09105	0.02664	0.02787	-0.09105	0.02918	0.02787
TGC	TAC	GA	-0.36416	0.14637	0.12134	0.36416	0.10170	0.12134
TGC	TGT	CT	0.15933	0.03444	0.03726	-0.15933	0.04039	0.03726
TGG	TTG	GT	-2.57829	0.01493	0.00316	2.57829	0.00113	0.00316
TGG	TCG	GC	-5.19656	0.05118	0.00148	5.19656	0.00028	0.00148
TGG	TGT	GT	-1.39964	0.01493	0.00684	1.39964	0.00368	0.00684
TGG	TGC	GC	-1.55897	0.05118	0.02125	1.55897	0.01076	0.02125
CTT	TTT	CT	10.27962	0.00000	0.00000	-10.27962	0.09321	0.00003
CTC	TTC	CT	1.17978	0.10695	0.18217	-1.17978	0.34798	0.18217
CTC	CTT	CT	-9.18517	0.10695	0.00010	9.18517	0.00000	0.00000
CTA	TTA	CT	-5.10764	0.00181	0.00006	5.10764	0.00000	0.00000
CTA	CTT	AT	-4.89271	0.00041	0.00002	4.89271	0.00000	0.00000
CTA	CTC	AC	4.29247	0.00140	0.00610	-4.29247	0.10256	0.00610
CTG	TTG	CT	-2.73832	0.19215	0.03638	2.73832	0.01243	0.03638
CTG	CTT	GT	-10.67717	0.04335	0.00001	10.67717	0.00000	0.00000
CTG	CTC	GC	-1.49200	0.14862	0.06435	1.49200	0.03343	0.06435
CTG	CTA	GA	-5.78446	0.81661	0.01457	5.78446	0.00251	0.01457
CCT	TCT	CT	0.21791	0.09245	0.10289	-0.21791	0.11496	0.10289
CCT	CTT	CT	-9.03946	0.09245	0.00010	9.03946	0.00000	0.00000
CCC	TCC	CT	1.09601	0.10695	0.17606	-1.09601	0.32002	0.17606
CCC	CTC	CT	1.23197	0.10695	0.18603	-1.23197	0.36662	0.18603
CCC	CCT	CT	1.08626	0.10695	0.17535	-1.08626	0.31691	0.17535
CCA	TCA	CT	-2.29439	0.03082	0.00793	2.29439	0.00311	0.00793
CCA	CTA	CT	-1.60124	0.03082	0.01246	1.60124	0.00621	0.01246
CCA	CCT	AT	2.54551	0.00695	0.01921	-2.54551	0.08865	0.01921
CCA	CCC	AC	1.45925	0.02384	0.04531	-1.45925	0.10256	0.04531
CCG	TCG	CT	-1.47608	0.01360	0.00594	1.47608	0.00311	0.00594
CCG	CTG	CT	3.88050	0.01360	0.05387	-3.88050	0.65868	0.05387
CCG	CCT	GT	2.24279	0.00307	0.00770	-2.24279	0.02890	0.00770
CCG	CCC	GC	1.15654	0.01052	0.01774	-1.15654	0.03343	0.01774
CCG	CCA	GA	-0.30272	0.05778	0.04947	0.30272	0.04269	0.04947
CAT	TAT	CT	-6.71707	0.00906	0.00007	6.71707	0.00000	0.00000
CAT	CTT	AT	-6.50215	0.00205	0.00002	6.50215	0.00000	0.00000
CAT	CCT	AC	2.53732	0.00701	0.01931	-2.53732	0.08865	0.01931
CAC	TAC	CT	1.88875	0.03807	0.08471	-1.88875	0.25166	0.08471
CAC	CTC	AT	2.47991	0.00859	0.02325	-2.47991	0.10256	0.02325
CAC	CCC	AC	1.24794	0.02944	0.05154	-1.24794	0.10256	0.05154
CAC	CAT	CT	-0.20312	0.03807	0.03433	0.20312	0.03107	0.03433
CAA	CTA	AT	-0.05718	0.00184	0.00179	0.05718	0.00174	0.00179
CAA	CCA	AC	1.54406	0.00631	0.01239	-1.54406	0.02955	0.01239
CAA	CAT	AT	1.55226	0.00184	0.00362	-1.55226	0.00869	0.00362
CAA	CAC	AC	1.75537	0.00631	0.01339	-1.75537	0.03650	0.01339
CAG	CTG	AT	2.28169	0.01881	0.04781	-2.28169	0.18425	0.04781
CAG	CCG	AC	-1.59881	0.06450	0.02612	1.59881	0.01304	0.02612
CAG	CAT	GT	-1.89333	0.01881	0.00631	1.89333	0.00283	0.00631
CAG	CAC	GC	-1.69022	0.06450	0.02466	1.69022	0.01190	0.02466
CAG	CAA	GA	-3.44559	0.35438	0.04022	3.44559	0.01130	0.04022
CGT	TGT	CT	2.41062	0.00363	0.00960	-2.41062	0.04039	0.00960
CGT	CTT	GT	-6.70688	0.00082	0.00001	6.70688	0.00000	0.00000
CGT	CCT	GC	2.33258	0.00280	0.00724	-2.33258	0.02890	0.00724
CGT	CAT	GA	-0.20473	0.01541	0.01388	0.20473	0.01256	0.01388
CGC	TGC	CT	1.43557	0.02810	0.05293	-1.43557	0.11806	0.05293
CGC	CTC	GT	1.66257	0.00634	0.01301	-1.66257	0.03343	0.01301
CGC	CCC	GC	0.43060	0.02173	0.02675	-0.43060	0.03343	0.02675
CGC	CAC	GA	-0.81734	0.11941	0.07719	0.81734	0.05273	0.07719
CGC	CGT	CT	-0.81572	0.02810	0.01818	0.81572	0.01243	0.01818
CGA	CTA	GT	-1.62004	0.00286	0.00114	1.62004	0.00057	0.00114
CGA	CCA	GC	-0.01879	0.00981	0.00972	0.01879	0.00963	0.00972
CGA	CAA	GA	-1.56286	0.05393	0.02234	1.56286	0.01130	0.02234
CGA	CGT	AT	0.19413	0.00286	0.00315	-0.19413	0.00348	0.00315
CGA	CGC	AC	1.00986	0.00981	0.01559	-1.00986	0.02694	0.01559
CGG	TGG	CT	2.38693	0.02085	0.05479	-2.38693	0.22681	0.05479
CGG	CTG	GT	2.54696	0.00470	0.01300	-2.54696	0.06006	0.01300
CGG	CCG	GC	-1.33354	0.01612	0.00769	1.33354	0.00425	0.00769
CGG	CAG	GA	0.26527	0.08859	0.10086	-0.26527	0.11551	0.10086
CGG	CGT	GT	-1.42333	0.00470	0.00212	1.42333	0.00113	0.00212
CGG	CGC	GC	-0.60760	0.01612	0.01172	0.60760	0.00878	0.01172
CGG	CGA	GA	-1.61746	0.08859	0.03547	1.61746	0.01758	0.03547
ATT	TTT	AT	2.90218	0.00143	0.00440	-2.90218	0.02607	0.00440
ATT	CTT	AC	-7.37744	0.00491	0.00002	7.37744	0.00000	0.00000
ATC	TTC	AT	1.94589	0.01391	0.03157	-1.94589	0.09734	0.03157
ATC	CTC	AC	0.76611	0.04767	0.06824	-0.76611	0.10256	0.06824
ATC	ATT	CT	-1.04163	0.06163	0.03501	1.04163	0.02175	0.03501
ATA	TTA	AT	-5.58585	0.00082	0.00002	5.58585	0.00000	0.00000
ATA	CTA	AC	-0.47822	0.00280	0.00219	0.47822	0.00174	0.00219
ATA	ATT	AT	2.00651	0.00082	0.00190	-2.00651	0.00608	0.00190
ATA	ATC	AC	3.04814	0.00280	0.00897	-3.04814	0.05910	0.00897
ATG	TTG	AT	-2.27880	0.03395	0.00883	2.27880	0.00348	0.00883
ATG	CTG	AC	0.45953	0.11637	0.14515	-0.45953	0.18425	0.14515
ATG	ATT	GT	-2.84021	0.03395	0.00598	2.84021	0.00198	0.00598
ATG	ATC	GC	-1.79858	0.11637	0.04152	1.79858	0.01926	0.04152
ATG	ATA	GA	-4.84672	0.63942	0.02453	4.84672	0.00502	0.02453
ACT	TCT	AT	2.34976	0.00307	0.00797	-2.34976	0.03216	0.00797
ACT	CCT	AC	2.13185	0.01052	0.02543	-2.13185	0.08865	0.02543
ACT	ATT	CT	0.46983	0.01360	0.01704	-0.46983	0.02175	0.01704
ACC	TCC	AT	2.18981	0.01002	0.02471	-2.18981	0.08952	0.02471
ACC	CCC	AC	1.09379	0.03435	0.05650	-1.09379	0.10256	0.05650
ACC	ATC	CT	1.55966	0.04441	0.08770	-1.55966	0.21127	0.08770
ACC	ACT	CT	0.04820	0.04441	0.04549	-0.04820	0.04660	0.04549
ACA	TCA	AT	0.75375	0.00041	0.00058	-0.75375	0.00087	0.00058
ACA	CCA	AC	3.04814	0.00140	0.00449	-3.04814	0.02955	0.00449
ACA	ATA	CT	1.92512	0.00181	0.00409	-1.92512	0.01243	0.00409
ACA	ACT	AT	3.46180	0.00041	0.00146	-3.46180	0.01304	0.00146
ACA	ACC	AC	3.41360	0.00140	0.00495	-3.41360	0.04259	0.00495
ACG	TCG	AT	-2.80160	0.01432	0.00259	2.80160	0.00087	0.00259
ACG	CCG	AC	-1.32552	0.04907	0.02353	1.32552	0.01304	0.02353
ACG	ATG	CT	2.09546	0.06344	0.15159	-2.09546	0.51576	0.15159
ACG	ACT	GT	-1.21457	0.01432	0.00734	1.21457	0.00425	0.00734
ACG	ACC	GC	-1.26277	0.04907	0.02444	1.26277	0.01388	0.02444
ACG	ACA	GA	-4.67637	0.26964	0.01185	4.67637	0.00251	0.01185
AAT	TAT	AT	-6.68447	0.00245	0.00002	6.68447	0.00000	0.00000
AAT	CAT	AC	0.03261	0.00841	0.00855	-0.03261	0.00869	0.00855
AAT	ATT	AT	0.90790	0.00245	0.00373	-0.90790	0.00608	0.00373
AAT	ACT	AC	0.43807	0.00841	0.01039	-0.43807	0.01304	0.01039
AAC	TAC	AT	1.65169	0.01350	0.02758	-1.65169	0.07040	0.02758
AAC	CAC	AC	-0.23706	0.04627	0.04100	0.23706	0.03650	0.04100
AAC	ATC	AT	1.47675	0.01350	0.02583	-1.47675	0.05910	0.02583
AAC	ACC	AC	-0.08291	0.04627	0.04438	0.08291	0.04259	0.04438
AAC	AAT	CT	-0.47278	0.05982	0.04679	0.47278	0.03728	0.04679
AAA	CAA	AC	-0.36044	0.01122	0.00932	0.36044	0.00782	0.00932
AAA	ATA	AT	0.06060	0.00327	0.00337	-0.06060	0.00348	0.00337
AAA	ACA	AC	-1.86451	0.01122	0.00384	1.86451	0.00174	0.00384
AAA	AAT	AT	1.15921	0.00327	0.00553	-1.15921	0.01043	0.00553
AAA	AAC	AC	1.63199	0.01122	0.02275	-1.63199	0.05736	0.02275
AAG	CAG	AC	-0.55659	0.13951	0.10426	0.55659	0.07996	0.10426
AAG	ATG	AT	1.26558	0.04070	0.07174	-1.26558	0.14427	0.07174
AAG	ACG	AC	-0.82988	0.13951	0.08954	0.82988	0.06084	0.08954
AAG	AAT	GT	-2.48253	0.04070	0.00921	2.48253	0.00340	0.00921
AAG	AAC	GC	-2.00975	0.13951	0.04339	2.00975	0.01870	0.04339
AAG	AAA	GA	-3.64174	0.76653	0.07513	3.64174	0.02009	0.07513
AGT	TGT	AT	0.16170	0.00961	0.01041	-0.16170	0.01130	0.01041
AGT	CGT	AC	-2.24892	0.03295	0.00874	2.24892	0.00348	0.00874
AGT	ATT	GT	-1.57837	0.00961	0.00394	1.57837	0.00198	0.00394
AGT	ACT	GC	-2.04819	0.03295	0.00999	2.04819	0.00425	0.00999
AGT	AAT	GA	-2.48627	0.18104	0.04086	2.48627	0.01507	0.04086
AGC	TGC	AT	1.11419	0.01084	0.01798	-1.11419	0.03303	0.01798
AGC	CGC	AC	-0.32138	0.03715	0.03150	0.32138	0.02694	0.03150
AGC	ATC	GT	0.57509	0.01084	0.01425	-0.57509	0.01926	0.01425
AGC	ACC	GC	-0.98457	0.03715	0.02182	0.98457	0.01388	0.02182
AGC	AAC	GA	-0.90166	0.20415	0.12576	0.90166	0.08286	0.12576
AGC	AGT	CT	1.11182	0.04804	0.07959	-1.11182	0.14603	0.07959
AGA	CGA	AC	0.02077	0.01192	0.01204	-0.02077	0.01217	0.01204
AGA	ATA	GT	-1.12105	0.00348	0.00188	1.12105	0.00113	0.00188
AGA	ACA	GC	-3.04616	0.01192	0.00181	3.04616	0.00057	0.00181
AGA	AAA	GA	-1.18165	0.06548	0.03424	1.18165	0.02009	0.03424
AGA	AGT	AT	2.46383	0.00348	0.00936	-2.46383	0.04085	0.00936
AGA	AGC	AC	1.35201	0.01192	0.02174	-1.35201	0.04606	0.02174
AGG	TGG	AT	2.18201	0.00716	0.01760	-2.18201	0.06345	0.01760
AGG	CGG	AC	-0.20493	0.02454	0.02211	0.20493	0.01999	0.02211
AGG	ATG	GT	1.88251	0.00716	0.01589	-1.88251	0.04703	0.01589
AGG	ACG	GC	-0.21295	0.02454	0.02202	0.21295	0.01983	0.02202
AGG	AAG	GA	0.61693	0.13482	0.18065	-0.61693	0.24985	0.18065
AGG	AGT	GT	0.62067	0.00716	0.00961	-0.62067	0.01331	0.00961
AGG	AGC	GC	-0.49115	0.02454	0.01900	0.49115	0.01501	0.01900
AGG	AGA	GA	-1.84316	0.13482	0.04674	1.84316	0.02134	0.04674
GTT	TTT	GT	9.37353	0.00000	0.00000	-9.37353	0.00850	0.00001
GTT	CTT	GC	-0.90610	0.00000	0.00000	0.90610	0.00000	0.00000
GTT	ATT	GA	6.47134	0.00000	0.00000	-6.47134	0.00879	0.00009
GTC	TTC	GT	1.51801	0.00695	0.01352	-1.51801	0.03173	0.01352
GTC	CTC	GC	0.33823	0.02384	0.02809	-0.33823	0.03343	0.02809
GTC	ATC	GA	-0.42788	0.13097	0.10494	0.42788	0.08538	0.10494
GTC	GTT	CT	-7.94085	0.03082	0.00009	7.94085	0.00000	0.00000
GTA	TTA	GT	0.32587	0.00000	0.00000	-0.32587	0.00000	0.00000
GTA	CTA	GC	5.43351	0.00000	0.00000	-5.43351	0.00057	0.00001
GTA	ATA	GA	5.91173	0.00000	0.00000	-5.91173	0.00502	0.00008
GTA	GTT	AT	1.44690	0.00000	0.00000	-1.44690	0.00000	0.00000
GTA	GTC	AC	9.38775	0.00000	0.00000	-9.38775	0.02955	0.00002
GTG	TTG	GT	-3.05852	0.02413	0.00364	3.05852	0.00113	0.00364
GTG	CTG	GC	-0.32020	0.08272	0.07018	0.32020	0.06006	0.07018
GTG	ATG	GA	-0.77972	0.45453	0.30012	0.77972	0.20842	0.30012
GTG	GTT	GT	-10.09127	0.02413	0.00001	10.09127	0.00000	0.00000
GTG	GTC	GC	-2.15042	0.08272	0.02344	2.15042	0.00963	0.02344
GTG	GTA	GA	-11.53817	0.45453	0.00005	11.53817	0.00000	0.00000
GCT	TCT	GT	0.50280	0.00634	0.00807	-0.50280	0.01048	0.00807
GCT	CCT	GC	0.28489	0.02173	0.02497	-0.28489	0.02890	0.02497
GCT	ACT	GA	-1.84696	0.11941	0.04130	1.84696	0.01883	0.04130
GCT	GTT	CT	-7.84848	0.02810	0.00009	7.84848	0.00000	0.00000
GCC	TCC	GT	-0.22679	0.03661	0.03261	0.22679	0.02918	0.03261
GCC	CCC	GC	-1.32280	0.12548	0.06027	1.32280	0.03343	0.06027
GCC	ACC	GA	-2.41659	0.68950	0.16323	2.41659	0.06152	0.16323
GCC	GTC	CT	-0.42906	0.16224	0.12991	0.42906	0.10564	0.12991
GCC	GCT	CT	-0.52143	0.16224	0.12360	0.52143	0.09632	0.12360
GCA	TCA	GT	-0.36728	0.00041	0.00034	0.36728	0.00028	0.00034
GCA	CCA	GC	1.92712	0.00140	0.00316	-1.92712	0.00963	0.00316
GCA	ACA	GA	-1.12103	0.00770	0.00418	1.12103	0.00251	0.00418
GCA	GTA	CT	-5.10764	0.00181	0.00006	5.10764	0.00000	0.00000
GCA	GCT	AT	4.18774	0.00041	0.00174	-4.18774	0.02694	0.00174
GCA	GCC	AC	4.70917	0.00140	0.00666	-4.70917	0.15557	0.00666
GCG	TCG	GT	-4.36548	0.02229	0.00125	4.36548	0.00028	0.00125
GCG	CCG	GC	-2.88940	0.07641	0.01300	2.88940	0.00425	0.01300
GCG	ACG	GA	-1.56388	0.41986	0.17383	1.56388	0.08789	0.17383
GCG	GTG	CT	1.31131	0.09879	0.17733	-1.31131	0.36662	0.17733
GCG	GCT	GT	-0.93149	0.02229	0.01350	0.93149	0.00878	0.01350
GCG	GCC	GC	-0.41006	0.07641	0.06181	0.41006	0.05071	0.06181
GCG	GCA	GA	-5.11923	0.41986	0.01293	5.11923	0.00251	0.01293
GAT	TAT	GT	-8.21096	0.00368	0.00001	8.21096	0.00000	0.00000
GAT	CAT	GC	-1.49388	0.01262	0.00546	1.49388	0.00283	0.00546
GAT	AAT	GA	-1.52649	0.06933	0.02938	1.52649	0.01507	0.02938
GAT	GTT	AT	-7.08993	0.00368	0.00002	7.08993	0.00000	0.00000
GAT	GCT	AC	0.75854	0.01262	0.01800	-0.75854	0.02694	0.01800
GAC	TAC	GT	-0.48369	0.03722	0.02894	0.48369	0.02295	0.02894
GAC	CAC	GC	-2.37243	0.12759	0.03113	2.37243	0.01190	0.03113
GAC	AAC	GA	-2.13538	0.70105	0.20067	2.13538	0.08286	0.20067
GAC	GTC	AT	-0.23075	0.03722	0.03309	0.23075	0.02955	0.03309
GAC	GCC	AC	0.19831	0.12759	0.14066	-0.19831	0.15557	0.14066
GAC	GAT	CT	-1.08167	0.16496	0.09152	1.08167	0.05593	0.09152
GAA	CAA	GC	-1.70461	0.01402	0.00531	1.70461	0.00255	0.00531
GAA	AAA	GA	-1.34417	0.07704	0.03653	1.34417	0.02009	0.03653
GAA	GTA	AT	-7.19529	0.00409	0.00002	7.19529	0.00000	0.00000
GAA	GCA	AC	-2.08766	0.01402	0.00414	2.08766	0.00174	0.00414
GAA	GAT	AT	1.34154	0.00409	0.00743	-1.34154	0.01564	0.00743
GAA	GAC	AC	2.42320	0.01402	0.03728	-2.42320	0.15818	0.03728
GAG	CAG	GC	-2.26484	0.25097	0.06587	2.26484	0.02606	0.06587
GAG	AAG	GA	-1.70825	1.37899	0.52124	1.70825	0.24985	0.52124
GAG	GTG	AT	0.33705	0.07321	0.08624	-0.33705	0.10256	0.08624
GAG	GCG	AC	-0.97426	0.25097	0.14826	0.97426	0.09473	0.14826
GAG	GAT	GT	-2.66429	0.07321	0.01460	2.66429	0.00510	0.01460
GAG	GAC	GC	-1.58262	0.25097	0.10269	1.58262	0.05156	0.10269
GAG	GAA	GA	-4.00583	1.37899	0.10245	4.00583	0.02511	0.10245
GGT	TGT	GT	0.05761	0.00348	0.00358	-0.05761	0.00368	0.00358
GGT	CGT	GC	-2.35302	0.01192	0.00295	2.35302	0.00113	0.00295
GGT	AGT	GA	-0.10409	0.06548	0.06213	0.10409	0.05901	0.06213
GGT	GTT	GT	-8.15380	0.00348	0.00001	8.15380	0.00000	0.00000
GGT	GCT	GC	-0.30532	0.01192	0.01019	0.30532	0.00878	0.01019
GGT	GAT	GA	-1.06387	0.06548	0.03671	1.06387	0.02260	0.03671
GGC	TGC	GT	-0.94920	0.02781	0.01667	0.94920	0.01076	0.01667
GGC	CGC	GC	-2.38477	0.09534	0.02307	2.38477	0.00878	0.02307
GGC	AGC	GA	-2.06339	0.52386	0.15728	2.06339	0.06654	0.15728
GGC	GTC	GT	-1.06042	0.02781	0.01562	1.06042	0.00963	0.01562
GGC	GCC	GC	-0.63137	0.09534	0.06839	0.63137	0.05071	0.06839
GGC	GAC	GA	-0.82967	0.52386	0.33626	0.82967	0.22850	0.33626
GGC	GGT	CT	-0.84747	0.12326	0.07832	0.84747	0.05282	0.07832
GGA	CGA	GC	-1.63434	0.02033	0.00805	1.63434	0.00397	0.00805
GGA	AGA	GA	-1.65511	0.11171	0.04367	1.65511	0.02134	0.04367
GGA	GTA	GT	-8.68788	0.00593	0.00001	8.68788	0.00000	0.00000
GGA	GCA	GC	-3.58025	0.02033	0.00209	3.58025	0.00057	0.00209
GGA	GAA	GA	-1.49259	0.11171	0.04835	1.49259	0.02511	0.04835
GGA	GGT	AT	0.91281	0.00593	0.00904	-0.91281	0.01478	0.00904
GGA	GGC	AC	1.76029	0.02033	0.04322	-1.76029	0.11820	0.04322
GGG	TGG	GT	-0.40755	0.03108	0.02518	0.40755	0.02068	0.02518
GGG	CGG	GC	-2.79448	0.10656	0.01939	2.79448	0.00652	0.01939
GGG	AGG	GA	-2.58956	0.58549	0.12303	2.58956	0.04394	0.12303
GGG	GTG	GT	0.07268	0.03108	0.03223	-0.07268	0.03343	0.03223
GGG	GCG	GC	-1.23863	0.10656	0.05385	1.23863	0.03088	0.05385
GGG	GAG	GA	-0.26437	0.58549	0.51151	0.26437	0.44948	0.51151
GGG	GGT	GT	-1.86480	0.03108	0.01063	1.86480	0.00482	0.01063
GGG	GGC	GC	-1.01732	0.10656	0.06139	1.01732	0.03853	0.06139
GGG	GGA	GA	-2.77761	0.58549	0.10784	2.77761	0.03641	0.10784


Histograms
2Ns	FMut	FSub(CodonUsage)	FSubw(after w)

-10.98873	0.01860	0.00000
-9.88986	0.00539	0.00000
-8.79098	0.00945	0.00002
-7.69211	0.00260	0.00001
-6.59324	0.00077	0.00001
-5.49437	0.03820	0.00146
-4.39549	0.09639	0.01026
-3.29662	0.06302	0.01439
-2.19775	0.24494	0.11978
-1.09887	0.24153	0.21820
0.00000	0.16481	0.27180
1.09887	0.07968	0.21820
2.19775	0.03038	0.11978
3.29662	0.00264	0.01439
4.39549	0.00145	0.01025
5.49437	0.00016	0.00145
6.59324	0.00000	0.00000
7.69211	0.00000	0.00000
8.79098	0.00000	0.00000
9.88986	0.00000	0.00000
10.98873	0.00000	0.00000

Proportion of advantageous (S > 0) mutations:
 0.18463

Proportions of good & bad mutations (|S| > 2.0000) among mutations:
0.02085  0.39964

mean |Ns| = 2.21332	mean Ns+ = 0.98661	mean Ns- = -2.49108


MLEs of dN/dS (w) for site classes (K=3)

site class             0         1         2
proportion        0.36337   0.18154   0.45509
branch type 0:    0.00000   1.00000   0.56100
branch type 1:    0.00000   1.00000   0.05540

Naive Empirical Bayes (NEB) probabilities for 3 classes
(amino acids refer to 1st sequence: Egla)

   1 M   0.00000 0.85345 0.14655 ( 2)
   2 V   0.00000 0.84657 0.15343 ( 2)
   3 S   0.51835 0.07559 0.40606 ( 1)
   4 L   0.00000 0.79070 0.20930 ( 2)
   5 P   0.00001 0.77806 0.22193 ( 2)
   6 W   0.00000 0.34058 0.65942 ( 3)
   7 P   0.41178 0.14979 0.43843 ( 3)
   8 H   0.59016 0.06574 0.34409 ( 1)
   9 W   0.41270 0.14911 0.43819 ( 3)
  10 L   0.40636 0.15301 0.44063 ( 3)
  11 S   0.49835 0.10322 0.39842 ( 1)
  12 S   0.52439 0.08967 0.38595 ( 1)
  13 A   0.45518 0.12490 0.41993 ( 1)
  14 A   0.45528 0.12496 0.41976 ( 1)
  15 P   0.00000 0.37302 0.62698 ( 3)
  16 L   0.40636 0.15301 0.44063 ( 3)
  17 H   0.00000 0.26404 0.73596 ( 3)
  18 S   0.50040 0.10226 0.39734 ( 1)
  19 H   0.59016 0.06574 0.34409 ( 1)
  20 M   0.00000 0.32038 0.67962 ( 3)
  21 A   0.45518 0.12490 0.41993 ( 1)
  22 G   0.00000 0.32283 0.67716 ( 3)
  23 L   0.40636 0.15301 0.44063 ( 3)
  24 P   0.49457 0.10504 0.40038 ( 1)
  25 L   0.40636 0.15301 0.44063 ( 3)
  26 P   0.41178 0.14979 0.43843 ( 3)
  27 R   0.44513 0.13036 0.42451 ( 1)
  28 A   0.00000 0.31340 0.68660 ( 3)
  29 P   0.60159 0.06165 0.33676 ( 1)
  30 S   0.49835 0.10322 0.39842 ( 1)
  31 P   0.41476 0.14815 0.43710 ( 3)
  32 L   0.44958 0.13017 0.42024 ( 1)
  33 S   0.45427 0.12560 0.42013 ( 1)
  34 G   0.00000 0.32268 0.67732 ( 3)
  35 L   0.48132 0.11146 0.40722 ( 1)
  36 A   0.50800 0.09881 0.39320 ( 1)
  37 E   0.00000 0.33155 0.66845 ( 3)
  38 P   0.47193 0.11913 0.40894 ( 1)
  39 C   0.56158 0.07626 0.36216 ( 1)
  40 S   0.50016 0.10236 0.39748 ( 1)
  41 P   0.49457 0.10504 0.40038 ( 1)
  42 L   0.00000 0.32807 0.67193 ( 3)
  43 T   0.00000 0.44263 0.55737 ( 3)
  44 T   0.58709 0.06677 0.34614 ( 1)
  45 H   0.00000 0.29594 0.70406 ( 3)
  46 P   0.00000 0.31925 0.68075 ( 3)
  47 C   0.00000 0.33296 0.66704 ( 3)
  48 A   0.45972 0.12282 0.41746 ( 1)
  49 A   0.45528 0.12496 0.41976 ( 1)
  50 W   0.41270 0.14911 0.43819 ( 3)
  51 P   0.40383 0.15715 0.43903 ( 3)
  52 Q   0.53257 0.09480 0.37263 ( 1)
  53 A   0.44120 0.13686 0.42195 ( 1)
  54 C   0.53160 0.09515 0.37325 ( 1)
  55 S   0.47874 0.11825 0.40300 ( 1)
  56 G   0.48097 0.11730 0.40172 ( 1)
  57 L   0.39931 0.15964 0.44105 ( 3)
  58 G   0.48097 0.11730 0.40172 ( 1)
  59 P   0.42913 0.14047 0.43041 ( 3)
  60 P   0.40353 0.15499 0.44148 ( 3)
  61 A   0.45528 0.12496 0.41976 ( 1)
  62 S   0.49835 0.10322 0.39842 ( 1)
  63 P   0.48774 0.10802 0.40424 ( 1)
  64 G   0.00000 0.34124 0.65876 ( 3)
  65 L   0.40636 0.15301 0.44063 ( 3)
  66 R   0.66019 0.04381 0.29600 ( 1)
  67 G   0.55119 0.08044 0.36838 ( 1)
  68 G   0.48282 0.08919 0.42798 ( 1)
  69 G   0.52061 0.07709 0.40230 ( 1)
  70 A   0.00000 0.83549 0.16451 ( 2)
  71 P   0.42814 0.13125 0.44061 ( 3)
  72 G   0.52787 0.06035 0.41178 ( 1)
  73 E   0.00000 0.82657 0.17343 ( 2)
  74 P   0.00000 0.98614 0.01386 ( 2)
  75 G   0.53540 0.05780 0.40680 ( 1)
  76 P   0.52781 0.05384 0.41836 ( 1)
  77 V   0.00000 0.99985 0.00015 ( 2)
  78 S   0.00000 0.98082 0.01918 ( 2)
  79 P   0.43225 0.10698 0.46078 ( 3)
  80 Q   0.00000 0.99862 0.00138 ( 2)
  81 T   0.58741 0.03471 0.37788 ( 1)
  82 E   0.50640 0.07082 0.42279 ( 1)
  83 R   0.00001 0.58206 0.41793 ( 2)
  84 L   0.42152 0.12720 0.45128 ( 3)
  85 T   0.59965 0.03000 0.37035 ( 1)
  86 A   0.54469 0.05119 0.40412 ( 1)
  87 E   0.51303 0.06887 0.41811 ( 1)
  88 Q   0.50887 0.06848 0.42264 ( 1)
  89 I   0.00000 0.17077 0.82923 ( 3)
  90 K   0.00000 0.36787 0.63213 ( 3)
  91 E   0.00000 0.22983 0.77017 ( 3)
  92 Y   0.52359 0.06119 0.41523 ( 1)
  93 K   0.00000 0.30788 0.69212 ( 3)
  94 G   0.53523 0.05492 0.40985 ( 1)
  95 V   0.66665 0.01501 0.31834 ( 1)
  96 S   0.00000 0.30507 0.69493 ( 3)
  97 E   0.50640 0.07082 0.42279 ( 1)
  98 M   0.52734 0.05999 0.41267 ( 1)
  99 F   0.44385 0.11010 0.44604 ( 3)
 100 D   0.56270 0.04192 0.39538 ( 1)
 101 E   0.50828 0.07022 0.42150 ( 1)
 102 E   0.00001 0.74874 0.25125 ( 2)
 103 G   0.52502 0.06113 0.41385 ( 1)
 104 N   0.63041 0.02307 0.34652 ( 1)
 105 G   0.54124 0.05335 0.40541 ( 1)
 106 A   0.54701 0.05062 0.40236 ( 1)
 107 V   0.56168 0.04459 0.39373 ( 1)
 108 K   0.00001 0.65991 0.34008 ( 2)
 109 T   0.59023 0.03420 0.37557 ( 1)
 110 D   0.53990 0.05420 0.40589 ( 1)
 111 E   0.50828 0.07022 0.42150 ( 1)
 112 L   0.42059 0.12766 0.45175 ( 3)
 113 E   0.50828 0.07022 0.42150 ( 1)
 114 R   0.64047 0.02028 0.33924 ( 1)
 115 L   0.51600 0.06521 0.41880 ( 1)
 116 M   0.00000 0.31314 0.68686 ( 3)
 117 S   0.49261 0.08125 0.42613 ( 1)
 118 L   0.42225 0.12684 0.45091 ( 3)
 119 R   0.00000 0.39729 0.60271 ( 3)
 120 G   0.52992 0.05977 0.41030 ( 1)
 121 T   0.00000 0.17254 0.82746 ( 3)
 122 N   0.63041 0.02307 0.34652 ( 1)
 123 P   0.53148 0.05767 0.41086 ( 1)
 124 A   0.00000 0.10440 0.89559 ( 3)
 125 K   0.54372 0.05251 0.40377 ( 1)
 126 S   0.00000 0.11442 0.88558 ( 3)
 127 E   0.00001 0.74266 0.25733 ( 2)
 128 L   0.42225 0.12684 0.45091 ( 3)
 129 A   0.48794 0.07832 0.43374 ( 1)
 130 S   0.53600 0.05536 0.40864 ( 1)
 131 -   0.51618 0.06311 0.42071 ( 1)
 132 -   0.00000 0.75378 0.24622 ( 2)
 133 -   0.53147 0.05561 0.41292 ( 1)
 134 D   0.00000 0.19155 0.80845 ( 3)
 135 V   0.56168 0.04459 0.39373 ( 1)
 136 D   0.53990 0.05420 0.40589 ( 1)
 137 R   0.00000 0.14447 0.85553 ( 3)
 138 E   0.00000 0.30499 0.69501 ( 3)
 139 K   0.51893 0.05885 0.42221 ( 1)
 140 K   0.00000 0.12637 0.87363 ( 3)
 141 G   0.00000 0.19137 0.80863 ( 3)
 142 F   0.50923 0.06873 0.42203 ( 1)
 143 F   0.50923 0.06873 0.42203 ( 1)
 144 N   0.63119 0.02249 0.34632 ( 1)
 145 C   0.00000 0.14111 0.85888 ( 3)
 146 K   0.00000 0.30209 0.69791 ( 3)
 147 G   0.00000 0.12149 0.87851 ( 3)
 148 F   0.50923 0.06873 0.42203 ( 1)
 149 L   0.42225 0.12684 0.45091 ( 3)
 150 A   0.54803 0.05038 0.40160 ( 1)
 151 R   0.00000 0.33339 0.66661 ( 3)
 152 M   0.00000 0.20287 0.79712 ( 3)
 153 G   0.54504 0.05241 0.40255 ( 1)
 154 V   0.57024 0.04274 0.38702 ( 1)
 155 Y   0.00000 0.20551 0.79449 ( 3)
 156 W   0.43348 0.11882 0.44770 ( 3)
 157 E   0.51465 0.06826 0.41709 ( 1)
 158 K   0.54751 0.05540 0.39709 ( 1)
 159 A   0.48628 0.08632 0.42740 ( 1)
 160 Q   0.51346 0.07086 0.41568 ( 1)
 161 N   0.63733 0.02512 0.33755 ( 1)
 162 Q   0.51346 0.07086 0.41568 ( 1)
 163 E   0.51091 0.07321 0.41587 ( 1)
 164 S   0.00000 0.26478 0.73522 ( 3)
 165 E   0.51091 0.07321 0.41587 ( 1)
 166 L   0.51887 0.06817 0.41296 ( 1)
 167 R   0.71584 0.01055 0.27362 ( 1)
 168 A   0.55091 0.05347 0.39562 ( 1)
 169 A   0.48628 0.08632 0.42740 ( 1)
 170 F   0.00000 0.23507 0.76493 ( 3)
 171 R   0.61437 0.03098 0.35465 ( 1)
 172 I   0.56037 0.04960 0.39003 ( 1)
 173 F   0.51190 0.07170 0.41641 ( 1)
 174 D   0.54356 0.05711 0.39933 ( 1)
 175 K   0.54519 0.05602 0.39879 ( 1)
 176 E   0.51091 0.07321 0.41587 ( 1)
 177 G   0.00000 0.83050 0.16950 ( 2)
 178 K   0.54751 0.05540 0.39709 ( 1)
 179 G   0.53146 0.06000 0.40854 ( 1)
 180 Y   0.52884 0.06355 0.40761 ( 1)
 181 I   0.55625 0.05074 0.39301 ( 1)
 182 D   0.54356 0.05711 0.39933 ( 1)
 183 W   0.43348 0.11882 0.44770 ( 3)
 184 G   0.00000 0.81136 0.18864 ( 2)
 185 T   0.00000 0.74795 0.25205 ( 2)
 186 L   0.00000 0.98099 0.01901 ( 2)
 187 T   0.00000 0.79626 0.20374 ( 2)
 188 Y   0.53274 0.05866 0.40860 ( 1)
 189 V   0.57024 0.04274 0.38702 ( 1)
 190 L   0.52861 0.05584 0.41555 ( 1)
 191 T   0.00000 0.44910 0.55090 ( 3)
 192 H   0.00000 0.22769 0.77231 ( 3)
 193 A   0.55498 0.04872 0.39630 ( 1)
 194 G   0.53209 0.05918 0.40873 ( 1)
 195 E   0.51465 0.06826 0.41709 ( 1)
 196 P   0.53880 0.05574 0.40547 ( 1)
 197 L   0.52265 0.06327 0.41407 ( 1)
 198 S   0.62310 0.02517 0.35173 ( 1)
 199 E   0.51465 0.06826 0.41709 ( 1)
 200 V   0.00000 0.31558 0.68442 ( 3)
 201 E   0.51465 0.06826 0.41709 ( 1)
 202 A   0.48963 0.08155 0.42881 ( 1)
 203 E   0.00000 0.22658 0.77342 ( 3)
 204 Q   0.00000 0.21759 0.78241 ( 3)
 205 M   0.53451 0.05804 0.40745 ( 1)
 206 M   0.53451 0.05804 0.40745 ( 1)
 207 K   0.00000 0.18593 0.81407 ( 3)
 208 E   0.60956 0.02991 0.36053 ( 1)
 209 A   0.48963 0.08155 0.42881 ( 1)
 210 D   0.00000 0.18945 0.81054 ( 3)
 211 K   0.55158 0.05058 0.39784 ( 1)
 212 D   0.00000 0.16949 0.83051 ( 3)
 213 G   0.54897 0.05143 0.39960 ( 1)
 214 D   0.00000 0.18360 0.81640 ( 3)
 215 G   0.00000 0.18606 0.81394 ( 3)
 216 T   0.64431 0.02075 0.33493 ( 1)
 217 I   0.58520 0.03095 0.38385 ( 1)
 218 D   0.54760 0.05227 0.40013 ( 1)
 219 H   0.00000 0.20193 0.79807 ( 3)
 220 E   0.50828 0.07023 0.42149 ( 1)
 221 E   0.48833 0.07652 0.43515 ( 1)
 222 F   0.48917 0.07502 0.43582 ( 1)
 223 V   0.53447 0.05078 0.41476 ( 1)
 224 A   0.46772 0.08940 0.44288 ( 1)
 225 M   0.50478 0.06637 0.42886 ( 1)
 226 M   0.50478 0.06637 0.42886 ( 1)
 227 T   0.58080 0.03219 0.38701 ( 1)
 228 G   0.51678 0.05969 0.42353 ( 1)
 229 E   0.48833 0.07652 0.43515 ( 1)
 230 S   0.51226 0.06170 0.42605 ( 1)
 231 F   0.48917 0.07502 0.43582 ( 1)
 232 K   0.51893 0.05885 0.42221 ( 1)
 233 L   0.42633 0.12490 0.44877 ( 3)
 234 V   0.68261 0.01356 0.30383 ( 1)
 235 Q   0.00000 0.58029 0.41971 ( 2)


lnL = -1775.752907

Bayes Empirical Bayes (BEB) probabilities for 3 classes (class)
(amino acids refer to 1st sequence: Egla)

   1 M   0.05874 0.61035 0.33090 ( 2)
   2 V   0.06403 0.60214 0.33382 ( 2)
   3 S   0.66668 0.05956 0.27376 ( 1)
   4 L   0.28740 0.42467 0.28793 ( 2)
   5 P   0.30381 0.40591 0.29029 ( 2)
   6 W   0.12875 0.27954 0.59171 ( 3)
   7 P   0.56278 0.11614 0.32108 ( 1)
   8 H   0.72295 0.05045 0.22660 ( 1)
   9 W   0.56385 0.11562 0.32053 ( 1)
  10 L   0.55725 0.11866 0.32409 ( 1)
  11 S   0.64654 0.07967 0.27379 ( 1)
  12 S   0.66930 0.06924 0.26146 ( 1)
  13 A   0.60631 0.09666 0.29704 ( 1)
  14 A   0.60628 0.09670 0.29701 ( 1)
  15 P   0.12132 0.30341 0.57526 ( 3)
  16 L   0.55725 0.11866 0.32409 ( 1)
  17 H   0.21377 0.22450 0.56173 ( 3)
  18 S   0.64839 0.07891 0.27270 ( 1)
  19 H   0.72295 0.05045 0.22660 ( 1)
  20 M   0.15708 0.26658 0.57635 ( 3)
  21 A   0.60630 0.09666 0.29704 ( 1)
  22 G   0.15753 0.26892 0.57355 ( 3)
  23 L   0.55725 0.11866 0.32409 ( 1)
  24 P   0.64310 0.08109 0.27581 ( 1)
  25 L   0.55725 0.11866 0.32409 ( 1)
  26 P   0.56278 0.11614 0.32108 ( 1)
  27 R   0.59652 0.10094 0.30254 ( 1)
  28 A   0.16740 0.26228 0.57032 ( 3)
  29 P   0.73184 0.04728 0.22087 ( 1)
  30 S   0.64654 0.07967 0.27379 ( 1)
  31 P   0.56586 0.11484 0.31929 ( 1)
  32 L   0.60073 0.10060 0.29867 ( 1)
  33 S   0.60521 0.09720 0.29759 ( 1)
  34 G   0.15766 0.26883 0.57351 ( 3)
  35 L   0.63100 0.08612 0.28288 ( 1)
  36 A   0.65509 0.07621 0.26870 ( 1)
  37 E   0.15054 0.27507 0.57440 ( 3)
  38 P   0.62196 0.09188 0.28616 ( 1)
  39 C   0.70042 0.05862 0.24097 ( 1)
  40 S   0.64817 0.07899 0.27283 ( 1)
  41 P   0.64310 0.08109 0.27581 ( 1)
  42 L   0.15302 0.27271 0.57427 ( 3)
  43 T   0.02835 0.36464 0.60701 ( 3)
  44 T   0.72065 0.05124 0.22811 ( 1)
  45 H   0.18251 0.24933 0.56816 ( 3)
  46 P   0.16043 0.26642 0.57315 ( 3)
  47 C   0.15055 0.27635 0.57310 ( 3)
  48 A   0.61055 0.09500 0.29445 ( 1)
  49 A   0.60628 0.09670 0.29701 ( 1)
  50 W   0.56385 0.11562 0.32053 ( 1)
  51 P   0.55441 0.12169 0.32389 ( 1)
  52 Q   0.67543 0.07248 0.25209 ( 1)
  53 A   0.59230 0.10566 0.30204 ( 1)
  54 C   0.67467 0.07275 0.25258 ( 1)
  55 S   0.62815 0.09095 0.28090 ( 1)
  56 G   0.63010 0.09020 0.27971 ( 1)
  57 L   0.54978 0.12366 0.32655 ( 1)
  58 G   0.63010 0.09020 0.27971 ( 1)
  59 P   0.58045 0.10877 0.31079 ( 1)
  60 P   0.55406 0.12020 0.32574 ( 1)
  61 A   0.60628 0.09670 0.29701 ( 1)
  62 S   0.64654 0.07967 0.27379 ( 1)
  63 P   0.63690 0.08345 0.27964 ( 1)
  64 G   0.14522 0.28204 0.57274 ( 3)
  65 L   0.55725 0.11866 0.32409 ( 1)
  66 R   0.77392 0.03357 0.19251 ( 1)
  67 G   0.69184 0.06186 0.24630 ( 1)
  68 G   0.63435 0.07048 0.29517 ( 1)
  69 G   0.66823 0.06058 0.27119 ( 1)
  70 A   0.23115 0.49634 0.27251 ( 2)
  71 P   0.57985 0.10240 0.31775 ( 1)
  72 G   0.67678 0.04840 0.27482 ( 1)
  73 E   0.06145 0.57101 0.36754 ( 2)
  74 P   0.05620 0.82800 0.11579 ( 2)
  75 G   0.68338 0.04635 0.27027 ( 1)
  76 P   0.67805 0.04361 0.27834 ( 1)
  77 V   0.00102 0.96898 0.03000 ( 2)
  78 S   0.08325 0.78473 0.13202 ( 2)
  79 P   0.58510 0.08505 0.32986 ( 1)
  80 Q   0.02114 0.93114 0.04772 ( 2)
  81 T   0.72821 0.02833 0.24346 ( 1)
  82 E   0.65713 0.05661 0.28626 ( 1)
  83 R   0.45702 0.21848 0.32450 ( 1)
  84 L   0.57353 0.09981 0.32666 ( 1)
  85 T   0.73826 0.02464 0.23710 ( 1)
  86 A   0.69207 0.04130 0.26663 ( 1)
  87 E   0.66287 0.05501 0.28212 ( 1)
  88 Q   0.65978 0.05477 0.28545 ( 1)
  89 I   0.21556 0.15297 0.63147 ( 3)
  90 K   0.02960 0.30651 0.66389 ( 3)
  91 E   0.17219 0.19837 0.62944 ( 3)
  92 Y   0.67318 0.04910 0.27771 ( 1)
  93 K   0.03057 0.26058 0.70885 ( 3)
  94 G   0.68375 0.04425 0.27200 ( 1)
  95 V   0.78800 0.01259 0.19941 ( 1)
  96 S   0.13403 0.25289 0.61308 ( 3)
  97 E   0.65713 0.05661 0.28626 ( 1)
  98 M   0.67643 0.04816 0.27541 ( 1)
  99 F   0.59655 0.08676 0.31668 ( 1)
 100 D   0.70792 0.03413 0.25795 ( 1)
 101 E   0.65884 0.05612 0.28504 ( 1)
 102 E   0.31241 0.37771 0.30988 ( 2)
 103 G   0.67434 0.04904 0.27661 ( 1)
 104 N   0.76151 0.01907 0.21942 ( 1)
 105 G   0.68888 0.04297 0.26815 ( 1)
 106 A   0.69402 0.04083 0.26515 ( 1)
 107 V   0.70665 0.03610 0.25725 ( 1)
 108 K   0.38078 0.28815 0.33107 ( 1)
 109 T   0.73038 0.02790 0.24171 ( 1)
 110 D   0.68759 0.04364 0.26876 ( 1)
 111 E   0.65884 0.05612 0.28504 ( 1)
 112 L   0.57257 0.10017 0.32726 ( 1)
 113 E   0.65884 0.05612 0.28504 ( 1)
 114 R   0.76923 0.01683 0.21394 ( 1)
 115 L   0.66631 0.05220 0.28149 ( 1)
 116 M   0.03259 0.26754 0.69987 ( 3)
 117 S   0.64375 0.06452 0.29173 ( 1)
 118 L   0.57429 0.09952 0.32619 ( 1)
 119 R   0.02231 0.31537 0.66233 ( 3)
 120 G   0.67856 0.04793 0.27350 ( 1)
 121 T   0.21217 0.15437 0.63346 ( 3)
 122 N   0.76151 0.01907 0.21942 ( 1)
 123 P   0.68031 0.04633 0.27336 ( 1)
 124 A   0.27738 0.09812 0.62450 ( 3)
 125 K   0.69094 0.04232 0.26674 ( 1)
 126 S   0.26738 0.10670 0.62591 ( 3)
 127 E   0.31604 0.37121 0.31275 ( 2)
 128 L   0.57429 0.09952 0.32619 ( 1)
 129 A   0.64023 0.06252 0.29725 ( 1)
 130 S   0.68441 0.04453 0.27106 ( 1)
 131 -   0.66671 0.05072 0.28258 ( 1)
 132 -   0.29182 0.38998 0.31821 ( 2)
 133 -   0.68057 0.04487 0.27456 ( 1)
 134 D   0.19811 0.16924 0.63265 ( 3)
 135 V   0.70665 0.03610 0.25725 ( 1)
 136 D   0.68759 0.04364 0.26876 ( 1)
 137 R   0.23102 0.13164 0.63733 ( 3)
 138 E   0.03208 0.26035 0.70757 ( 3)
 139 K   0.66980 0.04755 0.28265 ( 1)
 140 K   0.25442 0.11685 0.62873 ( 3)
 141 G   0.19581 0.16907 0.63511 ( 3)
 142 F   0.66010 0.05493 0.28497 ( 1)
 143 F   0.66010 0.05493 0.28497 ( 1)
 144 N   0.76227 0.01862 0.21911 ( 1)
 145 C   0.24674 0.12880 0.62446 ( 3)
 146 K   0.03286 0.25911 0.70803 ( 3)
 147 G   0.24756 0.11301 0.63943 ( 3)
 148 F   0.66010 0.05493 0.28497 ( 1)
 149 L   0.57429 0.09952 0.32619 ( 1)
 150 A   0.69487 0.04063 0.26451 ( 1)
 151 R   0.12247 0.27287 0.60466 ( 3)
 152 M   0.19181 0.17803 0.63016 ( 3)
 153 G   0.69205 0.04219 0.26576 ( 1)
 154 V   0.71351 0.03457 0.25191 ( 1)
 155 Y   0.18842 0.18002 0.63156 ( 3)
 156 W   0.58590 0.09336 0.32074 ( 1)
 157 E   0.66450 0.05452 0.28098 ( 1)
 158 K   0.69331 0.04434 0.26235 ( 1)
 159 A   0.63779 0.06832 0.29388 ( 1)
 160 Q   0.66330 0.05635 0.28035 ( 1)
 161 N   0.76524 0.02052 0.21423 ( 1)
 162 Q   0.66330 0.05635 0.28035 ( 1)
 163 E   0.66062 0.05820 0.28118 ( 1)
 164 S   0.15996 0.22468 0.61537 ( 3)
 165 E   0.66062 0.05820 0.28118 ( 1)
 166 L   0.66823 0.05426 0.27751 ( 1)
 167 R   0.81904 0.00886 0.17210 ( 1)
 168 A   0.69646 0.04282 0.26072 ( 1)
 169 A   0.63779 0.06832 0.29388 ( 1)
 170 F   0.17533 0.20251 0.62216 ( 3)
 171 R   0.74811 0.02516 0.22673 ( 1)
 172 I   0.70449 0.03979 0.25571 ( 1)
 173 F   0.66189 0.05699 0.28111 ( 1)
 174 D   0.68991 0.04567 0.26442 ( 1)
 175 K   0.69137 0.04484 0.26379 ( 1)
 176 E   0.66062 0.05820 0.28118 ( 1)
 177 G   0.06558 0.57890 0.35551 ( 2)
 178 K   0.69331 0.04434 0.26235 ( 1)
 179 G   0.67977 0.04807 0.27216 ( 1)
 180 Y   0.67707 0.05068 0.27225 ( 1)
 181 I   0.70115 0.04071 0.25814 ( 1)
 182 D   0.68991 0.04567 0.26442 ( 1)
 183 W   0.58590 0.09336 0.32074 ( 1)
 184 G   0.06985 0.55392 0.37622 ( 2)
 185 T   0.09415 0.48475 0.42110 ( 2)
 186 L   0.08162 0.78600 0.13238 ( 2)
 187 T   0.07442 0.53571 0.38987 ( 2)
 188 Y   0.68108 0.04703 0.27188 ( 1)
 189 V   0.71351 0.03457 0.25191 ( 1)
 190 L   0.67834 0.04506 0.27660 ( 1)
 191 T   0.00618 0.33269 0.66113 ( 3)
 192 H   0.01357 0.20316 0.78327 ( 3)
 193 A   0.70060 0.03927 0.26014 ( 1)
 194 G   0.68043 0.04745 0.27213 ( 1)
 195 E   0.66450 0.05452 0.28098 ( 1)
 196 P   0.68654 0.04475 0.26872 ( 1)
 197 L   0.67215 0.05062 0.27724 ( 1)
 198 S   0.75583 0.02073 0.22344 ( 1)
 199 E   0.66450 0.05452 0.28098 ( 1)
 200 V   0.13832 0.26162 0.60006 ( 3)
 201 E   0.66450 0.05452 0.28098 ( 1)
 202 A   0.64132 0.06479 0.29388 ( 1)
 203 E   0.17655 0.19606 0.62740 ( 3)
 204 Q   0.18459 0.18933 0.62608 ( 3)
 205 M   0.68258 0.04656 0.27087 ( 1)
 206 M   0.68258 0.04656 0.27087 ( 1)
 207 K   0.20376 0.16494 0.63130 ( 3)
 208 E   0.74514 0.02445 0.23041 ( 1)
 209 A   0.64132 0.06479 0.29388 ( 1)
 210 D   0.20146 0.16772 0.63082 ( 3)
 211 K   0.69746 0.04074 0.26180 ( 1)
 212 D   0.21354 0.15198 0.63448 ( 3)
 213 G   0.69534 0.04139 0.26327 ( 1)
 214 D   0.20287 0.16316 0.63397 ( 3)
 215 G   0.20469 0.16502 0.63029 ( 3)
 216 T   0.77149 0.01715 0.21136 ( 1)
 217 I   0.72768 0.02553 0.24680 ( 1)
 218 D   0.69403 0.04205 0.26391 ( 1)
 219 H   0.19401 0.17731 0.62868 ( 3)
 220 E   0.65883 0.05613 0.28505 ( 1)
 221 E   0.64081 0.06127 0.29792 ( 1)
 222 F   0.64191 0.06007 0.29802 ( 1)
 223 V   0.68414 0.04122 0.27464 ( 1)
 224 A   0.62076 0.07116 0.30808 ( 1)
 225 M   0.65664 0.05339 0.28997 ( 1)
 226 M   0.65664 0.05339 0.28997 ( 1)
 227 T   0.72428 0.02654 0.24918 ( 1)
 228 G   0.66792 0.04819 0.28389 ( 1)
 229 E   0.64081 0.06127 0.29792 ( 1)
 230 S   0.66385 0.04974 0.28641 ( 1)
 231 F   0.64191 0.06007 0.29802 ( 1)
 232 K   0.66980 0.04755 0.28265 ( 1)
 233 L   0.57828 0.09798 0.32374 ( 1)
 234 V   0.79832 0.01137 0.19032 ( 1)
 235 Q   0.00286 0.38957 0.60757 ( 3)

