86
Bacu_CASQ1         0.0000000 0.0224110 0.0215270 0.0018989 0.0064659 0.0070214 0.0058348 0.0051811 0.0123311 0.0058712 0.0236701 0.0222550 0.0163061 0.0220236 0.0242146 0.0239687 0.0220817 0.0294060 0.0156184 0.0147969 0.0133172 0.0094697 0.0264914 0.0212033 0.0245653 0.0242744 0.0236014 0.0266600 0.0215455 0.0250314 0.0227959 0.0303790 0.0256040 0.0236920 0.0246749 0.0245437 0.0230889 0.0240779 0.0243567 0.0249470 0.0172252 0.0235843 0.0269013 0.0250616 0.0254133 0.0268310 0.0314599 0.0294389 0.0267673 0.0281546 0.0276254 0.0283034 0.0250608 0.0280843 0.0260956 0.0348892 0.0274369 0.0222309 0.0231179 0.0281518 0.0264955 0.0226254 0.0235680 0.0374349 0.0253089 0.0271872 0.0236282 0.0270562 0.0231236 0.0281292 0.0230889 0.0248923 0.0212033 0.0230860 0.0241008 0.0293526 0.0220817 0.0248923 0.0232923 0.0257518 0.0222550 0.0233123 0.0222550 0.0255682 0.0231137 0.0303748 
Barn_CASQ1         0.0224110 0.0000000 0.0000010 0.0257233 0.0223027 0.0223027 0.0223190 0.0222819 0.0255699 0.0255634 0.0253915 0.0270061 0.0346809 0.0302831 0.0302831 0.0302831 0.0302831 0.0271483 0.0299048 0.0271984 0.0271984 0.0292524 0.0324276 0.0286350 0.0324276 0.0324276 0.0069999 0.0026652 0.0293594 0.0225996 0.0209616 0.0304438 0.0319988 0.0270061 0.0270061 0.0321342 0.0357973 0.0253483 0.0253483 0.0286396 0.0254226 0.0069923 0.0084380 0.0069923 0.0072428 0.0145366 0.0174346 0.0075858 0.0069999 0.0084380 0.0130088 0.0271483 0.0069923 0.0084271 0.0084364 0.0470768 0.0308552 0.0270018 0.0286806 0.0302782 0.0271282 0.0223321 0.0307357 0.0275610 0.0287191 0.0341860 0.0239297 0.0304229 0.0287191 0.0254078 0.0302831 0.0302831 0.0286350 0.0303258 0.0337299 0.0327697 0.0302831 0.0302831 0.0302831 0.0302831 0.0302831 0.0302831 0.0302831 0.0293156 0.0069923 0.0058220 
Bbai76728_CASQ1    0.0215270 0.0000010 0.0000000 0.0240178 0.0200183 0.0220561 0.0202609 0.0202356 0.0240062 0.0242390 0.0230007 0.0225243 0.0333324 0.0250732 0.0246925 0.0274995 0.0246925 0.0248628 0.0298107 0.0269824 0.0252359 0.0253943 0.0292987 0.0237928 0.0266712 0.0261877 0.0074128 0.0026652 0.0282554 0.0221233 0.0194547 0.0292034 0.0277315 0.0242984 0.0240818 0.0264815 0.0286205 0.0210883 0.0212366 0.0258534 0.0211592 0.0064100 0.0078975 0.0060743 0.0081414 0.0127400 0.0150486 0.0074217 0.0060801 0.0090665 0.0105101 0.0235832 0.0073156 0.0090464 0.0068529 0.0394564 0.0260835 0.0225214 0.0235172 0.0259304 0.0276835 0.0240231 0.0253649 0.0312365 0.0251301 0.0299873 0.0232098 0.0283581 0.0247446 0.0221584 0.0259335 0.0269245 0.0237928 0.0259598 0.0271818 0.0327697 0.0246925 0.0269245 0.0250732 0.0269245 0.0250732 0.0263913 0.0250732 0.0236113 0.0055767 0.0054547 
BbonAUS_CASQ1      0.0018989 0.0257233 0.0240178 0.0000000 0.0086950 0.0094503 0.0078400 0.0078319 0.0140671 0.0082880 0.0246945 0.0242451 0.0184972 0.0241710 0.0251270 0.0263975 0.0239384 0.0323339 0.0170294 0.0160262 0.0151170 0.0120106 0.0280302 0.0230640 0.0257084 0.0253149 0.0276285 0.0334471 0.0263743 0.0268225 0.0245096 0.0306135 0.0266934 0.0259349 0.0257892 0.0255396 0.0250871 0.0250834 0.0254596 0.0273988 0.0217424 0.0263431 0.0269054 0.0292500 0.0279959 0.0308762 0.0358638 0.0346508 0.0297813 0.0306985 0.0322541 0.0310617 0.0292501 0.0306204 0.0286379 0.0414466 0.0288618 0.0242423 0.0250842 0.0285248 0.0280498 0.0259390 0.0258105 0.0378829 0.0279549 0.0287369 0.0252955 0.0298010 0.0274336 0.0312678 0.0250871 0.0259349 0.0230640 0.0251106 0.0262421 0.0349644 0.0239384 0.0259349 0.0242451 0.0259349 0.0242451 0.0254596 0.0242451 0.0254811 0.0268266 0.0329426 
Bbor_CASQ1         0.0064659 0.0223027 0.0200183 0.0086950 0.0000000 0.0000010 0.0000010 0.0020973 0.0097418 0.0044963 0.0189749 0.0192317 0.0109570 0.0185378 0.0204600 0.0211041 0.0192018 0.0281438 0.0118015 0.0115657 0.0108590 0.0064402 0.0228062 0.0179629 0.0207496 0.0206262 0.0253233 0.0298772 0.0215090 0.0227020 0.0199644 0.0256193 0.0218511 0.0209470 0.0202105 0.0206003 0.0204256 0.0204225 0.0205308 0.0224817 0.0168279 0.0252862 0.0274459 0.0270870 0.0256940 0.0290291 0.0345126 0.0292390 0.0272788 0.0288443 0.0301596 0.0267913 0.0270865 0.0287640 0.0265553 0.0377813 0.0254875 0.0192292 0.0204231 0.0241048 0.0211291 0.0220766 0.0208363 0.0330762 0.0258977 0.0239050 0.0211146 0.0250829 0.0254537 0.0259914 0.0204256 0.0209470 0.0192515 0.0204457 0.0216577 0.0317362 0.0192018 0.0209470 0.0192317 0.0209470 0.0192317 0.0205308 0.0192317 0.0228064 0.0246189 0.0313168 
Bede66737_CASQ1    0.0070214 0.0223027 0.0220561 0.0094503 0.0000010 0.0000000 0.0000010 0.0022720 0.0105839 0.0048995 0.0189749 0.0211041 0.0119171 0.0205442 0.0223349 0.0211041 0.0209470 0.0308260 0.0118015 0.0112869 0.0118015 0.0069914 0.0228062 0.0197037 0.0228062 0.0225332 0.0253233 0.0298772 0.0215090 0.0227020 0.0199644 0.0256193 0.0225462 0.0209470 0.0205442 0.0226262 0.0222935 0.0222897 0.0225420 0.0225158 0.0183455 0.0252862 0.0286045 0.0270870 0.0267244 0.0303505 0.0363752 0.0292390 0.0272788 0.0301399 0.0301596 0.0293228 0.0270865 0.0300477 0.0265553 0.0417191 0.0278794 0.0211011 0.0222905 0.0249563 0.0211291 0.0197971 0.0229123 0.0330762 0.0285019 0.0239050 0.0211146 0.0250829 0.0278384 0.0291052 0.0209470 0.0209470 0.0211283 0.0209700 0.0236492 0.0317362 0.0209470 0.0209470 0.0211041 0.0209470 0.0211041 0.0211041 0.0211041 0.0254934 0.0270870 0.0328923 
BedeAUS_CASQ1      0.0058348 0.0223190 0.0202609 0.0078400 0.0000010 0.0000010 0.0000000 0.0018976 0.0098012 0.0040405 0.0206312 0.0206198 0.0119267 0.0202034 0.0216665 0.0224157 0.0205168 0.0286544 0.0118015 0.0114460 0.0108127 0.0058137 0.0239562 0.0194692 0.0220074 0.0218260 0.0262346 0.0298772 0.0230612 0.0225907 0.0201486 0.0264704 0.0229948 0.0221977 0.0217290 0.0218651 0.0216333 0.0216302 0.0217986 0.0235918 0.0183702 0.0262460 0.0280936 0.0278229 0.0266393 0.0295247 0.0344566 0.0292390 0.0281922 0.0293556 0.0307168 0.0274267 0.0278226 0.0292818 0.0273008 0.0373426 0.0251324 0.0206173 0.0216309 0.0249819 0.0224665 0.0220340 0.0220907 0.0333460 0.0266555 0.0248792 0.0211685 0.0259352 0.0262108 0.0268533 0.0216333 0.0221977 0.0194692 0.0216527 0.0227562 0.0321283 0.0205168 0.0221977 0.0206198 0.0221977 0.0206198 0.0217986 0.0206198 0.0240190 0.0255358 0.0315814 
Bmus_CASQ1         0.0051811 0.0222819 0.0202356 0.0078319 0.0020973 0.0022720 0.0018976 0.0000000 0.0102584 0.0038468 0.0223673 0.0211460 0.0140095 0.0208253 0.0230903 0.0227610 0.0210282 0.0282659 0.0129333 0.0124452 0.0112220 0.0055460 0.0252426 0.0201062 0.0234217 0.0231900 0.0247577 0.0265492 0.0214309 0.0224043 0.0200946 0.0289104 0.0244049 0.0225497 0.0233708 0.0233543 0.0220244 0.0230038 0.0232249 0.0237832 0.0162188 0.0262084 0.0280570 0.0262348 0.0266037 0.0279367 0.0325815 0.0267332 0.0281483 0.0293168 0.0288655 0.0271780 0.0262343 0.0292433 0.0272649 0.0336443 0.0261358 0.0211234 0.0220079 0.0270344 0.0235625 0.0203866 0.0224324 0.0371275 0.0264414 0.0259952 0.0210624 0.0257232 0.0240734 0.0266047 0.0220244 0.0236834 0.0201062 0.0220216 0.0230254 0.0320342 0.0210282 0.0236834 0.0221726 0.0244396 0.0211460 0.0221913 0.0211460 0.0242642 0.0241933 0.0315391 
Bmys_CASQ1         0.0123311 0.0255699 0.0240062 0.0140671 0.0097418 0.0105839 0.0098012 0.0102584 0.0000000 0.0088222 0.0284953 0.0249961 0.0183524 0.0249946 0.0283486 0.0270832 0.0258200 0.0281246 0.0011190 0.0019913 0.0008962 0.0133628 0.0298783 0.0261465 0.0275339 0.0282520 0.0247615 0.0297725 0.0289135 0.0189085 0.0176458 0.0301636 0.0287925 0.0278689 0.0281097 0.0276412 0.0269240 0.0280040 0.0272807 0.0279954 0.0237148 0.0276927 0.0280613 0.0262390 0.0266080 0.0279408 0.0325864 0.0291622 0.0281535 0.0293214 0.0303196 0.0269653 0.0262384 0.0292479 0.0286229 0.0439481 0.0261245 0.0272776 0.0294718 0.0313264 0.0234830 0.0185754 0.0288245 0.0327253 0.0325855 0.0317682 0.0175739 0.0333504 0.0326015 0.0322232 0.0269240 0.0294098 0.0261465 0.0291522 0.0280335 0.0292787 0.0258200 0.0294098 0.0261218 0.0294098 0.0249961 0.0261465 0.0249961 0.0276963 0.0241968 0.0329242 
Bphy_CASQ1         0.0058712 0.0255634 0.0242390 0.0082880 0.0044963 0.0048995 0.0040405 0.0038468 0.0088222 0.0000000 0.0207323 0.0195598 0.0137262 0.0190721 0.0218100 0.0211678 0.0195598 0.0264669 0.0112717 0.0114330 0.0098309 0.0078600 0.0238158 0.0195598 0.0219747 0.0219747 0.0247568 0.0297821 0.0248959 0.0214572 0.0190214 0.0264329 0.0229658 0.0211678 0.0216990 0.0218377 0.0206761 0.0217762 0.0217762 0.0223378 0.0173909 0.0280819 0.0280560 0.0262339 0.0266028 0.0279358 0.0325804 0.0317065 0.0281472 0.0293158 0.0309714 0.0264669 0.0262334 0.0292423 0.0291335 0.0376639 0.0254962 0.0206524 0.0217721 0.0251523 0.0224360 0.0209813 0.0220539 0.0353998 0.0266206 0.0250639 0.0200510 0.0263606 0.0264163 0.0282388 0.0206761 0.0223853 0.0195598 0.0217990 0.0217990 0.0293526 0.0195598 0.0223853 0.0206547 0.0223853 0.0195598 0.0206732 0.0195598 0.0239941 0.0241925 0.0336875 
Ccom40_CASQ1       0.0236701 0.0253915 0.0230007 0.0246945 0.0189749 0.0189749 0.0206312 0.0223673 0.0284953 0.0207323 0.0000000 0.0010834 0.0318974 0.0032712 0.0030818 0.0032712 0.0030818 0.0150476 0.0308214 0.0290494 0.0298459 0.0261891 0.0044215 0.0054922 0.0044215 0.0041622 0.0265019 0.0327062 0.0154903 0.0257708 0.0218405 0.0084942 0.0043802 0.0010209 0.0010834 0.0043923 0.0062703 0.0020499 0.0021755 0.0021737 0.0116266 0.0277023 0.0261623 0.0247208 0.0285710 0.0165313 0.0335354 0.0327931 0.0247495 0.0276200 0.0287028 0.0138915 0.0261231 0.0275401 0.0256718 0.0266648 0.0172154 0.0043790 0.0051770 0.0041248 0.0135262 0.0245261 0.0066820 0.0170211 0.0174267 0.0052234 0.0267309 0.0138469 0.0161183 0.0160859 0.0030818 0.0030818 0.0077553 0.0062311 0.0051775 0.0054047 0.0030818 0.0030818 0.0032712 0.0033331 0.0032712 0.0032712 0.0032712 0.0038176 0.0247208 0.0253888 
Chea7320_CASQ1     0.0222550 0.0270061 0.0225243 0.0242451 0.0192317 0.0211041 0.0206198 0.0211460 0.0249961 0.0195598 0.0010834 0.0000000 0.0293612 0.0019189 0.0027872 0.0018909 0.0017692 0.0109794 0.0310528 0.0288353 0.0261189 0.0242553 0.0038400 0.0044609 0.0035874 0.0035874 0.0260920 0.0327062 0.0123649 0.0233860 0.0220937 0.0076814 0.0037252 0.0000010 0.0010136 0.0027901 0.0044885 0.0017706 0.0017706 0.0018090 0.0081359 0.0293529 0.0263787 0.0245694 0.0285958 0.0173368 0.0308593 0.0315526 0.0261539 0.0276030 0.0289778 0.0109794 0.0257716 0.0287309 0.0272964 0.0226317 0.0141046 0.0035590 0.0037243 0.0053764 0.0133707 0.0242091 0.0063514 0.0152383 0.0134276 0.0048176 0.0242790 0.0122029 0.0138390 0.0117847 0.0026625 0.0019831 0.0062890 0.0062890 0.0035621 0.0043944 0.0017692 0.0019831 0.0026604 0.0021396 0.0017692 0.0026622 0.0017692 0.0020085 0.0226965 0.0291192 
Cmar59905_CASQ1    0.0163061 0.0346809 0.0333324 0.0184972 0.0109570 0.0119171 0.0119267 0.0140095 0.0183524 0.0137262 0.0318974 0.0293612 0.0000000 0.0297922 0.0312136 0.0320451 0.0299523 0.0388258 0.0223184 0.0194474 0.0194308 0.0184306 0.0338165 0.0281334 0.0309395 0.0314538 0.0361606 0.0535807 0.0350628 0.0305589 0.0270381 0.0365044 0.0293658 0.0325327 0.0315500 0.0307303 0.0311607 0.0311560 0.0306297 0.0327869 0.0253173 0.0352309 0.0375020 0.0379761 0.0362852 0.0390982 0.0443766 0.0405192 0.0395448 0.0388685 0.0432452 0.0374712 0.0379788 0.0387633 0.0381761 0.0487281 0.0367624 0.0293576 0.0311570 0.0347625 0.0321265 0.0317857 0.0310681 0.0475000 0.0358781 0.0355598 0.0315128 0.0366388 0.0361301 0.0391121 0.0311607 0.0325327 0.0281334 0.0311920 0.0323754 0.0415485 0.0299523 0.0325327 0.0293612 0.0325327 0.0293612 0.0306297 0.0293612 0.0359641 0.0347069 0.0426032 
Dcap108471_CASQ1   0.0220236 0.0302831 0.0250732 0.0241710 0.0185378 0.0205442 0.0202034 0.0208253 0.0249946 0.0190721 0.0032712 0.0019189 0.0297922 0.0000000 0.0000010 0.0000010 0.0000010 0.0140158 0.0316265 0.0292063 0.0262194 0.0241858 0.0020843 0.0028881 0.0019359 0.0019359 0.0289518 0.0360020 0.0140460 0.0272337 0.0244448 0.0072540 0.0020167 0.0020637 0.0030589 0.0010070 0.0029075 0.0038623 0.0038623 0.0039540 0.0098418 0.0332131 0.0291685 0.0272152 0.0287708 0.0190260 0.0340082 0.0358267 0.0289993 0.0305370 0.0317423 0.0140158 0.0285568 0.0304535 0.0304408 0.0247846 0.0155964 0.0038619 0.0040569 0.0048458 0.0148096 0.0275835 0.0038975 0.0170180 0.0147723 0.0031391 0.0281870 0.0135257 0.0150635 0.0145211 0.0009572 0.0000010 0.0048498 0.0048498 0.0019217 0.0000010 0.0000010 0.0000010 0.0009562 0.0000010 0.0000010 0.0009570 0.0000010 0.0010976 0.0249351 0.0289792 
Dcap79929_CASQ1    0.0242146 0.0302831 0.0246925 0.0251270 0.0204600 0.0223349 0.0216665 0.0230903 0.0283486 0.0218100 0.0030818 0.0027872 0.0312136 0.0000010 0.0000000 0.0009910 0.0008779 0.0147638 0.0332652 0.0301362 0.0294916 0.0263958 0.0020068 0.0027891 0.0018692 0.0017754 0.0316750 0.0360020 0.0165678 0.0294060 0.0272298 0.0088310 0.0027921 0.0028314 0.0030589 0.0018586 0.0035641 0.0035424 0.0037288 0.0047822 0.0127799 0.0329913 0.0300638 0.0299458 0.0299344 0.0217348 0.0364010 0.0368030 0.0289993 0.0313221 0.0328184 0.0137720 0.0312551 0.0324661 0.0305319 0.0224981 0.0143939 0.0037284 0.0044432 0.0053508 0.0169308 0.0294412 0.0047302 0.0170180 0.0145421 0.0028594 0.0302589 0.0125997 0.0137627 0.0142821 0.0017623 0.0009385 0.0046822 0.0044465 0.0026525 0.0044163 0.0008779 0.0009385 0.0009239 0.0010082 0.0009239 0.0018539 0.0009239 0.0021094 0.0275072 0.0322176 
DdelSJR_CASQ1      0.0239687 0.0302831 0.0274995 0.0263975 0.0211041 0.0211041 0.0224157 0.0227610 0.0270832 0.0211678 0.0032712 0.0018909 0.0320451 0.0000010 0.0009910 0.0000000 0.0000010 0.0138145 0.0310528 0.0299668 0.0283080 0.0263092 0.0019086 0.0028479 0.0019086 0.0019086 0.0285580 0.0360020 0.0137953 0.0257878 0.0244673 0.0076814 0.0009897 0.0018909 0.0021734 0.0009921 0.0028663 0.0038076 0.0038076 0.0028453 0.0107132 0.0322852 0.0298898 0.0269857 0.0297441 0.0198404 0.0346311 0.0340408 0.0289993 0.0312402 0.0317423 0.0138145 0.0282040 0.0324689 0.0298848 0.0244082 0.0153291 0.0038072 0.0039969 0.0047771 0.0157047 0.0246401 0.0048321 0.0170180 0.0145321 0.0028738 0.0266652 0.0122029 0.0148470 0.0142474 0.0000010 0.0000010 0.0047820 0.0038103 0.0018948 0.0021826 0.0000010 0.0000010 0.0009429 0.0000010 0.0000010 0.0000010 0.0000010 0.0010800 0.0269857 0.0331703 
Ddeltrop4525_CASQ1 0.0220817 0.0302831 0.0246925 0.0239384 0.0192018 0.0209470 0.0205168 0.0210282 0.0258200 0.0195598 0.0030818 0.0017692 0.0299523 0.0000010 0.0008779 0.0000010 0.0000000 0.0131816 0.0317489 0.0288353 0.0268930 0.0239601 0.0019086 0.0026622 0.0017842 0.0016988 0.0285580 0.0360020 0.0141898 0.0266321 0.0244673 0.0076814 0.0018517 0.0017961 0.0030589 0.0009249 0.0025503 0.0033897 0.0035593 0.0036370 0.0113081 0.0314918 0.0287679 0.0269857 0.0285958 0.0194968 0.0332010 0.0340408 0.0289993 0.0300115 0.0309124 0.0122447 0.0282040 0.0311474 0.0292128 0.0214392 0.0132913 0.0035590 0.0035380 0.0051178 0.0157047 0.0270148 0.0045122 0.0170180 0.0134276 0.0027267 0.0274590 0.0114844 0.0131551 0.0130081 0.0008412 0.0000010 0.0044678 0.0042539 0.0016877 0.0021826 0.0000010 0.0000010 0.0008823 0.0000010 0.0000010 0.0008821 0.0000010 0.0010008 0.0249150 0.0309083 
Dleu_CASQ1         0.0294060 0.0271483 0.0248628 0.0323339 0.0281438 0.0308260 0.0286544 0.0282659 0.0281246 0.0264669 0.0150476 0.0109794 0.0388258 0.0140158 0.0147638 0.0138145 0.0131816 0.0000000 0.0348063 0.0301362 0.0292177 0.0320060 0.0160349 0.0138485 0.0149334 0.0151465 0.0274318 0.0263859 0.0227610 0.0291826 0.0258000 0.0158397 0.0155311 0.0121449 0.0137839 0.0145403 0.0160575 0.0113549 0.0109700 0.0131834 0.0160112 0.0317465 0.0276780 0.0258756 0.0299663 0.0206586 0.0321521 0.0316658 0.0277005 0.0289182 0.0311475 0.0008421 0.0270915 0.0300556 0.0294206 0.0205445 0.0090994 0.0128893 0.0137947 0.0169174 0.0194062 0.0261363 0.0159738 0.0082885 0.0123872 0.0172275 0.0276135 0.0115423 0.0122974 0.0118322 0.0141100 0.0147699 0.0158104 0.0159832 0.0150433 0.0112930 0.0131816 0.0147699 0.0138379 0.0148181 0.0128796 0.0138485 0.0128796 0.0135963 0.0238877 0.0311266 
EausAUS_CASQ1      0.0156184 0.0299048 0.0298107 0.0170294 0.0118015 0.0118015 0.0118015 0.0129333 0.0011190 0.0112717 0.0308214 0.0310528 0.0223184 0.0316265 0.0332652 0.0310528 0.0317489 0.0348063 0.0000000 0.0000010 0.0000010 0.0169561 0.0329785 0.0310921 0.0329785 0.0335709 0.0282174 0.0330549 0.0342497 0.0223964 0.0210960 0.0327808 0.0325885 0.0317489 0.0316265 0.0327120 0.0331972 0.0331913 0.0325823 0.0325404 0.0289822 0.0300444 0.0315904 0.0300430 0.0297927 0.0333889 0.0395097 0.0316236 0.0305932 0.0331565 0.0351243 0.0332652 0.0300433 0.0330533 0.0308483 0.0549141 0.0303976 0.0325775 0.0346509 0.0360300 0.0251253 0.0194627 0.0347253 0.0372473 0.0389504 0.0350488 0.0207554 0.0362326 0.0391866 0.0396858 0.0317489 0.0317489 0.0326243 0.0332317 0.0346557 0.0351162 0.0317489 0.0317489 0.0310528 0.0317489 0.0310528 0.0310528 0.0310528 0.0358223 0.0300430 0.0376867 
Egla13086_CASQ1    0.0147969 0.0271984 0.0269824 0.0160262 0.0115657 0.0112869 0.0114460 0.0124452 0.0019913 0.0114330 0.0290494 0.0288353 0.0194474 0.0292063 0.0301362 0.0299668 0.0288353 0.0301362 0.0000010 0.0000000 0.0009926 0.0159653 0.0316541 0.0288648 0.0303769 0.0303769 0.0274931 0.0330549 0.0332867 0.0225265 0.0198868 0.0314856 0.0313437 0.0299668 0.0309196 0.0301758 0.0300835 0.0300788 0.0300788 0.0321789 0.0264357 0.0295467 0.0306409 0.0291031 0.0292502 0.0321134 0.0371289 0.0316236 0.0296147 0.0319285 0.0345911 0.0301362 0.0291031 0.0318468 0.0304656 0.0482610 0.0278359 0.0300752 0.0313351 0.0327595 0.0247448 0.0231338 0.0317767 0.0347382 0.0352207 0.0330357 0.0209592 0.0341560 0.0352207 0.0352454 0.0300835 0.0299668 0.0288648 0.0313717 0.0313388 0.0319516 0.0288353 0.0299668 0.0288353 0.0299668 0.0288353 0.0300788 0.0288353 0.0322465 0.0280248 0.0365411 
Ejap43864_CASQ1    0.0133172 0.0271984 0.0252359 0.0151170 0.0108590 0.0118015 0.0108127 0.0112220 0.0008962 0.0098309 0.0298459 0.0261189 0.0194308 0.0262194 0.0294916 0.0283080 0.0268930 0.0292177 0.0000010 0.0009926 0.0000000 0.0143584 0.0311358 0.0272776 0.0286839 0.0293499 0.0259755 0.0330549 0.0304186 0.0200222 0.0188111 0.0314856 0.0299991 0.0290348 0.0294392 0.0288425 0.0280048 0.0290911 0.0284190 0.0291663 0.0247766 0.0290637 0.0292828 0.0274746 0.0278616 0.0291100 0.0337828 0.0316236 0.0296147 0.0305531 0.0316501 0.0280482 0.0274742 0.0304759 0.0298717 0.0452035 0.0273027 0.0284157 0.0306209 0.0324347 0.0247448 0.0196109 0.0299888 0.0347382 0.0338232 0.0329733 0.0186660 0.0346217 0.0337238 0.0336419 0.0280048 0.0306456 0.0272776 0.0302487 0.0291221 0.0319516 0.0268930 0.0306456 0.0272516 0.0306456 0.0261189 0.0272776 0.0261189 0.0290046 0.0253286 0.0341795 
Erob133443_CASQ1   0.0094697 0.0292524 0.0253943 0.0120106 0.0064402 0.0069914 0.0058137 0.0055460 0.0133628 0.0078600 0.0261891 0.0242553 0.0184306 0.0241858 0.0263958 0.0263092 0.0239601 0.0320060 0.0169561 0.0159653 0.0143584 0.0000000 0.0291312 0.0242553 0.0268147 0.0263752 0.0300602 0.0300081 0.0246327 0.0263207 0.0241258 0.0321615 0.0280571 0.0258712 0.0272869 0.0268903 0.0250622 0.0261422 0.0265649 0.0272702 0.0218524 0.0321593 0.0334405 0.0316559 0.0321141 0.0330801 0.0379193 0.0344231 0.0346231 0.0347651 0.0346799 0.0307886 0.0316566 0.0346738 0.0326935 0.0419899 0.0302449 0.0253907 0.0263502 0.0294644 0.0279365 0.0255203 0.0269166 0.0376749 0.0318944 0.0297490 0.0248889 0.0312397 0.0307301 0.0297363 0.0250622 0.0273108 0.0242553 0.0261693 0.0261693 0.0322463 0.0239601 0.0273108 0.0253936 0.0273108 0.0242553 0.0254178 0.0242553 0.0253615 0.0291205 0.0370602 
Fatt_CASQ1         0.0264914 0.0324276 0.0292987 0.0280302 0.0228062 0.0228062 0.0239562 0.0252426 0.0298783 0.0238158 0.0044215 0.0038400 0.0338165 0.0020843 0.0020068 0.0019086 0.0019086 0.0160349 0.0329785 0.0316541 0.0311358 0.0291312 0.0000000 0.0028738 0.0000010 0.0000010 0.0314138 0.0405920 0.0169204 0.0285375 0.0271697 0.0089009 0.0020041 0.0038400 0.0033048 0.0020091 0.0048491 0.0057982 0.0057982 0.0048141 0.0128551 0.0342243 0.0315692 0.0297644 0.0314833 0.0210135 0.0376350 0.0374170 0.0308379 0.0329504 0.0331423 0.0160349 0.0310158 0.0341995 0.0315639 0.0269889 0.0167575 0.0038428 0.0050593 0.0048218 0.0170673 0.0271337 0.0028556 0.0191315 0.0158729 0.0009434 0.0294060 0.0135001 0.0170913 0.0157994 0.0019086 0.0009981 0.0048258 0.0038457 0.0038463 0.0044871 0.0019086 0.0009981 0.0009518 0.0010766 0.0019086 0.0019086 0.0019086 0.0032957 0.0297644 0.0350258 
Ggri_CASQ1         0.0212033 0.0286350 0.0237928 0.0230640 0.0179629 0.0197037 0.0194692 0.0201062 0.0261465 0.0195598 0.0054922 0.0044609 0.0281334 0.0028881 0.0027891 0.0028479 0.0026622 0.0138485 0.0310921 0.0288648 0.0272776 0.0242553 0.0028738 0.0000000 0.0026853 0.0026853 0.0285580 0.0326957 0.0123469 0.0270300 0.0256932 0.0076880 0.0037271 0.0047731 0.0051335 0.0027921 0.0054047 0.0062840 0.0062840 0.0064226 0.0090564 0.0308110 0.0275677 0.0269857 0.0273561 0.0194968 0.0332010 0.0340408 0.0275691 0.0288016 0.0317423 0.0138485 0.0282040 0.0299334 0.0285842 0.0215598 0.0141173 0.0008821 0.0018493 0.0062941 0.0157194 0.0273794 0.0017886 0.0170424 0.0112798 0.0038457 0.0279002 0.0099063 0.0128692 0.0105554 0.0035621 0.0019846 0.0017717 0.0017717 0.0044678 0.0021826 0.0026622 0.0019846 0.0017706 0.0021413 0.0026622 0.0035616 0.0026622 0.0040442 0.0249150 0.0303910 
Gmac39091_CASQ1    0.0245653 0.0324276 0.0266712 0.0257084 0.0207496 0.0228062 0.0220074 0.0234217 0.0275339 0.0219747 0.0044215 0.0035874 0.0309395 0.0019359 0.0018692 0.0019086 0.0017842 0.0149334 0.0329785 0.0303769 0.0286839 0.0268147 0.0000010 0.0026853 0.0000000 0.0000010 0.0314138 0.0405920 0.0169204 0.0285375 0.0271697 0.0089009 0.0028101 0.0038400 0.0041309 0.0018712 0.0045270 0.0054143 0.0054143 0.0055343 0.0119841 0.0342243 0.0303031 0.0297644 0.0301807 0.0205873 0.0359573 0.0374170 0.0308379 0.0315726 0.0331423 0.0149334 0.0310158 0.0327260 0.0315639 0.0249905 0.0153995 0.0035899 0.0047092 0.0054231 0.0170673 0.0286894 0.0026693 0.0191315 0.0146501 0.0009434 0.0294060 0.0135001 0.0159132 0.0144036 0.0026848 0.0009981 0.0045067 0.0045067 0.0035927 0.0044871 0.0017842 0.0009981 0.0008897 0.0010766 0.0017842 0.0026853 0.0017842 0.0030499 0.0274401 0.0333544 
Gmel_CASQ1         0.0242744 0.0324276 0.0261877 0.0253149 0.0206262 0.0225332 0.0218260 0.0231900 0.0282520 0.0219747 0.0041622 0.0035874 0.0314538 0.0019359 0.0017754 0.0019086 0.0016988 0.0151465 0.0335709 0.0303769 0.0293499 0.0263752 0.0000010 0.0026853 0.0000010 0.0000000 0.0314138 0.0405920 0.0171157 0.0292579 0.0271697 0.0089009 0.0028101 0.0036421 0.0041309 0.0018712 0.0043072 0.0051522 0.0054143 0.0055343 0.0132261 0.0332914 0.0303031 0.0297644 0.0301807 0.0205873 0.0359573 0.0374170 0.0308379 0.0315726 0.0322194 0.0141868 0.0310158 0.0327260 0.0307791 0.0236528 0.0144993 0.0035899 0.0044724 0.0051602 0.0170673 0.0293105 0.0026693 0.0191315 0.0146501 0.0008961 0.0300765 0.0126945 0.0151153 0.0144036 0.0025567 0.0009450 0.0045067 0.0042889 0.0034200 0.0044871 0.0016988 0.0009450 0.0008897 0.0010155 0.0017842 0.0026853 0.0017842 0.0030499 0.0274401 0.0324743 
Hamp_CASQ1         0.0236014 0.0069999 0.0074128 0.0276285 0.0253233 0.0253233 0.0262346 0.0247577 0.0247615 0.0247568 0.0265019 0.0260920 0.0361606 0.0289518 0.0316750 0.0285580 0.0285580 0.0274318 0.0282174 0.0274931 0.0259755 0.0300602 0.0314138 0.0285580 0.0314138 0.0314138 0.0000000 0.0026652 0.0315120 0.0202765 0.0167043 0.0304802 0.0316141 0.0260920 0.0279378 0.0317206 0.0326497 0.0260612 0.0260612 0.0273224 0.0212103 0.0024224 0.0044197 0.0031316 0.0045848 0.0085929 0.0107366 0.0061351 0.0036569 0.0055490 0.0082654 0.0274318 0.0031309 0.0055361 0.0044191 0.0470425 0.0321006 0.0273191 0.0289642 0.0310954 0.0276887 0.0189128 0.0315467 0.0376173 0.0303173 0.0327313 0.0200931 0.0316906 0.0299044 0.0312534 0.0285580 0.0302452 0.0285580 0.0298371 0.0311334 0.0346832 0.0285580 0.0302452 0.0298054 0.0302452 0.0285580 0.0285580 0.0285580 0.0307747 0.0031316 0.0082755 
Hpla9120_CASQ1     0.0266600 0.0026652 0.0026652 0.0334471 0.0298772 0.0298772 0.0298772 0.0265492 0.0297725 0.0297821 0.0327062 0.0327062 0.0535807 0.0360020 0.0360020 0.0360020 0.0360020 0.0263859 0.0330549 0.0330549 0.0330549 0.0300081 0.0405920 0.0326957 0.0405920 0.0405920 0.0026652 0.0000000 0.0396123 0.0238227 0.0271313 0.0326957 0.0395056 0.0327062 0.0327062 0.0398520 0.0438638 0.0293657 0.0293657 0.0360136 0.0294483 0.0053762 0.0081521 0.0053762 0.0053762 0.0203068 0.0199304 0.0067571 0.0053873 0.0053762 0.0172092 0.0263859 0.0053762 0.0053762 0.0053762 0.0295383 0.0295383 0.0326957 0.0361225 0.0393574 0.0329054 0.0232733 0.0371016 0.0331681 0.0295383 0.0442931 0.0264209 0.0295383 0.0295383 0.0295383 0.0360020 0.0360020 0.0361073 0.0361073 0.0394888 0.0359520 0.0360020 0.0360020 0.0360020 0.0360020 0.0360020 0.0360020 0.0360020 0.0395056 0.0053762 0.0054217 
Igeo_CASQ1         0.0215455 0.0293594 0.0282554 0.0263743 0.0215090 0.0215090 0.0230612 0.0214309 0.0289135 0.0248959 0.0154903 0.0123649 0.0350628 0.0140460 0.0165678 0.0137953 0.0141898 0.0227610 0.0342497 0.0332867 0.0304186 0.0246327 0.0169204 0.0123469 0.0169204 0.0171157 0.0315120 0.0396123 0.0000000 0.0277378 0.0313348 0.0163434 0.0162860 0.0128506 0.0133712 0.0163491 0.0170574 0.0155605 0.0152596 0.0137974 0.0101895 0.0310955 0.0356231 0.0314677 0.0341105 0.0250158 0.0419399 0.0366553 0.0373342 0.0337727 0.0337054 0.0212618 0.0314677 0.0373571 0.0327735 0.0155969 0.0225160 0.0123469 0.0136449 0.0182980 0.0163068 0.0288512 0.0154937 0.0226231 0.0163062 0.0185282 0.0303527 0.0151122 0.0169625 0.0163062 0.0141898 0.0150728 0.0152573 0.0141873 0.0155583 0.0162014 0.0141898 0.0150728 0.0152398 0.0150728 0.0137953 0.0137953 0.0137953 0.0152602 0.0314677 0.0390280 
Kbre_CASQ1         0.0250314 0.0225996 0.0221233 0.0268225 0.0227020 0.0227020 0.0225907 0.0224043 0.0189085 0.0214572 0.0257708 0.0233860 0.0305589 0.0272337 0.0294060 0.0257878 0.0266321 0.0291826 0.0223964 0.0225265 0.0200222 0.0263207 0.0285375 0.0270300 0.0285375 0.0292579 0.0202765 0.0238227 0.0277378 0.0000000 0.0062188 0.0261655 0.0286080 0.0243436 0.0261423 0.0287014 0.0279806 0.0266609 0.0258170 0.0245844 0.0198333 0.0210957 0.0200834 0.0188554 0.0233708 0.0213909 0.0261800 0.0272130 0.0208623 0.0224977 0.0236444 0.0279284 0.0200312 0.0237058 0.0211429 0.0463379 0.0310269 0.0258139 0.0281558 0.0289828 0.0209481 0.0110694 0.0299390 0.0375820 0.0340745 0.0304747 0.0121119 0.0319799 0.0339429 0.0323734 0.0266321 0.0280936 0.0270300 0.0290106 0.0266321 0.0327655 0.0266321 0.0280936 0.0270025 0.0280936 0.0257878 0.0257878 0.0257878 0.0262164 0.0188554 0.0249324 
Ksim_CASQ1         0.0227959 0.0209616 0.0194547 0.0245096 0.0199644 0.0199644 0.0201486 0.0200946 0.0176458 0.0190214 0.0218405 0.0220937 0.0270381 0.0244448 0.0272298 0.0244673 0.0244673 0.0258000 0.0210960 0.0198868 0.0188111 0.0241258 0.0271697 0.0256932 0.0271697 0.0271697 0.0167043 0.0271313 0.0313348 0.0062188 0.0000000 0.0273834 0.0271802 0.0220937 0.0232142 0.0272676 0.0283592 0.0244945 0.0244945 0.0232780 0.0174017 0.0182726 0.0163424 0.0153541 0.0194369 0.0178086 0.0225019 0.0272761 0.0180838 0.0187182 0.0211630 0.0258000 0.0165052 0.0199092 0.0174616 0.0448560 0.0246641 0.0244915 0.0259315 0.0269039 0.0159342 0.0073205 0.0285463 0.0395368 0.0325668 0.0284308 0.0083925 0.0299008 0.0320406 0.0338240 0.0244673 0.0258724 0.0256932 0.0269304 0.0269346 0.0355648 0.0244673 0.0258724 0.0256675 0.0258724 0.0244673 0.0244673 0.0244673 0.0275576 0.0153541 0.0225370 
Lacu_CASQ1         0.0303790 0.0304438 0.0292034 0.0306135 0.0256193 0.0256193 0.0264704 0.0289104 0.0301636 0.0264329 0.0084942 0.0076814 0.0365044 0.0072540 0.0088310 0.0076814 0.0076814 0.0158397 0.0327808 0.0314856 0.0314856 0.0321615 0.0089009 0.0076880 0.0089009 0.0089009 0.0304802 0.0326957 0.0163434 0.0261655 0.0273834 0.0000000 0.0088176 0.0076814 0.0072540 0.0088422 0.0111809 0.0088162 0.0088162 0.0088086 0.0122577 0.0309172 0.0301189 0.0287693 0.0327280 0.0211179 0.0369978 0.0367946 0.0307382 0.0314826 0.0357079 0.0158397 0.0300763 0.0327223 0.0301139 0.0324578 0.0218510 0.0065670 0.0076958 0.0088165 0.0170175 0.0284448 0.0100933 0.0170868 0.0206788 0.0100571 0.0297365 0.0182354 0.0206788 0.0199740 0.0076814 0.0076814 0.0099712 0.0088239 0.0099624 0.0022137 0.0076814 0.0076814 0.0076814 0.0076814 0.0076814 0.0076814 0.0076814 0.0089743 0.0287693 0.0364154 
Lalb_CASQ1         0.0256040 0.0319988 0.0277315 0.0266934 0.0218511 0.0225462 0.0229948 0.0244049 0.0287925 0.0229658 0.0043802 0.0037252 0.0293658 0.0020167 0.0027921 0.0009897 0.0018517 0.0155311 0.0325885 0.0313437 0.0299991 0.0280571 0.0020041 0.0037271 0.0028101 0.0028101 0.0316141 0.0395056 0.0162860 0.0286080 0.0271802 0.0088176 0.0000000 0.0029869 0.0051397 0.0027950 0.0047026 0.0046726 0.0046726 0.0057531 0.0124578 0.0338213 0.0312669 0.0298898 0.0311778 0.0228856 0.0376477 0.0366644 0.0304839 0.0325343 0.0353965 0.0155311 0.0311959 0.0336817 0.0312350 0.0249192 0.0164185 0.0046721 0.0056272 0.0065900 0.0169021 0.0299087 0.0056903 0.0188513 0.0156223 0.0030174 0.0295125 0.0133719 0.0155199 0.0155199 0.0027886 0.0009897 0.0056323 0.0056323 0.0037308 0.0044031 0.0018517 0.0009897 0.0018517 0.0010674 0.0018517 0.0027882 0.0018517 0.0031727 0.0286884 0.0343618 
Laus_CASQ1         0.0236920 0.0270061 0.0242984 0.0259349 0.0209470 0.0209470 0.0221977 0.0225497 0.0278689 0.0211678 0.0010209 0.0000010 0.0325327 0.0020637 0.0028314 0.0018909 0.0017961 0.0121449 0.0317489 0.0299668 0.0290348 0.0258712 0.0038400 0.0047731 0.0038400 0.0036421 0.0260920 0.0327062 0.0128506 0.0243436 0.0220937 0.0076814 0.0029869 0.0000000 0.0000010 0.0029943 0.0045579 0.0017975 0.0018930 0.0009429 0.0101654 0.0287517 0.0273009 0.0245694 0.0297441 0.0175195 0.0320979 0.0315526 0.0261539 0.0286286 0.0283296 0.0111542 0.0257716 0.0298480 0.0267844 0.0230256 0.0143725 0.0038072 0.0037832 0.0045335 0.0133707 0.0233703 0.0068046 0.0152383 0.0145321 0.0045695 0.0251847 0.0114844 0.0140623 0.0129028 0.0017961 0.0018779 0.0067328 0.0054543 0.0036173 0.0043944 0.0017961 0.0018779 0.0028453 0.0020176 0.0018909 0.0018909 0.0018909 0.0021681 0.0245694 0.0296374 
Lbor_CASQ1         0.0246749 0.0270061 0.0240818 0.0257892 0.0202105 0.0205442 0.0217290 0.0233708 0.0281097 0.0216990 0.0010834 0.0010136 0.0315500 0.0030589 0.0030589 0.0021734 0.0030589 0.0137839 0.0316265 0.0309196 0.0294392 0.0272869 0.0033048 0.0051335 0.0041309 0.0041309 0.0279378 0.0327062 0.0133712 0.0261423 0.0232142 0.0072540 0.0051397 0.0000010 0.0000000 0.0041058 0.0062226 0.0020350 0.0020350 0.0020646 0.0093715 0.0299183 0.0281960 0.0261231 0.0305232 0.0190994 0.0351443 0.0327931 0.0261539 0.0295723 0.0308796 0.0137839 0.0275362 0.0294912 0.0275730 0.0264369 0.0170614 0.0040944 0.0051384 0.0051384 0.0122502 0.0252054 0.0062400 0.0152383 0.0161457 0.0044252 0.0271598 0.0135257 0.0159929 0.0147148 0.0040954 0.0021734 0.0072448 0.0072448 0.0051390 0.0026806 0.0030589 0.0021734 0.0030589 0.0023625 0.0030589 0.0040948 0.0030589 0.0035318 0.0254103 0.0279686 
Lhos30470_CASQ1    0.0245437 0.0321342 0.0264815 0.0255396 0.0206003 0.0226262 0.0218651 0.0233543 0.0276412 0.0218377 0.0043923 0.0027901 0.0307303 0.0010070 0.0018586 0.0009921 0.0009249 0.0145403 0.0327120 0.0301758 0.0288425 0.0268903 0.0020091 0.0027921 0.0018712 0.0018712 0.0317206 0.0398520 0.0163491 0.0287014 0.0272676 0.0088422 0.0027950 0.0029943 0.0041058 0.0000000 0.0018562 0.0037330 0.0037330 0.0047876 0.0114839 0.0339493 0.0301032 0.0299881 0.0299750 0.0217623 0.0364502 0.0369042 0.0305953 0.0313634 0.0355322 0.0145403 0.0312994 0.0325091 0.0313388 0.0238442 0.0152994 0.0037326 0.0046834 0.0056405 0.0169529 0.0288364 0.0047353 0.0189365 0.0145596 0.0030251 0.0296092 0.0134104 0.0145299 0.0143017 0.0018562 0.0009921 0.0046872 0.0046872 0.0027947 0.0044275 0.0009249 0.0009921 0.0009249 0.0010693 0.0009249 0.0018559 0.0009249 0.0021119 0.0275428 0.0331205 
Lhos452_CASQ1      0.0230889 0.0357973 0.0286205 0.0250871 0.0204256 0.0222935 0.0216333 0.0220244 0.0269240 0.0206761 0.0062703 0.0044885 0.0311607 0.0029075 0.0035641 0.0028663 0.0025503 0.0160575 0.0331972 0.0300835 0.0280048 0.0250622 0.0048491 0.0054047 0.0045270 0.0043072 0.0326497 0.0438638 0.0170574 0.0279806 0.0283592 0.0111809 0.0047026 0.0045579 0.0062226 0.0018562 0.0000000 0.0060162 0.0063229 0.0064633 0.0141243 0.0360882 0.0327301 0.0309758 0.0326901 0.0229829 0.0371278 0.0398528 0.0337464 0.0340197 0.0352303 0.0150917 0.0322338 0.0351809 0.0332472 0.0246395 0.0166482 0.0063223 0.0062846 0.0077871 0.0194445 0.0303082 0.0073296 0.0208930 0.0168209 0.0055369 0.0312135 0.0148803 0.0160243 0.0156117 0.0034118 0.0028458 0.0072573 0.0069037 0.0025503 0.0067341 0.0025503 0.0028458 0.0035813 0.0030588 0.0026785 0.0035837 0.0026785 0.0030417 0.0285489 0.0336265 
Lobl_CASQ1         0.0240779 0.0253483 0.0210883 0.0250834 0.0204225 0.0222897 0.0216302 0.0230038 0.0280040 0.0217762 0.0020499 0.0017706 0.0311560 0.0038623 0.0035424 0.0038076 0.0033897 0.0113549 0.0331913 0.0300788 0.0290911 0.0261422 0.0057982 0.0062840 0.0054143 0.0051522 0.0260612 0.0293657 0.0155605 0.0266609 0.0244945 0.0088162 0.0046726 0.0017975 0.0020350 0.0037330 0.0060162 0.0000000 0.0000010 0.0036398 0.0113171 0.0273594 0.0251657 0.0245403 0.0273235 0.0173197 0.0308241 0.0290219 0.0247129 0.0263787 0.0282944 0.0104324 0.0257419 0.0275009 0.0255506 0.0214191 0.0122187 0.0053715 0.0044375 0.0068647 0.0145482 0.0270404 0.0082173 0.0134517 0.0123438 0.0064375 0.0274886 0.0103969 0.0131441 0.0105568 0.0042511 0.0028279 0.0081363 0.0077420 0.0051177 0.0043944 0.0033897 0.0028279 0.0044614 0.0030386 0.0035593 0.0044643 0.0035593 0.0040447 0.0226730 0.0272867 
Lobs_CASQ1         0.0243567 0.0253483 0.0212366 0.0254596 0.0205308 0.0225420 0.0217986 0.0232249 0.0272807 0.0217762 0.0021755 0.0017706 0.0306297 0.0038623 0.0037288 0.0038076 0.0035593 0.0109700 0.0325823 0.0300788 0.0284190 0.0265649 0.0057982 0.0062840 0.0054143 0.0054143 0.0260612 0.0293657 0.0152596 0.0258170 0.0244945 0.0088162 0.0046726 0.0018930 0.0020350 0.0037330 0.0063229 0.0000010 0.0000000 0.0036398 0.0100060 0.0278633 0.0251657 0.0245403 0.0273235 0.0173197 0.0308241 0.0290219 0.0247129 0.0263787 0.0289388 0.0109700 0.0257419 0.0275009 0.0259822 0.0226090 0.0129632 0.0053715 0.0046714 0.0072131 0.0145482 0.0263253 0.0082173 0.0134517 0.0123438 0.0067896 0.0266952 0.0110438 0.0138266 0.0105568 0.0044649 0.0029865 0.0081363 0.0081363 0.0053762 0.0043944 0.0035593 0.0029865 0.0044614 0.0032225 0.0035593 0.0044643 0.0035593 0.0040447 0.0226730 0.0278187 
LperAUS_CASQ1      0.0249470 0.0286396 0.0258534 0.0273988 0.0224817 0.0225158 0.0235918 0.0237832 0.0279954 0.0223378 0.0021737 0.0018090 0.0327869 0.0039540 0.0047822 0.0028453 0.0036370 0.0131834 0.0325404 0.0321789 0.0291663 0.0272702 0.0048141 0.0064226 0.0055343 0.0055343 0.0273224 0.0360136 0.0137974 0.0245844 0.0232780 0.0088086 0.0057531 0.0009429 0.0020646 0.0047876 0.0064633 0.0036398 0.0036398 0.0000000 0.0102301 0.0308154 0.0282466 0.0257747 0.0306055 0.0188325 0.0304007 0.0340491 0.0275730 0.0295142 0.0303571 0.0131834 0.0269857 0.0306743 0.0285879 0.0253855 0.0168437 0.0054896 0.0057517 0.0073731 0.0145347 0.0245451 0.0084019 0.0170211 0.0160064 0.0057982 0.0254697 0.0133576 0.0161473 0.0146783 0.0045627 0.0029843 0.0083172 0.0073660 0.0054946 0.0066366 0.0036370 0.0029843 0.0045591 0.0032199 0.0036370 0.0045622 0.0036370 0.0041454 0.0255865 0.0312271 
Lvex_CASQ1         0.0172252 0.0254226 0.0211592 0.0217424 0.0168279 0.0183455 0.0183702 0.0162188 0.0237148 0.0173909 0.0116266 0.0081359 0.0253173 0.0098418 0.0127799 0.0107132 0.0113081 0.0160112 0.0289822 0.0264357 0.0247766 0.0218524 0.0128551 0.0090564 0.0119841 0.0132261 0.0212103 0.0294483 0.0101895 0.0198333 0.0174017 0.0122577 0.0124578 0.0101654 0.0093715 0.0114839 0.0141243 0.0113171 0.0100060 0.0102301 0.0000000 0.0233650 0.0216440 0.0197877 0.0236374 0.0151738 0.0262043 0.0290238 0.0219357 0.0228275 0.0245223 0.0150485 0.0209558 0.0239359 0.0219989 0.0224563 0.0176501 0.0081284 0.0099379 0.0149791 0.0087768 0.0200783 0.0110540 0.0207382 0.0134264 0.0151414 0.0207005 0.0136723 0.0140805 0.0117836 0.0122201 0.0126541 0.0109447 0.0122186 0.0131370 0.0137639 0.0113081 0.0126541 0.0109367 0.0125447 0.0099982 0.0109447 0.0099982 0.0113921 0.0183039 0.0261696 
Mbid_CASQ1         0.0235843 0.0069923 0.0064100 0.0263431 0.0252862 0.0252862 0.0262460 0.0262084 0.0276927 0.0280819 0.0277023 0.0293529 0.0352309 0.0332131 0.0329913 0.0322852 0.0314918 0.0317465 0.0300444 0.0295467 0.0290637 0.0321593 0.0342243 0.0308110 0.0342243 0.0332914 0.0024224 0.0053762 0.0310955 0.0210957 0.0182726 0.0309172 0.0338213 0.0287517 0.0299183 0.0339493 0.0360882 0.0273594 0.0278633 0.0308154 0.0233650 0.0000000 0.0012070 0.0000010 0.0012568 0.0087560 0.0086862 0.0020168 0.0027112 0.0012070 0.0051628 0.0302541 0.0000010 0.0024202 0.0011338 0.0508181 0.0335101 0.0293487 0.0301550 0.0329202 0.0264644 0.0208902 0.0343986 0.0375480 0.0323720 0.0347528 0.0222026 0.0330084 0.0315707 0.0338363 0.0314918 0.0314918 0.0308110 0.0315290 0.0343672 0.0374458 0.0314918 0.0314918 0.0322852 0.0314918 0.0322852 0.0322852 0.0322852 0.0355659 0.0024202 0.0073489 
Mbow_CASQ1         0.0269013 0.0084380 0.0078975 0.0269054 0.0274459 0.0286045 0.0280936 0.0280570 0.0280613 0.0280560 0.0261623 0.0263787 0.0375020 0.0291685 0.0300638 0.0298898 0.0287679 0.0276780 0.0315904 0.0306409 0.0292828 0.0334405 0.0315692 0.0275677 0.0303031 0.0303031 0.0044197 0.0081521 0.0356231 0.0200834 0.0163424 0.0301189 0.0312669 0.0273009 0.0281960 0.0301032 0.0327301 0.0251657 0.0251657 0.0282466 0.0216440 0.0012070 0.0000000 0.0010812 0.0031285 0.0082847 0.0082300 0.0040663 0.0036144 0.0030289 0.0061436 0.0276780 0.0021688 0.0040427 0.0021709 0.0451423 0.0303698 0.0263755 0.0275997 0.0312631 0.0273654 0.0233207 0.0304258 0.0397466 0.0288299 0.0329448 0.0211393 0.0313147 0.0288299 0.0294425 0.0300115 0.0298898 0.0275677 0.0300424 0.0312621 0.0403662 0.0287679 0.0298898 0.0287679 0.0298898 0.0287679 0.0300069 0.0287679 0.0279448 0.0040571 0.0086370 
Mcar_CASQ1         0.0250616 0.0069923 0.0060743 0.0292500 0.0270870 0.0270870 0.0278229 0.0262348 0.0262390 0.0262339 0.0247208 0.0245694 0.0379761 0.0272152 0.0299458 0.0269857 0.0269857 0.0258756 0.0300430 0.0291031 0.0274746 0.0316559 0.0297644 0.0269857 0.0297644 0.0297644 0.0031316 0.0053762 0.0314677 0.0188554 0.0153541 0.0287693 0.0298898 0.0245694 0.0261231 0.0299881 0.0309758 0.0245403 0.0245403 0.0257747 0.0197877 0.0000010 0.0010812 0.0000000 0.0022496 0.0074095 0.0073595 0.0020168 0.0023977 0.0021713 0.0046150 0.0258756 0.0010260 0.0032618 0.0010811 0.0449399 0.0302696 0.0257716 0.0272974 0.0294690 0.0260471 0.0186886 0.0298881 0.0375480 0.0286192 0.0310527 0.0198536 0.0299600 0.0282988 0.0292504 0.0269857 0.0285530 0.0269857 0.0282368 0.0295038 0.0374458 0.0269857 0.0285530 0.0282075 0.0285530 0.0269857 0.0269857 0.0269857 0.0288957 0.0020579 0.0069798 
Mden_CASQ1         0.0254133 0.0072428 0.0081414 0.0279959 0.0256940 0.0267244 0.0266393 0.0266037 0.0266080 0.0266028 0.0285710 0.0285958 0.0362852 0.0287708 0.0299344 0.0297441 0.0285958 0.0299663 0.0297927 0.0292502 0.0278616 0.0321141 0.0314833 0.0273561 0.0301807 0.0301807 0.0045848 0.0053762 0.0341105 0.0233708 0.0194369 0.0327280 0.0311778 0.0297441 0.0305232 0.0299750 0.0326901 0.0273235 0.0273235 0.0306055 0.0236374 0.0012568 0.0031285 0.0022496 0.0000000 0.0096779 0.0096110 0.0020284 0.0049964 0.0041897 0.0076503 0.0299663 0.0011209 0.0031253 0.0033891 0.0299480 0.0302452 0.0285923 0.0298768 0.0337169 0.0298188 0.0240528 0.0303072 0.0375480 0.0286595 0.0329095 0.0218414 0.0312201 0.0286595 0.0296314 0.0298805 0.0297441 0.0273561 0.0299124 0.0311728 0.0380304 0.0285958 0.0297441 0.0285958 0.0297441 0.0285958 0.0298758 0.0285958 0.0310010 0.0052621 0.0098034 
