77
Bacu_FOXP2       0.0000000 0.0071921 0.0082251 0.0007266 0.0013845 0.0020822 0.0020822 0.0026569 0.0031407 0.0007681 0.0007281 0.0070677 0.0059797 0.0044539 0.0071339 0.0068251 0.0071339 0.0088819 0.0042125 0.0042125 0.0022140 0.0063897 0.0071330 0.0063897 0.0060569 0.0071330 0.0077028 0.0093642 0.0076171 0.0071311 0.0102885 0.0082734 0.0067431 0.0060569 0.0068672 0.0053504 0.0077983 0.0071168 0.0078458 0.0063496 0.0076482 0.0078788 0.0077514 0.0067443 0.0071168 0.0071188 0.0081617 0.0078472 0.0071922 0.0067443 0.0081617 0.0086143 0.0071168 0.0067605 0.0109867 0.0103029 0.0075283 0.0041930 0.0086143 0.0101263 0.0101447 0.0081617 0.0061995 0.0075099 0.0071666 0.0071311 0.0071311 0.0059797 0.0096018 0.0071155 0.0079018 0.0089387 0.0078444 0.0071155 0.0071330 0.0074362 0.0083231 
Barn_FOXP2       0.0071921 0.0000000 0.0009609 0.0081157 0.0071724 0.0080921 0.0080921 0.0100897 0.0020069 0.0062561 0.0062561 0.0010594 0.0008695 0.0081001 0.0017493 0.0017493 0.0017493 0.0035271 0.0035180 0.0035180 0.0071708 0.0008695 0.0008695 0.0008695 0.0008695 0.0017490 0.0026664 0.0026396 0.0026396 0.0008695 0.0029282 0.0029319 0.0017440 0.0008695 0.0009507 0.0000010 0.0011897 0.0017444 0.0026239 0.0013276 0.0019072 0.0017483 0.0000010 0.0017444 0.0017444 0.0010653 0.0026301 0.0017444 0.0017444 0.0017444 0.0026301 0.0026301 0.0008695 0.0017490 0.0059064 0.0035289 0.0017444 0.0027744 0.0026301 0.0026375 0.0044332 0.0026301 0.0029616 0.0026233 0.0037931 0.0017484 0.0017484 0.0008695 0.0047080 0.0017440 0.0017484 0.0038375 0.0026233 0.0017440 0.0017490 0.0026239 0.0035279 
Bbai76728_FOXP2  0.0082251 0.0009609 0.0000000 0.0090710 0.0073626 0.0082016 0.0082016 0.0117577 0.0027271 0.0074097 0.0073626 0.0017196 0.0015913 0.0090551 0.0023996 0.0024241 0.0023996 0.0048592 0.0040199 0.0040199 0.0091396 0.0015913 0.0023993 0.0015913 0.0015913 0.0023993 0.0021357 0.0040220 0.0027171 0.0023985 0.0044531 0.0035338 0.0023929 0.0015913 0.0017196 0.0010402 0.0010465 0.0023934 0.0031990 0.0010279 0.0025862 0.0032135 0.0000010 0.0023934 0.0023934 0.0009530 0.0040280 0.0031996 0.0024224 0.0023934 0.0040280 0.0040280 0.0023934 0.0023993 0.0061839 0.0056741 0.0032064 0.0041809 0.0040280 0.0048483 0.0048577 0.0040280 0.0049263 0.0023929 0.0036755 0.0023985 0.0023985 0.0015913 0.0047080 0.0023929 0.0032238 0.0034584 0.0023929 0.0023929 0.0023993 0.0031990 0.0040302 
BbonAUS_FOXP2    0.0007266 0.0081157 0.0090710 0.0000000 0.0021946 0.0029328 0.0029328 0.0037006 0.0041792 0.0016333 0.0014595 0.0070677 0.0067431 0.0052085 0.0075305 0.0076016 0.0075305 0.0099046 0.0051963 0.0051963 0.0029588 0.0067431 0.0075295 0.0067431 0.0067431 0.0075295 0.0088337 0.0098905 0.0084862 0.0075273 0.0100596 0.0082734 0.0075099 0.0067431 0.0064522 0.0057279 0.0077983 0.0075113 0.0082819 0.0074332 0.0072770 0.0083187 0.0077514 0.0075113 0.0075113 0.0080312 0.0090966 0.0082834 0.0075960 0.0075113 0.0090966 0.0090966 0.0075113 0.0075295 0.0108008 0.0114959 0.0083008 0.0056166 0.0090966 0.0106966 0.0107178 0.0090966 0.0061995 0.0082803 0.0076144 0.0075273 0.0075273 0.0067431 0.0096018 0.0075099 0.0083444 0.0089387 0.0082803 0.0075099 0.0075295 0.0082819 0.0091014 
Bbor_FOXP2       0.0013845 0.0071724 0.0073626 0.0021946 0.0000000 0.0006892 0.0006892 0.0042289 0.0031331 0.0007664 0.0007265 0.0061487 0.0059656 0.0044436 0.0071176 0.0068086 0.0071176 0.0093546 0.0042033 0.0042033 0.0022090 0.0063753 0.0071168 0.0063753 0.0063753 0.0071168 0.0065546 0.0093421 0.0075964 0.0071148 0.0102618 0.0082514 0.0067270 0.0063753 0.0068505 0.0053354 0.0077739 0.0071006 0.0078278 0.0052545 0.0076294 0.0078606 0.0064059 0.0067282 0.0071006 0.0070986 0.0085943 0.0078292 0.0071756 0.0067282 0.0085943 0.0085943 0.0071006 0.0071168 0.0109583 0.0108549 0.0075102 0.0041930 0.0085943 0.0101023 0.0101206 0.0085943 0.0061995 0.0074919 0.0079847 0.0071148 0.0071148 0.0059656 0.0096018 0.0070993 0.0078835 0.0089151 0.0078264 0.0070993 0.0071168 0.0078278 0.0083027 
Bede66737_FOXP2  0.0020822 0.0080921 0.0082016 0.0029328 0.0006892 0.0000000 0.0000010 0.0049447 0.0031331 0.0015365 0.0014563 0.0070463 0.0067270 0.0051963 0.0078468 0.0075831 0.0078468 0.0100977 0.0049147 0.0049147 0.0029530 0.0070993 0.0078458 0.0070993 0.0070993 0.0078458 0.0054417 0.0100840 0.0084629 0.0078437 0.0110781 0.0090996 0.0074919 0.0070993 0.0076294 0.0053354 0.0087717 0.0078278 0.0085581 0.0063267 0.0084118 0.0085943 0.0064059 0.0074933 0.0078278 0.0080081 0.0093310 0.0085596 0.0079118 0.0074933 0.0093310 0.0093310 0.0078278 0.0078458 0.0101488 0.0116046 0.0082806 0.0056166 0.0093310 0.0108480 0.0108681 0.0093310 0.0074689 0.0082602 0.0088049 0.0078437 0.0078437 0.0067270 0.0112596 0.0078264 0.0086195 0.0097495 0.0085566 0.0078264 0.0078458 0.0085581 0.0090789 
BedeAUS_FOXP2    0.0020822 0.0080921 0.0082016 0.0029328 0.0006892 0.0000010 0.0000000 0.0049447 0.0031331 0.0015365 0.0014563 0.0070463 0.0067270 0.0051963 0.0078468 0.0075831 0.0078468 0.0100977 0.0049147 0.0049147 0.0029530 0.0070993 0.0078458 0.0070993 0.0070993 0.0078458 0.0054417 0.0100840 0.0084629 0.0078437 0.0110781 0.0090996 0.0074919 0.0070993 0.0076294 0.0053354 0.0087717 0.0078278 0.0085581 0.0063267 0.0084118 0.0085943 0.0064059 0.0074933 0.0078278 0.0080081 0.0093310 0.0085596 0.0079118 0.0074933 0.0093310 0.0093310 0.0078278 0.0078458 0.0101488 0.0116046 0.0082806 0.0056166 0.0093310 0.0108480 0.0108681 0.0093310 0.0074689 0.0082602 0.0088049 0.0078437 0.0078437 0.0067270 0.0112596 0.0078264 0.0086195 0.0097495 0.0085566 0.0078264 0.0078458 0.0085581 0.0090789 
Bmus_FOXP2       0.0026569 0.0100897 0.0117577 0.0037006 0.0042289 0.0049447 0.0049447 0.0000000 0.0064074 0.0031251 0.0037088 0.0108405 0.0091411 0.0075646 0.0101698 0.0100495 0.0101698 0.0118172 0.0071469 0.0071469 0.0037424 0.0093964 0.0101686 0.0093964 0.0088998 0.0101686 0.0124518 0.0124714 0.0103491 0.0101657 0.0137258 0.0118266 0.0099263 0.0088998 0.0101119 0.0081852 0.0119890 0.0101444 0.0093964 0.0108742 0.0109157 0.0109412 0.0133446 0.0099281 0.0101444 0.0109220 0.0110711 0.0108953 0.0102550 0.0099281 0.0110711 0.0116972 0.0101444 0.0096279 0.0144099 0.0132787 0.0107426 0.0041930 0.0116972 0.0132594 0.0132859 0.0110711 0.0087503 0.0107150 0.0088049 0.0101657 0.0101657 0.0091411 0.0112596 0.0101426 0.0109742 0.0124399 0.0108914 0.0101426 0.0101686 0.0103143 0.0115694 
Bmys_FOXP2       0.0031407 0.0020069 0.0027271 0.0041792 0.0031331 0.0031331 0.0031331 0.0064074 0.0000000 0.0017580 0.0024871 0.0019815 0.0016455 0.0024879 0.0031266 0.0025007 0.0031266 0.0047229 0.0000010 0.0000010 0.0041987 0.0023329 0.0031262 0.0023329 0.0023329 0.0031262 0.0000010 0.0055293 0.0037876 0.0031252 0.0061329 0.0036822 0.0024745 0.0023329 0.0025255 0.0026313 0.0022137 0.0031186 0.0039077 0.0000010 0.0033761 0.0039250 0.0025128 0.0024750 0.0031186 0.0019970 0.0039158 0.0039085 0.0031466 0.0024750 0.0047215 0.0047215 0.0031186 0.0031262 0.0060583 0.0071623 0.0033162 0.0017404 0.0047215 0.0063470 0.0063587 0.0047215 0.0029910 0.0033076 0.0053669 0.0031252 0.0031252 0.0016455 0.0082237 0.0031180 0.0039373 0.0045127 0.0039070 0.0031180 0.0031262 0.0039077 0.0041688 
Bphy_FOXP2       0.0007681 0.0062561 0.0074097 0.0016333 0.0007664 0.0015365 0.0015365 0.0031251 0.0017580 0.0000000 0.0000010 0.0060253 0.0049925 0.0041392 0.0063201 0.0059186 0.0063201 0.0079596 0.0031047 0.0031047 0.0016453 0.0055009 0.0055009 0.0055009 0.0055009 0.0063191 0.0064488 0.0071496 0.0067328 0.0063172 0.0087962 0.0074406 0.0058401 0.0055009 0.0059604 0.0044330 0.0067238 0.0063043 0.0071101 0.0049279 0.0068302 0.0063169 0.0062452 0.0058413 0.0063043 0.0060580 0.0071259 0.0063043 0.0063789 0.0058413 0.0071259 0.0071259 0.0055009 0.0063191 0.0105450 0.0087835 0.0058413 0.0041930 0.0071259 0.0079596 0.0087997 0.0071259 0.0044775 0.0066921 0.0071879 0.0063172 0.0063172 0.0049925 0.0096018 0.0063030 0.0071659 0.0082242 0.0071087 0.0063030 0.0063191 0.0071101 0.0075917 
Bphy_baits_FOXP2 0.0007281 0.0062561 0.0073626 0.0014595 0.0007265 0.0014563 0.0014563 0.0037088 0.0024871 0.0000010 0.0000000 0.0061487 0.0052067 0.0036936 0.0059805 0.0060366 0.0059805 0.0083187 0.0036852 0.0036852 0.0014690 0.0052067 0.0059797 0.0052067 0.0052067 0.0059797 0.0065546 0.0083073 0.0067328 0.0059780 0.0091703 0.0074058 0.0059645 0.0052067 0.0056161 0.0037835 0.0067801 0.0059656 0.0067270 0.0052545 0.0064344 0.0067562 0.0064059 0.0059656 0.0059656 0.0061927 0.0075248 0.0067282 0.0060324 0.0059656 0.0075248 0.0075248 0.0059656 0.0059797 0.0099150 0.0098892 0.0067420 0.0041930 0.0075248 0.0091010 0.0091181 0.0075248 0.0061995 0.0067258 0.0067506 0.0059780 0.0059780 0.0052067 0.0096018 0.0059645 0.0067768 0.0080831 0.0067258 0.0059645 0.0059797 0.0067270 0.0075287 
Ccom40_FOXP2     0.0070677 0.0010594 0.0017196 0.0070677 0.0061487 0.0070463 0.0070463 0.0108405 0.0019815 0.0060253 0.0061487 0.0000000 0.0000010 0.0079581 0.0008577 0.0008666 0.0008577 0.0034760 0.0025863 0.0025863 0.0080377 0.0000010 0.0008575 0.0000010 0.0000010 0.0008575 0.0011776 0.0017154 0.0000010 0.0008572 0.0026484 0.0017522 0.0008551 0.0000010 0.0000010 0.0000010 0.0000010 0.0008553 0.0017151 0.0000010 0.0008551 0.0017233 0.0000010 0.0008553 0.0008553 0.0000010 0.0025918 0.0017154 0.0008660 0.0008553 0.0025918 0.0025918 0.0008553 0.0000010 0.0043794 0.0043492 0.0017193 0.0015783 0.0025918 0.0034678 0.0034748 0.0025918 0.0024340 0.0008551 0.0019917 0.0008572 0.0008572 0.0000010 0.0031063 0.0008551 0.0008601 0.0017147 0.0008551 0.0008551 0.0000010 0.0017151 0.0017194 
Chea7320_FOXP2   0.0059797 0.0008695 0.0015913 0.0067431 0.0059656 0.0067270 0.0067270 0.0091411 0.0016455 0.0049925 0.0052067 0.0000010 0.0000000 0.0067323 0.0007288 0.0007353 0.0007288 0.0029474 0.0021962 0.0021962 0.0067891 0.0000010 0.0007287 0.0000010 0.0000010 0.0007287 0.0010598 0.0029439 0.0016401 0.0007285 0.0032413 0.0016008 0.0007270 0.0000010 0.0000010 0.0000010 0.0000010 0.0007271 0.0014575 0.0000010 0.0007828 0.0014634 0.0000010 0.0007271 0.0007271 0.0000010 0.0022001 0.0014578 0.0007348 0.0007271 0.0022001 0.0022001 0.0007271 0.0007287 0.0040168 0.0044480 0.0014605 0.0013747 0.0022001 0.0036960 0.0037019 0.0022001 0.0024340 0.0014572 0.0024854 0.0007285 0.0007285 0.0000010 0.0031063 0.0007270 0.0014676 0.0023598 0.0014572 0.0007270 0.0007287 0.0014575 0.0022013 
Cmar59905_FOXP2  0.0044539 0.0081001 0.0090551 0.0052085 0.0044436 0.0051963 0.0051963 0.0075646 0.0024879 0.0041392 0.0036936 0.0079581 0.0067323 0.0000000 0.0075184 0.0075893 0.0075184 0.0098885 0.0044448 0.0044448 0.0052437 0.0067323 0.0075174 0.0067323 0.0067323 0.0075174 0.0076555 0.0098745 0.0084709 0.0075153 0.0109067 0.0091081 0.0074979 0.0067323 0.0072644 0.0037849 0.0077560 0.0074993 0.0082686 0.0063125 0.0080918 0.0083053 0.0050852 0.0074993 0.0074993 0.0070837 0.0090819 0.0082701 0.0075838 0.0074993 0.0090819 0.0090819 0.0074993 0.0075174 0.0116411 0.0114771 0.0082875 0.0085562 0.0090819 0.0106792 0.0107004 0.0090819 0.0100936 0.0082671 0.0093910 0.0075153 0.0075153 0.0067323 0.0129569 0.0074979 0.0083309 0.0097586 0.0082671 0.0074979 0.0075174 0.0082686 0.0090867 
Dcap108471_FOXP2 0.0071339 0.0017493 0.0023996 0.0075305 0.0071176 0.0078468 0.0078468 0.0101698 0.0031266 0.0063201 0.0059805 0.0008577 0.0007288 0.0075184 0.0000000 0.0000010 0.0000010 0.0035115 0.0034972 0.0034972 0.0075823 0.0006914 0.0013890 0.0006914 0.0006914 0.0013890 0.0021361 0.0035075 0.0024738 0.0013886 0.0038436 0.0024140 0.0014610 0.0006914 0.0007418 0.0008745 0.0009434 0.0013860 0.0020845 0.0010281 0.0014868 0.0020926 0.0012558 0.0014612 0.0013860 0.0008634 0.0027964 0.0020849 0.0014010 0.0014612 0.0027964 0.0027964 0.0013860 0.0013890 0.0045737 0.0049435 0.0022015 0.0013747 0.0027964 0.0042256 0.0042322 0.0027964 0.0036812 0.0021964 0.0031394 0.0013886 0.0013886 0.0007288 0.0047094 0.0013858 0.0020974 0.0031637 0.0020842 0.0013858 0.0013890 0.0020845 0.0029494 
Dcap79929_FOXP2  0.0068251 0.0017493 0.0024241 0.0076016 0.0068086 0.0075831 0.0075831 0.0100495 0.0025007 0.0059186 0.0060366 0.0008666 0.0007353 0.0075893 0.0000010 0.0000000 0.0000010 0.0037379 0.0029703 0.0029703 0.0076226 0.0007353 0.0014775 0.0007353 0.0007353 0.0014775 0.0021361 0.0037333 0.0024994 0.0014771 0.0032662 0.0024386 0.0014739 0.0007353 0.0007925 0.0009428 0.0009539 0.0014742 0.0022174 0.0010416 0.0015886 0.0022265 0.0012706 0.0014742 0.0014742 0.0008724 0.0029758 0.0022178 0.0014768 0.0014742 0.0029758 0.0029758 0.0014742 0.0014775 0.0048956 0.0045005 0.0022221 0.0013747 0.0029758 0.0037395 0.0045063 0.0029758 0.0036812 0.0022170 0.0033323 0.0014771 0.0014771 0.0007353 0.0047094 0.0014739 0.0014771 0.0031951 0.0022170 0.0014739 0.0014775 0.0022174 0.0029773 
DdelSJR_FOXP2    0.0071339 0.0017493 0.0023996 0.0075305 0.0071176 0.0078468 0.0078468 0.0101698 0.0031266 0.0063201 0.0059805 0.0008577 0.0007288 0.0075184 0.0000010 0.0000010 0.0000000 0.0035115 0.0034972 0.0034972 0.0075823 0.0006914 0.0013890 0.0006914 0.0006914 0.0013890 0.0021361 0.0035075 0.0024738 0.0013886 0.0038436 0.0024140 0.0014610 0.0006914 0.0007418 0.0008745 0.0009434 0.0013860 0.0020845 0.0010281 0.0014868 0.0020926 0.0012558 0.0014612 0.0013860 0.0008634 0.0027964 0.0020849 0.0014010 0.0014612 0.0027964 0.0027964 0.0013860 0.0013890 0.0045737 0.0049435 0.0022015 0.0013747 0.0027964 0.0042256 0.0042322 0.0027964 0.0036812 0.0021964 0.0031394 0.0013886 0.0013886 0.0007288 0.0047094 0.0013858 0.0020974 0.0031637 0.0020842 0.0013858 0.0013890 0.0020845 0.0029494 
Dleu_FOXP2       0.0088819 0.0035271 0.0048592 0.0099046 0.0093546 0.0100977 0.0100977 0.0118172 0.0047229 0.0079596 0.0083187 0.0034760 0.0029474 0.0098885 0.0035115 0.0037379 0.0035115 0.0000000 0.0056557 0.0056557 0.0099738 0.0027960 0.0028045 0.0027960 0.0026528 0.0035110 0.0032231 0.0056726 0.0041547 0.0035101 0.0062227 0.0048880 0.0036938 0.0026528 0.0030018 0.0017537 0.0028629 0.0035034 0.0042134 0.0020677 0.0037612 0.0042302 0.0025309 0.0036945 0.0035034 0.0026171 0.0006550 0.0042142 0.0035402 0.0036945 0.0033217 0.0035014 0.0035034 0.0033304 0.0069419 0.0060800 0.0044534 0.0041786 0.0035014 0.0056866 0.0049461 0.0033217 0.0036627 0.0044430 0.0055607 0.0035101 0.0035101 0.0029474 0.0063400 0.0035028 0.0042422 0.0056032 0.0042127 0.0035028 0.0035110 0.0039966 0.0052214 
EausAUS_FOXP2    0.0042125 0.0035180 0.0040199 0.0051963 0.0042033 0.0049147 0.0049147 0.0071469 0.0000010 0.0031047 0.0036852 0.0025863 0.0021962 0.0044448 0.0034972 0.0029703 0.0034972 0.0056557 0.0000000 0.0000010 0.0052314 0.0027847 0.0034967 0.0027847 0.0027847 0.0034967 0.0021346 0.0056489 0.0041446 0.0034958 0.0061939 0.0040437 0.0029348 0.0027847 0.0029888 0.0026313 0.0028472 0.0034892 0.0041962 0.0010274 0.0037448 0.0042128 0.0025128 0.0029354 0.0034892 0.0026038 0.0049259 0.0041969 0.0035256 0.0029354 0.0049259 0.0049259 0.0034892 0.0034967 0.0069099 0.0071088 0.0036865 0.0027727 0.0049259 0.0063802 0.0063907 0.0049259 0.0036782 0.0036780 0.0055346 0.0034958 0.0034958 0.0021962 0.0079286 0.0034886 0.0042247 0.0047683 0.0041955 0.0034886 0.0034967 0.0041962 0.0044454 
Egla13086_FOXP2  0.0042125 0.0035180 0.0040199 0.0051963 0.0042033 0.0049147 0.0049147 0.0071469 0.0000010 0.0031047 0.0036852 0.0025863 0.0021962 0.0044448 0.0034972 0.0029703 0.0034972 0.0056557 0.0000010 0.0000000 0.0052314 0.0027847 0.0034967 0.0027847 0.0027847 0.0034967 0.0021346 0.0056489 0.0041446 0.0034958 0.0061939 0.0040437 0.0029348 0.0027847 0.0029888 0.0026313 0.0028472 0.0034892 0.0041962 0.0010274 0.0037448 0.0042128 0.0025128 0.0029354 0.0034892 0.0026038 0.0049259 0.0041969 0.0035256 0.0029354 0.0049259 0.0049259 0.0034892 0.0034967 0.0069099 0.0071088 0.0036865 0.0027727 0.0049259 0.0063802 0.0063907 0.0049259 0.0036782 0.0036780 0.0055346 0.0034958 0.0034958 0.0021962 0.0079286 0.0034886 0.0042247 0.0047683 0.0041955 0.0034886 0.0034967 0.0041962 0.0044454 
Erob133443_FOXP2 0.0022140 0.0071708 0.0091396 0.0029588 0.0022090 0.0029530 0.0029530 0.0037424 0.0041987 0.0016453 0.0014690 0.0080377 0.0067891 0.0052437 0.0075823 0.0076226 0.0075823 0.0099738 0.0052314 0.0052314 0.0000000 0.0067891 0.0075813 0.0067891 0.0067891 0.0075813 0.0088694 0.0099595 0.0085529 0.0075791 0.0100758 0.0091935 0.0075614 0.0067891 0.0073307 0.0057587 0.0088784 0.0075628 0.0083389 0.0075054 0.0081659 0.0083763 0.0091466 0.0075628 0.0075628 0.0080967 0.0091598 0.0083404 0.0076169 0.0075628 0.0091598 0.0091598 0.0075628 0.0075813 0.0117511 0.0115767 0.0083581 0.0041930 0.0091598 0.0107724 0.0107932 0.0091598 0.0074689 0.0083373 0.0076144 0.0075791 0.0075791 0.0067891 0.0112596 0.0075614 0.0084023 0.0098485 0.0083373 0.0075614 0.0075813 0.0083389 0.0091646 
Fatt_FOXP2       0.0063897 0.0008695 0.0015913 0.0067431 0.0063753 0.0070993 0.0070993 0.0093964 0.0023329 0.0055009 0.0052067 0.0000010 0.0000010 0.0067323 0.0006914 0.0007353 0.0006914 0.0027960 0.0027847 0.0027847 0.0067891 0.0000000 0.0006913 0.0000010 0.0000010 0.0006913 0.0010598 0.0027928 0.0016401 0.0006912 0.0030591 0.0016008 0.0007270 0.0000010 0.0000010 0.0000010 0.0000010 0.0006899 0.0013827 0.0000010 0.0007398 0.0013880 0.0000010 0.0007271 0.0006899 0.0000010 0.0020875 0.0013829 0.0006966 0.0007271 0.0020875 0.0020875 0.0006899 0.0006913 0.0037919 0.0042172 0.0014605 0.0013747 0.0020875 0.0035048 0.0035101 0.0020875 0.0024340 0.0014572 0.0023418 0.0006912 0.0006912 0.0000010 0.0031063 0.0006898 0.0013919 0.0023598 0.0013824 0.0006898 0.0006913 0.0013827 0.0022013 
Ggri_FOXP2       0.0071330 0.0008695 0.0023993 0.0075295 0.0071168 0.0078458 0.0078458 0.0101686 0.0031262 0.0055009 0.0059797 0.0008575 0.0007287 0.0075174 0.0013890 0.0014775 0.0013890 0.0028045 0.0034967 0.0034967 0.0075813 0.0006913 0.0000000 0.0006913 0.0006913 0.0013888 0.0021357 0.0035070 0.0016401 0.0013884 0.0038430 0.0024136 0.0014608 0.0006913 0.0007416 0.0000010 0.0009432 0.0013859 0.0020843 0.0010279 0.0014866 0.0020923 0.0012555 0.0014610 0.0013859 0.0008633 0.0020938 0.0020846 0.0014008 0.0014610 0.0020938 0.0020938 0.0013859 0.0013888 0.0045731 0.0034992 0.0022011 0.0013747 0.0020938 0.0027919 0.0035209 0.0020938 0.0024470 0.0021961 0.0031390 0.0013884 0.0013884 0.0007287 0.0031063 0.0013856 0.0020971 0.0031632 0.0020839 0.0013856 0.0013888 0.0020843 0.0029490 
Gmac39091_FOXP2  0.0063897 0.0008695 0.0015913 0.0067431 0.0063753 0.0070993 0.0070993 0.0093964 0.0023329 0.0055009 0.0052067 0.0000010 0.0000010 0.0067323 0.0006914 0.0007353 0.0006914 0.0027960 0.0027847 0.0027847 0.0067891 0.0000010 0.0006913 0.0000000 0.0000010 0.0006913 0.0010598 0.0027928 0.0016401 0.0006912 0.0030591 0.0016008 0.0007270 0.0000010 0.0000010 0.0000010 0.0000010 0.0006899 0.0013827 0.0000010 0.0007398 0.0013880 0.0000010 0.0007271 0.0006899 0.0000010 0.0020875 0.0013829 0.0006966 0.0007271 0.0020875 0.0020875 0.0006899 0.0006913 0.0037919 0.0042172 0.0014605 0.0013747 0.0020875 0.0035048 0.0035101 0.0020875 0.0024340 0.0014572 0.0023418 0.0006912 0.0006912 0.0000010 0.0031063 0.0006898 0.0013919 0.0023598 0.0013824 0.0006898 0.0006913 0.0013827 0.0022013 
Gmel_FOXP2       0.0060569 0.0008695 0.0015913 0.0067431 0.0063753 0.0070993 0.0070993 0.0088998 0.0023329 0.0055009 0.0052067 0.0000010 0.0000010 0.0067323 0.0006914 0.0007353 0.0006914 0.0026528 0.0027847 0.0027847 0.0067891 0.0000010 0.0006913 0.0000010 0.0000000 0.0006913 0.0010598 0.0027928 0.0016401 0.0006912 0.0030591 0.0016008 0.0007270 0.0000010 0.0000010 0.0000010 0.0000010 0.0006899 0.0013827 0.0000010 0.0007398 0.0013880 0.0000010 0.0007271 0.0006899 0.0000010 0.0019811 0.0013829 0.0006966 0.0007271 0.0019811 0.0020875 0.0006899 0.0006556 0.0037919 0.0040000 0.0014605 0.0013747 0.0020875 0.0035048 0.0035101 0.0019811 0.0024340 0.0014572 0.0023418 0.0006912 0.0006912 0.0000010 0.0031063 0.0006898 0.0013919 0.0023598 0.0013824 0.0006898 0.0006913 0.0013132 0.0022013 
Hamp_FOXP2       0.0071330 0.0017490 0.0023993 0.0075295 0.0071168 0.0078458 0.0078458 0.0101686 0.0031262 0.0063191 0.0059797 0.0008575 0.0007287 0.0075174 0.0013890 0.0014775 0.0013890 0.0035110 0.0034967 0.0034967 0.0075813 0.0006913 0.0013888 0.0006913 0.0006913 0.0000000 0.0021357 0.0035070 0.0024734 0.0013884 0.0038430 0.0024136 0.0014608 0.0006913 0.0007416 0.0008744 0.0009432 0.0013859 0.0020843 0.0010279 0.0014866 0.0013922 0.0012555 0.0014610 0.0013859 0.0008633 0.0027960 0.0020846 0.0014008 0.0014610 0.0027960 0.0027960 0.0013859 0.0013888 0.0045731 0.0049428 0.0022011 0.0013747 0.0027960 0.0042251 0.0042316 0.0027960 0.0036803 0.0021961 0.0031390 0.0013884 0.0013884 0.0007287 0.0047080 0.0013856 0.0020971 0.0031632 0.0020839 0.0013856 0.0013888 0.0020843 0.0029490 
Igeo_FOXP2       0.0077028 0.0026664 0.0021357 0.0088337 0.0065546 0.0054417 0.0054417 0.0124518 0.0000010 0.0064488 0.0065546 0.0011776 0.0010598 0.0076555 0.0021361 0.0021361 0.0021361 0.0032231 0.0021346 0.0021346 0.0088694 0.0010598 0.0021357 0.0010598 0.0010598 0.0021357 0.0000000 0.0043038 0.0025215 0.0021348 0.0023817 0.0036117 0.0021281 0.0010598 0.0011776 0.0000010 0.0011776 0.0010598 0.0021281 0.0010598 0.0011776 0.0032231 0.0000010 0.0010598 0.0010598 0.0010598 0.0032231 0.0021287 0.0010598 0.0010598 0.0043124 0.0043124 0.0021287 0.0021357 0.0011847 0.0054154 0.0032138 0.0038760 0.0043124 0.0043141 0.0043124 0.0043124 0.0049362 0.0021281 0.0037155 0.0010598 0.0010598 0.0010598 0.0053198 0.0021281 0.0021348 0.0023641 0.0021281 0.0021281 0.0021357 0.0021281 0.0021357 
Kbre_FOXP2       0.0093642 0.0026396 0.0040220 0.0098905 0.0093421 0.0100840 0.0100840 0.0124714 0.0055293 0.0071496 0.0083073 0.0017154 0.0029439 0.0098745 0.0035075 0.0037333 0.0035075 0.0056726 0.0056489 0.0056489 0.0099595 0.0027928 0.0035070 0.0027928 0.0027928 0.0035070 0.0043038 0.0000000 0.0000010 0.0035061 0.0054092 0.0040458 0.0036893 0.0027928 0.0022375 0.0017594 0.0028490 0.0034994 0.0042085 0.0031070 0.0029903 0.0042253 0.0025128 0.0036900 0.0034994 0.0034952 0.0049406 0.0042093 0.0035361 0.0036900 0.0049406 0.0049406 0.0034994 0.0035070 0.0061302 0.0042198 0.0044479 0.0027752 0.0049406 0.0035070 0.0064100 0.0049406 0.0049088 0.0044375 0.0055531 0.0035061 0.0035061 0.0029439 0.0031063 0.0034988 0.0042372 0.0047707 0.0042078 0.0034988 0.0035070 0.0042085 0.0052148 
Ksim_FOXP2       0.0076171 0.0026396 0.0027171 0.0084862 0.0075964 0.0084629 0.0084629 0.0103491 0.0037876 0.0067328 0.0067328 0.0000010 0.0016401 0.0084709 0.0024738 0.0024994 0.0024738 0.0041547 0.0041446 0.0041446 0.0085529 0.0016401 0.0016401 0.0016401 0.0016401 0.0024734 0.0025215 0.0000010 0.0000000 0.0024726 0.0036678 0.0027288 0.0024667 0.0016401 0.0008859 0.0018816 0.0010909 0.0024672 0.0032983 0.0012058 0.0017781 0.0024725 0.0000010 0.0024672 0.0024672 0.0019840 0.0033057 0.0024672 0.0024976 0.0024672 0.0033057 0.0033057 0.0016401 0.0024734 0.0054947 0.0032995 0.0024672 0.0027752 0.0033057 0.0024667 0.0050117 0.0033057 0.0014656 0.0032976 0.0047727 0.0024726 0.0024726 0.0016401 0.0031063 0.0024667 0.0033245 0.0035764 0.0032976 0.0024667 0.0024734 0.0032983 0.0041556 
Laus_FOXP2       0.0071311 0.0008695 0.0023985 0.0075273 0.0071148 0.0078437 0.0078437 0.0101657 0.0031252 0.0063172 0.0059780 0.0008572 0.0007285 0.0075153 0.0013886 0.0014771 0.0013886 0.0035101 0.0034958 0.0034958 0.0075791 0.0006912 0.0013884 0.0006912 0.0006912 0.0013884 0.0021348 0.0035061 0.0024726 0.0000000 0.0038419 0.0024129 0.0014604 0.0006912 0.0007414 0.0008741 0.0009429 0.0013855 0.0020837 0.0010275 0.0014861 0.0020917 0.0012549 0.0014606 0.0013855 0.0008630 0.0027952 0.0020841 0.0014005 0.0014606 0.0027952 0.0027952 0.0013855 0.0013884 0.0045717 0.0049415 0.0022005 0.0013747 0.0027952 0.0042240 0.0042305 0.0027952 0.0024340 0.0021955 0.0023418 0.0013881 0.0013881 0.0007285 0.0031063 0.0013852 0.0020965 0.0031622 0.0020834 0.0013852 0.0013884 0.0020837 0.0029482 
Lbor_FOXP2       0.0102885 0.0029282 0.0044531 0.0100596 0.0102618 0.0110781 0.0110781 0.0137258 0.0061329 0.0087962 0.0091703 0.0026484 0.0032413 0.0109067 0.0038436 0.0032662 0.0038436 0.0062227 0.0061939 0.0061939 0.0100758 0.0030591 0.0038430 0.0030591 0.0030591 0.0038430 0.0023817 0.0054092 0.0036678 0.0038419 0.0000000 0.0049894 0.0040630 0.0030591 0.0030591 0.0029565 0.0038553 0.0038338 0.0046117 0.0023089 0.0038331 0.0046319 0.0038600 0.0040638 0.0038338 0.0038553 0.0054172 0.0046126 0.0030784 0.0040638 0.0054172 0.0054172 0.0038338 0.0030591 0.0054502 0.0078257 0.0049007 0.0016153 0.0054172 0.0070215 0.0070345 0.0054172 0.0037606 0.0048881 0.0052355 0.0038419 0.0038419 0.0032413 0.0047052 0.0038331 0.0038535 0.0048881 0.0046108 0.0038331 0.0030591 0.0046117 0.0032331 
Lhos30470_FOXP2  0.0082734 0.0029319 0.0035338 0.0082734 0.0082514 0.0090996 0.0090996 0.0118266 0.0036822 0.0074406 0.0074058 0.0017522 0.0016008 0.0091081 0.0024140 0.0024386 0.0024140 0.0048880 0.0040437 0.0040437 0.0091935 0.0016008 0.0024136 0.0016008 0.0016008 0.0024136 0.0036117 0.0040458 0.0027288 0.0024129 0.0049894 0.0000000 0.0007983 0.0016008 0.0016008 0.0021062 0.0019081 0.0024076 0.0032180 0.0023066 0.0024072 0.0032327 0.0025504 0.0024076 0.0024076 0.0019081 0.0040509 0.0032187 0.0024369 0.0024076 0.0040509 0.0040509 0.0024076 0.0016008 0.0057685 0.0065588 0.0032256 0.0016030 0.0040509 0.0057208 0.0057315 0.0040509 0.0037228 0.0016005 0.0018187 0.0024129 0.0024129 0.0016008 0.0015446 0.0007983 0.0024205 0.0024067 0.0016005 0.0007983 0.0016008 0.0016008 0.0032258 
Lhos452_FOXP2    0.0067431 0.0017440 0.0023929 0.0075099 0.0067270 0.0074919 0.0074919 0.0099263 0.0024745 0.0058401 0.0059645 0.0008551 0.0007270 0.0074979 0.0014610 0.0014739 0.0014610 0.0036938 0.0029348 0.0029348 0.0075614 0.0007270 0.0014608 0.0007270 0.0007270 0.0014608 0.0021281 0.0036893 0.0024667 0.0014604 0.0040630 0.0007983 0.0000000 0.0007270 0.0007828 0.0009314 0.0009403 0.0014575 0.0021912 0.0010244 0.0015694 0.0022001 0.0012503 0.0014575 0.0014575 0.0008608 0.0029402 0.0021916 0.0014730 0.0014575 0.0029402 0.0029402 0.0014575 0.0014608 0.0048325 0.0052015 0.0021958 0.0013747 0.0029402 0.0044456 0.0044529 0.0029402 0.0036652 0.0007268 0.0016523 0.0014604 0.0014604 0.0007270 0.0015446 0.0000010 0.0022066 0.0015691 0.0007268 0.0000010 0.0014608 0.0007270 0.0029417 
Lobl_FOXP2       0.0060569 0.0008695 0.0015913 0.0067431 0.0063753 0.0070993 0.0070993 0.0088998 0.0023329 0.0055009 0.0052067 0.0000010 0.0000010 0.0067323 0.0006914 0.0007353 0.0006914 0.0026528 0.0027847 0.0027847 0.0067891 0.0000010 0.0006913 0.0000010 0.0000010 0.0006913 0.0010598 0.0027928 0.0016401 0.0006912 0.0030591 0.0016008 0.0007270 0.0000000 0.0000010 0.0000010 0.0000010 0.0006899 0.0013827 0.0000010 0.0007398 0.0013880 0.0000010 0.0007271 0.0006899 0.0000010 0.0019811 0.0013829 0.0006966 0.0007271 0.0019811 0.0020875 0.0006899 0.0006556 0.0037919 0.0040000 0.0014605 0.0013747 0.0020875 0.0035048 0.0035101 0.0019811 0.0024340 0.0014572 0.0023418 0.0006912 0.0006912 0.0000010 0.0031063 0.0006898 0.0013919 0.0023598 0.0013824 0.0006898 0.0006913 0.0013132 0.0022013 
Lobs_FOXP2       0.0068672 0.0009507 0.0017196 0.0064522 0.0068505 0.0076294 0.0076294 0.0101119 0.0025255 0.0059604 0.0056161 0.0000010 0.0000010 0.0072644 0.0007418 0.0007925 0.0007418 0.0030018 0.0029888 0.0029888 0.0073307 0.0000010 0.0007416 0.0000010 0.0000010 0.0007416 0.0011776 0.0022375 0.0008859 0.0007414 0.0030591 0.0016008 0.0007828 0.0000010 0.0000000 0.0000010 0.0000010 0.0007400 0.0014832 0.0000010 0.0007398 0.0014893 0.0000010 0.0007830 0.0007400 0.0000010 0.0022405 0.0014834 0.0007475 0.0007830 0.0022405 0.0022405 0.0007400 0.0000010 0.0037919 0.0045293 0.0015733 0.0015783 0.0022405 0.0037635 0.0037696 0.0022405 0.0024340 0.0015694 0.0025366 0.0007414 0.0007414 0.0000010 0.0031063 0.0007398 0.0007436 0.0023598 0.0014829 0.0007398 0.0000010 0.0014832 0.0015734 
Lvex_FOXP2       0.0053504 0.0000010 0.0010402 0.0057279 0.0053354 0.0053354 0.0053354 0.0081852 0.0026313 0.0044330 0.0037835 0.0000010 0.0000010 0.0037849 0.0008745 0.0009428 0.0008745 0.0017537 0.0026313 0.0026313 0.0057587 0.0000010 0.0000010 0.0000010 0.0000010 0.0008744 0.0000010 0.0017594 0.0018816 0.0008741 0.0029565 0.0021062 0.0009314 0.0000010 0.0000010 0.0000000 0.0000010 0.0008721 0.0017490 0.0000010 0.0009535 0.0008740 0.0000010 0.0009316 0.0008721 0.0000010 0.0008719 0.0008721 0.0008808 0.0009316 0.0017531 0.0017531 0.0000010 0.0008744 0.0039238 0.0035387 0.0009316 0.0017404 0.0017531 0.0026450 0.0035455 0.0017531 0.0018910 0.0018693 0.0030553 0.0008741 0.0008741 0.0000010 0.0040548 0.0008719 0.0017636 0.0030969 0.0017486 0.0008719 0.0008744 0.0017490 0.0028295 
Mbid_FOXP2       0.0077983 0.0011897 0.0010465 0.0077983 0.0077739 0.0087717 0.0087717 0.0119890 0.0022137 0.0067238 0.0067801 0.0000010 0.0000010 0.0077560 0.0009434 0.0009539 0.0009434 0.0028629 0.0028472 0.0028472 0.0088784 0.0000010 0.0009432 0.0000010 0.0000010 0.0009432 0.0011776 0.0028490 0.0010909 0.0009429 0.0038553 0.0019081 0.0009403 0.0000010 0.0000010 0.0000010 0.0000000 0.0000010 0.0009403 0.0000010 0.0000010 0.0018963 0.0000010 0.0000010 0.0000010 0.0000010 0.0018963 0.0009405 0.0000010 0.0000010 0.0028539 0.0028539 0.0009405 0.0000010 0.0028741 0.0057865 0.0018915 0.0023501 0.0028539 0.0048042 0.0038288 0.0028539 0.0032731 0.0018859 0.0033523 0.0000010 0.0000010 0.0000010 0.0031063 0.0009403 0.0009463 0.0018859 0.0018859 0.0009403 0.0000010 0.0009403 0.0009429 
Mbow_FOXP2       0.0071168 0.0017444 0.0023934 0.0075113 0.0071006 0.0078278 0.0078278 0.0101444 0.0031186 0.0063043 0.0059656 0.0008553 0.0007271 0.0074993 0.0013860 0.0014742 0.0013860 0.0035034 0.0034892 0.0034892 0.0075628 0.0006899 0.0013859 0.0006899 0.0006899 0.0013859 0.0010598 0.0034994 0.0024672 0.0013855 0.0038338 0.0024076 0.0014575 0.0006899 0.0007400 0.0008721 0.0000010 0.0000000 0.0006899 0.0000010 0.0014832 0.0020878 0.0000010 0.0000010 0.0000010 0.0000010 0.0027900 0.0006900 0.0000010 0.0000010 0.0027900 0.0027900 0.0013829 0.0013859 0.0045622 0.0049319 0.0021962 0.0027625 0.0027900 0.0042158 0.0042223 0.0027900 0.0036663 0.0021912 0.0031314 0.0013855 0.0013855 0.0007271 0.0031063 0.0013827 0.0020936 0.0031555 0.0020795 0.0013827 0.0013859 0.0020798 0.0014642 
Mcar_FOXP2       0.0078458 0.0026239 0.0031990 0.0082819 0.0078278 0.0085581 0.0085581 0.0093964 0.0039077 0.0071101 0.0067270 0.0017151 0.0014575 0.0082686 0.0020845 0.0022174 0.0020845 0.0042134 0.0041962 0.0041962 0.0083389 0.0013827 0.0020843 0.0013827 0.0013827 0.0020843 0.0021281 0.0042085 0.0032983 0.0020837 0.0046117 0.0032180 0.0021912 0.0013827 0.0014832 0.0017490 0.0009403 0.0006899 0.0000000 0.0010244 0.0022312 0.0027900 0.0012503 0.0007271 0.0006899 0.0008608 0.0034952 0.0013829 0.0006966 0.0007271 0.0034952 0.0034952 0.0020798 0.0020843 0.0053354 0.0056490 0.0029348 0.0027625 0.0034952 0.0049293 0.0049371 0.0034952 0.0036663 0.0029281 0.0031314 0.0020837 0.0020837 0.0014575 0.0031063 0.0020795 0.0027977 0.0039540 0.0027787 0.0020795 0.0020843 0.0027792 0.0022013 
Mden_FOXP2       0.0063496 0.0013276 0.0010279 0.0074332 0.0052545 0.0063267 0.0063267 0.0108742 0.0000010 0.0049279 0.0052545 0.0000010 0.0000010 0.0063125 0.0010281 0.0010416 0.0010281 0.0020677 0.0010274 0.0010274 0.0075054 0.0000010 0.0010279 0.0000010 0.0000010 0.0010279 0.0010598 0.0031070 0.0012058 0.0010275 0.0023089 0.0023066 0.0010244 0.0000010 0.0000010 0.0000010 0.0000010 0.0000010 0.0010244 0.0000000 0.0000010 0.0020677 0.0000010 0.0000010 0.0000010 0.0000010 0.0020677 0.0010247 0.0000010 0.0000010 0.0031129 0.0031129 0.0010247 0.0010279 0.0022894 0.0052301 0.0020619 0.0019249 0.0031129 0.0041670 0.0031129 0.0031129 0.0032731 0.0010244 0.0024672 0.0000010 0.0000010 0.0000010 0.0035258 0.0010244 0.0020763 0.0011332 0.0010244 0.0010244 0.0010279 0.0010244 0.0010279 
Meur_FOXP2       0.0076482 0.0019072 0.0025862 0.0072770 0.0076294 0.0084118 0.0084118 0.0109157 0.0033761 0.0068302 0.0064344 0.0008551 0.0007828 0.0080918 0.0014868 0.0015886 0.0014868 0.0037612 0.0037448 0.0037448 0.0081659 0.0007398 0.0014866 0.0007398 0.0007398 0.0014866 0.0011776 0.0029903 0.0017781 0.0014861 0.0038331 0.0024072 0.0015694 0.0007398 0.0007398 0.0009535 0.0000010 0.0014832 0.0022312 0.0000010 0.0000000 0.0022405 0.0000010 0.0015697 0.0014832 0.0000010 0.0029943 0.0022316 0.0015005 0.0015697 0.0029943 0.0029943 0.0014832 0.0007398 0.0045613 0.0052967 0.0023656 0.0031728 0.0029943 0.0045268 0.0045344 0.0029943 0.0036652 0.0023598 0.0033911 0.0014861 0.0014861 0.0007828 0.0031063 0.0014829 0.0014905 0.0031549 0.0022308 0.0014829 0.0007398 0.0022312 0.0023657 
Mgin_FOXP2       0.0078788 0.0017483 0.0032135 0.0083187 0.0078606 0.0085943 0.0085943 0.0109412 0.0039250 0.0063169 0.0067562 0.0017233 0.0014634 0.0083053 0.0020926 0.0022265 0.0020926 0.0042302 0.0042128 0.0042128 0.0083763 0.0013880 0.0020923 0.0013880 0.0013880 0.0013922 0.0032231 0.0042253 0.0024725 0.0020917 0.0046319 0.0032327 0.0022001 0.0013880 0.0014893 0.0008740 0.0018963 0.0020878 0.0027900 0.0020677 0.0022405 0.0000000 0.0025297 0.0022005 0.0020878 0.0017350 0.0035090 0.0027905 0.0021096 0.0022005 0.0035090 0.0035090 0.0020878 0.0020923 0.0053587 0.0056719 0.0029470 0.0013747 0.0035090 0.0049492 0.0049570 0.0035090 0.0049418 0.0029402 0.0039414 0.0020917 0.0020917 0.0014634 0.0047046 0.0020875 0.0028087 0.0039717 0.0027895 0.0020875 0.0020923 0.0027900 0.0037026 
MgraAUS_FOXP2    0.0077514 0.0000010 0.0000010 0.0077514 0.0064059 0.0064059 0.0064059 0.0133446 0.0025128 0.0062452 0.0064059 0.0000010 0.0000010 0.0050852 0.0012558 0.0012706 0.0012558 0.0025309 0.0025128 0.0025128 0.0091466 0.0000010 0.0012555 0.0000010 0.0000010 0.0012555 0.0000010 0.0025128 0.0000010 0.0012549 0.0038600 0.0025504 0.0012503 0.0000010 0.0000010 0.0000010 0.0000010 0.0000010 0.0012503 0.0000010 0.0000010 0.0025297 0.0000000 0.0000010 0.0000010 0.0000010 0.0012547 0.0012506 0.0000010 0.0000010 0.0038096 0.0038096 0.0012506 0.0000010 0.0025377 0.0050860 0.0025211 0.0036702 0.0038096 0.0050860 0.0038096 0.0038096 0.0043670 0.0012503 0.0031230 0.0000010 0.0000010 0.0000010 0.0040548 0.0012503 0.0012610 0.0012503 0.0012503 0.0012503 0.0000010 0.0012503 0.0012549 
Mhec_FOXP2       0.0067443 0.0017444 0.0023934 0.0075113 0.0067282 0.0074933 0.0074933 0.0099281 0.0024750 0.0058413 0.0059656 0.0008553 0.0007271 0.0074993 0.0014612 0.0014742 0.0014612 0.0036945 0.0029354 0.0029354 0.0075628 0.0007271 0.0014610 0.0007271 0.0007271 0.0014610 0.0010598 0.0036900 0.0024672 0.0014606 0.0040638 0.0024076 0.0014575 0.0007271 0.0007830 0.0009316 0.0000010 0.0000010 0.0007271 0.0000010 0.0015697 0.0022005 0.0000010 0.0000000 0.0000010 0.0000010 0.0029407 0.0007272 0.0000010 0.0000010 0.0029407 0.0029407 0.0014578 0.0014610 0.0048335 0.0052024 0.0021962 0.0027625 0.0029407 0.0044464 0.0044537 0.0029407 0.0036663 0.0021912 0.0033232 0.0014606 0.0014606 0.0007271 0.0031063 0.0014575 0.0022070 0.0031555 0.0021912 0.0014575 0.0014610 0.0021916 0.0014642 
MlayAUS_FOXP2    0.0071168 0.0017444 0.0023934 0.0075113 0.0071006 0.0078278 0.0078278 0.0101444 0.0031186 0.0063043 0.0059656 0.0008553 0.0007271 0.0074993 0.0013860 0.0014742 0.0013860 0.0035034 0.0034892 0.0034892 0.0075628 0.0006899 0.0013859 0.0006899 0.0006899 0.0013859 0.0010598 0.0034994 0.0024672 0.0013855 0.0038338 0.0024076 0.0014575 0.0006899 0.0007400 0.0008721 0.0000010 0.0000010 0.0006899 0.0000010 0.0014832 0.0020878 0.0000010 0.0000010 0.0000000 0.0000010 0.0027900 0.0006900 0.0000010 0.0000010 0.0027900 0.0027900 0.0013829 0.0013859 0.0045622 0.0049319 0.0021962 0.0027625 0.0027900 0.0042158 0.0042223 0.0027900 0.0036663 0.0021912 0.0031314 0.0013855 0.0013855 0.0007271 0.0031063 0.0013827 0.0020936 0.0031555 0.0020795 0.0013827 0.0013859 0.0020798 0.0014642 
Mmir_FOXP2       0.0071188 0.0010653 0.0009530 0.0080312 0.0070986 0.0080081 0.0080081 0.0109220 0.0019970 0.0060580 0.0061927 0.0000010 0.0000010 0.0070837 0.0008634 0.0008724 0.0008634 0.0026171 0.0026038 0.0026038 0.0080967 0.0000010 0.0008633 0.0000010 0.0000010 0.0008633 0.0010598 0.0034952 0.0019840 0.0008630 0.0038553 0.0019081 0.0008608 0.0000010 0.0000010 0.0000010 0.0000010 0.0000010 0.0008608 0.0000010 0.0000010 0.0017350 0.0000010 0.0000010 0.0000010 0.0000000 0.0017350 0.0008610 0.0000010 0.0000010 0.0026094 0.0026094 0.0008610 0.0008633 0.0028741 0.0052868 0.0017309 0.0019249 0.0026094 0.0043907 0.0035003 0.0026094 0.0032731 0.0017263 0.0030212 0.0000010 0.0000010 0.0000010 0.0031063 0.0008608 0.0017410 0.0018859 0.0017263 0.0008608 0.0008633 0.0008608 0.0017357 
Mmon_FOXP2       0.0081617 0.0026301 0.0040280 0.0090966 0.0085943 0.0093310 0.0093310 0.0110711 0.0039158 0.0071259 0.0075248 0.0025918 0.0022001 0.0090819 0.0027964 0.0029758 0.0027964 0.0006550 0.0049259 0.0049259 0.0091598 0.0020875 0.0020938 0.0020875 0.0019811 0.0027960 0.0032231 0.0049406 0.0033057 0.0027952 0.0054172 0.0040509 0.0029402 0.0019811 0.0022405 0.0008719 0.0018963 0.0027900 0.0034952 0.0020677 0.0029943 0.0035090 0.0012547 0.0029407 0.0027900 0.0017350 0.0000000 0.0034958 0.0028191 0.0029407 0.0026460 0.0027884 0.0027900 0.0026528 0.0061393 0.0053807 0.0036932 0.0041786 0.0027884 0.0049527 0.0042199 0.0026460 0.0036627 0.0036847 0.0047415 0.0027952 0.0027952 0.0022001 0.0047052 0.0027895 0.0035188 0.0047778 0.0034946 0.0027895 0.0027960 0.0033162 0.0044537 
Mper_FOXP2       0.0078472 0.0017444 0.0031996 0.0082834 0.0078292 0.0085596 0.0085596 0.0108953 0.0039085 0.0063043 0.0067282 0.0017154 0.0014578 0.0082701 0.0020849 0.0022178 0.0020849 0.0042142 0.0041969 0.0041969 0.0083404 0.0013829 0.0020846 0.0013829 0.0013829 0.0020846 0.0021287 0.0042093 0.0024672 0.0020841 0.0046126 0.0032187 0.0021916 0.0013829 0.0014834 0.0008721 0.0009405 0.0006900 0.0013829 0.0010247 0.0022316 0.0027905 0.0012506 0.0007272 0.0006900 0.0008610 0.0034958 0.0000000 0.0006967 0.0007272 0.0034958 0.0034958 0.0020802 0.0020846 0.0053364 0.0056499 0.0029354 0.0027625 0.0034958 0.0049302 0.0049379 0.0034958 0.0049088 0.0029286 0.0039247 0.0020841 0.0020841 0.0014578 0.0031063 0.0020798 0.0027982 0.0039548 0.0027792 0.0020798 0.0020846 0.0027796 0.0022017 
Mpni_FOXP2       0.0071922 0.0017444 0.0024224 0.0075960 0.0071756 0.0079118 0.0079118 0.0102550 0.0031466 0.0063789 0.0060324 0.0008660 0.0007348 0.0075838 0.0014010 0.0014768 0.0014010 0.0035402 0.0035256 0.0035256 0.0076169 0.0006966 0.0014008 0.0006966 0.0006966 0.0014008 0.0010598 0.0035361 0.0024976 0.0014005 0.0030784 0.0024369 0.0014730 0.0006966 0.0007475 0.0008808 0.0000010 0.0000010 0.0006966 0.0000010 0.0015005 0.0021096 0.0000010 0.0000010 0.0000010 0.0000010 0.0028191 0.0006967 0.0000000 0.0000010 0.0028191 0.0028191 0.0013978 0.0014008 0.0046142 0.0042616 0.0022207 0.0027625 0.0028191 0.0035416 0.0042668 0.0028191 0.0036663 0.0022156 0.0031314 0.0014005 0.0014005 0.0007348 0.0031063 0.0013976 0.0014005 0.0031928 0.0021011 0.0013976 0.0014008 0.0021014 0.0014798 
Mste_FOXP2       0.0067443 0.0017444 0.0023934 0.0075113 0.0067282 0.0074933 0.0074933 0.0099281 0.0024750 0.0058413 0.0059656 0.0008553 0.0007271 0.0074993 0.0014612 0.0014742 0.0014612 0.0036945 0.0029354 0.0029354 0.0075628 0.0007271 0.0014610 0.0007271 0.0007271 0.0014610 0.0010598 0.0036900 0.0024672 0.0014606 0.0040638 0.0024076 0.0014575 0.0007271 0.0007830 0.0009316 0.0000010 0.0000010 0.0007271 0.0000010 0.0015697 0.0022005 0.0000010 0.0000010 0.0000010 0.0000010 0.0029407 0.0007272 0.0000010 0.0000000 0.0029407 0.0029407 0.0014578 0.0014610 0.0048335 0.0052024 0.0021962 0.0027625 0.0029407 0.0044464 0.0044537 0.0029407 0.0036663 0.0021912 0.0033232 0.0014606 0.0014606 0.0007271 0.0031063 0.0014575 0.0022070 0.0031555 0.0021912 0.0014575 0.0014610 0.0021916 0.0014642 
