88
Bacu_HTT         0.0000000 0.0498199 0.0355929 0.0031859 0.0097728 0.0093679 0.0110414 0.0114753 0.0139271 0.0104028 0.0113377 0.0483381 0.0314049 0.0140934 0.0396134 0.0336514 0.0338151 0.0337461 0.0321228 0.0125353 0.0176119 0.0138378 0.0109040 0.0480232 0.0322236 0.0378164 0.0318966 0.0299773 0.0305706 0.0393790 0.0382777 0.0346539 0.0428164 0.0315579 0.0342618 0.0331779 0.0321427 0.0326595 0.0308011 0.0316027 0.0560450 0.0351553 0.0311506 0.0435083 0.0487945 0.0284029 0.0315894 0.0263301 0.0317270 0.0290141 0.0315325 0.0314715 0.0162668 0.0304651 0.0306152 0.0314541 0.0483422 0.0338997 0.0305125 0.0316989 0.0324089 0.0344638 0.0301289 0.0391624 0.0338577 0.0305561 0.0341112 0.0403504 0.0319010 0.0331200 0.0469310 0.0325811 0.0350368 0.0332196 0.0331405 0.0353778 0.0610456 0.0320214 0.0357013 0.0332242 0.0338736 0.0341561 0.0318736 0.0331584 0.0340853 0.0299812 0.0338117 0.0311838 
Barn_HTT         0.0498199 0.0000000 0.0183485 0.0499754 0.0504871 0.0489211 0.0491066 0.0506475 0.0427413 0.0500580 0.0468319 0.0219329 0.0455966 0.0472393 0.0640697 0.0413188 0.0444833 0.0426647 0.0417431 0.0418855 0.0409141 0.0425881 0.0478034 0.0435132 0.0430839 0.0606458 0.0413249 0.0258378 0.0420009 0.0625055 0.0567217 0.0475127 0.0631633 0.0435183 0.0387972 0.0416604 0.0435897 0.0426092 0.0420335 0.0433284 0.0456436 0.0362461 0.0275248 0.0560531 0.0075227 0.0273162 0.0277525 0.0314960 0.0260837 0.0275664 0.0259789 0.0417463 0.0604777 0.0270807 0.0272210 0.0255231 0.0438475 0.0443009 0.0427682 0.0416134 0.0428631 0.0496674 0.0443853 0.0444870 0.0451369 0.0439650 0.0502418 0.0344222 0.0433349 0.0435436 0.0257000 0.0427178 0.0438403 0.0417658 0.0430861 0.0434935 0.0222555 0.0418436 0.0439599 0.0414222 0.0425466 0.0426108 0.0429834 0.0446862 0.0448702 0.0281951 0.0428166 0.0275643 
Bbai76728_HTT    0.0355929 0.0183485 0.0000000 0.0341629 0.0270905 0.0278369 0.0278627 0.0372432 0.0296390 0.0350097 0.0276699 0.0434223 0.0263972 0.0274329 0.0356337 0.0315433 0.0275131 0.0267460 0.0300127 0.0264628 0.0252015 0.0253216 0.0279833 0.0456886 0.0273701 0.0332150 0.0296120 0.0077465 0.0261622 0.0358185 0.0348625 0.0291479 0.0387490 0.0264998 0.0265392 0.0318207 0.0258126 0.0318600 0.0246853 0.0261196 0.0375099 0.0133949 0.0085027 0.0222683 0.0207408 0.0090425 0.0086370 0.0081768 0.0098060 0.0089537 0.0084993 0.0300139 0.0432803 0.0099064 0.0091703 0.0090923 0.0327872 0.0324773 0.0253014 0.0294658 0.0318293 0.0279877 0.0250025 0.0307089 0.0282255 0.0254980 0.0353960 0.0352290 0.0260668 0.0332004 0.0409270 0.0259177 0.0265662 0.0322223 0.0261179 0.0300256 0.0574945 0.0311385 0.0281577 0.0253486 0.0264641 0.0268482 0.0269329 0.0278698 0.0326525 0.0103767 0.0323251 0.0092474 
BbonAUS_HTT      0.0031859 0.0499754 0.0341629 0.0000000 0.0090938 0.0087074 0.0089433 0.0108736 0.0122523 0.0102739 0.0100835 0.0440318 0.0280635 0.0134791 0.0376981 0.0299743 0.0314143 0.0307478 0.0294176 0.0108209 0.0155105 0.0117323 0.0105499 0.0473651 0.0295394 0.0350231 0.0289550 0.0276410 0.0279085 0.0380162 0.0381445 0.0304857 0.0411308 0.0283614 0.0295296 0.0292018 0.0275852 0.0302087 0.0269384 0.0282653 0.0353246 0.0343654 0.0296027 0.0428896 0.0482987 0.0284290 0.0300874 0.0253199 0.0311773 0.0294725 0.0302206 0.0287685 0.0166104 0.0298102 0.0297343 0.0300391 0.0302493 0.0308534 0.0277730 0.0278204 0.0298912 0.0319170 0.0263024 0.0312165 0.0297842 0.0268887 0.0343485 0.0405616 0.0266100 0.0303385 0.0451002 0.0283166 0.0312368 0.0297377 0.0302217 0.0327563 0.0588126 0.0292068 0.0320168 0.0294362 0.0296584 0.0306045 0.0288625 0.0306570 0.0312064 0.0284059 0.0309443 0.0299251 
Bbor_HTT         0.0097728 0.0504871 0.0270905 0.0090938 0.0000000 0.0023605 0.0026153 0.0070538 0.0105213 0.0084360 0.0102539 0.0449976 0.0256888 0.0119335 0.0258692 0.0268709 0.0272302 0.0272989 0.0238679 0.0090982 0.0099544 0.0115539 0.0094019 0.0442187 0.0255691 0.0236911 0.0228732 0.0258358 0.0265828 0.0334421 0.0326140 0.0281040 0.0259815 0.0242166 0.0260687 0.0242868 0.0253941 0.0246795 0.0255383 0.0245325 0.0448484 0.0320164 0.0271349 0.0267535 0.0385534 0.0246625 0.0259960 0.0234601 0.0278229 0.0257070 0.0273273 0.0233720 0.0158978 0.0264583 0.0268061 0.0264476 0.0384304 0.0261093 0.0242412 0.0246149 0.0245222 0.0268092 0.0245024 0.0301882 0.0267089 0.0247372 0.0270013 0.0322280 0.0253179 0.0251864 0.0451932 0.0258584 0.0267893 0.0255906 0.0243616 0.0288497 0.0573882 0.0247195 0.0281828 0.0260305 0.0258040 0.0258871 0.0243845 0.0257119 0.0262514 0.0259465 0.0255270 0.0269748 
Bede66737_HTT    0.0093679 0.0489211 0.0278369 0.0087074 0.0023605 0.0000000 0.0019327 0.0070534 0.0108583 0.0084521 0.0097743 0.0436811 0.0250679 0.0114015 0.0249013 0.0280440 0.0285956 0.0283133 0.0252470 0.0084129 0.0099045 0.0112811 0.0090812 0.0421318 0.0262351 0.0229760 0.0242755 0.0248700 0.0256957 0.0327974 0.0334346 0.0283596 0.0271009 0.0257877 0.0257263 0.0258326 0.0259196 0.0261896 0.0244744 0.0240704 0.0487666 0.0332802 0.0276838 0.0259321 0.0403209 0.0255357 0.0274687 0.0223920 0.0292427 0.0265442 0.0279358 0.0246099 0.0157210 0.0276245 0.0279298 0.0286614 0.0396084 0.0273549 0.0251336 0.0258688 0.0260293 0.0285420 0.0236074 0.0298002 0.0275231 0.0236787 0.0282596 0.0361720 0.0247480 0.0263650 0.0448216 0.0251126 0.0282409 0.0262953 0.0257159 0.0301411 0.0596498 0.0264340 0.0294890 0.0270485 0.0265726 0.0272906 0.0257244 0.0270482 0.0273892 0.0258695 0.0268440 0.0276679 
BedeAUS_HTT      0.0110414 0.0491066 0.0278627 0.0089433 0.0026153 0.0019327 0.0000000 0.0080306 0.0122147 0.0098990 0.0098914 0.0428284 0.0269707 0.0105864 0.0265871 0.0280557 0.0300359 0.0284703 0.0268026 0.0090209 0.0105554 0.0119739 0.0088027 0.0457697 0.0276690 0.0234176 0.0266287 0.0262516 0.0261510 0.0341483 0.0330822 0.0276858 0.0290829 0.0256635 0.0263811 0.0267909 0.0249201 0.0282938 0.0261893 0.0265265 0.0550212 0.0325442 0.0282153 0.0260808 0.0407107 0.0263040 0.0275899 0.0220211 0.0297609 0.0269462 0.0283772 0.0261397 0.0173413 0.0276282 0.0272230 0.0282593 0.0450572 0.0291861 0.0263764 0.0256006 0.0277727 0.0291552 0.0241801 0.0306981 0.0273463 0.0257622 0.0312761 0.0370325 0.0260474 0.0279683 0.0439784 0.0252894 0.0287056 0.0284587 0.0264768 0.0303226 0.0604290 0.0270150 0.0296033 0.0275604 0.0292351 0.0268747 0.0259309 0.0289219 0.0271294 0.0276425 0.0288076 0.0266158 
Bmus_HTT         0.0114753 0.0506475 0.0372432 0.0108736 0.0070538 0.0070534 0.0080306 0.0000000 0.0134506 0.0092642 0.0092696 0.0495581 0.0317309 0.0137864 0.0389800 0.0330167 0.0344573 0.0337429 0.0314798 0.0123886 0.0176053 0.0141132 0.0095120 0.0475076 0.0322119 0.0376496 0.0307501 0.0302779 0.0301807 0.0395279 0.0385880 0.0347699 0.0424736 0.0321727 0.0337261 0.0327186 0.0316550 0.0317613 0.0304923 0.0320910 0.0553504 0.0349123 0.0312926 0.0442825 0.0497869 0.0293747 0.0313699 0.0265142 0.0322489 0.0296638 0.0311116 0.0310817 0.0153980 0.0304408 0.0315774 0.0317315 0.0486865 0.0338975 0.0308204 0.0322853 0.0320332 0.0330056 0.0298177 0.0400329 0.0331033 0.0302332 0.0330818 0.0405811 0.0318865 0.0329798 0.0475365 0.0321131 0.0340782 0.0327580 0.0334566 0.0355119 0.0627932 0.0320027 0.0358579 0.0331904 0.0337260 0.0333688 0.0319897 0.0331546 0.0335791 0.0302875 0.0331621 0.0322417 
Bmys_HTT         0.0139271 0.0427413 0.0296390 0.0122523 0.0105213 0.0108583 0.0122147 0.0134506 0.0000000 0.0103792 0.0125980 0.0408218 0.0254939 0.0122122 0.0324609 0.0271142 0.0265529 0.0268738 0.0256234 0.0033251 0.0071515 0.0042342 0.0093173 0.0424214 0.0261642 0.0327499 0.0251240 0.0243237 0.0227943 0.0326984 0.0320074 0.0295860 0.0368611 0.0255339 0.0262765 0.0259111 0.0253254 0.0263924 0.0251621 0.0244738 0.0388691 0.0238672 0.0242219 0.0366699 0.0405126 0.0227049 0.0262599 0.0189829 0.0257382 0.0233139 0.0249374 0.0251062 0.0164785 0.0246058 0.0247952 0.0266955 0.0351806 0.0268991 0.0244103 0.0257952 0.0262614 0.0275646 0.0245572 0.0302898 0.0279885 0.0251849 0.0277370 0.0319145 0.0258758 0.0269944 0.0389800 0.0263092 0.0271114 0.0264872 0.0270536 0.0285584 0.0507917 0.0253428 0.0291652 0.0259791 0.0270415 0.0269736 0.0253642 0.0262580 0.0261059 0.0243475 0.0266139 0.0257380 
Bphy_HTT         0.0104028 0.0500580 0.0350097 0.0102739 0.0084360 0.0084521 0.0098990 0.0092642 0.0103792 0.0000000 0.0008991 0.0441206 0.0256602 0.0124635 0.0250011 0.0277220 0.0277149 0.0284410 0.0274561 0.0099512 0.0154532 0.0110908 0.0081479 0.0446862 0.0277359 0.0243825 0.0263499 0.0269090 0.0271961 0.0343565 0.0335012 0.0294141 0.0288624 0.0273449 0.0282076 0.0275296 0.0263815 0.0277677 0.0254173 0.0260974 0.0335525 0.0334175 0.0279491 0.0275161 0.0483108 0.0260066 0.0290870 0.0218985 0.0279471 0.0271681 0.0296296 0.0271442 0.0115152 0.0275040 0.0292789 0.0300602 0.0292244 0.0294938 0.0257050 0.0270834 0.0272075 0.0306589 0.0243528 0.0333395 0.0294928 0.0250678 0.0306899 0.0382945 0.0270998 0.0291788 0.0421150 0.0265296 0.0290999 0.0273914 0.0283076 0.0303775 0.0570538 0.0265921 0.0306978 0.0269740 0.0278676 0.0277712 0.0268132 0.0273079 0.0281964 0.0277770 0.0287463 0.0294313 
Bphy_baits_HTT   0.0113377 0.0468319 0.0276699 0.0100835 0.0102539 0.0097743 0.0098914 0.0092696 0.0125980 0.0008991 0.0000000 0.0410293 0.0254301 0.0128954 0.0344796 0.0257755 0.0267502 0.0263371 0.0248650 0.0103767 0.0119859 0.0124480 0.0091595 0.0447612 0.0257832 0.0328509 0.0242493 0.0264707 0.0289520 0.0371482 0.0339062 0.0279881 0.0372652 0.0236264 0.0266514 0.0248171 0.0245927 0.0253511 0.0249150 0.0254493 0.0479464 0.0325730 0.0275343 0.0431865 0.0402553 0.0259325 0.0271363 0.0220074 0.0275168 0.0258402 0.0288721 0.0245295 0.0108303 0.0276550 0.0275084 0.0266295 0.0391481 0.0261709 0.0240393 0.0241664 0.0250283 0.0288597 0.0241134 0.0307541 0.0274366 0.0248250 0.0318273 0.0357555 0.0264878 0.0260000 0.0425126 0.0260905 0.0258753 0.0258397 0.0253655 0.0282149 0.0546341 0.0251906 0.0286121 0.0247845 0.0265050 0.0258827 0.0236262 0.0264134 0.0253606 0.0260700 0.0272745 0.0271592 
Ccom40_HTT       0.0483381 0.0219329 0.0434223 0.0440318 0.0449976 0.0436811 0.0428284 0.0495581 0.0408218 0.0441206 0.0410293 0.0000000 0.0147304 0.0422033 0.0327569 0.0199760 0.0206850 0.0199557 0.0230030 0.0406223 0.0400116 0.0416888 0.0434006 0.0438728 0.0184083 0.0281073 0.0171688 0.0433415 0.0319720 0.0562825 0.0501968 0.0224324 0.0345124 0.0135470 0.0110628 0.0168504 0.0190900 0.0135825 0.0143856 0.0144955 0.0377606 0.0492480 0.0446635 0.0660715 0.0258426 0.0405475 0.0461632 0.0480150 0.0435733 0.0437507 0.0438617 0.0229599 0.0558748 0.0435597 0.0451258 0.0418527 0.0254129 0.0256247 0.0177266 0.0172705 0.0177263 0.0401016 0.0192645 0.0237055 0.0260805 0.0194554 0.0452736 0.0334138 0.0255696 0.0254734 0.0109491 0.0195134 0.0202501 0.0181800 0.0188815 0.0229320 0.0067319 0.0194313 0.0199714 0.0177953 0.0178493 0.0199623 0.0189117 0.0202990 0.0184930 0.0421789 0.0182599 0.0417891 
Chea7320_HTT     0.0314049 0.0455966 0.0263972 0.0280635 0.0256888 0.0250679 0.0269707 0.0317309 0.0254939 0.0256602 0.0254301 0.0147304 0.0000000 0.0244266 0.0066376 0.0069621 0.0072541 0.0075996 0.0103406 0.0241130 0.0249457 0.0254964 0.0255688 0.0211016 0.0059746 0.0044703 0.0042441 0.0260453 0.0173739 0.0358490 0.0332195 0.0107958 0.0083106 0.0008783 0.0021329 0.0051080 0.0067874 0.0019063 0.0023435 0.0017835 0.0282541 0.0312365 0.0279681 0.0294326 0.0404400 0.0245823 0.0280664 0.0251007 0.0280860 0.0273269 0.0275192 0.0103254 0.0333987 0.0273555 0.0277407 0.0266505 0.0118660 0.0116836 0.0046701 0.0051053 0.0067548 0.0232465 0.0052974 0.0150043 0.0124531 0.0053028 0.0293524 0.0321848 0.0112968 0.0112061 0.0260381 0.0062133 0.0062380 0.0048135 0.0046544 0.0088604 0.0317832 0.0062467 0.0072088 0.0046330 0.0055336 0.0066929 0.0058093 0.0060680 0.0057171 0.0247075 0.0060568 0.0266274 
Cmar59905_HTT    0.0140934 0.0472393 0.0274329 0.0134791 0.0119335 0.0114015 0.0105864 0.0137864 0.0122122 0.0124635 0.0128954 0.0422033 0.0244266 0.0000000 0.0245501 0.0264564 0.0281354 0.0269861 0.0254962 0.0103802 0.0111880 0.0116838 0.0121434 0.0437771 0.0262592 0.0231926 0.0256176 0.0249951 0.0257209 0.0319665 0.0330930 0.0275687 0.0272577 0.0257820 0.0262454 0.0264325 0.0242197 0.0265913 0.0236690 0.0251578 0.0484839 0.0327358 0.0265145 0.0260522 0.0404578 0.0252159 0.0262747 0.0223289 0.0286854 0.0268198 0.0285545 0.0248671 0.0193037 0.0274230 0.0271827 0.0270612 0.0406237 0.0271347 0.0243306 0.0246347 0.0269013 0.0275389 0.0236260 0.0282922 0.0262060 0.0240456 0.0289457 0.0341538 0.0237806 0.0267563 0.0420240 0.0248120 0.0278620 0.0261094 0.0265288 0.0291594 0.0581535 0.0261802 0.0283123 0.0271184 0.0268408 0.0273004 0.0263935 0.0269045 0.0266867 0.0255237 0.0270726 0.0271656 
Dcap108471_HTT   0.0396134 0.0640697 0.0356337 0.0376981 0.0258692 0.0249013 0.0265871 0.0389800 0.0324609 0.0250011 0.0344796 0.0327569 0.0066376 0.0245501 0.0000000 0.0085261 0.0090099 0.0093219 0.0181248 0.0324987 0.0326779 0.0248041 0.0353351 0.0207424 0.0135561 0.0045965 0.0116132 0.0341463 0.0275570 0.0445928 0.0443690 0.0193227 0.0069811 0.0057218 0.0155059 0.0102625 0.0022824 0.0128481 0.0137049 0.0143520 0.0515328 0.0414665 0.0273221 0.0357142 0.0543292 0.0330693 0.0269348 0.0414130 0.0377691 0.0358300 0.0381867 0.0176859 0.0393745 0.0267495 0.0370381 0.0349028 0.0314174 0.0189091 0.0115729 0.0121977 0.0132759 0.0317415 0.0052215 0.0328081 0.0205842 0.0052774 0.0378434 0.0337313 0.0200077 0.0192639 0.0380228 0.0102697 0.0126974 0.0125587 0.0049456 0.0137244 0.0525488 0.0091341 0.0115413 0.0035478 0.0105966 0.0102843 0.0017522 0.0026536 0.0110649 0.0312599 0.0102219 0.0361393 
Dcap79929_HTT    0.0336514 0.0413188 0.0315433 0.0299743 0.0268709 0.0280440 0.0280557 0.0330167 0.0271142 0.0277220 0.0257755 0.0199760 0.0069621 0.0264564 0.0085261 0.0000000 0.0012634 0.0012064 0.0119056 0.0242855 0.0310631 0.0275731 0.0287337 0.0219165 0.0061834 0.0127149 0.0049179 0.0264853 0.0168943 0.0376265 0.0357311 0.0101210 0.0152642 0.0059054 0.0059818 0.0032048 0.0020667 0.0062315 0.0061452 0.0061766 0.0425385 0.0292632 0.0276526 0.0428632 0.0477232 0.0236478 0.0280914 0.0226237 0.0273818 0.0268556 0.0276602 0.0113545 0.0365058 0.0278383 0.0284117 0.0268475 0.0250140 0.0124621 0.0038539 0.0045653 0.0061038 0.0213694 0.0055911 0.0151030 0.0130899 0.0055630 0.0322089 0.0348376 0.0113519 0.0132754 0.0248736 0.0037828 0.0039074 0.0047990 0.0054431 0.0061225 0.0268327 0.0022976 0.0038368 0.0040256 0.0031295 0.0029319 0.0021650 0.0032392 0.0035450 0.0237872 0.0036054 0.0259998 
DdelSJR_HTT      0.0338151 0.0444833 0.0275131 0.0314143 0.0272302 0.0285956 0.0300359 0.0344573 0.0265529 0.0277149 0.0267502 0.0206850 0.0072541 0.0281354 0.0090099 0.0012634 0.0000000 0.0009728 0.0129036 0.0243875 0.0262204 0.0274409 0.0290314 0.0227277 0.0065725 0.0133773 0.0051648 0.0260909 0.0182148 0.0381470 0.0370361 0.0118904 0.0156157 0.0066544 0.0072699 0.0038890 0.0034392 0.0067836 0.0070304 0.0063840 0.0240567 0.0319772 0.0284342 0.0432786 0.0416049 0.0246453 0.0284599 0.0241110 0.0284478 0.0267446 0.0288364 0.0120517 0.0365414 0.0289407 0.0288694 0.0279526 0.0145484 0.0136804 0.0044476 0.0050338 0.0069199 0.0226647 0.0060833 0.0155241 0.0138752 0.0060254 0.0317963 0.0352480 0.0124641 0.0140261 0.0266533 0.0042694 0.0042939 0.0052462 0.0053658 0.0069173 0.0268323 0.0023683 0.0045038 0.0042367 0.0037535 0.0037156 0.0024586 0.0033565 0.0041312 0.0243150 0.0035549 0.0268791 
Ddeltrop4525_HTT 0.0337461 0.0426647 0.0267460 0.0307478 0.0272989 0.0283133 0.0284703 0.0337429 0.0268738 0.0284410 0.0263371 0.0199557 0.0075996 0.0269861 0.0093219 0.0012064 0.0009728 0.0000000 0.0115208 0.0238207 0.0264180 0.0276614 0.0287963 0.0227110 0.0064048 0.0133922 0.0054587 0.0262114 0.0177084 0.0381476 0.0357179 0.0105834 0.0158777 0.0064056 0.0065184 0.0037257 0.0029385 0.0067823 0.0068768 0.0064896 0.0287327 0.0299195 0.0278721 0.0420951 0.0406449 0.0236564 0.0278309 0.0232172 0.0272082 0.0264138 0.0274325 0.0109699 0.0361335 0.0279930 0.0279677 0.0269231 0.0128432 0.0122700 0.0044902 0.0052000 0.0071824 0.0220039 0.0061063 0.0148261 0.0135660 0.0063676 0.0315784 0.0360193 0.0121470 0.0129017 0.0254963 0.0042508 0.0043442 0.0054110 0.0057619 0.0066038 0.0275988 0.0030822 0.0045143 0.0040181 0.0037204 0.0033487 0.0028839 0.0040571 0.0038275 0.0240407 0.0037470 0.0250174 
Dleu_HTT         0.0321228 0.0417431 0.0300127 0.0294176 0.0238679 0.0252470 0.0268026 0.0314798 0.0256234 0.0274561 0.0248650 0.0230030 0.0103406 0.0254962 0.0181248 0.0119056 0.0129036 0.0115208 0.0000000 0.0233641 0.0295803 0.0243614 0.0272043 0.0257862 0.0115404 0.0165628 0.0107173 0.0233063 0.0180305 0.0365897 0.0370943 0.0142582 0.0198194 0.0108461 0.0111856 0.0106828 0.0109945 0.0108476 0.0097259 0.0103316 0.0433984 0.0289837 0.0261590 0.0380124 0.0451840 0.0242368 0.0258102 0.0237621 0.0268852 0.0252470 0.0274493 0.0016103 0.0345210 0.0262403 0.0257859 0.0244808 0.0208926 0.0079575 0.0091139 0.0097038 0.0112911 0.0214110 0.0099190 0.0109843 0.0079228 0.0103233 0.0315133 0.0337367 0.0072147 0.0075335 0.0208994 0.0111774 0.0104582 0.0105719 0.0111252 0.0131324 0.0350713 0.0107565 0.0123170 0.0103775 0.0107175 0.0118341 0.0113585 0.0110817 0.0114651 0.0213275 0.0116363 0.0253329 
EausAUS_HTT      0.0125353 0.0418855 0.0264628 0.0108209 0.0090982 0.0084129 0.0090209 0.0123886 0.0033251 0.0099512 0.0103767 0.0406223 0.0241130 0.0103802 0.0324987 0.0242855 0.0243875 0.0238207 0.0233641 0.0000000 0.0055213 0.0025866 0.0086270 0.0426453 0.0229960 0.0308187 0.0224583 0.0216930 0.0202341 0.0313693 0.0305329 0.0261917 0.0345944 0.0233432 0.0244552 0.0234613 0.0227623 0.0238606 0.0231846 0.0242450 0.0288583 0.0263867 0.0221360 0.0365690 0.0399614 0.0203559 0.0227120 0.0177787 0.0224446 0.0213643 0.0237923 0.0227242 0.0154071 0.0223804 0.0225711 0.0221193 0.0246178 0.0243870 0.0213883 0.0222154 0.0232194 0.0244575 0.0219602 0.0311569 0.0243039 0.0228985 0.0254965 0.0254412 0.0236024 0.0247465 0.0380343 0.0240886 0.0250633 0.0229781 0.0241831 0.0264258 0.0502136 0.0234865 0.0256404 0.0229387 0.0237010 0.0236273 0.0226528 0.0239071 0.0239385 0.0212218 0.0244558 0.0224657 
Egla13086_HTT    0.0176119 0.0409141 0.0252015 0.0155105 0.0099544 0.0099045 0.0105554 0.0176053 0.0071515 0.0154532 0.0119859 0.0400116 0.0249457 0.0111880 0.0326779 0.0310631 0.0262204 0.0264180 0.0295803 0.0055213 0.0000000 0.0013793 0.0088683 0.0430926 0.0256415 0.0318854 0.0295817 0.0237062 0.0228864 0.0321834 0.0312063 0.0275148 0.0367981 0.0248951 0.0263792 0.0299838 0.0234532 0.0310335 0.0243542 0.0247487 0.0490534 0.0283861 0.0240787 0.0362684 0.0347916 0.0221561 0.0247036 0.0186553 0.0256675 0.0227950 0.0247664 0.0290064 0.0220199 0.0233275 0.0239830 0.0248763 0.0430348 0.0307317 0.0236275 0.0292668 0.0308842 0.0269943 0.0238886 0.0311283 0.0268414 0.0243978 0.0320935 0.0321985 0.0252439 0.0311416 0.0379622 0.0248939 0.0271084 0.0314129 0.0266227 0.0280731 0.0518448 0.0300090 0.0284318 0.0261808 0.0272451 0.0261931 0.0244022 0.0257381 0.0305579 0.0238431 0.0313035 0.0241631 
Ejap43864_HTT    0.0138378 0.0425881 0.0253216 0.0117323 0.0115539 0.0112811 0.0119739 0.0141132 0.0042342 0.0110908 0.0124480 0.0416888 0.0254964 0.0116838 0.0248041 0.0275731 0.0274409 0.0276614 0.0243614 0.0025866 0.0013793 0.0000000 0.0092304 0.0428004 0.0267534 0.0242969 0.0252352 0.0239324 0.0226045 0.0311167 0.0306737 0.0292658 0.0286373 0.0252640 0.0264272 0.0251141 0.0258186 0.0265793 0.0250505 0.0249969 0.0447427 0.0302786 0.0250124 0.0248990 0.0379788 0.0241359 0.0266713 0.0193694 0.0281867 0.0248901 0.0267361 0.0240502 0.0180969 0.0253256 0.0261158 0.0272835 0.0370616 0.0254659 0.0246507 0.0254564 0.0259641 0.0271303 0.0242243 0.0309260 0.0275600 0.0251538 0.0284690 0.0326314 0.0249887 0.0258071 0.0402243 0.0267723 0.0276116 0.0269253 0.0260665 0.0295041 0.0523118 0.0262194 0.0296873 0.0258999 0.0271873 0.0275891 0.0254360 0.0263992 0.0257160 0.0252957 0.0265750 0.0261023 
Erob133443_HTT   0.0109040 0.0478034 0.0279833 0.0105499 0.0094019 0.0090812 0.0088027 0.0095120 0.0093173 0.0081479 0.0091595 0.0434006 0.0255688 0.0121434 0.0353351 0.0287337 0.0290314 0.0287963 0.0272043 0.0086270 0.0088683 0.0092304 0.0000000 0.0467039 0.0267453 0.0335214 0.0267208 0.0249885 0.0256216 0.0363512 0.0358383 0.0292493 0.0398647 0.0260682 0.0274374 0.0281510 0.0242466 0.0285754 0.0257554 0.0257233 0.0342788 0.0344097 0.0269465 0.0412825 0.0399873 0.0263581 0.0265391 0.0229834 0.0278971 0.0260146 0.0281627 0.0270014 0.0138525 0.0280589 0.0278942 0.0271772 0.0282820 0.0290905 0.0251901 0.0258602 0.0273775 0.0305085 0.0236474 0.0306319 0.0286220 0.0240945 0.0331123 0.0353320 0.0262659 0.0280592 0.0444445 0.0269697 0.0277881 0.0274981 0.0283962 0.0304300 0.0560965 0.0271232 0.0300636 0.0276337 0.0285925 0.0286955 0.0254030 0.0276890 0.0281516 0.0262038 0.0288741 0.0277144 
Fatt_HTT         0.0480232 0.0435132 0.0456886 0.0473651 0.0442187 0.0421318 0.0457697 0.0475076 0.0424214 0.0446862 0.0447612 0.0438728 0.0211016 0.0437771 0.0207424 0.0219165 0.0227277 0.0227110 0.0257862 0.0426453 0.0430926 0.0428004 0.0467039 0.0000000 0.0181176 0.0161158 0.0157165 0.0433161 0.0398764 0.0535483 0.0543374 0.0267863 0.0066074 0.0219388 0.0235221 0.0210661 0.0213133 0.0195859 0.0205091 0.0212339 0.0651765 0.0547516 0.0474512 0.0488188 0.0694379 0.0442745 0.0452106 0.0658412 0.0506562 0.0485037 0.0503383 0.0253045 0.0550183 0.0449530 0.0470372 0.0452053 0.0414604 0.0271043 0.0185048 0.0195020 0.0188273 0.0220484 0.0168588 0.0494003 0.0119217 0.0164479 0.0474570 0.0789459 0.0285798 0.0267160 0.0508418 0.0215031 0.0243940 0.0021927 0.0022743 0.0243093 0.0846511 0.0219785 0.0064388 0.0195037 0.0222724 0.0220091 0.0221791 0.0211764 0.0217491 0.0421605 0.0209731 0.0473368 
Ggri_HTT         0.0322236 0.0430839 0.0273701 0.0295394 0.0255691 0.0262351 0.0276690 0.0322119 0.0261642 0.0277359 0.0257832 0.0184083 0.0059746 0.0262592 0.0135561 0.0061834 0.0065725 0.0064048 0.0115404 0.0229960 0.0256415 0.0267534 0.0267453 0.0181176 0.0000000 0.0096270 0.0025503 0.0249480 0.0159744 0.0373402 0.0349545 0.0096387 0.0143884 0.0053004 0.0051517 0.0049239 0.0061220 0.0055302 0.0054599 0.0049132 0.0410130 0.0300210 0.0277918 0.0424150 0.0416715 0.0240577 0.0269227 0.0247233 0.0263512 0.0265765 0.0269704 0.0109948 0.0348247 0.0275177 0.0277551 0.0275031 0.0235471 0.0120541 0.0033750 0.0038770 0.0046131 0.0212373 0.0026511 0.0153299 0.0128396 0.0027170 0.0308743 0.0341818 0.0116633 0.0120799 0.0245811 0.0061840 0.0043202 0.0019091 0.0028753 0.0079856 0.0309547 0.0055426 0.0058388 0.0041757 0.0046071 0.0060190 0.0052788 0.0058258 0.0046671 0.0229710 0.0059285 0.0262961 
Gmac39091_HTT    0.0378164 0.0606458 0.0332150 0.0350231 0.0236911 0.0229760 0.0234176 0.0376496 0.0327499 0.0243825 0.0328509 0.0281073 0.0044703 0.0231926 0.0045965 0.0127149 0.0133773 0.0133922 0.0165628 0.0308187 0.0318854 0.0242969 0.0335214 0.0161158 0.0096270 0.0000000 0.0076539 0.0330558 0.0261291 0.0437227 0.0425079 0.0159376 0.0058606 0.0041506 0.0125884 0.0111617 0.0038948 0.0114020 0.0113897 0.0116950 0.0518207 0.0385343 0.0259264 0.0333671 0.0500879 0.0319162 0.0253109 0.0401617 0.0361760 0.0346217 0.0354174 0.0162713 0.0376995 0.0246084 0.0345433 0.0324645 0.0303028 0.0176232 0.0097670 0.0100687 0.0106968 0.0301389 0.0009959 0.0289540 0.0188060 0.0009725 0.0377914 0.0322903 0.0182562 0.0183150 0.0341508 0.0120426 0.0130616 0.0090877 0.0015884 0.0151209 0.0528906 0.0121544 0.0133849 0.0028582 0.0121736 0.0123658 0.0039018 0.0047874 0.0116614 0.0306311 0.0125459 0.0334360 
Gmel_HTT         0.0318966 0.0413249 0.0296120 0.0289550 0.0228732 0.0242755 0.0266287 0.0307501 0.0251240 0.0263499 0.0242493 0.0171688 0.0042441 0.0256176 0.0116132 0.0049179 0.0051648 0.0054587 0.0107173 0.0224583 0.0295817 0.0252352 0.0267208 0.0157165 0.0025503 0.0076539 0.0000000 0.0239558 0.0159995 0.0366383 0.0350764 0.0091783 0.0126149 0.0040805 0.0040417 0.0035246 0.0047950 0.0044376 0.0041829 0.0032673 0.0437641 0.0270995 0.0255668 0.0390299 0.0440532 0.0223675 0.0256907 0.0232777 0.0257310 0.0244059 0.0256021 0.0103718 0.0326397 0.0261203 0.0259661 0.0249540 0.0259498 0.0116322 0.0025308 0.0029519 0.0042189 0.0209455 0.0013992 0.0136686 0.0117112 0.0014917 0.0310285 0.0328007 0.0103575 0.0123137 0.0227923 0.0047457 0.0040355 0.0018234 0.0020277 0.0068334 0.0277808 0.0039029 0.0055502 0.0030285 0.0043081 0.0049661 0.0038832 0.0044148 0.0035875 0.0211637 0.0050997 0.0250142 
Hamp_HTT         0.0299773 0.0258378 0.0077465 0.0276410 0.0258358 0.0248700 0.0262516 0.0302779 0.0243237 0.0269090 0.0264707 0.0433415 0.0260453 0.0249951 0.0341463 0.0264853 0.0260909 0.0262114 0.0233063 0.0216930 0.0237062 0.0239324 0.0249885 0.0433161 0.0249480 0.0330558 0.0239558 0.0000000 0.0264823 0.0357366 0.0338134 0.0303248 0.0365658 0.0255023 0.0250635 0.0254516 0.0266144 0.0256336 0.0248857 0.0246427 0.0491159 0.0106222 0.0047323 0.0168728 0.0169499 0.0056590 0.0048352 0.0041942 0.0062738 0.0042309 0.0045405 0.0233169 0.0343957 0.0056288 0.0049247 0.0057746 0.0412565 0.0256721 0.0241060 0.0244396 0.0254746 0.0271489 0.0255867 0.0309976 0.0268513 0.0243738 0.0298441 0.0321786 0.0261000 0.0254237 0.0404781 0.0265091 0.0265606 0.0254425 0.0244995 0.0289498 0.0527924 0.0253539 0.0264776 0.0258935 0.0265534 0.0264346 0.0255674 0.0262009 0.0264063 0.0072655 0.0265652 0.0074464 
Igeo_HTT         0.0305706 0.0420009 0.0261622 0.0279085 0.0265828 0.0256957 0.0261510 0.0301807 0.0227943 0.0271961 0.0289520 0.0319720 0.0173739 0.0257209 0.0275570 0.0168943 0.0182148 0.0177084 0.0180305 0.0202341 0.0228864 0.0226045 0.0256216 0.0398764 0.0159744 0.0261291 0.0159995 0.0264823 0.0000000 0.0400617 0.0380315 0.0204153 0.0277702 0.0174442 0.0170783 0.0158060 0.0166210 0.0170300 0.0162967 0.0169632 0.0357610 0.0301196 0.0267130 0.0473816 0.0404475 0.0257045 0.0272306 0.0214842 0.0282101 0.0266432 0.0268903 0.0176933 0.0357557 0.0266447 0.0277545 0.0259594 0.0287787 0.0195040 0.0169508 0.0167074 0.0168656 0.0159813 0.0170568 0.0221283 0.0200390 0.0173102 0.0306603 0.0316394 0.0177594 0.0192261 0.0356493 0.0163517 0.0183758 0.0160563 0.0171095 0.0167116 0.0424356 0.0168955 0.0176339 0.0158578 0.0156567 0.0175125 0.0166923 0.0169824 0.0178162 0.0233850 0.0171884 0.0254134 
Kbre_HTT         0.0393790 0.0625055 0.0358185 0.0380162 0.0334421 0.0327974 0.0341483 0.0395279 0.0326984 0.0343565 0.0371482 0.0562825 0.0358490 0.0319665 0.0445928 0.0376265 0.0381470 0.0381476 0.0365897 0.0313693 0.0321834 0.0311167 0.0363512 0.0535483 0.0373402 0.0437227 0.0366383 0.0357366 0.0400617 0.0000000 0.0108434 0.0414528 0.0479756 0.0351257 0.0417461 0.0380350 0.0362923 0.0366897 0.0352690 0.0381073 0.0579604 0.0433538 0.0353172 0.0512600 0.0524710 0.0355900 0.0352073 0.0367333 0.0388997 0.0380828 0.0403890 0.0358027 0.0436595 0.0355671 0.0379334 0.0368205 0.0502996 0.0386076 0.0349561 0.0361866 0.0383139 0.0397393 0.0350782 0.0468074 0.0380640 0.0347986 0.0253002 0.0267904 0.0384637 0.0382730 0.0544742 0.0380048 0.0400793 0.0366604 0.0366122 0.0404478 0.0756023 0.0373461 0.0401530 0.0366438 0.0387007 0.0374851 0.0356324 0.0356646 0.0375478 0.0349480 0.0383032 0.0393793 
Ksim_HTT         0.0382777 0.0567217 0.0348625 0.0381445 0.0326140 0.0334346 0.0330822 0.0385880 0.0320074 0.0335012 0.0339062 0.0501968 0.0332195 0.0330930 0.0443690 0.0357311 0.0370361 0.0357179 0.0370943 0.0305329 0.0312063 0.0306737 0.0358383 0.0543374 0.0349545 0.0425079 0.0350764 0.0338134 0.0380315 0.0108434 0.0000000 0.0371171 0.0479462 0.0336116 0.0377383 0.0359615 0.0338448 0.0351575 0.0321936 0.0355341 0.0427389 0.0424516 0.0343310 0.0496017 0.0502692 0.0323571 0.0334341 0.0333183 0.0354412 0.0365609 0.0369963 0.0364124 0.0444277 0.0353765 0.0354989 0.0349225 0.0375514 0.0380808 0.0327431 0.0335918 0.0361646 0.0390100 0.0322817 0.0439223 0.0367248 0.0332310 0.0254415 0.0268479 0.0355617 0.0377563 0.0520795 0.0355781 0.0361140 0.0340994 0.0350488 0.0378778 0.0688871 0.0355787 0.0374242 0.0345782 0.0367895 0.0362364 0.0353768 0.0352651 0.0349678 0.0329348 0.0363081 0.0360600 
Lacu_HTT         0.0346539 0.0475127 0.0291479 0.0304857 0.0281040 0.0283596 0.0276858 0.0347699 0.0295860 0.0294141 0.0279881 0.0224324 0.0107958 0.0275687 0.0193227 0.0101210 0.0118904 0.0105834 0.0142582 0.0261917 0.0275148 0.0292658 0.0292493 0.0267863 0.0096387 0.0159376 0.0091783 0.0303248 0.0204153 0.0414528 0.0371171 0.0000000 0.0202750 0.0089343 0.0091589 0.0087588 0.0088439 0.0103274 0.0103283 0.0103129 0.0491517 0.0335495 0.0300449 0.0448341 0.0432583 0.0274944 0.0304193 0.0289716 0.0293575 0.0292824 0.0300621 0.0138106 0.0365343 0.0286497 0.0289729 0.0285807 0.0295013 0.0140500 0.0084930 0.0084826 0.0093228 0.0245379 0.0086285 0.0181282 0.0148008 0.0095117 0.0350069 0.0338005 0.0133311 0.0157361 0.0294143 0.0103417 0.0106051 0.0095195 0.0082044 0.0123193 0.0380143 0.0094777 0.0105213 0.0082629 0.0106729 0.0099515 0.0081871 0.0109440 0.0093677 0.0289417 0.0111924 0.0288086 
Lalb_HTT         0.0428164 0.0631633 0.0387490 0.0411308 0.0259815 0.0271009 0.0290829 0.0424736 0.0368611 0.0288624 0.0372652 0.0345124 0.0083106 0.0272577 0.0069811 0.0152642 0.0156157 0.0158777 0.0198194 0.0345944 0.0367981 0.0286373 0.0398647 0.0066074 0.0143884 0.0058606 0.0126149 0.0365658 0.0277702 0.0479756 0.0479462 0.0202750 0.0000000 0.0073694 0.0173790 0.0135577 0.0069062 0.0150110 0.0161527 0.0160869 0.0555294 0.0431724 0.0283456 0.0382195 0.0574955 0.0349781 0.0288663 0.0442438 0.0384070 0.0385701 0.0401136 0.0192251 0.0441561 0.0287622 0.0393837 0.0381001 0.0351675 0.0196743 0.0138225 0.0145276 0.0137300 0.0317787 0.0067659 0.0330966 0.0216253 0.0067173 0.0419907 0.0355413 0.0205542 0.0206911 0.0382009 0.0152618 0.0162785 0.0131430 0.0061709 0.0171707 0.0614360 0.0139926 0.0149726 0.0057924 0.0140509 0.0147675 0.0059761 0.0066946 0.0150799 0.0326699 0.0144498 0.0391567 
Laus_HTT         0.0315579 0.0435183 0.0264998 0.0283614 0.0242166 0.0257877 0.0256635 0.0321727 0.0255339 0.0273449 0.0236264 0.0135470 0.0008783 0.0257820 0.0057218 0.0059054 0.0066544 0.0064056 0.0108461 0.0233432 0.0248951 0.0252640 0.0260682 0.0219388 0.0053004 0.0041506 0.0040805 0.0255023 0.0174442 0.0351257 0.0336116 0.0089343 0.0073694 0.0000000 0.0016571 0.0043098 0.0047274 0.0018946 0.0018662 0.0015328 0.0280594 0.0309811 0.0273050 0.0279910 0.0395985 0.0243927 0.0265731 0.0247592 0.0273592 0.0266975 0.0268134 0.0109727 0.0345843 0.0263817 0.0269255 0.0258534 0.0125200 0.0119059 0.0040661 0.0043983 0.0064347 0.0230471 0.0048222 0.0140562 0.0117578 0.0050029 0.0293168 0.0326145 0.0107714 0.0120008 0.0241237 0.0053738 0.0058938 0.0041864 0.0046424 0.0077083 0.0314106 0.0056143 0.0059176 0.0036996 0.0047634 0.0055316 0.0049599 0.0055492 0.0045750 0.0234476 0.0053230 0.0254838 
Lbor_HTT         0.0342618 0.0387972 0.0265392 0.0295296 0.0260687 0.0257263 0.0263811 0.0337261 0.0262765 0.0282076 0.0266514 0.0110628 0.0021329 0.0262454 0.0155059 0.0059818 0.0072699 0.0065184 0.0111856 0.0244552 0.0263792 0.0264272 0.0274374 0.0235221 0.0051517 0.0125884 0.0040417 0.0250635 0.0170783 0.0417461 0.0377383 0.0091589 0.0173790 0.0016571 0.0000000 0.0044381 0.0052845 0.0014877 0.0015951 0.0014190 0.0239294 0.0292214 0.0270128 0.0446268 0.0350913 0.0233586 0.0271136 0.0250027 0.0283823 0.0252135 0.0272568 0.0111720 0.0350565 0.0270432 0.0266757 0.0254125 0.0131883 0.0125304 0.0037894 0.0043516 0.0063254 0.0248895 0.0041860 0.0140956 0.0120970 0.0044523 0.0325443 0.0342711 0.0110551 0.0129413 0.0209448 0.0053580 0.0055087 0.0040091 0.0043835 0.0088203 0.0226369 0.0059818 0.0061339 0.0039309 0.0044745 0.0054813 0.0049843 0.0059607 0.0042241 0.0237630 0.0057175 0.0237549 
Lhos30470_HTT    0.0331779 0.0416604 0.0318207 0.0292018 0.0242868 0.0258326 0.0267909 0.0327186 0.0259111 0.0275296 0.0248171 0.0168504 0.0051080 0.0264325 0.0102625 0.0032048 0.0038890 0.0037257 0.0106828 0.0234613 0.0299838 0.0251141 0.0281510 0.0210661 0.0049239 0.0111617 0.0035246 0.0254516 0.0158060 0.0380350 0.0359615 0.0087588 0.0135577 0.0043098 0.0044381 0.0000000 0.0011263 0.0046722 0.0046698 0.0046634 0.0406734 0.0291507 0.0272667 0.0420497 0.0462947 0.0235392 0.0267860 0.0237542 0.0272182 0.0263022 0.0270960 0.0105407 0.0351906 0.0269858 0.0279970 0.0263499 0.0236142 0.0118583 0.0031893 0.0036536 0.0051855 0.0212350 0.0042967 0.0136906 0.0114360 0.0042325 0.0313760 0.0340706 0.0102332 0.0125449 0.0230360 0.0019351 0.0027771 0.0039287 0.0043525 0.0053768 0.0276044 0.0020310 0.0024320 0.0026428 0.0020734 0.0025411 0.0015881 0.0017463 0.0016201 0.0222107 0.0028906 0.0254615 
Lhos452_HTT      0.0321427 0.0435897 0.0258126 0.0275852 0.0253941 0.0259196 0.0249201 0.0316550 0.0253254 0.0263815 0.0245927 0.0190900 0.0067874 0.0242197 0.0022824 0.0020667 0.0034392 0.0029385 0.0109945 0.0227623 0.0234532 0.0258186 0.0242466 0.0213133 0.0061220 0.0038948 0.0047950 0.0266144 0.0166210 0.0362923 0.0338448 0.0088439 0.0069062 0.0047274 0.0052845 0.0011263 0.0000000 0.0060097 0.0062253 0.0060892 0.0445083 0.0293067 0.0271250 0.0276754 0.0402562 0.0229943 0.0267204 0.0231518 0.0262780 0.0250434 0.0264532 0.0105697 0.0342059 0.0260934 0.0267375 0.0258067 0.0245815 0.0115385 0.0042003 0.0038849 0.0061459 0.0214909 0.0045903 0.0150508 0.0114156 0.0054200 0.0313573 0.0336784 0.0101017 0.0122567 0.0244858 0.0021799 0.0029080 0.0055063 0.0047349 0.0061506 0.0290240 0.0011224 0.0028962 0.0029962 0.0031143 0.0022005 0.0011480 0.0025142 0.0022776 0.0240222 0.0039847 0.0252998 
Lobl_HTT         0.0326595 0.0426092 0.0318600 0.0302087 0.0246795 0.0261896 0.0282938 0.0317613 0.0263924 0.0277677 0.0253511 0.0135825 0.0019063 0.0265913 0.0128481 0.0062315 0.0067836 0.0067823 0.0108476 0.0238606 0.0310335 0.0265793 0.0285754 0.0195859 0.0055302 0.0114020 0.0044376 0.0256336 0.0170300 0.0366897 0.0351575 0.0103274 0.0150110 0.0018946 0.0014877 0.0046722 0.0060097 0.0000000 0.0014255 0.0011309 0.0439403 0.0296541 0.0268945 0.0415942 0.0459862 0.0241342 0.0277681 0.0243829 0.0276522 0.0270723 0.0275465 0.0109416 0.0344107 0.0278622 0.0279627 0.0261660 0.0267221 0.0123507 0.0042845 0.0046433 0.0060923 0.0226600 0.0049489 0.0136887 0.0129429 0.0049298 0.0308915 0.0327518 0.0115638 0.0126607 0.0243122 0.0056797 0.0059301 0.0047279 0.0050464 0.0079047 0.0293629 0.0056194 0.0063743 0.0046299 0.0051266 0.0066508 0.0054302 0.0054993 0.0051292 0.0230080 0.0056509 0.0266153 
Lobs_HTT         0.0308011 0.0420335 0.0246853 0.0269384 0.0255383 0.0244744 0.0261893 0.0304923 0.0251621 0.0254173 0.0249150 0.0143856 0.0023435 0.0236690 0.0137049 0.0061452 0.0070304 0.0068768 0.0097259 0.0231846 0.0243542 0.0250505 0.0257554 0.0205091 0.0054599 0.0113897 0.0041829 0.0248857 0.0162967 0.0352690 0.0321936 0.0103283 0.0161527 0.0018662 0.0015951 0.0046698 0.0062253 0.0014255 0.0000000 0.0014629 0.0419324 0.0289300 0.0263188 0.0412676 0.0377847 0.0230213 0.0269678 0.0230575 0.0265374 0.0261565 0.0256460 0.0098525 0.0329517 0.0255016 0.0261926 0.0243945 0.0232284 0.0111949 0.0040231 0.0045111 0.0060460 0.0224723 0.0049099 0.0136885 0.0121785 0.0049190 0.0289840 0.0308502 0.0114191 0.0116483 0.0241532 0.0056184 0.0059435 0.0044722 0.0045554 0.0082256 0.0293393 0.0060512 0.0065875 0.0041742 0.0052068 0.0060945 0.0053197 0.0058185 0.0049937 0.0229658 0.0061855 0.0249349 
LperAUS_HTT      0.0316027 0.0433284 0.0261196 0.0282653 0.0245325 0.0240704 0.0265265 0.0320910 0.0244738 0.0260974 0.0254493 0.0144955 0.0017835 0.0251578 0.0143520 0.0061766 0.0063840 0.0064896 0.0103316 0.0242450 0.0247487 0.0249969 0.0257233 0.0212339 0.0049132 0.0116950 0.0032673 0.0246427 0.0169632 0.0381073 0.0355341 0.0103129 0.0160869 0.0015328 0.0014190 0.0046634 0.0060892 0.0011309 0.0014629 0.0000000 0.0233116 0.0312265 0.0282711 0.0438853 0.0388966 0.0241335 0.0273677 0.0249797 0.0279360 0.0256818 0.0269902 0.0101669 0.0341264 0.0263997 0.0266195 0.0255597 0.0125273 0.0120369 0.0038964 0.0043554 0.0058658 0.0245231 0.0041826 0.0142702 0.0120926 0.0043326 0.0306622 0.0328006 0.0109608 0.0118331 0.0250629 0.0050953 0.0054486 0.0038240 0.0042949 0.0082899 0.0293454 0.0052694 0.0063462 0.0038869 0.0048390 0.0055972 0.0049272 0.0051529 0.0046533 0.0235760 0.0054335 0.0248454 
Lvex_HTT         0.0560450 0.0456436 0.0375099 0.0353246 0.0448484 0.0487666 0.0550212 0.0553504 0.0388691 0.0335525 0.0479464 0.0377606 0.0282541 0.0484839 0.0515328 0.0425385 0.0240567 0.0287327 0.0433984 0.0288583 0.0490534 0.0447427 0.0342788 0.0651765 0.0410130 0.0518207 0.0437641 0.0491159 0.0357610 0.0579604 0.0427389 0.0491517 0.0555294 0.0280594 0.0239294 0.0406734 0.0445083 0.0439403 0.0419324 0.0233116 0.0000000 0.0524073 0.0412496 0.0487251 0.0471834 0.0316836 0.0500601 0.0272398 0.0349516 0.0285621 0.0337151 0.0424975 0.0398465 0.0499131 0.0336027 0.0478940 0.0478777 0.0286134 0.0269343 0.0267435 0.0440511 0.0270269 0.0439196 0.0321691 0.0444607 0.0452297 0.0565009 0.0366675 0.0410982 0.0464224 0.0386779 0.0414682 0.0306217 0.0443927 0.0272748 0.0304762 0.0506290 0.0279619 0.0295665 0.0447197 0.0444800 0.0455303 0.0259694 0.0291193 0.0295822 0.0452145 0.0441489 0.0351309 
Mbid_HTT         0.0351553 0.0362461 0.0133949 0.0343654 0.0320164 0.0332802 0.0325442 0.0349123 0.0238672 0.0334175 0.0325730 0.0492480 0.0312365 0.0327358 0.0414665 0.0292632 0.0319772 0.0299195 0.0289837 0.0263867 0.0283861 0.0302786 0.0344097 0.0547516 0.0300210 0.0385343 0.0270995 0.0106222 0.0301196 0.0433538 0.0424516 0.0335495 0.0431724 0.0309811 0.0292214 0.0291507 0.0293067 0.0296541 0.0289300 0.0312265 0.0524073 0.0000000 0.0100571 0.0263381 0.0161387 0.0117098 0.0098429 0.0113048 0.0104809 0.0106281 0.0103652 0.0289992 0.0400860 0.0100380 0.0099849 0.0091051 0.0456551 0.0317908 0.0290246 0.0277221 0.0285567 0.0347666 0.0292105 0.0293925 0.0325887 0.0288077 0.0341827 0.0313113 0.0306743 0.0317201 0.0486213 0.0296840 0.0324254 0.0292372 0.0299296 0.0344385 0.0550019 0.0298032 0.0317218 0.0294433 0.0295888 0.0308281 0.0307198 0.0314758 0.0315643 0.0139716 0.0303404 0.0130660 
Mbow_HTT         0.0311506 0.0275248 0.0085027 0.0296027 0.0271349 0.0276838 0.0282153 0.0312926 0.0242219 0.0279491 0.0275343 0.0446635 0.0279681 0.0265145 0.0273221 0.0276526 0.0284342 0.0278721 0.0261590 0.0221360 0.0240787 0.0250124 0.0269465 0.0474512 0.0277918 0.0259264 0.0255668 0.0047323 0.0267130 0.0353172 0.0343310 0.0300449 0.0283456 0.0273050 0.0270128 0.0272667 0.0271250 0.0268945 0.0263188 0.0282711 0.0412496 0.0100571 0.0000000 0.0037358 0.0156927 0.0059693 0.0043884 0.0032122 0.0046014 0.0031952 0.0040991 0.0263295 0.0360986 0.0043522 0.0041191 0.0041166 0.0371127 0.0285935 0.0262514 0.0262009 0.0271698 0.0269446 0.0271611 0.0336060 0.0293210 0.0270302 0.0293684 0.0341947 0.0278134 0.0295530 0.0419936 0.0275798 0.0290760 0.0273681 0.0271818 0.0311667 0.0575850 0.0272436 0.0289727 0.0271692 0.0275785 0.0279416 0.0278044 0.0284057 0.0278814 0.0089034 0.0283094 0.0076665 
Mcar_HTT         0.0435083 0.0560531 0.0222683 0.0428896 0.0267535 0.0259321 0.0260808 0.0442825 0.0366699 0.0275161 0.0431865 0.0660715 0.0294326 0.0260522 0.0357142 0.0428632 0.0432786 0.0420951 0.0380124 0.0365690 0.0362684 0.0248990 0.0412825 0.0488188 0.0424150 0.0333671 0.0390299 0.0168728 0.0473816 0.0512600 0.0496017 0.0448341 0.0382195 0.0279910 0.0446268 0.0420497 0.0276754 0.0415942 0.0412676 0.0438853 0.0487251 0.0263381 0.0037358 0.0000000 0.0336918 0.0193450 0.0047546 0.0239997 0.0192851 0.0171313 0.0192215 0.0385784 0.0428313 0.0051603 0.0168567 0.0169501 0.0416389 0.0423338 0.0396410 0.0402063 0.0403484 0.0414038 0.0272803 0.0608321 0.0418329 0.0271476 0.0435607 0.0316391 0.0418260 0.0418866 0.0621897 0.0428194 0.0438708 0.0425224 0.0275937 0.0462877 0.1005651 0.0415265 0.0448715 0.0281195 0.0439056 0.0423166 0.0283603 0.0292456 0.0442924 0.0221017 0.0421485 0.0225002 
