84
Bacu_MYO7A         0.0000000 0.0183552 0.0365648 0.0043819 0.0063262 0.0064271 0.0070723 0.0072908 0.0083479 0.0044252 0.0044218 0.0125768 0.0223430 0.0086736 0.0241842 0.0228783 0.0231857 0.0221791 0.0206310 0.0093025 0.0092041 0.0101455 0.0082074 0.0200603 0.0206990 0.0203452 0.0219622 0.0176684 0.0433943 0.0205397 0.0161867 0.0198055 0.0206304 0.0207639 0.0181927 0.0211706 0.0221083 0.0231056 0.0198382 0.0233829 0.0203338 0.0186105 0.0198432 0.0204923 0.0506165 0.0157885 0.0160697 0.0179053 0.0151852 0.0179284 0.0209089 0.0177968 0.0199954 0.0150632 0.0269601 0.0206747 0.0211315 0.0193656 0.0235770 0.0190892 0.0207122 0.0173755 0.0175676 0.0153473 0.0159911 0.0168731 0.0164679 0.0172480 0.0245612 0.0192696 0.0206210 0.0201495 0.0225218 0.0225840 0.0225503 0.0230652 0.0196772 0.0211865 0.0209307 0.0222211 0.0227071 0.0220451 0.0218081 0.0168828 
Barn_MYO7A         0.0183552 0.0000000 0.0017860 0.0179666 0.0168153 0.0184810 0.0184346 0.0198935 0.0164373 0.0157025 0.0164471 0.0095941 0.0111722 0.0200330 0.0138999 0.0138754 0.0129236 0.0126758 0.0134019 0.0153723 0.0158456 0.0167235 0.0180811 0.0129164 0.0140490 0.0130133 0.0134148 0.0086268 0.0183939 0.0187274 0.0182903 0.0116821 0.0135284 0.0120070 0.0116366 0.0133990 0.0133986 0.0166453 0.0106726 0.0124961 0.0182380 0.0072530 0.0086896 0.0077060 0.0423900 0.0057328 0.0066617 0.0063229 0.0057303 0.0079435 0.0163463 0.0059141 0.0082245 0.0063251 0.0110065 0.0161842 0.0124465 0.0110225 0.0138942 0.0173141 0.0135314 0.0105376 0.0124964 0.0170266 0.0196299 0.0105376 0.0107494 0.0105376 0.0147786 0.0142125 0.0138725 0.0138725 0.0126758 0.0143582 0.0138754 0.0129569 0.0129236 0.0121746 0.0133046 0.0134013 0.0122601 0.0123956 0.0159205 0.0057306 
Bbai76728_MYO7A    0.0365648 0.0017860 0.0000000 0.0334778 0.0366266 0.0369290 0.0360542 0.0369673 0.0356423 0.0351407 0.0204608 0.0078957 0.0243712 0.0410059 0.0328186 0.0364299 0.0182831 0.0324688 0.0341828 0.0145868 0.0314584 0.0360133 0.0390493 0.0339086 0.0354960 0.0350196 0.0348588 0.0259609 0.0383533 0.0335920 0.0194685 0.0390304 0.0356581 0.0185640 0.0160685 0.0341468 0.0352093 0.0417082 0.0303513 0.0197142 0.0388756 0.0138103 0.0156345 0.0120298 0.0341029 0.0089153 0.0262608 0.0067614 0.0056758 0.0116769 0.0356017 0.0115572 0.0112215 0.0225913 0.0443147 0.0361106 0.0334993 0.0326158 0.0362264 0.0331568 0.0358128 0.0132293 0.0349550 0.0214855 0.0423562 0.0160192 0.0122723 0.0310506 0.0383104 0.0147043 0.0337041 0.0216323 0.0341365 0.0347716 0.0364955 0.0339878 0.0344813 0.0313476 0.0332849 0.0343886 0.0341246 0.0137877 0.0405578 0.0065071 
BbonAUS_MYO7A      0.0043819 0.0179666 0.0334778 0.0000000 0.0073344 0.0079056 0.0066948 0.0076075 0.0091011 0.0043926 0.0059534 0.0130792 0.0192684 0.0107380 0.0200692 0.0219009 0.0203763 0.0196587 0.0190450 0.0083937 0.0087007 0.0096022 0.0078888 0.0168356 0.0194998 0.0185252 0.0196736 0.0171255 0.0382571 0.0206313 0.0166530 0.0187756 0.0192488 0.0181651 0.0169632 0.0191542 0.0210635 0.0234787 0.0171923 0.0198857 0.0190195 0.0190172 0.0183303 0.0175726 0.0462468 0.0149571 0.0154636 0.0173429 0.0143472 0.0165578 0.0199908 0.0164440 0.0176077 0.0166142 0.0268400 0.0181384 0.0190725 0.0186319 0.0218527 0.0173945 0.0194099 0.0142081 0.0181188 0.0162702 0.0179037 0.0151188 0.0137664 0.0156393 0.0222565 0.0192415 0.0177532 0.0185246 0.0194658 0.0199957 0.0214414 0.0201010 0.0193771 0.0179511 0.0185595 0.0183615 0.0190501 0.0223721 0.0214246 0.0152138 
Bbor_MYO7A         0.0063262 0.0168153 0.0366266 0.0073344 0.0000000 0.0016097 0.0028815 0.0052257 0.0075466 0.0032669 0.0041320 0.0114923 0.0202135 0.0079827 0.0232376 0.0214338 0.0208868 0.0211775 0.0212423 0.0081337 0.0077827 0.0090054 0.0050075 0.0191253 0.0192426 0.0192434 0.0204216 0.0165227 0.0407419 0.0212166 0.0159390 0.0187119 0.0193268 0.0195994 0.0168734 0.0196581 0.0201129 0.0230712 0.0189220 0.0219913 0.0183202 0.0179357 0.0188124 0.0206654 0.0494496 0.0154888 0.0155906 0.0164109 0.0152406 0.0168910 0.0212835 0.0175069 0.0192604 0.0144815 0.0277775 0.0206824 0.0203659 0.0182003 0.0201595 0.0160746 0.0200361 0.0164230 0.0162210 0.0134947 0.0191604 0.0165859 0.0172125 0.0165858 0.0215949 0.0184084 0.0192957 0.0198520 0.0203188 0.0209123 0.0205794 0.0210725 0.0183783 0.0197919 0.0200465 0.0211010 0.0208853 0.0210739 0.0211642 0.0161438 
Bede66737_MYO7A    0.0064271 0.0184810 0.0369290 0.0079056 0.0016097 0.0000000 0.0015871 0.0053981 0.0074698 0.0035652 0.0042158 0.0141957 0.0217913 0.0082858 0.0248551 0.0227303 0.0220916 0.0224090 0.0206888 0.0089251 0.0082612 0.0094721 0.0053524 0.0193394 0.0202299 0.0201884 0.0212614 0.0177905 0.0431191 0.0199135 0.0167394 0.0195959 0.0198018 0.0208749 0.0187509 0.0206458 0.0212104 0.0247631 0.0195038 0.0227398 0.0192925 0.0190371 0.0209209 0.0214702 0.0495654 0.0163293 0.0162525 0.0176582 0.0165739 0.0185430 0.0209997 0.0185475 0.0203872 0.0155898 0.0273529 0.0201534 0.0209462 0.0188538 0.0221287 0.0184682 0.0213486 0.0178693 0.0177588 0.0138258 0.0179848 0.0176731 0.0179212 0.0171236 0.0234292 0.0206509 0.0204397 0.0208329 0.0213418 0.0223896 0.0216751 0.0219172 0.0196995 0.0209286 0.0212895 0.0221963 0.0224671 0.0216166 0.0224781 0.0174418 
BedeAUS_MYO7A      0.0070723 0.0184346 0.0360542 0.0066948 0.0028815 0.0015871 0.0000000 0.0064876 0.0087911 0.0048619 0.0051371 0.0141579 0.0210402 0.0094889 0.0233244 0.0239319 0.0234824 0.0235773 0.0216000 0.0089084 0.0085391 0.0100032 0.0056510 0.0194048 0.0211338 0.0213352 0.0221879 0.0184339 0.0430658 0.0197062 0.0167235 0.0211713 0.0208495 0.0201599 0.0187094 0.0209668 0.0229752 0.0253525 0.0198348 0.0231363 0.0203972 0.0190200 0.0207459 0.0207385 0.0494359 0.0163154 0.0167106 0.0176252 0.0165423 0.0184975 0.0225130 0.0188823 0.0203478 0.0167930 0.0290089 0.0206547 0.0202681 0.0177860 0.0231089 0.0189325 0.0221305 0.0182026 0.0182499 0.0142605 0.0191237 0.0179968 0.0183262 0.0183872 0.0248353 0.0206046 0.0206422 0.0211642 0.0221758 0.0217215 0.0232496 0.0212478 0.0196829 0.0206514 0.0216282 0.0209708 0.0223988 0.0224593 0.0229390 0.0174249 
Bmus_MYO7A         0.0072908 0.0198935 0.0369673 0.0076075 0.0052257 0.0053981 0.0064876 0.0000000 0.0086222 0.0056088 0.0064964 0.0151818 0.0238023 0.0105162 0.0259632 0.0240731 0.0238262 0.0239590 0.0183489 0.0105422 0.0104300 0.0113356 0.0062425 0.0218639 0.0220591 0.0207728 0.0195750 0.0188021 0.0431629 0.0216379 0.0173536 0.0215037 0.0223135 0.0228581 0.0182080 0.0225872 0.0227293 0.0262562 0.0216850 0.0257138 0.0199025 0.0189486 0.0209956 0.0227064 0.0497476 0.0172546 0.0177653 0.0190426 0.0183857 0.0165252 0.0192620 0.0198174 0.0207062 0.0158312 0.0239146 0.0203182 0.0230854 0.0202558 0.0211761 0.0200166 0.0231121 0.0183723 0.0188367 0.0151218 0.0186559 0.0187833 0.0178820 0.0154580 0.0254354 0.0214114 0.0223030 0.0228179 0.0235379 0.0241808 0.0226518 0.0243530 0.0203042 0.0223604 0.0236177 0.0231275 0.0242799 0.0231494 0.0237899 0.0192693 
Bmys_MYO7A         0.0083479 0.0164373 0.0356423 0.0091011 0.0075466 0.0074698 0.0087911 0.0086222 0.0000000 0.0065425 0.0073440 0.0120563 0.0197305 0.0090060 0.0229268 0.0210187 0.0215131 0.0199577 0.0199281 0.0015309 0.0016776 0.0029032 0.0092462 0.0182897 0.0192209 0.0189194 0.0207670 0.0164181 0.0428065 0.0191557 0.0154230 0.0176205 0.0184566 0.0199448 0.0163705 0.0196613 0.0202832 0.0216183 0.0178234 0.0225023 0.0177273 0.0164214 0.0175455 0.0199112 0.0498970 0.0135940 0.0150419 0.0160877 0.0136643 0.0153082 0.0207736 0.0166984 0.0168122 0.0138366 0.0261992 0.0185207 0.0193620 0.0170072 0.0218943 0.0175213 0.0198699 0.0171115 0.0158660 0.0139754 0.0152793 0.0165976 0.0161663 0.0161551 0.0210471 0.0180851 0.0194708 0.0188214 0.0197290 0.0212102 0.0199526 0.0217028 0.0176765 0.0192178 0.0184654 0.0203468 0.0214104 0.0212530 0.0208278 0.0158278 
Bphy_MYO7A         0.0044252 0.0157025 0.0351407 0.0043926 0.0032669 0.0035652 0.0048619 0.0056088 0.0065425 0.0000000 0.0002903 0.0103323 0.0196281 0.0069005 0.0217864 0.0208734 0.0206632 0.0201526 0.0188148 0.0074084 0.0069279 0.0078395 0.0056360 0.0171010 0.0182399 0.0182860 0.0201295 0.0150361 0.0401027 0.0186981 0.0150681 0.0179865 0.0181109 0.0188205 0.0158861 0.0186410 0.0201767 0.0214241 0.0175402 0.0214276 0.0180148 0.0164172 0.0172379 0.0187623 0.0472911 0.0140520 0.0141138 0.0159677 0.0143989 0.0148045 0.0190884 0.0160852 0.0179867 0.0134746 0.0253011 0.0190099 0.0183692 0.0167213 0.0217258 0.0163742 0.0190905 0.0150832 0.0156455 0.0130169 0.0149066 0.0149665 0.0151498 0.0154684 0.0220987 0.0173975 0.0181598 0.0183659 0.0193121 0.0201223 0.0204268 0.0205805 0.0172833 0.0184617 0.0191029 0.0196757 0.0200587 0.0200092 0.0209575 0.0148941 
Bphy_baits_MYO7A   0.0044218 0.0164471 0.0204608 0.0059534 0.0041320 0.0042158 0.0051371 0.0064964 0.0073440 0.0002903 0.0000000 0.0115415 0.0165578 0.0080775 0.0194245 0.0180319 0.0188608 0.0167695 0.0179743 0.0078133 0.0073293 0.0083581 0.0059101 0.0149562 0.0167833 0.0160332 0.0170498 0.0156724 0.0411819 0.0159309 0.0152207 0.0159219 0.0160085 0.0167283 0.0153398 0.0165672 0.0170582 0.0203394 0.0164010 0.0180169 0.0179363 0.0159703 0.0174781 0.0191664 0.0457993 0.0136852 0.0138742 0.0165127 0.0139812 0.0147348 0.0189366 0.0150079 0.0178409 0.0144391 0.0264700 0.0184130 0.0159810 0.0158306 0.0173848 0.0169164 0.0176079 0.0145714 0.0147061 0.0138352 0.0172855 0.0147357 0.0141301 0.0145578 0.0184528 0.0179502 0.0162212 0.0172844 0.0159320 0.0179434 0.0179251 0.0170471 0.0163274 0.0163842 0.0169092 0.0180156 0.0172145 0.0198497 0.0182637 0.0145593 
Ccom40_MYO7A       0.0125768 0.0095941 0.0078957 0.0130792 0.0114923 0.0141957 0.0141579 0.0151818 0.0120563 0.0103323 0.0115415 0.0000000 0.0009665 0.0149256 0.0044026 0.0034047 0.0029152 0.0034047 0.0078846 0.0120629 0.0119912 0.0120102 0.0131494 0.0029135 0.0037178 0.0026490 0.0029140 0.0104251 0.0109622 0.0129857 0.0114299 0.0031896 0.0042632 0.0009665 0.0030841 0.0034047 0.0034046 0.0068686 0.0014510 0.0022216 0.0140411 0.0099366 0.0109821 0.0114529 0.0459134 0.0079010 0.0079227 0.0100220 0.0073942 0.0094092 0.0104356 0.0084775 0.0104359 0.0089092 0.0053794 0.0098608 0.0034108 0.0043936 0.0048959 0.0104443 0.0026490 0.0058759 0.0021163 0.0130543 0.0154156 0.0054031 0.0060612 0.0058759 0.0038952 0.0051133 0.0034033 0.0035584 0.0034047 0.0043883 0.0038952 0.0029152 0.0034108 0.0029152 0.0037195 0.0034053 0.0046383 0.0129882 0.0054773 0.0089085 
Chea7320_MYO7A     0.0223430 0.0111722 0.0243712 0.0192684 0.0202135 0.0217913 0.0210402 0.0238023 0.0197305 0.0196281 0.0165578 0.0009665 0.0000000 0.0216577 0.0043751 0.0043495 0.0045070 0.0046667 0.0133809 0.0144613 0.0164997 0.0187406 0.0210553 0.0031836 0.0052317 0.0045835 0.0052347 0.0162723 0.0320404 0.0228196 0.0157001 0.0059655 0.0050214 0.0002966 0.0015603 0.0032532 0.0046450 0.0046147 0.0003039 0.0028428 0.0184075 0.0119590 0.0169980 0.0163421 0.0386147 0.0114000 0.0135712 0.0130918 0.0120353 0.0117291 0.0140277 0.0152288 0.0133823 0.0125856 0.0214895 0.0113349 0.0046312 0.0042286 0.0070252 0.0118270 0.0050861 0.0074774 0.0038232 0.0169781 0.0243954 0.0071802 0.0071455 0.0097030 0.0053295 0.0043540 0.0032492 0.0036152 0.0035506 0.0034593 0.0049401 0.0040614 0.0029133 0.0031529 0.0033898 0.0034632 0.0047412 0.0173085 0.0054897 0.0122600 
Cmar59905_MYO7A    0.0086736 0.0200330 0.0410059 0.0107380 0.0079827 0.0082858 0.0094889 0.0105162 0.0090060 0.0069005 0.0080775 0.0149256 0.0216577 0.0000000 0.0240230 0.0214636 0.0209147 0.0216951 0.0221653 0.0098268 0.0090303 0.0102835 0.0099376 0.0191802 0.0196638 0.0194686 0.0197843 0.0187776 0.0442440 0.0240163 0.0192381 0.0193762 0.0198904 0.0209432 0.0191775 0.0202348 0.0200922 0.0242415 0.0197012 0.0228652 0.0215370 0.0193761 0.0208401 0.0227138 0.0521055 0.0168644 0.0163772 0.0195000 0.0167942 0.0189426 0.0222103 0.0183423 0.0208851 0.0154042 0.0293550 0.0206454 0.0210176 0.0189609 0.0201378 0.0180439 0.0205015 0.0182991 0.0168566 0.0153703 0.0205921 0.0183464 0.0192195 0.0178850 0.0222783 0.0202737 0.0198931 0.0214891 0.0209685 0.0215901 0.0210341 0.0210696 0.0194137 0.0208567 0.0212869 0.0217461 0.0211951 0.0222650 0.0209594 0.0177129 
Dcap108471_MYO7A   0.0241842 0.0138999 0.0328186 0.0200692 0.0232376 0.0248551 0.0233244 0.0259632 0.0229268 0.0217864 0.0194245 0.0044026 0.0043751 0.0240230 0.0000000 0.0018847 0.0026166 0.0030492 0.0155112 0.0175519 0.0203443 0.0231325 0.0238446 0.0047679 0.0074182 0.0058234 0.0072067 0.0185198 0.0332223 0.0262080 0.0198365 0.0079268 0.0062371 0.0039965 0.0039295 0.0019103 0.0042100 0.0098474 0.0052153 0.0059307 0.0194341 0.0152029 0.0181790 0.0186901 0.0412104 0.0137681 0.0159196 0.0158257 0.0140025 0.0145838 0.0169303 0.0174794 0.0174705 0.0157362 0.0233105 0.0138843 0.0059730 0.0063611 0.0074567 0.0138047 0.0073501 0.0099428 0.0064034 0.0184432 0.0277974 0.0095058 0.0089536 0.0125013 0.0045267 0.0035668 0.0054977 0.0062592 0.0034027 0.0026630 0.0039763 0.0032212 0.0020761 0.0023315 0.0031539 0.0030451 0.0054753 0.0197341 0.0044156 0.0140932 
Dcap79929_MYO7A    0.0228783 0.0138754 0.0364299 0.0219009 0.0214338 0.0227303 0.0239319 0.0240731 0.0210187 0.0208734 0.0180319 0.0034047 0.0043495 0.0214636 0.0018847 0.0000000 0.0008279 0.0011380 0.0151732 0.0165327 0.0194894 0.0216631 0.0226899 0.0053947 0.0060611 0.0047294 0.0054170 0.0184904 0.0333982 0.0250727 0.0177133 0.0065935 0.0064411 0.0044989 0.0035284 0.0011156 0.0032525 0.0079898 0.0041006 0.0047617 0.0183902 0.0142369 0.0184492 0.0191656 0.0396055 0.0127012 0.0157556 0.0156763 0.0130617 0.0135978 0.0154631 0.0174242 0.0168288 0.0141619 0.0209579 0.0128261 0.0069808 0.0072169 0.0069263 0.0133956 0.0057841 0.0086990 0.0045145 0.0182716 0.0258704 0.0084530 0.0084198 0.0104696 0.0033809 0.0023647 0.0046619 0.0058243 0.0025303 0.0027303 0.0024476 0.0033033 0.0012148 0.0012338 0.0022406 0.0033619 0.0039847 0.0192584 0.0030863 0.0133195 
DdelSJR_MYO7A      0.0231857 0.0129236 0.0182831 0.0203763 0.0208868 0.0220916 0.0234824 0.0238262 0.0215131 0.0206632 0.0188608 0.0029152 0.0045070 0.0209147 0.0026166 0.0008279 0.0000000 0.0019658 0.0145111 0.0165350 0.0202601 0.0219240 0.0213149 0.0053752 0.0059645 0.0045335 0.0053362 0.0171485 0.0156745 0.0218832 0.0188305 0.0053394 0.0063430 0.0045089 0.0036481 0.0012084 0.0026505 0.0078443 0.0043339 0.0050587 0.0188619 0.0133144 0.0177076 0.0184073 0.0410385 0.0116678 0.0137865 0.0153182 0.0130635 0.0131627 0.0148139 0.0167346 0.0162002 0.0133806 0.0219699 0.0130882 0.0069190 0.0071491 0.0069787 0.0119912 0.0056789 0.0089332 0.0042617 0.0181549 0.0264523 0.0087061 0.0078351 0.0105418 0.0034788 0.0023651 0.0051777 0.0062255 0.0030416 0.0029679 0.0020166 0.0032773 0.0013264 0.0012579 0.0019722 0.0025006 0.0040706 0.0191308 0.0033951 0.0135126 
Ddeltrop4525_MYO7A 0.0221791 0.0126758 0.0324688 0.0196587 0.0211775 0.0224090 0.0235773 0.0239590 0.0199577 0.0201526 0.0167695 0.0034047 0.0046667 0.0216951 0.0030492 0.0011380 0.0019658 0.0000000 0.0132812 0.0162976 0.0191231 0.0207298 0.0226255 0.0049052 0.0062912 0.0049882 0.0054810 0.0171335 0.0307783 0.0248199 0.0160924 0.0065985 0.0068377 0.0041954 0.0031331 0.0021266 0.0032365 0.0075846 0.0037684 0.0044760 0.0179573 0.0128345 0.0172115 0.0175924 0.0391176 0.0118150 0.0154153 0.0138772 0.0131768 0.0131292 0.0142299 0.0157409 0.0141856 0.0126797 0.0213178 0.0116715 0.0070870 0.0064317 0.0069625 0.0135172 0.0059358 0.0088281 0.0044241 0.0172070 0.0245978 0.0082183 0.0096267 0.0096290 0.0029372 0.0027618 0.0044650 0.0053334 0.0018204 0.0033547 0.0032365 0.0039879 0.0012784 0.0025781 0.0027343 0.0036646 0.0045132 0.0188918 0.0032371 0.0134504 
Dleu_MYO7A         0.0206310 0.0134019 0.0341828 0.0190450 0.0212423 0.0206888 0.0216000 0.0183489 0.0199281 0.0188148 0.0179743 0.0078846 0.0133809 0.0221653 0.0155112 0.0151732 0.0145111 0.0132812 0.0000000 0.0165540 0.0190097 0.0214841 0.0213597 0.0136218 0.0140611 0.0137362 0.0127373 0.0181418 0.0349638 0.0240616 0.0195646 0.0147984 0.0129697 0.0140480 0.0104060 0.0131237 0.0142736 0.0156797 0.0125044 0.0141683 0.0157180 0.0150668 0.0181085 0.0186509 0.0416789 0.0142261 0.0164722 0.0153352 0.0134444 0.0145603 0.0035659 0.0177896 0.0168769 0.0151940 0.0140873 0.0107934 0.0144231 0.0129184 0.0145711 0.0147865 0.0137158 0.0072240 0.0123113 0.0151808 0.0233595 0.0081833 0.0060956 0.0060825 0.0165685 0.0104927 0.0130680 0.0131771 0.0140211 0.0149258 0.0137128 0.0150295 0.0118086 0.0128756 0.0131080 0.0149386 0.0137937 0.0185288 0.0149024 0.0157437 
EausAUS_MYO7A      0.0093025 0.0153723 0.0145868 0.0083937 0.0081337 0.0089251 0.0089084 0.0105422 0.0015309 0.0074084 0.0078133 0.0120629 0.0144613 0.0098268 0.0175519 0.0165327 0.0165350 0.0162976 0.0165540 0.0000000 0.0006933 0.0014468 0.0082021 0.0143389 0.0145693 0.0132193 0.0154312 0.0160833 0.0191583 0.0140481 0.0139168 0.0129111 0.0140064 0.0150607 0.0153390 0.0160281 0.0161661 0.0192567 0.0144241 0.0158661 0.0180302 0.0151783 0.0170680 0.0166229 0.0472598 0.0129857 0.0128480 0.0142617 0.0116949 0.0136799 0.0169344 0.0136781 0.0145648 0.0141029 0.0273666 0.0168555 0.0157920 0.0152316 0.0176949 0.0161661 0.0148554 0.0132691 0.0125384 0.0141439 0.0171524 0.0131919 0.0134025 0.0131498 0.0158712 0.0179241 0.0152099 0.0161919 0.0152176 0.0163792 0.0162826 0.0152173 0.0160038 0.0152198 0.0146552 0.0154019 0.0159650 0.0206724 0.0170295 0.0131963 
Egla13086_MYO7A    0.0092041 0.0158456 0.0314584 0.0087007 0.0077827 0.0082612 0.0085391 0.0104300 0.0016776 0.0069279 0.0073293 0.0119912 0.0164997 0.0090303 0.0203443 0.0194894 0.0202601 0.0191231 0.0190097 0.0006933 0.0000000 0.0025515 0.0089281 0.0173504 0.0174990 0.0172714 0.0190129 0.0166199 0.0403463 0.0156621 0.0151253 0.0162721 0.0167116 0.0171945 0.0148065 0.0187740 0.0187935 0.0216137 0.0167896 0.0200797 0.0175323 0.0151708 0.0180505 0.0184875 0.0448612 0.0132714 0.0144035 0.0153160 0.0127390 0.0136774 0.0199182 0.0159257 0.0161815 0.0138431 0.0263626 0.0185054 0.0172708 0.0148999 0.0193475 0.0176970 0.0181777 0.0164312 0.0133067 0.0128745 0.0181929 0.0159648 0.0148848 0.0158036 0.0189793 0.0178154 0.0184486 0.0184498 0.0191662 0.0190922 0.0193778 0.0182657 0.0170735 0.0182858 0.0176022 0.0187344 0.0202558 0.0205071 0.0197356 0.0146856 
Ejap43864_MYO7A    0.0101455 0.0167235 0.0360133 0.0096022 0.0090054 0.0094721 0.0100032 0.0113356 0.0029032 0.0078395 0.0083581 0.0120102 0.0187406 0.0102835 0.0231325 0.0216631 0.0219240 0.0207298 0.0214841 0.0014468 0.0025515 0.0000000 0.0105144 0.0193992 0.0198295 0.0198047 0.0209275 0.0173408 0.0414254 0.0200568 0.0169182 0.0190071 0.0195581 0.0185104 0.0167960 0.0208550 0.0207007 0.0236660 0.0181854 0.0233818 0.0196864 0.0167546 0.0190922 0.0195008 0.0479629 0.0147255 0.0155546 0.0151663 0.0136212 0.0143411 0.0215266 0.0167887 0.0171582 0.0142956 0.0284166 0.0206046 0.0196376 0.0174073 0.0209578 0.0163464 0.0203554 0.0176934 0.0160583 0.0143643 0.0197407 0.0171819 0.0171575 0.0173480 0.0209956 0.0182941 0.0200823 0.0197811 0.0211894 0.0211345 0.0209018 0.0212957 0.0186188 0.0211200 0.0199660 0.0210096 0.0223092 0.0216861 0.0210767 0.0153165 
Erob133443_MYO7A   0.0082074 0.0180811 0.0390493 0.0078888 0.0050075 0.0053524 0.0056510 0.0062425 0.0092462 0.0056360 0.0059101 0.0131494 0.0210553 0.0099376 0.0238446 0.0226899 0.0213149 0.0226255 0.0213597 0.0082021 0.0089281 0.0105144 0.0000000 0.0200055 0.0205930 0.0201589 0.0213689 0.0196164 0.0438924 0.0218152 0.0167425 0.0205041 0.0215979 0.0201457 0.0183320 0.0213630 0.0220354 0.0253295 0.0196094 0.0220926 0.0203391 0.0192815 0.0213162 0.0209912 0.0496830 0.0162846 0.0163608 0.0177869 0.0165988 0.0170841 0.0213858 0.0187898 0.0184753 0.0158010 0.0302814 0.0224453 0.0210227 0.0180739 0.0224257 0.0198478 0.0208682 0.0180305 0.0165960 0.0146717 0.0206467 0.0177754 0.0188551 0.0183319 0.0224674 0.0193410 0.0206707 0.0207691 0.0224034 0.0217055 0.0227763 0.0207594 0.0196009 0.0207454 0.0205433 0.0216926 0.0214819 0.0241317 0.0244356 0.0174385 
Fatt_MYO7A         0.0200603 0.0129164 0.0339086 0.0168356 0.0191253 0.0193394 0.0194048 0.0218639 0.0182897 0.0171010 0.0149562 0.0029135 0.0031836 0.0191802 0.0047679 0.0053947 0.0053752 0.0049052 0.0136218 0.0143389 0.0173504 0.0193992 0.0200055 0.0000000 0.0024865 0.0023639 0.0030980 0.0167025 0.0365597 0.0159569 0.0148560 0.0052877 0.0059833 0.0033773 0.0035482 0.0039113 0.0048038 0.0063641 0.0034167 0.0051923 0.0179198 0.0130706 0.0174654 0.0146668 0.0398630 0.0114889 0.0138334 0.0141242 0.0116966 0.0132167 0.0133496 0.0158177 0.0154011 0.0125396 0.0202453 0.0116607 0.0040892 0.0044108 0.0062601 0.0121803 0.0016274 0.0080332 0.0009907 0.0160212 0.0219170 0.0074722 0.0073343 0.0091513 0.0055144 0.0060392 0.0026991 0.0032559 0.0054639 0.0042156 0.0051029 0.0039418 0.0042569 0.0040329 0.0039110 0.0048105 0.0053908 0.0190816 0.0052663 0.0129310 
Ggri_MYO7A         0.0206990 0.0140490 0.0354960 0.0194998 0.0192426 0.0202299 0.0211338 0.0220591 0.0192209 0.0182399 0.0167833 0.0037178 0.0052317 0.0196638 0.0074182 0.0060611 0.0059645 0.0062912 0.0140611 0.0145693 0.0174990 0.0198295 0.0205930 0.0024865 0.0000000 0.0031467 0.0034138 0.0153888 0.0323263 0.0232127 0.0165417 0.0063142 0.0056441 0.0045630 0.0042162 0.0043125 0.0050144 0.0071411 0.0040266 0.0059703 0.0186541 0.0148737 0.0172611 0.0176740 0.0411261 0.0123464 0.0133524 0.0140940 0.0120574 0.0152908 0.0135412 0.0167513 0.0162011 0.0135712 0.0214241 0.0132285 0.0054748 0.0054441 0.0074427 0.0106821 0.0025037 0.0086088 0.0019950 0.0159122 0.0223976 0.0082874 0.0081014 0.0101554 0.0073805 0.0072817 0.0034383 0.0043699 0.0052650 0.0055772 0.0056519 0.0056162 0.0053158 0.0044674 0.0048640 0.0057346 0.0051162 0.0172481 0.0055142 0.0137746 
Gmac39091_MYO7A    0.0203452 0.0130133 0.0350196 0.0185252 0.0192434 0.0201884 0.0213352 0.0207728 0.0189194 0.0182860 0.0160332 0.0026490 0.0045835 0.0194686 0.0058234 0.0047294 0.0045335 0.0049882 0.0137362 0.0132193 0.0172714 0.0198047 0.0201589 0.0023639 0.0031467 0.0000000 0.0012494 0.0161337 0.0314932 0.0233630 0.0159915 0.0046900 0.0045799 0.0041006 0.0037903 0.0031371 0.0042924 0.0065149 0.0038769 0.0055997 0.0175658 0.0141599 0.0176899 0.0180000 0.0395424 0.0119254 0.0144955 0.0132378 0.0112240 0.0138081 0.0132244 0.0164244 0.0151755 0.0121989 0.0201798 0.0123223 0.0050045 0.0048325 0.0053220 0.0093768 0.0030487 0.0076259 0.0011377 0.0154626 0.0235459 0.0071046 0.0068697 0.0094608 0.0059754 0.0046820 0.0028463 0.0038683 0.0048833 0.0041478 0.0044369 0.0047404 0.0037376 0.0038016 0.0031051 0.0044324 0.0054514 0.0182467 0.0040686 0.0128637 
Gmel_MYO7A         0.0219622 0.0134148 0.0348588 0.0196736 0.0204216 0.0212614 0.0221879 0.0195750 0.0207670 0.0201295 0.0170498 0.0029140 0.0052347 0.0197843 0.0072067 0.0054170 0.0053362 0.0054810 0.0127373 0.0154312 0.0190129 0.0209275 0.0213689 0.0030980 0.0034138 0.0012494 0.0000000 0.0170537 0.0323288 0.0240743 0.0174180 0.0059661 0.0059532 0.0047482 0.0043250 0.0038118 0.0051911 0.0066530 0.0045457 0.0066118 0.0182852 0.0147084 0.0190350 0.0186570 0.0391288 0.0125678 0.0155321 0.0138732 0.0119839 0.0150269 0.0129421 0.0171581 0.0157132 0.0130787 0.0180381 0.0131059 0.0058508 0.0060486 0.0059390 0.0113487 0.0038914 0.0087230 0.0019451 0.0165044 0.0245328 0.0081948 0.0076514 0.0099480 0.0067635 0.0055643 0.0037198 0.0042797 0.0060409 0.0050267 0.0051459 0.0056007 0.0044418 0.0049865 0.0037351 0.0055863 0.0064550 0.0188630 0.0050842 0.0135375 
Hamp_MYO7A         0.0176684 0.0086268 0.0259609 0.0171255 0.0165227 0.0177905 0.0184339 0.0188021 0.0164181 0.0150361 0.0156724 0.0104251 0.0162723 0.0187776 0.0185198 0.0184904 0.0171485 0.0171335 0.0181418 0.0160833 0.0166199 0.0173408 0.0196164 0.0167025 0.0153888 0.0161337 0.0170537 0.0000000 0.0378613 0.0215623 0.0169477 0.0171477 0.0164641 0.0158160 0.0141737 0.0172519 0.0173157 0.0188889 0.0152496 0.0177336 0.0184187 0.0066888 0.0087289 0.0068134 0.0326882 0.0052109 0.0059343 0.0067528 0.0058429 0.0075606 0.0178975 0.0060032 0.0079990 0.0061501 0.0243306 0.0166933 0.0169989 0.0154037 0.0173543 0.0147620 0.0156488 0.0141504 0.0139597 0.0177327 0.0203385 0.0137680 0.0136091 0.0139545 0.0191751 0.0146584 0.0163337 0.0161616 0.0172701 0.0175171 0.0178795 0.0164580 0.0156040 0.0158348 0.0159262 0.0176020 0.0179532 0.0095723 0.0179205 0.0058838 
Igeo_MYO7A         0.0433943 0.0183939 0.0383533 0.0382571 0.0407419 0.0431191 0.0430658 0.0431629 0.0428065 0.0401027 0.0411819 0.0109622 0.0320404 0.0442440 0.0332223 0.0333982 0.0156745 0.0307783 0.0349638 0.0191583 0.0403463 0.0414254 0.0438924 0.0365597 0.0323263 0.0314932 0.0323288 0.0378613 0.0000000 0.0439386 0.0235287 0.0323746 0.0328763 0.0325251 0.0143053 0.0310090 0.0331870 0.0398927 0.0320386 0.0144421 0.0401911 0.0369923 0.0383308 0.0205059 0.0518025 0.0355693 0.0371384 0.0201694 0.0166681 0.0171403 0.0376362 0.0405946 0.0188880 0.0373329 0.0323082 0.0386532 0.0342976 0.0333527 0.0353628 0.0334446 0.0325237 0.0314670 0.0316079 0.0479320 0.0469003 0.0324614 0.0352545 0.0323132 0.0337471 0.0151608 0.0305779 0.0344275 0.0318382 0.0314251 0.0332578 0.0331294 0.0327643 0.0141218 0.0133237 0.0331991 0.0152789 0.0433593 0.0392350 0.0198733 
Kbre_MYO7A         0.0205397 0.0187274 0.0335920 0.0206313 0.0212166 0.0199135 0.0197062 0.0216379 0.0191557 0.0186981 0.0159309 0.0129857 0.0228196 0.0240163 0.0262080 0.0250727 0.0218832 0.0248199 0.0240616 0.0140481 0.0156621 0.0200568 0.0218152 0.0159569 0.0232127 0.0233630 0.0240743 0.0215623 0.0439386 0.0000000 0.0040706 0.0244142 0.0239140 0.0180543 0.0214672 0.0229660 0.0249291 0.0288942 0.0186675 0.0256268 0.0276728 0.0216045 0.0232510 0.0235570 0.0457165 0.0204598 0.0212336 0.0167300 0.0159939 0.0226682 0.0244125 0.0223193 0.0244664 0.0179491 0.0315318 0.0220866 0.0209486 0.0191667 0.0250360 0.0200950 0.0238800 0.0163781 0.0198938 0.0073397 0.0152472 0.0162388 0.0156694 0.0210002 0.0259654 0.0181796 0.0217906 0.0222767 0.0242906 0.0236691 0.0253176 0.0231952 0.0225124 0.0235156 0.0238876 0.0236231 0.0252865 0.0215425 0.0261485 0.0172407 
Ksim_MYO7A         0.0161867 0.0182903 0.0194685 0.0166530 0.0159390 0.0167394 0.0167235 0.0173536 0.0154230 0.0150681 0.0152207 0.0114299 0.0157001 0.0192381 0.0198365 0.0177133 0.0188305 0.0160924 0.0195646 0.0139168 0.0151253 0.0169182 0.0167425 0.0148560 0.0165417 0.0159915 0.0174180 0.0169477 0.0235287 0.0040706 0.0000000 0.0150196 0.0173987 0.0159802 0.0154909 0.0176728 0.0181194 0.0207632 0.0176506 0.0185727 0.0246480 0.0183109 0.0191575 0.0195487 0.0501175 0.0159094 0.0167537 0.0167172 0.0148577 0.0164839 0.0203153 0.0175669 0.0190176 0.0166126 0.0296227 0.0189941 0.0155098 0.0149378 0.0188644 0.0183977 0.0165642 0.0153917 0.0134305 0.0072699 0.0096542 0.0156173 0.0138876 0.0155697 0.0178767 0.0163958 0.0165231 0.0155676 0.0169536 0.0180038 0.0180877 0.0177022 0.0170876 0.0169560 0.0168006 0.0173861 0.0178116 0.0219583 0.0173475 0.0167448 
Lacu_MYO7A         0.0198055 0.0116821 0.0390304 0.0187756 0.0187119 0.0195959 0.0211713 0.0215037 0.0176205 0.0179865 0.0159219 0.0031896 0.0059655 0.0193762 0.0079268 0.0065935 0.0053394 0.0065985 0.0147984 0.0129111 0.0162721 0.0190071 0.0205041 0.0052877 0.0063142 0.0046900 0.0059661 0.0171477 0.0323746 0.0244142 0.0150196 0.0000000 0.0061949 0.0055237 0.0045348 0.0055300 0.0062779 0.0090755 0.0043800 0.0053102 0.0185134 0.0139526 0.0175157 0.0174361 0.0415032 0.0117080 0.0149921 0.0123550 0.0103085 0.0106081 0.0151683 0.0172731 0.0121043 0.0114949 0.0228950 0.0135054 0.0071864 0.0068426 0.0069304 0.0102984 0.0055404 0.0087313 0.0042454 0.0155683 0.0221900 0.0083997 0.0067400 0.0101529 0.0065897 0.0054871 0.0048603 0.0059632 0.0068450 0.0071777 0.0072072 0.0075516 0.0064300 0.0055789 0.0054701 0.0071870 0.0067835 0.0183600 0.0083091 0.0123172 
Lalb_MYO7A         0.0206304 0.0135284 0.0356581 0.0192488 0.0193268 0.0198018 0.0208495 0.0223135 0.0184566 0.0181109 0.0160085 0.0042632 0.0050214 0.0198904 0.0062371 0.0064411 0.0063430 0.0068377 0.0129697 0.0140064 0.0167116 0.0195581 0.0215979 0.0059833 0.0056441 0.0045799 0.0059532 0.0164641 0.0328763 0.0239140 0.0173987 0.0061949 0.0000000 0.0051771 0.0037903 0.0054585 0.0062223 0.0092110 0.0050938 0.0069467 0.0167447 0.0141759 0.0177418 0.0166107 0.0427670 0.0126241 0.0148589 0.0139820 0.0112292 0.0133389 0.0129942 0.0171448 0.0155880 0.0129824 0.0201193 0.0110430 0.0057480 0.0049302 0.0042938 0.0103657 0.0062652 0.0088797 0.0043161 0.0163896 0.0240929 0.0083194 0.0081130 0.0089893 0.0068699 0.0059865 0.0063203 0.0074942 0.0060599 0.0057399 0.0066442 0.0063691 0.0050044 0.0050889 0.0051440 0.0056715 0.0075406 0.0179882 0.0069439 0.0132879 
Laus_MYO7A         0.0207639 0.0120070 0.0185640 0.0181651 0.0195994 0.0208749 0.0201599 0.0228581 0.0199448 0.0188205 0.0167283 0.0009665 0.0002966 0.0209432 0.0039965 0.0044989 0.0045089 0.0041954 0.0140480 0.0150607 0.0171945 0.0185104 0.0201457 0.0033773 0.0045630 0.0041006 0.0047482 0.0158160 0.0325251 0.0180543 0.0159802 0.0055237 0.0051771 0.0000000 0.0016128 0.0026601 0.0038993 0.0047258 0.0005939 0.0024558 0.0185931 0.0121790 0.0162304 0.0164436 0.0381295 0.0106412 0.0129725 0.0139373 0.0119610 0.0112249 0.0143738 0.0155727 0.0146760 0.0128484 0.0212240 0.0111638 0.0044520 0.0039304 0.0067503 0.0114479 0.0047378 0.0072143 0.0031480 0.0165946 0.0232465 0.0070096 0.0068573 0.0096111 0.0055194 0.0039535 0.0029572 0.0034530 0.0030673 0.0028519 0.0046288 0.0037425 0.0022627 0.0029523 0.0030625 0.0030504 0.0042377 0.0173287 0.0052306 0.0125548 
Lbor_MYO7A         0.0181927 0.0116366 0.0160685 0.0169632 0.0168734 0.0187509 0.0187094 0.0182080 0.0163705 0.0158861 0.0153398 0.0030841 0.0015603 0.0191775 0.0039295 0.0035284 0.0036481 0.0031331 0.0104060 0.0153390 0.0148065 0.0167960 0.0183320 0.0035482 0.0042162 0.0037903 0.0043250 0.0141737 0.0143053 0.0214672 0.0154909 0.0045348 0.0037903 0.0016128 0.0000000 0.0039245 0.0039244 0.0057907 0.0012083 0.0022263 0.0180346 0.0120180 0.0120065 0.0128873 0.0437445 0.0108599 0.0106200 0.0135004 0.0110203 0.0133410 0.0120787 0.0134659 0.0134106 0.0112493 0.0236270 0.0104672 0.0035283 0.0039226 0.0043267 0.0110896 0.0033653 0.0069671 0.0033654 0.0161944 0.0196385 0.0069927 0.0059330 0.0079484 0.0043208 0.0049720 0.0035267 0.0036546 0.0031331 0.0043215 0.0035284 0.0035284 0.0035674 0.0031336 0.0037916 0.0035290 0.0042110 0.0164636 0.0046729 0.0112256 
Lhos30470_MYO7A    0.0211706 0.0133990 0.0341468 0.0191542 0.0196581 0.0206458 0.0209668 0.0225872 0.0196613 0.0186410 0.0165672 0.0034047 0.0032532 0.0202348 0.0019103 0.0011156 0.0012084 0.0021266 0.0131237 0.0160281 0.0187740 0.0208550 0.0213630 0.0039113 0.0043125 0.0031371 0.0038118 0.0172519 0.0310090 0.0229660 0.0176728 0.0055300 0.0054585 0.0026601 0.0039245 0.0000000 0.0021690 0.0067943 0.0032052 0.0052664 0.0166685 0.0140209 0.0179807 0.0165354 0.0390792 0.0123105 0.0144728 0.0143220 0.0124119 0.0140676 0.0140325 0.0170248 0.0163021 0.0126748 0.0206954 0.0118217 0.0047858 0.0049871 0.0049245 0.0120054 0.0041449 0.0084193 0.0036950 0.0173713 0.0236713 0.0081445 0.0079559 0.0093863 0.0017088 0.0019672 0.0035307 0.0047348 0.0025328 0.0008095 0.0016800 0.0019067 0.0011739 0.0008934 0.0009850 0.0013524 0.0031981 0.0179235 0.0022125 0.0128809 
Lhos452_MYO7A      0.0221083 0.0133986 0.0352093 0.0210635 0.0201129 0.0212104 0.0229752 0.0227293 0.0202832 0.0201767 0.0170582 0.0034046 0.0046450 0.0200922 0.0042100 0.0032525 0.0026505 0.0032365 0.0142736 0.0161661 0.0187935 0.0207007 0.0220354 0.0048038 0.0050144 0.0042924 0.0051911 0.0173157 0.0331870 0.0249291 0.0181194 0.0062779 0.0062223 0.0038993 0.0039244 0.0021690 0.0000000 0.0070906 0.0039716 0.0055949 0.0178508 0.0143750 0.0179920 0.0186203 0.0401459 0.0125728 0.0149933 0.0149616 0.0127030 0.0140672 0.0145487 0.0168026 0.0164660 0.0133932 0.0202931 0.0124657 0.0061159 0.0066338 0.0063957 0.0113487 0.0050212 0.0087088 0.0040212 0.0178409 0.0254918 0.0081819 0.0080332 0.0102727 0.0038688 0.0039591 0.0046287 0.0055154 0.0032653 0.0031567 0.0028104 0.0042483 0.0023559 0.0026935 0.0021714 0.0034824 0.0038431 0.0179123 0.0029403 0.0127754 
Lobl_MYO7A         0.0231056 0.0166453 0.0417082 0.0234787 0.0230712 0.0247631 0.0253525 0.0262562 0.0216183 0.0214241 0.0203394 0.0068686 0.0046147 0.0242415 0.0098474 0.0079898 0.0078443 0.0075846 0.0156797 0.0192567 0.0216137 0.0236660 0.0253295 0.0063641 0.0071411 0.0065149 0.0066530 0.0188889 0.0398927 0.0288942 0.0207632 0.0090755 0.0092110 0.0047258 0.0057907 0.0067943 0.0070906 0.0000000 0.0031777 0.0060988 0.0210360 0.0162870 0.0216997 0.0219787 0.0473440 0.0156618 0.0187393 0.0182784 0.0166266 0.0173452 0.0157093 0.0203318 0.0196534 0.0159684 0.0225930 0.0149101 0.0087144 0.0085488 0.0104714 0.0148216 0.0076290 0.0109547 0.0063565 0.0201940 0.0241029 0.0106122 0.0103610 0.0122512 0.0090696 0.0085975 0.0072288 0.0070877 0.0077723 0.0077740 0.0069795 0.0078265 0.0065185 0.0077263 0.0075985 0.0084244 0.0093697 0.0217191 0.0061093 0.0171947 
Lobs_MYO7A         0.0198382 0.0106726 0.0303513 0.0171923 0.0189220 0.0195038 0.0198348 0.0216850 0.0178234 0.0175402 0.0164010 0.0014510 0.0003039 0.0197012 0.0052153 0.0041006 0.0043339 0.0037684 0.0125044 0.0144241 0.0167896 0.0181854 0.0196094 0.0034167 0.0040266 0.0038769 0.0045457 0.0152496 0.0320386 0.0186675 0.0176506 0.0043800 0.0050938 0.0005939 0.0012083 0.0032052 0.0039716 0.0031777 0.0000000 0.0024787 0.0158524 0.0111252 0.0166648 0.0151605 0.0381291 0.0109186 0.0128298 0.0134028 0.0119608 0.0112249 0.0125180 0.0149109 0.0128912 0.0112383 0.0194010 0.0101029 0.0043961 0.0037855 0.0060014 0.0108294 0.0038103 0.0078965 0.0026612 0.0165115 0.0225073 0.0076702 0.0068571 0.0083194 0.0035253 0.0039534 0.0032044 0.0032589 0.0037963 0.0034993 0.0039150 0.0044057 0.0031662 0.0034199 0.0036262 0.0036837 0.0050078 0.0170229 0.0046366 0.0124226 
LperAUS_MYO7A      0.0233829 0.0124961 0.0197142 0.0198857 0.0219913 0.0227398 0.0231363 0.0257138 0.0225023 0.0214276 0.0180169 0.0022216 0.0028428 0.0228652 0.0059307 0.0047617 0.0050587 0.0044760 0.0141683 0.0158661 0.0200797 0.0233818 0.0220926 0.0051923 0.0059703 0.0055997 0.0066118 0.0177336 0.0144421 0.0256268 0.0185727 0.0053102 0.0069467 0.0024558 0.0022263 0.0052664 0.0055949 0.0060988 0.0024787 0.0000000 0.0188317 0.0138961 0.0181399 0.0170433 0.0442773 0.0116124 0.0140039 0.0140835 0.0129723 0.0128804 0.0149102 0.0168843 0.0159818 0.0114089 0.0117322 0.0134427 0.0065046 0.0053818 0.0079713 0.0121206 0.0058392 0.0092248 0.0042929 0.0181343 0.0267563 0.0092922 0.0073495 0.0099902 0.0063007 0.0051285 0.0055873 0.0053420 0.0051533 0.0055891 0.0058344 0.0062789 0.0036202 0.0051531 0.0050475 0.0049236 0.0068365 0.0191668 0.0063799 0.0120012 
Lvex_MYO7A         0.0203338 0.0182380 0.0388756 0.0190195 0.0183202 0.0192925 0.0203972 0.0199025 0.0177273 0.0180148 0.0179363 0.0140411 0.0184075 0.0215370 0.0194341 0.0183902 0.0188619 0.0179573 0.0157180 0.0180302 0.0175323 0.0196864 0.0203391 0.0179198 0.0186541 0.0175658 0.0182852 0.0184187 0.0401911 0.0276728 0.0246480 0.0185134 0.0167447 0.0185931 0.0180346 0.0166685 0.0178508 0.0210360 0.0158524 0.0188317 0.0000000 0.0191829 0.0196448 0.0215726 0.0487913 0.0175286 0.0177244 0.0204416 0.0171367 0.0198387 0.0166055 0.0194215 0.0205936 0.0179261 0.0215004 0.0169723 0.0193190 0.0188270 0.0194994 0.0166528 0.0191739 0.0144631 0.0174542 0.0195769 0.0249962 0.0137624 0.0119783 0.0135420 0.0202728 0.0159954 0.0170962 0.0174722 0.0169852 0.0183909 0.0187416 0.0185205 0.0156165 0.0163462 0.0164583 0.0175732 0.0169217 0.0226571 0.0193166 0.0176529 
Mbid_MYO7A         0.0186105 0.0072530 0.0138103 0.0190172 0.0179357 0.0190371 0.0190200 0.0189486 0.0164214 0.0164172 0.0159703 0.0099366 0.0119590 0.0193761 0.0152029 0.0142369 0.0133144 0.0128345 0.0150668 0.0151783 0.0151708 0.0167546 0.0192815 0.0130706 0.0148737 0.0141599 0.0147084 0.0066888 0.0369923 0.0216045 0.0183109 0.0139526 0.0141759 0.0121790 0.0120180 0.0140209 0.0143750 0.0162870 0.0111252 0.0138961 0.0191829 0.0000000 0.0074598 0.0071755 0.0322583 0.0043191 0.0052088 0.0081362 0.0045918 0.0048632 0.0171724 0.0054545 0.0083121 0.0048830 0.0129932 0.0148152 0.0131796 0.0131755 0.0150722 0.0160176 0.0148903 0.0123768 0.0136269 0.0156784 0.0199137 0.0123629 0.0119565 0.0126608 0.0149216 0.0142891 0.0140149 0.0147454 0.0128913 0.0143594 0.0143730 0.0134458 0.0138092 0.0123954 0.0137162 0.0143789 0.0146345 0.0092386 0.0149794 0.0047542 
Mbow_MYO7A         0.0198432 0.0086896 0.0156345 0.0183303 0.0188124 0.0209209 0.0207459 0.0209956 0.0175455 0.0172379 0.0174781 0.0109821 0.0169980 0.0208401 0.0181790 0.0184492 0.0177076 0.0172115 0.0181085 0.0170680 0.0180505 0.0190922 0.0213162 0.0174654 0.0172611 0.0176899 0.0190350 0.0087289 0.0383308 0.0232510 0.0191575 0.0175157 0.0177418 0.0162304 0.0120065 0.0179807 0.0179920 0.0216997 0.0166648 0.0181399 0.0196448 0.0074598 0.0000000 0.0045736 0.0290663 0.0062274 0.0051954 0.0090435 0.0060826 0.0084921 0.0187403 0.0063520 0.0083397 0.0050119 0.0141261 0.0168393 0.0174386 0.0160289 0.0184514 0.0178065 0.0176829 0.0147231 0.0144233 0.0176209 0.0218855 0.0139554 0.0144208 0.0147250 0.0190983 0.0164453 0.0176020 0.0174554 0.0182219 0.0182808 0.0190205 0.0180441 0.0157812 0.0163891 0.0168629 0.0181062 0.0183999 0.0123186 0.0199647 0.0059690 
Mcar_MYO7A         0.0204923 0.0077060 0.0120298 0.0175726 0.0206654 0.0214702 0.0207385 0.0227064 0.0199112 0.0187623 0.0191664 0.0114529 0.0163421 0.0227138 0.0186901 0.0191656 0.0184073 0.0175924 0.0186509 0.0166229 0.0184875 0.0195008 0.0209912 0.0146668 0.0176740 0.0180000 0.0186570 0.0068134 0.0205059 0.0235570 0.0195487 0.0174361 0.0166107 0.0164436 0.0128873 0.0165354 0.0186203 0.0219787 0.0151605 0.0170433 0.0215726 0.0071755 0.0045736 0.0000000 0.0297376 0.0058452 0.0047899 0.0067619 0.0064292 0.0066519 0.0186778 0.0053809 0.0076431 0.0067752 0.0144016 0.0173210 0.0165739 0.0149638 0.0190091 0.0175510 0.0186939 0.0141409 0.0157398 0.0188492 0.0229183 0.0134237 0.0142966 0.0147218 0.0206553 0.0159659 0.0158089 0.0162872 0.0158192 0.0178229 0.0185617 0.0168703 0.0148374 0.0151059 0.0172095 0.0169362 0.0170538 0.0115259 0.0209309 0.0054813 
Mden_MYO7A         0.0506165 0.0423900 0.0341029 0.0462468 0.0494496 0.0495654 0.0494359 0.0497476 0.0498970 0.0472911 0.0457993 0.0459134 0.0386147 0.0521055 0.0412104 0.0396055 0.0410385 0.0391176 0.0416789 0.0472598 0.0448612 0.0479629 0.0496830 0.0398630 0.0411261 0.0395424 0.0391288 0.0326882 0.0518025 0.0457165 0.0501175 0.0415032 0.0427670 0.0381295 0.0437445 0.0390792 0.0401459 0.0473440 0.0381291 0.0442773 0.0487913 0.0322583 0.0290663 0.0297376 0.0000000 0.0303671 0.0298326 0.0347166 0.0331791 0.0394893 0.0427613 0.0322174 0.0343806 0.0289649 0.0371051 0.0447525 0.0386800 0.0386638 0.0397012 0.0458043 0.0406698 0.0380706 0.0390439 0.0563494 0.0519316 0.0380706 0.0438068 0.0380706 0.0400477 0.0439552 0.0381135 0.0408352 0.0385861 0.0390796 0.0406066 0.0388429 0.0395786 0.0394440 0.0422001 0.0381150 0.0360647 0.0356630 0.0470973 0.0351540 
Meur_MYO7A         0.0157885 0.0057328 0.0089153 0.0149571 0.0154888 0.0163293 0.0163154 0.0172546 0.0135940 0.0140520 0.0136852 0.0079010 0.0114000 0.0168644 0.0137681 0.0127012 0.0116678 0.0118150 0.0142261 0.0129857 0.0132714 0.0147255 0.0162846 0.0114889 0.0123464 0.0119254 0.0125678 0.0052109 0.0355693 0.0204598 0.0159094 0.0117080 0.0126241 0.0106412 0.0108599 0.0123105 0.0125728 0.0156618 0.0109186 0.0116124 0.0175286 0.0043191 0.0062274 0.0058452 0.0303671 0.0000000 0.0025424 0.0060012 0.0028165 0.0039662 0.0152268 0.0045885 0.0057514 0.0031273 0.0231846 0.0135408 0.0120346 0.0114095 0.0125886 0.0140915 0.0116521 0.0102498 0.0113836 0.0146915 0.0191019 0.0102691 0.0097739 0.0112557 0.0131041 0.0117554 0.0116377 0.0123961 0.0116412 0.0126454 0.0133293 0.0106965 0.0120859 0.0106735 0.0117278 0.0125760 0.0125891 0.0082105 0.0144018 0.0035808 
