85
Bacu_PCDH15         0.0000000 0.0189542 0.0169382 0.0029552 0.0050490 0.0055534 0.0055534 0.0078092 0.0065321 0.0274987 0.0306393 0.0108921 0.0309361 0.0308234 0.0311936 0.0316595 0.2421138 0.0087541 0.0089368 0.0092679 0.0063843 0.0312170 0.0315064 0.0306449 0.3225888 0.0170798 0.0273662 0.0249934 0.0244150 0.0310118 0.0312430 0.0299480 0.0282563 0.0293333 0.0317714 0.1108897 0.0307155 0.0309616 0.3629624 0.0174307 0.0170818 0.0173347 0.0190891 0.0178593 0.0173406 0.0204989 0.0170646 0.0168044 0.0172081 0.2387017 0.0173257 0.0168346 0.0167973 0.3301578 0.0279980 0.0332886 0.0300054 0.2706772 0.0248809 0.0192650 0.0309881 0.0207745 0.0238490 0.0303977 0.0186010 0.0239995 0.2517987 0.0246184 0.0313613 0.0307138 0.0312112 0.0301605 0.0317600 0.0309977 0.0304388 0.0310718 0.0297883 0.0297927 0.0320062 0.0305770 0.0314825 0.0317825 0.0157527 0.2607477 0.0165539 
Barn_PCDH15         0.0189542 0.0000000 0.0014508 0.0151979 0.0156050 0.0155864 0.0155864 0.0171377 0.0166957 0.0250093 0.0245949 0.0167009 0.0247740 0.0241645 0.0251395 0.0251489 0.0230093 0.0179025 0.0175338 0.0182786 0.0163062 0.0251662 0.0243571 0.0251677 0.0251677 0.0059947 0.0241844 0.0229119 0.0253841 0.0255940 0.0252003 0.0263838 0.0250012 0.0236982 0.0259417 0.0263490 0.0250070 0.0247712 0.0213773 0.0095516 0.0081604 0.0077931 0.0062323 0.0081472 0.0074350 0.0080876 0.0077898 0.0074307 0.0074837 0.0210054 0.0085099 0.0081587 0.0077884 0.0226384 0.0211506 0.0276391 0.0258769 0.0235473 0.0203106 0.0162761 0.0250145 0.0200732 0.0206265 0.0245984 0.0162902 0.0214115 0.0206376 0.0202461 0.0254436 0.0254186 0.0255685 0.0251677 0.0263571 0.0231262 0.0247492 0.0245699 0.0243603 0.0248510 0.0258825 0.0242971 0.0255406 0.0259552 0.0067182 0.0251395 0.0069897 
Bbai76728_PCDH15    0.0169382 0.0014508 0.0000000 0.0138300 0.0138547 0.0135297 0.0135297 0.0154299 0.0141915 0.0221110 0.0236716 0.0150959 0.0240098 0.0237608 0.0243137 0.0239910 0.0228584 0.0157446 0.0154392 0.0163793 0.0147485 0.0240038 0.0243159 0.0243366 0.0243366 0.0046866 0.0241350 0.0200693 0.0220822 0.0246833 0.0243579 0.0228124 0.0222466 0.0231287 0.0246511 0.0256703 0.0243570 0.0233713 0.0213296 0.0074522 0.0061790 0.0055800 0.0064461 0.0064695 0.0058789 0.0079188 0.0061721 0.0055781 0.0061180 0.0215079 0.0067678 0.0067812 0.0064700 0.0348090 0.0216097 0.0266883 0.0257200 0.0250069 0.0196019 0.0131812 0.0240050 0.0178393 0.0188942 0.0240050 0.0132150 0.0192990 0.0259896 0.0185643 0.0250098 0.0249902 0.0246676 0.0242360 0.0256487 0.0253019 0.0238782 0.0242137 0.0243147 0.0218327 0.0252613 0.0236154 0.0246461 0.0246435 0.0058787 0.0243129 0.0051643 
BbonAUS_PCDH15      0.0029552 0.0151979 0.0138300 0.0000000 0.0022612 0.0027635 0.0027635 0.0039577 0.0032476 0.0226316 0.0263931 0.0077363 0.0259680 0.0259359 0.0262256 0.0265273 0.0221338 0.0062182 0.0065365 0.0067255 0.0035569 0.0262446 0.0265290 0.0262468 0.0262468 0.0142090 0.0228287 0.0211466 0.0210576 0.0265201 0.0262663 0.0250416 0.0232494 0.0251118 0.0267921 0.0273844 0.0258780 0.0259890 0.0187478 0.0157065 0.0142106 0.0144628 0.0165672 0.0149827 0.0144678 0.0171923 0.0141965 0.0139383 0.0142266 0.0215721 0.0144554 0.0139633 0.0139326 0.0479315 0.0241075 0.0294188 0.0262165 0.0265405 0.0215030 0.0149933 0.0261488 0.0177463 0.0199478 0.0255688 0.0151846 0.0201848 0.0262061 0.0207934 0.0267144 0.0264306 0.0268058 0.0256380 0.0268089 0.0264557 0.0253342 0.0258022 0.0251021 0.0243287 0.0270310 0.0256266 0.0265093 0.0268020 0.0128974 0.0262249 0.0136261 
Bbor_PCDH15         0.0050490 0.0156050 0.0138547 0.0022612 0.0000000 0.0020034 0.0020034 0.0037768 0.0037963 0.0228688 0.0258228 0.0081736 0.0259531 0.0253208 0.0262160 0.0262252 0.0220667 0.0060914 0.0060116 0.0066088 0.0038951 0.0262354 0.0265257 0.0262376 0.0262376 0.0145167 0.0237443 0.0227498 0.0219028 0.0262566 0.0262575 0.0253000 0.0234865 0.0250968 0.0267942 0.0273988 0.0258815 0.0259745 0.0199801 0.0157220 0.0147839 0.0150417 0.0172234 0.0155736 0.0150470 0.0176564 0.0147690 0.0145049 0.0148227 0.0214931 0.0150338 0.0145314 0.0144987 0.0340985 0.0243672 0.0291821 0.0259216 0.0265374 0.0218495 0.0155849 0.0261583 0.0188397 0.0204003 0.0255656 0.0154743 0.0202001 0.0262263 0.0205091 0.0264649 0.0264464 0.0268082 0.0256155 0.0268114 0.0264753 0.0258981 0.0254565 0.0250891 0.0246137 0.0270382 0.0256048 0.0265056 0.0268043 0.0131616 0.0262153 0.0139526 
Bede66737_PCDH15    0.0055534 0.0155864 0.0135297 0.0027635 0.0020034 0.0000000 0.0000010 0.0037732 0.0043383 0.0228448 0.0261057 0.0081652 0.0259350 0.0256259 0.0261977 0.0262063 0.0231570 0.0060854 0.0062708 0.0066023 0.0044141 0.0262171 0.0265071 0.0262193 0.0262193 0.0145018 0.0228753 0.0227244 0.0234521 0.0268045 0.0262392 0.0252817 0.0234611 0.0250684 0.0267755 0.0273796 0.0258558 0.0259563 0.0189173 0.0167564 0.0147686 0.0144949 0.0172042 0.0155575 0.0150314 0.0169595 0.0147537 0.0144899 0.0148068 0.0220292 0.0150183 0.0145164 0.0144838 0.0346603 0.0249679 0.0294556 0.0258949 0.0270855 0.0215164 0.0161023 0.0261323 0.0183713 0.0209570 0.0255402 0.0160057 0.0207746 0.0267734 0.0213850 0.0264386 0.0264200 0.0267895 0.0255971 0.0267926 0.0264501 0.0252872 0.0257521 0.0256349 0.0245927 0.0270192 0.0255870 0.0264870 0.0267856 0.0131482 0.0261970 0.0136387 
BedeAUS_PCDH15      0.0055534 0.0155864 0.0135297 0.0027635 0.0020034 0.0000010 0.0000000 0.0037732 0.0043383 0.0228448 0.0261057 0.0081652 0.0259350 0.0256259 0.0261977 0.0262063 0.0231570 0.0060854 0.0062708 0.0066023 0.0044141 0.0262171 0.0265071 0.0262193 0.0262193 0.0145018 0.0228753 0.0227244 0.0234521 0.0268045 0.0262392 0.0252817 0.0234611 0.0250684 0.0267755 0.0273796 0.0258558 0.0259563 0.0189173 0.0167564 0.0147686 0.0144949 0.0172042 0.0155575 0.0150314 0.0169595 0.0147537 0.0144899 0.0148068 0.0220292 0.0150183 0.0145164 0.0144838 0.0346603 0.0249679 0.0294556 0.0258949 0.0270855 0.0215164 0.0161023 0.0261323 0.0183713 0.0209570 0.0255402 0.0160057 0.0207746 0.0267734 0.0213850 0.0264386 0.0264200 0.0267895 0.0255971 0.0267926 0.0264501 0.0252872 0.0257521 0.0256349 0.0245927 0.0270192 0.0255870 0.0264870 0.0267856 0.0131482 0.0261970 0.0136387 
Bmus_PCDH15         0.0078092 0.0171377 0.0154299 0.0039577 0.0037768 0.0037732 0.0037732 0.0000000 0.0059973 0.0263583 0.0298152 0.0101255 0.0301788 0.0302655 0.0304370 0.0308790 0.2509520 0.0077484 0.0078791 0.0082604 0.0061389 0.0304599 0.0307493 0.0304624 0.3333048 0.0163408 0.0254032 0.0247834 0.0251025 0.0302390 0.0304853 0.0288659 0.0270856 0.0280821 0.0310139 0.1127107 0.0299413 0.0302036 0.3783867 0.0185408 0.0168685 0.0171220 0.0191485 0.0176479 0.0171280 0.0199129 0.0168515 0.0165906 0.0169869 0.2464861 0.0171132 0.0166205 0.0165836 0.3434482 0.0278042 0.0336976 0.0304263 0.2791574 0.0240264 0.0206313 0.0302144 0.0208711 0.0233586 0.0296238 0.0183786 0.0234828 0.2601169 0.0241024 0.0305719 0.0299387 0.0310304 0.0299711 0.0310036 0.0303757 0.0296590 0.0302288 0.0293164 0.0285199 0.0312499 0.0298214 0.0307260 0.0310257 0.0150137 0.2658540 0.0163160 
Bphy_baits_PCDH15   0.0065321 0.0166957 0.0141915 0.0032476 0.0037963 0.0043383 0.0043383 0.0059973 0.0000000 0.0240953 0.0260028 0.0076768 0.0255123 0.0244388 0.0257943 0.0254937 0.0222923 0.0079573 0.0082201 0.0085197 0.0039168 0.0258154 0.0258222 0.0255084 0.0255084 0.0156440 0.0241231 0.0243279 0.0246397 0.0258377 0.0255339 0.0267844 0.0246747 0.0231450 0.0264144 0.0267505 0.0254222 0.0255355 0.0204554 0.0161966 0.0162205 0.0159202 0.0176745 0.0164901 0.0162129 0.0171311 0.0162027 0.0159175 0.0156513 0.0216755 0.0164887 0.0159371 0.0162002 0.0232120 0.0230005 0.0286584 0.0253446 0.0258158 0.0220607 0.0161971 0.0257196 0.0205983 0.0223034 0.0250835 0.0160818 0.0218304 0.0245041 0.0227569 0.0260486 0.0260289 0.0264292 0.0247984 0.0267355 0.0257359 0.0244660 0.0248963 0.0245878 0.0263470 0.0266764 0.0251412 0.0261044 0.0264251 0.0144644 0.0257943 0.0151518 
Ccom40_PCDH15       0.0274987 0.0250093 0.0221110 0.0226316 0.0228688 0.0228448 0.0228448 0.0263583 0.0240953 0.0000000 0.0017179 0.0260959 0.0040935 0.0039500 0.0043652 0.0043665 0.0135124 0.0261212 0.0276836 0.0273707 0.0243838 0.0043682 0.0043694 0.0040927 0.0040927 0.0217172 0.0178695 0.0266568 0.0268684 0.0044642 0.0040965 0.0029957 0.0023003 0.0039487 0.0046423 0.0035429 0.0027188 0.0024458 0.0180867 0.0242251 0.0214109 0.0214011 0.0243105 0.0222971 0.0220104 0.0252524 0.0219961 0.0216986 0.0219496 0.0120403 0.0229074 0.0223378 0.0219924 0.0272658 0.0133308 0.0057526 0.0042240 0.0057596 0.0161772 0.0234382 0.0046447 0.0126057 0.0129255 0.0040927 0.0228281 0.0127337 0.0153017 0.0133536 0.0050325 0.0049199 0.0049201 0.0042239 0.0051966 0.0039858 0.0045063 0.0038774 0.0043655 0.0042405 0.0054709 0.0049263 0.0046414 0.0046411 0.0201447 0.0043652 0.0222682 
Chea7320_PCDH15     0.0306393 0.0245949 0.0236716 0.0263931 0.0258228 0.0261057 0.0261057 0.0298152 0.0260028 0.0017179 0.0000000 0.0296772 0.0026795 0.0026283 0.0029467 0.0033295 0.0130369 0.0286503 0.0292842 0.0299029 0.0282859 0.0026789 0.0029490 0.0026791 0.0026791 0.0235987 0.0173676 0.0276033 0.0282441 0.0026783 0.0029511 0.0013790 0.0011677 0.0027856 0.0029474 0.0021409 0.0010672 0.0008001 0.0195963 0.0263528 0.0239219 0.0245169 0.0273427 0.0254205 0.0245265 0.0274885 0.0245054 0.0239030 0.0246314 0.0115887 0.0254178 0.0254870 0.0248081 0.0180475 0.0141510 0.0045765 0.0030512 0.0040374 0.0163017 0.0262557 0.0029489 0.0112456 0.0113863 0.0024095 0.0248795 0.0114600 0.0166009 0.0116985 0.0032203 0.0032183 0.0032184 0.0024853 0.0037588 0.0023989 0.0030401 0.0028340 0.0026773 0.0037114 0.0037585 0.0032223 0.0032168 0.0029467 0.0232687 0.0026771 0.0241032 
Cmar59905_PCDH15    0.0108921 0.0167009 0.0150959 0.0077363 0.0081736 0.0081652 0.0081652 0.0101255 0.0076768 0.0260959 0.0296772 0.0000000 0.0289166 0.0282772 0.0291833 0.0291927 0.0252147 0.0106710 0.0112450 0.0112087 0.0068934 0.0292057 0.0295034 0.0292083 0.0292083 0.0171474 0.0253822 0.0253600 0.0257380 0.0295568 0.0292308 0.0280636 0.0247884 0.0271070 0.0297764 0.0303995 0.0289328 0.0289410 0.0235223 0.0178222 0.0171495 0.0168650 0.0185902 0.0176790 0.0174174 0.0188662 0.0165893 0.0168623 0.0166309 0.0237356 0.0174019 0.0166074 0.0168549 0.0517469 0.0259480 0.0319473 0.0284089 0.0289378 0.0243146 0.0179531 0.0292148 0.0190643 0.0221259 0.0286064 0.0179959 0.0218339 0.0288728 0.0230961 0.0298735 0.0295092 0.0297926 0.0280074 0.0303766 0.0287409 0.0276891 0.0280874 0.0280302 0.0268015 0.0300213 0.0285522 0.0294804 0.0297881 0.0157737 0.0291825 0.0156447 
Dcap108471_PCDH15   0.0309361 0.0247740 0.0240098 0.0259680 0.0259531 0.0259350 0.0259350 0.0301788 0.0255123 0.0040935 0.0026795 0.0289166 0.0000000 0.0005734 0.0002434 0.0007547 0.0134490 0.0285854 0.0295428 0.0291671 0.0276551 0.0014652 0.0017117 0.0014654 0.0017116 0.0242200 0.0174176 0.0290777 0.0298526 0.0027493 0.0017139 0.0035815 0.0022189 0.0011496 0.0009760 0.0036836 0.0025181 0.0022033 0.0187614 0.0275460 0.0242424 0.0245124 0.0273950 0.0256126 0.0250714 0.0271490 0.0247758 0.0245041 0.0246521 0.0121216 0.0256102 0.0256739 0.0250527 0.0379100 0.0141165 0.0044348 0.0028650 0.0044331 0.0159872 0.0280285 0.0017595 0.0105014 0.0115564 0.0012551 0.0265218 0.0113183 0.0167107 0.0119023 0.0010246 0.0010044 0.0014659 0.0010051 0.0014652 0.0006563 0.0005017 0.0002726 0.0014669 0.0015028 0.0014656 0.0009775 0.0004870 0.0009763 0.0230743 0.0007315 0.0242233 
Dcap79929_PCDH15    0.0308234 0.0241645 0.0237608 0.0259359 0.0253208 0.0256259 0.0256259 0.0302655 0.0244388 0.0039500 0.0026283 0.0282772 0.0005734 0.0000000 0.0008614 0.0005740 0.0137482 0.0286902 0.0287110 0.0293762 0.0279634 0.0014381 0.0017272 0.0014383 0.0017271 0.0242342 0.0182027 0.0282390 0.0293618 0.0025965 0.0023097 0.0042499 0.0027982 0.0006212 0.0008616 0.0037560 0.0025938 0.0023045 0.0199582 0.0266770 0.0245842 0.0245719 0.0263355 0.0258725 0.0252379 0.0273983 0.0248887 0.0245633 0.0253915 0.0121845 0.0258744 0.0255961 0.0252157 0.0268696 0.0142019 0.0040553 0.0028966 0.0040543 0.0159085 0.0267340 0.0017271 0.0099709 0.0115184 0.0011498 0.0245620 0.0111932 0.0176046 0.0118392 0.0011507 0.0011509 0.0017267 0.0011498 0.0017270 0.0006981 0.0011496 0.0008850 0.0005739 0.0013040 0.0017263 0.0011515 0.0011494 0.0008614 0.0235528 0.0008614 0.0242327 
DdelSJR_PCDH15      0.0311936 0.0251395 0.0243137 0.0262256 0.0262160 0.0261977 0.0261977 0.0304370 0.0257943 0.0043652 0.0029467 0.0291833 0.0002434 0.0008614 0.0000000 0.0010058 0.0136992 0.0288453 0.0298152 0.0294263 0.0279207 0.0017099 0.0019557 0.0017101 0.0019556 0.0244765 0.0170007 0.0293409 0.0301444 0.0029985 0.0019578 0.0038363 0.0024956 0.0014368 0.0012194 0.0039283 0.0027693 0.0024479 0.0190785 0.0278843 0.0244992 0.0247691 0.0276691 0.0258694 0.0253282 0.0274705 0.0250324 0.0247607 0.0249189 0.0123710 0.0258669 0.0259313 0.0253093 0.0381754 0.0143947 0.0046801 0.0031247 0.0046783 0.0156758 0.0282848 0.0020103 0.0109009 0.0118159 0.0015059 0.0267902 0.0115911 0.0169633 0.0121757 0.0012804 0.0012552 0.0017096 0.0012560 0.0017099 0.0006557 0.0007518 0.0005448 0.0017110 0.0018028 0.0017092 0.0012215 0.0007309 0.0012199 0.0233301 0.0009751 0.0245112 
Ddeltrop4525_PCDH15 0.0316595 0.0251489 0.0239910 0.0265273 0.0262252 0.0262063 0.0262063 0.0308790 0.0254937 0.0043665 0.0033295 0.0291927 0.0007547 0.0005740 0.0010058 0.0000000 0.0141445 0.0292342 0.0299463 0.0298348 0.0282898 0.0022715 0.0025257 0.0022717 0.0025255 0.0247197 0.0170136 0.0297540 0.0306280 0.0033565 0.0025292 0.0044990 0.0031655 0.0014372 0.0017641 0.0045664 0.0033843 0.0030352 0.0191644 0.0275218 0.0247434 0.0244500 0.0270336 0.0258687 0.0255996 0.0274810 0.0252939 0.0250133 0.0254162 0.0127705 0.0261558 0.0259131 0.0255799 0.0389074 0.0148930 0.0053455 0.0037744 0.0053433 0.0159334 0.0280555 0.0025986 0.0113321 0.0122138 0.0020760 0.0261753 0.0117076 0.0175225 0.0122928 0.0015890 0.0018171 0.0022712 0.0018185 0.0022715 0.0013629 0.0012967 0.0011306 0.0022728 0.0018034 0.0022707 0.0017669 0.0012585 0.0017647 0.0235356 0.0015111 0.0244416 
Dleu_PCDH15         0.2421138 0.0230093 0.0228584 0.0221338 0.0220667 0.0231570 0.0231570 0.2509520 0.0222923 0.0135124 0.0130369 0.0252147 0.0134490 0.0137482 0.0136992 0.0141445 0.0000000 0.0249400 0.0257186 0.0255044 0.0230898 0.0137080 0.0139720 0.0131845 0.0270148 0.0223786 0.0185822 0.0271388 0.0270583 0.0131886 0.0137189 0.0142991 0.0132229 0.0121794 0.0142252 0.2379668 0.0133044 0.0134590 0.0154649 0.0255041 0.0223989 0.0232071 0.0256860 0.0237489 0.0232152 0.0269133 0.0229255 0.0226576 0.0230172 0.0026581 0.0237467 0.0238049 0.0231981 0.0274561 0.0080052 0.0161062 0.0143209 0.0135511 0.0140892 0.2353295 0.0135641 0.0075714 0.0064338 0.0130253 0.0231803 0.0067828 0.0099197 0.0065099 0.0135723 0.0133033 0.0142316 0.0138590 0.0147411 0.0136920 0.0141230 0.0142301 0.0131813 0.0140614 0.0147499 0.0136997 0.0139624 0.0142300 0.0218374 0.0141826 0.0233978 
EausAUS_PCDH15      0.0087541 0.0179025 0.0157446 0.0062182 0.0060914 0.0060854 0.0060854 0.0077484 0.0079573 0.0261212 0.0286503 0.0106710 0.0285854 0.0286902 0.0288453 0.0292342 0.0249400 0.0000000 0.0010299 0.0014727 0.0066739 0.0288667 0.0291552 0.0288691 0.0288691 0.0155633 0.0262546 0.0242724 0.0232671 0.0291992 0.0288907 0.0277544 0.0258534 0.0264790 0.0294202 0.0294605 0.0279928 0.0280483 0.0222285 0.0168032 0.0155651 0.0158185 0.0180317 0.0163424 0.0158239 0.0189264 0.0155495 0.0152894 0.0153584 0.0238229 0.0158103 0.0153170 0.0152831 0.0512549 0.0260098 0.0320904 0.0290014 0.0291683 0.0237431 0.0174138 0.0288417 0.0212867 0.0228414 0.0282531 0.0177249 0.0229375 0.0288140 0.0238606 0.0294714 0.0291277 0.0294357 0.0280364 0.0300019 0.0292163 0.0277271 0.0284133 0.0277048 0.0285636 0.0296583 0.0282340 0.0291332 0.0294313 0.0142398 0.0288445 0.0154357 
Egla13086_PCDH15    0.0089368 0.0175338 0.0154392 0.0065365 0.0060116 0.0062708 0.0062708 0.0078791 0.0082201 0.0276836 0.0292842 0.0112450 0.0295428 0.0287110 0.0298152 0.0299463 0.0257186 0.0010299 0.0000000 0.0010305 0.0070268 0.0298387 0.0301433 0.0298413 0.0298413 0.0161078 0.0261953 0.0244285 0.0244713 0.0298642 0.0298649 0.0293194 0.0274130 0.0274730 0.0304223 0.0310606 0.0295536 0.0295684 0.0233886 0.0175086 0.0163854 0.0166520 0.0187335 0.0172043 0.0163812 0.0200978 0.0163681 0.0158156 0.0162001 0.0245394 0.0166430 0.0161246 0.0160870 0.0384222 0.0269191 0.0329380 0.0297241 0.0295651 0.0237588 0.0177747 0.0298418 0.0220105 0.0235319 0.0292193 0.0177218 0.0234223 0.0298169 0.0238759 0.0301651 0.0301428 0.0304392 0.0289928 0.0310366 0.0296376 0.0286650 0.0287427 0.0286124 0.0289294 0.0306718 0.0291686 0.0301193 0.0304344 0.0149709 0.0298144 0.0163924 
Ejap43864_PCDH15    0.0092679 0.0182786 0.0163793 0.0067255 0.0066088 0.0066023 0.0066023 0.0082604 0.0085197 0.0273707 0.0299029 0.0112087 0.0291671 0.0293762 0.0294263 0.0298348 0.0255044 0.0014727 0.0010305 0.0000000 0.0071982 0.0294482 0.0297376 0.0294507 0.0294507 0.0166234 0.0262806 0.0254022 0.0245128 0.0297936 0.0294728 0.0289400 0.0271327 0.0268268 0.0300029 0.0306088 0.0291657 0.0291911 0.0225672 0.0182048 0.0166254 0.0168792 0.0191734 0.0168783 0.0168850 0.0199211 0.0166086 0.0163477 0.0164584 0.0243841 0.0168704 0.0163772 0.0163408 0.0519215 0.0266402 0.0326823 0.0296203 0.0291879 0.0243794 0.0184822 0.0294403 0.0226096 0.0234227 0.0288489 0.0188464 0.0235507 0.0291212 0.0244770 0.0300832 0.0297260 0.0300188 0.0286331 0.0305864 0.0300029 0.0283224 0.0290633 0.0282824 0.0292776 0.0302407 0.0288123 0.0297151 0.0300143 0.0152934 0.0294254 0.0166236 
Erob133443_PCDH15   0.0063843 0.0163062 0.0147485 0.0035569 0.0038951 0.0044141 0.0044141 0.0061389 0.0039168 0.0243838 0.0282859 0.0068934 0.0276551 0.0279634 0.0279207 0.0282898 0.0230898 0.0066739 0.0070268 0.0071982 0.0000000 0.0276494 0.0282369 0.0279443 0.0279443 0.0151745 0.0248018 0.0223869 0.0222795 0.0282637 0.0273916 0.0264606 0.0250521 0.0260967 0.0285095 0.0285494 0.0276336 0.0276783 0.0198644 0.0170759 0.0148985 0.0146222 0.0170665 0.0154223 0.0148921 0.0178290 0.0148833 0.0146172 0.0143690 0.0227880 0.0151502 0.0146441 0.0140763 0.0504986 0.0252134 0.0312388 0.0277440 0.0282497 0.0227387 0.0151852 0.0279138 0.0194709 0.0208586 0.0273110 0.0153795 0.0211550 0.0275732 0.0214745 0.0285397 0.0282060 0.0285248 0.0273652 0.0291042 0.0288123 0.0270487 0.0276912 0.0267767 0.0267017 0.0287546 0.0272970 0.0282161 0.0285205 0.0140983 0.0279199 0.0146897 
Fatt_PCDH15         0.0312170 0.0251662 0.0240038 0.0262446 0.0262354 0.0262171 0.0262171 0.0304599 0.0258154 0.0043682 0.0026789 0.0292057 0.0014652 0.0014381 0.0017099 0.0022715 0.0137080 0.0288667 0.0298387 0.0294482 0.0276494 0.0000000 0.0017113 0.0009754 0.0012197 0.0244939 0.0182205 0.0293631 0.0298460 0.0027487 0.0022057 0.0033227 0.0027767 0.0011488 0.0019557 0.0036828 0.0025175 0.0022034 0.0184174 0.0275387 0.0245167 0.0247868 0.0276906 0.0258880 0.0253464 0.0278495 0.0250503 0.0247784 0.0252284 0.0123788 0.0258856 0.0259500 0.0253275 0.0375989 0.0141101 0.0054308 0.0036512 0.0044321 0.0159831 0.0277395 0.0012538 0.0109123 0.0112836 0.0007515 0.0262211 0.0113152 0.0164388 0.0116146 0.0020533 0.0020125 0.0014646 0.0007519 0.0024478 0.0016444 0.0017609 0.0016407 0.0024493 0.0030147 0.0024470 0.0019584 0.0019556 0.0019563 0.0233465 0.0017099 0.0248444 
Ggri_PCDH15         0.0315064 0.0243571 0.0243159 0.0265290 0.0265257 0.0265071 0.0265071 0.0307493 0.0258222 0.0043694 0.0029490 0.0295034 0.0017117 0.0017272 0.0019557 0.0025257 0.0139720 0.0291552 0.0301433 0.0297376 0.0282369 0.0017113 0.0000000 0.0017114 0.0019571 0.0244943 0.0178041 0.0296569 0.0298470 0.0030008 0.0024524 0.0038398 0.0024963 0.0017268 0.0022014 0.0039312 0.0027713 0.0024496 0.0187609 0.0278871 0.0247984 0.0250687 0.0276713 0.0261712 0.0256291 0.0271241 0.0253325 0.0250602 0.0255220 0.0126406 0.0261687 0.0262339 0.0256099 0.0373310 0.0135293 0.0051812 0.0039158 0.0041837 0.0159842 0.0285906 0.0020119 0.0100818 0.0112908 0.0015061 0.0267924 0.0113228 0.0161853 0.0116224 0.0023117 0.0022658 0.0022026 0.0015091 0.0026945 0.0016433 0.0020138 0.0016397 0.0026962 0.0027100 0.0026937 0.0022050 0.0022011 0.0022024 0.0236260 0.0019557 0.0248267 
Gmac39091_PCDH15    0.0306449 0.0251677 0.0243366 0.0262468 0.0262376 0.0262193 0.0262193 0.0304624 0.0255084 0.0040927 0.0026791 0.0292083 0.0014654 0.0014383 0.0017101 0.0022717 0.0131845 0.0288691 0.0298413 0.0294507 0.0279443 0.0009754 0.0017114 0.0000000 0.0007312 0.0244960 0.0178172 0.0290731 0.0298474 0.0027489 0.0022059 0.0035808 0.0024974 0.0014379 0.0019558 0.0036831 0.0025177 0.0022035 0.0190966 0.0279143 0.0245187 0.0247889 0.0276931 0.0258902 0.0253485 0.0278524 0.0250524 0.0247805 0.0252306 0.0118594 0.0258877 0.0259522 0.0253296 0.0369955 0.0141113 0.0054312 0.0036515 0.0044324 0.0162868 0.0283079 0.0012539 0.0100833 0.0110147 0.0007516 0.0268129 0.0110323 0.0164402 0.0113309 0.0020534 0.0020127 0.0014647 0.0007519 0.0024480 0.0016446 0.0017611 0.0016408 0.0024495 0.0027114 0.0024472 0.0019586 0.0019558 0.0019564 0.0233485 0.0017101 0.0248467 
Gmel_PCDH15         0.3225888 0.0251677 0.0243366 0.0262468 0.0262376 0.0262193 0.0262193 0.3333048 0.0255084 0.0040927 0.0026791 0.0292083 0.0017116 0.0017271 0.0019556 0.0025255 0.0270148 0.0288691 0.0298413 0.0294507 0.0279443 0.0012197 0.0019571 0.0007312 0.0000000 0.0244960 0.0174124 0.0290731 0.0298474 0.0030006 0.0024522 0.0035808 0.0024974 0.0017267 0.0022011 0.2527539 0.0027712 0.0024495 0.0186784 0.0279143 0.0245187 0.0247889 0.0276931 0.0258902 0.0253485 0.0278524 0.0250524 0.0247805 0.0252306 0.0255628 0.0258877 0.0259522 0.0253296 0.0500844 0.0146966 0.0056815 0.0039148 0.0163457 0.0162868 0.3082009 0.0015059 0.0109130 0.0115544 0.0010027 0.0270913 0.0115999 0.0298907 0.0119002 0.0023115 0.0020127 0.0017096 0.0010042 0.0026919 0.0016446 0.0020136 0.0019154 0.0026961 0.0027114 0.0026936 0.0022049 0.0022007 0.0022023 0.0233485 0.0144314 0.0248467 
Hamp_PCDH15         0.0170798 0.0059947 0.0046866 0.0142090 0.0145167 0.0145018 0.0145018 0.0163408 0.0156440 0.0217172 0.0235987 0.0171474 0.0242200 0.0242342 0.0244765 0.0247197 0.0223786 0.0155633 0.0161078 0.0166234 0.0151745 0.0244939 0.0244943 0.0244960 0.0244960 0.0000000 0.0236628 0.0205648 0.0216133 0.0244514 0.0245140 0.0229492 0.0216547 0.0230929 0.0250370 0.0250702 0.0235369 0.0231333 0.0197395 0.0042185 0.0034529 0.0039460 0.0047396 0.0041960 0.0036996 0.0055600 0.0034497 0.0032022 0.0038433 0.0209733 0.0041957 0.0042052 0.0036980 0.0462579 0.0209964 0.0264972 0.0249672 0.0247858 0.0193034 0.0154892 0.0237958 0.0181393 0.0190563 0.0237958 0.0148765 0.0195453 0.0247472 0.0195551 0.0246060 0.0246496 0.0244896 0.0238410 0.0256033 0.0256763 0.0241157 0.0245104 0.0239297 0.0225632 0.0252763 0.0238862 0.0247571 0.0250461 0.0047050 0.0244758 0.0033163 
Igeo_PCDH15         0.0273662 0.0241844 0.0241350 0.0228287 0.0237443 0.0228753 0.0228753 0.0254032 0.0241231 0.0178695 0.0173676 0.0253822 0.0174176 0.0182027 0.0170007 0.0170136 0.0185822 0.0262546 0.0261953 0.0262806 0.0248018 0.0182205 0.0178041 0.0178172 0.0174124 0.0236628 0.0000000 0.0269576 0.0283389 0.0170137 0.0178408 0.0178238 0.0170174 0.0152413 0.0173997 0.0174151 0.0166185 0.0166185 0.0144522 0.0251349 0.0240776 0.0244817 0.0254467 0.0257097 0.0252908 0.0260967 0.0248835 0.0248893 0.0249082 0.0165234 0.0257121 0.0252983 0.0248777 0.0185868 0.0194914 0.0198674 0.0186423 0.0166043 0.0111672 0.0239185 0.0178172 0.0168317 0.0173206 0.0178172 0.0231462 0.0173382 0.0194506 0.0176841 0.0186382 0.0182194 0.0182228 0.0178172 0.0186198 0.0181697 0.0165942 0.0181842 0.0177991 0.0199133 0.0190114 0.0161566 0.0173948 0.0173997 0.0236086 0.0173997 0.0242889 
Kbre_PCDH15         0.0249934 0.0229119 0.0200693 0.0211466 0.0227498 0.0227244 0.0227244 0.0247834 0.0243279 0.0266568 0.0276033 0.0253600 0.0290777 0.0282390 0.0293409 0.0297540 0.0271388 0.0242724 0.0244285 0.0254022 0.0223869 0.0293631 0.0296569 0.0290731 0.0290731 0.0205648 0.0269576 0.0000000 0.0070019 0.0291159 0.0293880 0.0288369 0.0270237 0.0260306 0.0293419 0.0293957 0.0279049 0.0285313 0.0234540 0.0205918 0.0189105 0.0197297 0.0225791 0.0208189 0.0202664 0.0222132 0.0199926 0.0197229 0.0202496 0.0256632 0.0208170 0.0205901 0.0194459 0.0409490 0.0276689 0.0323490 0.0300512 0.0293634 0.0209995 0.0150300 0.0281697 0.0229733 0.0247883 0.0281697 0.0154941 0.0258834 0.0283619 0.0247074 0.0294059 0.0290578 0.0299423 0.0294072 0.0302311 0.0287548 0.0284906 0.0276637 0.0282029 0.0274060 0.0295968 0.0281376 0.0290505 0.0299378 0.0191743 0.0293401 0.0188909 
Ksim_PCDH15         0.0244150 0.0253841 0.0220822 0.0210576 0.0219028 0.0234521 0.0234521 0.0251025 0.0246397 0.0268684 0.0282441 0.0257380 0.0298526 0.0293618 0.0301444 0.0306280 0.0270583 0.0232671 0.0244713 0.0245128 0.0222795 0.0298460 0.0298470 0.0298474 0.0298474 0.0216133 0.0283389 0.0070019 0.0000000 0.0299128 0.0301983 0.0289571 0.0280142 0.0272980 0.0301456 0.0302071 0.0285691 0.0292461 0.0236535 0.0228570 0.0194623 0.0203695 0.0232530 0.0212682 0.0203550 0.0243301 0.0206603 0.0200567 0.0206353 0.0263542 0.0215737 0.0213241 0.0200548 0.0430968 0.0279503 0.0328356 0.0309947 0.0288889 0.0219418 0.0154961 0.0288635 0.0257050 0.0250888 0.0288635 0.0160225 0.0266653 0.0290256 0.0257614 0.0302618 0.0298537 0.0308140 0.0302461 0.0311352 0.0309991 0.0298917 0.0290414 0.0288799 0.0292649 0.0301044 0.0288056 0.0298216 0.0308088 0.0209992 0.0301435 0.0218215 
Lacu_PCDH15         0.0310118 0.0255940 0.0246833 0.0265201 0.0262566 0.0268045 0.0268045 0.0302390 0.0258377 0.0044642 0.0026783 0.0295568 0.0027493 0.0025965 0.0029985 0.0033565 0.0131886 0.0291992 0.0298642 0.0297936 0.0282637 0.0027487 0.0030008 0.0027489 0.0030006 0.0244514 0.0170137 0.0291159 0.0299128 0.0000000 0.0030027 0.0041807 0.0028363 0.0017672 0.0027472 0.0040074 0.0025686 0.0024972 0.0195881 0.0279405 0.0247544 0.0255925 0.0279918 0.0261549 0.0256018 0.0285660 0.0252992 0.0250215 0.0254914 0.0118372 0.0261523 0.0262188 0.0255823 0.0241605 0.0135281 0.0052817 0.0034590 0.0047777 0.0159929 0.0283332 0.0028281 0.0112559 0.0109717 0.0023109 0.0268327 0.0110397 0.0159650 0.0113386 0.0030883 0.0030887 0.0032521 0.0025728 0.0037562 0.0027068 0.0025716 0.0028010 0.0032544 0.0040225 0.0037550 0.0027514 0.0027471 0.0032517 0.0235800 0.0029985 0.0254128 
Lalb_PCDH15         0.0312430 0.0252003 0.0243579 0.0262663 0.0262575 0.0262392 0.0262392 0.0304853 0.0255339 0.0040965 0.0029511 0.0292308 0.0017139 0.0023097 0.0019578 0.0025292 0.0137189 0.0288907 0.0298649 0.0294728 0.0273916 0.0022057 0.0024524 0.0022059 0.0024522 0.0245140 0.0178408 0.0293880 0.0301983 0.0030027 0.0000000 0.0035839 0.0024998 0.0023092 0.0026974 0.0039336 0.0027730 0.0024514 0.0191140 0.0279415 0.0245368 0.0248072 0.0277150 0.0259094 0.0253673 0.0278783 0.0250710 0.0247988 0.0252500 0.0123886 0.0259069 0.0259715 0.0253483 0.0382394 0.0147083 0.0056853 0.0033920 0.0051877 0.0163001 0.0283288 0.0025204 0.0109280 0.0115647 0.0020144 0.0268336 0.0116108 0.0169882 0.0119113 0.0028328 0.0027764 0.0026985 0.0020176 0.0031925 0.0026424 0.0020166 0.0019184 0.0031944 0.0033251 0.0031914 0.0027017 0.0022043 0.0026982 0.0233657 0.0024508 0.0248673 
Laus_PCDH15         0.0299480 0.0263838 0.0228124 0.0250416 0.0253000 0.0252817 0.0252817 0.0288659 0.0267844 0.0029957 0.0013790 0.0280636 0.0035815 0.0042499 0.0038363 0.0044990 0.0142991 0.0277544 0.0293194 0.0289400 0.0264606 0.0033227 0.0038398 0.0035808 0.0035808 0.0229492 0.0178238 0.0288369 0.0289571 0.0041807 0.0035839 0.0000000 0.0024986 0.0039421 0.0043536 0.0030659 0.0023614 0.0020386 0.0176785 0.0252043 0.0232565 0.0235366 0.0264648 0.0243857 0.0238248 0.0267452 0.0238102 0.0235283 0.0233208 0.0129101 0.0246749 0.0244461 0.0238063 0.0263369 0.0139422 0.0061812 0.0043484 0.0053996 0.0161842 0.0257577 0.0042177 0.0130083 0.0126548 0.0036857 0.0246711 0.0127454 0.0148806 0.0130615 0.0045821 0.0044831 0.0043555 0.0036882 0.0046142 0.0041849 0.0039523 0.0040265 0.0048759 0.0051587 0.0048713 0.0043606 0.0040948 0.0043550 0.0220491 0.0038363 0.0234129 
Lbor_PCDH15         0.0282563 0.0250012 0.0222466 0.0232494 0.0234865 0.0234611 0.0234611 0.0270856 0.0246747 0.0023003 0.0011677 0.0247884 0.0022189 0.0027982 0.0024956 0.0031655 0.0132229 0.0258534 0.0274130 0.0271327 0.0250521 0.0027767 0.0024963 0.0024974 0.0024974 0.0216547 0.0170174 0.0270237 0.0280142 0.0028363 0.0024998 0.0024986 0.0000000 0.0028000 0.0027755 0.0016607 0.0011060 0.0008291 0.0186370 0.0244748 0.0219719 0.0225835 0.0242017 0.0231957 0.0225876 0.0248840 0.0222632 0.0222670 0.0221580 0.0117215 0.0228833 0.0229471 0.0222594 0.0262802 0.0126618 0.0036191 0.0024985 0.0033396 0.0155832 0.0240749 0.0030566 0.0117368 0.0120330 0.0024974 0.0234458 0.0113858 0.0144482 0.0121162 0.0031242 0.0030559 0.0027769 0.0024974 0.0033358 0.0017324 0.0027755 0.0025773 0.0024958 0.0031240 0.0036144 0.0030599 0.0027750 0.0027748 0.0203629 0.0024956 0.0224173 
Lhos30470_PCDH15    0.0293333 0.0236982 0.0231287 0.0251118 0.0250968 0.0250684 0.0250684 0.0280821 0.0231450 0.0039487 0.0027856 0.0271070 0.0011496 0.0006212 0.0014368 0.0014372 0.0121794 0.0264790 0.0274730 0.0268268 0.0260967 0.0011488 0.0017268 0.0014379 0.0017267 0.0230929 0.0152413 0.0260306 0.0272980 0.0017672 0.0023092 0.0039421 0.0028000 0.0000000 0.0008603 0.0037553 0.0025933 0.0023040 0.0175078 0.0258932 0.0227799 0.0227688 0.0240452 0.0237238 0.0234190 0.0256660 0.0227556 0.0230858 0.0228897 0.0112501 0.0240529 0.0237754 0.0234040 0.0408234 0.0127927 0.0046385 0.0037710 0.0040492 0.0141813 0.0253119 0.0017267 0.0097826 0.0099034 0.0011489 0.0243639 0.0091681 0.0159942 0.0098555 0.0017678 0.0017278 0.0017264 0.0011489 0.0023046 0.0014982 0.0011489 0.0015292 0.0011487 0.0016967 0.0020148 0.0005736 0.0011486 0.0011485 0.0217812 0.0014368 0.0232692 
Lhos452_PCDH15      0.0317714 0.0259417 0.0246511 0.0267921 0.0267942 0.0267755 0.0267755 0.0310139 0.0264144 0.0046423 0.0029474 0.0297764 0.0009760 0.0008616 0.0012194 0.0017641 0.0142252 0.0294202 0.0304223 0.0300029 0.0285095 0.0019557 0.0022014 0.0019558 0.0022011 0.0250370 0.0173997 0.0293419 0.0301456 0.0027472 0.0026974 0.0043536 0.0027755 0.0008603 0.0000000 0.0041768 0.0027699 0.0026945 0.0194226 0.0286332 0.0250603 0.0253307 0.0282751 0.0264334 0.0258913 0.0278323 0.0255944 0.0253221 0.0255028 0.0128927 0.0264309 0.0264968 0.0258719 0.0381767 0.0143952 0.0049299 0.0031254 0.0049280 0.0159744 0.0288527 0.0020108 0.0109050 0.0118167 0.0015062 0.0273817 0.0115919 0.0169639 0.0121766 0.0012807 0.0012554 0.0019554 0.0015079 0.0019557 0.0009842 0.0010042 0.0010923 0.0019568 0.0021054 0.0019550 0.0009767 0.0009752 0.0012208 0.0238868 0.0012194 0.0248310 
Lobl_PCDH15         0.1108897 0.0263490 0.0256703 0.0273844 0.0273988 0.0273796 0.0273796 0.1127107 0.0267505 0.0035429 0.0021409 0.0303995 0.0036836 0.0037560 0.0039283 0.0045664 0.2379668 0.0294605 0.0310606 0.0306088 0.0285494 0.0036828 0.0039312 0.0036831 0.2527539 0.0250702 0.0174151 0.0293957 0.0302071 0.0040074 0.0039336 0.0030659 0.0016607 0.0037553 0.0041768 0.0000000 0.0017602 0.0019571 0.4296315 0.0279351 0.0250936 0.0248131 0.0280199 0.0259048 0.0253628 0.0278559 0.0256284 0.0253558 0.0249354 0.2315539 0.0264663 0.0265324 0.0253545 0.3311426 0.0152863 0.0061800 0.0041735 0.2112444 0.0168963 0.1045853 0.0040415 0.0125689 0.0126401 0.0035318 0.0271187 0.0124477 0.2420551 0.0130456 0.0043863 0.0040438 0.0041784 0.0032803 0.0046705 0.0029678 0.0037880 0.0038446 0.0046776 0.0045389 0.0046733 0.0041831 0.0041766 0.0041780 0.0239182 0.2001968 0.0251575 
Lobs_PCDH15         0.0307155 0.0250070 0.0243570 0.0258780 0.0258815 0.0258558 0.0258558 0.0299413 0.0254222 0.0027188 0.0010672 0.0289328 0.0025181 0.0025938 0.0027693 0.0033843 0.0133044 0.0279928 0.0295536 0.0291657 0.0276336 0.0025175 0.0027713 0.0025177 0.0027712 0.0235369 0.0166185 0.0279049 0.0285691 0.0025686 0.0027730 0.0023614 0.0011060 0.0025933 0.0027699 0.0017602 0.0000000 0.0007521 0.0197853 0.0267563 0.0235592 0.0241180 0.0264521 0.0249662 0.0244103 0.0268055 0.0241073 0.0238282 0.0242098 0.0119398 0.0249638 0.0250275 0.0243915 0.0381987 0.0139760 0.0045547 0.0031231 0.0043053 0.0162998 0.0268783 0.0027712 0.0121534 0.0113520 0.0022647 0.0252759 0.0110865 0.0166569 0.0116972 0.0030881 0.0030268 0.0030244 0.0023311 0.0035323 0.0019745 0.0028516 0.0027396 0.0025161 0.0036253 0.0035311 0.0030278 0.0030231 0.0027693 0.0223623 0.0027693 0.0242246 
LperAUS_PCDH15      0.0309616 0.0247712 0.0233713 0.0259890 0.0259745 0.0259563 0.0259563 0.0302036 0.0255355 0.0024458 0.0008001 0.0289410 0.0022033 0.0023045 0.0024479 0.0030352 0.0134590 0.0280483 0.0295684 0.0291911 0.0276783 0.0022034 0.0024496 0.0022035 0.0024495 0.0231333 0.0166185 0.0285313 0.0292461 0.0024972 0.0024514 0.0020386 0.0008291 0.0023040 0.0026945 0.0019571 0.0007521 0.0000000 0.0191114 0.0261012 0.0231546 0.0234240 0.0262247 0.0245209 0.0239809 0.0260997 0.0236871 0.0234160 0.0237879 0.0121306 0.0245186 0.0245794 0.0239631 0.0379430 0.0144185 0.0046829 0.0028616 0.0041873 0.0160010 0.0274970 0.0020123 0.0117405 0.0115657 0.0020123 0.0259663 0.0116007 0.0167234 0.0119124 0.0028295 0.0027733 0.0026956 0.0020132 0.0031890 0.0019745 0.0025186 0.0024646 0.0031910 0.0033216 0.0031880 0.0026985 0.0026944 0.0026953 0.0225471 0.0024479 0.0232921 
Lvex_PCDH15         0.3629624 0.0213773 0.0213296 0.0187478 0.0199801 0.0189173 0.0189173 0.3783867 0.0204554 0.0180867 0.0195963 0.0235223 0.0187614 0.0199582 0.0190785 0.0191644 0.0154649 0.0222285 0.0233886 0.0225672 0.0198644 0.0184174 0.0187609 0.0190966 0.0186784 0.0197395 0.0144522 0.0234540 0.0236535 0.0195881 0.0191140 0.0176785 0.0186370 0.0175078 0.0194226 0.4296315 0.0197853 0.0191114 0.0000000 0.0208099 0.0184101 0.0187437 0.0225201 0.0190630 0.0187492 0.0234347 0.0194010 0.0187313 0.0195598 0.0134331 0.0200732 0.0194339 0.0180555 0.0413248 0.0163703 0.0211296 0.0206234 0.0186554 0.0117581 0.3512005 0.0187572 0.0123575 0.0119316 0.0187572 0.0182293 0.0124137 0.0155669 0.0127813 0.0199371 0.0187763 0.0197700 0.0191490 0.0200623 0.0209885 0.0187852 0.0205847 0.0190794 0.0194774 0.0200989 0.0183720 0.0194187 0.0194165 0.0194101 0.0183925 0.0190639 
Mbid_PCDH15         0.0174307 0.0095516 0.0074522 0.0157065 0.0157220 0.0167564 0.0167564 0.0185408 0.0161966 0.0242251 0.0263528 0.0178222 0.0275460 0.0266770 0.0278843 0.0275218 0.0255041 0.0168032 0.0175086 0.0182048 0.0170759 0.0275387 0.0278871 0.0279143 0.0279143 0.0042185 0.0251349 0.0205918 0.0228570 0.0279405 0.0279415 0.0252043 0.0244748 0.0258932 0.0286332 0.0279351 0.0267563 0.0261012 0.0208099 0.0000000 0.0038899 0.0038844 0.0044203 0.0032317 0.0029096 0.0045927 0.0035593 0.0032337 0.0030399 0.0243402 0.0045386 0.0045485 0.0042118 0.0389396 0.0243308 0.0290542 0.0280054 0.0275712 0.0204547 0.0143053 0.0271002 0.0188315 0.0211474 0.0271002 0.0146720 0.0216819 0.0283081 0.0207770 0.0278965 0.0282493 0.0271668 0.0271691 0.0293913 0.0292749 0.0275368 0.0274715 0.0271563 0.0248562 0.0285720 0.0270907 0.0282593 0.0286473 0.0058629 0.0278833 0.0052656 
Mbow_PCDH15         0.0170818 0.0081604 0.0061790 0.0142106 0.0147839 0.0147686 0.0147686 0.0168685 0.0162205 0.0214109 0.0239219 0.0171495 0.0242424 0.0245842 0.0244992 0.0247434 0.0223989 0.0155651 0.0163854 0.0166254 0.0148985 0.0245167 0.0247984 0.0245187 0.0245187 0.0034529 0.0240776 0.0189105 0.0194623 0.0247544 0.0245368 0.0232565 0.0219719 0.0227799 0.0250603 0.0250936 0.0235592 0.0231546 0.0184101 0.0038899 0.0000000 0.0019628 0.0036757 0.0027044 0.0022116 0.0043108 0.0019635 0.0012253 0.0022965 0.0209920 0.0027042 0.0027102 0.0022101 0.0472170 0.0222342 0.0265222 0.0249920 0.0248089 0.0193082 0.0149641 0.0232451 0.0176994 0.0193521 0.0238184 0.0151536 0.0201513 0.0250387 0.0201614 0.0249180 0.0246732 0.0245123 0.0238637 0.0256273 0.0256883 0.0241387 0.0245198 0.0239518 0.0229088 0.0252999 0.0239082 0.0247802 0.0250695 0.0049552 0.0244985 0.0044333 
Mcar_PCDH15         0.0173347 0.0077931 0.0055800 0.0144628 0.0150417 0.0144949 0.0144949 0.0171220 0.0159202 0.0214011 0.0245169 0.0168650 0.0245124 0.0245719 0.0247691 0.0244500 0.0232071 0.0158185 0.0166520 0.0168792 0.0146222 0.0247868 0.0250687 0.0247889 0.0247889 0.0039460 0.0244817 0.0197297 0.0203695 0.0255925 0.0248072 0.0235366 0.0225835 0.0227688 0.0253307 0.0248131 0.0241180 0.0234240 0.0187437 0.0038844 0.0019628 0.0000000 0.0042005 0.0031960 0.0027030 0.0039948 0.0024543 0.0017153 0.0028068 0.0217947 0.0031958 0.0032030 0.0022081 0.0481263 0.0231301 0.0270791 0.0255723 0.0256309 0.0199089 0.0146959 0.0243771 0.0176894 0.0201828 0.0243771 0.0148722 0.0210295 0.0258595 0.0210401 0.0254902 0.0252333 0.0247824 0.0241415 0.0258982 0.0264261 0.0244166 0.0251301 0.0247705 0.0228971 0.0255700 0.0241772 0.0250503 0.0253399 0.0054529 0.0247684 0.0041515 
Mden_PCDH15         0.0190891 0.0062323 0.0064461 0.0165672 0.0172234 0.0172042 0.0172042 0.0191485 0.0176745 0.0243105 0.0273427 0.0185902 0.0273950 0.0263355 0.0276691 0.0270336 0.0256860 0.0180317 0.0187335 0.0191734 0.0170665 0.0276906 0.0276713 0.0276931 0.0276931 0.0047396 0.0254467 0.0225791 0.0232530 0.0279918 0.0277150 0.0264648 0.0242017 0.0240452 0.0282751 0.0280199 0.0264521 0.0262247 0.0225201 0.0044203 0.0036757 0.0042005 0.0000000 0.0044669 0.0039402 0.0040137 0.0031452 0.0034092 0.0024367 0.0241608 0.0031446 0.0034126 0.0028819 0.0524347 0.0247391 0.0298619 0.0276461 0.0280079 0.0224143 0.0171023 0.0270320 0.0195637 0.0225248 0.0264117 0.0166099 0.0227997 0.0285619 0.0222330 0.0282682 0.0279557 0.0273903 0.0263444 0.0285852 0.0264990 0.0266382 0.0268525 0.0270794 0.0254130 0.0285281 0.0270264 0.0279726 0.0279908 0.0066212 0.0276682 0.0057746 
Meur_PCDH15         0.0178593 0.0081472 0.0064695 0.0149827 0.0155736 0.0155575 0.0155575 0.0176479 0.0164901 0.0222971 0.0254205 0.0176790 0.0256126 0.0258725 0.0258694 0.0258687 0.0237489 0.0163424 0.0172043 0.0168783 0.0154223 0.0258880 0.0261712 0.0258902 0.0258902 0.0041960 0.0257097 0.0208189 0.0212682 0.0261549 0.0259094 0.0243857 0.0231957 0.0237238 0.0264334 0.0259048 0.0249662 0.0245209 0.0190630 0.0032317 0.0027044 0.0031960 0.0044669 0.0000000 0.0019626 0.0043042 0.0027019 0.0024554 0.0020378 0.0223326 0.0034444 0.0034521 0.0029481 0.0487428 0.0231187 0.0279057 0.0264539 0.0261825 0.0198947 0.0157363 0.0252252 0.0181019 0.0204558 0.0252252 0.0159632 0.0213180 0.0261330 0.0213287 0.0263594 0.0260840 0.0258834 0.0252733 0.0270036 0.0268001 0.0255490 0.0260571 0.0253197 0.0235631 0.0266719 0.0252735 0.0261518 0.0264432 0.0059534 0.0258687 0.0047081 
Mgin_PCDH15         0.0173406 0.0074350 0.0058789 0.0144678 0.0150470 0.0150314 0.0150314 0.0171280 0.0162129 0.0220104 0.0245265 0.0174174 0.0250714 0.0252379 0.0253282 0.0255996 0.0232152 0.0158239 0.0163812 0.0168850 0.0148921 0.0253464 0.0256291 0.0253485 0.0253485 0.0036996 0.0252908 0.0202664 0.0203550 0.0256018 0.0253673 0.0238248 0.0225876 0.0234190 0.0258913 0.0253628 0.0244103 0.0239809 0.0187492 0.0029096 0.0022116 0.0027030 0.0039402 0.0019626 0.0000000 0.0036884 0.0022096 0.0019634 0.0015276 0.0218023 0.0029509 0.0029575 0.0024564 0.0481446 0.0225097 0.0273598 0.0258766 0.0256401 0.0189957 0.0152213 0.0246694 0.0172676 0.0199071 0.0246694 0.0154232 0.0207381 0.0255919 0.0204535 0.0257902 0.0255268 0.0253419 0.0247164 0.0264603 0.0264122 0.0249919 0.0251402 0.0247793 0.0232419 0.0261302 0.0247341 0.0256102 0.0259008 0.0054548 0.0253275 0.0044324 
