88
Bacu_RYR2         0.0000000 0.0190354 0.0192576 0.0063104 0.0067297 0.0074078 0.0071081 0.0105822 0.0223996 0.0068063 0.0097356 0.0075663 0.0217630 0.0215910 0.0107126 0.0203461 0.0207189 0.0205488 0.0209533 0.0203143 0.0186173 0.0111121 0.0098044 0.0106953 0.0095977 0.0192940 0.0194006 0.0190060 0.0198684 0.0171301 0.0213492 0.0255902 0.0234812 0.0206301 0.0212658 0.0219652 0.0201780 0.0197660 0.0194673 0.0216525 0.0209891 0.0216229 0.0188468 0.0179244 0.0173598 0.0198597 0.0169291 0.0179731 0.0180596 0.0169709 0.0180692 0.0171898 0.0195001 0.0185650 0.0190256 0.0176804 0.0187285 0.0183868 0.0206660 0.0199685 0.0197918 0.0205983 0.0197128 0.0196810 0.0191212 0.0186636 0.0191474 0.0218141 0.0181372 0.0210739 0.0179724 0.0202935 0.0205061 0.0198838 0.0190560 0.0202601 0.0203680 0.0201596 0.0191236 0.0187717 0.0206963 0.0201536 0.0199265 0.0206117 0.0201664 0.0170697 0.0207164 0.0179551 
Barn_RYR2         0.0190354 0.0000000 0.0008950 0.0181634 0.0185881 0.0186777 0.0188531 0.0241280 0.0308943 0.0173810 0.0179205 0.0191865 0.0166935 0.0167179 0.0181755 0.0155209 0.0156485 0.0156383 0.0156948 0.0152814 0.0126056 0.0159818 0.0156934 0.0160367 0.0167998 0.0143291 0.0143200 0.0138177 0.0142813 0.0061875 0.0153646 0.0220061 0.0204101 0.0161438 0.0154366 0.0174230 0.0167244 0.0148142 0.0153540 0.0162453 0.0158962 0.0170583 0.0070512 0.0071421 0.0069679 0.0076823 0.0066781 0.0071984 0.0071263 0.0069532 0.0074454 0.0062525 0.0133029 0.0079519 0.0085528 0.0068905 0.0129828 0.0130098 0.0152087 0.0148475 0.0151128 0.0142182 0.0163474 0.0144179 0.0142331 0.0125344 0.0142288 0.0178066 0.0127337 0.0136130 0.0124273 0.0159385 0.0160899 0.0155807 0.0151128 0.0156959 0.0152935 0.0157814 0.0151242 0.0153831 0.0155254 0.0155236 0.0155202 0.0157785 0.0150076 0.0068607 0.0159309 0.0071892 
Bbai76728_RYR2    0.0192576 0.0008950 0.0000000 0.0218865 0.0188976 0.0189739 0.0190752 0.0229994 0.0281036 0.0183350 0.0214787 0.0188913 0.0168356 0.0166745 0.0193699 0.0156001 0.0158155 0.0156934 0.0158319 0.0155752 0.0129821 0.0161584 0.0159873 0.0165450 0.0205324 0.0145637 0.0146568 0.0144305 0.0147954 0.0063207 0.0161191 0.0214991 0.0207381 0.0158253 0.0153395 0.0172922 0.0166889 0.0153298 0.0156833 0.0162618 0.0159864 0.0166255 0.0076905 0.0073708 0.0070965 0.0075944 0.0067957 0.0072126 0.0065579 0.0071242 0.0077757 0.0067434 0.0137253 0.0078522 0.0086559 0.0073907 0.0131903 0.0133481 0.0152751 0.0149739 0.0148950 0.0155713 0.0163568 0.0148174 0.0145882 0.0127436 0.0146734 0.0182808 0.0130449 0.0136924 0.0126132 0.0158304 0.0159968 0.0156520 0.0150864 0.0159876 0.0145263 0.0156170 0.0151241 0.0153934 0.0153800 0.0155134 0.0152732 0.0159069 0.0152909 0.0074838 0.0158276 0.0073933 
BbonAUS_RYR2      0.0063104 0.0181634 0.0218865 0.0000000 0.0083033 0.0093681 0.0090544 0.0122806 0.0222957 0.0087113 0.0061699 0.0091488 0.0239817 0.0238575 0.0135264 0.0231198 0.0206079 0.0231332 0.0230462 0.0199663 0.0205762 0.0127701 0.0115353 0.0124371 0.0068207 0.0217629 0.0217241 0.0215543 0.0218846 0.0201266 0.0243098 0.0265731 0.0257472 0.0229484 0.0223035 0.0242382 0.0227187 0.0196385 0.0221391 0.0233513 0.0234208 0.0238986 0.0189090 0.0210241 0.0201879 0.0207311 0.0201797 0.0208928 0.0214804 0.0195193 0.0209672 0.0200738 0.0212821 0.0212589 0.0220356 0.0202845 0.0206212 0.0206767 0.0226073 0.0220485 0.0218946 0.0233852 0.0211576 0.0222615 0.0226975 0.0209311 0.0216670 0.0222036 0.0213259 0.0219065 0.0210160 0.0230673 0.0229351 0.0225525 0.0218295 0.0227785 0.0228805 0.0226352 0.0221212 0.0216241 0.0232331 0.0226277 0.0227034 0.0231870 0.0229215 0.0200073 0.0228598 0.0211037 
Bbor_RYR2         0.0067297 0.0185881 0.0188976 0.0083033 0.0000000 0.0015789 0.0016088 0.0079231 0.0235904 0.0058181 0.0081787 0.0025366 0.0214297 0.0211496 0.0108419 0.0203928 0.0209612 0.0203024 0.0205937 0.0203289 0.0174648 0.0103201 0.0096687 0.0101809 0.0087142 0.0184274 0.0187156 0.0187140 0.0188429 0.0163273 0.0213044 0.0233993 0.0223257 0.0199241 0.0192378 0.0210007 0.0199889 0.0201732 0.0194986 0.0205521 0.0204535 0.0207043 0.0186435 0.0174343 0.0172054 0.0173753 0.0167563 0.0170838 0.0171146 0.0170981 0.0176001 0.0171071 0.0184553 0.0181121 0.0187256 0.0172662 0.0173373 0.0178021 0.0196216 0.0194224 0.0194243 0.0200665 0.0173381 0.0191898 0.0183408 0.0176487 0.0189318 0.0215703 0.0175075 0.0183686 0.0176261 0.0203117 0.0203000 0.0196594 0.0191528 0.0203037 0.0197834 0.0200702 0.0192521 0.0190634 0.0205766 0.0199103 0.0198394 0.0202823 0.0198324 0.0162811 0.0201697 0.0181696 
Bede66737_RYR2    0.0074078 0.0186777 0.0189739 0.0093681 0.0015789 0.0000000 0.0001541 0.0085932 0.0236590 0.0064933 0.0088594 0.0012479 0.0216706 0.0214301 0.0109202 0.0202344 0.0208906 0.0202812 0.0205690 0.0203668 0.0177216 0.0101873 0.0094332 0.0099442 0.0088514 0.0185990 0.0187205 0.0188879 0.0190083 0.0167589 0.0212790 0.0233556 0.0223030 0.0200336 0.0193128 0.0213884 0.0201591 0.0200431 0.0196109 0.0209439 0.0207342 0.0210240 0.0186235 0.0179526 0.0176308 0.0179533 0.0171767 0.0176870 0.0176973 0.0173905 0.0179215 0.0173388 0.0186204 0.0186198 0.0189852 0.0176891 0.0177619 0.0182306 0.0199900 0.0195243 0.0194971 0.0203085 0.0175176 0.0193032 0.0186737 0.0180269 0.0189540 0.0215702 0.0175447 0.0187027 0.0177299 0.0202873 0.0204972 0.0197727 0.0190930 0.0204111 0.0193124 0.0201359 0.0191840 0.0192500 0.0203995 0.0199779 0.0196505 0.0202615 0.0198107 0.0166899 0.0202335 0.0180552 
BedeAUS_RYR2      0.0071081 0.0188531 0.0190752 0.0090544 0.0016088 0.0001541 0.0000000 0.0088078 0.0230403 0.0065614 0.0087851 0.0012895 0.0215232 0.0210843 0.0109966 0.0203192 0.0207763 0.0202266 0.0204378 0.0202959 0.0172494 0.0098901 0.0093333 0.0096662 0.0087879 0.0184712 0.0185601 0.0186441 0.0188234 0.0166274 0.0212971 0.0233872 0.0223192 0.0199736 0.0192263 0.0211188 0.0202676 0.0199812 0.0193655 0.0206500 0.0205931 0.0208467 0.0186844 0.0178816 0.0172965 0.0176645 0.0169870 0.0174039 0.0176105 0.0172985 0.0180678 0.0172926 0.0182584 0.0182169 0.0191121 0.0174397 0.0173705 0.0179280 0.0195838 0.0192845 0.0194166 0.0200649 0.0172847 0.0191256 0.0185588 0.0175617 0.0189410 0.0218097 0.0174268 0.0184230 0.0175847 0.0203223 0.0202592 0.0196564 0.0191025 0.0200364 0.0195092 0.0200316 0.0192406 0.0192096 0.0204758 0.0198681 0.0197519 0.0202928 0.0198749 0.0167510 0.0200913 0.0181491 
Bmus_RYR2         0.0105822 0.0241280 0.0229994 0.0122806 0.0079231 0.0085932 0.0088078 0.0000000 0.0313350 0.0094927 0.0120963 0.0093004 0.0245912 0.0247494 0.0141958 0.0242286 0.0248434 0.0241121 0.0236425 0.0242336 0.0209448 0.0133790 0.0128213 0.0131773 0.0123470 0.0226545 0.0229335 0.0227990 0.0227163 0.0203757 0.0256000 0.0279351 0.0261219 0.0242299 0.0253592 0.0249729 0.0238733 0.0232955 0.0234005 0.0264110 0.0243302 0.0247371 0.0222103 0.0210243 0.0209572 0.0224735 0.0207557 0.0211777 0.0217136 0.0205931 0.0215853 0.0207422 0.0217727 0.0221009 0.0227972 0.0212167 0.0232395 0.0215628 0.0237136 0.0233132 0.0250166 0.0239671 0.0225045 0.0232060 0.0240385 0.0219065 0.0230059 0.0254053 0.0218041 0.0260763 0.0211880 0.0240937 0.0239643 0.0235016 0.0228949 0.0238845 0.0238094 0.0239698 0.0226625 0.0230077 0.0241277 0.0238116 0.0233466 0.0239798 0.0238565 0.0202651 0.0243638 0.0223350 
Bmys_RYR2         0.0223996 0.0308943 0.0281036 0.0222957 0.0235904 0.0236590 0.0230403 0.0313350 0.0000000 0.0210401 0.0214634 0.0228450 0.0294236 0.0282396 0.0226962 0.0280153 0.0282870 0.0281420 0.0277126 0.0280368 0.0231810 0.0157882 0.0157595 0.0158733 0.0205196 0.0266804 0.0264119 0.0253331 0.0257944 0.0246237 0.0329953 0.0332489 0.0334272 0.0281783 0.0262459 0.0286766 0.0287218 0.0283860 0.0283680 0.0272114 0.0264904 0.0279646 0.0283107 0.0261637 0.0261073 0.0265026 0.0260533 0.0260868 0.0339816 0.0252849 0.0259796 0.0273723 0.0238810 0.0264740 0.0275753 0.0260912 0.0239368 0.0241807 0.0267562 0.0265243 0.0275352 0.0292272 0.0252446 0.0276938 0.0284163 0.0234506 0.0264447 0.0210906 0.0235900 0.0237528 0.0244021 0.0272482 0.0284080 0.0272275 0.0265897 0.0267678 0.0334352 0.0281824 0.0270215 0.0281166 0.0286892 0.0272036 0.0273848 0.0282402 0.0281876 0.0248833 0.0274848 0.0261373 
Bphy_RYR2         0.0068063 0.0173810 0.0183350 0.0087113 0.0058181 0.0064933 0.0065614 0.0094927 0.0210401 0.0000000 0.0040210 0.0061516 0.0212815 0.0211209 0.0101902 0.0200048 0.0203005 0.0201470 0.0201988 0.0202417 0.0173382 0.0097030 0.0084218 0.0088921 0.0088163 0.0184951 0.0185265 0.0182283 0.0184336 0.0164975 0.0214083 0.0229795 0.0217087 0.0198201 0.0193017 0.0213679 0.0207598 0.0198546 0.0194452 0.0204369 0.0202686 0.0210629 0.0183100 0.0176269 0.0171726 0.0175052 0.0170271 0.0175932 0.0178252 0.0169059 0.0177774 0.0166911 0.0180387 0.0182326 0.0187137 0.0173363 0.0168450 0.0172347 0.0202046 0.0191984 0.0192382 0.0198462 0.0177289 0.0189031 0.0175812 0.0175133 0.0184046 0.0211683 0.0173310 0.0181017 0.0171779 0.0198116 0.0202262 0.0196067 0.0189591 0.0200912 0.0188902 0.0199961 0.0192037 0.0190237 0.0200131 0.0197203 0.0195571 0.0204089 0.0196234 0.0161443 0.0198378 0.0175909 
Bphy_baits_RYR2   0.0097356 0.0179205 0.0214787 0.0061699 0.0081787 0.0088594 0.0087851 0.0120963 0.0214634 0.0040210 0.0000000 0.0085361 0.0237952 0.0234204 0.0133648 0.0227540 0.0198643 0.0228629 0.0229582 0.0196912 0.0195171 0.0122692 0.0115035 0.0118407 0.0062227 0.0211560 0.0213180 0.0211126 0.0213956 0.0194924 0.0247009 0.0261299 0.0249166 0.0223537 0.0221041 0.0238187 0.0232713 0.0193490 0.0220914 0.0230001 0.0227435 0.0233068 0.0182609 0.0205436 0.0199198 0.0203953 0.0198024 0.0205508 0.0204022 0.0198024 0.0211148 0.0196111 0.0203336 0.0209521 0.0217925 0.0198573 0.0194647 0.0199561 0.0220312 0.0214282 0.0217681 0.0221867 0.0202907 0.0213968 0.0213015 0.0196817 0.0214390 0.0208075 0.0198101 0.0206810 0.0197293 0.0226442 0.0228275 0.0221874 0.0214965 0.0225023 0.0229722 0.0227002 0.0220793 0.0214848 0.0230209 0.0224354 0.0223120 0.0231049 0.0223308 0.0196371 0.0226769 0.0206533 
Bric_RYR2         0.0075663 0.0191865 0.0188913 0.0091488 0.0025366 0.0012479 0.0012895 0.0093004 0.0228450 0.0061516 0.0085361 0.0000000 0.0214935 0.0212638 0.0109493 0.0201892 0.0206416 0.0202277 0.0215863 0.0203197 0.0187074 0.0102371 0.0094591 0.0099585 0.0087987 0.0184785 0.0186786 0.0187711 0.0203791 0.0166581 0.0215955 0.0248209 0.0223542 0.0200546 0.0207881 0.0213188 0.0200077 0.0201214 0.0196399 0.0226889 0.0205803 0.0208721 0.0187611 0.0174312 0.0172888 0.0205191 0.0173593 0.0177396 0.0183151 0.0172437 0.0179215 0.0171129 0.0195182 0.0183279 0.0187108 0.0174449 0.0193700 0.0179184 0.0198489 0.0193916 0.0213037 0.0205278 0.0189867 0.0192631 0.0187981 0.0181033 0.0189078 0.0215827 0.0178051 0.0223061 0.0178064 0.0202203 0.0203377 0.0196364 0.0189699 0.0201851 0.0195125 0.0200728 0.0191323 0.0191988 0.0205196 0.0199172 0.0196774 0.0202792 0.0197505 0.0169200 0.0204927 0.0182645 
Ccom40_RYR2       0.0217630 0.0166935 0.0168356 0.0239817 0.0214297 0.0216706 0.0215232 0.0245912 0.0294236 0.0212815 0.0237952 0.0214935 0.0000000 0.0014224 0.0203348 0.0053466 0.0056442 0.0057838 0.0058308 0.0054506 0.0093932 0.0184392 0.0182286 0.0187847 0.0224806 0.0054022 0.0051440 0.0053210 0.0056586 0.0154429 0.0163934 0.0236085 0.0225436 0.0071930 0.0066913 0.0011707 0.0024633 0.0056332 0.0051370 0.0024261 0.0025214 0.0021888 0.0163093 0.0161517 0.0160167 0.0165788 0.0153950 0.0162957 0.0160485 0.0157433 0.0163558 0.0155579 0.0102742 0.0164068 0.0170900 0.0157984 0.0102908 0.0103864 0.0066996 0.0058318 0.0063551 0.0153608 0.0192660 0.0063406 0.0112658 0.0099129 0.0056645 0.0225110 0.0099092 0.0110285 0.0098203 0.0056153 0.0053632 0.0057579 0.0053162 0.0055745 0.0064738 0.0060067 0.0051655 0.0055703 0.0054853 0.0054950 0.0058366 0.0064445 0.0058092 0.0161931 0.0060875 0.0161444 
Chea7320_RYR2     0.0215910 0.0167179 0.0166745 0.0238575 0.0211496 0.0214301 0.0210843 0.0247494 0.0282396 0.0211209 0.0234204 0.0212638 0.0014224 0.0000000 0.0204104 0.0049824 0.0051839 0.0053539 0.0053558 0.0048328 0.0091485 0.0184540 0.0181115 0.0188024 0.0224889 0.0052114 0.0049636 0.0049840 0.0053543 0.0154971 0.0155522 0.0237075 0.0226168 0.0065680 0.0060427 0.0009736 0.0020285 0.0048493 0.0044667 0.0020146 0.0019761 0.0016220 0.0158415 0.0161539 0.0157000 0.0166035 0.0151668 0.0160171 0.0159086 0.0156281 0.0162259 0.0151509 0.0100124 0.0163276 0.0166625 0.0155612 0.0098727 0.0099961 0.0064720 0.0055990 0.0058230 0.0146204 0.0190279 0.0061024 0.0108455 0.0097275 0.0053836 0.0220601 0.0094311 0.0105283 0.0090775 0.0052621 0.0049257 0.0053864 0.0048301 0.0051763 0.0058069 0.0052995 0.0046469 0.0053257 0.0050039 0.0049913 0.0050760 0.0056397 0.0052848 0.0158583 0.0055848 0.0157692 
Cmar59905_RYR2    0.0107126 0.0181755 0.0193699 0.0135264 0.0108419 0.0109202 0.0109966 0.0141958 0.0226962 0.0101902 0.0133648 0.0109493 0.0203348 0.0204104 0.0000000 0.0200326 0.0204556 0.0201525 0.0201954 0.0201894 0.0179316 0.0110338 0.0104542 0.0110403 0.0128988 0.0190451 0.0189433 0.0189320 0.0192161 0.0176238 0.0206377 0.0241141 0.0232058 0.0200013 0.0196306 0.0209054 0.0199435 0.0202336 0.0197812 0.0203333 0.0198771 0.0203661 0.0198190 0.0182056 0.0177972 0.0188041 0.0179243 0.0183631 0.0173009 0.0176818 0.0188708 0.0174774 0.0188183 0.0190333 0.0201114 0.0181214 0.0176113 0.0179191 0.0198453 0.0198186 0.0199287 0.0200833 0.0183273 0.0194293 0.0190025 0.0175831 0.0192878 0.0237597 0.0173948 0.0185430 0.0176722 0.0201525 0.0203053 0.0198942 0.0194037 0.0200770 0.0191905 0.0202063 0.0193347 0.0198768 0.0206079 0.0200252 0.0198238 0.0206842 0.0196778 0.0177582 0.0202819 0.0182313 
Dcap108471_RYR2   0.0203461 0.0155209 0.0156001 0.0231198 0.0203928 0.0202344 0.0203192 0.0242286 0.0280153 0.0200048 0.0227540 0.0201892 0.0053466 0.0049824 0.0200326 0.0000000 0.0003168 0.0004459 0.0003696 0.0006777 0.0077970 0.0180580 0.0179310 0.0184290 0.0216732 0.0044662 0.0042239 0.0041766 0.0045021 0.0141471 0.0145743 0.0232157 0.0221789 0.0058869 0.0045731 0.0052030 0.0045109 0.0024754 0.0023477 0.0045715 0.0042995 0.0048060 0.0145840 0.0150379 0.0144564 0.0153173 0.0140362 0.0148060 0.0145267 0.0146129 0.0153545 0.0142175 0.0083424 0.0151174 0.0154738 0.0146060 0.0085899 0.0086496 0.0054471 0.0046302 0.0048084 0.0137423 0.0179692 0.0049023 0.0095659 0.0083334 0.0046895 0.0210834 0.0082162 0.0091580 0.0077214 0.0015904 0.0019495 0.0044383 0.0040322 0.0028125 0.0029401 0.0020927 0.0021099 0.0031946 0.0017346 0.0013437 0.0020233 0.0019337 0.0019259 0.0149877 0.0021557 0.0146374 
Dcap79929_RYR2    0.0207189 0.0156485 0.0158155 0.0206079 0.0209612 0.0208906 0.0207763 0.0248434 0.0282870 0.0203005 0.0198643 0.0206416 0.0056442 0.0051839 0.0204556 0.0003168 0.0000000 0.0007893 0.0007045 0.0007201 0.0080947 0.0185450 0.0181328 0.0186516 0.0192425 0.0045622 0.0045614 0.0041502 0.0046039 0.0144336 0.0145019 0.0237291 0.0226005 0.0064538 0.0049211 0.0055559 0.0046450 0.0027148 0.0026986 0.0048399 0.0046598 0.0051442 0.0148052 0.0152246 0.0145901 0.0155571 0.0142755 0.0152220 0.0150345 0.0150675 0.0155115 0.0144071 0.0089181 0.0154735 0.0157221 0.0151076 0.0090171 0.0090309 0.0056502 0.0048733 0.0050891 0.0138684 0.0184344 0.0050338 0.0100474 0.0085163 0.0048906 0.0211519 0.0085816 0.0097032 0.0081241 0.0019163 0.0025131 0.0047798 0.0043266 0.0031816 0.0032056 0.0026205 0.0026301 0.0035056 0.0019826 0.0018234 0.0024018 0.0023030 0.0024592 0.0153250 0.0025993 0.0146540 
DdelSJR_RYR2      0.0205488 0.0156383 0.0156934 0.0231332 0.0203024 0.0202812 0.0202266 0.0241121 0.0281420 0.0201470 0.0228629 0.0202277 0.0057838 0.0053539 0.0201525 0.0004459 0.0007893 0.0000000 0.0007999 0.0008268 0.0078098 0.0179507 0.0180348 0.0185113 0.0214265 0.0045371 0.0042987 0.0042753 0.0045718 0.0142098 0.0146746 0.0232877 0.0222902 0.0059706 0.0046415 0.0054870 0.0048999 0.0025732 0.0025451 0.0047893 0.0046147 0.0051456 0.0145822 0.0150857 0.0145102 0.0153591 0.0140511 0.0149486 0.0145258 0.0148493 0.0152749 0.0142319 0.0085732 0.0151640 0.0155203 0.0146152 0.0086656 0.0087706 0.0056105 0.0047880 0.0048729 0.0137342 0.0181342 0.0049400 0.0095000 0.0084229 0.0048469 0.0210800 0.0082980 0.0093769 0.0078544 0.0017246 0.0021692 0.0045594 0.0041896 0.0031737 0.0031014 0.0022900 0.0022567 0.0034279 0.0019006 0.0014747 0.0022392 0.0020477 0.0022128 0.0149109 0.0023395 0.0149332 
Ddel_RYR2         0.0209533 0.0156948 0.0158319 0.0230462 0.0205937 0.0205690 0.0204378 0.0236425 0.0277126 0.0201988 0.0229582 0.0215863 0.0058308 0.0053558 0.0201954 0.0003696 0.0007045 0.0007999 0.0000000 0.0007469 0.0077348 0.0182485 0.0181074 0.0186119 0.0219825 0.0047336 0.0044959 0.0045179 0.0048605 0.0145243 0.0146605 0.0231138 0.0223062 0.0064285 0.0060518 0.0055297 0.0049086 0.0029460 0.0025247 0.0069703 0.0047039 0.0050374 0.0147465 0.0154882 0.0149042 0.0156791 0.0141837 0.0151106 0.0145954 0.0150675 0.0156244 0.0143761 0.0083804 0.0155640 0.0159656 0.0148282 0.0106410 0.0087388 0.0056053 0.0047945 0.0071977 0.0138650 0.0183958 0.0049744 0.0097915 0.0085134 0.0050452 0.0214813 0.0083941 0.0116923 0.0079575 0.0021604 0.0025217 0.0047199 0.0043581 0.0029039 0.0030019 0.0025713 0.0026490 0.0035589 0.0022323 0.0018337 0.0024489 0.0021813 0.0024284 0.0150733 0.0031393 0.0150573 
Ddeltrop4525_RYR2 0.0203143 0.0152814 0.0155752 0.0199663 0.0203289 0.0203668 0.0202959 0.0242336 0.0280368 0.0202417 0.0196912 0.0203197 0.0054506 0.0048328 0.0201894 0.0006777 0.0007201 0.0008268 0.0007469 0.0000000 0.0074863 0.0181389 0.0179006 0.0184442 0.0188286 0.0042783 0.0040872 0.0040657 0.0043162 0.0143789 0.0145264 0.0234550 0.0221792 0.0060355 0.0044654 0.0051000 0.0045544 0.0023297 0.0019769 0.0044631 0.0042713 0.0045457 0.0142931 0.0152088 0.0146897 0.0153198 0.0138866 0.0148971 0.0144831 0.0147297 0.0153925 0.0141877 0.0081918 0.0152750 0.0157465 0.0144618 0.0084413 0.0084992 0.0050077 0.0041401 0.0047027 0.0134795 0.0182521 0.0045621 0.0093921 0.0081079 0.0045381 0.0208974 0.0080698 0.0090141 0.0076673 0.0018533 0.0020371 0.0043297 0.0039667 0.0025929 0.0026560 0.0023286 0.0023772 0.0029221 0.0020102 0.0017262 0.0022134 0.0021047 0.0024990 0.0148514 0.0023290 0.0150675 
Dleu_RYR2         0.0186173 0.0126056 0.0129821 0.0205762 0.0174648 0.0177216 0.0172494 0.0209448 0.0231810 0.0173382 0.0195171 0.0187074 0.0093932 0.0091485 0.0179316 0.0077970 0.0080947 0.0078098 0.0077348 0.0074863 0.0000000 0.0153652 0.0147466 0.0157245 0.0190037 0.0070003 0.0070557 0.0068589 0.0072477 0.0114770 0.0121534 0.0217958 0.0191717 0.0084611 0.0098198 0.0092376 0.0083648 0.0075402 0.0076261 0.0105156 0.0083512 0.0085562 0.0124160 0.0124091 0.0121592 0.0140526 0.0111598 0.0121889 0.0114402 0.0119804 0.0128732 0.0115781 0.0022419 0.0126618 0.0134310 0.0117626 0.0060683 0.0043425 0.0080987 0.0077045 0.0094788 0.0111413 0.0168928 0.0075985 0.0041650 0.0043470 0.0072781 0.0186641 0.0041780 0.0085926 0.0039271 0.0079630 0.0080123 0.0077349 0.0072745 0.0079488 0.0082675 0.0077725 0.0072624 0.0075863 0.0079105 0.0074668 0.0078421 0.0080001 0.0077910 0.0122329 0.0086167 0.0130684 
EausAUS_RYR2      0.0111121 0.0159818 0.0161584 0.0127701 0.0103201 0.0101873 0.0098901 0.0133790 0.0157882 0.0097030 0.0122692 0.0102371 0.0184392 0.0184540 0.0110338 0.0180580 0.0185450 0.0179507 0.0182485 0.0181389 0.0153652 0.0000000 0.0016373 0.0016015 0.0111649 0.0163744 0.0165694 0.0163811 0.0166265 0.0144027 0.0183613 0.0215883 0.0202811 0.0179704 0.0170899 0.0188940 0.0182594 0.0177877 0.0178257 0.0182979 0.0182560 0.0184571 0.0157868 0.0155001 0.0150799 0.0160039 0.0149418 0.0152126 0.0145149 0.0145043 0.0160499 0.0143694 0.0163310 0.0156783 0.0164869 0.0150864 0.0153187 0.0155679 0.0178985 0.0175966 0.0169511 0.0173989 0.0154915 0.0170141 0.0160807 0.0155862 0.0165424 0.0184674 0.0154549 0.0163231 0.0153796 0.0181646 0.0181189 0.0175196 0.0171676 0.0179302 0.0180507 0.0179689 0.0171860 0.0173100 0.0180720 0.0178035 0.0174121 0.0179537 0.0175902 0.0147547 0.0178387 0.0158265 
Egla13086_RYR2    0.0098044 0.0156934 0.0159873 0.0115353 0.0096687 0.0094332 0.0093333 0.0128213 0.0157595 0.0084218 0.0115035 0.0094591 0.0182286 0.0181115 0.0104542 0.0179310 0.0181328 0.0180348 0.0181074 0.0179006 0.0147466 0.0016373 0.0000000 0.0006235 0.0105571 0.0162700 0.0163713 0.0161589 0.0164817 0.0143204 0.0180619 0.0212266 0.0198938 0.0177132 0.0170607 0.0188490 0.0183974 0.0176722 0.0175770 0.0179847 0.0177974 0.0182179 0.0154340 0.0152121 0.0145526 0.0154985 0.0143211 0.0149183 0.0142006 0.0145294 0.0155881 0.0139479 0.0158419 0.0155456 0.0164805 0.0147776 0.0146916 0.0149386 0.0175152 0.0170680 0.0170005 0.0170131 0.0151158 0.0168635 0.0157794 0.0148865 0.0163035 0.0183359 0.0151154 0.0156576 0.0150123 0.0180479 0.0179767 0.0173463 0.0168316 0.0176572 0.0176764 0.0178392 0.0171513 0.0172154 0.0181054 0.0176659 0.0175390 0.0181116 0.0175882 0.0147009 0.0177630 0.0154109 
Ejap43864_RYR2    0.0106953 0.0160367 0.0165450 0.0124371 0.0101809 0.0099442 0.0096662 0.0131773 0.0158733 0.0088921 0.0118407 0.0099585 0.0187847 0.0188024 0.0110403 0.0184290 0.0186516 0.0185113 0.0186119 0.0184442 0.0157245 0.0016015 0.0006235 0.0000000 0.0109409 0.0168275 0.0169358 0.0164735 0.0169421 0.0146549 0.0186409 0.0216096 0.0206634 0.0180478 0.0174187 0.0194341 0.0188473 0.0179579 0.0180176 0.0185780 0.0185139 0.0189114 0.0158786 0.0153948 0.0148453 0.0158068 0.0148402 0.0154874 0.0143104 0.0147798 0.0159238 0.0143737 0.0164729 0.0159412 0.0166017 0.0153341 0.0155944 0.0157704 0.0179694 0.0174758 0.0172762 0.0177200 0.0158470 0.0172933 0.0164588 0.0157305 0.0168560 0.0188558 0.0157702 0.0165449 0.0155663 0.0185669 0.0184610 0.0177415 0.0172966 0.0180487 0.0183386 0.0182938 0.0174030 0.0175934 0.0183706 0.0181229 0.0179960 0.0184645 0.0181001 0.0150203 0.0181900 0.0155886 
Erob133443_RYR2   0.0095977 0.0167998 0.0205324 0.0068207 0.0087142 0.0088514 0.0087879 0.0123470 0.0205196 0.0088163 0.0062227 0.0087987 0.0224806 0.0224889 0.0128988 0.0216732 0.0192425 0.0214265 0.0219825 0.0188286 0.0190037 0.0111649 0.0105571 0.0109409 0.0000000 0.0202939 0.0203543 0.0202518 0.0205247 0.0180593 0.0231670 0.0249898 0.0236683 0.0219564 0.0207526 0.0224983 0.0224374 0.0187970 0.0210745 0.0221143 0.0219843 0.0223412 0.0170544 0.0191030 0.0184710 0.0193317 0.0184032 0.0188586 0.0191958 0.0182055 0.0195708 0.0183038 0.0198581 0.0196594 0.0205061 0.0186336 0.0190444 0.0191966 0.0215589 0.0211603 0.0208626 0.0217625 0.0191370 0.0207814 0.0207302 0.0189937 0.0204643 0.0196213 0.0192336 0.0201172 0.0191460 0.0216923 0.0216522 0.0213621 0.0209001 0.0214654 0.0221864 0.0215591 0.0204455 0.0204968 0.0219597 0.0212122 0.0212808 0.0219349 0.0214669 0.0181819 0.0216314 0.0195105 
Fatt_RYR2         0.0192940 0.0143291 0.0145637 0.0217629 0.0184274 0.0185990 0.0184712 0.0226545 0.0266804 0.0184951 0.0211560 0.0184785 0.0054022 0.0052114 0.0190451 0.0044662 0.0045622 0.0045371 0.0047336 0.0042783 0.0070003 0.0163744 0.0162700 0.0168275 0.0202939 0.0000000 0.0013222 0.0005196 0.0008751 0.0129017 0.0132250 0.0219083 0.0208164 0.0051160 0.0039862 0.0052750 0.0049183 0.0042648 0.0038738 0.0049548 0.0049462 0.0048061 0.0132463 0.0138106 0.0134354 0.0144515 0.0125414 0.0135624 0.0134261 0.0136184 0.0139568 0.0125296 0.0079878 0.0143082 0.0145633 0.0133440 0.0077003 0.0077878 0.0047112 0.0038749 0.0043636 0.0129248 0.0166307 0.0014367 0.0082324 0.0074837 0.0009732 0.0188358 0.0073852 0.0084818 0.0068218 0.0042754 0.0042695 0.0024529 0.0021216 0.0044982 0.0048241 0.0043301 0.0038726 0.0035215 0.0041188 0.0041808 0.0044450 0.0042880 0.0042423 0.0135965 0.0041333 0.0135116 
Ggri_RYR2         0.0194006 0.0143200 0.0146568 0.0217241 0.0187156 0.0187205 0.0185601 0.0229335 0.0264119 0.0185265 0.0213180 0.0186786 0.0051440 0.0049636 0.0189433 0.0042239 0.0045614 0.0042987 0.0044959 0.0040872 0.0070557 0.0165694 0.0163713 0.0169358 0.0203543 0.0013222 0.0000000 0.0011123 0.0014569 0.0129370 0.0136294 0.0217028 0.0208116 0.0053807 0.0041234 0.0051858 0.0048210 0.0042305 0.0038415 0.0049407 0.0047466 0.0046503 0.0132898 0.0138395 0.0134631 0.0144003 0.0125811 0.0135919 0.0132464 0.0136461 0.0139876 0.0125192 0.0079638 0.0143281 0.0145844 0.0133735 0.0078299 0.0079215 0.0049737 0.0041478 0.0042017 0.0129667 0.0167619 0.0020405 0.0083374 0.0076179 0.0014201 0.0191789 0.0073159 0.0086098 0.0068401 0.0041087 0.0041113 0.0027468 0.0025590 0.0044576 0.0043764 0.0042946 0.0039163 0.0037969 0.0039093 0.0039948 0.0044331 0.0042776 0.0040497 0.0136258 0.0041210 0.0136972 
Gmac39091_RYR2    0.0190060 0.0138177 0.0144305 0.0215543 0.0187140 0.0188879 0.0186441 0.0227990 0.0253331 0.0182283 0.0211126 0.0187711 0.0053210 0.0049840 0.0189320 0.0041766 0.0041502 0.0042753 0.0045179 0.0040657 0.0068589 0.0163811 0.0161589 0.0164735 0.0202518 0.0005196 0.0011123 0.0000000 0.0004380 0.0128709 0.0135453 0.0216474 0.0205286 0.0049888 0.0039190 0.0052518 0.0049026 0.0044479 0.0038600 0.0047388 0.0047730 0.0047409 0.0129678 0.0138718 0.0132587 0.0144029 0.0124901 0.0134413 0.0132851 0.0134643 0.0137470 0.0125107 0.0076980 0.0141298 0.0145155 0.0132004 0.0074820 0.0075275 0.0046464 0.0039164 0.0042969 0.0127878 0.0166862 0.0011974 0.0080752 0.0072436 0.0005972 0.0187346 0.0071417 0.0081137 0.0066963 0.0043090 0.0042933 0.0024478 0.0021161 0.0042248 0.0047134 0.0044286 0.0035439 0.0035913 0.0040775 0.0039725 0.0045450 0.0042567 0.0040495 0.0134812 0.0040663 0.0134972 
Gmel_RYR2         0.0198684 0.0142813 0.0147954 0.0218846 0.0188429 0.0190083 0.0188234 0.0227163 0.0257944 0.0184336 0.0213956 0.0203791 0.0056586 0.0053543 0.0192161 0.0045021 0.0046039 0.0045718 0.0048605 0.0043162 0.0072477 0.0166265 0.0164817 0.0169421 0.0205247 0.0008751 0.0014569 0.0004380 0.0000000 0.0130958 0.0138328 0.0221881 0.0209809 0.0051830 0.0056388 0.0055285 0.0050748 0.0046936 0.0041882 0.0071872 0.0050924 0.0050365 0.0133671 0.0140855 0.0134674 0.0149450 0.0128046 0.0137524 0.0137947 0.0138752 0.0141126 0.0128559 0.0081003 0.0144953 0.0148815 0.0135972 0.0099992 0.0078288 0.0049343 0.0041901 0.0067086 0.0130224 0.0173475 0.0015629 0.0084531 0.0076648 0.0009645 0.0193785 0.0074968 0.0111226 0.0070316 0.0045832 0.0045452 0.0027098 0.0023883 0.0044982 0.0048701 0.0046684 0.0039155 0.0038722 0.0043313 0.0041440 0.0047855 0.0044751 0.0042809 0.0137867 0.0052257 0.0138481 
Hamp_RYR2         0.0171301 0.0061875 0.0063207 0.0201266 0.0163273 0.0167589 0.0166274 0.0203757 0.0246237 0.0164975 0.0194924 0.0166581 0.0154429 0.0154971 0.0176238 0.0141471 0.0144336 0.0142098 0.0145243 0.0143789 0.0114770 0.0144027 0.0143204 0.0146549 0.0180593 0.0129017 0.0129370 0.0128709 0.0130958 0.0000000 0.0146094 0.0201483 0.0193198 0.0143108 0.0137913 0.0158042 0.0150276 0.0142716 0.0140745 0.0149781 0.0148590 0.0151547 0.0036979 0.0034650 0.0032948 0.0040789 0.0033641 0.0037272 0.0042752 0.0034238 0.0042945 0.0029310 0.0126570 0.0041785 0.0045901 0.0034718 0.0120492 0.0120593 0.0142183 0.0137490 0.0137260 0.0142752 0.0149951 0.0133451 0.0126779 0.0118823 0.0131335 0.0176223 0.0115111 0.0127113 0.0107976 0.0142943 0.0145180 0.0139290 0.0132352 0.0145882 0.0140378 0.0142868 0.0133653 0.0136838 0.0143621 0.0141257 0.0140978 0.0145508 0.0139413 0.0042929 0.0143616 0.0048788 
Igeo_RYR2         0.0213492 0.0153646 0.0161191 0.0243098 0.0213044 0.0212790 0.0212971 0.0256000 0.0329953 0.0214083 0.0247009 0.0215955 0.0163934 0.0155522 0.0206377 0.0145743 0.0145019 0.0146746 0.0146605 0.0145264 0.0121534 0.0183613 0.0180619 0.0186409 0.0231670 0.0132250 0.0136294 0.0135453 0.0138328 0.0146094 0.0000000 0.0239020 0.0221643 0.0147394 0.0138111 0.0158659 0.0151441 0.0138952 0.0142644 0.0146235 0.0144932 0.0149311 0.0160200 0.0157379 0.0153510 0.0156648 0.0152821 0.0155516 0.0159086 0.0150097 0.0158670 0.0153971 0.0129712 0.0162994 0.0167640 0.0150658 0.0125858 0.0124225 0.0140486 0.0139234 0.0143520 0.0121431 0.0188616 0.0139637 0.0130818 0.0120847 0.0136426 0.0210436 0.0123664 0.0132385 0.0124404 0.0146728 0.0147151 0.0144529 0.0140435 0.0147661 0.0139658 0.0140476 0.0142413 0.0142314 0.0143927 0.0140538 0.0139282 0.0141592 0.0141277 0.0157725 0.0146562 0.0160649 
Kbre_RYR2         0.0255902 0.0220061 0.0214991 0.0265731 0.0233993 0.0233556 0.0233872 0.0279351 0.0332489 0.0229795 0.0261299 0.0248209 0.0236085 0.0237075 0.0241141 0.0232157 0.0237291 0.0232877 0.0231138 0.0234550 0.0217958 0.0215883 0.0212266 0.0216096 0.0249898 0.0219083 0.0217028 0.0216474 0.0221881 0.0201483 0.0239020 0.0000000 0.0043201 0.0228702 0.0220475 0.0242982 0.0229064 0.0227079 0.0232553 0.0244823 0.0234654 0.0235586 0.0224412 0.0201894 0.0203234 0.0213181 0.0204327 0.0210311 0.0212611 0.0203491 0.0210342 0.0193131 0.0207965 0.0216214 0.0221176 0.0205528 0.0224371 0.0210850 0.0233212 0.0224811 0.0221785 0.0224683 0.0127446 0.0221252 0.0214270 0.0211697 0.0218302 0.0137217 0.0207458 0.0219366 0.0204665 0.0229849 0.0231495 0.0227785 0.0226492 0.0231319 0.0231446 0.0233235 0.0220924 0.0226695 0.0232392 0.0230702 0.0228595 0.0230896 0.0229060 0.0202067 0.0225386 0.0202681 
Ksim_RYR2         0.0234812 0.0204101 0.0207381 0.0257472 0.0223257 0.0223030 0.0223192 0.0261219 0.0334272 0.0217087 0.0249166 0.0223542 0.0225436 0.0226168 0.0232058 0.0221789 0.0226005 0.0222902 0.0223062 0.0221792 0.0191717 0.0202811 0.0198938 0.0206634 0.0236683 0.0208164 0.0208116 0.0205286 0.0209809 0.0193198 0.0221643 0.0043201 0.0000000 0.0221995 0.0208561 0.0232837 0.0221672 0.0219498 0.0220129 0.0224184 0.0222843 0.0226340 0.0223346 0.0196010 0.0193910 0.0200343 0.0196046 0.0199716 0.0201440 0.0198683 0.0205604 0.0187748 0.0198753 0.0207079 0.0211164 0.0200553 0.0200767 0.0203049 0.0220462 0.0213696 0.0213345 0.0213255 0.0118425 0.0212400 0.0205201 0.0201833 0.0205722 0.0115505 0.0198437 0.0209241 0.0194048 0.0221916 0.0220881 0.0219709 0.0216337 0.0221290 0.0219898 0.0220625 0.0209621 0.0212979 0.0224137 0.0217937 0.0219504 0.0219855 0.0217479 0.0192850 0.0217625 0.0197587 
Lacu_RYR2         0.0206301 0.0161438 0.0158253 0.0229484 0.0199241 0.0200336 0.0199736 0.0242299 0.0281783 0.0198201 0.0223537 0.0200546 0.0071930 0.0065680 0.0200013 0.0058869 0.0064538 0.0059706 0.0064285 0.0060355 0.0084611 0.0179704 0.0177132 0.0180478 0.0219564 0.0051160 0.0053807 0.0049888 0.0051830 0.0143108 0.0147394 0.0228702 0.0221995 0.0000000 0.0064215 0.0069027 0.0060249 0.0062800 0.0060415 0.0061074 0.0059947 0.0064461 0.0143545 0.0154637 0.0150041 0.0157115 0.0144944 0.0150754 0.0149432 0.0150218 0.0155073 0.0143107 0.0093257 0.0159313 0.0161457 0.0148810 0.0091830 0.0093372 0.0062687 0.0056410 0.0060393 0.0139448 0.0183132 0.0057140 0.0098789 0.0089024 0.0053441 0.0206368 0.0091110 0.0098418 0.0086057 0.0057353 0.0058533 0.0059719 0.0053857 0.0060045 0.0072832 0.0062467 0.0050957 0.0062445 0.0059418 0.0053084 0.0060063 0.0064124 0.0056365 0.0151798 0.0060373 0.0152245 
Lalb_RYR2         0.0212658 0.0154366 0.0153395 0.0223035 0.0192378 0.0193128 0.0192263 0.0253592 0.0262459 0.0193017 0.0221041 0.0207881 0.0066913 0.0060427 0.0196306 0.0045731 0.0049211 0.0046415 0.0060518 0.0044654 0.0098198 0.0170899 0.0170607 0.0174187 0.0207526 0.0039862 0.0041234 0.0039190 0.0056388 0.0137913 0.0138111 0.0220475 0.0208561 0.0064215 0.0000000 0.0062013 0.0054755 0.0048512 0.0047162 0.0080276 0.0054680 0.0055768 0.0143392 0.0145632 0.0138561 0.0161241 0.0132745 0.0142084 0.0143585 0.0142859 0.0144090 0.0137322 0.0092487 0.0146445 0.0152770 0.0139894 0.0102686 0.0081200 0.0052281 0.0045650 0.0057081 0.0131699 0.0178954 0.0044417 0.0092149 0.0079613 0.0042057 0.0205617 0.0078936 0.0102022 0.0073605 0.0044274 0.0045419 0.0044174 0.0042787 0.0044212 0.0056667 0.0044393 0.0041430 0.0040943 0.0043283 0.0039900 0.0044027 0.0045459 0.0044315 0.0142509 0.0054328 0.0145752 
Laus_RYR2         0.0219652 0.0174230 0.0172922 0.0242382 0.0210007 0.0213884 0.0211188 0.0249729 0.0286766 0.0213679 0.0238187 0.0213188 0.0011707 0.0009736 0.0209054 0.0052030 0.0055559 0.0054870 0.0055297 0.0051000 0.0092376 0.0188940 0.0188490 0.0194341 0.0224983 0.0052750 0.0051858 0.0052518 0.0055285 0.0158042 0.0158659 0.0242982 0.0232837 0.0069027 0.0062013 0.0000000 0.0020105 0.0052612 0.0047749 0.0018945 0.0019718 0.0016593 0.0162937 0.0167130 0.0162622 0.0169978 0.0156728 0.0165643 0.0163177 0.0162041 0.0166199 0.0157352 0.0100041 0.0166318 0.0169346 0.0159286 0.0100997 0.0102349 0.0068182 0.0059362 0.0061366 0.0151587 0.0195470 0.0063514 0.0110745 0.0100338 0.0056761 0.0223240 0.0098263 0.0107413 0.0094866 0.0054138 0.0052360 0.0055251 0.0050961 0.0054742 0.0060951 0.0055172 0.0049642 0.0055815 0.0053736 0.0052179 0.0052645 0.0059135 0.0056254 0.0161999 0.0057536 0.0163903 
Lbor_RYR2         0.0201780 0.0167244 0.0166889 0.0227187 0.0199889 0.0201591 0.0202676 0.0238733 0.0287218 0.0207598 0.0232713 0.0200077 0.0024633 0.0020285 0.0199435 0.0045109 0.0046450 0.0048999 0.0049086 0.0045544 0.0083648 0.0182594 0.0183974 0.0188473 0.0224374 0.0049183 0.0048210 0.0049026 0.0050748 0.0150276 0.0151441 0.0229064 0.0221672 0.0060249 0.0054755 0.0020105 0.0000000 0.0046069 0.0042073 0.0014325 0.0015320 0.0012376 0.0159336 0.0156844 0.0156073 0.0162928 0.0149543 0.0158413 0.0154579 0.0156699 0.0158077 0.0150003 0.0093661 0.0160003 0.0169964 0.0154616 0.0092146 0.0092895 0.0058857 0.0050051 0.0052369 0.0141395 0.0183525 0.0057987 0.0101167 0.0090601 0.0052781 0.0218726 0.0089193 0.0098268 0.0085410 0.0046468 0.0044817 0.0051220 0.0048948 0.0047986 0.0059348 0.0049013 0.0043767 0.0049601 0.0047330 0.0045736 0.0046614 0.0053704 0.0047827 0.0156748 0.0051517 0.0157846 
Lhos30470_RYR2    0.0197660 0.0148142 0.0153298 0.0196385 0.0201732 0.0200431 0.0199812 0.0232955 0.0283860 0.0198546 0.0193490 0.0201214 0.0056332 0.0048493 0.0202336 0.0024754 0.0027148 0.0025732 0.0029460 0.0023297 0.0075402 0.0177877 0.0176722 0.0179579 0.0187970 0.0042648 0.0042305 0.0044479 0.0046936 0.0142716 0.0138952 0.0227079 0.0219498 0.0062800 0.0048512 0.0052612 0.0046069 0.0000000 0.0014044 0.0046857 0.0042900 0.0048848 0.0143770 0.0150658 0.0145704 0.0153402 0.0136448 0.0148264 0.0137852 0.0143776 0.0152664 0.0139224 0.0082213 0.0151683 0.0156855 0.0146342 0.0081487 0.0080624 0.0054380 0.0045990 0.0042731 0.0131633 0.0179773 0.0049805 0.0091277 0.0079690 0.0046561 0.0213647 0.0077995 0.0087690 0.0074838 0.0025492 0.0025247 0.0041941 0.0038988 0.0033611 0.0027369 0.0019737 0.0024545 0.0033830 0.0024149 0.0024729 0.0020568 0.0023049 0.0030355 0.0150302 0.0026152 0.0143875 
Lhos452_RYR2      0.0194673 0.0153540 0.0156833 0.0221391 0.0194986 0.0196109 0.0193655 0.0234005 0.0283680 0.0194452 0.0220914 0.0196399 0.0051370 0.0044667 0.0197812 0.0023477 0.0026986 0.0025451 0.0025247 0.0019769 0.0076261 0.0178257 0.0175770 0.0180176 0.0210745 0.0038738 0.0038415 0.0038600 0.0041882 0.0140745 0.0142644 0.0232553 0.0220129 0.0060415 0.0047162 0.0047749 0.0042073 0.0014044 0.0000000 0.0043351 0.0040686 0.0042942 0.0144540 0.0149739 0.0144652 0.0150477 0.0138020 0.0149892 0.0139016 0.0144152 0.0147185 0.0140455 0.0082461 0.0149580 0.0153541 0.0143649 0.0084155 0.0083979 0.0054045 0.0045523 0.0041908 0.0136404 0.0178572 0.0044186 0.0092515 0.0079972 0.0042105 0.0206246 0.0078823 0.0090589 0.0074219 0.0022762 0.0022437 0.0036705 0.0033400 0.0027138 0.0023529 0.0020163 0.0020359 0.0034526 0.0022485 0.0021684 0.0022796 0.0024699 0.0029585 0.0147876 0.0021492 0.0143247 
Lobl_RYR2         0.0216525 0.0162453 0.0162618 0.0233513 0.0205521 0.0209439 0.0206500 0.0264110 0.0272114 0.0204369 0.0230001 0.0226889 0.0024261 0.0020146 0.0203333 0.0045715 0.0048399 0.0047893 0.0069703 0.0044631 0.0105156 0.0182979 0.0179847 0.0185780 0.0221143 0.0049548 0.0049407 0.0047388 0.0071872 0.0149781 0.0146235 0.0244823 0.0224184 0.0061074 0.0080276 0.0018945 0.0014325 0.0046857 0.0043351 0.0000000 0.0007489 0.0016605 0.0151228 0.0157081 0.0154474 0.0197948 0.0146446 0.0157282 0.0151593 0.0153770 0.0156773 0.0146098 0.0113373 0.0161116 0.0162687 0.0150497 0.0119026 0.0092594 0.0059013 0.0048669 0.0052020 0.0143470 0.0209040 0.0058135 0.0099909 0.0090434 0.0051938 0.0214665 0.0090335 0.0134155 0.0083695 0.0047316 0.0047768 0.0050111 0.0046542 0.0047973 0.0055644 0.0049634 0.0043013 0.0049362 0.0048354 0.0045140 0.0046294 0.0053619 0.0048948 0.0155319 0.0064802 0.0152976 
Lobs_RYR2         0.0209891 0.0158962 0.0159864 0.0234208 0.0204535 0.0207342 0.0205931 0.0243302 0.0264904 0.0202686 0.0227435 0.0205803 0.0025214 0.0019761 0.0198771 0.0042995 0.0046598 0.0046147 0.0047039 0.0042713 0.0083512 0.0182560 0.0177974 0.0185139 0.0219843 0.0049462 0.0047466 0.0047730 0.0050924 0.0148590 0.0144932 0.0234654 0.0222843 0.0059947 0.0054680 0.0019718 0.0015320 0.0042900 0.0040686 0.0007489 0.0000000 0.0016233 0.0152865 0.0156252 0.0154028 0.0161480 0.0146208 0.0155394 0.0150432 0.0152553 0.0157781 0.0146842 0.0092174 0.0161092 0.0163542 0.0152610 0.0091543 0.0092238 0.0057082 0.0047323 0.0052464 0.0140518 0.0186694 0.0057371 0.0097092 0.0088715 0.0051738 0.0216006 0.0087413 0.0097314 0.0082010 0.0044531 0.0045942 0.0049484 0.0045151 0.0046183 0.0052875 0.0047445 0.0041491 0.0048457 0.0045194 0.0042805 0.0043886 0.0052157 0.0046112 0.0153005 0.0050110 0.0151015 
LperAUS_RYR2      0.0216229 0.0170583 0.0166255 0.0238986 0.0207043 0.0210240 0.0208467 0.0247371 0.0279646 0.0210629 0.0233068 0.0208721 0.0021888 0.0016220 0.0203661 0.0048060 0.0051442 0.0051456 0.0050374 0.0045457 0.0085562 0.0184571 0.0182179 0.0189114 0.0223412 0.0048061 0.0046503 0.0047409 0.0050365 0.0151547 0.0149311 0.0235586 0.0226340 0.0064461 0.0055768 0.0016593 0.0012376 0.0048848 0.0042942 0.0016605 0.0016233 0.0000000 0.0158030 0.0160041 0.0156534 0.0162414 0.0151180 0.0158365 0.0159264 0.0155275 0.0161496 0.0150062 0.0093490 0.0163006 0.0164639 0.0153886 0.0094460 0.0095696 0.0062457 0.0051271 0.0056646 0.0143611 0.0185050 0.0057087 0.0101103 0.0093369 0.0051337 0.0219937 0.0092405 0.0101074 0.0087880 0.0050820 0.0049923 0.0050148 0.0044287 0.0049719 0.0054769 0.0052219 0.0047579 0.0047629 0.0050891 0.0049137 0.0049862 0.0054302 0.0052442 0.0156788 0.0053465 0.0155654 
Mbid_RYR2         0.0188468 0.0070512 0.0076905 0.0189090 0.0186435 0.0186235 0.0186844 0.0222103 0.0283107 0.0183100 0.0182609 0.0187611 0.0163093 0.0158415 0.0198190 0.0145840 0.0148052 0.0145822 0.0147465 0.0142931 0.0124160 0.0157868 0.0154340 0.0158786 0.0170544 0.0132463 0.0132898 0.0129678 0.0133671 0.0036979 0.0160200 0.0224412 0.0223346 0.0143545 0.0143392 0.0162937 0.0159336 0.0143770 0.0144540 0.0151228 0.0152865 0.0158030 0.0000000 0.0038874 0.0040611 0.0049340 0.0032037 0.0036010 0.0049614 0.0046386 0.0041979 0.0027631 0.0131142 0.0051710 0.0051998 0.0043156 0.0124370 0.0125969 0.0144722 0.0136543 0.0145552 0.0145084 0.0174744 0.0135837 0.0139978 0.0123039 0.0133161 0.0198806 0.0124579 0.0132758 0.0118604 0.0147264 0.0150026 0.0145119 0.0138792 0.0148620 0.0132276 0.0144961 0.0142264 0.0142861 0.0143191 0.0142936 0.0141779 0.0144117 0.0142229 0.0056370 0.0147426 0.0061204 
Mbow_RYR2         0.0179244 0.0071421 0.0073708 0.0210241 0.0174343 0.0179526 0.0178816 0.0210243 0.0261637 0.0176269 0.0205436 0.0174312 0.0161517 0.0161539 0.0182056 0.0150379 0.0152246 0.0150857 0.0154882 0.0152088 0.0124091 0.0155001 0.0152121 0.0153948 0.0191030 0.0138106 0.0138395 0.0138718 0.0140855 0.0034650 0.0157379 0.0201894 0.0196010 0.0154637 0.0145632 0.0167130 0.0156844 0.0150658 0.0149739 0.0157081 0.0156252 0.0160041 0.0038874 0.0000000 0.0019996 0.0038950 0.0036055 0.0038010 0.0041614 0.0034186 0.0027656 0.0030205 0.0134697 0.0039258 0.0047579 0.0030969 0.0130830 0.0130439 0.0154389 0.0147027 0.0146564 0.0149871 0.0157232 0.0140471 0.0137763 0.0127737 0.0138235 0.0185386 0.0124835 0.0137727 0.0119393 0.0148718 0.0152330 0.0150296 0.0143553 0.0153318 0.0146980 0.0151748 0.0142729 0.0145757 0.0148886 0.0149272 0.0148909 0.0153415 0.0148287 0.0047915 0.0152363 0.0057799 
