Supplemental results for CODEML (seqf: /home/leticiamagpali/phd/evol_models/codeml/small_dataset/cml_align/OTOF_codon_aligned.phy  treef: /home/leticiamagpali/phd/evol_models/codeml/small_dataset/cml_trees/gene_trees/H1c_gene_trees/OTOF_tree_H1c.tre)

I	J	ij	2Ns_IJ	pMut_IJ	pSub_IJ	2Ns_JI	pMut_JI	pSub_JI

TTC	TTT	CT	-0.08508	0.04816	0.04614	0.08508	0.04423	0.04614
TTA	TTT	AT	6.54874	0.00001	0.00007	-6.54874	0.00701	0.00007
TTA	TTC	AC	6.63381	0.00003	0.00022	-6.63381	0.02571	0.00022
TTG	TTT	GT	1.70304	0.00163	0.00338	-1.70304	0.00892	0.00338
TTG	TTC	GC	1.78812	0.00548	0.01176	-1.78812	0.03275	0.01176
TTG	TTA	GA	-4.84570	0.01277	0.00049	4.84570	0.00010	0.00049
TCT	TTT	CT	1.99698	0.00600	0.01387	-1.99698	0.04423	0.01387
TCC	TTC	CT	1.38843	0.04049	0.07491	-1.38843	0.16231	0.07491
TCC	TCT	CT	-0.69363	0.04049	0.02806	0.69363	0.02024	0.02806
TCA	TTA	CT	-4.06825	0.00758	0.00054	4.06825	0.00013	0.00054
TCA	TCT	AT	0.48351	0.00198	0.00249	-0.48351	0.00321	0.00249
TCA	TCC	AC	1.17714	0.00666	0.01133	-1.17714	0.02162	0.01133
TCG	TTG	CT	1.22738	0.00616	0.01069	-1.22738	0.02101	0.01069
TCG	TCT	GT	0.93344	0.00161	0.00247	-0.93344	0.00408	0.00247
TCG	TCC	GC	1.62707	0.00541	0.01096	-1.62707	0.02753	0.01096
TCG	TCA	GA	0.44993	0.01261	0.01566	-0.44993	0.01978	0.01566
TAT	TTT	AT	1.28605	0.00194	0.00344	-1.28605	0.00701	0.00344
TAT	TCT	AC	-0.71094	0.00653	0.00448	0.71094	0.00321	0.00448
TAC	TTC	AT	0.88275	0.01064	0.01601	-0.88275	0.02571	0.01601
TAC	TCC	AC	-0.50568	0.03584	0.02754	0.50568	0.02162	0.02754
TAC	TAT	CT	-0.48838	0.04080	0.03164	0.48838	0.02504	0.03164
TGT	TTT	GT	2.38392	0.00082	0.00216	-2.38392	0.00892	0.00216
TGT	TCT	GC	0.38693	0.00277	0.00334	-0.38693	0.00408	0.00334
TGT	TAT	GA	1.09787	0.00646	0.01065	-1.09787	0.01938	0.01065
TGC	TTC	GT	1.98365	0.00451	0.01036	-1.98365	0.03275	0.01036
TGC	TCC	GC	0.59522	0.01518	0.02015	-0.59522	0.02753	0.02015
TGC	TAC	GA	1.10090	0.03539	0.05838	-1.10090	0.10642	0.05838
TGC	TGT	CT	-0.48535	0.01728	0.01343	0.48535	0.01064	0.01343
TGG	TTG	GT	-0.42445	0.00648	0.00520	0.42445	0.00424	0.00520
TGG	TCG	GC	-1.65183	0.02184	0.00856	1.65183	0.00419	0.00856
TGG	TGT	GT	-1.10533	0.00648	0.00355	1.10533	0.00215	0.00355
TGG	TGC	GC	-0.61998	0.02184	0.01577	0.61998	0.01175	0.01577
CTT	TTT	CT	2.42187	0.00393	0.01043	-2.42187	0.04423	0.01043
CTC	TTC	CT	1.46422	0.03754	0.07150	-1.46422	0.16231	0.07150
CTC	CTT	CT	-1.04272	0.03754	0.02131	1.04272	0.01323	0.02131
CTA	TTA	CT	-3.11577	0.00293	0.00042	3.11577	0.00013	0.00042
CTA	CTT	AT	1.01109	0.00076	0.00121	-1.01109	0.00210	0.00121
CTA	CTC	AC	2.05382	0.00257	0.00605	-2.05382	0.02004	0.00605
CTG	TTG	CT	-1.44418	0.08907	0.03972	1.44418	0.02101	0.03972
CTG	CTT	GT	-2.16301	0.02322	0.00652	2.16301	0.00267	0.00652
CTG	CTC	GC	-1.12028	0.07825	0.04243	1.12028	0.02552	0.04243
CTG	CTA	GA	-3.17410	0.18241	0.02528	3.17410	0.00763	0.02528
CCT	TCT	CT	0.25846	0.01563	0.01773	-0.25846	0.02024	0.01773
CCT	CTT	CT	-0.16642	0.01563	0.01436	0.16642	0.01323	0.01436
CCC	TCC	CT	0.93204	0.05373	0.08261	-0.93204	0.13646	0.08261
CCC	CTC	CT	0.85625	0.05373	0.07998	-0.85625	0.12650	0.07998
CCC	CCT	CT	-0.02005	0.05373	0.05320	0.02005	0.05267	0.05320
CCA	TCA	CT	0.83868	0.01105	0.01632	-0.83868	0.02555	0.01632
CCA	CTA	CT	-0.11379	0.01105	0.01043	0.11379	0.00986	0.01043
CCA	CCT	AT	1.06372	0.00288	0.00468	-1.06372	0.00834	0.00468
CCA	CCC	AC	1.08378	0.00970	0.01590	-1.08378	0.02869	0.01590
CCG	TCG	CT	0.44659	0.01328	0.01646	-0.44659	0.02076	0.01646
CCG	CTG	CT	3.11815	0.01328	0.04332	-3.11815	0.30017	0.04332
CCG	CCT	GT	1.12156	0.00346	0.00576	-1.12156	0.01063	0.00576
CCG	CCC	GC	1.14162	0.01167	0.01957	-1.14162	0.03654	0.01957
CCG	CCA	GA	0.05784	0.02720	0.02799	-0.05784	0.02882	0.02799
CAT	TAT	CT	2.67099	0.00173	0.00497	-2.67099	0.02504	0.00497
CAT	CTT	AT	1.53516	0.00045	0.00088	-1.53516	0.00210	0.00088
CAT	CCT	AC	1.70159	0.00152	0.00317	-1.70159	0.00834	0.00317
CAC	TAC	CT	1.87288	0.02113	0.04676	-1.87288	0.13750	0.04676
CAC	CTC	AT	1.29141	0.00551	0.00981	-1.29141	0.02004	0.00981
CAC	CCC	AC	0.43516	0.01856	0.02290	-0.43516	0.02869	0.02290
CAC	CAT	CT	-1.28648	0.02113	0.01038	1.28648	0.00584	0.01038
CAA	CTA	AT	0.49371	0.00095	0.00121	-0.49371	0.00156	0.00121
CAA	CCA	AC	0.60750	0.00321	0.00429	-0.60750	0.00590	0.00429
CAA	CAT	AT	-0.03036	0.00095	0.00094	0.03036	0.00092	0.00094
CAA	CAC	AC	1.25612	0.00321	0.00564	-1.25612	0.01128	0.00564
CAG	CTG	AT	1.44608	0.01120	0.02118	-1.44608	0.04755	0.02118
CAG	CCG	AC	-1.67207	0.03774	0.01460	1.67207	0.00709	0.01460
CAG	CAT	GT	-2.25209	0.01120	0.00296	2.25209	0.00118	0.00296
CAG	CAC	GC	-0.96561	0.03774	0.02240	0.96561	0.01437	0.02240
CAG	CAA	GA	-2.22173	0.08797	0.02377	2.22173	0.00954	0.02377
CGT	TGT	CT	1.13304	0.00343	0.00573	-1.13304	0.01064	0.00573
CGT	CTT	GT	1.09509	0.00089	0.00147	-1.09509	0.00267	0.00147
CGT	CCT	GC	1.26151	0.00301	0.00530	-1.26151	0.01063	0.00530
CGT	CAT	GA	-0.44007	0.00702	0.00558	0.44007	0.00452	0.00558
CGC	TGC	CT	0.70726	0.02871	0.04006	-0.70726	0.05824	0.04006
CGC	CTC	GT	1.22668	0.00748	0.01299	-1.22668	0.02552	0.01299
CGC	CCC	GC	0.37044	0.02523	0.03019	-0.37044	0.03654	0.03019
CGC	CAC	GA	-0.06473	0.05881	0.05692	0.06473	0.05512	0.05692
CGC	CGT	CT	-0.91113	0.02871	0.01759	0.91113	0.01155	0.01759
CGA	CTA	GT	0.46921	0.00124	0.00156	-0.46921	0.00199	0.00156
CGA	CCA	GC	0.58300	0.00419	0.00553	-0.58300	0.00751	0.00553
CGA	CAA	GA	-0.02450	0.00977	0.00966	0.02450	0.00954	0.00966
CGA	CGT	AT	0.38521	0.00124	0.00150	-0.38521	0.00183	0.00150
CGA	CGC	AC	1.29634	0.00419	0.00748	-1.29634	0.01533	0.00748
CGG	TGG	CT	0.85596	0.03560	0.05299	-0.85596	0.08380	0.05299
CGG	CTG	GT	1.87569	0.00928	0.02056	-1.87569	0.06056	0.02056
CGG	CCG	GC	-1.24245	0.03128	0.01577	1.24245	0.00903	0.01577
CGG	CAG	GA	0.42961	0.07292	0.08970	-0.42961	0.11205	0.08970
CGG	CGT	GT	-1.38240	0.00928	0.00430	1.38240	0.00233	0.00430
CGG	CGC	GC	-0.47127	0.03128	0.02448	0.47127	0.01952	0.02448
CGG	CGA	GA	-1.76761	0.07292	0.02654	1.76761	0.01245	0.02654
ATT	TTT	AT	0.67100	0.00358	0.00492	-0.67100	0.00701	0.00492
ATT	CTT	AC	-1.75087	0.01207	0.00444	1.75087	0.00210	0.00444
ATC	TTC	AT	0.56373	0.01463	0.01914	-0.56373	0.02571	0.01914
ATC	CTC	AC	-0.90049	0.04931	0.03040	0.90049	0.02004	0.03040
ATC	ATT	CT	-0.19234	0.05613	0.05091	0.19234	0.04631	0.05091
ATA	TTA	AT	-3.62695	0.00077	0.00008	3.62695	0.00002	0.00008
ATA	CTA	AC	-0.51118	0.00260	0.00199	0.51118	0.00156	0.00199
ATA	ATT	AT	2.25078	0.00077	0.00194	-2.25078	0.00734	0.00194
ATA	ATC	AC	2.44313	0.00260	0.00697	-2.44313	0.02997	0.00697
ATG	TTG	AT	-1.12016	0.01020	0.00553	1.12016	0.00333	0.00553
ATG	CTG	AC	0.32402	0.03439	0.04026	-0.32402	0.04755	0.04026
ATG	ATT	GT	-0.08812	0.01020	0.00976	0.08812	0.00934	0.00976
ATG	ATC	GC	0.10422	0.03439	0.03621	-0.10422	0.03817	0.03621
ATG	ATA	GA	-2.33891	0.08017	0.02001	2.33891	0.00773	0.02001
ACT	TCT	AT	0.47844	0.00199	0.00250	-0.47844	0.00321	0.00250
ACT	CCT	AC	0.21998	0.00670	0.00746	-0.21998	0.00834	0.00746
ACT	ATT	CT	1.80443	0.00762	0.01646	-1.80443	0.04631	0.01646
ACC	TCC	AT	1.08500	0.00730	0.01197	-1.08500	0.02162	0.01197
ACC	CCC	AC	0.15296	0.02462	0.02655	-0.15296	0.02869	0.02655
ACC	ATC	CT	1.90970	0.02802	0.06282	-1.90970	0.18917	0.06282
ACC	ACT	CT	-0.08708	0.02802	0.02682	0.08708	0.02568	0.02682
ACA	TCA	AT	0.38693	0.00275	0.00332	-0.38693	0.00405	0.00332
ACA	CCA	AC	-0.45175	0.00927	0.00733	0.45175	0.00590	0.00733
ACA	ATA	CT	-0.05436	0.01055	0.01026	0.05436	0.00999	0.01026
ACA	ACT	AT	0.39199	0.00275	0.00332	-0.39199	0.00407	0.00332
ACA	ACC	AC	0.47907	0.00927	0.01166	-0.47907	0.01496	0.01166
ACG	TCG	AT	-0.46946	0.00526	0.00412	0.46946	0.00329	0.00412
ACG	CCG	AC	-0.91605	0.01772	0.01083	0.91605	0.00709	0.01083
ACG	ATG	CT	1.87808	0.02017	0.04472	-1.87808	0.13192	0.04472
ACG	ACT	GT	-0.01447	0.00526	0.00522	0.01447	0.00518	0.00522
ACG	ACC	GC	0.07261	0.01772	0.01837	-0.07261	0.01905	0.01837
ACG	ACA	GA	-0.40646	0.04131	0.03348	0.40646	0.02751	0.03348
AAT	TAT	AT	0.41886	0.00261	0.00319	-0.41886	0.00397	0.00319
AAT	CAT	AC	-2.25212	0.00879	0.00233	2.25212	0.00092	0.00233
AAT	ATT	AT	1.03391	0.00261	0.00419	-1.03391	0.00734	0.00419
AAT	ACT	AC	-0.77052	0.00879	0.00584	0.77052	0.00407	0.00584
AAC	TAC	AT	0.69354	0.01089	0.01509	-0.69354	0.02178	0.01509
AAC	CAC	AC	-1.17934	0.03669	0.01921	1.17934	0.01128	0.01921
AAC	ATC	AT	1.01256	0.01089	0.01731	-1.01256	0.02997	0.01731
AAC	ACC	AC	-0.89714	0.03669	0.02266	0.89714	0.01496	0.02266
AAC	AAT	CT	-0.21370	0.04176	0.03746	0.21370	0.03373	0.03746
AAA	CAA	AC	-1.69997	0.01069	0.00406	1.69997	0.00195	0.00406
AAA	ATA	AT	-0.69508	0.00317	0.00220	0.69508	0.00158	0.00220
AAA	ACA	AC	-0.64072	0.01069	0.00763	0.64072	0.00563	0.00763
AAA	AAT	AT	0.52179	0.00317	0.00407	-0.52179	0.00534	0.00407
AAA	AAC	AC	0.73549	0.01069	0.01509	-0.73549	0.02230	0.01509
AAG	CAG	AC	-1.16262	0.07334	0.03879	1.16262	0.02293	0.03879
AAG	ATG	AT	-0.04056	0.02176	0.02132	0.04056	0.02090	0.02132
AAG	ACG	AC	-1.91864	0.07334	0.02421	1.91864	0.01077	0.02421
AAG	AAT	GT	-1.16259	0.02176	0.01151	1.16259	0.00680	0.01151
AAG	AAC	GC	-0.94889	0.07334	0.04397	0.94889	0.02840	0.04397
AAG	AAA	GA	-1.68438	0.17098	0.06562	1.68438	0.03173	0.06562
AGT	TGT	AT	0.06098	0.00159	0.00163	-0.06098	0.00168	0.00163
AGT	CGT	AC	-1.07206	0.00534	0.00298	1.07206	0.00183	0.00298
AGT	ATT	GT	1.77389	0.00159	0.00339	-1.77389	0.00934	0.00339
AGT	ACT	GC	-0.03053	0.00534	0.00526	0.03053	0.00518	0.00526
AGT	AAT	GA	0.73999	0.01245	0.01763	-0.73999	0.02610	0.01763
AGC	TGC	AT	0.26852	0.00705	0.00804	-0.26852	0.00923	0.00804
AGC	CGC	AC	-0.43874	0.02377	0.01894	0.43874	0.01533	0.01894
AGC	ATC	GT	1.68844	0.00705	0.01461	-1.68844	0.03817	0.01461
AGC	ACC	GC	-0.22126	0.02377	0.02124	0.22126	0.01905	0.02124
AGC	AAC	GA	0.67588	0.05542	0.07624	-0.67588	0.10893	0.07624
AGC	AGT	CT	-0.27780	0.02706	0.02347	0.27780	0.02050	0.02347
AGA	CGA	AC	1.18668	0.00078	0.00133	-1.18668	0.00255	0.00133
AGA	ATA	GT	2.16707	0.00023	0.00056	-2.16707	0.00202	0.00056
AGA	ACA	GC	2.22143	0.00078	0.00194	-2.22143	0.00717	0.00194
AGA	AAA	GA	2.86215	0.00181	0.00550	-2.86215	0.03173	0.00550
AGA	AGT	AT	2.64395	0.00023	0.00066	-2.64395	0.00325	0.00066
AGA	AGC	AC	2.92176	0.00078	0.00240	-2.92176	0.01445	0.00240
AGG	TGG	AT	3.47408	0.00041	0.00147	-3.47408	0.01327	0.00147
AGG	CGG	AC	2.61812	0.00139	0.00392	-2.61812	0.01901	0.00392
AGG	ATG	GT	4.16979	0.00041	0.00174	-4.16979	0.02662	0.00174
AGG	ACG	GC	2.29172	0.00139	0.00353	-2.29172	0.01371	0.00353
AGG	AAG	GA	4.21035	0.00323	0.01381	-4.21035	0.21777	0.01381
AGG	AGT	GT	2.30778	0.00041	0.00105	-2.30778	0.00414	0.00105
AGG	AGC	GC	2.58558	0.00139	0.00388	-2.58558	0.01840	0.00388
AGG	AGA	GA	-0.33618	0.00323	0.00272	0.33618	0.00231	0.00272
GTT	TTT	GT	3.95742	0.00017	0.00069	-3.95742	0.00892	0.00069
GTT	CTT	GC	1.53556	0.00057	0.00112	-1.53556	0.00267	0.00112
GTT	ATT	GA	3.28642	0.00134	0.00458	-3.28642	0.03584	0.00458
GTC	TTC	GT	1.28362	0.00907	0.01611	-1.28362	0.03275	0.01611
GTC	CTC	GC	-0.18060	0.03057	0.02790	0.18060	0.02552	0.02790
GTC	ATC	GA	0.71989	0.07128	0.09998	-0.71989	0.14642	0.09998
GTC	GTT	CT	-2.75888	0.03480	0.00650	2.75888	0.00221	0.00650
GTA	TTA	GT	-4.18291	0.00172	0.00011	4.18291	0.00003	0.00011
GTA	CTA	GC	-1.06713	0.00578	0.00324	1.06713	0.00199	0.00324
GTA	ATA	GA	-0.55596	0.01348	0.01008	0.55596	0.00773	0.01008
GTA	GTT	AT	-1.59160	0.00172	0.00070	1.59160	0.00035	0.00070
GTA	GTC	AC	1.16728	0.00578	0.00980	-1.16728	0.01858	0.00980
GTG	TTG	GT	-1.41759	0.01750	0.00793	1.41759	0.00424	0.00793
GTG	CTG	GC	0.02659	0.05897	0.05976	-0.02659	0.06056	0.05976
GTG	ATG	GA	-0.29742	0.13748	0.11804	0.29742	0.10211	0.11804
GTG	GTT	GT	-3.67197	0.01750	0.00168	3.67197	0.00044	0.00168
GTG	GTC	GC	-0.91309	0.05897	0.03609	0.91309	0.02366	0.03609
GTG	GTA	GA	-2.08037	0.13748	0.04081	2.08037	0.01717	0.04081
GCT	TCT	GT	0.64732	0.00214	0.00290	-0.64732	0.00408	0.00290
GCT	CCT	GC	0.38886	0.00720	0.00869	-0.38886	0.01063	0.00869
GCT	ACT	GA	0.16888	0.01679	0.01825	-0.16888	0.01988	0.01825
GCT	GTT	CT	-1.31312	0.00820	0.00396	1.31312	0.00221	0.00396
GCC	TCC	GT	0.74478	0.01307	0.01854	-0.74478	0.02753	0.01854
GCC	CCC	GC	-0.18726	0.04406	0.04006	0.18726	0.03654	0.04006
GCC	ACC	GA	-0.34022	0.10271	0.08623	0.34022	0.07309	0.08623
GCC	GTC	CT	0.84958	0.05015	0.07444	-0.84958	0.11729	0.07444
GCC	GCT	CT	-0.59617	0.05015	0.03668	0.59617	0.02763	0.03668
GCA	TCA	GT	1.06581	0.00178	0.00289	-1.06581	0.00516	0.00289
GCA	CCA	GC	0.22713	0.00599	0.00669	-0.22713	0.00751	0.00669
GCA	ACA	GA	0.67888	0.01395	0.01922	-0.67888	0.02751	0.01922
GCA	GTA	CT	1.18047	0.00681	0.01161	-1.18047	0.02218	0.01161
GCA	GCT	AT	0.90200	0.00178	0.00270	-0.90200	0.00438	0.00270
GCA	GCC	AC	1.49817	0.00599	0.01155	-1.49817	0.02677	0.01155
GCG	TCG	GT	0.52454	0.00248	0.00318	-0.52454	0.00419	0.00318
GCG	CCG	GC	0.07795	0.00835	0.00868	-0.07795	0.00903	0.00868
GCG	ACG	GA	0.99400	0.01947	0.03072	-0.99400	0.05261	0.03072
GCG	GTG	CT	3.16951	0.00951	0.03145	-3.16951	0.22623	0.03145
GCG	GCT	GT	0.81066	0.00248	0.00362	-0.81066	0.00557	0.00362
GCG	GCC	GC	1.40683	0.00835	0.01556	-1.40683	0.03410	0.01556
GCG	GCA	GA	-0.09134	0.01947	0.01859	0.09134	0.01777	0.01859
GAT	TAT	GT	-0.13813	0.00580	0.00541	0.13813	0.00505	0.00541
GAT	CAT	GC	-2.80912	0.01954	0.00352	2.80912	0.00118	0.00352
GAT	AAT	GA	-0.55699	0.04556	0.03405	0.55699	0.02610	0.03405
GAT	GTT	AT	-2.80951	0.00580	0.00104	2.80951	0.00035	0.00104
GAT	GCT	AC	-1.49639	0.01954	0.00844	1.49639	0.00438	0.00844
GAC	TAC	GT	0.13740	0.02418	0.02588	-0.13740	0.02774	0.02588
GAC	CAC	GC	-1.73549	0.08149	0.03027	1.73549	0.01437	0.03027
GAC	AAC	GA	-0.55615	0.18998	0.14202	0.55615	0.10893	0.14202
GAC	GTC	AT	-0.26348	0.02418	0.02113	0.26348	0.01858	0.02113
GAC	GCC	AC	-1.11306	0.08149	0.04438	1.11306	0.02677	0.04438
GAC	GAT	CT	-0.21285	0.09276	0.08324	0.21285	0.07498	0.08324
GAA	CAA	GC	-2.04445	0.01921	0.00584	2.04445	0.00249	0.00584
GAA	AAA	GA	-0.34448	0.04477	0.03750	0.34448	0.03173	0.03750
GAA	GTA	AT	-0.48360	0.00570	0.00443	0.48360	0.00351	0.00443
GAA	GCA	AC	-1.66408	0.01921	0.00747	1.66408	0.00364	0.00747
GAA	GAT	AT	0.73431	0.00570	0.00805	-0.73431	0.01188	0.00805
GAA	GAC	AC	0.94716	0.01921	0.02972	-0.94716	0.04952	0.02972
GAG	CAG	GC	-1.10963	0.08859	0.04835	1.10963	0.02921	0.04835
GAG	AAG	GA	0.05299	0.20653	0.21205	-0.05299	0.21777	0.21205
GAG	GTG	AT	0.30986	0.02629	0.03057	-0.30986	0.03584	0.03057
GAG	GCG	AC	-2.85965	0.08859	0.01540	2.85965	0.00508	0.01540
GAG	GAT	GT	-0.55260	0.02629	0.01969	0.55260	0.01513	0.01969
GAG	GAC	GC	-0.33975	0.08859	0.07439	0.33975	0.06307	0.07439
GAG	GAA	GA	-1.28691	0.20653	0.10138	1.28691	0.05703	0.10138
GGT	TGT	GT	0.76030	0.00100	0.00143	-0.76030	0.00215	0.00143
GGT	CGT	GC	-0.37274	0.00338	0.00279	0.37274	0.00233	0.00279
GGT	AGT	GA	0.69933	0.00788	0.01096	-0.69933	0.01586	0.01096
GGT	GTT	GT	-0.81320	0.00100	0.00065	0.81320	0.00044	0.00065
GGT	GCT	GC	0.49992	0.00338	0.00430	-0.49992	0.00557	0.00430
GGT	GAT	GA	1.99630	0.00788	0.01821	-1.99630	0.05803	0.01821
GGC	TGC	GT	-0.24678	0.01504	0.01326	0.24678	0.01175	0.01326
GGC	CGC	GC	-0.95403	0.05069	0.03030	0.95403	0.01952	0.03030
GGC	AGC	GA	-0.51530	0.11816	0.09032	0.51530	0.07058	0.09032
GGC	GTC	GT	0.45325	0.01504	0.01871	-0.45325	0.02366	0.01871
GGC	GCC	GC	-0.39633	0.05069	0.04131	0.39633	0.03410	0.04131
GGC	GAC	GA	0.71673	0.11816	0.16552	-0.71673	0.24197	0.16552
GGC	GGT	CT	-1.49242	0.05770	0.02497	1.49242	0.01297	0.02497
GGA	CGA	GC	-0.45320	0.00511	0.00404	0.45320	0.00325	0.00404
GGA	AGA	GA	-1.63988	0.01190	0.00470	1.63988	0.00231	0.00470
GGA	GTA	GT	1.08314	0.00152	0.00248	-1.08314	0.00448	0.00248
GGA	GCA	GC	-0.09733	0.00511	0.00486	0.09733	0.00463	0.00486
GGA	GAA	GA	1.56674	0.01190	0.02357	-1.56674	0.05703	0.02357
GGA	GGT	AT	0.30474	0.00152	0.00176	-0.30474	0.00205	0.00176
GGA	GGC	AC	1.79717	0.00511	0.01100	-1.79717	0.03080	0.01100
GGG	TGG	GT	0.77283	0.00781	0.01121	-0.77283	0.01691	0.01121
GGG	CGG	GC	-0.08314	0.02631	0.02523	0.08314	0.02421	0.02523
GGG	AGG	GA	-2.70125	0.06133	0.01192	2.70125	0.00412	0.01192
GGG	GTG	GT	1.76596	0.00781	0.01663	-1.76596	0.04564	0.01663
GGG	GCG	GC	-1.40354	0.02631	0.01203	1.40354	0.00646	0.01203
GGG	GAG	GA	1.45610	0.06133	0.11645	-1.45610	0.26305	0.11645
GGG	GGT	GT	-1.09280	0.00781	0.00430	1.09280	0.00262	0.00430
GGG	GGC	GC	0.39962	0.02631	0.03191	-0.39962	0.03923	0.03191
GGG	GGA	GA	-1.39755	0.06133	0.02815	1.39755	0.01516	0.02815


Histograms
2Ns	FMut	FSub(CodonUsage)	FSubw(after w)

-6.31792	0.00232	0.00003
-5.68612	0.00000	0.00000
-5.05433	0.00091	0.00004
-4.42254	0.01748	0.00142
-3.79075	0.00247	0.00027
-3.15896	0.06363	0.01179
-2.52717	0.03487	0.01031
-1.89537	0.11494	0.05083
-1.26358	0.17590	0.11213
-0.63179	0.21554	0.19793
0.00000	0.18113	0.23049
0.63179	0.11616	0.19793
1.26358	0.05025	0.11213
1.89537	0.01821	0.05083
2.52717	0.00303	0.01031
3.15896	0.00284	0.01179
3.79075	0.00005	0.00027
4.42254	0.00026	0.00142
5.05433	0.00001	0.00004
5.68612	0.00000	0.00000
6.31792	0.00000	0.00003

Proportion of advantageous (S > 0) mutations:
 0.27507

Proportions of good & bad mutations (|S| > 2.0000) among mutations:
0.00798  0.13603

mean |Ns| = 1.16812	mean Ns+ = 0.70592	mean Ns- = -1.34351


MLEs of dN/dS (w) for site classes (K=4)

site class             0        1       2a       2b
proportion       0.55249  0.05239  0.36090  0.03422
background w     0.08211  2.13390  0.08211  2.13390
foreground w     0.08211  2.13390  0.00000  0.00000

Naive Empirical Bayes (NEB) probabilities for 4 classes
(amino acids refer to 1st sequence: Bbon)

   1 L   0.57030 0.03156 0.37452 0.02363 ( 1)
   2 I   0.58435 0.01523 0.38662 0.01379 ( 1)
   3 G   0.58837 0.01046 0.39074 0.01044 ( 1)
   4 T   0.59165 0.00570 0.39578 0.00687 ( 1)
   5 F   0.58367 0.01566 0.38632 0.01435 ( 1)
   6 R   0.58910 0.00911 0.39214 0.00965 ( 1)
   7 M   0.00017 0.99983 0.00000 0.00000 ( 2)
   8 V   0.58034 0.01991 0.38293 0.01682 ( 1)
   9 L   0.57030 0.03156 0.37452 0.02363 ( 1)
  10 Q   0.58607 0.01322 0.38830 0.01242 ( 1)
  11 K   0.31711 0.25323 0.20948 0.22019 ( 1)
  12 V   0.58034 0.01991 0.38293 0.01682 ( 1)
  13 V   0.58034 0.01991 0.38293 0.01682 ( 1)
  14 E   0.58472 0.01480 0.38699 0.01350 ( 1)
  15 E   0.58472 0.01480 0.38699 0.01350 ( 1)
  16 G   0.00514 0.53062 0.00340 0.46084 ( 2)
  17 H   0.06837 0.40512 0.04571 0.48079 ( 4)
  18 V   0.58034 0.01991 0.38293 0.01682 ( 1)
  19 E   0.58470 0.01475 0.38705 0.01350 ( 1)
  20 V   0.58034 0.01991 0.38293 0.01682 ( 1)
  21 T   0.59152 0.00676 0.39429 0.00743 ( 1)
  22 D   0.58655 0.01263 0.38882 0.01200 ( 1)
  23 M   0.59046 0.00784 0.39328 0.00842 ( 1)
  24 L   0.57030 0.03156 0.37452 0.02363 ( 1)
  25 I   0.57887 0.02060 0.38249 0.01804 ( 1)
  26 D   0.58655 0.01263 0.38882 0.01200 ( 1)
  27 D   0.58655 0.01263 0.38882 0.01200 ( 1)
  28 N   0.59159 0.00639 0.39483 0.00719 ( 1)
  29 N   0.61832 0.18422 0.13017 0.06730 ( 1)
  30 A   0.59347 0.00350 0.39840 0.00463 ( 1)
  31 I   0.58435 0.01523 0.38662 0.01379 ( 1)
  32 I   0.58375 0.01576 0.38622 0.01427 ( 1)
  33 Q   0.00011 0.99989 0.00000 0.00000 ( 2)
  34 T   0.59196 0.00576 0.39553 0.00674 ( 1)
  35 S   0.59240 0.00511 0.39631 0.00617 ( 1)
  36 L   0.57112 0.03056 0.37520 0.02312 ( 1)
  37 C   0.59313 0.00397 0.39778 0.00512 ( 1)
  38 V   0.58201 0.01810 0.38430 0.01559 ( 1)
  39 E   0.58631 0.01306 0.38841 0.01222 ( 1)
  40 V   0.59143 0.00680 0.39427 0.00750 ( 1)
  41 R   0.58808 0.01097 0.39023 0.01072 ( 1)
  42 Y   0.58361 0.01623 0.38577 0.01438 ( 1)
  43 Q   0.58760 0.01154 0.38971 0.01115 ( 1)
  44 A   0.38650 0.18090 0.25643 0.17616 ( 1)
  45 T   0.58498 0.01463 0.38709 0.01330 ( 1)
  46 D   0.58333 0.01807 0.38410 0.01450 ( 1)
  47 G   0.58917 0.00945 0.39169 0.00969 ( 1)
  48 T   0.04061 0.46501 0.02698 0.46740 ( 4)
  49 V   0.58201 0.01810 0.38430 0.01559 ( 1)
  50 G   0.58922 0.00957 0.39152 0.00969 ( 1)
  51 S   0.58834 0.01066 0.39049 0.01051 ( 1)
  52 W   0.58224 0.01785 0.38449 0.01543 ( 1)
  53 D   0.02693 0.49930 0.01782 0.45595 ( 2)
  54 D   0.58402 0.01519 0.38676 0.01402 ( 1)
  55 G   0.02576 0.48322 0.01710 0.47393 ( 2)
  56 D   0.58806 0.01098 0.39023 0.01073 ( 1)
  57 F   0.58455 0.01515 0.38665 0.01366 ( 1)
  58 L   0.57168 0.03004 0.37556 0.02272 ( 1)
  59 G   0.58976 0.00892 0.39212 0.00919 ( 1)
  60 D   0.58392 0.01587 0.38608 0.01413 ( 1)
  61 E   0.58631 0.01306 0.38841 0.01222 ( 1)
  62 S   0.36530 0.20180 0.24208 0.19082 ( 1)
  63 L   0.59259 0.00523 0.39603 0.00616 ( 1)
  64 H   0.59382 0.00316 0.39881 0.00422 ( 1)
  65 E   0.58631 0.01306 0.38841 0.01222 ( 1)
  66 E   0.58690 0.01240 0.38899 0.01170 ( 1)
  67 E   0.58631 0.01306 0.38841 0.01222 ( 1)
  68 K   0.58380 0.01601 0.38595 0.01423 ( 1)
  69 D   0.58806 0.01098 0.39023 0.01073 ( 1)
  70 S   0.59290 0.00474 0.39664 0.00572 ( 1)
  71 Q   0.58760 0.01154 0.38971 0.01115 ( 1)
  72 E   0.58626 0.01310 0.38837 0.01226 ( 1)
  73 T   0.58512 0.01451 0.38718 0.01319 ( 1)
  74 D   0.58392 0.01587 0.38608 0.01413 ( 1)
  75 G   0.58976 0.00892 0.39212 0.00919 ( 1)
  76 L   0.57168 0.03004 0.37556 0.02272 ( 1)
  77 L   0.58922 0.00959 0.39148 0.00971 ( 1)
  78 P   0.58082 0.01954 0.38319 0.01645 ( 1)
  79 G   0.04132 0.46286 0.02746 0.46836 ( 4)
  80 S   0.58834 0.01066 0.39049 0.01051 ( 1)
  81 R   0.59001 0.00861 0.39243 0.00895 ( 1)
  82 P   0.05847 0.93191 0.00002 0.00960 ( 2)
  83 S   0.59100 0.00735 0.39370 0.00795 ( 1)
  84 S   0.43104 0.13360 0.28738 0.14798 ( 1)
  85 R   0.58823 0.01169 0.38936 0.01071 ( 1)
  86 P   0.00217 0.48701 0.00144 0.50937 ( 4)
  87 P   0.59305 0.00585 0.39485 0.00625 ( 1)
  88 G   0.58945 0.01027 0.39061 0.00967 ( 1)
  89 E   0.58487 0.01517 0.38659 0.01337 ( 1)
  90 K   0.58095 0.01936 0.38334 0.01636 ( 1)
  91 S   0.58938 0.00852 0.39281 0.00930 ( 1)
  92 F   0.57946 0.02049 0.38253 0.01752 ( 1)
  93 R   0.58299 0.01624 0.38590 0.01487 ( 1)
  94 E   0.58522 0.01219 0.38962 0.01297 ( 1)
  95 P   0.59027 0.00527 0.39710 0.00737 ( 1)
  96 A   0.58971 0.00614 0.39599 0.00816 ( 1)
  97 V   0.58387 0.01391 0.38805 0.01417 ( 1)
  98 L   0.57080 0.02991 0.37563 0.02365 ( 1)
  99 E   0.58464 0.01293 0.38894 0.01349 ( 1)
 100 M   0.58952 0.00641 0.39567 0.00841 ( 1)
 101 E   0.35042 0.20438 0.23308 0.21212 ( 1)
 102 N   0.36764 0.18399 0.24512 0.20324 ( 1)
 103 L   0.42770 0.14201 0.28432 0.14597 ( 1)
 104 D   0.58626 0.01086 0.39089 0.01199 ( 1)
 105 R   0.58805 0.00851 0.39327 0.01018 ( 1)
 106 L   0.57169 0.02909 0.37622 0.02300 ( 1)
 107 A   0.58705 0.00985 0.39188 0.01123 ( 1)
 108 I   0.01963 0.51245 0.01298 0.45494 ( 2)
 109 R   0.58628 0.01085 0.39088 0.01199 ( 1)
 110 L   0.57080 0.02991 0.37563 0.02365 ( 1)
 111 G   0.00184 0.53012 0.00121 0.46683 ( 2)
 112 D   0.58247 0.01567 0.38653 0.01533 ( 1)
 113 G   0.58781 0.00879 0.39297 0.01043 ( 1)
 114 L   0.24740 0.32937 0.16281 0.26042 ( 2)
 115 D   0.58240 0.01573 0.38648 0.01539 ( 1)
 116 P   0.57925 0.01961 0.38330 0.01784 ( 1)
 117 D   0.58626 0.01086 0.39089 0.01199 ( 1)
 118 S   0.58646 0.01039 0.39137 0.01178 ( 1)
 119 M   0.32873 0.23417 0.21777 0.21933 ( 1)
 120 S   0.57714 0.02076 0.38246 0.01964 ( 1)
 121 L   0.58769 0.00947 0.39213 0.01071 ( 1)
 122 A   0.58613 0.01103 0.39070 0.01213 ( 1)
 123 S   0.58668 0.01042 0.39127 0.01163 ( 1)
 124 V   0.58932 0.00672 0.39528 0.00868 ( 1)
 125 T   0.58339 0.01450 0.38754 0.01457 ( 1)
 126 A   0.58613 0.01103 0.39070 0.01213 ( 1)
 127 L   0.58733 0.00949 0.39223 0.01096 ( 1)
 128 T   0.59025 0.00528 0.39709 0.00738 ( 1)
 129 T   0.59025 0.00528 0.39709 0.00738 ( 1)
 130 N   0.59033 0.00509 0.39737 0.00720 ( 1)
 131 V   0.42073 0.12960 0.28220 0.16746 ( 1)
 132 S   0.58652 0.01055 0.39116 0.01177 ( 1)
 133 N   0.59036 0.00507 0.39739 0.00718 ( 1)
 134 K   0.58229 0.01588 0.38635 0.01549 ( 1)
 135 R   0.58078 0.01758 0.38494 0.01670 ( 1)
 136 S   0.58535 0.01191 0.38988 0.01285 ( 1)
 137 K   0.58084 0.01750 0.38501 0.01665 ( 1)
 138 P   0.58154 0.01663 0.38574 0.01609 ( 1)
 139 D   0.58494 0.01235 0.38951 0.01320 ( 1)
 140 I   0.57717 0.02202 0.38142 0.01939 ( 1)
 141 K   0.58084 0.01750 0.38501 0.01665 ( 1)
 142 M   0.58851 0.00761 0.39432 0.00956 ( 1)
 143 E   0.58324 0.01450 0.38757 0.01469 ( 1)
 144 P   0.58154 0.01663 0.38574 0.01609 ( 1)
 145 S   0.58786 0.00853 0.39331 0.01031 ( 1)
 146 A   0.58578 0.01129 0.39050 0.01243 ( 1)
 147 G   0.58642 0.01036 0.39142 0.01180 ( 1)
 148 R   0.58466 0.01258 0.38931 0.01345 ( 1)
 149 P   0.58338 0.01421 0.38783 0.01458 ( 1)
 150 M   0.58824 0.00781 0.39414 0.00981 ( 1)
 151 D   0.02442 0.49106 0.01619 0.46832 ( 2)
 152 Y   0.32153 0.23566 0.21332 0.22948 ( 1)
 153 Q   0.35246 0.20119 0.23454 0.21180 ( 1)
 154 V   0.59010 0.00499 0.39765 0.00727 ( 1)
 155 S   0.59087 0.00329 0.40033 0.00550 ( 1)
 156 V   0.03381 0.46958 0.02245 0.47416 ( 4)
 157 T   0.58783 0.00836 0.39354 0.01027 ( 1)
 158 V   0.58245 0.01539 0.38681 0.01535 ( 1)
 159 I   0.58585 0.01102 0.39080 0.01233 ( 1)
 160 E   0.58622 0.01056 0.39125 0.01197 ( 1)
 161 A   0.58786 0.00851 0.39334 0.01030 ( 1)
 162 R   0.58767 0.00864 0.39323 0.01047 ( 1)
 163 Q   0.58729 0.00916 0.39265 0.01089 ( 1)
 164 L   0.57256 0.02760 0.37728 0.02257 ( 1)
 165 V   0.58245 0.01539 0.38681 0.01535 ( 1)
 166 G   0.58855 0.00739 0.39463 0.00944 ( 1)
 167 L   0.58987 0.00541 0.39703 0.00768 ( 1)
 168 N   0.59075 0.00362 0.39976 0.00587 ( 1)
 169 M   0.35066 0.20846 0.23287 0.20801 ( 1)
 170 D   0.58765 0.00865 0.39323 0.01047 ( 1)
 171 P   0.58660 0.01008 0.39172 0.01160 ( 1)
 172 V   0.58245 0.01539 0.38681 0.01535 ( 1)
 173 V   0.58241 0.01464 0.38756 0.01538 ( 1)
 174 C   0.59107 0.00244 0.40198 0.00451 ( 1)
 175 V   0.58245 0.01539 0.38681 0.01535 ( 1)
 176 E   0.58622 0.01056 0.39125 0.01197 ( 1)
 177 V   0.58245 0.01539 0.38681 0.01535 ( 1)
 178 G   0.58855 0.00739 0.39463 0.00944 ( 1)
 179 D   0.58761 0.00868 0.39321 0.01051 ( 1)
 180 D   0.58765 0.00865 0.39323 0.01047 ( 1)
 181 K   0.58406 0.01336 0.38859 0.01399 ( 1)
 182 K   0.58406 0.01336 0.38859 0.01399 ( 1)
 183 F   0.03099 0.45640 0.02064 0.49197 ( 4)
 184 T   0.59070 0.00379 0.39946 0.00605 ( 1)
 185 S   0.58788 0.00837 0.39351 0.01025 ( 1)
 186 M   0.59022 0.00473 0.39804 0.00701 ( 1)
 187 K   0.58406 0.01336 0.38859 0.01399 ( 1)
 188 E   0.58622 0.01056 0.39125 0.01197 ( 1)
 189 S   0.58788 0.00837 0.39351 0.01025 ( 1)
 190 T   0.59000 0.00516 0.39741 0.00743 ( 1)
 191 N   0.59075 0.00362 0.39976 0.00587 ( 1)
 192 C   0.59107 0.00244 0.40198 0.00451 ( 1)
 193 P   0.58660 0.01008 0.39172 0.01160 ( 1)
 194 Y   0.58493 0.01225 0.38961 0.01320 ( 1)
 195 Y   0.58493 0.01225 0.38961 0.01320 ( 1)
 196 N   0.59075 0.00362 0.39976 0.00587 ( 1)
 197 E   0.58622 0.01056 0.39125 0.01197 ( 1)
 198 -   0.57740 0.02649 0.37793 0.01819 ( 1)
 199 -   0.57713 0.02676 0.37774 0.01837 ( 1)
 200 -   0.58620 0.01736 0.38415 0.01229 ( 1)
 201 -   0.30009 0.29858 0.19641 0.20493 ( 1)
 202 -   0.58121 0.02253 0.38060 0.01565 ( 1)
 203 -   0.57713 0.02676 0.37774 0.01837 ( 1)
 204 -   0.59688 0.00616 0.39227 0.00470 ( 1)
 205 -   0.58620 0.01736 0.38415 0.01229 ( 1)
 206 -   0.28666 0.30842 0.18782 0.21711 ( 2)
 207 -   0.57312 0.03092 0.37496 0.02100 ( 1)
 208 -   0.29601 0.30110 0.19381 0.20908 ( 2)
 209 -   0.58620 0.01736 0.38415 0.01229 ( 1)
 210 -   0.58659 0.01695 0.38443 0.01202 ( 1)
 211 -   0.57713 0.02676 0.37774 0.01837 ( 1)
 212 -   0.58121 0.02253 0.38060 0.01565 ( 1)
 213 -   0.57633 0.02759 0.37718 0.01889 ( 1)
 214 -   0.57869 0.02515 0.37883 0.01734 ( 1)
 215 -   0.57869 0.02515 0.37883 0.01734 ( 1)
 216 -   0.57633 0.02759 0.37718 0.01889 ( 1)
 217 -   0.57869 0.02515 0.37883 0.01734 ( 1)
 218 -   0.58510 0.01850 0.38336 0.01305 ( 1)
 219 -   0.57489 0.02591 0.37849 0.02071 ( 1)
 220 -   0.57298 0.02816 0.37688 0.02198 ( 1)
 221 -   0.58974 0.00818 0.39309 0.00900 ( 1)
 222 -   0.58140 0.01828 0.38422 0.01611 ( 1)
 223 -   0.57660 0.02390 0.37996 0.01954 ( 1)
 224 -   0.58723 0.01130 0.39009 0.01138 ( 1)
 225 -   0.56613 0.03621 0.37135 0.02632 ( 1)
 226 -   0.56613 0.03621 0.37135 0.02632 ( 1)
 227 -   0.58343 0.01587 0.38616 0.01455 ( 1)
 228 -   0.58481 0.01540 0.38636 0.01342 ( 1)
 229 -   0.58238 0.01829 0.38407 0.01526 ( 1)
 230 -   0.58721 0.01278 0.38846 0.01156 ( 1)
 231 -   0.56585 0.03707 0.37080 0.02628 ( 1)
 232 -   0.57461 0.02711 0.37762 0.02066 ( 1)
 233 -   0.58238 0.01829 0.38407 0.01526 ( 1)
 234 -   0.58128 0.01955 0.38311 0.01606 ( 1)
 235 -   0.57711 0.02428 0.37962 0.01899 ( 1)
 236 -   0.58211 0.01851 0.38391 0.01546 ( 1)
 237 -   0.58579 0.01440 0.38713 0.01268 ( 1)
 238 -   0.58096 0.01991 0.38285 0.01628 ( 1)
 239 -   0.57461 0.02711 0.37762 0.02066 ( 1)
 240 -   0.58308 0.01751 0.38466 0.01475 ( 1)
 241 -   0.58721 0.01278 0.38846 0.01156 ( 1)
 242 -   0.57461 0.02711 0.37762 0.02066 ( 1)
 243 -   0.57737 0.02399 0.37984 0.01880 ( 1)
 244 -   0.58133 0.01928 0.38333 0.01605 ( 1)
 245 -   0.58042 0.02053 0.38237 0.01668 ( 1)
 246 -   0.58724 0.01274 0.38848 0.01154 ( 1)
 247 -   0.57582 0.02746 0.37730 0.01941 ( 1)
 248 -   0.58863 0.00442 0.39931 0.00764 ( 1)
 249 -   0.58242 0.01382 0.38840 0.01536 ( 1)
 250 -   0.57958 0.01755 0.38510 0.01777 ( 1)
 251 -   0.58863 0.00442 0.39931 0.00764 ( 1)
 252 -   0.58881 0.00431 0.39943 0.00745 ( 1)
 253 -   0.57890 0.01842 0.38438 0.01830 ( 1)
 254 -   0.57805 0.01978 0.38323 0.01893 ( 1)
 255 -   0.58582 0.01048 0.39145 0.01226 ( 1)
 256 -   0.58308 0.01406 0.38805 0.01481 ( 1)
 257 -   0.56993 0.03053 0.37519 0.02435 ( 1)
 258 -   0.40010 0.14548 0.26826 0.18616 ( 1)
 259 -   0.58503 0.01152 0.39044 0.01302 ( 1)
 260 -   0.58366 0.01337 0.38866 0.01431 ( 1)
 261 -   0.37386 0.16645 0.25053 0.20917 ( 1)
 262 -   0.58503 0.01152 0.39044 0.01302 ( 1)
 263 -   0.58308 0.01406 0.38805 0.01481 ( 1)
 264 -   0.07420 0.92580 0.00000 0.00000 ( 2)
 265 -   0.59084 0.00355 0.39983 0.00578 ( 1)
 266 -   0.58790 0.00844 0.39340 0.01026 ( 1)
 267 -   0.57104 0.02951 0.37592 0.02353 ( 1)
 268 -   0.58244 0.01528 0.38695 0.01532 ( 1)
 269 -   0.58742 0.00908 0.39274 0.01076 ( 1)
 270 -   0.58341 0.01427 0.38776 0.01455 ( 1)
 271 -   0.58082 0.01751 0.38502 0.01666 ( 1)
 272 -   0.58249 0.01543 0.38676 0.01532 ( 1)
 273 -   0.59076 0.00396 0.39912 0.00616 ( 1)
 274 -   0.58606 0.01139 0.39033 0.01222 ( 1)
 275 -   0.39145 0.15104 0.26256 0.19495 ( 1)
 276 -   0.58713 0.00947 0.39233 0.01107 ( 1)
 277 -   0.58082 0.01751 0.38502 0.01666 ( 1)
 278 -   0.31461 0.24431 0.20855 0.23253 ( 1)
 279 -   0.58753 0.00899 0.39281 0.01066 ( 1)
 280 -   0.33473 0.22228 0.22225 0.22074 ( 1)
 281 -   0.58789 0.00843 0.39342 0.01026 ( 1)
 282 -   0.58638 0.01046 0.39134 0.01182 ( 1)
 283 -   0.59029 0.00479 0.39789 0.00702 ( 1)
 284 -   0.58448 0.01293 0.38898 0.01362 ( 1)
 285 -   0.58249 0.01543 0.38676 0.01532 ( 1)
 286 -   0.00162 0.44970 0.00108 0.54760 ( 4)
 287 -   0.58522 0.01199 0.38984 0.01296 ( 1)
 288 -   0.59111 0.00290 0.40099 0.00501 ( 1)
 289 -   0.58249 0.01543 0.38676 0.01532 ( 1)
 290 -   0.58715 0.00946 0.39234 0.01106 ( 1)
 291 -   0.59028 0.00483 0.39787 0.00702 ( 1)
 292 -   0.58479 0.01251 0.38937 0.01332 ( 1)
 293 -   0.58645 0.01026 0.39154 0.01175 ( 1)
 294 -   0.02950 0.45763 0.01965 0.49322 ( 4)
 295 -   0.58479 0.01251 0.38937 0.01332 ( 1)
 296 -   0.02912 0.46802 0.01937 0.48349 ( 4)
 297 -   0.58638 0.01046 0.39134 0.01182 ( 1)
 298 -   0.57885 0.01993 0.38305 0.01816 ( 1)
 299 -   0.65310 0.34689 0.00001 0.00000 ( 1)
 300 -   0.06744 0.93256 0.00000 0.00000 ( 2)
 301 N   0.59023 0.00593 0.39609 0.00775 ( 1)
 302 L   0.58864 0.00823 0.39341 0.00972 ( 1)
 303 L   0.57004 0.03104 0.37485 0.02407 ( 1)
 304 L   0.58679 0.01063 0.39099 0.01159 ( 1)
 305 P   0.58436 0.01382 0.38805 0.01378 ( 1)
 306 E   0.05824 0.94176 0.00000 0.00000 ( 2)
 307 G   0.58730 0.00995 0.39167 0.01108 ( 1)
 308 V   0.57977 0.01929 0.38353 0.01742 ( 1)
 309 P   0.58438 0.01366 0.38820 0.01376 ( 1)
 310 P   0.03035 0.45736 0.02021 0.49207 ( 4)
 311 E   0.58452 0.01345 0.38840 0.01362 ( 1)
 312 R   0.58758 0.00960 0.39202 0.01080 ( 1)
 313 Q   0.58520 0.01264 0.38911 0.01305 ( 1)
 314 W   0.57999 0.01903 0.38371 0.01726 ( 1)
 315 A   0.58649 0.01101 0.39064 0.01186 ( 1)
 316 R   0.58567 0.01205 0.38966 0.01262 ( 1)
 317 F   0.58221 0.01632 0.38592 0.01554 ( 1)
 318 Y   0.58236 0.01626 0.38596 0.01542 ( 1)
 319 V   0.57977 0.01929 0.38353 0.01742 ( 1)
 320 K   0.58150 0.01719 0.38521 0.01610 ( 1)
 321 I   0.57777 0.02171 0.38164 0.01888 ( 1)
 322 Y   0.58246 0.01601 0.38618 0.01534 ( 1)
 323 R   0.58163 0.01616 0.38638 0.01582 ( 1)
 324 A   0.58945 0.00708 0.39471 0.00876 ( 1)
 325 E   0.58393 0.01420 0.38775 0.01412 ( 1)
 326 G   0.58729 0.01010 0.39149 0.01112 ( 1)
 327 L   0.57004 0.03104 0.37485 0.02407 ( 1)
 328 P   0.58438 0.01366 0.38820 0.01376 ( 1)
 329 R   0.38927 0.16516 0.25971 0.18585 ( 1)
 330 M   0.58923 0.00737 0.39439 0.00901 ( 1)
 331 N   0.59023 0.00593 0.39609 0.00775 ( 1)
 332 T   0.58326 0.01492 0.38714 0.01468 ( 1)
 333 S   0.59052 0.00548 0.39665 0.00735 ( 1)
 334 L   0.58679 0.01063 0.39099 0.01159 ( 1)
 335 M   0.58923 0.00737 0.39439 0.00901 ( 1)
 336 A   0.58649 0.01101 0.39064 0.01186 ( 1)
 337 N   0.59023 0.00593 0.39609 0.00775 ( 1)
 338 M   0.58923 0.00737 0.39439 0.00901 ( 1)
 339 K   0.58150 0.01719 0.38521 0.01610 ( 1)
 340 K   0.58150 0.01719 0.38521 0.01610 ( 1)
 341 A   0.58577 0.01095 0.39089 0.01239 ( 1)
 342 F   0.58221 0.01632 0.38592 0.01554 ( 1)
 343 I   0.57960 0.01989 0.38301 0.01749 ( 1)
 344 G   0.59141 0.00391 0.39885 0.00582 ( 1)
 345 E   0.58393 0.01420 0.38775 0.01412 ( 1)
 346 N   0.59023 0.00593 0.39609 0.00775 ( 1)
 347 K   0.58150 0.01719 0.38521 0.01610 ( 1)
 348 D   0.58565 0.01206 0.38967 0.01263 ( 1)
 349 L   0.57004 0.03104 0.37485 0.02407 ( 1)
 350 V   0.62527 0.23275 0.08936 0.05262 ( 1)
 351 D   0.58579 0.01289 0.38872 0.01260 ( 1)
 352 P   0.58445 0.01452 0.38731 0.01373 ( 1)
 353 Y   0.58245 0.01690 0.38534 0.01531 ( 1)
 354 V   0.57968 0.02018 0.38276 0.01738 ( 1)
 355 Q   0.59068 0.00645 0.39510 0.00777 ( 1)
 356 V   0.58893 0.00878 0.39260 0.00969 ( 1)
 357 F   0.58081 0.01842 0.38417 0.01660 ( 1)
 358 F   0.57384 0.02673 0.37791 0.02152 ( 1)
 359 A   0.58532 0.01294 0.38877 0.01297 ( 1)
 360 G   0.58566 0.01252 0.38915 0.01267 ( 1)
 361 Q   0.58393 0.01465 0.38727 0.01415 ( 1)
 362 K   0.58007 0.01930 0.38349 0.01715 ( 1)
 363 G   0.58821 0.00912 0.39243 0.01024 ( 1)
 364 K   0.58417 0.01458 0.38731 0.01394 ( 1)
 365 T   0.59104 0.00610 0.39547 0.00739 ( 1)
 366 S   0.58054 0.01799 0.38459 0.01688 ( 1)
 367 V   0.58246 0.01650 0.38573 0.01531 ( 1)
 368 Q   0.58771 0.01024 0.39119 0.01085 ( 1)
 369 K   0.58916 0.00834 0.39310 0.00940 ( 1)
 370 S   0.59218 0.00392 0.39842 0.00548 ( 1)
 371 S   0.59218 0.00392 0.39842 0.00548 ( 1)
 372 Y   0.58400 0.01480 0.38712 0.01409 ( 1)
 373 E   0.58652 0.01170 0.38985 0.01192 ( 1)
 374 P   0.58604 0.01152 0.39016 0.01228 ( 1)
 375 L   0.57227 0.02875 0.37646 0.02252 ( 1)
 376 W   0.58268 0.01639 0.38578 0.01515 ( 1)
 377 N   0.59187 0.00448 0.39763 0.00602 ( 1)
 378 E   0.58652 0.01170 0.38985 0.01192 ( 1)
 379 Q   0.58771 0.01024 0.39119 0.01085 ( 1)
 380 V   0.58392 0.01410 0.38784 0.01413 ( 1)
 381 V   0.44064 0.12107 0.29460 0.14370 ( 1)
 382 F   0.57784 0.02215 0.38128 0.01874 ( 1)
 383 T   0.58529 0.01323 0.38848 0.01301 ( 1)
 384 D   0.58812 0.00970 0.39174 0.01043 ( 1)
 385 L   0.57227 0.02875 0.37646 0.02252 ( 1)
 386 F   0.58487 0.01389 0.38787 0.01336 ( 1)
 387 P   0.58686 0.01162 0.38985 0.01168 ( 1)
 388 P   0.59230 0.00474 0.39695 0.00600 ( 1)
 389 L   0.58916 0.00839 0.39303 0.00942 ( 1)
 390 C   0.59262 0.00296 0.39993 0.00449 ( 1)
 391 K   0.58417 0.01458 0.38731 0.01394 ( 1)
 392 R   0.58985 0.00747 0.39402 0.00866 ( 1)
 393 M   0.44663 0.11208 0.29937 0.14192 ( 1)
 394 K   0.58436 0.01311 0.38883 0.01370 ( 1)
 395 V   0.58571 0.01277 0.38886 0.01265 ( 1)
 396 Q   0.58771 0.01024 0.39119 0.01085 ( 1)
 397 I   0.58620 0.01212 0.38946 0.01222 ( 1)
 398 R   0.58814 0.00969 0.39174 0.01043 ( 1)
 399 D   0.58812 0.00970 0.39174 0.01043 ( 1)
 400 S   0.57826 0.02165 0.38165 0.01844 ( 1)
 401 D   0.58812 0.00970 0.39174 0.01043 ( 1)
 402 K   0.58417 0.01458 0.38731 0.01394 ( 1)
 403 V   0.59110 0.00585 0.39582 0.00723 ( 1)
 404 N   0.59198 0.00429 0.39790 0.00584 ( 1)
 405 D   0.58810 0.00972 0.39172 0.01046 ( 1)
 406 V   0.58251 0.01660 0.38563 0.01526 ( 1)
 407 A   0.58889 0.00873 0.39269 0.00969 ( 1)
 408 I   0.58610 0.01220 0.38940 0.01230 ( 1)
 409 G   0.58916 0.00837 0.39307 0.00940 ( 1)
 410 T   0.59188 0.00448 0.39762 0.00602 ( 1)
 411 H   0.59274 0.00253 0.40072 0.00401 ( 1)
 412 F   0.58488 0.01374 0.38802 0.01337 ( 1)
 413 I   0.58100 0.01856 0.38402 0.01641 ( 1)
 414 D   0.58812 0.00970 0.39174 0.01043 ( 1)
 415 L   0.57227 0.02875 0.37646 0.02252 ( 1)
 416 R   0.58985 0.00747 0.39402 0.00866 ( 1)
 417 K   0.58417 0.01458 0.38731 0.01394 ( 1)
 418 I   0.34418 0.22735 0.22749 0.20098 ( 1)
 419 S   0.58838 0.00940 0.39201 0.01021 ( 1)
 420 N   0.59197 0.00430 0.39789 0.00585 ( 1)
 421 D   0.38734 0.17225 0.25786 0.18255 ( 1)
 422 G   0.59008 0.00707 0.39447 0.00838 ( 1)
 423 D   0.58797 0.00983 0.39163 0.01057 ( 1)
 424 K   0.58909 0.00840 0.39305 0.00946 ( 1)
 425 G   0.58714 0.00996 0.39172 0.01118 ( 1)
 426 F   0.58282 0.01445 0.38768 0.01505 ( 1)
 427 L   0.57087 0.02939 0.37599 0.02375 ( 1)
 428 P   0.58481 0.01187 0.39007 0.01325 ( 1)
 429 T   0.58615 0.01003 0.39189 0.01193 ( 1)
 430 L   0.57087 0.02939 0.37599 0.02375 ( 1)
 431 G   0.58696 0.00897 0.39302 0.01106 ( 1)
 432 P   0.58481 0.01187 0.39007 0.01325 ( 1)
 433 T   0.04163 0.39451 0.02798 0.53588 ( 4)
 434 W   0.58072 0.01712 0.38537 0.01680 ( 1)
 435 V   0.58051 0.01737 0.38518 0.01695 ( 1)
 436 N   0.58970 0.00472 0.39830 0.00729 ( 1)
 437 M   0.58896 0.00600 0.39652 0.00852 ( 1)
 438 Y   0.58197 0.01548 0.38678 0.01576 ( 1)
 439 G   0.58696 0.00897 0.39302 0.01106 ( 1)
 440 S   0.58620 0.01004 0.39187 0.01190 ( 1)
 441 T   0.58411 0.01308 0.38889 0.01392 ( 1)
 442 R   0.58763 0.00804 0.39404 0.01030 ( 1)
 443 N   0.58970 0.00472 0.39830 0.00729 ( 1)
 444 Y   0.58305 0.01415 0.38796 0.01485 ( 1)
 445 T   0.58625 0.00995 0.39197 0.01183 ( 1)
 446 L   0.57087 0.02939 0.37599 0.02375 ( 1)
 447 L   0.57217 0.02679 0.37785 0.02319 ( 1)
 448 D   0.58595 0.01047 0.39147 0.01211 ( 1)
 449 E   0.58441 0.01238 0.38960 0.01362 ( 1)
 450 H   0.59042 0.00284 0.40150 0.00524 ( 1)
 451 Q   0.58555 0.01090 0.39101 0.01254 ( 1)
 452 D   0.68339 0.31578 0.00004 0.00078 ( 1)
 453 L   0.57087 0.02939 0.37599 0.02375 ( 1)
 454 N   0.58959 0.00479 0.39822 0.00740 ( 1)
 455 E   0.35416 0.19514 0.23610 0.21460 ( 1)
 456 G   0.58696 0.00897 0.39302 0.01106 ( 1)
 457 L   0.57087 0.02939 0.37599 0.02375 ( 1)
 458 G   0.58742 0.00834 0.39369 0.01055 ( 1)
 459 E   0.58441 0.01238 0.38960 0.01362 ( 1)
 460 G   0.58685 0.00905 0.39295 0.01115 ( 1)
 461 V   0.58040 0.01746 0.38510 0.01704 ( 1)
 462 S   0.58874 0.00679 0.39540 0.00907 ( 1)
 463 F   0.58271 0.01454 0.38761 0.01515 ( 1)
 464 R   0.58752 0.00811 0.39397 0.01039 ( 1)
 465 A   0.58659 0.00943 0.39254 0.01145 ( 1)
 466 R   0.58752 0.00811 0.39397 0.01039 ( 1)
 467 L   0.58686 0.00907 0.39290 0.01118 ( 1)
 468 M   0.58887 0.00607 0.39645 0.00861 ( 1)
 469 L   0.57078 0.02947 0.37593 0.02381 ( 1)
 470 G   0.58685 0.00905 0.39295 0.01115 ( 1)
 471 L   0.57078 0.02947 0.37593 0.02381 ( 1)
 472 -   0.59178 0.00336 0.39967 0.00519 ( 1)
 473 -   0.30410 0.25615 0.20141 0.23834 ( 1)
 474 -   0.58383 0.01371 0.38829 0.01417 ( 1)
 475 -   0.58350 0.01414 0.38789 0.01447 ( 1)
 476 -   0.56981 0.03090 0.37494 0.02435 ( 1)
 477 -   0.58508 0.01192 0.38997 0.01303 ( 1)
 478 -   0.58816 0.00779 0.39419 0.00985 ( 1)
 479 -   0.58535 0.01159 0.39025 0.01281 ( 1)
 480 -   0.58946 0.00582 0.39659 0.00812 ( 1)
 481 -   0.57802 0.02078 0.38241 0.01879 ( 1)
 482 -   0.58341 0.01405 0.38801 0.01453 ( 1)
 483 -   0.58614 0.01052 0.39130 0.01204 ( 1)
 484 -   0.58929 0.00608 0.39626 0.00838 ( 1)
 485 -   0.58969 0.00541 0.39715 0.00775 ( 1)
 486 -   0.58530 0.01163 0.39022 0.01286 ( 1)
 487 -   0.58504 0.01241 0.38941 0.01313 ( 1)
 488 -   0.33929 0.21388 0.22565 0.22117 ( 1)
 489 -   0.57931 0.01917 0.38368 0.01784 ( 1)
 490 -   0.58459 0.01254 0.38936 0.01350 ( 1)
 491 -   0.57931 0.01917 0.38368 0.01784 ( 1)
 492 -   0.58396 0.01333 0.38865 0.01405 ( 1)
 493 -   0.03680 0.44730 0.02453 0.49136 ( 4)
 494 -   0.58584 0.01091 0.39093 0.01232 ( 1)
 495 -   0.32373 0.23098 0.21499 0.23030 ( 1)
