16
Oorc       0.0000000 0.4703035 0.3652110 0.2587310 0.3909645 0.1131429 0.1820813 0.0116121 0.3009514 0.4164069 0.5315891 0.3845702 0.0298946 0.5303480 0.0120981 0.3319344 
Pcat       0.4703035 0.0000000 0.4510936 0.6139554 0.9638024 0.5270156 0.5126899 0.5479514 0.8341234 0.4338521 0.5545997 0.6248147 0.7799417 0.6696886 0.5244469 0.4103649 
Bacu       0.3652110 0.4510936 0.0000000 0.5843919 0.7124121 0.5463621 0.5204954 0.4886219 0.6160569 0.1172323 0.5605369 0.1100048 0.5516760 0.6777784 0.4666326 0.2547694 
Dleu       0.2587310 0.6139554 0.5843919 0.0000000 0.3580912 0.3179061 0.0909017 0.3533004 0.2752029 0.5901713 0.6850878 0.6095088 0.3836559 0.6973466 0.2886159 0.4594507 
Naasi      0.3909645 0.9638024 0.7124121 0.3580912 0.0000000 0.4240868 0.2265375 0.5042544 0.0128078 0.7253121 0.9989491 0.9038756 0.7457646 0.8683083 0.4437002 0.6861263 
Lobl       0.1131429 0.5270156 0.5463621 0.3179061 0.4240868 0.0000000 0.2487554 0.0174476 0.2803996 0.5735694 0.5015904 0.5776719 0.0226843 0.4465172 0.1251057 0.5043626 
Mmon       0.1820813 0.5126899 0.5204954 0.0909017 0.2265375 0.2487554 0.0000000 0.2759238 0.1755612 0.5264405 0.5793760 0.5518981 0.3051546 0.6354675 0.2100174 0.4310577 
Gmel       0.0116121 0.5479514 0.4886219 0.3533004 0.5042544 0.0174476 0.2759238 0.0000000 0.4018932 0.5371245 0.5774627 0.4978367 0.1012649 0.6607498 0.1219834 0.4206452 
Psin       0.3009514 0.8341234 0.6160569 0.2752029 0.0128078 0.2803996 0.1755612 0.4018932 0.0000000 0.6492930 0.8688413 0.8174506 0.6465419 0.7295139 0.3495070 0.5603642 
Bmus       0.4164069 0.4338521 0.1172323 0.5901713 0.7253121 0.5735694 0.5264405 0.5371245 0.6492930 0.0000000 0.6240350 0.1238035 0.5759366 0.7057699 0.5134584 0.2702254 
Kbre       0.5315891 0.5545997 0.5605369 0.6850878 0.9989491 0.5015904 0.5793760 0.5774627 0.8688413 0.6240350 0.0000000 0.8205331 0.9112013 0.7301377 0.5946214 0.4567842 
Bric       0.3845702 0.6248147 0.1100048 0.6095088 0.9038756 0.5776719 0.5518981 0.4978367 0.8174506 0.1238035 0.8205331 0.0000000 0.7005027 0.6774229 0.4770683 0.2493933 
Ddel       0.0298946 0.7799417 0.5516760 0.3836559 0.7457646 0.0226843 0.3051546 0.1012649 0.6465419 0.5759366 0.9112013 0.7005027 0.0000000 0.6656554 0.1059408 0.4952759 
Mden       0.5303480 0.6696886 0.6777784 0.6973466 0.8683083 0.4465172 0.6354675 0.6607498 0.7295139 0.7057699 0.7301377 0.6774229 0.6656554 0.0000000 0.6491031 0.6354028 
Lalb       0.0120981 0.5244469 0.4666326 0.2886159 0.4437002 0.1251057 0.2100174 0.1219834 0.3495070 0.5134584 0.5946214 0.4770683 0.1059408 0.6491031 0.0000000 0.4040287 
Egla       0.3319344 0.4103649 0.2547694 0.4594507 0.6861263 0.5043626 0.4310577 0.4206452 0.5603642 0.2702254 0.4567842 0.2493933 0.4952759 0.6354028 0.4040287 0.0000000 
