15
XP_049551891.1 0.0000000 0.0854565 0.0558430 0.0854381 0.0569331 0.0000010 0.0572117 0.0000010 0.0569331 0.0838794 0.0567257 0.0842434 0.0000010 0.1159930 0.0852961 
XP_023974525.1 0.0854565 0.0000000 0.0854565 0.2280781 0.5539209 0.0353787 0.1973248 0.0854565 0.5539209 0.2226407 0.9803250 0.5769787 0.4341013 0.1476600 0.1160769 
XP_007190095.1 0.0558430 0.0854565 0.0000000 0.0854381 0.0569331 0.0708291 0.0572117 0.0558430 0.0569331 0.0279354 0.0567257 0.0280524 0.0558430 0.1159930 0.0283799 
XP_022429563.1 0.0854381 0.2280781 0.0854381 0.0000000 0.1250653 0.0708326 0.0279600 0.0854381 0.1250653 0.1137223 0.1553263 0.2622770 0.1928479 0.0852364 0.1160441 
XP_024609338.1 0.0569331 0.5539209 0.0569331 0.1250653 0.0000000 0.0353787 0.0943758 0.0569331 0.0000010 0.1915586 0.6916235 0.8091733 0.5270437 0.1220015 0.0870502 
XP_026968959.1 0.0000010 0.0353787 0.0708291 0.0708326 0.0353787 0.0000000 0.0353787 0.0000010 0.0353787 0.1063783 0.0353787 0.1069727 0.0000010 0.0353787 0.0708291 
XP_029088407.1 0.0572117 0.1973248 0.0572117 0.0279600 0.0943758 0.0353787 0.0000000 0.0572117 0.0943758 0.0857628 0.1249736 0.2320078 0.1620283 0.0570843 0.0874839 
XP_060165961.1 0.0000010 0.0854565 0.0558430 0.0854381 0.0569331 0.0000010 0.0572117 0.0000000 0.0569331 0.0838794 0.0567257 0.0842434 0.0000010 0.1159930 0.0852961 
XP_032509116.1 0.0569331 0.5539209 0.0569331 0.1250653 0.0000010 0.0353787 0.0943758 0.0569331 0.0000000 0.1915586 0.6916235 0.8091733 0.5270437 0.1220015 0.0870502 
XP_036729233.1 0.0838794 0.2226407 0.0279354 0.1137223 0.1915586 0.1063783 0.0857628 0.0838794 0.1915586 0.0000000 0.1520048 0.1937986 0.1884566 0.1449544 0.0569297 
XP_058934686.1 0.0567257 0.9803250 0.0567257 0.1553263 0.6916235 0.0353787 0.1249736 0.0567257 0.6916235 0.1520048 0.0000000 0.9858251 0.8391542 0.2241283 0.0867202 
XP_059798784.1 0.0842434 0.5769787 0.0280524 0.2622770 0.8091733 0.1069727 0.2320078 0.0842434 0.8091733 0.1937986 0.9858251 0.0000000 0.5478670 0.2087036 0.0571776 
XP_059882608.1 0.0000010 0.4341013 0.0558430 0.1928479 0.5270437 0.0000010 0.1620283 0.0000010 0.5270437 0.1884566 0.8391542 0.5478670 0.0000000 0.1156850 0.0852961 
XP_059972649.1 0.1159930 0.1476600 0.1159930 0.0852364 0.1220015 0.0353787 0.0570843 0.1159930 0.1220015 0.1449544 0.2241283 0.2087036 0.1156850 0.0000000 0.1477224 
XP_061024456.1 0.0852961 0.1160769 0.0283799 0.1160441 0.0870502 0.0708291 0.0874839 0.0852961 0.0870502 0.0569297 0.0867202 0.0571776 0.0852961 0.1477224 0.0000000 
