Supplemental results for CODEML (seqf: /home/leticiamagpali/phd/evol_models/codeml/big_dataset/cml_align/MYL1_codon_aligned.phy  treef: /home/leticiamagpali/phd/evol_models/codeml/big_dataset/cml_trees/gene_trees/H1d_gene_trees/MYL1_tree_H1d.tre)

I	J	ij	2Ns_IJ	pMut_IJ	pSub_IJ	2Ns_JI	pMut_JI	pSub_JI

TTC	TTT	CT	0.62593	0.05610	0.07548	-0.62593	0.10491	0.07548
TTA	TTT	AT	2.25333	0.01636	0.04119	-2.25333	0.15572	0.04119
TTA	TTC	AC	1.62739	0.01284	0.02600	-1.62739	0.06535	0.02600
TTG	TTT	GT	2.53447	0.00412	0.01133	-2.53447	0.05191	0.01133
TTG	TTC	GC	1.90854	0.00323	0.00724	-1.90854	0.02178	0.00724
TTG	TTA	GA	0.28114	0.01401	0.01607	-0.28114	0.01856	0.01607
TCT	TTT	CT	0.88863	0.04314	0.06511	-0.88863	0.10491	0.06511
TCC	TTC	CT	-0.18112	0.05277	0.04814	0.18112	0.04403	0.04814
TCC	TCT	CT	-0.44381	0.05277	0.04192	0.44381	0.03386	0.04192
TCA	TTA	CT	4.77492	0.00019	0.00089	-4.77492	0.02194	0.00089
TCA	TCT	AT	6.13962	0.00011	0.00067	-6.13962	0.05025	0.00067
TCA	TCC	AC	6.58343	0.00009	0.00056	-6.58343	0.06147	0.00056
TCG	TTG	CT	7.67045	0.00000	0.00000	-7.67045	0.00552	0.00002
TCG	TCT	GT	9.31629	0.00000	0.00000	-9.31629	0.01675	0.00001
TCG	TCC	GC	9.76010	0.00000	0.00000	-9.76010	0.02049	0.00001
TCG	TCA	GA	3.17667	0.00000	0.00000	-3.17667	0.00012	0.00002
TAT	TTT	AT	2.22075	0.01690	0.04210	-2.22075	0.15572	0.04210
TAT	TCT	AC	1.33212	0.01326	0.02400	-1.33212	0.05025	0.02400
TAC	TTC	AT	5.01602	0.00043	0.00219	-5.01602	0.06535	0.00219
TAC	TCC	AC	5.19714	0.00034	0.00178	-5.19714	0.06147	0.00178
TAC	TAT	CT	3.42120	0.00074	0.00262	-3.42120	0.02267	0.00262
TGT	TTT	GT	10.44727	0.00000	0.00000	-10.44727	0.05191	0.00002
TGT	TCT	GC	9.55865	0.00000	0.00000	-9.55865	0.01675	0.00001
TGT	TAT	GA	8.22652	0.00000	0.00000	-8.22652	0.01917	0.00004
TGC	TTC	GT	4.20515	0.00032	0.00139	-4.20515	0.02178	0.00139
TGC	TCC	GC	4.38627	0.00026	0.00113	-4.38627	0.02049	0.00113
TGC	TAC	GA	-0.81087	0.00111	0.00072	0.81087	0.00049	0.00072
TGC	TGT	CT	-5.61619	0.00056	0.00001	5.61619	0.00000	0.00000
TGG	TTG	GT	2.53447	0.00022	0.00060	-2.53447	0.00273	0.00060
TGG	TCG	GC	-5.13598	0.00017	0.00001	5.13598	0.00000	0.00000
TGG	TGT	GT	-5.37834	0.00022	0.00001	5.37834	0.00000	0.00000
TGG	TGC	GC	0.23785	0.00017	0.00019	-0.23785	0.00022	0.00019
CTT	TTT	CT	0.80628	0.04684	0.06824	-0.80628	0.10491	0.06824
CTC	TTC	CT	0.37762	0.03018	0.03624	-0.37762	0.04403	0.03624
CTC	CTT	CT	0.19728	0.03018	0.03326	-0.19728	0.03676	0.03326
CTA	TTA	CT	-0.68467	0.04351	0.03030	0.68467	0.02194	0.03030
CTA	CTT	AT	0.76239	0.02546	0.03638	-0.76239	0.05457	0.03638
CTA	CTC	AC	0.56511	0.01998	0.02615	-0.56511	0.03515	0.02615
CTG	TTG	CT	-2.38552	0.05999	0.01451	2.38552	0.00552	0.01451
CTG	CTT	GT	-0.65732	0.03510	0.02482	0.65732	0.01819	0.02482
CTG	CTC	GC	-0.85460	0.02754	0.01743	0.85460	0.01172	0.01743
CTG	CTA	GA	-1.41971	0.11944	0.05407	1.41971	0.02888	0.05407
CCT	TCT	CT	-1.06797	0.09850	0.05509	1.06797	0.03386	0.05509
CCT	CTT	CT	-0.98561	0.09850	0.05781	0.98561	0.03676	0.05781
CCC	TCC	CT	-0.54311	0.07129	0.05367	0.54311	0.04141	0.05367
CCC	CTC	CT	-1.10185	0.07129	0.03908	1.10185	0.02368	0.03908
CCC	CCT	CT	0.08104	0.07129	0.07421	-0.08104	0.07730	0.07421
CCA	TCA	CT	-5.63599	0.04073	0.00082	5.63599	0.00015	0.00082
CCA	CTA	CT	-0.17640	0.04073	0.03725	0.17640	0.03415	0.03725
CCA	CCT	AT	1.57160	0.02383	0.04728	-1.57160	0.11474	0.04728
CCA	CCC	AC	1.49056	0.01870	0.03598	-1.49056	0.08303	0.03598
CCG	TCG	CT	-8.69197	0.01204	0.00002	8.69197	0.00000	0.00000
CCG	CTG	CT	1.36400	0.01204	0.02205	-1.36400	0.04708	0.02205
CCG	CCT	GT	1.69229	0.00704	0.01460	-1.69229	0.03825	0.01460
CCG	CCC	GC	1.61125	0.00553	0.01112	-1.61125	0.02768	0.01112
CCG	CCA	GA	0.12069	0.02396	0.02544	-0.12069	0.02703	0.02544
CAT	TAT	CT	0.22253	0.01815	0.02024	-0.22253	0.02267	0.02024
CAT	CTT	AT	1.63700	0.01062	0.02158	-1.63700	0.05457	0.02158
CAT	CCT	AC	2.62262	0.00833	0.02356	-2.62262	0.11474	0.02356
CAC	TAC	CT	-3.81189	0.02629	0.00227	3.81189	0.00058	0.00227
CAC	CTC	AT	0.82650	0.01538	0.02261	-0.82650	0.03515	0.02261
CAC	CCC	AC	1.92836	0.01207	0.02724	-1.92836	0.08303	0.02724
CAC	CAT	CT	-0.61322	0.02629	0.01905	0.61322	0.01424	0.01905
CAA	CTA	AT	0.96078	0.01939	0.03018	-0.96078	0.05068	0.03018
CAA	CCA	AC	1.13718	0.01522	0.02548	-1.13718	0.04745	0.02548
CAA	CAT	AT	0.08616	0.01939	0.02024	-0.08616	0.02114	0.02024
CAA	CAC	AC	0.69938	0.01522	0.02115	-0.69938	0.03063	0.02115
CAG	CTG	AT	0.77223	0.03228	0.04634	-0.77223	0.06988	0.04634
CAG	CCG	AC	-0.59176	0.02533	0.01857	0.59176	0.01402	0.01857
CAG	CAT	GT	-1.52210	0.03228	0.01372	1.52210	0.00705	0.01372
CAG	CAC	GC	-0.90888	0.02533	0.01554	0.90888	0.01021	0.01554
CAG	CAA	GA	-1.60826	0.10985	0.04423	1.60826	0.02200	0.04423
CGT	TGT	CT	-9.58017	0.02925	0.00002	9.58017	0.00000	0.00000
CGT	CTT	GT	0.06082	0.01712	0.01764	-0.06082	0.01819	0.01764
CGT	CCT	GC	1.04644	0.01343	0.02166	-1.04644	0.03825	0.02166
CGT	CAT	GA	-1.57618	0.05824	0.02393	1.57618	0.01204	0.02393
CGC	TGC	CT	5.13147	0.00000	0.00000	-5.13147	0.00044	0.00001
CGC	CTC	GT	8.95900	0.00000	0.00000	-8.95900	0.01172	0.00001
CGC	CCC	GC	10.06085	0.00000	0.00000	-10.06085	0.02768	0.00001
CGC	CAC	GA	8.13249	0.00000	0.00000	-8.13249	0.01745	0.00004
CGC	CGT	CT	9.09545	0.00000	0.00000	-9.09545	0.02296	0.00002
CGA	CTA	GT	3.25786	0.00065	0.00220	-3.25786	0.01690	0.00220
CGA	CCA	GC	3.43426	0.00051	0.00181	-3.43426	0.01582	0.00181
CGA	CAA	GA	2.29707	0.00221	0.00565	-2.29707	0.02200	0.00565
CGA	CGT	AT	3.95942	0.00065	0.00262	-3.95942	0.03408	0.00262
CGA	CGC	AC	-5.13604	0.00051	0.00002	5.13604	0.00000	0.00000
CGG	TGG	CT	-3.94366	0.01500	0.00117	3.94366	0.00029	0.00117
CGG	CTG	GT	0.97632	0.00877	0.01374	-0.97632	0.02329	0.01374
CGG	CCG	GC	-0.38767	0.00689	0.00564	0.38767	0.00467	0.00564
CGG	CAG	GA	0.20409	0.02986	0.03301	-0.20409	0.03662	0.03301
CGG	CGT	GT	0.25818	0.00877	0.00996	-0.25818	0.01136	0.00996
CGG	CGC	GC	-8.83728	0.00689	0.00001	8.83728	0.00000	0.00000
CGG	CGA	GA	-3.70124	0.02986	0.00280	3.70124	0.00074	0.00280
ATT	TTT	AT	1.58025	0.03207	0.06381	-1.58025	0.15572	0.06381
ATT	CTT	AC	0.77397	0.02516	0.03615	-0.77397	0.05457	0.03615
ATC	TTC	AT	1.37188	0.01657	0.03047	-1.37188	0.06535	0.03047
ATC	CTC	AC	0.99425	0.01301	0.02053	-0.99425	0.03515	0.02053
ATC	ATT	CT	0.41756	0.02833	0.03465	-0.41756	0.04301	0.03465
ATA	TTA	AT	5.01271	0.00022	0.00109	-5.01271	0.03257	0.00109
ATA	CTA	AC	5.69738	0.00017	0.00097	-5.69738	0.05068	0.00097
ATA	ATT	AT	5.68579	0.00022	0.00124	-5.68579	0.06384	0.00124
ATA	ATC	AC	5.26823	0.00017	0.00090	-5.26823	0.03300	0.00090
ATG	TTG	AT	-1.57099	0.03943	0.01625	1.57099	0.00820	0.01625
ATG	CTG	AC	0.81453	0.03095	0.04524	-0.81453	0.06988	0.04524
ATG	ATT	GT	-0.61677	0.03943	0.02851	0.61677	0.02128	0.02851
ATG	ATC	GC	-1.03433	0.03095	0.01765	1.03433	0.01100	0.01765
ATG	ATA	GA	-6.30256	0.13418	0.00155	6.30256	0.00025	0.00155
ACT	TCT	AT	4.06018	0.00087	0.00358	-4.06018	0.05025	0.00358
ACT	CCT	AC	5.12814	0.00068	0.00351	-5.12814	0.11474	0.00351
ACT	ATT	CT	3.36856	0.00148	0.00517	-3.36856	0.04301	0.00517
ACC	TCC	AT	0.59807	0.03380	0.04491	-0.59807	0.06147	0.04491
ACC	CCC	AC	1.14118	0.02652	0.04448	-1.14118	0.08303	0.04448
ACC	ATC	CT	-0.95493	0.05777	0.03451	0.95493	0.02223	0.03451
ACC	ACT	CT	-3.90592	0.05777	0.00463	3.90592	0.00116	0.00463
ACA	TCA	AT	-4.88737	0.02860	0.00106	4.88737	0.00022	0.00106
ACA	CCA	AC	0.74862	0.02244	0.03188	-0.74862	0.04745	0.03188
ACA	ATA	CT	-5.12516	0.04888	0.00150	5.12516	0.00029	0.00150
ACA	ACT	AT	-2.80793	0.02860	0.00516	2.80793	0.00173	0.00516
ACA	ACC	AC	1.09800	0.02244	0.03698	-1.09800	0.06729	0.03698
ACG	TCG	AT	-6.29469	0.00162	0.00002	6.29469	0.00000	0.00000
ACG	CCG	AC	2.39728	0.00128	0.00336	-2.39728	0.01402	0.00336
ACG	ATG	CT	2.94674	0.00278	0.00864	-2.94674	0.05289	0.00864
ACG	ACT	GT	-1.03858	0.00162	0.00092	1.03858	0.00058	0.00092
ACG	ACC	GC	2.86734	0.00128	0.00388	-2.86734	0.02243	0.00388
ACG	ACA	GA	1.76935	0.00553	0.01179	-1.76935	0.03244	0.01179
AAT	TAT	AT	-0.39061	0.04972	0.04064	0.39061	0.03365	0.04064
AAT	CAT	AC	-0.61314	0.03902	0.02827	0.61314	0.02114	0.02827
AAT	ATT	AT	0.24989	0.04972	0.05620	-0.24989	0.06384	0.05620
AAT	ACT	AC	-3.11867	0.03902	0.00563	3.11867	0.00173	0.00563
AAC	TAC	AT	-4.00047	0.04712	0.00352	4.00047	0.00086	0.00352
AAC	CAC	AC	-0.18858	0.03698	0.03360	0.18858	0.03063	0.03360
AAC	ATC	AT	-0.35633	0.04712	0.03923	0.35633	0.03300	0.03923
AAC	ACC	AC	0.59860	0.03698	0.04915	-0.59860	0.06729	0.04915
AAC	AAT	CT	-0.18866	0.08054	0.07318	0.18866	0.06670	0.07318
AAA	CAA	AC	0.31923	0.02806	0.03277	-0.31923	0.03861	0.03277
AAA	ATA	AT	-4.41736	0.03575	0.00193	4.41736	0.00043	0.00193
AAA	ACA	AC	0.70780	0.02806	0.03915	-0.70780	0.05694	0.03915
AAA	AAT	AT	1.01854	0.03575	0.05699	-1.01854	0.09899	0.05699
AAA	AAC	AC	1.20719	0.02806	0.04832	-1.20719	0.09382	0.04832
AAG	CAG	AC	-0.13469	0.07354	0.06870	0.13469	0.06427	0.06870
AAG	ATG	AT	-0.17699	0.09371	0.08566	0.17699	0.07851	0.08566
AAG	ACG	AC	-3.12374	0.07354	0.01057	3.12374	0.00324	0.01057
AAG	AAT	GT	-1.04365	0.09371	0.05316	1.04365	0.03300	0.05316
AAG	AAC	GC	-0.85499	0.07354	0.04653	0.85499	0.03127	0.04653
AAG	AAA	GA	-2.06219	0.31886	0.09581	2.06219	0.04055	0.09581
AGT	TGT	AT	-4.27979	0.00022	0.00001	4.27979	0.00000	0.00000
AGT	CGT	AC	5.30039	0.00017	0.00091	-5.30039	0.03408	0.00091
AGT	ATT	GT	4.58724	0.00022	0.00100	-4.58724	0.02128	0.00100
AGT	ACT	GC	1.21868	0.00017	0.00029	-1.21868	0.00058	0.00029
AGT	AAT	GA	4.33735	0.00074	0.00324	-4.33735	0.05640	0.00324
AGC	TGC	AT	-3.32479	0.01798	0.00223	3.32479	0.00065	0.00223
AGC	CGC	AC	-8.45627	0.01411	0.00003	8.45627	0.00000	0.00000
AGC	ATC	GT	-0.49152	0.01798	0.01392	0.49152	0.01100	0.01392
AGC	ACC	GC	0.46341	0.01411	0.01763	-0.46341	0.02243	0.01763
AGC	AAC	GA	-0.13519	0.06119	0.05715	0.13519	0.05345	0.05715
AGC	AGT	CT	-4.66120	0.03074	0.00137	4.66120	0.00029	0.00137
AGA	CGA	AC	-1.32035	0.00485	0.00233	1.32035	0.00129	0.00233
AGA	ATA	GT	-3.75987	0.00617	0.00055	3.75987	0.00014	0.00055
AGA	ACA	GC	1.36529	0.00485	0.00888	-1.36529	0.01898	0.00888
AGA	AAA	GA	0.65749	0.02101	0.02867	-0.65749	0.04055	0.02867
AGA	AGT	AT	-2.66132	0.00617	0.00123	2.66132	0.00043	0.00123
AGA	AGC	AC	1.99988	0.00485	0.01121	-1.99988	0.03580	0.01121
AGG	TGG	AT	-3.98891	0.02329	0.00175	3.98891	0.00043	0.00175
AGG	CGG	AC	-0.04525	0.01828	0.01787	0.04525	0.01747	0.01787
AGG	ATG	GT	0.11655	0.02329	0.02467	-0.11655	0.02617	0.02467
AGG	ACG	GC	-2.83020	0.01828	0.00324	2.83020	0.00108	0.00324
AGG	AAG	GA	0.29354	0.07925	0.09146	-0.29354	0.10629	0.09146
AGG	AGT	GT	-5.08746	0.02329	0.00074	5.08746	0.00014	0.00074
AGG	AGC	GC	-0.42626	0.01828	0.01466	0.42626	0.01193	0.01466
AGG	AGA	GA	-2.42614	0.07925	0.01864	2.42614	0.00700	0.01864
GTT	TTT	GT	0.36391	0.03607	0.04304	-0.36391	0.05191	0.04304
GTT	CTT	GC	-0.44236	0.02831	0.02251	0.44236	0.01819	0.02251
GTT	ATT	GA	-1.21633	0.12275	0.06287	1.21633	0.03637	0.06287
GTC	TTC	GT	-0.22567	0.02730	0.02433	0.22567	0.02178	0.02433
GTC	CTC	GC	-0.60329	0.02142	0.01561	0.60329	0.01172	0.01561
GTC	ATC	GA	-1.59754	0.09289	0.03766	1.59754	0.01880	0.03766
GTC	GTT	CT	0.03635	0.04666	0.04751	-0.03635	0.04839	0.04751
GTA	TTA	GT	0.43292	0.00704	0.00868	-0.43292	0.01086	0.00868
GTA	CTA	GC	1.11759	0.00553	0.00918	-1.11759	0.01690	0.00918
GTA	ATA	GA	-4.57979	0.02396	0.00114	4.57979	0.00025	0.00114
GTA	GTT	AT	2.32234	0.00704	0.01813	-2.32234	0.07182	0.01813
GTA	GTC	AC	2.28598	0.00553	0.01406	-2.28598	0.05435	0.01406
GTG	TTG	GT	-1.17910	0.00888	0.00465	1.17910	0.00273	0.00465
GTG	CTG	GC	1.20641	0.00697	0.01200	-1.20641	0.02329	0.01200
GTG	ATG	GA	0.39188	0.03023	0.03654	-0.39188	0.04473	0.03654
GTG	GTT	GT	0.99145	0.00888	0.01400	-0.99145	0.02394	0.01400
GTG	GTC	GC	0.95510	0.00697	0.01082	-0.95510	0.01812	0.01082
GTG	GTA	GA	-1.33088	0.03023	0.01445	1.33088	0.00799	0.01445
GCT	TCT	GT	-1.09016	0.04983	0.02751	1.09016	0.01675	0.02751
GCT	CCT	GC	-0.02219	0.03911	0.03867	0.02219	0.03825	0.03867
GCT	ACT	GA	-5.15034	0.16957	0.00509	5.15034	0.00098	0.00509
GCT	GTT	CT	-0.56544	0.08517	0.06335	0.56544	0.04839	0.06335
GCC	TCC	GT	-1.09960	0.06153	0.03378	1.09960	0.02049	0.03378
GCC	CCC	GC	-0.55649	0.04829	0.03609	0.55649	0.02768	0.03609
GCC	ACC	GA	-1.69767	0.20938	0.07968	1.69767	0.03834	0.07968
GCC	GTC	CT	-1.05505	0.10517	0.05927	1.05505	0.03662	0.05927
GCC	GCT	CT	-0.45326	0.10517	0.08313	0.45326	0.06684	0.08313
GCA	TCA	GT	-6.81520	0.06554	0.00049	6.81520	0.00007	0.00049
GCA	CCA	GC	-1.17921	0.05143	0.02693	1.17921	0.01582	0.02693
GCA	ACA	GA	-1.92783	0.22302	0.07319	1.92783	0.03244	0.07319
GCA	GTA	CT	-2.47320	0.11202	0.02551	2.47320	0.00944	0.02551
GCA	GCT	AT	0.41458	0.06554	0.08006	-0.41458	0.09921	0.08006
GCA	GCC	AC	0.86783	0.05143	0.07694	-0.86783	0.12250	0.07694
GCG	TCG	GT	-9.45587	0.01278	0.00001	9.45587	0.00000	0.00000
GCG	CCG	GC	-0.76391	0.01003	0.00668	0.76391	0.00467	0.00668
GCG	ACG	GA	-3.16119	0.04350	0.00608	3.16119	0.00184	0.00608
GCG	GTG	CT	-0.60633	0.02185	0.01589	0.60633	0.01192	0.01589
GCG	GCT	GT	0.95057	0.01278	0.01981	-0.95057	0.03307	0.01981
GCG	GCC	GC	1.40383	0.01003	0.01867	-1.40383	0.04084	0.01867
GCG	GCA	GA	0.53599	0.04350	0.05619	-0.53599	0.07434	0.05619
GAT	TAT	GT	-0.79819	0.02492	0.01628	0.79819	0.01122	0.01628
GAT	CAT	GC	-1.02072	0.01955	0.01124	1.02072	0.00705	0.01124
GAT	AAT	GA	-0.40758	0.08478	0.06868	0.40758	0.05640	0.06868
GAT	GTT	AT	1.05864	0.02492	0.04039	-1.05864	0.07182	0.04039
GAT	GCT	AC	1.62409	0.01955	0.03955	-1.62409	0.09921	0.03955
GAC	TAC	GT	-5.30594	0.05796	0.00153	5.30594	0.00029	0.00153
GAC	CAC	GC	-1.49405	0.04548	0.01967	1.49405	0.01021	0.01967
GAC	AAC	GA	-1.30547	0.19722	0.09573	1.30547	0.05345	0.09573
GAC	GTC	AT	-0.06426	0.05796	0.05611	0.06426	0.05435	0.05611
GAC	GCC	AC	0.99080	0.04548	0.07168	-0.99080	0.12250	0.07168
GAC	GAT	CT	-1.08655	0.09906	0.05480	1.08655	0.03342	0.05480
GAA	CAA	GC	-1.27364	0.04599	0.02276	1.27364	0.01287	0.02276
GAA	AAA	GA	-1.59288	0.19943	0.08108	1.59288	0.04055	0.08108
GAA	GTA	AT	-1.43045	0.05861	0.02636	1.43045	0.01402	0.02636
GAA	GCA	AC	1.04275	0.04599	0.07407	-1.04275	0.13048	0.07407
GAA	GAT	AT	-0.16676	0.05861	0.05386	0.16676	0.04961	0.05386
GAA	GAC	AC	0.91979	0.04599	0.07034	-0.91979	0.11539	0.07034
GAG	CAG	GC	-0.49880	0.03528	0.02721	0.49880	0.02142	0.02721
GAG	AAG	GA	-0.36410	0.15298	0.12682	0.36410	0.10629	0.12682
GAG	GTG	AT	-0.93298	0.04496	0.02720	0.93298	0.01769	0.02720
GAG	GCG	AC	-0.32665	0.03528	0.02983	0.32665	0.02545	0.02983
GAG	GAT	GT	-1.00017	0.04496	0.02616	1.00017	0.01654	0.02616
GAG	GAC	GC	0.08638	0.03528	0.03683	-0.08638	0.03846	0.03683
GAG	GAA	GA	-0.83341	0.15298	0.09799	0.83341	0.06648	0.09799
GGT	TGT	GT	-10.18645	0.02654	0.00001	10.18645	0.00000	0.00000
GGT	CGT	GC	-0.60627	0.02083	0.01515	0.60627	0.01136	0.01515
GGT	AGT	GA	-5.90666	0.09031	0.00146	5.90666	0.00025	0.00146
GGT	GTT	GT	-0.10309	0.02654	0.02520	0.10309	0.02394	0.02520
GGT	GCT	GC	0.46236	0.02083	0.02601	-0.46236	0.03307	0.02601
GGT	GAT	GA	-1.16173	0.09031	0.04779	1.16173	0.02826	0.04779
GGC	TGC	GT	-5.29277	0.04290	0.00115	5.29277	0.00022	0.00115
GGC	CGC	GC	-10.42424	0.03367	0.00001	10.42424	0.00000	0.00000
GGC	AGC	GA	-1.96798	0.14598	0.04666	1.96798	0.02040	0.04666
GGC	GTC	GT	-0.86196	0.04290	0.02703	0.86196	0.01812	0.02703
GGC	GCC	GC	0.19310	0.03367	0.03702	-0.19310	0.04084	0.03702
GGC	GAC	GA	-0.79770	0.14598	0.09541	0.79770	0.06574	0.09541
GGC	GGT	CT	-0.72252	0.07332	0.05000	0.72252	0.03560	0.05000
GGA	CGA	GC	-2.77030	0.00689	0.00127	2.77030	0.00043	0.00127
GGA	AGA	GA	-1.44995	0.02986	0.01327	1.44995	0.00700	0.01327
GGA	GTA	GT	-0.63003	0.00877	0.00630	0.63003	0.00467	0.00630
GGA	GCA	GC	1.84317	0.00689	0.01508	-1.84317	0.04350	0.01508
GGA	GAA	GA	0.80042	0.02986	0.04339	-0.80042	0.06648	0.04339
GGA	GGT	AT	1.79539	0.00877	0.01889	-1.79539	0.05284	0.01889
GGA	GGC	AC	2.51791	0.00689	0.01886	-2.51791	0.08541	0.01886
GGG	TGG	GT	-0.81544	0.00032	0.00021	0.81544	0.00014	0.00021
GGG	CGG	GC	3.12823	0.00026	0.00083	-3.12823	0.00582	0.00083
GGG	AGG	GA	3.17347	0.00111	0.00366	-3.17347	0.02642	0.00366
GGG	GTG	GT	2.89814	0.00032	0.00100	-2.89814	0.00590	0.00100
GGG	GCG	GC	3.50446	0.00026	0.00092	-3.50446	0.00848	0.00092
GGG	GAG	GA	3.83111	0.00111	0.00433	-3.83111	0.05100	0.00433
GGG	GGT	GT	3.99268	0.00032	0.00132	-3.99268	0.01761	0.00132
GGG	GGC	GC	4.71519	0.00026	0.00121	-4.71519	0.02847	0.00121
GGG	GGA	GA	2.19728	0.00111	0.00273	-2.19728	0.00995	0.00273


Histograms
2Ns	FMut	FSub(CodonUsage)	FSubw(after w)

-9.94978	0.01221	0.00001
-8.95481	0.00392	0.00001
-7.95983	0.00314	0.00001
-6.96485	0.00708	0.00008
-5.96987	0.02409	0.00053
-4.97489	0.04683	0.00212
-3.97991	0.02796	0.00291
-2.98494	0.03906	0.00936
-1.98996	0.16914	0.08082
-0.99498	0.29751	0.25035
0.00000	0.22227	0.30764
0.99498	0.11720	0.25035
1.98996	0.02652	0.08082
2.98494	0.00222	0.00936
3.97991	0.00051	0.00291
4.97489	0.00030	0.00212
5.96987	0.00006	0.00052
6.96485	0.00001	0.00008
7.95983	0.00000	0.00000
8.95481	0.00000	0.00000
9.94978	0.00000	0.00000

Proportion of advantageous (S > 0) mutations:
 0.24377

Proportions of good & bad mutations (|S| > 2.0000) among mutations:
0.00939  0.22300

mean |Ns| = 1.66747	mean Ns+ = 0.77094	mean Ns- = -1.95647


MLEs of dN/dS (w) for site classes (K=4)

site class             0        1       2a       2b
proportion       0.40395  0.07901  0.43245  0.08459
background w     0.06335  1.00000  0.06335  1.00000
foreground w     0.06335  1.00000  2.18693  2.18693

Naive Empirical Bayes (NEB) probabilities for 4 classes
(amino acids refer to 1st sequence: Bacu)

   1 D   0.44227 0.05839 0.43938 0.05995 ( 1)
   2 Q   0.47815 0.01524 0.49068 0.01593 ( 3)
   3 A   0.00227 0.48443 0.00236 0.51094 ( 4)
   4 N   0.48274 0.01221 0.49233 0.01272 ( 3)
   5 H   0.38707 0.10866 0.39157 0.11270 ( 3)
   6 H   0.48862 0.00838 0.49431 0.00869 ( 3)
   7 S   0.29549 0.19496 0.30503 0.20452 ( 3)
   8 S   0.47842 0.01504 0.49083 0.01572 ( 3)
   9 S   0.29850 0.19197 0.30814 0.20138 ( 3)
  10 K   0.03618 0.45144 0.03753 0.47485 ( 4)
  11 N   0.47482 0.01761 0.48912 0.01845 ( 3)
  12 Q   0.33987 0.15222 0.34877 0.15915 ( 3)
  13 F   0.24449 0.24357 0.25497 0.25697 ( 4)
  14 D   0.48243 0.01221 0.49263 0.01273 ( 3)
  15 R   0.47149 0.02052 0.48648 0.02152 ( 3)
  16 F   0.28389 0.20575 0.29410 0.21626 ( 3)
  17 F   0.46095 0.02839 0.48071 0.02995 ( 3)
  18 R   0.35444 0.13660 0.36571 0.14326 ( 3)
  19 R   0.34361 0.14733 0.35454 0.15451 ( 3)
  20 L   0.06635 0.42168 0.06874 0.44323 ( 4)
  21 S   0.47349 0.01841 0.48878 0.01931 ( 3)
  22 F   0.00307 0.48449 0.00318 0.50925 ( 4)
  23 S   0.00000 0.48662 0.00000 0.51338 ( 4)
  24 F   0.25363 0.23448 0.26450 0.24738 ( 3)
  25 F   0.23424 0.25376 0.24429 0.26771 ( 4)
  26 -   0.43429 0.05579 0.45118 0.05874 ( 3)
  27 P   0.03358 0.45371 0.03491 0.47780 ( 4)
  28 I   0.02787 0.00328 0.96147 0.00739 ( 3)
  29 L   0.48509 0.01027 0.49396 0.01069 ( 3)
  30 L   0.03595 0.45132 0.03738 0.47536 ( 4)
  31 N   0.48386 0.01110 0.49348 0.01156 ( 3)
  32 T   0.00329 0.48435 0.00341 0.50895 ( 4)
  33 M   0.47931 0.01380 0.49246 0.01443 ( 3)
  34 A   0.45307 0.03476 0.47538 0.03679 ( 3)
  35 P   0.47013 0.02066 0.48749 0.02173 ( 3)
  36 K   0.46942 0.02127 0.48693 0.02238 ( 3)
  37 K   0.46942 0.02127 0.48693 0.02238 ( 3)
  38 D   0.48503 0.00964 0.49528 0.01006 ( 3)
  39 V   0.49551 0.00417 0.49603 0.00430 ( 3)
  40 K   0.46942 0.02127 0.48693 0.02238 ( 3)
  41 K   0.48576 0.00946 0.49492 0.00986 ( 3)
  42 P   0.30257 0.18481 0.31710 0.19551 ( 3)
  43 A   0.46042 0.02853 0.48092 0.03013 ( 3)
  44 A   0.46790 0.02279 0.48533 0.02397 ( 3)
  45 A   0.02506 0.02515 0.89213 0.05766 ( 3)
  46 A   0.23847 0.24925 0.24909 0.26319 ( 4)
  47 A   0.46711 0.02358 0.48451 0.02481 ( 3)
  48 P   0.46491 0.02381 0.48613 0.02516 ( 3)
  49 A   0.46950 0.02120 0.48699 0.02230 ( 3)
  50 P   0.46071 0.02744 0.48283 0.02902 ( 3)
  51 A   0.46759 0.02310 0.48501 0.02430 ( 3)
  52 P   0.46154 0.03188 0.47326 0.03332 ( 3)
  53 A   0.46427 0.02420 0.48594 0.02558 ( 3)
  54 P   0.46710 0.02252 0.48664 0.02374 ( 3)
  55 A   0.45941 0.02845 0.48203 0.03011 ( 3)
  56 P   0.46752 0.02066 0.48997 0.02185 ( 3)
  57 A   0.22664 0.26016 0.23780 0.27540 ( 4)
  58 P   0.45462 0.03350 0.47644 0.03544 ( 3)
  59 A   0.45251 0.03532 0.47479 0.03739 ( 3)
  60 P   0.45500 0.03312 0.47684 0.03504 ( 3)
  61 A   0.45259 0.03523 0.47488 0.03730 ( 3)
  62 P   0.45464 0.03348 0.47647 0.03542 ( 3)
  63 A   0.20306 0.28452 0.21204 0.30039 ( 4)
  64 P   0.46759 0.02153 0.48816 0.02272 ( 3)
  65 P   0.46227 0.02635 0.48354 0.02784 ( 3)
  66 K   0.48070 0.01189 0.49495 0.01246 ( 3)
  67 E   0.47210 0.01838 0.49019 0.01934 ( 3)
  68 K   0.00182 0.48336 0.00192 0.51291 ( 4)
  69 K   0.46450 0.02452 0.48508 0.02589 ( 3)
  70 I   0.48011 0.01228 0.49474 0.01287 ( 3)
  71 D   0.47915 0.01300 0.49422 0.01363 ( 3)
  72 L   0.47874 0.01326 0.49408 0.01391 ( 3)
  73 S   0.32351 0.16656 0.33492 0.17501 ( 3)
  74 A   0.46570 0.02335 0.48630 0.02465 ( 3)
  75 I   0.00555 0.48279 0.00572 0.50595 ( 4)
  76 E   0.30864 0.18243 0.31783 0.19111 ( 3)
  77 F   0.47167 0.01935 0.48864 0.02034 ( 3)
  78 K   0.47019 0.02051 0.48774 0.02157 ( 3)
  79 E   0.47710 0.01521 0.49176 0.01594 ( 3)
  80 A   0.45561 0.03223 0.47804 0.03412 ( 3)
  81 F   0.46337 0.02599 0.48323 0.02742 ( 3)
  82 L   0.48432 0.01016 0.49492 0.01060 ( 3)
  83 L   0.45363 0.03398 0.47640 0.03599 ( 3)
  84 Y   0.44469 0.05067 0.45196 0.05269 ( 3)
  85 D   0.48478 0.00989 0.49502 0.01031 ( 3)
  86 R   0.42930 0.06852 0.43138 0.07080 ( 3)
  87 Q   0.05988 0.42819 0.06200 0.44994 ( 4)
  88 G   0.46845 0.02169 0.48702 0.02284 ( 3)
  89 D   0.02792 0.00241 0.96425 0.00542 ( 3)
  90 N   0.00000 0.48894 0.00000 0.51106 ( 4)
  91 K   0.47019 0.02051 0.48774 0.02157 ( 3)
  92 I   0.49772 0.00311 0.49597 0.00320 ( 1)
  93 T   0.38483 0.10917 0.39228 0.11372 ( 3)
  94 L   0.46768 0.02242 0.48628 0.02362 ( 3)
  95 S   0.00852 0.48232 0.00863 0.50053 ( 4)
  96 Q   0.48102 0.01240 0.49362 0.01296 ( 3)
  97 V   0.48216 0.01160 0.49411 0.01212 ( 3)
  98 G   0.46424 0.02523 0.48391 0.02661 ( 3)
  99 D   0.49889 0.00271 0.49562 0.00278 ( 1)
 100 V   0.48631 0.00889 0.49554 0.00926 ( 3)
 101 L   0.48676 0.00861 0.49566 0.00897 ( 3)
 102 R   0.47722 0.01510 0.49185 0.01583 ( 3)
 103 A   0.46121 0.02774 0.48175 0.02929 ( 3)
 104 L   0.46074 0.02814 0.48140 0.02972 ( 3)
 105 G   0.46821 0.02200 0.48662 0.02317 ( 3)
 106 T   0.47250 0.01865 0.48925 0.01960 ( 3)
 107 N   0.47759 0.01486 0.49197 0.01557 ( 3)
 108 P   0.46783 0.02234 0.48630 0.02353 ( 3)
 109 T   0.48603 0.00908 0.49544 0.00945 ( 3)
 110 N   0.47759 0.01486 0.49197 0.01557 ( 3)
 111 A   0.45385 0.03398 0.47620 0.03597 ( 3)
 112 E   0.47710 0.01521 0.49176 0.01594 ( 3)
 113 V   0.48631 0.00889 0.49554 0.00926 ( 3)
 114 K   0.47026 0.02043 0.48781 0.02149 ( 3)
 115 E   0.00000 0.30431 0.00000 0.69569 ( 4)
 116 V   0.48401 0.00978 0.49600 0.01022 ( 3)
 117 L   0.24583 0.24187 0.25685 0.25544 ( 3)
 118 G   0.49003 0.00669 0.49634 0.00694 ( 3)
 119 N   0.37757 0.11624 0.38508 0.12111 ( 3)
 120 P   0.46783 0.02234 0.48630 0.02353 ( 3)
 121 S   0.49033 0.00647 0.49648 0.00672 ( 3)
 122 N   0.05361 0.43518 0.05523 0.45598 ( 4)
 123 E   0.47788 0.01466 0.49210 0.01536 ( 3)
 124 E   0.47711 0.01520 0.49177 0.01593 ( 3)
 125 M   0.47997 0.01314 0.49314 0.01375 ( 3)
 126 N   0.47759 0.01486 0.49197 0.01557 ( 3)
 127 V   0.29663 0.19285 0.30768 0.20284 ( 3)
 128 K   0.47019 0.02051 0.48774 0.02157 ( 3)
 129 K   0.48631 0.00892 0.49548 0.00929 ( 3)
 130 I   0.48568 0.00929 0.49534 0.00968 ( 3)
 131 E   0.47707 0.01524 0.49172 0.01597 ( 3)
 132 F   0.46336 0.02599 0.48322 0.02742 ( 3)
 133 E   0.33048 0.16078 0.34032 0.16843 ( 3)
 134 Q   0.48656 0.00880 0.49549 0.00916 ( 3)
 135 F   0.46337 0.02599 0.48323 0.02742 ( 3)
 136 L   0.46074 0.02814 0.48140 0.02972 ( 3)
 137 P   0.46783 0.02234 0.48630 0.02353 ( 3)
 138 M   0.47997 0.01314 0.49314 0.01375 ( 3)
 139 L   0.08737 0.40213 0.08977 0.42073 ( 4)
 140 Q   0.48668 0.00867 0.49562 0.00903 ( 3)
 141 S   0.33363 0.15844 0.34229 0.16564 ( 3)
 142 I   0.48568 0.00929 0.49534 0.00968 ( 3)
 143 S   0.47568 0.01624 0.49104 0.01704 ( 3)
 144 N   0.48561 0.00937 0.49526 0.00976 ( 3)
 145 K   0.37916 0.11467 0.38670 0.11948 ( 3)
 146 K   0.47019 0.02051 0.48774 0.02157 ( 3)
 147 D   0.48478 0.00989 0.49502 0.01031 ( 3)
 148 Q   0.48102 0.01240 0.49362 0.01296 ( 3)
 149 G   0.46800 0.02220 0.48641 0.02338 ( 3)
 150 T   0.49102 0.00414 0.50052 0.00432 ( 3)
 151 Y   0.48832 0.00753 0.49631 0.00783 ( 3)
 152 E   0.47788 0.01466 0.49210 0.01536 ( 3)
 153 D   0.48478 0.00989 0.49502 0.01031 ( 3)
 154 F   0.46336 0.02600 0.48322 0.02743 ( 3)
 155 V   0.48216 0.01160 0.49411 0.01212 ( 3)
 156 E   0.47711 0.01520 0.49177 0.01593 ( 3)
 157 G   0.46424 0.02523 0.48391 0.02661 ( 3)
 158 L   0.46074 0.02814 0.48140 0.02972 ( 3)
 159 R   0.46660 0.02331 0.48554 0.02456 ( 3)
 160 V   0.48631 0.00889 0.49554 0.00926 ( 3)
 161 F   0.46395 0.02541 0.48384 0.02680 ( 3)
 162 D   0.48478 0.00989 0.49502 0.01031 ( 3)
 163 K   0.47019 0.02051 0.48774 0.02157 ( 3)
 164 E   0.47788 0.01466 0.49210 0.01536 ( 3)
 165 G   0.46800 0.02220 0.48641 0.02338 ( 3)
 166 N   0.47759 0.01486 0.49197 0.01557 ( 3)
 167 G   0.46800 0.02220 0.48641 0.02338 ( 3)
 168 T   0.49106 0.00410 0.50057 0.00427 ( 3)
 169 V   0.48266 0.01111 0.49462 0.01161 ( 3)
 170 M   0.47997 0.01314 0.49314 0.01375 ( 3)
 171 G   0.46424 0.02523 0.48391 0.02661 ( 3)
 172 A   0.46121 0.02774 0.48175 0.02929 ( 3)
 173 E   0.47788 0.01466 0.49210 0.01536 ( 3)
 174 L   0.48674 0.00863 0.49564 0.00899 ( 3)
 175 R   0.46657 0.02333 0.48551 0.02459 ( 3)
 176 H   0.50534 0.00108 0.49248 0.00110 ( 1)
 177 V   0.49431 0.00536 0.49481 0.00552 ( 3)
 178 L   0.45237 0.03523 0.47508 0.03731 ( 3)
 179 A   0.46253 0.02644 0.48312 0.02791 ( 3)
 180 T   0.48074 0.01048 0.49778 0.01101 ( 3)
 181 L   0.45342 0.03419 0.47618 0.03621 ( 3)


lnL = -1907.444294

Bayes Empirical Bayes (BEB) probabilities for 4 classes (class)
(amino acids refer to 1st sequence: Bacu)

   1 D   0.61252 0.11317 0.23029 0.04402 ( 1)
   2 Q   0.69053 0.02499 0.27434 0.01014 ( 1)
   3 A   0.00182 0.70640 0.00075 0.29102 ( 2)
   4 N   0.69765 0.01998 0.27432 0.00805 ( 1)
   5 H   0.51592 0.20344 0.19986 0.08079 ( 1)
   6 H   0.70677 0.01366 0.27412 0.00544 ( 1)
   7 S   0.36958 0.34272 0.14828 0.13942 ( 1)
   8 S   0.69095 0.02466 0.27438 0.01000 ( 1)
   9 S   0.37413 0.33818 0.15011 0.13758 ( 1)
  10 K   0.03240 0.67726 0.01322 0.27712 ( 2)
  11 N   0.68527 0.02892 0.27403 0.01179 ( 1)
  12 Q   0.43843 0.27600 0.17406 0.11151 ( 1)
  13 F   0.29544 0.41343 0.12077 0.17036 ( 2)
  14 D   0.69723 0.01999 0.27472 0.00806 ( 1)
  15 R   0.67989 0.03373 0.27260 0.01378 ( 1)
  16 F   0.35230 0.35881 0.14226 0.14663 ( 2)
  17 F   0.66313 0.04674 0.27078 0.01935 ( 1)
  18 R   0.46236 0.25044 0.18528 0.10193 ( 1)
  19 R   0.44466 0.26807 0.17819 0.10908 ( 1)
  20 L   0.06068 0.64945 0.02467 0.26519 ( 2)
  21 S   0.68322 0.03025 0.27417 0.01236 ( 1)
  22 F   0.00246 0.70748 0.00101 0.28905 ( 2)
  23 S   0.00000 0.70807 0.00000 0.29193 ( 2)
  24 F   0.30841 0.40049 0.12605 0.16505 ( 2)
  25 F   0.28112 0.42771 0.11494 0.17623 ( 2)
  26 -   0.61935 0.09171 0.25118 0.03776 ( 1)
  27 P   0.03001 0.67907 0.01230 0.27862 ( 2)
  28 I   0.04763 0.00775 0.93659 0.00803 ( 3)
  29 L   0.70143 0.01678 0.27506 0.00674 ( 1)
  30 L   0.03217 0.67685 0.01318 0.27780 ( 2)
  31 N   0.69949 0.01815 0.27505 0.00731 ( 1)
  32 T   0.00263 0.70746 0.00108 0.28884 ( 2)
  33 M   0.69249 0.02261 0.27570 0.00919 ( 1)
  34 A   0.65048 0.05724 0.26840 0.02388 ( 1)
  35 P   0.67794 0.03397 0.27413 0.01396 ( 1)
  36 K   0.67677 0.03498 0.27387 0.01439 ( 1)
  37 K   0.67677 0.03498 0.27387 0.01439 ( 1)
  38 D   0.70150 0.01574 0.27641 0.00635 ( 1)
  39 V   0.71724 0.00673 0.27337 0.00265 ( 1)
  40 K   0.67677 0.03498 0.27387 0.01439 ( 1)
  41 K   0.70255 0.01545 0.27579 0.00621 ( 1)
  42 P   0.38070 0.32683 0.15682 0.13565 ( 1)
  43 A   0.66235 0.04697 0.27119 0.01949 ( 1)
  44 A   0.67429 0.03749 0.27280 0.01542 ( 1)
  45 A   0.03855 0.05479 0.84423 0.06244 ( 3)
  46 A   0.28701 0.42135 0.11766 0.17398 ( 2)
  47 A   0.67297 0.03880 0.27227 0.01596 ( 1)
  48 P   0.66979 0.03918 0.27476 0.01628 ( 1)
  49 A   0.67693 0.03486 0.27387 0.01434 ( 1)
  50 P   0.66299 0.04517 0.27302 0.01882 ( 1)
  51 A   0.67378 0.03800 0.27260 0.01563 ( 1)
  52 P   0.66319 0.05249 0.26305 0.02127 ( 1)
  53 A   0.66879 0.03982 0.27482 0.01657 ( 1)
  54 P   0.67321 0.03704 0.27443 0.01532 ( 1)
  55 A   0.66090 0.04684 0.27272 0.01954 ( 1)
  56 P   0.67422 0.03396 0.27766 0.01415 ( 1)
  57 A   0.27064 0.43628 0.11186 0.18122 ( 2)
  58 P   0.65297 0.05517 0.26888 0.02298 ( 1)
  59 A   0.64956 0.05816 0.26802 0.02426 ( 1)
  60 P   0.65360 0.05454 0.26914 0.02272 ( 1)
  61 A   0.64969 0.05802 0.26808 0.02421 ( 1)
  62 P   0.65301 0.05513 0.26890 0.02297 ( 1)
  63 A   0.23815 0.47016 0.09766 0.19402 ( 2)
  64 P   0.67413 0.03540 0.27578 0.01468 ( 1)
  65 P   0.66546 0.04337 0.27314 0.01803 ( 1)
  66 K   0.69492 0.01946 0.27769 0.00793 ( 1)
  67 E   0.68125 0.03018 0.27614 0.01243 ( 1)
  68 K   0.00147 0.70367 0.00062 0.29425 ( 2)
  69 K   0.66905 0.04034 0.27387 0.01674 ( 1)
  70 I   0.69401 0.02010 0.27769 0.00820 ( 1)
  71 D   0.69247 0.02130 0.27753 0.00870 ( 1)
  72 L   0.69185 0.02173 0.27754 0.00888 ( 1)
  73 S   0.41280 0.29874 0.16641 0.12204 ( 1)
  74 A   0.67102 0.03841 0.27463 0.01593 ( 1)
  75 I   0.00438 0.70705 0.00178 0.28679 ( 2)
  76 E   0.38956 0.32356 0.15563 0.13125 ( 1)
  77 F   0.68042 0.03180 0.27472 0.01306 ( 1)
  78 K   0.67804 0.03371 0.27438 0.01387 ( 1)
  79 E   0.68906 0.02494 0.27582 0.01018 ( 1)
  80 A   0.65465 0.05307 0.27013 0.02214 ( 1)
  81 F   0.66710 0.04277 0.27241 0.01771 ( 1)
  82 L   0.70040 0.01660 0.27630 0.00670 ( 1)
  83 L   0.65144 0.05596 0.26922 0.02338 ( 1)
  84 Y   0.61974 0.09868 0.24209 0.03949 ( 1)
  85 D   0.70108 0.01616 0.27624 0.00652 ( 1)
  86 R   0.58999 0.13194 0.22604 0.05202 ( 1)
  87 Q   0.05449 0.65577 0.02214 0.26759 ( 2)
  88 G   0.67532 0.03567 0.27430 0.01471 ( 1)
  89 D   0.04778 0.00568 0.94067 0.00587 ( 3)
  90 N   0.00000 0.71123 0.00000 0.28876 ( 2)
  91 K   0.67804 0.03371 0.27438 0.01387 ( 1)
  92 I   0.72049 0.00501 0.27254 0.00196 ( 1)
  93 T   0.51264 0.20426 0.20119 0.08191 ( 1)
  94 L   0.67406 0.03689 0.27384 0.01522 ( 1)
  95 S   0.00666 0.70958 0.00262 0.28113 ( 2)
  96 Q   0.69524 0.02030 0.27622 0.00824 ( 1)
  97 V   0.69703 0.01899 0.27629 0.00769 ( 1)
  98 G   0.66853 0.04153 0.27275 0.01718 ( 1)
  99 D   0.72214 0.00435 0.27181 0.00170 ( 1)
 100 V   0.70347 0.01451 0.27618 0.00584 ( 1)
 101 L   0.70417 0.01405 0.27614 0.00565 ( 1)
 102 R   0.68927 0.02477 0.27585 0.01011 ( 1)
 103 A   0.66365 0.04567 0.27173 0.01895 ( 1)
 104 L   0.66289 0.04633 0.27155 0.01923 ( 1)
 105 G   0.67490 0.03619 0.27399 0.01492 ( 1)
 106 T   0.68177 0.03065 0.27501 0.01258 ( 1)
 107 N   0.68983 0.02437 0.27586 0.00994 ( 1)
 108 P   0.67429 0.03675 0.27381 0.01515 ( 1)
 109 T   0.70303 0.01481 0.27619 0.00596 ( 1)
 110 N   0.68983 0.02437 0.27586 0.00994 ( 1)
 111 A   0.65176 0.05596 0.26893 0.02335 ( 1)
 112 E   0.68906 0.02494 0.27582 0.01018 ( 1)
 113 V   0.70347 0.01451 0.27618 0.00584 ( 1)
 114 K   0.67817 0.03358 0.27443 0.01381 ( 1)
 115 E   0.00000 0.41692 0.00000 0.58308 ( 4)
 116 V   0.70006 0.01597 0.27749 0.00647 ( 1)
 117 L   0.29733 0.41096 0.12194 0.16977 ( 2)
 118 G   0.70916 0.01088 0.27562 0.00434 ( 1)
 119 N   0.50032 0.21634 0.19653 0.08680 ( 1)
 120 P   0.67429 0.03675 0.27381 0.01515 ( 1)
 121 S   0.70961 0.01052 0.27566 0.00420 ( 1)
 122 N   0.04859 0.66309 0.01957 0.26874 ( 2)
 123 E   0.69027 0.02404 0.27589 0.00980 ( 1)
 124 E   0.68908 0.02493 0.27582 0.01017 ( 1)
 125 M   0.69358 0.02153 0.27614 0.00875 ( 1)
 126 N   0.68983 0.02437 0.27586 0.00994 ( 1)
 127 V   0.37142 0.33938 0.15027 0.13893 ( 1)
 128 K   0.67804 0.03371 0.27438 0.01387 ( 1)
 129 K   0.70345 0.01456 0.27614 0.00586 ( 1)
 130 I   0.70249 0.01517 0.27623 0.00611 ( 1)
 131 E   0.68901 0.02500 0.27579 0.01020 ( 1)
 132 F   0.66709 0.04278 0.27241 0.01771 ( 1)
 133 E   0.42361 0.28964 0.16921 0.11753 ( 1)
 134 Q   0.70383 0.01435 0.27605 0.00577 ( 1)
 135 F   0.66710 0.04277 0.27241 0.01771 ( 1)
 136 L   0.66289 0.04633 0.27155 0.01923 ( 1)
 137 P   0.67429 0.03675 0.27381 0.01515 ( 1)
 138 M   0.69358 0.02153 0.27614 0.00875 ( 1)
 139 L   0.08124 0.63131 0.03253 0.25492 ( 2)
 140 Q   0.70403 0.01415 0.27613 0.00569 ( 1)
 141 S   0.42844 0.28604 0.17002 0.11550 ( 1)
 142 I   0.70249 0.01517 0.27623 0.00611 ( 1)
 143 S   0.68682 0.02666 0.27562 0.01090 ( 1)
 144 N   0.70237 0.01529 0.27618 0.00616 ( 1)
 145 K   0.50301 0.21368 0.19759 0.08573 ( 1)
 146 K   0.67804 0.03371 0.27438 0.01387 ( 1)
 147 D   0.70108 0.01616 0.27624 0.00652 ( 1)
 148 Q   0.69524 0.02030 0.27622 0.00824 ( 1)
 149 G   0.67456 0.03652 0.27386 0.01506 ( 1)
 150 T   0.71119 0.00670 0.27942 0.00270 ( 1)
 151 Y   0.70660 0.01227 0.27621 0.00492 ( 1)
 152 E   0.69027 0.02404 0.27589 0.00980 ( 1)
 153 D   0.70108 0.01616 0.27624 0.00652 ( 1)
 154 F   0.66709 0.04279 0.27241 0.01772 ( 1)
 155 V   0.69703 0.01899 0.27629 0.00769 ( 1)
 156 E   0.68908 0.02493 0.27582 0.01017 ( 1)
 157 G   0.66853 0.04153 0.27275 0.01718 ( 1)
 158 L   0.66289 0.04633 0.27155 0.01923 ( 1)
 159 R   0.67232 0.03835 0.27350 0.01583 ( 1)
 160 V   0.70347 0.01451 0.27618 0.00584 ( 1)
 161 F   0.66808 0.04180 0.27281 0.01731 ( 1)
 162 D   0.70108 0.01616 0.27624 0.00652 ( 1)
 163 K   0.67804 0.03371 0.27438 0.01387 ( 1)
 164 E   0.69027 0.02404 0.27589 0.00980 ( 1)
 165 G   0.67456 0.03652 0.27386 0.01506 ( 1)
 166 N   0.68983 0.02437 0.27586 0.00994 ( 1)
 167 G   0.67456 0.03652 0.27386 0.01506 ( 1)
 168 T   0.71125 0.00663 0.27944 0.00267 ( 1)
 169 V   0.69785 0.01818 0.27661 0.00736 ( 1)
 170 M   0.69358 0.02153 0.27614 0.00875 ( 1)
 171 G   0.66853 0.04153 0.27275 0.01718 ( 1)
 172 A   0.66365 0.04567 0.27173 0.01895 ( 1)
 173 E   0.69027 0.02404 0.27589 0.00980 ( 1)
 174 L   0.70413 0.01408 0.27612 0.00566 ( 1)
 175 R   0.67228 0.03839 0.27348 0.01585 ( 1)
 176 H   0.73101 0.00171 0.26662 0.00065 ( 1)
 177 V   0.71531 0.00868 0.27259 0.00342 ( 1)
 178 L   0.64938 0.05802 0.26837 0.02423 ( 1)
 179 A   0.66581 0.04352 0.27261 0.01805 ( 1)
 180 T   0.69533 0.01713 0.28051 0.00703 ( 1)
 181 L   0.65110 0.05630 0.26908 0.02352 ( 1)

