Supplemental results for CODEML (seqf: /home/leticiamagpali/phd/evol_models/codeml/small_dataset/cml_align/MYH2_codon_aligned.phy  treef: /home/leticiamagpali/phd/evol_models/codeml/small_dataset/cml_trees/gene_trees/H3_gene_trees/MYH2_codon_H3.tre)

I	J	ij	2Ns_IJ	pMut_IJ	pSub_IJ	2Ns_JI	pMut_JI	pSub_JI

TTC	TTT	CT	-0.85994	0.05534	0.03491	0.85994	0.02342	0.03491
TTA	TTT	AT	9.11551	0.00000	0.00000	-9.11551	0.00608	0.00001
TTA	TTC	AC	9.97545	0.00000	0.00000	-9.97545	0.01720	0.00001
TTG	TTT	GT	1.41598	0.00314	0.00587	-1.41598	0.01293	0.00587
TTG	TTC	GC	2.27592	0.00376	0.00954	-2.27592	0.03661	0.00954
TTG	TTA	GA	-7.69953	0.00499	0.00002	7.69953	0.00000	0.00000
TCT	TTT	CT	1.30955	0.00632	0.01134	-1.30955	0.02342	0.01134
TCC	TTC	CT	0.72846	0.03200	0.04505	-0.72846	0.06629	0.04505
TCC	TCT	CT	-1.44103	0.03200	0.01430	1.44103	0.00757	0.01430
TCA	TTA	CT	-8.56848	0.00953	0.00002	8.56848	0.00000	0.00000
TCA	TCT	AT	-0.76252	0.00421	0.00281	0.76252	0.00197	0.00281
TCA	TCC	AC	0.67851	0.00505	0.00695	-0.67851	0.00995	0.00695
TCG	TTG	CT	0.75752	0.00399	0.00569	-0.75752	0.00851	0.00569
TCG	TCT	GT	0.86395	0.00176	0.00263	-0.86395	0.00418	0.00263
TCG	TCC	GC	2.30498	0.00211	0.00541	-2.30498	0.02117	0.00541
TCG	TCA	GA	1.62647	0.00280	0.00568	-1.62647	0.01426	0.00568
TAT	TTT	AT	0.50871	0.00365	0.00466	-0.50871	0.00608	0.00466
TAT	TCT	AC	-0.80084	0.00438	0.00286	0.80084	0.00197	0.00286
TAC	TTC	AT	0.36072	0.01199	0.01429	-0.36072	0.01720	0.01429
TAC	TCC	AC	-0.36773	0.01437	0.01189	0.36773	0.00995	0.01189
TAC	TAT	CT	-1.00792	0.02713	0.01572	1.00792	0.00990	0.01572
TGT	TTT	GT	4.60782	0.00013	0.00060	-4.60782	0.01293	0.00060
TGT	TCT	GC	3.29827	0.00015	0.00053	-3.29827	0.00418	0.00053
TGT	TAT	GA	4.09911	0.00021	0.00086	-4.09911	0.01237	0.00086
TGC	TTC	GT	1.77028	0.00623	0.01330	-1.77028	0.03661	0.01330
TGC	TCC	GC	1.04182	0.00747	0.01202	-1.04182	0.02117	0.01202
TGC	TAC	GA	1.40955	0.00992	0.01850	-1.40955	0.04061	0.01850
TGC	TGT	CT	-3.69749	0.01410	0.00133	3.69749	0.00035	0.00133
TGG	TTG	GT	-0.25517	0.00606	0.00532	0.25517	0.00470	0.00532
TGG	TCG	GC	-1.01269	0.00726	0.00420	1.01269	0.00264	0.00420
TGG	TGT	GT	-3.44702	0.00606	0.00069	3.44702	0.00019	0.00069
TGG	TGC	GC	0.25047	0.00726	0.00821	-0.25047	0.00933	0.00821
CTT	TTT	CT	1.53270	0.00506	0.00989	-1.53270	0.02342	0.00989
CTC	TTC	CT	0.77831	0.03044	0.04381	-0.77831	0.06629	0.04381
CTC	CTT	CT	-1.61432	0.03044	0.01221	1.61432	0.00606	0.01221
CTA	TTA	CT	-7.95380	0.00515	0.00001	7.95380	0.00000	0.00000
CTA	CTT	AT	-0.37099	0.00228	0.00188	0.37099	0.00157	0.00188
CTA	CTC	AC	1.24333	0.00273	0.00477	-1.24333	0.00946	0.00477
CTG	TTG	CT	-2.65258	0.12069	0.02427	2.65258	0.00851	0.02427
CTG	CTT	GT	-2.76930	0.05335	0.00988	2.76930	0.00335	0.00988
CTG	CTC	GC	-1.15497	0.06392	0.03396	1.15497	0.02014	0.03396
CTG	CTA	GA	-2.39831	0.08489	0.02035	2.39831	0.00771	0.02035
CCT	TCT	CT	1.46465	0.00175	0.00333	-1.46465	0.00757	0.00333
CCT	CTT	CT	1.24151	0.00175	0.00306	-1.24151	0.00606	0.00306
CCC	TCC	CT	0.75095	0.01809	0.02572	-0.75095	0.03833	0.02572
CCC	CTC	CT	0.70109	0.01809	0.02517	-0.70109	0.03647	0.02517
CCC	CCT	CT	-2.15474	0.01809	0.00511	2.15474	0.00210	0.00511
CCA	TCA	CT	0.75827	0.00535	0.00763	-0.75827	0.01142	0.00763
CCA	CTA	CT	0.14359	0.00535	0.00574	-0.14359	0.00617	0.00574
CCA	CCT	AT	-1.46891	0.00236	0.00104	1.46891	0.00054	0.00104
CCA	CCC	AC	0.68583	0.00283	0.00391	-0.68583	0.00562	0.00391
CCG	TCG	CT	-0.80627	0.01070	0.00696	0.80627	0.00478	0.00696
CCG	CTG	CT	2.60383	0.01070	0.03008	-2.60383	0.14459	0.03008
CCG	CCT	GT	-1.40698	0.00473	0.00216	1.40698	0.00116	0.00216
CCG	CCC	GC	0.74776	0.00567	0.00805	-0.74776	0.01197	0.00805
CCG	CCA	GA	0.06193	0.00752	0.00776	-0.06193	0.00800	0.00776
CAT	TAT	CT	2.13838	0.00117	0.00283	-2.13838	0.00990	0.00283
CAT	CTT	AT	1.11439	0.00052	0.00086	-1.11439	0.00157	0.00086
CAT	CCT	AC	-0.12711	0.00062	0.00058	0.12711	0.00054	0.00058
CAC	TAC	CT	0.23969	0.02558	0.02877	-0.23969	0.03251	0.02877
CAC	CTC	AT	-0.17789	0.01131	0.01033	0.17789	0.00946	0.01033
CAC	CCC	AC	-0.87899	0.01355	0.00845	0.87899	0.00562	0.00845
CAC	CAT	CT	-2.90661	0.02558	0.00430	2.90661	0.00140	0.00430
CAA	CTA	AT	-0.94600	0.00413	0.00248	0.94600	0.00160	0.00248
CAA	CCA	AC	-1.08959	0.00494	0.00273	1.08959	0.00166	0.00273
CAA	CAT	AT	-2.43139	0.00413	0.00097	2.43139	0.00036	0.00097
CAA	CAC	AC	0.47523	0.00494	0.00621	-0.47523	0.00795	0.00621
CAG	CTG	AT	0.29938	0.02782	0.03219	-0.29938	0.03752	0.03219
CAG	CCG	AC	-2.30445	0.03332	0.00851	2.30445	0.00333	0.00851
CAG	CAT	GT	-3.58431	0.02782	0.00285	3.58431	0.00077	0.00285
CAG	CAC	GC	-0.67770	0.03332	0.02330	0.67770	0.01692	0.02330
CAG	CAA	GA	-1.15292	0.04426	0.02354	1.15292	0.01397	0.02354
CGT	TGT	CT	-2.05296	0.00272	0.00082	2.05296	0.00035	0.00082
CGT	CTT	GT	1.02217	0.00120	0.00192	-1.02217	0.00335	0.00192
CGT	CCT	GC	-0.21934	0.00144	0.00129	0.21934	0.00116	0.00129
CGT	CAT	GA	-0.09222	0.00192	0.00183	0.09222	0.00175	0.00183
CGC	TGC	CT	-0.48454	0.02743	0.02132	0.48454	0.01689	0.02132
CGC	CTC	GT	0.50743	0.01212	0.01546	-0.50743	0.02014	0.01546
CGC	CCC	GC	-0.19367	0.01452	0.01316	0.19367	0.01197	0.01316
CGC	CAC	GA	0.68532	0.01929	0.02665	-0.68532	0.03828	0.02665
CGC	CGT	CT	-2.12907	0.02743	0.00788	2.12907	0.00326	0.00788
CGA	CTA	GT	0.05593	0.00322	0.00332	-0.05593	0.00341	0.00332
CGA	CCA	GC	-0.08766	0.00386	0.00370	0.08766	0.00354	0.00370
CGA	CAA	GA	1.00193	0.00513	0.00812	-1.00193	0.01397	0.00812
CGA	CGT	AT	-1.33723	0.00322	0.00154	1.33723	0.00085	0.00154
CGA	CGC	AC	0.79184	0.00386	0.00559	-0.79184	0.00853	0.00559
CGG	TGG	CT	0.11212	0.01469	0.01552	-0.11212	0.01643	0.01552
CGG	CTG	GT	2.50952	0.00649	0.01773	-2.50952	0.07984	0.01773
CGG	CCG	GC	-0.09430	0.00778	0.00742	0.09430	0.00708	0.00742
CGG	CAG	GA	2.21014	0.01033	0.02564	-2.21014	0.09417	0.02564
CGG	CGT	GT	-1.28194	0.00649	0.00320	1.28194	0.00180	0.00320
CGG	CGC	GC	0.84712	0.00778	0.01153	-0.84712	0.01814	0.01153
CGG	CGA	GA	0.05528	0.01033	0.01062	-0.05528	0.01092	0.01062
ATT	TTT	AT	-0.43771	0.00942	0.00750	0.43771	0.00608	0.00750
ATT	CTT	AC	-1.97041	0.01128	0.00360	1.97041	0.00157	0.00360
ATC	TTC	AT	-0.50030	0.02837	0.02187	0.50030	0.01720	0.02187
ATC	CTC	AC	-1.27862	0.03399	0.01677	1.27862	0.00946	0.01677
ATC	ATT	CT	-0.92253	0.06419	0.03907	0.92253	0.02552	0.03907
ATA	TTA	AT	-8.97044	0.00370	0.00000	8.97044	0.00000	0.00000
ATA	CTA	AC	-1.01664	0.00443	0.00255	1.01664	0.00160	0.00255
ATA	ATT	AT	0.58278	0.00370	0.00488	-0.58278	0.00662	0.00488
ATA	ATC	AC	1.50531	0.00443	0.00857	-1.50531	0.01996	0.00857
ATG	TTG	AT	-2.35305	0.02322	0.00574	2.35305	0.00221	0.00574
ATG	CTG	AC	0.29952	0.02781	0.03218	-0.29952	0.03752	0.03218
ATG	ATT	GT	-0.49937	0.02322	0.01790	0.49937	0.01409	0.01790
ATG	ATC	GC	0.42317	0.02781	0.03411	-0.42317	0.04246	0.03411
ATG	ATA	GA	-1.08215	0.03694	0.02049	1.08215	0.01252	0.02049
ACT	TCT	AT	-0.72085	0.00404	0.00276	0.72085	0.00197	0.00276
ACT	CCT	AC	-2.18550	0.00484	0.00134	2.18550	0.00054	0.00134
ACT	ATT	CT	1.02641	0.00914	0.01462	-1.02641	0.02552	0.01462
ACC	TCC	AT	-0.32421	0.01376	0.01165	0.32421	0.00995	0.01165
ACC	CCC	AC	-1.07515	0.01648	0.00918	1.07515	0.00562	0.00918
ACC	ATC	CT	0.90455	0.03112	0.04729	-0.90455	0.07690	0.04729
ACC	ACT	CT	-1.04439	0.03112	0.01765	1.04439	0.01095	0.01765
ACA	TCA	AT	-0.51191	0.00494	0.00379	0.51191	0.00296	0.00379
ACA	CCA	AC	-1.27018	0.00592	0.00294	1.27018	0.00166	0.00294
ACA	ATA	CT	-0.10995	0.01118	0.01058	0.10995	0.01002	0.01058
ACA	ACT	AT	-0.55358	0.00494	0.00370	0.55358	0.00284	0.00370
ACA	ACC	AC	0.49081	0.00592	0.00749	-0.49081	0.00968	0.00749
ACG	TCG	AT	-1.62880	0.00632	0.00251	1.62880	0.00124	0.00251
ACG	CCG	AC	-0.82253	0.00757	0.00488	0.82253	0.00333	0.00488
ACG	ATG	CT	1.48177	0.01430	0.02741	-1.48177	0.06291	0.02741
ACG	ACT	GT	-0.04401	0.00632	0.00618	0.04401	0.00605	0.00618
ACG	ACC	GC	1.00038	0.00757	0.01198	-1.00038	0.02059	0.01198
ACG	ACA	GA	0.50957	0.01005	0.01283	-0.50957	0.01674	0.01283
AAT	TAT	AT	0.01317	0.00254	0.00255	-0.01317	0.00257	0.00255
AAT	CAT	AC	-2.12521	0.00304	0.00088	2.12521	0.00036	0.00088
AAT	ATT	AT	0.95959	0.00254	0.00395	-0.95959	0.00662	0.00395
AAT	ACT	AC	-0.06682	0.00304	0.00294	0.06682	0.00284	0.00294
AAC	TAC	AT	-1.31924	0.03156	0.01519	1.31924	0.00844	0.01519
AAC	CAC	AC	-1.55893	0.03780	0.01570	1.55893	0.00795	0.01570
AAC	ATC	AT	-0.45821	0.03156	0.02488	0.45821	0.01996	0.02488
AAC	ACC	AC	-1.36277	0.03780	0.01772	1.36277	0.00968	0.01772
AAC	AAT	CT	-2.34034	0.07138	0.01780	2.34034	0.00687	0.01780
AAA	CAA	AC	-1.44050	0.01226	0.00548	1.44050	0.00290	0.00548
AAA	ATA	AT	-1.36987	0.01023	0.00478	1.36987	0.00260	0.00478
AAA	ACA	AC	-1.25992	0.01226	0.00612	1.25992	0.00348	0.00612
AAA	AAT	AT	-1.74668	0.01023	0.00377	1.74668	0.00178	0.00377
AAA	AAC	AC	0.59366	0.01226	0.01625	-0.59366	0.02219	0.01625
AAG	CAG	AC	-1.31653	0.07298	0.03519	1.31653	0.01956	0.03519
AAG	ATG	AT	-1.31667	0.06092	0.02937	1.31667	0.01633	0.02937
AAG	ACG	AC	-2.79844	0.07298	0.01325	2.79844	0.00444	0.01325
AAG	AAT	GT	-2.77563	0.06092	0.01124	2.77563	0.00380	0.01124
AAG	AAC	GC	-0.43529	0.07298	0.05825	0.43529	0.04722	0.05825
AAG	AAA	GA	-1.02895	0.09692	0.05546	1.02895	0.03464	0.05546
AGT	TGT	AT	-1.04509	0.00026	0.00015	1.04509	0.00009	0.00015
AGT	CGT	AC	1.00787	0.00031	0.00049	-1.00787	0.00085	0.00049
AGT	ATT	GT	4.00044	0.00026	0.00105	-4.00044	0.01409	0.00105
AGT	ACT	GC	2.97403	0.00031	0.00097	-2.97403	0.00605	0.00097
AGT	AAT	GA	3.04085	0.00041	0.00131	-3.04085	0.00859	0.00131
AGC	TGC	AT	-0.47508	0.00705	0.00551	0.47508	0.00438	0.00551
AGC	CGC	AC	0.00946	0.00845	0.00849	-0.00946	0.00853	0.00849
AGC	ATC	GT	1.79550	0.00705	0.01518	-1.79550	0.04246	0.01518
AGC	ACC	GC	0.89095	0.00845	0.01276	-0.89095	0.02059	0.01276
AGC	AAC	GA	2.25372	0.01122	0.02825	-2.25372	0.10683	0.02825
AGC	AGT	CT	-3.12747	0.01595	0.00229	3.12747	0.00070	0.00229
AGA	CGA	AC	-0.34223	0.00319	0.00268	0.34223	0.00227	0.00268
AGA	ATA	GT	0.73034	0.00267	0.00376	-0.73034	0.00553	0.00376
AGA	ACA	GC	0.84029	0.00319	0.00472	-0.84029	0.00740	0.00472
AGA	AAA	GA	2.10021	0.00424	0.01015	-2.10021	0.03464	0.01015
AGA	AGT	AT	-2.68732	0.00267	0.00052	2.68732	0.00018	0.00052
AGA	AGC	AC	0.44015	0.00319	0.00395	-0.44015	0.00496	0.00395
AGG	TGG	AT	-0.36603	0.00615	0.00509	0.36603	0.00426	0.00509
AGG	CGG	AC	-0.47814	0.00737	0.00574	0.47814	0.00457	0.00574
AGG	ATG	GT	1.73186	0.00615	0.01294	-1.73186	0.03474	0.01294
AGG	ACG	GC	0.25008	0.00737	0.00832	-0.25008	0.00946	0.00832
AGG	AAG	GA	3.04853	0.00978	0.03130	-3.04853	0.20623	0.03130
AGG	AGT	GT	-2.76795	0.00615	0.00114	2.76795	0.00039	0.00114
AGG	AGC	GC	0.35952	0.00737	0.00877	-0.35952	0.01055	0.00877
AGG	AGA	GA	-0.08064	0.00978	0.00939	0.08064	0.00902	0.00939
GTT	TTT	GT	3.06738	0.00060	0.00194	-3.06738	0.01293	0.00194
GTT	CTT	GC	1.53468	0.00072	0.00141	-1.53468	0.00335	0.00141
GTT	ATT	GA	3.50509	0.00096	0.00346	-3.50509	0.03187	0.00346
GTC	TTC	GT	1.88720	0.00555	0.01234	-1.88720	0.03661	0.01234
GTC	CTC	GC	1.10889	0.00664	0.01099	-1.10889	0.02014	0.01099
GTC	ATC	GA	2.38750	0.00882	0.02320	-2.38750	0.09606	0.02320
GTC	GTT	CT	-2.04012	0.01255	0.00382	2.04012	0.00163	0.00382
GTA	TTA	GT	-7.09322	0.00120	0.00001	7.09322	0.00000	0.00000
GTA	CTA	GC	0.86058	0.00144	0.00215	-0.86058	0.00341	0.00215
GTA	ATA	GA	1.87722	0.00192	0.00424	-1.87722	0.01252	0.00424
GTA	GTT	AT	-1.04509	0.00120	0.00068	1.04509	0.00042	0.00068
GTA	GTC	AC	0.99503	0.00144	0.00228	-0.99503	0.00390	0.00228
GTG	TTG	GT	-1.17288	0.01518	0.00798	1.17288	0.00470	0.00798
GTG	CTG	GC	1.47970	0.01818	0.03483	-1.47970	0.07984	0.03483
GTG	ATG	GA	1.18018	0.02415	0.04113	-1.18018	0.07859	0.04113
GTG	GTT	GT	-2.82428	0.01518	0.00270	2.82428	0.00090	0.00270
GTG	GTC	GC	-0.78416	0.01818	0.01197	0.78416	0.00830	0.01197
GTG	GTA	GA	-1.77919	0.02415	0.00872	1.77919	0.00408	0.00872
GCT	TCT	GT	-0.56998	0.00739	0.00549	0.56998	0.00418	0.00549
GCT	CCT	GC	-2.03463	0.00886	0.00271	2.03463	0.00116	0.00271
GCT	ACT	GA	0.15087	0.01176	0.01267	-0.15087	0.01368	0.01267
GCT	GTT	CT	-2.32780	0.01673	0.00421	2.32780	0.00163	0.00421
GCC	TCC	GT	-0.14469	0.02446	0.02274	0.14469	0.02117	0.02274
GCC	CCC	GC	-0.89564	0.02931	0.01812	0.89564	0.01197	0.01812
GCC	ACC	GA	0.17952	0.03892	0.04252	-0.17952	0.04657	0.04252
GCC	GTC	CT	-1.30343	0.05534	0.02689	1.30343	0.01503	0.02689
GCC	GCT	CT	-1.01575	0.05534	0.03191	1.01575	0.02004	0.03191
GCA	TCA	GT	-0.05533	0.00666	0.00648	0.05533	0.00631	0.00648
GCA	CCA	GC	-0.81360	0.00798	0.00517	0.81360	0.00354	0.00517
GCA	ACA	GA	0.45658	0.01060	0.01321	-0.45658	0.01674	0.01321
GCA	GTA	CT	-1.53058	0.01507	0.00637	1.53058	0.00326	0.00637
GCA	GCT	AT	-0.24787	0.00666	0.00587	0.24787	0.00520	0.00587
GCA	GCC	AC	0.76788	0.00798	0.01144	-0.76788	0.01720	0.01144
GCG	TCG	GT	0.12772	0.00232	0.00247	-0.12772	0.00264	0.00247
GCG	CCG	GC	0.93399	0.00278	0.00428	-0.93399	0.00708	0.00428
GCG	ACG	GA	1.75652	0.00369	0.00784	-1.75652	0.02139	0.00784
GCG	GTG	CT	2.05812	0.00525	0.01239	-2.05812	0.04113	0.01239
GCG	GCT	GT	1.56164	0.00232	0.00459	-1.56164	0.01107	0.00459
GCG	GCC	GC	2.57739	0.00278	0.00776	-2.57739	0.03661	0.00776
GCG	GCA	GA	1.80952	0.00369	0.00799	-1.80952	0.02256	0.00799
GAT	TAT	GT	-0.59230	0.00989	0.00725	0.59230	0.00547	0.00725
GAT	CAT	GC	-2.73068	0.01185	0.00226	2.73068	0.00077	0.00226
GAT	AAT	GA	-0.60547	0.01573	0.01145	0.60547	0.00859	0.01145
GAT	GTT	AT	-3.15097	0.00989	0.00139	3.15097	0.00042	0.00139
GAT	GCT	AC	-0.82316	0.01185	0.00763	0.82316	0.00520	0.00763
GAC	TAC	GT	-0.50380	0.02971	0.02285	0.50380	0.01795	0.02285
GAC	CAC	GC	-0.74349	0.03559	0.02398	0.74349	0.01692	0.02398
GAC	AAC	GA	0.81544	0.04727	0.06913	-0.81544	0.10683	0.06913
GAC	GTC	AT	-2.03027	0.02971	0.00912	2.03027	0.00390	0.00912
GAC	GCC	AC	-0.72684	0.03559	0.02421	0.72684	0.01720	0.02421
GAC	GAT	CT	-0.91942	0.06720	0.04098	0.91942	0.02680	0.04098
GAA	CAA	GC	-0.65124	0.01185	0.00840	0.65124	0.00618	0.00840
GAA	AAA	GA	0.78927	0.01573	0.02275	-0.78927	0.03464	0.02275
GAA	GTA	AT	-2.45782	0.00989	0.00228	2.45782	0.00085	0.00228
GAA	GCA	AC	-0.92723	0.01185	0.00719	0.92723	0.00469	0.00719
GAA	GAT	AT	-0.35194	0.00989	0.00825	0.35194	0.00695	0.00825
GAA	GAC	AC	0.56748	0.01185	0.01552	-0.56748	0.02089	0.01552
GAG	CAG	GC	-0.64275	0.07916	0.05643	0.64275	0.04163	0.05643
GAG	AAG	GA	0.67378	0.10513	0.14450	-0.67378	0.20623	0.14450
GAG	GTG	AT	-1.82306	0.06608	0.02321	1.82306	0.01067	0.02321
GAG	GCG	AC	-3.88118	0.07916	0.00647	3.88118	0.00163	0.00647
GAG	GAT	GT	-1.49638	0.06608	0.02853	1.49638	0.01480	0.02853
GAG	GAC	GC	-0.57695	0.07916	0.05851	0.57695	0.04446	0.05851
GAG	GAA	GA	-1.14443	0.10513	0.05621	1.14443	0.03347	0.05621
GGT	TGT	GT	-1.38863	0.00077	0.00036	1.38863	0.00019	0.00036
GGT	CGT	GC	0.66433	0.00093	0.00127	-0.66433	0.00180	0.00127
GGT	AGT	GA	-0.34354	0.00123	0.00103	0.34354	0.00087	0.00103
GGT	GTT	GT	0.15182	0.00077	0.00083	-0.15182	0.00090	0.00083
GGT	GCT	GC	2.47962	0.00093	0.00251	-2.47962	0.01107	0.00251
GGT	GAT	GA	3.30278	0.00123	0.00422	-3.30278	0.03347	0.00422
GGC	TGC	GT	-0.56817	0.01647	0.01223	0.56817	0.00933	0.01223
GGC	CGC	GC	-0.08363	0.01973	0.01891	0.08363	0.01814	0.01891
GGC	AGC	GA	-0.09309	0.02620	0.02500	0.09309	0.02387	0.02500
GGC	GTC	GT	-0.68509	0.01647	0.01146	0.68509	0.00830	0.01146
GGC	GCC	GC	0.61834	0.01973	0.02645	-0.61834	0.03661	0.02645
GGC	GAC	GA	1.34518	0.02620	0.04765	-1.34518	0.10057	0.04765
GGC	GGT	CT	-2.87703	0.03725	0.00639	2.87703	0.00210	0.00639
GGA	CGA	GC	-0.30420	0.00654	0.00560	0.30420	0.00483	0.00560
GGA	AGA	GA	0.03802	0.00869	0.00885	-0.03802	0.00902	0.00885
GGA	GTA	GT	-1.10885	0.00546	0.00298	1.10885	0.00180	0.00298
GGA	GCA	GC	0.42173	0.00654	0.00802	-0.42173	0.00997	0.00802
GGA	GAA	GA	1.34897	0.00869	0.01583	-1.34897	0.03347	0.01583
GGA	GGT	AT	-2.30576	0.00546	0.00139	2.30576	0.00054	0.00139
GGA	GGC	AC	0.57127	0.00654	0.00859	-0.57127	0.01158	0.00859
GGG	TGG	GT	-0.12038	0.01023	0.00963	0.12038	0.00907	0.00963
GGG	CGG	GC	-0.23250	0.01226	0.01089	0.23250	0.00971	0.01089
GGG	AGG	GA	0.24565	0.01628	0.01836	-0.24565	0.02081	0.01836
GGG	GTG	GT	0.79733	0.01023	0.01485	-0.79733	0.02271	0.01485
GGG	GCG	GC	-1.26079	0.01226	0.00611	1.26079	0.00347	0.00611
GGG	GAG	GA	2.62039	0.01628	0.04601	-2.62039	0.22370	0.04601
GGG	GGT	GT	-2.17877	0.01023	0.00285	2.17877	0.00116	0.00285
GGG	GGC	GC	0.69826	0.01226	0.01703	-0.69826	0.02464	0.01703
GGG	GGA	GA	0.12699	0.01628	0.01733	-0.12699	0.01848	0.01733


Histograms
2Ns	FMut	FSub(CodonUsage)	FSubw(after w)

-9.50042	0.00258	0.00000
-8.55038	0.00147	0.00000
-7.60034	0.00113	0.00000
-6.65030	0.00013	0.00000
-5.70025	0.00000	0.00000
-4.75021	0.00143	0.00009
-3.80017	0.02057	0.00252
-2.85013	0.15468	0.04087
-1.90008	0.15032	0.06964
-0.95004	0.34301	0.28727
0.00000	0.14836	0.19922
0.95004	0.14169	0.28727
1.90008	0.02367	0.06964
2.85013	0.01047	0.04087
3.80017	0.00048	0.00252
4.75021	0.00001	0.00009
5.70025	0.00000	0.00000
6.65030	0.00000	0.00000
7.60034	0.00000	0.00000
8.55038	0.00000	0.00000
9.50042	0.00000	0.00000

Proportion of advantageous (S > 0) mutations:
 0.24131

Proportions of good & bad mutations (|S| > 2.0000) among mutations:
0.01841  0.24987

mean |Ns| = 1.38292	mean Ns+ = 0.86409	mean Ns- = -1.54795


MLEs of dN/dS (w) for site classes (K=4)

site class             0        1       2a       2b
proportion       0.70626  0.02899  0.25432  0.01044
background w     0.04781  4.26347  0.04781  4.26347
foreground w     0.04781  4.26347  0.00000  0.00000

Naive Empirical Bayes (NEB) probabilities for 4 classes
(amino acids refer to 1st sequence: Bbon)

   1 E   0.73250 0.00025 0.26700 0.00025 ( 1)
   2 S   0.73236 0.00013 0.26735 0.00015 ( 1)
   3 G   0.73210 0.00006 0.26775 0.00009 ( 1)
   4 A   0.73252 0.00050 0.26655 0.00043 ( 1)
   5 G   0.73210 0.00006 0.26775 0.00009 ( 1)
   6 K   0.73203 0.00133 0.26570 0.00094 ( 1)
   7 T   0.73215 0.00007 0.26769 0.00009 ( 1)
   8 V   0.73026 0.00000 0.26974 0.00000 ( 1)
   9 N   0.73253 0.00030 0.26688 0.00029 ( 1)
  10 T   0.73212 0.00007 0.26772 0.00009 ( 1)
  11 K   0.73203 0.00133 0.26570 0.00094 ( 1)
  12 R   0.73113 0.00001 0.26885 0.00002 ( 1)
  13 V   0.73026 0.00000 0.26974 0.00000 ( 1)
  14 I   0.73246 0.00067 0.26632 0.00055 ( 1)
  15 Q   0.73252 0.00058 0.26641 0.00049 ( 1)
  16 Y   0.73233 0.00012 0.26741 0.00014 ( 1)
  17 F   0.73164 0.00180 0.26538 0.00118 ( 1)
  18 A   0.73182 0.00168 0.26541 0.00109 ( 1)
  19 V   0.73026 0.00000 0.26974 0.00000 ( 1)
  20 I   0.73217 0.00115 0.26585 0.00083 ( 1)
  21 A   0.73238 0.00070 0.26634 0.00058 ( 1)
  22 A   0.73242 0.00068 0.26634 0.00056 ( 1)
  23 I   0.73199 0.00120 0.26591 0.00090 ( 1)
  24 G   0.73250 0.00015 0.26720 0.00016 ( 1)
  25 D   0.73255 0.00043 0.26664 0.00038 ( 1)
  26 R   0.73244 0.00019 0.26716 0.00020 ( 1)
  27 S   0.73074 0.00000 0.26925 0.00001 ( 1)
  28 K   0.73203 0.00133 0.26570 0.00094 ( 1)
  29 K   0.73219 0.00120 0.26576 0.00084 ( 1)
  30 E   0.73212 0.00120 0.26582 0.00086 ( 1)
  31 Q   0.67652 0.04199 0.24604 0.03544 ( 1)
  32 T   0.21894 0.35623 0.07977 0.34505 ( 2)
  33 S   0.53882 0.16424 0.19527 0.10168 ( 1)
  34 G   0.73244 0.00019 0.26717 0.00020 ( 1)
  35 K   0.73203 0.00133 0.26570 0.00094 ( 1)
  36 -   0.73190 0.00018 0.26769 0.00024 ( 1)
  37 T   0.73119 0.00034 0.26792 0.00054 ( 1)
  38 L   0.72461 0.00828 0.26239 0.00472 ( 1)
  39 E   0.72969 0.00287 0.26522 0.00222 ( 1)
  40 D   0.73123 0.00058 0.26742 0.00077 ( 1)
  41 Q   0.73052 0.00141 0.26651 0.00156 ( 1)
  42 I   0.73037 0.00159 0.26637 0.00167 ( 1)
  43 I   0.73037 0.00159 0.26637 0.00167 ( 1)
  44 Q   0.73052 0.00141 0.26651 0.00156 ( 1)
  45 A   0.73039 0.00153 0.26645 0.00163 ( 1)
  46 N   0.73080 0.00085 0.26722 0.00113 ( 1)
  47 P   0.73015 0.00010 0.26948 0.00028 ( 1)
  48 A   0.73039 0.00153 0.26645 0.00163 ( 1)
  49 L   0.72432 0.00858 0.26225 0.00486 ( 1)
  50 E   0.72966 0.00250 0.26561 0.00222 ( 1)
  51 A   0.73039 0.00153 0.26645 0.00163 ( 1)
  52 F   0.72976 0.00244 0.26577 0.00204 ( 1)
  53 G   0.73084 0.00059 0.26768 0.00089 ( 1)
  54 N   0.73080 0.00085 0.26722 0.00113 ( 1)
  55 A   0.73039 0.00153 0.26645 0.00163 ( 1)
  56 K   0.72951 0.00270 0.26545 0.00234 ( 1)
  57 T   0.73075 0.00028 0.26843 0.00054 ( 1)
  58 V   0.72862 0.00001 0.27129 0.00007 ( 1)
  59 R   0.72953 0.00050 0.26940 0.00056 ( 1)
  60 N   0.73021 0.00015 0.26930 0.00034 ( 1)
  61 D   0.73082 0.00047 0.26794 0.00077 ( 1)
  62 N   0.73080 0.00085 0.26722 0.00113 ( 1)
  63 S   0.73083 0.00046 0.26795 0.00076 ( 1)
  64 S   0.73083 0.00046 0.26795 0.00076 ( 1)
  65 R   0.73084 0.00060 0.26766 0.00090 ( 1)
  66 F   0.00000 1.00000 0.00000 0.00000 ( 2)
  67 -   0.73193 0.00142 0.26565 0.00099 ( 1)
  68 -   0.73173 0.00165 0.26551 0.00111 ( 1)
  69 -   0.73101 0.00251 0.26494 0.00154 ( 1)
  70 -   0.73177 0.00163 0.26549 0.00111 ( 1)
  71 -   0.73172 0.00167 0.26548 0.00112 ( 1)
  72 -   0.72946 0.00000 0.27053 0.00000 ( 1)
  73 -   0.73005 0.00355 0.26437 0.00202 ( 1)
  74 -   0.73250 0.00027 0.26697 0.00027 ( 1)
  75 -   0.73176 0.00162 0.26553 0.00109 ( 1)
  76 -   0.73249 0.00029 0.26694 0.00029 ( 1)
  77 -   0.73223 0.00101 0.26601 0.00076 ( 1)
  78 -   0.73072 0.00282 0.26476 0.00169 ( 1)
  79 -   0.73219 0.00009 0.26762 0.00011 ( 1)
  80 -   0.73126 0.00004 0.26861 0.00009 ( 1)
  81 -   0.73251 0.00042 0.26668 0.00038 ( 1)
  82 -   0.73197 0.00135 0.26573 0.00095 ( 1)
  83 -   0.73248 0.00050 0.26658 0.00044 ( 1)
  84 -   0.73222 0.00010 0.26755 0.00013 ( 1)
  85 -   0.73090 0.00262 0.26489 0.00159 ( 1)
  86 -   0.73249 0.00029 0.26694 0.00029 ( 1)
  87 -   0.73321 0.00136 0.26480 0.00063 ( 1)
  88 -   0.73256 0.00037 0.26672 0.00035 ( 1)
  89 -   0.72568 0.00823 0.26217 0.00392 ( 1)
  90 -   0.73248 0.00065 0.26633 0.00054 ( 1)
  91 -   0.73212 0.00122 0.26577 0.00088 ( 1)
  92 -   0.73255 0.00040 0.26667 0.00037 ( 1)
  93 -   0.73229 0.00010 0.26749 0.00012 ( 1)
  94 -   0.73010 0.00000 0.26989 0.00000 ( 1)
  95 -   0.73130 0.00222 0.26508 0.00140 ( 1)
  96 -   0.73196 0.00141 0.26564 0.00099 ( 1)
  97 -   0.73208 0.00129 0.26571 0.00092 ( 1)
  98 -   0.72568 0.00823 0.26217 0.00392 ( 1)
  99 -   0.00109 0.64248 0.00028 0.35614 ( 2)
 100 -   0.73217 0.00115 0.26585 0.00084 ( 1)
 101 -   0.73122 0.00230 0.26504 0.00144 ( 1)
 102 -   0.73229 0.00010 0.26749 0.00012 ( 1)
 103 -   0.73228 0.00101 0.26596 0.00076 ( 1)
 104 -   0.73154 0.00195 0.26523 0.00127 ( 1)
 105 -   0.73217 0.00007 0.26766 0.00010 ( 1)
 106 -   0.73130 0.00222 0.26508 0.00140 ( 1)
 107 -   0.73196 0.00141 0.26564 0.00099 ( 1)
 108 -   0.73256 0.00036 0.26673 0.00034 ( 1)
 109 -   0.73254 0.00057 0.26642 0.00048 ( 1)
 110 -   0.73195 0.00144 0.26561 0.00100 ( 1)
 111 -   0.73037 0.00390 0.26387 0.00185 ( 1)
 112 -   0.73256 0.00035 0.26677 0.00033 ( 1)
 113 -   0.73243 0.00076 0.26620 0.00061 ( 1)
 114 -   0.67867 0.04203 0.24661 0.03269 ( 1)
 115 -   0.73105 0.00249 0.26492 0.00154 ( 1)
 116 -   0.73150 0.00001 0.26845 0.00003 ( 1)
 117 -   0.73122 0.00230 0.26504 0.00144 ( 1)
 118 -   0.72602 0.00743 0.26275 0.00380 ( 1)
 119 -   0.72568 0.00823 0.26217 0.00392 ( 1)
 120 -   0.73270 0.00058 0.26626 0.00046 ( 1)
 121 M   0.99143 0.00837 0.00005 0.00015 ( 1)
 122 L   0.72819 0.00502 0.26383 0.00296 ( 1)
 123 L   0.72909 0.00452 0.26389 0.00250 ( 1)
 124 I   0.73215 0.00052 0.26682 0.00051 ( 1)
 125 T   0.73143 0.00004 0.26844 0.00008 ( 1)
 126 N   0.73207 0.00022 0.26744 0.00027 ( 1)
 127 N   0.73207 0.00022 0.26744 0.00027 ( 1)
 128 P   0.73068 0.00001 0.26928 0.00003 ( 1)
 129 Y   0.73208 0.00077 0.26645 0.00070 ( 1)
 130 D   0.73176 0.00010 0.26800 0.00014 ( 1)
 131 Y   0.73161 0.00039 0.26748 0.00052 ( 1)
 132 A   0.00001 0.99999 0.00000 0.00000 ( 2)
 133 F   0.73227 0.00095 0.26606 0.00072 ( 1)
 134 I   0.73215 0.00052 0.26682 0.00051 ( 1)
 135 S   0.73176 0.00009 0.26800 0.00014 ( 1)
 136 Q   0.73197 0.00015 0.26768 0.00020 ( 1)
 137 G   0.73211 0.00025 0.26735 0.00029 ( 1)
 138 E   0.73194 0.00096 0.26627 0.00082 ( 1)
 139 T   0.73186 0.00012 0.26785 0.00017 ( 1)
 140 T   0.73186 0.00012 0.26785 0.00017 ( 1)
 141 V   0.73184 0.00011 0.26790 0.00016 ( 1)
 142 P   0.00000 0.39648 0.00000 0.60352 ( 4)
 143 S   0.73106 0.00146 0.26614 0.00134 ( 1)
 144 I   0.73199 0.00092 0.26630 0.00079 ( 1)
 145 D   0.73194 0.00029 0.26740 0.00036 ( 1)
 146 D   0.73223 0.00020 0.26732 0.00024 ( 1)
 147 A   0.73214 0.00038 0.26707 0.00041 ( 1)
 148 E   0.73194 0.00096 0.26627 0.00082 ( 1)
 149 E   0.73194 0.00096 0.26627 0.00082 ( 1)
 150 L   0.73172 0.00008 0.26806 0.00013 ( 1)
 151 M   0.73164 0.00008 0.26816 0.00012 ( 1)
 152 A   0.73214 0.00049 0.26688 0.00049 ( 1)
 153 T   0.73170 0.00011 0.26802 0.00017 ( 1)
 154 D   0.73215 0.00032 0.26718 0.00036 ( 1)
 155 A   0.94255 0.05744 0.00001 0.00000 ( 1)
 156 F   0.85978 0.14022 0.00001 0.00000 ( 1)
 157 D   0.73267 0.00070 0.26610 0.00053 ( 1)
 158 V   0.73278 0.00029 0.26667 0.00026 ( 1)
 159 L   0.72681 0.00718 0.26258 0.00343 ( 1)
 160 G   0.80765 0.03108 0.14539 0.01588 ( 1)
 161 F   0.73245 0.00101 0.26582 0.00072 ( 1)
 162 T   0.00285 0.53444 0.00104 0.46167 ( 2)
 163 S   0.50058 0.20407 0.18117 0.11418 ( 1)
 164 D   0.61969 0.09537 0.22461 0.06033 ( 1)
 165 E   0.73188 0.00174 0.26528 0.00110 ( 1)
 166 K   0.73173 0.00191 0.26516 0.00119 ( 1)
 167 N   0.68895 0.02723 0.25149 0.03233 ( 1)
 168 S   0.73276 0.00026 0.26675 0.00024 ( 1)
 169 M   0.27586 0.61240 0.00019 0.11154 ( 2)
 170 Y   0.73283 0.00024 0.26672 0.00022 ( 1)
 171 K   0.73173 0.00191 0.26516 0.00119 ( 1)
 172 L   0.72681 0.00718 0.26258 0.00343 ( 1)
 173 T   0.73267 0.00014 0.26704 0.00015 ( 1)
 174 G   0.73272 0.00058 0.26624 0.00046 ( 1)
 175 A   0.73230 0.00120 0.26568 0.00082 ( 1)
 176 I   0.73244 0.00104 0.26579 0.00073 ( 1)
 177 M   0.73272 0.00021 0.26686 0.00021 ( 1)
 178 H   0.73222 0.00004 0.26769 0.00005 ( 1)
 179 F   0.73122 0.00248 0.26483 0.00147 ( 1)
 180 G   0.73272 0.00058 0.26624 0.00046 ( 1)
 181 N   0.73275 0.00052 0.26632 0.00042 ( 1)
 182 M   0.73272 0.00021 0.26686 0.00021 ( 1)
 183 K   0.73173 0.00191 0.26516 0.00119 ( 1)
 184 F   0.73245 0.00101 0.26582 0.00072 ( 1)
 185 K   0.73256 0.00087 0.26593 0.00063 ( 1)
 186 L   0.73276 0.00026 0.26674 0.00024 ( 1)
 187 K   0.73173 0.00191 0.26516 0.00119 ( 1)
 188 P   0.07216 0.52513 0.02619 0.37652 ( 2)
 189 R   0.73246 0.00103 0.26578 0.00073 ( 1)
 190 E   0.73188 0.00174 0.26528 0.00110 ( 1)
 191 E   0.73188 0.00174 0.26528 0.00110 ( 1)
 192 Q   0.73253 0.00093 0.26587 0.00067 ( 1)
 193 A   0.73152 0.00217 0.26501 0.00131 ( 1)
 194 E   0.73188 0.00174 0.26528 0.00110 ( 1)
 195 P   0.72306 0.00577 0.26406 0.00710 ( 1)
 196 D   0.73267 0.00070 0.26610 0.00053 ( 1)
 197 G   0.73278 0.00034 0.26659 0.00030 ( 1)
 198 N   0.71245 0.01359 0.25970 0.01425 ( 1)
 199 E   0.73277 0.00043 0.26643 0.00036 ( 1)
 200 -   0.73158 0.00014 0.26805 0.00023 ( 1)
 201 -   0.72963 0.00000 0.27035 0.00002 ( 1)
 202 -   0.72608 0.00735 0.26267 0.00390 ( 1)
 203 -   0.73162 0.00105 0.26637 0.00096 ( 1)
 204 -   0.73092 0.00200 0.26555 0.00152 ( 1)
 205 -   0.73162 0.00105 0.26637 0.00096 ( 1)
 206 -   0.73183 0.00031 0.26747 0.00040 ( 1)
 207 -   0.73177 0.00024 0.26765 0.00033 ( 1)
 208 -   0.73105 0.00183 0.26569 0.00143 ( 1)
 209 -   0.73092 0.00200 0.26555 0.00152 ( 1)
 210 -   0.73172 0.00023 0.26773 0.00032 ( 1)
 211 -   0.73160 0.00108 0.26635 0.00097 ( 1)
 212 -   0.67583 0.03727 0.24652 0.04037 ( 1)
 213 -   0.73187 0.00047 0.26711 0.00054 ( 1)
 214 -   0.73172 0.00023 0.26773 0.00032 ( 1)
 215 -   0.73183 0.00031 0.26747 0.00040 ( 1)
 216 -   0.73163 0.00015 0.26798 0.00024 ( 1)
 217 -   0.73121 0.00006 0.26861 0.00012 ( 1)
 218 -   0.73160 0.00110 0.26631 0.00099 ( 1)
 219 -   0.73204 0.00043 0.26707 0.00047 ( 1)
 220 -   0.73162 0.00105 0.26637 0.00096 ( 1)
 221 -   0.73160 0.00015 0.26802 0.00023 ( 1)
 222 -   0.72608 0.00735 0.26267 0.00390 ( 1)
 223 -   0.73105 0.00183 0.26569 0.00143 ( 1)
 224 -   0.73160 0.00015 0.26802 0.00023 ( 1)
 225 -   0.00000 0.90574 0.00000 0.09426 ( 2)
 226 -   0.73170 0.00097 0.26642 0.00091 ( 1)
 227 -   0.73085 0.00003 0.26904 0.00008 ( 1)
 228 -   0.73184 0.00037 0.26735 0.00045 ( 1)
 229 -   0.73170 0.00097 0.26642 0.00091 ( 1)
 230 -   0.73177 0.00024 0.26765 0.00033 ( 1)
 231 -   0.73160 0.00108 0.26635 0.00097 ( 1)
 232 -   0.73102 0.00005 0.26884 0.00010 ( 1)
 233 -   0.73184 0.00036 0.26736 0.00044 ( 1)
 234 -   0.72990 0.00000 0.27008 0.00002 ( 1)
 235 -   0.72601 0.00750 0.26259 0.00389 ( 1)
 236 -   0.73190 0.00030 0.26744 0.00037 ( 1)
 237 -   0.73115 0.00183 0.26563 0.00139 ( 1)
 238 -   0.73167 0.00111 0.26627 0.00096 ( 1)
 239 -   0.73194 0.00038 0.26723 0.00044 ( 1)
 240 -   0.73165 0.00113 0.26625 0.00097 ( 1)
 241 -   0.73107 0.00191 0.26559 0.00143 ( 1)
 242 -   0.73158 0.00121 0.26618 0.00103 ( 1)
 243 -   0.73158 0.00118 0.26622 0.00102 ( 1)
 244 -   0.73187 0.00032 0.26743 0.00039 ( 1)
 245 F   0.73274 0.00095 0.26570 0.00062 ( 1)
 246 N   0.73167 0.00021 0.26782 0.00030 ( 1)
 247 S   0.72892 0.00000 0.27107 0.00001 ( 1)
 248 F   0.00000 0.83812 0.00000 0.16188 ( 2)
 249 E   0.73174 0.00087 0.26656 0.00083 ( 1)
 250 Q   0.73191 0.00038 0.26725 0.00046 ( 1)
 251 L   0.73289 0.00026 0.26662 0.00023 ( 1)
 252 C   0.72921 0.00000 0.27078 0.00001 ( 1)
 253 I   0.73189 0.00045 0.26715 0.00051 ( 1)
 254 N   0.73171 0.00019 0.26783 0.00027 ( 1)
 255 F   0.73187 0.00044 0.26720 0.00050 ( 1)
 256 T   0.73093 0.00004 0.26895 0.00008 ( 1)
 257 N   0.73171 0.00019 0.26783 0.00027 ( 1)
 258 E   0.73176 0.00086 0.26657 0.00082 ( 1)
 259 K   0.73171 0.00096 0.26644 0.00089 ( 1)
 260 L   0.72853 0.00479 0.26387 0.00281 ( 1)
 261 Q   0.73190 0.00039 0.26725 0.00047 ( 1)
 262 Q   0.73191 0.00038 0.26725 0.00046 ( 1)
 263 F   0.73187 0.00044 0.26720 0.00050 ( 1)
 264 F   0.73187 0.00044 0.26720 0.00050 ( 1)
 265 N   0.73171 0.00019 0.26783 0.00027 ( 1)
 266 H   0.72999 0.00001 0.26998 0.00003 ( 1)
 267 H   0.72999 0.00001 0.26998 0.00003 ( 1)
 268 M   0.73119 0.00006 0.26863 0.00012 ( 1)
 269 F   0.73187 0.00044 0.26720 0.00050 ( 1)
 270 V   0.73142 0.00009 0.26833 0.00016 ( 1)
 271 L   0.72825 0.00504 0.26376 0.00295 ( 1)
 272 E   0.73195 0.00067 0.26675 0.00063 ( 1)
 273 Q   0.73191 0.00036 0.26730 0.00043 ( 1)
 274 E   0.73176 0.00086 0.26657 0.00082 ( 1)
 275 E   0.73157 0.00034 0.26765 0.00043 ( 1)
 276 Y   0.73127 0.00007 0.26853 0.00013 ( 1)
 277 K   0.73171 0.00096 0.26644 0.00089 ( 1)
 278 K   0.73171 0.00096 0.26644 0.00089 ( 1)
 279 E   0.73176 0.00086 0.26657 0.00082 ( 1)
 280 G   0.73149 0.00011 0.26822 0.00018 ( 1)
 281 I   0.73189 0.00045 0.26715 0.00051 ( 1)
 282 E   0.64032 0.06484 0.23325 0.06159 ( 1)
 283 W   0.73166 0.00015 0.26795 0.00024 ( 1)
 284 E   0.42950 0.21262 0.15645 0.20143 ( 1)
 285 F   0.73187 0.00044 0.26720 0.00050 ( 1)
 286 I   0.73189 0.00045 0.26715 0.00051 ( 1)
 287 D   0.73133 0.00008 0.26845 0.00014 ( 1)
 288 F   0.73189 0.00045 0.26716 0.00050 ( 1)
 289 G   0.73144 0.00011 0.26827 0.00018 ( 1)
 290 M   0.71854 0.00591 0.26398 0.01157 ( 1)
 291 D   0.73133 0.00008 0.26845 0.00014 ( 1)
 292 L   0.72825 0.00504 0.26376 0.00295 ( 1)
 293 Q   0.02852 0.95820 0.00053 0.01275 ( 2)
 294 A   0.67817 0.03449 0.24760 0.03974 ( 1)
 295 C   0.72921 0.00000 0.27078 0.00001 ( 1)
 296 I   0.73187 0.00049 0.26711 0.00053 ( 1)
 297 D   0.92481 0.00936 0.06281 0.00302 ( 1)
 298 L   0.73133 0.00008 0.26844 0.00014 ( 1)
 299 I   0.73189 0.00045 0.26715 0.00051 ( 1)
 300 E   0.73176 0.00086 0.26657 0.00082 ( 1)
 301 K   0.73171 0.00096 0.26644 0.00089 ( 1)
 302 P   0.73120 0.00002 0.26875 0.00004 ( 1)
 303 M   0.73200 0.00011 0.26774 0.00015 ( 1)
 304 G   0.73219 0.00018 0.26741 0.00022 ( 1)
 305 I   0.73226 0.00067 0.26649 0.00058 ( 1)
 306 M   0.73200 0.00011 0.26774 0.00015 ( 1)
 307 S   0.73209 0.00013 0.26760 0.00017 ( 1)
 308 I   0.73226 0.00067 0.26649 0.00058 ( 1)
 309 L   0.72809 0.00561 0.26337 0.00293 ( 1)
 310 E   0.73194 0.00120 0.26596 0.00091 ( 1)
 311 E   0.73194 0.00120 0.26596 0.00091 ( 1)
 312 E   0.73194 0.00120 0.26596 0.00091 ( 1)
 313 C   0.73054 0.00000 0.26945 0.00001 ( 1)
 314 M   0.73200 0.00011 0.26774 0.00015 ( 1)
 315 F   0.73225 0.00065 0.26653 0.00057 ( 1)
 316 P   0.73120 0.00002 0.26875 0.00004 ( 1)
 317 K   0.73185 0.00133 0.26584 0.00098 ( 1)
 318 A   0.73226 0.00063 0.26655 0.00056 ( 1)
 319 T   0.73217 0.00017 0.26746 0.00020 ( 1)
 320 D   0.73209 0.00014 0.26760 0.00017 ( 1)
 321 M   0.73201 0.00011 0.26775 0.00014 ( 1)
 322 T   0.73184 0.00006 0.26800 0.00010 ( 1)
 323 F   0.73228 0.00063 0.26654 0.00055 ( 1)
 324 K   0.60875 0.09766 0.22112 0.07246 ( 1)
 325 A   0.73146 0.00171 0.26560 0.00122 ( 1)
 326 K   0.73188 0.00130 0.26585 0.00096 ( 1)
 327 L   0.72788 0.00559 0.26346 0.00308 ( 1)
 328 F   0.00000 1.00000 0.00000 0.00000 ( 2)
 329 D   0.73210 0.00013 0.26760 0.00017 ( 1)
 330 N   0.73232 0.00029 0.26709 0.00031 ( 1)
 331 H   0.73114 0.00001 0.26882 0.00003 ( 1)
 332 L   0.72778 0.00589 0.26326 0.00308 ( 1)
 333 G   0.73180 0.00012 0.26790 0.00018 ( 1)
 334 K   0.73186 0.00104 0.26623 0.00088 ( 1)
 335 S   0.73166 0.00009 0.26811 0.00014 ( 1)
 336 S   0.00000 0.99996 0.00000 0.00004 ( 2)
 337 N   0.73172 0.00018 0.26783 0.00027 ( 1)
 338 F   0.73188 0.00043 0.26720 0.00049 ( 1)
 339 Q   0.73191 0.00038 0.26725 0.00045 ( 1)
 340 K   0.73173 0.00095 0.26645 0.00088 ( 1)
 341 P   0.73018 0.00001 0.26977 0.00004 ( 1)
 342 R   0.73192 0.00014 0.26775 0.00019 ( 1)
 343 N   0.73046 0.00011 0.26918 0.00025 ( 1)
 344 I   0.73189 0.00044 0.26716 0.00050 ( 1)
 345 K   0.73173 0.00095 0.26645 0.00088 ( 1)
 346 G   0.73090 0.00003 0.26899 0.00008 ( 1)
 347 K   0.00168 0.99832 0.00000 0.00000 ( 2)
 348 P   0.72985 0.00001 0.27012 0.00002 ( 1)
 349 E   0.73163 0.00015 0.26799 0.00023 ( 1)
 350 A   0.73188 0.00042 0.26722 0.00048 ( 1)
 351 H   0.72999 0.00001 0.26998 0.00002 ( 1)
 352 F   0.73188 0.00043 0.26720 0.00049 ( 1)
 353 S   0.73133 0.00008 0.26845 0.00014 ( 1)
 354 L   0.72828 0.00501 0.26378 0.00293 ( 1)
 355 I   0.25146 0.74854 0.00000 0.00000 ( 2)
 356 H   0.73000 0.00001 0.26998 0.00002 ( 1)
 357 Y   0.73204 0.00015 0.26761 0.00020 ( 1)
 358 A   0.73196 0.00037 0.26725 0.00043 ( 1)
 359 G   0.73153 0.00009 0.26824 0.00014 ( 1)
 360 T   0.73099 0.00003 0.26892 0.00006 ( 1)
 361 V   0.73146 0.00007 0.26835 0.00013 ( 1)
 362 D   0.73152 0.00007 0.26830 0.00011 ( 1)
 363 Y   0.73131 0.00005 0.26854 0.00010 ( 1)
 364 N   0.73178 0.00015 0.26786 0.00022 ( 1)
 365 I   0.73200 0.00037 0.26720 0.00043 ( 1)
 366 I   0.72827 0.00055 0.26926 0.00192 ( 1)
 367 G   0.73153 0.00009 0.26824 0.00014 ( 1)
 368 W   0.73171 0.00012 0.26797 0.00019 ( 1)
 369 L   0.73221 0.00031 0.26714 0.00034 ( 1)
 370 Q   0.22354 0.77646 0.00000 0.00000 ( 2)
 371 K   0.73201 0.00039 0.26720 0.00040 ( 1)
 372 N   0.73178 0.00015 0.26786 0.00022 ( 1)
 373 K   0.73198 0.00030 0.26736 0.00036 ( 1)
 374 D   0.73136 0.00006 0.26846 0.00011 ( 1)
 375 P   0.72997 0.00000 0.27001 0.00002 ( 1)
 376 L   0.73137 0.00006 0.26846 0.00011 ( 1)
 377 N   0.73178 0.00015 0.26786 0.00022 ( 1)
 378 E   0.73193 0.00073 0.26663 0.00070 ( 1)
 379 T   0.73114 0.00003 0.26876 0.00006 ( 1)
 380 V   0.73098 0.00005 0.26886 0.00011 ( 1)
 381 V   0.73146 0.00007 0.26835 0.00013 ( 1)
 382 E   0.00006 0.99994 0.00000 0.00000 ( 2)
 383 L   0.72996 0.00000 0.27002 0.00002 ( 1)
 384 Y   0.73131 0.00005 0.26854 0.00010 ( 1)
 385 K   0.09052 0.90947 0.00000 0.00000 ( 2)
 386 K   0.73214 0.00044 0.26696 0.00046 ( 1)
 387 S   0.73136 0.00006 0.26847 0.00011 ( 1)
 388 S   0.73039 0.00001 0.26956 0.00003 ( 1)
 389 L   0.73137 0.00006 0.26846 0.00011 ( 1)
 390 K   0.73189 0.00083 0.26651 0.00077 ( 1)
 391 M   0.23982 0.30779 0.08754 0.36485 ( 4)
 392 L   0.73277 0.00017 0.26689 0.00016 ( 1)
 393 S   0.60567 0.06297 0.22203 0.10933 ( 1)
 394 T   0.71244 0.01367 0.25968 0.01421 ( 1)
 395 L   0.72768 0.00632 0.26294 0.00306 ( 1)
 396 F   0.73167 0.00199 0.26513 0.00120 ( 1)
 397 A   0.73271 0.00073 0.26602 0.00054 ( 1)
 398 N   0.73286 0.00036 0.26648 0.00030 ( 1)
 399 Y   0.73252 0.00107 0.26568 0.00072 ( 1)
 400 A   0.73166 0.00206 0.26504 0.00124 ( 1)
 401 G   0.73258 0.00008 0.26724 0.00009 ( 1)
 402 F   0.73172 0.00199 0.26509 0.00121 ( 1)
 403 D   0.73277 0.00017 0.26690 0.00016 ( 1)
 404 S   0.68612 0.03383 0.24967 0.03039 ( 1)
 405 -   0.73080 0.00282 0.26470 0.00167 ( 1)
 406 -   0.73206 0.00004 0.26785 0.00006 ( 1)
 407 -   0.72488 0.00911 0.26179 0.00421 ( 1)
 408 -   0.73233 0.00102 0.26590 0.00075 ( 1)
 409 -   0.73061 0.00304 0.26457 0.00178 ( 1)
 410 -   0.72488 0.00911 0.26179 0.00421 ( 1)
 411 -   0.73260 0.00049 0.26649 0.00042 ( 1)
 412 -   0.67109 0.04878 0.24372 0.03640 ( 1)
 413 -   0.73233 0.00102 0.26590 0.00075 ( 1)
 414 -   0.73242 0.00011 0.26735 0.00013 ( 1)
 415 -   0.73251 0.00073 0.26619 0.00058 ( 1)
 416 -   0.73259 0.00057 0.26637 0.00047 ( 1)
 417 -   0.73262 0.00068 0.26617 0.00053 ( 1)
 418 -   0.73243 0.00012 0.26732 0.00014 ( 1)
 419 -   0.73245 0.00013 0.26727 0.00015 ( 1)
 420 -   0.73243 0.00012 0.26732 0.00014 ( 1)
 421 -   0.73170 0.00180 0.26532 0.00117 ( 1)
 422 -   0.73257 0.00063 0.26629 0.00051 ( 1)
 423 -   0.73253 0.00016 0.26713 0.00018 ( 1)
 424 -   0.73212 0.00005 0.26776 0.00007 ( 1)
 425 -   0.73168 0.00184 0.26529 0.00119 ( 1)
 426 -   0.73168 0.00184 0.26529 0.00119 ( 1)
 427 -   0.73245 0.00013 0.26727 0.00015 ( 1)
 428 -   0.73206 0.00004 0.26785 0.00006 ( 1)
 429 -   0.73080 0.00282 0.26470 0.00167 ( 1)
 430 -   0.73248 0.00079 0.26611 0.00062 ( 1)
 431 -   0.73061 0.00304 0.26457 0.00178 ( 1)
 432 -   0.66744 0.04862 0.24273 0.04121 ( 1)
 433 -   0.73312 0.00023 0.26646 0.00019 ( 1)
 434 -   0.73280 0.00113 0.26539 0.00067 ( 1)
 435 -   0.73295 0.00092 0.26556 0.00057 ( 1)
 436 -   0.73286 0.00105 0.26546 0.00063 ( 1)
 437 -   0.73268 0.00138 0.26516 0.00077 ( 1)
 438 -   0.73329 0.00029 0.26620 0.00022 ( 1)
 439 -   0.72374 0.01069 0.26108 0.00449 ( 1)
 440 -   0.73303 0.00005 0.26687 0.00005 ( 1)
 441 -   0.73295 0.00092 0.26556 0.00057 ( 1)
 442 -   0.73329 0.00027 0.26623 0.00020 ( 1)
 443 -   0.73153 0.00257 0.26455 0.00135 ( 1)
 444 -   0.72354 0.01088 0.26101 0.00457 ( 1)
 445 -   0.73267 0.00128 0.26530 0.00075 ( 1)
 446 -   0.73322 0.00013 0.26654 0.00011 ( 1)
 447 -   0.73320 0.00011 0.26660 0.00009 ( 1)
 448 -   0.73293 0.00105 0.26540 0.00061 ( 1)
 449 -   0.73280 0.00113 0.26539 0.00067 ( 1)
 450 -   0.72354 0.01088 0.26101 0.00457 ( 1)
 451 -   0.73013 0.00404 0.26385 0.00198 ( 1)
 452 -   0.73269 0.00127 0.26531 0.00074 ( 1)
 453 -   0.73130 0.00281 0.26444 0.00145 ( 1)
 454 -   0.73267 0.00128 0.26530 0.00075 ( 1)
 455 -   0.73130 0.00281 0.26444 0.00145 ( 1)
 456 -   0.73322 0.00013 0.26654 0.00011 ( 1)
 457 -   0.73326 0.00016 0.26644 0.00013 ( 1)
 458 -   0.72988 0.00430 0.26373 0.00209 ( 1)
 459 -   0.73269 0.00127 0.26531 0.00074 ( 1)
 460 -   0.53451 0.17918 0.19329 0.09301 ( 1)
 461 -   0.73329 0.00029 0.26620 0.00022 ( 1)
 462 -   0.73231 0.00171 0.26503 0.00095 ( 1)
 463 -   0.73267 0.00128 0.26530 0.00075 ( 1)
 464 -   0.73130 0.00281 0.26444 0.00145 ( 1)
 465 -   0.73286 0.00105 0.26546 0.00063 ( 1)
 466 -   0.73133 0.00232 0.26494 0.00141 ( 1)
 467 -   0.73184 0.00173 0.26530 0.00112 ( 1)
 468 -   0.73120 0.00246 0.26486 0.00148 ( 1)
 469 -   0.72881 0.00502 0.26356 0.00261 ( 1)
 470 -   0.73233 0.00112 0.26575 0.00079 ( 1)
 471 -   0.72901 0.00482 0.26364 0.00253 ( 1)
 472 R   0.73285 0.00031 0.26656 0.00027 ( 1)
 473 Y   0.73152 0.00006 0.26833 0.00010 ( 1)
 474 R   0.73181 0.00011 0.26792 0.00016 ( 1)
 475 I   0.73196 0.00044 0.26717 0.00043 ( 1)
 476 L   0.72864 0.00479 0.26382 0.00274 ( 1)
 477 N   0.73167 0.00014 0.26797 0.00022 ( 1)
 478 P   0.72963 0.00000 0.27036 0.00001 ( 1)
 479 A   0.73185 0.00026 0.26756 0.00034 ( 1)
 480 A   0.73190 0.00034 0.26735 0.00041 ( 1)
 481 I   0.73192 0.00036 0.26729 0.00043 ( 1)
 482 P   0.72990 0.00001 0.27007 0.00002 ( 1)
 483 E   0.73187 0.00071 0.26672 0.00070 ( 1)
 484 G   0.73142 0.00008 0.26836 0.00014 ( 1)
 485 Q   0.73192 0.00031 0.26739 0.00038 ( 1)
 486 F   0.73190 0.00035 0.26734 0.00042 ( 1)
 487 I   0.73190 0.00067 0.26675 0.00068 ( 1)
 488 D   0.73124 0.00006 0.26859 0.00011 ( 1)
 489 S   0.72870 0.00000 0.27129 0.00000 ( 1)
 490 R   0.72927 0.00000 0.27072 0.00001 ( 1)
 491 K   0.73189 0.00028 0.26746 0.00036 ( 1)
 492 G   0.73078 0.00002 0.26914 0.00006 ( 1)
 493 S   0.00000 0.55670 0.00000 0.44330 ( 2)
 494 E   0.73187 0.00071 0.26672 0.00070 ( 1)
 495 K   0.73184 0.00080 0.26659 0.00077 ( 1)
