Supplemental results for CODEML (seqf: /home/leticiamagpali/phd/evol_models/codeml/big_dataset/cml_align/HSP90AA1_codon_aligned.phy  treef: /home/leticiamagpali/phd/evol_models/codeml/big_dataset/cml_trees/gene_trees/H2_gene_trees/HSP90AA1_tree_H2.tre)

I	J	ij	2Ns_IJ	pMut_IJ	pSub_IJ	2Ns_JI	pMut_JI	pSub_JI

TTC	TTT	CT	0.02037	0.05234	0.05287	-0.02037	0.05342	0.05287
TTA	TTT	AT	1.03021	0.00674	0.01080	-1.03021	0.01890	0.01080
TTA	TTC	AC	1.00984	0.00543	0.00863	-1.00984	0.01491	0.00863
TTG	TTT	GT	-0.59972	0.02859	0.02087	0.59972	0.01569	0.02087
TTG	TTC	GC	-0.62009	0.02302	0.01661	0.62009	0.01238	0.01661
TTG	TTA	GA	-1.62993	0.09439	0.03749	1.62993	0.01850	0.03749
TCT	TTT	CT	-0.70479	0.10808	0.07443	0.70479	0.05342	0.07443
TCC	TTC	CT	0.11517	0.03756	0.03976	-0.11517	0.04214	0.03976
TCC	TCT	CT	0.84033	0.03756	0.05552	-0.84033	0.08702	0.05552
TCA	TTA	CT	-0.12647	0.02098	0.01968	0.12647	0.01849	0.01968
TCA	TCT	AT	1.60853	0.00616	0.01239	-1.60853	0.03078	0.01239
TCA	TCC	AC	0.76820	0.00496	0.00711	-0.76820	0.01070	0.00711
TCG	TTG	CT	1.81937	0.01271	0.02759	-1.81937	0.07837	0.02759
TCG	TCT	GT	1.92444	0.00373	0.00841	-1.92444	0.02557	0.00841
TCG	TCC	GC	1.08411	0.00300	0.00492	-1.08411	0.00888	0.00492
TCG	TCA	GA	0.31591	0.01232	0.01437	-0.31591	0.01690	0.01437
TAT	TTT	AT	-0.13570	0.02164	0.02021	0.13570	0.01890	0.02021
TAT	TCT	AC	0.56909	0.01742	0.02285	-0.56909	0.03078	0.02285
TAC	TTC	AT	-0.38044	0.02181	0.01792	0.38044	0.01491	0.01792
TAC	TCC	AC	-0.49561	0.01756	0.01357	0.49561	0.01070	0.01357
TAC	TAT	CT	-0.22437	0.07425	0.06623	0.22437	0.05933	0.06623
TGT	TTT	GT	1.77078	0.00267	0.00570	-1.77078	0.01569	0.00570
TGT	TCT	GC	2.47556	0.00215	0.00581	-2.47556	0.02557	0.00581
TGT	TAT	GA	1.90648	0.00882	0.01975	-1.90648	0.05935	0.01975
TGC	TTC	GT	0.17360	0.01041	0.01134	-0.17360	0.01238	0.01134
TGC	TCC	GC	0.05843	0.00838	0.00863	-0.05843	0.00888	0.00863
TGC	TAC	GA	0.55404	0.03437	0.04476	-0.55404	0.05980	0.04476
TGC	TGT	CT	-1.57680	0.03544	0.01455	1.57680	0.00732	0.01455
TGG	TTG	GT	1.00165	0.00846	0.01339	-1.00165	0.02302	0.01339
TGG	TCG	GC	-0.81772	0.00681	0.00440	0.81772	0.00301	0.00440
TGG	TGT	GT	-1.36885	0.00846	0.00395	1.36885	0.00215	0.00395
TGG	TGC	GC	0.20796	0.00681	0.00754	-0.20796	0.00838	0.00754
CTT	TTT	CT	-0.17491	0.06363	0.05822	0.17491	0.05342	0.05822
CTC	TTC	CT	-0.19819	0.05138	0.04645	0.19819	0.04214	0.04645
CTC	CTT	CT	-0.00291	0.05138	0.05130	0.00291	0.05123	0.05130
CTA	TTA	CT	0.73630	0.00885	0.01251	-0.73630	0.01849	0.01251
CTA	CTT	AT	1.94142	0.00260	0.00589	-1.94142	0.01812	0.00589
CTA	CTC	AC	1.94433	0.00209	0.00475	-1.94433	0.01463	0.00475
CTG	TTG	CT	-0.43667	0.12128	0.09672	0.43667	0.07837	0.09672
CTG	CTT	GT	-0.86149	0.03562	0.02245	0.86149	0.01505	0.02245
CTG	CTC	GC	-0.85857	0.02868	0.01811	0.85857	0.01215	0.01811
CTG	CTA	GA	-2.80291	0.11761	0.02128	2.80291	0.00713	0.02128
CCT	TCT	CT	0.62182	0.04673	0.06275	-0.62182	0.08702	0.06275
CCT	CTT	CT	0.09194	0.04673	0.04891	-0.09194	0.05123	0.04891
CCC	TCC	CT	0.12030	0.02681	0.02846	-0.12030	0.03024	0.02846
CCC	CTC	CT	0.43367	0.02681	0.03304	-0.43367	0.04137	0.03304
CCC	CCT	CT	0.33881	0.02681	0.03161	-0.33881	0.03762	0.03161
CCA	TCA	CT	0.32283	0.01223	0.01431	-0.32283	0.01689	0.01431
CCA	CTA	CT	-0.53994	0.01223	0.00923	0.53994	0.00713	0.00923
CCA	CCT	AT	1.30954	0.00359	0.00644	-1.30954	0.01331	0.00644
CCA	CCC	AC	0.97072	0.00289	0.00452	-0.97072	0.00764	0.00452
CCG	TCG	CT	-0.71221	0.02085	0.01430	0.71221	0.01023	0.01430
CCG	CTG	CT	1.54384	0.02085	0.04094	-1.54384	0.09765	0.04094
CCG	CCT	GT	0.59041	0.00612	0.00811	-0.59041	0.01105	0.00811
CCG	CCC	GC	0.25160	0.00493	0.00558	-0.25160	0.00634	0.00558
CCG	CCA	GA	-0.71913	0.02022	0.01382	0.71913	0.00985	0.01382
CAT	TAT	CT	0.15279	0.05092	0.05491	-0.15279	0.05933	0.05491
CAT	CTT	AT	0.19199	0.01496	0.01644	-0.19199	0.01812	0.01644
CAT	CCT	AC	0.10005	0.01204	0.01265	-0.10005	0.01331	0.01265
CAC	TAC	CT	0.69153	0.02994	0.04148	-0.69153	0.05979	0.04148
CAC	CTC	AT	0.50928	0.00879	0.01122	-0.50928	0.01463	0.01122
CAC	CCC	AC	0.07561	0.00708	0.00735	-0.07561	0.00764	0.00735
CAC	CAT	CT	0.31437	0.02994	0.03489	-0.31437	0.04100	0.03489
CAA	CTA	AT	-1.61885	0.01273	0.00509	1.61885	0.00252	0.00509
CAA	CCA	AC	-1.07891	0.01025	0.00570	1.07891	0.00348	0.00570
CAA	CAT	AT	0.13058	0.01273	0.01358	-0.13058	0.01450	0.01358
CAA	CAC	AC	-0.18380	0.01025	0.00934	0.18380	0.00853	0.00934
CAG	CTG	AT	0.30386	0.02549	0.02956	-0.30386	0.03454	0.02956
CAG	CCG	AC	-1.23998	0.02052	0.01036	1.23998	0.00594	0.01036
CAG	CAT	GT	-0.74962	0.02549	0.01712	0.74962	0.01205	0.01712
CAG	CAC	GC	-1.06399	0.02052	0.01151	1.06399	0.00708	0.01151
CAG	CAA	GA	-0.88019	0.08417	0.05249	0.88019	0.03491	0.05249
CGT	TGT	CT	-1.42398	0.03041	0.01373	1.42398	0.00732	0.01373
CGT	CTT	GT	0.52170	0.00893	0.01146	-0.52170	0.01505	0.01146
CGT	CCT	GC	0.42976	0.00719	0.00885	-0.42976	0.01105	0.00885
CGT	CAT	GA	0.32971	0.02949	0.03462	-0.32971	0.04101	0.03462
CGC	TGC	CT	1.62966	0.00559	0.01133	-1.62966	0.02853	0.01133
CGC	CTC	GT	2.00145	0.00164	0.00380	-2.00145	0.01215	0.00380
CGC	CCC	GC	1.56778	0.00132	0.00262	-1.56778	0.00634	0.00262
CGC	CAC	GA	1.49217	0.00542	0.01044	-1.49217	0.02412	0.01044
CGC	CGT	CT	1.47683	0.00559	0.01070	-1.47683	0.02449	0.01070
CGA	CTA	GT	-0.70594	0.00424	0.00292	0.70594	0.00209	0.00292
CGA	CCA	GC	-0.16600	0.00342	0.00314	0.16600	0.00289	0.00314
CGA	CAA	GA	0.91291	0.01401	0.02136	-0.91291	0.03491	0.02136
CGA	CGT	AT	0.71378	0.00424	0.00594	-0.71378	0.00866	0.00594
CGA	CGC	AC	-0.76306	0.00342	0.00228	0.76306	0.00159	0.00228
CGG	TGG	CT	0.18123	0.01934	0.02114	-0.18123	0.02318	0.02114
CGG	CTG	GT	1.61955	0.00568	0.01147	-1.61955	0.02869	0.01147
CGG	CCG	GC	0.07572	0.00457	0.00475	-0.07572	0.00493	0.00475
CGG	CAG	GA	1.31569	0.01875	0.03372	-1.31569	0.06991	0.03372
CGG	CGT	GT	0.23637	0.00568	0.00638	-0.23637	0.00719	0.00638
CGG	CGC	GC	-1.24047	0.00457	0.00231	1.24047	0.00132	0.00231
CGG	CGA	GA	-0.47741	0.01875	0.01463	0.47741	0.01164	0.01463
ATT	TTT	AT	-0.71889	0.03878	0.02649	0.71889	0.01890	0.02649
ATT	CTT	AC	-0.54398	0.03122	0.02349	0.54398	0.01812	0.02349
ATC	TTC	AT	-0.93434	0.03795	0.02294	0.93434	0.01491	0.02294
ATC	CTC	AC	-0.73615	0.03055	0.02067	0.73615	0.01463	0.02067
ATC	ATT	CT	-0.19508	0.12920	0.11701	0.19508	0.10630	0.11701
ATA	TTA	AT	-0.22341	0.00818	0.00730	0.22341	0.00654	0.00730
ATA	CTA	AC	-0.95971	0.00658	0.00392	0.95971	0.00252	0.00392
ATA	ATT	AT	1.52570	0.00818	0.01594	-1.52570	0.03760	0.01594
ATA	ATC	AC	1.72077	0.00658	0.01380	-1.72077	0.03680	0.01380
ATG	TTG	AT	-0.08150	0.03008	0.02887	0.08150	0.02772	0.02887
ATG	CTG	AC	0.35517	0.02422	0.02877	-0.35517	0.03454	0.02877
ATG	ATT	GT	0.03767	0.03008	0.03065	-0.03767	0.03123	0.03065
ATG	ATC	GC	0.23275	0.02422	0.02714	-0.23275	0.03056	0.02714
ATG	ATA	GA	-1.48803	0.09931	0.04310	1.48803	0.02243	0.04310
ACT	TCT	AT	0.89372	0.01259	0.01905	-0.89372	0.03078	0.01905
ACT	CCT	AC	0.27190	0.01014	0.01158	-0.27190	0.01331	0.01158
ACT	ATT	CT	0.90783	0.04288	0.06525	-0.90783	0.10630	0.06525
ACC	TCC	AT	-0.85682	0.02520	0.01593	0.85682	0.01070	0.01593
ACC	CCC	AC	-0.97713	0.02029	0.01197	0.97713	0.00764	0.01197
ACC	ATC	CT	0.19269	0.08580	0.09433	-0.19269	0.10403	0.09433
ACC	ACT	CT	-0.91022	0.08580	0.05259	0.91022	0.03453	0.05259
ACA	TCA	AT	-1.44654	0.02539	0.01131	1.44654	0.00598	0.01131
ACA	CCA	AC	-1.76937	0.02044	0.00743	1.76937	0.00348	0.00743
ACA	ATA	CT	-1.34960	0.08645	0.04085	1.34960	0.02242	0.04085
ACA	ACT	AT	-0.73173	0.02539	0.01722	0.73173	0.01221	0.01722
ACA	ACC	AC	0.17849	0.02044	0.02232	-0.17849	0.02444	0.02232
ACG	TCG	AT	-0.70944	0.00736	0.00505	0.70944	0.00362	0.00505
ACG	CCG	AC	0.00277	0.00592	0.00593	-0.00277	0.00594	0.00593
ACG	ATG	CT	1.19143	0.02505	0.04286	-1.19143	0.08245	0.04286
ACG	ACT	GT	0.32128	0.00736	0.00860	-0.32128	0.01014	0.00860
ACG	ACC	GC	1.23149	0.00592	0.01030	-1.23149	0.02029	0.01030
ACG	ACA	GA	1.05301	0.02429	0.03928	-1.05301	0.06962	0.03928
AAT	TAT	AT	0.59866	0.01153	0.01533	-0.59866	0.02099	0.01533
AAT	CAT	AC	0.44587	0.00929	0.01151	-0.44587	0.01450	0.01151
AAT	ATT	AT	1.18185	0.01153	0.01966	-1.18185	0.03760	0.01966
AAT	ACT	AC	0.27402	0.00929	0.01062	-0.27402	0.01221	0.01062
AAC	TAC	AT	-0.63557	0.03993	0.02858	0.63557	0.02115	0.02858
AAC	CAC	AC	-1.32709	0.03215	0.01540	1.32709	0.00853	0.01540
AAC	ATC	AT	-0.08167	0.03993	0.03832	0.08167	0.03680	0.03832
AAC	ACC	AC	-0.27436	0.03215	0.02794	0.27436	0.02444	0.02794
AAC	AAT	CT	-1.45859	0.13596	0.06010	1.45859	0.03162	0.06010
AAA	CAA	AC	-1.27659	0.04424	0.02185	1.27659	0.01234	0.02185
AAA	ATA	AT	-1.93573	0.05495	0.01794	1.93573	0.00793	0.01794
AAA	ACA	AC	-0.58613	0.04424	0.03254	0.58613	0.02462	0.03254
AAA	AAT	AT	-1.59188	0.05495	0.02236	1.59188	0.01118	0.02236
AAA	AAC	AC	-0.13329	0.04424	0.04136	0.13329	0.03872	0.04136
AAG	CAG	AC	-1.18233	0.08064	0.04215	1.18233	0.02472	0.04215
AAG	ATG	AT	-1.23364	0.10015	0.05077	1.23364	0.02917	0.05077
AAG	ACG	AC	-2.42507	0.08064	0.01898	2.42507	0.00713	0.01898
AAG	AAT	GT	-2.37782	0.10015	0.02435	2.37782	0.00929	0.02435
AAG	AAC	GC	-0.91922	0.08064	0.04917	0.91922	0.03216	0.04917
AAG	AAA	GA	-0.78594	0.33070	0.21759	0.78594	0.15070	0.21759
AGT	TGT	AT	-1.21470	0.00873	0.00447	1.21470	0.00259	0.00447
AGT	CGT	AC	0.20928	0.00703	0.00779	-0.20928	0.00866	0.00779
AGT	ATT	GT	1.27496	0.00873	0.01544	-1.27496	0.03123	0.01544
AGT	ACT	GC	0.36714	0.00703	0.00840	-0.36714	0.01014	0.00840
AGT	AAT	GA	0.09312	0.02882	0.03018	-0.09312	0.03163	0.03018
AGC	TGC	AT	0.16542	0.00855	0.00928	-0.16542	0.01009	0.00928
AGC	CGC	AC	-1.46424	0.00689	0.00303	1.46424	0.00159	0.00303
AGC	ATC	GT	1.27336	0.00855	0.01513	-1.27336	0.03056	0.01513
AGC	ACC	GC	1.08067	0.00689	0.01127	-1.08067	0.02029	0.01127
AGC	AAC	GA	1.35503	0.02825	0.05158	-1.35503	0.10950	0.05158
AGC	AGT	CT	-0.19668	0.02913	0.02636	0.19668	0.02393	0.02636
AGA	CGA	AC	-0.83143	0.00945	0.00606	0.83143	0.00411	0.00606
AGA	ATA	GT	-0.57766	0.01174	0.00867	0.57766	0.00659	0.00867
AGA	ACA	GC	0.77194	0.00945	0.01356	-0.77194	0.02045	0.01356
AGA	AAA	GA	1.35807	0.03875	0.07085	-1.35807	0.15070	0.07085
AGA	AGT	AT	-0.32693	0.01174	0.00992	0.32693	0.00846	0.00992
AGA	AGC	AC	-0.13025	0.00945	0.00885	0.13025	0.00830	0.00885
AGG	TGG	AT	-0.73736	0.01714	0.01159	0.73736	0.00820	0.01159
AGG	CGG	AC	-0.91860	0.01380	0.00842	0.91860	0.00551	0.00842
AGG	ATG	GT	0.34578	0.01714	0.02028	-0.34578	0.02422	0.02028
AGG	ACG	GC	-0.84565	0.01380	0.00878	0.84565	0.00592	0.00878
AGG	AAG	GA	1.57942	0.05660	0.11261	-1.57942	0.27465	0.11261
AGG	AGT	GT	-0.89151	0.01714	0.01062	0.89151	0.00703	0.01062
AGG	AGC	GC	-0.69483	0.01380	0.00956	0.69483	0.00689	0.00956
AGG	AGA	GA	-0.56458	0.05660	0.04212	0.56458	0.03218	0.04212
GTT	TTT	GT	0.10216	0.01417	0.01490	-0.10216	0.01569	0.01490
GTT	CTT	GC	0.27707	0.01141	0.01306	-0.27707	0.01505	0.01306
GTT	ATT	GA	0.82105	0.04679	0.06859	-0.82105	0.10634	0.06859
GTC	TTC	GT	-0.31338	0.01694	0.01442	0.31338	0.01238	0.01442
GTC	CTC	GC	-0.11519	0.01364	0.01287	0.11519	0.01215	0.01287
GTC	ATC	GA	0.62095	0.05593	0.07507	-0.62095	0.10406	0.07507
GTC	GTT	CT	-0.39518	0.05767	0.04702	0.39518	0.03884	0.04702
GTA	TTA	GT	0.90847	0.00219	0.00333	-0.90847	0.00543	0.00333
GTA	CTA	GC	0.17217	0.00176	0.00192	-0.17217	0.00209	0.00192
GTA	ATA	GA	1.13188	0.00723	0.01208	-1.13188	0.02243	0.01208
GTA	GTT	AT	1.83652	0.00219	0.00478	-1.83652	0.01374	0.00478
GTA	GTC	AC	2.23170	0.00176	0.00441	-2.23170	0.01642	0.00441
GTG	TTG	GT	-0.33748	0.03227	0.02713	0.33748	0.02302	0.02713
GTG	CTG	GC	0.09919	0.02598	0.02729	-0.09919	0.02869	0.02729
GTG	ATG	GA	-0.25599	0.10654	0.09349	0.25599	0.08248	0.09349
GTG	GTT	GT	-1.03937	0.03227	0.01835	1.03937	0.01141	0.01835
GTG	GTC	GC	-0.64419	0.02598	0.01850	0.64419	0.01364	0.01850
GTG	GTA	GA	-2.87589	0.10654	0.01830	2.87589	0.00601	0.01830
GCT	TCT	GT	0.24108	0.02009	0.02261	-0.24108	0.02557	0.02261
GCT	CCT	GC	-0.38075	0.01618	0.01329	0.38075	0.01105	0.01329
GCT	ACT	GA	-0.65265	0.06634	0.04703	0.65265	0.03454	0.04703
GCT	GTT	CT	-0.56587	0.06840	0.05086	0.56587	0.03884	0.05086
GCC	TCC	GT	-0.49339	0.01455	0.01125	0.49339	0.00888	0.01125
GCC	CCC	GC	-0.61369	0.01172	0.00849	0.61369	0.00634	0.00849
GCC	ACC	GA	0.36344	0.04805	0.05730	-0.36344	0.06910	0.05730
GCC	GTC	CT	-0.06483	0.04954	0.04795	0.06483	0.04643	0.04795
GCC	GCT	CT	0.10587	0.04954	0.05221	-0.10587	0.05508	0.05221
GCA	TCA	GT	-1.15629	0.01577	0.00837	1.15629	0.00496	0.00837
GCA	CCA	GC	-1.47912	0.01270	0.00554	1.47912	0.00289	0.00554
GCA	ACA	GA	0.29025	0.05208	0.06001	-0.29025	0.06962	0.06001
GCA	GTA	CT	-2.19123	0.05371	0.01481	2.19123	0.00600	0.01481
GCA	GCT	AT	0.21116	0.01577	0.01750	-0.21116	0.01948	0.01750
GCA	GCC	AC	0.10530	0.01270	0.01338	-0.10530	0.01411	0.01338
GCG	TCG	GT	-1.00514	0.00821	0.00476	1.00514	0.00301	0.00476
GCG	CCG	GC	-0.29293	0.00661	0.00569	0.29293	0.00493	0.00569
GCG	ACG	GA	-0.29570	0.02712	0.02330	0.29570	0.02017	0.02330
GCG	GTG	CT	1.15171	0.02796	0.04709	-1.15171	0.08846	0.04709
GCG	GCT	GT	0.67822	0.00821	0.01131	-0.67822	0.01618	0.01131
GCG	GCC	GC	0.57235	0.00661	0.00868	-0.57235	0.01172	0.00868
GCG	GCA	GA	0.46706	0.02712	0.03394	-0.46706	0.04326	0.03394
GAT	TAT	GT	-0.90583	0.04312	0.02650	0.90583	0.01743	0.02650
GAT	CAT	GC	-1.05862	0.03472	0.01953	1.05862	0.01205	0.01953
GAT	AAT	GA	-1.50449	0.14239	0.06117	1.50449	0.03163	0.06117
GAT	GTT	AT	-1.14369	0.04312	0.02306	1.14369	0.01374	0.02306
GAT	GCT	AC	-0.57782	0.03472	0.02565	0.57782	0.01948	0.02565
GAC	TAC	GT	-0.89238	0.04287	0.02655	0.89238	0.01756	0.02655
GAC	CAC	GC	-1.58390	0.03452	0.01411	1.58390	0.00708	0.01411
GAC	AAC	GA	-0.25681	0.14157	0.12417	0.25681	0.10950	0.12417
GAC	GTC	AT	-0.95943	0.04287	0.02555	0.95943	0.01642	0.02555
GAC	GCC	AC	-0.89460	0.03452	0.02135	0.89460	0.01411	0.02135
GAC	GAT	CT	-0.21091	0.14598	0.13112	0.21091	0.11822	0.13112
GAA	CAA	GC	-1.82882	0.06383	0.02234	1.82882	0.01025	0.02234
GAA	AAA	GA	-0.55223	0.26178	0.19612	0.55223	0.15070	0.19612
GAA	GTA	AT	-3.61984	0.07928	0.00790	3.61984	0.00212	0.00790
GAA	GCA	AC	-1.42861	0.06383	0.02874	1.42861	0.01530	0.02874
GAA	GAT	AT	-0.63963	0.07928	0.05661	0.63963	0.04182	0.05661
GAA	GAC	AC	-0.42871	0.06383	0.05112	0.42871	0.04158	0.05112
GAG	CAG	GC	-1.15483	0.06515	0.03462	1.15483	0.02053	0.03462
GAG	AAG	GA	0.02750	0.26720	0.27089	-0.02750	0.27465	0.27089
GAG	GTG	AT	-0.95016	0.08092	0.04848	0.95016	0.03129	0.04848
GAG	GCG	AC	-2.10187	0.06515	0.01907	2.10187	0.00796	0.01907
GAG	GAT	GT	-0.84583	0.08092	0.05147	0.84583	0.03473	0.05147
GAG	GAC	GC	-0.63492	0.06515	0.04664	0.63492	0.03453	0.04664
GAG	GAA	GA	-0.20621	0.26720	0.24060	0.20621	0.21741	0.24060
GGT	TGT	GT	-2.11489	0.01783	0.00517	2.11489	0.00215	0.00517
GGT	CGT	GC	-0.69091	0.01436	0.00996	0.69091	0.00719	0.00996
GGT	AGT	GA	-0.90019	0.05888	0.03630	0.90019	0.02393	0.03630
GGT	GTT	GT	-0.44628	0.01783	0.01415	0.44628	0.01141	0.01415
GGT	GCT	GC	0.11959	0.01436	0.01523	-0.11959	0.01618	0.01523
GGT	GAT	GA	0.69741	0.05888	0.08177	-0.69741	0.11826	0.08177
GGC	TGC	GT	-0.67052	0.01639	0.01150	0.67052	0.00838	0.01150
GGC	CGC	GC	-2.30018	0.01320	0.00338	2.30018	0.00132	0.00338
GGC	AGC	GA	-0.83594	0.05412	0.03461	0.83594	0.02346	0.03461
GGC	GTC	GT	-0.18354	0.01639	0.01493	0.18354	0.01364	0.01493
GGC	GCC	GC	-0.11871	0.01320	0.01243	0.11871	0.01172	0.01243
GGC	GAC	GA	0.77589	0.05412	0.07780	-0.77589	0.11757	0.07780
GGC	GGT	CT	-0.13244	0.05580	0.05219	0.13244	0.04888	0.05219
GGA	CGA	GC	-1.13782	0.01066	0.00572	1.13782	0.00342	0.00572
GGA	AGA	GA	-0.30640	0.04372	0.03737	0.30640	0.03218	0.03737
GGA	GTA	GT	-2.01594	0.01324	0.00410	2.01594	0.00176	0.00410
GGA	GCA	GC	0.17529	0.01066	0.01162	-0.17529	0.01270	0.01162
GGA	GAA	GA	1.60390	0.04372	0.08778	-1.60390	0.21741	0.08778
GGA	GGT	AT	0.26686	0.01324	0.01509	-0.26686	0.01729	0.01509
GGA	GGC	AC	0.39930	0.01066	0.01293	-0.39930	0.01589	0.01293
GGG	TGG	GT	-0.55866	0.01191	0.00889	0.55866	0.00681	0.00889
GGG	CGG	GC	-0.73990	0.00959	0.00647	0.73990	0.00457	0.00647
GGG	AGG	GA	0.17870	0.03932	0.04294	-0.17870	0.04701	0.04294
GGG	GTG	GT	0.78047	0.01191	0.01715	-0.78047	0.02599	0.01715
GGG	GCG	GC	-0.37125	0.00959	0.00792	0.37125	0.00661	0.00792
GGG	GAG	GA	1.73063	0.03932	0.08270	-1.73063	0.22192	0.08270
GGG	GGT	GT	0.18738	0.01191	0.01306	-0.18738	0.01436	0.01306
GGG	GGC	GC	0.31982	0.00959	0.01120	-0.31982	0.01320	0.01120
GGG	GGA	GA	-0.07948	0.03932	0.03778	0.07948	0.03631	0.03778


Histograms
2Ns	FMut	FSub(CodonUsage)	FSubw(after w)

-3.44747	0.00461	0.00053
-3.10272	0.00000	0.00000
-2.75797	0.01302	0.00264
-2.41323	0.01275	0.00350
-2.06848	0.02040	0.00721
-1.72373	0.07373	0.03311
-1.37899	0.08315	0.04392
-1.03424	0.08960	0.05967
-0.68949	0.15938	0.12715
-0.34475	0.14831	0.14761
0.00000	0.13014	0.14930
0.34475	0.11235	0.14761
0.68949	0.08021	0.12715
1.03424	0.03285	0.05967
1.37899	0.02067	0.04392
1.72373	0.01411	0.03311
2.06848	0.00270	0.00721
2.41323	0.00116	0.00350
2.75797	0.00076	0.00264
3.10272	0.00000	0.00000
3.44747	0.00012	0.00053

Proportion of advantageous (S > 0) mutations:
 0.32747

Proportions of good & bad mutations (|S| > 2.0000) among mutations:
0.00328  0.04075

mean |Ns| = 0.79753	mean Ns+ = 0.56720	mean Ns- = -0.90968


MLEs of dN/dS (w) for site classes (K=4)

site class             0        1       2a       2b
proportion       0.69852  0.01059  0.28654  0.00435
background w     0.01898  1.62392  0.01898  1.62392
foreground w     0.01898  1.62392  0.05519  0.05519

Naive Empirical Bayes (NEB) probabilities for 4 classes
(amino acids refer to 1st sequence: Oorc)

   1 A   0.00003 0.59930 0.00001 0.40065 ( 2)
   2 L   0.01160 0.65156 0.00474 0.33210 ( 2)
   3 D   0.71130 0.00022 0.28832 0.00015 ( 1)
   4 K   0.70961 0.00095 0.28891 0.00053 ( 1)
   5 I   0.71087 0.00030 0.28864 0.00019 ( 1)
   6 R   0.71248 0.00004 0.28744 0.00004 ( 1)
   7 Y   0.71063 0.00043 0.28868 0.00027 ( 1)
   8 E   0.71096 0.00049 0.28822 0.00033 ( 1)
   9 S   0.71503 0.00000 0.28496 0.00001 ( 1)
  10 L   0.70938 0.00126 0.28864 0.00073 ( 1)
  11 T   0.71086 0.00049 0.28833 0.00032 ( 1)
  12 D   0.71163 0.00027 0.28791 0.00020 ( 1)
  13 P   0.71318 0.00005 0.28672 0.00005 ( 1)
  14 S   0.71409 0.00001 0.28588 0.00002 ( 1)
  15 K   0.71129 0.00036 0.28811 0.00025 ( 1)
  16 L   0.71202 0.00019 0.28764 0.00015 ( 1)
  17 D   0.71166 0.00025 0.28791 0.00018 ( 1)
  18 S   0.71106 0.00032 0.28841 0.00021 ( 1)
  19 G   0.71403 0.00002 0.28594 0.00002 ( 1)
  20 K   0.71129 0.00036 0.28811 0.00025 ( 1)
  21 E   0.71101 0.00045 0.28824 0.00030 ( 1)
  22 L   0.70856 0.00177 0.28872 0.00096 ( 1)
  23 H   0.71335 0.00003 0.28658 0.00003 ( 1)
  24 I   0.71076 0.00055 0.28834 0.00036 ( 1)
  25 N   0.71234 0.00009 0.28749 0.00007 ( 1)
  26 L   0.71187 0.00021 0.28777 0.00016 ( 1)
  27 I   0.71101 0.00033 0.28844 0.00022 ( 1)
  28 P   0.71382 0.00002 0.28613 0.00002 ( 1)
  29 N   0.71229 0.00013 0.28747 0.00011 ( 1)
  30 K   0.71023 0.00078 0.28850 0.00048 ( 1)
  31 Q   0.69100 0.01697 0.27968 0.01235 ( 1)
  32 D   0.71164 0.00026 0.28791 0.00019 ( 1)
  33 R   0.71388 0.00005 0.28602 0.00005 ( 1)
  34 T   0.71413 0.00002 0.28583 0.00002 ( 1)
  35 L   0.71190 0.00021 0.28774 0.00016 ( 1)
  36 T   0.71361 0.00004 0.28631 0.00004 ( 1)
  37 I   0.71080 0.00051 0.28836 0.00033 ( 1)
  38 V   0.71167 0.00025 0.28789 0.00018 ( 1)
  39 D   0.71211 0.00016 0.28760 0.00013 ( 1)
  40 T   0.71198 0.00017 0.28772 0.00013 ( 1)
  41 G   0.71402 0.00002 0.28594 0.00002 ( 1)
  42 I   0.71076 0.00055 0.28834 0.00036 ( 1)
  43 G   0.71297 0.00005 0.28693 0.00005 ( 1)
  44 M   0.71337 0.00004 0.28656 0.00004 ( 1)
  45 T   0.71196 0.00019 0.28771 0.00015 ( 1)
  46 K   0.71024 0.00077 0.28850 0.00048 ( 1)
  47 A   0.71289 0.00007 0.28698 0.00006 ( 1)
  48 D   0.71164 0.00026 0.28791 0.00019 ( 1)
  49 L   0.70945 0.00119 0.28867 0.00069 ( 1)
  50 I   0.71146 0.00032 0.28798 0.00023 ( 1)
  51 N   0.71234 0.00009 0.28749 0.00007 ( 1)
  52 N   0.71478 0.00000 0.28521 0.00001 ( 1)
  53 L   0.71211 0.00020 0.28752 0.00016 ( 1)
  54 G   0.71216 0.00015 0.28757 0.00012 ( 1)
  55 T   0.71196 0.00019 0.28771 0.00015 ( 1)
  56 I   0.71088 0.00045 0.28839 0.00029 ( 1)
  57 A   0.71289 0.00007 0.28698 0.00006 ( 1)
  58 K   0.71023 0.00078 0.28850 0.00048 ( 1)
  59 S   0.71085 0.00049 0.28833 0.00033 ( 1)
  60 G   0.71403 0.00002 0.28594 0.00002 ( 1)
  61 T   0.71200 0.00019 0.28766 0.00015 ( 1)
  62 K   0.71030 0.00073 0.28853 0.00045 ( 1)
  63 A   0.71352 0.00002 0.28643 0.00002 ( 1)
  64 F   0.71315 0.00005 0.28675 0.00005 ( 1)
  65 M   0.71337 0.00004 0.28656 0.00004 ( 1)
  66 E   0.71101 0.00045 0.28824 0.00030 ( 1)
  67 A   0.71196 0.00019 0.28771 0.00014 ( 1)
  68 L   0.70969 0.00097 0.28877 0.00056 ( 1)
  69 Q   0.71113 0.00040 0.28820 0.00027 ( 1)
  70 A   0.71196 0.00019 0.28771 0.00014 ( 1)
  71 G   0.71188 0.00016 0.28784 0.00012 ( 1)
  72 A   0.71150 0.00023 0.28811 0.00016 ( 1)
  73 D   0.71140 0.00027 0.28814 0.00019 ( 1)
  74 I   0.71060 0.00053 0.28854 0.00033 ( 1)
  75 S   0.05432 0.56488 0.02205 0.35875 ( 2)
  76 M   0.71301 0.00004 0.28691 0.00004 ( 1)
  77 I   0.71052 0.00059 0.28851 0.00037 ( 1)
  78 G   0.71200 0.00015 0.28774 0.00011 ( 1)
  79 Q   0.71089 0.00043 0.28839 0.00029 ( 1)
  80 F   0.71291 0.00005 0.28700 0.00004 ( 1)
  81 G   0.71187 0.00017 0.28783 0.00013 ( 1)
  82 V   0.71277 0.00006 0.28712 0.00006 ( 1)
  83 G   0.71360 0.00003 0.28634 0.00003 ( 1)
  84 F   0.71290 0.00006 0.28699 0.00005 ( 1)
  85 Y   0.71102 0.00041 0.28829 0.00028 ( 1)
  86 S   0.71397 0.00002 0.28599 0.00002 ( 1)
  87 A   0.71255 0.00008 0.28729 0.00007 ( 1)
  88 Y   0.71037 0.00047 0.28888 0.00028 ( 1)
  89 L   0.70864 0.00150 0.28908 0.00078 ( 1)
  90 V   0.71067 0.00035 0.28876 0.00021 ( 1)
  91 A   0.71162 0.00012 0.28819 0.00008 ( 1)
  92 E   0.71001 0.00068 0.28891 0.00039 ( 1)
  93 K   0.71017 0.00064 0.28881 0.00038 ( 1)
  94 V   0.71059 0.00042 0.28873 0.00026 ( 1)
  95 T   0.71083 0.00034 0.28862 0.00021 ( 1)
  96 V   0.71216 0.00008 0.28769 0.00007 ( 1)
  97 I   0.66498 0.04037 0.27031 0.02435 ( 1)
  98 T   0.71082 0.00035 0.28862 0.00022 ( 1)
  99 K   0.65184 0.05220 0.26509 0.03087 ( 1)
 100 H   0.71192 0.00009 0.28792 0.00007 ( 1)
 101 N   0.71109 0.00026 0.28848 0.00017 ( 1)
 102 D   0.71062 0.00038 0.28876 0.00023 ( 1)
 103 D   0.71056 0.00044 0.28874 0.00027 ( 1)
 104 E   0.70967 0.00095 0.28884 0.00054 ( 1)
 105 Q   0.71003 0.00070 0.28886 0.00041 ( 1)
 106 Y   0.71021 0.00061 0.28881 0.00036 ( 1)
 107 A   0.71156 0.00016 0.28816 0.00011 ( 1)
 108 W   0.71066 0.00042 0.28866 0.00026 ( 1)
 109 E   0.70988 0.00079 0.28886 0.00046 ( 1)
 110 S   0.70970 0.00090 0.28889 0.00051 ( 1)
 111 S   0.71115 0.00042 0.28814 0.00029 ( 1)
 112 A   0.71055 0.00047 0.28868 0.00029 ( 1)
 113 G   0.71161 0.00015 0.28813 0.00011 ( 1)
 114 G   0.71165 0.00013 0.28812 0.00010 ( 1)
 115 S   0.67163 0.03354 0.27234 0.02250 ( 1)
 116 F   0.71176 0.00013 0.28802 0.00010 ( 1)
 117 T   0.71007 0.00056 0.28905 0.00032 ( 1)
 118 V   0.71072 0.00031 0.28878 0.00019 ( 1)
 119 R   0.71206 0.00009 0.28779 0.00007 ( 1)
 120 T   0.71209 0.00011 0.28772 0.00008 ( 1)
 121 D   0.71045 0.00053 0.28869 0.00032 ( 1)
 122 T   0.63234 0.07033 0.25740 0.03992 ( 1)
 123 G   0.71079 0.00076 0.28792 0.00053 ( 1)
 124 E   0.70855 0.00221 0.28788 0.00136 ( 1)
 125 P   0.71274 0.00026 0.28675 0.00024 ( 1)
 126 M   0.69362 0.01395 0.27876 0.01368 ( 1)
 127 G   0.71171 0.00046 0.28748 0.00036 ( 1)
 128 R   0.71198 0.00037 0.28734 0.00031 ( 1)
 129 G   0.71264 0.00023 0.28693 0.00021 ( 1)
 130 T   0.71008 0.00111 0.28809 0.00072 ( 1)
 131 K   0.71063 0.00086 0.28792 0.00059 ( 1)
 132 V   0.71345 0.00012 0.28631 0.00012 ( 1)
 133 I   0.70997 0.00117 0.28809 0.00076 ( 1)
 134 L   0.70739 0.00281 0.28828 0.00152 ( 1)
 135 H   0.71313 0.00016 0.28655 0.00016 ( 1)
 136 L   0.71172 0.00045 0.28747 0.00036 ( 1)
 137 K   0.71060 0.00088 0.28791 0.00061 ( 1)
 138 E   0.70934 0.00152 0.28820 0.00093 ( 1)
 139 D   0.71164 0.00047 0.28751 0.00037 ( 1)
 140 Q   0.71077 0.00075 0.28796 0.00052 ( 1)
 141 T   0.71320 0.00013 0.28654 0.00013 ( 1)
 142 E   0.71029 0.00101 0.28802 0.00068 ( 1)
 143 Y   0.71101 0.00070 0.28779 0.00050 ( 1)
 144 L   0.71067 0.00083 0.28792 0.00058 ( 1)
 145 E   0.71029 0.00101 0.28802 0.00068 ( 1)
 146 E   0.70939 0.00152 0.28816 0.00093 ( 1)
 147 R   0.71368 0.00011 0.28610 0.00012 ( 1)
 148 R   0.71333 0.00013 0.28641 0.00013 ( 1)
 149 I   0.71471 0.00004 0.28521 0.00005 ( 1)
 150 K   0.71056 0.00090 0.28792 0.00062 ( 1)
 151 E   0.71029 0.00101 0.28802 0.00068 ( 1)
 152 I   0.71001 0.00115 0.28809 0.00075 ( 1)
 153 V   0.71110 0.00066 0.28776 0.00048 ( 1)
 154 K   0.70934 0.00152 0.28820 0.00094 ( 1)
 155 K   0.70934 0.00152 0.28820 0.00094 ( 1)
 156 H   0.71373 0.00009 0.28608 0.00010 ( 1)
 157 S   0.71095 0.00069 0.28787 0.00049 ( 1)
 158 Q   0.71043 0.00094 0.28799 0.00064 ( 1)
 159 F   0.71298 0.00017 0.28667 0.00017 ( 1)
 160 I   0.71012 0.00109 0.28808 0.00071 ( 1)
 161 G   0.71186 0.00041 0.28740 0.00033 ( 1)
 162 Y   0.71075 0.00082 0.28784 0.00058 ( 1)
 163 P   0.71290 0.00019 0.28674 0.00018 ( 1)
 164 I   0.71089 0.00075 0.28783 0.00053 ( 1)
 165 T   0.71338 0.00012 0.28636 0.00013 ( 1)
 166 L   0.71149 0.00050 0.28763 0.00038 ( 1)
 167 F   0.71290 0.00024 0.28664 0.00023 ( 1)
 168 V   0.71119 0.00063 0.28770 0.00047 ( 1)
 169 E   0.71037 0.00098 0.28798 0.00066 ( 1)
 170 K   0.70942 0.00148 0.28817 0.00092 ( 1)
 171 E   0.70943 0.00148 0.28817 0.00092 ( 1)
 172 R   0.71208 0.00036 0.28727 0.00030 ( 1)
 173 D   0.71116 0.00065 0.28772 0.00048 ( 1)
 174 K   0.71072 0.00083 0.28788 0.00058 ( 1)
 175 E   0.70943 0.00148 0.28817 0.00092 ( 1)
 176 V   0.71280 0.00021 0.28681 0.00019 ( 1)
 177 S   0.71399 0.00007 0.28585 0.00009 ( 1)
 178 D   0.71123 0.00059 0.28774 0.00044 ( 1)
 179 D   0.71123 0.00062 0.28769 0.00046 ( 1)
 180 E   0.71037 0.00098 0.28798 0.00066 ( 1)
 181 A   0.71126 0.00061 0.28768 0.00045 ( 1)
 182 E   0.70943 0.00148 0.28817 0.00092 ( 1)
 183 E   0.70944 0.00147 0.28818 0.00091 ( 1)
 184 K   0.70942 0.00148 0.28817 0.00092 ( 1)
 185 E   0.70943 0.00148 0.28817 0.00092 ( 1)
 186 D   0.71174 0.00045 0.28745 0.00036 ( 1)
 187 K   0.71072 0.00083 0.28788 0.00058 ( 1)
 188 E   0.70943 0.00148 0.28817 0.00092 ( 1)
 189 E   0.70943 0.00148 0.28817 0.00092 ( 1)
 190 E   0.58759 0.10719 0.23868 0.06653 ( 1)
 191 K   0.70943 0.00148 0.28817 0.00092 ( 1)
 192 E   0.70943 0.00148 0.28817 0.00092 ( 1)
 193 K   0.43940 0.04240 0.51714 0.00106 ( 3)
 194 E   0.70943 0.00148 0.28817 0.00092 ( 1)
 195 E   0.60516 0.09195 0.24582 0.05707 ( 1)
 196 K   0.70942 0.00148 0.28817 0.00092 ( 1)
 197 E   0.71037 0.00098 0.28798 0.00066 ( 1)
 198 S   0.71025 0.00107 0.28795 0.00072 ( 1)
 199 E   0.71037 0.00098 0.28798 0.00066 ( 1)
 200 D   0.71174 0.00045 0.28745 0.00036 ( 1)
 201 K   0.71063 0.00084 0.28794 0.00058 ( 1)
 202 P   0.71293 0.00019 0.28670 0.00018 ( 1)
 203 E   0.71037 0.00098 0.28798 0.00066 ( 1)
 204 I   0.71485 0.00003 0.28507 0.00005 ( 1)
 205 E   0.70948 0.00148 0.28813 0.00092 ( 1)
 206 D   0.71148 0.00054 0.28757 0.00041 ( 1)
 207 V   0.71349 0.00011 0.28628 0.00012 ( 1)
 208 G   0.71215 0.00038 0.28716 0.00032 ( 1)
 209 S   0.71035 0.00106 0.28787 0.00072 ( 1)
 210 D   0.64415 0.05424 0.26041 0.04120 ( 1)
 211 E   0.42237 0.07740 0.49852 0.00170 ( 3)
 212 E   0.71030 0.00104 0.28795 0.00070 ( 1)
 213 E   0.70953 0.00140 0.28820 0.00087 ( 1)
 214 E   0.70943 0.00148 0.28817 0.00092 ( 1)
 215 E   0.70943 0.00148 0.28817 0.00092 ( 1)
 216 K   0.70942 0.00148 0.28817 0.00092 ( 1)
 217 K   0.70942 0.00148 0.28817 0.00092 ( 1)
 218 D   0.44313 0.03466 0.52133 0.00088 ( 3)
 219 G   0.71180 0.00044 0.28741 0.00035 ( 1)
 220 D   0.71174 0.00045 0.28745 0.00036 ( 1)
 221 K   0.70886 0.00164 0.28856 0.00093 ( 1)
 222 K   0.70953 0.00144 0.28813 0.00090 ( 1)
 223 K   0.43262 0.05599 0.51013 0.00127 ( 3)
 224 K   0.42713 0.06772 0.50358 0.00157 ( 3)
 225 K   0.42753 0.06655 0.50443 0.00149 ( 3)
 226 K   0.70943 0.00148 0.28817 0.00092 ( 1)
 227 I   0.71097 0.00073 0.28778 0.00052 ( 1)
 228 K   0.70942 0.00148 0.28817 0.00092 ( 1)
 229 E   0.71037 0.00098 0.28798 0.00066 ( 1)
 230 K   0.71062 0.00090 0.28784 0.00063 ( 1)
 231 Y   0.71110 0.00067 0.28774 0.00049 ( 1)
 232 I   0.71014 0.00107 0.28809 0.00070 ( 1)
 233 D   0.71125 0.00060 0.28770 0.00045 ( 1)
 234 Q   0.71087 0.00080 0.28776 0.00057 ( 1)
 235 E   0.70943 0.00152 0.28810 0.00095 ( 1)
 236 E   0.60357 0.09326 0.24512 0.05805 ( 1)
 237 L   0.70784 0.00242 0.28842 0.00132 ( 1)
 238 N   0.71196 0.00039 0.28734 0.00032 ( 1)
 239 K   0.71056 0.00094 0.28783 0.00066 ( 1)
 240 T   0.71053 0.00076 0.28820 0.00050 ( 1)
 241 K   0.70937 0.00153 0.28815 0.00095 ( 1)
 242 P   0.71362 0.00016 0.28605 0.00017 ( 1)
 243 I   0.71002 0.00117 0.28804 0.00077 ( 1)
 244 W   0.71135 0.00059 0.28761 0.00045 ( 1)
 245 T   0.71151 0.00054 0.28753 0.00042 ( 1)
 246 R   0.71342 0.00013 0.28630 0.00014 ( 1)
 247 N   0.71469 0.00005 0.28520 0.00006 ( 1)
 248 P   0.71293 0.00019 0.28670 0.00018 ( 1)
 249 D   0.71120 0.00065 0.28767 0.00048 ( 1)
 250 D   0.71171 0.00048 0.28744 0.00038 ( 1)
 251 I   0.71001 0.00118 0.28804 0.00077 ( 1)
 252 S   0.71411 0.00007 0.28574 0.00008 ( 1)
 253 N   0.71496 0.00008 0.28485 0.00011 ( 1)
 254 E   0.70950 0.00142 0.28820 0.00088 ( 1)
 255 E   0.71032 0.00103 0.28796 0.00069 ( 1)
 256 Y   0.71091 0.00075 0.28781 0.00054 ( 1)
 257 G   0.71271 0.00024 0.28683 0.00022 ( 1)
 258 E   0.71031 0.00103 0.28796 0.00070 ( 1)
 259 F   0.71304 0.00013 0.28671 0.00012 ( 1)
 260 Y   0.71105 0.00071 0.28772 0.00052 ( 1)
 261 K   0.70935 0.00155 0.28814 0.00096 ( 1)
 262 S   0.71498 0.00003 0.28494 0.00005 ( 1)
 263 L   0.70833 0.00219 0.28821 0.00127 ( 1)
 264 T   0.71150 0.00055 0.28753 0.00042 ( 1)
 265 N   0.71256 0.00017 0.28712 0.00015 ( 1)
 266 D   0.71170 0.00048 0.28743 0.00039 ( 1)
 267 W   0.71134 0.00060 0.28761 0.00045 ( 1)
 268 E   0.70945 0.00146 0.28818 0.00091 ( 1)
 269 D   0.71115 0.00069 0.28766 0.00051 ( 1)
 270 H   0.71384 0.00009 0.28596 0.00011 ( 1)
 271 L   0.70823 0.00228 0.28817 0.00132 ( 1)
 272 A   0.71143 0.00047 0.28774 0.00035 ( 1)
 273 V   0.71110 0.00071 0.28766 0.00052 ( 1)
 274 K   0.70886 0.00178 0.28831 0.00105 ( 1)
 275 H   0.12889 0.47727 0.05218 0.34166 ( 2)
 276 F   0.61949 0.07612 0.25088 0.05351 ( 1)
 277 S   0.71001 0.00092 0.28851 0.00056 ( 1)
 278 V   0.71167 0.00028 0.28784 0.00021 ( 1)
 279 E   0.70797 0.00222 0.28863 0.00118 ( 1)
 280 G   0.71100 0.00048 0.28818 0.00033 ( 1)
 281 Q   0.70901 0.00150 0.28863 0.00085 ( 1)
 282 L   0.70696 0.00299 0.28852 0.00152 ( 1)
 283 E   0.70797 0.00222 0.28863 0.00118 ( 1)
 284 F   0.71119 0.00042 0.28809 0.00030 ( 1)
 285 R   0.71157 0.00031 0.28790 0.00023 ( 1)
 286 A   0.71007 0.00093 0.28841 0.00058 ( 1)
 287 L   0.71020 0.00083 0.28845 0.00052 ( 1)
 288 L   0.71021 0.00083 0.28845 0.00052 ( 1)
 289 F   0.71160 0.00013 0.28817 0.00009 ( 1)
 290 V   0.71143 0.00017 0.28829 0.00011 ( 1)
 291 P   0.71181 0.00010 0.28802 0.00007 ( 1)
 292 R   0.71183 0.00009 0.28800 0.00007 ( 1)
 293 R   0.71096 0.00027 0.28860 0.00017 ( 1)
 294 A   0.71056 0.00043 0.28874 0.00026 ( 1)
 295 P   0.71155 0.00014 0.28821 0.00010 ( 1)
 296 F   0.71160 0.00013 0.28817 0.00009 ( 1)
 297 D   0.71069 0.00038 0.28869 0.00024 ( 1)
 298 L   0.70727 0.00257 0.28891 0.00126 ( 1)
 299 F   0.71153 0.00015 0.28822 0.00010 ( 1)
 300 E   0.70892 0.00135 0.28902 0.00072 ( 1)
 301 N   0.71084 0.00033 0.28863 0.00021 ( 1)
 302 R   0.71183 0.00010 0.28800 0.00007 ( 1)
 303 K   0.70892 0.00135 0.28902 0.00072 ( 1)
 304 K   0.70976 0.00089 0.28884 0.00051 ( 1)
 305 K   0.70892 0.00135 0.28902 0.00072 ( 1)
 306 N   0.71084 0.00033 0.28863 0.00021 ( 1)
 307 N   0.71084 0.00033 0.28863 0.00021 ( 1)
 308 I   0.70943 0.00102 0.28899 0.00056 ( 1)
 309 K   0.70892 0.00135 0.28902 0.00072 ( 1)
 310 L   0.70806 0.00197 0.28897 0.00100 ( 1)
 311 Y   0.70998 0.00070 0.28892 0.00040 ( 1)
 312 V   0.71191 0.00009 0.28794 0.00006 ( 1)
 313 R   0.71379 0.00001 0.28619 0.00001 ( 1)
 314 R   0.71183 0.00009 0.28800 0.00007 ( 1)
 315 V   0.71191 0.00008 0.28794 0.00006 ( 1)
 316 F   0.71152 0.00015 0.28823 0.00010 ( 1)
 317 I   0.71014 0.00063 0.28887 0.00037 ( 1)
 318 M   0.71168 0.00012 0.28811 0.00009 ( 1)
 319 D   0.71057 0.00049 0.28864 0.00030 ( 1)
 320 N   0.71084 0.00033 0.28863 0.00021 ( 1)
 321 C   0.71133 0.00002 0.28864 0.00001 ( 1)
 322 E   0.70966 0.00089 0.28896 0.00050 ( 1)
 323 E   0.70968 0.00087 0.28896 0.00049 ( 1)
 324 L   0.70912 0.00082 0.28966 0.00040 ( 1)
 325 I   0.71014 0.00063 0.28887 0.00037 ( 1)
 326 P   0.71150 0.00015 0.28824 0.00010 ( 1)
 327 D   0.70915 0.00086 0.28957 0.00043 ( 1)
 328 L   0.70930 0.00076 0.28956 0.00038 ( 1)
 329 P   0.71023 0.00022 0.28944 0.00012 ( 1)
 330 L   0.70782 0.00205 0.28913 0.00100 ( 1)
 331 N   0.67281 0.03477 0.27451 0.01791 ( 1)
 332 I   0.70858 0.00123 0.28960 0.00059 ( 1)
 333 S   0.70985 0.00030 0.28970 0.00015 ( 1)
 334 R   0.70986 0.00036 0.28959 0.00019 ( 1)
 335 E   0.70885 0.00101 0.28964 0.00049 ( 1)
 336 M   0.69537 0.01378 0.28328 0.00757 ( 1)
 337 L   0.55834 0.14610 0.22842 0.06713 ( 1)
 338 Q   0.70928 0.00071 0.28966 0.00035 ( 1)
 339 Q   0.70928 0.00071 0.28966 0.00035 ( 1)
 340 S   0.71104 0.00003 0.28891 0.00002 ( 1)
 341 K   0.70908 0.00085 0.28965 0.00042 ( 1)
 342 I   0.70864 0.00117 0.28963 0.00056 ( 1)
 343 L   0.70744 0.00212 0.28948 0.00096 ( 1)
 344 K   0.70908 0.00085 0.28965 0.00042 ( 1)
 345 V   0.69971 0.00985 0.28490 0.00554 ( 1)
 346 I   0.70872 0.00110 0.28966 0.00053 ( 1)
 347 R   0.71045 0.00013 0.28935 0.00007 ( 1)
 348 K   0.70819 0.00153 0.28956 0.00072 ( 1)
 349 N   0.71107 0.00003 0.28889 0.00002 ( 1)
 350 L   0.70751 0.00208 0.28945 0.00096 ( 1)
 351 V   0.71021 0.00021 0.28947 0.00011 ( 1)
 352 K   0.70908 0.00085 0.28965 0.00042 ( 1)
 353 K   0.70896 0.00096 0.28961 0.00047 ( 1)
 354 C   0.70994 0.00032 0.28956 0.00017 ( 1)
 355 L   0.70894 0.00098 0.28959 0.00048 ( 1)
 356 E   0.70819 0.00153 0.28956 0.00072 ( 1)
 357 L   0.70951 0.00057 0.28964 0.00028 ( 1)
 358 F   0.71027 0.00019 0.28944 0.00010 ( 1)
 359 T   0.71049 0.00012 0.28932 0.00007 ( 1)
 360 E   0.70819 0.00153 0.28956 0.00072 ( 1)
 361 L   0.70670 0.00280 0.28925 0.00126 ( 1)
 362 A   0.70945 0.00059 0.28967 0.00030 ( 1)
 363 E   0.70819 0.00153 0.28956 0.00072 ( 1)
 364 D   0.70938 0.00064 0.28966 0.00032 ( 1)
 365 K   0.70896 0.00096 0.28961 0.00047 ( 1)
 366 E   0.70885 0.00102 0.28964 0.00049 ( 1)
 367 N   0.70979 0.00040 0.28960 0.00021 ( 1)
 368 Y   0.70931 0.00069 0.28965 0.00034 ( 1)
 369 K   0.70819 0.00153 0.28956 0.00072 ( 1)
 370 K   0.70819 0.00153 0.28956 0.00072 ( 1)
 371 F   0.71032 0.00017 0.28941 0.00010 ( 1)
 372 Y   0.70910 0.00083 0.28966 0.00041 ( 1)
 373 E   0.70885 0.00101 0.28964 0.00049 ( 1)
 374 Q   0.70898 0.00091 0.28966 0.00044 ( 1)
 375 F   0.71027 0.00019 0.28944 0.00010 ( 1)
 376 S   0.70870 0.00113 0.28963 0.00054 ( 1)
 377 K   0.70905 0.00088 0.28964 0.00043 ( 1)
 378 N   0.70993 0.00027 0.28966 0.00014 ( 1)
 379 L   0.71133 0.00033 0.28810 0.00023 ( 1)
 380 G   0.71211 0.00013 0.28766 0.00010 ( 1)
 381 I   0.71374 0.00002 0.28621 0.00002 ( 1)
 382 H   0.71241 0.00011 0.28739 0.00009 ( 1)
 383 E   0.70931 0.00128 0.28868 0.00073 ( 1)
 384 D   0.71079 0.00052 0.28835 0.00034 ( 1)
 385 S   0.71023 0.00068 0.28868 0.00041 ( 1)
 386 Q   0.71070 0.00055 0.28840 0.00036 ( 1)
 387 N   0.71391 0.00002 0.28606 0.00002 ( 1)
 388 R   0.71090 0.00038 0.28847 0.00025 ( 1)
 389 K   0.70931 0.00128 0.28868 0.00073 ( 1)
 390 K   0.71032 0.00077 0.28843 0.00048 ( 1)
 391 L   0.71130 0.00033 0.28813 0.00023 ( 1)
 392 S   0.71136 0.00020 0.28830 0.00014 ( 1)
 393 E   0.71013 0.00082 0.28855 0.00050 ( 1)
 394 L   0.70756 0.00248 0.28869 0.00128 ( 1)
 395 L   0.70849 0.00180 0.28874 0.00097 ( 1)
 396 R   0.71260 0.00009 0.28724 0.00007 ( 1)
 397 Y   0.71073 0.00054 0.28837 0.00035 ( 1)
 398 Y   0.71073 0.00055 0.28836 0.00036 ( 1)
 399 T   0.71267 0.00008 0.28718 0.00007 ( 1)
 400 S   0.70993 0.00092 0.28859 0.00055 ( 1)
 401 A   0.71112 0.00040 0.28821 0.00027 ( 1)
 402 S   0.70993 0.00092 0.28859 0.00055 ( 1)
 403 G   0.71131 0.00034 0.28812 0.00024 ( 1)
 404 D   0.71079 0.00052 0.28835 0.00034 ( 1)
 405 E   0.71013 0.00082 0.28855 0.00050 ( 1)
 406 M   0.71244 0.00011 0.28736 0.00009 ( 1)
 407 V   0.71272 0.00008 0.28712 0.00007 ( 1)
 408 S   0.71155 0.00048 0.28760 0.00037 ( 1)
 409 L   0.71102 0.00043 0.28825 0.00029 ( 1)
 410 K   0.70931 0.00128 0.28868 0.00073 ( 1)
 411 D   0.71127 0.00035 0.28813 0.00025 ( 1)
 412 Y   0.71067 0.00061 0.28833 0.00040 ( 1)
 413 C   0.71169 0.00023 0.28791 0.00017 ( 1)
 414 T   0.71001 0.00085 0.28862 0.00051 ( 1)
 415 R   0.71262 0.00008 0.28722 0.00007 ( 1)
 416 M   0.71244 0.00011 0.28736 0.00009 ( 1)
 417 K   0.70931 0.00128 0.28868 0.00073 ( 1)
 418 E   0.70942 0.00122 0.28866 0.00070 ( 1)
 419 N   0.71144 0.00030 0.28804 0.00021 ( 1)
 420 Q   0.71031 0.00073 0.28850 0.00046 ( 1)
 421 K   0.71042 0.00068 0.28848 0.00043 ( 1)
 422 H   0.71295 0.00006 0.28694 0.00005 ( 1)
 423 I   0.71064 0.00058 0.28840 0.00038 ( 1)
 424 Y   0.71046 0.00065 0.28847 0.00041 ( 1)
 425 Y   0.71074 0.00054 0.28836 0.00035 ( 1)
 426 I   0.71062 0.00060 0.28839 0.00039 ( 1)
 427 T   0.00002 0.99922 0.00005 0.00071 ( 2)
 428 G   0.00000 0.99906 0.00000 0.00094 ( 2)
 429 E   0.71089 0.00055 0.28819 0.00037 ( 1)
 430 T   0.71359 0.00005 0.28630 0.00006 ( 1)
 431 K   0.71007 0.00092 0.28844 0.00057 ( 1)
 432 D   0.71205 0.00021 0.28757 0.00017 ( 1)
 433 Q   0.71103 0.00048 0.28815 0.00033 ( 1)
 434 V   0.71623 0.00000 0.28377 0.00000 ( 1)
 435 A   0.71193 0.00021 0.28769 0.00016 ( 1)
 436 N   0.71223 0.00017 0.28745 0.00014 ( 1)
 437 S   0.71110 0.00036 0.28830 0.00024 ( 1)
 438 A   0.71286 0.00009 0.28697 0.00008 ( 1)
 439 F   0.71324 0.00006 0.28664 0.00006 ( 1)
 440 V   0.71159 0.00031 0.28786 0.00023 ( 1)
 441 E   0.71029 0.00081 0.28839 0.00051 ( 1)
 442 R   0.71235 0.00015 0.28737 0.00013 ( 1)
 443 L   0.71202 0.00027 0.28750 0.00022 ( 1)
 444 R   0.71391 0.00003 0.28604 0.00003 ( 1)
 445 K   0.71007 0.00092 0.28844 0.00057 ( 1)
 446 H   0.71334 0.00005 0.28656 0.00005 ( 1)
 447 G   0.71224 0.00017 0.28745 0.00014 ( 1)
 448 L   0.70958 0.00107 0.28872 0.00062 ( 1)
 449 E   0.71016 0.00084 0.28847 0.00052 ( 1)
 450 V   0.71161 0.00030 0.28787 0.00022 ( 1)
 451 I   0.67647 0.02886 0.27382 0.02085 ( 1)
 452 Y   0.67953 0.02626 0.27496 0.01925 ( 1)
 453 M   0.71335 0.00005 0.28655 0.00005 ( 1)
 454 I   0.71142 0.00036 0.28796 0.00026 ( 1)
 455 E   0.71092 0.00052 0.28820 0.00035 ( 1)
 456 P   0.71311 0.00006 0.28677 0.00006 ( 1)
 457 I   0.71070 0.00060 0.28831 0.00039 ( 1)
 458 D   0.71159 0.00030 0.28789 0.00022 ( 1)
 459 E   0.71090 0.00053 0.28822 0.00035 ( 1)
 460 Y   0.71126 0.00039 0.28808 0.00027 ( 1)
 461 C   0.71685 0.00000 0.28314 0.00000 ( 1)
 462 V   0.71161 0.00030 0.28787 0.00022 ( 1)
 463 Q   0.71145 0.00035 0.28796 0.00025 ( 1)
 464 Q   0.71105 0.00046 0.28817 0.00032 ( 1)
 465 L   0.70838 0.00192 0.28865 0.00105 ( 1)
 466 K   0.71011 0.00089 0.28845 0.00055 ( 1)
 467 E   0.71092 0.00052 0.28820 0.00035 ( 1)
 468 F   0.70515 0.00578 0.28339 0.00568 ( 1)
 469 E   0.71092 0.00052 0.28820 0.00035 ( 1)
 470 G   0.71402 0.00002 0.28594 0.00002 ( 1)
 471 K   0.71011 0.00089 0.28845 0.00055 ( 1)
 472 T   0.71191 0.00023 0.28769 0.00018 ( 1)
 473 L   0.71115 0.00048 0.28803 0.00034 ( 1)
 474 V   0.71161 0.00030 0.28787 0.00022 ( 1)
 475 S   0.71203 0.00020 0.28761 0.00016 ( 1)
 476 V   0.71301 0.00007 0.28685 0.00007 ( 1)
 477 T   0.71191 0.00023 0.28769 0.00018 ( 1)
 478 K   0.71121 0.00042 0.28808 0.00029 ( 1)
 479 E   0.71092 0.00052 0.28820 0.00035 ( 1)
 480 G   0.71225 0.00016 0.28745 0.00013 ( 1)
 481 L   0.70838 0.00192 0.28865 0.00105 ( 1)
 482 E   0.71021 0.00084 0.28843 0.00052 ( 1)
 483 L   0.71214 0.00018 0.28753 0.00015 ( 1)
 484 P   0.71353 0.00004 0.28639 0.00004 ( 1)
 485 E   0.71086 0.00058 0.28818 0.00039 ( 1)
 486 D   0.71205 0.00021 0.28757 0.00017 ( 1)
 487 E   0.71016 0.00085 0.28847 0.00053 ( 1)
 488 E   0.71012 0.00088 0.28845 0.00055 ( 1)
 489 E   0.71092 0.00052 0.28820 0.00035 ( 1)
 490 K   0.71121 0.00042 0.28808 0.00029 ( 1)
 491 K   0.71011 0.00089 0.28845 0.00055 ( 1)
 492 K   0.71111 0.00050 0.28804 0.00035 ( 1)
 493 Q   0.71106 0.00045 0.28817 0.00031 ( 1)
 494 E   0.71015 0.00088 0.28842 0.00055 ( 1)
 495 E   0.71018 0.00084 0.28846 0.00052 ( 1)
