Supplemental results for CODEML (seqf: /home/leticiamagpali/phd/evol_models/codeml/small_dataset/cml_align/MYL1_codon_aligned.phy  treef: /home/leticiamagpali/phd/evol_models/codeml/small_dataset/cml_trees/gene_trees/H2_gene_trees/MYL1_codon_H2.tre)

I	J	ij	2Ns_IJ	pMut_IJ	pSub_IJ	2Ns_JI	pMut_JI	pSub_JI

TTC	TTT	CT	1.15969	0.06484	0.10954	-1.15969	0.20676	0.10954
TTA	TTT	AT	2.62554	0.01923	0.05443	-2.62554	0.26562	0.05443
TTA	TTC	AC	1.46586	0.02375	0.04526	-1.46586	0.10285	0.04526
TTG	TTT	GT	2.37519	0.00444	0.01162	-2.37519	0.04772	0.01162
TTG	TTC	GC	1.21550	0.00548	0.00947	-1.21550	0.01848	0.00947
TTG	TTA	GA	-0.25036	0.02040	0.01795	0.25036	0.01588	0.01795
TCT	TTT	CT	1.15969	0.06484	0.10954	-1.15969	0.20676	0.10954
TCC	TTC	CT	0.08347	0.07365	0.07677	-0.08347	0.08006	0.07677
TCC	TCT	CT	0.08347	0.07365	0.07677	-0.08347	0.08006	0.07677
TCA	TTA	CT	1.27179	0.01133	0.02002	-1.27179	0.04042	0.02002
TCA	TCT	AT	2.73765	0.00666	0.01949	-2.73765	0.10285	0.01949
TCA	TCC	AC	2.65417	0.00822	0.02347	-2.65417	0.11683	0.02347
TCG	TTG	CT	7.88547	0.00000	0.00000	-7.88547	0.00933	0.00003
TCG	TCT	GT	9.10097	0.00000	0.00000	-9.10097	0.01848	0.00002
TCG	TCC	GC	9.01749	0.00000	0.00000	-9.01749	0.02099	0.00002
TCG	TCA	GA	6.36332	0.00000	0.00000	-6.36332	0.00550	0.00006
TAT	TTT	AT	2.34268	0.02552	0.06613	-2.34268	0.26562	0.06613
TAT	TCT	AC	1.18299	0.03151	0.05374	-1.18299	0.10285	0.05374
TAC	TTC	AT	5.62802	0.00037	0.00209	-5.62802	0.10285	0.00209
TAC	TCC	AC	5.54455	0.00046	0.00254	-5.54455	0.11683	0.00254
TAC	TAT	CT	4.44503	0.00063	0.00283	-4.44503	0.05363	0.00283
TGT	TTT	GT	10.04974	0.00000	0.00000	-10.04974	0.04772	0.00002
TGT	TCT	GC	8.89005	0.00000	0.00000	-8.89005	0.01848	0.00002
TGT	TAT	GA	7.70706	0.00000	0.00000	-7.70706	0.02107	0.00007
TGC	TTC	GT	1.20328	0.00555	0.00954	-1.20328	0.01848	0.00954
TGC	TCC	GC	1.11980	0.00685	0.01139	-1.11980	0.02099	0.01139
TGC	TAC	GA	-4.42474	0.02549	0.00137	4.42474	0.00031	0.00137
TGC	TGT	CT	-7.68677	0.00944	0.00003	7.68677	0.00000	0.00000
TGG	TTG	GT	0.15207	0.00185	0.00199	-0.15207	0.00215	0.00199
TGG	TCG	GC	-7.73340	0.00228	0.00001	7.73340	0.00000	0.00000
TGG	TGT	GT	-7.52248	0.00185	0.00001	7.52248	0.00000	0.00000
TGG	TGC	GC	0.16429	0.00228	0.00248	-0.16429	0.00269	0.00248
CTT	TTT	CT	1.18925	0.06295	0.10763	-1.18925	0.20676	0.10763
CTC	TTC	CT	0.76811	0.03714	0.05321	-0.76811	0.08006	0.05321
CTC	CTT	CT	0.73855	0.03714	0.05253	-0.73855	0.07773	0.05253
CTA	TTA	CT	-0.26865	0.05288	0.04609	0.26865	0.04042	0.04609
CTA	CTT	AT	1.16764	0.03107	0.05265	-1.16764	0.09986	0.05265
CTA	CTC	AC	0.42909	0.03836	0.04718	-0.42909	0.05892	0.04718
CTG	TTG	CT	-2.29461	0.09253	0.02380	2.29461	0.00933	0.02380
CTG	CTT	GT	-1.10866	0.05437	0.02969	1.10866	0.01794	0.02969
CTG	CTC	GC	-1.84722	0.06713	0.02321	1.84722	0.01058	0.02321
CTG	CTA	GA	-2.27631	0.24985	0.06507	2.27631	0.02565	0.06507
CCT	TCT	CT	-0.43247	0.12338	0.09862	0.43247	0.08006	0.09862
CCT	CTT	CT	-0.46203	0.12338	0.09706	0.46203	0.07773	0.09706
CCC	TCC	CT	0.08274	0.08372	0.08723	-0.08274	0.09094	0.08723
CCC	CTC	CT	-0.60189	0.08372	0.06104	0.60189	0.04586	0.06104
CCC	CCT	CT	0.59868	0.08372	0.11127	-0.59868	0.15235	0.11127
CCA	TCA	CT	-1.62610	0.07113	0.02832	1.62610	0.01399	0.02832
CCA	CTA	CT	-0.08565	0.07113	0.06813	0.08565	0.06529	0.06813
CCA	CCT	AT	1.54402	0.04179	0.08204	-1.54402	0.19572	0.08204
CCA	CCC	AC	0.94533	0.05160	0.07978	-0.94533	0.13281	0.07978
CCG	TCG	CT	-8.19760	0.01574	0.00004	8.19760	0.00000	0.00000
CCG	CTG	CT	1.98248	0.01574	0.03618	-1.98248	0.11426	0.03618
CCG	CCT	GT	1.33584	0.00925	0.01676	-1.33584	0.03516	0.01676
CCG	CCC	GC	0.73715	0.01142	0.01614	-0.73715	0.02386	0.01614
CCG	CCA	GA	-0.20818	0.04249	0.03822	0.20818	0.03451	0.03822
CAT	TAT	CT	0.59488	0.02959	0.03925	-0.59488	0.05363	0.03925
CAT	CTT	AT	1.74831	0.01738	0.03679	-1.74831	0.09986	0.03679
CAT	CCT	AC	2.21034	0.02146	0.05329	-2.21034	0.19572	0.05329
CAC	TAC	CT	-3.96347	0.04092	0.00314	3.96347	0.00078	0.00314
CAC	CTC	AT	0.89644	0.02404	0.03640	-0.89644	0.05892	0.03640
CAC	CCC	AC	1.49833	0.02968	0.05728	-1.49833	0.13281	0.05728
CAC	CAT	CT	-0.11332	0.04092	0.03864	0.11332	0.03653	0.03864
CAA	CTA	AT	1.08030	0.02848	0.04658	-1.08030	0.08388	0.04658
CAA	CCA	AC	1.16595	0.03516	0.05956	-1.16595	0.11284	0.05956
CAA	CAT	AT	0.49963	0.02848	0.03618	-0.49963	0.04693	0.03618
CAA	CAC	AC	0.61295	0.03516	0.04703	-0.61295	0.06491	0.04703
CAG	CTG	AT	1.23013	0.04290	0.07457	-1.23013	0.14679	0.07457
CAG	CCG	AC	-0.75234	0.05297	0.03552	0.75234	0.02496	0.03552
CAG	CAT	GT	-1.62684	0.04290	0.01707	1.62684	0.00843	0.01707
CAG	CAC	GC	-1.51352	0.05297	0.02263	1.51352	0.01166	0.02263
CAG	CAA	GA	-2.12648	0.19716	0.05677	2.12648	0.02351	0.05677
CGT	TGT	CT	-9.00407	0.03525	0.00004	9.00407	0.00000	0.00000
CGT	CTT	GT	-0.14358	0.02071	0.01926	0.14358	0.01794	0.01926
CGT	CCT	GC	0.31844	0.02557	0.02986	-0.31844	0.03516	0.02986
CGT	CAT	GA	-1.89190	0.09518	0.03197	1.89190	0.01435	0.03197
CGC	TGC	CT	8.10861	0.00000	0.00000	-8.10861	0.01166	0.00003
CGC	CTC	GT	8.54378	0.00000	0.00000	-8.54378	0.01058	0.00002
CGC	CCC	GC	9.14567	0.00000	0.00000	-9.14567	0.02386	0.00002
CGC	CAC	GA	7.64734	0.00000	0.00000	-7.64734	0.01985	0.00007
CGC	CGT	CT	9.42591	0.00000	0.00000	-9.42591	0.04353	0.00003
CGA	CTA	GT	2.09798	0.00185	0.00442	-2.09798	0.01507	0.00442
CGA	CCA	GC	2.18363	0.00228	0.00562	-2.18363	0.02027	0.00562
CGA	CAA	GA	1.01767	0.00850	0.01354	-1.01767	0.02351	0.01354
CGA	CGT	AT	3.40920	0.00185	0.00652	-3.40920	0.05592	0.00652
CGA	CGC	AC	-6.01671	0.00228	0.00003	6.01671	0.00000	0.00000
CGG	TGG	CT	-1.54694	0.01825	0.00764	1.54694	0.00389	0.00764
CGG	CTG	GT	0.89973	0.01073	0.01626	-0.89973	0.02637	0.01626
CGG	CCG	GC	-1.08274	0.01324	0.00734	1.08274	0.00449	0.00734
CGG	CAG	GA	-0.33040	0.04929	0.04160	0.33040	0.03542	0.04160
CGG	CGT	GT	-0.06535	0.01073	0.01038	0.06535	0.01005	0.01038
CGG	CGC	GC	-9.49126	0.01324	0.00001	9.49126	0.00000	0.00000
CGG	CGA	GA	-3.47455	0.04929	0.00547	3.47455	0.00153	0.00547
ATT	TTT	AT	1.92283	0.03883	0.08745	-1.92283	0.26562	0.08745
ATT	CTT	AC	0.73358	0.04795	0.06767	-0.73358	0.09986	0.06767
ATC	TTC	AT	1.40851	0.02515	0.04689	-1.40851	0.10285	0.04689
ATC	CTC	AC	0.64040	0.03105	0.04205	-0.64040	0.05892	0.04205
ATC	ATT	CT	0.64537	0.04280	0.05809	-0.64537	0.08162	0.05809
ATA	TTA	AT	2.45963	0.00444	0.01194	-2.45963	0.05193	0.01194
ATA	CTA	AC	2.72828	0.00548	0.01600	-2.72828	0.08388	0.01600
ATA	ATT	AT	3.16234	0.00444	0.01465	-3.16234	0.10485	0.01465
ATA	ATC	AC	2.51697	0.00548	0.01500	-2.51697	0.06790	0.01500
ATG	TTG	AT	-1.65170	0.06250	0.02449	1.65170	0.01198	0.02449
ATG	CTG	AC	0.64291	0.07718	0.10463	-0.64291	0.14679	0.10463
ATG	ATT	GT	-1.19934	0.06250	0.03234	1.19934	0.01884	0.03234
ATG	ATC	GC	-1.84471	0.07718	0.02673	1.84471	0.01220	0.02673
ATG	ATA	GA	-4.36169	0.28724	0.01619	4.36169	0.00366	0.01619
ACT	TCT	AT	5.62802	0.00037	0.00209	-5.62802	0.10285	0.00209
ACT	CCT	AC	6.06049	0.00046	0.00277	-6.06049	0.19572	0.00277
ACT	ATT	CT	4.86488	0.00063	0.00309	-4.86488	0.08162	0.00309
ACC	TCC	AT	1.04593	0.04105	0.06620	-1.04593	0.11683	0.06620
ACC	CCC	AC	0.96319	0.05069	0.07896	-0.96319	0.13281	0.07896
ACC	ATC	CT	-0.27910	0.06987	0.06057	0.27910	0.05286	0.06057
ACC	ACT	CT	-4.49861	0.06987	0.00354	4.49861	0.00078	0.00354
ACA	TCA	AT	-0.68069	0.03550	0.02478	0.68069	0.01797	0.02478
ACA	CCA	AC	0.94541	0.04384	0.06778	-0.94541	0.11284	0.06778
ACA	ATA	CT	-1.86852	0.06043	0.02061	1.86852	0.00933	0.02061
ACA	ACT	AT	-3.57106	0.03550	0.00367	3.57106	0.00100	0.00367
ACA	ACC	AC	0.92755	0.04384	0.06727	-0.92755	0.11084	0.06727
ACG	TCG	AT	-5.58265	0.00148	0.00003	5.58265	0.00000	0.00000
ACG	CCG	AC	2.61495	0.00183	0.00515	-2.61495	0.02496	0.00515
ACG	ATG	CT	3.95452	0.00252	0.01015	-3.95452	0.13136	0.01015
ACG	ACT	GT	-2.10970	0.00148	0.00043	2.10970	0.00018	0.00043
ACG	ACC	GC	2.38891	0.00183	0.00480	-2.38891	0.01991	0.00480
ACG	ACA	GA	1.46136	0.00680	0.01294	-1.46136	0.02931	0.01294
AAT	TAT	AT	0.00165	0.06879	0.06885	-0.00165	0.06890	0.06885
AAT	CAT	AC	-0.59323	0.08494	0.06222	0.59323	0.04693	0.06222
AAT	ATT	AT	0.42150	0.06879	0.08430	-0.42150	0.10485	0.08430
AAT	ACT	AC	-4.44337	0.08494	0.00449	4.44337	0.00100	0.00449
AAC	TAC	AT	-4.16000	0.06398	0.00422	4.16000	0.00100	0.00422
AAC	CAC	AC	-0.19653	0.07900	0.07149	0.19653	0.06491	0.07149
AAC	ATC	AT	0.05951	0.06398	0.06590	-0.05951	0.06790	0.06590
AAC	ACC	AC	0.33861	0.07900	0.09313	-0.33861	0.11084	0.09313
AAC	AAT	CT	0.28337	0.10890	0.12506	-0.28337	0.14458	0.12506
AAA	CAA	AC	0.24338	0.06028	0.06791	-0.24338	0.07689	0.06791
AAA	ATA	AT	-1.40460	0.04882	0.02231	1.40460	0.01198	0.02231
AAA	ACA	AC	0.46392	0.06028	0.07534	-0.46392	0.09586	0.07534
AAA	AAT	AT	1.33624	0.04882	0.08849	-1.33624	0.18574	0.08849
AAA	AAC	AC	1.05286	0.06028	0.09748	-1.05286	0.17275	0.09748
AAG	CAG	AC	-0.23236	0.14613	0.12981	0.23236	0.11584	0.12981
AAG	ATG	AT	0.35487	0.11835	0.14058	-0.35487	0.16876	0.14058
AAG	ACG	AC	-3.59965	0.14613	0.01478	3.59965	0.00399	0.01478
AAG	AAT	GT	-1.26598	0.11835	0.05883	1.26598	0.03337	0.05883
AAG	AAC	GC	-1.54935	0.14613	0.06105	1.54935	0.03104	0.06105
AAG	AAA	GA	-2.60221	0.54389	0.11328	2.60221	0.04031	0.11328
AGT	TGT	AT	0.99329	0.00000	0.00000	-0.99329	0.00000	0.00000
AGT	CGT	AC	9.99737	0.00000	0.00000	-9.99737	0.05592	0.00003
AGT	ATT	GT	9.12020	0.00000	0.00000	-9.12020	0.01884	0.00002
AGT	ACT	GC	4.25532	0.00000	0.00000	-4.25532	0.00018	0.00001
AGT	AAT	GA	8.69870	0.00000	0.00000	-8.69870	0.05680	0.00008
AGC	TGC	AT	-0.35910	0.02145	0.01783	0.35910	0.01498	0.01783
AGC	CGC	AC	-8.46771	0.02649	0.00005	8.46771	0.00000	0.00000
AGC	ATC	GT	-0.56434	0.02145	0.01596	0.56434	0.01220	0.01596
AGC	ACC	GC	-0.28523	0.02649	0.02289	0.28523	0.01991	0.02289
AGC	AAC	GA	-0.62384	0.09858	0.07101	0.62384	0.05283	0.07101
AGC	AGT	CT	-9.03917	0.03651	0.00004	9.03917	0.00000	0.00000
AGA	CGA	AC	-1.19171	0.01644	0.00855	1.19171	0.00499	0.00855
AGA	ATA	GT	-1.82201	0.01331	0.00468	1.82201	0.00215	0.00468
AGA	ACA	GC	0.04651	0.01644	0.01683	-0.04651	0.01722	0.01683
AGA	AAA	GA	-0.41741	0.06119	0.04930	0.41741	0.04031	0.04930
AGA	AGT	AT	-7.77987	0.01331	0.00004	7.77987	0.00000	0.00000
AGA	AGC	AC	1.25930	0.01644	0.02891	-1.25930	0.05792	0.02891
AGG	TGG	AT	-1.68773	0.02700	0.01034	1.68773	0.00499	0.01034
AGG	CGG	AC	-0.14079	0.03334	0.03105	0.14079	0.02896	0.03105
AGG	ATG	GT	0.11604	0.02700	0.02859	-0.11604	0.03032	0.02859
AGG	ACG	GC	-3.83849	0.03334	0.00282	3.83849	0.00072	0.00282
AGG	AAG	GA	-0.23883	0.12408	0.10985	0.23883	0.09772	0.10985
AGG	AGT	GT	-10.20350	0.02700	0.00001	10.20350	0.00000	0.00000
AGG	AGC	GC	-1.16434	0.03334	0.01761	1.16434	0.01041	0.01761
AGG	AGA	GA	-2.42363	0.12408	0.02923	2.42363	0.01099	0.02923
GTT	TTT	GT	0.11516	0.04253	0.04503	-0.11516	0.04772	0.04503
GTT	CTT	GC	-1.07408	0.05252	0.02927	1.07408	0.01794	0.02927
GTT	ATT	GA	-1.80767	0.19546	0.06933	1.80767	0.03206	0.06933
GTC	TTC	GT	-0.54302	0.03181	0.02395	0.54302	0.01848	0.02395
GTC	CTC	GC	-1.31113	0.03927	0.01900	1.31113	0.01058	0.01900
GTC	ATC	GA	-1.95153	0.14617	0.04723	1.95153	0.02076	0.04723
GTC	GTT	CT	0.50150	0.05414	0.06884	-0.50150	0.08939	0.06884
GTA	TTA	GT	0.09235	0.00851	0.00890	-0.09235	0.00933	0.00890
GTA	CTA	GC	0.36100	0.01050	0.01251	-0.36100	0.01507	0.01251
GTA	ATA	GA	-2.36728	0.03909	0.00957	2.36728	0.00366	0.00957
GTA	GTT	AT	2.60273	0.00851	0.02391	-2.60273	0.11484	0.02391
GTA	GTC	AC	2.10122	0.01050	0.02515	-2.10122	0.08588	0.02515
GTG	TTG	GT	-2.45800	0.02515	0.00579	2.45800	0.00215	0.00579
GTG	CTG	GC	-0.16340	0.03105	0.02859	0.16340	0.02637	0.02859
GTG	ATG	GA	-0.80630	0.11558	0.07518	0.80630	0.05161	0.07518
GTG	GTT	GT	-0.19798	0.02515	0.02274	0.19798	0.02063	0.02274
GTG	GTC	GC	-0.69948	0.03105	0.02145	0.69948	0.01543	0.02145
GTG	GTA	GA	-2.80071	0.11558	0.02094	2.80071	0.00702	0.02094
GCT	TCT	GT	-1.29268	0.06731	0.03293	1.29268	0.01848	0.03293
GCT	CCT	GC	-0.86021	0.08311	0.05243	0.86021	0.03516	0.05243
GCT	ACT	GA	-6.92070	0.30934	0.00212	6.92070	0.00031	0.00212
GCT	GTT	CT	-0.24816	0.11457	0.10094	0.24816	0.08939	0.10094
GCC	TCC	GT	-1.39495	0.08469	0.03893	1.39495	0.02099	0.03893
GCC	CCC	GC	-1.47769	0.10458	0.04568	1.47769	0.02386	0.04568
GCC	ACC	GA	-2.44089	0.38922	0.09063	2.44089	0.03390	0.09063
GCC	GTC	CT	-0.76846	0.14415	0.09579	0.76846	0.06685	0.09579
GCC	GCT	CT	-0.01880	0.14415	0.14280	0.01880	0.14147	0.14280
GCA	TCA	GT	-3.23119	0.08173	0.01086	3.23119	0.00323	0.01086
GCA	CCA	GC	-1.60510	0.10092	0.04072	1.60510	0.02027	0.04072
GCA	ACA	GA	-2.55051	0.37563	0.08110	2.55051	0.02931	0.08110
GCA	GTA	CT	-2.05175	0.13912	0.04209	2.05175	0.01788	0.04209
GCA	GCT	AT	0.79914	0.08173	0.11869	-0.79914	0.18174	0.11869
GCA	GCC	AC	0.81793	0.10092	0.14776	-0.81793	0.22868	0.14776
GCG	TCG	GT	-9.67424	0.01590	0.00001	9.67424	0.00000	0.00000
GCG	CCG	GC	-1.47665	0.01964	0.00858	1.47665	0.00449	0.00858
GCG	ACG	GA	-4.09160	0.07309	0.00508	4.09160	0.00122	0.00508
GCG	GTG	CT	0.66923	0.02707	0.03713	-0.66923	0.05286	0.03713
GCG	GCT	GT	0.71940	0.01590	0.02230	-0.71940	0.03265	0.02230
GCG	GCC	GC	0.73820	0.01964	0.02777	-0.73820	0.04108	0.02777
GCG	GCA	GA	-0.07973	0.07309	0.07021	0.07973	0.06748	0.07021
GAT	TAT	GT	-0.90814	0.03070	0.01884	0.90814	0.01238	0.01884
GAT	CAT	GC	-1.50301	0.03790	0.01630	1.50301	0.00843	0.01630
GAT	AAT	GA	-0.90979	0.14107	0.08650	0.90979	0.05680	0.08650
GAT	GTT	AT	1.31938	0.03070	0.05527	-1.31938	0.11484	0.05527
GAT	GCT	AC	1.56754	0.03790	0.07507	-1.56754	0.18174	0.07507
GAC	TAC	GT	-6.03167	0.07471	0.00108	6.03167	0.00018	0.00108
GAC	CAC	GC	-2.06820	0.09225	0.02761	2.06820	0.01166	0.02761
GAC	AAC	GA	-1.87167	0.34333	0.11686	1.87167	0.05283	0.11686
GAC	GTC	AT	0.13937	0.07471	0.08003	-0.13937	0.08588	0.08003
GAC	GCC	AC	0.90783	0.09225	0.14037	-0.90783	0.22868	0.14037
GAC	GAT	CT	-0.67851	0.12716	0.08886	0.67851	0.06452	0.08886
GAA	CAA	GC	-2.26040	0.13243	0.03486	2.26040	0.01381	0.03486
GAA	AAA	GA	-2.50377	0.49290	0.10991	2.50377	0.04031	0.10991
GAA	GTA	AT	-1.54110	0.10725	0.04504	1.54110	0.02297	0.04504
GAA	GCA	AC	0.51065	0.13243	0.16911	-0.51065	0.22069	0.16911
GAA	GAT	AT	-0.25775	0.10725	0.09402	0.25775	0.08288	0.09402
GAA	GAC	AC	0.42076	0.13243	0.16224	-0.42076	0.20171	0.16224
GAG	CAG	GC	-1.24964	0.07261	0.03645	1.24964	0.02081	0.03645
GAG	AAG	GA	-1.01728	0.27025	0.15570	1.01728	0.09772	0.15570
GAG	GTG	AT	0.14389	0.05880	0.06314	-0.14389	0.06790	0.06314
GAG	GCG	AC	-0.52533	0.07261	0.05520	0.52533	0.04294	0.05520
GAG	GAT	GT	-1.37347	0.05880	0.02739	1.37347	0.01489	0.02739
GAG	GAC	GC	-0.69496	0.07261	0.05028	0.69496	0.03624	0.05028
GAG	GAA	GA	-1.11572	0.27025	0.14696	1.11572	0.08855	0.14696
GGT	TGT	GT	-10.78824	0.04845	0.00001	10.78824	0.00000	0.00000
GGT	CGT	GC	-1.78417	0.05982	0.02154	1.78417	0.01005	0.02154
GGT	AGT	GA	-11.78153	0.22266	0.00002	11.78153	0.00000	0.00000
GGT	GTT	GT	-0.85367	0.04845	0.03068	0.85367	0.02063	0.03068
GGT	GCT	GC	-0.60551	0.05982	0.04353	0.60551	0.03265	0.04353
GGT	GAT	GA	-2.17305	0.22266	0.06215	2.17305	0.02534	0.06215
GGC	TGC	GT	-3.05230	0.05695	0.00862	3.05230	0.00269	0.00862
GGC	CGC	GC	-11.16092	0.07033	0.00001	11.16092	0.00000	0.00000
GGC	AGC	GA	-2.69320	0.26175	0.05116	2.69320	0.01771	0.05116
GGC	GTC	GT	-1.30601	0.05695	0.02764	1.30601	0.01543	0.02764
GGC	GCC	GC	-0.53755	0.07033	0.05311	0.53755	0.04108	0.05311
GGC	GAC	GA	-1.44538	0.26175	0.11664	1.44538	0.06168	0.11664
GGC	GGT	CT	0.04916	0.09694	0.09934	-0.04916	0.10183	0.09934
GGA	CGA	GC	-2.65709	0.01279	0.00256	2.65709	0.00090	0.00256
GGA	AGA	GA	-1.46538	0.04759	0.02095	1.46538	0.01099	0.02095
GGA	GTA	GT	-0.92011	0.01036	0.00631	0.92011	0.00413	0.00631
GGA	GCA	GC	1.13164	0.01279	0.02136	-1.13164	0.03965	0.02136
GGA	GAA	GA	0.62098	0.04759	0.06389	-0.62098	0.08855	0.06389
GGA	GGT	AT	2.53628	0.01036	0.02852	-2.53628	0.13081	0.02852
GGA	GGC	AC	2.48712	0.01279	0.03469	-2.48712	0.15378	0.03469
GGG	TGG	GT	-0.21258	0.00111	0.00100	0.21258	0.00090	0.00100
GGG	CGG	GC	1.33436	0.00137	0.00248	-1.33436	0.00520	0.00248
GGG	AGG	GA	1.47515	0.00510	0.00975	-1.47515	0.02229	0.00975
GGG	GTG	GT	2.39749	0.00111	0.00293	-2.39749	0.01220	0.00293
GGG	GCG	GC	1.72827	0.00137	0.00288	-1.72827	0.00771	0.00288
GGG	GAG	GA	2.25360	0.00510	0.01284	-2.25360	0.04855	0.01284
GGG	GGT	GT	3.05318	0.00111	0.00356	-3.05318	0.02350	0.00356
GGG	GGC	GC	3.00402	0.00137	0.00433	-3.00402	0.02763	0.00433
GGG	GGA	GA	0.51690	0.00510	0.00653	-0.51690	0.00855	0.00653


Histograms
2Ns	FMut	FSub(CodonUsage)	FSubw(after w)

-11.22051	0.01150	0.00000
-10.09846	0.00494	0.00000
-8.97641	0.01088	0.00002
-7.85436	0.00352	0.00002
-6.73230	0.01061	0.00011
-5.61025	0.02010	0.00052
-4.48820	0.03074	0.00265
-3.36615	0.02071	0.00369
-2.24410	0.23261	0.08742
-1.12205	0.29266	0.23872
0.00000	0.23298	0.33374
1.12205	0.10348	0.23872
2.24410	0.02403	0.08742
3.36615	0.00074	0.00369
4.48820	0.00042	0.00265
5.61025	0.00006	0.00052
6.73230	0.00001	0.00010
7.85436	0.00000	0.00000
8.97641	0.00000	0.00000
10.09846	0.00000	0.00000
11.22051	0.00000	0.00000

Proportion of advantageous (S > 0) mutations:
 0.22969

Proportions of good & bad mutations (|S| > 2.0000) among mutations:
0.01709  0.29264

mean |Ns| = 1.78020	mean Ns+ = 0.81291	mean Ns- = -2.06862


MLEs of dN/dS (w) for site classes (K=4)

site class             0        1       2a       2b
proportion       0.66270  0.33730  0.00000  0.00000
background w     0.00000  1.00000  0.00000  1.00000
foreground w     0.00000  1.00000  1.00000  1.00000

Naive Empirical Bayes (NEB) probabilities for 4 classes
(amino acids refer to 1st sequence: Naasi)

   1 M   0.76690 0.23310 0.00000 0.00000 ( 1)
   2 H   0.86579 0.13421 0.00000 0.00000 ( 1)
   3 A   0.74282 0.25718 0.00000 0.00000 ( 1)
   4 L   0.79674 0.20326 0.00000 0.00000 ( 1)
   5 I   0.00001 0.99999 0.00000 0.00000 ( 2)
   6 P   0.00000 1.00000 0.00000 0.00000 ( 2)
   7 F   0.00000 1.00000 0.00000 0.00000 ( 2)
   8 N   0.75977 0.24023 0.00000 0.00000 ( 1)
   9 A   0.73212 0.26788 0.00000 0.00000 ( 1)
  10 L   0.73719 0.26281 0.00000 0.00000 ( 1)
  11 G   0.71470 0.28530 0.00000 0.00000 ( 1)
  12 P   0.00000 1.00000 0.00000 0.00000 ( 2)
  13 P   0.73965 0.26035 0.00000 0.00000 ( 1)
  14 S   0.84184 0.15816 0.00000 0.00000 ( 1)
  15 R   0.80062 0.19938 0.00000 0.00000 ( 1)
  16 H   0.82442 0.17558 0.00000 0.00000 ( 1)
  17 Q   0.00000 1.00000 0.00000 0.00000 ( 2)
  18 S   0.79548 0.20452 0.00000 0.00000 ( 1)
  19 V   0.82015 0.17985 0.00000 0.00000 ( 1)
  20 D   0.88978 0.11022 0.00000 0.00000 ( 1)
  21 Q   0.81821 0.18179 0.00000 0.00000 ( 1)
  22 A   0.00000 1.00000 0.00000 0.00000 ( 2)
  23 N   0.82878 0.17122 0.00000 0.00000 ( 1)
  24 H   0.00001 0.99999 0.00000 0.00000 ( 2)
  25 H   0.85827 0.14173 0.00000 0.00000 ( 1)
  26 S   0.00000 1.00000 0.00000 0.00000 ( 2)
  27 S   0.81295 0.18705 0.00000 0.00000 ( 1)
  28 S   0.00000 1.00000 0.00000 0.00000 ( 2)
  29 K   0.77734 0.22266 0.00000 0.00000 ( 1)
  30 N   0.79334 0.20666 0.00000 0.00000 ( 1)
  31 Q   0.82108 0.17892 0.00000 0.00000 ( 1)
  32 F   0.76360 0.23640 0.00000 0.00000 ( 1)
  33 D   0.83507 0.16493 0.00000 0.00000 ( 1)
  34 R   0.78086 0.21914 0.00000 0.00000 ( 1)
  35 F   0.00000 1.00000 0.00000 0.00000 ( 2)
  36 F   0.76779 0.23221 0.00000 0.00000 ( 1)
  37 R   0.79928 0.20072 0.00000 0.00000 ( 1)
  38 R   0.00000 1.00000 0.00000 0.00000 ( 2)
  39 F   0.00000 1.00000 0.00000 0.00000 ( 2)
  40 S   0.79774 0.20226 0.00000 0.00000 ( 1)
  41 F   0.00000 1.00000 0.00000 0.00000 ( 2)
  42 F   0.00000 1.00000 0.00000 0.00000 ( 2)
  43 F   0.76412 0.23588 0.00000 0.00000 ( 1)
  44 F   0.73206 0.26794 0.00000 0.00000 ( 1)
  45 K   0.73478 0.26522 0.00000 0.00000 ( 1)
  46 P   0.00000 1.00000 0.00000 0.00000 ( 2)
  47 I   0.00000 1.00000 0.00000 0.00000 ( 2)
  48 L   0.84639 0.15361 0.00000 0.00000 ( 1)
  49 L   0.00000 1.00000 0.00000 0.00000 ( 2)
  50 N   0.83774 0.16226 0.00000 0.00000 ( 1)
  51 T   0.00000 1.00000 0.00000 0.00000 ( 2)
  52 M   0.82072 0.17928 0.00000 0.00000 ( 1)
  53 A   0.76677 0.23323 0.00000 0.00000 ( 1)
  54 P   0.80534 0.19466 0.00000 0.00000 ( 1)
  55 K   0.79035 0.20965 0.00000 0.00000 ( 1)
  56 K   0.79035 0.20965 0.00000 0.00000 ( 1)
  57 D   0.86059 0.13941 0.00000 0.00000 ( 1)
  58 V   0.83915 0.16085 0.00000 0.00000 ( 1)
  59 K   0.79035 0.20965 0.00000 0.00000 ( 1)
  60 K   0.86773 0.13227 0.00000 0.00000 ( 1)
  61 P   0.00000 1.00000 0.00000 0.00000 ( 2)
  62 A   0.76875 0.23125 0.00000 0.00000 ( 1)
  63 A   0.78462 0.21538 0.00000 0.00000 ( 1)
  64 A   0.76875 0.23125 0.00000 0.00000 ( 1)
  65 A   0.00000 1.00000 0.00000 0.00000 ( 2)
  66 -   0.77306 0.22694 0.00000 0.00000 ( 1)
  67 -   0.78977 0.21023 0.00000 0.00000 ( 1)
  68 A   0.78625 0.21375 0.00000 0.00000 ( 1)
  69 P   0.77224 0.22776 0.00000 0.00000 ( 1)
  70 A   0.77417 0.22583 0.00000 0.00000 ( 1)
  71 P   0.75596 0.24404 0.00000 0.00000 ( 1)
  72 A   0.78608 0.21392 0.00000 0.00000 ( 1)
  73 P   0.84383 0.15617 0.00000 0.00000 ( 1)
  74 A   0.76842 0.23158 0.00000 0.00000 ( 1)
  75 P   0.00000 1.00000 0.00000 0.00000 ( 2)
  76 A   0.00000 1.00000 0.00000 0.00000 ( 2)
  77 P   0.76957 0.23043 0.00000 0.00000 ( 1)
  78 A   0.76786 0.23214 0.00000 0.00000 ( 1)
  79 P   0.77154 0.22846 0.00000 0.00000 ( 1)
  80 A   0.76677 0.23323 0.00000 0.00000 ( 1)
  81 P   0.76957 0.23043 0.00000 0.00000 ( 1)
  82 A   0.00000 1.00000 0.00000 0.00000 ( 2)
  83 P   0.79829 0.20171 0.00000 0.00000 ( 1)
  84 P   0.78651 0.21349 0.00000 0.00000 ( 1)
  85 K   0.83960 0.16040 0.00000 0.00000 ( 1)
  86 E   0.78001 0.21999 0.00000 0.00000 ( 1)
  87 A   0.00000 1.00000 0.00000 0.00000 ( 2)
  88 K   0.76944 0.23056 0.00000 0.00000 ( 1)
  89 I   0.81857 0.18143 0.00000 0.00000 ( 1)
  90 D   0.82451 0.17549 0.00000 0.00000 ( 1)
  91 L   0.82995 0.17005 0.00000 0.00000 ( 1)
  92 S   0.80320 0.19680 0.00000 0.00000 ( 1)
  93 A   0.77088 0.22912 0.00000 0.00000 ( 1)
  94 I   0.00000 1.00000 0.00000 0.00000 ( 2)
  95 E   0.00000 1.00000 0.00000 0.00000 ( 2)
  96 F   0.81511 0.18489 0.00000 0.00000 ( 1)
  97 K   0.79035 0.20965 0.00000 0.00000 ( 1)
  98 E   0.81171 0.18829 0.00000 0.00000 ( 1)
  99 A   0.76677 0.23323 0.00000 0.00000 ( 1)
 100 F   0.77537 0.22463 0.00000 0.00000 ( 1)
 101 L   0.85756 0.14244 0.00000 0.00000 ( 1)
 102 L   0.77262 0.22738 0.00000 0.00000 ( 1)
 103 Y   0.00001 0.99999 0.00000 0.00000 ( 2)
 104 D   0.85173 0.14827 0.00000 0.00000 ( 1)
 105 R   0.00001 0.99999 0.00000 0.00000 ( 2)
 106 T   0.00000 1.00000 0.00000 0.00000 ( 2)
 107 G   0.77081 0.22919 0.00000 0.00000 ( 1)
 108 D   0.91004 0.08996 0.00000 0.00000 ( 1)
 109 N   0.00000 1.00000 0.00000 0.00000 ( 2)
 110 K   0.79035 0.20965 0.00000 0.00000 ( 1)
 111 I   0.88865 0.11135 0.00000 0.00000 ( 1)
 112 T   0.00001 0.99999 0.00000 0.00000 ( 2)
 113 L   0.82040 0.17960 0.00000 0.00000 ( 1)
 114 S   0.00000 1.00000 0.00000 0.00000 ( 2)
 115 Q   0.83709 0.16291 0.00000 0.00000 ( 1)
 116 V   0.82813 0.17187 0.00000 0.00000 ( 1)
 117 G   0.74109 0.25891 0.00000 0.00000 ( 1)
 118 D   0.91004 0.08996 0.00000 0.00000 ( 1)
 119 V   0.85089 0.14911 0.00000 0.00000 ( 1)
 120 L   0.85713 0.14287 0.00000 0.00000 ( 1)
 121 R   0.81553 0.18447 0.00000 0.00000 ( 1)
 122 A   0.76875 0.23125 0.00000 0.00000 ( 1)
 123 L   0.77329 0.22671 0.00000 0.00000 ( 1)
 124 G   0.76789 0.23211 0.00000 0.00000 ( 1)
 125 T   0.83279 0.16721 0.00000 0.00000 ( 1)
 126 N   0.80761 0.19239 0.00000 0.00000 ( 1)
 127 P   0.80982 0.19018 0.00000 0.00000 ( 1)
 128 T   0.86227 0.13773 0.00000 0.00000 ( 1)
 129 N   0.80761 0.19239 0.00000 0.00000 ( 1)
 130 A   0.76677 0.23323 0.00000 0.00000 ( 1)
 131 E   0.81171 0.18829 0.00000 0.00000 ( 1)
 132 V   0.85089 0.14911 0.00000 0.00000 ( 1)
 133 K   0.79129 0.20871 0.00000 0.00000 ( 1)
 134 A   0.00000 1.00000 0.00000 0.00000 ( 2)
 135 V   0.82813 0.17187 0.00000 0.00000 ( 1)
 136 L   0.77329 0.22671 0.00000 0.00000 ( 1)
 137 G   0.87654 0.12346 0.00000 0.00000 ( 1)
 138 N   0.84696 0.15304 0.00000 0.00000 ( 1)
 139 P   0.80982 0.19018 0.00000 0.00000 ( 1)
 140 S   0.86858 0.13142 0.00000 0.00000 ( 1)
 141 N   0.00000 1.00000 0.00000 0.00000 ( 2)
 142 E   0.80272 0.19728 0.00000 0.00000 ( 1)
 143 E   0.81171 0.18829 0.00000 0.00000 ( 1)
 144 M   0.82072 0.17928 0.00000 0.00000 ( 1)
 145 N   0.80761 0.19239 0.00000 0.00000 ( 1)
 146 A   0.00000 1.00000 0.00000 0.00000 ( 2)
 147 K   0.79035 0.20965 0.00000 0.00000 ( 1)
 148 K   0.86773 0.13227 0.00000 0.00000 ( 1)
 149 I   0.84533 0.15467 0.00000 0.00000 ( 1)
 150 E   0.81105 0.18895 0.00000 0.00000 ( 1)
 151 F   0.77556 0.22444 0.00000 0.00000 ( 1)
 152 E   0.80272 0.19728 0.00000 0.00000 ( 1)
 153 Q   0.87029 0.12971 0.00000 0.00000 ( 1)
 154 F   0.77537 0.22463 0.00000 0.00000 ( 1)
 155 L   0.77329 0.22671 0.00000 0.00000 ( 1)
 156 P   0.80982 0.19018 0.00000 0.00000 ( 1)
 157 M   0.82072 0.17928 0.00000 0.00000 ( 1)
 158 M   0.00001 0.99999 0.00000 0.00000 ( 2)
 159 Q   0.87136 0.12864 0.00000 0.00000 ( 1)
 160 S   0.82850 0.17150 0.00000 0.00000 ( 1)
 161 I   0.84533 0.15467 0.00000 0.00000 ( 1)
 162 S   0.80686 0.19314 0.00000 0.00000 ( 1)
 163 N   0.84830 0.15170 0.00000 0.00000 ( 1)
 164 N   0.00001 0.99999 0.00000 0.00000 ( 2)
 165 K   0.79035 0.20965 0.00000 0.00000 ( 1)
 166 D   0.85173 0.14827 0.00000 0.00000 ( 1)
 167 Q   0.83709 0.16291 0.00000 0.00000 ( 1)
 168 G   0.76789 0.23211 0.00000 0.00000 ( 1)
 169 T   0.86227 0.13773 0.00000 0.00000 ( 1)
 170 Y   0.86329 0.13671 0.00000 0.00000 ( 1)
 171 E   0.80272 0.19728 0.00000 0.00000 ( 1)
 172 D   0.85173 0.14827 0.00000 0.00000 ( 1)
 173 F   0.77537 0.22463 0.00000 0.00000 ( 1)
 174 V   0.82813 0.17187 0.00000 0.00000 ( 1)
 175 E   0.81171 0.18829 0.00000 0.00000 ( 1)
 176 G   0.74109 0.25891 0.00000 0.00000 ( 1)
 177 L   0.77329 0.22671 0.00000 0.00000 ( 1)
 178 R   0.77697 0.22303 0.00000 0.00000 ( 1)
 179 V   0.85089 0.14911 0.00000 0.00000 ( 1)
 180 F   0.77537 0.22463 0.00000 0.00000 ( 1)
 181 D   0.85173 0.14827 0.00000 0.00000 ( 1)
 182 K   0.79035 0.20965 0.00000 0.00000 ( 1)
 183 E   0.80272 0.19728 0.00000 0.00000 ( 1)
 184 G   0.76789 0.23211 0.00000 0.00000 ( 1)
 185 N   0.80761 0.19239 0.00000 0.00000 ( 1)
 186 G   0.76789 0.23211 0.00000 0.00000 ( 1)
 187 T   0.86800 0.13200 0.00000 0.00000 ( 1)
 188 V   0.82813 0.17187 0.00000 0.00000 ( 1)
 189 M   0.82072 0.17928 0.00000 0.00000 ( 1)
 190 G   0.74109 0.25891 0.00000 0.00000 ( 1)
 191 A   0.76875 0.23125 0.00000 0.00000 ( 1)
 192 E   0.80272 0.19728 0.00000 0.00000 ( 1)
 193 L   0.85713 0.14287 0.00000 0.00000 ( 1)
 194 R   0.77697 0.22303 0.00000 0.00000 ( 1)
 195 H   0.93233 0.06767 0.00000 0.00000 ( 1)
 196 V   0.90521 0.09479 0.00000 0.00000 ( 1)
 197 L   0.77262 0.22738 0.00000 0.00000 ( 1)
 198 A   0.76875 0.23125 0.00000 0.00000 ( 1)
 199 T   0.86387 0.13613 0.00000 0.00000 ( 1)
 200 L   0.77262 0.22738 0.00000 0.00000 ( 1)
 201 G   0.72784 0.27216 0.00000 0.00000 ( 1)
 202 E   0.78100 0.21900 0.00000 0.00000 ( 1)
 203 K   0.77012 0.22988 0.00000 0.00000 ( 1)
 204 M   0.79709 0.20291 0.00000 0.00000 ( 1)
 205 K   0.84063 0.15937 0.00000 0.00000 ( 1)
 206 E   0.78902 0.21098 0.00000 0.00000 ( 1)
 207 E   0.78100 0.21900 0.00000 0.00000 ( 1)
 208 E   0.78100 0.21900 0.00000 0.00000 ( 1)
 209 V   0.81389 0.18611 0.00000 0.00000 ( 1)
 210 E   0.78100 0.21900 0.00000 0.00000 ( 1)
 211 A   0.76731 0.23269 0.00000 0.00000 ( 1)
 212 L   0.75532 0.24468 0.00000 0.00000 ( 1)
 213 M   0.00000 1.00000 0.00000 0.00000 ( 2)
 214 A   0.00000 1.00000 0.00000 0.00000 ( 2)
 215 G   0.00000 1.00000 0.00000 0.00000 ( 2)
 216 Q   0.84413 0.15587 0.00000 0.00000 ( 1)
 217 E   0.78100 0.21900 0.00000 0.00000 ( 1)
 218 D   0.82552 0.17448 0.00000 0.00000 ( 1)
 219 S   0.78472 0.21528 0.00000 0.00000 ( 1)
 220 N   0.78855 0.21145 0.00000 0.00000 ( 1)
 221 G   0.75068 0.24932 0.00000 0.00000 ( 1)
 222 C   0.82500 0.17500 0.00000 0.00000 ( 1)
 223 I   0.86102 0.13898 0.00000 0.00000 ( 1)
 224 N   0.82231 0.17769 0.00000 0.00000 ( 1)
 225 Y   0.83069 0.16931 0.00000 0.00000 ( 1)
 226 E   0.78100 0.21900 0.00000 0.00000 ( 1)


lnL = -1623.933745

Bayes Empirical Bayes (BEB) probabilities for 4 classes (class)
(amino acids refer to 1st sequence: Naasi)

   1 M   0.76371 0.19734 0.03058 0.00837 ( 1)
   2 H   0.85023 0.11696 0.02836 0.00445 ( 1)
   3 A   0.74294 0.21679 0.03087 0.00941 ( 1)
   4 L   0.78950 0.17318 0.03018 0.00714 ( 1)
   5 I   0.34914 0.61841 0.01042 0.02203 ( 2)
   6 P   0.16642 0.79287 0.00677 0.03395 ( 2)
   7 F   0.15534 0.80342 0.00644 0.03480 ( 2)
   8 N   0.75792 0.20320 0.03027 0.00861 ( 1)
   9 A   0.73399 0.22550 0.03069 0.00982 ( 1)
  10 L   0.73829 0.22138 0.03071 0.00961 ( 1)
  11 G   0.71887 0.23953 0.03097 0.01063 ( 1)
  12 P   0.01433 0.94473 0.00058 0.04036 ( 2)
  13 P   0.74031 0.21937 0.03080 0.00953 ( 1)
  14 S   0.82912 0.13655 0.02899 0.00533 ( 1)
  15 R   0.79303 0.17005 0.02996 0.00696 ( 1)
  16 H   0.81380 0.15074 0.02945 0.00601 ( 1)
  17 Q   0.01948 0.94012 0.00078 0.03962 ( 2)
  18 S   0.78803 0.17410 0.03062 0.00725 ( 1)
  19 V   0.80872 0.15396 0.03097 0.00635 ( 1)
  20 D   0.86990 0.09694 0.02945 0.00372 ( 1)
  21 Q   0.80703 0.15555 0.03100 0.00643 ( 1)
  22 A   0.19507 0.76482 0.00777 0.03233 ( 2)
  23 N   0.81617 0.14696 0.03085 0.00602 ( 1)
  24 H   0.26133 0.70131 0.00943 0.02792 ( 2)
  25 H   0.84342 0.12310 0.02874 0.00474 ( 1)
  26 S   0.19390 0.76694 0.00745 0.03171 ( 2)
  27 S   0.80359 0.16003 0.02989 0.00649 ( 1)
  28 S   0.14302 0.56795 0.23409 0.05493 ( 2)
  29 K   0.77266 0.18888 0.03052 0.00794 ( 1)
  30 N   0.78652 0.17593 0.03026 0.00728 ( 1)
  31 Q   0.81068 0.15343 0.02972 0.00617 ( 1)
  32 F   0.76080 0.19998 0.03070 0.00852 ( 1)
  33 D   0.82293 0.14206 0.02939 0.00562 ( 1)
  34 R   0.77633 0.18616 0.02982 0.00770 ( 1)
  35 F   0.20546 0.75770 0.00720 0.02964 ( 2)
  36 F   0.76575 0.19694 0.02920 0.00811 ( 1)
  37 R   0.79346 0.17149 0.02827 0.00678 ( 1)
  38 R   0.21357 0.74944 0.01242 0.02456 ( 2)
  39 F   0.20952 0.75365 0.00734 0.02949 ( 2)
  40 S   0.79210 0.17274 0.02833 0.00684 ( 1)
  41 F   0.00165 0.90911 0.00158 0.08767 ( 2)
  42 F   0.00147 0.90589 0.00148 0.09117 ( 2)
  43 F   0.76268 0.20000 0.02909 0.00824 ( 1)
  44 F   0.73632 0.22628 0.02808 0.00932 ( 1)
  45 K   0.74088 0.22473 0.02566 0.00874 ( 1)
  46 P   0.19898 0.76388 0.00706 0.03009 ( 2)
  47 I   0.02782 0.93924 0.00078 0.03217 ( 2)
  48 L   0.83530 0.13319 0.02659 0.00493 ( 1)
  49 L   0.01736 0.88352 0.02052 0.07860 ( 2)
  50 N   0.82752 0.14027 0.02695 0.00526 ( 1)
  51 T   0.01912 0.88595 0.02078 0.07414 ( 2)
  52 M   0.81341 0.15430 0.02650 0.00579 ( 1)
  53 A   0.76555 0.19793 0.02849 0.00803 ( 1)
  54 P   0.79970 0.16678 0.02711 0.00640 ( 1)
  55 K   0.78638 0.17891 0.02769 0.00702 ( 1)
  56 K   0.78638 0.17891 0.02769 0.00702 ( 1)
  57 D   0.84865 0.12167 0.02533 0.00434 ( 1)
  58 V   0.82995 0.13929 0.02569 0.00507 ( 1)
  59 K   0.78638 0.17891 0.02769 0.00702 ( 1)
  60 K   0.85579 0.11588 0.02431 0.00402 ( 1)
  61 P   0.21006 0.75186 0.00775 0.03033 ( 2)
  62 A   0.76731 0.19633 0.02842 0.00794 ( 1)
  63 A   0.78136 0.18354 0.02785 0.00726 ( 1)
  64 A   0.76731 0.19633 0.02842 0.00794 ( 1)
  65 A   0.17441 0.78736 0.00644 0.03178 ( 2)
  66 -   0.76869 0.19226 0.03088 0.00817 ( 1)
  67 -   0.78310 0.17874 0.03068 0.00748 ( 1)
  68 A   0.78253 0.18216 0.02808 0.00723 ( 1)
  69 P   0.77067 0.19359 0.02800 0.00774 ( 1)
  70 A   0.77287 0.19215 0.02741 0.00757 ( 1)
  71 P   0.75703 0.20691 0.02774 0.00832 ( 1)
  72 A   0.78269 0.18236 0.02776 0.00719 ( 1)
  73 P   0.83343 0.13535 0.02625 0.00498 ( 1)
  74 A   0.76723 0.19665 0.02820 0.00792 ( 1)
  75 P   0.22247 0.74109 0.00769 0.02875 ( 2)
  76 A   0.01627 0.94500 0.00061 0.03812 ( 2)
  77 P   0.76802 0.19567 0.02840 0.00791 ( 1)
  78 A   0.76645 0.19704 0.02852 0.00799 ( 1)
  79 P   0.76965 0.19405 0.02846 0.00784 ( 1)
  80 A   0.76555 0.19793 0.02849 0.00803 ( 1)
  81 P   0.76802 0.19567 0.02840 0.00791 ( 1)
  82 A   0.11193 0.85067 0.00396 0.03344 ( 2)
  83 P   0.79388 0.17258 0.02692 0.00662 ( 1)
  84 P   0.78443 0.18233 0.02629 0.00695 ( 1)
  85 K   0.83227 0.13925 0.02364 0.00483 ( 1)
  86 E   0.77858 0.18760 0.02659 0.00723 ( 1)
  87 A   0.01475 0.94641 0.00055 0.03829 ( 2)
  88 K   0.76913 0.19609 0.02708 0.00770 ( 1)
  89 I   0.81327 0.15638 0.02472 0.00564 ( 1)
  90 D   0.81862 0.15154 0.02443 0.00541 ( 1)
  91 L   0.82355 0.14712 0.02414 0.00519 ( 1)
  92 S   0.79943 0.16884 0.02548 0.00625 ( 1)
  93 A   0.77016 0.19485 0.02731 0.00768 ( 1)
  94 I   0.22395 0.74213 0.00693 0.02699 ( 2)
  95 E   0.00175 0.96091 0.00006 0.03728 ( 2)
  96 F   0.80841 0.15886 0.02673 0.00601 ( 1)
  97 K   0.78638 0.17891 0.02769 0.00702 ( 1)
  98 E   0.80538 0.16161 0.02686 0.00614 ( 1)
  99 A   0.76555 0.19793 0.02849 0.00803 ( 1)
 100 F   0.77314 0.19100 0.02821 0.00766 ( 1)
 101 L   0.84657 0.12423 0.02482 0.00439 ( 1)
 102 L   0.77073 0.19321 0.02829 0.00777 ( 1)
 103 Y   0.26367 0.70384 0.00771 0.02478 ( 2)
 104 D   0.84127 0.12902 0.02511 0.00460 ( 1)
 105 R   0.26487 0.70327 0.00750 0.02437 ( 2)
 106 T   0.00225 0.96241 0.00007 0.03526 ( 2)
 107 G   0.76888 0.19460 0.02862 0.00789 ( 1)
 108 D   0.89502 0.08068 0.02173 0.00257 ( 1)
 109 N   0.00029 0.96538 0.00001 0.03432 ( 2)
 110 K   0.78638 0.17891 0.02769 0.00702 ( 1)
 111 I   0.87503 0.09856 0.02312 0.00329 ( 1)
 112 T   0.27348 0.69440 0.00788 0.02425 ( 2)
 113 L   0.81316 0.15456 0.02649 0.00579 ( 1)
 114 S   0.00240 0.96433 0.00007 0.03320 ( 2)
 115 Q   0.82809 0.14097 0.02579 0.00515 ( 1)
 116 V   0.82006 0.14827 0.02617 0.00549 ( 1)
 117 G   0.74294 0.21859 0.02928 0.00918 ( 1)
 118 D   0.89502 0.08068 0.02173 0.00257 ( 1)
 119 V   0.84055 0.12969 0.02514 0.00463 ( 1)
 120 L   0.84618 0.12458 0.02484 0.00440 ( 1)
 121 R   0.80882 0.15851 0.02669 0.00599 ( 1)
 122 A   0.76731 0.19633 0.02842 0.00794 ( 1)
 123 L   0.77132 0.19267 0.02827 0.00774 ( 1)
 124 G   0.76656 0.19703 0.02844 0.00798 ( 1)
 125 T   0.82422 0.14448 0.02598 0.00532 ( 1)
 126 N   0.80172 0.16494 0.02703 0.00631 ( 1)
 127 P   0.80369 0.16315 0.02694 0.00622 ( 1)
 128 T   0.85084 0.12036 0.02459 0.00422 ( 1)
 129 N   0.80172 0.16494 0.02703 0.00631 ( 1)
 130 A   0.76555 0.19793 0.02849 0.00803 ( 1)
 131 E   0.80538 0.16161 0.02686 0.00614 ( 1)
 132 V   0.84055 0.12969 0.02514 0.00463 ( 1)
 133 K   0.78714 0.17815 0.02771 0.00699 ( 1)
 134 A   0.00209 0.96148 0.00007 0.03635 ( 2)
 135 V   0.82006 0.14827 0.02617 0.00549 ( 1)
 136 L   0.77132 0.19267 0.02827 0.00774 ( 1)
 137 G   0.86390 0.10859 0.02380 0.00370 ( 1)
 138 N   0.83701 0.13296 0.02525 0.00477 ( 1)
 139 P   0.80369 0.16315 0.02694 0.00622 ( 1)
 140 S   0.85660 0.11517 0.02425 0.00399 ( 1)
 141 N   0.20550 0.75863 0.00691 0.02896 ( 2)
 142 E   0.79735 0.16891 0.02723 0.00651 ( 1)
 143 E   0.80538 0.16161 0.02686 0.00614 ( 1)
 144 M   0.81341 0.15430 0.02650 0.00579 ( 1)
 145 N   0.80172 0.16494 0.02703 0.00631 ( 1)
 146 A   0.18762 0.77525 0.00664 0.03049 ( 2)
 147 K   0.78638 0.17891 0.02769 0.00702 ( 1)
 148 K   0.85579 0.11588 0.02431 0.00402 ( 1)
 149 I   0.83552 0.13424 0.02540 0.00484 ( 1)
 150 E   0.80413 0.16204 0.02753 0.00630 ( 1)
 151 F   0.77328 0.19085 0.02821 0.00765 ( 1)
 152 E   0.79735 0.16891 0.02723 0.00651 ( 1)
 153 Q   0.85820 0.11379 0.02409 0.00392 ( 1)
 154 F   0.77314 0.19100 0.02821 0.00766 ( 1)
 155 L   0.77132 0.19267 0.02827 0.00774 ( 1)
 156 P   0.80369 0.16315 0.02694 0.00622 ( 1)
 157 M   0.81341 0.15430 0.02650 0.00579 ( 1)
 158 M   0.27834 0.68690 0.00905 0.02571 ( 2)
 159 Q   0.85912 0.11288 0.02411 0.00389 ( 1)
 160 S   0.82040 0.14797 0.02615 0.00548 ( 1)
 161 I   0.83552 0.13424 0.02540 0.00484 ( 1)
 162 S   0.80108 0.16554 0.02704 0.00634 ( 1)
 163 N   0.83816 0.13182 0.02529 0.00473 ( 1)
 164 N   0.25970 0.70718 0.00781 0.02531 ( 2)
 165 K   0.78638 0.17891 0.02769 0.00702 ( 1)
 166 D   0.84127 0.12902 0.02511 0.00460 ( 1)
 167 Q   0.82809 0.14097 0.02579 0.00515 ( 1)
 168 G   0.76656 0.19703 0.02844 0.00798 ( 1)
 169 T   0.85084 0.12036 0.02459 0.00422 ( 1)
 170 Y   0.85134 0.11946 0.02498 0.00422 ( 1)
 171 E   0.79735 0.16891 0.02723 0.00651 ( 1)
 172 D   0.84127 0.12902 0.02511 0.00460 ( 1)
 173 F   0.77314 0.19100 0.02821 0.00766 ( 1)
 174 V   0.82006 0.14827 0.02617 0.00549 ( 1)
 175 E   0.80538 0.16161 0.02686 0.00614 ( 1)
 176 G   0.74294 0.21859 0.02928 0.00918 ( 1)
 177 L   0.77132 0.19267 0.02827 0.00774 ( 1)
 178 R   0.77461 0.18969 0.02812 0.00758 ( 1)
 179 V   0.84055 0.12969 0.02514 0.00463 ( 1)
 180 F   0.77314 0.19100 0.02821 0.00766 ( 1)
 181 D   0.84127 0.12902 0.02511 0.00460 ( 1)
 182 K   0.78638 0.17891 0.02769 0.00702 ( 1)
 183 E   0.79735 0.16891 0.02723 0.00651 ( 1)
 184 G   0.76656 0.19703 0.02844 0.00798 ( 1)
 185 N   0.80172 0.16494 0.02703 0.00631 ( 1)
 186 G   0.76656 0.19703 0.02844 0.00798 ( 1)
 187 T   0.85563 0.11560 0.02472 0.00405 ( 1)
 188 V   0.82006 0.14827 0.02617 0.00549 ( 1)
 189 M   0.81341 0.15430 0.02650 0.00579 ( 1)
 190 G   0.74294 0.21859 0.02928 0.00918 ( 1)
 191 A   0.76731 0.19633 0.02842 0.00794 ( 1)
 192 E   0.79735 0.16891 0.02723 0.00651 ( 1)
 193 L   0.84618 0.12458 0.02484 0.00440 ( 1)
 194 R   0.77461 0.18969 0.02812 0.00758 ( 1)
 195 H   0.91636 0.06178 0.02000 0.00186 ( 1)
 196 V   0.89056 0.08474 0.02198 0.00272 ( 1)
 197 L   0.77073 0.19321 0.02829 0.00777 ( 1)
 198 A   0.76731 0.19633 0.02842 0.00794 ( 1)
 199 T   0.85009 0.11874 0.02680 0.00437 ( 1)
 200 L   0.77073 0.19321 0.02829 0.00777 ( 1)
 201 G   0.73028 0.22895 0.03075 0.01002 ( 1)
 202 E   0.77632 0.18604 0.02993 0.00771 ( 1)
 203 K   0.76688 0.19482 0.03013 0.00817 ( 1)
 204 M   0.79036 0.17302 0.02958 0.00704 ( 1)
 205 K   0.82859 0.13765 0.02844 0.00532 ( 1)
 206 E   0.78333 0.17955 0.02975 0.00737 ( 1)
 207 E   0.77632 0.18604 0.02993 0.00771 ( 1)
 208 E   0.77632 0.18604 0.02993 0.00771 ( 1)
 209 V   0.80507 0.15940 0.02917 0.00636 ( 1)
 210 E   0.77632 0.18604 0.02993 0.00771 ( 1)
 211 A   0.76445 0.19709 0.03017 0.00828 ( 1)
 212 L   0.75406 0.20677 0.03037 0.00880 ( 1)
 213 M   0.18940 0.77215 0.00707 0.03138 ( 2)
 214 A   0.01475 0.94430 0.00060 0.04035 ( 2)
 215 G   0.14401 0.81435 0.00605 0.03558 ( 2)
 216 Q   0.83170 0.13479 0.02832 0.00519 ( 1)
 217 E   0.77632 0.18604 0.02993 0.00771 ( 1)
 218 D   0.81527 0.14995 0.02887 0.00591 ( 1)
 219 S   0.77959 0.18302 0.02984 0.00755 ( 1)
 220 N   0.78214 0.17981 0.03046 0.00758 ( 1)
 221 G   0.75005 0.21051 0.03044 0.00900 ( 1)
 222 C   0.81485 0.15037 0.02886 0.00592 ( 1)
 223 I   0.84674 0.12097 0.02774 0.00455 ( 1)
 224 N   0.81242 0.15257 0.02897 0.00603 ( 1)
 225 Y   0.81984 0.14574 0.02872 0.00570 ( 1)
 226 E   0.77632 0.18604 0.02993 0.00771 ( 1)

