83
Bacu       0.0000000 0.0674037 0.0582103 0.0113946 0.0335631 0.0426956 0.0447453 0.0333493 0.0366466 0.0252318 0.0641602 0.0686359 0.0615690 0.0607679 0.0638969 0.0607679 0.0722561 0.0735716 0.0666005 0.0481999 0.0666126 0.0301142 0.0608001 0.0637469 0.0765627 0.0639796 0.0571694 0.0814779 0.0932564 0.0876230 0.0772353 0.0673429 0.0575195 0.0714772 0.0762022 0.0606310 0.0575195 0.0603007 0.0605633 0.0764890 0.0782696 0.0601675 0.0635184 0.0645761 0.0543079 0.0483773 0.0830813 0.0616655 0.0810975 0.0735716 0.0669847 0.0810041 0.0754096 0.0761613 0.0565618 0.0706646 0.0612381 0.0702679 0.1155483 0.0643298 0.0675421 0.0854926 0.0639796 0.0583930 0.0800149 0.0730316 0.0849817 0.0802697 0.0778958 0.0545908 0.0654180 0.0656213 0.0581137 0.0738267 0.0578215 0.0742975 0.0611214 0.0689039 0.0578215 0.0555901 0.0635928 0.0547694 0.0684981 
Barn       0.0674037 0.0000000 0.0099979 0.0622593 0.0674690 0.0844964 0.0844964 0.0572903 0.0100192 0.0448773 0.0673061 0.0615667 0.0723437 0.0618463 0.0618463 0.0618463 0.0668048 0.0891031 0.0461480 0.0322257 0.0510291 0.0581620 0.0616328 0.0667659 0.0671692 0.0671692 0.0321243 0.0529676 0.1036619 0.0937762 0.0665666 0.0670963 0.0565011 0.0707036 0.0667347 0.0569928 0.0565011 0.0565011 0.0615047 0.0613885 0.0352505 0.0367143 0.0463655 0.0680249 0.0272827 0.0319881 0.0509541 0.0414269 0.0413968 0.0891031 0.0432929 0.0563842 0.0463104 0.0664462 0.0446799 0.0570754 0.0626685 0.0720497 0.1368654 0.0421833 0.0665312 0.0613944 0.0671692 0.0421833 0.0718461 0.0613944 0.0613944 0.0670997 0.0714110 0.0517004 0.0517004 0.0569928 0.0625736 0.0674559 0.0569928 0.0625736 0.0625736 0.0619300 0.0569928 0.0519793 0.0369015 0.0519793 0.0271497 
Bbai       0.0582103 0.0099979 0.0000000 0.0549054 0.0547064 0.0657228 0.0657228 0.0512163 0.0148531 0.0423387 0.0551452 0.0547394 0.0627447 0.0478204 0.0479592 0.0478204 0.0587396 0.0726903 0.0373641 0.0348995 0.0406220 0.0518318 0.0478445 0.0510918 0.0589833 0.0512964 0.0278421 0.0403602 0.0782445 0.0717112 0.0509927 0.0547186 0.0443140 0.0564056 0.0586910 0.0445810 0.0443140 0.0443140 0.0476344 0.0577520 0.0348234 0.0309359 0.0373795 0.0413905 0.0245952 0.0277621 0.0463604 0.0340961 0.0403406 0.0726903 0.0381872 0.0418303 0.0465107 0.0544837 0.0430502 0.0585259 0.0516214 0.0581655 0.1080128 0.0411408 0.0516675 0.0623531 0.0512964 0.0379395 0.0547072 0.0511094 0.0681158 0.0628786 0.0662582 0.0411032 0.0511305 0.0493184 0.0481980 0.0582579 0.0445810 0.0633823 0.0483390 0.0549963 0.0445810 0.0419356 0.0342729 0.0412540 0.0353436 
Bbon       0.0113946 0.0622593 0.0549054 0.0000000 0.0291038 0.0385326 0.0385326 0.0351189 0.0366685 0.0307576 0.0690819 0.0654085 0.0579423 0.0607909 0.0609592 0.0607909 0.0692093 0.0742406 0.0698568 0.0510461 0.0666209 0.0266737 0.0608245 0.0639189 0.0694820 0.0641630 0.0542476 0.0733251 0.0906172 0.0843854 0.0742726 0.0674600 0.0573818 0.0638232 0.0691563 0.0576993 0.0573818 0.0573818 0.0605760 0.0773060 0.0695970 0.0572505 0.0636790 0.0692494 0.0509417 0.0541001 0.0760011 0.0603779 0.0721149 0.0742406 0.0673539 0.0772127 0.0725268 0.0670421 0.0562915 0.0711886 0.0612851 0.0707688 0.1121564 0.0612440 0.0645874 0.0775581 0.0641630 0.0581342 0.0770640 0.0703047 0.0801232 0.0731653 0.0691043 0.0543093 0.0620191 0.0626056 0.0580054 0.0708740 0.0576993 0.0663539 0.0581666 0.0656819 0.0576993 0.0553538 0.0542633 0.0544959 0.0615277 
Bbor       0.0335631 0.0674690 0.0547064 0.0291038 0.0000000 0.0137975 0.0144411 0.0220590 0.0317802 0.0477948 0.0688748 0.0548559 0.0505346 0.0577809 0.0607513 0.0577809 0.0653376 0.0674635 0.0663919 0.0516423 0.0663946 0.0265920 0.0578106 0.0607507 0.0692125 0.0609717 0.0540643 0.0730098 0.0899357 0.0840917 0.0707182 0.0643087 0.0545541 0.0634653 0.0688892 0.0575032 0.0545541 0.0571877 0.0575846 0.0734132 0.0606576 0.0570571 0.0605260 0.0643608 0.0513613 0.0514408 0.0757075 0.0586256 0.0766053 0.0674635 0.0636745 0.0690445 0.0684689 0.0668787 0.0597967 0.0676082 0.0613178 0.0673287 0.1238695 0.0581840 0.0643656 0.0816719 0.0609717 0.0552316 0.0767990 0.0699913 0.0850285 0.0728810 0.0735378 0.0516343 0.0585582 0.0623862 0.0551189 0.0706303 0.0548433 0.0704590 0.0579674 0.0620094 0.0548433 0.0525792 0.0604564 0.0518037 0.0612823 
Bede66737  0.0426956 0.0844964 0.0657228 0.0385326 0.0137975 0.0000000 0.0000010 0.0251173 0.0417174 0.0601983 0.0845803 0.0656062 0.0547241 0.0674191 0.0709349 0.0674191 0.0763825 0.0777136 0.0764560 0.0633262 0.0769238 0.0232633 0.0674577 0.0704445 0.0809870 0.0707058 0.0643118 0.0866587 0.0971826 0.0915508 0.0811823 0.0741577 0.0640955 0.0673928 0.0806006 0.0675991 0.0640955 0.0672338 0.0671949 0.0837866 0.0700566 0.0673562 0.0704655 0.0689565 0.0610485 0.0611417 0.0879251 0.0687050 0.0917479 0.0777136 0.0747229 0.0817964 0.0798889 0.0770498 0.0700428 0.0775582 0.0679476 0.0772189 0.1296545 0.0680788 0.0746810 0.0957501 0.0707058 0.0650650 0.0877553 0.0802510 0.1013968 0.0847493 0.0781262 0.0611213 0.0694533 0.0728788 0.0647600 0.0810689 0.0644308 0.0838071 0.0681530 0.0729873 0.0644308 0.0622539 0.0708805 0.0613219 0.0730941 
BedeAUS    0.0447453 0.0844964 0.0657228 0.0385326 0.0144411 0.0000010 0.0000000 0.0263016 0.0417174 0.0640647 0.0845803 0.0692461 0.0547241 0.0707360 0.0709349 0.0707360 0.0806620 0.0816060 0.0802350 0.0671154 0.0769238 0.0232633 0.0707797 0.0739133 0.0809870 0.0742013 0.0643118 0.0866587 0.0979508 0.0915508 0.0811823 0.0775726 0.0672338 0.0673928 0.0806006 0.0675991 0.0672338 0.0672338 0.0704924 0.0879839 0.0700566 0.0673562 0.0739420 0.0737566 0.0609033 0.0641365 0.0879251 0.0705529 0.0917479 0.0816060 0.0788165 0.0817964 0.0843799 0.0774438 0.0701211 0.0814370 0.0713176 0.0810568 0.1296545 0.0714696 0.0746810 0.0957501 0.0742013 0.0683032 0.0877553 0.0807915 0.1013968 0.0847493 0.0781262 0.0641097 0.0733357 0.0728788 0.0679602 0.0810689 0.0675991 0.0838071 0.0681530 0.0770751 0.0675991 0.0653567 0.0708805 0.0643296 0.0730941 
Bmus       0.0333493 0.0572903 0.0512163 0.0351189 0.0220590 0.0251173 0.0263016 0.0000000 0.0317593 0.0401291 0.0492428 0.0443034 0.0505763 0.0482606 0.0507053 0.0482606 0.0544883 0.0641556 0.0602591 0.0444314 0.0599842 0.0197958 0.0482824 0.0511725 0.0576654 0.0513547 0.0506722 0.0608077 0.0930456 0.0873127 0.0603922 0.0545774 0.0451349 0.0511175 0.0574029 0.0475448 0.0451349 0.0472813 0.0480937 0.0638740 0.0648187 0.0536450 0.0572270 0.0599493 0.0481538 0.0482286 0.0716874 0.0552833 0.0719212 0.0641556 0.0600128 0.0728278 0.0647102 0.0574770 0.0532495 0.0577757 0.0486268 0.0575516 0.1037989 0.0579335 0.0541823 0.0689872 0.0513547 0.0520605 0.0667741 0.0605331 0.0661488 0.0612425 0.0590928 0.0422732 0.0478599 0.0520436 0.0485994 0.0603264 0.0453764 0.0614902 0.0510790 0.0512253 0.0453764 0.0430343 0.0569998 0.0424112 0.0574058 
Bmys       0.0366466 0.0100192 0.0148531 0.0366685 0.0317802 0.0417174 0.0417174 0.0317593 0.0000000 0.0343279 0.0208183 0.0326195 0.0269826 0.0223217 0.0223217 0.0223217 0.0270016 0.0273094 0.0087603 0.0132014 0.0087603 0.0333605 0.0269684 0.0269684 0.0326699 0.0269684 0.0270356 0.0191012 0.0453350 0.0408342 0.0362146 0.0270155 0.0223217 0.0251896 0.0324845 0.0178239 0.0223217 0.0223217 0.0223217 0.0362513 0.0373605 0.0315407 0.0315443 0.0331153 0.0223274 0.0223274 0.0553452 0.0315407 0.0478551 0.0273094 0.0362498 0.0406638 0.0439783 0.0273198 0.0273198 0.0366875 0.0223860 0.0317736 0.0436202 0.0222933 0.0272071 0.0335547 0.0269684 0.0178119 0.0367465 0.0273198 0.0260110 0.0327001 0.0241870 0.0178239 0.0272107 0.0231093 0.0178239 0.0269878 0.0178239 0.0264044 0.0178239 0.0215529 0.0178239 0.0180896 0.0269378 0.0178239 0.0437870 
Bphy       0.0252318 0.0448773 0.0423387 0.0307576 0.0477948 0.0601983 0.0640647 0.0401291 0.0343279 0.0000000 0.0237378 0.0562098 0.0456390 0.0518858 0.0553647 0.0518858 0.0655988 0.0524914 0.0510658 0.0549187 0.0542505 0.0368141 0.0480394 0.0517971 0.0604986 0.0478788 0.0506523 0.0471866 0.0593821 0.0587898 0.0632318 0.0562263 0.0439453 0.0524251 0.0704638 0.0511619 0.0439453 0.0466947 0.0439453 0.0554081 0.0710966 0.0545382 0.0474558 0.0473112 0.0474104 0.0436865 0.0795261 0.0527361 0.0684185 0.0524914 0.0497071 0.0649114 0.0695650 0.0560417 0.0560417 0.0600878 0.0479022 0.0600799 0.0593038 0.0361960 0.0557924 0.0661326 0.0478788 0.0325419 0.0636976 0.0560417 0.0674564 0.0708835 0.0719967 0.0440609 0.0565263 0.0573192 0.0481215 0.0639389 0.0481215 0.0664955 0.0513451 0.0611416 0.0481215 0.0450984 0.0462931 0.0442479 0.0599610 
Ccom       0.0641602 0.0673061 0.0551452 0.0690819 0.0688748 0.0845803 0.0845803 0.0492428 0.0208183 0.0237378 0.0000000 0.0095608 0.0710182 0.0129825 0.0129825 0.0129825 0.0144851 0.0643693 0.0632055 0.0358462 0.0584270 0.0615439 0.0172403 0.0216776 0.0243352 0.0217928 0.0494800 0.0571256 0.0740288 0.0698019 0.0402008 0.0262897 0.0042659 0.0165555 0.0193615 0.0173486 0.0042659 0.0042659 0.0085730 0.0496553 0.0663643 0.0492152 0.0587069 0.0577155 0.0445944 0.0492782 0.0605100 0.0538758 0.0778017 0.0643693 0.0538797 0.0657772 0.0603735 0.0592864 0.0526481 0.0173658 0.0219842 0.0354373 0.1491497 0.0547515 0.0260792 0.0668312 0.0217928 0.0547515 0.0643885 0.0544800 0.0668312 0.0344130 0.0346572 0.0128790 0.0193140 0.0218222 0.0219612 0.0309759 0.0173486 0.0294782 0.0219612 0.0193606 0.0173486 0.0173486 0.0540297 0.0173486 0.0603706 
Chea       0.0686359 0.0615667 0.0547394 0.0654085 0.0548559 0.0656062 0.0692461 0.0443034 0.0326195 0.0562098 0.0095608 0.0000000 0.0684947 0.0122337 0.0128691 0.0122337 0.0153278 0.0582700 0.0576516 0.0430702 0.0572101 0.0582833 0.0183601 0.0215104 0.0227234 0.0215913 0.0538472 0.0482542 0.0905687 0.0840157 0.0329483 0.0248650 0.0030158 0.0069590 0.0161148 0.0161143 0.0030158 0.0031707 0.0060525 0.0443812 0.0644825 0.0572035 0.0610704 0.0553014 0.0508467 0.0509345 0.0644227 0.0589752 0.0715234 0.0582700 0.0570702 0.0713355 0.0575897 0.0543943 0.0496272 0.0153271 0.0185587 0.0247570 0.1103694 0.0550029 0.0226009 0.0524003 0.0215913 0.0484434 0.0574271 0.0510269 0.0610876 0.0260550 0.0242954 0.0121646 0.0152927 0.0194282 0.0185455 0.0296689 0.0153166 0.0219575 0.0195202 0.0184223 0.0153166 0.0122088 0.0610214 0.0122088 0.0571579 
Cmar       0.0615690 0.0723437 0.0627447 0.0579423 0.0505346 0.0547241 0.0547241 0.0505763 0.0269826 0.0456390 0.0710182 0.0684947 0.0000000 0.0687094 0.0687094 0.0687094 0.0722900 0.0926858 0.0681240 0.0503660 0.0644998 0.0440114 0.0685410 0.0722595 0.0725744 0.0725744 0.0613979 0.0769888 0.0951150 0.0880928 0.0803769 0.0763417 0.0648081 0.0715647 0.0722351 0.0652047 0.0648081 0.0648081 0.0684428 0.0763776 0.0691487 0.0647970 0.0721435 0.0868168 0.0576137 0.0612105 0.0792285 0.0683601 0.0809457 0.0926858 0.0732819 0.0761474 0.0757589 0.0841359 0.0720383 0.0652760 0.0656679 0.0760799 0.1353255 0.0583955 0.0720676 0.0864438 0.0725744 0.0549113 0.0882152 0.0803581 0.0905307 0.0762494 0.0830084 0.0613237 0.0651214 0.0689702 0.0655956 0.0762911 0.0652047 0.0742545 0.0655956 0.0687752 0.0652047 0.0615595 0.0687171 0.0615595 0.0576328 
Dcap108471 0.0607679 0.0618463 0.0478204 0.0607909 0.0577809 0.0674191 0.0707360 0.0482606 0.0223217 0.0518858 0.0129825 0.0122337 0.0687094 0.0000000 0.0000010 0.0000010 0.0030119 0.0577346 0.0541459 0.0443842 0.0535986 0.0584780 0.0108813 0.0136192 0.0161737 0.0136643 0.0475141 0.0484380 0.0862453 0.0804004 0.0231720 0.0108678 0.0081336 0.0176789 0.0031642 0.0028037 0.0081336 0.0085065 0.0108779 0.0424224 0.0601542 0.0504743 0.0541663 0.0520729 0.0451612 0.0452315 0.0646125 0.0521796 0.0717942 0.0577346 0.0467240 0.0573478 0.0577700 0.0542620 0.0438736 0.0193682 0.0137395 0.0135946 0.0988592 0.0517334 0.0143970 0.0605788 0.0136643 0.0459183 0.0569440 0.0512579 0.0707459 0.0127898 0.0119342 0.0053979 0.0091447 0.0057672 0.0054075 0.0172637 0.0026816 0.0071701 0.0056690 0.0060337 0.0026816 0.0054559 0.0537940 0.0053814 0.0573457 
Dcap79929  0.0638969 0.0618463 0.0479592 0.0609592 0.0607513 0.0709349 0.0709349 0.0507053 0.0223217 0.0553647 0.0129825 0.0128691 0.0687094 0.0000010 0.0000000 0.0000010 0.0031664 0.0607055 0.0569006 0.0471200 0.0537443 0.0584780 0.0113817 0.0142827 0.0161737 0.0143323 0.0476425 0.0484380 0.0868201 0.0806290 0.0232326 0.0113582 0.0085281 0.0176789 0.0031642 0.0028106 0.0085281 0.0085281 0.0114071 0.0413968 0.0601542 0.0506108 0.0569200 0.0556567 0.0444117 0.0475136 0.0646125 0.0536858 0.0717942 0.0607055 0.0493335 0.0575353 0.0609084 0.0537932 0.0428974 0.0203270 0.0144150 0.0142556 0.0991796 0.0543891 0.0143970 0.0605788 0.0143323 0.0482720 0.0571000 0.0506511 0.0707459 0.0127898 0.0119342 0.0056585 0.0096182 0.0057672 0.0056690 0.0173084 0.0028106 0.0071701 0.0056690 0.0063437 0.0028106 0.0057078 0.0539405 0.0056403 0.0573457 
Ddel       0.0607679 0.0618463 0.0478204 0.0607909 0.0577809 0.0674191 0.0707360 0.0482606 0.0223217 0.0518858 0.0129825 0.0122337 0.0687094 0.0000010 0.0000010 0.0000000 0.0030119 0.0577346 0.0541459 0.0443842 0.0535986 0.0584780 0.0108813 0.0136192 0.0161737 0.0136643 0.0475141 0.0484380 0.0862453 0.0804004 0.0231720 0.0108678 0.0081336 0.0176789 0.0031642 0.0028037 0.0081336 0.0085065 0.0108779 0.0424224 0.0601542 0.0504743 0.0541663 0.0520729 0.0451612 0.0452315 0.0646125 0.0521796 0.0717942 0.0577346 0.0467240 0.0573478 0.0577700 0.0542620 0.0438736 0.0193682 0.0137395 0.0135946 0.0988592 0.0517334 0.0143970 0.0605788 0.0136643 0.0459183 0.0569440 0.0512579 0.0707459 0.0127898 0.0119342 0.0053979 0.0091447 0.0057672 0.0054075 0.0172637 0.0026816 0.0071701 0.0056690 0.0060337 0.0026816 0.0054559 0.0537940 0.0053814 0.0573457 
Ddeltrop   0.0722561 0.0668048 0.0587396 0.0692093 0.0653376 0.0763825 0.0806620 0.0544883 0.0270016 0.0655988 0.0144851 0.0153278 0.0722900 0.0030119 0.0031664 0.0030119 0.0000000 0.0688018 0.0611737 0.0514673 0.0609098 0.0620509 0.0152840 0.0184177 0.0194550 0.0184868 0.0505330 0.0522902 0.1017104 0.0957006 0.0296161 0.0153053 0.0122148 0.0212714 0.0063440 0.0063437 0.0122148 0.0128482 0.0153209 0.0412313 0.0559875 0.0538909 0.0579058 0.0556828 0.0477141 0.0477974 0.0610705 0.0557299 0.0673812 0.0688018 0.0534898 0.0671069 0.0544396 0.0647579 0.0532327 0.0122490 0.0154491 0.0152073 0.1196405 0.0585492 0.0193511 0.0645240 0.0184868 0.0519539 0.0684125 0.0613210 0.0753799 0.0160273 0.0159603 0.0091143 0.0122215 0.0095596 0.0091327 0.0194662 0.0060337 0.0107847 0.0096049 0.0030092 0.0060337 0.0090830 0.0576850 0.0090830 0.0608513 
Dleu       0.0735716 0.0891031 0.0726903 0.0742406 0.0674635 0.0777136 0.0816060 0.0641556 0.0273094 0.0524914 0.0643693 0.0582700 0.0926858 0.0577346 0.0607055 0.0577346 0.0688018 0.0000000 0.0764999 0.0485059 0.0769701 0.0785804 0.0577642 0.0607062 0.0729012 0.0609272 0.0705908 0.0738475 0.1009363 0.0955442 0.0639008 0.0642666 0.0484653 0.0595064 0.0725585 0.0574545 0.0484653 0.0507945 0.0514643 0.0641479 0.0923583 0.0736386 0.0764964 0.0830268 0.0670088 0.0671090 0.0994669 0.0751178 0.1013046 0.0000010 0.0708585 0.0856035 0.0831316 0.0578536 0.0534614 0.0675693 0.0612733 0.0671910 0.0961399 0.0774223 0.0643216 0.0613824 0.0609272 0.0713703 0.0607478 0.0548048 0.0667839 0.0765976 0.0782656 0.0515859 0.0619820 0.0623405 0.0550721 0.0744043 0.0547956 0.0704580 0.0579186 0.0654559 0.0547956 0.0525302 0.0740462 0.0517552 0.0840665 
Eaus       0.0666005 0.0461480 0.0373641 0.0698568 0.0663919 0.0764560 0.0802350 0.0602591 0.0087603 0.0510658 0.0632055 0.0576516 0.0681240 0.0541459 0.0569006 0.0541459 0.0611737 0.0764999 0.0000000 0.0032632 0.0028064 0.0653850 0.0541724 0.0570796 0.0647616 0.0572846 0.0500694 0.0517333 0.0851415 0.0793162 0.0628741 0.0605627 0.0509735 0.0630952 0.0575008 0.0537019 0.0509735 0.0534077 0.0539616 0.0569893 0.0635705 0.0530101 0.0566026 0.0511217 0.0476064 0.0476797 0.0707185 0.0546457 0.0704863 0.0764999 0.0527229 0.0639770 0.0570913 0.0632665 0.0532503 0.0638094 0.0576072 0.0634570 0.1140018 0.0481718 0.0572550 0.0685383 0.0572846 0.0453001 0.0664212 0.0602143 0.0698775 0.0611106 0.0639366 0.0480918 0.0544841 0.0551688 0.0545269 0.0666364 0.0512433 0.0695508 0.0573209 0.0578858 0.0512433 0.0459463 0.0563250 0.0482484 0.0566429 
Egla       0.0481999 0.0322257 0.0348995 0.0510461 0.0516423 0.0633262 0.0671154 0.0444314 0.0132014 0.0549187 0.0358462 0.0430702 0.0503660 0.0443842 0.0471200 0.0443842 0.0514673 0.0485059 0.0032632 0.0000000 0.0034450 0.0467948 0.0444075 0.0478837 0.0504405 0.0442699 0.0505956 0.0428323 0.0661336 0.0619845 0.0543521 0.0483073 0.0371299 0.0372581 0.0462839 0.0432950 0.0371299 0.0392660 0.0371299 0.0514094 0.0632334 0.0542031 0.0512346 0.0414110 0.0475762 0.0441034 0.0723905 0.0525363 0.0665171 0.0485059 0.0499247 0.0638315 0.0552794 0.0446557 0.0446557 0.0518578 0.0407444 0.0518546 0.0496522 0.0371164 0.0436508 0.0436619 0.0442699 0.0337078 0.0509876 0.0446557 0.0405868 0.0552096 0.0509779 0.0372206 0.0432929 0.0447262 0.0409177 0.0549186 0.0409177 0.0488870 0.0434372 0.0474367 0.0409177 0.0344468 0.0507066 0.0373674 0.0590001 
Ejap       0.0666126 0.0510291 0.0406220 0.0666209 0.0663946 0.0769238 0.0769238 0.0599842 0.0087603 0.0542505 0.0584270 0.0572101 0.0644998 0.0535986 0.0537443 0.0535986 0.0609098 0.0769701 0.0028064 0.0034450 0.0000000 0.0617271 0.0536258 0.0566632 0.0611435 0.0568758 0.0469812 0.0556547 0.0821242 0.0760349 0.0597009 0.0600915 0.0502879 0.0591555 0.0539332 0.0505665 0.0502879 0.0502879 0.0534077 0.0565698 0.0593528 0.0499140 0.0561688 0.0501620 0.0437932 0.0468555 0.0671271 0.0529514 0.0660592 0.0769701 0.0520559 0.0602165 0.0566268 0.0598576 0.0493148 0.0636935 0.0572108 0.0633258 0.1140018 0.0473606 0.0540798 0.0644762 0.0568758 0.0443618 0.0632078 0.0566902 0.0652150 0.0575176 0.0594186 0.0472789 0.0538816 0.0519415 0.0539929 0.0634191 0.0505665 0.0654388 0.0541407 0.0574548 0.0505665 0.0450233 0.0532002 0.0474398 0.0531245 
Erob       0.0301142 0.0581620 0.0518318 0.0266737 0.0265920 0.0232633 0.0232633 0.0197958 0.0333605 0.0368141 0.0615439 0.0582833 0.0440114 0.0584780 0.0584780 0.0584780 0.0620509 0.0785804 0.0653850 0.0467948 0.0617271 0.0000000 0.0583312 0.0620237 0.0622933 0.0622933 0.0513204 0.0656986 0.0888891 0.0817679 0.0663618 0.0660317 0.0546283 0.0592558 0.0620030 0.0549735 0.0546283 0.0546283 0.0582418 0.0736910 0.0614318 0.0547349 0.0620329 0.0648592 0.0475836 0.0511613 0.0691237 0.0582853 0.0684765 0.0785804 0.0660721 0.0775002 0.0656505 0.0738747 0.0653868 0.0550304 0.0553613 0.0658057 0.1236258 0.0554981 0.0618729 0.0835004 0.0622933 0.0519740 0.0855951 0.0776776 0.0872419 0.0622896 0.0686117 0.0511506 0.0548977 0.0586976 0.0553036 0.0659901 0.0549735 0.0626442 0.0553036 0.0585356 0.0549735 0.0513507 0.0585999 0.0513507 0.0547069 
Fatt       0.0608001 0.0616328 0.0478445 0.0608245 0.0578106 0.0674577 0.0707797 0.0482824 0.0269684 0.0480394 0.0172403 0.0183601 0.0685410 0.0108813 0.0113817 0.0108813 0.0152840 0.0577642 0.0541724 0.0444075 0.0536258 0.0583312 0.0000000 0.0026937 0.0031828 0.0027015 0.0475365 0.0483042 0.0863035 0.0804545 0.0172840 0.0109472 0.0135949 0.0211585 0.0160663 0.0085254 0.0135949 0.0142197 0.0163632 0.0451678 0.0645382 0.0504989 0.0541927 0.0476433 0.0451808 0.0452512 0.0714179 0.0522049 0.0715792 0.0577642 0.0467468 0.0573841 0.0576344 0.0542885 0.0438930 0.0193735 0.0137427 0.0136938 0.0989445 0.0517582 0.0085579 0.0604118 0.0027015 0.0459388 0.0569742 0.0512820 0.0705230 0.0194221 0.0160974 0.0053989 0.0091220 0.0116635 0.0109546 0.0233285 0.0081509 0.0145388 0.0114620 0.0122104 0.0081509 0.0110270 0.0538214 0.0109010 0.0572039 
Ggri       0.0637469 0.0667659 0.0510918 0.0639189 0.0607507 0.0704445 0.0739133 0.0511725 0.0269684 0.0517971 0.0216776 0.0215104 0.0722595 0.0136192 0.0142827 0.0136192 0.0184177 0.0607062 0.0570796 0.0478837 0.0566632 0.0620237 0.0026937 0.0000000 0.0063942 0.0054123 0.0505584 0.0522640 0.0893503 0.0836191 0.0201913 0.0137020 0.0163349 0.0248047 0.0193642 0.0113828 0.0163349 0.0170864 0.0191146 0.0510983 0.0645382 0.0535220 0.0570980 0.0518748 0.0480530 0.0481274 0.0751256 0.0551582 0.0761719 0.0607062 0.0499165 0.0610367 0.0610770 0.0572025 0.0468708 0.0221692 0.0165127 0.0164535 0.1025363 0.0546883 0.0114557 0.0644931 0.0054123 0.0488594 0.0600343 0.0541861 0.0753391 0.0227590 0.0202324 0.0081093 0.0122145 0.0146383 0.0137112 0.0262768 0.0108823 0.0182637 0.0143839 0.0153275 0.0108823 0.0138362 0.0568653 0.0136439 0.0608249 
Gmac       0.0765627 0.0671692 0.0589833 0.0694820 0.0692125 0.0809870 0.0809870 0.0576654 0.0326699 0.0604986 0.0243352 0.0227234 0.0725744 0.0161737 0.0161737 0.0161737 0.0194550 0.0729012 0.0647616 0.0504405 0.0611435 0.0622933 0.0031828 0.0063942 0.0000000 0.0000010 0.0577465 0.0525089 0.1031987 0.0960940 0.0229636 0.0162282 0.0193978 0.0249128 0.0194405 0.0129195 0.0193978 0.0193978 0.0227118 0.0574615 0.0692629 0.0611307 0.0684089 0.0655179 0.0540021 0.0575702 0.0754516 0.0646664 0.0765818 0.0729012 0.0609248 0.0718249 0.0646749 0.0648290 0.0487194 0.0063507 0.0096157 0.0161787 0.1201787 0.0620187 0.0128430 0.0648030 0.0000010 0.0550252 0.0686800 0.0612064 0.0757649 0.0228498 0.0203326 0.0096157 0.0128981 0.0162254 0.0163029 0.0264337 0.0129195 0.0183452 0.0163029 0.0161886 0.0129195 0.0162076 0.0650061 0.0162076 0.0610843 
Gmel       0.0639796 0.0671692 0.0512964 0.0641630 0.0609717 0.0707058 0.0742013 0.0513547 0.0269684 0.0478788 0.0217928 0.0215913 0.0725744 0.0136643 0.0143323 0.0136643 0.0184868 0.0609272 0.0572846 0.0442699 0.0568758 0.0622933 0.0027015 0.0054123 0.0000010 0.0000000 0.0507466 0.0525089 0.0896907 0.0839494 0.0202625 0.0137476 0.0163891 0.0249128 0.0194405 0.0114220 0.0163891 0.0171457 0.0191783 0.0512801 0.0692629 0.0537216 0.0573029 0.0521347 0.0482228 0.0482977 0.0754516 0.0553592 0.0765818 0.0609272 0.0501114 0.0613129 0.0613245 0.0574084 0.0437767 0.0164330 0.0108804 0.0165084 0.1030051 0.0548860 0.0114954 0.0648030 0.0000010 0.0490350 0.0602616 0.0543803 0.0757649 0.0228498 0.0203326 0.0081358 0.0122597 0.0146904 0.0137569 0.0263711 0.0109181 0.0183452 0.0144342 0.0153847 0.0109181 0.0138827 0.0570791 0.0136891 0.0610843 
Hamp       0.0571694 0.0321243 0.0278421 0.0542476 0.0540643 0.0643118 0.0643118 0.0506722 0.0270356 0.0506523 0.0494800 0.0538472 0.0613979 0.0475141 0.0476425 0.0475141 0.0505330 0.0705908 0.0500694 0.0505956 0.0469812 0.0513204 0.0475365 0.0505584 0.0577465 0.0507466 0.0000000 0.0521283 0.0759765 0.0698938 0.0535767 0.0539276 0.0442506 0.0511448 0.0574831 0.0444987 0.0442506 0.0442506 0.0473420 0.0505717 0.0113701 0.0056328 0.0113387 0.0162393 0.0028058 0.0056304 0.0192819 0.0084639 0.0118116 0.0705908 0.0125426 0.0170792 0.0160677 0.0599468 0.0526569 0.0574586 0.0510457 0.0571301 0.1065345 0.0443983 0.0510881 0.0686451 0.0507466 0.0384170 0.0632969 0.0567790 0.0751200 0.0613275 0.0591273 0.0412598 0.0505223 0.0488964 0.0478631 0.0572145 0.0444987 0.0615873 0.0479934 0.0471085 0.0444987 0.0420371 0.0171182 0.0413999 0.0226860 
Igeo       0.0814779 0.0529676 0.0403602 0.0733251 0.0730098 0.0866587 0.0866587 0.0608077 0.0191012 0.0471866 0.0571256 0.0482542 0.0769888 0.0484380 0.0484380 0.0484380 0.0522902 0.0738475 0.0517333 0.0428323 0.0556547 0.0656986 0.0483042 0.0522640 0.0525089 0.0525089 0.0521283 0.0000000 0.1018027 0.0939979 0.0521457 0.0565197 0.0443403 0.0536790 0.0522460 0.0446525 0.0443403 0.0443403 0.0482194 0.0560986 0.0572702 0.0558413 0.0637900 0.0608847 0.0480608 0.0519528 0.0675216 0.0597059 0.0641013 0.0738475 0.0546539 0.0591404 0.0597177 0.0602892 0.0552016 0.0446994 0.0489390 0.0563114 0.1109719 0.0527249 0.0521392 0.0596662 0.0525089 0.0527249 0.0485502 0.0563156 0.0689842 0.0564504 0.0630076 0.0405929 0.0445810 0.0486322 0.0488856 0.0567622 0.0446525 0.0560372 0.0488856 0.0484907 0.0446525 0.0407671 0.0556489 0.0407671 0.0557897 
Kbre       0.0932564 0.1036619 0.0782445 0.0906172 0.0899357 0.0971826 0.0979508 0.0930456 0.0453350 0.0593821 0.0740288 0.0905687 0.0951150 0.0862453 0.0868201 0.0862453 0.1017104 0.1009363 0.0851415 0.0661336 0.0821242 0.0888891 0.0863035 0.0893503 0.1031987 0.0896907 0.0759765 0.1018027 0.0000000 0.0143670 0.0930085 0.0930201 0.0763828 0.0881327 0.1027006 0.0833938 0.0763828 0.0763265 0.0795473 0.0858918 0.1041228 0.0790054 0.0789051 0.0870215 0.0757404 0.0758492 0.1050878 0.0800653 0.1132142 0.1009363 0.0841486 0.0959119 0.1005657 0.0992790 0.0964506 0.0969060 0.0902034 0.0898097 0.1391188 0.0573087 0.0907140 0.1162165 0.0896907 0.0543968 0.1002761 0.0959976 0.1202269 0.1070759 0.1124435 0.0797120 0.0945221 0.0892299 0.0836156 0.0972120 0.0831852 0.1090217 0.0840818 0.0981988 0.0831852 0.0812112 0.0825852 0.0799710 0.0901429 
Ksim       0.0876230 0.0937762 0.0717112 0.0843854 0.0840917 0.0915508 0.0915508 0.0873127 0.0408342 0.0587898 0.0698019 0.0840157 0.0880928 0.0804004 0.0806290 0.0804004 0.0957006 0.0955442 0.0793162 0.0619845 0.0760349 0.0817679 0.0804545 0.0836191 0.0960940 0.0839494 0.0698938 0.0939979 0.0143670 0.0000000 0.0868153 0.0873883 0.0702256 0.0845940 0.0956291 0.0772269 0.0702256 0.0702256 0.0734967 0.0869292 0.0957730 0.0729237 0.0795115 0.0830993 0.0664720 0.0697054 0.0980825 0.0761209 0.1044853 0.0955442 0.0776610 0.0885333 0.0945624 0.0903653 0.0871019 0.0913784 0.0844509 0.0908231 0.1318845 0.0505747 0.0844802 0.1082129 0.0839494 0.0475591 0.0940223 0.0869920 0.1110044 0.0999527 0.1084038 0.0736530 0.0882151 0.0828641 0.0776430 0.0909582 0.0772269 0.1009737 0.0778646 0.0920419 0.0772269 0.0750945 0.0764674 0.0739040 0.0831899 
Lacu       0.0772353 0.0665666 0.0509927 0.0742726 0.0707182 0.0811823 0.0811823 0.0603922 0.0362146 0.0632318 0.0402008 0.0329483 0.0803769 0.0231720 0.0232326 0.0231720 0.0296161 0.0639008 0.0628741 0.0543521 0.0597009 0.0663618 0.0172840 0.0201913 0.0229636 0.0202625 0.0535767 0.0521457 0.0930085 0.0868153 0.0000000 0.0232438 0.0260557 0.0324740 0.0295937 0.0202508 0.0260557 0.0260557 0.0290414 0.0503274 0.0687440 0.0565430 0.0628883 0.0553654 0.0503147 0.0534327 0.0786321 0.0596306 0.0714842 0.0639008 0.0558861 0.0609056 0.0678599 0.0565867 0.0525324 0.0324485 0.0263561 0.0262536 0.0985102 0.0604148 0.0203840 0.0643375 0.0202625 0.0542859 0.0630971 0.0565973 0.0751415 0.0331725 0.0246731 0.0172409 0.0229116 0.0238234 0.0233388 0.0356232 0.0202508 0.0260126 0.0234002 0.0262894 0.0202508 0.0235657 0.0599089 0.0232166 0.0642736 
Lalb       0.0673429 0.0670963 0.0547186 0.0674600 0.0643087 0.0741577 0.0775726 0.0545774 0.0270155 0.0562263 0.0262897 0.0248650 0.0763417 0.0108678 0.0113582 0.0108678 0.0153053 0.0642666 0.0605627 0.0483073 0.0600915 0.0660317 0.0109472 0.0137020 0.0162282 0.0137476 0.0539276 0.0565197 0.0930201 0.0873883 0.0232438 0.0000000 0.0192501 0.0286046 0.0160298 0.0084860 0.0192501 0.0200776 0.0220665 0.0545007 0.0690007 0.0569124 0.0605784 0.0609765 0.0514070 0.0514866 0.0792100 0.0584803 0.0765038 0.0642666 0.0536414 0.0652011 0.0650485 0.0606949 0.0503380 0.0251966 0.0194615 0.0136770 0.1028985 0.0581754 0.0144234 0.0647479 0.0137476 0.0522782 0.0635115 0.0576373 0.0756842 0.0193786 0.0119690 0.0109211 0.0154422 0.0057707 0.0109410 0.0172731 0.0081406 0.0108190 0.0114382 0.0122270 0.0081406 0.0110403 0.0603015 0.0108874 0.0647485 
Laus       0.0575195 0.0565011 0.0443140 0.0573818 0.0545541 0.0640955 0.0672338 0.0451349 0.0223217 0.0439453 0.0042659 0.0030158 0.0648081 0.0081336 0.0085281 0.0081336 0.0122148 0.0484653 0.0509735 0.0371299 0.0502879 0.0546283 0.0135949 0.0163349 0.0193978 0.0163891 0.0442506 0.0443403 0.0763828 0.0702256 0.0260557 0.0192501 0.0000000 0.0069590 0.0128388 0.0113586 0.0000010 0.0000010 0.0026854 0.0393390 0.0601588 0.0471943 0.0509955 0.0476406 0.0420700 0.0421357 0.0607879 0.0489899 0.0669767 0.0484653 0.0465551 0.0571183 0.0541805 0.0451440 0.0406766 0.0221245 0.0164792 0.0220139 0.0908578 0.0485478 0.0172669 0.0484345 0.0163891 0.0427715 0.0473479 0.0421995 0.0564228 0.0227054 0.0242954 0.0080929 0.0121867 0.0146065 0.0136833 0.0262218 0.0108602 0.0182147 0.0143532 0.0152927 0.0108602 0.0082322 0.0504747 0.0081190 0.0535742 
Lbor       0.0714772 0.0707036 0.0564056 0.0638232 0.0634653 0.0673928 0.0673928 0.0511175 0.0251896 0.0524251 0.0165555 0.0069590 0.0715647 0.0176789 0.0176789 0.0176789 0.0212714 0.0595064 0.0630952 0.0372581 0.0591555 0.0592558 0.0211585 0.0248047 0.0249128 0.0249128 0.0511448 0.0536790 0.0881327 0.0845940 0.0324740 0.0286046 0.0069590 0.0000000 0.0212541 0.0212534 0.0069590 0.0069590 0.0034640 0.0476403 0.0673335 0.0550318 0.0628673 0.0703892 0.0511448 0.0550039 0.0628974 0.0588648 0.0753600 0.0595064 0.0584159 0.0702091 0.0588541 0.0549459 0.0454989 0.0212712 0.0250758 0.0248592 0.1029996 0.0639777 0.0211694 0.0536602 0.0249128 0.0563244 0.0590189 0.0510876 0.0636531 0.0285731 0.0326648 0.0175640 0.0212163 0.0249250 0.0250539 0.0363123 0.0212534 0.0285381 0.0250539 0.0248611 0.0212534 0.0176374 0.0630480 0.0176374 0.0590577 
Lhos30470  0.0762022 0.0667347 0.0586910 0.0691563 0.0688892 0.0806006 0.0806006 0.0574029 0.0324845 0.0704638 0.0193615 0.0161148 0.0722351 0.0031642 0.0031642 0.0031642 0.0063440 0.0725585 0.0575008 0.0462839 0.0539332 0.0620030 0.0160663 0.0193642 0.0194405 0.0194405 0.0574831 0.0522460 0.1027006 0.0956291 0.0295937 0.0160298 0.0128388 0.0212541 0.0000000 0.0063391 0.0128388 0.0128388 0.0161071 0.0503353 0.0642690 0.0608513 0.0680925 0.0654126 0.0537581 0.0573084 0.0681041 0.0643693 0.0761403 0.0725585 0.0606128 0.0714146 0.0643779 0.0645300 0.0524161 0.0128765 0.0162479 0.0159817 0.1195444 0.0617304 0.0193368 0.0644692 0.0194405 0.0547717 0.0683604 0.0609258 0.0753062 0.0160155 0.0159457 0.0095775 0.0128461 0.0095526 0.0095978 0.0194518 0.0063391 0.0107758 0.0095978 0.0095319 0.0063391 0.0095429 0.0647061 0.0095429 0.0608051 
Lhos452    0.0606310 0.0569928 0.0445810 0.0576993 0.0575032 0.0675991 0.0675991 0.0475448 0.0178239 0.0511619 0.0173486 0.0161143 0.0652047 0.0028037 0.0028106 0.0028037 0.0063437 0.0574545 0.0537019 0.0432950 0.0505665 0.0549735 0.0085254 0.0113828 0.0129195 0.0114220 0.0444987 0.0446525 0.0833938 0.0772269 0.0202508 0.0084860 0.0113586 0.0212534 0.0063391 0.0000000 0.0113586 0.0113586 0.0142431 0.0474696 0.0560655 0.0474569 0.0537235 0.0556567 0.0412955 0.0443783 0.0681042 0.0505140 0.0674776 0.0574545 0.0458554 0.0537009 0.0574583 0.0506118 0.0396761 0.0173563 0.0114878 0.0113611 0.0952363 0.0511718 0.0115038 0.0567131 0.0114220 0.0450838 0.0538883 0.0474905 0.0662184 0.0095782 0.0079405 0.0028180 0.0064026 0.0028790 0.0028232 0.0143687 0.0000010 0.0035790 0.0028302 0.0031671 0.0000010 0.0028494 0.0507548 0.0028089 0.0539076 
Lobl       0.0575195 0.0565011 0.0443140 0.0573818 0.0545541 0.0640955 0.0672338 0.0451349 0.0223217 0.0439453 0.0042659 0.0030158 0.0648081 0.0081336 0.0085281 0.0081336 0.0122148 0.0484653 0.0509735 0.0371299 0.0502879 0.0546283 0.0135949 0.0163349 0.0193978 0.0163891 0.0442506 0.0443403 0.0763828 0.0702256 0.0260557 0.0192501 0.0000010 0.0069590 0.0128388 0.0113586 0.0000000 0.0000010 0.0026854 0.0393390 0.0601588 0.0471943 0.0509955 0.0476406 0.0420700 0.0421357 0.0607879 0.0489899 0.0669767 0.0484653 0.0465551 0.0571183 0.0541805 0.0451440 0.0406766 0.0221245 0.0164792 0.0220139 0.0908578 0.0485478 0.0172669 0.0484345 0.0163891 0.0427715 0.0473479 0.0421995 0.0564228 0.0227054 0.0242954 0.0080929 0.0121867 0.0146065 0.0136833 0.0262218 0.0108602 0.0182147 0.0143532 0.0152927 0.0108602 0.0082322 0.0504747 0.0081190 0.0535742 
Lobs       0.0603007 0.0565011 0.0443140 0.0573818 0.0571877 0.0672338 0.0672338 0.0472813 0.0223217 0.0466947 0.0042659 0.0031707 0.0648081 0.0085065 0.0085281 0.0085065 0.0128482 0.0507945 0.0534077 0.0392660 0.0502879 0.0546283 0.0142197 0.0170864 0.0193978 0.0171457 0.0442506 0.0443403 0.0763265 0.0702256 0.0260557 0.0200776 0.0000010 0.0069590 0.0128388 0.0113586 0.0000010 0.0000000 0.0028079 0.0412050 0.0601588 0.0471943 0.0534293 0.0508937 0.0410656 0.0441314 0.0607879 0.0502597 0.0669767 0.0507945 0.0490011 0.0571183 0.0571066 0.0441439 0.0394464 0.0231587 0.0172443 0.0230374 0.0908578 0.0508870 0.0172669 0.0484345 0.0171457 0.0448294 0.0473479 0.0410759 0.0564228 0.0227054 0.0242954 0.0084619 0.0128171 0.0146065 0.0143164 0.0262218 0.0113586 0.0182147 0.0143532 0.0160878 0.0113586 0.0086144 0.0504747 0.0084905 0.0535742 
Lper       0.0605633 0.0615047 0.0476344 0.0605760 0.0575846 0.0671949 0.0704924 0.0480937 0.0223217 0.0439453 0.0085730 0.0060525 0.0684428 0.0108779 0.0114071 0.0108779 0.0153209 0.0514643 0.0539616 0.0371299 0.0534077 0.0582418 0.0163632 0.0191146 0.0227118 0.0191783 0.0473420 0.0482194 0.0795473 0.0734967 0.0290414 0.0220665 0.0026854 0.0034640 0.0161071 0.0142431 0.0026854 0.0028079 0.0000000 0.0422734 0.0644263 0.0502932 0.0539820 0.0518223 0.0450043 0.0450743 0.0643755 0.0520196 0.0714556 0.0514643 0.0498143 0.0609006 0.0575516 0.0481045 0.0437149 0.0249653 0.0192839 0.0248395 0.0946437 0.0515544 0.0202075 0.0523611 0.0191783 0.0457566 0.0504597 0.0451440 0.0610312 0.0260412 0.0284694 0.0108233 0.0152859 0.0175849 0.0164698 0.0292254 0.0136163 0.0219449 0.0172785 0.0184137 0.0136163 0.0110103 0.0536021 0.0108583 0.0571182 
Lvex       0.0764890 0.0613885 0.0577520 0.0773060 0.0734132 0.0837866 0.0879839 0.0638740 0.0362513 0.0554081 0.0496553 0.0443812 0.0763776 0.0424224 0.0413968 0.0424224 0.0412313 0.0641479 0.0569893 0.0514094 0.0565698 0.0736910 0.0451678 0.0510983 0.0574615 0.0512801 0.0505717 0.0560986 0.0858918 0.0869292 0.0503274 0.0545007 0.0393390 0.0476403 0.0503353 0.0474696 0.0393390 0.0412050 0.0422734 0.0000000 0.0645017 0.0535395 0.0510931 0.0476517 0.0480624 0.0481369 0.0644238 0.0551776 0.0625976 0.0641479 0.0598204 0.0725677 0.0575996 0.0632978 0.0529724 0.0576974 0.0515687 0.0573611 0.1025069 0.0577087 0.0508565 0.0603469 0.0512801 0.0518615 0.0664510 0.0602476 0.0704410 0.0610304 0.0548325 0.0422060 0.0476905 0.0486678 0.0485263 0.0638983 0.0453061 0.0531791 0.0477722 0.0444665 0.0453061 0.0399151 0.0568881 0.0423436 0.0641951 
Mbid       0.0782696 0.0352505 0.0348234 0.0695970 0.0606576 0.0700566 0.0700566 0.0648187 0.0373605 0.0710966 0.0663643 0.0644825 0.0691487 0.0601542 0.0601542 0.0601542 0.0559875 0.0923583 0.0635705 0.0632334 0.0593528 0.0614318 0.0645382 0.0645382 0.0692629 0.0692629 0.0113701 0.0572702 0.1041228 0.0957730 0.0687440 0.0690007 0.0601588 0.0673335 0.0642690 0.0560655 0.0601588 0.0601588 0.0644263 0.0645017 0.0000000 0.0151626 0.0229416 0.0325193 0.0075209 0.0113296 0.0267602 0.0189986 0.0174589 0.0923583 0.0263467 0.0263467 0.0268607 0.0819838 0.0683600 0.0606751 0.0654562 0.0687245 0.1554593 0.0519797 0.0686985 0.0844328 0.0692629 0.0479209 0.0824257 0.0775714 0.0896016 0.0689054 0.0744111 0.0560655 0.0605044 0.0604184 0.0607495 0.0689492 0.0560655 0.0704078 0.0607495 0.0519147 0.0560655 0.0518402 0.0230048 0.0518402 0.0309175 
Mbow       0.0601675 0.0367143 0.0309359 0.0572505 0.0570571 0.0673562 0.0673562 0.0536450 0.0315407 0.0545382 0.0492152 0.0572035 0.0647970 0.0504743 0.0506108 0.0504743 0.0538909 0.0736386 0.0530101 0.0542031 0.0499140 0.0547349 0.0504989 0.0535220 0.0611307 0.0537216 0.0056328 0.0558413 0.0790054 0.0729237 0.0565430 0.0569124 0.0471943 0.0550318 0.0608513 0.0474569 0.0471943 0.0471943 0.0502932 0.0535395 0.0151626 0.0000000 0.0113112 0.0162393 0.0056134 0.0084467 0.0127191 0.0027942 0.0157515 0.0736386 0.0062068 0.0101340 0.0095381 0.0629345 0.0557465 0.0604696 0.0540374 0.0601230 0.1100336 0.0473556 0.0540797 0.0724462 0.0537216 0.0413696 0.0663008 0.0597591 0.0795261 0.0647200 0.0636489 0.0442006 0.0538808 0.0519438 0.0508445 0.0602116 0.0474569 0.0654145 0.0509830 0.0504639 0.0474569 0.0450329 0.0199718 0.0443510 0.0259291 
Mcar       0.0635184 0.0463655 0.0373795 0.0636790 0.0605260 0.0704655 0.0739420 0.0572270 0.0315443 0.0474558 0.0587069 0.0610704 0.0721435 0.0541663 0.0569200 0.0541663 0.0579058 0.0764964 0.0566026 0.0512346 0.0561688 0.0620329 0.0541927 0.0570980 0.0684089 0.0573029 0.0113387 0.0637900 0.0789051 0.0795115 0.0628883 0.0605784 0.0509955 0.0628673 0.0680925 0.0537235 0.0509955 0.0534293 0.0539820 0.0510931 0.0229416 0.0113112 0.0000000 0.0230603 0.0135268 0.0135483 0.0258264 0.0138212 0.0238409 0.0764964 0.0179816 0.0240240 0.0214774 0.0693260 0.0626141 0.0638222 0.0576254 0.0634701 0.1062183 0.0511937 0.0604608 0.0807291 0.0573029 0.0454389 0.0727935 0.0662487 0.0892086 0.0720428 0.0727715 0.0481150 0.0578970 0.0584318 0.0545471 0.0666466 0.0512653 0.0736890 0.0573401 0.0546278 0.0512653 0.0489845 0.0258416 0.0482715 0.0326507 
Mden       0.0645761 0.0680249 0.0413905 0.0692494 0.0643608 0.0689565 0.0737566 0.0599493 0.0331153 0.0473112 0.0577155 0.0553014 0.0868168 0.0520729 0.0556567 0.0520729 0.0556828 0.0830268 0.0511217 0.0414110 0.0501620 0.0648592 0.0476433 0.0518748 0.0655179 0.0521347 0.0162393 0.0608847 0.0870215 0.0830993 0.0553654 0.0609765 0.0476406 0.0703892 0.0654126 0.0556567 0.0476406 0.0508937 0.0518223 0.0476517 0.0325193 0.0162393 0.0230603 0.0000000 0.0190881 0.0191308 0.0188771 0.0196512 0.0283602 0.0830268 0.0130529 0.0188320 0.0130952 0.0728581 0.0634815 0.0611622 0.0567858 0.0607703 0.1238617 0.0603554 0.0554013 0.0899624 0.0521347 0.0562588 0.0688321 0.0685330 0.0979852 0.0762639 0.0926660 0.0476433 0.0604129 0.0610131 0.0567158 0.0743667 0.0520729 0.0863384 0.0606631 0.0556828 0.0520729 0.0478613 0.0374040 0.0478613 0.0336802 
Meur       0.0543079 0.0272827 0.0245952 0.0509417 0.0513613 0.0610485 0.0609033 0.0481538 0.0223274 0.0474104 0.0445944 0.0508467 0.0576137 0.0451612 0.0444117 0.0451612 0.0477141 0.0670088 0.0476064 0.0475762 0.0437932 0.0475836 0.0451808 0.0480530 0.0540021 0.0482228 0.0028058 0.0480608 0.0757404 0.0664720 0.0503147 0.0514070 0.0420700 0.0511448 0.0537581 0.0412955 0.0420700 0.0410656 0.0450043 0.0480624 0.0075209 0.0056134 0.0135268 0.0190881 0.0000000 0.0053630 0.0192065 0.0082323 0.0078105 0.0670088 0.0148904 0.0170081 0.0182902 0.0600540 0.0531102 0.0545708 0.0484934 0.0542749 0.1023681 0.0422010 0.0478120 0.0643664 0.0482228 0.0365171 0.0599401 0.0570297 0.0701161 0.0575517 0.0591273 0.0392277 0.0477036 0.0455727 0.0454767 0.0538982 0.0422955 0.0573269 0.0447373 0.0444805 0.0422955 0.0399300 0.0141830 0.0393554 0.0193170 
Mgin       0.0483773 0.0319881 0.0277621 0.0541001 0.0514408 0.0611417 0.0641365 0.0482286 0.0223274 0.0436865 0.0492782 0.0509345 0.0612105 0.0452315 0.0475136 0.0452315 0.0477974 0.0671090 0.0476797 0.0441034 0.0468555 0.0511613 0.0452512 0.0481274 0.0575702 0.0482977 0.0056304 0.0519528 0.0758492 0.0697054 0.0534327 0.0514866 0.0421357 0.0550039 0.0573084 0.0443783 0.0421357 0.0441314 0.0450743 0.0481369 0.0113296 0.0084467 0.0135483 0.0191308 0.0053630 0.0000000 0.0224866 0.0110102 0.0117679 0.0671090 0.0149165 0.0204857 0.0183228 0.0601446 0.0500892 0.0546549 0.0485690 0.0543582 0.0985784 0.0422672 0.0509493 0.0684128 0.0482977 0.0365751 0.0631265 0.0571164 0.0748287 0.0611416 0.0636123 0.0392893 0.0477869 0.0487607 0.0455480 0.0570597 0.0423619 0.0613757 0.0478626 0.0445588 0.0423619 0.0399938 0.0170725 0.0394175 0.0226174 
Mhec       0.0830813 0.0509541 0.0463604 0.0760011 0.0757075 0.0879251 0.0879251 0.0716874 0.0553452 0.0795261 0.0605100 0.0644227 0.0792285 0.0646125 0.0646125 0.0646125 0.0610705 0.0994669 0.0707185 0.0723905 0.0671271 0.0691237 0.0714179 0.0751256 0.0754516 0.0754516 0.0192819 0.0675216 0.1050878 0.0980825 0.0786321 0.0792100 0.0607879 0.0628974 0.0681041 0.0681042 0.0607879 0.0607879 0.0643755 0.0644238 0.0267602 0.0127191 0.0258264 0.0188771 0.0192065 0.0224866 0.0000000 0.0095135 0.0278091 0.0994669 0.0142525 0.0156580 0.0159488 0.0861715 0.0787783 0.0681794 0.0722703 0.0789396 0.1419174 0.0644270 0.0749214 0.0886760 0.0754516 0.0575277 0.0901927 0.0824532 0.0935552 0.0791140 0.0815965 0.0642278 0.0680196 0.0718623 0.0721882 0.0791571 0.0681042 0.0816793 0.0721882 0.0645502 0.0681042 0.0644723 0.0358608 0.0644723 0.0393006 
