83
Bacu       0.0000000 0.0999537 0.0911585 0.0108564 0.0255083 0.0237730 0.0228981 0.0262995 0.0267301 0.0637406 0.0726051 0.0310171 0.0644800 0.0680531 0.0671488 0.0667730 0.0688943 0.0350829 0.0351720 0.0369208 0.0288292 0.0682406 0.0722939 0.0712088 0.0682919 0.1039289 0.0825001 0.0944767 0.0854889 0.0691655 0.0707736 0.0679904 0.0703399 0.0657866 0.0654489 0.0669254 0.0671985 0.0638227 0.0890464 0.0964470 0.0936379 0.0826713 0.0854290 0.0873704 0.0825574 0.0879247 0.0917472 0.0857731 0.0687562 0.0904895 0.0934109 0.0884653 0.0736204 0.0707220 0.0711715 0.0658999 0.0726956 0.0737580 0.0665507 0.0732264 0.0744804 0.0682721 0.0734286 0.0739120 0.0744561 0.0768924 0.0643673 0.0624044 0.0683291 0.0683291 0.0665330 0.0709680 0.0673946 0.0680804 0.0654158 0.0676583 0.0662762 0.0684412 0.0644649 0.0619834 0.0879884 0.0662932 0.0982592 
Barn       0.0999537 0.0000000 0.0029875 0.0979794 0.0918431 0.0898525 0.0916757 0.0915521 0.0853235 0.0698665 0.0746919 0.0879188 0.0639267 0.0639267 0.0656441 0.0673839 0.0599747 0.0881908 0.0883912 0.0883912 0.1019871 0.0734442 0.0717308 0.0791659 0.0735474 0.0478496 0.0869616 0.1011263 0.0956566 0.0657695 0.0727653 0.0693334 0.0764342 0.0658453 0.0676248 0.0710765 0.0714044 0.0693334 0.0361914 0.0429335 0.0428123 0.0424705 0.0410306 0.0391234 0.0400892 0.0465326 0.0393563 0.0400705 0.0564761 0.0424934 0.0424438 0.0392109 0.0689748 0.0663256 0.0749773 0.0749171 0.0728289 0.0813793 0.0752779 0.0771320 0.0685017 0.0735077 0.0858677 0.0583219 0.0703516 0.0679655 0.0639267 0.0641216 0.0752622 0.0734160 0.0642452 0.0361932 0.0658911 0.0676053 0.0641425 0.0662442 0.0656757 0.0639267 0.0639267 0.0639267 0.0261894 0.0639267 0.0392883 
Bbai       0.0911585 0.0029875 0.0000000 0.0922582 0.0879203 0.0879347 0.0872039 0.0855933 0.0826559 0.0693825 0.0715788 0.0863207 0.0657970 0.0654454 0.0656043 0.0662175 0.0622609 0.0845219 0.0836887 0.0857837 0.0879308 0.0700460 0.0701336 0.0732597 0.0701024 0.0443210 0.0691900 0.1073291 0.0907487 0.0679505 0.0716418 0.0686874 0.0715707 0.0645480 0.0659550 0.0675387 0.0688691 0.0652059 0.0395498 0.0397861 0.0367588 0.0372802 0.0392567 0.0356483 0.0350152 0.0423638 0.0377124 0.0384857 0.0632102 0.0395681 0.0414179 0.0367587 0.0704974 0.0671347 0.0731233 0.0695939 0.0737606 0.0724807 0.0755010 0.0754453 0.0702380 0.0700807 0.0871321 0.0654959 0.0702896 0.0743261 0.0646468 0.0614681 0.0711892 0.0701461 0.0660383 0.0622148 0.0648525 0.0688008 0.0648858 0.0640126 0.0636436 0.0680124 0.0647521 0.0620888 0.0358169 0.0648024 0.0413163 
Bbon       0.0108564 0.0979794 0.0922582 0.0000000 0.0268902 0.0251125 0.0206974 0.0259450 0.0261961 0.0632026 0.0722516 0.0312807 0.0630384 0.0667326 0.0657571 0.0673523 0.0674704 0.0340008 0.0331909 0.0349649 0.0267760 0.0689119 0.0719728 0.0719510 0.0689647 0.1062335 0.0799600 0.0977505 0.0862186 0.0696051 0.0703739 0.0675459 0.0699228 0.0644465 0.0639390 0.0664608 0.0687200 0.0623152 0.0848595 0.0975704 0.0956866 0.0803848 0.0851868 0.0872406 0.0805893 0.0912170 0.0927566 0.0838673 0.0674054 0.0904226 0.0934030 0.0883572 0.0722805 0.0692194 0.0708287 0.0614679 0.0723849 0.0713979 0.0679961 0.0740172 0.0731575 0.0689443 0.0749571 0.0725720 0.0731325 0.0729654 0.0629264 0.0588538 0.0690034 0.0680188 0.0669618 0.0688954 0.0659150 0.0667054 0.0658211 0.0662467 0.0648676 0.0669765 0.0629401 0.0583699 0.0878796 0.0647987 0.1017481 
Bbor       0.0255083 0.0918431 0.0879203 0.0268902 0.0000000 0.0078559 0.0089671 0.0200204 0.0175244 0.0607021 0.0694154 0.0295263 0.0633130 0.0687446 0.0659303 0.0655529 0.0648192 0.0310549 0.0319792 0.0336849 0.0283446 0.0680257 0.0709629 0.0690645 0.0680760 0.1007170 0.0811267 0.0888051 0.0787740 0.0660515 0.0694739 0.0649095 0.0670627 0.0655381 0.0642621 0.0638744 0.0641298 0.0617305 0.0893867 0.0923633 0.0926618 0.0786023 0.0857512 0.0845913 0.0799858 0.0891304 0.0898017 0.0861400 0.0656524 0.0876332 0.0905114 0.0847023 0.0712870 0.0682302 0.0698667 0.0656622 0.0694975 0.0694459 0.0607431 0.0729242 0.0700992 0.0680565 0.0695503 0.0695261 0.0720602 0.0728615 0.0632046 0.0622293 0.0681123 0.0671669 0.0653218 0.0649951 0.0661673 0.0668433 0.0642302 0.0664048 0.0650741 0.0671908 0.0632988 0.0618170 0.0812455 0.0650906 0.0961417 
Bede66737  0.0237730 0.0898525 0.0879347 0.0251125 0.0078559 0.0000000 0.0024212 0.0167195 0.0175169 0.0587416 0.0674461 0.0277325 0.0613689 0.0666966 0.0639758 0.0635856 0.0628759 0.0293116 0.0302268 0.0319230 0.0265939 0.0660528 0.0689698 0.0670827 0.0661018 0.1007174 0.0799599 0.0886053 0.0776070 0.0641075 0.0675029 0.0629637 0.0650177 0.0634028 0.0623123 0.0619371 0.0621840 0.0597882 0.0877488 0.0923652 0.0926644 0.0772313 0.0857545 0.0827007 0.0786351 0.0879296 0.0898038 0.0871952 0.0637068 0.0876364 0.0905133 0.0856616 0.0693091 0.0661187 0.0678842 0.0636380 0.0675259 0.0673736 0.0606136 0.0709183 0.0701042 0.0660829 0.0679147 0.0695308 0.0700805 0.0704599 0.0612644 0.0602138 0.0661363 0.0651966 0.0633622 0.0637149 0.0642055 0.0648843 0.0622814 0.0644086 0.0631222 0.0652205 0.0613556 0.0598166 0.0812486 0.0631385 0.0961440 
BedeAUS    0.0228981 0.0916757 0.0872039 0.0206974 0.0089671 0.0024212 0.0000000 0.0156349 0.0181958 0.0591441 0.0672245 0.0269762 0.0588033 0.0633352 0.0606706 0.0625303 0.0634027 0.0286340 0.0295783 0.0313318 0.0258307 0.0647774 0.0677890 0.0658393 0.0648273 0.1014165 0.0800243 0.0879321 0.0764000 0.0625678 0.0672509 0.0635140 0.0656735 0.0617950 0.0608094 0.0624485 0.0636678 0.0605868 0.0909099 0.0908075 0.0921525 0.0798913 0.0867751 0.0808372 0.0786351 0.0884285 0.0891845 0.0883067 0.0642635 0.0869593 0.0889118 0.0849201 0.0700726 0.0668164 0.0656043 0.0646044 0.0663051 0.0683600 0.0600136 0.0698017 0.0708970 0.0648080 0.0688973 0.0703052 0.0708723 0.0716003 0.0597319 0.0611784 0.0648619 0.0638913 0.0609459 0.0637593 0.0627602 0.0625238 0.0598396 0.0629443 0.0616463 0.0638048 0.0598240 0.0607742 0.0803581 0.0616628 0.0957341 
Bmus       0.0262995 0.0915521 0.0855933 0.0259450 0.0200204 0.0167195 0.0156349 0.0000000 0.0218184 0.0615234 0.0702217 0.0303913 0.0622805 0.0676537 0.0648907 0.0654731 0.0638458 0.0301324 0.0293520 0.0293453 0.0240571 0.0670376 0.0699650 0.0680720 0.0670873 0.0995063 0.0775823 0.0905717 0.0805806 0.0650092 0.0684237 0.0657156 0.0679053 0.0623141 0.0632260 0.0646791 0.0668338 0.0625419 0.0829982 0.0911540 0.0895358 0.0758784 0.0836001 0.0796238 0.0785364 0.0856357 0.0866357 0.0848473 0.0646779 0.0845538 0.0874073 0.0825956 0.0702967 0.0661933 0.0688740 0.0656142 0.0685103 0.0722389 0.0624360 0.0719201 0.0692351 0.0670681 0.0704354 0.0705227 0.0710692 0.0716772 0.0621742 0.0621224 0.0671227 0.0661801 0.0633595 0.0676268 0.0651237 0.0658008 0.0631946 0.0653427 0.0640364 0.0661421 0.0622668 0.0617114 0.0821579 0.0640528 0.0950529 
Bphy_baits 0.0267301 0.0853235 0.0826559 0.0261961 0.0175244 0.0175169 0.0181958 0.0218184 0.0000000 0.0603682 0.0690030 0.0306827 0.0616203 0.0653327 0.0643533 0.0659738 0.0641682 0.0325252 0.0317081 0.0334908 0.0296817 0.0675471 0.0706181 0.0705965 0.0675995 0.0954035 0.0757328 0.0922626 0.0816038 0.0624961 0.0690637 0.0642926 0.0645427 0.0629685 0.0623577 0.0632118 0.0652477 0.0609649 0.0803274 0.0922901 0.0911362 0.0776403 0.0849176 0.0807134 0.0804045 0.0886650 0.0881169 0.0835398 0.0641059 0.0839102 0.0868975 0.0838368 0.0709293 0.0670278 0.0694414 0.0660689 0.0710102 0.0661060 0.0608734 0.0726697 0.0687331 0.0675792 0.0731569 0.0690873 0.0707774 0.0741290 0.0615409 0.0614876 0.0676059 0.0666175 0.0636259 0.0661945 0.0645089 0.0653060 0.0625241 0.0652077 0.0634894 0.0656039 0.0615544 0.0609442 0.0812997 0.0634216 0.0925588 
Ccom       0.0637406 0.0698665 0.0693825 0.0632026 0.0607021 0.0587416 0.0591441 0.0615234 0.0603682 0.0000000 0.0128653 0.0582680 0.0171078 0.0168989 0.0162403 0.0180569 0.0367553 0.0569173 0.0561285 0.0579672 0.0632992 0.0196310 0.0230417 0.0221886 0.0196471 0.0849235 0.0453043 0.0910612 0.0819194 0.0229753 0.0229213 0.0088149 0.0082679 0.0159633 0.0162367 0.0079899 0.0088077 0.0064390 0.0660812 0.0748917 0.0751583 0.0584762 0.0611481 0.0673200 0.0515838 0.0661771 0.0689218 0.0673969 0.0375806 0.0693194 0.0721218 0.0673989 0.0429244 0.0413907 0.0229970 0.0203219 0.0212280 0.0520167 0.0588501 0.0239182 0.0455403 0.0196407 0.0639650 0.0430484 0.0437031 0.0442825 0.0154205 0.0117936 0.0213386 0.0221797 0.0188256 0.0233655 0.0179670 0.0187367 0.0162753 0.0164501 0.0154233 0.0188283 0.0154438 0.0134158 0.0661299 0.0170905 0.0725000 
Chea       0.0726051 0.0746919 0.0715788 0.0722516 0.0694154 0.0674461 0.0672245 0.0702217 0.0690030 0.0128653 0.0000000 0.0653900 0.0167429 0.0165247 0.0158944 0.0176708 0.0359495 0.0656230 0.0639435 0.0657722 0.0719949 0.0192097 0.0225441 0.0217101 0.0192252 0.0851219 0.0440300 0.0878100 0.0789920 0.0224804 0.0224288 0.0062563 0.0098445 0.0174041 0.0159366 0.0062444 0.0078550 0.0063033 0.0641535 0.0766860 0.0736509 0.0632739 0.0589756 0.0678354 0.0563433 0.0702959 0.0724249 0.0695464 0.0367570 0.0679394 0.0706828 0.0660598 0.0419771 0.0407215 0.0225014 0.0190297 0.0191349 0.0498830 0.0575237 0.0234006 0.0445327 0.0192190 0.0702320 0.0420950 0.0427393 0.0449946 0.0150923 0.0107022 0.0208791 0.0217016 0.0184214 0.0218686 0.0175821 0.0183363 0.0159279 0.0162160 0.0150949 0.0184240 0.0151146 0.0123019 0.0646504 0.0167257 0.0734101 
Cmar       0.0310171 0.0879188 0.0863207 0.0312807 0.0295263 0.0277325 0.0269762 0.0303913 0.0306827 0.0582680 0.0653900 0.0000000 0.0600343 0.0636979 0.0627327 0.0642848 0.0644614 0.0269386 0.0252597 0.0269987 0.0347148 0.0658243 0.0688472 0.0688264 0.0658750 0.1047395 0.0750785 0.0860704 0.0765573 0.0666391 0.0673279 0.0617111 0.0647701 0.0622792 0.0590633 0.0615890 0.0637945 0.0593586 0.0891920 0.0930758 0.0923154 0.0843525 0.0841359 0.0850050 0.0834697 0.0874928 0.0893460 0.0881494 0.0643995 0.0871141 0.0881079 0.0850715 0.0711624 0.0690307 0.0677223 0.0643097 0.0654734 0.0693585 0.0630629 0.0708671 0.0719881 0.0658554 0.0705889 0.0714001 0.0719628 0.0775385 0.0599285 0.0597769 0.0659105 0.0649367 0.0620100 0.0647937 0.0628827 0.0636724 0.0608972 0.0631546 0.0618486 0.0639292 0.0599415 0.0592861 0.0825412 0.0617833 0.0917156 
Dcap108471 0.0644800 0.0639267 0.0657970 0.0630384 0.0633130 0.0613689 0.0588033 0.0622805 0.0616203 0.0171078 0.0167429 0.0600343 0.0000000 0.0065254 0.0054879 0.0071311 0.0301789 0.0577400 0.0569642 0.0587764 0.0640309 0.0119566 0.0152352 0.0144141 0.0119664 0.0808405 0.0367914 0.0835608 0.0735350 0.0184130 0.0167894 0.0127150 0.0132856 0.0034178 0.0055135 0.0118856 0.0135569 0.0087361 0.0599701 0.0723176 0.0694039 0.0573031 0.0572304 0.0617701 0.0538843 0.0644227 0.0680925 0.0634788 0.0309868 0.0637153 0.0664505 0.0618427 0.0361577 0.0353934 0.0119155 0.0098266 0.0135118 0.0444125 0.0506154 0.0160727 0.0386972 0.0119625 0.0588350 0.0362572 0.0369253 0.0377492 0.0047017 0.0049005 0.0119694 0.0127790 0.0079165 0.0136783 0.0070969 0.0062896 0.0071002 0.0072133 0.0062838 0.0079036 0.0070897 0.0048810 0.0586415 0.0062982 0.0689961 
Dcap79929  0.0680531 0.0639267 0.0654454 0.0667326 0.0687446 0.0666966 0.0633352 0.0676537 0.0653327 0.0168989 0.0165247 0.0636979 0.0065254 0.0000000 0.0024302 0.0082364 0.0313352 0.0619093 0.0611076 0.0630020 0.0685219 0.0115638 0.0149595 0.0141088 0.0115736 0.0840475 0.0388371 0.0879867 0.0775237 0.0156974 0.0165710 0.0123518 0.0120480 0.0051307 0.0073623 0.0114936 0.0132229 0.0082440 0.0599608 0.0752367 0.0721232 0.0591292 0.0586587 0.0641662 0.0556646 0.0661335 0.0708147 0.0634490 0.0313058 0.0661944 0.0690423 0.0642439 0.0384451 0.0378315 0.0115287 0.0102245 0.0131764 0.0457260 0.0554286 0.0158270 0.0410900 0.0115697 0.0663153 0.0385560 0.0392403 0.0396181 0.0081671 0.0042441 0.0115766 0.0124153 0.0082049 0.0132506 0.0024358 0.0065275 0.0057092 0.0074891 0.0065192 0.0065416 0.0073436 0.0025261 0.0590282 0.0065255 0.0717913 
Ddel       0.0671488 0.0656441 0.0656043 0.0657571 0.0659303 0.0639758 0.0606706 0.0648907 0.0643533 0.0162403 0.0158944 0.0627327 0.0054879 0.0024302 0.0000000 0.0095242 0.0309575 0.0603343 0.0595619 0.0613793 0.0666471 0.0111228 0.0143856 0.0135683 0.0111319 0.0816001 0.0377558 0.0862781 0.0763082 0.0159313 0.0159372 0.0118822 0.0115701 0.0042695 0.0078899 0.0110579 0.0127184 0.0079302 0.0599369 0.0731029 0.0701718 0.0572555 0.0572090 0.0625417 0.0538564 0.0642292 0.0688780 0.0624000 0.0317641 0.0626661 0.0672191 0.0626150 0.0369337 0.0362297 0.0110903 0.0098227 0.0126753 0.0443963 0.0531896 0.0152185 0.0394713 0.0111283 0.0625047 0.0370354 0.0376993 0.0377337 0.0070646 0.0032582 0.0111347 0.0119409 0.0087041 0.0160018 0.0062905 0.0070726 0.0062939 0.0063934 0.0054829 0.0102920 0.0094642 0.0032453 0.0575855 0.0070813 0.0697894 
Ddeltrop   0.0667730 0.0673839 0.0662175 0.0673523 0.0655529 0.0635856 0.0625303 0.0654731 0.0659738 0.0180569 0.0176708 0.0642848 0.0071311 0.0082364 0.0095242 0.0000000 0.0320822 0.0608729 0.0600944 0.0619289 0.0672464 0.0128472 0.0161549 0.0153266 0.0128577 0.0821849 0.0403528 0.0840295 0.0739595 0.0193325 0.0177176 0.0136082 0.0142236 0.0069188 0.0063503 0.0127703 0.0136351 0.0104252 0.0613419 0.0727656 0.0707517 0.0608315 0.0590644 0.0621077 0.0538178 0.0648336 0.0694585 0.0675685 0.0328963 0.0650192 0.0677742 0.0631324 0.0389920 0.0375325 0.0144425 0.0131504 0.0160478 0.0480631 0.0526978 0.0170006 0.0415611 0.0128535 0.0605821 0.0391013 0.0397634 0.0408780 0.0071239 0.0081989 0.0145011 0.0153207 0.0103951 0.0125271 0.0079508 0.0087359 0.0079506 0.0097170 0.0087278 0.0055535 0.0063337 0.0065172 0.0581376 0.0071407 0.0694215 
Dleu       0.0688943 0.0599747 0.0622609 0.0674704 0.0648192 0.0628759 0.0634027 0.0638458 0.0641682 0.0367553 0.0359495 0.0644614 0.0301789 0.0313352 0.0309575 0.0320822 0.0000000 0.0583493 0.0575778 0.0593832 0.0674140 0.0343811 0.0370174 0.0370063 0.0344082 0.0755618 0.0421880 0.0821039 0.0721210 0.0327199 0.0359705 0.0317619 0.0332077 0.0302825 0.0310434 0.0308585 0.0326950 0.0294540 0.0539605 0.0709153 0.0661718 0.0570175 0.0608189 0.0604659 0.0499101 0.0659383 0.0629255 0.0622379 0.0086062 0.0623931 0.0651044 0.0587395 0.0216095 0.0179990 0.0360911 0.0320645 0.0342052 0.0433211 0.0530237 0.0387857 0.0240547 0.0343975 0.0610591 0.0216644 0.0223754 0.0202454 0.0301314 0.0288033 0.0344202 0.0335589 0.0319559 0.0365275 0.0302190 0.0335045 0.0310274 0.0307417 0.0301600 0.0328173 0.0301763 0.0286227 0.0573726 0.0301482 0.0675037 
Eaus       0.0350829 0.0881908 0.0845219 0.0340008 0.0310549 0.0293116 0.0286340 0.0301324 0.0325252 0.0569173 0.0656230 0.0269386 0.0577400 0.0619093 0.0603343 0.0608729 0.0583493 0.0000000 0.0039141 0.0054908 0.0351728 0.0623761 0.0652628 0.0652436 0.0624228 0.0996063 0.0669075 0.0886006 0.0786046 0.0632454 0.0638333 0.0611576 0.0641104 0.0593127 0.0586752 0.0601378 0.0622505 0.0579818 0.0863381 0.0913155 0.0896915 0.0813480 0.0827691 0.0816862 0.0745075 0.0869046 0.0867914 0.0850315 0.0591772 0.0827687 0.0875604 0.0827434 0.0647306 0.0602650 0.0641941 0.0608138 0.0657037 0.0683855 0.0606117 0.0671920 0.0655243 0.0624047 0.0678184 0.0649336 0.0655002 0.0683299 0.0576422 0.0574006 0.0624541 0.0615226 0.0597097 0.0635612 0.0605509 0.0612366 0.0586460 0.0606909 0.0594834 0.0615529 0.0577283 0.0570234 0.0783778 0.0594991 0.0920883 
Egla       0.0351720 0.0883912 0.0836887 0.0331909 0.0319792 0.0302268 0.0295783 0.0293520 0.0317081 0.0561285 0.0639435 0.0252597 0.0569642 0.0611076 0.0595619 0.0600944 0.0575778 0.0039141 0.0000000 0.0015560 0.0343950 0.0616024 0.0644894 0.0644704 0.0616487 0.0988502 0.0670251 0.0868559 0.0768149 0.0624721 0.0630645 0.0593040 0.0633066 0.0584685 0.0578999 0.0593675 0.0614779 0.0572033 0.0837080 0.0895370 0.0879621 0.0802246 0.0809916 0.0809198 0.0719008 0.0849757 0.0850278 0.0841741 0.0584071 0.0810479 0.0858341 0.0810230 0.0639632 0.0594341 0.0634218 0.0600133 0.0640225 0.0675797 0.0578402 0.0664192 0.0647584 0.0616307 0.0637731 0.0641636 0.0647344 0.0674031 0.0568677 0.0565934 0.0616793 0.0607475 0.0589334 0.0637603 0.0597761 0.0604649 0.0578709 0.0599033 0.0587096 0.0607777 0.0569529 0.0562210 0.0795229 0.0587252 0.0902956 
Ejap       0.0369208 0.0883912 0.0857837 0.0349649 0.0336849 0.0319230 0.0313318 0.0293453 0.0334908 0.0579672 0.0657722 0.0269987 0.0587764 0.0630020 0.0613793 0.0619289 0.0593832 0.0054908 0.0015560 0.0000000 0.0361039 0.0634330 0.0663336 0.0663142 0.0634804 0.1008309 0.0693154 0.0888107 0.0787956 0.0643061 0.0648907 0.0611131 0.0652176 0.0604494 0.0597158 0.0611790 0.0633052 0.0590232 0.0866469 0.0915353 0.0899025 0.0827501 0.0829690 0.0828318 0.0746278 0.0871324 0.0869984 0.0863332 0.0602133 0.0829623 0.0877648 0.0829369 0.0657905 0.0613867 0.0652581 0.0618993 0.0658533 0.0695179 0.0596550 0.0682720 0.0647436 0.0634620 0.0663553 0.0659982 0.0665619 0.0673845 0.0586765 0.0584777 0.0635126 0.0625771 0.0607566 0.0663936 0.0616001 0.0622851 0.0596860 0.0617584 0.0605260 0.0626077 0.0587643 0.0580921 0.0814204 0.0605419 0.0923118 
Erob       0.0288292 0.1019871 0.0879308 0.0267760 0.0283446 0.0265939 0.0258307 0.0240571 0.0296817 0.0632992 0.0719949 0.0347148 0.0640309 0.0685219 0.0666471 0.0672464 0.0674140 0.0351728 0.0343950 0.0361039 0.0000000 0.0687455 0.0716853 0.0716644 0.0687961 0.1056414 0.0787846 0.0924545 0.0814917 0.0686242 0.0683481 0.0674725 0.0697496 0.0642986 0.0649803 0.0664296 0.0686007 0.0642999 0.0908822 0.0973922 0.0954891 0.0849973 0.0897059 0.0873868 0.0842287 0.0923578 0.0927179 0.0881152 0.0682084 0.0904440 0.0933351 0.0884598 0.0739423 0.0710779 0.0705870 0.0673747 0.0720830 0.0760847 0.0623265 0.0736484 0.0748253 0.0687766 0.0693037 0.0742683 0.0747161 0.0795103 0.0639212 0.0639433 0.0688331 0.0678873 0.0678968 0.0686230 0.0668864 0.0675601 0.0667947 0.0671362 0.0657915 0.0679685 0.0640163 0.0635192 0.0879839 0.0658081 0.0992597 
Fatt       0.0682406 0.0734442 0.0700460 0.0689119 0.0680257 0.0660528 0.0647774 0.0670376 0.0675471 0.0196310 0.0192097 0.0658243 0.0119566 0.0115638 0.0111228 0.0128472 0.0343811 0.0623761 0.0616024 0.0634330 0.0687455 0.0000000 0.0079213 0.0039178 0.0015613 0.0857198 0.0409621 0.0865778 0.0775617 0.0192919 0.0143427 0.0151582 0.0149868 0.0104141 0.0111533 0.0143187 0.0160121 0.0128210 0.0674612 0.0772328 0.0741627 0.0621689 0.0631741 0.0664406 0.0580460 0.0686099 0.0739087 0.0711327 0.0351905 0.0693510 0.0721176 0.0674544 0.0404090 0.0390299 0.0078859 0.0065076 0.0142972 0.0501695 0.0551689 0.0055044 0.0429659 0.0015608 0.0612919 0.0405222 0.0411743 0.0430466 0.0119383 0.0099236 0.0031302 0.0039164 0.0136133 0.0208636 0.0127837 0.0135505 0.0095326 0.0129978 0.0119394 0.0136154 0.0119560 0.0098634 0.0623274 0.0103279 0.0739247 
Ggri       0.0722939 0.0717308 0.0701336 0.0719728 0.0709629 0.0689698 0.0677890 0.0699650 0.0706181 0.0230417 0.0225441 0.0688472 0.0152352 0.0149595 0.0143856 0.0161549 0.0370174 0.0652628 0.0644894 0.0663336 0.0716853 0.0079213 0.0000000 0.0103451 0.0079278 0.0869020 0.0455778 0.0887215 0.0796750 0.0226413 0.0176339 0.0184580 0.0175520 0.0139755 0.0144251 0.0176041 0.0193289 0.0161218 0.0676908 0.0784044 0.0752913 0.0649680 0.0642882 0.0675320 0.0595763 0.0719132 0.0750598 0.0700307 0.0378300 0.0704565 0.0732354 0.0685512 0.0430923 0.0409673 0.0127538 0.0115155 0.0175778 0.0530826 0.0580023 0.0103604 0.0456673 0.0079252 0.0667642 0.0432147 0.0438584 0.0452512 0.0152115 0.0133132 0.0095370 0.0103412 0.0169167 0.0220557 0.0160746 0.0168380 0.0127857 0.0163456 0.0152131 0.0169191 0.0152342 0.0132320 0.0633940 0.0135860 0.0750900 
Gmac       0.0712088 0.0791659 0.0732597 0.0719510 0.0690645 0.0670827 0.0658393 0.0680720 0.0705965 0.0221886 0.0217101 0.0688264 0.0144141 0.0141088 0.0135683 0.0153266 0.0370063 0.0652436 0.0644704 0.0663142 0.0716644 0.0039178 0.0103451 0.0000000 0.0023422 0.0887895 0.0453998 0.0896779 0.0806903 0.0218036 0.0168100 0.0176321 0.0175685 0.0130829 0.0136056 0.0167817 0.0184988 0.0152953 0.0719394 0.0803142 0.0771416 0.0659689 0.0641809 0.0693548 0.0621064 0.0718897 0.0769482 0.0744488 0.0378186 0.0722898 0.0750768 0.0703802 0.0430794 0.0418971 0.0102985 0.0089902 0.0151271 0.0530661 0.0579851 0.0078994 0.0456537 0.0039197 0.0653277 0.0432018 0.0438454 0.0463051 0.0143917 0.0124639 0.0055029 0.0062948 0.0160896 0.0220525 0.0152505 0.0160149 0.0119706 0.0155072 0.0143932 0.0160920 0.0144132 0.0123879 0.0651932 0.0127698 0.0769998 
Gmel       0.0682919 0.0735474 0.0701024 0.0689647 0.0680760 0.0661018 0.0648273 0.0670873 0.0675995 0.0196471 0.0192252 0.0658750 0.0119664 0.0115736 0.0111319 0.0128577 0.0344082 0.0624228 0.0616487 0.0634804 0.0687961 0.0015613 0.0079278 0.0023422 0.0000000 0.0857805 0.0421025 0.0866395 0.0776202 0.0193075 0.0143544 0.0151705 0.0149995 0.0104234 0.0111624 0.0143303 0.0160251 0.0128316 0.0675379 0.0772893 0.0742170 0.0622305 0.0632232 0.0664901 0.0580460 0.0686668 0.0739639 0.0711915 0.0352181 0.0694023 0.0721706 0.0675046 0.0404404 0.0390628 0.0078923 0.0065131 0.0143088 0.0502099 0.0552110 0.0055089 0.0429992 0.0015620 0.0613567 0.0405538 0.0412062 0.0430869 0.0119480 0.0099320 0.0031328 0.0039196 0.0136245 0.0196641 0.0127942 0.0135615 0.0095404 0.0130086 0.0119491 0.0136265 0.0119658 0.0098718 0.0623741 0.0103363 0.0739807 
Hamp       0.1039289 0.0478496 0.0443210 0.1062335 0.1007170 0.1007174 0.1014165 0.0995063 0.0954035 0.0849235 0.0851219 0.1047395 0.0808405 0.0840475 0.0816001 0.0821849 0.0755618 0.0996063 0.0988502 0.1008309 0.1056414 0.0857198 0.0869020 0.0887895 0.0857805 0.0000000 0.0899903 0.1156462 0.1002862 0.0846361 0.0862324 0.0814552 0.0825593 0.0803384 0.0808521 0.0803556 0.0826717 0.0782726 0.0336221 0.0396260 0.0360104 0.0334538 0.0391364 0.0358878 0.0356232 0.0376406 0.0351313 0.0368298 0.0773780 0.0377590 0.0386038 0.0377585 0.0803066 0.0767803 0.0886259 0.0847308 0.0891734 0.0777242 0.0847975 0.0908754 0.0810540 0.0837050 0.0919262 0.0785207 0.0772105 0.0813617 0.0797207 0.0772885 0.0868282 0.0858375 0.0829730 0.0784745 0.0809396 0.0835053 0.0808117 0.0794174 0.0797524 0.0839353 0.0798385 0.0777663 0.0455571 0.0816953 0.0421448 
Igeo       0.0825001 0.0869616 0.0691900 0.0799600 0.0811267 0.0799599 0.0800243 0.0775823 0.0757328 0.0453043 0.0440300 0.0750785 0.0367914 0.0388371 0.0377558 0.0403528 0.0421880 0.0669075 0.0670251 0.0693154 0.0787846 0.0409621 0.0455778 0.0453998 0.0421025 0.0899903 0.0000000 0.0908190 0.0854317 0.0421184 0.0440841 0.0398358 0.0421758 0.0380016 0.0357076 0.0386763 0.0410462 0.0369857 0.0667271 0.0832081 0.0767657 0.0682070 0.0703866 0.0695572 0.0560518 0.0742381 0.0754624 0.0706957 0.0399490 0.0743534 0.0731403 0.0719829 0.0453929 0.0459488 0.0421432 0.0395287 0.0451981 0.0511301 0.0660325 0.0465356 0.0484930 0.0420865 0.0796471 0.0441954 0.0474359 0.0539961 0.0367182 0.0353740 0.0410251 0.0410251 0.0411525 0.0401897 0.0378621 0.0409729 0.0399481 0.0354685 0.0367520 0.0411635 0.0367280 0.0350354 0.0668308 0.0388269 0.0703753 
Kbre       0.0944767 0.1011263 0.1073291 0.0977505 0.0888051 0.0886053 0.0879321 0.0905717 0.0922626 0.0910612 0.0878100 0.0860704 0.0835608 0.0879867 0.0862781 0.0840295 0.0821039 0.0886006 0.0868559 0.0888107 0.0924545 0.0865778 0.0887215 0.0896779 0.0866395 0.1156462 0.0908190 0.0000000 0.0263494 0.0886610 0.0870245 0.0861532 0.0894388 0.0834129 0.0845658 0.0859916 0.0883767 0.0839202 0.1062795 0.1105736 0.1095600 0.0981619 0.1017189 0.1031219 0.0866838 0.1077377 0.1077814 0.1034437 0.0829578 0.1042884 0.1072980 0.1022246 0.0888909 0.0878528 0.0885072 0.0836283 0.0900267 0.0876098 0.0553199 0.0917843 0.0898206 0.0866160 0.0509643 0.0892021 0.0877455 0.0914806 0.0834111 0.0800600 0.0866960 0.0856979 0.0847721 0.0891513 0.0865913 0.0872345 0.0845231 0.0872279 0.0853992 0.0877018 0.0835348 0.0815945 0.1005214 0.0854172 0.1082395 
Ksim       0.0854889 0.0956566 0.0907487 0.0862186 0.0787740 0.0776070 0.0764000 0.0805806 0.0816038 0.0819194 0.0789920 0.0765573 0.0735350 0.0775237 0.0763082 0.0739595 0.0721210 0.0786046 0.0768149 0.0787956 0.0814917 0.0775617 0.0796750 0.0806903 0.0776202 0.1002862 0.0854317 0.0263494 0.0000000 0.0766916 0.0790569 0.0761965 0.0801148 0.0735383 0.0745510 0.0760478 0.0784140 0.0738606 0.0860669 0.0916371 0.0890877 0.0836152 0.0827376 0.0847512 0.0774724 0.0918374 0.0869129 0.0827040 0.0720291 0.0858985 0.0878822 0.0838465 0.0790051 0.0782300 0.0775653 0.0732778 0.0781306 0.0792182 0.0442085 0.0817443 0.0799291 0.0775978 0.0433262 0.0792677 0.0778402 0.0807138 0.0734006 0.0706080 0.0776681 0.0766576 0.0747372 0.0731745 0.0765951 0.0772805 0.0745123 0.0769951 0.0754058 0.0777048 0.0735142 0.0722175 0.0832524 0.0754242 0.0902873 
Lacu       0.0691655 0.0657695 0.0679505 0.0696051 0.0660515 0.0641075 0.0625678 0.0650092 0.0624961 0.0229753 0.0224804 0.0666391 0.0184130 0.0156974 0.0159313 0.0193325 0.0327199 0.0632454 0.0624721 0.0643061 0.0686242 0.0192919 0.0226413 0.0218036 0.0193075 0.0846361 0.0421184 0.0886610 0.0766916 0.0000000 0.0208803 0.0167689 0.0192365 0.0156433 0.0159366 0.0175540 0.0192738 0.0152321 0.0671208 0.0752657 0.0731831 0.0585308 0.0629251 0.0654733 0.0566054 0.0707758 0.0719399 0.0643679 0.0335297 0.0674395 0.0701974 0.0655496 0.0387368 0.0372396 0.0208837 0.0198904 0.0241673 0.0481026 0.0552176 0.0226640 0.0412900 0.0193013 0.0669841 0.0388448 0.0395040 0.0419355 0.0167579 0.0132329 0.0209688 0.0217949 0.0167841 0.0255093 0.0159474 0.0200232 0.0126859 0.0162544 0.0151298 0.0184244 0.0159251 0.0131197 0.0604540 0.0150981 0.0729241 
Lalb       0.0707736 0.0727653 0.0716418 0.0703739 0.0694739 0.0675029 0.0672509 0.0684237 0.0690637 0.0229213 0.0224288 0.0673279 0.0167894 0.0165710 0.0159372 0.0177176 0.0359705 0.0638333 0.0630645 0.0648907 0.0683481 0.0143427 0.0176339 0.0168100 0.0143544 0.0862324 0.0440841 0.0870245 0.0790569 0.0208803 0.0000000 0.0183639 0.0183326 0.0156721 0.0159808 0.0175146 0.0192300 0.0160393 0.0712914 0.0796819 0.0765524 0.0644524 0.0637463 0.0688304 0.0603202 0.0703113 0.0753778 0.0717171 0.0367784 0.0708011 0.0735604 0.0689092 0.0420017 0.0416854 0.0176009 0.0156730 0.0208060 0.0526609 0.0566826 0.0184761 0.0445588 0.0143497 0.0649949 0.0421198 0.0427643 0.0471118 0.0167633 0.0140891 0.0159888 0.0151702 0.0184728 0.0267587 0.0168118 0.0183872 0.0143420 0.0179261 0.0167651 0.0184755 0.0167882 0.0140035 0.0619566 0.0151400 0.0754240 
Laus       0.0679904 0.0693334 0.0686874 0.0675459 0.0649095 0.0629637 0.0635140 0.0657156 0.0642926 0.0088149 0.0062563 0.0617111 0.0127150 0.0123518 0.0118822 0.0136082 0.0317619 0.0611576 0.0593040 0.0611131 0.0674725 0.0151582 0.0184580 0.0176321 0.0151705 0.0814552 0.0398358 0.0861532 0.0761965 0.0167689 0.0183639 0.0000000 0.0057231 0.0130070 0.0119137 0.0023340 0.0039145 0.0023560 0.0643631 0.0739504 0.0709965 0.0584662 0.0572139 0.0642791 0.0538796 0.0673460 0.0697199 0.0665633 0.0325680 0.0653097 0.0680423 0.0634377 0.0377412 0.0370994 0.0184235 0.0156783 0.0159123 0.0462597 0.0529611 0.0193030 0.0402793 0.0151656 0.0622980 0.0378454 0.0385055 0.0419271 0.0110845 0.0073891 0.0168089 0.0176253 0.0143699 0.0195535 0.0135422 0.0143038 0.0119071 0.0121218 0.0110863 0.0143721 0.0111009 0.0089971 0.0611327 0.0127020 0.0706675 
Lbor       0.0703399 0.0764342 0.0715707 0.0699228 0.0670627 0.0650177 0.0656735 0.0679053 0.0645427 0.0082679 0.0098445 0.0647701 0.0132856 0.0120480 0.0115701 0.0142236 0.0332077 0.0641104 0.0633066 0.0652176 0.0697496 0.0149868 0.0175520 0.0175685 0.0149995 0.0825593 0.0421758 0.0894388 0.0801148 0.0192365 0.0183326 0.0057231 0.0000000 0.0127080 0.0124480 0.0048906 0.0057352 0.0032849 0.0666194 0.0756849 0.0745032 0.0608778 0.0600921 0.0655077 0.0558484 0.0694095 0.0710426 0.0683251 0.0340500 0.0655301 0.0683853 0.0654627 0.0385889 0.0370197 0.0183946 0.0155243 0.0166213 0.0466306 0.0566476 0.0193128 0.0412441 0.0149945 0.0646904 0.0387006 0.0393868 0.0422435 0.0124236 0.0077318 0.0167093 0.0175614 0.0141649 0.0182326 0.0133007 0.0149457 0.0115954 0.0126746 0.0115814 0.0150203 0.0124428 0.0085295 0.0621528 0.0124248 0.0713148 
Lhos30470  0.0657866 0.0658453 0.0645480 0.0644465 0.0655381 0.0634028 0.0617950 0.0623141 0.0629685 0.0159633 0.0174041 0.0622792 0.0034178 0.0051307 0.0042695 0.0069188 0.0302825 0.0593127 0.0584685 0.0604494 0.0642986 0.0104141 0.0139755 0.0130829 0.0104234 0.0803384 0.0380016 0.0834129 0.0735383 0.0156433 0.0156721 0.0130070 0.0127080 0.0000000 0.0042852 0.0121015 0.0139270 0.0095572 0.0615055 0.0721369 0.0689691 0.0580384 0.0588618 0.0606674 0.0542061 0.0633626 0.0674734 0.0617561 0.0302526 0.0627809 0.0657559 0.0617628 0.0377242 0.0370155 0.0103809 0.0089614 0.0121117 0.0463202 0.0526187 0.0148850 0.0405034 0.0104196 0.0610293 0.0369008 0.0376072 0.0410657 0.0051336 0.0044741 0.0104261 0.0113063 0.0051524 0.0169358 0.0042797 0.0068694 0.0042819 0.0061228 0.0051340 0.0068820 0.0059969 0.0026619 0.0543613 0.0034178 0.0673770 
Lhos452    0.0654489 0.0676248 0.0659550 0.0639390 0.0642621 0.0623123 0.0608094 0.0632260 0.0623577 0.0162367 0.0159366 0.0590633 0.0055135 0.0073623 0.0078899 0.0063503 0.0310434 0.0586752 0.0578999 0.0597158 0.0649803 0.0111533 0.0144251 0.0136056 0.0111624 0.0808521 0.0357076 0.0845658 0.0745510 0.0159366 0.0159808 0.0119137 0.0124480 0.0042852 0.0000000 0.0110871 0.0127157 0.0087523 0.0613089 0.0721007 0.0694162 0.0597020 0.0573404 0.0617823 0.0538917 0.0643019 0.0681048 0.0645455 0.0318522 0.0637278 0.0646320 0.0618551 0.0353203 0.0343827 0.0127375 0.0115127 0.0143303 0.0445060 0.0515360 0.0152604 0.0378566 0.0111587 0.0603292 0.0354171 0.0360884 0.0377060 0.0055081 0.0065751 0.0127887 0.0136004 0.0071076 0.0125492 0.0063048 0.0086873 0.0047116 0.0080254 0.0070987 0.0055171 0.0047110 0.0048784 0.0586536 0.0039182 0.0661518 
Lobl       0.0669254 0.0710765 0.0675387 0.0664608 0.0638744 0.0619371 0.0624485 0.0646791 0.0632118 0.0079899 0.0062444 0.0615890 0.0118856 0.0114936 0.0110579 0.0127703 0.0308585 0.0601378 0.0593675 0.0611790 0.0664296 0.0143187 0.0176041 0.0167817 0.0143303 0.0803556 0.0386763 0.0859916 0.0760478 0.0175540 0.0175146 0.0023340 0.0048906 0.0121015 0.0110871 0.0000000 0.0031225 0.0015660 0.0641749 0.0738067 0.0708615 0.0596422 0.0570999 0.0632424 0.0524585 0.0672024 0.0695844 0.0653903 0.0316626 0.0651848 0.0679137 0.0633161 0.0368153 0.0361046 0.0175713 0.0148086 0.0158816 0.0452513 0.0530164 0.0184449 0.0393447 0.0143256 0.0637017 0.0369163 0.0375786 0.0407881 0.0102629 0.0065482 0.0159619 0.0167752 0.0135321 0.0171668 0.0127086 0.0134700 0.0110810 0.0112802 0.0102645 0.0135341 0.0102780 0.0081546 0.0601131 0.0118735 0.0705285 
Lobs       0.0671985 0.0714044 0.0688691 0.0687200 0.0641298 0.0621840 0.0636678 0.0668338 0.0652477 0.0088077 0.0078550 0.0637945 0.0135569 0.0132229 0.0127184 0.0136351 0.0326950 0.0622505 0.0614779 0.0633052 0.0686007 0.0160121 0.0193289 0.0184988 0.0160251 0.0826717 0.0410462 0.0883767 0.0784140 0.0192738 0.0192300 0.0039145 0.0057352 0.0139270 0.0127157 0.0031225 0.0000000 0.0031520 0.0656964 0.0758777 0.0730882 0.0596871 0.0582889 0.0653952 0.0551197 0.0683286 0.0718457 0.0656569 0.0335039 0.0673572 0.0701093 0.0654713 0.0387037 0.0380126 0.0192925 0.0157104 0.0175821 0.0463666 0.0550678 0.0201789 0.0412538 0.0160199 0.0654145 0.0388113 0.0394699 0.0418868 0.0119175 0.0074039 0.0176716 0.0184916 0.0152216 0.0183423 0.0143890 0.0151512 0.0127452 0.0129380 0.0119195 0.0152238 0.0119352 0.0090151 0.0622251 0.0135429 0.0728266 
Lper       0.0638227 0.0693334 0.0652059 0.0623152 0.0617305 0.0597882 0.0605868 0.0625419 0.0609649 0.0064390 0.0063033 0.0593586 0.0087361 0.0082440 0.0079302 0.0104252 0.0294540 0.0579818 0.0572033 0.0590232 0.0642999 0.0128210 0.0161218 0.0152953 0.0128316 0.0782726 0.0369857 0.0839202 0.0738606 0.0152321 0.0160393 0.0023560 0.0032849 0.0095572 0.0087523 0.0015660 0.0031520 0.0000000 0.0614058 0.0716400 0.0687366 0.0584662 0.0552501 0.0610879 0.0511648 0.0648091 0.0674091 0.0633503 0.0302645 0.0630368 0.0657785 0.0611602 0.0354458 0.0346237 0.0152476 0.0131416 0.0143982 0.0434389 0.0508271 0.0169657 0.0379913 0.0128273 0.0606682 0.0355433 0.0362164 0.0387253 0.0079315 0.0049030 0.0144715 0.0152894 0.0111969 0.0159989 0.0103746 0.0111453 0.0087474 0.0089054 0.0079327 0.0111986 0.0079433 0.0065129 0.0579575 0.0095434 0.0683309 
Mbid       0.0890464 0.0361914 0.0395498 0.0848595 0.0893867 0.0877488 0.0909099 0.0829982 0.0803274 0.0660812 0.0641535 0.0891920 0.0599701 0.0599608 0.0599369 0.0613419 0.0539605 0.0863381 0.0837080 0.0866469 0.0908822 0.0674612 0.0676908 0.0719394 0.0675379 0.0336221 0.0667271 0.1062795 0.0860669 0.0671208 0.0712914 0.0643631 0.0666194 0.0615055 0.0613089 0.0641749 0.0656964 0.0614058 0.0000000 0.0125460 0.0145798 0.0120375 0.0109153 0.0108837 0.0088106 0.0156997 0.0125538 0.0196092 0.0579937 0.0121463 0.0171056 0.0133911 0.0695175 0.0653436 0.0686425 0.0685991 0.0712444 0.0713217 0.0743902 0.0735269 0.0677995 0.0659882 0.0914200 0.0654372 0.0678697 0.0694728 0.0585755 0.0592477 0.0689607 0.0675088 0.0588848 0.0551686 0.0615050 0.0628578 0.0601550 0.0599566 0.0585793 0.0599570 0.0599570 0.0587441 0.0298088 0.0614373 0.0324850 
Mbow       0.0964470 0.0429335 0.0397861 0.0975704 0.0923633 0.0923652 0.0908075 0.0911540 0.0922901 0.0748917 0.0766860 0.0930758 0.0723176 0.0752367 0.0731029 0.0727656 0.0709153 0.0913155 0.0895370 0.0915353 0.0973922 0.0772328 0.0784044 0.0803142 0.0772893 0.0396260 0.0832081 0.1105736 0.0916371 0.0752657 0.0796819 0.0739504 0.0756849 0.0721369 0.0721007 0.0738067 0.0758777 0.0716400 0.0125460 0.0000000 0.0171965 0.0179187 0.0196396 0.0163094 0.0185770 0.0261977 0.0189376 0.0200440 0.0708474 0.0180355 0.0222472 0.0163730 0.0756992 0.0734548 0.0801655 0.0760525 0.0787953 0.0786148 0.0843373 0.0824088 0.0743981 0.0772682 0.0924720 0.0738772 0.0764997 0.0752875 0.0712049 0.0684870 0.0783365 0.0773379 0.0744495 0.0702398 0.0733741 0.0750278 0.0722928 0.0712728 0.0712317 0.0754206 0.0713138 0.0690251 0.0361245 0.0721834 0.0404914 
Mcar       0.0936379 0.0428123 0.0367588 0.0956866 0.0926618 0.0926644 0.0921525 0.0895358 0.0911362 0.0751583 0.0736509 0.0923154 0.0694039 0.0721232 0.0701718 0.0707517 0.0661718 0.0896915 0.0879621 0.0899025 0.0954891 0.0741627 0.0752913 0.0771416 0.0742170 0.0360104 0.0767657 0.1095600 0.0890877 0.0731831 0.0765524 0.0709965 0.0745032 0.0689691 0.0694162 0.0708615 0.0730882 0.0687366 0.0145798 0.0171965 0.0000000 0.0180097 0.0208310 0.0175531 0.0162499 0.0244024 0.0146838 0.0161742 0.0661102 0.0192580 0.0217328 0.0176293 0.0726995 0.0675365 0.0770034 0.0738802 0.0737974 0.0766937 0.0800471 0.0791661 0.0714427 0.0741961 0.0879166 0.0709271 0.0734772 0.0741886 0.0683316 0.0665344 0.0752267 0.0742611 0.0714632 0.0665056 0.0704255 0.0720366 0.0693816 0.0687652 0.0683559 0.0724041 0.0684336 0.0670682 0.0351933 0.0702524 0.0367125 
Mden       0.0826713 0.0424705 0.0372802 0.0803848 0.0786023 0.0772313 0.0798913 0.0758784 0.0776403 0.0584762 0.0632739 0.0843525 0.0573031 0.0591292 0.0572555 0.0608315 0.0570175 0.0813480 0.0802246 0.0827501 0.0849973 0.0621689 0.0649680 0.0659689 0.0622305 0.0334538 0.0682070 0.0981619 0.0836152 0.0585308 0.0644524 0.0584662 0.0608778 0.0580384 0.0597020 0.0596422 0.0596871 0.0584662 0.0120375 0.0179187 0.0180097 0.0000000 0.0158047 0.0114704 0.0093862 0.0189699 0.0104403 0.0146075 0.0569426 0.0072617 0.0093588 0.0062137 0.0582952 0.0556015 0.0658084 0.0645290 0.0668966 0.0666879 0.0723129 0.0659220 0.0605010 0.0622066 0.0748811 0.0545029 0.0605361 0.0651469 0.0584718 0.0566371 0.0621371 0.0621371 0.0600479 0.0513986 0.0599059 0.0609325 0.0574723 0.0584610 0.0572723 0.0598006 0.0585954 0.0561219 0.0288499 0.0585604 0.0346123 
Meur       0.0854290 0.0410306 0.0392567 0.0851868 0.0857512 0.0857545 0.0867751 0.0836001 0.0849176 0.0611481 0.0589756 0.0841359 0.0572304 0.0586587 0.0572090 0.0590644 0.0608189 0.0827691 0.0809916 0.0829690 0.0897059 0.0631741 0.0642882 0.0641809 0.0632232 0.0391364 0.0703866 0.1017189 0.0827376 0.0629251 0.0637463 0.0572139 0.0600921 0.0588618 0.0573404 0.0570999 0.0582889 0.0552501 0.0109153 0.0196396 0.0208310 0.0158047 0.0000000 0.0165341 0.0173934 0.0205222 0.0177992 0.0189329 0.0607605 0.0156959 0.0190751 0.0157063 0.0657088 0.0619057 0.0659268 0.0649222 0.0647474 0.0714881 0.0728671 0.0681961 0.0663396 0.0632042 0.0819794 0.0637524 0.0663699 0.0696648 0.0562730 0.0557883 0.0651821 0.0642071 0.0593690 0.0532049 0.0592828 0.0600040 0.0563747 0.0555256 0.0562912 0.0603193 0.0563603 0.0573073 0.0302905 0.0581956 0.0333535 
Mgin       0.0873704 0.0391234 0.0356483 0.0872406 0.0845913 0.0827007 0.0808372 0.0796238 0.0807134 0.0673200 0.0678354 0.0850050 0.0617701 0.0641662 0.0625417 0.0621077 0.0604659 0.0816862 0.0809198 0.0828318 0.0873868 0.0664406 0.0675320 0.0693548 0.0664901 0.0358878 0.0695572 0.1031219 0.0847512 0.0654733 0.0688304 0.0642791 0.0655077 0.0606674 0.0617823 0.0632424 0.0653952 0.0610879 0.0108837 0.0163094 0.0175531 0.0114704 0.0165341 0.0000000 0.0149519 0.0233275 0.0170986 0.0124571 0.0604097 0.0142858 0.0167123 0.0142901 0.0651909 0.0625646 0.0692332 0.0649308 0.0698338 0.0674437 0.0731456 0.0713352 0.0658019 0.0664709 0.0818435 0.0632997 0.0658310 0.0664468 0.0607308 0.0576852 0.0674739 0.0665266 0.0637767 0.0573075 0.0627675 0.0643760 0.0617514 0.0610155 0.0607508 0.0647018 0.0608219 0.0582618 0.0300047 0.0626126 0.0374979 
Mgra       0.0825574 0.0400892 0.0350152 0.0805893 0.0799858 0.0786351 0.0786351 0.0785364 0.0804045 0.0515838 0.0563433 0.0834697 0.0538843 0.0556646 0.0538564 0.0538178 0.0499101 0.0745075 0.0719008 0.0746278 0.0842287 0.0580460 0.0595763 0.0621064 0.0580460 0.0356232 0.0560518 0.0866838 0.0774724 0.0566054 0.0603202 0.0538796 0.0558484 0.0542061 0.0538917 0.0524585 0.0551197 0.0511648 0.0088106 0.0185770 0.0162499 0.0093862 0.0173934 0.0149519 0.0000000 0.0175017 0.0080007 0.0125341 0.0498420 0.0114389 0.0125964 0.0079777 0.0486474 0.0489119 0.0592770 0.0579331 0.0576982 0.0586442 0.0689838 0.0649652 0.0510088 0.0594499 0.0761218 0.0459945 0.0497618 0.0533665 0.0538492 0.0531476 0.0608693 0.0595191 0.0554602 0.0495358 0.0567262 0.0565143 0.0539440 0.0541346 0.0538728 0.0552811 0.0539741 0.0527602 0.0318338 0.0552700 0.0332341 
Mhec       0.0879247 0.0465326 0.0423638 0.0912170 0.0891304 0.0879296 0.0884285 0.0856357 0.0886650 0.0661771 0.0702959 0.0874928 0.0644227 0.0661335 0.0642292 0.0648336 0.0659383 0.0869046 0.0849757 0.0871324 0.0923578 0.0686099 0.0719132 0.0718897 0.0686668 0.0376406 0.0742381 0.1077377 0.0918374 0.0707758 0.0703113 0.0673460 0.0694095 0.0633626 0.0643019 0.0672024 0.0683286 0.0648091 0.0156997 0.0261977 0.0244024 0.0189699 0.0205222 0.0233275 0.0175017 0.0000000 0.0160319 0.0249445 0.0658699 0.0187120 0.0223765 0.0178140 0.0680713 0.0659359 0.0717479 0.0680964 0.0692718 0.0730896 0.0816496 0.0718277 0.0699306 0.0686449 0.0879972 0.0671303 0.0699651 0.0696116 0.0632477 0.0599312 0.0697746 0.0687100 0.0657171 0.0602398 0.0644886 0.0663866 0.0634314 0.0609189 0.0622214 0.0643923 0.0633609 0.0594494 0.0346610 0.0633284 0.0357902 
Mlay       0.0917472 0.0393563 0.0377124 0.0927566 0.0898017 0.0898038 0.0891845 0.0866357 0.0881169 0.0689218 0.0724249 0.0893460 0.0680925 0.0708147 0.0688780 0.0694585 0.0629255 0.0867914 0.0850278 0.0869984 0.0927179 0.0739087 0.0750598 0.0769482 0.0739639 0.0351313 0.0754624 0.1077814 0.0869129 0.0719399 0.0753778 0.0697199 0.0710426 0.0674734 0.0681048 0.0695844 0.0718457 0.0674091 0.0125538 0.0189376 0.0146838 0.0104403 0.0177992 0.0170986 0.0080007 0.0160319 0.0000000 0.0143912 0.0647493 0.0137967 0.0162769 0.0121566 0.0714564 0.0682807 0.0748070 0.0715598 0.0725716 0.0761292 0.0799137 0.0790143 0.0722182 0.0739427 0.0849194 0.0696499 0.0722509 0.0716948 0.0670029 0.0651174 0.0749940 0.0740087 0.0701863 0.0674471 0.0691314 0.0707773 0.0680701 0.0674202 0.0670656 0.0711446 0.0671052 0.0656701 0.0333310 0.0679682 0.0338050 
