71
Bacu       0.0000000 0.0219459 0.0249336 0.0021905 0.0041633 0.0062732 0.0062732 0.0084626 0.0094320 0.0023111 0.0021909 0.0211796 0.0181862 0.0134398 0.0217181 0.0208672 0.0217181 0.0285214 0.0127430 0.0127430 0.0066921 0.0193810 0.0216321 0.0193810 0.0216365 0.0236827 0.0285734 0.0232388 0.0216301 0.0306830 0.0248471 0.0205152 0.0206408 0.0161008 0.0236074 0.0216460 0.0238518 0.0193911 0.0229961 0.0239286 0.0230512 0.0205717 0.0216460 0.0217850 0.0262043 0.0238900 0.0219012 0.0205717 0.0262266 0.0262266 0.0216460 0.0216341 0.0332314 0.0332601 0.0229334 0.0309591 0.0308937 0.0188803 0.0228567 0.0221438 0.0216498 0.0216498 0.0181862 0.0215896 0.0238963 0.0269833 0.0238094 0.0215896 0.0216403 0.0238524 0.0253704 
Barn       0.0219459 0.0000000 0.0029045 0.0248264 0.0219166 0.0248055 0.0248055 0.0309589 0.0061123 0.0190849 0.0190849 0.0031573 0.0026391 0.0247530 0.0053330 0.0053330 0.0053330 0.0107022 0.0107738 0.0107738 0.0219038 0.0026391 0.0026391 0.0026391 0.0053091 0.0082249 0.0080339 0.0080339 0.0026391 0.0087801 0.0087595 0.0052952 0.0028530 0.0000010 0.0035842 0.0053120 0.0079855 0.0040746 0.0057255 0.0053138 0.0000010 0.0053120 0.0053120 0.0032532 0.0079806 0.0053120 0.0053120 0.0053120 0.0079873 0.0079873 0.0026391 0.0053084 0.0178711 0.0107470 0.0052826 0.0080332 0.0134695 0.0089145 0.0079684 0.0116922 0.0053123 0.0053123 0.0026391 0.0052952 0.0053079 0.0115426 0.0079684 0.0052952 0.0053101 0.0079861 0.0107363 
Bbai       0.0249336 0.0029045 0.0000000 0.0275649 0.0223153 0.0249305 0.0249305 0.0359489 0.0082198 0.0224535 0.0223153 0.0051339 0.0047963 0.0274906 0.0072626 0.0073449 0.0072626 0.0146945 0.0122150 0.0122150 0.0278380 0.0047963 0.0072312 0.0047963 0.0072329 0.0065508 0.0121930 0.0082102 0.0072305 0.0131513 0.0105121 0.0072157 0.0051339 0.0031179 0.0031277 0.0072364 0.0096678 0.0031340 0.0077250 0.0097006 0.0000010 0.0072364 0.0072364 0.0028796 0.0121809 0.0096850 0.0073313 0.0072364 0.0121900 0.0121900 0.0072364 0.0072320 0.0185961 0.0172417 0.0096816 0.0147340 0.0147059 0.0149516 0.0072157 0.0112618 0.0072370 0.0072370 0.0047963 0.0072157 0.0096863 0.0103410 0.0072157 0.0072157 0.0072342 0.0096684 0.0121764 
Bbon       0.0021905 0.0248264 0.0275649 0.0000000 0.0066277 0.0088787 0.0088787 0.0112359 0.0126112 0.0049372 0.0044013 0.0211796 0.0205533 0.0157506 0.0230441 0.0232944 0.0230441 0.0302820 0.0157944 0.0157944 0.0089631 0.0205533 0.0229471 0.0205533 0.0229521 0.0272552 0.0303416 0.0259569 0.0229448 0.0300618 0.0248471 0.0228992 0.0194392 0.0173319 0.0236074 0.0229627 0.0253055 0.0227733 0.0219321 0.0253925 0.0230512 0.0229627 0.0229627 0.0246439 0.0278137 0.0253486 0.0232507 0.0229627 0.0278391 0.0278391 0.0229627 0.0229493 0.0327654 0.0353378 0.0253436 0.0328875 0.0328129 0.0188803 0.0252577 0.0236871 0.0229672 0.0229672 0.0205533 0.0228992 0.0253560 0.0269833 0.0252577 0.0228992 0.0229563 0.0253061 0.0278050 
Bbor       0.0041633 0.0219166 0.0223153 0.0066277 0.0000000 0.0020729 0.0020729 0.0127989 0.0094215 0.0023087 0.0021887 0.0184234 0.0181663 0.0134254 0.0216951 0.0208436 0.0216951 0.0284904 0.0127301 0.0127301 0.0066850 0.0193608 0.0216093 0.0193608 0.0216137 0.0201434 0.0285423 0.0232094 0.0216073 0.0306470 0.0248167 0.0204925 0.0206177 0.0160800 0.0235733 0.0216231 0.0238265 0.0160413 0.0229702 0.0239031 0.0190477 0.0205489 0.0216231 0.0217561 0.0261761 0.0238646 0.0218778 0.0205489 0.0261983 0.0261983 0.0216231 0.0216112 0.0331918 0.0332232 0.0229077 0.0309250 0.0308597 0.0188803 0.0228312 0.0247089 0.0216269 0.0216269 0.0181663 0.0215669 0.0238708 0.0269506 0.0237841 0.0215669 0.0216175 0.0238271 0.0253417 
Bede66737  0.0062732 0.0248055 0.0249305 0.0088787 0.0020729 0.0000000 0.0000010 0.0150019 0.0094215 0.0046403 0.0043979 0.0211763 0.0205386 0.0156392 0.0239783 0.0232777 0.0239783 0.0308298 0.0149198 0.0149198 0.0089562 0.0216130 0.0238827 0.0216130 0.0238876 0.0166686 0.0308874 0.0259365 0.0238804 0.0331770 0.0274476 0.0228830 0.0230228 0.0160800 0.0266928 0.0238980 0.0261159 0.0193872 0.0253936 0.0262011 0.0190477 0.0229464 0.0238980 0.0246233 0.0284933 0.0261579 0.0241808 0.0229464 0.0285181 0.0285181 0.0238980 0.0238848 0.0306697 0.0356121 0.0253259 0.0332957 0.0332255 0.0228452 0.0252401 0.0273260 0.0239026 0.0239026 0.0205386 0.0238354 0.0261654 0.0295585 0.0260691 0.0238354 0.0238918 0.0261164 0.0277858 
BedeAUS    0.0062732 0.0248055 0.0249305 0.0088787 0.0020729 0.0000010 0.0000000 0.0150019 0.0094215 0.0046403 0.0043979 0.0211763 0.0205386 0.0156392 0.0239783 0.0232777 0.0239783 0.0308298 0.0149198 0.0149198 0.0089562 0.0216130 0.0238827 0.0216130 0.0238876 0.0166686 0.0308874 0.0259365 0.0238804 0.0331770 0.0274476 0.0228830 0.0230228 0.0160800 0.0266928 0.0238980 0.0261159 0.0193872 0.0253936 0.0262011 0.0190477 0.0229464 0.0238980 0.0246233 0.0284933 0.0261579 0.0241808 0.0229464 0.0285181 0.0285181 0.0238980 0.0238848 0.0306697 0.0356121 0.0253259 0.0332957 0.0332255 0.0228452 0.0252401 0.0273260 0.0239026 0.0239026 0.0205386 0.0238354 0.0261654 0.0295585 0.0260691 0.0238354 0.0238918 0.0261164 0.0277858 
Bmus       0.0084626 0.0309589 0.0359489 0.0112359 0.0127989 0.0150019 0.0150019 0.0000000 0.0193869 0.0094442 0.0112386 0.0327704 0.0280166 0.0229944 0.0311900 0.0309759 0.0311900 0.0382673 0.0217720 0.0217720 0.0113457 0.0287089 0.0310616 0.0287089 0.0310681 0.0387659 0.0383448 0.0317455 0.0310585 0.0412549 0.0358178 0.0304360 0.0306226 0.0247545 0.0366704 0.0310818 0.0287884 0.0335941 0.0330690 0.0334754 0.0401911 0.0305227 0.0310818 0.0337506 0.0358436 0.0334160 0.0314592 0.0305227 0.0358775 0.0358775 0.0310818 0.0310643 0.0439370 0.0432407 0.0329861 0.0408526 0.0407644 0.0268319 0.0328684 0.0273255 0.0310897 0.0310897 0.0280166 0.0309982 0.0334283 0.0378661 0.0332992 0.0309982 0.0310738 0.0333611 0.0355453 
Bmys       0.0094320 0.0061123 0.0082198 0.0126112 0.0094215 0.0094215 0.0094215 0.0193869 0.0000000 0.0052725 0.0074876 0.0058934 0.0049806 0.0074929 0.0094750 0.0076252 0.0094750 0.0143333 0.0000010 0.0000010 0.0127253 0.0070418 0.0094349 0.0070418 0.0094370 0.0000010 0.0167947 0.0115076 0.0094339 0.0181586 0.0109829 0.0074928 0.0075445 0.0079464 0.0066529 0.0094415 0.0118238 0.0000010 0.0100890 0.0118633 0.0074997 0.0075152 0.0094415 0.0060783 0.0118839 0.0118443 0.0095550 0.0075152 0.0143092 0.0143092 0.0094415 0.0094358 0.0181708 0.0218009 0.0100551 0.0193234 0.0192779 0.0090110 0.0100199 0.0165029 0.0094424 0.0094424 0.0049806 0.0094150 0.0118461 0.0135381 0.0118004 0.0094150 0.0094387 0.0118244 0.0126479 
Bphy       0.0023111 0.0190849 0.0224535 0.0049372 0.0023087 0.0046403 0.0046403 0.0094442 0.0052725 0.0000000 0.0000010 0.0180213 0.0151847 0.0125237 0.0192460 0.0181094 0.0192460 0.0241232 0.0093872 0.0093872 0.0049859 0.0166826 0.0166826 0.0166826 0.0191663 0.0198517 0.0217379 0.0205365 0.0191600 0.0263049 0.0223026 0.0177698 0.0178918 0.0133376 0.0203306 0.0191755 0.0216144 0.0150528 0.0205100 0.0191848 0.0184759 0.0178242 0.0191755 0.0185477 0.0215992 0.0191755 0.0194266 0.0178242 0.0216185 0.0216185 0.0166826 0.0191638 0.0318766 0.0267933 0.0177293 0.0242848 0.0267038 0.0135527 0.0203704 0.0222588 0.0191789 0.0191789 0.0151847 0.0191204 0.0216585 0.0248037 0.0215720 0.0191204 0.0191699 0.0216151 0.0231489 
Bphy_baits 0.0021909 0.0190849 0.0223153 0.0044013 0.0021887 0.0043979 0.0043979 0.0112386 0.0074876 0.0000010 0.0000000 0.0184234 0.0158324 0.0111441 0.0182562 0.0184516 0.0182562 0.0253733 0.0111747 0.0111747 0.0044384 0.0158324 0.0181807 0.0158324 0.0181845 0.0201434 0.0254207 0.0205365 0.0181789 0.0274023 0.0222387 0.0181433 0.0169177 0.0114160 0.0205204 0.0181929 0.0205047 0.0160413 0.0193896 0.0205731 0.0190477 0.0181929 0.0181929 0.0189453 0.0229529 0.0205392 0.0184187 0.0181929 0.0229728 0.0229728 0.0181929 0.0181824 0.0300741 0.0303233 0.0205343 0.0279111 0.0278485 0.0188803 0.0204665 0.0209459 0.0181958 0.0181958 0.0158324 0.0181433 0.0205440 0.0243972 0.0204665 0.0181433 0.0181878 0.0205054 0.0229456 
Ccom       0.0211796 0.0031573 0.0051339 0.0211796 0.0184234 0.0211763 0.0211763 0.0327704 0.0058934 0.0180213 0.0184234 0.0000000 0.0000010 0.0238850 0.0025666 0.0025971 0.0025666 0.0103926 0.0077738 0.0077738 0.0242054 0.0000010 0.0025549 0.0000010 0.0025555 0.0035698 0.0051324 0.0000010 0.0025546 0.0078080 0.0052017 0.0025491 0.0000010 0.0000010 0.0000010 0.0025569 0.0051244 0.0000010 0.0025491 0.0051424 0.0000010 0.0025569 0.0025569 0.0000010 0.0077512 0.0051338 0.0025919 0.0025569 0.0077575 0.0077575 0.0025569 0.0000010 0.0131094 0.0130689 0.0051316 0.0104221 0.0104005 0.0073663 0.0025491 0.0060294 0.0025570 0.0025570 0.0000010 0.0025491 0.0025534 0.0051183 0.0025491 0.0025491 0.0000010 0.0051248 0.0051352 
Chea       0.0181862 0.0026391 0.0047963 0.0205533 0.0181663 0.0205386 0.0205386 0.0280166 0.0049806 0.0151847 0.0158324 0.0000010 0.0000000 0.0205029 0.0022124 0.0022360 0.0022124 0.0089464 0.0066941 0.0066941 0.0207384 0.0000010 0.0022043 0.0000010 0.0022048 0.0032515 0.0089602 0.0049777 0.0022041 0.0096366 0.0047807 0.0022000 0.0000010 0.0000010 0.0000010 0.0022048 0.0044196 0.0000010 0.0023464 0.0044330 0.0000010 0.0022048 0.0022048 0.0000010 0.0066772 0.0044268 0.0022321 0.0022048 0.0066819 0.0066819 0.0022048 0.0022046 0.0121171 0.0135641 0.0044251 0.0112721 0.0112469 0.0073663 0.0044118 0.0076382 0.0022049 0.0022049 0.0000010 0.0022000 0.0044271 0.0070858 0.0044118 0.0022000 0.0022042 0.0044199 0.0066748 
Cmar       0.0134398 0.0247530 0.0274906 0.0157506 0.0134254 0.0156392 0.0156392 0.0229944 0.0074929 0.0125237 0.0111441 0.0238850 0.0205029 0.0000000 0.0229871 0.0232362 0.0229871 0.0302066 0.0134723 0.0134723 0.0158900 0.0205029 0.0228906 0.0205029 0.0228956 0.0235250 0.0302658 0.0258846 0.0228884 0.0326432 0.0273949 0.0228430 0.0219180 0.0114253 0.0235265 0.0229061 0.0252432 0.0193183 0.0244235 0.0253297 0.0151353 0.0229061 0.0229061 0.0217161 0.0277447 0.0252860 0.0231927 0.0229061 0.0277700 0.0277700 0.0229061 0.0228928 0.0353781 0.0352486 0.0252810 0.0328050 0.0327314 0.0307877 0.0251955 0.0291757 0.0229106 0.0229106 0.0205029 0.0228430 0.0252934 0.0295021 0.0251955 0.0228430 0.0228998 0.0252438 0.0277361 
Dcap108471 0.0217181 0.0053330 0.0072626 0.0230441 0.0216951 0.0239783 0.0239783 0.0311900 0.0094750 0.0192460 0.0182562 0.0025666 0.0022124 0.0229871 0.0000000 0.0000010 0.0000010 0.0106728 0.0106682 0.0106682 0.0232538 0.0020958 0.0042103 0.0020958 0.0042111 0.0065886 0.0106888 0.0075400 0.0042099 0.0114561 0.0072390 0.0044380 0.0022285 0.0026408 0.0028497 0.0042129 0.0063304 0.0031512 0.0044693 0.0063488 0.0037450 0.0044497 0.0042129 0.0026360 0.0084991 0.0063402 0.0042605 0.0044497 0.0085048 0.0085048 0.0042129 0.0042107 0.0138241 0.0150950 0.0066953 0.0129047 0.0128775 0.0112106 0.0066746 0.0096588 0.0042131 0.0042131 0.0022124 0.0042024 0.0063407 0.0095352 0.0063197 0.0042024 0.0042118 0.0063307 0.0089781 
Dcap79929  0.0208672 0.0053330 0.0073449 0.0232944 0.0208436 0.0232777 0.0232777 0.0309759 0.0076252 0.0181094 0.0184516 0.0025971 0.0022360 0.0232362 0.0000010 0.0000000 0.0000010 0.0114012 0.0090995 0.0090995 0.0234336 0.0022360 0.0044930 0.0022360 0.0044940 0.0065886 0.0114196 0.0076294 0.0044925 0.0097858 0.0073210 0.0044843 0.0023878 0.0028645 0.0028879 0.0044961 0.0067570 0.0031977 0.0047893 0.0067780 0.0038064 0.0044961 0.0044961 0.0026688 0.0090761 0.0067681 0.0045036 0.0044961 0.0090827 0.0090827 0.0044961 0.0044934 0.0148492 0.0137580 0.0067657 0.0114328 0.0137611 0.0112106 0.0067448 0.0102859 0.0044963 0.0044963 0.0022360 0.0044843 0.0044930 0.0096421 0.0067448 0.0044843 0.0044948 0.0067574 0.0090729 
Ddel       0.0217181 0.0053330 0.0072626 0.0230441 0.0216951 0.0239783 0.0239783 0.0311900 0.0094750 0.0192460 0.0182562 0.0025666 0.0022124 0.0229871 0.0000010 0.0000010 0.0000000 0.0106728 0.0106682 0.0106682 0.0232538 0.0020958 0.0042103 0.0020958 0.0042111 0.0065886 0.0106888 0.0075400 0.0042099 0.0114561 0.0072390 0.0044380 0.0022285 0.0026408 0.0028497 0.0042129 0.0063304 0.0031512 0.0044693 0.0063488 0.0037450 0.0044497 0.0042129 0.0026360 0.0084991 0.0063402 0.0042605 0.0044497 0.0085048 0.0085048 0.0042129 0.0042107 0.0138241 0.0150950 0.0066953 0.0129047 0.0128775 0.0112106 0.0066746 0.0096588 0.0042131 0.0042131 0.0022124 0.0042024 0.0063407 0.0095352 0.0063197 0.0042024 0.0042118 0.0063307 0.0089781 
Dleu       0.0285214 0.0107022 0.0146945 0.0302820 0.0284904 0.0308298 0.0308298 0.0382673 0.0143333 0.0241232 0.0253733 0.0103926 0.0089464 0.0302066 0.0106728 0.0114012 0.0106728 0.0000000 0.0172427 0.0172427 0.0305614 0.0084679 0.0084911 0.0084679 0.0106341 0.0099087 0.0172774 0.0126078 0.0106310 0.0185303 0.0146455 0.0112132 0.0090085 0.0052834 0.0086204 0.0106387 0.0127882 0.0063179 0.0112920 0.0128264 0.0075397 0.0112433 0.0106387 0.0079705 0.0021001 0.0128080 0.0107620 0.0112433 0.0105844 0.0105844 0.0106387 0.0106330 0.0209644 0.0195721 0.0135350 0.0173517 0.0149561 0.0110359 0.0134919 0.0170951 0.0106397 0.0106397 0.0089464 0.0106109 0.0128099 0.0168749 0.0127663 0.0106109 0.0106359 0.0127888 0.0158803 
Eaus       0.0127430 0.0107738 0.0122150 0.0157944 0.0127301 0.0149198 0.0149198 0.0217720 0.0000010 0.0093872 0.0111747 0.0077738 0.0066941 0.0134723 0.0106682 0.0090995 0.0106682 0.0172427 0.0000000 0.0000010 0.0159347 0.0084641 0.0106274 0.0084641 0.0106295 0.0065773 0.0172707 0.0126878 0.0106264 0.0185227 0.0121746 0.0089500 0.0090052 0.0079464 0.0086412 0.0106341 0.0127829 0.0031460 0.0112868 0.0128211 0.0074997 0.0089740 0.0106341 0.0079879 0.0150177 0.0128027 0.0107572 0.0089740 0.0150288 0.0150288 0.0106341 0.0106283 0.0209562 0.0217783 0.0112532 0.0195482 0.0195059 0.0111887 0.0112178 0.0170875 0.0106351 0.0106351 0.0066941 0.0106064 0.0128046 0.0144299 0.0127610 0.0106064 0.0106312 0.0127835 0.0135808 
Egla       0.0127430 0.0107738 0.0122150 0.0157944 0.0127301 0.0149198 0.0149198 0.0217720 0.0000010 0.0093872 0.0111747 0.0077738 0.0066941 0.0134723 0.0106682 0.0090995 0.0106682 0.0172427 0.0000010 0.0000000 0.0159347 0.0084641 0.0106274 0.0084641 0.0106295 0.0065773 0.0172707 0.0126878 0.0106264 0.0185227 0.0121746 0.0089500 0.0090052 0.0079464 0.0086412 0.0106341 0.0127829 0.0031460 0.0112868 0.0128211 0.0074997 0.0089740 0.0106341 0.0079879 0.0150177 0.0128027 0.0107572 0.0089740 0.0150288 0.0150288 0.0106341 0.0106283 0.0209562 0.0217783 0.0112532 0.0195482 0.0195059 0.0111887 0.0112178 0.0170875 0.0106351 0.0106351 0.0066941 0.0106064 0.0128046 0.0144299 0.0127610 0.0106064 0.0106312 0.0127835 0.0135808 
Erob       0.0066921 0.0219038 0.0278380 0.0089631 0.0066850 0.0089562 0.0089562 0.0113457 0.0127253 0.0049859 0.0044384 0.0242054 0.0207384 0.0158900 0.0232538 0.0234336 0.0232538 0.0305614 0.0159347 0.0159347 0.0000000 0.0207384 0.0231550 0.0207384 0.0231601 0.0274949 0.0306222 0.0262234 0.0231527 0.0303350 0.0277399 0.0231062 0.0221874 0.0175112 0.0270314 0.0231709 0.0255356 0.0230672 0.0247247 0.0256243 0.0274758 0.0231709 0.0231709 0.0249112 0.0280682 0.0255795 0.0233893 0.0231709 0.0280940 0.0280940 0.0231709 0.0231572 0.0358213 0.0356686 0.0255745 0.0331941 0.0331188 0.0227891 0.0254862 0.0236581 0.0231755 0.0231755 0.0207384 0.0231062 0.0255871 0.0298688 0.0254862 0.0231062 0.0231644 0.0255362 0.0280595 
Fatt       0.0193810 0.0026391 0.0047963 0.0205533 0.0193608 0.0216130 0.0216130 0.0287089 0.0070418 0.0166826 0.0158324 0.0000010 0.0000010 0.0205029 0.0020958 0.0022360 0.0020958 0.0084679 0.0084641 0.0084641 0.0207384 0.0000000 0.0020880 0.0000010 0.0020884 0.0032515 0.0084802 0.0049777 0.0020878 0.0090835 0.0047807 0.0022000 0.0000010 0.0000010 0.0000010 0.0020893 0.0041860 0.0000010 0.0022155 0.0041978 0.0000010 0.0022048 0.0020893 0.0000010 0.0063221 0.0041920 0.0021128 0.0022048 0.0063262 0.0063262 0.0020893 0.0020882 0.0114173 0.0128302 0.0044251 0.0106643 0.0106419 0.0073663 0.0044118 0.0071769 0.0020894 0.0020894 0.0000010 0.0020841 0.0041922 0.0070858 0.0041789 0.0020841 0.0020888 0.0041862 0.0066748 
Ggri       0.0216321 0.0026391 0.0072312 0.0229471 0.0216093 0.0238827 0.0238827 0.0310616 0.0094349 0.0166826 0.0181807 0.0025549 0.0022043 0.0228906 0.0042103 0.0044930 0.0042103 0.0084911 0.0106274 0.0106274 0.0231550 0.0020880 0.0000000 0.0020880 0.0041952 0.0065501 0.0106478 0.0049777 0.0041939 0.0114089 0.0072078 0.0044205 0.0022198 0.0000010 0.0028353 0.0041971 0.0063066 0.0031336 0.0044515 0.0063249 0.0037202 0.0044321 0.0041971 0.0026236 0.0063394 0.0063163 0.0042451 0.0044321 0.0063434 0.0063434 0.0041971 0.0041947 0.0137674 0.0106425 0.0066684 0.0084918 0.0106712 0.0074017 0.0066485 0.0096171 0.0041972 0.0041972 0.0022043 0.0041867 0.0063168 0.0094945 0.0062960 0.0041867 0.0041959 0.0063070 0.0089421 
Gmac       0.0193810 0.0026391 0.0047963 0.0205533 0.0193608 0.0216130 0.0216130 0.0287089 0.0070418 0.0166826 0.0158324 0.0000010 0.0000010 0.0205029 0.0020958 0.0022360 0.0020958 0.0084679 0.0084641 0.0084641 0.0207384 0.0000010 0.0020880 0.0000000 0.0020884 0.0032515 0.0084802 0.0049777 0.0020878 0.0090835 0.0047807 0.0022000 0.0000010 0.0000010 0.0000010 0.0020893 0.0041860 0.0000010 0.0022155 0.0041978 0.0000010 0.0022048 0.0020893 0.0000010 0.0063221 0.0041920 0.0021128 0.0022048 0.0063262 0.0063262 0.0020893 0.0020882 0.0114173 0.0128302 0.0044251 0.0106643 0.0106419 0.0073663 0.0044118 0.0071769 0.0020894 0.0020894 0.0000010 0.0020841 0.0041922 0.0070858 0.0041789 0.0020841 0.0020888 0.0041862 0.0066748 
Hamp       0.0216365 0.0053091 0.0072329 0.0229521 0.0216137 0.0238876 0.0238876 0.0310681 0.0094370 0.0191663 0.0181845 0.0025555 0.0022048 0.0228956 0.0042111 0.0044940 0.0042111 0.0106341 0.0106295 0.0106295 0.0231601 0.0020884 0.0041952 0.0020884 0.0000000 0.0065514 0.0106500 0.0075075 0.0041948 0.0114114 0.0072094 0.0044214 0.0022203 0.0026291 0.0028360 0.0041979 0.0063079 0.0031345 0.0044524 0.0042055 0.0037215 0.0044330 0.0041979 0.0026243 0.0084685 0.0063176 0.0042459 0.0044330 0.0084742 0.0084742 0.0041979 0.0041956 0.0137704 0.0150399 0.0066698 0.0128568 0.0128296 0.0111394 0.0066499 0.0096192 0.0041981 0.0041981 0.0022048 0.0041876 0.0063181 0.0094966 0.0062972 0.0041876 0.0041967 0.0063082 0.0089439 
Igeo       0.0236827 0.0082249 0.0065508 0.0272552 0.0201434 0.0166686 0.0166686 0.0387659 0.0000010 0.0198517 0.0201434 0.0035698 0.0032515 0.0235250 0.0065886 0.0065886 0.0065886 0.0099087 0.0065773 0.0065773 0.0274949 0.0032515 0.0065501 0.0032515 0.0065514 0.0000000 0.0133136 0.0077861 0.0065492 0.0071738 0.0108825 0.0065310 0.0035698 0.0000010 0.0035698 0.0032515 0.0065227 0.0032515 0.0035698 0.0099082 0.0000010 0.0032515 0.0032515 0.0032515 0.0099087 0.0065383 0.0032515 0.0032515 0.0133096 0.0133096 0.0065565 0.0065510 0.0035955 0.0167413 0.0098818 0.0133363 0.0133096 0.0151820 0.0065310 0.0116641 0.0032515 0.0032515 0.0032515 0.0065310 0.0065502 0.0071733 0.0065310 0.0065310 0.0065537 0.0065310 0.0065537 
Kbre       0.0285734 0.0080339 0.0121930 0.0303416 0.0285423 0.0308874 0.0308874 0.0383448 0.0167947 0.0217379 0.0254207 0.0051324 0.0089602 0.0302658 0.0106888 0.0114196 0.0106888 0.0172774 0.0172707 0.0172707 0.0306222 0.0084802 0.0106478 0.0084802 0.0106500 0.0133136 0.0000000 0.0000010 0.0106469 0.0161269 0.0121351 0.0112309 0.0067212 0.0053036 0.0086084 0.0106546 0.0128076 0.0095464 0.0089860 0.0128468 0.0074886 0.0112603 0.0106546 0.0106994 0.0150473 0.0128274 0.0107782 0.0112603 0.0150584 0.0150584 0.0106546 0.0106488 0.0185350 0.0128599 0.0135569 0.0106884 0.0195461 0.0149431 0.0135139 0.0171264 0.0106556 0.0106556 0.0089602 0.0106275 0.0128292 0.0143838 0.0127857 0.0106275 0.0106517 0.0128081 0.0159070 
Ksim       0.0232388 0.0080339 0.0082102 0.0259569 0.0232094 0.0259365 0.0259365 0.0317455 0.0115076 0.0205365 0.0205365 0.0000010 0.0049777 0.0258846 0.0075400 0.0076294 0.0075400 0.0126078 0.0126878 0.0126878 0.0262234 0.0049777 0.0049777 0.0049777 0.0075075 0.0077861 0.0000010 0.0000000 0.0075049 0.0109483 0.0081440 0.0074897 0.0026567 0.0056844 0.0032800 0.0075114 0.0100374 0.0036943 0.0053305 0.0075142 0.0000010 0.0075114 0.0075114 0.0060562 0.0100313 0.0075114 0.0076146 0.0075114 0.0100395 0.0100395 0.0049777 0.0075065 0.0165919 0.0100626 0.0074729 0.0075234 0.0152284 0.0044153 0.0100171 0.0147609 0.0075120 0.0075120 0.0049777 0.0074897 0.0100573 0.0107400 0.0100171 0.0074897 0.0075089 0.0100379 0.0126461 
Laus       0.0216301 0.0026391 0.0072305 0.0229448 0.0216073 0.0238804 0.0238804 0.0310585 0.0094339 0.0191600 0.0181789 0.0025546 0.0022041 0.0228884 0.0042099 0.0044925 0.0042099 0.0106310 0.0106264 0.0106264 0.0231527 0.0020878 0.0041939 0.0020878 0.0041948 0.0065492 0.0106469 0.0075049 0.0000000 0.0114078 0.0072071 0.0044201 0.0022196 0.0026282 0.0028349 0.0041967 0.0063061 0.0031332 0.0044510 0.0063243 0.0037197 0.0044317 0.0041967 0.0026233 0.0084660 0.0063158 0.0042447 0.0044317 0.0084717 0.0084717 0.0041967 0.0041943 0.0137661 0.0150355 0.0066677 0.0128530 0.0128259 0.0073663 0.0066479 0.0071769 0.0041969 0.0041969 0.0022041 0.0041864 0.0063163 0.0094936 0.0062954 0.0041864 0.0041955 0.0063064 0.0089412 
Lbor       0.0306830 0.0087801 0.0131513 0.0300618 0.0306470 0.0331770 0.0331770 0.0412549 0.0181586 0.0263049 0.0274023 0.0078080 0.0096366 0.0326432 0.0114561 0.0097858 0.0114561 0.0185303 0.0185227 0.0185227 0.0303350 0.0090835 0.0114089 0.0090835 0.0114114 0.0071738 0.0161269 0.0109483 0.0114078 0.0000000 0.0147780 0.0120809 0.0090835 0.0087422 0.0115071 0.0114167 0.0137256 0.0068888 0.0113856 0.0137704 0.0112853 0.0121160 0.0114167 0.0115071 0.0161334 0.0137487 0.0091995 0.0121160 0.0161465 0.0161465 0.0114167 0.0090835 0.0163016 0.0234232 0.0145897 0.0210200 0.0209725 0.0112761 0.0145390 0.0158034 0.0114179 0.0114179 0.0096366 0.0113856 0.0114038 0.0145390 0.0137002 0.0113856 0.0090835 0.0137263 0.0096421 
Lhos30470  0.0248471 0.0087595 0.0105121 0.0248471 0.0248167 0.0274476 0.0274476 0.0358178 0.0109829 0.0223026 0.0222387 0.0052017 0.0047807 0.0273949 0.0072390 0.0073210 0.0072390 0.0146455 0.0121746 0.0121746 0.0277399 0.0047807 0.0072078 0.0047807 0.0072094 0.0108825 0.0121351 0.0081440 0.0072071 0.0147780 0.0000000 0.0023775 0.0047807 0.0062329 0.0057063 0.0072130 0.0096360 0.0069093 0.0071923 0.0096688 0.0075013 0.0072130 0.0072130 0.0057063 0.0121407 0.0096533 0.0073075 0.0072130 0.0121502 0.0121502 0.0072130 0.0047807 0.0173457 0.0197580 0.0096499 0.0172359 0.0171943 0.0112966 0.0047679 0.0055259 0.0072136 0.0072136 0.0047807 0.0023775 0.0072041 0.0071793 0.0047679 0.0023775 0.0047807 0.0047777 0.0096556 
Lhos452    0.0205152 0.0052952 0.0072157 0.0228992 0.0204925 0.0228830 0.0228830 0.0304360 0.0074928 0.0177698 0.0181433 0.0025491 0.0022000 0.0228430 0.0044380 0.0044843 0.0044380 0.0112132 0.0089500 0.0089500 0.0231062 0.0022000 0.0044205 0.0022000 0.0044214 0.0065310 0.0112309 0.0074897 0.0044201 0.0120809 0.0023775 0.0000000 0.0023464 0.0028084 0.0028281 0.0044234 0.0066472 0.0031249 0.0047067 0.0066670 0.0037079 0.0044234 0.0044234 0.0026174 0.0089273 0.0066572 0.0044766 0.0044234 0.0089337 0.0089337 0.0044234 0.0044209 0.0145831 0.0158680 0.0066548 0.0135634 0.0135332 0.0110985 0.0021948 0.0050629 0.0044236 0.0044236 0.0022000 0.0000010 0.0066578 0.0046982 0.0021948 0.0000010 0.0044221 0.0021988 0.0089242 
Lobs       0.0206408 0.0028530 0.0051339 0.0194392 0.0206177 0.0230228 0.0230228 0.0306226 0.0075445 0.0178918 0.0169177 0.0000010 0.0000010 0.0219180 0.0022285 0.0023878 0.0022285 0.0090085 0.0090052 0.0090052 0.0221874 0.0000010 0.0022198 0.0000010 0.0022203 0.0035698 0.0067212 0.0026567 0.0022196 0.0090835 0.0047807 0.0023464 0.0000000 0.0000010 0.0000010 0.0022213 0.0044506 0.0000010 0.0022155 0.0044642 0.0000010 0.0023532 0.0022213 0.0000010 0.0067244 0.0044579 0.0022481 0.0023532 0.0067291 0.0067291 0.0022213 0.0000010 0.0114173 0.0136598 0.0047220 0.0113517 0.0113262 0.0073663 0.0047067 0.0077000 0.0022214 0.0022214 0.0000010 0.0022155 0.0022187 0.0070858 0.0044426 0.0022155 0.0000010 0.0044509 0.0047250 
Lvex       0.0161008 0.0000010 0.0031179 0.0173319 0.0160800 0.0160800 0.0160800 0.0247545 0.0079464 0.0133376 0.0114160 0.0000010 0.0000010 0.0114253 0.0026408 0.0028645 0.0026408 0.0052834 0.0079464 0.0079464 0.0175112 0.0000010 0.0000010 0.0000010 0.0026291 0.0000010 0.0053036 0.0056844 0.0026282 0.0087422 0.0062329 0.0028084 0.0000010 0.0000000 0.0000010 0.0026306 0.0052723 0.0000010 0.0028334 0.0026314 0.0000010 0.0028178 0.0026306 0.0000010 0.0026269 0.0026306 0.0026656 0.0028178 0.0052734 0.0052734 0.0000010 0.0026288 0.0117074 0.0107065 0.0028013 0.0080037 0.0106684 0.0056534 0.0056352 0.0093765 0.0026307 0.0026307 0.0000010 0.0026224 0.0052829 0.0092315 0.0052611 0.0026224 0.0026297 0.0052726 0.0085463 
Mbid       0.0236074 0.0035842 0.0031277 0.0236074 0.0235733 0.0266928 0.0266928 0.0366704 0.0066529 0.0203306 0.0205204 0.0000010 0.0000010 0.0235265 0.0028497 0.0028879 0.0028497 0.0086204 0.0086412 0.0086412 0.0270314 0.0000010 0.0028353 0.0000010 0.0028360 0.0035698 0.0086084 0.0032800 0.0028349 0.0115071 0.0057063 0.0028281 0.0000010 0.0000010 0.0000000 0.0000010 0.0028250 0.0000010 0.0000010 0.0057111 0.0000010 0.0000010 0.0000010 0.0000010 0.0057117 0.0028309 0.0000010 0.0000010 0.0086206 0.0086206 0.0028377 0.0000010 0.0087108 0.0175779 0.0056981 0.0145952 0.0115702 0.0100089 0.0056759 0.0102815 0.0000010 0.0000010 0.0000010 0.0028281 0.0028334 0.0056759 0.0056759 0.0028281 0.0000010 0.0028281 0.0028317 
Mbow       0.0216460 0.0053120 0.0072364 0.0229627 0.0216231 0.0238980 0.0238980 0.0310818 0.0094415 0.0191755 0.0181929 0.0025569 0.0022048 0.0229061 0.0042129 0.0044961 0.0042129 0.0106387 0.0106341 0.0106341 0.0231709 0.0020893 0.0041971 0.0020893 0.0041979 0.0032515 0.0106546 0.0075114 0.0041967 0.0114167 0.0072130 0.0044234 0.0022213 0.0026306 0.0000010 0.0000000 0.0020861 0.0000010 0.0044544 0.0063284 0.0000010 0.0000010 0.0000010 0.0000010 0.0084721 0.0020894 0.0000010 0.0000010 0.0084779 0.0084779 0.0041997 0.0041975 0.0137768 0.0150464 0.0066729 0.0128625 0.0128351 0.0111479 0.0066519 0.0096240 0.0022154 0.0022154 0.0022048 0.0041885 0.0063208 0.0095012 0.0062999 0.0041885 0.0041986 0.0063109 0.0044348 
Mcar       0.0238518 0.0079855 0.0096678 0.0253055 0.0238265 0.0261159 0.0261159 0.0287884 0.0118238 0.0216144 0.0205047 0.0051244 0.0044196 0.0252432 0.0063304 0.0067570 0.0063304 0.0127882 0.0127829 0.0127829 0.0255356 0.0041860 0.0063066 0.0041860 0.0063079 0.0065227 0.0128076 0.0100374 0.0063061 0.0137256 0.0096360 0.0066472 0.0044506 0.0052723 0.0028250 0.0020861 0.0000000 0.0031211 0.0066930 0.0084533 0.0037025 0.0022023 0.0020861 0.0026147 0.0106076 0.0041860 0.0021095 0.0022023 0.0106149 0.0106149 0.0063106 0.0063072 0.0161030 0.0172259 0.0089141 0.0150333 0.0150015 0.0111479 0.0088863 0.0096240 0.0044248 0.0044248 0.0044196 0.0062948 0.0084424 0.0118992 0.0084136 0.0062948 0.0063089 0.0084281 0.0066638 
Mden       0.0193911 0.0040746 0.0031340 0.0227733 0.0160413 0.0193872 0.0193872 0.0335941 0.0000010 0.0150528 0.0160413 0.0000010 0.0000010 0.0193183 0.0031512 0.0031977 0.0031512 0.0063179 0.0031460 0.0031460 0.0230672 0.0000010 0.0031336 0.0000010 0.0031345 0.0032515 0.0095464 0.0036943 0.0031332 0.0068888 0.0069093 0.0031249 0.0000010 0.0000010 0.0000010 0.0000010 0.0031211 0.0000000 0.0000010 0.0063172 0.0000010 0.0000010 0.0000010 0.0000010 0.0063179 0.0031283 0.0000010 0.0000010 0.0095436 0.0095436 0.0031366 0.0031341 0.0069530 0.0161221 0.0063011 0.0128457 0.0095436 0.0100089 0.0031249 0.0077109 0.0000010 0.0000010 0.0000010 0.0031249 0.0063050 0.0034179 0.0031249 0.0031249 0.0031353 0.0031249 0.0031353 
Meur       0.0229961 0.0057255 0.0077250 0.0219321 0.0229702 0.0253936 0.0253936 0.0330690 0.0100890 0.0205100 0.0193896 0.0025491 0.0023464 0.0244235 0.0044693 0.0047893 0.0044693 0.0112920 0.0112868 0.0112868 0.0247247 0.0022155 0.0044515 0.0022155 0.0044524 0.0035698 0.0089860 0.0053305 0.0044510 0.0113856 0.0071923 0.0047067 0.0022155 0.0028334 0.0000010 0.0044544 0.0066930 0.0000010 0.0000000 0.0067140 0.0000010 0.0047200 0.0044544 0.0000010 0.0089901 0.0067042 0.0045084 0.0047200 0.0089966 0.0089966 0.0044544 0.0022155 0.0137390 0.0159797 0.0071028 0.0136590 0.0136284 0.0110985 0.0070801 0.0102976 0.0044547 0.0044547 0.0023464 0.0044426 0.0044492 0.0094744 0.0066808 0.0044426 0.0022155 0.0066934 0.0071073 
Mgin       0.0239286 0.0053138 0.0097006 0.0253925 0.0239031 0.0262011 0.0262011 0.0334754 0.0118633 0.0191848 0.0205731 0.0051424 0.0044330 0.0253297 0.0063488 0.0067780 0.0063488 0.0128264 0.0128211 0.0128211 0.0256243 0.0041978 0.0063249 0.0041978 0.0042055 0.0099082 0.0128468 0.0075142 0.0063243 0.0137704 0.0096688 0.0066670 0.0044642 0.0026314 0.0057111 0.0063284 0.0084533 0.0063172 0.0067140 0.0000000 0.0075098 0.0066849 0.0063284 0.0052825 0.0106400 0.0084663 0.0064015 0.0066849 0.0106474 0.0106474 0.0063284 0.0063255 0.0161563 0.0172798 0.0089418 0.0150795 0.0150473 0.0149883 0.0089141 0.0120940 0.0063291 0.0063291 0.0044330 0.0063130 0.0084672 0.0119392 0.0084389 0.0063130 0.0063271 0.0084537 0.0112409 
Mgra       0.0230512 0.0000010 0.0000010 0.0230512 0.0190477 0.0190477 0.0190477 0.0401911 0.0074997 0.0184759 0.0190477 0.0000010 0.0000010 0.0151353 0.0037450 0.0038064 0.0037450 0.0075397 0.0074997 0.0074997 0.0274758 0.0000010 0.0037202 0.0000010 0.0037215 0.0000010 0.0074886 0.0000010 0.0037197 0.0112853 0.0075013 0.0037079 0.0000010 0.0000010 0.0000010 0.0000010 0.0037025 0.0000010 0.0000010 0.0075098 0.0000000 0.0000010 0.0000010 0.0000010 0.0037393 0.0037127 0.0000010 0.0000010 0.0113579 0.0113579 0.0037244 0.0000010 0.0075388 0.0152524 0.0074872 0.0152524 0.0113579 0.0133092 0.0037079 0.0095010 0.0000010 0.0000010 0.0000010 0.0037079 0.0037171 0.0037079 0.0037079 0.0037079 0.0000010 0.0037079 0.0037141 
Mhec       0.0205717 0.0053120 0.0072364 0.0229627 0.0205489 0.0229464 0.0229464 0.0305227 0.0075152 0.0178242 0.0181929 0.0025569 0.0022048 0.0229061 0.0044497 0.0044961 0.0044497 0.0112433 0.0089740 0.0089740 0.0231709 0.0022048 0.0044321 0.0022048 0.0044330 0.0032515 0.0112603 0.0075114 0.0044317 0.0121160 0.0072130 0.0044234 0.0023532 0.0028178 0.0000010 0.0000010 0.0022023 0.0000010 0.0047200 0.0066849 0.0000010 0.0000000 0.0000010 0.0000010 0.0089512 0.0022049 0.0000010 0.0000010 0.0089576 0.0089576 0.0044351 0.0044326 0.0146258 0.0159113 0.0066729 0.0136002 0.0135698 0.0111479 0.0066519 0.0102462 0.0023457 0.0023457 0.0022048 0.0044234 0.0066758 0.0095012 0.0066519 0.0044234 0.0044338 0.0066646 0.0044348 
Mlay       0.0216460 0.0053120 0.0072364 0.0229627 0.0216231 0.0238980 0.0238980 0.0310818 0.0094415 0.0191755 0.0181929 0.0025569 0.0022048 0.0229061 0.0042129 0.0044961 0.0042129 0.0106387 0.0106341 0.0106341 0.0231709 0.0020893 0.0041971 0.0020893 0.0041979 0.0032515 0.0106546 0.0075114 0.0041967 0.0114167 0.0072130 0.0044234 0.0022213 0.0026306 0.0000010 0.0000010 0.0020861 0.0000010 0.0044544 0.0063284 0.0000010 0.0000010 0.0000000 0.0000010 0.0084721 0.0020894 0.0000010 0.0000010 0.0084779 0.0084779 0.0041997 0.0041975 0.0137768 0.0150464 0.0066729 0.0128625 0.0128351 0.0111479 0.0066519 0.0096240 0.0022154 0.0022154 0.0022048 0.0041885 0.0063208 0.0095012 0.0062999 0.0041885 0.0041986 0.0063109 0.0044348 
Mmir       0.0217850 0.0032532 0.0028796 0.0246439 0.0217561 0.0246233 0.0246233 0.0337506 0.0060783 0.0185477 0.0189453 0.0000010 0.0000010 0.0217161 0.0026360 0.0026688 0.0026360 0.0079705 0.0079879 0.0079879 0.0249112 0.0000010 0.0026236 0.0000010 0.0026243 0.0032515 0.0106994 0.0060562 0.0026233 0.0115071 0.0057063 0.0026174 0.0000010 0.0000010 0.0000010 0.0000010 0.0026147 0.0000010 0.0000010 0.0052825 0.0000010 0.0000010 0.0000010 0.0000000 0.0052830 0.0026198 0.0000010 0.0000010 0.0079706 0.0079706 0.0026257 0.0026239 0.0087108 0.0162282 0.0052714 0.0134785 0.0106921 0.0100089 0.0052524 0.0093688 0.0000010 0.0000010 0.0000010 0.0026174 0.0052741 0.0056759 0.0052524 0.0026174 0.0026248 0.0026174 0.0052732 
Mmon       0.0262043 0.0079806 0.0121809 0.0278137 0.0261761 0.0284933 0.0284933 0.0358436 0.0118839 0.0215992 0.0229529 0.0077512 0.0066772 0.0277447 0.0084991 0.0090761 0.0084991 0.0021001 0.0150177 0.0150177 0.0280682 0.0063221 0.0063394 0.0063221 0.0084685 0.0099087 0.0150473 0.0100313 0.0084660 0.0161334 0.0121407 0.0089273 0.0067244 0.0026269 0.0057117 0.0084721 0.0106076 0.0063179 0.0089901 0.0106400 0.0037393 0.0089512 0.0084721 0.0052830 0.0000000 0.0106249 0.0085698 0.0089512 0.0084287 0.0084287 0.0084721 0.0084676 0.0185421 0.0173166 0.0112243 0.0151123 0.0127611 0.0110359 0.0111891 0.0145771 0.0084728 0.0084728 0.0066772 0.0084508 0.0106262 0.0143900 0.0105897 0.0084508 0.0084698 0.0106081 0.0135448 
Mper       0.0238900 0.0053120 0.0096850 0.0253486 0.0238646 0.0261579 0.0261579 0.0334160 0.0118443 0.0191755 0.0205392 0.0051338 0.0044268 0.0252860 0.0063402 0.0067681 0.0063402 0.0128080 0.0128027 0.0128027 0.0255795 0.0041920 0.0063163 0.0041920 0.0063176 0.0065383 0.0128274 0.0075114 0.0063158 0.0137487 0.0096533 0.0066572 0.0044579 0.0026306 0.0028309 0.0020894 0.0041860 0.0031283 0.0067042 0.0084663 0.0037127 0.0022049 0.0020894 0.0026198 0.0106249 0.0000000 0.0021129 0.0022049 0.0106323 0.0106323 0.0063203 0.0063169 0.0161303 0.0172534 0.0089287 0.0150570 0.0150251 0.0149494 0.0089010 0.0120743 0.0044320 0.0044320 0.0044268 0.0063045 0.0084555 0.0119200 0.0084263 0.0063045 0.0063186 0.0084420 0.0066749 
Mpni       0.0219012 0.0053120 0.0073313 0.0232507 0.0218778 0.0241808 0.0241808 0.0314592 0.0095550 0.0194266 0.0184187 0.0025919 0.0022321 0.0231927 0.0042605 0.0045036 0.0042605 0.0107620 0.0107572 0.0107572 0.0233893 0.0021128 0.0042451 0.0021128 0.0042459 0.0032515 0.0107782 0.0076146 0.0042447 0.0091995 0.0073075 0.0044766 0.0022481 0.0026656 0.0000010 0.0000010 0.0021095 0.0000010 0.0045084 0.0064015 0.0000010 0.0000010 0.0000010 0.0000010 0.0085698 0.0021129 0.0000000 0.0000010 0.0085756 0.0085756 0.0042478 0.0042455 0.0139491 0.0129828 0.0067541 0.0107902 0.0129855 0.0111479 0.0067332 0.0096240 0.0022420 0.0022420 0.0022321 0.0042371 0.0042451 0.0096242 0.0063719 0.0042371 0.0042466 0.0063831 0.0044876 
Mste       0.0205717 0.0053120 0.0072364 0.0229627 0.0205489 0.0229464 0.0229464 0.0305227 0.0075152 0.0178242 0.0181929 0.0025569 0.0022048 0.0229061 0.0044497 0.0044961 0.0044497 0.0112433 0.0089740 0.0089740 0.0231709 0.0022048 0.0044321 0.0022048 0.0044330 0.0032515 0.0112603 0.0075114 0.0044317 0.0121160 0.0072130 0.0044234 0.0023532 0.0028178 0.0000010 0.0000010 0.0022023 0.0000010 0.0047200 0.0066849 0.0000010 0.0000010 0.0000010 0.0000010 0.0089512 0.0022049 0.0000010 0.0000000 0.0089576 0.0089576 0.0044351 0.0044326 0.0146258 0.0159113 0.0066729 0.0136002 0.0135698 0.0111479 0.0066519 0.0102462 0.0023457 0.0023457 0.0022048 0.0044234 0.0066758 0.0095012 0.0066519 0.0044234 0.0044338 0.0066646 0.0044348 
Naasi      0.0262266 0.0079873 0.0121900 0.0278391 0.0261983 0.0285181 0.0285181 0.0358775 0.0143092 0.0216185 0.0229728 0.0077575 0.0066819 0.0277700 0.0085048 0.0090827 0.0085048 0.0105844 0.0150288 0.0150288 0.0280940 0.0063262 0.0063434 0.0063262 0.0084742 0.0133096 0.0150584 0.0100395 0.0084717 0.0161465 0.0121502 0.0089337 0.0067291 0.0052734 0.0086206 0.0084779 0.0106149 0.0095436 0.0089966 0.0106474 0.0113579 0.0089576 0.0084779 0.0079706 0.0084287 0.0106323 0.0085756 0.0089576 0.0000000 0.0000010 0.0084779 0.0084733 0.0185576 0.0173299 0.0112327 0.0151236 0.0041882 0.0000010 0.0111974 0.0121066 0.0084785 0.0084785 0.0066819 0.0084565 0.0106336 0.0144018 0.0105970 0.0084565 0.0084756 0.0106154 0.0135557 
Npho       0.0262266 0.0079873 0.0121900 0.0278391 0.0261983 0.0285181 0.0285181 0.0358775 0.0143092 0.0216185 0.0229728 0.0077575 0.0066819 0.0277700 0.0085048 0.0090827 0.0085048 0.0105844 0.0150288 0.0150288 0.0280940 0.0063262 0.0063434 0.0063262 0.0084742 0.0133096 0.0150584 0.0100395 0.0084717 0.0161465 0.0121502 0.0089337 0.0067291 0.0052734 0.0086206 0.0084779 0.0106149 0.0095436 0.0089966 0.0106474 0.0113579 0.0089576 0.0084779 0.0079706 0.0084287 0.0106323 0.0085756 0.0089576 0.0000010 0.0000000 0.0084779 0.0084733 0.0185576 0.0173299 0.0112327 0.0151236 0.0041882 0.0000010 0.0111974 0.0121066 0.0084785 0.0084785 0.0066819 0.0084565 0.0106336 0.0144018 0.0105970 0.0084565 0.0084756 0.0106154 0.0135557 
Obre       0.0216460 0.0026391 0.0072364 0.0229627 0.0216231 0.0238980 0.0238980 0.0310818 0.0094415 0.0166826 0.0181929 0.0025569 0.0022048 0.0229061 0.0042129 0.0044961 0.0042129 0.0106387 0.0106341 0.0106341 0.0231709 0.0020893 0.0041971 0.0020893 0.0041979 0.0065565 0.0106546 0.0049777 0.0041967 0.0114167 0.0072130 0.0044234 0.0022213 0.0000010 0.0028377 0.0041997 0.0063106 0.0031366 0.0044544 0.0063284 0.0037244 0.0044351 0.0041997 0.0026257 0.0084721 0.0063203 0.0042478 0.0044351 0.0084779 0.0084779 0.0000000 0.0041975 0.0137768 0.0150464 0.0066729 0.0128625 0.0128351 0.0111479 0.0066519 0.0096240 0.0041999 0.0041999 0.0022048 0.0041885 0.0063208 0.0095012 0.0062999 0.0041885 0.0041986 0.0063109 0.0089480 
Oorc       0.0216341 0.0053084 0.0072320 0.0229493 0.0216112 0.0238848 0.0238848 0.0310643 0.0094358 0.0191638 0.0181824 0.0000010 0.0022046 0.0228928 0.0042107 0.0044934 0.0042107 0.0106330 0.0106283 0.0106283 0.0231572 0.0020882 0.0041947 0.0020882 0.0041956 0.0065510 0.0106488 0.0075065 0.0041943 0.0090835 0.0047807 0.0044209 0.0000010 0.0026288 0.0000010 0.0041975 0.0063072 0.0031341 0.0022155 0.0063255 0.0000010 0.0044326 0.0041975 0.0026239 0.0084676 0.0063169 0.0042455 0.0044326 0.0084733 0.0084733 0.0041975 0.0000000 0.0114173 0.0150382 0.0066690 0.0128553 0.0128282 0.0073663 0.0066491 0.0096180 0.0041976 0.0041976 0.0022046 0.0041871 0.0063174 0.0070858 0.0062965 0.0041871 0.0041963 0.0063075 0.0089429 
Pbla       0.0332314 0.0178711 0.0185961 0.0327654 0.0331918 0.0306697 0.0306697 0.0439370 0.0181708 0.0318766 0.0300741 0.0131094 0.0121171 0.0353781 0.0138241 0.0148492 0.0138241 0.0209644 0.0209562 0.0209562 0.0358213 0.0114173 0.0137674 0.0114173 0.0137704 0.0035955 0.0185350 0.0165919 0.0137661 0.0163016 0.0173457 0.0145831 0.0114173 0.0117074 0.0087108 0.0137768 0.0161030 0.0069530 0.0137390 0.0161563 0.0075388 0.0146258 0.0137768 0.0087108 0.0185421 0.0161303 0.0139491 0.0146258 0.0185576 0.0185576 0.0137768 0.0114173 0.0000000 0.0259130 0.0171233 0.0234893 0.0234359 0.0229923 0.0170635 0.0213322 0.0137785 0.0137785 0.0121171 0.0137390 0.0137614 0.0195745 0.0160729 0.0137390 0.0114173 0.0161036 0.0121241 
Pcat       0.0332601 0.0107470 0.0172417 0.0353378 0.0332232 0.0356121 0.0356121 0.0432407 0.0218009 0.0267933 0.0303233 0.0130689 0.0135641 0.0352486 0.0150950 0.0137580 0.0150950 0.0195721 0.0217783 0.0217783 0.0356686 0.0128302 0.0106425 0.0128302 0.0150399 0.0167413 0.0128599 0.0100626 0.0150355 0.0234232 0.0197580 0.0158680 0.0136598 0.0107065 0.0175779 0.0150464 0.0172259 0.0161221 0.0159797 0.0172798 0.0152524 0.0159113 0.0150464 0.0162282 0.0173166 0.0172534 0.0129828 0.0159113 0.0173299 0.0173299 0.0150464 0.0150382 0.0259130 0.0000000 0.0182439 0.0000010 0.0218701 0.0150412 0.0181843 0.0171050 0.0150483 0.0150483 0.0135641 0.0150079 0.0172567 0.0219480 0.0171954 0.0150079 0.0150424 0.0172266 0.0206417 
Pcra       0.0229334 0.0052826 0.0096816 0.0253436 0.0229077 0.0253259 0.0253259 0.0329861 0.0100551 0.0177293 0.0205343 0.0051316 0.0044251 0.0252810 0.0066953 0.0067657 0.0066953 0.0135350 0.0112532 0.0112532 0.0255745 0.0044251 0.0066684 0.0044251 0.0066698 0.0098818 0.0135569 0.0074729 0.0066677 0.0145897 0.0096499 0.0066548 0.0047220 0.0028013 0.0056981 0.0066729 0.0089141 0.0063011 0.0071028 0.0089418 0.0074872 0.0066729 0.0066729 0.0052714 0.0112243 0.0089287 0.0067541 0.0066729 0.0112327 0.0112327 0.0066729 0.0066690 0.0171233 0.0182439 0.0000000 0.0159185 0.0158829 0.0111940 0.0088980 0.0102754 0.0066733 0.0066733 0.0044251 0.0066548 0.0089297 0.0119161 0.0088980 0.0066548 0.0066709 0.0089146 0.0112205 
