68
Oorc       0.0000000 0.0230741 0.0963113 0.1144722 0.0687726 0.0180341 0.0394314 0.0196313 0.0180436 0.0196737 0.0339745 0.1214364 0.1765199 0.1283818 0.0231056 0.1019587 0.0213353 0.0913606 0.0825347 0.1088893 0.0917730 0.1155593 0.1095749 0.0287718 0.0218245 0.1477323 0.0260391 0.0196476 0.0933003 0.1030750 0.1262436 0.0161238 0.0196067 0.0684498 0.1728049 0.0164828 0.0235400 0.0182728 0.0234665 0.0214904 0.0151261 0.1113965 0.1147745 0.0972022 0.1194776 0.1102183 0.1154558 0.1113550 0.1279372 0.1266485 0.1082742 0.0525232 0.3051400 0.0129021 0.0177027 0.0553316 0.0154391 0.0437407 0.3238979 0.0966065 0.0364342 0.0365743 0.0238854 0.0276049 0.0219887 0.0193827 0.1204232 0.1253685 
Ttru       0.0230741 0.0000000 0.1008301 0.1217467 0.0722602 0.0214784 0.0394796 0.0129182 0.0214894 0.0129486 0.0340150 0.1241730 0.1820535 0.1311761 0.0063909 0.1021120 0.0112785 0.0981579 0.0787765 0.1119248 0.0941547 0.1181862 0.1157437 0.0287905 0.0136502 0.1600082 0.0077365 0.0063838 0.1028422 0.1091549 0.1240916 0.0106634 0.0135666 0.0685885 0.1521563 0.0093113 0.0147056 0.0135818 0.0069913 0.0148234 0.0107105 0.1143035 0.1147413 0.0997290 0.1228442 0.1132957 0.1096249 0.1143814 0.1360700 0.1266122 0.1055975 0.0458766 0.3007979 0.0085246 0.0156933 0.0624824 0.0095379 0.0460544 0.3194063 0.1011427 0.0343202 0.0387984 0.0096900 0.0017447 0.0129897 0.0056590 0.1208999 0.1285801 
Pcat       0.0963113 0.1008301 0.0000000 0.1341117 0.1371748 0.0898095 0.1125321 0.0963916 0.0898526 0.0942821 0.1102283 0.1364568 0.0930164 0.1437098 0.0944330 0.1507974 0.0985277 0.1051322 0.1147361 0.1334461 0.1102096 0.1232468 0.1350305 0.1036149 0.0936464 0.1575165 0.1019337 0.0970380 0.1197167 0.1349917 0.1320452 0.1052547 0.0933427 0.1163768 0.1333939 0.0930212 0.1056277 0.0869072 0.1047631 0.1179123 0.0997919 0.1512136 0.1625597 0.1446991 0.1667780 0.1486189 0.1324689 0.1486763 0.1419914 0.1799208 0.1656450 0.1002099 0.3889957 0.0968165 0.0990195 0.1251668 0.0898333 0.1213003 0.3843461 0.0015700 0.1112123 0.0992095 0.1070632 0.1015196 0.1031260 0.0947654 0.1633300 0.1716562 
Bacu       0.1144722 0.1217467 0.1341117 0.0000000 0.1684999 0.1145157 0.1271242 0.1169803 0.1053101 0.1147288 0.1199367 0.0180222 0.2159439 0.0196955 0.1171087 0.1755042 0.1145803 0.0358249 0.1512624 0.0059294 0.0359649 0.0130878 0.0144600 0.1194422 0.1120796 0.0612570 0.1287156 0.1227965 0.0434893 0.0538236 0.0344609 0.1373391 0.1163179 0.1488158 0.2396460 0.1278877 0.1263015 0.0975899 0.1246580 0.1333590 0.1227335 0.1793567 0.1872528 0.1676864 0.1977620 0.1744970 0.1948075 0.1913965 0.0232803 0.1982501 0.1857204 0.1216640 0.3732707 0.1195498 0.1228240 0.1511955 0.1130734 0.1319331 0.3783622 0.1345699 0.1217825 0.1160283 0.1314561 0.1260562 0.1263781 0.1183627 0.2223376 0.1978672 
Lvex       0.0687726 0.0722602 0.1371748 0.1684999 0.0000000 0.0627252 0.0857945 0.0681376 0.0627534 0.0661568 0.0794704 0.1765772 0.2341652 0.1789526 0.0723321 0.1331939 0.0701433 0.1422374 0.1380875 0.1654848 0.1420139 0.1595468 0.1715776 0.0917942 0.0643833 0.2039991 0.0820855 0.0834636 0.1628986 0.1461259 0.1687151 0.0963385 0.0788836 0.0971800 0.1941511 0.0886033 0.0699140 0.0823029 0.0755198 0.0705147 0.0777577 0.1498858 0.1445500 0.1332608 0.1423095 0.1510542 0.1535111 0.1419687 0.1826575 0.1574403 0.1319029 0.0458511 0.3188998 0.0749564 0.0769173 0.1077020 0.0731670 0.0959593 0.3247245 0.1376434 0.0917288 0.0868526 0.0794011 0.0811742 0.0865446 0.0778993 0.1722076 0.1512670 
Dleu       0.0180341 0.0214784 0.0898095 0.1145157 0.0627252 0.0000000 0.0267884 0.0180392 0.0063956 0.0163598 0.0215602 0.1214795 0.1677119 0.1284241 0.0215085 0.0952971 0.0197424 0.0914018 0.0746368 0.1117300 0.0918145 0.1109655 0.1096187 0.0337224 0.0198799 0.1506725 0.0262135 0.0244003 0.0963799 0.1000393 0.1262893 0.0219250 0.0218002 0.0636033 0.1603410 0.0190819 0.0214468 0.0232295 0.0236094 0.0216262 0.0197659 0.1086106 0.1057108 0.0947657 0.1124186 0.1067757 0.1060538 0.1056489 0.1279830 0.1173256 0.0949502 0.0328255 0.2940338 0.0174863 0.0219747 0.0556941 0.0175569 0.0304787 0.2996136 0.0900809 0.0257664 0.0237834 0.0240456 0.0258352 0.0268083 0.0215494 0.1202546 0.1193528 
Naasi      0.0394314 0.0394796 0.1125321 0.1271242 0.0857945 0.0267884 0.0000000 0.0357962 0.0232838 0.0340074 0.0080126 0.1393314 0.1909692 0.1465927 0.0395253 0.1161319 0.0412872 0.1077197 0.0866168 0.1301797 0.1082167 0.1284562 0.1315683 0.0564179 0.0327724 0.1642503 0.0485206 0.0439214 0.1196046 0.1192129 0.1484472 0.0367316 0.0391041 0.0913881 0.1824063 0.0318504 0.0378134 0.0410482 0.0435389 0.0381505 0.0389288 0.1287489 0.1276144 0.1123119 0.1377990 0.1296619 0.1222564 0.1355410 0.1422442 0.1398919 0.1198018 0.0000010 0.2850298 0.0364739 0.0439116 0.0856438 0.0344314 0.0096820 0.2905264 0.1128916 0.0095660 0.0056919 0.0461471 0.0461606 0.0465516 0.0386455 0.1284993 0.1509467 
Lobl       0.0196313 0.0129182 0.0963916 0.1169803 0.0681376 0.0180392 0.0357962 0.0000000 0.0180487 0.0063760 0.0303985 0.1239940 0.1766037 0.1309872 0.0129385 0.1020465 0.0145706 0.0936918 0.0864832 0.1176544 0.0897188 0.1134241 0.1156638 0.0241189 0.0116529 0.1538913 0.0157015 0.0151384 0.1027653 0.1121008 0.1290204 0.0133500 0.0095969 0.0709172 0.1608343 0.0116539 0.0125510 0.0089523 0.0141722 0.0041337 0.0063555 0.1142300 0.1179075 0.0996718 0.1265185 0.1131942 0.1124189 0.1142886 0.1307495 0.1298825 0.1083883 0.0426280 0.2969864 0.0042152 0.0116605 0.0577061 0.0056665 0.0415210 0.3155277 0.0966875 0.0342987 0.0344263 0.0136456 0.0162035 0.0174290 0.0134003 0.1243453 0.1284732 
Mmon       0.0180436 0.0214894 0.0898526 0.1053101 0.0627534 0.0063956 0.0232838 0.0180487 0.0000000 0.0163687 0.0181202 0.1168228 0.1631833 0.1236987 0.0215195 0.0909556 0.0197527 0.0914465 0.0671177 0.1004630 0.0874800 0.1063835 0.1067588 0.0337434 0.0198925 0.1448441 0.0262291 0.0244165 0.0964468 0.1001064 0.1212512 0.0219435 0.0218135 0.0636375 0.1562777 0.0190964 0.0214610 0.0232460 0.0236224 0.0216409 0.0197796 0.1032693 0.0999122 0.0900731 0.1057480 0.1006377 0.0999630 0.1001263 0.1254471 0.1113744 0.0898047 0.0296638 0.2893012 0.0174988 0.0219882 0.0557242 0.0175680 0.0262038 0.2948356 0.0901243 0.0216284 0.0196605 0.0240601 0.0258493 0.0268259 0.0215625 0.1126915 0.1135479 
Gmel       0.0196737 0.0129486 0.0942821 0.1147288 0.0661568 0.0163598 0.0340074 0.0063760 0.0163687 0.0000000 0.0286393 0.1217075 0.1740400 0.1286673 0.0129688 0.0998880 0.0146039 0.0915675 0.0826665 0.1148679 0.0876060 0.1111728 0.1128176 0.0241851 0.0116868 0.1510204 0.0157446 0.0151845 0.0997395 0.1093924 0.1265449 0.0134012 0.0057211 0.0685455 0.1569418 0.0116945 0.0125897 0.0089840 0.0142082 0.0126889 0.0063781 0.1115836 0.1149870 0.0973471 0.1231454 0.1101452 0.1093946 0.1115330 0.1282447 0.1268870 0.1057868 0.0361532 0.2976246 0.0042307 0.0116939 0.0578362 0.0056846 0.0393271 0.3106545 0.0945703 0.0321846 0.0323057 0.0136841 0.0162439 0.0174807 0.0134375 0.1206095 0.1255763 
Psin       0.0339745 0.0340150 0.1102283 0.1199367 0.0794704 0.0215602 0.0080126 0.0303985 0.0181202 0.0286393 0.0000000 0.1319330 0.1827939 0.1390787 0.0340565 0.1092526 0.0357959 0.1008960 0.0786580 0.1181993 0.1013584 0.1211840 0.1192329 0.0486761 0.0284183 0.1641156 0.0417330 0.0389217 0.1065039 0.1067175 0.1429856 0.0336979 0.0346814 0.0811970 0.1778703 0.0292427 0.0330468 0.0333025 0.0374825 0.0333375 0.0340173 0.1229137 0.1212513 0.1072358 0.1304060 0.1200164 0.1127427 0.1265971 0.1394959 0.1333379 0.1115648 0.0084535 0.2802523 0.0316055 0.0372251 0.0780431 0.0301175 0.0038198 0.2857040 0.1105786 0.0056854 0.0018790 0.0394162 0.0399873 0.0414967 0.0342767 0.1244117 0.1383640 
Bmus       0.1214364 0.1241730 0.1364568 0.0180222 0.1765772 0.1214795 0.1393314 0.1239940 0.1168228 0.1217075 0.1319330 0.0000000 0.2188608 0.0112956 0.1172929 0.1781418 0.1169601 0.0376255 0.1419970 0.0225110 0.0377734 0.0181769 0.0230984 0.1256160 0.1175902 0.0588600 0.1289547 0.1230518 0.0486926 0.0563556 0.0230827 0.1416137 0.1247409 0.1548020 0.2443619 0.1315404 0.1357461 0.1037595 0.1273265 0.1429939 0.1322536 0.1825402 0.1908130 0.1705043 0.2105960 0.1704770 0.1872182 0.1911469 0.0270346 0.2018910 0.1825096 0.1388372 0.3961612 0.1289977 0.1314113 0.1668919 0.1213839 0.1468496 0.4015564 0.1369252 0.1362072 0.1272800 0.1344538 0.1287622 0.1296710 0.1212349 0.2178363 0.2049025 
Kbre       0.1765199 0.1820535 0.0930164 0.2159439 0.2341652 0.1677119 0.1909692 0.1766037 0.1631833 0.1740400 0.1827939 0.2188608 0.0000000 0.2275845 0.1742940 0.2332861 0.1844586 0.1912492 0.1899607 0.2214717 0.1978901 0.2036151 0.2140699 0.2086154 0.1818110 0.2488956 0.1895501 0.1934088 0.2196952 0.2465809 0.2237156 0.1741455 0.1779627 0.2105539 0.0947236 0.1505031 0.1971234 0.1855425 0.1927701 0.2215266 0.1967292 0.2470606 0.2624242 0.2395984 0.2782585 0.2438911 0.1978619 0.2449910 0.2262000 0.2839358 0.2567659 0.2051988 0.4511092 0.1929502 0.1857647 0.1922124 0.1756020 0.2065210 0.4345359 0.0954350 0.1890261 0.1913874 0.1957382 0.1766862 0.2014047 0.1816878 0.2341983 0.2675632 
Bric       0.1283818 0.1311761 0.1437098 0.0196955 0.1789526 0.1284241 0.1465927 0.1309872 0.1236987 0.1286673 0.1390787 0.0112956 0.2275845 0.0000000 0.1264403 0.1861140 0.1238428 0.0357208 0.1465868 0.0225029 0.0395491 0.0198648 0.0230533 0.1287247 0.1260201 0.0611278 0.1374736 0.1291235 0.0459985 0.0537184 0.0230577 0.1414264 0.1302452 0.1515273 0.2590621 0.1347262 0.1419120 0.1101072 0.1324972 0.1461312 0.1353609 0.1887941 0.1978003 0.1760483 0.2058791 0.1777860 0.1985562 0.2016667 0.0288865 0.2090167 0.1986903 0.1473606 0.3888440 0.1320838 0.1371727 0.1666761 0.1268185 0.1528303 0.4056343 0.1442113 0.1418337 0.1329834 0.1402591 0.1365715 0.1327767 0.1266695 0.2175009 0.2159770 
Ddel       0.0231056 0.0063909 0.0944330 0.1171087 0.0723321 0.0215085 0.0395253 0.0129385 0.0215195 0.0129688 0.0340565 0.1172929 0.1742940 0.1264403 0.0000000 0.1021595 0.0112966 0.0937968 0.0787765 0.1060366 0.0898202 0.1135501 0.1129039 0.0264138 0.0156710 0.1536494 0.0000010 0.0000010 0.0998231 0.1094798 0.1188109 0.0134419 0.0156002 0.0684564 0.1615259 0.0117260 0.0191481 0.0112442 0.0034724 0.0193063 0.0129425 0.1116631 0.1150769 0.0974102 0.1232553 0.1130170 0.1093589 0.1112531 0.1309016 0.1269871 0.1085299 0.0425677 0.3068350 0.0107317 0.0157220 0.0625585 0.0115174 0.0461156 0.3257415 0.0947219 0.0365385 0.0343900 0.0097096 0.0088987 0.0152578 0.0075946 0.1171931 0.1252487 
Mden       0.1019587 0.1021120 0.1507974 0.1755042 0.1331939 0.0952971 0.1161319 0.1020465 0.0909556 0.0998880 0.1092526 0.1781418 0.2332861 0.1861140 0.1021595 0.0000000 0.0953490 0.1533441 0.0879503 0.1847669 0.1489057 0.1691996 0.1666620 0.1058306 0.1112291 0.2196374 0.1195749 0.1253480 0.1569719 0.1799144 0.1846855 0.1426062 0.1186614 0.1262769 0.2021173 0.1311222 0.1244603 0.1197055 0.1111427 0.1287765 0.1252830 0.0115614 0.0126957 0.0122958 0.0144230 0.0135108 0.0111067 0.0120760 0.1727594 0.0192893 0.0115823 0.0702573 0.3492309 0.1220913 0.1083341 0.1415616 0.1118593 0.1340479 0.3449661 0.1513314 0.1259641 0.1119076 0.1222568 0.1127044 0.1354399 0.1170912 0.0276424 0.0375020 
Lalb       0.0213353 0.0112785 0.0985277 0.1145803 0.0701433 0.0197424 0.0412872 0.0145706 0.0197527 0.0146039 0.0357959 0.1169601 0.1844586 0.1238428 0.0112966 0.0953490 0.0000000 0.0914549 0.0867100 0.1118498 0.0874987 0.1110288 0.1097391 0.0287631 0.0197574 0.1507749 0.0137015 0.0151661 0.0964953 0.1062052 0.1163763 0.0133915 0.0175721 0.0733217 0.1565013 0.0116870 0.0213047 0.0182642 0.0123703 0.0214823 0.0151190 0.1033430 0.1058958 0.0901331 0.1126435 0.1037239 0.1032772 0.1057209 0.1254564 0.1175339 0.1003117 0.0491871 0.2960067 0.0128955 0.0177081 0.0553304 0.0134519 0.0482738 0.3144271 0.0988313 0.0386172 0.0409485 0.0116646 0.0143671 0.0174590 0.0134234 0.1093226 0.1194372 
Egla       0.0913606 0.0981579 0.1051322 0.0358249 0.1422374 0.0914018 0.1077197 0.0936918 0.0914465 0.0915675 0.1008960 0.0376255 0.1912492 0.0357208 0.0937968 0.1533441 0.0914549 0.0000000 0.1512748 0.0404831 0.0097025 0.0343097 0.0368596 0.1001844 0.0948757 0.0634624 0.1026683 0.0976350 0.0067134 0.0174250 0.0465940 0.1135753 0.0940105 0.1187096 0.2317776 0.1074467 0.1072176 0.0815604 0.0987971 0.1107955 0.0975906 0.1592965 0.1717853 0.1471349 0.1718309 0.1594123 0.1859032 0.1725758 0.0389454 0.1823677 0.1681632 0.1119347 0.3436080 0.0946161 0.0971951 0.1233680 0.0910672 0.1112060 0.3482604 0.1054666 0.1046412 0.0987424 0.1052532 0.1023378 0.1009169 0.0960639 0.1932782 0.1852609 
Barn       0.0825347 0.0787765 0.1147361 0.1512624 0.1380875 0.0746368 0.0866168 0.0864832 0.0671177 0.0826665 0.0786580 0.1419970 0.1899607 0.1465868 0.0787765 0.0879503 0.0867100 0.1512748 0.0000000 0.1559878 0.1520184 0.1465387 0.1431996 0.0778180 0.0826729 0.2048847 0.0908728 0.0912147 0.1532192 0.1488155 0.1577719 0.0776982 0.0957371 0.1360327 0.1527790 0.0924564 0.0956449 0.0912379 0.0824614 0.0904363 0.0912379 0.0922429 0.0922429 0.0758550 0.0971089 0.0981212 0.0874293 0.1022881 0.1678668 0.1066160 0.1072611 0.0758155 0.4796416 0.0912379 0.0909389 0.1221608 0.0908959 0.0907165 0.4549761 0.1147361 0.0907165 0.0761223 0.0910630 0.0963502 0.0969379 0.0908728 0.0730077 0.1126446 
Bbon       0.1088893 0.1119248 0.1334461 0.0059294 0.1654848 0.1117300 0.1301797 0.1176544 0.1004630 0.1148679 0.1181993 0.0225110 0.2214717 0.0225029 0.1060366 0.1847669 0.1118498 0.0404831 0.1559878 0.0000000 0.0406822 0.0161744 0.0165746 0.1197016 0.1281230 0.0681992 0.1076975 0.1079594 0.0370494 0.0527259 0.0323849 0.1234286 0.1176848 0.1450190 0.2506751 0.1328206 0.1330196 0.1042768 0.1086696 0.1278827 0.1179383 0.1886292 0.2022327 0.1773757 0.2067418 0.1716388 0.2141194 0.1970018 0.0294072 0.2107626 0.2082735 0.1400766 0.4292809 0.1146802 0.1111993 0.1394023 0.1143996 0.1244322 0.4363785 0.1312139 0.1246145 0.1151330 0.1175071 0.1180822 0.1216521 0.1108857 0.2147136 0.2033277 
Bmys       0.0917730 0.0941547 0.1102096 0.0359649 0.1420139 0.0918145 0.1082167 0.0897188 0.0874800 0.0876060 0.1013584 0.0377734 0.1978901 0.0395491 0.0898202 0.1489057 0.0874987 0.0097025 0.1520184 0.0406822 0.0000000 0.0344442 0.0393800 0.0948643 0.0874256 0.0592862 0.0978077 0.0922916 0.0160600 0.0267557 0.0467952 0.1068134 0.0892367 0.1299456 0.2328714 0.1015732 0.0989527 0.0761089 0.0944234 0.1054168 0.0922500 0.1539376 0.1657957 0.1423547 0.1650754 0.1526958 0.1795344 0.1669399 0.0431307 0.1762932 0.1627576 0.1166319 0.3452092 0.0893022 0.0923811 0.1241374 0.0863413 0.1118262 0.3395221 0.1105655 0.1052165 0.1019815 0.0950517 0.0978958 0.1015352 0.0913040 0.1855299 0.1793980 
Bphy       0.1155593 0.1181862 0.1232468 0.0130878 0.1595468 0.1109655 0.1284562 0.1134241 0.1063835 0.1111728 0.1211840 0.0181769 0.2036151 0.0198648 0.1135501 0.1691996 0.1110288 0.0343097 0.1465387 0.0161744 0.0344442 0.0000000 0.0020087 0.1228886 0.1205552 0.0589289 0.1244110 0.1211397 0.0413868 0.0541548 0.0325232 0.1354121 0.1147950 0.1431775 0.2497098 0.1261350 0.1302752 0.1009791 0.1207684 0.1374505 0.1210775 0.1749571 0.1885733 0.1636982 0.1993487 0.1670944 0.1876871 0.1885043 0.0176908 0.1996594 0.1836785 0.1303289 0.3821527 0.1178744 0.1185281 0.1468367 0.1115417 0.1336098 0.3873850 0.1236606 0.1261159 0.1220490 0.1271550 0.1221249 0.1247389 0.1168604 0.2162915 0.2021628 
Bphy_baits 0.1095749 0.1157437 0.1350305 0.0144600 0.1715776 0.1096187 0.1315683 0.1156638 0.1067588 0.1128176 0.1192329 0.0230984 0.2140699 0.0230533 0.1129039 0.1666620 0.1097391 0.0368596 0.1431996 0.0165746 0.0393800 0.0020087 0.0000000 0.1199429 0.1187975 0.0574502 0.1180120 0.1180120 0.0390682 0.0587943 0.0368854 0.1279359 0.1098832 0.1342614 0.2569954 0.1202360 0.1261798 0.0969158 0.1173725 0.1414537 0.1179496 0.1662756 0.1795037 0.1596824 0.1905461 0.1494188 0.1845010 0.1798426 0.0172220 0.1864740 0.1807867 0.1323082 0.4234975 0.1146225 0.1145455 0.1402415 0.1098987 0.1283291 0.4470156 0.1356209 0.1222049 0.1181179 0.1178042 0.1130791 0.1217432 0.1125824 0.2070356 0.1953115 
Ccom       0.0287718 0.0287905 0.1036149 0.1194422 0.0917942 0.0337224 0.0564179 0.0241189 0.0337434 0.0241851 0.0486761 0.1256160 0.2086154 0.1287247 0.0264138 0.1058306 0.0287631 0.1001844 0.0778180 0.1197016 0.0948643 0.1228886 0.1199429 0.0000000 0.0166916 0.1669152 0.0272291 0.0272291 0.0963423 0.1101953 0.1404427 0.0122954 0.0221170 0.0885986 0.1895115 0.0123340 0.0162558 0.0221107 0.0286928 0.0267146 0.0221107 0.1146462 0.1152133 0.0966536 0.1187984 0.1126023 0.1398244 0.1219660 0.1405126 0.1224648 0.1153698 0.0722312 0.3567173 0.0195475 0.0273069 0.0765214 0.0195475 0.0552487 0.3647250 0.1013847 0.0524663 0.0486761 0.0272564 0.0299098 0.0354215 0.0272291 0.1155520 0.1293883 
Chea       0.0218245 0.0136502 0.0936464 0.1120796 0.0643833 0.0198799 0.0327724 0.0116529 0.0198925 0.0116868 0.0284183 0.1175902 0.1818110 0.1260201 0.0156710 0.1112291 0.0197574 0.0948757 0.0826729 0.1281230 0.0874256 0.1205552 0.1187975 0.0166916 0.0000000 0.1730565 0.0196896 0.0146810 0.0980579 0.1024010 0.1339595 0.0125285 0.0064108 0.0760526 0.1488670 0.0107853 0.0000010 0.0074309 0.0196715 0.0129812 0.0047989 0.1041635 0.1071680 0.0945155 0.1201105 0.1230224 0.1198393 0.1310802 0.1301945 0.1192410 0.1171262 0.0427194 0.2984702 0.0047989 0.0146533 0.0648820 0.0064329 0.0386875 0.3317921 0.0939939 0.0246352 0.0317037 0.0171476 0.0176364 0.0199188 0.0107577 0.1230895 0.1577413 
Cmar       0.1477323 0.1600082 0.1575165 0.0612570 0.2039991 0.1506725 0.1642503 0.1538913 0.1448441 0.1510204 0.1641156 0.0588600 0.2488956 0.0611278 0.1536494 0.2196374 0.1507749 0.0634624 0.2048847 0.0681992 0.0592862 0.0589289 0.0574502 0.1669152 0.1730565 0.0000000 0.1509818 0.1508501 0.0692513 0.0822358 0.0650880 0.1766564 0.1582860 0.1725259 0.3150690 0.1883247 0.1722870 0.1439231 0.1563785 0.1731458 0.1439231 0.2234774 0.2327200 0.2183524 0.2277424 0.2159720 0.2669666 0.2202991 0.0695993 0.2473158 0.2289936 0.1760109 0.4039009 0.1475529 0.1415609 0.1623614 0.1507445 0.1620707 0.4012669 0.1581861 0.1666282 0.1609048 0.1545368 0.1621085 0.1556575 0.1577832 0.2758757 0.2369932 
Dcap       0.0260391 0.0077365 0.1019337 0.1287156 0.0820855 0.0262135 0.0485206 0.0157015 0.0262291 0.0157446 0.0417330 0.1289547 0.1895501 0.1374736 0.0000010 0.1195749 0.0137015 0.1026683 0.0908728 0.1076975 0.0978077 0.1244110 0.1180120 0.0272291 0.0196896 0.1509818 0.0000000 0.0000010 0.0998231 0.1152393 0.1202906 0.0134419 0.0173488 0.0715734 0.1901854 0.0078825 0.0217485 0.0112442 0.0038213 0.0217567 0.0129425 0.1246606 0.1266155 0.1184757 0.1232553 0.1235104 0.1241500 0.1112531 0.1434427 0.1367585 0.1209793 0.0510755 0.3202422 0.0107317 0.0157220 0.0625585 0.0129122 0.0461156 0.3452119 0.1023189 0.0412114 0.0384535 0.0097096 0.0097630 0.0152578 0.0085040 0.1171931 0.1252487 
Ddeltrop   0.0196476 0.0063838 0.0970380 0.1227965 0.0834636 0.0244003 0.0439214 0.0151384 0.0244165 0.0151845 0.0389217 0.1230518 0.1934088 0.1291235 0.0000010 0.1253480 0.0151661 0.0976350 0.0912147 0.1079594 0.0922916 0.1211397 0.1180120 0.0272291 0.0146810 0.1508501 0.0000010 0.0000000 0.0998231 0.1152393 0.1164930 0.0134419 0.0129461 0.0718426 0.1901854 0.0079024 0.0168221 0.0112442 0.0042195 0.0218066 0.0129425 0.1187707 0.1200652 0.1126624 0.1232553 0.1271453 0.1321957 0.1161370 0.1344339 0.1300801 0.1275860 0.0428119 0.3364665 0.0107317 0.0151605 0.0619384 0.0107317 0.0413161 0.3666219 0.0974405 0.0364673 0.0323553 0.0085489 0.0086023 0.0152578 0.0042295 0.1171931 0.1320217 
Eaus       0.0933003 0.1028422 0.1197167 0.0434893 0.1628986 0.0963799 0.1196046 0.1027653 0.0964468 0.0997395 0.1065039 0.0486926 0.2196952 0.0459985 0.0998231 0.1569719 0.0964953 0.0067134 0.1532192 0.0370494 0.0160600 0.0413868 0.0390682 0.0963423 0.0980579 0.0692513 0.0998231 0.0998231 0.0000000 0.0151403 0.0442058 0.1168572 0.0998032 0.1138944 0.2538845 0.1171709 0.1133381 0.0764292 0.0993005 0.1167821 0.0997752 0.1565824 0.1669551 0.1566604 0.1622978 0.1479030 0.1952700 0.1614937 0.0436337 0.1749893 0.1723828 0.1205809 0.4001945 0.0966482 0.0904930 0.1204953 0.0966482 0.1095021 0.4258302 0.1232771 0.1096646 0.0949806 0.0996521 0.1065014 0.1032806 0.0995158 0.1824621 0.1756670 
Ejap       0.1030750 0.1091549 0.1349917 0.0538236 0.1461259 0.1000393 0.1192129 0.1121008 0.1001064 0.1093924 0.1067175 0.0563556 0.2465809 0.0537184 0.1094798 0.1799144 0.1062052 0.0174250 0.1488155 0.0527259 0.0267557 0.0541548 0.0587943 0.1101953 0.1024010 0.0822358 0.1152393 0.1152393 0.0151403 0.0000000 0.0549035 0.1348982 0.1152135 0.1202505 0.3244861 0.1461886 0.1186570 0.0894707 0.1089268 0.1120227 0.1116804 0.1835537 0.1835537 0.1685994 0.1788464 0.1678465 0.2269136 0.1849224 0.0568844 0.1915832 0.1891015 0.1328861 0.4066953 0.1116804 0.1151091 0.1309302 0.1116804 0.1153539 0.4060025 0.1325926 0.1155375 0.0987054 0.1150252 0.1189469 0.1191547 0.1148520 0.2168222 0.2017513 
Erob       0.1262436 0.1240916 0.1320452 0.0344609 0.1687151 0.1262893 0.1484472 0.1290204 0.1212512 0.1265449 0.1429856 0.0230827 0.2237156 0.0230577 0.1188109 0.1846855 0.1163763 0.0465940 0.1577719 0.0323849 0.0467952 0.0325232 0.0368854 0.1404427 0.1339595 0.0650880 0.1202906 0.1164930 0.0442058 0.0549035 0.0000000 0.1312040 0.1304081 0.1530522 0.2567182 0.1405990 0.1393112 0.1234230 0.1199701 0.1338975 0.1234230 0.1837922 0.1997602 0.1737377 0.1988237 0.1830359 0.2206002 0.1973981 0.0436394 0.2120619 0.2041203 0.1724001 0.3999443 0.1199935 0.1234851 0.1539298 0.1241530 0.1492825 0.4037485 0.1325259 0.1436953 0.1435461 0.1235262 0.1307789 0.1206572 0.1239907 0.2071700 0.2055993 
Ggri       0.0161238 0.0106634 0.1052547 0.1373391 0.0963385 0.0219250 0.0367316 0.0133500 0.0219435 0.0134012 0.0336979 0.1416137 0.1741455 0.1414264 0.0134419 0.1426062 0.0133915 0.1135753 0.0776982 0.1234286 0.1068134 0.1354121 0.1279359 0.0122954 0.0125285 0.1766564 0.0134419 0.0134419 0.1168572 0.1348982 0.1312040 0.0000000 0.0106517 0.0940852 0.1435423 0.0052621 0.0121069 0.0142567 0.0133534 0.0183469 0.0106478 0.1340701 0.1379496 0.1262256 0.1421513 0.1494256 0.1287707 0.1359209 0.1497530 0.1512393 0.1480938 0.0400206 0.3804469 0.0079383 0.0133748 0.0617898 0.0079383 0.0336979 0.4385950 0.1052547 0.0307193 0.0316666 0.0079434 0.0134992 0.0162738 0.0079374 0.1136328 0.1530447 
Gmac       0.0196067 0.0135666 0.0933427 0.1163179 0.0788836 0.0218002 0.0391041 0.0095969 0.0218135 0.0057211 0.0346814 0.1247409 0.1779627 0.1302452 0.0156002 0.1186614 0.0175721 0.0940105 0.0957371 0.1176848 0.0892367 0.1147950 0.1098832 0.0221170 0.0064108 0.1582860 0.0173488 0.0129461 0.0998032 0.1152135 0.1304081 0.0106517 0.0000000 0.0808892 0.1546049 0.0045854 0.0062618 0.0066996 0.0172582 0.0118235 0.0042289 0.1071869 0.1101591 0.1018507 0.1232268 0.1272203 0.1192326 0.1257934 0.1261937 0.1220184 0.1199664 0.0388879 0.3053701 0.0021037 0.0150859 0.0616632 0.0038099 0.0411223 0.3426151 0.0936876 0.0282102 0.0377263 0.0128529 0.0157088 0.0152148 0.0076422 0.1206985 0.1422877 
Igeo       0.0684498 0.0685885 0.1163768 0.1488158 0.0971800 0.0636033 0.0913881 0.0709172 0.0636375 0.0685455 0.0811970 0.1548020 0.2105539 0.1515273 0.0684564 0.1262769 0.0733217 0.1187096 0.1360327 0.1450190 0.1299456 0.1431775 0.1342614 0.0885986 0.0760526 0.1725259 0.0715734 0.0718426 0.1138944 0.1202505 0.1530522 0.0940852 0.0808892 0.0000000 0.2100404 0.0958038 0.0810971 0.0750208 0.0707718 0.0761098 0.0750208 0.1525203 0.1576741 0.1383998 0.1450739 0.1383780 0.1648131 0.1338548 0.1614202 0.1655036 0.1328517 0.0661189 0.3411896 0.0719547 0.0662991 0.0839242 0.0747744 0.0913099 0.3418692 0.1168253 0.0969423 0.0831571 0.0770864 0.0747959 0.0792598 0.0776366 0.1646741 0.1407192 
Ksim       0.1728049 0.1521563 0.1333939 0.2396460 0.1941511 0.1603410 0.1824063 0.1608343 0.1562777 0.1569418 0.1778703 0.2443619 0.0947236 0.2590621 0.1615259 0.2021173 0.1565013 0.2317776 0.1527790 0.2506751 0.2328714 0.2497098 0.2569954 0.1895115 0.1488670 0.3150690 0.1901854 0.1901854 0.2538845 0.3244861 0.2567182 0.1435423 0.1546049 0.2100404 0.0000000 0.1094840 0.1707936 0.1755227 0.1933828 0.2172610 0.1845191 0.1969925 0.2114469 0.1884134 0.2507426 0.2147889 0.1389434 0.2139226 0.2477300 0.2265618 0.2286260 0.1792773 0.4784853 0.1795344 0.1842412 0.2223792 0.1529325 0.2150984 0.4898935 0.1330405 0.1736190 0.2085218 0.1891752 0.1502232 0.1945173 0.1565310 0.1814237 0.2388555 
Lacu       0.0164828 0.0093113 0.0930212 0.1278877 0.0886033 0.0190819 0.0318504 0.0116539 0.0190964 0.0116945 0.0292427 0.1315404 0.1505031 0.1347262 0.0117260 0.1311222 0.0116870 0.1074467 0.0924564 0.1328206 0.1015732 0.1261350 0.1202360 0.0123340 0.0107853 0.1883247 0.0078825 0.0079024 0.1171709 0.1461886 0.1405990 0.0052621 0.0045854 0.0958038 0.1094840 0.0000000 0.0050784 0.0083700 0.0133554 0.0183484 0.0052146 0.1162099 0.1210081 0.1172281 0.1407375 0.1599183 0.1110413 0.1342787 0.1416901 0.1359186 0.1254116 0.0240396 0.3277165 0.0025912 0.0078423 0.0547409 0.0022648 0.0274769 0.3698095 0.0930212 0.0214089 0.0317522 0.0025861 0.0069973 0.0106323 0.0022646 0.1129878 0.1511202 
Laus       0.0235400 0.0147056 0.1056277 0.1263015 0.0699140 0.0214468 0.0378134 0.0125510 0.0214610 0.0125897 0.0330468 0.1357461 0.1971234 0.1419120 0.0191481 0.1244603 0.0213047 0.1072176 0.0956449 0.1330196 0.0989527 0.1302752 0.1261798 0.0162558 0.0000010 0.1722870 0.0217485 0.0168221 0.1133381 0.1186570 0.1393112 0.0121069 0.0062618 0.0810971 0.1707936 0.0050784 0.0000000 0.0074309 0.0216251 0.0142585 0.0046746 0.1088819 0.1118145 0.1059892 0.1266703 0.1388487 0.1179906 0.1310802 0.1378728 0.1235890 0.1215652 0.0421706 0.3150367 0.0046746 0.0167160 0.0629896 0.0062231 0.0403215 0.3460165 0.1060636 0.0260833 0.0363389 0.0166914 0.0172129 0.0193807 0.0104059 0.1313568 0.1577413 
Lbor       0.0182728 0.0135818 0.0869072 0.0975899 0.0823029 0.0232295 0.0410482 0.0089523 0.0232460 0.0089840 0.0333025 0.1037595 0.1855425 0.1101072 0.0112442 0.1197055 0.0182642 0.0815604 0.0912379 0.1042768 0.0761089 0.1009791 0.0969158 0.0221107 0.0074309 0.1439231 0.0112442 0.0112442 0.0764292 0.0894707 0.1234230 0.0142567 0.0066996 0.0750208 0.1755227 0.0083700 0.0074309 0.0000000 0.0135329 0.0124906 0.0022093 0.1161755 0.1132305 0.1129507 0.1165523 0.1275709 0.1409524 0.1230598 0.1122957 0.1199463 0.1173068 0.0383775 0.3248345 0.0044410 0.0112774 0.0598665 0.0044410 0.0357770 0.3568702 0.0872765 0.0333025 0.0324449 0.0112514 0.0160164 0.0183793 0.0112442 0.1176062 0.1339251 
Lhos       0.0234665 0.0069913 0.1047631 0.1246580 0.0755198 0.0236094 0.0435389 0.0141722 0.0236224 0.0142082 0.0374825 0.1273265 0.1927701 0.1324972 0.0034724 0.1111427 0.0123703 0.0987971 0.0824614 0.1086696 0.0944234 0.1207684 0.1173725 0.0286928 0.0196715 0.1563785 0.0038213 0.0042195 0.0993005 0.1089268 0.1199701 0.0133534 0.0172582 0.0707718 0.1933828 0.0133554 0.0216251 0.0135329 0.0000000 0.0192077 0.0128734 0.1240212 0.1258942 0.1066111 0.1225568 0.1130170 0.1275734 0.1139050 0.1408030 0.1359727 0.1203643 0.0549309 0.3193813 0.0106748 0.0156467 0.0622846 0.0128434 0.0459107 0.3354444 0.1051220 0.0410086 0.0364963 0.0096620 0.0097148 0.0151773 0.0084579 0.1164571 0.1280202 
Lobs       0.0214904 0.0148234 0.1179123 0.1333590 0.0705147 0.0216262 0.0381505 0.0041337 0.0216409 0.0126889 0.0333375 0.1429939 0.2215266 0.1461312 0.0193063 0.1287765 0.0214823 0.1107955 0.0904363 0.1278827 0.1054168 0.1374505 0.1414537 0.0267146 0.0129812 0.1731458 0.0217567 0.0218066 0.1167821 0.1120227 0.1338975 0.0183469 0.0118235 0.0761098 0.2172610 0.0183484 0.0142585 0.0124906 0.0192077 0.0000000 0.0094238 0.1301253 0.1301253 0.1130817 0.1337197 0.1269116 0.1491732 0.1311499 0.1502225 0.1403333 0.1378564 0.0571031 0.3434791 0.0094238 0.0167184 0.0630415 0.0094025 0.0403532 0.3631080 0.1156454 0.0350271 0.0317243 0.0166938 0.0192779 0.0244248 0.0166799 0.1402646 0.1578256 
Lper       0.0151261 0.0107105 0.0997919 0.1227335 0.0777577 0.0197659 0.0389288 0.0063555 0.0197796 0.0063781 0.0340173 0.1322536 0.1967292 0.1353609 0.0129425 0.1252830 0.0151190 0.0975906 0.0912379 0.1179383 0.0922500 0.1210775 0.1179496 0.0221107 0.0047989 0.1439231 0.0129425 0.0129425 0.0997752 0.1116804 0.1234230 0.0106478 0.0042289 0.0750208 0.1845191 0.0052146 0.0046746 0.0022093 0.0128734 0.0094238 0.0000000 0.1187115 0.1165157 0.1126078 0.1196824 0.1275709 0.1365612 0.1196762 0.1343528 0.1264461 0.1239505 0.0383775 0.3140147 0.0021030 0.0107173 0.0566539 0.0021030 0.0363780 0.3427337 0.1002078 0.0316050 0.0324449 0.0085201 0.0129861 0.0152106 0.0085149 0.1206541 0.1358089 
Mbow       0.1113965 0.1143035 0.1512136 0.1793567 0.1498858 0.1086106 0.1287489 0.1142300 0.1032693 0.1115836 0.1229137 0.1825402 0.2470606 0.1887941 0.1116631 0.0115614 0.1033430 0.1592965 0.0922429 0.1886292 0.1539376 0.1749571 0.1662756 0.1146462 0.1041635 0.2234774 0.1246606 0.1187707 0.1565824 0.1835537 0.1837922 0.1340701 0.1071869 0.1525203 0.1969925 0.1162099 0.1088819 0.1161755 0.1240212 0.1301253 0.1187115 0.0000000 0.0020626 0.0037813 0.0070837 0.0114089 0.0098470 0.0133070 0.1684958 0.0126619 0.0149062 0.0738959 0.3678010 0.1155770 0.1151624 0.1528959 0.1063406 0.1407541 0.3697874 0.1518583 0.1143472 0.1299304 0.1244529 0.1193675 0.1286635 0.1057958 0.0218149 0.0433959 
Mcar       0.1147745 0.1147413 0.1625597 0.1872528 0.1445500 0.1057108 0.1276144 0.1179075 0.0999122 0.1149870 0.1212513 0.1908130 0.2624242 0.1978003 0.1150769 0.0126957 0.1058958 0.1717853 0.0922429 0.2022327 0.1657957 0.1885733 0.1795037 0.1152133 0.1071680 0.2327200 0.1266155 0.1200652 0.1669551 0.1835537 0.1997602 0.1379496 0.1101591 0.1576741 0.2114469 0.1210081 0.1118145 0.1132305 0.1258942 0.1301253 0.1165157 0.0020626 0.0000000 0.0041450 0.0070837 0.0097260 0.0054453 0.0097581 0.1749040 0.0148366 0.0171104 0.0780411 0.3741282 0.1165157 0.1195428 0.1541129 0.1092012 0.1371758 0.3761453 0.1633423 0.1119319 0.1243432 0.1263811 0.1203005 0.1310851 0.1085889 0.0184857 0.0428443 
Meur       0.0972022 0.0997290 0.1446991 0.1676864 0.1332608 0.0947657 0.1123119 0.0996718 0.0900731 0.0973471 0.1072358 0.1705043 0.2395984 0.1760483 0.0974102 0.0122958 0.0901331 0.1471349 0.0758550 0.1773757 0.1423547 0.1636982 0.1596824 0.0966536 0.0945155 0.2183524 0.1184757 0.1126624 0.1566604 0.1685994 0.1737377 0.1262256 0.1018507 0.1383998 0.1884134 0.1172281 0.1059892 0.1129507 0.1066111 0.1130817 0.1126078 0.0037813 0.0041450 0.0000000 0.0094958 0.0099244 0.0073469 0.0110375 0.1609204 0.0148409 0.0171156 0.0738959 0.3772966 0.1095185 0.1152133 0.1462256 0.1010539 0.1343406 0.3604679 0.1452481 0.1089642 0.1128760 0.1182795 0.1138245 0.1223974 0.1005372 0.0218225 0.0408100 
Mgin       0.1194776 0.1228442 0.1667780 0.1977620 0.1423095 0.1124186 0.1377990 0.1265185 0.1057480 0.1231454 0.1304060 0.2105960 0.2782585 0.2058791 0.1232553 0.0144230 0.1126435 0.1718309 0.0971089 0.2067418 0.1650754 0.1993487 0.1905461 0.1187984 0.1201105 0.2277424 0.1232553 0.1232553 0.1622978 0.1788464 0.1988237 0.1421513 0.1232268 0.1450739 0.2507426 0.1407375 0.1266703 0.1165523 0.1225568 0.1337197 0.1196824 0.0070837 0.0070837 0.0094958 0.0000000 0.0164860 0.0130277 0.0122985 0.1839403 0.0119380 0.0194658 0.0817477 0.3821380 0.1196824 0.1162476 0.1429131 0.1196824 0.1337227 0.3762414 0.1676991 0.1268307 0.1202670 0.1230283 0.1269760 0.1343488 0.1228442 0.0216384 0.0458769 
Mgra       0.1102183 0.1132957 0.1486189 0.1744970 0.1510542 0.1067757 0.1296619 0.1131942 0.1006377 0.1101452 0.1200164 0.1704770 0.2438911 0.1777860 0.1130170 0.0135108 0.1037239 0.1594123 0.0981212 0.1716388 0.1526958 0.1670944 0.1494188 0.1126023 0.1230224 0.2159720 0.1235104 0.1271453 0.1479030 0.1678465 0.1830359 0.1494256 0.1272203 0.1383780 0.2147889 0.1599183 0.1388487 0.1275709 0.1130170 0.1269116 0.1275709 0.0114089 0.0097260 0.0099244 0.0164860 0.0000000 0.0216682 0.0179344 0.1636789 0.0164277 0.0171887 0.0839055 0.3494449 0.1233188 0.1129670 0.1409457 0.1229313 0.1387464 0.3267466 0.1523970 0.1400418 0.1233352 0.1235776 0.1282530 0.1367772 0.1267445 0.0293359 0.0347277 
Mhec       0.1154558 0.1096249 0.1324689 0.1948075 0.1535111 0.1060538 0.1222564 0.1124189 0.0999630 0.1093946 0.1127427 0.1872182 0.1978619 0.1985562 0.1093589 0.0111067 0.1032772 0.1859032 0.0874293 0.2141194 0.1795344 0.1876871 0.1845010 0.1398244 0.1198393 0.2669666 0.1241500 0.1321957 0.1952700 0.2269136 0.2206002 0.1287707 0.1192326 0.1648131 0.1389434 0.1110413 0.1179906 0.1409524 0.1275734 0.1491732 0.1365612 0.0098470 0.0054453 0.0073469 0.0130277 0.0216682 0.0000000 0.0152917 0.1895190 0.0167249 0.0123158 0.0631228 0.3872583 0.1322158 0.1168894 0.1486744 0.1139766 0.1316644 0.3899929 0.1324689 0.1210287 0.1319510 0.1280915 0.1153127 0.1464979 0.1139592 0.0298305 0.0405694 
Mmir       0.1113550 0.1143814 0.1486763 0.1913965 0.1419687 0.1056489 0.1355410 0.1142886 0.1001263 0.1115330 0.1265971 0.1911469 0.2449910 0.2016667 0.1112531 0.0120760 0.1057209 0.1725758 0.1022881 0.1970018 0.1669399 0.1885043 0.1798426 0.1219660 0.1310802 0.2202991 0.1112531 0.1161370 0.1614937 0.1849224 0.1973981 0.1359209 0.1257934 0.1338548 0.2139226 0.1342787 0.1310802 0.1230598 0.1139050 0.1311499 0.1196762 0.0133070 0.0097581 0.0110375 0.0122985 0.0179344 0.0152917 0.0000000 0.1864740 0.0199002 0.0155994 0.0805598 0.3474065 0.1164396 0.1058875 0.1366720 0.1192898 0.1321347 0.3356243 0.1493287 0.1393382 0.1238614 0.1171658 0.1177557 0.1299628 0.1254290 0.0286449 0.0390883 
Mnov       0.1279372 0.1360700 0.1419914 0.0232803 0.1826575 0.1279830 0.1422442 0.1307495 0.1254471 0.1282447 0.1394959 0.0270346 0.2262000 0.0288865 0.1309016 0.1727594 0.1254564 0.0389454 0.1678668 0.0294072 0.0431307 0.0176908 0.0172220 0.1405126 0.1301945 0.0695993 0.1434427 0.1344339 0.0436337 0.0568844 0.0436394 0.1497530 0.1261937 0.1614202 0.2477300 0.1416901 0.1378728 0.1122957 0.1408030 0.1502225 0.1343528 0.1684958 0.1749040 0.1609204 0.1839403 0.1636789 0.1895190 0.1864740 0.0000000 0.1826203 0.1744888 0.1481563 0.4092817 0.1307485 0.1367673 0.1691385 0.1225067 0.1539099 0.4148907 0.1425254 0.1387785 0.1439110 0.1465214 0.1390767 0.1385310 0.1284137 0.2171185 0.2100154 
Mper       0.1266485 0.1266122 0.1799208 0.1982501 0.1574403 0.1173256 0.1398919 0.1298825 0.1113744 0.1268870 0.1333379 0.2018910 0.2839358 0.2090167 0.1269871 0.0192893 0.1175339 0.1823677 0.1066160 0.2107626 0.1762932 0.1996594 0.1864740 0.1224648 0.1192410 0.2473158 0.1367585 0.1300801 0.1749893 0.1915832 0.2120619 0.1512393 0.1220184 0.1655036 0.2265618 0.1359186 0.1235890 0.1199463 0.1359727 0.1403333 0.1264461 0.0126619 0.0148366 0.0148409 0.0119380 0.0164277 0.0167249 0.0199002 0.1826203 0.0000000 0.0193098 0.0863863 0.3937741 0.1264461 0.1295259 0.1649834 0.1209393 0.1475362 0.3817976 0.1808249 0.1237248 0.1315991 0.1365024 0.1293680 0.1413672 0.1202557 0.0315316 0.0526725 
Mpni       0.1082742 0.1055975 0.1656450 0.1857204 0.1319029 0.0949502 0.1198018 0.1083883 0.0898047 0.1057868 0.1115648 0.1825096 0.2567659 0.1986903 0.1085299 0.0115823 0.1003117 0.1681632 0.1072611 0.2082735 0.1627576 0.1836785 0.1807867 0.1153698 0.1171262 0.2289936 0.1209793 0.1275860 0.1723828 0.1891015 0.2041203 0.1480938 0.1199664 0.1328517 0.2286260 0.1254116 0.1215652 0.1173068 0.1203643 0.1378564 0.1239505 0.0149062 0.0171104 0.0171156 0.0194658 0.0171887 0.0123158 0.0155994 0.1744888 0.0193098 0.0000000 0.0667950 0.3410780 0.1239505 0.1116811 0.1417446 0.1124726 0.1304305 0.3427010 0.1663723 0.1216989 0.1114189 0.1239343 0.1103821 0.1388788 0.1182226 0.0351597 0.0443036 
Npho       0.0525232 0.0458766 0.1002099 0.1216640 0.0458511 0.0328255 0.0000010 0.0426280 0.0296638 0.0361532 0.0084535 0.1388372 0.2051988 0.1473606 0.0425677 0.0702573 0.0491871 0.1119347 0.0758155 0.1400766 0.1166319 0.1303289 0.1323082 0.0722312 0.0427194 0.1760109 0.0510755 0.0428119 0.1205809 0.1328861 0.1724001 0.0400206 0.0388879 0.0661189 0.1792773 0.0240396 0.0421706 0.0383775 0.0549309 0.0571031 0.0383775 0.0738959 0.0780411 0.0738959 0.0817477 0.0839055 0.0631228 0.0805598 0.1481563 0.0863863 0.0667950 0.0000000 0.2840705 0.0383775 0.0473026 0.1043965 0.0347597 0.0099759 0.2918659 0.1007568 0.0131697 0.0066241 0.0592378 0.0466785 0.0474811 0.0420237 0.0687056 0.1036476 
Oari       0.3051400 0.3007979 0.3889957 0.3732707 0.3188998 0.2940338 0.2850298 0.2969864 0.2893012 0.2976246 0.2802523 0.3961612 0.4511092 0.3888440 0.3068350 0.3492309 0.2960067 0.3436080 0.4796416 0.4292809 0.3452092 0.3821527 0.4234975 0.3567173 0.2984702 0.4039009 0.3202422 0.3364665 0.4001945 0.4066953 0.3999443 0.3804469 0.3053701 0.3411896 0.4784853 0.3277165 0.3150367 0.3248345 0.3193813 0.3434791 0.3140147 0.3678010 0.3741282 0.3772966 0.3821380 0.3494449 0.3872583 0.3474065 0.4092817 0.3937741 0.3410780 0.2840705 0.0000000 0.3140147 0.2838729 0.3584041 0.3026254 0.2966493 0.0644619 0.3922596 0.2984621 0.3052356 0.3191422 0.2900875 0.3358855 0.3139984 0.4028310 0.4277184 
Obre       0.0129021 0.0085246 0.0968165 0.1195498 0.0749564 0.0174863 0.0364739 0.0042152 0.0174988 0.0042307 0.0316055 0.1289977 0.1929502 0.1320838 0.0107317 0.1220913 0.0128955 0.0946161 0.0912379 0.1146802 0.0893022 0.1178744 0.1146225 0.0195475 0.0047989 0.1475529 0.0107317 0.0107317 0.0966482 0.1116804 0.1199935 0.0079383 0.0021037 0.0719547 0.1795344 0.0025912 0.0046746 0.0044410 0.0106748 0.0094238 0.0021030 0.1155770 0.1165157 0.1095185 0.1196824 0.1233188 0.1322158 0.1164396 0.1307485 0.1264461 0.1239505 0.0383775 0.3140147 0.0000000 0.0085307 0.0540564 0.0000010 0.0339498 0.3427337 0.0972173 0.0292138 0.0297986 0.0063572 0.0107692 0.0129737 0.0063535 0.1167788 0.1323755 
Ohei       0.0177027 0.0156933 0.0990195 0.1228240 0.0769173 0.0219747 0.0439116 0.0116605 0.0219882 0.0116939 0.0372251 0.1314113 0.1857647 0.1371727 0.0157220 0.1083341 0.0177081 0.0971951 0.0909389 0.1111993 0.0923811 0.1185281 0.1145455 0.0273069 0.0146533 0.1415609 0.0157220 0.0151605 0.0904930 0.1151091 0.1234851 0.0133748 0.0150859 0.0662991 0.1842412 0.0078423 0.0167160 0.0112774 0.0156467 0.0167184 0.0107173 0.1151624 0.1195428 0.1152133 0.1162476 0.1129670 0.1168894 0.1058875 0.1367673 0.1295259 0.1116811 0.0473026 0.2838729 0.0085307 0.0000000 0.0530598 0.0106917 0.0415528 0.3189387 0.0993907 0.0386957 0.0361340 0.0136645 0.0178166 0.0174529 0.0150417 0.1167833 0.1256176 
Pbla       0.0553316 0.0624824 0.1251668 0.1511955 0.1077020 0.0556941 0.0856438 0.0577061 0.0557242 0.0578362 0.0780431 0.1668919 0.1922124 0.1666761 0.0625585 0.1415616 0.0553304 0.1233680 0.1221608 0.1394023 0.1241374 0.1468367 0.1402415 0.0765214 0.0648820 0.1623614 0.0625585 0.0619384 0.1204953 0.1309302 0.1539298 0.0617898 0.0616632 0.0839242 0.2223792 0.0547409 0.0629896 0.0598665 0.0622846 0.0630415 0.0566539 0.1528959 0.1541129 0.1462256 0.1429131 0.1409457 0.1486744 0.1366720 0.1691385 0.1649834 0.1417446 0.1043965 0.3584041 0.0540564 0.0530598 0.0000000 0.0564937 0.0828607 0.3661773 0.1256696 0.0841771 0.0809405 0.0553960 0.0651503 0.0594580 0.0615001 0.1590013 0.1523486 
Pcra       0.0154391 0.0095379 0.0898333 0.1130734 0.0731670 0.0175569 0.0344314 0.0056665 0.0175680 0.0056846 0.0301175 0.1213839 0.1756020 0.1268185 0.0115174 0.1118593 0.0134519 0.0910672 0.0908959 0.1143996 0.0863413 0.1115417 0.1098987 0.0195475 0.0064329 0.1507445 0.0129122 0.0107317 0.0966482 0.1116804 0.1241530 0.0079383 0.0038099 0.0747744 0.1529325 0.0022648 0.0062231 0.0044410 0.0128434 0.0094025 0.0021030 0.1063406 0.1092012 0.1010539 0.1196824 0.1229313 0.1139766 0.1192898 0.1225067 0.1209393 0.1124726 0.0347597 0.3026254 0.0000010 0.0106917 0.0564937 0.0000000 0.0362818 0.3327222 0.0901592 0.0280320 0.0324282 0.0085001 0.0117001 0.0129737 0.0075987 0.1167788 0.1353582 
