75
Bacu       0.0000000 0.0597781 0.0067600 0.0160162 0.0158806 0.0159511 0.0185988 0.0430413 0.0137952 0.0231911 0.0715816 0.0959678 0.0419577 0.0474796 0.0444254 0.0447607 0.0496061 0.0466920 0.0472974 0.0482032 0.0422793 0.0228047 0.0465142 0.0586792 0.0551073 0.0748719 0.0621892 0.0704642 0.0701317 0.0561482 0.0444847 0.0502184 0.0615272 0.0443182 0.0555877 0.0474753 0.0558937 0.0457034 0.0458661 0.0602008 0.0601494 0.1208998 0.0630204 0.0821016 0.0514183 0.0695515 0.0887380 0.0833051 0.0744970 0.0626999 0.0632098 0.0754699 0.0490678 0.0389897 0.0655698 0.0442484 0.0629662 0.0440752 0.1064551 0.0700737 0.0368220 0.0479020 0.0582947 0.0416129 0.0467385 0.0499214 0.0439685 0.0503044 0.0474604 0.0771743 0.2167931 0.0443324 0.0484683 0.0712963 0.0970389 
Bbai       0.0597781 0.0000000 0.0568062 0.0622036 0.0676683 0.0679498 0.0718763 0.0742246 0.0657364 0.0766135 0.0737177 0.0727588 0.0759958 0.0587241 0.0553317 0.0561417 0.0553278 0.0608743 0.0857205 0.0800171 0.0701241 0.0757372 0.0580956 0.0660824 0.0614202 0.0771381 0.0410188 0.0718442 0.0882056 0.0532073 0.0554013 0.0650275 0.0926848 0.0584819 0.0650424 0.0677576 0.0771599 0.0555854 0.0168912 0.0399989 0.0307862 0.0761820 0.0416015 0.0620774 0.0346956 0.0423713 0.0840252 0.1026898 0.0578496 0.0334043 0.0417821 0.1086272 0.0523723 0.0526198 0.0689486 0.0556955 0.0882615 0.0554716 0.1254919 0.0909166 0.0455501 0.0667216 0.0727268 0.0584028 0.0583945 0.0649047 0.0524837 0.0711846 0.0620878 0.0757159 0.2464535 0.0554593 0.0623504 0.0294165 0.0459593 
Bbon       0.0067600 0.0568062 0.0000000 0.0136249 0.0135086 0.0135686 0.0208984 0.0403611 0.0114090 0.0204506 0.0714102 0.0925902 0.0392237 0.0446777 0.0416751 0.0419851 0.0468136 0.0439345 0.0416704 0.0404726 0.0338890 0.0201052 0.0437692 0.0554957 0.0522621 0.0710548 0.0593130 0.0671591 0.0729183 0.0529611 0.0417320 0.0473978 0.0613669 0.0415733 0.0527211 0.0499234 0.0583864 0.0426907 0.0457033 0.0570480 0.0570088 0.1242043 0.0601048 0.0787176 0.0512627 0.0665562 0.0921416 0.0831150 0.0707240 0.0595425 0.0602937 0.0780941 0.0463006 0.0363025 0.0622966 0.0415091 0.0655387 0.0413460 0.1028131 0.0699223 0.0366564 0.0477774 0.0581173 0.0389005 0.0439842 0.0471149 0.0412440 0.0474784 0.0442584 0.0735241 0.2120957 0.0415859 0.0452550 0.0682224 0.0936737 
Bbor       0.0160162 0.0622036 0.0136249 0.0000000 0.0090124 0.0090529 0.0259854 0.0405184 0.0162656 0.0234285 0.0780082 0.0986255 0.0447920 0.0498137 0.0467311 0.0526479 0.0519225 0.0489941 0.0473517 0.0456403 0.0421304 0.0256174 0.0488069 0.0584735 0.0574448 0.0745778 0.0594744 0.0667695 0.0725228 0.0559488 0.0467919 0.0525552 0.0677863 0.0466200 0.0579410 0.0550976 0.0636920 0.0482244 0.0530708 0.0565943 0.0538395 0.1242605 0.0602674 0.0723826 0.0507572 0.0719666 0.0916506 0.0902485 0.0742073 0.0624858 0.0655794 0.0777191 0.0513666 0.0412717 0.0682210 0.0465457 0.0651803 0.0463661 0.1026587 0.0758125 0.0362149 0.0532840 0.0653609 0.0439014 0.0490373 0.0522481 0.0462563 0.0526454 0.0503867 0.0800986 0.2157259 0.0466357 0.0511434 0.0677577 0.0996863 
Bede66737  0.0158806 0.0676683 0.0135086 0.0090124 0.0000000 0.0044819 0.0257733 0.0402702 0.0161263 0.0232154 0.0846630 0.1046522 0.0391345 0.0550264 0.0518626 0.0522652 0.0571056 0.0541294 0.0528703 0.0453698 0.0418488 0.0253895 0.0539194 0.0642973 0.0626962 0.0814690 0.0646876 0.0791609 0.0849626 0.0617952 0.0519268 0.0577829 0.0742788 0.0517436 0.0632269 0.0603404 0.0690573 0.0538487 0.0605989 0.0623056 0.0594909 0.1236283 0.0655474 0.0719719 0.0574056 0.0774261 0.1069772 0.0974110 0.0810232 0.0682466 0.0709258 0.0894155 0.0565073 0.0463186 0.0742075 0.0516590 0.0765945 0.0514613 0.1058939 0.0817484 0.0538197 0.0588708 0.0727222 0.0489791 0.0541636 0.0574528 0.0513446 0.0578832 0.0501619 0.0867280 0.2152831 0.0517629 0.0571308 0.0732764 0.1056922 
BedeAUS    0.0159511 0.0679498 0.0135686 0.0090529 0.0044819 0.0000000 0.0258871 0.0456762 0.0161988 0.0205496 0.0812220 0.1050567 0.0446461 0.0552586 0.0520815 0.0524874 0.0573427 0.0543553 0.0531092 0.0508650 0.0478470 0.0227490 0.0541437 0.0645871 0.0629529 0.0779052 0.0649480 0.0795052 0.0818364 0.0620783 0.0521460 0.0580241 0.0709219 0.0519606 0.0634867 0.0605899 0.0693374 0.0509448 0.0609601 0.0625840 0.0597573 0.1318649 0.0658136 0.0786549 0.0577117 0.0777331 0.1031386 0.0937090 0.0814182 0.0685454 0.0712099 0.0897633 0.0567407 0.0465149 0.0711127 0.0518753 0.0769045 0.0516772 0.1098101 0.0820937 0.0493264 0.0591322 0.0689135 0.0491854 0.0543892 0.0576920 0.0515599 0.0581251 0.0536281 0.0871282 0.2203000 0.0519802 0.0574052 0.0735761 0.1060976 
Bmus       0.0185988 0.0718763 0.0208984 0.0259854 0.0257733 0.0258871 0.0000000 0.0542164 0.0237393 0.0346371 0.0709860 0.0771014 0.0480288 0.0588670 0.0555984 0.0560425 0.0609529 0.0580135 0.0447030 0.0595533 0.0573601 0.0340999 0.0576706 0.0687368 0.0666710 0.0870157 0.0655582 0.0839759 0.0643989 0.0662168 0.0556655 0.0443997 0.0686457 0.0554702 0.0672350 0.0417184 0.0395223 0.0579857 0.0456312 0.0695887 0.0666515 0.0919410 0.0664357 0.0860789 0.0512055 0.0784403 0.0661058 0.0869785 0.0823270 0.0692420 0.0718696 0.0753549 0.0603163 0.0499076 0.0658694 0.0553767 0.0513360 0.0551638 0.1120408 0.0636107 0.0365642 0.0538916 0.0663078 0.0526306 0.0579275 0.0613211 0.0550408 0.0617820 0.0644218 0.0921357 0.2416206 0.0554927 0.0615945 0.0804229 0.1070245 
Bmys       0.0430413 0.0742246 0.0403611 0.0405184 0.0402702 0.0456762 0.0542164 0.0000000 0.0435773 0.0423237 0.0855138 0.1120193 0.0633006 0.0584190 0.0551774 0.0613482 0.0604950 0.0574650 0.0223608 0.0133872 0.0122745 0.0472682 0.0572391 0.0681713 0.0661730 0.0823379 0.0682844 0.0832918 0.0857363 0.0656651 0.0552439 0.0612072 0.0750683 0.0550506 0.0667311 0.0637947 0.0726568 0.0544402 0.0654820 0.0726549 0.0696665 0.1323671 0.0692019 0.0827301 0.0691460 0.0813515 0.1122116 0.0983739 0.0859962 0.0722805 0.0746950 0.0933503 0.0598665 0.0495285 0.0749348 0.0549585 0.0803714 0.0547481 0.1073351 0.0858245 0.0543914 0.0625442 0.0736113 0.0575267 0.0628480 0.0608599 0.0546262 0.0613150 0.0571216 0.0913269 0.2396715 0.0550727 0.0610600 0.0862498 0.1133870 
Bphy       0.0137952 0.0657364 0.0114090 0.0162656 0.0161263 0.0161988 0.0237393 0.0435773 0.0000000 0.0074496 0.0824035 0.1026712 0.0424986 0.0531038 0.0499467 0.0503342 0.0552091 0.0522283 0.0508153 0.0487728 0.0455343 0.0231756 0.0520253 0.0622167 0.0608120 0.0791136 0.0628279 0.0770890 0.0829125 0.0596890 0.0500101 0.0558748 0.0720231 0.0498290 0.0613335 0.0584441 0.0671694 0.0517630 0.0578635 0.0665333 0.0636401 0.1290587 0.0636693 0.0828517 0.0622795 0.0755451 0.1045381 0.0950312 0.0752014 0.0662125 0.0690530 0.0875112 0.0546216 0.0443880 0.0721279 0.0497478 0.0746789 0.0495549 0.1107015 0.0797233 0.0505724 0.0568374 0.0701495 0.0470596 0.0522664 0.0555507 0.0494398 0.0559720 0.0574220 0.0844862 0.2302388 0.0498471 0.0549357 0.0774481 0.1037194 
Bphy_baits 0.0231911 0.0766135 0.0204506 0.0234285 0.0232154 0.0205496 0.0346371 0.0423237 0.0074496 0.0000000 0.0931036 0.1184515 0.0530506 0.0589385 0.0553647 0.0558482 0.0612185 0.0607622 0.0533939 0.0508951 0.0475408 0.0313386 0.0604838 0.0731412 0.0704046 0.0901959 0.0692652 0.0863940 0.0926282 0.0703826 0.0583052 0.0649261 0.0824424 0.0552250 0.0680970 0.0677831 0.0776353 0.0607545 0.0724347 0.0782891 0.0749060 0.1520069 0.0739206 0.0931004 0.0757150 0.0834072 0.1165349 0.1065672 0.0903671 0.0778206 0.0800147 0.1007817 0.0633903 0.0519694 0.0817252 0.0579774 0.0863609 0.0577357 0.1141956 0.0928692 0.0646416 0.0635515 0.0820093 0.0549584 0.0607713 0.0616223 0.0547575 0.0621284 0.0539508 0.0961343 0.2532759 0.0552494 0.0619779 0.0898897 0.1087073 
Ccom       0.0715816 0.0737177 0.0714102 0.0780082 0.0846630 0.0812220 0.0709860 0.0855138 0.0824035 0.0931036 0.0000000 0.0686365 0.0828879 0.0323981 0.0323981 0.0329645 0.0324163 0.0445137 0.0831568 0.0890375 0.0852529 0.0843681 0.0379709 0.0285220 0.0480649 0.0678953 0.0614245 0.0791921 0.0977803 0.0476994 0.0354681 0.0227144 0.0526729 0.0322971 0.0256654 0.0288555 0.0348647 0.0257212 0.0367598 0.0587289 0.0736679 0.1357099 0.0649149 0.0821038 0.0470873 0.0682871 0.0802613 0.0807602 0.1043929 0.0767117 0.0803775 0.0554718 0.0349283 0.0290495 0.0744881 0.0352356 0.0599678 0.0350657 0.1525896 0.0697759 0.0198368 0.0290495 0.0301550 0.0382173 0.0382322 0.0197597 0.0260207 0.0258089 0.0414171 0.0377527 0.2366123 0.0324988 0.0158376 0.0846976 0.1006292 
Chea       0.0959678 0.0727588 0.0925902 0.0986255 0.1046522 0.1050567 0.0771014 0.1120193 0.1026712 0.1184515 0.0686365 0.0000000 0.0930624 0.0686959 0.0650935 0.0660465 0.0650744 0.0773645 0.1061220 0.1182713 0.1158763 0.1027336 0.0679424 0.0595375 0.0714274 0.1038140 0.1024842 0.1116240 0.1105584 0.0679026 0.0651685 0.0562832 0.1060429 0.0683929 0.0615798 0.0589905 0.0507307 0.0731952 0.0385453 0.0968535 0.1013082 0.0693529 0.0897523 0.1225864 0.0373332 0.1117836 0.0960318 0.1248560 0.1299631 0.1042602 0.1041107 0.0851010 0.0677939 0.0622989 0.0772557 0.0655064 0.0799364 0.0652467 0.1658715 0.0887852 0.0195433 0.0709222 0.0900643 0.0682920 0.0682682 0.0557578 0.0621347 0.0618530 0.0821487 0.0907938 0.2541348 0.0652355 0.0695306 0.0754705 0.0878599 
Cmar       0.0419577 0.0759958 0.0392237 0.0447920 0.0391345 0.0446461 0.0480288 0.0633006 0.0424986 0.0530506 0.0828879 0.0930624 0.0000000 0.0742870 0.0707199 0.0657094 0.0706918 0.0670972 0.0794513 0.0687946 0.0675262 0.0460759 0.0727775 0.0651403 0.0761745 0.1041743 0.0725513 0.0743699 0.0979671 0.0768381 0.0707937 0.0771599 0.1031601 0.0705650 0.0639783 0.0798522 0.0892753 0.0719880 0.0624284 0.0640889 0.0744003 0.0868790 0.0555570 0.0739944 0.0511049 0.0859604 0.1063370 0.1214732 0.0953172 0.0770636 0.0547374 0.0905502 0.0699735 0.0646831 0.0863615 0.0704377 0.0977253 0.0701737 0.1203753 0.0760176 0.0703152 0.0796965 0.0876944 0.0675374 0.0675150 0.0527930 0.0645193 0.0585654 0.0765059 0.0893985 0.2389288 0.0650476 0.0652487 0.0881709 0.1157125 
Dcap108471 0.0474796 0.0587241 0.0446777 0.0498137 0.0550264 0.0552586 0.0588670 0.0584190 0.0531038 0.0589385 0.0323981 0.0686959 0.0742870 0.0000000 0.0022565 0.0069021 0.0068106 0.0237508 0.0639134 0.0639052 0.0592587 0.0581714 0.0138697 0.0210752 0.0213406 0.0339802 0.0586678 0.0698759 0.0759144 0.0153738 0.0068258 0.0166894 0.0295018 0.0069302 0.0166593 0.0190953 0.0266511 0.0128235 0.0422826 0.0624126 0.0591100 0.1374457 0.0647968 0.0850511 0.0518141 0.0558411 0.0917454 0.0512723 0.0733378 0.0617605 0.0649911 0.0605116 0.0162091 0.0069175 0.0634449 0.0116421 0.0488693 0.0115639 0.1093213 0.0487176 0.0117055 0.0074043 0.0193528 0.0139491 0.0187037 0.0166022 0.0068733 0.0167410 0.0112379 0.0221266 0.1558417 0.0068233 0.0052467 0.0644830 0.0965104 
Dcap79929  0.0444254 0.0553317 0.0416751 0.0467311 0.0518626 0.0520815 0.0555984 0.0551774 0.0499467 0.0553647 0.0323981 0.0650935 0.0707199 0.0022565 0.0000000 0.0045465 0.0044868 0.0211165 0.0639134 0.0605838 0.0556664 0.0546288 0.0114203 0.0181983 0.0187425 0.0304149 0.0554129 0.0660292 0.0719975 0.0126454 0.0044968 0.0141337 0.0295018 0.0045648 0.0141084 0.0165092 0.0240032 0.0101221 0.0422826 0.0587440 0.0555244 0.1319392 0.0614120 0.0809471 0.0518141 0.0653157 0.0867685 0.0512723 0.0691770 0.0611380 0.0616045 0.0571888 0.0137271 0.0045566 0.0597595 0.0092023 0.0457351 0.0091410 0.1045275 0.0487176 0.0117055 0.0074043 0.0193528 0.0114855 0.0161703 0.0140607 0.0045276 0.0141779 0.0083063 0.0221266 0.1498868 0.0044949 0.0052467 0.0610038 0.0924035 
Ddel       0.0447607 0.0561417 0.0419851 0.0526479 0.0522652 0.0524874 0.0560425 0.0613482 0.0503342 0.0558482 0.0329645 0.0660465 0.0657094 0.0069021 0.0045465 0.0000000 0.0045511 0.0263064 0.0709341 0.0668735 0.0625038 0.0551022 0.0162957 0.0238855 0.0238732 0.0373803 0.0561907 0.0732813 0.0793408 0.0178081 0.0091669 0.0192050 0.0361963 0.0093078 0.0191703 0.0216278 0.0293466 0.0102838 0.0431574 0.0596543 0.0563824 0.1340659 0.0622756 0.0821800 0.0527626 0.0662379 0.0883212 0.0590560 0.0761425 0.0620755 0.0624702 0.0634996 0.0139232 0.0092905 0.0606843 0.0140699 0.0517538 0.0139752 0.1099089 0.0551816 0.0201877 0.0125977 0.0265104 0.0163887 0.0164020 0.0142658 0.0045931 0.0192634 0.0084424 0.0225022 0.1525770 0.0045595 0.0107352 0.0618870 0.0937293 
Ddeltrop   0.0496061 0.0553278 0.0468136 0.0519225 0.0571056 0.0573427 0.0609529 0.0604950 0.0552091 0.0612185 0.0324163 0.0650744 0.0706918 0.0068106 0.0044868 0.0045511 0.0000000 0.0259521 0.0698490 0.0659445 0.0615449 0.0604460 0.0160797 0.0180590 0.0235519 0.0367360 0.0554091 0.0721329 0.0781076 0.0178083 0.0090463 0.0189440 0.0355942 0.0091836 0.0189101 0.0163934 0.0289457 0.0101325 0.0422967 0.0587347 0.0555200 0.1317510 0.0613996 0.0808948 0.0518149 0.0652970 0.0866915 0.0508711 0.0761434 0.0611250 0.0615918 0.0626043 0.0137387 0.0091667 0.0597486 0.0138817 0.0510268 0.0090764 0.1080790 0.0483927 0.0197287 0.0124167 0.0260175 0.0161703 0.0161834 0.0140728 0.0045323 0.0140772 0.0111429 0.0163552 0.1538644 0.0044995 0.0105702 0.0609917 0.0923287 
Dleu       0.0466920 0.0608743 0.0439345 0.0489941 0.0541294 0.0543553 0.0580135 0.0574650 0.0522283 0.0607622 0.0445137 0.0773645 0.0670972 0.0237508 0.0211165 0.0263064 0.0259521 0.0000000 0.0635192 0.0628744 0.0581928 0.0599940 0.0232673 0.0318019 0.0259021 0.0362234 0.0520632 0.0621136 0.0710046 0.0236017 0.0211502 0.0263728 0.0415617 0.0210594 0.0312931 0.0287992 0.0367677 0.0203994 0.0386760 0.0549865 0.0518427 0.1346231 0.0579444 0.0703681 0.0553615 0.0563102 0.0901140 0.0370340 0.0646861 0.0515665 0.0581349 0.0544790 0.0254349 0.0162467 0.0597331 0.0210880 0.0430463 0.0209479 0.1076756 0.0458613 0.0197440 0.0253391 0.0325973 0.0233963 0.0282318 0.0311869 0.0208890 0.0314358 0.0285353 0.0500132 0.1905579 0.0260044 0.0243426 0.0666062 0.0985615 
Eaus       0.0472974 0.0857205 0.0416704 0.0473517 0.0528703 0.0531092 0.0447030 0.0223608 0.0508153 0.0533939 0.0831568 0.1061220 0.0794513 0.0639134 0.0639134 0.0709341 0.0698490 0.0635192 0.0000000 0.0073058 0.0108813 0.0526152 0.0661445 0.0796712 0.0762191 0.0939811 0.0716911 0.0864135 0.0778146 0.0769482 0.0639906 0.0608000 0.0774263 0.0637587 0.0769002 0.0605645 0.0575595 0.0607859 0.0574645 0.0634883 0.0735986 0.1199299 0.0727384 0.0814521 0.0725687 0.0746268 0.0792293 0.0962968 0.0922915 0.0731044 0.0787751 0.0930989 0.0690829 0.0575595 0.0730389 0.0636377 0.0722146 0.0633768 0.1169351 0.0812318 0.0410813 0.0604120 0.0648984 0.0664984 0.0724385 0.0702884 0.0632333 0.0708518 0.0719520 0.0896509 0.2825911 0.0637912 0.0585010 0.0883932 0.1106155 
Egla       0.0482032 0.0800171 0.0404726 0.0456403 0.0453698 0.0508650 0.0595533 0.0133872 0.0487728 0.0508951 0.0890375 0.1182713 0.0687946 0.0639052 0.0605838 0.0668735 0.0659445 0.0628744 0.0073058 0.0000000 0.0073556 0.0502099 0.0626233 0.0742801 0.0716804 0.0859969 0.0737818 0.0832719 0.0889368 0.0718082 0.0606527 0.0666986 0.0785316 0.0604484 0.0722715 0.0692973 0.0782675 0.0574828 0.0654964 0.0726545 0.0757332 0.1322364 0.0747679 0.0827114 0.0763556 0.0870716 0.1083666 0.1021335 0.0931634 0.0783646 0.0803192 0.0992174 0.0652758 0.0548543 0.0781265 0.0603453 0.0861578 0.0601181 0.1072193 0.0920018 0.0500508 0.0684209 0.0699260 0.0629321 0.0682956 0.0663294 0.0599907 0.0668172 0.0637018 0.0912877 0.2444656 0.0604750 0.0610776 0.0921484 0.1131993 
Ejap       0.0422793 0.0701241 0.0338890 0.0421304 0.0418488 0.0478470 0.0573601 0.0122745 0.0455343 0.0475408 0.0852529 0.1158763 0.0675262 0.0592587 0.0556664 0.0625038 0.0615449 0.0581928 0.0108813 0.0073556 0.0000000 0.0468067 0.0551161 0.0650943 0.0678286 0.0752756 0.0730455 0.0872444 0.0828674 0.0625793 0.0557402 0.0623402 0.0746106 0.0555256 0.0654920 0.0652009 0.0750293 0.0517441 0.0679230 0.0752739 0.0666088 0.1476715 0.0741279 0.0899706 0.0717982 0.0816142 0.1169969 0.1010701 0.0823259 0.0692067 0.0772864 0.0943056 0.0549694 0.0494247 0.0711734 0.0522029 0.0836555 0.0551892 0.1057691 0.0899809 0.0499068 0.0639150 0.0686199 0.0582604 0.0641406 0.0619516 0.0550543 0.0624618 0.0580269 0.0929256 0.2637905 0.0555504 0.0623660 0.0902441 0.1100014 
Erob       0.0228047 0.0757372 0.0201052 0.0256174 0.0253895 0.0227490 0.0340999 0.0472682 0.0231756 0.0313386 0.0843681 0.1027336 0.0460759 0.0581714 0.0546288 0.0551022 0.0604460 0.0599940 0.0526152 0.0502099 0.0468067 0.0000000 0.0597223 0.0648149 0.0695846 0.0891801 0.0684617 0.0677990 0.0853606 0.0694583 0.0575501 0.0641286 0.0814935 0.0544912 0.0607034 0.0669731 0.0767801 0.0599869 0.0484860 0.0669070 0.0739816 0.1295072 0.0664057 0.0812983 0.0580260 0.0825344 0.1033780 0.1055160 0.0932742 0.0768863 0.0791529 0.0925291 0.0626120 0.0512627 0.0739482 0.0572272 0.0854617 0.0569892 0.1207759 0.0918971 0.0408025 0.0627017 0.0690389 0.0542297 0.0600058 0.0544228 0.0540312 0.0548735 0.0641728 0.0830137 0.2414452 0.0545148 0.0504590 0.0889746 0.1009882 
Fatt       0.0465142 0.0580956 0.0437692 0.0488069 0.0539194 0.0541437 0.0576706 0.0572391 0.0520253 0.0604838 0.0379709 0.0679424 0.0727775 0.0138697 0.0114203 0.0162957 0.0160797 0.0232673 0.0661445 0.0626233 0.0551161 0.0597223 0.0000000 0.0128067 0.0114499 0.0269595 0.0574791 0.0683076 0.0772137 0.0154857 0.0114394 0.0163447 0.0350832 0.0113880 0.0211019 0.0187020 0.0261736 0.0150758 0.0460095 0.0610184 0.0549761 0.1307520 0.0634791 0.0831753 0.0552227 0.0673906 0.0941116 0.0571963 0.0649629 0.0605425 0.0636703 0.0599554 0.0158826 0.0067768 0.0657532 0.0068132 0.0483971 0.0067683 0.1068200 0.0515668 0.0196878 0.0147726 0.0255873 0.0090713 0.0136849 0.0210310 0.0112964 0.0212013 0.0109882 0.0370106 0.1711338 0.0161104 0.0130966 0.0637897 0.0954085 
Ggri       0.0586792 0.0660824 0.0554957 0.0584735 0.0642973 0.0645871 0.0687368 0.0681713 0.0622167 0.0731412 0.0285220 0.0595375 0.0651403 0.0210752 0.0181983 0.0238855 0.0180590 0.0318019 0.0796712 0.0742801 0.0650943 0.0648149 0.0128067 0.0000000 0.0237061 0.0371821 0.0684765 0.0740152 0.0923298 0.0239550 0.0182311 0.0239553 0.0480554 0.0181427 0.0100617 0.0210396 0.0352761 0.0231961 0.0497471 0.0656936 0.0649385 0.1423297 0.0617662 0.0874521 0.0470031 0.0799755 0.1052383 0.0668926 0.0804130 0.0706770 0.0786406 0.0507459 0.0179290 0.0128489 0.0717455 0.0102377 0.0612394 0.0075912 0.1232345 0.0588534 0.0188171 0.0226459 0.0220400 0.0154788 0.0207548 0.0125604 0.0179797 0.0074967 0.0193001 0.0284748 0.1884112 0.0235814 0.0117522 0.0793802 0.1128352 
Gmac       0.0551073 0.0614202 0.0522621 0.0574448 0.0626962 0.0629529 0.0666710 0.0661730 0.0608120 0.0704046 0.0480649 0.0714274 0.0761745 0.0213406 0.0187425 0.0238732 0.0235519 0.0259021 0.0762191 0.0716804 0.0678286 0.0695846 0.0114499 0.0237061 0.0000000 0.0205607 0.0606398 0.0719921 0.0809689 0.0209433 0.0187729 0.0239366 0.0450761 0.0186911 0.0288310 0.0263538 0.0341186 0.0232572 0.0544060 0.0645657 0.0612746 0.1355195 0.0667423 0.0830513 0.0629498 0.0707289 0.0988277 0.0612061 0.0688773 0.0669418 0.0669340 0.0691774 0.0232689 0.0139081 0.0693944 0.0139813 0.0572968 0.0138879 0.1111653 0.0611027 0.0284098 0.0227631 0.0364205 0.0162843 0.0210478 0.0287331 0.0185394 0.0289638 0.0198279 0.0468861 0.1854969 0.0235989 0.0215904 0.0671743 0.0992297 
Gmel       0.0748719 0.0771381 0.0710548 0.0745778 0.0814690 0.0779052 0.0870157 0.0823379 0.0791136 0.0901959 0.0678953 0.1038140 0.1041743 0.0339802 0.0304149 0.0373803 0.0367360 0.0362234 0.0939811 0.0859969 0.0752756 0.0891801 0.0269595 0.0371821 0.0205607 0.0000000 0.0750560 0.0839488 0.0947725 0.0338882 0.0335853 0.0406635 0.0645010 0.0303155 0.0406914 0.0438265 0.0543544 0.0364782 0.0827498 0.0873663 0.0751240 0.1869085 0.0876663 0.1039923 0.0958065 0.0883432 0.1307060 0.0496027 0.0747104 0.0818637 0.0914291 0.0900470 0.0329951 0.0270697 0.0893188 0.0239477 0.0533041 0.0270081 0.0991933 0.0854027 0.0476648 0.0369779 0.0144368 0.0271264 0.0333705 0.0437240 0.0300071 0.0441548 0.0352886 0.0290652 0.2805988 0.0368343 0.0329927 0.0928639 0.1194222 
Hamp       0.0621892 0.0410188 0.0593130 0.0594744 0.0646876 0.0649480 0.0655582 0.0682844 0.0628279 0.0692652 0.0614245 0.1024842 0.0725513 0.0586678 0.0554129 0.0561907 0.0554091 0.0520632 0.0716911 0.0737818 0.0730455 0.0684617 0.0574791 0.0684765 0.0606398 0.0750560 0.0000000 0.0642555 0.0758645 0.0594973 0.0554798 0.0585640 0.0827557 0.0552855 0.0670044 0.0611444 0.0699465 0.0490425 0.0132986 0.0150222 0.0099507 0.1033507 0.0162065 0.0286212 0.0380377 0.0236482 0.0590418 0.0681444 0.0328723 0.0201395 0.0208857 0.0964087 0.0548184 0.0498809 0.0718374 0.0553464 0.0773415 0.0549810 0.1111710 0.0825681 0.0450676 0.0628223 0.0707321 0.0577694 0.0577624 0.0613546 0.0496209 0.0672861 0.0613119 0.0820237 0.2374518 0.0555355 0.0584413 0.0400056 0.0515686 
Kbre       0.0704642 0.0718442 0.0671591 0.0667695 0.0791609 0.0795052 0.0839759 0.0832918 0.0770890 0.0863940 0.0791921 0.1116240 0.0743699 0.0698759 0.0660292 0.0732813 0.0721329 0.0621136 0.0864135 0.0832719 0.0872444 0.0677990 0.0683076 0.0740152 0.0719921 0.0839488 0.0642555 0.0000000 0.0202814 0.0755274 0.0661090 0.0730362 0.0657740 0.0589546 0.0618799 0.0759878 0.0862876 0.0663641 0.0623986 0.0641901 0.0655333 0.1331246 0.0577537 0.0866244 0.0589023 0.0758133 0.0937494 0.0924785 0.0826934 0.0717176 0.0650965 0.0726605 0.0713306 0.0594789 0.0823392 0.0657379 0.0782255 0.0654634 0.0892490 0.0916642 0.0460084 0.0755115 0.0753883 0.0652710 0.0681828 0.0653143 0.0653143 0.0658521 0.0780827 0.0930287 0.2762153 0.0689660 0.0617867 0.0954768 0.1149692 
Ksim       0.0701317 0.0882056 0.0729183 0.0725228 0.0849626 0.0818364 0.0643989 0.0857363 0.0829125 0.0926282 0.0977803 0.1105584 0.0979671 0.0759144 0.0719975 0.0793408 0.0781076 0.0710046 0.0778146 0.0889368 0.0828674 0.0853606 0.0772137 0.0923298 0.0809689 0.0947725 0.0758645 0.0202814 0.0000000 0.0819790 0.0750663 0.0690439 0.0869217 0.0718264 0.0854228 0.0658073 0.0695085 0.0775755 0.0636349 0.0793168 0.0755411 0.1264838 0.0772230 0.1012767 0.0680343 0.0843948 0.0823181 0.0880368 0.0946303 0.0817764 0.0774290 0.0992986 0.0802613 0.0683361 0.0792551 0.0746604 0.0646816 0.0743591 0.0946461 0.0796904 0.0506430 0.0676673 0.0787513 0.0776159 0.0837577 0.0785848 0.0712399 0.0792110 0.0864706 0.1102759 0.2969020 0.0718681 0.0820177 0.1088673 0.1206508 
Lacu       0.0561482 0.0532073 0.0529611 0.0559488 0.0617952 0.0620783 0.0662168 0.0656651 0.0596890 0.0703826 0.0476994 0.0679026 0.0768381 0.0153738 0.0126454 0.0178081 0.0178083 0.0236017 0.0769482 0.0718082 0.0625793 0.0694583 0.0154857 0.0239550 0.0209433 0.0338882 0.0594973 0.0755274 0.0819790 0.0000000 0.0126686 0.0213754 0.0448906 0.0156030 0.0241005 0.0240695 0.0326993 0.0203723 0.0508284 0.0670259 0.0560491 0.1495553 0.0662948 0.0892128 0.0610954 0.0706701 0.1027372 0.0635428 0.0686953 0.0617146 0.0694434 0.0614065 0.0154158 0.0103121 0.0613740 0.0128950 0.0517927 0.0155118 0.1080350 0.0556387 0.0192830 0.0198912 0.0308157 0.0181977 0.0235321 0.0267225 0.0154614 0.0269641 0.0194034 0.0386802 0.1955652 0.0178461 0.0183372 0.0662348 0.0987832 
Lalb       0.0444847 0.0554013 0.0417320 0.0467919 0.0519268 0.0521460 0.0556655 0.0552439 0.0500101 0.0583052 0.0354681 0.0651685 0.0707937 0.0068258 0.0044968 0.0091669 0.0090463 0.0211502 0.0639906 0.0606527 0.0557402 0.0575501 0.0114394 0.0182311 0.0187729 0.0335853 0.0554798 0.0661090 0.0750663 0.0126686 0.0000000 0.0141569 0.0325588 0.0092040 0.0189517 0.0165366 0.0240412 0.0127023 0.0423661 0.0588198 0.0555980 0.1320230 0.0614822 0.0810297 0.0518980 0.0653881 0.0905031 0.0546565 0.0657866 0.0612144 0.0616748 0.0572574 0.0137497 0.0045646 0.0627520 0.0092181 0.0457965 0.0091566 0.1046138 0.0487850 0.0157105 0.0124462 0.0226885 0.0115049 0.0161968 0.0188872 0.0091290 0.0190427 0.0139780 0.0279264 0.1579702 0.0090630 0.0105972 0.0610760 0.0924824 
Laus       0.0502184 0.0650275 0.0473978 0.0525552 0.0577829 0.0580241 0.0443997 0.0612072 0.0558748 0.0649261 0.0227144 0.0562832 0.0771599 0.0166894 0.0141337 0.0192050 0.0189440 0.0263728 0.0608000 0.0666986 0.0623402 0.0641286 0.0163447 0.0239553 0.0239366 0.0406635 0.0585640 0.0730362 0.0690439 0.0213754 0.0141569 0.0000000 0.0262402 0.0140934 0.0241641 0.0068851 0.0140269 0.0127162 0.0387863 0.0622757 0.0589932 0.1158798 0.0646582 0.0847537 0.0484735 0.0686331 0.0792004 0.0510461 0.0733714 0.0644718 0.0648514 0.0578366 0.0187090 0.0092974 0.0577367 0.0140772 0.0352237 0.0140190 0.1059832 0.0432933 0.0117055 0.0125253 0.0227978 0.0164381 0.0212462 0.0240810 0.0139774 0.0242790 0.0199908 0.0411287 0.1786855 0.0189816 0.0162844 0.0677502 0.1000059 
Lbor       0.0615272 0.0926848 0.0613669 0.0677863 0.0742788 0.0709219 0.0686457 0.0750683 0.0720231 0.0824424 0.0526729 0.1060429 0.1031601 0.0295018 0.0295018 0.0361963 0.0355942 0.0415617 0.0774263 0.0785316 0.0746106 0.0814935 0.0350832 0.0480554 0.0450761 0.0645010 0.0827557 0.0657740 0.0869217 0.0448906 0.0325588 0.0262402 0.0000000 0.0294080 0.0424754 0.0325719 0.0387295 0.0287877 0.0364620 0.0575777 0.0911392 0.1384583 0.0951549 0.0804168 0.0751527 0.0826459 0.0834806 0.0786635 0.1170529 0.0942984 0.0953638 0.0722036 0.0380860 0.0261925 0.0818163 0.0323426 0.0645541 0.0321853 0.1420073 0.0744755 0.0117055 0.0261925 0.0193408 0.0353684 0.0414781 0.0358876 0.0291182 0.0362359 0.0414911 0.0332530 0.2616173 0.0294161 0.0061085 0.1004108 0.1253245 
Lhos30470  0.0443182 0.0584819 0.0415733 0.0466200 0.0517436 0.0519606 0.0554702 0.0550506 0.0498290 0.0552250 0.0322971 0.0683929 0.0705650 0.0069302 0.0045648 0.0093078 0.0091836 0.0210594 0.0637587 0.0604484 0.0555256 0.0544912 0.0113880 0.0181427 0.0186911 0.0303155 0.0552855 0.0589546 0.0718264 0.0156030 0.0092040 0.0140934 0.0294080 0.0000000 0.0092062 0.0164629 0.0239384 0.0100901 0.0422826 0.0585967 0.0553841 0.1316458 0.0612732 0.0807599 0.0518141 0.0651693 0.0911774 0.0511193 0.0689866 0.0609875 0.0614654 0.0577147 0.0136888 0.0045431 0.0603657 0.0091757 0.0461376 0.0091147 0.0960835 0.0491782 0.0117055 0.0073810 0.0192799 0.0114529 0.0161257 0.0140207 0.0045143 0.0141374 0.0082071 0.0284376 0.1603396 0.0092009 0.0000010 0.0642093 0.0960169 
Lhos452    0.0555877 0.0650424 0.0527211 0.0579410 0.0632269 0.0634867 0.0672350 0.0667311 0.0613335 0.0680970 0.0256654 0.0615798 0.0639783 0.0166593 0.0141084 0.0191703 0.0189101 0.0312931 0.0769002 0.0722715 0.0654920 0.0607034 0.0211019 0.0100617 0.0288310 0.0406914 0.0670044 0.0618799 0.0854228 0.0241005 0.0189517 0.0241641 0.0424754 0.0092062 0.0000000 0.0266022 0.0344350 0.0208492 0.0459721 0.0615150 0.0653349 0.1352720 0.0609239 0.0838229 0.0440234 0.0716784 0.0948753 0.0659152 0.0809707 0.0711064 0.0734909 0.0513735 0.0186658 0.0140416 0.0668332 0.0188949 0.0578056 0.0187680 0.1112399 0.0616709 0.0156739 0.0177748 0.0159553 0.0212206 0.0260706 0.0091120 0.0139527 0.0091873 0.0198249 0.0254465 0.1595177 0.0189476 0.0025645 0.0767498 0.1098205 
Lobl       0.0474753 0.0677576 0.0499234 0.0550976 0.0603404 0.0605899 0.0417184 0.0637947 0.0584441 0.0677831 0.0288555 0.0589905 0.0798522 0.0190953 0.0165092 0.0216278 0.0163934 0.0287992 0.0605645 0.0692973 0.0652009 0.0669731 0.0187020 0.0210396 0.0263538 0.0438265 0.0611444 0.0759878 0.0658073 0.0240695 0.0165366 0.0068851 0.0325719 0.0164629 0.0266022 0.0000000 0.0116347 0.0207576 0.0426163 0.0651478 0.0618331 0.1118831 0.0672837 0.0877329 0.0519816 0.0712949 0.0752549 0.0438551 0.0767141 0.0673232 0.0674759 0.0549655 0.0210743 0.0116380 0.0606351 0.0164433 0.0325532 0.0115526 0.1092352 0.0373084 0.0157511 0.0124849 0.0226985 0.0188081 0.0236318 0.0265109 0.0163279 0.0216139 0.0228768 0.0377020 0.1823885 0.0213777 0.0190284 0.0704767 0.1029091 
Lobs       0.0558937 0.0771599 0.0583864 0.0636920 0.0690573 0.0693374 0.0395223 0.0726568 0.0671694 0.0776353 0.0348647 0.0507307 0.0892753 0.0266511 0.0240032 0.0293466 0.0289457 0.0367677 0.0575595 0.0782675 0.0750293 0.0767801 0.0261736 0.0352761 0.0341186 0.0543544 0.0699465 0.0862876 0.0695085 0.0326993 0.0240412 0.0140269 0.0387295 0.0239384 0.0344350 0.0116347 0.0000000 0.0291065 0.0387863 0.0750213 0.0715431 0.1015375 0.0763224 0.0982832 0.0484735 0.0802605 0.0646582 0.0575700 0.0880684 0.0771567 0.0765114 0.0524234 0.0286014 0.0189555 0.0643169 0.0239068 0.0300630 0.0238093 0.1210033 0.0373117 0.0117055 0.0175907 0.0294420 0.0263195 0.0312594 0.0343172 0.0237426 0.0345922 0.0321249 0.0503488 0.1965836 0.0290054 0.0246367 0.0799008 0.1133394 
Lper       0.0457034 0.0555854 0.0426907 0.0482244 0.0538487 0.0509448 0.0579857 0.0544402 0.0517630 0.0607545 0.0257212 0.0731952 0.0719880 0.0128235 0.0101221 0.0102838 0.0101325 0.0203994 0.0607859 0.0574828 0.0517441 0.0599869 0.0150758 0.0231961 0.0232572 0.0364782 0.0490425 0.0663641 0.0775755 0.0203723 0.0127023 0.0127162 0.0287877 0.0100901 0.0208492 0.0207576 0.0291065 0.0000000 0.0361967 0.0557242 0.0521919 0.1372134 0.0589382 0.0765161 0.0474184 0.0594867 0.0909906 0.0574896 0.0670629 0.0581935 0.0591493 0.0607803 0.0125164 0.0074924 0.0602230 0.0126241 0.0479649 0.0125676 0.1037579 0.0514694 0.0195433 0.0137565 0.0257004 0.0151693 0.0151830 0.0154981 0.0049714 0.0209584 0.0093610 0.0320786 0.1856312 0.0101535 0.0117928 0.0620806 0.0863485 
Mbid       0.0458661 0.0168912 0.0457033 0.0530708 0.0605989 0.0609601 0.0456312 0.0654820 0.0578635 0.0724347 0.0367598 0.0385453 0.0624284 0.0422826 0.0422826 0.0431574 0.0422967 0.0386760 0.0574645 0.0654964 0.0679230 0.0484860 0.0460095 0.0497471 0.0544060 0.0827498 0.0132986 0.0623986 0.0636349 0.0508284 0.0423661 0.0387863 0.0364620 0.0422826 0.0459721 0.0426163 0.0387863 0.0361967 0.0000000 0.0132574 0.0114481 0.0478247 0.0131957 0.0383300 0.0168705 0.0099755 0.0237369 0.0701164 0.0460862 0.0114472 0.0206680 0.0465639 0.0458621 0.0387863 0.0413568 0.0428634 0.0568808 0.0424471 0.1279843 0.0686293 0.0494258 0.0422826 0.0619925 0.0422516 0.0384681 0.0384972 0.0384972 0.0464237 0.0428494 0.0691674 0.3349130 0.0384972 0.0422826 0.0234844 0.0237050 
Mbow       0.0602008 0.0399989 0.0570480 0.0565943 0.0623056 0.0625840 0.0695887 0.0726549 0.0665333 0.0782891 0.0587289 0.0968535 0.0640889 0.0624126 0.0587440 0.0596543 0.0587347 0.0549865 0.0634883 0.0726545 0.0752739 0.0669070 0.0610184 0.0656936 0.0645657 0.0873663 0.0150222 0.0641901 0.0793168 0.0670259 0.0588198 0.0622757 0.0575777 0.0585967 0.0615150 0.0651478 0.0750213 0.0557242 0.0132574 0.0000000 0.0054487 0.1099229 0.0149368 0.0175647 0.0100166 0.0236154 0.0487100 0.0738621 0.0375022 0.0224726 0.0205559 0.0680513 0.0580521 0.0525718 0.0709958 0.0586672 0.0801310 0.0582402 0.1187629 0.0860812 0.0498290 0.0639287 0.0748512 0.0580605 0.0550391 0.0522679 0.0522679 0.0585817 0.0587476 0.0815121 0.2450157 0.0556928 0.0581469 0.0299760 0.0518508 
Mcar       0.0601494 0.0307862 0.0570088 0.0538395 0.0594909 0.0597573 0.0666515 0.0696665 0.0636401 0.0749060 0.0736679 0.1013082 0.0744003 0.0591100 0.0555244 0.0563824 0.0555200 0.0518427 0.0735986 0.0757332 0.0666088 0.0739816 0.0549761 0.0649385 0.0612746 0.0751240 0.0099507 0.0655333 0.0755411 0.0560491 0.0555980 0.0589932 0.0911392 0.0553841 0.0653349 0.0618331 0.0715431 0.0521919 0.0114481 0.0054487 0.0000000 0.1137306 0.0126323 0.0227511 0.0282623 0.0155096 0.0645686 0.0747377 0.0265303 0.0149057 0.0152199 0.0970903 0.0490764 0.0494432 0.0713321 0.0522258 0.0797535 0.0550489 0.1094178 0.0857364 0.0547912 0.0637495 0.0786337 0.0581153 0.0581071 0.0620661 0.0491600 0.0686097 0.0584119 0.0856728 0.2535316 0.0556593 0.0624693 0.0298936 0.0515840 
Mden       0.1208998 0.0761820 0.1242043 0.1242605 0.1236283 0.1318649 0.0919410 0.1323671 0.1290587 0.1520069 0.1357099 0.0693529 0.0868790 0.1374457 0.1319392 0.1340659 0.1317510 0.1346231 0.1199299 0.1322364 0.1476715 0.1295072 0.1307520 0.1423297 0.1355195 0.1869085 0.1033507 0.1331246 0.1264838 0.1495553 0.1320230 0.1158798 0.1384583 0.1316458 0.1352720 0.1118831 0.1015375 0.1372134 0.0478247 0.1099229 0.1137306 0.0000000 0.0922612 0.1216971 0.0443076 0.1247951 0.1158798 0.1940226 0.1715861 0.1171740 0.0837322 0.1233014 0.1304303 0.1235948 0.1185340 0.1278594 0.1237407 0.1273622 0.1984874 0.0953673 0.0775850 0.1365166 0.1635765 0.1270978 0.1231670 0.1232200 0.1232200 0.1317009 0.1533339 0.1725061 0.4061065 0.1279534 0.1391560 0.0962819 0.0799072 
Meur       0.0630204 0.0416015 0.0601048 0.0602674 0.0655474 0.0658136 0.0664357 0.0692019 0.0636693 0.0739206 0.0649149 0.0897523 0.0555570 0.0647968 0.0614120 0.0622756 0.0613996 0.0579444 0.0727384 0.0747679 0.0741279 0.0664057 0.0634791 0.0617662 0.0667423 0.0876663 0.0162065 0.0577537 0.0772230 0.0662948 0.0614822 0.0646582 0.0951549 0.0612732 0.0609239 0.0672837 0.0763224 0.0589382 0.0131957 0.0149368 0.0126323 0.0922612 0.0000000 0.0284651 0.0278142 0.0263913 0.0628256 0.0805109 0.0302362 0.0177904 0.0139033 0.0898586 0.0607560 0.0557405 0.0727272 0.0613398 0.0839988 0.0609337 0.1088274 0.0832193 0.0497702 0.0694511 0.0786701 0.0637957 0.0637796 0.0553724 0.0554457 0.0611824 0.0687735 0.0849099 0.2363760 0.0615434 0.0611478 0.0405616 0.0581457 
Mgin       0.0821016 0.0620774 0.0787176 0.0723826 0.0719719 0.0786549 0.0860789 0.0827301 0.0828517 0.0931004 0.0821038 0.1225864 0.0739944 0.0850511 0.0809471 0.0821800 0.0808948 0.0703681 0.0814521 0.0827114 0.0899706 0.0812983 0.0831753 0.0874521 0.0830513 0.1039923 0.0286212 0.0866244 0.1012767 0.0892128 0.0810297 0.0847537 0.0804168 0.0807599 0.0838229 0.0877329 0.0982832 0.0765161 0.0383300 0.0175647 0.0227511 0.1216971 0.0284651 0.0000000 0.0351113 0.0434680 0.0701303 0.0991219 0.0563115 0.0409596 0.0399322 0.0840167 0.0800303 0.0743833 0.0927971 0.0808524 0.0970343 0.0802749 0.1324662 0.1043320 0.0781979 0.0882718 0.0993778 0.0800666 0.0768382 0.0739425 0.0739425 0.0807500 0.0748028 0.1070678 0.2682490 0.0776906 0.0812883 0.0508089 0.0746400 
Mhec       0.0514183 0.0346956 0.0512627 0.0507572 0.0574056 0.0577117 0.0512055 0.0691460 0.0622795 0.0757150 0.0470873 0.0373332 0.0511049 0.0518141 0.0518141 0.0527626 0.0518149 0.0553615 0.0725687 0.0763556 0.0717982 0.0580260 0.0552227 0.0470031 0.0629498 0.0958065 0.0380377 0.0589023 0.0680343 0.0610954 0.0518980 0.0484735 0.0751527 0.0518141 0.0440234 0.0519816 0.0484735 0.0474184 0.0168705 0.0100166 0.0282623 0.0443076 0.0278142 0.0351113 0.0000000 0.0381237 0.0285503 0.0940276 0.0686341 0.0354964 0.0422079 0.0646819 0.0550697 0.0484735 0.0442524 0.0522446 0.0692753 0.0519816 0.1183655 0.0759590 0.0454654 0.0518141 0.0577629 0.0555893 0.0555840 0.0341601 0.0483185 0.0410642 0.0504546 0.0655188 0.2698634 0.0449273 0.0390411 0.0374592 0.0481670 
Mlay       0.0695515 0.0423713 0.0665562 0.0719666 0.0774261 0.0777331 0.0784403 0.0813515 0.0755451 0.0834072 0.0682871 0.1117836 0.0859604 0.0558411 0.0653157 0.0662379 0.0652970 0.0563102 0.0746268 0.0870716 0.0816142 0.0825344 0.0673906 0.0799755 0.0707289 0.0883432 0.0236482 0.0758133 0.0843948 0.0706701 0.0653881 0.0686331 0.0826459 0.0651693 0.0716784 0.0712949 0.0802605 0.0594867 0.0099755 0.0236154 0.0155096 0.1247951 0.0263913 0.0434680 0.0381237 0.0000000 0.0721401 0.0611779 0.0403994 0.0208046 0.0265224 0.1080754 0.0590931 0.0595316 0.0803478 0.0652398 0.0883666 0.0648057 0.1289016 0.0826551 0.0494846 0.0629086 0.0667978 0.0677249 0.0677022 0.0715300 0.0592125 0.0777509 0.0736847 0.0786414 0.2566041 0.0654530 0.0616959 0.0467341 0.0579503 
Mmir       0.0887380 0.0840252 0.0921416 0.0916506 0.1069772 0.1031386 0.0661058 0.1122116 0.1045381 0.1165349 0.0802613 0.0960318 0.1063370 0.0917454 0.0867685 0.0883212 0.0866915 0.0901140 0.0792293 0.1083666 0.1169969 0.1033780 0.0941116 0.1052383 0.0988277 0.1307060 0.0590418 0.0937494 0.0823181 0.1027372 0.0905031 0.0792004 0.0834806 0.0911774 0.0948753 0.0752549 0.0646582 0.0909906 0.0237369 0.0487100 0.0645686 0.1158798 0.0628256 0.0701303 0.0285503 0.0721401 0.0000000 0.0936713 0.1062491 0.0810813 0.0716839 0.0672583 0.0938616 0.0870963 0.0718072 0.0913838 0.0658060 0.0906186 0.1367537 0.0879813 0.0457130 0.0880610 0.1040299 0.0903613 0.0864384 0.0828754 0.0828754 0.0911728 0.1021964 0.1191409 0.3630764 0.0828754 0.0923838 0.0865689 0.1000427 
Mmon       0.0833051 0.1026898 0.0831150 0.0902485 0.0974110 0.0937090 0.0869785 0.0983739 0.0950312 0.1065672 0.0807602 0.1248560 0.1214732 0.0512723 0.0512723 0.0590560 0.0508711 0.0370340 0.0962968 0.1021335 0.1010701 0.1055160 0.0571963 0.0668926 0.0612061 0.0496027 0.0681444 0.0924785 0.0880368 0.0635428 0.0546565 0.0510461 0.0786635 0.0511193 0.0659152 0.0438551 0.0575700 0.0574896 0.0701164 0.0738621 0.0747377 0.1940226 0.0805109 0.0991219 0.0940276 0.0611779 0.0936713 0.0000000 0.0621545 0.0785127 0.0807461 0.0944866 0.0597959 0.0474059 0.0858739 0.0542966 0.0536663 0.0470197 0.0804449 0.0818480 0.0758008 0.0474059 0.0414757 0.0575631 0.0643361 0.0656483 0.0506124 0.0588842 0.0713444 0.0490038 0.3256017 0.0581807 0.0580314 0.1053777 0.1191636 
Mper       0.0744970 0.0578496 0.0707240 0.0742073 0.0810232 0.0814182 0.0823270 0.0859962 0.0752014 0.0903671 0.1043929 0.1299631 0.0953172 0.0733378 0.0691770 0.0761425 0.0761434 0.0646861 0.0922915 0.0931634 0.0823259 0.0932742 0.0649629 0.0804130 0.0688773 0.0747104 0.0328723 0.0826934 0.0946303 0.0686953 0.0657866 0.0733714 0.1170529 0.0689866 0.0809707 0.0767141 0.0880684 0.0670629 0.0460862 0.0375022 0.0265303 0.1715861 0.0302362 0.0563115 0.0686341 0.0403994 0.1062491 0.0621545 0.0000000 0.0296955 0.0333978 0.1192002 0.0682380 0.0619044 0.1024960 0.0651945 0.0832761 0.0685087 0.0972904 0.1068691 0.0689168 0.0801079 0.0782672 0.0721856 0.0791524 0.0841642 0.0683365 0.0849243 0.0666828 0.0952825 0.3172463 0.0763767 0.0803660 0.0565265 0.0839053 
Mpni       0.0626999 0.0334043 0.0595425 0.0624858 0.0682466 0.0685454 0.0692420 0.0722805 0.0662125 0.0778206 0.0767117 0.1042602 0.0770636 0.0617605 0.0611380 0.0620755 0.0611250 0.0515665 0.0731044 0.0783646 0.0692067 0.0768863 0.0605425 0.0706770 0.0669418 0.0818637 0.0201395 0.0717176 0.0817764 0.0617146 0.0612144 0.0644718 0.0942984 0.0609875 0.0711064 0.0673232 0.0771567 0.0581935 0.0114472 0.0224726 0.0149057 0.1171740 0.0177904 0.0409596 0.0354964 0.0208046 0.0810813 0.0785127 0.0296955 0.0000000 0.0204169 0.1033531 0.0545719 0.0548052 0.0779119 0.0576027 0.0858281 0.0606197 0.1205056 0.0887995 0.0540483 0.0666177 0.0822654 0.0637331 0.0637158 0.0677786 0.0546565 0.0744363 0.0689818 0.0888040 0.2731053 0.0612808 0.0655926 0.0445422 0.0609462 
Mste       0.0632098 0.0417821 0.0602937 0.0655794 0.0709258 0.0712099 0.0718696 0.0746950 0.0690530 0.0800147 0.0803775 0.1041107 0.0547374 0.0649911 0.0616045 0.0624702 0.0615918 0.0581349 0.0787751 0.0803192 0.0772864 0.0791529 0.0636703 0.0786406 0.0669340 0.0914291 0.0208857 0.0650965 0.0774290 0.0694434 0.0616748 0.0648514 0.0953638 0.0614654 0.0734909 0.0674759 0.0765114 0.0591493 0.0206680 0.0205559 0.0152199 0.0837322 0.0139033 0.0399322 0.0422079 0.0265224 0.0716839 0.0807461 0.0333978 0.0204169 0.0000000 0.1036395 0.0609469 0.0559309 0.0799323 0.0615321 0.0841852 0.0611250 0.1159258 0.0628495 0.0608127 0.0696561 0.0887509 0.0639874 0.0639711 0.0677016 0.0556350 0.0737993 0.0690062 0.0938400 0.2500692 0.0617361 0.0689781 0.0407367 0.0583450 
Npho       0.0754699 0.1086272 0.0780941 0.0777191 0.0894155 0.0897633 0.0753549 0.0933503 0.0875112 0.1007817 0.0554718 0.0851010 0.0905502 0.0605116 0.0571888 0.0634996 0.0626043 0.0544790 0.0930989 0.0992174 0.0943056 0.0925291 0.0599554 0.0507459 0.0691774 0.0900470 0.0964087 0.0726605 0.0992986 0.0614065 0.0572574 0.0578366 0.0722036 0.0577147 0.0513735 0.0549655 0.0524234 0.0607803 0.0465639 0.0680513 0.0970903 0.1233014 0.0898586 0.0840167 0.0646819 0.1080754 0.0672583 0.0944866 0.1192002 0.1033531 0.1036395 0.0000000 0.0626638 0.0521434 0.0919426 0.0577791 0.0475676 0.0573897 0.1643535 0.0597535 0.0117606 0.0625720 0.0404343 0.0602622 0.0657407 0.0456926 0.0572616 0.0460530 0.0749918 0.0598949 0.2352879 0.0570808 0.0335766 0.1110626 0.1473534 
