64
Bacu       0.0000000 0.0574987 0.0107252 0.0180487 0.0200752 0.0199890 0.0249602 0.0274739 0.0102395 0.0107109 0.0621361 0.0276763 0.0714765 0.0665899 0.0699187 0.0657272 0.0664856 0.0267646 0.0305366 0.0261356 0.0557268 0.0609880 0.0577996 0.0623973 0.0557972 0.0541179 0.0632626 0.0615075 0.0644343 0.0646895 0.0691776 0.0637881 0.0659253 0.0641084 0.0646050 0.0491674 0.0518028 0.0656223 0.0568566 0.0511275 0.0651205 0.0589005 0.0588294 0.0522042 0.0664753 0.0624234 0.0620746 0.0568081 0.0479191 0.0578108 0.0549780 0.0559529 0.0682088 0.0618403 0.0652675 0.0658515 0.0643928 0.0681012 0.0624821 0.0589970 0.0645209 0.0650108 0.0721032 0.0667996 
Bbai       0.0574987 0.0000000 0.0533465 0.0539161 0.0590038 0.0587536 0.0631766 0.0537210 0.0538527 0.0544849 0.0427469 0.0635081 0.0527160 0.0512915 0.0514155 0.0443415 0.0534322 0.0514080 0.0543056 0.0592518 0.0418077 0.0469538 0.0464602 0.0480341 0.0264935 0.0621763 0.0514028 0.0454784 0.0486240 0.0503080 0.0645261 0.0466402 0.0669294 0.0306770 0.0273628 0.0185172 0.0216030 0.0580853 0.0181176 0.0215503 0.0515389 0.0453883 0.0452828 0.0399498 0.0516211 0.0544194 0.0468659 0.0415517 0.0414364 0.0715549 0.0424590 0.0423692 0.0524633 0.0473162 0.0491821 0.0458140 0.0497641 0.0520197 0.0444601 0.0490283 0.0429327 0.0505514 0.0347819 0.0585280 
Bbon       0.0107252 0.0533465 0.0000000 0.0220784 0.0241768 0.0240387 0.0250780 0.0296265 0.0129270 0.0153802 0.0575765 0.0326977 0.0616606 0.0622135 0.0605740 0.0561181 0.0601554 0.0281613 0.0322240 0.0265036 0.0508021 0.0561382 0.0514455 0.0555444 0.0574603 0.0525072 0.0611812 0.0568946 0.0602402 0.0606460 0.0738907 0.0568287 0.0637145 0.0637409 0.0589553 0.0464959 0.0521989 0.0615881 0.0533933 0.0524957 0.0595128 0.0500438 0.0581046 0.0562550 0.0635687 0.0589270 0.0560102 0.0466007 0.0493797 0.0647076 0.0503008 0.0501788 0.0624365 0.0548746 0.0594186 0.0589044 0.0615695 0.0641923 0.0579392 0.0592421 0.0558477 0.0581807 0.0745170 0.0654368 
Bbor       0.0180487 0.0539161 0.0220784 0.0000000 0.0055715 0.0055478 0.0179509 0.0259651 0.0118789 0.0128230 0.0584219 0.0272000 0.0691354 0.0653562 0.0674112 0.0619288 0.0690039 0.0249086 0.0299455 0.0163934 0.0569940 0.0596660 0.0588670 0.0623257 0.0555486 0.0529382 0.0629340 0.0602961 0.0609701 0.0635133 0.0775503 0.0625705 0.0636886 0.0615194 0.0631717 0.0479894 0.0506123 0.0694597 0.0556819 0.0488798 0.0663647 0.0592163 0.0587744 0.0510568 0.0641760 0.0547792 0.0606910 0.0546892 0.0473122 0.0666230 0.0550703 0.0560467 0.0669414 0.0595282 0.0639390 0.0622436 0.0621941 0.0646076 0.0590094 0.0554153 0.0593612 0.0638292 0.0711057 0.0672018 
Bede66737  0.0200752 0.0590038 0.0241768 0.0055715 0.0000000 0.0017422 0.0190060 0.0266794 0.0132111 0.0131158 0.0636914 0.0284574 0.0736285 0.0689864 0.0710596 0.0671333 0.0699228 0.0265806 0.0322351 0.0175602 0.0611800 0.0636730 0.0616694 0.0659228 0.0593444 0.0534279 0.0658176 0.0641097 0.0657822 0.0670677 0.0807814 0.0662916 0.0660198 0.0666609 0.0671164 0.0512217 0.0537443 0.0714411 0.0597202 0.0529987 0.0687057 0.0607835 0.0626295 0.0553796 0.0687963 0.0637692 0.0647070 0.0585422 0.0514406 0.0663486 0.0577881 0.0587199 0.0705866 0.0643739 0.0678077 0.0671845 0.0669634 0.0692885 0.0639242 0.0606500 0.0647745 0.0673853 0.0731696 0.0709552 
BedeAUS    0.0199890 0.0587536 0.0240387 0.0055478 0.0017422 0.0000000 0.0189285 0.0265634 0.0131544 0.0130607 0.0633355 0.0283339 0.0733266 0.0686258 0.0707536 0.0667553 0.0696427 0.0264723 0.0320965 0.0174660 0.0608380 0.0633912 0.0614034 0.0656550 0.0591045 0.0532114 0.0655333 0.0637735 0.0655070 0.0667957 0.0804282 0.0660126 0.0657513 0.0662939 0.0668171 0.0509927 0.0535042 0.0711539 0.0594602 0.0527737 0.0684213 0.0594234 0.0623018 0.0550667 0.0685170 0.0634955 0.0644216 0.0582959 0.0511311 0.0660510 0.0575514 0.0584803 0.0702105 0.0641046 0.0674352 0.0668937 0.0666837 0.0690002 0.0636542 0.0603827 0.0644727 0.0671112 0.0728710 0.0694580 
Bmus       0.0249602 0.0631766 0.0250780 0.0179509 0.0190060 0.0189285 0.0000000 0.0338574 0.0199810 0.0198795 0.0705653 0.0375347 0.0800965 0.0755133 0.0777894 0.0741397 0.0769442 0.0341623 0.0392651 0.0203946 0.0680118 0.0716005 0.0644168 0.0696754 0.0643593 0.0594714 0.0736112 0.0705682 0.0722007 0.0733176 0.0908438 0.0727626 0.0734487 0.0722976 0.0727937 0.0543202 0.0591826 0.0784287 0.0640513 0.0548068 0.0759372 0.0639900 0.0690468 0.0585206 0.0740343 0.0690849 0.0726340 0.0613945 0.0560087 0.0734003 0.0627715 0.0634388 0.0772710 0.0707543 0.0746470 0.0738533 0.0733958 0.0734442 0.0703667 0.0626007 0.0718969 0.0736613 0.0784670 0.0798444 
Bmys       0.0274739 0.0537210 0.0296265 0.0259651 0.0266794 0.0265634 0.0338574 0.0000000 0.0222431 0.0225717 0.0542379 0.0314565 0.0679952 0.0616751 0.0662632 0.0591316 0.0664793 0.0037194 0.0079407 0.0300738 0.0541779 0.0595490 0.0563674 0.0611279 0.0555561 0.0493042 0.0594761 0.0577105 0.0608850 0.0612461 0.0666391 0.0577004 0.0600517 0.0585573 0.0604133 0.0427847 0.0490769 0.0680611 0.0525553 0.0474399 0.0650818 0.0555442 0.0549334 0.0467569 0.0641159 0.0598571 0.0606525 0.0555133 0.0434485 0.0547757 0.0536997 0.0546907 0.0582290 0.0593652 0.0612491 0.0597286 0.0608451 0.0621282 0.0588927 0.0540154 0.0592410 0.0615559 0.0710723 0.0670633 
Bphy       0.0102395 0.0538527 0.0129270 0.0118789 0.0132111 0.0131544 0.0199810 0.0222431 0.0000000 0.0000010 0.0544001 0.0234132 0.0641313 0.0604130 0.0635077 0.0578009 0.0606080 0.0218543 0.0263196 0.0185513 0.0493719 0.0545880 0.0528299 0.0565431 0.0501317 0.0485320 0.0581643 0.0554398 0.0572048 0.0587992 0.0629485 0.0576902 0.0600089 0.0576279 0.0580709 0.0431014 0.0456709 0.0597324 0.0507365 0.0453321 0.0601973 0.0540822 0.0504855 0.0446601 0.0605116 0.0562346 0.0556667 0.0497807 0.0412344 0.0518140 0.0492962 0.0502698 0.0618653 0.0546844 0.0587939 0.0583190 0.0571681 0.0607955 0.0552435 0.0515492 0.0564606 0.0590920 0.0672123 0.0643601 
Bphy_baits 0.0107109 0.0544849 0.0153802 0.0128230 0.0131158 0.0130607 0.0198795 0.0225717 0.0000010 0.0000000 0.0500686 0.0253674 0.0611569 0.0574525 0.0604118 0.0520435 0.0577653 0.0227602 0.0261136 0.0184605 0.0475939 0.0527614 0.0498108 0.0536119 0.0518259 0.0480076 0.0549312 0.0513562 0.0543338 0.0559863 0.0672164 0.0535672 0.0595811 0.0572309 0.0588645 0.0442554 0.0453717 0.0615419 0.0491115 0.0463339 0.0585190 0.0511701 0.0488187 0.0480427 0.0574048 0.0568027 0.0538269 0.0471255 0.0449664 0.0563836 0.0477979 0.0476926 0.0588149 0.0529532 0.0568807 0.0528341 0.0555211 0.0578651 0.0523863 0.0534193 0.0532771 0.0562630 0.0668803 0.0596023 
Chea       0.0621361 0.0427469 0.0575765 0.0584219 0.0636914 0.0633355 0.0705653 0.0542379 0.0544001 0.0500686 0.0000000 0.0635759 0.0127748 0.0096660 0.0103709 0.0087830 0.0346370 0.0528359 0.0549608 0.0665951 0.0082530 0.0123259 0.0102303 0.0126076 0.0472147 0.0557395 0.0156823 0.0009481 0.0086651 0.0096356 0.0120113 0.0009473 0.0550081 0.0500466 0.0471371 0.0336433 0.0408752 0.0370137 0.0470196 0.0355864 0.0324626 0.0206400 0.0116301 0.0111500 0.0168704 0.0360578 0.0101974 0.0219203 0.0085748 0.0710905 0.0208632 0.0239561 0.0086492 0.0086425 0.0101952 0.0096631 0.0096501 0.0096488 0.0106926 0.0081252 0.0093260 0.0096828 0.0555041 0.0111541 
Cmar       0.0276763 0.0635081 0.0326977 0.0272000 0.0284574 0.0283339 0.0375347 0.0314565 0.0234132 0.0253674 0.0635759 0.0000000 0.0728597 0.0679399 0.0700940 0.0672135 0.0739600 0.0289565 0.0340648 0.0331017 0.0609554 0.0632865 0.0625621 0.0637239 0.0626166 0.0621428 0.0667195 0.0653465 0.0646126 0.0661517 0.0834866 0.0664656 0.0736289 0.0669526 0.0699427 0.0529148 0.0545514 0.0744572 0.0595175 0.0535675 0.0714302 0.0591523 0.0637766 0.0559605 0.0679801 0.0620624 0.0643174 0.0593751 0.0521716 0.0748939 0.0597947 0.0607738 0.0722417 0.0631392 0.0693778 0.0660424 0.0658522 0.0682951 0.0626542 0.0590748 0.0647204 0.0676120 0.0749172 0.0687385 
Dcap108471 0.0714765 0.0527160 0.0616606 0.0691354 0.0736285 0.0733266 0.0800965 0.0679952 0.0641313 0.0611569 0.0127748 0.0728597 0.0000000 0.0036573 0.0046701 0.0058280 0.0391028 0.0665854 0.0707126 0.0751538 0.0139562 0.0195764 0.0152598 0.0172390 0.0542414 0.0683605 0.0192968 0.0121447 0.0045032 0.0107695 0.0257749 0.0140282 0.0571831 0.0558072 0.0546219 0.0421284 0.0469787 0.0423562 0.0546268 0.0457763 0.0402537 0.0284252 0.0168194 0.0179394 0.0183154 0.0419154 0.0184936 0.0294166 0.0170061 0.0859571 0.0279911 0.0309215 0.0085349 0.0165495 0.0178416 0.0113698 0.0072551 0.0090950 0.0082300 0.0066733 0.0069857 0.0089802 0.0631682 0.0112862 
Dcap79929  0.0665899 0.0512915 0.0622135 0.0653562 0.0689864 0.0686258 0.0755133 0.0616751 0.0604130 0.0574525 0.0096660 0.0679399 0.0036573 0.0000000 0.0028627 0.0028857 0.0408939 0.0607691 0.0645632 0.0707499 0.0136625 0.0170477 0.0135356 0.0156254 0.0530076 0.0615120 0.0197563 0.0109752 0.0018405 0.0090899 0.0229166 0.0103390 0.0559985 0.0522025 0.0524454 0.0383848 0.0443481 0.0421316 0.0544415 0.0432542 0.0366886 0.0246125 0.0175389 0.0178897 0.0187289 0.0404695 0.0159521 0.0252478 0.0146822 0.0781075 0.0244864 0.0274312 0.0064715 0.0141072 0.0164759 0.0077273 0.0046363 0.0065102 0.0056110 0.0039035 0.0030767 0.0072763 0.0604984 0.0093701 
Ddel       0.0699187 0.0514155 0.0605740 0.0674112 0.0710596 0.0707536 0.0777894 0.0662632 0.0635077 0.0604118 0.0103709 0.0700940 0.0046701 0.0028627 0.0000000 0.0051267 0.0387898 0.0649412 0.0691403 0.0695222 0.0135620 0.0175605 0.0139269 0.0151081 0.0509978 0.0656792 0.0192531 0.0107086 0.0038000 0.0074563 0.0248254 0.0126700 0.0564324 0.0510479 0.0512884 0.0369673 0.0419389 0.0399113 0.0522801 0.0421194 0.0377094 0.0264092 0.0176983 0.0180852 0.0182210 0.0378031 0.0164293 0.0258352 0.0146504 0.0835533 0.0251299 0.0281556 0.0069214 0.0165065 0.0181519 0.0079759 0.0066988 0.0057125 0.0057373 0.0040174 0.0039471 0.0055643 0.0597453 0.0096671 
Ddeltrop   0.0657272 0.0443415 0.0561181 0.0619288 0.0671333 0.0667553 0.0741397 0.0591316 0.0578009 0.0520435 0.0087830 0.0672135 0.0058280 0.0028857 0.0051267 0.0000000 0.0374340 0.0583826 0.0609473 0.0701314 0.0137056 0.0178945 0.0135670 0.0158140 0.0489966 0.0588889 0.0192056 0.0077976 0.0038695 0.0087888 0.0202426 0.0077905 0.0547483 0.0520455 0.0499718 0.0351217 0.0438748 0.0409280 0.0488007 0.0372306 0.0363602 0.0232840 0.0168620 0.0155371 0.0181309 0.0402024 0.0156745 0.0253148 0.0131621 0.0751382 0.0243246 0.0274949 0.0077894 0.0117419 0.0135207 0.0048593 0.0048484 0.0087988 0.0078484 0.0040907 0.0062105 0.0058404 0.0586479 0.0090459 
Dleu       0.0664856 0.0534322 0.0601554 0.0690039 0.0699228 0.0696427 0.0769442 0.0664793 0.0606080 0.0577653 0.0346370 0.0739600 0.0391028 0.0408939 0.0387898 0.0374340 0.0000000 0.0632127 0.0694680 0.0685890 0.0358051 0.0372202 0.0340541 0.0371326 0.0567776 0.0627916 0.0385840 0.0366283 0.0361954 0.0381354 0.0496963 0.0365122 0.0591951 0.0564238 0.0583296 0.0443714 0.0502211 0.0130689 0.0574552 0.0464407 0.0329182 0.0286030 0.0354691 0.0306026 0.0404864 0.0472480 0.0360038 0.0212322 0.0302694 0.0782099 0.0243886 0.0232923 0.0395119 0.0370635 0.0407046 0.0386329 0.0372253 0.0392697 0.0364685 0.0349624 0.0358977 0.0383095 0.0607608 0.0427307 
Egla       0.0267646 0.0514080 0.0281613 0.0249086 0.0265806 0.0264723 0.0341623 0.0037194 0.0218543 0.0227602 0.0528359 0.0289565 0.0665854 0.0607691 0.0649412 0.0583826 0.0632127 0.0000000 0.0064055 0.0286717 0.0527829 0.0565845 0.0537583 0.0593033 0.0552243 0.0494460 0.0553724 0.0561044 0.0600522 0.0604081 0.0730458 0.0560945 0.0607123 0.0569181 0.0586026 0.0424932 0.0470643 0.0646445 0.0506802 0.0456605 0.0618343 0.0527417 0.0547137 0.0472016 0.0620348 0.0591703 0.0575945 0.0530717 0.0417667 0.0615516 0.0514724 0.0523891 0.0587058 0.0587104 0.0603919 0.0600832 0.0611948 0.0611947 0.0582177 0.0537257 0.0584668 0.0606905 0.0673253 0.0645801 
Ejap       0.0305366 0.0543056 0.0322240 0.0299455 0.0322351 0.0320965 0.0392651 0.0079407 0.0263196 0.0261136 0.0549608 0.0340648 0.0707126 0.0645632 0.0691403 0.0609473 0.0694680 0.0064055 0.0000000 0.0349592 0.0550248 0.0624513 0.0594188 0.0628489 0.0584437 0.0536752 0.0611059 0.0582923 0.0637545 0.0640266 0.0766070 0.0583212 0.0680205 0.0594384 0.0626157 0.0450071 0.0501462 0.0699225 0.0526849 0.0471310 0.0668667 0.0562087 0.0580749 0.0500928 0.0646874 0.0555423 0.0634670 0.0574876 0.0464230 0.0698112 0.0556502 0.0566171 0.0624444 0.0610701 0.0630233 0.0626338 0.0649737 0.0649740 0.0618219 0.0556980 0.0624793 0.0643419 0.0714630 0.0665098 
Erob       0.0261356 0.0592518 0.0265036 0.0163934 0.0175602 0.0174660 0.0203946 0.0300738 0.0185513 0.0184605 0.0665951 0.0331017 0.0751538 0.0707499 0.0695222 0.0701314 0.0685890 0.0286717 0.0349592 0.0000000 0.0641341 0.0656832 0.0634357 0.0680281 0.0646867 0.0578787 0.0693432 0.0668294 0.0678673 0.0692004 0.0858212 0.0667543 0.0684609 0.0687915 0.0682643 0.0511921 0.0549744 0.0688433 0.0615374 0.0529917 0.0684953 0.0611398 0.0667275 0.0567676 0.0723929 0.0667268 0.0654651 0.0587465 0.0513286 0.0729285 0.0579260 0.0589312 0.0709928 0.0650980 0.0667574 0.0691853 0.0691548 0.0716887 0.0641510 0.0597260 0.0638634 0.0695542 0.0801700 0.0782049 
Fatt       0.0557268 0.0418077 0.0508021 0.0569940 0.0611800 0.0608380 0.0680118 0.0541779 0.0493719 0.0475939 0.0082530 0.0609554 0.0139562 0.0136625 0.0135620 0.0137056 0.0358051 0.0527829 0.0550248 0.0641341 0.0000000 0.0063014 0.0060961 0.0086723 0.0451285 0.0499225 0.0167664 0.0087002 0.0120014 0.0115870 0.0188346 0.0079833 0.0549733 0.0461736 0.0448990 0.0351956 0.0415083 0.0349036 0.0493626 0.0392026 0.0313632 0.0206314 0.0116140 0.0125950 0.0178922 0.0374642 0.0052166 0.0215736 0.0021922 0.0679214 0.0198273 0.0229082 0.0139937 0.0079208 0.0091666 0.0146130 0.0130330 0.0140736 0.0100371 0.0127265 0.0123269 0.0126664 0.0587420 0.0146353 
Ggri       0.0609880 0.0469538 0.0561382 0.0596660 0.0636730 0.0633912 0.0716005 0.0595490 0.0545880 0.0527614 0.0123259 0.0632865 0.0195764 0.0170477 0.0175605 0.0178945 0.0372202 0.0565845 0.0624513 0.0656832 0.0063014 0.0000000 0.0094931 0.0104604 0.0442205 0.0571208 0.0175107 0.0108985 0.0143647 0.0153341 0.0219360 0.0118824 0.0573606 0.0496018 0.0487489 0.0356412 0.0393793 0.0375493 0.0523847 0.0407213 0.0374054 0.0269765 0.0149014 0.0145922 0.0226976 0.0331266 0.0084984 0.0256681 0.0051196 0.0726621 0.0246105 0.0276901 0.0183483 0.0113990 0.0136354 0.0159336 0.0153564 0.0173408 0.0124948 0.0151927 0.0138520 0.0154087 0.0568438 0.0166507 
Gmac       0.0577996 0.0464602 0.0514455 0.0588670 0.0616694 0.0614034 0.0644168 0.0563674 0.0528299 0.0498108 0.0102303 0.0625621 0.0152598 0.0135356 0.0139269 0.0135670 0.0340541 0.0537583 0.0594188 0.0634357 0.0060961 0.0094931 0.0000000 0.0045451 0.0439831 0.0568694 0.0131033 0.0095798 0.0104521 0.0129676 0.0211575 0.0105319 0.0509821 0.0480459 0.0472107 0.0344337 0.0416511 0.0321826 0.0494688 0.0372088 0.0319174 0.0217154 0.0124750 0.0113863 0.0160683 0.0287729 0.0084933 0.0215505 0.0040854 0.0715647 0.0198819 0.0228258 0.0138213 0.0094630 0.0111140 0.0138993 0.0114281 0.0133825 0.0105307 0.0100101 0.0116826 0.0111226 0.0568639 0.0127599 
Gmel       0.0623973 0.0480341 0.0555444 0.0623257 0.0659228 0.0656550 0.0696754 0.0611279 0.0565431 0.0536119 0.0126076 0.0637239 0.0172390 0.0156254 0.0151081 0.0158140 0.0371326 0.0593033 0.0628489 0.0680281 0.0086723 0.0104604 0.0045451 0.0000000 0.0466248 0.0611004 0.0159886 0.0118453 0.0126575 0.0150004 0.0209810 0.0127497 0.0545156 0.0518552 0.0489178 0.0366501 0.0435065 0.0363199 0.0520677 0.0402205 0.0341082 0.0245125 0.0146018 0.0147236 0.0189046 0.0355655 0.0113809 0.0242155 0.0071883 0.0732624 0.0225427 0.0253552 0.0159386 0.0117077 0.0124583 0.0160248 0.0135904 0.0154580 0.0127481 0.0123502 0.0130609 0.0132448 0.0589791 0.0140667 
Hamp       0.0557972 0.0264935 0.0574603 0.0555486 0.0593444 0.0591045 0.0643593 0.0555561 0.0501317 0.0518259 0.0472147 0.0626166 0.0542414 0.0530076 0.0509978 0.0489966 0.0567776 0.0552243 0.0584437 0.0646867 0.0451285 0.0442205 0.0439831 0.0466248 0.0000000 0.0569569 0.0498205 0.0485437 0.0490812 0.0497084 0.0609616 0.0473627 0.0631588 0.0247753 0.0197627 0.0164323 0.0174218 0.0559983 0.0171349 0.0194523 0.0529264 0.0450188 0.0472374 0.0417429 0.0490964 0.0495600 0.0452032 0.0445509 0.0374240 0.0670439 0.0432498 0.0441471 0.0541635 0.0457630 0.0488482 0.0487330 0.0501642 0.0523060 0.0451731 0.0460489 0.0440407 0.0499372 0.0287124 0.0528108 
Kbre       0.0541179 0.0621763 0.0525072 0.0529382 0.0534279 0.0532114 0.0594714 0.0493042 0.0485320 0.0480076 0.0557395 0.0621428 0.0683605 0.0615120 0.0656792 0.0588889 0.0627916 0.0494460 0.0536752 0.0578787 0.0499225 0.0571208 0.0568694 0.0611004 0.0569569 0.0000000 0.0619019 0.0568606 0.0605138 0.0621644 0.0752609 0.0612422 0.0772288 0.0598707 0.0630980 0.0522658 0.0548556 0.0641557 0.0581357 0.0539744 0.0603321 0.0492643 0.0532766 0.0466873 0.0615870 0.0648826 0.0581226 0.0525417 0.0437052 0.0363415 0.0522242 0.0531363 0.0614925 0.0569652 0.0587958 0.0616733 0.0616468 0.0638804 0.0586962 0.0565898 0.0589890 0.0624539 0.0699669 0.0658892 
Lalb       0.0632626 0.0514028 0.0611812 0.0629340 0.0658176 0.0655333 0.0736112 0.0594761 0.0581643 0.0549312 0.0156823 0.0667195 0.0192968 0.0197563 0.0192531 0.0192056 0.0385840 0.0553724 0.0611059 0.0693432 0.0167664 0.0175107 0.0131033 0.0159886 0.0498205 0.0619019 0.0000000 0.0156590 0.0164996 0.0189101 0.0292325 0.0156329 0.0560027 0.0522001 0.0511862 0.0381651 0.0456349 0.0387937 0.0535882 0.0419258 0.0365326 0.0241412 0.0165133 0.0135132 0.0121609 0.0334657 0.0184516 0.0259074 0.0125318 0.0790071 0.0240630 0.0270732 0.0201824 0.0194745 0.0218712 0.0192623 0.0175096 0.0195277 0.0186611 0.0142059 0.0162307 0.0170318 0.0585406 0.0207046 
Laus       0.0615075 0.0454784 0.0568946 0.0602961 0.0641097 0.0637735 0.0705682 0.0577105 0.0554398 0.0513562 0.0009481 0.0653465 0.0121447 0.0109752 0.0107086 0.0077976 0.0366283 0.0561044 0.0582923 0.0668294 0.0087002 0.0108985 0.0095798 0.0118453 0.0485437 0.0568606 0.0156590 0.0000000 0.0074458 0.0090565 0.0122254 0.0018408 0.0557711 0.0496262 0.0486252 0.0337133 0.0407312 0.0378276 0.0496049 0.0376242 0.0324014 0.0213430 0.0118503 0.0107722 0.0167760 0.0359507 0.0098502 0.0211896 0.0072260 0.0725327 0.0205243 0.0234256 0.0111660 0.0083692 0.0105215 0.0086864 0.0083953 0.0102989 0.0094151 0.0068598 0.0082791 0.0090981 0.0558748 0.0125147 
Lhos30470  0.0644343 0.0486240 0.0602402 0.0609701 0.0657822 0.0655070 0.0722007 0.0608850 0.0572048 0.0543338 0.0086651 0.0646126 0.0045032 0.0018405 0.0038000 0.0038695 0.0361954 0.0600522 0.0637545 0.0678673 0.0120014 0.0143647 0.0104521 0.0126575 0.0490812 0.0605138 0.0164996 0.0074458 0.0000000 0.0062593 0.0194962 0.0083721 0.0520388 0.0511838 0.0492235 0.0356771 0.0415106 0.0395333 0.0514234 0.0393920 0.0352334 0.0232664 0.0150600 0.0157736 0.0156553 0.0366881 0.0133325 0.0242458 0.0124772 0.0755561 0.0232504 0.0261541 0.0046928 0.0117081 0.0138474 0.0064920 0.0026652 0.0044548 0.0035827 0.0018659 0.0019645 0.0044735 0.0568502 0.0061307 
Lhos452    0.0646895 0.0503080 0.0606460 0.0635133 0.0670677 0.0667957 0.0733176 0.0612461 0.0587992 0.0559863 0.0096356 0.0661517 0.0107695 0.0090899 0.0074563 0.0087888 0.0381354 0.0604081 0.0640266 0.0692004 0.0115870 0.0153341 0.0129676 0.0150004 0.0497084 0.0621644 0.0189101 0.0090565 0.0062593 0.0000000 0.0209041 0.0099570 0.0514182 0.0518176 0.0499167 0.0367208 0.0424037 0.0393016 0.0507868 0.0402965 0.0351269 0.0235263 0.0155390 0.0167731 0.0179666 0.0344990 0.0142968 0.0251980 0.0135287 0.0781511 0.0234909 0.0263124 0.0092701 0.0144773 0.0163727 0.0093194 0.0071690 0.0089933 0.0081374 0.0065951 0.0069479 0.0069883 0.0579001 0.0099560 
Lobl       0.0691776 0.0645261 0.0738907 0.0775503 0.0807814 0.0804282 0.0908438 0.0666391 0.0629485 0.0672164 0.0120113 0.0834866 0.0257749 0.0229166 0.0248254 0.0202426 0.0496963 0.0730458 0.0766070 0.0858212 0.0188346 0.0219360 0.0211575 0.0209810 0.0609616 0.0752609 0.0292325 0.0122254 0.0194962 0.0209041 0.0000000 0.0100927 0.0697053 0.0672609 0.0638816 0.0492884 0.0573353 0.0487490 0.0672020 0.0528071 0.0476948 0.0361164 0.0228014 0.0224998 0.0297461 0.0499815 0.0218202 0.0350739 0.0191491 0.0701234 0.0338643 0.0371016 0.0212237 0.0194578 0.0219085 0.0214178 0.0206644 0.0205663 0.0218144 0.0195536 0.0219922 0.0210083 0.0717539 0.0140401 
Lobs       0.0637881 0.0466402 0.0568287 0.0625705 0.0662916 0.0660126 0.0727626 0.0577004 0.0576902 0.0535672 0.0009473 0.0664656 0.0140282 0.0103390 0.0126700 0.0077905 0.0365122 0.0560945 0.0583212 0.0667543 0.0079833 0.0118824 0.0105319 0.0127497 0.0473627 0.0612422 0.0156329 0.0018408 0.0083721 0.0099570 0.0100927 0.0000000 0.0523086 0.0508313 0.0473067 0.0346330 0.0414285 0.0366061 0.0471923 0.0364513 0.0334130 0.0223772 0.0112721 0.0101141 0.0167494 0.0346146 0.0098329 0.0231775 0.0074856 0.0777197 0.0224476 0.0253648 0.0084528 0.0083510 0.0098656 0.0093352 0.0093231 0.0093219 0.0103277 0.0078352 0.0089874 0.0100027 0.0546166 0.0114168 
Lvex       0.0659253 0.0669294 0.0637145 0.0636886 0.0660198 0.0657513 0.0734487 0.0600517 0.0600089 0.0595811 0.0550081 0.0736289 0.0571831 0.0559985 0.0564324 0.0547483 0.0591951 0.0607123 0.0680205 0.0684609 0.0549733 0.0573606 0.0509821 0.0545156 0.0631588 0.0772288 0.0560027 0.0557711 0.0520388 0.0514182 0.0697053 0.0523086 0.0000000 0.0663126 0.0678473 0.0569747 0.0583194 0.0605737 0.0643687 0.0583612 0.0579107 0.0500605 0.0566631 0.0556785 0.0561003 0.0571028 0.0559752 0.0483949 0.0530392 0.0873127 0.0458132 0.0486221 0.0561396 0.0550428 0.0563108 0.0529902 0.0531483 0.0553407 0.0524508 0.0492137 0.0522202 0.0516577 0.0768688 0.0579202 
Mbow       0.0641084 0.0306770 0.0637409 0.0615194 0.0666609 0.0662939 0.0722976 0.0585573 0.0576279 0.0572309 0.0500466 0.0669526 0.0558072 0.0522025 0.0510479 0.0520455 0.0564238 0.0569181 0.0594384 0.0687915 0.0461736 0.0496018 0.0480459 0.0518552 0.0247753 0.0598707 0.0522001 0.0496262 0.0511838 0.0518176 0.0672609 0.0508313 0.0663126 0.0000000 0.0134683 0.0197327 0.0153974 0.0577573 0.0191669 0.0152651 0.0425224 0.0433152 0.0485530 0.0449387 0.0512286 0.0560485 0.0508032 0.0464076 0.0403247 0.0744786 0.0449017 0.0458970 0.0535225 0.0498629 0.0514916 0.0524126 0.0523906 0.0547770 0.0502884 0.0479018 0.0476206 0.0520810 0.0354626 0.0607976 
Mcar       0.0646050 0.0273628 0.0589553 0.0631717 0.0671164 0.0668171 0.0727937 0.0604133 0.0580709 0.0588645 0.0471371 0.0699427 0.0546219 0.0524454 0.0512884 0.0499718 0.0583296 0.0586026 0.0626157 0.0682643 0.0448990 0.0487489 0.0472107 0.0489178 0.0197627 0.0630980 0.0511862 0.0486252 0.0492235 0.0499167 0.0638816 0.0473067 0.0678473 0.0134683 0.0000000 0.0172674 0.0150510 0.0584639 0.0170797 0.0174967 0.0417593 0.0437207 0.0461545 0.0423013 0.0493715 0.0559811 0.0486505 0.0442811 0.0401160 0.0753120 0.0430142 0.0440168 0.0549234 0.0467484 0.0486978 0.0476664 0.0504315 0.0515052 0.0481547 0.0458333 0.0451689 0.0476604 0.0345813 0.0560315 
Meur       0.0491674 0.0185172 0.0464959 0.0479894 0.0512217 0.0509927 0.0543202 0.0427847 0.0431014 0.0442554 0.0336433 0.0529148 0.0421284 0.0383848 0.0369673 0.0351217 0.0443714 0.0424932 0.0450071 0.0511921 0.0351956 0.0356412 0.0344337 0.0366501 0.0164323 0.0522658 0.0381651 0.0337133 0.0356771 0.0367208 0.0492884 0.0346330 0.0569747 0.0197327 0.0172674 0.0000000 0.0070109 0.0478158 0.0135192 0.0095283 0.0433686 0.0330889 0.0348062 0.0324732 0.0369036 0.0447799 0.0331987 0.0320704 0.0322744 0.0618364 0.0322345 0.0343644 0.0385143 0.0333235 0.0357478 0.0345408 0.0368110 0.0390638 0.0313974 0.0359797 0.0310427 0.0369052 0.0254343 0.0428589 
Mgin       0.0518028 0.0216030 0.0521989 0.0506123 0.0537443 0.0535042 0.0591826 0.0490769 0.0456709 0.0453717 0.0408752 0.0545514 0.0469787 0.0443481 0.0419389 0.0438748 0.0502211 0.0470643 0.0501462 0.0549744 0.0415083 0.0393793 0.0416511 0.0435065 0.0174218 0.0548556 0.0456349 0.0407312 0.0415106 0.0424037 0.0573353 0.0414285 0.0583194 0.0153974 0.0150510 0.0070109 0.0000000 0.0492125 0.0167480 0.0059294 0.0459523 0.0357842 0.0406611 0.0342103 0.0438925 0.0475746 0.0393266 0.0380423 0.0341196 0.0678626 0.0368316 0.0378171 0.0444988 0.0390869 0.0419699 0.0426895 0.0426716 0.0449750 0.0371635 0.0378552 0.0360320 0.0426178 0.0264122 0.0495879 
Mmon       0.0656223 0.0580853 0.0615881 0.0694597 0.0714411 0.0711539 0.0784287 0.0680611 0.0597324 0.0615419 0.0370137 0.0744572 0.0423562 0.0421316 0.0399113 0.0409280 0.0130689 0.0646445 0.0699225 0.0688433 0.0349036 0.0375493 0.0321826 0.0363199 0.0559983 0.0641557 0.0387937 0.0378276 0.0395333 0.0393016 0.0487490 0.0366061 0.0605737 0.0577573 0.0584639 0.0478158 0.0492125 0.0000000 0.0589289 0.0499423 0.0350944 0.0287161 0.0366542 0.0363512 0.0416801 0.0496619 0.0363210 0.0252233 0.0329060 0.0799672 0.0254417 0.0243304 0.0407201 0.0383845 0.0398461 0.0409773 0.0405820 0.0426618 0.0398353 0.0406595 0.0382403 0.0394818 0.0668424 0.0405237 
Mper       0.0568566 0.0181176 0.0533933 0.0556819 0.0597202 0.0594602 0.0640513 0.0525553 0.0507365 0.0491115 0.0470196 0.0595175 0.0546268 0.0544415 0.0522801 0.0488007 0.0574552 0.0506802 0.0526849 0.0615374 0.0493626 0.0523847 0.0494688 0.0520677 0.0171349 0.0581357 0.0535882 0.0496049 0.0514234 0.0507868 0.0672020 0.0471923 0.0643687 0.0191669 0.0170797 0.0135192 0.0167480 0.0589289 0.0000000 0.0158887 0.0533998 0.0432232 0.0505713 0.0434230 0.0525252 0.0552815 0.0509202 0.0453816 0.0426934 0.0726298 0.0439406 0.0449158 0.0546044 0.0512593 0.0550697 0.0510308 0.0526103 0.0538267 0.0494970 0.0468972 0.0460246 0.0523004 0.0249559 0.0596046 
Mste       0.0511275 0.0215503 0.0524957 0.0488798 0.0529987 0.0527737 0.0548068 0.0474399 0.0453321 0.0463339 0.0355864 0.0535675 0.0457763 0.0432542 0.0421194 0.0372306 0.0464407 0.0456605 0.0471310 0.0529917 0.0392026 0.0407213 0.0372088 0.0402205 0.0194523 0.0539744 0.0419258 0.0376242 0.0393920 0.0402965 0.0528071 0.0364513 0.0583612 0.0152651 0.0174967 0.0095283 0.0059294 0.0499423 0.0158887 0.0000000 0.0444634 0.0348089 0.0374626 0.0352959 0.0415297 0.0470498 0.0394551 0.0348891 0.0353338 0.0619699 0.0348470 0.0347741 0.0442263 0.0381648 0.0408291 0.0364088 0.0404893 0.0426657 0.0374898 0.0397129 0.0344204 0.0404904 0.0261276 0.0467301 
Naasi      0.0651205 0.0515389 0.0595128 0.0663647 0.0687057 0.0684213 0.0759372 0.0650818 0.0601973 0.0585190 0.0324626 0.0714302 0.0402537 0.0366886 0.0377094 0.0363602 0.0329182 0.0618343 0.0668667 0.0684953 0.0313632 0.0374054 0.0319174 0.0341082 0.0529264 0.0603321 0.0365326 0.0324014 0.0352334 0.0351269 0.0476948 0.0334130 0.0579107 0.0425224 0.0417593 0.0433686 0.0459523 0.0350944 0.0533998 0.0444634 0.0000000 0.0087742 0.0323299 0.0327430 0.0354340 0.0363334 0.0361471 0.0111620 0.0314021 0.0797851 0.0099056 0.0107684 0.0363995 0.0361435 0.0351948 0.0377588 0.0362905 0.0383899 0.0355068 0.0361435 0.0347800 0.0352914 0.0615293 0.0405186 
Npho       0.0589005 0.0453883 0.0500438 0.0592163 0.0607835 0.0594234 0.0639900 0.0555442 0.0540822 0.0511701 0.0206400 0.0591523 0.0284252 0.0246125 0.0264092 0.0232840 0.0286030 0.0527417 0.0562087 0.0611398 0.0206314 0.0269765 0.0217154 0.0245125 0.0450188 0.0492643 0.0241412 0.0213430 0.0232664 0.0235263 0.0361164 0.0223772 0.0500605 0.0433152 0.0437207 0.0330889 0.0357842 0.0287161 0.0432232 0.0348089 0.0087742 0.0000000 0.0212364 0.0196697 0.0236742 0.0376608 0.0246292 0.0048540 0.0198566 0.0691181 0.0037545 0.0046899 0.0251458 0.0242332 0.0225135 0.0264449 0.0243340 0.0264749 0.0245047 0.0246307 0.0225791 0.0246581 0.0468679 0.0271911 
Obre       0.0588294 0.0452828 0.0581046 0.0587744 0.0626295 0.0623018 0.0690468 0.0549334 0.0504855 0.0488187 0.0116301 0.0637766 0.0168194 0.0175389 0.0176983 0.0168620 0.0354691 0.0547137 0.0580749 0.0667275 0.0116140 0.0149014 0.0124750 0.0146018 0.0472374 0.0532766 0.0165133 0.0118503 0.0150600 0.0155390 0.0228014 0.0112721 0.0566631 0.0485530 0.0461545 0.0348062 0.0406611 0.0366542 0.0505713 0.0374626 0.0323299 0.0212364 0.0000000 0.0057579 0.0175758 0.0370577 0.0138379 0.0231045 0.0103363 0.0695741 0.0214140 0.0243132 0.0178918 0.0140496 0.0153906 0.0156325 0.0160365 0.0179885 0.0132110 0.0159118 0.0135726 0.0156111 0.0555749 0.0189470 
Ohei       0.0522042 0.0399498 0.0562550 0.0510568 0.0553796 0.0550667 0.0585206 0.0467569 0.0446601 0.0480427 0.0111500 0.0559605 0.0179394 0.0178897 0.0180852 0.0155371 0.0306026 0.0472016 0.0500928 0.0567676 0.0125950 0.0145922 0.0113863 0.0147236 0.0417429 0.0466873 0.0135132 0.0107722 0.0157736 0.0167731 0.0224998 0.0101141 0.0556785 0.0449387 0.0423013 0.0324732 0.0342103 0.0363512 0.0434230 0.0352959 0.0327430 0.0196697 0.0057579 0.0000000 0.0158008 0.0366415 0.0134784 0.0200264 0.0092871 0.0572128 0.0199934 0.0220692 0.0191910 0.0127006 0.0134803 0.0142750 0.0167979 0.0188450 0.0138399 0.0159004 0.0142902 0.0168566 0.0487834 0.0206984 
Oorc       0.0664753 0.0516211 0.0635687 0.0641760 0.0687963 0.0685170 0.0740343 0.0641159 0.0605116 0.0574048 0.0168704 0.0679801 0.0183154 0.0187289 0.0182210 0.0181309 0.0404864 0.0620348 0.0646874 0.0723929 0.0178922 0.0226976 0.0160683 0.0189046 0.0490964 0.0615870 0.0121609 0.0167760 0.0156553 0.0179666 0.0297461 0.0167494 0.0561003 0.0512286 0.0493715 0.0369036 0.0438925 0.0416801 0.0525252 0.0415297 0.0354340 0.0236742 0.0175758 0.0158008 0.0000000 0.0412294 0.0195438 0.0274072 0.0158378 0.0802044 0.0256082 0.0284713 0.0191114 0.0203978 0.0227335 0.0182354 0.0166119 0.0175831 0.0157694 0.0124315 0.0153043 0.0161812 0.0594811 0.0194555 
Pbla       0.0624234 0.0544194 0.0589270 0.0547792 0.0637692 0.0634955 0.0690849 0.0598571 0.0562346 0.0568027 0.0360578 0.0620624 0.0419154 0.0404695 0.0378031 0.0402024 0.0472480 0.0591703 0.0555423 0.0667268 0.0374642 0.0331266 0.0287729 0.0355655 0.0495600 0.0648826 0.0334657 0.0359507 0.0366881 0.0344990 0.0499815 0.0346146 0.0571028 0.0560485 0.0559811 0.0447799 0.0475746 0.0496619 0.0552815 0.0470498 0.0363334 0.0376608 0.0370577 0.0366415 0.0412294 0.0000000 0.0330194 0.0376658 0.0278389 0.0767724 0.0353768 0.0363252 0.0413869 0.0365848 0.0386830 0.0391665 0.0377909 0.0387999 0.0379069 0.0354059 0.0368879 0.0367097 0.0664563 0.0436812 
Pcra       0.0620746 0.0468659 0.0560102 0.0606910 0.0647070 0.0644216 0.0726340 0.0606525 0.0556667 0.0538269 0.0101974 0.0643174 0.0184936 0.0159521 0.0164293 0.0156745 0.0360038 0.0575945 0.0634670 0.0654651 0.0052166 0.0084984 0.0084933 0.0113809 0.0452032 0.0581226 0.0184516 0.0098502 0.0133325 0.0142968 0.0218202 0.0098329 0.0559752 0.0508032 0.0486505 0.0331987 0.0393266 0.0363210 0.0509202 0.0394551 0.0361471 0.0246292 0.0138379 0.0134784 0.0195438 0.0330194 0.0000000 0.0245354 0.0061366 0.0751269 0.0234870 0.0265447 0.0172276 0.0084662 0.0103769 0.0159037 0.0143167 0.0162868 0.0114770 0.0140969 0.0138246 0.0143652 0.0555397 0.0165605 
Pdio       0.0568081 0.0415517 0.0466007 0.0546892 0.0585422 0.0582959 0.0613945 0.0555133 0.0497807 0.0471255 0.0219203 0.0593751 0.0294166 0.0252478 0.0258352 0.0253148 0.0212322 0.0530717 0.0574876 0.0587465 0.0215736 0.0256681 0.0215505 0.0242155 0.0445509 0.0525417 0.0259074 0.0211896 0.0242458 0.0251980 0.0350739 0.0231775 0.0483949 0.0464076 0.0442811 0.0320704 0.0380423 0.0252233 0.0453816 0.0348891 0.0111620 0.0048540 0.0231045 0.0200264 0.0274072 0.0376658 0.0245354 0.0000000 0.0180150 0.0646115 0.0026701 0.0000010 0.0266347 0.0251354 0.0233284 0.0272240 0.0252314 0.0271958 0.0244248 0.0235261 0.0236464 0.0253158 0.0521925 0.0289984 
Pele       0.0479191 0.0414364 0.0493797 0.0473122 0.0514406 0.0511311 0.0560087 0.0434485 0.0412344 0.0449664 0.0085748 0.0521716 0.0170061 0.0146822 0.0146504 0.0131621 0.0302694 0.0417667 0.0464230 0.0513286 0.0021922 0.0051196 0.0040854 0.0071883 0.0374240 0.0437052 0.0125318 0.0072260 0.0124772 0.0135287 0.0191491 0.0074856 0.0530392 0.0403247 0.0401160 0.0322744 0.0341196 0.0329060 0.0426934 0.0353338 0.0314021 0.0198566 0.0103363 0.0092871 0.0158378 0.0278389 0.0061366 0.0180150 0.0000000 0.0544488 0.0179841 0.0201741 0.0160019 0.0051076 0.0065330 0.0118657 0.0135501 0.0156981 0.0104264 0.0125833 0.0116818 0.0135999 0.0496231 0.0159019 
Pcat       0.0578108 0.0715549 0.0647076 0.0666230 0.0663486 0.0660510 0.0734003 0.0547757 0.0518140 0.0563836 0.0710905 0.0748939 0.0859571 0.0781075 0.0835533 0.0751382 0.0782099 0.0615516 0.0698112 0.0729285 0.0679214 0.0726621 0.0715647 0.0732624 0.0670439 0.0363415 0.0790071 0.0725327 0.0755561 0.0781511 0.0701234 0.0777197 0.0873127 0.0744786 0.0753120 0.0618364 0.0678626 0.0799672 0.0726298 0.0619699 0.0797851 0.0691181 0.0695741 0.0572128 0.0802044 0.0767724 0.0751269 0.0646115 0.0544488 0.0000000 0.0649321 0.0681413 0.0801560 0.0726995 0.0773148 0.0775642 0.0773129 0.0795471 0.0735146 0.0671228 0.0755641 0.0786401 0.0823812 0.0709423 
Ppho       0.0549780 0.0424590 0.0503008 0.0550703 0.0577881 0.0575514 0.0627715 0.0536997 0.0492962 0.0477979 0.0208632 0.0597947 0.0279911 0.0244864 0.0251299 0.0243246 0.0243886 0.0514724 0.0556502 0.0579260 0.0198273 0.0246105 0.0198819 0.0225427 0.0432498 0.0522242 0.0240630 0.0205243 0.0232504 0.0234909 0.0338643 0.0224476 0.0458132 0.0449017 0.0430142 0.0322345 0.0368316 0.0254417 0.0439406 0.0348470 0.0099056 0.0037545 0.0214140 0.0199934 0.0256082 0.0353768 0.0234870 0.0026701 0.0179841 0.0649321 0.0000000 0.0025871 0.0249891 0.0241392 0.0225609 0.0261780 0.0242315 0.0261870 0.0234215 0.0234886 0.0226385 0.0235970 0.0489451 0.0269040 
Psin       0.0559529 0.0423692 0.0501788 0.0560467 0.0587199 0.0584803 0.0634388 0.0546907 0.0502698 0.0476926 0.0239561 0.0607738 0.0309215 0.0274312 0.0281556 0.0274949 0.0232923 0.0523891 0.0566171 0.0589312 0.0229082 0.0276901 0.0228258 0.0253552 0.0441471 0.0531363 0.0270732 0.0234256 0.0261541 0.0263124 0.0371016 0.0253648 0.0486221 0.0458970 0.0440168 0.0343644 0.0378171 0.0243304 0.0449158 0.0347741 0.0107684 0.0046899 0.0243132 0.0220692 0.0284713 0.0363252 0.0265447 0.0000010 0.0201741 0.0681413 0.0025871 0.0000000 0.0279967 0.0270408 0.0245931 0.0292173 0.0271450 0.0291178 0.0263475 0.0255301 0.0258511 0.0264314 0.0519971 0.0301514 
Satt18473  0.0682088 0.0524633 0.0624365 0.0669414 0.0705866 0.0702105 0.0772710 0.0582290 0.0618653 0.0588149 0.0086492 0.0722417 0.0085349 0.0064715 0.0069214 0.0077894 0.0395119 0.0587058 0.0624444 0.0709928 0.0139937 0.0183483 0.0138213 0.0159386 0.0541635 0.0614925 0.0201824 0.0111660 0.0046928 0.0092701 0.0212237 0.0084528 0.0561396 0.0535225 0.0549234 0.0385143 0.0444988 0.0407201 0.0546044 0.0442263 0.0363995 0.0251458 0.0178918 0.0191910 0.0191114 0.0413869 0.0172276 0.0266347 0.0160019 0.0801560 0.0249891 0.0279967 0.0000000 0.0172608 0.0188820 0.0067204 0.0075628 0.0056434 0.0066470 0.0049579 0.0040946 0.0074206 0.0625812 0.0084941 
Sbre116871 0.0618403 0.0473162 0.0548746 0.0595282 0.0643739 0.0641046 0.0707543 0.0593652 0.0546844 0.0529532 0.0086425 0.0631392 0.0165495 0.0141072 0.0165065 0.0117419 0.0370635 0.0587104 0.0610701 0.0650980 0.0079208 0.0113990 0.0094630 0.0117077 0.0457630 0.0569652 0.0194745 0.0083692 0.0117081 0.0144773 0.0194578 0.0083510 0.0550428 0.0498629 0.0467484 0.0333235 0.0390869 0.0383845 0.0512593 0.0381648 0.0361435 0.0242332 0.0140496 0.0127006 0.0203978 0.0365848 0.0084662 0.0251354 0.0051076 0.0726995 0.0241392 0.0270408 0.0172608 0.0000000 0.0009591 0.0140614 0.0126354 0.0163664 0.0127280 0.0123442 0.0140437 0.0145434 0.0555514 0.0166271 
Sbre18437  0.0652675 0.0491821 0.0594186 0.0639390 0.0678077 0.0674352 0.0746470 0.0612491 0.0587939 0.0568807 0.0101952 0.0693778 0.0178416 0.0164759 0.0181519 0.0135207 0.0407046 0.0603919 0.0630233 0.0667574 0.0091666 0.0136354 0.0111140 0.0124583 0.0488482 0.0587958 0.0218712 0.0105215 0.0138474 0.0163727 0.0219085 0.0098656 0.0563108 0.0514916 0.0486978 0.0357478 0.0419699 0.0398461 0.0550697 0.0408291 0.0351948 0.0225135 0.0153906 0.0134803 0.0227335 0.0386830 0.0103769 0.0233284 0.0065330 0.0773148 0.0225609 0.0245931 0.0188820 0.0009591 0.0000000 0.0165383 0.0148717 0.0179176 0.0149093 0.0136129 0.0161664 0.0164527 0.0600988 0.0189856 
Schi       0.0658515 0.0458140 0.0589044 0.0622436 0.0671845 0.0668937 0.0738533 0.0597286 0.0583190 0.0528341 0.0096631 0.0660424 0.0113698 0.0077273 0.0079759 0.0048593 0.0386329 0.0600832 0.0626338 0.0691853 0.0146130 0.0159336 0.0138993 0.0160248 0.0487330 0.0616733 0.0192623 0.0086864 0.0064920 0.0093194 0.0214178 0.0093352 0.0529902 0.0524126 0.0476664 0.0345408 0.0426895 0.0409773 0.0510308 0.0364088 0.0377588 0.0264449 0.0156325 0.0142750 0.0182354 0.0391665 0.0159037 0.0272240 0.0118657 0.0775642 0.0261780 0.0292173 0.0067204 0.0140614 0.0165383 0.0000000 0.0074360 0.0093294 0.0065206 0.0048697 0.0039570 0.0074602 0.0567716 0.0085519 
Scly1726   0.0643928 0.0497641 0.0615695 0.0621941 0.0669634 0.0666837 0.0733958 0.0608451 0.0571681 0.0555211 0.0096501 0.0658522 0.0072551 0.0046363 0.0066988 0.0048484 0.0372253 0.0611948 0.0649737 0.0691548 0.0130330 0.0153564 0.0114281 0.0135904 0.0501642 0.0616468 0.0175096 0.0083953 0.0026652 0.0071690 0.0206644 0.0093231 0.0531483 0.0523906 0.0504315 0.0368110 0.0426716 0.0405820 0.0526103 0.0404893 0.0362905 0.0243340 0.0160365 0.0167979 0.0166119 0.0377909 0.0143167 0.0252314 0.0135501 0.0773129 0.0242315 0.0271450 0.0075628 0.0126354 0.0148717 0.0074360 0.0000000 0.0071765 0.0063130 0.0046984 0.0049488 0.0035736 0.0579633 0.0061270 
Scoe       0.0681012 0.0520197 0.0641923 0.0646076 0.0692885 0.0690002 0.0734442 0.0621282 0.0607955 0.0578651 0.0096488 0.0682951 0.0090950 0.0065102 0.0057125 0.0087988 0.0392697 0.0611947 0.0649740 0.0716887 0.0140736 0.0173408 0.0133825 0.0154580 0.0523060 0.0638804 0.0195277 0.0102989 0.0044548 0.0089933 0.0205663 0.0093219 0.0553407 0.0547770 0.0515052 0.0390638 0.0449750 0.0426618 0.0538267 0.0426657 0.0383899 0.0264749 0.0179885 0.0188450 0.0175831 0.0387999 0.0162868 0.0271958 0.0156981 0.0795471 0.0261870 0.0291178 0.0056434 0.0163664 0.0179176 0.0093294 0.0071765 0.0000000 0.0063061 0.0046930 0.0039381 0.0071990 0.0601597 0.0071724 
Sflu       0.0624821 0.0444601 0.0579392 0.0590094 0.0639242 0.0636542 0.0703667 0.0588927 0.0552435 0.0523863 0.0106926 0.0626542 0.0082300 0.0056110 0.0057373 0.0078484 0.0364685 0.0582177 0.0618219 0.0641510 0.0100371 0.0124948 0.0105307 0.0127481 0.0451731 0.0586962 0.0186611 0.0094151 0.0035827 0.0081374 0.0218144 0.0103277 0.0524508 0.0502884 0.0481547 0.0313974 0.0371635 0.0398353 0.0494970 0.0374898 0.0355068 0.0245047 0.0132110 0.0138399 0.0157694 0.0379069 0.0114770 0.0244248 0.0104264 0.0735146 0.0234215 0.0263475 0.0066470 0.0127280 0.0149093 0.0065206 0.0063130 0.0063061 0.0000000 0.0037754 0.0019630 0.0063329 0.0528937 0.0093266 
Sfro7782   0.0589970 0.0490283 0.0592421 0.0554153 0.0606500 0.0603827 0.0626007 0.0540154 0.0515492 0.0534193 0.0081252 0.0590748 0.0066733 0.0039035 0.0040174 0.0040907 0.0349624 0.0537257 0.0556980 0.0597260 0.0127265 0.0151927 0.0100101 0.0123502 0.0460489 0.0565898 0.0142059 0.0068598 0.0018659 0.0065951 0.0195536 0.0078352 0.0492137 0.0479018 0.0458333 0.0359797 0.0378552 0.0406595 0.0468972 0.0397129 0.0361435 0.0246307 0.0159118 0.0159004 0.0124315 0.0354059 0.0140969 0.0235261 0.0125833 0.0671228 0.0234886 0.0255301 0.0049579 0.0123442 0.0136129 0.0048697 0.0046984 0.0046930 0.0037754 0.0000000 0.0020810 0.0047138 0.0530079 0.0076061 
Sfro7784   0.0645209 0.0429327 0.0558477 0.0593612 0.0647745 0.0644727 0.0718969 0.0592410 0.0564606 0.0532771 0.0093260 0.0647204 0.0069857 0.0030767 0.0039471 0.0062105 0.0358977 0.0584668 0.0624793 0.0638634 0.0123269 0.0138520 0.0116826 0.0130609 0.0440407 0.0589890 0.0162307 0.0082791 0.0019645 0.0069479 0.0219922 0.0089874 0.0522202 0.0476206 0.0451689 0.0310427 0.0360320 0.0382403 0.0460246 0.0344204 0.0347800 0.0225791 0.0135726 0.0142902 0.0153043 0.0368879 0.0138246 0.0236464 0.0116818 0.0755641 0.0226385 0.0258511 0.0040946 0.0140437 0.0161664 0.0039570 0.0049488 0.0039381 0.0019630 0.0020810 0.0000000 0.0029562 0.0536891 0.0069172 
