77
Bacu       0.0000000 0.0795535 0.0182730 0.0230713 0.0275085 0.0287083 0.0223318 0.0441783 0.0158384 0.0177224 0.0844397 0.0396775 0.0890050 0.0862599 0.0899106 0.0912300 0.0780864 0.0344872 0.0388243 0.0414796 0.0266688 0.1017730 0.0908375 0.0985489 0.0950891 0.0738103 0.0899095 0.0817559 0.0788148 0.0848194 0.0912635 0.0855916 0.0884895 0.0890946 0.0866482 0.0851714 0.0902448 0.0963928 0.0750138 0.0860453 0.0847142 0.0716046 0.0989812 0.0879527 0.0810113 0.0823470 0.0817342 0.1071670 0.0856961 0.0838268 0.0892487 0.0885518 0.0845183 0.0796677 0.0949004 0.0821307 0.0931901 0.0848835 0.0967286 0.0930786 0.0837443 0.0873016 0.0905805 0.0905748 0.0932645 0.0929814 0.0895795 0.0932845 0.0932884 0.0921925 0.0922650 0.0890826 0.0883693 0.0824970 0.0731659 0.0910789 0.0917143 
Bbai       0.0795535 0.0000000 0.0783981 0.0773216 0.0789166 0.0810196 0.0760523 0.0838225 0.0748631 0.0738100 0.0751895 0.0755843 0.0790733 0.0773246 0.0827115 0.0812163 0.0693116 0.0778883 0.0779974 0.0820948 0.0825334 0.0890069 0.0836026 0.0846364 0.0832410 0.0306231 0.0766346 0.0781886 0.0747617 0.0721429 0.0816812 0.0754251 0.0779309 0.0813810 0.0762816 0.0807867 0.0774779 0.0838572 0.0264507 0.0407329 0.0380922 0.0397101 0.0552482 0.0268058 0.0741501 0.0366417 0.0377585 0.0551310 0.0764252 0.0758992 0.0757329 0.0762080 0.0731493 0.0792832 0.0821605 0.0765596 0.0832511 0.0808843 0.0859221 0.0911349 0.0743733 0.0739366 0.0799617 0.0818196 0.0836824 0.0826578 0.0793893 0.0850395 0.0828570 0.0872644 0.0823422 0.0794242 0.0793545 0.0711292 0.0324077 0.0781918 0.0431363 
Bbon       0.0182730 0.0783981 0.0000000 0.0222707 0.0261073 0.0286846 0.0230170 0.0463752 0.0177498 0.0224783 0.0700449 0.0395185 0.0808239 0.0793072 0.0812329 0.0835525 0.0698306 0.0392278 0.0397538 0.0434327 0.0268655 0.0903644 0.0830502 0.0913289 0.0861540 0.0711599 0.0791902 0.0872974 0.0749082 0.0708397 0.0823380 0.0736315 0.0768482 0.0792799 0.0780215 0.0799312 0.0787866 0.0921536 0.0641976 0.0893132 0.0891438 0.0701396 0.1008331 0.0786469 0.0743752 0.0820480 0.0832108 0.1128887 0.0801043 0.0784091 0.0771301 0.0796901 0.0776430 0.0798677 0.0804059 0.0764287 0.0820096 0.0878379 0.0800091 0.0880003 0.0787310 0.0764700 0.0835956 0.0800051 0.0814997 0.0852002 0.0782901 0.0832097 0.0831696 0.0813338 0.0832278 0.0828793 0.0788189 0.0765107 0.0807166 0.0802676 0.0943788 
Bbor       0.0230713 0.0773216 0.0222707 0.0000000 0.0097561 0.0140578 0.0206121 0.0483017 0.0123977 0.0151331 0.0801998 0.0393363 0.0848234 0.0834299 0.0865477 0.0866613 0.0700906 0.0387810 0.0384410 0.0406007 0.0247089 0.0947159 0.0862821 0.0931680 0.0908058 0.0720052 0.0874399 0.0805693 0.0767961 0.0789739 0.0823548 0.0816195 0.0849478 0.0846008 0.0834571 0.0824487 0.0868129 0.0907209 0.0767687 0.0873940 0.0882833 0.0729670 0.1018519 0.0857767 0.0750099 0.0843507 0.0836971 0.1103006 0.0785608 0.0802548 0.0839800 0.0851669 0.0791386 0.0758792 0.0888551 0.0754401 0.0844823 0.0823142 0.0969565 0.0909211 0.0773848 0.0853117 0.0866090 0.0867069 0.0888747 0.0900938 0.0819837 0.0892420 0.0842446 0.0875573 0.0891406 0.0830001 0.0809598 0.0825744 0.0695666 0.0825510 0.0924800 
Bede66737  0.0275085 0.0789166 0.0261073 0.0097561 0.0000000 0.0044161 0.0258642 0.0533980 0.0170946 0.0194215 0.0771021 0.0443057 0.0842072 0.0799471 0.0837172 0.0847828 0.0734904 0.0433066 0.0440663 0.0498997 0.0267406 0.0922503 0.0878717 0.0922204 0.0888941 0.0681937 0.0820327 0.0846167 0.0752928 0.0784324 0.0829467 0.0776929 0.0829869 0.0825783 0.0817778 0.0817219 0.0837770 0.0894673 0.0700667 0.0779115 0.0816548 0.0670081 0.0975160 0.0833162 0.0765115 0.0752316 0.0752280 0.1023817 0.0759639 0.0750905 0.0809812 0.0842187 0.0767887 0.0711649 0.0864359 0.0730580 0.0859240 0.0817354 0.0908683 0.0866744 0.0757404 0.0807254 0.0867471 0.0853250 0.0871245 0.0890567 0.0792640 0.0874979 0.0859707 0.0854901 0.0873189 0.0833395 0.0826746 0.0776075 0.0636459 0.0807952 0.0904017 
BedeAUS    0.0287083 0.0810196 0.0286846 0.0140578 0.0044161 0.0000000 0.0287369 0.0564429 0.0211106 0.0232918 0.0781420 0.0455122 0.0858058 0.0845030 0.0881532 0.0882264 0.0751687 0.0439346 0.0478095 0.0520439 0.0320370 0.0945744 0.0882587 0.0960002 0.0908321 0.0704343 0.0865043 0.0842032 0.0791926 0.0801053 0.0869939 0.0800122 0.0829118 0.0841713 0.0842315 0.0844181 0.0852159 0.0974076 0.0677321 0.0838740 0.0806849 0.0737339 0.1019978 0.0879014 0.0795644 0.0794561 0.0798704 0.1078107 0.0808470 0.0803606 0.0838003 0.0859797 0.0817645 0.0788550 0.0895413 0.0782579 0.0890944 0.0882389 0.0982611 0.0845571 0.0805931 0.0802703 0.0899303 0.0875862 0.0901731 0.0921447 0.0829052 0.0894088 0.0891470 0.0888045 0.0884350 0.0855417 0.0829972 0.0818412 0.0684154 0.0811228 0.0954423 
Bmus       0.0223318 0.0760523 0.0230170 0.0206121 0.0258642 0.0287369 0.0000000 0.0450638 0.0143275 0.0168613 0.0814654 0.0423233 0.0873770 0.0855416 0.0848980 0.0897808 0.0782491 0.0321974 0.0354654 0.0367926 0.0191013 0.0964795 0.0871857 0.0949779 0.0935340 0.0741400 0.0894878 0.0837670 0.0785079 0.0803017 0.0864976 0.0838051 0.0877140 0.0883803 0.0868815 0.0847010 0.0861000 0.0948186 0.0765296 0.0877120 0.0861725 0.0758718 0.1033393 0.0859463 0.0828962 0.0835704 0.0818389 0.1075525 0.0841382 0.0821448 0.0856149 0.0868844 0.0829614 0.0801538 0.0918063 0.0772126 0.0882803 0.0840703 0.1016515 0.0932745 0.0821871 0.0805471 0.0890719 0.0879552 0.0925625 0.0922173 0.0848980 0.0916301 0.0872597 0.0904237 0.0895007 0.0875623 0.0844205 0.0813514 0.0712054 0.0895245 0.0968067 
Bmys       0.0441783 0.0838225 0.0463752 0.0483017 0.0533980 0.0564429 0.0450638 0.0000000 0.0410858 0.0419127 0.0820046 0.0505698 0.0877954 0.0840719 0.0854374 0.0895208 0.0765229 0.0104623 0.0155658 0.0175356 0.0483506 0.0983393 0.0880427 0.0944437 0.0908334 0.0846393 0.0872344 0.0771196 0.0768750 0.0770358 0.0882028 0.0821272 0.0863022 0.0875503 0.0823453 0.0883012 0.0819412 0.0926082 0.0779356 0.0999087 0.0957708 0.0877360 0.1066340 0.0983808 0.0797983 0.0923963 0.0942764 0.1173964 0.0828627 0.0808740 0.0848974 0.0872018 0.0818445 0.0843589 0.0887099 0.0814406 0.0891276 0.0842280 0.0965846 0.0822024 0.0806919 0.0771293 0.0900004 0.0857219 0.0912830 0.0890421 0.0864418 0.0885652 0.0891721 0.0937844 0.0908585 0.0880342 0.0842185 0.0910039 0.0842741 0.0882824 0.0968404 
Bphy       0.0158384 0.0748631 0.0177498 0.0123977 0.0170946 0.0211106 0.0143275 0.0410858 0.0000000 0.0016915 0.0770214 0.0349325 0.0787330 0.0779368 0.0795345 0.0815068 0.0692280 0.0331507 0.0334147 0.0345813 0.0204374 0.0897595 0.0792535 0.0881319 0.0852589 0.0651996 0.0829703 0.0767471 0.0706506 0.0777418 0.0784351 0.0762897 0.0792722 0.0809707 0.0786111 0.0770958 0.0806098 0.0860193 0.0686831 0.0780332 0.0735562 0.0689486 0.0937614 0.0834201 0.0738597 0.0769858 0.0753155 0.1000544 0.0750875 0.0732024 0.0795718 0.0788266 0.0729391 0.0723904 0.0844397 0.0698187 0.0799254 0.0768707 0.0881184 0.0845489 0.0731442 0.0771951 0.0811792 0.0813380 0.0830143 0.0831520 0.0808827 0.0844249 0.0800805 0.0828297 0.0843492 0.0789240 0.0769602 0.0781540 0.0663135 0.0812660 0.0867024 
Bphy_baits 0.0177224 0.0738100 0.0224783 0.0151331 0.0194215 0.0232918 0.0168613 0.0419127 0.0016915 0.0000000 0.0723209 0.0388890 0.0776090 0.0774350 0.0761406 0.0791423 0.0696609 0.0345983 0.0351971 0.0367847 0.0184721 0.0848613 0.0786186 0.0847994 0.0835423 0.0628714 0.0782727 0.0731300 0.0723374 0.0776659 0.0739339 0.0719424 0.0765841 0.0791719 0.0761461 0.0766789 0.0778439 0.0871133 0.0653582 0.0798177 0.0713032 0.0720652 0.0956858 0.0851909 0.0739048 0.0727574 0.0723081 0.1024676 0.0721696 0.0685274 0.0770947 0.0798368 0.0698488 0.0778592 0.0822411 0.0682839 0.0773258 0.0758693 0.0889933 0.0755257 0.0710900 0.0748363 0.0799333 0.0800943 0.0832583 0.0818441 0.0793636 0.0789679 0.0773678 0.0810904 0.0807275 0.0781978 0.0736270 0.0810826 0.0671764 0.0781522 0.0868287 
Chea       0.0844397 0.0751895 0.0700449 0.0801998 0.0771021 0.0781420 0.0814654 0.0820046 0.0770214 0.0723209 0.0000000 0.0683776 0.0123443 0.0091697 0.0119031 0.0135801 0.0286391 0.0723247 0.0828922 0.0874299 0.0835155 0.0215603 0.0170092 0.0184076 0.0163464 0.0760894 0.0548046 0.0934400 0.0813235 0.0194509 0.0183147 0.0017801 0.0105643 0.0144350 0.0044601 0.0069011 0.0059028 0.0726017 0.0667411 0.0867670 0.0741545 0.0735769 0.0929770 0.0839685 0.0324954 0.0835744 0.0873715 0.1124999 0.0314846 0.0310094 0.0140615 0.0123596 0.0228999 0.0560164 0.0171305 0.0325079 0.0148382 0.0898474 0.1035516 0.0370051 0.0314815 0.0258219 0.0135033 0.0155236 0.0166765 0.0165928 0.0135574 0.0174748 0.0158717 0.0142689 0.0113108 0.0142823 0.0134273 0.0073911 0.0713943 0.0126074 0.0812486 
Cmar       0.0396775 0.0755843 0.0395185 0.0393363 0.0443057 0.0455122 0.0423233 0.0505698 0.0349325 0.0388890 0.0683776 0.0000000 0.0784755 0.0785147 0.0775842 0.0805461 0.0702258 0.0422997 0.0429922 0.0483760 0.0448689 0.0869326 0.0788519 0.0886492 0.0844957 0.0726424 0.0825809 0.0716809 0.0718339 0.0689936 0.0783886 0.0721455 0.0765377 0.0751576 0.0756946 0.0783057 0.0737921 0.0866677 0.0675582 0.0891236 0.0824724 0.0773685 0.0949550 0.0830326 0.0742330 0.0813257 0.0766206 0.1054116 0.0753386 0.0668844 0.0754010 0.0795977 0.0734381 0.0753231 0.0808614 0.0688824 0.0788663 0.0754011 0.0956423 0.0753265 0.0732990 0.0685984 0.0805154 0.0764338 0.0799481 0.0826752 0.0737384 0.0803824 0.0789531 0.0794198 0.0812916 0.0786541 0.0752722 0.0751077 0.0771239 0.0793978 0.0882278 
Dcap108471 0.0890050 0.0790733 0.0808239 0.0848234 0.0842072 0.0858058 0.0873770 0.0877954 0.0787330 0.0776090 0.0123443 0.0784755 0.0000000 0.0034402 0.0034725 0.0038654 0.0367253 0.0758933 0.0860328 0.0904151 0.0853777 0.0179823 0.0130686 0.0149147 0.0147916 0.0785532 0.0513824 0.0949106 0.0906323 0.0226516 0.0202979 0.0126884 0.0060438 0.0099637 0.0139994 0.0147506 0.0140423 0.0736777 0.0722487 0.0895183 0.0768830 0.0781747 0.0957170 0.0891974 0.0409879 0.0864882 0.0887697 0.1118562 0.0360656 0.0353525 0.0145087 0.0129244 0.0220010 0.0569181 0.0155268 0.0371201 0.0116599 0.0936365 0.1074114 0.0416092 0.0351291 0.0294071 0.0063213 0.0138215 0.0163664 0.0113850 0.0092290 0.0088086 0.0107567 0.0069978 0.0044173 0.0086041 0.0072452 0.0044444 0.0755729 0.0084710 0.0904383 
Dcap79929  0.0862599 0.0773246 0.0793072 0.0834299 0.0799471 0.0845030 0.0855416 0.0840719 0.0779368 0.0774350 0.0091697 0.0785147 0.0034402 0.0000000 0.0028574 0.0025919 0.0356743 0.0675335 0.0822655 0.0866803 0.0820136 0.0146246 0.0108396 0.0130246 0.0121428 0.0764337 0.0518157 0.0926444 0.0851915 0.0243941 0.0193552 0.0096925 0.0038415 0.0066260 0.0112436 0.0129059 0.0117838 0.0742209 0.0774974 0.0860870 0.0798400 0.0770613 0.0959808 0.0862726 0.0404322 0.0820256 0.0844328 0.1127056 0.0349210 0.0339484 0.0134817 0.0117681 0.0219799 0.0555463 0.0127847 0.0360824 0.0088431 0.0908480 0.1057209 0.0390922 0.0348451 0.0304699 0.0043431 0.0118467 0.0141905 0.0095534 0.0075404 0.0058000 0.0088486 0.0057905 0.0039063 0.0061032 0.0038903 0.0046200 0.0745966 0.0060035 0.0899334 
Ddel       0.0899106 0.0827115 0.0812329 0.0865477 0.0837172 0.0881532 0.0848980 0.0854374 0.0795345 0.0761406 0.0119031 0.0775842 0.0034725 0.0028574 0.0000000 0.0034453 0.0356521 0.0771288 0.0861298 0.0902315 0.0876454 0.0177929 0.0140163 0.0141555 0.0129908 0.0779594 0.0579974 0.0945853 0.0875833 0.0238252 0.0203461 0.0122827 0.0048395 0.0104597 0.0129887 0.0153048 0.0125584 0.0754850 0.0761661 0.0931350 0.0762633 0.0791878 0.0975146 0.0848469 0.0404061 0.0875116 0.0894345 0.1164165 0.0358361 0.0357157 0.0155378 0.0117936 0.0210088 0.0624609 0.0147104 0.0358444 0.0112880 0.0894673 0.1002641 0.0417717 0.0347908 0.0285556 0.0044448 0.0131414 0.0148074 0.0107472 0.0107894 0.0114855 0.0107954 0.0070417 0.0045500 0.0088428 0.0075464 0.0037388 0.0751732 0.0085820 0.0920031 
Ddeltrop   0.0912300 0.0812163 0.0835525 0.0866613 0.0847828 0.0882264 0.0897808 0.0895208 0.0815068 0.0791423 0.0135801 0.0805461 0.0038654 0.0025919 0.0034453 0.0000000 0.0370597 0.0799466 0.0877332 0.0921104 0.0848432 0.0173016 0.0124519 0.0143728 0.0135296 0.0792259 0.0546690 0.0941896 0.0912663 0.0255413 0.0203801 0.0139923 0.0075110 0.0112286 0.0142832 0.0155747 0.0144045 0.0736807 0.0711052 0.0900093 0.0801717 0.0807136 0.0948077 0.0898074 0.0411822 0.0869443 0.0896713 0.1101822 0.0364231 0.0357715 0.0139662 0.0129989 0.0235780 0.0576744 0.0149279 0.0388262 0.0103373 0.0957802 0.1090201 0.0407533 0.0355163 0.0291902 0.0055048 0.0133452 0.0155949 0.0122795 0.0113464 0.0109315 0.0121001 0.0078507 0.0058961 0.0093702 0.0095974 0.0066756 0.0773939 0.0089354 0.0899272 
Dleu       0.0780864 0.0693116 0.0698306 0.0700906 0.0734904 0.0751687 0.0782491 0.0765229 0.0692280 0.0696609 0.0286391 0.0702258 0.0367253 0.0356743 0.0356521 0.0370597 0.0000000 0.0708774 0.0748003 0.0808007 0.0718117 0.0399289 0.0350372 0.0417182 0.0399919 0.0680707 0.0543985 0.0811248 0.0814815 0.0286281 0.0350633 0.0291365 0.0333410 0.0328704 0.0342867 0.0344102 0.0318938 0.0638511 0.0656798 0.0798112 0.0745477 0.0740908 0.0802336 0.0696986 0.0065580 0.0711576 0.0782011 0.0959512 0.0271048 0.0264714 0.0332927 0.0363465 0.0302656 0.0476528 0.0357221 0.0273455 0.0333707 0.0832657 0.0903389 0.0323528 0.0255039 0.0240249 0.0393726 0.0350337 0.0395618 0.0419831 0.0339268 0.0337628 0.0353030 0.0370691 0.0341547 0.0371382 0.0339062 0.0335647 0.0646051 0.0366420 0.0789664 
Eaus       0.0344872 0.0778883 0.0392278 0.0387810 0.0433066 0.0439346 0.0321974 0.0104623 0.0331507 0.0345983 0.0723247 0.0422997 0.0758933 0.0675335 0.0771288 0.0799466 0.0708774 0.0000000 0.0031918 0.0033416 0.0372759 0.0912122 0.0843596 0.0855011 0.0819289 0.0728093 0.0816614 0.0740928 0.0695440 0.0693148 0.0865061 0.0722093 0.0776382 0.0793836 0.0763697 0.0760325 0.0770931 0.0880032 0.0674591 0.0885150 0.0819151 0.0685670 0.1074296 0.0739318 0.0735545 0.0843605 0.0851326 0.1176193 0.0773450 0.0744583 0.0789461 0.0745158 0.0757891 0.0863288 0.0830330 0.0766661 0.0843624 0.0855235 0.0857035 0.0743492 0.0757919 0.0669895 0.0828076 0.0777935 0.0786413 0.0778116 0.0784505 0.0804382 0.0809583 0.0782349 0.0802751 0.0798530 0.0796679 0.0736324 0.0767231 0.0787863 0.0926105 
Egla       0.0388243 0.0779974 0.0397538 0.0384410 0.0440663 0.0478095 0.0354654 0.0155658 0.0334147 0.0351971 0.0828922 0.0429922 0.0860328 0.0822655 0.0861298 0.0877332 0.0748003 0.0031918 0.0000000 0.0025743 0.0386813 0.0970554 0.0885132 0.0930768 0.0898425 0.0780078 0.0872782 0.0812948 0.0758383 0.0772148 0.0877849 0.0829743 0.0856232 0.0891785 0.0846760 0.0860474 0.0850555 0.0865553 0.0771205 0.0927578 0.0897217 0.0754667 0.1064509 0.0931556 0.0796792 0.0894190 0.0900874 0.1110293 0.0828859 0.0811451 0.0858255 0.0830600 0.0804995 0.0847768 0.0926452 0.0812639 0.0895420 0.0844564 0.1062095 0.0891045 0.0808265 0.0824554 0.0881021 0.0880144 0.0914853 0.0872121 0.0879657 0.0911155 0.0897528 0.0909709 0.0921269 0.0862527 0.0850864 0.0825714 0.0809973 0.0874627 0.0944489 
Ejap       0.0414796 0.0820948 0.0434327 0.0406007 0.0498997 0.0520439 0.0367926 0.0175356 0.0345813 0.0367847 0.0874299 0.0483760 0.0904151 0.0866803 0.0902315 0.0921104 0.0808007 0.0033416 0.0025743 0.0000000 0.0404056 0.1036676 0.0914603 0.0951339 0.0944789 0.0804543 0.0917815 0.0858227 0.0799970 0.0813264 0.0907190 0.0873401 0.0895563 0.0933852 0.0886757 0.0904962 0.0881541 0.0941668 0.0814169 0.0988475 0.0938373 0.0804827 0.1153282 0.0916418 0.0851837 0.0956372 0.0956697 0.1202363 0.0909043 0.0895691 0.0902175 0.0875043 0.0860621 0.0926799 0.0949111 0.0904319 0.0927168 0.0896539 0.1069935 0.0951908 0.0885694 0.0855722 0.0916524 0.0907090 0.0949949 0.0919195 0.0925922 0.0954353 0.0909811 0.0959803 0.0953638 0.0906748 0.0878744 0.0853299 0.0859141 0.0917948 0.1032694 
Erob       0.0266688 0.0825334 0.0268655 0.0247089 0.0267406 0.0320370 0.0191013 0.0483506 0.0204374 0.0184721 0.0835155 0.0448689 0.0853777 0.0820136 0.0876454 0.0848432 0.0718117 0.0372759 0.0386813 0.0404056 0.0000000 0.0936014 0.0891717 0.0865303 0.0915901 0.0797613 0.0771809 0.0992461 0.0872482 0.0811497 0.0787616 0.0833017 0.0835874 0.0859846 0.0849381 0.0865408 0.0883451 0.0857920 0.0791451 0.0899711 0.0832699 0.0792728 0.1170799 0.0911866 0.0782450 0.0871574 0.0900134 0.1206684 0.0787003 0.0766790 0.0862851 0.0850459 0.0798125 0.0692255 0.0924549 0.0715470 0.0878292 0.0881377 0.0769351 0.0861218 0.0772826 0.0813949 0.0890938 0.0869024 0.0916648 0.0793955 0.0839459 0.0754626 0.0879407 0.0783646 0.0889401 0.0773335 0.0839972 0.0736368 0.0769814 0.0859021 0.0949445 
Fatt       0.1017730 0.0890069 0.0903644 0.0947159 0.0922503 0.0945744 0.0964795 0.0983393 0.0897595 0.0848613 0.0215603 0.0869326 0.0179823 0.0146246 0.0177929 0.0173016 0.0399289 0.0912122 0.0970554 0.1036676 0.0936014 0.0000000 0.0169764 0.0101473 0.0088406 0.0871922 0.0655143 0.0998617 0.0951851 0.0359494 0.0255717 0.0214812 0.0143360 0.0168829 0.0217195 0.0260698 0.0239789 0.0806157 0.0826234 0.1019016 0.0849230 0.0822438 0.1005076 0.0971520 0.0438567 0.0949959 0.1037856 0.1256753 0.0429236 0.0433730 0.0177649 0.0161164 0.0283124 0.0690026 0.0141819 0.0432658 0.0064429 0.0989907 0.1161540 0.0494382 0.0419669 0.0431451 0.0194365 0.0172653 0.0203151 0.0212125 0.0177890 0.0206147 0.0176770 0.0216776 0.0175727 0.0161713 0.0161997 0.0172774 0.0781240 0.0161136 0.0996790 
Ggri       0.0908375 0.0836026 0.0830502 0.0862821 0.0878717 0.0882587 0.0871857 0.0880427 0.0792535 0.0786186 0.0170092 0.0788519 0.0130686 0.0108396 0.0140163 0.0124519 0.0350372 0.0843596 0.0885132 0.0914603 0.0891717 0.0169764 0.0000000 0.0122344 0.0115616 0.0785704 0.0622580 0.0941174 0.0902066 0.0279605 0.0201957 0.0173166 0.0099417 0.0129953 0.0183507 0.0203697 0.0197800 0.0750632 0.0776704 0.0942753 0.0782143 0.0800327 0.0986739 0.0923611 0.0386646 0.0908216 0.0974229 0.1161062 0.0351113 0.0349746 0.0164040 0.0148818 0.0227229 0.0610447 0.0112482 0.0391969 0.0097498 0.0956093 0.1115561 0.0443718 0.0359656 0.0360360 0.0131993 0.0168269 0.0185518 0.0165100 0.0137829 0.0154241 0.0161289 0.0158876 0.0123809 0.0121618 0.0113576 0.0137467 0.0793908 0.0123799 0.0975956 
Gmac       0.0985489 0.0846364 0.0913289 0.0931680 0.0922204 0.0960002 0.0949779 0.0944437 0.0881319 0.0847994 0.0184076 0.0886492 0.0149147 0.0130246 0.0141555 0.0143728 0.0417182 0.0855011 0.0930768 0.0951339 0.0865303 0.0101473 0.0122344 0.0000000 0.0007736 0.0827365 0.0620942 0.0982491 0.0982020 0.0298489 0.0220867 0.0184762 0.0132084 0.0148244 0.0198922 0.0222724 0.0192378 0.0828513 0.0827303 0.1005417 0.0861695 0.0879500 0.1003219 0.0872142 0.0461162 0.0914776 0.0971192 0.1176824 0.0392607 0.0369775 0.0146026 0.0153253 0.0248082 0.0660092 0.0115093 0.0436172 0.0026828 0.1033559 0.1134103 0.0447838 0.0392568 0.0354770 0.0160587 0.0132012 0.0174463 0.0181688 0.0144754 0.0159412 0.0122770 0.0176455 0.0130084 0.0132839 0.0119364 0.0146769 0.0808197 0.0141653 0.1010411 
Gmel       0.0950891 0.0832410 0.0861540 0.0908058 0.0888941 0.0908321 0.0935340 0.0908334 0.0852589 0.0835423 0.0163464 0.0844957 0.0147916 0.0121428 0.0129908 0.0135296 0.0399919 0.0819289 0.0898425 0.0944789 0.0915901 0.0088406 0.0115616 0.0007736 0.0000000 0.0822600 0.0606138 0.0963830 0.0962514 0.0277395 0.0219310 0.0165011 0.0116219 0.0138432 0.0187295 0.0200148 0.0179222 0.0792145 0.0776050 0.0964249 0.0843080 0.0832144 0.0960783 0.0901366 0.0441155 0.0882197 0.0949459 0.1124399 0.0384579 0.0362453 0.0129754 0.0136707 0.0249052 0.0627633 0.0111786 0.0417631 0.0033504 0.1004356 0.1167200 0.0433948 0.0384543 0.0344296 0.0143336 0.0131817 0.0171424 0.0171098 0.0128687 0.0151865 0.0128058 0.0167716 0.0118900 0.0133293 0.0112487 0.0135109 0.0785458 0.0133455 0.0974195 
Hamp       0.0738103 0.0306231 0.0711599 0.0720052 0.0681937 0.0704343 0.0741400 0.0846393 0.0651996 0.0628714 0.0760894 0.0726424 0.0785532 0.0764337 0.0779594 0.0792259 0.0680707 0.0728093 0.0780078 0.0804543 0.0797613 0.0871922 0.0785704 0.0827365 0.0822600 0.0000000 0.0700900 0.0807261 0.0772839 0.0725928 0.0755678 0.0752507 0.0744882 0.0793625 0.0753147 0.0779817 0.0738825 0.0882373 0.0203246 0.0345255 0.0299311 0.0339408 0.0290273 0.0325637 0.0710725 0.0260890 0.0250513 0.0266127 0.0734387 0.0746792 0.0745166 0.0776067 0.0713576 0.0705883 0.0781938 0.0736158 0.0782466 0.0801360 0.0978620 0.0882886 0.0713467 0.0711618 0.0772262 0.0800027 0.0827768 0.0817997 0.0783689 0.0791837 0.0769520 0.0850905 0.0795169 0.0768403 0.0771858 0.0687893 0.0312859 0.0743840 0.0453230 
Igeo       0.0899095 0.0766346 0.0791902 0.0874399 0.0820327 0.0865043 0.0894878 0.0872344 0.0829703 0.0782727 0.0548046 0.0825809 0.0513824 0.0518157 0.0579974 0.0546690 0.0543985 0.0816614 0.0872782 0.0917815 0.0771809 0.0655143 0.0622580 0.0620942 0.0606138 0.0700900 0.0000000 0.0996505 0.0868681 0.0550095 0.0571843 0.0547785 0.0524267 0.0572497 0.0554216 0.0520022 0.0570054 0.0665236 0.0730407 0.0853365 0.0831472 0.0784423 0.1043423 0.0850410 0.0572937 0.0854312 0.0853942 0.1152720 0.0545891 0.0568419 0.0530697 0.0545687 0.0513807 0.0441304 0.0616678 0.0550191 0.0594303 0.0962575 0.1049872 0.0689498 0.0555221 0.0541444 0.0534384 0.0584424 0.0541832 0.0552039 0.0570413 0.0539679 0.0583831 0.0513141 0.0577542 0.0524325 0.0556595 0.0573858 0.0711995 0.0555637 0.0872109 
Kbre       0.0817559 0.0781886 0.0872974 0.0805693 0.0846167 0.0842032 0.0837670 0.0771196 0.0767471 0.0731300 0.0934400 0.0716809 0.0949106 0.0926444 0.0945853 0.0941896 0.0811248 0.0740928 0.0812948 0.0858227 0.0992461 0.0998617 0.0941174 0.0982491 0.0963830 0.0807261 0.0996505 0.0000000 0.0280048 0.0939458 0.0934598 0.0906018 0.0908352 0.0939010 0.0917964 0.0923530 0.0903741 0.1025273 0.0827002 0.0956018 0.0860539 0.0818416 0.1085500 0.0875327 0.0854703 0.0883100 0.0917300 0.1145755 0.0896508 0.0934603 0.0936310 0.0932236 0.0883168 0.0873662 0.0930990 0.0916352 0.0907201 0.0518495 0.0571101 0.0796568 0.0874304 0.0943558 0.0971614 0.0939569 0.1008434 0.0985956 0.0972234 0.0979576 0.0925397 0.1036465 0.0950786 0.0951724 0.0892588 0.0886320 0.0852541 0.0929254 0.1063308 
Ksim       0.0788148 0.0747617 0.0749082 0.0767961 0.0752928 0.0791926 0.0785079 0.0768750 0.0706506 0.0723374 0.0813235 0.0718339 0.0906323 0.0851915 0.0875833 0.0912663 0.0814815 0.0695440 0.0758383 0.0799970 0.0872482 0.0951851 0.0902066 0.0982020 0.0962514 0.0772839 0.0868681 0.0280048 0.0000000 0.0816162 0.0886124 0.0800870 0.0874130 0.0910612 0.0877081 0.0828710 0.0855752 0.0964982 0.0793183 0.0890031 0.0843929 0.0829579 0.1085934 0.0848632 0.0872539 0.0810788 0.0831242 0.1174473 0.0832446 0.0858252 0.0910204 0.0894087 0.0865477 0.0780553 0.0918132 0.0765942 0.0893305 0.0480398 0.0666430 0.0893166 0.0797510 0.0843870 0.0939392 0.0957237 0.0979174 0.0912099 0.0897048 0.0961339 0.0891441 0.0942636 0.0918314 0.0930018 0.0847927 0.0857899 0.0749354 0.0911496 0.0958019 
Lacu       0.0848194 0.0721429 0.0708397 0.0789739 0.0784324 0.0801053 0.0803017 0.0770358 0.0777418 0.0776659 0.0194509 0.0689936 0.0226516 0.0243941 0.0238252 0.0255413 0.0286281 0.0693148 0.0772148 0.0813264 0.0811497 0.0359494 0.0279605 0.0298489 0.0277395 0.0725928 0.0550095 0.0939458 0.0816162 0.0000000 0.0240056 0.0205189 0.0232923 0.0241848 0.0213077 0.0244143 0.0221434 0.0559500 0.0677423 0.0840228 0.0745602 0.0721053 0.0931513 0.0813450 0.0361617 0.0791264 0.0826129 0.1072167 0.0245185 0.0245343 0.0265755 0.0247829 0.0171798 0.0556739 0.0306520 0.0277578 0.0272016 0.0874126 0.1042841 0.0346862 0.0266040 0.0273141 0.0258132 0.0234808 0.0279181 0.0283069 0.0234280 0.0281906 0.0249690 0.0215496 0.0243381 0.0259650 0.0225378 0.0227490 0.0679293 0.0265109 0.0869102 
Lalb       0.0912635 0.0816812 0.0823380 0.0823548 0.0829467 0.0869939 0.0864976 0.0882028 0.0784351 0.0739339 0.0183147 0.0783886 0.0202979 0.0193552 0.0203461 0.0203801 0.0350633 0.0865061 0.0877849 0.0907190 0.0787616 0.0255717 0.0201957 0.0220867 0.0219310 0.0755678 0.0571843 0.0934598 0.0886124 0.0240056 0.0000000 0.0183873 0.0190576 0.0222594 0.0175675 0.0210983 0.0195957 0.0733160 0.0744509 0.0922130 0.0728705 0.0817272 0.0940448 0.0912405 0.0386941 0.0848641 0.0909412 0.1121508 0.0351316 0.0349646 0.0213536 0.0201017 0.0209924 0.0616341 0.0223222 0.0380441 0.0193244 0.0918405 0.1065716 0.0440175 0.0351282 0.0375562 0.0199049 0.0220720 0.0246637 0.0242465 0.0203199 0.0237413 0.0202415 0.0250230 0.0196527 0.0159504 0.0177921 0.0224631 0.0752096 0.0184132 0.0925227 
Laus       0.0855916 0.0754251 0.0736315 0.0816195 0.0776929 0.0800122 0.0838051 0.0821272 0.0762897 0.0719424 0.0017801 0.0721455 0.0126884 0.0096925 0.0122827 0.0139923 0.0291365 0.0722093 0.0829743 0.0873401 0.0833017 0.0214812 0.0173166 0.0184762 0.0165011 0.0752507 0.0547785 0.0906018 0.0800870 0.0205189 0.0183873 0.0000000 0.0109942 0.0148412 0.0059789 0.0075958 0.0065624 0.0712577 0.0665788 0.0865492 0.0734927 0.0729828 0.0924784 0.0827887 0.0328220 0.0825633 0.0860074 0.1112458 0.0328123 0.0324609 0.0143241 0.0127033 0.0245139 0.0570414 0.0172634 0.0324518 0.0150776 0.0864666 0.1006634 0.0382445 0.0328091 0.0243817 0.0139442 0.0157153 0.0168363 0.0176841 0.0143076 0.0177733 0.0160625 0.0142451 0.0118199 0.0146899 0.0137247 0.0073764 0.0718488 0.0129231 0.0817550 
Lhos30470  0.0884895 0.0779309 0.0768482 0.0849478 0.0829869 0.0829118 0.0877140 0.0863022 0.0792722 0.0765841 0.0105643 0.0765377 0.0060438 0.0038415 0.0048395 0.0075110 0.0333410 0.0776382 0.0856232 0.0895563 0.0835874 0.0143360 0.0099417 0.0132084 0.0116219 0.0744882 0.0524267 0.0908352 0.0874130 0.0232923 0.0190576 0.0109942 0.0000000 0.0054949 0.0133079 0.0140311 0.0132553 0.0747711 0.0659826 0.0875864 0.0743422 0.0742377 0.0908040 0.0842950 0.0369274 0.0831659 0.0880214 0.1104386 0.0316391 0.0302163 0.0116406 0.0113574 0.0193318 0.0559696 0.0115938 0.0337527 0.0077130 0.0913402 0.1055401 0.0412905 0.0324928 0.0273420 0.0069582 0.0104504 0.0139807 0.0089538 0.0062209 0.0072475 0.0087010 0.0076292 0.0046278 0.0061031 0.0045865 0.0044701 0.0715465 0.0057467 0.0875346 
Lhos452    0.0890946 0.0813810 0.0792799 0.0846008 0.0825783 0.0841713 0.0883803 0.0875503 0.0809707 0.0791719 0.0144350 0.0751576 0.0099637 0.0066260 0.0104597 0.0112286 0.0328704 0.0793836 0.0891785 0.0933852 0.0859846 0.0168829 0.0129953 0.0148244 0.0138432 0.0793625 0.0572497 0.0939010 0.0910612 0.0241848 0.0222594 0.0148412 0.0054949 0.0000000 0.0156121 0.0165388 0.0173425 0.0743256 0.0727702 0.0894639 0.0762918 0.0758935 0.0947272 0.0871848 0.0375885 0.0836033 0.0893309 0.1128935 0.0347868 0.0345867 0.0156017 0.0122303 0.0218997 0.0600240 0.0150634 0.0373045 0.0103288 0.0938453 0.1054327 0.0418121 0.0356766 0.0331697 0.0099349 0.0122240 0.0152070 0.0118015 0.0071629 0.0087732 0.0112732 0.0106079 0.0083209 0.0071826 0.0046129 0.0036599 0.0752738 0.0068422 0.0897204 
Lobl       0.0866482 0.0762816 0.0780215 0.0834571 0.0817778 0.0842315 0.0868815 0.0823453 0.0786111 0.0761461 0.0044601 0.0756946 0.0139994 0.0112436 0.0129887 0.0142832 0.0342867 0.0763697 0.0846760 0.0886757 0.0849381 0.0217195 0.0183507 0.0198922 0.0187295 0.0753147 0.0554216 0.0917964 0.0877081 0.0213077 0.0175675 0.0059789 0.0133079 0.0156121 0.0000000 0.0059623 0.0079304 0.0727628 0.0696895 0.0897938 0.0741660 0.0776878 0.0902972 0.0841806 0.0383382 0.0827519 0.0860431 0.1067802 0.0327664 0.0317698 0.0154204 0.0152602 0.0256309 0.0555583 0.0156481 0.0331532 0.0145610 0.0919001 0.1045953 0.0382959 0.0327637 0.0303732 0.0143212 0.0171113 0.0188524 0.0162856 0.0161513 0.0186429 0.0154499 0.0149842 0.0136143 0.0149205 0.0138813 0.0100889 0.0761795 0.0141048 0.0873590 
Lobs       0.0851714 0.0807867 0.0799312 0.0824487 0.0817219 0.0844181 0.0847010 0.0883012 0.0770958 0.0766789 0.0069011 0.0783057 0.0147506 0.0129059 0.0153048 0.0155747 0.0344102 0.0760325 0.0860474 0.0904962 0.0865408 0.0260698 0.0203697 0.0222724 0.0200148 0.0779817 0.0520022 0.0923530 0.0828710 0.0244143 0.0210983 0.0075958 0.0140311 0.0165388 0.0059623 0.0000000 0.0093895 0.0803736 0.0761273 0.0878461 0.0784488 0.0812270 0.0992412 0.0916706 0.0391062 0.0860614 0.0900338 0.1145100 0.0336003 0.0324907 0.0170958 0.0160415 0.0253126 0.0579047 0.0200476 0.0347532 0.0177376 0.0913265 0.1062902 0.0411002 0.0335970 0.0318102 0.0149054 0.0162683 0.0180515 0.0186175 0.0179136 0.0175582 0.0177456 0.0155996 0.0144787 0.0156111 0.0158661 0.0117693 0.0770052 0.0146352 0.0902701 
Lper       0.0902448 0.0774779 0.0787866 0.0868129 0.0837770 0.0852159 0.0861000 0.0819412 0.0806098 0.0778439 0.0059028 0.0737921 0.0140423 0.0117838 0.0125584 0.0144045 0.0318938 0.0770931 0.0850555 0.0881541 0.0883451 0.0239789 0.0197800 0.0192378 0.0179222 0.0738825 0.0570054 0.0903741 0.0855752 0.0221434 0.0195957 0.0065624 0.0132553 0.0173425 0.0079304 0.0093895 0.0000000 0.0680078 0.0693265 0.0882220 0.0765784 0.0750115 0.0966258 0.0736760 0.0357128 0.0850018 0.0891645 0.1118348 0.0300306 0.0292841 0.0166458 0.0149499 0.0233556 0.0564635 0.0186702 0.0305448 0.0171685 0.0879797 0.0951316 0.0391726 0.0300278 0.0274980 0.0163438 0.0179197 0.0200977 0.0189055 0.0167271 0.0198665 0.0174189 0.0185547 0.0129233 0.0170837 0.0156319 0.0127103 0.0705753 0.0160045 0.0891436 
Lvex       0.0963928 0.0838572 0.0921536 0.0907209 0.0894673 0.0974076 0.0948186 0.0926082 0.0860193 0.0871133 0.0726017 0.0866677 0.0736777 0.0742209 0.0754850 0.0736807 0.0638511 0.0880032 0.0865553 0.0941668 0.0857920 0.0806157 0.0750632 0.0828513 0.0792145 0.0882373 0.0665236 0.1025273 0.0964982 0.0559500 0.0733160 0.0712577 0.0747711 0.0743256 0.0727628 0.0803736 0.0680078 0.0000000 0.0814469 0.1020349 0.1026713 0.0944477 0.1030684 0.0885164 0.0683560 0.0921315 0.0986004 0.1143564 0.0691866 0.0657644 0.0637871 0.0774070 0.0665103 0.0607293 0.0723982 0.0730167 0.0722486 0.1043510 0.1218025 0.0768795 0.0682209 0.0598554 0.0774933 0.0721645 0.0755913 0.0790340 0.0714387 0.0733772 0.0745635 0.0790382 0.0762474 0.0772490 0.0736415 0.0814283 0.0864350 0.0753494 0.0983519 
Mbid       0.0750138 0.0264507 0.0641976 0.0767687 0.0700667 0.0677321 0.0765296 0.0779356 0.0686831 0.0653582 0.0667411 0.0675582 0.0722487 0.0774974 0.0761661 0.0711052 0.0656798 0.0674591 0.0771205 0.0814169 0.0791451 0.0826234 0.0776704 0.0827303 0.0776050 0.0203246 0.0730407 0.0827002 0.0793183 0.0677423 0.0744509 0.0665788 0.0659826 0.0727702 0.0696895 0.0761273 0.0693265 0.0814469 0.0000000 0.0250902 0.0210546 0.0271494 0.0128982 0.0211875 0.0683443 0.0126730 0.0137063 0.0149942 0.0687668 0.0694398 0.0686359 0.0731371 0.0661670 0.0705993 0.0779006 0.0691090 0.0780024 0.0842431 0.0858272 0.0760320 0.0638529 0.0709792 0.0730677 0.0750170 0.0806073 0.0782116 0.0698386 0.0743384 0.0774476 0.0791196 0.0730916 0.0746037 0.0732912 0.0708342 0.0308638 0.0686088 0.0410240 
Mbow       0.0860453 0.0407329 0.0893132 0.0873940 0.0779115 0.0838740 0.0877120 0.0999087 0.0780332 0.0798177 0.0867670 0.0891236 0.0895183 0.0860870 0.0931350 0.0900093 0.0798112 0.0885150 0.0927578 0.0988475 0.0899711 0.1019016 0.0942753 0.1005417 0.0964249 0.0345255 0.0853365 0.0956018 0.0890031 0.0840228 0.0922130 0.0865492 0.0875864 0.0894639 0.0897938 0.0878461 0.0882220 0.1020349 0.0250902 0.0000000 0.0097550 0.0474285 0.0272045 0.0369098 0.0830604 0.0214184 0.0224598 0.0243042 0.0878186 0.0882060 0.0884135 0.0927374 0.0844770 0.0853630 0.0949837 0.0890696 0.0944819 0.0960779 0.1108219 0.0991687 0.0855727 0.0875034 0.0933865 0.0940565 0.0967179 0.0946739 0.0904562 0.0920958 0.0957337 0.0935511 0.0942775 0.0906952 0.0938211 0.0836677 0.0381022 0.0887992 0.0507350 
Mcar       0.0847142 0.0380922 0.0891438 0.0882833 0.0816548 0.0806849 0.0861725 0.0957708 0.0735562 0.0713032 0.0741545 0.0824724 0.0768830 0.0798400 0.0762633 0.0801717 0.0745477 0.0819151 0.0897217 0.0938373 0.0832699 0.0849230 0.0782143 0.0861695 0.0843080 0.0299311 0.0831472 0.0860539 0.0843929 0.0745602 0.0728705 0.0734927 0.0743422 0.0762918 0.0741660 0.0784488 0.0765784 0.1026713 0.0210546 0.0097550 0.0000000 0.0447705 0.0181798 0.0410069 0.0758287 0.0176788 0.0197234 0.0187496 0.0779832 0.0771539 0.0752115 0.0785759 0.0715796 0.0842860 0.0771316 0.0774564 0.0766230 0.0876654 0.0965519 0.0825320 0.0766702 0.0870774 0.0782578 0.0802791 0.0852391 0.0821388 0.0770336 0.0816766 0.0765291 0.0830437 0.0801063 0.0776611 0.0737475 0.0814032 0.0350234 0.0777083 0.0483283 
Meur       0.0716046 0.0397101 0.0701396 0.0729670 0.0670081 0.0737339 0.0758718 0.0877360 0.0689486 0.0720652 0.0735769 0.0773685 0.0781747 0.0770613 0.0791878 0.0807136 0.0740908 0.0685670 0.0754667 0.0804827 0.0792728 0.0822438 0.0800327 0.0879500 0.0832144 0.0339408 0.0784423 0.0818416 0.0829579 0.0721053 0.0817272 0.0729828 0.0742377 0.0758935 0.0776878 0.0812270 0.0750115 0.0944477 0.0271494 0.0474285 0.0447705 0.0000000 0.0478885 0.0324512 0.0785427 0.0367241 0.0428327 0.0600509 0.0777144 0.0720972 0.0719332 0.0790057 0.0734576 0.0727018 0.0781388 0.0799800 0.0798138 0.0918098 0.1178939 0.0778215 0.0764079 0.0750298 0.0807546 0.0778188 0.0818105 0.0843355 0.0770466 0.0788462 0.0823105 0.0817769 0.0796606 0.0800606 0.0781943 0.0736004 0.0345874 0.0745399 0.0557853 
Mgin       0.0989812 0.0552482 0.1008331 0.1018519 0.0975160 0.1019978 0.1033393 0.1066340 0.0937614 0.0956858 0.0929770 0.0949550 0.0957170 0.0959808 0.0975146 0.0948077 0.0802336 0.1074296 0.1064509 0.1153282 0.1170799 0.1005076 0.0986739 0.1003219 0.0960783 0.0290273 0.1043423 0.1085500 0.1085934 0.0931513 0.0940448 0.0924784 0.0908040 0.0947272 0.0902972 0.0992412 0.0966258 0.1030684 0.0128982 0.0272045 0.0181798 0.0478885 0.0000000 0.0517324 0.0826293 0.0180228 0.0178809 0.0423955 0.0955677 0.0714453 0.0916084 0.0926934 0.0847174 0.1022534 0.0961166 0.0960572 0.0963335 0.1048956 0.0916166 0.1067922 0.0911205 0.1129208 0.0991830 0.0945489 0.1016786 0.0980505 0.0925298 0.1004741 0.0964174 0.1038263 0.1006412 0.0959719 0.0937283 0.1023025 0.0311003 0.0924420 0.0702680 
Mlay       0.0879527 0.0268058 0.0786469 0.0857767 0.0833162 0.0879014 0.0859463 0.0983808 0.0834201 0.0851909 0.0839685 0.0830326 0.0891974 0.0862726 0.0848469 0.0898074 0.0696986 0.0739318 0.0931556 0.0916418 0.0911866 0.0971520 0.0923611 0.0872142 0.0901366 0.0325637 0.0850410 0.0875327 0.0848632 0.0813450 0.0912405 0.0827887 0.0842950 0.0871848 0.0841806 0.0916706 0.0736760 0.0885164 0.0211875 0.0369098 0.0410069 0.0324512 0.0517324 0.0000000 0.0741904 0.0320480 0.0253029 0.0537011 0.0832845 0.0809189 0.0863431 0.0846833 0.0787057 0.0825117 0.0807131 0.0892698 0.0908932 0.0972426 0.0946619 0.0893555 0.0808857 0.0729465 0.0921205 0.0900240 0.0920537 0.0939373 0.0856884 0.0923132 0.0847218 0.0939942 0.0830444 0.0914027 0.0897484 0.0747966 0.0408958 0.0842264 0.0461820 
Mmon       0.0810113 0.0741501 0.0743752 0.0750099 0.0765115 0.0795644 0.0828962 0.0797983 0.0738597 0.0739048 0.0324954 0.0742330 0.0409879 0.0404322 0.0404061 0.0411822 0.0065580 0.0735545 0.0796792 0.0851837 0.0782450 0.0438567 0.0386646 0.0461162 0.0441155 0.0710725 0.0572937 0.0854703 0.0872539 0.0361617 0.0386941 0.0328220 0.0369274 0.0375885 0.0383382 0.0391062 0.0357128 0.0683560 0.0683443 0.0830604 0.0758287 0.0785427 0.0826293 0.0741904 0.0000000 0.0743992 0.0820674 0.0993703 0.0326245 0.0317080 0.0377139 0.0407551 0.0342675 0.0535900 0.0404866 0.0338238 0.0370905 0.0896465 0.0993126 0.0382552 0.0309916 0.0303017 0.0437685 0.0392737 0.0442772 0.0465016 0.0383281 0.0383662 0.0390510 0.0419016 0.0388146 0.0414506 0.0366922 0.0360555 0.0702100 0.0407153 0.0837962 
Mper       0.0823470 0.0366417 0.0820480 0.0843507 0.0752316 0.0794561 0.0835704 0.0923963 0.0769858 0.0727574 0.0835744 0.0813257 0.0864882 0.0820256 0.0875116 0.0869443 0.0711576 0.0843605 0.0894190 0.0956372 0.0871574 0.0949959 0.0908216 0.0914776 0.0882197 0.0260890 0.0854312 0.0883100 0.0810788 0.0791264 0.0848641 0.0825633 0.0831659 0.0836033 0.0827519 0.0860614 0.0850018 0.0921315 0.0126730 0.0214184 0.0176788 0.0367241 0.0180228 0.0320480 0.0743992 0.0000000 0.0050763 0.0067866 0.0829177 0.0850595 0.0833325 0.0842810 0.0774220 0.0810642 0.0886363 0.0848600 0.0877889 0.0876364 0.0946485 0.0876768 0.0806938 0.0837948 0.0884362 0.0857660 0.0882898 0.0886952 0.0831477 0.0899714 0.0878463 0.0920169 0.0897746 0.0864750 0.0850985 0.0807498 0.0275151 0.0827516 0.0480729 
Mpni       0.0817342 0.0377585 0.0832108 0.0836971 0.0752280 0.0798704 0.0818389 0.0942764 0.0753155 0.0723081 0.0873715 0.0766206 0.0887697 0.0844328 0.0894345 0.0896713 0.0782011 0.0851326 0.0900874 0.0956697 0.0900134 0.1037856 0.0974229 0.0971192 0.0949459 0.0250513 0.0853942 0.0917300 0.0831242 0.0826129 0.0909412 0.0860074 0.0880214 0.0893309 0.0860431 0.0900338 0.0891645 0.0986004 0.0137063 0.0224598 0.0197234 0.0428327 0.0178809 0.0253029 0.0820674 0.0050763 0.0000000 0.0092468 0.0837353 0.0874662 0.0877800 0.0904906 0.0787988 0.0837733 0.0904761 0.0834140 0.0931583 0.0869324 0.0910490 0.0916605 0.0811358 0.0838356 0.0927754 0.0908422 0.0926823 0.0905106 0.0854986 0.0947469 0.0921586 0.0941746 0.0919756 0.0903789 0.0926209 0.0826764 0.0263978 0.0871669 0.0490521 
Mste       0.1071670 0.0551310 0.1128887 0.1103006 0.1023817 0.1078107 0.1075525 0.1173964 0.1000544 0.1024676 0.1124999 0.1054116 0.1118562 0.1127056 0.1164165 0.1101822 0.0959512 0.1176193 0.1110293 0.1202363 0.1206684 0.1256753 0.1161062 0.1176824 0.1124399 0.0266127 0.1152720 0.1145755 0.1174473 0.1072167 0.1121508 0.1112458 0.1104386 0.1128935 0.1067802 0.1145100 0.1118348 0.1143564 0.0149942 0.0243042 0.0187496 0.0600509 0.0423955 0.0537011 0.0993703 0.0067866 0.0092468 0.0000000 0.1019718 0.0820772 0.1078881 0.1103822 0.1012992 0.1090297 0.1170568 0.1096863 0.1162325 0.1138648 0.0952860 0.1175202 0.1016681 0.1205160 0.1131094 0.1113530 0.1193039 0.1159334 0.1098228 0.1182033 0.1162030 0.1221902 0.1184417 0.1110851 0.1134441 0.1211854 0.0297859 0.1077472 0.0738592 
Naasi      0.0856961 0.0764252 0.0801043 0.0785608 0.0759639 0.0808470 0.0841382 0.0828627 0.0750875 0.0721696 0.0314846 0.0753386 0.0360656 0.0349210 0.0358361 0.0364231 0.0271048 0.0773450 0.0828859 0.0909043 0.0787003 0.0429236 0.0351113 0.0392607 0.0384579 0.0734387 0.0545891 0.0896508 0.0832446 0.0245185 0.0351316 0.0328123 0.0316391 0.0347868 0.0327664 0.0336003 0.0300306 0.0691866 0.0687668 0.0878186 0.0779832 0.0777144 0.0955677 0.0832845 0.0326245 0.0829177 0.0837353 0.1019718 0.0000000 0.0007966 0.0333369 0.0338790 0.0287437 0.0547467 0.0385866 0.0077561 0.0361774 0.0900780 0.1029703 0.0154210 0.0058521 0.0070650 0.0352305 0.0351109 0.0387043 0.0386197 0.0331036 0.0347569 0.0371508 0.0354068 0.0360486 0.0347188 0.0339813 0.0312178 0.0697396 0.0343542 0.0865601 
Npho       0.0838268 0.0758992 0.0784091 0.0802548 0.0750905 0.0803606 0.0821448 0.0808740 0.0732024 0.0685274 0.0310094 0.0668844 0.0353525 0.0339484 0.0357157 0.0357715 0.0264714 0.0744583 0.0811451 0.0895691 0.0766790 0.0433730 0.0349746 0.0369775 0.0362453 0.0746792 0.0568419 0.0934603 0.0858252 0.0245343 0.0349646 0.0324609 0.0302163 0.0345867 0.0317698 0.0324907 0.0292841 0.0657644 0.0694398 0.0882060 0.0771539 0.0720972 0.0714453 0.0809189 0.0317080 0.0850595 0.0874662 0.0820772 0.0007966 0.0000000 0.0330434 0.0319168 0.0282273 0.0528081 0.0386800 0.0096514 0.0360850 0.0918732 0.1080709 0.0177107 0.0072483 0.0091281 0.0353602 0.0349841 0.0382163 0.0381115 0.0328266 0.0335066 0.0371327 0.0345104 0.0359802 0.0338598 0.0337083 0.0293834 0.0708090 0.0335109 0.0851514 
Obre       0.0892487 0.0757329 0.0771301 0.0839800 0.0809812 0.0838003 0.0856149 0.0848974 0.0795718 0.0770947 0.0140615 0.0754010 0.0145087 0.0134817 0.0155378 0.0139662 0.0332927 0.0789461 0.0858255 0.0902175 0.0862851 0.0177649 0.0164040 0.0146026 0.0129754 0.0745166 0.0530697 0.0936310 0.0910204 0.0265755 0.0213536 0.0143241 0.0116406 0.0156017 0.0154204 0.0170958 0.0166458 0.0637871 0.0686359 0.0884135 0.0752115 0.0719332 0.0916084 0.0863431 0.0377139 0.0833325 0.0877800 0.1078881 0.0333369 0.0330434 0.0000000 0.0042426 0.0237654 0.0563510 0.0137935 0.0374789 0.0108432 0.0909506 0.1065367 0.0431052 0.0342236 0.0320939 0.0156795 0.0113592 0.0126264 0.0170216 0.0160418 0.0179455 0.0164065 0.0166387 0.0141304 0.0146118 0.0144109 0.0137427 0.0707135 0.0137598 0.0883573 
