84
Bacu       0.0000000 0.0578284 0.0486984 0.0082845 0.0154750 0.0170412 0.0170412 0.0221120 0.0197350 0.0846057 0.0927855 0.0318744 0.0912703 0.0899301 0.0920867 0.0933778 0.0762380 0.0261313 0.0266817 0.0277300 0.0188247 0.0922228 0.0930962 0.0903386 0.0921907 0.0503859 0.0833562 0.0768316 0.0747333 0.0913966 0.0923609 0.0921833 0.0870107 0.0851966 0.0939996 0.0959778 0.0906329 0.0914751 0.0654833 0.0508291 0.0504448 0.0512090 0.0566635 0.0528478 0.0512531 0.0596565 0.0503931 0.0495452 0.0507384 0.0743887 0.0512053 0.0505258 0.0503774 0.0921805 0.0846238 0.0977478 0.0897934 0.0922701 0.0732639 0.0536725 0.0915203 0.0729680 0.0895636 0.0540052 0.0735010 0.0871598 0.0753408 0.0924548 0.0923675 0.0922905 0.0887295 0.0948506 0.0924599 0.0895435 0.0913264 0.0876685 0.0916619 0.0947953 0.0901007 0.0930469 0.0940227 0.0462483 0.0921040 0.0486384 
Barn       0.0578284 0.0000000 0.0043701 0.0462015 0.0474806 0.0474268 0.0474268 0.0522407 0.0508770 0.0763841 0.0750736 0.0507489 0.0754610 0.0736202 0.0765899 0.0766201 0.0701522 0.0544803 0.0534005 0.0556698 0.0496391 0.0767445 0.0742308 0.0768030 0.0768163 0.0180902 0.0733546 0.0702111 0.0776025 0.0780275 0.0768984 0.0805503 0.0762917 0.0719515 0.0791746 0.0804928 0.0763333 0.0755552 0.0649708 0.0288957 0.0247092 0.0235634 0.0187826 0.0246431 0.0225017 0.0244357 0.0235762 0.0224698 0.0226597 0.0638274 0.0257724 0.0247046 0.0235657 0.0691671 0.0646842 0.0843285 0.0788833 0.0717084 0.0617048 0.0497568 0.0763466 0.0625166 0.0749761 0.0498204 0.0651683 0.0626615 0.0614351 0.0776329 0.0775961 0.0780278 0.0767643 0.0803612 0.0702816 0.0754509 0.0748845 0.0741870 0.0757351 0.0790612 0.0739140 0.0778857 0.0792050 0.0203339 0.0766109 0.0211500 
Bbai       0.0486984 0.0043701 0.0000000 0.0380156 0.0390649 0.0380325 0.0380325 0.0440295 0.0432343 0.0675724 0.0717340 0.0428384 0.0705176 0.0694518 0.0714734 0.0704528 0.0669853 0.0458883 0.0449772 0.0478879 0.0428170 0.0705640 0.0715401 0.0715592 0.0715699 0.0134900 0.0732812 0.0614758 0.0674599 0.0726652 0.0717126 0.0697811 0.0678848 0.0672432 0.0725925 0.0758653 0.0716954 0.0685625 0.0600105 0.0219093 0.0181192 0.0162528 0.0188803 0.0189976 0.0171898 0.0223444 0.0180947 0.0162508 0.0178854 0.0626415 0.0199390 0.0190573 0.0180878 0.0788241 0.0663000 0.0799697 0.0754691 0.0726999 0.0586735 0.0370879 0.0705662 0.0574706 0.0705312 0.0372043 0.0587926 0.0743376 0.0565254 0.0737133 0.0736847 0.0726687 0.0710887 0.0746454 0.0736358 0.0699563 0.0709691 0.0714935 0.0666529 0.0745833 0.0692255 0.0725611 0.0725068 0.0172045 0.0714904 0.0149350 
Bbon       0.0082845 0.0462015 0.0380156 0.0000000 0.0061382 0.0076818 0.0076818 0.0113706 0.0097811 0.0693409 0.0784098 0.0213243 0.0763734 0.0753981 0.0771853 0.0779837 0.0643899 0.0175154 0.0184302 0.0190811 0.0093351 0.0772859 0.0781436 0.0772636 0.0772732 0.0406025 0.0691762 0.0648171 0.0642714 0.0779974 0.0774077 0.0767975 0.0712933 0.0728489 0.0790443 0.0809512 0.0761083 0.0765355 0.0539353 0.0443123 0.0406520 0.0414140 0.0478556 0.0430271 0.0414494 0.0482129 0.0406091 0.0397792 0.0405717 0.0625807 0.0414096 0.0407172 0.0405963 0.0806508 0.0723972 0.0862360 0.0785705 0.0773239 0.0627639 0.0423391 0.0769857 0.0608359 0.0750814 0.0428360 0.0616144 0.0750676 0.0634219 0.0785515 0.0778412 0.0790985 0.0752207 0.0798883 0.0767406 0.0742538 0.0755252 0.0736491 0.0745419 0.0798408 0.0752567 0.0781177 0.0790661 0.0365374 0.0772005 0.0385420 
Bbor       0.0154750 0.0474806 0.0390649 0.0061382 0.0000000 0.0061159 0.0061159 0.0115695 0.0114443 0.0700461 0.0776200 0.0234375 0.0771037 0.0745408 0.0779319 0.0778044 0.0649447 0.0178756 0.0176295 0.0194746 0.0111415 0.0780367 0.0789116 0.0780126 0.0780224 0.0423018 0.0720260 0.0697480 0.0668650 0.0780945 0.0781618 0.0775578 0.0719934 0.0737001 0.0798303 0.0817799 0.0769263 0.0772714 0.0587511 0.0454497 0.0431860 0.0439644 0.0507106 0.0456181 0.0439728 0.0505741 0.0431398 0.0422879 0.0432024 0.0630956 0.0439600 0.0432566 0.0431260 0.0807497 0.0731304 0.0862752 0.0785252 0.0780761 0.0638433 0.0449191 0.0778231 0.0622235 0.0758748 0.0446029 0.0617023 0.0758586 0.0625836 0.0787226 0.0786955 0.0798876 0.0759496 0.0806929 0.0778594 0.0767864 0.0753105 0.0743880 0.0753904 0.0806434 0.0759625 0.0788841 0.0798526 0.0380888 0.0779475 0.0403998 
Bede66737  0.0170412 0.0474268 0.0380325 0.0076818 0.0061159 0.0000000 0.0000010 0.0115589 0.0130948 0.0699494 0.0784438 0.0233980 0.0769943 0.0754332 0.0778219 0.0776907 0.0683493 0.0178468 0.0184154 0.0194430 0.0127478 0.0779255 0.0787694 0.0779024 0.0779122 0.0422325 0.0693909 0.0696393 0.0716244 0.0797584 0.0780505 0.0774447 0.0718511 0.0735479 0.0797189 0.0816660 0.0767888 0.0771610 0.0554505 0.0486594 0.0431161 0.0422471 0.0506241 0.0455447 0.0439317 0.0484104 0.0430701 0.0422186 0.0431300 0.0647180 0.0438891 0.0431857 0.0430563 0.0824151 0.0749389 0.0870044 0.0783820 0.0797081 0.0627776 0.0465393 0.0776844 0.0638861 0.0757395 0.0462717 0.0634201 0.0775138 0.0652324 0.0785846 0.0785576 0.0797744 0.0758372 0.0805804 0.0776867 0.0748495 0.0761783 0.0760423 0.0752389 0.0805306 0.0758536 0.0787734 0.0797412 0.0380269 0.0778375 0.0393996 
BedeAUS    0.0170412 0.0474268 0.0380325 0.0076818 0.0061159 0.0000010 0.0000000 0.0115589 0.0130948 0.0699494 0.0784438 0.0233980 0.0769943 0.0754332 0.0778219 0.0776907 0.0683493 0.0178468 0.0184154 0.0194430 0.0127478 0.0779255 0.0787694 0.0779024 0.0779122 0.0422325 0.0693909 0.0696393 0.0716244 0.0797584 0.0780505 0.0774447 0.0718511 0.0735479 0.0797189 0.0816660 0.0767888 0.0771610 0.0554505 0.0486594 0.0431161 0.0422471 0.0506241 0.0455447 0.0439317 0.0484104 0.0430701 0.0422186 0.0431300 0.0647180 0.0438891 0.0431857 0.0430563 0.0824151 0.0749389 0.0870044 0.0783820 0.0797081 0.0627776 0.0465393 0.0776844 0.0638861 0.0757395 0.0462717 0.0634201 0.0775138 0.0652324 0.0785846 0.0785576 0.0797744 0.0758372 0.0805804 0.0776867 0.0748495 0.0761783 0.0760423 0.0752389 0.0805306 0.0758536 0.0787734 0.0797412 0.0380269 0.0778375 0.0393996 
Bmus       0.0221120 0.0522407 0.0440295 0.0113706 0.0115695 0.0115589 0.0115589 0.0000000 0.0181584 0.0810940 0.0902417 0.0295509 0.0889470 0.0881988 0.0897650 0.0909821 0.0774310 0.0230297 0.0234161 0.0246197 0.0181199 0.0898956 0.0907690 0.0898560 0.0898667 0.0481169 0.0772983 0.0762377 0.0769475 0.0890172 0.0900324 0.0888689 0.0834005 0.0813616 0.0916747 0.0936464 0.0882236 0.0891459 0.0647555 0.0543375 0.0498222 0.0505895 0.0568746 0.0522321 0.0506331 0.0578218 0.0497707 0.0489214 0.0500936 0.0738076 0.0505857 0.0499027 0.0497550 0.0907897 0.0840974 0.0990233 0.0910928 0.0899418 0.0706828 0.0530895 0.0891118 0.0715411 0.0871583 0.0533884 0.0719899 0.0857967 0.0738322 0.0899947 0.0899632 0.0917490 0.0881648 0.0925269 0.0903886 0.0871534 0.0887055 0.0862277 0.0877419 0.0924729 0.0877824 0.0907235 0.0916976 0.0439724 0.0897820 0.0479273 
Bphy_baits 0.0197350 0.0508770 0.0432343 0.0097811 0.0114443 0.0130948 0.0130948 0.0181584 0.0000000 0.0738198 0.0796582 0.0232060 0.0780190 0.0746068 0.0788949 0.0779546 0.0681333 0.0240531 0.0248724 0.0257739 0.0118286 0.0790074 0.0789873 0.0781193 0.0781297 0.0475507 0.0732294 0.0746648 0.0753339 0.0790694 0.0781941 0.0820693 0.0756293 0.0704804 0.0809060 0.0820118 0.0778617 0.0781987 0.0622959 0.0492562 0.0493914 0.0484294 0.0537820 0.0501898 0.0493720 0.0522064 0.0493366 0.0484218 0.0476291 0.0661619 0.0502136 0.0485376 0.0493199 0.0712286 0.0706699 0.0877320 0.0774640 0.0790499 0.0673429 0.0494381 0.0788119 0.0680139 0.0767457 0.0491942 0.0666945 0.0748382 0.0694341 0.0797654 0.0797364 0.0809672 0.0758266 0.0818177 0.0786710 0.0747804 0.0762160 0.0751444 0.0807294 0.0817646 0.0768089 0.0799036 0.0809297 0.0439204 0.0789115 0.0461477 
Ccom       0.0846057 0.0763841 0.0675724 0.0693409 0.0700461 0.0699494 0.0699494 0.0810940 0.0738198 0.0000000 0.0051673 0.0798987 0.0123761 0.0119177 0.0132000 0.0132060 0.0412310 0.0800758 0.0848908 0.0840291 0.0748923 0.0132067 0.0132074 0.0123850 0.0123871 0.0662129 0.0542831 0.0816834 0.0820786 0.0134574 0.0123825 0.0090268 0.0069428 0.0119062 0.0140373 0.0106997 0.0081975 0.0073762 0.0553771 0.0739796 0.0653934 0.0652976 0.0742899 0.0681400 0.0672971 0.0773059 0.0672486 0.0662179 0.0670129 0.0366179 0.0700696 0.0683327 0.0672257 0.0412115 0.0407559 0.0173646 0.0127441 0.0174535 0.0491359 0.0716472 0.0140642 0.0393373 0.0123808 0.0697555 0.0386420 0.0466036 0.0405813 0.0152318 0.0149070 0.0148946 0.0127697 0.0157308 0.0120796 0.0136091 0.0117451 0.0132037 0.0128718 0.0165720 0.0149347 0.0140326 0.0140375 0.0613670 0.0132037 0.0679543 
Chea       0.0927855 0.0750736 0.0717340 0.0784098 0.0776200 0.0784438 0.0784438 0.0902417 0.0796582 0.0051673 0.0000000 0.0892873 0.0081272 0.0079612 0.0089391 0.0100939 0.0399674 0.0873088 0.0893794 0.0912944 0.0863235 0.0081240 0.0089478 0.0081333 0.0081347 0.0713562 0.0527704 0.0847389 0.0864990 0.0081135 0.0089498 0.0041510 0.0035201 0.0084324 0.0089483 0.0064861 0.0032271 0.0024199 0.0591900 0.0798259 0.0724947 0.0742878 0.0831763 0.0771696 0.0744176 0.0833814 0.0743617 0.0723847 0.0746259 0.0354107 0.0772035 0.0764888 0.0743365 0.0517821 0.0433842 0.0130500 0.0092235 0.0122774 0.0488072 0.0786861 0.0089570 0.0346285 0.0073115 0.0744761 0.0348125 0.0480922 0.0355878 0.0097851 0.0097815 0.0097732 0.0075375 0.0105937 0.0072956 0.0092208 0.0086130 0.0081224 0.0112519 0.0114176 0.0098101 0.0097664 0.0089400 0.0703690 0.0081224 0.0729860 
Cmar       0.0318744 0.0507489 0.0428384 0.0213243 0.0234375 0.0233980 0.0233980 0.0295509 0.0232060 0.0798987 0.0892873 0.0000000 0.0861942 0.0836507 0.0870361 0.0870922 0.0746612 0.0320005 0.0337567 0.0336776 0.0203541 0.0871641 0.0881169 0.0871271 0.0871378 0.0503770 0.0770397 0.0776999 0.0786048 0.0881128 0.0873009 0.0859782 0.0759303 0.0800362 0.0889936 0.0910132 0.0863112 0.0863904 0.0696339 0.0518999 0.0504379 0.0495167 0.0547520 0.0520543 0.0512721 0.0543708 0.0487001 0.0495092 0.0487376 0.0699724 0.0512237 0.0496224 0.0503681 0.0889590 0.0787664 0.0947568 0.0852098 0.0854483 0.0721319 0.0539247 0.0872262 0.0673882 0.0852179 0.0540932 0.0665662 0.0829566 0.0703356 0.0890650 0.0881052 0.0890662 0.0833072 0.0898710 0.0847424 0.0822816 0.0834106 0.0834046 0.0820534 0.0898159 0.0850046 0.0880184 0.0890170 0.0461068 0.0870532 0.0455663 
Dcap108471 0.0912703 0.0754610 0.0705176 0.0763734 0.0771037 0.0769943 0.0769943 0.0889470 0.0780190 0.0123761 0.0081272 0.0861942 0.0000000 0.0017553 0.0007437 0.0023055 0.0400848 0.0863414 0.0892002 0.0881973 0.0834847 0.0044817 0.0052347 0.0044866 0.0044873 0.0724237 0.0529651 0.0893838 0.0915683 0.0084166 0.0052466 0.0108238 0.0067122 0.0035183 0.0029848 0.0105484 0.0077277 0.0067551 0.0554223 0.0822174 0.0726083 0.0734082 0.0824766 0.0769165 0.0752523 0.0823875 0.0743291 0.0733652 0.0737856 0.0358705 0.0769476 0.0762887 0.0743059 0.0511393 0.0432748 0.0128391 0.0087686 0.0120828 0.0477974 0.0818758 0.0053944 0.0351567 0.0038438 0.0787521 0.0343515 0.0475895 0.0361620 0.0031370 0.0030748 0.0044853 0.0030726 0.0037334 0.0020189 0.0015326 0.0008360 0.0044862 0.0045428 0.0044833 0.0029962 0.0014895 0.0029864 0.0688454 0.0014889 0.0723376 
Dcap79929  0.0899301 0.0736202 0.0694518 0.0753981 0.0745408 0.0754332 0.0754332 0.0881988 0.0746068 0.0119177 0.0079612 0.0836507 0.0017553 0.0000000 0.0026328 0.0017534 0.0407549 0.0860698 0.0861857 0.0882569 0.0838710 0.0043992 0.0052864 0.0044048 0.0044056 0.0718927 0.0553538 0.0864790 0.0897476 0.0079583 0.0070790 0.0128270 0.0084499 0.0018986 0.0026357 0.0106428 0.0079565 0.0070711 0.0586242 0.0792185 0.0731320 0.0730174 0.0784530 0.0771684 0.0752244 0.0830079 0.0741380 0.0730115 0.0756845 0.0357878 0.0772252 0.0753389 0.0741107 0.0536511 0.0434312 0.0115480 0.0088620 0.0106570 0.0474039 0.0768599 0.0052925 0.0349456 0.0035194 0.0720686 0.0339281 0.0496229 0.0359259 0.0035238 0.0035224 0.0052891 0.0035188 0.0044015 0.0021457 0.0035148 0.0027123 0.0017543 0.0039368 0.0052863 0.0035341 0.0035161 0.0026331 0.0698038 0.0017543 0.0720312 
Ddel       0.0920867 0.0765899 0.0714734 0.0771853 0.0779319 0.0778219 0.0778219 0.0897650 0.0788949 0.0132000 0.0089391 0.0870361 0.0007437 0.0026328 0.0000000 0.0030738 0.0408673 0.0871601 0.0900620 0.0890174 0.0843251 0.0052291 0.0059832 0.0052347 0.0052345 0.0732287 0.0516869 0.0902059 0.0924771 0.0091810 0.0059966 0.0115959 0.0075505 0.0043975 0.0037306 0.0113008 0.0084997 0.0075051 0.0564222 0.0832853 0.0734152 0.0742149 0.0833415 0.0777251 0.0760608 0.0834028 0.0751367 0.0741715 0.0746240 0.0366470 0.0777566 0.0770992 0.0751133 0.0519443 0.0441350 0.0135932 0.0095649 0.0128369 0.0468428 0.0826840 0.0061645 0.0359522 0.0046131 0.0795975 0.0351869 0.0483781 0.0369995 0.0039208 0.0038431 0.0052333 0.0038402 0.0044796 0.0020174 0.0022986 0.0016719 0.0052345 0.0054517 0.0052309 0.0037452 0.0022340 0.0037326 0.0696479 0.0022331 0.0732434 
Ddeltrop   0.0933778 0.0766201 0.0704528 0.0779837 0.0778044 0.0776907 0.0776907 0.0909821 0.0779546 0.0132060 0.0100939 0.0870922 0.0023055 0.0017534 0.0030738 0.0000000 0.0422129 0.0882928 0.0903292 0.0902131 0.0853933 0.0069482 0.0077297 0.0069558 0.0069570 0.0738937 0.0517327 0.0914440 0.0939338 0.0102740 0.0077474 0.0135976 0.0095766 0.0043995 0.0053977 0.0132398 0.0103933 0.0093089 0.0565818 0.0821355 0.0740876 0.0731078 0.0811115 0.0776200 0.0768201 0.0834671 0.0758653 0.0748678 0.0760731 0.0378453 0.0785712 0.0769210 0.0758409 0.0528039 0.0456630 0.0156148 0.0115585 0.0148325 0.0475616 0.0818463 0.0079719 0.0371584 0.0063629 0.0775583 0.0355096 0.0499883 0.0373207 0.0048642 0.0055659 0.0069539 0.0055618 0.0061728 0.0041941 0.0039628 0.0034695 0.0069556 0.0054542 0.0069507 0.0054189 0.0038477 0.0054006 0.0701962 0.0038460 0.0729010 
Dleu       0.0762380 0.0701522 0.0669853 0.0643899 0.0649447 0.0683493 0.0683493 0.0774310 0.0681333 0.0412310 0.0399674 0.0746612 0.0400848 0.0407549 0.0408673 0.0422129 0.0000000 0.0749568 0.0772627 0.0767589 0.0690984 0.0408882 0.0417206 0.0392669 0.0409302 0.0667339 0.0563717 0.0834650 0.0829306 0.0391505 0.0409597 0.0436738 0.0404332 0.0357756 0.0425194 0.0442443 0.0396487 0.0401446 0.0455610 0.0759073 0.0669033 0.0693905 0.0771516 0.0711495 0.0695055 0.0817909 0.0685993 0.0676557 0.0687329 0.0082546 0.0711777 0.0705158 0.0685779 0.0332808 0.0244014 0.0475390 0.0426418 0.0409582 0.0418543 0.0717594 0.0404794 0.0194833 0.0387777 0.0692280 0.0205501 0.0276666 0.0196840 0.0404320 0.0413276 0.0425533 0.0413276 0.0433620 0.0427985 0.0421145 0.0425031 0.0392517 0.0430679 0.0441847 0.0408515 0.0416776 0.0425698 0.0650746 0.0408766 0.0698533 
Eaus       0.0261313 0.0544803 0.0458883 0.0175154 0.0178756 0.0178468 0.0178468 0.0230297 0.0240531 0.0800758 0.0873088 0.0320005 0.0863414 0.0860698 0.0871601 0.0882928 0.0749568 0.0000000 0.0031451 0.0044981 0.0205127 0.0872847 0.0882111 0.0872487 0.0872592 0.0464297 0.0798206 0.0744966 0.0711692 0.0882098 0.0874187 0.0852007 0.0793390 0.0792094 0.0890639 0.0892100 0.0845263 0.0847281 0.0669490 0.0498572 0.0464850 0.0472507 0.0541790 0.0488842 0.0472914 0.0556341 0.0464367 0.0455935 0.0457637 0.0713400 0.0472466 0.0465598 0.0464221 0.0899707 0.0792773 0.0964556 0.0882248 0.0873834 0.0706630 0.0515293 0.0872697 0.0697910 0.0853202 0.0524989 0.0701260 0.0841025 0.0729177 0.0890546 0.0881233 0.0891341 0.0845437 0.0899167 0.0877446 0.0835425 0.0856806 0.0835550 0.0876964 0.0898637 0.0851839 0.0881155 0.0890867 0.0423091 0.0870820 0.0459707 
Egla       0.0266817 0.0534005 0.0449772 0.0184302 0.0176295 0.0184154 0.0184154 0.0234161 0.0248724 0.0848908 0.0893794 0.0337567 0.0892002 0.0861857 0.0900620 0.0903292 0.0772627 0.0031451 0.0000000 0.0031458 0.0216241 0.0902005 0.0911794 0.0901583 0.0901695 0.0480673 0.0795410 0.0749848 0.0749254 0.0902698 0.0903450 0.0900351 0.0841513 0.0821291 0.0920753 0.0941555 0.0893360 0.0894106 0.0704831 0.0521359 0.0489949 0.0498007 0.0563299 0.0515256 0.0489779 0.0592719 0.0489417 0.0471925 0.0483321 0.0734431 0.0497966 0.0490778 0.0489256 0.0920856 0.0820089 0.0989398 0.0903849 0.0883801 0.0707567 0.0525669 0.0902734 0.0718692 0.0882095 0.0524721 0.0716431 0.0869354 0.0730107 0.0912023 0.0911701 0.0921544 0.0873932 0.0929733 0.0889572 0.0863291 0.0866349 0.0862549 0.0887788 0.0929162 0.0879727 0.0910724 0.0920994 0.0445161 0.0899785 0.0489569 
Ejap       0.0277300 0.0556698 0.0478879 0.0190811 0.0194746 0.0194430 0.0194430 0.0246197 0.0257739 0.0840291 0.0912944 0.0336776 0.0881973 0.0882569 0.0890174 0.0902131 0.0767589 0.0044981 0.0031458 0.0000000 0.0221414 0.0891464 0.0900764 0.0891079 0.0891185 0.0497720 0.0798625 0.0780757 0.0750971 0.0901120 0.0892828 0.0889618 0.0833899 0.0803039 0.0909298 0.0929041 0.0882950 0.0883946 0.0680503 0.0542910 0.0498305 0.0505978 0.0578025 0.0506001 0.0506415 0.0588104 0.0497792 0.0489289 0.0492314 0.0731270 0.0505940 0.0499108 0.0497636 0.0918740 0.0812754 0.0983497 0.0902008 0.0874156 0.0726577 0.0549128 0.0891851 0.0716182 0.0872273 0.0560588 0.0720546 0.0850211 0.0748573 0.0910116 0.0900385 0.0910027 0.0864509 0.0917842 0.0902614 0.0854425 0.0877603 0.0853989 0.0899502 0.0917303 0.0870320 0.0899772 0.0909527 0.0456222 0.0889387 0.0497256 
Erob       0.0188247 0.0496391 0.0428170 0.0093351 0.0111415 0.0127478 0.0127478 0.0181199 0.0118286 0.0748923 0.0863235 0.0203541 0.0834847 0.0838710 0.0843251 0.0853933 0.0690984 0.0205127 0.0216241 0.0221414 0.0000000 0.0835459 0.0853391 0.0844133 0.0844238 0.0452532 0.0754258 0.0687075 0.0680115 0.0853358 0.0827561 0.0813355 0.0769981 0.0780346 0.0862707 0.0863666 0.0835127 0.0836732 0.0595543 0.0506991 0.0444185 0.0435266 0.0511985 0.0459916 0.0443630 0.0522256 0.0443708 0.0435091 0.0426513 0.0681001 0.0451998 0.0444919 0.0426814 0.0860946 0.0767305 0.0937777 0.0843721 0.0844901 0.0674589 0.0445896 0.0844252 0.0637445 0.0824286 0.0451752 0.0647167 0.0801846 0.0656543 0.0862027 0.0853049 0.0863388 0.0825106 0.0871463 0.0865993 0.0814875 0.0834847 0.0807087 0.0820261 0.0870931 0.0823059 0.0853013 0.0862939 0.0419081 0.0843418 0.0436961 
Fatt       0.0922228 0.0767445 0.0705640 0.0772859 0.0780367 0.0779255 0.0779255 0.0898956 0.0790074 0.0132067 0.0081240 0.0871641 0.0044817 0.0043992 0.0052291 0.0069482 0.0408882 0.0872847 0.0902005 0.0891464 0.0835459 0.0000000 0.0052339 0.0029791 0.0029795 0.0733195 0.0554101 0.0903383 0.0916488 0.0084135 0.0067540 0.0100444 0.0084004 0.0035181 0.0059878 0.0105446 0.0077248 0.0067528 0.0543655 0.0822924 0.0735067 0.0743082 0.0834637 0.0778267 0.0761580 0.0846511 0.0752318 0.0742647 0.0756261 0.0366655 0.0778583 0.0771989 0.0752083 0.0502923 0.0432858 0.0159055 0.0111844 0.0120785 0.0477926 0.0810598 0.0038363 0.0343339 0.0022968 0.0778961 0.0343526 0.0467630 0.0352949 0.0062939 0.0061690 0.0044740 0.0022965 0.0067406 0.0050612 0.0053843 0.0050364 0.0075002 0.0091267 0.0074951 0.0060096 0.0059844 0.0059909 0.0697308 0.0044793 0.0743212 
Ggri       0.0930962 0.0742308 0.0715401 0.0781436 0.0789116 0.0787694 0.0787694 0.0907690 0.0789873 0.0132074 0.0089478 0.0881169 0.0052347 0.0052864 0.0059832 0.0077297 0.0417206 0.0882111 0.0911794 0.0900764 0.0853391 0.0052339 0.0000000 0.0052385 0.0052394 0.0733618 0.0541440 0.0912721 0.0916613 0.0091894 0.0075133 0.0116086 0.0075517 0.0052872 0.0067443 0.0113109 0.0085076 0.0075119 0.0554179 0.0833895 0.0744043 0.0752063 0.0834261 0.0787311 0.0770602 0.0822996 0.0761320 0.0751625 0.0765619 0.0374878 0.0787632 0.0781045 0.0761082 0.0485761 0.0414667 0.0151426 0.0119982 0.0113196 0.0477981 0.0837061 0.0061703 0.0343422 0.0046175 0.0796724 0.0343614 0.0459525 0.0353039 0.0070894 0.0069486 0.0067450 0.0046170 0.0074984 0.0050579 0.0061610 0.0050337 0.0082600 0.0082039 0.0082543 0.0067683 0.0067405 0.0067477 0.0706193 0.0052330 0.0742853 
Gmac       0.0903386 0.0768030 0.0715592 0.0772636 0.0780126 0.0779024 0.0779024 0.0898560 0.0781193 0.0123850 0.0081333 0.0871271 0.0044866 0.0044048 0.0052347 0.0069558 0.0392669 0.0872487 0.0901583 0.0891079 0.0844133 0.0029791 0.0052385 0.0000000 0.0014894 0.0733026 0.0542374 0.0895003 0.0917019 0.0084225 0.0067612 0.0108312 0.0075629 0.0044054 0.0059942 0.0105555 0.0077332 0.0067599 0.0565184 0.0833960 0.0734894 0.0742899 0.0834312 0.0778037 0.0761377 0.0846107 0.0752127 0.0742464 0.0756052 0.0350617 0.0778352 0.0771773 0.0751892 0.0486491 0.0432793 0.0159215 0.0111967 0.0120909 0.0487523 0.0827672 0.0038406 0.0335041 0.0022994 0.0796814 0.0334819 0.0467568 0.0344205 0.0063009 0.0061758 0.0044789 0.0022991 0.0067478 0.0050686 0.0053902 0.0050414 0.0075082 0.0082171 0.0075030 0.0060161 0.0059908 0.0059973 0.0697182 0.0044842 0.0743007 
Gmel       0.0921907 0.0768163 0.0715699 0.0772732 0.0780224 0.0779122 0.0779122 0.0898667 0.0781297 0.0123871 0.0081347 0.0871378 0.0044873 0.0044056 0.0052345 0.0069570 0.0409302 0.0872592 0.0901695 0.0891185 0.0844238 0.0029795 0.0052394 0.0014894 0.0000000 0.0733118 0.0529721 0.0895110 0.0917139 0.0084239 0.0067622 0.0108329 0.0075643 0.0044062 0.0059951 0.0105572 0.0077345 0.0067610 0.0565278 0.0834092 0.0734986 0.0742991 0.0834419 0.0778132 0.0761472 0.0846234 0.0752220 0.0742557 0.0756149 0.0367038 0.0778448 0.0771868 0.0751985 0.0503830 0.0451211 0.0159239 0.0111986 0.0120928 0.0487597 0.0827771 0.0038413 0.0351822 0.0022998 0.0796916 0.0352430 0.0484514 0.0361894 0.0063019 0.0061768 0.0044796 0.0022995 0.0067488 0.0050697 0.0053911 0.0050423 0.0075093 0.0082187 0.0075042 0.0060170 0.0059917 0.0059982 0.0697270 0.0044849 0.0743111 
Hamp       0.0503859 0.0180902 0.0134900 0.0406025 0.0423018 0.0422325 0.0422325 0.0481169 0.0475507 0.0662129 0.0713562 0.0503770 0.0724237 0.0718927 0.0732287 0.0738937 0.0667339 0.0464297 0.0480673 0.0497720 0.0452532 0.0733195 0.0733618 0.0733026 0.0733118 0.0000000 0.0716703 0.0629076 0.0660236 0.0730586 0.0734357 0.0700510 0.0660960 0.0683530 0.0750604 0.0751734 0.0703151 0.0690353 0.0568542 0.0129372 0.0105707 0.0120836 0.0145626 0.0128423 0.0113291 0.0161319 0.0105584 0.0097923 0.0117688 0.0622358 0.0128460 0.0121187 0.0105551 0.0757106 0.0644761 0.0804593 0.0744524 0.0734022 0.0577102 0.0455044 0.0711346 0.0578802 0.0711043 0.0435678 0.0593947 0.0720319 0.0593777 0.0735457 0.0738343 0.0733764 0.0711855 0.0759044 0.0764619 0.0720083 0.0732011 0.0715192 0.0688858 0.0758513 0.0713287 0.0741472 0.0750816 0.0144495 0.0732433 0.0101830 
Igeo       0.0833562 0.0733546 0.0732812 0.0691762 0.0720260 0.0693909 0.0693909 0.0772983 0.0732294 0.0542831 0.0527704 0.0770397 0.0529651 0.0553538 0.0516869 0.0517327 0.0563717 0.0798206 0.0795410 0.0798625 0.0754258 0.0554101 0.0541440 0.0542374 0.0529721 0.0716703 0.0000000 0.0822495 0.0864916 0.0516580 0.0543144 0.0541754 0.0517217 0.0459824 0.0529134 0.0529655 0.0504973 0.0504973 0.0437228 0.0762820 0.0731358 0.0742691 0.0772803 0.0782082 0.0769890 0.0794675 0.0757069 0.0755284 0.0757905 0.0500073 0.0782921 0.0770073 0.0756722 0.0566777 0.0593945 0.0605138 0.0567206 0.0503759 0.0337629 0.0726763 0.0542349 0.0524591 0.0542151 0.0702184 0.0526208 0.0588790 0.0535203 0.0567888 0.0555008 0.0554748 0.0542064 0.0567047 0.0554506 0.0504362 0.0553007 0.0541529 0.0607181 0.0579415 0.0489599 0.0528859 0.0529158 0.0716233 0.0529158 0.0735992 
Kbre       0.0768316 0.0702111 0.0614758 0.0648171 0.0697480 0.0696393 0.0696393 0.0762377 0.0746648 0.0816834 0.0847389 0.0776999 0.0893838 0.0864790 0.0902059 0.0914440 0.0834650 0.0744966 0.0749848 0.0780757 0.0687075 0.0903383 0.0912721 0.0895003 0.0895110 0.0629076 0.0822495 0.0000000 0.0211823 0.0894079 0.0904763 0.0886524 0.0830738 0.0795438 0.0902402 0.0904763 0.0857513 0.0877670 0.0717367 0.0632255 0.0578897 0.0603510 0.0692638 0.0637405 0.0620623 0.0679646 0.0612091 0.0603288 0.0619135 0.0787396 0.0637652 0.0630914 0.0594944 0.0856328 0.0856388 0.0995177 0.0922584 0.0905548 0.0642127 0.0459298 0.0866749 0.0759962 0.0866062 0.0474447 0.0795126 0.0872182 0.0757372 0.0903203 0.0893603 0.0922021 0.0904873 0.0929941 0.0883673 0.0875311 0.0850782 0.0866496 0.0841182 0.0911076 0.0863442 0.0892879 0.0921497 0.0586440 0.0902231 0.0577620 
Ksim       0.0747333 0.0776025 0.0674599 0.0642714 0.0668650 0.0716244 0.0716244 0.0769475 0.0753339 0.0820786 0.0864990 0.0786048 0.0915683 0.0897476 0.0924771 0.0939338 0.0829306 0.0711692 0.0749254 0.0750971 0.0680115 0.0916488 0.0916613 0.0917019 0.0917139 0.0660236 0.0864916 0.0211823 0.0000000 0.0916450 0.0927849 0.0888391 0.0859838 0.0831495 0.0925158 0.0927850 0.0876057 0.0897830 0.0722755 0.0700263 0.0593800 0.0620983 0.0712197 0.0649789 0.0621845 0.0743285 0.0631247 0.0611447 0.0629365 0.0806795 0.0659542 0.0652138 0.0612272 0.0873920 0.0863790 0.1007111 0.0949201 0.0888940 0.0669217 0.0472308 0.0886311 0.0767893 0.0885536 0.0489349 0.0818182 0.0891097 0.0789031 0.0927301 0.0916105 0.0946962 0.0928714 0.0955684 0.0951602 0.0916185 0.0891601 0.0885386 0.0897182 0.0924822 0.0881956 0.0914595 0.0946341 0.0641768 0.0924964 0.0666807 
Lacu       0.0913966 0.0780275 0.0726652 0.0779974 0.0780945 0.0797584 0.0797584 0.0890172 0.0790694 0.0134574 0.0081135 0.0881128 0.0084166 0.0079583 0.0091810 0.0102740 0.0391505 0.0882098 0.0902698 0.0901120 0.0853358 0.0084135 0.0091894 0.0084225 0.0084239 0.0730586 0.0516580 0.0894079 0.0916450 0.0000000 0.0091913 0.0126122 0.0085631 0.0054074 0.0084135 0.0115085 0.0078688 0.0076422 0.0578951 0.0835155 0.0741368 0.0767136 0.0842784 0.0785455 0.0768436 0.0867740 0.0758978 0.0749097 0.0763260 0.0348709 0.0785782 0.0779076 0.0758736 0.0494042 0.0413570 0.0154022 0.0105689 0.0131049 0.0477693 0.0826912 0.0086808 0.0332874 0.0070865 0.0797681 0.0334575 0.0450906 0.0343956 0.0094830 0.0094797 0.0099667 0.0078769 0.0107392 0.0083413 0.0078652 0.0086101 0.0099759 0.0121828 0.0115150 0.0084445 0.0084087 0.0099708 0.0703713 0.0084119 0.0759720 
Lalb       0.0923609 0.0768984 0.0717126 0.0774077 0.0781618 0.0780505 0.0780505 0.0900324 0.0781941 0.0123825 0.0089498 0.0873009 0.0052466 0.0070790 0.0059966 0.0077474 0.0409597 0.0874187 0.0903450 0.0892828 0.0827561 0.0067540 0.0075133 0.0067612 0.0067622 0.0734357 0.0543144 0.0904763 0.0927849 0.0091913 0.0000000 0.0108290 0.0075612 0.0070800 0.0082732 0.0113047 0.0085094 0.0075134 0.0565187 0.0835196 0.0736234 0.0744257 0.0836008 0.0778863 0.0762172 0.0848139 0.0753507 0.0743822 0.0756866 0.0367314 0.0779793 0.0773205 0.0753271 0.0520618 0.0451160 0.0166863 0.0103888 0.0144123 0.0487532 0.0829240 0.0077419 0.0352147 0.0061799 0.0798375 0.0352773 0.0484931 0.0362242 0.0086980 0.0085246 0.0082741 0.0061793 0.0090310 0.0081524 0.0061751 0.0058983 0.0097977 0.0100825 0.0097908 0.0083032 0.0067555 0.0082774 0.0698425 0.0067527 0.0744534 
Laus       0.0921833 0.0805503 0.0697811 0.0767975 0.0775578 0.0774447 0.0774447 0.0888689 0.0820693 0.0090268 0.0041510 0.0859782 0.0108238 0.0128270 0.0115959 0.0135976 0.0436738 0.0852007 0.0900351 0.0889618 0.0813355 0.0100444 0.0116086 0.0108312 0.0108329 0.0700510 0.0541754 0.0886524 0.0888391 0.0126122 0.0108290 0.0000000 0.0075458 0.0119060 0.0131780 0.0092562 0.0071242 0.0061464 0.0541891 0.0770133 0.0711268 0.0719478 0.0811613 0.0746463 0.0729406 0.0818752 0.0728913 0.0719041 0.0712963 0.0393111 0.0755755 0.0748966 0.0728679 0.0411701 0.0427019 0.0186885 0.0131391 0.0163641 0.0492873 0.0789119 0.0127779 0.0385640 0.0111556 0.0755656 0.0387621 0.0453756 0.0397550 0.0138757 0.0135902 0.0131792 0.0111457 0.0139618 0.0126903 0.0119430 0.0122024 0.0147596 0.0156627 0.0147486 0.0132250 0.0123865 0.0131846 0.0672754 0.0115990 0.0715945 
Lbor       0.0870107 0.0762917 0.0678848 0.0712933 0.0719934 0.0718511 0.0718511 0.0834005 0.0756293 0.0069428 0.0035201 0.0759303 0.0067122 0.0084499 0.0075505 0.0095766 0.0404332 0.0793390 0.0841513 0.0833899 0.0769981 0.0084004 0.0075517 0.0075629 0.0075643 0.0660960 0.0517217 0.0830738 0.0859838 0.0085631 0.0075612 0.0075458 0.0000000 0.0084595 0.0084052 0.0050156 0.0033365 0.0025019 0.0572409 0.0746075 0.0672127 0.0690520 0.0741062 0.0710228 0.0691737 0.0761043 0.0681596 0.0680599 0.0678439 0.0357206 0.0700975 0.0703137 0.0681358 0.0384680 0.0387092 0.0109504 0.0075522 0.0101266 0.0474760 0.0736535 0.0092624 0.0366944 0.0075602 0.0715836 0.0346301 0.0440904 0.0368905 0.0094616 0.0092651 0.0084098 0.0075590 0.0101044 0.0052441 0.0083996 0.0077995 0.0075528 0.0094647 0.0109553 0.0092932 0.0084024 0.0083972 0.0621134 0.0075528 0.0684911 
Lhos30470  0.0851966 0.0719515 0.0672432 0.0728489 0.0737001 0.0735479 0.0735479 0.0813616 0.0704804 0.0119062 0.0084324 0.0800362 0.0035183 0.0018986 0.0043975 0.0043995 0.0357756 0.0792094 0.0821291 0.0803039 0.0780346 0.0035181 0.0052872 0.0044054 0.0044062 0.0683530 0.0459824 0.0795438 0.0831495 0.0054074 0.0070800 0.0119060 0.0084595 0.0000000 0.0026346 0.0106442 0.0079578 0.0070722 0.0507846 0.0764915 0.0674657 0.0673597 0.0713097 0.0704298 0.0695221 0.0774844 0.0674128 0.0683530 0.0678275 0.0328077 0.0715000 0.0696296 0.0684328 0.0476939 0.0390623 0.0133312 0.0115408 0.0106451 0.0418735 0.0723387 0.0052932 0.0299872 0.0035199 0.0712572 0.0276775 0.0446057 0.0297806 0.0054180 0.0052949 0.0052899 0.0035193 0.0061754 0.0046151 0.0035132 0.0046956 0.0035161 0.0051223 0.0061740 0.0017542 0.0035146 0.0035162 0.0642657 0.0035162 0.0689241 
Lhos452    0.0939996 0.0791746 0.0725925 0.0790443 0.0798303 0.0797189 0.0797189 0.0916747 0.0809060 0.0140373 0.0089483 0.0889936 0.0029848 0.0026357 0.0037306 0.0053977 0.0425194 0.0890639 0.0920753 0.0909298 0.0862707 0.0059878 0.0067443 0.0059942 0.0059951 0.0750604 0.0529134 0.0902402 0.0925158 0.0084135 0.0082732 0.0131780 0.0084052 0.0026346 0.0000000 0.0120775 0.0085081 0.0082716 0.0575576 0.0857556 0.0752516 0.0760531 0.0853412 0.0795780 0.0779086 0.0846199 0.0769798 0.0760089 0.0765361 0.0382790 0.0796105 0.0789547 0.0769558 0.0519657 0.0441550 0.0143630 0.0095653 0.0136182 0.0477623 0.0845503 0.0061706 0.0359677 0.0046177 0.0815406 0.0352029 0.0483979 0.0370163 0.0039247 0.0038469 0.0059926 0.0046185 0.0052363 0.0030319 0.0030684 0.0033525 0.0059939 0.0063732 0.0059899 0.0029952 0.0029821 0.0037362 0.0714634 0.0029832 0.0743074 
Lobl       0.0959778 0.0804928 0.0758653 0.0809512 0.0817799 0.0816660 0.0816660 0.0936464 0.0820118 0.0106997 0.0064861 0.0910132 0.0105484 0.0106428 0.0113008 0.0132398 0.0442443 0.0892100 0.0941555 0.0929041 0.0863666 0.0105446 0.0113109 0.0105555 0.0105572 0.0751734 0.0529655 0.0904763 0.0927850 0.0115085 0.0113047 0.0092562 0.0050156 0.0106442 0.0120775 0.0000000 0.0046196 0.0052415 0.0587512 0.0836047 0.0753657 0.0744255 0.0845523 0.0779481 0.0762776 0.0847302 0.0770971 0.0761245 0.0747722 0.0399796 0.0797345 0.0790764 0.0753269 0.0537620 0.0469783 0.0174480 0.0119719 0.0151739 0.0506680 0.0829238 0.0116559 0.0385317 0.0100798 0.0798373 0.0378489 0.0509894 0.0397197 0.0126994 0.0124452 0.0120785 0.0092869 0.0128400 0.0091686 0.0108438 0.0109946 0.0136151 0.0137919 0.0136053 0.0121199 0.0120709 0.0120834 0.0715690 0.0105425 0.0753552 
Lobs       0.0906329 0.0763333 0.0716954 0.0761083 0.0769263 0.0767888 0.0767888 0.0882236 0.0778617 0.0081975 0.0032271 0.0863112 0.0077277 0.0079565 0.0084997 0.0103933 0.0396487 0.0845263 0.0893360 0.0882950 0.0835127 0.0077248 0.0085076 0.0077332 0.0077345 0.0703151 0.0504973 0.0857513 0.0876057 0.0078688 0.0085094 0.0071242 0.0033365 0.0079578 0.0085081 0.0046196 0.0000000 0.0023017 0.0587134 0.0797769 0.0705000 0.0722010 0.0795662 0.0749295 0.0732170 0.0813833 0.0722691 0.0712806 0.0724389 0.0353140 0.0749606 0.0742786 0.0722459 0.0501321 0.0428890 0.0131980 0.0095585 0.0116699 0.0487820 0.0781847 0.0085160 0.0345650 0.0069523 0.0747970 0.0336625 0.0473701 0.0355692 0.0094886 0.0092994 0.0092919 0.0071563 0.0100716 0.0060907 0.0087540 0.0084325 0.0077233 0.0109956 0.0108546 0.0093253 0.0092856 0.0085006 0.0666399 0.0077233 0.0723974 
Lper       0.0914751 0.0755552 0.0685625 0.0765355 0.0772714 0.0771610 0.0771610 0.0891459 0.0781987 0.0073762 0.0024199 0.0863904 0.0067551 0.0070711 0.0075051 0.0093089 0.0401446 0.0847281 0.0894106 0.0883946 0.0836732 0.0067528 0.0075119 0.0067599 0.0067610 0.0690353 0.0504973 0.0877670 0.0897830 0.0076422 0.0075134 0.0061464 0.0025019 0.0070722 0.0082716 0.0052415 0.0023017 0.0000000 0.0565819 0.0777052 0.0692118 0.0700116 0.0788209 0.0735061 0.0718449 0.0791116 0.0709269 0.0699700 0.0710926 0.0359243 0.0735356 0.0728713 0.0709047 0.0512146 0.0442562 0.0136032 0.0087602 0.0113375 0.0478753 0.0802791 0.0061762 0.0352110 0.0061787 0.0770786 0.0352436 0.0476590 0.0362205 0.0086962 0.0085229 0.0082725 0.0061733 0.0090292 0.0060940 0.0077229 0.0075877 0.0097957 0.0100771 0.0097888 0.0083016 0.0082670 0.0082758 0.0672484 0.0067515 0.0694314 
Lvex       0.0654833 0.0649708 0.0600105 0.0539353 0.0587511 0.0554505 0.0554505 0.0647555 0.0622959 0.0553771 0.0591900 0.0696339 0.0554223 0.0586242 0.0564222 0.0565818 0.0455610 0.0669490 0.0704831 0.0680503 0.0595543 0.0543655 0.0554179 0.0565184 0.0565278 0.0568542 0.0437228 0.0717367 0.0722755 0.0578951 0.0565187 0.0541891 0.0572409 0.0507846 0.0575576 0.0587512 0.0587134 0.0565819 0.0000000 0.0592230 0.0528008 0.0537688 0.0654818 0.0549026 0.0539021 0.0690747 0.0559561 0.0537399 0.0562547 0.0392524 0.0580617 0.0571441 0.0527917 0.0590103 0.0492822 0.0618774 0.0621144 0.0563460 0.0335184 0.0547403 0.0554545 0.0363525 0.0554372 0.0526943 0.0378498 0.0445549 0.0389100 0.0590604 0.0575976 0.0586337 0.0565495 0.0585406 0.0647618 0.0554416 0.0610576 0.0564393 0.0598539 0.0596715 0.0541322 0.0575319 0.0574871 0.0559086 0.0564372 0.0543788 
Mbid       0.0508291 0.0288957 0.0219093 0.0443123 0.0454497 0.0486594 0.0486594 0.0543375 0.0492562 0.0739796 0.0798259 0.0518999 0.0822174 0.0792185 0.0832853 0.0821355 0.0759073 0.0498572 0.0521359 0.0542910 0.0506991 0.0822924 0.0833895 0.0833960 0.0834092 0.0129372 0.0762820 0.0632255 0.0700263 0.0835155 0.0835196 0.0770133 0.0746075 0.0764915 0.0857556 0.0836047 0.0797769 0.0777052 0.0592230 0.0000000 0.0119550 0.0119321 0.0135672 0.0099231 0.0089360 0.0129335 0.0109327 0.0099239 0.0093329 0.0721552 0.0139535 0.0129749 0.0119317 0.0890814 0.0746694 0.0882372 0.0831197 0.0812556 0.0611830 0.0412804 0.0808730 0.0643868 0.0808264 0.0424566 0.0660651 0.0820246 0.0633306 0.0833382 0.0845103 0.0811591 0.0809507 0.0868806 0.0868901 0.0820383 0.0817382 0.0809994 0.0758767 0.0856386 0.0807258 0.0845242 0.0857850 0.0180548 0.0833064 0.0162075 
Mbow       0.0504448 0.0247092 0.0181192 0.0406520 0.0431860 0.0431161 0.0431161 0.0498222 0.0493914 0.0653934 0.0724947 0.0504379 0.0726083 0.0731320 0.0734152 0.0740876 0.0669033 0.0464850 0.0489949 0.0498305 0.0444185 0.0735067 0.0744043 0.0734894 0.0734986 0.0105707 0.0731358 0.0578897 0.0593800 0.0741368 0.0736234 0.0711268 0.0672127 0.0674657 0.0752516 0.0753657 0.0705000 0.0692118 0.0528008 0.0119550 0.0000000 0.0060032 0.0112882 0.0082680 0.0067635 0.0122872 0.0060032 0.0037414 0.0070248 0.0623935 0.0082703 0.0075363 0.0060012 0.0785462 0.0683321 0.0806644 0.0746540 0.0735896 0.0577858 0.0439221 0.0695525 0.0588951 0.0712909 0.0444976 0.0613837 0.0730673 0.0613671 0.0746561 0.0740279 0.0735638 0.0713727 0.0760977 0.0766690 0.0721972 0.0733668 0.0717014 0.0701059 0.0760443 0.0715104 0.0743361 0.0752729 0.0152398 0.0734297 0.0136469 
Mcar       0.0512090 0.0235634 0.0162528 0.0414140 0.0439644 0.0422471 0.0422471 0.0505895 0.0484294 0.0652976 0.0742878 0.0495167 0.0734082 0.0730174 0.0742149 0.0731078 0.0693905 0.0472507 0.0498007 0.0505978 0.0435266 0.0743082 0.0752063 0.0742899 0.0742991 0.0120836 0.0742691 0.0603510 0.0620983 0.0767136 0.0744257 0.0719478 0.0690520 0.0673597 0.0760531 0.0744255 0.0722010 0.0700116 0.0537688 0.0119321 0.0060032 0.0000000 0.0129032 0.0097735 0.0082683 0.0113126 0.0075057 0.0052402 0.0085878 0.0648599 0.0097764 0.0090456 0.0059942 0.0811310 0.0710674 0.0823338 0.0764126 0.0761176 0.0595864 0.0430570 0.0730224 0.0614117 0.0729909 0.0435882 0.0640453 0.0755826 0.0640305 0.0763947 0.0757316 0.0743657 0.0721969 0.0768992 0.0789186 0.0730203 0.0752234 0.0742163 0.0699925 0.0768453 0.0723081 0.0751367 0.0760745 0.0167671 0.0742296 0.0127661 
Mden       0.0566635 0.0187826 0.0188803 0.0478556 0.0507106 0.0506241 0.0506241 0.0568746 0.0537820 0.0742899 0.0831763 0.0547520 0.0824766 0.0784530 0.0833415 0.0811115 0.0771516 0.0541790 0.0563299 0.0578025 0.0511985 0.0834637 0.0834261 0.0834312 0.0834419 0.0145626 0.0772803 0.0692638 0.0712197 0.0842784 0.0836008 0.0811613 0.0741062 0.0713097 0.0853412 0.0845523 0.0795662 0.0788209 0.0654818 0.0135672 0.0112882 0.0129032 0.0000000 0.0137144 0.0120981 0.0113623 0.0096520 0.0104555 0.0074567 0.0722918 0.0096561 0.0096676 0.0080315 0.0899490 0.0759337 0.0912200 0.0829700 0.0835635 0.0674208 0.0505192 0.0814040 0.0687605 0.0795647 0.0488220 0.0696709 0.0839306 0.0676976 0.0851484 0.0843279 0.0825918 0.0791792 0.0853231 0.0791369 0.0800510 0.0805792 0.0814894 0.0776208 0.0861875 0.0812668 0.0843447 0.0844220 0.0204517 0.0833586 0.0178134 
Meur       0.0528478 0.0246431 0.0189976 0.0430271 0.0456181 0.0455447 0.0455447 0.0522321 0.0501898 0.0681400 0.0771696 0.0520543 0.0769165 0.0771684 0.0777251 0.0776200 0.0711495 0.0488842 0.0515256 0.0506001 0.0459916 0.0778267 0.0787311 0.0778037 0.0778132 0.0128423 0.0782082 0.0637405 0.0649789 0.0785455 0.0778863 0.0746463 0.0710228 0.0704298 0.0795780 0.0779481 0.0749295 0.0735061 0.0549026 0.0099231 0.0082680 0.0097735 0.0137144 0.0000000 0.0059979 0.0122580 0.0082583 0.0074983 0.0062291 0.0665996 0.0105312 0.0098019 0.0082556 0.0829740 0.0711165 0.0850324 0.0791770 0.0779145 0.0596422 0.0463066 0.0757519 0.0623123 0.0757200 0.0470036 0.0649995 0.0764948 0.0649852 0.0791931 0.0784720 0.0778863 0.0758065 0.0804272 0.0801788 0.0766288 0.0782096 0.0760014 0.0721365 0.0803708 0.0758027 0.0786545 0.0795998 0.0183101 0.0777403 0.0144962 
Mgin       0.0512531 0.0225017 0.0171898 0.0414494 0.0439728 0.0439317 0.0439317 0.0506331 0.0493720 0.0672971 0.0744176 0.0512721 0.0752523 0.0752244 0.0760608 0.0768201 0.0695055 0.0472914 0.0489779 0.0506415 0.0443630 0.0761580 0.0770602 0.0761377 0.0761472 0.0113291 0.0769890 0.0620623 0.0621845 0.0768436 0.0762172 0.0729406 0.0691737 0.0695221 0.0779086 0.0762776 0.0732170 0.0718449 0.0539021 0.0089360 0.0067635 0.0082683 0.0120981 0.0059979 0.0000000 0.0103734 0.0067555 0.0059975 0.0046710 0.0649677 0.0090248 0.0082923 0.0067533 0.0812680 0.0692608 0.0833507 0.0774065 0.0762445 0.0568989 0.0447231 0.0740397 0.0606480 0.0740081 0.0453400 0.0632403 0.0748348 0.0623090 0.0774420 0.0767564 0.0762167 0.0740930 0.0787573 0.0790186 0.0749166 0.0753593 0.0743398 0.0711894 0.0787020 0.0741434 0.0769876 0.0779303 0.0167811 0.0760758 0.0136407 
Mgra       0.0596565 0.0244357 0.0223444 0.0482129 0.0505741 0.0484104 0.0484104 0.0578218 0.0522064 0.0773059 0.0833814 0.0543708 0.0823875 0.0830079 0.0834028 0.0834671 0.0817909 0.0556341 0.0592719 0.0588104 0.0522256 0.0846511 0.0822996 0.0846107 0.0846234 0.0161319 0.0794675 0.0679646 0.0743285 0.0867740 0.0848139 0.0818752 0.0761043 0.0774844 0.0846199 0.0847302 0.0813833 0.0791116 0.0690747 0.0129335 0.0122872 0.0113126 0.0113623 0.0122580 0.0103734 0.0000000 0.0113162 0.0103587 0.0104354 0.0749005 0.0094218 0.0103700 0.0094137 0.0946578 0.0795936 0.0892049 0.0870197 0.0822659 0.0683599 0.0462426 0.0835651 0.0685650 0.0835208 0.0474878 0.0717475 0.0793889 0.0704359 0.0867709 0.0857970 0.0825227 0.0813808 0.0857299 0.0863828 0.0823760 0.0823192 0.0834271 0.0779513 0.0867446 0.0809684 0.0845808 0.0834093 0.0220931 0.0834228 0.0190543 
