86
Bacu       0.0000000 0.0606125 0.0617352 0.0120203 0.0203302 0.0222158 0.0213680 0.0280096 0.0209132 0.0217754 0.0703901 0.0693109 0.0335218 0.0653152 0.0667060 0.0650163 0.0650528 0.0647138 0.0568948 0.0342895 0.0306196 0.0331908 0.0220646 0.0607602 0.0609801 0.0601510 0.0606264 0.0535327 0.0687741 0.0779410 0.0755757 0.0661334 0.0617581 0.0703149 0.0650165 0.0632291 0.0616548 0.0675294 0.0676057 0.0694715 0.0606456 0.0571204 0.0548557 0.0571785 0.0538150 0.0561431 0.0573485 0.0533946 0.0579794 0.0546245 0.0607341 0.0588659 0.0605181 0.0562366 0.0577971 0.0588116 0.0649396 0.0639671 0.0609892 0.0659146 0.0576034 0.0624391 0.0617476 0.0589572 0.0612553 0.0706033 0.0579293 0.0613711 0.0574441 0.0651789 0.0650762 0.0631749 0.0608359 0.0644797 0.0650249 0.0640722 0.0610874 0.0598409 0.0664105 0.0640203 0.0640129 0.0652727 0.0641258 0.0537743 0.0639018 0.0570335 
Barn       0.0606125 0.0000000 0.0027089 0.0576607 0.0592182 0.0594891 0.0599618 0.0710647 0.0551129 0.0568175 0.0530445 0.0530689 0.0577663 0.0491145 0.0494478 0.0494923 0.0496317 0.0483314 0.0395093 0.0504139 0.0493950 0.0505166 0.0531326 0.0451721 0.0450927 0.0434095 0.0449303 0.0190171 0.0488078 0.0707139 0.0654005 0.0510519 0.0488286 0.0555075 0.0531121 0.0468561 0.0485170 0.0515001 0.0503130 0.0542298 0.0218365 0.0219993 0.0214799 0.0237153 0.0205840 0.0222517 0.0220259 0.0214336 0.0229774 0.0192620 0.0417867 0.0245844 0.0265913 0.0212323 0.0407454 0.0407828 0.0480769 0.0468934 0.0477267 0.0447624 0.0519202 0.0453797 0.0450976 0.0392508 0.0448029 0.0573668 0.0399048 0.0429390 0.0389449 0.0503520 0.0509355 0.0493104 0.0477491 0.0495947 0.0483143 0.0500109 0.0478543 0.0486881 0.0491970 0.0491024 0.0491661 0.0500096 0.0474333 0.0211936 0.0503840 0.0222099 
Bbai       0.0617352 0.0027089 0.0000000 0.0604208 0.0606373 0.0608701 0.0610551 0.0691028 0.0586874 0.0584937 0.0537630 0.0531668 0.0621091 0.0495990 0.0502350 0.0499008 0.0503002 0.0495183 0.0409716 0.0513892 0.0507076 0.0525664 0.0555651 0.0461741 0.0464664 0.0456610 0.0468586 0.0195501 0.0514182 0.0693475 0.0666988 0.0503001 0.0487645 0.0553169 0.0531917 0.0487652 0.0498374 0.0517945 0.0508403 0.0530317 0.0239332 0.0228615 0.0220155 0.0235988 0.0210820 0.0224181 0.0203309 0.0220971 0.0241880 0.0209031 0.0434040 0.0244147 0.0270254 0.0229632 0.0416154 0.0421575 0.0485476 0.0475743 0.0472708 0.0493969 0.0521421 0.0469444 0.0465205 0.0401458 0.0464996 0.0588165 0.0411095 0.0433897 0.0397090 0.0502501 0.0507834 0.0497846 0.0479061 0.0507923 0.0458933 0.0496858 0.0479897 0.0489457 0.0488680 0.0493023 0.0485455 0.0506592 0.0485674 0.0232886 0.0502665 0.0229999 
Bbon       0.0120203 0.0576607 0.0604208 0.0000000 0.0179278 0.0213291 0.0202189 0.0261914 0.0187734 0.0184207 0.0677141 0.0680460 0.0339549 0.0655126 0.0664448 0.0655938 0.0650280 0.0642582 0.0569499 0.0319436 0.0279367 0.0309243 0.0207498 0.0610495 0.0609433 0.0603478 0.0611899 0.0553417 0.0672851 0.0767628 0.0734033 0.0649561 0.0626843 0.0694567 0.0634750 0.0631672 0.0623239 0.0662155 0.0665544 0.0681301 0.0604674 0.0580802 0.0556756 0.0574597 0.0556384 0.0575594 0.0561829 0.0529667 0.0582557 0.0546327 0.0592666 0.0589763 0.0615191 0.0559224 0.0570347 0.0574354 0.0639512 0.0620909 0.0612902 0.0656993 0.0585144 0.0626735 0.0609581 0.0582465 0.0606982 0.0716757 0.0592888 0.0614038 0.0580397 0.0652443 0.0646424 0.0637590 0.0612936 0.0644125 0.0619879 0.0639854 0.0619465 0.0605406 0.0652311 0.0639267 0.0642245 0.0658254 0.0646009 0.0550223 0.0644043 0.0577986 
Bbor       0.0203302 0.0592182 0.0606373 0.0179278 0.0000000 0.0048633 0.0049252 0.0207492 0.0176434 0.0170152 0.0693103 0.0684930 0.0339684 0.0655087 0.0676096 0.0655863 0.0662440 0.0654197 0.0556067 0.0324215 0.0301911 0.0315107 0.0191017 0.0594583 0.0603101 0.0600367 0.0605266 0.0519870 0.0686091 0.0762169 0.0717194 0.0640288 0.0620002 0.0683941 0.0644729 0.0649559 0.0626526 0.0665009 0.0658888 0.0672108 0.0600589 0.0557700 0.0546566 0.0556391 0.0532610 0.0546292 0.0542286 0.0542958 0.0564302 0.0543935 0.0589742 0.0576598 0.0598869 0.0548979 0.0554144 0.0569649 0.0633840 0.0624044 0.0626221 0.0641412 0.0554842 0.0616649 0.0590054 0.0561997 0.0608028 0.0696908 0.0558688 0.0587653 0.0563586 0.0655305 0.0652872 0.0633092 0.0614628 0.0652888 0.0632928 0.0645613 0.0618173 0.0610748 0.0663310 0.0639917 0.0639302 0.0657922 0.0641061 0.0519421 0.0650559 0.0580583 
Bede66737  0.0222158 0.0594891 0.0608701 0.0213291 0.0048633 0.0000000 0.0004695 0.0231246 0.0199897 0.0189309 0.0700400 0.0693633 0.0342240 0.0648825 0.0672889 0.0649124 0.0655697 0.0648568 0.0558343 0.0319928 0.0294137 0.0307232 0.0196160 0.0594090 0.0597081 0.0599842 0.0604724 0.0530658 0.0684996 0.0755343 0.0716005 0.0643461 0.0616398 0.0691433 0.0650338 0.0644784 0.0623540 0.0672543 0.0667500 0.0682669 0.0599496 0.0571701 0.0557338 0.0569812 0.0546409 0.0559870 0.0561876 0.0548468 0.0575055 0.0551993 0.0589145 0.0590313 0.0604261 0.0562876 0.0561994 0.0577586 0.0636718 0.0626740 0.0622576 0.0649204 0.0551677 0.0613573 0.0601568 0.0567559 0.0608088 0.0696364 0.0559250 0.0592657 0.0566552 0.0654327 0.0652761 0.0630131 0.0612008 0.0649872 0.0617139 0.0641849 0.0615103 0.0616320 0.0656318 0.0636187 0.0632675 0.0651204 0.0640140 0.0533240 0.0646766 0.0576661 
BedeAUS    0.0213680 0.0599618 0.0610551 0.0202189 0.0049252 0.0004695 0.0000000 0.0233014 0.0198471 0.0189230 0.0695073 0.0682698 0.0344400 0.0653413 0.0668400 0.0654204 0.0657377 0.0652500 0.0549922 0.0310512 0.0290575 0.0301223 0.0192422 0.0594402 0.0597303 0.0595550 0.0602306 0.0529261 0.0685215 0.0757686 0.0714931 0.0641235 0.0617209 0.0685530 0.0651159 0.0641953 0.0620994 0.0665350 0.0662170 0.0676153 0.0595769 0.0568100 0.0548999 0.0563981 0.0538797 0.0556402 0.0557701 0.0548490 0.0574929 0.0548632 0.0581132 0.0579540 0.0610417 0.0553265 0.0553689 0.0572042 0.0631402 0.0618025 0.0623499 0.0640270 0.0550971 0.0611844 0.0597396 0.0559899 0.0606294 0.0701386 0.0555175 0.0587647 0.0561071 0.0652944 0.0650471 0.0630445 0.0611772 0.0642610 0.0623146 0.0643750 0.0617265 0.0614875 0.0659328 0.0637934 0.0634446 0.0656315 0.0642053 0.0534644 0.0645369 0.0578181 
Bmus       0.0280096 0.0710647 0.0691028 0.0261914 0.0207492 0.0231246 0.0233014 0.0000000 0.0254245 0.0246193 0.0750044 0.0759465 0.0401808 0.0738535 0.0757440 0.0735081 0.0734186 0.0733360 0.0635798 0.0381434 0.0358823 0.0368290 0.0263532 0.0684899 0.0692782 0.0684581 0.0688348 0.0607831 0.0771189 0.0820330 0.0795633 0.0735767 0.0697200 0.0768849 0.0726703 0.0703600 0.0703241 0.0742330 0.0741866 0.0761902 0.0666248 0.0629874 0.0624283 0.0638794 0.0619858 0.0632500 0.0632693 0.0607773 0.0653122 0.0614510 0.0669692 0.0661320 0.0685583 0.0634106 0.0639303 0.0650706 0.0715445 0.0705846 0.0692203 0.0723754 0.0618004 0.0697415 0.0717333 0.0652909 0.0696686 0.0757456 0.0653623 0.0676265 0.0635142 0.0734387 0.0720148 0.0709032 0.0691271 0.0721093 0.0708108 0.0724185 0.0684789 0.0693780 0.0731735 0.0718445 0.0709625 0.0730876 0.0728046 0.0607844 0.0722221 0.0664094 
Bphy       0.0209132 0.0551129 0.0586874 0.0187734 0.0176434 0.0199897 0.0198471 0.0254245 0.0000000 0.0035083 0.0687710 0.0677136 0.0317982 0.0642045 0.0653638 0.0638751 0.0642374 0.0644884 0.0544354 0.0298828 0.0261723 0.0273054 0.0187913 0.0585203 0.0584535 0.0577176 0.0584184 0.0516153 0.0689805 0.0741957 0.0694286 0.0636498 0.0615232 0.0685143 0.0671331 0.0638263 0.0618099 0.0654740 0.0651947 0.0678513 0.0588162 0.0561084 0.0541965 0.0555650 0.0541090 0.0550736 0.0564935 0.0531602 0.0570128 0.0528826 0.0568554 0.0577397 0.0594648 0.0550678 0.0529407 0.0548699 0.0638261 0.0616261 0.0612952 0.0634130 0.0557919 0.0600373 0.0564902 0.0549772 0.0590516 0.0682653 0.0552253 0.0570364 0.0547685 0.0638219 0.0643840 0.0624715 0.0608146 0.0639134 0.0603626 0.0637672 0.0616289 0.0609931 0.0644125 0.0627757 0.0630754 0.0651006 0.0628328 0.0509363 0.0632752 0.0560930 
Bphy_baits 0.0217754 0.0568175 0.0584937 0.0184207 0.0170152 0.0189309 0.0189230 0.0246193 0.0035083 0.0000000 0.0663699 0.0658012 0.0330105 0.0635476 0.0637948 0.0636288 0.0636915 0.0628695 0.0524316 0.0297124 0.0272824 0.0284079 0.0190629 0.0579357 0.0585316 0.0577771 0.0585000 0.0521782 0.0679457 0.0741069 0.0699087 0.0622701 0.0609558 0.0669256 0.0647171 0.0621459 0.0610609 0.0639474 0.0635943 0.0653447 0.0581984 0.0553940 0.0537399 0.0553321 0.0535563 0.0553533 0.0521493 0.0530950 0.0579565 0.0524649 0.0551234 0.0569035 0.0597480 0.0537706 0.0521280 0.0539510 0.0609541 0.0592270 0.0598196 0.0610435 0.0546084 0.0587102 0.0555138 0.0530186 0.0591999 0.0668531 0.0535040 0.0562524 0.0530813 0.0631304 0.0631939 0.0614521 0.0594927 0.0624635 0.0613060 0.0631491 0.0611670 0.0593830 0.0638581 0.0622429 0.0621696 0.0644707 0.0619278 0.0530389 0.0627412 0.0556667 
Ccom       0.0703901 0.0530445 0.0537630 0.0677141 0.0693103 0.0700400 0.0695073 0.0750044 0.0687710 0.0663699 0.0000000 0.0043248 0.0653689 0.0164703 0.0174105 0.0178414 0.0179769 0.0167944 0.0292832 0.0590632 0.0583040 0.0602482 0.0625331 0.0166600 0.0158538 0.0163818 0.0174487 0.0489239 0.0521193 0.0764654 0.0726819 0.0222655 0.0207099 0.0035578 0.0075154 0.0173748 0.0158143 0.0073996 0.0076960 0.0066734 0.0519389 0.0512409 0.0508528 0.0527426 0.0488414 0.0518443 0.0509794 0.0499294 0.0520505 0.0493549 0.0321093 0.0521083 0.0545732 0.0501739 0.0321722 0.0325160 0.0207238 0.0179919 0.0196514 0.0485812 0.0618414 0.0196027 0.0354869 0.0309661 0.0174737 0.0732662 0.0309351 0.0346423 0.0306568 0.0173145 0.0165111 0.0177849 0.0163987 0.0171661 0.0199252 0.0185331 0.0159004 0.0171860 0.0169210 0.0169396 0.0180116 0.0199207 0.0179242 0.0514657 0.0187687 0.0514584 
Chea       0.0693109 0.0530689 0.0531668 0.0680460 0.0684930 0.0693633 0.0682698 0.0759465 0.0677136 0.0658012 0.0043248 0.0000000 0.0655815 0.0149147 0.0159503 0.0161510 0.0161412 0.0148421 0.0282424 0.0594811 0.0579191 0.0600560 0.0633184 0.0159757 0.0153414 0.0151610 0.0163938 0.0492887 0.0493546 0.0771606 0.0727230 0.0202692 0.0185833 0.0027527 0.0059556 0.0149084 0.0136954 0.0059563 0.0060130 0.0049568 0.0499723 0.0510057 0.0497697 0.0524676 0.0480325 0.0511037 0.0504278 0.0494586 0.0512959 0.0479750 0.0310371 0.0518018 0.0530079 0.0493042 0.0308257 0.0311208 0.0200699 0.0172506 0.0178873 0.0460701 0.0612056 0.0186918 0.0341257 0.0299832 0.0164330 0.0716681 0.0293605 0.0327732 0.0282602 0.0160349 0.0151178 0.0164426 0.0148475 0.0158931 0.0178239 0.0162957 0.0142785 0.0163990 0.0154060 0.0153444 0.0154562 0.0172974 0.0163298 0.0505599 0.0170944 0.0501415 
Cmar       0.0335218 0.0577663 0.0621091 0.0339549 0.0339684 0.0342240 0.0344400 0.0401808 0.0317982 0.0330105 0.0653689 0.0655815 0.0000000 0.0642792 0.0657733 0.0647164 0.0644463 0.0647995 0.0569438 0.0345633 0.0326796 0.0345880 0.0317164 0.0610082 0.0606252 0.0604816 0.0611510 0.0559248 0.0663994 0.0778136 0.0745892 0.0641428 0.0626417 0.0672967 0.0639489 0.0650791 0.0634460 0.0649518 0.0637067 0.0654364 0.0635227 0.0578624 0.0565726 0.0598942 0.0570204 0.0585263 0.0548037 0.0561528 0.0601861 0.0555649 0.0599140 0.0606783 0.0645035 0.0576619 0.0558604 0.0572275 0.0635915 0.0635525 0.0636249 0.0641629 0.0582880 0.0622311 0.0612146 0.0560931 0.0617648 0.0770503 0.0554320 0.0591247 0.0564421 0.0645861 0.0651473 0.0638010 0.0621505 0.0643337 0.0613175 0.0649073 0.0619639 0.0637728 0.0663105 0.0642238 0.0636298 0.0665236 0.0630436 0.0565031 0.0647008 0.0582295 
Dcap108471 0.0653152 0.0491145 0.0495990 0.0655126 0.0655087 0.0648825 0.0653413 0.0738535 0.0642045 0.0635476 0.0164703 0.0149147 0.0642792 0.0000000 0.0009609 0.0013605 0.0011268 0.0020579 0.0238203 0.0578567 0.0573217 0.0587879 0.0605979 0.0135648 0.0129588 0.0126503 0.0136579 0.0445635 0.0460763 0.0751882 0.0713032 0.0181367 0.0138768 0.0158627 0.0136637 0.0075511 0.0071660 0.0138760 0.0131746 0.0147638 0.0458479 0.0472761 0.0456553 0.0479711 0.0443330 0.0468409 0.0458732 0.0461582 0.0484095 0.0449167 0.0258072 0.0477452 0.0490750 0.0461588 0.0265956 0.0268132 0.0167687 0.0142232 0.0146100 0.0432309 0.0574088 0.0149102 0.0299582 0.0255289 0.0142513 0.0683049 0.0254859 0.0284842 0.0239391 0.0046356 0.0059369 0.0134577 0.0123530 0.0085846 0.0089551 0.0063791 0.0064295 0.0097577 0.0052797 0.0040867 0.0059700 0.0056979 0.0058715 0.0473986 0.0063772 0.0463225 
Dcap79929  0.0667060 0.0494478 0.0502350 0.0664448 0.0676096 0.0672889 0.0668400 0.0757440 0.0653638 0.0637948 0.0174105 0.0159503 0.0657733 0.0009609 0.0000000 0.0023975 0.0021371 0.0021882 0.0251120 0.0594280 0.0579864 0.0597057 0.0617505 0.0140110 0.0140134 0.0127192 0.0141229 0.0455362 0.0458326 0.0767912 0.0728243 0.0199042 0.0151103 0.0171192 0.0142574 0.0082950 0.0082399 0.0148639 0.0142997 0.0158154 0.0468609 0.0481836 0.0461444 0.0492557 0.0450829 0.0482359 0.0475469 0.0475924 0.0491608 0.0454694 0.0277268 0.0489686 0.0498863 0.0477841 0.0280380 0.0281220 0.0173952 0.0149769 0.0156291 0.0436529 0.0589293 0.0154650 0.0315221 0.0264369 0.0150308 0.0685073 0.0266741 0.0303080 0.0252206 0.0058352 0.0076591 0.0146762 0.0132644 0.0097189 0.0097833 0.0080012 0.0080234 0.0107255 0.0060462 0.0055577 0.0073307 0.0070305 0.0075135 0.0485410 0.0079271 0.0463531 
Ddel       0.0650163 0.0494923 0.0499008 0.0655938 0.0655863 0.0649124 0.0654204 0.0735081 0.0638751 0.0636288 0.0178414 0.0161510 0.0647164 0.0013605 0.0023975 0.0000000 0.0024753 0.0025308 0.0242071 0.0578766 0.0576767 0.0590513 0.0598223 0.0139840 0.0133757 0.0130733 0.0140725 0.0446284 0.0464200 0.0754062 0.0716904 0.0183951 0.0142903 0.0169935 0.0148953 0.0078527 0.0078329 0.0147653 0.0141563 0.0159206 0.0458391 0.0470678 0.0454613 0.0477677 0.0443980 0.0468802 0.0458666 0.0464814 0.0482022 0.0449806 0.0266820 0.0475374 0.0488552 0.0462065 0.0269744 0.0271975 0.0172657 0.0147163 0.0150220 0.0432419 0.0574196 0.0151507 0.0297589 0.0257760 0.0147454 0.0682885 0.0257423 0.0291097 0.0243549 0.0050546 0.0066655 0.0139470 0.0128425 0.0097763 0.0094490 0.0070416 0.0068790 0.0104778 0.0057865 0.0045267 0.0066397 0.0061322 0.0067945 0.0474324 0.0070394 0.0473154 
Ddel2      0.0650528 0.0496317 0.0503002 0.0650280 0.0662440 0.0655697 0.0657377 0.0734186 0.0642374 0.0636915 0.0179769 0.0161412 0.0644463 0.0011268 0.0021371 0.0024753 0.0000000 0.0022831 0.0243194 0.0585596 0.0575454 0.0590567 0.0613590 0.0143660 0.0137572 0.0135799 0.0143266 0.0456781 0.0463567 0.0747088 0.0716158 0.0195745 0.0145411 0.0171190 0.0149048 0.0087373 0.0075294 0.0150087 0.0144141 0.0155681 0.0463216 0.0484086 0.0467625 0.0491323 0.0447874 0.0474185 0.0460415 0.0471514 0.0493115 0.0454036 0.0267589 0.0488595 0.0502807 0.0468532 0.0270473 0.0272680 0.0169930 0.0144835 0.0152631 0.0436082 0.0575659 0.0150084 0.0306820 0.0260451 0.0151246 0.0696676 0.0260219 0.0291520 0.0246566 0.0061635 0.0075137 0.0142060 0.0131185 0.0089216 0.0088507 0.0076837 0.0078424 0.0106444 0.0065515 0.0054065 0.0070566 0.0063209 0.0072202 0.0479707 0.0071618 0.0474031 
Ddeltrop   0.0647138 0.0483314 0.0495183 0.0642582 0.0654197 0.0648568 0.0652500 0.0733360 0.0644884 0.0628695 0.0167944 0.0148421 0.0647995 0.0020579 0.0021882 0.0025308 0.0022831 0.0000000 0.0233559 0.0580357 0.0572091 0.0590531 0.0602826 0.0132351 0.0126262 0.0125518 0.0133325 0.0448824 0.0459060 0.0752505 0.0713225 0.0185950 0.0137975 0.0158016 0.0139672 0.0071015 0.0060683 0.0137938 0.0130831 0.0139478 0.0451927 0.0476426 0.0459883 0.0480629 0.0438388 0.0463795 0.0457372 0.0460710 0.0487800 0.0448202 0.0256139 0.0478367 0.0495603 0.0456815 0.0261610 0.0263733 0.0152575 0.0126900 0.0145387 0.0423540 0.0573074 0.0141060 0.0294023 0.0251041 0.0139291 0.0674205 0.0250216 0.0280666 0.0237685 0.0056448 0.0062509 0.0133734 0.0121479 0.0079649 0.0080818 0.0071525 0.0072469 0.0089152 0.0061272 0.0052946 0.0067447 0.0064629 0.0076299 0.0469536 0.0071502 0.0477821 
Dleu       0.0568948 0.0395093 0.0409716 0.0569499 0.0556067 0.0558343 0.0549922 0.0635798 0.0544354 0.0524316 0.0292832 0.0282424 0.0569438 0.0238203 0.0251120 0.0242071 0.0243194 0.0233559 0.0000000 0.0488416 0.0464099 0.0493996 0.0515886 0.0216000 0.0218721 0.0209945 0.0219011 0.0356338 0.0382016 0.0654349 0.0610637 0.0259887 0.0228752 0.0291036 0.0258647 0.0231161 0.0235853 0.0262305 0.0258806 0.0267570 0.0386875 0.0382071 0.0376885 0.0398815 0.0349314 0.0377471 0.0357498 0.0370385 0.0402317 0.0363005 0.0067066 0.0393049 0.0418967 0.0368428 0.0124655 0.0131486 0.0249533 0.0236422 0.0226525 0.0347689 0.0480355 0.0233475 0.0128423 0.0128029 0.0221534 0.0599588 0.0127962 0.0153309 0.0120274 0.0243734 0.0247982 0.0238043 0.0222530 0.0248118 0.0253074 0.0240853 0.0222295 0.0232464 0.0242847 0.0230866 0.0240150 0.0248519 0.0240523 0.0386480 0.0243089 0.0408999 
Eaus       0.0342895 0.0504139 0.0513892 0.0319436 0.0324215 0.0319928 0.0310512 0.0381434 0.0298828 0.0297124 0.0590632 0.0594811 0.0345633 0.0578567 0.0594280 0.0578766 0.0585596 0.0580357 0.0488416 0.0000000 0.0049855 0.0046691 0.0267929 0.0528276 0.0531125 0.0524823 0.0533311 0.0456548 0.0585988 0.0702759 0.0647814 0.0574157 0.0550007 0.0614194 0.0588761 0.0568840 0.0570201 0.0590421 0.0583850 0.0595133 0.0500328 0.0490723 0.0476573 0.0505400 0.0472566 0.0483985 0.0456072 0.0456936 0.0509907 0.0453255 0.0520940 0.0495942 0.0524279 0.0476981 0.0489197 0.0497820 0.0575693 0.0562802 0.0545098 0.0552147 0.0495820 0.0546117 0.0514639 0.0495464 0.0530053 0.0595159 0.0490205 0.0521395 0.0488707 0.0585435 0.0578970 0.0563498 0.0548195 0.0572476 0.0575464 0.0575383 0.0548423 0.0552230 0.0578060 0.0569224 0.0559985 0.0581608 0.0565210 0.0469466 0.0574179 0.0502213 
Egla       0.0306196 0.0493950 0.0507076 0.0279367 0.0301911 0.0294137 0.0290575 0.0358823 0.0261723 0.0272824 0.0583040 0.0579191 0.0326796 0.0573217 0.0579864 0.0576767 0.0575454 0.0572091 0.0464099 0.0049855 0.0000000 0.0018905 0.0246705 0.0517816 0.0520817 0.0512776 0.0520917 0.0450302 0.0575441 0.0679457 0.0632868 0.0564984 0.0541436 0.0604442 0.0588163 0.0564764 0.0561284 0.0571525 0.0567986 0.0582957 0.0487350 0.0479646 0.0458246 0.0489254 0.0450534 0.0470635 0.0445141 0.0456728 0.0492675 0.0437948 0.0500305 0.0490632 0.0522528 0.0465493 0.0462190 0.0473259 0.0558859 0.0544168 0.0539081 0.0537798 0.0475996 0.0536888 0.0504481 0.0471449 0.0518190 0.0584120 0.0478663 0.0495291 0.0475787 0.0576236 0.0573658 0.0553383 0.0536197 0.0562651 0.0562836 0.0570417 0.0547123 0.0549033 0.0579295 0.0563984 0.0560312 0.0579503 0.0561366 0.0463721 0.0563653 0.0487123 
Ejap       0.0331908 0.0505166 0.0525664 0.0309243 0.0315107 0.0307232 0.0301223 0.0368290 0.0273054 0.0284079 0.0602482 0.0600560 0.0345880 0.0587879 0.0597057 0.0590513 0.0590567 0.0590531 0.0493996 0.0046691 0.0018905 0.0000000 0.0260873 0.0537156 0.0539863 0.0524471 0.0537113 0.0461132 0.0595469 0.0694478 0.0659271 0.0576432 0.0554185 0.0625521 0.0604678 0.0574334 0.0575745 0.0592583 0.0592228 0.0606545 0.0498750 0.0483114 0.0467956 0.0496738 0.0467614 0.0489224 0.0448509 0.0464670 0.0501240 0.0452123 0.0521695 0.0503751 0.0526484 0.0483824 0.0492020 0.0500879 0.0574237 0.0557985 0.0549116 0.0561583 0.0501017 0.0551818 0.0527657 0.0496439 0.0537419 0.0602852 0.0500213 0.0524996 0.0494143 0.0594550 0.0590134 0.0567565 0.0552035 0.0575930 0.0585123 0.0585716 0.0555010 0.0561771 0.0587907 0.0579364 0.0576633 0.0592174 0.0578503 0.0474249 0.0578891 0.0493000 
Erob       0.0220646 0.0531326 0.0555651 0.0207498 0.0191017 0.0196160 0.0192422 0.0263532 0.0187913 0.0190629 0.0625331 0.0633184 0.0317164 0.0605979 0.0617505 0.0598223 0.0613590 0.0602826 0.0515886 0.0267929 0.0246705 0.0260873 0.0000000 0.0560206 0.0562717 0.0558143 0.0565089 0.0484137 0.0631323 0.0712862 0.0663008 0.0614126 0.0574028 0.0634705 0.0624234 0.0602730 0.0586306 0.0619042 0.0616166 0.0627745 0.0541674 0.0515526 0.0498959 0.0527185 0.0496011 0.0507844 0.0483308 0.0485256 0.0534763 0.0485466 0.0543935 0.0535681 0.0561933 0.0503761 0.0516538 0.0523232 0.0602711 0.0589278 0.0577416 0.0600629 0.0517239 0.0575981 0.0542925 0.0516699 0.0565992 0.0627624 0.0521386 0.0552779 0.0516130 0.0605440 0.0602263 0.0596043 0.0580373 0.0599056 0.0595014 0.0603061 0.0562691 0.0567237 0.0608735 0.0591093 0.0593941 0.0615309 0.0596655 0.0489451 0.0601793 0.0521526 
Fatt       0.0607602 0.0451721 0.0461741 0.0610495 0.0594583 0.0594090 0.0594402 0.0684899 0.0585203 0.0579357 0.0166600 0.0159757 0.0610082 0.0135648 0.0140110 0.0139840 0.0143660 0.0132351 0.0216000 0.0528276 0.0517816 0.0537156 0.0560206 0.0000000 0.0040799 0.0016000 0.0027105 0.0403435 0.0416165 0.0707251 0.0667707 0.0157517 0.0124732 0.0165880 0.0152319 0.0131142 0.0119880 0.0153207 0.0151999 0.0148671 0.0417561 0.0431316 0.0419396 0.0447903 0.0394899 0.0422928 0.0422987 0.0424505 0.0441442 0.0394203 0.0247999 0.0447557 0.0457037 0.0420752 0.0238490 0.0242640 0.0144420 0.0118991 0.0136709 0.0405798 0.0523951 0.0044342 0.0256397 0.0230103 0.0029772 0.0611122 0.0228556 0.0262018 0.0210949 0.0132284 0.0132103 0.0076066 0.0064803 0.0139340 0.0147975 0.0134187 0.0118850 0.0107927 0.0126597 0.0129520 0.0137557 0.0134436 0.0131199 0.0431263 0.0129391 0.0426699 
Ggri       0.0609801 0.0450927 0.0464664 0.0609433 0.0603101 0.0597081 0.0597303 0.0692782 0.0584535 0.0585316 0.0158538 0.0153414 0.0606252 0.0129588 0.0140134 0.0133757 0.0137572 0.0126262 0.0218721 0.0531125 0.0520817 0.0539863 0.0562717 0.0040799 0.0000000 0.0034070 0.0044911 0.0404023 0.0429179 0.0694347 0.0666054 0.0165531 0.0128215 0.0161982 0.0148227 0.0130017 0.0118816 0.0151663 0.0145689 0.0143823 0.0418095 0.0431426 0.0419704 0.0448018 0.0395520 0.0423312 0.0416213 0.0424785 0.0441621 0.0393410 0.0245527 0.0447560 0.0456978 0.0421055 0.0241033 0.0245255 0.0152573 0.0127335 0.0130694 0.0406760 0.0524189 0.0062685 0.0259620 0.0235272 0.0043200 0.0614513 0.0226174 0.0264366 0.0211246 0.0126184 0.0127167 0.0084656 0.0078164 0.0137953 0.0133989 0.0133015 0.0120069 0.0116326 0.0119965 0.0123590 0.0136313 0.0133259 0.0125067 0.0431559 0.0128161 0.0432535 
Gmac       0.0601510 0.0434095 0.0456610 0.0603478 0.0600367 0.0599842 0.0595550 0.0684581 0.0577176 0.0577771 0.0163818 0.0151610 0.0604816 0.0126503 0.0127192 0.0130733 0.0135799 0.0125518 0.0209945 0.0524823 0.0512776 0.0524471 0.0558143 0.0016000 0.0034070 0.0000000 0.0013453 0.0399773 0.0426304 0.0691388 0.0655197 0.0153180 0.0121697 0.0164082 0.0151476 0.0136508 0.0119324 0.0145241 0.0146297 0.0145760 0.0407662 0.0432750 0.0413144 0.0442949 0.0392280 0.0416334 0.0417117 0.0418539 0.0433820 0.0392971 0.0239238 0.0441251 0.0454570 0.0415146 0.0229841 0.0233880 0.0141362 0.0120018 0.0133595 0.0400153 0.0521000 0.0036878 0.0251220 0.0222194 0.0018220 0.0605155 0.0220469 0.0250683 0.0206549 0.0133066 0.0132697 0.0075744 0.0064527 0.0130439 0.0144486 0.0137115 0.0108543 0.0109911 0.0125121 0.0122793 0.0140523 0.0132616 0.0124300 0.0424712 0.0126328 0.0425539 
Gmel       0.0606264 0.0449303 0.0468586 0.0611899 0.0605266 0.0604724 0.0602306 0.0688348 0.0584184 0.0585000 0.0174487 0.0163938 0.0611510 0.0136579 0.0141229 0.0140725 0.0143266 0.0133325 0.0219011 0.0533311 0.0520917 0.0537113 0.0565089 0.0027105 0.0044911 0.0013453 0.0000000 0.0409308 0.0436056 0.0709615 0.0671025 0.0159248 0.0129316 0.0173718 0.0156878 0.0144222 0.0129473 0.0157304 0.0156212 0.0155804 0.0420428 0.0439824 0.0419961 0.0454430 0.0402480 0.0428675 0.0433668 0.0431935 0.0445541 0.0404169 0.0250451 0.0453155 0.0466529 0.0427958 0.0241111 0.0245294 0.0151189 0.0128536 0.0141094 0.0408047 0.0529431 0.0048167 0.0263161 0.0235406 0.0029463 0.0627091 0.0231529 0.0264228 0.0217020 0.0141576 0.0140559 0.0083888 0.0072841 0.0139020 0.0149328 0.0144638 0.0119993 0.0118636 0.0132947 0.0128168 0.0148062 0.0140202 0.0132195 0.0436912 0.0133893 0.0437055 
Hamp       0.0535327 0.0190171 0.0195501 0.0553417 0.0519870 0.0530658 0.0529261 0.0607831 0.0516153 0.0521782 0.0489239 0.0492887 0.0559248 0.0445635 0.0455362 0.0446284 0.0456781 0.0448824 0.0356338 0.0456548 0.0450302 0.0461132 0.0484137 0.0403435 0.0404023 0.0399773 0.0409308 0.0000000 0.0462419 0.0646117 0.0615965 0.0451138 0.0433112 0.0500382 0.0475279 0.0450840 0.0439150 0.0472322 0.0469101 0.0482559 0.0113172 0.0106590 0.0101298 0.0124069 0.0102817 0.0113074 0.0130762 0.0105369 0.0131587 0.0089501 0.0392622 0.0128864 0.0142036 0.0106086 0.0375038 0.0373452 0.0444009 0.0433476 0.0430906 0.0449890 0.0470203 0.0414716 0.0399818 0.0367088 0.0412603 0.0563050 0.0359654 0.0395116 0.0337098 0.0450839 0.0453552 0.0434630 0.0416273 0.0455712 0.0440472 0.0446856 0.0420123 0.0430663 0.0452833 0.0441064 0.0445014 0.0458098 0.0441746 0.0132153 0.0451177 0.0149821 
Igeo       0.0687741 0.0488078 0.0514182 0.0672851 0.0686091 0.0684996 0.0685215 0.0771189 0.0689805 0.0679457 0.0521193 0.0493546 0.0663994 0.0460763 0.0458326 0.0464200 0.0463567 0.0459060 0.0382016 0.0585988 0.0575441 0.0595469 0.0631323 0.0416165 0.0429179 0.0426304 0.0436056 0.0462419 0.0000000 0.0776413 0.0717072 0.0465747 0.0436074 0.0503832 0.0480102 0.0439431 0.0450836 0.0462717 0.0458151 0.0472423 0.0510527 0.0499893 0.0487083 0.0497777 0.0485842 0.0494832 0.0506940 0.0476121 0.0504772 0.0489558 0.0408438 0.0518304 0.0535526 0.0478123 0.0395733 0.0390259 0.0443484 0.0439675 0.0453851 0.0381894 0.0605579 0.0440589 0.0414302 0.0379587 0.0430072 0.0682285 0.0388541 0.0418447 0.0391485 0.0463851 0.0465277 0.0456856 0.0443341 0.0466807 0.0440632 0.0443643 0.0450047 0.0449544 0.0454816 0.0443414 0.0439749 0.0447457 0.0445805 0.0502171 0.0463116 0.0511057 
Kbre       0.0779410 0.0707139 0.0693475 0.0767628 0.0762169 0.0755343 0.0757686 0.0820330 0.0741957 0.0741069 0.0764654 0.0771606 0.0778136 0.0751882 0.0767912 0.0754062 0.0747088 0.0752505 0.0654349 0.0702759 0.0679457 0.0694478 0.0712862 0.0707251 0.0694347 0.0691388 0.0709615 0.0646117 0.0776413 0.0000000 0.0131809 0.0734196 0.0710208 0.0792581 0.0744196 0.0728800 0.0743089 0.0748521 0.0757116 0.0767841 0.0726699 0.0644982 0.0648561 0.0668772 0.0655625 0.0674762 0.0680109 0.0648254 0.0677487 0.0617905 0.0668746 0.0692234 0.0710331 0.0658615 0.0672329 0.0681311 0.0746179 0.0722050 0.0713674 0.0722904 0.0411100 0.0708014 0.0693480 0.0675304 0.0703797 0.0440310 0.0663899 0.0703972 0.0655407 0.0744123 0.0739470 0.0731297 0.0727562 0.0739957 0.0742084 0.0746911 0.0708819 0.0727891 0.0747467 0.0737275 0.0741223 0.0747493 0.0741025 0.0652556 0.0732032 0.0648450 
Ksim       0.0755757 0.0654005 0.0666988 0.0734033 0.0717194 0.0716005 0.0714931 0.0795633 0.0694286 0.0699087 0.0726819 0.0727230 0.0745892 0.0713032 0.0728243 0.0716904 0.0716158 0.0713225 0.0610637 0.0647814 0.0632868 0.0659271 0.0663008 0.0667707 0.0666054 0.0655197 0.0671025 0.0615965 0.0717072 0.0131809 0.0000000 0.0712230 0.0668607 0.0751162 0.0711977 0.0705815 0.0706967 0.0720755 0.0715297 0.0729995 0.0718707 0.0624961 0.0618659 0.0639766 0.0626044 0.0639795 0.0642803 0.0633954 0.0657775 0.0598715 0.0634162 0.0662750 0.0677670 0.0640112 0.0640922 0.0648908 0.0707588 0.0685164 0.0684014 0.0682898 0.0370990 0.0679662 0.0661741 0.0644458 0.0657793 0.0364569 0.0632705 0.0670952 0.0618604 0.0712357 0.0710099 0.0705310 0.0694015 0.0709785 0.0705387 0.0709622 0.0671680 0.0682531 0.0720938 0.0699569 0.0706020 0.0706735 0.0697943 0.0616606 0.0697429 0.0632460 
Lacu       0.0661334 0.0510519 0.0503001 0.0649561 0.0640288 0.0643461 0.0641235 0.0735767 0.0636498 0.0622701 0.0222655 0.0202692 0.0641428 0.0181367 0.0199042 0.0183951 0.0195745 0.0185950 0.0259887 0.0574157 0.0564984 0.0576432 0.0614126 0.0157517 0.0165531 0.0153180 0.0159248 0.0451138 0.0465747 0.0734196 0.0712230 0.0000000 0.0198163 0.0213452 0.0185508 0.0194015 0.0186343 0.0185905 0.0184443 0.0199078 0.0453467 0.0488976 0.0474383 0.0494675 0.0457634 0.0477166 0.0471067 0.0474326 0.0491274 0.0451475 0.0287532 0.0504492 0.0512671 0.0470044 0.0282998 0.0290540 0.0193428 0.0173674 0.0186296 0.0437947 0.0580964 0.0175929 0.0308899 0.0276616 0.0164476 0.0663554 0.0282891 0.0304755 0.0267010 0.0176581 0.0180357 0.0184139 0.0165718 0.0184824 0.0224713 0.0192786 0.0156931 0.0192662 0.0183392 0.0163366 0.0185342 0.0198074 0.0173626 0.0479978 0.0185929 0.0482292 
Lalb       0.0617581 0.0488286 0.0487645 0.0626843 0.0620002 0.0616398 0.0617209 0.0697200 0.0615232 0.0609558 0.0207099 0.0185833 0.0626417 0.0138768 0.0151103 0.0142903 0.0145411 0.0137975 0.0228752 0.0550007 0.0541436 0.0554185 0.0574028 0.0124732 0.0128215 0.0121697 0.0129316 0.0433112 0.0436074 0.0710208 0.0668607 0.0198163 0.0000000 0.0195389 0.0169695 0.0149176 0.0146039 0.0168905 0.0168171 0.0172952 0.0453504 0.0456724 0.0433298 0.0459897 0.0418834 0.0444944 0.0453061 0.0446300 0.0456278 0.0433649 0.0253020 0.0458868 0.0480513 0.0441689 0.0250953 0.0255313 0.0160379 0.0140185 0.0129211 0.0413849 0.0551315 0.0138169 0.0288308 0.0245488 0.0129844 0.0669523 0.0244573 0.0271765 0.0227844 0.0136687 0.0140350 0.0137419 0.0131225 0.0136561 0.0174077 0.0137350 0.0126994 0.0125426 0.0132851 0.0123280 0.0136001 0.0142305 0.0136798 0.0453092 0.0136154 0.0461882 
Laus       0.0703149 0.0555075 0.0553169 0.0694567 0.0683941 0.0691433 0.0685530 0.0768849 0.0685143 0.0669256 0.0035578 0.0027527 0.0672967 0.0158627 0.0171192 0.0169935 0.0171190 0.0158016 0.0291036 0.0614194 0.0604442 0.0625521 0.0634705 0.0165880 0.0161982 0.0164082 0.0173718 0.0500382 0.0503832 0.0792581 0.0751162 0.0213452 0.0195389 0.0000000 0.0061658 0.0162051 0.0147882 0.0058818 0.0060064 0.0050837 0.0519164 0.0528734 0.0513225 0.0536375 0.0498168 0.0523646 0.0518997 0.0510482 0.0530321 0.0500099 0.0316259 0.0525115 0.0536634 0.0506170 0.0319176 0.0322270 0.0211286 0.0183267 0.0193357 0.0479429 0.0625616 0.0199069 0.0348535 0.0312780 0.0176126 0.0731175 0.0306448 0.0338509 0.0295874 0.0167935 0.0162378 0.0172763 0.0156938 0.0169775 0.0187369 0.0171307 0.0152734 0.0172047 0.0165607 0.0161979 0.0163136 0.0185977 0.0174379 0.0518250 0.0180625 0.0522660 
Lbor       0.0650165 0.0531121 0.0531917 0.0634750 0.0644729 0.0650338 0.0651159 0.0726703 0.0671331 0.0647171 0.0075154 0.0059556 0.0639489 0.0136637 0.0142574 0.0148953 0.0149048 0.0139672 0.0258647 0.0588761 0.0588163 0.0604678 0.0624234 0.0152319 0.0148227 0.0151476 0.0156878 0.0475279 0.0480102 0.0744196 0.0711977 0.0185508 0.0169695 0.0061658 0.0000000 0.0141476 0.0128809 0.0043827 0.0046569 0.0037609 0.0506708 0.0497637 0.0494835 0.0512021 0.0473421 0.0503181 0.0489427 0.0495328 0.0502123 0.0475092 0.0293544 0.0507493 0.0542014 0.0489900 0.0288479 0.0291234 0.0181201 0.0153822 0.0162197 0.0445367 0.0589983 0.0179611 0.0317132 0.0280752 0.0163382 0.0717349 0.0277076 0.0308959 0.0265320 0.0143628 0.0137406 0.0158423 0.0150326 0.0147075 0.0182180 0.0150568 0.0134369 0.0152502 0.0145465 0.0140466 0.0144138 0.0166384 0.0146949 0.0497562 0.0159160 0.0501038 
Lhos30470  0.0632291 0.0468561 0.0487652 0.0631672 0.0649559 0.0644784 0.0641953 0.0703600 0.0638263 0.0621459 0.0173748 0.0149084 0.0650791 0.0075511 0.0082950 0.0078527 0.0087373 0.0071015 0.0231161 0.0568840 0.0564764 0.0574334 0.0602730 0.0131142 0.0130017 0.0136508 0.0144222 0.0450840 0.0439431 0.0728800 0.0705815 0.0194015 0.0149176 0.0162051 0.0141476 0.0000000 0.0042715 0.0141364 0.0131517 0.0150257 0.0455157 0.0477095 0.0461361 0.0483399 0.0430529 0.0470070 0.0435256 0.0454146 0.0484238 0.0440086 0.0252731 0.0480467 0.0498772 0.0463062 0.0250524 0.0250639 0.0167519 0.0141303 0.0131125 0.0413712 0.0570414 0.0153156 0.0286112 0.0247416 0.0143205 0.0690444 0.0242093 0.0270940 0.0232035 0.0077746 0.0077001 0.0128687 0.0119448 0.0102741 0.0083301 0.0060119 0.0074898 0.0103518 0.0073712 0.0075481 0.0062692 0.0070346 0.0092840 0.0476554 0.0079803 0.0456204 
Lhos452    0.0616548 0.0485170 0.0498374 0.0623239 0.0626526 0.0623540 0.0620994 0.0703241 0.0618099 0.0610609 0.0158143 0.0136954 0.0634460 0.0071660 0.0082399 0.0078329 0.0075294 0.0060683 0.0235853 0.0570201 0.0561284 0.0575745 0.0586306 0.0119880 0.0118816 0.0119324 0.0129473 0.0439150 0.0450836 0.0743089 0.0706967 0.0186343 0.0146039 0.0147882 0.0128809 0.0042715 0.0000000 0.0131599 0.0124472 0.0131674 0.0456571 0.0469082 0.0452872 0.0468983 0.0435204 0.0467232 0.0438009 0.0450035 0.0465238 0.0443147 0.0255649 0.0468197 0.0482248 0.0453100 0.0258555 0.0260610 0.0165133 0.0139711 0.0129540 0.0428939 0.0557647 0.0136592 0.0290026 0.0247530 0.0129301 0.0664887 0.0244166 0.0279877 0.0229831 0.0069464 0.0069005 0.0113161 0.0102069 0.0083408 0.0071487 0.0061986 0.0062098 0.0105525 0.0068644 0.0066740 0.0069576 0.0076066 0.0090577 0.0467503 0.0066054 0.0452960 
Lobl       0.0675294 0.0515001 0.0517945 0.0662155 0.0665009 0.0672543 0.0665350 0.0742330 0.0654740 0.0639474 0.0073996 0.0059563 0.0649518 0.0138760 0.0148639 0.0147653 0.0150087 0.0137938 0.0262305 0.0590421 0.0571525 0.0592583 0.0619042 0.0153207 0.0151663 0.0145241 0.0157304 0.0472322 0.0462717 0.0748521 0.0720755 0.0185905 0.0168905 0.0058818 0.0043827 0.0141364 0.0131599 0.0000000 0.0022688 0.0050829 0.0479418 0.0494722 0.0485783 0.0506845 0.0463401 0.0495224 0.0479515 0.0482099 0.0498049 0.0462307 0.0291785 0.0507438 0.0513578 0.0476217 0.0289733 0.0292272 0.0179602 0.0147376 0.0166865 0.0452016 0.0596708 0.0179213 0.0313162 0.0280160 0.0158429 0.0701311 0.0280679 0.0310978 0.0259758 0.0143897 0.0145410 0.0153881 0.0140608 0.0148270 0.0167607 0.0151484 0.0129586 0.0149529 0.0146130 0.0137415 0.0140744 0.0165949 0.0148902 0.0495378 0.0159342 0.0482600 
Lobs       0.0676057 0.0503130 0.0508403 0.0665544 0.0658888 0.0667500 0.0662170 0.0741866 0.0651947 0.0635943 0.0076960 0.0060130 0.0637067 0.0131746 0.0142997 0.0141563 0.0144141 0.0130831 0.0258806 0.0583850 0.0567986 0.0592228 0.0616166 0.0151999 0.0145689 0.0146297 0.0156212 0.0469101 0.0458151 0.0757116 0.0715297 0.0184443 0.0168171 0.0060064 0.0046569 0.0131517 0.0124472 0.0022688 0.0000000 0.0049390 0.0483930 0.0494513 0.0487426 0.0511710 0.0461891 0.0492425 0.0475311 0.0481805 0.0499976 0.0463975 0.0286420 0.0510422 0.0519481 0.0482669 0.0284310 0.0286818 0.0175628 0.0145267 0.0161266 0.0441803 0.0595599 0.0176456 0.0303888 0.0275457 0.0158952 0.0698391 0.0271261 0.0303438 0.0254289 0.0136447 0.0140771 0.0151892 0.0138378 0.0141438 0.0161859 0.0145512 0.0127118 0.0148901 0.0138784 0.0131140 0.0134496 0.0160282 0.0141383 0.0484429 0.0153598 0.0478419 
Lper       0.0694715 0.0542298 0.0530317 0.0681301 0.0672108 0.0682669 0.0676153 0.0761902 0.0678513 0.0653447 0.0066734 0.0049568 0.0654364 0.0147638 0.0158154 0.0159206 0.0155681 0.0139478 0.0267570 0.0595133 0.0582957 0.0606545 0.0627745 0.0148671 0.0143823 0.0145760 0.0155804 0.0482559 0.0472423 0.0767841 0.0729995 0.0199078 0.0172952 0.0050837 0.0037609 0.0150257 0.0131674 0.0050829 0.0049390 0.0000000 0.0502319 0.0508204 0.0496773 0.0516608 0.0479745 0.0506201 0.0505836 0.0492075 0.0513878 0.0475433 0.0290530 0.0517919 0.0524821 0.0488265 0.0296021 0.0298687 0.0193863 0.0157816 0.0175720 0.0453235 0.0595917 0.0175986 0.0316872 0.0290908 0.0158006 0.0714196 0.0287622 0.0315541 0.0273399 0.0156469 0.0153286 0.0154376 0.0136056 0.0152664 0.0168038 0.0160666 0.0146276 0.0146407 0.0156707 0.0151150 0.0153443 0.0168148 0.0162319 0.0500784 0.0165287 0.0494300 
Mbid       0.0606456 0.0218365 0.0239332 0.0604674 0.0600589 0.0599496 0.0595769 0.0666248 0.0588162 0.0581984 0.0519389 0.0499723 0.0635227 0.0458479 0.0468609 0.0458391 0.0463216 0.0451927 0.0386875 0.0500328 0.0487350 0.0498750 0.0541674 0.0417561 0.0418095 0.0407662 0.0420428 0.0113172 0.0510527 0.0726699 0.0718707 0.0453467 0.0453504 0.0519164 0.0506708 0.0455157 0.0456571 0.0479418 0.0483930 0.0502319 0.0000000 0.0120031 0.0124506 0.0149741 0.0097951 0.0110281 0.0152738 0.0142326 0.0129749 0.0084522 0.0413058 0.0158895 0.0159678 0.0132345 0.0390981 0.0396724 0.0457353 0.0430780 0.0460625 0.0458142 0.0558115 0.0427540 0.0445932 0.0383020 0.0419138 0.0641833 0.0391728 0.0419651 0.0372169 0.0465932 0.0474515 0.0458855 0.0437694 0.0469672 0.0415518 0.0458903 0.0449393 0.0451623 0.0453348 0.0451751 0.0448488 0.0456260 0.0449252 0.0173581 0.0466212 0.0189217 
Mbow       0.0571204 0.0219993 0.0228615 0.0580802 0.0557700 0.0571701 0.0568100 0.0629874 0.0561084 0.0553940 0.0512409 0.0510057 0.0578624 0.0472761 0.0481836 0.0470678 0.0484086 0.0476426 0.0382071 0.0490723 0.0479646 0.0483114 0.0515526 0.0431316 0.0431426 0.0432750 0.0439824 0.0106590 0.0499893 0.0644982 0.0624961 0.0488976 0.0456724 0.0528734 0.0497637 0.0477095 0.0469082 0.0494722 0.0494513 0.0508204 0.0120031 0.0000000 0.0061326 0.0116099 0.0110360 0.0114799 0.0127241 0.0105305 0.0084983 0.0092317 0.0419796 0.0121118 0.0147479 0.0094677 0.0406913 0.0405778 0.0481864 0.0464825 0.0459550 0.0473498 0.0492209 0.0438088 0.0435623 0.0393725 0.0435309 0.0595517 0.0391165 0.0430778 0.0373633 0.0470346 0.0477435 0.0471470 0.0453061 0.0480517 0.0462230 0.0476496 0.0450147 0.0460069 0.0470406 0.0467723 0.0471764 0.0482443 0.0468775 0.0146946 0.0478227 0.0177941 
Mcar       0.0548557 0.0214799 0.0220155 0.0556756 0.0546566 0.0557338 0.0548999 0.0624283 0.0541965 0.0537399 0.0508528 0.0497697 0.0565726 0.0456553 0.0461444 0.0454613 0.0467625 0.0459883 0.0376885 0.0476573 0.0458246 0.0467956 0.0498959 0.0419396 0.0419704 0.0413144 0.0419961 0.0101298 0.0487083 0.0648561 0.0618659 0.0474383 0.0433298 0.0513225 0.0494835 0.0461361 0.0452872 0.0485783 0.0487426 0.0496773 0.0124506 0.0061326 0.0000000 0.0100665 0.0098517 0.0106851 0.0123825 0.0095057 0.0085091 0.0083984 0.0410814 0.0105009 0.0130814 0.0079517 0.0395745 0.0386585 0.0465341 0.0449332 0.0441477 0.0468142 0.0488482 0.0423062 0.0432197 0.0383117 0.0420651 0.0597242 0.0376198 0.0418704 0.0358421 0.0459318 0.0469066 0.0458634 0.0440305 0.0460046 0.0446177 0.0457576 0.0434166 0.0441477 0.0454929 0.0451855 0.0459899 0.0463580 0.0458292 0.0144574 0.0461993 0.0164333 
Mden       0.0571785 0.0237153 0.0235988 0.0574597 0.0556391 0.0569812 0.0563981 0.0638794 0.0555650 0.0553321 0.0527426 0.0524676 0.0598942 0.0479711 0.0492557 0.0477677 0.0491323 0.0480629 0.0398815 0.0505400 0.0489254 0.0496738 0.0527185 0.0447903 0.0448018 0.0442949 0.0454430 0.0124069 0.0497777 0.0668772 0.0639766 0.0494675 0.0459897 0.0536375 0.0512021 0.0483399 0.0468983 0.0506845 0.0511710 0.0516608 0.0149741 0.0116099 0.0100665 0.0000000 0.0127738 0.0139312 0.0095598 0.0089372 0.0127815 0.0122026 0.0435062 0.0074336 0.0106858 0.0069510 0.0417548 0.0413976 0.0486734 0.0473906 0.0457671 0.0486565 0.0517632 0.0455987 0.0451601 0.0405617 0.0449260 0.0598889 0.0402420 0.0440419 0.0382946 0.0486232 0.0495316 0.0474780 0.0454108 0.0482870 0.0460614 0.0475313 0.0450078 0.0464880 0.0479045 0.0474791 0.0476344 0.0486567 0.0481914 0.0169946 0.0485720 0.0188732 
Meur       0.0538150 0.0205840 0.0210820 0.0556384 0.0532610 0.0546409 0.0538797 0.0619858 0.0541090 0.0535563 0.0488414 0.0480325 0.0570204 0.0443330 0.0450829 0.0443980 0.0447874 0.0438388 0.0349314 0.0472566 0.0450534 0.0467614 0.0496011 0.0394899 0.0395520 0.0392280 0.0402480 0.0102817 0.0485842 0.0655625 0.0626044 0.0457634 0.0418834 0.0498168 0.0473421 0.0430529 0.0435204 0.0463401 0.0461891 0.0479745 0.0097951 0.0110360 0.0098517 0.0127738 0.0000000 0.0060272 0.0116401 0.0114926 0.0125826 0.0062826 0.0391006 0.0136696 0.0161682 0.0110495 0.0370796 0.0369134 0.0445520 0.0429088 0.0421696 0.0461895 0.0496630 0.0410266 0.0415852 0.0357721 0.0398467 0.0596475 0.0349875 0.0383271 0.0334313 0.0449074 0.0452558 0.0432932 0.0411999 0.0451514 0.0436109 0.0444580 0.0422507 0.0424989 0.0437064 0.0433415 0.0442689 0.0444999 0.0439223 0.0153714 0.0442232 0.0168485 
