40
Bacu_FOXP2       0.0000000 0.0000010 0.0022063 0.0000010 0.0000010 0.0019576 0.0019576 0.0018637 0.0000010 0.0000010 0.0000010 0.0000010 0.0000010 0.0000010 0.0000010 0.0020705 0.0029812 0.0019571 0.0023344 0.0042937 0.0000010 0.0000010 0.0000010 0.0000010 0.0000010 0.0000010 0.0000010 0.0000010 0.0000010 0.0021030 0.0018609 0.0038645 0.0019614 0.0000010 0.0000010 0.0019595 0.0019595 0.0000010 0.0019660 0.0000010 
Barn_FOXP2       0.0000010 0.0000000 0.0027182 0.0000010 0.0000010 0.0024904 0.0024904 0.0024944 0.0000010 0.0000010 0.0000010 0.0000010 0.0000010 0.0000010 0.0000010 0.0000010 0.0037992 0.0024896 0.0024896 0.0000010 0.0000010 0.0000010 0.0000010 0.0000010 0.0000010 0.0000010 0.0000010 0.0000010 0.0000010 0.0027311 0.0024896 0.0038645 0.0024965 0.0000010 0.0000010 0.0024935 0.0024935 0.0000010 0.0000010 0.0000010 
Bbai76728_FOXP2  0.0022063 0.0027182 0.0000000 0.0022063 0.0022063 0.0044212 0.0044212 0.0044275 0.0024907 0.0025351 0.0022063 0.0023783 0.0022063 0.0022299 0.0022063 0.0044602 0.0029812 0.0022063 0.0025351 0.0073203 0.0023997 0.0023783 0.0029178 0.0000010 0.0000010 0.0023783 0.0000010 0.0000010 0.0022369 0.0047669 0.0022063 0.0077487 0.0022118 0.0033453 0.0025222 0.0044261 0.0044261 0.0000010 0.0044429 0.0023783 
BbonAUS_FOXP2    0.0000010 0.0000010 0.0022063 0.0000000 0.0000010 0.0020529 0.0020529 0.0020556 0.0000010 0.0000010 0.0000010 0.0000010 0.0000010 0.0000010 0.0000010 0.0020705 0.0029812 0.0020523 0.0023344 0.0045256 0.0000010 0.0000010 0.0000010 0.0000010 0.0000010 0.0000010 0.0000010 0.0000010 0.0000010 0.0022147 0.0020523 0.0038645 0.0020571 0.0000010 0.0000010 0.0020550 0.0020550 0.0000010 0.0020623 0.0000010 
Bbor_FOXP2       0.0000010 0.0000010 0.0022063 0.0000010 0.0000000 0.0019576 0.0019576 0.0019601 0.0000010 0.0000010 0.0000010 0.0000010 0.0000010 0.0000010 0.0000010 0.0020705 0.0029812 0.0019571 0.0023344 0.0042937 0.0000010 0.0000010 0.0000010 0.0000010 0.0000010 0.0000010 0.0000010 0.0000010 0.0000010 0.0021030 0.0019571 0.0038645 0.0019614 0.0000010 0.0000010 0.0019595 0.0019595 0.0000010 0.0019660 0.0000010 
Bede66737_FOXP2  0.0019576 0.0024904 0.0044212 0.0020529 0.0019576 0.0000000 0.0000010 0.0039268 0.0000010 0.0022121 0.0020529 0.0023796 0.0019576 0.0020741 0.0019576 0.0041476 0.0000010 0.0039208 0.0046791 0.0064524 0.0022260 0.0020966 0.0000010 0.0026658 0.0028779 0.0020966 0.0000010 0.0024449 0.0019817 0.0000010 0.0039208 0.0077556 0.0039294 0.0033478 0.0022022 0.0039257 0.0039257 0.0043807 0.0039389 0.0022076 
BedeAUS_FOXP2    0.0019576 0.0024904 0.0044212 0.0020529 0.0019576 0.0000010 0.0000000 0.0039268 0.0000010 0.0022121 0.0020529 0.0023796 0.0019576 0.0020741 0.0019576 0.0041476 0.0000010 0.0039208 0.0046791 0.0064524 0.0022260 0.0020966 0.0000010 0.0026658 0.0028779 0.0020966 0.0000010 0.0024449 0.0019817 0.0000010 0.0039208 0.0077556 0.0039294 0.0033478 0.0022022 0.0039257 0.0039257 0.0043807 0.0039389 0.0022076 
Bmus_FOXP2       0.0018637 0.0024944 0.0044275 0.0020556 0.0019601 0.0039268 0.0039268 0.0000000 0.0021813 0.0022153 0.0020556 0.0023832 0.0019601 0.0020769 0.0018637 0.0041534 0.0059897 0.0039258 0.0046862 0.0064615 0.0022291 0.0020994 0.0025021 0.0026705 0.0028832 0.0020994 0.0034463 0.0024488 0.0019842 0.0042199 0.0037338 0.0038645 0.0039344 0.0000010 0.0000010 0.0039307 0.0039307 0.0000010 0.0039439 0.0022107 
Bmys_FOXP2       0.0000010 0.0000010 0.0024907 0.0000010 0.0000010 0.0000010 0.0000010 0.0021813 0.0000000 0.0000010 0.0000010 0.0000010 0.0000010 0.0000010 0.0000010 0.0023123 0.0000010 0.0021776 0.0026553 0.0048303 0.0000010 0.0000010 0.0000010 0.0000010 0.0000010 0.0000010 0.0000010 0.0000010 0.0000010 0.0000010 0.0021776 0.0048011 0.0021829 0.0000010 0.0000010 0.0021806 0.0021806 0.0000010 0.0021887 0.0000010 
Bphy_FOXP2       0.0000010 0.0000010 0.0025351 0.0000010 0.0000010 0.0022121 0.0022121 0.0022153 0.0000010 0.0000000 0.0000010 0.0000010 0.0000010 0.0000010 0.0000010 0.0023573 0.0035999 0.0022115 0.0023344 0.0024229 0.0000010 0.0000010 0.0000010 0.0000010 0.0000010 0.0000010 0.0000010 0.0000010 0.0000010 0.0023999 0.0022115 0.0038645 0.0022170 0.0000010 0.0000010 0.0022145 0.0022145 0.0000010 0.0022229 0.0000010 
Bphy_baits_FOXP2 0.0000010 0.0000010 0.0022063 0.0000010 0.0000010 0.0020529 0.0020529 0.0020556 0.0000010 0.0000010 0.0000000 0.0000010 0.0000010 0.0000010 0.0000010 0.0020705 0.0029812 0.0020523 0.0023344 0.0045256 0.0000010 0.0000010 0.0000010 0.0000010 0.0000010 0.0000010 0.0000010 0.0000010 0.0000010 0.0022147 0.0020523 0.0038645 0.0020571 0.0000010 0.0000010 0.0020550 0.0020550 0.0000010 0.0020623 0.0000010 
Ccom40_FOXP2     0.0000010 0.0000010 0.0023783 0.0000010 0.0000010 0.0023796 0.0023796 0.0023832 0.0000010 0.0000010 0.0000010 0.0000000 0.0000010 0.0000010 0.0000010 0.0024020 0.0033044 0.0000010 0.0000010 0.0048725 0.0000010 0.0000010 0.0000010 0.0000010 0.0000010 0.0000010 0.0000010 0.0000010 0.0000010 0.0023796 0.0000010 0.0044258 0.0000010 0.0000010 0.0000010 0.0023824 0.0023824 0.0000010 0.0023921 0.0000010 
Dcap108471_FOXP2 0.0000010 0.0000010 0.0022063 0.0000010 0.0000010 0.0019576 0.0019576 0.0019601 0.0000010 0.0000010 0.0000010 0.0000010 0.0000000 0.0000010 0.0000010 0.0020705 0.0029812 0.0019571 0.0023344 0.0042937 0.0000010 0.0000010 0.0000010 0.0000010 0.0000010 0.0000010 0.0000010 0.0000010 0.0000010 0.0021030 0.0019571 0.0038645 0.0019614 0.0000010 0.0000010 0.0019595 0.0019595 0.0000010 0.0019660 0.0000010 
Dcap79929_FOXP2  0.0000010 0.0000010 0.0022299 0.0000010 0.0000010 0.0020741 0.0020741 0.0020769 0.0000010 0.0000010 0.0000010 0.0000010 0.0000010 0.0000000 0.0000010 0.0020816 0.0029812 0.0020735 0.0023615 0.0022836 0.0000010 0.0000010 0.0000010 0.0000010 0.0000010 0.0000010 0.0000010 0.0000010 0.0000010 0.0022376 0.0020735 0.0038645 0.0020784 0.0000010 0.0000010 0.0020762 0.0020762 0.0000010 0.0000010 0.0000010 
Dleu_FOXP2       0.0000010 0.0000010 0.0022063 0.0000010 0.0000010 0.0019576 0.0019576 0.0018637 0.0000010 0.0000010 0.0000010 0.0000010 0.0000010 0.0000010 0.0000000 0.0020705 0.0029812 0.0019571 0.0023344 0.0042937 0.0000010 0.0000010 0.0000010 0.0000010 0.0000010 0.0000010 0.0000010 0.0000010 0.0000010 0.0021030 0.0018609 0.0038645 0.0019614 0.0000010 0.0000010 0.0019595 0.0019595 0.0000010 0.0019660 0.0000010 
Erob133443_FOXP2 0.0020705 0.0000010 0.0044602 0.0020705 0.0020705 0.0041476 0.0041476 0.0041534 0.0023123 0.0023573 0.0020705 0.0024020 0.0020705 0.0020816 0.0020705 0.0000000 0.0060093 0.0041463 0.0047228 0.0045669 0.0022457 0.0022270 0.0026760 0.0026946 0.0029108 0.0022270 0.0034707 0.0024688 0.0020877 0.0044770 0.0041463 0.0038645 0.0041564 0.0000010 0.0000010 0.0041521 0.0041521 0.0000010 0.0041673 0.0022270 
Igeo_FOXP2       0.0029812 0.0037992 0.0029812 0.0029812 0.0029812 0.0000010 0.0000010 0.0059897 0.0000010 0.0035999 0.0029812 0.0033044 0.0029812 0.0029812 0.0029812 0.0060093 0.0000000 0.0029812 0.0035999 0.0067366 0.0033044 0.0033044 0.0000010 0.0033044 0.0029812 0.0033044 0.0000010 0.0029812 0.0029812 0.0000010 0.0029812 0.0109596 0.0029912 0.0045028 0.0034399 0.0029812 0.0029812 0.0050182 0.0029812 0.0033044 
Kbre_FOXP2       0.0019571 0.0024896 0.0022063 0.0020523 0.0019571 0.0039208 0.0039208 0.0039258 0.0021776 0.0022115 0.0020523 0.0000010 0.0019571 0.0020735 0.0019571 0.0041463 0.0029812 0.0000000 0.0000010 0.0064506 0.0022253 0.0020960 0.0024972 0.0026649 0.0000010 0.0020960 0.0000010 0.0024441 0.0019812 0.0042130 0.0000010 0.0038645 0.0000010 0.0000010 0.0022015 0.0039246 0.0039246 0.0000010 0.0039379 0.0022069 
Ksim_FOXP2       0.0023344 0.0024896 0.0025351 0.0023344 0.0023344 0.0046791 0.0046791 0.0046862 0.0026553 0.0023344 0.0023344 0.0000010 0.0023344 0.0023615 0.0023344 0.0047228 0.0035999 0.0000010 0.0000000 0.0051529 0.0025528 0.0025359 0.0026553 0.0031490 0.0000010 0.0025359 0.0000010 0.0028451 0.0023693 0.0051008 0.0000010 0.0038645 0.0000010 0.0000010 0.0026914 0.0046846 0.0046846 0.0000010 0.0047035 0.0025359 
Lbor_FOXP2       0.0042937 0.0000010 0.0073203 0.0045256 0.0042937 0.0064524 0.0064524 0.0064615 0.0048303 0.0024229 0.0045256 0.0048725 0.0042937 0.0022836 0.0042937 0.0045669 0.0067366 0.0064506 0.0051529 0.0000000 0.0045644 0.0042937 0.0027702 0.0054138 0.0064731 0.0042937 0.0070139 0.0054138 0.0021720 0.0064726 0.0064506 0.0045066 0.0064661 0.0034512 0.0024399 0.0064595 0.0064595 0.0000010 0.0064837 0.0045256 
Lhos30470_FOXP2  0.0000010 0.0000010 0.0023997 0.0000010 0.0000010 0.0022260 0.0022260 0.0022291 0.0000010 0.0000010 0.0000010 0.0000010 0.0000010 0.0000010 0.0000010 0.0022457 0.0033044 0.0022253 0.0025528 0.0045644 0.0000000 0.0000010 0.0000010 0.0000010 0.0000010 0.0000010 0.0000010 0.0000010 0.0000010 0.0022331 0.0022253 0.0044770 0.0022308 0.0000010 0.0000010 0.0022284 0.0022284 0.0000010 0.0022369 0.0000010 
Lobs_FOXP2       0.0000010 0.0000010 0.0023783 0.0000010 0.0000010 0.0020966 0.0020966 0.0020994 0.0000010 0.0000010 0.0000010 0.0000010 0.0000010 0.0000010 0.0000010 0.0022270 0.0033044 0.0020960 0.0025359 0.0042937 0.0000010 0.0000000 0.0000010 0.0000010 0.0000010 0.0000010 0.0000010 0.0000010 0.0000010 0.0021030 0.0020960 0.0044258 0.0021010 0.0000010 0.0000010 0.0020988 0.0020988 0.0000010 0.0021063 0.0000010 
Lvex_FOXP2       0.0000010 0.0000010 0.0029178 0.0000010 0.0000010 0.0000010 0.0000010 0.0025021 0.0000010 0.0000010 0.0000010 0.0000010 0.0000010 0.0000010 0.0000010 0.0026760 0.0000010 0.0024972 0.0026553 0.0027702 0.0000010 0.0000010 0.0000000 0.0000010 0.0000010 0.0000010 0.0000010 0.0000010 0.0000010 0.0000010 0.0024972 0.0048011 0.0025042 0.0000010 0.0000010 0.0025012 0.0025012 0.0000010 0.0025118 0.0000010 
Mbid_FOXP2       0.0000010 0.0000010 0.0000010 0.0000010 0.0000010 0.0026658 0.0026658 0.0026705 0.0000010 0.0000010 0.0000010 0.0000010 0.0000010 0.0000010 0.0000010 0.0026946 0.0033044 0.0026649 0.0031490 0.0054138 0.0000010 0.0000010 0.0000010 0.0000000 0.0000010 0.0000010 0.0000010 0.0000010 0.0000010 0.0026762 0.0026649 0.0066429 0.0026729 0.0000010 0.0000010 0.0000010 0.0000010 0.0000010 0.0026816 0.0000010 
Mden_FOXP2       0.0000010 0.0000010 0.0000010 0.0000010 0.0000010 0.0028779 0.0028779 0.0028832 0.0000010 0.0000010 0.0000010 0.0000010 0.0000010 0.0000010 0.0000010 0.0029108 0.0029812 0.0000010 0.0000010 0.0064731 0.0000010 0.0000010 0.0000010 0.0000010 0.0000000 0.0000010 0.0000010 0.0000010 0.0000010 0.0031779 0.0000010 0.0054543 0.0000010 0.0000010 0.0000010 0.0000010 0.0000010 0.0000010 0.0028962 0.0000010 
Meur_FOXP2       0.0000010 0.0000010 0.0023783 0.0000010 0.0000010 0.0020966 0.0020966 0.0020994 0.0000010 0.0000010 0.0000010 0.0000010 0.0000010 0.0000010 0.0000010 0.0022270 0.0033044 0.0020960 0.0025359 0.0042937 0.0000010 0.0000010 0.0000010 0.0000010 0.0000010 0.0000000 0.0000010 0.0000010 0.0000010 0.0021030 0.0020960 0.0044258 0.0021010 0.0000010 0.0000010 0.0020988 0.0020988 0.0000010 0.0021063 0.0000010 
MgraAUS_FOXP2    0.0000010 0.0000010 0.0000010 0.0000010 0.0000010 0.0000010 0.0000010 0.0034463 0.0000010 0.0000010 0.0000010 0.0000010 0.0000010 0.0000010 0.0000010 0.0034707 0.0000010 0.0000010 0.0000010 0.0070139 0.0000010 0.0000010 0.0000010 0.0000010 0.0000010 0.0000010 0.0000000 0.0000010 0.0000010 0.0000010 0.0000010 0.0099963 0.0000010 0.0000010 0.0000010 0.0000010 0.0000010 0.0000010 0.0034650 0.0000010 
Mmir_FOXP2       0.0000010 0.0000010 0.0000010 0.0000010 0.0000010 0.0024449 0.0024449 0.0024488 0.0000010 0.0000010 0.0000010 0.0000010 0.0000010 0.0000010 0.0000010 0.0024688 0.0029812 0.0024441 0.0028451 0.0054138 0.0000010 0.0000010 0.0000010 0.0000010 0.0000010 0.0000010 0.0000010 0.0000000 0.0000010 0.0026762 0.0024441 0.0054543 0.0024509 0.0000010 0.0000010 0.0000010 0.0000010 0.0000010 0.0024581 0.0000010 
Mpni_FOXP2       0.0000010 0.0000010 0.0022369 0.0000010 0.0000010 0.0019817 0.0019817 0.0019842 0.0000010 0.0000010 0.0000010 0.0000010 0.0000010 0.0000010 0.0000010 0.0020877 0.0029812 0.0019812 0.0023693 0.0021720 0.0000010 0.0000010 0.0000010 0.0000010 0.0000010 0.0000010 0.0000010 0.0000010 0.0000000 0.0021310 0.0019812 0.0038645 0.0019856 0.0000010 0.0000010 0.0019836 0.0019836 0.0000010 0.0000010 0.0000010 
Pbla7349_FOXP2   0.0021030 0.0027311 0.0047669 0.0022147 0.0021030 0.0000010 0.0000010 0.0042199 0.0000010 0.0023999 0.0022147 0.0023796 0.0021030 0.0022376 0.0021030 0.0044770 0.0000010 0.0042130 0.0051008 0.0064726 0.0022331 0.0021030 0.0000010 0.0026762 0.0031779 0.0021030 0.0000010 0.0026762 0.0021310 0.0000000 0.0042130 0.0088854 0.0042229 0.0033478 0.0023885 0.0042186 0.0042186 0.0043807 0.0042339 0.0022147 
Pcat_FOXP2       0.0018609 0.0024896 0.0022063 0.0020523 0.0019571 0.0039208 0.0039208 0.0037338 0.0021776 0.0022115 0.0020523 0.0000010 0.0019571 0.0020735 0.0018609 0.0041463 0.0029812 0.0000010 0.0000010 0.0064506 0.0022253 0.0020960 0.0024972 0.0026649 0.0000010 0.0020960 0.0000010 0.0024441 0.0019812 0.0042130 0.0000000 0.0038645 0.0000010 0.0000010 0.0022015 0.0039246 0.0039246 0.0000010 0.0039379 0.0022069 
Pdal_FOXP2       0.0038645 0.0038645 0.0077487 0.0038645 0.0038645 0.0077556 0.0077556 0.0038645 0.0048011 0.0038645 0.0038645 0.0044258 0.0038645 0.0038645 0.0038645 0.0038645 0.0109596 0.0038645 0.0038645 0.0045066 0.0044770 0.0044258 0.0048011 0.0066429 0.0054543 0.0044258 0.0099963 0.0054543 0.0038645 0.0088854 0.0038645 0.0000000 0.0038645 0.0000010 0.0038645 0.0077712 0.0077712 0.0066873 0.0038645 0.0044258 
Pmac_FOXP2       0.0019614 0.0024965 0.0022118 0.0020571 0.0019614 0.0039294 0.0039294 0.0039344 0.0021829 0.0022170 0.0020571 0.0000010 0.0019614 0.0020784 0.0019614 0.0041564 0.0029912 0.0000010 0.0000010 0.0064661 0.0022308 0.0021010 0.0025042 0.0026729 0.0000010 0.0021010 0.0000010 0.0024509 0.0019856 0.0042229 0.0000010 0.0038645 0.0000000 0.0000010 0.0022015 0.0039333 0.0039333 0.0000010 0.0039465 0.0022124 
Pspi_FOXP2       0.0000010 0.0000010 0.0033453 0.0000010 0.0000010 0.0033478 0.0033478 0.0000010 0.0000010 0.0000010 0.0000010 0.0000010 0.0000010 0.0000010 0.0000010 0.0000010 0.0045028 0.0000010 0.0000010 0.0034512 0.0000010 0.0000010 0.0000010 0.0000010 0.0000010 0.0000010 0.0000010 0.0000010 0.0000010 0.0033478 0.0000010 0.0000010 0.0000010 0.0000000 0.0000010 0.0033534 0.0033534 0.0000010 0.0000010 0.0000010 
Satt38219_FOXP2  0.0000010 0.0000010 0.0025222 0.0000010 0.0000010 0.0022022 0.0022022 0.0000010 0.0000010 0.0000010 0.0000010 0.0000010 0.0000010 0.0000010 0.0000010 0.0000010 0.0034399 0.0022015 0.0026914 0.0024399 0.0000010 0.0000010 0.0000010 0.0000010 0.0000010 0.0000010 0.0000010 0.0000010 0.0000010 0.0023885 0.0022015 0.0038645 0.0022015 0.0000010 0.0000000 0.0022046 0.0022046 0.0000010 0.0000010 0.0000010 
Sbre116871_FOXP2 0.0019595 0.0024935 0.0044261 0.0020550 0.0019595 0.0039257 0.0039257 0.0039307 0.0021806 0.0022145 0.0020550 0.0023824 0.0019595 0.0020762 0.0019595 0.0041521 0.0029812 0.0039246 0.0046846 0.0064595 0.0022284 0.0020988 0.0025012 0.0000010 0.0000010 0.0020988 0.0000010 0.0000010 0.0019836 0.0042186 0.0039246 0.0077712 0.0039333 0.0033534 0.0022046 0.0000000 0.0000010 0.0000010 0.0039428 0.0022100 
Sbre18437_FOXP2  0.0019595 0.0024935 0.0044261 0.0020550 0.0019595 0.0039257 0.0039257 0.0039307 0.0021806 0.0022145 0.0020550 0.0023824 0.0019595 0.0020762 0.0019595 0.0041521 0.0029812 0.0039246 0.0046846 0.0064595 0.0022284 0.0020988 0.0025012 0.0000010 0.0000010 0.0020988 0.0000010 0.0000010 0.0019836 0.0042186 0.0039246 0.0077712 0.0039333 0.0033534 0.0022046 0.0000010 0.0000000 0.0000010 0.0039428 0.0022100 
Scly1724_FOXP2   0.0000010 0.0000010 0.0000010 0.0000010 0.0000010 0.0043807 0.0043807 0.0000010 0.0000010 0.0000010 0.0000010 0.0000010 0.0000010 0.0000010 0.0000010 0.0000010 0.0050182 0.0000010 0.0000010 0.0000010 0.0000010 0.0000010 0.0000010 0.0000010 0.0000010 0.0000010 0.0000010 0.0000010 0.0000010 0.0043807 0.0000010 0.0066873 0.0000010 0.0000010 0.0000010 0.0000010 0.0000010 0.0000000 0.0000010 0.0000010 
Sflu9837_FOXP2   0.0019660 0.0000010 0.0044429 0.0020623 0.0019660 0.0039389 0.0039389 0.0039439 0.0021887 0.0022229 0.0020623 0.0023921 0.0019660 0.0000010 0.0019660 0.0041673 0.0029812 0.0039379 0.0047035 0.0064837 0.0022369 0.0021063 0.0025118 0.0026816 0.0028962 0.0021063 0.0034650 0.0024581 0.0000010 0.0042339 0.0039379 0.0038645 0.0039465 0.0000010 0.0000010 0.0039428 0.0039428 0.0000010 0.0000000 0.0022183 
Sfro7782_FOXP2   0.0000010 0.0000010 0.0023783 0.0000010 0.0000010 0.0022076 0.0022076 0.0022107 0.0000010 0.0000010 0.0000010 0.0000010 0.0000010 0.0000010 0.0000010 0.0022270 0.0033044 0.0022069 0.0025359 0.0045256 0.0000010 0.0000010 0.0000010 0.0000010 0.0000010 0.0000010 0.0000010 0.0000010 0.0000010 0.0022147 0.0022069 0.0044258 0.0022124 0.0000010 0.0000010 0.0022100 0.0022100 0.0000010 0.0022183 0.0000000 
