88
Bacu_HTT         0.0000000 0.0446332 0.0296263 0.0031274 0.0069056 0.0062290 0.0094870 0.0089863 0.0132531 0.0080216 0.0083467 0.0447979 0.0277762 0.0099596 0.0389543 0.0310160 0.0308861 0.0299114 0.0301823 0.0118697 0.0178426 0.0145083 0.0090591 0.0501690 0.0290685 0.0354177 0.0287715 0.0251112 0.0260021 0.0347022 0.0352171 0.0307400 0.0394861 0.0272059 0.0270155 0.0277292 0.0294062 0.0291542 0.0255952 0.0261895 0.0578592 0.0312161 0.0265510 0.0403132 0.0452634 0.0219530 0.0265217 0.0223226 0.0239293 0.0247132 0.0238148 0.0301949 0.0185453 0.0242548 0.0240185 0.0241468 0.0483019 0.0314145 0.0270590 0.0318031 0.0291542 0.0282964 0.0259665 0.0356433 0.0292176 0.0263695 0.0299575 0.0341850 0.0261655 0.0305377 0.0436357 0.0273842 0.0295194 0.0297389 0.0270416 0.0320071 0.0666575 0.0288203 0.0319939 0.0300597 0.0279596 0.0301091 0.0281805 0.0304655 0.0307414 0.0249612 0.0312488 0.0256110 
Barn_HTT         0.0446332 0.0000000 0.0246096 0.0461559 0.0467068 0.0457079 0.0466032 0.0480531 0.0406424 0.0420723 0.0410180 0.0127319 0.0425975 0.0466104 0.0652136 0.0360512 0.0392136 0.0380625 0.0368345 0.0407816 0.0398436 0.0411943 0.0425827 0.0395508 0.0380608 0.0608748 0.0352337 0.0323564 0.0426735 0.0564666 0.0518240 0.0457835 0.0609016 0.0414268 0.0291728 0.0344911 0.0396689 0.0360278 0.0377058 0.0386205 0.0426864 0.0433265 0.0332955 0.0647257 0.0060363 0.0303871 0.0326892 0.0346358 0.0280017 0.0326215 0.0288143 0.0383539 0.0582043 0.0293335 0.0290282 0.0284154 0.0406200 0.0412102 0.0380512 0.0385722 0.0352337 0.0444508 0.0418802 0.0354394 0.0400593 0.0405901 0.0451362 0.0272734 0.0386322 0.0399778 0.0171807 0.0369247 0.0386309 0.0354313 0.0364413 0.0389244 0.0162780 0.0367966 0.0380069 0.0375196 0.0350818 0.0376862 0.0397166 0.0396689 0.0386535 0.0328515 0.0368049 0.0316558 
Bbai76728_HTT    0.0296263 0.0246096 0.0000000 0.0288282 0.0201173 0.0219702 0.0226756 0.0319175 0.0268485 0.0275260 0.0180153 0.0376970 0.0202012 0.0209141 0.0324759 0.0274491 0.0199544 0.0202713 0.0250771 0.0210390 0.0220061 0.0201812 0.0199484 0.0461856 0.0211292 0.0285459 0.0232333 0.0068456 0.0233740 0.0297944 0.0292181 0.0210370 0.0327809 0.0202081 0.0161075 0.0255267 0.0201978 0.0245479 0.0179025 0.0183866 0.0327033 0.0130420 0.0077812 0.0221805 0.0222399 0.0053800 0.0078909 0.0053913 0.0062939 0.0074421 0.0058458 0.0259210 0.0395250 0.0069008 0.0062491 0.0059274 0.0279262 0.0272638 0.0177441 0.0250288 0.0241130 0.0203780 0.0182689 0.0214131 0.0221426 0.0182458 0.0297720 0.0233314 0.0174369 0.0276919 0.0379341 0.0184859 0.0184311 0.0268276 0.0179031 0.0218334 0.0562813 0.0264878 0.0201631 0.0192099 0.0189277 0.0196931 0.0197344 0.0211167 0.0263348 0.0084630 0.0258613 0.0086977 
BbonAUS_HTT      0.0031274 0.0461559 0.0288282 0.0000000 0.0069886 0.0072894 0.0078101 0.0094726 0.0107882 0.0076843 0.0078262 0.0403307 0.0231809 0.0110503 0.0376984 0.0283386 0.0288338 0.0273698 0.0271217 0.0092619 0.0155240 0.0117134 0.0097103 0.0500839 0.0284657 0.0324694 0.0254152 0.0228346 0.0254452 0.0332326 0.0342602 0.0265492 0.0402075 0.0226587 0.0217936 0.0252918 0.0246693 0.0254436 0.0213416 0.0204530 0.0338796 0.0327204 0.0252922 0.0384203 0.0468306 0.0223554 0.0257737 0.0213186 0.0254781 0.0253056 0.0226208 0.0266995 0.0185867 0.0255645 0.0244685 0.0243334 0.0277792 0.0284202 0.0242020 0.0256521 0.0258609 0.0271981 0.0219283 0.0225488 0.0277377 0.0226538 0.0297830 0.0326205 0.0227875 0.0279697 0.0455334 0.0241170 0.0251143 0.0274291 0.0238451 0.0282462 0.0633370 0.0258904 0.0297990 0.0256576 0.0262222 0.0271442 0.0259681 0.0280307 0.0279495 0.0245375 0.0279824 0.0250307 
Bbor_HTT         0.0069056 0.0467068 0.0201173 0.0069886 0.0000000 0.0008723 0.0013655 0.0051711 0.0092359 0.0060531 0.0075225 0.0421783 0.0210268 0.0094301 0.0217500 0.0219726 0.0225303 0.0219358 0.0193518 0.0072502 0.0094406 0.0103539 0.0091410 0.0464232 0.0231239 0.0188404 0.0184395 0.0202166 0.0254459 0.0270902 0.0270329 0.0233069 0.0207765 0.0186992 0.0196747 0.0190814 0.0208906 0.0184485 0.0195397 0.0183004 0.0436106 0.0283915 0.0207145 0.0202808 0.0361519 0.0181000 0.0209079 0.0184830 0.0201782 0.0210567 0.0196934 0.0198159 0.0161281 0.0197981 0.0207969 0.0191804 0.0367238 0.0219433 0.0190705 0.0208624 0.0189049 0.0209924 0.0198690 0.0222409 0.0222398 0.0198642 0.0207439 0.0273494 0.0198249 0.0207014 0.0449959 0.0209631 0.0200643 0.0216642 0.0182130 0.0222687 0.0603798 0.0194503 0.0236277 0.0214510 0.0201938 0.0218485 0.0204739 0.0213412 0.0212655 0.0205538 0.0216572 0.0213616 
Bede66737_HTT    0.0062290 0.0457079 0.0219702 0.0072894 0.0008723 0.0000000 0.0031024 0.0049778 0.0097572 0.0058597 0.0064919 0.0407866 0.0198522 0.0091510 0.0206530 0.0247677 0.0252346 0.0246344 0.0216481 0.0062700 0.0097226 0.0107352 0.0090357 0.0443522 0.0253524 0.0177714 0.0212001 0.0191703 0.0240496 0.0266226 0.0294091 0.0237430 0.0233940 0.0218275 0.0189948 0.0222247 0.0215613 0.0212103 0.0182107 0.0170590 0.0487643 0.0305396 0.0226663 0.0191962 0.0387614 0.0200265 0.0232961 0.0175109 0.0232865 0.0237054 0.0218658 0.0216597 0.0159949 0.0221980 0.0231067 0.0225599 0.0389863 0.0242787 0.0215829 0.0235105 0.0216532 0.0239765 0.0188389 0.0203804 0.0244779 0.0185063 0.0234286 0.0327831 0.0186741 0.0229534 0.0446361 0.0198549 0.0234183 0.0240649 0.0210914 0.0252458 0.0641379 0.0224081 0.0270503 0.0241721 0.0227561 0.0243110 0.0234781 0.0239412 0.0242927 0.0222419 0.0243242 0.0234750 
BedeAUS_HTT      0.0094870 0.0466032 0.0226756 0.0078101 0.0013655 0.0031024 0.0000000 0.0068830 0.0123970 0.0085955 0.0071558 0.0391619 0.0232563 0.0080346 0.0240324 0.0258747 0.0289121 0.0258134 0.0246748 0.0076576 0.0113765 0.0130988 0.0091002 0.0496656 0.0272862 0.0188631 0.0242064 0.0221606 0.0243005 0.0293019 0.0291720 0.0239037 0.0271222 0.0215557 0.0216491 0.0248799 0.0217172 0.0246727 0.0213685 0.0218350 0.0568827 0.0294992 0.0243993 0.0205898 0.0385404 0.0222425 0.0246609 0.0177954 0.0247054 0.0239177 0.0229083 0.0246884 0.0183869 0.0225445 0.0217242 0.0226587 0.0463871 0.0276521 0.0248918 0.0246317 0.0246808 0.0263001 0.0201417 0.0235075 0.0255495 0.0220232 0.0274741 0.0336259 0.0215202 0.0260343 0.0445862 0.0210392 0.0258601 0.0280432 0.0236071 0.0264384 0.0684696 0.0250093 0.0283298 0.0252381 0.0278639 0.0243330 0.0242116 0.0277322 0.0243721 0.0258438 0.0274704 0.0226605 
Bmus_HTT         0.0089863 0.0480531 0.0319175 0.0094726 0.0051711 0.0049778 0.0068830 0.0000000 0.0135994 0.0072892 0.0062477 0.0449301 0.0287171 0.0108142 0.0394198 0.0322685 0.0317726 0.0307792 0.0305460 0.0122940 0.0186381 0.0149352 0.0094921 0.0511914 0.0299152 0.0363537 0.0291328 0.0268662 0.0260436 0.0355874 0.0357051 0.0317025 0.0407591 0.0277184 0.0265709 0.0285419 0.0298575 0.0295166 0.0264675 0.0271599 0.0583927 0.0312848 0.0270748 0.0420436 0.0476573 0.0233221 0.0261370 0.0238658 0.0249014 0.0252559 0.0233895 0.0305588 0.0168882 0.0255957 0.0249756 0.0250380 0.0491548 0.0318093 0.0279730 0.0330861 0.0295165 0.0283368 0.0269116 0.0357456 0.0300885 0.0272847 0.0299537 0.0358652 0.0266462 0.0309021 0.0448369 0.0282397 0.0300694 0.0310031 0.0279693 0.0320572 0.0679029 0.0300938 0.0324453 0.0309270 0.0288343 0.0309440 0.0286503 0.0313626 0.0307699 0.0262894 0.0316145 0.0275968 
Bmys_HTT         0.0132531 0.0406424 0.0268485 0.0107882 0.0092359 0.0097572 0.0123970 0.0135994 0.0000000 0.0088455 0.0115429 0.0384370 0.0236848 0.0101622 0.0326772 0.0265136 0.0248656 0.0248070 0.0256588 0.0028517 0.0085409 0.0043009 0.0078570 0.0465079 0.0253487 0.0315983 0.0242350 0.0213397 0.0228560 0.0293325 0.0278937 0.0288168 0.0367018 0.0226022 0.0210607 0.0220622 0.0234897 0.0252988 0.0222248 0.0214798 0.0413810 0.0199362 0.0213991 0.0338179 0.0392431 0.0174135 0.0230030 0.0136508 0.0195312 0.0200819 0.0188622 0.0256698 0.0187338 0.0204334 0.0197843 0.0216074 0.0356372 0.0256059 0.0222298 0.0267314 0.0246165 0.0245867 0.0214351 0.0243184 0.0255461 0.0229375 0.0260583 0.0273493 0.0223555 0.0260172 0.0375483 0.0231041 0.0244036 0.0247335 0.0221345 0.0265340 0.0577098 0.0232576 0.0271608 0.0237382 0.0236171 0.0252391 0.0231210 0.0247999 0.0230571 0.0209452 0.0256545 0.0215757 
Bphy_HTT         0.0080216 0.0420723 0.0275260 0.0076843 0.0060531 0.0058597 0.0085955 0.0072892 0.0088455 0.0000000 0.0004427 0.0363935 0.0198782 0.0084614 0.0220779 0.0253770 0.0235937 0.0240545 0.0243858 0.0068817 0.0138032 0.0100949 0.0066259 0.0461201 0.0256090 0.0182560 0.0232018 0.0211310 0.0210956 0.0261210 0.0260654 0.0237954 0.0241274 0.0211672 0.0186289 0.0214427 0.0233213 0.0236235 0.0191863 0.0177375 0.0312879 0.0279222 0.0207731 0.0188953 0.0432014 0.0165113 0.0217834 0.0139704 0.0188089 0.0202494 0.0193255 0.0243850 0.0149648 0.0205145 0.0202870 0.0212384 0.0241964 0.0243821 0.0206671 0.0253182 0.0236117 0.0204727 0.0189510 0.0199031 0.0238890 0.0195590 0.0244527 0.0280922 0.0186100 0.0247916 0.0366810 0.0210580 0.0212339 0.0238350 0.0201180 0.0256088 0.0604764 0.0223785 0.0259537 0.0225921 0.0219544 0.0240080 0.0230757 0.0238914 0.0220171 0.0215334 0.0255711 0.0217952 
Bphy_baits_HTT   0.0083467 0.0410180 0.0180153 0.0078262 0.0075225 0.0064919 0.0071558 0.0062477 0.0115429 0.0004427 0.0000000 0.0345703 0.0199161 0.0089792 0.0340794 0.0215814 0.0222204 0.0209508 0.0204182 0.0076905 0.0101938 0.0118569 0.0088958 0.0465483 0.0213256 0.0294934 0.0186294 0.0193749 0.0218591 0.0294917 0.0274045 0.0238726 0.0338159 0.0159486 0.0178055 0.0180140 0.0209436 0.0182075 0.0182268 0.0172312 0.0479479 0.0268769 0.0192895 0.0371226 0.0341283 0.0177961 0.0202496 0.0143685 0.0195953 0.0189050 0.0201832 0.0204293 0.0136877 0.0204025 0.0191482 0.0178009 0.0354144 0.0207430 0.0185090 0.0199959 0.0186470 0.0185680 0.0188499 0.0173699 0.0215510 0.0195350 0.0249493 0.0246087 0.0188708 0.0204127 0.0397966 0.0207792 0.0172237 0.0202908 0.0173907 0.0225502 0.0569447 0.0189838 0.0236492 0.0204293 0.0191466 0.0209997 0.0186839 0.0218707 0.0188738 0.0194484 0.0217360 0.0198741 
Ccom40_HTT       0.0447979 0.0127319 0.0376970 0.0403307 0.0421783 0.0407866 0.0391619 0.0449301 0.0384370 0.0363935 0.0345703 0.0000000 0.0194974 0.0386157 0.0407917 0.0231474 0.0231047 0.0237455 0.0229955 0.0378666 0.0366757 0.0413836 0.0387832 0.0576244 0.0220374 0.0352044 0.0188003 0.0404703 0.0335431 0.0483023 0.0468269 0.0268198 0.0405432 0.0184256 0.0148539 0.0210095 0.0243412 0.0172308 0.0185360 0.0194737 0.0365049 0.0478025 0.0414570 0.0668551 0.0166667 0.0352649 0.0466099 0.0468451 0.0368157 0.0412136 0.0368539 0.0229943 0.0522168 0.0399467 0.0411709 0.0387494 0.0247760 0.0245820 0.0206088 0.0207947 0.0198660 0.0353041 0.0238253 0.0213673 0.0252173 0.0226619 0.0404150 0.0257088 0.0244924 0.0246135 0.0076222 0.0226792 0.0239854 0.0216392 0.0206707 0.0266320 0.0041082 0.0225354 0.0241775 0.0227864 0.0218083 0.0238230 0.0231698 0.0246672 0.0218770 0.0370555 0.0219831 0.0385248 
Chea7320_HTT     0.0277762 0.0425975 0.0202012 0.0231809 0.0210268 0.0198522 0.0232563 0.0287171 0.0236848 0.0198782 0.0199161 0.0194974 0.0000000 0.0196717 0.0064124 0.0065798 0.0061229 0.0064787 0.0065255 0.0204977 0.0236449 0.0233629 0.0220744 0.0280573 0.0070779 0.0041472 0.0040630 0.0200207 0.0173715 0.0298916 0.0302139 0.0104524 0.0062149 0.0013088 0.0024361 0.0057935 0.0077141 0.0020233 0.0024565 0.0026542 0.0248757 0.0276969 0.0220033 0.0237042 0.0377496 0.0173814 0.0243498 0.0194219 0.0210370 0.0210512 0.0206504 0.0065252 0.0332913 0.0230594 0.0219782 0.0214452 0.0082403 0.0083140 0.0037676 0.0054741 0.0044727 0.0160924 0.0052343 0.0111742 0.0086223 0.0046672 0.0248216 0.0252046 0.0064709 0.0077625 0.0273925 0.0051248 0.0054747 0.0053408 0.0035501 0.0078106 0.0362495 0.0055942 0.0072723 0.0053216 0.0059136 0.0073389 0.0059079 0.0059932 0.0050364 0.0179589 0.0061190 0.0202448 
Cmar59905_HTT    0.0099596 0.0466104 0.0209141 0.0110503 0.0094301 0.0091510 0.0080346 0.0108142 0.0101622 0.0084614 0.0089792 0.0386157 0.0196717 0.0000000 0.0203963 0.0229734 0.0250392 0.0228950 0.0210455 0.0080875 0.0101454 0.0097477 0.0095908 0.0452199 0.0243469 0.0173959 0.0210350 0.0191432 0.0240242 0.0264753 0.0289040 0.0243471 0.0228056 0.0209764 0.0188000 0.0221218 0.0196659 0.0214590 0.0175856 0.0176843 0.0493209 0.0293455 0.0206081 0.0194715 0.0381954 0.0194274 0.0214869 0.0184640 0.0226297 0.0214122 0.0208996 0.0210567 0.0193691 0.0217418 0.0212772 0.0204387 0.0387433 0.0232068 0.0202750 0.0215674 0.0219339 0.0235889 0.0182448 0.0145927 0.0211307 0.0182778 0.0231816 0.0253512 0.0174820 0.0223558 0.0403962 0.0194360 0.0216245 0.0226694 0.0202203 0.0240595 0.0584505 0.0213345 0.0246140 0.0236451 0.0218327 0.0237913 0.0230135 0.0228813 0.0217379 0.0206063 0.0232432 0.0226739 
Dcap108471_HTT   0.0389543 0.0652136 0.0324759 0.0376984 0.0217500 0.0206530 0.0240324 0.0394198 0.0326772 0.0220779 0.0340794 0.0407917 0.0064124 0.0203963 0.0000000 0.0110324 0.0102307 0.0109690 0.0150719 0.0331129 0.0333952 0.0223996 0.0366746 0.0252413 0.0156265 0.0020580 0.0118336 0.0302913 0.0314059 0.0432368 0.0452532 0.0198547 0.0037579 0.0058226 0.0168349 0.0117390 0.0019896 0.0134512 0.0145395 0.0161365 0.0541712 0.0409638 0.0234298 0.0340617 0.0554054 0.0298885 0.0232932 0.0415963 0.0350839 0.0339095 0.0356766 0.0150795 0.0424067 0.0229207 0.0343605 0.0320705 0.0318143 0.0173009 0.0127886 0.0151040 0.0118439 0.0291670 0.0029963 0.0324306 0.0173060 0.0025219 0.0357626 0.0289042 0.0174549 0.0162821 0.0417074 0.0108445 0.0143200 0.0139884 0.0027380 0.0137602 0.0661432 0.0108161 0.0124721 0.0029438 0.0121196 0.0123363 0.0008675 0.0004132 0.0122381 0.0270239 0.0110373 0.0339645 
Dcap79929_HTT    0.0310160 0.0360512 0.0274491 0.0283386 0.0219726 0.0247677 0.0258747 0.0322685 0.0265136 0.0253770 0.0215814 0.0231474 0.0065798 0.0229734 0.0110324 0.0000000 0.0004170 0.0007978 0.0069121 0.0226522 0.0316168 0.0266070 0.0275034 0.0261733 0.0053803 0.0124076 0.0022848 0.0204517 0.0151945 0.0333242 0.0342329 0.0077448 0.0143810 0.0052603 0.0039134 0.0019743 0.0016336 0.0042053 0.0041206 0.0046836 0.0434175 0.0257451 0.0236777 0.0405111 0.0471388 0.0178797 0.0243818 0.0170846 0.0220019 0.0222746 0.0221602 0.0065275 0.0390921 0.0244946 0.0227321 0.0209210 0.0226992 0.0083600 0.0021106 0.0041047 0.0022868 0.0158658 0.0031198 0.0092832 0.0070002 0.0025867 0.0282146 0.0288259 0.0049404 0.0076832 0.0237335 0.0011927 0.0014356 0.0033238 0.0026724 0.0036761 0.0325184 0.0012018 0.0016765 0.0028754 0.0008381 0.0019729 0.0012839 0.0012501 0.0017495 0.0167551 0.0015222 0.0212093 
DdelSJR_HTT      0.0308861 0.0392136 0.0199544 0.0288338 0.0225303 0.0252346 0.0289121 0.0317726 0.0248656 0.0235937 0.0222204 0.0231047 0.0061229 0.0250392 0.0102307 0.0004170 0.0000000 0.0004138 0.0070654 0.0207479 0.0244108 0.0255395 0.0277896 0.0265507 0.0050459 0.0126153 0.0019468 0.0200489 0.0153128 0.0334438 0.0344589 0.0091553 0.0141282 0.0053852 0.0038741 0.0012734 0.0021225 0.0039091 0.0038791 0.0040356 0.0184154 0.0272428 0.0237793 0.0401587 0.0375789 0.0179615 0.0248217 0.0168836 0.0219652 0.0210555 0.0219114 0.0066686 0.0373109 0.0247347 0.0223873 0.0217817 0.0083214 0.0079867 0.0016929 0.0038367 0.0023398 0.0153941 0.0027551 0.0098927 0.0065397 0.0022149 0.0268029 0.0284399 0.0053415 0.0078611 0.0247951 0.0004182 0.0010101 0.0025702 0.0022585 0.0033089 0.0320964 0.0004127 0.0012842 0.0017244 0.0008839 0.0020348 0.0008571 0.0004131 0.0008706 0.0166691 0.0011672 0.0213680 
Ddeltrop4525_HTT 0.0299114 0.0380625 0.0202713 0.0273698 0.0219358 0.0246344 0.0258134 0.0307792 0.0248070 0.0240545 0.0209508 0.0237455 0.0064787 0.0228950 0.0109690 0.0007978 0.0004138 0.0000000 0.0053909 0.0201006 0.0255477 0.0252057 0.0264458 0.0264821 0.0049271 0.0123624 0.0019146 0.0200181 0.0169334 0.0341395 0.0343881 0.0079917 0.0145520 0.0056244 0.0043159 0.0020394 0.0016594 0.0042304 0.0041370 0.0045681 0.0247139 0.0263116 0.0236085 0.0398242 0.0374489 0.0176481 0.0243270 0.0179192 0.0219450 0.0219278 0.0219882 0.0053907 0.0360618 0.0233878 0.0222685 0.0208758 0.0073888 0.0074584 0.0020723 0.0040562 0.0022992 0.0158606 0.0030733 0.0100890 0.0070285 0.0026169 0.0263530 0.0305093 0.0054706 0.0069480 0.0243266 0.0012116 0.0018942 0.0029329 0.0026108 0.0035624 0.0336565 0.0011898 0.0020856 0.0020470 0.0012662 0.0019837 0.0012853 0.0012405 0.0013056 0.0167334 0.0015313 0.0202971 
Dleu_HTT         0.0301823 0.0368345 0.0250771 0.0271217 0.0193518 0.0216481 0.0246748 0.0305460 0.0256588 0.0243858 0.0204182 0.0229955 0.0065255 0.0210455 0.0150719 0.0069121 0.0070654 0.0053909 0.0000000 0.0215883 0.0294967 0.0238938 0.0246953 0.0257881 0.0076091 0.0121002 0.0054380 0.0172894 0.0158651 0.0314481 0.0332909 0.0110986 0.0152495 0.0073140 0.0048641 0.0059566 0.0067121 0.0070605 0.0046559 0.0055009 0.0448929 0.0236126 0.0214230 0.0363904 0.0420483 0.0182048 0.0218828 0.0164203 0.0208599 0.0202033 0.0197692 0.0012717 0.0351910 0.0219150 0.0202082 0.0185765 0.0210878 0.0049859 0.0035662 0.0053678 0.0057678 0.0177282 0.0033447 0.0081512 0.0041847 0.0040511 0.0286236 0.0274595 0.0029423 0.0044764 0.0217676 0.0054576 0.0050556 0.0050351 0.0044236 0.0069504 0.0372492 0.0054148 0.0068169 0.0050838 0.0051668 0.0071796 0.0070253 0.0059596 0.0057551 0.0148518 0.0077164 0.0206519 
EausAUS_HTT      0.0118697 0.0407816 0.0210390 0.0092619 0.0072502 0.0062700 0.0076576 0.0122940 0.0028517 0.0068817 0.0076905 0.0378666 0.0204977 0.0080875 0.0331129 0.0226522 0.0207479 0.0201006 0.0215883 0.0000000 0.0073519 0.0031490 0.0067404 0.0468969 0.0212087 0.0289832 0.0194321 0.0169951 0.0200474 0.0284200 0.0266697 0.0243297 0.0338471 0.0181805 0.0184410 0.0198741 0.0208371 0.0198733 0.0190938 0.0200062 0.0278498 0.0225915 0.0173814 0.0323165 0.0374136 0.0142314 0.0178476 0.0126850 0.0152073 0.0164187 0.0165605 0.0211590 0.0181471 0.0173615 0.0155361 0.0159897 0.0213606 0.0219647 0.0175371 0.0206481 0.0194499 0.0210727 0.0182409 0.0234591 0.0213302 0.0198584 0.0229452 0.0203473 0.0204233 0.0220318 0.0371356 0.0203411 0.0199650 0.0199303 0.0181874 0.0223970 0.0528793 0.0201360 0.0224265 0.0191144 0.0194249 0.0191743 0.0191801 0.0206242 0.0196270 0.0164095 0.0215895 0.0167613 
Egla13086_HTT    0.0178426 0.0398436 0.0220061 0.0155240 0.0094406 0.0097226 0.0113765 0.0186381 0.0085409 0.0138032 0.0101938 0.0366757 0.0236449 0.0101454 0.0333952 0.0316168 0.0244108 0.0255477 0.0294967 0.0073519 0.0000000 0.0020464 0.0071030 0.0475948 0.0242106 0.0314378 0.0287099 0.0209780 0.0235458 0.0291191 0.0281217 0.0255871 0.0373247 0.0230486 0.0225495 0.0280039 0.0214588 0.0299203 0.0222040 0.0227964 0.0532567 0.0253632 0.0221777 0.0334573 0.0323384 0.0176273 0.0218556 0.0147908 0.0202411 0.0195974 0.0182663 0.0299060 0.0243856 0.0179541 0.0181395 0.0199975 0.0457776 0.0313358 0.0223744 0.0316867 0.0295359 0.0250995 0.0214204 0.0266652 0.0249271 0.0217802 0.0315529 0.0292845 0.0225766 0.0310941 0.0373282 0.0220404 0.0257346 0.0312883 0.0229144 0.0268182 0.0594573 0.0305049 0.0265220 0.0254078 0.0245711 0.0245214 0.0225646 0.0248066 0.0292755 0.0214634 0.0311283 0.0199561 
Ejap43864_HTT    0.0145083 0.0411943 0.0201812 0.0117134 0.0103539 0.0107352 0.0130988 0.0149352 0.0043009 0.0100949 0.0118569 0.0413836 0.0233629 0.0097477 0.0223996 0.0266070 0.0255395 0.0252057 0.0238938 0.0031490 0.0020464 0.0000000 0.0078032 0.0470060 0.0270804 0.0205008 0.0238423 0.0184538 0.0238428 0.0279407 0.0278118 0.0288061 0.0274277 0.0227258 0.0227214 0.0221453 0.0240825 0.0250975 0.0216353 0.0221518 0.0489709 0.0273067 0.0222829 0.0183547 0.0355737 0.0184497 0.0228010 0.0159143 0.0227899 0.0206696 0.0194983 0.0239059 0.0203336 0.0211431 0.0204497 0.0220366 0.0397574 0.0259744 0.0219685 0.0242588 0.0238635 0.0252409 0.0202789 0.0257067 0.0259904 0.0227607 0.0256370 0.0300207 0.0220891 0.0251061 0.0412171 0.0231440 0.0244414 0.0251605 0.0227125 0.0275340 0.0573751 0.0230885 0.0286228 0.0250431 0.0239341 0.0253756 0.0242697 0.0255341 0.0220589 0.0218518 0.0259533 0.0213467 
Erob133443_HTT   0.0090591 0.0425827 0.0199484 0.0097103 0.0091410 0.0090357 0.0091002 0.0094921 0.0078570 0.0066259 0.0088958 0.0387832 0.0220744 0.0095908 0.0366746 0.0275034 0.0277896 0.0264458 0.0246953 0.0067404 0.0071030 0.0078032 0.0000000 0.0526340 0.0253674 0.0321057 0.0232834 0.0210171 0.0213467 0.0318184 0.0315767 0.0274537 0.0385567 0.0206087 0.0191881 0.0227939 0.0222690 0.0242016 0.0216128 0.0201853 0.0318648 0.0301079 0.0226773 0.0365225 0.0365119 0.0200989 0.0216125 0.0165456 0.0199750 0.0216314 0.0204032 0.0246944 0.0169548 0.0223503 0.0209780 0.0212136 0.0254051 0.0260843 0.0239755 0.0244552 0.0233063 0.0242032 0.0209418 0.0217651 0.0256107 0.0215773 0.0275708 0.0243502 0.0211405 0.0256331 0.0435644 0.0238491 0.0225252 0.0251246 0.0213036 0.0282103 0.0616791 0.0237221 0.0266840 0.0244147 0.0242797 0.0263576 0.0228151 0.0262574 0.0249605 0.0219223 0.0255936 0.0219638 
Fatt_HTT         0.0501690 0.0395508 0.0461856 0.0500839 0.0464232 0.0443522 0.0496656 0.0511914 0.0465079 0.0461201 0.0465483 0.0576244 0.0280573 0.0452199 0.0252413 0.0261733 0.0265507 0.0264821 0.0257881 0.0468969 0.0475948 0.0470060 0.0526340 0.0000000 0.0269129 0.0230745 0.0222737 0.0428000 0.0467632 0.0519109 0.0577918 0.0309059 0.0029495 0.0291845 0.0303159 0.0266856 0.0271373 0.0240284 0.0253599 0.0280281 0.0692796 0.0586682 0.0492222 0.0506249 0.0745133 0.0434987 0.0471167 0.0732229 0.0517913 0.0499458 0.0517299 0.0253631 0.0633356 0.0466975 0.0478136 0.0452183 0.0458367 0.0286077 0.0235093 0.0264061 0.0222946 0.0151860 0.0243884 0.0558974 0.0064038 0.0226570 0.0471506 0.0839559 0.0288666 0.0270854 0.0608693 0.0251719 0.0308209 0.0026021 0.0017987 0.0273244 0.1050877 0.0264944 0.0040680 0.0260149 0.0277700 0.0273712 0.0280850 0.0251364 0.0269198 0.0413509 0.0253888 0.0493791 
Ggri_HTT         0.0290685 0.0380608 0.0211292 0.0284657 0.0231239 0.0253524 0.0272862 0.0299152 0.0253487 0.0256090 0.0213256 0.0220374 0.0070779 0.0243469 0.0156265 0.0053803 0.0050459 0.0049271 0.0076091 0.0212087 0.0242106 0.0270804 0.0253674 0.0269129 0.0000000 0.0137395 0.0033988 0.0188821 0.0150239 0.0305858 0.0322603 0.0086813 0.0149580 0.0063033 0.0048879 0.0045606 0.0067304 0.0049235 0.0046625 0.0051642 0.0388557 0.0264219 0.0225499 0.0398920 0.0388670 0.0174794 0.0231794 0.0183976 0.0182691 0.0219175 0.0184011 0.0072280 0.0372471 0.0227980 0.0218104 0.0208066 0.0227699 0.0090548 0.0029186 0.0046950 0.0034016 0.0167146 0.0039464 0.0101541 0.0087798 0.0038264 0.0250279 0.0235195 0.0063756 0.0087594 0.0264444 0.0045464 0.0025427 0.0016114 0.0035880 0.0064572 0.0359059 0.0046178 0.0037721 0.0046881 0.0025364 0.0053699 0.0056418 0.0049163 0.0040099 0.0158643 0.0060804 0.0223290 
Gmac39091_HTT    0.0354177 0.0608748 0.0285459 0.0324694 0.0188404 0.0177714 0.0188631 0.0363537 0.0315983 0.0182560 0.0294934 0.0352044 0.0041472 0.0173959 0.0020580 0.0124076 0.0126153 0.0123624 0.0121002 0.0289832 0.0314378 0.0205008 0.0321057 0.0230745 0.0137395 0.0000000 0.0096427 0.0290111 0.0278675 0.0401361 0.0429105 0.0153651 0.0017210 0.0034078 0.0139667 0.0121994 0.0020578 0.0116913 0.0118195 0.0133126 0.0517801 0.0372659 0.0202598 0.0303823 0.0490848 0.0263247 0.0204081 0.0379239 0.0318687 0.0310506 0.0310250 0.0121064 0.0384427 0.0190169 0.0301964 0.0278172 0.0303059 0.0151111 0.0102584 0.0121161 0.0100574 0.0257498 0.0008475 0.0273032 0.0150529 0.0004138 0.0343999 0.0250314 0.0140511 0.0145783 0.0378930 0.0117394 0.0138701 0.0115469 0.0004284 0.0139496 0.0636449 0.0120218 0.0137029 0.0016935 0.0126105 0.0130743 0.0017808 0.0017144 0.0120239 0.0252078 0.0129469 0.0301082 
Gmel_HTT         0.0287715 0.0352337 0.0232333 0.0254152 0.0184395 0.0212001 0.0242064 0.0291328 0.0242350 0.0232018 0.0186294 0.0188003 0.0040630 0.0210350 0.0118336 0.0022848 0.0019468 0.0019146 0.0054380 0.0194321 0.0287099 0.0238423 0.0232834 0.0222737 0.0033988 0.0096427 0.0000000 0.0172574 0.0130130 0.0297420 0.0309976 0.0069383 0.0115641 0.0032333 0.0017607 0.0014789 0.0035336 0.0022286 0.0019308 0.0021053 0.0426806 0.0220346 0.0199914 0.0358218 0.0407378 0.0146732 0.0213296 0.0149630 0.0184247 0.0186294 0.0177802 0.0054403 0.0326097 0.0205015 0.0187669 0.0176583 0.0228328 0.0059891 0.0000010 0.0019054 0.0009536 0.0142593 0.0008327 0.0074023 0.0053353 0.0008054 0.0267839 0.0239051 0.0029442 0.0060854 0.0207230 0.0019367 0.0018290 0.0011541 0.0003998 0.0034564 0.0310106 0.0015370 0.0027868 0.0015573 0.0015809 0.0030055 0.0024621 0.0019726 0.0012245 0.0139154 0.0028711 0.0200549 
Hamp_HTT         0.0251112 0.0323564 0.0068456 0.0228346 0.0202166 0.0191703 0.0221606 0.0268662 0.0213397 0.0211310 0.0193749 0.0404703 0.0200207 0.0191432 0.0302913 0.0204517 0.0200489 0.0200181 0.0172894 0.0169951 0.0209780 0.0184538 0.0210171 0.0428000 0.0188821 0.0290111 0.0172574 0.0000000 0.0262839 0.0291453 0.0293250 0.0242741 0.0314354 0.0186920 0.0170340 0.0191222 0.0213140 0.0180756 0.0183329 0.0179261 0.0470427 0.0114989 0.0046535 0.0177294 0.0208771 0.0050838 0.0051862 0.0026368 0.0045912 0.0029871 0.0041076 0.0185242 0.0315474 0.0027416 0.0032638 0.0034747 0.0383189 0.0201298 0.0170695 0.0190872 0.0176814 0.0214870 0.0185435 0.0196905 0.0208036 0.0180559 0.0239827 0.0226693 0.0195169 0.0193429 0.0425319 0.0190354 0.0188979 0.0196831 0.0181846 0.0207362 0.0556491 0.0196017 0.0205245 0.0198405 0.0197292 0.0195766 0.0190330 0.0196890 0.0187603 0.0047794 0.0201906 0.0062892 
Igeo_HTT         0.0260021 0.0426735 0.0233740 0.0254452 0.0254459 0.0240496 0.0243005 0.0260436 0.0228560 0.0210956 0.0218591 0.0335431 0.0173715 0.0240242 0.0314059 0.0151945 0.0153128 0.0169334 0.0158651 0.0200474 0.0235458 0.0238428 0.0213467 0.0467632 0.0150239 0.0278675 0.0130130 0.0262839 0.0000000 0.0380617 0.0331332 0.0191468 0.0276074 0.0168452 0.0134396 0.0147036 0.0166103 0.0139661 0.0139719 0.0150810 0.0383121 0.0272368 0.0255943 0.0481109 0.0397858 0.0221255 0.0285567 0.0151251 0.0246521 0.0236184 0.0220164 0.0158745 0.0347693 0.0234090 0.0230606 0.0241755 0.0287104 0.0169196 0.0145407 0.0163448 0.0139843 0.0108801 0.0157089 0.0135014 0.0172627 0.0154018 0.0291530 0.0292083 0.0137577 0.0168435 0.0356549 0.0150734 0.0152591 0.0147405 0.0139338 0.0161260 0.0434196 0.0163472 0.0168761 0.0145854 0.0145523 0.0156084 0.0161287 0.0173814 0.0140295 0.0214715 0.0163745 0.0219341 
Kbre_HTT         0.0347022 0.0564666 0.0297944 0.0332326 0.0270902 0.0266226 0.0293019 0.0355874 0.0293325 0.0261210 0.0294917 0.0483023 0.0298916 0.0264753 0.0432368 0.0333242 0.0334438 0.0341395 0.0314481 0.0284200 0.0291191 0.0279407 0.0318184 0.0519109 0.0305858 0.0401361 0.0297420 0.0291453 0.0380617 0.0000000 0.0088357 0.0361841 0.0410662 0.0275282 0.0322923 0.0324233 0.0324584 0.0288923 0.0292522 0.0312090 0.0523932 0.0383685 0.0296105 0.0466368 0.0469118 0.0301845 0.0300409 0.0306367 0.0302911 0.0322172 0.0333530 0.0306984 0.0422945 0.0288940 0.0292909 0.0295748 0.0457270 0.0324639 0.0291045 0.0316535 0.0301977 0.0327328 0.0288029 0.0406424 0.0306457 0.0283088 0.0225005 0.0206312 0.0311378 0.0314365 0.0508193 0.0317836 0.0325320 0.0291927 0.0279426 0.0349028 0.0792425 0.0331308 0.0326135 0.0326117 0.0324176 0.0329029 0.0310100 0.0307075 0.0305878 0.0290741 0.0314431 0.0329748 
Ksim_HTT         0.0352171 0.0518240 0.0292181 0.0342602 0.0270329 0.0294091 0.0291720 0.0357051 0.0278937 0.0260654 0.0274045 0.0468269 0.0302139 0.0289040 0.0452532 0.0342329 0.0344589 0.0343881 0.0332909 0.0266697 0.0281217 0.0278118 0.0315767 0.0577918 0.0322603 0.0429105 0.0309976 0.0293250 0.0331332 0.0088357 0.0000000 0.0355886 0.0427065 0.0290490 0.0301449 0.0325069 0.0320778 0.0296891 0.0293456 0.0312182 0.0360751 0.0352999 0.0292311 0.0478609 0.0451738 0.0272546 0.0294988 0.0259363 0.0261592 0.0310438 0.0301197 0.0324926 0.0427243 0.0282107 0.0286107 0.0291307 0.0322538 0.0329384 0.0307446 0.0323971 0.0314578 0.0319632 0.0311096 0.0377440 0.0319243 0.0310132 0.0218427 0.0214542 0.0307379 0.0324108 0.0486693 0.0324188 0.0335669 0.0301345 0.0299251 0.0351651 0.0706406 0.0335164 0.0329205 0.0329981 0.0330650 0.0348363 0.0330288 0.0326825 0.0301410 0.0278492 0.0323237 0.0304483 
Lacu_HTT         0.0307400 0.0457835 0.0210370 0.0265492 0.0233069 0.0237430 0.0239037 0.0317025 0.0288168 0.0237954 0.0238726 0.0268198 0.0104524 0.0243471 0.0198547 0.0077448 0.0091553 0.0079917 0.0110986 0.0243297 0.0255871 0.0288061 0.0274537 0.0309059 0.0086813 0.0153651 0.0069383 0.0242741 0.0191468 0.0361841 0.0355886 0.0000000 0.0191195 0.0082001 0.0076054 0.0069762 0.0070562 0.0081830 0.0085452 0.0094907 0.0511844 0.0300857 0.0241124 0.0417655 0.0398970 0.0191054 0.0268389 0.0241325 0.0236809 0.0234286 0.0229381 0.0106865 0.0352200 0.0239237 0.0242446 0.0224086 0.0298028 0.0115298 0.0071396 0.0077672 0.0073625 0.0191129 0.0059955 0.0156786 0.0099885 0.0066494 0.0296071 0.0286805 0.0087401 0.0123573 0.0317315 0.0073444 0.0080034 0.0082555 0.0046221 0.0095439 0.0441999 0.0071916 0.0077135 0.0067569 0.0087422 0.0081633 0.0069615 0.0083790 0.0069928 0.0211893 0.0098617 0.0235022 
Lalb_HTT         0.0394861 0.0609016 0.0327809 0.0402075 0.0207765 0.0233940 0.0271222 0.0407591 0.0367018 0.0241274 0.0338159 0.0405432 0.0062149 0.0228056 0.0037579 0.0143810 0.0141282 0.0145520 0.0152495 0.0338471 0.0373247 0.0274277 0.0385567 0.0029495 0.0149580 0.0017210 0.0115641 0.0314354 0.0276074 0.0410662 0.0427065 0.0191195 0.0000000 0.0055662 0.0164486 0.0140467 0.0042300 0.0136123 0.0147784 0.0163377 0.0556752 0.0408705 0.0233170 0.0354780 0.0553726 0.0295452 0.0244811 0.0397305 0.0343118 0.0359606 0.0355353 0.0148468 0.0462736 0.0230202 0.0345250 0.0326290 0.0332522 0.0162652 0.0123951 0.0147717 0.0115743 0.0271198 0.0027071 0.0328418 0.0167222 0.0021395 0.0366177 0.0271110 0.0157873 0.0156458 0.0397249 0.0136069 0.0161149 0.0124653 0.0022054 0.0155935 0.0679886 0.0140835 0.0141178 0.0034935 0.0138997 0.0150994 0.0039656 0.0032775 0.0140355 0.0269236 0.0144499 0.0358185 
Laus_HTT         0.0272059 0.0414268 0.0202081 0.0226587 0.0186992 0.0218275 0.0215557 0.0277184 0.0226022 0.0211672 0.0159486 0.0184256 0.0013088 0.0209764 0.0058226 0.0052603 0.0053852 0.0056244 0.0073140 0.0181805 0.0230486 0.0227258 0.0206087 0.0291845 0.0063033 0.0034078 0.0032333 0.0186920 0.0168452 0.0275282 0.0290490 0.0082001 0.0055662 0.0000000 0.0019721 0.0051260 0.0057229 0.0020153 0.0021399 0.0022877 0.0230217 0.0270181 0.0210549 0.0220145 0.0366670 0.0169285 0.0227244 0.0180002 0.0197857 0.0222638 0.0192951 0.0077249 0.0324498 0.0214100 0.0218886 0.0208627 0.0090392 0.0086950 0.0030209 0.0042279 0.0040499 0.0161290 0.0046237 0.0103668 0.0085965 0.0040531 0.0220712 0.0256625 0.0065645 0.0085561 0.0248706 0.0048736 0.0058233 0.0041459 0.0030058 0.0070004 0.0365316 0.0051411 0.0060216 0.0044088 0.0054870 0.0054851 0.0052157 0.0053591 0.0040880 0.0163671 0.0052752 0.0202634 
Lbor_HTT         0.0270155 0.0291728 0.0161075 0.0217936 0.0196747 0.0189948 0.0216491 0.0265709 0.0210607 0.0186289 0.0178055 0.0148539 0.0024361 0.0188000 0.0168349 0.0039134 0.0038741 0.0043159 0.0048641 0.0184410 0.0225495 0.0227214 0.0191881 0.0303159 0.0048879 0.0139667 0.0017607 0.0170340 0.0134396 0.0322923 0.0301449 0.0076054 0.0164486 0.0019721 0.0000000 0.0032612 0.0038986 0.0008778 0.0009447 0.0018731 0.0185923 0.0217659 0.0194403 0.0404201 0.0258353 0.0134028 0.0209788 0.0166979 0.0176563 0.0170010 0.0160962 0.0048639 0.0309225 0.0194647 0.0180810 0.0167624 0.0062618 0.0058725 0.0009702 0.0023764 0.0022039 0.0153155 0.0030962 0.0079179 0.0057434 0.0025294 0.0237644 0.0229963 0.0053230 0.0062140 0.0180130 0.0028616 0.0031363 0.0029436 0.0023896 0.0058212 0.0240437 0.0038060 0.0043778 0.0028988 0.0034104 0.0033187 0.0034370 0.0040145 0.0019894 0.0132607 0.0039784 0.0147106 
Lhos30470_HTT    0.0277292 0.0344911 0.0255267 0.0252918 0.0190814 0.0222247 0.0248799 0.0285419 0.0220622 0.0214427 0.0180140 0.0210095 0.0057935 0.0221218 0.0117390 0.0019743 0.0012734 0.0020394 0.0059566 0.0198741 0.0280039 0.0221453 0.0227939 0.0266856 0.0045606 0.0121994 0.0014789 0.0191222 0.0147036 0.0324233 0.0325069 0.0069762 0.0140467 0.0051260 0.0032612 0.0000000 0.0012519 0.0033410 0.0037643 0.0041378 0.0394593 0.0239808 0.0223676 0.0389559 0.0430514 0.0166280 0.0232419 0.0165699 0.0198982 0.0208410 0.0196165 0.0063356 0.0336947 0.0210246 0.0202208 0.0194437 0.0211621 0.0077181 0.0017149 0.0037531 0.0022237 0.0152435 0.0027174 0.0084926 0.0065440 0.0022300 0.0254260 0.0265944 0.0047913 0.0074700 0.0218132 0.0016362 0.0024112 0.0024717 0.0021326 0.0041534 0.0324641 0.0008019 0.0021157 0.0024704 0.0016335 0.0019769 0.0008572 0.0008628 0.0008735 0.0156621 0.0029696 0.0197678 
Lhos452_HTT      0.0294062 0.0396689 0.0201978 0.0246693 0.0208906 0.0215613 0.0217172 0.0298575 0.0234897 0.0233213 0.0209436 0.0243412 0.0077141 0.0196659 0.0019896 0.0016336 0.0021225 0.0016594 0.0067121 0.0208371 0.0214588 0.0240825 0.0222690 0.0271373 0.0067304 0.0020578 0.0035336 0.0213140 0.0166103 0.0324584 0.0320778 0.0070562 0.0042300 0.0057229 0.0038986 0.0012519 0.0000000 0.0051194 0.0054402 0.0060258 0.0453042 0.0253571 0.0231211 0.0234392 0.0376171 0.0168809 0.0234519 0.0183837 0.0203171 0.0196869 0.0206611 0.0067155 0.0357806 0.0224795 0.0208436 0.0205918 0.0238514 0.0086184 0.0034339 0.0042812 0.0035366 0.0167071 0.0030624 0.0108218 0.0063845 0.0037890 0.0265259 0.0291007 0.0055880 0.0079068 0.0249803 0.0008055 0.0015142 0.0046989 0.0027038 0.0045146 0.0351147 0.0004170 0.0017138 0.0029589 0.0026301 0.0016322 0.0008540 0.0016566 0.0008999 0.0177131 0.0035379 0.0200393 
Lobl_HTT         0.0291542 0.0360278 0.0245479 0.0254436 0.0184485 0.0212103 0.0246727 0.0295166 0.0252988 0.0236235 0.0182075 0.0172308 0.0020233 0.0214590 0.0134512 0.0042053 0.0039091 0.0042304 0.0070605 0.0198733 0.0299203 0.0250975 0.0242016 0.0240284 0.0049235 0.0116913 0.0022286 0.0180756 0.0139661 0.0288923 0.0296891 0.0081830 0.0136123 0.0020153 0.0008778 0.0033410 0.0051194 0.0000000 0.0003848 0.0008398 0.0434713 0.0234843 0.0195516 0.0368920 0.0418587 0.0155395 0.0230729 0.0164415 0.0184247 0.0200913 0.0182564 0.0070634 0.0335103 0.0217886 0.0205372 0.0192835 0.0239024 0.0070011 0.0019770 0.0034372 0.0025513 0.0155715 0.0029251 0.0074023 0.0068779 0.0024236 0.0264236 0.0230685 0.0042176 0.0070597 0.0222835 0.0031047 0.0041356 0.0034774 0.0020064 0.0053978 0.0320675 0.0034727 0.0047970 0.0039105 0.0031722 0.0052820 0.0041199 0.0039629 0.0032778 0.0147470 0.0038354 0.0200651 
Lobs_HTT         0.0255952 0.0377058 0.0179025 0.0213416 0.0195397 0.0182107 0.0213685 0.0264675 0.0222248 0.0191863 0.0182268 0.0185360 0.0024565 0.0175856 0.0145395 0.0041206 0.0038791 0.0041370 0.0046559 0.0190938 0.0222040 0.0216353 0.0216128 0.0253599 0.0046625 0.0118195 0.0019308 0.0183329 0.0139719 0.0292522 0.0293456 0.0085452 0.0147784 0.0021399 0.0009447 0.0037643 0.0054402 0.0003848 0.0000000 0.0013037 0.0405051 0.0241670 0.0202705 0.0377869 0.0339421 0.0152605 0.0224495 0.0170178 0.0190104 0.0193889 0.0181617 0.0046582 0.0313266 0.0206722 0.0196134 0.0183893 0.0204422 0.0060313 0.0016371 0.0032380 0.0023199 0.0153436 0.0029878 0.0074023 0.0060813 0.0024894 0.0236194 0.0240404 0.0047753 0.0058281 0.0237886 0.0032292 0.0042545 0.0029754 0.0021681 0.0054966 0.0332575 0.0037398 0.0048664 0.0038384 0.0038374 0.0044942 0.0040602 0.0038692 0.0026824 0.0150682 0.0042697 0.0178842 
LperAUS_HTT      0.0261895 0.0386205 0.0183866 0.0204530 0.0183004 0.0170590 0.0218350 0.0271599 0.0214798 0.0177375 0.0172312 0.0194737 0.0026542 0.0176843 0.0161365 0.0046836 0.0040356 0.0045681 0.0055009 0.0200062 0.0227964 0.0221518 0.0201853 0.0280281 0.0051642 0.0133126 0.0021053 0.0179261 0.0150810 0.0312090 0.0312182 0.0094907 0.0163377 0.0022877 0.0018731 0.0041378 0.0060258 0.0008398 0.0013037 0.0000000 0.0181890 0.0257400 0.0217846 0.0406771 0.0333629 0.0150269 0.0230133 0.0178910 0.0190102 0.0183155 0.0179717 0.0055007 0.0301408 0.0210582 0.0192950 0.0193624 0.0077127 0.0073429 0.0017711 0.0035644 0.0029537 0.0171815 0.0033424 0.0092928 0.0073038 0.0027512 0.0253918 0.0258096 0.0057815 0.0072206 0.0249536 0.0031925 0.0040144 0.0033005 0.0027251 0.0059664 0.0338077 0.0040151 0.0053033 0.0032250 0.0042902 0.0049242 0.0042525 0.0041667 0.0028473 0.0152619 0.0046571 0.0167328 
Lvex_HTT         0.0578592 0.0426864 0.0327033 0.0338796 0.0436106 0.0487643 0.0568827 0.0583927 0.0413810 0.0312879 0.0479479 0.0365049 0.0248757 0.0493209 0.0541712 0.0434175 0.0184154 0.0247139 0.0448929 0.0278498 0.0532567 0.0489709 0.0318648 0.0692796 0.0388557 0.0517801 0.0426806 0.0470427 0.0383121 0.0523932 0.0360751 0.0511844 0.0556752 0.0230217 0.0185923 0.0394593 0.0453042 0.0434713 0.0405051 0.0181890 0.0000000 0.0480868 0.0385657 0.0455105 0.0440734 0.0265956 0.0493022 0.0209453 0.0285128 0.0215660 0.0264757 0.0452287 0.0413974 0.0471472 0.0260376 0.0432632 0.0479823 0.0247807 0.0212392 0.0225087 0.0427146 0.0231070 0.0426084 0.0236065 0.0436811 0.0430445 0.0578549 0.0281367 0.0387217 0.0461574 0.0351853 0.0386190 0.0273230 0.0433435 0.0215782 0.0264097 0.0514954 0.0239958 0.0257251 0.0441456 0.0430332 0.0450889 0.0215375 0.0246428 0.0242324 0.0393935 0.0444957 0.0293500 
Mbid_HTT         0.0312161 0.0433265 0.0130420 0.0327204 0.0283915 0.0305396 0.0294992 0.0312848 0.0199362 0.0279222 0.0268769 0.0478025 0.0276969 0.0293455 0.0409638 0.0257451 0.0272428 0.0263116 0.0236126 0.0225915 0.0253632 0.0273067 0.0301079 0.0586682 0.0264219 0.0372659 0.0220346 0.0114989 0.0272368 0.0383685 0.0352999 0.0300857 0.0408705 0.0270181 0.0217659 0.0239808 0.0253571 0.0234843 0.0241670 0.0257400 0.0480868 0.0000000 0.0116157 0.0299391 0.0196387 0.0119258 0.0098392 0.0121190 0.0099978 0.0111481 0.0099335 0.0245813 0.0389805 0.0096218 0.0102856 0.0090671 0.0415583 0.0250245 0.0249950 0.0239515 0.0225513 0.0323190 0.0251953 0.0188281 0.0268346 0.0246838 0.0270047 0.0194566 0.0239742 0.0251031 0.0473783 0.0246551 0.0276779 0.0249789 0.0245265 0.0280102 0.0561077 0.0257545 0.0273005 0.0263096 0.0249997 0.0264084 0.0272425 0.0275364 0.0259880 0.0119214 0.0244960 0.0121576 
Mbow_HTT         0.0265510 0.0332955 0.0077812 0.0252922 0.0207145 0.0226663 0.0243993 0.0270748 0.0213991 0.0207731 0.0192895 0.0414570 0.0220033 0.0206081 0.0234298 0.0236777 0.0237793 0.0236085 0.0214230 0.0173814 0.0221777 0.0222829 0.0226773 0.0492222 0.0225499 0.0202598 0.0199914 0.0046535 0.0255943 0.0296105 0.0292311 0.0241124 0.0233170 0.0210549 0.0194403 0.0223676 0.0231211 0.0195516 0.0202705 0.0217846 0.0385657 0.0116157 0.0000000 0.0033529 0.0183142 0.0057000 0.0044826 0.0031692 0.0024138 0.0024881 0.0030177 0.0223005 0.0342521 0.0027436 0.0032776 0.0022533 0.0338806 0.0234447 0.0212684 0.0214791 0.0208988 0.0240193 0.0218223 0.0255137 0.0245475 0.0214468 0.0231049 0.0233205 0.0215023 0.0232073 0.0406031 0.0217998 0.0232932 0.0232201 0.0212789 0.0249008 0.0626662 0.0230604 0.0249002 0.0218844 0.0229305 0.0226808 0.0216833 0.0236975 0.0215376 0.0063909 0.0222107 0.0061207 
Mcar_HTT         0.0403132 0.0647257 0.0221805 0.0384203 0.0202808 0.0191962 0.0205898 0.0420436 0.0338179 0.0188953 0.0371226 0.0668551 0.0237042 0.0194715 0.0340617 0.0405111 0.0401587 0.0398242 0.0363904 0.0323165 0.0334573 0.0183547 0.0365225 0.0506249 0.0398920 0.0303823 0.0358218 0.0177294 0.0481109 0.0466368 0.0478609 0.0417655 0.0354780 0.0220145 0.0404201 0.0389559 0.0234392 0.0368920 0.0377869 0.0406771 0.0455105 0.0299391 0.0033529 0.0000000 0.0400190 0.0202491 0.0028898 0.0277213 0.0182882 0.0176128 0.0186609 0.0373964 0.0392931 0.0019422 0.0170781 0.0168442 0.0404761 0.0408850 0.0362969 0.0376115 0.0358218 0.0406366 0.0218578 0.0555195 0.0413196 0.0216322 0.0407598 0.0225701 0.0397924 0.0400705 0.0657890 0.0390820 0.0399629 0.0402562 0.0216690 0.0415912 0.1077430 0.0386142 0.0420062 0.0227754 0.0408658 0.0392131 0.0218373 0.0232381 0.0391535 0.0205825 0.0390066 0.0213511 
