80
Bacu_MYH2         0.0000000 0.0173700 0.0127508 0.0078229 0.0137003 0.0050474 0.0051439 0.0063740 0.0120716 0.0043199 0.0081186 0.0179058 0.0230263 0.0122678 0.0140413 0.0150702 0.0156616 0.0141339 0.0168603 0.0262867 0.0122503 0.0104249 0.0075078 0.0164957 0.0101520 0.0104051 0.0216798 0.0185643 0.0201343 0.0116318 0.0152204 0.0124877 0.0180256 0.0144655 0.0348945 0.0288956 0.0291420 0.0197662 0.0166543 0.0124073 0.0125930 0.0154784 0.0176318 0.0317564 0.0163006 0.0103353 0.0218964 0.0300040 0.0132325 0.0205130 0.0170372 0.0194084 0.0119322 0.0170341 0.0188005 0.0087201 0.0115075 0.0175386 0.0081553 0.0197798 0.0150508 0.0333295 0.0328512 0.0193791 0.0169013 0.0151064 0.0140679 0.0127026 0.0119081 0.0282207 0.0146908 0.0188151 0.0226987 0.0175463 0.0258877 0.0869445 0.0148432 0.0157752 0.0092652 0.0178788 
Barn_MYH2         0.0173700 0.0000000 0.0078419 0.0209702 0.0167881 0.0167881 0.0128340 0.0252999 0.0278653 0.0224787 0.0207841 0.0233029 0.0220317 0.0299291 0.0185579 0.0185397 0.0142315 0.0168098 0.0268578 0.0228923 0.0252898 0.0160695 0.0213286 0.0262529 0.0126580 0.0183152 0.0193924 0.0183592 0.0278242 0.0159696 0.0212347 0.0159289 0.0197737 0.0161155 0.0173964 0.0224352 0.0306863 0.0225486 0.0196682 0.0168098 0.0180560 0.0128314 0.0156570 0.0242438 0.0164369 0.0160948 0.0191195 0.0180560 0.0209368 0.0195862 0.0263048 0.0187480 0.0114119 0.0195214 0.0250508 0.0183152 0.0183152 0.0206915 0.0159296 0.0352455 0.0262529 0.0408721 0.0289006 0.0248202 0.0263655 0.0263397 0.0168098 0.0168098 0.0168098 0.0266009 0.0159296 0.0274244 0.0208458 0.0248075 0.0247187 0.1849400 0.0168098 0.0196629 0.0109862 0.0181438 
Bbai76728_MYH2    0.0127508 0.0078419 0.0000000 0.0197268 0.0267321 0.0176325 0.0161788 0.0175784 0.0186764 0.0156292 0.0171909 0.0223402 0.0201455 0.0207923 0.0169374 0.0158706 0.0142928 0.0167031 0.0221412 0.0349319 0.0205647 0.0133870 0.0186764 0.0239107 0.0132855 0.0145577 0.0192431 0.0112268 0.0208664 0.0119355 0.0156751 0.0166331 0.0208659 0.0166432 0.0380377 0.0295899 0.0351427 0.0179022 0.0194567 0.0177815 0.0085257 0.0114272 0.0097688 0.0229983 0.0120230 0.0129361 0.0139345 0.0269637 0.0144069 0.0184759 0.0189965 0.0105974 0.0087728 0.0139481 0.0215199 0.0162843 0.0161561 0.0173223 0.0152048 0.0253096 0.0234936 0.0391275 0.0352192 0.0175454 0.0193280 0.0229335 0.0184078 0.0151932 0.0157649 0.0260824 0.0143095 0.0243464 0.0249843 0.0220973 0.0229986 0.0896420 0.0157238 0.0187529 0.0050282 0.0137958 
BbonAUS_MYH2      0.0078229 0.0209702 0.0197268 0.0000000 0.0053774 0.0058011 0.0019780 0.0137435 0.0225102 0.0109990 0.0039738 0.0181279 0.0240449 0.0143039 0.0141491 0.0194737 0.0118585 0.0142669 0.0175759 0.0244932 0.0168675 0.0202464 0.0075484 0.0255082 0.0122524 0.0164705 0.0165851 0.0209256 0.0227527 0.0192172 0.0225951 0.0219733 0.0177968 0.0201348 0.0225685 0.0188667 0.0200518 0.0228649 0.0177133 0.0138563 0.0137177 0.0144660 0.0244174 0.0356587 0.0129340 0.0097918 0.0218075 0.0148075 0.0132383 0.0198229 0.0147133 0.0201635 0.0199197 0.0154682 0.0274716 0.0175831 0.0121267 0.0180280 0.0110114 0.0205396 0.0166386 0.0322929 0.0286704 0.0165669 0.0208180 0.0173525 0.0124229 0.0124013 0.0211073 0.0260778 0.0192031 0.0187145 0.0141284 0.0179896 0.0213196 0.1105560 0.0142135 0.0165538 0.0157930 0.0188419 
Bbor_MYH2         0.0137003 0.0167881 0.0267321 0.0053774 0.0000000 0.0016738 0.0018235 0.0137221 0.0233253 0.0121914 0.0058439 0.0236182 0.0288969 0.0111414 0.0190734 0.0268045 0.0191292 0.0189097 0.0206588 0.0381191 0.0137502 0.0215137 0.0054099 0.0283465 0.0106580 0.0221694 0.0208171 0.0241693 0.0218571 0.0234695 0.0264319 0.0245238 0.0179566 0.0282026 0.0434097 0.0265573 0.0243636 0.0293008 0.0206707 0.0182822 0.0204297 0.0186793 0.0258743 0.0354063 0.0148789 0.0124659 0.0241134 0.0364809 0.0186712 0.0231984 0.0206213 0.0272428 0.0248558 0.0212664 0.0376635 0.0204910 0.0148203 0.0225728 0.0125846 0.0264152 0.0178664 0.0269004 0.0526194 0.0295920 0.0334434 0.0185900 0.0171818 0.0148203 0.0221416 0.0333292 0.0248657 0.0209467 0.0184688 0.0279606 0.0285789 0.1146732 0.0189097 0.0195713 0.0238457 0.0254586 
Bede66737_MYH2    0.0050474 0.0167881 0.0176325 0.0058011 0.0016738 0.0000000 0.0000010 0.0050561 0.0155109 0.0033683 0.0083180 0.0188146 0.0267758 0.0118331 0.0172738 0.0157019 0.0173240 0.0171591 0.0187049 0.0325915 0.0126939 0.0141694 0.0038229 0.0187282 0.0106547 0.0125839 0.0201302 0.0125342 0.0218571 0.0137145 0.0165616 0.0147952 0.0159282 0.0186231 0.0418063 0.0204647 0.0245388 0.0181149 0.0188772 0.0164221 0.0178266 0.0155183 0.0163817 0.0354063 0.0098402 0.0103401 0.0199322 0.0343417 0.0167355 0.0199867 0.0172531 0.0120497 0.0139975 0.0168355 0.0277935 0.0108222 0.0147896 0.0199217 0.0107434 0.0223000 0.0158130 0.0288781 0.0448937 0.0233991 0.0216985 0.0185900 0.0154051 0.0147896 0.0137339 0.0286730 0.0153726 0.0200309 0.0181632 0.0247785 0.0239072 0.1114704 0.0171261 0.0195713 0.0114005 0.0231105 
BedeAUS_MYH2      0.0051439 0.0128340 0.0161788 0.0019780 0.0018235 0.0000010 0.0000000 0.0086169 0.0122496 0.0068891 0.0098044 0.0137990 0.0184223 0.0100749 0.0098528 0.0110346 0.0098308 0.0097784 0.0077863 0.0286520 0.0078639 0.0088261 0.0058881 0.0073216 0.0070340 0.0073216 0.0130638 0.0121566 0.0155065 0.0137096 0.0139116 0.0079896 0.0097784 0.0173833 0.0410765 0.0157307 0.0110685 0.0129146 0.0117366 0.0083935 0.0104335 0.0098188 0.0099329 0.0315733 0.0111063 0.0088183 0.0173262 0.0293361 0.0138022 0.0112095 0.0133063 0.0170564 0.0101875 0.0138899 0.0192280 0.0073631 0.0063885 0.0116325 0.0058244 0.0140720 0.0058244 0.0259316 0.0367950 0.0065906 0.0116478 0.0119729 0.0058244 0.0099547 0.0100489 0.0299862 0.0121091 0.0093522 0.0122766 0.0121801 0.0166761 0.1081533 0.0128399 0.0142478 0.0113719 0.0204684 
Bmus49099_MYH2    0.0063740 0.0252999 0.0175784 0.0137435 0.0137221 0.0050561 0.0086169 0.0000000 0.0142902 0.0038200 0.0085904 0.0189511 0.0211351 0.0131460 0.0215384 0.0207034 0.0227649 0.0212668 0.0251461 0.0262962 0.0136760 0.0157193 0.0080339 0.0232273 0.0149118 0.0157213 0.0250857 0.0181707 0.0226936 0.0155837 0.0160124 0.0178616 0.0241662 0.0128159 0.0395797 0.0335553 0.0376260 0.0182050 0.0162457 0.0208127 0.0139693 0.0210475 0.0211393 0.0261829 0.0149912 0.0126248 0.0244346 0.0340568 0.0196012 0.0192245 0.0213667 0.0196674 0.0181639 0.0220433 0.0236205 0.0142737 0.0192704 0.0229811 0.0135793 0.0198576 0.0208058 0.0323438 0.0342633 0.0269296 0.0226633 0.0220755 0.0211299 0.0181323 0.0170998 0.0333292 0.0193124 0.0255323 0.0286238 0.0282063 0.0328641 0.0929245 0.0200100 0.0228288 0.0141814 0.0243036 
Bmys_MYH2         0.0120716 0.0278653 0.0186764 0.0225102 0.0233253 0.0155109 0.0122496 0.0142902 0.0000000 0.0120561 0.0131473 0.0230572 0.0325000 0.0170621 0.0222792 0.0222443 0.0231280 0.0207464 0.0257734 0.0154515 0.0026594 0.0017004 0.0121044 0.0235049 0.0144792 0.0166376 0.0250092 0.0187674 0.0284702 0.0198041 0.0215974 0.0174266 0.0245391 0.0196005 0.0367609 0.0339281 0.0378948 0.0247399 0.0246901 0.0172687 0.0200604 0.0217131 0.0211098 0.0321037 0.0194273 0.0147773 0.0270654 0.0400783 0.0218648 0.0248203 0.0237558 0.0216948 0.0197190 0.0251604 0.0246102 0.0147428 0.0201469 0.0236015 0.0132889 0.0278475 0.0210799 0.0319347 0.0394238 0.0275158 0.0250167 0.0218398 0.0206484 0.0177124 0.0173382 0.0360256 0.0189634 0.0261081 0.0280340 0.0227645 0.0319719 0.0946287 0.0195485 0.0213589 0.0174998 0.0257062 
Bphy_MYH2         0.0043199 0.0224787 0.0156292 0.0109990 0.0121914 0.0033683 0.0068891 0.0038200 0.0120561 0.0000000 0.0032220 0.0212521 0.0266949 0.0107014 0.0188246 0.0178305 0.0210056 0.0188926 0.0220423 0.0281344 0.0122410 0.0139651 0.0059878 0.0215614 0.0121840 0.0134322 0.0232736 0.0171353 0.0253350 0.0136261 0.0167957 0.0156304 0.0221442 0.0177367 0.0365884 0.0320259 0.0341720 0.0228986 0.0213071 0.0171531 0.0162296 0.0194462 0.0209255 0.0298952 0.0162855 0.0124561 0.0268385 0.0339129 0.0183002 0.0247458 0.0235985 0.0194265 0.0179882 0.0217941 0.0221511 0.0116416 0.0165366 0.0219727 0.0114686 0.0244213 0.0189060 0.0307785 0.0359221 0.0253245 0.0216251 0.0194606 0.0188045 0.0158835 0.0153815 0.0318269 0.0174079 0.0223351 0.0260200 0.0226019 0.0296268 0.0910699 0.0178161 0.0192859 0.0132989 0.0224615 
Bphy_baits_MYH2   0.0081186 0.0207841 0.0171909 0.0039738 0.0058439 0.0083180 0.0098044 0.0085904 0.0131473 0.0032220 0.0000000 0.0246218 0.0297751 0.0094808 0.0169995 0.0195920 0.0171192 0.0178754 0.0167706 0.0285841 0.0139754 0.0071561 0.0086710 0.0138027 0.0077118 0.0129793 0.0182120 0.0156472 0.0254628 0.0175542 0.0187376 0.0151701 0.0192112 0.0217274 0.0416096 0.0210100 0.0187915 0.0244134 0.0208068 0.0178435 0.0195005 0.0162275 0.0193078 0.0317012 0.0202415 0.0169714 0.0216684 0.0375996 0.0206401 0.0214891 0.0228968 0.0229875 0.0144253 0.0271652 0.0267249 0.0130178 0.0100607 0.0190935 0.0118013 0.0234837 0.0118131 0.0245629 0.0369383 0.0248671 0.0223616 0.0176329 0.0158436 0.0099891 0.0130439 0.0408068 0.0173722 0.0168721 0.0176223 0.0281800 0.0317036 0.1156655 0.0166091 0.0142894 0.0215203 0.0252227 
Ccom40_MYH2       0.0179058 0.0233029 0.0223402 0.0181279 0.0236182 0.0188146 0.0137990 0.0189511 0.0230572 0.0212521 0.0246218 0.0000000 0.0145636 0.0220523 0.0091106 0.0086493 0.0127003 0.0076995 0.0161674 0.0356476 0.0230491 0.0189854 0.0220864 0.0172684 0.0049571 0.0126636 0.0207383 0.0187823 0.0081766 0.0164334 0.0128923 0.0104805 0.0212785 0.0045713 0.0279442 0.0118635 0.0141147 0.0072819 0.0054846 0.0038331 0.0087136 0.0138462 0.0214832 0.0418633 0.0115250 0.0108048 0.0182314 0.0252977 0.0100554 0.0138907 0.0113489 0.0193498 0.0154738 0.0155174 0.0096298 0.0072641 0.0058923 0.0111431 0.0096268 0.0158552 0.0194667 0.0350173 0.0306692 0.0120164 0.0093275 0.0090230 0.0115341 0.0063096 0.0041863 0.0248892 0.0054007 0.0120412 0.0069350 0.0154115 0.0145472 0.1151662 0.0076995 0.0071706 0.0118018 0.0209720 
Chea7320_MYH2     0.0230263 0.0220317 0.0201455 0.0240449 0.0288969 0.0267758 0.0184223 0.0211351 0.0325000 0.0266949 0.0297751 0.0145636 0.0000000 0.0242868 0.0183963 0.0183841 0.0163302 0.0151603 0.0181436 0.0498093 0.0324865 0.0280239 0.0216494 0.0172537 0.0172267 0.0198675 0.0263719 0.0238012 0.0175658 0.0189122 0.0166556 0.0186873 0.0186077 0.0121008 0.0503529 0.0151990 0.0145959 0.0112597 0.0102876 0.0183914 0.0146365 0.0193865 0.0231711 0.0274557 0.0140080 0.0164257 0.0180789 0.0324318 0.0203850 0.0180655 0.0178997 0.0236028 0.0210294 0.0176668 0.0174616 0.0182194 0.0177424 0.0145896 0.0183006 0.0224268 0.0192082 0.0394462 0.0410690 0.0082785 0.0152231 0.0240335 0.0170004 0.0165963 0.0144554 0.0376272 0.0145827 0.0127150 0.0174043 0.0162586 0.0204174 0.1236226 0.0151603 0.0187877 0.0092218 0.0185637 
Cmar59905_MYH2    0.0122678 0.0299291 0.0207923 0.0143039 0.0111414 0.0118331 0.0100749 0.0131460 0.0170621 0.0107014 0.0094808 0.0220523 0.0242868 0.0000000 0.0188153 0.0202948 0.0179948 0.0177846 0.0250024 0.0206204 0.0181030 0.0184252 0.0113573 0.0250067 0.0122241 0.0147052 0.0182915 0.0193037 0.0225677 0.0160692 0.0242315 0.0173329 0.0269800 0.0202631 0.0279678 0.0233723 0.0249574 0.0228142 0.0196623 0.0178598 0.0205924 0.0231605 0.0221434 0.0238129 0.0165634 0.0124434 0.0297837 0.0213194 0.0224989 0.0270285 0.0253551 0.0214779 0.0236797 0.0162618 0.0245786 0.0159472 0.0165659 0.0251647 0.0141745 0.0291607 0.0228912 0.0258067 0.0206082 0.0240130 0.0242902 0.0208699 0.0159577 0.0149694 0.0147497 0.0276425 0.0174079 0.0229702 0.0176645 0.0226714 0.0258089 0.1013711 0.0166486 0.0165390 0.0181954 0.0266732 
Dcap108471_MYH2   0.0140413 0.0185579 0.0169374 0.0141491 0.0190734 0.0172738 0.0098528 0.0215384 0.0222792 0.0188246 0.0169995 0.0091106 0.0183963 0.0188153 0.0000000 0.0000010 0.0000010 0.0016039 0.0151761 0.0374430 0.0199721 0.0165583 0.0147348 0.0123800 0.0042490 0.0048018 0.0125748 0.0137642 0.0124544 0.0174288 0.0121868 0.0034567 0.0099995 0.0092802 0.0340053 0.0087077 0.0134888 0.0068009 0.0077480 0.0051479 0.0130629 0.0146962 0.0175756 0.0427675 0.0143288 0.0126056 0.0199303 0.0342518 0.0133225 0.0187461 0.0137575 0.0122909 0.0153217 0.0171002 0.0139423 0.0048294 0.0032763 0.0105970 0.0050810 0.0166477 0.0131031 0.0298883 0.0300898 0.0078548 0.0086315 0.0089680 0.0048206 0.0034608 0.0055166 0.0288325 0.0032050 0.0124198 0.0037546 0.0084325 0.0059531 0.0844378 0.0016010 0.0059745 0.0109796 0.0220135 
Dcap79929_MYH2    0.0150702 0.0185397 0.0158706 0.0194737 0.0268045 0.0157019 0.0110346 0.0207034 0.0222443 0.0178305 0.0195920 0.0086493 0.0183841 0.0202948 0.0000010 0.0000000 0.0000010 0.0015610 0.0154664 0.0365325 0.0213566 0.0180509 0.0165921 0.0115591 0.0040049 0.0044657 0.0120807 0.0121002 0.0124544 0.0139999 0.0108947 0.0031140 0.0099007 0.0086366 0.0301302 0.0175985 0.0210402 0.0059375 0.0078916 0.0052060 0.0146952 0.0137364 0.0164159 0.0403875 0.0146378 0.0127801 0.0197120 0.0324112 0.0153774 0.0164451 0.0130672 0.0101897 0.0146846 0.0164592 0.0135641 0.0043423 0.0033372 0.0097946 0.0050427 0.0167616 0.0129818 0.0373738 0.0266100 0.0091747 0.0077384 0.0086192 0.0046987 0.0033667 0.0050382 0.0227631 0.0028865 0.0118454 0.0125507 0.0078350 0.0053527 0.0771894 0.0015583 0.0058392 0.0097582 0.0227703 
DdelSJR_MYH2      0.0156616 0.0142315 0.0142928 0.0118585 0.0191292 0.0173240 0.0098308 0.0227649 0.0231280 0.0210056 0.0171192 0.0127003 0.0163302 0.0179948 0.0000010 0.0000010 0.0000000 0.0000010 0.0151281 0.0427656 0.0205791 0.0165192 0.0136834 0.0112346 0.0042389 0.0053319 0.0119300 0.0182630 0.0109546 0.0163487 0.0129176 0.0018149 0.0059416 0.0073556 0.0375951 0.0073405 0.0131642 0.0071593 0.0051019 0.0036268 0.0128369 0.0157461 0.0186184 0.0411051 0.0099535 0.0125755 0.0168871 0.0351706 0.0131561 0.0151478 0.0125056 0.0170727 0.0163139 0.0132358 0.0173292 0.0035965 0.0018337 0.0099621 0.0035769 0.0167835 0.0119203 0.0356700 0.0320504 0.0086216 0.0077748 0.0079780 0.0050563 0.0018299 0.0039030 0.0294531 0.0016881 0.0120329 0.0019967 0.0061220 0.0042324 0.0883533 0.0000010 0.0042979 0.0135692 0.0194391 
Ddeltrop4525_MYH2 0.0141339 0.0168098 0.0167031 0.0142669 0.0189097 0.0171591 0.0097784 0.0212668 0.0207464 0.0188926 0.0178754 0.0076995 0.0151603 0.0177846 0.0016039 0.0015610 0.0000010 0.0000000 0.0140766 0.0375351 0.0183922 0.0164266 0.0139174 0.0104606 0.0040220 0.0050113 0.0111082 0.0144774 0.0098571 0.0171431 0.0128529 0.0016381 0.0099007 0.0092141 0.0298923 0.0068684 0.0122538 0.0050214 0.0047803 0.0033782 0.0132838 0.0156108 0.0155928 0.0400480 0.0123972 0.0125040 0.0217244 0.0342434 0.0140116 0.0153205 0.0113511 0.0121603 0.0174236 0.0140629 0.0140105 0.0032287 0.0017097 0.0088483 0.0050210 0.0184195 0.0129185 0.0295611 0.0315211 0.0098563 0.0072568 0.0068270 0.0030622 0.0016428 0.0036159 0.0260162 0.0015831 0.0111262 0.0018463 0.0051651 0.0037668 0.0805043 0.0000010 0.0037766 0.0095235 0.0216827 
Dleu_MYH2         0.0168603 0.0268578 0.0221412 0.0175759 0.0206588 0.0187049 0.0077863 0.0251461 0.0257734 0.0220423 0.0167706 0.0161674 0.0181436 0.0250024 0.0151761 0.0154664 0.0151281 0.0140766 0.0000000 0.0422198 0.0253437 0.0207623 0.0202298 0.0068380 0.0195403 0.0158858 0.0236654 0.0170360 0.0198814 0.0127369 0.0192822 0.0171944 0.0097719 0.0129889 0.0462259 0.0086189 0.0098587 0.0148746 0.0150007 0.0131477 0.0147607 0.0188627 0.0172032 0.0504094 0.0086722 0.0082596 0.0280732 0.0359827 0.0098634 0.0266317 0.0090543 0.0096994 0.0169508 0.0099149 0.0183997 0.0122802 0.0145294 0.0153648 0.0168845 0.0216397 0.0072048 0.0382731 0.0395555 0.0151106 0.0104172 0.0178605 0.0140373 0.0133235 0.0141885 0.0423112 0.0122477 0.0068818 0.0145722 0.0111223 0.0201844 0.1096910 0.0140489 0.0179860 0.0071317 0.0198000 
EausAUS_MYH2      0.0262867 0.0228923 0.0349319 0.0244932 0.0381191 0.0325915 0.0286520 0.0262962 0.0154515 0.0281344 0.0285841 0.0356476 0.0498093 0.0206204 0.0374430 0.0365325 0.0427656 0.0375351 0.0422198 0.0000000 0.0138181 0.0018358 0.0304202 0.0426509 0.0167813 0.0336144 0.0467336 0.0336705 0.0253711 0.0186367 0.0360887 0.0350667 0.0426402 0.0326343 0.0246354 0.0563187 0.0605258 0.0361722 0.0351361 0.0355057 0.0352934 0.0185146 0.0344712 0.0348012 0.0316463 0.0308710 0.0245610 0.0373044 0.0338262 0.0181597 0.0211830 0.0443381 0.0170773 0.0388315 0.0413475 0.0225663 0.0184784 0.0227549 0.0326504 0.0294103 0.0458124 0.0528943 0.0272015 0.0299252 0.0368773 0.0167935 0.0394641 0.0185329 0.0159590 0.0385330 0.0340805 0.0458825 0.0525627 0.0591533 0.0523237 0.1166811 0.0374430 0.0211960 0.0316465 0.0446381 
Egla13086_MYH2    0.0122503 0.0252898 0.0205647 0.0168675 0.0137502 0.0126939 0.0078639 0.0136760 0.0026594 0.0122410 0.0139754 0.0230491 0.0324865 0.0181030 0.0199721 0.0213566 0.0205791 0.0183922 0.0253437 0.0138181 0.0000000 0.0019560 0.0111811 0.0230170 0.0145027 0.0178958 0.0243117 0.0213126 0.0284538 0.0162779 0.0209531 0.0161858 0.0245283 0.0199321 0.0389143 0.0249769 0.0292704 0.0266556 0.0225637 0.0165149 0.0195398 0.0197117 0.0222403 0.0324659 0.0205659 0.0112430 0.0270436 0.0397554 0.0212396 0.0227204 0.0230366 0.0255584 0.0201042 0.0247387 0.0278543 0.0158276 0.0176018 0.0239903 0.0132845 0.0278380 0.0210714 0.0257241 0.0436617 0.0292051 0.0247654 0.0196234 0.0182710 0.0161512 0.0188585 0.0324605 0.0189749 0.0273817 0.0196072 0.0202008 0.0300528 0.1163438 0.0183276 0.0180897 0.0199282 0.0264157 
Ejap43864_MYH2    0.0104249 0.0160695 0.0133870 0.0202464 0.0215137 0.0141694 0.0088261 0.0157193 0.0017004 0.0139651 0.0071561 0.0189854 0.0280239 0.0184252 0.0165583 0.0180509 0.0165192 0.0164266 0.0207623 0.0018358 0.0019560 0.0000000 0.0108357 0.0208962 0.0129975 0.0097991 0.0187521 0.0147979 0.0222304 0.0161740 0.0188347 0.0150665 0.0171347 0.0162655 0.0238125 0.0344304 0.0368695 0.0167904 0.0184849 0.0131415 0.0132365 0.0184067 0.0129423 0.0400545 0.0135162 0.0128501 0.0245307 0.0194689 0.0157941 0.0206800 0.0179211 0.0160597 0.0157788 0.0191219 0.0268235 0.0098486 0.0142509 0.0205918 0.0107852 0.0271586 0.0197964 0.0364849 0.0286931 0.0238601 0.0203318 0.0151591 0.0142927 0.0142927 0.0118701 0.0385330 0.0160029 0.0211639 0.0277793 0.0170385 0.0251732 0.1109495 0.0163888 0.0195802 0.0157142 0.0263374 
Erob133443_MYH2   0.0075078 0.0213286 0.0186764 0.0075484 0.0054099 0.0038229 0.0058881 0.0080339 0.0121044 0.0059878 0.0086710 0.0220864 0.0216494 0.0113573 0.0147348 0.0165921 0.0136834 0.0139174 0.0202298 0.0304202 0.0111811 0.0108357 0.0000000 0.0160941 0.0110080 0.0089847 0.0168775 0.0188868 0.0249743 0.0123740 0.0202876 0.0112835 0.0194716 0.0157577 0.0404600 0.0192851 0.0222850 0.0188907 0.0157661 0.0144905 0.0223102 0.0225343 0.0195898 0.0341391 0.0162434 0.0096436 0.0294780 0.0435293 0.0158611 0.0246212 0.0180810 0.0185049 0.0232099 0.0198518 0.0275296 0.0104353 0.0117597 0.0214796 0.0086677 0.0255198 0.0140629 0.0270818 0.0438175 0.0220977 0.0176292 0.0184587 0.0104090 0.0123686 0.0138317 0.0318915 0.0155987 0.0202929 0.0153910 0.0173022 0.0233132 0.1084621 0.0147575 0.0157317 0.0137515 0.0184461 
Fatt_MYH2         0.0164957 0.0262529 0.0239107 0.0255082 0.0283465 0.0187282 0.0073216 0.0232273 0.0235049 0.0215614 0.0138027 0.0172684 0.0172537 0.0250067 0.0123800 0.0115591 0.0112346 0.0104606 0.0068380 0.0426509 0.0230170 0.0208962 0.0160941 0.0000000 0.0144652 0.0102457 0.0187671 0.0184698 0.0228498 0.0135638 0.0206850 0.0086590 0.0077674 0.0084619 0.0434595 0.0147803 0.0145940 0.0119098 0.0122306 0.0112009 0.0215887 0.0204247 0.0193954 0.0504044 0.0110538 0.0124627 0.0281325 0.0446971 0.0139727 0.0238162 0.0090471 0.0109101 0.0185897 0.0140513 0.0179464 0.0067898 0.0095407 0.0163883 0.0111562 0.0210300 0.0017828 0.0439990 0.0359176 0.0182198 0.0066945 0.0165977 0.0069291 0.0075216 0.0091839 0.0424508 0.0080869 0.0051855 0.0193239 0.0110995 0.0178090 0.0897199 0.0104401 0.0110949 0.0104958 0.0235348 
Ggri_MYH2         0.0101520 0.0126580 0.0132855 0.0122524 0.0106580 0.0106547 0.0070340 0.0149118 0.0144792 0.0121840 0.0077118 0.0049571 0.0172267 0.0122241 0.0042490 0.0040049 0.0042389 0.0040220 0.0195403 0.0167813 0.0145027 0.0129975 0.0110080 0.0144652 0.0000000 0.0020843 0.0069681 0.0149648 0.0090842 0.0109398 0.0115668 0.0040363 0.0119551 0.0093657 0.0143022 0.0118669 0.0144093 0.0063331 0.0063394 0.0045814 0.0151858 0.0146207 0.0149290 0.0374525 0.0090243 0.0081511 0.0214658 0.0109264 0.0143144 0.0157423 0.0120040 0.0136904 0.0163961 0.0144246 0.0162744 0.0020004 0.0020936 0.0109513 0.0020936 0.0208228 0.0144996 0.0258427 0.0209284 0.0102070 0.0100565 0.0055073 0.0019998 0.0019998 0.0000010 0.0261284 0.0020949 0.0121058 0.0025841 0.0114218 0.0073838 0.1091982 0.0040128 0.0023717 0.0122324 0.0250097 
Gmac39091_MYH2    0.0104051 0.0183152 0.0145577 0.0164705 0.0221694 0.0125839 0.0073216 0.0157213 0.0166376 0.0134322 0.0129793 0.0126636 0.0198675 0.0147052 0.0048018 0.0044657 0.0053319 0.0050113 0.0158858 0.0336144 0.0178958 0.0097991 0.0089847 0.0102457 0.0020843 0.0000000 0.0073427 0.0157972 0.0123275 0.0081809 0.0083322 0.0033188 0.0139185 0.0088814 0.0358177 0.0210032 0.0234496 0.0078001 0.0080302 0.0053507 0.0173013 0.0123877 0.0184748 0.0372267 0.0141071 0.0110447 0.0199303 0.0331815 0.0138781 0.0183260 0.0096859 0.0153312 0.0109460 0.0159325 0.0178403 0.0014734 0.0016921 0.0091479 0.0000010 0.0130700 0.0092642 0.0343831 0.0270935 0.0076839 0.0083094 0.0066527 0.0016454 0.0017954 0.0033316 0.0288325 0.0031060 0.0134956 0.0128970 0.0137098 0.0118272 0.0820816 0.0050019 0.0041986 0.0140730 0.0209584 
Gmel_MYH2         0.0216798 0.0193924 0.0192431 0.0165851 0.0208171 0.0201302 0.0130638 0.0250857 0.0250092 0.0232736 0.0182120 0.0207383 0.0263719 0.0182915 0.0125748 0.0120807 0.0119300 0.0111082 0.0236654 0.0467336 0.0243117 0.0187521 0.0168775 0.0187671 0.0069681 0.0073427 0.0000000 0.0213976 0.0187782 0.0182810 0.0217401 0.0093051 0.0241584 0.0162256 0.0373197 0.0161211 0.0261649 0.0148403 0.0118339 0.0111138 0.0272827 0.0162358 0.0264005 0.0397161 0.0137916 0.0177691 0.0141882 0.0437474 0.0215897 0.0238119 0.0068527 0.0160443 0.0162772 0.0193138 0.0230265 0.0093563 0.0076326 0.0143474 0.0056174 0.0124186 0.0177958 0.0267854 0.0306857 0.0152347 0.0172797 0.0049330 0.0072998 0.0056106 0.0085919 0.0150257 0.0078930 0.0256147 0.0098285 0.0239807 0.0107484 0.1017162 0.0104097 0.0084126 0.0190729 0.0248978 
Hamp_MYH2         0.0185643 0.0183592 0.0112268 0.0209256 0.0241693 0.0125342 0.0121566 0.0181707 0.0187674 0.0171353 0.0156472 0.0187823 0.0238012 0.0193037 0.0137642 0.0121002 0.0182630 0.0144774 0.0170360 0.0336705 0.0213126 0.0147979 0.0188868 0.0184698 0.0149648 0.0157972 0.0213976 0.0000000 0.0219986 0.0088240 0.0143522 0.0144401 0.0159569 0.0119959 0.0431226 0.0252391 0.0288308 0.0161348 0.0158057 0.0135480 0.0042633 0.0019039 0.0000010 0.0240607 0.0016431 0.0000010 0.0080260 0.0219853 0.0055020 0.0092752 0.0123000 0.0018786 0.0016009 0.0070460 0.0218799 0.0126705 0.0129047 0.0187532 0.0144445 0.0218394 0.0202103 0.0416875 0.0330401 0.0212492 0.0136257 0.0196742 0.0181383 0.0128261 0.0144660 0.0289219 0.0104981 0.0181257 0.0224573 0.0217683 0.0244102 0.0968910 0.0135635 0.0171557 0.0099973 0.0171819 
Igeo_MYH2         0.0201343 0.0278242 0.0208664 0.0227527 0.0218571 0.0218571 0.0155065 0.0226936 0.0284702 0.0253350 0.0254628 0.0081766 0.0175658 0.0225677 0.0124544 0.0124544 0.0109546 0.0098571 0.0198814 0.0253711 0.0284538 0.0222304 0.0249743 0.0228498 0.0090842 0.0123275 0.0187782 0.0219986 0.0000000 0.0167981 0.0183832 0.0110839 0.0290819 0.0187471 0.0249422 0.0167321 0.0198823 0.0098640 0.0098640 0.0108366 0.0134469 0.0195275 0.0222557 0.0476051 0.0140652 0.0151352 0.0283371 0.0112470 0.0167925 0.0204119 0.0197240 0.0173865 0.0217285 0.0199361 0.0123121 0.0098367 0.0098640 0.0053822 0.0123627 0.0176021 0.0257723 0.0367850 0.0201091 0.0114909 0.0168331 0.0131869 0.0098367 0.0098367 0.0073377 0.0371967 0.0098367 0.0200160 0.0098640 0.0152862 0.0147883 0.0074751 0.0098571 0.0085838 0.0097188 0.0265158 
Kbre_MYH2         0.0116318 0.0159696 0.0119355 0.0192172 0.0234695 0.0137145 0.0137096 0.0155837 0.0198041 0.0136261 0.0175542 0.0164334 0.0189122 0.0160692 0.0174288 0.0139999 0.0163487 0.0171431 0.0127369 0.0186367 0.0162779 0.0161740 0.0123740 0.0135638 0.0109398 0.0081809 0.0182810 0.0088240 0.0167981 0.0000000 0.0044502 0.0170380 0.0175380 0.0209890 0.0161463 0.0242934 0.0218871 0.0144390 0.0192901 0.0162060 0.0058442 0.0073620 0.0125186 0.0338776 0.0135810 0.0114222 0.0116592 0.0054913 0.0170747 0.0153583 0.0208591 0.0112984 0.0090286 0.0171909 0.0154969 0.0102664 0.0149128 0.0185286 0.0090441 0.0186005 0.0090441 0.0322077 0.0210855 0.0000010 0.0164669 0.0164703 0.0149128 0.0149128 0.0102664 0.0299862 0.0136884 0.0107532 0.0291391 0.0159131 0.0197325 0.1147772 0.0171020 0.0133428 0.0106651 0.0244291 
Ksim_MYH2         0.0152204 0.0212347 0.0156751 0.0225951 0.0264319 0.0165616 0.0139116 0.0160124 0.0215974 0.0167957 0.0187376 0.0128923 0.0166556 0.0242315 0.0121868 0.0108947 0.0129176 0.0128529 0.0192822 0.0360887 0.0209531 0.0188347 0.0202876 0.0206850 0.0115668 0.0083322 0.0217401 0.0143522 0.0183832 0.0044502 0.0000000 0.0146420 0.0151337 0.0109174 0.0366708 0.0291314 0.0311733 0.0083606 0.0122091 0.0128320 0.0102480 0.0168240 0.0144792 0.0389548 0.0114045 0.0112344 0.0212663 0.0323182 0.0093498 0.0162076 0.0161482 0.0110510 0.0157778 0.0144425 0.0215572 0.0084094 0.0111775 0.0141232 0.0096104 0.0194803 0.0196896 0.0370701 0.0374595 0.0105332 0.0137868 0.0122435 0.0128155 0.0119593 0.0096677 0.0336202 0.0112610 0.0175479 0.0224423 0.0187088 0.0175490 0.1049900 0.0128265 0.0166248 0.0118145 0.0194547 
Lacu_MYH2         0.0124877 0.0159289 0.0166331 0.0219733 0.0245238 0.0147952 0.0079896 0.0178616 0.0174266 0.0156304 0.0151701 0.0104805 0.0186873 0.0173329 0.0034567 0.0031140 0.0018149 0.0016381 0.0171944 0.0350667 0.0161858 0.0150665 0.0112835 0.0086590 0.0040363 0.0033188 0.0093051 0.0144401 0.0110839 0.0170380 0.0146420 0.0000000 0.0130714 0.0110217 0.0330496 0.0196095 0.0232662 0.0066887 0.0068655 0.0054945 0.0172570 0.0173485 0.0161285 0.0418486 0.0134772 0.0137699 0.0252470 0.0381576 0.0171099 0.0169911 0.0126406 0.0131368 0.0160896 0.0172144 0.0155248 0.0016065 0.0018474 0.0095916 0.0036049 0.0180755 0.0120221 0.0356434 0.0314129 0.0138976 0.0090433 0.0076053 0.0016377 0.0017701 0.0036036 0.0264590 0.0031802 0.0134561 0.0132693 0.0087939 0.0061882 0.0799828 0.0016351 0.0041260 0.0113911 0.0256177 
Lalb_MYH2         0.0180256 0.0197737 0.0208659 0.0177968 0.0179566 0.0159282 0.0097784 0.0241662 0.0245391 0.0221442 0.0192112 0.0212785 0.0186077 0.0269800 0.0099995 0.0099007 0.0059416 0.0099007 0.0097719 0.0426402 0.0245283 0.0171347 0.0194716 0.0077674 0.0119551 0.0139185 0.0241584 0.0159569 0.0290819 0.0175380 0.0151337 0.0130714 0.0000000 0.0097653 0.0512794 0.0077992 0.0097645 0.0159765 0.0159964 0.0150671 0.0177096 0.0176236 0.0196791 0.0522965 0.0139338 0.0110835 0.0201019 0.0458140 0.0159284 0.0231853 0.0161413 0.0121603 0.0168972 0.0159944 0.0222314 0.0140003 0.0131222 0.0191595 0.0139505 0.0248782 0.0077674 0.0395180 0.0467043 0.0171542 0.0104320 0.0249978 0.0139185 0.0130892 0.0153427 0.0362260 0.0119042 0.0078299 0.0144931 0.0092756 0.0170160 0.1219798 0.0099007 0.0184957 0.0080595 0.0226459 
Laus_MYH2         0.0144655 0.0161155 0.0166432 0.0201348 0.0282026 0.0186231 0.0173833 0.0128159 0.0196005 0.0177367 0.0217274 0.0045713 0.0121008 0.0202631 0.0092802 0.0086366 0.0073556 0.0092141 0.0129889 0.0326343 0.0199321 0.0162655 0.0157577 0.0084619 0.0093657 0.0088814 0.0162256 0.0119959 0.0187471 0.0209890 0.0109174 0.0110217 0.0097653 0.0000000 0.0330296 0.0181138 0.0191783 0.0035377 0.0036554 0.0059149 0.0077664 0.0125721 0.0149561 0.0313810 0.0131134 0.0148168 0.0068030 0.0334670 0.0170984 0.0083751 0.0148701 0.0146646 0.0133027 0.0172027 0.0128437 0.0089756 0.0080040 0.0130568 0.0097373 0.0141033 0.0097373 0.0436479 0.0275066 0.0032539 0.0070620 0.0150028 0.0091397 0.0074491 0.0097587 0.0299862 0.0064043 0.0093423 0.0171487 0.0151581 0.0165424 0.0917541 0.0086062 0.0109699 0.0124424 0.0256220 
Lbor_MYH2         0.0348945 0.0173964 0.0380377 0.0225685 0.0434097 0.0418063 0.0410765 0.0395797 0.0367609 0.0365884 0.0416096 0.0279442 0.0503529 0.0279678 0.0340053 0.0301302 0.0375951 0.0298923 0.0462259 0.0246354 0.0389143 0.0238125 0.0404600 0.0434595 0.0143022 0.0358177 0.0373197 0.0431226 0.0249422 0.0161463 0.0366708 0.0330496 0.0512794 0.0330296 0.0000000 0.0345923 0.0489357 0.0337788 0.0299897 0.0268744 0.0275970 0.0144871 0.0479963 0.0346119 0.0319594 0.0357501 0.0172181 0.0343406 0.0352330 0.0130487 0.0205171 0.0527108 0.0251761 0.0359314 0.0364494 0.0206589 0.0125657 0.0169397 0.0300277 0.0289625 0.0460910 0.0526454 0.0247665 0.0164363 0.0348602 0.0091051 0.0319529 0.0113085 0.0147435 0.0210340 0.0244188 0.0464813 0.0317363 0.0401892 0.0322510 0.1163402 0.0280434 0.0060030 0.0350590 0.0439736 
Lhos30470_MYH2    0.0288956 0.0224352 0.0295899 0.0188667 0.0265573 0.0204647 0.0157307 0.0335553 0.0339281 0.0320259 0.0210100 0.0118635 0.0151990 0.0233723 0.0087077 0.0175985 0.0073405 0.0068684 0.0086189 0.0563187 0.0249769 0.0344304 0.0192851 0.0147803 0.0118669 0.0210032 0.0161211 0.0252391 0.0167321 0.0242934 0.0291314 0.0196095 0.0077992 0.0181138 0.0345923 0.0000000 0.0048106 0.0180508 0.0086047 0.0073472 0.0143910 0.0162049 0.0291047 0.0430886 0.0097738 0.0124627 0.0152703 0.0355317 0.0139727 0.0190441 0.0105293 0.0242112 0.0279614 0.0132624 0.0223293 0.0174315 0.0075226 0.0132194 0.0110209 0.0194914 0.0072249 0.0351511 0.0412870 0.0079777 0.0146865 0.0135135 0.0068252 0.0052016 0.0189077 0.0352643 0.0132402 0.0069759 0.0088136 0.0081958 0.0121256 0.0997026 0.0064443 0.0040185 0.0206383 0.0239240 
Lhos452_MYH2      0.0291420 0.0306863 0.0351427 0.0200518 0.0243636 0.0245388 0.0110685 0.0376260 0.0378948 0.0341720 0.0187915 0.0141147 0.0145959 0.0249574 0.0134888 0.0210402 0.0131642 0.0122538 0.0098587 0.0605258 0.0292704 0.0368695 0.0222850 0.0145940 0.0144093 0.0234496 0.0261649 0.0288308 0.0198823 0.0218871 0.0311733 0.0232662 0.0097645 0.0191783 0.0489357 0.0048106 0.0000000 0.0227597 0.0152110 0.0131245 0.0174077 0.0214086 0.0308690 0.0529505 0.0124009 0.0124627 0.0280681 0.0388273 0.0150096 0.0264931 0.0136982 0.0249340 0.0322721 0.0170053 0.0237859 0.0199874 0.0127126 0.0194562 0.0168703 0.0255167 0.0090445 0.0359668 0.0487610 0.0151090 0.0146941 0.0179072 0.0122198 0.0113566 0.0188343 0.0422968 0.0165768 0.0016303 0.0113261 0.0082651 0.0177871 0.1065615 0.0122297 0.0088461 0.0225759 0.0254788 
Lobl_MYH2         0.0197662 0.0225486 0.0179022 0.0228649 0.0293008 0.0181149 0.0129146 0.0182050 0.0247399 0.0228986 0.0244134 0.0072819 0.0112597 0.0228142 0.0068009 0.0059375 0.0071593 0.0050214 0.0148746 0.0361722 0.0266556 0.0167904 0.0188907 0.0119098 0.0063331 0.0078001 0.0148403 0.0161348 0.0098640 0.0144390 0.0083606 0.0066887 0.0159765 0.0035377 0.0337788 0.0180508 0.0227597 0.0000000 0.0000010 0.0053511 0.0140080 0.0147849 0.0171597 0.0350795 0.0105573 0.0112808 0.0180576 0.0309806 0.0130998 0.0106131 0.0066973 0.0146330 0.0130024 0.0123641 0.0150402 0.0046757 0.0036136 0.0073047 0.0067020 0.0130779 0.0148114 0.0433380 0.0268874 0.0096023 0.0066247 0.0071794 0.0067180 0.0036136 0.0050174 0.0249436 0.0029631 0.0124011 0.0129107 0.0137315 0.0110990 0.0846628 0.0050214 0.0063377 0.0124980 0.0237128 
Lobs_MYH2         0.0166543 0.0196682 0.0194567 0.0177133 0.0206707 0.0188772 0.0117366 0.0162457 0.0246901 0.0213071 0.0208068 0.0054846 0.0102876 0.0196623 0.0077480 0.0078916 0.0051019 0.0047803 0.0150007 0.0351361 0.0225637 0.0184849 0.0157661 0.0122306 0.0063394 0.0080302 0.0118339 0.0158057 0.0098640 0.0192901 0.0122091 0.0068655 0.0159964 0.0036554 0.0299897 0.0086047 0.0152110 0.0000010 0.0000000 0.0050782 0.0132119 0.0148042 0.0157934 0.0335902 0.0102110 0.0126989 0.0187347 0.0345426 0.0152663 0.0114517 0.0090471 0.0123976 0.0153898 0.0130260 0.0135401 0.0064551 0.0049177 0.0086823 0.0064704 0.0149372 0.0147976 0.0280997 0.0280041 0.0073890 0.0086927 0.0090270 0.0047682 0.0034204 0.0054480 0.0262556 0.0030712 0.0142299 0.0035645 0.0131049 0.0099033 0.0877130 0.0047717 0.0057147 0.0105303 0.0230331 
LperAUS_MYH2      0.0124073 0.0168098 0.0177815 0.0138563 0.0182822 0.0164221 0.0083935 0.0208127 0.0172687 0.0171531 0.0178435 0.0038331 0.0183914 0.0178598 0.0051479 0.0052060 0.0036268 0.0033782 0.0131477 0.0355057 0.0165149 0.0131415 0.0144905 0.0112009 0.0045814 0.0053507 0.0111138 0.0135480 0.0108366 0.0162060 0.0128320 0.0054945 0.0150671 0.0059149 0.0268744 0.0073472 0.0131245 0.0053511 0.0050782 0.0000000 0.0101719 0.0145449 0.0147792 0.0430417 0.0098733 0.0112629 0.0200418 0.0347843 0.0111911 0.0184216 0.0113283 0.0106598 0.0152339 0.0131340 0.0123462 0.0035790 0.0018246 0.0115854 0.0053507 0.0185435 0.0138896 0.0310881 0.0339442 0.0066702 0.0077935 0.0071838 0.0033756 0.0018246 0.0038825 0.0289060 0.0016838 0.0119674 0.0019815 0.0110258 0.0085339 0.0930979 0.0033782 0.0042732 0.0090574 0.0189096 
Mbid_MYH2         0.0125930 0.0180560 0.0085257 0.0137177 0.0204297 0.0178266 0.0104335 0.0139693 0.0200604 0.0162296 0.0195005 0.0087136 0.0146365 0.0205924 0.0130629 0.0146952 0.0128369 0.0132838 0.0147607 0.0352934 0.0195398 0.0132365 0.0223102 0.0215887 0.0151858 0.0173013 0.0272827 0.0042633 0.0134469 0.0058442 0.0102480 0.0172570 0.0177096 0.0077664 0.0275970 0.0143910 0.0174077 0.0140080 0.0132119 0.0101719 0.0000000 0.0000010 0.0025301 0.0136638 0.0042036 0.0028317 0.0082099 0.0186345 0.0023607 0.0000010 0.0136410 0.0070875 0.0024722 0.0073356 0.0125130 0.0145456 0.0119535 0.0149304 0.0163305 0.0213311 0.0243472 0.0382809 0.0388191 0.0198569 0.0120376 0.0177910 0.0178152 0.0135655 0.0130088 0.0346551 0.0106895 0.0173529 0.0132395 0.0178201 0.0204267 0.1423640 0.0122720 0.0135198 0.0024088 0.0077232 
Mbow_MYH2         0.0154784 0.0128314 0.0114272 0.0144660 0.0186793 0.0155183 0.0098188 0.0210475 0.0217131 0.0194462 0.0162275 0.0138462 0.0193865 0.0231605 0.0146962 0.0137364 0.0157461 0.0156108 0.0188627 0.0185146 0.0197117 0.0184067 0.0225343 0.0204247 0.0146207 0.0123877 0.0162358 0.0019039 0.0195275 0.0073620 0.0168240 0.0173485 0.0176236 0.0125721 0.0144871 0.0162049 0.0214086 0.0147849 0.0148042 0.0145449 0.0000010 0.0000000 0.0000010 0.0286081 0.0020931 0.0024281 0.0059259 0.0000010 0.0045409 0.0069592 0.0112828 0.0028959 0.0000010 0.0042439 0.0157477 0.0124246 0.0124173 0.0189586 0.0133098 0.0221357 0.0204247 0.0361383 0.0237830 0.0145823 0.0137051 0.0172539 0.0133333 0.0133333 0.0133333 0.0289219 0.0124120 0.0189251 0.0166456 0.0179958 0.0201399 0.1364508 0.0156108 0.0162857 0.0043471 0.0190649 
Mcar_MYH2         0.0176318 0.0156570 0.0097688 0.0244174 0.0258743 0.0163817 0.0099329 0.0211393 0.0211098 0.0209255 0.0193078 0.0214832 0.0231711 0.0221434 0.0175756 0.0164159 0.0186184 0.0155928 0.0172032 0.0344712 0.0222403 0.0129423 0.0195898 0.0193954 0.0149290 0.0184748 0.0264005 0.0000010 0.0222557 0.0125186 0.0144792 0.0161285 0.0196791 0.0149561 0.0479963 0.0291047 0.0308690 0.0171597 0.0157934 0.0147792 0.0025301 0.0000010 0.0000000 0.0289480 0.0000010 0.0000010 0.0113840 0.0221129 0.0037009 0.0076099 0.0125105 0.0021311 0.0000010 0.0037232 0.0263353 0.0134984 0.0149664 0.0201933 0.0163837 0.0267828 0.0224115 0.0465344 0.0419713 0.0267093 0.0164022 0.0217480 0.0190635 0.0149743 0.0145747 0.0335596 0.0128634 0.0194567 0.0249476 0.0221607 0.0264612 0.1020217 0.0155625 0.0198627 0.0074954 0.0154439 
Mden_MYH2         0.0317564 0.0242438 0.0229983 0.0356587 0.0354063 0.0354063 0.0315733 0.0261829 0.0321037 0.0298952 0.0317012 0.0418633 0.0274557 0.0238129 0.0427675 0.0403875 0.0411051 0.0400480 0.0504094 0.0348012 0.0324659 0.0400545 0.0341391 0.0504044 0.0374525 0.0372267 0.0397161 0.0240607 0.0476051 0.0338776 0.0389548 0.0418486 0.0522965 0.0313810 0.0346119 0.0430886 0.0529505 0.0350795 0.0335902 0.0430417 0.0136638 0.0286081 0.0289480 0.0000000 0.0246006 0.0295781 0.0214772 0.0157864 0.0372185 0.0269800 0.0457514 0.0396062 0.0275352 0.0252361 0.0356202 0.0377846 0.0394678 0.0408382 0.0356401 0.0405376 0.0478251 0.0498355 0.0297385 0.0291439 0.0447328 0.0447476 0.0379060 0.0351434 0.0396362 0.0192116 0.0351343 0.0505514 0.0424432 0.0521258 0.0475881 0.1507399 0.0371269 0.0369934 0.0252586 0.0255252 
Meur_MYH2         0.0163006 0.0164369 0.0120230 0.0129340 0.0148789 0.0098402 0.0111063 0.0149912 0.0194273 0.0162855 0.0202415 0.0115250 0.0140080 0.0165634 0.0143288 0.0146378 0.0099535 0.0123972 0.0086722 0.0316463 0.0205659 0.0135162 0.0162434 0.0110538 0.0090243 0.0141071 0.0137916 0.0016431 0.0140652 0.0135810 0.0114045 0.0134772 0.0139338 0.0131134 0.0319594 0.0097738 0.0124009 0.0105573 0.0102110 0.0098733 0.0042036 0.0020931 0.0000010 0.0246006 0.0000000 0.0000010 0.0107395 0.0229967 0.0070213 0.0090374 0.0136556 0.0020999 0.0018180 0.0047567 0.0118504 0.0136183 0.0114847 0.0146073 0.0124662 0.0182975 0.0129204 0.0312359 0.0307977 0.0071888 0.0122697 0.0193428 0.0124086 0.0107754 0.0100338 0.0246830 0.0078541 0.0105839 0.0097679 0.0148239 0.0176795 0.1045933 0.0116308 0.0139181 0.0051592 0.0173115 
Mgin_MYH2         0.0103353 0.0160948 0.0129361 0.0097918 0.0124659 0.0103401 0.0088183 0.0126248 0.0147773 0.0124561 0.0169714 0.0108048 0.0164257 0.0124434 0.0126056 0.0127801 0.0125755 0.0125040 0.0082596 0.0308710 0.0112430 0.0128501 0.0096436 0.0124627 0.0081511 0.0110447 0.0177691 0.0000010 0.0151352 0.0114222 0.0112344 0.0137699 0.0110835 0.0148168 0.0357501 0.0124627 0.0124627 0.0112808 0.0126989 0.0112629 0.0028317 0.0024281 0.0000010 0.0295781 0.0000010 0.0000000 0.0116708 0.0294325 0.0061965 0.0114326 0.0142472 0.0027929 0.0000010 0.0062381 0.0104908 0.0111446 0.0114738 0.0150274 0.0110729 0.0186870 0.0110447 0.0341841 0.0418018 0.0032931 0.0132645 0.0151561 0.0124627 0.0114434 0.0098259 0.0299862 0.0103611 0.0088819 0.0127755 0.0122933 0.0167980 0.1385896 0.0124748 0.0144543 0.0063710 0.0172797 
MgraAUS_MYH2      0.0218964 0.0191195 0.0139345 0.0218075 0.0241134 0.0199322 0.0173262 0.0244346 0.0270654 0.0268385 0.0216684 0.0182314 0.0180789 0.0297837 0.0199303 0.0197120 0.0168871 0.0217244 0.0280732 0.0245610 0.0270436 0.0245307 0.0294780 0.0281325 0.0214658 0.0199303 0.0141882 0.0080260 0.0283371 0.0116592 0.0212663 0.0252470 0.0201019 0.0068030 0.0172181 0.0152703 0.0280681 0.0180576 0.0187347 0.0200418 0.0082099 0.0059259 0.0113840 0.0214772 0.0107395 0.0116708 0.0000000 0.0089056 0.0115841 0.0083502 0.0103637 0.0042734 0.0084960 0.0163580 0.0193440 0.0216894 0.0200071 0.0225842 0.0187347 0.0195894 0.0281325 0.0374288 0.0305694 0.0213249 0.0173609 0.0185325 0.0217911 0.0195242 0.0199647 0.0246603 0.0152935 0.0282742 0.0223260 0.0288922 0.0168479 0.2015485 0.0194707 0.0184019 0.0064012 0.0128281 
Mhec_MYH2         0.0300040 0.0180560 0.0269637 0.0148075 0.0364809 0.0343417 0.0293361 0.0340568 0.0400783 0.0339129 0.0375996 0.0252977 0.0324318 0.0213194 0.0342518 0.0324112 0.0351706 0.0342434 0.0359827 0.0373044 0.0397554 0.0194689 0.0435293 0.0446971 0.0109264 0.0331815 0.0437474 0.0219853 0.0112470 0.0054913 0.0323182 0.0381576 0.0458140 0.0334670 0.0343406 0.0355317 0.0388273 0.0309806 0.0345426 0.0347843 0.0186345 0.0000010 0.0221129 0.0157864 0.0229967 0.0294325 0.0089056 0.0000000 0.0230901 0.0000010 0.0125078 0.0363070 0.0021799 0.0265238 0.0320355 0.0237823 0.0141308 0.0121933 0.0357912 0.0220858 0.0472847 0.0525329 0.0367420 0.0184678 0.0306057 0.0161380 0.0342434 0.0152084 0.0112979 0.0289219 0.0317507 0.0381322 0.0428410 0.0572860 0.0389170 0.1294384 0.0342434 0.0148648 0.0222989 0.0301444 
