84
Bacu_OTOF         0.0000000 0.0695226 0.0509675 0.0053812 0.0050399 0.0058674 0.0254981 0.0045569 0.0167296 0.0041272 0.0021775 0.0586035 0.0330992 0.0152240 0.0348037 0.0588883 0.0321261 0.0349798 0.0339346 0.0127327 0.0120198 0.0130696 0.0057446 0.0375237 0.0327797 0.0361185 0.0356207 0.0348224 0.0375971 0.0483173 0.0658615 0.0485818 0.0344045 0.0376158 0.0598496 0.0349665 0.0359844 0.0339093 0.0593240 0.0339407 0.0413643 0.0483588 0.0691759 0.1146285 0.1587306 0.0517778 0.0709544 0.0619745 0.0684004 0.0718723 0.0350123 0.1152548 0.0773729 0.0888820 0.0338851 0.0342679 0.0551870 0.0534693 0.0356329 0.0406281 0.0326056 0.0322562 0.0376858 0.0335310 0.0345569 0.0727281 0.0333204 0.0322035 0.0301739 0.0347141 0.0323709 0.0405212 0.0348817 0.0422342 0.0339671 0.0326110 0.0346060 0.0324974 0.0314085 0.0319574 0.0335243 0.0691886 0.0350036 0.0411411 
Barn_OTOF         0.0695226 0.0000000 0.0154816 0.0468433 0.0757905 0.0688517 0.0731642 0.0713435 0.0775500 0.0641695 0.0669292 0.0276147 0.0680308 0.0711977 0.0626263 0.0673952 0.0425960 0.0648760 0.0565556 0.0552741 0.0675900 0.0720680 0.0519993 0.0717495 0.0715758 0.0717091 0.0641781 0.0316917 0.0341789 0.0623475 0.0411756 0.0629071 0.0693039 0.0388988 0.0589098 0.0648216 0.0674413 0.0582105 0.0413928 0.0383446 0.0651612 0.0279264 0.0343913 0.0322972 0.0383401 0.0214943 0.0654299 0.0081434 0.0090375 0.0201920 0.0583440 0.0134177 0.0130600 0.0328604 0.0583624 0.0583483 0.0647197 0.0670041 0.0584573 0.0490810 0.0688055 0.0627624 0.0629934 0.0616791 0.0638140 0.0410075 0.0583624 0.0383478 0.0648216 0.0314068 0.0673703 0.0447877 0.0693151 0.0646880 0.0646880 0.0776959 0.0426335 0.0646880 0.0628026 0.0745254 0.0541559 0.0333643 0.0600130 0.0337600 
Bbai76728_OTOF    0.0509675 0.0154816 0.0000000 0.0616529 0.0557785 0.0554786 0.0437610 0.0546349 0.0433124 0.0507384 0.0551139 0.0808849 0.0444131 0.0569093 0.0427335 0.0478330 0.0450822 0.0445527 0.0420211 0.0566994 0.0513210 0.0552779 0.0552243 0.0486759 0.0449304 0.0445150 0.0435767 0.0184221 0.0491899 0.0682586 0.0536821 0.0640770 0.0444904 0.0427578 0.0527945 0.0459808 0.0485159 0.0418861 0.0302404 0.0452853 0.0499171 0.0207683 0.0425150 0.0711603 0.0773332 0.0220972 0.0574813 0.0073452 0.0094913 0.0471590 0.0436704 0.0648005 0.0688668 0.0530853 0.0435536 0.0441423 0.0435189 0.0444779 0.0411350 0.0549216 0.0443857 0.0456681 0.0464098 0.0462755 0.0588865 0.0860139 0.0435536 0.0312902 0.0275430 0.0289214 0.0438409 0.0489512 0.0459935 0.0550015 0.0463912 0.0293914 0.0472439 0.0464264 0.0290429 0.0465217 0.0273732 0.0420794 0.0426673 0.0109021 
BbonAUS_OTOF      0.0053812 0.0468433 0.0616529 0.0000000 0.0103731 0.0118698 0.0308775 0.0085200 0.0247688 0.0062713 0.0090608 0.0327565 0.0332914 0.0217729 0.0390768 0.0401163 0.0378182 0.0400136 0.0354954 0.0186786 0.0185661 0.0200413 0.0107495 0.0435894 0.0369125 0.0420383 0.0372062 0.0410666 0.0395153 0.0636438 0.0366485 0.0550701 0.0396018 0.0361512 0.0605225 0.0378399 0.0381904 0.0345998 0.0373939 0.0378149 0.0450075 0.0495601 0.0833491 0.1016006 0.1436341 0.0409682 0.0871261 0.0639126 0.0439212 0.0647460 0.0371407 0.0868421 0.0890875 0.0810374 0.0362155 0.0348056 0.0374755 0.0377114 0.0363681 0.0424318 0.0389100 0.0354749 0.0390373 0.0382053 0.0378316 0.0693733 0.0362155 0.0313147 0.0372320 0.0321169 0.0358762 0.0399197 0.0396346 0.0470547 0.0370343 0.0379688 0.0344837 0.0363207 0.0358285 0.0382477 0.0339952 0.0882700 0.0362625 0.0429395 
Bbor_OTOF         0.0050399 0.0757905 0.0557785 0.0103731 0.0000000 0.0056439 0.0062734 0.0101806 0.0235384 0.0050888 0.0059124 0.0702551 0.0386208 0.0186634 0.0406868 0.0658660 0.0380500 0.0390849 0.0364295 0.0179624 0.0167776 0.0186988 0.0102337 0.0423334 0.0365886 0.0390858 0.0388099 0.0382623 0.0420690 0.0563256 0.0775499 0.0565825 0.0388859 0.0423294 0.0672030 0.0415963 0.0401841 0.0363488 0.0665496 0.0403446 0.0422598 0.0540149 0.0770398 0.1293542 0.1590947 0.0532419 0.0536581 0.0392542 0.0771698 0.0824040 0.0380458 0.1315893 0.0850914 0.0770610 0.0386857 0.0376117 0.0621181 0.0627987 0.0380203 0.0430327 0.0381244 0.0369367 0.0382728 0.0364806 0.0379153 0.0847159 0.0378696 0.0392508 0.0352322 0.0379001 0.0364333 0.0429982 0.0408304 0.0467437 0.0383433 0.0382929 0.0388616 0.0379358 0.0366695 0.0376242 0.0373121 0.0739788 0.0379162 0.0411263 
Bede66737_OTOF    0.0058674 0.0688517 0.0554786 0.0118698 0.0056439 0.0000000 0.0034661 0.0096226 0.0254176 0.0059438 0.0072358 0.0643429 0.0348929 0.0219793 0.0385496 0.0389784 0.0356330 0.0374034 0.0362590 0.0214336 0.0183881 0.0212779 0.0119204 0.0408072 0.0353493 0.0381223 0.0370806 0.0359489 0.0399334 0.0563430 0.0461178 0.0539836 0.0373845 0.0405499 0.0603694 0.0394625 0.0393494 0.0345912 0.0369197 0.0369274 0.0411915 0.0516012 0.0751673 0.0871526 0.1078483 0.0523357 0.0801278 0.0354890 0.0477844 0.0783967 0.0378320 0.0950423 0.0791702 0.0750201 0.0361431 0.0348047 0.0355767 0.0365233 0.0362802 0.0416857 0.0365313 0.0351048 0.0373179 0.0355525 0.0369753 0.0818222 0.0361431 0.0374836 0.0337028 0.0350073 0.0342910 0.0406899 0.0387433 0.0445609 0.0375264 0.0359123 0.0368335 0.0371000 0.0350894 0.0360314 0.0359942 0.0748517 0.0361799 0.0426827 
BedeAUS_OTOF      0.0254981 0.0731642 0.0437610 0.0308775 0.0062734 0.0034661 0.0000000 0.0290398 0.0473613 0.0250161 0.0263804 0.1040775 0.0372097 0.0214825 0.0393505 0.0620628 0.0397568 0.0596191 0.0555370 0.0362316 0.0202255 0.0226712 0.0370444 0.0460762 0.0597559 0.0435442 0.0594706 0.0369339 0.0607715 0.0356281 0.0485741 0.0844619 0.0410334 0.0414866 0.1005291 0.0603684 0.0607521 0.0565955 0.0586864 0.0392440 0.0677842 0.0852292 0.1048552 0.0930072 0.1373130 0.0749654 0.0835202 0.0376835 0.0500459 0.0727271 0.0572785 0.1008656 0.0836576 0.1069009 0.0556296 0.0563482 0.0403473 0.0584857 0.0585714 0.0672222 0.0401553 0.0559437 0.0619766 0.0584652 0.0705613 0.0744982 0.0556296 0.0547771 0.0383507 0.0647676 0.0567527 0.0529390 0.0422744 0.0708126 0.0585580 0.0431827 0.0565188 0.0598804 0.0587158 0.0410313 0.0633009 0.0806885 0.0574710 0.0709694 
Bmus_OTOF         0.0045569 0.0713435 0.0546349 0.0085200 0.0101806 0.0096226 0.0290398 0.0000000 0.0200745 0.0067436 0.0065904 0.0613711 0.0375045 0.0200366 0.0401541 0.0644956 0.0346628 0.0400457 0.0384813 0.0155391 0.0156673 0.0162359 0.0107647 0.0429379 0.0373612 0.0397637 0.0401915 0.0400754 0.0409647 0.0536721 0.0677256 0.0524970 0.0401678 0.0417321 0.0653544 0.0394785 0.0416428 0.0384514 0.0632953 0.0365698 0.0460219 0.0522595 0.0756483 0.1214643 0.1639423 0.0557483 0.0763228 0.0660703 0.0719054 0.0762592 0.0395681 0.1213524 0.0810586 0.0955367 0.0384240 0.0391735 0.0604128 0.0584471 0.0402058 0.0447654 0.0375713 0.0363365 0.0416521 0.0368784 0.0407062 0.0777073 0.0378498 0.0333164 0.0350029 0.0371951 0.0375378 0.0448083 0.0403569 0.0460930 0.0396487 0.0374605 0.0380036 0.0364270 0.0365183 0.0368445 0.0366300 0.0735036 0.0395581 0.0466328 
Bmys_OTOF         0.0167296 0.0775500 0.0433124 0.0247688 0.0235384 0.0254176 0.0473613 0.0200745 0.0000000 0.0175116 0.0190906 0.0580133 0.0336838 0.0225424 0.0384873 0.0373123 0.0356249 0.0381800 0.0326690 0.0106028 0.0081043 0.0089165 0.0236216 0.0400820 0.0348194 0.0367843 0.0318812 0.0392402 0.0402044 0.0304862 0.0450744 0.0516562 0.0371781 0.0385971 0.0620260 0.0371311 0.0387689 0.0319397 0.0401971 0.0369487 0.0455189 0.0563258 0.0839875 0.0944488 0.1454447 0.0609263 0.0811044 0.0747173 0.0552944 0.0886720 0.0339984 0.1016888 0.0960140 0.1067691 0.0326084 0.0333309 0.0353759 0.0355682 0.0340505 0.0480337 0.0354283 0.0328703 0.0387546 0.0330070 0.0280316 0.0485720 0.0326084 0.0334722 0.0352930 0.0402431 0.0345513 0.0420035 0.0370397 0.0472775 0.0373302 0.0362390 0.0384123 0.0355163 0.0350371 0.0337300 0.0371981 0.0764046 0.0326042 0.0434936 
Bphy_OTOF         0.0041272 0.0641695 0.0507384 0.0062713 0.0050888 0.0059438 0.0250161 0.0067436 0.0175116 0.0000000 0.0007358 0.0537651 0.0318443 0.0160578 0.0324629 0.0565319 0.0311813 0.0339882 0.0346928 0.0139560 0.0128500 0.0139956 0.0066485 0.0357311 0.0324658 0.0346593 0.0358518 0.0337194 0.0364448 0.0472294 0.0642863 0.0473766 0.0327238 0.0368156 0.0576161 0.0326851 0.0356294 0.0341026 0.0580531 0.0321810 0.0421441 0.0459627 0.0670639 0.1141568 0.1558394 0.0509612 0.0704542 0.0594120 0.0687989 0.0705851 0.0357946 0.1160454 0.0759805 0.0882874 0.0346409 0.0348959 0.0547589 0.0514011 0.0358644 0.0387223 0.0308461 0.0302653 0.0377070 0.0342195 0.0319704 0.0715736 0.0340628 0.0313350 0.0281353 0.0326021 0.0308490 0.0389483 0.0325123 0.0415935 0.0328282 0.0316094 0.0325845 0.0313982 0.0295735 0.0310371 0.0307333 0.0666638 0.0352208 0.0395201 
Bphy_baits_OTOF   0.0021775 0.0669292 0.0551139 0.0090608 0.0059124 0.0072358 0.0263804 0.0065904 0.0190906 0.0007358 0.0000000 0.0589759 0.0325202 0.0189065 0.0359264 0.0358047 0.0333867 0.0355757 0.0328164 0.0143456 0.0132742 0.0156439 0.0047988 0.0368281 0.0332847 0.0347554 0.0352108 0.0339791 0.0366790 0.0262109 0.0426403 0.0515189 0.0337529 0.0384294 0.0595028 0.0366250 0.0371199 0.0327543 0.0366843 0.0349163 0.0386280 0.0503340 0.0754438 0.0811914 0.1054838 0.0489365 0.0808769 0.0632407 0.0459739 0.0795710 0.0343703 0.0972687 0.0829366 0.0745457 0.0327177 0.0310717 0.0325562 0.0348462 0.0344192 0.0410406 0.0333840 0.0317172 0.0361757 0.0328476 0.0367473 0.0502969 0.0327177 0.0323274 0.0314867 0.0348816 0.0325705 0.0398715 0.0358257 0.0442580 0.0339294 0.0335044 0.0361361 0.0349658 0.0337883 0.0328296 0.0336995 0.0760540 0.0343255 0.0413981 
Ccom40_OTOF       0.0586035 0.0276147 0.0808849 0.0327565 0.0702551 0.0643429 0.1040775 0.0613711 0.0580133 0.0537651 0.0589759 0.0000000 0.0265571 0.0629706 0.0262795 0.0232644 0.0098282 0.0221689 0.0305134 0.0486606 0.0608224 0.0630987 0.0480930 0.0309970 0.0252817 0.0299622 0.0230329 0.0504932 0.0182318 0.1060841 0.0403342 0.0243146 0.0276076 0.0085800 0.0512333 0.0204708 0.0234022 0.0204708 0.0083834 0.0128362 0.0423707 0.0669328 0.1204190 0.1431416 0.2393299 0.0515285 0.1121552 0.0729834 0.0422340 0.0286386 0.0317474 0.1178793 0.1185577 0.1161600 0.0305262 0.0327984 0.0258371 0.0222592 0.0229936 0.0271923 0.0281142 0.0299175 0.0194196 0.0501808 0.0494419 0.0621577 0.0305262 0.0162394 0.0251914 0.0028741 0.0252035 0.0114860 0.0237265 0.0231212 0.0236967 0.0333377 0.0082860 0.0249621 0.0205948 0.0266076 0.0174003 0.1375154 0.0217047 0.0466076 
Chea7320_OTOF     0.0330992 0.0680308 0.0444131 0.0332914 0.0386208 0.0348929 0.0372097 0.0375045 0.0336838 0.0318443 0.0325202 0.0265571 0.0000000 0.0321597 0.0050617 0.0120963 0.0045168 0.0024270 0.0095268 0.0322620 0.0321029 0.0338808 0.0367124 0.0042674 0.0016706 0.0059276 0.0047332 0.0285272 0.0150140 0.0515990 0.0517569 0.0037594 0.0025602 0.0057770 0.0286527 0.0033121 0.0025420 0.0031489 0.0099424 0.0045334 0.0244720 0.0452675 0.0752973 0.0893896 0.1136822 0.0398443 0.0672815 0.0286793 0.0443940 0.0346294 0.0103258 0.0928319 0.0742781 0.0681216 0.0095524 0.0085066 0.0094174 0.0095367 0.0055314 0.0233922 0.0025685 0.0080767 0.0044852 0.0321946 0.0308512 0.0441739 0.0095278 0.0066100 0.0017580 0.0027462 0.0024352 0.0048259 0.0043204 0.0016098 0.0017025 0.0071331 0.0027880 0.0025010 0.0017419 0.0016605 0.0022835 0.0722185 0.0047312 0.0311521 
Cmar59905_OTOF    0.0152240 0.0711977 0.0569093 0.0217729 0.0186634 0.0219793 0.0214825 0.0200366 0.0225424 0.0160578 0.0189065 0.0629706 0.0321597 0.0000000 0.0375263 0.0382387 0.0361428 0.0373921 0.0340155 0.0205475 0.0194027 0.0214529 0.0187626 0.0407497 0.0353666 0.0391965 0.0368987 0.0398462 0.0404413 0.0316575 0.0440376 0.0511157 0.0365864 0.0404755 0.0586063 0.0371817 0.0366448 0.0346972 0.0357658 0.0385110 0.0436287 0.0518144 0.0821787 0.0872629 0.1520334 0.0536046 0.0807805 0.0419761 0.0487297 0.0793908 0.0354009 0.0948551 0.0831158 0.0755676 0.0339723 0.0319199 0.0369049 0.0356540 0.0362200 0.0421320 0.0355299 0.0305468 0.0387468 0.0326948 0.0344023 0.0492349 0.0339723 0.0292925 0.0317912 0.0347983 0.0347486 0.0412176 0.0368403 0.0450175 0.0374236 0.0328791 0.0354851 0.0365916 0.0319291 0.0342863 0.0324233 0.0780242 0.0361025 0.0423104 
Dcap108471_OTOF   0.0348037 0.0626263 0.0427335 0.0390768 0.0406868 0.0385496 0.0393505 0.0401541 0.0384873 0.0324629 0.0359264 0.0262795 0.0050617 0.0375263 0.0000000 0.0031514 0.0016089 0.0042941 0.0122512 0.0361852 0.0343122 0.0356748 0.0383252 0.0058931 0.0031566 0.0050966 0.0040469 0.0312799 0.0173725 0.0523327 0.0405215 0.0228007 0.0062131 0.0058529 0.0305985 0.0037780 0.0048976 0.0033603 0.0016602 0.0033376 0.0265795 0.0460155 0.0684204 0.0776439 0.1093120 0.0386415 0.0656851 0.0288147 0.0342852 0.0666360 0.0136248 0.0812637 0.0708265 0.0837120 0.0108730 0.0096427 0.0054382 0.0051220 0.0067548 0.0239225 0.0031476 0.0113412 0.0016263 0.0332027 0.0398757 0.0445442 0.0108730 0.0083529 0.0022041 0.0012339 0.0051740 0.0055648 0.0051096 0.0158394 0.0031853 0.0040711 0.0024348 0.0048516 0.0028634 0.0031793 0.0031693 0.0674649 0.0033621 0.0342330 
Dcap79929_OTOF    0.0588883 0.0673952 0.0478330 0.0401163 0.0658660 0.0389784 0.0620628 0.0644956 0.0373123 0.0565319 0.0358047 0.0232644 0.0120963 0.0382387 0.0031514 0.0000000 0.0229707 0.0029896 0.0306093 0.0327277 0.0326714 0.0353727 0.0382981 0.0036109 0.0016523 0.0248936 0.0215865 0.0540854 0.0160581 0.0541180 0.0434402 0.0206118 0.0042535 0.0278929 0.0256493 0.0032241 0.0031961 0.0207019 0.0008237 0.0278163 0.0471707 0.0435474 0.0980045 0.0758580 0.1009809 0.0375566 0.0690501 0.0556535 0.0354611 0.0746824 0.0321652 0.0839377 0.0732294 0.0951212 0.0289209 0.0294024 0.0041819 0.0037578 0.0239963 0.0229232 0.0017148 0.0098590 0.0222090 0.0526988 0.0342624 0.0453295 0.0289050 0.0069685 0.0008159 0.0000010 0.0038584 0.0050176 0.0038837 0.0149282 0.0016267 0.0259830 0.0016946 0.0033074 0.0015685 0.0017340 0.0010104 0.0846825 0.0207153 0.0316350 
DdelSJR_OTOF      0.0321261 0.0425960 0.0450822 0.0378182 0.0380500 0.0356330 0.0397568 0.0346628 0.0356249 0.0311813 0.0333867 0.0098282 0.0045168 0.0361428 0.0016089 0.0229707 0.0000000 0.0015593 0.0097637 0.0343668 0.0331792 0.0349938 0.0340581 0.0026337 0.0000010 0.0015103 0.0007434 0.0290492 0.0175960 0.0501081 0.0542548 0.0208222 0.0024946 0.0024125 0.0324498 0.0008712 0.0016515 0.0007426 0.0230579 0.0016947 0.0247511 0.0475331 0.0737635 0.1195625 0.1574457 0.0405353 0.0647883 0.0283725 0.0595169 0.0775647 0.0120554 0.1012171 0.0714269 0.0665208 0.0075001 0.0055930 0.0227144 0.0223662 0.0022316 0.0233045 0.0000010 0.0071701 0.0008038 0.0313122 0.0295874 0.0336935 0.0067401 0.0060383 0.0000010 0.0000010 0.0023764 0.0044743 0.0024382 0.0131015 0.0000010 0.0024245 0.0009159 0.0016760 0.0008428 0.0000010 0.0000010 0.0683073 0.0007431 0.0331931 
Ddeltrop4525_OTOF 0.0349798 0.0648760 0.0445527 0.0400136 0.0390849 0.0374034 0.0596191 0.0400457 0.0381800 0.0339882 0.0355757 0.0221689 0.0024270 0.0373921 0.0042941 0.0029896 0.0015593 0.0000000 0.0109537 0.0341530 0.0331901 0.0355061 0.0352167 0.0039911 0.0013942 0.0034745 0.0025538 0.0292867 0.0166207 0.0481748 0.0398123 0.0182832 0.0037708 0.0054373 0.0232749 0.0028483 0.0028717 0.0019089 0.0023217 0.0024553 0.0244723 0.0392415 0.0629927 0.0749903 0.0941804 0.0397334 0.0640909 0.0554383 0.0348282 0.0681497 0.0122532 0.0807583 0.0700765 0.0593005 0.0083442 0.0069704 0.0036137 0.0034763 0.0044745 0.0220149 0.0023162 0.0083988 0.0022054 0.0307174 0.0369448 0.0406241 0.0083442 0.0064968 0.0014878 0.0011534 0.0033769 0.0053942 0.0036635 0.0119536 0.0014338 0.0031275 0.0015430 0.0029077 0.0021204 0.0015234 0.0009790 0.0641306 0.0019099 0.0299827 
Dleu_OTOF         0.0339346 0.0565556 0.0420211 0.0354954 0.0364295 0.0362590 0.0555370 0.0384813 0.0326690 0.0346928 0.0328164 0.0305134 0.0095268 0.0340155 0.0122512 0.0306093 0.0097637 0.0109537 0.0000000 0.0318042 0.0327922 0.0324907 0.0334798 0.0119178 0.0095539 0.0124056 0.0117230 0.0273490 0.0185798 0.0463166 0.0651439 0.0223614 0.0102067 0.0114710 0.0273258 0.0107145 0.0100105 0.0101591 0.0283861 0.0100328 0.0255792 0.0357614 0.0598793 0.1020047 0.1467291 0.0378078 0.0597995 0.0503080 0.0569600 0.0651620 0.0020076 0.1013407 0.0649203 0.0744229 0.0080965 0.0087221 0.0286566 0.0274891 0.0112108 0.0227173 0.0096601 0.0058821 0.0103433 0.0328477 0.0325633 0.0375093 0.0075829 0.0059722 0.0087072 0.0066600 0.0092477 0.0118728 0.0118345 0.0185560 0.0079127 0.0101890 0.0090405 0.0091918 0.0085238 0.0094704 0.0075967 0.0612400 0.0111874 0.0296461 
EausAUS_OTOF      0.0127327 0.0552741 0.0566994 0.0186786 0.0179624 0.0214336 0.0362316 0.0155391 0.0106028 0.0139560 0.0143456 0.0486606 0.0322620 0.0205475 0.0361852 0.0327277 0.0343668 0.0341530 0.0318042 0.0000000 0.0019279 0.0020152 0.0163654 0.0392686 0.0335074 0.0350830 0.0337264 0.0379591 0.0337073 0.0273310 0.0429382 0.0505177 0.0359864 0.0373570 0.0558414 0.0344862 0.0349265 0.0317798 0.0316045 0.0337612 0.0397561 0.0529911 0.0837102 0.0981514 0.1090502 0.0381972 0.0925616 0.0582325 0.0364014 0.0400287 0.0327545 0.1071886 0.0981420 0.0839505 0.0327246 0.0325032 0.0339297 0.0325086 0.0318108 0.0441714 0.0357367 0.0333267 0.0373519 0.0338531 0.0341498 0.0465744 0.0327246 0.0256996 0.0291322 0.0330750 0.0327157 0.0358146 0.0340478 0.0464036 0.0340506 0.0326042 0.0331789 0.0341621 0.0313954 0.0335907 0.0269268 0.0911727 0.0337099 0.0402184 
Egla13086_OTOF    0.0120198 0.0675900 0.0513210 0.0185661 0.0167776 0.0183881 0.0202255 0.0156673 0.0081043 0.0128500 0.0132742 0.0608224 0.0321029 0.0194027 0.0343122 0.0326714 0.0331792 0.0331901 0.0327922 0.0019279 0.0000000 0.0000010 0.0149226 0.0369501 0.0317109 0.0335538 0.0327762 0.0359632 0.0350615 0.0477861 0.0422928 0.0482688 0.0340267 0.0372316 0.0549053 0.0343017 0.0362575 0.0312645 0.0332502 0.0325522 0.0390647 0.0501687 0.0761978 0.0873519 0.1125955 0.0494180 0.0738148 0.0402576 0.0455305 0.0765057 0.0342765 0.0918150 0.0841931 0.0714687 0.0334955 0.0333778 0.0321891 0.0305644 0.0320755 0.0401364 0.0342794 0.0331710 0.0362447 0.0307367 0.0367395 0.0751287 0.0334955 0.0309999 0.0291727 0.0330960 0.0314863 0.0368279 0.0337502 0.0436759 0.0338743 0.0331525 0.0336344 0.0333975 0.0302362 0.0327349 0.0286398 0.0728611 0.0327637 0.0373989 
Ejap43864_OTOF    0.0130696 0.0720680 0.0552779 0.0200413 0.0186988 0.0212779 0.0226712 0.0162359 0.0089165 0.0139956 0.0156439 0.0630987 0.0338808 0.0214529 0.0356748 0.0353727 0.0349938 0.0355061 0.0324907 0.0020152 0.0000010 0.0000000 0.0162503 0.0401276 0.0329634 0.0343714 0.0332776 0.0402321 0.0369287 0.0521483 0.0444808 0.0514486 0.0361528 0.0398402 0.0591209 0.0345266 0.0373612 0.0316322 0.0342676 0.0351934 0.0401514 0.0525671 0.0861583 0.0922427 0.1275248 0.0538449 0.0827191 0.0411888 0.0437224 0.0830713 0.0333001 0.0996810 0.0918877 0.0776867 0.0349381 0.0349142 0.0339006 0.0329363 0.0316584 0.0422521 0.0354013 0.0359749 0.0370707 0.0318177 0.0358397 0.0795388 0.0349381 0.0330244 0.0302966 0.0355275 0.0337736 0.0387291 0.0363682 0.0470003 0.0353634 0.0331254 0.0354074 0.0358002 0.0315984 0.0328785 0.0288729 0.0846180 0.0332637 0.0415008 
Erob133443_OTOF   0.0057446 0.0519993 0.0552243 0.0107495 0.0102337 0.0119204 0.0370444 0.0107647 0.0236216 0.0066485 0.0047988 0.0480930 0.0367124 0.0187626 0.0383252 0.0382981 0.0340581 0.0352167 0.0334798 0.0163654 0.0149226 0.0162503 0.0000000 0.0374409 0.0346169 0.0335727 0.0370649 0.0362914 0.0345221 0.0645376 0.0480222 0.0357395 0.0322707 0.0369190 0.0578322 0.0371931 0.0371562 0.0351639 0.0357569 0.0362798 0.0400152 0.0550472 0.0775338 0.0947125 0.1585921 0.0545710 0.0915492 0.0585982 0.0427097 0.0796319 0.0352302 0.1100355 0.0907103 0.0792693 0.0368881 0.0385448 0.0323977 0.0351391 0.0361820 0.0380723 0.0357712 0.0339503 0.0415056 0.0362183 0.0319712 0.0830620 0.0368881 0.0334989 0.0326920 0.0317551 0.0338144 0.0388176 0.0318681 0.0325714 0.0301967 0.0342778 0.0315429 0.0326984 0.0297876 0.0350071 0.0319101 0.0793519 0.0360600 0.0474734 
Fatt_OTOF         0.0375237 0.0717495 0.0486759 0.0435894 0.0423334 0.0408072 0.0460762 0.0429379 0.0400820 0.0357311 0.0368281 0.0309970 0.0042674 0.0407497 0.0058931 0.0036109 0.0026337 0.0039911 0.0119178 0.0392686 0.0369501 0.0401276 0.0374409 0.0000000 0.0024655 0.0040560 0.0031463 0.0309802 0.0192136 0.0546241 0.0460414 0.0220153 0.0049148 0.0066205 0.0323470 0.0041347 0.0034151 0.0031431 0.0039178 0.0044106 0.0236043 0.0483260 0.0801537 0.0777864 0.1225202 0.0440592 0.0406234 0.0315629 0.0383758 0.0428950 0.0127183 0.0887068 0.0818820 0.0702887 0.0103081 0.0093440 0.0049082 0.0041342 0.0055221 0.0272736 0.0032937 0.0109455 0.0025204 0.0339098 0.0364963 0.0506252 0.0103081 0.0086337 0.0026576 0.0029285 0.0047563 0.0077233 0.0050224 0.0160407 0.0025333 0.0044407 0.0038854 0.0042249 0.0035088 0.0024849 0.0023956 0.0760461 0.0031450 0.0320707 
Ggri_OTOF         0.0327797 0.0715758 0.0449304 0.0369125 0.0365886 0.0353493 0.0597559 0.0373612 0.0348194 0.0324658 0.0332847 0.0252817 0.0016706 0.0353666 0.0031566 0.0016523 0.0000010 0.0013942 0.0095539 0.0335074 0.0317109 0.0329634 0.0346169 0.0024655 0.0000000 0.0007489 0.0006750 0.0286260 0.0158585 0.0478002 0.0386490 0.0180223 0.0023191 0.0039616 0.0264805 0.0015179 0.0007522 0.0006744 0.0008481 0.0016920 0.0223782 0.0409594 0.0682642 0.0738342 0.1026323 0.0393882 0.0662831 0.0591742 0.0354447 0.0659950 0.0095402 0.0836324 0.0775762 0.0606027 0.0067964 0.0057679 0.0022335 0.0014806 0.0027066 0.0216243 0.0008212 0.0075290 0.0007483 0.0282656 0.0351365 0.0428262 0.0067964 0.0057684 0.0000010 0.0000010 0.0020948 0.0042834 0.0024283 0.0117147 0.0000010 0.0015937 0.0008599 0.0014964 0.0007757 0.0000010 0.0000010 0.0680287 0.0006747 0.0317260 
Gmac39091_OTOF    0.0361185 0.0717091 0.0445150 0.0420383 0.0390858 0.0381223 0.0435442 0.0397637 0.0367843 0.0346593 0.0347554 0.0299622 0.0059276 0.0391965 0.0050966 0.0248936 0.0015103 0.0034745 0.0124056 0.0350830 0.0335538 0.0343714 0.0335727 0.0040560 0.0007489 0.0000000 0.0006415 0.0304248 0.0193359 0.0481130 0.0693201 0.0212541 0.0037389 0.0054199 0.0312949 0.0038454 0.0031087 0.0025752 0.0249283 0.0038865 0.0268189 0.0465116 0.0683805 0.1107016 0.1420205 0.0428253 0.0654130 0.0324818 0.0596686 0.0770615 0.0144041 0.1141153 0.0739711 0.0875048 0.0104195 0.0070408 0.0223401 0.0235529 0.0051679 0.0246269 0.0023357 0.0107520 0.0015450 0.0346091 0.0372930 0.0460047 0.0097558 0.0093579 0.0023323 0.0037215 0.0036432 0.0067040 0.0044559 0.0135331 0.0015443 0.0030533 0.0033697 0.0030726 0.0029918 0.0007783 0.0031335 0.0647119 0.0025765 0.0356171 
Gmel_OTOF         0.0356207 0.0641781 0.0435767 0.0372062 0.0388099 0.0370806 0.0594706 0.0401915 0.0318812 0.0358518 0.0352108 0.0230329 0.0047332 0.0368987 0.0040469 0.0215865 0.0007434 0.0025538 0.0117230 0.0337264 0.0327762 0.0332776 0.0370649 0.0031463 0.0006750 0.0006415 0.0000000 0.0301779 0.0162985 0.0470699 0.0662640 0.0179328 0.0036149 0.0042588 0.0237841 0.0026549 0.0021263 0.0015058 0.0216215 0.0030594 0.0261428 0.0394479 0.0624832 0.1085713 0.1539248 0.0396183 0.0626179 0.0552578 0.0578946 0.0691675 0.0127510 0.1066458 0.0718963 0.0778520 0.0106831 0.0087167 0.0202015 0.0201180 0.0040329 0.0219974 0.0014720 0.0088820 0.0020478 0.0339738 0.0345635 0.0401105 0.0101645 0.0069797 0.0014419 0.0022159 0.0026169 0.0051603 0.0034486 0.0115920 0.0007132 0.0028925 0.0022430 0.0021033 0.0019556 0.0007215 0.0018905 0.0623366 0.0015064 0.0321948 
Hamp_OTOF         0.0348224 0.0316917 0.0184221 0.0410666 0.0382623 0.0359489 0.0369339 0.0400754 0.0392402 0.0337194 0.0339791 0.0504932 0.0285272 0.0398462 0.0312799 0.0540854 0.0290492 0.0292867 0.0273490 0.0379591 0.0359632 0.0402321 0.0362914 0.0309802 0.0286260 0.0304248 0.0301779 0.0000000 0.0314293 0.0511887 0.0659794 0.0405191 0.0272893 0.0321781 0.0242150 0.0294256 0.0313177 0.0279943 0.0531983 0.0280929 0.0368258 0.0018579 0.0038424 0.0262367 0.0566359 0.0183481 0.0253502 0.0032784 0.0359231 0.0380129 0.0294815 0.0365139 0.0028120 0.0022158 0.0294015 0.0285139 0.0499684 0.0495248 0.0287940 0.0353324 0.0272727 0.0266042 0.0329258 0.0316428 0.0397672 0.0737371 0.0286783 0.0260907 0.0247793 0.0257200 0.0278542 0.0337806 0.0285870 0.0372064 0.0290444 0.0280963 0.0291587 0.0291980 0.0261637 0.0292359 0.0239394 0.0025417 0.0293993 0.0106780 
Igeo_OTOF         0.0375971 0.0341789 0.0491899 0.0395153 0.0420690 0.0399334 0.0607715 0.0409647 0.0402044 0.0364448 0.0366790 0.0182318 0.0150140 0.0404413 0.0173725 0.0160581 0.0175960 0.0166207 0.0185798 0.0337073 0.0350615 0.0369287 0.0345221 0.0192136 0.0158585 0.0193359 0.0162985 0.0314293 0.0000000 0.0553281 0.0327763 0.0282387 0.0179747 0.0165240 0.0378718 0.0153390 0.0169539 0.0140077 0.0151411 0.0170723 0.0210482 0.0462555 0.0694027 0.0826439 0.1302332 0.0366708 0.0730633 0.0603575 0.0369151 0.0754461 0.0185808 0.0735432 0.0799119 0.0664828 0.0170383 0.0162170 0.0137601 0.0164247 0.0155446 0.0138134 0.0181714 0.0185439 0.0163951 0.0318787 0.0374663 0.0459433 0.0170383 0.0168689 0.0163942 0.0180961 0.0156519 0.0147381 0.0154672 0.0279877 0.0149758 0.0182507 0.0134465 0.0178396 0.0167106 0.0164263 0.0167919 0.0676977 0.0155055 0.0323342 
Kbre_OTOF         0.0483173 0.0623475 0.0682586 0.0636438 0.0563256 0.0563430 0.0356281 0.0536721 0.0304862 0.0472294 0.0262109 0.1060841 0.0515990 0.0316575 0.0523327 0.0541180 0.0501081 0.0481748 0.0463166 0.0273310 0.0477861 0.0521483 0.0645376 0.0546241 0.0478002 0.0481130 0.0470699 0.0511887 0.0553281 0.0000000 0.0430537 0.0745920 0.0503698 0.0553077 0.0531198 0.0507472 0.0522493 0.0453680 0.0538984 0.0506314 0.0534089 0.0756368 0.1008432 0.1009935 0.1194878 0.0436482 0.0992787 0.0318129 0.0640161 0.0693134 0.0479721 0.1146737 0.1105991 0.0901576 0.0468654 0.0493576 0.0482117 0.0485575 0.0454081 0.0555478 0.0491768 0.0517306 0.0510669 0.0343960 0.0172776 0.0407518 0.0468654 0.0627336 0.0471145 0.0229401 0.0474107 0.0578314 0.0518236 0.0612961 0.0499294 0.0499562 0.0556031 0.0501065 0.0484439 0.0494854 0.0251021 0.1023047 0.0470502 0.0652567 
Ksim_OTOF         0.0658615 0.0411756 0.0536821 0.0366485 0.0775499 0.0461178 0.0485741 0.0677256 0.0450744 0.0642863 0.0426403 0.0403342 0.0517569 0.0440376 0.0405215 0.0434402 0.0542548 0.0398123 0.0651439 0.0429382 0.0422928 0.0444808 0.0480222 0.0460414 0.0386490 0.0693201 0.0662640 0.0659794 0.0327763 0.0430537 0.0000000 0.0461183 0.0414642 0.0584869 0.0776249 0.0420191 0.0435960 0.0632540 0.0299694 0.0578635 0.0715202 0.0668687 0.1228029 0.1073972 0.1761581 0.0467716 0.0780724 0.0331264 0.0378846 0.0734047 0.0667921 0.0760925 0.0747505 0.1233972 0.0642208 0.0692754 0.0431070 0.0404783 0.0653311 0.0388590 0.0384772 0.0412058 0.0654467 0.0428354 0.0329744 0.0588656 0.0641646 0.0291962 0.0380153 0.0260710 0.0395428 0.0342592 0.0432480 0.0370230 0.0415493 0.0690021 0.0319799 0.0379391 0.0365966 0.0386413 0.0422172 0.1038146 0.0651083 0.0499858 
Lacu_OTOF         0.0485818 0.0629071 0.0640770 0.0550701 0.0565825 0.0539836 0.0844619 0.0524970 0.0516562 0.0473766 0.0515189 0.0243146 0.0037594 0.0511157 0.0228007 0.0206118 0.0208222 0.0182832 0.0223614 0.0505177 0.0482688 0.0514486 0.0357395 0.0220153 0.0180223 0.0212541 0.0179328 0.0405191 0.0282387 0.0745920 0.0461183 0.0000000 0.0184816 0.0225328 0.0269946 0.0193599 0.0187232 0.0161892 0.0198765 0.0214931 0.0315419 0.0387370 0.0940150 0.1026411 0.1182016 0.0575751 0.0894761 0.0901017 0.0351330 0.0680562 0.0241070 0.1098634 0.0807015 0.0780376 0.0205971 0.0203493 0.0182590 0.0179436 0.0153388 0.0413444 0.0207270 0.0081851 0.0194460 0.0438398 0.0511468 0.0653580 0.0205971 0.0058428 0.0203510 0.0045692 0.0182737 0.0231523 0.0209521 0.0032505 0.0182762 0.0232169 0.0038030 0.0190953 0.0190606 0.0191399 0.0044527 0.0963657 0.0179247 0.0441791 
Lalb_OTOF         0.0344045 0.0693039 0.0444904 0.0396018 0.0388859 0.0373845 0.0410334 0.0401678 0.0371781 0.0327238 0.0337529 0.0276076 0.0025602 0.0365864 0.0062131 0.0042535 0.0024946 0.0037708 0.0102067 0.0359864 0.0340267 0.0361528 0.0322707 0.0049148 0.0023191 0.0037389 0.0036149 0.0272893 0.0179747 0.0503698 0.0414642 0.0184816 0.0000000 0.0049651 0.0307273 0.0041392 0.0040289 0.0021647 0.0018366 0.0042726 0.0231737 0.0436924 0.0698157 0.0706286 0.1294234 0.0423916 0.0637027 0.0281219 0.0346536 0.0792977 0.0109419 0.0803179 0.0734619 0.0895819 0.0087323 0.0077500 0.0031492 0.0024153 0.0036133 0.0255577 0.0032160 0.0086673 0.0023727 0.0327072 0.0346189 0.0451509 0.0087323 0.0094710 0.0025073 0.0029212 0.0029942 0.0054037 0.0054058 0.0152672 0.0023858 0.0040199 0.0036271 0.0041037 0.0040045 0.0023496 0.0036228 0.0679330 0.0036135 0.0319214 
Laus_OTOF         0.0376158 0.0388988 0.0427578 0.0361512 0.0423294 0.0405499 0.0414866 0.0417321 0.0385971 0.0368156 0.0384294 0.0085800 0.0057770 0.0404755 0.0058529 0.0278929 0.0024125 0.0054373 0.0114710 0.0373570 0.0372316 0.0398402 0.0369190 0.0066205 0.0039616 0.0054199 0.0042588 0.0321781 0.0165240 0.0553077 0.0584869 0.0225328 0.0049651 0.0000000 0.0308244 0.0055599 0.0048187 0.0028337 0.0233785 0.0024996 0.0273382 0.0479342 0.0769207 0.1227218 0.1963805 0.0406453 0.0661288 0.0281021 0.0616282 0.0342048 0.0129373 0.0998796 0.0722266 0.0681607 0.0114739 0.0099045 0.0244868 0.0241630 0.0049766 0.0236962 0.0051006 0.0079399 0.0024268 0.0369046 0.0385353 0.0330520 0.0107416 0.0047745 0.0043921 0.0012982 0.0047290 0.0045483 0.0064664 0.0168039 0.0041652 0.0066392 0.0017867 0.0055460 0.0050164 0.0039930 0.0033607 0.0729630 0.0042572 0.0341677 
Lbor_OTOF         0.0598496 0.0589098 0.0527945 0.0605225 0.0672030 0.0603694 0.1005291 0.0653544 0.0620260 0.0576161 0.0595028 0.0512333 0.0286527 0.0586063 0.0305985 0.0256493 0.0324498 0.0232749 0.0273258 0.0558414 0.0549053 0.0591209 0.0578322 0.0323470 0.0264805 0.0312949 0.0237841 0.0242150 0.0378718 0.0531198 0.0776249 0.0269946 0.0307273 0.0308244 0.0000000 0.0246161 0.0276574 0.0200619 0.0247949 0.0201126 0.0440842 0.0256530 0.0245863 0.0294441 0.0605596 0.0682742 0.1042214 0.0671134 0.0618744 0.0637572 0.0285293 0.0516361 0.0294699 0.0231687 0.0237052 0.0051774 0.0270845 0.0233820 0.0237988 0.0397692 0.0327140 0.0247332 0.0320967 0.0494688 0.0264299 0.0477835 0.0237052 0.0280378 0.0251590 0.0194485 0.0263397 0.0257056 0.0276872 0.0242341 0.0252435 0.0365337 0.0234452 0.0246449 0.0222249 0.0307107 0.0235950 0.0245598 0.0212590 0.0512242 
Lhos30470_OTOF    0.0349665 0.0648216 0.0459808 0.0378399 0.0415963 0.0394625 0.0603684 0.0394785 0.0371311 0.0326851 0.0366250 0.0204708 0.0033121 0.0371817 0.0037780 0.0032241 0.0008712 0.0028483 0.0107145 0.0344862 0.0343017 0.0345266 0.0371931 0.0041347 0.0015179 0.0038454 0.0026549 0.0294256 0.0153390 0.0507472 0.0420191 0.0193599 0.0041392 0.0055599 0.0246161 0.0000000 0.0023149 0.0019842 0.0016989 0.0025478 0.0247636 0.0399625 0.0686190 0.0763300 0.1253852 0.0393155 0.0668504 0.0543747 0.0349789 0.0359453 0.0113887 0.0828329 0.0747088 0.0608135 0.0093608 0.0072644 0.0039596 0.0035645 0.0046509 0.0231635 0.0024136 0.0087361 0.0008225 0.0298223 0.0360279 0.0436519 0.0093608 0.0056315 0.0015622 0.0000010 0.0036705 0.0049357 0.0038186 0.0138040 0.0007652 0.0033967 0.0016079 0.0030130 0.0021993 0.0015630 0.0018921 0.0707231 0.0019853 0.0331185 
Lhos452_OTOF      0.0359844 0.0674413 0.0485159 0.0381904 0.0401841 0.0393494 0.0607521 0.0416428 0.0387689 0.0356294 0.0371199 0.0234022 0.0025420 0.0366448 0.0048976 0.0031961 0.0016515 0.0028717 0.0100105 0.0349265 0.0362575 0.0373612 0.0371562 0.0034151 0.0007522 0.0031087 0.0021263 0.0313177 0.0169539 0.0522493 0.0435960 0.0187232 0.0040289 0.0048187 0.0276574 0.0023149 0.0000000 0.0021243 0.0024325 0.0027209 0.0250115 0.0427818 0.0699119 0.0804218 0.1039111 0.0404602 0.0673976 0.0562363 0.0362663 0.0751275 0.0114516 0.0823540 0.0762171 0.0633963 0.0085673 0.0075943 0.0031288 0.0023606 0.0042634 0.0227113 0.0024372 0.0083687 0.0023374 0.0312638 0.0321228 0.0424187 0.0085673 0.0078623 0.0016695 0.0000010 0.0036726 0.0058784 0.0040043 0.0129349 0.0014913 0.0033269 0.0025285 0.0023285 0.0024046 0.0007925 0.0010685 0.0702584 0.0021255 0.0333941 
Lobl_OTOF         0.0339093 0.0582105 0.0418861 0.0345998 0.0363488 0.0345912 0.0565955 0.0384514 0.0319397 0.0341026 0.0327543 0.0204708 0.0031489 0.0346972 0.0033603 0.0207019 0.0007426 0.0019089 0.0101591 0.0317798 0.0312645 0.0316322 0.0351639 0.0031431 0.0006744 0.0025752 0.0015058 0.0279943 0.0140077 0.0453680 0.0632540 0.0161892 0.0021647 0.0028337 0.0200619 0.0019842 0.0021243 0.0000000 0.0190346 0.0015265 0.0244911 0.0366111 0.0597825 0.1045634 0.1482055 0.0368308 0.0607177 0.0513553 0.0557929 0.0648855 0.0111832 0.1045294 0.0682764 0.0761507 0.0091265 0.0076160 0.0186760 0.0178864 0.0025121 0.0197029 0.0014703 0.0066289 0.0020460 0.0322701 0.0334755 0.0383730 0.0086109 0.0049721 0.0007182 0.0011015 0.0013063 0.0029343 0.0027488 0.0115815 0.0007125 0.0028898 0.0014887 0.0021014 0.0012993 0.0007208 0.0009405 0.0601611 0.0010016 0.0295583 
Lobs_OTOF         0.0593240 0.0413928 0.0302404 0.0373939 0.0665496 0.0369197 0.0586864 0.0632953 0.0401971 0.0580531 0.0366843 0.0083834 0.0099424 0.0357658 0.0016602 0.0008237 0.0230579 0.0023217 0.0283861 0.0316045 0.0332502 0.0342676 0.0357569 0.0039178 0.0008481 0.0249283 0.0216215 0.0531983 0.0151411 0.0538984 0.0299694 0.0198765 0.0018366 0.0233785 0.0247949 0.0016989 0.0024325 0.0190346 0.0000000 0.0266551 0.0491104 0.0440088 0.0978102 0.0785802 0.0934921 0.0385518 0.0667593 0.0533822 0.0352584 0.0704597 0.0300023 0.0693534 0.0708679 0.0960392 0.0249418 0.0269231 0.0017315 0.0015882 0.0224500 0.0199114 0.0009456 0.0052027 0.0234466 0.0537804 0.0329149 0.0298322 0.0249283 0.0056222 0.0008398 0.0012637 0.0016480 0.0024890 0.0033902 0.0146054 0.0008411 0.0258359 0.0016762 0.0026331 0.0015815 0.0009167 0.0010625 0.0855700 0.0198698 0.0306265 
LperAUS_OTOF      0.0339407 0.0383446 0.0452853 0.0378149 0.0403446 0.0369274 0.0392440 0.0365698 0.0369487 0.0321810 0.0349163 0.0128362 0.0045334 0.0385110 0.0033376 0.0278163 0.0016947 0.0024553 0.0100328 0.0337612 0.0325522 0.0351934 0.0362798 0.0044106 0.0016920 0.0038865 0.0030594 0.0280929 0.0170723 0.0506314 0.0578635 0.0214931 0.0042726 0.0024996 0.0201126 0.0025478 0.0027209 0.0015265 0.0266551 0.0000000 0.0213805 0.0393794 0.0661729 0.1179460 0.1453013 0.0399711 0.0683339 0.0255726 0.0548912 0.0336645 0.0116081 0.1016706 0.0684732 0.0897302 0.0092567 0.0073704 0.0239160 0.0231895 0.0038251 0.0266123 0.0026339 0.0088489 0.0017601 0.0329927 0.0362956 0.0352946 0.0084722 0.0063460 0.0018212 0.0028061 0.0024295 0.0047811 0.0052366 0.0156646 0.0017687 0.0044209 0.0029439 0.0025173 0.0034732 0.0017566 0.0024532 0.0653318 0.0030582 0.0328185 
Lvex_OTOF         0.0413643 0.0651612 0.0499171 0.0450075 0.0422598 0.0411915 0.0677842 0.0460219 0.0455189 0.0421441 0.0386280 0.0423707 0.0244720 0.0436287 0.0265795 0.0471707 0.0247511 0.0244723 0.0255792 0.0397561 0.0390647 0.0401514 0.0400152 0.0236043 0.0223782 0.0268189 0.0261428 0.0368258 0.0210482 0.0534089 0.0715202 0.0315419 0.0231737 0.0273382 0.0440842 0.0247636 0.0250115 0.0244911 0.0491104 0.0213805 0.0000000 0.0472203 0.0688641 0.1136183 0.1671135 0.0499192 0.0668669 0.0653363 0.0663443 0.0786453 0.0266379 0.1122696 0.0770361 0.0818433 0.0255434 0.0264068 0.0400324 0.0422443 0.0261511 0.0267378 0.0221155 0.0234803 0.0262721 0.0391016 0.0397640 0.0566486 0.0249964 0.0203211 0.0246786 0.0264619 0.0202505 0.0266846 0.0242599 0.0316681 0.0206407 0.0247073 0.0223815 0.0224944 0.0236054 0.0247601 0.0254783 0.0698160 0.0255591 0.0400417 
Mbid_OTOF         0.0483588 0.0279264 0.0207683 0.0495601 0.0540149 0.0516012 0.0852292 0.0522595 0.0563258 0.0459627 0.0503340 0.0669328 0.0452675 0.0518144 0.0460155 0.0435474 0.0475331 0.0392415 0.0357614 0.0529911 0.0501687 0.0525671 0.0550472 0.0483260 0.0409594 0.0465116 0.0394479 0.0018579 0.0462555 0.0756368 0.0668687 0.0387370 0.0436924 0.0479342 0.0256530 0.0399625 0.0427818 0.0366111 0.0440088 0.0393794 0.0472203 0.0000000 0.0029296 0.0023725 0.0342905 0.0387254 0.0435111 0.0284812 0.0239547 0.0558593 0.0375403 0.0150215 0.0011757 0.0008976 0.0375002 0.0221387 0.0420148 0.0406254 0.0376790 0.0478206 0.0458067 0.0431977 0.0460104 0.0413478 0.0260381 0.0948365 0.0375002 0.0482008 0.0423734 0.0411721 0.0401172 0.0459869 0.0445012 0.0382901 0.0411788 0.0459179 0.0444931 0.0399509 0.0396936 0.0458757 0.0448151 0.0057937 0.0375025 0.0256489 
Mbow_OTOF         0.0691759 0.0343913 0.0425150 0.0833491 0.0770398 0.0751673 0.1048552 0.0756483 0.0839875 0.0670639 0.0754438 0.1204190 0.0752973 0.0821787 0.0684204 0.0980045 0.0737635 0.0629927 0.0598793 0.0837102 0.0761978 0.0861583 0.0775338 0.0801537 0.0682642 0.0683805 0.0624832 0.0038424 0.0694027 0.1008432 0.1228029 0.0940150 0.0698157 0.0769207 0.0245863 0.0686190 0.0699119 0.0597825 0.0978102 0.0661729 0.0688641 0.0029296 0.0000000 0.0287743 0.0342255 0.0578275 0.0454081 0.0283305 0.0824967 0.0987726 0.0624424 0.0397443 0.0028944 0.0220750 0.0614858 0.0378483 0.1018262 0.0928532 0.0616315 0.0686529 0.0733227 0.0667210 0.0728869 0.0632111 0.0353892 0.1205104 0.0605878 0.0819182 0.0666177 0.0765498 0.0645514 0.0714202 0.0678702 0.0789675 0.0664600 0.0748067 0.0676817 0.0685750 0.0621668 0.0758665 0.0739547 0.0068171 0.0606003 0.0431438 
Mcar_OTOF         0.1146285 0.0322972 0.0711603 0.1016006 0.1293542 0.0871526 0.0930072 0.1214643 0.0944488 0.1141568 0.0811914 0.1431416 0.0893896 0.0872629 0.0776439 0.0758580 0.1195625 0.0749903 0.1020047 0.0981514 0.0873519 0.0922427 0.0947125 0.0777864 0.0738342 0.1107016 0.1085713 0.0262367 0.0826439 0.1009935 0.1073972 0.1026411 0.0706286 0.1227218 0.0294441 0.0763300 0.0804218 0.1045634 0.0785802 0.1179460 0.1136183 0.0023725 0.0287743 0.0000000 0.0211573 0.0687692 0.0459075 0.0055821 0.0611798 0.0762801 0.1017301 0.0141811 0.0021800 0.0261139 0.1019453 0.0711258 0.0767397 0.0722868 0.1062528 0.0860196 0.0780601 0.0732379 0.1165271 0.1098642 0.0374273 0.1264574 0.1018030 0.1090649 0.0721371 0.0923865 0.0750127 0.0865174 0.0729861 0.0927604 0.0791805 0.1135265 0.0816682 0.0817376 0.0735867 0.0735403 0.0811379 0.0191944 0.1069009 0.0538217 
Mden_OTOF         0.1587306 0.0383401 0.0773332 0.1436341 0.1590947 0.1078483 0.1373130 0.1639423 0.1454447 0.1558394 0.1054838 0.2393299 0.1136822 0.1520334 0.1093120 0.1009809 0.1574457 0.0941804 0.1467291 0.1090502 0.1125955 0.1275248 0.1585921 0.1225202 0.1026323 0.1420205 0.1539248 0.0566359 0.1302332 0.1194878 0.1761581 0.1182016 0.1294234 0.1963805 0.0605596 0.1253852 0.1039111 0.1482055 0.0934921 0.1453013 0.1671135 0.0342905 0.0342255 0.0211573 0.0000000 0.0834122 0.0944240 0.0761723 0.0861654 0.1437937 0.1476515 0.0380470 0.0216175 0.0661274 0.1464310 0.1066580 0.1104188 0.1235976 0.1503155 0.1207879 0.1197193 0.1239949 0.1607795 0.1449640 0.0419571 0.1428009 0.1464310 0.1378883 0.0951277 0.1390637 0.0992547 0.0991166 0.1458615 0.1020701 0.1016752 0.1473525 0.1375629 0.1310190 0.1143464 0.1206825 0.1155974 0.0160156 0.1496618 0.0723042 
Meur_OTOF         0.0517778 0.0214943 0.0220972 0.0409682 0.0532419 0.0523357 0.0749654 0.0557483 0.0609263 0.0509612 0.0489365 0.0515285 0.0398443 0.0536046 0.0386415 0.0375566 0.0405353 0.0397334 0.0378078 0.0381972 0.0494180 0.0538449 0.0545710 0.0440592 0.0393882 0.0428253 0.0396183 0.0183481 0.0366708 0.0436482 0.0467716 0.0575751 0.0423916 0.0406453 0.0682742 0.0393155 0.0404602 0.0368308 0.0385518 0.0399711 0.0499192 0.0387254 0.0578275 0.0687692 0.0834122 0.0000000 0.0630550 0.0460225 0.0242272 0.0520239 0.0395606 0.0584182 0.0665845 0.0528410 0.0385358 0.0391570 0.0389290 0.0386617 0.0396357 0.0337390 0.0405801 0.0393869 0.0419721 0.0468640 0.0569587 0.0403565 0.0385358 0.0402913 0.0388057 0.0478025 0.0380596 0.0404355 0.0419162 0.0518565 0.0391912 0.0431121 0.0388836 0.0407222 0.0378100 0.0420629 0.0374276 0.0480017 0.0377066 0.0304000 
