83
Bacu_PCDH15         0.0000000 0.0189955 0.0149827 0.0014537 0.0029683 0.0014794 0.0014794 0.0074329 0.0023978 0.0487482 0.0566525 0.0052845 0.0539551 0.0535663 0.0539056 0.0539366 0.2932942 0.0051299 0.0053925 0.0066083 0.0014956 0.0539653 0.0547872 0.0539653 0.3856340 0.0148078 0.0396860 0.0327226 0.0371030 0.0553086 0.0537813 0.0524189 0.0500095 0.0504899 0.0555424 0.1548227 0.0547886 0.0539934 0.3897539 0.0176938 0.0147845 0.0140386 0.0157502 0.0147982 0.0140489 0.0175941 0.0147869 0.0140386 0.0145945 0.2917765 0.0140247 0.0132980 0.3628113 0.0418694 0.0556839 0.0548143 0.3226416 0.0371649 0.0214572 0.0547539 0.0312946 0.0364033 0.0539442 0.0166516 0.0366682 0.3061397 0.0385020 0.0543159 0.0531242 0.0530723 0.0539373 0.0580787 0.0530176 0.0553025 0.0523647 0.0513936 0.0539269 0.0538411 0.0547021 0.0547574 0.0147878 0.3155287 0.0174957 
Barn_PCDH15         0.0189955 0.0000000 0.0032241 0.0179088 0.0200618 0.0178871 0.0178871 0.0212682 0.0190277 0.0472370 0.0460783 0.0211137 0.0453011 0.0448440 0.0452417 0.0463487 0.0368820 0.0212958 0.0212958 0.0224086 0.0178871 0.0452417 0.0452417 0.0452417 0.0452417 0.0041306 0.0382801 0.0328867 0.0364284 0.0476811 0.0439468 0.0464266 0.0448440 0.0460158 0.0474764 0.0452417 0.0460125 0.0452417 0.0269944 0.0069858 0.0051675 0.0041306 0.0010620 0.0051742 0.0041349 0.0033527 0.0051687 0.0041306 0.0042000 0.0358677 0.0051714 0.0051776 0.0347217 0.0341033 0.0476437 0.0460010 0.0465273 0.0325730 0.0146840 0.0460058 0.0323512 0.0346296 0.0448440 0.0146840 0.0347217 0.0346800 0.0346296 0.0448440 0.0448440 0.0452417 0.0452417 0.0432403 0.0452484 0.0448440 0.0429831 0.0438345 0.0451972 0.0450995 0.0463697 0.0463625 0.0041306 0.0464327 0.0075958 
Bbai76728_PCDH15    0.0149827 0.0032241 0.0000000 0.0150019 0.0158715 0.0140968 0.0140968 0.0177653 0.0166534 0.0421846 0.0439188 0.0158408 0.0424838 0.0419982 0.0424372 0.0433626 0.0355018 0.0159533 0.0159533 0.0177637 0.0149606 0.0424923 0.0434561 0.0424923 0.0424923 0.0008623 0.0386027 0.0278617 0.0321306 0.0445208 0.0423231 0.0411470 0.0385611 0.0428933 0.0443621 0.0424923 0.0434563 0.0425179 0.0237301 0.0029924 0.0017269 0.0008623 0.0008999 0.0017288 0.0008631 0.0028960 0.0017273 0.0008623 0.0017975 0.0346486 0.0017280 0.0017305 0.0485539 0.0360036 0.0444207 0.0440914 0.0454706 0.0311428 0.0105087 0.0434250 0.0260429 0.0310589 0.0424923 0.0105261 0.0302734 0.0407401 0.0310589 0.0424923 0.0424923 0.0420494 0.0424923 0.0442572 0.0419985 0.0419931 0.0424923 0.0380526 0.0424576 0.0423817 0.0433791 0.0424923 0.0008623 0.0434841 0.0035941 
BbonAUS_PCDH15      0.0014537 0.0179088 0.0150019 0.0000000 0.0029726 0.0014816 0.0014816 0.0029239 0.0015970 0.0452376 0.0541883 0.0052923 0.0509512 0.0499622 0.0509042 0.0508451 0.0369104 0.0051286 0.0053911 0.0066066 0.0014977 0.0509606 0.0517831 0.0509606 0.0509606 0.0148363 0.0373450 0.0319639 0.0362302 0.0530422 0.0507869 0.0491490 0.0464042 0.0496899 0.0525437 0.0509606 0.0516489 0.0509870 0.0234729 0.0177085 0.0148137 0.0140653 0.0157828 0.0148276 0.0140755 0.0176181 0.0148161 0.0140653 0.0146238 0.0361922 0.0140514 0.0133237 0.0712084 0.0393137 0.0526768 0.0515766 0.0535091 0.0362914 0.0163530 0.0516162 0.0299892 0.0339986 0.0508040 0.0163271 0.0341358 0.0430017 0.0359579 0.0511070 0.0508040 0.0499788 0.0509606 0.0549034 0.0499273 0.0518802 0.0493121 0.0474830 0.0509246 0.0508443 0.0517033 0.0517553 0.0148171 0.0518118 0.0175173 
Bbor_PCDH15         0.0029683 0.0200618 0.0158715 0.0029726 0.0000000 0.0029634 0.0029634 0.0052303 0.0040030 0.0464303 0.0532444 0.0069515 0.0512004 0.0489533 0.0511522 0.0502237 0.0376810 0.0067435 0.0061631 0.0082581 0.0030599 0.0512101 0.0520497 0.0512101 0.0512101 0.0166637 0.0409698 0.0351430 0.0371622 0.0529922 0.0510319 0.0503235 0.0476121 0.0500064 0.0528257 0.0512101 0.0519692 0.0512372 0.0260533 0.0176445 0.0166375 0.0158730 0.0177338 0.0166535 0.0158848 0.0189999 0.0166403 0.0158730 0.0165163 0.0369491 0.0158568 0.0151152 0.0514103 0.0411759 0.0529624 0.0519055 0.0538120 0.0380839 0.0182154 0.0519356 0.0323297 0.0356284 0.0511054 0.0178802 0.0350266 0.0439124 0.0359617 0.0511054 0.0511054 0.0502148 0.0512101 0.0542270 0.0518241 0.0511988 0.0495725 0.0477645 0.0511731 0.0510907 0.0519677 0.0520212 0.0158730 0.0520792 0.0187551 
Bede66737_PCDH15    0.0014794 0.0178871 0.0140968 0.0014816 0.0029634 0.0000000 0.0000010 0.0037240 0.0023935 0.0462946 0.0532472 0.0046233 0.0503304 0.0489566 0.0502830 0.0493300 0.0368451 0.0044853 0.0046184 0.0059921 0.0015249 0.0503398 0.0511777 0.0503398 0.0503398 0.0143598 0.0374523 0.0326783 0.0371656 0.0521166 0.0501651 0.0494274 0.0466399 0.0489833 0.0519535 0.0503398 0.0510712 0.0503664 0.0230435 0.0166947 0.0143374 0.0135756 0.0152797 0.0143512 0.0135857 0.0170447 0.0143398 0.0135756 0.0141247 0.0361126 0.0135618 0.0128196 0.0505365 0.0402374 0.0520874 0.0509789 0.0529355 0.0363347 0.0159038 0.0510383 0.0310770 0.0347688 0.0502092 0.0155133 0.0341421 0.0430536 0.0359648 0.0502092 0.0502092 0.0493206 0.0503398 0.0542305 0.0492688 0.0512019 0.0487049 0.0477680 0.0503036 0.0502230 0.0510974 0.0511498 0.0135756 0.0512066 0.0170358 
BedeAUS_PCDH15      0.0014794 0.0178871 0.0140968 0.0014816 0.0029634 0.0000010 0.0000000 0.0037240 0.0023935 0.0462946 0.0532472 0.0046233 0.0503304 0.0489566 0.0502830 0.0493300 0.0368451 0.0044853 0.0046184 0.0059921 0.0015249 0.0503398 0.0511777 0.0503398 0.0503398 0.0143598 0.0374523 0.0326783 0.0371656 0.0521166 0.0501651 0.0494274 0.0466399 0.0489833 0.0519535 0.0503398 0.0510712 0.0503664 0.0230435 0.0166947 0.0143374 0.0135756 0.0152797 0.0143512 0.0135857 0.0170447 0.0143398 0.0135756 0.0141247 0.0361126 0.0135618 0.0128196 0.0505365 0.0402374 0.0520874 0.0509789 0.0529355 0.0363347 0.0159038 0.0510383 0.0310770 0.0347688 0.0502092 0.0155133 0.0341421 0.0430536 0.0359648 0.0502092 0.0502092 0.0493206 0.0503398 0.0542305 0.0492688 0.0512019 0.0487049 0.0477680 0.0503036 0.0502230 0.0510974 0.0511498 0.0135756 0.0512066 0.0170358 
Bmus_PCDH15         0.0074329 0.0212682 0.0177653 0.0029239 0.0052303 0.0037240 0.0037240 0.0000000 0.0048313 0.0516737 0.0596350 0.0076010 0.0566567 0.0567577 0.0566045 0.0567169 0.3024243 0.0066316 0.0069735 0.0081214 0.0037651 0.0566678 0.0574959 0.0566678 0.3966835 0.0171420 0.0410011 0.0352980 0.0390628 0.0580864 0.0564729 0.0551974 0.0530214 0.0523873 0.0582524 0.1634652 0.0575769 0.0566976 0.4022794 0.0197998 0.0171158 0.0163627 0.0182414 0.0171319 0.0163746 0.0205413 0.0171186 0.0163627 0.0170157 0.3009401 0.0163465 0.0156178 0.3751193 0.0447528 0.0584029 0.0576903 0.3338455 0.0400493 0.0271710 0.0575402 0.0326564 0.0390390 0.0567265 0.0190509 0.0394466 0.3176929 0.0413034 0.0571623 0.0559011 0.0558473 0.0566381 0.0606087 0.0557892 0.0583473 0.0550573 0.0546713 0.0566270 0.0565352 0.0574054 0.0574641 0.0171197 0.3219386 0.0201447 
Bphy_baits_PCDH15   0.0023978 0.0190277 0.0166534 0.0015970 0.0040030 0.0023935 0.0023935 0.0048313 0.0000000 0.0475409 0.0511354 0.0064329 0.0478169 0.0468643 0.0477686 0.0486223 0.0360475 0.0064614 0.0066690 0.0080940 0.0016501 0.0477686 0.0477686 0.0477686 0.0477686 0.0171620 0.0387191 0.0347769 0.0388146 0.0496579 0.0467598 0.0495751 0.0455169 0.0456799 0.0494928 0.0477686 0.0484671 0.0477954 0.0253967 0.0196832 0.0171329 0.0163078 0.0183397 0.0171507 0.0163210 0.0189075 0.0171360 0.0163078 0.0160271 0.0352626 0.0162898 0.0154903 0.0369401 0.0370840 0.0496280 0.0461009 0.0496655 0.0361206 0.0171137 0.0484337 0.0324432 0.0360894 0.0475460 0.0167052 0.0344487 0.0390382 0.0372904 0.0475460 0.0475460 0.0454965 0.0477686 0.0505620 0.0455019 0.0471958 0.0460238 0.0500785 0.0477321 0.0476515 0.0486393 0.0486336 0.0163078 0.0486909 0.0194446 
Ccom40_PCDH15       0.0487482 0.0472370 0.0421846 0.0452376 0.0464303 0.0462946 0.0462946 0.0516737 0.0475409 0.0000000 0.0033786 0.0507267 0.0048166 0.0053639 0.0048118 0.0064257 0.0230854 0.0491685 0.0511827 0.0509799 0.0458267 0.0048118 0.0048118 0.0048118 0.0048118 0.0401266 0.0340777 0.0445292 0.0457750 0.0066036 0.0056293 0.0031999 0.0042420 0.0053865 0.0056301 0.0048118 0.0056170 0.0048118 0.0300858 0.0457854 0.0400523 0.0391813 0.0420613 0.0400966 0.0392144 0.0456152 0.0400592 0.0391813 0.0398032 0.0222902 0.0409410 0.0401366 0.0422231 0.0228119 0.0048177 0.0041331 0.0072384 0.0313526 0.0409932 0.0056163 0.0237579 0.0239998 0.0048118 0.0385633 0.0235787 0.0267798 0.0244968 0.0049207 0.0048118 0.0049616 0.0048118 0.0052942 0.0058064 0.0043854 0.0048118 0.0044434 0.0056236 0.0056418 0.0048241 0.0048118 0.0383109 0.0056221 0.0442728 
Chea7320_PCDH15     0.0566525 0.0460783 0.0439188 0.0541883 0.0532444 0.0532472 0.0532472 0.0596350 0.0511354 0.0033786 0.0000000 0.0550950 0.0023760 0.0017271 0.0023737 0.0032849 0.0236937 0.0552650 0.0552650 0.0570833 0.0549554 0.0015799 0.0023721 0.0015799 0.0015799 0.0453030 0.0329720 0.0497664 0.0507876 0.0039672 0.0039707 0.0000010 0.0017205 0.0027537 0.0031631 0.0015799 0.0023712 0.0015799 0.0342241 0.0476875 0.0460868 0.0452132 0.0476213 0.0461380 0.0452513 0.0476712 0.0460944 0.0452132 0.0451744 0.0229067 0.0469800 0.0461843 0.0289699 0.0263033 0.0031660 0.0032659 0.0039610 0.0338204 0.0480432 0.0023709 0.0207430 0.0226480 0.0015799 0.0449213 0.0224947 0.0299469 0.0227010 0.0015799 0.0015799 0.0016283 0.0015799 0.0020122 0.0040824 0.0025078 0.0015799 0.0018142 0.0023739 0.0031695 0.0031671 0.0015799 0.0452132 0.0023733 0.0482079 
Cmar59905_PCDH15    0.0052845 0.0211137 0.0158408 0.0052923 0.0069515 0.0046233 0.0046233 0.0076010 0.0064329 0.0507267 0.0550950 0.0000000 0.0516333 0.0527736 0.0515842 0.0532472 0.0355151 0.0075965 0.0080004 0.0091338 0.0046642 0.0516431 0.0524894 0.0516431 0.0516431 0.0176629 0.0396849 0.0364623 0.0395195 0.0538026 0.0514619 0.0507631 0.0470825 0.0514858 0.0532709 0.0516431 0.0524215 0.0516707 0.0265029 0.0186340 0.0176347 0.0168592 0.0179527 0.0176520 0.0168720 0.0204136 0.0176377 0.0168592 0.0174816 0.0355428 0.0168417 0.0160910 0.0706462 0.0377531 0.0534099 0.0523718 0.0542661 0.0395853 0.0184103 0.0523874 0.0299765 0.0333821 0.0515508 0.0176172 0.0334898 0.0417428 0.0352829 0.0518802 0.0515508 0.0506527 0.0516431 0.0547073 0.0505989 0.0516834 0.0499928 0.0494187 0.0516055 0.0515216 0.0524060 0.0524603 0.0176389 0.0525193 0.0199159 
Dcap108471_PCDH15   0.0539551 0.0453011 0.0424838 0.0509512 0.0512004 0.0503304 0.0503304 0.0566567 0.0478169 0.0048166 0.0023760 0.0516333 0.0000000 0.0008539 0.0000010 0.0014941 0.0231151 0.0519218 0.0538958 0.0535756 0.0515149 0.0007223 0.0014455 0.0007223 0.0007223 0.0428224 0.0316226 0.0481737 0.0514724 0.0029610 0.0014471 0.0014998 0.0000010 0.0017113 0.0021696 0.0007223 0.0014875 0.0007226 0.0335592 0.0463589 0.0435409 0.0427456 0.0448024 0.0435849 0.0427785 0.0459112 0.0435476 0.0427456 0.0426938 0.0223964 0.0443533 0.0436247 0.0543684 0.0248742 0.0028995 0.0023010 0.0036237 0.0320094 0.0461043 0.0014867 0.0201295 0.0216143 0.0007431 0.0425207 0.0211099 0.0288032 0.0219993 0.0007582 0.0007436 0.0007429 0.0007223 0.0009688 0.0014850 0.0000010 0.0021727 0.0000010 0.0014466 0.0021736 0.0007217 0.0014449 0.0419507 0.0014462 0.0466061 
Dcap79929_PCDH15    0.0535663 0.0448440 0.0419982 0.0499622 0.0489533 0.0489566 0.0489566 0.0567577 0.0468643 0.0053639 0.0017271 0.0527736 0.0008539 0.0000000 0.0008529 0.0017069 0.0229553 0.0511047 0.0511047 0.0530573 0.0506555 0.0000010 0.0008522 0.0000010 0.0000010 0.0413933 0.0330155 0.0465978 0.0494392 0.0025671 0.0025695 0.0017817 0.0000010 0.0009250 0.0017051 0.0000010 0.0008518 0.0000010 0.0329835 0.0456727 0.0422451 0.0413059 0.0432905 0.0422955 0.0413435 0.0461456 0.0422528 0.0413059 0.0425346 0.0221035 0.0432040 0.0423410 0.0381730 0.0249698 0.0017069 0.0017084 0.0034185 0.0302657 0.0451534 0.0008517 0.0195384 0.0211325 0.0000010 0.0406398 0.0201889 0.0297085 0.0211325 0.0000010 0.0000010 0.0000010 0.0000010 0.0000010 0.0025624 0.0008751 0.0000010 0.0000010 0.0008530 0.0017089 0.0017075 0.0000010 0.0413059 0.0008528 0.0446703 
DdelSJR_PCDH15      0.0539056 0.0452417 0.0424372 0.0509042 0.0511522 0.0502830 0.0502830 0.0566045 0.0477686 0.0048118 0.0023737 0.0515842 0.0000010 0.0008529 0.0000000 0.0014927 0.0230943 0.0518738 0.0538433 0.0535260 0.0514661 0.0007216 0.0014441 0.0007216 0.0007216 0.0427828 0.0315797 0.0481278 0.0514185 0.0029583 0.0014457 0.0014985 0.0000010 0.0017094 0.0021677 0.0007216 0.0014861 0.0007219 0.0335206 0.0463024 0.0435007 0.0427061 0.0447583 0.0435446 0.0427389 0.0458580 0.0435073 0.0427061 0.0426529 0.0223761 0.0443123 0.0435843 0.0543159 0.0248492 0.0028969 0.0022989 0.0036204 0.0319761 0.0460615 0.0014853 0.0201006 0.0215940 0.0007424 0.0424793 0.0210901 0.0287767 0.0219776 0.0007574 0.0007429 0.0007422 0.0007216 0.0009676 0.0014836 0.0000010 0.0021708 0.0000010 0.0014452 0.0021717 0.0007210 0.0014435 0.0419119 0.0014448 0.0465575 
Ddeltrop4525_PCDH15 0.0539366 0.0463487 0.0433626 0.0508451 0.0502237 0.0493300 0.0493300 0.0567169 0.0486223 0.0064257 0.0032849 0.0532472 0.0014941 0.0017069 0.0014927 0.0000000 0.0239007 0.0518438 0.0529636 0.0535459 0.0514229 0.0022422 0.0029930 0.0022422 0.0022422 0.0424796 0.0304808 0.0479814 0.0513819 0.0038285 0.0029962 0.0031079 0.0016921 0.0034252 0.0037416 0.0022422 0.0030816 0.0022433 0.0327982 0.0473326 0.0432204 0.0424011 0.0444558 0.0432653 0.0424347 0.0478747 0.0432272 0.0424011 0.0431731 0.0231585 0.0440562 0.0433059 0.0554811 0.0257626 0.0045007 0.0039766 0.0052496 0.0303513 0.0457553 0.0030798 0.0225422 0.0223758 0.0023090 0.0411203 0.0210269 0.0297973 0.0218964 0.0015704 0.0023109 0.0023085 0.0022422 0.0020132 0.0030763 0.0016761 0.0037471 0.0017707 0.0029952 0.0037487 0.0022402 0.0029918 0.0415834 0.0029944 0.0463434 
Dleu_PCDH15         0.2932942 0.0368820 0.0355018 0.0369104 0.0376810 0.0368451 0.0368451 0.3024243 0.0360475 0.0230854 0.0236937 0.0355151 0.0231151 0.0229553 0.0230943 0.0239007 0.0000000 0.0378167 0.0398504 0.0394259 0.0371032 0.0231180 0.0238835 0.0231180 0.0400233 0.0329549 0.0270892 0.0380528 0.0421085 0.0229495 0.0230448 0.0231598 0.0218108 0.0203301 0.0239269 0.2583047 0.0230194 0.0231288 0.0152494 0.0375315 0.0336784 0.0328982 0.0351422 0.0337117 0.0329231 0.0374776 0.0336837 0.0328982 0.0324946 0.0016518 0.0344723 0.0337417 0.0313979 0.0072611 0.0231743 0.0229535 0.0224256 0.0213531 0.2927100 0.0230058 0.0069332 0.0037577 0.0222320 0.0305232 0.0047503 0.0101249 0.0039641 0.0219174 0.0214578 0.0237976 0.0231072 0.0251454 0.0246086 0.0242087 0.0216054 0.0209786 0.0239013 0.0232584 0.0231503 0.0238728 0.0336858 0.0233923 0.0372192 
EausAUS_PCDH15      0.0051299 0.0212958 0.0159533 0.0051286 0.0067435 0.0044853 0.0044853 0.0066316 0.0064614 0.0491685 0.0552650 0.0075965 0.0519218 0.0511047 0.0518738 0.0518438 0.0378167 0.0000000 0.0000010 0.0014505 0.0052861 0.0519315 0.0527574 0.0519315 0.0519315 0.0156351 0.0386932 0.0337341 0.0372808 0.0540443 0.0517537 0.0510825 0.0484896 0.0498845 0.0535195 0.0519315 0.0526505 0.0519586 0.0255161 0.0187824 0.0156112 0.0148597 0.0166366 0.0156259 0.0148705 0.0195997 0.0156138 0.0148597 0.0154520 0.0370977 0.0148450 0.0141154 0.0723212 0.0402714 0.0536559 0.0526093 0.0544913 0.0382812 0.0171590 0.0526170 0.0327025 0.0358046 0.0518022 0.0171701 0.0360392 0.0439441 0.0378810 0.0521285 0.0518022 0.0509742 0.0519315 0.0548799 0.0509214 0.0529735 0.0502762 0.0497533 0.0518946 0.0518122 0.0526755 0.0527288 0.0156148 0.0519100 0.0184269 
Egla13086_PCDH15    0.0053925 0.0212958 0.0159533 0.0053911 0.0061631 0.0046184 0.0046184 0.0069735 0.0066690 0.0511827 0.0552650 0.0080004 0.0538958 0.0511047 0.0538433 0.0529636 0.0398504 0.0000010 0.0000000 0.0015243 0.0055654 0.0539066 0.0547780 0.0539066 0.0539066 0.0164486 0.0404120 0.0346898 0.0382011 0.0557613 0.0537117 0.0530744 0.0504572 0.0520938 0.0555788 0.0539066 0.0547259 0.0539363 0.0272217 0.0187824 0.0164219 0.0156314 0.0175426 0.0164383 0.0156435 0.0201011 0.0164248 0.0156314 0.0162867 0.0390965 0.0156149 0.0148471 0.0541244 0.0426436 0.0557290 0.0547512 0.0566096 0.0382812 0.0180530 0.0546892 0.0337940 0.0377940 0.0538299 0.0177020 0.0372371 0.0463441 0.0378810 0.0538299 0.0538299 0.0529563 0.0539066 0.0553298 0.0528983 0.0533038 0.0521601 0.0500306 0.0538659 0.0537750 0.0546879 0.0547465 0.0156314 0.0538832 0.0188489 
Ejap43864_PCDH15    0.0066083 0.0224086 0.0177637 0.0066066 0.0082581 0.0059921 0.0059921 0.0081214 0.0080940 0.0509799 0.0570833 0.0091338 0.0535756 0.0530573 0.0535260 0.0535459 0.0394259 0.0014505 0.0015243 0.0000000 0.0068098 0.0535858 0.0544135 0.0535858 0.0535858 0.0171561 0.0410689 0.0353662 0.0390890 0.0557419 0.0534018 0.0527866 0.0503413 0.0508111 0.0551748 0.0535858 0.0543537 0.0536138 0.0265111 0.0208083 0.0171296 0.0163764 0.0182560 0.0171458 0.0163884 0.0205719 0.0171324 0.0163764 0.0170297 0.0387077 0.0163599 0.0156298 0.0741170 0.0420608 0.0553162 0.0543660 0.0561527 0.0400952 0.0186848 0.0543191 0.0352213 0.0374605 0.0535038 0.0187669 0.0377841 0.0448631 0.0396356 0.0538683 0.0535038 0.0526750 0.0535858 0.0571048 0.0526203 0.0548319 0.0519267 0.0517639 0.0535474 0.0534617 0.0543286 0.0543838 0.0171335 0.0535636 0.0201434 
Erob133443_PCDH15   0.0014956 0.0178871 0.0149606 0.0014977 0.0030599 0.0015249 0.0015249 0.0037651 0.0016501 0.0458267 0.0549554 0.0046642 0.0515149 0.0506555 0.0514661 0.0514229 0.0371032 0.0052861 0.0055654 0.0068098 0.0000000 0.0515247 0.0523689 0.0515247 0.0515247 0.0144699 0.0379905 0.0320801 0.0371068 0.0536758 0.0496676 0.0497742 0.0470245 0.0495594 0.0531485 0.0515247 0.0522975 0.0515522 0.0243688 0.0176537 0.0144471 0.0136795 0.0145603 0.0144611 0.0136898 0.0172594 0.0144496 0.0136795 0.0142372 0.0363666 0.0136656 0.0129179 0.0723707 0.0405726 0.0532869 0.0504525 0.0541409 0.0371686 0.0160251 0.0522635 0.0299892 0.0341783 0.0514290 0.0159770 0.0343295 0.0433577 0.0362080 0.0517548 0.0514290 0.0505333 0.0515247 0.0559148 0.0504798 0.0525701 0.0498785 0.0481951 0.0514873 0.0514038 0.0522859 0.0523399 0.0144506 0.0523987 0.0171926 
Fatt_PCDH15         0.0539653 0.0452417 0.0424923 0.0509606 0.0512101 0.0503398 0.0503398 0.0566678 0.0477686 0.0048118 0.0015799 0.0516431 0.0007223 0.0000010 0.0007216 0.0022422 0.0231180 0.0519315 0.0539066 0.0535858 0.0515247 0.0000000 0.0007211 0.0000010 0.0000010 0.0428296 0.0315797 0.0481826 0.0514833 0.0022154 0.0021729 0.0014985 0.0000010 0.0008533 0.0014430 0.0000010 0.0007420 0.0000010 0.0335654 0.0463696 0.0435483 0.0427528 0.0448106 0.0435923 0.0427857 0.0459212 0.0435550 0.0427528 0.0427013 0.0223992 0.0443609 0.0436321 0.0543793 0.0248778 0.0021695 0.0015294 0.0028921 0.0320147 0.0461124 0.0007416 0.0201006 0.0215940 0.0000010 0.0425282 0.0210901 0.0288073 0.0219776 0.0000010 0.0000010 0.0000010 0.0000010 0.0000010 0.0022295 0.0008071 0.0014441 0.0000010 0.0007217 0.0014448 0.0014437 0.0007208 0.0419577 0.0007215 0.0466154 
Ggri_PCDH15         0.0547872 0.0452417 0.0434561 0.0517831 0.0520497 0.0511777 0.0511777 0.0574959 0.0477686 0.0048118 0.0023721 0.0524894 0.0014455 0.0008522 0.0014441 0.0029930 0.0238835 0.0527574 0.0547780 0.0544135 0.0523689 0.0007211 0.0000000 0.0007211 0.0007211 0.0436430 0.0315797 0.0490256 0.0524164 0.0029564 0.0028997 0.0014985 0.0000010 0.0017080 0.0021663 0.0007211 0.0014851 0.0007215 0.0345602 0.0474475 0.0443607 0.0435644 0.0456791 0.0444056 0.0435979 0.0469453 0.0443675 0.0435644 0.0435434 0.0231643 0.0451743 0.0444462 0.0535187 0.0240274 0.0028951 0.0022973 0.0036182 0.0329103 0.0469310 0.0014843 0.0201006 0.0215940 0.0007419 0.0433829 0.0210901 0.0280277 0.0219776 0.0007569 0.0007424 0.0007417 0.0007211 0.0009668 0.0029753 0.0016159 0.0021694 0.0000010 0.0014442 0.0021703 0.0021688 0.0014425 0.0427685 0.0014439 0.0475372 
Gmac39091_PCDH15    0.0539653 0.0452417 0.0424923 0.0509606 0.0512101 0.0503398 0.0503398 0.0566678 0.0477686 0.0048118 0.0015799 0.0516431 0.0007223 0.0000010 0.0007216 0.0022422 0.0231180 0.0519315 0.0539066 0.0535858 0.0515247 0.0000010 0.0007211 0.0000000 0.0000010 0.0428296 0.0315797 0.0481826 0.0514833 0.0022154 0.0021729 0.0014985 0.0000010 0.0008533 0.0014430 0.0000010 0.0007420 0.0000010 0.0335654 0.0463696 0.0435483 0.0427528 0.0448106 0.0435923 0.0427857 0.0459212 0.0435550 0.0427528 0.0427013 0.0223992 0.0443609 0.0436321 0.0543793 0.0248778 0.0021695 0.0015294 0.0028921 0.0320147 0.0461124 0.0007416 0.0201006 0.0215940 0.0000010 0.0425282 0.0210901 0.0288073 0.0219776 0.0000010 0.0000010 0.0000010 0.0000010 0.0000010 0.0022295 0.0008071 0.0014441 0.0000010 0.0007217 0.0014448 0.0014437 0.0007208 0.0419577 0.0007215 0.0466154 
Gmel_PCDH15         0.3856340 0.0452417 0.0424923 0.0509606 0.0512101 0.0503398 0.0503398 0.3966835 0.0477686 0.0048118 0.0015799 0.0516431 0.0007223 0.0000010 0.0007216 0.0022422 0.0400233 0.0519315 0.0539066 0.0535858 0.0515247 0.0000010 0.0007211 0.0000010 0.0000000 0.0428296 0.0315797 0.0481826 0.0514833 0.0022154 0.0021729 0.0014985 0.0000010 0.0008533 0.0014430 0.2867485 0.0007420 0.0000010 0.0311899 0.0463696 0.0435483 0.0427528 0.0448106 0.0435923 0.0427857 0.0459212 0.0435550 0.0427528 0.0427013 0.0392438 0.0443609 0.0436321 0.0703047 0.0248778 0.0021695 0.0015294 0.0187614 0.0320147 0.3876027 0.0007416 0.0201006 0.0215940 0.0000010 0.0430946 0.0210901 0.0450982 0.0219776 0.0000010 0.0000010 0.0000010 0.0000010 0.0000010 0.0022295 0.0008071 0.0014441 0.0000010 0.0007217 0.0014448 0.0014437 0.0007208 0.0419577 0.0179007 0.0466154 
Hamp_PCDH15         0.0148078 0.0041306 0.0008623 0.0148363 0.0166637 0.0143598 0.0143598 0.0171420 0.0171620 0.0401266 0.0453030 0.0176629 0.0428224 0.0413933 0.0427828 0.0424796 0.0329549 0.0156351 0.0164486 0.0171561 0.0144699 0.0428296 0.0436430 0.0428296 0.0428296 0.0000000 0.0363174 0.0255552 0.0318677 0.0446998 0.0426856 0.0417106 0.0392038 0.0401377 0.0444073 0.0428296 0.0433188 0.0428514 0.0206718 0.0019180 0.0014493 0.0007243 0.0007682 0.0014507 0.0007248 0.0018077 0.0014496 0.0007243 0.0015065 0.0322316 0.0021758 0.0014519 0.0642377 0.0331897 0.0445165 0.0438634 0.0453422 0.0300803 0.0118072 0.0432917 0.0239440 0.0291571 0.0424809 0.0107787 0.0291011 0.0373236 0.0308344 0.0425993 0.0424809 0.0424671 0.0428296 0.0450466 0.0424238 0.0436371 0.0412358 0.0377274 0.0428002 0.0427355 0.0435777 0.0436205 0.0014497 0.0436667 0.0024406 
Igeo_PCDH15         0.0396860 0.0382801 0.0386027 0.0373450 0.0409698 0.0374523 0.0374523 0.0410011 0.0387191 0.0340777 0.0329720 0.0396849 0.0316226 0.0330155 0.0315797 0.0304808 0.0270892 0.0386932 0.0404120 0.0410689 0.0379905 0.0315797 0.0315797 0.0315797 0.0315797 0.0363174 0.0000000 0.0381833 0.0417024 0.0293049 0.0303164 0.0315797 0.0315797 0.0260684 0.0315799 0.0315797 0.0315797 0.0315797 0.0143537 0.0399002 0.0374769 0.0363174 0.0366059 0.0375320 0.0363174 0.0387820 0.0374855 0.0363174 0.0363174 0.0259405 0.0375099 0.0375099 0.0270372 0.0283362 0.0328885 0.0316857 0.0340218 0.0132767 0.0315822 0.0327201 0.0275629 0.0258751 0.0315797 0.0304896 0.0270372 0.0285855 0.0270149 0.0315797 0.0315797 0.0315797 0.0315797 0.0338270 0.0293004 0.0329720 0.0315797 0.0351715 0.0327842 0.0292079 0.0304447 0.0315797 0.0363174 0.0315797 0.0405529 
Kbre_PCDH15         0.0327226 0.0328867 0.0278617 0.0319639 0.0351430 0.0326783 0.0326783 0.0352980 0.0347769 0.0445292 0.0497664 0.0364623 0.0481737 0.0465978 0.0481278 0.0479814 0.0380528 0.0337341 0.0346898 0.0353662 0.0320801 0.0481826 0.0490256 0.0481826 0.0481826 0.0255552 0.0381833 0.0000000 0.0106954 0.0485821 0.0480143 0.0483213 0.0463959 0.0411651 0.0481818 0.0481826 0.0479404 0.0482081 0.0283527 0.0289830 0.0255134 0.0247273 0.0263778 0.0255387 0.0247273 0.0282520 0.0255176 0.0247273 0.0257547 0.0373129 0.0263106 0.0255615 0.0583309 0.0383868 0.0492500 0.0487403 0.0499737 0.0296223 0.0207279 0.0479093 0.0356480 0.0363094 0.0470745 0.0209000 0.0374598 0.0408995 0.0375214 0.0473010 0.0470745 0.0488424 0.0481826 0.0536286 0.0471136 0.0487427 0.0465359 0.0454480 0.0481478 0.0464470 0.0473222 0.0489989 0.0255193 0.0490534 0.0279385 
Ksim_PCDH15         0.0371030 0.0364284 0.0321306 0.0362302 0.0371622 0.0371656 0.0371656 0.0390628 0.0388146 0.0457750 0.0507876 0.0395195 0.0514724 0.0494392 0.0514185 0.0513819 0.0421085 0.0372808 0.0382011 0.0390890 0.0371068 0.0514833 0.0524164 0.0514833 0.0514833 0.0318677 0.0417024 0.0106954 0.0000000 0.0520192 0.0512841 0.0498719 0.0499003 0.0457964 0.0514822 0.0514833 0.0513212 0.0515136 0.0344897 0.0343718 0.0318091 0.0309326 0.0322192 0.0318444 0.0309326 0.0375807 0.0318148 0.0309326 0.0323671 0.0412991 0.0327006 0.0318762 0.0650157 0.0428940 0.0526830 0.0523421 0.0534722 0.0326412 0.0238721 0.0512843 0.0393780 0.0402596 0.0503605 0.0242004 0.0417839 0.0453091 0.0413891 0.0506949 0.0503605 0.0523273 0.0514833 0.0570838 0.0522654 0.0516964 0.0496638 0.0483646 0.0514419 0.0495582 0.0505300 0.0523844 0.0318171 0.0524494 0.0351954 
Lacu_PCDH15         0.0553086 0.0476811 0.0445208 0.0530422 0.0529922 0.0521166 0.0521166 0.0580864 0.0496579 0.0066036 0.0039672 0.0538026 0.0029610 0.0025671 0.0029583 0.0038285 0.0229495 0.0540443 0.0557613 0.0557419 0.0536758 0.0022154 0.0029564 0.0022154 0.0022154 0.0446998 0.0293049 0.0485821 0.0520192 0.0000000 0.0044528 0.0038418 0.0025050 0.0008767 0.0022155 0.0022154 0.0030434 0.0022164 0.0345998 0.0486479 0.0454327 0.0446171 0.0468143 0.0454798 0.0446523 0.0483262 0.0454398 0.0446171 0.0446352 0.0222115 0.0462674 0.0455225 0.0352085 0.0237926 0.0037110 0.0031457 0.0051854 0.0321194 0.0472635 0.0030417 0.0208328 0.0205282 0.0022802 0.0443267 0.0203318 0.0279330 0.0212201 0.0022802 0.0022822 0.0022797 0.0022154 0.0029897 0.0030448 0.0033138 0.0037013 0.0027295 0.0029586 0.0022196 0.0022181 0.0029552 0.0446171 0.0029579 0.0487917 
Lalb_PCDH15         0.0537813 0.0439468 0.0423231 0.0507869 0.0510319 0.0501651 0.0501651 0.0564729 0.0467598 0.0056293 0.0039707 0.0514619 0.0014471 0.0025695 0.0014457 0.0029962 0.0230448 0.0517537 0.0537117 0.0534018 0.0496676 0.0021729 0.0028997 0.0021729 0.0021729 0.0426856 0.0303164 0.0480143 0.0512841 0.0044528 0.0000000 0.0022535 0.0008155 0.0034331 0.0036249 0.0021729 0.0029833 0.0021738 0.0334279 0.0461631 0.0434020 0.0426093 0.0446497 0.0434457 0.0426420 0.0457268 0.0434086 0.0426093 0.0425537 0.0223281 0.0442116 0.0434852 0.0541843 0.0247904 0.0043600 0.0023029 0.0050853 0.0318965 0.0459560 0.0029816 0.0188293 0.0207594 0.0022344 0.0423779 0.0202130 0.0287150 0.0210956 0.0022821 0.0022371 0.0022339 0.0021729 0.0029160 0.0029784 0.0016177 0.0036301 0.0008866 0.0029018 0.0036317 0.0021710 0.0028985 0.0418171 0.0029010 0.0464375 
Laus_PCDH15         0.0524189 0.0464266 0.0411470 0.0491490 0.0503235 0.0494274 0.0494274 0.0551974 0.0495751 0.0031999 0.0000010 0.0507631 0.0014998 0.0017817 0.0014985 0.0031079 0.0231598 0.0510825 0.0530744 0.0527866 0.0497742 0.0014985 0.0014985 0.0014985 0.0014985 0.0417106 0.0315797 0.0483213 0.0498719 0.0038418 0.0022535 0.0000000 0.0016294 0.0026788 0.0030000 0.0014985 0.0023158 0.0014985 0.0309732 0.0449657 0.0424538 0.0416337 0.0436804 0.0424980 0.0416667 0.0445946 0.0424605 0.0416337 0.0415171 0.0224154 0.0432903 0.0425379 0.0400535 0.0229055 0.0037590 0.0023847 0.0037564 0.0310680 0.0434392 0.0023156 0.0212945 0.0231840 0.0015430 0.0404725 0.0227501 0.0257699 0.0236563 0.0015766 0.0015430 0.0015419 0.0014985 0.0020285 0.0030874 0.0016822 0.0030044 0.0017721 0.0022514 0.0030057 0.0022492 0.0022488 0.0408151 0.0022508 0.0454497 
Lbor_PCDH15         0.0500095 0.0448440 0.0385611 0.0464042 0.0476121 0.0466399 0.0466399 0.0530214 0.0455169 0.0042420 0.0017205 0.0470825 0.0000010 0.0000010 0.0000010 0.0016921 0.0218108 0.0484896 0.0504572 0.0503413 0.0470245 0.0000010 0.0000010 0.0000010 0.0000010 0.0392038 0.0315797 0.0463959 0.0499003 0.0025050 0.0008155 0.0016294 0.0000000 0.0009166 0.0016283 0.0000010 0.0008137 0.0000010 0.0321510 0.0416794 0.0400950 0.0392038 0.0407790 0.0401404 0.0392377 0.0424867 0.0401020 0.0392038 0.0394717 0.0209995 0.0401223 0.0401814 0.0392166 0.0207832 0.0016298 0.0008136 0.0024470 0.0301334 0.0402135 0.0008136 0.0201006 0.0218354 0.0000010 0.0376373 0.0205775 0.0246338 0.0222470 0.0000010 0.0000010 0.0000010 0.0000010 0.0000010 0.0016284 0.0000010 0.0000010 0.0000010 0.0008147 0.0016316 0.0008138 0.0000010 0.0383132 0.0008144 0.0435585 
Lhos30470_PCDH15    0.0504899 0.0460158 0.0428933 0.0496899 0.0500064 0.0489833 0.0489833 0.0523873 0.0456799 0.0053865 0.0027537 0.0514858 0.0017113 0.0009250 0.0017094 0.0034252 0.0203301 0.0498845 0.0520938 0.0508111 0.0495594 0.0008533 0.0017080 0.0008533 0.0008533 0.0401377 0.0260684 0.0411651 0.0457964 0.0008767 0.0034331 0.0026788 0.0009166 0.0000000 0.0008534 0.0008533 0.0017073 0.0008533 0.0293446 0.0456634 0.0409841 0.0400540 0.0408626 0.0410325 0.0400901 0.0465647 0.0400540 0.0400540 0.0412625 0.0194736 0.0419334 0.0410762 0.0576334 0.0219777 0.0008554 0.0017153 0.0034209 0.0268983 0.0410876 0.0017071 0.0187538 0.0183594 0.0008533 0.0394641 0.0169199 0.0269876 0.0185551 0.0008739 0.0008540 0.0008533 0.0008533 0.0011060 0.0017097 0.0018180 0.0008533 0.0010002 0.0017096 0.0000010 0.0008545 0.0008533 0.0391245 0.0017090 0.0450158 
Lhos452_PCDH15      0.0555424 0.0474764 0.0443621 0.0525437 0.0528257 0.0519535 0.0519535 0.0582524 0.0494928 0.0056301 0.0031631 0.0532709 0.0021696 0.0017051 0.0021677 0.0037416 0.0239269 0.0535195 0.0555788 0.0551748 0.0531485 0.0014430 0.0021663 0.0014430 0.0014430 0.0444073 0.0315799 0.0481818 0.0514822 0.0022155 0.0036249 0.0030000 0.0016283 0.0008534 0.0000000 0.0014430 0.0022286 0.0014426 0.0355104 0.0484528 0.0451231 0.0443272 0.0464921 0.0451688 0.0443613 0.0479015 0.0451300 0.0443272 0.0443341 0.0232073 0.0459365 0.0452100 0.0543780 0.0248782 0.0029002 0.0023016 0.0043420 0.0320149 0.0476965 0.0022273 0.0212911 0.0215944 0.0014838 0.0441865 0.0210905 0.0288076 0.0219780 0.0015153 0.0014846 0.0014834 0.0014430 0.0019339 0.0022296 0.0024241 0.0028928 0.0017697 0.0021679 0.0014449 0.0014438 0.0021655 0.0435318 0.0021673 0.0483968 
Lobl_PCDH15         0.1548227 0.0452417 0.0424923 0.0509606 0.0512101 0.0503398 0.0503398 0.1634652 0.0477686 0.0048118 0.0015799 0.0516431 0.0007223 0.0000010 0.0007216 0.0022422 0.2583047 0.0519315 0.0539066 0.0535858 0.0515247 0.0000010 0.0007211 0.0000010 0.2867485 0.0428296 0.0315797 0.0481826 0.0514833 0.0022154 0.0021729 0.0014985 0.0000010 0.0008533 0.0014430 0.0000000 0.0007420 0.0000010 0.3766400 0.0463696 0.0435483 0.0427528 0.0448106 0.0435923 0.0427857 0.0459212 0.0435550 0.0427528 0.0427013 0.2567595 0.0443609 0.0436321 0.3186102 0.0248778 0.0021695 0.0015294 0.2328753 0.0320147 0.1454261 0.0007416 0.0201006 0.0215940 0.0000010 0.0430946 0.0210901 0.2671319 0.0219776 0.0000010 0.0000010 0.0000010 0.0000010 0.0000010 0.0022295 0.0008071 0.0014441 0.0000010 0.0007217 0.0014448 0.0014437 0.0007208 0.0419577 0.2260212 0.0466154 
Lobs_PCDH15         0.0547886 0.0460125 0.0434563 0.0516489 0.0519692 0.0510712 0.0510712 0.0575769 0.0484671 0.0056170 0.0023712 0.0524215 0.0014875 0.0008518 0.0014861 0.0030816 0.0230194 0.0526505 0.0547259 0.0543537 0.0522975 0.0007420 0.0014851 0.0007420 0.0007420 0.0433188 0.0315797 0.0479404 0.0513212 0.0030434 0.0029833 0.0023158 0.0008137 0.0017073 0.0022286 0.0007420 0.0000000 0.0007420 0.0345615 0.0471635 0.0440581 0.0432386 0.0453957 0.0441040 0.0432729 0.0469148 0.0440650 0.0432386 0.0431309 0.0222794 0.0448953 0.0441454 0.0552586 0.0248242 0.0022305 0.0022965 0.0037224 0.0329115 0.0467026 0.0014844 0.0212980 0.0214462 0.0007420 0.0430338 0.0209065 0.0288738 0.0218334 0.0007570 0.0007425 0.0007634 0.0007420 0.0009664 0.0030620 0.0016153 0.0007420 0.0008849 0.0014863 0.0022318 0.0022312 0.0007420 0.0424188 0.0014859 0.0475092 
LperAUS_PCDH15      0.0539934 0.0452417 0.0425179 0.0509870 0.0512372 0.0503664 0.0503664 0.0566976 0.0477954 0.0048118 0.0015799 0.0516707 0.0007226 0.0000010 0.0007219 0.0022433 0.0231288 0.0519586 0.0539363 0.0536138 0.0515522 0.0000010 0.0007215 0.0000010 0.0000010 0.0428514 0.0315797 0.0482081 0.0515136 0.0022164 0.0021738 0.0014985 0.0000010 0.0008533 0.0014426 0.0000010 0.0007420 0.0000000 0.0335861 0.0464010 0.0435705 0.0427745 0.0448350 0.0436145 0.0428074 0.0459212 0.0435771 0.0427745 0.0427013 0.0224097 0.0443835 0.0436543 0.0544090 0.0248909 0.0021704 0.0015294 0.0028933 0.0320325 0.0461361 0.0007419 0.0201006 0.0216045 0.0000010 0.0425510 0.0210901 0.0288213 0.0219888 0.0000010 0.0000010 0.0000010 0.0000010 0.0000010 0.0022295 0.0008071 0.0014448 0.0000010 0.0007220 0.0014455 0.0014444 0.0007212 0.0419790 0.0007218 0.0466154 
Lvex_PCDH15         0.3897539 0.0269944 0.0237301 0.0234729 0.0260533 0.0230435 0.0230435 0.4022794 0.0253967 0.0300858 0.0342241 0.0265029 0.0335592 0.0329835 0.0335206 0.0327982 0.0152494 0.0255161 0.0272217 0.0265111 0.0243688 0.0335654 0.0345602 0.0335654 0.0311899 0.0206718 0.0143537 0.0283527 0.0344897 0.0345998 0.0334279 0.0309732 0.0321510 0.0293446 0.0355104 0.3766400 0.0345615 0.0335861 0.0000000 0.0240368 0.0215810 0.0206296 0.0223546 0.0206296 0.0206488 0.0240924 0.0215854 0.0206296 0.0215083 0.0138142 0.0225444 0.0216197 0.0518330 0.0203175 0.0355572 0.0359198 0.0319725 0.0146458 0.4000190 0.0345357 0.0125083 0.0136420 0.0335654 0.0203039 0.0145847 0.0196034 0.0146291 0.0334707 0.0325921 0.0338136 0.0335448 0.0365715 0.0337713 0.0362752 0.0335654 0.0301496 0.0345935 0.0334780 0.0344984 0.0335654 0.0215872 0.0319812 0.0219513 
Mbid_PCDH15         0.0176938 0.0069858 0.0029924 0.0177085 0.0176445 0.0166947 0.0166947 0.0197998 0.0196832 0.0457854 0.0476875 0.0186340 0.0463589 0.0456727 0.0463024 0.0473326 0.0375315 0.0187824 0.0187824 0.0208083 0.0176537 0.0463696 0.0474475 0.0463696 0.0463696 0.0019180 0.0399002 0.0289830 0.0343718 0.0486479 0.0461631 0.0449657 0.0416794 0.0456634 0.0484528 0.0463696 0.0471635 0.0464010 0.0240368 0.0000000 0.0028792 0.0019180 0.0020103 0.0019180 0.0019198 0.0034007 0.0028798 0.0019180 0.0030126 0.0365857 0.0028812 0.0028858 0.0509050 0.0381687 0.0486123 0.0480634 0.0497062 0.0316669 0.0126856 0.0471240 0.0268051 0.0326018 0.0460441 0.0126919 0.0317015 0.0434153 0.0326018 0.0460441 0.0460441 0.0460256 0.0463696 0.0491053 0.0459628 0.0456012 0.0442629 0.0411303 0.0463271 0.0462331 0.0473526 0.0474146 0.0019180 0.0474818 0.0041679 
Mbow_PCDH15         0.0147845 0.0051675 0.0017269 0.0148137 0.0166375 0.0143374 0.0143374 0.0171158 0.0171329 0.0400523 0.0460868 0.0176347 0.0435409 0.0422451 0.0435007 0.0432204 0.0336784 0.0156112 0.0164219 0.0171296 0.0144471 0.0435483 0.0443607 0.0435483 0.0435483 0.0014493 0.0374769 0.0255134 0.0318091 0.0454327 0.0434020 0.0424538 0.0400950 0.0409841 0.0451231 0.0435483 0.0440581 0.0435705 0.0215810 0.0028792 0.0000000 0.0007232 0.0015394 0.0014485 0.0007237 0.0027134 0.0014474 0.0007232 0.0015042 0.0329574 0.0021724 0.0014497 0.0649682 0.0340582 0.0452341 0.0446253 0.0460588 0.0308963 0.0117893 0.0440306 0.0251615 0.0299072 0.0432220 0.0115550 0.0298928 0.0380505 0.0316247 0.0433556 0.0432220 0.0432082 0.0435483 0.0461210 0.0431643 0.0445309 0.0419577 0.0386919 0.0435183 0.0434525 0.0442944 0.0443379 0.0014475 0.0443848 0.0032573 
Mcar_PCDH15         0.0140386 0.0041306 0.0008623 0.0140653 0.0158730 0.0135756 0.0135756 0.0163627 0.0163078 0.0391813 0.0452132 0.0168592 0.0427456 0.0413059 0.0427061 0.0424011 0.0328982 0.0148597 0.0156314 0.0163764 0.0136795 0.0427528 0.0435644 0.0427528 0.0427528 0.0007243 0.0363174 0.0247273 0.0309326 0.0446171 0.0426093 0.0416337 0.0392038 0.0400540 0.0443272 0.0427528 0.0432386 0.0427745 0.0206296 0.0019180 0.0007232 0.0000000 0.0007682 0.0007239 0.0000010 0.0018077 0.0007233 0.0000010 0.0007507 0.0321762 0.0014478 0.0007245 0.0641063 0.0331897 0.0444360 0.0437795 0.0452600 0.0300227 0.0110466 0.0432116 0.0239440 0.0291060 0.0424023 0.0107787 0.0290473 0.0372577 0.0307770 0.0425189 0.0424023 0.0423886 0.0427528 0.0450466 0.0423455 0.0436371 0.0411630 0.0377274 0.0427234 0.0426590 0.0434994 0.0435421 0.0007234 0.0435880 0.0024406 
Mden_PCDH15         0.0157502 0.0010620 0.0008999 0.0157828 0.0177338 0.0152797 0.0152797 0.0182414 0.0183397 0.0420613 0.0476213 0.0179527 0.0448024 0.0432905 0.0447583 0.0444558 0.0351422 0.0166366 0.0175426 0.0182560 0.0145603 0.0448106 0.0456791 0.0448106 0.0448106 0.0007682 0.0366059 0.0263778 0.0322192 0.0468143 0.0446497 0.0436804 0.0407790 0.0408626 0.0464921 0.0448106 0.0453957 0.0448350 0.0223546 0.0020103 0.0015394 0.0007682 0.0000000 0.0015409 0.0007689 0.0027313 0.0015397 0.0007682 0.0007966 0.0343745 0.0015402 0.0015402 0.0679529 0.0355409 0.0466147 0.0458035 0.0474961 0.0312798 0.0117526 0.0453653 0.0252276 0.0311506 0.0445005 0.0120303 0.0310087 0.0398402 0.0330387 0.0446299 0.0445005 0.0442549 0.0448106 0.0452604 0.0442069 0.0453937 0.0431109 0.0395465 0.0447776 0.0447048 0.0456058 0.0456538 0.0015398 0.0457057 0.0033824 
Meur_PCDH15         0.0147982 0.0051742 0.0017288 0.0148276 0.0166535 0.0143512 0.0143512 0.0171319 0.0171507 0.0400966 0.0461380 0.0176520 0.0435849 0.0422955 0.0435446 0.0432653 0.0337117 0.0156259 0.0164383 0.0171458 0.0144611 0.0435923 0.0444056 0.0435923 0.0435923 0.0014507 0.0375320 0.0255387 0.0318444 0.0454798 0.0434457 0.0424980 0.0401404 0.0410325 0.0451688 0.0435923 0.0441040 0.0436145 0.0206296 0.0019180 0.0014485 0.0007239 0.0015409 0.0000000 0.0007244 0.0027165 0.0014488 0.0007239 0.0015057 0.0329900 0.0021745 0.0014510 0.0650398 0.0340957 0.0452800 0.0446732 0.0461055 0.0309304 0.0118003 0.0440764 0.0252002 0.0299375 0.0432669 0.0115663 0.0299247 0.0380888 0.0316586 0.0434017 0.0432669 0.0432531 0.0435923 0.0461840 0.0432091 0.0445815 0.0420000 0.0387393 0.0435623 0.0434962 0.0443391 0.0443827 0.0014489 0.0444298 0.0016245 
Mgin_PCDH15         0.0140489 0.0041349 0.0008631 0.0140755 0.0158848 0.0135857 0.0135857 0.0163746 0.0163210 0.0392144 0.0452513 0.0168720 0.0427785 0.0413435 0.0427389 0.0424347 0.0329231 0.0148705 0.0156435 0.0163884 0.0136898 0.0427857 0.0435979 0.0427857 0.0427857 0.0007248 0.0363174 0.0247273 0.0309326 0.0446523 0.0426420 0.0416667 0.0392377 0.0400901 0.0443613 0.0427857 0.0432729 0.0428074 0.0206488 0.0019198 0.0007237 0.0000010 0.0007689 0.0007244 0.0000000 0.0018093 0.0007239 0.0000010 0.0007514 0.0322006 0.0014488 0.0007250 0.0641594 0.0331897 0.0444703 0.0438153 0.0452950 0.0300482 0.0110546 0.0432458 0.0239725 0.0291287 0.0424360 0.0107870 0.0290712 0.0372863 0.0308024 0.0425533 0.0424360 0.0424222 0.0427857 0.0450466 0.0423791 0.0436748 0.0411937 0.0377627 0.0427563 0.0426917 0.0435328 0.0435756 0.0007239 0.0436216 0.0024426 
MgraAUS_PCDH15      0.0175941 0.0033527 0.0028960 0.0176181 0.0189999 0.0170447 0.0170447 0.0205413 0.0189075 0.0456152 0.0476712 0.0204136 0.0459112 0.0461456 0.0458580 0.0478747 0.0374776 0.0195997 0.0201011 0.0205719 0.0172594 0.0459212 0.0469453 0.0459212 0.0459212 0.0018077 0.0387820 0.0282520 0.0375807 0.0483262 0.0457268 0.0445946 0.0424867 0.0465647 0.0479015 0.0459212 0.0469148 0.0459212 0.0240924 0.0034007 0.0027134 0.0018077 0.0027313 0.0027165 0.0018093 0.0000000 0.0027139 0.0018077 0.0018187 0.0365799 0.0027152 0.0027152 0.0769839 0.0381545 0.0479696 0.0480219 0.0480584 0.0339742 0.0138013 0.0469090 0.0265393 0.0328444 0.0459212 0.0141676 0.0338249 0.0396326 0.0337401 0.0461058 0.0459212 0.0459212 0.0459212 0.0469625 0.0458640 0.0458580 0.0459212 0.0414813 0.0458812 0.0457930 0.0468562 0.0459212 0.0027142 0.0469775 0.0045512 
Mhec_PCDH15         0.0147869 0.0051687 0.0017273 0.0148161 0.0166403 0.0143398 0.0143398 0.0171186 0.0171360 0.0400592 0.0460944 0.0176377 0.0435476 0.0422528 0.0435073 0.0432272 0.0336837 0.0156138 0.0164248 0.0171324 0.0144496 0.0435550 0.0443675 0.0435550 0.0435550 0.0014496 0.0374855 0.0255176 0.0318148 0.0454398 0.0434086 0.0424605 0.0401020 0.0400540 0.0451300 0.0435550 0.0440650 0.0435771 0.0215854 0.0028798 0.0014474 0.0007233 0.0015397 0.0014488 0.0007239 0.0027139 0.0000000 0.0007233 0.0015045 0.0329627 0.0021728 0.0014500 0.0649774 0.0340642 0.0452410 0.0446325 0.0460657 0.0309018 0.0117912 0.0440375 0.0251680 0.0299121 0.0432288 0.0115570 0.0298980 0.0380565 0.0316302 0.0433626 0.0432288 0.0432150 0.0435550 0.0461304 0.0431711 0.0445385 0.0419641 0.0386993 0.0435250 0.0434591 0.0443011 0.0443446 0.0014478 0.0443916 0.0032580 
