88
Bacu_RYR2         0.0000000 0.0126476 0.0116842 0.0037055 0.0024261 0.0028372 0.0027022 0.0084506 0.0224762 0.0018692 0.0055332 0.0038734 0.0093191 0.0083038 0.0059529 0.0080410 0.0085426 0.0078937 0.0089202 0.0081219 0.0080620 0.0054869 0.0050745 0.0051847 0.0066065 0.0074708 0.0078861 0.0079224 0.0087078 0.0097484 0.0083131 0.0129630 0.0113049 0.0083905 0.0095570 0.0080960 0.0071520 0.0086176 0.0075647 0.0086891 0.0083670 0.0084030 0.0117466 0.0093411 0.0093272 0.0111976 0.0094778 0.0093382 0.0106440 0.0089250 0.0094936 0.0096605 0.0084991 0.0090748 0.0115217 0.0095748 0.0084838 0.0078866 0.0080990 0.0078024 0.0089189 0.0075198 0.0121188 0.0080748 0.0095494 0.0078119 0.0080484 0.0133725 0.0082512 0.0108646 0.0080574 0.0078158 0.0080162 0.0076659 0.0078165 0.0078030 0.0092724 0.0081499 0.0077055 0.0074704 0.0087008 0.0077048 0.0080002 0.0076264 0.0084106 0.0084694 0.0087073 0.0113457 
Barn_RYR2         0.0126476 0.0000000 0.0003317 0.0127697 0.0124277 0.0120870 0.0122774 0.0193553 0.0338500 0.0117099 0.0113884 0.0125952 0.0092390 0.0091188 0.0124341 0.0084508 0.0086580 0.0084508 0.0090000 0.0084508 0.0086791 0.0121088 0.0119728 0.0122880 0.0111054 0.0081220 0.0081220 0.0083534 0.0086731 0.0035529 0.0080389 0.0149817 0.0154700 0.0096691 0.0083508 0.0087796 0.0087043 0.0086843 0.0083534 0.0089960 0.0089997 0.0091192 0.0048074 0.0035753 0.0035456 0.0035013 0.0038256 0.0038693 0.0033762 0.0032112 0.0038268 0.0038430 0.0090025 0.0032589 0.0052328 0.0038233 0.0093367 0.0094494 0.0090102 0.0083534 0.0090032 0.0077661 0.0143104 0.0086768 0.0105053 0.0090154 0.0084562 0.0145876 0.0090945 0.0103672 0.0088582 0.0083534 0.0084159 0.0086775 0.0086814 0.0086760 0.0089579 0.0087862 0.0081781 0.0084515 0.0085798 0.0081220 0.0084522 0.0081220 0.0084962 0.0038678 0.0083508 0.0056707 
Bbai76728_RYR2    0.0116842 0.0003317 0.0000000 0.0152348 0.0112409 0.0109703 0.0107939 0.0167683 0.0295840 0.0107574 0.0137150 0.0113850 0.0092667 0.0088818 0.0120891 0.0085938 0.0088183 0.0085938 0.0090310 0.0086309 0.0082420 0.0109917 0.0109839 0.0112435 0.0135913 0.0080672 0.0083300 0.0085095 0.0085042 0.0036204 0.0078839 0.0138129 0.0142390 0.0089373 0.0082399 0.0085930 0.0087904 0.0089866 0.0083106 0.0087628 0.0090288 0.0089592 0.0049942 0.0042229 0.0041717 0.0040913 0.0043512 0.0043924 0.0027754 0.0037016 0.0043598 0.0044961 0.0087629 0.0039282 0.0057454 0.0043884 0.0085083 0.0088692 0.0087738 0.0085137 0.0090294 0.0074853 0.0132852 0.0085101 0.0107023 0.0082520 0.0083342 0.0139919 0.0083357 0.0093278 0.0082065 0.0085059 0.0088331 0.0085107 0.0085107 0.0085834 0.0086220 0.0088569 0.0080041 0.0083279 0.0085487 0.0083299 0.0084022 0.0083258 0.0087851 0.0043905 0.0085058 0.0061546 
BbonAUS_RYR2      0.0037055 0.0127697 0.0152348 0.0000000 0.0054744 0.0057119 0.0057142 0.0112993 0.0245913 0.0050368 0.0021761 0.0058106 0.0128360 0.0117802 0.0092048 0.0115294 0.0086096 0.0114883 0.0113111 0.0083794 0.0110635 0.0085780 0.0079326 0.0082804 0.0032609 0.0110387 0.0111703 0.0113115 0.0113045 0.0134719 0.0123096 0.0142187 0.0140419 0.0117108 0.0110609 0.0117008 0.0107926 0.0085419 0.0109041 0.0115415 0.0117490 0.0119457 0.0113792 0.0130368 0.0125999 0.0124758 0.0129266 0.0130407 0.0149364 0.0124194 0.0131237 0.0130626 0.0115417 0.0126425 0.0152887 0.0129332 0.0115472 0.0114313 0.0115578 0.0108798 0.0117866 0.0108345 0.0139804 0.0114471 0.0145082 0.0112326 0.0112220 0.0135307 0.0115909 0.0125527 0.0116348 0.0112894 0.0114780 0.0110899 0.0112138 0.0110703 0.0132311 0.0116546 0.0110656 0.0107291 0.0121462 0.0111713 0.0114545 0.0111663 0.0120642 0.0120583 0.0113065 0.0148791 
Bbor_RYR2         0.0024261 0.0124277 0.0112409 0.0054744 0.0000000 0.0006671 0.0006789 0.0064716 0.0251300 0.0016977 0.0051211 0.0008801 0.0095921 0.0086555 0.0069800 0.0083512 0.0089566 0.0083120 0.0087092 0.0084244 0.0080268 0.0057763 0.0053569 0.0050498 0.0069299 0.0078820 0.0083064 0.0084131 0.0082537 0.0097226 0.0092053 0.0105370 0.0112396 0.0087844 0.0080250 0.0084853 0.0070216 0.0090524 0.0079972 0.0084779 0.0087226 0.0087463 0.0113226 0.0093435 0.0093293 0.0086928 0.0092547 0.0090755 0.0104067 0.0086106 0.0092783 0.0093300 0.0087020 0.0090340 0.0112886 0.0093518 0.0080332 0.0079806 0.0085375 0.0081792 0.0087078 0.0077202 0.0100779 0.0085249 0.0105464 0.0077894 0.0083617 0.0125742 0.0081686 0.0089689 0.0081161 0.0082482 0.0084745 0.0080922 0.0081244 0.0082401 0.0096534 0.0085790 0.0080297 0.0077809 0.0090567 0.0081225 0.0083657 0.0080380 0.0087925 0.0081251 0.0082551 0.0117454 
Bede66737_RYR2    0.0028372 0.0120870 0.0109703 0.0057119 0.0006671 0.0000000 0.0000010 0.0072867 0.0254986 0.0021583 0.0056204 0.0002164 0.0089344 0.0079842 0.0062509 0.0076466 0.0082430 0.0077658 0.0081615 0.0077246 0.0074887 0.0053065 0.0047068 0.0043676 0.0062217 0.0073402 0.0077611 0.0078621 0.0077125 0.0096055 0.0083313 0.0108654 0.0104704 0.0081048 0.0074871 0.0079402 0.0065634 0.0082100 0.0072666 0.0079337 0.0080460 0.0082452 0.0110286 0.0092266 0.0092156 0.0085896 0.0092136 0.0091913 0.0100698 0.0083956 0.0092358 0.0093104 0.0081548 0.0089226 0.0112502 0.0093100 0.0079374 0.0078842 0.0078168 0.0075087 0.0081602 0.0074043 0.0099653 0.0077456 0.0099001 0.0074776 0.0076946 0.0122044 0.0079055 0.0086356 0.0079595 0.0077518 0.0077189 0.0073746 0.0075232 0.0075068 0.0090579 0.0080281 0.0073322 0.0071054 0.0082702 0.0075771 0.0078744 0.0074989 0.0082884 0.0085413 0.0077138 0.0110121 
BedeAUS_RYR2      0.0027022 0.0122774 0.0107939 0.0057142 0.0006789 0.0000010 0.0000000 0.0072924 0.0245383 0.0019846 0.0053204 0.0002234 0.0086488 0.0078963 0.0062423 0.0076572 0.0080437 0.0076204 0.0079658 0.0076805 0.0072717 0.0047911 0.0044165 0.0041500 0.0060478 0.0071766 0.0075695 0.0075976 0.0075026 0.0094765 0.0083330 0.0102861 0.0102680 0.0080715 0.0072701 0.0078028 0.0061793 0.0082144 0.0071795 0.0077309 0.0079115 0.0079358 0.0112822 0.0091330 0.0087652 0.0086361 0.0090902 0.0088145 0.0103359 0.0085316 0.0092322 0.0090708 0.0079591 0.0086949 0.0112137 0.0091116 0.0077346 0.0076739 0.0077414 0.0071348 0.0079645 0.0069305 0.0093590 0.0076996 0.0097683 0.0074245 0.0076140 0.0124751 0.0077997 0.0086868 0.0076749 0.0074759 0.0075755 0.0073320 0.0073194 0.0073142 0.0089370 0.0078454 0.0073751 0.0069703 0.0082938 0.0073787 0.0076091 0.0073431 0.0080439 0.0083097 0.0075039 0.0110476 
Bmus_RYR2         0.0084506 0.0193553 0.0167683 0.0112993 0.0064716 0.0072867 0.0072924 0.0000000 0.0348046 0.0066060 0.0109418 0.0081178 0.0139445 0.0131217 0.0120331 0.0128339 0.0136410 0.0125971 0.0128817 0.0129636 0.0120394 0.0104102 0.0102465 0.0097837 0.0121991 0.0121805 0.0125847 0.0126441 0.0128773 0.0140661 0.0144782 0.0176049 0.0166510 0.0132617 0.0150645 0.0127910 0.0120542 0.0131340 0.0123351 0.0156528 0.0132226 0.0132810 0.0157627 0.0133116 0.0136518 0.0151334 0.0138739 0.0136679 0.0152639 0.0134975 0.0137939 0.0144901 0.0126977 0.0134916 0.0160284 0.0140168 0.0149546 0.0121415 0.0127957 0.0125841 0.0158972 0.0125604 0.0175874 0.0128882 0.0164275 0.0121465 0.0128458 0.0185968 0.0128351 0.0175358 0.0122925 0.0126058 0.0124622 0.0123621 0.0126083 0.0125849 0.0140058 0.0128775 0.0119830 0.0123244 0.0132612 0.0124254 0.0127683 0.0122979 0.0132929 0.0128028 0.0135343 0.0166559 
Bmys_RYR2         0.0224762 0.0338500 0.0295840 0.0245913 0.0251300 0.0254986 0.0245383 0.0348046 0.0000000 0.0221328 0.0219910 0.0249956 0.0251284 0.0225400 0.0228794 0.0241071 0.0238698 0.0237591 0.0242813 0.0241071 0.0236590 0.0203745 0.0200229 0.0205402 0.0223805 0.0230821 0.0230821 0.0225475 0.0236127 0.0271845 0.0288237 0.0277505 0.0278039 0.0231922 0.0229706 0.0230821 0.0236987 0.0244334 0.0229908 0.0229706 0.0225400 0.0233002 0.0315654 0.0275822 0.0271862 0.0269576 0.0272426 0.0265123 0.0384613 0.0266080 0.0267907 0.0284967 0.0236590 0.0262230 0.0296485 0.0280119 0.0242827 0.0236595 0.0232194 0.0225400 0.0236446 0.0251207 0.0242905 0.0235251 0.0321481 0.0243255 0.0230821 0.0188203 0.0238526 0.0256263 0.0253198 0.0225400 0.0234535 0.0233115 0.0231980 0.0225400 0.0307932 0.0237865 0.0241123 0.0230821 0.0247937 0.0231107 0.0230821 0.0231171 0.0257271 0.0258345 0.0236249 0.0292214 
Bphy_RYR2         0.0018692 0.0117099 0.0107574 0.0050368 0.0016977 0.0021583 0.0019846 0.0066060 0.0221328 0.0000000 0.0039570 0.0023321 0.0086468 0.0076379 0.0057020 0.0073843 0.0078954 0.0072380 0.0075425 0.0074657 0.0068239 0.0043235 0.0037893 0.0034758 0.0052761 0.0067733 0.0069910 0.0072186 0.0070630 0.0089357 0.0077030 0.0099346 0.0098474 0.0077059 0.0068224 0.0074311 0.0073659 0.0077991 0.0068140 0.0072996 0.0077018 0.0077415 0.0105467 0.0083918 0.0085549 0.0077594 0.0085971 0.0084852 0.0093225 0.0080119 0.0086973 0.0087748 0.0072996 0.0081785 0.0104657 0.0087582 0.0070666 0.0072312 0.0074641 0.0070741 0.0075413 0.0063972 0.0097063 0.0074214 0.0082056 0.0068856 0.0071471 0.0116788 0.0074528 0.0078119 0.0073464 0.0070900 0.0072985 0.0069881 0.0071403 0.0071233 0.0081597 0.0075199 0.0069018 0.0067468 0.0078781 0.0070297 0.0073483 0.0069510 0.0077858 0.0073284 0.0070642 0.0102818 
Bphy_baits_RYR2   0.0055332 0.0113884 0.0137150 0.0021761 0.0051211 0.0056204 0.0053204 0.0109418 0.0219910 0.0039570 0.0000000 0.0057611 0.0117550 0.0108889 0.0092319 0.0106314 0.0075980 0.0108438 0.0111629 0.0075767 0.0104174 0.0076024 0.0071190 0.0068144 0.0023960 0.0103788 0.0107668 0.0107487 0.0106652 0.0126300 0.0112870 0.0146490 0.0141401 0.0110531 0.0104145 0.0110642 0.0106373 0.0073797 0.0103251 0.0109091 0.0107581 0.0110206 0.0100969 0.0121473 0.0117434 0.0116239 0.0119182 0.0121826 0.0136452 0.0114724 0.0120400 0.0116825 0.0111529 0.0117790 0.0140883 0.0118397 0.0109147 0.0107870 0.0109259 0.0100494 0.0111610 0.0096141 0.0134170 0.0105541 0.0132121 0.0105912 0.0105673 0.0121504 0.0106532 0.0119469 0.0105753 0.0103622 0.0108159 0.0104538 0.0102266 0.0104239 0.0123493 0.0110192 0.0102952 0.0098143 0.0113150 0.0105219 0.0105603 0.0105265 0.0108099 0.0111724 0.0104216 0.0138233 
Bric_RYR2         0.0038734 0.0125952 0.0113850 0.0058106 0.0008801 0.0002164 0.0002234 0.0081178 0.0249956 0.0023321 0.0057611 0.0000000 0.0090359 0.0080541 0.0064117 0.0077932 0.0082780 0.0078715 0.0097881 0.0078714 0.0089540 0.0054707 0.0048276 0.0044925 0.0063580 0.0074496 0.0078639 0.0079005 0.0097848 0.0097213 0.0085746 0.0126905 0.0105594 0.0081378 0.0097740 0.0080733 0.0066667 0.0083428 0.0073192 0.0106006 0.0081152 0.0083792 0.0114240 0.0093142 0.0093011 0.0124443 0.0094508 0.0093120 0.0102707 0.0086619 0.0094672 0.0096304 0.0095996 0.0090484 0.0114889 0.0095474 0.0102088 0.0078641 0.0078560 0.0075558 0.0108320 0.0074972 0.0118525 0.0078259 0.0101616 0.0075649 0.0078004 0.0122044 0.0079891 0.0128409 0.0080362 0.0077934 0.0077614 0.0074240 0.0075692 0.0075564 0.0092385 0.0081266 0.0074477 0.0072211 0.0084231 0.0076827 0.0079774 0.0076050 0.0083858 0.0088939 0.0085205 0.0113080 
Ccom40_RYR2       0.0093191 0.0092390 0.0092667 0.0128360 0.0095921 0.0089344 0.0086488 0.0139445 0.0251284 0.0086468 0.0117550 0.0090359 0.0000000 0.0007452 0.0096125 0.0014951 0.0015301 0.0014958 0.0017338 0.0014999 0.0029782 0.0080795 0.0079245 0.0080960 0.0116754 0.0009895 0.0012371 0.0012372 0.0012370 0.0075858 0.0045315 0.0121340 0.0121039 0.0020014 0.0014853 0.0002476 0.0005200 0.0015768 0.0010038 0.0009895 0.0012429 0.0012490 0.0090594 0.0076085 0.0075087 0.0072478 0.0070967 0.0076329 0.0065633 0.0070203 0.0078350 0.0073712 0.0034775 0.0069191 0.0093979 0.0076123 0.0039772 0.0040497 0.0017340 0.0009895 0.0022319 0.0043672 0.0105938 0.0012524 0.0049668 0.0037823 0.0012378 0.0141332 0.0038586 0.0049983 0.0039201 0.0012455 0.0012460 0.0012399 0.0012376 0.0007420 0.0025164 0.0017338 0.0010269 0.0012373 0.0015800 0.0012376 0.0014850 0.0012381 0.0012499 0.0078424 0.0012372 0.0082715 
Chea7320_RYR2     0.0083038 0.0091188 0.0088818 0.0117802 0.0086555 0.0079842 0.0078963 0.0131217 0.0225400 0.0076379 0.0108889 0.0080541 0.0007452 0.0000000 0.0094651 0.0011247 0.0011717 0.0011202 0.0013259 0.0011440 0.0024344 0.0079146 0.0077612 0.0075802 0.0107495 0.0006737 0.0011194 0.0008987 0.0008827 0.0070520 0.0040445 0.0115013 0.0117778 0.0016001 0.0011037 0.0004450 0.0004791 0.0012306 0.0006775 0.0006621 0.0008998 0.0009172 0.0084709 0.0070595 0.0071045 0.0066856 0.0067002 0.0068612 0.0068175 0.0067537 0.0072345 0.0070552 0.0031010 0.0067670 0.0092453 0.0071784 0.0033253 0.0033945 0.0013333 0.0008981 0.0017698 0.0040876 0.0099020 0.0011288 0.0044134 0.0031828 0.0011259 0.0129897 0.0033095 0.0042314 0.0034174 0.0009058 0.0009300 0.0008886 0.0008998 0.0004516 0.0020452 0.0013502 0.0007061 0.0009055 0.0012423 0.0008995 0.0011267 0.0008908 0.0009222 0.0068346 0.0008828 0.0084928 
Cmar59905_RYR2    0.0059529 0.0124341 0.0120891 0.0092048 0.0069800 0.0062509 0.0062423 0.0120331 0.0228794 0.0057020 0.0092319 0.0064117 0.0096125 0.0094651 0.0000000 0.0091651 0.0096210 0.0092186 0.0095572 0.0091940 0.0088259 0.0064975 0.0060230 0.0062565 0.0095059 0.0087562 0.0089123 0.0091404 0.0090691 0.0112183 0.0086939 0.0132368 0.0132612 0.0095687 0.0085899 0.0094393 0.0083830 0.0092016 0.0087111 0.0093090 0.0088644 0.0095774 0.0130092 0.0106359 0.0106081 0.0102580 0.0107175 0.0105259 0.0097492 0.0101435 0.0108505 0.0102883 0.0093091 0.0103637 0.0126930 0.0107247 0.0093137 0.0092347 0.0088425 0.0085942 0.0093222 0.0081448 0.0125059 0.0089575 0.0107105 0.0089885 0.0089825 0.0165107 0.0090917 0.0100767 0.0091452 0.0086544 0.0088617 0.0088539 0.0088380 0.0088952 0.0090847 0.0091658 0.0090248 0.0089755 0.0094436 0.0086769 0.0089179 0.0086809 0.0096151 0.0102307 0.0090707 0.0126285 
Dcap108471_RYR2   0.0080410 0.0084508 0.0085938 0.0115294 0.0083512 0.0076466 0.0076572 0.0128339 0.0241071 0.0073843 0.0106314 0.0077932 0.0014951 0.0011247 0.0091651 0.0000000 0.0000010 0.0000010 0.0002195 0.0000010 0.0022036 0.0080691 0.0079909 0.0077985 0.0104170 0.0004433 0.0008837 0.0006680 0.0006587 0.0067606 0.0036888 0.0112220 0.0114735 0.0013587 0.0008793 0.0011038 0.0004806 0.0009782 0.0004472 0.0008790 0.0011284 0.0011373 0.0081185 0.0066999 0.0067540 0.0062076 0.0064031 0.0067940 0.0061365 0.0064438 0.0067177 0.0067904 0.0028668 0.0064419 0.0087194 0.0069354 0.0030890 0.0031392 0.0011064 0.0006676 0.0015412 0.0037900 0.0096309 0.0008973 0.0040755 0.0029119 0.0008846 0.0133677 0.0030520 0.0037665 0.0031811 0.0006726 0.0006904 0.0006601 0.0006689 0.0006725 0.0017302 0.0011055 0.0004616 0.0006729 0.0009778 0.0006630 0.0008851 0.0006593 0.0011387 0.0069949 0.0006588 0.0078048 
Dcap79929_RYR2    0.0085426 0.0086580 0.0088183 0.0086096 0.0089566 0.0082430 0.0080437 0.0136410 0.0238698 0.0078954 0.0075980 0.0082780 0.0015301 0.0011717 0.0096210 0.0000010 0.0000000 0.0000010 0.0002330 0.0000010 0.0023392 0.0086498 0.0083244 0.0081191 0.0074561 0.0004703 0.0009407 0.0004695 0.0006991 0.0067225 0.0038666 0.0116743 0.0116468 0.0014362 0.0009333 0.0011813 0.0005056 0.0010060 0.0004696 0.0009329 0.0011814 0.0012010 0.0081776 0.0066998 0.0064726 0.0063552 0.0064456 0.0067189 0.0061248 0.0064876 0.0068986 0.0069779 0.0030426 0.0063816 0.0088304 0.0069394 0.0032794 0.0033131 0.0011674 0.0007045 0.0016360 0.0039547 0.0099846 0.0009372 0.0042870 0.0030705 0.0009412 0.0133047 0.0031588 0.0042373 0.0032779 0.0007107 0.0007195 0.0007008 0.0007060 0.0007049 0.0018297 0.0011766 0.0004859 0.0007056 0.0010218 0.0007058 0.0009487 0.0007061 0.0012146 0.0069320 0.0006992 0.0082411 
DdelSJR_RYR2      0.0078937 0.0084508 0.0085938 0.0114883 0.0083120 0.0077658 0.0076204 0.0125971 0.0237591 0.0072380 0.0108438 0.0078715 0.0014958 0.0011202 0.0092186 0.0000010 0.0000010 0.0000000 0.0002155 0.0000010 0.0021637 0.0079797 0.0079948 0.0077594 0.0101497 0.0004351 0.0008675 0.0006594 0.0006466 0.0066356 0.0037143 0.0114680 0.0114791 0.0013593 0.0008635 0.0010838 0.0004772 0.0009840 0.0004417 0.0008631 0.0011290 0.0011243 0.0081185 0.0066082 0.0066634 0.0060947 0.0063312 0.0068543 0.0061365 0.0063595 0.0066771 0.0067062 0.0028148 0.0063529 0.0085996 0.0068557 0.0030331 0.0030972 0.0010925 0.0006679 0.0015134 0.0037865 0.0099040 0.0008907 0.0040958 0.0028901 0.0008851 0.0133677 0.0030520 0.0039176 0.0031641 0.0006649 0.0006859 0.0006562 0.0006692 0.0006678 0.0017090 0.0010911 0.0004592 0.0006732 0.0009778 0.0006543 0.0008807 0.0006473 0.0011258 0.0068791 0.0006467 0.0078091 
Ddel_RYR2         0.0089202 0.0090000 0.0090310 0.0113111 0.0087092 0.0081615 0.0079658 0.0128817 0.0242813 0.0075425 0.0111629 0.0097881 0.0017338 0.0013259 0.0095572 0.0002195 0.0002330 0.0002155 0.0000000 0.0002217 0.0024072 0.0083736 0.0083402 0.0081488 0.0107773 0.0006486 0.0010788 0.0010834 0.0011992 0.0070382 0.0036845 0.0112511 0.0110648 0.0015634 0.0026183 0.0012932 0.0007065 0.0012108 0.0006572 0.0038327 0.0013358 0.0013412 0.0083153 0.0070231 0.0070675 0.0070611 0.0067295 0.0070758 0.0063858 0.0067738 0.0072462 0.0071396 0.0030142 0.0067673 0.0091661 0.0072542 0.0059263 0.0032483 0.0012936 0.0008775 0.0044452 0.0039631 0.0106220 0.0011042 0.0043907 0.0030882 0.0011007 0.0137300 0.0032597 0.0069435 0.0033784 0.0008786 0.0009018 0.0008623 0.0008793 0.0008781 0.0014222 0.0013014 0.0006896 0.0008921 0.0012222 0.0008672 0.0010942 0.0008586 0.0013424 0.0071016 0.0018042 0.0081932 
Ddeltrop4525_RYR2 0.0081219 0.0084508 0.0086309 0.0083794 0.0084244 0.0077246 0.0076805 0.0129636 0.0241071 0.0074657 0.0075767 0.0078714 0.0014999 0.0011440 0.0091940 0.0000010 0.0000010 0.0000010 0.0002217 0.0000000 0.0022254 0.0082099 0.0080154 0.0079443 0.0073905 0.0004478 0.0008878 0.0008999 0.0006648 0.0070188 0.0037024 0.0118013 0.0116155 0.0013744 0.0008879 0.0011147 0.0004855 0.0009866 0.0004495 0.0008875 0.0011414 0.0011507 0.0081769 0.0070067 0.0070122 0.0064963 0.0064844 0.0070574 0.0061693 0.0064200 0.0070655 0.0068182 0.0028952 0.0067041 0.0089188 0.0070237 0.0031195 0.0031708 0.0011110 0.0006744 0.0015565 0.0035961 0.0101913 0.0009072 0.0040967 0.0029437 0.0009006 0.0134923 0.0030898 0.0038045 0.0031940 0.0006841 0.0006943 0.0006674 0.0006709 0.0006754 0.0017390 0.0011106 0.0004678 0.0006807 0.0009909 0.0006654 0.0009006 0.0006659 0.0011521 0.0070819 0.0006651 0.0080970 
Dleu_RYR2         0.0080620 0.0086791 0.0082420 0.0110635 0.0080268 0.0074887 0.0072717 0.0120394 0.0236590 0.0068239 0.0104174 0.0089540 0.0029782 0.0024344 0.0088259 0.0022036 0.0023392 0.0021637 0.0024072 0.0022254 0.0000000 0.0077007 0.0076338 0.0074585 0.0100732 0.0017340 0.0021617 0.0021716 0.0022054 0.0063686 0.0033990 0.0123188 0.0108174 0.0026845 0.0044538 0.0023752 0.0018862 0.0024268 0.0017560 0.0050511 0.0022318 0.0024642 0.0077486 0.0063334 0.0063950 0.0072809 0.0060469 0.0064026 0.0063920 0.0060631 0.0065770 0.0063903 0.0006004 0.0060817 0.0084652 0.0065634 0.0046899 0.0021619 0.0023761 0.0019791 0.0052657 0.0032586 0.0116940 0.0022128 0.0034470 0.0019818 0.0022056 0.0133626 0.0020917 0.0071692 0.0021677 0.0019821 0.0020329 0.0019449 0.0019830 0.0019796 0.0025669 0.0023909 0.0018424 0.0020108 0.0024498 0.0019550 0.0021925 0.0019346 0.0024664 0.0064263 0.0030175 0.0081920 
EausAUS_RYR2      0.0054869 0.0121088 0.0109917 0.0085780 0.0057763 0.0053065 0.0047911 0.0104102 0.0203745 0.0043235 0.0076024 0.0054707 0.0080795 0.0079146 0.0064975 0.0080691 0.0086498 0.0079797 0.0083736 0.0082099 0.0077007 0.0000000 0.0009240 0.0011297 0.0075805 0.0075546 0.0079745 0.0080779 0.0079245 0.0098182 0.0089322 0.0108590 0.0109304 0.0082533 0.0076991 0.0077105 0.0074799 0.0087284 0.0077138 0.0077039 0.0079758 0.0077123 0.0104635 0.0092125 0.0092003 0.0088003 0.0088923 0.0087203 0.0100825 0.0086179 0.0093798 0.0085078 0.0083668 0.0084413 0.0109928 0.0092212 0.0081495 0.0081003 0.0082565 0.0078958 0.0083723 0.0073693 0.0099652 0.0082352 0.0095948 0.0079636 0.0080792 0.0129932 0.0083539 0.0090735 0.0083792 0.0079105 0.0077029 0.0078130 0.0079113 0.0072669 0.0084229 0.0082422 0.0079738 0.0079598 0.0087349 0.0077916 0.0073510 0.0077114 0.0077542 0.0086910 0.0079258 0.0109615 
Egla13086_RYR2    0.0050745 0.0119728 0.0109839 0.0079326 0.0053569 0.0047068 0.0044165 0.0102465 0.0200229 0.0037893 0.0071190 0.0048276 0.0079245 0.0077612 0.0060230 0.0079909 0.0083244 0.0079948 0.0083402 0.0080154 0.0076338 0.0009240 0.0000000 0.0002310 0.0073102 0.0075439 0.0077071 0.0078729 0.0078690 0.0099263 0.0083554 0.0104862 0.0104749 0.0079367 0.0076320 0.0077407 0.0074989 0.0081993 0.0075022 0.0076371 0.0077410 0.0076796 0.0108479 0.0094218 0.0089443 0.0090226 0.0088892 0.0087640 0.0096940 0.0084452 0.0095643 0.0085764 0.0081017 0.0088943 0.0116528 0.0092013 0.0081055 0.0080084 0.0081132 0.0076433 0.0083389 0.0070270 0.0097805 0.0079662 0.0091655 0.0077391 0.0077106 0.0131674 0.0080038 0.0090763 0.0079145 0.0077559 0.0077346 0.0076409 0.0076409 0.0069945 0.0080536 0.0081796 0.0077130 0.0077053 0.0083180 0.0077069 0.0077648 0.0077035 0.0079355 0.0089701 0.0078704 0.0107244 
Ejap43864_RYR2    0.0051847 0.0122880 0.0112435 0.0082804 0.0050498 0.0043676 0.0041500 0.0097837 0.0205402 0.0034758 0.0068144 0.0044925 0.0080960 0.0075802 0.0062565 0.0077985 0.0081191 0.0077594 0.0081488 0.0079443 0.0074585 0.0011297 0.0002310 0.0000000 0.0071300 0.0073675 0.0078021 0.0075157 0.0076881 0.0095154 0.0086595 0.0107017 0.0107532 0.0080921 0.0074568 0.0075606 0.0073813 0.0084149 0.0073287 0.0074617 0.0076054 0.0077357 0.0108693 0.0090271 0.0087190 0.0085864 0.0087455 0.0085544 0.0100106 0.0085769 0.0091303 0.0087016 0.0081419 0.0086836 0.0113007 0.0091617 0.0079189 0.0078219 0.0079725 0.0073293 0.0081475 0.0074353 0.0097835 0.0077330 0.0093379 0.0075280 0.0077605 0.0131464 0.0078849 0.0088675 0.0078702 0.0075787 0.0077732 0.0074805 0.0075764 0.0070500 0.0079128 0.0080369 0.0075896 0.0075709 0.0084406 0.0075725 0.0077561 0.0075315 0.0078096 0.0087571 0.0076894 0.0104416 
Erob133443_RYR2   0.0066065 0.0111054 0.0135913 0.0032609 0.0069299 0.0062217 0.0060478 0.0121991 0.0223805 0.0052761 0.0023960 0.0063580 0.0116754 0.0107495 0.0095059 0.0104170 0.0074561 0.0101497 0.0107773 0.0073905 0.0100732 0.0075805 0.0073102 0.0071300 0.0000000 0.0099457 0.0103129 0.0103836 0.0103073 0.0122894 0.0115826 0.0140682 0.0140039 0.0109994 0.0100709 0.0105895 0.0107771 0.0079268 0.0097472 0.0105378 0.0107219 0.0108140 0.0102027 0.0119399 0.0114624 0.0112168 0.0114876 0.0116340 0.0129127 0.0111178 0.0118420 0.0114131 0.0107682 0.0114893 0.0138096 0.0114170 0.0105429 0.0104893 0.0105529 0.0099577 0.0107756 0.0101907 0.0129048 0.0102002 0.0129844 0.0099985 0.0103591 0.0113657 0.0104607 0.0115162 0.0102710 0.0101076 0.0104402 0.0101067 0.0102119 0.0100793 0.0121726 0.0105491 0.0098117 0.0096539 0.0110272 0.0100837 0.0103520 0.0100878 0.0109175 0.0111594 0.0103091 0.0137747 
Fatt_RYR2         0.0074708 0.0081220 0.0080672 0.0110387 0.0078820 0.0073402 0.0071766 0.0121805 0.0230821 0.0067733 0.0103788 0.0074496 0.0009895 0.0006737 0.0087562 0.0004433 0.0004703 0.0004351 0.0006486 0.0004478 0.0017340 0.0075546 0.0075439 0.0073675 0.0099457 0.0000000 0.0004348 0.0002202 0.0002161 0.0062090 0.0031160 0.0108180 0.0107783 0.0009082 0.0004323 0.0006512 0.0002394 0.0004916 0.0000010 0.0004321 0.0006791 0.0006701 0.0073553 0.0061685 0.0062350 0.0056718 0.0057005 0.0062424 0.0055625 0.0057028 0.0062481 0.0062052 0.0023864 0.0059142 0.0081564 0.0062226 0.0026051 0.0026609 0.0006570 0.0002231 0.0010832 0.0033218 0.0092536 0.0004481 0.0034442 0.0024666 0.0004437 0.0124299 0.0026060 0.0034899 0.0027026 0.0002235 0.0002270 0.0002192 0.0002226 0.0002227 0.0014404 0.0006561 0.0000010 0.0002245 0.0004934 0.0002186 0.0004409 0.0002163 0.0006770 0.0062655 0.0002161 0.0074880 
Ggri_RYR2         0.0078861 0.0081220 0.0083300 0.0111703 0.0083064 0.0077611 0.0075695 0.0125847 0.0230821 0.0069910 0.0107668 0.0078639 0.0012371 0.0011194 0.0089123 0.0008837 0.0009407 0.0008675 0.0010788 0.0008878 0.0021617 0.0079745 0.0077071 0.0078021 0.0103129 0.0004348 0.0000000 0.0004390 0.0006463 0.0063740 0.0031160 0.0110141 0.0109226 0.0011249 0.0008619 0.0010831 0.0007169 0.0007324 0.0004415 0.0008615 0.0011218 0.0011168 0.0076058 0.0061467 0.0063999 0.0058715 0.0056485 0.0064080 0.0058132 0.0058831 0.0064504 0.0059554 0.0023791 0.0060859 0.0083119 0.0063938 0.0030301 0.0030952 0.0010851 0.0004422 0.0015120 0.0035252 0.0098943 0.0008951 0.0034442 0.0029060 0.0004423 0.0131144 0.0028163 0.0039136 0.0029196 0.0004456 0.0006810 0.0006555 0.0006646 0.0006635 0.0014236 0.0010838 0.0004585 0.0006688 0.0007328 0.0006500 0.0008789 0.0006469 0.0011180 0.0064311 0.0006464 0.0074890 
Gmac39091_RYR2    0.0079224 0.0083534 0.0085095 0.0113115 0.0084131 0.0078621 0.0075976 0.0126441 0.0225475 0.0072186 0.0107487 0.0079005 0.0012372 0.0008987 0.0091404 0.0006680 0.0004695 0.0006594 0.0010834 0.0008999 0.0021716 0.0080779 0.0078729 0.0075157 0.0103836 0.0002202 0.0004390 0.0000000 0.0006495 0.0067225 0.0036840 0.0112882 0.0111429 0.0013480 0.0008664 0.0010967 0.0007166 0.0009681 0.0002214 0.0008660 0.0011275 0.0011386 0.0081011 0.0066180 0.0064897 0.0063426 0.0062794 0.0067549 0.0064220 0.0063471 0.0069000 0.0066457 0.0026076 0.0064057 0.0088323 0.0068447 0.0030441 0.0030941 0.0008772 0.0004415 0.0015190 0.0037296 0.0099408 0.0004442 0.0034728 0.0026625 0.0004426 0.0126292 0.0028117 0.0039316 0.0028936 0.0004424 0.0006849 0.0004367 0.0004453 0.0006625 0.0017229 0.0010986 0.0002311 0.0006731 0.0007327 0.0006587 0.0008864 0.0006553 0.0011396 0.0067811 0.0006496 0.0076820 
Gmel_RYR2         0.0087078 0.0086731 0.0085042 0.0113045 0.0082537 0.0077125 0.0075026 0.0128773 0.0236127 0.0070630 0.0106652 0.0097848 0.0012370 0.0008827 0.0090691 0.0006587 0.0006991 0.0006466 0.0011992 0.0006648 0.0022054 0.0079245 0.0078690 0.0076881 0.0103073 0.0002161 0.0006463 0.0006495 0.0000000 0.0065914 0.0033977 0.0116618 0.0110584 0.0011152 0.0026174 0.0008612 0.0002346 0.0007257 0.0002179 0.0038314 0.0008896 0.0008933 0.0080302 0.0065628 0.0066188 0.0070588 0.0062740 0.0066266 0.0063842 0.0062995 0.0067993 0.0066396 0.0028118 0.0063100 0.0086982 0.0067932 0.0059244 0.0028124 0.0008615 0.0004384 0.0044438 0.0034932 0.0106184 0.0006619 0.0037578 0.0026440 0.0006594 0.0129848 0.0027910 0.0069412 0.0028924 0.0004391 0.0004501 0.0004309 0.0004393 0.0004386 0.0017079 0.0008668 0.0002293 0.0004447 0.0007325 0.0004332 0.0006551 0.0004286 0.0008941 0.0066510 0.0018036 0.0079299 
Hamp_RYR2         0.0097484 0.0035529 0.0036204 0.0134719 0.0097226 0.0096055 0.0094765 0.0140661 0.0271845 0.0089357 0.0126300 0.0097213 0.0075858 0.0070520 0.0112183 0.0067606 0.0067225 0.0066356 0.0070382 0.0070188 0.0063686 0.0098182 0.0099263 0.0095154 0.0122894 0.0062090 0.0063740 0.0067225 0.0065914 0.0000000 0.0063010 0.0126976 0.0129224 0.0071175 0.0063673 0.0068174 0.0072909 0.0077376 0.0063017 0.0068121 0.0072934 0.0070371 0.0019653 0.0015880 0.0017675 0.0015247 0.0018024 0.0019748 0.0019264 0.0014074 0.0017724 0.0019812 0.0070326 0.0013425 0.0032069 0.0018211 0.0068142 0.0069625 0.0070878 0.0067688 0.0070372 0.0069120 0.0120229 0.0068484 0.0079941 0.0065841 0.0069974 0.0138378 0.0066765 0.0077305 0.0063980 0.0065899 0.0067230 0.0066866 0.0067818 0.0067664 0.0066873 0.0070757 0.0065644 0.0068221 0.0069794 0.0066291 0.0069550 0.0065983 0.0070733 0.0022142 0.0065925 0.0041281 
Igeo_RYR2         0.0083131 0.0080389 0.0078839 0.0123096 0.0092053 0.0083313 0.0083330 0.0144782 0.0288237 0.0077030 0.0112870 0.0085746 0.0045315 0.0040445 0.0086939 0.0036888 0.0038666 0.0037143 0.0036845 0.0037024 0.0033990 0.0089322 0.0083554 0.0086595 0.0115826 0.0031160 0.0031160 0.0036840 0.0033977 0.0063010 0.0000000 0.0118188 0.0114626 0.0039746 0.0031142 0.0039891 0.0035862 0.0035606 0.0031394 0.0033978 0.0037009 0.0039923 0.0069182 0.0061138 0.0059753 0.0053975 0.0060200 0.0060496 0.0061564 0.0051700 0.0062622 0.0058827 0.0039685 0.0060668 0.0085071 0.0060166 0.0048257 0.0049248 0.0034016 0.0031160 0.0036840 0.0034848 0.0109403 0.0034265 0.0055270 0.0045778 0.0034022 0.0141263 0.0046178 0.0054202 0.0046675 0.0031394 0.0031850 0.0031160 0.0031173 0.0033986 0.0034387 0.0036863 0.0031848 0.0033995 0.0035519 0.0031167 0.0033998 0.0031150 0.0037594 0.0060497 0.0033984 0.0071080 
Kbre_RYR2         0.0129630 0.0149817 0.0138129 0.0142187 0.0105370 0.0108654 0.0102861 0.0176049 0.0277505 0.0099346 0.0146490 0.0126905 0.0121340 0.0115013 0.0132368 0.0112220 0.0116743 0.0114680 0.0112511 0.0118013 0.0123188 0.0108590 0.0104862 0.0107017 0.0140682 0.0108180 0.0110141 0.0112882 0.0116618 0.0126976 0.0118188 0.0000000 0.0006907 0.0116258 0.0110178 0.0116640 0.0110587 0.0118824 0.0111898 0.0131463 0.0115894 0.0114002 0.0154882 0.0126116 0.0127390 0.0126658 0.0122504 0.0127541 0.0129769 0.0127724 0.0122058 0.0124431 0.0110676 0.0125592 0.0150780 0.0126068 0.0129411 0.0114573 0.0116682 0.0107510 0.0118822 0.0111119 0.0048318 0.0117326 0.0137529 0.0114493 0.0107810 0.0056759 0.0113714 0.0123230 0.0115430 0.0107695 0.0115088 0.0112348 0.0109971 0.0114369 0.0107249 0.0117426 0.0112693 0.0111551 0.0122492 0.0112922 0.0111648 0.0111766 0.0116508 0.0123402 0.0112412 0.0139813 
Ksim_RYR2         0.0113049 0.0154700 0.0142390 0.0140419 0.0112396 0.0104704 0.0102680 0.0166510 0.0278039 0.0098474 0.0141401 0.0105594 0.0121039 0.0117778 0.0132612 0.0114735 0.0116468 0.0114791 0.0110648 0.0116155 0.0108174 0.0109304 0.0104749 0.0107532 0.0140039 0.0107783 0.0109226 0.0111429 0.0110584 0.0129224 0.0114626 0.0006907 0.0000000 0.0117398 0.0108149 0.0116433 0.0111762 0.0118532 0.0109739 0.0112956 0.0117465 0.0115516 0.0158845 0.0128763 0.0125987 0.0124738 0.0127221 0.0127420 0.0136539 0.0128636 0.0127950 0.0129540 0.0110591 0.0127720 0.0153043 0.0129796 0.0117746 0.0119000 0.0115500 0.0106652 0.0115405 0.0110450 0.0051102 0.0115385 0.0141042 0.0116908 0.0109288 0.0058576 0.0118547 0.0127810 0.0119884 0.0110726 0.0111417 0.0110664 0.0111696 0.0110616 0.0103158 0.0116455 0.0113479 0.0112583 0.0122027 0.0111618 0.0113991 0.0111569 0.0119480 0.0126894 0.0110604 0.0138875 
Lacu_RYR2         0.0083905 0.0096691 0.0089373 0.0117108 0.0087844 0.0081048 0.0080715 0.0132617 0.0231922 0.0077059 0.0110531 0.0081378 0.0020014 0.0016001 0.0095687 0.0013587 0.0014362 0.0013593 0.0015634 0.0013744 0.0026845 0.0082533 0.0079367 0.0080921 0.0109994 0.0009082 0.0011249 0.0013480 0.0011152 0.0071175 0.0039746 0.0116258 0.0117398 0.0000000 0.0013387 0.0015824 0.0012239 0.0014550 0.0009039 0.0013381 0.0015960 0.0011485 0.0084535 0.0075288 0.0075114 0.0072089 0.0071221 0.0073892 0.0073666 0.0071215 0.0077401 0.0075137 0.0031347 0.0072122 0.0097680 0.0076538 0.0035850 0.0036451 0.0015640 0.0008922 0.0020123 0.0042303 0.0102375 0.0013752 0.0044431 0.0034326 0.0011333 0.0132998 0.0035554 0.0045031 0.0036838 0.0011320 0.0011544 0.0011178 0.0011254 0.0011233 0.0023201 0.0015759 0.0009335 0.0011421 0.0014687 0.0011251 0.0013499 0.0011255 0.0016239 0.0075919 0.0011154 0.0088815 
Lalb_RYR2         0.0095570 0.0083508 0.0082399 0.0110609 0.0080250 0.0074871 0.0072701 0.0150645 0.0229706 0.0068224 0.0104145 0.0097740 0.0014853 0.0011037 0.0085899 0.0008793 0.0009333 0.0008635 0.0026183 0.0008879 0.0044538 0.0076991 0.0076320 0.0074568 0.0100709 0.0004323 0.0008619 0.0008664 0.0026174 0.0063673 0.0031142 0.0110178 0.0108149 0.0013387 0.0000000 0.0010771 0.0007064 0.0004840 0.0004379 0.0038336 0.0011126 0.0011172 0.0077465 0.0063320 0.0063937 0.0076978 0.0060456 0.0064013 0.0060636 0.0060618 0.0065756 0.0063887 0.0036382 0.0060804 0.0084633 0.0065620 0.0052622 0.0025937 0.0008617 0.0006579 0.0022137 0.0032579 0.0106397 0.0008830 0.0037579 0.0024222 0.0008793 0.0133577 0.0025565 0.0048523 0.0026494 0.0002197 0.0002251 0.0006466 0.0006593 0.0006583 0.0014222 0.0006504 0.0004589 0.0006687 0.0004885 0.0002157 0.0004371 0.0002144 0.0011182 0.0064249 0.0022136 0.0079300 
Laus_RYR2         0.0080960 0.0087796 0.0085930 0.0117008 0.0084853 0.0079402 0.0078028 0.0127910 0.0230821 0.0074311 0.0110642 0.0080733 0.0002476 0.0004450 0.0094393 0.0011038 0.0011813 0.0010838 0.0012932 0.0011147 0.0023752 0.0077105 0.0077407 0.0075606 0.0105895 0.0006512 0.0010831 0.0010967 0.0008612 0.0068174 0.0039891 0.0116640 0.0116433 0.0015824 0.0010771 0.0000000 0.0004743 0.0012272 0.0006652 0.0006454 0.0008975 0.0008940 0.0084407 0.0070514 0.0070952 0.0065187 0.0065841 0.0070761 0.0064624 0.0066229 0.0071096 0.0069856 0.0030252 0.0063109 0.0085413 0.0071135 0.0032431 0.0033115 0.0013091 0.0008886 0.0017259 0.0040141 0.0101029 0.0011178 0.0044139 0.0031248 0.0011051 0.0133603 0.0033007 0.0041267 0.0034080 0.0008900 0.0009126 0.0008731 0.0008903 0.0004433 0.0020045 0.0013066 0.0006925 0.0008958 0.0012277 0.0008706 0.0010986 0.0008610 0.0008986 0.0068792 0.0008614 0.0080510 
Lbor_RYR2         0.0071520 0.0087043 0.0087904 0.0107926 0.0070216 0.0065634 0.0061793 0.0120542 0.0236987 0.0073659 0.0106373 0.0066667 0.0005200 0.0004791 0.0083830 0.0004806 0.0005056 0.0004772 0.0007065 0.0004855 0.0018862 0.0074799 0.0074989 0.0073813 0.0107771 0.0002394 0.0007169 0.0007166 0.0002346 0.0072909 0.0035862 0.0110587 0.0111762 0.0012239 0.0007064 0.0004743 0.0000000 0.0007819 0.0002416 0.0002346 0.0004765 0.0004889 0.0087242 0.0070676 0.0073137 0.0068948 0.0068876 0.0070884 0.0066485 0.0068236 0.0074492 0.0070186 0.0025968 0.0069588 0.0094487 0.0073979 0.0030728 0.0031265 0.0009550 0.0004800 0.0014150 0.0035193 0.0095996 0.0004822 0.0039387 0.0029203 0.0007230 0.0131686 0.0029954 0.0040393 0.0030703 0.0004770 0.0004861 0.0004751 0.0004764 0.0000010 0.0018525 0.0009564 0.0002519 0.0004844 0.0007844 0.0004775 0.0007184 0.0004744 0.0004820 0.0070580 0.0004707 0.0084663 
Lhos30470_RYR2    0.0086176 0.0086843 0.0089866 0.0085419 0.0090524 0.0082100 0.0082144 0.0131340 0.0244334 0.0077991 0.0073797 0.0083428 0.0015768 0.0012306 0.0092016 0.0009782 0.0010060 0.0009840 0.0012108 0.0009866 0.0024268 0.0087284 0.0081993 0.0084149 0.0079268 0.0004916 0.0007324 0.0009681 0.0007257 0.0077376 0.0035606 0.0118824 0.0118532 0.0014550 0.0004840 0.0012272 0.0007819 0.0000000 0.0004897 0.0009677 0.0012158 0.0012411 0.0087659 0.0076024 0.0071638 0.0073336 0.0071829 0.0075323 0.0063534 0.0071066 0.0078952 0.0073915 0.0029141 0.0073261 0.0100669 0.0076781 0.0034015 0.0034352 0.0009696 0.0004839 0.0012120 0.0039869 0.0103745 0.0007308 0.0040210 0.0031852 0.0007329 0.0139478 0.0032253 0.0041511 0.0033477 0.0002429 0.0002489 0.0007261 0.0007330 0.0007259 0.0018657 0.0007329 0.0005021 0.0007323 0.0005101 0.0002439 0.0004875 0.0002437 0.0007473 0.0077523 0.0002412 0.0088355 
Lhos452_RYR2      0.0075647 0.0083534 0.0083106 0.0109041 0.0079972 0.0072666 0.0071795 0.0123351 0.0229908 0.0068140 0.0103251 0.0073192 0.0010038 0.0006775 0.0087111 0.0004472 0.0004696 0.0004417 0.0006572 0.0004495 0.0017560 0.0077138 0.0075022 0.0073287 0.0097472 0.0000010 0.0004415 0.0002214 0.0002179 0.0063017 0.0031394 0.0111898 0.0109739 0.0009039 0.0004379 0.0006652 0.0002416 0.0004897 0.0000000 0.0004378 0.0006758 0.0006868 0.0078097 0.0062681 0.0062964 0.0059638 0.0061306 0.0065248 0.0060663 0.0061104 0.0065204 0.0064859 0.0024163 0.0059749 0.0084027 0.0066550 0.0026373 0.0026809 0.0006575 0.0002221 0.0010965 0.0033272 0.0096032 0.0004461 0.0031728 0.0024539 0.0004480 0.0127443 0.0025763 0.0035334 0.0026699 0.0002231 0.0002281 0.0002194 0.0002225 0.0002216 0.0014444 0.0006626 0.0000010 0.0002254 0.0004918 0.0002202 0.0004482 0.0002203 0.0006875 0.0065501 0.0002179 0.0074678 
Lobl_RYR2         0.0086891 0.0089960 0.0087628 0.0115415 0.0084779 0.0079337 0.0077309 0.0156528 0.0229706 0.0072996 0.0109091 0.0106006 0.0009895 0.0006621 0.0093090 0.0008790 0.0009329 0.0008631 0.0038327 0.0008875 0.0050511 0.0077039 0.0076371 0.0074617 0.0105378 0.0004321 0.0008615 0.0008660 0.0038314 0.0068121 0.0033978 0.0131463 0.0112956 0.0013381 0.0038336 0.0006454 0.0002346 0.0009677 0.0004378 0.0000000 0.0006672 0.0006700 0.0083085 0.0067901 0.0068404 0.0112354 0.0064991 0.0068484 0.0067044 0.0065338 0.0070193 0.0068865 0.0056778 0.0065355 0.0089284 0.0070208 0.0059087 0.0030291 0.0010771 0.0006576 0.0016004 0.0037265 0.0125418 0.0008826 0.0040717 0.0028642 0.0008789 0.0133482 0.0030240 0.0081561 0.0031340 0.0006586 0.0006751 0.0006463 0.0006590 0.0002185 0.0017079 0.0010836 0.0004587 0.0006685 0.0009768 0.0006498 0.0008746 0.0006428 0.0006706 0.0068734 0.0022114 0.0081870 
Lobs_RYR2         0.0083670 0.0089997 0.0090288 0.0117490 0.0087226 0.0080460 0.0079115 0.0132226 0.0225400 0.0077018 0.0107581 0.0081152 0.0012429 0.0008998 0.0088644 0.0011284 0.0011814 0.0011290 0.0013358 0.0011414 0.0022318 0.0079758 0.0077410 0.0076054 0.0107219 0.0006791 0.0011218 0.0011275 0.0008896 0.0072934 0.0037009 0.0115894 0.0117465 0.0015960 0.0011126 0.0008975 0.0004765 0.0012158 0.0006758 0.0006672 0.0000000 0.0009163 0.0087903 0.0072554 0.0073159 0.0069616 0.0069144 0.0071036 0.0063866 0.0069138 0.0074856 0.0072184 0.0029035 0.0069831 0.0094586 0.0073919 0.0031286 0.0031801 0.0013362 0.0008961 0.0017828 0.0040768 0.0099777 0.0009059 0.0041000 0.0029669 0.0011299 0.0140475 0.0030395 0.0040421 0.0031374 0.0009010 0.0009276 0.0008917 0.0008978 0.0004506 0.0017470 0.0013468 0.0007043 0.0009032 0.0012273 0.0008973 0.0011304 0.0008977 0.0009159 0.0070762 0.0008897 0.0084908 
LperAUS_RYR2      0.0084030 0.0091192 0.0089592 0.0119457 0.0087463 0.0082452 0.0079358 0.0132810 0.0233002 0.0077415 0.0110206 0.0083792 0.0012490 0.0009172 0.0095774 0.0011373 0.0012010 0.0011243 0.0013412 0.0011507 0.0024642 0.0077123 0.0076796 0.0077357 0.0108140 0.0006701 0.0011168 0.0011386 0.0008933 0.0070371 0.0039923 0.0114002 0.0115516 0.0011485 0.0011172 0.0008940 0.0004889 0.0012411 0.0006868 0.0006700 0.0009163 0.0000000 0.0083888 0.0070564 0.0070385 0.0065380 0.0065100 0.0068463 0.0065573 0.0065039 0.0070716 0.0069906 0.0031387 0.0066783 0.0090753 0.0069865 0.0033647 0.0034374 0.0013505 0.0006826 0.0017907 0.0040849 0.0097834 0.0011613 0.0044397 0.0032395 0.0011388 0.0136327 0.0033633 0.0042824 0.0034748 0.0009147 0.0009265 0.0009043 0.0009124 0.0004544 0.0020370 0.0013484 0.0007100 0.0009174 0.0012434 0.0008984 0.0011229 0.0008933 0.0009148 0.0068192 0.0008935 0.0084297 
Mbid_RYR2         0.0117466 0.0048074 0.0049942 0.0113792 0.0113226 0.0110286 0.0112822 0.0157627 0.0315654 0.0105467 0.0100969 0.0114240 0.0090594 0.0084709 0.0130092 0.0081185 0.0081776 0.0081185 0.0083153 0.0081769 0.0077486 0.0104635 0.0108479 0.0108693 0.0102027 0.0073553 0.0076058 0.0081011 0.0080302 0.0019653 0.0069182 0.0154882 0.0158845 0.0084535 0.0077465 0.0084407 0.0087242 0.0087659 0.0078097 0.0083085 0.0087903 0.0083888 0.0000000 0.0014360 0.0019548 0.0019205 0.0016717 0.0016809 0.0022400 0.0017090 0.0019304 0.0014630 0.0085866 0.0016937 0.0025531 0.0019384 0.0077557 0.0081315 0.0083782 0.0078772 0.0085937 0.0077755 0.0146281 0.0083163 0.0091195 0.0077877 0.0081204 0.0162908 0.0080859 0.0086299 0.0076327 0.0081855 0.0080968 0.0080554 0.0080968 0.0080897 0.0071322 0.0084619 0.0076335 0.0078892 0.0082990 0.0078902 0.0078308 0.0078389 0.0084893 0.0030958 0.0080318 0.0055301 
Mbow_RYR2         0.0093411 0.0035753 0.0042229 0.0130368 0.0093435 0.0092266 0.0091330 0.0133116 0.0275822 0.0083918 0.0121473 0.0093142 0.0076085 0.0070595 0.0106359 0.0066999 0.0066998 0.0066082 0.0070231 0.0070067 0.0063334 0.0092125 0.0094218 0.0090271 0.0119399 0.0061685 0.0061467 0.0066180 0.0065628 0.0015880 0.0061138 0.0126116 0.0128763 0.0075288 0.0063320 0.0070514 0.0070676 0.0076024 0.0062681 0.0067901 0.0072554 0.0070564 0.0014360 0.0000000 0.0011355 0.0008958 0.0011509 0.0013666 0.0012815 0.0007175 0.0011320 0.0012371 0.0067901 0.0009231 0.0028412 0.0011696 0.0067927 0.0069079 0.0071156 0.0067029 0.0070220 0.0062588 0.0116673 0.0065533 0.0076436 0.0065105 0.0067112 0.0138245 0.0065346 0.0077362 0.0062744 0.0064237 0.0065762 0.0066171 0.0067623 0.0067442 0.0065342 0.0070657 0.0065370 0.0068046 0.0068323 0.0066054 0.0068970 0.0065644 0.0069394 0.0018400 0.0065639 0.0039333 
