Supplemental results for CODEML (seqf: /home/leticiamagpali/phd/evol_models/codeml/small_dataset/cml_align/CASQ2_codon_aligned.phy  treef: /home/leticiamagpali/phd/evol_models/codeml/small_dataset/cml_trees/H3_trees/CASQ2_tree_H3.tre)

I	J	ij	2Ns_IJ	pMut_IJ	pSub_IJ	2Ns_JI	pMut_JI	pSub_JI

TTC	TTT	CT	0.69262	0.13114	0.18176	-0.69262	0.26214	0.18176
TTA	TTT	AT	6.15512	0.00008	0.00051	-6.15512	0.03918	0.00051
TTA	TTC	AC	5.46250	0.00012	0.00068	-5.46250	0.02918	0.00068
TTG	TTT	GT	0.81327	0.01663	0.02430	-0.81327	0.03751	0.02430
TTG	TTC	GC	0.12065	0.02476	0.02629	-0.12065	0.02794	0.02629
TTG	TTA	GA	-5.34185	0.11490	0.00295	5.34185	0.00055	0.00295
TCT	TTT	CT	1.91922	0.03846	0.08651	-1.91922	0.26214	0.08651
TCC	TTC	CT	1.67389	0.03661	0.07542	-1.67389	0.19523	0.07542
TCC	TCT	CT	0.44729	0.03661	0.04540	-0.44729	0.05726	0.04540
TCA	TTA	CT	-3.60944	0.02549	0.00256	3.60944	0.00069	0.00256
TCA	TCT	AT	0.62645	0.00457	0.00616	-0.62645	0.00856	0.00616
TCA	TCC	AC	0.17917	0.00681	0.00744	-0.17917	0.00815	0.00744
TCG	TTG	CT	5.00306	0.00093	0.00467	-5.00306	0.13797	0.00467
TCG	TCT	GT	3.89711	0.00017	0.00066	-3.89711	0.00819	0.00066
TCG	TCC	GC	3.44982	0.00025	0.00088	-3.44982	0.00780	0.00088
TCG	TCA	GA	3.27066	0.00115	0.00391	-3.27066	0.03025	0.00391
TAT	TTT	AT	1.22064	0.01156	0.02002	-1.22064	0.03918	0.02002
TAT	TCT	AC	-0.69858	0.01721	0.01189	0.69858	0.00856	0.01189
TAC	TTC	AT	0.55212	0.01680	0.02186	-0.55212	0.02918	0.02186
TAC	TCC	AC	-1.12177	0.02501	0.01355	1.12177	0.00815	0.01355
TAC	TAT	CT	0.02410	0.09361	0.09474	-0.02410	0.09589	0.09474
TGT	TTT	GT	3.80900	0.00083	0.00324	-3.80900	0.03751	0.00324
TGT	TCT	GC	1.88978	0.00124	0.00276	-1.88978	0.00819	0.00276
TGT	TAT	GA	2.58836	0.00575	0.01608	-2.58836	0.07646	0.01608
TGC	TTC	GT	1.96671	0.00391	0.00894	-1.96671	0.02794	0.00894
TGC	TCC	GC	0.29282	0.00582	0.00671	-0.29282	0.00780	0.00671
TGC	TAC	GA	1.41459	0.02700	0.05046	-1.41459	0.11111	0.05046
TGC	TGT	CT	-1.14967	0.02178	0.01161	1.14967	0.00690	0.01161
TGG	TTG	GT	0.60220	0.01081	0.01439	-0.60220	0.01974	0.01439
TGG	TCG	GC	-4.40087	0.01610	0.00088	4.40087	0.00020	0.00088
TGG	TGT	GT	-2.39353	0.01081	0.00260	2.39353	0.00099	0.00260
TGG	TGC	GC	-1.24386	0.01610	0.00811	1.24386	0.00464	0.00811
CTT	TTT	CT	1.68410	0.04866	0.10062	-1.68410	0.26214	0.10062
CTC	TTC	CT	1.14550	0.06210	0.10431	-1.14550	0.19523	0.10431
CTC	CTT	CT	0.15401	0.06210	0.06700	-0.15401	0.07243	0.06700
CTA	TTA	CT	-3.98413	0.03707	0.00280	3.98413	0.00069	0.00280
CTA	CTT	AT	0.48688	0.00665	0.00840	-0.48688	0.01083	0.00840
CTA	CTC	AC	0.33286	0.00990	0.01164	-0.33286	0.01382	0.01164
CTG	TTG	CT	-0.23868	0.17516	0.15509	0.23868	0.13797	0.15509
CTG	CTT	GT	-1.10952	0.03144	0.01716	1.10952	0.01037	0.01716
CTG	CTC	GC	-1.26353	0.04680	0.02330	1.26353	0.01323	0.02330
CTG	CTA	GA	-1.59640	0.21717	0.08810	1.59640	0.04400	0.08810
CCT	TCT	CT	0.47293	0.03568	0.04478	-0.47293	0.05726	0.04478
CCT	CTT	CT	0.70805	0.03568	0.04979	-0.70805	0.07243	0.04979
CCC	TCC	CT	-0.32641	0.07553	0.06388	0.32641	0.05450	0.06388
CCC	CTC	CT	0.20198	0.07553	0.08342	-0.20198	0.09244	0.08342
CCC	CCT	CT	-0.35205	0.07553	0.06302	0.35205	0.05312	0.06302
CCA	TCA	CT	-0.65737	0.07322	0.05177	0.65737	0.03794	0.05177
CCA	CTA	CT	-0.28268	0.07322	0.06336	0.28268	0.05519	0.06336
CCA	CCT	AT	-0.50385	0.01314	0.01011	0.50385	0.00794	0.01011
CCA	CCC	AC	-0.15179	0.01956	0.01811	0.15179	0.01681	0.01811
CCG	TCG	CT	-2.20480	0.01251	0.00342	2.20480	0.00138	0.00342
CCG	CTG	CT	3.03695	0.01251	0.03991	-3.03695	0.26076	0.03991
CCG	CCT	GT	1.21938	0.00225	0.00389	-1.21938	0.00760	0.00389
CCG	CCC	GC	1.57144	0.00334	0.00663	-1.57144	0.01609	0.00663
CCG	CCA	GA	1.72323	0.01551	0.03254	-1.72323	0.08691	0.03254
CAT	TAT	CT	0.88972	0.03939	0.05948	-0.88972	0.09589	0.05948
CAT	CTT	AT	0.42625	0.00707	0.00868	-0.42625	0.01083	0.00868
CAT	CCT	AC	-0.28180	0.01052	0.00911	0.28180	0.00794	0.00911
CAC	TAC	CT	1.33671	0.03661	0.06637	-1.33671	0.13935	0.06637
CAC	CTC	AT	0.74334	0.00657	0.00931	-0.74334	0.01382	0.00931
CAC	CCC	AC	0.54135	0.00978	0.01267	-0.54135	0.01681	0.01267
CAC	CAT	CT	0.47110	0.03661	0.04591	-0.47110	0.05864	0.04591
CAA	CTA	AT	0.29291	0.00615	0.00710	-0.29291	0.00825	0.00710
CAA	CCA	AC	0.57558	0.00916	0.01205	-0.57558	0.01629	0.01205
CAA	CAT	AT	0.35353	0.00615	0.00731	-0.35353	0.00876	0.00731
CAA	CAC	AC	-0.11757	0.00916	0.00863	0.11757	0.00815	0.00863
CAG	CTG	AT	1.02587	0.01397	0.02234	-1.02587	0.03898	0.02234
CAG	CCG	AC	-2.01108	0.02080	0.00646	2.01108	0.00278	0.00646
CAG	CAT	GT	-0.50990	0.01397	0.01071	0.50990	0.00839	0.01071
CAG	CAC	GC	-0.98099	0.02080	0.01224	0.98099	0.00780	0.01224
CAG	CAA	GA	-0.86343	0.09652	0.06077	0.86343	0.04070	0.06077
CGT	TGT	CT	-0.13274	0.00788	0.00737	0.13274	0.00690	0.00737
CGT	CTT	GT	1.99216	0.00141	0.00326	-1.99216	0.01037	0.00326
CGT	CCT	GC	1.28411	0.00210	0.00374	-1.28411	0.00760	0.00374
CGT	CAT	GA	1.56591	0.00977	0.01933	-1.56591	0.04675	0.01933
CGC	TGC	CT	-0.48816	0.05283	0.04098	0.48816	0.03242	0.04098
CGC	CTC	GT	0.33306	0.00948	0.01115	-0.33306	0.01323	0.01115
CGC	CCC	GC	0.13107	0.01411	0.01506	-0.13107	0.01609	0.01506
CGC	CAC	GA	-0.41028	0.06549	0.05298	0.41028	0.04345	0.05298
CGC	CGT	CT	-1.50509	0.05283	0.02269	1.50509	0.01173	0.02269
CGA	CTA	GT	9.14570	0.00000	0.00000	-9.14570	0.00790	0.00001
CGA	CCA	GC	9.42837	0.00000	0.00000	-9.42837	0.01560	0.00001
CGA	CAA	GA	8.85279	0.00000	0.00000	-8.85279	0.04070	0.00005
CGA	CGT	AT	7.64041	0.00000	0.00000	-7.64041	0.00175	0.00001
CGA	CGC	AC	9.14550	0.00000	0.00000	-9.14550	0.01175	0.00001
CGG	TGG	CT	2.00733	0.01205	0.02794	-2.00733	0.08968	0.02794
CGG	CTG	GT	2.84821	0.00216	0.00654	-2.84821	0.03731	0.00654
CGG	CCG	GC	-0.18874	0.00322	0.00292	0.18874	0.00267	0.00292
CGG	CAG	GA	1.82234	0.01494	0.03247	-1.82234	0.09241	0.03247
CGG	CGT	GT	-0.25347	0.00216	0.00190	0.25347	0.00168	0.00190
CGG	CGC	GC	1.25162	0.00322	0.00564	-1.25162	0.01125	0.00564
CGG	CGA	GA	-7.89388	0.01494	0.00004	7.89388	0.00000	0.00000
ATT	TTT	AT	0.63365	0.02079	0.02807	-0.63365	0.03918	0.02807
ATT	CTT	AC	-1.05045	0.03095	0.01749	1.05045	0.01083	0.01749
ATC	TTC	AT	0.17681	0.02445	0.02668	-0.17681	0.02918	0.02668
ATC	CTC	AC	-0.96869	0.03640	0.02157	0.96869	0.01382	0.02157
ATC	ATT	CT	0.23577	0.13624	0.15293	-0.23577	0.17246	0.15293
ATA	TTA	AT	-3.18625	0.00249	0.00034	3.18625	0.00010	0.00034
ATA	CTA	AC	0.79788	0.00371	0.00539	-0.79788	0.00825	0.00539
ATA	ATT	AT	2.33521	0.00249	0.00645	-2.33521	0.02578	0.00645
ATA	ATC	AC	2.09943	0.00371	0.00889	-2.09943	0.03031	0.00889
ATG	TTG	AT	0.67698	0.01048	0.01442	-0.67698	0.02062	0.01442
ATG	CTG	AC	0.91566	0.01560	0.02382	-0.91566	0.03898	0.02382
ATG	ATT	GT	0.85659	0.01048	0.01560	-0.85659	0.02468	0.01560
ATG	ATC	GC	0.62082	0.01560	0.02094	-0.62082	0.02902	0.02094
ATG	ATA	GA	-1.47861	0.07239	0.03160	1.47861	0.01650	0.03160
ACT	TCT	AT	-0.02965	0.00882	0.00869	0.02965	0.00856	0.00869
ACT	CCT	AC	-0.50258	0.01312	0.01010	0.50258	0.00794	0.01010
ACT	ATT	CT	1.25591	0.04912	0.08626	-1.25591	0.17246	0.08626
ACC	TCC	AT	0.14174	0.00707	0.00758	-0.14174	0.00815	0.00758
ACC	CCC	AC	0.46815	0.01052	0.01318	-0.46815	0.01681	0.01318
ACC	ATC	CT	1.63882	0.03939	0.08011	-1.63882	0.20282	0.08011
ACC	ACT	CT	0.61868	0.03939	0.05282	-0.61868	0.07312	0.05282
ACA	TCA	AT	-0.60604	0.01040	0.00756	0.60604	0.00567	0.00756
ACA	CCA	AC	0.05133	0.01548	0.01588	-0.05133	0.01629	0.01588
ACA	ATA	CT	-1.02922	0.05792	0.03314	1.02922	0.02070	0.03314
ACA	ACT	AT	0.05007	0.01040	0.01066	-0.05007	0.01093	0.01066
ACA	ACC	AC	-0.56861	0.01548	0.01149	0.56861	0.00876	0.01149
ACG	TCG	AT	-2.38775	0.00225	0.00054	2.38775	0.00021	0.00054
ACG	CCG	AC	-0.18295	0.00334	0.00305	0.18295	0.00278	0.00305
ACG	ATG	CT	1.93834	0.01251	0.02833	-1.93834	0.08692	0.02833
ACG	ACT	GT	1.53902	0.00225	0.00440	-1.53902	0.01046	0.00440
ACG	ACC	GC	0.92034	0.00334	0.00511	-0.92034	0.00839	0.00511
ACG	ACA	GA	1.48895	0.01551	0.02983	-1.48895	0.06876	0.02983
AAT	TAT	AT	0.33723	0.01023	0.01205	-0.33723	0.01433	0.01205
AAT	CAT	AC	-0.55248	0.01523	0.01141	0.55248	0.00876	0.01141
AAT	ATT	AT	0.92422	0.01023	0.01567	-0.92422	0.02578	0.01567
AAT	ACT	AC	-0.33169	0.01523	0.01284	0.33169	0.01093	0.01284
AAC	TAC	AT	0.26052	0.01605	0.01823	-0.26052	0.02083	0.01823
AAC	CAC	AC	-1.07619	0.02389	0.01330	1.07619	0.00815	0.01330
AAC	ATC	AT	0.63583	0.01605	0.02169	-0.63583	0.03031	0.02169
AAC	ACC	AC	-1.00299	0.02389	0.01388	1.00299	0.00876	0.01388
AAC	AAT	CT	-0.05261	0.08944	0.08710	0.05261	0.08485	0.08710
AAA	CAA	AC	-1.45861	0.03281	0.01450	1.45861	0.00763	0.01450
AAA	ATA	AT	-1.96359	0.02204	0.00707	1.96359	0.00309	0.00707
AAA	ACA	AC	-0.93437	0.03281	0.01983	0.93437	0.01289	0.01983
AAA	AAT	AT	-0.55260	0.02204	0.01651	0.55260	0.01268	0.01651
AAA	AAC	AC	-0.49999	0.03281	0.02529	0.49999	0.01990	0.02529
AAG	CAG	AC	-1.11577	0.05287	0.02875	1.11577	0.01732	0.02875
AAG	ATG	AT	-1.00556	0.03551	0.02060	1.00556	0.01299	0.02060
AAG	ACG	AC	-2.94390	0.05287	0.00865	2.94390	0.00278	0.00865
AAG	AAT	GT	-1.07318	0.03551	0.01980	1.07318	0.01214	0.01980
AAG	AAC	GC	-1.02057	0.05287	0.03040	1.02057	0.01905	0.03040
AAG	AAA	GA	-0.52058	0.24532	0.18698	0.52058	0.14576	0.18698
AGT	TGT	AT	-2.60046	0.01389	0.00290	2.60046	0.00103	0.00290
AGT	CGT	AC	-2.46773	0.02068	0.00473	2.46773	0.00175	0.00473
AGT	ATT	GT	0.57488	0.01389	0.01826	-0.57488	0.02468	0.01826
AGT	ACT	GC	-0.68103	0.02068	0.01443	0.68103	0.01046	0.01443
AGT	AAT	GA	-0.34934	0.09594	0.08016	0.34934	0.06766	0.08016
AGC	TGC	AT	-0.18340	0.00582	0.00530	0.18340	0.00485	0.00530
AGC	CGC	AC	0.30475	0.00867	0.01005	-0.30475	0.01175	0.01005
AGC	ATC	GT	1.60650	0.00582	0.01170	-1.60650	0.02902	0.01170
AGC	ACC	GC	-0.03232	0.00867	0.00853	0.03232	0.00839	0.00853
AGC	AAC	GA	0.97067	0.04022	0.06284	-0.97067	0.10616	0.06284
AGC	AGT	CT	1.26739	0.03244	0.05722	-1.26739	0.11521	0.05722
AGA	CGA	AC	-8.51287	0.00520	0.00001	8.51287	0.00000	0.00000
AGA	ATA	GT	-0.16506	0.00349	0.00321	0.16506	0.00296	0.00321
AGA	ACA	GC	0.86417	0.00520	0.00777	-0.86417	0.01234	0.00777
AGA	AAA	GA	1.79853	0.02413	0.05201	-1.79853	0.14576	0.05201
AGA	AGT	AT	1.59527	0.00349	0.00699	-1.59527	0.01722	0.00699
AGA	AGC	AC	0.32788	0.00520	0.00610	-0.32788	0.00722	0.00610
AGG	TGG	AT	1.03943	0.00474	0.00762	-1.03943	0.01340	0.00762
AGG	CGG	AC	-0.96790	0.00706	0.00418	0.96790	0.00268	0.00418
AGG	ATG	GT	0.96465	0.00474	0.00739	-0.96465	0.01244	0.00739
AGG	ACG	GC	-0.97369	0.00706	0.00417	0.97369	0.00267	0.00417
AGG	AAG	GA	1.97020	0.03275	0.07497	-1.97020	0.23487	0.07497
AGG	AGT	GT	1.24636	0.00474	0.00829	-1.24636	0.01649	0.00829
AGG	AGC	GC	-0.02103	0.00706	0.00698	0.02103	0.00691	0.00698
AGG	AGA	GA	-0.34891	0.03275	0.02737	0.34891	0.02310	0.02737
GTT	TTT	GT	0.88048	0.01555	0.02339	-0.88048	0.03751	0.02339
GTT	CTT	GC	-0.80363	0.02315	0.01508	0.80363	0.01037	0.01508
GTT	ATT	GA	0.24682	0.10743	0.12124	-0.24682	0.13751	0.12124
GTC	TTC	GT	0.70487	0.01381	0.01924	-0.70487	0.02794	0.01924
GTC	CTC	GC	-0.44063	0.02055	0.01636	0.44063	0.01323	0.01636
GTC	ATC	GA	0.52806	0.09537	0.12276	-0.52806	0.16171	0.12276
GTC	GTT	CT	0.51701	0.07692	0.09852	-0.51701	0.12900	0.09852
GTA	TTA	GT	-2.82432	0.00166	0.00030	2.82432	0.00010	0.00030
GTA	CTA	GC	1.15982	0.00248	0.00418	-1.15982	0.00790	0.00418
GTA	ATA	GA	0.36194	0.01149	0.01369	-0.36194	0.01650	0.01369
GTA	GTT	AT	2.45032	0.00166	0.00446	-2.45032	0.01928	0.00446
GTA	GTC	AC	1.93331	0.00248	0.00560	-1.93331	0.01712	0.00560
GTG	TTG	GT	-0.39390	0.02927	0.02389	0.39390	0.01974	0.02389
GTG	CTG	GC	-0.15521	0.04358	0.04029	0.15521	0.03731	0.04029
GTG	ATG	GA	-1.07088	0.20223	0.11291	1.07088	0.06931	0.11291
GTG	GTT	GT	-0.46111	0.02927	0.02304	0.46111	0.01846	0.02304
GTG	GTC	GC	-0.97812	0.04358	0.02569	0.97812	0.01639	0.02569
GTG	GTA	GA	-2.91143	0.20223	0.03387	2.91143	0.01100	0.03387
GCT	TCT	GT	-0.71305	0.01672	0.01146	0.71305	0.00819	0.01146
GCT	CCT	GC	-1.18598	0.02489	0.01298	1.18598	0.00760	0.01298
GCT	ACT	GA	-0.68339	0.11548	0.08048	0.68339	0.05830	0.08048
GCT	GTT	CT	0.32570	0.09314	0.10913	-0.32570	0.12900	0.10913
GCC	TCC	GT	-0.15048	0.00907	0.00840	0.15048	0.00780	0.00840
GCC	CCC	GC	0.17592	0.01350	0.01472	-0.17592	0.01609	0.01472
GCC	ACC	GA	-0.29223	0.06262	0.05392	0.29223	0.04675	0.05392
GCC	GTC	CT	0.81853	0.05051	0.07397	-0.81853	0.11452	0.07397
GCC	GCT	CT	1.00985	0.05051	0.08024	-1.00985	0.13866	0.08024
GCA	TCA	GT	-0.48469	0.00882	0.00685	0.48469	0.00543	0.00685
GCA	CCA	GC	0.17268	0.01312	0.01429	-0.17268	0.01560	0.01429
GCA	ACA	GA	0.12135	0.06090	0.06467	-0.12135	0.06876	0.06467
GCA	GTA	CT	-1.26981	0.04912	0.02436	1.26981	0.01380	0.02436
GCA	GCT	AT	0.85481	0.00882	0.01311	-0.85481	0.02072	0.01311
GCA	GCC	AC	-0.15504	0.01312	0.01213	0.15504	0.01124	0.01213
GCG	TCG	GT	-3.46617	0.00632	0.00071	3.46617	0.00020	0.00071
GCG	CCG	GC	-1.26137	0.00941	0.00469	1.26137	0.00267	0.00469
GCG	ACG	GA	-1.07843	0.04366	0.02427	1.07843	0.01485	0.02427
GCG	GTG	CT	1.93079	0.03522	0.07953	-1.93079	0.24283	0.07953
GCG	GCT	GT	1.14399	0.00632	0.01061	-1.14399	0.01984	0.01061
GCG	GCC	GC	0.13414	0.00941	0.01005	-0.13414	0.01076	0.01005
GCG	GCA	GA	0.28918	0.04366	0.05028	-0.28918	0.05830	0.05028
GAT	TAT	GT	-1.49126	0.06096	0.02641	1.49126	0.01372	0.02641
GAT	CAT	GC	-2.38097	0.09075	0.02201	2.38097	0.00839	0.02201
GAT	AAT	GA	-1.82849	0.42112	0.14739	1.82849	0.06766	0.14739
GAT	GTT	AT	-1.15109	0.06096	0.03246	1.15109	0.01928	0.03246
GAT	GCT	AC	-1.47679	0.09075	0.03966	1.47679	0.02072	0.03966
GAC	TAC	GT	-1.27259	0.07119	0.03525	1.27259	0.01994	0.03525
GAC	CAC	GC	-2.60930	0.10598	0.02197	2.60930	0.00780	0.02197
GAC	AAC	GA	-1.53311	0.49179	0.20756	1.53311	0.10616	0.20756
GAC	GTC	AT	-1.42534	0.07119	0.03212	1.42534	0.01712	0.03212
GAC	GCC	AC	-2.24387	0.10598	0.02821	2.24387	0.01124	0.02821
GAC	GAT	CT	0.24277	0.39667	0.44676	-0.24277	0.50566	0.44676
GAA	CAA	GC	-2.01824	0.05497	0.01700	2.01824	0.00731	0.01700
GAA	AAA	GA	-0.55962	0.25508	0.19033	0.55962	0.14576	0.19033
GAA	GTA	AT	-2.88515	0.03693	0.00630	2.88515	0.00206	0.00630
GAA	GCA	AC	-1.61533	0.05497	0.02204	1.61533	0.01093	0.02204
GAA	GAT	AT	0.71626	0.03693	0.05172	-0.71626	0.07558	0.05172
GAA	GAC	AC	0.47350	0.05497	0.06901	-0.47350	0.08826	0.06901
GAG	CAG	GC	-1.83948	0.10437	0.03627	1.83948	0.01658	0.03627
GAG	AAG	GA	-0.72371	0.48432	0.33002	0.72371	0.23487	0.33002
GAG	GTG	AT	-0.65839	0.07011	0.04954	0.65839	0.03629	0.04954
GAG	GCG	AC	-2.58918	0.10437	0.02194	2.58918	0.00784	0.02194
GAG	GAT	GT	0.03159	0.07011	0.07122	-0.03159	0.07236	0.07122
GAG	GAC	GC	-0.21117	0.10437	0.09374	0.21117	0.08450	0.09374
GAG	GAA	GA	-0.68467	0.48432	0.33729	0.68467	0.24422	0.33729
GGT	TGT	GT	-1.55135	0.00466	0.00194	1.55135	0.00099	0.00194
GGT	CGT	GC	-1.41862	0.00693	0.00314	1.41862	0.00168	0.00314
GGT	AGT	GA	1.04911	0.03217	0.05195	-1.04911	0.09186	0.05195
GGT	GTT	GT	1.37717	0.00466	0.00858	-1.37717	0.01846	0.00858
GGT	GCT	GC	1.05148	0.00693	0.01121	-1.05148	0.01984	0.01121
GGT	GAT	GA	2.52827	0.03217	0.08840	-2.52827	0.40318	0.08840
GGC	TGC	GT	-0.76593	0.00998	0.00664	0.76593	0.00464	0.00664
GGC	CGC	GC	-0.27777	0.01486	0.01289	0.27777	0.01125	0.01289
GGC	AGC	GA	-0.58253	0.06894	0.05080	0.58253	0.03850	0.05080
GGC	GTC	GT	0.49591	0.00998	0.01266	-0.49591	0.01639	0.01266
GGC	GCC	GC	-0.32262	0.01486	0.01259	0.32262	0.01076	0.01259
GGC	GAC	GA	1.92125	0.06894	0.15518	-1.92125	0.47084	0.15518
GGC	GGT	CT	-0.36425	0.05561	0.04609	0.36425	0.03863	0.04609
GGA	CGA	GC	-8.84408	0.00693	0.00001	8.84408	0.00000	0.00000
GGA	AGA	GA	-0.33121	0.03217	0.02714	0.33121	0.02310	0.02714
GGA	GTA	GT	-0.85820	0.00466	0.00294	0.85820	0.00197	0.00294
GGA	GCA	GC	0.41161	0.00693	0.00846	-0.41161	0.01046	0.00846
GGA	GAA	GA	2.02694	0.03217	0.07511	-2.02694	0.24422	0.07511
GGA	GGT	AT	0.21494	0.00466	0.00518	-0.21494	0.00577	0.00518
GGA	GGC	AC	0.57919	0.00693	0.00913	-0.57919	0.01237	0.00913
GGG	TGG	GT	0.23493	0.01015	0.01138	-0.23493	0.01283	0.01138
GGG	CGG	GC	-1.77240	0.01510	0.00548	1.77240	0.00257	0.00548
GGG	AGG	GA	-0.80450	0.07009	0.04564	0.80450	0.03135	0.04564
GGG	GTG	GT	1.23103	0.01015	0.01764	-1.23103	0.03475	0.01764
GGG	GCG	GC	-0.69977	0.01510	0.01043	0.69977	0.00750	0.01043
GGG	GAG	GA	1.88942	0.07009	0.15601	-1.88942	0.46369	0.15601
GGG	GGT	GT	-0.60725	0.01015	0.00738	0.60725	0.00553	0.00738
GGG	GGC	GC	-0.24301	0.01510	0.01334	0.24301	0.01185	0.01334
GGG	GGA	GA	-0.82220	0.07009	0.04518	0.82220	0.03080	0.04518


Histograms
2Ns	FMut	FSub(CodonUsage)	FSubw(after w)

-8.97940	0.00359	0.00001
-8.08146	0.00095	0.00000
-7.18352	0.00000	0.00000
-6.28558	0.00170	0.00003
-5.38764	0.01221	0.00046
-4.48970	0.00070	0.00005
-3.59176	0.00672	0.00083
-2.69382	0.06345	0.01589
-1.79588	0.23410	0.10859
-0.89794	0.27566	0.22808
0.00000	0.23149	0.29214
0.89794	0.12455	0.22808
1.79588	0.04027	0.10859
2.69382	0.00436	0.01589
3.59176	0.00018	0.00083
4.48970	0.00001	0.00005
5.38764	0.00007	0.00046
6.28558	0.00000	0.00003
7.18352	0.00000	0.00000
8.08146	0.00000	0.00000
8.97940	0.00000	0.00000

Proportion of advantageous (S > 0) mutations:
 0.27157

Proportions of good & bad mutations (|S| > 2.0000) among mutations:
0.00768  0.11350

mean |Ns| = 1.18996	mean Ns+ = 0.74245	mean Ns- = -1.35680


MLEs of dN/dS (w) for site classes (K=4)

site class             0        1       2a       2b
proportion       0.87757  0.05664  0.06180  0.00399
background w     0.12911  3.08015  0.12911  3.08015
foreground w     0.12911  3.08015  4.38087  4.38087

Naive Empirical Bayes (NEB) probabilities for 4 classes
(amino acids refer to 1st sequence: Bbon)

   1 M   0.97786 0.00463 0.01730 0.00022 ( 1)
   2 K   0.69995 0.26211 0.02320 0.01474 ( 1)
   3 R   0.58413 0.05446 0.35779 0.00362 ( 1)
   4 T   0.97629 0.00518 0.01828 0.00025 ( 1)
   5 H   0.91154 0.07223 0.01307 0.00315 ( 1)
   6 L   0.90761 0.03856 0.05128 0.00254 ( 1)
   7 F   0.93260 0.02467 0.04121 0.00151 ( 1)
   8 V   0.94099 0.02040 0.03740 0.00121 ( 1)
   9 M   0.65318 0.30287 0.02596 0.01800 ( 1)
  10 A   0.51691 0.08726 0.38966 0.00618 ( 1)
  11 V   0.96730 0.00850 0.02376 0.00044 ( 1)
  12 Y   0.94550 0.01820 0.03524 0.00106 ( 1)
  13 L   0.90761 0.03856 0.05128 0.00254 ( 1)
  14 L   0.90761 0.03856 0.05128 0.00254 ( 1)
  15 S   0.97863 0.00440 0.01677 0.00020 ( 1)
  16 S   0.97863 0.00440 0.01677 0.00020 ( 1)
  17 C   0.98509 0.00247 0.01234 0.00010 ( 1)
  18 R   0.98531 0.00242 0.01217 0.00010 ( 1)
  19 A   0.95726 0.01272 0.02932 0.00070 ( 1)
  20 E   0.34895 0.17963 0.45638 0.01503 ( 3)
  21 E   0.93992 0.02090 0.03793 0.00125 ( 1)
  22 G   0.97520 0.00558 0.01896 0.00027 ( 1)
  23 L   0.91306 0.03678 0.04780 0.00237 ( 1)
  24 N   0.56541 0.07380 0.35584 0.00495 ( 1)
  25 F   0.94468 0.01858 0.03566 0.00109 ( 1)
  26 P   0.95429 0.01403 0.03089 0.00078 ( 1)
  27 T   0.97629 0.00518 0.01828 0.00025 ( 1)
  28 Y   0.94698 0.01751 0.03450 0.00101 ( 1)
  29 D   0.93235 0.02479 0.04134 0.00152 ( 1)
  30 G   0.97644 0.00514 0.01818 0.00024 ( 1)
  31 K   0.72868 0.23401 0.02415 0.01317 ( 1)
  32 D   0.93297 0.02461 0.04091 0.00151 ( 1)
  33 R   0.95546 0.01368 0.03010 0.00076 ( 1)
  34 V   0.94213 0.01976 0.03694 0.00117 ( 1)
  35 V   0.96801 0.00837 0.02320 0.00043 ( 1)
  36 S   0.95051 0.01596 0.03262 0.00091 ( 1)
  37 L   0.94584 0.01826 0.03483 0.00106 ( 1)
  38 T   0.97689 0.00510 0.01777 0.00024 ( 1)
  39 E   0.94058 0.02073 0.03745 0.00123 ( 1)
  40 K   0.95361 0.01453 0.03105 0.00081 ( 1)
  41 N   0.97612 0.00534 0.01828 0.00025 ( 1)
  42 F   0.94536 0.01840 0.03516 0.00107 ( 1)
  43 K   0.95361 0.01453 0.03105 0.00081 ( 1)
  44 Q   0.94084 0.02077 0.03716 0.00123 ( 1)
  45 V   0.96766 0.00850 0.02341 0.00043 ( 1)
  46 L   0.27748 0.22573 0.47634 0.02045 ( 3)
  47 K   0.95361 0.01453 0.03105 0.00081 ( 1)
  48 K   0.95454 0.01410 0.03057 0.00079 ( 1)
  49 Y   0.37186 0.16541 0.44921 0.01352 ( 3)
  50 D   0.93297 0.02461 0.04091 0.00151 ( 1)
  51 L   0.92146 0.03110 0.04547 0.00197 ( 1)
  52 L   0.97161 0.00719 0.02085 0.00035 ( 1)
  53 C   0.98616 0.00218 0.01158 0.00009 ( 1)
  54 L   0.97165 0.00714 0.02085 0.00035 ( 1)
  55 Y   0.94576 0.01844 0.03473 0.00107 ( 1)
  56 Y   0.37168 0.16856 0.44603 0.01374 ( 3)
  57 H   0.96954 0.00797 0.02209 0.00040 ( 1)
  58 E   0.94016 0.02115 0.03744 0.00126 ( 1)
  59 P   0.95460 0.01426 0.03034 0.00079 ( 1)
  60 V   0.62205 0.33380 0.02439 0.01976 ( 1)
  61 S   0.97516 0.00587 0.01869 0.00028 ( 1)
  62 S   0.96978 0.01039 0.01933 0.00050 ( 1)
  63 D   0.92721 0.02787 0.04319 0.00174 ( 1)
  64 K   0.95414 0.01449 0.03056 0.00081 ( 1)
  65 A   0.15132 0.80404 0.00363 0.04102 ( 2)
  66 A   0.00739 0.73790 0.18136 0.07336 ( 2)
  67 Q   0.94042 0.02118 0.03714 0.00125 ( 1)
  68 K   0.95414 0.01449 0.03056 0.00081 ( 1)
  69 Q   0.12204 0.20898 0.64714 0.02184 ( 3)
  70 F   0.38369 0.16895 0.43382 0.01353 ( 3)
  71 Q   0.94156 0.02072 0.03650 0.00122 ( 1)
  72 M   0.00214 0.91487 0.00322 0.07977 ( 2)
  73 K   0.95414 0.01449 0.03056 0.00081 ( 1)
  74 E   0.94303 0.02001 0.03579 0.00117 ( 1)
  75 I   0.94598 0.01858 0.03437 0.00107 ( 1)
  76 V   0.94962 0.01865 0.03069 0.00104 ( 1)
  77 L   0.90731 0.03911 0.05100 0.00258 ( 1)
  78 E   0.93961 0.02169 0.03742 0.00129 ( 1)
  79 F   0.92209 0.02762 0.04850 0.00178 ( 1)
  80 D   0.52672 0.41724 0.02881 0.02724 ( 1)
  81 E   0.93131 0.02231 0.04498 0.00140 ( 1)
  82 E   0.93131 0.02231 0.04498 0.00140 ( 1)
  83 G   0.96136 0.00771 0.03050 0.00043 ( 1)
  84 S   0.93699 0.01920 0.04263 0.00119 ( 1)
  85 L   0.90128 0.04062 0.05535 0.00275 ( 1)
  86 Y   0.93440 0.02062 0.04370 0.00128 ( 1)
  87 V   0.74649 0.21364 0.02750 0.01237 ( 1)
  88 L   0.95730 0.00961 0.03255 0.00054 ( 1)
  89 K   0.93975 0.01775 0.04142 0.00108 ( 1)
  90 G   0.97537 0.00302 0.02146 0.00015 ( 1)
  91 D   0.91738 0.03045 0.05018 0.00199 ( 1)
  92 R   0.94145 0.01685 0.04067 0.00102 ( 1)
  93 T   0.93930 0.01797 0.04162 0.00110 ( 1)
  94 I   0.93998 0.01762 0.04133 0.00108 ( 1)
  95 E   0.92839 0.02396 0.04614 0.00152 ( 1)
  96 F   0.92209 0.02762 0.04850 0.00178 ( 1)
  97 D   0.91738 0.03045 0.05018 0.00199 ( 1)
  98 G   0.96252 0.00726 0.02983 0.00040 ( 1)
  99 E   0.92839 0.02396 0.04614 0.00152 ( 1)
 100 F   0.92209 0.02762 0.04850 0.00178 ( 1)
 101 A   0.94671 0.01506 0.03734 0.00089 ( 1)
 102 A   0.94346 0.01583 0.03976 0.00095 ( 1)
 103 D   0.91738 0.03045 0.05018 0.00199 ( 1)
 104 V   0.95329 0.01112 0.03494 0.00064 ( 1)
 105 L   0.91210 0.03376 0.05191 0.00223 ( 1)
 106 V   0.92925 0.02348 0.04579 0.00148 ( 1)
 107 E   0.92839 0.02396 0.04614 0.00152 ( 1)
 108 F   0.92219 0.02752 0.04851 0.00178 ( 1)
 109 L   0.95724 0.00939 0.03283 0.00053 ( 1)
 110 L   0.91210 0.03376 0.05191 0.00223 ( 1)
 111 D   0.92110 0.02853 0.04853 0.00184 ( 1)
 112 L   0.81058 0.16322 0.01805 0.00815 ( 1)
 113 I   0.41203 0.15472 0.42126 0.01198 ( 3)
 114 E   0.94208 0.02045 0.03627 0.00120 ( 1)
 115 D   0.93114 0.02598 0.04128 0.00160 ( 1)
 116 P   0.94924 0.01763 0.03213 0.00100 ( 1)
 117 V   0.94099 0.02040 0.03740 0.00121 ( 1)
 118 E   0.93992 0.02090 0.03793 0.00125 ( 1)
 119 I   0.94625 0.01780 0.03491 0.00104 ( 1)
 120 I   0.94625 0.01780 0.03491 0.00104 ( 1)
 121 N   0.86228 0.11554 0.01665 0.00552 ( 1)
 122 S   0.98012 0.00393 0.01578 0.00018 ( 1)
 123 K   0.95383 0.01426 0.03111 0.00080 ( 1)
 124 L   0.90761 0.03856 0.05129 0.00254 ( 1)
 125 E   0.94332 0.01923 0.03632 0.00113 ( 1)
 126 V   0.96730 0.00850 0.02376 0.00044 ( 1)
 127 Q   0.94134 0.02048 0.03698 0.00121 ( 1)
 128 A   0.96953 0.00764 0.02245 0.00039 ( 1)
 129 F   0.93260 0.02467 0.04121 0.00151 ( 1)
 130 E   0.93992 0.02090 0.03793 0.00125 ( 1)
 131 R   0.95474 0.01385 0.03064 0.00077 ( 1)
 132 I   0.95309 0.01459 0.03150 0.00082 ( 1)
 133 E   0.93992 0.02090 0.03793 0.00125 ( 1)
 134 D   0.93235 0.02479 0.04134 0.00152 ( 1)
 135 H   0.96916 0.00779 0.02265 0.00039 ( 1)
 136 I   0.94625 0.01780 0.03491 0.00104 ( 1)
 137 K   0.95383 0.01426 0.03111 0.00080 ( 1)
 138 L   0.97126 0.00697 0.02142 0.00035 ( 1)
 139 I   0.94649 0.01757 0.03492 0.00102 ( 1)
 140 G   0.97644 0.00514 0.01818 0.00024 ( 1)
 141 F   0.93260 0.02467 0.04121 0.00151 ( 1)
 142 F   0.94468 0.01858 0.03566 0.00109 ( 1)
 143 K   0.95289 0.01470 0.03158 0.00083 ( 1)
 144 S   0.94981 0.01613 0.03314 0.00092 ( 1)
 145 E   0.93989 0.02093 0.03792 0.00125 ( 1)
 146 D   0.93235 0.02479 0.04134 0.00152 ( 1)
 147 S   0.95498 0.01382 0.03044 0.00077 ( 1)
 148 -   0.93637 0.02439 0.03778 0.00146 ( 1)
 149 -   0.58471 0.36725 0.02559 0.02245 ( 1)
 150 Y   0.94496 0.01923 0.03470 0.00112 ( 1)
 151 K   0.95242 0.01569 0.03101 0.00088 ( 1)
 152 A   0.95648 0.01382 0.02894 0.00076 ( 1)
 153 F   0.93201 0.02568 0.04073 0.00157 ( 1)
 154 E   0.94277 0.02026 0.03578 0.00119 ( 1)
 155 E   0.93935 0.02194 0.03741 0.00131 ( 1)
 156 A   0.95684 0.01367 0.02874 0.00075 ( 1)
 157 A   0.95648 0.01382 0.02894 0.00076 ( 1)
 158 E   0.94277 0.02026 0.03578 0.00119 ( 1)
 159 H   0.96892 0.00857 0.02207 0.00043 ( 1)
 160 F   0.94414 0.01961 0.03512 0.00114 ( 1)
 161 Q   0.93961 0.02198 0.03711 0.00130 ( 1)
 162 P   0.97860 0.00492 0.01625 0.00022 ( 1)
 163 Y   0.94496 0.01923 0.03470 0.00112 ( 1)
 164 I   0.94572 0.01883 0.03436 0.00109 ( 1)
 165 K   0.95337 0.01525 0.03054 0.00085 ( 1)
 166 F   0.93201 0.02568 0.04073 0.00157 ( 1)
 167 F   0.93201 0.02568 0.04073 0.00157 ( 1)
 168 A   0.95648 0.01382 0.02894 0.00076 ( 1)
 169 T   0.97470 0.00635 0.01865 0.00030 ( 1)
 170 F   0.94414 0.01961 0.03512 0.00114 ( 1)
 171 D   0.93176 0.02580 0.04086 0.00158 ( 1)
 172 K   0.95337 0.01525 0.03054 0.00085 ( 1)
 173 G   0.97507 0.00623 0.01840 0.00030 ( 1)
 174 V   0.96288 0.01275 0.02371 0.00066 ( 1)
 175 A   0.95267 0.01735 0.02902 0.00095 ( 1)
 176 K   0.94818 0.01946 0.03127 0.00109 ( 1)
 177 K   0.94914 0.01900 0.03080 0.00106 ( 1)
 178 L   0.91709 0.03516 0.04552 0.00223 ( 1)
 179 S   0.97564 0.00746 0.01656 0.00034 ( 1)
 180 L   0.91709 0.03516 0.04552 0.00223 ( 1)
 181 K   0.94818 0.01946 0.03127 0.00109 ( 1)
 182 M   0.97479 0.00776 0.01709 0.00036 ( 1)
 183 N   0.98111 0.00536 0.01330 0.00023 ( 1)
 184 E   0.93514 0.02573 0.03759 0.00154 ( 1)
 185 V   0.96288 0.01275 0.02371 0.00066 ( 1)
 186 D   0.92774 0.02945 0.04101 0.00181 ( 1)
 187 F   0.93987 0.02343 0.03533 0.00137 ( 1)
 188 Y   0.94216 0.02238 0.03417 0.00129 ( 1)
 189 E   0.93514 0.02573 0.03759 0.00154 ( 1)
 190 P   0.93935 0.02363 0.03564 0.00139 ( 1)
 191 F   0.92798 0.02934 0.04088 0.00180 ( 1)
 192 M   0.97479 0.00776 0.01709 0.00036 ( 1)
 193 D   0.92755 0.02963 0.04100 0.00182 ( 1)
 194 E   0.93514 0.02573 0.03759 0.00154 ( 1)
 195 P   0.94961 0.01876 0.03059 0.00105 ( 1)
 196 I   0.94838 0.01935 0.03119 0.00109 ( 1)
 197 A   0.96565 0.01157 0.02219 0.00058 ( 1)
 198 I   0.94145 0.02266 0.03458 0.00132 ( 1)
 199 P   0.96316 0.01251 0.02369 0.00064 ( 1)
 200 D   0.92709 0.02966 0.04143 0.00183 ( 1)
 201 K   0.64978 0.31125 0.02147 0.01750 ( 1)
 202 P   0.94883 0.01898 0.03112 0.00107 ( 1)
 203 Y   0.93995 0.02328 0.03542 0.00136 ( 1)
 204 T   0.94685 0.01993 0.03209 0.00113 ( 1)
 205 E   0.93778 0.02431 0.03648 0.00144 ( 1)
 206 E   0.57088 0.38292 0.02326 0.02294 ( 1)
 207 E   0.93422 0.02616 0.03806 0.00157 ( 1)
 208 L   0.96714 0.01092 0.02141 0.00054 ( 1)
 209 V   0.93527 0.02566 0.03753 0.00153 ( 1)
 210 E   0.57343 0.38042 0.02336 0.02279 ( 1)
 211 F   0.92723 0.02964 0.04130 0.00182 ( 1)
 212 V   0.93443 0.02649 0.03750 0.00158 ( 1)
 213 K   0.94632 0.02075 0.03176 0.00117 ( 1)
 214 E   0.93338 0.02698 0.03802 0.00162 ( 1)
 215 H   0.97873 0.00657 0.01441 0.00029 ( 1)
 216 Q   0.93484 0.02652 0.03707 0.00157 ( 1)
 217 -   0.93562 0.01754 0.04573 0.00111 ( 1)
 218 -   0.91394 0.03110 0.05290 0.00206 ( 1)
 219 -   0.92981 0.02122 0.04761 0.00136 ( 1)
 220 -   0.91986 0.03108 0.04707 0.00199 ( 1)
 221 -   0.43209 0.13305 0.42471 0.01015 ( 1)
 222 -   0.92715 0.02725 0.04390 0.00170 ( 1)
 223 -   0.90249 0.04136 0.05339 0.00276 ( 1)
 224 -   0.92715 0.02725 0.04390 0.00170 ( 1)
 225 -   0.91871 0.03187 0.04737 0.00205 ( 1)
 226 -   0.91803 0.03228 0.04762 0.00207 ( 1)
 227 -   0.90645 0.03894 0.05203 0.00258 ( 1)
 228 -   0.95031 0.01547 0.03334 0.00088 ( 1)
 229 -   0.91025 0.03672 0.05062 0.00241 ( 1)
 230 -   0.91705 0.03254 0.04831 0.00210 ( 1)
 231 -   0.92516 0.02832 0.04473 0.00178 ( 1)
 232 -   0.90306 0.04098 0.05322 0.00274 ( 1)
 233 E   0.94400 0.01905 0.03583 0.00112 ( 1)
 234 D   0.92761 0.02747 0.04321 0.00171 ( 1)
 235 D   0.92761 0.02747 0.04321 0.00171 ( 1)
 236 L   0.92168 0.03089 0.04548 0.00195 ( 1)
 237 N   0.97609 0.00537 0.01828 0.00025 ( 1)
 238 G   0.97586 0.00547 0.01842 0.00026 ( 1)
 239 I   0.94695 0.01763 0.03440 0.00102 ( 1)
 240 H   0.98319 0.00309 0.01359 0.00013 ( 1)
 241 I   0.95380 0.01442 0.03097 0.00081 ( 1)
 242 V   0.94166 0.02022 0.03692 0.00120 ( 1)
 243 A   0.97023 0.00751 0.02189 0.00038 ( 1)
 244 F   0.93494 0.02400 0.03961 0.00146 ( 1)
 245 A   0.97071 0.00696 0.02198 0.00035 ( 1)
 246 E   0.94058 0.02073 0.03745 0.00123 ( 1)
 247 R   0.98579 0.00242 0.01170 0.00010 ( 1)
 248 S   0.95051 0.01596 0.03262 0.00091 ( 1)
 249 D   0.92761 0.02747 0.04321 0.00171 ( 1)
 250 P   0.94485 0.01859 0.03547 0.00109 ( 1)
 251 D   0.92704 0.02763 0.04360 0.00173 ( 1)
 252 G   0.97644 0.00514 0.01818 0.00024 ( 1)
 253 Y   0.94642 0.01786 0.03469 0.00103 ( 1)
 254 E   0.93992 0.02090 0.03793 0.00125 ( 1)
 255 F   0.94468 0.01858 0.03566 0.00109 ( 1)
 256 L   0.90761 0.03856 0.05128 0.00254 ( 1)
 257 E   0.93992 0.02090 0.03793 0.00125 ( 1)
 258 I   0.94625 0.01780 0.03491 0.00103 ( 1)
 259 L   0.90761 0.03856 0.05128 0.00254 ( 1)
 260 K   0.95289 0.01470 0.03158 0.00083 ( 1)
 261 Q   0.94013 0.02100 0.03762 0.00125 ( 1)
 262 V   0.96695 0.00863 0.02397 0.00045 ( 1)
 263 A   0.95690 0.01287 0.02952 0.00071 ( 1)
 264 R   0.98640 0.00203 0.01149 0.00008 ( 1)
 265 D   0.93235 0.02479 0.04134 0.00152 ( 1)
 266 N   0.97543 0.00548 0.01882 0.00026 ( 1)
 267 T   0.98065 0.00329 0.01590 0.00015 ( 1)
 268 D   0.93235 0.02479 0.04134 0.00152 ( 1)
 269 N   0.97543 0.00548 0.01882 0.00026 ( 1)
 270 P   0.96794 0.00825 0.02338 0.00042 ( 1)
 271 D   0.93235 0.02479 0.04134 0.00152 ( 1)
 272 L   0.91587 0.03475 0.04716 0.00223 ( 1)
 273 S   0.98012 0.00393 0.01578 0.00018 ( 1)
 274 I   0.94635 0.01771 0.03491 0.00103 ( 1)
 275 V   0.90205 0.08205 0.01238 0.00353 ( 1)
 276 W   0.92198 0.03049 0.04560 0.00193 ( 1)
 277 I   0.94625 0.01780 0.03491 0.00103 ( 1)
 278 D   0.93235 0.02479 0.04134 0.00152 ( 1)
 279 P   0.94417 0.01877 0.03597 0.00110 ( 1)
 280 D   0.92729 0.02739 0.04361 0.00171 ( 1)
 281 D   0.93235 0.02479 0.04134 0.00152 ( 1)
 282 F   0.93260 0.02467 0.04121 0.00151 ( 1)
 283 P   0.96794 0.00825 0.02338 0.00042 ( 1)
 284 L   0.90761 0.03856 0.05128 0.00254 ( 1)
 285 L   0.97246 0.00667 0.02054 0.00033 ( 1)
 286 V   0.96766 0.00850 0.02341 0.00043 ( 1)
 287 A   0.96990 0.00783 0.02188 0.00039 ( 1)
 288 Y   0.94765 0.01736 0.03399 0.00100 ( 1)
 289 W   0.92250 0.03033 0.04525 0.00192 ( 1)
 290 E   0.94400 0.01905 0.03583 0.00112 ( 1)
 291 K   0.95361 0.01453 0.03105 0.00081 ( 1)
 292 T   0.97549 0.00558 0.01866 0.00027 ( 1)
 293 F   0.94536 0.01840 0.03516 0.00107 ( 1)
 294 K   0.95361 0.01453 0.03105 0.00081 ( 1)
 295 I   0.95380 0.01442 0.03097 0.00081 ( 1)
 296 D   0.93297 0.02461 0.04091 0.00151 ( 1)
 297 L   0.94584 0.01826 0.03483 0.00106 ( 1)
 298 F   0.94536 0.01840 0.03516 0.00107 ( 1)
 299 K   0.95361 0.01453 0.03105 0.00081 ( 1)
 300 P   0.94495 0.01849 0.03547 0.00108 ( 1)
 301 Q   0.94084 0.02077 0.03716 0.00123 ( 1)
 302 I   0.95380 0.01442 0.03097 0.00081 ( 1)
 303 G   0.97602 0.00541 0.01831 0.00026 ( 1)
 304 V   0.94166 0.02022 0.03692 0.00120 ( 1)
 305 V   0.94166 0.02022 0.03692 0.00120 ( 1)
 306 N   0.98406 0.00284 0.01298 0.00012 ( 1)
 307 V   0.96766 0.00850 0.02341 0.00043 ( 1)
 308 T   0.95306 0.01476 0.03135 0.00083 ( 1)
 309 D   0.92761 0.02747 0.04321 0.00171 ( 1)
 310 A   0.95762 0.01271 0.02897 0.00070 ( 1)
 311 D   0.93297 0.02461 0.04091 0.00151 ( 1)
 312 S   0.95051 0.01596 0.03262 0.00091 ( 1)
 313 V   0.96801 0.00837 0.02320 0.00043 ( 1)
 314 W   0.92250 0.03033 0.04525 0.00192 ( 1)
 315 M   0.97850 0.00453 0.01676 0.00021 ( 1)
 316 E   0.94057 0.02074 0.03745 0.00123 ( 1)
 317 I   0.95380 0.01442 0.03097 0.00081 ( 1)
 318 P   0.94715 0.01781 0.03401 0.00103 ( 1)
 319 D   0.29900 0.21088 0.47145 0.01868 ( 3)
 320 G   0.98785 0.00181 0.01027 0.00007 ( 1)
 321 D   0.92761 0.02747 0.04321 0.00171 ( 1)
 322 D   0.12551 0.21264 0.63830 0.02355 ( 3)
 323 L   0.90798 0.03844 0.05104 0.00253 ( 1)
 324 P   0.95501 0.01387 0.03036 0.00077 ( 1)
 325 T   0.95306 0.01476 0.03135 0.00083 ( 1)
 326 A   0.95762 0.01271 0.02897 0.00070 ( 1)
 327 E   0.94058 0.02073 0.03745 0.00123 ( 1)
 328 E   0.94058 0.02073 0.03745 0.00123 ( 1)
 329 L   0.90798 0.03844 0.05104 0.00253 ( 1)
 330 E   0.94400 0.01905 0.03583 0.00112 ( 1)
 331 D   0.93297 0.02461 0.04091 0.00151 ( 1)
 332 W   0.92250 0.03033 0.04525 0.00192 ( 1)
 333 I   0.41514 0.14363 0.43003 0.01120 ( 3)
 334 E   0.94058 0.02073 0.03745 0.00123 ( 1)
 335 D   0.92801 0.02732 0.04296 0.00170 ( 1)
 336 V   0.94166 0.02022 0.03692 0.00120 ( 1)
 337 L   0.97246 0.00667 0.02054 0.00033 ( 1)
 338 S   0.97534 0.00569 0.01870 0.00027 ( 1)
 339 G   0.97586 0.00547 0.01842 0.00026 ( 1)
 340 K   0.95361 0.01453 0.03105 0.00081 ( 1)
 341 I   0.98953 0.00142 0.00899 0.00005 ( 1)
 342 N   0.57234 0.07325 0.34955 0.00486 ( 1)
 343 T   0.97549 0.00558 0.01866 0.00027 ( 1)
 344 E   0.94079 0.02053 0.03746 0.00122 ( 1)
 345 D   0.92828 0.02688 0.04316 0.00168 ( 1)
 346 D   0.92708 0.02763 0.04356 0.00173 ( 1)
 347 D   0.93241 0.02477 0.04130 0.00152 ( 1)
 348 N   0.00063 0.95639 0.00001 0.04296 ( 2)
 349 E   0.94323 0.01937 0.03627 0.00114 ( 1)
 350 D   0.92709 0.02762 0.04356 0.00173 ( 1)
 351 E   0.94338 0.01921 0.03627 0.00113 ( 1)
 352 E   0.06819 0.78749 0.08041 0.06391 ( 2)
 353 D   0.92709 0.02762 0.04356 0.00173 ( 1)
 354 E   0.94338 0.01921 0.03627 0.00113 ( 1)
 355 E   0.93998 0.02089 0.03788 0.00125 ( 1)
 356 D   0.92732 0.02743 0.04353 0.00172 ( 1)
 357 D   0.93297 0.02461 0.04091 0.00151 ( 1)
 358 D   0.35223 0.19523 0.43636 0.01618 ( 3)
 359 D   0.93291 0.02467 0.04091 0.00151 ( 1)
 360 N   0.43322 0.10544 0.45305 0.00829 ( 3)
 361 -   0.46126 0.48520 0.02264 0.03089 ( 2)
 362 D   0.30092 0.21073 0.46972 0.01862 ( 3)
 363 D   0.92747 0.02718 0.04364 0.00171 ( 1)
 364 D   0.93297 0.02461 0.04091 0.00151 ( 1)
 365 N   0.00024 0.52797 0.38126 0.09053 ( 2)
 366 D   0.92191 0.02772 0.04857 0.00179 ( 1)
 367 N   0.97041 0.00447 0.02489 0.00023 ( 1)
 368 S   0.96077 0.00794 0.03084 0.00044 ( 1)
 369 D   0.92173 0.02791 0.04856 0.00180 ( 1)
 370 E   0.92876 0.02304 0.04673 0.00147 ( 1)
 371 E   0.01514 0.20306 0.75680 0.02499 ( 3)
 372 D   0.09244 0.32070 0.55218 0.03469 ( 3)
 373 D   0.07425 0.87333 0.00255 0.04987 ( 2)
 374 D   0.34660 0.20644 0.42992 0.01703 ( 3)
 375 D   0.93297 0.02461 0.04091 0.00151 ( 1)
 376 S   0.02396 0.19560 0.75932 0.02111 ( 3)
 377 D   0.55901 0.38992 0.02652 0.02454 ( 1)
 378 D   0.35115 0.19463 0.43806 0.01615 ( 3)
 379 D   0.55915 0.38979 0.02652 0.02454 ( 1)
 380 E   0.05797 0.88418 0.00271 0.05514 ( 2)
 381 D   0.93241 0.02477 0.04130 0.00152 ( 1)


lnL = -2371.952190

Bayes Empirical Bayes (BEB) probabilities for 4 classes (class)
(amino acids refer to 1st sequence: Bbon)

   1 M   0.87334 0.11166 0.01286 0.00215 ( 1)
   2 K   0.27931 0.69223 0.00707 0.02139 ( 2)
   3 R   0.28847 0.48449 0.19646 0.03058 ( 2)
   4 T   0.86892 0.11538 0.01340 0.00229 ( 1)
   5 H   0.37588 0.60878 0.00451 0.01083 ( 2)
   6 L   0.76148 0.19378 0.03555 0.00918 ( 1)
   7 F   0.79190 0.17350 0.02802 0.00658 ( 1)
   8 V   0.80351 0.16545 0.02532 0.00572 ( 1)
   9 M   0.26621 0.70054 0.00817 0.02509 ( 2)
  10 A   0.24959 0.49434 0.21720 0.03887 ( 2)
  11 V   0.84844 0.13180 0.01662 0.00314 ( 1)
  12 Y   0.81015 0.16076 0.02383 0.00526 ( 1)
  13 L   0.76148 0.19378 0.03555 0.00918 ( 1)
  14 L   0.76148 0.19378 0.03555 0.00918 ( 1)
  15 S   0.87506 0.11032 0.01255 0.00208 ( 1)
  16 S   0.87506 0.11032 0.01255 0.00208 ( 1)
  17 C   0.89453 0.09395 0.01004 0.00148 ( 1)
  18 R   0.89515 0.09345 0.00994 0.00146 ( 1)
  19 A   0.82932 0.14656 0.02002 0.00410 ( 1)
  20 E   0.16988 0.45998 0.30211 0.06803 ( 2)
  21 E   0.80203 0.16640 0.02573 0.00584 ( 1)
  22 G   0.86606 0.11777 0.01378 0.00239 ( 1)
  23 L   0.76690 0.19192 0.03273 0.00845 ( 1)
  24 N   0.27272 0.50297 0.19146 0.03285 ( 2)
  25 F   0.80895 0.16156 0.02414 0.00535 ( 1)
  26 P   0.82430 0.15028 0.02103 0.00439 ( 1)
  27 T   0.86892 0.11538 0.01340 0.00229 ( 1)
  28 Y   0.81232 0.15926 0.02331 0.00510 ( 1)
  29 D   0.79161 0.17366 0.02812 0.00661 ( 1)
  30 G   0.86920 0.11518 0.01334 0.00228 ( 1)
  31 K   0.28781 0.68376 0.00729 0.02113 ( 2)
  32 D   0.79228 0.17340 0.02780 0.00653 ( 1)
  33 R   0.82589 0.14937 0.02047 0.00427 ( 1)
  34 V   0.80530 0.16409 0.02501 0.00560 ( 1)
  35 V   0.84941 0.13125 0.01627 0.00307 ( 1)
  36 S   0.81773 0.15543 0.02209 0.00475 ( 1)
  37 L   0.81012 0.16118 0.02350 0.00520 ( 1)
  38 T   0.86979 0.11487 0.01310 0.00224 ( 1)
  39 E   0.80277 0.16608 0.02539 0.00576 ( 1)
  40 K   0.82268 0.15178 0.02109 0.00445 ( 1)
  41 N   0.86798 0.11632 0.01339 0.00231 ( 1)
  42 F   0.80974 0.16120 0.02379 0.00527 ( 1)
  43 K   0.82268 0.15178 0.02109 0.00445 ( 1)
  44 Q   0.80272 0.16659 0.02500 0.00568 ( 1)
  45 V   0.84872 0.13177 0.01640 0.00311 ( 1)
  46 L   0.13700 0.42465 0.35194 0.08642 ( 2)
  47 K   0.82268 0.15178 0.02109 0.00445 ( 1)
  48 K   0.82428 0.15056 0.02080 0.00436 ( 1)
  49 Y   0.18039 0.46838 0.28817 0.06306 ( 2)
  50 D   0.79228 0.17340 0.02780 0.00653 ( 1)
  51 L   0.77731 0.18417 0.03089 0.00764 ( 1)
  52 L   0.85634 0.12605 0.01487 0.00274 ( 1)
  53 C   0.89836 0.09065 0.00961 0.00138 ( 1)
  54 L   0.85656 0.12583 0.01487 0.00273 ( 1)
  55 Y   0.80997 0.16137 0.02346 0.00521 ( 1)
  56 Y   0.18045 0.47129 0.28537 0.06289 ( 2)
  57 H   0.85186 0.12964 0.01557 0.00293 ( 1)
  58 E   0.80189 0.16696 0.02536 0.00579 ( 1)
  59 P   0.82404 0.15097 0.02064 0.00435 ( 1)
  60 V   0.25915 0.70796 0.00782 0.02507 ( 2)
  61 S   0.86458 0.11941 0.01360 0.00241 ( 1)
  62 S   0.84385 0.13954 0.01372 0.00289 ( 1)
  63 D   0.78458 0.17893 0.02939 0.00710 ( 1)
  64 K   0.82316 0.15168 0.02077 0.00440 ( 1)
  65 A   0.05723 0.91954 0.00093 0.02230 ( 2)
  66 A   0.00565 0.62004 0.11637 0.25794 ( 2)
  67 Q   0.80185 0.16746 0.02498 0.00571 ( 1)
  68 K   0.82316 0.15168 0.02077 0.00440 ( 1)
  69 Q   0.06318 0.29948 0.51830 0.11904 ( 3)
  70 F   0.18612 0.48170 0.27206 0.06012 ( 2)
  71 Q   0.80314 0.16684 0.02445 0.00557 ( 1)
  72 M   0.00657 0.83250 0.00704 0.15389 ( 2)
  73 K   0.82316 0.15168 0.02077 0.00440 ( 1)
  74 E   0.80560 0.16472 0.02420 0.00548 ( 1)
  75 I   0.80994 0.16164 0.02324 0.00519 ( 1)
  76 V   0.81240 0.16211 0.02074 0.00475 ( 1)
  77 L   0.76099 0.19452 0.03531 0.00917 ( 1)
  78 E   0.80078 0.16806 0.02533 0.00583 ( 1)
  79 F   0.78058 0.17810 0.03346 0.00786 ( 1)
  80 D   0.23643 0.71914 0.01039 0.03404 ( 2)
  81 E   0.79344 0.16886 0.03082 0.00688 ( 1)
  82 E   0.79344 0.16886 0.03082 0.00688 ( 1)
  83 G   0.84702 0.12831 0.02102 0.00365 ( 1)
  84 S   0.80203 0.16258 0.02912 0.00627 ( 1)
  85 L   0.75517 0.19586 0.03891 0.01005 ( 1)
  86 Y   0.79798 0.16561 0.02987 0.00654 ( 1)
  87 V   0.29303 0.67616 0.00826 0.02255 ( 2)
  88 L   0.83760 0.13601 0.02230 0.00409 ( 1)
  89 K   0.80637 0.15940 0.02826 0.00597 ( 1)
  90 G   0.88289 0.09936 0.01557 0.00217 ( 1)
  91 D   0.77443 0.18246 0.03475 0.00836 ( 1)
  92 R   0.80920 0.15727 0.02774 0.00579 ( 1)
  93 T   0.80570 0.15986 0.02841 0.00602 ( 1)
  94 I   0.80678 0.15907 0.02821 0.00595 ( 1)
  95 E   0.78924 0.17188 0.03168 0.00719 ( 1)
  96 F   0.78058 0.17810 0.03346 0.00786 ( 1)
  97 D   0.77443 0.18246 0.03475 0.00836 ( 1)
  98 G   0.84964 0.12624 0.02061 0.00352 ( 1)
  99 E   0.78924 0.17188 0.03168 0.00719 ( 1)
 100 F   0.78058 0.17810 0.03346 0.00786 ( 1)
 101 A   0.81646 0.15297 0.02537 0.00520 ( 1)
 102 A   0.81254 0.15477 0.02712 0.00557 ( 1)
 103 D   0.77443 0.18246 0.03475 0.00836 ( 1)
 104 V   0.83034 0.14127 0.02388 0.00451 ( 1)
 105 L   0.76767 0.18742 0.03602 0.00890 ( 1)
 106 V   0.79045 0.17104 0.03142 0.00710 ( 1)
 107 E   0.78924 0.17188 0.03168 0.00719 ( 1)
 108 F   0.78078 0.17790 0.03347 0.00785 ( 1)
 109 L   0.83826 0.13514 0.02252 0.00409 ( 1)
 110 L   0.76767 0.18742 0.03602 0.00890 ( 1)
 111 D   0.77901 0.17958 0.03346 0.00794 ( 1)
 112 L   0.31666 0.66246 0.00548 0.01540 ( 2)
