Supplemental results for CODEML (seqf: /home/leticiamagpali/phd/evol_models/codeml/big_dataset/cml_align/OTOF_codon_aligned.phy  treef: /home/leticiamagpali/phd/evol_models/codeml/big_dataset/cml_trees/gene_trees/H3_gene_trees/OTOF_tree_H3.tre)

I	J	ij	2Ns_IJ	pMut_IJ	pSub_IJ	2Ns_JI	pMut_JI	pSub_JI

TTC	TTT	CT	-0.55036	0.07663	0.05747	0.55036	0.04420	0.05747
TTA	TTT	AT	6.58748	0.00001	0.00008	-6.58748	0.00886	0.00008
TTA	TTC	AC	7.13784	0.00002	0.00017	-7.13784	0.02986	0.00017
TTG	TTT	GT	1.30162	0.00257	0.00459	-1.30162	0.00944	0.00459
TTG	TTC	GC	1.85198	0.00499	0.01097	-1.85198	0.03182	0.01097
TTG	TTA	GA	-5.28586	0.01794	0.00048	5.28586	0.00009	0.00048
TCT	TTT	CT	1.51547	0.00971	0.01886	-1.51547	0.04420	0.01886
TCC	TTC	CT	0.77558	0.06862	0.09864	-0.77558	0.14903	0.09864
TCC	TCT	CT	-1.29025	0.06862	0.03362	1.29025	0.01888	0.03362
TCA	TTA	CT	-4.95707	0.01428	0.00050	4.95707	0.00010	0.00050
TCA	TCT	AT	0.11494	0.00337	0.00357	-0.11494	0.00378	0.00357
TCA	TCC	AC	1.40518	0.00656	0.01221	-1.40518	0.02674	0.01221
TCG	TTG	CT	0.78888	0.00961	0.01389	-0.78888	0.02115	0.01389
TCG	TCT	GT	0.57503	0.00227	0.00298	-0.57503	0.00403	0.00298
TCG	TCC	GC	1.86528	0.00441	0.00974	-1.86528	0.02850	0.00974
TCG	TCA	GA	0.46009	0.01585	0.01978	-0.46009	0.02511	0.01978
TAT	TTT	AT	1.09442	0.00296	0.00488	-1.09442	0.00886	0.00488
TAT	TCT	AC	-0.42105	0.00576	0.00464	0.42105	0.00378	0.00464
TAC	TTC	AT	0.60096	0.01637	0.02178	-0.60096	0.02986	0.02178
TAC	TCC	AC	-0.17462	0.03184	0.02914	0.17462	0.02674	0.02914
TAC	TAT	CT	-1.04382	0.06932	0.03933	1.04382	0.02441	0.03933
TGT	TTT	GT	1.96441	0.00132	0.00302	-1.96441	0.00944	0.00302
TGT	TCT	GC	0.44894	0.00257	0.00319	-0.44894	0.00403	0.00319
TGT	TAT	GA	0.87000	0.00925	0.01384	-0.87000	0.02207	0.01384
TGC	TTC	GT	1.65538	0.00608	0.01244	-1.65538	0.03182	0.01244
TGC	TCC	GC	0.87980	0.01182	0.01778	-0.87980	0.02850	0.01778
TGC	TAC	GA	1.05442	0.04247	0.06872	-1.05442	0.12189	0.06872
TGC	TGT	CT	-0.85939	0.02574	0.01624	0.85939	0.01090	0.01624
TGG	TTG	GT	-0.71483	0.00923	0.00632	0.71483	0.00452	0.00632
TGG	TCG	GC	-1.50371	0.01795	0.00771	1.50371	0.00399	0.00771
TGG	TGT	GT	-1.37762	0.00923	0.00429	1.37762	0.00233	0.00429
TGG	TGC	GC	-0.51823	0.01795	0.01370	0.51823	0.01069	0.01370
CTT	TTT	CT	2.11237	0.00535	0.01285	-2.11237	0.04420	0.01285
CTC	TTC	CT	0.94312	0.05803	0.08964	-0.94312	0.14903	0.08964
CTC	CTT	CT	-1.71961	0.05803	0.02178	1.71961	0.01040	0.02178
CTA	TTA	CT	-3.95489	0.00524	0.00041	3.95489	0.00010	0.00041
CTA	CTT	AT	0.52022	0.00124	0.00159	-0.52022	0.00208	0.00159
CTA	CTC	AC	2.23983	0.00241	0.00604	-2.23983	0.02261	0.00604
CTG	TTG	CT	-1.98670	0.15418	0.04869	1.98670	0.02115	0.04869
CTG	CTT	GT	-2.79745	0.03641	0.00661	2.79745	0.00222	0.00661
CTG	CTC	GC	-1.07784	0.07082	0.03938	1.07784	0.02410	0.03938
CTG	CTA	GA	-3.31767	0.25438	0.03173	3.31767	0.00922	0.03173
CCT	TCT	CT	-0.35606	0.02696	0.02245	0.35606	0.01888	0.02245
CCT	CTT	CT	-0.95296	0.02696	0.01612	0.95296	0.01040	0.01612
CCC	TCC	CT	0.46402	0.08391	0.10487	-0.46402	0.13345	0.10487
CCC	CTC	CT	0.29648	0.08391	0.09696	-0.29648	0.11286	0.09696
CCC	CCT	CT	-0.47017	0.08391	0.06572	0.47017	0.05243	0.06572
CCA	TCA	CT	0.37252	0.01914	0.02292	-0.37252	0.02777	0.02292
CCA	CTA	CT	-0.62966	0.01914	0.01374	0.62966	0.01020	0.01374
CCA	CCT	AT	0.84352	0.00452	0.00669	-0.84352	0.01051	0.00669
CCA	CCC	AC	1.31369	0.00879	0.01579	-1.31369	0.03270	0.01579
CCG	TCG	CT	-0.06103	0.01986	0.01926	0.06103	0.01868	0.01926
CCG	CTG	CT	2.71455	0.01986	0.05774	-2.71455	0.29985	0.05774
CCG	CCT	GT	0.87006	0.00469	0.00702	-0.87006	0.01120	0.00702
CCG	CCC	GC	1.34023	0.00912	0.01656	-1.34023	0.03485	0.01656
CCG	CCA	GA	0.02654	0.03277	0.03320	-0.02654	0.03365	0.03320
CAT	TAT	CT	2.04735	0.00315	0.00741	-2.04735	0.02441	0.00741
CAT	CTT	AT	1.02940	0.00074	0.00119	-1.02940	0.00208	0.00119
CAT	CCT	AC	1.98236	0.00145	0.00333	-1.98236	0.01051	0.00333
CAC	TAC	CT	1.44709	0.03172	0.06001	-1.44709	0.13482	0.06001
CAC	CTC	AT	1.10493	0.00749	0.01238	-1.10493	0.02261	0.01238
CAC	CCC	AC	0.80845	0.01457	0.02124	-0.80845	0.03270	0.02124
CAC	CAT	CT	-1.64408	0.03172	0.01249	1.64408	0.00613	0.01249
CAA	CTA	AT	0.23796	0.00161	0.00181	-0.23796	0.00204	0.00181
CAA	CCA	AC	0.86762	0.00313	0.00468	-0.86762	0.00746	0.00468
CAA	CAT	AT	-0.27122	0.00161	0.00140	0.27122	0.00123	0.00140
CAA	CAC	AC	1.37286	0.00313	0.00576	-1.37286	0.01236	0.00576
CAG	CTG	AT	1.35647	0.01547	0.02827	-1.35647	0.06008	0.02827
CAG	CCG	AC	-1.35808	0.03009	0.01415	1.35808	0.00774	0.01415
CAG	CAT	GT	-2.47038	0.01547	0.00353	2.47038	0.00131	0.00353
CAG	CAC	GC	-0.82630	0.03009	0.01935	0.82630	0.01317	0.01935
CAG	CAA	GA	-2.19916	0.10810	0.02965	2.19916	0.01199	0.02965
CGT	TGT	CT	0.96989	0.00413	0.00645	-0.96989	0.01090	0.00645
CGT	CTT	GT	0.82193	0.00098	0.00143	-0.82193	0.00222	0.00143
CGT	CCT	GC	1.77489	0.00190	0.00406	-1.77489	0.01120	0.00406
CGT	CAT	GA	-0.20747	0.00682	0.00613	0.20747	0.00554	0.00613
CGC	TGC	CT	0.19931	0.04101	0.04523	-0.19931	0.05006	0.04523
CGC	CTC	GT	0.91157	0.00969	0.01476	-0.91157	0.02410	0.01476
CGC	CCC	GC	0.61509	0.01884	0.02522	-0.61509	0.03485	0.02522
CGC	CAC	GA	-0.19335	0.06766	0.06133	0.19335	0.05577	0.06133
CGC	CGT	CT	-1.62997	0.04101	0.01629	1.62997	0.00804	0.01629
CGA	CTA	GT	0.06048	0.00205	0.00211	-0.06048	0.00218	0.00211
CGA	CCA	GC	0.69014	0.00399	0.00552	-0.69014	0.00795	0.00552
CGA	CAA	GA	-0.17748	0.01432	0.01308	0.17748	0.01199	0.01308
CGA	CGT	AT	-0.24123	0.00205	0.00181	0.24123	0.00161	0.00181
CGA	CGC	AC	1.38874	0.00399	0.00737	-1.38874	0.01598	0.00737
CGG	TGG	CT	0.26169	0.05850	0.06648	-0.26169	0.07599	0.06648
CGG	CTG	GT	1.53356	0.01382	0.02702	-1.53356	0.06403	0.02702
CGG	CCG	GC	-1.18099	0.02687	0.01406	1.18099	0.00825	0.01406
CGG	CAG	GA	0.17709	0.09651	0.10531	-0.17709	0.11521	0.10531
CGG	CGT	GT	-2.08582	0.01382	0.00409	2.08582	0.00172	0.00409
CGG	CGC	GC	-0.45585	0.02687	0.02121	0.45585	0.01703	0.02121
CGG	CGA	GA	-1.84459	0.09651	0.03343	1.84459	0.01526	0.03343
ATT	TTT	AT	0.35863	0.00619	0.00736	-0.35863	0.00886	0.00736
ATT	CTT	AC	-1.75374	0.01203	0.00442	1.75374	0.00208	0.00442
ATC	TTC	AT	0.33459	0.02137	0.02514	-0.33459	0.02986	0.02514
ATC	CTC	AC	-0.60854	0.04156	0.03019	0.60854	0.02261	0.03019
ATC	ATT	CT	-0.57441	0.09048	0.06697	0.57441	0.05094	0.06697
ATA	TTA	AT	-4.06398	0.00117	0.00008	4.06398	0.00002	0.00008
ATA	CTA	AC	-0.10909	0.00228	0.00216	0.10909	0.00204	0.00216
ATA	ATT	AT	2.16487	0.00117	0.00286	-2.16487	0.01021	0.00286
ATA	ATC	AC	2.73927	0.00228	0.00667	-2.73927	0.03526	0.00667
ATG	TTG	AT	-1.34270	0.01622	0.00770	1.34270	0.00424	0.00770
ATG	CTG	AC	0.64400	0.03155	0.04280	-0.64400	0.06008	0.04280
ATG	ATT	GT	-0.39971	0.01622	0.01320	0.39971	0.01088	0.01320
ATG	ATC	GC	0.17469	0.03155	0.03439	-0.17469	0.03758	0.03439
ATG	ATA	GA	-2.56458	0.11334	0.02423	2.56458	0.00872	0.02423
ACT	TCT	AT	0.07948	0.00349	0.00364	-0.07948	0.00378	0.00364
ACT	CCT	AC	0.43554	0.00680	0.00838	-0.43554	0.01051	0.00838
ACT	ATT	CT	1.23632	0.01480	0.02578	-1.23632	0.05094	0.02578
ACC	TCC	AT	0.86875	0.01122	0.01678	-0.86875	0.02674	0.01678
ACC	CCC	AC	0.40473	0.02181	0.02652	-0.40473	0.03270	0.02652
ACC	ATC	CT	1.30975	0.04749	0.08519	-1.30975	0.17596	0.08519
ACC	ACT	CT	-0.50098	0.04749	0.03658	0.50098	0.02878	0.03658
ACA	TCA	AT	0.71806	0.00271	0.00380	-0.71806	0.00556	0.00380
ACA	CCA	AC	0.34554	0.00528	0.00624	-0.34554	0.00746	0.00624
ACA	ATA	CT	-0.17503	0.01149	0.01052	0.17503	0.00965	0.01052
ACA	ACT	AT	0.75352	0.00271	0.00386	-0.75352	0.00577	0.00386
ACA	ACC	AC	1.25449	0.00528	0.00926	-1.25449	0.01851	0.00926
ACG	TCG	AT	-0.74505	0.00789	0.00531	0.74505	0.00374	0.00531
ACG	CCG	AC	-0.68402	0.01534	0.01069	0.68402	0.00774	0.01069
ACG	ATG	CT	1.38653	0.03339	0.06173	-1.38653	0.13360	0.06173
ACG	ACT	GT	-0.24950	0.00789	0.00694	0.24950	0.00614	0.00694
ACG	ACC	GC	0.25148	0.01534	0.01735	-0.25148	0.01972	0.01735
ACG	ACA	GA	-1.00302	0.05509	0.03201	1.00302	0.02021	0.03201
AAT	TAT	AT	0.44629	0.00313	0.00388	-0.44629	0.00489	0.00388
AAT	CAT	AC	-1.60106	0.00609	0.00246	1.60106	0.00123	0.00246
AAT	ATT	AT	1.18208	0.00313	0.00534	-1.18208	0.01021	0.00534
AAT	ACT	AC	-0.05424	0.00609	0.00592	0.05424	0.00577	0.00592
AAC	TAC	AT	0.44775	0.01726	0.02141	-0.44775	0.02701	0.02141
AAC	CAC	AC	-0.99934	0.03357	0.01955	0.99934	0.01236	0.01955
AAC	ATC	AT	0.71412	0.01726	0.02415	-0.71412	0.03526	0.02415
AAC	ACC	AC	-0.59563	0.03357	0.02456	0.59563	0.01851	0.02456
AAC	AAT	CT	-1.04236	0.07309	0.04150	1.04236	0.02577	0.04150
AAA	CAA	AC	-1.28342	0.00959	0.00472	1.28342	0.00266	0.00472
AAA	ATA	AT	-0.93637	0.00493	0.00298	0.93637	0.00193	0.00298
AAA	ACA	AC	-0.76134	0.00959	0.00640	0.76134	0.00448	0.00640
AAA	AAT	AT	0.04642	0.00493	0.00505	-0.04642	0.00516	0.00505
AAA	AAC	AC	1.08878	0.00959	0.01574	-1.08878	0.02848	0.01574
AAG	CAG	AC	-0.94220	0.06550	0.03942	0.94220	0.02553	0.03942
AAG	ATG	AT	-0.22973	0.03368	0.02996	0.22973	0.02677	0.02996
AAG	ACG	AC	-1.61626	0.06550	0.02624	1.61626	0.01301	0.02624
AAG	AAT	GT	-1.81152	0.03368	0.01192	1.81152	0.00550	0.01192
AAG	AAC	GC	-0.76916	0.06550	0.04351	0.76916	0.03035	0.04351
AAG	AAA	GA	-1.85794	0.23529	0.08080	1.85794	0.03670	0.08080
AGT	TGT	AT	0.09993	0.00198	0.00208	-0.09993	0.00218	0.00208
AGT	CGT	AC	-0.86996	0.00384	0.00241	0.86996	0.00161	0.00241
AGT	ATT	GT	1.70571	0.00198	0.00412	-1.70571	0.01088	0.00412
AGT	ACT	GC	0.46939	0.00384	0.00482	-0.46939	0.00614	0.00482
AGT	AAT	GA	0.52363	0.01380	0.01773	-0.52363	0.02330	0.01773
AGC	TGC	AT	0.14049	0.00872	0.00934	-0.14049	0.01003	0.00934
AGC	CGC	AC	-0.05882	0.01695	0.01646	0.05882	0.01598	0.01646
AGC	ATC	GT	1.46129	0.00872	0.01658	-1.46129	0.03758	0.01658
AGC	ACC	GC	0.15154	0.01695	0.01827	-0.15154	0.01972	0.01827
AGC	AAC	GA	0.74717	0.06088	0.08643	-0.74717	0.12852	0.08643
AGC	AGT	CT	-0.81883	0.03690	0.02383	0.81883	0.01627	0.02383
AGA	CGA	AC	3.45550	0.00011	0.00038	-3.45550	0.00338	0.00038
AGA	ATA	GT	3.62507	0.00005	0.00020	-3.62507	0.00206	0.00020
AGA	ACA	GC	3.80010	0.00011	0.00041	-3.80010	0.00477	0.00041
AGA	AAA	GA	4.56144	0.00038	0.00177	-4.56144	0.03670	0.00177
AGA	AGT	AT	4.08422	0.00005	0.00023	-4.08422	0.00326	0.00023
AGA	AGC	AC	4.90305	0.00011	0.00053	-4.90305	0.01438	0.00053
AGG	TGG	AT	3.13128	0.00066	0.00218	-3.13128	0.01523	0.00218
AGG	CGG	AC	2.86959	0.00129	0.00393	-2.86959	0.02279	0.00393
AGG	ATG	GT	3.75915	0.00066	0.00256	-3.75915	0.02853	0.00256
AGG	ACG	GC	2.37262	0.00129	0.00338	-2.37262	0.01387	0.00338
AGG	AAG	GA	3.98888	0.00464	0.01888	-3.98888	0.25077	0.01888
AGG	AGT	GT	1.65373	0.00066	0.00136	-1.65373	0.00347	0.00136
AGG	AGC	GC	2.47256	0.00129	0.00349	-2.47256	0.01532	0.00349
AGG	AGA	GA	-2.43049	0.00464	0.00109	2.43049	0.00041	0.00109
GTT	TTT	GT	4.08626	0.00016	0.00066	-4.08626	0.00944	0.00066
GTT	CTT	GC	1.97389	0.00031	0.00071	-1.97389	0.00222	0.00071
GTT	ATT	GA	3.72762	0.00111	0.00423	-3.72762	0.04606	0.00423
GTC	TTC	GT	0.82168	0.01399	0.02052	-0.82168	0.03182	0.02052
GTC	CTC	GC	-0.12144	0.02721	0.02559	0.12144	0.02410	0.02559
GTC	ATC	GA	0.48710	0.09775	0.12348	-0.48710	0.15910	0.12348
GTC	GTT	CT	-3.81493	0.05925	0.00509	3.81493	0.00131	0.00509
GTA	TTA	GT	-4.91203	0.00292	0.00011	4.91203	0.00002	0.00011
GTA	CTA	GC	-0.95714	0.00567	0.00338	0.95714	0.00218	0.00338
GTA	ATA	GA	-0.84805	0.02037	0.01294	0.84805	0.00872	0.01294
GTA	GTT	AT	-2.41081	0.00292	0.00069	2.41081	0.00026	0.00069
GTA	GTC	AC	1.40412	0.00567	0.01055	-1.40412	0.02309	0.01055
GTG	TTG	GT	-1.80299	0.02740	0.00975	1.80299	0.00452	0.00975
GTG	CTG	GC	0.18371	0.05328	0.05833	-0.18371	0.06403	0.05833
GTG	ATG	GA	-0.46029	0.19140	0.15072	0.46029	0.12079	0.15072
GTG	GTT	GT	-4.58762	0.02740	0.00129	4.58762	0.00028	0.00129
GTG	GTC	GC	-0.77269	0.05328	0.03532	0.77269	0.02460	0.03532
GTG	GTA	GA	-2.17681	0.19140	0.05329	2.17681	0.02171	0.05329
GCT	TCT	GT	0.22492	0.00322	0.00360	-0.22492	0.00403	0.00360
GCT	CCT	GC	0.58098	0.00626	0.00826	-0.58098	0.01120	0.00826
GCT	ACT	GA	0.14544	0.02250	0.02417	-0.14544	0.02602	0.02417
GCT	GTT	CT	-2.34586	0.01364	0.00339	2.34586	0.00131	0.00339
GCC	TCC	GT	0.43538	0.01844	0.02274	-0.43538	0.02850	0.02274
GCC	CCC	GC	-0.02864	0.03586	0.03535	0.02864	0.03485	0.03535
GCC	ACC	GA	-0.43337	0.12880	0.10290	0.43337	0.08351	0.10290
GCC	GTC	CT	0.38928	0.07807	0.09425	-0.38928	0.11522	0.09425
GCC	GCT	CT	-1.07979	0.07807	0.04336	1.07979	0.02652	0.04336
GCA	TCA	GT	0.92915	0.00234	0.00360	-0.92915	0.00593	0.00360
GCA	CCA	GC	0.55662	0.00455	0.00594	-0.55662	0.00795	0.00594
GCA	ACA	GA	0.21109	0.01636	0.01815	-0.21109	0.02021	0.01815
GCA	GTA	CT	0.88411	0.00992	0.01494	-0.88411	0.02401	0.01494
GCA	GCT	AT	0.81916	0.00234	0.00343	-0.81916	0.00531	0.00343
GCA	GCC	AC	1.89895	0.00455	0.01017	-1.89895	0.03042	0.01017
GCG	TCG	GT	0.05522	0.00378	0.00388	-0.05522	0.00399	0.00388
GCG	CCG	GC	0.11625	0.00734	0.00778	-0.11625	0.00825	0.00778
GCG	ACG	GA	0.80027	0.02638	0.03832	-0.80027	0.05872	0.03832
GCG	GTG	CT	2.64709	0.01599	0.04554	-2.64709	0.22561	0.04554
GCG	GCT	GT	0.40533	0.00378	0.00459	-0.40533	0.00566	0.00459
GCG	GCC	GC	1.48512	0.00734	0.01410	-1.48512	0.03242	0.01410
GCG	GCA	GA	-0.41383	0.02638	0.02129	0.41383	0.01744	0.02129
GAT	TAT	GT	-0.40013	0.00778	0.00632	0.40013	0.00521	0.00632
GAT	CAT	GC	-2.44748	0.01512	0.00351	2.44748	0.00131	0.00351
GAT	AAT	GA	-0.84642	0.05433	0.03454	0.84642	0.02330	0.03454
GAT	GTT	AT	-3.39197	0.00778	0.00092	3.39197	0.00026	0.00092
GAT	GCT	AC	-1.04611	0.01512	0.00857	1.04611	0.00531	0.00857
GAC	TAC	GT	-0.26136	0.03739	0.03271	0.26136	0.02879	0.03271
GAC	CAC	GC	-1.70845	0.07271	0.02748	1.70845	0.01317	0.02748
GAC	AAC	GA	-0.70911	0.26118	0.17943	0.70911	0.12852	0.17943
GAC	GTC	AT	-0.48208	0.03739	0.02910	0.48208	0.02309	0.02910
GAC	GCC	AC	-0.87136	0.07271	0.04558	0.87136	0.03042	0.04558
GAC	GAT	CT	-0.90505	0.15830	0.09733	0.90505	0.06404	0.09733
GAA	CAA	GC	-1.84538	0.01792	0.00621	1.84538	0.00283	0.00621
GAA	AAA	GA	-0.56196	0.06438	0.04798	0.56196	0.03670	0.04798
GAA	GTA	AT	-0.65028	0.00922	0.00654	0.65028	0.00481	0.00654
GAA	GCA	AC	-1.53438	0.01792	0.00756	1.53438	0.00386	0.00756
GAA	GAT	AT	0.33088	0.00922	0.01083	-0.33088	0.01283	0.01083
GAA	GAC	AC	1.23593	0.01792	0.03123	-1.23593	0.06169	0.03123
GAG	CAG	GC	-1.01132	0.07481	0.04325	1.01132	0.02721	0.04325
GAG	AAG	GA	-0.06912	0.26871	0.25953	0.06912	0.25077	0.25953
GAG	GTG	AT	0.16144	0.03847	0.04165	-0.16144	0.04520	0.04165
GAG	GCG	AC	-2.48565	0.07481	0.01689	2.48565	0.00623	0.01689
GAG	GAT	GT	-1.03422	0.03847	0.02194	1.03422	0.01367	0.02194
GAG	GAC	GC	-0.12917	0.07481	0.07008	0.12917	0.06574	0.07008
GAG	GAA	GA	-1.36510	0.26871	0.12579	1.36510	0.06862	0.12579
GGT	TGT	GT	0.46786	0.00146	0.00183	-0.46786	0.00233	0.00183
GGT	CGT	GC	-0.50203	0.00283	0.00218	0.50203	0.00172	0.00218
GGT	AGT	GA	0.36793	0.01018	0.01217	-0.36793	0.01471	0.01217
GGT	GTT	GT	-1.65398	0.00146	0.00057	1.65398	0.00028	0.00057
GGT	GCT	GC	0.69188	0.00283	0.00393	-0.69188	0.00566	0.00393
GGT	GAT	GA	1.73799	0.01018	0.02148	-1.73799	0.05790	0.02148
GGC	TGC	GT	-0.71689	0.02189	0.01497	0.71689	0.01069	0.01497
GGC	CGC	GC	-0.91621	0.04258	0.02601	0.91621	0.01703	0.02601
GGC	AGC	GA	-0.85739	0.15294	0.09663	0.85739	0.06489	0.09663
GGC	GTC	GT	0.11680	0.02189	0.02320	-0.11680	0.02460	0.02320
GGC	GCC	GC	-0.27247	0.04258	0.03704	0.27247	0.03242	0.03704
GGC	GAC	GA	0.59889	0.15294	0.20328	-0.59889	0.27836	0.20328
GGC	GGT	CT	-2.04415	0.09270	0.02819	2.04415	0.01200	0.02819
GGA	CGA	GC	-0.32388	0.00498	0.00422	0.32388	0.00360	0.00422
GGA	AGA	GA	-3.77938	0.01790	0.00158	3.77938	0.00041	0.00158
GGA	GTA	GT	0.69375	0.00256	0.00355	-0.69375	0.00513	0.00355
GGA	GCA	GC	-0.19036	0.00498	0.00452	0.19036	0.00412	0.00452
GGA	GAA	GA	1.34402	0.01790	0.03254	-1.34402	0.06862	0.03254
GGA	GGT	AT	-0.06309	0.00256	0.00248	0.06309	0.00241	0.00248
GGA	GGC	AC	1.98106	0.00498	0.01145	-1.98106	0.03612	0.01145
GGG	TGG	GT	0.38796	0.01101	0.01328	-0.38796	0.01623	0.01328
GGG	CGG	GC	0.12628	0.02141	0.02279	-0.12628	0.02429	0.02279
GGG	AGG	GA	-2.74331	0.07691	0.01451	2.74331	0.00495	0.01451
GGG	GTG	GT	1.47613	0.01101	0.02107	-1.47613	0.04818	0.02107
GGG	GCG	GC	-1.17096	0.02141	0.01127	1.17096	0.00664	0.01127
GGG	GAG	GA	1.31469	0.07691	0.13824	-1.31469	0.28638	0.13824
GGG	GGT	GT	-1.45752	0.01101	0.00487	1.45752	0.00256	0.00487
GGG	GGC	GC	0.58663	0.02141	0.02830	-0.58663	0.03850	0.02830
GGG	GGA	GA	-1.39443	0.07691	0.03536	1.39443	0.01907	0.03536


Histograms
2Ns	FMut	FSub(CodonUsage)	FSubw(after w)

-6.79794	0.00241	0.00002
-6.11815	0.00000	0.00000
-5.43835	0.00112	0.00004
-4.75856	0.00595	0.00033
-4.07877	0.02367	0.00236
-3.39897	0.02047	0.00313
-2.71918	0.05840	0.01486
-2.03938	0.09158	0.03743
-1.35959	0.16595	0.10156
-0.67979	0.26123	0.23305
0.00000	0.17020	0.21447
0.67979	0.13571	0.23305
1.35959	0.04491	0.10156
2.03938	0.01305	0.03743
2.71918	0.00411	0.01486
3.39897	0.00071	0.00313
4.07877	0.00046	0.00236
4.75856	0.00006	0.00033
5.43835	0.00001	0.00004
6.11815	0.00000	0.00000
6.79794	0.00000	0.00002

Proportion of advantageous (S > 0) mutations:
 0.27720

Proportions of good & bad mutations (|S| > 2.0000) among mutations:
0.00922  0.14530

mean |Ns| = 1.15558	mean Ns+ = 0.71351	mean Ns- = -1.32512


MLEs of dN/dS (w) for site classes (K=4)

site class             0        1       2a       2b
proportion       0.82273  0.16246  0.01237  0.00244
background w     0.02870  0.83116  0.02870  0.83116
foreground w     0.02870  0.83116 12.16419 12.16419

Naive Empirical Bayes (NEB) probabilities for 4 classes
(amino acids refer to 1st sequence: Bacu)

   1 L   0.87371 0.11445 0.01045 0.00139 ( 1)
   2 I   0.93109 0.06079 0.00760 0.00052 ( 1)
   3 G   0.94716 0.04600 0.00651 0.00033 ( 1)
   4 T   0.95985 0.03436 0.00557 0.00021 ( 1)
   5 F   0.92927 0.06250 0.00769 0.00054 ( 1)
   6 R   0.94515 0.04782 0.00668 0.00036 ( 1)
   7 M   0.95486 0.03887 0.00601 0.00026 ( 1)
   8 V   0.91228 0.07827 0.00868 0.00077 ( 1)
   9 L   0.87371 0.11445 0.01045 0.00139 ( 1)
  10 Q   0.93332 0.05877 0.00742 0.00049 ( 1)
  11 K   0.01442 0.97624 0.00013 0.00921 ( 2)
  12 V   0.91216 0.07839 0.00868 0.00077 ( 1)
  13 V   0.91216 0.07839 0.00868 0.00077 ( 1)
  14 E   0.92885 0.06282 0.00778 0.00055 ( 1)
  15 E   0.92885 0.06282 0.00778 0.00055 ( 1)
  16 G   0.00533 0.98520 0.00005 0.00942 ( 2)
  17 H   0.04355 0.95042 0.00025 0.00578 ( 2)
  18 V   0.91216 0.07839 0.00868 0.00077 ( 1)
  19 E   0.92887 0.06279 0.00778 0.00055 ( 1)
  20 V   0.91216 0.07839 0.00868 0.00077 ( 1)
  21 T   0.95818 0.03604 0.00556 0.00022 ( 1)
  22 D   0.93357 0.05846 0.00747 0.00049 ( 1)
  23 M   0.95461 0.03912 0.00601 0.00026 ( 1)
  24 L   0.87353 0.11462 0.01045 0.00139 ( 1)
  25 I   0.91188 0.07815 0.00916 0.00081 ( 1)
  26 D   0.93349 0.05855 0.00747 0.00049 ( 1)
  27 D   0.93357 0.05846 0.00747 0.00049 ( 1)
  28 N   0.00168 0.05017 0.91189 0.03626 ( 3)
  29 N   0.00000 0.00302 0.96576 0.03121 ( 3)
  30 A   0.00222 0.03609 0.94093 0.02075 ( 3)
  31 I   0.00076 0.04115 0.89663 0.06146 ( 3)
  32 I   0.00087 0.04710 0.89053 0.06150 ( 3)
  33 Q   0.00000 0.00024 0.93763 0.06213 ( 3)
  34 E   0.93646 0.05792 0.00526 0.00035 ( 1)
  35 P   0.97086 0.02646 0.00260 0.00008 ( 1)
  36 A   0.96370 0.03298 0.00320 0.00012 ( 1)
  37 V   0.93154 0.06243 0.00563 0.00040 ( 1)
  38 L   0.87885 0.11095 0.00904 0.00117 ( 1)
  39 E   0.93680 0.05753 0.00532 0.00035 ( 1)
  40 M   0.96248 0.03399 0.00339 0.00013 ( 1)
  41 E   0.01863 0.97534 0.00011 0.00592 ( 2)
  42 N   0.38869 0.60584 0.00204 0.00343 ( 2)
  43 L   0.00106 0.99640 0.00000 0.00253 ( 2)
  44 D   0.94184 0.05290 0.00496 0.00030 ( 1)
  45 R   0.95332 0.04240 0.00408 0.00020 ( 1)
  46 L   0.88062 0.10917 0.00905 0.00115 ( 1)
  47 A   0.94886 0.04651 0.00440 0.00023 ( 1)
  48 I   0.01254 0.97761 0.00012 0.00973 ( 2)
  49 R   0.94400 0.05096 0.00476 0.00028 ( 1)
  50 L   0.87885 0.11095 0.00904 0.00117 ( 1)
  51 G   0.00134 0.99442 0.00001 0.00424 ( 2)
  52 D   0.93005 0.06375 0.00578 0.00042 ( 1)
  53 G   0.95493 0.04098 0.00390 0.00018 ( 1)
  54 L   0.21700 0.77261 0.00223 0.00815 ( 2)
  55 D   0.32787 0.66569 0.00204 0.00440 ( 2)
  56 P   0.90703 0.08493 0.00732 0.00072 ( 1)
  57 D   0.94180 0.05295 0.00495 0.00030 ( 1)
  58 S   0.94787 0.04740 0.00448 0.00024 ( 1)
  59 M   0.27736 0.71539 0.00195 0.00530 ( 2)
  60 S   0.90738 0.08668 0.00539 0.00055 ( 1)
  61 L   0.95005 0.04521 0.00450 0.00023 ( 1)
  62 A   0.94019 0.05450 0.00501 0.00031 ( 1)
  63 S   0.94792 0.04768 0.00417 0.00023 ( 1)
  64 V   0.96246 0.03405 0.00336 0.00013 ( 1)
  65 T   0.94297 0.05191 0.00483 0.00029 ( 1)
  66 A   0.94019 0.05450 0.00501 0.00031 ( 1)
  67 L   0.95364 0.04215 0.00401 0.00019 ( 1)
  68 T   0.96722 0.02970 0.00298 0.00010 ( 1)
  69 T   0.96722 0.02970 0.00298 0.00010 ( 1)
  70 N   0.96625 0.03055 0.00309 0.00011 ( 1)
  71 V   0.48756 0.50878 0.00170 0.00196 ( 2)
  72 S   0.94733 0.04794 0.00448 0.00025 ( 1)
  73 N   0.96613 0.03067 0.00309 0.00011 ( 1)
  74 K   0.92412 0.06925 0.00615 0.00049 ( 1)
  75 R   0.91521 0.07583 0.00826 0.00071 ( 1)
  76 S   0.94143 0.05152 0.00667 0.00038 ( 1)
  77 K   0.91819 0.07303 0.00811 0.00067 ( 1)
  78 P   0.91979 0.07153 0.00803 0.00065 ( 1)
  79 D   0.93568 0.05678 0.00708 0.00045 ( 1)
  80 I   0.90535 0.08501 0.00879 0.00085 ( 1)
  81 K   0.91819 0.07303 0.00811 0.00067 ( 1)
  82 M   0.95663 0.03755 0.00558 0.00023 ( 1)
  83 E   0.93068 0.06141 0.00740 0.00051 ( 1)
  84 P   0.91979 0.07153 0.00803 0.00065 ( 1)
  85 S   0.46880 0.52524 0.00272 0.00325 ( 2)
  86 A   0.94273 0.05032 0.00658 0.00037 ( 1)
  87 G   0.94814 0.04526 0.00628 0.00032 ( 1)
  88 R   0.93734 0.05532 0.00691 0.00043 ( 1)
  89 P   0.93152 0.06072 0.00727 0.00050 ( 1)
  90 M   0.95617 0.03801 0.00558 0.00024 ( 1)
  91 D   0.01599 0.97531 0.00014 0.00857 ( 2)
  92 Y   0.32303 0.66853 0.00267 0.00577 ( 2)
  93 Q   0.35843 0.63386 0.00270 0.00501 ( 2)
  94 V   0.96421 0.03230 0.00336 0.00012 ( 1)
  95 S   0.97692 0.02070 0.00233 0.00006 ( 1)
  96 V   0.02321 0.97099 0.00013 0.00567 ( 2)
  97 T   0.95128 0.04416 0.00434 0.00022 ( 1)
  98 V   0.92160 0.07140 0.00647 0.00053 ( 1)
  99 I   0.94080 0.05374 0.00514 0.00032 ( 1)
 100 E   0.93878 0.05555 0.00533 0.00034 ( 1)
 101 A   0.94476 0.05013 0.00484 0.00028 ( 1)
 102 R   0.94595 0.04901 0.00477 0.00027 ( 1)
 103 Q   0.94329 0.05151 0.00491 0.00029 ( 1)
 104 L   0.88024 0.10955 0.00905 0.00116 ( 1)
 105 V   0.92168 0.07131 0.00647 0.00053 ( 1)
 106 G   0.95072 0.04462 0.00443 0.00023 ( 1)
 107 L   0.95904 0.03711 0.00369 0.00016 ( 1)
 108 N   0.96784 0.02896 0.00310 0.00010 ( 1)
 109 M   0.33788 0.65490 0.00237 0.00485 ( 2)
 110 D   0.94381 0.05094 0.00497 0.00029 ( 1)
 111 P   0.94014 0.05437 0.00517 0.00032 ( 1)
 112 V   0.92160 0.07140 0.00647 0.00053 ( 1)
 113 V   0.93032 0.06268 0.00653 0.00046 ( 1)
 114 C   0.97940 0.01846 0.00209 0.00004 ( 1)
 115 V   0.92160 0.07140 0.00647 0.00053 ( 1)
 116 E   0.93878 0.05555 0.00533 0.00034 ( 1)
 117 V   0.92160 0.07140 0.00647 0.00053 ( 1)
 118 G   0.95072 0.04462 0.00443 0.00023 ( 1)
 119 D   0.94341 0.05133 0.00496 0.00029 ( 1)
 120 D   0.94381 0.05094 0.00497 0.00029 ( 1)
 121 K   0.92607 0.06729 0.00616 0.00047 ( 1)
 122 K   0.92611 0.06726 0.00616 0.00047 ( 1)
 123 F   0.01796 0.97567 0.00011 0.00626 ( 2)
 124 T   0.96796 0.02896 0.00298 0.00010 ( 1)
 125 S   0.94927 0.04601 0.00449 0.00024 ( 1)
 126 M   0.96423 0.03224 0.00340 0.00013 ( 1)
 127 K   0.92607 0.06729 0.00616 0.00047 ( 1)
 128 E   0.93878 0.05555 0.00533 0.00034 ( 1)
 129 S   0.94927 0.04601 0.00449 0.00024 ( 1)
 130 T   0.95909 0.03698 0.00377 0.00016 ( 1)
 131 N   0.96781 0.02899 0.00310 0.00010 ( 1)
 132 C   0.97951 0.01836 0.00209 0.00004 ( 1)
 133 P   0.94014 0.05437 0.00517 0.00032 ( 1)
 134 Y   0.93382 0.06018 0.00562 0.00039 ( 1)
 135 Y   0.93382 0.06018 0.00562 0.00039 ( 1)
 136 N   0.96786 0.02894 0.00310 0.00010 ( 1)
 137 E   0.93851 0.05583 0.00533 0.00034 ( 1)
 138 Y   0.90277 0.08822 0.00818 0.00083 ( 1)
 139 F   0.90642 0.08495 0.00786 0.00077 ( 1)
 140 V   0.93289 0.06044 0.00625 0.00043 ( 1)
 141 F   0.18439 0.47198 0.31340 0.03023 ( 2)
 142 D   0.91189 0.07973 0.00768 0.00070 ( 1)
 143 F   0.90763 0.08375 0.00787 0.00075 ( 1)
 144 H   0.96839 0.02795 0.00354 0.00011 ( 1)
 145 V   0.93180 0.06152 0.00624 0.00044 ( 1)
 146 S   0.28494 0.70429 0.00304 0.00773 ( 2)
 147 P   0.88202 0.10740 0.00941 0.00117 ( 1)
 148 D   0.27973 0.71167 0.00236 0.00624 ( 2)
 149 V   0.93289 0.06044 0.00625 0.00043 ( 1)
 150 M   0.93290 0.06038 0.00629 0.00043 ( 1)
 151 F   0.90763 0.08375 0.00787 0.00075 ( 1)
 152 D   0.91189 0.07973 0.00768 0.00070 ( 1)
 153 K   0.89605 0.09443 0.00858 0.00093 ( 1)
 154 I   0.90931 0.08216 0.00779 0.00073 ( 1)
 155 I   0.90931 0.08216 0.00779 0.00073 ( 1)
 156 K   0.89605 0.09443 0.00858 0.00093 ( 1)
 157 I   0.90931 0.08216 0.00779 0.00073 ( 1)
 158 S   0.93134 0.06190 0.00632 0.00044 ( 1)
 159 V   0.89923 0.08877 0.01090 0.00109 ( 1)
 160 I   0.89187 0.09582 0.01110 0.00121 ( 1)
 161 H   0.95903 0.03241 0.00827 0.00029 ( 1)
 162 S   0.92476 0.06449 0.01003 0.00072 ( 1)
 163 K   0.27862 0.70944 0.00333 0.00862 ( 2)
 164 N   0.94426 0.04610 0.00917 0.00046 ( 1)
 165 L   0.86529 0.12137 0.01169 0.00165 ( 1)
 166 L   0.86529 0.12137 0.01169 0.00165 ( 1)
 167 R   0.92939 0.06016 0.00980 0.00065 ( 1)
 168 S   0.93931 0.05131 0.00888 0.00050 ( 1)
 169 G   0.92418 0.06512 0.00998 0.00072 ( 1)
 170 T   0.94325 0.04721 0.00907 0.00047 ( 1)
 171 L   0.86412 0.12254 0.01167 0.00167 ( 1)
 172 V   0.89742 0.09058 0.01088 0.00112 ( 1)
 173 G   0.92459 0.06471 0.00999 0.00072 ( 1)
 174 S   0.92273 0.06652 0.01001 0.00074 ( 1)
 175 F   0.91312 0.07564 0.01037 0.00088 ( 1)
 176 K   0.91861 0.07050 0.01009 0.00079 ( 1)
 177 M   0.93826 0.05184 0.00936 0.00053 ( 1)
 178 D   0.91747 0.07146 0.01025 0.00082 ( 1)
 179 V   0.89742 0.09058 0.01088 0.00112 ( 1)
 180 G   0.93041 0.05926 0.00969 0.00063 ( 1)
 181 T   0.94347 0.04699 0.00907 0.00047 ( 1)
 182 V   0.89742 0.09058 0.01088 0.00112 ( 1)
 183 Y   0.90818 0.08033 0.01054 0.00095 ( 1)
 184 S   0.92378 0.06547 0.01002 0.00073 ( 1)
 185 Q   0.91721 0.07174 0.01022 0.00082 ( 1)
 186 P   0.94838 0.04245 0.00877 0.00041 ( 1)
 187 E   0.90125 0.08744 0.01029 0.00102 ( 1)
 188 H   0.97086 0.02520 0.00383 0.00011 ( 1)
 189 Q   0.93119 0.06152 0.00682 0.00047 ( 1)
 190 F   0.92731 0.06507 0.00710 0.00052 ( 1)
 191 H   0.97100 0.02506 0.00383 0.00011 ( 1)
 192 H   0.97111 0.02495 0.00383 0.00011 ( 1)
 193 K   0.91453 0.07688 0.00790 0.00069 ( 1)
 194 W   0.91357 0.07775 0.00797 0.00070 ( 1)
 195 A   0.94026 0.05301 0.00635 0.00038 ( 1)
 196 I   0.93123 0.06127 0.00702 0.00048 ( 1)
 197 L   0.87320 0.11529 0.01014 0.00136 ( 1)
 198 S   0.43034 0.56380 0.00244 0.00342 ( 2)
 199 D   0.34808 0.64438 0.00256 0.00498 ( 2)
 200 P   0.92962 0.06283 0.00706 0.00050 ( 1)
 201 D   0.36151 0.63222 0.00219 0.00408 ( 2)
 202 D   0.93390 0.05879 0.00686 0.00045 ( 1)
 203 I   0.93111 0.06139 0.00701 0.00048 ( 1)
 204 S   0.37408 0.61888 0.00257 0.00448 ( 2)
 205 A   0.97413 0.02134 0.00442 0.00011 ( 1)
 206 G   0.94993 0.04388 0.00591 0.00029 ( 1)
 207 L   0.87521 0.11329 0.01017 0.00134 ( 1)
 208 K   0.01505 0.97606 0.00013 0.00876 ( 2)
 209 G   0.94481 0.04844 0.00640 0.00035 ( 1)
 210 Y   0.32892 0.66284 0.00266 0.00558 ( 2)
 211 V   0.20304 0.78783 0.00182 0.00731 ( 2)
 212 K   0.92054 0.07088 0.00795 0.00064 ( 1)
 213 C   0.96736 0.02791 0.00458 0.00014 ( 1)
 214 D   0.93446 0.05772 0.00735 0.00047 ( 1)
 215 V   0.00080 0.99256 0.00001 0.00664 ( 2)
 216 A   0.94300 0.05026 0.00638 0.00036 ( 1)
 217 V   0.91438 0.07671 0.00819 0.00071 ( 1)
 218 M   0.30239 0.68851 0.00271 0.00639 ( 2)
 219 G   0.94316 0.05009 0.00639 0.00036 ( 1)
 220 K   0.91872 0.07269 0.00793 0.00065 ( 1)
 221 G   0.94938 0.04442 0.00590 0.00029 ( 1)
 222 D   0.93625 0.05643 0.00688 0.00044 ( 1)
 223 N   0.96010 0.03466 0.00505 0.00020 ( 1)
 224 I   0.93347 0.05903 0.00703 0.00047 ( 1)
 225 K   0.91872 0.07269 0.00793 0.00065 ( 1)
 226 T   0.00075 0.99223 0.00001 0.00702 ( 2)
 227 P   0.93257 0.05988 0.00708 0.00048 ( 1)
 228 H   0.97429 0.02176 0.00385 0.00009 ( 1)
 229 K   0.91872 0.07269 0.00793 0.00065 ( 1)
 230 A   0.94327 0.05000 0.00637 0.00036 ( 1)
 231 N   0.96108 0.03367 0.00505 0.00019 ( 1)
 232 E   0.93124 0.06106 0.00721 0.00049 ( 1)
 233 T   0.94358 0.04975 0.00632 0.00035 ( 1)
 234 D   0.01759 0.97440 0.00014 0.00788 ( 2)
 235 E   0.93124 0.06106 0.00721 0.00049 ( 1)
 236 D   0.01693 0.97478 0.00014 0.00815 ( 2)
 237 D   0.93625 0.05643 0.00688 0.00044 ( 1)
 238 I   0.90583 0.08470 0.00864 0.00083 ( 1)
 239 E   0.93124 0.06106 0.00721 0.00049 ( 1)
 240 G   0.94248 0.05118 0.00600 0.00035 ( 1)
 241 N   0.96159 0.03511 0.00316 0.00013 ( 1)
 242 L   0.95334 0.04272 0.00375 0.00018 ( 1)
 243 L   0.87644 0.11328 0.00907 0.00120 ( 1)
 244 L   0.94970 0.04600 0.00408 0.00022 ( 1)
 245 P   0.93279 0.06162 0.00522 0.00037 ( 1)
 246 E   0.01693 0.97693 0.00010 0.00604 ( 2)
 247 G   0.95007 0.04573 0.00399 0.00021 ( 1)
 248 V   0.91573 0.07717 0.00652 0.00058 ( 1)
 249 P   0.93381 0.06060 0.00523 0.00036 ( 1)
 250 P   0.01988 0.97542 0.00009 0.00461 ( 2)
 251 E   0.93324 0.06104 0.00534 0.00037 ( 1)
 252 R   0.94911 0.04652 0.00415 0.00022 ( 1)
 253 Q   0.93724 0.05746 0.00497 0.00033 ( 1)
 254 W   0.91818 0.07501 0.00627 0.00054 ( 1)
 255 A   0.94484 0.05043 0.00447 0.00026 ( 1)
 256 R   0.93993 0.05493 0.00483 0.00030 ( 1)
 257 F   0.93314 0.06120 0.00528 0.00037 ( 1)
 258 Y   0.92703 0.06686 0.00567 0.00044 ( 1)
 259 V   0.91573 0.07717 0.00652 0.00058 ( 1)
 260 K   0.92011 0.07315 0.00621 0.00052 ( 1)
 261 I   0.28453 0.70723 0.00230 0.00594 ( 2)
 262 Y   0.92777 0.06612 0.00568 0.00043 ( 1)
 263 R   0.96798 0.02510 0.00674 0.00018 ( 1)
 264 A   0.96084 0.03575 0.00328 0.00014 ( 1)
 265 E   0.93272 0.06151 0.00539 0.00038 ( 1)
 266 G   0.94963 0.04597 0.00418 0.00022 ( 1)
 267 L   0.87607 0.11366 0.00907 0.00121 ( 1)
 268 P   0.93437 0.06004 0.00523 0.00036 ( 1)
 269 R   0.41192 0.58350 0.00180 0.00278 ( 2)
 270 M   0.95877 0.03762 0.00347 0.00015 ( 1)
 271 N   0.96254 0.03417 0.00317 0.00012 ( 1)
 272 T   0.94005 0.05476 0.00489 0.00031 ( 1)
 273 S   0.56308 0.43432 0.00139 0.00121 ( 1)
 274 L   0.94890 0.04680 0.00408 0.00022 ( 1)
 275 M   0.95877 0.03762 0.00347 0.00015 ( 1)
 276 A   0.94484 0.05043 0.00447 0.00026 ( 1)
 277 N   0.96254 0.03417 0.00317 0.00012 ( 1)
 278 M   0.95877 0.03762 0.00347 0.00015 ( 1)
 279 K   0.92011 0.07315 0.00621 0.00052 ( 1)
 280 K   0.92057 0.07269 0.00622 0.00052 ( 1)
 281 A   0.93846 0.05612 0.00509 0.00033 ( 1)
 282 F   0.93314 0.06120 0.00528 0.00037 ( 1)
 283 I   0.91582 0.07710 0.00651 0.00058 ( 1)
 284 G   0.97330 0.02432 0.00231 0.00007 ( 1)
 285 E   0.93272 0.06151 0.00539 0.00038 ( 1)
 286 N   0.49348 0.50306 0.00162 0.00184 ( 2)
 287 K   0.92011 0.07315 0.00621 0.00052 ( 1)
 288 D   0.93776 0.05688 0.00503 0.00033 ( 1)
 289 L   0.87607 0.11366 0.00907 0.00121 ( 1)
 290 V   0.03167 0.96476 0.00010 0.00347 ( 2)
 291 D   0.93609 0.05855 0.00502 0.00034 ( 1)
 292 P   0.93240 0.06200 0.00522 0.00037 ( 1)
 293 Y   0.92610 0.06779 0.00567 0.00044 ( 1)
 294 V   0.91413 0.07877 0.00651 0.00059 ( 1)
 295 Q   0.95859 0.03805 0.00322 0.00014 ( 1)
 296 V   0.95627 0.04014 0.00342 0.00016 ( 1)
 297 F   0.92885 0.06447 0.00623 0.00046 ( 1)
 298 F   0.89785 0.09314 0.00814 0.00087 ( 1)
 299 A   0.93871 0.05551 0.00543 0.00034 ( 1)
 300 G   0.93894 0.05526 0.00546 0.00034 ( 1)
 301 Q   0.93139 0.06227 0.00592 0.00042 ( 1)
 302 K   0.91449 0.07778 0.00710 0.00063 ( 1)
 303 G   0.94753 0.04677 0.00541 0.00029 ( 1)
 304 K   0.92454 0.06783 0.00708 0.00054 ( 1)
 305 T   0.95732 0.03780 0.00468 0.00020 ( 1)
 306 S   0.91164 0.08079 0.00693 0.00064 ( 1)
 307 V   0.92030 0.07173 0.00737 0.00060 ( 1)
 308 Q   0.94170 0.05207 0.00588 0.00035 ( 1)
 309 K   0.94389 0.05006 0.00572 0.00032 ( 1)
 310 S   0.97561 0.02112 0.00319 0.00008 ( 1)
 311 S   0.97561 0.02112 0.00319 0.00008 ( 1)
 312 Y   0.93003 0.06278 0.00671 0.00048 ( 1)
 313 E   0.93719 0.05611 0.00630 0.00040 ( 1)
 314 P   0.93279 0.06107 0.00574 0.00040 ( 1)
 315 L   0.87920 0.10991 0.00965 0.00123 ( 1)
 316 W   0.92259 0.06972 0.00713 0.00056 ( 1)
 317 N   0.97431 0.02229 0.00332 0.00008 ( 1)
 318 E   0.93719 0.05611 0.00630 0.00040 ( 1)
 319 Q   0.94184 0.05194 0.00588 0.00034 ( 1)
 320 V   0.92587 0.06733 0.00632 0.00049 ( 1)
 321 V   0.49416 0.50089 0.00236 0.00259 ( 2)
 322 F   0.90704 0.08404 0.00814 0.00078 ( 1)
 323 T   0.94323 0.05062 0.00582 0.00033 ( 1)
 324 D   0.94221 0.05150 0.00594 0.00035 ( 1)
 325 L   0.87920 0.10991 0.00965 0.00123 ( 1)
 326 F   0.93656 0.05687 0.00618 0.00040 ( 1)
 327 P   0.93774 0.05574 0.00613 0.00039 ( 1)
 328 P   0.96997 0.02643 0.00349 0.00010 ( 1)
 329 L   0.95396 0.04081 0.00499 0.00023 ( 1)
 330 C   0.97826 0.01875 0.00292 0.00006 ( 1)
 331 K   0.92454 0.06783 0.00708 0.00054 ( 1)
 332 R   0.95338 0.04132 0.00506 0.00024 ( 1)
 333 M   0.49852 0.49677 0.00226 0.00245 ( 1)
 334 K   0.92914 0.06324 0.00712 0.00051 ( 1)
 335 V   0.93151 0.06128 0.00674 0.00047 ( 1)
 336 Q   0.94170 0.05207 0.00588 0.00035 ( 1)
 337 I   0.93945 0.05408 0.00609 0.00037 ( 1)
 338 R   0.94418 0.04975 0.00575 0.00032 ( 1)
 339 D   0.94221 0.05150 0.00594 0.00035 ( 1)
 340 S   0.90318 0.08765 0.00833 0.00084 ( 1)
 341 D   0.94221 0.05150 0.00594 0.00035 ( 1)
 342 K   0.92454 0.06783 0.00708 0.00054 ( 1)
 343 V   0.96247 0.03306 0.00432 0.00016 ( 1)
 344 N   0.96635 0.02948 0.00404 0.00013 ( 1)
 345 D   0.94218 0.05153 0.00594 0.00035 ( 1)
 346 V   0.30788 0.68392 0.00247 0.00573 ( 2)
 347 A   0.41849 0.57563 0.00238 0.00350 ( 2)
 348 I   0.93930 0.05423 0.00609 0.00037 ( 1)
 349 G   0.94907 0.04524 0.00541 0.00028 ( 1)
 350 T   0.96738 0.02858 0.00391 0.00013 ( 1)
 351 H   0.97876 0.01831 0.00287 0.00006 ( 1)
 352 F   0.93755 0.05587 0.00619 0.00039 ( 1)
 353 I   0.91278 0.07933 0.00724 0.00066 ( 1)
 354 D   0.94214 0.05157 0.00594 0.00035 ( 1)
 355 L   0.21633 0.77263 0.00237 0.00867 ( 2)
 356 R   0.95369 0.04102 0.00506 0.00023 ( 1)
 357 K   0.92447 0.06790 0.00708 0.00055 ( 1)
 358 I   0.30472 0.69148 0.00109 0.00272 ( 2)
 359 S   0.94759 0.04665 0.00547 0.00029 ( 1)
 360 N   0.96631 0.02952 0.00404 0.00013 ( 1)
 361 D   0.37675 0.61651 0.00246 0.00427 ( 2)
 362 G   0.94783 0.04652 0.00538 0.00028 ( 1)
 363 D   0.94145 0.05226 0.00594 0.00035 ( 1)
 364 K   0.94415 0.04988 0.00565 0.00032 ( 1)
 365 G   0.94612 0.04795 0.00563 0.00030 ( 1)
 366 F   0.93711 0.05714 0.00540 0.00035 ( 1)
 367 L   0.87984 0.10981 0.00917 0.00117 ( 1)
 368 P   0.93804 0.05627 0.00535 0.00034 ( 1)
 369 T   0.94943 0.04581 0.00452 0.00024 ( 1)
 370 L   0.87891 0.11075 0.00916 0.00118 ( 1)
 371 G   0.94886 0.04628 0.00461 0.00024 ( 1)
 372 P   0.93823 0.05608 0.00535 0.00034 ( 1)
 373 A   0.02705 0.96776 0.00013 0.00506 ( 2)
 374 W   0.92223 0.07086 0.00639 0.00052 ( 1)
 375 V   0.91974 0.07306 0.00664 0.00056 ( 1)
 376 N   0.96617 0.03044 0.00327 0.00011 ( 1)
 377 M   0.96253 0.03376 0.00357 0.00014 ( 1)
 378 Y   0.92971 0.06393 0.00593 0.00043 ( 1)
 379 G   0.94886 0.04628 0.00461 0.00024 ( 1)
 380 S   0.94740 0.04768 0.00467 0.00025 ( 1)
 381 T   0.94449 0.05033 0.00489 0.00028 ( 1)
 382 R   0.95311 0.04242 0.00426 0.00021 ( 1)
 383 N   0.96617 0.03044 0.00327 0.00011 ( 1)
 384 Y   0.93191 0.06189 0.00580 0.00041 ( 1)
 385 T   0.94951 0.04574 0.00452 0.00024 ( 1)
 386 L   0.87891 0.11075 0.00916 0.00118 ( 1)
 387 L   0.88222 0.10744 0.00919 0.00115 ( 1)
 388 D   0.94143 0.05306 0.00520 0.00031 ( 1)
 389 E   0.93687 0.05726 0.00551 0.00036 ( 1)
 390 H   0.97873 0.01902 0.00219 0.00005 ( 1)
 391 Q   0.94139 0.05321 0.00509 0.00031 ( 1)
 392 D   0.37941 0.61491 0.00207 0.00361 ( 2)
 393 L   0.87891 0.11075 0.00916 0.00118 ( 1)
 394 N   0.96961 0.02745 0.00285 0.00009 ( 1)
 395 E   0.01912 0.97462 0.00011 0.00615 ( 2)
 396 G   0.94909 0.04605 0.00462 0.00024 ( 1)
 397 L   0.87908 0.11058 0.00916 0.00118 ( 1)
 398 G   0.95455 0.04117 0.00408 0.00019 ( 1)
 399 E   0.93630 0.05783 0.00551 0.00036 ( 1)
 400 G   0.94822 0.04692 0.00461 0.00025 ( 1)
 401 V   0.91855 0.07425 0.00663 0.00056 ( 1)
 402 S   0.96327 0.03290 0.00369 0.00014 ( 1)
 403 F   0.93608 0.05817 0.00539 0.00036 ( 1)
 404 R   0.95175 0.04378 0.00426 0.00021 ( 1)
 405 A   0.94756 0.04761 0.00458 0.00025 ( 1)
 406 R   0.95039 0.04514 0.00425 0.00022 ( 1)
 407 L   0.95098 0.04462 0.00418 0.00021 ( 1)
 408 M   0.95997 0.03631 0.00356 0.00015 ( 1)
 409 L   0.87696 0.11270 0.00914 0.00120 ( 1)
 410 G   0.94608 0.04906 0.00460 0.00026 ( 1)
 411 L   0.87696 0.11270 0.00914 0.00120 ( 1)
 412 A   0.97715 0.02006 0.00273 0.00006 ( 1)
 413 V   0.14630 0.36405 0.44906 0.04059 ( 3)
 414 E   0.93117 0.06296 0.00548 0.00040 ( 1)
 415 I   0.93343 0.06093 0.00527 0.00037 ( 1)
 416 L   0.87465 0.11500 0.00912 0.00123 ( 1)
 417 D   0.93561 0.05893 0.00511 0.00035 ( 1)
 418 T   0.41891 0.57677 0.00173 0.00260 ( 2)
 419 S   0.94116 0.05391 0.00464 0.00029 ( 1)
 420 N   0.47382 0.52262 0.00160 0.00196 ( 2)
 421 P   0.90143 0.09035 0.00745 0.00078 ( 1)
 422 E   0.93057 0.06356 0.00547 0.00040 ( 1)
 423 L   0.94743 0.04807 0.00426 0.00023 ( 1)
 424 T   0.96161 0.03504 0.00322 0.00013 ( 1)
 425 S   0.97027 0.02696 0.00269 0.00008 ( 1)
 426 S   0.94073 0.05408 0.00489 0.00030 ( 1)
 427 T   0.94182 0.05292 0.00496 0.00030 ( 1)
 428 E   0.01683 0.97609 0.00011 0.00697 ( 2)
 429 V   0.91057 0.08198 0.00681 0.00064 ( 1)
 430 Q   0.93179 0.06255 0.00529 0.00038 ( 1)
 431 V   0.91049 0.08206 0.00681 0.00064 ( 1)
 432 E   0.92767 0.06625 0.00566 0.00043 ( 1)
 433 Q   0.02203 0.97361 0.00009 0.00427 ( 2)
 434 A   0.93892 0.05598 0.00479 0.00031 ( 1)
 435 T   0.34064 0.65354 0.00191 0.00391 ( 2)
 436 P   0.92436 0.06745 0.00762 0.00058 ( 1)
 437 V   0.94851 0.04475 0.00642 0.00032 ( 1)
 438 S   0.93061 0.06188 0.00701 0.00049 ( 1)
 439 E   0.91972 0.07194 0.00771 0.00063 ( 1)
 440 S   0.96827 0.02836 0.00327 0.00011 ( 1)
 441 C   0.97174 0.02518 0.00300 0.00009 ( 1)
 442 V   0.91175 0.08018 0.00740 0.00068 ( 1)
 443 G   0.94685 0.04794 0.00494 0.00027 ( 1)
 444 K   0.93558 0.05787 0.00614 0.00040 ( 1)
 445 M   0.95464 0.04073 0.00442 0.00020 ( 1)
 446 E   0.92893 0.06431 0.00629 0.00046 ( 1)
 447 E   0.92893 0.06431 0.00629 0.00046 ( 1)
 448 F   0.92881 0.06450 0.00623 0.00046 ( 1)
 449 F   0.89915 0.09184 0.00815 0.00086 ( 1)
 450 L   0.94228 0.05219 0.00522 0.00031 ( 1)
 451 F   0.89915 0.09184 0.00815 0.00086 ( 1)
 452 G   0.93986 0.05437 0.00543 0.00034 ( 1)
 453 A   0.94050 0.05372 0.00544 0.00033 ( 1)
 454 L   0.93760 0.05689 0.00517 0.00034 ( 1)
 455 L   0.87326 0.11579 0.00964 0.00131 ( 1)
 456 E   0.92837 0.06482 0.00634 0.00047 ( 1)
 457 A   0.94050 0.05372 0.00544 0.00033 ( 1)
 458 S   0.89552 0.09523 0.00834 0.00092 ( 1)
 459 M   0.95464 0.04073 0.00442 0.00020 ( 1)
 460 I   0.93014 0.06329 0.00613 0.00044 ( 1)
 461 D   0.93316 0.06044 0.00599 0.00041 ( 1)
 462 R   0.93558 0.05824 0.00580 0.00038 ( 1)
 463 K   0.93613 0.05779 0.00571 0.00037 ( 1)
 464 N   0.96484 0.03129 0.00373 0.00013 ( 1)
 465 G   0.93986 0.05437 0.00543 0.00034 ( 1)
 466 D   0.93340 0.06020 0.00599 0.00041 ( 1)
 467 K   0.91593 0.07634 0.00711 0.00062 ( 1)
 468 P   0.92974 0.06364 0.00618 0.00045 ( 1)
 469 I   0.93063 0.06279 0.00614 0.00044 ( 1)
 470 T   0.45377 0.54189 0.00188 0.00246 ( 2)
 471 F   0.89915 0.09184 0.00815 0.00086 ( 1)
 472 E   0.92837 0.06482 0.00634 0.00047 ( 1)
 473 V   0.95462 0.04079 0.00439 0.00020 ( 1)
 474 T   0.95092 0.04407 0.00477 0.00024 ( 1)
 475 I   0.98961 0.00903 0.00135 0.00001 ( 1)
 476 G   0.93975 0.05445 0.00547 0.00034 ( 1)
 477 N   0.96731 0.02949 0.00309 0.00010 ( 1)
 478 Y   0.93099 0.06283 0.00577 0.00041 ( 1)
 479 G   0.95633 0.03958 0.00391 0.00018 ( 1)
 480 N   0.96795 0.02915 0.00281 0.00009 ( 1)
 481 E   0.93875 0.05564 0.00528 0.00033 ( 1)
 482 V   0.96547 0.03106 0.00336 0.00012 ( 1)
 483 D   0.93128 0.06252 0.00579 0.00041 ( 1)
 484 G   0.95128 0.04406 0.00443 0.00022 ( 1)
 485 L   0.87982 0.10998 0.00905 0.00116 ( 1)
 486 S   0.96874 0.02823 0.00293 0.00010 ( 1)
 487 R   0.93262 0.06168 0.00532 0.00038 ( 1)
 488 P   0.93954 0.05497 0.00517 0.00032 ( 1)
 489 Q   0.21172 0.33557 0.42741 0.02530 ( 3)
 490 R   0.94595 0.04901 0.00477 0.00027 ( 1)
 491 P   0.27617 0.71556 0.00223 0.00603 ( 2)
 492 R   0.20536 0.32964 0.43888 0.02612 ( 3)
 493 P   0.90885 0.08311 0.00734 0.00070 ( 1)
 494 R   0.39732 0.59743 0.00200 0.00325 ( 2)
 495 P   0.90885 0.08311 0.00734 0.00070 ( 1)
