88
Bacu_HTT         0.0000000 0.1368681 0.1070117 0.0092218 0.0292384 0.0279316 0.0324516 0.0349414 0.0423796 0.0317217 0.0334721 0.1408749 0.1001615 0.0428265 0.1189092 0.1069493 0.1076612 0.1071086 0.1016210 0.0379093 0.0488229 0.0417616 0.0331362 0.1356445 0.1027531 0.1130569 0.1013013 0.0957638 0.0970551 0.1275608 0.1241386 0.1103851 0.1289523 0.1006766 0.1092110 0.1057622 0.1017218 0.1040106 0.0981004 0.1007413 0.1575718 0.1075883 0.1000243 0.1251672 0.1341993 0.0909610 0.1015531 0.0818798 0.1008271 0.0926807 0.0997335 0.0995045 0.0405016 0.0976201 0.0983978 0.1008215 0.1400933 0.1082208 0.0969201 0.1011444 0.1029656 0.1102336 0.0959774 0.1227844 0.1080302 0.0979005 0.1091359 0.1317295 0.1021339 0.1051208 0.1363694 0.1035280 0.1112540 0.1056471 0.1055980 0.1129278 0.1594532 0.1012283 0.1137946 0.1053788 0.1067947 0.1076969 0.1017348 0.1056243 0.1090158 0.0945811 0.1079563 0.0974671 
Barn_HTT         0.1368681 0.0000000 0.0327820 0.1331438 0.1350226 0.1291911 0.1285272 0.1388085 0.1110154 0.1341210 0.1239851 0.0671096 0.1173039 0.1237478 0.1561251 0.1049196 0.1137250 0.1091829 0.1086417 0.1075991 0.1056680 0.1078751 0.1277593 0.1115294 0.1113125 0.1479636 0.1068541 0.0546705 0.1074500 0.1802668 0.1606205 0.1248479 0.1575864 0.1099996 0.1013508 0.1073466 0.1110613 0.1101734 0.1069662 0.1104485 0.1217232 0.0763915 0.0584569 0.1184365 0.0215014 0.0599629 0.0598380 0.0645058 0.0575694 0.0597633 0.0563971 0.1092222 0.1553699 0.0594577 0.0609867 0.0559363 0.1154741 0.1168401 0.1095187 0.1060572 0.1107992 0.1315864 0.1123680 0.1235932 0.1199295 0.1125093 0.1398251 0.1103941 0.1138298 0.1151160 0.0778217 0.1088862 0.1117950 0.1076468 0.1104645 0.1114918 0.0657085 0.1067875 0.1138897 0.1045506 0.1084535 0.1093191 0.1091634 0.1141835 0.1142460 0.0602022 0.1113741 0.0592021 
Bbai76728_HTT    0.1070117 0.0327820 0.0000000 0.1003461 0.0847445 0.0871917 0.0873926 0.1118240 0.0858246 0.1043828 0.0855249 0.1200374 0.0833346 0.0857020 0.1032138 0.0920833 0.0869367 0.0840825 0.0880410 0.0752253 0.0777725 0.0780643 0.0874272 0.1243054 0.0864269 0.0954653 0.0871973 0.0225114 0.0835043 0.1160164 0.1132178 0.0918065 0.1135453 0.0832936 0.0832185 0.0934826 0.0810309 0.0945357 0.0772602 0.0821063 0.1081162 0.0331925 0.0250323 0.0523773 0.0471525 0.0267263 0.0253639 0.0231373 0.0281860 0.0260356 0.0246064 0.0883518 0.1186375 0.0292423 0.0271074 0.0266958 0.0970911 0.0964975 0.0798268 0.0862393 0.0942152 0.0895252 0.0787199 0.0952513 0.0885292 0.0804861 0.1074440 0.1130911 0.0824847 0.0986018 0.1115272 0.0808956 0.0829447 0.0943047 0.0821373 0.0951117 0.1387608 0.0911747 0.0883391 0.0796144 0.0816275 0.0843813 0.0853155 0.0882095 0.0953993 0.0304428 0.0961965 0.0253249 
BbonAUS_HTT      0.0092218 0.1331438 0.1003461 0.0000000 0.0273709 0.0260788 0.0267551 0.0331949 0.0371155 0.0315824 0.0296237 0.1236598 0.0891795 0.0408806 0.1105115 0.0946086 0.0997585 0.0970885 0.0931490 0.0325488 0.0410851 0.0351092 0.0323145 0.1293534 0.0934573 0.1021248 0.0916367 0.0872529 0.0880770 0.1223432 0.1234273 0.0966704 0.1212050 0.0898343 0.0933881 0.0922403 0.0867344 0.0958744 0.0849670 0.0895445 0.1068432 0.1047934 0.0943318 0.1220691 0.1306823 0.0903457 0.0955522 0.0777378 0.0986116 0.0934549 0.0950245 0.0910669 0.0416858 0.0947519 0.0946122 0.0953200 0.0957602 0.0983277 0.0879332 0.0879064 0.0947039 0.1015861 0.0835536 0.0985644 0.0942034 0.0855180 0.1100619 0.1312235 0.0844972 0.0959402 0.1285529 0.0890942 0.0989161 0.0935311 0.0956641 0.1037468 0.1536807 0.0918635 0.1009333 0.0928414 0.0923462 0.0965484 0.0916710 0.0972640 0.0994381 0.0885722 0.0983621 0.0937955 
Bbor_HTT         0.0292384 0.1350226 0.0847445 0.0273709 0.0000000 0.0071657 0.0079334 0.0217367 0.0324513 0.0260734 0.0303335 0.1265096 0.0816447 0.0358287 0.0823180 0.0855854 0.0863539 0.0870887 0.0751989 0.0280735 0.0307089 0.0349935 0.0288926 0.1215596 0.0813588 0.0751802 0.0724358 0.0824696 0.0847762 0.1075731 0.1048236 0.0903370 0.0820296 0.0766858 0.0826387 0.0772849 0.0808117 0.0779997 0.0812516 0.0775156 0.1218902 0.0951654 0.0865152 0.0841223 0.1057250 0.0785678 0.0827007 0.0714618 0.0882103 0.0818151 0.0862971 0.0737495 0.0382672 0.0842010 0.0854818 0.0838605 0.1070927 0.0828060 0.0770154 0.0782199 0.0779171 0.0856012 0.0778821 0.0960199 0.0850138 0.0788451 0.0868744 0.1044744 0.0809658 0.0800028 0.1280947 0.0821944 0.0855801 0.0811262 0.0770678 0.0914133 0.1457690 0.0782751 0.0898132 0.0825476 0.0813625 0.0821038 0.0776704 0.0815805 0.0834163 0.0812920 0.0812337 0.0845166 
Bede66737_HTT    0.0279316 0.1291911 0.0871917 0.0260788 0.0071657 0.0000000 0.0046867 0.0216778 0.0334639 0.0260742 0.0287308 0.1216234 0.0796717 0.0345482 0.0787564 0.0886453 0.0905137 0.0896195 0.0796804 0.0258250 0.0305165 0.0340688 0.0277749 0.1154245 0.0827653 0.0726942 0.0764666 0.0788415 0.0816561 0.1050296 0.1069283 0.0900595 0.0858225 0.0810230 0.0812150 0.0815091 0.0815119 0.0824494 0.0776136 0.0762224 0.1344360 0.0998222 0.0882727 0.0809935 0.1115913 0.0813047 0.0874421 0.0677657 0.0921326 0.0842948 0.0880070 0.0776798 0.0380739 0.0872472 0.0888809 0.0908925 0.1119075 0.0868278 0.0792259 0.0817616 0.0823354 0.0906885 0.0745807 0.0944153 0.0874525 0.0752168 0.0905153 0.1179836 0.0789155 0.0838199 0.1268374 0.0795726 0.0893818 0.0828398 0.0809793 0.0948599 0.1535718 0.0834893 0.0934942 0.0850667 0.0833007 0.0860000 0.0812127 0.0856301 0.0862647 0.0814501 0.0850122 0.0865736 
BedeAUS_HTT      0.0324516 0.1285272 0.0873926 0.0267551 0.0079334 0.0046867 0.0000000 0.0239017 0.0370861 0.0298473 0.0289765 0.1186924 0.0856161 0.0319125 0.0842055 0.0887207 0.0949393 0.0903302 0.0847363 0.0276941 0.0325777 0.0362678 0.0268512 0.1264689 0.0877120 0.0742596 0.0841422 0.0832902 0.0833010 0.1084099 0.1051906 0.0884368 0.0919423 0.0805911 0.0831384 0.0844508 0.0788998 0.0894710 0.0830758 0.0836852 0.1482198 0.0973740 0.0896881 0.0809321 0.1127571 0.0834390 0.0877914 0.0665053 0.0933788 0.0857236 0.0891017 0.0826210 0.0412520 0.0872830 0.0866872 0.0896972 0.1256635 0.0927880 0.0830457 0.0809339 0.0879639 0.0926050 0.0767742 0.0967649 0.0867560 0.0818826 0.1003464 0.1213615 0.0828769 0.0889494 0.1229434 0.0802189 0.0907235 0.0898066 0.0834085 0.0956338 0.1571566 0.0852293 0.0938456 0.0870467 0.0915955 0.0849991 0.0819959 0.0916160 0.0855168 0.0868520 0.0914306 0.0830803 
Bmus_HTT         0.0349414 0.1388085 0.1118240 0.0331949 0.0217367 0.0216778 0.0239017 0.0000000 0.0416499 0.0289261 0.0273890 0.1452598 0.1016188 0.0426800 0.1174383 0.1057234 0.1105245 0.1079550 0.0998836 0.0383104 0.0492957 0.0430017 0.0293618 0.1349058 0.1035382 0.1129032 0.0982260 0.0962644 0.0964524 0.1283930 0.1256896 0.1111711 0.1286967 0.1029721 0.1080631 0.1051131 0.1008753 0.1018073 0.0974315 0.1026428 0.1558322 0.1070496 0.1003958 0.1274979 0.1370524 0.0942664 0.0999842 0.0823959 0.1025606 0.0946074 0.0982100 0.0989885 0.0382551 0.0970601 0.1011152 0.1013604 0.1404653 0.1090280 0.0983258 0.1034951 0.1024722 0.1060161 0.0950539 0.1261212 0.1057191 0.0971990 0.1057782 0.1323718 0.1024287 0.1054794 0.1383343 0.1028417 0.1081988 0.1050850 0.1068955 0.1136940 0.1676887 0.1017720 0.1150206 0.1061217 0.1073474 0.1060097 0.1026678 0.1065337 0.1081259 0.0957601 0.1065209 0.1005864 
Bmys_HTT         0.0423796 0.1110154 0.0858246 0.0371155 0.0324513 0.0334639 0.0370861 0.0416499 0.0000000 0.0322738 0.0377879 0.1150059 0.0808733 0.0368667 0.0949273 0.0857805 0.0837878 0.0848470 0.0809654 0.0101195 0.0160442 0.0117476 0.0285240 0.1173768 0.0831277 0.0959772 0.0793270 0.0759027 0.0719429 0.1047117 0.1025815 0.0938135 0.1091542 0.0808149 0.0834870 0.0821368 0.0796562 0.0836590 0.0798231 0.0774554 0.1086933 0.0735463 0.0760817 0.1014140 0.1053679 0.0708703 0.0823350 0.0569570 0.0797491 0.0723776 0.0769007 0.0793726 0.0420863 0.0763251 0.0773234 0.0836403 0.1017847 0.0852088 0.0769895 0.0816492 0.0829508 0.0873728 0.0778334 0.0935872 0.0888697 0.0803960 0.0887186 0.1045838 0.0824613 0.0852834 0.1079190 0.0833475 0.0852704 0.0840042 0.0857225 0.0903628 0.1247693 0.0796473 0.0926215 0.0819996 0.0847175 0.0845805 0.0806006 0.0830492 0.0828645 0.0755992 0.0843602 0.0783605 
Bphy_HTT         0.0317217 0.1341210 0.1043828 0.0315824 0.0260734 0.0260742 0.0298473 0.0289261 0.0322738 0.0000000 0.0027336 0.1258391 0.0815073 0.0381502 0.0792874 0.0877891 0.0882134 0.0903286 0.0874946 0.0311366 0.0420430 0.0338100 0.0251909 0.1224547 0.0885575 0.0771725 0.0837107 0.0855808 0.0865685 0.1111615 0.1091987 0.0930344 0.0915682 0.0866665 0.0900269 0.0877067 0.0831550 0.0885369 0.0805886 0.0830279 0.1028371 0.1016488 0.0898002 0.0862462 0.1298607 0.0839453 0.0931192 0.0676470 0.0890783 0.0869971 0.0944630 0.0866213 0.0274735 0.0877647 0.0938402 0.0957016 0.0933634 0.0946809 0.0815788 0.0863182 0.0866413 0.0984381 0.0771244 0.1045403 0.0941728 0.0798680 0.0990498 0.1287312 0.0866197 0.0930249 0.1189666 0.0842910 0.0921117 0.0873505 0.0903341 0.0973280 0.1420669 0.0842131 0.0981799 0.0854387 0.0874411 0.0878057 0.0854987 0.0870267 0.0903057 0.0873480 0.0919412 0.0919104 
Bphy_baits_HTT   0.0334721 0.1239851 0.0855249 0.0296237 0.0303335 0.0287308 0.0289765 0.0273890 0.0377879 0.0027336 0.0000000 0.1115644 0.0795095 0.0388797 0.0989594 0.0801419 0.0830681 0.0819167 0.0770371 0.0305258 0.0357947 0.0364913 0.0266245 0.1202853 0.0806209 0.0940961 0.0754214 0.0825538 0.0907728 0.1188583 0.1073008 0.0873245 0.1081965 0.0729284 0.0823421 0.0772483 0.0763069 0.0790405 0.0775975 0.0788432 0.1297185 0.0960310 0.0860658 0.1202461 0.1094156 0.0807479 0.0846889 0.0638363 0.0843330 0.0800431 0.0890311 0.0761486 0.0245280 0.0861455 0.0863744 0.0834811 0.1071714 0.0814073 0.0745235 0.0750596 0.0781183 0.0910577 0.0748858 0.0937109 0.0855964 0.0775933 0.1010225 0.1166630 0.0831734 0.0810889 0.1166611 0.0812467 0.0800526 0.0804023 0.0790158 0.0879392 0.1363130 0.0780852 0.0896584 0.0767270 0.0818036 0.0800137 0.0733041 0.0823269 0.0783026 0.0796947 0.0856064 0.0830335 
Ccom40_HTT       0.1408749 0.0671096 0.1200374 0.1236598 0.1265096 0.1216234 0.1186924 0.1452598 0.1150059 0.1258391 0.1115644 0.0000000 0.0277336 0.1157397 0.0707386 0.0444140 0.0471310 0.0443851 0.0563225 0.1132829 0.1121810 0.1153499 0.1215861 0.0900211 0.0391388 0.0584558 0.0375865 0.1203034 0.0815494 0.1686583 0.1479718 0.0515873 0.0763277 0.0245370 0.0213788 0.0354439 0.0409755 0.0262500 0.0274047 0.0274823 0.1052495 0.1317616 0.1253585 0.1764365 0.0803434 0.1108485 0.1306869 0.1253673 0.1200959 0.1208148 0.1215515 0.0561795 0.1479652 0.1218383 0.1280099 0.1168503 0.0631597 0.0642773 0.0373861 0.0365518 0.0389918 0.1073910 0.0411495 0.0624665 0.0644403 0.0422149 0.1333318 0.1101048 0.0625031 0.0635895 0.0333128 0.0426571 0.0444321 0.0387376 0.0412000 0.0525158 0.0169426 0.0421791 0.0441895 0.0372404 0.0378294 0.0443333 0.0406236 0.0442042 0.0403603 0.1142759 0.0410322 0.1137846 
Chea7320_HTT     0.1001615 0.1173039 0.0833346 0.0891795 0.0816447 0.0796717 0.0856161 0.1016188 0.0808733 0.0815073 0.0795095 0.0277336 0.0000000 0.0776667 0.0201409 0.0208132 0.0219544 0.0231574 0.0318160 0.0770542 0.0793547 0.0804203 0.0798615 0.0463506 0.0182341 0.0135571 0.0128602 0.0828255 0.0540269 0.1143394 0.1062523 0.0317036 0.0253935 0.0026339 0.0063726 0.0154397 0.0196949 0.0057362 0.0070541 0.0049498 0.0836734 0.0927389 0.0894387 0.0926293 0.1114768 0.0787052 0.0904243 0.0766569 0.0887992 0.0863560 0.0866712 0.0317469 0.0954593 0.0875450 0.0897955 0.0853487 0.0365708 0.0359894 0.0138803 0.0155140 0.0204348 0.0725430 0.0161476 0.0443217 0.0383630 0.0161777 0.0944520 0.1058656 0.0350016 0.0345009 0.0628431 0.0186809 0.0189059 0.0145509 0.0140077 0.0265306 0.0618727 0.0188888 0.0218654 0.0140090 0.0162060 0.0193769 0.0176124 0.0184389 0.0173472 0.0778464 0.0184077 0.0835536 
Cmar59905_HTT    0.0428265 0.1237478 0.0857020 0.0408806 0.0358287 0.0345482 0.0319125 0.0426800 0.0368667 0.0381502 0.0388797 0.1157397 0.0776667 0.0000000 0.0781225 0.0834548 0.0887900 0.0855409 0.0805896 0.0314848 0.0340265 0.0356879 0.0367668 0.1201937 0.0836540 0.0736244 0.0806023 0.0795701 0.0808726 0.1023216 0.1064151 0.0867782 0.0867207 0.0805834 0.0821279 0.0829311 0.0768175 0.0839215 0.0750970 0.0791647 0.1326754 0.0975535 0.0840841 0.0815113 0.1125621 0.0799172 0.0841032 0.0665352 0.0901160 0.0851089 0.0895933 0.0785940 0.0494146 0.0867299 0.0865527 0.0861298 0.1142619 0.0861148 0.0771348 0.0779675 0.0851389 0.0875046 0.0751402 0.0890419 0.0833399 0.0767337 0.0934650 0.1109948 0.0757803 0.0844179 0.1175075 0.0787649 0.0885288 0.0828054 0.0832435 0.0929984 0.1473658 0.0829374 0.0896838 0.0852514 0.0841368 0.0855917 0.0830774 0.0856118 0.0839955 0.0803226 0.0856258 0.0845572 
Dcap108471_HTT   0.1189092 0.1561251 0.1032138 0.1105115 0.0823180 0.0787564 0.0842055 0.1174383 0.0949273 0.0792874 0.0989594 0.0707386 0.0201409 0.0781225 0.0000000 0.0169682 0.0183977 0.0195217 0.0482012 0.0945020 0.0951884 0.0777974 0.1009344 0.0454048 0.0330934 0.0139376 0.0273409 0.1007546 0.0751253 0.1334746 0.1322939 0.0485195 0.0214092 0.0173601 0.0368898 0.0217396 0.0058456 0.0312722 0.0332309 0.0341152 0.1366235 0.1142421 0.0874888 0.1032185 0.1419322 0.0960398 0.0866467 0.1113298 0.1098144 0.1031597 0.1092621 0.0466899 0.1084435 0.0854110 0.1099400 0.1028788 0.0757564 0.0504638 0.0262435 0.0281518 0.0325698 0.0899406 0.0158130 0.0834207 0.0548117 0.0160591 0.1141765 0.1111657 0.0527421 0.0520023 0.0884174 0.0225473 0.0275607 0.0294280 0.0148601 0.0331097 0.0992120 0.0186305 0.0259389 0.0106770 0.0223039 0.0215546 0.0052688 0.0080185 0.0239250 0.0904632 0.0230047 0.1031412 
Dcap79929_HTT    0.1069493 0.1049196 0.0920833 0.0946086 0.0855854 0.0886453 0.0887207 0.1057234 0.0857805 0.0877891 0.0801419 0.0444140 0.0208132 0.0834548 0.0169682 0.0000000 0.0037783 0.0036131 0.0364785 0.0772477 0.0911118 0.0865746 0.0895420 0.0478215 0.0185661 0.0297295 0.0145992 0.0844744 0.0523681 0.1204580 0.1154979 0.0300725 0.0379132 0.0178810 0.0176054 0.0096532 0.0062332 0.0186739 0.0182808 0.0182152 0.1156901 0.0859689 0.0881434 0.1226270 0.1250361 0.0749060 0.0904597 0.0688162 0.0861065 0.0847978 0.0866452 0.0346378 0.1054293 0.0885993 0.0906818 0.0853769 0.0630287 0.0379852 0.0112860 0.0134353 0.0182480 0.0660834 0.0166090 0.0441400 0.0399092 0.0165567 0.1041516 0.1143890 0.0349240 0.0406602 0.0599728 0.0113900 0.0116851 0.0141947 0.0159746 0.0177344 0.0478884 0.0068853 0.0115202 0.0118065 0.0089133 0.0084269 0.0065193 0.0097862 0.0106960 0.0747274 0.0109051 0.0808227 
DdelSJR_HTT      0.1076612 0.1137250 0.0869367 0.0997585 0.0863539 0.0905137 0.0949393 0.1105245 0.0837878 0.0882134 0.0830681 0.0471310 0.0219544 0.0887900 0.0183977 0.0037783 0.0000000 0.0029149 0.0398677 0.0779137 0.0828267 0.0858504 0.0912719 0.0501415 0.0200239 0.0315855 0.0156363 0.0828100 0.0560342 0.1224012 0.1206474 0.0349730 0.0390006 0.0202151 0.0219233 0.0117003 0.0093119 0.0206118 0.0212190 0.0192299 0.0762809 0.0947081 0.0909207 0.1235724 0.1151511 0.0784876 0.0909448 0.0742441 0.0895535 0.0839703 0.0906533 0.0370784 0.1061501 0.0923250 0.0922434 0.0883981 0.0445241 0.0422021 0.0134249 0.0151845 0.0210109 0.0705938 0.0184290 0.0453737 0.0424616 0.0182948 0.1027203 0.1162834 0.0383471 0.0429076 0.0649644 0.0128225 0.0128095 0.0158211 0.0161361 0.0204802 0.0482145 0.0070800 0.0135332 0.0127874 0.0107476 0.0102894 0.0074058 0.0101204 0.0124680 0.0758537 0.0107361 0.0836227 
Ddeltrop4525_HTT 0.1071086 0.1091829 0.0840825 0.0970885 0.0870887 0.0896195 0.0903302 0.1079550 0.0848470 0.0903286 0.0819167 0.0443851 0.0231574 0.0855409 0.0195217 0.0036131 0.0029149 0.0000000 0.0354278 0.0759180 0.0834455 0.0867572 0.0901085 0.0506950 0.0195317 0.0322496 0.0165192 0.0832901 0.0544268 0.1223923 0.1155444 0.0317398 0.0401347 0.0194665 0.0196495 0.0111926 0.0088731 0.0206027 0.0208366 0.0196071 0.0861076 0.0875867 0.0887239 0.1201777 0.1116394 0.0749117 0.0894864 0.0707689 0.0850652 0.0832253 0.0857537 0.0336063 0.1045520 0.0883815 0.0893667 0.0855374 0.0393842 0.0376254 0.0136057 0.0157405 0.0218148 0.0685665 0.0185074 0.0432669 0.0416299 0.0193983 0.1018714 0.1193102 0.0374223 0.0396312 0.0619586 0.0128128 0.0130169 0.0164019 0.0173575 0.0195709 0.0502251 0.0092702 0.0136234 0.0121015 0.0106917 0.0096859 0.0087146 0.0123176 0.0115588 0.0753017 0.0113123 0.0788485 
Dleu_HTT         0.1016210 0.1086417 0.0880410 0.0931490 0.0751989 0.0796804 0.0847363 0.0998836 0.0809654 0.0874946 0.0770371 0.0563225 0.0318160 0.0805896 0.0482012 0.0364785 0.0398677 0.0354278 0.0000000 0.0739051 0.0881085 0.0759142 0.0855416 0.0625548 0.0357208 0.0431052 0.0330393 0.0737074 0.0560796 0.1175680 0.1204891 0.0431533 0.0537013 0.0335760 0.0344255 0.0329204 0.0331716 0.0334061 0.0298996 0.0317610 0.1156189 0.0860671 0.0829414 0.1067573 0.1195020 0.0767896 0.0820019 0.0731955 0.0841667 0.0788468 0.0858089 0.0048580 0.0996786 0.0832174 0.0820406 0.0772357 0.0476885 0.0241693 0.0280385 0.0298174 0.0347975 0.0669490 0.0305806 0.0317739 0.0242427 0.0320216 0.1011386 0.1099460 0.0221832 0.0230467 0.0488037 0.0343210 0.0318736 0.0326022 0.0342694 0.0401174 0.0757571 0.0329185 0.0378698 0.0319456 0.0322968 0.0358933 0.0352101 0.0341231 0.0355241 0.0658355 0.0358640 0.0772274 
EausAUS_HTT      0.0379093 0.1075991 0.0752253 0.0325488 0.0280735 0.0258250 0.0276941 0.0383104 0.0101195 0.0311366 0.0305258 0.1132829 0.0770542 0.0314848 0.0945020 0.0772477 0.0779137 0.0759180 0.0739051 0.0000000 0.0105971 0.0069886 0.0264234 0.1159901 0.0733136 0.0889640 0.0717048 0.0676371 0.0638057 0.1000098 0.0982311 0.0835503 0.1007109 0.0745685 0.0776258 0.0748134 0.0724115 0.0762893 0.0736655 0.0773504 0.0863794 0.0769796 0.0692385 0.1016061 0.1021394 0.0632853 0.0706885 0.0529847 0.0696891 0.0665604 0.0734243 0.0719418 0.0402570 0.0697566 0.0705840 0.0691647 0.0778794 0.0776115 0.0678695 0.0706407 0.0738099 0.0779298 0.0696680 0.0967395 0.0768612 0.0729778 0.0815925 0.0817520 0.0745913 0.0784549 0.1036566 0.0763966 0.0795368 0.0727965 0.0770540 0.0843288 0.1229483 0.0746058 0.0818921 0.0730814 0.0741829 0.0752676 0.0726985 0.0763422 0.0765869 0.0657328 0.0783620 0.0689285 
Egla13086_HTT    0.0488229 0.1056680 0.0777725 0.0410851 0.0307089 0.0305165 0.0325777 0.0492957 0.0160442 0.0420430 0.0357947 0.1121810 0.0793547 0.0340265 0.0951884 0.0911118 0.0828267 0.0834455 0.0881085 0.0105971 0.0000000 0.0033690 0.0270612 0.1190536 0.0815294 0.0932013 0.0880874 0.0744255 0.0722746 0.1029105 0.0998527 0.0876129 0.1085921 0.0787522 0.0837246 0.0882789 0.0741617 0.0928934 0.0773369 0.0785851 0.1295143 0.0833599 0.0755921 0.1004124 0.0947422 0.0690600 0.0776994 0.0555155 0.0794509 0.0706906 0.0764957 0.0863232 0.0516040 0.0724502 0.0748775 0.0781944 0.1177130 0.0916019 0.0746088 0.0859671 0.0920850 0.0854400 0.0759211 0.0965560 0.0851674 0.0778057 0.0975515 0.1049179 0.0802579 0.0928714 0.1037611 0.0786804 0.0855856 0.0926725 0.0843068 0.0890392 0.1285560 0.0876960 0.0900471 0.0829576 0.0851868 0.0823822 0.0773285 0.0815596 0.0890671 0.0741909 0.0937571 0.0734823 
Ejap43864_HTT    0.0417616 0.1078751 0.0780643 0.0351092 0.0349935 0.0340688 0.0362678 0.0430017 0.0117476 0.0338100 0.0364913 0.1153499 0.0804203 0.0356879 0.0777974 0.0865746 0.0858504 0.0867572 0.0759142 0.0069886 0.0033690 0.0000000 0.0274152 0.1174500 0.0841449 0.0763488 0.0788954 0.0743917 0.0715674 0.0977841 0.0961890 0.0917996 0.0895839 0.0788749 0.0829421 0.0783252 0.0804864 0.0834914 0.0789880 0.0784463 0.1198727 0.0891300 0.0785982 0.0756641 0.1024597 0.0748955 0.0832387 0.0569700 0.0861330 0.0771077 0.0820012 0.0750921 0.0450378 0.0778576 0.0813026 0.0853688 0.1036729 0.0796509 0.0770177 0.0797685 0.0813027 0.0852461 0.0759940 0.0955547 0.0868084 0.0794285 0.0899804 0.1062870 0.0785760 0.0811651 0.1088355 0.0843071 0.0864418 0.0841749 0.0820652 0.0926989 0.1282426 0.0817913 0.0935592 0.0806768 0.0844394 0.0855720 0.0796878 0.0826588 0.0807297 0.0783728 0.0834561 0.0798340 
Erob133443_HTT   0.0331362 0.1277593 0.0874272 0.0323145 0.0288926 0.0277749 0.0268512 0.0293618 0.0285240 0.0251909 0.0266245 0.1215861 0.0798615 0.0367668 0.1009344 0.0895420 0.0912719 0.0901085 0.0855416 0.0264234 0.0270612 0.0274152 0.0000000 0.1244665 0.0838566 0.0954980 0.0838075 0.0781652 0.0795384 0.1162691 0.1151610 0.0919784 0.1157620 0.0813813 0.0857307 0.0881634 0.0754307 0.0898459 0.0802110 0.0805060 0.1034915 0.1024044 0.0850157 0.1144280 0.1111117 0.0833236 0.0833827 0.0699908 0.0876593 0.0818776 0.0886618 0.0852908 0.0345831 0.0882023 0.0880735 0.0854184 0.0890142 0.0921959 0.0786153 0.0805322 0.0858295 0.0966766 0.0735849 0.0965407 0.0897605 0.0753864 0.1062865 0.1137455 0.0822931 0.0883809 0.1230338 0.0841496 0.0870384 0.0859784 0.0892183 0.0955838 0.1434542 0.0844846 0.0942926 0.0865888 0.0885637 0.0896731 0.0797689 0.0867638 0.0883143 0.0806182 0.0911192 0.0859968 
Fatt_HTT         0.1356445 0.1115294 0.1243054 0.1293534 0.1215596 0.1154245 0.1264689 0.1349058 0.1173768 0.1224547 0.1202853 0.0900211 0.0463506 0.1201937 0.0454048 0.0478215 0.0501415 0.0506950 0.0625548 0.1159901 0.1190536 0.1174500 0.1244665 0.0000000 0.0371380 0.0310763 0.0307805 0.1204716 0.1010373 0.1526508 0.1525852 0.0613614 0.0201463 0.0477464 0.0492950 0.0446075 0.0461731 0.0428520 0.0448017 0.0448240 0.1660901 0.1429770 0.1323891 0.1332410 0.1756048 0.1210739 0.1271798 0.1631388 0.1375862 0.1312785 0.1359177 0.0608528 0.1410588 0.1243645 0.1318108 0.1262089 0.0948243 0.0657585 0.0381241 0.0409478 0.0403930 0.0692405 0.0329227 0.1138784 0.0368615 0.0324379 0.1357035 0.2191902 0.0682103 0.0653932 0.1114688 0.0471348 0.0517209 0.0065993 0.0068370 0.0556559 0.1625765 0.0479051 0.0195695 0.0401068 0.0471788 0.0476275 0.0479404 0.0465133 0.0461958 0.1141045 0.0471676 0.1270586 
Ggri_HTT         0.1027531 0.1113125 0.0864269 0.0934573 0.0813588 0.0827653 0.0877120 0.1035382 0.0831277 0.0885575 0.0806209 0.0391388 0.0182341 0.0836540 0.0330934 0.0185661 0.0200239 0.0195317 0.0357208 0.0733136 0.0815294 0.0841449 0.0838566 0.0371380 0.0000000 0.0201990 0.0077360 0.0799746 0.0497644 0.1214093 0.1143878 0.0281431 0.0359682 0.0161022 0.0155632 0.0149669 0.0178053 0.0168967 0.0166253 0.0148547 0.1117430 0.0894638 0.0893045 0.1210996 0.1160214 0.0768579 0.0868261 0.0757805 0.0832702 0.0841613 0.0850620 0.0338980 0.1006781 0.0881147 0.0898229 0.0884633 0.0596526 0.0371171 0.0102237 0.0117666 0.0140452 0.0664445 0.0080063 0.0449641 0.0396169 0.0082521 0.1011616 0.1127879 0.0360698 0.0373173 0.0593063 0.0188662 0.0130353 0.0057678 0.0086591 0.0238823 0.0597113 0.0168487 0.0177948 0.0126671 0.0135122 0.0174867 0.0160651 0.0177955 0.0141336 0.0726994 0.0181169 0.0824521 
Gmac39091_HTT    0.1130569 0.1479636 0.0954653 0.1021248 0.0751802 0.0726942 0.0742596 0.1129032 0.0959772 0.0771725 0.0940961 0.0584558 0.0135571 0.0736244 0.0139376 0.0297295 0.0315855 0.0322496 0.0431052 0.0889640 0.0932013 0.0763488 0.0954980 0.0310763 0.0201990 0.0000000 0.0147468 0.0972539 0.0713731 0.1308838 0.1258809 0.0390841 0.0178928 0.0125783 0.0280005 0.0245547 0.0117923 0.0265978 0.0263791 0.0261564 0.1354726 0.1048699 0.0825926 0.0957950 0.1305509 0.0924971 0.0814335 0.1067542 0.1040419 0.0993059 0.1011417 0.0420466 0.1028972 0.0784653 0.1023537 0.0953910 0.0715340 0.0463161 0.0208996 0.0220470 0.0243267 0.0852105 0.0030046 0.0731680 0.0496939 0.0029388 0.1141756 0.1065241 0.0478082 0.0488934 0.0772467 0.0280902 0.0295788 0.0182698 0.0047483 0.0371467 0.1035414 0.0281959 0.0315403 0.0085915 0.0272019 0.0281937 0.0117902 0.0145283 0.0260630 0.0880527 0.0301942 0.0948835 
Gmel_HTT         0.1013013 0.1068541 0.0871973 0.0916367 0.0724358 0.0764666 0.0841422 0.0982260 0.0793270 0.0837107 0.0754214 0.0375865 0.0128602 0.0806023 0.0273409 0.0145992 0.0156363 0.0165192 0.0330393 0.0717048 0.0880874 0.0788954 0.0838075 0.0307805 0.0077360 0.0147468 0.0000000 0.0762372 0.0499810 0.1183524 0.1140176 0.0268115 0.0304960 0.0124027 0.0122030 0.0106927 0.0136709 0.0134738 0.0126641 0.0098433 0.1168647 0.0802943 0.0818984 0.1106847 0.1163819 0.0713842 0.0824680 0.0716667 0.0812900 0.0769068 0.0805831 0.0318890 0.0932949 0.0834242 0.0836071 0.0795195 0.0640373 0.0357904 0.0076641 0.0089268 0.0127896 0.0655907 0.0042179 0.0399447 0.0359654 0.0045199 0.1004866 0.1085358 0.0319897 0.0376602 0.0546391 0.0143628 0.0121305 0.0055031 0.0060907 0.0202951 0.0527320 0.0117700 0.0168195 0.0091327 0.0125604 0.0142565 0.0117944 0.0134045 0.0109087 0.0662000 0.0154996 0.0768654 
Hamp_HTT         0.0957638 0.0546705 0.0225114 0.0872529 0.0824696 0.0788415 0.0832902 0.0962644 0.0759027 0.0855808 0.0825538 0.1203034 0.0828255 0.0795701 0.1007546 0.0844744 0.0828100 0.0832901 0.0737074 0.0676371 0.0744255 0.0743917 0.0781652 0.1204716 0.0799746 0.0972539 0.0762372 0.0000000 0.0841542 0.1152177 0.1084946 0.0961702 0.1086509 0.0804534 0.0790328 0.0808056 0.0846235 0.0817712 0.0792586 0.0780912 0.1323830 0.0254245 0.0143875 0.0361732 0.0347404 0.0172169 0.0144123 0.0106240 0.0184257 0.0127218 0.0135552 0.0740886 0.0977792 0.0170960 0.0150784 0.0172407 0.1148561 0.0816845 0.0771827 0.0782166 0.0811282 0.0867938 0.0821402 0.0969114 0.0856086 0.0785612 0.0960172 0.1032878 0.0836903 0.0810175 0.1103206 0.0845062 0.0841910 0.0813729 0.0778152 0.0925136 0.1295721 0.0806079 0.0842740 0.0823732 0.0836760 0.0839837 0.0818257 0.0839959 0.0842532 0.0220999 0.0850303 0.0211548 
Igeo_HTT         0.0970551 0.1074500 0.0835043 0.0880770 0.0847762 0.0816561 0.0833010 0.0964524 0.0719429 0.0865685 0.0907728 0.0815494 0.0540269 0.0808726 0.0751253 0.0523681 0.0560342 0.0544268 0.0560796 0.0638057 0.0722746 0.0715674 0.0795384 0.1010373 0.0497644 0.0713731 0.0499810 0.0841542 0.0000000 0.1305590 0.1244051 0.0636449 0.0764559 0.0544440 0.0531379 0.0486962 0.0510932 0.0530693 0.0506313 0.0527018 0.0950906 0.0890814 0.0856290 0.1336603 0.1105805 0.0829780 0.0876337 0.0641595 0.0897681 0.0831465 0.0853233 0.0548556 0.1014991 0.0854202 0.0890648 0.0826419 0.0784578 0.0606177 0.0527005 0.0518227 0.0523479 0.0495708 0.0531750 0.0668549 0.0619136 0.0541083 0.1000420 0.1031180 0.0552359 0.0593411 0.0926426 0.0501713 0.0572242 0.0499038 0.0531425 0.0520962 0.0949541 0.0518060 0.0540786 0.0495191 0.0477956 0.0534551 0.0518902 0.0523109 0.0550368 0.0730457 0.0533512 0.0797748 
Kbre_HTT         0.1275608 0.1802668 0.1160164 0.1223432 0.1075731 0.1050296 0.1084099 0.1283930 0.1047117 0.1111615 0.1188583 0.1686583 0.1143394 0.1023216 0.1334746 0.1204580 0.1224012 0.1223923 0.1175680 0.1000098 0.1029105 0.0977841 0.1162691 0.1526508 0.1214093 0.1308838 0.1183524 0.1152177 0.1305590 0.0000000 0.0335002 0.1340724 0.1449431 0.1127116 0.1345547 0.1221739 0.1154783 0.1185627 0.1127627 0.1220734 0.1687888 0.1367123 0.1143252 0.1515031 0.1558072 0.1151028 0.1138311 0.1169034 0.1256971 0.1231751 0.1308923 0.1143047 0.1318330 0.1158663 0.1247644 0.1202021 0.1500469 0.1249613 0.1118795 0.1159871 0.1239399 0.1270216 0.1126737 0.1483624 0.1226453 0.1119394 0.0803205 0.0842182 0.1243318 0.1236584 0.1609752 0.1213938 0.1283334 0.1175465 0.1175879 0.1301056 0.2033762 0.1186641 0.1286155 0.1176574 0.1226098 0.1200604 0.1150099 0.1139565 0.1205409 0.1114961 0.1233967 0.1270231 
Ksim_HTT         0.1241386 0.1606205 0.1132178 0.1234273 0.1048236 0.1069283 0.1051906 0.1256896 0.1025815 0.1091987 0.1073008 0.1479718 0.1062523 0.1064151 0.1322939 0.1154979 0.1206474 0.1155444 0.1204891 0.0982311 0.0998527 0.0961890 0.1151610 0.1525852 0.1143878 0.1258809 0.1140176 0.1084946 0.1244051 0.0335002 0.0000000 0.1200962 0.1448534 0.1088277 0.1228060 0.1166186 0.1090409 0.1141973 0.1026000 0.1145756 0.1332753 0.1349220 0.1118392 0.1458545 0.1496840 0.1050554 0.1081966 0.1069075 0.1149034 0.1196909 0.1203856 0.1176071 0.1356789 0.1151946 0.1166845 0.1141057 0.1219709 0.1242484 0.1057230 0.1083984 0.1176651 0.1260533 0.1037192 0.1389015 0.1189642 0.1071312 0.0810839 0.0860082 0.1154682 0.1227326 0.1556029 0.1146181 0.1168066 0.1101665 0.1134766 0.1230963 0.1854202 0.1147604 0.1215076 0.1118681 0.1177749 0.1176257 0.1164256 0.1144091 0.1138739 0.1052358 0.1182593 0.1162492 
Lacu_HTT         0.1103851 0.1248479 0.0918065 0.0966704 0.0903370 0.0900595 0.0884368 0.1111711 0.0938135 0.0930344 0.0873245 0.0515873 0.0317036 0.0867782 0.0485195 0.0300725 0.0349730 0.0317398 0.0431533 0.0835503 0.0876129 0.0917996 0.0919784 0.0613614 0.0281431 0.0390841 0.0268115 0.0961702 0.0636449 0.1340724 0.1200962 0.0000000 0.0512559 0.0269051 0.0272289 0.0261383 0.0264614 0.0305087 0.0302515 0.0300290 0.1330929 0.1002528 0.0960097 0.1289534 0.1199682 0.0876093 0.0973709 0.0887747 0.0930341 0.0921384 0.0948345 0.0415974 0.1054251 0.0917275 0.0924618 0.0907438 0.0744443 0.0421843 0.0245406 0.0253559 0.0268322 0.0766363 0.0258225 0.0535123 0.0450957 0.0277742 0.1130532 0.1098757 0.0406386 0.0472702 0.0723943 0.0310282 0.0317688 0.0276320 0.0243460 0.0368005 0.0821804 0.0282150 0.0315586 0.0246497 0.0305111 0.0295479 0.0244832 0.0321031 0.0281509 0.0903287 0.0331521 0.0902663 
Lalb_HTT         0.1289523 0.1575864 0.1135453 0.1212050 0.0820296 0.0858225 0.0919423 0.1286967 0.1091542 0.0915682 0.1081965 0.0763277 0.0253935 0.0867207 0.0214092 0.0379132 0.0390006 0.0401347 0.0537013 0.1007109 0.1085921 0.0895839 0.1157620 0.0201463 0.0359682 0.0178928 0.0304960 0.1086509 0.0764559 0.1449431 0.1448534 0.0512559 0.0000000 0.0225080 0.0429104 0.0321899 0.0201905 0.0379790 0.0407562 0.0392436 0.1468355 0.1210574 0.0903710 0.1102053 0.1535549 0.1025895 0.0925920 0.1199101 0.1121327 0.1123465 0.1166000 0.0516322 0.1247615 0.0917237 0.1180961 0.1137425 0.0857250 0.0529034 0.0333680 0.0355965 0.0339990 0.0902217 0.0206105 0.0826588 0.0587212 0.0205160 0.1284460 0.1166421 0.0545332 0.0566715 0.0897530 0.0380554 0.0389117 0.0317990 0.0187077 0.0438696 0.1245295 0.0338738 0.0374331 0.0176405 0.0333280 0.0358060 0.0182177 0.0204166 0.0367423 0.0951018 0.0363631 0.1133951 
Laus_HTT         0.1006766 0.1099996 0.0832936 0.0898343 0.0766858 0.0810230 0.0805911 0.1029721 0.0808149 0.0866665 0.0729284 0.0245370 0.0026339 0.0805834 0.0173601 0.0178810 0.0202151 0.0194665 0.0335760 0.0745685 0.0787522 0.0788749 0.0813813 0.0477464 0.0161022 0.0125783 0.0124027 0.0804534 0.0544440 0.1127116 0.1088277 0.0269051 0.0225080 0.0000000 0.0049791 0.0130592 0.0143430 0.0057268 0.0056089 0.0042100 0.0830599 0.0916068 0.0870559 0.0875355 0.1099111 0.0777574 0.0850135 0.0752720 0.0867223 0.0839320 0.0842673 0.0339734 0.0992492 0.0841622 0.0861158 0.0822735 0.0383986 0.0368713 0.0123699 0.0133317 0.0195176 0.0716508 0.0146787 0.0413726 0.0361614 0.0152637 0.0953232 0.1072928 0.0333109 0.0367341 0.0571979 0.0160602 0.0178822 0.0126367 0.0140364 0.0229388 0.0612684 0.0169944 0.0179287 0.0111742 0.0138460 0.0167997 0.0150830 0.0168876 0.0139422 0.0738194 0.0162095 0.0789686 
Lbor_HTT         0.1092110 0.1013508 0.0832185 0.0933881 0.0826387 0.0812150 0.0831384 0.1080631 0.0834870 0.0900269 0.0823421 0.0213788 0.0063726 0.0821279 0.0368898 0.0176054 0.0219233 0.0196495 0.0344255 0.0776258 0.0837246 0.0829421 0.0857307 0.0492950 0.0155632 0.0280005 0.0122030 0.0790328 0.0531379 0.1345547 0.1228060 0.0272289 0.0429104 0.0049791 0.0000000 0.0133815 0.0159033 0.0044647 0.0047537 0.0042468 0.0753290 0.0860566 0.0862088 0.1255981 0.0982590 0.0741848 0.0864022 0.0775509 0.0892204 0.0787126 0.0852385 0.0344207 0.1026631 0.0858969 0.0849318 0.0804997 0.0402237 0.0386678 0.0113927 0.0130745 0.0191899 0.0776394 0.0126024 0.0415106 0.0369287 0.0134249 0.1051968 0.1125771 0.0340144 0.0395007 0.0505794 0.0160644 0.0165258 0.0119959 0.0131830 0.0261693 0.0428169 0.0180167 0.0184280 0.0118512 0.0134094 0.0164921 0.0150741 0.0180193 0.0127271 0.0738483 0.0173455 0.0738415 
Lhos30470_HTT    0.1057622 0.1073466 0.0934826 0.0922403 0.0772849 0.0815091 0.0844508 0.1051131 0.0821368 0.0877067 0.0772483 0.0354439 0.0154397 0.0829311 0.0217396 0.0096532 0.0117003 0.0111926 0.0329204 0.0748134 0.0882789 0.0783252 0.0881634 0.0446075 0.0149669 0.0245547 0.0106927 0.0808056 0.0486962 0.1221739 0.1166186 0.0261383 0.0321899 0.0130592 0.0133815 0.0000000 0.0033844 0.0142110 0.0140829 0.0140475 0.1101835 0.0863820 0.0870492 0.1193577 0.1229384 0.0747696 0.0857006 0.0731921 0.0862292 0.0828335 0.0850361 0.0324533 0.1020556 0.0858964 0.0894340 0.0838163 0.0590957 0.0364315 0.0096016 0.0109879 0.0157541 0.0660716 0.0129980 0.0395805 0.0348393 0.0128139 0.1014297 0.1113451 0.0313948 0.0382859 0.0540386 0.0058097 0.0083090 0.0118730 0.0130904 0.0156543 0.0504270 0.0060862 0.0072875 0.0079703 0.0057800 0.0076595 0.0047876 0.0052541 0.0048803 0.0695518 0.0087462 0.0787647 
Lhos452_HTT      0.1017218 0.1110613 0.0810309 0.0867344 0.0808117 0.0815119 0.0788998 0.1008753 0.0796562 0.0831550 0.0763069 0.0409755 0.0196949 0.0768175 0.0058456 0.0062332 0.0093119 0.0088731 0.0331716 0.0724115 0.0741617 0.0804864 0.0754307 0.0461731 0.0178053 0.0117923 0.0136709 0.0846235 0.0510932 0.1154783 0.1090409 0.0264614 0.0201905 0.0143430 0.0159033 0.0033844 0.0000000 0.0174624 0.0179773 0.0173555 0.1201773 0.0866730 0.0867471 0.0865678 0.1100793 0.0732077 0.0853738 0.0708503 0.0836367 0.0789966 0.0828538 0.0317537 0.0971173 0.0835577 0.0861891 0.0822464 0.0602747 0.0346441 0.0117146 0.0117411 0.0178343 0.0669000 0.0139263 0.0440183 0.0350258 0.0155573 0.1009092 0.1106242 0.0310395 0.0370332 0.0575709 0.0065681 0.0087169 0.0157589 0.0142413 0.0181510 0.0520225 0.0033620 0.0087288 0.0090426 0.0078028 0.0062323 0.0034532 0.0065362 0.0068658 0.0750930 0.0111390 0.0791085 
Lobl_HTT         0.1040106 0.1101734 0.0945357 0.0958744 0.0779997 0.0824494 0.0894710 0.1018073 0.0836590 0.0885369 0.0790405 0.0262500 0.0057362 0.0839215 0.0312722 0.0186739 0.0206118 0.0206027 0.0334061 0.0762893 0.0928934 0.0834914 0.0898459 0.0428520 0.0168967 0.0265978 0.0134738 0.0817712 0.0530693 0.1185627 0.1141973 0.0305087 0.0379790 0.0057268 0.0044647 0.0142110 0.0174624 0.0000000 0.0042933 0.0033886 0.1169338 0.0887302 0.0861185 0.1194047 0.1223268 0.0769922 0.0895608 0.0755224 0.0873776 0.0855461 0.0866226 0.0337657 0.0993116 0.0893125 0.0901207 0.0835709 0.0661655 0.0379231 0.0130174 0.0140816 0.0185721 0.0706113 0.0150530 0.0400516 0.0397415 0.0150723 0.1000044 0.1077702 0.0356028 0.0386457 0.0593526 0.0172160 0.0179139 0.0143813 0.0152696 0.0236554 0.0574881 0.0170073 0.0193696 0.0140354 0.0150596 0.0194683 0.0165578 0.0167458 0.0156526 0.0722587 0.0171999 0.0820053 
Lobs_HTT         0.0981004 0.1069662 0.0772602 0.0849670 0.0812516 0.0776136 0.0830758 0.0974315 0.0798231 0.0805886 0.0775975 0.0274047 0.0070541 0.0750970 0.0332309 0.0182808 0.0212190 0.0208366 0.0298996 0.0736655 0.0773369 0.0789880 0.0802110 0.0448017 0.0166253 0.0263791 0.0126641 0.0792586 0.0506313 0.1127627 0.1026000 0.0302515 0.0407562 0.0056089 0.0047537 0.0140829 0.0179773 0.0042933 0.0000000 0.0043694 0.1116818 0.0851012 0.0836249 0.1180097 0.1030553 0.0730695 0.0867244 0.0699305 0.0831654 0.0822029 0.0801305 0.0302669 0.0938539 0.0812822 0.0840535 0.0776073 0.0573847 0.0343585 0.0121781 0.0136231 0.0183775 0.0697879 0.0149412 0.0400402 0.0374411 0.0149846 0.0932957 0.1012277 0.0353658 0.0358857 0.0572634 0.0169681 0.0179428 0.0134961 0.0136823 0.0245106 0.0560451 0.0182479 0.0198936 0.0125936 0.0152272 0.0179479 0.0160911 0.0176624 0.0150775 0.0719794 0.0188031 0.0774243 
LperAUS_HTT      0.1007413 0.1104485 0.0821063 0.0895445 0.0775156 0.0762224 0.0836852 0.1026428 0.0774554 0.0830279 0.0788432 0.0274823 0.0049498 0.0791647 0.0341152 0.0182152 0.0192299 0.0196071 0.0317610 0.0773504 0.0785851 0.0784463 0.0805060 0.0448240 0.0148547 0.0261564 0.0098433 0.0780912 0.0527018 0.1220734 0.1145756 0.0300290 0.0392436 0.0042100 0.0042468 0.0140475 0.0173555 0.0033886 0.0043694 0.0000000 0.0731303 0.0913602 0.0903254 0.1251957 0.1064267 0.0768697 0.0875004 0.0770554 0.0880851 0.0803885 0.0847621 0.0312249 0.0968629 0.0840286 0.0853677 0.0810381 0.0382162 0.0371139 0.0117637 0.0131327 0.0177723 0.0766517 0.0126217 0.0419400 0.0370128 0.0131200 0.0988456 0.1079916 0.0338127 0.0360271 0.0575844 0.0152747 0.0164344 0.0114567 0.0129438 0.0245858 0.0555513 0.0158504 0.0190845 0.0117123 0.0139915 0.0163530 0.0149157 0.0155554 0.0140577 0.0734300 0.0164551 0.0765870 
Lvex_HTT         0.1575718 0.1217232 0.1081162 0.1068432 0.1218902 0.1344360 0.1482198 0.1558322 0.1086933 0.1028371 0.1297185 0.1052495 0.0836734 0.1326754 0.1366235 0.1156901 0.0762809 0.0861076 0.1156189 0.0863794 0.1295143 0.1198727 0.1034915 0.1660901 0.1117430 0.1354726 0.1168647 0.1323830 0.0950906 0.1687888 0.1332753 0.1330929 0.1468355 0.0830599 0.0753290 0.1101835 0.1201773 0.1169338 0.1116818 0.0731303 0.0000000 0.1416297 0.1175356 0.1360925 0.1272052 0.0968609 0.1393183 0.0845105 0.1058009 0.0902023 0.1007628 0.1138237 0.1115175 0.1399667 0.1030995 0.1338100 0.1319751 0.0862666 0.0803418 0.0792013 0.1175551 0.0792590 0.1183472 0.0995877 0.1206731 0.1234190 0.1594757 0.1178872 0.1108206 0.1244145 0.1072284 0.1122863 0.0905602 0.1188524 0.0807459 0.0919447 0.1248142 0.0832055 0.0887902 0.1191288 0.1179814 0.1222343 0.0800005 0.0875396 0.0895276 0.1221827 0.1198565 0.1041844 
Mbid_HTT         0.1075883 0.0763915 0.0331925 0.1047934 0.0951654 0.0998222 0.0973740 0.1070496 0.0735463 0.1016488 0.0960310 0.1317616 0.0927389 0.0975535 0.1142421 0.0859689 0.0947081 0.0875867 0.0860671 0.0769796 0.0833599 0.0891300 0.1024044 0.1429770 0.0894638 0.1048699 0.0802943 0.0254245 0.0890814 0.1367123 0.1349220 0.1002528 0.1210574 0.0916068 0.0860566 0.0863820 0.0866730 0.0887302 0.0851012 0.0913602 0.1416297 0.0000000 0.0241389 0.0545126 0.0324916 0.0293722 0.0230722 0.0256786 0.0247525 0.0251957 0.0242896 0.0864702 0.1143198 0.0242574 0.0239632 0.0211662 0.1238133 0.0953617 0.0858232 0.0811218 0.0847899 0.1045168 0.0861566 0.0913920 0.0970412 0.0851156 0.1051962 0.0977265 0.0913899 0.0950146 0.1307172 0.0875291 0.0946594 0.0859967 0.0878709 0.1027684 0.1357138 0.0875912 0.0935439 0.0871936 0.0872044 0.0919456 0.0914536 0.0936927 0.0946548 0.0358079 0.0913374 0.0320099 
Mbow_HTT         0.1000243 0.0584569 0.0250323 0.0943318 0.0865152 0.0882727 0.0896881 0.1003958 0.0760817 0.0898002 0.0860658 0.1253585 0.0894387 0.0840841 0.0874888 0.0881434 0.0909207 0.0887239 0.0829414 0.0692385 0.0755921 0.0785982 0.0850157 0.1323891 0.0893045 0.0825926 0.0818984 0.0143875 0.0856290 0.1143252 0.1118392 0.0960097 0.0903710 0.0870559 0.0862088 0.0870492 0.0867471 0.0861185 0.0836249 0.0903254 0.1175356 0.0241389 0.0000000 0.0098932 0.0316086 0.0182436 0.0133169 0.0072752 0.0133788 0.0096665 0.0123353 0.0838254 0.1053726 0.0131890 0.0125392 0.0125113 0.1088501 0.0911953 0.0836947 0.0836395 0.0869286 0.0857988 0.0866891 0.1039964 0.0927779 0.0864024 0.0949125 0.1111077 0.0887663 0.0941835 0.1151462 0.0879116 0.0924379 0.0870478 0.0863707 0.0993385 0.1432961 0.0868199 0.0923398 0.0870502 0.0870671 0.0894391 0.0896422 0.0908732 0.0892027 0.0266755 0.0910432 0.0221986 
Mcar_HTT         0.1251672 0.1184365 0.0523773 0.1220691 0.0841223 0.0809935 0.0809321 0.1274979 0.1014140 0.0862462 0.1202461 0.1764365 0.0926293 0.0815113 0.1032185 0.1226270 0.1235724 0.1201777 0.1067573 0.1016061 0.1004124 0.0756641 0.1144280 0.1332410 0.1210996 0.0957950 0.1106847 0.0361732 0.1336603 0.1515031 0.1458545 0.1289534 0.1102053 0.0875355 0.1255981 0.1193577 0.0865678 0.1194047 0.1180097 0.1251957 0.1360925 0.0545126 0.0098932 0.0000000 0.0669564 0.0439720 0.0130497 0.0460917 0.0413779 0.0355978 0.0413800 0.1090920 0.1194776 0.0142420 0.0364376 0.0363390 0.1191399 0.1214530 0.1127725 0.1148038 0.1150502 0.1193344 0.0851736 0.1711540 0.1211053 0.0849653 0.1257092 0.1000514 0.1186645 0.1203245 0.1628868 0.1221033 0.1257761 0.1202093 0.0857534 0.1338328 0.2439625 0.1184115 0.1282134 0.0876072 0.1233718 0.1210962 0.0893064 0.0916673 0.1271202 0.0524728 0.1214695 0.0516356 
