84
Bacu_MYO7A         0.0000000 0.0607697 0.1124446 0.0115140 0.0196614 0.0198638 0.0218639 0.0229972 0.0260254 0.0137014 0.0137147 0.0392669 0.0766494 0.0263689 0.0858816 0.0792170 0.0813442 0.0754022 0.0686712 0.0295077 0.0290204 0.0320977 0.0257636 0.0679015 0.0701513 0.0687295 0.0751584 0.0585175 0.1338395 0.0634672 0.0538208 0.0654521 0.0695941 0.0708034 0.0617389 0.0717573 0.0766050 0.0798465 0.0658181 0.0820485 0.0681056 0.0625724 0.0659729 0.0698199 0.1631319 0.0516067 0.0514530 0.0595635 0.0485044 0.0596196 0.0706251 0.0583517 0.0684015 0.0479517 0.0822164 0.0660897 0.0727066 0.0667681 0.0811885 0.0627764 0.0692853 0.0571500 0.0588284 0.0513414 0.0515656 0.0553957 0.0522293 0.0568026 0.0843805 0.0654609 0.0693195 0.0679541 0.0777955 0.0779287 0.0778663 0.0798002 0.0668088 0.0719955 0.0703341 0.0777946 0.0780574 0.0757693 0.0773184 0.0551303 
Barn_MYO7A         0.0607697 0.0000000 0.0054639 0.0589908 0.0567777 0.0629877 0.0628923 0.0692941 0.0539455 0.0527607 0.0558437 0.0310710 0.0365280 0.0676953 0.0468565 0.0467743 0.0431812 0.0418375 0.0446930 0.0505349 0.0526210 0.0558238 0.0619016 0.0429200 0.0468909 0.0433484 0.0447666 0.0271394 0.0625810 0.0631948 0.0611943 0.0386661 0.0450106 0.0398110 0.0381163 0.0448651 0.0447664 0.0531199 0.0347503 0.0414437 0.0617559 0.0229337 0.0261231 0.0243868 0.1039055 0.0179370 0.0209272 0.0197951 0.0177876 0.0256159 0.0558543 0.0184971 0.0265443 0.0197955 0.0358112 0.0466308 0.0414650 0.0362931 0.0467675 0.0591163 0.0453165 0.0342585 0.0414024 0.0594969 0.0635149 0.0342585 0.0346330 0.0342585 0.0497569 0.0473912 0.0462626 0.0462626 0.0418344 0.0483914 0.0464566 0.0432598 0.0431812 0.0400908 0.0441300 0.0448859 0.0405875 0.0397118 0.0571309 0.0178546 
Bbai76728_MYO7A    0.1124446 0.0054639 0.0000000 0.1011319 0.1124982 0.1146678 0.1119839 0.1168049 0.1060015 0.1072079 0.0654197 0.0250282 0.0732129 0.1308289 0.1032022 0.1111906 0.0617363 0.0942136 0.1028149 0.0477655 0.0947652 0.1102257 0.1232781 0.1003118 0.1071516 0.1058325 0.1060225 0.0672823 0.1135697 0.1050062 0.0669594 0.1159149 0.1087768 0.0591863 0.0495371 0.1026255 0.1069830 0.1317148 0.0892527 0.0640180 0.1250962 0.0370194 0.0422591 0.0355296 0.0829680 0.0237679 0.0651978 0.0210349 0.0173660 0.0334229 0.1088620 0.0295796 0.0323596 0.0559849 0.1302522 0.1037146 0.1015280 0.0963790 0.1137196 0.0998043 0.1074813 0.0434711 0.1035741 0.0701353 0.1353474 0.0495453 0.0389050 0.0890195 0.1168274 0.0483781 0.1001359 0.0655704 0.0994688 0.1069552 0.1090212 0.1034553 0.1004976 0.0930118 0.0999378 0.1068826 0.1043955 0.0405876 0.1300504 0.0204910 
BbonAUS_MYO7A      0.0115140 0.0589908 0.1011319 0.0000000 0.0208133 0.0226629 0.0190534 0.0221451 0.0263624 0.0114737 0.0162393 0.0413116 0.0639388 0.0308740 0.0704408 0.0749098 0.0711363 0.0680291 0.0622737 0.0266024 0.0253304 0.0282744 0.0229879 0.0538272 0.0645523 0.0608045 0.0656124 0.0541411 0.1153983 0.0612171 0.0555396 0.0612935 0.0631406 0.0596696 0.0572253 0.0630366 0.0716240 0.0775834 0.0552865 0.0689192 0.0624592 0.0614368 0.0581430 0.0585865 0.1443002 0.0488863 0.0477247 0.0572339 0.0460747 0.0546654 0.0663870 0.0510043 0.0579638 0.0515822 0.0782776 0.0548541 0.0636116 0.0616590 0.0739698 0.0549550 0.0635642 0.0465273 0.0593358 0.0515355 0.0548795 0.0476159 0.0440754 0.0496824 0.0754296 0.0656516 0.0576437 0.0606528 0.0647608 0.0667121 0.0723860 0.0670782 0.0634597 0.0611375 0.0627327 0.0604824 0.0656089 0.0740972 0.0756348 0.0496165 
Bbor_MYO7A         0.0196614 0.0567777 0.1124982 0.0208133 0.0000000 0.0048429 0.0083878 0.0161858 0.0232324 0.0099916 0.0127608 0.0374044 0.0695626 0.0250464 0.0834087 0.0747387 0.0724370 0.0730625 0.0715299 0.0256386 0.0242727 0.0284026 0.0154992 0.0652522 0.0652419 0.0651330 0.0694977 0.0549678 0.1235992 0.0671024 0.0543970 0.0627495 0.0657488 0.0671380 0.0583186 0.0672667 0.0691724 0.0772109 0.0636852 0.0779231 0.0611752 0.0612472 0.0624436 0.0715784 0.1588314 0.0516468 0.0510127 0.0549141 0.0501032 0.0575388 0.0725255 0.0584086 0.0670731 0.0469860 0.0846499 0.0651101 0.0708463 0.0637516 0.0681401 0.0524577 0.0677355 0.0546488 0.0550165 0.0460417 0.0609285 0.0552996 0.0561982 0.0548046 0.0751629 0.0639307 0.0655175 0.0679121 0.0702018 0.0725282 0.0708032 0.0730586 0.0632770 0.0679786 0.0686876 0.0740933 0.0727084 0.0729388 0.0741934 0.0537811 
Bede66737_MYO7A    0.0198638 0.0629877 0.1146678 0.0226629 0.0048429 0.0000000 0.0043127 0.0166371 0.0229254 0.0108534 0.0130250 0.0468670 0.0751156 0.0258735 0.0892088 0.0789408 0.0765783 0.0773269 0.0688227 0.0282084 0.0257919 0.0296457 0.0165766 0.0654446 0.0684241 0.0682071 0.0721367 0.0592256 0.1333451 0.0625417 0.0569202 0.0651901 0.0668358 0.0716365 0.0653455 0.0702830 0.0729865 0.0839972 0.0653365 0.0801831 0.0642870 0.0653065 0.0701341 0.0745210 0.1617102 0.0547027 0.0532728 0.0596003 0.0549624 0.0635777 0.0708592 0.0623257 0.0712227 0.0508321 0.0829799 0.0627777 0.0725789 0.0654448 0.0750808 0.0614224 0.0726477 0.0595634 0.0599790 0.0470169 0.0567677 0.0589317 0.0586587 0.0562766 0.0808380 0.0723777 0.0691014 0.0716648 0.0734425 0.0777950 0.0748266 0.0758537 0.0680692 0.0715833 0.0732817 0.0779250 0.0780869 0.0749105 0.0791317 0.0585911 
BedeAUS_MYO7A      0.0218639 0.0628923 0.1119839 0.0190534 0.0083878 0.0043127 0.0000000 0.0200902 0.0272437 0.0147797 0.0157774 0.0468093 0.0720915 0.0298416 0.0827502 0.0849360 0.0829471 0.0834453 0.0731324 0.0281912 0.0266981 0.0314049 0.0175664 0.0653685 0.0724837 0.0733591 0.0768685 0.0616303 0.1331256 0.0616183 0.0569046 0.0722419 0.0708130 0.0688098 0.0652553 0.0716617 0.0807611 0.0877996 0.0667179 0.0819959 0.0690234 0.0652824 0.0698864 0.0715265 0.1610972 0.0546906 0.0550720 0.0595359 0.0549069 0.0634824 0.0777092 0.0637218 0.0711303 0.0557073 0.0900854 0.0653031 0.0698523 0.0612163 0.0801056 0.0630434 0.0766032 0.0609271 0.0627581 0.0485749 0.0614597 0.0602556 0.0603150 0.0616157 0.0873447 0.0722687 0.0701158 0.0731380 0.0766505 0.0750466 0.0818411 0.0731235 0.0680437 0.0708270 0.0747967 0.0727506 0.0779628 0.0778476 0.0823410 0.0585733 
Bmus_MYO7A         0.0229972 0.0692941 0.1168049 0.0221451 0.0161858 0.0166371 0.0200902 0.0000000 0.0270143 0.0175150 0.0204581 0.0508821 0.0842409 0.0335204 0.0948670 0.0854342 0.0850958 0.0841760 0.0609250 0.0339397 0.0332215 0.0362200 0.0194767 0.0761293 0.0765464 0.0713010 0.0665169 0.0635654 0.1375816 0.0680402 0.0592815 0.0734431 0.0774983 0.0805289 0.0635105 0.0789031 0.0801638 0.0912780 0.0745175 0.0935095 0.0678225 0.0653734 0.0715568 0.0800807 0.1638522 0.0585708 0.0591674 0.0653196 0.0621619 0.0563403 0.0648723 0.0675075 0.0731533 0.0521471 0.0736279 0.0649609 0.0820879 0.0718453 0.0733960 0.0676053 0.0801144 0.0621394 0.0649949 0.0508209 0.0591740 0.0637926 0.0589877 0.0508597 0.0892407 0.0740208 0.0772301 0.0800149 0.0831902 0.0859710 0.0794126 0.0865742 0.0709772 0.0783956 0.0830003 0.0825284 0.0866402 0.0814161 0.0853902 0.0659980 
Bmys_MYO7A         0.0260254 0.0539455 0.1060015 0.0263624 0.0232324 0.0229254 0.0272437 0.0270143 0.0000000 0.0201783 0.0228743 0.0385172 0.0663390 0.0280109 0.0807358 0.0719400 0.0743920 0.0671162 0.0657594 0.0045747 0.0050230 0.0086997 0.0288588 0.0608904 0.0643061 0.0631366 0.0701967 0.0536987 0.1278985 0.0586985 0.0517732 0.0575495 0.0613087 0.0675432 0.0552291 0.0660225 0.0693059 0.0734141 0.0585185 0.0782932 0.0587470 0.0544818 0.0571479 0.0673900 0.1561621 0.0440356 0.0482798 0.0533433 0.0436176 0.0500358 0.0697613 0.0545584 0.0565979 0.0441909 0.0783696 0.0570862 0.0658503 0.0580446 0.0742078 0.0572448 0.0662741 0.0562395 0.0529055 0.0470519 0.0491169 0.0544752 0.0513511 0.0527664 0.0699494 0.0616075 0.0649524 0.0629159 0.0668104 0.0725498 0.0675522 0.0744065 0.0597641 0.0646224 0.0614144 0.0701922 0.0731245 0.0725261 0.0718502 0.0516288 
Bphy_MYO7A         0.0137014 0.0527607 0.1072079 0.0114737 0.0099916 0.0108534 0.0147797 0.0175150 0.0201783 0.0000000 0.0008804 0.0335610 0.0677508 0.0215119 0.0777856 0.0725221 0.0722039 0.0690875 0.0626152 0.0233208 0.0215871 0.0245066 0.0175223 0.0577876 0.0618392 0.0617917 0.0688760 0.0498465 0.1215920 0.0579735 0.0512255 0.0601445 0.0610951 0.0646117 0.0549075 0.0636108 0.0698829 0.0740900 0.0586522 0.0759864 0.0602795 0.0557293 0.0570073 0.0643644 0.1494394 0.0465547 0.0457703 0.0537770 0.0471996 0.0497805 0.0645112 0.0533535 0.0621170 0.0434754 0.0766709 0.0596348 0.0631965 0.0581747 0.0746969 0.0538652 0.0645522 0.0500951 0.0530292 0.0446499 0.0485664 0.0496170 0.0489478 0.0510777 0.0754917 0.0603968 0.0614662 0.0625414 0.0665758 0.0698352 0.0706304 0.0716033 0.0593666 0.0631832 0.0649674 0.0687409 0.0695748 0.0690922 0.0736980 0.0493291 
Bphy_baits_MYO7A   0.0137147 0.0558437 0.0654197 0.0162393 0.0127608 0.0130250 0.0157774 0.0204581 0.0228743 0.0008804 0.0000000 0.0378985 0.0569670 0.0256842 0.0691283 0.0623791 0.0657230 0.0576717 0.0609625 0.0247001 0.0232041 0.0264621 0.0186773 0.0509936 0.0570853 0.0540534 0.0578717 0.0525354 0.1264898 0.0537685 0.0516246 0.0536686 0.0546837 0.0573128 0.0529142 0.0568106 0.0582448 0.0684466 0.0557440 0.0633337 0.0613749 0.0541676 0.0578165 0.0664602 0.1449439 0.0453247 0.0458518 0.0560664 0.0462092 0.0497265 0.0648507 0.0499010 0.0617411 0.0474873 0.0797495 0.0575223 0.0550799 0.0548130 0.0589267 0.0576456 0.0601763 0.0490991 0.0495184 0.0476002 0.0561950 0.0495714 0.0468116 0.0485530 0.0637308 0.0626346 0.0552660 0.0596049 0.0543724 0.0624158 0.0619037 0.0589965 0.0557708 0.0565078 0.0583613 0.0632624 0.0598079 0.0692762 0.0642092 0.0486398 
Ccom40_MYO7A       0.0392669 0.0310710 0.0250282 0.0413116 0.0374044 0.0468670 0.0468093 0.0508821 0.0385172 0.0335610 0.0378985 0.0000000 0.0029274 0.0474638 0.0137324 0.0104265 0.0089108 0.0104265 0.0247363 0.0391981 0.0389324 0.0381931 0.0437077 0.0088595 0.0112728 0.0080168 0.0088640 0.0331426 0.0349009 0.0420987 0.0366141 0.0097949 0.0131035 0.0029274 0.0094282 0.0104265 0.0104050 0.0169173 0.0043974 0.0067233 0.0452734 0.0319543 0.0340372 0.0370932 0.1217687 0.0252195 0.0252055 0.0321954 0.0233966 0.0304952 0.0333838 0.0269453 0.0334091 0.0283263 0.0166474 0.0235244 0.0105610 0.0136516 0.0152988 0.0334311 0.0080188 0.0181837 0.0063751 0.0446615 0.0472203 0.0167536 0.0189024 0.0181837 0.0119528 0.0158642 0.0103843 0.0109040 0.0104258 0.0135209 0.0119268 0.0089108 0.0104251 0.0089108 0.0113735 0.0104310 0.0133691 0.0416604 0.0177631 0.0284312 
Chea7320_MYO7A     0.0766494 0.0365280 0.0732129 0.0639388 0.0695626 0.0751156 0.0720915 0.0842409 0.0663390 0.0677508 0.0569670 0.0029274 0.0000000 0.0736444 0.0138332 0.0133219 0.0138356 0.0142587 0.0428066 0.0488167 0.0542344 0.0629896 0.0733047 0.0098057 0.0159785 0.0139104 0.0160471 0.0545229 0.0873828 0.0705926 0.0532277 0.0183346 0.0156446 0.0008998 0.0048328 0.0099670 0.0142665 0.0111480 0.0009126 0.0088010 0.0627021 0.0390026 0.0565814 0.0552020 0.1063632 0.0373849 0.0446834 0.0429345 0.0393775 0.0392765 0.0452422 0.0509529 0.0441086 0.0407655 0.0566491 0.0319561 0.0144717 0.0132555 0.0222241 0.0380446 0.0153104 0.0235434 0.0115241 0.0592242 0.0822480 0.0226351 0.0221130 0.0300064 0.0154281 0.0135046 0.0099585 0.0110628 0.0109897 0.0106723 0.0150126 0.0125442 0.0089207 0.0097401 0.0104125 0.0108005 0.0142054 0.0573353 0.0172186 0.0407158 
Cmar59905_MYO7A    0.0263689 0.0676953 0.1308289 0.0308740 0.0250464 0.0258735 0.0298416 0.0335204 0.0280109 0.0215119 0.0256842 0.0474638 0.0736444 0.0000000 0.0850822 0.0736743 0.0713741 0.0742246 0.0743253 0.0313804 0.0285027 0.0326505 0.0317756 0.0639320 0.0654971 0.0647917 0.0658706 0.0623119 0.1357646 0.0771556 0.0656279 0.0636877 0.0665339 0.0708672 0.0656490 0.0678391 0.0682887 0.0811813 0.0652625 0.0799000 0.0727329 0.0659575 0.0693148 0.0790926 0.1724366 0.0560401 0.0531873 0.0657672 0.0547681 0.0639011 0.0753844 0.0609704 0.0723539 0.0496281 0.0897245 0.0648081 0.0718729 0.0650001 0.0668140 0.0587680 0.0686528 0.0605117 0.0559431 0.0517838 0.0657533 0.0608571 0.0632689 0.0587177 0.0765881 0.0696322 0.0662341 0.0733792 0.0711628 0.0736122 0.0717493 0.0714746 0.0660548 0.0702569 0.0723849 0.0753087 0.0719029 0.0767844 0.0736515 0.0587116 
Dcap108471_MYO7A   0.0858816 0.0468565 0.1032022 0.0704408 0.0834087 0.0892088 0.0827502 0.0948670 0.0807358 0.0777856 0.0691283 0.0137324 0.0138332 0.0850822 0.0000000 0.0053780 0.0077428 0.0089523 0.0515884 0.0611630 0.0703407 0.0819256 0.0861477 0.0151287 0.0235793 0.0182973 0.0229766 0.0641255 0.0936379 0.0872940 0.0703821 0.0252775 0.0196824 0.0125408 0.0123422 0.0059304 0.0129456 0.0295199 0.0163288 0.0187324 0.0680192 0.0512938 0.0618259 0.0645369 0.1201353 0.0461827 0.0537793 0.0535723 0.0467964 0.0501184 0.0570557 0.0603081 0.0610639 0.0532423 0.0670760 0.0421163 0.0189801 0.0203764 0.0239146 0.0461088 0.0231288 0.0321773 0.0204647 0.0657082 0.0995547 0.0308205 0.0281864 0.0405952 0.0130638 0.0111794 0.0173362 0.0197743 0.0105264 0.0083325 0.0120554 0.0100965 0.0063785 0.0072727 0.0098266 0.0096486 0.0168324 0.0675278 0.0138215 0.0474173 
Dcap79929_MYO7A    0.0792170 0.0467743 0.1111906 0.0749098 0.0747387 0.0789408 0.0849360 0.0854342 0.0719400 0.0725221 0.0623791 0.0104265 0.0133219 0.0736743 0.0053780 0.0000000 0.0025461 0.0034057 0.0487858 0.0565881 0.0667224 0.0752463 0.0801414 0.0170651 0.0191304 0.0147922 0.0169435 0.0636550 0.0912433 0.0820376 0.0618165 0.0206747 0.0204860 0.0137402 0.0110268 0.0034304 0.0100791 0.0230258 0.0126376 0.0149059 0.0630200 0.0474842 0.0617289 0.0662794 0.1115982 0.0419548 0.0526014 0.0530427 0.0429350 0.0458997 0.0499241 0.0595957 0.0580933 0.0468473 0.0576815 0.0379239 0.0221841 0.0231617 0.0221768 0.0443653 0.0180351 0.0278355 0.0141762 0.0649282 0.0893612 0.0270334 0.0262848 0.0330720 0.0088124 0.0072894 0.0145312 0.0181473 0.0077430 0.0081301 0.0074942 0.0099755 0.0036933 0.0038068 0.0068884 0.0102930 0.0118467 0.0658597 0.0096426 0.0442642 
DdelSJR_MYO7A      0.0813442 0.0431812 0.0617363 0.0711363 0.0724370 0.0765783 0.0829471 0.0850958 0.0743920 0.0722039 0.0657230 0.0089108 0.0138356 0.0713741 0.0077428 0.0025461 0.0000000 0.0059538 0.0474923 0.0565982 0.0697904 0.0764817 0.0745684 0.0170752 0.0188010 0.0141498 0.0167397 0.0584045 0.0498503 0.0772291 0.0656678 0.0167143 0.0201739 0.0138483 0.0113834 0.0037145 0.0082387 0.0224701 0.0134023 0.0157358 0.0653778 0.0440058 0.0592965 0.0627385 0.1158510 0.0381031 0.0454349 0.0515702 0.0429423 0.0441621 0.0486708 0.0568194 0.0553984 0.0439942 0.0606203 0.0387150 0.0220328 0.0230288 0.0224638 0.0393352 0.0176490 0.0286268 0.0134630 0.0653950 0.0934641 0.0279279 0.0244802 0.0334277 0.0090301 0.0072908 0.0161966 0.0194624 0.0094313 0.0088594 0.0061718 0.0098371 0.0040597 0.0038459 0.0060106 0.0073621 0.0119810 0.0654185 0.0107878 0.0447664 
Ddeltrop4525_MYO7A 0.0754022 0.0418375 0.0942136 0.0680291 0.0730625 0.0773269 0.0834453 0.0841760 0.0671162 0.0690875 0.0576717 0.0104265 0.0142587 0.0742246 0.0089523 0.0034057 0.0059538 0.0000000 0.0424029 0.0558834 0.0649474 0.0711314 0.0807564 0.0152959 0.0196152 0.0154429 0.0169701 0.0579015 0.0824253 0.0795158 0.0543522 0.0205964 0.0215943 0.0126033 0.0097949 0.0065042 0.0099002 0.0213330 0.0116275 0.0137411 0.0608906 0.0423016 0.0570862 0.0597182 0.1098088 0.0391230 0.0518635 0.0459034 0.0435758 0.0443464 0.0458702 0.0531736 0.0471435 0.0414810 0.0559300 0.0329046 0.0223008 0.0202483 0.0220631 0.0445942 0.0184339 0.0279691 0.0136953 0.0608658 0.0832153 0.0261011 0.0304232 0.0297646 0.0089522 0.0085393 0.0138002 0.0166354 0.0055287 0.0099984 0.0099213 0.0120207 0.0038817 0.0079408 0.0084282 0.0110630 0.0134623 0.0636866 0.0101022 0.0450033 
Dleu_MYO7A         0.0686712 0.0446930 0.1028149 0.0622737 0.0715299 0.0688227 0.0731324 0.0609250 0.0657594 0.0626152 0.0609625 0.0247363 0.0428066 0.0743253 0.0515884 0.0487858 0.0474923 0.0424029 0.0000000 0.0558015 0.0628846 0.0720409 0.0723806 0.0441118 0.0450731 0.0439524 0.0406548 0.0602328 0.0972487 0.0757056 0.0673752 0.0470972 0.0414530 0.0453352 0.0328221 0.0418428 0.0464409 0.0488605 0.0392167 0.0461284 0.0513300 0.0501513 0.0598211 0.0632002 0.1193237 0.0459508 0.0535893 0.0509916 0.0438641 0.0492684 0.0108845 0.0595055 0.0575376 0.0495891 0.0364406 0.0309397 0.0469400 0.0417091 0.0479527 0.0474303 0.0435244 0.0226444 0.0391041 0.0521417 0.0770903 0.0258023 0.0186481 0.0188975 0.0529322 0.0338969 0.0407221 0.0411774 0.0451916 0.0484917 0.0441846 0.0487553 0.0373326 0.0410286 0.0414554 0.0491907 0.0449250 0.0615947 0.0493256 0.0518640 
EausAUS_MYO7A      0.0295077 0.0505349 0.0477655 0.0266024 0.0256386 0.0282084 0.0281912 0.0339397 0.0045747 0.0233208 0.0247001 0.0391981 0.0488167 0.0313804 0.0611630 0.0565881 0.0565982 0.0558834 0.0558015 0.0000000 0.0020858 0.0043644 0.0260756 0.0479022 0.0489321 0.0439821 0.0520139 0.0535117 0.0630862 0.0465693 0.0463188 0.0431244 0.0470079 0.0508866 0.0519994 0.0545669 0.0550483 0.0633376 0.0483339 0.0540570 0.0619618 0.0505086 0.0564233 0.0557925 0.1488001 0.0425179 0.0420135 0.0468527 0.0375460 0.0448667 0.0574219 0.0444472 0.0477546 0.0461180 0.0797876 0.0509101 0.0541508 0.0521097 0.0602798 0.0543710 0.0499032 0.0439936 0.0417181 0.0486518 0.0552258 0.0437926 0.0439782 0.0434657 0.0539915 0.0617270 0.0513477 0.0549637 0.0517723 0.0559714 0.0551501 0.0516209 0.0541673 0.0516801 0.0493480 0.0521879 0.0546097 0.0712086 0.0596719 0.0431743 
Egla13086_MYO7A    0.0290204 0.0526210 0.0947652 0.0253304 0.0242727 0.0257919 0.0266981 0.0332215 0.0050230 0.0215871 0.0232041 0.0389324 0.0542344 0.0285027 0.0703407 0.0667224 0.0697904 0.0649474 0.0628846 0.0020858 0.0000000 0.0076937 0.0280939 0.0577438 0.0580688 0.0571952 0.0639614 0.0548231 0.1207127 0.0514680 0.0507529 0.0530141 0.0551252 0.0570527 0.0500131 0.0627377 0.0636718 0.0716846 0.0550198 0.0689501 0.0581881 0.0504250 0.0597527 0.0624229 0.1383224 0.0434316 0.0465794 0.0510675 0.0408882 0.0448395 0.0672639 0.0523558 0.0548156 0.0448374 0.0785425 0.0571258 0.0576657 0.0501299 0.0648604 0.0585360 0.0603605 0.0541254 0.0439294 0.0434989 0.0576398 0.0525166 0.0476876 0.0518549 0.0643623 0.0612047 0.0612788 0.0619262 0.0649197 0.0640900 0.0659388 0.0610114 0.0579082 0.0613299 0.0585463 0.0638458 0.0686725 0.0705350 0.0683900 0.0480821 
Ejap43864_MYO7A    0.0320977 0.0558238 0.1102257 0.0282744 0.0284026 0.0296457 0.0314049 0.0362200 0.0086997 0.0245066 0.0264621 0.0381931 0.0629896 0.0326505 0.0819256 0.0752463 0.0764817 0.0711314 0.0720409 0.0043644 0.0076937 0.0000000 0.0333572 0.0656864 0.0673760 0.0671815 0.0711023 0.0575458 0.1256580 0.0620563 0.0576405 0.0640892 0.0661520 0.0623169 0.0574112 0.0713598 0.0713795 0.0790348 0.0605299 0.0831249 0.0660884 0.0562659 0.0633364 0.0663259 0.1506177 0.0486678 0.0506661 0.0503593 0.0438885 0.0473066 0.0731044 0.0555086 0.0585039 0.0463528 0.0864471 0.0645322 0.0672151 0.0599727 0.0709529 0.0530077 0.0688222 0.0590370 0.0541404 0.0490591 0.0628865 0.0572357 0.0557126 0.0573087 0.0725414 0.0629119 0.0679558 0.0673214 0.0732298 0.0725447 0.0717267 0.0730645 0.0637122 0.0724800 0.0677457 0.0728983 0.0776178 0.0748056 0.0731335 0.0503245 
Erob133443_MYO7A   0.0257636 0.0619016 0.1232781 0.0229879 0.0154992 0.0165766 0.0175664 0.0194767 0.0288588 0.0175223 0.0186773 0.0437077 0.0733047 0.0317756 0.0861477 0.0801414 0.0745684 0.0807564 0.0723806 0.0260756 0.0280939 0.0333572 0.0000000 0.0683255 0.0708311 0.0690539 0.0726614 0.0666899 0.1387573 0.0695424 0.0573986 0.0708740 0.0745822 0.0693791 0.0646255 0.0740235 0.0774047 0.0873413 0.0669374 0.0779297 0.0693899 0.0672899 0.0730590 0.0729934 0.1675321 0.0556803 0.0547857 0.0602610 0.0558212 0.0587683 0.0736304 0.0641292 0.0631251 0.0525096 0.0936912 0.0718054 0.0733402 0.0630369 0.0775395 0.0667139 0.0708991 0.0608980 0.0567814 0.0507083 0.0671386 0.0600615 0.0635304 0.0615485 0.0793970 0.0660892 0.0711504 0.0717338 0.0790052 0.0755921 0.0805945 0.0712802 0.0686526 0.0718774 0.0710515 0.0762481 0.0752200 0.0856426 0.0891491 0.0595717 
Fatt_MYO7A         0.0679015 0.0429200 0.1003118 0.0538272 0.0652522 0.0654446 0.0653685 0.0761293 0.0608904 0.0577876 0.0509936 0.0088595 0.0098057 0.0639320 0.0151287 0.0170651 0.0170752 0.0152959 0.0441118 0.0479022 0.0577438 0.0656864 0.0683255 0.0000000 0.0076748 0.0072756 0.0095822 0.0568755 0.1019514 0.0525063 0.0504974 0.0163649 0.0189185 0.0104066 0.0110903 0.0121148 0.0151298 0.0174013 0.0104423 0.0164431 0.0610123 0.0436820 0.0586132 0.0497083 0.1100546 0.0378842 0.0456582 0.0473604 0.0382503 0.0445601 0.0433459 0.0532846 0.0528096 0.0410395 0.0528296 0.0335287 0.0127580 0.0139179 0.0200532 0.0400415 0.0049285 0.0256131 0.0030348 0.0556863 0.0725407 0.0237491 0.0227887 0.0285150 0.0174423 0.0191087 0.0083056 0.0100350 0.0172347 0.0131097 0.0160553 0.0122119 0.0132761 0.0125492 0.0120091 0.0152279 0.0163611 0.0657644 0.0169525 0.0428773 
Ggri_MYO7A         0.0701513 0.0468909 0.1071516 0.0645523 0.0652419 0.0684241 0.0724837 0.0765464 0.0643061 0.0618392 0.0570853 0.0112728 0.0159785 0.0654971 0.0235793 0.0191304 0.0188010 0.0196152 0.0450731 0.0489321 0.0580688 0.0673760 0.0708311 0.0076748 0.0000000 0.0096684 0.0104830 0.0514163 0.0863182 0.0731569 0.0562716 0.0194662 0.0176069 0.0138873 0.0131990 0.0132679 0.0156928 0.0199937 0.0122673 0.0188801 0.0631710 0.0496896 0.0573566 0.0609657 0.1144218 0.0405139 0.0436810 0.0466429 0.0391298 0.0521138 0.0434081 0.0568522 0.0553539 0.0441321 0.0577881 0.0387037 0.0169873 0.0169656 0.0237393 0.0340127 0.0075862 0.0272255 0.0061351 0.0553516 0.0745424 0.0262267 0.0249209 0.0316440 0.0214618 0.0228216 0.0105080 0.0134321 0.0163677 0.0171836 0.0175530 0.0172652 0.0164654 0.0137976 0.0150338 0.0179244 0.0153022 0.0574973 0.0175863 0.0458484 
Gmac39091_MYO7A    0.0687295 0.0433484 0.1058325 0.0608045 0.0651330 0.0682071 0.0733591 0.0713010 0.0631366 0.0617917 0.0540534 0.0080168 0.0139104 0.0647917 0.0182973 0.0147922 0.0141498 0.0154429 0.0439524 0.0439821 0.0571952 0.0671815 0.0690539 0.0072756 0.0096684 0.0000000 0.0037883 0.0540222 0.0817023 0.0731730 0.0541837 0.0143656 0.0141760 0.0123726 0.0118585 0.0096015 0.0133634 0.0179927 0.0117732 0.0176938 0.0590452 0.0471714 0.0588367 0.0620477 0.1083903 0.0389883 0.0475662 0.0436415 0.0362177 0.0468058 0.0422657 0.0555985 0.0514911 0.0393274 0.0537986 0.0357817 0.0154278 0.0149600 0.0167442 0.0296487 0.0092801 0.0240370 0.0034845 0.0530007 0.0785964 0.0223323 0.0210146 0.0293175 0.0170075 0.0145037 0.0086915 0.0118535 0.0151287 0.0125789 0.0136884 0.0144499 0.0114862 0.0116981 0.0094982 0.0136293 0.0164080 0.0615447 0.0128303 0.0426234 
Gmel_MYO7A         0.0751584 0.0447666 0.1060225 0.0656124 0.0694977 0.0721367 0.0768685 0.0665169 0.0701967 0.0688760 0.0578717 0.0088640 0.0160471 0.0658706 0.0229766 0.0169435 0.0167397 0.0169701 0.0406548 0.0520139 0.0639614 0.0711023 0.0726614 0.0095822 0.0104830 0.0037883 0.0000000 0.0573180 0.0872000 0.0768051 0.0598852 0.0183585 0.0185419 0.0144890 0.0135877 0.0117245 0.0162215 0.0187367 0.0138816 0.0209725 0.0617229 0.0490816 0.0641910 0.0644194 0.1091928 0.0412106 0.0511277 0.0459179 0.0388469 0.0513059 0.0414505 0.0582524 0.0533359 0.0423482 0.0500259 0.0388259 0.0182072 0.0189668 0.0187032 0.0365114 0.0118847 0.0276491 0.0059544 0.0573466 0.0835543 0.0259035 0.0237029 0.0311851 0.0196295 0.0173567 0.0113999 0.0131710 0.0188512 0.0154382 0.0159356 0.0172543 0.0137208 0.0155163 0.0114544 0.0174530 0.0197480 0.0637953 0.0160803 0.0450152 
Hamp_MYO7A         0.0585175 0.0271394 0.0672823 0.0541411 0.0549678 0.0592256 0.0616303 0.0635654 0.0536987 0.0498465 0.0525354 0.0331426 0.0545229 0.0623119 0.0641255 0.0636550 0.0584045 0.0579015 0.0602328 0.0535117 0.0548231 0.0575458 0.0666899 0.0568755 0.0514163 0.0540222 0.0573180 0.0000000 0.1111910 0.0676125 0.0575145 0.0563688 0.0552779 0.0529228 0.0474015 0.0581904 0.0588744 0.0621695 0.0502208 0.0608319 0.0617205 0.0208499 0.0264647 0.0212121 0.0788805 0.0160494 0.0180605 0.0210233 0.0178668 0.0242543 0.0602911 0.0185648 0.0254100 0.0188001 0.0713846 0.0514683 0.0576994 0.0518297 0.0590347 0.0484990 0.0519104 0.0466872 0.0462961 0.0607490 0.0667807 0.0453795 0.0436664 0.0457710 0.0660221 0.0482758 0.0546632 0.0541501 0.0584493 0.0592478 0.0607830 0.0553143 0.0519520 0.0528996 0.0528873 0.0601853 0.0608365 0.0301058 0.0628512 0.0180574 
Igeo_MYO7A         0.1338395 0.0625810 0.1135697 0.1153983 0.1235992 0.1333451 0.1331256 0.1375816 0.1278985 0.1215920 0.1264898 0.0349009 0.0873828 0.1357646 0.0936379 0.0912433 0.0498503 0.0824253 0.0972487 0.0630862 0.1207127 0.1256580 0.1387573 0.1019514 0.0863182 0.0817023 0.0872000 0.1111910 0.0000000 0.1360646 0.0800694 0.0836875 0.0874916 0.0874410 0.0463545 0.0837410 0.0911462 0.1096647 0.0864541 0.0466661 0.1228322 0.1092363 0.1127312 0.0690893 0.1643422 0.1026539 0.1048443 0.0658535 0.0531560 0.0590242 0.1072653 0.1187397 0.0622487 0.1066570 0.0871603 0.1023841 0.0953610 0.0930942 0.1014602 0.0911113 0.0850565 0.0852122 0.0826796 0.1528541 0.1457337 0.0878617 0.0894987 0.0870390 0.0939863 0.0501339 0.0818704 0.0913248 0.0873535 0.0856786 0.0905613 0.0922057 0.0881176 0.0455640 0.0408362 0.0913367 0.0508018 0.1344797 0.1124935 0.0663200 
Kbre_MYO7A         0.0634672 0.0631948 0.1050062 0.0612171 0.0671024 0.0625417 0.0616183 0.0680402 0.0586985 0.0579735 0.0537685 0.0420987 0.0705926 0.0771556 0.0872940 0.0820376 0.0772291 0.0795158 0.0757056 0.0465693 0.0514680 0.0620563 0.0695424 0.0525063 0.0731569 0.0731730 0.0768051 0.0676125 0.1360646 0.0000000 0.0123795 0.0758794 0.0756645 0.0615073 0.0646192 0.0720382 0.0819663 0.0943529 0.0631537 0.0833233 0.0928738 0.0678457 0.0730086 0.0762092 0.1400985 0.0637852 0.0661569 0.0561940 0.0528789 0.0687246 0.0780775 0.0705683 0.0797544 0.0599559 0.0930969 0.0637732 0.0657572 0.0576978 0.0811415 0.0688074 0.0758507 0.0549205 0.0599432 0.0231278 0.0421167 0.0548790 0.0518972 0.0651695 0.0838149 0.0617240 0.0672798 0.0706255 0.0767917 0.0754777 0.0824413 0.0731756 0.0696021 0.0731061 0.0759491 0.0766854 0.0811015 0.0731962 0.0883170 0.0579960 
Ksim_MYO7A         0.0538208 0.0611943 0.0669594 0.0555396 0.0543970 0.0569202 0.0569046 0.0592815 0.0517732 0.0512255 0.0516246 0.0366141 0.0532277 0.0656279 0.0703821 0.0618165 0.0656678 0.0543522 0.0673752 0.0463188 0.0507529 0.0576405 0.0573986 0.0504974 0.0562716 0.0541837 0.0598852 0.0575145 0.0800694 0.0123795 0.0000000 0.0505426 0.0601191 0.0546669 0.0519388 0.0607070 0.0629073 0.0700039 0.0606319 0.0642238 0.0895938 0.0625049 0.0649202 0.0677116 0.1565189 0.0532131 0.0563540 0.0563007 0.0490169 0.0547272 0.0704711 0.0592789 0.0660543 0.0557546 0.0914433 0.0605448 0.0535279 0.0510314 0.0652915 0.0632222 0.0559401 0.0520305 0.0450742 0.0231812 0.0278988 0.0533946 0.0456156 0.0530078 0.0615431 0.0550545 0.0560274 0.0524857 0.0578253 0.0620626 0.0616242 0.0607782 0.0577020 0.0577229 0.0572923 0.0600754 0.0614638 0.0756368 0.0618357 0.0563539 
Lacu_MYO7A         0.0654521 0.0386661 0.1159149 0.0612935 0.0627495 0.0651901 0.0722419 0.0734431 0.0575495 0.0601445 0.0536686 0.0097949 0.0183346 0.0636877 0.0252775 0.0206747 0.0167143 0.0205964 0.0470972 0.0431244 0.0530141 0.0640892 0.0708740 0.0163649 0.0194662 0.0143656 0.0183585 0.0563688 0.0836875 0.0758794 0.0505426 0.0000000 0.0192796 0.0168740 0.0141433 0.0171094 0.0196093 0.0254131 0.0133943 0.0166974 0.0617847 0.0460933 0.0582036 0.0593855 0.1117228 0.0384646 0.0494963 0.0400946 0.0332087 0.0355320 0.0484651 0.0574931 0.0394381 0.0366737 0.0588577 0.0383523 0.0224204 0.0214145 0.0217459 0.0322978 0.0168646 0.0275338 0.0130469 0.0532445 0.0711401 0.0265073 0.0206906 0.0311325 0.0206129 0.0171253 0.0149407 0.0176333 0.0214593 0.0222327 0.0224745 0.0234538 0.0200056 0.0174051 0.0168850 0.0225309 0.0207992 0.0608629 0.0266105 0.0410658 
Lalb_MYO7A         0.0695941 0.0450106 0.1087768 0.0631406 0.0657488 0.0668358 0.0708130 0.0774983 0.0613087 0.0610951 0.0546837 0.0131035 0.0156446 0.0665339 0.0196824 0.0204860 0.0201739 0.0215943 0.0414530 0.0470079 0.0551252 0.0661520 0.0745822 0.0189185 0.0176069 0.0141760 0.0185419 0.0552779 0.0874916 0.0756645 0.0601191 0.0192796 0.0000000 0.0161384 0.0118369 0.0170357 0.0196679 0.0267263 0.0156881 0.0222912 0.0562740 0.0474545 0.0592795 0.0564007 0.1236568 0.0416652 0.0489458 0.0461128 0.0362914 0.0453719 0.0415955 0.0584744 0.0531912 0.0423394 0.0528459 0.0314817 0.0178426 0.0153340 0.0133520 0.0330348 0.0194188 0.0284021 0.0134447 0.0571043 0.0812802 0.0265262 0.0250540 0.0278430 0.0218299 0.0187810 0.0197571 0.0235680 0.0190662 0.0179668 0.0209563 0.0199445 0.0155776 0.0158678 0.0159287 0.0179292 0.0234434 0.0608597 0.0223616 0.0442405 
Laus_MYO7A         0.0708034 0.0398110 0.0591863 0.0596696 0.0671380 0.0716365 0.0688098 0.0805289 0.0675432 0.0646117 0.0573128 0.0029274 0.0008998 0.0708672 0.0125408 0.0137402 0.0138483 0.0126033 0.0453352 0.0508866 0.0570527 0.0623169 0.0693791 0.0104066 0.0138873 0.0123726 0.0144890 0.0529228 0.0874410 0.0615073 0.0546669 0.0168740 0.0161384 0.0000000 0.0049862 0.0081420 0.0117689 0.0116732 0.0017822 0.0075962 0.0634699 0.0399288 0.0533332 0.0556195 0.1039323 0.0344288 0.0423357 0.0461355 0.0388970 0.0373517 0.0466289 0.0521745 0.0494593 0.0418812 0.0563685 0.0315715 0.0139075 0.0123464 0.0213255 0.0369940 0.0142725 0.0227648 0.0093884 0.0578241 0.0790129 0.0220628 0.0210577 0.0297906 0.0160449 0.0122185 0.0090578 0.0104944 0.0093937 0.0088065 0.0139643 0.0115827 0.0068678 0.0091117 0.0093349 0.0094899 0.0125260 0.0577082 0.0162500 0.0415639 
Lbor_MYO7A         0.0617389 0.0381163 0.0495371 0.0572253 0.0583186 0.0653455 0.0652553 0.0635105 0.0552291 0.0549075 0.0529142 0.0094282 0.0048328 0.0656490 0.0123422 0.0110268 0.0113834 0.0097949 0.0328221 0.0519994 0.0500131 0.0574112 0.0646255 0.0110903 0.0131990 0.0118585 0.0135877 0.0474015 0.0463545 0.0646192 0.0519388 0.0141433 0.0118369 0.0049862 0.0000000 0.0122983 0.0123016 0.0148036 0.0037246 0.0068924 0.0623404 0.0399777 0.0398115 0.0429983 0.1227098 0.0360136 0.0350870 0.0448157 0.0362230 0.0451837 0.0388926 0.0449355 0.0446801 0.0368526 0.0595522 0.0278458 0.0110557 0.0122953 0.0138425 0.0365606 0.0104697 0.0221970 0.0104885 0.0572932 0.0656328 0.0223862 0.0187046 0.0243619 0.0135621 0.0156793 0.0110009 0.0114495 0.0097944 0.0136150 0.0109922 0.0110184 0.0111259 0.0097775 0.0118975 0.0110650 0.0124733 0.0552464 0.0153607 0.0370588 
Lhos30470_MYO7A    0.0717573 0.0448651 0.1026255 0.0630366 0.0672667 0.0702830 0.0716617 0.0789031 0.0660225 0.0636108 0.0568106 0.0104265 0.0099670 0.0678391 0.0059304 0.0034304 0.0037145 0.0065042 0.0418428 0.0545669 0.0627377 0.0713598 0.0740235 0.0121148 0.0132679 0.0096015 0.0117245 0.0581904 0.0837410 0.0720382 0.0607070 0.0171094 0.0170357 0.0081420 0.0122983 0.0000000 0.0066769 0.0186469 0.0097419 0.0165757 0.0559416 0.0465857 0.0601221 0.0561233 0.1084868 0.0403849 0.0475174 0.0476044 0.0404862 0.0476327 0.0451564 0.0579322 0.0557527 0.0411181 0.0544981 0.0338338 0.0149527 0.0156904 0.0154903 0.0388312 0.0126066 0.0267342 0.0114392 0.0607981 0.0791923 0.0258902 0.0246782 0.0290518 0.0052357 0.0060181 0.0108278 0.0146149 0.0077593 0.0024539 0.0051259 0.0058048 0.0035682 0.0027173 0.0029690 0.0041555 0.0091708 0.0598750 0.0069131 0.0426871 
Lhos452_MYO7A      0.0766050 0.0447664 0.1069830 0.0716240 0.0691724 0.0729865 0.0807611 0.0801638 0.0693059 0.0698829 0.0582448 0.0104050 0.0142665 0.0682887 0.0129456 0.0100791 0.0082387 0.0099002 0.0464409 0.0550483 0.0636718 0.0713795 0.0774047 0.0151298 0.0156928 0.0133634 0.0162215 0.0588744 0.0911462 0.0819663 0.0629073 0.0196093 0.0196679 0.0117689 0.0123016 0.0066769 0.0000000 0.0202025 0.0121930 0.0176726 0.0609320 0.0479998 0.0602632 0.0642612 0.1129119 0.0413418 0.0498041 0.0501114 0.0415492 0.0476466 0.0475084 0.0570042 0.0564043 0.0438606 0.0558874 0.0370037 0.0192608 0.0211333 0.0204395 0.0369053 0.0155472 0.0277404 0.0126244 0.0628604 0.0885264 0.0259868 0.0248973 0.0324837 0.0111674 0.0122697 0.0144017 0.0171015 0.0100240 0.0095053 0.0086003 0.0130040 0.0071673 0.0083366 0.0066712 0.0106838 0.0113621 0.0604554 0.0091875 0.0422192 
Lobl_MYO7A         0.0798465 0.0531199 0.1317148 0.0775834 0.0772109 0.0839972 0.0877996 0.0912780 0.0734141 0.0740900 0.0684466 0.0169173 0.0111480 0.0811813 0.0295199 0.0230258 0.0224701 0.0213330 0.0488605 0.0633376 0.0716846 0.0790348 0.0873413 0.0174013 0.0199937 0.0179927 0.0187367 0.0621695 0.1096647 0.0943529 0.0700039 0.0254131 0.0267263 0.0116732 0.0148036 0.0186469 0.0202025 0.0000000 0.0069312 0.0160932 0.0697111 0.0523598 0.0718766 0.0751150 0.1387921 0.0499495 0.0605813 0.0596607 0.0527730 0.0564048 0.0491281 0.0681914 0.0657524 0.0503293 0.0610299 0.0424062 0.0251326 0.0245426 0.0316488 0.0463942 0.0214666 0.0325976 0.0173235 0.0681836 0.0841968 0.0314682 0.0291653 0.0368322 0.0244669 0.0237814 0.0200959 0.0195181 0.0219061 0.0219823 0.0196703 0.0220235 0.0178467 0.0216171 0.0211725 0.0245892 0.0262153 0.0726823 0.0193651 0.0556347 
Lobs_MYO7A         0.0658181 0.0347503 0.0892527 0.0552865 0.0636852 0.0653365 0.0667179 0.0745175 0.0585185 0.0586522 0.0557440 0.0043974 0.0009126 0.0652625 0.0163288 0.0126376 0.0134023 0.0116275 0.0392167 0.0483339 0.0550198 0.0605299 0.0669374 0.0104423 0.0122673 0.0117732 0.0138816 0.0502208 0.0864541 0.0631537 0.0606319 0.0133943 0.0156881 0.0017822 0.0037246 0.0097419 0.0121930 0.0069312 0.0000000 0.0076030 0.0522901 0.0359416 0.0549508 0.0503310 0.1041748 0.0354050 0.0416398 0.0439608 0.0389396 0.0373517 0.0393661 0.0494212 0.0420233 0.0358779 0.0485858 0.0275863 0.0135329 0.0117252 0.0187403 0.0343342 0.0114770 0.0248635 0.0081126 0.0574170 0.0748337 0.0240905 0.0210779 0.0251840 0.0108157 0.0122296 0.0097490 0.0098798 0.0116847 0.0106767 0.0119697 0.0134838 0.0096563 0.0105028 0.0110305 0.0113280 0.0149465 0.0563085 0.0144654 0.0410457 
LperAUS_MYO7A      0.0820485 0.0414437 0.0640180 0.0689192 0.0779231 0.0801831 0.0819959 0.0935095 0.0782932 0.0759864 0.0633337 0.0067233 0.0088010 0.0799000 0.0187324 0.0149059 0.0157358 0.0137411 0.0461284 0.0540570 0.0689501 0.0831249 0.0779297 0.0164431 0.0188801 0.0176938 0.0209725 0.0608319 0.0466661 0.0833233 0.0642238 0.0166974 0.0222912 0.0075962 0.0068924 0.0165757 0.0176726 0.0160932 0.0076030 0.0000000 0.0651011 0.0463685 0.0610162 0.0579069 0.1241290 0.0380821 0.0464680 0.0467746 0.0426562 0.0432584 0.0489002 0.0578127 0.0549405 0.0373603 0.0351310 0.0401929 0.0208805 0.0172828 0.0258966 0.0398236 0.0182483 0.0297238 0.0135810 0.0647977 0.0942279 0.0300417 0.0228534 0.0314439 0.0198939 0.0159133 0.0175827 0.0166207 0.0161512 0.0176510 0.0182052 0.0198059 0.0112353 0.0161021 0.0156971 0.0154873 0.0210437 0.0652342 0.0207008 0.0396284 
Lvex_MYO7A         0.0681056 0.0617559 0.1250962 0.0624592 0.0611752 0.0642870 0.0690234 0.0678225 0.0587470 0.0602795 0.0613749 0.0452734 0.0627021 0.0727329 0.0680192 0.0630200 0.0653778 0.0608906 0.0513300 0.0619618 0.0581881 0.0660884 0.0693899 0.0610123 0.0631710 0.0590452 0.0617229 0.0617205 0.1228322 0.0928738 0.0895938 0.0617847 0.0562740 0.0634699 0.0623404 0.0559416 0.0609320 0.0697111 0.0522901 0.0651011 0.0000000 0.0657284 0.0668196 0.0756858 0.1586920 0.0594877 0.0591881 0.0706747 0.0571556 0.0696173 0.0550925 0.0665761 0.0718010 0.0596260 0.0634010 0.0526163 0.0665473 0.0650754 0.0670557 0.0550169 0.0646870 0.0475500 0.0588857 0.0692119 0.0854398 0.0450414 0.0373785 0.0440253 0.0685048 0.0539548 0.0570362 0.0586815 0.0574509 0.0628276 0.0640411 0.0631961 0.0520921 0.0550279 0.0549310 0.0603584 0.0570913 0.0785678 0.0671157 0.0601566 
Mbid_MYO7A         0.0625724 0.0229337 0.0370194 0.0614368 0.0612472 0.0653065 0.0652824 0.0653734 0.0544818 0.0557293 0.0541676 0.0319543 0.0390026 0.0659575 0.0512938 0.0474842 0.0440058 0.0423016 0.0501513 0.0505086 0.0504250 0.0562659 0.0672899 0.0436820 0.0496896 0.0471714 0.0490816 0.0208499 0.1092363 0.0678457 0.0625049 0.0460933 0.0474545 0.0399288 0.0399777 0.0465857 0.0479998 0.0523598 0.0359416 0.0463685 0.0657284 0.0000000 0.0223242 0.0226109 0.0771754 0.0133098 0.0160720 0.0257210 0.0141597 0.0154356 0.0580613 0.0169605 0.0266868 0.0149972 0.0426989 0.0439088 0.0441086 0.0440326 0.0510622 0.0536309 0.0497055 0.0404978 0.0453846 0.0536800 0.0656859 0.0405349 0.0385214 0.0415492 0.0496384 0.0474408 0.0463780 0.0493652 0.0422720 0.0479328 0.0479355 0.0446583 0.0457285 0.0408092 0.0457280 0.0485630 0.0488052 0.0291880 0.0517122 0.0148155 
Mbow_MYO7A         0.0659729 0.0261231 0.0422591 0.0581430 0.0624436 0.0701341 0.0698864 0.0715568 0.0571479 0.0570073 0.0578165 0.0340372 0.0565814 0.0693148 0.0618259 0.0617289 0.0592965 0.0570862 0.0598211 0.0564233 0.0597527 0.0633364 0.0730590 0.0586132 0.0573566 0.0588367 0.0641910 0.0264647 0.1127312 0.0730086 0.0649202 0.0582036 0.0592795 0.0533332 0.0398115 0.0601221 0.0602632 0.0718766 0.0549508 0.0610162 0.0668196 0.0223242 0.0000000 0.0130698 0.0630391 0.0184202 0.0147443 0.0273815 0.0177119 0.0262702 0.0631993 0.0185588 0.0250790 0.0143377 0.0460407 0.0512886 0.0585276 0.0533452 0.0628667 0.0588014 0.0582748 0.0476951 0.0469410 0.0612686 0.0729821 0.0451124 0.0466425 0.0481164 0.0646205 0.0541586 0.0585497 0.0575971 0.0612979 0.0613331 0.0638309 0.0604948 0.0513801 0.0551279 0.0559428 0.0616773 0.0627501 0.0379947 0.0693984 0.0175278 
Mcar_MYO7A         0.0698199 0.0243868 0.0355296 0.0585865 0.0715784 0.0745210 0.0715265 0.0800807 0.0673900 0.0643644 0.0664602 0.0370932 0.0552020 0.0790926 0.0645369 0.0662794 0.0627385 0.0597182 0.0632002 0.0557925 0.0624229 0.0663259 0.0729934 0.0497083 0.0609657 0.0620477 0.0644194 0.0212121 0.0690893 0.0762092 0.0677116 0.0593855 0.0564007 0.0556195 0.0429983 0.0561233 0.0642612 0.0751150 0.0503310 0.0579069 0.0756858 0.0226109 0.0130698 0.0000000 0.0657639 0.0181376 0.0146159 0.0208610 0.0198379 0.0212629 0.0644650 0.0166312 0.0242757 0.0208461 0.0479585 0.0534575 0.0569169 0.0509628 0.0662695 0.0594283 0.0645320 0.0469065 0.0539071 0.0681797 0.0795434 0.0445333 0.0465555 0.0491262 0.0710472 0.0534450 0.0532808 0.0550228 0.0532620 0.0611797 0.0636864 0.0575219 0.0496708 0.0504912 0.0582312 0.0577286 0.0579309 0.0367642 0.0758387 0.0169577 
Mden_MYO7A         0.1631319 0.1039055 0.0829680 0.1443002 0.1588314 0.1617102 0.1610972 0.1638522 0.1561621 0.1494394 0.1449439 0.1217687 0.1063632 0.1724366 0.1201353 0.1115982 0.1158510 0.1098088 0.1193237 0.1488001 0.1383224 0.1506177 0.1675321 0.1100546 0.1144218 0.1083903 0.1091928 0.0788805 0.1643422 0.1400985 0.1565189 0.1117228 0.1236568 0.1039323 0.1227098 0.1084868 0.1129119 0.1387921 0.1041748 0.1241290 0.1586920 0.0771754 0.0630391 0.0657639 0.0000000 0.0698142 0.0653674 0.0856727 0.0789155 0.1005139 0.1255154 0.0725655 0.0839167 0.0635943 0.1004797 0.1206501 0.1074943 0.1072601 0.1135918 0.1394467 0.1119406 0.1045199 0.1054941 0.1933805 0.1671095 0.1049347 0.1223015 0.1045199 0.1130150 0.1273839 0.1036004 0.1135106 0.1067247 0.1090176 0.1158178 0.1079520 0.1099881 0.1083864 0.1176881 0.1046980 0.0972685 0.0893719 0.1458015 0.0845876 
Meur_MYO7A         0.0516067 0.0179370 0.0237679 0.0488863 0.0516468 0.0547027 0.0546906 0.0585708 0.0440356 0.0465547 0.0453247 0.0252195 0.0373849 0.0560401 0.0461827 0.0419548 0.0381031 0.0391230 0.0459508 0.0425179 0.0434316 0.0486678 0.0556803 0.0378842 0.0405139 0.0389883 0.0412106 0.0160494 0.1026539 0.0637852 0.0532131 0.0384646 0.0416652 0.0344288 0.0360136 0.0403849 0.0413418 0.0499495 0.0354050 0.0380821 0.0594877 0.0133098 0.0184202 0.0181376 0.0698142 0.0000000 0.0077401 0.0186264 0.0085728 0.0125720 0.0498053 0.0141606 0.0175176 0.0094751 0.0638536 0.0394372 0.0398118 0.0376325 0.0418199 0.0465593 0.0379906 0.0329657 0.0372798 0.0502786 0.0629940 0.0330865 0.0311613 0.0355714 0.0434264 0.0385141 0.0379554 0.0408117 0.0381285 0.0416760 0.0441796 0.0348780 0.0395095 0.0348501 0.0386047 0.0418127 0.0414590 0.0257983 0.0493220 0.0110760 
