85
Bacu_PCDH15         0.0000000 0.0603043 0.0537674 0.0092151 0.0157737 0.0173693 0.0173693 0.0241886 0.0203771 0.0858599 0.0949670 0.0340601 0.0955730 0.0940097 0.0964639 0.0977628 0.6210650 0.0267114 0.0272619 0.0283428 0.0200311 0.0966853 0.0973919 0.0937169 0.8488116 0.0541571 0.0853524 0.0796976 0.0778192 0.0959237 0.0967887 0.0932834 0.0885329 0.0899437 0.0984751 0.2938341 0.0946605 0.0956469 0.8521141 0.0552506 0.0543688 0.0548874 0.0590217 0.0567962 0.0550892 0.0653401 0.0542560 0.0533340 0.0546965 0.6136185 0.0550561 0.0534776 0.0532855 0.8450151 0.0887394 0.1026437 0.0921184 0.7246019 0.0762312 0.0620811 0.0956985 0.0643887 0.0733911 0.0933385 0.0593566 0.0739443 0.6523396 0.0759093 0.0972333 0.0957615 0.0966544 0.0927895 0.0976654 0.0959848 0.0936253 0.0966557 0.0917140 0.0934115 0.0993840 0.0954443 0.0974490 0.0988805 0.0498474 0.6938545 0.0525658 
Barn_PCDH15         0.0603043 0.0000000 0.0045189 0.0480924 0.0493916 0.0492613 0.0492613 0.0543021 0.0528948 0.0755143 0.0741123 0.0525291 0.0748848 0.0726209 0.0761337 0.0761391 0.0711160 0.0556811 0.0545545 0.0569230 0.0517271 0.0763907 0.0733482 0.0763694 0.0763796 0.0188250 0.0749541 0.0732599 0.0803538 0.0777743 0.0765855 0.0802536 0.0755182 0.0722040 0.0788787 0.0802338 0.0754456 0.0748982 0.0633770 0.0298781 0.0258261 0.0244976 0.0194387 0.0257058 0.0234331 0.0253291 0.0245932 0.0234135 0.0224369 0.0633472 0.0268777 0.0257465 0.0245436 0.0686447 0.0651034 0.0830831 0.0784182 0.0720760 0.0623915 0.0520386 0.0755643 0.0604948 0.0625782 0.0736018 0.0520923 0.0645036 0.0627819 0.0614579 0.0772793 0.0771841 0.0776513 0.0762782 0.0803851 0.0675310 0.0748609 0.0740773 0.0734718 0.0748466 0.0787670 0.0747444 0.0774828 0.0793557 0.0211988 0.0761376 0.0220245 
Bbai76728_PCDH15    0.0537674 0.0045189 0.0000000 0.0437220 0.0437551 0.0416577 0.0416577 0.0488715 0.0446568 0.0665663 0.0711383 0.0470387 0.0723810 0.0709831 0.0734182 0.0722913 0.0702136 0.0488958 0.0479603 0.0509735 0.0466928 0.0724841 0.0732665 0.0725174 0.0725253 0.0146923 0.0750371 0.0636542 0.0693218 0.0747137 0.0737250 0.0688589 0.0668344 0.0700005 0.0745704 0.0781139 0.0735017 0.0701971 0.0629759 0.0231015 0.0194955 0.0175006 0.0202373 0.0203630 0.0184882 0.0249145 0.0194449 0.0175348 0.0192297 0.0647927 0.0213289 0.0213707 0.0203646 0.1016229 0.0659092 0.0813792 0.0777476 0.0770298 0.0595368 0.0419378 0.0723763 0.0531745 0.0572956 0.0719452 0.0420364 0.0577493 0.0760649 0.0563502 0.0760245 0.0759497 0.0746730 0.0728609 0.0780427 0.0750352 0.0716469 0.0727946 0.0733973 0.0656124 0.0767497 0.0722681 0.0745348 0.0745807 0.0185470 0.0734205 0.0162097 
BbonAUS_PCDH15      0.0092151 0.0480924 0.0437220 0.0000000 0.0070449 0.0086201 0.0086201 0.0123844 0.0100914 0.0697767 0.0807713 0.0234051 0.0797807 0.0785720 0.0806604 0.0814413 0.0675186 0.0186858 0.0196510 0.0202855 0.0111436 0.0808558 0.0815343 0.0799009 0.0799084 0.0448755 0.0703317 0.0670378 0.0667511 0.0816551 0.0809400 0.0770692 0.0719153 0.0769251 0.0826033 0.0846749 0.0792800 0.0798531 0.0543879 0.0495928 0.0450535 0.0456189 0.0508825 0.0474710 0.0457855 0.0545268 0.0449582 0.0440604 0.0450345 0.0649777 0.0457581 0.0441792 0.0440206 0.1324211 0.0758228 0.0902559 0.0800981 0.0827494 0.0651052 0.0472406 0.0802887 0.0546415 0.0606760 0.0779421 0.0478898 0.0614912 0.0776333 0.0634243 0.0823527 0.0814362 0.0826385 0.0784678 0.0818769 0.0807525 0.0774424 0.0798169 0.0768336 0.0752233 0.0835029 0.0796751 0.0816150 0.0829512 0.0406328 0.0806640 0.0430383 
Bbor_PCDH15         0.0157737 0.0493916 0.0437551 0.0070449 0.0000000 0.0062220 0.0062220 0.0117929 0.0117919 0.0704909 0.0787865 0.0253149 0.0795628 0.0764440 0.0804594 0.0802200 0.0671052 0.0182112 0.0179393 0.0198373 0.0121915 0.0806582 0.0813497 0.0796851 0.0796927 0.0457662 0.0732775 0.0723405 0.0696260 0.0806500 0.0807438 0.0778164 0.0726174 0.0767153 0.0824394 0.0845504 0.0791449 0.0796364 0.0581658 0.0495900 0.0468550 0.0474228 0.0528886 0.0493236 0.0472953 0.0559690 0.0467544 0.0458337 0.0469039 0.0645166 0.0475706 0.0459597 0.0457914 0.1003456 0.0765320 0.0893057 0.0789994 0.0825877 0.0662081 0.0495055 0.0801745 0.0581264 0.0620584 0.0777788 0.0491761 0.0614869 0.0774083 0.0624544 0.0814174 0.0813463 0.0824752 0.0782176 0.0816987 0.0806829 0.0791177 0.0785221 0.0766541 0.0761216 0.0833565 0.0794554 0.0814323 0.0827936 0.0414317 0.0804631 0.0440507 
Bede66737_PCDH15    0.0173693 0.0492613 0.0416577 0.0086201 0.0062220 0.0000000 0.0000010 0.0117747 0.0134933 0.0703711 0.0786140 0.0244055 0.0784144 0.0762645 0.0793075 0.0790336 0.0697418 0.0173717 0.0178996 0.0189914 0.0138324 0.0795036 0.0803107 0.0785355 0.0785430 0.0448039 0.0693250 0.0712205 0.0738434 0.0813859 0.0795876 0.0766358 0.0714016 0.0754324 0.0812766 0.0833765 0.0780094 0.0784875 0.0547741 0.0517977 0.0458842 0.0447363 0.0518278 0.0483450 0.0466280 0.0536714 0.0457857 0.0448699 0.0458963 0.0652606 0.0465996 0.0449930 0.0448287 0.1010678 0.0773473 0.0893421 0.0778262 0.0834375 0.0641934 0.0503199 0.0790343 0.0550471 0.0628397 0.0766452 0.0500136 0.0622929 0.0781461 0.0642221 0.0802673 0.0801975 0.0813132 0.0770430 0.0805369 0.0791727 0.0760026 0.0783420 0.0773948 0.0747739 0.0821901 0.0783090 0.0802752 0.0816253 0.0404878 0.0793109 0.0420269 
BedeAUS_PCDH15      0.0173693 0.0492613 0.0416577 0.0086201 0.0062220 0.0000010 0.0000000 0.0117747 0.0134933 0.0703711 0.0786140 0.0244055 0.0784144 0.0762645 0.0793075 0.0790336 0.0697418 0.0173717 0.0178996 0.0189914 0.0138324 0.0795036 0.0803107 0.0785355 0.0785430 0.0448039 0.0693250 0.0712205 0.0738434 0.0813859 0.0795876 0.0766358 0.0714016 0.0754324 0.0812766 0.0833765 0.0780094 0.0784875 0.0547741 0.0517977 0.0458842 0.0447363 0.0518278 0.0483450 0.0466280 0.0536714 0.0457857 0.0448699 0.0458963 0.0652606 0.0465996 0.0449930 0.0448287 0.1010678 0.0773473 0.0893421 0.0778262 0.0834375 0.0641934 0.0503199 0.0790343 0.0550471 0.0628397 0.0766452 0.0500136 0.0622929 0.0781461 0.0642221 0.0802673 0.0801975 0.0813132 0.0770430 0.0805369 0.0791727 0.0760026 0.0783420 0.0773948 0.0747739 0.0821901 0.0783090 0.0802752 0.0816253 0.0404878 0.0793109 0.0420269 
Bmus_PCDH15         0.0241886 0.0543021 0.0488715 0.0123844 0.0117929 0.0117747 0.0117747 0.0000000 0.0187603 0.0823383 0.0923645 0.0316791 0.0932923 0.0923228 0.0941870 0.0954174 0.6445823 0.0234809 0.0238446 0.0250998 0.0193386 0.0944060 0.0951129 0.0934212 0.8676823 0.0518727 0.0790997 0.0793085 0.0804793 0.0935000 0.0945073 0.0899744 0.0849115 0.0860977 0.0962003 0.3014054 0.0923055 0.0933666 0.8736554 0.0589842 0.0537708 0.0542951 0.0593129 0.0562093 0.0544954 0.0634953 0.0536586 0.0527337 0.0540777 0.6324787 0.0544626 0.0528764 0.0526856 0.8649111 0.0883891 0.1041075 0.0935817 0.7433705 0.0735696 0.0669155 0.0933456 0.0649476 0.0720441 0.0909733 0.0588192 0.0724554 0.6721095 0.0744293 0.0947276 0.0934053 0.0962211 0.0923251 0.0953859 0.0938437 0.0912752 0.0940864 0.0903417 0.0894792 0.0971136 0.0931662 0.0951735 0.0966001 0.0474527 0.7043715 0.0518850 
Bphy_baits_PCDH15   0.0203771 0.0528948 0.0446568 0.0100914 0.0117919 0.0134933 0.0134933 0.0187603 0.0000000 0.0744585 0.0796162 0.0236488 0.0782806 0.0739310 0.0792362 0.0781921 0.0682304 0.0240037 0.0247975 0.0257784 0.0122295 0.0794465 0.0791742 0.0783603 0.0783683 0.0492462 0.0744163 0.0775316 0.0786612 0.0794370 0.0785295 0.0824353 0.0762491 0.0706971 0.0813434 0.0825744 0.0777963 0.0783591 0.0600203 0.0508955 0.0513590 0.0501372 0.0557923 0.0521119 0.0512152 0.0539775 0.0512416 0.0502403 0.0493875 0.0654567 0.0521182 0.0503132 0.0511549 0.0713374 0.0727019 0.0875829 0.0773202 0.0803971 0.0676862 0.0514643 0.0788945 0.0637638 0.0680762 0.0763322 0.0511211 0.0665845 0.0724563 0.0695594 0.0802147 0.0801398 0.0813835 0.0756788 0.0815689 0.0783364 0.0745665 0.0768872 0.0751855 0.0817704 0.0823218 0.0781680 0.0802718 0.0817174 0.0454743 0.0792399 0.0476578 
Ccom40_PCDH15       0.0858599 0.0755143 0.0665663 0.0697767 0.0704909 0.0703711 0.0703711 0.0823383 0.0744585 0.0000000 0.0044292 0.0806312 0.0119084 0.0113330 0.0127629 0.0127630 0.0418329 0.0802203 0.0852013 0.0843957 0.0757166 0.0128207 0.0123495 0.0119457 0.0119466 0.0655849 0.0539219 0.0797297 0.0804947 0.0121242 0.0118979 0.0084441 0.0071369 0.0104403 0.0127729 0.0101676 0.0075770 0.0067335 0.0527706 0.0740654 0.0647745 0.0644087 0.0735708 0.0678447 0.0669029 0.0768536 0.0669420 0.0655384 0.0665341 0.0362322 0.0699142 0.0680106 0.0668204 0.0687020 0.0412416 0.0160193 0.0122131 0.0167964 0.0483210 0.0714076 0.0136771 0.0398661 0.0390240 0.0119383 0.0692562 0.0382740 0.0438822 0.0403100 0.0148841 0.0145478 0.0145429 0.0123144 0.0154002 0.0124019 0.0122774 0.0121116 0.0127602 0.0132735 0.0162481 0.0127822 0.0127694 0.0136359 0.0603122 0.0127617 0.0670147 
Chea7320_PCDH15     0.0949670 0.0741123 0.0711383 0.0807713 0.0787865 0.0786140 0.0786140 0.0923645 0.0796162 0.0044292 0.0000000 0.0909039 0.0083656 0.0081809 0.0092049 0.0103922 0.0404228 0.0871414 0.0892272 0.0913656 0.0871793 0.0083982 0.0092179 0.0083912 0.0083918 0.0711505 0.0535005 0.0841564 0.0856849 0.0083305 0.0092001 0.0042751 0.0036198 0.0087221 0.0092082 0.0066663 0.0033094 0.0024815 0.0591788 0.0804479 0.0715757 0.0730838 0.0812600 0.0766763 0.0736545 0.0835268 0.0737219 0.0713070 0.0738219 0.0349042 0.0767202 0.0770311 0.0746259 0.0542811 0.0439164 0.0136141 0.0094698 0.0126484 0.0511353 0.0776178 0.0092391 0.0354841 0.0359688 0.0075413 0.0739256 0.0361639 0.0482651 0.0369735 0.0100974 0.0100891 0.0100865 0.0077746 0.0117796 0.0074678 0.0094876 0.0088591 0.0083586 0.0116089 0.0117622 0.0092148 0.0100520 0.0092110 0.0690500 0.0083595 0.0727662 
Cmar59905_PCDH15    0.0340601 0.0525291 0.0470387 0.0234051 0.0253149 0.0244055 0.0244055 0.0316791 0.0236488 0.0806312 0.0909039 0.0000000 0.0888432 0.0859642 0.0897636 0.0897852 0.0770280 0.0324923 0.0342802 0.0342230 0.0212984 0.0899819 0.0907512 0.0889734 0.0889824 0.0537249 0.0785649 0.0804240 0.0818683 0.0910252 0.0900809 0.0863150 0.0764208 0.0833817 0.0918221 0.0940106 0.0886806 0.0889192 0.0689565 0.0557020 0.0539440 0.0527628 0.0583914 0.0555530 0.0546966 0.0595379 0.0519761 0.0528660 0.0524097 0.0721792 0.0546623 0.0520152 0.0528159 0.1450999 0.0809888 0.0979573 0.0867805 0.0900797 0.0734170 0.0567513 0.0897483 0.0585712 0.0670479 0.0873005 0.0569131 0.0663542 0.0851352 0.0701685 0.0921782 0.0909920 0.0918483 0.0857378 0.0930611 0.0876121 0.0846663 0.0868417 0.0858239 0.0828549 0.0927623 0.0887198 0.0907732 0.0922186 0.0492294 0.0897701 0.0490849 
Dcap108471_PCDH15   0.0955730 0.0748848 0.0723810 0.0797807 0.0795628 0.0784144 0.0784144 0.0932923 0.0782806 0.0119084 0.0083656 0.0888432 0.0000000 0.0017737 0.0007543 0.0023371 0.0410280 0.0874681 0.0904379 0.0894409 0.0854718 0.0045662 0.0053164 0.0045627 0.0053265 0.0737005 0.0536387 0.0887668 0.0914587 0.0085710 0.0053404 0.0111750 0.0069198 0.0035743 0.0030260 0.0115211 0.0078511 0.0068682 0.0556022 0.0848113 0.0731208 0.0735754 0.0821190 0.0777806 0.0759551 0.0825345 0.0750774 0.0738016 0.0743480 0.0359668 0.0778214 0.0781096 0.0759032 0.0993830 0.0438693 0.0138497 0.0089126 0.0138531 0.0500407 0.0835668 0.0054797 0.0329991 0.0364550 0.0039053 0.0800136 0.0356666 0.0482109 0.0375802 0.0031875 0.0031248 0.0045590 0.0031214 0.0045557 0.0020318 0.0015533 0.0008459 0.0045533 0.0046715 0.0045494 0.0022686 0.0015101 0.0030397 0.0689285 0.0022656 0.0733135 
Dcap79929_PCDH15    0.0940097 0.0726209 0.0709831 0.0785720 0.0764440 0.0762645 0.0762645 0.0923228 0.0739310 0.0113330 0.0081809 0.0859642 0.0017737 0.0000000 0.0026614 0.0017716 0.0415880 0.0864512 0.0864799 0.0887676 0.0853766 0.0044695 0.0053508 0.0044656 0.0053627 0.0725824 0.0560669 0.0856231 0.0888631 0.0080731 0.0071851 0.0132375 0.0087131 0.0019272 0.0026624 0.0116978 0.0080642 0.0071665 0.0585147 0.0812594 0.0730515 0.0726080 0.0791130 0.0774140 0.0752832 0.0830160 0.0742565 0.0727563 0.0758771 0.0356437 0.0774853 0.0765513 0.0752290 0.0762549 0.0437742 0.0126248 0.0089960 0.0126177 0.0495580 0.0793694 0.0053643 0.0312737 0.0362269 0.0035670 0.0740357 0.0351673 0.0500612 0.0372512 0.0035708 0.0035723 0.0053606 0.0035665 0.0053562 0.0021566 0.0035538 0.0027391 0.0017721 0.0040435 0.0053475 0.0026644 0.0035536 0.0026633 0.0692270 0.0026602 0.0726960 
DdelSJR_PCDH15      0.0964639 0.0761337 0.0734182 0.0806604 0.0804594 0.0793075 0.0793075 0.0941870 0.0792362 0.0127629 0.0092049 0.0897636 0.0007543 0.0026614 0.0000000 0.0031170 0.0418435 0.0883558 0.0913747 0.0903314 0.0863847 0.0053286 0.0060785 0.0053246 0.0060890 0.0745729 0.0522773 0.0896732 0.0924720 0.0093528 0.0061050 0.0119766 0.0077872 0.0044693 0.0037835 0.0122925 0.0086387 0.0076334 0.0566504 0.0859761 0.0739972 0.0744471 0.0830610 0.0786555 0.0768286 0.0836334 0.0759508 0.0746760 0.0752537 0.0367760 0.0786968 0.0789882 0.0767762 0.1003293 0.0447776 0.0146230 0.0097256 0.0146267 0.0490131 0.0844500 0.0062653 0.0342838 0.0372940 0.0046876 0.0809355 0.0365470 0.0490406 0.0384654 0.0039855 0.0039071 0.0053203 0.0039027 0.0053165 0.0020299 0.0023307 0.0016923 0.0053136 0.0056078 0.0053091 0.0030257 0.0022657 0.0038007 0.0697945 0.0030216 0.0742952 
Ddeltrop4525_PCDH15 0.0977628 0.0761391 0.0722913 0.0814413 0.0802200 0.0790336 0.0790336 0.0954174 0.0781921 0.0127630 0.0103922 0.0897852 0.0023371 0.0017716 0.0031170 0.0000000 0.0432023 0.0893908 0.0914766 0.0914331 0.0873853 0.0070774 0.0078486 0.0070719 0.0078626 0.0751567 0.0523189 0.0907739 0.0938259 0.0104608 0.0078840 0.0140444 0.0098764 0.0044693 0.0054710 0.0142898 0.0105574 0.0094633 0.0566734 0.0846960 0.0745655 0.0732235 0.0823999 0.0783792 0.0774844 0.0836553 0.0765788 0.0752643 0.0766169 0.0379621 0.0794131 0.0785964 0.0774299 0.1028968 0.0463289 0.0167020 0.0117463 0.0167069 0.0497779 0.0848709 0.0080977 0.0356578 0.0385423 0.0064623 0.0801379 0.0368765 0.0506598 0.0387926 0.0049413 0.0056556 0.0070659 0.0056490 0.0070609 0.0042169 0.0040156 0.0035093 0.0070571 0.0056077 0.0070508 0.0046876 0.0039000 0.0054964 0.0702246 0.0046811 0.0737084 
Dleu_PCDH15         0.6210650 0.0711160 0.0702136 0.0675186 0.0671052 0.0697418 0.0697418 0.6445823 0.0682304 0.0418329 0.0404228 0.0770280 0.0410280 0.0415880 0.0418435 0.0432023 0.0000000 0.0760813 0.0783881 0.0779656 0.0707095 0.0420048 0.0427401 0.0402590 0.0703423 0.0689640 0.0569747 0.0832820 0.0830722 0.0394038 0.0420429 0.0453688 0.0419452 0.0357289 0.0427279 0.5802300 0.0405540 0.0411255 0.0474699 0.0787789 0.0683760 0.0706305 0.0775983 0.0729389 0.0711625 0.0834802 0.0703052 0.0690523 0.0703891 0.0083516 0.0729763 0.0732407 0.0711148 0.0706133 0.0242292 0.0487088 0.0436738 0.0428576 0.0437498 0.6034372 0.0414498 0.0236928 0.0192707 0.0396976 0.0706639 0.0203426 0.0284520 0.0194550 0.0414722 0.0414022 0.0436536 0.0423639 0.0452876 0.0421645 0.0422664 0.0434152 0.0401622 0.0446552 0.0452785 0.0410215 0.0418644 0.0437449 0.0662120 0.0448599 0.0721738 
EausAUS_PCDH15      0.0267114 0.0556811 0.0488958 0.0186858 0.0182112 0.0173717 0.0173717 0.0234809 0.0240037 0.0802203 0.0871414 0.0324923 0.0874681 0.0864512 0.0883558 0.0893908 0.0760813 0.0000000 0.0032012 0.0045804 0.0201606 0.0885647 0.0893081 0.0875934 0.0876019 0.0484154 0.0804027 0.0765080 0.0734100 0.0895388 0.0886585 0.0850498 0.0794238 0.0802785 0.0903372 0.0905509 0.0852407 0.0856647 0.0645202 0.0520933 0.0486069 0.0491565 0.0547226 0.0510366 0.0493371 0.0590609 0.0485046 0.0475944 0.0478106 0.0716092 0.0493074 0.0477231 0.0475512 0.1438056 0.0824148 0.0981610 0.0882235 0.0905486 0.0715410 0.0548086 0.0881928 0.0646917 0.0690867 0.0858350 0.0558390 0.0693478 0.0847651 0.0723290 0.0904865 0.0893825 0.0903648 0.0853427 0.0915275 0.0897411 0.0843056 0.0873436 0.0844599 0.0881514 0.0912443 0.0873510 0.0893279 0.0907146 0.0441324 0.0872565 0.0479009 
Egla13086_PCDH15    0.0272619 0.0545545 0.0479603 0.0196510 0.0179393 0.0178996 0.0178996 0.0238446 0.0247975 0.0852013 0.0892272 0.0342802 0.0904379 0.0864799 0.0913747 0.0914766 0.0783881 0.0032012 0.0000000 0.0031994 0.0212410 0.0916002 0.0923822 0.0905718 0.0905812 0.0500865 0.0798057 0.0779160 0.0773989 0.0915991 0.0917029 0.0900413 0.0843887 0.0832888 0.0934749 0.0957070 0.0902027 0.0905159 0.0678479 0.0543913 0.0512396 0.0518040 0.0569399 0.0537993 0.0510870 0.0628383 0.0511267 0.0492529 0.0504988 0.0736672 0.0519715 0.0503046 0.0501140 0.1141957 0.0853140 0.1007839 0.0904035 0.0915741 0.0715610 0.0559272 0.0912904 0.0669147 0.0711232 0.0888013 0.0557725 0.0707801 0.0875947 0.0723485 0.0926454 0.0925611 0.0935008 0.0882726 0.0947416 0.0910005 0.0871748 0.0883314 0.0872494 0.0892550 0.0944316 0.0903100 0.0924043 0.0938846 0.0464585 0.0902069 0.0509711 
Ejap43864_PCDH15    0.0283428 0.0569230 0.0509735 0.0202855 0.0198373 0.0189914 0.0189914 0.0250998 0.0257784 0.0843957 0.0913656 0.0342230 0.0894409 0.0887676 0.0903314 0.0914331 0.0779656 0.0045804 0.0031994 0.0000000 0.0218208 0.0905439 0.0912879 0.0895675 0.0895763 0.0518736 0.0803621 0.0802930 0.0775985 0.0915641 0.0906402 0.0890300 0.0837079 0.0814299 0.0923246 0.0944426 0.0891909 0.0895148 0.0656323 0.0567235 0.0520781 0.0526109 0.0584637 0.0527910 0.0528049 0.0623308 0.0519690 0.0510485 0.0514040 0.0734747 0.0527730 0.0511867 0.0510019 0.1462354 0.0845588 0.1001877 0.0903187 0.0905204 0.0736638 0.0583038 0.0902223 0.0691204 0.0710139 0.0878593 0.0595149 0.0713787 0.0857040 0.0743743 0.0925779 0.0914241 0.0923500 0.0873596 0.0935247 0.0924108 0.0863182 0.0895559 0.0864142 0.0905752 0.0932343 0.0893207 0.0913089 0.0927098 0.0475594 0.0892239 0.0517793 
Erob133443_PCDH15   0.0200311 0.0517271 0.0466928 0.0111436 0.0121915 0.0138324 0.0138324 0.0193386 0.0122295 0.0757166 0.0871793 0.0212984 0.0854718 0.0853766 0.0863847 0.0873853 0.0707095 0.0201606 0.0212410 0.0218208 0.0000000 0.0855647 0.0873082 0.0855996 0.0856081 0.0480337 0.0771823 0.0712990 0.0706287 0.0875552 0.0847359 0.0818397 0.0780600 0.0801669 0.0884172 0.0882560 0.0852151 0.0855474 0.0574200 0.0535217 0.0472395 0.0460545 0.0523924 0.0483963 0.0466528 0.0565554 0.0471372 0.0462082 0.0449024 0.0690075 0.0479598 0.0463363 0.0444120 0.1415972 0.0790260 0.0964168 0.0852384 0.0885822 0.0685398 0.0485201 0.0862705 0.0603615 0.0636286 0.0838381 0.0492066 0.0646370 0.0810980 0.0655368 0.0885835 0.0874887 0.0884478 0.0842668 0.0896357 0.0887449 0.0831984 0.0862604 0.0824893 0.0833432 0.0893505 0.0853541 0.0873822 0.0887988 0.0446240 0.0863901 0.0465432 
Fatt_PCDH15         0.0966853 0.0763907 0.0724841 0.0808558 0.0806582 0.0795036 0.0795036 0.0944060 0.0794465 0.0128207 0.0083982 0.0899819 0.0045662 0.0044695 0.0053286 0.0070774 0.0420048 0.0885647 0.0916002 0.0905439 0.0855647 0.0000000 0.0053356 0.0030259 0.0037847 0.0747571 0.0565320 0.0898880 0.0915620 0.0086020 0.0069015 0.0103993 0.0087055 0.0035891 0.0060980 0.0115616 0.0078799 0.0068918 0.0546753 0.0849298 0.0741814 0.0746309 0.0832741 0.0788475 0.0770172 0.0851143 0.0761371 0.0748608 0.0764498 0.0369192 0.0788889 0.0791813 0.0769646 0.0985705 0.0439920 0.0170538 0.0114203 0.0139013 0.0501882 0.0826990 0.0038930 0.0344938 0.0356908 0.0023305 0.0791116 0.0357871 0.0474697 0.0367756 0.0064259 0.0062985 0.0045460 0.0023314 0.0076516 0.0051238 0.0054816 0.0051210 0.0076477 0.0094404 0.0076411 0.0053338 0.0060955 0.0061256 0.0699698 0.0053265 0.0755884 
Ggri_PCDH15         0.0973919 0.0733482 0.0732665 0.0815343 0.0813497 0.0803107 0.0803107 0.0951129 0.0791742 0.0123495 0.0092179 0.0907512 0.0053164 0.0053508 0.0060785 0.0078486 0.0427401 0.0893081 0.0923822 0.0912879 0.0873082 0.0053356 0.0000000 0.0053315 0.0060969 0.0744443 0.0548903 0.0906466 0.0912889 0.0093651 0.0076539 0.0119954 0.0077877 0.0053794 0.0068476 0.0123083 0.0086501 0.0076433 0.0556269 0.0857796 0.0749287 0.0753737 0.0829065 0.0795891 0.0777593 0.0818725 0.0768808 0.0756055 0.0772210 0.0376566 0.0796308 0.0799256 0.0777063 0.0974175 0.0419506 0.0162085 0.0122107 0.0130721 0.0500302 0.0853947 0.0062736 0.0316638 0.0356294 0.0046939 0.0807881 0.0357223 0.0465328 0.0367094 0.0072140 0.0070723 0.0068665 0.0046956 0.0084000 0.0050912 0.0062528 0.0050937 0.0083959 0.0084409 0.0083886 0.0060834 0.0068448 0.0068774 0.0707125 0.0060762 0.0752315 
Gmac39091_PCDH15    0.0937169 0.0763694 0.0725174 0.0799009 0.0796851 0.0785355 0.0785355 0.0934212 0.0783603 0.0119457 0.0083912 0.0889734 0.0045627 0.0044656 0.0053246 0.0070719 0.0402590 0.0875934 0.0905718 0.0895675 0.0855996 0.0030259 0.0053315 0.0000000 0.0022653 0.0738158 0.0551663 0.0888406 0.0915410 0.0085953 0.0068963 0.0112079 0.0078214 0.0044895 0.0060934 0.0115529 0.0078737 0.0068866 0.0568586 0.0849740 0.0732364 0.0736905 0.0822489 0.0778994 0.0760716 0.0839138 0.0751935 0.0739173 0.0754693 0.0352006 0.0779403 0.0782281 0.0760206 0.0964492 0.0439534 0.0170407 0.0114111 0.0138907 0.0511548 0.0836893 0.0038900 0.0318069 0.0348030 0.0023288 0.0801397 0.0348535 0.0474318 0.0358374 0.0064209 0.0062946 0.0045425 0.0023296 0.0076458 0.0051186 0.0054773 0.0051167 0.0076420 0.0084803 0.0076353 0.0053298 0.0060909 0.0061210 0.0690400 0.0053225 0.0745264 
Gmel_PCDH15         0.8488116 0.0763796 0.0725253 0.0799084 0.0796927 0.0785430 0.0785430 0.8676823 0.0783683 0.0119466 0.0083918 0.0889824 0.0053265 0.0053627 0.0060890 0.0078626 0.0703423 0.0876019 0.0905812 0.0895763 0.0856081 0.0037847 0.0060969 0.0022653 0.0000000 0.0738227 0.0538355 0.0888494 0.0915512 0.0093827 0.0076682 0.0112087 0.0078220 0.0053914 0.0068604 0.5867670 0.0086666 0.0076575 0.0579828 0.0849848 0.0732432 0.0736973 0.0822573 0.0779067 0.0760787 0.0839238 0.0752004 0.0739241 0.0754765 0.0646428 0.0779476 0.0782354 0.0760276 0.1283985 0.0458749 0.0178261 0.0122341 0.0350625 0.0511596 0.8038357 0.0046710 0.0344884 0.0365545 0.0031070 0.0813837 0.0366954 0.0767970 0.0376879 0.0072282 0.0062950 0.0053030 0.0031081 0.0084081 0.0051190 0.0062648 0.0059736 0.0084114 0.0084810 0.0084041 0.0060949 0.0068575 0.0068903 0.0690462 0.0290605 0.0745341 
Hamp_PCDH15         0.0541571 0.0188250 0.0146923 0.0448755 0.0457662 0.0448039 0.0448039 0.0518727 0.0492462 0.0655849 0.0711505 0.0537249 0.0737005 0.0725824 0.0745729 0.0751567 0.0689640 0.0484154 0.0500865 0.0518736 0.0480337 0.0747571 0.0744443 0.0738158 0.0738227 0.0000000 0.0733510 0.0642721 0.0679040 0.0744181 0.0748337 0.0699532 0.0653927 0.0699716 0.0764840 0.0766788 0.0712572 0.0700382 0.0584361 0.0126125 0.0107939 0.0123026 0.0131782 0.0130997 0.0115443 0.0173478 0.0107700 0.0099829 0.0120012 0.0635267 0.0131059 0.0131504 0.0115367 0.1266868 0.0646111 0.0803169 0.0758148 0.0766917 0.0585301 0.0493140 0.0721633 0.0542296 0.0583037 0.0717905 0.0472996 0.0591144 0.0731371 0.0599020 0.0749821 0.0752457 0.0747342 0.0723039 0.0784643 0.0769633 0.0731232 0.0741842 0.0727147 0.0681976 0.0773764 0.0736038 0.0755131 0.0768081 0.0148011 0.0745751 0.0103595 
Igeo_PCDH15         0.0853524 0.0749541 0.0750371 0.0703317 0.0732775 0.0693250 0.0693250 0.0790997 0.0744163 0.0539219 0.0535005 0.0785649 0.0536387 0.0560669 0.0522773 0.0523189 0.0569747 0.0804027 0.0798057 0.0803621 0.0771823 0.0565320 0.0548903 0.0551663 0.0538355 0.0733510 0.0000000 0.0826185 0.0890213 0.0525135 0.0553197 0.0551086 0.0524474 0.0480229 0.0535755 0.0537406 0.0511666 0.0511666 0.0437999 0.0782175 0.0756036 0.0763791 0.0790312 0.0806721 0.0793195 0.0818139 0.0780789 0.0779478 0.0781356 0.0507008 0.0807518 0.0793198 0.0778840 0.0586448 0.0616085 0.0605942 0.0565780 0.0523652 0.0350894 0.0731317 0.0551325 0.0531790 0.0544834 0.0551121 0.0706301 0.0546698 0.0574197 0.0556426 0.0578496 0.0564604 0.0564353 0.0551022 0.0576692 0.0556718 0.0509953 0.0560194 0.0548612 0.0616133 0.0588473 0.0509196 0.0535481 0.0535758 0.0731802 0.0535758 0.0753587 
Kbre_PCDH15         0.0796976 0.0732599 0.0636542 0.0670378 0.0723405 0.0712205 0.0712205 0.0793085 0.0775316 0.0797297 0.0841564 0.0804240 0.0887668 0.0856231 0.0896732 0.0907739 0.0832820 0.0765080 0.0779160 0.0802930 0.0712990 0.0898880 0.0906466 0.0888406 0.0888494 0.0642721 0.0826185 0.0000000 0.0218802 0.0888474 0.0899854 0.0876754 0.0822137 0.0792455 0.0896742 0.0899549 0.0843740 0.0869236 0.0684335 0.0666693 0.0590720 0.0613546 0.0685560 0.0651751 0.0633560 0.0701110 0.0625328 0.0615604 0.0630577 0.0775498 0.0652087 0.0645173 0.0606272 0.1150181 0.0872259 0.0977163 0.0904406 0.0907334 0.0648299 0.0468975 0.0854005 0.0701389 0.0761958 0.0853382 0.0484101 0.0791008 0.0856099 0.0768372 0.0896901 0.0885842 0.0917271 0.0897700 0.0928107 0.0881415 0.0866316 0.0854964 0.0857938 0.0841288 0.0906973 0.0866374 0.0886478 0.0920904 0.0595642 0.0896796 0.0594860 
Ksim_PCDH15         0.0778192 0.0803538 0.0693218 0.0667511 0.0696260 0.0738434 0.0738434 0.0804793 0.0786612 0.0804947 0.0856849 0.0818683 0.0914587 0.0888631 0.0924720 0.0938259 0.0830722 0.0734100 0.0773989 0.0775985 0.0706287 0.0915620 0.0912889 0.0915410 0.0915512 0.0679040 0.0890213 0.0218802 0.0000000 0.0916115 0.0928298 0.0880964 0.0857668 0.0836279 0.0924731 0.0927939 0.0867667 0.0893950 0.0712031 0.0732248 0.0608996 0.0634339 0.0706074 0.0667338 0.0636955 0.0762741 0.0647935 0.0626625 0.0644399 0.0799209 0.0677733 0.0670111 0.0626673 0.1210610 0.0886927 0.0989689 0.0937103 0.0892037 0.0671170 0.0474894 0.0879217 0.0795812 0.0772032 0.0878494 0.0491692 0.0816618 0.0876545 0.0794047 0.0928345 0.0915139 0.0947731 0.0926764 0.0959941 0.0952916 0.0913760 0.0895374 0.0881255 0.0896761 0.0924755 0.0890667 0.0913208 0.0951955 0.0658841 0.0924801 0.0683599 
Lacu_PCDH15         0.0959237 0.0777743 0.0747137 0.0816551 0.0806500 0.0813859 0.0813859 0.0935000 0.0794370 0.0121242 0.0083305 0.0910252 0.0085710 0.0080731 0.0093528 0.0104608 0.0394038 0.0895388 0.0915991 0.0915641 0.0875552 0.0086020 0.0093651 0.0085953 0.0093827 0.0744181 0.0525135 0.0888474 0.0916115 0.0000000 0.0093483 0.0130075 0.0088163 0.0055216 0.0085663 0.0124965 0.0079792 0.0077587 0.0584336 0.0862395 0.0748369 0.0771715 0.0840900 0.0796005 0.0777303 0.0873176 0.0768323 0.0755292 0.0771784 0.0342514 0.0796432 0.0799447 0.0776761 0.0689486 0.0420289 0.0156535 0.0099063 0.0149637 0.0501595 0.0845759 0.0088477 0.0355512 0.0346678 0.0072224 0.0811327 0.0348665 0.0457881 0.0358510 0.0096689 0.0096727 0.0101743 0.0080347 0.0117509 0.0084268 0.0080052 0.0087454 0.0101626 0.0125874 0.0117348 0.0077846 0.0085627 0.0101926 0.0704253 0.0093491 0.0773265 
Lalb_PCDH15         0.0967887 0.0765855 0.0737250 0.0809400 0.0807438 0.0795876 0.0795876 0.0945073 0.0785295 0.0118979 0.0092001 0.0900809 0.0053404 0.0071851 0.0061050 0.0078840 0.0420429 0.0886585 0.0917029 0.0906402 0.0847359 0.0069015 0.0076539 0.0068963 0.0076682 0.0748337 0.0553197 0.0899854 0.0928298 0.0093483 0.0000000 0.0111656 0.0077886 0.0072237 0.0084199 0.0116470 0.0086344 0.0076296 0.0564634 0.0859167 0.0742577 0.0747074 0.0833672 0.0785704 0.0767331 0.0852258 0.0762154 0.0749377 0.0761521 0.0369520 0.0789704 0.0792625 0.0770438 0.1008241 0.0454541 0.0177658 0.0105459 0.0162853 0.0507603 0.0847407 0.0078907 0.0345828 0.0366197 0.0062975 0.0812294 0.0367643 0.0487959 0.0377588 0.0088732 0.0086978 0.0084430 0.0062997 0.0099873 0.0082423 0.0062807 0.0059911 0.0099824 0.0104176 0.0099737 0.0076515 0.0068745 0.0084577 0.0700405 0.0076411 0.0756758 
Laus_PCDH15         0.0932834 0.0802536 0.0688589 0.0770692 0.0778164 0.0766358 0.0766358 0.0899744 0.0824353 0.0084441 0.0042751 0.0863150 0.0111750 0.0132375 0.0119766 0.0140444 0.0453688 0.0850498 0.0900413 0.0890300 0.0818397 0.0103993 0.0119954 0.0112079 0.0112087 0.0699532 0.0551086 0.0876754 0.0880964 0.0130075 0.0111656 0.0000000 0.0077646 0.0123395 0.0136049 0.0095437 0.0073260 0.0063230 0.0528300 0.0774489 0.0702599 0.0707452 0.0793576 0.0741288 0.0722507 0.0818262 0.0722918 0.0709702 0.0704059 0.0400582 0.0751199 0.0744180 0.0721662 0.0688613 0.0442727 0.0187094 0.0135093 0.0169198 0.0506659 0.0769763 0.0132170 0.0411376 0.0400223 0.0115377 0.0741644 0.0403063 0.0445952 0.0413509 0.0143723 0.0140577 0.0136425 0.0115319 0.0144463 0.0130472 0.0123271 0.0125949 0.0152558 0.0161754 0.0152420 0.0127997 0.0127876 0.0136679 0.0659647 0.0119755 0.0711458 
Lbor_PCDH15         0.0885329 0.0755182 0.0668344 0.0719153 0.0726174 0.0714016 0.0714016 0.0849115 0.0762491 0.0071369 0.0036198 0.0764208 0.0069198 0.0087131 0.0077872 0.0098764 0.0419452 0.0794238 0.0843887 0.0837079 0.0780600 0.0087055 0.0077877 0.0078214 0.0078220 0.0653927 0.0524474 0.0822137 0.0857668 0.0088163 0.0077886 0.0077646 0.0000000 0.0087742 0.0086640 0.0051562 0.0034286 0.0025708 0.0558680 0.0747025 0.0667090 0.0682824 0.0714252 0.0709255 0.0688904 0.0756414 0.0678907 0.0674904 0.0675589 0.0362087 0.0699138 0.0701777 0.0677636 0.0672881 0.0401214 0.0112493 0.0077549 0.0104451 0.0487605 0.0719115 0.0095773 0.0371240 0.0380871 0.0078166 0.0696740 0.0359880 0.0430460 0.0383846 0.0097874 0.0095735 0.0086956 0.0078155 0.0104416 0.0053821 0.0086621 0.0080487 0.0077855 0.0097632 0.0113059 0.0086704 0.0086617 0.0086667 0.0610646 0.0077863 0.0679234 
Lhos30470_PCDH15    0.0899437 0.0722040 0.0700005 0.0769251 0.0767153 0.0754324 0.0754324 0.0860977 0.0706971 0.0104403 0.0087221 0.0833817 0.0035743 0.0019272 0.0044693 0.0044693 0.0357289 0.0802785 0.0832888 0.0814299 0.0801669 0.0035891 0.0053794 0.0044895 0.0053914 0.0699716 0.0480229 0.0792455 0.0836279 0.0055216 0.0072237 0.0123395 0.0087742 0.0000000 0.0026750 0.0117599 0.0081073 0.0072049 0.0520194 0.0798140 0.0680189 0.0676114 0.0725325 0.0712745 0.0702700 0.0781926 0.0681193 0.0688248 0.0684978 0.0317970 0.0724050 0.0714795 0.0701969 0.1045946 0.0393967 0.0136101 0.0108742 0.0126736 0.0450184 0.0757448 0.0053930 0.0306675 0.0310942 0.0035861 0.0744289 0.0287460 0.0449361 0.0309266 0.0055216 0.0053975 0.0053894 0.0035856 0.0071933 0.0046598 0.0035706 0.0047682 0.0035711 0.0052937 0.0062749 0.0017812 0.0035704 0.0035738 0.0646287 0.0044673 0.0705020 
Lhos452_PCDH15      0.0984751 0.0788787 0.0745704 0.0826033 0.0824394 0.0812766 0.0812766 0.0962003 0.0813434 0.0127729 0.0092082 0.0918221 0.0030260 0.0026624 0.0037835 0.0054710 0.0427279 0.0903372 0.0934749 0.0923246 0.0884172 0.0060980 0.0068476 0.0060934 0.0068604 0.0764840 0.0535755 0.0896742 0.0924731 0.0085663 0.0084199 0.0136049 0.0086640 0.0026750 0.0000000 0.0130785 0.0086416 0.0084081 0.0577835 0.0885697 0.0759156 0.0763565 0.0851487 0.0805829 0.0787480 0.0848761 0.0778677 0.0765917 0.0772398 0.0376451 0.0806253 0.0809245 0.0786942 0.1003301 0.0447786 0.0146358 0.0089136 0.0154178 0.0499954 0.0864109 0.0062673 0.0342888 0.0372954 0.0046892 0.0829727 0.0365485 0.0490415 0.0384669 0.0039868 0.0039083 0.0060884 0.0046897 0.0060841 0.0030501 0.0031099 0.0033916 0.0060820 0.0065519 0.0060767 0.0022674 0.0030232 0.0037887 0.0716795 0.0037821 0.0753874 
Lobl_PCDH15         0.2938341 0.0802338 0.0781139 0.0846749 0.0845504 0.0833765 0.0833765 0.3014054 0.0825744 0.0101676 0.0066663 0.0940106 0.0115211 0.0116978 0.0122925 0.0142898 0.5802300 0.0905509 0.0957070 0.0944426 0.0882560 0.0115616 0.0123083 0.0115529 0.5867670 0.0766788 0.0537406 0.0899549 0.0927939 0.0124965 0.0116470 0.0095437 0.0051562 0.0117599 0.0130785 0.0000000 0.0054686 0.0060857 0.9146055 0.0863470 0.0761107 0.0746857 0.0843678 0.0789179 0.0770861 0.0849313 0.0780652 0.0767871 0.0753463 0.5666481 0.0808267 0.0811268 0.0770209 0.7645225 0.0478445 0.0193211 0.0122925 0.4955636 0.0532156 0.2697270 0.0126900 0.0397936 0.0400841 0.0110789 0.0824222 0.0393791 0.5902386 0.0414181 0.0137860 0.0127100 0.0131134 0.0102545 0.0146570 0.0092477 0.0118161 0.0120254 0.0146635 0.0142587 0.0146507 0.0123047 0.0130730 0.0131368 0.0718668 0.4681693 0.0764777 
Lobs_PCDH15         0.0946605 0.0754456 0.0735017 0.0792800 0.0791449 0.0780094 0.0780094 0.0923055 0.0777963 0.0075770 0.0033094 0.0886806 0.0078511 0.0080642 0.0086387 0.0105574 0.0405540 0.0852407 0.0902027 0.0891909 0.0852151 0.0078799 0.0086501 0.0078737 0.0086666 0.0712572 0.0511666 0.0843740 0.0867667 0.0079792 0.0086344 0.0073260 0.0034286 0.0081073 0.0086416 0.0054686 0.0000000 0.0023301 0.0590559 0.0819113 0.0706508 0.0720702 0.0786917 0.0754375 0.0735683 0.0813761 0.0726671 0.0713553 0.0727216 0.0353531 0.0754781 0.0757641 0.0735166 0.0995887 0.0434027 0.0141758 0.0096841 0.0134758 0.0511142 0.0793629 0.0086689 0.0384136 0.0358332 0.0070768 0.0755325 0.0349529 0.0479355 0.0369579 0.0096676 0.0094767 0.0094636 0.0072819 0.0110514 0.0061402 0.0088873 0.0085551 0.0078449 0.0113379 0.0110361 0.0086474 0.0094331 0.0086440 0.0663796 0.0086353 0.0733205 
LperAUS_PCDH15      0.0956469 0.0748982 0.0701971 0.0798531 0.0796364 0.0784875 0.0784875 0.0933666 0.0783591 0.0067335 0.0024815 0.0889192 0.0068682 0.0071665 0.0076334 0.0094633 0.0411255 0.0856647 0.0905159 0.0895148 0.0855474 0.0068918 0.0076433 0.0068866 0.0076575 0.0700382 0.0511666 0.0869236 0.0893950 0.0077587 0.0076296 0.0063230 0.0025708 0.0072049 0.0084081 0.0060857 0.0023301 0.0000000 0.0568736 0.0798760 0.0694437 0.0699160 0.0781338 0.0740930 0.0722803 0.0790115 0.0714062 0.0701306 0.0714677 0.0360535 0.0741317 0.0744057 0.0722309 0.0995985 0.0449257 0.0145899 0.0088752 0.0131059 0.0501728 0.0817764 0.0062866 0.0371206 0.0365466 0.0062884 0.0781491 0.0366530 0.0483239 0.0376793 0.0088602 0.0086853 0.0084312 0.0062854 0.0099733 0.0061454 0.0078467 0.0076979 0.0099684 0.0103906 0.0099598 0.0076409 0.0084046 0.0084459 0.0671877 0.0076305 0.0701961 
Lvex_PCDH15         0.8521141 0.0633770 0.0629759 0.0543879 0.0581658 0.0547741 0.0547741 0.8736554 0.0600203 0.0527706 0.0591788 0.0689565 0.0556022 0.0585147 0.0566504 0.0566734 0.0474699 0.0645202 0.0678479 0.0656323 0.0574200 0.0546753 0.0556269 0.0568586 0.0579828 0.0584361 0.0437999 0.0684335 0.0712031 0.0584336 0.0564634 0.0528300 0.0558680 0.0520194 0.0577835 0.9146055 0.0590559 0.0568736 0.0000000 0.0607409 0.0537466 0.0543957 0.0647151 0.0555744 0.0544355 0.0699418 0.0567387 0.0546146 0.0569933 0.0408720 0.0589260 0.0568669 0.0522609 0.1092097 0.0487810 0.0634292 0.0609615 0.0587351 0.0357716 0.8191082 0.0557380 0.0359005 0.0353858 0.0557206 0.0523156 0.0368247 0.0469071 0.0379463 0.0595973 0.0567754 0.0590431 0.0567998 0.0599084 0.0627580 0.0554982 0.0611924 0.0566339 0.0584577 0.0600438 0.0555148 0.0577585 0.0577953 0.0561650 0.0569618 0.0556689 
Mbid_PCDH15         0.0552506 0.0298781 0.0231015 0.0495928 0.0495900 0.0517977 0.0517977 0.0589842 0.0508955 0.0740654 0.0804479 0.0557020 0.0848113 0.0812594 0.0859761 0.0846960 0.0787789 0.0520933 0.0543913 0.0567235 0.0535217 0.0849298 0.0857796 0.0849740 0.0849848 0.0126125 0.0782175 0.0666693 0.0732248 0.0862395 0.0859167 0.0774489 0.0747025 0.0798140 0.0885697 0.0863470 0.0819113 0.0798760 0.0607409 0.0000000 0.0122219 0.0121684 0.0138229 0.0101182 0.0091028 0.0143481 0.0111521 0.0101185 0.0095025 0.0739099 0.0142415 0.0142721 0.0131979 0.1160555 0.0759562 0.0885908 0.0854551 0.0863317 0.0619134 0.0456598 0.0831266 0.0582385 0.0649128 0.0826839 0.0468141 0.0666554 0.0830075 0.0638157 0.0862025 0.0873811 0.0837232 0.0833476 0.0912538 0.0891000 0.0844510 0.0840696 0.0834648 0.0762108 0.0884479 0.0846624 0.0872485 0.0890580 0.0180610 0.0859828 0.0159959 
Mbow_PCDH15         0.0543688 0.0258261 0.0194955 0.0450535 0.0468550 0.0458842 0.0458842 0.0537708 0.0513590 0.0647745 0.0715757 0.0539440 0.0731208 0.0730515 0.0739972 0.0745655 0.0683760 0.0486069 0.0512396 0.0520781 0.0472395 0.0741814 0.0749287 0.0732364 0.0732432 0.0107939 0.0756036 0.0590720 0.0608996 0.0748369 0.0742577 0.0702599 0.0667090 0.0680189 0.0759156 0.0761107 0.0706508 0.0694437 0.0537466 0.0122219 0.0000000 0.0061028 0.0098470 0.0084236 0.0068836 0.0134326 0.0061161 0.0038086 0.0071545 0.0629169 0.0084276 0.0084561 0.0068791 0.1298441 0.0686873 0.0797641 0.0752078 0.0761234 0.0580212 0.0477646 0.0696702 0.0529175 0.0585442 0.0711842 0.0484337 0.0603971 0.0734424 0.0611881 0.0754180 0.0746545 0.0741586 0.0717014 0.0779038 0.0774256 0.0725245 0.0745499 0.0721317 0.0696539 0.0768121 0.0730244 0.0749411 0.0762392 0.0156079 0.0739993 0.0139427 
Mcar_PCDH15         0.0548874 0.0244976 0.0175006 0.0456189 0.0474228 0.0447363 0.0447363 0.0542951 0.0501372 0.0644087 0.0730838 0.0527628 0.0735754 0.0726080 0.0744471 0.0732235 0.0706305 0.0491565 0.0518040 0.0526109 0.0460545 0.0746309 0.0753737 0.0736905 0.0736973 0.0123026 0.0763791 0.0613546 0.0634339 0.0771715 0.0747074 0.0707452 0.0682824 0.0676114 0.0763565 0.0746857 0.0720702 0.0699160 0.0543957 0.0121684 0.0061028 0.0000000 0.0114547 0.0099285 0.0083908 0.0124098 0.0076247 0.0053188 0.0087200 0.0651789 0.0099333 0.0099667 0.0068480 0.1321743 0.0712138 0.0812633 0.0766589 0.0784078 0.0595955 0.0466160 0.0729762 0.0524757 0.0609122 0.0726069 0.0472237 0.0628915 0.0757167 0.0636750 0.0768553 0.0760641 0.0746081 0.0721763 0.0783351 0.0792652 0.0729950 0.0760856 0.0744195 0.0692132 0.0772482 0.0734789 0.0753865 0.0766799 0.0171449 0.0744493 0.0129406 
Mden_PCDH15         0.0590217 0.0194387 0.0202373 0.0508825 0.0528886 0.0518278 0.0518278 0.0593129 0.0557923 0.0735708 0.0812600 0.0583914 0.0821190 0.0791130 0.0830610 0.0823999 0.0775983 0.0547226 0.0569399 0.0584637 0.0523924 0.0832741 0.0829065 0.0822489 0.0822573 0.0131782 0.0790312 0.0685560 0.0706074 0.0840900 0.0833672 0.0793576 0.0714252 0.0725325 0.0851487 0.0843678 0.0786917 0.0781338 0.0647151 0.0138229 0.0098470 0.0114547 0.0000000 0.0123008 0.0106471 0.0124656 0.0081698 0.0089883 0.0075706 0.0719040 0.0081672 0.0090072 0.0073379 0.1447683 0.0762865 0.0893257 0.0825004 0.0853724 0.0662928 0.0523310 0.0806905 0.0581269 0.0675759 0.0792599 0.0523491 0.0676333 0.0834470 0.0683511 0.0850340 0.0840862 0.0822798 0.0784757 0.0862931 0.0795189 0.0793564 0.0795852 0.0810357 0.0771128 0.0861119 0.0820024 0.0840862 0.0844464 0.0192824 0.0830656 0.0163553 
Meur_PCDH15         0.0567962 0.0257058 0.0203630 0.0474710 0.0493236 0.0483450 0.0483450 0.0562093 0.0521119 0.0678447 0.0766763 0.0555530 0.0777806 0.0774140 0.0786555 0.0783792 0.0729389 0.0510366 0.0537993 0.0527910 0.0483963 0.0788475 0.0795891 0.0778994 0.0779067 0.0130997 0.0806721 0.0651751 0.0667338 0.0796005 0.0785704 0.0741288 0.0709255 0.0712745 0.0805829 0.0789179 0.0754375 0.0740930 0.0555744 0.0101182 0.0084236 0.0099285 0.0123008 0.0000000 0.0060944 0.0133754 0.0084050 0.0076274 0.0063333 0.0674650 0.0107202 0.0107564 0.0091671 0.1350108 0.0717803 0.0844448 0.0797907 0.0807913 0.0598659 0.0501684 0.0763451 0.0545417 0.0623635 0.0759879 0.0509572 0.0644262 0.0769222 0.0652069 0.0803324 0.0794629 0.0788232 0.0764950 0.0825787 0.0811965 0.0773157 0.0797884 0.0767833 0.0719416 0.0814778 0.0776781 0.0796029 0.0809223 0.0187920 0.0786587 0.0147769 
Mgin_PCDH15         0.0550892 0.0234331 0.0184882 0.0457855 0.0472953 0.0466280 0.0466280 0.0544954 0.0512152 0.0669029 0.0736545 0.0546966 0.0759551 0.0752832 0.0768286 0.0774844 0.0711625 0.0493371 0.0510870 0.0528049 0.0466528 0.0770172 0.0777593 0.0760716 0.0760787 0.0115443 0.0793195 0.0633560 0.0636955 0.0777303 0.0767331 0.0722507 0.0688904 0.0702700 0.0787480 0.0770861 0.0735683 0.0722803 0.0544355 0.0091028 0.0068836 0.0083908 0.0106471 0.0060944 0.0000000 0.0114490 0.0068683 0.0060944 0.0047440 0.0657076 0.0091775 0.0092084 0.0076299 0.1328515 0.0697451 0.0825950 0.0778370 0.0789560 0.0569003 0.0484882 0.0744749 0.0518159 0.0605464 0.0741107 0.0491922 0.0625021 0.0751155 0.0622998 0.0784014 0.0775754 0.0769936 0.0746206 0.0807362 0.0799049 0.0754401 0.0766719 0.0749634 0.0708727 0.0796415 0.0758552 0.0777724 0.0790805 0.0172049 0.0768313 0.0138987 
