88
Bacu_RYR2         0.0000000 0.0615778 0.0627276 0.0164863 0.0205670 0.0227235 0.0217897 0.0299527 0.0531309 0.0204382 0.0265649 0.0232047 0.0715692 0.0709968 0.0334090 0.0663731 0.0677398 0.0671090 0.0687002 0.0663291 0.0603824 0.0345048 0.0302143 0.0331086 0.0263017 0.0627351 0.0632003 0.0616206 0.0648399 0.0546377 0.0703985 0.0828636 0.0766979 0.0676722 0.0678419 0.0724458 0.0660741 0.0643174 0.0632566 0.0713711 0.0687440 0.0712597 0.0611890 0.0572179 0.0553438 0.0623143 0.0543079 0.0576788 0.0576201 0.0541416 0.0577610 0.0550260 0.0635895 0.0592893 0.0614461 0.0568406 0.0608132 0.0594343 0.0677751 0.0652046 0.0645455 0.0672960 0.0616667 0.0641150 0.0622965 0.0604554 0.0621662 0.0712572 0.0585588 0.0660740 0.0580413 0.0660221 0.0668236 0.0648694 0.0619129 0.0660848 0.0657363 0.0657752 0.0621436 0.0608293 0.0676696 0.0657532 0.0647845 0.0673594 0.0658136 0.0545449 0.0678247 0.0578375 
Barn_RYR2         0.0615778 0.0000000 0.0026793 0.0582830 0.0607306 0.0609662 0.0614985 0.0749433 0.0774833 0.0563755 0.0582936 0.0627252 0.0539108 0.0539141 0.0593625 0.0497032 0.0500552 0.0501022 0.0500971 0.0488947 0.0396354 0.0509659 0.0499579 0.0511373 0.0543175 0.0456011 0.0455348 0.0437844 0.0453575 0.0189953 0.0488299 0.0714091 0.0656697 0.0518137 0.0494401 0.0564779 0.0539341 0.0473147 0.0490450 0.0522530 0.0509821 0.0551216 0.0219349 0.0217248 0.0211926 0.0234777 0.0205634 0.0222329 0.0220527 0.0211489 0.0224139 0.0192247 0.0419845 0.0239889 0.0264594 0.0209600 0.0408900 0.0409024 0.0486846 0.0473904 0.0482315 0.0450418 0.0519767 0.0458541 0.0452296 0.0393508 0.0452191 0.0580406 0.0400078 0.0414881 0.0390595 0.0509919 0.0516861 0.0500177 0.0483490 0.0502092 0.0480648 0.0506169 0.0483739 0.0493125 0.0497342 0.0496755 0.0496820 0.0506265 0.0479248 0.0211240 0.0509897 0.0221677 
Bbai76728_RYR2    0.0627276 0.0026793 0.0000000 0.0683360 0.0621043 0.0623133 0.0625184 0.0722792 0.0719907 0.0600785 0.0672977 0.0620346 0.0539577 0.0538267 0.0638334 0.0500505 0.0506721 0.0503697 0.0506735 0.0499694 0.0412304 0.0520572 0.0513545 0.0532677 0.0639617 0.0461784 0.0465147 0.0456803 0.0469165 0.0195382 0.0514342 0.0701810 0.0672522 0.0510230 0.0492010 0.0557430 0.0537793 0.0487869 0.0502839 0.0523733 0.0513604 0.0536501 0.0240642 0.0226367 0.0217810 0.0232301 0.0210764 0.0224161 0.0198907 0.0218755 0.0237596 0.0208697 0.0437595 0.0236543 0.0266310 0.0227590 0.0418774 0.0423695 0.0486891 0.0476409 0.0476010 0.0498831 0.0522776 0.0470594 0.0467076 0.0403497 0.0465288 0.0596346 0.0413362 0.0423602 0.0399289 0.0507309 0.0512038 0.0500861 0.0483634 0.0509992 0.0455377 0.0500929 0.0483944 0.0491331 0.0492565 0.0497218 0.0488425 0.0508425 0.0489741 0.0232328 0.0504326 0.0227215 
BbonAUS_RYR2      0.0164863 0.0582830 0.0683360 0.0000000 0.0225991 0.0260225 0.0249889 0.0320817 0.0519021 0.0232610 0.0184420 0.0253566 0.0760257 0.0760235 0.0394770 0.0731905 0.0674857 0.0732140 0.0729287 0.0652388 0.0641217 0.0368386 0.0327211 0.0357691 0.0204933 0.0683809 0.0682097 0.0675185 0.0687786 0.0617829 0.0768740 0.0849183 0.0813443 0.0727847 0.0703980 0.0775256 0.0718062 0.0640239 0.0695525 0.0742426 0.0742856 0.0762670 0.0615983 0.0647545 0.0619859 0.0639664 0.0623491 0.0646080 0.0650238 0.0595730 0.0646706 0.0615298 0.0666912 0.0653998 0.0686875 0.0626141 0.0641610 0.0642515 0.0713273 0.0691939 0.0687993 0.0739164 0.0655546 0.0700684 0.0706006 0.0651874 0.0679153 0.0728051 0.0665179 0.0675808 0.0652021 0.0727611 0.0722570 0.0712659 0.0684940 0.0718925 0.0705448 0.0714028 0.0693785 0.0676458 0.0732621 0.0713563 0.0716090 0.0734659 0.0723351 0.0615513 0.0721734 0.0651854 
Bbor_RYR2         0.0205670 0.0607306 0.0621043 0.0225991 0.0000000 0.0047435 0.0048411 0.0212590 0.0578974 0.0176191 0.0218422 0.0076469 0.0710902 0.0700146 0.0340395 0.0670352 0.0691806 0.0666534 0.0677362 0.0668932 0.0566169 0.0321927 0.0301200 0.0317323 0.0237459 0.0599952 0.0611545 0.0610469 0.0614886 0.0522757 0.0708268 0.0772757 0.0731192 0.0655788 0.0629469 0.0694682 0.0655579 0.0663590 0.0638429 0.0677833 0.0674537 0.0684632 0.0610605 0.0559583 0.0552744 0.0558930 0.0541806 0.0550474 0.0548599 0.0552016 0.0565402 0.0552599 0.0601886 0.0581936 0.0609731 0.0558559 0.0560596 0.0576406 0.0643437 0.0636430 0.0636088 0.0658814 0.0555694 0.0628024 0.0598666 0.0572001 0.0618620 0.0709621 0.0567101 0.0585946 0.0572464 0.0665934 0.0665748 0.0645385 0.0627492 0.0667696 0.0644646 0.0659066 0.0631363 0.0623135 0.0677915 0.0653199 0.0648847 0.0665528 0.0650562 0.0523318 0.0661306 0.0590563 
Bede66737_RYR2    0.0227235 0.0609662 0.0623133 0.0260225 0.0047435 0.0000000 0.0004605 0.0234234 0.0579383 0.0197600 0.0240264 0.0037402 0.0717842 0.0708797 0.0342936 0.0662749 0.0687718 0.0664596 0.0675259 0.0668631 0.0574325 0.0317318 0.0293099 0.0309261 0.0241767 0.0605187 0.0610682 0.0615781 0.0619901 0.0536589 0.0706345 0.0768316 0.0728911 0.0658636 0.0631000 0.0707581 0.0660210 0.0657975 0.0641108 0.0690860 0.0683198 0.0694955 0.0609041 0.0576471 0.0566361 0.0577986 0.0555683 0.0570271 0.0569290 0.0560694 0.0575865 0.0560712 0.0606692 0.0598456 0.0617461 0.0572517 0.0575539 0.0591511 0.0655736 0.0638828 0.0637538 0.0665775 0.0560126 0.0630658 0.0612033 0.0584889 0.0618241 0.0707063 0.0568056 0.0597672 0.0576099 0.0663809 0.0671472 0.0648143 0.0624033 0.0670138 0.0627041 0.0660207 0.0627420 0.0628570 0.0669358 0.0654423 0.0640814 0.0663603 0.0648465 0.0537099 0.0662392 0.0586059 
BedeAUS_RYR2      0.0217897 0.0614985 0.0625184 0.0249889 0.0048411 0.0004605 0.0000000 0.0240347 0.0562961 0.0199975 0.0237846 0.0038709 0.0712592 0.0696670 0.0345384 0.0667825 0.0682984 0.0663918 0.0671304 0.0666935 0.0558441 0.0307711 0.0289246 0.0300095 0.0239420 0.0601414 0.0604874 0.0606877 0.0613617 0.0532467 0.0706594 0.0770071 0.0727677 0.0656748 0.0628463 0.0698570 0.0664754 0.0654975 0.0632396 0.0680460 0.0677782 0.0688901 0.0611388 0.0575121 0.0555415 0.0568489 0.0548182 0.0560959 0.0565110 0.0557609 0.0581372 0.0557611 0.0594744 0.0585131 0.0621992 0.0563020 0.0562758 0.0581738 0.0640555 0.0629667 0.0635215 0.0657175 0.0551962 0.0624572 0.0608341 0.0569193 0.0618318 0.0716619 0.0564450 0.0588609 0.0570530 0.0665832 0.0663410 0.0644679 0.0624245 0.0656504 0.0634304 0.0656887 0.0629610 0.0626967 0.0673098 0.0650901 0.0646161 0.0666009 0.0651356 0.0539112 0.0658067 0.0587609 
Bmus_RYR2         0.0299527 0.0749433 0.0722792 0.0320817 0.0212590 0.0234234 0.0240347 0.0000000 0.0756561 0.0259490 0.0309919 0.0246652 0.0793976 0.0790025 0.0410757 0.0770278 0.0791368 0.0766298 0.0753158 0.0771115 0.0654921 0.0390472 0.0370841 0.0382785 0.0321989 0.0713703 0.0725654 0.0718962 0.0720397 0.0624852 0.0811863 0.0887943 0.0835551 0.0772293 0.0777292 0.0800904 0.0753886 0.0745063 0.0739811 0.0830288 0.0774099 0.0790871 0.0703128 0.0647018 0.0646065 0.0682680 0.0643453 0.0655801 0.0668962 0.0632945 0.0668217 0.0637078 0.0685415 0.0683889 0.0715120 0.0658220 0.0705514 0.0672134 0.0753093 0.0737363 0.0777265 0.0757764 0.0686399 0.0733468 0.0751246 0.0684313 0.0726402 0.0816674 0.0678296 0.0772931 0.0668266 0.0763667 0.0758151 0.0745698 0.0722860 0.0757499 0.0751388 0.0761971 0.0725322 0.0725117 0.0776445 0.0755960 0.0735819 0.0761199 0.0756466 0.0622924 0.0775191 0.0692040 
Bmys_RYR2         0.0531309 0.0774833 0.0719907 0.0519021 0.0578974 0.0579383 0.0562961 0.0756561 0.0000000 0.0475545 0.0505018 0.0558262 0.0775693 0.0746744 0.0552667 0.0733470 0.0744041 0.0739404 0.0732410 0.0734573 0.0571121 0.0319108 0.0320619 0.0325675 0.0474925 0.0688698 0.0678800 0.0643997 0.0663979 0.0613519 0.0885067 0.0928199 0.0920718 0.0743064 0.0683028 0.0759574 0.0748689 0.0746821 0.0747524 0.0713506 0.0683408 0.0731421 0.0714628 0.0657932 0.0665087 0.0687479 0.0666082 0.0665371 0.0853722 0.0633989 0.0664619 0.0685752 0.0596257 0.0679112 0.0712147 0.0668897 0.0599361 0.0605425 0.0694526 0.0686073 0.0725929 0.0769821 0.0641061 0.0727595 0.0693936 0.0575085 0.0679936 0.0596228 0.0578776 0.0591894 0.0593580 0.0707530 0.0738976 0.0711826 0.0690105 0.0694641 0.0861894 0.0741435 0.0693456 0.0738950 0.0746207 0.0705220 0.0711826 0.0741899 0.0729814 0.0622002 0.0722766 0.0655649 
Bphy_RYR2         0.0204382 0.0563755 0.0600785 0.0232610 0.0176191 0.0197600 0.0199975 0.0259490 0.0475545 0.0000000 0.0087464 0.0186768 0.0704285 0.0698863 0.0318371 0.0656727 0.0668006 0.0662198 0.0664120 0.0666411 0.0564271 0.0302697 0.0261280 0.0276012 0.0238991 0.0604594 0.0606085 0.0593937 0.0601664 0.0529516 0.0711883 0.0760345 0.0711447 0.0652511 0.0633141 0.0708740 0.0683809 0.0652968 0.0637300 0.0674330 0.0667389 0.0698332 0.0597923 0.0566562 0.0551977 0.0563361 0.0551978 0.0568942 0.0572583 0.0544593 0.0571329 0.0537521 0.0589410 0.0585882 0.0608176 0.0561261 0.0545498 0.0558347 0.0666190 0.0629091 0.0630592 0.0651824 0.0571613 0.0618756 0.0575051 0.0568382 0.0600450 0.0695464 0.0562198 0.0577157 0.0557619 0.0647917 0.0663587 0.0644139 0.0621273 0.0660108 0.0609954 0.0658001 0.0629388 0.0623163 0.0657964 0.0647304 0.0640108 0.0671666 0.0643664 0.0519850 0.0650467 0.0569501 
Bphy_baits_RYR2   0.0265649 0.0582936 0.0672977 0.0184420 0.0218422 0.0240264 0.0237846 0.0309919 0.0505018 0.0087464 0.0000000 0.0230212 0.0756320 0.0745448 0.0389294 0.0720229 0.0652494 0.0722500 0.0726499 0.0645417 0.0603648 0.0352966 0.0327767 0.0339105 0.0190605 0.0660829 0.0667434 0.0658901 0.0669928 0.0597802 0.0787285 0.0837591 0.0789433 0.0707540 0.0696546 0.0759380 0.0735492 0.0635725 0.0694127 0.0729326 0.0719351 0.0741422 0.0598937 0.0632725 0.0612939 0.0630621 0.0612537 0.0636597 0.0620684 0.0610233 0.0654323 0.0602356 0.0633290 0.0645723 0.0681674 0.0613757 0.0598459 0.0614984 0.0692600 0.0671378 0.0683884 0.0697251 0.0625655 0.0669538 0.0657209 0.0605490 0.0672628 0.0685408 0.0611024 0.0629860 0.0607060 0.0713981 0.0718726 0.0699846 0.0675404 0.0709122 0.0713440 0.0716726 0.0695093 0.0674006 0.0726897 0.0706947 0.0703038 0.0731274 0.0702918 0.0603593 0.0715294 0.0638467 
Bric_RYR2         0.0232047 0.0627252 0.0620346 0.0253566 0.0076469 0.0037402 0.0038709 0.0246652 0.0558262 0.0186768 0.0230212 0.0000000 0.0713296 0.0703965 0.0343443 0.0663578 0.0680225 0.0664709 0.0700416 0.0669411 0.0596888 0.0319047 0.0293978 0.0309771 0.0240698 0.0602934 0.0611280 0.0613282 0.0656171 0.0534703 0.0717756 0.0803914 0.0730531 0.0660894 0.0665124 0.0706782 0.0656197 0.0662037 0.0643997 0.0734782 0.0678891 0.0691134 0.0614767 0.0560312 0.0556573 0.0635098 0.0563565 0.0573648 0.0590238 0.0556439 0.0577673 0.0553142 0.0626185 0.0590174 0.0608488 0.0565490 0.0607472 0.0582242 0.0652283 0.0635734 0.0682887 0.0675346 0.0594741 0.0631228 0.0618376 0.0589210 0.0618738 0.0709290 0.0579096 0.0670541 0.0579961 0.0663060 0.0667456 0.0644862 0.0621285 0.0663584 0.0634463 0.0660069 0.0627794 0.0628915 0.0676602 0.0654380 0.0643910 0.0666340 0.0648511 0.0545168 0.0675211 0.0592932 
Ccom40_RYR2       0.0715692 0.0539108 0.0539577 0.0760257 0.0710902 0.0717842 0.0712592 0.0793976 0.0775693 0.0704285 0.0756320 0.0713296 0.0000000 0.0042763 0.0666054 0.0163793 0.0173050 0.0177416 0.0178887 0.0167001 0.0293710 0.0596585 0.0588842 0.0609318 0.0708727 0.0165851 0.0157781 0.0163122 0.0173831 0.0486819 0.0529828 0.0783759 0.0742233 0.0222286 0.0206234 0.0035180 0.0074302 0.0172985 0.0157099 0.0073271 0.0076202 0.0066030 0.0525202 0.0513000 0.0509084 0.0530021 0.0491508 0.0522439 0.0512148 0.0502643 0.0519252 0.0496145 0.0322635 0.0519508 0.0550167 0.0505204 0.0321782 0.0324437 0.0206645 0.0179014 0.0195624 0.0493206 0.0626833 0.0195512 0.0353655 0.0309187 0.0174022 0.0752753 0.0309029 0.0334538 0.0306016 0.0172120 0.0164193 0.0177134 0.0163138 0.0170673 0.0194666 0.0184397 0.0158258 0.0170960 0.0168323 0.0168405 0.0179063 0.0198318 0.0178372 0.0514859 0.0186758 0.0513961 
Chea7320_RYR2     0.0709968 0.0539141 0.0538267 0.0760235 0.0700146 0.0708797 0.0696670 0.0790025 0.0746744 0.0698863 0.0745448 0.0703965 0.0042763 0.0000000 0.0669774 0.0152244 0.0158856 0.0163746 0.0163730 0.0147632 0.0285396 0.0598691 0.0587238 0.0610880 0.0713058 0.0159929 0.0152267 0.0152612 0.0164115 0.0492529 0.0501915 0.0780478 0.0740407 0.0202424 0.0185514 0.0029197 0.0060979 0.0148467 0.0136203 0.0060675 0.0059627 0.0048909 0.0507802 0.0513704 0.0498684 0.0530110 0.0484409 0.0513250 0.0506313 0.0498437 0.0515030 0.0482668 0.0313701 0.0517306 0.0534100 0.0497144 0.0307678 0.0311307 0.0199529 0.0171958 0.0178707 0.0467663 0.0612951 0.0187962 0.0339983 0.0303157 0.0165269 0.0725102 0.0293417 0.0318933 0.0282062 0.0160951 0.0150392 0.0165261 0.0147864 0.0158216 0.0173698 0.0162260 0.0142310 0.0163451 0.0153264 0.0152689 0.0154972 0.0172739 0.0161881 0.0505789 0.0170726 0.0505049 
Cmar59905_RYR2    0.0334090 0.0593625 0.0638334 0.0394770 0.0340395 0.0342936 0.0345384 0.0410757 0.0552667 0.0318371 0.0389294 0.0343443 0.0666054 0.0669774 0.0000000 0.0658137 0.0674534 0.0662723 0.0663930 0.0663692 0.0582982 0.0344251 0.0325354 0.0344821 0.0372876 0.0622174 0.0617889 0.0617163 0.0627299 0.0569478 0.0686589 0.0799655 0.0764329 0.0657433 0.0639105 0.0687945 0.0650811 0.0664446 0.0646464 0.0666612 0.0649262 0.0668130 0.0657243 0.0588091 0.0575103 0.0611620 0.0583994 0.0596913 0.0556391 0.0573983 0.0609645 0.0567732 0.0615012 0.0615746 0.0661666 0.0590403 0.0574326 0.0580145 0.0651820 0.0650713 0.0649358 0.0661305 0.0592923 0.0635912 0.0627054 0.0573027 0.0630514 0.0800855 0.0565684 0.0595018 0.0577036 0.0654460 0.0661102 0.0652426 0.0634278 0.0657236 0.0622860 0.0661519 0.0631718 0.0653440 0.0673567 0.0651679 0.0647115 0.0678757 0.0642573 0.0574232 0.0663626 0.0594612 
Dcap108471_RYR2   0.0663731 0.0497032 0.0500505 0.0731905 0.0670352 0.0662749 0.0667825 0.0770278 0.0733470 0.0656727 0.0720229 0.0663578 0.0163793 0.0152244 0.0658137 0.0000000 0.0009509 0.0013363 0.0011074 0.0020355 0.0241944 0.0584290 0.0581068 0.0597199 0.0682418 0.0136521 0.0129064 0.0127430 0.0137402 0.0448105 0.0467391 0.0764627 0.0724786 0.0180933 0.0139330 0.0159116 0.0137284 0.0074943 0.0071060 0.0139449 0.0131024 0.0146921 0.0464466 0.0477271 0.0458456 0.0488081 0.0445499 0.0470973 0.0458507 0.0464188 0.0487074 0.0450679 0.0259531 0.0477739 0.0495438 0.0464500 0.0267540 0.0268924 0.0167271 0.0141634 0.0146711 0.0437371 0.0575864 0.0150061 0.0299622 0.0259271 0.0143397 0.0689285 0.0255456 0.0275854 0.0239821 0.0047900 0.0058828 0.0135477 0.0122927 0.0085228 0.0085626 0.0063265 0.0063832 0.0097037 0.0052304 0.0040486 0.0061025 0.0058334 0.0058222 0.0473783 0.0065042 0.0467804 
Dcap79929_RYR2    0.0677398 0.0500552 0.0506721 0.0674857 0.0691806 0.0687718 0.0682984 0.0791368 0.0744041 0.0668006 0.0652494 0.0680225 0.0173050 0.0158856 0.0674534 0.0009509 0.0000000 0.0023728 0.0021164 0.0021657 0.0251898 0.0602069 0.0587193 0.0604778 0.0630515 0.0139494 0.0139617 0.0126604 0.0140719 0.0457931 0.0464550 0.0788505 0.0744937 0.0196942 0.0150364 0.0170475 0.0141764 0.0082408 0.0081793 0.0148029 0.0142250 0.0157388 0.0472673 0.0484628 0.0463297 0.0496932 0.0453038 0.0485264 0.0475886 0.0478726 0.0493120 0.0455712 0.0278621 0.0490012 0.0504132 0.0480925 0.0281815 0.0281901 0.0173578 0.0149192 0.0155639 0.0442634 0.0596701 0.0154277 0.0315219 0.0265406 0.0149767 0.0701343 0.0267890 0.0293468 0.0252819 0.0057852 0.0075946 0.0146342 0.0132076 0.0096516 0.0093703 0.0079407 0.0079675 0.0106617 0.0059923 0.0055078 0.0072688 0.0069713 0.0074554 0.0485239 0.0078646 0.0467474 
DdelSJR_RYR2      0.0671090 0.0501022 0.0503697 0.0732140 0.0666534 0.0664596 0.0663918 0.0766298 0.0739404 0.0662198 0.0722500 0.0664709 0.0177416 0.0163746 0.0662723 0.0013363 0.0023728 0.0000000 0.0023978 0.0024825 0.0242000 0.0580237 0.0584463 0.0599735 0.0674140 0.0138539 0.0131203 0.0130325 0.0139374 0.0450032 0.0470878 0.0767003 0.0728494 0.0183425 0.0141262 0.0167755 0.0149308 0.0077961 0.0076981 0.0146018 0.0140751 0.0157455 0.0464541 0.0479018 0.0460378 0.0489602 0.0445814 0.0475483 0.0458372 0.0471953 0.0484467 0.0450965 0.0266672 0.0479472 0.0497137 0.0464614 0.0269555 0.0272452 0.0172186 0.0146503 0.0148514 0.0437204 0.0581416 0.0151073 0.0297616 0.0261832 0.0148250 0.0689445 0.0258069 0.0282753 0.0243937 0.0051952 0.0065421 0.0139060 0.0127762 0.0096175 0.0090482 0.0069166 0.0068282 0.0104185 0.0057343 0.0044400 0.0067545 0.0061688 0.0066945 0.0470946 0.0070513 0.0477791 
Ddel_RYR2         0.0687002 0.0500971 0.0506735 0.0729287 0.0677362 0.0675259 0.0671304 0.0753158 0.0732410 0.0664120 0.0726499 0.0700416 0.0178887 0.0163730 0.0663930 0.0011074 0.0021164 0.0023978 0.0000000 0.0022398 0.0239539 0.0590894 0.0586898 0.0603415 0.0693910 0.0144612 0.0137290 0.0137688 0.0148447 0.0457171 0.0470408 0.0757469 0.0728366 0.0197774 0.0167257 0.0169078 0.0149508 0.0089288 0.0076256 0.0189397 0.0143453 0.0154027 0.0469591 0.0488918 0.0470026 0.0494970 0.0448757 0.0479749 0.0460327 0.0477665 0.0492498 0.0454165 0.0260353 0.0489322 0.0508178 0.0470185 0.0305498 0.0271352 0.0170093 0.0144717 0.0196501 0.0441239 0.0587041 0.0150207 0.0307174 0.0264627 0.0154394 0.0703900 0.0261040 0.0324967 0.0247126 0.0065155 0.0076139 0.0142177 0.0131060 0.0087792 0.0087488 0.0077746 0.0080261 0.0108189 0.0067459 0.0055286 0.0073933 0.0065732 0.0073497 0.0476506 0.0090593 0.0479360 
Ddeltrop4525_RYR2 0.0663291 0.0488947 0.0499694 0.0652388 0.0668932 0.0668631 0.0666935 0.0771115 0.0734573 0.0666411 0.0645417 0.0669411 0.0167001 0.0147632 0.0663692 0.0020355 0.0021657 0.0024825 0.0022398 0.0000000 0.0231910 0.0587980 0.0579944 0.0598553 0.0615181 0.0130629 0.0124596 0.0123863 0.0131569 0.0453491 0.0465645 0.0774704 0.0724897 0.0185474 0.0135962 0.0155802 0.0138784 0.0070458 0.0059590 0.0136000 0.0130022 0.0138645 0.0455391 0.0481158 0.0463909 0.0486389 0.0440231 0.0473794 0.0457017 0.0468186 0.0486470 0.0449693 0.0254629 0.0480582 0.0502535 0.0459383 0.0262670 0.0263972 0.0153132 0.0126178 0.0143396 0.0428107 0.0586464 0.0139331 0.0294005 0.0251954 0.0138762 0.0684482 0.0250663 0.0271034 0.0238099 0.0055908 0.0061355 0.0132088 0.0120878 0.0078316 0.0076930 0.0070319 0.0071933 0.0088586 0.0060701 0.0051997 0.0066805 0.0063491 0.0075661 0.0469045 0.0070277 0.0480141 
Dleu_RYR2         0.0603824 0.0396354 0.0412304 0.0641217 0.0566169 0.0574325 0.0558441 0.0654921 0.0571121 0.0564271 0.0603648 0.0596888 0.0293710 0.0285396 0.0582982 0.0241944 0.0251898 0.0242000 0.0239539 0.0231910 0.0000000 0.0491416 0.0471029 0.0503554 0.0587653 0.0216234 0.0218125 0.0211557 0.0223863 0.0357094 0.0386044 0.0686941 0.0616049 0.0262954 0.0269481 0.0288095 0.0259534 0.0234125 0.0236358 0.0303942 0.0257056 0.0266710 0.0392671 0.0386882 0.0379262 0.0423520 0.0349569 0.0383277 0.0353481 0.0376050 0.0401171 0.0362787 0.0067631 0.0393256 0.0423573 0.0368957 0.0159121 0.0131371 0.0251649 0.0239273 0.0270253 0.0349770 0.0514105 0.0235330 0.0127312 0.0132533 0.0225171 0.0602296 0.0127402 0.0204841 0.0119691 0.0247047 0.0248521 0.0239773 0.0225295 0.0246518 0.0252212 0.0241197 0.0225297 0.0235654 0.0245917 0.0231266 0.0243073 0.0248181 0.0241930 0.0382401 0.0263524 0.0410750 
EausAUS_RYR2      0.0345048 0.0509659 0.0520572 0.0368386 0.0321927 0.0317318 0.0307711 0.0390472 0.0319108 0.0302697 0.0352966 0.0319047 0.0596585 0.0598691 0.0344251 0.0584290 0.0602069 0.0580237 0.0590894 0.0587980 0.0491416 0.0000000 0.0049282 0.0048104 0.0317458 0.0526042 0.0533425 0.0526039 0.0534510 0.0455436 0.0597210 0.0699237 0.0650107 0.0582699 0.0551273 0.0614623 0.0589535 0.0574850 0.0576606 0.0592949 0.0591385 0.0599233 0.0506284 0.0491124 0.0477721 0.0510185 0.0477148 0.0483713 0.0455158 0.0458135 0.0509742 0.0455504 0.0525106 0.0495434 0.0528741 0.0481405 0.0489944 0.0497787 0.0578276 0.0567716 0.0543540 0.0561660 0.0487490 0.0548858 0.0517694 0.0499263 0.0531651 0.0589198 0.0494503 0.0513714 0.0492915 0.0586369 0.0584115 0.0566896 0.0554948 0.0579403 0.0576783 0.0581929 0.0554615 0.0559228 0.0584260 0.0575464 0.0560312 0.0580430 0.0567647 0.0469726 0.0575467 0.0501719 
Egla13086_RYR2    0.0302143 0.0499579 0.0513545 0.0327211 0.0301200 0.0293099 0.0289246 0.0370841 0.0320619 0.0261280 0.0327767 0.0293978 0.0588842 0.0587238 0.0325354 0.0581068 0.0587193 0.0584463 0.0586898 0.0579944 0.0471029 0.0049282 0.0000000 0.0018661 0.0296762 0.0523217 0.0526418 0.0518168 0.0529797 0.0451972 0.0585943 0.0684230 0.0633277 0.0573690 0.0551230 0.0613739 0.0595108 0.0570631 0.0568002 0.0582482 0.0574975 0.0590890 0.0494560 0.0481359 0.0459152 0.0492613 0.0454706 0.0473014 0.0444163 0.0460463 0.0493782 0.0440309 0.0509211 0.0490274 0.0527605 0.0469962 0.0469452 0.0477011 0.0566607 0.0550723 0.0547968 0.0546948 0.0473835 0.0543729 0.0507583 0.0475738 0.0523556 0.0584768 0.0483172 0.0491254 0.0479866 0.0582735 0.0579319 0.0561538 0.0542933 0.0569511 0.0564864 0.0577648 0.0553460 0.0555820 0.0585789 0.0570884 0.0566022 0.0587453 0.0568111 0.0465378 0.0573711 0.0486272 
Ejap43864_RYR2    0.0331086 0.0511373 0.0532677 0.0357691 0.0317323 0.0309261 0.0300095 0.0382785 0.0325675 0.0276012 0.0339105 0.0309771 0.0609318 0.0610880 0.0344821 0.0597199 0.0604778 0.0599735 0.0603415 0.0598553 0.0503554 0.0048104 0.0018661 0.0000000 0.0311644 0.0541983 0.0546178 0.0528917 0.0545415 0.0465383 0.0606916 0.0698306 0.0662281 0.0585695 0.0562512 0.0633656 0.0610102 0.0581010 0.0582882 0.0602660 0.0600129 0.0616035 0.0508829 0.0489378 0.0471864 0.0504705 0.0472077 0.0492100 0.0447668 0.0468536 0.0506951 0.0454865 0.0529692 0.0506614 0.0533998 0.0488892 0.0499207 0.0504451 0.0582314 0.0564654 0.0556734 0.0572024 0.0499028 0.0558100 0.0531329 0.0503383 0.0542297 0.0601411 0.0504990 0.0520850 0.0498209 0.0599876 0.0596582 0.0574640 0.0559223 0.0583307 0.0588095 0.0593279 0.0561518 0.0568904 0.0594852 0.0586358 0.0581515 0.0598369 0.0585408 0.0476083 0.0587462 0.0494640 
Erob133443_RYR2   0.0263017 0.0543175 0.0639617 0.0204933 0.0237459 0.0241767 0.0239420 0.0321989 0.0474925 0.0238991 0.0190605 0.0240698 0.0708727 0.0713058 0.0372876 0.0682418 0.0630515 0.0674140 0.0693910 0.0615181 0.0587653 0.0317458 0.0296762 0.0311644 0.0000000 0.0633045 0.0635672 0.0630714 0.0641223 0.0549180 0.0730048 0.0798233 0.0744695 0.0693431 0.0650352 0.0713977 0.0706438 0.0614369 0.0661699 0.0699957 0.0693547 0.0708050 0.0556202 0.0583601 0.0563634 0.0594982 0.0565790 0.0579564 0.0573212 0.0556036 0.0601186 0.0558429 0.0618548 0.0601974 0.0636470 0.0573663 0.0588084 0.0592462 0.0678978 0.0663848 0.0654125 0.0682686 0.0586471 0.0651821 0.0638737 0.0586387 0.0638691 0.0641206 0.0593377 0.0614403 0.0589389 0.0682251 0.0679055 0.0672794 0.0655143 0.0674452 0.0684140 0.0678446 0.0637876 0.0639237 0.0690975 0.0665491 0.0667749 0.0692096 0.0673761 0.0555425 0.0680165 0.0596800 
Fatt_RYR2         0.0627351 0.0456011 0.0461784 0.0683809 0.0599952 0.0605187 0.0601414 0.0713703 0.0688698 0.0604594 0.0660829 0.0602934 0.0165851 0.0159929 0.0622174 0.0136521 0.0139494 0.0138539 0.0144612 0.0130629 0.0216234 0.0526042 0.0523217 0.0541983 0.0633045 0.0000000 0.0039883 0.0015600 0.0026290 0.0401605 0.0421391 0.0721341 0.0680195 0.0156987 0.0121320 0.0161754 0.0150284 0.0130555 0.0118110 0.0151666 0.0151485 0.0147205 0.0415403 0.0431057 0.0419568 0.0454400 0.0392847 0.0426243 0.0421831 0.0430526 0.0435034 0.0393161 0.0248133 0.0448537 0.0459554 0.0419555 0.0238609 0.0240772 0.0144260 0.0118362 0.0133129 0.0410438 0.0532590 0.0043295 0.0255782 0.0231829 0.0029302 0.0613145 0.0229080 0.0254093 0.0211129 0.0130528 0.0130072 0.0074410 0.0064346 0.0137467 0.0146754 0.0132256 0.0118409 0.0107477 0.0125984 0.0127634 0.0135651 0.0130726 0.0129708 0.0424491 0.0125847 0.0424102 
Ggri_RYR2         0.0632003 0.0455348 0.0465147 0.0682097 0.0611545 0.0610682 0.0604874 0.0725654 0.0678800 0.0606085 0.0667434 0.0611280 0.0157781 0.0152267 0.0617889 0.0129064 0.0139617 0.0131203 0.0137290 0.0124596 0.0218125 0.0533425 0.0526418 0.0546178 0.0635672 0.0039883 0.0000000 0.0033486 0.0043907 0.0402078 0.0435110 0.0709082 0.0672734 0.0164969 0.0125645 0.0159081 0.0147377 0.0129419 0.0117097 0.0151214 0.0145133 0.0142434 0.0416564 0.0431481 0.0419709 0.0452428 0.0393222 0.0426449 0.0414614 0.0430544 0.0435584 0.0392298 0.0247470 0.0448344 0.0459386 0.0419701 0.0242914 0.0245252 0.0152335 0.0126681 0.0128178 0.0411266 0.0533135 0.0061723 0.0259033 0.0236269 0.0042864 0.0617894 0.0226541 0.0258405 0.0211411 0.0125377 0.0125258 0.0083465 0.0077664 0.0136072 0.0129718 0.0131142 0.0119655 0.0115852 0.0119300 0.0121779 0.0135443 0.0130568 0.0123628 0.0424716 0.0125559 0.0430375 
Gmac39091_RYR2    0.0616206 0.0437844 0.0456803 0.0675185 0.0610469 0.0615781 0.0606877 0.0718962 0.0643997 0.0593937 0.0658901 0.0613282 0.0163122 0.0152612 0.0617163 0.0127430 0.0126604 0.0130325 0.0137688 0.0123863 0.0211557 0.0526039 0.0518168 0.0528917 0.0630714 0.0015600 0.0033486 0.0000000 0.0013115 0.0397099 0.0432108 0.0705680 0.0663157 0.0152686 0.0119077 0.0160928 0.0149579 0.0135987 0.0117650 0.0144729 0.0145865 0.0145280 0.0405435 0.0429323 0.0410032 0.0448913 0.0390304 0.0422215 0.0415878 0.0424385 0.0424393 0.0392245 0.0238446 0.0438808 0.0453841 0.0413849 0.0231443 0.0232211 0.0142103 0.0119478 0.0130877 0.0404599 0.0530212 0.0036005 0.0250774 0.0223904 0.0017921 0.0601511 0.0220948 0.0241894 0.0206628 0.0131404 0.0130826 0.0074159 0.0064124 0.0128646 0.0140297 0.0135264 0.0108036 0.0109446 0.0124456 0.0121022 0.0138702 0.0129701 0.0123584 0.0420397 0.0123603 0.0419493 
Gmel_RYR2         0.0648399 0.0453575 0.0469165 0.0687786 0.0614886 0.0619901 0.0613617 0.0720397 0.0663979 0.0601664 0.0669928 0.0656171 0.0173831 0.0164115 0.0627299 0.0137402 0.0140719 0.0139374 0.0148447 0.0131569 0.0223863 0.0534510 0.0529797 0.0545415 0.0641223 0.0026290 0.0043907 0.0013115 0.0000000 0.0407544 0.0441955 0.0723422 0.0680510 0.0158675 0.0154527 0.0169467 0.0154868 0.0143682 0.0127692 0.0194373 0.0155731 0.0154393 0.0418453 0.0439534 0.0419936 0.0468938 0.0400740 0.0432015 0.0432667 0.0438133 0.0439538 0.0403684 0.0251407 0.0454215 0.0469432 0.0427125 0.0286658 0.0241737 0.0151036 0.0127952 0.0179185 0.0412535 0.0549744 0.0047060 0.0262685 0.0237142 0.0029001 0.0624630 0.0232030 0.0305977 0.0217224 0.0139772 0.0138567 0.0082149 0.0072388 0.0137176 0.0142249 0.0142655 0.0119512 0.0118178 0.0132257 0.0126262 0.0146112 0.0136393 0.0130677 0.0430284 0.0155456 0.0435227 
Hamp_RYR2         0.0546377 0.0189953 0.0195382 0.0617829 0.0522757 0.0536589 0.0532467 0.0624852 0.0613519 0.0529516 0.0597802 0.0534703 0.0486819 0.0492529 0.0569478 0.0448105 0.0457931 0.0450032 0.0457171 0.0453491 0.0357094 0.0455436 0.0451972 0.0465383 0.0549180 0.0401605 0.0402078 0.0397099 0.0407544 0.0000000 0.0460272 0.0646025 0.0614622 0.0452988 0.0434049 0.0500861 0.0474909 0.0447577 0.0445372 0.0474485 0.0469861 0.0480891 0.0112920 0.0104747 0.0099547 0.0122059 0.0102105 0.0113030 0.0126629 0.0103653 0.0128577 0.0088690 0.0396844 0.0122182 0.0137520 0.0105381 0.0374213 0.0373939 0.0446478 0.0430331 0.0431681 0.0450695 0.0467985 0.0418858 0.0399130 0.0371058 0.0409104 0.0565358 0.0360278 0.0386037 0.0337134 0.0452708 0.0457600 0.0436753 0.0415175 0.0457951 0.0436203 0.0450661 0.0422091 0.0428271 0.0455105 0.0444739 0.0443731 0.0457182 0.0438368 0.0130347 0.0449891 0.0149237 
Igeo_RYR2         0.0703985 0.0488299 0.0514342 0.0768740 0.0708268 0.0706345 0.0706594 0.0811863 0.0885067 0.0711883 0.0787285 0.0717756 0.0529828 0.0501915 0.0686589 0.0467391 0.0464550 0.0470878 0.0470408 0.0465645 0.0386044 0.0597210 0.0585943 0.0606916 0.0730048 0.0421391 0.0435110 0.0432108 0.0441955 0.0460272 0.0000000 0.0798265 0.0734276 0.0473073 0.0441555 0.0513056 0.0487926 0.0444938 0.0456438 0.0469645 0.0464717 0.0479925 0.0515495 0.0499702 0.0486697 0.0498282 0.0488849 0.0498251 0.0504473 0.0478636 0.0502608 0.0491797 0.0413319 0.0516154 0.0540721 0.0480818 0.0399894 0.0393251 0.0449740 0.0445403 0.0460044 0.0384830 0.0616073 0.0446826 0.0418491 0.0383087 0.0436035 0.0701237 0.0392197 0.0408447 0.0395481 0.0470107 0.0472151 0.0463991 0.0449658 0.0473473 0.0445399 0.0449389 0.0456282 0.0456108 0.0460833 0.0449203 0.0444997 0.0453286 0.0451429 0.0502882 0.0469070 0.0509688 
Kbre_RYR2         0.0828636 0.0714091 0.0701810 0.0849183 0.0772757 0.0768316 0.0770071 0.0887943 0.0928199 0.0760345 0.0837591 0.0803914 0.0783759 0.0780478 0.0799655 0.0764627 0.0788505 0.0767003 0.0757469 0.0774704 0.0686941 0.0699237 0.0684230 0.0698306 0.0798233 0.0721341 0.0709082 0.0705680 0.0723422 0.0646025 0.0798265 0.0000000 0.0129272 0.0752533 0.0719150 0.0805844 0.0750913 0.0744136 0.0766241 0.0779309 0.0773533 0.0783309 0.0738197 0.0645918 0.0653296 0.0684678 0.0658532 0.0678286 0.0674769 0.0656311 0.0675743 0.0622803 0.0672308 0.0696868 0.0721396 0.0665078 0.0704860 0.0686277 0.0769250 0.0737653 0.0715668 0.0736198 0.0402854 0.0723576 0.0702942 0.0689500 0.0713462 0.0437996 0.0672919 0.0699022 0.0663304 0.0753996 0.0765918 0.0748778 0.0744619 0.0760861 0.0754188 0.0767099 0.0724597 0.0746016 0.0763793 0.0759290 0.0747903 0.0759889 0.0752874 0.0651272 0.0738445 0.0655909 
Ksim_RYR2         0.0766979 0.0656697 0.0672522 0.0813443 0.0731192 0.0728911 0.0727677 0.0835551 0.0920718 0.0711447 0.0789433 0.0730531 0.0742233 0.0740407 0.0764329 0.0724786 0.0744937 0.0728494 0.0728366 0.0724897 0.0616049 0.0650107 0.0633277 0.0662281 0.0744695 0.0680195 0.0672734 0.0663157 0.0680510 0.0614622 0.0734276 0.0129272 0.0000000 0.0725998 0.0677713 0.0766557 0.0722885 0.0716479 0.0717637 0.0733360 0.0727468 0.0747217 0.0732937 0.0623329 0.0618070 0.0641617 0.0626175 0.0638748 0.0634803 0.0637194 0.0656164 0.0601903 0.0641321 0.0662301 0.0683890 0.0644753 0.0649267 0.0657355 0.0719137 0.0693913 0.0693371 0.0694607 0.0371751 0.0689148 0.0669459 0.0652796 0.0665831 0.0365044 0.0638745 0.0667359 0.0623698 0.0722696 0.0725438 0.0717081 0.0704477 0.0721349 0.0710755 0.0717507 0.0680008 0.0692382 0.0731097 0.0709452 0.0712949 0.0717680 0.0707223 0.0617914 0.0707227 0.0634526 
Lacu_RYR2         0.0676722 0.0518137 0.0510230 0.0727847 0.0655788 0.0658636 0.0656748 0.0772293 0.0743064 0.0652511 0.0707540 0.0660894 0.0222286 0.0202424 0.0657433 0.0180933 0.0196942 0.0183425 0.0197774 0.0185474 0.0262954 0.0582699 0.0573690 0.0585695 0.0693431 0.0156987 0.0164969 0.0152686 0.0158675 0.0452988 0.0473073 0.0752533 0.0725998 0.0000000 0.0197626 0.0213111 0.0184862 0.0193735 0.0185774 0.0187930 0.0184020 0.0198836 0.0459527 0.0491377 0.0476538 0.0500990 0.0462471 0.0481919 0.0472165 0.0479192 0.0492308 0.0455778 0.0291348 0.0505121 0.0517886 0.0475493 0.0286663 0.0291095 0.0193153 0.0173111 0.0185813 0.0443538 0.0588909 0.0175654 0.0309305 0.0277799 0.0163961 0.0672218 0.0284105 0.0297839 0.0267986 0.0175954 0.0179860 0.0183893 0.0165235 0.0184562 0.0220497 0.0192228 0.0156471 0.0192541 0.0182841 0.0162678 0.0184618 0.0197462 0.0173039 0.0481585 0.0185387 0.0485263 
Lalb_RYR2         0.0678419 0.0494401 0.0492010 0.0703980 0.0629469 0.0631000 0.0628463 0.0777292 0.0683028 0.0633141 0.0696546 0.0665124 0.0206234 0.0185514 0.0639105 0.0139330 0.0150364 0.0141262 0.0167257 0.0135962 0.0269481 0.0551273 0.0551230 0.0562512 0.0650352 0.0121320 0.0125645 0.0119077 0.0154527 0.0434049 0.0441555 0.0719150 0.0677713 0.0197626 0.0000000 0.0190400 0.0167392 0.0148433 0.0143828 0.0207547 0.0167485 0.0171205 0.0455787 0.0459113 0.0435640 0.0493231 0.0419934 0.0450946 0.0452253 0.0452670 0.0452716 0.0434301 0.0270215 0.0459657 0.0485994 0.0443388 0.0286626 0.0251448 0.0157670 0.0139533 0.0149390 0.0418327 0.0562458 0.0135428 0.0288126 0.0246984 0.0128265 0.0669765 0.0245011 0.0283145 0.0227996 0.0134672 0.0138110 0.0134673 0.0130562 0.0134617 0.0169442 0.0135158 0.0126316 0.0124810 0.0131935 0.0121234 0.0133890 0.0138240 0.0135075 0.0448952 0.0155742 0.0463340 
Laus_RYR2         0.0724458 0.0564779 0.0557430 0.0775256 0.0694682 0.0707581 0.0698570 0.0800904 0.0759574 0.0708740 0.0759380 0.0706782 0.0035180 0.0029197 0.0687945 0.0159116 0.0170475 0.0167755 0.0169078 0.0155802 0.0288095 0.0614623 0.0613739 0.0633656 0.0713977 0.0161754 0.0159081 0.0160928 0.0169467 0.0500861 0.0513056 0.0805844 0.0766557 0.0213111 0.0190400 0.0000000 0.0060485 0.0161408 0.0145706 0.0057034 0.0059548 0.0050047 0.0523904 0.0533456 0.0518433 0.0544991 0.0502466 0.0532414 0.0521743 0.0518964 0.0529292 0.0503353 0.0313390 0.0528755 0.0544890 0.0510455 0.0314898 0.0318939 0.0210438 0.0182647 0.0188492 0.0486311 0.0632443 0.0195697 0.0347182 0.0312916 0.0174460 0.0736002 0.0306426 0.0325938 0.0295492 0.0165769 0.0159973 0.0169499 0.0156236 0.0167423 0.0182834 0.0168917 0.0152212 0.0171539 0.0164820 0.0159620 0.0160860 0.0181183 0.0172587 0.0517896 0.0175919 0.0523640 
Lbor_RYR2         0.0660741 0.0539341 0.0537793 0.0718062 0.0655579 0.0660210 0.0664754 0.0753886 0.0748689 0.0683809 0.0735492 0.0656197 0.0074302 0.0060979 0.0650811 0.0137284 0.0141764 0.0149308 0.0149508 0.0138784 0.0259534 0.0589535 0.0595108 0.0610102 0.0706438 0.0150284 0.0147377 0.0149579 0.0154868 0.0474909 0.0487926 0.0750913 0.0722885 0.0184862 0.0167392 0.0060485 0.0000000 0.0140754 0.0127912 0.0043020 0.0046112 0.0037165 0.0510364 0.0496173 0.0494307 0.0518229 0.0475946 0.0506237 0.0490217 0.0498720 0.0498960 0.0476982 0.0292059 0.0504586 0.0546283 0.0492704 0.0285275 0.0287131 0.0180612 0.0153048 0.0159945 0.0450883 0.0587330 0.0177674 0.0314764 0.0280369 0.0161429 0.0718762 0.0275936 0.0294324 0.0264112 0.0141481 0.0136552 0.0156476 0.0149584 0.0146161 0.0177149 0.0149559 0.0133802 0.0151775 0.0144644 0.0139430 0.0141819 0.0164049 0.0145951 0.0498416 0.0156924 0.0503870 
Lhos30470_RYR2    0.0643174 0.0473147 0.0487869 0.0640239 0.0663590 0.0657975 0.0654975 0.0745063 0.0746821 0.0652968 0.0635725 0.0662037 0.0172985 0.0148467 0.0664446 0.0074943 0.0082408 0.0077961 0.0089288 0.0070458 0.0234125 0.0574850 0.0570631 0.0581010 0.0614369 0.0130555 0.0129419 0.0135987 0.0143682 0.0447577 0.0444938 0.0744136 0.0716479 0.0193735 0.0148433 0.0161408 0.0140754 0.0000000 0.0042300 0.0143371 0.0130880 0.0149807 0.0455509 0.0473922 0.0457682 0.0484460 0.0429137 0.0469516 0.0433639 0.0455805 0.0479681 0.0441221 0.0256092 0.0477559 0.0498188 0.0462929 0.0253835 0.0250481 0.0164417 0.0140603 0.0130492 0.0418148 0.0575862 0.0152577 0.0286295 0.0247877 0.0142595 0.0700193 0.0242540 0.0262863 0.0232178 0.0077133 0.0076458 0.0128103 0.0118783 0.0102086 0.0082372 0.0059564 0.0074318 0.0102884 0.0073075 0.0074871 0.0062084 0.0069718 0.0092157 0.0473166 0.0079147 0.0453674 
Lhos452_RYR2      0.0632566 0.0490450 0.0502839 0.0695525 0.0638429 0.0641108 0.0632396 0.0739811 0.0747524 0.0637300 0.0694127 0.0643997 0.0157099 0.0136203 0.0646464 0.0071060 0.0081793 0.0076981 0.0076256 0.0059590 0.0236358 0.0576606 0.0568002 0.0582882 0.0661699 0.0118110 0.0117097 0.0117650 0.0127692 0.0445372 0.0456438 0.0766241 0.0717637 0.0185774 0.0143828 0.0145706 0.0127912 0.0042300 0.0000000 0.0132003 0.0123706 0.0130872 0.0459981 0.0475783 0.0458827 0.0478809 0.0437003 0.0476921 0.0436753 0.0456343 0.0465411 0.0444307 0.0256328 0.0471992 0.0490553 0.0455253 0.0261770 0.0260614 0.0165460 0.0138913 0.0127598 0.0433738 0.0572028 0.0134819 0.0289764 0.0248332 0.0128682 0.0672773 0.0244543 0.0272582 0.0229968 0.0068842 0.0067728 0.0111490 0.0101315 0.0082003 0.0070484 0.0060822 0.0061590 0.0104894 0.0068017 0.0065534 0.0068812 0.0074682 0.0089849 0.0466623 0.0064872 0.0456422 
Lobl_RYR2         0.0713711 0.0522530 0.0523733 0.0742426 0.0677833 0.0690860 0.0680460 0.0830288 0.0713506 0.0674330 0.0729326 0.0734782 0.0073271 0.0060675 0.0666612 0.0139449 0.0148029 0.0146018 0.0189397 0.0136000 0.0303942 0.0592949 0.0582482 0.0602660 0.0699957 0.0151666 0.0151214 0.0144729 0.0194373 0.0474485 0.0469645 0.0779309 0.0733360 0.0187930 0.0207547 0.0057034 0.0043020 0.0143371 0.0132003 0.0000000 0.0022490 0.0050075 0.0483008 0.0498407 0.0490139 0.0592396 0.0466487 0.0502912 0.0480293 0.0489747 0.0496159 0.0464299 0.0330938 0.0510050 0.0520461 0.0479490 0.0330388 0.0286941 0.0181411 0.0149116 0.0159069 0.0457963 0.0636981 0.0178507 0.0311382 0.0280359 0.0159192 0.0703206 0.0280351 0.0362691 0.0258835 0.0144352 0.0145688 0.0153199 0.0142274 0.0146270 0.0166173 0.0151636 0.0131470 0.0151389 0.0148010 0.0137634 0.0141049 0.0163931 0.0149660 0.0492726 0.0179605 0.0488083 
Lobs_RYR2         0.0687440 0.0509821 0.0513604 0.0742856 0.0674537 0.0683198 0.0677782 0.0774099 0.0683408 0.0667389 0.0719351 0.0678891 0.0076202 0.0059627 0.0649262 0.0131024 0.0142250 0.0140751 0.0143453 0.0130022 0.0257056 0.0591385 0.0574975 0.0600129 0.0693547 0.0151485 0.0145133 0.0145865 0.0155731 0.0469861 0.0464717 0.0773533 0.0727468 0.0184020 0.0167485 0.0059548 0.0046112 0.0130880 0.0123706 0.0022490 0.0000000 0.0048972 0.0488628 0.0495373 0.0487843 0.0514369 0.0464893 0.0496027 0.0475857 0.0484913 0.0499429 0.0466011 0.0285164 0.0509331 0.0522813 0.0486175 0.0281632 0.0283312 0.0175179 0.0144642 0.0160607 0.0447724 0.0599937 0.0176221 0.0297979 0.0272525 0.0158501 0.0709325 0.0267858 0.0290164 0.0250426 0.0135679 0.0139974 0.0151304 0.0137683 0.0140677 0.0157336 0.0144763 0.0126572 0.0148302 0.0137970 0.0130340 0.0133570 0.0159537 0.0140628 0.0485878 0.0152864 0.0480464 
LperAUS_RYR2      0.0712597 0.0551216 0.0536501 0.0762670 0.0684632 0.0694955 0.0688901 0.0790871 0.0731421 0.0698332 0.0741422 0.0691134 0.0066030 0.0048909 0.0668130 0.0146921 0.0157388 0.0157455 0.0154027 0.0138645 0.0266710 0.0599233 0.0590890 0.0616035 0.0708050 0.0147205 0.0142434 0.0145280 0.0154393 0.0480891 0.0479925 0.0783309 0.0747217 0.0198836 0.0171205 0.0050047 0.0037165 0.0149807 0.0130872 0.0050075 0.0048972 0.0000000 0.0508524 0.0509326 0.0497662 0.0518901 0.0483374 0.0507218 0.0508289 0.0495742 0.0513471 0.0477833 0.0292601 0.0517293 0.0528054 0.0492457 0.0294157 0.0297723 0.0192403 0.0157183 0.0174013 0.0459564 0.0599214 0.0175852 0.0315045 0.0290784 0.0157607 0.0732944 0.0287194 0.0305465 0.0272641 0.0155556 0.0152459 0.0153832 0.0135354 0.0151986 0.0163666 0.0159838 0.0145772 0.0145851 0.0156125 0.0150274 0.0152523 0.0166411 0.0160590 0.0499824 0.0163529 0.0496816 
Mbid_RYR2         0.0611890 0.0219349 0.0240642 0.0615983 0.0610605 0.0609041 0.0611388 0.0703128 0.0714628 0.0597923 0.0598937 0.0614767 0.0525202 0.0507802 0.0657243 0.0464466 0.0472673 0.0464541 0.0469591 0.0455391 0.0392671 0.0506284 0.0494560 0.0508829 0.0556202 0.0415403 0.0416564 0.0405435 0.0418453 0.0112920 0.0515495 0.0738197 0.0732937 0.0459527 0.0455787 0.0523904 0.0510364 0.0455509 0.0459981 0.0483008 0.0488628 0.0508524 0.0000000 0.0117623 0.0123314 0.0150465 0.0097599 0.0107169 0.0147317 0.0141157 0.0127558 0.0084181 0.0416492 0.0158055 0.0158653 0.0131220 0.0390931 0.0396406 0.0457971 0.0429872 0.0463221 0.0462798 0.0559265 0.0426263 0.0448786 0.0386145 0.0417119 0.0648299 0.0394383 0.0406070 0.0374259 0.0465914 0.0478586 0.0459253 0.0441004 0.0470938 0.0414113 0.0459810 0.0452384 0.0452257 0.0455723 0.0454884 0.0450324 0.0455264 0.0451993 0.0170693 0.0465613 0.0186374 
Mbow_RYR2         0.0572179 0.0217248 0.0226367 0.0647545 0.0559583 0.0576471 0.0575121 0.0647018 0.0657932 0.0566562 0.0632725 0.0560312 0.0513000 0.0513704 0.0588091 0.0477271 0.0484628 0.0479018 0.0488918 0.0481158 0.0386882 0.0491124 0.0481359 0.0489378 0.0583601 0.0431057 0.0431481 0.0429323 0.0439534 0.0104747 0.0499702 0.0645918 0.0623329 0.0491377 0.0459113 0.0533456 0.0496173 0.0473922 0.0475783 0.0498407 0.0495373 0.0509326 0.0117623 0.0000000 0.0060088 0.0118076 0.0109459 0.0115177 0.0122928 0.0103395 0.0081329 0.0091416 0.0422742 0.0116569 0.0145148 0.0093900 0.0409600 0.0407700 0.0487655 0.0462031 0.0461859 0.0473979 0.0493212 0.0441447 0.0435306 0.0402189 0.0430823 0.0598546 0.0392001 0.0422054 0.0373615 0.0471168 0.0481380 0.0473002 0.0452375 0.0482495 0.0457797 0.0480603 0.0452671 0.0457840 0.0472496 0.0471369 0.0469632 0.0483042 0.0468290 0.0143501 0.0478397 0.0177106 
