Supplemental results for CODEML (seqf: /home/leticiamagpali/phd/evol_models/codeml/big_dataset/cml_align/HTT_codon_aligned.phy  treef: /home/leticiamagpali/phd/evol_models/codeml/big_dataset/cml_trees/gene_trees/H1c_gene_trees/HTT_tree_H1c.tre)

I	J	ij	2Ns_IJ	pMut_IJ	pSub_IJ	2Ns_JI	pMut_JI	pSub_JI

TTC	TTT	CT	0.37949	0.04950	0.05949	-0.37949	0.07235	0.05949
TTA	TTT	AT	0.99310	0.00394	0.00621	-0.99310	0.01063	0.00621
TTA	TTC	AC	0.61361	0.00744	0.00995	-0.61361	0.01374	0.00995
TTG	TTT	GT	0.50243	0.00865	0.01100	-0.50243	0.01429	0.01100
TTG	TTC	GC	0.12294	0.01633	0.01736	-0.12294	0.01847	0.01736
TTG	TTA	GA	-0.49067	0.07653	0.05928	0.49067	0.04685	0.05928
TCT	TTT	CT	0.42344	0.04738	0.05811	-0.42344	0.07235	0.05811
TCC	TTC	CT	0.56187	0.05331	0.06969	-0.56187	0.09351	0.06969
TCC	TCT	CT	0.51791	0.05331	0.06831	-0.51791	0.08949	0.06831
TCA	TTA	CT	0.19991	0.03439	0.03794	-0.19991	0.04200	0.03794
TCA	TCT	AT	0.76957	0.00609	0.00873	-0.76957	0.01314	0.00873
TCA	TCC	AC	0.25166	0.01150	0.01301	-0.25166	0.01479	0.01301
TCG	TTG	CT	1.67458	0.01729	0.03562	-1.67458	0.09225	0.03562
TCG	TCT	GT	1.75356	0.00306	0.00649	-1.75356	0.01767	0.00649
TCG	TCC	GC	1.23565	0.00578	0.01007	-1.23565	0.01989	0.01007
TCG	TCA	GA	0.98399	0.02709	0.04257	-0.98399	0.07246	0.04257
TAT	TTT	AT	1.38728	0.00265	0.00491	-1.38728	0.01063	0.00491
TAT	TCT	AC	0.96384	0.00501	0.00781	-0.96384	0.01314	0.00781
TAC	TTC	AT	0.62921	0.00732	0.00986	-0.62921	0.01374	0.00986
TAC	TCC	AC	0.06734	0.01383	0.01430	-0.06734	0.01479	0.01430
TAC	TAT	CT	-0.37858	0.04135	0.03402	0.37858	0.02832	0.03402
TGT	TTT	GT	1.05072	0.00500	0.00807	-1.05072	0.01429	0.00807
TGT	TCT	GC	0.62728	0.00944	0.01271	-0.62728	0.01767	0.01271
TGT	TAT	GA	-0.33655	0.04423	0.03720	0.33655	0.03159	0.03720
TGC	TTC	GT	1.05175	0.00645	0.01043	-1.05175	0.01847	0.01043
TGC	TCC	GC	0.48988	0.01219	0.01541	-0.48988	0.01989	0.01541
TGC	TAC	GA	0.42254	0.05710	0.07001	-0.42254	0.08713	0.07001
TGC	TGT	CT	0.38051	0.03644	0.04381	-0.38051	0.05331	0.04381
TGG	TTG	GT	1.29410	0.00499	0.00890	-1.29410	0.01822	0.00890
TGG	TCG	GC	-0.38048	0.00943	0.00775	0.38048	0.00645	0.00775
TGG	TGT	GT	0.74580	0.00499	0.00709	-0.74580	0.01053	0.00709
TGG	TGC	GC	0.36529	0.00943	0.01126	-0.36529	0.01359	0.01126
CTT	TTT	CT	0.43279	0.04694	0.05782	-0.43279	0.07235	0.05782
CTC	TTC	CT	0.21974	0.07506	0.08361	-0.21974	0.09351	0.08361
CTC	CTT	CT	0.16644	0.07506	0.08148	-0.16644	0.08866	0.08148
CTA	TTA	CT	0.90794	0.01694	0.02578	-0.90794	0.04200	0.02578
CTA	CTT	AT	1.46825	0.00300	0.00572	-1.46825	0.01302	0.00572
CTA	CTC	AC	1.30180	0.00567	0.01013	-1.30180	0.02083	0.01013
CTG	TTG	CT	-0.53403	0.15735	0.11906	0.53403	0.09225	0.11906
CTG	CTT	GT	-0.46439	0.02786	0.02189	0.46439	0.01751	0.02189
CTG	CTC	GC	-0.63084	0.05262	0.03776	0.63084	0.02800	0.03776
CTG	CTA	GA	-1.93264	0.24658	0.08067	1.93264	0.03570	0.08067
CCT	TCT	CT	0.79929	0.04024	0.05844	-0.79929	0.08949	0.05844
CCT	CTT	CT	0.78995	0.04024	0.05820	-0.78995	0.08866	0.05820
CCC	TCC	CT	0.74806	0.04766	0.06769	-0.74806	0.10070	0.06769
CCC	CTC	CT	1.09018	0.04766	0.07827	-1.09018	0.14178	0.07827
CCC	CCT	CT	0.46668	0.04766	0.05964	-0.46668	0.07601	0.05964
CCA	TCA	CT	0.96245	0.02481	0.03864	-0.96245	0.06496	0.03864
CCA	CTA	CT	0.25443	0.02481	0.02810	-0.25443	0.03200	0.02810
CCA	CCT	AT	0.93273	0.00439	0.00676	-0.93273	0.01116	0.00676
CCA	CCC	AC	0.46605	0.00830	0.01038	-0.46605	0.01322	0.01038
CCG	TCG	CT	0.03635	0.03149	0.03206	-0.03635	0.03265	0.03206
CCG	CTG	CT	2.24496	0.03149	0.07906	-2.24496	0.29722	0.07906
CCG	CCT	GT	0.99062	0.00557	0.00878	-0.99062	0.01501	0.00878
CCG	CCC	GC	0.52394	0.01053	0.01353	-0.52394	0.01778	0.01353
CCG	CCA	GA	0.05789	0.04934	0.05078	-0.05789	0.05228	0.05078
CAT	TAT	CT	0.52917	0.01668	0.02148	-0.52917	0.02832	0.02148
CAT	CTT	AT	1.48366	0.00295	0.00567	-1.48366	0.01302	0.00567
CAT	CCT	AC	0.69372	0.00558	0.00774	-0.69372	0.01116	0.00774
CAC	TAC	CT	0.24803	0.06095	0.06882	-0.24803	0.07811	0.06882
CAC	CTC	AT	0.65750	0.01079	0.01472	-0.65750	0.02083	0.01472
CAC	CCC	AC	-0.43268	0.02038	0.01629	0.43268	0.01322	0.01629
CAC	CAT	CT	-0.65972	0.06095	0.04304	0.65972	0.03151	0.04304
CAA	CTA	AT	0.45973	0.00297	0.00370	-0.45973	0.00470	0.00370
CAA	CCA	AC	0.20530	0.00561	0.00620	-0.20530	0.00688	0.00620
CAA	CAT	AT	0.44431	0.00297	0.00368	-0.44431	0.00463	0.00368
CAA	CAC	AC	1.10403	0.00561	0.00926	-1.10403	0.01691	0.00926
CAG	CTG	AT	0.76728	0.02027	0.02903	-0.76728	0.04366	0.02903
CAG	CCG	AC	-1.47767	0.03829	0.01672	1.47767	0.00874	0.01672
CAG	CAT	GT	-1.18077	0.02027	0.01060	1.18077	0.00622	0.01060
CAG	CAC	GC	-0.52105	0.03829	0.02917	0.52105	0.02274	0.02917
CAG	CAA	GA	-1.62509	0.17940	0.07148	1.62509	0.03532	0.07148
CGT	TGT	CT	1.47968	0.01214	0.02326	-1.47968	0.05331	0.02326
CGT	CTT	GT	2.09761	0.00215	0.00514	-2.09761	0.01751	0.00514
CGT	CCT	GC	1.30767	0.00406	0.00728	-1.30767	0.01501	0.00728
CGT	CAT	GA	0.61395	0.01902	0.02546	-0.61395	0.03515	0.02546
CGC	TGC	CT	1.06695	0.02368	0.03852	-1.06695	0.06883	0.03852
CGC	CTC	GT	1.89895	0.00419	0.00936	-1.89895	0.02800	0.00936
CGC	CCC	GC	0.80877	0.00792	0.01155	-0.80877	0.01778	0.01155
CGC	CAC	GA	1.24146	0.03711	0.06479	-1.24146	0.12843	0.06479
CGC	CGT	CT	-0.03222	0.02368	0.02330	0.03222	0.02293	0.02330
CGA	CTA	GT	1.98369	0.00087	0.00200	-1.98369	0.00632	0.00200
CGA	CCA	GC	1.72927	0.00164	0.00345	-1.72927	0.00926	0.00345
CGA	CAA	GA	1.52396	0.00769	0.01499	-1.52396	0.03532	0.01499
CGA	CGT	AT	1.35432	0.00087	0.00159	-1.35432	0.00337	0.00159
CGA	CGC	AC	1.38654	0.00164	0.00304	-1.38654	0.00657	0.00304
CGG	TGG	CT	0.54509	0.03089	0.04008	-0.54509	0.05329	0.04008
CGG	CTG	GT	2.37322	0.00547	0.01432	-2.37322	0.05870	0.01432
CGG	CCG	GC	0.12826	0.01033	0.01101	-0.12826	0.01175	0.01101
CGG	CAG	GA	1.60593	0.04841	0.09727	-1.60593	0.24122	0.09727
CGG	CGT	GT	-0.18879	0.00547	0.00497	0.18879	0.00453	0.00497
CGG	CGC	GC	-0.15657	0.01033	0.00954	0.15657	0.00883	0.00954
CGG	CGA	GA	-1.54312	0.04841	0.02031	1.54312	0.01035	0.02031
ATT	TTT	AT	0.56428	0.00604	0.00791	-0.56428	0.01063	0.00791
ATT	CTT	AC	0.13149	0.01142	0.01218	-0.13149	0.01302	0.01218
ATC	TTC	AT	0.18772	0.01138	0.01249	-0.18772	0.01374	0.01249
ATC	CTC	AC	-0.03203	0.02150	0.02116	0.03203	0.02083	0.02116
ATC	ATT	CT	0.00293	0.06430	0.06439	-0.00293	0.06449	0.06439
ATA	TTA	AT	0.67705	0.00313	0.00431	-0.67705	0.00617	0.00431
ATA	CTA	AC	-0.23088	0.00592	0.00526	0.23088	0.00470	0.00526
ATA	ATT	AT	1.10587	0.00313	0.00518	-1.10587	0.00947	0.00518
ATA	ATC	AC	1.10294	0.00592	0.00977	-1.10294	0.01784	0.00977
ATG	TTG	AT	0.26628	0.01038	0.01183	-0.26628	0.01355	0.01183
ATG	CTG	AC	0.80031	0.01961	0.02849	-0.80031	0.04366	0.02849
ATG	ATT	GT	0.20443	0.01038	0.01148	-0.20443	0.01274	0.01148
ATG	ATC	GC	0.20150	0.01961	0.02165	-0.20150	0.02399	0.02165
ATG	ATA	GA	-0.90145	0.09189	0.05661	0.90145	0.03731	0.05661
ACT	TCT	AT	1.04974	0.00460	0.00743	-1.04974	0.01314	0.00743
ACT	CCT	AC	0.25045	0.00869	0.00982	-0.25045	0.01116	0.00982
ACT	ATT	CT	0.90891	0.02599	0.03956	-0.90891	0.06449	0.03956
ACC	TCC	AT	0.23181	0.01173	0.01314	-0.23181	0.01479	0.01314
ACC	CCC	AC	-0.51625	0.02216	0.01693	0.51625	0.01322	0.01693
ACC	ATC	CT	0.60596	0.06626	0.08835	-0.60596	0.12146	0.08835
ACC	ACT	CT	-0.30002	0.06626	0.05682	0.30002	0.04909	0.05682
ACA	TCA	AT	0.78774	0.00434	0.00627	-0.78774	0.00954	0.00627
ACA	CCA	AC	-0.17470	0.00820	0.00750	0.17470	0.00688	0.00750
ACA	ATA	CT	0.31061	0.02451	0.02852	-0.31061	0.03344	0.02852
ACA	ACT	AT	0.50757	0.00434	0.00553	-0.50757	0.00721	0.00553
ACA	ACC	AC	0.80759	0.00820	0.01195	-0.80759	0.01838	0.01195
ACG	TCG	AT	-0.23243	0.00605	0.00537	0.23243	0.00480	0.00537
ACG	CCG	AC	-0.26878	0.01143	0.00996	0.26878	0.00874	0.00996
ACG	ATG	CT	1.17587	0.03418	0.05812	-1.17587	0.11076	0.05812
ACG	ACT	GT	0.47139	0.00605	0.00759	-0.47139	0.00969	0.00759
ACG	ACC	GC	0.77140	0.01143	0.01640	-0.77140	0.02472	0.01640
ACG	ACA	GA	-0.03618	0.05356	0.05259	0.03618	0.05165	0.05259
AAT	TAT	AT	0.22524	0.00332	0.00371	-0.22524	0.00416	0.00371
AAT	CAT	AC	-0.30393	0.00627	0.00537	0.30393	0.00463	0.00537
AAT	ATT	AT	1.04824	0.00332	0.00536	-1.04824	0.00947	0.00536
AAT	ACT	AC	0.13934	0.00627	0.00672	-0.13934	0.00721	0.00672
AAC	TAC	AT	0.53718	0.00670	0.00867	-0.53718	0.01147	0.00867
AAC	CAC	AC	0.28915	0.01266	0.01458	-0.28915	0.01691	0.01458
AAC	ATC	AT	0.97867	0.00670	0.01051	-0.97867	0.01784	0.01051
AAC	ACC	AC	0.37271	0.01266	0.01517	-0.37271	0.01838	0.01517
AAC	AAT	CT	-0.06664	0.03787	0.03662	0.06664	0.03543	0.03662
AAA	CAA	AC	-0.92876	0.01177	0.00714	0.92876	0.00465	0.00714
AAA	ATA	AT	-0.23815	0.00623	0.00552	0.23815	0.00491	0.00552
AAA	ACA	AC	-0.54875	0.01177	0.00884	0.54875	0.00680	0.00884
AAA	AAT	AT	-0.18052	0.00623	0.00569	0.18052	0.00520	0.00569
AAA	AAC	AC	-0.11387	0.01177	0.01112	0.11387	0.01051	0.01112
AAG	CAG	AC	0.58839	0.01764	0.02333	-0.58839	0.03176	0.02333
AAG	ATG	AT	0.55537	0.00934	0.01217	-0.55537	0.01627	0.01217
AAG	ACG	AC	-0.62050	0.01764	0.01273	0.62050	0.00948	0.01273
AAG	AAT	GT	-0.28845	0.00934	0.00805	0.28845	0.00700	0.00805
AAG	AAC	GC	-0.22181	0.01764	0.01575	0.22181	0.01413	0.01575
AAG	AAA	GA	-0.10793	0.08264	0.07826	0.10793	0.07418	0.07826
AGT	TGT	AT	0.39429	0.00528	0.00639	-0.39429	0.00783	0.00639
AGT	CGT	AC	-1.08539	0.00997	0.00552	1.08539	0.00337	0.00552
AGT	ATT	GT	0.88073	0.00528	0.00794	-0.88073	0.01274	0.00794
AGT	ACT	GC	-0.02817	0.00997	0.00983	0.02817	0.00969	0.00983
AGT	AAT	GA	-0.16751	0.04673	0.04292	0.16751	0.03952	0.04292
AGC	TGC	AT	-0.31606	0.01387	0.01179	0.31606	0.01011	0.01179
AGC	CGC	AC	-1.38301	0.02620	0.01213	1.38301	0.00657	0.01213
AGC	ATC	GT	0.54797	0.01387	0.01801	-0.54797	0.02399	0.01801
AGC	ACC	GC	-0.05799	0.02620	0.02544	0.05799	0.02472	0.02544
AGC	AAC	GA	-0.43070	0.12275	0.09820	0.43070	0.07979	0.09820
AGC	AGT	CT	-0.32983	0.07833	0.06612	0.32983	0.05632	0.06612
AGA	CGA	AC	-1.99051	0.00997	0.00314	1.99051	0.00136	0.00314
AGA	ATA	GT	0.22407	0.00528	0.00589	-0.22407	0.00661	0.00589
AGA	ACA	GC	-0.08654	0.00997	0.00955	0.08654	0.00915	0.00955
AGA	AAA	GA	0.46221	0.04673	0.05835	-0.46221	0.07418	0.05835
AGA	AGT	AT	0.44921	0.00528	0.00655	-0.44921	0.00827	0.00655
AGA	AGC	AC	0.77904	0.00997	0.01436	-0.77904	0.02173	0.01436
AGG	TGG	AT	0.13172	0.00686	0.00732	-0.13172	0.00783	0.00732
AGG	CGG	AC	-0.41336	0.01296	0.01047	0.41336	0.00857	0.01047
AGG	ATG	GT	1.15954	0.00686	0.01159	-1.15954	0.02188	0.01159
AGG	ACG	GC	-0.01632	0.01296	0.01285	0.01632	0.01275	0.01285
AGG	AAG	GA	0.60418	0.06073	0.08091	-0.60418	0.11111	0.08091
AGG	AGT	GT	0.48324	0.00686	0.00865	-0.48324	0.01112	0.00865
AGG	AGC	GC	0.81307	0.01296	0.01893	-0.81307	0.02922	0.01893
AGG	AGA	GA	0.03403	0.06073	0.06177	-0.03403	0.06283	0.06177
GTT	TTT	GT	0.98618	0.00533	0.00838	-0.98618	0.01429	0.00838
GTT	CTT	GC	0.55339	0.01007	0.01311	-0.55339	0.01751	0.01311
GTT	ATT	GA	0.42190	0.04718	0.05783	-0.42190	0.07194	0.05783
GTC	TTC	GT	0.43896	0.01191	0.01471	-0.43896	0.01847	0.01471
GTC	CTC	GC	0.21922	0.02249	0.02505	-0.21922	0.02800	0.02505
GTC	ATC	GA	0.25124	0.10539	0.11918	-0.25124	0.13549	0.11918
GTC	GTT	CT	-0.16773	0.06725	0.06177	0.16773	0.05687	0.06177
GTA	TTA	GT	1.48882	0.00187	0.00360	-1.48882	0.00830	0.00360
GTA	CTA	GC	0.58088	0.00354	0.00466	-0.58088	0.00632	0.00466
GTA	ATA	GA	0.81176	0.01657	0.02419	-0.81176	0.03731	0.02419
GTA	GTT	AT	1.49573	0.00187	0.00361	-1.49573	0.00835	0.00361
GTA	GTC	AC	1.66346	0.00354	0.00726	-1.66346	0.01866	0.00726
GTG	TTG	GT	-0.05723	0.01929	0.01875	0.05723	0.01822	0.01875
GTG	CTG	GC	0.47680	0.03644	0.04582	-0.47680	0.05870	0.04582
GTG	ATG	GA	-0.32351	0.17075	0.14462	0.32351	0.12356	0.14462
GTG	GTT	GT	-0.54099	0.01929	0.01454	0.54099	0.01123	0.01454
GTG	GTC	GC	-0.37326	0.03644	0.03006	0.37326	0.02509	0.03006
GTG	GTA	GA	-2.03672	0.17075	0.05218	2.03672	0.02228	0.05218
GCT	TCT	GT	0.58567	0.00984	0.01300	-0.58567	0.01767	0.01300
GCT	CCT	GC	-0.21362	0.01859	0.01667	0.21362	0.01501	0.01667
GCT	ACT	GA	-0.46407	0.08709	0.06844	0.46407	0.05476	0.06844
GCT	GTT	CT	0.02294	0.05558	0.05622	-0.02294	0.05687	0.05622
GCC	TCC	GT	0.22078	0.01595	0.01777	-0.22078	0.01989	0.01777
GCC	CCC	GC	-0.52728	0.03013	0.02288	0.52728	0.01778	0.02288
GCC	ACC	GA	-0.01103	0.14117	0.14039	0.01103	0.13962	0.14039
GCC	GTC	CT	0.34369	0.09008	0.10645	-0.34369	0.12703	0.10645
GCC	GCT	CT	0.15302	0.09008	0.09715	-0.15302	0.10498	0.09715
GCA	TCA	GT	0.50273	0.00776	0.00987	-0.50273	0.01283	0.00987
GCA	CCA	GC	-0.45972	0.01466	0.01155	0.45972	0.00926	0.01155
GCA	ACA	GA	-0.28501	0.06869	0.05936	0.28501	0.05165	0.05936
GCA	GTA	CT	-0.78617	0.04383	0.02884	0.78617	0.01997	0.02884
GCA	GCT	AT	0.68663	0.00776	0.01073	-0.68663	0.01542	0.01073
GCA	GCC	AC	0.53360	0.01466	0.01892	-0.53360	0.02499	0.01892
GCG	TCG	GT	0.32131	0.00468	0.00547	-0.32131	0.00645	0.00547
GCG	CCG	GC	0.28496	0.00883	0.01015	-0.28496	0.01175	0.01015
GCG	ACG	GA	0.55374	0.04139	0.05390	-0.55374	0.07201	0.05390
GCG	GTG	CT	2.05312	0.02641	0.06222	-2.05312	0.20582	0.06222
GCG	GCT	GT	1.48919	0.00468	0.00899	-1.48919	0.02073	0.00899
GCG	GCC	GC	1.33617	0.00883	0.01601	-1.33617	0.03361	0.01601
GCG	GCA	GA	0.80257	0.04139	0.06020	-0.80257	0.09236	0.06020
GAT	TAT	GT	-0.32216	0.00772	0.00654	0.32216	0.00559	0.00654
GAT	CAT	GC	-0.85133	0.01458	0.00924	0.85133	0.00622	0.00924
GAT	AAT	GA	-0.54740	0.06832	0.05132	0.54740	0.03952	0.05132
GAT	GTT	AT	0.07894	0.00772	0.00803	-0.07894	0.00835	0.00803
GAT	GCT	AC	0.05601	0.01458	0.01499	-0.05601	0.01542	0.01499
GAC	TAC	GT	0.00704	0.01532	0.01537	-0.00704	0.01543	0.01537
GAC	CAC	GC	-0.24099	0.02893	0.02559	0.24099	0.02274	0.02559
GAC	AAC	GA	-0.53014	0.13558	0.10280	0.53014	0.07979	0.10280
GAC	GTC	AT	0.19729	0.01532	0.01688	-0.19729	0.01866	0.01688
GAC	GCC	AC	-0.14640	0.02893	0.02687	0.14640	0.02499	0.02687
GAC	GAT	CT	-0.04938	0.08652	0.08440	0.04938	0.08235	0.08440
GAA	CAA	GC	-1.02138	0.01737	0.00998	1.02138	0.00625	0.00998
GAA	AAA	GA	-0.09262	0.08138	0.07767	0.09262	0.07418	0.07767
GAA	GTA	AT	-1.14253	0.00919	0.00492	1.14253	0.00293	0.00492
GAA	GCA	AC	-0.35636	0.01737	0.01446	0.35636	0.01216	0.01446
GAA	GAT	AT	0.27427	0.00919	0.01051	-0.27427	0.01210	0.01051
GAA	GAC	AC	0.32364	0.01737	0.02033	-0.32364	0.02400	0.02033
GAG	CAG	GC	0.18254	0.03558	0.03893	-0.18254	0.04271	0.03893
GAG	AAG	GA	-0.40586	0.16674	0.13518	0.40586	0.11111	0.13518
GAG	GTG	AT	0.47302	0.01884	0.02364	-0.47302	0.03023	0.02364
GAG	GCG	AC	-1.58009	0.03558	0.01458	1.58009	0.00733	0.01458
GAG	GAT	GT	-0.14691	0.01884	0.01749	0.14691	0.01626	0.01749
GAG	GAC	GC	-0.09753	0.03558	0.03388	0.09753	0.03228	0.03388
GAG	GAA	GA	-0.42117	0.16674	0.13408	0.42117	0.10942	0.13408
GGT	TGT	GT	1.36087	0.00270	0.00494	-1.36087	0.01053	0.00494
GGT	CGT	GC	-0.11881	0.00510	0.00480	0.11881	0.00453	0.00480
GGT	AGT	GA	0.96658	0.02390	0.03728	-0.96658	0.06283	0.03728
GGT	GTT	GT	1.42541	0.00270	0.00507	-1.42541	0.01123	0.00507
GGT	GCT	GC	1.40248	0.00510	0.00949	-1.40248	0.02073	0.00949
GGT	GAT	GA	1.34647	0.02390	0.04349	-1.34647	0.09186	0.04349
GGC	TGC	GT	0.47875	0.00842	0.01060	-0.47875	0.01359	0.01060
GGC	CGC	GC	-0.58819	0.01591	0.01169	0.58819	0.00883	0.01169
GGC	AGC	GA	0.79481	0.07455	0.10805	-0.79481	0.16505	0.10805
GGC	GTC	GT	1.09154	0.00842	0.01384	-1.09154	0.02509	0.01384
GGC	GCC	GC	0.74785	0.01591	0.02259	-0.74785	0.03361	0.02259
GGC	GAC	GA	0.89425	0.07455	0.11278	-0.89425	0.18230	0.11278
GGC	GGT	CT	-0.50160	0.04757	0.03663	0.50160	0.02881	0.03663
GGA	CGA	GC	-1.65575	0.00959	0.00375	1.65575	0.00183	0.00375
GGA	AGA	GA	0.33476	0.04495	0.05290	-0.33476	0.06283	0.05290
GGA	GTA	GT	-0.25294	0.00508	0.00446	0.25294	0.00394	0.00446
GGA	GCA	GC	0.53323	0.00959	0.01238	-0.53323	0.01635	0.01238
GGA	GAA	GA	0.88959	0.04495	0.06788	-0.88959	0.10942	0.06788
GGA	GGT	AT	-0.18262	0.00508	0.00463	0.18262	0.00423	0.00463
GGA	GGC	AC	0.31898	0.00959	0.01121	-0.31898	0.01320	0.01121
GGG	TGG	GT	0.41379	0.00696	0.00850	-0.41379	0.01052	0.00850
GGG	CGG	GC	-0.13130	0.01314	0.01230	0.13130	0.01153	0.01230
GGG	AGG	GA	0.28207	0.06159	0.07068	-0.28207	0.08165	0.07068
GGG	GTG	GT	1.76512	0.00696	0.01482	-1.76512	0.04065	0.01482
GGG	GCG	GC	-0.28800	0.01314	0.01134	0.28800	0.00985	0.01134
GGG	GAG	GA	1.29210	0.06159	0.10971	-1.29210	0.22420	0.10971
GGG	GGT	GT	-0.20128	0.00696	0.00628	0.20128	0.00569	0.00628
GGG	GGC	GC	0.30032	0.01314	0.01522	-0.30032	0.01775	0.01522
GGG	GGA	GA	-0.01866	0.06159	0.06101	0.01866	0.06045	0.06101


Histograms
2Ns	FMut	FSub(CodonUsage)	FSubw(after w)

-2.26021	0.02082	0.00608
-2.03418	0.03844	0.01338
-1.80816	0.00559	0.00222
-1.58214	0.04695	0.02131
-1.35612	0.02961	0.01579
-1.13010	0.03938	0.02356
-0.90408	0.07634	0.05314
-0.67806	0.05614	0.04365
-0.45204	0.16325	0.14279
-0.22602	0.11452	0.11270
0.00000	0.11750	0.13076
0.22602	0.09002	0.11270
0.45204	0.10270	0.14279
0.67806	0.02850	0.04365
0.90408	0.03183	0.05314
1.13010	0.01267	0.02356
1.35612	0.00786	0.01579
1.58214	0.00960	0.02131
1.80816	0.00093	0.00222
2.03418	0.00519	0.01338
2.26021	0.00216	0.00608

Proportion of advantageous (S > 0) mutations:
 0.34888

Proportions of good & bad mutations (|S| > 2.0000) among mutations:
0.00514  0.04388

mean |Ns| = 0.68002	mean Ns+ = 0.50268	mean Ns- = -0.77504


MLEs of dN/dS (w) for site classes (K=4)

site class             0        1       2a       2b
proportion       0.90494  0.08713  0.00724  0.00070
background w     0.05818  1.25204  0.05818  1.25204
foreground w     0.05818  1.25204  3.12719  3.12719

Naive Empirical Bayes (NEB) probabilities for 4 classes
(amino acids refer to 1st sequence: Bacu)

   1 N   0.99163 0.00701 0.00134 0.00002 ( 1)
   2 S   0.97007 0.02651 0.00330 0.00013 ( 1)
   3 P   0.97516 0.02185 0.00289 0.00010 ( 1)
   4 E   0.97607 0.02101 0.00282 0.00009 ( 1)
   5 F   0.97843 0.01887 0.00262 0.00008 ( 1)
   6 Q   0.95448 0.04088 0.00440 0.00023 ( 1)
   7 K   0.98322 0.01453 0.00220 0.00005 ( 1)
   8 L   0.96917 0.02734 0.00336 0.00013 ( 1)
   9 L   0.93795 0.05624 0.00544 0.00037 ( 1)
  10 G   0.98797 0.01026 0.00174 0.00003 ( 1)
  11 I   0.97787 0.01938 0.00268 0.00008 ( 1)
  12 A   0.96884 0.02763 0.00339 0.00013 ( 1)
  13 M   0.81122 0.18482 0.00331 0.00065 ( 1)
  14 E   0.97607 0.02101 0.00282 0.00009 ( 1)
  15 L   0.96899 0.02751 0.00336 0.00013 ( 1)
  16 F   0.97884 0.01857 0.00251 0.00007 ( 1)
  17 L   0.93827 0.05599 0.00537 0.00037 ( 1)
  18 L   0.93851 0.05580 0.00533 0.00036 ( 1)
  19 C   0.98147 0.01618 0.00229 0.00006 ( 1)
  20 S   0.97859 0.01877 0.00256 0.00008 ( 1)
  21 D   0.97446 0.02254 0.00290 0.00010 ( 1)
  22 D   0.97703 0.02011 0.00278 0.00009 ( 1)
  23 A   0.96894 0.02755 0.00338 0.00013 ( 1)
  24 E   0.97255 0.02429 0.00306 0.00011 ( 1)
  25 S   0.96518 0.03122 0.00344 0.00015 ( 1)
  26 D   0.97446 0.02254 0.00290 0.00010 ( 1)
  27 V   0.98022 0.01730 0.00242 0.00007 ( 1)
  28 R   0.98646 0.01166 0.00184 0.00004 ( 1)
  29 M   0.98926 0.00916 0.00156 0.00003 ( 1)
  30 V   0.96511 0.03112 0.00362 0.00016 ( 1)
  31 A   0.96997 0.02667 0.00323 0.00013 ( 1)
  32 D   0.97775 0.01952 0.00265 0.00008 ( 1)
  33 E   0.97255 0.02429 0.00306 0.00011 ( 1)
  34 C   0.98167 0.01598 0.00229 0.00006 ( 1)
  35 L   0.96817 0.02830 0.00339 0.00014 ( 1)
  36 N   0.99316 0.00570 0.00112 0.00001 ( 1)
  37 K   0.69818 0.21998 0.07990 0.00194 ( 1)
  38 V   0.98022 0.01730 0.00242 0.00007 ( 1)
  39 I   0.99288 0.00600 0.00111 0.00001 ( 1)
  40 K   0.98366 0.01420 0.00208 0.00005 ( 1)
  41 N   0.74046 0.16540 0.09259 0.00156 ( 1)
  42 G   0.98236 0.01502 0.00256 0.00006 ( 1)
  43 A   0.96246 0.03334 0.00401 0.00018 ( 1)
  44 P   0.96969 0.02669 0.00349 0.00013 ( 1)
  45 R   0.98192 0.01554 0.00248 0.00006 ( 1)
  46 S   0.96947 0.02689 0.00351 0.00013 ( 1)
  47 L   0.93367 0.06012 0.00579 0.00041 ( 1)
  48 R   0.98479 0.01295 0.00221 0.00005 ( 1)
  49 A   0.96246 0.03334 0.00401 0.00018 ( 1)
  50 A   0.96786 0.02837 0.00363 0.00014 ( 1)
  51 L   0.93343 0.06036 0.00579 0.00041 ( 1)
  52 W   0.96267 0.03316 0.00399 0.00018 ( 1)
  53 R   0.98064 0.01670 0.00260 0.00007 ( 1)
  54 F   0.97236 0.02424 0.00328 0.00011 ( 1)
  55 A   0.96779 0.02844 0.00363 0.00014 ( 1)
  56 E   0.96553 0.03051 0.00380 0.00016 ( 1)
  57 L   0.93343 0.06036 0.00579 0.00041 ( 1)
  58 A   0.96246 0.03334 0.00401 0.00018 ( 1)
  59 H   0.97018 0.02624 0.00345 0.00013 ( 1)
  60 L   0.96094 0.03477 0.00410 0.00019 ( 1)
  61 V   0.97751 0.01953 0.00287 0.00008 ( 1)
  62 R   0.98192 0.01554 0.00248 0.00006 ( 1)
  63 P   0.96969 0.02669 0.00349 0.00013 ( 1)
  64 Q   0.94857 0.04623 0.00492 0.00028 ( 1)
  65 K   0.97757 0.01948 0.00286 0.00008 ( 1)
  66 C   0.97522 0.02163 0.00306 0.00010 ( 1)
  67 R   0.98064 0.01670 0.00260 0.00007 ( 1)
  68 P   0.97572 0.02145 0.00274 0.00009 ( 1)
  69 Y   0.98071 0.01698 0.00225 0.00006 ( 1)
  70 L   0.95442 0.04110 0.00425 0.00023 ( 1)
  71 V   0.99121 0.00753 0.00125 0.00002 ( 1)
  72 N   0.99297 0.00596 0.00105 0.00001 ( 1)
  73 L   0.96941 0.02729 0.00317 0.00013 ( 1)
  74 L   0.95442 0.04110 0.00425 0.00023 ( 1)
  75 P   0.97614 0.02114 0.00264 0.00009 ( 1)
  76 C   0.98021 0.01741 0.00232 0.00007 ( 1)
  77 L   0.93811 0.05621 0.00532 0.00036 ( 1)
  78 T   0.98192 0.01603 0.00200 0.00006 ( 1)
  79 R   0.98970 0.00887 0.00141 0.00002 ( 1)
  80 T   0.98310 0.01481 0.00204 0.00005 ( 1)
  81 S   0.97594 0.02131 0.00266 0.00009 ( 1)
  82 K   0.98626 0.01195 0.00175 0.00004 ( 1)
  83 R   0.98396 0.01406 0.00193 0.00005 ( 1)
  84 P   0.98009 0.01754 0.00230 0.00007 ( 1)
  85 E   0.97291 0.02401 0.00297 0.00011 ( 1)
  86 E   0.97212 0.02480 0.00297 0.00011 ( 1)
  87 S   0.97031 0.02647 0.00310 0.00012 ( 1)
  88 V   0.97985 0.01776 0.00233 0.00007 ( 1)
  89 Q   0.95470 0.04084 0.00424 0.00023 ( 1)
  90 E   0.97212 0.02480 0.00297 0.00011 ( 1)
  91 T   0.98068 0.01700 0.00226 0.00006 ( 1)
  92 L   0.95442 0.04110 0.00425 0.00023 ( 1)
  93 A   0.55492 0.34146 0.09961 0.00401 ( 1)
  94 A   0.97265 0.02460 0.00265 0.00010 ( 1)
  95 A   0.96988 0.02692 0.00308 0.00012 ( 1)
  96 V   0.97985 0.01776 0.00233 0.00007 ( 1)
  97 P   0.97614 0.02114 0.00264 0.00009 ( 1)
  98 K   0.98626 0.01195 0.00175 0.00004 ( 1)
  99 I   0.69844 0.29839 0.00196 0.00121 ( 1)
 100 M   0.98899 0.00950 0.00148 0.00003 ( 1)
 101 A   0.96908 0.02759 0.00320 0.00013 ( 1)
 102 S   0.97036 0.02642 0.00309 0.00012 ( 1)
 103 F   0.97966 0.01791 0.00236 0.00007 ( 1)
 104 G   0.98818 0.01023 0.00156 0.00003 ( 1)
 105 N   0.82276 0.12381 0.05266 0.00077 ( 1)
 106 F   0.97868 0.01882 0.00243 0.00007 ( 1)
 107 A   0.96790 0.02867 0.00329 0.00014 ( 1)
 108 N   0.99297 0.00596 0.00105 0.00001 ( 1)
 109 D   0.97745 0.01994 0.00253 0.00008 ( 1)
 110 S   0.22847 0.76933 0.00027 0.00193 ( 2)
 111 E   0.97604 0.02120 0.00267 0.00009 ( 1)
 112 I   0.70696 0.29009 0.00179 0.00115 ( 1)
 113 K   0.98655 0.01166 0.00175 0.00004 ( 1)
 114 V   0.98170 0.01565 0.00259 0.00006 ( 1)
 115 L   0.93794 0.05612 0.00557 0.00037 ( 1)
 116 L   0.96317 0.03290 0.00377 0.00017 ( 1)
 117 K   0.98612 0.01189 0.00195 0.00004 ( 1)
 118 A   0.96938 0.02715 0.00335 0.00013 ( 1)
 119 F   0.98122 0.01631 0.00241 0.00006 ( 1)
 120 I   0.99299 0.00579 0.00121 0.00001 ( 1)
 121 A   0.98849 0.00977 0.00171 0.00003 ( 1)
 122 N   0.99170 0.00692 0.00136 0.00002 ( 1)
 123 L   0.93807 0.05611 0.00545 0.00037 ( 1)
 124 K   0.98615 0.01186 0.00195 0.00004 ( 1)
 125 S   0.68227 0.31434 0.00202 0.00137 ( 1)
 126 S   0.97586 0.02117 0.00287 0.00009 ( 1)
 127 S   0.97023 0.02633 0.00331 0.00013 ( 1)
 128 P   0.97604 0.02101 0.00285 0.00009 ( 1)
 129 T   0.98058 0.01689 0.00247 0.00007 ( 1)
 130 V   0.58686 0.40876 0.00227 0.00210 ( 1)
 131 R   0.98709 0.01099 0.00188 0.00004 ( 1)
 132 R   0.98715 0.01097 0.00185 0.00004 ( 1)
 133 T   0.98228 0.01537 0.00230 0.00006 ( 1)
 134 A   0.98767 0.01055 0.00175 0.00003 ( 1)
 135 A   0.97378 0.02312 0.00300 0.00010 ( 1)
 136 G   0.79008 0.20730 0.00184 0.00078 ( 1)
 137 S   0.98323 0.01453 0.00218 0.00005 ( 1)
 138 A   0.98813 0.01013 0.00171 0.00003 ( 1)
 139 V   0.96413 0.03199 0.00372 0.00016 ( 1)
 140 S   0.97535 0.02168 0.00287 0.00009 ( 1)
 141 I   0.65507 0.25398 0.08848 0.00248 ( 1)
 142 C   0.98076 0.01676 0.00241 0.00007 ( 1)
 143 Q   0.95413 0.04121 0.00442 0.00024 ( 1)
 144 H   0.97602 0.02107 0.00281 0.00009 ( 1)
 145 S   0.97360 0.02328 0.00301 0.00010 ( 1)
 146 R   0.98551 0.01249 0.00196 0.00004 ( 1)
 147 R   0.98533 0.01268 0.00194 0.00004 ( 1)
 148 T   0.00545 0.97700 0.00629 0.01127 ( 2)
 149 Q   0.95413 0.04121 0.00442 0.00024 ( 1)
 150 Y   0.71540 0.28009 0.00333 0.00117 ( 1)
 151 F   0.97848 0.01887 0.00257 0.00008 ( 1)
 152 Y   0.98015 0.01732 0.00246 0.00007 ( 1)
 153 S   0.97535 0.02168 0.00287 0.00009 ( 1)
 154 W   0.96867 0.02781 0.00339 0.00013 ( 1)
 155 L   0.93877 0.05541 0.00545 0.00036 ( 1)
 156 L   0.96713 0.02922 0.00351 0.00014 ( 1)
 157 S   0.97732 0.01991 0.00268 0.00008 ( 1)
 158 V   0.96485 0.03125 0.00374 0.00016 ( 1)
 159 L   0.96713 0.02922 0.00351 0.00014 ( 1)
 160 L   0.59013 0.40562 0.00228 0.00198 ( 1)
 161 G   0.99090 0.00755 0.00153 0.00002 ( 1)
 162 L   0.95435 0.04109 0.00433 0.00023 ( 1)
 163 L   0.94200 0.05279 0.00488 0.00032 ( 1)
 164 V   0.98328 0.01456 0.00211 0.00005 ( 1)
 165 P   0.98016 0.01741 0.00237 0.00007 ( 1)
 166 V   0.96454 0.03167 0.00363 0.00016 ( 1)
 167 E   0.97250 0.02432 0.00307 0.00011 ( 1)
 168 E   0.97250 0.02432 0.00307 0.00011 ( 1)
 169 E   0.97602 0.02101 0.00288 0.00009 ( 1)
 170 H   0.12458 0.85735 0.01144 0.00663 ( 2)
 171 S   0.97441 0.02259 0.00289 0.00010 ( 1)
 172 T   0.09580 0.88425 0.01178 0.00817 ( 2)
 173 L   0.96955 0.02705 0.00327 0.00013 ( 1)
 174 L   0.93842 0.05583 0.00538 0.00036 ( 1)
 175 I   0.97840 0.01894 0.00258 0.00008 ( 1)
 176 L   0.96813 0.02833 0.00340 0.00014 ( 1)
 177 G   0.98361 0.01422 0.00212 0.00005 ( 1)
 178 V   0.96512 0.03111 0.00362 0.00016 ( 1)
 179 L   0.93842 0.05583 0.00538 0.00036 ( 1)
 180 L   0.96837 0.02814 0.00336 0.00014 ( 1)
 181 T   0.98351 0.01431 0.00213 0.00005 ( 1)
 182 L   0.95426 0.04115 0.00435 0.00023 ( 1)
 183 R   0.98643 0.01168 0.00185 0.00004 ( 1)
 184 Y   0.98647 0.01164 0.00184 0.00004 ( 1)
 185 L   0.95481 0.04062 0.00434 0.00023 ( 1)
 186 V   0.96507 0.03115 0.00363 0.00016 ( 1)
 187 P   0.98079 0.01678 0.00237 0.00006 ( 1)
 188 L   0.95500 0.04048 0.00430 0.00023 ( 1)
 189 L   0.93856 0.05573 0.00535 0.00036 ( 1)
 190 Q   0.95526 0.04023 0.00429 0.00023 ( 1)
 191 Q   0.95526 0.04023 0.00429 0.00023 ( 1)
 192 Q   0.95526 0.04023 0.00429 0.00023 ( 1)
 193 V   0.98035 0.01721 0.00238 0.00007 ( 1)
 194 K   0.98667 0.01149 0.00180 0.00004 ( 1)
 195 D   0.97794 0.01940 0.00259 0.00008 ( 1)
 196 T   0.98144 0.01629 0.00221 0.00006 ( 1)
 197 S   0.97647 0.02073 0.00272 0.00009 ( 1)
 198 L   0.93856 0.05573 0.00535 0.00036 ( 1)
 199 K   0.98390 0.01398 0.00206 0.00005 ( 1)
 200 G   0.98855 0.00981 0.00161 0.00003 ( 1)
 201 S   0.97647 0.02073 0.00272 0.00009 ( 1)
 202 F   0.97918 0.01827 0.00248 0.00007 ( 1)
 203 G   0.98816 0.01016 0.00165 0.00003 ( 1)
 204 V   0.96525 0.03101 0.00359 0.00016 ( 1)
 205 T   0.98259 0.01521 0.00215 0.00006 ( 1)
 206 R   0.98765 0.01062 0.00170 0.00003 ( 1)
 207 K   0.98390 0.01398 0.00206 0.00005 ( 1)
 208 E   0.97268 0.02419 0.00302 0.00011 ( 1)
 209 M   0.98935 0.00909 0.00153 0.00003 ( 1)
 210 E   0.97271 0.02416 0.00302 0.00011 ( 1)
 211 V   0.98035 0.01721 0.00238 0.00007 ( 1)
 212 S   0.97259 0.02422 0.00308 0.00011 ( 1)
 213 P   0.98095 0.01666 0.00233 0.00006 ( 1)
 214 S   0.98410 0.01379 0.00206 0.00005 ( 1)
 215 T   0.73012 0.26712 0.00174 0.00102 ( 1)
 216 E   0.97268 0.02419 0.00302 0.00011 ( 1)
 217 Q   0.95526 0.04023 0.00429 0.00023 ( 1)
 218 L   0.96959 0.02702 0.00326 0.00013 ( 1)
 219 V   0.98015 0.01740 0.00238 0.00007 ( 1)
 220 Q   0.95475 0.04074 0.00428 0.00023 ( 1)
 221 V   0.96162 0.03418 0.00401 0.00018 ( 1)
 222 Y   0.97923 0.01821 0.00248 0.00007 ( 1)
 223 E   0.97332 0.02344 0.00313 0.00011 ( 1)
 224 L   0.94772 0.04698 0.00501 0.00029 ( 1)
 225 T   0.97801 0.01918 0.00273 0.00008 ( 1)
 226 L   0.95169 0.04341 0.00464 0.00026 ( 1)
 227 H   0.75910 0.23826 0.00175 0.00089 ( 1)
 228 Y   0.98385 0.01389 0.00221 0.00005 ( 1)
 229 T   0.98390 0.01384 0.00221 0.00005 ( 1)
 230 Q   0.95249 0.04263 0.00463 0.00025 ( 1)
 231 H   0.97435 0.02247 0.00308 0.00010 ( 1)
 232 Q   0.96720 0.02905 0.00360 0.00015 ( 1)
 233 D   0.97520 0.02169 0.00301 0.00010 ( 1)
 234 H   0.97435 0.02247 0.00308 0.00010 ( 1)
 235 N   0.99031 0.00808 0.00159 0.00002 ( 1)
 236 V   0.98135 0.01610 0.00249 0.00006 ( 1)
 237 V   0.96334 0.03250 0.00398 0.00017 ( 1)
 238 T   0.98408 0.01366 0.00221 0.00005 ( 1)
 239 G   0.98639 0.01163 0.00194 0.00004 ( 1)
 240 A   0.96909 0.02711 0.00367 0.00014 ( 1)
 241 L   0.93669 0.05739 0.00554 0.00038 ( 1)
 242 E   0.97362 0.02310 0.00317 0.00011 ( 1)
 243 L   0.96579 0.03039 0.00366 0.00015 ( 1)
 244 L   0.93679 0.05729 0.00554 0.00038 ( 1)
 245 Q   0.95366 0.04154 0.00456 0.00024 ( 1)
 246 Q   0.95366 0.04154 0.00456 0.00024 ( 1)
 247 L   0.96227 0.03298 0.00455 0.00019 ( 1)
 248 L   0.96663 0.02956 0.00367 0.00015 ( 1)
 249 R   0.98249 0.01506 0.00238 0.00006 ( 1)
 250 T   0.97958 0.01770 0.00265 0.00007 ( 1)
 251 P   0.97526 0.02168 0.00296 0.00010 ( 1)
 252 P   0.97471 0.02219 0.00300 0.00010 ( 1)
 253 P   0.97526 0.02168 0.00296 0.00010 ( 1)
 254 E   0.97122 0.02537 0.00329 0.00012 ( 1)
 255 L   0.96684 0.02940 0.00362 0.00015 ( 1)
 256 L   0.93747 0.05664 0.00551 0.00038 ( 1)
 257 R   0.98364 0.01409 0.00222 0.00005 ( 1)
 258 A   0.00525 0.98992 0.00005 0.00477 ( 2)
 259 L   0.93747 0.05664 0.00551 0.00038 ( 1)
 260 T   0.97984 0.01751 0.00258 0.00007 ( 1)
 261 T   0.10398 0.87245 0.01472 0.00884 ( 2)
 262 A   0.75148 0.17020 0.07690 0.00142 ( 1)
 263 G   0.98759 0.01055 0.00183 0.00003 ( 1)
 264 G   0.98747 0.01063 0.00186 0.00004 ( 1)
 265 I   0.97984 0.01749 0.00260 0.00007 ( 1)
 266 G   0.15695 0.83979 0.00032 0.00294 ( 2)
 267 Q   0.04541 0.93113 0.01077 0.01269 ( 2)
 268 L   0.96684 0.02939 0.00361 0.00015 ( 1)
 269 T   0.98452 0.01313 0.00230 0.00005 ( 1)
 270 A   0.58240 0.30887 0.10509 0.00364 ( 1)
 271 A   0.55001 0.34028 0.10554 0.00417 ( 1)
 272 K   0.78360 0.21385 0.00178 0.00077 ( 1)
 273 D   0.64525 0.35105 0.00208 0.00162 ( 1)
 274 E   0.97069 0.02589 0.00329 0.00012 ( 1)
 275 P   0.97902 0.01830 0.00261 0.00007 ( 1)
 276 G   0.21373 0.78372 0.00031 0.00224 ( 2)
 277 C   0.98002 0.01739 0.00252 0.00007 ( 1)
 278 R   0.98203 0.01552 0.00238 0.00006 ( 1)
 279 S   0.97687 0.02025 0.00279 0.00009 ( 1)
 280 R   0.98716 0.01095 0.00185 0.00004 ( 1)
 281 S   0.97454 0.02237 0.00298 0.00010 ( 1)
 282 G   0.98206 0.01554 0.00234 0.00006 ( 1)
 283 S   0.97644 0.02068 0.00279 0.00009 ( 1)
 284 I   0.97934 0.01800 0.00259 0.00007 ( 1)
 285 V   0.96323 0.03276 0.00384 0.00017 ( 1)
 286 E   0.97069 0.02589 0.00329 0.00012 ( 1)
 287 L   0.96797 0.02840 0.00349 0.00014 ( 1)
 288 I   0.99226 0.00642 0.00130 0.00002 ( 1)
 289 A   0.95549 0.03912 0.00514 0.00025 ( 1)
 290 G   0.97047 0.02516 0.00423 0.00014 ( 1)
 291 G   0.97596 0.02011 0.00382 0.00010 ( 1)
 292 G   0.98154 0.01504 0.00335 0.00007 ( 1)
 293 S   0.95670 0.03799 0.00508 0.00024 ( 1)
 294 S   0.95006 0.04430 0.00535 0.00029 ( 1)
 295 C   0.96818 0.02729 0.00438 0.00015 ( 1)
 296 S   0.96235 0.03270 0.00475 0.00020 ( 1)
 297 P   0.96257 0.03250 0.00473 0.00019 ( 1)
 298 V   0.96654 0.02880 0.00449 0.00017 ( 1)
 299 L   0.95582 0.03881 0.00512 0.00024 ( 1)
 300 S   0.94966 0.04461 0.00545 0.00029 ( 1)
 301 R   0.97180 0.02392 0.00415 0.00013 ( 1)
 302 K   0.97064 0.02501 0.00421 0.00014 ( 1)
 303 Q   0.95625 0.03841 0.00510 0.00024 ( 1)
 304 K   0.97063 0.02502 0.00422 0.00014 ( 1)
 305 G   0.97159 0.02391 0.00437 0.00013 ( 1)
 306 K   0.68952 0.30668 0.00234 0.00146 ( 1)
 307 V   0.95718 0.03790 0.00469 0.00023 ( 1)
 308 L   0.96019 0.03511 0.00450 0.00020 ( 1)
 309 F   0.97171 0.02452 0.00364 0.00012 ( 1)
 310 G   0.97674 0.01992 0.00325 0.00009 ( 1)
 311 E   0.96918 0.02685 0.00384 0.00014 ( 1)
 312 A   0.96133 0.03405 0.00442 0.00019 ( 1)
 313 A   0.96063 0.03475 0.00442 0.00020 ( 1)
 314 A   0.96763 0.02836 0.00386 0.00015 ( 1)
 315 L   0.04175 0.95204 0.00022 0.00598 ( 2)
 316 E   0.96531 0.03050 0.00402 0.00016 ( 1)
 317 D   0.96728 0.02869 0.00388 0.00015 ( 1)
 318 D   0.97082 0.02543 0.00362 0.00013 ( 1)
 319 S   0.58507 0.41034 0.00240 0.00219 ( 1)
 320 E   0.96531 0.03050 0.00402 0.00016 ( 1)
 321 S   0.95629 0.03885 0.00463 0.00023 ( 1)
 322 R   0.98036 0.01672 0.00284 0.00007 ( 1)
 323 S   0.95610 0.03904 0.00463 0.00023 ( 1)
 324 D   0.97070 0.02555 0.00362 0.00013 ( 1)
 325 G   0.98275 0.01456 0.00262 0.00006 ( 1)
 326 S   0.96924 0.02688 0.00374 0.00014 ( 1)
 327 S   0.96924 0.02688 0.00374 0.00014 ( 1)
 328 P   0.97405 0.02247 0.00337 0.00011 ( 1)
 329 T   0.97428 0.02226 0.00335 0.00011 ( 1)
 330 F   0.97213 0.02423 0.00352 0.00012 ( 1)
 331 A   0.00248 0.98398 0.00054 0.01300 ( 2)
 332 A   0.96665 0.02934 0.00385 0.00015 ( 1)
 333 A   0.57037 0.42524 0.00221 0.00219 ( 1)
 334 V   0.65557 0.25542 0.08653 0.00249 ( 1)
 335 K   0.98647 0.01175 0.00175 0.00004 ( 1)
 336 G   0.99186 0.00694 0.00118 0.00002 ( 1)
 337 E   0.97240 0.02452 0.00297 0.00011 ( 1)
 338 V   0.00001 0.93472 0.00429 0.06097 ( 2)
 339 G   0.99007 0.00845 0.00146 0.00002 ( 1)
 340 G   0.82193 0.12358 0.05370 0.00078 ( 1)
 341 E   0.97240 0.02452 0.00297 0.00011 ( 1)
 342 L   0.93832 0.05600 0.00532 0.00036 ( 1)
 343 A   0.62198 0.37441 0.00193 0.00168 ( 1)
 344 A   0.97464 0.02248 0.00279 0.00010 ( 1)
 345 S   0.97059 0.02619 0.00310 0.00012 ( 1)
 346 S   0.97059 0.02619 0.00310 0.00012 ( 1)
 347 G   0.98797 0.01039 0.00160 0.00003 ( 1)
 348 V   0.98010 0.01751 0.00233 0.00007 ( 1)
 349 P   0.66475 0.33191 0.00191 0.00142 ( 1)
 350 T   0.98646 0.01175 0.00175 0.00004 ( 1)
 351 P   0.97705 0.02033 0.00253 0.00008 ( 1)
 352 G   0.79640 0.20110 0.00180 0.00070 ( 1)
 353 S   0.57454 0.42113 0.00219 0.00214 ( 1)
 354 A   0.96936 0.02731 0.00320 0.00013 ( 1)
 355 A   0.97466 0.02246 0.00278 0.00010 ( 1)
 356 D   0.09579 0.88230 0.01312 0.00879 ( 2)
 357 S   0.97059 0.02619 0.00310 0.00012 ( 1)
 358 G   0.06661 0.90889 0.01317 0.01132 ( 2)
 359 G   0.99198 0.00682 0.00118 0.00002 ( 1)
 360 H   0.97703 0.02032 0.00257 0.00008 ( 1)
 361 D   0.97771 0.01968 0.00254 0.00008 ( 1)
 362 I   0.98101 0.01668 0.00225 0.00006 ( 1)
 363 I   0.98101 0.01668 0.00225 0.00006 ( 1)
 364 T   0.98606 0.01215 0.00175 0.00004 ( 1)
 365 E   0.97240 0.02452 0.00297 0.00011 ( 1)
 366 Q   0.95497 0.04057 0.00424 0.00023 ( 1)
 367 P   0.98066 0.01700 0.00227 0.00006 ( 1)
 368 R   0.98757 0.01076 0.00164 0.00003 ( 1)
 369 S   0.51482 0.37623 0.10420 0.00475 ( 1)
 370 Q   0.95497 0.04057 0.00424 0.00023 ( 1)
 371 H   0.97687 0.02044 0.00260 0.00008 ( 1)
 372 T   0.98332 0.01459 0.00205 0.00005 ( 1)
 373 L   0.96969 0.02701 0.00317 0.00013 ( 1)
 374 Q   0.95497 0.04057 0.00424 0.00023 ( 1)
 375 T   0.72715 0.27014 0.00169 0.00102 ( 1)
 376 D   0.97771 0.01968 0.00254 0.00008 ( 1)
 377 S   0.98352 0.01437 0.00206 0.00005 ( 1)
 378 V   0.59701 0.39844 0.00263 0.00192 ( 1)
 379 D   0.97432 0.02277 0.00281 0.00010 ( 1)
 380 L   0.93866 0.05573 0.00525 0.00036 ( 1)
 381 T   0.98192 0.01592 0.00211 0.00006 ( 1)
 382 G   0.98837 0.01004 0.00156 0.00003 ( 1)
 383 C   0.58616 0.31500 0.09535 0.00348 ( 1)
 384 D   0.97771 0.01968 0.00254 0.00008 ( 1)
 385 L   0.95469 0.04083 0.00425 0.00023 ( 1)
 386 T   0.00027 0.99045 0.00003 0.00925 ( 2)
 387 S   0.97842 0.01904 0.00247 0.00008 ( 1)
 388 G   0.81907 0.12426 0.05586 0.00081 ( 1)
 389 A   0.97385 0.02309 0.00296 0.00010 ( 1)
 390 T   0.12391 0.85104 0.01667 0.00838 ( 2)
 391 D   0.97714 0.02017 0.00261 0.00008 ( 1)
 392 G   0.98797 0.01039 0.00160 0.00003 ( 1)
 393 D   0.97723 0.02007 0.00263 0.00008 ( 1)
 394 E   0.97240 0.02452 0.00297 0.00011 ( 1)
 395 E   0.97244 0.02449 0.00297 0.00011 ( 1)
 396 D   0.97771 0.01968 0.00254 0.00008 ( 1)
 397 I   0.98101 0.01668 0.00225 0.00006 ( 1)
 398 L   0.95492 0.04060 0.00425 0.00023 ( 1)
 399 S   0.97668 0.02057 0.00266 0.00009 ( 1)
 400 H   0.97735 0.01997 0.00260 0.00008 ( 1)
 401 S   0.97668 0.02057 0.00266 0.00009 ( 1)
 402 S   0.97496 0.02215 0.00280 0.00009 ( 1)
 403 S   0.97668 0.02057 0.00266 0.00009 ( 1)
 404 Q   0.95582 0.03972 0.00424 0.00022 ( 1)
 405 M   0.00023 0.96526 0.00337 0.03114 ( 2)
 406 S   0.97668 0.02057 0.00266 0.00009 ( 1)
 407 A   0.60221 0.30206 0.09251 0.00323 ( 1)
 408 V   0.00027 0.99032 0.00003 0.00938 ( 2)
 409 P   0.98328 0.01439 0.00227 0.00005 ( 1)
 410 S   0.97110 0.02568 0.00310 0.00012 ( 1)
 411 D   0.97818 0.01921 0.00254 0.00008 ( 1)
 412 P   0.97688 0.02039 0.00264 0.00008 ( 1)
 413 A   0.97515 0.02197 0.00279 0.00009 ( 1)
 414 M   0.83278 0.16549 0.00125 0.00048 ( 1)
 415 D   0.97818 0.01921 0.00254 0.00008 ( 1)
 416 L   0.93872 0.05560 0.00532 0.00036 ( 1)
 417 N   0.99331 0.00563 0.00105 0.00001 ( 1)
 418 D   0.97481 0.02228 0.00282 0.00010 ( 1)
 419 G   0.98833 0.01004 0.00160 0.00003 ( 1)
 420 T   0.98136 0.01632 0.00226 0.00006 ( 1)
 421 Q   0.95547 0.04007 0.00424 0.00022 ( 1)
 422 A   0.97515 0.02197 0.00279 0.00009 ( 1)
 423 S   0.97496 0.02215 0.00280 0.00009 ( 1)
 424 S   0.97110 0.02568 0.00310 0.00012 ( 1)
 425 P   0.98090 0.01672 0.00232 0.00006 ( 1)
 426 I   0.98145 0.01624 0.00225 0.00006 ( 1)
 427 S   0.97896 0.01850 0.00247 0.00007 ( 1)
 428 D   0.97818 0.01921 0.00254 0.00008 ( 1)
 429 S   0.97668 0.02057 0.00266 0.00009 ( 1)
 430 S   0.97496 0.02215 0.00280 0.00009 ( 1)
 431 Q   0.95547 0.04007 0.00424 0.00022 ( 1)
 432 T   0.98136 0.01632 0.00226 0.00006 ( 1)
 433 T   0.98136 0.01632 0.00226 0.00006 ( 1)
 434 T   0.98139 0.01630 0.00225 0.00006 ( 1)
 435 E   0.97290 0.02402 0.00297 0.00011 ( 1)
 436 G   0.98833 0.01004 0.00160 0.00003 ( 1)
 437 P   0.98103 0.01661 0.00230 0.00006 ( 1)
 438 D   0.97481 0.02228 0.00282 0.00010 ( 1)
 439 S   0.96361 0.03255 0.00367 0.00017 ( 1)
 440 A   0.97442 0.02259 0.00289 0.00010 ( 1)
 441 V   0.96547 0.03084 0.00353 0.00015 ( 1)
 442 T   0.98136 0.01632 0.00226 0.00006 ( 1)
 443 P   0.97688 0.02039 0.00264 0.00008 ( 1)
 444 S   0.97486 0.02225 0.00280 0.00010 ( 1)
 445 D   0.97818 0.01921 0.00254 0.00008 ( 1)
 446 S   0.97896 0.01850 0.00247 0.00007 ( 1)
 447 S   0.97110 0.02568 0.00310 0.00012 ( 1)
 448 E   0.97706 0.02023 0.00263 0.00008 ( 1)
 449 I   0.97878 0.01867 0.00248 0.00007 ( 1)
 450 V   0.96889 0.02657 0.00439 0.00015 ( 1)
 451 L   0.96228 0.03364 0.00390 0.00018 ( 1)
 452 D   0.97229 0.02443 0.00317 0.00011 ( 1)
 453 G   0.99068 0.00782 0.00148 0.00002 ( 1)
 454 A   0.97233 0.02441 0.00315 0.00011 ( 1)
 455 D   0.97571 0.02131 0.00289 0.00009 ( 1)
 456 S   0.97417 0.02271 0.00302 0.00010 ( 1)
 457 Q   0.95297 0.04225 0.00453 0.00025 ( 1)
 458 Y   0.97904 0.01828 0.00261 0.00007 ( 1)
 459 P   0.64186 0.35411 0.00230 0.00173 ( 1)
 460 G   0.98638 0.01165 0.00193 0.00004 ( 1)
 461 M   0.98766 0.01050 0.00180 0.00003 ( 1)
 462 Q   0.95784 0.03773 0.00422 0.00021 ( 1)
 463 A   0.11262 0.86415 0.01486 0.00837 ( 2)
 464 G   0.79346 0.20429 0.00155 0.00069 ( 1)
 465 Q   0.95297 0.04225 0.00453 0.00025 ( 1)
 466 P   0.05579 0.49397 0.43753 0.01271 ( 2)
 467 Q   0.50871 0.48603 0.00242 0.00283 ( 1)
 468 D   0.97555 0.02145 0.00290 0.00009 ( 1)
 469 E   0.62706 0.36903 0.00215 0.00176 ( 1)
 470 D   0.97552 0.02143 0.00295 0.00010 ( 1)
 471 E   0.97031 0.02624 0.00332 0.00013 ( 1)
 472 D   0.97553 0.02148 0.00289 0.00009 ( 1)
 473 A   0.06742 0.92771 0.00025 0.00462 ( 2)
 474 A   0.96735 0.02896 0.00355 0.00014 ( 1)
 475 A   0.57878 0.41670 0.00232 0.00219 ( 1)
 476 V   0.00602 0.99016 0.00001 0.00381 ( 2)
 477 L   0.96758 0.02876 0.00352 0.00014 ( 1)
 478 P   0.97438 0.02253 0.00299 0.00010 ( 1)
 479 D   0.64662 0.34965 0.00211 0.00162 ( 1)
 480 E   0.97456 0.02236 0.00299 0.00010 ( 1)
 481 D   0.97565 0.02137 0.00289 0.00009 ( 1)
 482 A   0.00002 0.99167 0.00000 0.00831 ( 2)
 483 E   0.97031 0.02624 0.00332 0.00013 ( 1)
 484 A   0.96713 0.02918 0.00355 0.00015 ( 1)
 485 F   0.97967 0.01771 0.00255 0.00007 ( 1)
 486 R   0.98186 0.01572 0.00236 0.00006 ( 1)
 487 N   0.11749 0.38539 0.49040 0.00672 ( 3)
 488 S   0.96849 0.02792 0.00345 0.00014 ( 1)
 489 S   0.97241 0.02433 0.00315 0.00011 ( 1)
 490 I   0.69635 0.30008 0.00229 0.00128 ( 1)
 491 A   0.96734 0.02891 0.00361 0.00015 ( 1)
 492 L   0.96424 0.03161 0.00398 0.00017 ( 1)
 493 Q   0.96468 0.03121 0.00394 0.00017 ( 1)
 494 Q   0.96468 0.03121 0.00394 0.00017 ( 1)
 495 A   0.57568 0.41959 0.00244 0.00228 ( 1)
