Supplemental results for CODEML (seqf: /home/leticiamagpali/phd/evol_models/codeml/big_dataset/cml_align/CNTNAP2_codon_aligned.phy  treef: /home/leticiamagpali/phd/evol_models/codeml/big_dataset/cml_trees/gene_trees/H3_gene_trees/CNTNAP2_tree_H3.tre)

I	J	ij	2Ns_IJ	pMut_IJ	pSub_IJ	2Ns_JI	pMut_JI	pSub_JI

TTC	TTT	CT	0.57042	0.06845	0.08982	-0.57042	0.12109	0.08982
TTA	TTT	AT	1.99439	0.00303	0.00699	-1.99439	0.02225	0.00699
TTA	TTC	AC	1.42398	0.00829	0.01554	-1.42398	0.03441	0.01554
TTG	TTT	GT	1.32511	0.00468	0.00845	-1.32511	0.01761	0.00845
TTG	TTC	GC	0.75470	0.01281	0.01825	-0.75470	0.02725	0.01825
TTG	TTA	GA	-0.66928	0.05954	0.04182	0.66928	0.03049	0.04182
TCT	TTT	CT	1.19690	0.03659	0.06275	-1.19690	0.12109	0.06275
TCC	TTC	CT	1.30753	0.05067	0.09082	-1.30753	0.18733	0.09082
TCC	TCT	CT	0.68106	0.05067	0.06987	-0.68106	0.10012	0.06987
TCA	TTA	CT	0.35768	0.02914	0.03466	-0.35768	0.04167	0.03466
TCA	TCT	AT	1.15518	0.00579	0.00977	-1.15518	0.01839	0.00977
TCA	TCC	AC	0.47412	0.01586	0.01991	-0.47412	0.02547	0.01991
TCG	TTG	CT	1.04786	0.02260	0.03647	-1.04786	0.06444	0.03647
TCG	TCT	GT	1.17608	0.00449	0.00764	-1.17608	0.01456	0.00764
TCG	TCC	GC	0.49502	0.01230	0.01559	-0.49502	0.02017	0.01559
TCG	TCA	GA	0.02090	0.05715	0.05774	-0.02090	0.05835	0.05774
TAT	TTT	AT	1.22737	0.00652	0.01132	-1.22737	0.02225	0.01132
TAT	TCT	AC	0.03047	0.01784	0.01811	-0.03047	0.01839	0.01811
TAC	TTC	AT	0.77691	0.01582	0.02276	-0.77691	0.03441	0.02276
TAC	TCC	AC	-0.53063	0.04331	0.03283	0.53063	0.02547	0.03283
TAC	TAT	CT	0.11996	0.07959	0.08446	-0.11996	0.08974	0.08446
TGT	TTT	GT	1.50455	0.00391	0.00757	-1.50455	0.01761	0.00757
TGT	TCT	GC	0.30765	0.01071	0.01244	-0.30765	0.01456	0.01244
TGT	TAT	GA	0.27718	0.04976	0.05698	-0.27718	0.06566	0.05698
TGC	TTC	GT	1.04834	0.00955	0.01542	-1.04834	0.02725	0.01542
TGC	TCC	GC	-0.25919	0.02614	0.02290	0.25919	0.02017	0.02290
TGC	TAC	GA	0.27143	0.12149	0.13872	-0.27143	0.15937	0.13872
TGC	TGT	CT	0.11421	0.04804	0.05084	-0.11421	0.05386	0.05084
TGG	TTG	GT	0.09703	0.00851	0.00893	-0.09703	0.00937	0.00893
TGG	TCG	GC	-0.95083	0.02328	0.01394	0.95083	0.00900	0.01394
TGG	TGT	GT	-0.08240	0.00851	0.00816	0.08240	0.00783	0.00816
TGG	TGC	GC	-0.19661	0.02328	0.02107	0.19661	0.01913	0.02107
CTT	TTT	CT	1.83570	0.01931	0.04218	-1.83570	0.12109	0.04218
CTC	TTC	CT	1.38227	0.04702	0.08678	-1.38227	0.18733	0.08678
CTC	CTT	CT	0.11699	0.04702	0.04983	-0.11699	0.05286	0.04983
CTA	TTA	CT	1.45462	0.00973	0.01847	-1.45462	0.04167	0.01847
CTA	CTT	AT	1.61332	0.00193	0.00390	-1.61332	0.00971	0.00390
CTA	CTC	AC	1.49633	0.00529	0.01021	-1.49633	0.02364	0.01021
CTG	TTG	CT	-0.12473	0.07300	0.06854	0.12473	0.06444	0.06854
CTG	CTT	GT	-0.63531	0.01451	0.01039	0.63531	0.00769	0.01039
CTG	CTC	GC	-0.75231	0.03972	0.02663	0.75231	0.01872	0.02663
CTG	CTA	GA	-2.24864	0.18460	0.04898	2.24864	0.01948	0.04898
CCT	TCT	CT	1.17427	0.03094	0.05259	-1.17427	0.10012	0.05259
CCT	CTT	CT	0.53547	0.03094	0.03996	-0.53547	0.05286	0.03996
CCC	TCC	CT	1.22354	0.04079	0.07072	-1.22354	0.13867	0.07072
CCC	CTC	CT	1.14880	0.04079	0.06862	-1.14880	0.12868	0.06862
CCC	CCT	CT	0.73032	0.04079	0.05749	-0.73032	0.08468	0.05749
CCA	TCA	CT	1.00091	0.02931	0.04639	-1.00091	0.07975	0.04639
CCA	CTA	CT	-0.09603	0.02931	0.02793	0.09603	0.02663	0.02793
CCA	CCT	AT	0.98181	0.00583	0.00915	-0.98181	0.01556	0.00915
CCA	CCC	AC	0.25149	0.01595	0.01804	-0.25149	0.02051	0.01804
CCG	TCG	CT	1.71616	0.01112	0.02326	-1.71616	0.06185	0.02326
CCG	CTG	CT	2.88875	0.01112	0.03401	-2.88875	0.19978	0.03401
CCG	CCT	GT	1.71797	0.00221	0.00463	-1.71797	0.01232	0.00463
CCG	CCC	GC	0.98764	0.00605	0.00952	-0.98764	0.01624	0.00952
CCG	CCA	GA	0.73615	0.02811	0.03972	-0.73615	0.05869	0.03972
CAT	TAT	CT	1.24145	0.02593	0.04528	-1.24145	0.08974	0.04528
CAT	CTT	AT	0.63312	0.00516	0.00696	-0.63312	0.00971	0.00696
CAT	CCT	AC	0.09764	0.01411	0.01481	-0.09764	0.01556	0.01481
CAC	TAC	CT	1.41741	0.05279	0.09875	-1.41741	0.21782	0.09875
CAC	CTC	AT	0.81205	0.01049	0.01533	-0.81205	0.02364	0.01533
CAC	CCC	AC	-0.33675	0.02872	0.02416	0.33675	0.02051	0.02416
CAC	CAT	CT	0.29592	0.05279	0.06098	-0.29592	0.07097	0.06098
CAA	CTA	AT	-0.40796	0.00736	0.00596	0.40796	0.00489	0.00596
CAA	CCA	AC	-0.31192	0.02013	0.01715	0.31192	0.01474	0.01715
CAA	CAT	AT	0.57225	0.00736	0.00966	-0.57225	0.01304	0.00966
CAA	CAC	AC	0.27632	0.02013	0.02304	-0.27632	0.02654	0.02304
CAG	CTG	AT	0.91611	0.01468	0.02242	-0.91611	0.03670	0.02242
CAG	CCG	AC	-1.97265	0.04018	0.01281	1.97265	0.00559	0.01281
CAG	CAT	GT	-0.35232	0.01468	0.01225	0.35232	0.01032	0.01225
CAG	CAC	GC	-0.64825	0.04018	0.02856	0.64825	0.02101	0.02856
CAG	CAA	GA	-0.92457	0.18675	0.11354	0.92457	0.07408	0.11354
CGT	TGT	CT	2.17708	0.00611	0.01499	-2.17708	0.05386	0.01499
CGT	CTT	GT	1.84593	0.00121	0.00266	-1.84593	0.00769	0.00266
CGT	CCT	GC	1.31046	0.00332	0.00596	-1.31046	0.01232	0.00596
CGT	CAT	GA	1.21282	0.01544	0.02665	-1.21282	0.05192	0.02665
CGC	TGC	CT	1.62339	0.02593	0.05244	-1.62339	0.13148	0.05244
CGC	CTC	GT	1.28946	0.00516	0.00917	-1.28946	0.01872	0.00917
CGC	CCC	GC	0.14066	0.01411	0.01512	-0.14066	0.01624	0.01512
CGC	CAC	GA	0.47741	0.06557	0.08247	-0.47741	0.10570	0.08247
CGC	CGT	CT	-0.43948	0.02593	0.02065	0.43948	0.01671	0.02065
CGA	CTA	GT	1.17638	0.00119	0.00203	-1.17638	0.00387	0.00203
CGA	CCA	GC	1.27241	0.00327	0.00578	-1.27241	0.01167	0.00578
CGA	CAA	GA	1.58434	0.01519	0.03028	-1.58434	0.07408	0.03028
CGA	CGT	AT	0.94377	0.00119	0.00185	-0.94377	0.00307	0.00185
CGA	CGC	AC	1.38325	0.00327	0.00604	-1.38325	0.01304	0.00604
CGG	TGG	CT	1.86854	0.01807	0.03994	-1.86854	0.11710	0.03994
CGG	CTG	GT	2.09031	0.00359	0.00857	-2.09031	0.02906	0.00857
CGG	CCG	GC	-0.79845	0.00983	0.00642	0.79845	0.00443	0.00642
CGG	CAG	GA	1.17420	0.04570	0.07767	-1.17420	0.14788	0.07767
CGG	CGT	GT	-0.39094	0.00359	0.00294	0.39094	0.00243	0.00294
CGG	CGC	GC	0.04854	0.00983	0.01007	-0.04854	0.01032	0.01007
CGG	CGA	GA	-1.33471	0.04570	0.02179	1.33471	0.01203	0.02179
ATT	TTT	AT	1.05349	0.00776	0.01255	-1.05349	0.02225	0.01255
ATT	CTT	AC	-0.78221	0.02123	0.01400	0.78221	0.00971	0.01400
ATC	TTC	AT	1.02582	0.01234	0.01973	-1.02582	0.03441	0.01973
ATC	CTC	AC	-0.35645	0.03376	0.02810	0.35645	0.02364	0.02810
ATC	ATT	CT	0.54275	0.06206	0.08041	-0.54275	0.10678	0.08041
ATA	TTA	AT	0.43754	0.00494	0.00610	-0.43754	0.00766	0.00610
ATA	CTA	AC	-1.01709	0.01353	0.00779	1.01709	0.00489	0.00779
ATA	ATT	AT	1.37844	0.00494	0.00911	-1.37844	0.01962	0.00911
ATA	ATC	AC	0.83569	0.01353	0.01996	-0.83569	0.03120	0.01996
ATG	TTG	AT	0.51743	0.00706	0.00904	-0.51743	0.01184	0.00904
ATG	CTG	AC	0.64216	0.01931	0.02617	-0.64216	0.03670	0.02617
ATG	ATT	GT	0.78905	0.00706	0.01020	-0.78905	0.01553	0.01020
ATG	ATC	GC	0.24630	0.01931	0.02179	-0.24630	0.02470	0.02179
ATG	ATA	GA	-0.58939	0.08975	0.06588	0.58939	0.04978	0.06588
ACT	TCT	AT	1.32985	0.00487	0.00880	-1.32985	0.01839	0.00880
ACT	CCT	AC	0.15557	0.01331	0.01438	-0.15557	0.01556	0.01438
ACT	ATT	CT	1.47326	0.02447	0.04677	-1.47326	0.10678	0.04677
ACC	TCC	AT	0.66309	0.01313	0.01795	-0.66309	0.02547	0.01795
ACC	CCC	AC	-0.56045	0.03592	0.02679	0.56045	0.02051	0.02679
ACC	ATC	CT	0.94480	0.06602	0.10205	-0.94480	0.16982	0.10205
ACC	ACT	CT	0.01430	0.06602	0.06649	-0.01430	0.06697	0.06649
ACA	TCA	AT	0.87724	0.00609	0.00915	-0.87724	0.01465	0.00915
ACA	CCA	AC	-0.12367	0.01668	0.01567	0.12367	0.01474	0.01567
ACA	ATA	CT	0.79739	0.03065	0.04448	-0.79739	0.06804	0.04448
ACA	ACT	AT	0.70257	0.00609	0.00848	-0.70257	0.01230	0.00848
ACA	ACC	AC	0.68828	0.01668	0.02307	-0.68828	0.03319	0.02307
ACG	TCG	AT	0.92341	0.00451	0.00691	-0.92341	0.01136	0.00691
ACG	CCG	AC	-0.79276	0.01235	0.00809	0.79276	0.00559	0.00809
ACG	ATG	CT	1.45384	0.02270	0.04306	-1.45384	0.09713	0.04306
ACG	ACT	GT	0.76964	0.00451	0.00647	-0.76964	0.00974	0.00647
ACG	ACC	GC	0.75534	0.01235	0.01759	-0.75534	0.02628	0.01759
ACG	ACA	GA	0.06706	0.05739	0.05934	-0.06706	0.06137	0.05934
AAT	TAT	AT	0.43560	0.01066	0.01315	-0.43560	0.01649	0.01315
AAT	CAT	AC	-0.80585	0.02918	0.01899	0.80585	0.01304	0.01899
AAT	ATT	AT	0.60948	0.01066	0.01424	-0.60948	0.01962	0.01424
AAT	ACT	AC	-0.86378	0.02918	0.01837	0.86378	0.01230	0.01837
AAC	TAC	AT	0.80802	0.01784	0.02600	-0.80802	0.04002	0.02600
AAC	CAC	AC	-0.60939	0.04881	0.03544	0.60939	0.02654	0.03544
AAC	ATC	AT	0.55910	0.01784	0.02328	-0.55910	0.03120	0.02328
AAC	ACC	AC	-0.38570	0.04881	0.04000	0.38570	0.03319	0.04000
AAC	AAT	CT	0.49238	0.08971	0.11361	-0.49238	0.14679	0.11361
AAA	CAA	AC	-0.53638	0.03180	0.02403	0.53638	0.01860	0.02403
AAA	ATA	AT	0.07275	0.01162	0.01205	-0.07275	0.01250	0.01205
AAA	ACA	AC	-0.72464	0.03180	0.02166	0.72464	0.01541	0.02166
AAA	AAT	AT	0.84171	0.01162	0.01719	-0.84171	0.02697	0.01719
AAA	AAC	AC	0.34933	0.03180	0.03768	-0.34933	0.04510	0.03768
AAG	CAG	AC	0.17115	0.03129	0.03404	-0.17115	0.03713	0.03404
AAG	ATG	AT	0.44510	0.01143	0.01417	-0.44510	0.01784	0.01417
AAG	ACG	AC	-1.00874	0.03129	0.01812	1.00874	0.01141	0.01812
AAG	AAT	GT	0.62468	0.01143	0.01537	-0.62468	0.02135	0.01537
AAG	AAC	GC	0.13230	0.03129	0.03340	-0.13230	0.03571	0.03340
AAG	AAA	GA	-0.21704	0.14542	0.13021	0.21704	0.11705	0.13021
AGT	TGT	AT	0.14420	0.00857	0.00920	-0.14420	0.00989	0.00920
AGT	CGT	AC	-2.03288	0.02344	0.00718	2.03288	0.00307	0.00718
AGT	ATT	GT	0.59526	0.00857	0.01137	-0.59526	0.01553	0.01137
AGT	ACT	GC	-0.87800	0.02344	0.01464	0.87800	0.00974	0.01464
AGT	AAT	GA	-0.01422	0.10894	0.10817	0.01422	0.10740	0.10817
AGC	TGC	AT	0.64357	0.01269	0.01721	-0.64357	0.02415	0.01721
AGC	CGC	AC	-0.97982	0.03473	0.02045	0.97982	0.01304	0.02045
AGC	ATC	GT	0.66609	0.01269	0.01738	-0.66609	0.02470	0.01738
AGC	ACC	GC	-0.27871	0.03473	0.03011	0.27871	0.02628	0.03011
AGC	AAC	GA	0.10699	0.16141	0.17020	-0.10699	0.17964	0.17020
AGC	AGT	CT	0.61358	0.06383	0.08540	-0.61358	0.11790	0.08540
AGA	CGA	AC	-1.57089	0.01453	0.00599	1.57089	0.00302	0.00599
AGA	ATA	GT	0.62257	0.00531	0.00713	-0.62257	0.00990	0.00713
AGA	ACA	GC	-0.17481	0.01453	0.01330	0.17481	0.01220	0.01330
AGA	AAA	GA	0.54983	0.06754	0.08780	-0.54983	0.11705	0.08780
AGA	AGT	AT	1.40576	0.00531	0.00989	-1.40576	0.02166	0.00989
AGA	AGC	AC	0.79218	0.01453	0.02104	-0.79218	0.03209	0.02104
AGG	TGG	AT	1.25975	0.00610	0.01073	-1.25975	0.02151	0.01073
AGG	CGG	AC	-0.60879	0.01670	0.01213	0.60879	0.00909	0.01213
AGG	ATG	GT	0.83936	0.00610	0.00902	-0.83936	0.01413	0.00902
AGG	ACG	GC	-0.61448	0.01670	0.01209	0.61448	0.00904	0.01209
AGG	AAG	GA	0.39426	0.07763	0.09393	-0.39426	0.11515	0.09393
AGG	AGT	GT	1.03315	0.00610	0.00979	-1.03315	0.01715	0.00979
AGG	AGC	GC	0.41957	0.01670	0.02045	-0.41957	0.02541	0.02045
AGG	AGA	GA	-0.37261	0.07763	0.06406	0.37261	0.05348	0.06406
GTT	TTT	GT	1.22213	0.00519	0.00899	-1.22213	0.01761	0.00899
GTT	CTT	GC	-0.61356	0.01420	0.01029	0.61356	0.00769	0.01029
GTT	ATT	GA	0.16864	0.06600	0.07172	-0.16864	0.07813	0.07172
GTC	TTC	GT	1.11969	0.00889	0.01478	-1.11969	0.02725	0.01478
GTC	CTC	GC	-0.26258	0.02434	0.02128	0.26258	0.01872	0.02128
GTC	ATC	GA	0.09386	0.11312	0.11851	-0.09386	0.12425	0.11851
GTC	GTT	CT	0.46797	0.04474	0.05602	-0.46797	0.07143	0.05602
GTA	TTA	GT	0.77928	0.00278	0.00400	-0.77928	0.00606	0.00400
GTA	CTA	GC	-0.67534	0.00761	0.00533	0.67534	0.00387	0.00533
GTA	ATA	GA	0.34175	0.03537	0.04176	-0.34175	0.04978	0.04176
GTA	GTT	AT	1.55155	0.00278	0.00547	-1.55155	0.01312	0.00547
GTA	GTC	AC	1.08357	0.00761	0.01246	-1.08357	0.02249	0.01246
GTG	TTG	GT	-0.40362	0.01403	0.01139	0.40362	0.00937	0.01139
GTG	CTG	GC	-0.27889	0.03841	0.03330	0.27889	0.02906	0.03330
GTG	ATG	GA	-0.92105	0.17851	0.10875	0.92105	0.07107	0.10875
GTG	GTT	GT	-0.30064	0.01403	0.01203	0.30064	0.01039	0.01203
GTG	GTC	GC	-0.76861	0.03841	0.02552	0.76861	0.01781	0.02552
GTG	GTA	GA	-1.85218	0.17851	0.06153	1.85218	0.02801	0.06153
GCT	TCT	GT	1.13806	0.00467	0.00782	-1.13806	0.01456	0.00782
GCT	CCT	GC	-0.03622	0.01277	0.01254	0.03622	0.01232	0.01254
GCT	ACT	GA	-0.19179	0.05936	0.05385	0.19179	0.04900	0.05385
GCT	GTT	CT	1.11282	0.02347	0.03891	-1.11282	0.07143	0.03891
GCC	TCC	GT	0.42418	0.01320	0.01619	-0.42418	0.02017	0.01619
GCC	CCC	GC	-0.79936	0.03612	0.02359	0.79936	0.01624	0.02359
GCC	ACC	GA	-0.23891	0.16787	0.14861	0.23891	0.13219	0.14861
GCC	GTC	CT	0.61202	0.06639	0.08876	-0.61202	0.12243	0.08876
GCC	GCT	CT	-0.03283	0.06639	0.06530	0.03283	0.06424	0.06530
GCA	TCA	GT	0.71114	0.00570	0.00796	-0.71114	0.01160	0.00796
GCA	CCA	GC	-0.28977	0.01559	0.01344	0.28977	0.01167	0.01344
GCA	ACA	GA	-0.16611	0.07246	0.06661	0.16611	0.06137	0.06661
GCA	GTA	CT	0.28953	0.02866	0.03300	-0.28953	0.03828	0.03300
GCA	GCT	AT	0.72826	0.00570	0.00802	-0.72826	0.01180	0.00802
GCA	GCC	AC	0.76108	0.01559	0.02227	-0.76108	0.03337	0.02227
GCG	TCG	GT	1.17057	0.00279	0.00474	-1.17057	0.00900	0.00474
GCG	CCG	GC	-0.54559	0.00764	0.00574	0.54559	0.00443	0.00574
GCG	ACG	GA	0.24716	0.03549	0.04006	-0.24716	0.04544	0.04006
GCG	GTG	CT	2.62205	0.01404	0.03969	-2.62205	0.19319	0.03969
GCG	GCT	GT	1.20859	0.00279	0.00481	-1.20859	0.00934	0.00481
GCG	GCC	GC	1.24141	0.00764	0.01333	-1.24141	0.02643	0.01333
GCG	GCA	GA	0.48033	0.03549	0.04470	-0.48033	0.05738	0.04470
GAT	TAT	GT	-0.05017	0.01373	0.01338	0.05017	0.01305	0.01338
GAT	CAT	GC	-1.29162	0.03756	0.01839	1.29162	0.01032	0.01839
GAT	AAT	GA	-0.48577	0.17457	0.13559	0.48577	0.10740	0.13559
GAT	GTT	AT	-0.04494	0.01373	0.01342	0.04494	0.01312	0.01342
GAT	GCT	AC	-1.15776	0.03756	0.01992	1.15776	0.01180	0.01992
GAC	TAC	GT	0.76588	0.01473	0.02109	-0.76588	0.03169	0.02109
GAC	CAC	GC	-0.65154	0.04031	0.02860	0.65154	0.02101	0.02860
GAC	AAC	GA	-0.04214	0.18737	0.18345	0.04214	0.17964	0.18345
GAC	GTC	AT	0.42310	0.01473	0.01807	-0.42310	0.02249	0.01807
GAC	GCC	AC	-0.18893	0.04031	0.03663	0.18893	0.03337	0.03663
GAC	GAT	CT	0.93601	0.07410	0.11411	-0.93601	0.18893	0.11411
GAA	CAA	GC	-0.58019	0.02631	0.01941	0.58019	0.01473	0.01941
GAA	AAA	GA	-0.04381	0.12229	0.11963	0.04381	0.11705	0.11963
GAA	GTA	AT	-0.31281	0.00961	0.00819	0.31281	0.00703	0.00819
GAA	GCA	AC	-0.60235	0.02631	0.01918	0.60235	0.01441	0.01918
GAA	GAT	AT	1.28367	0.00961	0.01707	-1.28367	0.03471	0.01707
GAA	GAC	AC	0.34767	0.02631	0.03115	-0.34767	0.03725	0.03115
GAG	CAG	GC	-0.25829	0.03806	0.03336	0.25829	0.02940	0.03336
GAG	AAG	GA	-0.42944	0.17691	0.14163	0.42944	0.11515	0.14163
GAG	GTG	AT	0.93670	0.01391	0.02143	-0.93670	0.03549	0.02143
GAG	GCG	AC	-1.68535	0.03806	0.01460	1.68535	0.00706	0.01460
GAG	GAT	GT	0.68100	0.01391	0.01918	-0.68100	0.02748	0.01918
GAG	GAC	GC	-0.25500	0.03806	0.03342	0.25500	0.02950	0.03342
GAG	GAA	GA	-0.60267	0.17691	0.12892	0.60267	0.09683	0.12892
GGT	TGT	GT	0.50255	0.00474	0.00603	-0.50255	0.00783	0.00603
GGT	CGT	GC	-1.67453	0.01297	0.00501	1.67453	0.00243	0.00501
GGT	AGT	GA	0.35835	0.06028	0.07173	-0.35835	0.08626	0.07173
GGT	GTT	GT	0.78496	0.00474	0.00684	-0.78496	0.01039	0.00684
GGT	GCT	GC	-0.32786	0.01297	0.01096	0.32786	0.00934	0.01096
GGT	GAT	GA	0.82990	0.06028	0.08872	-0.82990	0.13823	0.08872
GGC	TGC	GT	0.38162	0.01306	0.01571	-0.38162	0.01913	0.01571
GGC	CGC	GC	-1.24177	0.03574	0.01803	1.24177	0.01032	0.01803
GGC	AGC	GA	-0.26195	0.16608	0.14528	0.26195	0.12781	0.14528
GGC	GTC	GT	0.31027	0.01306	0.01519	-0.31027	0.01781	0.01519
GGC	GCC	GC	-0.30175	0.03574	0.03061	0.30175	0.02643	0.03061
GGC	GAC	GA	-0.11282	0.16608	0.15689	0.11282	0.14836	0.15689
GGC	GGT	CT	-0.00672	0.06568	0.06546	0.00672	0.06524	0.06546
GGA	CGA	GC	-2.62228	0.03293	0.00676	2.62228	0.00239	0.00676
GGA	AGA	GA	-1.05139	0.15304	0.08643	1.05139	0.05348	0.08643
GGA	GTA	GT	-0.77056	0.01203	0.00799	0.77056	0.00557	0.00799
GGA	GCA	GC	-1.06009	0.03293	0.01850	1.06009	0.01141	0.01850
GGA	GAA	GA	-0.45775	0.15304	0.12068	0.45775	0.09683	0.12068
GGA	GGT	AT	-0.00398	0.01203	0.01201	0.00398	0.01198	0.01201
GGA	GGC	AC	0.00274	0.03293	0.03297	-0.00274	0.03302	0.03297
GGG	TGG	GT	0.30200	0.01259	0.01459	-0.30200	0.01703	0.01459
GGG	CGG	GC	-1.56654	0.03446	0.01425	1.56654	0.00720	0.01425
GGG	AGG	GA	-0.95775	0.16018	0.09553	0.95775	0.06147	0.09553
GGG	GTG	GT	0.80265	0.01259	0.01832	-0.80265	0.02810	0.01832
GGG	GCG	GC	-1.81940	0.03446	0.01213	1.81940	0.00559	0.01213
GGG	GAG	GA	-0.13405	0.16018	0.14968	0.13405	0.14008	0.14968
GGG	GGT	GT	-0.28295	0.01259	0.01090	0.28295	0.00949	0.01090
GGG	GGC	GC	-0.27623	0.03446	0.02992	0.27623	0.02615	0.02992
GGG	GGA	GA	-0.27897	0.16018	0.13887	0.27897	0.12119	0.13887


Histograms
2Ns	FMut	FSub(CodonUsage)	FSubw(after w)

-2.75119	0.02037	0.00432
-2.47608	0.00000	0.00000
-2.20096	0.01279	0.00389
-1.92584	0.02605	0.00995
-1.65072	0.01925	0.00857
-1.37560	0.06399	0.03357
-1.10048	0.07170	0.04359
-0.82536	0.10050	0.07134
-0.55024	0.13298	0.11209
-0.27512	0.11884	0.11570
0.00000	0.17314	0.19398
0.27512	0.09021	0.11570
0.55024	0.07710	0.11209
0.82536	0.04284	0.07134
1.10048	0.02340	0.04359
1.37560	0.01634	0.03357
1.65072	0.00377	0.00857
1.92584	0.00401	0.00995
2.20096	0.00140	0.00389
2.47608	0.00000	0.00000
2.75119	0.00132	0.00432

Proportion of advantageous (S > 0) mutations:
 0.34369

Proportions of good & bad mutations (|S| > 2.0000) among mutations:
0.00286  0.03428

mean |Ns| = 0.70913	mean Ns+ = 0.51728	mean Ns- = -0.80960


MLEs of dN/dS (w) for site classes (K=4)

site class             0        1       2a       2b
proportion       0.91695  0.07295  0.00935  0.00074
background w     0.04393  1.00000  0.04393  1.00000
foreground w     0.04393  1.00000  1.00000  1.00000

Naive Empirical Bayes (NEB) probabilities for 4 classes
(amino acids refer to 1st sequence: Bacu)

   1 -   0.96877 0.02254 0.00846 0.00023 ( 1)
   2 -   0.97074 0.02067 0.00838 0.00021 ( 1)
   3 -   0.96726 0.02395 0.00855 0.00024 ( 1)
   4 -   0.97093 0.02048 0.00838 0.00021 ( 1)
   5 -   0.96223 0.02879 0.00868 0.00029 ( 1)
   6 -   0.97145 0.01999 0.00835 0.00020 ( 1)
   7 -   0.95456 0.03621 0.00887 0.00037 ( 1)
   8 -   0.96284 0.02821 0.00866 0.00029 ( 1)
   9 -   0.95961 0.03132 0.00875 0.00032 ( 1)
  10 -   0.96551 0.02565 0.00857 0.00026 ( 1)
  11 -   0.96953 0.02182 0.00843 0.00022 ( 1)
  12 -   0.97093 0.02049 0.00838 0.00021 ( 1)
  13 -   0.97605 0.01565 0.00815 0.00016 ( 1)
  14 -   0.97213 0.01935 0.00833 0.00020 ( 1)
  15 -   0.96091 0.03007 0.00871 0.00031 ( 1)
  16 -   0.97530 0.01636 0.00817 0.00017 ( 1)
  17 -   0.97453 0.01703 0.00827 0.00017 ( 1)
  18 -   0.95545 0.03533 0.00886 0.00036 ( 1)
  19 -   0.62756 0.36317 0.00556 0.00370 ( 1)
  20 -   0.96284 0.02821 0.00866 0.00029 ( 1)
  21 M   0.79134 0.20031 0.00631 0.00204 ( 1)
  22 S   0.96296 0.02810 0.00866 0.00029 ( 1)
  23 G   0.96531 0.02583 0.00859 0.00026 ( 1)
  24 S   0.97554 0.01612 0.00818 0.00016 ( 1)
  25 Y   0.96545 0.02570 0.00859 0.00026 ( 1)
  26 S   0.96311 0.02795 0.00866 0.00029 ( 1)
  27 P   0.96368 0.02740 0.00864 0.00028 ( 1)
  28 G   0.97072 0.02067 0.00840 0.00021 ( 1)
  29 Y   0.96545 0.02570 0.00859 0.00026 ( 1)
  30 A   0.96752 0.02372 0.00852 0.00024 ( 1)
  31 K   0.97207 0.01940 0.00834 0.00020 ( 1)
  32 I   0.96830 0.02298 0.00849 0.00023 ( 1)
  33 N   0.97218 0.01928 0.00834 0.00020 ( 1)
  34 K   0.97207 0.01940 0.00834 0.00020 ( 1)
  35 R   0.97754 0.01425 0.00806 0.00015 ( 1)
  36 G   0.96493 0.02612 0.00869 0.00027 ( 1)
  37 G   0.97875 0.01310 0.00802 0.00013 ( 1)
  38 A   0.97224 0.01923 0.00833 0.00020 ( 1)
  39 G   0.96491 0.02615 0.00867 0.00027 ( 1)
  40 G   0.95986 0.03108 0.00875 0.00032 ( 1)
  41 W   0.95007 0.04055 0.00896 0.00041 ( 1)
  42 S   0.96309 0.02796 0.00866 0.00029 ( 1)
  43 P   0.96225 0.02877 0.00868 0.00029 ( 1)
  44 S   0.95537 0.03541 0.00886 0.00036 ( 1)
  45 D   0.97532 0.01633 0.00819 0.00017 ( 1)
  46 S   0.96974 0.02161 0.00844 0.00022 ( 1)
  47 D   0.97532 0.01633 0.00819 0.00017 ( 1)
  48 H   0.97115 0.02026 0.00838 0.00021 ( 1)
  49 Y   0.96543 0.02572 0.00859 0.00026 ( 1)
  50 Q   0.95642 0.03439 0.00883 0.00035 ( 1)
  51 W   0.95007 0.04055 0.00896 0.00041 ( 1)
  52 L   0.97169 0.01975 0.00836 0.00020 ( 1)
  53 Q   0.95225 0.03843 0.00892 0.00039 ( 1)
  54 V   0.97045 0.02093 0.00841 0.00021 ( 1)
  55 D   0.97532 0.01633 0.00819 0.00017 ( 1)
  56 F   0.95745 0.03340 0.00881 0.00034 ( 1)
  57 G   0.97071 0.02069 0.00840 0.00021 ( 1)
  58 N   0.08794 0.90210 0.00075 0.00920 ( 2)
  59 R   0.97753 0.01426 0.00806 0.00015 ( 1)
  60 K   0.68121 0.30979 0.00585 0.00316 ( 1)
  61 Q   0.95225 0.03843 0.00892 0.00039 ( 1)
  62 I   0.96828 0.02299 0.00849 0.00023 ( 1)
  63 S   0.96974 0.02161 0.00844 0.00022 ( 1)
  64 A   0.96750 0.02374 0.00852 0.00024 ( 1)
  65 I   0.74255 0.24878 0.00613 0.00254 ( 1)
  66 A   0.96936 0.02196 0.00845 0.00022 ( 1)
  67 T   0.96936 0.02197 0.00845 0.00022 ( 1)
  68 Q   0.95642 0.03439 0.00883 0.00035 ( 1)
  69 G   0.95995 0.03098 0.00875 0.00032 ( 1)
  70 R   0.98054 0.01147 0.00787 0.00012 ( 1)
  71 Y   0.96196 0.02905 0.00869 0.00030 ( 1)
  72 S   0.97552 0.01614 0.00818 0.00016 ( 1)
  73 S   0.97552 0.01614 0.00818 0.00016 ( 1)
  74 S   0.95537 0.03541 0.00886 0.00036 ( 1)
  75 D   0.97532 0.01633 0.00819 0.00017 ( 1)
  76 W   0.95007 0.04055 0.00896 0.00041 ( 1)
  77 V   0.95479 0.03597 0.00887 0.00037 ( 1)
  78 T   0.96936 0.02197 0.00845 0.00022 ( 1)
  79 Q   0.95642 0.03439 0.00883 0.00035 ( 1)
  80 Y   0.96196 0.02905 0.00869 0.00030 ( 1)
  81 R   0.97804 0.01379 0.00803 0.00014 ( 1)
  82 M   0.77945 0.21189 0.00649 0.00216 ( 1)
  83 L   0.96576 0.02540 0.00858 0.00026 ( 1)
  84 Y   0.96196 0.02905 0.00869 0.00030 ( 1)
  85 S   0.97534 0.01628 0.00821 0.00017 ( 1)
  86 D   0.97532 0.01633 0.00819 0.00017 ( 1)
  87 T   0.96955 0.02178 0.00844 0.00022 ( 1)
  88 G   0.96518 0.02597 0.00859 0.00026 ( 1)
  89 R   0.98044 0.01157 0.00787 0.00012 ( 1)
  90 N   0.97310 0.01843 0.00829 0.00019 ( 1)
  91 W   0.94996 0.04066 0.00896 0.00041 ( 1)
  92 K   0.96889 0.02242 0.00846 0.00023 ( 1)
  93 P   0.96962 0.02173 0.00843 0.00022 ( 1)
  94 Y   0.96184 0.02917 0.00869 0.00030 ( 1)
  95 H   0.97104 0.02038 0.00838 0.00021 ( 1)
  96 Q   0.95631 0.03451 0.00883 0.00035 ( 1)
  97 D   0.60737 0.38330 0.00542 0.00391 ( 1)
  98 G   0.96509 0.02605 0.00859 0.00027 ( 1)
  99 N   0.97310 0.01843 0.00829 0.00019 ( 1)
 100 I   0.96816 0.02311 0.00849 0.00024 ( 1)
 101 W   0.94837 0.04197 0.00924 0.00043 ( 1)
 102 A   0.96619 0.02470 0.00886 0.00025 ( 1)
 103 F   0.95635 0.03439 0.00891 0.00035 ( 1)
 104 P   0.96250 0.02844 0.00876 0.00029 ( 1)
 105 G   0.96579 0.02521 0.00874 0.00026 ( 1)
 106 N   0.97100 0.02029 0.00850 0.00021 ( 1)
 107 V   0.08413 0.90590 0.00073 0.00924 ( 2)
 108 N   0.97148 0.01981 0.00850 0.00020 ( 1)
 109 S   0.96559 0.02545 0.00870 0.00026 ( 1)
 110 D   0.96408 0.02690 0.00874 0.00027 ( 1)
 111 S   0.96967 0.02161 0.00850 0.00022 ( 1)
 112 V   0.95419 0.03648 0.00896 0.00037 ( 1)
 113 V   0.96977 0.02145 0.00856 0.00022 ( 1)
 114 R   0.97897 0.01276 0.00815 0.00013 ( 1)
 115 H   0.97049 0.02076 0.00854 0.00021 ( 1)
 116 D   0.96408 0.02690 0.00874 0.00027 ( 1)
 117 L   0.96232 0.02860 0.00878 0.00029 ( 1)
 118 Q   0.95168 0.03892 0.00901 0.00040 ( 1)
 119 H   0.97047 0.02078 0.00854 0.00021 ( 1)
 120 P   0.96158 0.02932 0.00880 0.00030 ( 1)
 121 V   0.70908 0.28189 0.00615 0.00288 ( 1)
 122 I   0.96723 0.02386 0.00867 0.00024 ( 1)
 123 A   0.96682 0.02427 0.00866 0.00025 ( 1)
 124 R   0.97738 0.01424 0.00823 0.00015 ( 1)
 125 Y   0.57402 0.36752 0.05471 0.00375 ( 1)
 126 V   0.53028 0.46005 0.00498 0.00469 ( 1)
 127 R   0.97738 0.01424 0.00823 0.00015 ( 1)
 128 I   0.00172 0.98482 0.00341 0.01005 ( 2)
 129 V   0.95419 0.03648 0.00896 0.00037 ( 1)
 130 P   0.96303 0.02792 0.00877 0.00028 ( 1)
 131 L   0.93918 0.05112 0.00918 0.00052 ( 1)
 132 D   0.96415 0.02683 0.00874 0.00027 ( 1)
 133 W   0.94952 0.04102 0.00904 0.00042 ( 1)
 134 N   0.97151 0.01979 0.00850 0.00020 ( 1)
 135 G   0.95921 0.03161 0.00886 0.00032 ( 1)
 136 E   0.97488 0.01660 0.00836 0.00017 ( 1)
 137 G   0.97002 0.02121 0.00855 0.00022 ( 1)
 138 R   0.97738 0.01424 0.00823 0.00015 ( 1)
 139 I   0.00308 0.98683 0.00003 0.01007 ( 2)
 140 G   0.96460 0.02641 0.00872 0.00027 ( 1)
 141 L   0.96509 0.02593 0.00871 0.00026 ( 1)
 142 R   0.97988 0.01191 0.00809 0.00012 ( 1)
 143 I   0.57247 0.36882 0.05495 0.00376 ( 1)
 144 E   0.97048 0.02077 0.00854 0.00021 ( 1)
 145 V   0.67954 0.31135 0.00594 0.00318 ( 1)
 146 Y   0.96143 0.02948 0.00879 0.00030 ( 1)
 147 G   0.97002 0.02121 0.00855 0.00022 ( 1)
 148 C   0.97034 0.02090 0.00854 0.00021 ( 1)
 149 S   0.96243 0.02849 0.00878 0.00029 ( 1)
 150 Y   0.96131 0.02958 0.00881 0.00030 ( 1)
 151 W   0.94996 0.04066 0.00896 0.00041 ( 1)
 152 A   0.97333 0.01815 0.00834 0.00019 ( 1)
 153 D   0.96590 0.02523 0.00862 0.00026 ( 1)
 154 V   0.97156 0.01982 0.00842 0.00020 ( 1)
 155 I   0.96941 0.02187 0.00850 0.00022 ( 1)
 156 N   0.97326 0.01821 0.00834 0.00019 ( 1)
 157 F   0.95857 0.03229 0.00882 0.00033 ( 1)
 158 D   0.96590 0.02523 0.00862 0.00026 ( 1)
 159 G   0.97835 0.01339 0.00812 0.00014 ( 1)
 160 H   0.97225 0.01916 0.00839 0.00020 ( 1)
 161 V   0.97170 0.01972 0.00838 0.00020 ( 1)
 162 V   0.95588 0.03489 0.00888 0.00036 ( 1)
 163 L   0.96412 0.02693 0.00867 0.00027 ( 1)
 164 P   0.96352 0.02750 0.00870 0.00028 ( 1)
 165 Y   0.96657 0.02458 0.00860 0.00025 ( 1)
 166 R   0.98143 0.01058 0.00788 0.00011 ( 1)
 167 F   0.96230 0.02869 0.00872 0.00029 ( 1)
 168 R   0.98143 0.01058 0.00788 0.00011 ( 1)
 169 N   0.97326 0.01821 0.00834 0.00019 ( 1)
 170 K   0.97314 0.01832 0.00835 0.00019 ( 1)
 171 K   0.97314 0.01832 0.00835 0.00019 ( 1)
 172 M   0.98204 0.01003 0.00783 0.00010 ( 1)
 173 K   0.97016 0.02115 0.00847 0.00022 ( 1)
 174 T   0.97067 0.02067 0.00845 0.00021 ( 1)
 175 L   0.94038 0.04998 0.00914 0.00051 ( 1)
 176 K   0.97035 0.02100 0.00844 0.00021 ( 1)
 177 D   0.96601 0.02511 0.00862 0.00026 ( 1)
 178 V   0.97354 0.01794 0.00833 0.00018 ( 1)
 179 I   0.96581 0.02532 0.00862 0.00026 ( 1)
 180 A   0.61431 0.26240 0.12062 0.00268 ( 1)
 181 L   0.96078 0.03014 0.00876 0.00031 ( 1)
 182 K   0.97014 0.02118 0.00847 0.00022 ( 1)
 183 F   0.95857 0.03229 0.00882 0.00033 ( 1)
 184 K   0.97014 0.02118 0.00847 0.00022 ( 1)
 185 T   0.97048 0.02085 0.00846 0.00021 ( 1)
 186 S   0.96724 0.02395 0.00857 0.00024 ( 1)
 187 E   0.97658 0.01508 0.00818 0.00015 ( 1)
 188 S   0.97085 0.02049 0.00845 0.00021 ( 1)
 189 E   0.97658 0.01508 0.00818 0.00015 ( 1)
 190 G   0.96642 0.02470 0.00863 0.00025 ( 1)
 191 V   0.97746 0.01426 0.00813 0.00015 ( 1)
 192 L   0.00353 0.98638 0.00003 0.01006 ( 2)
 193 L   0.96040 0.03044 0.00885 0.00031 ( 1)
 194 H   0.97427 0.01726 0.00829 0.00018 ( 1)
 195 G   0.96644 0.02471 0.00860 0.00025 ( 1)
 196 E   0.97658 0.01508 0.00818 0.00015 ( 1)
 197 G   0.96099 0.02995 0.00876 0.00031 ( 1)
 198 Q   0.95330 0.03738 0.00893 0.00038 ( 1)
 199 Q   0.95753 0.03329 0.00884 0.00034 ( 1)
 200 G   0.96644 0.02471 0.00860 0.00025 ( 1)
 201 D   0.96590 0.02523 0.00862 0.00026 ( 1)
 202 Y   0.96657 0.02458 0.00860 0.00025 ( 1)
 203 I   0.96551 0.02562 0.00861 0.00026 ( 1)
 204 T   0.09281 0.89725 0.00079 0.00915 ( 2)
 205 L   0.96078 0.03014 0.00876 0.00031 ( 1)
 206 E   0.97658 0.01508 0.00818 0.00015 ( 1)
 207 L   0.94038 0.04998 0.00914 0.00051 ( 1)
 208 K   0.68327 0.30762 0.00597 0.00314 ( 1)
 209 K   0.97014 0.02118 0.00847 0.00022 ( 1)
 210 A   0.96864 0.02261 0.00853 0.00023 ( 1)
 211 K   0.69386 0.29716 0.00595 0.00303 ( 1)
 212 L   0.94038 0.04998 0.00914 0.00051 ( 1)
 213 V   0.97354 0.01794 0.00833 0.00018 ( 1)
 214 F   0.96230 0.02869 0.00872 0.00029 ( 1)
 215 S   0.97085 0.02049 0.00845 0.00021 ( 1)
 216 L   0.96412 0.02693 0.00867 0.00027 ( 1)
 217 N   0.97326 0.01821 0.00834 0.00019 ( 1)
 218 L   0.96787 0.02334 0.00855 0.00024 ( 1)
 219 G   0.96040 0.03053 0.00875 0.00031 ( 1)
 220 S   0.97597 0.01569 0.00818 0.00016 ( 1)
 221 N   0.97270 0.01877 0.00834 0.00019 ( 1)
 222 Q   0.95276 0.03793 0.00893 0.00039 ( 1)
 223 L   0.97162 0.01973 0.00844 0.00020 ( 1)
 224 G   0.97125 0.02015 0.00840 0.00021 ( 1)
 225 P   0.97032 0.02103 0.00844 0.00021 ( 1)
 226 I   0.97708 0.01455 0.00823 0.00015 ( 1)
 227 Y   0.96611 0.02505 0.00859 0.00026 ( 1)
 228 G   0.97136 0.02003 0.00840 0.00020 ( 1)
 229 H   0.97392 0.01761 0.00829 0.00018 ( 1)
 230 T   0.97061 0.02075 0.00843 0.00021 ( 1)
 231 S   0.96693 0.02426 0.00857 0.00025 ( 1)
 232 V   0.95543 0.03534 0.00888 0.00036 ( 1)
 233 T   0.00028 0.98957 0.00005 0.01009 ( 2)
 234 T   0.97021 0.02112 0.00845 0.00022 ( 1)
 235 G   0.96052 0.03041 0.00876 0.00031 ( 1)
 236 S   0.97040 0.02095 0.00844 0.00021 ( 1)
 237 L   0.94005 0.05030 0.00914 0.00051 ( 1)
 238 L   0.94005 0.05030 0.00914 0.00051 ( 1)
 239 D   0.96543 0.02570 0.00862 0.00026 ( 1)
 240 D   0.96685 0.02427 0.00863 0.00025 ( 1)
 241 H   0.97392 0.01761 0.00829 0.00018 ( 1)
 242 H   0.97392 0.01761 0.00829 0.00018 ( 1)
 243 W   0.95067 0.03995 0.00897 0.00041 ( 1)
 244 H   0.97392 0.01761 0.00829 0.00018 ( 1)
 245 S   0.96377 0.02729 0.00867 0.00028 ( 1)
 246 V   0.95543 0.03534 0.00888 0.00036 ( 1)
 247 V   0.97310 0.01838 0.00833 0.00019 ( 1)
 248 I   0.96495 0.02615 0.00863 0.00027 ( 1)
 249 E   0.97182 0.01960 0.00838 0.00020 ( 1)
 250 R   0.97861 0.01321 0.00804 0.00013 ( 1)
 251 Q   0.95287 0.03782 0.00893 0.00039 ( 1)
 252 G   0.97136 0.02003 0.00840 0.00020 ( 1)
 253 R   0.98016 0.01179 0.00794 0.00012 ( 1)
 254 S   0.72707 0.26414 0.00609 0.00269 ( 1)
 255 L   0.64652 0.34430 0.00567 0.00351 ( 1)
 256 N   0.97281 0.01866 0.00834 0.00019 ( 1)
 257 L   0.96644 0.02473 0.00858 0.00025 ( 1)
 258 T   0.97012 0.02121 0.00846 0.00022 ( 1)
 259 L   0.94005 0.05030 0.00914 0.00051 ( 1)
 260 D   0.97593 0.01572 0.00819 0.00016 ( 1)
 261 R   0.98105 0.01096 0.00787 0.00011 ( 1)
 262 S   0.97613 0.01553 0.00818 0.00016 ( 1)
 263 T   0.97053 0.02082 0.00843 0.00021 ( 1)
 264 Q   0.95287 0.03782 0.00893 0.00039 ( 1)
 265 H   0.97392 0.01761 0.00829 0.00018 ( 1)
 266 F   0.96183 0.02915 0.00872 0.00030 ( 1)
 267 R   0.97861 0.01321 0.00804 0.00013 ( 1)
 268 T   0.97002 0.02131 0.00846 0.00022 ( 1)
 269 N   0.97360 0.01792 0.00830 0.00018 ( 1)
 270 G   0.96602 0.02513 0.00860 0.00026 ( 1)
 271 E   0.97182 0.01960 0.00838 0.00020 ( 1)
 272 F   0.96171 0.02928 0.00872 0.00030 ( 1)
 273 D   0.97593 0.01572 0.00819 0.00016 ( 1)
 274 Y   0.96263 0.02838 0.00870 0.00029 ( 1)
 275 L   0.94005 0.05030 0.00914 0.00051 ( 1)
 276 D   0.96543 0.02570 0.00862 0.00026 ( 1)
 277 L   0.96032 0.03061 0.00876 0.00031 ( 1)
 278 D   0.97593 0.01572 0.00819 0.00016 ( 1)
 279 Y   0.96574 0.02537 0.00863 0.00026 ( 1)
 280 E   0.97182 0.01960 0.00838 0.00020 ( 1)
 281 I   0.97406 0.01720 0.00856 0.00018 ( 1)
 282 T   0.96605 0.02488 0.00882 0.00025 ( 1)
 283 F   0.95437 0.03621 0.00905 0.00037 ( 1)
 284 G   0.95670 0.03394 0.00901 0.00035 ( 1)
 285 G   0.96740 0.02357 0.00878 0.00024 ( 1)
 286 I   0.97426 0.01701 0.00856 0.00017 ( 1)
 287 P   0.96041 0.03034 0.00894 0.00031 ( 1)
 288 F   0.95796 0.03271 0.00899 0.00033 ( 1)
 289 S   0.96113 0.02969 0.00887 0.00030 ( 1)
 290 G   0.97596 0.01539 0.00849 0.00016 ( 1)
 291 K   0.96852 0.02246 0.00879 0.00023 ( 1)
 292 P   0.95901 0.03170 0.00897 0.00032 ( 1)
 293 S   0.96643 0.02451 0.00881 0.00025 ( 1)
 294 S   0.96297 0.02786 0.00889 0.00028 ( 1)
 295 S   0.97387 0.01779 0.00816 0.00018 ( 1)
 296 S   0.96804 0.02330 0.00842 0.00024 ( 1)
 297 R   0.67131 0.20341 0.12321 0.00207 ( 1)
 298 K   0.97032 0.02114 0.00833 0.00022 ( 1)
 299 N   0.97150 0.02002 0.00827 0.00020 ( 1)
 300 F   0.95939 0.03159 0.00870 0.00032 ( 1)
 301 K   0.07274 0.91727 0.00064 0.00936 ( 2)
 302 G   0.96895 0.02244 0.00838 0.00023 ( 1)
 303 C   0.96941 0.02200 0.00836 0.00022 ( 1)
 304 M   0.97974 0.01232 0.00781 0.00013 ( 1)
 305 E   0.97390 0.01776 0.00816 0.00018 ( 1)
 306 S   0.66391 0.32706 0.00569 0.00334 ( 1)
 307 I   0.96249 0.02861 0.00861 0.00029 ( 1)
 308 N   0.97044 0.02103 0.00832 0.00021 ( 1)
 309 Y   0.96018 0.03082 0.00868 0.00031 ( 1)
 310 N   0.97150 0.02002 0.00827 0.00020 ( 1)
 311 G   0.96895 0.02244 0.00838 0.00023 ( 1)
 312 I   0.96650 0.02477 0.00847 0.00025 ( 1)
 313 N   0.97044 0.02103 0.00832 0.00021 ( 1)
 314 I   0.97582 0.01596 0.00806 0.00016 ( 1)
 315 T   0.97174 0.01980 0.00826 0.00020 ( 1)
 316 D   0.96296 0.02816 0.00859 0.00029 ( 1)
 317 L   0.96408 0.02709 0.00856 0.00028 ( 1)
 318 A   0.96753 0.02380 0.00843 0.00024 ( 1)
 319 R   0.97908 0.01293 0.00786 0.00013 ( 1)
 320 R   0.97832 0.01363 0.00791 0.00014 ( 1)
 321 K   0.97032 0.02114 0.00833 0.00022 ( 1)
 322 K   0.96728 0.02403 0.00844 0.00025 ( 1)
 323 L   0.96494 0.02626 0.00853 0.00027 ( 1)
 324 E   0.97382 0.01783 0.00816 0.00018 ( 1)
 325 P   0.96801 0.02334 0.00842 0.00024 ( 1)
 326 S   0.95369 0.03709 0.00884 0.00038 ( 1)
 327 N   0.97150 0.02002 0.00827 0.00020 ( 1)
 328 V   0.95312 0.03764 0.00885 0.00038 ( 1)
 329 G   0.95927 0.03163 0.00878 0.00032 ( 1)
 330 N   0.97260 0.01888 0.00833 0.00019 ( 1)
 331 L   0.95907 0.03183 0.00878 0.00032 ( 1)
 332 S   0.96914 0.02216 0.00847 0.00023 ( 1)
 333 F   0.96057 0.03038 0.00874 0.00031 ( 1)
 334 T   0.00512 0.98393 0.00092 0.01004 ( 2)
 335 C   0.97056 0.02081 0.00842 0.00021 ( 1)
 336 V   0.04956 0.94039 0.00046 0.00959 ( 2)
 337 E   0.97152 0.01985 0.00843 0.00020 ( 1)
 338 P   0.97014 0.02117 0.00848 0.00022 ( 1)
 339 Y   0.96234 0.02864 0.00873 0.00029 ( 1)
 340 T   0.66497 0.32589 0.00581 0.00332 ( 1)
 341 V   0.97640 0.01514 0.00831 0.00015 ( 1)
 342 P   0.96416 0.02689 0.00868 0.00027 ( 1)
 343 V   0.97271 0.01873 0.00837 0.00019 ( 1)
 344 F   0.95783 0.03300 0.00884 0.00034 ( 1)
 345 F   0.96154 0.02941 0.00875 0.00030 ( 1)
 346 N   0.97352 0.01795 0.00834 0.00018 ( 1)
 347 A   0.97259 0.01883 0.00838 0.00019 ( 1)
 348 T   0.96972 0.02156 0.00850 0.00022 ( 1)
 349 S   0.97010 0.02120 0.00848 0.00022 ( 1)
 350 Y   0.96234 0.02864 0.00873 0.00029 ( 1)
 351 L   0.94033 0.05001 0.00915 0.00051 ( 1)
 352 E   0.97152 0.01985 0.00843 0.00020 ( 1)
 353 V   0.95516 0.03558 0.00890 0.00036 ( 1)
 354 P   0.96520 0.02585 0.00869 0.00026 ( 1)
 355 G   0.96023 0.03067 0.00879 0.00031 ( 1)
 356 R   0.13356 0.85661 0.00109 0.00874 ( 2)
 357 L   0.97204 0.01935 0.00841 0.00020 ( 1)
 358 H   0.97219 0.01922 0.00840 0.00020 ( 1)
 359 Q   0.95554 0.03521 0.00890 0.00036 ( 1)
 360 D   0.97564 0.01595 0.00824 0.00016 ( 1)
 361 L   0.94053 0.04981 0.00915 0.00051 ( 1)
 362 F   0.95783 0.03300 0.00884 0.00034 ( 1)
 363 S   0.95883 0.03203 0.00882 0.00033 ( 1)
 364 V   0.66860 0.32229 0.00582 0.00329 ( 1)
 365 S   0.97020 0.02110 0.00848 0.00022 ( 1)
 366 F   0.96154 0.02941 0.00875 0.00030 ( 1)
 367 Q   0.95261 0.03805 0.00895 0.00039 ( 1)
 368 F   0.96154 0.02941 0.00875 0.00030 ( 1)
 369 R   0.98022 0.01167 0.00798 0.00012 ( 1)
 370 T   0.97379 0.01770 0.00833 0.00018 ( 1)
 371 W   0.95042 0.04018 0.00899 0.00041 ( 1)
 372 N   0.97252 0.01890 0.00839 0.00019 ( 1)
 373 P   0.97014 0.02117 0.00848 0.00022 ( 1)
 374 N   0.09272 0.89734 0.00079 0.00915 ( 2)
 375 G   0.97933 0.01251 0.00803 0.00013 ( 1)
 376 L   0.96615 0.02497 0.00862 0.00025 ( 1)
 377 L   0.94037 0.04997 0.00915 0.00051 ( 1)
 378 L   0.97203 0.01937 0.00841 0.00020 ( 1)
 379 F   0.96154 0.02941 0.00875 0.00030 ( 1)
 380 S   0.97013 0.02118 0.00847 0.00022 ( 1)
 381 H   0.73339 0.25762 0.00636 0.00263 ( 1)
 382 F   0.95770 0.03312 0.00884 0.00034 ( 1)
 383 A   0.98040 0.01153 0.00795 0.00012 ( 1)
 384 D   0.96500 0.02608 0.00865 0.00027 ( 1)
 385 N   0.00432 0.98559 0.00004 0.01005 ( 2)
 386 L   0.95688 0.03399 0.00878 0.00035 ( 1)
 387 G   0.97111 0.02027 0.00841 0.00021 ( 1)
 388 N   0.60507 0.27244 0.11971 0.00278 ( 1)
 389 V   0.95503 0.03570 0.00890 0.00036 ( 1)
 390 E   0.97139 0.01998 0.00843 0.00020 ( 1)
 391 I   0.96453 0.02654 0.00866 0.00027 ( 1)
 392 D   0.97547 0.01613 0.00824 0.00016 ( 1)
 393 L   0.96594 0.02518 0.00862 0.00026 ( 1)
 394 T   0.97357 0.01792 0.00833 0.00018 ( 1)
 395 D   0.97547 0.01613 0.00824 0.00016 ( 1)
 396 S   0.97550 0.01611 0.00823 0.00016 ( 1)
 397 K   0.69198 0.29890 0.00607 0.00305 ( 1)
 398 V   0.97242 0.01901 0.00837 0.00019 ( 1)
 399 S   0.71976 0.27140 0.00607 0.00277 ( 1)
 400 V   0.58906 0.29059 0.11739 0.00296 ( 1)
 401 H   0.97326 0.01822 0.00833 0.00019 ( 1)
 402 I   0.96827 0.02297 0.00853 0.00023 ( 1)
 403 N   0.97215 0.01927 0.00838 0.00020 ( 1)
 404 I   0.64379 0.34699 0.00568 0.00354 ( 1)
 405 T   0.96993 0.02138 0.00847 0.00022 ( 1)
 406 Q   0.95139 0.03927 0.00894 0.00040 ( 1)
 407 T   0.96840 0.02288 0.00849 0.00023 ( 1)
 408 K   0.97074 0.02056 0.00849 0.00021 ( 1)
 409 M   0.12068 0.84812 0.02255 0.00865 ( 2)
 410 S   0.97425 0.01723 0.00834 0.00018 ( 1)
 411 Q   0.95179 0.03881 0.00900 0.00040 ( 1)
 412 I   0.97579 0.01580 0.00825 0.00016 ( 1)
 413 D   0.96300 0.02799 0.00872 0.00029 ( 1)
 414 I   0.96260 0.02839 0.00872 0.00029 ( 1)
 415 S   0.96430 0.02675 0.00868 0.00027 ( 1)
 416 S   0.95356 0.03713 0.00893 0.00038 ( 1)
 417 G   0.97717 0.01453 0.00815 0.00015 ( 1)
 418 S   0.96397 0.02709 0.00867 0.00028 ( 1)
 419 G   0.96618 0.02497 0.00860 0.00025 ( 1)
 420 L   0.96028 0.03065 0.00876 0.00031 ( 1)
 421 N   0.97404 0.01749 0.00830 0.00018 ( 1)
 422 D   0.97559 0.01598 0.00827 0.00016 ( 1)
 423 G   0.97156 0.01983 0.00840 0.00020 ( 1)
 424 Q   0.95306 0.03763 0.00893 0.00038 ( 1)
 425 W   0.95085 0.03977 0.00897 0.00041 ( 1)
 426 H   0.97200 0.01941 0.00839 0.00020 ( 1)
 427 E   0.97512 0.01647 0.00825 0.00017 ( 1)
 428 V   0.97330 0.01819 0.00833 0.00019 ( 1)
 429 R   0.98530 0.00711 0.00751 0.00007 ( 1)
 430 F   0.96204 0.02895 0.00872 0.00030 ( 1)
 431 L   0.96672 0.02449 0.00854 0.00025 ( 1)
 432 A   0.97308 0.01839 0.00834 0.00019 ( 1)
 433 K   0.97289 0.01857 0.00835 0.00019 ( 1)
 434 E   0.97201 0.01940 0.00839 0.00020 ( 1)
 435 N   0.97404 0.01749 0.00830 0.00018 ( 1)
 436 F   0.95831 0.03254 0.00882 0.00033 ( 1)
 437 V   0.97130 0.02008 0.00841 0.00020 ( 1)
 438 I   0.96516 0.02594 0.00863 0.00026 ( 1)
 439 L   0.96664 0.02452 0.00858 0.00025 ( 1)
 440 T   0.97427 0.01727 0.00828 0.00018 ( 1)
 441 I   0.96909 0.02218 0.00850 0.00023 ( 1)
 442 D   0.96813 0.02308 0.00855 0.00024 ( 1)
 443 G   0.96072 0.03021 0.00876 0.00031 ( 1)
 444 D   0.96578 0.02534 0.00862 0.00026 ( 1)
 445 E   0.97635 0.01532 0.00818 0.00016 ( 1)
 446 A   0.96837 0.02287 0.00853 0.00023 ( 1)
 447 S   0.95621 0.03457 0.00886 0.00035 ( 1)
 448 A   0.97023 0.02110 0.00846 0.00022 ( 1)
 449 V   0.97194 0.01948 0.00838 0.00020 ( 1)
 450 R   0.97824 0.01353 0.00809 0.00014 ( 1)
 451 T   0.97421 0.01733 0.00828 0.00018 ( 1)
 452 N   0.97301 0.01846 0.00834 0.00019 ( 1)
 453 S   0.97060 0.02075 0.00844 0.00021 ( 1)
 454 P   0.96454 0.02654 0.00865 0.00027 ( 1)
 455 L   0.97253 0.01891 0.00836 0.00019 ( 1)
 456 Q   0.95727 0.03354 0.00884 0.00034 ( 1)
 457 V   0.97124 0.02014 0.00841 0.00021 ( 1)
 458 K   0.96988 0.02143 0.00847 0.00022 ( 1)
 459 T   0.97427 0.01727 0.00828 0.00018 ( 1)
 460 G   0.97156 0.01983 0.00840 0.00020 ( 1)
 461 E   0.00396 0.98519 0.00079 0.01005 ( 2)
 462 K   0.97289 0.01857 0.00835 0.00019 ( 1)
 463 Y   0.96284 0.02817 0.00870 0.00029 ( 1)
 464 F   0.95831 0.03254 0.00882 0.00033 ( 1)
 465 F   0.95831 0.03254 0.00882 0.00033 ( 1)
 466 G   0.96072 0.03021 0.00876 0.00031 ( 1)
 467 G   0.97973 0.01217 0.00798 0.00012 ( 1)
 468 Y   0.62320 0.36751 0.00554 0.00375 ( 1)
 469 L   0.04730 0.94264 0.00045 0.00961 ( 2)
 470 N   0.97321 0.01826 0.00834 0.00019 ( 1)
 471 Q   0.52325 0.46708 0.00490 0.00476 ( 1)
 472 M   0.98200 0.01006 0.00783 0.00010 ( 1)
 473 N   0.09661 0.89346 0.00082 0.00911 ( 2)
 474 S   0.69473 0.29629 0.00596 0.00302 ( 1)
 475 S   0.95648 0.03430 0.00887 0.00035 ( 1)
 476 S   0.97081 0.02053 0.00845 0.00021 ( 1)
 477 H   0.97432 0.01722 0.00829 0.00018 ( 1)
 478 S   0.96419 0.02687 0.00867 0.00027 ( 1)
 479 V   0.97347 0.01801 0.00834 0.00018 ( 1)
 480 L   0.97274 0.01870 0.00836 0.00019 ( 1)
 481 Q   0.95326 0.03742 0.00893 0.00038 ( 1)
 482 P   0.96476 0.02632 0.00865 0.00027 ( 1)
 483 S   0.95643 0.03436 0.00887 0.00035 ( 1)
 484 F   0.96225 0.02873 0.00872 0.00029 ( 1)
 485 Q   0.95749 0.03333 0.00884 0.00034 ( 1)
 486 G   0.96094 0.02999 0.00876 0.00031 ( 1)
 487 C   0.97222 0.01920 0.00839 0.00020 ( 1)
 488 M   0.98200 0.01006 0.00783 0.00010 ( 1)
 489 Q   0.95326 0.03742 0.00893 0.00038 ( 1)
 490 L   0.96686 0.02431 0.00859 0.00025 ( 1)
 491 I   0.96538 0.02572 0.00863 0.00026 ( 1)
 492 Q   0.95749 0.03333 0.00884 0.00034 ( 1)
 493 V   0.95583 0.03493 0.00888 0.00036 ( 1)
 494 D   0.96585 0.02527 0.00862 0.00026 ( 1)
 495 D   0.96585 0.02527 0.00862 0.00026 ( 1)
