Supplemental results for CODEML (seqf: /home/leticiamagpali/phd/evol_models/codeml/small_dataset/cml_align/CASQ2_codon_aligned.phy  treef: /home/leticiamagpali/phd/evol_models/codeml/small_dataset/cml_trees/H2_trees/CASQ2_tree_H2.tre)

I	J	ij	2Ns_IJ	pMut_IJ	pSub_IJ	2Ns_JI	pMut_JI	pSub_JI

TTC	TTT	CT	0.70587	0.13357	0.18621	-0.70587	0.27056	0.18621
TTA	TTT	AT	6.14575	0.00008	0.00052	-6.14575	0.03913	0.00052
TTA	TTC	AC	5.43988	0.00013	0.00069	-5.43988	0.02914	0.00069
TTG	TTT	GT	0.80520	0.01677	0.02442	-0.80520	0.03751	0.02442
TTG	TTC	GC	0.09933	0.02530	0.02657	-0.09933	0.02794	0.02657
TTG	TTA	GA	-5.34055	0.11594	0.00298	5.34055	0.00056	0.00298
TCT	TTT	CT	1.93247	0.03917	0.08852	-1.93247	0.27056	0.08852
TCC	TTC	CT	1.68714	0.03729	0.07719	-1.68714	0.20150	0.07719
TCC	TCT	CT	0.46054	0.03729	0.04653	-0.46054	0.05910	0.04653
TCA	TTA	CT	-3.59619	0.02596	0.00263	3.59619	0.00071	0.00263
TCA	TCT	AT	0.61708	0.00461	0.00618	-0.61708	0.00855	0.00618
TCA	TCC	AC	0.15655	0.00696	0.00751	-0.15655	0.00814	0.00751
TCG	TTG	CT	5.01631	0.00094	0.00477	-5.01631	0.14240	0.00477
TCG	TCT	GT	3.88904	0.00017	0.00067	-3.88904	0.00819	0.00067
TCG	TCC	GC	3.42850	0.00025	0.00090	-3.42850	0.00780	0.00090
TCG	TCA	GA	3.27195	0.00116	0.00394	-3.27195	0.03057	0.00394
TAT	TTT	AT	1.21127	0.01165	0.02010	-1.21127	0.03913	0.02010
TAT	TCT	AC	-0.72120	0.01758	0.01200	0.72120	0.00855	0.01200
TAC	TTC	AT	0.54276	0.01694	0.02195	-0.54276	0.02914	0.02195
TAC	TCC	AC	-1.14438	0.02555	0.01366	1.14438	0.00814	0.01366
TAC	TAT	CT	0.03735	0.09534	0.09713	-0.03735	0.09897	0.09713
TGT	TTT	GT	3.80093	0.00084	0.00326	-3.80093	0.03751	0.00326
TGT	TCT	GC	1.86846	0.00126	0.00279	-1.86846	0.00819	0.00279
TGT	TAT	GA	2.58966	0.00580	0.01623	-2.58966	0.07725	0.01623
TGC	TTC	GT	1.95864	0.00394	0.00899	-1.95864	0.02794	0.00899
TGC	TCC	GC	0.27150	0.00594	0.00679	-0.27150	0.00780	0.00679
TGC	TAC	GA	1.41589	0.02725	0.05094	-1.41589	0.11226	0.05094
TGC	TGT	CT	-1.13642	0.02218	0.01192	1.13642	0.00712	0.01192
TGG	TTG	GT	0.59413	0.01090	0.01446	-0.59413	0.01974	0.01446
TGG	TCG	GC	-4.42218	0.01644	0.00088	4.42218	0.00020	0.00088
TGG	TGT	GT	-2.40160	0.01090	0.00261	2.40160	0.00099	0.00261
TGG	TGC	GC	-1.26518	0.01644	0.00818	1.26518	0.00464	0.00818
CTT	TTT	CT	1.69735	0.04956	0.10298	-1.69735	0.27056	0.10298
CTC	TTC	CT	1.15875	0.06325	0.10681	-1.15875	0.20150	0.10681
CTC	CTT	CT	0.16726	0.06325	0.06868	-0.16726	0.07476	0.06868
CTA	TTA	CT	-3.97088	0.03776	0.00288	3.97088	0.00071	0.00288
CTA	CTT	AT	0.47751	0.00671	0.00844	-0.47751	0.01081	0.00844
CTA	CTC	AC	0.31025	0.01012	0.01177	-0.31025	0.01380	0.01177
CTG	TTG	CT	-0.22543	0.17841	0.15906	0.22543	0.14240	0.15906
CTG	CTT	GT	-1.11759	0.03169	0.01721	1.11759	0.01037	0.01721
CTG	CTC	GC	-1.28485	0.04781	0.02350	1.28485	0.01323	0.02350
CTG	CTA	GA	-1.59510	0.21913	0.08897	1.59510	0.04446	0.08897
CCT	TCT	CT	0.48618	0.03634	0.04589	-0.48618	0.05910	0.04589
CCT	CTT	CT	0.72130	0.03634	0.05101	-0.72130	0.07476	0.05101
CCC	TCC	CT	-0.31316	0.07693	0.06551	0.31316	0.05625	0.06551
CCC	CTC	CT	0.21523	0.07693	0.08551	-0.21523	0.09541	0.08551
CCC	CCT	CT	-0.33880	0.07693	0.06464	0.33880	0.05482	0.06464
CCA	TCA	CT	-0.64412	0.07457	0.05312	0.64412	0.03916	0.05312
CCA	CTA	CT	-0.26943	0.07457	0.06498	0.26943	0.05696	0.06498
CCA	CCT	AT	-0.51321	0.01325	0.01014	0.51321	0.00793	0.01014
CCA	CCC	AC	-0.17441	0.01998	0.01829	0.17441	0.01678	0.01829
CCG	TCG	CT	-2.19155	0.01274	0.00351	2.19155	0.00142	0.00351
CCG	CTG	CT	3.05020	0.01274	0.04080	-3.05020	0.26914	0.04080
CCG	CCT	GT	1.21131	0.00226	0.00390	-1.21131	0.00760	0.00390
CCG	CCC	GC	1.55012	0.00341	0.00672	-1.55012	0.01609	0.00672
CCG	CCA	GA	1.72453	0.01565	0.03285	-1.72453	0.08781	0.03285
CAT	TAT	CT	0.90297	0.04012	0.06092	-0.90297	0.09897	0.06092
CAT	CTT	AT	0.41689	0.00713	0.00871	-0.41689	0.01081	0.00871
CAT	CCT	AC	-0.30441	0.01075	0.00920	0.30441	0.00793	0.00920
CAC	TAC	CT	1.34996	0.03729	0.06795	-1.34996	0.14383	0.06795
CAC	CTC	AT	0.73397	0.00662	0.00935	-0.73397	0.01380	0.00935
CAC	CCC	AC	0.51874	0.00999	0.01281	-0.51874	0.01678	0.01281
CAC	CAT	CT	0.48435	0.03729	0.04704	-0.48435	0.06052	0.04704
CAA	CTA	AT	0.28354	0.00620	0.00713	-0.28354	0.00824	0.00713
CAA	CCA	AC	0.55296	0.00936	0.01218	-0.55296	0.01627	0.01218
CAA	CAT	AT	0.34416	0.00620	0.00733	-0.34416	0.00875	0.00733
CAA	CAC	AC	-0.14018	0.00936	0.00872	0.14018	0.00814	0.00872
CAG	CTG	AT	1.01651	0.01409	0.02244	-1.01651	0.03892	0.02244
CAG	CCG	AC	-2.03369	0.02125	0.00651	2.03369	0.00278	0.00651
CAG	CAT	GT	-0.51797	0.01409	0.01075	0.51797	0.00839	0.01075
CAG	CAC	GC	-1.00231	0.02125	0.01235	1.00231	0.00780	0.01235
CAG	CAA	GA	-0.86213	0.09739	0.06137	0.86213	0.04112	0.06137
CGT	TGT	CT	-0.11949	0.00802	0.00755	0.11949	0.00712	0.00755
CGT	CTT	GT	1.98409	0.00143	0.00328	-1.98409	0.01037	0.00328
CGT	CCT	GC	1.26279	0.00215	0.00379	-1.26279	0.00760	0.00379
CGT	CAT	GA	1.56721	0.00986	0.01952	-1.56721	0.04724	0.01952
CGC	TGC	CT	-0.47491	0.05381	0.04204	0.47491	0.03346	0.04204
CGC	CTC	GT	0.32499	0.00956	0.01119	-0.32499	0.01323	0.01119
CGC	CCC	GC	0.10975	0.01442	0.01522	-0.10975	0.01609	0.01522
CGC	CAC	GA	-0.40898	0.06609	0.05349	0.40898	0.04390	0.05349
CGC	CGT	CT	-1.49184	0.05381	0.02330	1.49184	0.01210	0.02330
CGA	CTA	GT	9.13763	0.00000	0.00000	-9.13763	0.00790	0.00001
CGA	CCA	GC	9.40705	0.00000	0.00000	-9.40705	0.01560	0.00001
CGA	CAA	GA	8.85409	0.00000	0.00000	-8.85409	0.04112	0.00005
CGA	CGT	AT	7.63104	0.00000	0.00000	-7.63104	0.00175	0.00001
CGA	CGC	AC	9.12289	0.00000	0.00000	-9.12289	0.01174	0.00001
CGG	TGG	CT	2.02058	0.01227	0.02859	-2.02058	0.09256	0.02859
CGG	CTG	GT	2.84014	0.00218	0.00658	-2.84014	0.03731	0.00658
CGG	CCG	GC	-0.21006	0.00329	0.00296	0.21006	0.00267	0.00296
CGG	CAG	GA	1.82364	0.01507	0.03278	-1.82364	0.09336	0.03278
CGG	CGT	GT	-0.26154	0.00218	0.00191	0.26154	0.00168	0.00191
CGG	CGC	GC	1.23030	0.00329	0.00572	-1.23030	0.01125	0.00572
CGG	CGA	GA	-7.89258	0.01507	0.00004	7.89258	0.00000	0.00000
ATT	TTT	AT	0.62429	0.02096	0.02818	-0.62429	0.03913	0.02818
ATT	CTT	AC	-1.07307	0.03162	0.01763	1.07307	0.01081	0.01763
ATC	TTC	AT	0.16744	0.02465	0.02677	-0.16744	0.02914	0.02677
ATC	CTC	AC	-0.99130	0.03718	0.02175	0.99130	0.01380	0.02175
ATC	ATT	CT	0.24902	0.13876	0.15676	-0.24902	0.17800	0.15676
ATA	TTA	AT	-3.19562	0.00252	0.00034	3.19562	0.00010	0.00034
ATA	CTA	AC	0.77526	0.00379	0.00545	-0.77526	0.00824	0.00545
ATA	ATT	AT	2.32584	0.00252	0.00648	-2.32584	0.02574	0.00648
ATA	ATC	AC	2.07682	0.00379	0.00901	-2.07682	0.03027	0.00901
ATG	TTG	AT	0.66761	0.01056	0.01448	-0.66761	0.02059	0.01448
ATG	CTG	AC	0.89305	0.01594	0.02410	-0.89305	0.03892	0.02410
ATG	ATT	GT	0.84852	0.01056	0.01567	-0.84852	0.02468	0.01567
ATG	ATC	GC	0.59950	0.01594	0.02119	-0.59950	0.02902	0.02119
ATG	ATA	GA	-1.47732	0.07304	0.03191	1.47732	0.01667	0.03191
ACT	TCT	AT	-0.03902	0.00889	0.00871	0.03902	0.00855	0.00871
ACT	CCT	AC	-0.52520	0.01341	0.01019	0.52520	0.00793	0.01019
ACT	ATT	CT	1.26916	0.05003	0.08832	-1.26916	0.17800	0.08832
ACC	TCC	AT	0.13237	0.00713	0.00761	-0.13237	0.00814	0.00761
ACC	CCC	AC	0.44553	0.01075	0.01332	-0.44553	0.01678	0.01332
ACC	ATC	CT	1.65207	0.04012	0.08199	-1.65207	0.20933	0.08199
ACC	ACT	CT	0.63193	0.04012	0.05412	-0.63193	0.07547	0.05412
ACA	TCA	AT	-0.61540	0.01048	0.00758	0.61540	0.00566	0.00758
ACA	CCA	AC	0.02872	0.01581	0.01604	-0.02872	0.01627	0.01604
ACA	ATA	CT	-1.01597	0.05900	0.03402	1.01597	0.02136	0.03402
ACA	ACT	AT	0.04070	0.01048	0.01069	-0.04070	0.01092	0.01069
ACA	ACC	AC	-0.59123	0.01581	0.01159	0.59123	0.00875	0.01159
ACG	TCG	AT	-2.39711	0.00226	0.00054	2.39711	0.00021	0.00054
ACG	CCG	AC	-0.20557	0.00341	0.00308	0.20557	0.00278	0.00308
ACG	ATG	CT	1.95159	0.01274	0.02899	-1.95159	0.08971	0.02899
ACG	ACT	GT	1.53095	0.00226	0.00442	-1.53095	0.01046	0.00442
ACG	ACC	GC	0.89902	0.00341	0.00518	-0.89902	0.00839	0.00518
ACG	ACA	GA	1.49024	0.01565	0.03011	-1.49024	0.06947	0.03011
AAT	TAT	AT	0.32787	0.01031	0.01210	-0.32787	0.01431	0.01210
AAT	CAT	AC	-0.57510	0.01556	0.01151	0.57510	0.00875	0.01151
AAT	ATT	AT	0.91485	0.01031	0.01574	-0.91485	0.02574	0.01574
AAT	ACT	AC	-0.35431	0.01556	0.01296	0.35431	0.01092	0.01296
AAC	TAC	AT	0.25116	0.01618	0.01830	-0.25116	0.02080	0.01830
AAC	CAC	AC	-1.09881	0.02441	0.01341	1.09881	0.00814	0.01341
AAC	ATC	AT	0.62647	0.01618	0.02178	-0.62647	0.03027	0.02178
AAC	ACC	AC	-1.02560	0.02441	0.01400	1.02560	0.00875	0.01400
AAC	AAT	CT	-0.03936	0.09109	0.08931	0.03936	0.08758	0.08931
AAA	CAA	AC	-1.48123	0.03352	0.01461	1.48123	0.00762	0.01461
AAA	ATA	AT	-1.97295	0.02222	0.00708	1.97295	0.00309	0.00708
AAA	ACA	AC	-0.95698	0.03352	0.02000	0.95698	0.01287	0.02000
AAA	AAT	AT	-0.56197	0.02222	0.01656	0.56197	0.01267	0.01656
AAA	AAC	AC	-0.52260	0.03352	0.02552	0.52260	0.01987	0.02552
AAG	CAG	AC	-1.13839	0.05401	0.02898	1.13839	0.01730	0.02898
AAG	ATG	AT	-1.01492	0.03580	0.02065	1.01492	0.01297	0.02065
AAG	ACG	AC	-2.96651	0.05401	0.00870	2.96651	0.00278	0.00870
AAG	AAT	GT	-1.08125	0.03580	0.01987	1.08125	0.01214	0.01987
AAG	AAC	GC	-1.04189	0.05401	0.03067	1.04189	0.01905	0.03067
AAG	AAA	GA	-0.51929	0.24754	0.18880	0.51929	0.14727	0.18880
AGT	TGT	AT	-2.60983	0.01400	0.00290	2.60983	0.00103	0.00290
AGT	CGT	AC	-2.49035	0.02112	0.00475	2.49035	0.00175	0.00475
AGT	ATT	GT	0.56681	0.01400	0.01834	-0.56681	0.02468	0.01834
AGT	ACT	GC	-0.70235	0.02112	0.01457	0.70235	0.01046	0.01457
AGT	AAT	GA	-0.34804	0.09681	0.08094	0.34804	0.06836	0.08094
AGC	TGC	AT	-0.19277	0.00587	0.00532	0.19277	0.00484	0.00532
AGC	CGC	AC	0.28214	0.00885	0.01016	-0.28214	0.01174	0.01016
AGC	ATC	GT	1.59843	0.00587	0.01176	-1.59843	0.02902	0.01176
AGC	ACC	GC	-0.05364	0.00885	0.00862	0.05364	0.00839	0.00862
AGC	AAC	GA	0.97196	0.04058	0.06345	-0.97196	0.10726	0.06345
AGC	AGT	CT	1.28064	0.03304	0.05859	-1.28064	0.11891	0.05859
AGA	CGA	AC	-8.53549	0.00531	0.00001	8.53549	0.00000	0.00000
AGA	ATA	GT	-0.17313	0.00352	0.00323	0.17313	0.00296	0.00323
AGA	ACA	GC	0.84285	0.00531	0.00786	-0.84285	0.01234	0.00786
AGA	AAA	GA	1.79983	0.02435	0.05250	-1.79983	0.14727	0.05250
AGA	AGT	AT	1.58590	0.00352	0.00702	-1.58590	0.01720	0.00702
AGA	AGC	AC	0.30526	0.00531	0.00616	-0.30526	0.00721	0.00616
AGG	TGG	AT	1.03006	0.00478	0.00766	-1.03006	0.01339	0.00766
AGG	CGG	AC	-0.99052	0.00721	0.00422	0.99052	0.00268	0.00422
AGG	ATG	GT	0.95658	0.00478	0.00742	-0.95658	0.01244	0.00742
AGG	ACG	GC	-0.99501	0.00721	0.00421	0.99501	0.00267	0.00421
AGG	AAG	GA	1.97150	0.03304	0.07568	-1.97150	0.23730	0.07568
AGG	AGT	GT	1.23829	0.00478	0.00833	-1.23829	0.01649	0.00833
AGG	AGC	GC	-0.04235	0.00721	0.00706	0.04235	0.00691	0.00706
AGG	AGA	GA	-0.34761	0.03304	0.02763	0.34761	0.02334	0.02763
GTT	TTT	GT	0.87241	0.01568	0.02350	-0.87241	0.03751	0.02350
GTT	CTT	GC	-0.82495	0.02365	0.01522	0.82495	0.01037	0.01522
GTT	ATT	GA	0.24812	0.10841	0.12241	-0.24812	0.13893	0.12241
GTC	TTC	GT	0.69680	0.01392	0.01932	-0.69680	0.02794	0.01932
GTC	CTC	GC	-0.46195	0.02099	0.01652	0.46195	0.01323	0.01652
GTC	ATC	GA	0.52936	0.09623	0.12394	-0.52936	0.16339	0.12394
GTC	GTT	CT	0.53026	0.07835	0.10095	-0.53026	0.13315	0.10095
GTA	TTA	GT	-2.83239	0.00168	0.00030	2.83239	0.00010	0.00030
GTA	CTA	GC	1.13850	0.00253	0.00424	-1.13850	0.00790	0.00424
GTA	ATA	GA	0.36323	0.01159	0.01383	-0.36323	0.01667	0.01383
GTA	GTT	AT	2.44095	0.00168	0.00448	-2.44095	0.01926	0.00448
GTA	GTC	AC	1.91069	0.00253	0.00567	-1.91069	0.01709	0.00567
GTG	TTG	GT	-0.40197	0.02951	0.02398	0.40197	0.01974	0.02398
GTG	CTG	GC	-0.17653	0.04452	0.04071	0.17653	0.03731	0.04071
GTG	ATG	GA	-1.06958	0.20406	0.11402	1.06958	0.07002	0.11402
GTG	GTT	GT	-0.46918	0.02951	0.02313	0.46918	0.01846	0.02313
GTG	GTC	GC	-0.99944	0.04452	0.02592	0.99944	0.01639	0.02592
GTG	GTA	GA	-2.91013	0.20406	0.03421	2.91013	0.01111	0.03421
GCT	TCT	GT	-0.72112	0.01685	0.01150	0.72112	0.00819	0.01150
GCT	CCT	GC	-1.20730	0.02542	0.01309	1.20730	0.00760	0.01309
GCT	ACT	GA	-0.68210	0.11652	0.08126	0.68210	0.05891	0.08126
GCT	GTT	CT	0.33895	0.09487	0.11185	-0.33895	0.13315	0.11185
GCC	TCC	GT	-0.15855	0.00914	0.00843	0.15855	0.00780	0.00843
GCC	CCC	GC	0.15461	0.01379	0.01488	-0.15461	0.01609	0.01488
GCC	ACC	GA	-0.29093	0.06319	0.05444	0.29093	0.04724	0.05444
GCC	GTC	CT	0.83178	0.05145	0.07577	-0.83178	0.11819	0.07577
GCC	GCT	CT	1.02310	0.05145	0.08217	-1.02310	0.14311	0.08217
GCA	TCA	GT	-0.49276	0.00889	0.00688	0.49276	0.00543	0.00688
GCA	CCA	GC	0.15136	0.01341	0.01445	-0.15136	0.01560	0.01445
GCA	ACA	GA	0.12264	0.06145	0.06529	-0.12264	0.06947	0.06529
GCA	GTA	CT	-1.25656	0.05003	0.02501	1.25656	0.01424	0.02501
GCA	GCT	AT	0.84544	0.00889	0.01317	-0.84544	0.02070	0.01317
GCA	GCC	AC	-0.17766	0.01341	0.01225	0.17766	0.01122	0.01225
GCG	TCG	GT	-3.47424	0.00637	0.00071	3.47424	0.00020	0.00071
GCG	CCG	GC	-1.28269	0.00961	0.00473	1.28269	0.00267	0.00473
GCG	ACG	GA	-1.07713	0.04406	0.02451	1.07713	0.01500	0.02451
GCG	GTG	CT	1.94404	0.03587	0.08138	-1.94404	0.25063	0.08138
GCG	GCT	GT	1.13592	0.00637	0.01066	-1.13592	0.01984	0.01066
GCG	GCC	GC	0.11282	0.00961	0.01016	-0.11282	0.01076	0.01016
GCG	GCA	GA	0.29047	0.04406	0.05077	-0.29047	0.05891	0.05077
GAT	TAT	GT	-1.49933	0.06145	0.02649	1.49933	0.01372	0.02649
GAT	CAT	GC	-2.40229	0.09271	0.02216	2.40229	0.00839	0.02216
GAT	AAT	GA	-1.82719	0.42493	0.14884	1.82719	0.06836	0.14884
GAT	GTT	AT	-1.16046	0.06145	0.03254	1.16046	0.01926	0.03254
GAT	GCT	AC	-1.49941	0.09271	0.03996	1.49941	0.02070	0.03996
GAC	TAC	GT	-1.28066	0.07177	0.03536	1.28066	0.01994	0.03536
GAC	CAC	GC	-2.63062	0.10826	0.02211	2.63062	0.00780	0.02211
GAC	AAC	GA	-1.53181	0.49623	0.20960	1.53181	0.10726	0.20960
GAC	GTC	AT	-1.43471	0.07177	0.03219	1.43471	0.01709	0.03219
GAC	GCC	AC	-2.26649	0.10826	0.02838	2.26649	0.01122	0.02838
GAC	GAT	CT	0.25602	0.40402	0.45794	-0.25602	0.52190	0.45794
GAA	CAA	GC	-2.03956	0.05616	0.01713	2.03956	0.00731	0.01713
GAA	AAA	GA	-0.55833	0.25739	0.19219	0.55833	0.14727	0.19219
GAA	GTA	AT	-2.89451	0.03722	0.00631	2.89451	0.00206	0.00631
GAA	GCA	AC	-1.63795	0.05616	0.02219	1.63795	0.01092	0.02219
GAA	GAT	AT	0.70690	0.03722	0.05192	-0.70690	0.07548	0.05192
GAA	GAC	AC	0.45088	0.05616	0.06976	-0.45088	0.08815	0.06976
GAG	CAG	GC	-1.86080	0.10662	0.03654	1.86080	0.01658	0.03654
GAG	AAG	GA	-0.72242	0.48869	0.33324	0.72242	0.23730	0.33324
GAG	GTG	AT	-0.66776	0.07068	0.04969	0.66776	0.03625	0.04969
GAG	GCG	AC	-2.61180	0.10662	0.02206	2.61180	0.00783	0.02206
GAG	GAT	GT	0.02352	0.07068	0.07151	-0.02352	0.07236	0.07151
GAG	GAC	GC	-0.23249	0.10662	0.09470	0.23249	0.08450	0.09470
GAG	GAA	GA	-0.68337	0.48869	0.34059	0.68337	0.24675	0.34059
GGT	TGT	GT	-1.55942	0.00470	0.00195	1.55942	0.00099	0.00195
GGT	CGT	GC	-1.43994	0.00708	0.00317	1.43994	0.00168	0.00317
GGT	AGT	GA	1.05041	0.03246	0.05245	-1.05041	0.09281	0.05245
GGT	GTT	GT	1.36910	0.00470	0.00862	-1.36910	0.01846	0.00862
GGT	GCT	GC	1.03016	0.00708	0.01135	-1.03016	0.01984	0.01135
GGT	GAT	GA	2.52956	0.03246	0.08923	-2.52956	0.40735	0.08923
GGC	TGC	GT	-0.77400	0.01006	0.00666	0.77400	0.00464	0.00666
GGC	CGC	GC	-0.29909	0.01518	0.01302	0.29909	0.01125	0.01302
GGC	AGC	GA	-0.58123	0.06956	0.05130	0.58123	0.03890	0.05130
GGC	GTC	GT	0.48784	0.01006	0.01271	-0.48784	0.01639	0.01271
GGC	GCC	GC	-0.34394	0.01518	0.01272	0.34394	0.01076	0.01272
GGC	GAC	GA	1.92255	0.06956	0.15665	-1.92255	0.47571	0.15665
GGC	GGT	CT	-0.35100	0.05664	0.04728	0.35100	0.03987	0.04728
GGA	CGA	GC	-8.86540	0.00708	0.00001	8.86540	0.00000	0.00000
GGA	AGA	GA	-0.32991	0.03246	0.02740	0.32991	0.02334	0.02740
GGA	GTA	GT	-0.86627	0.00470	0.00295	0.86627	0.00197	0.00295
GGA	GCA	GC	0.39029	0.00708	0.00855	-0.39029	0.01046	0.00855
GGA	GAA	GA	2.02824	0.03246	0.07582	-2.02824	0.24675	0.07582
GGA	GGT	AT	0.20558	0.00470	0.00519	-0.20558	0.00577	0.00519
GGA	GGC	AC	0.55658	0.00708	0.00924	-0.55658	0.01236	0.00924
GGG	TGG	GT	0.22686	0.01023	0.01143	-0.22686	0.01283	0.01143
GGG	CGG	GC	-1.79372	0.01543	0.00552	1.79372	0.00257	0.00552
GGG	AGG	GA	-0.80320	0.07072	0.04608	0.80320	0.03168	0.04608
GGG	GTG	GT	1.22296	0.01023	0.01773	-1.22296	0.03475	0.01773
GGG	GCG	GC	-0.72108	0.01543	0.01053	0.72108	0.00750	0.01053
GGG	GAG	GA	1.89071	0.07072	0.15750	-1.89071	0.46848	0.15750
GGG	GGT	GT	-0.61532	0.01023	0.00740	0.61532	0.00553	0.00740
GGG	GGC	GC	-0.26433	0.01543	0.01348	0.26433	0.01185	0.01348
GGG	GGA	GA	-0.82090	0.07072	0.04562	0.82090	0.03112	0.04562


Histograms
2Ns	FMut	FSub(CodonUsage)	FSubw(after w)

-8.95910	0.00379	0.00001
-8.06319	0.00072	0.00000
-7.16728	0.00000	0.00000
-6.27137	0.00167	0.00003
-5.37546	0.01226	0.00046
-4.47955	0.00070	0.00005
-3.58364	0.00668	0.00084
-2.68773	0.06811	0.01737
-1.79182	0.23577	0.11058
-0.89591	0.27212	0.22678
0.00000	0.22773	0.28779
0.89591	0.12420	0.22678
1.79182	0.04120	0.11058
2.68773	0.00480	0.01737
3.58364	0.00018	0.00084
4.47955	0.00001	0.00005
5.37546	0.00007	0.00046
6.27137	0.00000	0.00003
7.16728	0.00000	0.00000
8.06319	0.00000	0.00000
8.95910	0.00000	0.00000

Proportion of advantageous (S > 0) mutations:
 0.27100

Proportions of good & bad mutations (|S| > 2.0000) among mutations:
0.00762  0.11354

mean |Ns| = 1.19349	mean Ns+ = 0.74447	mean Ns- = -1.36041


MLEs of dN/dS (w) for site classes (K=4)

site class             0        1       2a       2b
proportion       0.88304  0.05158  0.06177  0.00361
background w     0.12904  3.27184  0.12904  3.27184
foreground w     0.12904  3.27184  5.04333  5.04333

Naive Empirical Bayes (NEB) probabilities for 4 classes
(amino acids refer to 1st sequence: Bbon)

   1 M   0.98103 0.00365 0.01517 0.00015 ( 1)
   2 K   0.72311 0.24200 0.02222 0.01268 ( 1)
   3 R   0.91179 0.07390 0.01149 0.00281 ( 1)
   4 T   0.97979 0.00406 0.01599 0.00017 ( 1)
   5 H   0.92685 0.05957 0.01133 0.00225 ( 1)
   6 L   0.91329 0.03431 0.05019 0.00220 ( 1)
   7 F   0.93812 0.02131 0.03933 0.00125 ( 1)
   8 V   0.94611 0.01750 0.03540 0.00098 ( 1)
   9 M   0.67634 0.28248 0.02531 0.01587 ( 1)
  10 A   0.85570 0.12264 0.01626 0.00540 ( 1)
  11 V   0.97130 0.00692 0.02146 0.00032 ( 1)
  12 Y   0.95051 0.01550 0.03314 0.00085 ( 1)
  13 L   0.91329 0.03431 0.05019 0.00220 ( 1)
  14 L   0.91329 0.03431 0.05019 0.00220 ( 1)
  15 S   0.98207 0.00336 0.01443 0.00014 ( 1)
  16 S   0.98207 0.00336 0.01443 0.00014 ( 1)
  17 C   0.98767 0.00186 0.01040 0.00007 ( 1)
  18 R   0.98776 0.00185 0.01033 0.00007 ( 1)
  19 A   0.96181 0.01060 0.02705 0.00054 ( 1)
  20 E   0.34234 0.16030 0.48366 0.01370 ( 3)
  21 E   0.94496 0.01801 0.03601 0.00102 ( 1)
  22 G   0.97856 0.00446 0.01679 0.00019 ( 1)
  23 L   0.91571 0.03191 0.05032 0.00205 ( 1)
  24 N   0.57031 0.06292 0.36272 0.00405 ( 1)
  25 F   0.94992 0.01574 0.03347 0.00087 ( 1)
  26 P   0.95934 0.01161 0.02845 0.00060 ( 1)
  27 T   0.97979 0.00406 0.01599 0.00017 ( 1)
  28 Y   0.95201 0.01485 0.03234 0.00081 ( 1)
  29 D   0.93760 0.02155 0.03958 0.00126 ( 1)
  30 G   0.97971 0.00409 0.01603 0.00017 ( 1)
  31 K   0.75167 0.21403 0.02309 0.01121 ( 1)
  32 D   0.93822 0.02140 0.03913 0.00125 ( 1)
  33 R   0.96021 0.01142 0.02778 0.00059 ( 1)
  34 V   0.94804 0.01705 0.03397 0.00094 ( 1)
  35 V   0.97199 0.00681 0.02089 0.00031 ( 1)
  36 S   0.95525 0.01355 0.03049 0.00072 ( 1)
  37 L   0.95131 0.01536 0.03249 0.00083 ( 1)
  38 T   0.98035 0.00399 0.01549 0.00016 ( 1)
  39 E   0.94562 0.01786 0.03551 0.00101 ( 1)
  40 K   0.95823 0.01227 0.02887 0.00064 ( 1)
  41 N   0.97943 0.00427 0.01613 0.00018 ( 1)
  42 F   0.95061 0.01559 0.03295 0.00085 ( 1)
  43 K   0.95823 0.01227 0.02887 0.00064 ( 1)
  44 Q   0.94590 0.01790 0.03520 0.00100 ( 1)
  45 V   0.97172 0.00690 0.02107 0.00032 ( 1)
  46 L   0.53998 0.40946 0.02563 0.02493 ( 1)
  47 K   0.95823 0.01227 0.02887 0.00064 ( 1)
  48 K   0.95912 0.01188 0.02839 0.00061 ( 1)
  49 Y   0.36668 0.14669 0.47448 0.01216 ( 3)
  50 D   0.93822 0.02140 0.03913 0.00125 ( 1)
  51 L   0.92692 0.02741 0.04400 0.00167 ( 1)
  52 L   0.97566 0.00569 0.01839 0.00025 ( 1)
  53 C   0.98946 0.00166 0.00882 0.00006 ( 1)
  54 L   0.97570 0.00565 0.01839 0.00025 ( 1)
  55 Y   0.95081 0.01573 0.03260 0.00086 ( 1)
  56 Y   0.36728 0.14978 0.47058 0.01236 ( 3)
  57 H   0.97353 0.00644 0.01974 0.00029 ( 1)
  58 E   0.94523 0.01824 0.03550 0.00103 ( 1)
  59 P   0.95969 0.01182 0.02788 0.00061 ( 1)
  60 V   0.64432 0.31436 0.02375 0.01757 ( 1)
  61 S   0.97893 0.00459 0.01629 0.00019 ( 1)
  62 S   0.96457 0.00752 0.02753 0.00038 ( 1)
  63 D   0.93254 0.02443 0.04157 0.00146 ( 1)
  64 K   0.95876 0.01223 0.02838 0.00063 ( 1)
  65 A   0.16309 0.79665 0.00351 0.03676 ( 2)
  66 A   0.00958 0.92143 0.00694 0.06204 ( 2)
  67 Q   0.94551 0.01828 0.03519 0.00102 ( 1)
  68 K   0.95876 0.01223 0.02838 0.00063 ( 1)
  69 Q   0.10989 0.17854 0.69149 0.02008 ( 3)
  70 F   0.38186 0.15014 0.45591 0.01209 ( 3)
  71 Q   0.94666 0.01784 0.03451 0.00099 ( 1)
  72 M   0.00204 0.91260 0.00333 0.08203 ( 2)
  73 K   0.95876 0.01223 0.02838 0.00063 ( 1)
  74 E   0.94808 0.01720 0.03378 0.00095 ( 1)
  75 I   0.95107 0.01584 0.03223 0.00086 ( 1)
  76 V   0.94905 0.01512 0.03498 0.00085 ( 1)
  77 L   0.91304 0.03483 0.04989 0.00223 ( 1)
  78 E   0.94473 0.01873 0.03548 0.00105 ( 1)
  79 F   0.92724 0.02398 0.04728 0.00150 ( 1)
  80 D   0.25687 0.18913 0.53548 0.01852 ( 3)
  81 E   0.93595 0.01924 0.04365 0.00116 ( 1)
  82 E   0.93595 0.01924 0.04365 0.00116 ( 1)
  83 G   0.96475 0.00624 0.02869 0.00032 ( 1)
  84 S   0.94142 0.01642 0.04119 0.00097 ( 1)
  85 L   0.90665 0.03622 0.05472 0.00240 ( 1)
  86 Y   0.93908 0.01762 0.04225 0.00105 ( 1)
  87 V   0.77066 0.19206 0.02681 0.01046 ( 1)
  88 L   0.96133 0.00773 0.03054 0.00041 ( 1)
  89 K   0.94409 0.01510 0.03993 0.00088 ( 1)
  90 G   0.97792 0.00231 0.01966 0.00010 ( 1)
  91 D   0.92233 0.02678 0.04918 0.00170 ( 1)
  92 R   0.94593 0.01421 0.03904 0.00082 ( 1)
  93 T   0.94382 0.01523 0.04006 0.00089 ( 1)
  94 I   0.94444 0.01493 0.03976 0.00087 ( 1)
  95 E   0.93310 0.02076 0.04487 0.00127 ( 1)
  96 F   0.92724 0.02398 0.04728 0.00150 ( 1)
  97 D   0.92233 0.02678 0.04918 0.00170 ( 1)
  98 G   0.96583 0.00586 0.02801 0.00030 ( 1)
  99 E   0.93310 0.02076 0.04487 0.00127 ( 1)
 100 F   0.92724 0.02398 0.04728 0.00150 ( 1)
 101 A   0.95117 0.01264 0.03548 0.00071 ( 1)
 102 A   0.94791 0.01327 0.03807 0.00076 ( 1)
 103 D   0.92233 0.02678 0.04918 0.00170 ( 1)
 104 V   0.95719 0.00916 0.03315 0.00050 ( 1)
 105 L   0.91714 0.02984 0.05110 0.00192 ( 1)
 106 V   0.93403 0.02026 0.04447 0.00124 ( 1)
 107 E   0.93310 0.02076 0.04487 0.00127 ( 1)
 108 F   0.92733 0.02389 0.04728 0.00149 ( 1)
 109 L   0.96125 0.00754 0.03081 0.00040 ( 1)
 110 L   0.91714 0.02984 0.05110 0.00192 ( 1)
 111 D   0.92607 0.02496 0.04741 0.00156 ( 1)
 112 L   0.83652 0.13815 0.01885 0.00648 ( 1)
 113 I   0.72994 0.23289 0.02456 0.01261 ( 1)
 114 E   0.94483 0.01726 0.03692 0.00099 ( 1)
 115 D   0.93450 0.02232 0.04185 0.00134 ( 1)
 116 P   0.95335 0.01463 0.03124 0.00078 ( 1)
 117 V   0.94611 0.01750 0.03540 0.00098 ( 1)
 118 E   0.94496 0.01801 0.03601 0.00102 ( 1)
 119 I   0.95124 0.01514 0.03279 0.00083 ( 1)
 120 I   0.95124 0.01514 0.03279 0.00083 ( 1)
 121 N   0.88107 0.09970 0.01500 0.00423 ( 1)
 122 S   0.98308 0.00308 0.01372 0.00012 ( 1)
 123 K   0.95841 0.01202 0.02894 0.00063 ( 1)
 124 L   0.91329 0.03431 0.05019 0.00220 ( 1)
 125 E   0.94828 0.01649 0.03432 0.00092 ( 1)
 126 V   0.97130 0.00692 0.02146 0.00032 ( 1)
 127 Q   0.94640 0.01762 0.03501 0.00098 ( 1)
 128 A   0.97349 0.00614 0.02008 0.00028 ( 1)
 129 F   0.93812 0.02131 0.03933 0.00125 ( 1)
 130 E   0.94496 0.01801 0.03601 0.00102 ( 1)
 131 R   0.95950 0.01157 0.02834 0.00060 ( 1)
 132 I   0.95782 0.01226 0.02928 0.00064 ( 1)
 133 E   0.94496 0.01801 0.03601 0.00102 ( 1)
 134 D   0.93760 0.02155 0.03958 0.00126 ( 1)
 135 H   0.97312 0.00628 0.02031 0.00029 ( 1)
 136 I   0.95124 0.01514 0.03279 0.00083 ( 1)
 137 K   0.95841 0.01202 0.02894 0.00063 ( 1)
 138 L   0.97529 0.00551 0.01895 0.00025 ( 1)
 139 I   0.95146 0.01493 0.03280 0.00082 ( 1)
 140 G   0.97971 0.00409 0.01603 0.00017 ( 1)
 141 F   0.93812 0.02131 0.03933 0.00125 ( 1)
 142 F   0.94992 0.01574 0.03347 0.00087 ( 1)
 143 K   0.95752 0.01241 0.02942 0.00065 ( 1)
 144 S   0.95454 0.01370 0.03103 0.00073 ( 1)
 145 E   0.94493 0.01804 0.03601 0.00102 ( 1)
 146 D   0.93760 0.02155 0.03958 0.00126 ( 1)
 147 S   0.96004 0.01141 0.02797 0.00059 ( 1)
 148 -   0.94171 0.02121 0.03589 0.00120 ( 1)
 149 -   0.60314 0.35477 0.02227 0.01982 ( 1)
 150 Y   0.94776 0.01611 0.03523 0.00090 ( 1)
 151 K   0.95467 0.01299 0.03164 0.00070 ( 1)
 152 A   0.95873 0.01124 0.02945 0.00059 ( 1)
 153 F   0.93566 0.02191 0.04113 0.00130 ( 1)
 154 E   0.94556 0.01710 0.03637 0.00097 ( 1)
 155 E   0.94231 0.01863 0.03798 0.00108 ( 1)
 156 A   0.95893 0.01116 0.02933 0.00058 ( 1)
 157 A   0.95873 0.01124 0.02945 0.00059 ( 1)
 158 E   0.94556 0.01710 0.03637 0.00097 ( 1)
 159 H   0.97033 0.00673 0.02262 0.00032 ( 1)
 160 F   0.94718 0.01635 0.03555 0.00092 ( 1)
 161 Q   0.94261 0.01867 0.03766 0.00107 ( 1)
 162 P   0.97949 0.00365 0.01670 0.00015 ( 1)
 163 Y   0.94776 0.01611 0.03523 0.00090 ( 1)
 164 I   0.94848 0.01574 0.03490 0.00088 ( 1)
 165 K   0.95555 0.01260 0.03117 0.00067 ( 1)
 166 F   0.93566 0.02191 0.04113 0.00130 ( 1)
 167 F   0.93566 0.02191 0.04113 0.00130 ( 1)
 168 A   0.95873 0.01124 0.02945 0.00059 ( 1)
 169 T   0.97576 0.00486 0.01917 0.00022 ( 1)
 170 F   0.94718 0.01635 0.03555 0.00092 ( 1)
 171 D   0.93515 0.02216 0.04137 0.00132 ( 1)
 172 K   0.95555 0.01260 0.03117 0.00067 ( 1)
 173 G   0.97591 0.00483 0.01904 0.00021 ( 1)
 174 V   0.96486 0.01027 0.02437 0.00050 ( 1)
 175 A   0.95520 0.01436 0.02969 0.00076 ( 1)
 176 K   0.95084 0.01630 0.03197 0.00088 ( 1)
 177 K   0.95174 0.01589 0.03151 0.00086 ( 1)
 178 L   0.92128 0.03085 0.04596 0.00191 ( 1)
 179 S   0.97707 0.00566 0.01702 0.00024 ( 1)
 180 L   0.92128 0.03085 0.04596 0.00191 ( 1)
 181 K   0.95084 0.01630 0.03197 0.00088 ( 1)
 182 M   0.97588 0.00606 0.01780 0.00026 ( 1)
 183 N   0.98177 0.00408 0.01398 0.00016 ( 1)
 184 E   0.93844 0.02204 0.03824 0.00128 ( 1)
 185 V   0.96486 0.01027 0.02437 0.00050 ( 1)
 186 D   0.93141 0.02548 0.04158 0.00152 ( 1)
 187 F   0.94328 0.01976 0.03584 0.00112 ( 1)
 188 Y   0.94532 0.01887 0.03475 0.00105 ( 1)
 189 E   0.93844 0.02204 0.03824 0.00128 ( 1)
 190 P   0.94291 0.01987 0.03609 0.00113 ( 1)
 191 F   0.93191 0.02524 0.04134 0.00151 ( 1)
 192 M   0.97588 0.00606 0.01780 0.00026 ( 1)
 193 D   0.93124 0.02565 0.04157 0.00154 ( 1)
 194 E   0.93844 0.02204 0.03824 0.00128 ( 1)
 195 P   0.95267 0.01545 0.03105 0.00083 ( 1)
 196 I   0.95114 0.01614 0.03184 0.00087 ( 1)
 197 A   0.96752 0.00923 0.02281 0.00044 ( 1)
 198 I   0.94458 0.01915 0.03520 0.00107 ( 1)
 199 P   0.96531 0.00994 0.02426 0.00048 ( 1)
 200 D   0.93074 0.02566 0.04206 0.00154 ( 1)
 201 K   0.36161 0.15387 0.47172 0.01280 ( 3)
 202 P   0.95185 0.01564 0.03167 0.00084 ( 1)
 203 Y   0.94309 0.01971 0.03609 0.00112 ( 1)
 204 T   0.94965 0.01664 0.03279 0.00091 ( 1)
 205 E   0.94090 0.02071 0.03720 0.00119 ( 1)
 206 E   0.30276 0.18378 0.49686 0.01660 ( 3)
 207 E   0.93718 0.02236 0.03915 0.00131 ( 1)
 208 L   0.96862 0.00853 0.02245 0.00040 ( 1)
 209 V   0.93830 0.02185 0.03858 0.00127 ( 1)
 210 E   0.30539 0.18377 0.49433 0.01651 ( 3)
 211 F   0.93098 0.02549 0.04200 0.00153 ( 1)
 212 V   0.93722 0.02255 0.03892 0.00132 ( 1)
 213 K   0.94833 0.01733 0.03339 0.00095 ( 1)
 214 E   0.93610 0.02306 0.03949 0.00135 ( 1)
 215 H   0.97892 0.00494 0.01594 0.00021 ( 1)
 216 Q   0.93763 0.02261 0.03846 0.00131 ( 1)
 217 -   0.94704 0.01563 0.03644 0.00088 ( 1)
 218 -   0.92399 0.02791 0.04636 0.00173 ( 1)
 219 -   0.94143 0.01896 0.03852 0.00109 ( 1)
 220 -   0.92241 0.02659 0.04932 0.00169 ( 1)
 221 -   0.76678 0.19451 0.02794 0.01077 ( 1)
 222 -   0.92884 0.02315 0.04657 0.00144 ( 1)
 223 -   0.90607 0.03659 0.05490 0.00243 ( 1)
 224 -   0.92884 0.02315 0.04657 0.00144 ( 1)
 225 -   0.92142 0.02738 0.04946 0.00174 ( 1)
 226 -   0.92040 0.02796 0.04985 0.00179 ( 1)
 227 -   0.90979 0.03433 0.05362 0.00226 ( 1)
 228 -   0.94956 0.01255 0.03718 0.00071 ( 1)
 229 -   0.91351 0.03207 0.05234 0.00209 ( 1)
 230 -   0.91924 0.02820 0.05074 0.00182 ( 1)
 231 -   0.92700 0.02418 0.04731 0.00151 ( 1)
 232 -   0.90674 0.03620 0.05466 0.00240 ( 1)
 233 E   0.94896 0.01633 0.03381 0.00090 ( 1)
 234 D   0.93292 0.02406 0.04158 0.00144 ( 1)
 235 D   0.93292 0.02406 0.04158 0.00144 ( 1)
 236 L   0.92713 0.02721 0.04401 0.00166 ( 1)
 237 N   0.97940 0.00429 0.01613 0.00018 ( 1)
 238 G   0.97919 0.00437 0.01626 0.00018 ( 1)
 239 I   0.95194 0.01499 0.03226 0.00081 ( 1)
 240 H   0.98599 0.00236 0.01157 0.00009 ( 1)
 241 I   0.95853 0.01211 0.02872 0.00063 ( 1)
 242 V   0.94679 0.01735 0.03490 0.00097 ( 1)
 243 A   0.97417 0.00604 0.01953 0.00027 ( 1)
 244 F   0.94051 0.02070 0.03760 0.00119 ( 1)
 245 A   0.97457 0.00554 0.01964 0.00025 ( 1)
 246 E   0.94562 0.01786 0.03551 0.00101 ( 1)
 247 R   0.98821 0.00185 0.00988 0.00006 ( 1)
 248 S   0.95525 0.01355 0.03049 0.00072 ( 1)
 249 D   0.93292 0.02406 0.04158 0.00144 ( 1)
 250 P   0.95026 0.01568 0.03320 0.00086 ( 1)
 251 D   0.93233 0.02421 0.04200 0.00145 ( 1)
 252 G   0.97971 0.00409 0.01603 0.00017 ( 1)
 253 Y   0.95165 0.01520 0.03232 0.00082 ( 1)
 254 E   0.94496 0.01801 0.03601 0.00102 ( 1)
 255 F   0.94992 0.01574 0.03347 0.00087 ( 1)
 256 L   0.91329 0.03431 0.05019 0.00220 ( 1)
 257 E   0.94496 0.01801 0.03601 0.00102 ( 1)
 258 I   0.95124 0.01514 0.03279 0.00083 ( 1)
 259 L   0.91329 0.03431 0.05019 0.00220 ( 1)
 260 K   0.95752 0.01241 0.02942 0.00065 ( 1)
 261 Q   0.94497 0.01810 0.03591 0.00102 ( 1)
 262 V   0.97103 0.00701 0.02163 0.00033 ( 1)
 263 A   0.96160 0.01068 0.02717 0.00054 ( 1)
 264 R   0.98941 0.00153 0.00901 0.00005 ( 1)
 265 D   0.93760 0.02155 0.03958 0.00126 ( 1)
 266 N   0.97877 0.00438 0.01666 0.00019 ( 1)
 267 T   0.98583 0.00262 0.01145 0.00010 ( 1)
 268 D   0.93760 0.02155 0.03958 0.00126 ( 1)
 269 N   0.97877 0.00438 0.01666 0.00019 ( 1)
 270 P   0.97222 0.00659 0.02088 0.00030 ( 1)
 271 D   0.93760 0.02155 0.03958 0.00126 ( 1)
 272 L   0.92397 0.03118 0.04297 0.00189 ( 1)
 273 S   0.98308 0.00308 0.01372 0.00012 ( 1)
 274 I   0.95133 0.01505 0.03279 0.00082 ( 1)
 275 V   0.91921 0.06568 0.01254 0.00257 ( 1)
 276 W   0.92754 0.02676 0.04406 0.00163 ( 1)
 277 I   0.95124 0.01514 0.03279 0.00083 ( 1)
 278 D   0.93760 0.02155 0.03958 0.00126 ( 1)
 279 P   0.94957 0.01584 0.03372 0.00088 ( 1)
 280 D   0.93284 0.02403 0.04169 0.00144 ( 1)
 281 D   0.93760 0.02155 0.03958 0.00126 ( 1)
 282 F   0.93812 0.02131 0.03933 0.00125 ( 1)
 283 P   0.97222 0.00659 0.02088 0.00030 ( 1)
 284 L   0.91329 0.03431 0.05019 0.00220 ( 1)
 285 L   0.97643 0.00526 0.01808 0.00023 ( 1)
 286 V   0.97172 0.00690 0.02107 0.00032 ( 1)
 287 A   0.97389 0.00631 0.01952 0.00028 ( 1)
 288 Y   0.95267 0.01472 0.03181 0.00079 ( 1)
 289 W   0.92808 0.02662 0.04368 0.00162 ( 1)
 290 E   0.94896 0.01633 0.03381 0.00090 ( 1)
 291 K   0.95823 0.01227 0.02887 0.00064 ( 1)
 292 T   0.97905 0.00440 0.01637 0.00019 ( 1)
 293 F   0.95061 0.01559 0.03295 0.00085 ( 1)
 294 K   0.95823 0.01227 0.02887 0.00064 ( 1)
 295 I   0.95853 0.01211 0.02872 0.00063 ( 1)
 296 D   0.93822 0.02140 0.03913 0.00125 ( 1)
 297 L   0.95131 0.01536 0.03249 0.00083 ( 1)
 298 F   0.95061 0.01559 0.03295 0.00085 ( 1)
 299 K   0.95823 0.01227 0.02887 0.00064 ( 1)
 300 P   0.95055 0.01562 0.03298 0.00086 ( 1)
 301 Q   0.94590 0.01790 0.03520 0.00100 ( 1)
 302 I   0.95853 0.01211 0.02872 0.00063 ( 1)
 303 G   0.97936 0.00432 0.01614 0.00018 ( 1)
 304 V   0.94679 0.01735 0.03490 0.00097 ( 1)
 305 V   0.94679 0.01735 0.03490 0.00097 ( 1)
 306 N   0.98664 0.00219 0.01109 0.00008 ( 1)
 307 V   0.97172 0.00690 0.02107 0.00032 ( 1)
 308 T   0.95786 0.01240 0.02909 0.00065 ( 1)
 309 D   0.93292 0.02406 0.04158 0.00144 ( 1)
 310 A   0.96231 0.01054 0.02661 0.00053 ( 1)
 311 D   0.93822 0.02140 0.03913 0.00125 ( 1)
 312 S   0.95525 0.01355 0.03049 0.00072 ( 1)
 313 V   0.97199 0.00681 0.02089 0.00031 ( 1)
 314 W   0.92808 0.02662 0.04368 0.00162 ( 1)
 315 M   0.98164 0.00357 0.01464 0.00014 ( 1)
 316 E   0.94561 0.01787 0.03551 0.00101 ( 1)
 317 I   0.95853 0.01211 0.02872 0.00063 ( 1)
 318 P   0.95115 0.01481 0.03323 0.00081 ( 1)
 319 D   0.28981 0.18921 0.50356 0.01741 ( 3)
 320 G   0.99023 0.00136 0.00836 0.00004 ( 1)
 321 D   0.93292 0.02406 0.04158 0.00144 ( 1)
 322 D   0.39073 0.56025 0.01630 0.03273 ( 2)
 323 L   0.91368 0.03420 0.04992 0.00219 ( 1)
 324 P   0.96005 0.01146 0.02790 0.00059 ( 1)
 325 T   0.95786 0.01240 0.02909 0.00065 ( 1)
 326 A   0.96231 0.01054 0.02661 0.00053 ( 1)
 327 E   0.94562 0.01786 0.03551 0.00101 ( 1)
 328 E   0.94562 0.01786 0.03551 0.00101 ( 1)
 329 L   0.91368 0.03420 0.04992 0.00219 ( 1)
 330 E   0.94896 0.01633 0.03381 0.00090 ( 1)
 331 D   0.93822 0.02140 0.03913 0.00125 ( 1)
 332 W   0.92808 0.02662 0.04368 0.00162 ( 1)
 333 I   0.41294 0.12664 0.45056 0.00987 ( 3)
 334 E   0.94562 0.01786 0.03551 0.00101 ( 1)
 335 D   0.93329 0.02393 0.04136 0.00143 ( 1)
 336 V   0.94679 0.01735 0.03490 0.00097 ( 1)
 337 L   0.97643 0.00526 0.01808 0.00023 ( 1)
 338 S   0.97909 0.00444 0.01629 0.00019 ( 1)
 339 G   0.97919 0.00437 0.01626 0.00018 ( 1)
 340 K   0.95823 0.01227 0.02887 0.00064 ( 1)
 341 I   0.99161 0.00103 0.00732 0.00003 ( 1)
 342 N   0.57813 0.06251 0.35539 0.00396 ( 1)
 343 T   0.97905 0.00440 0.01637 0.00019 ( 1)
 344 E   0.94581 0.01768 0.03552 0.00100 ( 1)
 345 D   0.93349 0.02350 0.04161 0.00140 ( 1)
 346 D   0.93236 0.02421 0.04197 0.00145 ( 1)
 347 D   0.93764 0.02154 0.03955 0.00126 ( 1)
 348 N   0.00064 0.96102 0.00001 0.03833 ( 2)
 349 E   0.94817 0.01662 0.03428 0.00092 ( 1)
 350 D   0.93237 0.02420 0.04198 0.00145 ( 1)
 351 E   0.94832 0.01648 0.03429 0.00092 ( 1)
 352 E   0.01577 0.17516 0.78679 0.02228 ( 3)
 353 D   0.93237 0.02420 0.04198 0.00145 ( 1)
 354 E   0.94832 0.01648 0.03429 0.00092 ( 1)
 355 E   0.94500 0.01800 0.03598 0.00102 ( 1)
 356 D   0.93241 0.02401 0.04213 0.00145 ( 1)
 357 D   0.93822 0.02140 0.03913 0.00125 ( 1)
 358 D   0.34706 0.17604 0.46204 0.01486 ( 3)
 359 D   0.93816 0.02146 0.03913 0.00125 ( 1)
 360 N   0.47150 0.10561 0.41521 0.00768 ( 1)
 361 -   0.47937 0.46540 0.02543 0.02980 ( 1)
 362 D   0.29187 0.18917 0.50160 0.01736 ( 3)
 363 D   0.93257 0.02380 0.04218 0.00144 ( 1)
 364 D   0.93822 0.02140 0.03913 0.00125 ( 1)
 365 N   0.00037 0.87430 0.01723 0.10811 ( 2)
 366 D   0.92682 0.02422 0.04744 0.00152 ( 1)
 367 N   0.97325 0.00352 0.02307 0.00017 ( 1)
 368 S   0.96458 0.00630 0.02879 0.00032 ( 1)
 369 D   0.92619 0.02434 0.04794 0.00153 ( 1)
 370 E   0.93287 0.01986 0.04605 0.00123 ( 1)
 371 E   0.01264 0.16427 0.80040 0.02269 ( 3)
 372 D   0.07606 0.25286 0.63967 0.03142 ( 3)
 373 D   0.08158 0.86261 0.00369 0.05213 ( 2)
 374 D   0.34234 0.18750 0.45445 0.01572 ( 3)
 375 D   0.93822 0.02140 0.03913 0.00125 ( 1)
 376 S   0.01866 0.13987 0.82438 0.01708 ( 3)
 377 D   0.28605 0.18443 0.51225 0.01726 ( 3)
 378 D   0.34583 0.17537 0.46396 0.01484 ( 3)
 379 D   0.57815 0.37286 0.02638 0.02261 ( 1)
 380 E   0.05908 0.88580 0.00258 0.05254 ( 2)
 381 D   0.93764 0.02154 0.03955 0.00126 ( 1)


lnL = -2370.957329

Bayes Empirical Bayes (BEB) probabilities for 4 classes (class)
(amino acids refer to 1st sequence: Bbon)

   1 M   0.86778 0.11181 0.01751 0.00290 ( 1)
   2 K   0.25177 0.71219 0.00831 0.02774 ( 2)
   3 R   0.33421 0.64431 0.00580 0.01568 ( 2)
   4 T   0.86376 0.11509 0.01808 0.00306 ( 1)
   5 H   0.34861 0.63031 0.00594 0.01514 ( 2)
   6 L   0.75381 0.19324 0.04208 0.01087 ( 1)
   7 F   0.78486 0.17295 0.03418 0.00801 ( 1)
   8 V   0.79638 0.16515 0.03140 0.00707 ( 1)
   9 M   0.23915 0.71971 0.00931 0.03182 ( 2)
  10 A   0.29944 0.67375 0.00685 0.01996 ( 2)
  11 V   0.84236 0.13170 0.02184 0.00410 ( 1)
  12 Y   0.80316 0.16048 0.02980 0.00655 ( 1)
  13 L   0.75381 0.19324 0.04208 0.01087 ( 1)
  14 L   0.75381 0.19324 0.04208 0.01087 ( 1)
  15 S   0.87058 0.10965 0.01700 0.00277 ( 1)
  16 S   0.87058 0.10965 0.01700 0.00277 ( 1)
  17 C   0.89000 0.09387 0.01408 0.00205 ( 1)
  18 R   0.89014 0.09379 0.01403 0.00204 ( 1)
  19 A   0.82277 0.14636 0.02564 0.00523 ( 1)
  20 E   0.14304 0.44674 0.33493 0.07528 ( 2)
  21 E   0.79472 0.16622 0.03185 0.00721 ( 1)
  22 G   0.86017 0.11798 0.01864 0.00321 ( 1)
  23 L   0.75722 0.18984 0.04226 0.01068 ( 1)
  24 N   0.23495 0.49231 0.23319 0.03956 ( 2)
  25 F   0.80229 0.16103 0.03005 0.00663 ( 1)
  26 P   0.81832 0.14955 0.02660 0.00552 ( 1)
  27 T   0.86376 0.11509 0.01808 0.00306 ( 1)
  28 Y   0.80545 0.15893 0.02924 0.00638 ( 1)
  29 D   0.78417 0.17340 0.03436 0.00807 ( 1)
  30 G   0.86343 0.11539 0.01811 0.00307 ( 1)
  31 K   0.26008 0.70392 0.00859 0.02741 ( 2)
  32 D   0.78485 0.17314 0.03402 0.00799 ( 1)
  33 R   0.81942 0.14906 0.02611 0.00541 ( 1)
  34 V   0.79859 0.16421 0.03036 0.00684 ( 1)
  35 V   0.84337 0.13118 0.02143 0.00402 ( 1)
  36 S   0.81067 0.15538 0.02795 0.00599 ( 1)
  37 L   0.80379 0.16043 0.02932 0.00646 ( 1)
  38 T   0.86468 0.11461 0.01772 0.00300 ( 1)
  39 E   0.79547 0.16592 0.03148 0.00713 ( 1)
  40 K   0.81575 0.15174 0.02686 0.00565 ( 1)
  41 N   0.86216 0.11656 0.01816 0.00311 ( 1)
  42 F   0.80310 0.16069 0.02967 0.00654 ( 1)
  43 K   0.81575 0.15174 0.02686 0.00565 ( 1)
  44 Q   0.79530 0.16647 0.03116 0.00707 ( 1)
  45 V   0.84281 0.13158 0.02156 0.00405 ( 1)
  46 L   0.20964 0.74180 0.01006 0.03849 ( 2)
  47 K   0.81575 0.15174 0.02686 0.00565 ( 1)
  48 K   0.81739 0.15054 0.02653 0.00555 ( 1)
  49 Y   0.15220 0.45476 0.32267 0.07036 ( 2)
  50 D   0.78485 0.17314 0.03402 0.00799 ( 1)
  51 L   0.76953 0.18385 0.03738 0.00924 ( 1)
  52 L   0.85127 0.12544 0.01969 0.00359 ( 1)
  53 C   0.89412 0.09120 0.01281 0.00186 ( 1)
  54 L   0.85150 0.12522 0.01970 0.00358 ( 1)
  55 Y   0.80299 0.16112 0.02939 0.00651 ( 1)
  56 Y   0.15240 0.45798 0.31946 0.07015 ( 2)
  57 H   0.84608 0.12946 0.02061 0.00384 ( 1)
  58 E   0.79458 0.16680 0.03144 0.00717 ( 1)
  59 P   0.81808 0.15028 0.02616 0.00548 ( 1)
  60 V   0.23224 0.72701 0.00892 0.03183 ( 2)
  61 S   0.85973 0.11883 0.01824 0.00319 ( 1)
  62 S   0.83478 0.13410 0.02630 0.00482 ( 1)
  63 D   0.77696 0.17869 0.03572 0.00863 ( 1)
  64 K   0.81626 0.15166 0.02650 0.00559 ( 1)
  65 A   0.04020 0.92948 0.00090 0.02942 ( 2)
  66 A   0.00604 0.89907 0.00343 0.09147 ( 2)
  67 Q   0.79442 0.16734 0.03113 0.00711 ( 1)
  68 K   0.81626 0.15166 0.02650 0.00559 ( 1)
  69 Q   0.05078 0.28394 0.54073 0.12456 ( 3)
  70 F   0.15783 0.46908 0.30584 0.06726 ( 2)
  71 Q   0.79572 0.16671 0.03060 0.00697 ( 1)
  72 M   0.00367 0.82037 0.00510 0.17086 ( 2)
  73 K   0.81626 0.15166 0.02650 0.00559 ( 1)
  74 E   0.79840 0.16457 0.03020 0.00683 ( 1)
  75 I   0.80303 0.16137 0.02912 0.00648 ( 1)
  76 V   0.80284 0.15917 0.03124 0.00674 ( 1)
  77 L   0.75333 0.19398 0.04182 0.01087 ( 1)
  78 E   0.79349 0.16789 0.03140 0.00721 ( 1)
  79 F   0.77306 0.17738 0.04015 0.00941 ( 1)
  80 D   0.10970 0.39044 0.40310 0.09676 ( 3)
  81 E   0.78563 0.16845 0.03755 0.00836 ( 1)
  82 E   0.78563 0.16845 0.03755 0.00836 ( 1)
  83 G   0.83990 0.12810 0.02730 0.00470 ( 1)
  84 S   0.79426 0.16222 0.03583 0.00769 ( 1)
  85 L   0.74733 0.19523 0.04564 0.01180 ( 1)
  86 Y   0.79043 0.16503 0.03656 0.00798 ( 1)
  87 V   0.26572 0.69542 0.00972 0.02914 ( 2)
  88 L   0.83123 0.13510 0.02851 0.00517 ( 1)
  89 K   0.79866 0.15904 0.03495 0.00736 ( 1)
  90 G   0.87654 0.09933 0.02121 0.00292 ( 1)
  91 D   0.76647 0.18202 0.04153 0.00999 ( 1)
  92 R   0.80186 0.15667 0.03434 0.00713 ( 1)
  93 T   0.79825 0.15931 0.03505 0.00739 ( 1)
  94 I   0.79929 0.15856 0.03484 0.00732 ( 1)
  95 E   0.78140 0.17146 0.03842 0.00871 ( 1)
  96 F   0.77306 0.17738 0.04015 0.00941 ( 1)
  97 D   0.76647 0.18202 0.04153 0.00999 ( 1)
  98 G   0.84253 0.12607 0.02685 0.00456 ( 1)
  99 E   0.78140 0.17146 0.03842 0.00871 ( 1)
 100 F   0.77306 0.17738 0.04015 0.00941 ( 1)
 101 A   0.80925 0.15253 0.03174 0.00648 ( 1)
 102 A   0.80534 0.15411 0.03367 0.00688 ( 1)
 103 D   0.76647 0.18202 0.04153 0.00999 ( 1)
 104 V   0.82316 0.14083 0.03032 0.00569 ( 1)
 105 L   0.75960 0.18692 0.04288 0.01060 ( 1)
 106 V   0.78275 0.17052 0.03814 0.00859 ( 1)
 107 E   0.78140 0.17146 0.03842 0.00871 ( 1)
 108 F   0.77327 0.17718 0.04016 0.00940 ( 1)
 109 L   0.83191 0.13419 0.02874 0.00516 ( 1)
 110 L   0.75960 0.18692 0.04288 0.01060 ( 1)
 111 D   0.77116 0.17910 0.04020 0.00953 ( 1)
 112 L   0.29096 0.67941 0.00755 0.02208 ( 2)
