Supplemental results for CODEML (seqf: /home/leticiamagpali/phd/evol_models/codeml/small_dataset/cml_align/MYL1_codon_aligned.phy  treef: /home/leticiamagpali/phd/evol_models/codeml/small_dataset/cml_trees/gene_trees/H1c_gene_trees/MYL1_tree_H1c.tre)

I	J	ij	2Ns_IJ	pMut_IJ	pSub_IJ	2Ns_JI	pMut_JI	pSub_JI

TTC	TTT	CT	1.06774	0.07758	0.12623	-1.06774	0.22566	0.12623
TTA	TTT	AT	2.78707	0.02109	0.06265	-2.78707	0.34244	0.06265
TTA	TTC	AC	1.71932	0.02376	0.04977	-1.71932	0.13260	0.04977
TTG	TTT	GT	2.28269	0.00487	0.01237	-2.28269	0.04772	0.01237
TTG	TTC	GC	1.21494	0.00548	0.00947	-1.21494	0.01848	0.00947
TTG	TTA	GA	-0.50438	0.02868	0.02205	0.50438	0.01732	0.02205
TCT	TTT	CT	1.06774	0.07758	0.12623	-1.06774	0.22566	0.12623
TCC	TTC	CT	-0.00847	0.08812	0.08775	0.00847	0.08738	0.08775
TCC	TCT	CT	-0.00847	0.08812	0.08775	0.00847	0.08738	0.08775
TCA	TTA	CT	1.17985	0.01356	0.02309	-1.17985	0.04411	0.02309
TCA	TCT	AT	2.89917	0.00730	0.02240	-2.89917	0.13260	0.02240
TCA	TCC	AC	2.90764	0.00822	0.02530	-2.90764	0.15062	0.02530
TCG	TTG	CT	7.79353	0.00000	0.00000	-7.79353	0.01018	0.00003
TCG	TCT	GT	9.00847	0.00000	0.00000	-9.00847	0.01848	0.00002
TCG	TCC	GC	9.01694	0.00000	0.00000	-9.01694	0.02099	0.00002
TCG	TCA	GA	6.10929	0.00000	0.00000	-6.10929	0.00600	0.00008
TAT	TTT	AT	2.50421	0.02799	0.07634	-2.50421	0.34244	0.07634
TAT	TCT	AC	1.43646	0.03153	0.05942	-1.43646	0.13260	0.05942
TAC	TTC	AT	5.78954	0.00041	0.00236	-5.78954	0.13260	0.00236
TAC	TCC	AC	5.79801	0.00046	0.00266	-5.79801	0.15062	0.00266
TAC	TAT	CT	4.35308	0.00075	0.00332	-4.35308	0.05854	0.00332
TGT	TTT	GT	9.95723	0.00000	0.00000	-9.95723	0.04772	0.00002
TGT	TCT	GC	8.88949	0.00000	0.00000	-8.88949	0.01848	0.00002
TGT	TAT	GA	7.45303	0.00000	0.00000	-7.45303	0.02298	0.00010
TGC	TTC	GT	1.11077	0.00609	0.01008	-1.11077	0.01848	0.01008
TGC	TCC	GC	1.11924	0.00685	0.01139	-1.11924	0.02099	0.01139
TGC	TAC	GA	-4.67877	0.03585	0.00157	4.67877	0.00033	0.00157
TGC	TGT	CT	-7.77872	0.01130	0.00004	7.77872	0.00000	0.00000
TGG	TTG	GT	0.05956	0.00203	0.00209	-0.05956	0.00215	0.00209
TGG	TCG	GC	-7.73396	0.00228	0.00001	7.73396	0.00000	0.00000
TGG	TGT	GT	-7.61498	0.00203	0.00001	7.61498	0.00000	0.00000
TGG	TGC	GC	0.16373	0.00228	0.00248	-0.16373	0.00269	0.00248
CTT	TTT	CT	1.09730	0.07532	0.12405	-1.09730	0.22566	0.12405
CTC	TTC	CT	0.67617	0.04444	0.06114	-0.67617	0.08738	0.06114
CTC	CTT	CT	0.64661	0.04444	0.06034	-0.64661	0.08484	0.06034
CTA	TTA	CT	-0.36060	0.06327	0.05255	0.36060	0.04411	0.05255
CTA	CTT	AT	1.32917	0.03408	0.06160	-1.32917	0.12874	0.06160
CTA	CTC	AC	0.68256	0.03838	0.05296	-0.68256	0.07596	0.05296
CTG	TTG	CT	-2.38655	0.11072	0.02676	2.38655	0.01018	0.02676
CTG	CTT	GT	-1.20117	0.05963	0.03082	1.20117	0.01794	0.03082
CTG	CTC	GC	-1.84778	0.06717	0.02322	1.84778	0.01058	0.02322
CTG	CTA	GA	-2.53033	0.35136	0.07692	2.53033	0.02798	0.07692
CCT	TCT	CT	-0.52441	0.14763	0.11229	0.52441	0.08738	0.11229
CCT	CTT	CT	-0.55397	0.14763	0.11049	0.55397	0.08484	0.11049
CCC	TCC	CT	-0.00920	0.10017	0.09971	0.00920	0.09926	0.09971
CCC	CTC	CT	-0.69384	0.10017	0.06941	0.69384	0.05005	0.06941
CCC	CCT	CT	0.50674	0.10017	0.12769	-0.50674	0.16628	0.12769
CCA	TCA	CT	-1.71804	0.08511	0.03197	1.71804	0.01527	0.03197
CCA	CTA	CT	-0.17759	0.08511	0.07778	0.17759	0.07126	0.07778
CCA	CCT	AT	1.70554	0.04584	0.09554	-1.70554	0.25233	0.09554
CCA	CCC	AC	1.19880	0.05163	0.08862	-1.19880	0.17122	0.08862
CCG	TCG	CT	-8.28954	0.01883	0.00004	8.28954	0.00000	0.00000
CCG	CTG	CT	1.89053	0.01883	0.04193	-1.89053	0.12471	0.04193
CCG	CCT	GT	1.24333	0.01014	0.01772	-1.24333	0.03516	0.01772
CCG	CCC	GC	0.73659	0.01142	0.01614	-0.73659	0.02386	0.01614
CCG	CCA	GA	-0.46221	0.05976	0.04701	0.46221	0.03764	0.04701
CAT	TAT	CT	0.50294	0.03540	0.04505	-0.50294	0.05854	0.04505
CAT	CTT	AT	1.90984	0.01907	0.04274	-1.90984	0.12874	0.04274
CAT	CCT	AC	2.46381	0.02148	0.05783	-2.46381	0.25233	0.05783
CAC	TAC	CT	-4.05541	0.04896	0.00350	4.05541	0.00085	0.00350
CAC	CTC	AT	1.05797	0.02637	0.04273	-1.05797	0.07596	0.04273
CAC	CCC	AC	1.75180	0.02970	0.06295	-1.75180	0.17122	0.06295
CAC	CAT	CT	-0.20526	0.04896	0.04410	0.20526	0.03987	0.04410
CAA	CTA	AT	1.24183	0.03124	0.05455	-1.24183	0.10814	0.05455
CAA	CCA	AC	1.41942	0.03518	0.06587	-1.41942	0.14547	0.06587
CAA	CAT	AT	0.66116	0.03124	0.04269	-0.66116	0.06051	0.04269
CAA	CAC	AC	0.86642	0.03518	0.05260	-0.86642	0.08368	0.05260
CAG	CTG	AT	1.39166	0.04706	0.08716	-1.39166	0.18924	0.08716
CAG	CCG	AC	-0.49888	0.05300	0.04088	0.49888	0.03218	0.04088
CAG	CAT	GT	-1.71935	0.04706	0.01766	1.71935	0.00843	0.01766
CAG	CAC	GC	-1.51408	0.05300	0.02264	1.51408	0.01166	0.02264
CAG	CAA	GA	-2.38050	0.27726	0.06728	2.38050	0.02565	0.06728
CGT	TGT	CT	-9.09602	0.04218	0.00004	9.09602	0.00000	0.00000
CGT	CTT	GT	-0.23609	0.02272	0.02014	0.23609	0.01794	0.02014
CGT	CCT	GC	0.31788	0.02559	0.02987	-0.31788	0.03516	0.02987
CGT	CAT	GA	-2.14592	0.13385	0.03804	2.14592	0.01566	0.03804
CGC	TGC	CT	8.01667	0.00000	0.00000	-8.01667	0.01273	0.00003
CGC	CTC	GT	8.45128	0.00000	0.00000	-8.45128	0.01058	0.00002
CGC	CCC	GC	9.14511	0.00000	0.00000	-9.14511	0.02386	0.00002
CGC	CAC	GA	7.39331	0.00000	0.00000	-7.39331	0.02165	0.00010
CGC	CGT	CT	9.33397	0.00000	0.00000	-9.33397	0.04751	0.00004
CGA	CTA	GT	2.00547	0.00203	0.00470	-2.00547	0.01507	0.00470
CGA	CCA	GC	2.18307	0.00228	0.00562	-2.18307	0.02027	0.00562
CGA	CAA	GA	0.76365	0.01195	0.01709	-0.76365	0.02565	0.01709
CGA	CGT	AT	3.57073	0.00203	0.00745	-3.57073	0.07209	0.00745
CGA	CGC	AC	-5.76324	0.00228	0.00004	5.76324	0.00000	0.00000
CGG	TGG	CT	-1.63888	0.02184	0.00863	1.63888	0.00424	0.00863
CGG	CTG	GT	0.80723	0.01176	0.01714	-0.80723	0.02637	0.01714
CGG	CCG	GC	-1.08330	0.01325	0.00734	1.08330	0.00449	0.00734
CGG	CAG	GA	-0.58442	0.06932	0.05102	0.58442	0.03864	0.05102
CGG	CGT	GT	-0.15785	0.01176	0.01086	0.15785	0.01005	0.01086
CGG	CGC	GC	-9.49182	0.01325	0.00001	9.49182	0.00000	0.00000
CGG	CGA	GA	-3.72858	0.06932	0.00636	3.72858	0.00167	0.00636
ATT	TTT	AT	2.08435	0.04260	0.10140	-2.08435	0.34244	0.10140
ATT	CTT	AC	0.98705	0.04798	0.07549	-0.98705	0.12874	0.07549
ATC	TTC	AT	1.57004	0.02759	0.05469	-1.57004	0.13260	0.05469
ATC	CTC	AC	0.89387	0.03107	0.04700	-0.89387	0.07596	0.04700
ATC	ATT	CT	0.55343	0.05122	0.06669	-0.55343	0.08908	0.06669
ATA	TTA	AT	2.62115	0.00487	0.01376	-2.62115	0.06694	0.01376
ATA	CTA	AC	2.98175	0.00548	0.01722	-2.98175	0.10814	0.01722
ATA	ATT	AT	3.32387	0.00487	0.01679	-3.32387	0.13517	0.01679
ATA	ATC	AC	2.77044	0.00548	0.01621	-2.77044	0.08754	0.01621
ATG	TTG	AT	-1.49018	0.06856	0.02972	1.49018	0.01545	0.02972
ATG	CTG	AC	0.89637	0.07722	0.11693	-0.89637	0.18924	0.11693
ATG	ATT	GT	-1.29184	0.06856	0.03355	1.29184	0.01884	0.03355
ATG	ATC	GC	-1.84527	0.07722	0.02674	1.84527	0.01220	0.02674
ATG	ATA	GA	-4.61571	0.40394	0.01863	4.61571	0.00400	0.01863
ACT	TCT	AT	5.78954	0.00041	0.00236	-5.78954	0.13260	0.00236
ACT	CCT	AC	6.31395	0.00046	0.00289	-6.31395	0.25233	0.00289
ACT	ATT	CT	4.77294	0.00075	0.00363	-4.77294	0.08908	0.00363
ACC	TCC	AT	1.20746	0.04503	0.07756	-1.20746	0.15062	0.07756
ACC	CCC	AC	1.21666	0.05072	0.08768	-1.21666	0.17122	0.08768
ACC	ATC	CT	-0.37105	0.08360	0.06905	0.37105	0.05769	0.06905
ACC	ACT	CT	-4.59055	0.08360	0.00393	4.59055	0.00085	0.00393
ACA	TCA	AT	-0.51916	0.03894	0.02971	0.51916	0.02317	0.02971
ACA	CCA	AC	1.19888	0.04386	0.07529	-1.19888	0.14547	0.07529
ACA	ATA	CT	-1.96047	0.07231	0.02323	1.96047	0.01018	0.02323
ACA	ACT	AT	-3.40953	0.03894	0.00454	3.40953	0.00129	0.00454
ACA	ACC	AC	1.18102	0.04386	0.07475	-1.18102	0.14290	0.07475
ACG	TCG	AT	-5.42112	0.00162	0.00004	5.42112	0.00000	0.00000
ACG	CCG	AC	2.86842	0.00183	0.00556	-2.86842	0.03218	0.00556
ACG	ATG	CT	3.86258	0.00301	0.01189	-3.86258	0.14337	0.01189
ACG	ACT	GT	-2.20220	0.00162	0.00044	2.20220	0.00018	0.00044
ACG	ACC	GC	2.38836	0.00183	0.00481	-2.38836	0.01991	0.00481
ACG	ACA	GA	1.20733	0.00956	0.01647	-1.20733	0.03198	0.01647
AAT	TAT	AT	0.16318	0.07546	0.08178	-0.16318	0.08883	0.08178
AAT	CAT	AC	-0.33976	0.08499	0.07137	0.33976	0.06051	0.07137
AAT	ATT	AT	0.58303	0.07546	0.09958	-0.58303	0.13517	0.09958
AAT	ACT	AC	-4.18991	0.08499	0.00548	4.18991	0.00129	0.00548
AAC	TAC	AT	-3.99848	0.07018	0.00524	3.99848	0.00129	0.00524
AAC	CAC	AC	0.05693	0.07905	0.08132	-0.05693	0.08368	0.08132
AAC	ATC	AT	0.22103	0.07018	0.07822	-0.22103	0.08754	0.07822
AAC	ACC	AC	0.59208	0.07905	0.10475	-0.59208	0.14290	0.10475
AAC	AAT	CT	0.19143	0.13030	0.14317	-0.19143	0.15779	0.14317
AAA	CAA	AC	0.49684	0.06031	0.07653	-0.49684	0.09913	0.07653
AAA	ATA	AT	-1.24308	0.05355	0.02699	1.24308	0.01545	0.02699
AAA	ACA	AC	0.71739	0.06031	0.08451	-0.71739	0.12359	0.08451
AAA	AAT	AT	1.49776	0.05355	0.10331	-1.49776	0.23945	0.10331
AAA	AAC	AC	1.30633	0.06031	0.10805	-1.30633	0.22272	0.10805
AAG	CAG	AC	0.02111	0.14622	0.14777	-0.02111	0.14934	0.14777
AAG	ATG	AT	0.51639	0.12982	0.16621	-0.51639	0.21757	0.16621
AAG	ACG	AC	-3.34619	0.14622	0.01786	3.34619	0.00515	0.01786
AAG	AAT	GT	-1.35848	0.12982	0.06102	1.35848	0.03337	0.06102
AAG	AAC	GC	-1.54991	0.14622	0.06107	1.54991	0.03104	0.06107
AAG	AAA	GA	-2.85624	0.76487	0.13324	2.85624	0.04397	0.13324
AGT	TGT	AT	1.15482	0.00000	0.00000	-1.15482	0.00000	0.00000
AGT	CGT	AC	10.25083	0.00000	0.00000	-10.25083	0.07209	0.00003
AGT	ATT	GT	9.02770	0.00000	0.00000	-9.02770	0.01884	0.00002
AGT	ACT	GC	4.25476	0.00000	0.00000	-4.25476	0.00018	0.00001
AGT	AAT	GA	8.44467	0.00000	0.00000	-8.44467	0.06195	0.00011
AGC	TGC	AT	-0.19758	0.02353	0.02128	0.19758	0.01931	0.02128
AGC	CGC	AC	-8.21425	0.02650	0.00006	8.21425	0.00000	0.00000
AGC	ATC	GT	-0.65684	0.02353	0.01664	0.65684	0.01220	0.01664
AGC	ACC	GC	-0.28579	0.02650	0.02289	0.28579	0.01991	0.02289
AGC	AAC	GA	-0.87787	0.13863	0.08657	0.87787	0.05762	0.08657
AGC	AGT	CT	-9.13111	0.04369	0.00004	9.13111	0.00000	0.00000
AGA	CGA	AC	-0.93824	0.01645	0.00992	0.93824	0.00644	0.00992
AGA	ATA	GT	-1.91452	0.01460	0.00483	1.91452	0.00215	0.00483
AGA	ACA	GC	0.04595	0.01645	0.01683	-0.04595	0.01722	0.01683
AGA	AAA	GA	-0.67144	0.08605	0.06037	0.67144	0.04397	0.06037
AGA	AGT	AT	-7.61835	0.01460	0.00005	7.61835	0.00000	0.00000
AGA	AGC	AC	1.51276	0.01645	0.03191	-1.51276	0.07467	0.03191
AGG	TGG	AT	-1.52621	0.02961	0.01255	1.52621	0.00644	0.01255
AGG	CGG	AC	0.11268	0.03336	0.03527	-0.11268	0.03733	0.03527
AGG	ATG	GT	0.02354	0.02961	0.02996	-0.02354	0.03032	0.02996
AGG	ACG	GC	-3.83905	0.03336	0.00282	3.83905	0.00072	0.00282
AGG	AAG	GA	-0.49286	0.17449	0.13500	0.49286	0.10659	0.13500
AGG	AGT	GT	-10.29601	0.02961	0.00001	10.29601	0.00000	0.00000
AGG	AGC	GC	-1.16490	0.03336	0.01762	1.16490	0.01041	0.01762
AGG	AGA	GA	-2.67766	0.17449	0.03448	2.67766	0.01199	0.03448
GTT	TTT	GT	0.02266	0.04665	0.04718	-0.02266	0.04772	0.04718
GTT	CTT	GC	-1.07464	0.05255	0.02927	1.07464	0.01794	0.02927
GTT	ATT	GA	-2.06169	0.27487	0.08262	2.06169	0.03497	0.08262
GTC	TTC	GT	-0.63552	0.03489	0.02497	0.63552	0.01848	0.02497
GTC	CTC	GC	-1.31169	0.03930	0.01900	1.31169	0.01058	0.01900
GTC	ATC	GA	-2.20556	0.20556	0.05614	2.20556	0.02265	0.05614
GTC	GTT	CT	0.40956	0.06477	0.07894	-0.40956	0.09756	0.07894
GTA	TTA	GT	-0.00015	0.00933	0.00933	0.00015	0.00933	0.00933
GTA	CTA	GC	0.36044	0.01051	0.01252	-0.36044	0.01507	0.01252
GTA	ATA	GA	-2.62131	0.05497	0.01130	2.62131	0.00400	0.01130
GTA	GTT	AT	2.76425	0.00933	0.02753	-2.76425	0.14805	0.02753
GTA	GTC	AC	2.35469	0.01051	0.02734	-2.35469	0.11071	0.02734
GTG	TTG	GT	-2.55050	0.02759	0.00596	2.55050	0.00215	0.00596
GTG	CTG	GC	-0.16396	0.03107	0.02859	0.16396	0.02637	0.02859
GTG	ATG	GA	-1.06033	0.16253	0.09131	1.06033	0.05629	0.09131
GTG	GTT	GT	-0.29048	0.02759	0.02377	0.29048	0.02063	0.02377
GTG	GTC	GC	-0.70004	0.03107	0.02145	0.70004	0.01543	0.02145
GTG	GTA	GA	-3.05473	0.16253	0.02456	3.05473	0.00766	0.02456
GCT	TCT	GT	-1.38518	0.07383	0.03414	1.38518	0.01848	0.03414
GCT	CCT	GC	-0.86077	0.08316	0.05244	0.86077	0.03516	0.05244
GCT	ACT	GA	-7.17473	0.43502	0.00239	7.17473	0.00033	0.00239
GCT	GTT	CT	-0.34010	0.13708	0.11509	0.34010	0.09756	0.11509
GCC	TCC	GT	-1.48745	0.09290	0.04034	1.48745	0.02099	0.04034
GCC	CCC	GC	-1.47825	0.10464	0.04569	1.47825	0.02386	0.04569
GCC	ACC	GA	-2.69491	0.54736	0.10686	2.69491	0.03697	0.10686
GCC	GTC	CT	-0.86040	0.17248	0.10879	0.86040	0.07296	0.10879
GCC	GCT	CT	-0.11074	0.17248	0.16311	0.11074	0.15440	0.16311
GCA	TCA	GT	-3.32369	0.08965	0.01113	3.32369	0.00323	0.01113
GCA	CCA	GC	-1.60565	0.10098	0.04073	1.60565	0.02027	0.04073
GCA	ACA	GA	-2.80453	0.52824	0.09546	2.80453	0.03198	0.09546
GCA	GTA	CT	-2.14369	0.16646	0.04738	2.14369	0.01951	0.04738
GCA	GCT	AT	0.96066	0.08965	0.13951	-0.96066	0.23430	0.13951
GCA	GCC	AC	1.07140	0.10098	0.16456	-1.07140	0.29481	0.16456
GCG	TCG	GT	-9.76675	0.01744	0.00001	9.76675	0.00000	0.00000
GCG	CCG	GC	-1.47720	0.01965	0.00859	1.47720	0.00449	0.00859
GCG	ACG	GA	-4.34562	0.10278	0.00587	4.34562	0.00133	0.00587
GCG	GTG	CT	0.57728	0.03239	0.04263	-0.57728	0.05769	0.04263
GCG	GCT	GT	0.62690	0.01744	0.02348	-0.62690	0.03265	0.02348
GCG	GCC	GC	0.73764	0.01965	0.02778	-0.73764	0.04108	0.02778
GCG	GCA	GA	-0.33376	0.10278	0.08658	0.33376	0.07361	0.08658
GAT	TAT	GT	-1.00064	0.03367	0.01959	1.00064	0.01238	0.01959
GAT	CAT	GC	-1.50357	0.03792	0.01630	1.50357	0.00843	0.01630
GAT	AAT	GA	-1.16381	0.19839	0.10485	1.16381	0.06195	0.10485
GAT	GTT	AT	1.48091	0.03367	0.06454	-1.48091	0.14805	0.06454
GAT	GCT	AC	1.82101	0.03792	0.08240	-1.82101	0.23430	0.08240
GAC	TAC	GT	-6.12417	0.08195	0.00110	6.12417	0.00018	0.00110
GAC	CAC	GC	-2.06876	0.09230	0.02761	2.06876	0.01166	0.02761
GAC	AAC	GA	-2.12570	0.48282	0.13909	2.12570	0.05762	0.13909
GAC	GTC	AT	0.30089	0.08195	0.09489	-0.30089	0.11071	0.09489
GAC	GCC	AC	1.16129	0.09230	0.15604	-1.16129	0.29481	0.15604
GAC	GAT	CT	-0.77045	0.15214	0.10099	0.77045	0.07041	0.10099
GAA	CAA	GC	-2.26096	0.13251	0.03487	2.26096	0.01381	0.03487
GAA	AAA	GA	-2.75780	0.69316	0.12947	2.75780	0.04397	0.12947
GAA	GTA	AT	-1.37957	0.11765	0.05459	1.37957	0.02961	0.05459
GAA	GCA	AC	0.76412	0.13251	0.18952	-0.76412	0.28451	0.18952
GAA	GAT	AT	-0.09623	0.11765	0.11208	0.09623	0.10685	0.11208
GAA	GAC	AC	0.67423	0.13251	0.18216	-0.67423	0.26005	0.18216
GAG	CAG	GC	-1.25019	0.07265	0.03646	1.25019	0.02081	0.03646
GAG	AAG	GA	-1.27130	0.38004	0.18833	1.27130	0.10659	0.18833
GAG	GTG	AT	0.30542	0.06450	0.07485	-0.30542	0.08754	0.07485
GAG	GCG	AC	-0.27186	0.07265	0.06322	0.27186	0.05536	0.06322
GAG	GAT	GT	-1.46597	0.06450	0.02838	1.46597	0.01489	0.02838
GAG	GAC	GC	-0.69552	0.07265	0.05029	0.69552	0.03624	0.05029
GAG	GAA	GA	-1.36974	0.38004	0.17740	1.36974	0.09660	0.17740
GGT	TGT	GT	-10.88074	0.05314	0.00001	10.88074	0.00000	0.00000
GGT	CGT	GC	-1.78473	0.05986	0.02155	1.78473	0.01005	0.02155
GGT	AGT	GA	-12.03556	0.31312	0.00002	12.03556	0.00000	0.00000
GGT	GTT	GT	-0.94617	0.05314	0.03191	0.94617	0.02063	0.03191
GGT	GCT	GC	-0.60607	0.05986	0.04354	0.60607	0.03265	0.04354
GGT	GAT	GA	-2.42708	0.31312	0.07360	2.42708	0.02765	0.07360
GGC	TGC	GT	-3.14481	0.06247	0.00884	3.14481	0.00269	0.00884
GGC	CGC	GC	-11.16148	0.07037	0.00001	11.16148	0.00000	0.00000
GGC	AGC	GA	-2.94723	0.36809	0.06009	2.94723	0.01932	0.06009
GGC	GTC	GT	-1.39851	0.06247	0.02865	1.39851	0.01543	0.02865
GGC	GCC	GC	-0.53811	0.07037	0.05312	0.53811	0.04108	0.05312
GGC	GAC	GA	-1.69940	0.36809	0.13992	1.69940	0.06728	0.13992
GGC	GGT	CT	-0.04278	0.11599	0.11353	0.04278	0.11113	0.11353
GGA	CGA	GC	-2.65765	0.01279	0.00256	2.65765	0.00090	0.00256
GGA	AGA	GA	-1.71940	0.06693	0.02512	1.71940	0.01199	0.02512
GGA	GTA	GT	-1.01261	0.01136	0.00656	1.01261	0.00413	0.00656
GGA	GCA	GC	1.13108	0.01279	0.02137	-1.13108	0.03965	0.02137
GGA	GAA	GA	0.36696	0.06693	0.07995	-0.36696	0.09660	0.07995
GGA	GGT	AT	2.69781	0.01136	0.03286	-2.69781	0.16865	0.03286
GGA	GGC	AC	2.74059	0.01279	0.03748	-2.74059	0.19826	0.03748
GGG	TGG	GT	-0.30508	0.00122	0.00104	0.30508	0.00090	0.00104
GGG	CGG	GC	1.33380	0.00137	0.00248	-1.33380	0.00520	0.00248
GGG	AGG	GA	1.22113	0.00717	0.01242	-1.22113	0.02432	0.01242
GGG	GTG	GT	2.30499	0.00122	0.00312	-2.30499	0.01220	0.00312
GGG	GCG	GC	1.72771	0.00137	0.00288	-1.72771	0.00771	0.00288
GGG	GAG	GA	1.99957	0.00717	0.01658	-1.99957	0.05296	0.01658
GGG	GGT	GT	2.96068	0.00122	0.00380	-2.96068	0.02350	0.00380
GGG	GGC	GC	3.00346	0.00137	0.00433	-3.00346	0.02763	0.00433
GGG	GGA	GA	0.26287	0.00717	0.00815	-0.26287	0.00933	0.00815


Histograms
2Ns	FMut	FSub(CodonUsage)	FSubw(after w)

-11.46244	0.01070	0.00000
-10.31619	0.00614	0.00000
-9.16995	0.00690	0.00001
-8.02371	0.00541	0.00002
-6.87746	0.01979	0.00023
-5.73122	0.01417	0.00037
-4.58497	0.02534	0.00198
-3.43873	0.05208	0.01106
-2.29249	0.23999	0.08842
-1.14624	0.29918	0.24857
0.00000	0.19686	0.29869
1.14624	0.09873	0.24857
2.29249	0.02217	0.08842
3.43873	0.00219	0.01106
4.58497	0.00028	0.00198
5.73122	0.00004	0.00037
6.87746	0.00002	0.00023
8.02371	0.00000	0.00000
9.16995	0.00000	0.00000
10.31619	0.00000	0.00000
11.46244	0.00000	0.00000

Proportion of advantageous (S > 0) mutations:
 0.20803

Proportions of good & bad mutations (|S| > 2.0000) among mutations:
0.01993  0.35045

mean |Ns| = 1.95230	mean Ns+ = 0.89769	mean Ns- = -2.22932


MLEs of dN/dS (w) for site classes (K=4)

site class             0        1       2a       2b
proportion       0.66163  0.33355  0.00321  0.00162
background w     0.00000  1.00000  0.00000  1.00000
foreground w     0.00000  1.00000 70.78074 70.78074

Naive Empirical Bayes (NEB) probabilities for 4 classes
(amino acids refer to 1st sequence: Naasi)

   1 M   0.76607 0.23381 0.00009 0.00003 ( 1)
   2 H   0.86177 0.13823 0.00000 0.00000 ( 1)
   3 A   0.73971 0.25999 0.00022 0.00008 ( 1)
   4 L   0.79350 0.20646 0.00003 0.00001 ( 1)
   5 I   0.00001 0.99997 0.00002 0.00000 ( 2)
   6 P   0.00000 0.95423 0.03384 0.01193 ( 2)
   7 F   0.00000 0.99955 0.00000 0.00044 ( 2)
   8 N   0.76054 0.23931 0.00011 0.00004 ( 1)
   9 A   0.72822 0.27133 0.00033 0.00013 ( 1)
  10 L   0.73573 0.26387 0.00029 0.00011 ( 1)
  11 G   0.71220 0.28702 0.00055 0.00023 ( 1)
  12 P   0.00000 0.04611 0.70674 0.24715 ( 3)
  13 P   0.73639 0.26327 0.00024 0.00009 ( 1)
  14 S   0.83929 0.16071 0.00000 0.00000 ( 1)
  15 R   0.79990 0.20010 0.00000 0.00000 ( 1)
  16 H   0.81811 0.18189 0.00000 0.00000 ( 1)
  17 Q   0.00000 1.00000 0.00000 0.00000 ( 2)
  18 S   0.79269 0.20730 0.00001 0.00000 ( 1)
  19 V   0.82041 0.17959 0.00000 0.00000 ( 1)
  20 D   0.88865 0.11135 0.00000 0.00000 ( 1)
  21 Q   0.81528 0.18472 0.00000 0.00000 ( 1)
  22 A   0.00000 0.99984 0.00012 0.00004 ( 2)
  23 N   0.82725 0.17275 0.00000 0.00000 ( 1)
  24 H   0.00001 0.99999 0.00000 0.00000 ( 2)
  25 H   0.85181 0.14819 0.00000 0.00000 ( 1)
  26 S   0.00000 0.99999 0.00000 0.00001 ( 2)
  27 S   0.81002 0.18998 0.00000 0.00000 ( 1)
  28 S   0.00000 0.99999 0.00000 0.00000 ( 2)
  29 K   0.77813 0.22186 0.00001 0.00000 ( 1)
  30 N   0.79429 0.20571 0.00000 0.00000 ( 1)
  31 Q   0.81816 0.18184 0.00000 0.00000 ( 1)
  32 F   0.76326 0.23672 0.00001 0.00000 ( 1)
  33 D   0.83296 0.16704 0.00000 0.00000 ( 1)
  34 R   0.78345 0.21655 0.00000 0.00000 ( 1)
  35 F   0.00000 0.99966 0.00026 0.00008 ( 2)
  36 F   0.76745 0.23253 0.00001 0.00000 ( 1)
  37 R   0.80155 0.19845 0.00000 0.00000 ( 1)
  38 R   0.00000 0.99999 0.00000 0.00000 ( 2)
  39 F   0.00000 0.99999 0.00000 0.00000 ( 2)
  40 S   0.79553 0.20447 0.00000 0.00000 ( 1)
  41 F   0.00000 1.00000 0.00000 0.00000 ( 2)
  42 F   0.00000 0.99959 0.00000 0.00041 ( 2)
  43 F   0.76372 0.23627 0.00001 0.00000 ( 1)
  44 F   0.73215 0.26780 0.00003 0.00001 ( 1)
  45 K   0.73495 0.26498 0.00005 0.00002 ( 1)
  46 P   0.00000 0.99927 0.00055 0.00017 ( 2)
  47 I   0.00000 1.00000 0.00000 0.00000 ( 2)
  48 L   0.84267 0.15733 0.00000 0.00000 ( 1)
  49 L   0.00000 0.99999 0.00000 0.00001 ( 2)
  50 N   0.83628 0.16372 0.00000 0.00000 ( 1)
  51 T   0.00000 1.00000 0.00000 0.00000 ( 2)
  52 M   0.81972 0.18028 0.00000 0.00000 ( 1)
  53 A   0.76406 0.23593 0.00001 0.00000 ( 1)
  54 P   0.80020 0.19980 0.00000 0.00000 ( 1)
  55 K   0.79122 0.20878 0.00000 0.00000 ( 1)
  56 K   0.79122 0.20878 0.00000 0.00000 ( 1)
  57 D   0.85843 0.14157 0.00000 0.00000 ( 1)
  58 V   0.83955 0.16045 0.00000 0.00000 ( 1)
  59 K   0.79122 0.20878 0.00000 0.00000 ( 1)
  60 K   0.86731 0.13269 0.00000 0.00000 ( 1)
  61 P   0.00000 1.00000 0.00000 0.00000 ( 2)
  62 A   0.76308 0.23692 0.00000 0.00000 ( 1)
  63 A   0.77992 0.22008 0.00000 0.00000 ( 1)
  64 A   0.76308 0.23692 0.00000 0.00000 ( 1)
  65 A   0.00000 0.99999 0.00000 0.00001 ( 2)
  66 -   0.76884 0.23116 0.00000 0.00000 ( 1)
  67 -   0.78485 0.21515 0.00000 0.00000 ( 1)
  68 A   0.78179 0.21821 0.00000 0.00000 ( 1)
  69 P   0.76817 0.23182 0.00000 0.00000 ( 1)
  70 A   0.77180 0.22813 0.00005 0.00002 ( 1)
  71 P   0.75309 0.24679 0.00009 0.00003 ( 1)
  72 A   0.78166 0.21832 0.00002 0.00001 ( 1)
  73 P   0.83962 0.16038 0.00000 0.00000 ( 1)
  74 A   0.76560 0.23439 0.00001 0.00000 ( 1)
  75 P   0.00000 0.99999 0.00000 0.00001 ( 2)
  76 A   0.00000 0.99988 0.00000 0.00012 ( 2)
  77 P   0.76551 0.23449 0.00000 0.00000 ( 1)
  78 A   0.76502 0.23491 0.00005 0.00002 ( 1)
  79 P   0.76743 0.23255 0.00002 0.00001 ( 1)
  80 A   0.76406 0.23593 0.00001 0.00000 ( 1)
  81 P   0.76551 0.23449 0.00000 0.00000 ( 1)
  82 A   0.00000 0.96413 0.02699 0.00887 ( 2)
  83 P   0.79339 0.20660 0.00001 0.00000 ( 1)
  84 P   0.78331 0.21667 0.00002 0.00001 ( 1)
  85 K   0.84024 0.15976 0.00000 0.00000 ( 1)
  86 E   0.78104 0.21892 0.00003 0.00001 ( 1)
  87 A   0.00000 0.99986 0.00000 0.00014 ( 2)
  88 K   0.77103 0.22890 0.00005 0.00002 ( 1)
  89 I   0.81914 0.18086 0.00000 0.00000 ( 1)
  90 D   0.82359 0.17641 0.00000 0.00000 ( 1)
  91 L   0.82809 0.17191 0.00000 0.00000 ( 1)
  92 S   0.80143 0.19857 0.00001 0.00000 ( 1)
  93 A   0.76770 0.23224 0.00004 0.00001 ( 1)
  94 I   0.00000 0.99999 0.00000 0.00000 ( 2)
  95 E   0.00000 0.99478 0.00000 0.00522 ( 2)
  96 F   0.81209 0.18791 0.00000 0.00000 ( 1)
  97 K   0.79122 0.20878 0.00000 0.00000 ( 1)
  98 E   0.81067 0.18933 0.00000 0.00000 ( 1)
  99 A   0.76406 0.23593 0.00001 0.00000 ( 1)
 100 F   0.77498 0.22501 0.00000 0.00000 ( 1)
 101 L   0.85447 0.14553 0.00000 0.00000 ( 1)
 102 L   0.77128 0.22872 0.00000 0.00000 ( 1)
 103 Y   0.00001 0.99999 0.00000 0.00000 ( 2)
 104 D   0.84963 0.15037 0.00000 0.00000 ( 1)
 105 R   0.00001 0.99999 0.00000 0.00000 ( 2)
 106 T   0.00000 1.00000 0.00000 0.00000 ( 2)
 107 G   0.76949 0.23051 0.00000 0.00000 ( 1)
 108 D   0.90916 0.09084 0.00000 0.00000 ( 1)
 109 N   0.00000 0.99999 0.00000 0.00001 ( 2)
 110 K   0.79122 0.20878 0.00000 0.00000 ( 1)
 111 I   0.88660 0.11340 0.00000 0.00000 ( 1)
 112 T   0.00001 0.99999 0.00000 0.00000 ( 2)
 113 L   0.81776 0.18224 0.00000 0.00000 ( 1)
 114 S   0.00000 1.00000 0.00000 0.00000 ( 2)
 115 Q   0.83410 0.16590 0.00000 0.00000 ( 1)
 116 V   0.82452 0.17548 0.00000 0.00000 ( 1)
 117 G   0.73758 0.26240 0.00001 0.00001 ( 1)
 118 D   0.90916 0.09084 0.00000 0.00000 ( 1)
 119 V   0.84812 0.15188 0.00000 0.00000 ( 1)
 120 L   0.85335 0.14665 0.00000 0.00000 ( 1)
 121 R   0.81526 0.18474 0.00000 0.00000 ( 1)
 122 A   0.76308 0.23692 0.00000 0.00000 ( 1)
 123 L   0.77122 0.22878 0.00000 0.00000 ( 1)
 124 G   0.76669 0.23331 0.00000 0.00000 ( 1)
 125 T   0.83061 0.16939 0.00000 0.00000 ( 1)
 126 N   0.80867 0.19133 0.00000 0.00000 ( 1)
 127 P   0.80517 0.19483 0.00000 0.00000 ( 1)
 128 T   0.85991 0.14009 0.00000 0.00000 ( 1)
 129 N   0.80867 0.19133 0.00000 0.00000 ( 1)
 130 A   0.76406 0.23593 0.00001 0.00000 ( 1)
 131 E   0.81067 0.18933 0.00000 0.00000 ( 1)
 132 V   0.84812 0.15188 0.00000 0.00000 ( 1)
 133 K   0.79201 0.20797 0.00002 0.00001 ( 1)
 134 A   0.00000 1.00000 0.00000 0.00000 ( 2)
 135 V   0.82452 0.17548 0.00000 0.00000 ( 1)
 136 L   0.77122 0.22878 0.00000 0.00000 ( 1)
 137 G   0.87894 0.12106 0.00000 0.00000 ( 1)
 138 N   0.84555 0.15445 0.00000 0.00000 ( 1)
 139 P   0.80517 0.19483 0.00000 0.00000 ( 1)
 140 S   0.86657 0.13343 0.00000 0.00000 ( 1)
 141 N   0.00000 0.99999 0.00000 0.00000 ( 2)
 142 E   0.80283 0.19717 0.00000 0.00000 ( 1)
 143 E   0.81067 0.18933 0.00000 0.00000 ( 1)
 144 M   0.81972 0.18028 0.00000 0.00000 ( 1)
 145 N   0.80867 0.19133 0.00000 0.00000 ( 1)
 146 A   0.00000 0.99999 0.00000 0.00000 ( 2)
 147 K   0.79122 0.20878 0.00000 0.00000 ( 1)
 148 K   0.86731 0.13269 0.00000 0.00000 ( 1)
 149 I   0.84485 0.15515 0.00000 0.00000 ( 1)
 150 E   0.81010 0.18990 0.00000 0.00000 ( 1)
 151 F   0.77510 0.22487 0.00003 0.00001 ( 1)
 152 E   0.80283 0.19717 0.00000 0.00000 ( 1)
 153 Q   0.86657 0.13343 0.00000 0.00000 ( 1)
 154 F   0.77498 0.22501 0.00000 0.00000 ( 1)
 155 L   0.77122 0.22878 0.00000 0.00000 ( 1)
 156 P   0.80517 0.19483 0.00000 0.00000 ( 1)
 157 M   0.81972 0.18028 0.00000 0.00000 ( 1)
 158 M   0.00001 0.99999 0.00000 0.00000 ( 2)
 159 Q   0.86758 0.13242 0.00000 0.00000 ( 1)
 160 S   0.82546 0.17454 0.00000 0.00000 ( 1)
 161 I   0.84485 0.15515 0.00000 0.00000 ( 1)
 162 S   0.80453 0.19547 0.00000 0.00000 ( 1)
 163 N   0.84682 0.15318 0.00000 0.00000 ( 1)
 164 N   0.00001 0.99999 0.00000 0.00000 ( 2)
 165 K   0.79122 0.20878 0.00000 0.00000 ( 1)
 166 D   0.84963 0.15037 0.00000 0.00000 ( 1)
 167 Q   0.83410 0.16590 0.00000 0.00000 ( 1)
 168 G   0.76669 0.23331 0.00000 0.00000 ( 1)
 169 T   0.85991 0.14009 0.00000 0.00000 ( 1)
 170 Y   0.86062 0.13938 0.00000 0.00000 ( 1)
 171 E   0.80283 0.19717 0.00000 0.00000 ( 1)
 172 D   0.84963 0.15037 0.00000 0.00000 ( 1)
 173 F   0.77498 0.22501 0.00000 0.00000 ( 1)
 174 V   0.82452 0.17548 0.00000 0.00000 ( 1)
 175 E   0.81067 0.18933 0.00000 0.00000 ( 1)
 176 G   0.73758 0.26240 0.00001 0.00001 ( 1)
 177 L   0.77122 0.22878 0.00000 0.00000 ( 1)
 178 R   0.77017 0.22983 0.00000 0.00000 ( 1)
 179 V   0.84812 0.15188 0.00000 0.00000 ( 1)
 180 F   0.77498 0.22501 0.00000 0.00000 ( 1)
 181 D   0.84963 0.15037 0.00000 0.00000 ( 1)
 182 K   0.79122 0.20878 0.00000 0.00000 ( 1)
 183 E   0.80283 0.19717 0.00000 0.00000 ( 1)
 184 G   0.76669 0.23331 0.00000 0.00000 ( 1)
 185 N   0.80867 0.19133 0.00000 0.00000 ( 1)
 186 G   0.76669 0.23331 0.00000 0.00000 ( 1)
 187 T   0.86577 0.13423 0.00000 0.00000 ( 1)
 188 V   0.82452 0.17548 0.00000 0.00000 ( 1)
 189 M   0.81972 0.18028 0.00000 0.00000 ( 1)
 190 G   0.73758 0.26240 0.00001 0.00001 ( 1)
 191 A   0.76308 0.23692 0.00000 0.00000 ( 1)
 192 E   0.80283 0.19717 0.00000 0.00000 ( 1)
 193 L   0.85335 0.14665 0.00000 0.00000 ( 1)
 194 R   0.77017 0.22983 0.00000 0.00000 ( 1)
 195 H   0.92922 0.07078 0.00000 0.00000 ( 1)
 196 V   0.90245 0.09755 0.00000 0.00000 ( 1)
 197 L   0.77128 0.22872 0.00000 0.00000 ( 1)
 198 A   0.76308 0.23692 0.00000 0.00000 ( 1)
 199 T   0.86282 0.13718 0.00000 0.00000 ( 1)
 200 L   0.77128 0.22872 0.00000 0.00000 ( 1)
 201 G   0.72563 0.27426 0.00008 0.00003 ( 1)
 202 E   0.78223 0.21775 0.00002 0.00001 ( 1)
 203 K   0.77195 0.22800 0.00004 0.00001 ( 1)
 204 M   0.79740 0.20259 0.00001 0.00000 ( 1)
 205 K   0.84158 0.15842 0.00000 0.00000 ( 1)
 206 E   0.78927 0.21072 0.00001 0.00000 ( 1)
 207 E   0.78223 0.21775 0.00002 0.00001 ( 1)
 208 E   0.78223 0.21775 0.00002 0.00001 ( 1)
 209 V   0.81554 0.18446 0.00000 0.00000 ( 1)
 210 E   0.78223 0.21775 0.00002 0.00001 ( 1)
 211 A   0.76445 0.23552 0.00003 0.00001 ( 1)
 212 L   0.75452 0.24544 0.00004 0.00001 ( 1)
 213 M   0.00000 0.99998 0.00000 0.00001 ( 2)
 214 A   0.00000 0.97041 0.02108 0.00851 ( 2)
 215 G   0.00000 0.98704 0.00919 0.00377 ( 2)
 216 Q   0.84184 0.15815 0.00000 0.00000 ( 1)
 217 E   0.78223 0.21775 0.00002 0.00001 ( 1)
 218 D   0.82488 0.17512 0.00000 0.00000 ( 1)
 219 S   0.78380 0.21619 0.00001 0.00000 ( 1)
 220 N   0.79051 0.20948 0.00001 0.00000 ( 1)
 221 G   0.75061 0.24935 0.00003 0.00001 ( 1)
 222 C   0.81863 0.18137 0.00000 0.00000 ( 1)
 223 I   0.86036 0.13964 0.00000 0.00000 ( 1)
 224 N   0.82224 0.17776 0.00000 0.00000 ( 1)
 225 Y   0.83057 0.16943 0.00000 0.00000 ( 1)
 226 E   0.78223 0.21775 0.00002 0.00001 ( 1)


lnL = -1622.261358

Bayes Empirical Bayes (BEB) probabilities for 4 classes (class)
(amino acids refer to 1st sequence: Naasi)

   1 M   0.77772 0.18536 0.02945 0.00748 ( 1)
   2 H   0.86094 0.11230 0.02324 0.00352 ( 1)
   3 A   0.75493 0.20529 0.03098 0.00880 ( 1)
   4 L   0.80139 0.16450 0.02789 0.00622 ( 1)
   5 I   0.32432 0.54507 0.10805 0.02256 ( 2)
   6 P   0.10840 0.49362 0.31552 0.08245 ( 2)
   7 F   0.16535 0.79321 0.00689 0.03455 ( 2)
   8 N   0.77270 0.18949 0.03001 0.00780 ( 1)
   9 A   0.74487 0.21389 0.03179 0.00945 ( 1)
  10 L   0.75120 0.20816 0.03155 0.00909 ( 1)
  11 G   0.73102 0.22586 0.03276 0.01036 ( 1)
  12 P   0.00342 0.23883 0.60025 0.15749 ( 3)
  13 P   0.75382 0.20826 0.02934 0.00858 ( 1)
  14 S   0.84423 0.13001 0.02181 0.00394 ( 1)
  15 R   0.80955 0.16015 0.02480 0.00550 ( 1)
  16 H   0.82556 0.14624 0.02344 0.00476 ( 1)
  17 Q   0.02052 0.94730 0.00059 0.03160 ( 2)
  18 S   0.80289 0.16557 0.02566 0.00587 ( 1)
  19 V   0.83270 0.14537 0.01803 0.00390 ( 1)
  20 D   0.89318 0.09237 0.01258 0.00186 ( 1)
  21 Q   0.82804 0.14930 0.01855 0.00411 ( 1)
  22 A   0.15101 0.55876 0.23451 0.05571 ( 2)
  23 N   0.83861 0.14009 0.01761 0.00369 ( 1)
  24 H   0.27167 0.70664 0.00491 0.01678 ( 2)
  25 H   0.86030 0.12108 0.01572 0.00289 ( 1)
  26 S   0.20623 0.76442 0.00547 0.02389 ( 2)
  27 S   0.82316 0.15329 0.01921 0.00434 ( 1)
  28 S   0.20657 0.76471 0.00535 0.02337 ( 2)
  29 K   0.79425 0.17760 0.02239 0.00577 ( 1)
  30 N   0.80890 0.16531 0.02078 0.00502 ( 1)
  31 Q   0.83031 0.14704 0.01860 0.00405 ( 1)
  32 F   0.78086 0.18889 0.02376 0.00648 ( 1)
  33 D   0.84346 0.13565 0.01737 0.00352 ( 1)
  34 R   0.79911 0.17355 0.02184 0.00550 ( 1)
  35 F   0.15633 0.54809 0.24116 0.05442 ( 2)
  36 F   0.78417 0.18560 0.02387 0.00637 ( 1)
  37 R   0.81500 0.15967 0.02055 0.00477 ( 1)
  38 R   0.23078 0.74134 0.00578 0.02210 ( 2)
  39 F   0.22163 0.75048 0.00554 0.02236 ( 2)
  40 S   0.80958 0.16427 0.02112 0.00503 ( 1)
  41 F   0.00181 0.97185 0.00004 0.02629 ( 2)
  42 F   0.00151 0.90247 0.00171 0.09431 ( 2)
  43 F   0.78222 0.18883 0.02270 0.00626 ( 1)
  44 F   0.75486 0.21303 0.02445 0.00766 ( 1)
  45 K   0.75522 0.21028 0.02650 0.00800 ( 1)
  46 P   0.14952 0.55007 0.24331 0.05710 ( 2)
  47 I   0.02929 0.94935 0.00047 0.02090 ( 2)
  48 L   0.85158 0.12807 0.01709 0.00326 ( 1)
  49 L   0.01788 0.87224 0.02297 0.08691 ( 2)
  50 N   0.84574 0.13299 0.01776 0.00350 ( 1)
  51 T   0.02177 0.95158 0.00055 0.02609 ( 2)
  52 M   0.83220 0.14593 0.01795 0.00391 ( 1)
  53 A   0.78216 0.18842 0.02310 0.00632 ( 1)
  54 P   0.81477 0.16090 0.01967 0.00467 ( 1)
  55 K   0.80655 0.16774 0.02063 0.00508 ( 1)
  56 K   0.80655 0.16774 0.02063 0.00508 ( 1)
  57 D   0.86745 0.11614 0.01386 0.00254 ( 1)
  58 V   0.84996 0.13065 0.01618 0.00321 ( 1)
  59 K   0.80655 0.16774 0.02063 0.00508 ( 1)
  60 K   0.87442 0.10910 0.01407 0.00240 ( 1)
  61 P   0.22207 0.75743 0.00363 0.01687 ( 2)
  62 A   0.78133 0.18918 0.02314 0.00635 ( 1)
  63 A   0.79686 0.17645 0.02121 0.00548 ( 1)
  64 A   0.78133 0.18918 0.02314 0.00635 ( 1)
  65 A   0.18273 0.78560 0.00536 0.02630 ( 2)
  66 -   0.78810 0.18517 0.02097 0.00576 ( 1)
  67 -   0.80263 0.17298 0.01937 0.00502 ( 1)
  68 A   0.79834 0.17498 0.02124 0.00544 ( 1)
  69 P   0.78555 0.18522 0.02305 0.00618 ( 1)
  70 A   0.78302 0.18108 0.02876 0.00713 ( 1)
  71 P   0.76722 0.19540 0.02942 0.00795 ( 1)
  72 A   0.79769 0.17494 0.02181 0.00556 ( 1)
  73 P   0.84883 0.13041 0.01739 0.00337 ( 1)
  74 A   0.78338 0.18721 0.02314 0.00628 ( 1)
  75 P   0.23381 0.73486 0.00683 0.02451 ( 2)
  76 A   0.01541 0.86342 0.02312 0.09806 ( 2)
  77 P   0.78344 0.18732 0.02298 0.00625 ( 1)
  78 A   0.78318 0.18769 0.02287 0.00626 ( 1)
  79 P   0.78565 0.18596 0.02232 0.00607 ( 1)
  80 A   0.78216 0.18842 0.02310 0.00632 ( 1)
  81 P   0.78344 0.18732 0.02298 0.00625 ( 1)
  82 A   0.05182 0.38449 0.45147 0.11222 ( 3)
  83 P   0.80837 0.16604 0.02058 0.00501 ( 1)
  84 P   0.79415 0.17261 0.02686 0.00639 ( 1)
  85 K   0.84402 0.12913 0.02280 0.00405 ( 1)
  86 E   0.79209 0.17433 0.02707 0.00651 ( 1)
  87 A   0.01556 0.94522 0.00059 0.03863 ( 2)
  88 K   0.78333 0.18191 0.02778 0.00698 ( 1)
  89 I   0.82559 0.14530 0.02427 0.00484 ( 1)
  90 D   0.82944 0.14189 0.02399 0.00468 ( 1)
  91 L   0.83343 0.13845 0.02362 0.00449 ( 1)
  92 S   0.81008 0.15882 0.02553 0.00557 ( 1)
  93 A   0.78009 0.18436 0.02835 0.00720 ( 1)
  94 I   0.23868 0.73002 0.00698 0.02431 ( 2)
  95 E   0.00104 0.63249 0.07321 0.29326 ( 2)
  96 F   0.82543 0.15179 0.01858 0.00419 ( 1)
  97 K   0.80655 0.16774 0.02063 0.00508 ( 1)
  98 E   0.82415 0.15288 0.01873 0.00425 ( 1)
  99 A   0.78216 0.18842 0.02310 0.00632 ( 1)
 100 F   0.79196 0.18012 0.02211 0.00580 ( 1)
 101 L   0.86317 0.11909 0.01499 0.00275 ( 1)
 102 L   0.78877 0.18296 0.02233 0.00595 ( 1)
 103 Y   0.21754 0.54522 0.20157 0.03566 ( 2)
 104 D   0.85880 0.12284 0.01545 0.00291 ( 1)
 105 R   0.28278 0.69654 0.00479 0.01588 ( 2)
 106 T   0.00234 0.97227 0.00005 0.02533 ( 2)
 107 G   0.78801 0.18451 0.02161 0.00586 ( 1)
 108 D   0.91163 0.07621 0.01078 0.00138 ( 1)
 109 N   0.00029 0.92895 0.00016 0.07061 ( 2)
 110 K   0.80655 0.16774 0.02063 0.00508 ( 1)
 111 I   0.89159 0.09402 0.01250 0.00189 ( 1)
 112 T   0.22885 0.54907 0.18930 0.03278 ( 2)
 113 L   0.83063 0.14745 0.01796 0.00395 ( 1)
 114 S   0.00249 0.97485 0.00004 0.02262 ( 2)
 115 Q   0.84504 0.13486 0.01670 0.00340 ( 1)
 116 V   0.83662 0.14224 0.01742 0.00372 ( 1)
 117 G   0.75804 0.20844 0.02577 0.00775 ( 1)
 118 D   0.91163 0.07621 0.01078 0.00138 ( 1)
 119 V   0.85759 0.12402 0.01545 0.00294 ( 1)
 120 L   0.86218 0.11996 0.01508 0.00279 ( 1)
 121 R   0.82842 0.14937 0.01817 0.00404 ( 1)
 122 A   0.78133 0.18918 0.02314 0.00635 ( 1)
 123 L   0.78868 0.18299 0.02237 0.00596 ( 1)
 124 G   0.78465 0.18645 0.02274 0.00616 ( 1)
 125 T   0.84196 0.13755 0.01698 0.00352 ( 1)
 126 N   0.82231 0.15441 0.01895 0.00434 ( 1)
 127 P   0.81924 0.15709 0.01921 0.00446 ( 1)
 128 T   0.86795 0.11486 0.01459 0.00260 ( 1)
 129 N   0.82231 0.15441 0.01895 0.00434 ( 1)
 130 A   0.78216 0.18842 0.02310 0.00632 ( 1)
 131 E   0.82415 0.15288 0.01873 0.00425 ( 1)
 132 V   0.85759 0.12402 0.01545 0.00294 ( 1)
 133 K   0.80696 0.16708 0.02084 0.00513 ( 1)
 134 A   0.00218 0.97485 0.00005 0.02292 ( 2)
 135 V   0.83662 0.14224 0.01742 0.00372 ( 1)
 136 L   0.78868 0.18299 0.02237 0.00596 ( 1)
 137 G   0.88491 0.10002 0.01301 0.00207 ( 1)
 138 N   0.85410 0.12588 0.01681 0.00321 ( 1)
 139 P   0.81924 0.15709 0.01921 0.00446 ( 1)
 140 S   0.87389 0.10968 0.01402 0.00241 ( 1)
 141 N   0.22123 0.75166 0.00531 0.02180 ( 2)
 142 E   0.81697 0.15887 0.01957 0.00459 ( 1)
 143 E   0.82415 0.15288 0.01873 0.00425 ( 1)
 144 M   0.83220 0.14593 0.01795 0.00391 ( 1)
 145 N   0.82231 0.15441 0.01895 0.00434 ( 1)
 146 A   0.19746 0.77334 0.00522 0.02399 ( 2)
 147 K   0.80655 0.16774 0.02063 0.00508 ( 1)
 148 K   0.87442 0.10910 0.01407 0.00240 ( 1)
 149 I   0.85466 0.12655 0.01575 0.00304 ( 1)
 150 E   0.82368 0.15334 0.01872 0.00426 ( 1)
 151 F   0.79160 0.17991 0.02257 0.00592 ( 1)
 152 E   0.81697 0.15887 0.01957 0.00459 ( 1)
 153 Q   0.87317 0.10962 0.01471 0.00251 ( 1)
 154 F   0.79196 0.18012 0.02211 0.00580 ( 1)
 155 L   0.78868 0.18299 0.02237 0.00596 ( 1)
 156 P   0.81924 0.15709 0.01921 0.00446 ( 1)
 157 M   0.83220 0.14593 0.01795 0.00391 ( 1)
 158 M   0.29263 0.68805 0.00455 0.01476 ( 2)
 159 Q   0.87470 0.10889 0.01402 0.00239 ( 1)
 160 S   0.83746 0.14152 0.01734 0.00368 ( 1)
 161 I   0.85466 0.12655 0.01575 0.00304 ( 1)
 162 S   0.81872 0.15760 0.01921 0.00448 ( 1)
 163 N   0.85625 0.12501 0.01573 0.00301 ( 1)
 164 N   0.27623 0.70197 0.00502 0.01678 ( 2)
 165 K   0.80655 0.16774 0.02063 0.00508 ( 1)
 166 D   0.85880 0.12284 0.01545 0.00291 ( 1)
 167 Q   0.84504 0.13486 0.01670 0.00340 ( 1)
 168 G   0.78465 0.18645 0.02274 0.00616 ( 1)
 169 T   0.86795 0.11486 0.01459 0.00260 ( 1)
 170 Y   0.86972 0.11446 0.01338 0.00244 ( 1)
 171 E   0.81697 0.15887 0.01957 0.00459 ( 1)
 172 D   0.85880 0.12284 0.01545 0.00291 ( 1)
 173 F   0.79196 0.18012 0.02211 0.00580 ( 1)
 174 V   0.83662 0.14224 0.01742 0.00372 ( 1)
 175 E   0.82415 0.15288 0.01873 0.00425 ( 1)
 176 G   0.75804 0.20844 0.02577 0.00775 ( 1)
 177 L   0.78868 0.18299 0.02237 0.00596 ( 1)
 178 R   0.78794 0.18383 0.02227 0.00596 ( 1)
 179 V   0.85759 0.12402 0.01545 0.00294 ( 1)
 180 F   0.79196 0.18012 0.02211 0.00580 ( 1)
 181 D   0.85880 0.12284 0.01545 0.00291 ( 1)
 182 K   0.80655 0.16774 0.02063 0.00508 ( 1)
 183 E   0.81697 0.15887 0.01957 0.00459 ( 1)
 184 G   0.78465 0.18645 0.02274 0.00616 ( 1)
 185 N   0.82231 0.15441 0.01895 0.00434 ( 1)
 186 G   0.78465 0.18645 0.02274 0.00616 ( 1)
 187 T   0.87260 0.11024 0.01467 0.00250 ( 1)
 188 V   0.83662 0.14224 0.01742 0.00372 ( 1)
 189 M   0.83220 0.14593 0.01795 0.00391 ( 1)
 190 G   0.75804 0.20844 0.02577 0.00775 ( 1)
 191 A   0.78133 0.18918 0.02314 0.00635 ( 1)
 192 E   0.81697 0.15887 0.01957 0.00459 ( 1)
 193 L   0.86218 0.11996 0.01508 0.00279 ( 1)
 194 R   0.78794 0.18383 0.02227 0.00596 ( 1)
 195 H   0.92957 0.06020 0.00925 0.00099 ( 1)
 196 V   0.90653 0.08160 0.01042 0.00145 ( 1)
 197 L   0.78877 0.18296 0.02233 0.00595 ( 1)
 198 A   0.78133 0.18918 0.02314 0.00635 ( 1)
 199 T   0.86743 0.11220 0.01750 0.00287 ( 1)
 200 L   0.78877 0.18296 0.02233 0.00595 ( 1)
 201 G   0.74569 0.21698 0.02851 0.00882 ( 1)
 202 E   0.79645 0.17415 0.02354 0.00586 ( 1)
 203 K   0.78725 0.18195 0.02445 0.00635 ( 1)
 204 M   0.81017 0.16262 0.02206 0.00515 ( 1)
 205 K   0.84941 0.12874 0.01838 0.00347 ( 1)
 206 E   0.80293 0.16883 0.02275 0.00550 ( 1)
 207 E   0.79645 0.17415 0.02354 0.00586 ( 1)
 208 E   0.79645 0.17415 0.02354 0.00586 ( 1)
 209 V   0.82647 0.14877 0.02038 0.00438 ( 1)
 210 E   0.79645 0.17415 0.02354 0.00586 ( 1)
 211 A   0.78071 0.18768 0.02493 0.00667 ( 1)
 212 L   0.77176 0.19520 0.02585 0.00719 ( 1)
 213 M   0.20310 0.76716 0.00550 0.02425 ( 2)
 214 A   0.01550 0.94201 0.00626 0.03622 ( 2)
 215 G   0.10158 0.55329 0.26238 0.08275 ( 2)
 216 Q   0.84970 0.12854 0.01831 0.00345 ( 1)
 217 E   0.79645 0.17415 0.02354 0.00586 ( 1)
 218 D   0.83464 0.14159 0.01972 0.00405 ( 1)
 219 S   0.79812 0.17300 0.02315 0.00573 ( 1)
 220 N   0.80361 0.16785 0.02302 0.00552 ( 1)
 221 G   0.76833 0.19817 0.02613 0.00737 ( 1)
 222 C   0.82944 0.14643 0.01991 0.00422 ( 1)
 223 I   0.86619 0.11423 0.01674 0.00284 ( 1)
 224 N   0.83221 0.14361 0.02001 0.00417 ( 1)
 225 Y   0.83986 0.13724 0.01909 0.00381 ( 1)
 226 E   0.79645 0.17415 0.02354 0.00586 ( 1)

