Supplemental results for CODEML (seqf: /home/leticiamagpali/phd/evol_models/codeml/big_dataset/cml_align/CASQ2_codon_aligned.phy  treef: /home/leticiamagpali/phd/evol_models/codeml/big_dataset/cml_trees/gene_trees/H1c_gene_trees/CASQ2_tree_H1c.tre)

I	J	ij	2Ns_IJ	pMut_IJ	pSub_IJ	2Ns_JI	pMut_JI	pSub_JI

TTC	TTT	CT	1.00391	0.14243	0.22569	-1.00391	0.38869	0.22569
TTA	TTT	AT	7.29070	0.00003	0.00025	-7.29070	0.05059	0.00025
TTA	TTC	AC	6.28679	0.00007	0.00044	-6.28679	0.03713	0.00044
TTG	TTT	GT	0.65588	0.01970	0.02686	-0.65588	0.03795	0.02686
TTG	TTC	GC	-0.34803	0.03945	0.03298	0.34803	0.02785	0.03298
TTG	TTA	GA	-6.63482	0.13781	0.00120	6.63482	0.00018	0.00120
TCT	TTT	CT	2.22093	0.04218	0.10507	-2.22093	0.38869	0.10507
TCC	TTC	CT	1.96819	0.03985	0.09118	-1.96819	0.28525	0.09118
TCC	TCT	CT	0.75117	0.03985	0.05668	-0.75117	0.08447	0.05668
TCA	TTA	CT	-4.38067	0.02859	0.00159	4.38067	0.00036	0.00159
TCA	TCT	AT	0.68910	0.00552	0.00764	-0.68910	0.01099	0.00764
TCA	TCC	AC	-0.06207	0.01105	0.01071	0.06207	0.01039	0.01071
TCG	TTG	CT	6.34875	0.00036	0.00227	-6.34875	0.20437	0.00227
TCG	TCT	GT	4.78370	0.00007	0.00033	-4.78370	0.00825	0.00033
TCG	TCC	GC	4.03253	0.00014	0.00057	-4.03253	0.00779	0.00057
TCG	TCA	GA	4.09460	0.00048	0.00201	-4.09460	0.02897	0.00201
TAT	TTT	AT	1.30676	0.01369	0.02454	-1.30676	0.05059	0.02454
TAT	TCT	AC	-0.91417	0.02743	0.01677	0.91417	0.01099	0.01677
TAC	TTC	AT	0.62693	0.01983	0.02670	-0.62693	0.03713	0.02670
TAC	TCC	AC	-1.34126	0.03972	0.01887	1.34126	0.01039	0.01887
TAC	TAT	CT	0.32407	0.10276	0.12031	-0.32407	0.14209	0.12031
TGT	TTT	GT	3.39235	0.00128	0.00448	-3.39235	0.03795	0.00448
TGT	TCT	GC	1.17142	0.00256	0.00434	-1.17142	0.00825	0.00434
TGT	TAT	GA	2.08559	0.00893	0.02127	-2.08559	0.07188	0.02127
TGC	TTC	GT	1.87359	0.00428	0.00947	-1.87359	0.02785	0.00947
TGC	TCC	GC	-0.09460	0.00857	0.00817	0.09460	0.00779	0.00817
TGC	TAC	GA	1.24666	0.02993	0.05236	-1.24666	0.10410	0.05236
TGC	TGT	CT	-0.51486	0.02216	0.01694	0.51486	0.01324	0.01694
TGG	TTG	GT	0.45777	0.01263	0.01573	-0.45777	0.01995	0.01573
TGG	TCG	GC	-5.89098	0.02528	0.00041	5.89098	0.00007	0.00041
TGG	TGT	GT	-2.27870	0.01263	0.00328	2.27870	0.00129	0.00328
TGG	TGC	GC	-1.76385	0.02528	0.00922	1.76385	0.00433	0.00922
CTT	TTT	CT	1.96774	0.05433	0.12427	-1.96774	0.38869	0.12427
CTC	TTC	CT	1.41953	0.06898	0.12916	-1.41953	0.28525	0.12916
CTC	CTT	CT	0.45570	0.06898	0.08589	-0.45570	0.10880	0.08589
CTA	TTA	CT	-4.69456	0.03914	0.00170	4.69456	0.00036	0.00170
CTA	CTT	AT	0.62840	0.00755	0.01017	-0.62840	0.01416	0.01017
CTA	CTC	AC	0.17270	0.01513	0.01647	-0.17270	0.01798	0.01647
CTG	TTG	CT	0.04613	0.19515	0.19969	-0.04613	0.20437	0.19969
CTG	CTT	GT	-1.26572	0.03767	0.01873	1.26572	0.01062	0.01873
CTG	CTC	GC	-1.72142	0.07544	0.02828	1.72142	0.01349	0.02828
CTG	CTA	GA	-1.89412	0.26354	0.08840	1.89412	0.03965	0.08840
CCT	TCT	CT	0.75117	0.03985	0.05668	-0.75117	0.08447	0.05668
CCT	CTT	CT	1.00436	0.03985	0.06316	-1.00436	0.10880	0.06316
CCC	TCC	CT	-0.05530	0.08435	0.08204	0.05530	0.07981	0.08204
CCC	CTC	CT	0.49337	0.08435	0.10686	-0.49337	0.13815	0.10686
CCC	CCT	CT	-0.05530	0.08435	0.08204	0.05530	0.07981	0.08204
CCA	TCA	CT	-0.31709	0.07863	0.06682	0.31709	0.05727	0.06682
CCA	CTA	CT	-0.00320	0.07863	0.07851	0.00320	0.07838	0.07851
CCA	CCT	AT	-0.37916	0.01518	0.01248	0.37916	0.01039	0.01248
CCA	CCC	AC	-0.32386	0.03040	0.02574	0.32386	0.02199	0.02574
CCG	TCG	CT	-2.95615	0.01376	0.00223	2.95615	0.00072	0.00223
CCG	CTG	CT	3.34647	0.01376	0.04773	-3.34647	0.39084	0.04773
CCG	CCT	GT	1.07638	0.00266	0.00434	-1.07638	0.00779	0.00434
CCG	CCC	GC	1.13168	0.00532	0.00889	-1.13168	0.01649	0.00889
CCG	CCA	GA	1.45554	0.01858	0.03528	-1.45554	0.07966	0.03528
CAT	TAT	CT	1.21886	0.04200	0.07267	-1.21886	0.14209	0.07267
CAT	CTT	AT	0.55788	0.00811	0.01058	-0.55788	0.01416	0.01058
CAT	CCT	AC	-0.44648	0.01623	0.01288	0.44648	0.01039	0.01288
CAC	TAC	CT	1.63723	0.04003	0.08137	-1.63723	0.20580	0.08137
CAC	CTC	AT	0.84463	0.00773	0.01144	-0.84463	0.01798	0.01144
CAC	CCC	AC	0.35127	0.01547	0.01835	-0.35127	0.02199	0.01835
CAC	CAT	CT	0.74245	0.04003	0.05671	-0.74245	0.08411	0.05671
CAA	CTA	AT	0.32354	0.00738	0.00864	-0.32354	0.01020	0.00864
CAA	CCA	AC	0.32673	0.01478	0.01733	-0.32673	0.02050	0.01733
CAA	CAT	AT	0.39405	0.00738	0.00893	-0.39405	0.01095	0.00893
CAA	CAC	AC	-0.34840	0.01478	0.01236	0.34840	0.01043	0.01236
CAG	CTG	AT	1.12660	0.01649	0.02748	-1.12660	0.05087	0.02748
CAG	CCG	AC	-2.21987	0.03302	0.00893	2.21987	0.00359	0.00893
CAG	CAT	GT	-0.69701	0.01649	0.01140	0.69701	0.00821	0.01140
CAG	CAC	GC	-1.43946	0.03302	0.01477	1.43946	0.00783	0.01477
CAG	CAA	GA	-1.09106	0.11536	0.06365	1.09106	0.03875	0.06365
CGT	TGT	CT	0.29809	0.00983	0.01137	-0.29809	0.01324	0.01137
CGT	CTT	GT	1.72271	0.00190	0.00398	-1.72271	0.01062	0.00398
CGT	CCT	GC	0.71834	0.00380	0.00533	-0.71834	0.00779	0.00533
CGT	CAT	GA	1.16482	0.01327	0.02247	-1.16482	0.04255	0.02247
CGC	TGC	CT	-0.27211	0.05826	0.05069	0.27211	0.04438	0.05069
CGC	CTC	GT	0.18195	0.01125	0.01230	-0.18195	0.01349	0.01230
CGC	CCC	GC	-0.31141	0.02252	0.01920	0.31141	0.01649	0.01920
CGC	CAC	GA	-0.66268	0.07868	0.05547	0.66268	0.04056	0.05547
CGC	CGT	CT	-1.08506	0.05826	0.03226	1.08506	0.01968	0.03226
CGA	CTA	GT	8.95591	0.00000	0.00000	-8.95591	0.00765	0.00001
CGA	CCA	GC	8.95910	0.00000	0.00000	-8.95910	0.01538	0.00002
CGA	CAA	GA	8.63237	0.00000	0.00000	-8.63237	0.03875	0.00006
CGA	CGT	AT	7.86160	0.00000	0.00000	-7.86160	0.00256	0.00001
CGA	CGC	AC	8.94666	0.00000	0.00000	-8.94666	0.01519	0.00002
CGG	TGG	CT	2.25334	0.01376	0.03465	-2.25334	0.13099	0.03465
CGG	CTG	GT	2.66497	0.00266	0.00761	-2.66497	0.03816	0.00761
CGG	CCG	GC	-0.68149	0.00532	0.00371	0.68149	0.00269	0.00371
CGG	CAG	GA	1.53838	0.01858	0.03641	-1.53838	0.08654	0.03641
CGG	CGT	GT	-0.32346	0.00266	0.00225	0.32346	0.00192	0.00225
CGG	CGC	GC	0.76160	0.00532	0.00760	-0.76160	0.01139	0.00760
CGG	CGA	GA	-8.18506	0.01858	0.00004	8.18506	0.00000	0.00000
ATT	TTT	AT	0.70867	0.02491	0.03476	-0.70867	0.05059	0.03476
ATT	CTT	AC	-1.25906	0.04988	0.02490	1.25906	0.01416	0.02490
ATC	TTC	AT	0.25746	0.02870	0.03255	-0.25746	0.03713	0.03255
ATC	CTC	AC	-1.16206	0.05748	0.03041	1.16206	0.01798	0.03041
ATC	ATT	CT	0.55270	0.14869	0.19354	-0.55270	0.25841	0.19354
ATA	TTA	AT	-4.13038	0.00290	0.00020	4.13038	0.00005	0.00020
ATA	CTA	AC	0.56419	0.00580	0.00759	-0.56419	0.01020	0.00759
ATA	ATT	AT	2.45165	0.00290	0.00777	-2.45165	0.03363	0.00777
ATA	ATC	AC	1.89895	0.00580	0.01296	-1.89895	0.03876	0.01296
ATG	TTG	AT	0.78420	0.01214	0.01752	-0.78420	0.02660	0.01752
ATG	CTG	AC	0.73807	0.02432	0.03439	-0.73807	0.05087	0.03439
ATG	ATT	GT	0.73141	0.01214	0.01712	-0.73141	0.02523	0.01712
ATG	ATC	GC	0.17871	0.02432	0.02655	-0.17871	0.02908	0.02655
ATG	ATA	GA	-1.72024	0.08495	0.03187	1.72024	0.01521	0.03187
ACT	TCT	AT	0.07391	0.01021	0.01059	-0.07391	0.01099	0.01059
ACT	CCT	AC	-0.67725	0.02045	0.01430	0.67725	0.01039	0.01430
ACT	ATT	CT	1.58617	0.05290	0.10550	-1.58617	0.25841	0.10550
ACC	TCC	AT	0.25229	0.00807	0.00913	-0.25229	0.01039	0.00913
ACC	CCC	AC	0.30759	0.01617	0.01878	-0.30759	0.02199	0.01878
ACC	ATC	CT	1.96302	0.04182	0.09550	-1.96302	0.29778	0.09550
ACC	ACT	CT	0.92955	0.04182	0.06422	-0.92955	0.10594	0.06422
ACA	TCA	AT	-0.47371	0.01197	0.00936	0.47371	0.00745	0.00936
ACA	CCA	AC	-0.15662	0.02397	0.02214	0.15662	0.02050	0.02214
ACA	ATA	CT	-0.72400	0.06201	0.04225	0.72400	0.03006	0.04225
ACA	ACT	AT	0.14148	0.01197	0.01284	-0.14148	0.01379	0.01284
ACA	ACC	AC	-0.78807	0.02397	0.01575	0.78807	0.01090	0.01575
ACG	TCG	AT	-3.40086	0.00279	0.00033	3.40086	0.00009	0.00033
ACG	CCG	AC	-0.44471	0.00560	0.00444	0.44471	0.00359	0.00444
ACG	ATG	CT	2.16369	0.01448	0.03539	-2.16369	0.12598	0.03539
ACG	ACT	GT	1.30892	0.00279	0.00501	-1.30892	0.01034	0.00501
ACG	ACC	GC	0.37938	0.00560	0.00672	-0.37938	0.00818	0.00672
ACG	ACA	GA	1.16745	0.01955	0.03313	-1.16745	0.06282	0.03313
AAT	TAT	AT	0.57065	0.01045	0.01372	-0.57065	0.01849	0.01372
AAT	CAT	AC	-0.64821	0.02093	0.01488	0.64821	0.01095	0.01488
AAT	ATT	AT	1.16873	0.01045	0.01772	-1.16873	0.03363	0.01772
AAT	ACT	AC	-0.41744	0.02093	0.01687	0.41744	0.01379	0.01687
AAC	TAC	AT	0.30393	0.01977	0.02292	-0.30393	0.02679	0.02292
AAC	CAC	AC	-1.33331	0.03958	0.01889	1.33331	0.01043	0.01889
AAC	ATC	AT	0.67339	0.01977	0.02716	-0.67339	0.03876	0.02716
AAC	ACC	AC	-1.28963	0.03958	0.01940	1.28963	0.01090	0.01940
AAC	AAT	CT	0.05735	0.10240	0.10537	-0.05735	0.10845	0.10537
AAA	CAA	AC	-1.66141	0.05250	0.02044	1.66141	0.00997	0.02044
AAA	ATA	AT	-1.90206	0.02622	0.00875	1.90206	0.00391	0.00875
AAA	ACA	AC	-1.17806	0.05250	0.02751	1.17806	0.01616	0.02751
AAA	AAT	AT	-0.61914	0.02622	0.01893	0.61914	0.01411	0.01893
AAA	AAC	AC	-0.67650	0.05250	0.03673	0.67650	0.02669	0.03673
AAG	CAG	AC	-1.32035	0.08338	0.04011	1.32035	0.02227	0.04011
AAG	ATG	AT	-0.93182	0.04164	0.02521	0.93182	0.01640	0.02521
AAG	ACG	AC	-3.09551	0.08338	0.01223	3.09551	0.00377	0.01223
AAG	AAT	GT	-1.36915	0.04164	0.01944	1.36915	0.01059	0.01944
AAG	AAC	GC	-1.42650	0.08338	0.03759	1.42650	0.02002	0.03759
AAG	AAA	GA	-0.75000	0.29130	0.19559	0.75000	0.13760	0.19559
AGT	TGT	AT	-2.25825	0.01649	0.00435	2.25825	0.00172	0.00435
AGT	CGT	AC	-2.55634	0.03302	0.00710	2.55634	0.00256	0.00710
AGT	ATT	GT	0.42543	0.01649	0.02024	-0.42543	0.02523	0.02024
AGT	ACT	GC	-1.16075	0.03302	0.01748	1.16075	0.01034	0.01748
AGT	AAT	GA	-0.74331	0.11536	0.07775	0.74331	0.05486	0.07775
AGC	TGC	AT	-0.05543	0.00611	0.00594	0.05543	0.00578	0.00594
AGC	CGC	AC	0.21668	0.01223	0.01360	-0.21668	0.01519	0.01360
AGC	ATC	GT	1.56070	0.00611	0.01206	-1.56070	0.02908	0.01206
AGC	ACC	GC	-0.40232	0.01223	0.00993	0.40232	0.00818	0.00993
AGC	AAC	GA	0.88731	0.04272	0.06444	-0.88731	0.10374	0.06444
AGC	AGT	CT	1.68797	0.03163	0.06551	-1.68797	0.17108	0.06551
AGA	CGA	AC	-8.49119	0.00649	0.00001	8.49119	0.00000	0.00000
AGA	ATA	GT	-0.09946	0.00324	0.00308	0.09946	0.00294	0.00308
AGA	ACA	GC	0.62454	0.00649	0.00873	-0.62454	0.01213	0.00873
AGA	AAA	GA	1.80260	0.02269	0.04897	-1.80260	0.13760	0.04897
AGA	AGT	AT	1.92676	0.00324	0.00731	-1.92676	0.02227	0.00731
AGA	AGC	AC	0.23879	0.00649	0.00730	-0.23879	0.00825	0.00730
AGG	TGG	AT	1.10932	0.00562	0.00931	-1.10932	0.01705	0.00931
AGG	CGG	AC	-1.14401	0.01126	0.00602	1.14401	0.00359	0.00602
AGG	ATG	GT	0.78289	0.00562	0.00811	-0.78289	0.01230	0.00811
AGG	ACG	GC	-1.38080	0.01126	0.00522	1.38080	0.00283	0.00522
AGG	AAG	GA	1.71471	0.03934	0.08226	-1.71471	0.21853	0.08226
AGG	AGT	GT	1.08887	0.00562	0.00923	-1.08887	0.01670	0.00923
AGG	AGC	GC	-0.59909	0.01126	0.00822	0.59909	0.00619	0.00822
AGG	AGA	GA	-0.83788	0.03934	0.02513	0.83788	0.01702	0.02513
GTT	TTT	GT	0.74944	0.01794	0.02549	-0.74944	0.03795	0.02549
GTT	CTT	GC	-1.21830	0.03592	0.01838	1.21830	0.01062	0.01838
GTT	ATT	GA	0.04077	0.12550	0.12807	-0.04077	0.13072	0.12807
GTC	TTC	GT	0.52008	0.01656	0.02123	-0.52008	0.02785	0.02123
GTC	CTC	GC	-0.89944	0.03316	0.02045	0.89944	0.01349	0.02045
GTC	ATC	GA	0.26262	0.11584	0.13172	-0.26262	0.15064	0.13172
GTC	GTT	CT	0.77455	0.08578	0.12325	-0.77455	0.18611	0.12325
GTA	TTA	GT	-3.72466	0.00145	0.00013	3.72466	0.00003	0.00013
GTA	CTA	GC	0.96991	0.00290	0.00453	-0.96991	0.00765	0.00453
GTA	ATA	GA	0.40572	0.01014	0.01233	-0.40572	0.01521	0.01233
GTA	GTT	AT	2.81660	0.00145	0.00434	-2.81660	0.02422	0.00434
GTA	GTC	AC	2.04205	0.00290	0.00681	-2.04205	0.02236	0.00681
GTG	TTG	GT	-0.56617	0.03515	0.02613	0.56617	0.01995	0.02613
GTG	CTG	GC	-0.61231	0.07040	0.05103	0.61231	0.03816	0.05103
GTG	ATG	GA	-1.35037	0.24593	0.11616	1.35037	0.06373	0.11616
GTG	GTT	GT	-0.65973	0.03515	0.02482	0.65973	0.01817	0.02482
GTG	GTC	GC	-1.43429	0.07040	0.03159	1.43429	0.01677	0.03159
GTG	GTA	GA	-3.47634	0.24593	0.02728	3.47634	0.00760	0.02728
GCT	TCT	GT	-0.84572	0.01921	0.01222	0.84572	0.00825	0.01222
GCT	CCT	GC	-1.59689	0.03848	0.01561	1.59689	0.00779	0.01561
GCT	ACT	GA	-0.91963	0.13443	0.08196	0.91963	0.05359	0.08196
GCT	GTT	CT	0.62577	0.09954	0.13391	-0.62577	0.18611	0.13391
GCC	TCC	GT	-0.29024	0.01042	0.00898	0.29024	0.00779	0.00898
GCC	CCC	GC	-0.23494	0.02086	0.01851	0.23494	0.01649	0.01851
GCC	ACC	GA	-0.54253	0.07288	0.05489	0.54253	0.04237	0.05489
GCC	GTC	CT	1.15787	0.05397	0.09112	-1.15787	0.17180	0.09112
GCC	GCT	CT	1.30665	0.05397	0.09670	-1.30665	0.19935	0.09670
GCA	TCA	GT	-0.62555	0.01045	0.00752	0.62555	0.00559	0.00752
GCA	CCA	GC	-0.30845	0.02093	0.01787	0.30845	0.01538	0.01787
GCA	ACA	GA	-0.15184	0.07313	0.06772	0.15184	0.06282	0.06772
GCA	GTA	CT	-1.28156	0.05415	0.02667	1.28156	0.01503	0.02667
GCA	GCT	AT	0.90927	0.01045	0.01591	-0.90927	0.02595	0.01591
GCA	GCC	AC	-0.39737	0.02093	0.01705	0.39737	0.01407	0.01705
GCG	TCG	GT	-4.69652	0.00766	0.00033	4.69652	0.00007	0.00033
GCG	CCG	GC	-1.74037	0.01534	0.00568	1.74037	0.00269	0.00568
GCG	ACG	GA	-1.29566	0.05358	0.02616	1.29566	0.01467	0.02616
GCG	GTG	CT	2.21841	0.03967	0.09876	-2.21841	0.36471	0.09876
GCG	GCT	GT	0.93290	0.00766	0.01178	-0.93290	0.01947	0.01178
GCG	GCC	GC	-0.37374	0.01534	0.01265	0.37374	0.01055	0.01265
GCG	GCA	GA	0.02363	0.05358	0.05421	-0.02363	0.05486	0.05421
GAT	TAT	GT	-1.59844	0.06861	0.02780	1.59844	0.01387	0.02780
GAT	CAT	GC	-2.81730	0.13741	0.02461	2.81730	0.00821	0.02461
GAT	AAT	GA	-2.16908	0.48003	0.13435	2.16908	0.05486	0.13435
GAT	GTT	AT	-1.04112	0.06861	0.03898	1.04112	0.02422	0.03898
GAT	GCT	AC	-1.66689	0.13741	0.05332	1.66689	0.02595	0.05332
GAC	TAC	GT	-1.41083	0.08237	0.03750	1.41083	0.02009	0.03750
GAC	CAC	GC	-3.04806	0.16497	0.02505	3.04806	0.00783	0.02505
GAC	AAC	GA	-1.71475	0.57632	0.21694	1.71475	0.10374	0.21694
GAC	GTC	AT	-1.30398	0.08237	0.04002	1.30398	0.02236	0.04002
GAC	GCC	AC	-2.46185	0.16497	0.03786	2.46185	0.01407	0.03786
GAC	GAT	CT	0.51168	0.42676	0.54522	-0.51168	0.71188	0.54522
GAA	CAA	GC	-2.45914	0.08746	0.02011	2.45914	0.00748	0.02011
GAA	AAA	GA	-0.79773	0.30554	0.19970	0.79773	0.13760	0.19970
GAA	GTA	AT	-3.10551	0.04367	0.00636	3.10551	0.00196	0.00636
GAA	GCA	AC	-1.82395	0.08746	0.03070	1.82395	0.01411	0.03070
GAA	GAT	AT	0.75221	0.04367	0.06214	-0.75221	0.09266	0.06214
GAA	GAC	AC	0.24053	0.08746	0.09840	-0.24053	0.11124	0.09840
GAG	CAG	GC	-2.30465	0.16739	0.04277	2.30465	0.01670	0.04277
GAG	AAG	GA	-0.98430	0.58477	0.34344	0.98430	0.21853	0.34344
GAG	GTG	AT	-0.56574	0.08358	0.06216	0.56574	0.04747	0.06216
GAG	GCG	AC	-2.78415	0.16739	0.03069	2.78415	0.01034	0.03069
GAG	GAT	GT	-0.18436	0.08358	0.07611	0.18436	0.06951	0.07611
GAG	GAC	GC	-0.69604	0.16739	0.11584	0.69604	0.08345	0.11584
GAG	GAA	GA	-0.93657	0.58477	0.35306	0.93657	0.22921	0.35306
GGT	TGT	GT	-1.46366	0.00559	0.00246	1.46366	0.00129	0.00246
GGT	CGT	GC	-1.76176	0.01119	0.00409	1.76176	0.00192	0.00409
GGT	AGT	GA	0.79459	0.03910	0.05667	-0.79459	0.08654	0.05667
GGT	GTT	GT	1.17925	0.00559	0.00952	-1.17925	0.01817	0.00952
GGT	GCT	GC	0.55347	0.01119	0.01457	-0.55347	0.01947	0.01457
GGT	GAT	GA	2.22036	0.03910	0.09738	-2.22036	0.36011	0.09738
GGC	TGC	GT	-1.04444	0.01231	0.00698	1.04444	0.00433	0.00698
GGC	CGC	GC	-0.77233	0.02466	0.01635	0.77233	0.01139	0.01635
GGC	AGC	GA	-0.98901	0.08616	0.05046	0.98901	0.03205	0.05046
GGC	GTC	GT	0.30906	0.01231	0.01432	-0.30906	0.01677	0.01432
GGC	GCC	GC	-0.84880	0.02466	0.01566	0.84880	0.01055	0.01566
GGC	GAC	GA	1.61305	0.08616	0.17357	-1.61305	0.43235	0.17357
GGC	GGT	CT	-0.09563	0.06380	0.06080	0.09563	0.05798	0.06080
GGA	CGA	GC	-9.29156	0.01085	0.00001	9.29156	0.00000	0.00000
GGA	AGA	GA	-0.80038	0.03789	0.02473	0.80038	0.01702	0.02473
GGA	GTA	GT	-1.30556	0.00542	0.00263	1.30556	0.00147	0.00263
GGA	GCA	GC	-0.02401	0.01085	0.01072	0.02401	0.01059	0.01072
GGA	GAA	GA	1.79994	0.03789	0.08171	-1.79994	0.22921	0.08171
GGA	GGT	AT	0.33179	0.00542	0.00636	-0.33179	0.00755	0.00636
GGA	GGC	AC	0.42742	0.01085	0.01333	-0.42742	0.01663	0.01333
GGG	TGG	GT	0.12263	0.01131	0.01202	-0.12263	0.01279	0.01202
GGG	CGG	GC	-2.13070	0.02266	0.00651	2.13070	0.00269	0.00651
GGG	AGG	GA	-0.98669	0.07916	0.04643	0.98669	0.02951	0.04643
GGG	GTG	GT	1.14658	0.01131	0.01901	-1.14658	0.03561	0.01901
GGG	GCG	GC	-1.07183	0.02266	0.01264	1.07183	0.00776	0.01264
GGG	GAG	GA	1.71232	0.07916	0.16539	-1.71232	0.43869	0.16539
GGG	GGT	GT	-0.69240	0.01131	0.00785	0.69240	0.00566	0.00785
GGG	GGC	GC	-0.59677	0.02266	0.01657	0.59677	0.01248	0.01657
GGG	GGA	GA	-1.02420	0.07916	0.04542	1.02420	0.02843	0.04542


Histograms
2Ns	FMut	FSub(CodonUsage)	FSubw(after w)

-8.84911	0.00337	0.00001
-7.96420	0.00075	0.00000
-7.07929	0.00181	0.00001
-6.19438	0.01444	0.00021
-5.30947	0.00000	0.00000
-4.42455	0.00440	0.00032
-3.53964	0.02579	0.00411
-2.65473	0.08646	0.02735
-1.76982	0.23135	0.11466
-0.88491	0.30469	0.25803
0.00000	0.14416	0.19062
0.88491	0.13266	0.25803
1.76982	0.04132	0.11466
2.65473	0.00785	0.02735
3.53964	0.00088	0.00411
4.42455	0.00005	0.00032
5.30947	0.00000	0.00000
6.19438	0.00002	0.00021
7.07929	0.00000	0.00001
7.96420	0.00000	0.00000
8.84911	0.00000	0.00000

Proportion of advantageous (S > 0) mutations:
 0.24837

Proportions of good & bad mutations (|S| > 2.0000) among mutations:
0.01181  0.16282

mean |Ns| = 1.35039	mean Ns+ = 0.84540	mean Ns- = -1.51726


MLEs of dN/dS (w) for site classes (K=4)

site class             0        1       2a       2b
proportion       0.55597  0.05062  0.36057  0.03283
background w     0.12645  2.41585  0.12645  2.41585
foreground w     0.12645  2.41585  0.32609  0.32609

Naive Empirical Bayes (NEB) probabilities for 4 classes
(amino acids refer to 1st sequence: Bacu)

   1 M   0.61948 0.00171 0.37664 0.00217 ( 1)
   2 K   0.46011 0.13079 0.28850 0.12060 ( 1)
   3 R   0.59749 0.01768 0.36016 0.02466 ( 1)
   4 T   0.61950 0.00170 0.37665 0.00216 ( 1)
   5 H   0.38714 0.01042 0.60041 0.00204 ( 3)
   6 L   0.57894 0.02879 0.37129 0.02098 ( 1)
   7 F   0.59477 0.01554 0.37685 0.01284 ( 1)
   8 V   0.32427 0.13267 0.52758 0.01548 ( 3)
   9 M   0.43967 0.15233 0.27765 0.13035 ( 1)
  10 A   0.02759 0.84206 0.11260 0.01776 ( 2)
  11 V   0.61284 0.00408 0.37870 0.00438 ( 1)
  12 Y   0.60143 0.01067 0.37841 0.00949 ( 1)
  13 L   0.57894 0.02879 0.37129 0.02098 ( 1)
  14 L   0.57894 0.02879 0.37129 0.02098 ( 1)
  15 S   0.62171 0.00119 0.37548 0.00162 ( 1)
  16 T   0.59123 0.02187 0.35707 0.02983 ( 1)
  17 C   0.62545 0.00060 0.37302 0.00093 ( 1)
  18 R   0.55744 0.04423 0.33528 0.06304 ( 1)
  19 A   0.60810 0.00634 0.37941 0.00615 ( 1)
  20 E   0.41630 0.17393 0.26330 0.14647 ( 1)
  21 E   0.59747 0.01338 0.37788 0.01127 ( 1)
  22 G   0.61748 0.00213 0.37785 0.00254 ( 1)
  23 L   0.58129 0.02677 0.37197 0.01997 ( 1)
  24 N   0.56558 0.04045 0.34669 0.04727 ( 1)
  25 F   0.60295 0.00953 0.37897 0.00856 ( 1)
  26 P   0.60922 0.00573 0.37938 0.00567 ( 1)
  27 T   0.61978 0.00149 0.37682 0.00190 ( 1)
  28 Y   0.60370 0.00901 0.37912 0.00817 ( 1)
  29 D   0.59499 0.01526 0.37722 0.01253 ( 1)
  30 G   0.61686 0.00233 0.37808 0.00273 ( 1)
  31 K   0.49972 0.08941 0.30629 0.10459 ( 1)
  32 D   0.59511 0.01515 0.37730 0.01244 ( 1)
  33 R   0.60772 0.00650 0.37953 0.00625 ( 1)
  34 V   0.59931 0.01197 0.37847 0.01025 ( 1)
  35 V   0.61339 0.00365 0.37904 0.00392 ( 1)
  36 S   0.60238 0.00987 0.37896 0.00879 ( 1)
  37 L   0.60438 0.00855 0.37925 0.00782 ( 1)
  38 T   0.61973 0.00148 0.37692 0.00187 ( 1)
  39 E   0.59760 0.01327 0.37796 0.01117 ( 1)
  40 K   0.60493 0.00820 0.37930 0.00756 ( 1)
  41 N   0.61687 0.00230 0.37813 0.00269 ( 1)
  42 F   0.60306 0.00943 0.37904 0.00847 ( 1)
  43 K   0.60493 0.00820 0.37930 0.00756 ( 1)
  44 Q   0.60013 0.01141 0.37859 0.00988 ( 1)
  45 V   0.61396 0.00341 0.37893 0.00370 ( 1)
  46 L   0.28993 0.21093 0.47739 0.02174 ( 3)
  47 K   0.60493 0.00820 0.37930 0.00756 ( 1)
  48 K   0.60549 0.00785 0.37935 0.00730 ( 1)
  49 Y   0.45169 0.13980 0.28420 0.12431 ( 1)
  50 D   0.59511 0.01515 0.37730 0.01244 ( 1)
  51 L   0.58586 0.02259 0.37452 0.01703 ( 1)
  52 L   0.61679 0.00214 0.37859 0.00247 ( 1)
  53 C   0.62592 0.00043 0.37297 0.00068 ( 1)
  54 L   0.61690 0.00213 0.37850 0.00247 ( 1)
  55 Y   0.33471 0.10839 0.54417 0.01274 ( 3)
  56 Y   0.45291 0.13959 0.28542 0.12208 ( 1)
  57 H   0.61566 0.00255 0.37892 0.00286 ( 1)
  58 E   0.59717 0.01346 0.37819 0.01118 ( 1)
  59 P   0.60882 0.00571 0.37994 0.00553 ( 1)
  60 V   0.41615 0.17721 0.26443 0.14221 ( 1)
  61 S   0.61861 0.00162 0.37780 0.00197 ( 1)
  62 S   0.61366 0.00426 0.37723 0.00484 ( 1)
  63 D   0.59029 0.01889 0.37607 0.01475 ( 1)
  64 K   0.60497 0.00801 0.37971 0.00731 ( 1)
  65 A   0.01129 0.47980 0.00700 0.50190 ( 4)
  66 A   0.00149 0.86246 0.00235 0.13370 ( 2)
  67 Q   0.59968 0.01159 0.37885 0.00988 ( 1)
  68 K   0.60497 0.00801 0.37971 0.00731 ( 1)
  69 Q   0.28560 0.28819 0.18043 0.24578 ( 2)
  70 F   0.46227 0.13098 0.29103 0.11572 ( 1)
  71 Q   0.60161 0.01021 0.37928 0.00890 ( 1)
  72 M   0.05197 0.53045 0.03335 0.38423 ( 2)
  73 K   0.60497 0.00801 0.37971 0.00731 ( 1)
  74 E   0.60032 0.01117 0.37890 0.00962 ( 1)
  75 I   0.45225 0.13963 0.28492 0.12320 ( 1)
  76 V   0.28506 0.28147 0.17908 0.25439 ( 1)
  77 L   0.57933 0.02837 0.37176 0.02055 ( 1)
  78 E   0.59705 0.01357 0.37811 0.01127 ( 1)
  79 F   0.59311 0.01685 0.37633 0.01372 ( 1)
  80 D   0.35803 0.22978 0.22746 0.18473 ( 1)
  81 E   0.59844 0.01281 0.37773 0.01102 ( 1)
  82 E   0.59844 0.01281 0.37773 0.01102 ( 1)
  83 G   0.61465 0.00335 0.37823 0.00376 ( 1)
  84 S   0.59994 0.01174 0.37804 0.01028 ( 1)
  85 L   0.26741 0.26424 0.44252 0.02583 ( 3)
  86 Y   0.60148 0.01067 0.37832 0.00952 ( 1)
  87 V   0.36222 0.05192 0.57839 0.00748 ( 3)
  88 L   0.61566 0.00307 0.37772 0.00355 ( 1)
  89 K   0.60255 0.00995 0.37850 0.00900 ( 1)
  90 G   0.62386 0.00084 0.37406 0.00124 ( 1)
  91 D   0.58827 0.02075 0.37479 0.01619 ( 1)
  92 R   0.60506 0.00834 0.37877 0.00782 ( 1)
  93 T   0.46691 0.12437 0.29233 0.11639 ( 1)
  94 I   0.60349 0.00934 0.37861 0.00856 ( 1)
  95 E   0.59513 0.01528 0.37691 0.01268 ( 1)
  96 F   0.59352 0.01653 0.37644 0.01351 ( 1)
  97 D   0.58827 0.02075 0.37479 0.01619 ( 1)
  98 G   0.61507 0.00319 0.37813 0.00361 ( 1)
  99 E   0.59513 0.01528 0.37691 0.01268 ( 1)
 100 F   0.59311 0.01685 0.37633 0.01372 ( 1)
 101 A   0.60632 0.00748 0.37909 0.00710 ( 1)
 102 A   0.60717 0.00708 0.37891 0.00685 ( 1)
 103 D   0.58829 0.02073 0.37480 0.01618 ( 1)
 104 V   0.61136 0.00483 0.37877 0.00504 ( 1)
 105 L   0.58414 0.02422 0.37334 0.01830 ( 1)
 106 V   0.59660 0.01417 0.37729 0.01194 ( 1)
 107 E   0.59513 0.01528 0.37691 0.01268 ( 1)
 108 F   0.59322 0.01679 0.37627 0.01371 ( 1)
 109 L   0.61586 0.00290 0.37789 0.00335 ( 1)
 110 L   0.58414 0.02422 0.37334 0.01830 ( 1)
 111 D   0.59196 0.01757 0.37652 0.01395 ( 1)
 112 L   0.56352 0.04177 0.34490 0.04980 ( 1)
 113 I   0.47605 0.11523 0.29716 0.11156 ( 1)
 114 E   0.60041 0.01142 0.37811 0.01006 ( 1)
 115 D   0.59456 0.01572 0.37673 0.01299 ( 1)
 116 P   0.60674 0.00734 0.37885 0.00707 ( 1)
 117 V   0.59916 0.01221 0.37811 0.01052 ( 1)
 118 E   0.59768 0.01329 0.37777 0.01126 ( 1)
 119 I   0.60301 0.00955 0.37880 0.00864 ( 1)
 120 I   0.60301 0.00955 0.37880 0.00864 ( 1)
 121 N   0.56719 0.03912 0.34689 0.04680 ( 1)
 122 S   0.62197 0.00105 0.37555 0.00143 ( 1)
 123 K   0.60564 0.00787 0.37911 0.00738 ( 1)
 124 L   0.57969 0.02811 0.37166 0.02054 ( 1)
 125 E   0.60100 0.01091 0.37848 0.00961 ( 1)
 126 V   0.61364 0.00366 0.37873 0.00398 ( 1)
 127 Q   0.60220 0.01005 0.37877 0.00898 ( 1)
 128 A   0.61646 0.00256 0.37800 0.00298 ( 1)
 129 F   0.59562 0.01484 0.37723 0.01231 ( 1)
 130 E   0.59768 0.01329 0.37777 0.01126 ( 1)
 131 R   0.60753 0.00675 0.37919 0.00653 ( 1)
 132 I   0.60598 0.00767 0.37912 0.00723 ( 1)
 133 E   0.59768 0.01329 0.37777 0.01126 ( 1)
 134 D   0.59518 0.01517 0.37712 0.01253 ( 1)
 135 H   0.56485 0.04083 0.34532 0.04899 ( 1)
 136 I   0.60301 0.00955 0.37880 0.00864 ( 1)
 137 K   0.60564 0.00787 0.37911 0.00738 ( 1)
 138 L   0.61799 0.00207 0.37743 0.00251 ( 1)
 139 I   0.60355 0.00910 0.37913 0.00822 ( 1)
 140 G   0.61723 0.00229 0.37775 0.00273 ( 1)
 141 F   0.59562 0.01484 0.37723 0.01231 ( 1)
 142 F   0.60319 0.00944 0.37881 0.00856 ( 1)
 143 K   0.60508 0.00822 0.37906 0.00764 ( 1)
 144 S   0.60250 0.00989 0.37873 0.00888 ( 1)
 145 E   0.59772 0.01325 0.37780 0.01123 ( 1)
 146 D   0.59518 0.01517 0.37712 0.01253 ( 1)
 147 S   0.60847 0.00621 0.37923 0.00609 ( 1)
 148 E   0.59430 0.01627 0.37564 0.01379 ( 1)
 149 Y   0.39834 0.19129 0.25250 0.15786 ( 1)
 150 Y   0.60025 0.01100 0.37943 0.00932 ( 1)
 151 K   0.60286 0.00917 0.37997 0.00800 ( 1)
 152 A   0.60718 0.00641 0.38046 0.00595 ( 1)
 153 F   0.59373 0.01598 0.37760 0.01270 ( 1)
 154 E   0.59893 0.01196 0.37912 0.00999 ( 1)
 155 E   0.59572 0.01440 0.37823 0.01165 ( 1)
 156 A   0.60603 0.00711 0.38038 0.00649 ( 1)
 157 A   0.60718 0.00641 0.38046 0.00595 ( 1)
 158 E   0.59893 0.01196 0.37912 0.00999 ( 1)
 159 H   0.61392 0.00297 0.37997 0.00314 ( 1)
 160 F   0.60103 0.01045 0.37959 0.00893 ( 1)
 161 Q   0.59819 0.01249 0.37897 0.01034 ( 1)
 162 P   0.61840 0.00146 0.37840 0.00174 ( 1)
 163 Y   0.60025 0.01100 0.37943 0.00932 ( 1)
 164 I   0.33342 0.11098 0.54272 0.01288 ( 3)
 165 K   0.60340 0.00880 0.38006 0.00774 ( 1)
 166 F   0.59373 0.01598 0.37760 0.01270 ( 1)
 167 F   0.59373 0.01598 0.37760 0.01270 ( 1)
 168 A   0.60718 0.00641 0.38046 0.00595 ( 1)
 169 T   0.61586 0.00223 0.37944 0.00247 ( 1)
 170 F   0.60094 0.01048 0.37964 0.00893 ( 1)
 171 D   0.59331 0.01631 0.37747 0.01291 ( 1)
 172 K   0.60340 0.00880 0.38006 0.00774 ( 1)
 173 G   0.61500 0.00254 0.37971 0.00275 ( 1)
 174 V   0.60809 0.00529 0.38181 0.00481 ( 1)
 175 A   0.60273 0.00875 0.38115 0.00738 ( 1)
 176 K   0.59958 0.01104 0.38037 0.00901 ( 1)
 177 K   0.60011 0.01065 0.38051 0.00873 ( 1)
 178 L   0.58245 0.02534 0.37395 0.01827 ( 1)
 179 S   0.61523 0.00190 0.38087 0.00200 ( 1)
 180 L   0.58245 0.02534 0.37395 0.01827 ( 1)
 181 K   0.59958 0.01104 0.38037 0.00901 ( 1)
 182 M   0.61337 0.00261 0.38138 0.00263 ( 1)
 183 N   0.61627 0.00156 0.38049 0.00169 ( 1)
 184 E   0.59266 0.01651 0.37812 0.01270 ( 1)
 185 V   0.60809 0.00529 0.38181 0.00481 ( 1)
 186 D   0.59035 0.01845 0.37724 0.01396 ( 1)
 187 F   0.59779 0.01241 0.37984 0.00996 ( 1)
 188 Y   0.59854 0.01184 0.38006 0.00957 ( 1)
 189 E   0.59266 0.01651 0.37812 0.01270 ( 1)
 190 P   0.59926 0.01130 0.38024 0.00920 ( 1)
 191 F   0.59075 0.01812 0.37739 0.01374 ( 1)
 192 M   0.61337 0.00261 0.38138 0.00263 ( 1)
 193 D   0.59031 0.01849 0.37721 0.01399 ( 1)
 194 E   0.59266 0.01651 0.37812 0.01270 ( 1)
 195 P   0.60371 0.00809 0.38129 0.00691 ( 1)
 196 I   0.60042 0.01042 0.38058 0.00858 ( 1)
 197 A   0.61013 0.00415 0.38181 0.00391 ( 1)
 198 I   0.59822 0.01240 0.37936 0.01003 ( 1)
 199 P   0.61005 0.00423 0.38174 0.00398 ( 1)
 200 D   0.59020 0.01859 0.37715 0.01406 ( 1)
 201 K   0.44360 0.15113 0.28128 0.12398 ( 1)
 202 P   0.60359 0.00820 0.38121 0.00701 ( 1)
 203 Y   0.59689 0.01312 0.37953 0.01046 ( 1)
 204 T   0.60164 0.00955 0.38082 0.00798 ( 1)
 205 E   0.59561 0.01413 0.37912 0.01114 ( 1)
 206 E   0.38514 0.20867 0.24572 0.16048 ( 1)
 207 E   0.59251 0.01665 0.37803 0.01281 ( 1)
 208 L   0.61145 0.00351 0.38164 0.00339 ( 1)
 209 V   0.59389 0.01552 0.37852 0.01206 ( 1)
 210 E   0.38569 0.20925 0.24641 0.15865 ( 1)
 211 F   0.59032 0.01835 0.37759 0.01374 ( 1)
 212 V   0.59304 0.01595 0.37893 0.01208 ( 1)
 213 K   0.59845 0.01156 0.38087 0.00912 ( 1)
 214 E   0.59170 0.01708 0.37840 0.01282 ( 1)
 215 H   0.61481 0.00164 0.38188 0.00167 ( 1)
 216 Q   0.59578 0.01367 0.37999 0.01056 ( 1)
 217 P   0.59306 0.01496 0.38138 0.01060 ( 1)
 218 T   0.60147 0.00767 0.38518 0.00568 ( 1)
 219 L   0.59200 0.01630 0.37992 0.01178 ( 1)
 220 R   0.48473 0.06107 0.41429 0.03991 ( 1)
 221 R   0.59411 0.01425 0.38136 0.01028 ( 1)
 222 L   0.57693 0.03009 0.37257 0.02041 ( 1)
 223 R   0.59423 0.01413 0.38144 0.01019 ( 1)
 224 P   0.59183 0.01627 0.38030 0.01160 ( 1)
 225 E   0.58864 0.01914 0.37875 0.01347 ( 1)
 226 D   0.58027 0.02692 0.37439 0.01842 ( 1)
 227 M   0.60498 0.00538 0.38544 0.00420 ( 1)
 228 F   0.58419 0.02325 0.37647 0.01610 ( 1)
 229 E   0.58845 0.01932 0.37864 0.01359 ( 1)
 230 T   0.59415 0.01421 0.38140 0.01024 ( 1)
 231 W   0.57831 0.02878 0.37333 0.01958 ( 1)
 232 E   0.60112 0.01080 0.37856 0.00952 ( 1)
 233 D   0.59082 0.01859 0.37585 0.01474 ( 1)
 234 D   0.59082 0.01859 0.37585 0.01474 ( 1)
 235 L   0.58660 0.02206 0.37444 0.01689 ( 1)
 236 N   0.61723 0.00227 0.37780 0.00270 ( 1)
 237 G   0.61791 0.00206 0.37755 0.00248 ( 1)
 238 I   0.60313 0.00946 0.37887 0.00855 ( 1)
 239 H   0.62424 0.00070 0.37402 0.00104 ( 1)
 240 I   0.60609 0.00758 0.37918 0.00715 ( 1)
 241 V   0.59928 0.01210 0.37819 0.01043 ( 1)
 242 A   0.61653 0.00251 0.37804 0.00293 ( 1)
 243 F   0.59609 0.01442 0.37753 0.01197 ( 1)
 244 A   0.61714 0.00239 0.37763 0.00284 ( 1)
 245 E   0.59783 0.01318 0.37782 0.01117 ( 1)
 246 R   0.62398 0.00076 0.37414 0.00112 ( 1)
 247 S   0.60261 0.00979 0.37881 0.00879 ( 1)
 248 D   0.59082 0.01859 0.37585 0.01474 ( 1)
 249 P   0.60487 0.00835 0.37904 0.00774 ( 1)
 250 D   0.59053 0.01880 0.37583 0.01484 ( 1)
 251 G   0.61731 0.00229 0.37768 0.00273 ( 1)
 252 Y   0.60328 0.00935 0.37889 0.00847 ( 1)
 253 E   0.59772 0.01327 0.37774 0.01127 ( 1)
 254 F   0.60323 0.00943 0.37878 0.00856 ( 1)
 255 L   0.57971 0.02809 0.37165 0.02055 ( 1)
 256 E   0.59772 0.01327 0.37774 0.01127 ( 1)
 257 I   0.60306 0.00954 0.37876 0.00864 ( 1)
 258 L   0.57973 0.02808 0.37164 0.02055 ( 1)
 259 K   0.60513 0.00820 0.37902 0.00765 ( 1)
 260 Q   0.60027 0.01142 0.37834 0.00997 ( 1)
 261 V   0.61429 0.00341 0.37854 0.00377 ( 1)
 262 A   0.60978 0.00548 0.37922 0.00551 ( 1)
 263 R   0.62597 0.00050 0.37274 0.00079 ( 1)
 264 D   0.59522 0.01515 0.37710 0.01253 ( 1)
 265 N   0.61725 0.00231 0.37770 0.00275 ( 1)
 266 T   0.62273 0.00088 0.37516 0.00123 ( 1)
 267 D   0.59522 0.01515 0.37710 0.01253 ( 1)
 268 N   0.61725 0.00231 0.37770 0.00275 ( 1)
 269 P   0.61656 0.00255 0.37790 0.00298 ( 1)
 270 D   0.40247 0.18747 0.25498 0.15508 ( 1)
 271 L   0.58624 0.02217 0.37498 0.01661 ( 1)
 272 S   0.38581 0.01219 0.59972 0.00229 ( 3)
 273 I   0.60369 0.00927 0.37848 0.00856 ( 1)
 274 V   0.38641 0.16065 0.23333 0.21961 ( 1)
 275 W   0.58819 0.02076 0.37491 0.01613 ( 1)
 276 I   0.60306 0.00954 0.37876 0.00864 ( 1)
 277 D   0.59522 0.01515 0.37710 0.01253 ( 1)
 278 P   0.60481 0.00843 0.37893 0.00783 ( 1)
 279 D   0.59155 0.01810 0.37580 0.01455 ( 1)
 280 D   0.59522 0.01515 0.37710 0.01253 ( 1)
 281 F   0.59566 0.01482 0.37720 0.01232 ( 1)
 282 P   0.61656 0.00255 0.37790 0.00298 ( 1)
 283 L   0.57971 0.02809 0.37165 0.02055 ( 1)
 284 L   0.61778 0.00204 0.37774 0.00244 ( 1)
 285 V   0.61401 0.00340 0.37889 0.00371 ( 1)
 286 A   0.61454 0.00280 0.37963 0.00302 ( 1)
 287 Y   0.60386 0.00891 0.37912 0.00811 ( 1)
 288 W   0.58814 0.02075 0.37506 0.01605 ( 1)
 289 E   0.60092 0.01088 0.37867 0.00952 ( 1)
 290 K   0.60497 0.00819 0.37928 0.00756 ( 1)
 291 T   0.61855 0.00179 0.37747 0.00219 ( 1)
 292 F   0.60309 0.00942 0.37902 0.00848 ( 1)
 293 K   0.60497 0.00819 0.37928 0.00756 ( 1)
 294 I   0.60586 0.00764 0.37934 0.00715 ( 1)
 295 D   0.59513 0.01514 0.37728 0.01244 ( 1)
 296 L   0.60441 0.00854 0.37923 0.00782 ( 1)
 297 F   0.60309 0.00942 0.37902 0.00848 ( 1)
 298 K   0.60497 0.00819 0.37928 0.00756 ( 1)
 299 P   0.60516 0.00816 0.37910 0.00759 ( 1)
 300 Q   0.60016 0.01140 0.37856 0.00988 ( 1)
 301 I   0.60586 0.00764 0.37934 0.00715 ( 1)
 302 G   0.61658 0.00241 0.37821 0.00280 ( 1)
 303 V   0.59909 0.01218 0.37829 0.01044 ( 1)
 304 V   0.59909 0.01218 0.37829 0.01044 ( 1)
 305 N   0.62328 0.00080 0.37479 0.00114 ( 1)
 306 V   0.61400 0.00341 0.37888 0.00371 ( 1)
 307 T   0.60730 0.00679 0.37941 0.00650 ( 1)
 308 D   0.59042 0.01891 0.37575 0.01492 ( 1)
 309 A   0.60934 0.00599 0.37859 0.00607 ( 1)
 310 D   0.59467 0.01571 0.37655 0.01307 ( 1)
 311 S   0.60208 0.01038 0.37814 0.00940 ( 1)
 312 V   0.61354 0.00395 0.37814 0.00436 ( 1)
 313 W   0.58763 0.02133 0.37441 0.01664 ( 1)
 314 M   0.62035 0.00164 0.37585 0.00216 ( 1)
 315 E   0.59720 0.01382 0.37718 0.01180 ( 1)
 316 I   0.60565 0.00810 0.37852 0.00773 ( 1)
 317 P   0.60490 0.00858 0.37842 0.00809 ( 1)
 318 D   0.36308 0.22595 0.23085 0.18012 ( 1)
 319 G   0.62610 0.00060 0.37235 0.00096 ( 1)
 320 D   0.59016 0.01926 0.37523 0.01535 ( 1)
 321 D   0.27159 0.25610 0.44355 0.02877 ( 3)
 322 L   0.57927 0.02853 0.37128 0.02092 ( 1)
 323 P   0.60946 0.00600 0.37843 0.00612 ( 1)
 324 T   0.60713 0.00722 0.37859 0.00705 ( 1)
 325 A   0.60939 0.00595 0.37862 0.00604 ( 1)
 326 E   0.59719 0.01382 0.37719 0.01180 ( 1)
 327 E   0.59719 0.01382 0.37719 0.01180 ( 1)
 328 L   0.57921 0.02859 0.37123 0.02097 ( 1)
 329 E   0.60056 0.01141 0.37789 0.01014 ( 1)
 330 D   0.59467 0.01571 0.37655 0.01307 ( 1)
 331 W   0.58763 0.02133 0.37441 0.01664 ( 1)
 332 I   0.47484 0.11692 0.29677 0.11146 ( 1)
 333 E   0.59719 0.01382 0.37719 0.01180 ( 1)
 334 D   0.59033 0.01910 0.37534 0.01523 ( 1)
 335 V   0.59869 0.01273 0.37752 0.01106 ( 1)
 336 L   0.61814 0.00225 0.37683 0.00278 ( 1)
 337 S   0.61991 0.00176 0.37604 0.00229 ( 1)
 338 G   0.61793 0.00230 0.37693 0.00283 ( 1)
 339 K   0.60472 0.00867 0.37847 0.00815 ( 1)
 340 I   0.62882 0.00037 0.37016 0.00066 ( 1)
 341 N   0.56273 0.04229 0.34374 0.05125 ( 1)
 342 T   0.61891 0.00202 0.37653 0.00255 ( 1)
 343 E   0.59748 0.01356 0.37737 0.01159 ( 1)
 344 D   0.36811 0.22102 0.23395 0.17692 ( 1)
 345 D   0.37256 0.21732 0.23688 0.17324 ( 1)
 346 D   0.59438 0.01595 0.37641 0.01326 ( 1)
 347 N   0.00110 0.44677 0.00067 0.55145 ( 4)
 348 E   0.32959 0.12112 0.53475 0.01455 ( 3)
 349 D   0.36685 0.21930 0.23245 0.18140 ( 1)
 350 E   0.60038 0.01157 0.37778 0.01028 ( 1)
 351 E   0.00357 0.53618 0.00226 0.45800 ( 2)
 352 D   0.29917 0.19008 0.49009 0.02066 ( 3)
 353 E   0.60034 0.01160 0.37776 0.01030 ( 1)
 354 E   0.40681 0.18134 0.25695 0.15490 ( 1)
 355 D   0.06729 0.74177 0.11030 0.08063 ( 2)
 356 D   0.59467 0.01571 0.37655 0.01307 ( 1)
 357 D   0.40559 0.18455 0.25688 0.15297 ( 1)
 358 D   0.59462 0.01574 0.37656 0.01308 ( 1)
 359 D   0.35821 0.23038 0.22775 0.18365 ( 1)
 360 D   0.30237 0.18238 0.49553 0.01972 ( 3)
 361 D   0.59467 0.01571 0.37655 0.01307 ( 1)
 362 N   0.00005 0.42862 0.00003 0.57130 ( 4)
 363 D   0.59250 0.01763 0.37523 0.01463 ( 1)
 364 N   0.62330 0.00134 0.37337 0.00199 ( 1)
 365 S   0.61901 0.00242 0.37541 0.00316 ( 1)
 366 D   0.59232 0.01778 0.37515 0.01475 ( 1)
 367 E   0.59801 0.01361 0.37629 0.01209 ( 1)
 368 E   0.05371 0.49205 0.03393 0.42031 ( 2)
 369 D   0.00488 0.53723 0.00309 0.45481 ( 2)
 370 D   0.38397 0.20693 0.24410 0.16501 ( 1)
 371 D   0.59467 0.01571 0.37655 0.01307 ( 1)
 372 S   0.00027 0.51368 0.00017 0.48589 ( 2)
 373 D   0.06536 0.74614 0.10701 0.08149 ( 2)
 374 D   0.40532 0.18459 0.25666 0.15343 ( 1)
 375 D   0.29763 0.19372 0.48766 0.02099 ( 3)
 376 E   0.00418 0.89117 0.00684 0.09781 ( 2)
 377 D   0.59354 0.01672 0.37584 0.01391 ( 1)


lnL = -3072.577274

Bayes Empirical Bayes (BEB) probabilities for 4 classes (class)
(amino acids refer to 1st sequence: Bacu)

   1 M   0.90587 0.06637 0.02527 0.00249 ( 1)
   2 K   0.26762 0.69174 0.01013 0.03051 ( 2)
   3 R   0.47050 0.49911 0.01241 0.01798 ( 2)
   4 T   0.90596 0.06629 0.02526 0.00249 ( 1)
   5 H   0.34886 0.35382 0.27561 0.02172 ( 2)
   6 L   0.76799 0.18564 0.03702 0.00935 ( 1)
   7 F   0.80910 0.14973 0.03417 0.00700 ( 1)
   8 V   0.17478 0.52151 0.25504 0.04867 ( 2)
   9 M   0.25229 0.70500 0.01029 0.03242 ( 2)
  10 A   0.00367 0.77344 0.07713 0.14576 ( 2)
  11 V   0.87539 0.09229 0.02857 0.00375 ( 1)
  12 Y   0.83047 0.13110 0.03255 0.00588 ( 1)
  13 L   0.76799 0.18564 0.03702 0.00935 ( 1)
  14 L   0.76799 0.18564 0.03702 0.00935 ( 1)
  15 S   0.91617 0.05773 0.02399 0.00210 ( 1)
  16 T   0.44950 0.51983 0.01177 0.01890 ( 2)
  17 C   0.93246 0.04427 0.02175 0.00152 ( 1)
  18 R   0.34138 0.62765 0.00859 0.02238 ( 2)
  19 A   0.85605 0.10853 0.03078 0.00465 ( 1)
  20 E   0.23897 0.71781 0.00991 0.03332 ( 2)
  21 E   0.81753 0.14205 0.03386 0.00657 ( 1)
  22 G   0.89821 0.07237 0.02662 0.00280 ( 1)
  23 L   0.77350 0.18114 0.03636 0.00899 ( 1)
  24 N   0.38564 0.58007 0.01163 0.02266 ( 2)
  25 F   0.83622 0.12574 0.03243 0.00561 ( 1)
  26 P   0.86080 0.10442 0.03036 0.00443 ( 1)
  27 T   0.90920 0.06308 0.02535 0.00237 ( 1)
  28 Y   0.83895 0.12333 0.03224 0.00547 ( 1)
  29 D   0.80980 0.14881 0.03442 0.00698 ( 1)
  30 G   0.89526 0.07486 0.02695 0.00292 ( 1)
  31 K   0.30578 0.65927 0.00921 0.02574 ( 2)
  32 D   0.81020 0.14841 0.03443 0.00696 ( 1)
  33 R   0.85476 0.10950 0.03102 0.00471 ( 1)
  34 V   0.82365 0.13653 0.03356 0.00626 ( 1)
  35 V   0.87923 0.08848 0.02869 0.00360 ( 1)
  36 S   0.83416 0.12748 0.03265 0.00571 ( 1)
  37 L   0.84144 0.12114 0.03206 0.00535 ( 1)
  38 T   0.90935 0.06285 0.02544 0.00236 ( 1)
  39 E   0.81795 0.14163 0.03387 0.00655 ( 1)
  40 K   0.84359 0.11928 0.03189 0.00525 ( 1)
  41 N   0.89562 0.07447 0.02700 0.00291 ( 1)
  42 F   0.83670 0.12527 0.03245 0.00559 ( 1)
  43 K   0.84359 0.11928 0.03189 0.00525 ( 1)
  44 Q   0.82612 0.13450 0.03326 0.00612 ( 1)
  45 V   0.88188 0.08621 0.02843 0.00349 ( 1)
  46 L   0.14577 0.54742 0.24966 0.05715 ( 2)
  47 K   0.84359 0.11928 0.03189 0.00525 ( 1)
  48 K   0.84574 0.11741 0.03171 0.00514 ( 1)
  49 Y   0.26115 0.69723 0.01025 0.03138 ( 2)
  50 D   0.81020 0.14841 0.03443 0.00696 ( 1)
  51 L   0.78420 0.17094 0.03643 0.00843 ( 1)
  52 L   0.89742 0.07231 0.02742 0.00284 ( 1)
  53 C   0.93815 0.03881 0.02171 0.00133 ( 1)
  54 L   0.89766 0.07219 0.02732 0.00283 ( 1)
  55 Y   0.18460 0.50215 0.26681 0.04644 ( 2)
  56 Y   0.26133 0.69661 0.01043 0.03164 ( 2)
  57 H   0.89159 0.07736 0.02797 0.00308 ( 1)
  58 E   0.81677 0.14230 0.03430 0.00663 ( 1)
  59 P   0.86028 0.10425 0.03100 0.00447 ( 1)
  60 V   0.23738 0.71801 0.01034 0.03427 ( 2)
  61 S   0.90608 0.06505 0.02637 0.00250 ( 1)
  62 S   0.87532 0.09385 0.02712 0.00372 ( 1)
  63 D   0.79624 0.16034 0.03567 0.00774 ( 1)
  64 K   0.84431 0.11821 0.03226 0.00523 ( 1)
  65 A   0.00457 0.95584 0.00014 0.03945 ( 2)
  66 A   0.00066 0.92566 0.00030 0.07339 ( 2)
  67 Q   0.82486 0.13521 0.03372 0.00620 ( 1)
  68 K   0.84431 0.11821 0.03226 0.00523 ( 1)
  69 Q   0.15838 0.79836 0.00646 0.03680 ( 2)
  70 F   0.26781 0.69043 0.01058 0.03118 ( 2)
  71 Q   0.83147 0.12943 0.03323 0.00586 ( 1)
  72 M   0.02275 0.92889 0.00106 0.04729 ( 2)
  73 K   0.84431 0.11821 0.03226 0.00523 ( 1)
  74 E   0.82720 0.13321 0.03351 0.00608 ( 1)
  75 I   0.26131 0.69669 0.01050 0.03150 ( 2)
  76 V   0.16306 0.79517 0.00628 0.03549 ( 2)
  77 L   0.76874 0.18463 0.03730 0.00933 ( 1)
  78 E   0.81636 0.14271 0.03429 0.00665 ( 1)
  79 F   0.80404 0.15421 0.03448 0.00727 ( 1)
  80 D   0.20976 0.74556 0.00912 0.03556 ( 2)
  81 E   0.82023 0.14013 0.03324 0.00640 ( 1)
  82 E   0.82023 0.14013 0.03324 0.00640 ( 1)
  83 G   0.88293 0.08602 0.02763 0.00342 ( 1)
  84 S   0.82515 0.13585 0.03286 0.00615 ( 1)
  85 L   0.13274 0.56168 0.24388 0.06169 ( 2)
  86 Y   0.83038 0.13131 0.03244 0.00588 ( 1)
  87 V   0.23417 0.46242 0.26708 0.03633 ( 2)
  88 L   0.88663 0.08314 0.02696 0.00326 ( 1)
  89 K   0.83408 0.12810 0.03213 0.00569 ( 1)
  90 G   0.92490 0.05069 0.02263 0.00178 ( 1)
  91 D   0.79065 0.16590 0.03543 0.00801 ( 1)
  92 R   0.84326 0.12013 0.03137 0.00524 ( 1)
  93 T   0.27261 0.68716 0.01017 0.03007 ( 2)
  94 I   0.83745 0.12517 0.03186 0.00552 ( 1)
  95 E   0.80994 0.14908 0.03403 0.00695 ( 1)
  96 F   0.80531 0.15308 0.03441 0.00720 ( 1)
  97 D   0.79065 0.16590 0.03543 0.00801 ( 1)
  98 G   0.88482 0.08440 0.02744 0.00334 ( 1)
  99 E   0.80998 0.14904 0.03403 0.00695 ( 1)
 100 F   0.80404 0.15421 0.03448 0.00727 ( 1)
 101 A   0.84835 0.11549 0.03116 0.00500 ( 1)
 102 A   0.85129 0.11319 0.03067 0.00485 ( 1)
 103 D   0.79080 0.16575 0.03544 0.00801 ( 1)
 104 V   0.86845 0.09841 0.02908 0.00406 ( 1)
 105 L   0.77999 0.17524 0.03615 0.00863 ( 1)
 106 V   0.81441 0.14519 0.03369 0.00671 ( 1)
 107 E   0.80994 0.14908 0.03403 0.00695 ( 1)
 108 F   0.80434 0.15403 0.03438 0.00725 ( 1)
 109 L   0.88843 0.08131 0.02706 0.00319 ( 1)
 110 L   0.77999 0.17524 0.03615 0.00863 ( 1)
 111 D   0.80081 0.15647 0.03524 0.00748 ( 1)
 112 L   0.38307 0.58291 0.01147 0.02255 ( 2)
 113 I   0.28030 0.67977 0.01067 0.02926 ( 2)
 114 E   0.82687 0.13436 0.03272 0.00606 ( 1)
 115 D   0.80840 0.15042 0.03414 0.00703 ( 1)
