Supplemental results for CODEML (seqf: /home/leticiamagpali/phd/evol_models/codeml/big_dataset/cml_align/CNTNAP2_codon_aligned.phy  treef: /home/leticiamagpali/phd/evol_models/codeml/big_dataset/cml_trees/gene_trees/H1c_gene_trees/CNTNAP2_tree_H1c.tre)

I	J	ij	2Ns_IJ	pMut_IJ	pSub_IJ	2Ns_JI	pMut_JI	pSub_JI

TTC	TTT	CT	0.58225	0.06801	0.08972	-0.58225	0.12175	0.08972
TTA	TTT	AT	1.98880	0.00300	0.00691	-1.98880	0.02191	0.00691
TTA	TTC	AC	1.40655	0.00831	0.01547	-1.40655	0.03390	0.01547
TTG	TTT	GT	1.33451	0.00464	0.00840	-1.33451	0.01761	0.00840
TTG	TTC	GC	0.75226	0.01284	0.01827	-0.75226	0.02725	0.01827
TTG	TTA	GA	-0.65429	0.05883	0.04167	0.65429	0.03058	0.04167
TCT	TTT	CT	1.20873	0.03635	0.06264	-1.20873	0.12175	0.06264
TCC	TTC	CT	1.31936	0.05035	0.09066	-1.31936	0.18835	0.09066
TCC	TCT	CT	0.69289	0.05035	0.06979	-0.69289	0.10067	0.06979
TCA	TTA	CT	0.36951	0.02896	0.03463	-0.36951	0.04190	0.03463
TCA	TCT	AT	1.14958	0.00574	0.00966	-1.14958	0.01812	0.00966
TCA	TCC	AC	0.45669	0.01589	0.01980	-0.45669	0.02510	0.01980
TCG	TTG	CT	1.05969	0.02245	0.03641	-1.05969	0.06479	0.03641
TCG	TCT	GT	1.18548	0.00445	0.00760	-1.18548	0.01456	0.00760
TCG	TCC	GC	0.49259	0.01233	0.01561	-0.49259	0.02017	0.01561
TCG	TCA	GA	0.03590	0.05646	0.05748	-0.03590	0.05853	0.05748
TAT	TTT	AT	1.22177	0.00646	0.01119	-1.22177	0.02191	0.01119
TAT	TCT	AC	0.01304	0.01788	0.01800	-0.01304	0.01812	0.01800
TAC	TTC	AT	0.77131	0.01568	0.02249	-0.77131	0.03390	0.02249
TAC	TCC	AC	-0.54805	0.04341	0.03260	0.54805	0.02510	0.03260
TAC	TAT	CT	0.13179	0.07908	0.08441	-0.13179	0.09022	0.08441
TGT	TTT	GT	1.51394	0.00388	0.00752	-1.51394	0.01761	0.00752
TGT	TCT	GC	0.30522	0.01073	0.01245	-0.30522	0.01456	0.01245
TGT	TAT	GA	0.29218	0.04917	0.05670	-0.29218	0.06585	0.05670
TGC	TTC	GT	1.05774	0.00946	0.01533	-1.05774	0.02725	0.01533
TGC	TCC	GC	-0.26163	0.02620	0.02293	0.26163	0.02017	0.02293
TGC	TAC	GA	0.28643	0.12003	0.13804	-0.28643	0.15985	0.13804
TGC	TGT	CT	0.12604	0.04774	0.05081	-0.12604	0.05415	0.05081
TGG	TTG	GT	0.10643	0.00843	0.00888	-0.10643	0.00937	0.00888
TGG	TCG	GC	-0.95326	0.02334	0.01396	0.95326	0.00900	0.01396
TGG	TGT	GT	-0.07300	0.00843	0.00812	0.07300	0.00783	0.00812
TGG	TGC	GC	-0.19904	0.02334	0.02109	0.19904	0.01913	0.02109
CTT	TTT	CT	1.84753	0.01919	0.04209	-1.84753	0.12175	0.04209
CTC	TTC	CT	1.39410	0.04672	0.08662	-1.39410	0.18835	0.08662
CTC	CTT	CT	0.12882	0.04672	0.04979	-0.12882	0.05314	0.04979
CTA	TTA	CT	1.46645	0.00967	0.01843	-1.46645	0.04190	0.01843
CTA	CTT	AT	1.60772	0.00192	0.00385	-1.60772	0.00957	0.00385
CTA	CTC	AC	1.47890	0.00531	0.01017	-1.47890	0.02329	0.01017
CTG	TTG	CT	-0.11290	0.07253	0.06852	0.11290	0.06479	0.06852
CTG	CTT	GT	-0.62592	0.01438	0.01034	0.62592	0.00769	0.01034
CTG	CTC	GC	-0.75474	0.03982	0.02666	0.75474	0.01872	0.02666
CTG	CTA	GA	-2.23364	0.18239	0.04888	2.23364	0.01954	0.04888
CCT	TCT	CT	1.18610	0.03074	0.05250	-1.18610	0.10067	0.05250
CCT	CTT	CT	0.54730	0.03074	0.03992	-0.54730	0.05314	0.03992
CCC	TCC	CT	1.23537	0.04053	0.07060	-1.23537	0.13942	0.07060
CCC	CTC	CT	1.16063	0.04053	0.06851	-1.16063	0.12938	0.06851
CCC	CCT	CT	0.74215	0.04053	0.05742	-0.74215	0.08514	0.05742
CCA	TCA	CT	1.01274	0.02912	0.04632	-1.01274	0.08018	0.04632
CCA	CTA	CT	-0.08420	0.02912	0.02792	0.08420	0.02677	0.02792
CCA	CCT	AT	0.97622	0.00577	0.00904	-0.97622	0.01532	0.00904
CCA	CCC	AC	0.23406	0.01599	0.01793	-0.23406	0.02020	0.01793
CCG	TCG	CT	1.72799	0.01105	0.02321	-1.72799	0.06218	0.02321
CCG	CTG	CT	2.90058	0.01105	0.03390	-2.90058	0.20086	0.03390
CCG	CCT	GT	1.72736	0.00219	0.00460	-1.72736	0.01232	0.00460
CCG	CCC	GC	0.98521	0.00606	0.00953	-0.98521	0.01624	0.00953
CCG	CCA	GA	0.75115	0.02777	0.03950	-0.75115	0.05887	0.03950
CAT	TAT	CT	1.25328	0.02577	0.04520	-1.25328	0.09022	0.04520
CAT	CTT	AT	0.62752	0.00511	0.00688	-0.62752	0.00957	0.00688
CAT	CCT	AC	0.08021	0.01414	0.01472	-0.08021	0.01532	0.01472
CAC	TAC	CT	1.42924	0.05245	0.09857	-1.42924	0.21900	0.09857
CAC	CTC	AT	0.80645	0.01040	0.01515	-0.80645	0.02329	0.01515
CAC	CCC	AC	-0.35418	0.02879	0.02399	0.35418	0.02020	0.02399
CAC	CAT	CT	0.30775	0.05245	0.06093	-0.30775	0.07135	0.06093
CAA	CTA	AT	-0.41355	0.00729	0.00588	0.41355	0.00482	0.00588
CAA	CCA	AC	-0.32935	0.02018	0.01704	0.32935	0.01452	0.01704
CAA	CAT	AT	0.56665	0.00729	0.00955	-0.56665	0.01284	0.00955
CAA	CAC	AC	0.25890	0.02018	0.02290	-0.25890	0.02614	0.02290
CAG	CTG	AT	0.91051	0.01455	0.02216	-0.91051	0.03615	0.02216
CAG	CCG	AC	-1.99008	0.04028	0.01269	1.99008	0.00551	0.01269
CAG	CAT	GT	-0.34293	0.01455	0.01219	0.34293	0.01032	0.01219
CAG	CAC	GC	-0.65068	0.04028	0.02859	0.65068	0.02101	0.02859
CAG	CAA	GA	-0.90958	0.18452	0.11315	0.90958	0.07430	0.11315
CGT	TGT	CT	2.18891	0.00607	0.01495	-2.18891	0.05415	0.01495
CGT	CTT	GT	1.85533	0.00120	0.00264	-1.85533	0.00769	0.00264
CGT	CCT	GC	1.30803	0.00333	0.00597	-1.30803	0.01232	0.00597
CGT	CAT	GA	1.22781	0.01525	0.02649	-1.22781	0.05208	0.02649
CGC	TGC	CT	1.63522	0.02577	0.05233	-1.63522	0.13219	0.05233
CGC	CTC	GT	1.29886	0.00511	0.00912	-1.29886	0.01872	0.00912
CGC	CCC	GC	0.13823	0.01414	0.01514	-0.13823	0.01624	0.01514
CGC	CAC	GA	0.49241	0.06479	0.08204	-0.49241	0.10601	0.08204
CGC	CGT	CT	-0.42765	0.02577	0.02065	0.42765	0.01680	0.02065
CGA	CTA	GT	1.18578	0.00118	0.00202	-1.18578	0.00387	0.00202
CGA	CCA	GC	1.26998	0.00328	0.00579	-1.26998	0.01167	0.00579
CGA	CAA	GA	1.59933	0.01501	0.03009	-1.59933	0.07430	0.03009
CGA	CGT	AT	0.93817	0.00118	0.00182	-0.93817	0.00302	0.00182
CGA	CGC	AC	1.36582	0.00328	0.00601	-1.36582	0.01284	0.00601
CGG	TGG	CT	1.88037	0.01796	0.03985	-1.88037	0.11773	0.03985
CGG	CTG	GT	2.09971	0.00356	0.00852	-2.09971	0.02906	0.00852
CGG	CCG	GC	-0.80088	0.00986	0.00643	0.80088	0.00443	0.00643
CGG	CAG	GA	1.18920	0.04516	0.07721	-1.18920	0.14832	0.07721
CGG	CGT	GT	-0.38154	0.00356	0.00292	0.38154	0.00243	0.00292
CGG	CGC	GC	0.04611	0.00986	0.01009	-0.04611	0.01032	0.01009
CGG	CGA	GA	-1.31971	0.04516	0.02173	1.31971	0.01207	0.02173
ATT	TTT	AT	1.04789	0.00768	0.01240	-1.04789	0.02191	0.01240
ATT	CTT	AC	-0.79963	0.02128	0.01389	0.79963	0.00957	0.01389
ATC	TTC	AT	1.02023	0.01222	0.01950	-1.02023	0.03390	0.01950
ATC	CTC	AC	-0.37387	0.03385	0.02791	0.37387	0.02329	0.02791
ATC	ATT	CT	0.55458	0.06166	0.08033	-0.55458	0.10736	0.08033
ATA	TTA	AT	0.43194	0.00490	0.00603	-0.43194	0.00754	0.00603
ATA	CTA	AC	-1.03451	0.01356	0.00773	1.03451	0.00482	0.00773
ATA	ATT	AT	1.37284	0.00490	0.00900	-1.37284	0.01932	0.00900
ATA	ATC	AC	0.81826	0.01356	0.01986	-0.81826	0.03073	0.01986
ATG	TTG	AT	0.51183	0.00699	0.00893	-0.51183	0.01166	0.00893
ATG	CTG	AC	0.62473	0.01936	0.02603	-0.62473	0.03615	0.02603
ATG	ATT	GT	0.79845	0.00699	0.01015	-0.79845	0.01553	0.01015
ATG	ATC	GC	0.24387	0.01936	0.02181	-0.24387	0.02470	0.02181
ATG	ATA	GA	-0.57439	0.08867	0.06563	0.57439	0.04993	0.06563
ACT	TCT	AT	1.32425	0.00482	0.00870	-1.32425	0.01812	0.00870
ACT	CCT	AC	0.13815	0.01335	0.01429	-0.13815	0.01532	0.01429
ACT	ATT	CT	1.48509	0.02431	0.04668	-1.48509	0.10736	0.04668
ACC	TCC	AT	0.65749	0.01300	0.01774	-0.65749	0.02510	0.01774
ACC	CCC	AC	-0.57788	0.03601	0.02660	0.57788	0.02020	0.02660
ACC	ATC	CT	0.95663	0.06560	0.10190	-0.95663	0.17074	0.10190
ACC	ACT	CT	0.02613	0.06560	0.06646	-0.02613	0.06733	0.06646
ACA	TCA	AT	0.87165	0.00604	0.00905	-0.87165	0.01443	0.00905
ACA	CCA	AC	-0.14109	0.01672	0.01557	0.14109	0.01452	0.01557
ACA	ATA	CT	0.80922	0.03045	0.04442	-0.80922	0.06840	0.04442
ACA	ACT	AT	0.69697	0.00604	0.00838	-0.69697	0.01212	0.00838
ACA	ACC	AC	0.67085	0.01672	0.02295	-0.67085	0.03270	0.02295
ACG	TCG	AT	0.91781	0.00447	0.00683	-0.91781	0.01119	0.00683
ACG	CCG	AC	-0.81018	0.01238	0.00803	0.81018	0.00551	0.00803
ACG	ATG	CT	1.46567	0.02255	0.04298	-1.46567	0.09765	0.04298
ACG	ACT	GT	0.77903	0.00447	0.00644	-0.77903	0.00974	0.00644
ACG	ACC	GC	0.75291	0.01238	0.01762	-0.75291	0.02628	0.01762
ACG	ACA	GA	0.08206	0.05670	0.05906	-0.08206	0.06155	0.05906
AAT	TAT	AT	0.43000	0.01056	0.01300	-0.43000	0.01624	0.01300
AAT	CAT	AC	-0.82328	0.02925	0.01885	0.82328	0.01284	0.01885
AAT	ATT	AT	0.60388	0.01056	0.01407	-0.60388	0.01932	0.01407
AAT	ACT	AC	-0.88121	0.02925	0.01823	0.88121	0.01212	0.01823
AAC	TAC	AT	0.80242	0.01767	0.02570	-0.80242	0.03942	0.02570
AAC	CAC	AC	-0.62682	0.04893	0.03519	0.62682	0.02614	0.03519
AAC	ATC	AT	0.55351	0.01767	0.02301	-0.55351	0.03073	0.02301
AAC	ACC	AC	-0.40312	0.04893	0.03973	0.40312	0.03270	0.03973
AAC	AAT	CT	0.50421	0.08914	0.11349	-0.50421	0.14758	0.11349
AAA	CAA	AC	-0.55381	0.03188	0.02386	0.55381	0.01832	0.02386
AAA	ATA	AT	0.06715	0.01151	0.01190	-0.06715	0.01231	0.01190
AAA	ACA	AC	-0.74207	0.03188	0.02150	0.74207	0.01518	0.02150
AAA	AAT	AT	0.83611	0.01151	0.01699	-0.83611	0.02656	0.01699
AAA	AAC	AC	0.33190	0.03188	0.03746	-0.33190	0.04443	0.03746
AAG	CAG	AC	0.15372	0.03136	0.03384	-0.15372	0.03658	0.03384
AAG	ATG	AT	0.43950	0.01133	0.01400	-0.43950	0.01758	0.01400
AAG	ACG	AC	-1.02617	0.03136	0.01798	1.02617	0.01124	0.01798
AAG	AAT	GT	0.63407	0.01133	0.01529	-0.63407	0.02135	0.01529
AAG	AAC	GC	0.12986	0.03136	0.03345	-0.12986	0.03571	0.03345
AAG	AAA	GA	-0.20204	0.14368	0.12965	0.20204	0.11739	0.12965
AGT	TGT	AT	0.13860	0.00849	0.00909	-0.13860	0.00975	0.00909
AGT	CGT	AC	-2.05031	0.02350	0.00712	2.05031	0.00302	0.00712
AGT	ATT	GT	0.60466	0.00849	0.01131	-0.60466	0.01553	0.01131
AGT	ACT	GC	-0.88043	0.02350	0.01465	0.88043	0.00974	0.01465
AGT	AAT	GA	0.00078	0.10764	0.10768	-0.00078	0.10772	0.10768
AGC	TGC	AT	0.63797	0.01257	0.01701	-0.63797	0.02379	0.01701
AGC	CGC	AC	-0.99725	0.03481	0.02029	0.99725	0.01284	0.02029
AGC	ATC	GT	0.67549	0.01257	0.01729	-0.67549	0.02470	0.01729
AGC	ACC	GC	-0.28114	0.03481	0.03015	0.28114	0.02628	0.03015
AGC	AAC	GA	0.12198	0.15948	0.16940	-0.12198	0.18017	0.16940
AGC	AGT	CT	0.62541	0.06342	0.08531	-0.62541	0.11854	0.08531
AGA	CGA	AC	-1.58832	0.01457	0.00594	1.58832	0.00298	0.00594
AGA	ATA	GT	0.63197	0.00526	0.00710	-0.63197	0.00990	0.00710
AGA	ACA	GC	-0.17724	0.01457	0.01331	0.17724	0.01220	0.01331
AGA	AAA	GA	0.56482	0.06673	0.08734	-0.56482	0.11739	0.08734
AGA	AGT	AT	1.40016	0.00526	0.00978	-1.40016	0.02134	0.00978
AGA	AGC	AC	0.77475	0.01457	0.02093	-0.77475	0.03161	0.02093
AGG	TGG	AT	1.25415	0.00605	0.01061	-1.25415	0.02119	0.01061
AGG	CGG	AC	-0.62622	0.01674	0.01204	0.62622	0.00895	0.01204
AGG	ATG	GT	0.84875	0.00605	0.00897	-0.84875	0.01413	0.00897
AGG	ACG	GC	-0.61691	0.01674	0.01211	0.61691	0.00904	0.01211
AGG	AAG	GA	0.40925	0.07670	0.09346	-0.40925	0.11549	0.09346
AGG	AGT	GT	1.04255	0.00605	0.00974	-1.04255	0.01715	0.00974
AGG	AGC	GC	0.41714	0.01674	0.02048	-0.41714	0.02541	0.02048
AGG	AGA	GA	-0.35761	0.07670	0.06380	0.35761	0.05364	0.06380
GTT	TTT	GT	1.23153	0.00514	0.00894	-1.23153	0.01761	0.00894
GTT	CTT	GC	-0.61600	0.01424	0.01030	0.61600	0.00769	0.01030
GTT	ATT	GA	0.18364	0.06521	0.07138	-0.18364	0.07836	0.07138
GTC	TTC	GT	1.12909	0.00881	0.01470	-1.12909	0.02725	0.01470
GTC	CTC	GC	-0.26501	0.02440	0.02131	0.26501	0.01872	0.02131
GTC	ATC	GA	0.10886	0.11177	0.11796	-0.10886	0.12462	0.11796
GTC	GTT	CT	0.47980	0.04445	0.05596	-0.47980	0.07182	0.05596
GTA	TTA	GT	0.78868	0.00275	0.00398	-0.78868	0.00606	0.00398
GTA	CTA	GC	-0.67777	0.00763	0.00533	0.67777	0.00387	0.00533
GTA	ATA	GA	0.35674	0.03495	0.04155	-0.35674	0.04993	0.04155
GTA	GTT	AT	1.54595	0.00275	0.00541	-1.54595	0.01293	0.00541
GTA	GTC	AC	1.06614	0.00763	0.01240	-1.06614	0.02216	0.01240
GTG	TTG	GT	-0.39422	0.01390	0.01134	0.39422	0.00937	0.01134
GTG	CTG	GC	-0.28132	0.03850	0.03334	0.28132	0.02906	0.03334
GTG	ATG	GA	-0.90605	0.17637	0.10838	0.90605	0.07128	0.10838
GTG	GTT	GT	-0.29124	0.01390	0.01198	0.29124	0.01039	0.01198
GTG	GTC	GC	-0.77104	0.03850	0.02555	0.77104	0.01781	0.02555
GTG	GTA	GA	-1.83719	0.17637	0.06138	1.83719	0.02809	0.06138
GCT	TCT	GT	1.14746	0.00462	0.00777	-1.14746	0.01456	0.00777
GCT	CCT	GC	-0.03865	0.01280	0.01256	0.03865	0.01232	0.01256
GCT	ACT	GA	-0.17679	0.05865	0.05362	0.17679	0.04915	0.05362
GCT	GTT	CT	1.12465	0.02332	0.03885	-1.12465	0.07182	0.03885
GCC	TCC	GT	0.43357	0.01307	0.01611	-0.43357	0.02017	0.01611
GCC	CCC	GC	-0.80179	0.03621	0.02361	0.80179	0.01624	0.02361
GCC	ACC	GA	-0.22391	0.16586	0.14798	0.22391	0.13259	0.14798
GCC	GTC	CT	0.62385	0.06596	0.08866	-0.62385	0.12309	0.08866
GCC	GCT	CT	-0.02100	0.06596	0.06527	0.02100	0.06459	0.06527
GCA	TCA	GT	0.72054	0.00564	0.00792	-0.72054	0.01160	0.00792
GCA	CCA	GC	-0.29220	0.01563	0.01346	0.29220	0.01167	0.01346
GCA	ACA	GA	-0.15111	0.07160	0.06632	0.15111	0.06155	0.06632
GCA	GTA	CT	0.30136	0.02847	0.03298	-0.30136	0.03849	0.03298
GCA	GCT	AT	0.72266	0.00564	0.00793	-0.72266	0.01163	0.00793
GCA	GCC	AC	0.74365	0.01563	0.02215	-0.74365	0.03288	0.02215
GCG	TCG	GT	1.17997	0.00276	0.00471	-1.17997	0.00900	0.00471
GCG	CCG	GC	-0.54802	0.00766	0.00575	0.54802	0.00443	0.00575
GCG	ACG	GA	0.26216	0.03507	0.03987	-0.26216	0.04558	0.03987
GCG	GTG	CT	2.63388	0.01395	0.03957	-2.63388	0.19424	0.03957
GCG	GCT	GT	1.21799	0.00276	0.00478	-1.21799	0.00934	0.00478
GCG	GCC	GC	1.23898	0.00766	0.01335	-1.23898	0.02643	0.01335
GCG	GCA	GA	0.49533	0.03507	0.04447	-0.49533	0.05755	0.04447
GAT	TAT	GT	-0.04078	0.01360	0.01332	0.04078	0.01305	0.01332
GAT	CAT	GC	-1.29405	0.03765	0.01840	1.29405	0.01032	0.01840
GAT	AAT	GA	-0.47078	0.17248	0.13506	0.47078	0.10772	0.13506
GAT	GTT	AT	-0.05054	0.01360	0.01326	0.05054	0.01293	0.01326
GAT	GCT	AC	-1.17519	0.03765	0.01977	1.17519	0.01163	0.01977
GAC	TAC	GT	0.77527	0.01459	0.02097	-0.77527	0.03169	0.02097
GAC	CAC	GC	-0.65397	0.04041	0.02863	0.65397	0.02101	0.02863
GAC	AAC	GA	-0.02715	0.18513	0.18262	0.02715	0.18017	0.18262
GAC	GTC	AT	0.41750	0.01459	0.01785	-0.41750	0.02216	0.01785
GAC	GCC	AC	-0.20636	0.04041	0.03639	0.20636	0.03288	0.03639
GAC	GAT	CT	0.94784	0.07362	0.11394	-0.94784	0.18995	0.11394
GAA	CAA	GC	-0.58263	0.02638	0.01943	0.58263	0.01473	0.01943
GAA	AAA	GA	-0.02881	0.12082	0.11909	0.02881	0.11739	0.11909
GAA	GTA	AT	-0.31841	0.00952	0.00809	0.31841	0.00693	0.00809
GAA	GCA	AC	-0.61977	0.02638	0.01904	0.61977	0.01419	0.01904
GAA	GAT	AT	1.27807	0.00952	0.01687	-1.27807	0.03419	0.01687
GAA	GAC	AC	0.33024	0.02638	0.03097	-0.33024	0.03670	0.03097
GAG	CAG	GC	-0.26073	0.03816	0.03340	0.26073	0.02940	0.03340
GAG	AAG	GA	-0.41445	0.17479	0.14107	0.41445	0.11549	0.14107
GAG	GTG	AT	0.93110	0.01378	0.02118	-0.93110	0.03496	0.02118
GAG	GCG	AC	-1.70278	0.03816	0.01447	1.70278	0.00695	0.01447
GAG	GAT	GT	0.69040	0.01378	0.01908	-0.69040	0.02748	0.01908
GAG	GAC	GC	-0.25744	0.03816	0.03346	0.25744	0.02950	0.03346
GAG	GAA	GA	-0.58767	0.17479	0.12843	0.58767	0.09712	0.12843
GGT	TGT	GT	0.51195	0.00470	0.00600	-0.51195	0.00783	0.00600
GGT	CGT	GC	-1.67697	0.01300	0.00501	1.67697	0.00243	0.00501
GGT	AGT	GA	0.37334	0.05956	0.07137	-0.37334	0.08652	0.07137
GGT	GTT	GT	0.79436	0.00470	0.00680	-0.79436	0.01039	0.00680
GGT	GCT	GC	-0.33029	0.01300	0.01097	0.33029	0.00934	0.01097
GGT	GAT	GA	0.84490	0.05956	0.08822	-0.84490	0.13864	0.08822
GGC	TGC	GT	0.39102	0.01294	0.01563	-0.39102	0.01913	0.01563
GGC	CGC	GC	-1.24420	0.03582	0.01804	1.24420	0.01032	0.01804
GGC	AGC	GA	-0.24696	0.16410	0.14467	0.24696	0.12819	0.14467
GGC	GTC	GT	0.31967	0.01294	0.01511	-0.31967	0.01781	0.01511
GGC	GCC	GC	-0.30418	0.03582	0.03065	0.30418	0.02643	0.03065
GGC	GAC	GA	-0.09783	0.16410	0.15620	0.09783	0.14880	0.15620
GGC	GGT	CT	0.00511	0.06526	0.06543	-0.00511	0.06559	0.06543
GGA	CGA	GC	-2.62471	0.03301	0.00677	2.62471	0.00239	0.00677
GGA	AGA	GA	-1.03639	0.15121	0.08615	1.03639	0.05364	0.08615
GGA	GTA	GT	-0.76116	0.01192	0.00795	0.76116	0.00557	0.00795
GGA	GCA	GC	-1.06253	0.03301	0.01852	1.06253	0.01141	0.01852
GGA	GAA	GA	-0.44275	0.15121	0.12020	0.44275	0.09712	0.12020
GGA	GGT	AT	-0.00958	0.01192	0.01186	0.00958	0.01181	0.01186
GGA	GGC	AC	-0.01469	0.03301	0.03277	0.01469	0.03253	0.03277
GGG	TGG	GT	0.31140	0.01248	0.01452	-0.31140	0.01703	0.01452
GGG	CGG	GC	-1.56897	0.03455	0.01426	1.56897	0.00720	0.01426
GGG	AGG	GA	-0.94275	0.15826	0.09521	0.94275	0.06165	0.09521
GGG	GTG	GT	0.81205	0.01248	0.01822	-0.81205	0.02810	0.01822
GGG	GCG	GC	-1.82183	0.03455	0.01214	1.82183	0.00559	0.01214
GGG	GAG	GA	-0.11905	0.15826	0.14903	0.11905	0.14050	0.14903
GGG	GGT	GT	-0.27355	0.01248	0.01085	0.27355	0.00949	0.01085
GGG	GGC	GC	-0.27866	0.03455	0.02996	0.27866	0.02615	0.02996
GGG	GGA	GA	-0.26397	0.15826	0.13829	0.26397	0.12154	0.13829


Histograms
2Ns	FMut	FSub(CodonUsage)	FSubw(after w)

-2.76246	0.02053	0.00432
-2.48622	0.00000	0.00000
-2.20997	0.01274	0.00390
-1.93372	0.02608	0.00995
-1.65748	0.01936	0.00857
-1.38123	0.06299	0.03288
-1.10498	0.07321	0.04429
-0.82874	0.10365	0.07383
-0.55249	0.12972	0.10956
-0.27625	0.11950	0.11653
0.00000	0.17152	0.19233
0.27625	0.09086	0.11653
0.55249	0.07538	0.10956
0.82874	0.04438	0.07383
1.10498	0.02367	0.04429
1.38123	0.01593	0.03288
1.65748	0.00375	0.00857
1.93372	0.00401	0.00995
2.20997	0.00140	0.00390
2.48622	0.00000	0.00000
2.76246	0.00131	0.00432

Proportion of advantageous (S > 0) mutations:
 0.34333

Proportions of good & bad mutations (|S| > 2.0000) among mutations:
0.00286  0.03439

mean |Ns| = 0.71151	mean Ns+ = 0.51734	mean Ns- = -0.81303


MLEs of dN/dS (w) for site classes (K=4)

site class             0        1       2a       2b
proportion       0.86407  0.05743  0.07361  0.00489
background w     0.04072  1.12631  0.04072  1.12631
foreground w     0.04072  1.12631  0.46522  0.46522

Naive Empirical Bayes (NEB) probabilities for 4 classes
(amino acids refer to 1st sequence: Bacu)

   1 -   0.91738 0.01525 0.06566 0.00170 ( 1)
   2 -   0.91964 0.01380 0.06499 0.00157 ( 1)
   3 -   0.91585 0.01632 0.06603 0.00180 ( 1)
   4 -   0.91987 0.01366 0.06491 0.00156 ( 1)
   5 -   0.91031 0.02001 0.06757 0.00211 ( 1)
   6 -   0.92050 0.01326 0.06472 0.00152 ( 1)
   7 -   0.90223 0.02597 0.06919 0.00260 ( 1)
   8 -   0.91101 0.01957 0.06734 0.00208 ( 1)
   9 -   0.90755 0.02204 0.06812 0.00228 ( 1)
  10 -   0.91389 0.01757 0.06663 0.00191 ( 1)
  11 -   0.91834 0.01463 0.06539 0.00165 ( 1)
  12 -   0.91984 0.01367 0.06493 0.00156 ( 1)
  13 -   0.92587 0.01007 0.06283 0.00122 ( 1)
  14 -   0.92139 0.01279 0.06434 0.00148 ( 1)
  15 -   0.90892 0.02105 0.06783 0.00220 ( 1)
  16 -   0.92494 0.01061 0.06319 0.00127 ( 1)
  17 -   0.92411 0.01110 0.06346 0.00132 ( 1)
  18 -   0.90329 0.02525 0.06891 0.00255 ( 1)
  19 -   0.61202 0.30973 0.04450 0.03375 ( 1)
  20 -   0.91101 0.01957 0.06734 0.00208 ( 1)
  21 M   0.77534 0.15436 0.05010 0.02020 ( 1)
  22 S   0.91104 0.01947 0.06743 0.00206 ( 1)
  23 G   0.91358 0.01773 0.06677 0.00192 ( 1)
  24 S   0.92512 0.01043 0.06320 0.00125 ( 1)
  25 Y   0.91368 0.01766 0.06675 0.00191 ( 1)
  26 S   0.91123 0.01936 0.06736 0.00206 ( 1)
  27 P   0.91186 0.01891 0.06721 0.00202 ( 1)
  28 G   0.91956 0.01379 0.06509 0.00157 ( 1)
  29 Y   0.91368 0.01766 0.06675 0.00191 ( 1)
  30 A   0.91601 0.01609 0.06613 0.00177 ( 1)
  31 K   0.92106 0.01285 0.06461 0.00148 ( 1)
  32 I   0.91683 0.01555 0.06590 0.00172 ( 1)
  33 N   0.92117 0.01278 0.06457 0.00147 ( 1)
  34 K   0.92106 0.01285 0.06461 0.00148 ( 1)
  35 R   0.92754 0.00907 0.06227 0.00112 ( 1)
  36 G   0.91334 0.01797 0.06675 0.00194 ( 1)
  37 G   0.92893 0.00826 0.06178 0.00103 ( 1)
  38 A   0.92129 0.01270 0.06455 0.00147 ( 1)
  39 G   0.91311 0.01798 0.06698 0.00193 ( 1)
  40 G   0.90775 0.02184 0.06815 0.00226 ( 1)
  41 W   0.89756 0.02950 0.07006 0.00288 ( 1)
  42 S   0.91120 0.01937 0.06738 0.00206 ( 1)
  43 P   0.91031 0.01999 0.06759 0.00211 ( 1)
  44 S   0.90306 0.02530 0.06910 0.00255 ( 1)
  45 D   0.92485 0.01058 0.06331 0.00127 ( 1)
  46 S   0.91840 0.01452 0.06545 0.00163 ( 1)
  47 D   0.92485 0.01058 0.06331 0.00127 ( 1)
  48 H   0.92000 0.01349 0.06496 0.00154 ( 1)
  49 Y   0.91365 0.01767 0.06677 0.00191 ( 1)
  50 Q   0.90406 0.02455 0.06891 0.00249 ( 1)
  51 W   0.89756 0.02950 0.07006 0.00288 ( 1)
  52 L   0.92067 0.01308 0.06476 0.00150 ( 1)
  53 Q   0.89976 0.02780 0.06969 0.00275 ( 1)
  54 V   0.91922 0.01399 0.06521 0.00158 ( 1)
  55 D   0.92485 0.01058 0.06331 0.00127 ( 1)
  56 F   0.90518 0.02371 0.06869 0.00242 ( 1)
  57 G   0.91953 0.01380 0.06510 0.00157 ( 1)
  58 N   0.07759 0.82114 0.06250 0.03877 ( 2)
  59 R   0.92751 0.00908 0.06229 0.00112 ( 1)
  60 K   0.45320 0.17509 0.36340 0.00832 ( 1)
  61 Q   0.89976 0.02780 0.06969 0.00275 ( 1)
  62 I   0.91680 0.01556 0.06592 0.00172 ( 1)
  63 S   0.91840 0.01452 0.06545 0.00163 ( 1)
  64 A   0.91599 0.01610 0.06614 0.00177 ( 1)
  65 I   0.72753 0.19907 0.04890 0.02449 ( 1)
  66 A   0.91805 0.01474 0.06556 0.00165 ( 1)
  67 T   0.91801 0.01477 0.06557 0.00165 ( 1)
  68 Q   0.90406 0.02455 0.06891 0.00249 ( 1)
  69 G   0.90783 0.02176 0.06815 0.00225 ( 1)
  70 R   0.93134 0.00711 0.06064 0.00092 ( 1)
  71 Y   0.90992 0.02028 0.06767 0.00213 ( 1)
  72 S   0.92509 0.01044 0.06322 0.00125 ( 1)
  73 S   0.92509 0.01044 0.06322 0.00125 ( 1)
  74 S   0.90306 0.02530 0.06910 0.00255 ( 1)
  75 D   0.92485 0.01058 0.06331 0.00127 ( 1)
  76 W   0.89756 0.02950 0.07006 0.00288 ( 1)
  77 V   0.90242 0.02578 0.06921 0.00258 ( 1)
  78 T   0.91801 0.01477 0.06557 0.00165 ( 1)
  79 Q   0.90406 0.02455 0.06891 0.00249 ( 1)
  80 Y   0.90992 0.02028 0.06767 0.00213 ( 1)
  81 R   0.92817 0.00873 0.06202 0.00108 ( 1)
  82 M   0.76383 0.16520 0.04936 0.02161 ( 1)
  83 L   0.91408 0.01738 0.06666 0.00188 ( 1)
  84 Y   0.90992 0.02028 0.06767 0.00213 ( 1)
  85 S   0.92480 0.01054 0.06340 0.00126 ( 1)
  86 D   0.92485 0.01058 0.06331 0.00127 ( 1)
  87 T   0.91822 0.01463 0.06551 0.00164 ( 1)
  88 G   0.91334 0.01783 0.06691 0.00192 ( 1)
  89 R   0.93107 0.00717 0.06084 0.00092 ( 1)
  90 N   0.92209 0.01214 0.06436 0.00141 ( 1)
  91 W   0.89741 0.02958 0.07013 0.00288 ( 1)
  92 K   0.91734 0.01515 0.06583 0.00168 ( 1)
  93 P   0.91826 0.01455 0.06556 0.00163 ( 1)
  94 Y   0.90972 0.02037 0.06778 0.00214 ( 1)
  95 H   0.91977 0.01358 0.06511 0.00154 ( 1)
  96 Q   0.90388 0.02464 0.06900 0.00249 ( 1)
  97 D   0.41204 0.23051 0.34731 0.01014 ( 1)
  98 G   0.91328 0.01790 0.06690 0.00193 ( 1)
  99 N   0.92209 0.01214 0.06436 0.00141 ( 1)
 100 I   0.91658 0.01565 0.06605 0.00173 ( 1)
 101 W   0.89604 0.03069 0.07030 0.00297 ( 1)
 102 A   0.91390 0.01679 0.06752 0.00178 ( 1)
 103 F   0.90361 0.02448 0.06946 0.00245 ( 1)
 104 P   0.91007 0.01969 0.06819 0.00205 ( 1)
 105 G   0.91416 0.01726 0.06671 0.00187 ( 1)
 106 N   0.91912 0.01350 0.06587 0.00150 ( 1)
 107 V   0.04607 0.51291 0.43126 0.00977 ( 2)
 108 N   0.92009 0.01316 0.06526 0.00149 ( 1)
 109 S   0.91366 0.01741 0.06707 0.00187 ( 1)
 110 D   0.91198 0.01858 0.06747 0.00197 ( 1)
 111 S   0.91796 0.01450 0.06593 0.00161 ( 1)
 112 V   0.90165 0.02617 0.06958 0.00260 ( 1)
 113 V   0.91820 0.01437 0.06583 0.00160 ( 1)
 114 R   0.92899 0.00799 0.06203 0.00099 ( 1)
 115 H   0.91898 0.01386 0.06561 0.00155 ( 1)
 116 D   0.91198 0.01858 0.06747 0.00197 ( 1)
 117 L   0.91016 0.01988 0.06788 0.00208 ( 1)
 118 Q   0.89903 0.02819 0.07002 0.00276 ( 1)
 119 H   0.91897 0.01387 0.06561 0.00155 ( 1)
 120 P   0.90940 0.02041 0.06807 0.00213 ( 1)
 121 V   0.46622 0.15436 0.37203 0.00739 ( 1)
 122 I   0.91553 0.01622 0.06648 0.00177 ( 1)
 123 A   0.91501 0.01649 0.06671 0.00179 ( 1)
 124 R   0.92703 0.00904 0.06283 0.00110 ( 1)
 125 Y   0.49451 0.28093 0.20251 0.02204 ( 1)
 126 V   0.36851 0.29492 0.32445 0.01212 ( 1)
 127 R   0.92703 0.00904 0.06283 0.00110 ( 1)
 128 I   0.00118 0.92719 0.00035 0.07129 ( 2)
 129 V   0.90165 0.02617 0.06958 0.00260 ( 1)
 130 P   0.91094 0.01930 0.06773 0.00203 ( 1)
 131 L   0.88635 0.03837 0.07174 0.00354 ( 1)
 132 D   0.91204 0.01853 0.06747 0.00196 ( 1)
 133 W   0.89688 0.02987 0.07036 0.00289 ( 1)
 134 N   0.92013 0.01315 0.06523 0.00149 ( 1)
 135 G   0.90688 0.02225 0.06859 0.00228 ( 1)
 136 E   0.92401 0.01077 0.06396 0.00127 ( 1)
 137 G   0.91850 0.01418 0.06574 0.00158 ( 1)
 138 R   0.92703 0.00904 0.06283 0.00110 ( 1)
 139 I   0.00215 0.90087 0.00016 0.09683 ( 2)
 140 G   0.91259 0.01816 0.06731 0.00193 ( 1)
 141 L   0.91313 0.01777 0.06720 0.00190 ( 1)
 142 R   0.93014 0.00740 0.06152 0.00093 ( 1)
 143 I   0.49348 0.28263 0.20154 0.02235 ( 1)
 144 E   0.91901 0.01385 0.06559 0.00155 ( 1)
 145 V   0.45129 0.17542 0.36507 0.00822 ( 1)
 146 Y   0.90913 0.02060 0.06813 0.00214 ( 1)
 147 G   0.91850 0.01418 0.06574 0.00158 ( 1)
 148 C   0.91886 0.01396 0.06562 0.00156 ( 1)
 149 S   0.91029 0.01977 0.06787 0.00207 ( 1)
 150 Y   0.90903 0.02068 0.06814 0.00215 ( 1)
 151 W   0.89741 0.02958 0.07013 0.00288 ( 1)
 152 A   0.92238 0.01188 0.06436 0.00138 ( 1)
 153 D   0.91403 0.01729 0.06681 0.00187 ( 1)
 154 V   0.92032 0.01315 0.06503 0.00150 ( 1)
 155 I   0.91791 0.01469 0.06576 0.00164 ( 1)
 156 N   0.92223 0.01198 0.06440 0.00139 ( 1)
 157 F   0.90625 0.02282 0.06860 0.00233 ( 1)
 158 D   0.91403 0.01729 0.06681 0.00187 ( 1)
 159 G   0.92881 0.00847 0.06166 0.00106 ( 1)
 160 H   0.92110 0.01266 0.06478 0.00145 ( 1)
 161 V   0.92051 0.01307 0.06493 0.00149 ( 1)
 162 V   0.90346 0.02489 0.06914 0.00250 ( 1)
 163 L   0.91214 0.01858 0.06730 0.00198 ( 1)
 164 P   0.91152 0.01898 0.06748 0.00201 ( 1)
 165 Y   0.91476 0.01678 0.06663 0.00182 ( 1)
 166 R   0.93231 0.00648 0.06036 0.00085 ( 1)
 167 F   0.91021 0.01995 0.06775 0.00210 ( 1)
 168 R   0.93231 0.00648 0.06036 0.00085 ( 1)
 169 N   0.92223 0.01198 0.06440 0.00139 ( 1)
 170 K   0.92212 0.01204 0.06444 0.00139 ( 1)
 171 K   0.92212 0.01204 0.06444 0.00139 ( 1)
 172 M   0.93315 0.00610 0.05995 0.00081 ( 1)
 173 K   0.91869 0.01419 0.06553 0.00159 ( 1)
 174 T   0.91932 0.01378 0.06534 0.00156 ( 1)
 175 L   0.88759 0.03740 0.07153 0.00347 ( 1)
 176 K   0.91882 0.01406 0.06554 0.00158 ( 1)
 177 D   0.91424 0.01721 0.06669 0.00186 ( 1)
 178 V   0.92261 0.01174 0.06428 0.00137 ( 1)
 179 I   0.91381 0.01735 0.06697 0.00187 ( 1)
 180 A   0.68001 0.24419 0.04745 0.02836 ( 1)
 181 L   0.90862 0.02108 0.06811 0.00219 ( 1)
 182 K   0.91867 0.01420 0.06553 0.00159 ( 1)
 183 F   0.90625 0.02282 0.06860 0.00233 ( 1)
 184 K   0.91867 0.01420 0.06553 0.00159 ( 1)
 185 T   0.91911 0.01392 0.06540 0.00157 ( 1)
 186 S   0.91551 0.01625 0.06646 0.00178 ( 1)
 187 E   0.92617 0.00967 0.06299 0.00117 ( 1)
 188 S   0.91950 0.01367 0.06528 0.00155 ( 1)
 189 E   0.92617 0.00967 0.06299 0.00117 ( 1)
 190 G   0.91467 0.01685 0.06666 0.00183 ( 1)
 191 V   0.92726 0.00906 0.06257 0.00111 ( 1)
 192 L   0.00251 0.89858 0.00018 0.09873 ( 2)
 193 L   0.90837 0.02133 0.06809 0.00222 ( 1)
 194 H   0.92348 0.01125 0.06395 0.00132 ( 1)
 195 G   0.91467 0.01686 0.06665 0.00183 ( 1)
 196 E   0.92617 0.00967 0.06299 0.00117 ( 1)
 197 G   0.90884 0.02094 0.06805 0.00218 ( 1)
 198 Q   0.90077 0.02694 0.06963 0.00267 ( 1)
 199 Q   0.90511 0.02365 0.06883 0.00240 ( 1)
 200 G   0.91467 0.01686 0.06665 0.00183 ( 1)
 201 D   0.91403 0.01729 0.06681 0.00187 ( 1)
 202 Y   0.91476 0.01678 0.06663 0.00182 ( 1)
 203 I   0.91356 0.01759 0.06695 0.00189 ( 1)
 204 T   0.08139 0.80012 0.08163 0.03685 ( 2)
 205 L   0.90862 0.02108 0.06811 0.00219 ( 1)
 206 E   0.92617 0.00967 0.06299 0.00117 ( 1)
 207 L   0.88759 0.03740 0.07153 0.00347 ( 1)
 208 K   0.66744 0.25624 0.04586 0.03046 ( 1)
 209 K   0.91867 0.01420 0.06553 0.00159 ( 1)
 210 A   0.91710 0.01523 0.06599 0.00169 ( 1)
 211 K   0.45950 0.16584 0.36673 0.00794 ( 1)
 212 L   0.88759 0.03740 0.07153 0.00347 ( 1)
 213 V   0.92261 0.01174 0.06428 0.00137 ( 1)
 214 F   0.91021 0.01995 0.06775 0.00210 ( 1)
 215 S   0.91950 0.01367 0.06528 0.00155 ( 1)
 216 L   0.91214 0.01858 0.06730 0.00198 ( 1)
 217 N   0.92223 0.01198 0.06440 0.00139 ( 1)
 218 L   0.91624 0.01579 0.06624 0.00174 ( 1)
 219 G   0.90788 0.02137 0.06855 0.00219 ( 1)
 220 S   0.92488 0.01008 0.06384 0.00119 ( 1)
 221 N   0.92107 0.01236 0.06516 0.00141 ( 1)
 222 Q   0.89996 0.02735 0.07001 0.00268 ( 1)
 223 L   0.91992 0.01303 0.06558 0.00146 ( 1)
 224 G   0.91949 0.01336 0.06565 0.00150 ( 1)
 225 P   0.91850 0.01399 0.06596 0.00155 ( 1)
 226 I   0.92632 0.00927 0.06330 0.00111 ( 1)
 227 Y   0.91392 0.01712 0.06712 0.00184 ( 1)
 228 G   0.91972 0.01328 0.06551 0.00149 ( 1)
 229 H   0.92261 0.01148 0.06458 0.00133 ( 1)
 230 T   0.91886 0.01383 0.06577 0.00154 ( 1)
 231 S   0.91486 0.01647 0.06688 0.00178 ( 1)
 232 V   0.90277 0.02523 0.06948 0.00252 ( 1)
 233 T   0.00019 0.94964 0.00014 0.05004 ( 2)
 234 T   0.91843 0.01411 0.06590 0.00157 ( 1)
 235 G   0.90807 0.02129 0.06845 0.00219 ( 1)
 236 S   0.91861 0.01400 0.06584 0.00156 ( 1)
 237 L   0.88715 0.03766 0.07171 0.00348 ( 1)
 238 L   0.88715 0.03766 0.07171 0.00348 ( 1)
 239 D   0.91320 0.01763 0.06729 0.00188 ( 1)
 240 D   0.91499 0.01655 0.06667 0.00180 ( 1)
 241 H   0.92261 0.01148 0.06458 0.00133 ( 1)
 242 H   0.92261 0.01148 0.06458 0.00133 ( 1)
 243 W   0.89792 0.02898 0.07029 0.00282 ( 1)
 244 H   0.92261 0.01148 0.06458 0.00133 ( 1)
 245 S   0.91150 0.01881 0.06771 0.00198 ( 1)
 246 V   0.90277 0.02523 0.06948 0.00252 ( 1)
 247 V   0.92168 0.01205 0.06489 0.00138 ( 1)
 248 I   0.91269 0.01798 0.06742 0.00191 ( 1)
 249 E   0.92022 0.01296 0.06535 0.00146 ( 1)
 250 R   0.92818 0.00830 0.06251 0.00102 ( 1)
 251 Q   0.90012 0.02727 0.06993 0.00268 ( 1)
 252 G   0.91972 0.01328 0.06551 0.00149 ( 1)
 253 R   0.93010 0.00730 0.06168 0.00092 ( 1)
 254 S   0.71249 0.21319 0.04904 0.02529 ( 1)
 255 L   0.63130 0.29107 0.04564 0.03199 ( 1)
 256 N   0.92130 0.01229 0.06501 0.00140 ( 1)
 257 L   0.91435 0.01683 0.06701 0.00181 ( 1)
 258 T   0.91830 0.01416 0.06596 0.00157 ( 1)
 259 L   0.88715 0.03766 0.07171 0.00348 ( 1)
 260 D   0.92493 0.01011 0.06376 0.00120 ( 1)
 261 R   0.93125 0.00673 0.06116 0.00086 ( 1)
 262 S   0.92517 0.00997 0.06368 0.00118 ( 1)
 263 T   0.91877 0.01388 0.06580 0.00155 ( 1)
 264 Q   0.90012 0.02727 0.06993 0.00268 ( 1)
 265 H   0.92261 0.01148 0.06458 0.00133 ( 1)
 266 F   0.90943 0.02029 0.06817 0.00211 ( 1)
 267 R   0.92818 0.00830 0.06251 0.00102 ( 1)
 268 T   0.91822 0.01424 0.06596 0.00158 ( 1)
 269 N   0.92204 0.01174 0.06488 0.00134 ( 1)
 270 G   0.91391 0.01716 0.06709 0.00184 ( 1)
 271 E   0.92022 0.01296 0.06535 0.00146 ( 1)
 272 F   0.90928 0.02039 0.06821 0.00212 ( 1)
 273 D   0.92493 0.01011 0.06376 0.00120 ( 1)
 274 Y   0.91023 0.01972 0.06799 0.00206 ( 1)
 275 L   0.88715 0.03766 0.07171 0.00348 ( 1)
 276 D   0.91320 0.01763 0.06729 0.00188 ( 1)
 277 L   0.90786 0.02143 0.06851 0.00220 ( 1)
 278 D   0.92493 0.01011 0.06376 0.00120 ( 1)
 279 Y   0.91353 0.01737 0.06724 0.00186 ( 1)
 280 E   0.92022 0.01296 0.06535 0.00146 ( 1)
 281 I   0.92421 0.01126 0.06318 0.00135 ( 1)
 282 T   0.91513 0.01704 0.06594 0.00188 ( 1)
 283 F   0.90246 0.02603 0.06888 0.00263 ( 1)
 284 G   0.90497 0.02418 0.06837 0.00248 ( 1)
 285 G   0.91667 0.01604 0.06550 0.00179 ( 1)
 286 I   0.92465 0.01112 0.06289 0.00134 ( 1)
 287 P   0.90899 0.02127 0.06750 0.00224 ( 1)
 288 F   0.90630 0.02320 0.06810 0.00240 ( 1)
 289 S   0.90914 0.02074 0.06796 0.00216 ( 1)
 290 G   0.92672 0.00994 0.06210 0.00123 ( 1)
 291 K   0.91788 0.01520 0.06520 0.00172 ( 1)
 292 P   0.90747 0.02236 0.06784 0.00233 ( 1)
 293 S   0.91553 0.01679 0.06583 0.00186 ( 1)
 294 S   0.91174 0.01934 0.06684 0.00208 ( 1)
 295 S   0.92319 0.01165 0.06379 0.00137 ( 1)
 296 S   0.91654 0.01581 0.06590 0.00175 ( 1)
 297 R   0.49693 0.12133 0.37541 0.00633 ( 1)
 298 K   0.91911 0.01416 0.06512 0.00161 ( 1)
 299 N   0.92041 0.01334 0.06472 0.00153 ( 1)
 300 F   0.90727 0.02225 0.06817 0.00230 ( 1)
 301 K   0.06272 0.83942 0.00450 0.09336 ( 2)
 302 G   0.91761 0.01513 0.06557 0.00169 ( 1)
 303 C   0.91811 0.01480 0.06543 0.00166 ( 1)
 304 M   0.93036 0.00770 0.06096 0.00099 ( 1)
 305 E   0.92321 0.01164 0.06378 0.00137 ( 1)
 306 S   0.64842 0.27452 0.04591 0.03115 ( 1)
 307 I   0.91052 0.01993 0.06744 0.00211 ( 1)
 308 N   0.91922 0.01409 0.06509 0.00160 ( 1)
 309 Y   0.90807 0.02168 0.06799 0.00226 ( 1)
 310 N   0.92041 0.01334 0.06472 0.00153 ( 1)
 311 G   0.91761 0.01513 0.06557 0.00169 ( 1)
 312 I   0.91489 0.01693 0.06634 0.00185 ( 1)
 313 N   0.91922 0.01409 0.06509 0.00160 ( 1)
 314 I   0.92549 0.01031 0.06295 0.00125 ( 1)
 315 T   0.92073 0.01314 0.06462 0.00151 ( 1)
 316 D   0.91103 0.01958 0.06731 0.00208 ( 1)
 317 L   0.91227 0.01869 0.06704 0.00200 ( 1)
 318 A   0.91605 0.01615 0.06603 0.00178 ( 1)
 319 R   0.92950 0.00813 0.06134 0.00103 ( 1)
 320 R   0.92856 0.00862 0.06174 0.00108 ( 1)
 321 K   0.91911 0.01416 0.06512 0.00161 ( 1)
 322 K   0.91572 0.01639 0.06608 0.00181 ( 1)
 323 L   0.91322 0.01805 0.06678 0.00195 ( 1)
 324 E   0.92315 0.01170 0.06378 0.00138 ( 1)
 325 P   0.91660 0.01578 0.06587 0.00175 ( 1)
 326 S   0.90134 0.02666 0.06934 0.00266 ( 1)
 327 N   0.92041 0.01334 0.06472 0.00153 ( 1)
 328 V   0.90071 0.02714 0.06945 0.00270 ( 1)
 329 G   0.90694 0.02227 0.06851 0.00229 ( 1)
 330 N   0.92131 0.01247 0.06480 0.00143 ( 1)
 331 L   0.90673 0.02241 0.06857 0.00230 ( 1)
 332 S   0.91747 0.01492 0.06595 0.00165 ( 1)
 333 F   0.90829 0.02127 0.06824 0.00220 ( 1)
 334 T   0.00404 0.94572 0.00314 0.04710 ( 2)
 335 C   0.91907 0.01388 0.06549 0.00156 ( 1)
 336 V   0.03076 0.65103 0.30699 0.01122 ( 2)
 337 E   0.91984 0.01315 0.06553 0.00148 ( 1)
 338 P   0.91835 0.01410 0.06598 0.00156 ( 1)
 339 Y   0.90988 0.01992 0.06812 0.00207 ( 1)
 340 T   0.65023 0.27278 0.04668 0.03031 ( 1)
 341 V   0.92569 0.00968 0.06347 0.00116 ( 1)
 342 P   0.91190 0.01848 0.06767 0.00195 ( 1)
 343 V   0.92109 0.01230 0.06521 0.00140 ( 1)
 344 F   0.90520 0.02336 0.06908 0.00236 ( 1)
 345 F   0.90909 0.02049 0.06830 0.00212 ( 1)
 346 N   0.92203 0.01177 0.06485 0.00135 ( 1)
 347 A   0.92106 0.01237 0.06516 0.00141 ( 1)
 348 T   0.91785 0.01443 0.06612 0.00159 ( 1)
 349 S   0.91823 0.01418 0.06601 0.00157 ( 1)
 350 Y   0.90988 0.01992 0.06812 0.00207 ( 1)
 351 L   0.88757 0.03744 0.07152 0.00348 ( 1)
 352 E   0.91984 0.01315 0.06553 0.00148 ( 1)
 353 V   0.90247 0.02543 0.06957 0.00253 ( 1)
 354 P   0.91272 0.01766 0.06776 0.00186 ( 1)
 355 G   0.90774 0.02149 0.06857 0.00221 ( 1)
 356 R   0.12072 0.74874 0.09202 0.03852 ( 2)
 357 L   0.92046 0.01275 0.06535 0.00144 ( 1)
 358 H   0.92043 0.01268 0.06546 0.00143 ( 1)
 359 Q   0.90295 0.02518 0.06935 0.00252 ( 1)
 360 D   0.92454 0.01028 0.06397 0.00121 ( 1)
 361 L   0.88761 0.03724 0.07171 0.00344 ( 1)
 362 F   0.90520 0.02336 0.06908 0.00236 ( 1)
 363 S   0.90630 0.02254 0.06886 0.00229 ( 1)
 364 V   0.44473 0.18318 0.36364 0.00846 ( 1)
 365 S   0.91842 0.01411 0.06589 0.00157 ( 1)
 366 F   0.90909 0.02049 0.06830 0.00212 ( 1)
 367 Q   0.89983 0.02746 0.07002 0.00269 ( 1)
 368 F   0.90909 0.02049 0.06830 0.00212 ( 1)
 369 R   0.93028 0.00722 0.06159 0.00091 ( 1)
 370 T   0.92240 0.01155 0.06472 0.00133 ( 1)
 371 W   0.89764 0.02916 0.07037 0.00283 ( 1)
 372 N   0.92092 0.01247 0.06520 0.00142 ( 1)
 373 P   0.91835 0.01410 0.06598 0.00156 ( 1)
 374 N   0.08253 0.81782 0.00580 0.09384 ( 2)
 375 G   0.92897 0.00782 0.06224 0.00097 ( 1)
 376 L   0.91401 0.01702 0.06715 0.00182 ( 1)
 377 L   0.88763 0.03740 0.07149 0.00348 ( 1)
 378 L   0.92043 0.01276 0.06537 0.00144 ( 1)
 379 F   0.90909 0.02049 0.06830 0.00212 ( 1)
 380 S   0.91825 0.01417 0.06601 0.00157 ( 1)
 381 H   0.71800 0.20826 0.04716 0.02658 ( 1)
 382 F   0.90500 0.02346 0.06918 0.00236 ( 1)
 383 A   0.93020 0.00711 0.06180 0.00089 ( 1)
 384 D   0.91262 0.01792 0.06756 0.00190 ( 1)
 385 N   0.00333 0.94953 0.00270 0.04443 ( 2)
 386 L   0.90481 0.02418 0.06855 0.00247 ( 1)
 387 G   0.91920 0.01345 0.06585 0.00150 ( 1)
 388 N   0.45180 0.17248 0.36771 0.00801 ( 1)
 389 V   0.90228 0.02552 0.06967 0.00253 ( 1)
 390 E   0.91959 0.01323 0.06569 0.00148 ( 1)
 391 I   0.91211 0.01828 0.06769 0.00193 ( 1)
 392 D   0.92423 0.01040 0.06415 0.00122 ( 1)
 393 L   0.91370 0.01717 0.06729 0.00183 ( 1)
 394 T   0.92202 0.01170 0.06493 0.00134 ( 1)
 395 D   0.92423 0.01040 0.06415 0.00122 ( 1)
 396 S   0.92407 0.01038 0.06434 0.00121 ( 1)
 397 K   0.67650 0.24757 0.04649 0.02943 ( 1)
 398 V   0.92057 0.01250 0.06552 0.00141 ( 1)
 399 S   0.47100 0.14684 0.37511 0.00705 ( 1)
 400 V   0.64883 0.27413 0.04675 0.03029 ( 1)
 401 H   0.92153 0.01192 0.06520 0.00135 ( 1)
 402 I   0.91601 0.01550 0.06681 0.00168 ( 1)
 403 N   0.92024 0.01273 0.06560 0.00143 ( 1)
 404 I   0.62870 0.29361 0.04586 0.03183 ( 1)
 405 T   0.91782 0.01429 0.06632 0.00157 ( 1)
 406 Q   0.89830 0.02843 0.07052 0.00275 ( 1)
 407 T   0.91587 0.01540 0.06707 0.00166 ( 1)
 408 K   0.91856 0.01367 0.06626 0.00151 ( 1)
 409 M   0.11130 0.76379 0.08744 0.03747 ( 2)
 410 S   0.92248 0.01119 0.06505 0.00128 ( 1)
 411 Q   0.89868 0.02805 0.07055 0.00271 ( 1)
 412 I   0.92379 0.01014 0.06491 0.00116 ( 1)
 413 D   0.91000 0.01937 0.06863 0.00199 ( 1)
 414 I   0.90960 0.01969 0.06868 0.00202 ( 1)
 415 S   0.91135 0.01836 0.06839 0.00190 ( 1)
 416 S   0.90041 0.02662 0.07037 0.00259 ( 1)
 417 G   0.92514 0.00922 0.06458 0.00107 ( 1)
 418 S   0.91185 0.01866 0.06751 0.00198 ( 1)
 419 G   0.91419 0.01705 0.06692 0.00184 ( 1)
 420 L   0.90780 0.02146 0.06854 0.00220 ( 1)
 421 N   0.92288 0.01144 0.06435 0.00133 ( 1)
 422 D   0.92481 0.01031 0.06366 0.00122 ( 1)
 423 G   0.92012 0.01314 0.06525 0.00149 ( 1)
 424 Q   0.90040 0.02712 0.06980 0.00267 ( 1)
 425 W   0.89819 0.02884 0.07016 0.00281 ( 1)
 426 H   0.92059 0.01284 0.06511 0.00146 ( 1)
 427 E   0.92449 0.01068 0.06356 0.00127 ( 1)
 428 V   0.92209 0.01191 0.06462 0.00137 ( 1)
 429 R   0.93745 0.00414 0.05782 0.00058 ( 1)
 430 F   0.90977 0.02014 0.06799 0.00210 ( 1)
 431 L   0.91504 0.01667 0.06647 0.00182 ( 1)
 432 A   0.92185 0.01206 0.06470 0.00139 ( 1)
 433 K   0.92160 0.01222 0.06478 0.00140 ( 1)
 434 E   0.92062 0.01282 0.06509 0.00146 ( 1)
 435 N   0.92288 0.01144 0.06435 0.00133 ( 1)
 436 F   0.90584 0.02301 0.06881 0.00234 ( 1)
 437 V   0.91981 0.01333 0.06535 0.00151 ( 1)
 438 I   0.91305 0.01783 0.06721 0.00191 ( 1)
 439 L   0.91472 0.01668 0.06680 0.00181 ( 1)
 440 T   0.92320 0.01124 0.06425 0.00131 ( 1)
 441 I   0.91731 0.01492 0.06612 0.00165 ( 1)
 442 D   0.91631 0.01562 0.06636 0.00171 ( 1)
 443 G   0.90841 0.02113 0.06827 0.00219 ( 1)
 444 D   0.91368 0.01736 0.06709 0.00186 ( 1)
 445 E   0.92562 0.00983 0.06337 0.00118 ( 1)
 446 A   0.91661 0.01541 0.06628 0.00169 ( 1)
 447 S   0.90372 0.02460 0.06921 0.00247 ( 1)
 448 A   0.91865 0.01407 0.06570 0.00157 ( 1)
 449 V   0.92048 0.01288 0.06518 0.00146 ( 1)
 450 R   0.92796 0.00855 0.06244 0.00105 ( 1)
 451 T   0.92315 0.01129 0.06425 0.00132 ( 1)
 452 N   0.92171 0.01215 0.06474 0.00140 ( 1)
 453 S   0.91900 0.01385 0.06559 0.00155 ( 1)
 454 P   0.91248 0.01822 0.06736 0.00194 ( 1)
 455 L   0.92124 0.01243 0.06491 0.00142 ( 1)
 456 Q   0.90471 0.02385 0.06903 0.00241 ( 1)
 457 V   0.91980 0.01338 0.06531 0.00151 ( 1)
 458 K   0.91817 0.01439 0.06584 0.00160 ( 1)
 459 T   0.92320 0.01124 0.06425 0.00131 ( 1)
 460 G   0.92013 0.01314 0.06525 0.00149 ( 1)
 461 E   0.00285 0.89515 0.00020 0.10180 ( 2)
 462 K   0.92160 0.01222 0.06478 0.00140 ( 1)
 463 Y   0.91057 0.01957 0.06780 0.00205 ( 1)
 464 F   0.90584 0.02301 0.06881 0.00234 ( 1)
 465 F   0.90584 0.02301 0.06881 0.00234 ( 1)
 466 G   0.90841 0.02113 0.06827 0.00219 ( 1)
 467 G   0.92973 0.00758 0.06174 0.00095 ( 1)
 468 Y   0.60686 0.31464 0.04437 0.03413 ( 1)
 469 L   0.03971 0.88874 0.03487 0.03669 ( 2)
 470 N   0.92215 0.01200 0.06446 0.00139 ( 1)
 471 Q   0.36444 0.30144 0.32178 0.01234 ( 1)
 472 M   0.93305 0.00612 0.06003 0.00081 ( 1)
 473 N   0.08624 0.81259 0.00598 0.09519 ( 2)
 474 S   0.67975 0.24444 0.04751 0.02830 ( 1)
 475 S   0.90413 0.02439 0.06901 0.00246 ( 1)
 476 S   0.91942 0.01370 0.06533 0.00155 ( 1)
 477 H   0.92347 0.01121 0.06401 0.00132 ( 1)
 478 S   0.91223 0.01850 0.06730 0.00197 ( 1)
 479 V   0.92248 0.01179 0.06437 0.00137 ( 1)
 480 L   0.92167 0.01228 0.06463 0.00142 ( 1)
 481 Q   0.90071 0.02697 0.06965 0.00267 ( 1)
 482 P   0.91287 0.01806 0.06714 0.00193 ( 1)
 483 S   0.90404 0.02444 0.06905 0.00247 ( 1)
 484 F   0.91014 0.01998 0.06779 0.00210 ( 1)
 485 Q   0.90505 0.02369 0.06886 0.00240 ( 1)
 486 G   0.90876 0.02097 0.06808 0.00218 ( 1)
 487 C   0.92104 0.01268 0.06483 0.00145 ( 1)
 488 M   0.93305 0.00612 0.06003 0.00081 ( 1)
 489 Q   0.90071 0.02697 0.06965 0.00267 ( 1)
 490 L   0.91511 0.01652 0.06657 0.00180 ( 1)
 491 I   0.91343 0.01767 0.06700 0.00190 ( 1)
 492 Q   0.90505 0.02369 0.06886 0.00240 ( 1)
 493 V   0.90340 0.02493 0.06917 0.00251 ( 1)
 494 D   0.91395 0.01732 0.06686 0.00187 ( 1)
 495 D   0.91395 0.01732 0.06686 0.00187 ( 1)
