Supplemental results for CODEML (seqf: /home/leticiamagpali/phd/evol_models/codeml/big_dataset/cml_align/CNTNAP2_codon_aligned.phy  treef: /home/leticiamagpali/phd/evol_models/codeml/big_dataset/cml_trees/gene_trees/H1b_gene_trees/CNTNAP2_tree_H1b.tre)

I	J	ij	2Ns_IJ	pMut_IJ	pSub_IJ	2Ns_JI	pMut_JI	pSub_JI

TTC	TTT	CT	0.57909	0.06836	0.09005	-0.57909	0.12197	0.09005
TTA	TTT	AT	1.99252	0.00301	0.00696	-1.99252	0.02211	0.00696
TTA	TTC	AC	1.41344	0.00832	0.01554	-1.41344	0.03420	0.01554
TTG	TTT	GT	1.32939	0.00466	0.00843	-1.32939	0.01761	0.00843
TTG	TTC	GC	0.75030	0.01287	0.01829	-0.75030	0.02725	0.01829
TTG	TTA	GA	-0.66314	0.05935	0.04183	0.66314	0.03058	0.04183
TCT	TTT	CT	1.20556	0.03653	0.06288	-1.20556	0.12197	0.06288
TCC	TTC	CT	1.31620	0.05060	0.09100	-1.31620	0.18869	0.09100
TCC	TCT	CT	0.68973	0.05060	0.07004	-0.68973	0.10085	0.07004
TCA	TTA	CT	0.36635	0.02910	0.03476	-0.36635	0.04198	0.03476
TCA	TCT	AT	1.15331	0.00577	0.00972	-1.15331	0.01828	0.00972
TCA	TCC	AC	0.46358	0.01593	0.01990	-0.46358	0.02532	0.01990
TCG	TTG	CT	1.05653	0.02257	0.03655	-1.05653	0.06491	0.03655
TCG	TCT	GT	1.18035	0.00447	0.00762	-1.18035	0.01456	0.00762
TCG	TCC	GC	0.49062	0.01235	0.01563	-0.49062	0.02017	0.01563
TCG	TCA	GA	0.02704	0.05696	0.05773	-0.02704	0.05852	0.05773
TAT	TTT	AT	1.22550	0.00649	0.01126	-1.22550	0.02211	0.01126
TAT	TCT	AC	0.01993	0.01792	0.01810	-0.01993	0.01828	0.01810
TAC	TTC	AT	0.77504	0.01576	0.02264	-0.77504	0.03420	0.02264
TAC	TCC	AC	-0.54117	0.04350	0.03278	0.54117	0.02532	0.03278
TAC	TAT	CT	0.12863	0.07948	0.08470	-0.12863	0.09039	0.08470
TGT	TTT	GT	1.50882	0.00390	0.00755	-1.50882	0.01761	0.00755
TGT	TCT	GC	0.30325	0.01075	0.01247	-0.30325	0.01456	0.01247
TGT	TAT	GA	0.28332	0.04960	0.05696	-0.28332	0.06585	0.05696
TGC	TTC	GT	1.05261	0.00951	0.01538	-1.05261	0.02725	0.01538
TGC	TCC	GC	-0.26359	0.02626	0.02295	0.26359	0.02017	0.02295
TGC	TAC	GA	0.27758	0.12109	0.13867	-0.27758	0.15983	0.13867
TGC	TGT	CT	0.12288	0.04798	0.05098	-0.12288	0.05425	0.05098
TGG	TTG	GT	0.10131	0.00847	0.00891	-0.10131	0.00937	0.00891
TGG	TCG	GC	-0.95522	0.02338	0.01397	0.95522	0.00900	0.01397
TGG	TGT	GT	-0.07813	0.00847	0.00814	0.07813	0.00783	0.00814
TGG	TGC	GC	-0.20101	0.02338	0.02111	0.20101	0.01913	0.02111
CTT	TTT	CT	1.84436	0.01929	0.04225	-1.84436	0.12197	0.04225
CTC	TTC	CT	1.39094	0.04695	0.08695	-1.39094	0.18869	0.08695
CTC	CTT	CT	0.12566	0.04695	0.04997	-0.12566	0.05324	0.04997
CTA	TTA	CT	1.46329	0.00972	0.01850	-1.46329	0.04198	0.01850
CTA	CTT	AT	1.61145	0.00193	0.00388	-1.61145	0.00965	0.00388
CTA	CTC	AC	1.48579	0.00532	0.01021	-1.48579	0.02349	0.01021
CTG	TTG	CT	-0.11606	0.07290	0.06875	0.11606	0.06491	0.06875
CTG	CTT	GT	-0.63104	0.01445	0.01037	0.63104	0.00769	0.01037
CTG	CTC	GC	-0.75670	0.03989	0.02669	0.75670	0.01872	0.02669
CTG	CTA	GA	-2.24249	0.18399	0.04902	2.24249	0.01954	0.04902
CCT	TCT	CT	1.18294	0.03090	0.05270	-1.18294	0.10085	0.05270
CCT	CTT	CT	0.54414	0.03090	0.04006	-0.54414	0.05324	0.04006
CCC	TCC	CT	1.23221	0.04074	0.07086	-1.23221	0.13968	0.07086
CCC	CTC	CT	1.15747	0.04074	0.06876	-1.15747	0.12962	0.06876
CCC	CCT	CT	0.73899	0.04074	0.05763	-0.73899	0.08529	0.05763
CCA	TCA	CT	1.00958	0.02927	0.04649	-1.00958	0.08033	0.04649
CCA	CTA	CT	-0.08736	0.02927	0.02801	0.08736	0.02682	0.02801
CCA	CCT	AT	0.97994	0.00580	0.00910	-0.97994	0.01546	0.00910
CCA	CCC	AC	0.24095	0.01602	0.01803	-0.24095	0.02038	0.01803
CCG	TCG	CT	1.72483	0.01110	0.02330	-1.72483	0.06229	0.02330
CCG	CTG	CT	2.89742	0.01110	0.03404	-2.89742	0.20123	0.03404
CCG	CCT	GT	1.72224	0.00220	0.00461	-1.72224	0.01232	0.00461
CCG	CCC	GC	0.98325	0.00608	0.00954	-0.98325	0.01624	0.00954
CCG	CCA	GA	0.74229	0.02802	0.03969	-0.74229	0.05886	0.03969
CAT	TAT	CT	1.25011	0.02589	0.04537	-1.25011	0.09039	0.04537
CAT	CTT	AT	0.63125	0.00513	0.00692	-0.63125	0.00965	0.00692
CAT	CCT	AC	0.08710	0.01417	0.01480	-0.08710	0.01546	0.01480
CAC	TAC	CT	1.42608	0.05271	0.09894	-1.42608	0.21941	0.09894
CAC	CTC	AT	0.81018	0.01045	0.01525	-0.81018	0.02349	0.01525
CAC	CCC	AC	-0.34730	0.02885	0.02413	0.34730	0.02038	0.02413
CAC	CAT	CT	0.30459	0.05271	0.06115	-0.30459	0.07148	0.06115
CAA	CTA	AT	-0.40983	0.00732	0.00593	0.40983	0.00486	0.00593
CAA	CCA	AC	-0.32246	0.02022	0.01713	0.32246	0.01465	0.01713
CAA	CAT	AT	0.57038	0.00732	0.00961	-0.57038	0.01296	0.00961
CAA	CAC	AC	0.26578	0.02022	0.02303	-0.26578	0.02638	0.02303
CAG	CTG	AT	0.91424	0.01462	0.02231	-0.91424	0.03648	0.02231
CAG	CCG	AC	-1.98319	0.04036	0.01277	1.98319	0.00555	0.01277
CAG	CAT	GT	-0.34805	0.01462	0.01222	0.34805	0.01032	0.01222
CAG	CAC	GC	-0.65264	0.04036	0.02861	0.65264	0.02101	0.02861
CAG	CAA	GA	-0.91843	0.18614	0.11356	0.91843	0.07430	0.11356
CGT	TGT	CT	2.18575	0.00610	0.01501	-2.18575	0.05425	0.01501
CGT	CTT	GT	1.85021	0.00121	0.00265	-1.85021	0.00769	0.00265
CGT	CCT	GC	1.30606	0.00334	0.00598	-1.30606	0.01232	0.00598
CGT	CAT	GA	1.21896	0.01539	0.02663	-1.21896	0.05207	0.02663
CGC	TGC	CT	1.63206	0.02589	0.05253	-1.63206	0.13243	0.05253
CGC	CTC	GT	1.29373	0.00513	0.00915	-1.29373	0.01872	0.00915
CGC	CCC	GC	0.13626	0.01417	0.01516	-0.13626	0.01624	0.01516
CGC	CAC	GA	0.48356	0.06536	0.08243	-0.48356	0.10600	0.08243
CGC	CGT	CT	-0.43081	0.02589	0.02072	0.43081	0.01683	0.02072
CGA	CTA	GT	1.18065	0.00119	0.00203	-1.18065	0.00387	0.00203
CGA	CCA	GC	1.26802	0.00328	0.00579	-1.26802	0.01167	0.00579
CGA	CAA	GA	1.59048	0.01514	0.03025	-1.59048	0.07430	0.03025
CGA	CGT	AT	0.94190	0.00119	0.00184	-0.94190	0.00305	0.00184
CGA	CGC	AC	1.37271	0.00328	0.00604	-1.37271	0.01296	0.00604
CGG	TGG	CT	1.87721	0.01805	0.04000	-1.87721	0.11795	0.04000
CGG	CTG	GT	2.09458	0.00358	0.00855	-2.09458	0.02906	0.00855
CGG	CCG	GC	-0.80284	0.00988	0.00644	0.80284	0.00443	0.00644
CGG	CAG	GA	1.18034	0.04555	0.07761	-1.18034	0.14830	0.07761
CGG	CGT	GT	-0.38667	0.00358	0.00293	0.38667	0.00243	0.00293
CGG	CGC	GC	0.04414	0.00988	0.01010	-0.04414	0.01032	0.01010
CGG	CGA	GA	-1.32856	0.04555	0.02180	1.32856	0.01207	0.02180
ATT	TTT	AT	1.05162	0.00772	0.01249	-1.05162	0.02211	0.01249
ATT	CTT	AC	-0.79275	0.02132	0.01398	0.79275	0.00965	0.01398
ATC	TTC	AT	1.02395	0.01228	0.01963	-1.02395	0.03420	0.01963
ATC	CTC	AC	-0.36699	0.03391	0.02807	0.36699	0.02349	0.02807
ATC	ATT	CT	0.55142	0.06197	0.08061	-0.55142	0.10756	0.08061
ATA	TTA	AT	0.43566	0.00492	0.00607	-0.43566	0.00761	0.00607
ATA	CTA	AC	-1.02763	0.01359	0.00778	1.02763	0.00486	0.00778
ATA	ATT	AT	1.37657	0.00492	0.00906	-1.37657	0.01950	0.00906
ATA	ATC	AC	0.82515	0.01359	0.01995	-0.82515	0.03101	0.01995
ATG	TTG	AT	0.51556	0.00703	0.00899	-0.51556	0.01177	0.00899
ATG	CTG	AC	0.63162	0.01940	0.02616	-0.63162	0.03648	0.02616
ATG	ATT	GT	0.79332	0.00703	0.01018	-0.79332	0.01553	0.01018
ATG	ATC	GC	0.24190	0.01940	0.02184	-0.24190	0.02470	0.02184
ATG	ATA	GA	-0.58325	0.08945	0.06589	0.58325	0.04992	0.06589
ACT	TCT	AT	1.32798	0.00484	0.00875	-1.32798	0.01828	0.00875
ACT	CCT	AC	0.14503	0.01337	0.01437	-0.14503	0.01546	0.01437
ACT	ATT	CT	1.48192	0.02444	0.04686	-1.48192	0.10756	0.04686
ACC	TCC	AT	0.66122	0.01307	0.01786	-0.66122	0.02532	0.01786
ACC	CCC	AC	-0.57099	0.03608	0.02675	0.57099	0.02038	0.02675
ACC	ATC	CT	0.95347	0.06593	0.10228	-0.95347	0.17106	0.10228
ACC	ACT	CT	0.02296	0.06593	0.06669	-0.02296	0.06746	0.06669
ACA	TCA	AT	0.87537	0.00607	0.00911	-0.87537	0.01456	0.00911
ACA	CCA	AC	-0.13421	0.01675	0.01565	0.13421	0.01465	0.01565
ACA	ATA	CT	0.80606	0.03061	0.04458	-0.80606	0.06853	0.04458
ACA	ACT	AT	0.70070	0.00607	0.00844	-0.70070	0.01223	0.00844
ACA	ACC	AC	0.67774	0.01675	0.02306	-0.67774	0.03299	0.02306
ACG	TCG	AT	0.92153	0.00449	0.00688	-0.92153	0.01129	0.00688
ACG	CCG	AC	-0.80330	0.01240	0.00808	0.80330	0.00555	0.00808
ACG	ATG	CT	1.46251	0.02266	0.04314	-1.46251	0.09783	0.04314
ACG	ACT	GT	0.77391	0.00449	0.00645	-0.77391	0.00974	0.00645
ACG	ACC	GC	0.75094	0.01240	0.01764	-0.75094	0.02628	0.01764
ACG	ACA	GA	0.07321	0.05720	0.05932	-0.07321	0.06155	0.05932
AAT	TAT	AT	0.43373	0.01062	0.01309	-0.43373	0.01638	0.01309
AAT	CAT	AC	-0.81639	0.02931	0.01896	0.81639	0.01296	0.01896
AAT	ATT	AT	0.60760	0.01062	0.01417	-0.60760	0.01950	0.01417
AAT	ACT	AC	-0.87432	0.02931	0.01834	0.87432	0.01223	0.01834
AAC	TAC	AT	0.80615	0.01776	0.02587	-0.80615	0.03977	0.02587
AAC	CAC	AC	-0.61993	0.04903	0.03539	0.61993	0.02638	0.03539
AAC	ATC	AT	0.55723	0.01776	0.02317	-0.55723	0.03101	0.02317
AAC	ACC	AC	-0.39624	0.04903	0.03995	0.39624	0.03299	0.03995
AAC	AAT	CT	0.50105	0.08959	0.11390	-0.50105	0.14786	0.11390
AAA	CAA	AC	-0.54692	0.03194	0.02400	0.54692	0.01849	0.02400
AAA	ATA	AT	0.07087	0.01157	0.01199	-0.07087	0.01242	0.01199
AAA	ACA	AC	-0.73518	0.03194	0.02163	0.73518	0.01531	0.02163
AAA	AAT	AT	0.83984	0.01157	0.01710	-0.83984	0.02680	0.01710
AAA	AAC	AC	0.33879	0.03194	0.03766	-0.33879	0.04483	0.03766
AAG	CAG	AC	0.16061	0.03143	0.03402	-0.16061	0.03690	0.03402
AAG	ATG	AT	0.44323	0.01138	0.01409	-0.44323	0.01773	0.01409
AAG	ACG	AC	-1.01928	0.03143	0.01809	1.01928	0.01134	0.01809
AAG	AAT	GT	0.62895	0.01138	0.01534	-0.62895	0.02135	0.01534
AAG	AAC	GC	0.12790	0.03143	0.03348	-0.12790	0.03571	0.03348
AAG	AAA	GA	-0.21089	0.14494	0.13019	0.21089	0.11738	0.13019
AGT	TGT	AT	0.14233	0.00853	0.00915	-0.14233	0.00983	0.00915
AGT	CGT	AC	-2.04342	0.02354	0.00716	2.04342	0.00305	0.00716
AGT	ATT	GT	0.59953	0.00853	0.01134	-0.59953	0.01553	0.01134
AGT	ACT	GC	-0.88239	0.02354	0.01466	0.88239	0.00974	0.01466
AGT	AAT	GA	-0.00807	0.10858	0.10814	0.00807	0.10771	0.10814
AGC	TGC	AT	0.64170	0.01264	0.01712	-0.64170	0.02401	0.01712
AGC	CGC	AC	-0.99036	0.03488	0.02041	0.99036	0.01296	0.02041
AGC	ATC	GT	0.67036	0.01264	0.01734	-0.67036	0.02470	0.01734
AGC	ACC	GC	-0.28311	0.03488	0.03018	0.28311	0.02628	0.03018
AGC	AAC	GA	0.11313	0.16088	0.17015	-0.11313	0.18015	0.17015
AGC	AGT	CT	0.62225	0.06374	0.08561	-0.62225	0.11876	0.08561
AGA	CGA	AC	-1.58143	0.01460	0.00598	1.58143	0.00300	0.00598
AGA	ATA	GT	0.62685	0.00529	0.00712	-0.62685	0.00990	0.00712
AGA	ACA	GC	-0.17921	0.01460	0.01333	0.17921	0.01220	0.01333
AGA	AAA	GA	0.55597	0.06732	0.08776	-0.55597	0.11738	0.08776
AGA	AGT	AT	1.40389	0.00529	0.00984	-1.40389	0.02153	0.00984
AGA	AGC	AC	0.78163	0.01460	0.02104	-0.78163	0.03189	0.02104
AGG	TGG	AT	1.25788	0.00608	0.01068	-1.25788	0.02138	0.01068
AGG	CGG	AC	-0.61933	0.01678	0.01211	0.61933	0.00903	0.01211
AGG	ATG	GT	0.84363	0.00608	0.00900	-0.84363	0.01413	0.00900
AGG	ACG	GC	-0.61888	0.01678	0.01212	0.61888	0.00904	0.01212
AGG	AAG	GA	0.40040	0.07737	0.09389	-0.40040	0.11547	0.09389
AGG	AGT	GT	1.03742	0.00608	0.00977	-1.03742	0.01715	0.00977
AGG	AGC	GC	0.41517	0.01678	0.02050	-0.41517	0.02541	0.02050
AGG	AGA	GA	-0.36646	0.07737	0.06406	0.36646	0.05363	0.06406
GTT	TTT	GT	1.22640	0.00517	0.00897	-1.22640	0.01761	0.00897
GTT	CTT	GC	-0.61796	0.01426	0.01031	0.61796	0.00769	0.01031
GTT	ATT	GA	0.17479	0.06579	0.07170	-0.17479	0.07835	0.07170
GTC	TTC	GT	1.12396	0.00886	0.01475	-1.12396	0.02725	0.01475
GTC	CTC	GC	-0.26698	0.02445	0.02133	0.26698	0.01872	0.02133
GTC	ATC	GA	0.10001	0.11275	0.11848	-0.10001	0.12461	0.11848
GTC	GTT	CT	0.47664	0.04467	0.05616	-0.47664	0.07195	0.05616
GTA	TTA	GT	0.78356	0.00277	0.00399	-0.78356	0.00606	0.00399
GTA	CTA	GC	-0.67974	0.00764	0.00534	0.67974	0.00387	0.00534
GTA	ATA	GA	0.34789	0.03525	0.04174	-0.34789	0.04992	0.04174
GTA	GTT	AT	1.54968	0.00277	0.00545	-1.54968	0.01304	0.00545
GTA	GTC	AC	1.07303	0.00764	0.01246	-1.07303	0.02235	0.01246
GTG	TTG	GT	-0.39935	0.01398	0.01137	0.39935	0.00937	0.01137
GTG	CTG	GC	-0.28329	0.03858	0.03337	0.28329	0.02906	0.03337
GTG	ATG	GA	-0.91491	0.17792	0.10877	0.91491	0.07127	0.10877
GTG	GTT	GT	-0.29637	0.01398	0.01201	0.29637	0.01039	0.01201
GTG	GTC	GC	-0.77301	0.03858	0.02557	0.77301	0.01781	0.02557
GTG	GTA	GA	-1.84604	0.17792	0.06157	1.84604	0.02809	0.06157
GCT	TCT	GT	1.14233	0.00465	0.00780	-1.14233	0.01456	0.00780
GCT	CCT	GC	-0.04061	0.01283	0.01257	0.04061	0.01232	0.01257
GCT	ACT	GA	-0.18565	0.05916	0.05384	0.18565	0.04914	0.05384
GCT	GTT	CT	1.12149	0.02344	0.03899	-1.12149	0.07195	0.03899
GCC	TCC	GT	0.42845	0.01314	0.01616	-0.42845	0.02017	0.01616
GCC	CCC	GC	-0.80376	0.03628	0.02363	0.80376	0.01624	0.02363
GCC	ACC	GA	-0.23277	0.16732	0.14860	0.23277	0.13257	0.14860
GCC	GTC	CT	0.62069	0.06629	0.08898	-0.62069	0.12331	0.08898
GCC	GCT	CT	-0.02416	0.06629	0.06549	0.02416	0.06471	0.06549
GCA	TCA	GT	0.71541	0.00567	0.00794	-0.71541	0.01160	0.00794
GCA	CCA	GC	-0.29417	0.01566	0.01347	0.29417	0.01167	0.01347
GCA	ACA	GA	-0.15996	0.07222	0.06660	0.15996	0.06155	0.06660
GCA	GTA	CT	0.29820	0.02862	0.03309	-0.29820	0.03856	0.03309
GCA	GCT	AT	0.72639	0.00567	0.00798	-0.72639	0.01173	0.00798
GCA	GCC	AC	0.75054	0.01566	0.02226	-0.75054	0.03317	0.02226
GCG	TCG	GT	1.17484	0.00278	0.00472	-1.17484	0.00900	0.00472
GCG	CCG	GC	-0.54999	0.00767	0.00575	0.54999	0.00443	0.00575
GCG	ACG	GA	0.25331	0.03538	0.04005	-0.25331	0.04557	0.04005
GCG	GTG	CT	2.63072	0.01402	0.03973	-2.63072	0.19459	0.03973
GCG	GCT	GT	1.21286	0.00278	0.00480	-1.21286	0.00934	0.00480
GCG	GCC	GC	1.23702	0.00767	0.01337	-1.23702	0.02643	0.01337
GCG	GCA	GA	0.48647	0.03538	0.04468	-0.48647	0.05754	0.04468
GAT	TAT	GT	-0.04590	0.01367	0.01336	0.04590	0.01305	0.01336
GAT	CAT	GC	-1.29602	0.03773	0.01842	1.29602	0.01032	0.01842
GAT	AAT	GA	-0.47963	0.17400	0.13559	0.47963	0.10771	0.13559
GAT	GTT	AT	-0.04681	0.01367	0.01335	0.04681	0.01304	0.01335
GAT	GCT	AC	-1.16830	0.03773	0.01989	1.16830	0.01173	0.01989
GAC	TAC	GT	0.77015	0.01467	0.02104	-0.77015	0.03169	0.02104
GAC	CAC	GC	-0.65593	0.04049	0.02865	0.65593	0.02101	0.02865
GAC	AAC	GA	-0.03600	0.18675	0.18341	0.03600	0.18015	0.18341
GAC	GTC	AT	0.42122	0.01467	0.01797	-0.42122	0.02235	0.01797
GAC	GCC	AC	-0.19947	0.04049	0.03659	0.19947	0.03317	0.03659
GAC	GAT	CT	0.94468	0.07399	0.11436	-0.94468	0.19030	0.11436
GAA	CAA	GC	-0.58459	0.02643	0.01945	0.58459	0.01473	0.01945
GAA	AAA	GA	-0.03767	0.12188	0.11960	0.03767	0.11738	0.11960
GAA	GTA	AT	-0.31468	0.00957	0.00815	0.31468	0.00699	0.00815
GAA	GCA	AC	-0.61289	0.02643	0.01915	0.61289	0.01432	0.01915
GAA	GAT	AT	1.28180	0.00957	0.01699	-1.28180	0.03449	0.01699
GAA	GAC	AC	0.33713	0.02643	0.03113	-0.33713	0.03702	0.03113
GAG	CAG	GC	-0.26269	0.03823	0.03343	0.26269	0.02940	0.03343
GAG	AAG	GA	-0.42330	0.17633	0.14163	0.42330	0.11547	0.14163
GAG	GTG	AT	0.93483	0.01385	0.02132	-0.93483	0.03527	0.02132
GAG	GCG	AC	-1.69589	0.03823	0.01457	1.69589	0.00701	0.01457
GAG	GAT	GT	0.68527	0.01385	0.01913	-0.68527	0.02748	0.01913
GAG	GAC	GC	-0.25940	0.03823	0.03349	0.25940	0.02950	0.03349
GAG	GAA	GA	-0.59653	0.17633	0.12893	0.59653	0.09711	0.12893
GGT	TGT	GT	0.50682	0.00472	0.00602	-0.50682	0.00783	0.00602
GGT	CGT	GC	-1.67893	0.01303	0.00502	1.67893	0.00243	0.00502
GGT	AGT	GA	0.36449	0.06008	0.07170	-0.36449	0.08651	0.07170
GGT	GTT	GT	0.78924	0.00472	0.00682	-0.78924	0.01039	0.00682
GGT	GCT	GC	-0.33226	0.01303	0.01098	0.33226	0.00934	0.01098
GGT	GAT	GA	0.83605	0.06008	0.08866	-0.83605	0.13863	0.08866
GGC	TGC	GT	0.38589	0.01300	0.01567	-0.38589	0.01913	0.01567
GGC	CGC	GC	-1.24617	0.03589	0.01806	1.24617	0.01032	0.01806
GGC	AGC	GA	-0.25581	0.16554	0.14527	0.25581	0.12817	0.14527
GGC	GTC	GT	0.31455	0.01300	0.01515	-0.31455	0.01781	0.01515
GGC	GCC	GC	-0.30615	0.03589	0.03068	0.30615	0.02643	0.03068
GGC	GAC	GA	-0.10668	0.16554	0.15686	0.10668	0.14879	0.15686
GGC	GGT	CT	0.00195	0.06559	0.06565	-0.00195	0.06571	0.06565
GGA	CGA	GC	-2.62668	0.03307	0.00677	2.62668	0.00239	0.00677
GGA	AGA	GA	-1.04525	0.15254	0.08646	1.04525	0.05363	0.08646
GGA	GTA	GT	-0.76629	0.01198	0.00797	0.76629	0.00557	0.00797
GGA	GCA	GC	-1.06449	0.03307	0.01854	1.06449	0.01141	0.01854
GGA	GAA	GA	-0.45161	0.15254	0.12068	0.45161	0.09711	0.12068
GGA	GGT	AT	-0.00585	0.01198	0.01195	0.00585	0.01191	0.01195
GGA	GGC	AC	-0.00780	0.03307	0.03295	0.00780	0.03282	0.03295
GGG	TGG	GT	0.30627	0.01254	0.01456	-0.30627	0.01703	0.01456
GGG	CGG	GC	-1.57094	0.03462	0.01427	1.57094	0.00720	0.01427
GGG	AGG	GA	-0.95161	0.15965	0.09556	0.95161	0.06164	0.09556
GGG	GTG	GT	0.80693	0.01254	0.01827	-0.80693	0.02810	0.01827
GGG	GCG	GC	-1.82379	0.03462	0.01215	1.82379	0.00559	0.01215
GGG	GAG	GA	-0.12790	0.15965	0.14966	0.12790	0.14048	0.14966
GGG	GGT	GT	-0.27868	0.01254	0.01087	0.27868	0.00949	0.01087
GGG	GGC	GC	-0.28063	0.03462	0.02999	0.28063	0.02615	0.02999
GGG	GGA	GA	-0.27283	0.15965	0.13886	0.27283	0.12153	0.13886


Histograms
2Ns	FMut	FSub(CodonUsage)	FSubw(after w)

-2.75945	0.02049	0.00432
-2.48351	0.00000	0.00000
-2.20756	0.01277	0.00389
-1.93162	0.02609	0.00995
-1.65567	0.01932	0.00857
-1.37973	0.06294	0.03288
-1.10378	0.07312	0.04430
-0.82784	0.09888	0.07007
-0.55189	0.13461	0.11332
-0.27595	0.11798	0.11487
0.00000	0.17450	0.19565
0.27595	0.08944	0.11487
0.55189	0.07778	0.11332
0.82784	0.04196	0.07007
1.10378	0.02369	0.04430
1.37973	0.01594	0.03288
1.65567	0.00376	0.00857
1.93162	0.00401	0.00995
2.20756	0.00140	0.00389
2.48351	0.00000	0.00000
2.75945	0.00131	0.00432

Proportion of advantageous (S > 0) mutations:
 0.34326

Proportions of good & bad mutations (|S| > 2.0000) among mutations:
0.00286  0.03438

mean |Ns| = 0.71163	mean Ns+ = 0.51812	mean Ns- = -0.81277


MLEs of dN/dS (w) for site classes (K=4)

site class             0        1       2a       2b
proportion       0.71097  0.05172  0.22122  0.01609
background w     0.04683  1.08470  0.04683  1.08470
foreground w     0.04683  1.08470  0.08915  0.08915

Naive Empirical Bayes (NEB) probabilities for 4 classes
(amino acids refer to 1st sequence: Bacu)

   1 -   0.74831 0.01443 0.23270 0.00455 ( 1)
   2 -   0.74962 0.01313 0.23310 0.00414 ( 1)
   3 -   0.74733 0.01541 0.23240 0.00486 ( 1)
   4 -   0.74976 0.01300 0.23314 0.00410 ( 1)
   5 -   0.74395 0.01878 0.23137 0.00590 ( 1)
   6 -   0.75012 0.01263 0.23326 0.00399 ( 1)
   7 -   0.73857 0.02413 0.22973 0.00757 ( 1)
   8 -   0.74435 0.01837 0.23150 0.00578 ( 1)
   9 -   0.74211 0.02061 0.23081 0.00647 ( 1)
  10 -   0.74617 0.01657 0.23205 0.00522 ( 1)
  11 -   0.74886 0.01389 0.23287 0.00438 ( 1)
  12 -   0.74975 0.01300 0.23314 0.00410 ( 1)
  13 -   0.75309 0.00969 0.23415 0.00307 ( 1)
  14 -   0.75056 0.01220 0.23339 0.00385 ( 1)
  15 -   0.74301 0.01971 0.23109 0.00619 ( 1)
  16 -   0.75259 0.01019 0.23400 0.00322 ( 1)
  17 -   0.75213 0.01064 0.23386 0.00337 ( 1)
  18 -   0.73924 0.02347 0.22993 0.00736 ( 1)
  19 -   0.51122 0.25082 0.15898 0.07898 ( 1)
  20 -   0.74435 0.01837 0.23150 0.00578 ( 1)
  21 M   0.63467 0.12752 0.19730 0.04051 ( 1)
  22 S   0.74443 0.01829 0.23153 0.00575 ( 1)
  23 G   0.74601 0.01672 0.23201 0.00526 ( 1)
  24 S   0.75275 0.01002 0.23405 0.00317 ( 1)
  25 Y   0.74609 0.01664 0.23203 0.00524 ( 1)
  26 S   0.74454 0.01819 0.23156 0.00572 ( 1)
  27 P   0.74494 0.01779 0.23168 0.00560 ( 1)
  28 G   0.74963 0.01312 0.23311 0.00414 ( 1)
  29 Y   0.74609 0.01664 0.23203 0.00524 ( 1)
  30 A   0.74751 0.01523 0.23246 0.00480 ( 1)
  31 K   0.75051 0.01225 0.23337 0.00387 ( 1)
  32 I   0.74802 0.01472 0.23262 0.00464 ( 1)
  33 N   0.75058 0.01218 0.23339 0.00385 ( 1)
  34 K   0.75051 0.01225 0.23337 0.00387 ( 1)
  35 R   0.75403 0.00876 0.23443 0.00278 ( 1)
  36 G   0.74580 0.01693 0.23194 0.00533 ( 1)
  37 G   0.75478 0.00801 0.23468 0.00253 ( 1)
  38 A   0.75064 0.01212 0.23341 0.00383 ( 1)
  39 G   0.74578 0.01695 0.23193 0.00534 ( 1)
  40 G   0.74228 0.02043 0.23087 0.00642 ( 1)
  41 W   0.73541 0.02729 0.22876 0.00855 ( 1)
  42 S   0.74453 0.01820 0.23155 0.00572 ( 1)
  43 P   0.74396 0.01876 0.23138 0.00590 ( 1)
  44 S   0.73918 0.02353 0.22991 0.00738 ( 1)
  45 D   0.75261 0.01016 0.23401 0.00322 ( 1)
  46 S   0.74896 0.01378 0.23290 0.00435 ( 1)
  47 D   0.75261 0.01016 0.23401 0.00322 ( 1)
  48 H   0.74991 0.01285 0.23319 0.00405 ( 1)
  49 Y   0.74608 0.01665 0.23203 0.00524 ( 1)
  50 Q   0.73987 0.02284 0.23013 0.00717 ( 1)
  51 W   0.73541 0.02729 0.22876 0.00855 ( 1)
  52 L   0.75029 0.01247 0.23331 0.00394 ( 1)
  53 Q   0.73694 0.02576 0.22923 0.00807 ( 1)
  54 V   0.74945 0.01330 0.23305 0.00420 ( 1)
  55 D   0.75261 0.01016 0.23401 0.00322 ( 1)
  56 F   0.74061 0.02210 0.23035 0.00694 ( 1)
  57 G   0.74962 0.01313 0.23310 0.00414 ( 1)
  58 N   0.07845 0.68184 0.02439 0.21532 ( 2)
  59 R   0.75402 0.00877 0.23443 0.00278 ( 1)
  60 K   0.55273 0.20931 0.17187 0.06609 ( 1)
  61 Q   0.73694 0.02576 0.22923 0.00807 ( 1)
  62 I   0.74801 0.01473 0.23261 0.00464 ( 1)
  63 S   0.74896 0.01378 0.23290 0.00435 ( 1)
  64 A   0.74750 0.01524 0.23246 0.00480 ( 1)
  65 I   0.53443 0.14542 0.31630 0.00384 ( 1)
  66 A   0.74874 0.01400 0.23284 0.00442 ( 1)
  67 T   0.74873 0.01401 0.23283 0.00442 ( 1)
  68 Q   0.73987 0.02284 0.23013 0.00717 ( 1)
  69 G   0.74235 0.02037 0.23089 0.00640 ( 1)
  70 R   0.75588 0.00693 0.23499 0.00220 ( 1)
  71 Y   0.74372 0.01900 0.23130 0.00597 ( 1)
  72 S   0.75274 0.01003 0.23405 0.00317 ( 1)
  73 S   0.75274 0.01003 0.23405 0.00317 ( 1)
  74 S   0.73918 0.02353 0.22991 0.00738 ( 1)
  75 D   0.75261 0.01016 0.23401 0.00322 ( 1)
  76 W   0.73541 0.02729 0.22876 0.00855 ( 1)
  77 V   0.73874 0.02396 0.22978 0.00752 ( 1)
  78 T   0.74873 0.01401 0.23283 0.00442 ( 1)
  79 Q   0.73987 0.02284 0.23013 0.00717 ( 1)
  80 Y   0.74372 0.01900 0.23130 0.00597 ( 1)
  81 R   0.75435 0.00845 0.23453 0.00268 ( 1)
  82 M   0.62635 0.13605 0.19480 0.04280 ( 1)
  83 L   0.74634 0.01639 0.23211 0.00516 ( 1)
  84 Y   0.74372 0.01900 0.23130 0.00597 ( 1)
  85 S   0.75264 0.01014 0.23402 0.00321 ( 1)
  86 D   0.75261 0.01016 0.23401 0.00322 ( 1)
  87 T   0.74886 0.01389 0.23287 0.00438 ( 1)
  88 G   0.74592 0.01682 0.23198 0.00529 ( 1)
  89 R   0.75582 0.00699 0.23497 0.00222 ( 1)
  90 N   0.75116 0.01160 0.23357 0.00367 ( 1)
  91 W   0.73533 0.02737 0.22873 0.00857 ( 1)
  92 K   0.74840 0.01435 0.23273 0.00452 ( 1)
  93 P   0.74892 0.01382 0.23289 0.00436 ( 1)
  94 Y   0.74363 0.01909 0.23128 0.00600 ( 1)
  95 H   0.74983 0.01293 0.23317 0.00408 ( 1)
  96 Q   0.73979 0.02292 0.23010 0.00719 ( 1)
  97 D   0.49487 0.26716 0.15390 0.08407 ( 1)
  98 G   0.74586 0.01687 0.23196 0.00531 ( 1)
  99 N   0.75116 0.01160 0.23357 0.00367 ( 1)
 100 I   0.74793 0.01482 0.23259 0.00467 ( 1)
 101 W   0.73434 0.02835 0.22843 0.00888 ( 1)
 102 A   0.74682 0.01593 0.23224 0.00502 ( 1)
 103 F   0.73988 0.02283 0.23013 0.00716 ( 1)
 104 P   0.74419 0.01853 0.23145 0.00583 ( 1)
 105 G   0.74644 0.01630 0.23214 0.00513 ( 1)
 106 N   0.74987 0.01288 0.23318 0.00407 ( 1)
 107 V   0.07493 0.68534 0.02330 0.21643 ( 2)
 108 N   0.75021 0.01255 0.23328 0.00396 ( 1)
 109 S   0.74629 0.01644 0.23209 0.00518 ( 1)
 110 D   0.74523 0.01750 0.23176 0.00551 ( 1)
 111 S   0.74896 0.01379 0.23290 0.00435 ( 1)
 112 V   0.73837 0.02434 0.22966 0.00763 ( 1)
 113 V   0.74908 0.01367 0.23294 0.00431 ( 1)
 114 R   0.75503 0.00777 0.23473 0.00247 ( 1)
 115 H   0.74956 0.01320 0.23308 0.00416 ( 1)
 116 D   0.74523 0.01750 0.23176 0.00551 ( 1)
 117 L   0.74405 0.01867 0.23141 0.00587 ( 1)
 118 Q   0.73658 0.02612 0.22911 0.00819 ( 1)
 119 H   0.74955 0.01321 0.23308 0.00417 ( 1)
 120 P   0.74356 0.01916 0.23125 0.00602 ( 1)
 121 V   0.57418 0.18794 0.17854 0.05934 ( 1)
 122 I   0.74739 0.01535 0.23243 0.00483 ( 1)
 123 A   0.74712 0.01561 0.23234 0.00492 ( 1)
 124 R   0.75403 0.00876 0.23443 0.00278 ( 1)
 125 Y   0.49219 0.26982 0.15307 0.08493 ( 1)
 126 V   0.43278 0.32932 0.13461 0.10328 ( 1)
 127 R   0.75403 0.00876 0.23443 0.00278 ( 1)
 128 I   0.00146 0.75891 0.00045 0.23918 ( 2)
 129 V   0.73837 0.02434 0.22966 0.00763 ( 1)
 130 P   0.74456 0.01816 0.23156 0.00571 ( 1)
 131 L   0.72756 0.03513 0.22634 0.01097 ( 1)
 132 D   0.74528 0.01745 0.23178 0.00549 ( 1)
 133 W   0.73506 0.02764 0.22865 0.00866 ( 1)
 134 N   0.75022 0.01254 0.23328 0.00396 ( 1)
 135 G   0.74189 0.02082 0.23074 0.00654 ( 1)
 136 E   0.75242 0.01035 0.23395 0.00328 ( 1)
 137 G   0.74925 0.01350 0.23299 0.00426 ( 1)
 138 R   0.75403 0.00876 0.23443 0.00278 ( 1)
 139 I   0.00267 0.75801 0.00083 0.23849 ( 2)
 140 G   0.74560 0.01713 0.23188 0.00539 ( 1)
 141 L   0.74596 0.01677 0.23199 0.00528 ( 1)
 142 R   0.75559 0.00722 0.23490 0.00229 ( 1)
 143 I   0.49099 0.27104 0.15270 0.08528 ( 1)
 144 E   0.74955 0.01320 0.23308 0.00417 ( 1)
 145 V   0.55159 0.21044 0.17152 0.06646 ( 1)
 146 Y   0.74341 0.01931 0.23121 0.00607 ( 1)
 147 G   0.74925 0.01350 0.23299 0.00426 ( 1)
 148 C   0.74946 0.01329 0.23305 0.00419 ( 1)
 149 S   0.74414 0.01858 0.23143 0.00584 ( 1)
 150 Y   0.74333 0.01939 0.23118 0.00610 ( 1)
 151 W   0.73533 0.02737 0.22873 0.00857 ( 1)
 152 A   0.75163 0.01138 0.23320 0.00378 ( 1)
 153 D   0.74657 0.01631 0.23179 0.00534 ( 1)
 154 V   0.75043 0.01254 0.23287 0.00415 ( 1)
 155 I   0.74898 0.01395 0.23247 0.00460 ( 1)
 156 N   0.75156 0.01145 0.23318 0.00381 ( 1)
 157 F   0.74148 0.02130 0.23032 0.00689 ( 1)
 158 D   0.74657 0.01631 0.23179 0.00534 ( 1)
 159 G   0.75498 0.00819 0.23405 0.00278 ( 1)
 160 H   0.75090 0.01209 0.23300 0.00401 ( 1)
 161 V   0.75051 0.01246 0.23290 0.00413 ( 1)
 162 V   0.73958 0.02317 0.22977 0.00747 ( 1)
 163 L   0.74537 0.01748 0.23145 0.00571 ( 1)
 164 P   0.74498 0.01786 0.23134 0.00582 ( 1)
 165 Y   0.74704 0.01585 0.23192 0.00519 ( 1)
 166 R   0.75690 0.00635 0.23459 0.00216 ( 1)
 167 F   0.74411 0.01872 0.23108 0.00609 ( 1)
 168 R   0.75690 0.00635 0.23459 0.00216 ( 1)
 169 N   0.75156 0.01145 0.23318 0.00381 ( 1)
 170 K   0.75149 0.01152 0.23317 0.00383 ( 1)
 171 K   0.75149 0.01152 0.23317 0.00383 ( 1)
 172 M   0.75728 0.00599 0.23468 0.00205 ( 1)
 173 K   0.74948 0.01347 0.23261 0.00445 ( 1)
 174 T   0.74984 0.01311 0.23271 0.00433 ( 1)
 175 L   0.72841 0.03426 0.22647 0.01086 ( 1)
 176 K   0.74961 0.01336 0.23260 0.00443 ( 1)
 177 D   0.74665 0.01623 0.23181 0.00531 ( 1)
 178 V   0.75177 0.01125 0.23324 0.00374 ( 1)
 179 I   0.74651 0.01636 0.23178 0.00535 ( 1)
 180 A   0.56150 0.19833 0.17421 0.06596 ( 1)
 181 L   0.74305 0.01976 0.23078 0.00642 ( 1)
 182 K   0.74946 0.01349 0.23260 0.00445 ( 1)
 183 F   0.74148 0.02130 0.23032 0.00689 ( 1)
 184 K   0.74946 0.01349 0.23260 0.00445 ( 1)
 185 T   0.74971 0.01324 0.23267 0.00437 ( 1)
 186 S   0.74751 0.01538 0.23207 0.00504 ( 1)
 187 E   0.75377 0.00933 0.23378 0.00313 ( 1)
 188 S   0.74995 0.01301 0.23274 0.00430 ( 1)
 189 E   0.75377 0.00933 0.23378 0.00313 ( 1)
 190 G   0.74696 0.01592 0.23190 0.00522 ( 1)
 191 V   0.75435 0.00876 0.23394 0.00295 ( 1)
 192 L   0.00307 0.74906 0.00095 0.24692 ( 2)
 193 L   0.74283 0.01998 0.23071 0.00649 ( 1)
 194 H   0.75225 0.01078 0.23337 0.00360 ( 1)
 195 G   0.74696 0.01593 0.23190 0.00522 ( 1)
 196 E   0.75377 0.00933 0.23378 0.00313 ( 1)
 197 G   0.74319 0.01963 0.23082 0.00637 ( 1)
 198 Q   0.73775 0.02499 0.22923 0.00803 ( 1)
 199 Q   0.74074 0.02204 0.23011 0.00712 ( 1)
 200 G   0.74696 0.01593 0.23190 0.00522 ( 1)
 201 D   0.74657 0.01631 0.23179 0.00534 ( 1)
 202 Y   0.74704 0.01585 0.23192 0.00519 ( 1)
 203 I   0.74629 0.01658 0.23171 0.00542 ( 1)
 204 T   0.08226 0.66915 0.02552 0.22307 ( 2)
 205 L   0.74305 0.01976 0.23078 0.00642 ( 1)
 206 E   0.75377 0.00933 0.23378 0.00313 ( 1)
 207 L   0.72841 0.03426 0.22647 0.01086 ( 1)
 208 K   0.55286 0.20717 0.17159 0.06839 ( 1)
 209 K   0.74946 0.01349 0.23260 0.00445 ( 1)
 210 A   0.74847 0.01445 0.23233 0.00475 ( 1)
 211 K   0.56090 0.19895 0.17403 0.06612 ( 1)
 212 L   0.72841 0.03426 0.22647 0.01086 ( 1)
 213 V   0.75177 0.01125 0.23324 0.00374 ( 1)
 214 F   0.74411 0.01872 0.23108 0.00609 ( 1)
 215 S   0.74995 0.01301 0.23274 0.00430 ( 1)
 216 L   0.74537 0.01748 0.23145 0.00571 ( 1)
 217 N   0.75156 0.01145 0.23318 0.00381 ( 1)
 218 L   0.74796 0.01495 0.23218 0.00491 ( 1)
 219 G   0.74277 0.02004 0.23069 0.00651 ( 1)
 220 S   0.75336 0.00973 0.23365 0.00326 ( 1)
 221 N   0.75118 0.01183 0.23307 0.00393 ( 1)
 222 Q   0.73735 0.02538 0.22911 0.00816 ( 1)
 223 L   0.75053 0.01245 0.23288 0.00414 ( 1)
 224 G   0.75021 0.01276 0.23280 0.00423 ( 1)
 225 P   0.74962 0.01334 0.23263 0.00441 ( 1)
 226 I   0.75416 0.00897 0.23385 0.00303 ( 1)
 227 Y   0.74671 0.01617 0.23182 0.00530 ( 1)
 228 G   0.75029 0.01268 0.23282 0.00420 ( 1)
 229 H   0.75201 0.01102 0.23330 0.00367 ( 1)
 230 T   0.74979 0.01317 0.23268 0.00436 ( 1)
 231 S   0.74730 0.01559 0.23199 0.00512 ( 1)
 232 V   0.73926 0.02350 0.22967 0.00758 ( 1)
 233 T   0.00033 0.97266 0.00019 0.02682 ( 2)
 234 T   0.74952 0.01343 0.23261 0.00444 ( 1)
 235 G   0.74285 0.01995 0.23071 0.00648 ( 1)
 236 S   0.74963 0.01332 0.23264 0.00441 ( 1)
 237 L   0.72817 0.03450 0.22639 0.01094 ( 1)
 238 L   0.72817 0.03450 0.22639 0.01094 ( 1)
 239 D   0.74624 0.01663 0.23168 0.00545 ( 1)
 240 D   0.74724 0.01564 0.23200 0.00512 ( 1)
 241 H   0.75201 0.01102 0.23330 0.00367 ( 1)
 242 H   0.75201 0.01102 0.23330 0.00367 ( 1)
 243 W   0.73587 0.02685 0.22867 0.00861 ( 1)
 244 H   0.75201 0.01102 0.23330 0.00367 ( 1)
 245 S   0.74513 0.01772 0.23137 0.00578 ( 1)
 246 V   0.73926 0.02350 0.22967 0.00758 ( 1)
 247 V   0.75147 0.01154 0.23315 0.00384 ( 1)
 248 I   0.74591 0.01695 0.23159 0.00555 ( 1)
 249 E   0.75060 0.01239 0.23291 0.00411 ( 1)
 250 R   0.75509 0.00806 0.23412 0.00273 ( 1)
 251 Q   0.73743 0.02530 0.22913 0.00813 ( 1)
 252 G   0.75029 0.01268 0.23282 0.00420 ( 1)
 253 R   0.75608 0.00713 0.23437 0.00242 ( 1)
 254 S   0.58599 0.17393 0.18175 0.05833 ( 1)
 255 L   0.52442 0.23526 0.16277 0.07755 ( 1)
 256 N   0.75125 0.01175 0.23309 0.00391 ( 1)
 257 L   0.74697 0.01592 0.23189 0.00522 ( 1)
 258 T   0.74947 0.01348 0.23260 0.00445 ( 1)
 259 L   0.72817 0.03450 0.22639 0.01094 ( 1)
 260 D   0.75333 0.00975 0.23365 0.00327 ( 1)
 261 R   0.75664 0.00659 0.23452 0.00224 ( 1)
 262 S   0.75346 0.00962 0.23369 0.00323 ( 1)
 263 T   0.74974 0.01322 0.23267 0.00437 ( 1)
 264 Q   0.73743 0.02530 0.22913 0.00813 ( 1)
 265 H   0.75201 0.01102 0.23330 0.00367 ( 1)
 266 F   0.74377 0.01905 0.23098 0.00620 ( 1)
 267 R   0.75509 0.00806 0.23412 0.00273 ( 1)
 268 T   0.74939 0.01355 0.23257 0.00448 ( 1)
 269 N   0.75178 0.01125 0.23323 0.00375 ( 1)
 270 G   0.74666 0.01622 0.23180 0.00532 ( 1)
 271 E   0.75060 0.01239 0.23291 0.00411 ( 1)
 272 F   0.74368 0.01914 0.23095 0.00623 ( 1)
 273 D   0.75333 0.00975 0.23365 0.00327 ( 1)
 274 Y   0.74431 0.01852 0.23113 0.00604 ( 1)
 275 L   0.72817 0.03450 0.22639 0.01094 ( 1)
 276 D   0.74624 0.01663 0.23168 0.00545 ( 1)
 277 L   0.74271 0.02009 0.23067 0.00652 ( 1)
 278 D   0.75333 0.00975 0.23365 0.00327 ( 1)
 279 Y   0.74648 0.01640 0.23175 0.00538 ( 1)
 280 E   0.75060 0.01239 0.23291 0.00411 ( 1)
 281 I   0.75201 0.01077 0.23381 0.00341 ( 1)
 282 T   0.74668 0.01606 0.23220 0.00506 ( 1)
 283 F   0.73856 0.02414 0.22972 0.00758 ( 1)
 284 G   0.74021 0.02250 0.23022 0.00707 ( 1)
 285 G   0.74760 0.01515 0.23247 0.00478 ( 1)
 286 I   0.75215 0.01063 0.23385 0.00337 ( 1)
 287 P   0.74283 0.01989 0.23102 0.00626 ( 1)
 288 F   0.74110 0.02161 0.23049 0.00679 ( 1)
 289 S   0.74328 0.01944 0.23115 0.00612 ( 1)
 290 G   0.75324 0.00955 0.23418 0.00303 ( 1)
 291 K   0.74837 0.01438 0.23271 0.00454 ( 1)
 292 P   0.74185 0.02086 0.23072 0.00656 ( 1)
 293 S   0.74692 0.01582 0.23227 0.00499 ( 1)
 294 S   0.74459 0.01814 0.23156 0.00571 ( 1)
 295 S   0.75163 0.01115 0.23370 0.00353 ( 1)
 296 S   0.74779 0.01496 0.23254 0.00472 ( 1)
 297 R   0.61258 0.14951 0.19044 0.04747 ( 1)
 298 K   0.74930 0.01345 0.23300 0.00425 ( 1)
 299 N   0.75007 0.01269 0.23323 0.00401 ( 1)
 300 F   0.74193 0.02079 0.23075 0.00653 ( 1)
 301 K   0.06411 0.69640 0.01994 0.21955 ( 2)
 302 G   0.74841 0.01434 0.23273 0.00453 ( 1)
 303 C   0.74871 0.01404 0.23282 0.00443 ( 1)
 304 M   0.75533 0.00748 0.23481 0.00238 ( 1)
 305 E   0.75164 0.01113 0.23371 0.00352 ( 1)
 306 S   0.53929 0.22270 0.16769 0.07032 ( 1)
 307 I   0.74404 0.01869 0.23140 0.00588 ( 1)
 308 N   0.74938 0.01338 0.23302 0.00422 ( 1)
 309 Y   0.74245 0.02026 0.23091 0.00637 ( 1)
 310 N   0.75007 0.01269 0.23323 0.00401 ( 1)
 311 G   0.74841 0.01434 0.23273 0.00453 ( 1)
 312 I   0.74677 0.01597 0.23223 0.00503 ( 1)
 313 N   0.74938 0.01338 0.23302 0.00422 ( 1)
 314 I   0.75288 0.00991 0.23408 0.00314 ( 1)
 315 T   0.75025 0.01251 0.23328 0.00395 ( 1)
 316 D   0.74436 0.01837 0.23149 0.00578 ( 1)
 317 L   0.74515 0.01758 0.23174 0.00553 ( 1)
 318 A   0.74747 0.01528 0.23244 0.00482 ( 1)
 319 R   0.75492 0.00788 0.23469 0.00250 ( 1)
 320 R   0.75445 0.00835 0.23455 0.00265 ( 1)
 321 K   0.74930 0.01345 0.23300 0.00425 ( 1)
 322 K   0.74727 0.01547 0.23238 0.00488 ( 1)
 323 L   0.74574 0.01699 0.23192 0.00535 ( 1)
 324 E   0.75159 0.01118 0.23369 0.00354 ( 1)
 325 P   0.74781 0.01494 0.23254 0.00471 ( 1)
 326 S   0.73796 0.02474 0.22954 0.00776 ( 1)
 327 N   0.75007 0.01269 0.23323 0.00401 ( 1)
 328 V   0.73753 0.02517 0.22940 0.00789 ( 1)
 329 G   0.74188 0.02083 0.23074 0.00654 ( 1)
 330 N   0.75085 0.01191 0.23347 0.00376 ( 1)
 331 L   0.74175 0.02097 0.23070 0.00659 ( 1)
 332 S   0.74858 0.01417 0.23279 0.00447 ( 1)
 333 F   0.74279 0.01993 0.23102 0.00626 ( 1)
 334 T   0.00464 0.75493 0.00144 0.23899 ( 2)
 335 C   0.74953 0.01322 0.23307 0.00417 ( 1)
 336 V   0.04233 0.71422 0.01315 0.23030 ( 2)
 337 E   0.75042 0.01256 0.23285 0.00417 ( 1)
 338 P   0.74952 0.01344 0.23260 0.00444 ( 1)
 339 Y   0.74412 0.01871 0.23107 0.00610 ( 1)
 340 T   0.53879 0.22093 0.16720 0.07309 ( 1)
 341 V   0.75375 0.00936 0.23375 0.00315 ( 1)
 342 P   0.74543 0.01742 0.23145 0.00569 ( 1)
 343 V   0.75123 0.01178 0.23307 0.00392 ( 1)
 344 F   0.74097 0.02181 0.23016 0.00706 ( 1)
 345 F   0.74358 0.01923 0.23092 0.00626 ( 1)
 346 N   0.75175 0.01128 0.23322 0.00376 ( 1)
 347 A   0.75115 0.01185 0.23306 0.00394 ( 1)
 348 T   0.74921 0.01373 0.23252 0.00454 ( 1)
 349 S   0.74945 0.01350 0.23258 0.00446 ( 1)
 350 Y   0.74412 0.01871 0.23107 0.00610 ( 1)
 351 L   0.72839 0.03429 0.22646 0.01087 ( 1)
 352 E   0.75042 0.01256 0.23285 0.00417 ( 1)
 353 V   0.73908 0.02368 0.22961 0.00763 ( 1)
 354 P   0.74617 0.01670 0.23168 0.00546 ( 1)
 355 G   0.74267 0.02014 0.23065 0.00654 ( 1)
 356 R   0.12055 0.62918 0.03737 0.21290 ( 2)
 357 L   0.75080 0.01219 0.23296 0.00405 ( 1)
 358 H   0.75086 0.01212 0.23299 0.00402 ( 1)
 359 Q   0.73934 0.02342 0.22967 0.00757 ( 1)
 360 D   0.75317 0.00991 0.23360 0.00332 ( 1)
 361 L   0.72854 0.03414 0.22650 0.01082 ( 1)
 362 F   0.74097 0.02181 0.23016 0.00706 ( 1)
 363 S   0.74170 0.02109 0.23037 0.00684 ( 1)
 364 V   0.54150 0.21820 0.16804 0.07226 ( 1)
 365 S   0.74952 0.01343 0.23261 0.00444 ( 1)
 366 F   0.74358 0.01923 0.23092 0.00626 ( 1)
 367 Q   0.73726 0.02548 0.22908 0.00819 ( 1)
 368 F   0.74358 0.01923 0.23092 0.00626 ( 1)
 369 R   0.75615 0.00706 0.23438 0.00240 ( 1)
 370 T   0.75195 0.01109 0.23327 0.00370 ( 1)
 371 W   0.73570 0.02701 0.22862 0.00866 ( 1)
 372 N   0.75108 0.01192 0.23304 0.00396 ( 1)
 373 P   0.74952 0.01344 0.23260 0.00444 ( 1)
 374 N   0.10026 0.81828 0.05925 0.02221 ( 2)
 375 G   0.75557 0.00761 0.23423 0.00258 ( 1)
 376 L   0.74679 0.01609 0.23184 0.00528 ( 1)
 377 L   0.72842 0.03426 0.22647 0.01086 ( 1)
 378 L   0.75079 0.01220 0.23296 0.00405 ( 1)
 379 F   0.74358 0.01923 0.23092 0.00626 ( 1)
 380 S   0.74947 0.01349 0.23259 0.00446 ( 1)
 381 H   0.59112 0.16930 0.18342 0.05616 ( 1)
 382 F   0.74088 0.02190 0.23013 0.00709 ( 1)
 383 A   0.75627 0.00696 0.23440 0.00237 ( 1)
 384 D   0.74596 0.01691 0.23160 0.00554 ( 1)
 385 N   0.00380 0.74628 0.00118 0.24874 ( 2)
 386 L   0.74027 0.02251 0.22991 0.00731 ( 1)
 387 G   0.75013 0.01285 0.23277 0.00426 ( 1)
 388 N   0.55265 0.20705 0.17147 0.06883 ( 1)
 389 V   0.73899 0.02376 0.22958 0.00766 ( 1)
 390 E   0.75033 0.01265 0.23283 0.00419 ( 1)
 391 I   0.74563 0.01723 0.23151 0.00564 ( 1)
 392 D   0.75305 0.01003 0.23356 0.00336 ( 1)
 393 L   0.74664 0.01624 0.23179 0.00533 ( 1)
 394 T   0.75180 0.01123 0.23323 0.00375 ( 1)
 395 D   0.75305 0.01003 0.23356 0.00336 ( 1)
 396 S   0.75306 0.01001 0.23356 0.00336 ( 1)
 397 K   0.55960 0.20053 0.17368 0.06620 ( 1)
 398 V   0.75103 0.01198 0.23301 0.00399 ( 1)
 399 S   0.58045 0.17937 0.18003 0.06016 ( 1)
 400 V   0.53759 0.22209 0.16683 0.07348 ( 1)
 401 H   0.75159 0.01143 0.23317 0.00381 ( 1)
 402 I   0.74821 0.01471 0.23223 0.00485 ( 1)
 403 N   0.75083 0.01217 0.23295 0.00405 ( 1)
 404 I   0.48594 0.22088 0.28708 0.00610 ( 1)
 405 T   0.74935 0.01361 0.23255 0.00450 ( 1)
 406 Q   0.73637 0.02636 0.22880 0.00847 ( 1)
 407 T   0.74829 0.01464 0.23223 0.00484 ( 1)
 408 K   0.74993 0.01305 0.23268 0.00434 ( 1)
 409 M   0.11059 0.63729 0.03427 0.21785 ( 2)
 410 S   0.75229 0.01077 0.23332 0.00361 ( 1)
 411 Q   0.73670 0.02603 0.22890 0.00837 ( 1)
 412 I   0.75330 0.00981 0.23358 0.00331 ( 1)
 413 D   0.74459 0.01825 0.23117 0.00598 ( 1)
 414 I   0.74431 0.01853 0.23109 0.00606 ( 1)
 415 S   0.74552 0.01734 0.23144 0.00570 ( 1)
 416 S   0.73798 0.02477 0.22926 0.00799 ( 1)
 417 G   0.75420 0.00896 0.23381 0.00304 ( 1)
 418 S   0.74528 0.01757 0.23141 0.00574 ( 1)
 419 G   0.74677 0.01611 0.23184 0.00528 ( 1)
 420 L   0.74268 0.02012 0.23066 0.00653 ( 1)
 421 N   0.75207 0.01096 0.23332 0.00365 ( 1)
 422 D   0.75315 0.00993 0.23360 0.00333 ( 1)
 423 G   0.75043 0.01255 0.23287 0.00416 ( 1)
 424 Q   0.73757 0.02517 0.22918 0.00809 ( 1)
 425 W   0.73601 0.02671 0.22872 0.00856 ( 1)
 426 H   0.75072 0.01226 0.23295 0.00407 ( 1)
 427 E   0.75282 0.01026 0.23349 0.00344 ( 1)
 428 V   0.75160 0.01141 0.23319 0.00380 ( 1)
 429 R   0.75930 0.00412 0.23514 0.00143 ( 1)
 430 F   0.74392 0.01891 0.23102 0.00615 ( 1)
 431 L   0.74714 0.01575 0.23193 0.00518 ( 1)
 432 A   0.75146 0.01155 0.23315 0.00384 ( 1)
 433 K   0.75132 0.01169 0.23311 0.00388 ( 1)
 434 E   0.75073 0.01225 0.23295 0.00406 ( 1)
 435 N   0.75207 0.01096 0.23332 0.00365 ( 1)
 436 F   0.74130 0.02148 0.23027 0.00695 ( 1)
 437 V   0.75026 0.01271 0.23282 0.00421 ( 1)
 438 I   0.74606 0.01681 0.23164 0.00550 ( 1)
 439 L   0.74711 0.01577 0.23194 0.00518 ( 1)
 440 T   0.75225 0.01079 0.23337 0.00360 ( 1)
 441 I   0.74876 0.01417 0.23240 0.00467 ( 1)
 442 D   0.74810 0.01480 0.23224 0.00486 ( 1)
 443 G   0.74300 0.01981 0.23076 0.00643 ( 1)
 444 D   0.74649 0.01639 0.23176 0.00537 ( 1)
 445 E   0.75361 0.00948 0.23373 0.00318 ( 1)
 446 A   0.74829 0.01463 0.23227 0.00481 ( 1)
 447 S   0.73985 0.02291 0.22984 0.00739 ( 1)
 448 A   0.74955 0.01340 0.23262 0.00443 ( 1)
 449 V   0.75068 0.01230 0.23294 0.00408 ( 1)
 450 R   0.75485 0.00829 0.23406 0.00280 ( 1)
 451 T   0.75219 0.01083 0.23338 0.00360 ( 1)
 452 N   0.75139 0.01162 0.23313 0.00386 ( 1)
 453 S   0.74977 0.01319 0.23268 0.00436 ( 1)
 454 P   0.74568 0.01718 0.23153 0.00561 ( 1)
 455 L   0.75111 0.01189 0.23305 0.00395 ( 1)
 456 Q   0.74055 0.02222 0.23005 0.00718 ( 1)
 457 V   0.75022 0.01275 0.23281 0.00422 ( 1)
 458 K   0.74928 0.01366 0.23255 0.00451 ( 1)
 459 T   0.75225 0.01079 0.23337 0.00360 ( 1)
 460 G   0.75044 0.01254 0.23287 0.00416 ( 1)
 461 E   0.00348 0.74845 0.00108 0.24699 ( 2)
 462 K   0.75132 0.01169 0.23311 0.00388 ( 1)
 463 Y   0.74446 0.01838 0.23118 0.00599 ( 1)
 464 F   0.74130 0.02148 0.23027 0.00695 ( 1)
 465 F   0.74130 0.02148 0.23027 0.00695 ( 1)
 466 G   0.74300 0.01981 0.23076 0.00643 ( 1)
 467 G   0.75580 0.00739 0.23430 0.00250 ( 1)
 468 Y   0.50605 0.25369 0.15710 0.08317 ( 1)
 469 L   0.04036 0.71807 0.01254 0.22903 ( 2)
 470 N   0.75153 0.01148 0.23318 0.00382 ( 1)
 471 Q   0.42600 0.33422 0.13236 0.10741 ( 1)
 472 M   0.75726 0.00601 0.23467 0.00205 ( 1)
 473 N   0.08570 0.66580 0.02659 0.22191 ( 2)
 474 S   0.56148 0.19836 0.17421 0.06595 ( 1)
 475 S   0.74004 0.02272 0.22990 0.00733 ( 1)
 476 S   0.74992 0.01304 0.23273 0.00431 ( 1)
 477 H   0.75228 0.01075 0.23338 0.00358 ( 1)
 478 S   0.74543 0.01742 0.23146 0.00569 ( 1)
 479 V   0.75173 0.01129 0.23323 0.00376 ( 1)
 480 L   0.75125 0.01175 0.23310 0.00390 ( 1)
 481 Q   0.73772 0.02502 0.22922 0.00804 ( 1)
 482 P   0.74584 0.01702 0.23158 0.00556 ( 1)
 483 S   0.74000 0.02276 0.22989 0.00735 ( 1)
 484 F   0.74407 0.01875 0.23107 0.00610 ( 1)
 485 Q   0.74071 0.02207 0.23010 0.00713 ( 1)
 486 G   0.74315 0.01966 0.23081 0.00638 ( 1)
 487 C   0.75088 0.01211 0.23300 0.00402 ( 1)
 488 M   0.75726 0.00601 0.23467 0.00205 ( 1)
 489 Q   0.73772 0.02502 0.22922 0.00804 ( 1)
 490 L   0.74727 0.01562 0.23198 0.00513 ( 1)
 491 I   0.74621 0.01665 0.23169 0.00545 ( 1)
 492 Q   0.74071 0.02207 0.23010 0.00713 ( 1)
 493 V   0.73955 0.02320 0.22976 0.00748 ( 1)
 494 D   0.74654 0.01634 0.23178 0.00535 ( 1)
 495 D   0.74654 0.01634 0.23178 0.00535 ( 1)
