Supplemental results for CODEML (seqf: /home/leticiamagpali/phd/evol_models/codeml/small_dataset/cml_align/OTOF_codon_aligned.phy  treef: /home/leticiamagpali/phd/evol_models/codeml/small_dataset/cml_trees/species_trees/H1a_trees/OTOF_tree_H1a.tre)

I	J	ij	2Ns_IJ	pMut_IJ	pSub_IJ	2Ns_JI	pMut_JI	pSub_JI

TTC	TTT	CT	-0.13225	0.04868	0.04553	0.13225	0.04265	0.04553
TTA	TTT	AT	6.51699	0.00001	0.00007	-6.51699	0.00686	0.00007
TTA	TTC	AC	6.64924	0.00003	0.00022	-6.64924	0.02518	0.00022
TTG	TTT	GT	1.69221	0.00164	0.00341	-1.69221	0.00892	0.00341
TTG	TTC	GC	1.82447	0.00528	0.01149	-1.82447	0.03275	0.01149
TTG	TTA	GA	-4.82478	0.01250	0.00049	4.82478	0.00010	0.00049
TCT	TTT	CT	1.94981	0.00607	0.01380	-1.94981	0.04265	0.01380
TCC	TTC	CT	1.34125	0.04093	0.07433	-1.34125	0.15650	0.07433
TCC	TCT	CT	-0.74081	0.04093	0.02762	0.74081	0.01951	0.02762
TCA	TTA	CT	-4.11542	0.00766	0.00052	4.11542	0.00013	0.00052
TCA	TCT	AT	0.45176	0.00200	0.00248	-0.45176	0.00314	0.00248
TCA	TCC	AC	1.19257	0.00642	0.01100	-1.19257	0.02117	0.01100
TCG	TTG	CT	1.18021	0.00622	0.01060	-1.18021	0.02026	0.01060
TCG	TCT	GT	0.92261	0.00162	0.00248	-0.92261	0.00408	0.00248
TCG	TCC	GC	1.66342	0.00522	0.01071	-1.66342	0.02753	0.01071
TCG	TCA	GA	0.47085	0.01235	0.01548	-0.47085	0.01978	0.01548
TAT	TTT	AT	1.25430	0.00196	0.00344	-1.25430	0.00686	0.00344
TAT	TCT	AC	-0.69551	0.00629	0.00436	0.69551	0.00314	0.00436
TAC	TTC	AT	0.85100	0.01075	0.01597	-0.85100	0.02518	0.01597
TAC	TCC	AC	-0.49025	0.03456	0.02678	0.49025	0.02117	0.02678
TAC	TAT	CT	-0.53555	0.04124	0.03118	0.53555	0.02414	0.03118
TGT	TTT	GT	2.37309	0.00083	0.00218	-2.37309	0.00892	0.00218
TGT	TCT	GC	0.42328	0.00267	0.00328	-0.42328	0.00408	0.00328
TGT	TAT	GA	1.11879	0.00633	0.01052	-1.11879	0.01937	0.01052
TGC	TTC	GT	1.97282	0.00455	0.01044	-1.97282	0.03275	0.01044
TGC	TCC	GC	0.63157	0.01464	0.01975	-0.63157	0.02753	0.01975
TGC	TAC	GA	1.12182	0.03466	0.05766	-1.12182	0.10641	0.05766
TGC	TGT	CT	-0.53252	0.01747	0.01323	0.53252	0.01026	0.01323
TGG	TTG	GT	-0.43527	0.00655	0.00523	0.43527	0.00424	0.00523
TGG	TCG	GC	-1.61548	0.02106	0.00844	1.61548	0.00419	0.00844
TGG	TGT	GT	-1.11615	0.00655	0.00356	1.11615	0.00215	0.00356
TGG	TGC	GC	-0.58363	0.02106	0.01551	0.58363	0.01175	0.01551
CTT	TTT	CT	2.37469	0.00397	0.01039	-2.37469	0.04265	0.01039
CTC	TTC	CT	1.41704	0.03794	0.07097	-1.41704	0.15650	0.07097
CTC	CTT	CT	-1.08990	0.03794	0.02095	1.08990	0.01276	0.02095
CTA	TTA	CT	-3.16295	0.00296	0.00041	3.16295	0.00013	0.00041
CTA	CTT	AT	0.97935	0.00077	0.00121	-0.97935	0.00205	0.00121
CTA	CTC	AC	2.06925	0.00248	0.00587	-2.06925	0.01962	0.00587
CTG	TTG	CT	-1.49135	0.09003	0.03899	1.49135	0.02026	0.03899
CTG	CTT	GT	-2.17383	0.02347	0.00655	2.17383	0.00267	0.00655
CTG	CTC	GC	-1.08393	0.07545	0.04181	1.08393	0.02552	0.04181
CTG	CTA	GA	-3.15318	0.17861	0.02513	3.15318	0.00763	0.02513
CCT	TCT	CT	0.21129	0.01580	0.01752	-0.21129	0.01951	0.01752
CCT	CTT	CT	-0.21360	0.01580	0.01417	0.21360	0.01276	0.01417
CCC	TCC	CT	0.88487	0.05431	0.08184	-0.88487	0.13158	0.08184
CCC	CTC	CT	0.80907	0.05431	0.07921	-0.80907	0.12197	0.07921
CCC	CCT	CT	-0.06723	0.05431	0.05251	0.06723	0.05078	0.05251
CCA	TCA	CT	0.79150	0.01117	0.01616	-0.79150	0.02464	0.01616
CCA	CTA	CT	-0.16097	0.01117	0.01029	0.16097	0.00951	0.01029
CCA	CCT	AT	1.03198	0.00291	0.00467	-1.03198	0.00817	0.00467
CCA	CCC	AC	1.09921	0.00936	0.01543	-1.09921	0.02809	0.01543
CCG	TCG	CT	0.39941	0.01342	0.01628	-0.39941	0.02001	0.01628
CCG	CTG	CT	3.07097	0.01342	0.04322	-3.07097	0.28942	0.04322
CCG	CCT	GT	1.11074	0.00350	0.00580	-1.11074	0.01063	0.00580
CCG	CCC	GC	1.17797	0.01125	0.01915	-1.17797	0.03654	0.01915
CCG	CCA	GA	0.07876	0.02663	0.02769	-0.07876	0.02881	0.02769
CAT	TAT	CT	2.62381	0.00175	0.00495	-2.62381	0.02414	0.00495
CAT	CTT	AT	1.50342	0.00046	0.00088	-1.50342	0.00205	0.00088
CAT	CCT	AC	1.71702	0.00147	0.00307	-1.71702	0.00817	0.00307
CAC	TAC	CT	1.82571	0.02136	0.04648	-1.82571	0.13258	0.04648
CAC	CTC	AT	1.25967	0.00557	0.00979	-1.25967	0.01962	0.00979
CAC	CCC	AC	0.45059	0.01790	0.02224	-0.45059	0.02809	0.02224
CAC	CAT	CT	-1.33365	0.02136	0.01019	1.33365	0.00563	0.01019
CAA	CTA	AT	0.46197	0.00096	0.00120	-0.46197	0.00153	0.00120
CAA	CCA	AC	0.62293	0.00310	0.00416	-0.62293	0.00578	0.00416
CAA	CAT	AT	-0.06211	0.00096	0.00093	0.06211	0.00091	0.00093
CAA	CAC	AC	1.27155	0.00310	0.00547	-1.27155	0.01105	0.00547
CAG	CTG	AT	1.41434	0.01132	0.02115	-1.41434	0.04656	0.02115
CAG	CCG	AC	-1.65664	0.03639	0.01421	1.65664	0.00694	0.01421
CAG	CAT	GT	-2.26292	0.01132	0.00297	2.26292	0.00118	0.00297
CAG	CAC	GC	-0.92926	0.03639	0.02206	0.92926	0.01437	0.02206
CAG	CAA	GA	-2.20081	0.08614	0.02360	2.20081	0.00954	0.02360
CGT	TGT	CT	1.08587	0.00346	0.00568	-1.08587	0.01026	0.00568
CGT	CTT	GT	1.08426	0.00090	0.00148	-1.08426	0.00267	0.00148
CGT	CCT	GC	1.29786	0.00290	0.00518	-1.29786	0.01063	0.00518
CGT	CAT	GA	-0.41915	0.00687	0.00553	0.41915	0.00452	0.00553
CGC	TGC	CT	0.66008	0.02902	0.03965	-0.66008	0.05616	0.03965
CGC	CTC	GT	1.21586	0.00757	0.01308	-1.21586	0.02552	0.01308
CGC	CCC	GC	0.40679	0.02433	0.02961	-0.40679	0.03654	0.02961
CGC	CAC	GA	-0.04381	0.05758	0.05633	0.04381	0.05511	0.05633
CGC	CGT	CT	-0.95831	0.02902	0.01730	0.95831	0.01113	0.01730
CGA	CTA	GT	0.45838	0.00126	0.00157	-0.45838	0.00199	0.00157
CGA	CCA	GC	0.61935	0.00404	0.00542	-0.61935	0.00751	0.00542
CGA	CAA	GA	-0.00359	0.00957	0.00955	0.00359	0.00954	0.00955
CGA	CGT	AT	0.35346	0.00126	0.00149	-0.35346	0.00179	0.00149
CGA	CGC	AC	1.31177	0.00404	0.00726	-1.31177	0.01501	0.00726
CGG	TGG	CT	0.80879	0.03599	0.05248	-0.80879	0.08080	0.05248
CGG	CTG	GT	1.86487	0.00938	0.02070	-1.86487	0.06056	0.02070
CGG	CCG	GC	-1.20610	0.03016	0.01554	1.20610	0.00903	0.01554
CGG	CAG	GA	0.45053	0.07140	0.08868	-0.45053	0.11203	0.08868
CGG	CGT	GT	-1.39323	0.00938	0.00432	1.39323	0.00233	0.00432
CGG	CGC	GC	-0.43492	0.03016	0.02408	0.43492	0.01952	0.02408
CGG	CGA	GA	-1.74669	0.07140	0.02633	1.74669	0.01245	0.02633
ATT	TTT	AT	0.63926	0.00362	0.00490	-0.63926	0.00686	0.00490
ATT	CTT	AC	-1.73544	0.01164	0.00432	1.73544	0.00205	0.00432
ATC	TTC	AT	0.53199	0.01479	0.01907	-0.53199	0.02518	0.01907
ATC	CTC	AC	-0.88506	0.04755	0.02957	0.88506	0.01962	0.02957
ATC	ATT	CT	-0.23952	0.05674	0.05021	0.23952	0.04465	0.05021
ATA	TTA	AT	-3.65870	0.00078	0.00008	3.65870	0.00002	0.00008
ATA	CTA	AC	-0.49575	0.00251	0.00194	0.49575	0.00153	0.00194
ATA	ATT	AT	2.21904	0.00078	0.00194	-2.21904	0.00718	0.00194
ATA	ATC	AC	2.45856	0.00251	0.00675	-2.45856	0.02935	0.00675
ATG	TTG	AT	-1.15191	0.01032	0.00549	1.15191	0.00326	0.00549
ATG	CTG	AC	0.33945	0.03316	0.03911	-0.33945	0.04656	0.03911
ATG	ATT	GT	-0.09895	0.01032	0.00981	0.09895	0.00934	0.00981
ATG	ATC	GC	0.14057	0.03316	0.03555	-0.14057	0.03817	0.03555
ATG	ATA	GA	-2.31799	0.07850	0.01987	2.31799	0.00773	0.01987
ACT	TCT	AT	0.44670	0.00201	0.00249	-0.44670	0.00314	0.00249
ACT	CCT	AC	0.23541	0.00646	0.00725	-0.23541	0.00817	0.00725
ACT	ATT	CT	1.75725	0.00770	0.01636	-1.75725	0.04465	0.01636
ACC	TCC	AT	1.05326	0.00738	0.01194	-1.05326	0.02117	0.01194
ACC	CCC	AC	0.16839	0.02374	0.02579	-0.16839	0.02809	0.02579
ACC	ATC	CT	1.86252	0.02832	0.06245	-1.86252	0.18240	0.06245
ACC	ACT	CT	-0.13425	0.02832	0.02646	0.13425	0.02476	0.02646
ACA	TCA	AT	0.35518	0.00278	0.00330	-0.35518	0.00396	0.00330
ACA	CCA	AC	-0.43632	0.00893	0.00713	0.43632	0.00578	0.00713
ACA	ATA	CT	-0.10154	0.01066	0.01013	0.10154	0.00963	0.01013
ACA	ACT	AT	0.36025	0.00278	0.00331	-0.36025	0.00398	0.00331
ACA	ACC	AC	0.49450	0.00893	0.01132	-0.49450	0.01465	0.01132
ACG	TCG	AT	-0.50121	0.00531	0.00409	0.50121	0.00322	0.00409
ACG	CCG	AC	-0.90062	0.01709	0.01053	0.90062	0.00694	0.01053
ACG	ATG	CT	1.83090	0.02039	0.04445	-1.83090	0.12720	0.04445
ACG	ACT	GT	-0.02530	0.00531	0.00525	0.02530	0.00518	0.00525
ACG	ACC	GC	0.10895	0.01709	0.01803	-0.10895	0.01905	0.01803
ACG	ACA	GA	-0.38554	0.04045	0.03315	0.38554	0.02751	0.03315
AAT	TAT	AT	0.38712	0.00264	0.00318	-0.38712	0.00388	0.00318
AAT	CAT	AC	-2.23669	0.00848	0.00227	2.23669	0.00091	0.00227
AAT	ATT	AT	1.00216	0.00264	0.00418	-1.00216	0.00718	0.00418
AAT	ACT	AC	-0.75509	0.00848	0.00568	0.75509	0.00398	0.00568
AAC	TAC	AT	0.66180	0.01100	0.01505	-0.66180	0.02133	0.01505
AAC	CAC	AC	-1.16391	0.03538	0.01870	1.16391	0.01105	0.01870
AAC	ATC	AT	0.98081	0.01100	0.01727	-0.98081	0.02935	0.01727
AAC	ACC	AC	-0.88171	0.03538	0.02204	0.88171	0.01465	0.02204
AAC	AAT	CT	-0.26087	0.04221	0.03694	0.26087	0.03252	0.03694
AAA	CAA	AC	-1.68454	0.01030	0.00395	1.68454	0.00191	0.00395
AAA	ATA	AT	-0.72683	0.00321	0.00218	0.72683	0.00155	0.00218
AAA	ACA	AC	-0.62529	0.01030	0.00742	0.62529	0.00551	0.00742
AAA	AAT	AT	0.49005	0.00321	0.00405	-0.49005	0.00523	0.00405
AAA	AAC	AC	0.75092	0.01030	0.01465	-0.75092	0.02183	0.01465
AAG	CAG	AC	-1.14719	0.07073	0.03775	1.14719	0.02246	0.03775
AAG	ATG	AT	-0.07230	0.02200	0.02121	0.07230	0.02047	0.02121
AAG	ACG	AC	-1.90320	0.07073	0.02358	1.90320	0.01054	0.02358
AAG	AAT	GT	-1.17341	0.02200	0.01156	1.17341	0.00680	0.01156
AAG	AAC	GC	-0.91254	0.07073	0.04330	0.91254	0.02840	0.04330
AAG	AAA	GA	-1.66346	0.16742	0.06511	1.66346	0.03172	0.06511
AGT	TGT	AT	0.02923	0.00160	0.00163	-0.02923	0.00165	0.00163
AGT	CGT	AC	-1.05663	0.00515	0.00290	1.05663	0.00179	0.00290
AGT	ATT	GT	1.76307	0.00160	0.00341	-1.76307	0.00934	0.00341
AGT	ACT	GC	0.00582	0.00515	0.00517	-0.00582	0.00518	0.00517
AGT	AAT	GA	0.76091	0.01220	0.01742	-0.76091	0.02610	0.01742
AGC	TGC	AT	0.23678	0.00713	0.00801	-0.23678	0.00904	0.00801
AGC	CGC	AC	-0.42331	0.02292	0.01841	0.42331	0.01501	0.01841
AGC	ATC	GT	1.67761	0.00713	0.01471	-1.67761	0.03817	0.01471
AGC	ACC	GC	-0.18491	0.02292	0.02087	0.18491	0.01905	0.02087
AGC	AAC	GA	0.69680	0.05426	0.07534	-0.69680	0.10892	0.07534
AGC	AGT	CT	-0.32498	0.02735	0.02315	0.32498	0.01976	0.02315
AGA	CGA	AC	1.20211	0.00075	0.00129	-1.20211	0.00250	0.00129
AGA	ATA	GT	2.15624	0.00023	0.00057	-2.15624	0.00202	0.00057
AGA	ACA	GC	2.25778	0.00075	0.00189	-2.25778	0.00717	0.00189
AGA	AAA	GA	2.88307	0.00178	0.00542	-2.88307	0.03172	0.00542
AGA	AGT	AT	2.61221	0.00023	0.00066	-2.61221	0.00318	0.00066
AGA	AGC	AC	2.93719	0.00075	0.00233	-2.93719	0.01415	0.00233
AGG	TGG	AT	3.44234	0.00042	0.00148	-3.44234	0.01300	0.00148
AGG	CGG	AC	2.63355	0.00134	0.00379	-2.63355	0.01861	0.00379
AGG	ATG	GT	4.15897	0.00042	0.00176	-4.15897	0.02662	0.00176
AGG	ACG	GC	2.32806	0.00134	0.00345	-2.32806	0.01371	0.00345
AGG	AAG	GA	4.23127	0.00316	0.01359	-4.23127	0.21774	0.01359
AGG	AGT	GT	2.29695	0.00042	0.00106	-2.29695	0.00414	0.00106
AGG	AGC	GC	2.62193	0.00134	0.00378	-2.62193	0.01840	0.00378
AGG	AGA	GA	-0.31526	0.00316	0.00269	0.31526	0.00231	0.00269
GTT	TTT	GT	3.94660	0.00017	0.00069	-3.94660	0.00892	0.00069
GTT	CTT	GC	1.57190	0.00055	0.00110	-1.57190	0.00267	0.00110
GTT	ATT	GA	3.30734	0.00131	0.00450	-3.30734	0.03584	0.00450
GTC	TTC	GT	1.27280	0.00917	0.01621	-1.27280	0.03275	0.01621
GTC	CTC	GC	-0.14425	0.02948	0.02741	0.14425	0.02552	0.02741
GTC	ATC	GA	0.74081	0.06979	0.09881	-0.74081	0.14640	0.09881
GTC	GTT	CT	-2.80605	0.03518	0.00635	2.80605	0.00213	0.00635
GTA	TTA	GT	-4.19374	0.00173	0.00011	4.19374	0.00003	0.00011
GTA	CTA	GC	-1.03078	0.00558	0.00319	1.03078	0.00199	0.00319
GTA	ATA	GA	-0.53504	0.01320	0.00998	0.53504	0.00773	0.00998
GTA	GTT	AT	-1.62334	0.00173	0.00069	1.62334	0.00034	0.00069
GTA	GTC	AC	1.18271	0.00558	0.00951	-1.18271	0.01820	0.00951
GTG	TTG	GT	-1.42841	0.01769	0.00797	1.42841	0.00424	0.00797
GTG	CTG	GC	0.06294	0.05687	0.05868	-0.06294	0.06056	0.05868
GTG	ATG	GA	-0.27650	0.13461	0.11686	0.27650	0.10209	0.11686
GTG	GTT	GT	-3.68279	0.01769	0.00168	3.68279	0.00044	0.00168
GTG	GTC	GC	-0.87674	0.05687	0.03554	0.87674	0.02366	0.03554
GTG	GTA	GA	-2.05945	0.13461	0.04052	2.05945	0.01717	0.04052
GCT	TCT	GT	0.63649	0.00216	0.00292	-0.63649	0.00408	0.00292
GCT	CCT	GC	0.42521	0.00695	0.00853	-0.42521	0.01063	0.00853
GCT	ACT	GA	0.18979	0.01644	0.01805	-0.18979	0.01988	0.01805
GCT	GTT	CT	-1.36030	0.00829	0.00389	1.36030	0.00213	0.00389
GCC	TCC	GT	0.73395	0.01322	0.01865	-0.73395	0.02753	0.01865
GCC	CCC	GC	-0.15091	0.04249	0.03936	0.15091	0.03654	0.03936
GCC	ACC	GA	-0.31930	0.10057	0.08537	0.31930	0.07308	0.08537
GCC	GTC	CT	0.80241	0.05069	0.07372	-0.80241	0.11309	0.07372
GCC	GCT	CT	-0.64335	0.05069	0.03612	0.64335	0.02664	0.03612
GCA	TCA	GT	1.05498	0.00180	0.00291	-1.05498	0.00516	0.00291
GCA	CCA	GC	0.26348	0.00577	0.00657	-0.26348	0.00751	0.00657
GCA	ACA	GA	0.69980	0.01366	0.01900	-0.69980	0.02751	0.01900
GCA	GTA	CT	1.13330	0.00689	0.01151	-1.13330	0.02139	0.01151
GCA	GCT	AT	0.87025	0.00180	0.00269	-0.87025	0.00429	0.00269
GCA	GCC	AC	1.51360	0.00577	0.01120	-1.51360	0.02622	0.01120
GCG	TCG	GT	0.51371	0.00251	0.00320	-0.51371	0.00419	0.00320
GCG	CCG	GC	0.11430	0.00805	0.00852	-0.11430	0.00903	0.00852
GCG	ACG	GA	1.01492	0.01906	0.03035	-1.01492	0.05260	0.03035
GCG	GTG	CT	3.12233	0.00961	0.03139	-3.12233	0.21813	0.03139
GCG	GCT	GT	0.79983	0.00251	0.00364	-0.79983	0.00557	0.00364
GCG	GCC	GC	1.44318	0.00805	0.01522	-1.44318	0.03410	0.01522
GCG	GCA	GA	-0.07042	0.01906	0.01840	0.07042	0.01777	0.01840
GAT	TAT	GT	-0.14896	0.00586	0.00544	0.14896	0.00505	0.00544
GAT	CAT	GC	-2.77277	0.01885	0.00348	2.77277	0.00118	0.00348
GAT	AAT	GA	-0.53607	0.04461	0.03372	0.53607	0.02610	0.03372
GAT	GTT	AT	-2.84125	0.00586	0.00103	2.84125	0.00034	0.00103
GAT	GCT	AC	-1.48096	0.01885	0.00822	1.48096	0.00429	0.00822
GAC	TAC	GT	0.12657	0.02444	0.02602	-0.12657	0.02774	0.02602
GAC	CAC	GC	-1.69914	0.07858	0.02988	1.69914	0.01437	0.02988
GAC	AAC	GA	-0.53523	0.18602	0.14066	0.53523	0.10892	0.14066
GAC	GTC	AT	-0.29523	0.02444	0.02101	0.29523	0.01820	0.02101
GAC	GCC	AC	-1.09763	0.07858	0.04319	1.09763	0.02622	0.04319
GAC	GAT	CT	-0.26003	0.09376	0.08210	0.26003	0.07229	0.08210
GAA	CAA	GC	-2.00810	0.01852	0.00577	2.00810	0.00249	0.00577
GAA	AAA	GA	-0.32356	0.04384	0.03713	0.32356	0.03172	0.03713
GAA	GTA	AT	-0.51535	0.00576	0.00440	0.51535	0.00344	0.00440
GAA	GCA	AC	-1.64865	0.01852	0.00727	1.64865	0.00356	0.00727
GAA	GAT	AT	0.70256	0.00576	0.00802	-0.70256	0.01163	0.00802
GAA	GAC	AC	0.96259	0.01852	0.02884	-0.96259	0.04850	0.02884
GAG	CAG	GC	-1.07328	0.08543	0.04763	1.07328	0.02921	0.04763
GAG	AAG	GA	0.07391	0.20223	0.20979	-0.07391	0.21774	0.20979
GAG	GTG	AT	0.27812	0.02657	0.03044	-0.27812	0.03509	0.03044
GAG	GCG	AC	-2.84422	0.08543	0.01501	2.84422	0.00497	0.01501
GAG	GAT	GT	-0.56343	0.02657	0.01979	0.56343	0.01513	0.01979
GAG	GAC	GC	-0.30340	0.08543	0.07313	0.30340	0.06307	0.07313
GAG	GAA	GA	-1.26599	0.20223	0.10053	1.26599	0.05702	0.10053
GGT	TGT	GT	0.74948	0.00101	0.00144	-0.74948	0.00215	0.00144
GGT	CGT	GC	-0.33639	0.00326	0.00274	0.33639	0.00233	0.00274
GGT	AGT	GA	0.72024	0.00772	0.01083	-0.72024	0.01586	0.01083
GGT	GTT	GT	-0.82403	0.00101	0.00065	0.82403	0.00044	0.00065
GGT	GCT	GC	0.53627	0.00326	0.00421	-0.53627	0.00557	0.00421
GGT	GAT	GA	2.01722	0.00772	0.01796	-2.01722	0.05802	0.01796
GGC	TGC	GT	-0.25760	0.01520	0.01333	0.25760	0.01175	0.01333
GGC	CGC	GC	-0.91768	0.04888	0.02983	0.91768	0.01952	0.02983
GGC	AGC	GA	-0.49438	0.11570	0.08945	0.49438	0.07057	0.08945
GGC	GTC	GT	0.44242	0.01520	0.01881	-0.44242	0.02366	0.01881
GGC	GCC	GC	-0.35998	0.04888	0.04061	0.35998	0.03410	0.04061
GGC	GAC	GA	0.73765	0.11570	0.16358	-0.73765	0.24193	0.16358
GGC	GGT	CT	-1.53960	0.05832	0.02451	1.53960	0.01251	0.02451
GGA	CGA	GC	-0.41685	0.00492	0.00397	0.41685	0.00325	0.00397
GGA	AGA	GA	-1.61897	0.01166	0.00466	1.61897	0.00231	0.00466
GGA	GTA	GT	1.07231	0.00153	0.00250	-1.07231	0.00448	0.00250
GGA	GCA	GC	-0.06098	0.00492	0.00478	0.06098	0.00463	0.00478
GGA	GAA	GA	1.58766	0.01166	0.02326	-1.58766	0.05702	0.02326
GGA	GGT	AT	0.27300	0.00153	0.00175	-0.27300	0.00201	0.00175
GGA	GGC	AC	1.81260	0.00492	0.01067	-1.81260	0.03016	0.01067
GGG	TGG	GT	0.76200	0.00789	0.01128	-0.76200	0.01691	0.01128
GGG	CGG	GC	-0.04679	0.02537	0.02478	0.04679	0.02421	0.02478
GGG	AGG	GA	-2.68034	0.06005	0.01184	2.68034	0.00412	0.01184
GGG	GTG	GT	1.75514	0.00789	0.01674	-1.75514	0.04564	0.01674
GGG	GCG	GC	-1.36719	0.02537	0.01186	1.36719	0.00646	0.01186
GGG	GAG	GA	1.47702	0.06005	0.11494	-1.47702	0.26302	0.11494
GGG	GGT	GT	-1.10363	0.00789	0.00432	1.10363	0.00262	0.00432
GGG	GGC	GC	0.43597	0.02537	0.03130	-0.43597	0.03923	0.03130
GGG	GGA	GA	-1.37663	0.06005	0.02791	1.37663	0.01516	0.02791


Histograms
2Ns	FMut	FSub(CodonUsage)	FSubw(after w)

-6.33261	0.00231	0.00003
-5.69935	0.00000	0.00000
-5.06609	0.00090	0.00004
-4.43283	0.01777	0.00142
-3.79957	0.00253	0.00027
-3.16631	0.05658	0.01047
-2.53304	0.03473	0.00953
-1.89978	0.12434	0.05530
-1.26652	0.16582	0.10538
-0.63326	0.21647	0.19746
0.00000	0.18961	0.24017
0.63326	0.11595	0.19746
1.26652	0.04738	0.10538
1.89978	0.02002	0.05530
2.53304	0.00273	0.00953
3.16631	0.00253	0.01047
3.79957	0.00006	0.00027
4.43283	0.00026	0.00142
5.06609	0.00001	0.00004
5.69935	0.00000	0.00000
6.33261	0.00000	0.00003

Proportion of advantageous (S > 0) mutations:
 0.27620

Proportions of good & bad mutations (|S| > 2.0000) among mutations:
0.00864  0.13955

mean |Ns| = 1.15888	mean Ns+ = 0.70630	mean Ns- = -1.33158


MLEs of dN/dS (w) for site classes (K=4)

site class             0        1       2a       2b
proportion       0.31422  0.03008  0.59840  0.05729
background w     0.07446  2.04539  0.07446  2.04539
foreground w     0.07446  2.04539  0.00000  0.00000

Naive Empirical Bayes (NEB) probabilities for 4 classes
(amino acids refer to 1st sequence: Bbon)

   1 L   0.32480 0.01842 0.61976 0.03702 ( 3)
   2 I   0.33337 0.00908 0.63788 0.01967 ( 3)
   3 G   0.33590 0.00630 0.64362 0.01418 ( 3)
   4 T   0.33845 0.00356 0.64960 0.00839 ( 3)
   5 F   0.33324 0.00934 0.63739 0.02003 ( 3)
   6 R   0.33666 0.00559 0.64515 0.01260 ( 3)
   7 M   0.00004 0.30155 0.00007 0.69834 ( 4)
   8 V   0.33091 0.01176 0.63255 0.02478 ( 3)
   9 L   0.32480 0.01842 0.61976 0.03702 ( 3)
  10 Q   0.33440 0.00796 0.64016 0.01748 ( 3)
  11 K   0.17634 0.15537 0.33721 0.33108 ( 3)
  12 V   0.33091 0.01176 0.63255 0.02478 ( 3)
  13 V   0.33091 0.01176 0.63255 0.02478 ( 3)
  14 E   0.33358 0.00884 0.63837 0.01921 ( 3)
  15 E   0.33358 0.00884 0.63837 0.01921 ( 3)
  16 G   0.00268 0.31691 0.00512 0.67529 ( 4)
  17 H   0.03617 0.25752 0.06955 0.63676 ( 4)
  18 V   0.33091 0.01176 0.63255 0.02478 ( 3)
  19 E   0.33361 0.00882 0.63841 0.01916 ( 3)
  20 V   0.33091 0.01176 0.63255 0.02478 ( 3)
  21 T   0.33779 0.00413 0.64834 0.00974 ( 3)
  22 D   0.33472 0.00760 0.64091 0.01677 ( 3)
  23 M   0.33726 0.00478 0.64691 0.01106 ( 3)
  24 L   0.32480 0.01842 0.61976 0.03702 ( 3)
  25 I   0.33056 0.01227 0.63161 0.02556 ( 3)
  26 D   0.33472 0.00760 0.64091 0.01677 ( 3)
  27 D   0.33472 0.00760 0.64091 0.01677 ( 3)
  28 N   0.33799 0.00392 0.64882 0.00927 ( 3)
  29 N   0.24693 0.08308 0.47397 0.19603 ( 3)
  30 A   0.33940 0.00218 0.65293 0.00548 ( 3)
  31 I   0.33337 0.00908 0.63788 0.01967 ( 3)
  32 I   0.33303 0.00939 0.63724 0.02034 ( 3)
  33 Q   0.00002 0.31286 0.00005 0.68707 ( 4)
  34 T   0.33878 0.00364 0.64932 0.00826 ( 3)
  35 S   0.33913 0.00324 0.65022 0.00742 ( 3)
  36 L   0.32545 0.01798 0.62079 0.03577 ( 3)
  37 C   0.33972 0.00253 0.65182 0.00592 ( 3)
  38 V   0.33218 0.01084 0.63455 0.02243 ( 3)
  39 E   0.33488 0.00796 0.64029 0.01687 ( 3)
  40 V   0.33832 0.00423 0.64803 0.00943 ( 3)
  41 R   0.33605 0.00671 0.64283 0.01442 ( 3)
  42 Y   0.33320 0.00976 0.63668 0.02036 ( 3)
  43 Q   0.33569 0.00710 0.64203 0.01519 ( 3)
  44 A   0.21774 0.11555 0.41663 0.25008 ( 3)
  45 T   0.33398 0.00892 0.63835 0.01875 ( 3)
  46 D   0.33223 0.01064 0.63489 0.02223 ( 3)
  47 G   0.33685 0.00584 0.64462 0.01268 ( 3)
  48 T   0.02150 0.29718 0.04114 0.64018 ( 4)
  49 V   0.33218 0.01084 0.63455 0.02243 ( 3)
  50 G   0.33680 0.00589 0.64451 0.01279 ( 3)
  51 S   0.33621 0.00653 0.64318 0.01407 ( 3)
  52 W   0.33233 0.01068 0.63485 0.02214 ( 3)
  53 D   0.01416 0.31027 0.02705 0.64852 ( 4)
  54 D   0.33376 0.00920 0.63780 0.01924 ( 3)
  55 G   0.01546 0.37169 0.02913 0.58372 ( 4)
  56 D   0.33601 0.00675 0.64275 0.01449 ( 3)
  57 F   0.33381 0.00911 0.63798 0.01911 ( 3)
  58 L   0.32577 0.01767 0.62139 0.03517 ( 3)
  59 G   0.33716 0.00551 0.64532 0.01202 ( 3)
  60 D   0.33340 0.00954 0.63712 0.01994 ( 3)
  61 E   0.33488 0.00796 0.64029 0.01687 ( 3)
  62 S   0.20539 0.12854 0.39273 0.27335 ( 3)
  63 L   0.33914 0.00330 0.65006 0.00750 ( 3)
  64 H   0.34018 0.00205 0.65294 0.00483 ( 3)
  65 E   0.33488 0.00796 0.64029 0.01687 ( 3)
  66 E   0.33520 0.00761 0.64100 0.01619 ( 3)
  67 E   0.33488 0.00796 0.64029 0.01687 ( 3)
  68 K   0.33326 0.00969 0.63682 0.02023 ( 3)
  69 D   0.33601 0.00675 0.64275 0.01449 ( 3)
  70 S   0.33939 0.00301 0.65072 0.00688 ( 3)
  71 Q   0.33569 0.00710 0.64203 0.01519 ( 3)
  72 E   0.33486 0.00798 0.64024 0.01692 ( 3)
  73 T   0.33406 0.00885 0.63850 0.01860 ( 3)
  74 D   0.33340 0.00954 0.63712 0.01994 ( 3)
  75 G   0.33716 0.00551 0.64532 0.01202 ( 3)
  76 L   0.32577 0.01767 0.62139 0.03517 ( 3)
  77 L   0.33679 0.00591 0.64448 0.01283 ( 3)
  78 P   0.33133 0.01176 0.63275 0.02416 ( 3)
  79 G   0.02191 0.29521 0.04192 0.64096 ( 4)
  80 S   0.33621 0.00653 0.64318 0.01407 ( 3)
  81 R   0.33730 0.00535 0.64566 0.01170 ( 3)
  82 P   0.01605 0.30488 0.03069 0.64837 ( 4)
  83 S   0.33800 0.00457 0.64729 0.01013 ( 3)
  84 S   0.24577 0.08772 0.47077 0.19574 ( 3)
  85 R   0.33567 0.00706 0.64211 0.01517 ( 3)
  86 P   0.00341 0.99176 0.00000 0.00483 ( 2)
  87 P   0.33879 0.00363 0.64934 0.00824 ( 3)
  88 G   0.33643 0.00623 0.64382 0.01352 ( 3)
  89 E   0.33364 0.00911 0.63792 0.01932 ( 3)
  90 K   0.33128 0.01156 0.63303 0.02413 ( 3)
  91 S   0.33846 0.00552 0.64522 0.01080 ( 3)
  92 F   0.33159 0.01248 0.63182 0.02411 ( 3)
  93 R   0.33396 0.01008 0.63641 0.01955 ( 3)
  94 E   0.33489 0.00758 0.64099 0.01654 ( 3)
  95 P   0.33864 0.00339 0.64997 0.00800 ( 3)
  96 A   0.33817 0.00393 0.64875 0.00914 ( 3)
  97 V   0.33405 0.00850 0.63911 0.01834 ( 3)
  98 L   0.32556 0.01769 0.62122 0.03554 ( 3)
  99 E   0.33454 0.00797 0.64019 0.01730 ( 3)
 100 M   0.33804 0.00408 0.64842 0.00946 ( 3)
 101 E   0.01652 0.30105 0.03161 0.65082 ( 4)
 102 N   0.21017 0.12082 0.40242 0.26659 ( 3)
 103 L   0.24007 0.08893 0.46082 0.21017 ( 3)
 104 D   0.33564 0.00676 0.64269 0.01491 ( 3)
 105 R   0.33691 0.00536 0.64563 0.01210 ( 3)
 106 L   0.32606 0.01720 0.62218 0.03456 ( 3)
 107 A   0.33619 0.00616 0.64393 0.01372 ( 3)
 108 I   0.01046 0.32102 0.01996 0.64857 ( 4)
 109 R   0.33568 0.00672 0.64276 0.01484 ( 3)
 110 L   0.32556 0.01769 0.62122 0.03554 ( 3)
 111 G   0.00083 0.30017 0.00159 0.69741 ( 4)
 112 D   0.33312 0.00951 0.63707 0.02030 ( 3)
 113 G   0.33678 0.00551 0.64531 0.01239 ( 3)
 114 L   0.13627 0.19833 0.26018 0.40522 ( 4)
 115 D   0.33308 0.00955 0.63699 0.02038 ( 3)
 116 P   0.33091 0.01190 0.63233 0.02486 ( 3)
 117 D   0.33564 0.00676 0.64269 0.01491 ( 3)
 118 S   0.33593 0.00647 0.64328 0.01432 ( 3)
 119 M   0.18547 0.14802 0.35453 0.31198 ( 3)
 120 S   0.33037 0.01263 0.63098 0.02602 ( 3)
 121 L   0.33639 0.00591 0.64446 0.01324 ( 3)
 122 A   0.33553 0.00689 0.64241 0.01518 ( 3)
 123 S   0.33592 0.00647 0.64328 0.01433 ( 3)
 124 V   0.33790 0.00425 0.64806 0.00980 ( 3)
 125 T   0.33365 0.00894 0.63822 0.01919 ( 3)
 126 A   0.33553 0.00689 0.64241 0.01518 ( 3)
 127 L   0.33640 0.00593 0.64442 0.01325 ( 3)
 128 T   0.33862 0.00341 0.64994 0.00803 ( 3)
 129 T   0.33862 0.00341 0.64994 0.00803 ( 3)
 130 N   0.33872 0.00329 0.65021 0.00778 ( 3)
 131 V   0.08296 0.79647 0.00954 0.11102 ( 2)
 132 S   0.33584 0.00655 0.64311 0.01450 ( 3)
 133 N   0.33873 0.00328 0.65024 0.00775 ( 3)
 134 K   0.33294 0.00970 0.63668 0.02068 ( 3)
 135 R   0.33194 0.01065 0.63475 0.02267 ( 3)
 136 S   0.33485 0.00729 0.64152 0.01634 ( 3)
 137 K   0.33197 0.01061 0.63483 0.02259 ( 3)
 138 P   0.33240 0.01015 0.63575 0.02170 ( 3)
 139 D   0.33472 0.00761 0.64091 0.01676 ( 3)
 140 I   0.32968 0.01311 0.62992 0.02730 ( 3)
 141 K   0.33197 0.01061 0.63483 0.02259 ( 3)
 142 M   0.33725 0.00478 0.64690 0.01106 ( 3)
 143 E   0.33358 0.00885 0.63837 0.01920 ( 3)
 144 P   0.33240 0.01015 0.63575 0.02170 ( 3)
 145 S   0.33677 0.00532 0.64572 0.01218 ( 3)
 146 A   0.33528 0.00698 0.64220 0.01554 ( 3)
 147 G   0.33575 0.00644 0.64333 0.01448 ( 3)
 148 R   0.33456 0.00775 0.64061 0.01709 ( 3)
 149 P   0.33364 0.00876 0.63854 0.01907 ( 3)
 150 M   0.33708 0.00493 0.64657 0.01141 ( 3)
 151 D   0.01294 0.30725 0.02475 0.65506 ( 4)
 152 Y   0.18183 0.14953 0.34782 0.32081 ( 3)
 153 Q   0.20007 0.13051 0.38301 0.28641 ( 3)
 154 V   0.33905 0.00323 0.65026 0.00746 ( 3)
 155 S   0.33990 0.00219 0.65268 0.00523 ( 3)
 156 V   0.01807 0.29926 0.03457 0.64811 ( 4)
 157 T   0.33718 0.00533 0.64569 0.01180 ( 3)
 158 V   0.33340 0.00942 0.63731 0.01987 ( 3)
 159 I   0.33575 0.00689 0.64244 0.01491 ( 3)
 160 E   0.33600 0.00663 0.64299 0.01439 ( 3)
 161 A   0.33710 0.00542 0.64550 0.01197 ( 3)
 162 R   0.33707 0.00546 0.64542 0.01205 ( 3)
 163 Q   0.33674 0.00582 0.64465 0.01278 ( 3)
 164 L   0.32685 0.01644 0.62368 0.03303 ( 3)
 165 V   0.33340 0.00942 0.63731 0.01987 ( 3)
 166 G   0.33775 0.00471 0.64702 0.01053 ( 3)
 167 L   0.33884 0.00348 0.64969 0.00799 ( 3)
 168 N   0.33973 0.00241 0.65216 0.00570 ( 3)
 169 M   0.19972 0.13467 0.38177 0.28384 ( 3)
 170 D   0.33704 0.00549 0.64535 0.01212 ( 3)
 171 P   0.33624 0.00637 0.64351 0.01388 ( 3)
 172 V   0.33340 0.00942 0.63731 0.01987 ( 3)
 173 V   0.33373 0.00912 0.63793 0.01923 ( 3)
 174 C   0.34031 0.00164 0.65403 0.00401 ( 3)
 175 V   0.33340 0.00942 0.63731 0.01987 ( 3)
 176 E   0.33600 0.00663 0.64299 0.01439 ( 3)
 177 V   0.33340 0.00942 0.63731 0.01987 ( 3)
 178 G   0.33775 0.00471 0.64702 0.01053 ( 3)
 179 D   0.33702 0.00551 0.64531 0.01216 ( 3)
 180 D   0.33704 0.00549 0.64535 0.01212 ( 3)
 181 K   0.33446 0.00829 0.63958 0.01767 ( 3)
 182 K   0.33446 0.00829 0.63958 0.01767 ( 3)
 183 F   0.01699 0.30204 0.03250 0.64848 ( 4)
 184 T   0.33965 0.00252 0.65190 0.00593 ( 3)
 185 S   0.33722 0.00530 0.64576 0.01173 ( 3)
 186 M   0.33917 0.00309 0.65058 0.00716 ( 3)
 187 K   0.33446 0.00829 0.63958 0.01767 ( 3)
 188 E   0.33600 0.00663 0.64299 0.01439 ( 3)
 189 S   0.33722 0.00530 0.64576 0.01173 ( 3)
 190 T   0.33893 0.00338 0.64993 0.00777 ( 3)
 191 N   0.33973 0.00241 0.65216 0.00570 ( 3)
 192 C   0.34031 0.00164 0.65403 0.00401 ( 3)
 193 P   0.33624 0.00637 0.64351 0.01388 ( 3)
 194 Y   0.33511 0.00759 0.64100 0.01630 ( 3)
 195 Y   0.33511 0.00759 0.64100 0.01630 ( 3)
 196 N   0.33973 0.00241 0.65216 0.00570 ( 3)
 197 E   0.33600 0.00663 0.64299 0.01439 ( 3)
 198 -   0.32838 0.01527 0.62620 0.03015 ( 3)
 199 -   0.32826 0.01539 0.62596 0.03039 ( 3)
 200 -   0.33342 0.01003 0.63631 0.02025 ( 3)
 201 -   0.16428 0.17565 0.31327 0.34680 ( 4)
 202 -   0.33051 0.01304 0.63046 0.02598 ( 3)
 203 -   0.32826 0.01539 0.62596 0.03039 ( 3)
 204 -   0.33953 0.00359 0.64923 0.00765 ( 3)
 205 -   0.33342 0.01003 0.63631 0.02025 ( 3)
 206 -   0.15729 0.18346 0.29985 0.35940 ( 4)
 207 -   0.32586 0.01789 0.62121 0.03504 ( 3)
 208 -   0.16179 0.17700 0.30861 0.35260 ( 4)
 209 -   0.33342 0.01003 0.63631 0.02025 ( 3)
 210 -   0.33360 0.00983 0.63670 0.01987 ( 3)
 211 -   0.32826 0.01539 0.62596 0.03039 ( 3)
 212 -   0.33051 0.01304 0.63046 0.02598 ( 3)
 213 -   0.32773 0.01594 0.62490 0.03142 ( 3)
 214 -   0.32909 0.01452 0.62763 0.02876 ( 3)
 215 -   0.32909 0.01452 0.62763 0.02876 ( 3)
 216 -   0.32773 0.01594 0.62490 0.03142 ( 3)
 217 -   0.32909 0.01452 0.62763 0.02876 ( 3)
 218 -   0.33278 0.01069 0.63502 0.02151 ( 3)
 219 -   0.32832 0.01542 0.62597 0.03029 ( 3)
 220 -   0.32713 0.01665 0.62362 0.03259 ( 3)
 221 -   0.33819 0.00519 0.64592 0.01070 ( 3)
 222 -   0.33252 0.01108 0.63431 0.02209 ( 3)
 223 -   0.32938 0.01433 0.62805 0.02824 ( 3)
 224 -   0.33641 0.00704 0.64221 0.01433 ( 3)
 225 -   0.32273 0.02122 0.61498 0.04107 ( 3)
 226 -   0.32273 0.02122 0.61498 0.04107 ( 3)
 227 -   0.33383 0.00972 0.63695 0.01949 ( 3)
 228 -   0.33419 0.00931 0.63774 0.01876 ( 3)
 229 -   0.33259 0.01097 0.63451 0.02194 ( 3)
 230 -   0.33564 0.00780 0.64072 0.01584 ( 3)
 231 -   0.32233 0.02161 0.61422 0.04184 ( 3)
 232 -   0.32775 0.01598 0.62488 0.03139 ( 3)
 233 -   0.33259 0.01097 0.63451 0.02194 ( 3)
 234 -   0.33189 0.01169 0.63312 0.02330 ( 3)
 235 -   0.32933 0.01435 0.62800 0.02833 ( 3)
 236 -   0.33239 0.01116 0.63413 0.02233 ( 3)
 237 -   0.33475 0.00873 0.63888 0.01764 ( 3)
 238 -   0.33166 0.01192 0.63266 0.02375 ( 3)
 239 -   0.32775 0.01598 0.62488 0.03139 ( 3)
 240 -   0.33302 0.01052 0.63539 0.02107 ( 3)
 241 -   0.33564 0.00780 0.64072 0.01584 ( 3)
 242 -   0.32775 0.01598 0.62488 0.03139 ( 3)
 243 -   0.32946 0.01421 0.62826 0.02807 ( 3)
 244 -   0.33203 0.01156 0.63337 0.02304 ( 3)
 245 -   0.33130 0.01230 0.63193 0.02447 ( 3)
 246 -   0.33567 0.00777 0.64076 0.01579 ( 3)
 247 -   0.32765 0.01591 0.62490 0.03154 ( 3)
 248 -   0.34038 0.00311 0.65010 0.00641 ( 3)
 249 -   0.33481 0.00889 0.63863 0.01767 ( 3)
 250 -   0.33279 0.01097 0.63459 0.02165 ( 3)
 251 -   0.34038 0.00311 0.65010 0.00641 ( 3)
 252 -   0.34046 0.00303 0.65026 0.00624 ( 3)
 253 -   0.33221 0.01155 0.63346 0.02277 ( 3)
 254 -   0.33155 0.01225 0.63212 0.02408 ( 3)
 255 -   0.33690 0.00680 0.64271 0.01359 ( 3)
 256 -   0.33485 0.00890 0.63861 0.01764 ( 3)
 257 -   0.32569 0.01829 0.62061 0.03541 ( 3)
 258 -   0.23648 0.10366 0.45125 0.20860 ( 3)
 259 -   0.33630 0.00742 0.64150 0.01479 ( 3)
 260 -   0.33520 0.00854 0.63931 0.01695 ( 3)
 261 -   0.22133 0.11914 0.42219 0.23734 ( 3)
 262 -   0.33630 0.00742 0.64150 0.01479 ( 3)
 263 -   0.33485 0.00890 0.63861 0.01764 ( 3)
 264 -   0.02003 0.31458 0.03820 0.62719 ( 4)
 265 -   0.34102 0.00246 0.65143 0.00509 ( 3)
 266 -   0.33700 0.00532 0.64573 0.01195 ( 3)
 267 -   0.32578 0.01748 0.62163 0.03511 ( 3)
 268 -   0.33328 0.00939 0.63733 0.02000 ( 3)
 269 -   0.33666 0.00570 0.64493 0.01272 ( 3)
 270 -   0.33387 0.00874 0.63863 0.01876 ( 3)
 271 -   0.33214 0.01061 0.63489 0.02236 ( 3)
 272 -   0.33320 0.00946 0.63718 0.02015 ( 3)
 273 -   0.33938 0.00256 0.65189 0.00617 ( 3)
 274 -   0.33535 0.00703 0.64212 0.01550 ( 3)
 275 -   0.23062 0.10629 0.44073 0.22236 ( 3)
 276 -   0.33642 0.00596 0.64437 0.01325 ( 3)
 277 -   0.33214 0.01061 0.63489 0.02236 ( 3)
 278 -   0.17807 0.15502 0.34039 0.32652 ( 3)
 279 -   0.33672 0.00564 0.64504 0.01260 ( 3)
 280 -   0.18984 0.14288 0.36303 0.30425 ( 3)
 281 -   0.33701 0.00531 0.64575 0.01193 ( 3)
 282 -   0.33589 0.00654 0.64315 0.01442 ( 3)
 283 -   0.33892 0.00312 0.65059 0.00737 ( 3)
 284 -   0.33458 0.00797 0.64019 0.01726 ( 3)
 285 -   0.33320 0.00946 0.63718 0.02015 ( 3)
 286 -   0.00010 0.97306 0.00000 0.02684 ( 2)
 287 -   0.33504 0.00747 0.64123 0.01626 ( 3)
 288 -   0.33985 0.00194 0.65343 0.00479 ( 3)
 289 -   0.33320 0.00946 0.63718 0.02015 ( 3)
 290 -   0.33643 0.00595 0.64439 0.01323 ( 3)
 291 -   0.33890 0.00313 0.65056 0.00741 ( 3)
 292 -   0.33479 0.00774 0.64068 0.01679 ( 3)
 293 -   0.33596 0.00644 0.64335 0.01425 ( 3)
 294 -   0.03390 0.63076 0.01417 0.32116 ( 2)
 295 -   0.33479 0.00774 0.64068 0.01679 ( 3)
 296 -   0.01594 0.30877 0.02998 0.64532 ( 4)
 297 -   0.33589 0.00654 0.64315 0.01442 ( 3)
 298 -   0.33088 0.01197 0.63222 0.02493 ( 3)
 299 -   0.20605 0.12610 0.39430 0.27356 ( 3)
 300 -   0.01844 0.31506 0.03519 0.63131 ( 4)
 301 N   0.33967 0.00392 0.64843 0.00798 ( 3)
 302 L   0.33836 0.00529 0.64570 0.01066 ( 3)
 303 L   0.32551 0.01847 0.62026 0.03576 ( 3)
 304 L   0.33693 0.00676 0.64279 0.01352 ( 3)
 305 P   0.33508 0.00869 0.63903 0.01720 ( 3)
 306 E   0.01618 0.31951 0.03086 0.63345 ( 4)
 307 G   0.33727 0.00633 0.64364 0.01277 ( 3)
 308 V   0.33202 0.01180 0.63301 0.02317 ( 3)
 309 P   0.33514 0.00860 0.63919 0.01707 ( 3)
 310 P   0.01706 0.31745 0.03255 0.63293 ( 4)
 311 E   0.33524 0.00849 0.63941 0.01686 ( 3)
 312 R   0.33751 0.00617 0.64396 0.01237 ( 3)
 313 Q   0.33572 0.00800 0.64036 0.01591 ( 3)
 314 W   0.33217 0.01164 0.63330 0.02288 ( 3)
 315 A   0.33669 0.00701 0.64230 0.01400 ( 3)
 316 R   0.33612 0.00759 0.64116 0.01513 ( 3)
 317 F   0.33372 0.01006 0.63637 0.01986 ( 3)
 318 Y   0.33375 0.01005 0.63639 0.01980 ( 3)
 319 V   0.33202 0.01180 0.63301 0.02317 ( 3)
 320 K   0.33315 0.01064 0.63524 0.02097 ( 3)
 321 I   0.33070 0.01314 0.63042 0.02573 ( 3)
 322 Y   0.33386 0.00991 0.63665 0.01958 ( 3)
 323 R   0.33371 0.01009 0.63631 0.01989 ( 3)
 324 A   0.33898 0.00464 0.64699 0.00938 ( 3)
 325 E   0.33487 0.00888 0.63865 0.01760 ( 3)
 326 G   0.33724 0.00643 0.64344 0.01289 ( 3)
 327 L   0.32551 0.01847 0.62026 0.03576 ( 3)
 328 P   0.33514 0.00860 0.63919 0.01707 ( 3)
 329 R   0.22648 0.11359 0.43213 0.22781 ( 3)
 330 M   0.33882 0.00480 0.64667 0.00971 ( 3)
 331 N   0.33967 0.00392 0.64843 0.00798 ( 3)
 332 T   0.33432 0.00933 0.63775 0.01860 ( 3)
 333 S   0.33994 0.00364 0.64901 0.00742 ( 3)
 334 L   0.33693 0.00676 0.64279 0.01352 ( 3)
 335 M   0.33882 0.00480 0.64667 0.00971 ( 3)
 336 A   0.33669 0.00701 0.64230 0.01400 ( 3)
 337 N   0.33967 0.00392 0.64843 0.00798 ( 3)
 338 M   0.33882 0.00480 0.64667 0.00971 ( 3)
 339 K   0.33315 0.01064 0.63524 0.02097 ( 3)
 340 K   0.33315 0.01064 0.63524 0.02097 ( 3)
 341 A   0.33667 0.00707 0.64220 0.01407 ( 3)
 342 F   0.33372 0.01006 0.63637 0.01986 ( 3)
 343 I   0.33164 0.01204 0.63247 0.02385 ( 3)
 344 G   0.34087 0.00266 0.65100 0.00547 ( 3)
 345 E   0.33487 0.00888 0.63865 0.01760 ( 3)
 346 N   0.33967 0.00392 0.64843 0.00798 ( 3)
 347 K   0.33315 0.01064 0.63524 0.02097 ( 3)
 348 D   0.33608 0.00763 0.64109 0.01520 ( 3)
 349 L   0.32551 0.01847 0.62026 0.03576 ( 3)
 350 V   0.23718 0.10274 0.45264 0.20744 ( 3)
 351 D   0.33565 0.00805 0.64027 0.01603 ( 3)
 352 P   0.33470 0.00903 0.63836 0.01792 ( 3)
 353 Y   0.33342 0.01034 0.63581 0.02043 ( 3)
 354 V   0.33158 0.01223 0.63217 0.02403 ( 3)
 355 Q   0.33931 0.00425 0.64778 0.00866 ( 3)
 356 V   0.33803 0.00558 0.64512 0.01127 ( 3)
 357 F   0.33252 0.01122 0.63409 0.02216 ( 3)
 358 F   0.32795 0.01592 0.62508 0.03104 ( 3)
 359 A   0.33555 0.00812 0.64013 0.01621 ( 3)
 360 G   0.33582 0.00784 0.64067 0.01567 ( 3)
 361 Q   0.33455 0.00914 0.63813 0.01817 ( 3)
 362 K   0.33195 0.01181 0.63296 0.02328 ( 3)
 363 G   0.33669 0.00566 0.64499 0.01266 ( 3)
 364 K   0.33382 0.00889 0.63836 0.01894 ( 3)
 365 T   0.33838 0.00386 0.64888 0.00888 ( 3)
 366 S   0.33214 0.01094 0.63436 0.02255 ( 3)
 367 V   0.33283 0.00996 0.63621 0.02100 ( 3)
 368 Q   0.33615 0.00636 0.64353 0.01396 ( 3)
 369 K   0.33716 0.00524 0.64588 0.01172 ( 3)
 370 S   0.33952 0.00252 0.65194 0.00601 ( 3)
 371 S   0.33952 0.00252 0.65194 0.00601 ( 3)
 372 Y   0.33375 0.00896 0.63822 0.01907 ( 3)
 373 E   0.33539 0.00719 0.64182 0.01561 ( 3)
 374 P   0.33555 0.00721 0.64179 0.01545 ( 3)
 375 L   0.32629 0.01698 0.62262 0.03411 ( 3)
 376 W   0.33290 0.00988 0.63638 0.02085 ( 3)
 377 N   0.33926 0.00285 0.65118 0.00671 ( 3)
 378 E   0.33539 0.00719 0.64182 0.01561 ( 3)
 379 Q   0.33615 0.00636 0.64353 0.01396 ( 3)
 380 V   0.33422 0.00866 0.63887 0.01825 ( 3)
 381 V   0.25237 0.07969 0.48402 0.18391 ( 3)
 382 F   0.32987 0.01313 0.63000 0.02700 ( 3)
 383 T   0.33451 0.00813 0.63988 0.01747 ( 3)
 384 D   0.33646 0.00602 0.64425 0.01328 ( 3)
 385 L   0.32629 0.01698 0.62262 0.03411 ( 3)
 386 F   0.33427 0.00839 0.63936 0.01798 ( 3)
 387 P   0.33539 0.00714 0.64190 0.01557 ( 3)
 388 P   0.33909 0.00300 0.65083 0.00708 ( 3)
 389 L   0.33719 0.00522 0.64593 0.01167 ( 3)
 390 C   0.33999 0.00192 0.65340 0.00469 ( 3)
 391 K   0.33382 0.00889 0.63836 0.01894 ( 3)
 392 R   0.33767 0.00469 0.64708 0.01057 ( 3)
 393 M   0.25701 0.07540 0.49298 0.17461 ( 3)
 394 K   0.33461 0.00815 0.63988 0.01736 ( 3)
 395 V   0.33484 0.00777 0.64062 0.01677 ( 3)
 396 Q   0.33615 0.00636 0.64353 0.01396 ( 3)
 397 I   0.33518 0.00742 0.64134 0.01607 ( 3)
 398 R   0.33649 0.00598 0.64432 0.01321 ( 3)
 399 D   0.33646 0.00602 0.64425 0.01328 ( 3)
 400 S   0.33009 0.01289 0.63045 0.02657 ( 3)
 401 D   0.33646 0.00602 0.64425 0.01328 ( 3)
 402 K   0.33382 0.00889 0.63836 0.01894 ( 3)
 403 V   0.33856 0.00366 0.64932 0.00846 ( 3)
 404 N   0.33933 0.00276 0.65139 0.00652 ( 3)
 405 D   0.33647 0.00604 0.64420 0.01328 ( 3)
 406 V   0.33278 0.01000 0.63613 0.02108 ( 3)
 407 A   0.33698 0.00545 0.64545 0.01213 ( 3)
 408 I   0.33512 0.00747 0.64124 0.01617 ( 3)
 409 G   0.33720 0.00520 0.64597 0.01163 ( 3)
 410 T   0.33924 0.00287 0.65111 0.00677 ( 3)
 411 H   0.34016 0.00167 0.65404 0.00413 ( 3)
 412 F   0.33435 0.00831 0.63951 0.01783 ( 3)
 413 I   0.33180 0.01109 0.63398 0.02312 ( 3)
 414 D   0.33646 0.00602 0.64425 0.01328 ( 3)
 415 L   0.32629 0.01698 0.62262 0.03411 ( 3)
 416 R   0.33767 0.00469 0.64708 0.01057 ( 3)
 417 K   0.33382 0.00889 0.63836 0.01894 ( 3)
 418 I   0.19319 0.14196 0.36913 0.29572 ( 3)
 419 S   0.33665 0.00582 0.64466 0.01287 ( 3)
 420 N   0.33933 0.00276 0.65138 0.00653 ( 3)
 421 D   0.22061 0.11352 0.42201 0.24386 ( 3)
 422 G   0.33815 0.00452 0.64740 0.00993 ( 3)
 423 D   0.33662 0.00618 0.64393 0.01327 ( 3)
 424 K   0.33739 0.00535 0.64563 0.01163 ( 3)
 425 G   0.33642 0.00624 0.64379 0.01355 ( 3)
 426 F   0.33380 0.00883 0.63846 0.01892 ( 3)
 427 L   0.32583 0.01743 0.62173 0.03502 ( 3)
 428 P   0.33510 0.00741 0.64134 0.01615 ( 3)
 429 T   0.33609 0.00632 0.64360 0.01399 ( 3)
 430 L   0.32583 0.01743 0.62173 0.03502 ( 3)
 431 G   0.33671 0.00564 0.64503 0.01262 ( 3)
 432 P   0.33510 0.00741 0.64134 0.01615 ( 3)
 433 T   0.02422 0.28806 0.04639 0.64133 ( 4)
 434 W   0.33234 0.01040 0.63531 0.02195 ( 3)
 435 V   0.33220 0.01055 0.63501 0.02224 ( 3)
 436 N   0.33896 0.00308 0.65067 0.00729 ( 3)
 437 M   0.33829 0.00386 0.64890 0.00895 ( 3)
 438 Y   0.33322 0.00945 0.63719 0.02013 ( 3)
 439 G   0.33671 0.00564 0.64503 0.01262 ( 3)
 440 S   0.33614 0.00628 0.64369 0.01390 ( 3)
 441 T   0.33442 0.00810 0.63992 0.01756 ( 3)
 442 R   0.33719 0.00511 0.64617 0.01153 ( 3)
 443 N   0.33896 0.00308 0.65067 0.00729 ( 3)
 444 Y   0.33393 0.00868 0.63875 0.01864 ( 3)
 445 T   0.33615 0.00627 0.64371 0.01388 ( 3)
 446 L   0.32583 0.01743 0.62173 0.03502 ( 3)
 447 L   0.32718 0.01612 0.62430 0.03240 ( 3)
 448 D   0.33588 0.00655 0.64314 0.01444 ( 3)
 449 E   0.33485 0.00768 0.64079 0.01668 ( 3)
 450 H   0.33988 0.00191 0.65349 0.00472 ( 3)
 451 Q   0.33563 0.00683 0.64253 0.01501 ( 3)
 452 D   0.21615 0.11539 0.41387 0.25460 ( 3)
 453 L   0.32583 0.01743 0.62173 0.03502 ( 3)
 454 N   0.33894 0.00312 0.65057 0.00737 ( 3)
 455 E   0.61224 0.38477 0.00016 0.00283 ( 1)
 456 G   0.33671 0.00564 0.64503 0.01262 ( 3)
 457 L   0.32583 0.01743 0.62173 0.03502 ( 3)
 458 G   0.33705 0.00527 0.64583 0.01185 ( 3)
 459 E   0.33485 0.00768 0.64079 0.01668 ( 3)
 460 G   0.33666 0.00569 0.64493 0.01272 ( 3)
 461 V   0.33214 0.01061 0.63489 0.02236 ( 3)
 462 S   0.33794 0.00433 0.64785 0.00987 ( 3)
 463 F   0.33374 0.00888 0.63834 0.01904 ( 3)
 464 R   0.33714 0.00515 0.64607 0.01163 ( 3)
 465 A   0.33643 0.00595 0.64439 0.01324 ( 3)
 466 R   0.33714 0.00515 0.64607 0.01163 ( 3)
 467 L   0.33664 0.00571 0.64488 0.01276 ( 3)
 468 M   0.33825 0.00390 0.64881 0.00904 ( 3)
 469 L   0.32578 0.01748 0.62163 0.03511 ( 3)
 470 G   0.33666 0.00569 0.64493 0.01272 ( 3)
 471 L   0.32578 0.01748 0.62163 0.03511 ( 3)
 472 -   0.33943 0.00216 0.65299 0.00542 ( 3)
 473 -   0.17172 0.16091 0.32825 0.33913 ( 4)
 474 -   0.33407 0.00839 0.63931 0.01823 ( 3)
 475 -   0.33386 0.00863 0.63881 0.01870 ( 3)
 476 -   0.32511 0.01826 0.62020 0.03644 ( 3)
 477 -   0.33519 0.00740 0.64139 0.01602 ( 3)
 478 -   0.33742 0.00495 0.64650 0.01112 ( 3)
 479 -   0.33540 0.00718 0.64183 0.01560 ( 3)
 480 -   0.33849 0.00375 0.64914 0.00862 ( 3)
 481 -   0.33037 0.01259 0.63105 0.02599 ( 3)
 482 -   0.33405 0.00863 0.63887 0.01845 ( 3)
 483 -   0.33596 0.00656 0.64311 0.01437 ( 3)
 484 -   0.33835 0.00390 0.64879 0.00896 ( 3)
 485 -   0.33871 0.00348 0.64973 0.00808 ( 3)
 486 -   0.33537 0.00720 0.64177 0.01565 ( 3)
 487 -   0.33487 0.00766 0.64083 0.01665 ( 3)
 488 -   0.19398 0.13870 0.37100 0.29631 ( 3)
 489 -   0.33132 0.01157 0.63303 0.02408 ( 3)
 490 -   0.33483 0.00779 0.64059 0.01680 ( 3)
 491 -   0.33132 0.01157 0.63303 0.02408 ( 3)
 492 -   0.33439 0.00826 0.63962 0.01773 ( 3)
 493 -   0.01973 0.28587 0.03783 0.65657 ( 4)
 494 -   0.33573 0.00681 0.64260 0.01486 ( 3)
 495 -   0.18395 0.14902 0.35169 0.31534 ( 3)
