92
Bacu_CASQ2         0.0000000 0.0220623 0.0196160 0.0038429 0.0111225 0.0140156 0.0146922 0.0102748 0.0124376 0.0082512 0.0752593 0.0213389 0.0226665 0.0671281 0.0202953 0.0198499 0.0208825 0.0198499 0.0237608 0.0232109 0.0218853 0.0161452 0.0219273 0.0101066 0.0199379 0.0208267 0.0250334 0.0192822 0.0188945 0.0647551 0.0266611 0.0305861 0.0285840 0.0255613 0.0221337 0.0188944 0.0238433 0.0250187 0.0197963 0.0174885 0.0198163 0.0198690 0.0230489 0.0257366 0.0197131 0.0207433 0.0209551 0.0178393 0.0159191 0.0312938 0.0272821 0.0202227 0.0265044 0.0232109 0.0219158 0.0264197 0.0247614 0.0229442 0.0186700 0.0691822 0.0233565 0.0200590 0.0210982 0.0794881 0.0392969 0.0196558 0.0221896 0.0185396 0.0280266 0.0208362 0.0193976 0.0281875 0.0220294 0.0280245 0.0262635 0.0256126 0.0179007 0.0217572 0.0216377 0.0269024 0.0190609 0.0241848 0.0188762 0.0243608 0.0200603 0.0226420 0.0188762 0.1140787 0.0182555 0.0209573 0.0165807 0.0226459 
Barn_CASQ2         0.0220623 0.0000000 0.0034398 0.0196736 0.0211533 0.0261026 0.0261026 0.0180661 0.0032277 0.0146272 0.0880261 0.0227818 0.0199081 0.0678641 0.0228584 0.0198769 0.0198769 0.0198769 0.0214723 0.0302508 0.0150334 0.0104755 0.0165800 0.0200193 0.0198477 0.0214724 0.0214886 0.0214886 0.0104798 0.0717835 0.0170235 0.0350731 0.0300119 0.0222510 0.0214506 0.0183194 0.0229904 0.0214723 0.0182902 0.0183194 0.0183194 0.0199081 0.0199010 0.0112723 0.0118188 0.0148634 0.0218621 0.0088141 0.0103144 0.0139084 0.0164231 0.0133557 0.0132969 0.0302508 0.0139292 0.0180127 0.0148634 0.0213968 0.0144448 0.0756495 0.0183219 0.0199622 0.0230891 0.0884148 0.0482073 0.0139974 0.0215153 0.0123960 0.0197253 0.0214886 0.0139974 0.0262417 0.0197253 0.0197253 0.0215060 0.0229096 0.0167071 0.0167071 0.0182902 0.0219820 0.0199275 0.0214888 0.0182902 0.0199275 0.0199275 0.0198769 0.0182902 0.1519064 0.0167225 0.0120028 0.0167225 0.0088098 
Bbai76728_CASQ2    0.0196160 0.0034398 0.0000000 0.0180291 0.0179228 0.0212880 0.0212880 0.0168492 0.0051821 0.0144695 0.0709840 0.0195644 0.0184079 0.0600592 0.0208096 0.0158955 0.0159466 0.0158955 0.0196457 0.0250753 0.0126235 0.0118982 0.0136908 0.0185401 0.0159312 0.0169813 0.0196571 0.0169892 0.0094457 0.0618101 0.0136432 0.0271832 0.0237971 0.0174159 0.0182483 0.0148289 0.0185450 0.0196457 0.0148127 0.0148289 0.0148289 0.0159128 0.0191900 0.0118289 0.0103902 0.0125033 0.0136115 0.0082928 0.0093417 0.0171411 0.0156640 0.0114564 0.0135763 0.0250753 0.0128349 0.0140177 0.0156455 0.0180093 0.0143203 0.0651570 0.0197307 0.0170250 0.0191780 0.0731811 0.0386626 0.0140233 0.0172682 0.0160650 0.0206469 0.0169892 0.0129758 0.0201803 0.0168746 0.0226812 0.0209620 0.0213283 0.0137300 0.0173417 0.0165682 0.0228156 0.0159223 0.0194070 0.0148127 0.0208750 0.0159745 0.0183849 0.0148127 0.1278914 0.0139965 0.0115802 0.0137383 0.0120344 
BbonAUS_CASQ2      0.0038429 0.0196736 0.0180291 0.0000000 0.0094056 0.0123489 0.0123489 0.0113444 0.0118936 0.0100394 0.0783170 0.0228984 0.0210425 0.0663948 0.0186021 0.0193933 0.0194518 0.0193933 0.0221742 0.0248422 0.0224187 0.0165745 0.0214024 0.0086654 0.0194337 0.0204028 0.0221865 0.0204124 0.0174941 0.0634653 0.0233783 0.0290571 0.0269366 0.0240416 0.0216067 0.0184059 0.0207342 0.0221742 0.0183875 0.0184059 0.0184059 0.0194126 0.0246455 0.0222632 0.0183114 0.0203183 0.0223688 0.0163246 0.0173190 0.0280724 0.0244027 0.0193318 0.0229125 0.0248422 0.0214889 0.0245302 0.0232156 0.0214374 0.0181349 0.0687221 0.0230142 0.0196049 0.0224475 0.0817232 0.0374008 0.0198279 0.0207206 0.0185396 0.0247966 0.0204124 0.0188620 0.0266456 0.0224488 0.0256387 0.0233870 0.0220659 0.0173807 0.0200896 0.0201467 0.0236467 0.0185739 0.0226921 0.0183875 0.0211794 0.0186303 0.0210188 0.0183875 0.1247778 0.0176920 0.0175065 0.0173910 0.0198522 
Bbor_CASQ2         0.0111225 0.0211533 0.0179228 0.0094056 0.0000000 0.0044509 0.0046573 0.0071390 0.0103417 0.0155234 0.0683030 0.0228288 0.0177702 0.0619336 0.0162953 0.0184534 0.0193962 0.0184534 0.0210089 0.0231272 0.0213264 0.0167568 0.0213405 0.0097231 0.0185340 0.0194122 0.0221130 0.0194207 0.0173989 0.0596048 0.0232918 0.0298093 0.0267807 0.0224187 0.0206756 0.0175148 0.0206513 0.0221009 0.0183356 0.0175148 0.0183539 0.0184710 0.0233715 0.0194122 0.0182122 0.0192866 0.0208241 0.0164437 0.0164437 0.0298789 0.0242469 0.0187450 0.0241929 0.0231272 0.0202833 0.0219541 0.0219361 0.0213796 0.0192241 0.0641347 0.0218727 0.0194562 0.0213524 0.0776705 0.0420652 0.0188047 0.0206601 0.0211762 0.0259691 0.0194207 0.0178878 0.0264932 0.0222873 0.0270210 0.0233086 0.0234556 0.0165420 0.0190285 0.0200869 0.0256941 0.0176671 0.0226250 0.0174982 0.0224424 0.0185771 0.0199166 0.0174982 0.1155947 0.0168639 0.0194142 0.0165512 0.0197289 
Bede66737_CASQ2    0.0140156 0.0261026 0.0212880 0.0123489 0.0044509 0.0000000 0.0000010 0.0080791 0.0134260 0.0193572 0.0724065 0.0277595 0.0211393 0.0658966 0.0175112 0.0214295 0.0225353 0.0214295 0.0244306 0.0262608 0.0243450 0.0203584 0.0244998 0.0086458 0.0215237 0.0224030 0.0257295 0.0224135 0.0205053 0.0635483 0.0273248 0.0325655 0.0295716 0.0256059 0.0237271 0.0204789 0.0219745 0.0257144 0.0214484 0.0204789 0.0214697 0.0214499 0.0264340 0.0221771 0.0213028 0.0222570 0.0222425 0.0193711 0.0193711 0.0361864 0.0278768 0.0217717 0.0286331 0.0262608 0.0235769 0.0257315 0.0253489 0.0244085 0.0223429 0.0681256 0.0249494 0.0216527 0.0243761 0.0844030 0.0435607 0.0218162 0.0238585 0.0241074 0.0300712 0.0224135 0.0208936 0.0297465 0.0253220 0.0317621 0.0269535 0.0249742 0.0194873 0.0224468 0.0233442 0.0278860 0.0206569 0.0258408 0.0204595 0.0265279 0.0217314 0.0233191 0.0204595 0.1206906 0.0198710 0.0225548 0.0194987 0.0232858 
BedeAUS_CASQ2      0.0146922 0.0261026 0.0212880 0.0123489 0.0046573 0.0000010 0.0000000 0.0084567 0.0134260 0.0205938 0.0752452 0.0277595 0.0222456 0.0683374 0.0175112 0.0224670 0.0225353 0.0224670 0.0257144 0.0275795 0.0255288 0.0215698 0.0244998 0.0086458 0.0225135 0.0234892 0.0257295 0.0235010 0.0205053 0.0658676 0.0273248 0.0327961 0.0295716 0.0256059 0.0247330 0.0214697 0.0219745 0.0257144 0.0214484 0.0214697 0.0214697 0.0224893 0.0277297 0.0221771 0.0213028 0.0233296 0.0236992 0.0192969 0.0203013 0.0361864 0.0278768 0.0223366 0.0286331 0.0275795 0.0248393 0.0257315 0.0266722 0.0245420 0.0223842 0.0706876 0.0261843 0.0227121 0.0255641 0.0864622 0.0435607 0.0228847 0.0238585 0.0241074 0.0300712 0.0235010 0.0219182 0.0297465 0.0254968 0.0317621 0.0269535 0.0249742 0.0204272 0.0236336 0.0233442 0.0278860 0.0216650 0.0258408 0.0214484 0.0265279 0.0217314 0.0245423 0.0214484 0.1266380 0.0207965 0.0225548 0.0204400 0.0232858 
Bmus_CASQ2         0.0102748 0.0180661 0.0168492 0.0113444 0.0071390 0.0080791 0.0084567 0.0000000 0.0103467 0.0130864 0.0651722 0.0166139 0.0144688 0.0614639 0.0163188 0.0155339 0.0163203 0.0155339 0.0176563 0.0203673 0.0194357 0.0144710 0.0193630 0.0075415 0.0156013 0.0164785 0.0185736 0.0152846 0.0163603 0.0604508 0.0194252 0.0308342 0.0278319 0.0192972 0.0176824 0.0146067 0.0167866 0.0185641 0.0152849 0.0135462 0.0153001 0.0155486 0.0188716 0.0207465 0.0171785 0.0182911 0.0194838 0.0154654 0.0154654 0.0260405 0.0230237 0.0177322 0.0227929 0.0203673 0.0191813 0.0231656 0.0207866 0.0170624 0.0171808 0.0656686 0.0188530 0.0156942 0.0170434 0.0759037 0.0358236 0.0173685 0.0175274 0.0157357 0.0219665 0.0164852 0.0169279 0.0233098 0.0179000 0.0210862 0.0197418 0.0190347 0.0136520 0.0156787 0.0168970 0.0175185 0.0155565 0.0194754 0.0145928 0.0195258 0.0163456 0.0165826 0.0145928 0.1152031 0.0139145 0.0183630 0.0126697 0.0185339 
Bmys_CASQ2         0.0124376 0.0032277 0.0051821 0.0118936 0.0103417 0.0134260 0.0134260 0.0103467 0.0000000 0.0112363 0.0501890 0.0069053 0.0107589 0.0498167 0.0089432 0.0073290 0.0073290 0.0073290 0.0089315 0.0088371 0.0028959 0.0043618 0.0028959 0.0110485 0.0088137 0.0088137 0.0107461 0.0088137 0.0090034 0.0366293 0.0063307 0.0151909 0.0136379 0.0118429 0.0089524 0.0073290 0.0084184 0.0107589 0.0058447 0.0073290 0.0073290 0.0073290 0.0118421 0.0124598 0.0103646 0.0103697 0.0111771 0.0073599 0.0073599 0.0217509 0.0182851 0.0103646 0.0156361 0.0088371 0.0118779 0.0133253 0.0145161 0.0088302 0.0088302 0.0498167 0.0123826 0.0073254 0.0103370 0.0623912 0.0138927 0.0073331 0.0089311 0.0093995 0.0108091 0.0088137 0.0058748 0.0118595 0.0088302 0.0083815 0.0107949 0.0079648 0.0058447 0.0091064 0.0076929 0.0117914 0.0058447 0.0089764 0.0058447 0.0085994 0.0058447 0.0071177 0.0058447 0.0828178 0.0059390 0.0088718 0.0058447 0.0146207 
Bphy_CASQ2         0.0082512 0.0146272 0.0144695 0.0100394 0.0155234 0.0193572 0.0205938 0.0130864 0.0112363 0.0000000 0.0606711 0.0078700 0.0184554 0.0601800 0.0148204 0.0167868 0.0179204 0.0167868 0.0214178 0.0173744 0.0168211 0.0180842 0.0178881 0.0122215 0.0156440 0.0167936 0.0197574 0.0155383 0.0167990 0.0420861 0.0155984 0.0196324 0.0193085 0.0205065 0.0183872 0.0143190 0.0173472 0.0229600 0.0165314 0.0143190 0.0152212 0.0143190 0.0180373 0.0235367 0.0178901 0.0155885 0.0159481 0.0155885 0.0143537 0.0309784 0.0262405 0.0173000 0.0224876 0.0173744 0.0161583 0.0210297 0.0229601 0.0186302 0.0186302 0.0601800 0.0198934 0.0155383 0.0193011 0.0738257 0.0189253 0.0118661 0.0181931 0.0231761 0.0222889 0.0155383 0.0106919 0.0211931 0.0186302 0.0230368 0.0230310 0.0232254 0.0143134 0.0187218 0.0187734 0.0177716 0.0155493 0.0208271 0.0155493 0.0213413 0.0165970 0.0199321 0.0155493 0.0878971 0.0146766 0.0152415 0.0143234 0.0199089 
Btau_CASQ1         0.0752593 0.0880261 0.0709840 0.0783170 0.0683030 0.0724065 0.0752452 0.0651722 0.0501890 0.0606711 0.0000000 0.0857935 0.0759900 0.0283360 0.0777070 0.0751303 0.0783722 0.0751303 0.0832363 0.0759680 0.0700000 0.0581811 0.0738968 0.0806393 0.0754849 0.0763411 0.0870124 0.0733197 0.0747622 0.0862901 0.0787456 0.0771761 0.0773538 0.0792572 0.0788466 0.0713294 0.0847444 0.0868923 0.0768028 0.0686528 0.0740671 0.0713294 0.0649536 0.0772511 0.0752266 0.0708188 0.0757756 0.0713066 0.0689543 0.0959004 0.0849397 0.0743740 0.0865711 0.0759680 0.0717559 0.0734457 0.0772208 0.0722111 0.0717075 0.0320404 0.0803881 0.0766713 0.0756301 0.0396205 0.0864814 0.0679422 0.0791016 0.0853540 0.0923633 0.0764332 0.0697615 0.0853244 0.0744400 0.0964024 0.0887451 0.0991827 0.0726209 0.0812234 0.0788247 0.1070033 0.0753386 0.0830880 0.0739089 0.0929918 0.0786072 0.0818122 0.0739089 0.1145947 0.0730049 0.0761106 0.0699129 0.0816782 
Ccom40_CASQ2       0.0213389 0.0227818 0.0195644 0.0228984 0.0228288 0.0277595 0.0277595 0.0166139 0.0069053 0.0078700 0.0857935 0.0000000 0.0033486 0.0613243 0.0239643 0.0044740 0.0044740 0.0044740 0.0050349 0.0216794 0.0213683 0.0119578 0.0198026 0.0209328 0.0059632 0.0074714 0.0084125 0.0074755 0.0169682 0.0685981 0.0194681 0.0249258 0.0233064 0.0141347 0.0086972 0.0014874 0.0058779 0.0067186 0.0059678 0.0014874 0.0014874 0.0029754 0.0169352 0.0227392 0.0167032 0.0198071 0.0200336 0.0151567 0.0167032 0.0263311 0.0206232 0.0182839 0.0263933 0.0216794 0.0182565 0.0222458 0.0205765 0.0197509 0.0177328 0.0687690 0.0059770 0.0074958 0.0120061 0.0805307 0.0481345 0.0191912 0.0089892 0.0105581 0.0223670 0.0074755 0.0191912 0.0214147 0.0181961 0.0223670 0.0118313 0.0120582 0.0044707 0.0068360 0.0075827 0.0097972 0.0074840 0.0106473 0.0059678 0.0100383 0.0074840 0.0067149 0.0059678 0.1406110 0.0059678 0.0182827 0.0059678 0.0206549 
Chea7320_CASQ2     0.0226665 0.0199081 0.0184079 0.0210425 0.0177702 0.0211393 0.0222456 0.0144688 0.0107589 0.0184554 0.0759900 0.0033486 0.0000000 0.0603835 0.0221476 0.0040269 0.0042275 0.0040269 0.0050444 0.0190258 0.0189334 0.0142665 0.0187711 0.0189643 0.0060590 0.0070902 0.0074490 0.0070927 0.0177062 0.0630117 0.0157244 0.0297812 0.0274871 0.0110788 0.0082347 0.0009996 0.0023158 0.0052962 0.0052943 0.0009996 0.0010491 0.0020035 0.0146220 0.0209783 0.0186340 0.0198885 0.0182810 0.0166470 0.0166470 0.0244621 0.0209425 0.0192314 0.0230568 0.0190258 0.0186585 0.0231967 0.0188017 0.0177118 0.0162519 0.0655629 0.0050480 0.0060796 0.0081219 0.0764914 0.0349999 0.0183570 0.0074550 0.0103589 0.0170033 0.0070927 0.0162550 0.0186697 0.0166343 0.0197891 0.0085442 0.0079453 0.0040249 0.0050981 0.0064392 0.0095743 0.0060732 0.0098384 0.0050427 0.0071088 0.0063774 0.0060642 0.0050427 0.1232935 0.0040269 0.0200172 0.0040269 0.0187078 
Chir_CASQ1         0.0671281 0.0678641 0.0600592 0.0663948 0.0619336 0.0658966 0.0683374 0.0614639 0.0498167 0.0601800 0.0283360 0.0613243 0.0603835 0.0000000 0.0652458 0.0615597 0.0639578 0.0615597 0.0672665 0.0666462 0.0590094 0.0577094 0.0622393 0.0724117 0.0642060 0.0650822 0.0728646 0.0630850 0.0631296 0.0735848 0.0653691 0.0683285 0.0680979 0.0697155 0.0673473 0.0579364 0.0647039 0.0698996 0.0649601 0.0564474 0.0599054 0.0579364 0.0553236 0.0653595 0.0636811 0.0622705 0.0604576 0.0604146 0.0604146 0.0676638 0.0684153 0.0631373 0.0683923 0.0666462 0.0572289 0.0585811 0.0644867 0.0641774 0.0661501 0.0024840 0.0688400 0.0653359 0.0653199 0.0327593 0.0811583 0.0601812 0.0673300 0.0840877 0.0698313 0.0651497 0.0611825 0.0704935 0.0620058 0.0717155 0.0744950 0.0753261 0.0614912 0.0679455 0.0664588 0.0749868 0.0640647 0.0708933 0.0627207 0.0734458 0.0666207 0.0686102 0.0627207 0.1046265 0.0616328 0.0644180 0.0597817 0.0710273 
Cmar59905_CASQ2    0.0202953 0.0228584 0.0208096 0.0186021 0.0162953 0.0175112 0.0175112 0.0163188 0.0089432 0.0148204 0.0777070 0.0239643 0.0221476 0.0652458 0.0000000 0.0221227 0.0221227 0.0221227 0.0232798 0.0308964 0.0220578 0.0166260 0.0209093 0.0142684 0.0220988 0.0232797 0.0232929 0.0232929 0.0199611 0.0708791 0.0246052 0.0307868 0.0283688 0.0256772 0.0246873 0.0209941 0.0232408 0.0232798 0.0209704 0.0209941 0.0209941 0.0221476 0.0245465 0.0222115 0.0208715 0.0231697 0.0280504 0.0185983 0.0197358 0.0300275 0.0255072 0.0220421 0.0257319 0.0308964 0.0235576 0.0244700 0.0243173 0.0268504 0.0232277 0.0685957 0.0209968 0.0212375 0.0244510 0.0833825 0.0452315 0.0191264 0.0233136 0.0212494 0.0274497 0.0232929 0.0180310 0.0305237 0.0256747 0.0287371 0.0244968 0.0264203 0.0198162 0.0212029 0.0223622 0.0278131 0.0212105 0.0247385 0.0209704 0.0237743 0.0212105 0.0221227 0.0209704 0.1275462 0.0198300 0.0222873 0.0198300 0.0186717 
Dcap108471_CASQ2   0.0198499 0.0198769 0.0158955 0.0193933 0.0184534 0.0214295 0.0224670 0.0155339 0.0073290 0.0167868 0.0751303 0.0044740 0.0040269 0.0615597 0.0221227 0.0000000 0.0000010 0.0000010 0.0009987 0.0186452 0.0175719 0.0144676 0.0174134 0.0189426 0.0035674 0.0044488 0.0052922 0.0044501 0.0154792 0.0600975 0.0157047 0.0281428 0.0260772 0.0077366 0.0036023 0.0026617 0.0058368 0.0010480 0.0009230 0.0026617 0.0027848 0.0035557 0.0137984 0.0195808 0.0163086 0.0174643 0.0170089 0.0146280 0.0146280 0.0224684 0.0209190 0.0168842 0.0230252 0.0186452 0.0151226 0.0185083 0.0187816 0.0174890 0.0142090 0.0661060 0.0064548 0.0044572 0.0044467 0.0733696 0.0311700 0.0170402 0.0047238 0.0157081 0.0195512 0.0044501 0.0151930 0.0183644 0.0165371 0.0227768 0.0042268 0.0039317 0.0017692 0.0030437 0.0019192 0.0037754 0.0017703 0.0057113 0.0008824 0.0023415 0.0018573 0.0020010 0.0008824 0.1190933 0.0018001 0.0174891 0.0017681 0.0186867 
Dcap79929_CASQ2    0.0208825 0.0198769 0.0159466 0.0194518 0.0193962 0.0225353 0.0225353 0.0163203 0.0073290 0.0179204 0.0783722 0.0044740 0.0042275 0.0639578 0.0221227 0.0000010 0.0000000 0.0000010 0.0010480 0.0196094 0.0184726 0.0153710 0.0174658 0.0189426 0.0037245 0.0046686 0.0052922 0.0046701 0.0155259 0.0624129 0.0157047 0.0282913 0.0261586 0.0077597 0.0037586 0.0027928 0.0058368 0.0010480 0.0009256 0.0027928 0.0027928 0.0037311 0.0134970 0.0195808 0.0163574 0.0183539 0.0181254 0.0143804 0.0153696 0.0224684 0.0209190 0.0173704 0.0230252 0.0196094 0.0159729 0.0185750 0.0197519 0.0173629 0.0139175 0.0687698 0.0067836 0.0046778 0.0046663 0.0750913 0.0312781 0.0179280 0.0047238 0.0157081 0.0195512 0.0046701 0.0159875 0.0184197 0.0163658 0.0227768 0.0042268 0.0039317 0.0018561 0.0031969 0.0019192 0.0037754 0.0018573 0.0057282 0.0009256 0.0023415 0.0018573 0.0021000 0.0009256 0.1253197 0.0018801 0.0175420 0.0018549 0.0186867 
DdelSJR_CASQ2      0.0198499 0.0198769 0.0158955 0.0193933 0.0184534 0.0214295 0.0224670 0.0155339 0.0073290 0.0167868 0.0751303 0.0044740 0.0040269 0.0615597 0.0221227 0.0000010 0.0000010 0.0000000 0.0009987 0.0186452 0.0175719 0.0144676 0.0174134 0.0189426 0.0035674 0.0044488 0.0052922 0.0044501 0.0154792 0.0600975 0.0157047 0.0281428 0.0260772 0.0077366 0.0036023 0.0026617 0.0058368 0.0010480 0.0009230 0.0026617 0.0027848 0.0035557 0.0137984 0.0195808 0.0163086 0.0174643 0.0170089 0.0146280 0.0146280 0.0224684 0.0209190 0.0168842 0.0230252 0.0186452 0.0151226 0.0185083 0.0187816 0.0174890 0.0142090 0.0661060 0.0064548 0.0044572 0.0044467 0.0733696 0.0311700 0.0170402 0.0047238 0.0157081 0.0195512 0.0044501 0.0151930 0.0183644 0.0165371 0.0227768 0.0042268 0.0039317 0.0017692 0.0030437 0.0019192 0.0037754 0.0017703 0.0057113 0.0008824 0.0023415 0.0018573 0.0020010 0.0008824 0.1190933 0.0018001 0.0174891 0.0017681 0.0186867 
Ddeltrop4525_CASQ2 0.0237608 0.0214723 0.0196457 0.0221742 0.0210089 0.0244306 0.0257144 0.0176563 0.0089315 0.0214178 0.0832363 0.0050349 0.0050444 0.0672665 0.0232798 0.0009987 0.0010480 0.0009987 0.0000000 0.0223652 0.0200064 0.0169522 0.0198973 0.0201017 0.0050347 0.0060598 0.0063648 0.0060620 0.0165498 0.0643095 0.0169551 0.0333417 0.0311687 0.0099488 0.0051058 0.0040269 0.0070214 0.0021008 0.0021000 0.0040269 0.0042275 0.0050444 0.0135388 0.0182347 0.0174852 0.0187880 0.0182614 0.0155615 0.0155615 0.0224684 0.0197809 0.0181099 0.0216209 0.0223652 0.0174365 0.0217530 0.0177063 0.0209921 0.0173550 0.0725223 0.0040267 0.0050516 0.0050355 0.0808927 0.0377877 0.0194470 0.0063707 0.0184281 0.0208248 0.0060620 0.0173467 0.0221357 0.0198999 0.0242694 0.0052952 0.0052567 0.0030099 0.0040668 0.0031923 0.0037754 0.0030121 0.0065048 0.0020010 0.0035211 0.0031619 0.0009987 0.0020010 0.1284745 0.0030079 0.0188485 0.0030079 0.0198302 
Dleu_CASQ2         0.0232109 0.0302508 0.0250753 0.0248422 0.0231272 0.0262608 0.0275795 0.0203673 0.0088371 0.0173744 0.0759680 0.0216794 0.0190258 0.0666462 0.0308964 0.0186452 0.0196094 0.0186452 0.0223652 0.0000000 0.0247341 0.0156949 0.0249107 0.0271402 0.0187275 0.0196152 0.0235590 0.0181667 0.0239161 0.0656872 0.0256709 0.0324780 0.0305271 0.0210851 0.0208967 0.0157437 0.0195781 0.0235456 0.0185350 0.0145847 0.0165027 0.0167020 0.0201273 0.0312071 0.0247038 0.0255307 0.0288967 0.0225708 0.0225708 0.0352622 0.0331723 0.0251056 0.0338300 0.0000010 0.0238717 0.0286968 0.0280200 0.0181166 0.0172302 0.0687315 0.0221082 0.0196603 0.0199703 0.0814964 0.0339676 0.0231896 0.0208919 0.0185712 0.0210652 0.0196239 0.0232288 0.0205570 0.0172233 0.0230562 0.0247795 0.0253044 0.0167115 0.0203627 0.0203161 0.0264210 0.0178513 0.0241515 0.0176787 0.0227657 0.0187818 0.0212538 0.0176787 0.1161299 0.0170404 0.0247194 0.0154863 0.0284308 
EausAUS_CASQ2      0.0218853 0.0150334 0.0126235 0.0224187 0.0213264 0.0243450 0.0255288 0.0194357 0.0028959 0.0168211 0.0700000 0.0213683 0.0189334 0.0590094 0.0220578 0.0175719 0.0184726 0.0175719 0.0200064 0.0247341 0.0000000 0.0010784 0.0009273 0.0212499 0.0176490 0.0185318 0.0210611 0.0185398 0.0165076 0.0623900 0.0170399 0.0278284 0.0257757 0.0209050 0.0197847 0.0166315 0.0207803 0.0187565 0.0174134 0.0166315 0.0174308 0.0175887 0.0186138 0.0209153 0.0173315 0.0184476 0.0169829 0.0155978 0.0155978 0.0242080 0.0232569 0.0178870 0.0229837 0.0247341 0.0172351 0.0208799 0.0188156 0.0204706 0.0172716 0.0635056 0.0209802 0.0185736 0.0204736 0.0718565 0.0362400 0.0159434 0.0187031 0.0130518 0.0222557 0.0185398 0.0150263 0.0235530 0.0195034 0.0227187 0.0199480 0.0207392 0.0156589 0.0180145 0.0180894 0.0258378 0.0175984 0.0216986 0.0166156 0.0223264 0.0185021 0.0189129 0.0166156 0.1113182 0.0149959 0.0185282 0.0156675 0.0187224 
Egla13086_CASQ2    0.0161452 0.0104755 0.0118982 0.0165745 0.0167568 0.0203584 0.0215698 0.0144710 0.0043618 0.0180842 0.0581811 0.0119578 0.0142665 0.0577094 0.0166260 0.0144676 0.0153710 0.0144676 0.0169522 0.0156949 0.0010784 0.0000000 0.0011397 0.0154809 0.0145443 0.0156173 0.0166031 0.0144528 0.0167754 0.0467399 0.0141386 0.0220487 0.0205903 0.0177594 0.0159056 0.0121854 0.0124325 0.0152008 0.0141017 0.0121854 0.0128957 0.0121854 0.0167781 0.0209628 0.0177889 0.0168052 0.0139295 0.0156480 0.0144961 0.0261531 0.0239326 0.0172427 0.0218228 0.0156949 0.0163920 0.0209401 0.0183414 0.0144950 0.0144950 0.0577094 0.0172903 0.0133147 0.0167886 0.0673203 0.0159450 0.0121737 0.0143516 0.0157816 0.0142477 0.0144528 0.0110785 0.0165602 0.0144950 0.0132820 0.0181117 0.0166192 0.0121809 0.0144577 0.0147745 0.0186004 0.0133232 0.0180170 0.0133232 0.0158735 0.0141533 0.0156051 0.0133232 0.0865755 0.0113062 0.0167834 0.0121886 0.0196470 
Ejap43864_CASQ2    0.0219273 0.0165800 0.0136908 0.0214024 0.0213405 0.0244998 0.0244998 0.0193630 0.0028959 0.0178881 0.0738968 0.0198026 0.0187711 0.0622393 0.0209093 0.0174134 0.0174658 0.0174134 0.0198973 0.0249107 0.0009273 0.0011397 0.0000000 0.0200868 0.0174499 0.0184172 0.0199079 0.0184254 0.0155066 0.0658349 0.0182954 0.0268285 0.0247361 0.0198787 0.0195983 0.0164300 0.0195098 0.0176135 0.0164135 0.0164300 0.0164300 0.0174308 0.0185029 0.0195569 0.0163368 0.0183299 0.0166570 0.0143631 0.0153507 0.0222662 0.0221012 0.0173481 0.0215737 0.0249107 0.0170448 0.0196750 0.0186486 0.0194144 0.0160380 0.0669857 0.0209797 0.0184607 0.0204482 0.0744659 0.0362400 0.0157093 0.0176832 0.0130518 0.0209674 0.0184254 0.0147492 0.0225272 0.0184075 0.0212391 0.0187972 0.0193027 0.0154134 0.0178041 0.0170500 0.0237622 0.0174408 0.0206720 0.0164135 0.0210330 0.0174934 0.0187498 0.0164135 0.1179182 0.0146783 0.0175192 0.0154223 0.0175821 
Erob133443_CASQ2   0.0101066 0.0200193 0.0185401 0.0086654 0.0097231 0.0086458 0.0086458 0.0075415 0.0110485 0.0122215 0.0806393 0.0209328 0.0189643 0.0724117 0.0142684 0.0189426 0.0189426 0.0189426 0.0201017 0.0271402 0.0212499 0.0154809 0.0200868 0.0000000 0.0189225 0.0201018 0.0201125 0.0201125 0.0178808 0.0669365 0.0210843 0.0311979 0.0275440 0.0213213 0.0214835 0.0178088 0.0193974 0.0201017 0.0177884 0.0178088 0.0178088 0.0189643 0.0249032 0.0211406 0.0188158 0.0211232 0.0227695 0.0165337 0.0176758 0.0286857 0.0234684 0.0199896 0.0232396 0.0271402 0.0225941 0.0263112 0.0222760 0.0236681 0.0211393 0.0751296 0.0178105 0.0180185 0.0212735 0.0873181 0.0444082 0.0194041 0.0201308 0.0157357 0.0278145 0.0201125 0.0182930 0.0308897 0.0259798 0.0291774 0.0201234 0.0220263 0.0166339 0.0179900 0.0191514 0.0236317 0.0179959 0.0215282 0.0177884 0.0201898 0.0179959 0.0189426 0.0177884 0.1377738 0.0166451 0.0202149 0.0166451 0.0188910 
Fatt_CASQ2         0.0199379 0.0198477 0.0159312 0.0194337 0.0185340 0.0215237 0.0225135 0.0156013 0.0088137 0.0156440 0.0754849 0.0059632 0.0060590 0.0642060 0.0220988 0.0035674 0.0037245 0.0035674 0.0050347 0.0187275 0.0176490 0.0145443 0.0174499 0.0189225 0.0000000 0.0008873 0.0010488 0.0008876 0.0155119 0.0603828 0.0156871 0.0281995 0.0261319 0.0058029 0.0036135 0.0044707 0.0070143 0.0052852 0.0027879 0.0044707 0.0046681 0.0053750 0.0147925 0.0209237 0.0163427 0.0175404 0.0156531 0.0146917 0.0146917 0.0224271 0.0231900 0.0169195 0.0229945 0.0187275 0.0151951 0.0185545 0.0187629 0.0175653 0.0142731 0.0687888 0.0064832 0.0044763 0.0044705 0.0737157 0.0312412 0.0171161 0.0028216 0.0130093 0.0195275 0.0008876 0.0152611 0.0184027 0.0166092 0.0227450 0.0063687 0.0052592 0.0017767 0.0030411 0.0038539 0.0076078 0.0035720 0.0076673 0.0026705 0.0047068 0.0037295 0.0040192 0.0026705 0.1196403 0.0036141 0.0175259 0.0035674 0.0186672 
Ggri_CASQ2         0.0208267 0.0214724 0.0169813 0.0204028 0.0194122 0.0224030 0.0234892 0.0164785 0.0088137 0.0167936 0.0763411 0.0074714 0.0070902 0.0650822 0.0232797 0.0044488 0.0046686 0.0044488 0.0060598 0.0196152 0.0185318 0.0156173 0.0184172 0.0201018 0.0008873 0.0000000 0.0021042 0.0017710 0.0164791 0.0612691 0.0169553 0.0291673 0.0271329 0.0067636 0.0045163 0.0053522 0.0082118 0.0063623 0.0037167 0.0053522 0.0056010 0.0062560 0.0166459 0.0209237 0.0173021 0.0184181 0.0170237 0.0155719 0.0155719 0.0244306 0.0243744 0.0178576 0.0244460 0.0196152 0.0161643 0.0197109 0.0198673 0.0184444 0.0151865 0.0696523 0.0073860 0.0053590 0.0053520 0.0745745 0.0323526 0.0180133 0.0037728 0.0157357 0.0208249 0.0017710 0.0161658 0.0193693 0.0174891 0.0242693 0.0074538 0.0065997 0.0026588 0.0040669 0.0048310 0.0095613 0.0044545 0.0086240 0.0035523 0.0059043 0.0046749 0.0050391 0.0035523 0.1203913 0.0045299 0.0184970 0.0044488 0.0198303 
Gmac39091_CASQ2    0.0250334 0.0214886 0.0196571 0.0221865 0.0221130 0.0257295 0.0257295 0.0185736 0.0107461 0.0197574 0.0870124 0.0084125 0.0074490 0.0728646 0.0232929 0.0052922 0.0052922 0.0052922 0.0063648 0.0235590 0.0210611 0.0166031 0.0199079 0.0201125 0.0010488 0.0021042 0.0000000 0.0000010 0.0188430 0.0668481 0.0169645 0.0336612 0.0311893 0.0077232 0.0053495 0.0063699 0.0082154 0.0063648 0.0042243 0.0063699 0.0063699 0.0074490 0.0187782 0.0223333 0.0197623 0.0220562 0.0214081 0.0174941 0.0186293 0.0244545 0.0243884 0.0209302 0.0244633 0.0235590 0.0197367 0.0231909 0.0209068 0.0209199 0.0158933 0.0784648 0.0020992 0.0031606 0.0052952 0.0828370 0.0378185 0.0204889 0.0042314 0.0130093 0.0208373 0.0000010 0.0182797 0.0221479 0.0197745 0.0242873 0.0074568 0.0066028 0.0031606 0.0042735 0.0053506 0.0095683 0.0053005 0.0087231 0.0042243 0.0059066 0.0053005 0.0052922 0.0042243 0.1352242 0.0052922 0.0211635 0.0052922 0.0198407 
Gmel_CASQ2         0.0192822 0.0214886 0.0169892 0.0204124 0.0194207 0.0224135 0.0235010 0.0152846 0.0088137 0.0155383 0.0733197 0.0074755 0.0070927 0.0630850 0.0232929 0.0044501 0.0046701 0.0044501 0.0060620 0.0181667 0.0185398 0.0144528 0.0184254 0.0201125 0.0008876 0.0017710 0.0000010 0.0000000 0.0164862 0.0613296 0.0169645 0.0291834 0.0271478 0.0067659 0.0045176 0.0053538 0.0082154 0.0063648 0.0037179 0.0049737 0.0056028 0.0062579 0.0154299 0.0223333 0.0173097 0.0184260 0.0170337 0.0155782 0.0155782 0.0244545 0.0243884 0.0178642 0.0244633 0.0181667 0.0161716 0.0197218 0.0198772 0.0170986 0.0141967 0.0673030 0.0055146 0.0035518 0.0049735 0.0706049 0.0323744 0.0166755 0.0037739 0.0130093 0.0208373 0.0000010 0.0161725 0.0193781 0.0162151 0.0242873 0.0074568 0.0066028 0.0026596 0.0040683 0.0048326 0.0095683 0.0044559 0.0086270 0.0035534 0.0059066 0.0046764 0.0050408 0.0035534 0.1119600 0.0045313 0.0185053 0.0041349 0.0198407 
Hamp_CASQ2         0.0188945 0.0104798 0.0094457 0.0174941 0.0173989 0.0205053 0.0205053 0.0163603 0.0090034 0.0167990 0.0747622 0.0169682 0.0177062 0.0631296 0.0199611 0.0154792 0.0155259 0.0154792 0.0165498 0.0239161 0.0165076 0.0167754 0.0155066 0.0178808 0.0155119 0.0164791 0.0188430 0.0164862 0.0000000 0.0614854 0.0171214 0.0259405 0.0228130 0.0179072 0.0176397 0.0144980 0.0168287 0.0188331 0.0144833 0.0144980 0.0144980 0.0154948 0.0165052 0.0037714 0.0018393 0.0036932 0.0053402 0.0009257 0.0018550 0.0035234 0.0063202 0.0027667 0.0038864 0.0239161 0.0040879 0.0055531 0.0052501 0.0194749 0.0171795 0.0678609 0.0189965 0.0165172 0.0185003 0.0793456 0.0373868 0.0147537 0.0167344 0.0240572 0.0222663 0.0164862 0.0128294 0.0225360 0.0184162 0.0244446 0.0200289 0.0190898 0.0134880 0.0167309 0.0160808 0.0222144 0.0155032 0.0187038 0.0144833 0.0198432 0.0155499 0.0154119 0.0144833 0.1296941 0.0137284 0.0056682 0.0134955 0.0075052 
Hippo_CASQ2        0.0647551 0.0717835 0.0618101 0.0634653 0.0596048 0.0635483 0.0658676 0.0604508 0.0366293 0.0420861 0.0862901 0.0685981 0.0630117 0.0735848 0.0708791 0.0600975 0.0624129 0.0600975 0.0643095 0.0656872 0.0623900 0.0467399 0.0658349 0.0669365 0.0603828 0.0612691 0.0668481 0.0613296 0.0614854 0.0000000 0.0675237 0.0705321 0.0711419 0.0607525 0.0610859 0.0589746 0.0669643 0.0667730 0.0609545 0.0589746 0.0610111 0.0589746 0.0636289 0.0692898 0.0620598 0.0583971 0.0693200 0.0588210 0.0588210 0.0891410 0.0650579 0.0589840 0.0777668 0.0656872 0.0596401 0.0677808 0.0641547 0.0655907 0.0589800 0.0797614 0.0649482 0.0615006 0.0637396 0.0963078 0.0798389 0.0621849 0.0646043 0.0458385 0.0739457 0.0613296 0.0611572 0.0690878 0.0643901 0.0780096 0.0684508 0.0760770 0.0577066 0.0622457 0.0636734 0.0875183 0.0602443 0.0666392 0.0589222 0.0716604 0.0625756 0.0629490 0.0589222 0.1331029 0.0590424 0.0640477 0.0577683 0.0654502 
Igeo_CASQ2         0.0266611 0.0170235 0.0136432 0.0233783 0.0232918 0.0273248 0.0273248 0.0194252 0.0063307 0.0155984 0.0787456 0.0194681 0.0157244 0.0653691 0.0246052 0.0157047 0.0157047 0.0157047 0.0169551 0.0256709 0.0170399 0.0141386 0.0182954 0.0210843 0.0156871 0.0169553 0.0169645 0.0169645 0.0171214 0.0675237 0.0000000 0.0331302 0.0304163 0.0174554 0.0184163 0.0144785 0.0175887 0.0169551 0.0144602 0.0144785 0.0144785 0.0157244 0.0183381 0.0185988 0.0181517 0.0206736 0.0201072 0.0156596 0.0169063 0.0204302 0.0219620 0.0194334 0.0206225 0.0256709 0.0178598 0.0192775 0.0194097 0.0199867 0.0184347 0.0714901 0.0144794 0.0157561 0.0182181 0.0847328 0.0380774 0.0174791 0.0169815 0.0211669 0.0197732 0.0169645 0.0174791 0.0161384 0.0187035 0.0228457 0.0182547 0.0201759 0.0132179 0.0146410 0.0158948 0.0176388 0.0157351 0.0184417 0.0144602 0.0178236 0.0157351 0.0157047 0.0144602 0.1462093 0.0132271 0.0181368 0.0132271 0.0182312 
Kbre_CASQ2         0.0305861 0.0350731 0.0271832 0.0290571 0.0298093 0.0325655 0.0327961 0.0308342 0.0151909 0.0196324 0.0771761 0.0249258 0.0297812 0.0683285 0.0307868 0.0281428 0.0282913 0.0281428 0.0333417 0.0324780 0.0278284 0.0220487 0.0268285 0.0311979 0.0281995 0.0291673 0.0336612 0.0291834 0.0259405 0.0705321 0.0331302 0.0000000 0.0057631 0.0309440 0.0304564 0.0250633 0.0290980 0.0336380 0.0271428 0.0250633 0.0250081 0.0260770 0.0289807 0.0353598 0.0267128 0.0267144 0.0295534 0.0257121 0.0257121 0.0432983 0.0354916 0.0270675 0.0380302 0.0324780 0.0284723 0.0322868 0.0339136 0.0320327 0.0312642 0.0705746 0.0319526 0.0292435 0.0291307 0.0842563 0.0441053 0.0201193 0.0297423 0.0213510 0.0386847 0.0291834 0.0191868 0.0354466 0.0319378 0.0403190 0.0349621 0.0364211 0.0260932 0.0313178 0.0293341 0.0403994 0.0273874 0.0317778 0.0271214 0.0355485 0.0275065 0.0321627 0.0271214 0.1238178 0.0265631 0.0280578 0.0261107 0.0307413 
Ksim_CASQ2         0.0285840 0.0300119 0.0237971 0.0269366 0.0267807 0.0295716 0.0295716 0.0278319 0.0136379 0.0193085 0.0773538 0.0233064 0.0274871 0.0680979 0.0283688 0.0260772 0.0261586 0.0260772 0.0311687 0.0305271 0.0257757 0.0205903 0.0247361 0.0275440 0.0261319 0.0271329 0.0311893 0.0271478 0.0228130 0.0711419 0.0304163 0.0057631 0.0000000 0.0287766 0.0284468 0.0229095 0.0277897 0.0311687 0.0250250 0.0229095 0.0229095 0.0239524 0.0280069 0.0310349 0.0236051 0.0256726 0.0267147 0.0215597 0.0225843 0.0370002 0.0318471 0.0246622 0.0335326 0.0305271 0.0250969 0.0285051 0.0306055 0.0290051 0.0280884 0.0704470 0.0299750 0.0272049 0.0292799 0.0833162 0.0428360 0.0168211 0.0275718 0.0213510 0.0345609 0.0271478 0.0158549 0.0322176 0.0278736 0.0355396 0.0324747 0.0349078 0.0239684 0.0290527 0.0271203 0.0358601 0.0252812 0.0296024 0.0250250 0.0327404 0.0253607 0.0299479 0.0250250 0.1287587 0.0244142 0.0249052 0.0239845 0.0271437 
Lacu_CASQ2         0.0255613 0.0222510 0.0174159 0.0240416 0.0224187 0.0256059 0.0256059 0.0192972 0.0118429 0.0205065 0.0792572 0.0141347 0.0110788 0.0697155 0.0256772 0.0077366 0.0077597 0.0077366 0.0099488 0.0210851 0.0209050 0.0177594 0.0198787 0.0213213 0.0058029 0.0067636 0.0077232 0.0067659 0.0179072 0.0607525 0.0174554 0.0309440 0.0287766 0.0000000 0.0078109 0.0087208 0.0110152 0.0099488 0.0067612 0.0087208 0.0087208 0.0097023 0.0168584 0.0229577 0.0187330 0.0207687 0.0187356 0.0167157 0.0177257 0.0234021 0.0261485 0.0197687 0.0237067 0.0210851 0.0185991 0.0202347 0.0226008 0.0182949 0.0174092 0.0745765 0.0110155 0.0087334 0.0087211 0.0784511 0.0311495 0.0203877 0.0068668 0.0184454 0.0214328 0.0067659 0.0184246 0.0208450 0.0187431 0.0250470 0.0110926 0.0083109 0.0057875 0.0078078 0.0080376 0.0101685 0.0077477 0.0119164 0.0067612 0.0086503 0.0077709 0.0088312 0.0067612 0.1226219 0.0078697 0.0199652 0.0077366 0.0215200 
Lalb_CASQ2         0.0221337 0.0214506 0.0182483 0.0216067 0.0206756 0.0237271 0.0247330 0.0176824 0.0089524 0.0183872 0.0788466 0.0086972 0.0082347 0.0673473 0.0246873 0.0036023 0.0037586 0.0036023 0.0051058 0.0208967 0.0197847 0.0159056 0.0195983 0.0214835 0.0036135 0.0045163 0.0053495 0.0045176 0.0176397 0.0610859 0.0184163 0.0304564 0.0284468 0.0078109 0.0000000 0.0063487 0.0095138 0.0053405 0.0028053 0.0063487 0.0066067 0.0072692 0.0178658 0.0225760 0.0184621 0.0196605 0.0200870 0.0167628 0.0167628 0.0244012 0.0257942 0.0189961 0.0244248 0.0208967 0.0174913 0.0211415 0.0212506 0.0196894 0.0164158 0.0720005 0.0084453 0.0063570 0.0045141 0.0770400 0.0323305 0.0192759 0.0047691 0.0189161 0.0208075 0.0045176 0.0174021 0.0205593 0.0187167 0.0242471 0.0064350 0.0039300 0.0036045 0.0051672 0.0018977 0.0056770 0.0036069 0.0056490 0.0026967 0.0035184 0.0037636 0.0040760 0.0026967 0.1212662 0.0036602 0.0196834 0.0036023 0.0211901 
Laus_CASQ2         0.0188944 0.0183194 0.0148289 0.0184059 0.0175148 0.0204789 0.0214697 0.0146067 0.0073290 0.0143190 0.0713294 0.0014874 0.0009996 0.0579364 0.0209941 0.0026617 0.0027928 0.0026617 0.0040269 0.0157437 0.0166315 0.0121854 0.0164300 0.0178088 0.0044707 0.0053522 0.0063699 0.0053538 0.0144980 0.0589746 0.0144785 0.0250633 0.0229095 0.0087208 0.0063487 0.0000000 0.0023158 0.0042275 0.0037192 0.0000010 0.0000010 0.0008834 0.0128669 0.0196149 0.0153343 0.0165297 0.0156798 0.0136998 0.0136998 0.0224974 0.0197961 0.0159310 0.0216412 0.0157437 0.0151335 0.0185233 0.0177193 0.0146321 0.0132485 0.0624409 0.0073908 0.0053624 0.0071656 0.0719854 0.0288145 0.0160860 0.0056840 0.0103589 0.0157495 0.0053538 0.0142374 0.0153598 0.0136916 0.0183231 0.0074596 0.0079453 0.0026605 0.0040699 0.0048344 0.0076309 0.0044574 0.0086298 0.0035546 0.0059091 0.0046780 0.0050427 0.0035546 0.1146781 0.0027100 0.0165018 0.0026617 0.0175679 
Lbor_CASQ2         0.0238433 0.0229904 0.0185450 0.0207342 0.0206513 0.0219745 0.0219745 0.0167866 0.0084184 0.0173472 0.0847444 0.0058779 0.0023158 0.0647039 0.0232408 0.0058368 0.0058368 0.0058368 0.0070214 0.0195781 0.0207803 0.0124325 0.0195098 0.0193974 0.0070143 0.0082118 0.0082154 0.0082154 0.0168287 0.0669643 0.0175887 0.0290980 0.0277897 0.0110152 0.0095138 0.0023158 0.0000000 0.0070214 0.0070186 0.0023158 0.0023158 0.0011555 0.0157430 0.0221042 0.0180678 0.0205765 0.0231629 0.0168287 0.0180749 0.0244769 0.0206018 0.0193427 0.0244923 0.0195781 0.0192214 0.0230485 0.0193193 0.0180507 0.0150540 0.0707594 0.0070272 0.0082330 0.0082052 0.0790319 0.0331126 0.0214408 0.0070243 0.0103589 0.0176008 0.0082154 0.0189987 0.0193747 0.0168061 0.0208761 0.0094138 0.0106645 0.0058333 0.0071072 0.0083079 0.0132379 0.0082228 0.0121134 0.0070186 0.0092775 0.0082228 0.0082084 0.0070186 0.1267596 0.0058368 0.0208548 0.0058368 0.0194373 
Lhos30470_CASQ2    0.0250187 0.0214723 0.0196457 0.0221742 0.0221009 0.0257144 0.0257144 0.0185641 0.0107589 0.0229600 0.0868923 0.0067186 0.0052962 0.0698996 0.0232798 0.0010480 0.0010480 0.0010480 0.0021008 0.0235456 0.0187565 0.0152008 0.0176135 0.0201017 0.0052852 0.0063623 0.0063648 0.0063648 0.0188331 0.0667730 0.0169551 0.0336380 0.0311687 0.0099488 0.0053405 0.0042275 0.0070214 0.0000000 0.0021000 0.0042275 0.0042275 0.0052962 0.0164942 0.0209415 0.0197519 0.0220441 0.0213679 0.0174852 0.0186197 0.0244308 0.0220689 0.0209190 0.0244462 0.0235456 0.0197250 0.0231750 0.0208956 0.0209086 0.0170868 0.0754666 0.0042273 0.0053043 0.0052862 0.0827280 0.0377877 0.0204777 0.0063707 0.0157081 0.0208248 0.0063648 0.0182701 0.0221357 0.0197641 0.0242694 0.0052952 0.0052567 0.0031594 0.0042719 0.0031923 0.0056842 0.0031619 0.0065048 0.0021000 0.0035211 0.0031619 0.0031570 0.0021000 0.1352665 0.0031570 0.0211519 0.0031570 0.0198302 
Lhos452_CASQ2      0.0197963 0.0182902 0.0148127 0.0183875 0.0183356 0.0214484 0.0214484 0.0152849 0.0058447 0.0165314 0.0768028 0.0059678 0.0052943 0.0649601 0.0209704 0.0009230 0.0009256 0.0009230 0.0021000 0.0185350 0.0174134 0.0141017 0.0164135 0.0177884 0.0027879 0.0037167 0.0042243 0.0037179 0.0144833 0.0609545 0.0144602 0.0271428 0.0250250 0.0067612 0.0028053 0.0037192 0.0070186 0.0021000 0.0000000 0.0037192 0.0037192 0.0046582 0.0154486 0.0182270 0.0153190 0.0173020 0.0181254 0.0133553 0.0143377 0.0205195 0.0220611 0.0163241 0.0216115 0.0185350 0.0148266 0.0173110 0.0186130 0.0163170 0.0128569 0.0697632 0.0057902 0.0037240 0.0037149 0.0735487 0.0299912 0.0168550 0.0037715 0.0157081 0.0182836 0.0037179 0.0149205 0.0173634 0.0153268 0.0212922 0.0031630 0.0026140 0.0009235 0.0021265 0.0009577 0.0018807 0.0009241 0.0047503 0.0000010 0.0011678 0.0009268 0.0010477 0.0000010 0.1234130 0.0009382 0.0164852 0.0009230 0.0175480 
Lobl_CASQ2         0.0174885 0.0183194 0.0148289 0.0184059 0.0175148 0.0204789 0.0214697 0.0135462 0.0073290 0.0143190 0.0686528 0.0014874 0.0009996 0.0564474 0.0209941 0.0026617 0.0027928 0.0026617 0.0040269 0.0145847 0.0166315 0.0121854 0.0164300 0.0178088 0.0044707 0.0053522 0.0063699 0.0049737 0.0144980 0.0589746 0.0144785 0.0250633 0.0229095 0.0087208 0.0063487 0.0000010 0.0023158 0.0042275 0.0037192 0.0000000 0.0000010 0.0008834 0.0119276 0.0196149 0.0153343 0.0165297 0.0156798 0.0136998 0.0136998 0.0224974 0.0197961 0.0159310 0.0216412 0.0145847 0.0151335 0.0185233 0.0177193 0.0135678 0.0132485 0.0606016 0.0073908 0.0053624 0.0066550 0.0681725 0.0288145 0.0148874 0.0056840 0.0103589 0.0157495 0.0053538 0.0142374 0.0153598 0.0126974 0.0183231 0.0074596 0.0079453 0.0026605 0.0040699 0.0048344 0.0076309 0.0044574 0.0086298 0.0035546 0.0059091 0.0046780 0.0050427 0.0035546 0.1068512 0.0027100 0.0165018 0.0024737 0.0175679 
Lobs_CASQ2         0.0198163 0.0183194 0.0148289 0.0184059 0.0183539 0.0214697 0.0214697 0.0153001 0.0073290 0.0152212 0.0740671 0.0014874 0.0010491 0.0599054 0.0209941 0.0027848 0.0027928 0.0027848 0.0042275 0.0165027 0.0174308 0.0128957 0.0164300 0.0178088 0.0046681 0.0056010 0.0063699 0.0056028 0.0144980 0.0610111 0.0144785 0.0250081 0.0229095 0.0087208 0.0066067 0.0000010 0.0023158 0.0042275 0.0037192 0.0000010 0.0000000 0.0009240 0.0134828 0.0196149 0.0153343 0.0173192 0.0167080 0.0133686 0.0143520 0.0224974 0.0197961 0.0163404 0.0216412 0.0165027 0.0159323 0.0185233 0.0186340 0.0143286 0.0128702 0.0646541 0.0077446 0.0056122 0.0075001 0.0733650 0.0288145 0.0168721 0.0056840 0.0103589 0.0157495 0.0056028 0.0149359 0.0153598 0.0133469 0.0183231 0.0074596 0.0079453 0.0027835 0.0042753 0.0048344 0.0076309 0.0046645 0.0086298 0.0037192 0.0059091 0.0046780 0.0052943 0.0037192 0.1201378 0.0028310 0.0165018 0.0027848 0.0175679 
LperAUS_CASQ2      0.0198690 0.0199081 0.0159128 0.0194126 0.0184710 0.0214499 0.0224893 0.0155486 0.0073290 0.0143190 0.0713294 0.0029754 0.0020035 0.0579364 0.0221476 0.0035557 0.0037311 0.0035557 0.0050444 0.0167020 0.0175887 0.0121854 0.0174308 0.0189643 0.0053750 0.0062560 0.0074490 0.0062579 0.0154948 0.0589746 0.0157244 0.0260770 0.0239524 0.0097023 0.0072692 0.0008834 0.0011555 0.0052962 0.0046582 0.0008834 0.0009240 0.0000000 0.0138118 0.0209783 0.0163249 0.0174809 0.0170320 0.0146420 0.0146420 0.0244621 0.0209425 0.0169006 0.0230568 0.0167020 0.0161758 0.0197268 0.0188017 0.0155761 0.0142231 0.0624409 0.0083249 0.0062680 0.0080765 0.0719854 0.0299881 0.0170568 0.0066446 0.0103589 0.0170033 0.0062579 0.0152080 0.0163521 0.0146321 0.0197891 0.0085442 0.0092949 0.0035541 0.0050981 0.0058129 0.0095743 0.0053590 0.0096071 0.0044516 0.0071088 0.0056248 0.0060642 0.0044516 0.1160200 0.0036204 0.0175067 0.0035557 0.0187078 
