89
Bacu_MYO7A         0.0000000 0.0183744 0.0366339 0.0043872 0.0063272 0.0064296 0.0070771 0.0072972 0.0083632 0.0044310 0.0044287 0.0588218 0.0125730 0.0223488 0.0543986 0.0086850 0.0242507 0.0229178 0.0232683 0.0222207 0.0206952 0.0093219 0.0092218 0.0101542 0.0082142 0.0200867 0.0207073 0.0203757 0.0220243 0.0177234 0.0445283 0.0435834 0.0206017 0.0162411 0.0198057 0.0206664 0.0207716 0.0182146 0.0212049 0.0221722 0.0232002 0.0198898 0.0233993 0.0203983 0.0186627 0.0199235 0.0205548 0.0509676 0.0158485 0.0161341 0.0179753 0.0152398 0.0179884 0.0209870 0.0178431 0.0200735 0.0151146 0.0270372 0.0207413 0.0552264 0.0211574 0.0193586 0.0236305 0.0191620 0.0207278 0.0173815 0.0175495 0.0153627 0.0160466 0.0168984 0.0164776 0.0172997 0.0246421 0.0193154 0.0206419 0.0201835 0.0225654 0.0226030 0.0226365 0.0230760 0.0197313 0.0212429 0.0210001 0.0222943 0.0536167 0.0227624 0.0221094 0.0219098 0.0169554 
Barn_MYO7A         0.0183744 0.0000000 0.0017831 0.0179656 0.0167893 0.0184697 0.0184280 0.0198935 0.0164402 0.0157167 0.0164468 0.0572431 0.0095669 0.0111679 0.0543562 0.0200286 0.0138924 0.0138642 0.0129166 0.0126708 0.0134031 0.0153771 0.0158349 0.0167077 0.0180890 0.0129000 0.0140240 0.0129926 0.0134018 0.0086111 0.0545090 0.0183853 0.0187406 0.0182780 0.0116678 0.0135015 0.0119992 0.0116268 0.0133900 0.0133941 0.0166563 0.0106687 0.0124775 0.0182488 0.0072433 0.0086842 0.0076967 0.0425733 0.0057281 0.0066617 0.0063173 0.0057234 0.0079403 0.0163612 0.0059076 0.0082054 0.0063199 0.0109947 0.0161769 0.0495039 0.0124412 0.0110176 0.0138748 0.0172994 0.0135144 0.0105271 0.0124734 0.0170655 0.0196756 0.0105271 0.0107407 0.0105271 0.0147789 0.0142036 0.0138611 0.0138611 0.0126708 0.0143502 0.0138642 0.0129486 0.0129166 0.0121719 0.0132892 0.0133971 0.0598609 0.0122526 0.0123952 0.0159375 0.0057237 
Bbai76728_MYO7A    0.0366339 0.0017831 0.0000000 0.0335227 0.0366632 0.0369794 0.0361113 0.0370188 0.0357260 0.0352168 0.0205078 0.0833346 0.0078833 0.0243273 0.0795617 0.0411117 0.0328480 0.0364381 0.0183134 0.0324808 0.0342376 0.0146230 0.0315333 0.0360781 0.0391429 0.0339143 0.0354390 0.0350191 0.0348738 0.0259921 0.0725338 0.0384850 0.0336816 0.0195193 0.0389705 0.0356884 0.0185524 0.0160569 0.0341650 0.0352513 0.0417952 0.0304158 0.0196968 0.0389883 0.0138113 0.0156566 0.0120455 0.0341940 0.0089271 0.0263262 0.0067759 0.0056844 0.0116845 0.0356858 0.0115686 0.0112330 0.0226279 0.0443311 0.0361403 0.0776493 0.0335079 0.0325726 0.0362190 0.0332492 0.0358232 0.0132211 0.0348689 0.0214903 0.0425202 0.0160342 0.0122636 0.0310754 0.0383539 0.0147076 0.0337097 0.0216372 0.0341507 0.0347546 0.0365518 0.0339708 0.0345330 0.0313842 0.0333474 0.0344280 0.0786792 0.0341278 0.0137995 0.0406602 0.0065252 
BbonAUS_MYO7A      0.0043872 0.0179656 0.0335227 0.0000000 0.0073335 0.0079032 0.0066974 0.0076100 0.0091145 0.0043974 0.0059577 0.0584593 0.0130600 0.0192557 0.0547022 0.0107447 0.0200969 0.0219239 0.0204127 0.0196850 0.0190741 0.0084066 0.0087130 0.0096068 0.0078943 0.0168401 0.0194635 0.0185223 0.0196993 0.0171694 0.0475730 0.0383380 0.0206714 0.0166847 0.0187636 0.0192604 0.0181628 0.0169672 0.0191621 0.0210923 0.0235572 0.0172150 0.0198670 0.0190623 0.0190533 0.0183899 0.0176183 0.0464979 0.0149983 0.0155109 0.0174034 0.0143877 0.0165913 0.0200431 0.0164842 0.0176688 0.0166592 0.0268858 0.0181770 0.0538534 0.0190913 0.0186200 0.0218688 0.0174262 0.0193960 0.0142017 0.0180872 0.0162848 0.0179714 0.0151306 0.0137603 0.0156672 0.0222900 0.0192590 0.0177551 0.0185481 0.0194700 0.0199858 0.0214774 0.0200863 0.0194038 0.0179730 0.0185848 0.0183869 0.0529582 0.0190641 0.0224197 0.0215019 0.0152611 
Bbor_MYO7A         0.0063272 0.0167893 0.0366632 0.0073335 0.0000000 0.0016091 0.0028814 0.0052250 0.0075521 0.0032685 0.0041344 0.0541977 0.0114601 0.0202069 0.0516515 0.0079850 0.0232811 0.0214607 0.0209473 0.0211776 0.0212749 0.0081445 0.0077832 0.0090058 0.0050077 0.0191141 0.0192414 0.0192658 0.0204480 0.0165448 0.0464597 0.0408540 0.0212729 0.0159850 0.0186891 0.0193412 0.0196027 0.0168608 0.0196604 0.0201516 0.0231470 0.0189428 0.0219919 0.0183603 0.0179562 0.0188494 0.0207163 0.0496588 0.0155255 0.0156226 0.0164551 0.0152697 0.0169003 0.0213249 0.0175241 0.0193081 0.0145084 0.0278001 0.0207112 0.0508817 0.0203851 0.0181825 0.0201740 0.0161089 0.0200447 0.0164075 0.0161997 0.0134878 0.0192190 0.0165917 0.0171822 0.0166032 0.0216336 0.0184139 0.0192878 0.0198570 0.0203245 0.0209189 0.0206093 0.0210725 0.0183970 0.0198168 0.0201108 0.0211510 0.0511329 0.0209016 0.0210920 0.0212468 0.0161850 
Bede66737_MYO7A    0.0064296 0.0184697 0.0369794 0.0079032 0.0016091 0.0000000 0.0015878 0.0053975 0.0074740 0.0035673 0.0042193 0.0553219 0.0141697 0.0217889 0.0526189 0.0082866 0.0249020 0.0227549 0.0221557 0.0224238 0.0207240 0.0089422 0.0082635 0.0094752 0.0053556 0.0193465 0.0202226 0.0202021 0.0212875 0.0178269 0.0473101 0.0432557 0.0199592 0.0167940 0.0195824 0.0198234 0.0208772 0.0187495 0.0206724 0.0212489 0.0248318 0.0195456 0.0227455 0.0193266 0.0190699 0.0209772 0.0215202 0.0498082 0.0163737 0.0162980 0.0177138 0.0166098 0.0185737 0.0210463 0.0185754 0.0204410 0.0156239 0.0273820 0.0201857 0.0522037 0.0209676 0.0188450 0.0221432 0.0185113 0.0213380 0.0178695 0.0177308 0.0138280 0.0180342 0.0176920 0.0179013 0.0171447 0.0234807 0.0206672 0.0204518 0.0208448 0.0213706 0.0223992 0.0217168 0.0219226 0.0197301 0.0209785 0.0213298 0.0222468 0.0515346 0.0225103 0.0216527 0.0225462 0.0174945 
BedeAUS_MYO7A      0.0070771 0.0184280 0.0361113 0.0066974 0.0028814 0.0015878 0.0000000 0.0064897 0.0088006 0.0048669 0.0051421 0.0584800 0.0141358 0.0210407 0.0546381 0.0094911 0.0233821 0.0239608 0.0235540 0.0236026 0.0216512 0.0089272 0.0085470 0.0100079 0.0056557 0.0194101 0.0211244 0.0213546 0.0222323 0.0184754 0.0496396 0.0432141 0.0197527 0.0167818 0.0211637 0.0208728 0.0201648 0.0187123 0.0209996 0.0230254 0.0254384 0.0198828 0.0231499 0.0204505 0.0190568 0.0208151 0.0207902 0.0496910 0.0163631 0.0167556 0.0176839 0.0165813 0.0185326 0.0225851 0.0189162 0.0204053 0.0168362 0.0290692 0.0207062 0.0548473 0.0202912 0.0177785 0.0231362 0.0189712 0.0221314 0.0182080 0.0182242 0.0142657 0.0191893 0.0180210 0.0183112 0.0184268 0.0248914 0.0206255 0.0206614 0.0211819 0.0222049 0.0217340 0.0232976 0.0212561 0.0197174 0.0207065 0.0216750 0.0210203 0.0516615 0.0224525 0.0224973 0.0230229 0.0174815 
Bmus_MYO7A         0.0072972 0.0198935 0.0370188 0.0076100 0.0052250 0.0053975 0.0064897 0.0000000 0.0086299 0.0056133 0.0065010 0.0601064 0.0151655 0.0237952 0.0577835 0.0105208 0.0260179 0.0240980 0.0238934 0.0239862 0.0183630 0.0105575 0.0104393 0.0113351 0.0062465 0.0218686 0.0220479 0.0207759 0.0195864 0.0188454 0.0417006 0.0433277 0.0216878 0.0174014 0.0214844 0.0223317 0.0228552 0.0182208 0.0226103 0.0227745 0.0263622 0.0217249 0.0257182 0.0199292 0.0189970 0.0210653 0.0227632 0.0500469 0.0173098 0.0178239 0.0191122 0.0184365 0.0165646 0.0192848 0.0198543 0.0207689 0.0158763 0.0239261 0.0203694 0.0582138 0.0231038 0.0202447 0.0211897 0.0200735 0.0231104 0.0183782 0.0188066 0.0151203 0.0187227 0.0188053 0.0178748 0.0154679 0.0254967 0.0214463 0.0223131 0.0228403 0.0235653 0.0241884 0.0227168 0.0243534 0.0203400 0.0224083 0.0236702 0.0231847 0.0552974 0.0243245 0.0232005 0.0238887 0.0193391 
Bmys_MYO7A         0.0083632 0.0164402 0.0357260 0.0091145 0.0075521 0.0074740 0.0088006 0.0086299 0.0000000 0.0065541 0.0073562 0.0563020 0.0120465 0.0197399 0.0551688 0.0090216 0.0230030 0.0210591 0.0215952 0.0199939 0.0199933 0.0015345 0.0016802 0.0029050 0.0092578 0.0183102 0.0192334 0.0189532 0.0208283 0.0164703 0.0438110 0.0430653 0.0192230 0.0154956 0.0176306 0.0184984 0.0199651 0.0163896 0.0197035 0.0203435 0.0217050 0.0178773 0.0225323 0.0177907 0.0164649 0.0176237 0.0199797 0.0503019 0.0136479 0.0151083 0.0161524 0.0137163 0.0153621 0.0208537 0.0167323 0.0168802 0.0138864 0.0262781 0.0185754 0.0541388 0.0194009 0.0170156 0.0219497 0.0175820 0.0198853 0.0171292 0.0158557 0.0139960 0.0153415 0.0166336 0.0161728 0.0162045 0.0211178 0.0181247 0.0195025 0.0188564 0.0197765 0.0212374 0.0200139 0.0217222 0.0177272 0.0192837 0.0185268 0.0204206 0.0511090 0.0214753 0.0213138 0.0209178 0.0159003 
Bphy_MYO7A         0.0044310 0.0157167 0.0352168 0.0043974 0.0032685 0.0035673 0.0048669 0.0056133 0.0065541 0.0000000 0.0002907 0.0569024 0.0103304 0.0196367 0.0537675 0.0069095 0.0218506 0.0209114 0.0207372 0.0201907 0.0188716 0.0074280 0.0069413 0.0078464 0.0056427 0.0171256 0.0182432 0.0183121 0.0201858 0.0150843 0.0441608 0.0402862 0.0187588 0.0151239 0.0179858 0.0181430 0.0188370 0.0159092 0.0186745 0.0202335 0.0215086 0.0175920 0.0214469 0.0180726 0.0164630 0.0173078 0.0188232 0.0476181 0.0141115 0.0141741 0.0160389 0.0144535 0.0148535 0.0191576 0.0161341 0.0180613 0.0135229 0.0253723 0.0190702 0.0551918 0.0183925 0.0167187 0.0217742 0.0164330 0.0191032 0.0150935 0.0156296 0.0130329 0.0149609 0.0149963 0.0151584 0.0155137 0.0221724 0.0174350 0.0181814 0.0184052 0.0193486 0.0201426 0.0204979 0.0205937 0.0173325 0.0185146 0.0191705 0.0197424 0.0514143 0.0201046 0.0200639 0.0210495 0.0149670 
Bphy_baits_MYO7A   0.0044287 0.0164468 0.0205078 0.0059577 0.0041344 0.0042193 0.0051421 0.0065010 0.0073562 0.0002907 0.0000000 0.0557858 0.0115289 0.0165721 0.0525854 0.0080825 0.0194835 0.0180717 0.0189460 0.0167789 0.0180248 0.0078332 0.0073393 0.0083681 0.0059143 0.0149713 0.0167823 0.0160587 0.0170877 0.0157159 0.0468195 0.0413515 0.0159819 0.0152812 0.0159054 0.0160347 0.0167631 0.0153421 0.0165878 0.0171062 0.0204179 0.0164493 0.0180185 0.0179948 0.0159971 0.0175414 0.0192495 0.0460541 0.0137280 0.0139237 0.0165754 0.0140299 0.0147637 0.0189978 0.0150472 0.0178960 0.0144791 0.0265189 0.0184576 0.0513976 0.0160121 0.0158343 0.0174206 0.0169634 0.0176094 0.0145828 0.0146894 0.0138405 0.0173605 0.0147662 0.0141304 0.0145883 0.0185031 0.0179726 0.0162343 0.0173034 0.0159541 0.0179676 0.0179550 0.0170683 0.0163500 0.0164248 0.0169639 0.0180805 0.0513290 0.0172444 0.0199012 0.0183406 0.0146225 
Btau_MYO7A         0.0588218 0.0572431 0.0833346 0.0584593 0.0541977 0.0553219 0.0584800 0.0601064 0.0563020 0.0569024 0.0557858 0.0000000 0.0559171 0.0639285 0.0244505 0.0564327 0.0675046 0.0640439 0.0653874 0.0652386 0.0640892 0.0544543 0.0569786 0.0536952 0.0606415 0.0621429 0.0627926 0.0611603 0.0642542 0.0585066 0.0631945 0.0908608 0.0647847 0.0575163 0.0631499 0.0607622 0.0638952 0.0584536 0.0626357 0.0648037 0.0687264 0.0630158 0.0643699 0.0659590 0.0614929 0.0635511 0.0632884 0.1062019 0.0607759 0.0633864 0.0608431 0.0629930 0.0610640 0.0645761 0.0609405 0.0639878 0.0614335 0.0713224 0.0647851 0.0244223 0.0651106 0.0617944 0.0639274 0.0620769 0.0635929 0.0610080 0.0591633 0.0591766 0.0635569 0.0607081 0.0591922 0.0614467 0.0642276 0.0613545 0.0629296 0.0635942 0.0630411 0.0641628 0.0654600 0.0650038 0.0607348 0.0648502 0.0613275 0.0640400 0.0688095 0.0640483 0.0636086 0.0647132 0.0611682 
Ccom40_MYO7A       0.0125730 0.0095669 0.0078833 0.0130600 0.0114601 0.0141697 0.0141358 0.0151655 0.0120465 0.0103304 0.0115289 0.0559171 0.0000000 0.0009655 0.0483426 0.0148920 0.0043965 0.0033988 0.0029105 0.0033988 0.0078745 0.0120504 0.0119725 0.0119881 0.0131369 0.0029067 0.0037069 0.0026415 0.0029082 0.0104164 0.0505912 0.0109384 0.0129718 0.0113999 0.0031801 0.0042504 0.0009655 0.0030768 0.0033988 0.0033998 0.0068663 0.0014496 0.0022117 0.0140460 0.0099299 0.0109795 0.0114455 0.0461183 0.0078971 0.0079247 0.0100139 0.0073860 0.0094092 0.0104320 0.0084754 0.0104204 0.0089090 0.0053675 0.0098439 0.0462979 0.0034070 0.0043863 0.0048863 0.0104350 0.0026415 0.0058643 0.0021098 0.0130348 0.0154379 0.0053903 0.0060372 0.0058643 0.0038881 0.0050955 0.0033962 0.0035456 0.0033988 0.0043817 0.0038881 0.0029105 0.0034058 0.0029105 0.0037100 0.0034006 0.0553984 0.0046268 0.0129793 0.0054785 0.0089048 
Chea7320_MYO7A     0.0223488 0.0111679 0.0243273 0.0192557 0.0202069 0.0217889 0.0210407 0.0237952 0.0197399 0.0196367 0.0165721 0.0639285 0.0009655 0.0000000 0.0585044 0.0216805 0.0043678 0.0043426 0.0045030 0.0046624 0.0133521 0.0144787 0.0165067 0.0187424 0.0210873 0.0031762 0.0052193 0.0045723 0.0052251 0.0162814 0.0583460 0.0321250 0.0228293 0.0156999 0.0059486 0.0050124 0.0002956 0.0015597 0.0032481 0.0046382 0.0046085 0.0003031 0.0028369 0.0184178 0.0119738 0.0170089 0.0163408 0.0387821 0.0114082 0.0135813 0.0131122 0.0120435 0.0117461 0.0140098 0.0152318 0.0134066 0.0125969 0.0214324 0.0113097 0.0598696 0.0046236 0.0042214 0.0070081 0.0118346 0.0050728 0.0074634 0.0038156 0.0169887 0.0244226 0.0071664 0.0071224 0.0096803 0.0053204 0.0043521 0.0032441 0.0036079 0.0035458 0.0034520 0.0049348 0.0040531 0.0029121 0.0031521 0.0033841 0.0034570 0.0596415 0.0047359 0.0173148 0.0054840 0.0122668 
Chir_MYO7A         0.0543986 0.0543562 0.0795617 0.0547022 0.0516515 0.0526189 0.0546381 0.0577835 0.0551688 0.0537675 0.0525854 0.0244505 0.0483426 0.0585044 0.0000000 0.0555495 0.0620385 0.0605165 0.0601542 0.0622003 0.0607197 0.0501796 0.0544780 0.0500998 0.0553121 0.0575676 0.0582762 0.0582224 0.0634632 0.0541547 0.0599365 0.0838412 0.0593016 0.0513029 0.0623420 0.0575460 0.0575635 0.0524660 0.0593275 0.0612307 0.0648930 0.0573890 0.0576058 0.0640694 0.0573209 0.0614734 0.0593966 0.1007388 0.0561027 0.0597978 0.0569387 0.0585131 0.0547233 0.0611616 0.0558227 0.0594610 0.0586811 0.0689959 0.0611567 0.0094302 0.0605298 0.0572226 0.0634318 0.0582840 0.0592104 0.0558752 0.0555286 0.0574690 0.0631888 0.0557397 0.0568548 0.0589488 0.0632771 0.0569494 0.0590118 0.0586502 0.0601106 0.0599267 0.0628636 0.0593373 0.0563927 0.0597471 0.0564610 0.0605651 0.0690616 0.0605736 0.0592397 0.0617467 0.0549578 
Cmar59905_MYO7A    0.0086850 0.0200286 0.0411117 0.0107447 0.0079850 0.0082866 0.0094911 0.0105208 0.0090216 0.0069095 0.0080825 0.0564327 0.0148920 0.0216805 0.0555495 0.0000000 0.0241049 0.0215145 0.0209992 0.0217182 0.0222379 0.0098519 0.0090395 0.0102974 0.0099416 0.0191966 0.0196879 0.0195208 0.0198325 0.0188239 0.0492613 0.0444557 0.0241010 0.0193153 0.0193851 0.0199327 0.0209751 0.0191713 0.0202689 0.0201599 0.0243358 0.0197539 0.0228943 0.0216180 0.0194170 0.0209158 0.0228050 0.0523946 0.0169195 0.0164301 0.0195636 0.0168434 0.0189744 0.0222929 0.0183846 0.0209544 0.0154485 0.0294283 0.0207101 0.0540239 0.0210685 0.0189643 0.0201824 0.0180961 0.0205304 0.0183093 0.0168549 0.0153641 0.0206748 0.0183808 0.0192132 0.0179312 0.0223510 0.0202915 0.0199132 0.0215092 0.0210052 0.0216287 0.0210848 0.0211031 0.0194431 0.0209153 0.0213744 0.0218295 0.0522301 0.0212508 0.0223088 0.0210528 0.0177760 
Dcap108471_MYO7A   0.0242507 0.0138924 0.0328480 0.0200969 0.0232811 0.0249020 0.0233821 0.0260179 0.0230030 0.0218506 0.0194835 0.0675046 0.0043965 0.0043678 0.0620385 0.0241049 0.0000000 0.0018835 0.0026188 0.0030462 0.0155177 0.0176079 0.0204183 0.0231936 0.0239184 0.0047656 0.0074081 0.0058235 0.0072146 0.0185718 0.0593999 0.0333447 0.0262827 0.0198893 0.0079103 0.0062419 0.0039909 0.0039288 0.0019094 0.0042120 0.0098637 0.0052184 0.0059198 0.0194931 0.0152369 0.0182358 0.0187188 0.0414177 0.0138111 0.0159698 0.0158759 0.0140354 0.0146134 0.0169539 0.0175239 0.0175216 0.0157867 0.0233143 0.0138965 0.0629083 0.0059728 0.0063534 0.0074621 0.0138464 0.0073412 0.0099357 0.0063931 0.0184575 0.0279114 0.0095097 0.0089367 0.0125082 0.0045272 0.0035656 0.0054956 0.0062553 0.0034021 0.0026612 0.0039760 0.0032177 0.0020764 0.0023339 0.0031574 0.0030479 0.0585955 0.0054770 0.0197617 0.0044255 0.0141399 
Dcap79929_MYO7A    0.0229178 0.0138642 0.0364381 0.0219239 0.0214607 0.0227549 0.0239608 0.0240980 0.0210591 0.0209114 0.0180717 0.0640439 0.0033988 0.0043426 0.0605165 0.0215145 0.0018835 0.0000000 0.0008285 0.0011366 0.0151752 0.0165883 0.0195371 0.0217020 0.0227603 0.0053926 0.0060501 0.0047264 0.0054170 0.0185305 0.0567621 0.0335004 0.0251219 0.0177450 0.0065766 0.0064435 0.0044925 0.0035273 0.0011135 0.0032523 0.0079969 0.0041014 0.0047486 0.0184290 0.0142525 0.0184914 0.0191823 0.0398001 0.0127312 0.0157991 0.0157253 0.0130948 0.0136216 0.0154727 0.0174508 0.0168792 0.0141935 0.0209432 0.0128234 0.0603935 0.0069811 0.0072085 0.0069246 0.0134340 0.0057703 0.0086839 0.0045069 0.0182821 0.0259397 0.0084498 0.0084073 0.0104661 0.0033822 0.0023636 0.0046568 0.0058204 0.0025279 0.0027257 0.0024457 0.0032963 0.0012133 0.0012346 0.0022425 0.0033620 0.0580413 0.0039829 0.0192726 0.0030895 0.0133534 
DdelSJR_MYO7A      0.0232683 0.0129166 0.0183134 0.0204127 0.0209473 0.0221557 0.0235540 0.0238934 0.0215952 0.0207372 0.0189460 0.0653874 0.0029105 0.0045030 0.0601542 0.0209992 0.0026188 0.0008285 0.0000000 0.0019653 0.0145334 0.0165953 0.0203516 0.0220015 0.0213952 0.0053783 0.0059640 0.0045383 0.0053429 0.0172083 0.0562394 0.0157043 0.0219539 0.0188890 0.0053299 0.0063552 0.0045100 0.0036471 0.0012085 0.0026532 0.0078606 0.0043416 0.0050481 0.0189351 0.0133513 0.0177773 0.0184466 0.0412839 0.0117124 0.0138422 0.0153718 0.0131002 0.0131854 0.0148441 0.0167903 0.0162509 0.0134308 0.0219913 0.0131088 0.0603675 0.0069275 0.0071463 0.0069850 0.0120450 0.0056748 0.0089370 0.0042572 0.0182003 0.0265893 0.0087210 0.0078325 0.0105551 0.0034845 0.0023646 0.0051777 0.0062257 0.0030439 0.0029672 0.0020175 0.0032754 0.0013279 0.0012587 0.0019746 0.0025046 0.0580187 0.0040698 0.0191850 0.0034044 0.0135621 
Ddeltrop4525_MYO7A 0.0222207 0.0126708 0.0324808 0.0196850 0.0211776 0.0224238 0.0236026 0.0239862 0.0199939 0.0201907 0.0167789 0.0652386 0.0033988 0.0046624 0.0622003 0.0217182 0.0030462 0.0011366 0.0019653 0.0000000 0.0132790 0.0163319 0.0191377 0.0207543 0.0226616 0.0048962 0.0062838 0.0049826 0.0054793 0.0171531 0.0583484 0.0308803 0.0248596 0.0161068 0.0065842 0.0068300 0.0041884 0.0031316 0.0021243 0.0032343 0.0075872 0.0037644 0.0044643 0.0179945 0.0128503 0.0172274 0.0176131 0.0392999 0.0118243 0.0154341 0.0138995 0.0131854 0.0131492 0.0142390 0.0157454 0.0142133 0.0126930 0.0212990 0.0116686 0.0620500 0.0070865 0.0064316 0.0069580 0.0135316 0.0059259 0.0088156 0.0044225 0.0172205 0.0246461 0.0082069 0.0095907 0.0096235 0.0029349 0.0027609 0.0044616 0.0053222 0.0018183 0.0033526 0.0032343 0.0039854 0.0012777 0.0025801 0.0027330 0.0036627 0.0596131 0.0045110 0.0188938 0.0032376 0.0134579 
Dleu_MYO7A         0.0206952 0.0134031 0.0342376 0.0190741 0.0212749 0.0207240 0.0216512 0.0183630 0.0199933 0.0188716 0.0180248 0.0640892 0.0078745 0.0133521 0.0607197 0.0222379 0.0155177 0.0151752 0.0145334 0.0132790 0.0000000 0.0166020 0.0190703 0.0215257 0.0214023 0.0136118 0.0140403 0.0137283 0.0127309 0.0181815 0.0467887 0.0350845 0.0241114 0.0196014 0.0147568 0.0129651 0.0140309 0.0104067 0.0131131 0.0142828 0.0157214 0.0125099 0.0141434 0.0157418 0.0151093 0.0181715 0.0186989 0.0418842 0.0142722 0.0165255 0.0153777 0.0134746 0.0145971 0.0035657 0.0178319 0.0169292 0.0152437 0.0140821 0.0108042 0.0618834 0.0144118 0.0128941 0.0145613 0.0148239 0.0136972 0.0072120 0.0122866 0.0151847 0.0234680 0.0081826 0.0060828 0.0060802 0.0165870 0.0104954 0.0130559 0.0131709 0.0140161 0.0149040 0.0137275 0.0150092 0.0118168 0.0128829 0.0131127 0.0149552 0.0601271 0.0137875 0.0185599 0.0149443 0.0157990 
EausAUS_MYO7A      0.0093219 0.0153771 0.0146230 0.0084066 0.0081445 0.0089422 0.0089272 0.0105575 0.0015345 0.0074280 0.0078332 0.0544543 0.0120504 0.0144787 0.0501796 0.0098519 0.0176079 0.0165883 0.0165953 0.0163319 0.0166020 0.0000000 0.0006948 0.0014484 0.0082225 0.0143575 0.0145668 0.0132456 0.0154697 0.0161393 0.0472150 0.0191937 0.0141003 0.0139606 0.0129169 0.0140352 0.0151034 0.0153407 0.0160534 0.0162215 0.0193498 0.0144645 0.0158630 0.0181060 0.0152262 0.0171415 0.0166825 0.0476237 0.0130376 0.0129100 0.0143134 0.0117418 0.0137151 0.0169943 0.0137249 0.0146218 0.0141628 0.0274424 0.0169132 0.0483144 0.0158433 0.0152506 0.0177388 0.0162191 0.0148713 0.0132899 0.0125394 0.0141929 0.0172610 0.0132292 0.0134262 0.0131884 0.0159131 0.0179569 0.0152255 0.0162214 0.0152381 0.0164058 0.0163129 0.0152420 0.0160413 0.0152447 0.0146969 0.0154505 0.0520037 0.0159816 0.0207549 0.0171191 0.0132475 
Egla13086_MYO7A    0.0092218 0.0158349 0.0315333 0.0087130 0.0077832 0.0082635 0.0085470 0.0104393 0.0016802 0.0069413 0.0073393 0.0569786 0.0119725 0.0165067 0.0544780 0.0090395 0.0204183 0.0195371 0.0203516 0.0191377 0.0190703 0.0006948 0.0000000 0.0025522 0.0089320 0.0173611 0.0175146 0.0173067 0.0190725 0.0166564 0.0477307 0.0405411 0.0157016 0.0151832 0.0162651 0.0167403 0.0172187 0.0148039 0.0187997 0.0188530 0.0217074 0.0168319 0.0200885 0.0176064 0.0151967 0.0181167 0.0185441 0.0451399 0.0133120 0.0144469 0.0153647 0.0127780 0.0137077 0.0199982 0.0159478 0.0162264 0.0138830 0.0264400 0.0185687 0.0533661 0.0173019 0.0149024 0.0193959 0.0177479 0.0181898 0.0164397 0.0132975 0.0128841 0.0182761 0.0159912 0.0148829 0.0158499 0.0190312 0.0178405 0.0184621 0.0184593 0.0191995 0.0191169 0.0194152 0.0182874 0.0171047 0.0183366 0.0176578 0.0188078 0.0519388 0.0202973 0.0205538 0.0198284 0.0147399 
Ejap43864_MYO7A    0.0101542 0.0167077 0.0360781 0.0096068 0.0090058 0.0094752 0.0100079 0.0113351 0.0029050 0.0078464 0.0083681 0.0536952 0.0119881 0.0187424 0.0500998 0.0102974 0.0231936 0.0217020 0.0220015 0.0207543 0.0215257 0.0014484 0.0025522 0.0000000 0.0105212 0.0193967 0.0198462 0.0198415 0.0209683 0.0173747 0.0460213 0.0416226 0.0201149 0.0169774 0.0190076 0.0195880 0.0185243 0.0167980 0.0208749 0.0207555 0.0237647 0.0182193 0.0234047 0.0197514 0.0167885 0.0191401 0.0195532 0.0482658 0.0147752 0.0156043 0.0152044 0.0136627 0.0143674 0.0215819 0.0168117 0.0172104 0.0143365 0.0284627 0.0206407 0.0500272 0.0196652 0.0174018 0.0209850 0.0163883 0.0203861 0.0176900 0.0160502 0.0143690 0.0198185 0.0171986 0.0171473 0.0173775 0.0210417 0.0183201 0.0200939 0.0198017 0.0212170 0.0211554 0.0209450 0.0213102 0.0186581 0.0211652 0.0200460 0.0210695 0.0530455 0.0223489 0.0217253 0.0211637 0.0153712 
Erob133443_MYO7A   0.0082142 0.0180890 0.0391429 0.0078943 0.0050077 0.0053556 0.0056557 0.0062465 0.0092578 0.0056427 0.0059143 0.0606415 0.0131369 0.0210873 0.0553121 0.0099416 0.0239184 0.0227603 0.0213952 0.0226616 0.0214023 0.0082225 0.0089320 0.0105212 0.0000000 0.0200264 0.0205996 0.0201970 0.0214211 0.0196636 0.0531893 0.0440422 0.0218802 0.0167960 0.0205117 0.0216276 0.0201868 0.0183420 0.0213992 0.0221071 0.0254318 0.0196573 0.0221015 0.0204007 0.0193228 0.0213788 0.0210725 0.0499823 0.0163314 0.0164092 0.0178574 0.0166469 0.0171271 0.0214490 0.0188327 0.0185474 0.0158430 0.0303524 0.0225139 0.0559913 0.0210852 0.0180954 0.0224653 0.0198848 0.0208829 0.0180379 0.0165983 0.0146848 0.0207229 0.0178018 0.0188541 0.0183734 0.0225320 0.0193663 0.0206881 0.0207921 0.0224306 0.0217406 0.0228234 0.0207866 0.0196363 0.0207976 0.0206076 0.0217591 0.0567671 0.0215215 0.0241762 0.0245444 0.0174957 
Fatt_MYO7A         0.0200867 0.0129000 0.0339143 0.0168401 0.0191141 0.0193465 0.0194101 0.0218686 0.0183102 0.0171256 0.0149713 0.0621429 0.0029067 0.0031762 0.0575676 0.0191966 0.0047656 0.0053926 0.0053783 0.0048962 0.0136118 0.0143575 0.0173611 0.0193967 0.0200264 0.0000000 0.0024813 0.0023614 0.0030968 0.0167179 0.0567518 0.0366101 0.0159712 0.0148570 0.0052649 0.0059767 0.0033725 0.0035454 0.0039026 0.0048035 0.0063656 0.0034138 0.0051735 0.0179487 0.0130697 0.0174851 0.0146875 0.0400429 0.0115017 0.0138490 0.0141497 0.0117091 0.0132297 0.0133519 0.0158269 0.0154197 0.0125549 0.0202199 0.0116564 0.0563424 0.0040883 0.0044030 0.0062564 0.0122005 0.0016232 0.0080099 0.0009879 0.0159968 0.0219684 0.0074608 0.0073173 0.0091422 0.0055145 0.0060319 0.0026937 0.0032519 0.0054537 0.0042059 0.0050957 0.0039325 0.0042508 0.0040296 0.0039114 0.0048102 0.0585105 0.0053828 0.0190819 0.0052700 0.0129573 
Ggri_MYO7A         0.0207073 0.0140240 0.0354390 0.0194635 0.0192414 0.0202226 0.0211244 0.0220479 0.0192334 0.0182432 0.0167823 0.0627926 0.0037069 0.0052193 0.0582762 0.0196879 0.0074081 0.0060501 0.0059640 0.0062838 0.0140403 0.0145668 0.0175146 0.0198462 0.0205996 0.0024813 0.0000000 0.0031427 0.0034100 0.0154001 0.0520795 0.0324073 0.0232249 0.0165411 0.0062945 0.0056392 0.0045485 0.0042111 0.0043067 0.0050094 0.0071378 0.0040207 0.0059607 0.0186625 0.0148886 0.0172777 0.0176724 0.0412635 0.0123529 0.0133644 0.0140910 0.0120495 0.0152929 0.0135304 0.0167525 0.0161988 0.0135762 0.0213730 0.0132072 0.0588104 0.0054640 0.0054314 0.0074317 0.0106918 0.0025006 0.0085909 0.0019901 0.0158891 0.0224323 0.0082701 0.0080632 0.0101361 0.0073791 0.0072747 0.0034338 0.0043589 0.0052605 0.0055672 0.0056516 0.0056043 0.0053124 0.0044671 0.0048617 0.0057304 0.0562167 0.0051126 0.0172607 0.0055160 0.0137856 
Gmac39091_MYO7A    0.0203757 0.0129926 0.0350191 0.0185223 0.0192658 0.0202021 0.0213546 0.0207759 0.0189532 0.0183121 0.0160587 0.0611603 0.0026415 0.0045723 0.0582224 0.0195208 0.0058235 0.0047264 0.0045383 0.0049826 0.0137283 0.0132456 0.0173067 0.0198415 0.0201970 0.0023614 0.0031427 0.0000000 0.0012492 0.0161595 0.0526953 0.0315738 0.0233990 0.0160155 0.0046753 0.0045804 0.0040935 0.0037860 0.0031331 0.0042922 0.0065181 0.0038765 0.0055898 0.0175878 0.0141803 0.0177255 0.0180225 0.0397138 0.0119513 0.0145289 0.0132643 0.0112413 0.0138105 0.0132234 0.0164461 0.0152036 0.0122246 0.0201508 0.0123146 0.0580879 0.0050022 0.0048230 0.0053201 0.0093992 0.0030440 0.0076101 0.0011346 0.0154426 0.0235994 0.0070989 0.0068499 0.0094516 0.0059792 0.0046792 0.0028423 0.0038638 0.0048788 0.0041408 0.0044360 0.0047323 0.0037359 0.0038027 0.0031085 0.0044338 0.0569850 0.0054485 0.0182599 0.0040739 0.0128982 
Gmel_MYO7A         0.0220243 0.0134018 0.0348738 0.0196993 0.0204480 0.0212875 0.0222323 0.0195864 0.0208283 0.0201858 0.0170877 0.0642542 0.0029082 0.0052251 0.0634632 0.0198325 0.0072146 0.0054170 0.0053429 0.0054793 0.0127309 0.0154697 0.0190725 0.0209683 0.0214211 0.0030968 0.0034100 0.0012492 0.0000000 0.0170903 0.0495465 0.0324096 0.0241289 0.0174499 0.0059494 0.0059547 0.0047429 0.0043229 0.0038094 0.0051934 0.0066656 0.0045482 0.0066002 0.0183062 0.0147357 0.0190941 0.0186891 0.0393159 0.0125998 0.0155757 0.0139060 0.0120051 0.0150477 0.0129427 0.0171899 0.0157454 0.0131097 0.0180190 0.0131124 0.0637177 0.0058525 0.0060412 0.0059370 0.0113768 0.0038855 0.0087112 0.0019418 0.0165019 0.0246314 0.0081931 0.0076365 0.0099397 0.0067706 0.0055636 0.0037179 0.0042773 0.0060400 0.0050223 0.0051467 0.0055955 0.0044426 0.0049912 0.0037387 0.0055935 0.0611831 0.0064550 0.0188867 0.0050954 0.0135790 
Hamp_MYO7A         0.0177234 0.0086111 0.0259921 0.0171694 0.0165448 0.0178269 0.0184754 0.0188454 0.0164703 0.0150843 0.0157159 0.0585066 0.0104164 0.0162814 0.0541547 0.0188239 0.0185718 0.0185305 0.0172083 0.0171531 0.0181815 0.0161393 0.0166564 0.0173747 0.0196636 0.0167179 0.0154001 0.0161595 0.0170903 0.0000000 0.0528744 0.0380248 0.0216364 0.0170123 0.0171319 0.0164829 0.0158300 0.0141887 0.0172689 0.0173609 0.0189621 0.0152796 0.0177429 0.0184797 0.0066915 0.0087359 0.0068250 0.0327912 0.0052199 0.0059438 0.0067664 0.0058503 0.0075744 0.0179522 0.0060062 0.0080108 0.0061582 0.0243727 0.0167278 0.0546711 0.0170265 0.0154078 0.0173796 0.0148045 0.0156660 0.0141495 0.0139540 0.0177458 0.0204285 0.0137824 0.0135962 0.0139803 0.0192243 0.0146754 0.0163444 0.0161758 0.0172910 0.0175350 0.0179169 0.0164750 0.0156363 0.0158680 0.0159768 0.0176513 0.0558559 0.0179731 0.0095682 0.0180005 0.0058966 
Hippo_MYO7A        0.0445283 0.0545090 0.0725338 0.0475730 0.0464597 0.0473101 0.0496396 0.0417006 0.0438110 0.0441608 0.0468195 0.0631945 0.0505912 0.0583460 0.0599365 0.0492613 0.0593999 0.0567621 0.0562394 0.0583484 0.0467887 0.0472150 0.0477307 0.0460213 0.0531893 0.0567518 0.0520795 0.0526953 0.0495465 0.0528744 0.0000000 0.0831214 0.0576355 0.0506495 0.0557675 0.0536496 0.0559066 0.0589646 0.0573290 0.0556332 0.0580274 0.0544685 0.0554439 0.0498872 0.0557584 0.0556834 0.0555811 0.0927568 0.0532150 0.0528230 0.0525528 0.0530808 0.0535043 0.0463729 0.0559273 0.0556133 0.0506434 0.0532942 0.0523167 0.0623442 0.0557533 0.0547033 0.0508356 0.0533074 0.0544320 0.0510923 0.0505202 0.0573461 0.0539935 0.0506667 0.0518779 0.0436100 0.0588946 0.0561174 0.0557026 0.0561317 0.0577678 0.0582730 0.0571272 0.0590586 0.0564930 0.0558580 0.0525920 0.0554764 0.0579974 0.0590497 0.0590460 0.0556131 0.0521034 
Igeo_MYO7A         0.0435834 0.0183853 0.0384850 0.0383380 0.0408540 0.0432557 0.0432141 0.0433277 0.0430653 0.0402862 0.0413515 0.0908608 0.0109384 0.0321250 0.0838412 0.0444557 0.0333447 0.0335004 0.0157043 0.0308803 0.0350845 0.0191937 0.0405411 0.0416226 0.0440422 0.0366101 0.0324073 0.0315738 0.0324096 0.0380248 0.0831214 0.0000000 0.0441589 0.0235797 0.0324266 0.0329564 0.0326000 0.0143067 0.0311221 0.0333103 0.0401205 0.0321387 0.0144395 0.0404220 0.0371812 0.0385029 0.0205496 0.0521283 0.0357337 0.0373597 0.0202116 0.0166999 0.0171702 0.0378076 0.0408056 0.0189141 0.0375270 0.0324069 0.0388319 0.0834914 0.0343920 0.0334372 0.0354499 0.0335706 0.0326367 0.0315762 0.0316698 0.0481935 0.0472762 0.0325671 0.0352806 0.0324227 0.0338436 0.0151596 0.0306633 0.0344876 0.0319466 0.0315364 0.0333985 0.0332431 0.0329034 0.0141461 0.0133442 0.0333233 0.0851448 0.0152869 0.0436135 0.0394876 0.0199314 
Kbre_MYO7A         0.0206017 0.0187406 0.0336816 0.0206714 0.0212729 0.0199592 0.0197527 0.0216878 0.0192230 0.0187588 0.0159819 0.0647847 0.0129718 0.0228293 0.0593016 0.0241010 0.0262827 0.0251219 0.0219539 0.0248596 0.0241114 0.0141003 0.0157016 0.0201149 0.0218802 0.0159712 0.0232249 0.0233990 0.0241289 0.0216364 0.0576355 0.0441589 0.0000000 0.0040794 0.0244207 0.0239607 0.0180651 0.0214842 0.0230154 0.0250045 0.0290006 0.0187193 0.0256596 0.0277874 0.0216813 0.0233574 0.0236507 0.0460070 0.0205476 0.0213204 0.0167865 0.0160462 0.0227541 0.0244824 0.0223973 0.0245687 0.0180125 0.0316109 0.0221458 0.0609434 0.0209816 0.0191634 0.0250763 0.0201540 0.0239026 0.0163905 0.0198849 0.0073306 0.0152815 0.0162724 0.0156666 0.0210493 0.0260400 0.0181986 0.0218267 0.0223153 0.0243370 0.0236958 0.0253854 0.0232170 0.0225652 0.0235876 0.0239609 0.0236873 0.0614657 0.0253605 0.0215782 0.0262530 0.0173185 
Ksim_MYO7A         0.0162411 0.0182780 0.0195193 0.0166847 0.0159850 0.0167940 0.0167818 0.0174014 0.0154956 0.0151239 0.0152812 0.0575163 0.0113999 0.0156999 0.0513029 0.0193153 0.0198893 0.0177450 0.0188890 0.0161068 0.0196014 0.0139606 0.0151832 0.0169774 0.0167960 0.0148570 0.0165411 0.0160155 0.0174499 0.0170123 0.0506495 0.0235797 0.0040794 0.0000000 0.0150091 0.0174267 0.0160016 0.0154734 0.0176860 0.0181687 0.0208598 0.0176977 0.0185646 0.0247654 0.0183747 0.0192463 0.0196250 0.0504079 0.0159798 0.0168438 0.0167707 0.0149098 0.0165074 0.0203640 0.0176303 0.0190790 0.0166855 0.0296816 0.0190480 0.0520149 0.0155293 0.0149218 0.0188976 0.0184827 0.0165893 0.0154057 0.0134207 0.0072680 0.0096951 0.0156535 0.0138893 0.0156075 0.0179105 0.0164046 0.0165338 0.0155807 0.0169667 0.0180180 0.0181179 0.0177119 0.0171145 0.0169741 0.0168566 0.0174291 0.0543537 0.0178209 0.0220169 0.0174406 0.0168120 
Lacu_MYO7A         0.0198057 0.0116678 0.0389705 0.0187636 0.0186891 0.0195824 0.0211637 0.0214844 0.0176306 0.0179858 0.0159054 0.0631499 0.0031801 0.0059486 0.0623420 0.0193851 0.0079103 0.0065766 0.0053299 0.0065842 0.0147568 0.0129169 0.0162651 0.0190076 0.0205117 0.0052649 0.0062945 0.0046753 0.0059494 0.0171319 0.0557675 0.0324266 0.0244207 0.0150091 0.0000000 0.0061764 0.0055052 0.0045248 0.0055123 0.0062635 0.0090583 0.0043665 0.0052965 0.0184991 0.0139633 0.0175051 0.0174417 0.0416671 0.0117076 0.0149903 0.0123579 0.0103060 0.0106221 0.0151341 0.0172527 0.0121201 0.0114984 0.0228100 0.0134676 0.0609107 0.0071710 0.0068271 0.0069124 0.0102908 0.0055233 0.0086994 0.0042336 0.0155481 0.0222067 0.0083664 0.0067051 0.0101215 0.0065730 0.0054780 0.0048451 0.0059389 0.0068264 0.0071579 0.0071900 0.0075301 0.0064174 0.0055709 0.0054633 0.0071701 0.0605425 0.0067696 0.0183347 0.0082983 0.0123107 
Lalb_MYO7A         0.0206664 0.0135015 0.0356884 0.0192604 0.0193412 0.0198234 0.0208728 0.0223317 0.0184984 0.0181430 0.0160347 0.0607622 0.0042504 0.0050124 0.0575460 0.0199327 0.0062419 0.0064435 0.0063552 0.0068300 0.0129651 0.0140352 0.0167403 0.0195880 0.0216276 0.0059767 0.0056392 0.0045804 0.0059547 0.0164829 0.0536496 0.0329564 0.0239607 0.0174267 0.0061764 0.0000000 0.0051717 0.0037860 0.0054522 0.0062275 0.0092235 0.0050943 0.0069368 0.0167763 0.0141991 0.0177739 0.0166364 0.0429456 0.0126549 0.0148896 0.0140079 0.0112407 0.0133511 0.0129971 0.0171578 0.0156139 0.0130090 0.0201000 0.0110418 0.0560230 0.0057465 0.0049216 0.0042952 0.0103865 0.0062579 0.0088583 0.0043082 0.0163745 0.0241688 0.0083099 0.0080862 0.0089847 0.0068752 0.0059825 0.0063111 0.0074849 0.0060567 0.0057337 0.0066432 0.0063619 0.0050036 0.0050908 0.0051522 0.0056768 0.0562355 0.0075360 0.0179933 0.0069587 0.0133164 
Laus_MYO7A         0.0207716 0.0119992 0.0185524 0.0181628 0.0196027 0.0208772 0.0201648 0.0228552 0.0199651 0.0188370 0.0167631 0.0638952 0.0009655 0.0002956 0.0575635 0.0209751 0.0039909 0.0044925 0.0045100 0.0041884 0.0140309 0.0151034 0.0172187 0.0185243 0.0201868 0.0033725 0.0045485 0.0040935 0.0047429 0.0158300 0.0559066 0.0326000 0.0180651 0.0160016 0.0055052 0.0051717 0.0000000 0.0016117 0.0026536 0.0038949 0.0047253 0.0005931 0.0024486 0.0186162 0.0121874 0.0162538 0.0164536 0.0382852 0.0106581 0.0129922 0.0139768 0.0119858 0.0112377 0.0143671 0.0155910 0.0147140 0.0128709 0.0211833 0.0111463 0.0588777 0.0044484 0.0039213 0.0067398 0.0114664 0.0047223 0.0071989 0.0031391 0.0165961 0.0232896 0.0070043 0.0068462 0.0095967 0.0055159 0.0039517 0.0029503 0.0034496 0.0030603 0.0028434 0.0046204 0.0037310 0.0022592 0.0029504 0.0030610 0.0030466 0.0582893 0.0042304 0.0173286 0.0052300 0.0125823 
Lbor_MYO7A         0.0182146 0.0116268 0.0160569 0.0169672 0.0168608 0.0187495 0.0187123 0.0182208 0.0163896 0.0159092 0.0153421 0.0584536 0.0030768 0.0015597 0.0524660 0.0191713 0.0039288 0.0035273 0.0036471 0.0031316 0.0104067 0.0153407 0.0148039 0.0167980 0.0183420 0.0035454 0.0042111 0.0037860 0.0043229 0.0141887 0.0589646 0.0143067 0.0214842 0.0154734 0.0045248 0.0037860 0.0016117 0.0000000 0.0039230 0.0039240 0.0057943 0.0012075 0.0022196 0.0180743 0.0120309 0.0120313 0.0128979 0.0439612 0.0108645 0.0106305 0.0135046 0.0110177 0.0133519 0.0120893 0.0134787 0.0134220 0.0112511 0.0236051 0.0104704 0.0517867 0.0035282 0.0039198 0.0043246 0.0111009 0.0033609 0.0069623 0.0033610 0.0162035 0.0196839 0.0069870 0.0059193 0.0079440 0.0043187 0.0049637 0.0035236 0.0036460 0.0031316 0.0043195 0.0035273 0.0035273 0.0035663 0.0031330 0.0037865 0.0035280 0.0570998 0.0042063 0.0164702 0.0046783 0.0112272 
Lhos30470_MYO7A    0.0212049 0.0133900 0.0341650 0.0191621 0.0196604 0.0206724 0.0209996 0.0226103 0.0197035 0.0186745 0.0165878 0.0626357 0.0033988 0.0032481 0.0593275 0.0202689 0.0019094 0.0011135 0.0012085 0.0021243 0.0131131 0.0160534 0.0187997 0.0208749 0.0213992 0.0039026 0.0043067 0.0031331 0.0038094 0.0172689 0.0573290 0.0311221 0.0230154 0.0176860 0.0055123 0.0054522 0.0026536 0.0039230 0.0000000 0.0021677 0.0067905 0.0032014 0.0052554 0.0166939 0.0140488 0.0180044 0.0165594 0.0392639 0.0123275 0.0144931 0.0143421 0.0124225 0.0140910 0.0140316 0.0170384 0.0163244 0.0126909 0.0206646 0.0118128 0.0595465 0.0047820 0.0049823 0.0049204 0.0120199 0.0041397 0.0084088 0.0036890 0.0173806 0.0237351 0.0081337 0.0079277 0.0093758 0.0017064 0.0019660 0.0035274 0.0047253 0.0025308 0.0008083 0.0016784 0.0019040 0.0011730 0.0008942 0.0009846 0.0013507 0.0568510 0.0031971 0.0179393 0.0022136 0.0129023 
Lhos452_MYO7A      0.0221722 0.0133941 0.0352513 0.0210923 0.0201516 0.0212489 0.0230254 0.0227745 0.0203435 0.0202335 0.0171062 0.0648037 0.0033998 0.0046382 0.0612307 0.0201599 0.0042120 0.0032523 0.0026532 0.0032343 0.0142828 0.0162215 0.0188530 0.0207555 0.0221071 0.0048035 0.0050094 0.0042922 0.0051934 0.0173609 0.0556332 0.0333103 0.0250045 0.0181687 0.0062635 0.0062275 0.0038949 0.0039240 0.0021677 0.0000000 0.0070974 0.0039744 0.0055858 0.0178919 0.0144085 0.0180480 0.0186586 0.0403453 0.0126096 0.0150393 0.0150108 0.0127361 0.0140952 0.0145649 0.0168398 0.0165168 0.0134321 0.0202901 0.0124733 0.0611107 0.0061183 0.0066282 0.0063975 0.0113845 0.0050140 0.0087015 0.0040149 0.0178583 0.0255957 0.0081843 0.0080217 0.0102750 0.0038715 0.0039591 0.0046263 0.0055130 0.0032646 0.0031539 0.0028116 0.0042438 0.0023549 0.0026963 0.0021744 0.0034866 0.0582133 0.0038445 0.0179388 0.0029449 0.0128174 
Lobl_MYO7A         0.0232002 0.0166563 0.0417952 0.0235572 0.0231470 0.0248318 0.0254384 0.0263622 0.0217050 0.0215086 0.0204179 0.0687264 0.0068663 0.0046085 0.0648930 0.0243358 0.0098637 0.0079969 0.0078606 0.0075872 0.0157214 0.0193498 0.0217074 0.0237647 0.0254318 0.0063656 0.0071378 0.0065181 0.0066656 0.0189621 0.0580274 0.0401205 0.0290006 0.0208598 0.0090583 0.0092235 0.0047253 0.0057943 0.0067905 0.0070974 0.0000000 0.0031810 0.0060945 0.0211269 0.0163304 0.0218149 0.0220493 0.0476424 0.0157190 0.0188175 0.0183508 0.0166809 0.0173931 0.0157639 0.0203881 0.0197341 0.0160222 0.0226355 0.0149450 0.0657410 0.0087213 0.0085419 0.0104868 0.0148827 0.0076174 0.0109536 0.0063530 0.0202276 0.0242039 0.0106266 0.0103601 0.0122781 0.0090818 0.0086042 0.0072295 0.0070886 0.0077729 0.0077665 0.0069796 0.0078195 0.0065210 0.0077385 0.0076090 0.0084387 0.0643855 0.0093760 0.0217612 0.0061187 0.0172609 
Lobs_MYO7A         0.0198898 0.0106687 0.0304158 0.0172150 0.0189428 0.0195456 0.0198828 0.0217249 0.0178773 0.0175920 0.0164493 0.0630158 0.0014496 0.0003031 0.0573890 0.0197539 0.0052184 0.0041014 0.0043416 0.0037644 0.0125099 0.0144645 0.0168319 0.0182193 0.0196573 0.0034138 0.0040207 0.0038765 0.0045482 0.0152796 0.0544685 0.0321387 0.0187193 0.0176977 0.0043665 0.0050943 0.0005931 0.0012075 0.0032014 0.0039744 0.0031810 0.0000000 0.0024744 0.0158971 0.0111411 0.0167026 0.0152037 0.0382990 0.0109446 0.0128609 0.0134486 0.0119886 0.0112377 0.0125340 0.0149409 0.0129338 0.0112687 0.0194020 0.0101099 0.0583624 0.0043981 0.0037815 0.0060006 0.0108574 0.0038042 0.0078863 0.0026559 0.0165236 0.0226018 0.0076709 0.0068478 0.0083214 0.0035240 0.0039526 0.0032005 0.0032575 0.0037922 0.0034950 0.0039118 0.0044002 0.0031660 0.0034201 0.0036302 0.0036857 0.0569378 0.0050039 0.0170393 0.0046439 0.0124579 
LperAUS_MYO7A      0.0233993 0.0124775 0.0196968 0.0198670 0.0219919 0.0227455 0.0231499 0.0257182 0.0225323 0.0214469 0.0180185 0.0643699 0.0022117 0.0028369 0.0576058 0.0228943 0.0059198 0.0047486 0.0050481 0.0044643 0.0141434 0.0158630 0.0200885 0.0234047 0.0221015 0.0051735 0.0059607 0.0055898 0.0066002 0.0177429 0.0554439 0.0144395 0.0256596 0.0185646 0.0052965 0.0069368 0.0024486 0.0022196 0.0052554 0.0055858 0.0060945 0.0024744 0.0000000 0.0188420 0.0139108 0.0181550 0.0170416 0.0444352 0.0116188 0.0140154 0.0140774 0.0129629 0.0128662 0.0148942 0.0168837 0.0159794 0.0114151 0.0117132 0.0134296 0.0592542 0.0064935 0.0053731 0.0079548 0.0121284 0.0058286 0.0092077 0.0042845 0.0181420 0.0268106 0.0092758 0.0073250 0.0099721 0.0062887 0.0051216 0.0055770 0.0053294 0.0051449 0.0055777 0.0058237 0.0062660 0.0036149 0.0051460 0.0050384 0.0049144 0.0592919 0.0068281 0.0191687 0.0063757 0.0119952 
