89
Bacu_OTOF         0.0000000 0.0454307 0.0369361 0.0056159 0.0077270 0.0090600 0.0228574 0.0069495 0.0159898 0.0064048 0.0063055 0.0701653 0.0445259 0.0289036 0.0139034 0.0285101 0.0427561 0.0277094 0.0282869 0.0248854 0.0112120 0.0124689 0.0140928 0.0082669 0.0304581 0.0281115 0.0292481 0.0278627 0.0247811 0.0535651 0.0273326 0.0369171 0.0482147 0.0364555 0.0280503 0.0273975 0.0373263 0.0267141 0.0272652 0.0257479 0.0426420 0.0280845 0.0293600 0.0313661 0.0451679 0.0714600 0.1029834 0.0330564 0.0488188 0.0427905 0.0438010 0.0503038 0.0252805 0.0742762 0.0520757 0.0589325 0.0259196 0.0259016 0.0717987 0.0423752 0.0411798 0.0251747 0.0685152 0.0266058 0.0289165 0.0252166 0.0297921 0.0234654 0.0292185 0.0504051 0.0249427 0.0263141 0.0276975 0.0291445 0.0286972 0.0302241 0.0275294 0.0368215 0.0285837 0.0279745 0.0275464 0.0282130 0.0266635 0.0269945 0.0670842 0.0246877 0.0448864 0.0268635 0.0279178 
Barn_OTOF         0.0454307 0.0000000 0.0127207 0.0272989 0.0522997 0.0447772 0.0470733 0.0474650 0.0549494 0.0452865 0.0466743 0.1024334 0.0222907 0.0533534 0.0513624 0.0489925 0.0514347 0.0339158 0.0502556 0.0459333 0.0390248 0.0502984 0.0535493 0.0375347 0.0611771 0.0610053 0.0547199 0.0506875 0.0312721 0.0783474 0.0292953 0.0490573 0.0319703 0.0513957 0.0608308 0.0311628 0.0429857 0.0489876 0.0515394 0.0461378 0.0328990 0.0326504 0.0524119 0.0262165 0.0326915 0.0297972 0.0283821 0.0176290 0.0553028 0.0067186 0.0083678 0.0201584 0.0471492 0.0133017 0.0142191 0.0287914 0.0442176 0.0479603 0.1063353 0.0525795 0.0518127 0.0460802 0.1002318 0.0321467 0.0582643 0.0474931 0.0526378 0.0517586 0.0527565 0.0324447 0.0454254 0.0290712 0.0503821 0.0228336 0.0532887 0.0362285 0.0542822 0.0510522 0.0509664 0.0609507 0.0329489 0.0502234 0.0482208 0.0586543 0.1016982 0.0401150 0.0292202 0.0467423 0.0299254 
Bbai76728_OTOF    0.0369361 0.0127207 0.0000000 0.0410060 0.0380296 0.0383607 0.0266819 0.0359983 0.0314368 0.0359530 0.0372292 0.0906135 0.0595754 0.0369261 0.0364430 0.0377552 0.0387581 0.0396849 0.0381435 0.0337248 0.0417388 0.0371555 0.0401509 0.0389952 0.0418596 0.0394333 0.0390266 0.0383016 0.0207632 0.0736968 0.0380583 0.0495349 0.0426196 0.0509197 0.0392522 0.0357575 0.0348585 0.0380516 0.0389088 0.0361921 0.0269896 0.0385674 0.0382699 0.0186426 0.0341206 0.0537048 0.0563298 0.0207931 0.0490522 0.0097338 0.0088247 0.0413601 0.0349006 0.0487969 0.0519780 0.0426610 0.0350077 0.0368628 0.0913003 0.0368085 0.0371774 0.0347310 0.0905774 0.0398257 0.0391676 0.0368094 0.0397697 0.0366163 0.0466112 0.0610776 0.0343898 0.0236669 0.0267544 0.0265999 0.0380555 0.0401247 0.0398015 0.0481914 0.0398723 0.0272162 0.0408816 0.0390941 0.0274305 0.0387019 0.0904902 0.0223915 0.0335607 0.0367872 0.0134277 
BbonAUS_OTOF      0.0056159 0.0272989 0.0410060 0.0000000 0.0071716 0.0084247 0.0241780 0.0071794 0.0186302 0.0065265 0.0080971 0.0737261 0.0224777 0.0220619 0.0143749 0.0260582 0.0258594 0.0257671 0.0269584 0.0233543 0.0124071 0.0131632 0.0142201 0.0084122 0.0281844 0.0267506 0.0284865 0.0260584 0.0258778 0.0516359 0.0252201 0.0425400 0.0240239 0.0360131 0.0267110 0.0232816 0.0370441 0.0245881 0.0255418 0.0240078 0.0257036 0.0255390 0.0277532 0.0313467 0.0540377 0.0608037 0.0933892 0.0238415 0.0553214 0.0417102 0.0250752 0.0439465 0.0244992 0.0537815 0.0573835 0.0512994 0.0259842 0.0250883 0.0779719 0.0249635 0.0258585 0.0237114 0.0664654 0.0264959 0.0258857 0.0241888 0.0262697 0.0253669 0.0251303 0.0438411 0.0253853 0.0238289 0.0266225 0.0246277 0.0262475 0.0263425 0.0265494 0.0366888 0.0267335 0.0264915 0.0247594 0.0265630 0.0253393 0.0252763 0.0673031 0.0236362 0.0540182 0.0254048 0.0292422 
Bbor_OTOF         0.0077270 0.0522997 0.0380296 0.0071716 0.0000000 0.0037472 0.0053558 0.0074905 0.0196614 0.0051028 0.0059055 0.0770026 0.0466757 0.0286260 0.0134168 0.0282127 0.0436235 0.0273495 0.0267002 0.0232795 0.0126548 0.0127383 0.0143946 0.0082077 0.0284524 0.0266233 0.0280392 0.0279786 0.0255182 0.0539962 0.0281542 0.0377044 0.0539778 0.0377417 0.0257476 0.0269653 0.0419948 0.0262303 0.0258293 0.0257625 0.0440632 0.0276974 0.0273682 0.0358454 0.0505662 0.0783401 0.1004820 0.0344917 0.0340255 0.0246219 0.0463855 0.0562898 0.0251559 0.0819042 0.0562100 0.0494951 0.0258094 0.0252067 0.0768199 0.0424768 0.0424444 0.0246935 0.0675016 0.0251995 0.0273781 0.0242967 0.0264748 0.0249489 0.0293928 0.0537413 0.0249470 0.0273337 0.0267696 0.0282776 0.0267873 0.0282868 0.0277795 0.0365404 0.0272820 0.0257389 0.0270283 0.0281466 0.0265380 0.0250047 0.0692426 0.0244294 0.0473334 0.0257618 0.0286145 
Bede66737_OTOF    0.0090600 0.0447772 0.0383607 0.0084247 0.0037472 0.0000000 0.0019957 0.0085650 0.0214630 0.0064213 0.0072040 0.0759468 0.0453589 0.0241136 0.0155913 0.0285529 0.0257981 0.0267490 0.0268311 0.0248955 0.0141844 0.0145610 0.0173300 0.0089021 0.0283168 0.0275446 0.0283889 0.0280395 0.0249388 0.0538586 0.0269385 0.0391823 0.0329536 0.0381107 0.0264324 0.0261312 0.0384095 0.0262133 0.0257448 0.0257982 0.0260476 0.0271635 0.0278629 0.0340670 0.0480451 0.0537788 0.0671755 0.0321601 0.0528132 0.0208526 0.0266604 0.0525455 0.0259704 0.0589961 0.0522107 0.0484122 0.0252760 0.0246494 0.0764899 0.0257277 0.0265988 0.0244523 0.0691726 0.0239383 0.0272136 0.0241923 0.0273354 0.0249170 0.0285903 0.0530967 0.0252410 0.0259310 0.0272429 0.0279608 0.0268979 0.0281394 0.0279385 0.0361240 0.0272496 0.0265491 0.0267130 0.0281325 0.0270173 0.0260099 0.0717371 0.0238340 0.0455691 0.0257974 0.0283133 
BedeAUS_OTOF      0.0228574 0.0470733 0.0266819 0.0241780 0.0053558 0.0019957 0.0000000 0.0231428 0.0375302 0.0206622 0.0222346 0.0919632 0.0751009 0.0250239 0.0159720 0.0274557 0.0430489 0.0276445 0.0422850 0.0389613 0.0270278 0.0160248 0.0186130 0.0293336 0.0297979 0.0434080 0.0300614 0.0425627 0.0243181 0.0688345 0.0441127 0.0273156 0.0340913 0.0601521 0.0279673 0.0259697 0.0674637 0.0416316 0.0420358 0.0405641 0.0411160 0.0271334 0.0464498 0.0553798 0.0673843 0.0561422 0.0892421 0.0489825 0.0530056 0.0224549 0.0277816 0.0494541 0.0402342 0.0620081 0.0547104 0.0693191 0.0400187 0.0417550 0.0958087 0.0271389 0.0416922 0.0399463 0.0887794 0.0411975 0.0285417 0.0409559 0.0437336 0.0408187 0.0534272 0.0536879 0.0399544 0.0397632 0.0290424 0.0487012 0.0430561 0.0383479 0.0295601 0.0542613 0.0440111 0.0282892 0.0429581 0.0441221 0.0429290 0.0267585 0.0837321 0.0439764 0.0480410 0.0396433 0.0469200 
Bmus_OTOF         0.0069495 0.0474650 0.0359983 0.0071794 0.0074905 0.0085650 0.0231428 0.0000000 0.0168722 0.0062343 0.0065537 0.0712586 0.0450707 0.0292113 0.0148230 0.0290390 0.0430740 0.0265931 0.0283185 0.0258479 0.0112150 0.0119827 0.0135595 0.0060467 0.0295788 0.0276322 0.0287945 0.0286456 0.0257246 0.0536201 0.0279013 0.0377379 0.0491985 0.0354995 0.0272551 0.0276564 0.0391159 0.0277238 0.0275359 0.0268940 0.0426784 0.0272166 0.0301556 0.0326439 0.0460279 0.0726670 0.1038902 0.0343237 0.0503866 0.0443810 0.0429994 0.0540216 0.0266170 0.0758632 0.0519833 0.0599460 0.0266932 0.0267268 0.0728946 0.0418407 0.0417461 0.0255741 0.0687497 0.0274345 0.0289184 0.0247072 0.0287589 0.0242081 0.0312735 0.0507222 0.0257111 0.0251864 0.0279948 0.0308356 0.0284603 0.0302467 0.0283271 0.0358134 0.0285938 0.0271708 0.0275722 0.0284795 0.0274165 0.0267307 0.0676116 0.0254034 0.0449904 0.0276408 0.0294111 
Bmys_OTOF         0.0159898 0.0549494 0.0314368 0.0186302 0.0196614 0.0214630 0.0375302 0.0168722 0.0000000 0.0159335 0.0174311 0.0735744 0.0477197 0.0291240 0.0195629 0.0313383 0.0303037 0.0305833 0.0309402 0.0270604 0.0086995 0.0085150 0.0096720 0.0194786 0.0335395 0.0305247 0.0311062 0.0288717 0.0302813 0.0577602 0.0311950 0.0280332 0.0364940 0.0406002 0.0304362 0.0296912 0.0441378 0.0292466 0.0301412 0.0264639 0.0321986 0.0303167 0.0330726 0.0387761 0.0563190 0.0645712 0.1008807 0.0418049 0.0569017 0.0556407 0.0350418 0.0670820 0.0275510 0.0677645 0.0667156 0.0706796 0.0276398 0.0280535 0.0770410 0.0294343 0.0304938 0.0260079 0.0725847 0.0324318 0.0302261 0.0284634 0.0322834 0.0266193 0.0261240 0.0372962 0.0269174 0.0303330 0.0306753 0.0386533 0.0305170 0.0331853 0.0300597 0.0408933 0.0310430 0.0295669 0.0329824 0.0314835 0.0294406 0.0286456 0.0713221 0.0317399 0.0506087 0.0280936 0.0333939 
Bphy_OTOF         0.0064048 0.0452865 0.0359530 0.0065265 0.0051028 0.0064213 0.0206622 0.0062343 0.0159335 0.0000000 0.0004862 0.0720264 0.0410710 0.0275584 0.0135976 0.0255184 0.0401485 0.0252349 0.0257923 0.0245513 0.0111636 0.0114023 0.0124065 0.0078156 0.0272541 0.0252174 0.0266662 0.0268116 0.0236291 0.0546912 0.0271955 0.0356369 0.0470356 0.0353935 0.0245807 0.0253049 0.0349878 0.0242466 0.0252290 0.0250367 0.0401330 0.0258372 0.0291897 0.0301716 0.0428714 0.0690595 0.1010429 0.0331778 0.0482945 0.0411133 0.0433992 0.0507113 0.0253326 0.0742181 0.0511137 0.0582050 0.0252258 0.0247653 0.0735291 0.0400154 0.0385951 0.0236995 0.0682881 0.0259105 0.0258811 0.0228538 0.0270262 0.0232589 0.0265806 0.0484295 0.0242297 0.0247471 0.0245451 0.0281999 0.0260663 0.0281202 0.0252346 0.0344774 0.0262822 0.0236303 0.0256815 0.0264998 0.0240500 0.0237895 0.0674760 0.0232092 0.0425004 0.0257954 0.0275716 
Bphy_baits_OTOF   0.0063055 0.0466743 0.0372292 0.0080971 0.0059055 0.0072040 0.0222346 0.0065537 0.0174311 0.0004862 0.0000000 0.0732445 0.0440812 0.0226252 0.0141725 0.0263945 0.0248799 0.0248179 0.0253900 0.0242774 0.0116249 0.0121303 0.0137573 0.0070799 0.0261981 0.0249971 0.0262753 0.0265604 0.0236592 0.0532776 0.0266733 0.0230509 0.0329374 0.0371210 0.0238258 0.0247924 0.0363328 0.0245672 0.0249460 0.0243414 0.0247351 0.0257222 0.0276046 0.0313763 0.0480485 0.0490080 0.0674139 0.0332715 0.0536190 0.0436467 0.0271800 0.0579375 0.0256354 0.0597155 0.0530299 0.0482060 0.0243694 0.0230395 0.0738970 0.0244728 0.0255108 0.0230033 0.0678058 0.0267673 0.0259341 0.0231791 0.0253877 0.0231787 0.0274850 0.0349190 0.0240813 0.0250595 0.0248107 0.0285707 0.0258007 0.0274032 0.0258172 0.0361914 0.0251299 0.0234501 0.0260144 0.0264301 0.0253088 0.0233681 0.0686535 0.0245491 0.0472169 0.0251379 0.0272625 
Btau_OTOF         0.0701653 0.1024334 0.0906135 0.0737261 0.0770026 0.0759468 0.0919632 0.0712586 0.0735744 0.0720264 0.0732445 0.0000000 0.1029575 0.0851302 0.0725405 0.0848390 0.1010470 0.0819896 0.0821908 0.0814010 0.0717733 0.0730730 0.0750290 0.0726281 0.0848201 0.0829749 0.0816785 0.0833697 0.0769451 0.0704123 0.0860823 0.0934253 0.1074422 0.0918852 0.0817212 0.0825035 0.0886975 0.0811797 0.0836952 0.0806547 0.1009327 0.0812544 0.0849891 0.0857568 0.1001491 0.1311762 0.1822122 0.0885199 0.1096885 0.0988277 0.1002424 0.1098592 0.0819469 0.1435709 0.1134739 0.1215573 0.0812778 0.0816848 0.0295554 0.0981452 0.0985638 0.0802637 0.0424645 0.0851580 0.0851787 0.0798971 0.0863680 0.0765668 0.0805560 0.1136032 0.0811046 0.0849445 0.0802200 0.0827873 0.0822688 0.0837118 0.0805988 0.0919393 0.0841088 0.0800518 0.0832131 0.0835806 0.0811967 0.0820742 0.0870746 0.0787511 0.0997385 0.0806370 0.0827800 
Ccom40_OTOF       0.0445259 0.0222907 0.0595754 0.0224777 0.0466757 0.0453589 0.0751009 0.0450707 0.0477197 0.0410710 0.0440812 0.1029575 0.0000000 0.0215833 0.0437994 0.0209028 0.0203936 0.0098302 0.0199066 0.0280489 0.0376079 0.0486554 0.0508339 0.0374119 0.0286572 0.0247894 0.0252100 0.0201167 0.0433854 0.0798884 0.0205706 0.0796584 0.0303925 0.0257915 0.0274398 0.0071423 0.0349714 0.0180180 0.0208553 0.0172336 0.0074307 0.0096184 0.0383039 0.0522479 0.0868555 0.0953853 0.1722987 0.0438201 0.0789859 0.0545989 0.0294064 0.0239876 0.0302117 0.0795190 0.0833528 0.0834010 0.0276665 0.0276480 0.1057899 0.0241894 0.0206375 0.0233906 0.0958761 0.0251149 0.0287025 0.0287704 0.0183683 0.0454153 0.0434857 0.0454137 0.0276666 0.0170671 0.0225315 0.0038565 0.0232397 0.0110569 0.0217679 0.0203561 0.0212850 0.0290432 0.0074950 0.0202365 0.0183869 0.0241264 0.0816301 0.0141444 0.0985694 0.0192351 0.0390662 
Chea7320_OTOF     0.0289036 0.0533534 0.0369261 0.0220619 0.0286260 0.0241136 0.0250239 0.0292113 0.0291240 0.0275584 0.0226252 0.0851302 0.0215833 0.0000000 0.0231612 0.0059321 0.0104658 0.0075975 0.0043286 0.0139538 0.0222381 0.0255565 0.0277511 0.0247584 0.0065974 0.0053420 0.0094180 0.0092986 0.0286951 0.0657830 0.0169544 0.0408626 0.0437034 0.0059924 0.0059981 0.0052278 0.0186764 0.0038875 0.0045469 0.0052545 0.0092064 0.0057922 0.0262767 0.0340481 0.0584559 0.0614167 0.0793585 0.0341720 0.0503508 0.0240936 0.0334998 0.0296925 0.0153481 0.0693926 0.0570259 0.0545544 0.0153771 0.0139290 0.0838447 0.0107697 0.0106444 0.0114767 0.0782402 0.0190446 0.0060766 0.0118338 0.0087935 0.0304295 0.0296201 0.0355487 0.0150883 0.0089735 0.0050202 0.0055514 0.0048922 0.0054821 0.0052123 0.0045906 0.0054392 0.0089946 0.0043690 0.0041952 0.0049805 0.0044602 0.0750031 0.0030663 0.0563618 0.0079297 0.0260180 
Cmar59905_OTOF    0.0139034 0.0513624 0.0364430 0.0143749 0.0134168 0.0155913 0.0159720 0.0148230 0.0195629 0.0135976 0.0141725 0.0725405 0.0437994 0.0231612 0.0000000 0.0279316 0.0262479 0.0262078 0.0263401 0.0246235 0.0146770 0.0148677 0.0177247 0.0140564 0.0276779 0.0257680 0.0280364 0.0282053 0.0254218 0.0552479 0.0275175 0.0231799 0.0334245 0.0346427 0.0258983 0.0259539 0.0352142 0.0250344 0.0245458 0.0252328 0.0253741 0.0253414 0.0283462 0.0306718 0.0519724 0.0531184 0.1010763 0.0334800 0.0502669 0.0269412 0.0259517 0.0515074 0.0253636 0.0596139 0.0521834 0.0474804 0.0256463 0.0243155 0.0729046 0.0257823 0.0258430 0.0240409 0.0696881 0.0270514 0.0268822 0.0228614 0.0270409 0.0239414 0.0283094 0.0352380 0.0249041 0.0213242 0.0255714 0.0270188 0.0250205 0.0274464 0.0263845 0.0344890 0.0260197 0.0246267 0.0253177 0.0265739 0.0253855 0.0252471 0.0673489 0.0218590 0.0495917 0.0269199 0.0267699 
Dcap108471_OTOF   0.0285101 0.0489925 0.0377552 0.0260582 0.0282127 0.0285529 0.0274557 0.0290390 0.0313383 0.0255184 0.0263945 0.0848390 0.0209028 0.0059321 0.0279316 0.0000000 0.0026222 0.0013390 0.0028455 0.0142286 0.0266726 0.0289207 0.0301972 0.0279543 0.0070488 0.0055496 0.0060897 0.0063181 0.0287429 0.0624203 0.0166896 0.0433100 0.0361625 0.0210678 0.0080701 0.0058537 0.0205456 0.0032749 0.0046340 0.0056266 0.0047250 0.0047661 0.0243160 0.0365064 0.0517060 0.0530179 0.0782697 0.0347241 0.0507583 0.0261508 0.0281783 0.0511369 0.0156641 0.0609346 0.0548444 0.0633877 0.0142768 0.0131429 0.0838293 0.0062190 0.0056247 0.0086231 0.0757106 0.0198518 0.0066417 0.0145663 0.0038223 0.0296015 0.0356349 0.0353148 0.0140290 0.0100890 0.0034267 0.0028847 0.0056909 0.0055650 0.0051232 0.0144211 0.0042594 0.0046375 0.0024408 0.0037538 0.0045441 0.0039811 0.0725996 0.0031849 0.0510497 0.0040329 0.0298369 
Dcap79929_OTOF    0.0427561 0.0514347 0.0387581 0.0258594 0.0436235 0.0257981 0.0430489 0.0430740 0.0303037 0.0401485 0.0248799 0.1010470 0.0203936 0.0104658 0.0262479 0.0026222 0.0000000 0.0168666 0.0014826 0.0274787 0.0226097 0.0261510 0.0284341 0.0258099 0.0048399 0.0035864 0.0190968 0.0175225 0.0436919 0.0786605 0.0168548 0.0416578 0.0358378 0.0195600 0.0065424 0.0203153 0.0168246 0.0018777 0.0023888 0.0169563 0.0041463 0.0216220 0.0380312 0.0346484 0.0689619 0.0518299 0.0717894 0.0336504 0.0525410 0.0449272 0.0269610 0.0562893 0.0288816 0.0603801 0.0551760 0.0680179 0.0264669 0.0268117 0.1013753 0.0047267 0.0042583 0.0209724 0.0934078 0.0194641 0.0046180 0.0130496 0.0182043 0.0421546 0.0303170 0.0351944 0.0267253 0.0106433 0.0018994 0.0017165 0.0041257 0.0047455 0.0036179 0.0131296 0.0021676 0.0191572 0.0019867 0.0024652 0.0034060 0.0017272 0.0918279 0.0020303 0.0614680 0.0156404 0.0274753 
DdelSJR_OTOF      0.0277094 0.0339158 0.0396849 0.0257671 0.0273495 0.0267490 0.0276445 0.0265931 0.0305833 0.0252349 0.0248179 0.0819896 0.0098302 0.0075975 0.0262078 0.0013390 0.0168666 0.0000000 0.0012929 0.0124765 0.0248083 0.0269465 0.0296286 0.0260985 0.0053060 0.0041019 0.0040571 0.0037476 0.0269415 0.0593185 0.0182000 0.0421319 0.0462908 0.0200487 0.0064206 0.0037775 0.0219905 0.0014587 0.0030344 0.0037415 0.0203836 0.0037152 0.0241181 0.0383633 0.0549620 0.0786555 0.1029368 0.0364057 0.0502502 0.0260333 0.0461555 0.0599404 0.0143248 0.0729896 0.0568387 0.0525679 0.0127953 0.0109480 0.0828495 0.0193565 0.0187600 0.0060263 0.0752276 0.0203080 0.0047466 0.0128418 0.0035205 0.0274708 0.0305831 0.0277229 0.0119828 0.0094036 0.0014273 0.0018290 0.0039815 0.0047875 0.0035395 0.0132926 0.0034507 0.0035248 0.0021537 0.0019429 0.0033962 0.0022129 0.0697595 0.0012220 0.0512943 0.0027364 0.0291446 
Ddeltrop4525_OTOF 0.0282869 0.0502556 0.0381435 0.0269584 0.0267002 0.0268311 0.0422850 0.0283185 0.0309402 0.0257923 0.0253900 0.0821908 0.0199066 0.0043286 0.0263401 0.0028455 0.0014826 0.0012929 0.0000000 0.0132144 0.0253438 0.0270853 0.0295025 0.0259810 0.0053212 0.0037169 0.0043918 0.0042527 0.0267154 0.0595785 0.0176127 0.0401265 0.0361186 0.0184799 0.0065401 0.0054314 0.0165788 0.0026074 0.0033450 0.0042475 0.0049137 0.0046763 0.0231483 0.0316012 0.0482058 0.0514479 0.0672467 0.0350921 0.0485760 0.0461804 0.0283279 0.0526906 0.0145648 0.0599127 0.0549243 0.0468648 0.0123606 0.0111232 0.0826544 0.0045565 0.0043966 0.0074901 0.0737951 0.0194373 0.0049258 0.0131796 0.0034426 0.0278528 0.0329232 0.0333103 0.0121296 0.0099080 0.0022218 0.0026991 0.0042784 0.0051268 0.0041434 0.0120899 0.0033457 0.0039143 0.0023207 0.0026444 0.0042479 0.0030431 0.0698804 0.0022940 0.0480302 0.0029618 0.0264726 
Dleu_OTOF         0.0248854 0.0459333 0.0337248 0.0233543 0.0232795 0.0248955 0.0389613 0.0258479 0.0270604 0.0245513 0.0242774 0.0814010 0.0280489 0.0139538 0.0246235 0.0142286 0.0274787 0.0124765 0.0132144 0.0000000 0.0243193 0.0248979 0.0265962 0.0236580 0.0136976 0.0128887 0.0141136 0.0148865 0.0237547 0.0637864 0.0180366 0.0372246 0.0505053 0.0205374 0.0127797 0.0118608 0.0255048 0.0122255 0.0118123 0.0132619 0.0265459 0.0120846 0.0219439 0.0293426 0.0445416 0.0698520 0.1046528 0.0324058 0.0435955 0.0408301 0.0385036 0.0508793 0.0026830 0.0713880 0.0507412 0.0551754 0.0107919 0.0111219 0.0814611 0.0254707 0.0262061 0.0125557 0.0758312 0.0178367 0.0128968 0.0089141 0.0126668 0.0261043 0.0282269 0.0288696 0.0099016 0.0077264 0.0134953 0.0144394 0.0131615 0.0140318 0.0143806 0.0204933 0.0121703 0.0121141 0.0125196 0.0128974 0.0128949 0.0120475 0.0738357 0.0116235 0.0438835 0.0139680 0.0248884 
EausAUS_OTOF      0.0112120 0.0390248 0.0417388 0.0124071 0.0126548 0.0141844 0.0270278 0.0112150 0.0086995 0.0111636 0.0116249 0.0717733 0.0376079 0.0222381 0.0146770 0.0266726 0.0226097 0.0248083 0.0253438 0.0243193 0.0000000 0.0019179 0.0023381 0.0120473 0.0273559 0.0261519 0.0261814 0.0257991 0.0265348 0.0507198 0.0273886 0.0230150 0.0317227 0.0366690 0.0268622 0.0244734 0.0365976 0.0247646 0.0246699 0.0240825 0.0246906 0.0249671 0.0273269 0.0354765 0.0574275 0.0617981 0.0708645 0.0240914 0.0610877 0.0411271 0.0242002 0.0311163 0.0253291 0.0678125 0.0632712 0.0549662 0.0257029 0.0242865 0.0736699 0.0246111 0.0244002 0.0244062 0.0672499 0.0283060 0.0258543 0.0258863 0.0269801 0.0249984 0.0259747 0.0325962 0.0253309 0.0232095 0.0253893 0.0295722 0.0247712 0.0253820 0.0246425 0.0368872 0.0250619 0.0246030 0.0253398 0.0260668 0.0254672 0.0246556 0.0685537 0.0233426 0.0576617 0.0250608 0.0294251 
Egla13086_OTOF    0.0124689 0.0502984 0.0371555 0.0131632 0.0127383 0.0145610 0.0160248 0.0119827 0.0085150 0.0114023 0.0121303 0.0730730 0.0486554 0.0255565 0.0148677 0.0289207 0.0261510 0.0269465 0.0270853 0.0248979 0.0019179 0.0000000 0.0010322 0.0122592 0.0290739 0.0269218 0.0279078 0.0275984 0.0266163 0.0547546 0.0284669 0.0367800 0.0325244 0.0361321 0.0272642 0.0269602 0.0365363 0.0265248 0.0267689 0.0260028 0.0268257 0.0272511 0.0277494 0.0350933 0.0509830 0.0564187 0.0740248 0.0339139 0.0514330 0.0279736 0.0294296 0.0576832 0.0259399 0.0606752 0.0576074 0.0491107 0.0265358 0.0255158 0.0748776 0.0262521 0.0260962 0.0249661 0.0656375 0.0276463 0.0283840 0.0265745 0.0281709 0.0246427 0.0316806 0.0519761 0.0259923 0.0261550 0.0270899 0.0306280 0.0271939 0.0291617 0.0271650 0.0371027 0.0278246 0.0265312 0.0288401 0.0289363 0.0273581 0.0258205 0.0691452 0.0250215 0.0482695 0.0270229 0.0286707 
Ejap43864_OTOF    0.0140928 0.0535493 0.0401509 0.0142201 0.0143946 0.0173300 0.0186130 0.0135595 0.0096720 0.0124065 0.0137573 0.0750290 0.0508339 0.0277511 0.0177247 0.0301972 0.0284341 0.0296286 0.0295025 0.0265962 0.0023381 0.0010322 0.0000000 0.0130040 0.0316886 0.0289367 0.0298307 0.0295784 0.0294668 0.0546403 0.0307730 0.0398854 0.0365710 0.0396191 0.0289710 0.0296957 0.0413793 0.0279359 0.0292954 0.0275482 0.0295161 0.0293677 0.0297295 0.0377258 0.0585862 0.0595560 0.0853893 0.0377369 0.0579926 0.0290442 0.0288699 0.0636851 0.0274581 0.0663690 0.0633108 0.0538688 0.0298007 0.0289268 0.0739611 0.0286624 0.0282876 0.0272301 0.0671871 0.0300391 0.0295122 0.0299947 0.0297884 0.0268794 0.0313831 0.0554110 0.0291988 0.0293641 0.0283448 0.0316479 0.0287612 0.0310996 0.0293909 0.0410706 0.0300677 0.0274792 0.0312387 0.0309137 0.0290842 0.0273624 0.0718797 0.0258448 0.0564852 0.0286635 0.0321350 
Erob133443_OTOF   0.0082669 0.0375347 0.0389952 0.0084122 0.0082077 0.0089021 0.0293336 0.0060467 0.0194786 0.0078156 0.0070799 0.0726281 0.0374119 0.0247584 0.0140564 0.0279543 0.0258099 0.0260985 0.0259810 0.0236580 0.0120473 0.0122592 0.0130040 0.0000000 0.0267369 0.0270503 0.0252799 0.0280875 0.0266077 0.0545082 0.0254003 0.0453943 0.0362923 0.0237382 0.0237418 0.0258350 0.0377253 0.0258535 0.0261274 0.0261958 0.0272476 0.0264435 0.0276561 0.0357988 0.0537062 0.0603037 0.1075717 0.0367737 0.0626921 0.0440603 0.0282473 0.0592069 0.0248889 0.0707869 0.0606020 0.0527928 0.0249387 0.0248540 0.0753591 0.0254771 0.0265731 0.0240831 0.0670542 0.0246860 0.0268898 0.0232542 0.0286157 0.0260905 0.0245078 0.0543947 0.0243041 0.0258672 0.0264547 0.0279609 0.0269559 0.0293563 0.0232536 0.0256737 0.0238386 0.0251935 0.0249573 0.0267296 0.0235355 0.0244561 0.0679689 0.0234899 0.0523614 0.0270700 0.0286553 
Fatt_OTOF         0.0304581 0.0611771 0.0418596 0.0281844 0.0284524 0.0283168 0.0297979 0.0295788 0.0335395 0.0272541 0.0261981 0.0848201 0.0286572 0.0065974 0.0276779 0.0070488 0.0048399 0.0053060 0.0053212 0.0136976 0.0273559 0.0290739 0.0316886 0.0267369 0.0000000 0.0049492 0.0029635 0.0028712 0.0293526 0.0626739 0.0202880 0.0424942 0.0397824 0.0227753 0.0076932 0.0074921 0.0237492 0.0044327 0.0048490 0.0063285 0.0082561 0.0071584 0.0239383 0.0386166 0.0594280 0.0548860 0.0888938 0.0380092 0.0329926 0.0292390 0.0301855 0.0346901 0.0150918 0.0659562 0.0640902 0.0542486 0.0142994 0.0130703 0.0849214 0.0054586 0.0049803 0.0082229 0.0775465 0.0231155 0.0044102 0.0146098 0.0019527 0.0290090 0.0322241 0.0394432 0.0140149 0.0144467 0.0062455 0.0069367 0.0050329 0.0064398 0.0064460 0.0159557 0.0059447 0.0053485 0.0065616 0.0059263 0.0058800 0.0047189 0.0748128 0.0056964 0.0546103 0.0049932 0.0306188 
Ggri_OTOF         0.0281115 0.0610053 0.0394333 0.0267506 0.0266233 0.0275446 0.0434080 0.0276322 0.0305247 0.0252174 0.0249971 0.0829749 0.0247894 0.0053420 0.0257680 0.0055496 0.0035864 0.0041019 0.0037169 0.0128887 0.0261519 0.0269218 0.0289367 0.0270503 0.0049492 0.0000000 0.0034979 0.0033745 0.0267464 0.0619499 0.0194849 0.0404604 0.0368696 0.0195577 0.0062104 0.0061063 0.0209203 0.0030549 0.0035151 0.0049696 0.0059875 0.0060154 0.0238740 0.0347440 0.0517184 0.0519348 0.0742495 0.0357015 0.0504953 0.0504477 0.0291301 0.0517429 0.0136128 0.0632532 0.0618095 0.0489642 0.0117374 0.0105421 0.0846797 0.0049662 0.0047179 0.0068136 0.0751620 0.0200215 0.0035803 0.0134011 0.0030021 0.0273830 0.0329749 0.0356378 0.0119708 0.0118658 0.0043900 0.0061113 0.0049091 0.0057289 0.0051465 0.0131019 0.0043239 0.0048028 0.0046372 0.0042471 0.0049493 0.0032632 0.0714979 0.0043750 0.0510180 0.0038262 0.0286003 
Gmac39091_OTOF    0.0292481 0.0547199 0.0390266 0.0284865 0.0280392 0.0283889 0.0300614 0.0287945 0.0311062 0.0266662 0.0262753 0.0816785 0.0252100 0.0094180 0.0280364 0.0060897 0.0190968 0.0040571 0.0043918 0.0141136 0.0261814 0.0279078 0.0298307 0.0252799 0.0029635 0.0034979 0.0000000 0.0004261 0.0274261 0.0606317 0.0193128 0.0409648 0.0571207 0.0205777 0.0070440 0.0062422 0.0221161 0.0041171 0.0041533 0.0054072 0.0219673 0.0057902 0.0252233 0.0365815 0.0518644 0.0747921 0.0961189 0.0381898 0.0502738 0.0287091 0.0454963 0.0597160 0.0157200 0.0821268 0.0577250 0.0661798 0.0134884 0.0108269 0.0830427 0.0176989 0.0183009 0.0071741 0.0747048 0.0209235 0.0036535 0.0146038 0.0010304 0.0300808 0.0345122 0.0363640 0.0130131 0.0115093 0.0052041 0.0066686 0.0038955 0.0055800 0.0057201 0.0137052 0.0046616 0.0038322 0.0053844 0.0046017 0.0050095 0.0033857 0.0706521 0.0049138 0.0488029 0.0043104 0.0301546 
Gmel_OTOF         0.0278627 0.0506875 0.0383016 0.0260584 0.0279786 0.0280395 0.0425627 0.0286456 0.0288717 0.0268116 0.0265604 0.0833697 0.0201167 0.0092986 0.0282053 0.0063181 0.0175225 0.0037476 0.0042527 0.0148865 0.0257991 0.0275984 0.0295784 0.0280875 0.0028712 0.0033745 0.0004261 0.0000000 0.0273618 0.0644592 0.0181090 0.0406915 0.0533932 0.0190948 0.0072922 0.0057301 0.0177265 0.0040012 0.0040254 0.0048997 0.0195922 0.0054426 0.0252738 0.0317390 0.0484941 0.0733281 0.1092825 0.0357471 0.0483157 0.0462962 0.0438657 0.0532296 0.0156139 0.0779842 0.0565675 0.0597887 0.0147602 0.0132712 0.0831776 0.0171429 0.0167648 0.0078419 0.0784268 0.0207496 0.0037042 0.0138330 0.0013658 0.0294930 0.0338402 0.0337117 0.0142061 0.0112174 0.0050603 0.0059761 0.0041588 0.0051664 0.0055548 0.0124429 0.0045442 0.0043611 0.0047827 0.0042150 0.0054692 0.0038581 0.0745220 0.0044596 0.0474986 0.0042133 0.0291992 
Hamp_OTOF         0.0247811 0.0312721 0.0207632 0.0258778 0.0255182 0.0249388 0.0243181 0.0257246 0.0302813 0.0236291 0.0236592 0.0769451 0.0433854 0.0286951 0.0254218 0.0287429 0.0436919 0.0269415 0.0267154 0.0237547 0.0265348 0.0266163 0.0294668 0.0266077 0.0293526 0.0267464 0.0274261 0.0273618 0.0000000 0.0612804 0.0240613 0.0393611 0.0509829 0.0362776 0.0265108 0.0266638 0.0213248 0.0256904 0.0267701 0.0253446 0.0428623 0.0265037 0.0292693 0.0066052 0.0111212 0.0271154 0.0452072 0.0187148 0.0258937 0.0080275 0.0285435 0.0344286 0.0242621 0.0332357 0.0085763 0.0087047 0.0246215 0.0250158 0.0792956 0.0413595 0.0411576 0.0238762 0.0750781 0.0265011 0.0272855 0.0235066 0.0279518 0.0262796 0.0338262 0.0536687 0.0233396 0.0218058 0.0260272 0.0268426 0.0274031 0.0292184 0.0274631 0.0352577 0.0270935 0.0257133 0.0270511 0.0272186 0.0258424 0.0263620 0.0734081 0.0213017 0.0101881 0.0255864 0.0142149 
Hippo_OTOF        0.0535651 0.0783474 0.0736968 0.0516359 0.0539962 0.0538586 0.0688345 0.0536201 0.0577602 0.0546912 0.0532776 0.0704123 0.0798884 0.0657830 0.0552479 0.0624203 0.0786605 0.0593185 0.0595785 0.0637864 0.0507198 0.0547546 0.0546403 0.0545082 0.0626739 0.0619499 0.0606317 0.0644592 0.0612804 0.0000000 0.0613043 0.0714628 0.0844529 0.0724054 0.0610251 0.0616888 0.0722928 0.0599251 0.0578682 0.0623676 0.0762396 0.0591567 0.0682902 0.0691929 0.0804778 0.1148913 0.1472611 0.0696019 0.0852989 0.0739707 0.0789436 0.0914764 0.0644772 0.1164916 0.0906952 0.0990151 0.0638860 0.0644308 0.0719848 0.0765699 0.0775062 0.0622750 0.0685122 0.0642326 0.0630476 0.0610568 0.0648155 0.0601950 0.0592778 0.0839209 0.0631426 0.0581285 0.0618483 0.0612819 0.0621861 0.0627370 0.0622705 0.0690866 0.0581546 0.0604675 0.0592661 0.0597569 0.0597630 0.0613632 0.0676395 0.0580641 0.0813253 0.0615126 0.0656818 
Igeo_OTOF         0.0273326 0.0292953 0.0380583 0.0252201 0.0281542 0.0269385 0.0441127 0.0279013 0.0311950 0.0271955 0.0266733 0.0860823 0.0205706 0.0169544 0.0275175 0.0166896 0.0168548 0.0182000 0.0176127 0.0180366 0.0273886 0.0284669 0.0307730 0.0254003 0.0202880 0.0194849 0.0193128 0.0181090 0.0240613 0.0613043 0.0000000 0.0443991 0.0272684 0.0288796 0.0184788 0.0170837 0.0317939 0.0166707 0.0180668 0.0167602 0.0174675 0.0180430 0.0190594 0.0340732 0.0514352 0.0572466 0.0964783 0.0319338 0.0545907 0.0421327 0.0254818 0.0554080 0.0190834 0.0526043 0.0574524 0.0496941 0.0175848 0.0171541 0.0846348 0.0169794 0.0178107 0.0154594 0.0768344 0.0147448 0.0196030 0.0173457 0.0186214 0.0278573 0.0319443 0.0346878 0.0175694 0.0167547 0.0178775 0.0198924 0.0187296 0.0175699 0.0175178 0.0288602 0.0171793 0.0193614 0.0157426 0.0180721 0.0173104 0.0176192 0.0742036 0.0182880 0.0509660 0.0172780 0.0270829 
Kbre_OTOF         0.0369171 0.0490573 0.0495349 0.0425400 0.0377044 0.0391823 0.0273156 0.0377379 0.0280332 0.0356369 0.0230509 0.0934253 0.0796584 0.0408626 0.0231799 0.0433100 0.0416578 0.0421319 0.0401265 0.0372246 0.0230150 0.0367800 0.0398854 0.0453943 0.0424942 0.0404604 0.0409648 0.0406915 0.0393611 0.0714628 0.0443991 0.0000000 0.0319229 0.0553159 0.0405922 0.0421337 0.0415769 0.0398504 0.0401908 0.0391155 0.0441499 0.0415161 0.0415471 0.0543898 0.0703846 0.0680757 0.0822467 0.0365716 0.0689724 0.0249802 0.0417532 0.0569708 0.0387369 0.0764065 0.0752916 0.0630278 0.0391179 0.0406290 0.0929800 0.0401467 0.0406917 0.0382284 0.0866139 0.0415207 0.0403525 0.0413798 0.0411511 0.0264468 0.0176346 0.0345115 0.0384834 0.0487898 0.0426185 0.0299381 0.0396981 0.0455318 0.0420613 0.0522415 0.0416997 0.0409530 0.0456856 0.0414851 0.0430836 0.0392672 0.0848431 0.0271105 0.0699479 0.0400025 0.0479833 
Ksim_OTOF         0.0482147 0.0319703 0.0426196 0.0240239 0.0539778 0.0329536 0.0340913 0.0491985 0.0364940 0.0470356 0.0329374 0.1074422 0.0303925 0.0437034 0.0334245 0.0361625 0.0358378 0.0462908 0.0361186 0.0505053 0.0317227 0.0325244 0.0365710 0.0362923 0.0397824 0.0368696 0.0571207 0.0533932 0.0509829 0.0844529 0.0272684 0.0319229 0.0000000 0.0363089 0.0377550 0.0447130 0.0545559 0.0351454 0.0366066 0.0509879 0.0259824 0.0482251 0.0561510 0.0492899 0.0867279 0.0708310 0.1261257 0.0364292 0.0548565 0.0226556 0.0264840 0.0531531 0.0518353 0.0522189 0.0544346 0.0854579 0.0506295 0.0544747 0.1099825 0.0380410 0.0355104 0.0510276 0.1005481 0.0303105 0.0373581 0.0330699 0.0540139 0.0377223 0.0346876 0.0444714 0.0496148 0.0255219 0.0375350 0.0284012 0.0386588 0.0306184 0.0361017 0.0358129 0.0391859 0.0574543 0.0286617 0.0374128 0.0351575 0.0346670 0.0985990 0.0373285 0.0751684 0.0528595 0.0388144 
Lacu_OTOF         0.0364555 0.0513957 0.0509197 0.0360131 0.0377417 0.0381107 0.0601521 0.0354995 0.0406002 0.0353935 0.0371210 0.0918852 0.0257915 0.0059924 0.0346427 0.0210678 0.0195600 0.0200487 0.0184799 0.0205374 0.0366690 0.0361321 0.0396191 0.0237382 0.0227753 0.0195577 0.0205777 0.0190948 0.0362776 0.0724054 0.0288796 0.0553159 0.0363089 0.0000000 0.0192501 0.0197712 0.0221382 0.0181777 0.0183130 0.0169694 0.0212072 0.0200395 0.0278197 0.0317765 0.0684870 0.0709663 0.0814681 0.0474216 0.0671042 0.0702180 0.0256096 0.0532021 0.0226543 0.0789209 0.0606961 0.0589137 0.0197256 0.0191869 0.0923873 0.0187961 0.0194261 0.0154857 0.0853488 0.0330031 0.0214569 0.0094838 0.0204908 0.0359829 0.0442584 0.0497454 0.0202979 0.0087212 0.0209468 0.0109039 0.0181528 0.0213101 0.0199038 0.0071413 0.0197520 0.0206757 0.0067407 0.0190665 0.0196936 0.0183931 0.0806656 0.0075420 0.0681988 0.0187458 0.0346394 
Lalb_OTOF         0.0280503 0.0608308 0.0392522 0.0267110 0.0257476 0.0264324 0.0279673 0.0272551 0.0304362 0.0245807 0.0238258 0.0817212 0.0274398 0.0059981 0.0258983 0.0080701 0.0065424 0.0064206 0.0065401 0.0127797 0.0268622 0.0272642 0.0289710 0.0237418 0.0076932 0.0062104 0.0070440 0.0072922 0.0265108 0.0610251 0.0184788 0.0405922 0.0377550 0.0192501 0.0000000 0.0069087 0.0235912 0.0061093 0.0067408 0.0057997 0.0067719 0.0069083 0.0224232 0.0355809 0.0530369 0.0504855 0.0896958 0.0374868 0.0503083 0.0270084 0.0287358 0.0620916 0.0140567 0.0608459 0.0591617 0.0669885 0.0123134 0.0110607 0.0822026 0.0068207 0.0064623 0.0067790 0.0754767 0.0216924 0.0070589 0.0134880 0.0061205 0.0278319 0.0308920 0.0365320 0.0123065 0.0128057 0.0064394 0.0079411 0.0067664 0.0081269 0.0077788 0.0165248 0.0072076 0.0062029 0.0079705 0.0068347 0.0059026 0.0055013 0.0734028 0.0073461 0.0517508 0.0060491 0.0288772 
Laus_OTOF         0.0273975 0.0311628 0.0357575 0.0232816 0.0269653 0.0261312 0.0259697 0.0276564 0.0296912 0.0253049 0.0247924 0.0825035 0.0071423 0.0052278 0.0259539 0.0058537 0.0203153 0.0037775 0.0054314 0.0118608 0.0244734 0.0269602 0.0296957 0.0258350 0.0074921 0.0061063 0.0062422 0.0057301 0.0266638 0.0616888 0.0170837 0.0421337 0.0447130 0.0197712 0.0069087 0.0000000 0.0197505 0.0047950 0.0053628 0.0026028 0.0180277 0.0022395 0.0234081 0.0351078 0.0539482 0.0777609 0.1299291 0.0345469 0.0489952 0.0236215 0.0444747 0.0286346 0.0131141 0.0704155 0.0565958 0.0503729 0.0131613 0.0114331 0.0844471 0.0195055 0.0197569 0.0076650 0.0781718 0.0198260 0.0065909 0.0119751 0.0046290 0.0277330 0.0315072 0.0264228 0.0123895 0.0077186 0.0055863 0.0057238 0.0057941 0.0054592 0.0065036 0.0153638 0.0064253 0.0061282 0.0042187 0.0052933 0.0061775 0.0050762 0.0736255 0.0037763 0.0512593 0.0049953 0.0273683 
Lbor_OTOF         0.0373263 0.0429857 0.0348585 0.0370441 0.0419948 0.0384095 0.0674637 0.0391159 0.0441378 0.0349878 0.0363328 0.0886975 0.0349714 0.0186764 0.0352142 0.0205456 0.0168246 0.0219905 0.0165788 0.0255048 0.0365976 0.0365363 0.0413793 0.0377253 0.0237492 0.0209203 0.0221161 0.0177265 0.0213248 0.0722928 0.0317939 0.0415769 0.0545559 0.0221382 0.0235912 0.0197505 0.0000000 0.0167006 0.0186165 0.0140120 0.0172400 0.0138655 0.0352240 0.0191479 0.0202018 0.0204811 0.0485916 0.0498181 0.0730638 0.0478632 0.0406907 0.0455922 0.0259654 0.0347320 0.0212575 0.0175472 0.0222224 0.0092948 0.0965558 0.0213547 0.0178977 0.0197451 0.0927883 0.0326565 0.0241163 0.0216139 0.0230281 0.0407865 0.0266886 0.0394887 0.0213657 0.0259109 0.0183724 0.0151726 0.0201175 0.0196699 0.0182147 0.0172994 0.0180219 0.0234528 0.0167947 0.0177194 0.0171587 0.0207122 0.0741539 0.0168986 0.0185991 0.0156137 0.0347658 
Lhos30470_OTOF    0.0267141 0.0489876 0.0380516 0.0245881 0.0262303 0.0262133 0.0416316 0.0277238 0.0292466 0.0242466 0.0245672 0.0811797 0.0180180 0.0038875 0.0250344 0.0032749 0.0018777 0.0014587 0.0026074 0.0122255 0.0247646 0.0265248 0.0279359 0.0258535 0.0044327 0.0030549 0.0041171 0.0040012 0.0256904 0.0599251 0.0166707 0.0398504 0.0351454 0.0181777 0.0061093 0.0047950 0.0167006 0.0000000 0.0018003 0.0039961 0.0042785 0.0040113 0.0228111 0.0305250 0.0507418 0.0510170 0.0912475 0.0333457 0.0496554 0.0440329 0.0264906 0.0289429 0.0131642 0.0609037 0.0563468 0.0468343 0.0120217 0.0106425 0.0821479 0.0039686 0.0043090 0.0069393 0.0752952 0.0202133 0.0040608 0.0116064 0.0022120 0.0264951 0.0302865 0.0344759 0.0120197 0.0096298 0.0026061 0.0042577 0.0034412 0.0043975 0.0033189 0.0116931 0.0023003 0.0028418 0.0024336 0.0025159 0.0034402 0.0018268 0.0699635 0.0022269 0.0495567 0.0024310 0.0264533 
Lhos452_OTOF      0.0272652 0.0515394 0.0389088 0.0255418 0.0258293 0.0257448 0.0420358 0.0275359 0.0301412 0.0252290 0.0249460 0.0836952 0.0208553 0.0045469 0.0245458 0.0046340 0.0023888 0.0030344 0.0033450 0.0118123 0.0246699 0.0267689 0.0292954 0.0261274 0.0048490 0.0035151 0.0041533 0.0040254 0.0267701 0.0578682 0.0180668 0.0401908 0.0366066 0.0183130 0.0067408 0.0053628 0.0186165 0.0018003 0.0000000 0.0042603 0.0048907 0.0051993 0.0235482 0.0331233 0.0502674 0.0537750 0.0721164 0.0343851 0.0488147 0.0460005 0.0271946 0.0562740 0.0133101 0.0593303 0.0574315 0.0478874 0.0115900 0.0103142 0.0851001 0.0046825 0.0039436 0.0066712 0.0767246 0.0196121 0.0046439 0.0127686 0.0031286 0.0267502 0.0295714 0.0337729 0.0118349 0.0110214 0.0033462 0.0031336 0.0036798 0.0047597 0.0037350 0.0115249 0.0024825 0.0033301 0.0031119 0.0030971 0.0034827 0.0013135 0.0700586 0.0014301 0.0493796 0.0021199 0.0263844 
Lobl_OTOF         0.0257479 0.0461378 0.0361921 0.0240078 0.0257625 0.0257982 0.0405641 0.0268940 0.0264639 0.0250367 0.0243414 0.0806547 0.0172336 0.0052545 0.0252328 0.0056266 0.0169563 0.0037415 0.0042475 0.0132619 0.0240825 0.0260028 0.0275482 0.0261958 0.0063285 0.0049696 0.0054072 0.0048997 0.0253446 0.0623676 0.0167602 0.0391155 0.0509879 0.0169694 0.0057997 0.0026028 0.0140120 0.0039961 0.0042603 0.0000000 0.0151658 0.0025709 0.0235374 0.0294231 0.0463731 0.0690317 0.1034331 0.0340850 0.0465390 0.0421666 0.0420131 0.0510531 0.0139819 0.0755527 0.0535638 0.0579483 0.0131309 0.0119137 0.0809170 0.0173599 0.0169609 0.0080018 0.0766613 0.0188977 0.0049556 0.0112195 0.0043636 0.0273520 0.0306337 0.0318322 0.0125835 0.0101424 0.0045676 0.0052214 0.0050349 0.0056490 0.0050769 0.0131376 0.0052686 0.0046071 0.0042691 0.0044485 0.0054650 0.0040971 0.0743189 0.0031723 0.0463940 0.0043794 0.0264154 
Lobs_OTOF         0.0426420 0.0328990 0.0269896 0.0257036 0.0440632 0.0260476 0.0411160 0.0426784 0.0321986 0.0401330 0.0247351 0.1009327 0.0074307 0.0092064 0.0253741 0.0047250 0.0041463 0.0203836 0.0049137 0.0265459 0.0246906 0.0268257 0.0295161 0.0272476 0.0082561 0.0059875 0.0219673 0.0195922 0.0428623 0.0762396 0.0174675 0.0441499 0.0259824 0.0212072 0.0067719 0.0180277 0.0172400 0.0042785 0.0048907 0.0151658 0.0000000 0.0209383 0.0422725 0.0361236 0.0686446 0.0552323 0.0671789 0.0353098 0.0518241 0.0444214 0.0287714 0.0556122 0.0277100 0.0528615 0.0569232 0.0711438 0.0249198 0.0263731 0.1053702 0.0057723 0.0053191 0.0220474 0.0952782 0.0188750 0.0064162 0.0115036 0.0208887 0.0430300 0.0327323 0.0262532 0.0251865 0.0106755 0.0047953 0.0051318 0.0052528 0.0055431 0.0062545 0.0159830 0.0053734 0.0213225 0.0047984 0.0046831 0.0058546 0.0049201 0.0877323 0.0035881 0.0618043 0.0178854 0.0272183 
LperAUS_OTOF      0.0280845 0.0326504 0.0385674 0.0255390 0.0276974 0.0271635 0.0271334 0.0272166 0.0303167 0.0258372 0.0257222 0.0812544 0.0096184 0.0057922 0.0253414 0.0047661 0.0216220 0.0037152 0.0046763 0.0120846 0.0249671 0.0272511 0.0293677 0.0264435 0.0071584 0.0060154 0.0057902 0.0054426 0.0265037 0.0591567 0.0180430 0.0415161 0.0482251 0.0200395 0.0069083 0.0022395 0.0138655 0.0040113 0.0051993 0.0025709 0.0209383 0.0000000 0.0212234 0.0322603 0.0514626 0.0779605 0.0981931 0.0358276 0.0528438 0.0240791 0.0425236 0.0308282 0.0137141 0.0720924 0.0543244 0.0674125 0.0118596 0.0098200 0.0808081 0.0207457 0.0203918 0.0075419 0.0751518 0.0194826 0.0059570 0.0114014 0.0050847 0.0278646 0.0310016 0.0272096 0.0112983 0.0095164 0.0052323 0.0061836 0.0054556 0.0064228 0.0064908 0.0159840 0.0059723 0.0056887 0.0056599 0.0042196 0.0064758 0.0047464 0.0731351 0.0041685 0.0499258 0.0054287 0.0290723 
Lvex_OTOF         0.0293600 0.0524119 0.0382699 0.0277532 0.0273682 0.0278629 0.0464498 0.0301556 0.0330726 0.0291897 0.0276046 0.0849891 0.0383039 0.0262767 0.0283462 0.0243160 0.0380312 0.0241181 0.0231483 0.0219439 0.0273269 0.0277494 0.0297295 0.0276561 0.0239383 0.0238740 0.0252233 0.0252738 0.0292693 0.0682902 0.0190594 0.0415471 0.0561510 0.0278197 0.0224232 0.0234081 0.0352240 0.0228111 0.0235482 0.0235374 0.0422725 0.0212234 0.0000000 0.0347297 0.0509766 0.0771549 0.1188017 0.0385512 0.0511719 0.0483709 0.0443842 0.0565095 0.0227039 0.0777038 0.0572808 0.0595186 0.0233327 0.0228553 0.0855258 0.0352202 0.0369568 0.0220498 0.0828016 0.0206592 0.0230263 0.0214568 0.0251118 0.0311724 0.0351164 0.0434492 0.0225561 0.0197766 0.0250677 0.0267836 0.0223608 0.0246625 0.0232080 0.0319942 0.0221970 0.0249931 0.0231223 0.0230323 0.0237916 0.0243092 0.0801587 0.0239935 0.0505995 0.0242813 0.0317738 
Mbid_OTOF         0.0313661 0.0262165 0.0186426 0.0313467 0.0358454 0.0340670 0.0553798 0.0326439 0.0387761 0.0301716 0.0313763 0.0857568 0.0522479 0.0340481 0.0306718 0.0365064 0.0346484 0.0383633 0.0316012 0.0293426 0.0354765 0.0350933 0.0377258 0.0357988 0.0386166 0.0347440 0.0365815 0.0317390 0.0066052 0.0691929 0.0340732 0.0543898 0.0492899 0.0317765 0.0355809 0.0351078 0.0191479 0.0305250 0.0331233 0.0294231 0.0361236 0.0322603 0.0347297 0.0000000 0.0072784 0.0064181 0.0300668 0.0287334 0.0373110 0.0262894 0.0184502 0.0404860 0.0297010 0.0137117 0.0044037 0.0042565 0.0291138 0.0202341 0.0888185 0.0334474 0.0326345 0.0285311 0.0859012 0.0354448 0.0367002 0.0309243 0.0369646 0.0335892 0.0242335 0.0647744 0.0275208 0.0353924 0.0342194 0.0329257 0.0335804 0.0377362 0.0346500 0.0315406 0.0335213 0.0365860 0.0353990 0.0327928 0.0326994 0.0353930 0.0759531 0.0336333 0.0093236 0.0297373 0.0203143 
