93
Bacu_RYR2         0.0000000 0.0190570 0.0192796 0.0063082 0.0067294 0.0074086 0.0071087 0.0105833 0.0223676 0.0068069 0.0097321 0.0075670 0.0640493 0.0217799 0.0216116 0.0107163 0.0203623 0.0207366 0.0205675 0.0209757 0.0203318 0.0186357 0.0111169 0.0098080 0.0106992 0.0095941 0.0193099 0.0194163 0.0190210 0.0198888 0.0171419 0.0513992 0.0213731 0.0256224 0.0235086 0.0206506 0.0212904 0.0219877 0.0201935 0.0197848 0.0194845 0.0216794 0.0210113 0.0216449 0.0188684 0.0179380 0.0173727 0.0198773 0.0169422 0.0179886 0.0180711 0.0169846 0.0180843 0.0172036 0.0195214 0.0185815 0.0190406 0.0176933 0.0187466 0.0184012 0.0649384 0.0206866 0.0199875 0.0198130 0.0802928 0.0206177 0.0197346 0.0196975 0.0191407 0.0186786 0.0191611 0.0218521 0.0181507 0.0210943 0.0179851 0.0203104 0.0205233 0.0199016 0.0190713 0.0202775 0.0203800 0.0201751 0.0191404 0.0187868 0.0207168 0.0201691 0.0199424 0.0206289 0.0865293 0.0201808 0.0170832 0.0207376 0.0179655 
Barn_RYR2         0.0190570 0.0000000 0.0008949 0.0181809 0.0186075 0.0186990 0.0188729 0.0241547 0.0308521 0.0174019 0.0179413 0.0192096 0.0637061 0.0166982 0.0167229 0.0181976 0.0155234 0.0156493 0.0156420 0.0156973 0.0152834 0.0126074 0.0159948 0.0157052 0.0160491 0.0168154 0.0143312 0.0143217 0.0138197 0.0142839 0.0061875 0.0503483 0.0153712 0.0220200 0.0204286 0.0161512 0.0154417 0.0174306 0.0167331 0.0148183 0.0153560 0.0162524 0.0159029 0.0170652 0.0070518 0.0071426 0.0069680 0.0076822 0.0066784 0.0071995 0.0071262 0.0069538 0.0074464 0.0062531 0.0133059 0.0079534 0.0085548 0.0068910 0.0129842 0.0130106 0.0666248 0.0152144 0.0148521 0.0151172 0.0879824 0.0142235 0.0163596 0.0144193 0.0142414 0.0125343 0.0142294 0.0178301 0.0127348 0.0136120 0.0124268 0.0159417 0.0160936 0.0155857 0.0151171 0.0156991 0.0152965 0.0157821 0.0151295 0.0153889 0.0155293 0.0155256 0.0155229 0.0157812 0.0916642 0.0150090 0.0068619 0.0159340 0.0071877 
Bbai76728_RYR2    0.0192796 0.0008949 0.0000000 0.0219030 0.0189190 0.0189963 0.0190967 0.0230263 0.0280709 0.0183561 0.0214952 0.0189147 0.0627459 0.0168442 0.0166843 0.0193975 0.0156075 0.0158229 0.0157019 0.0158401 0.0155843 0.0129878 0.0161717 0.0159991 0.0165572 0.0205454 0.0145711 0.0146646 0.0144383 0.0148038 0.0063213 0.0496623 0.0161279 0.0215186 0.0207617 0.0158368 0.0153492 0.0173052 0.0167001 0.0153402 0.0156915 0.0162733 0.0159978 0.0166359 0.0076929 0.0073724 0.0070980 0.0075961 0.0067973 0.0072151 0.0065583 0.0071262 0.0077783 0.0067449 0.0137327 0.0078546 0.0086579 0.0073925 0.0131956 0.0133537 0.0648022 0.0152850 0.0149832 0.0149037 0.0835312 0.0155797 0.0163701 0.0148250 0.0145985 0.0127475 0.0146800 0.0183090 0.0130501 0.0136960 0.0126166 0.0158383 0.0160040 0.0156619 0.0150953 0.0159959 0.0145284 0.0156230 0.0151336 0.0154032 0.0153888 0.0155204 0.0152801 0.0159146 0.0901929 0.0152964 0.0074867 0.0158355 0.0073931 
BbonAUS_RYR2      0.0063082 0.0181809 0.0219030 0.0000000 0.0083005 0.0093667 0.0090525 0.0122776 0.0222623 0.0087088 0.0061706 0.0091476 0.0676123 0.0239898 0.0238711 0.0135267 0.0231298 0.0206250 0.0231455 0.0230592 0.0199825 0.0205863 0.0127719 0.0115358 0.0124382 0.0068202 0.0217734 0.0217343 0.0215636 0.0218970 0.0201354 0.0539479 0.0243246 0.0265909 0.0257669 0.0229634 0.0223167 0.0242537 0.0227278 0.0196571 0.0221488 0.0233681 0.0234370 0.0239140 0.0189294 0.0210353 0.0201986 0.0207415 0.0201898 0.0209052 0.0214832 0.0195297 0.0209797 0.0200844 0.0212950 0.0212733 0.0220475 0.0202942 0.0206314 0.0206864 0.0682704 0.0226214 0.0220611 0.0219072 0.0863102 0.0233996 0.0211709 0.0222729 0.0227129 0.0209401 0.0216748 0.0222403 0.0213352 0.0219159 0.0210228 0.0230781 0.0229462 0.0225657 0.0218400 0.0227901 0.0228826 0.0226445 0.0221322 0.0216340 0.0232466 0.0226370 0.0227144 0.0231979 0.0944969 0.0229291 0.0200181 0.0228716 0.0211073 
Bbor_RYR2         0.0067294 0.0186075 0.0189190 0.0083005 0.0000000 0.0015795 0.0016092 0.0079225 0.0235567 0.0058189 0.0081761 0.0025364 0.0636088 0.0214455 0.0211679 0.0108472 0.0204094 0.0209793 0.0203203 0.0206123 0.0203467 0.0174782 0.0103251 0.0096732 0.0101852 0.0087099 0.0184421 0.0187298 0.0187283 0.0188583 0.0163372 0.0491906 0.0213275 0.0234235 0.0223506 0.0199437 0.0192551 0.0210201 0.0200051 0.0201939 0.0195151 0.0205729 0.0204738 0.0207237 0.0186643 0.0174471 0.0172178 0.0173874 0.0167689 0.0170977 0.0171243 0.0171118 0.0176144 0.0171214 0.0184717 0.0181276 0.0187400 0.0172786 0.0173500 0.0178146 0.0639994 0.0196407 0.0194412 0.0194420 0.0806616 0.0200833 0.0173530 0.0192058 0.0183581 0.0176606 0.0189453 0.0216086 0.0175193 0.0183803 0.0176379 0.0203286 0.0203169 0.0196774 0.0191694 0.0203208 0.0197956 0.0200865 0.0192697 0.0190798 0.0205974 0.0199256 0.0198566 0.0202993 0.0853083 0.0198461 0.0162944 0.0201868 0.0181803 
Bede66737_RYR2    0.0074086 0.0186990 0.0189963 0.0093667 0.0015795 0.0000000 0.0001541 0.0085929 0.0236239 0.0064953 0.0088581 0.0012483 0.0639892 0.0216872 0.0214504 0.0109265 0.0202517 0.0209094 0.0203000 0.0205884 0.0203855 0.0177362 0.0101919 0.0094372 0.0099481 0.0088484 0.0186155 0.0187362 0.0189039 0.0190255 0.0167705 0.0499026 0.0213029 0.0233795 0.0223270 0.0200542 0.0193312 0.0214103 0.0201760 0.0200644 0.0196286 0.0209672 0.0207566 0.0210454 0.0186451 0.0179674 0.0176449 0.0179675 0.0171908 0.0177019 0.0177098 0.0174055 0.0179372 0.0173539 0.0186380 0.0186373 0.0190010 0.0177031 0.0177768 0.0182454 0.0643451 0.0200104 0.0195441 0.0195159 0.0814104 0.0203271 0.0175332 0.0193211 0.0186926 0.0180411 0.0189689 0.0216085 0.0175575 0.0187165 0.0177424 0.0203049 0.0205156 0.0197919 0.0191100 0.0204294 0.0193249 0.0201533 0.0192022 0.0192675 0.0204210 0.0199944 0.0196679 0.0202794 0.0853202 0.0198251 0.0167047 0.0202516 0.0180662 
BedeAUS_RYR2      0.0071087 0.0188729 0.0190967 0.0090525 0.0016092 0.0001541 0.0000000 0.0088074 0.0230091 0.0065633 0.0087833 0.0012899 0.0636149 0.0215390 0.0211033 0.0110021 0.0203355 0.0207941 0.0202442 0.0204564 0.0203134 0.0172627 0.0098944 0.0093370 0.0096700 0.0087841 0.0184860 0.0185741 0.0186584 0.0188392 0.0166379 0.0492217 0.0213199 0.0234119 0.0223447 0.0199938 0.0192441 0.0211384 0.0202848 0.0200016 0.0193820 0.0206714 0.0206142 0.0208668 0.0187067 0.0178955 0.0173096 0.0176772 0.0169997 0.0174185 0.0176218 0.0173124 0.0180831 0.0173073 0.0182748 0.0182330 0.0191274 0.0174525 0.0173836 0.0179413 0.0637566 0.0196033 0.0193039 0.0194348 0.0810645 0.0200818 0.0172999 0.0191416 0.0185793 0.0175736 0.0189542 0.0218485 0.0174390 0.0184352 0.0175965 0.0203397 0.0202768 0.0196749 0.0191194 0.0200534 0.0195216 0.0200477 0.0192574 0.0192258 0.0204961 0.0198832 0.0197693 0.0203098 0.0855401 0.0198885 0.0167653 0.0201086 0.0181594 
Bmus_RYR2         0.0105833 0.0241547 0.0230263 0.0122776 0.0079225 0.0085929 0.0088074 0.0000000 0.0312785 0.0094929 0.0120921 0.0092996 0.0692930 0.0246115 0.0247734 0.0142023 0.0242491 0.0248661 0.0241343 0.0236672 0.0242559 0.0209635 0.0133844 0.0128262 0.0131819 0.0123419 0.0226738 0.0229522 0.0228179 0.0227395 0.0203881 0.0580016 0.0256255 0.0279662 0.0261495 0.0242548 0.0253900 0.0249987 0.0238924 0.0233215 0.0234215 0.0264481 0.0243565 0.0247619 0.0222357 0.0210388 0.0209719 0.0224926 0.0207709 0.0211940 0.0217269 0.0206086 0.0216026 0.0207576 0.0217944 0.0221198 0.0228147 0.0212315 0.0232571 0.0215785 0.0695023 0.0237378 0.0233367 0.0250461 0.0900385 0.0239897 0.0225232 0.0232270 0.0240600 0.0219230 0.0230233 0.0254458 0.0218192 0.0260992 0.0212038 0.0241147 0.0239849 0.0235244 0.0229152 0.0239058 0.0238253 0.0239902 0.0226851 0.0230279 0.0241543 0.0238308 0.0233668 0.0240007 0.0907158 0.0238736 0.0202805 0.0243844 0.0223467 
Bmys_RYR2         0.0223676 0.0308521 0.0280709 0.0222623 0.0235567 0.0236239 0.0230091 0.0312785 0.0000000 0.0210075 0.0214345 0.0228142 0.0721280 0.0293586 0.0281922 0.0226669 0.0279628 0.0282353 0.0280917 0.0276692 0.0279867 0.0231422 0.0157541 0.0157273 0.0158406 0.0204836 0.0266271 0.0263602 0.0252847 0.0257490 0.0245904 0.0607292 0.0329472 0.0332285 0.0334036 0.0281377 0.0262027 0.0286252 0.0286655 0.0283405 0.0283207 0.0271704 0.0264471 0.0279119 0.0282770 0.0261244 0.0260730 0.0264673 0.0260172 0.0260548 0.0339197 0.0252526 0.0259476 0.0273294 0.0238425 0.0264397 0.0275361 0.0260605 0.0238935 0.0241357 0.0710225 0.0267150 0.0264835 0.0274918 0.1107565 0.0291769 0.0252107 0.0276444 0.0283506 0.0233979 0.0263917 0.0210812 0.0235417 0.0237049 0.0243464 0.0271997 0.0283512 0.0271794 0.0265412 0.0267225 0.0333725 0.0281288 0.0269731 0.0280700 0.0286400 0.0271510 0.0273361 0.0281868 0.0998491 0.0281257 0.0248512 0.0274386 0.0260974 
Bphy_RYR2         0.0068069 0.0174019 0.0183561 0.0087088 0.0058189 0.0064953 0.0065633 0.0094929 0.0210075 0.0000000 0.0040206 0.0061533 0.0650552 0.0212981 0.0211421 0.0101945 0.0200234 0.0203207 0.0201678 0.0202199 0.0202620 0.0173534 0.0097069 0.0084247 0.0088951 0.0088141 0.0185134 0.0185444 0.0182449 0.0184524 0.0165100 0.0507381 0.0214319 0.0230029 0.0217297 0.0198411 0.0193210 0.0213912 0.0207794 0.0198740 0.0194636 0.0204606 0.0202916 0.0210861 0.0183292 0.0176417 0.0171867 0.0175194 0.0170417 0.0176095 0.0178371 0.0169203 0.0177940 0.0167040 0.0180564 0.0182504 0.0187296 0.0173505 0.0168586 0.0172476 0.0665549 0.0202262 0.0192173 0.0192574 0.0819812 0.0198642 0.0177464 0.0189222 0.0176001 0.0175271 0.0184206 0.0212057 0.0173428 0.0181157 0.0171886 0.0198301 0.0202462 0.0196262 0.0189764 0.0201115 0.0189021 0.0200142 0.0192224 0.0190418 0.0200343 0.0197380 0.0195754 0.0204287 0.0918634 0.0196397 0.0161589 0.0198574 0.0176036 
Bphy_baits_RYR2   0.0097321 0.0179413 0.0214952 0.0061706 0.0081761 0.0088581 0.0087833 0.0120921 0.0214345 0.0040206 0.0000000 0.0085349 0.0675821 0.0238062 0.0234340 0.0133658 0.0227646 0.0198802 0.0228762 0.0229724 0.0197074 0.0195257 0.0122699 0.0115025 0.0118396 0.0062221 0.0211673 0.0213285 0.0211227 0.0214079 0.0195007 0.0524327 0.0247179 0.0261478 0.0249359 0.0223696 0.0221187 0.0238344 0.0232851 0.0193684 0.0221040 0.0230172 0.0227595 0.0233215 0.0182801 0.0205552 0.0199304 0.0204056 0.0198125 0.0205630 0.0204085 0.0198139 0.0211282 0.0196212 0.0203452 0.0209662 0.0218065 0.0198666 0.0194727 0.0199645 0.0678922 0.0220472 0.0214427 0.0217818 0.0885983 0.0221996 0.0203030 0.0214084 0.0213129 0.0196893 0.0214472 0.0208445 0.0198169 0.0206888 0.0197352 0.0226562 0.0228405 0.0222024 0.0215090 0.0225149 0.0229788 0.0227121 0.0220916 0.0214956 0.0230354 0.0224459 0.0223246 0.0231180 0.0929770 0.0223387 0.0196478 0.0226899 0.0206595 
Bric_RYR2         0.0075670 0.0192096 0.0189147 0.0091476 0.0025364 0.0012483 0.0012899 0.0092996 0.0228142 0.0061533 0.0085349 0.0000000 0.0669717 0.0215114 0.0212857 0.0109560 0.0202074 0.0206617 0.0202475 0.0216078 0.0203394 0.0187237 0.0102423 0.0094639 0.0099631 0.0087955 0.0184957 0.0186952 0.0187884 0.0203978 0.0166705 0.0513137 0.0216218 0.0248519 0.0223806 0.0200769 0.0208140 0.0213418 0.0200262 0.0201443 0.0196591 0.0227166 0.0206040 0.0208945 0.0187843 0.0174460 0.0173032 0.0205365 0.0173748 0.0177558 0.0183293 0.0172583 0.0179381 0.0171286 0.0195372 0.0183459 0.0187259 0.0174594 0.0193839 0.0179338 0.0670636 0.0198705 0.0194125 0.0213265 0.0854212 0.0205490 0.0190068 0.0192823 0.0188184 0.0181192 0.0189236 0.0216221 0.0178199 0.0223257 0.0178209 0.0202394 0.0203573 0.0196568 0.0189880 0.0202047 0.0195255 0.0200912 0.0191514 0.0192172 0.0205423 0.0199346 0.0196960 0.0202983 0.0873899 0.0197659 0.0169348 0.0205145 0.0182770 
Btau_RYR2         0.0640493 0.0637061 0.0627459 0.0676123 0.0636088 0.0639892 0.0636149 0.0692930 0.0721280 0.0650552 0.0675821 0.0669717 0.0000000 0.0651321 0.0655936 0.0641423 0.0654756 0.0673861 0.0655207 0.0661752 0.0657994 0.0619579 0.0605043 0.0606864 0.0611011 0.0660396 0.0650412 0.0641849 0.0646593 0.0659708 0.0607394 0.0789986 0.0643677 0.0703636 0.0657267 0.0656246 0.0686481 0.0663495 0.0635091 0.0671127 0.0657694 0.0689420 0.0644363 0.0658841 0.0652180 0.0611486 0.0604844 0.0649406 0.0611599 0.0616693 0.0579129 0.0609602 0.0614399 0.0604325 0.0635027 0.0614898 0.0637257 0.0616142 0.0665132 0.0627231 0.0170325 0.0650686 0.0641840 0.0685579 0.0413432 0.0638968 0.0660088 0.0654645 0.0652811 0.0634702 0.0650010 0.0711200 0.0623663 0.0700684 0.0626142 0.0645298 0.0649431 0.0656903 0.0650470 0.0650383 0.0610669 0.0648490 0.0657627 0.0648242 0.0654327 0.0649741 0.0647344 0.0650466 0.0995479 0.0633484 0.0615769 0.0671881 0.0611918 
Ccom40_RYR2       0.0217799 0.0166982 0.0168442 0.0239898 0.0214455 0.0216872 0.0215390 0.0246115 0.0293586 0.0212981 0.0238062 0.0215114 0.0651321 0.0000000 0.0014224 0.0203540 0.0053454 0.0056427 0.0057827 0.0058297 0.0054496 0.0093944 0.0184470 0.0182350 0.0187918 0.0224864 0.0054014 0.0051432 0.0053198 0.0056579 0.0154441 0.0512941 0.0163993 0.0236269 0.0225630 0.0071930 0.0066903 0.0011707 0.0024633 0.0056326 0.0051360 0.0024260 0.0025215 0.0021890 0.0163157 0.0161547 0.0160192 0.0165806 0.0153989 0.0162994 0.0160470 0.0157463 0.0163594 0.0155617 0.0102778 0.0164109 0.0170916 0.0157999 0.0102934 0.0103882 0.0660405 0.0066985 0.0058310 0.0063540 0.0845146 0.0153650 0.0192800 0.0063399 0.0112711 0.0099135 0.0056632 0.0225429 0.0099103 0.0110298 0.0098211 0.0056140 0.0053622 0.0057578 0.0053159 0.0055735 0.0064702 0.0060055 0.0051648 0.0055694 0.0054851 0.0054936 0.0058352 0.0064433 0.0870238 0.0058073 0.0161967 0.0060864 0.0161428 
Chea7320_RYR2     0.0216116 0.0167229 0.0166843 0.0238711 0.0211679 0.0214504 0.0211033 0.0247734 0.0281922 0.0211421 0.0234340 0.0212857 0.0655936 0.0014224 0.0000000 0.0204313 0.0049813 0.0051833 0.0053529 0.0053550 0.0048317 0.0091517 0.0184661 0.0181226 0.0188132 0.0225006 0.0052111 0.0049631 0.0049836 0.0053540 0.0155011 0.0511375 0.0155585 0.0237245 0.0226359 0.0065685 0.0060425 0.0009739 0.0020288 0.0048494 0.0044659 0.0020151 0.0019766 0.0016224 0.0158476 0.0161581 0.0157045 0.0166082 0.0151735 0.0160233 0.0159068 0.0156327 0.0162318 0.0151557 0.0100169 0.0163341 0.0166664 0.0155653 0.0098763 0.0099999 0.0660810 0.0064718 0.0055988 0.0058225 0.0841177 0.0146265 0.0190411 0.0061022 0.0108501 0.0097306 0.0053828 0.0220861 0.0094336 0.0105308 0.0090796 0.0052612 0.0049250 0.0053867 0.0048299 0.0051756 0.0058051 0.0052984 0.0046469 0.0053258 0.0050040 0.0049901 0.0050750 0.0056386 0.0889470 0.0052830 0.0158654 0.0055839 0.0157697 
Cmar59905_RYR2    0.0107163 0.0181976 0.0193975 0.0135267 0.0108472 0.0109265 0.0110021 0.0142023 0.0226669 0.0101945 0.0133658 0.0109560 0.0641423 0.0203540 0.0204313 0.0000000 0.0200511 0.0204755 0.0201728 0.0202161 0.0202097 0.0179491 0.0110405 0.0104591 0.0110459 0.0128973 0.0190624 0.0189602 0.0189485 0.0192351 0.0176391 0.0505460 0.0206634 0.0241453 0.0232390 0.0200239 0.0196513 0.0209285 0.0199641 0.0202564 0.0198007 0.0203580 0.0198990 0.0203890 0.0198482 0.0182234 0.0178143 0.0188220 0.0179422 0.0183833 0.0173136 0.0177003 0.0188912 0.0174961 0.0188390 0.0190548 0.0201340 0.0181390 0.0176272 0.0179349 0.0646155 0.0198661 0.0198402 0.0199499 0.0825955 0.0201053 0.0183476 0.0194478 0.0190247 0.0175982 0.0193042 0.0238081 0.0174096 0.0185591 0.0176873 0.0201724 0.0203257 0.0199156 0.0194236 0.0200974 0.0192038 0.0202248 0.0193554 0.0198990 0.0206299 0.0200437 0.0198434 0.0207040 0.0874814 0.0196939 0.0177758 0.0203026 0.0182459 
Dcap108471_RYR2   0.0203623 0.0155234 0.0156075 0.0231298 0.0204094 0.0202517 0.0203355 0.0242491 0.0279628 0.0200234 0.0227646 0.0202074 0.0654756 0.0053454 0.0049813 0.0200511 0.0000000 0.0003168 0.0004460 0.0003697 0.0006780 0.0077985 0.0180687 0.0179408 0.0184380 0.0216821 0.0044658 0.0042232 0.0041764 0.0045016 0.0141491 0.0502532 0.0145784 0.0232290 0.0221937 0.0058864 0.0045725 0.0052023 0.0045098 0.0024761 0.0023484 0.0045709 0.0042991 0.0048055 0.0145896 0.0150405 0.0144596 0.0153201 0.0140406 0.0148099 0.0145248 0.0146158 0.0153590 0.0142205 0.0083447 0.0151217 0.0154760 0.0146080 0.0085918 0.0086506 0.0667299 0.0054463 0.0046294 0.0048075 0.0837795 0.0137460 0.0179793 0.0049019 0.0095682 0.0083339 0.0046887 0.0211101 0.0082171 0.0091588 0.0077227 0.0015909 0.0019500 0.0044373 0.0040310 0.0028124 0.0029387 0.0020934 0.0021105 0.0031941 0.0017351 0.0013441 0.0020237 0.0019343 0.0874190 0.0019262 0.0149916 0.0021564 0.0146360 
Dcap79929_RYR2    0.0207366 0.0156493 0.0158229 0.0206250 0.0209793 0.0209094 0.0207941 0.0248661 0.0282353 0.0203207 0.0198802 0.0206617 0.0673861 0.0056427 0.0051833 0.0204755 0.0003168 0.0000000 0.0007895 0.0007047 0.0007203 0.0080959 0.0185568 0.0181432 0.0186616 0.0192563 0.0045616 0.0045608 0.0041500 0.0046035 0.0144370 0.0509106 0.0145050 0.0237466 0.0226197 0.0064539 0.0049206 0.0055554 0.0046442 0.0027157 0.0026986 0.0048395 0.0046596 0.0051436 0.0148109 0.0152286 0.0145945 0.0155613 0.0142811 0.0152276 0.0150336 0.0150719 0.0155174 0.0144107 0.0089214 0.0154796 0.0157254 0.0151111 0.0090197 0.0090328 0.0681224 0.0056496 0.0048729 0.0050884 0.0876723 0.0138722 0.0184485 0.0050334 0.0100505 0.0085171 0.0048897 0.0211845 0.0085830 0.0097047 0.0081257 0.0019171 0.0025131 0.0047789 0.0043256 0.0031816 0.0032041 0.0026204 0.0026300 0.0035052 0.0019832 0.0018239 0.0024023 0.0023039 0.0900431 0.0024597 0.0153305 0.0025992 0.0146536 
DdelSJR_RYR2      0.0205675 0.0156420 0.0157019 0.0231455 0.0203203 0.0203000 0.0202442 0.0241343 0.0280917 0.0201678 0.0228762 0.0202475 0.0655207 0.0057827 0.0053529 0.0201728 0.0004460 0.0007895 0.0000000 0.0008002 0.0008272 0.0078118 0.0179624 0.0180459 0.0185217 0.0214376 0.0045370 0.0042984 0.0042753 0.0045716 0.0142131 0.0509365 0.0146798 0.0233034 0.0223069 0.0059705 0.0046412 0.0054865 0.0048988 0.0025739 0.0025461 0.0047891 0.0046146 0.0051452 0.0145887 0.0150898 0.0145146 0.0153633 0.0140563 0.0149529 0.0145251 0.0148538 0.0152803 0.0142358 0.0085763 0.0151697 0.0155239 0.0146181 0.0086681 0.0087722 0.0669772 0.0056100 0.0047876 0.0048723 0.0833818 0.0137386 0.0181456 0.0049400 0.0095028 0.0084241 0.0048464 0.0211084 0.0082994 0.0093786 0.0078563 0.0017253 0.0021697 0.0045588 0.0041887 0.0031737 0.0030999 0.0022898 0.0022577 0.0034275 0.0019011 0.0014752 0.0022388 0.0020475 0.0880441 0.0022134 0.0149156 0.0023394 0.0149332 
Ddel_RYR2         0.0209757 0.0156973 0.0158401 0.0230592 0.0206123 0.0205884 0.0204564 0.0236672 0.0276692 0.0202199 0.0229724 0.0216078 0.0661752 0.0058297 0.0053550 0.0202161 0.0003697 0.0007047 0.0008002 0.0000000 0.0007472 0.0077365 0.0182607 0.0181191 0.0186230 0.0219942 0.0047334 0.0044954 0.0045176 0.0048609 0.0145272 0.0547911 0.0146653 0.0231298 0.0223231 0.0064285 0.0060524 0.0055292 0.0049078 0.0029460 0.0025246 0.0069715 0.0047038 0.0050370 0.0147528 0.0154920 0.0149084 0.0156850 0.0141887 0.0151147 0.0145937 0.0150719 0.0156295 0.0143797 0.0083828 0.0155694 0.0159690 0.0148309 0.0106420 0.0087412 0.0668212 0.0056045 0.0047938 0.0071981 0.0867841 0.0138695 0.0184051 0.0049741 0.0097942 0.0085146 0.0050445 0.0215100 0.0083955 0.0116941 0.0079595 0.0021604 0.0025226 0.0047192 0.0043572 0.0029039 0.0030004 0.0025711 0.0026489 0.0035585 0.0022330 0.0018343 0.0024485 0.0021812 0.0879671 0.0024280 0.0150779 0.0031389 0.0150566 
Ddeltrop4525_RYR2 0.0203318 0.0152834 0.0155843 0.0199825 0.0203467 0.0203855 0.0203134 0.0242559 0.0279867 0.0202620 0.0197074 0.0203394 0.0657994 0.0054496 0.0048317 0.0202097 0.0006780 0.0007203 0.0008272 0.0007472 0.0000000 0.0074881 0.0181505 0.0179114 0.0184544 0.0188425 0.0042778 0.0040865 0.0040651 0.0043156 0.0143817 0.0501680 0.0145313 0.0234722 0.0221968 0.0060351 0.0044648 0.0050992 0.0045534 0.0023305 0.0019767 0.0044625 0.0042707 0.0045451 0.0142988 0.0152122 0.0146937 0.0153231 0.0138914 0.0149009 0.0144815 0.0147338 0.0153973 0.0141915 0.0081945 0.0152801 0.0157499 0.0144641 0.0084435 0.0085015 0.0671949 0.0050066 0.0041391 0.0047019 0.0837917 0.0134830 0.0182634 0.0045613 0.0093954 0.0081096 0.0045371 0.0209247 0.0080716 0.0090154 0.0076688 0.0018531 0.0020371 0.0043288 0.0039656 0.0025928 0.0026546 0.0023285 0.0023770 0.0029217 0.0020112 0.0017260 0.0022130 0.0021046 0.0879151 0.0024986 0.0148557 0.0023289 0.0150669 
Dleu_RYR2         0.0186357 0.0126074 0.0129878 0.0205863 0.0174782 0.0177362 0.0172627 0.0209635 0.0231422 0.0173534 0.0195257 0.0187237 0.0619579 0.0093944 0.0091517 0.0179491 0.0077985 0.0080959 0.0078118 0.0077365 0.0074881 0.0000000 0.0153738 0.0147541 0.0157320 0.0190113 0.0070009 0.0070561 0.0068599 0.0072494 0.0114782 0.0525880 0.0121562 0.0218096 0.0191822 0.0084644 0.0098252 0.0092414 0.0083677 0.0075427 0.0076271 0.0105216 0.0083554 0.0085596 0.0124202 0.0124109 0.0121612 0.0140571 0.0111627 0.0121910 0.0114365 0.0119826 0.0128763 0.0115801 0.0022419 0.0126651 0.0134329 0.0117636 0.0060679 0.0043425 0.0629918 0.0081017 0.0077075 0.0094822 0.0825160 0.0111431 0.0169005 0.0075997 0.0041655 0.0043471 0.0072784 0.0186839 0.0041781 0.0085922 0.0039272 0.0079649 0.0080136 0.0077362 0.0072762 0.0079501 0.0082672 0.0077738 0.0072645 0.0075881 0.0079131 0.0074680 0.0078440 0.0080016 0.0832499 0.0077918 0.0122362 0.0086180 0.0130677 
EausAUS_RYR2      0.0111169 0.0159948 0.0161717 0.0127719 0.0103251 0.0101919 0.0098944 0.0133844 0.0157541 0.0097069 0.0122699 0.0102423 0.0605043 0.0184470 0.0184661 0.0110405 0.0180687 0.0185568 0.0179624 0.0182607 0.0181505 0.0153738 0.0000000 0.0016379 0.0016019 0.0111643 0.0163839 0.0165788 0.0163903 0.0166370 0.0144088 0.0487415 0.0183753 0.0216040 0.0202981 0.0179847 0.0171016 0.0189083 0.0182713 0.0178006 0.0178368 0.0183133 0.0182712 0.0184707 0.0157999 0.0155086 0.0150881 0.0160125 0.0149503 0.0152223 0.0145203 0.0145121 0.0160604 0.0143772 0.0163420 0.0156882 0.0164957 0.0150946 0.0153259 0.0155747 0.0616103 0.0179117 0.0176095 0.0169627 0.0786006 0.0174103 0.0155011 0.0170245 0.0160932 0.0155929 0.0165510 0.0184929 0.0154615 0.0163294 0.0153871 0.0181760 0.0181296 0.0175312 0.0171781 0.0179406 0.0180580 0.0179790 0.0171984 0.0173226 0.0180856 0.0178135 0.0174219 0.0179641 0.0847609 0.0175986 0.0147643 0.0178499 0.0158323 
Egla13086_RYR2    0.0098080 0.0157052 0.0159991 0.0115358 0.0096732 0.0094372 0.0093370 0.0128262 0.0157273 0.0084247 0.0115025 0.0094639 0.0606864 0.0182350 0.0181226 0.0104591 0.0179408 0.0181432 0.0180459 0.0181191 0.0179114 0.0147541 0.0016379 0.0000000 0.0006237 0.0105547 0.0162786 0.0163799 0.0161667 0.0164918 0.0143250 0.0483341 0.0180722 0.0212411 0.0199094 0.0177261 0.0170722 0.0188622 0.0184097 0.0176836 0.0175873 0.0179988 0.0178110 0.0182297 0.0154446 0.0152187 0.0145587 0.0155049 0.0143270 0.0149262 0.0142051 0.0145353 0.0155963 0.0139535 0.0158519 0.0155541 0.0164884 0.0147834 0.0146976 0.0149442 0.0616056 0.0175277 0.0170796 0.0170122 0.0797113 0.0170212 0.0151241 0.0168730 0.0157918 0.0148915 0.0163107 0.0183582 0.0151209 0.0156635 0.0150186 0.0180586 0.0179868 0.0173577 0.0168420 0.0176666 0.0176830 0.0178484 0.0171625 0.0172270 0.0181170 0.0176751 0.0175484 0.0181217 0.0862560 0.0175958 0.0147081 0.0177739 0.0154141 
Ejap43864_RYR2    0.0106992 0.0160491 0.0165572 0.0124382 0.0101852 0.0099481 0.0096700 0.0131819 0.0158406 0.0088951 0.0118396 0.0099631 0.0611011 0.0187918 0.0188132 0.0110459 0.0184380 0.0186616 0.0185217 0.0186230 0.0184544 0.0157320 0.0016019 0.0006237 0.0000000 0.0109398 0.0168357 0.0169442 0.0164822 0.0169514 0.0146602 0.0485035 0.0186534 0.0216221 0.0206786 0.0180623 0.0174293 0.0194472 0.0188582 0.0179702 0.0180275 0.0185921 0.0185283 0.0189250 0.0158895 0.0154018 0.0148521 0.0158128 0.0148468 0.0154961 0.0143151 0.0147862 0.0159325 0.0143797 0.0164826 0.0159508 0.0166097 0.0153408 0.0156004 0.0157759 0.0609922 0.0179814 0.0174875 0.0172868 0.0800029 0.0177303 0.0158554 0.0173020 0.0164711 0.0157354 0.0168627 0.0188785 0.0157758 0.0165506 0.0155724 0.0185772 0.0184718 0.0177516 0.0173058 0.0180586 0.0183463 0.0183025 0.0174137 0.0176044 0.0183834 0.0181316 0.0180055 0.0184734 0.0861812 0.0181074 0.0150277 0.0181999 0.0155923 
Erob133443_RYR2   0.0095941 0.0168154 0.0205454 0.0068202 0.0087099 0.0088484 0.0087841 0.0123419 0.0204836 0.0088141 0.0062221 0.0087955 0.0660396 0.0224864 0.0225006 0.0128973 0.0216821 0.0192563 0.0214376 0.0219942 0.0188425 0.0190113 0.0111643 0.0105547 0.0109398 0.0000000 0.0203030 0.0203633 0.0202603 0.0205350 0.0180638 0.0520265 0.0231806 0.0250048 0.0236833 0.0219711 0.0207642 0.0225116 0.0224474 0.0188128 0.0210841 0.0221295 0.0219984 0.0223548 0.0170708 0.0191099 0.0184775 0.0193384 0.0184102 0.0188669 0.0192011 0.0182127 0.0195796 0.0183106 0.0198685 0.0196690 0.0205139 0.0186397 0.0190520 0.0192033 0.0663778 0.0215719 0.0211725 0.0208740 0.0860990 0.0217734 0.0191464 0.0207912 0.0207425 0.0189999 0.0204713 0.0196558 0.0192391 0.0201235 0.0191505 0.0217021 0.0216624 0.0213734 0.0209093 0.0214753 0.0221884 0.0215679 0.0204556 0.0205060 0.0219730 0.0212206 0.0212906 0.0219447 0.0904290 0.0214734 0.0181889 0.0216418 0.0195118 
Fatt_RYR2         0.0193099 0.0143312 0.0145711 0.0217734 0.0184421 0.0186155 0.0184860 0.0226738 0.0266271 0.0185134 0.0211673 0.0184957 0.0650412 0.0054014 0.0052111 0.0190624 0.0044658 0.0045616 0.0045370 0.0047334 0.0042778 0.0070009 0.0163839 0.0162786 0.0168357 0.0203030 0.0000000 0.0013226 0.0005197 0.0008753 0.0129042 0.0501205 0.0132284 0.0219246 0.0208329 0.0051163 0.0039855 0.0052751 0.0049173 0.0042648 0.0038737 0.0049544 0.0049460 0.0048060 0.0132502 0.0138142 0.0134393 0.0144551 0.0125461 0.0135653 0.0134233 0.0136220 0.0139604 0.0125323 0.0079909 0.0143134 0.0145655 0.0133464 0.0077013 0.0077890 0.0665063 0.0047108 0.0038748 0.0043628 0.0828267 0.0129278 0.0166426 0.0014370 0.0082349 0.0074846 0.0009733 0.0188617 0.0073864 0.0084823 0.0068226 0.0042751 0.0042690 0.0024539 0.0021223 0.0044979 0.0048225 0.0043297 0.0038724 0.0035211 0.0041201 0.0041802 0.0044448 0.0042876 0.0857109 0.0042413 0.0136007 0.0041328 0.0135104 
Ggri_RYR2         0.0194163 0.0143217 0.0146646 0.0217343 0.0187298 0.0187362 0.0185741 0.0229522 0.0263602 0.0185444 0.0213285 0.0186952 0.0641849 0.0051432 0.0049631 0.0189602 0.0042232 0.0045608 0.0042984 0.0044954 0.0040865 0.0070561 0.0165788 0.0163799 0.0169442 0.0203633 0.0013226 0.0000000 0.0011126 0.0014575 0.0129392 0.0502298 0.0136327 0.0217151 0.0208247 0.0053809 0.0041227 0.0051856 0.0048197 0.0042301 0.0038410 0.0049401 0.0047462 0.0046502 0.0132931 0.0138428 0.0134667 0.0144035 0.0125854 0.0135945 0.0132425 0.0136495 0.0139909 0.0125219 0.0079666 0.0143329 0.0145862 0.0133757 0.0078316 0.0079226 0.0657448 0.0049730 0.0041475 0.0042008 0.0821130 0.0129705 0.0167713 0.0020412 0.0083399 0.0076186 0.0014204 0.0192008 0.0073169 0.0086112 0.0068408 0.0041082 0.0041108 0.0027467 0.0025587 0.0044572 0.0043743 0.0042938 0.0039159 0.0037964 0.0039104 0.0039941 0.0044326 0.0042769 0.0852301 0.0040485 0.0136296 0.0041204 0.0136955 
Gmac39091_RYR2    0.0190210 0.0138197 0.0144383 0.0215636 0.0187283 0.0189039 0.0186584 0.0228179 0.0252847 0.0182449 0.0211227 0.0187884 0.0646593 0.0053198 0.0049836 0.0189485 0.0041764 0.0041500 0.0042753 0.0045176 0.0040651 0.0068599 0.0163903 0.0161667 0.0164822 0.0202603 0.0005197 0.0011126 0.0000000 0.0004381 0.0128732 0.0495388 0.0135480 0.0216602 0.0205413 0.0049888 0.0039184 0.0052517 0.0049015 0.0044474 0.0038600 0.0047383 0.0047728 0.0047408 0.0129725 0.0138748 0.0132621 0.0144061 0.0124947 0.0134454 0.0132821 0.0134683 0.0137508 0.0125137 0.0076999 0.0141344 0.0145173 0.0132032 0.0074833 0.0075290 0.0658967 0.0046458 0.0039160 0.0042961 0.0823954 0.0127900 0.0166959 0.0011978 0.0080780 0.0072450 0.0005973 0.0187558 0.0071431 0.0081142 0.0066972 0.0043088 0.0042929 0.0024477 0.0021168 0.0042244 0.0047117 0.0044280 0.0035437 0.0035907 0.0040788 0.0039719 0.0045446 0.0042561 0.0873789 0.0040485 0.0134859 0.0040659 0.0134949 
Gmel_RYR2         0.0198888 0.0142839 0.0148038 0.0218970 0.0188583 0.0190255 0.0188392 0.0227395 0.0257490 0.0184524 0.0214079 0.0203978 0.0659708 0.0056579 0.0053540 0.0192351 0.0045016 0.0046035 0.0045716 0.0048609 0.0043156 0.0072494 0.0166370 0.0164918 0.0169514 0.0205350 0.0008753 0.0014575 0.0004381 0.0000000 0.0130987 0.0540180 0.0138371 0.0222038 0.0209954 0.0051834 0.0056391 0.0055285 0.0050738 0.0046935 0.0041880 0.0071885 0.0050923 0.0050366 0.0133709 0.0140895 0.0134715 0.0149513 0.0128096 0.0137556 0.0137920 0.0138792 0.0141165 0.0128594 0.0081033 0.0145008 0.0148842 0.0136001 0.0099999 0.0078299 0.0661298 0.0049337 0.0041900 0.0067087 0.0859468 0.0130269 0.0173565 0.0015634 0.0084561 0.0076659 0.0009647 0.0194014 0.0074982 0.0111233 0.0070327 0.0045830 0.0045449 0.0027098 0.0023881 0.0044981 0.0048682 0.0046678 0.0039152 0.0038718 0.0043317 0.0041434 0.0047852 0.0044745 0.0866582 0.0042798 0.0137912 0.0052249 0.0138473 
Hamp_RYR2         0.0171419 0.0061875 0.0063213 0.0201354 0.0163372 0.0167705 0.0166379 0.0203881 0.0245904 0.0165100 0.0195007 0.0166705 0.0607394 0.0154441 0.0155011 0.0176391 0.0141491 0.0144370 0.0142131 0.0145272 0.0143817 0.0114782 0.0144088 0.0143250 0.0146602 0.0180638 0.0129042 0.0129392 0.0128732 0.0130987 0.0000000 0.0478966 0.0146125 0.0201565 0.0193311 0.0143160 0.0137952 0.0158100 0.0150309 0.0142768 0.0140774 0.0149842 0.0148649 0.0151598 0.0036978 0.0034642 0.0032940 0.0040778 0.0033635 0.0037266 0.0042724 0.0034232 0.0042939 0.0029313 0.0126598 0.0041780 0.0045890 0.0034711 0.0120508 0.0120614 0.0631863 0.0142226 0.0137530 0.0137294 0.0793793 0.0142778 0.0150017 0.0133481 0.0126812 0.0118835 0.0131351 0.0176410 0.0115112 0.0127115 0.0107961 0.0142968 0.0145205 0.0139328 0.0132375 0.0145912 0.0140358 0.0142886 0.0133690 0.0136875 0.0143660 0.0141276 0.0141002 0.0145530 0.0835771 0.0139417 0.0042925 0.0143641 0.0048767 
Hippo_RYR2        0.0513992 0.0503483 0.0496623 0.0539479 0.0491906 0.0499026 0.0492217 0.0580016 0.0607292 0.0507381 0.0524327 0.0513137 0.0789986 0.0512941 0.0511375 0.0505460 0.0502532 0.0509106 0.0509365 0.0547911 0.0501680 0.0525880 0.0487415 0.0483341 0.0485035 0.0520265 0.0501205 0.0502298 0.0495388 0.0540180 0.0478966 0.0000000 0.0511272 0.0578442 0.0525622 0.0499706 0.0538836 0.0519045 0.0497487 0.0511342 0.0502440 0.0544016 0.0504864 0.0514704 0.0504663 0.0486826 0.0479392 0.0554237 0.0483670 0.0491249 0.0491888 0.0480045 0.0484845 0.0487357 0.0537564 0.0492742 0.0500345 0.0482333 0.0534346 0.0494543 0.0787768 0.0499550 0.0492380 0.0540094 0.0978176 0.0509887 0.0537229 0.0501987 0.0506250 0.0494519 0.0494819 0.0555027 0.0482814 0.0570538 0.0487993 0.0495685 0.0496203 0.0505297 0.0493601 0.0504551 0.0466265 0.0504874 0.0488727 0.0491248 0.0500227 0.0497433 0.0496992 0.0504514 0.1005971 0.0500712 0.0492203 0.0530627 0.0502323 
Igeo_RYR2         0.0213731 0.0153712 0.0161279 0.0243246 0.0213275 0.0213029 0.0213199 0.0256255 0.0329472 0.0214319 0.0247179 0.0216218 0.0643677 0.0163993 0.0155585 0.0206634 0.0145784 0.0145050 0.0146798 0.0146653 0.0145313 0.0121562 0.0183753 0.0180722 0.0186534 0.0231806 0.0132284 0.0136327 0.0135480 0.0138371 0.0146125 0.0511272 0.0000000 0.0239246 0.0221837 0.0147472 0.0138169 0.0158738 0.0151505 0.0139009 0.0142688 0.0146307 0.0145004 0.0149378 0.0160295 0.0157426 0.0153558 0.0156701 0.0152876 0.0155589 0.0159114 0.0150152 0.0158737 0.0154030 0.0129759 0.0163072 0.0167688 0.0150697 0.0125886 0.0124250 0.0667368 0.0140545 0.0139298 0.0143573 0.0760590 0.0121462 0.0188777 0.0139677 0.0130874 0.0120861 0.0136456 0.0210688 0.0123689 0.0132394 0.0124424 0.0146773 0.0147189 0.0144589 0.0140489 0.0147711 0.0139687 0.0140508 0.0142479 0.0142379 0.0143982 0.0140570 0.0139330 0.0141628 0.0854590 0.0141305 0.0157799 0.0146607 0.0160668 
Kbre_RYR2         0.0256224 0.0220200 0.0215186 0.0265909 0.0234235 0.0233795 0.0234119 0.0279662 0.0332285 0.0230029 0.0261478 0.0248519 0.0703636 0.0236269 0.0237245 0.0241453 0.0232290 0.0237466 0.0233034 0.0231298 0.0234722 0.0218096 0.0216040 0.0212411 0.0216221 0.0250048 0.0219246 0.0217151 0.0216602 0.0222038 0.0201565 0.0578442 0.0239246 0.0000000 0.0043194 0.0228880 0.0220640 0.0243195 0.0229228 0.0227236 0.0232711 0.0245086 0.0234850 0.0235815 0.0224623 0.0201981 0.0203317 0.0213310 0.0204432 0.0210430 0.0212649 0.0203591 0.0210448 0.0193249 0.0208092 0.0216341 0.0221291 0.0205597 0.0224526 0.0210965 0.0710619 0.0233390 0.0224967 0.0221971 0.0884602 0.0224825 0.0127503 0.0221382 0.0214439 0.0211815 0.0218411 0.0137349 0.0207553 0.0219487 0.0204759 0.0229995 0.0231682 0.0227948 0.0226653 0.0231474 0.0231529 0.0233368 0.0221064 0.0226846 0.0232553 0.0230839 0.0228729 0.0231028 0.0941391 0.0229172 0.0202175 0.0225548 0.0202774 
Ksim_RYR2         0.0235086 0.0204286 0.0207617 0.0257669 0.0223506 0.0223270 0.0223447 0.0261495 0.0334036 0.0217297 0.0249359 0.0223806 0.0657267 0.0225630 0.0226359 0.0232390 0.0221937 0.0226197 0.0223069 0.0223231 0.0221968 0.0191822 0.0202981 0.0199094 0.0206786 0.0236833 0.0208329 0.0208247 0.0205413 0.0209954 0.0193311 0.0525622 0.0221837 0.0043194 0.0000000 0.0222201 0.0208725 0.0233060 0.0221856 0.0219695 0.0220296 0.0224410 0.0223053 0.0226596 0.0223578 0.0196124 0.0194028 0.0200471 0.0196188 0.0199877 0.0201509 0.0198840 0.0205756 0.0187916 0.0198873 0.0207245 0.0211309 0.0200670 0.0200893 0.0203181 0.0664134 0.0220640 0.0213869 0.0213510 0.0854457 0.0213409 0.0118475 0.0212534 0.0205388 0.0201949 0.0205830 0.0115621 0.0198556 0.0209354 0.0194157 0.0222088 0.0221069 0.0219891 0.0216517 0.0221460 0.0219977 0.0220766 0.0209780 0.0213139 0.0224328 0.0218082 0.0219666 0.0219998 0.0910310 0.0217607 0.0193009 0.0217780 0.0197708 
Lacu_RYR2         0.0206506 0.0161512 0.0158368 0.0229634 0.0199437 0.0200542 0.0199938 0.0242548 0.0281377 0.0198411 0.0223696 0.0200769 0.0656246 0.0071930 0.0065685 0.0200239 0.0058864 0.0064539 0.0059705 0.0064285 0.0060351 0.0084644 0.0179847 0.0177261 0.0180623 0.0219711 0.0051163 0.0053809 0.0049888 0.0051834 0.0143160 0.0499706 0.0147472 0.0228880 0.0222201 0.0000000 0.0064223 0.0069035 0.0060252 0.0062811 0.0060414 0.0061084 0.0059959 0.0064468 0.0143626 0.0154702 0.0150107 0.0157180 0.0145025 0.0150830 0.0149443 0.0150289 0.0155151 0.0143175 0.0093311 0.0159405 0.0161519 0.0148871 0.0091875 0.0093411 0.0663262 0.0062696 0.0056418 0.0060397 0.0842605 0.0139519 0.0183285 0.0057146 0.0098849 0.0089054 0.0053440 0.0206634 0.0091145 0.0098455 0.0086089 0.0057350 0.0058533 0.0059726 0.0053859 0.0060046 0.0072818 0.0062461 0.0050962 0.0062452 0.0059426 0.0053077 0.0060063 0.0064120 0.0870531 0.0056354 0.0151877 0.0060370 0.0152267 
Lalb_RYR2         0.0212904 0.0154417 0.0153492 0.0223167 0.0192551 0.0193312 0.0192441 0.0253900 0.0262027 0.0193210 0.0221187 0.0208140 0.0686481 0.0066903 0.0060425 0.0196513 0.0045725 0.0049206 0.0046412 0.0060524 0.0044648 0.0098252 0.0171016 0.0170722 0.0174293 0.0207642 0.0039855 0.0041227 0.0039184 0.0056391 0.0137952 0.0538836 0.0138169 0.0220640 0.0208725 0.0064223 0.0000000 0.0062015 0.0054750 0.0048516 0.0047158 0.0080299 0.0054687 0.0055770 0.0143460 0.0145678 0.0138604 0.0161329 0.0132802 0.0142132 0.0143579 0.0142914 0.0144145 0.0137370 0.0092542 0.0146507 0.0152813 0.0139931 0.0102715 0.0081230 0.0691931 0.0052279 0.0045650 0.0057085 0.0866385 0.0131750 0.0179070 0.0044412 0.0092195 0.0079633 0.0042049 0.0205884 0.0078956 0.0102038 0.0073623 0.0044270 0.0045415 0.0044173 0.0042783 0.0044208 0.0056647 0.0044386 0.0041434 0.0040944 0.0043284 0.0039893 0.0044023 0.0045453 0.0907829 0.0044304 0.0142563 0.0054318 0.0145761 
Laus_RYR2         0.0219877 0.0174306 0.0173052 0.0242537 0.0210201 0.0214103 0.0211384 0.0249987 0.0286252 0.0213912 0.0238344 0.0213418 0.0663495 0.0011707 0.0009739 0.0209285 0.0052023 0.0055554 0.0054865 0.0055292 0.0050992 0.0092414 0.0189083 0.0188622 0.0194472 0.0225116 0.0052751 0.0051856 0.0052517 0.0055285 0.0158100 0.0519045 0.0158738 0.0243195 0.0233060 0.0069035 0.0062015 0.0000000 0.0020110 0.0052616 0.0047745 0.0018951 0.0019723 0.0016599 0.0163023 0.0167197 0.0162689 0.0170048 0.0156811 0.0165716 0.0163178 0.0162110 0.0166278 0.0157418 0.0100092 0.0166400 0.0169402 0.0159340 0.0101041 0.0102395 0.0675079 0.0068183 0.0059362 0.0061364 0.0837628 0.0151659 0.0195622 0.0063518 0.0110799 0.0100379 0.0056757 0.0223525 0.0098296 0.0107448 0.0094893 0.0054131 0.0052356 0.0055257 0.0050961 0.0054739 0.0060937 0.0055164 0.0049645 0.0055817 0.0053741 0.0052171 0.0052639 0.0059128 0.0880871 0.0056239 0.0162086 0.0057530 0.0163921 
Lbor_RYR2         0.0201935 0.0167331 0.0167001 0.0227278 0.0200051 0.0201760 0.0202848 0.0238924 0.0286655 0.0207794 0.0232851 0.0200262 0.0635091 0.0024633 0.0020288 0.0199641 0.0045098 0.0046442 0.0048988 0.0049078 0.0045534 0.0083677 0.0182713 0.0184097 0.0188582 0.0224474 0.0049173 0.0048197 0.0049015 0.0050738 0.0150309 0.0497487 0.0151505 0.0229228 0.0221856 0.0060252 0.0054750 0.0020110 0.0000000 0.0046069 0.0042065 0.0014329 0.0015323 0.0012377 0.0159412 0.0156893 0.0156112 0.0162969 0.0149605 0.0158469 0.0154587 0.0156754 0.0158134 0.0150072 0.0093704 0.0160064 0.0170006 0.0154651 0.0092180 0.0092929 0.0644318 0.0058852 0.0050048 0.0052362 0.0791487 0.0141445 0.0183650 0.0057974 0.0101218 0.0090630 0.0052767 0.0219004 0.0089216 0.0098290 0.0085432 0.0046458 0.0044812 0.0051216 0.0048942 0.0047978 0.0059328 0.0049000 0.0043766 0.0049599 0.0047329 0.0045722 0.0046604 0.0053691 0.0871915 0.0047811 0.0156816 0.0051507 0.0157848 
Lhos30470_RYR2    0.0197848 0.0148183 0.0153402 0.0196571 0.0201939 0.0200644 0.0200016 0.0233215 0.0283405 0.0198740 0.0193684 0.0201443 0.0671127 0.0056326 0.0048494 0.0202564 0.0024761 0.0027157 0.0025739 0.0029460 0.0023305 0.0075427 0.0178006 0.0176836 0.0179702 0.0188128 0.0042648 0.0042301 0.0044474 0.0046935 0.0142768 0.0511342 0.0139009 0.0227236 0.0219695 0.0062811 0.0048516 0.0052616 0.0046069 0.0000000 0.0014048 0.0046863 0.0042906 0.0048854 0.0143831 0.0150719 0.0145768 0.0153462 0.0136520 0.0148339 0.0137850 0.0143838 0.0152740 0.0139279 0.0082249 0.0151764 0.0156910 0.0146398 0.0081514 0.0080654 0.0677514 0.0054387 0.0045996 0.0042733 0.0871228 0.0131680 0.0179908 0.0049805 0.0091326 0.0079712 0.0046554 0.0213932 0.0078021 0.0087708 0.0074858 0.0025501 0.0025256 0.0041944 0.0038988 0.0033611 0.0027357 0.0019742 0.0024555 0.0033833 0.0024155 0.0024736 0.0020574 0.0023056 0.0907691 0.0030351 0.0150379 0.0026152 0.0143892 
Lhos452_RYR2      0.0194845 0.0153560 0.0156915 0.0221488 0.0195151 0.0196286 0.0193820 0.0234215 0.0283207 0.0194636 0.0221040 0.0196591 0.0657694 0.0051360 0.0044659 0.0198007 0.0023484 0.0026986 0.0025461 0.0025246 0.0019767 0.0076271 0.0178368 0.0175873 0.0180275 0.0210841 0.0038737 0.0038410 0.0038600 0.0041880 0.0140774 0.0502440 0.0142688 0.0232711 0.0220296 0.0060414 0.0047158 0.0047745 0.0042065 0.0014048 0.0000000 0.0043349 0.0040684 0.0042939 0.0144598 0.0149774 0.0144693 0.0150511 0.0138068 0.0149932 0.0138994 0.0144189 0.0147228 0.0140490 0.0082489 0.0149631 0.0153572 0.0143672 0.0084169 0.0083995 0.0664895 0.0054037 0.0045516 0.0041902 0.0832273 0.0136439 0.0178683 0.0044184 0.0092549 0.0079982 0.0042098 0.0206520 0.0078836 0.0090604 0.0074236 0.0022771 0.0022444 0.0036700 0.0033394 0.0027138 0.0023520 0.0020171 0.0020365 0.0034523 0.0022492 0.0021690 0.0022802 0.0024709 0.0878780 0.0029581 0.0147919 0.0021502 0.0143237 
Lobl_RYR2         0.0216794 0.0162524 0.0162733 0.0233681 0.0205729 0.0209672 0.0206714 0.0264481 0.0271704 0.0204606 0.0230172 0.0227166 0.0689420 0.0024260 0.0020151 0.0203580 0.0045709 0.0048395 0.0047891 0.0069715 0.0044625 0.0105216 0.0183133 0.0179988 0.0185921 0.0221295 0.0049544 0.0049401 0.0047383 0.0071885 0.0149842 0.0544016 0.0146307 0.0245086 0.0224410 0.0061084 0.0080299 0.0018951 0.0014329 0.0046863 0.0043349 0.0000000 0.0007491 0.0016609 0.0151310 0.0157150 0.0154542 0.0198104 0.0146527 0.0157357 0.0151601 0.0153841 0.0156852 0.0146159 0.0113458 0.0161206 0.0162750 0.0150554 0.0119078 0.0092639 0.0694301 0.0059016 0.0048670 0.0052025 0.0879509 0.0143547 0.0209227 0.0058135 0.0099960 0.0090465 0.0051930 0.0214955 0.0090370 0.0134213 0.0083723 0.0047312 0.0047766 0.0050114 0.0046540 0.0047971 0.0055627 0.0049628 0.0043018 0.0049364 0.0048359 0.0045134 0.0046290 0.0053613 0.0903597 0.0048936 0.0155397 0.0064800 0.0152992 
