46
Bacu_FOXP2       0.0000000 0.0000010 0.0022063 0.0000010 0.0000010 0.0019575 0.0019575 0.0018644 0.0000010 0.0000010 0.0000010 0.0094507 0.0000010 0.0000010 0.0000010 0.0000010 0.0075475 0.0020703 0.0075475 0.0029812 0.0019570 0.0023348 0.0042937 0.0000010 0.0000010 0.0000010 0.0000010 0.0000010 0.0000010 0.0000010 0.0000010 0.0000010 0.0094507 0.0113526 0.0021024 0.0018617 0.0038642 0.0019613 0.0000010 0.0000010 0.0019594 0.0019594 0.0000010 0.0019659 0.0000010 0.0133292 
Barn_FOXP2       0.0000010 0.0000000 0.0027182 0.0000010 0.0000010 0.0024897 0.0024897 0.0024938 0.0000010 0.0000010 0.0000010 0.0127035 0.0000010 0.0000010 0.0000010 0.0000010 0.0101397 0.0000010 0.0101397 0.0037986 0.0024888 0.0024888 0.0000010 0.0000010 0.0000010 0.0000010 0.0000010 0.0000010 0.0000010 0.0000010 0.0000010 0.0000010 0.0127035 0.0152645 0.0027310 0.0024888 0.0038642 0.0024960 0.0000010 0.0000010 0.0024929 0.0024929 0.0000010 0.0000010 0.0000010 0.0153038 
Bbai76728_FOXP2  0.0022063 0.0027182 0.0000000 0.0022063 0.0022063 0.0044212 0.0044212 0.0044275 0.0024907 0.0025350 0.0022063 0.0135016 0.0023785 0.0022063 0.0022300 0.0022063 0.0112292 0.0044602 0.0112292 0.0029812 0.0022063 0.0025350 0.0073203 0.0023998 0.0023785 0.0029178 0.0000010 0.0000010 0.0023785 0.0000010 0.0000010 0.0022370 0.0135016 0.0157716 0.0047664 0.0022063 0.0077487 0.0022118 0.0033462 0.0025221 0.0044261 0.0044261 0.0000010 0.0044429 0.0023785 0.0181628 
BbonAUS_FOXP2    0.0000010 0.0000010 0.0022063 0.0000000 0.0000010 0.0020537 0.0020537 0.0020564 0.0000010 0.0000010 0.0000010 0.0104402 0.0000010 0.0000010 0.0000010 0.0000010 0.0083362 0.0020703 0.0083362 0.0029812 0.0020532 0.0023348 0.0045257 0.0000010 0.0000010 0.0000010 0.0000010 0.0000010 0.0000010 0.0000010 0.0000010 0.0000010 0.0104402 0.0125429 0.0022146 0.0020532 0.0038642 0.0020579 0.0000010 0.0000010 0.0020558 0.0020558 0.0000010 0.0020630 0.0000010 0.0147370 
Bbor_FOXP2       0.0000010 0.0000010 0.0022063 0.0000010 0.0000000 0.0019575 0.0019575 0.0019600 0.0000010 0.0000010 0.0000010 0.0099436 0.0000010 0.0000010 0.0000010 0.0000010 0.0079399 0.0020703 0.0079399 0.0029812 0.0019570 0.0023348 0.0042937 0.0000010 0.0000010 0.0000010 0.0000010 0.0000010 0.0000010 0.0000010 0.0000010 0.0000010 0.0099436 0.0119454 0.0021024 0.0019570 0.0038642 0.0019613 0.0000010 0.0000010 0.0019594 0.0019594 0.0000010 0.0019659 0.0000010 0.0140302 
Bede66737_FOXP2  0.0019575 0.0024897 0.0044212 0.0020537 0.0019575 0.0000000 0.0000010 0.0039268 0.0000010 0.0022121 0.0020537 0.0119509 0.0023798 0.0019575 0.0020742 0.0019575 0.0099417 0.0041485 0.0099417 0.0000010 0.0039208 0.0046791 0.0064523 0.0022259 0.0020970 0.0000010 0.0026657 0.0028779 0.0020970 0.0000010 0.0024450 0.0019815 0.0119509 0.0139576 0.0000010 0.0039208 0.0077556 0.0039294 0.0033488 0.0022015 0.0039257 0.0039257 0.0043808 0.0039389 0.0022075 0.0160579 
BedeAUS_FOXP2    0.0019575 0.0024897 0.0044212 0.0020537 0.0019575 0.0000010 0.0000000 0.0039268 0.0000010 0.0022121 0.0020537 0.0119509 0.0023798 0.0019575 0.0020742 0.0019575 0.0099417 0.0041485 0.0099417 0.0000010 0.0039208 0.0046791 0.0064523 0.0022259 0.0020970 0.0000010 0.0026657 0.0028779 0.0020970 0.0000010 0.0024450 0.0019815 0.0119509 0.0139576 0.0000010 0.0039208 0.0077556 0.0039294 0.0033488 0.0022015 0.0039257 0.0039257 0.0043808 0.0039389 0.0022075 0.0160579 
Bmus_FOXP2       0.0018644 0.0024938 0.0044275 0.0020564 0.0019600 0.0039268 0.0039268 0.0000000 0.0021811 0.0022153 0.0020564 0.0113720 0.0023834 0.0019600 0.0020770 0.0018644 0.0094608 0.0041541 0.0094608 0.0059895 0.0039258 0.0046863 0.0064614 0.0022291 0.0020998 0.0025021 0.0026703 0.0028833 0.0020998 0.0034463 0.0024489 0.0019841 0.0113720 0.0132809 0.0042199 0.0037338 0.0038642 0.0039344 0.0000010 0.0000010 0.0039307 0.0039307 0.0000010 0.0039439 0.0022107 0.0152751 
Bmys_FOXP2       0.0000010 0.0000010 0.0024907 0.0000010 0.0000010 0.0000010 0.0000010 0.0021811 0.0000000 0.0000010 0.0000010 0.0110825 0.0000010 0.0000010 0.0000010 0.0000010 0.0088489 0.0023120 0.0088489 0.0000010 0.0021774 0.0026557 0.0048303 0.0000010 0.0000010 0.0000010 0.0000010 0.0000010 0.0000010 0.0000010 0.0000010 0.0000010 0.0110825 0.0133156 0.0000010 0.0021774 0.0048016 0.0021827 0.0000010 0.0000010 0.0021804 0.0021804 0.0000010 0.0021885 0.0000010 0.0133723 
Bphy_FOXP2       0.0000010 0.0000010 0.0025350 0.0000010 0.0000010 0.0022121 0.0022121 0.0022153 0.0000010 0.0000000 0.0000010 0.0112586 0.0000010 0.0000010 0.0000010 0.0000010 0.0089887 0.0023573 0.0089887 0.0035992 0.0022115 0.0023348 0.0024230 0.0000010 0.0000010 0.0000010 0.0000010 0.0000010 0.0000010 0.0000010 0.0000010 0.0000010 0.0112586 0.0135259 0.0024000 0.0022115 0.0038642 0.0022170 0.0000010 0.0000010 0.0022146 0.0022146 0.0000010 0.0022229 0.0000010 0.0159012 
Bphy_baits_FOXP2 0.0000010 0.0000010 0.0022063 0.0000010 0.0000010 0.0020537 0.0020537 0.0020564 0.0000010 0.0000010 0.0000000 0.0104402 0.0000010 0.0000010 0.0000010 0.0000010 0.0083362 0.0020703 0.0083362 0.0029812 0.0020532 0.0023348 0.0045257 0.0000010 0.0000010 0.0000010 0.0000010 0.0000010 0.0000010 0.0000010 0.0000010 0.0000010 0.0104402 0.0125429 0.0022146 0.0020532 0.0038642 0.0020579 0.0000010 0.0000010 0.0020558 0.0020558 0.0000010 0.0020630 0.0000010 0.0147370 
Btau_FOXP2       0.0094507 0.0127035 0.0135016 0.0104402 0.0099436 0.0119509 0.0119509 0.0113720 0.0110825 0.0112586 0.0104402 0.0000000 0.0121310 0.0099436 0.0105467 0.0094507 0.0018601 0.0126554 0.0018601 0.0060032 0.0119479 0.0143013 0.0153172 0.0113307 0.0106624 0.0127414 0.0026758 0.0028896 0.0106624 0.0034554 0.0024534 0.0100671 0.0000010 0.0018598 0.0128561 0.0113548 0.0198338 0.0119747 0.0136623 0.0089210 0.0119638 0.0119638 0.0000010 0.0120064 0.0112355 0.0075079 
Ccom40_FOXP2     0.0000010 0.0000010 0.0023785 0.0000010 0.0000010 0.0023798 0.0023798 0.0023834 0.0000010 0.0000010 0.0000010 0.0121310 0.0000000 0.0000010 0.0000010 0.0000010 0.0096832 0.0024018 0.0096832 0.0033044 0.0000010 0.0000010 0.0048723 0.0000010 0.0000010 0.0000010 0.0000010 0.0000010 0.0000010 0.0000010 0.0000010 0.0000010 0.0121310 0.0145766 0.0023798 0.0000010 0.0044258 0.0000010 0.0000010 0.0000010 0.0023826 0.0023826 0.0000010 0.0023922 0.0000010 0.0171469 
Dcap108471_FOXP2 0.0000010 0.0000010 0.0022063 0.0000010 0.0000010 0.0019575 0.0019575 0.0019600 0.0000010 0.0000010 0.0000010 0.0099436 0.0000010 0.0000000 0.0000010 0.0000010 0.0079399 0.0020703 0.0079399 0.0029812 0.0019570 0.0023348 0.0042937 0.0000010 0.0000010 0.0000010 0.0000010 0.0000010 0.0000010 0.0000010 0.0000010 0.0000010 0.0099436 0.0119454 0.0021024 0.0019570 0.0038642 0.0019613 0.0000010 0.0000010 0.0019594 0.0019594 0.0000010 0.0019659 0.0000010 0.0140302 
Dcap79929_FOXP2  0.0000010 0.0000010 0.0022300 0.0000010 0.0000010 0.0020742 0.0020742 0.0020770 0.0000010 0.0000010 0.0000010 0.0105467 0.0000010 0.0000010 0.0000000 0.0000010 0.0084209 0.0020816 0.0084209 0.0029812 0.0020737 0.0023614 0.0022837 0.0000010 0.0000010 0.0000010 0.0000010 0.0000010 0.0000010 0.0000010 0.0000010 0.0000010 0.0105467 0.0126702 0.0022386 0.0020737 0.0038642 0.0020785 0.0000010 0.0000010 0.0020764 0.0020764 0.0000010 0.0000010 0.0000010 0.0148888 
Dleu_FOXP2       0.0000010 0.0000010 0.0022063 0.0000010 0.0000010 0.0019575 0.0019575 0.0018644 0.0000010 0.0000010 0.0000010 0.0094507 0.0000010 0.0000010 0.0000010 0.0000000 0.0075475 0.0020703 0.0075475 0.0029812 0.0019570 0.0023348 0.0042937 0.0000010 0.0000010 0.0000010 0.0000010 0.0000010 0.0000010 0.0000010 0.0000010 0.0000010 0.0094507 0.0113526 0.0021024 0.0018617 0.0038642 0.0019613 0.0000010 0.0000010 0.0019594 0.0019594 0.0000010 0.0019659 0.0000010 0.0133292 
Ecab_FOXP2       0.0075475 0.0101397 0.0112292 0.0083362 0.0079399 0.0099417 0.0099417 0.0094608 0.0088489 0.0089887 0.0083362 0.0018601 0.0096832 0.0079399 0.0084209 0.0075475 0.0000000 0.0105261 0.0000010 0.0060032 0.0099391 0.0118932 0.0131039 0.0090460 0.0085135 0.0101703 0.0026758 0.0028896 0.0085135 0.0034554 0.0024534 0.0080395 0.0018601 0.0037246 0.0106926 0.0094466 0.0158117 0.0099613 0.0102140 0.0066775 0.0099521 0.0099521 0.0000010 0.0099871 0.0089701 0.0056215 
Erob133443_FOXP2 0.0020703 0.0000010 0.0044602 0.0020703 0.0020703 0.0041485 0.0041485 0.0041541 0.0023120 0.0023573 0.0020703 0.0126554 0.0024018 0.0020703 0.0020816 0.0020703 0.0105261 0.0000000 0.0105261 0.0060091 0.0041473 0.0047228 0.0045675 0.0022450 0.0022260 0.0026760 0.0026946 0.0029109 0.0022260 0.0034711 0.0024683 0.0020877 0.0126554 0.0147815 0.0044770 0.0041473 0.0038642 0.0041570 0.0000010 0.0000010 0.0041528 0.0041528 0.0000010 0.0041676 0.0022260 0.0170145 
Hippo_FOXP2      0.0075475 0.0101397 0.0112292 0.0083362 0.0079399 0.0099417 0.0099417 0.0094608 0.0088489 0.0089887 0.0083362 0.0018601 0.0096832 0.0079399 0.0084209 0.0075475 0.0000010 0.0105261 0.0000000 0.0060032 0.0099391 0.0118932 0.0131039 0.0090460 0.0085135 0.0101703 0.0026758 0.0028896 0.0085135 0.0034554 0.0024534 0.0080395 0.0018601 0.0037246 0.0106926 0.0094466 0.0158117 0.0099613 0.0102140 0.0066775 0.0099521 0.0099521 0.0000010 0.0099871 0.0089701 0.0056215 
Igeo_FOXP2       0.0029812 0.0037986 0.0029812 0.0029812 0.0029812 0.0000010 0.0000010 0.0059895 0.0000010 0.0035992 0.0029812 0.0060032 0.0033044 0.0029812 0.0029812 0.0029812 0.0060032 0.0060091 0.0060032 0.0000000 0.0029812 0.0035992 0.0067366 0.0033044 0.0033044 0.0000010 0.0033044 0.0029812 0.0033044 0.0000010 0.0029812 0.0029812 0.0060032 0.0060032 0.0000010 0.0029812 0.0109596 0.0029912 0.0045028 0.0034394 0.0029812 0.0029812 0.0050186 0.0029812 0.0033044 0.0121495 
Kbre_FOXP2       0.0019570 0.0024888 0.0022063 0.0020532 0.0019570 0.0039208 0.0039208 0.0039258 0.0021774 0.0022115 0.0020532 0.0119479 0.0000010 0.0019570 0.0020737 0.0019570 0.0099391 0.0041473 0.0099391 0.0029812 0.0000000 0.0000010 0.0064505 0.0022252 0.0020964 0.0024973 0.0026647 0.0000010 0.0020964 0.0000010 0.0024442 0.0019810 0.0119479 0.0139542 0.0042130 0.0000010 0.0038642 0.0000010 0.0000010 0.0022008 0.0039247 0.0039247 0.0000010 0.0039379 0.0022069 0.0160539 
Ksim_FOXP2       0.0023348 0.0024888 0.0025350 0.0023348 0.0023348 0.0046791 0.0046791 0.0046863 0.0026557 0.0023348 0.0023348 0.0143013 0.0000010 0.0023348 0.0023614 0.0023348 0.0118932 0.0047228 0.0118932 0.0035992 0.0000010 0.0000000 0.0051533 0.0025528 0.0025359 0.0026557 0.0031492 0.0000010 0.0025359 0.0000010 0.0028452 0.0023692 0.0143013 0.0167048 0.0051013 0.0000010 0.0038642 0.0000010 0.0000010 0.0026912 0.0046847 0.0046847 0.0000010 0.0047026 0.0025359 0.0192449 
Lbor_FOXP2       0.0042937 0.0000010 0.0073203 0.0045257 0.0042937 0.0064523 0.0064523 0.0064614 0.0048303 0.0024230 0.0045257 0.0153172 0.0048723 0.0042937 0.0022837 0.0042937 0.0131039 0.0045675 0.0131039 0.0067366 0.0064505 0.0051533 0.0000000 0.0045644 0.0042937 0.0027703 0.0054139 0.0064728 0.0042937 0.0070134 0.0054139 0.0021717 0.0153172 0.0175250 0.0064726 0.0064505 0.0045061 0.0064661 0.0034512 0.0024399 0.0064594 0.0064594 0.0000010 0.0064836 0.0045257 0.0198622 
Lhos30470_FOXP2  0.0000010 0.0000010 0.0023998 0.0000010 0.0000010 0.0022259 0.0022259 0.0022291 0.0000010 0.0000010 0.0000010 0.0113307 0.0000010 0.0000010 0.0000010 0.0000010 0.0090460 0.0022450 0.0090460 0.0033044 0.0022252 0.0025528 0.0045644 0.0000000 0.0000010 0.0000010 0.0000010 0.0000010 0.0000010 0.0000010 0.0000010 0.0000010 0.0113307 0.0136135 0.0022331 0.0022252 0.0044769 0.0022308 0.0000010 0.0000010 0.0022283 0.0022283 0.0000010 0.0022368 0.0000010 0.0160040 
Lobs_FOXP2       0.0000010 0.0000010 0.0023785 0.0000010 0.0000010 0.0020970 0.0020970 0.0020998 0.0000010 0.0000010 0.0000010 0.0106624 0.0000010 0.0000010 0.0000010 0.0000010 0.0085135 0.0022260 0.0085135 0.0033044 0.0020964 0.0025359 0.0042937 0.0000010 0.0000000 0.0000010 0.0000010 0.0000010 0.0000010 0.0000010 0.0000010 0.0000010 0.0106624 0.0128095 0.0021024 0.0020964 0.0044258 0.0021003 0.0000010 0.0000010 0.0020991 0.0020991 0.0000010 0.0021057 0.0000010 0.0150521 
Lvex_FOXP2       0.0000010 0.0000010 0.0029178 0.0000010 0.0000010 0.0000010 0.0000010 0.0025021 0.0000010 0.0000010 0.0000010 0.0127414 0.0000010 0.0000010 0.0000010 0.0000010 0.0101703 0.0026760 0.0101703 0.0000010 0.0024973 0.0026557 0.0027703 0.0000010 0.0000010 0.0000000 0.0000010 0.0000010 0.0000010 0.0000010 0.0000010 0.0000010 0.0127414 0.0153095 0.0000010 0.0024973 0.0048016 0.0025042 0.0000010 0.0000010 0.0025012 0.0025012 0.0000010 0.0025119 0.0000010 0.0153851 
Mbid_FOXP2       0.0000010 0.0000010 0.0000010 0.0000010 0.0000010 0.0026657 0.0026657 0.0026703 0.0000010 0.0000010 0.0000010 0.0026758 0.0000010 0.0000010 0.0000010 0.0000010 0.0026758 0.0026946 0.0026758 0.0033044 0.0026647 0.0031492 0.0054139 0.0000010 0.0000010 0.0000010 0.0000000 0.0000010 0.0000010 0.0000010 0.0000010 0.0000010 0.0026758 0.0026758 0.0026761 0.0026647 0.0066427 0.0026728 0.0000010 0.0000010 0.0000010 0.0000010 0.0000010 0.0026815 0.0000010 0.0081124 
Mden_FOXP2       0.0000010 0.0000010 0.0000010 0.0000010 0.0000010 0.0028779 0.0028779 0.0028833 0.0000010 0.0000010 0.0000010 0.0028896 0.0000010 0.0000010 0.0000010 0.0000010 0.0028896 0.0029109 0.0028896 0.0029812 0.0000010 0.0000010 0.0064728 0.0000010 0.0000010 0.0000010 0.0000010 0.0000000 0.0000010 0.0000010 0.0000010 0.0000010 0.0028896 0.0028896 0.0031781 0.0000010 0.0054543 0.0000010 0.0000010 0.0000010 0.0000010 0.0000010 0.0000010 0.0028962 0.0000010 0.0087686 
Meur_FOXP2       0.0000010 0.0000010 0.0023785 0.0000010 0.0000010 0.0020970 0.0020970 0.0020998 0.0000010 0.0000010 0.0000010 0.0106624 0.0000010 0.0000010 0.0000010 0.0000010 0.0085135 0.0022260 0.0085135 0.0033044 0.0020964 0.0025359 0.0042937 0.0000010 0.0000010 0.0000010 0.0000010 0.0000010 0.0000000 0.0000010 0.0000010 0.0000010 0.0106624 0.0128095 0.0021024 0.0020964 0.0044258 0.0021003 0.0000010 0.0000010 0.0020991 0.0020991 0.0000010 0.0021057 0.0000010 0.0150521 
MgraAUS_FOXP2    0.0000010 0.0000010 0.0000010 0.0000010 0.0000010 0.0000010 0.0000010 0.0034463 0.0000010 0.0000010 0.0000010 0.0034554 0.0000010 0.0000010 0.0000010 0.0000010 0.0034554 0.0034711 0.0034554 0.0000010 0.0000010 0.0000010 0.0070134 0.0000010 0.0000010 0.0000010 0.0000010 0.0000010 0.0000010 0.0000000 0.0000010 0.0000010 0.0034554 0.0034554 0.0000010 0.0000010 0.0099963 0.0000010 0.0000010 0.0000010 0.0000010 0.0000010 0.0000010 0.0034650 0.0000010 0.0069678 
Mmir_FOXP2       0.0000010 0.0000010 0.0000010 0.0000010 0.0000010 0.0024450 0.0024450 0.0024489 0.0000010 0.0000010 0.0000010 0.0024534 0.0000010 0.0000010 0.0000010 0.0000010 0.0024534 0.0024683 0.0024534 0.0029812 0.0024442 0.0028452 0.0054139 0.0000010 0.0000010 0.0000010 0.0000010 0.0000010 0.0000010 0.0000010 0.0000000 0.0000010 0.0024534 0.0024534 0.0026761 0.0024442 0.0054543 0.0024509 0.0000010 0.0000010 0.0000010 0.0000010 0.0000010 0.0024582 0.0000010 0.0074310 
Mpni_FOXP2       0.0000010 0.0000010 0.0022370 0.0000010 0.0000010 0.0019815 0.0019815 0.0019841 0.0000010 0.0000010 0.0000010 0.0100671 0.0000010 0.0000010 0.0000010 0.0000010 0.0080395 0.0020877 0.0080395 0.0029812 0.0019810 0.0023692 0.0021717 0.0000010 0.0000010 0.0000010 0.0000010 0.0000010 0.0000010 0.0000010 0.0000010 0.0000000 0.0100671 0.0120952 0.0021312 0.0019810 0.0038642 0.0019855 0.0000010 0.0000010 0.0019835 0.0019835 0.0000010 0.0000010 0.0000010 0.0142072 
Oari_FOXP2       0.0094507 0.0127035 0.0135016 0.0104402 0.0099436 0.0119509 0.0119509 0.0113720 0.0110825 0.0112586 0.0104402 0.0000010 0.0121310 0.0099436 0.0105467 0.0094507 0.0018601 0.0126554 0.0018601 0.0060032 0.0119479 0.0143013 0.0153172 0.0113307 0.0106624 0.0127414 0.0026758 0.0028896 0.0106624 0.0034554 0.0024534 0.0100671 0.0000000 0.0018598 0.0128561 0.0113548 0.0198338 0.0119747 0.0136623 0.0089210 0.0119638 0.0119638 0.0000010 0.0120064 0.0112355 0.0075079 
Ovtex_FOXP2      0.0113526 0.0152645 0.0157716 0.0125429 0.0119454 0.0139576 0.0139576 0.0132809 0.0133156 0.0135259 0.0125429 0.0018598 0.0145766 0.0119454 0.0126702 0.0113526 0.0037246 0.0147815 0.0037246 0.0060032 0.0139542 0.0167048 0.0175250 0.0136135 0.0128095 0.0153095 0.0026758 0.0028896 0.0128095 0.0034554 0.0024534 0.0120952 0.0018598 0.0000000 0.0150154 0.0132607 0.0238464 0.0139853 0.0171107 0.0111664 0.0139729 0.0139729 0.0000010 0.0140230 0.0134985 0.0093957 
Pbla7349_FOXP2   0.0021024 0.0027310 0.0047664 0.0022146 0.0021024 0.0000010 0.0000010 0.0042199 0.0000010 0.0024000 0.0022146 0.0128561 0.0023798 0.0021024 0.0022386 0.0021024 0.0106926 0.0044770 0.0106926 0.0000010 0.0042130 0.0051013 0.0064726 0.0022331 0.0021024 0.0000010 0.0026761 0.0031781 0.0021024 0.0000010 0.0026761 0.0021312 0.0128561 0.0150154 0.0000000 0.0042130 0.0088856 0.0042229 0.0033488 0.0023885 0.0042186 0.0042186 0.0043808 0.0042339 0.0022146 0.0172837 
Pcat_FOXP2       0.0018617 0.0024888 0.0022063 0.0020532 0.0019570 0.0039208 0.0039208 0.0037338 0.0021774 0.0022115 0.0020532 0.0113548 0.0000010 0.0019570 0.0020737 0.0018617 0.0094466 0.0041473 0.0094466 0.0029812 0.0000010 0.0000010 0.0064505 0.0022252 0.0020964 0.0024973 0.0026647 0.0000010 0.0020964 0.0000010 0.0024442 0.0019810 0.0113548 0.0132607 0.0042130 0.0000000 0.0038642 0.0000010 0.0000010 0.0022008 0.0039247 0.0039247 0.0000010 0.0039379 0.0022069 0.0152516 
Pdal_FOXP2       0.0038642 0.0038642 0.0077487 0.0038642 0.0038642 0.0077556 0.0077556 0.0038642 0.0048016 0.0038642 0.0038642 0.0198338 0.0044258 0.0038642 0.0038642 0.0038642 0.0158117 0.0038642 0.0158117 0.0109596 0.0038642 0.0038642 0.0045061 0.0044769 0.0044258 0.0048016 0.0066427 0.0054543 0.0044258 0.0099963 0.0054543 0.0038642 0.0198338 0.0238464 0.0088856 0.0038642 0.0000000 0.0038642 0.0000010 0.0038642 0.0077712 0.0077712 0.0066873 0.0038642 0.0044258 0.0239468 
Pmac_FOXP2       0.0019613 0.0024960 0.0022118 0.0020579 0.0019613 0.0039294 0.0039294 0.0039344 0.0021827 0.0022170 0.0020579 0.0119747 0.0000010 0.0019613 0.0020785 0.0019613 0.0099613 0.0041570 0.0099613 0.0029912 0.0000010 0.0000010 0.0064661 0.0022308 0.0021003 0.0025042 0.0026728 0.0000010 0.0021003 0.0000010 0.0024509 0.0019855 0.0119747 0.0139853 0.0042229 0.0000010 0.0038642 0.0000000 0.0000010 0.0022008 0.0039333 0.0039333 0.0000010 0.0039466 0.0022123 0.0160901 
Pspi_FOXP2       0.0000010 0.0000010 0.0033462 0.0000010 0.0000010 0.0033488 0.0033488 0.0000010 0.0000010 0.0000010 0.0000010 0.0136623 0.0000010 0.0000010 0.0000010 0.0000010 0.0102140 0.0000010 0.0102140 0.0045028 0.0000010 0.0000010 0.0034512 0.0000010 0.0000010 0.0000010 0.0000010 0.0000010 0.0000010 0.0000010 0.0000010 0.0000010 0.0136623 0.0171107 0.0033488 0.0000010 0.0000010 0.0000010 0.0000000 0.0000010 0.0033543 0.0033543 0.0000010 0.0000010 0.0000010 0.0171705 
Satt38219_FOXP2  0.0000010 0.0000010 0.0025221 0.0000010 0.0000010 0.0022015 0.0022015 0.0000010 0.0000010 0.0000010 0.0000010 0.0089210 0.0000010 0.0000010 0.0000010 0.0000010 0.0066775 0.0000010 0.0066775 0.0034394 0.0022008 0.0026912 0.0024399 0.0000010 0.0000010 0.0000010 0.0000010 0.0000010 0.0000010 0.0000010 0.0000010 0.0000010 0.0089210 0.0111664 0.0023885 0.0022008 0.0038642 0.0022008 0.0000010 0.0000000 0.0022039 0.0022039 0.0000010 0.0000010 0.0000010 0.0111911 
Sbre116871_FOXP2 0.0019594 0.0024929 0.0044261 0.0020558 0.0019594 0.0039257 0.0039257 0.0039307 0.0021804 0.0022146 0.0020558 0.0119638 0.0023826 0.0019594 0.0020764 0.0019594 0.0099521 0.0041528 0.0099521 0.0029812 0.0039247 0.0046847 0.0064594 0.0022283 0.0020991 0.0025012 0.0000010 0.0000010 0.0020991 0.0000010 0.0000010 0.0019835 0.0119638 0.0139729 0.0042186 0.0039247 0.0077712 0.0039333 0.0033543 0.0022039 0.0000000 0.0000010 0.0000010 0.0039428 0.0022099 0.0160760 
Sbre18437_FOXP2  0.0019594 0.0024929 0.0044261 0.0020558 0.0019594 0.0039257 0.0039257 0.0039307 0.0021804 0.0022146 0.0020558 0.0119638 0.0023826 0.0019594 0.0020764 0.0019594 0.0099521 0.0041528 0.0099521 0.0029812 0.0039247 0.0046847 0.0064594 0.0022283 0.0020991 0.0025012 0.0000010 0.0000010 0.0020991 0.0000010 0.0000010 0.0019835 0.0119638 0.0139729 0.0042186 0.0039247 0.0077712 0.0039333 0.0033543 0.0022039 0.0000010 0.0000000 0.0000010 0.0039428 0.0022099 0.0160760 
Scly1724_FOXP2   0.0000010 0.0000010 0.0000010 0.0000010 0.0000010 0.0043808 0.0043808 0.0000010 0.0000010 0.0000010 0.0000010 0.0000010 0.0000010 0.0000010 0.0000010 0.0000010 0.0000010 0.0000010 0.0000010 0.0050186 0.0000010 0.0000010 0.0000010 0.0000010 0.0000010 0.0000010 0.0000010 0.0000010 0.0000010 0.0000010 0.0000010 0.0000010 0.0000010 0.0000010 0.0043808 0.0000010 0.0066873 0.0000010 0.0000010 0.0000010 0.0000010 0.0000010 0.0000000 0.0000010 0.0000010 0.0043933 
Sflu9837_FOXP2   0.0019659 0.0000010 0.0044429 0.0020630 0.0019659 0.0039389 0.0039389 0.0039439 0.0021885 0.0022229 0.0020630 0.0120064 0.0023922 0.0019659 0.0000010 0.0019659 0.0099871 0.0041676 0.0099871 0.0029812 0.0039379 0.0047026 0.0064836 0.0022368 0.0021057 0.0025119 0.0026815 0.0028962 0.0021057 0.0034650 0.0024582 0.0000010 0.0120064 0.0140230 0.0042339 0.0039379 0.0038642 0.0039466 0.0000010 0.0000010 0.0039428 0.0039428 0.0000010 0.0000000 0.0022183 0.0161348 
Sfro7782_FOXP2   0.0000010 0.0000010 0.0023785 0.0000010 0.0000010 0.0022075 0.0022075 0.0022107 0.0000010 0.0000010 0.0000010 0.0112355 0.0000010 0.0000010 0.0000010 0.0000010 0.0089701 0.0022260 0.0089701 0.0033044 0.0022069 0.0025359 0.0045257 0.0000010 0.0000010 0.0000010 0.0000010 0.0000010 0.0000010 0.0000010 0.0000010 0.0000010 0.0112355 0.0134985 0.0022146 0.0022069 0.0044258 0.0022123 0.0000010 0.0000010 0.0022099 0.0022099 0.0000010 0.0022183 0.0000000 0.0158685 
Sscr_FOXP2       0.0133292 0.0153038 0.0181628 0.0147370 0.0140302 0.0160579 0.0160579 0.0152751 0.0133723 0.0159012 0.0147370 0.0075079 0.0171469 0.0140302 0.0148888 0.0133292 0.0056215 0.0170145 0.0056215 0.0121495 0.0160539 0.0192449 0.0198622 0.0160040 0.0150521 0.0153851 0.0081124 0.0087686 0.0150521 0.0069678 0.0074310 0.0142072 0.0075079 0.0093957 0.0172837 0.0152516 0.0239468 0.0160901 0.0171705 0.0111911 0.0160760 0.0160760 0.0043933 0.0161348 0.0158685 0.0000000 
