93
Bacu_HTT         0.0000000 0.0443512 0.0295168 0.0031264 0.0069012 0.0062243 0.0094753 0.0089790 0.0132338 0.0080160 0.0083390 0.0909290 0.0445191 0.0831695 0.0277022 0.0099446 0.0387683 0.0309269 0.0308008 0.0298304 0.0301035 0.0118544 0.0801135 0.0177950 0.0144857 0.0090501 0.0497977 0.0289890 0.0352628 0.0287018 0.0250553 0.0654499 0.0259383 0.0345759 0.0351037 0.0306514 0.0392938 0.0271372 0.0269439 0.0276568 0.0293256 0.0290794 0.0255360 0.0261269 0.0573667 0.0311110 0.0264814 0.0400560 0.0449490 0.0219127 0.0264565 0.0222755 0.0238776 0.0246643 0.0237668 0.0301167 0.0184901 0.0242037 0.0239698 0.0240940 0.0479868 0.0313291 0.0956453 0.0269943 0.0317144 0.0290804 0.0282138 0.0259060 0.0355158 0.0291417 0.0263079 0.0298648 0.0340356 0.0260995 0.0304561 0.0433810 0.0273164 0.0294453 0.0296573 0.0269774 0.0319215 0.0660259 0.0287445 0.0318993 0.0299785 0.0278878 0.0300245 0.0281063 0.0303828 0.0306500 0.0249049 0.0311626 0.0255577 
Barn_HTT         0.0443512 0.0000000 0.0244688 0.0458361 0.0463657 0.0453833 0.0462620 0.0477221 0.0403879 0.0417815 0.0407426 0.1103641 0.0127164 0.0985822 0.0422839 0.0462754 0.0644279 0.0358245 0.0389518 0.0378095 0.0366081 0.0405313 0.0885734 0.0396020 0.0409254 0.0423155 0.0392909 0.0378107 0.0601850 0.0350232 0.0321383 0.0804346 0.0423747 0.0559739 0.0514075 0.0454248 0.0602221 0.0411365 0.0290364 0.0342859 0.0394010 0.0358084 0.0374613 0.0383644 0.0423793 0.0429122 0.0330618 0.0637324 0.0060320 0.0301942 0.0324705 0.0343662 0.0278346 0.0324032 0.0286365 0.0381195 0.0576436 0.0291525 0.0288533 0.0282491 0.0403511 0.0409379 0.1135407 0.0378029 0.0383168 0.0350232 0.0441103 0.0415895 0.0352928 0.0397989 0.0403122 0.0447962 0.0271664 0.0383846 0.0397222 0.0171534 0.0366924 0.0383773 0.0352196 0.0362078 0.0386675 0.0162528 0.0365647 0.0377622 0.0372752 0.0348647 0.0374482 0.0394479 0.0394010 0.0383942 0.0326290 0.0365793 0.0314459 
Bbai76728_HTT    0.0295168 0.0244688 0.0000000 0.0287180 0.0200790 0.0219259 0.0226259 0.0317852 0.0267555 0.0274195 0.0179773 0.0964861 0.0374568 0.0903484 0.0201551 0.0208673 0.0323185 0.0273395 0.0199111 0.0202259 0.0249822 0.0209774 0.0847402 0.0219578 0.0201408 0.0199146 0.0458049 0.0210792 0.0284224 0.0231547 0.0068396 0.0684060 0.0233116 0.0296922 0.0291270 0.0209820 0.0326236 0.0201633 0.0160796 0.0254321 0.0201557 0.0244595 0.0178680 0.0183502 0.0325263 0.0130105 0.0077732 0.0220624 0.0221403 0.0053766 0.0078835 0.0053871 0.0062898 0.0074364 0.0058417 0.0258238 0.0392615 0.0068944 0.0062448 0.0059241 0.0278121 0.0271560 0.1040692 0.0177101 0.0249343 0.0240275 0.0203283 0.0182343 0.0213638 0.0220857 0.0182110 0.0296465 0.0232620 0.0174047 0.0275807 0.0376972 0.0184497 0.0183989 0.0267219 0.0178694 0.0217844 0.0556885 0.0263872 0.0201174 0.0191706 0.0188893 0.0196540 0.0196924 0.0210691 0.0262214 0.0084544 0.0257651 0.0086891 
BbonAUS_HTT      0.0031264 0.0458361 0.0287180 0.0000000 0.0069835 0.0072833 0.0078028 0.0094632 0.0107740 0.0076778 0.0078177 0.0930393 0.0400982 0.0795259 0.0231329 0.0110325 0.0375170 0.0282668 0.0287639 0.0273039 0.0270576 0.0092517 0.0765255 0.0154816 0.0116962 0.0097007 0.0496862 0.0283932 0.0323335 0.0253604 0.0227900 0.0647986 0.0253819 0.0331190 0.0341501 0.0264892 0.0400039 0.0226131 0.0217500 0.0252358 0.0246161 0.0253861 0.0213028 0.0204189 0.0337389 0.0326032 0.0252330 0.0381816 0.0464878 0.0223110 0.0257173 0.0212750 0.0254189 0.0252514 0.0225778 0.0266371 0.0185248 0.0255056 0.0244198 0.0242855 0.0277099 0.0283499 0.0981907 0.0241547 0.0255976 0.0258016 0.0271232 0.0218883 0.0225098 0.0276736 0.0226103 0.0296954 0.0324906 0.0227415 0.0279010 0.0452473 0.0240686 0.0250645 0.0273654 0.0237976 0.0281802 0.0627620 0.0258317 0.0297247 0.0256041 0.0261642 0.0270806 0.0259087 0.0279636 0.0278785 0.0244874 0.0279129 0.0249799 
Bbor_HTT         0.0069012 0.0463657 0.0200790 0.0069835 0.0000000 0.0008725 0.0013657 0.0051676 0.0092253 0.0060500 0.0075140 0.0833129 0.0419230 0.0759964 0.0209856 0.0094161 0.0217076 0.0219276 0.0224857 0.0218921 0.0193187 0.0072450 0.0738927 0.0094288 0.0103411 0.0091315 0.0460705 0.0230740 0.0188092 0.0184095 0.0201790 0.0635249 0.0253837 0.0270121 0.0269558 0.0232598 0.0207393 0.0186666 0.0196374 0.0190479 0.0208520 0.0184174 0.0195044 0.0182707 0.0432993 0.0282871 0.0206725 0.0202458 0.0359437 0.0180703 0.0208682 0.0184502 0.0201389 0.0210167 0.0196567 0.0197815 0.0160765 0.0197623 0.0207587 0.0191469 0.0365415 0.0219004 0.0892689 0.0190393 0.0208234 0.0188733 0.0209443 0.0198341 0.0221967 0.0221964 0.0198294 0.0207012 0.0272624 0.0197884 0.0206631 0.0447103 0.0209257 0.0200287 0.0216222 0.0181835 0.0222260 0.0597537 0.0194161 0.0235791 0.0214090 0.0201574 0.0218036 0.0204371 0.0213010 0.0212264 0.0205127 0.0216133 0.0213192 
Bede66737_HTT    0.0062243 0.0453833 0.0219259 0.0072833 0.0008725 0.0000000 0.0031010 0.0049743 0.0097455 0.0058562 0.0064854 0.0853456 0.0405476 0.0763287 0.0198171 0.0091374 0.0206164 0.0247110 0.0251787 0.0245791 0.0216066 0.0062663 0.0714756 0.0097101 0.0107209 0.0090258 0.0440312 0.0252936 0.0177445 0.0211610 0.0191379 0.0617894 0.0239948 0.0265502 0.0293236 0.0236931 0.0233467 0.0217836 0.0189618 0.0221807 0.0215191 0.0211700 0.0181810 0.0170350 0.0483907 0.0304252 0.0226198 0.0191660 0.0385380 0.0199915 0.0232466 0.0174832 0.0232348 0.0236570 0.0218223 0.0216181 0.0159436 0.0221557 0.0230616 0.0225145 0.0387883 0.0242269 0.0900997 0.0215428 0.0234613 0.0216120 0.0239164 0.0188090 0.0203451 0.0244251 0.0184769 0.0233759 0.0326671 0.0186421 0.0229069 0.0443556 0.0198224 0.0233700 0.0240131 0.0210518 0.0251917 0.0634825 0.0223634 0.0269838 0.0241202 0.0227099 0.0242575 0.0234288 0.0238913 0.0242417 0.0221980 0.0242703 0.0234257 
BedeAUS_HTT      0.0094753 0.0462620 0.0226259 0.0078028 0.0013657 0.0031010 0.0000000 0.0068762 0.0123759 0.0085859 0.0071476 0.0828627 0.0389365 0.0771050 0.0232059 0.0080218 0.0239786 0.0258108 0.0288322 0.0257506 0.0246156 0.0076526 0.0744828 0.0113600 0.0130762 0.0090905 0.0492646 0.0272080 0.0188326 0.0241498 0.0221151 0.0625471 0.0242434 0.0292106 0.0290868 0.0238563 0.0270525 0.0215114 0.0216071 0.0248239 0.0216764 0.0246131 0.0213253 0.0217916 0.0563375 0.0293870 0.0243418 0.0205559 0.0383162 0.0221963 0.0246043 0.0177668 0.0246467 0.0238663 0.0228594 0.0246296 0.0183167 0.0224995 0.0216829 0.0226094 0.0460682 0.0275782 0.0856336 0.0248330 0.0245757 0.0246219 0.0262262 0.0201068 0.0234642 0.0254899 0.0219784 0.0273938 0.0334946 0.0214789 0.0259683 0.0443023 0.0210023 0.0258018 0.0279654 0.0235566 0.0263761 0.0677571 0.0249523 0.0282536 0.0251778 0.0277898 0.0242815 0.0241558 0.0276585 0.0243199 0.0257791 0.0273952 0.0226144 
Bmus_HTT         0.0089790 0.0477221 0.0317852 0.0094632 0.0051676 0.0049743 0.0068762 0.0000000 0.0135784 0.0072835 0.0062422 0.0914788 0.0446390 0.0851670 0.0286340 0.0107958 0.0392266 0.0321723 0.0316808 0.0306920 0.0304639 0.0122776 0.0804106 0.0185840 0.0149090 0.0094829 0.0507996 0.0298283 0.0361863 0.0290599 0.0267963 0.0661944 0.0259774 0.0354500 0.0355854 0.0316031 0.0405610 0.0276410 0.0265002 0.0284643 0.0297719 0.0294384 0.0264007 0.0270885 0.0578814 0.0311739 0.0269975 0.0417580 0.0473003 0.0232737 0.0260688 0.0238099 0.0248444 0.0252009 0.0233400 0.0304772 0.0168411 0.0255337 0.0249182 0.0249750 0.0488231 0.0317202 0.0962895 0.0279010 0.0329892 0.0294394 0.0282510 0.0268427 0.0356128 0.0300048 0.0272149 0.0298597 0.0357049 0.0265754 0.0308171 0.0445658 0.0281662 0.0299895 0.0309145 0.0278966 0.0319672 0.0672484 0.0300112 0.0323482 0.0308395 0.0287564 0.0308532 0.0285724 0.0312735 0.0306779 0.0262245 0.0315247 0.0275292 
Bmys_HTT         0.0132338 0.0403879 0.0267555 0.0107740 0.0092253 0.0097455 0.0123759 0.0135784 0.0000000 0.0088363 0.0115239 0.0894462 0.0382214 0.0808852 0.0236311 0.0101435 0.0325344 0.0264456 0.0248091 0.0247513 0.0255967 0.0028515 0.0754017 0.0085260 0.0042985 0.0078486 0.0461572 0.0252854 0.0314651 0.0241812 0.0212959 0.0607226 0.0228063 0.0292348 0.0278166 0.0287216 0.0365267 0.0225549 0.0210175 0.0220170 0.0234365 0.0252387 0.0221785 0.0214382 0.0411424 0.0199038 0.0213546 0.0336257 0.0389940 0.0173875 0.0229507 0.0136346 0.0194955 0.0200503 0.0188333 0.0256081 0.0186799 0.0203907 0.0197530 0.0215637 0.0354841 0.0255457 0.0941715 0.0221864 0.0266671 0.0245590 0.0245203 0.0213910 0.0242623 0.0254854 0.0228857 0.0259850 0.0272542 0.0223050 0.0259526 0.0373434 0.0230531 0.0243533 0.0246769 0.0220915 0.0264711 0.0572104 0.0232104 0.0270896 0.0236896 0.0235664 0.0251800 0.0230721 0.0247441 0.0230054 0.0209053 0.0255931 0.0215393 
Bphy_HTT         0.0080160 0.0417815 0.0274195 0.0076778 0.0060500 0.0058562 0.0085859 0.0072835 0.0088363 0.0000000 0.0004426 0.0814092 0.0361823 0.0727963 0.0198365 0.0084499 0.0220301 0.0253114 0.0235405 0.0239975 0.0243303 0.0068757 0.0743850 0.0137677 0.0100822 0.0066209 0.0457581 0.0255433 0.0182239 0.0231531 0.0210840 0.0594647 0.0210503 0.0260409 0.0259971 0.0237331 0.0240729 0.0211210 0.0185896 0.0213953 0.0232667 0.0235700 0.0191488 0.0177042 0.0311683 0.0278302 0.0207270 0.0188582 0.0428842 0.0164876 0.0217337 0.0139505 0.0187736 0.0202147 0.0192935 0.0243301 0.0149301 0.0204758 0.0202484 0.0211921 0.0241402 0.0243266 0.0844495 0.0206259 0.0252548 0.0235592 0.0204281 0.0189144 0.0198515 0.0238330 0.0195201 0.0243872 0.0279856 0.0185707 0.0247334 0.0364745 0.0210144 0.0211884 0.0237796 0.0200781 0.0255492 0.0598546 0.0223285 0.0258861 0.0225450 0.0219062 0.0239515 0.0230243 0.0238365 0.0219639 0.0214863 0.0255093 0.0217539 
Bphy_baits_HTT   0.0083390 0.0407426 0.0179773 0.0078177 0.0075140 0.0064854 0.0071476 0.0062422 0.0115239 0.0004426 0.0000000 0.0770356 0.0343685 0.0714680 0.0198751 0.0089657 0.0339167 0.0215334 0.0221723 0.0209048 0.0203752 0.0076809 0.0740697 0.0101795 0.0118369 0.0088850 0.0461828 0.0212777 0.0293663 0.0185956 0.0193371 0.0595305 0.0218006 0.0293910 0.0273208 0.0238144 0.0336561 0.0159184 0.0177697 0.0179806 0.0208988 0.0181738 0.0181926 0.0172000 0.0475660 0.0267718 0.0192458 0.0368784 0.0339250 0.0177607 0.0202049 0.0143379 0.0195486 0.0188646 0.0201391 0.0203867 0.0136560 0.0203562 0.0191093 0.0177651 0.0352318 0.0206990 0.0819385 0.0184751 0.0199544 0.0186124 0.0185266 0.0188145 0.0173338 0.0215041 0.0194966 0.0248754 0.0245114 0.0188329 0.0203698 0.0395390 0.0207381 0.0171902 0.0202499 0.0173585 0.0225028 0.0564024 0.0189465 0.0235914 0.0203864 0.0191095 0.0209550 0.0186460 0.0218218 0.0188376 0.0194084 0.0216881 0.0198295 
Btau_HTT         0.0909290 0.1103641 0.0964861 0.0930393 0.0833129 0.0853456 0.0828627 0.0914788 0.0894462 0.0814092 0.0770356 0.0000000 0.1037752 0.0433304 0.0914256 0.0839710 0.1042303 0.0993623 0.0964765 0.0946028 0.0927407 0.0858008 0.1068937 0.0937653 0.0935967 0.0908316 0.1175208 0.0923700 0.0999130 0.0903679 0.0858117 0.0920907 0.0916984 0.0952560 0.0949818 0.0987363 0.1046398 0.0906227 0.0864211 0.0944081 0.0954899 0.0898189 0.0859633 0.0897804 0.1207509 0.0877280 0.0827552 0.1043480 0.1050257 0.0824600 0.0885991 0.0892699 0.0827017 0.0848777 0.0819079 0.0925224 0.0958112 0.0892129 0.0840945 0.0850352 0.1132734 0.0934687 0.0403573 0.0920254 0.0951985 0.0911589 0.0947096 0.0910845 0.0966147 0.0920129 0.0918139 0.0900761 0.0887763 0.0872929 0.0927304 0.1061959 0.0928195 0.0936145 0.0955122 0.0889664 0.0987859 0.1244014 0.0946082 0.0980464 0.0963024 0.0918494 0.0952506 0.0957202 0.0961640 0.0926632 0.0908609 0.0924380 0.0838505 
Ccom40_HTT       0.0445191 0.0127164 0.0374568 0.0400982 0.0419230 0.0405476 0.0389365 0.0446390 0.0382214 0.0361823 0.0343685 0.1037752 0.0000000 0.0972899 0.0194136 0.0383796 0.0404446 0.0230391 0.0229997 0.0236300 0.0228957 0.0376460 0.0914915 0.0364718 0.0411301 0.0385723 0.0568881 0.0219354 0.0349374 0.0187250 0.0402005 0.0798837 0.0333427 0.0479555 0.0465162 0.0266726 0.0402028 0.0183491 0.0148098 0.0209173 0.0242239 0.0171646 0.0184597 0.0193928 0.0362933 0.0474040 0.0411578 0.0659520 0.0166371 0.0350398 0.0462737 0.0464566 0.0365769 0.0409228 0.0366190 0.0228949 0.0517304 0.0396844 0.0409040 0.0385083 0.0246607 0.0244690 0.1164943 0.0205193 0.0207055 0.0197827 0.0350839 0.0237111 0.0213099 0.0250966 0.0225550 0.0401664 0.0256196 0.0243719 0.0245005 0.0076166 0.0225766 0.0238697 0.0215435 0.0205793 0.0264994 0.0041059 0.0224306 0.0240611 0.0226806 0.0217086 0.0237103 0.0230581 0.0245435 0.0217788 0.0368211 0.0218864 0.0382776 
Cela_HTT         0.0831695 0.0985822 0.0903484 0.0795259 0.0759964 0.0763287 0.0771050 0.0851670 0.0808852 0.0727963 0.0714680 0.0433304 0.0972899 0.0000000 0.0826380 0.0763416 0.0981479 0.0924380 0.0863183 0.0852759 0.0883144 0.0762274 0.1026168 0.0871103 0.0864189 0.0793833 0.1112247 0.0860962 0.0938521 0.0852503 0.0829333 0.0851193 0.0834646 0.0861507 0.0836173 0.0917960 0.0975840 0.0826176 0.0795639 0.0879376 0.0898445 0.0850919 0.0816398 0.0807994 0.1135022 0.0853296 0.0765387 0.0994031 0.0942567 0.0744252 0.0850457 0.0779986 0.0783451 0.0794349 0.0739839 0.0879019 0.0850648 0.0835691 0.0784075 0.0817497 0.1030434 0.0833158 0.0502984 0.0829472 0.0874128 0.0860354 0.0836259 0.0858489 0.0827812 0.0844978 0.0865741 0.0841666 0.0849501 0.0825693 0.0863782 0.0943029 0.0857961 0.0860272 0.0901404 0.0799653 0.0896760 0.1066745 0.0861612 0.0891794 0.0880326 0.0881678 0.0878546 0.0862257 0.0863856 0.0830352 0.0858666 0.0872325 0.0779847 
Chea7320_HTT     0.0277022 0.0422839 0.0201551 0.0231329 0.0209856 0.0198171 0.0232059 0.0286340 0.0236311 0.0198365 0.0198751 0.0914256 0.0194136 0.0826380 0.0000000 0.0196359 0.0064072 0.0065738 0.0061180 0.0064730 0.0065206 0.0204576 0.0786077 0.0235890 0.0233070 0.0220315 0.0278867 0.0070714 0.0041449 0.0040604 0.0199774 0.0641372 0.0173355 0.0297909 0.0301154 0.0104350 0.0062108 0.0013085 0.0024352 0.0057891 0.0077065 0.0020226 0.0024556 0.0026531 0.0247864 0.0275905 0.0219435 0.0236406 0.0375164 0.0173493 0.0242866 0.0193777 0.0209874 0.0209965 0.0206047 0.0065204 0.0331329 0.0230039 0.0219290 0.0213959 0.0082328 0.0083064 0.1001200 0.0037657 0.0054699 0.0044696 0.0160595 0.0052312 0.0111604 0.0086143 0.0046644 0.0247534 0.0251156 0.0064649 0.0077558 0.0272515 0.0051217 0.0054707 0.0053376 0.0035494 0.0078038 0.0359505 0.0055900 0.0072655 0.0053182 0.0059088 0.0073312 0.0059033 0.0059887 0.0050333 0.0179266 0.0061143 0.0202028 
Cmar59905_HTT    0.0099446 0.0462754 0.0208673 0.0110325 0.0094161 0.0091374 0.0080218 0.0107958 0.0101435 0.0084499 0.0089657 0.0839710 0.0383796 0.0763416 0.0196359 0.0000000 0.0203569 0.0229233 0.0249762 0.0228453 0.0210003 0.0080776 0.0712630 0.0101290 0.0097354 0.0095761 0.0448713 0.0242900 0.0173675 0.0209899 0.0191057 0.0610071 0.0239574 0.0263996 0.0288201 0.0242750 0.0227581 0.0209310 0.0187594 0.0220720 0.0196297 0.0214129 0.0175569 0.0176508 0.0489210 0.0292349 0.0205621 0.0194362 0.0379772 0.0193875 0.0214441 0.0184240 0.0225730 0.0213734 0.0208523 0.0210117 0.0192936 0.0216922 0.0212365 0.0204009 0.0385301 0.0231518 0.0902384 0.0202382 0.0215242 0.0218837 0.0235333 0.0182127 0.0145755 0.0210891 0.0182460 0.0231261 0.0252769 0.0174508 0.0223039 0.0401506 0.0194018 0.0215820 0.0226216 0.0201792 0.0240088 0.0578947 0.0212940 0.0245558 0.0235867 0.0217900 0.0237327 0.0229588 0.0228340 0.0216882 0.0205652 0.0231876 0.0226317 
Dcap108471_HTT   0.0387683 0.0644279 0.0323185 0.0375170 0.0217076 0.0206164 0.0239786 0.0392266 0.0325344 0.0220301 0.0339167 0.1042303 0.0404446 0.0981479 0.0064072 0.0203569 0.0000000 0.0110042 0.0102065 0.0109412 0.0150290 0.0329623 0.0956192 0.0332457 0.0223490 0.0364927 0.0250982 0.0155787 0.0020575 0.0118045 0.0301582 0.0797203 0.0312451 0.0429583 0.0449675 0.0197773 0.0037568 0.0058178 0.0167767 0.0117085 0.0019891 0.0134151 0.0144969 0.0160847 0.0536353 0.0406837 0.0233652 0.0338755 0.0548643 0.0297531 0.0232369 0.0413074 0.0348970 0.0337310 0.0354871 0.0150370 0.0421351 0.0228667 0.0341943 0.0319221 0.0316221 0.0172481 0.1145942 0.0127538 0.0150578 0.0118144 0.0290306 0.0029954 0.0322365 0.0172519 0.0025211 0.0355763 0.0287943 0.0173955 0.0162344 0.0413520 0.0108180 0.0142751 0.0139478 0.0027373 0.0137239 0.0651402 0.0107894 0.0124363 0.0029427 0.0120867 0.0123023 0.0008681 0.0004132 0.0122044 0.0269167 0.0110106 0.0338007 
Dcap79929_HTT    0.0309269 0.0358245 0.0273395 0.0282668 0.0219276 0.0247110 0.0258108 0.0321723 0.0264456 0.0253114 0.0215334 0.0993623 0.0230391 0.0924380 0.0065738 0.0229233 0.0110042 0.0000000 0.0004169 0.0007976 0.0069063 0.0226011 0.0829884 0.0314904 0.0265355 0.0274380 0.0260143 0.0053761 0.0123740 0.0022841 0.0204073 0.0713831 0.0151685 0.0331963 0.0341109 0.0077347 0.0143402 0.0052565 0.0039104 0.0019736 0.0016332 0.0042028 0.0041181 0.0046805 0.0430890 0.0256522 0.0236105 0.0402187 0.0467459 0.0178451 0.0243197 0.0170540 0.0219493 0.0222166 0.0221067 0.0065223 0.0388868 0.0244312 0.0226800 0.0208755 0.0226084 0.0083521 0.1112516 0.0021099 0.0041021 0.0022859 0.0158348 0.0031185 0.0092745 0.0069956 0.0025857 0.0281289 0.0287151 0.0049374 0.0076765 0.0236227 0.0011925 0.0014354 0.0033221 0.0026712 0.0036747 0.0322723 0.0012015 0.0016769 0.0028742 0.0008380 0.0019722 0.0012844 0.0012499 0.0017488 0.0167255 0.0015217 0.0211646 
DdelSJR_HTT      0.0308008 0.0389518 0.0199111 0.0287639 0.0224857 0.0251787 0.0288322 0.0316808 0.0248091 0.0235405 0.0221723 0.0964765 0.0229997 0.0863183 0.0061180 0.0249762 0.0102065 0.0004169 0.0000000 0.0004137 0.0070606 0.0207074 0.0791948 0.0243590 0.0254774 0.0277265 0.0263908 0.0050424 0.0125811 0.0019460 0.0200079 0.0662398 0.0152859 0.0333177 0.0343363 0.0091417 0.0140887 0.0053813 0.0038728 0.0012731 0.0021218 0.0039078 0.0038769 0.0040339 0.0183771 0.0271432 0.0237129 0.0398706 0.0373581 0.0179284 0.0247575 0.0168521 0.0219131 0.0210047 0.0218614 0.0066645 0.0371288 0.0246714 0.0223381 0.0217329 0.0083145 0.0079816 0.1050872 0.0016925 0.0038341 0.0023385 0.0153661 0.0027544 0.0098825 0.0065355 0.0022144 0.0267241 0.0283306 0.0053378 0.0078549 0.0246748 0.0004182 0.0010100 0.0025688 0.0022580 0.0033078 0.0318569 0.0004126 0.0012848 0.0017238 0.0008837 0.0020334 0.0008578 0.0004128 0.0008701 0.0166413 0.0011669 0.0213253 
Ddeltrop4525_HTT 0.0298304 0.0378095 0.0202259 0.0273039 0.0218921 0.0245791 0.0257506 0.0306920 0.0247513 0.0239975 0.0209048 0.0946028 0.0236300 0.0852759 0.0064730 0.0228453 0.0109412 0.0007976 0.0004137 0.0000000 0.0053875 0.0200638 0.0805874 0.0254869 0.0251441 0.0263858 0.0263218 0.0049242 0.0123290 0.0019136 0.0199757 0.0681494 0.0168995 0.0340055 0.0342645 0.0079805 0.0145095 0.0056193 0.0043138 0.0020387 0.0016589 0.0042287 0.0041344 0.0045651 0.0246257 0.0262151 0.0235421 0.0395416 0.0372256 0.0176145 0.0242654 0.0178826 0.0218914 0.0218717 0.0219356 0.0053874 0.0358901 0.0233315 0.0222186 0.0208310 0.0073826 0.0074521 0.1052838 0.0020716 0.0040531 0.0022979 0.0158295 0.0030730 0.0100772 0.0070232 0.0026167 0.0262733 0.0303843 0.0054660 0.0069425 0.0242086 0.0012114 0.0018937 0.0029315 0.0026099 0.0035614 0.0333895 0.0011894 0.0020845 0.0020473 0.0012659 0.0019829 0.0012848 0.0012399 0.0013049 0.0167040 0.0015306 0.0202547 
Dleu_HTT         0.0301035 0.0366081 0.0249822 0.0270576 0.0193187 0.0216066 0.0246156 0.0304639 0.0255967 0.0243303 0.0203752 0.0927407 0.0228957 0.0883144 0.0065206 0.0210003 0.0150290 0.0069063 0.0070606 0.0053875 0.0000000 0.0215442 0.0814866 0.0293903 0.0238333 0.0246426 0.0256451 0.0076020 0.0120709 0.0054346 0.0172591 0.0659050 0.0158381 0.0313361 0.0331752 0.0110812 0.0152069 0.0073082 0.0048616 0.0059531 0.0067068 0.0070557 0.0046533 0.0054980 0.0445454 0.0235329 0.0213644 0.0361504 0.0417302 0.0181675 0.0218270 0.0163933 0.0208083 0.0201506 0.0197236 0.0012715 0.0350335 0.0218585 0.0201623 0.0185360 0.0209965 0.0049832 0.1002431 0.0035657 0.0053648 0.0057636 0.0176932 0.0033438 0.0081449 0.0041829 0.0040493 0.0285384 0.0273514 0.0029412 0.0044737 0.0216735 0.0054545 0.0050527 0.0050330 0.0044221 0.0069462 0.0369673 0.0054122 0.0068112 0.0050814 0.0051640 0.0071739 0.0070206 0.0059559 0.0057519 0.0148251 0.0077104 0.0206059 
EausAUS_HTT      0.0118544 0.0405313 0.0209774 0.0092517 0.0072450 0.0062663 0.0076526 0.0122776 0.0028515 0.0068757 0.0076809 0.0858008 0.0376460 0.0762274 0.0204576 0.0080776 0.0329623 0.0226011 0.0207074 0.0200638 0.0215442 0.0000000 0.0708365 0.0073391 0.0031480 0.0067366 0.0465329 0.0211637 0.0288684 0.0193974 0.0169707 0.0552801 0.0200112 0.0283285 0.0265950 0.0242662 0.0336931 0.0181493 0.0184089 0.0198380 0.0207982 0.0198354 0.0190617 0.0199718 0.0277466 0.0225265 0.0173522 0.0321377 0.0371591 0.0142142 0.0178188 0.0126706 0.0151867 0.0163952 0.0165368 0.0211170 0.0180951 0.0173301 0.0155158 0.0159673 0.0213144 0.0219179 0.0932082 0.0175108 0.0206078 0.0194134 0.0210231 0.0182119 0.0234063 0.0212894 0.0198226 0.0228885 0.0202907 0.0203855 0.0219843 0.0369243 0.0203033 0.0199331 0.0198963 0.0181590 0.0223532 0.0524273 0.0201003 0.0223810 0.0190837 0.0193915 0.0191441 0.0191463 0.0205852 0.0195896 0.0163858 0.0215450 0.0167385 
Ecab_HTT         0.0801135 0.0885734 0.0847402 0.0765255 0.0738927 0.0714756 0.0744828 0.0804106 0.0754017 0.0743850 0.0740697 0.1068937 0.0914915 0.1026168 0.0786077 0.0712630 0.0956192 0.0829884 0.0791948 0.0805874 0.0814866 0.0708365 0.0000000 0.0812043 0.0819482 0.0752629 0.1056024 0.0780734 0.0899889 0.0798940 0.0852982 0.0835104 0.0763630 0.0887586 0.0801077 0.0824325 0.0899099 0.0780997 0.0759607 0.0808349 0.0850718 0.0787858 0.0747166 0.0791643 0.1125467 0.0673120 0.0751219 0.1021448 0.0898945 0.0679745 0.0792163 0.0600668 0.0698028 0.0714779 0.0684843 0.0807397 0.0885014 0.0764952 0.0721292 0.0802710 0.0982371 0.0792174 0.1142350 0.0757423 0.0793453 0.0803897 0.0745029 0.0815886 0.0668516 0.0780173 0.0796519 0.0798672 0.0697042 0.0742756 0.0799585 0.0890864 0.0789210 0.0790183 0.0786302 0.0779584 0.0847465 0.0884160 0.0790450 0.0810937 0.0829519 0.0767033 0.0793968 0.0774389 0.0785308 0.0738453 0.0790685 0.0807438 0.0655864 
Egla13086_HTT    0.0177950 0.0396020 0.0219578 0.0154816 0.0094288 0.0097101 0.0113600 0.0185840 0.0085260 0.0137677 0.0101795 0.0937653 0.0364718 0.0871103 0.0235890 0.0101290 0.0332457 0.0314904 0.0243590 0.0254869 0.0293903 0.0073391 0.0812043 0.0000000 0.0020459 0.0070978 0.0472247 0.0241550 0.0313025 0.0286069 0.0209381 0.0674503 0.0234908 0.0290263 0.0280489 0.0255156 0.0371447 0.0229968 0.0224988 0.0279045 0.0214167 0.0298074 0.0221563 0.0227480 0.0527828 0.0252894 0.0221299 0.0332699 0.0321909 0.0176006 0.0218101 0.0147725 0.0202033 0.0195675 0.0182400 0.0297973 0.0242685 0.0179268 0.0181143 0.0199612 0.0454682 0.0312157 0.0973218 0.0223288 0.0315595 0.0294257 0.0250333 0.0213745 0.0265965 0.0248686 0.0217338 0.0314182 0.0291797 0.0225241 0.0309745 0.0371216 0.0219962 0.0256776 0.0311632 0.0228666 0.0267552 0.0589284 0.0303904 0.0264550 0.0253487 0.0245169 0.0244694 0.0225181 0.0247510 0.0291546 0.0214232 0.0310083 0.0199257 
Ejap43864_HTT    0.0144857 0.0409254 0.0201408 0.0116962 0.0103411 0.0107209 0.0130762 0.0149090 0.0042985 0.0100822 0.0118369 0.0935967 0.0411301 0.0864189 0.0233070 0.0097354 0.0223490 0.0265355 0.0254774 0.0251441 0.0238333 0.0031480 0.0819482 0.0020459 0.0000000 0.0077954 0.0466412 0.0270035 0.0204592 0.0237861 0.0184175 0.0666585 0.0237845 0.0278448 0.0277266 0.0287059 0.0273546 0.0226751 0.0226682 0.0220992 0.0240236 0.0250335 0.0215875 0.0221039 0.0485791 0.0272134 0.0222320 0.0183219 0.0353864 0.0184173 0.0227464 0.0158910 0.0227379 0.0206325 0.0194641 0.0238458 0.0202641 0.0210959 0.0204138 0.0219868 0.0395409 0.0259056 0.1012700 0.0219232 0.0242008 0.0238063 0.0251669 0.0202369 0.0256423 0.0259263 0.0227073 0.0255585 0.0299107 0.0220370 0.0250406 0.0409631 0.0230901 0.0243874 0.0251001 0.0226661 0.0274635 0.0568637 0.0230398 0.0285388 0.0249842 0.0238794 0.0253138 0.0242126 0.0254720 0.0220156 0.0218035 0.0258855 0.0213084 
Erob133443_HTT   0.0090501 0.0423155 0.0199146 0.0097007 0.0091315 0.0090258 0.0090905 0.0094829 0.0078486 0.0066209 0.0088850 0.0908316 0.0385723 0.0793833 0.0220315 0.0095761 0.0364927 0.0274380 0.0277265 0.0263858 0.0246426 0.0067366 0.0752629 0.0070978 0.0077954 0.0000000 0.0521826 0.0253137 0.0319638 0.0232400 0.0209748 0.0611816 0.0213062 0.0317075 0.0314800 0.0273794 0.0383684 0.0205733 0.0191579 0.0227534 0.0222265 0.0241535 0.0215739 0.0201539 0.0317445 0.0299993 0.0226303 0.0362998 0.0363224 0.0200633 0.0215723 0.0165237 0.0199399 0.0215947 0.0203695 0.0246423 0.0169072 0.0223002 0.0209410 0.0211751 0.0253457 0.0260243 0.0969601 0.0239300 0.0244065 0.0232606 0.0241453 0.0209045 0.0217306 0.0255531 0.0215382 0.0274933 0.0242797 0.0211038 0.0255742 0.0432871 0.0238027 0.0224887 0.0250743 0.0212668 0.0281478 0.0611312 0.0236787 0.0266267 0.0243662 0.0242319 0.0262987 0.0227755 0.0262003 0.0249110 0.0218785 0.0255385 0.0219246 
Fatt_HTT         0.0497977 0.0392909 0.0458049 0.0496862 0.0460705 0.0440312 0.0492646 0.0507996 0.0461572 0.0457581 0.0461828 0.1175208 0.0568881 0.1112247 0.0278867 0.0448713 0.0250982 0.0260143 0.0263908 0.0263218 0.0256451 0.0465329 0.1056024 0.0472247 0.0466412 0.0521826 0.0000000 0.0267531 0.0229497 0.0221591 0.0424824 0.0886188 0.0463477 0.0514564 0.0572405 0.0306846 0.0029487 0.0289950 0.0301053 0.0265218 0.0269749 0.0238989 0.0252148 0.0278519 0.0683124 0.0580103 0.0487925 0.0501815 0.0734485 0.0431573 0.0467442 0.0721497 0.0513118 0.0494873 0.0512548 0.0252240 0.0626163 0.0463235 0.0474262 0.0448661 0.0453973 0.0284394 0.1274257 0.0233796 0.0262484 0.0221790 0.0151610 0.0242544 0.0552209 0.0063988 0.0225362 0.0467826 0.0825506 0.0286796 0.0269323 0.0600686 0.0250274 0.0306059 0.0026012 0.0017983 0.0271634 0.1024594 0.0263357 0.0040657 0.0258587 0.0275942 0.0272027 0.0279098 0.0249931 0.0267534 0.0410466 0.0252459 0.0489583 
Ggri_HTT         0.0289890 0.0378107 0.0210792 0.0283932 0.0230740 0.0252936 0.0272080 0.0298283 0.0252854 0.0255433 0.0212777 0.0923700 0.0219354 0.0860962 0.0070714 0.0242900 0.0155787 0.0053761 0.0050424 0.0049242 0.0076020 0.0211637 0.0780734 0.0241550 0.0270035 0.0253137 0.0267531 0.0000000 0.0137001 0.0033973 0.0188472 0.0656208 0.0149963 0.0304844 0.0321557 0.0086686 0.0149153 0.0062977 0.0048846 0.0045579 0.0067246 0.0049203 0.0046596 0.0051605 0.0385879 0.0263286 0.0224905 0.0396068 0.0386341 0.0174483 0.0231231 0.0183609 0.0182343 0.0218629 0.0183665 0.0072216 0.0370580 0.0227441 0.0217643 0.0207630 0.0226866 0.0090461 0.1010653 0.0029172 0.0046914 0.0034001 0.0166794 0.0039446 0.0101414 0.0087715 0.0038245 0.0249605 0.0234444 0.0063703 0.0087513 0.0263146 0.0045438 0.0025419 0.0016115 0.0035869 0.0064536 0.0356106 0.0046155 0.0037695 0.0046852 0.0025354 0.0053657 0.0056377 0.0049132 0.0040083 0.0158407 0.0060752 0.0222828 
Gmac39091_HTT    0.0352628 0.0601850 0.0284224 0.0323335 0.0188092 0.0177445 0.0188326 0.0361863 0.0314651 0.0182239 0.0293663 0.0999130 0.0349374 0.0938521 0.0041449 0.0173675 0.0020575 0.0123740 0.0125811 0.0123290 0.0120709 0.0288684 0.0899889 0.0313025 0.0204592 0.0319638 0.0229497 0.0137001 0.0000000 0.0096210 0.0288878 0.0755769 0.0277383 0.0398903 0.0426536 0.0153156 0.0017205 0.0034062 0.0139234 0.0121675 0.0020573 0.0116619 0.0117893 0.0132751 0.0512664 0.0370298 0.0202118 0.0302316 0.0486505 0.0262181 0.0203660 0.0376772 0.0317119 0.0308977 0.0308792 0.0120772 0.0382126 0.0189813 0.0300662 0.0277049 0.0301264 0.0150685 0.1098943 0.0102341 0.0120844 0.0100342 0.0256400 0.0008474 0.0271609 0.0150109 0.0004138 0.0342234 0.0249475 0.0140107 0.0145387 0.0375937 0.0117103 0.0138302 0.0115171 0.0004285 0.0139116 0.0627153 0.0119908 0.0136625 0.0016932 0.0125760 0.0130383 0.0017801 0.0017147 0.0119918 0.0251135 0.0129128 0.0299776 
Gmel_HTT         0.0287018 0.0350232 0.0231547 0.0253604 0.0184095 0.0211610 0.0241498 0.0290599 0.0241812 0.0231531 0.0185956 0.0903679 0.0187250 0.0852503 0.0040604 0.0209899 0.0118045 0.0022841 0.0019460 0.0019136 0.0054346 0.0193974 0.0798940 0.0286069 0.0237861 0.0232400 0.0221591 0.0033973 0.0096210 0.0000000 0.0172290 0.0654824 0.0129940 0.0296457 0.0309036 0.0069304 0.0115368 0.0032318 0.0017600 0.0014787 0.0035322 0.0022280 0.0019303 0.0021052 0.0423541 0.0219693 0.0199452 0.0355904 0.0404443 0.0146514 0.0212824 0.0149402 0.0183886 0.0185906 0.0177476 0.0054370 0.0324687 0.0204596 0.0187331 0.0176275 0.0227310 0.0059855 0.0982578 0.0000010 0.0019046 0.0009535 0.0142368 0.0008327 0.0073971 0.0053323 0.0008053 0.0267136 0.0238291 0.0029430 0.0060809 0.0206357 0.0019364 0.0018286 0.0011536 0.0003999 0.0034559 0.0307865 0.0015365 0.0027853 0.0015570 0.0015806 0.0030041 0.0024610 0.0019730 0.0012243 0.0138971 0.0028699 0.0200185 
Hamp_HTT         0.0250553 0.0321383 0.0068396 0.0227900 0.0201790 0.0191379 0.0221151 0.0267963 0.0212959 0.0210840 0.0193371 0.0858117 0.0402005 0.0829333 0.0199774 0.0191057 0.0301582 0.0204073 0.0200079 0.0199757 0.0172591 0.0169707 0.0852982 0.0209381 0.0184175 0.0209748 0.0424824 0.0188472 0.0288878 0.0172290 0.0000000 0.0602695 0.0262067 0.0290527 0.0292356 0.0242022 0.0312929 0.0186544 0.0170009 0.0190845 0.0212671 0.0180447 0.0182987 0.0178919 0.0466522 0.0114726 0.0046516 0.0176466 0.0207832 0.0050819 0.0051830 0.0026365 0.0045882 0.0029868 0.0041061 0.0184911 0.0314026 0.0027408 0.0032633 0.0034733 0.0380861 0.0200879 0.0961873 0.0170404 0.0190503 0.0176515 0.0214310 0.0185100 0.0196518 0.0207585 0.0180230 0.0239169 0.0226017 0.0194762 0.0193053 0.0422380 0.0189988 0.0188619 0.0196427 0.0181502 0.0206946 0.0550743 0.0195620 0.0204794 0.0198004 0.0196889 0.0195368 0.0189956 0.0196502 0.0187254 0.0047768 0.0201502 0.0062854 
Hippo_HTT        0.0654499 0.0804346 0.0684060 0.0647986 0.0635249 0.0617894 0.0625471 0.0661944 0.0607226 0.0594647 0.0595305 0.0920907 0.0798837 0.0851193 0.0641372 0.0610071 0.0797203 0.0713831 0.0662398 0.0681494 0.0659050 0.0552801 0.0835104 0.0674503 0.0666585 0.0611816 0.0886188 0.0656208 0.0755769 0.0654824 0.0602695 0.0000000 0.0634265 0.0681965 0.0678529 0.0707962 0.0784642 0.0666630 0.0603031 0.0687772 0.0709790 0.0654887 0.0631027 0.0637965 0.0945992 0.0588922 0.0597136 0.0783139 0.0778199 0.0585180 0.0626583 0.0594611 0.0591704 0.0565157 0.0536066 0.0662763 0.0696169 0.0596123 0.0553474 0.0610844 0.0862384 0.0679060 0.0955048 0.0634819 0.0666410 0.0659479 0.0659568 0.0644496 0.0661846 0.0669717 0.0649523 0.0642359 0.0592999 0.0623590 0.0674845 0.0863158 0.0671190 0.0676965 0.0673775 0.0648286 0.0715096 0.0929178 0.0679925 0.0681055 0.0680588 0.0660026 0.0679748 0.0675269 0.0681718 0.0624574 0.0638665 0.0671872 0.0545322 
Igeo_HTT         0.0259383 0.0423747 0.0233116 0.0253819 0.0253837 0.0239948 0.0242434 0.0259774 0.0228063 0.0210503 0.0218006 0.0916984 0.0333427 0.0834646 0.0173355 0.0239574 0.0312451 0.0151685 0.0152859 0.0168995 0.0158381 0.0200112 0.0763630 0.0234908 0.0237845 0.0213062 0.0463477 0.0149963 0.0277383 0.0129940 0.0262067 0.0634265 0.0000000 0.0378936 0.0330091 0.0190982 0.0274758 0.0168131 0.0134183 0.0146797 0.0165785 0.0139438 0.0139482 0.0150558 0.0380664 0.0271302 0.0255102 0.0476888 0.0395320 0.0220699 0.0284664 0.0151026 0.0245808 0.0235485 0.0219602 0.0158476 0.0345952 0.0233462 0.0230006 0.0241135 0.0285951 0.0168877 0.0977652 0.0145175 0.0163136 0.0139615 0.0108613 0.0156827 0.0134835 0.0172282 0.0153748 0.0290569 0.0290880 0.0137368 0.0168112 0.0354369 0.0150467 0.0152349 0.0147146 0.0139112 0.0160967 0.0430407 0.0163173 0.0168403 0.0145611 0.0145281 0.0155784 0.0161006 0.0173466 0.0140067 0.0214192 0.0163433 0.0218830 
Kbre_HTT         0.0345759 0.0559739 0.0296922 0.0331190 0.0270121 0.0265502 0.0292106 0.0354500 0.0292348 0.0260409 0.0293910 0.0952560 0.0479555 0.0861507 0.0297909 0.0263996 0.0429583 0.0331963 0.0333177 0.0340055 0.0313361 0.0283285 0.0887586 0.0290263 0.0278448 0.0317075 0.0514564 0.0304844 0.0398903 0.0296457 0.0290527 0.0681965 0.0378936 0.0000000 0.0088270 0.0360255 0.0408084 0.0274436 0.0321706 0.0323034 0.0323406 0.0288025 0.0291553 0.0311014 0.0519570 0.0381813 0.0295152 0.0462811 0.0465989 0.0300878 0.0299444 0.0305350 0.0301933 0.0321023 0.0332332 0.0305874 0.0420603 0.0288042 0.0291997 0.0294782 0.0454356 0.0323471 0.1025357 0.0290080 0.0315375 0.0300957 0.0325923 0.0287111 0.0404420 0.0305367 0.0282200 0.0224371 0.0205774 0.0310211 0.0313257 0.0504239 0.0316712 0.0324078 0.0290933 0.0278558 0.0347715 0.0782189 0.0330038 0.0324905 0.0324968 0.0322960 0.0327803 0.0309061 0.0306032 0.0304796 0.0289810 0.0313320 0.0328639 
Ksim_HTT         0.0351037 0.0514075 0.0291270 0.0341501 0.0269558 0.0293236 0.0290868 0.0355854 0.0278166 0.0259971 0.0273208 0.0949818 0.0465162 0.0836173 0.0301154 0.0288201 0.0449675 0.0341109 0.0343363 0.0342645 0.0331752 0.0265950 0.0801077 0.0280489 0.0277266 0.0314800 0.0572405 0.0321557 0.0426536 0.0309036 0.0292356 0.0678529 0.0330091 0.0088270 0.0000000 0.0354483 0.0424458 0.0289624 0.0300495 0.0323976 0.0319714 0.0296040 0.0292575 0.0311232 0.0359125 0.0351473 0.0291416 0.0474828 0.0448900 0.0271798 0.0294077 0.0258665 0.0260900 0.0309440 0.0300284 0.0323776 0.0425154 0.0281284 0.0285304 0.0290446 0.0321437 0.0328269 0.1028678 0.0306462 0.0322876 0.0313580 0.0318406 0.0310093 0.0375968 0.0318142 0.0309140 0.0217829 0.0213875 0.0306368 0.0323012 0.0483350 0.0323131 0.0334482 0.0300376 0.0298335 0.0350418 0.0698445 0.0334006 0.0328053 0.0328902 0.0329492 0.0347130 0.0329179 0.0325726 0.0300436 0.0277687 0.0322188 0.0303606 
Lacu_HTT         0.0306514 0.0454248 0.0209820 0.0264892 0.0232598 0.0236931 0.0238563 0.0316031 0.0287216 0.0237331 0.0238144 0.0987363 0.0266726 0.0917960 0.0104350 0.0242750 0.0197773 0.0077347 0.0091417 0.0079805 0.0110812 0.0242662 0.0824325 0.0255156 0.0287059 0.0273794 0.0306846 0.0086686 0.0153156 0.0069304 0.0242022 0.0707962 0.0190982 0.0360255 0.0354483 0.0000000 0.0190476 0.0081891 0.0075954 0.0069686 0.0070486 0.0081722 0.0085335 0.0094772 0.0507096 0.0299555 0.0240359 0.0414441 0.0396303 0.0190617 0.0267554 0.0240520 0.0236148 0.0233564 0.0228752 0.0106703 0.0350494 0.0238558 0.0241776 0.0223494 0.0296378 0.0115115 0.1093265 0.0071304 0.0077582 0.0073532 0.0190633 0.0059898 0.0156427 0.0099744 0.0066418 0.0295043 0.0285671 0.0087283 0.0123357 0.0315385 0.0073362 0.0079940 0.0082436 0.0046180 0.0095310 0.0437715 0.0071838 0.0077040 0.0067494 0.0087299 0.0081528 0.0069540 0.0083675 0.0069854 0.0211349 0.0098462 0.0234404 
Lalb_HTT         0.0392938 0.0602221 0.0326236 0.0400039 0.0207393 0.0233467 0.0270525 0.0405610 0.0365267 0.0240729 0.0336561 0.1046398 0.0402028 0.0975840 0.0062108 0.0227581 0.0037568 0.0143402 0.0140887 0.0145095 0.0152069 0.0336931 0.0899099 0.0371447 0.0273546 0.0383684 0.0029487 0.0149153 0.0017205 0.0115368 0.0312929 0.0784642 0.0274758 0.0408084 0.0424458 0.0190476 0.0000000 0.0055627 0.0163941 0.0140078 0.0042277 0.0135763 0.0147354 0.0162858 0.0550930 0.0405943 0.0232554 0.0352803 0.0548334 0.0294135 0.0244213 0.0394567 0.0341386 0.0357663 0.0353506 0.0148062 0.0459686 0.0229668 0.0343614 0.0324795 0.0330348 0.0162188 0.1121953 0.0123631 0.0147285 0.0115466 0.0270017 0.0027073 0.0326407 0.0166728 0.0021397 0.0364259 0.0270176 0.0157383 0.0156019 0.0393981 0.0135700 0.0160634 0.0124333 0.0022051 0.0155494 0.0669264 0.0140445 0.0140778 0.0034931 0.0138609 0.0150540 0.0039645 0.0032756 0.0139960 0.0268186 0.0144093 0.0356393 
Laus_HTT         0.0271372 0.0411365 0.0201633 0.0226131 0.0186666 0.0217836 0.0215114 0.0276410 0.0225549 0.0211210 0.0159184 0.0906227 0.0183491 0.0826176 0.0013085 0.0209310 0.0058178 0.0052565 0.0053813 0.0056193 0.0073082 0.0181493 0.0780997 0.0229968 0.0226751 0.0205733 0.0289950 0.0062977 0.0034062 0.0032318 0.0186544 0.0666630 0.0168131 0.0274436 0.0289624 0.0081891 0.0055627 0.0000000 0.0019713 0.0051224 0.0057182 0.0020147 0.0021388 0.0022863 0.0229410 0.0269171 0.0210028 0.0219620 0.0364541 0.0168976 0.0226695 0.0179647 0.0197447 0.0222067 0.0192553 0.0077185 0.0322953 0.0213621 0.0218397 0.0208171 0.0090294 0.0086869 0.0984419 0.0030190 0.0042254 0.0040475 0.0160966 0.0046210 0.0103556 0.0085886 0.0040507 0.0220189 0.0255774 0.0065588 0.0085475 0.0247515 0.0048704 0.0058189 0.0041441 0.0030044 0.0069940 0.0362308 0.0051369 0.0060166 0.0044062 0.0054827 0.0054815 0.0052120 0.0053552 0.0040858 0.0163391 0.0052715 0.0202213 
Lbor_HTT         0.0269439 0.0290364 0.0160796 0.0217500 0.0196374 0.0189618 0.0216071 0.0265002 0.0210175 0.0185896 0.0177697 0.0864211 0.0148098 0.0795639 0.0024352 0.0187594 0.0167767 0.0039104 0.0038728 0.0043138 0.0048616 0.0184089 0.0759607 0.0224988 0.0226682 0.0191579 0.0301053 0.0048846 0.0139234 0.0017600 0.0170009 0.0603031 0.0134183 0.0321706 0.0300495 0.0075954 0.0163941 0.0019713 0.0000000 0.0032596 0.0038967 0.0008783 0.0009448 0.0018731 0.0185508 0.0216939 0.0193929 0.0401096 0.0257284 0.0133826 0.0209330 0.0166661 0.0176212 0.0169650 0.0160687 0.0048614 0.0307876 0.0194213 0.0180455 0.0167320 0.0062568 0.0058682 0.0987485 0.0009694 0.0023763 0.0022028 0.0152844 0.0030951 0.0079103 0.0057400 0.0025284 0.0236999 0.0229241 0.0053193 0.0062092 0.0179462 0.0028612 0.0031354 0.0029425 0.0023889 0.0058175 0.0239173 0.0038049 0.0043755 0.0028974 0.0034096 0.0033180 0.0034353 0.0040121 0.0019894 0.0132405 0.0039764 0.0146864 
Lhos30470_HTT    0.0276568 0.0342859 0.0254321 0.0252358 0.0190479 0.0221807 0.0248239 0.0284643 0.0220170 0.0213953 0.0179806 0.0944081 0.0209173 0.0879376 0.0057891 0.0220720 0.0117085 0.0019736 0.0012731 0.0020387 0.0059531 0.0198380 0.0808349 0.0279045 0.0220992 0.0227534 0.0265218 0.0045579 0.0121675 0.0014787 0.0190845 0.0687772 0.0146797 0.0323034 0.0323976 0.0069686 0.0140078 0.0051224 0.0032596 0.0000000 0.0012518 0.0033395 0.0037626 0.0041358 0.0391832 0.0239024 0.0223084 0.0386839 0.0427267 0.0165999 0.0231853 0.0165406 0.0198568 0.0207916 0.0195764 0.0063317 0.0335408 0.0209787 0.0201798 0.0194058 0.0210878 0.0077129 0.0996620 0.0017146 0.0037511 0.0022230 0.0152153 0.0027167 0.0084857 0.0065399 0.0022294 0.0253539 0.0265003 0.0047884 0.0074639 0.0217167 0.0016359 0.0024107 0.0024707 0.0021324 0.0041517 0.0322188 0.0008018 0.0021145 0.0024697 0.0016331 0.0019765 0.0008578 0.0008627 0.0008733 0.0156370 0.0029683 0.0197301 
Lhos452_HTT      0.0293256 0.0394010 0.0201557 0.0246161 0.0208520 0.0215191 0.0216764 0.0297719 0.0234365 0.0232667 0.0208988 0.0954899 0.0242239 0.0898445 0.0077065 0.0196297 0.0019891 0.0016332 0.0021218 0.0016589 0.0067068 0.0207982 0.0850718 0.0214167 0.0240236 0.0222265 0.0269749 0.0067246 0.0020573 0.0035322 0.0212671 0.0709790 0.0165785 0.0323406 0.0319714 0.0070486 0.0042277 0.0057182 0.0038967 0.0012518 0.0000000 0.0051163 0.0054362 0.0060212 0.0449507 0.0252684 0.0230596 0.0233837 0.0373897 0.0168519 0.0233967 0.0183481 0.0202740 0.0196431 0.0206175 0.0067104 0.0356013 0.0224281 0.0208026 0.0205499 0.0237519 0.0086103 0.1065175 0.0034324 0.0042789 0.0035351 0.0166761 0.0030616 0.0108106 0.0063797 0.0037872 0.0264487 0.0289941 0.0055849 0.0079009 0.0248577 0.0008054 0.0015139 0.0046959 0.0027035 0.0045128 0.0348289 0.0004173 0.0017136 0.0029580 0.0026291 0.0016318 0.0008539 0.0016561 0.0009005 0.0176810 0.0035363 0.0200018 
Lobl_HTT         0.0290794 0.0358084 0.0244595 0.0253861 0.0184174 0.0211700 0.0246131 0.0294384 0.0252387 0.0235700 0.0181738 0.0898189 0.0171646 0.0850919 0.0020226 0.0214129 0.0134151 0.0042028 0.0039078 0.0042287 0.0070557 0.0198354 0.0787858 0.0298074 0.0250335 0.0241535 0.0238989 0.0049203 0.0116619 0.0022280 0.0180447 0.0654887 0.0139438 0.0288025 0.0296040 0.0081722 0.0135763 0.0020147 0.0008783 0.0033395 0.0051163 0.0000000 0.0003848 0.0008391 0.0431317 0.0234115 0.0195071 0.0366474 0.0415502 0.0155144 0.0230171 0.0164127 0.0183886 0.0200452 0.0182211 0.0070587 0.0333597 0.0217399 0.0204964 0.0192462 0.0237925 0.0069959 0.0976778 0.0019769 0.0034360 0.0025503 0.0155430 0.0029243 0.0073971 0.0068726 0.0024229 0.0263559 0.0229984 0.0042150 0.0070548 0.0221863 0.0031037 0.0041333 0.0034762 0.0020064 0.0053957 0.0318318 0.0034704 0.0047938 0.0039086 0.0031708 0.0052781 0.0041178 0.0039610 0.0032765 0.0147266 0.0038333 0.0200275 
