84
Bacu_MYH2         0.0000000 0.0173272 0.0127315 0.0078123 0.0136788 0.0050465 0.0051415 0.0063716 0.0120563 0.0043180 0.0081141 0.0178770 0.0229444 0.0122435 0.0140137 0.0150412 0.0156287 0.0141116 0.0168029 0.0261346 0.0122329 0.0104093 0.0074997 0.0164411 0.0101403 0.0103915 0.0216181 0.0185393 0.0210048 0.0200899 0.0116155 0.0151979 0.0124684 0.0179726 0.0144486 0.0346801 0.0287764 0.0289941 0.0197185 0.0166132 0.0123916 0.2384813 0.0125808 0.0154641 0.0176033 0.0316629 0.0162679 0.0103282 0.0218709 0.0298553 0.0132139 0.0204828 0.0170088 0.0193609 0.0119236 0.0169880 0.0187689 0.0087111 0.0114913 0.2320155 0.0175102 0.0081461 0.0197434 0.0149982 0.0331888 0.0326572 0.0193451 0.0168667 0.0150777 0.0140465 0.0126832 0.0118892 0.0281193 0.0146690 0.0187486 0.0226313 0.0175084 0.0258025 0.0855768 0.0148195 0.0157479 0.2328547 0.0092516 0.0178491 
Barn_MYH2         0.0173272 0.0000000 0.0078369 0.0209098 0.0167678 0.0167678 0.0128191 0.0252620 0.0277644 0.0224136 0.0207160 0.0232250 0.0219879 0.0298415 0.0185012 0.0184831 0.0142087 0.0167822 0.0267435 0.0228300 0.0251993 0.0160346 0.0212934 0.0261477 0.0126418 0.0182601 0.0193559 0.0183121 0.0232491 0.0277539 0.0159480 0.0211539 0.0159073 0.0197013 0.0160911 0.0173671 0.0223912 0.0305160 0.0225033 0.0196335 0.0167822 0.2292214 0.0180045 0.0128180 0.0156443 0.0241897 0.0164179 0.0160743 0.0190859 0.0180045 0.0208632 0.0195583 0.0262436 0.0186893 0.0114046 0.0194739 0.0249771 0.0182601 0.0182601 0.2278334 0.0206492 0.0159051 0.0350974 0.0261477 0.0407162 0.0288191 0.0247718 0.0262399 0.0262308 0.0167822 0.0167822 0.0167822 0.0265050 0.0159051 0.0272770 0.0208057 0.0247383 0.0246560 0.1796519 0.0167822 0.0196274 0.2232598 0.0109748 0.0181150 
Bbai76728_MYH2    0.0127315 0.0078369 0.0000000 0.0196661 0.0266552 0.0176069 0.0161493 0.0175484 0.0186320 0.0156026 0.0171561 0.0222895 0.0201081 0.0207384 0.0168960 0.0158344 0.0142646 0.0166701 0.0220484 0.0346608 0.0205079 0.0133568 0.0186399 0.0238141 0.0132595 0.0145323 0.0192020 0.0112142 0.0209898 0.0208154 0.0119199 0.0156425 0.0166029 0.0207821 0.0166096 0.0377461 0.0294525 0.0349350 0.0178677 0.0194154 0.0177473 0.2284748 0.0085193 0.0114120 0.0097596 0.0229499 0.0120081 0.0129165 0.0139187 0.0268187 0.0143824 0.0184420 0.0189578 0.0105757 0.0087652 0.0139192 0.0214739 0.0162549 0.0161246 0.2200390 0.0172888 0.0151771 0.0252456 0.0233912 0.0389497 0.0349757 0.0175188 0.0192789 0.0228705 0.0183693 0.0151652 0.0157342 0.0259793 0.0142855 0.0242413 0.0249006 0.0220347 0.0229355 0.0881661 0.0156953 0.0187133 0.2208429 0.0050256 0.0137800 
BbonAUS_MYH2      0.0078123 0.0209098 0.0196661 0.0000000 0.0053755 0.0057990 0.0019778 0.0137179 0.0224404 0.0109810 0.0039717 0.0180943 0.0239503 0.0142704 0.0141190 0.0194116 0.0118447 0.0142434 0.0174971 0.0244073 0.0168346 0.0201761 0.0075391 0.0253592 0.0122355 0.0164280 0.0165332 0.0208814 0.0217649 0.0226966 0.0191576 0.0225222 0.0219051 0.0177278 0.0200840 0.0225164 0.0188089 0.0199640 0.0227955 0.0176650 0.0138357 0.2787963 0.0137016 0.0144525 0.0243503 0.0355366 0.0129074 0.0097851 0.0217778 0.0147860 0.0132184 0.0197920 0.0146896 0.0200896 0.0198758 0.0154213 0.0273828 0.0175374 0.0121085 0.2685024 0.0179941 0.0109951 0.0204970 0.0165624 0.0321431 0.0285590 0.0165334 0.0207470 0.0173150 0.0124042 0.0123827 0.0210416 0.0259735 0.0191493 0.0186322 0.0141047 0.0179467 0.0212660 0.1083456 0.0141902 0.0165225 0.2695091 0.0157389 0.0188033 
Bbor_MYH2         0.0136788 0.0167678 0.0266552 0.0053755 0.0000000 0.0016740 0.0018231 0.0136987 0.0232586 0.0121702 0.0058416 0.0235859 0.0288090 0.0111229 0.0190470 0.0267315 0.0190930 0.0188847 0.0206090 0.0378206 0.0137283 0.0214459 0.0054067 0.0282404 0.0106451 0.0221049 0.0207726 0.0241150 0.0245053 0.0218242 0.0234045 0.0263501 0.0244567 0.0179149 0.0281149 0.0430996 0.0264913 0.0243004 0.0292088 0.0206418 0.0182619 0.2646623 0.0204041 0.0186617 0.0258154 0.0353016 0.0148645 0.0124558 0.0240826 0.0362883 0.0186482 0.0231747 0.0205985 0.0271413 0.0247980 0.0212289 0.0375319 0.0204432 0.0148042 0.2532309 0.0225420 0.0125731 0.0263717 0.0178256 0.0268305 0.0522042 0.0295244 0.0333126 0.0185633 0.0171531 0.0148042 0.0220814 0.0331878 0.0248067 0.0208943 0.0184460 0.0278829 0.0285043 0.1125798 0.0188847 0.0195438 0.2542549 0.0237826 0.0254166 
Bede66737_MYH2    0.0050465 0.0167678 0.0176069 0.0057990 0.0016740 0.0000000 0.0000010 0.0050545 0.0154858 0.0033663 0.0083128 0.0187931 0.0266971 0.0118122 0.0172518 0.0156825 0.0172930 0.0171374 0.0186611 0.0323593 0.0126731 0.0141433 0.0038216 0.0186846 0.0106419 0.0125660 0.0200875 0.0125243 0.0220094 0.0218242 0.0137009 0.0165332 0.0147774 0.0158929 0.0185930 0.0414915 0.0204267 0.0244722 0.0180835 0.0188525 0.0164057 0.2420897 0.0178075 0.0155059 0.0163686 0.0353016 0.0098337 0.0103330 0.0199107 0.0341535 0.0167165 0.0199693 0.0172373 0.0120275 0.0139872 0.0168092 0.0277306 0.0108134 0.0147735 0.2349429 0.0198961 0.0107348 0.0222673 0.0157788 0.0287957 0.0445701 0.0233491 0.0216454 0.0185633 0.0153809 0.0147735 0.0137175 0.0285469 0.0153552 0.0199801 0.0181407 0.0247129 0.0238482 0.1094713 0.0171043 0.0195438 0.2321869 0.0113894 0.0230742 
BedeAUS_MYH2      0.0051415 0.0128191 0.0161493 0.0019778 0.0018231 0.0000010 0.0000000 0.0086104 0.0122288 0.0068836 0.0097947 0.0137887 0.0183898 0.0100565 0.0098461 0.0110270 0.0098241 0.0097717 0.0077814 0.0284364 0.0078535 0.0088126 0.0058823 0.0073185 0.0070285 0.0073185 0.0130463 0.0121445 0.0203524 0.0154907 0.0136949 0.0138956 0.0079841 0.0097717 0.0173618 0.0407490 0.0157050 0.0110586 0.0129045 0.0117275 0.0083906 0.2561388 0.0104230 0.0098122 0.0099260 0.0314596 0.0110947 0.0088123 0.0172962 0.0291466 0.0137864 0.0112013 0.0132944 0.0170180 0.0101777 0.0138678 0.0191976 0.0073600 0.0063858 0.2469370 0.0116232 0.0058221 0.0140573 0.0058221 0.0258532 0.0365292 0.0065883 0.0116378 0.0119617 0.0058221 0.0099460 0.0100411 0.0298245 0.0120981 0.0093449 0.0122639 0.0121728 0.0166531 0.1061710 0.0128259 0.0142303 0.2481485 0.0113607 0.0204354 
Bmus49099_MYH2    0.0063716 0.0252620 0.0175484 0.0137179 0.0136987 0.0050545 0.0086104 0.0000000 0.0142678 0.0038189 0.0085852 0.0189187 0.0210817 0.0131186 0.0214873 0.0206568 0.0227108 0.0212257 0.0250485 0.0261441 0.0136528 0.0156910 0.0080233 0.0231447 0.0148895 0.0156973 0.0250287 0.0181332 0.0249391 0.0226429 0.0155580 0.0159909 0.0178299 0.0240888 0.0128039 0.0393275 0.0334152 0.0374206 0.0181641 0.0162200 0.0207772 0.2539939 0.0139557 0.0210032 0.0210856 0.0261077 0.0149600 0.0126006 0.0244071 0.0338791 0.0195521 0.0191996 0.0213298 0.0196001 0.0181321 0.0219776 0.0235722 0.0142527 0.0192359 0.2454922 0.0229438 0.0135586 0.0198216 0.0207265 0.0322119 0.0340558 0.0268721 0.0226137 0.0220283 0.0210910 0.0181016 0.0170691 0.0331878 0.0192799 0.0254307 0.0285329 0.0281299 0.0327451 0.0915099 0.0199745 0.0227834 0.2463835 0.0141549 0.0242336 
Bmys_MYH2         0.0120563 0.0277644 0.0186320 0.0224404 0.0232586 0.0154858 0.0122288 0.0142678 0.0000000 0.0120397 0.0131300 0.0230048 0.0323472 0.0170125 0.0222088 0.0221784 0.0230468 0.0206892 0.0256556 0.0153826 0.0026599 0.0016995 0.0120834 0.0234009 0.0144401 0.0165997 0.0249224 0.0187282 0.0321190 0.0283549 0.0197509 0.0215487 0.0173802 0.0244333 0.0195568 0.0365193 0.0337576 0.0376631 0.0246529 0.0246007 0.0172336 0.2557957 0.0200225 0.0216669 0.0210580 0.0319810 0.0193746 0.0147473 0.0270111 0.0398409 0.0218132 0.0247725 0.0236979 0.0216169 0.0196823 0.0250702 0.0245496 0.0147124 0.0200922 0.2493791 0.0235491 0.0132582 0.0277634 0.0209803 0.0318063 0.0391532 0.0274416 0.0249399 0.0217778 0.0205927 0.0176665 0.0172902 0.0358338 0.0189183 0.0259870 0.0279195 0.0226982 0.0318233 0.0929988 0.0194978 0.0212966 0.2501477 0.0174556 0.0256422 
Bphy_MYH2         0.0043180 0.0224136 0.0156026 0.0109810 0.0121702 0.0033663 0.0068836 0.0038189 0.0120397 0.0000000 0.0032218 0.0212121 0.0265913 0.0106798 0.0187817 0.0177919 0.0209543 0.0188571 0.0219601 0.0279638 0.0122215 0.0139396 0.0059799 0.0214830 0.0121660 0.0134123 0.0232024 0.0171107 0.0230164 0.0252685 0.0136027 0.0167669 0.0156028 0.0220713 0.0177110 0.0363586 0.0318888 0.0339891 0.0228374 0.0212481 0.0171255 0.2411003 0.0162088 0.0194224 0.0208860 0.0298008 0.0162496 0.0124435 0.0267980 0.0337344 0.0182685 0.0247009 0.0235495 0.0193754 0.0179674 0.0217284 0.0221100 0.0116266 0.0165070 0.2346395 0.0219319 0.0114521 0.0243682 0.0188330 0.0306443 0.0357057 0.0252689 0.0215742 0.0194158 0.0187702 0.0158557 0.0153531 0.0316940 0.0173793 0.0222489 0.0259380 0.0225439 0.0295205 0.0896430 0.0177844 0.0192485 0.2354684 0.0132746 0.0224177 
Bphy_baits_MYH2   0.0081141 0.0207160 0.0171561 0.0039717 0.0058416 0.0083128 0.0097947 0.0085852 0.0131300 0.0032218 0.0000000 0.0245770 0.0296458 0.0094611 0.0169666 0.0195517 0.0170917 0.0178483 0.0167436 0.0283626 0.0139559 0.0071470 0.0086608 0.0137855 0.0077054 0.0129570 0.0181534 0.0156294 0.0250340 0.0253972 0.0175157 0.0187089 0.0151473 0.0191785 0.0216859 0.0413024 0.0209666 0.0187595 0.0243566 0.0207531 0.0178185 0.2392371 0.0194622 0.0162069 0.0192751 0.0315755 0.0201914 0.0169505 0.0216338 0.0373410 0.0206013 0.0214476 0.0228471 0.0229316 0.0144076 0.0270698 0.0266560 0.0130031 0.0100495 0.2360262 0.0190593 0.0117875 0.0234351 0.0117993 0.0244583 0.0366602 0.0247937 0.0223082 0.0175963 0.0158135 0.0099782 0.0130231 0.0405630 0.0173478 0.0168458 0.0175970 0.0280981 0.0316030 0.1132584 0.0165862 0.0142684 0.2334669 0.0214625 0.0251624 
Ccom40_MYH2       0.0178770 0.0232250 0.0222895 0.0180943 0.0235859 0.0187931 0.0137887 0.0189187 0.0230048 0.0212121 0.0245770 0.0000000 0.0145271 0.0220183 0.0091012 0.0086409 0.0126779 0.0076956 0.0161250 0.0353802 0.0229973 0.0189411 0.0220515 0.0172249 0.0049564 0.0126535 0.0206877 0.0187319 0.0286961 0.0081731 0.0164140 0.0128745 0.0104725 0.0212061 0.0045677 0.0277712 0.0118521 0.0140870 0.0072720 0.0054766 0.0038320 0.2244192 0.0087076 0.0138170 0.0214170 0.0417174 0.0114964 0.0107850 0.0182047 0.0251764 0.0100376 0.0138770 0.0113365 0.0192642 0.0154368 0.0154599 0.0096229 0.0072603 0.0058898 0.2226444 0.0111349 0.0096206 0.0158352 0.0194162 0.0348866 0.0304699 0.0120094 0.0093176 0.0090168 0.0115260 0.0063064 0.0041864 0.0247779 0.0053984 0.0120192 0.0069317 0.0153892 0.0145202 0.1127346 0.0076956 0.0071689 0.2199570 0.0117659 0.0209165 
Chea7320_MYH2     0.0229444 0.0219879 0.0201081 0.0239503 0.0288090 0.0266971 0.0183898 0.0210817 0.0323472 0.0265913 0.0296458 0.0145271 0.0000000 0.0242189 0.0183379 0.0183252 0.0162999 0.0151344 0.0180919 0.0492706 0.0323348 0.0279053 0.0216078 0.0172100 0.0171949 0.0198121 0.0263025 0.0236879 0.0301569 0.0175309 0.0188794 0.0166087 0.0186493 0.0185520 0.0120826 0.0499059 0.0151664 0.0145553 0.0112435 0.0102740 0.0183568 0.2158139 0.0145976 0.0193243 0.0230801 0.0273790 0.0139796 0.0163832 0.0180475 0.0321883 0.0203050 0.0180318 0.0178624 0.0234768 0.0209558 0.0176113 0.0174103 0.0181681 0.0176905 0.2090826 0.0145674 0.0182671 0.0223502 0.0191592 0.0392717 0.0406974 0.0082720 0.0151804 0.0239418 0.0169692 0.0165656 0.0144330 0.0373972 0.0145587 0.0126815 0.0173703 0.0162286 0.0203717 0.1208823 0.0151344 0.0187532 0.2058941 0.0092071 0.0185189 
Cmar59905_MYH2    0.0122435 0.0298415 0.0207384 0.0142704 0.0111229 0.0118122 0.0100565 0.0131186 0.0170125 0.0106798 0.0094611 0.0220183 0.0242189 0.0000000 0.0187703 0.0202470 0.0179598 0.0177529 0.0248827 0.0205524 0.0180471 0.0183658 0.0113349 0.0248906 0.0122061 0.0146808 0.0182548 0.0192615 0.0268999 0.0225282 0.0160362 0.0241644 0.0172995 0.0268553 0.0202158 0.0279026 0.0233003 0.0248496 0.0227679 0.0196253 0.0178306 0.2626972 0.0205500 0.0231074 0.0220890 0.0237668 0.0165367 0.0124211 0.0297021 0.0212749 0.0224427 0.0269639 0.0252903 0.0214039 0.0236206 0.0162436 0.0245364 0.0159210 0.0165374 0.2581534 0.0251114 0.0141518 0.0290913 0.0227864 0.0257176 0.0205856 0.0239672 0.0242171 0.0208276 0.0159315 0.0149462 0.0147286 0.0275702 0.0173791 0.0228733 0.0176334 0.0226090 0.0257492 0.0996484 0.0166207 0.0165140 0.2557245 0.0181514 0.0265998 
Dcap108471_MYH2   0.0140137 0.0185012 0.0168960 0.0141190 0.0190470 0.0172518 0.0098461 0.0214873 0.0222088 0.0187817 0.0169666 0.0091012 0.0183379 0.0187703 0.0000000 0.0000010 0.0000010 0.0016032 0.0151329 0.0371341 0.0199111 0.0165124 0.0147093 0.0123510 0.0042470 0.0047975 0.0125446 0.0137476 0.0241341 0.0124316 0.0173910 0.0121692 0.0034552 0.0099758 0.0092723 0.0337518 0.0086981 0.0134554 0.0067950 0.0077354 0.0051439 0.2404528 0.0130428 0.0146754 0.0175414 0.0425829 0.0142954 0.0125896 0.0198987 0.0340326 0.0133021 0.0187114 0.0137326 0.0122644 0.0152980 0.0170445 0.0139204 0.0048262 0.0032741 0.2357071 0.0105825 0.0050771 0.0166174 0.0130697 0.0297670 0.0298807 0.0078470 0.0086187 0.0089558 0.0048168 0.0034587 0.0055112 0.0286813 0.0032029 0.0123893 0.0037521 0.0084184 0.0059468 0.0829046 0.0016003 0.0059695 0.2331570 0.0109561 0.0219607 
Dcap79929_MYH2    0.0150412 0.0184831 0.0158344 0.0194116 0.0267315 0.0156825 0.0110270 0.0206568 0.0221784 0.0177919 0.0195517 0.0086409 0.0183252 0.0202470 0.0000010 0.0000000 0.0000010 0.0015604 0.0154210 0.0362639 0.0212926 0.0180039 0.0165635 0.0115336 0.0040037 0.0044626 0.0120528 0.0120876 0.0243401 0.0124316 0.0139723 0.0108800 0.0031124 0.0098775 0.0086299 0.0299298 0.0175488 0.0209607 0.0059331 0.0078785 0.0052023 0.2795683 0.0146704 0.0137186 0.0163855 0.0402210 0.0146046 0.0127643 0.0196814 0.0322152 0.0153490 0.0164190 0.0130460 0.0101714 0.0146636 0.0164077 0.0135439 0.0043396 0.0033352 0.2705447 0.0097820 0.0050388 0.0167318 0.0129490 0.0371816 0.0264468 0.0091649 0.0077285 0.0086080 0.0046955 0.0033644 0.0050338 0.0226703 0.0028849 0.0118178 0.0125228 0.0078226 0.0053479 0.0759132 0.0015577 0.0058344 0.2714158 0.0097391 0.0227160 
DdelSJR_MYH2      0.0156287 0.0142087 0.0142646 0.0118447 0.0190930 0.0172930 0.0098241 0.0227108 0.0230468 0.0209543 0.0170917 0.0126779 0.0162999 0.0179598 0.0000010 0.0000010 0.0000000 0.0000010 0.0150872 0.0423543 0.0205088 0.0164738 0.0136661 0.0112123 0.0042368 0.0053295 0.0119147 0.0182265 0.0240785 0.0109403 0.0163215 0.0128980 0.0018147 0.0059321 0.0073519 0.0372648 0.0073354 0.0131349 0.0071546 0.0050998 0.0036260 0.2588476 0.0128210 0.0157223 0.0185768 0.0409481 0.0099447 0.0125599 0.0168607 0.0349361 0.0131360 0.0151293 0.0124901 0.0170194 0.0162873 0.0132101 0.0172905 0.0035953 0.0018334 0.2512999 0.0099517 0.0035766 0.0167589 0.0118950 0.0355112 0.0318214 0.0086157 0.0077651 0.0079709 0.0050532 0.0018296 0.0039009 0.0292947 0.0016884 0.0120056 0.0019966 0.0061156 0.0042301 0.0867188 0.0000010 0.0042973 0.2484549 0.0135377 0.0194028 
Ddeltrop4525_MYH2 0.0141116 0.0167822 0.0166701 0.0142434 0.0188847 0.0171374 0.0097717 0.0212257 0.0206892 0.0188571 0.0178483 0.0076956 0.0151344 0.0177529 0.0016032 0.0015604 0.0000010 0.0000000 0.0140411 0.0372248 0.0183432 0.0163815 0.0139007 0.0104412 0.0040206 0.0050095 0.0110974 0.0144593 0.0238940 0.0098456 0.0171152 0.0128335 0.0016383 0.0098775 0.0092063 0.0296987 0.0068639 0.0122282 0.0050192 0.0047784 0.0033770 0.2689848 0.0132687 0.0155875 0.0155700 0.0399098 0.0123851 0.0124882 0.0216872 0.0340331 0.0139909 0.0153028 0.0113376 0.0121343 0.0173943 0.0140365 0.0139925 0.0032278 0.0017094 0.2640156 0.0088402 0.0050191 0.0183919 0.0128919 0.0294842 0.0313110 0.0098511 0.0072490 0.0068226 0.0030612 0.0016421 0.0036140 0.0258932 0.0015827 0.0111027 0.0018466 0.0051607 0.0037651 0.0791346 0.0000010 0.0037755 0.2613936 0.0095119 0.0216418 
Dleu_MYH2         0.0168029 0.0267435 0.0220484 0.0174971 0.0206090 0.0186611 0.0077814 0.0250485 0.0256556 0.0219601 0.0167436 0.0161250 0.0180919 0.0248827 0.0151329 0.0154210 0.0150872 0.0140411 0.0000000 0.0417551 0.0252241 0.0206544 0.0201592 0.0068319 0.0194504 0.0158348 0.0235661 0.0169778 0.0339449 0.0198154 0.0127205 0.0192070 0.0171451 0.0097565 0.0129688 0.0457601 0.0086088 0.0098446 0.0148363 0.0149638 0.0131169 0.2529480 0.0147078 0.0187833 0.0171431 0.0500631 0.0086653 0.0082521 0.0279487 0.0356721 0.0098518 0.0265017 0.0090444 0.0096792 0.0168863 0.0099006 0.0183469 0.0122524 0.0144809 0.2475908 0.0153257 0.0168267 0.0215747 0.0071990 0.0380626 0.0391994 0.0150674 0.0103971 0.0177982 0.0140025 0.0132891 0.0141485 0.0420141 0.0122188 0.0068741 0.0145322 0.0110999 0.0201140 0.1073909 0.0140135 0.0179288 0.2447979 0.0071242 0.0197644 
EausAUS_MYH2      0.0261346 0.0228300 0.0346608 0.0244073 0.0378206 0.0323593 0.0284364 0.0261441 0.0153826 0.0279638 0.0283626 0.0353802 0.0492706 0.0205524 0.0371341 0.0362639 0.0423543 0.0372248 0.0417551 0.0000000 0.0137494 0.0018359 0.0301958 0.0422044 0.0167305 0.0333590 0.0463146 0.0334218 0.0508728 0.0252819 0.0185913 0.0358275 0.0347782 0.0421857 0.0323945 0.0245706 0.0556862 0.0597349 0.0358673 0.0348517 0.0352324 0.2884629 0.0349696 0.0184711 0.0341989 0.0346337 0.0313871 0.0305875 0.0245046 0.0370526 0.0335549 0.0181291 0.0211422 0.0438360 0.0170427 0.0384910 0.0410451 0.0224532 0.0184296 0.2772282 0.0227072 0.0323801 0.0293119 0.0452536 0.0524006 0.0271106 0.0298417 0.0365903 0.0167498 0.0391400 0.0184839 0.0159173 0.0382911 0.0338366 0.0453398 0.0519803 0.0582570 0.0517139 0.1142459 0.0371341 0.0211302 0.2781846 0.0314231 0.0442633 
Egla13086_MYH2    0.0122329 0.0251993 0.0205079 0.0168346 0.0137283 0.0126731 0.0078535 0.0136528 0.0026599 0.0122215 0.0139559 0.0229973 0.0323348 0.0180471 0.0199111 0.0212926 0.0205088 0.0183432 0.0252241 0.0137494 0.0000000 0.0019559 0.0111632 0.0229071 0.0144639 0.0178520 0.0242247 0.0212629 0.0323465 0.0283397 0.0162299 0.0209017 0.0161424 0.0244233 0.0198845 0.0386450 0.0248874 0.0291254 0.0265549 0.0224844 0.0164807 0.2705497 0.0195010 0.0196705 0.0221791 0.0323325 0.0205075 0.0112207 0.0269844 0.0395131 0.0211891 0.0226778 0.0229791 0.0254503 0.0200637 0.0246480 0.0277760 0.0157924 0.0175576 0.2658148 0.0239315 0.0132542 0.0277545 0.0209725 0.0256332 0.0433138 0.0291187 0.0246868 0.0195695 0.0182240 0.0161100 0.0188018 0.0322899 0.0189263 0.0272489 0.0195510 0.0201429 0.0299147 0.1138182 0.0182799 0.0180367 0.2635699 0.0198683 0.0263429 
Ejap43864_MYH2    0.0104093 0.0160346 0.0133568 0.0201761 0.0214459 0.0141433 0.0088126 0.0156910 0.0016995 0.0139396 0.0071470 0.0189411 0.0279053 0.0183658 0.0165124 0.0180039 0.0164738 0.0163815 0.0206544 0.0018359 0.0019559 0.0000000 0.0108186 0.0207959 0.0129626 0.0097788 0.0187049 0.0147696 0.0269417 0.0221440 0.0161347 0.0187858 0.0150291 0.0170666 0.0162298 0.0237404 0.0342262 0.0365998 0.0167487 0.0184325 0.0131167 0.2750868 0.0132053 0.0183629 0.0129197 0.0398514 0.0134861 0.0128214 0.0244670 0.0194192 0.0157537 0.0206394 0.0178847 0.0160076 0.0157490 0.0190623 0.0267404 0.0098281 0.0142148 0.2636257 0.0205436 0.0107606 0.0270687 0.0196913 0.0363112 0.0285869 0.0237909 0.0202678 0.0151170 0.0142563 0.0142563 0.0118412 0.0382911 0.0159634 0.0210511 0.0276428 0.0169826 0.0250751 0.1085433 0.0163437 0.0195181 0.2647518 0.0156777 0.0262547 
Erob133443_MYH2   0.0074997 0.0212934 0.0186399 0.0075391 0.0054067 0.0038216 0.0058823 0.0080233 0.0120834 0.0059799 0.0086608 0.0220515 0.0216078 0.0113349 0.0147093 0.0165635 0.0136661 0.0139007 0.0201592 0.0301958 0.0111632 0.0108186 0.0000000 0.0160462 0.0109932 0.0089768 0.0168475 0.0188595 0.0266026 0.0249224 0.0123613 0.0202440 0.0112719 0.0194145 0.0157383 0.0401943 0.0192457 0.0222075 0.0188642 0.0157464 0.0144745 0.2681339 0.0222770 0.0225027 0.0195649 0.0340268 0.0162246 0.0096366 0.0294190 0.0432645 0.0158419 0.0245866 0.0180609 0.0184601 0.0231694 0.0198169 0.0274721 0.0104252 0.0117476 0.2668279 0.0214433 0.0086604 0.0254707 0.0140221 0.0270005 0.0434936 0.0220612 0.0176022 0.0184261 0.0103994 0.0123538 0.0138129 0.0317542 0.0155773 0.0202252 0.0153696 0.0172788 0.0232679 0.1064162 0.0147376 0.0157092 0.2643847 0.0137351 0.0184175 
Fatt_MYH2         0.0164411 0.0261477 0.0238141 0.0253592 0.0282404 0.0186846 0.0073185 0.0231447 0.0234009 0.0214830 0.0137855 0.0172249 0.0172100 0.0248906 0.0123510 0.0115336 0.0112123 0.0104412 0.0068319 0.0422044 0.0229071 0.0207959 0.0160462 0.0000000 0.0144108 0.0102205 0.0186995 0.0184089 0.0338450 0.0227658 0.0135469 0.0206074 0.0086439 0.0077590 0.0084557 0.0430446 0.0147454 0.0145616 0.0118872 0.0122067 0.0111799 0.2816297 0.0214944 0.0203356 0.0193283 0.0500698 0.0110441 0.0124484 0.0280072 0.0442475 0.0139524 0.0237128 0.0090385 0.0108898 0.0185191 0.0140255 0.0179007 0.0067792 0.0095152 0.2711115 0.0163448 0.0111262 0.0209696 0.0017833 0.0437092 0.0356237 0.0181640 0.0066865 0.0165451 0.0069181 0.0075087 0.0091657 0.0421506 0.0080736 0.0051817 0.0192550 0.0110800 0.0177574 0.0881334 0.0104208 0.0110707 0.2720962 0.0104830 0.0234880 
Ggri_MYH2         0.0101403 0.0126418 0.0132595 0.0122355 0.0106451 0.0106419 0.0070285 0.0148895 0.0144401 0.0121660 0.0077054 0.0049564 0.0171949 0.0122061 0.0042470 0.0040037 0.0042368 0.0040206 0.0194504 0.0167305 0.0144639 0.0129626 0.0109932 0.0144108 0.0000000 0.0020837 0.0069614 0.0149405 0.0213942 0.0090773 0.0109251 0.0115458 0.0040348 0.0119249 0.0093579 0.0142794 0.0118402 0.0143600 0.0063289 0.0063352 0.0045792 0.2843896 0.0151641 0.0146000 0.0149047 0.0373058 0.0090159 0.0081445 0.0214244 0.0109145 0.0142882 0.0157225 0.0119880 0.0136545 0.0163681 0.0143903 0.0162544 0.0020000 0.0020930 0.2775211 0.0109387 0.0020930 0.0207837 0.0144449 0.0257571 0.0208772 0.0102012 0.0100394 0.0055032 0.0019994 0.0019994 0.0000010 0.0260040 0.0020943 0.0120662 0.0025832 0.0114029 0.0073770 0.1067842 0.0040115 0.0023712 0.2740109 0.0122116 0.0249459 
Gmac39091_MYH2    0.0103915 0.0182601 0.0145323 0.0164280 0.0221049 0.0125660 0.0073185 0.0156973 0.0165997 0.0134123 0.0129570 0.0126535 0.0198121 0.0146808 0.0047975 0.0044626 0.0053295 0.0050095 0.0158348 0.0333590 0.0178520 0.0097788 0.0089768 0.0102205 0.0020837 0.0000000 0.0073310 0.0157694 0.0238048 0.0123128 0.0081728 0.0083232 0.0033184 0.0138813 0.0088744 0.0355753 0.0209295 0.0233488 0.0077911 0.0080196 0.0053491 0.2781139 0.0172773 0.0123724 0.0184385 0.0370982 0.0140807 0.0110342 0.0198987 0.0329899 0.0138609 0.0183026 0.0096782 0.0152878 0.0109340 0.0158897 0.0178168 0.0014732 0.0016920 0.2667856 0.0091412 0.0000010 0.0130555 0.0092402 0.0342034 0.0269307 0.0076807 0.0083006 0.0066482 0.0016457 0.0017951 0.0033304 0.0286813 0.0031054 0.0134587 0.0128733 0.0136897 0.0118123 0.0807425 0.0050001 0.0041977 0.2677187 0.0140422 0.0209206 
Gmel_MYH2         0.0216181 0.0193559 0.0192020 0.0165332 0.0207726 0.0200875 0.0130463 0.0250287 0.0249224 0.0232024 0.0181534 0.0206877 0.0263025 0.0182548 0.0125446 0.0120528 0.0119147 0.0110974 0.0235661 0.0463146 0.0242247 0.0187049 0.0168475 0.0186995 0.0069614 0.0073310 0.0000000 0.0213277 0.0244693 0.0187446 0.0182445 0.0216712 0.0092973 0.0240633 0.0162017 0.0370673 0.0160870 0.0260297 0.0148115 0.0118223 0.0111041 0.2484767 0.0271899 0.0162088 0.0263281 0.0395612 0.0137751 0.0177375 0.0141735 0.0433803 0.0215225 0.0237668 0.0068491 0.0159996 0.0162510 0.0192708 0.0229697 0.0093401 0.0076199 0.2452843 0.0143278 0.0056142 0.0123977 0.0177284 0.0267125 0.0304841 0.0152168 0.0172295 0.0049256 0.0072950 0.0056074 0.0085836 0.0149802 0.0078876 0.0254779 0.0098204 0.0239207 0.0107378 0.0997238 0.0104004 0.0084062 0.2427867 0.0190362 0.0248387 
Hamp_MYH2         0.0185393 0.0183121 0.0112142 0.0208814 0.0241150 0.0125243 0.0121445 0.0181332 0.0187282 0.0171107 0.0156294 0.0187319 0.0236879 0.0192615 0.0137476 0.0120876 0.0182265 0.0144593 0.0169778 0.0334218 0.0212629 0.0147696 0.0188595 0.0184089 0.0149405 0.0157694 0.0213277 0.0000000 0.0246872 0.0219572 0.0088187 0.0143338 0.0144210 0.0159182 0.0119698 0.0427937 0.0251311 0.0286865 0.0160882 0.0157577 0.0135347 0.2718940 0.0042608 0.0019035 0.0000010 0.0239713 0.0016417 0.0000010 0.0080205 0.0218790 0.0054990 0.0092597 0.0122855 0.0018766 0.0016008 0.0070328 0.0218137 0.0126571 0.0128899 0.2610367 0.0187254 0.0144269 0.0217856 0.0201366 0.0414418 0.0328125 0.0212055 0.0135982 0.0196389 0.0181013 0.0128119 0.0144458 0.0288116 0.0104888 0.0180645 0.0223969 0.0217032 0.0243449 0.0952859 0.0135477 0.0171316 0.2619643 0.0099768 0.0171566 
Hippo_MYH2        0.0210048 0.0232491 0.0209898 0.0217649 0.0245053 0.0220094 0.0203524 0.0249391 0.0321190 0.0230164 0.0250340 0.0286961 0.0301569 0.0268999 0.0241341 0.0243401 0.0240785 0.0238940 0.0339449 0.0508728 0.0323465 0.0269417 0.0266026 0.0338450 0.0213942 0.0238048 0.0244693 0.0246872 0.0000000 0.0317293 0.0287860 0.0304647 0.0239690 0.0289493 0.0246753 0.0525903 0.0289239 0.0362784 0.0246212 0.0242184 0.0238533 0.2474651 0.0238536 0.0279256 0.0216447 0.0473390 0.0211941 0.0227188 0.0278287 0.0462910 0.0220884 0.0291704 0.0224893 0.0210335 0.0205434 0.0249081 0.0341058 0.0239654 0.0216530 0.2482391 0.0266071 0.0238048 0.0327956 0.0338450 0.0419935 0.0550930 0.0275303 0.0284230 0.0269674 0.0238723 0.0221607 0.0239966 0.0382179 0.0227460 0.0341212 0.0266113 0.0390614 0.0287808 0.1305613 0.0241544 0.0288046 0.2431624 0.0168147 0.0211818 
Igeo_MYH2         0.0200899 0.0277539 0.0208154 0.0226966 0.0218242 0.0218242 0.0154907 0.0226429 0.0283549 0.0252685 0.0253972 0.0081731 0.0175309 0.0225282 0.0124316 0.0124316 0.0109403 0.0098456 0.0198154 0.0252819 0.0283397 0.0221440 0.0249224 0.0227658 0.0090773 0.0123128 0.0187446 0.0219572 0.0317293 0.0000000 0.0167732 0.0183428 0.0110694 0.0289305 0.0187112 0.0248889 0.0167037 0.0198208 0.0098545 0.0098545 0.0108270 0.2709929 0.0134334 0.0194944 0.0222108 0.0474145 0.0140514 0.0151179 0.0282779 0.0112368 0.0167676 0.0203838 0.0196876 0.0173531 0.0216824 0.0198815 0.0123000 0.0098266 0.0098545 0.2647781 0.0053781 0.0123487 0.0175759 0.0256750 0.0366391 0.0200628 0.0114854 0.0167974 0.0131709 0.0098266 0.0098266 0.0073325 0.0369472 0.0098266 0.0199541 0.0098545 0.0152558 0.0147640 0.0074699 0.0098456 0.0085780 0.2655148 0.0097040 0.0264615 
Kbre_MYH2         0.0116155 0.0159480 0.0119199 0.0191576 0.0234045 0.0137009 0.0136949 0.0155580 0.0197509 0.0136027 0.0175157 0.0164140 0.0188794 0.0160362 0.0173910 0.0139723 0.0163215 0.0171152 0.0127205 0.0185913 0.0162299 0.0161347 0.0123613 0.0135469 0.0109251 0.0081728 0.0182445 0.0088187 0.0287860 0.0167732 0.0000000 0.0044480 0.0170100 0.0174958 0.0209477 0.0161258 0.0242080 0.0218219 0.0144195 0.0192567 0.0161846 0.2895060 0.0058421 0.0073575 0.0125089 0.0337699 0.0135700 0.0114145 0.0116484 0.0054897 0.0170529 0.0153434 0.0208217 0.0112759 0.0090228 0.0171615 0.0154783 0.0102553 0.0148919 0.2755035 0.0185005 0.0090340 0.0185647 0.0090340 0.0320482 0.0210332 0.0000010 0.0164388 0.0164407 0.0148919 0.0148919 0.0102553 0.0298245 0.0136701 0.0107412 0.0290318 0.0158901 0.0196904 0.1125188 0.0170741 0.0133242 0.2779984 0.0106542 0.0243844 
Ksim_MYH2         0.0151979 0.0211539 0.0156425 0.0225222 0.0263501 0.0165332 0.0138956 0.0159909 0.0215487 0.0167669 0.0187089 0.0128745 0.0166087 0.0241644 0.0121692 0.0108800 0.0128980 0.0128335 0.0192070 0.0358275 0.0209017 0.0187858 0.0202440 0.0206074 0.0115458 0.0083232 0.0216712 0.0143338 0.0304647 0.0183428 0.0044480 0.0000000 0.0146183 0.0150907 0.0109080 0.0363870 0.0290003 0.0310021 0.0083530 0.0121842 0.0128139 0.2337959 0.0102367 0.0167963 0.0144597 0.0388098 0.0113839 0.0112245 0.0212223 0.0321212 0.0093402 0.0161862 0.0161247 0.0110311 0.0157556 0.0144059 0.0215134 0.0084002 0.0111620 0.2262472 0.0141049 0.0095980 0.0194468 0.0196090 0.0368730 0.0371981 0.0105246 0.0137633 0.0122221 0.0127966 0.0119416 0.0096534 0.0334344 0.0112465 0.0174816 0.0223690 0.0186597 0.0175112 0.1029643 0.0128071 0.0165931 0.2283155 0.0117910 0.0194194 
Lacu_MYH2         0.0124684 0.0159073 0.0166029 0.0219051 0.0244567 0.0147774 0.0079841 0.0178299 0.0173802 0.0156028 0.0151473 0.0104725 0.0186493 0.0172995 0.0034552 0.0031124 0.0018147 0.0016383 0.0171451 0.0347782 0.0161424 0.0150291 0.0112719 0.0086439 0.0040348 0.0033184 0.0092973 0.0144210 0.0239690 0.0110694 0.0170100 0.0146183 0.0000000 0.0130359 0.0110112 0.0328137 0.0195548 0.0231777 0.0066852 0.0068609 0.0054925 0.2917120 0.0172332 0.0173202 0.0161051 0.0416888 0.0134611 0.0137504 0.0251971 0.0378960 0.0170801 0.0169691 0.0126245 0.0131101 0.0160647 0.0171770 0.0155034 0.0016068 0.0018472 0.2815272 0.0095819 0.0036042 0.0180482 0.0119979 0.0354985 0.0312043 0.0138871 0.0090323 0.0075984 0.0016379 0.0017696 0.0036028 0.0263320 0.0031802 0.0134251 0.0132436 0.0087830 0.0061839 0.0786306 0.0016353 0.0041250 0.2824396 0.0113757 0.0255632 
Lalb_MYH2         0.0179726 0.0197013 0.0207821 0.0177278 0.0179149 0.0158929 0.0097717 0.0240888 0.0244333 0.0220713 0.0191785 0.0212061 0.0185520 0.0268553 0.0099758 0.0098775 0.0059321 0.0098775 0.0097565 0.0421857 0.0244233 0.0170666 0.0194145 0.0077590 0.0119249 0.0138813 0.0240633 0.0159182 0.0289493 0.0289305 0.0174958 0.0150907 0.0130359 0.0000000 0.0097564 0.0506921 0.0077905 0.0097506 0.0159310 0.0159509 0.0150251 0.2717592 0.0176414 0.0175706 0.0196113 0.0519465 0.0139109 0.0110726 0.0200217 0.0453289 0.0158947 0.0230922 0.0161084 0.0121343 0.0168481 0.0159533 0.0221490 0.0139630 0.0130858 0.2651442 0.0190916 0.0139130 0.0247818 0.0077590 0.0393018 0.0461742 0.0170855 0.0104114 0.0248799 0.0138813 0.0130529 0.0152945 0.0359969 0.0118741 0.0078199 0.0144494 0.0092558 0.0169571 0.1190282 0.0098775 0.0184309 0.2618486 0.0080507 0.0225886 
Laus_MYH2         0.0144486 0.0160911 0.0166096 0.0200840 0.0281149 0.0185930 0.0173618 0.0128039 0.0195568 0.0177110 0.0216859 0.0045677 0.0120826 0.0202158 0.0092723 0.0086299 0.0073519 0.0092063 0.0129688 0.0323945 0.0198845 0.0162298 0.0157383 0.0084557 0.0093579 0.0088744 0.0162017 0.0119698 0.0246753 0.0187112 0.0209477 0.0109080 0.0110112 0.0097564 0.0000000 0.0327749 0.0180688 0.0191291 0.0035363 0.0036539 0.0059110 0.2619201 0.0077581 0.0125430 0.0149117 0.0312732 0.0130860 0.0147834 0.0067979 0.0332223 0.0170499 0.0083678 0.0148471 0.0146130 0.0132746 0.0171465 0.0128242 0.0089687 0.0079981 0.2496463 0.0130428 0.0097290 0.0140822 0.0097290 0.0434236 0.0273205 0.0032525 0.0070569 0.0149823 0.0091324 0.0074445 0.0097487 0.0298245 0.0064007 0.0093331 0.0171088 0.0151380 0.0165155 0.0902116 0.0085995 0.0109593 0.2507682 0.0124154 0.0255359 
Lbor_MYH2         0.0346801 0.0173671 0.0377461 0.0225164 0.0430996 0.0414915 0.0407490 0.0393275 0.0365193 0.0363586 0.0413024 0.0277712 0.0499059 0.0279026 0.0337518 0.0299298 0.0372648 0.0296987 0.0457601 0.0245706 0.0386450 0.0237404 0.0401943 0.0430446 0.0142794 0.0355753 0.0370673 0.0427937 0.0525903 0.0248889 0.0161258 0.0363870 0.0328137 0.0506921 0.0327749 0.0000000 0.0343560 0.0484482 0.0335303 0.0298004 0.0266965 0.2823905 0.0274067 0.0144700 0.0475612 0.0345125 0.0317587 0.0354444 0.0171952 0.0341095 0.0349588 0.0130378 0.0204797 0.0521000 0.0251216 0.0356449 0.0362340 0.0205792 0.0125513 0.2802616 0.0169173 0.0298351 0.0289023 0.0456511 0.0522442 0.0247123 0.0164239 0.0345929 0.0090981 0.0317469 0.0112969 0.0147214 0.0209555 0.0242826 0.0460203 0.0315121 0.0398063 0.0319997 0.1140072 0.0278731 0.0060011 0.2775646 0.0347937 0.0436308 
Lhos30470_MYH2    0.0287764 0.0223912 0.0294525 0.0188089 0.0264913 0.0204267 0.0157050 0.0334152 0.0337576 0.0318888 0.0209666 0.0118521 0.0151664 0.0233003 0.0086981 0.0175488 0.0073354 0.0068639 0.0086088 0.0556862 0.0248874 0.0342262 0.0192457 0.0147454 0.0118402 0.0209295 0.0160870 0.0251311 0.0289239 0.0167037 0.0242080 0.0290003 0.0195548 0.0077905 0.0180688 0.0343560 0.0000000 0.0048062 0.0180056 0.0085983 0.0073429 0.2753769 0.0143575 0.0161635 0.0289604 0.0428896 0.0097663 0.0124484 0.0152502 0.0352656 0.0139524 0.0189979 0.0105192 0.0240988 0.0278363 0.0132393 0.0222627 0.0173870 0.0075116 0.2641013 0.0132025 0.0110023 0.0194582 0.0072199 0.0349893 0.0409489 0.0079713 0.0146467 0.0134939 0.0068211 0.0051994 0.0188515 0.0350679 0.0132128 0.0069680 0.0088035 0.0081854 0.0121104 0.0978244 0.0064406 0.0040168 0.2650463 0.0205731 0.0238773 
Lhos452_MYH2      0.0289941 0.0305160 0.0349350 0.0199640 0.0243004 0.0244722 0.0110586 0.0374206 0.0376631 0.0339891 0.0187595 0.0140870 0.0145553 0.0248496 0.0134554 0.0209607 0.0131349 0.0122282 0.0098446 0.0597349 0.0291254 0.0365998 0.0222075 0.0145616 0.0143600 0.0233488 0.0260297 0.0286865 0.0362784 0.0198208 0.0218219 0.0310021 0.0231777 0.0097506 0.0191291 0.0484482 0.0048062 0.0000000 0.0226754 0.0151640 0.0130967 0.2742964 0.0173412 0.0213202 0.0307050 0.0526055 0.0123783 0.0124484 0.0279481 0.0384856 0.0149843 0.0263780 0.0136780 0.0248274 0.0320827 0.0169536 0.0237003 0.0199197 0.0126759 0.2640027 0.0194004 0.0168164 0.0254346 0.0090357 0.0357508 0.0482757 0.0150674 0.0146555 0.0178525 0.0121948 0.0113327 0.0187691 0.0420112 0.0165257 0.0016296 0.0113027 0.0082547 0.0177371 0.1044659 0.0122043 0.0088289 0.2650124 0.0224839 0.0254205 
Lobl_MYH2         0.0197185 0.0225033 0.0178677 0.0227955 0.0292088 0.0180835 0.0129045 0.0181641 0.0246529 0.0228374 0.0243566 0.0072720 0.0112435 0.0227679 0.0067950 0.0059331 0.0071546 0.0050192 0.0148363 0.0358673 0.0265549 0.0167487 0.0188642 0.0118872 0.0063289 0.0077911 0.0148115 0.0160882 0.0246212 0.0098545 0.0144195 0.0083530 0.0066852 0.0159310 0.0035363 0.0335303 0.0180056 0.0226754 0.0000000 0.0000010 0.0053492 0.2848105 0.0139903 0.0147491 0.0171064 0.0349637 0.0105396 0.0112575 0.0180313 0.0308043 0.0130706 0.0106041 0.0066931 0.0145732 0.0129748 0.0123335 0.0150089 0.0046740 0.0036123 0.2731590 0.0073019 0.0066988 0.0130640 0.0147789 0.0431027 0.0267260 0.0095882 0.0066191 0.0071753 0.0067101 0.0036123 0.0050146 0.0248318 0.0029624 0.0123754 0.0128861 0.0137101 0.0110849 0.0832677 0.0050192 0.0063347 0.2740797 0.0124621 0.0236473 
Lobs_MYH2         0.0166132 0.0196335 0.0194154 0.0176650 0.0206418 0.0188525 0.0117275 0.0162200 0.0246007 0.0212481 0.0207531 0.0054766 0.0102740 0.0196253 0.0077354 0.0078785 0.0050998 0.0047784 0.0149638 0.0348517 0.0224844 0.0184325 0.0157464 0.0122067 0.0063352 0.0080196 0.0118223 0.0157577 0.0242184 0.0098545 0.0192567 0.0121842 0.0068609 0.0159509 0.0036539 0.0298004 0.0085983 0.0151640 0.0000010 0.0000000 0.0050765 0.2358253 0.0131819 0.0147682 0.0157569 0.0334830 0.0101941 0.0126704 0.0187066 0.0342974 0.0152183 0.0114407 0.0090385 0.0123562 0.0153519 0.0129932 0.0135120 0.0064470 0.0049113 0.2312412 0.0086768 0.0064676 0.0149081 0.0147662 0.0280305 0.0278275 0.0073865 0.0086764 0.0090102 0.0047665 0.0034195 0.0054443 0.0261315 0.0030705 0.0141859 0.0035640 0.0130854 0.0098946 0.0862074 0.0047699 0.0057121 0.2287510 0.0105075 0.0229683 
LperAUS_MYH2      0.0123916 0.0167822 0.0177473 0.0138357 0.0182619 0.0164057 0.0083906 0.0207772 0.0172336 0.0171255 0.0178185 0.0038320 0.0183568 0.0178306 0.0051439 0.0052023 0.0036260 0.0033770 0.0131169 0.0352324 0.0164807 0.0131167 0.0144745 0.0111799 0.0045792 0.0053491 0.0111041 0.0135347 0.0238533 0.0108270 0.0161846 0.0128139 0.0054925 0.0150251 0.0059110 0.0266965 0.0073429 0.0130967 0.0053492 0.0050765 0.0000000 0.2116967 0.0101641 0.0145278 0.0147612 0.0428981 0.0098672 0.0112525 0.0200095 0.0345635 0.0111781 0.0183986 0.0113161 0.0106399 0.0152135 0.0131121 0.0123351 0.0035782 0.0018245 0.2115763 0.0115749 0.0053491 0.0185210 0.0138606 0.0310122 0.0337157 0.0066686 0.0077853 0.0071792 0.0033744 0.0018245 0.0038808 0.0287535 0.0016841 0.0119417 0.0019815 0.0110116 0.0085265 0.0913973 0.0033770 0.0042728 0.2090777 0.0090482 0.0188799 
Lvex_MYH2         0.2384813 0.2292214 0.2284748 0.2787963 0.2646623 0.2420897 0.2561388 0.2539939 0.2557957 0.2411003 0.2392371 0.2244192 0.2158139 0.2626972 0.2404528 0.2795683 0.2588476 0.2689848 0.2529480 0.2884629 0.2705497 0.2750868 0.2681339 0.2816297 0.2843896 0.2781139 0.2484767 0.2718940 0.2474651 0.2709929 0.2895060 0.2337959 0.2917120 0.2717592 0.2619201 0.2823905 0.2753769 0.2742964 0.2848105 0.2358253 0.2116967 0.0000000 0.2514835 0.2763354 0.2797807 0.2498771 0.2592399 0.2567870 0.2380367 0.2205403 0.2270232 0.2621195 0.2384448 0.2995529 0.2741478 0.2236386 0.2425488 0.2873036 0.2412722 0.0141521 0.2207313 0.2500680 0.2755140 0.2793679 0.2698023 0.2713228 0.2162235 0.2614142 0.2985095 0.2796439 0.2700804 0.2774022 0.2600035 0.2504154 0.2623641 0.2719878 0.3412596 0.3395405 0.3752275 0.2661699 0.2941894 0.0119335 0.1935321 0.1853934 
Mbid_MYH2         0.0125808 0.0180045 0.0085193 0.0137016 0.0204041 0.0178075 0.0104230 0.0139557 0.0200225 0.0162088 0.0194622 0.0087076 0.0145976 0.0205500 0.0130428 0.0146704 0.0128210 0.0132687 0.0147078 0.0349696 0.0195010 0.0132053 0.0222770 0.0214944 0.0151641 0.0172773 0.0271899 0.0042608 0.0238536 0.0134334 0.0058421 0.0102367 0.0172332 0.0176414 0.0077581 0.0274067 0.0143575 0.0173412 0.0139903 0.0131819 0.0101641 0.2514835 0.0000000 0.0000010 0.0025285 0.0136412 0.0041982 0.0028318 0.0082047 0.0185468 0.0023601 0.0000010 0.0136255 0.0070709 0.0024713 0.0073166 0.0125022 0.0145284 0.0119407 0.2467956 0.0149134 0.0163100 0.0212982 0.0242389 0.0380936 0.0385250 0.0198326 0.0120190 0.0177622 0.0177886 0.0135499 0.0129937 0.0345071 0.0106796 0.0172863 0.0132249 0.0177845 0.0203871 0.1388799 0.0122593 0.0135044 0.2467956 0.0024057 0.0077205 
Mbow_MYH2         0.0154641 0.0128180 0.0114120 0.0144525 0.0186617 0.0155059 0.0098122 0.0210032 0.0216669 0.0194224 0.0162069 0.0138170 0.0193243 0.0231074 0.0146754 0.0137186 0.0157223 0.0155875 0.0187833 0.0184711 0.0196705 0.0183629 0.0225027 0.0203356 0.0146000 0.0123724 0.0162088 0.0019035 0.0279256 0.0194944 0.0073575 0.0167963 0.0173202 0.0175706 0.0125430 0.0144700 0.0161635 0.0213202 0.0147491 0.0147682 0.0145278 0.2763354 0.0000010 0.0000000 0.0000010 0.0284912 0.0020932 0.0024279 0.0059230 0.0000010 0.0045382 0.0069476 0.0112687 0.0028918 0.0000010 0.0042400 0.0157168 0.0124093 0.0124020 0.2696726 0.0189283 0.0132924 0.0220733 0.0203356 0.0359932 0.0237009 0.0145681 0.0136794 0.0172235 0.0133158 0.0133158 0.0133158 0.0288116 0.0123967 0.0188501 0.0166192 0.0179556 0.0200986 0.1333023 0.0155875 0.0162611 0.2663932 0.0043435 0.0190308 
Mcar_MYH2         0.0176033 0.0156443 0.0097596 0.0243503 0.0258154 0.0163686 0.0099260 0.0210856 0.0210580 0.0208860 0.0192751 0.0214170 0.0230801 0.0220890 0.0175414 0.0163855 0.0185768 0.0155700 0.0171431 0.0341989 0.0221791 0.0129197 0.0195649 0.0193283 0.0149047 0.0184385 0.0263281 0.0000010 0.0216447 0.0222108 0.0125089 0.0144597 0.0161051 0.0196113 0.0149117 0.0475612 0.0289604 0.0307050 0.0171064 0.0157569 0.0147612 0.2797807 0.0025285 0.0000010 0.0000000 0.0288253 0.0000010 0.0000010 0.0113745 0.0219939 0.0036981 0.0075965 0.0124949 0.0021289 0.0000010 0.0037192 0.0262388 0.0134823 0.0149446 0.2674606 0.0201602 0.0163609 0.0267058 0.0223271 0.0462849 0.0416272 0.0266441 0.0163618 0.0217037 0.0190218 0.0149525 0.0145530 0.0334104 0.0128476 0.0193850 0.0248701 0.0220907 0.0263824 0.1002179 0.0155398 0.0198268 0.2684712 0.0074858 0.0154217 
Mden_MYH2         0.0316629 0.0241897 0.0229499 0.0355366 0.0353016 0.0353016 0.0314596 0.0261077 0.0319810 0.0298008 0.0315755 0.0417174 0.0273790 0.0237668 0.0425829 0.0402210 0.0409481 0.0399098 0.0500631 0.0346337 0.0323325 0.0398514 0.0340268 0.0500698 0.0373058 0.0370982 0.0395612 0.0239713 0.0473390 0.0474145 0.0337699 0.0388098 0.0416888 0.0519465 0.0312732 0.0345125 0.0428896 0.0526055 0.0349637 0.0334830 0.0428981 0.2498771 0.0136412 0.0284912 0.0288253 0.0000000 0.0245128 0.0294417 0.0214276 0.0157559 0.0370374 0.0269043 0.0455624 0.0393304 0.0274237 0.0251614 0.0355151 0.0376586 0.0393314 0.2451615 0.0407134 0.0355210 0.0403932 0.0475080 0.0495682 0.0296821 0.0290694 0.0445308 0.0445784 0.0377790 0.0350344 0.0394988 0.0191850 0.0350263 0.0502238 0.0422971 0.0518885 0.0473904 0.1480082 0.0370083 0.0368784 0.2418588 0.0251703 0.0254380 
