90
Bacu_OTOF         0.0000000 0.0689992 0.0507114 0.0053787 0.0050383 0.0058653 0.0254295 0.0045548 0.0167035 0.0041254 0.0021774 0.0419132 0.0582804 0.0330175 0.0152086 0.0347186 0.0585092 0.0320590 0.0348977 0.0338569 0.0127221 0.0560724 0.0120092 0.0130553 0.0057424 0.0374285 0.0327087 0.0360316 0.0355360 0.0347235 0.0400794 0.0375133 0.0480908 0.0653080 0.0483690 0.0343175 0.0375181 0.0595857 0.0348906 0.0359008 0.0338329 0.0589497 0.0338598 0.0412644 0.0481605 0.0686526 0.1128632 0.1556644 0.0515561 0.0703507 0.0616308 0.0678090 0.0714285 0.0349325 0.1134195 0.0766775 0.0878998 0.0338106 0.0341877 0.0421071 0.0548489 0.0531593 0.0355472 0.0394578 0.0405346 0.0325364 0.0321960 0.0375915 0.0334504 0.0344657 0.0722395 0.0332484 0.0321403 0.0301172 0.0346514 0.0323004 0.0404161 0.0348036 0.0420837 0.0338916 0.0325477 0.0345330 0.0324201 0.0313467 0.0318912 0.0361678 0.0334661 0.0686396 0.0349237 0.0410214 
Barn_OTOF         0.0689992 0.0000000 0.0154466 0.0466737 0.0751213 0.0683400 0.0726029 0.0708057 0.0768216 0.0637227 0.0664333 0.0800704 0.0275503 0.0673897 0.0706489 0.0621560 0.0668369 0.0424133 0.0643784 0.0561325 0.0549180 0.1334161 0.0670237 0.0713880 0.0516831 0.0710855 0.0709397 0.0711119 0.0636815 0.0315373 0.0731086 0.0340619 0.0618685 0.0410117 0.0623419 0.0686680 0.0387378 0.0584659 0.0643153 0.0668598 0.0577869 0.0412221 0.0381955 0.0647186 0.0278017 0.0342205 0.0321470 0.0381335 0.0214467 0.0646869 0.0081378 0.0090289 0.0201509 0.0579096 0.0133962 0.0130396 0.0326837 0.0579277 0.0578798 0.0785434 0.0641914 0.0664771 0.0580141 0.0734190 0.0488443 0.0681656 0.0622608 0.0625465 0.0612404 0.0633240 0.0408118 0.0579277 0.0381995 0.0643153 0.0313228 0.0667888 0.0445925 0.0687552 0.0641660 0.0641660 0.0769443 0.0424655 0.0641660 0.0623288 0.0738057 0.0655237 0.0538125 0.0331882 0.0595776 0.0335943 
Bbai76728_OTOF    0.0507114 0.0154466 0.0000000 0.0612722 0.0554697 0.0551749 0.0436233 0.0543434 0.0431538 0.0504793 0.0548293 0.0673687 0.0801308 0.0442092 0.0566077 0.0425544 0.0476030 0.0448801 0.0443532 0.0418404 0.0563725 0.0925401 0.0510644 0.0549674 0.0549241 0.0484440 0.0447352 0.0443260 0.0433968 0.0183752 0.0625281 0.0489659 0.0677384 0.0533725 0.0635744 0.0442954 0.0425743 0.0525134 0.0457774 0.0482882 0.0417154 0.0301741 0.0450836 0.0497014 0.0207174 0.0422556 0.0703905 0.0764459 0.0220403 0.0569720 0.0073404 0.0094823 0.0469051 0.0434827 0.0641802 0.0681343 0.0526576 0.0433743 0.0439488 0.0650416 0.0433320 0.0442800 0.0409657 0.0670258 0.0546325 0.0441944 0.0454644 0.0462027 0.0460690 0.0584906 0.0852477 0.0433743 0.0312189 0.0274894 0.0288627 0.0436497 0.0487129 0.0457870 0.0546627 0.0461821 0.0293337 0.0470225 0.0462064 0.0289828 0.0463125 0.0602870 0.0273189 0.0418156 0.0424955 0.0108930 
BbonAUS_OTOF      0.0053787 0.0466737 0.0612722 0.0000000 0.0103648 0.0118596 0.0307796 0.0085136 0.0247128 0.0062678 0.0090553 0.0460062 0.0326786 0.0332070 0.0217425 0.0389676 0.0400084 0.0377188 0.0399016 0.0354069 0.0186548 0.0676589 0.0185415 0.0200129 0.0107398 0.0434537 0.0368176 0.0419167 0.0371119 0.0409278 0.0436676 0.0394245 0.0632545 0.0365424 0.0547768 0.0394822 0.0360547 0.0602299 0.0377466 0.0380882 0.0345186 0.0373058 0.0377092 0.0448960 0.0493389 0.0825908 0.1004161 0.1412090 0.0408673 0.0862066 0.0635369 0.0437365 0.0643872 0.0370475 0.0859681 0.0881360 0.0802937 0.0361314 0.0347240 0.0460765 0.0373740 0.0376166 0.0362750 0.0430387 0.0423279 0.0388046 0.0353968 0.0389312 0.0381023 0.0377427 0.0689736 0.0361314 0.0312527 0.0371432 0.0320573 0.0357880 0.0398178 0.0395320 0.0468484 0.0369409 0.0378745 0.0344082 0.0362194 0.0357494 0.0381416 0.0366374 0.0339336 0.0874087 0.0361763 0.0428168 
Bbor_OTOF         0.0050383 0.0751213 0.0554697 0.0103648 0.0000000 0.0056425 0.0062708 0.0101737 0.0234868 0.0050871 0.0059102 0.0535978 0.0698074 0.0385136 0.0186396 0.0405741 0.0653899 0.0379570 0.0389807 0.0363367 0.0179412 0.0677170 0.0167585 0.0186719 0.0102271 0.0422173 0.0365030 0.0389874 0.0387104 0.0381477 0.0506388 0.0419588 0.0560327 0.0767889 0.0562983 0.0387818 0.0422099 0.0668676 0.0414915 0.0400781 0.0362620 0.0660579 0.0402358 0.0421529 0.0537639 0.0763662 0.1271770 0.1558822 0.0529929 0.0533800 0.0391465 0.0764057 0.0818203 0.0379457 0.1292316 0.0842537 0.0763889 0.0385924 0.0375197 0.0530619 0.0616892 0.0623741 0.0379218 0.0468900 0.0429214 0.0380329 0.0368601 0.0381765 0.0363890 0.0378141 0.0840670 0.0377801 0.0391541 0.0351559 0.0378284 0.0363466 0.0428803 0.0407294 0.0465557 0.0382472 0.0382059 0.0387719 0.0378327 0.0365859 0.0375339 0.0400619 0.0372425 0.0733353 0.0378243 0.0410084 
Bede66737_OTOF    0.0058653 0.0683400 0.0551749 0.0118596 0.0056425 0.0000000 0.0034645 0.0096159 0.0253602 0.0059415 0.0072326 0.0512244 0.0639542 0.0348114 0.0219493 0.0384466 0.0388779 0.0355470 0.0373065 0.0361684 0.0214052 0.0696318 0.0183651 0.0212446 0.0119114 0.0406942 0.0352649 0.0380280 0.0369884 0.0358470 0.0482644 0.0398344 0.0560517 0.0459176 0.0537192 0.0372838 0.0404351 0.0600883 0.0393662 0.0392462 0.0345113 0.0368320 0.0368320 0.0410884 0.0513782 0.0745490 0.0863086 0.1065747 0.0520994 0.0793584 0.0353995 0.0475805 0.0778700 0.0377376 0.0939690 0.0784452 0.0743957 0.0360601 0.0347232 0.0498402 0.0354918 0.0364375 0.0361890 0.0460131 0.0415750 0.0364432 0.0350333 0.0372198 0.0354636 0.0368726 0.0811970 0.0360601 0.0373974 0.0336329 0.0349421 0.0342129 0.0405796 0.0386503 0.0443861 0.0374329 0.0358317 0.0367492 0.0369982 0.0350128 0.0359451 0.0408045 0.0359295 0.0742131 0.0360950 0.0425548 
BedeAUS_OTOF      0.0254295 0.0726029 0.0436233 0.0307796 0.0062708 0.0034645 0.0000000 0.0289500 0.0471363 0.0249514 0.0263060 0.0682701 0.1030706 0.0371156 0.0214510 0.0392483 0.0617738 0.0396582 0.0593466 0.0552978 0.0361034 0.0900858 0.0201975 0.0226316 0.0369015 0.0459369 0.0594833 0.0434284 0.0592073 0.0368379 0.0682390 0.0604987 0.0355438 0.0483604 0.0837914 0.0409142 0.0413701 0.0996584 0.0600952 0.0604713 0.0563552 0.0584277 0.0391371 0.0674989 0.0845845 0.1037143 0.0920697 0.1353175 0.0744539 0.0827288 0.0375804 0.0498323 0.0722878 0.0570346 0.0996922 0.0828762 0.1056827 0.0553983 0.0560991 0.0686732 0.0402427 0.0582243 0.0583092 0.0649547 0.0669312 0.0400511 0.0557053 0.0616733 0.0582055 0.0701397 0.0739928 0.0553983 0.0545289 0.0382567 0.0644504 0.0564993 0.0527167 0.0421671 0.0703675 0.0582904 0.0430703 0.0562792 0.0595774 0.0584534 0.0409240 0.0590088 0.0629951 0.0800080 0.0572278 0.0705945 
Bmus_OTOF         0.0045548 0.0708057 0.0543434 0.0085136 0.0101737 0.0096159 0.0289500 0.0000000 0.0200379 0.0067403 0.0065871 0.0441245 0.0610250 0.0374013 0.0200091 0.0400407 0.0640554 0.0345833 0.0399374 0.0383811 0.0155228 0.0595929 0.0156491 0.0162153 0.0107572 0.0428131 0.0372680 0.0396583 0.0400834 0.0399457 0.0440552 0.0408622 0.0534011 0.0671537 0.0522545 0.0400494 0.0416085 0.0650480 0.0393802 0.0415299 0.0383528 0.0628738 0.0364741 0.0458972 0.0520325 0.0750401 0.1195292 0.1607679 0.0554901 0.0756358 0.0656804 0.0712629 0.0757645 0.0394657 0.1193576 0.0803094 0.0944331 0.0383276 0.0390684 0.0443301 0.0600204 0.0580878 0.0400964 0.0416475 0.0446481 0.0374790 0.0362586 0.0415343 0.0367838 0.0405833 0.0771594 0.0377562 0.0332490 0.0349249 0.0371211 0.0374422 0.0446767 0.0402511 0.0459176 0.0395441 0.0373759 0.0379137 0.0363304 0.0364334 0.0367552 0.0395364 0.0365608 0.0729002 0.0394555 0.0464789 
Bmys_OTOF         0.0167035 0.0768216 0.0431538 0.0247128 0.0234868 0.0253602 0.0471363 0.0200379 0.0000000 0.0174843 0.0190546 0.0455493 0.0577126 0.0336024 0.0224964 0.0383814 0.0372179 0.0355416 0.0380783 0.0325941 0.0105871 0.0619291 0.0080955 0.0089054 0.0235689 0.0399727 0.0347399 0.0366972 0.0318164 0.0391149 0.0445391 0.0400930 0.0304010 0.0448434 0.0514051 0.0370756 0.0384947 0.0617131 0.0370432 0.0386711 0.0318715 0.0400909 0.0368523 0.0453917 0.0560470 0.0832445 0.0934383 0.1429704 0.0606078 0.0803674 0.0742040 0.0550214 0.0879540 0.0339206 0.1004847 0.0949718 0.1054136 0.0325380 0.0332582 0.0444131 0.0352914 0.0354848 0.0339716 0.0405499 0.0478860 0.0353453 0.0327996 0.0386544 0.0329167 0.0279859 0.0483674 0.0325380 0.0333891 0.0352073 0.0401395 0.0344726 0.0418860 0.0369474 0.0470860 0.0372394 0.0361525 0.0383163 0.0354254 0.0349549 0.0336530 0.0395576 0.0371092 0.0757596 0.0325345 0.0433423 
Bphy_OTOF         0.0041254 0.0637227 0.0504793 0.0062678 0.0050871 0.0059415 0.0249514 0.0067403 0.0174843 0.0000000 0.0007358 0.0455954 0.0534857 0.0317648 0.0160398 0.0323876 0.0561707 0.0311160 0.0339088 0.0346108 0.0139424 0.0571354 0.0128387 0.0139792 0.0066451 0.0356411 0.0323945 0.0345779 0.0357650 0.0336243 0.0437044 0.0363645 0.0470051 0.0637476 0.0471662 0.0326415 0.0367199 0.0573743 0.0326160 0.0355455 0.0340244 0.0576949 0.0321048 0.0420396 0.0457826 0.0665745 0.1123539 0.1528634 0.0507439 0.0698529 0.0590969 0.0682074 0.0701530 0.0357105 0.1141482 0.0752849 0.0872977 0.0345624 0.0348113 0.0458131 0.0544193 0.0511018 0.0357766 0.0425060 0.0386354 0.0307812 0.0302087 0.0376089 0.0341376 0.0318889 0.0710840 0.0339868 0.0312783 0.0280871 0.0325498 0.0307825 0.0388451 0.0324423 0.0414443 0.0327543 0.0315527 0.0325163 0.0313227 0.0295197 0.0309732 0.0379357 0.0306867 0.0661557 0.0351390 0.0394123 
Bphy_baits_OTOF   0.0021774 0.0664333 0.0548293 0.0090553 0.0059102 0.0072326 0.0263060 0.0065871 0.0190546 0.0007358 0.0000000 0.0458967 0.0586570 0.0324524 0.0188833 0.0358432 0.0357276 0.0333187 0.0354925 0.0327452 0.0143309 0.0647207 0.0132613 0.0156243 0.0047976 0.0367474 0.0332153 0.0346804 0.0351331 0.0338881 0.0438216 0.0366000 0.0261626 0.0424636 0.0512864 0.0336732 0.0383333 0.0592529 0.0365380 0.0370341 0.0326877 0.0366128 0.0348370 0.0385443 0.0501363 0.0748418 0.0804491 0.1042583 0.0487507 0.0801220 0.0628804 0.0457959 0.0790388 0.0342956 0.0961325 0.0821355 0.0739289 0.0326530 0.0310077 0.0444789 0.0324882 0.0347731 0.0343424 0.0416303 0.0409465 0.0333143 0.0316615 0.0360927 0.0327787 0.0366487 0.0500875 0.0326530 0.0322689 0.0314346 0.0348243 0.0325037 0.0397748 0.0357504 0.0440915 0.0338545 0.0334450 0.0360626 0.0348808 0.0337271 0.0327611 0.0379673 0.0336473 0.0754081 0.0342544 0.0412922 
Btau_OTOF         0.0419132 0.0800704 0.0673687 0.0460062 0.0535978 0.0512244 0.0682701 0.0441245 0.0455493 0.0455954 0.0458967 0.0000000 0.0833966 0.0590534 0.0486515 0.0593623 0.0859438 0.0585689 0.0574811 0.0562154 0.0400496 0.0565511 0.0453890 0.0443886 0.0493251 0.0639016 0.0566396 0.0583330 0.0574047 0.0518426 0.0396350 0.0558013 0.0690158 0.0895455 0.0690644 0.0581150 0.0630699 0.0742148 0.0552837 0.0586384 0.0555840 0.0820020 0.0576743 0.0617066 0.0599179 0.0830602 0.1292125 0.1717198 0.0696322 0.0902568 0.0702416 0.0856791 0.0777896 0.0573223 0.1371473 0.0984342 0.1082573 0.0555901 0.0564453 0.0111983 0.0792508 0.0785458 0.0567929 0.0163867 0.0638247 0.0587063 0.0587332 0.0638345 0.0520729 0.0526015 0.0932172 0.0549873 0.0534551 0.0546427 0.0562492 0.0569645 0.0618699 0.0600004 0.0663007 0.0558820 0.0582496 0.0573825 0.0563290 0.0540198 0.0575303 0.0346614 0.0518074 0.0841619 0.0567214 0.0594473 
Ccom40_OTOF       0.0582804 0.0275503 0.0801308 0.0326786 0.0698074 0.0639542 0.1030706 0.0610250 0.0577126 0.0534857 0.0586570 0.0833966 0.0000000 0.0264393 0.0626349 0.0261720 0.0231739 0.0098156 0.0220889 0.0303948 0.0484434 0.1174756 0.0604569 0.0626947 0.0478776 0.0308531 0.0251793 0.0298272 0.0229504 0.0502095 0.0788784 0.0182059 0.1048830 0.0402279 0.0242165 0.0274809 0.0085698 0.0508800 0.0204032 0.0233104 0.0204032 0.0083741 0.0128157 0.0421949 0.0664561 0.1185221 0.1405559 0.2320085 0.0512746 0.1106196 0.0724788 0.0420785 0.0285960 0.0316241 0.1161721 0.1168386 0.1143687 0.0304072 0.0326575 0.0821820 0.0257299 0.0221813 0.0229121 0.0845933 0.0271283 0.0279824 0.0298009 0.0193693 0.0499381 0.0492063 0.0617231 0.0304072 0.0162146 0.0250903 0.0028735 0.0251021 0.0114702 0.0236364 0.0230346 0.0236069 0.0331619 0.0082776 0.0248594 0.0205255 0.0264901 0.0673307 0.0173486 0.1348646 0.0216317 0.0463806 
Chea7320_OTOF     0.0330175 0.0673897 0.0442092 0.0332070 0.0385136 0.0348114 0.0371156 0.0374013 0.0336024 0.0317648 0.0324524 0.0590534 0.0264393 0.0000000 0.0320958 0.0050586 0.0120750 0.0045139 0.0024259 0.0095188 0.0321901 0.0765366 0.0320323 0.0337973 0.0366211 0.0042656 0.0016702 0.0059231 0.0047297 0.0284606 0.0557803 0.0149985 0.0513541 0.0514759 0.0037579 0.0025592 0.0057731 0.0285533 0.0033112 0.0025410 0.0031467 0.0099255 0.0045295 0.0244339 0.0450880 0.0746291 0.0883903 0.1121306 0.0396913 0.0667375 0.0286115 0.0441949 0.0345448 0.0103169 0.0917480 0.0736297 0.0675836 0.0095433 0.0084994 0.0558878 0.0094033 0.0095228 0.0055285 0.0536435 0.0233522 0.0025680 0.0080720 0.0044822 0.0321196 0.0307872 0.0439232 0.0095197 0.0066074 0.0017571 0.0027449 0.0024341 0.0048229 0.0043190 0.0016093 0.0017021 0.0071283 0.0027876 0.0025008 0.0017424 0.0016601 0.0429172 0.0022827 0.0715549 0.0047277 0.0310809 
Cmar59905_OTOF    0.0152086 0.0706489 0.0566077 0.0217425 0.0186396 0.0219493 0.0214510 0.0200091 0.0224964 0.0160398 0.0188833 0.0486515 0.0626349 0.0320958 0.0000000 0.0374389 0.0381526 0.0360671 0.0373046 0.0339409 0.0205198 0.0632634 0.0193758 0.0214180 0.0187401 0.0406482 0.0352900 0.0391059 0.0368133 0.0397356 0.0409540 0.0403581 0.0315904 0.0438645 0.0508900 0.0365010 0.0403626 0.0583506 0.0371021 0.0365610 0.0346224 0.0356977 0.0384198 0.0435243 0.0516011 0.0815053 0.0864725 0.1495162 0.0533763 0.0800831 0.0418595 0.0485355 0.0788825 0.0353233 0.0938681 0.0823969 0.0749796 0.0339008 0.0318474 0.0475259 0.0368197 0.0355784 0.0361352 0.0426020 0.0420446 0.0354583 0.0304947 0.0386540 0.0326240 0.0343261 0.0490358 0.0339008 0.0292436 0.0317379 0.0347370 0.0346770 0.0411204 0.0367653 0.0448480 0.0373417 0.0328219 0.0354182 0.0365017 0.0318737 0.0342137 0.0381386 0.0323725 0.0773828 0.0360235 0.0421910 
Dcap108471_OTOF   0.0347186 0.0621560 0.0425544 0.0389676 0.0405741 0.0384466 0.0392483 0.0400407 0.0383814 0.0323876 0.0358432 0.0593623 0.0261720 0.0050586 0.0374389 0.0000000 0.0031506 0.0016085 0.0042918 0.0122405 0.0360917 0.0749280 0.0342285 0.0355792 0.0382242 0.0058893 0.0031564 0.0050940 0.0040451 0.0312063 0.0564979 0.0173544 0.0520762 0.0403754 0.0227342 0.0062097 0.0058493 0.0304961 0.0037764 0.0048952 0.0033594 0.0016599 0.0033365 0.0265401 0.0458371 0.0679086 0.0769585 0.1079166 0.0385014 0.0651723 0.0287537 0.0341770 0.0662507 0.0136137 0.0804573 0.0702476 0.0828645 0.0108644 0.0096368 0.0565741 0.0054358 0.0051200 0.0067511 0.0553454 0.0238836 0.0031465 0.0113330 0.0016261 0.0331296 0.0397526 0.0443013 0.0108644 0.0083480 0.0022030 0.0012339 0.0051715 0.0055617 0.0051076 0.0158046 0.0031844 0.0040697 0.0024344 0.0048483 0.0028623 0.0031783 0.0480265 0.0031689 0.0669367 0.0033610 0.0341510 
Dcap79929_OTOF    0.0585092 0.0668369 0.0476030 0.0400084 0.0653899 0.0388779 0.0617738 0.0640554 0.0372179 0.0561707 0.0357276 0.0859438 0.0231739 0.0120750 0.0381526 0.0031506 0.0000000 0.0228571 0.0029885 0.0304658 0.0326562 0.1054174 0.0325967 0.0352790 0.0382049 0.0036101 0.0016524 0.0247725 0.0214926 0.0537102 0.0824961 0.0160439 0.0538445 0.0432687 0.0205584 0.0042520 0.0277468 0.0255777 0.0032234 0.0031951 0.0206154 0.0008240 0.0276607 0.0469188 0.0433958 0.0967023 0.0752087 0.0997865 0.0374326 0.0684970 0.0553684 0.0353439 0.0741733 0.0320179 0.0830717 0.0726017 0.0938776 0.0287898 0.0292620 0.0819145 0.0041799 0.0037569 0.0238909 0.0812050 0.0228878 0.0017148 0.0098534 0.0221027 0.0523710 0.0341783 0.0450825 0.0287749 0.0069658 0.0008163 0.0000010 0.0038572 0.0050153 0.0038832 0.0148971 0.0016268 0.0258482 0.0016944 0.0033057 0.0015686 0.0017331 0.0736586 0.0010104 0.0837067 0.0206282 0.0315649 
DdelSJR_OTOF      0.0320590 0.0424133 0.0448801 0.0377188 0.0379570 0.0355470 0.0396582 0.0345833 0.0355416 0.0311160 0.0333187 0.0585689 0.0098156 0.0045139 0.0360671 0.0016085 0.0228571 0.0000000 0.0015589 0.0097593 0.0342896 0.0759261 0.0331096 0.0349079 0.0339852 0.0026328 0.0000010 0.0015104 0.0007435 0.0289901 0.0495212 0.0175792 0.0498775 0.0538917 0.0207664 0.0024948 0.0024122 0.0323324 0.0008712 0.0016513 0.0007428 0.0229467 0.0016945 0.0247197 0.0473469 0.0731629 0.1175786 0.1543451 0.0403883 0.0643093 0.0283163 0.0590564 0.0770254 0.0120487 0.0998509 0.0708445 0.0660227 0.0074972 0.0055915 0.0546879 0.0226129 0.0222647 0.0022321 0.0506159 0.0232687 0.0000010 0.0071672 0.0008041 0.0312489 0.0295215 0.0335735 0.0067378 0.0060365 0.0000010 0.0000010 0.0023760 0.0044727 0.0024380 0.0130764 0.0000010 0.0024243 0.0009160 0.0016757 0.0008427 0.0000010 0.0433021 0.0000010 0.0677591 0.0007432 0.0331183 
Ddeltrop4525_OTOF 0.0348977 0.0643784 0.0443532 0.0399016 0.0389807 0.0373065 0.0593466 0.0399374 0.0380783 0.0339088 0.0354925 0.0574811 0.0220889 0.0024259 0.0373046 0.0042918 0.0029885 0.0015589 0.0000000 0.0109459 0.0340775 0.0721985 0.0331130 0.0354108 0.0351395 0.0039892 0.0013938 0.0034726 0.0025532 0.0292226 0.0547863 0.0166021 0.0479581 0.0396762 0.0182395 0.0037692 0.0054345 0.0232154 0.0028474 0.0028709 0.0019086 0.0023210 0.0024548 0.0244391 0.0391198 0.0625609 0.0743424 0.0931315 0.0395876 0.0636215 0.0551599 0.0347212 0.0677412 0.0122442 0.0799859 0.0695249 0.0589078 0.0083397 0.0069675 0.0548682 0.0036127 0.0034751 0.0044721 0.0523063 0.0219792 0.0023154 0.0083941 0.0022052 0.0306546 0.0368339 0.0404262 0.0083397 0.0064942 0.0014873 0.0011521 0.0033755 0.0053910 0.0036623 0.0119319 0.0014337 0.0031262 0.0015427 0.0029061 0.0021197 0.0015240 0.0459847 0.0009795 0.0636497 0.0019096 0.0299192 
Dleu_OTOF         0.0338569 0.0561325 0.0418404 0.0354069 0.0363367 0.0361684 0.0552978 0.0383811 0.0325941 0.0346108 0.0327452 0.0562154 0.0303948 0.0095188 0.0339409 0.0122405 0.0304658 0.0097593 0.0109459 0.0000000 0.0317360 0.0727129 0.0327206 0.0324125 0.0334035 0.0119099 0.0095493 0.0123960 0.0117143 0.0272914 0.0542291 0.0185586 0.0461149 0.0646331 0.0223041 0.0102003 0.0114621 0.0272551 0.0107083 0.0100052 0.0101532 0.0282574 0.0100265 0.0255443 0.0356545 0.0594763 0.1005651 0.1438577 0.0376741 0.0593888 0.0500607 0.0565266 0.0647560 0.0020071 0.0998958 0.0644184 0.0737173 0.0080927 0.0087176 0.0559620 0.0285354 0.0273748 0.0112026 0.0525393 0.0226846 0.0096559 0.0058802 0.0103374 0.0327738 0.0324769 0.0373319 0.0075796 0.0059698 0.0087033 0.0066576 0.0092416 0.0118637 0.0118272 0.0185197 0.0079095 0.0101852 0.0090358 0.0091852 0.0085193 0.0094656 0.0498411 0.0075936 0.0608027 0.0111801 0.0295805 
EausAUS_OTOF      0.0127221 0.0549180 0.0563725 0.0186548 0.0179412 0.0214052 0.0361034 0.0155228 0.0105871 0.0139424 0.0143309 0.0400496 0.0484434 0.0321901 0.0205198 0.0360917 0.0326562 0.0342896 0.0340775 0.0317360 0.0000000 0.0682808 0.0019271 0.0020148 0.0163495 0.0391668 0.0334351 0.0350021 0.0336540 0.0378506 0.0384970 0.0336378 0.0272747 0.0427452 0.0502665 0.0358933 0.0372609 0.0555696 0.0344137 0.0348474 0.0317140 0.0315456 0.0336831 0.0396745 0.0527430 0.0829454 0.0970009 0.1076688 0.0381220 0.0915344 0.0579140 0.0363070 0.0399112 0.0326842 0.1058095 0.0970132 0.0831683 0.0326569 0.0324355 0.0372515 0.0338522 0.0324413 0.0317431 0.0348758 0.0440698 0.0356570 0.0332613 0.0372623 0.0337768 0.0340722 0.0463989 0.0326569 0.0256605 0.0290804 0.0330155 0.0326477 0.0357323 0.0339749 0.0462075 0.0339776 0.0325401 0.0331133 0.0340836 0.0313382 0.0335151 0.0341397 0.0268882 0.0902042 0.0336390 0.0400999 
Ecab_OTOF         0.0560724 0.1334161 0.0925401 0.0676589 0.0677170 0.0696318 0.0900858 0.0595929 0.0619291 0.0571354 0.0647207 0.0565511 0.1174756 0.0765366 0.0632634 0.0749280 0.1054174 0.0759261 0.0721985 0.0727129 0.0682808 0.0000000 0.0617528 0.0668207 0.0670671 0.0807257 0.0706045 0.0722148 0.0703474 0.0748177 0.0536080 0.0754159 0.0914742 0.1134079 0.0878546 0.0787224 0.0806781 0.1127530 0.0720585 0.0735242 0.0708193 0.1037115 0.0790714 0.0771079 0.0866009 0.1106696 0.1707901 0.2202156 0.1002061 0.1156087 0.1143519 0.1169068 0.1213978 0.0731538 0.1704630 0.1316867 0.1321057 0.0713488 0.0555672 0.0574310 0.0968328 0.0962543 0.0727707 0.0544716 0.0807626 0.0752306 0.0746799 0.0818338 0.0685745 0.0714142 0.1161701 0.0707100 0.0762349 0.0721684 0.0866253 0.0736774 0.0842777 0.0744587 0.0806190 0.0716694 0.0759793 0.0731396 0.0694880 0.0690511 0.0743778 0.0458168 0.0744330 0.1080385 0.0708542 0.0843187 
Egla13086_OTOF    0.0120092 0.0670237 0.0510644 0.0185415 0.0167585 0.0183651 0.0201975 0.0156491 0.0080955 0.0128387 0.0132613 0.0453890 0.0604569 0.0320323 0.0193758 0.0342285 0.0325967 0.0331096 0.0331130 0.0327206 0.0019271 0.0617528 0.0000000 0.0000010 0.0149083 0.0368595 0.0316450 0.0334831 0.0327063 0.0358622 0.0426710 0.0349797 0.0475571 0.0421083 0.0480486 0.0339440 0.0371394 0.0546534 0.0342273 0.0361717 0.0311995 0.0331832 0.0324808 0.0389770 0.0499509 0.0755645 0.0864744 0.1111473 0.0492165 0.0731881 0.0401489 0.0453524 0.0759963 0.0342016 0.0908311 0.0833810 0.0709049 0.0334247 0.0333061 0.0426060 0.0321221 0.0305027 0.0320049 0.0375087 0.0400386 0.0342044 0.0331045 0.0361575 0.0306643 0.0366394 0.0746009 0.0334247 0.0309396 0.0291209 0.0330389 0.0314209 0.0367377 0.0336768 0.0435117 0.0337988 0.0330883 0.0335612 0.0333171 0.0301801 0.0326650 0.0332349 0.0285968 0.0722508 0.0326942 0.0372950 
Ejap43864_OTOF    0.0130553 0.0713880 0.0549674 0.0200129 0.0186719 0.0212446 0.0226316 0.0162153 0.0089054 0.0139792 0.0156243 0.0443886 0.0626947 0.0337973 0.0214180 0.0355792 0.0352790 0.0349079 0.0354108 0.0324125 0.0020148 0.0668207 0.0000010 0.0000000 0.0162337 0.0400153 0.0328880 0.0342898 0.0331995 0.0400990 0.0415278 0.0368316 0.0518702 0.0442676 0.0511847 0.0360552 0.0397257 0.0588203 0.0344462 0.0372626 0.0315598 0.0341885 0.0351029 0.0400507 0.0523206 0.0853188 0.0912510 0.1256361 0.0535907 0.0819081 0.0410707 0.0435689 0.0824560 0.0332198 0.0984724 0.0908795 0.0769931 0.0348528 0.0348267 0.0412559 0.0338186 0.0328594 0.0315842 0.0375420 0.0421407 0.0353160 0.0358899 0.0369735 0.0317372 0.0357416 0.0789236 0.0348528 0.0329454 0.0302363 0.0354596 0.0336932 0.0386229 0.0362774 0.0467960 0.0352747 0.0330564 0.0353201 0.0357005 0.0315327 0.0328035 0.0336746 0.0288280 0.0837598 0.0331862 0.0413694 
Erob133443_OTOF   0.0057424 0.0516831 0.0549241 0.0107398 0.0102271 0.0119114 0.0369015 0.0107572 0.0235689 0.0066451 0.0047976 0.0493251 0.0478776 0.0366211 0.0187401 0.0382242 0.0382049 0.0339852 0.0351395 0.0334035 0.0163495 0.0670671 0.0149083 0.0162337 0.0000000 0.0373521 0.0345402 0.0335018 0.0369766 0.0361906 0.0412754 0.0344479 0.0641518 0.0478026 0.0356553 0.0321987 0.0368291 0.0575939 0.0371114 0.0370669 0.0350870 0.0356836 0.0361956 0.0399219 0.0548035 0.0768793 0.0936507 0.1558739 0.0543284 0.0905115 0.0582912 0.0425588 0.0790964 0.0351493 0.1085234 0.0897472 0.0785573 0.0368082 0.0384517 0.0504267 0.0323308 0.0350646 0.0360966 0.0471430 0.0379949 0.0356890 0.0338866 0.0413932 0.0361317 0.0319067 0.0824139 0.0368082 0.0334268 0.0326297 0.0317075 0.0337432 0.0387239 0.0318059 0.0325046 0.0301383 0.0342070 0.0314812 0.0326324 0.0297381 0.0349271 0.0403342 0.0318637 0.0786218 0.0359797 0.0473218 
Fatt_OTOF         0.0374285 0.0710855 0.0484440 0.0434537 0.0422173 0.0406942 0.0459369 0.0428131 0.0399727 0.0356411 0.0367474 0.0639016 0.0308531 0.0042656 0.0406482 0.0058893 0.0036101 0.0026328 0.0039892 0.0119099 0.0391668 0.0807257 0.0368595 0.0400153 0.0373521 0.0000000 0.0024647 0.0040551 0.0031446 0.0309119 0.0605151 0.0191937 0.0543593 0.0458490 0.0219572 0.0049120 0.0066170 0.0322368 0.0041330 0.0034137 0.0031424 0.0039164 0.0044091 0.0235756 0.0481430 0.0794492 0.0771076 0.1207223 0.0438929 0.0404926 0.0314876 0.0382489 0.0427685 0.0127098 0.0877923 0.0811247 0.0697518 0.0103022 0.0093398 0.0607375 0.0049075 0.0041327 0.0055200 0.0582802 0.0272237 0.0032922 0.0109385 0.0025200 0.0338364 0.0364050 0.0503282 0.0103022 0.0086311 0.0026562 0.0029275 0.0047549 0.0077178 0.0050205 0.0160055 0.0025326 0.0044393 0.0038838 0.0042219 0.0035081 0.0024851 0.0504245 0.0023955 0.0753638 0.0031433 0.0320032 
Ggri_OTOF         0.0327087 0.0709397 0.0447352 0.0368176 0.0365030 0.0352649 0.0594833 0.0372680 0.0347399 0.0323945 0.0332153 0.0566396 0.0251793 0.0016702 0.0352900 0.0031564 0.0016524 0.0000010 0.0013938 0.0095493 0.0334351 0.0706045 0.0316450 0.0328880 0.0345402 0.0024647 0.0000000 0.0007488 0.0006749 0.0285702 0.0531888 0.0158452 0.0475917 0.0385157 0.0179806 0.0023186 0.0039602 0.0264020 0.0015178 0.0007521 0.0006744 0.0008481 0.0016918 0.0223533 0.0408225 0.0677596 0.0732086 0.1014069 0.0392543 0.0658000 0.0588646 0.0353381 0.0656367 0.0095363 0.0828240 0.0768949 0.0602030 0.0067936 0.0057668 0.0539561 0.0022332 0.0014807 0.0027061 0.0496340 0.0215931 0.0008212 0.0075262 0.0007484 0.0282149 0.0350418 0.0426095 0.0067936 0.0057679 0.0000010 0.0000010 0.0020944 0.0042818 0.0024282 0.0116948 0.0000010 0.0015935 0.0008599 0.0014960 0.0007756 0.0000010 0.0435771 0.0000010 0.0674988 0.0006747 0.0316581 
Gmac39091_OTOF    0.0360316 0.0711119 0.0443260 0.0419167 0.0389874 0.0380280 0.0434284 0.0396583 0.0366972 0.0345779 0.0346804 0.0583330 0.0298272 0.0059231 0.0391059 0.0050940 0.0247725 0.0015104 0.0034726 0.0123960 0.0350021 0.0722148 0.0334831 0.0342898 0.0335018 0.0040551 0.0007488 0.0000000 0.0006415 0.0303587 0.0571083 0.0193131 0.0479078 0.0687204 0.0211988 0.0037380 0.0054180 0.0311886 0.0038439 0.0031085 0.0025753 0.0248070 0.0038855 0.0267806 0.0463386 0.0678741 0.1090379 0.1395555 0.0426575 0.0649410 0.0324063 0.0592230 0.0765342 0.0143916 0.1123748 0.0733617 0.0865668 0.0104128 0.0070393 0.0556455 0.0222464 0.0234499 0.0051660 0.0521487 0.0245860 0.0023353 0.0107448 0.0015449 0.0345330 0.0371842 0.0457587 0.0097499 0.0093524 0.0023316 0.0037207 0.0036426 0.0066999 0.0044548 0.0135086 0.0015447 0.0030528 0.0033688 0.0030712 0.0029909 0.0007787 0.0481551 0.0031335 0.0642293 0.0025766 0.0355284 
Gmel_OTOF         0.0355360 0.0636815 0.0433968 0.0371119 0.0387104 0.0369884 0.0592073 0.0400834 0.0318164 0.0357650 0.0351331 0.0574047 0.0229504 0.0047297 0.0368133 0.0040451 0.0214926 0.0007435 0.0025532 0.0117143 0.0336540 0.0703474 0.0327063 0.0331995 0.0369766 0.0031446 0.0006749 0.0006415 0.0000000 0.0301129 0.0554091 0.0162826 0.0468705 0.0657361 0.0178927 0.0036142 0.0042574 0.0237212 0.0026540 0.0021261 0.0015055 0.0215272 0.0030588 0.0261058 0.0393239 0.0620588 0.1069922 0.1508919 0.0394778 0.0621855 0.0549843 0.0574622 0.0687393 0.0127416 0.1051217 0.0713135 0.0771069 0.0106768 0.0087127 0.0559363 0.0201226 0.0200403 0.0040311 0.0549128 0.0219661 0.0014719 0.0088773 0.0020475 0.0338952 0.0344702 0.0399194 0.0101585 0.0069766 0.0014413 0.0022153 0.0026169 0.0051577 0.0034480 0.0115723 0.0007133 0.0028920 0.0022426 0.0021029 0.0019552 0.0007215 0.0515435 0.0018906 0.0618903 0.0015060 0.0321229 
Hamp_OTOF         0.0347235 0.0315373 0.0183752 0.0409278 0.0381477 0.0358470 0.0368379 0.0399457 0.0391149 0.0336243 0.0338881 0.0518426 0.0502095 0.0284606 0.0397356 0.0312063 0.0537102 0.0289901 0.0292226 0.0272914 0.0378506 0.0748177 0.0358622 0.0400990 0.0361906 0.0309119 0.0285702 0.0303587 0.0301129 0.0000000 0.0519276 0.0313660 0.0509245 0.0653950 0.0403373 0.0272366 0.0321024 0.0241741 0.0293660 0.0312497 0.0279387 0.0528448 0.0280362 0.0367419 0.0018573 0.0038404 0.0261008 0.0561281 0.0183051 0.0252453 0.0032780 0.0356753 0.0378364 0.0294169 0.0362637 0.0028116 0.0022154 0.0293410 0.0284578 0.0528443 0.0496555 0.0492222 0.0287321 0.0516355 0.0352424 0.0272191 0.0265568 0.0328504 0.0315706 0.0396386 0.0731882 0.0286207 0.0260415 0.0247379 0.0256756 0.0277966 0.0336947 0.0285308 0.0370763 0.0289849 0.0280455 0.0291006 0.0291299 0.0261164 0.0291783 0.0448847 0.0238983 0.0025412 0.0293396 0.0106695 
Hippo_OTOF        0.0400794 0.0731086 0.0625281 0.0436676 0.0506388 0.0482644 0.0682390 0.0440552 0.0445391 0.0437044 0.0438216 0.0396350 0.0788784 0.0557803 0.0409540 0.0564979 0.0824961 0.0495212 0.0547863 0.0542291 0.0384970 0.0536080 0.0426710 0.0415278 0.0412754 0.0605151 0.0531888 0.0571083 0.0554091 0.0519276 0.0000000 0.0526841 0.0658376 0.0813088 0.0673863 0.0553327 0.0560130 0.0751778 0.0540149 0.0540565 0.0536048 0.0771964 0.0500200 0.0597528 0.0635610 0.0885657 0.1313523 0.1718701 0.0649581 0.0830224 0.0698534 0.0830636 0.0843835 0.0553301 0.1311795 0.0908106 0.1051994 0.0536104 0.0537648 0.0392959 0.0751075 0.0754833 0.0554291 0.0351787 0.0622414 0.0532152 0.0548109 0.0567389 0.0506283 0.0498448 0.0839913 0.0530131 0.0427615 0.0532510 0.0519523 0.0536876 0.0560168 0.0563679 0.0618246 0.0521317 0.0535881 0.0508862 0.0519455 0.0521171 0.0528099 0.0351125 0.0522414 0.0857217 0.0547346 0.0591295 
Igeo_OTOF         0.0375133 0.0340619 0.0489659 0.0394245 0.0419588 0.0398344 0.0604987 0.0408622 0.0400930 0.0363645 0.0366000 0.0558013 0.0182059 0.0149985 0.0403581 0.0173544 0.0160439 0.0175792 0.0166021 0.0185586 0.0336378 0.0754159 0.0349797 0.0368316 0.0344479 0.0191937 0.0158452 0.0193131 0.0162826 0.0313660 0.0526841 0.0000000 0.0550666 0.0327202 0.0281510 0.0179548 0.0165079 0.0377418 0.0153258 0.0169370 0.0139965 0.0151285 0.0170534 0.0210237 0.0461062 0.0688781 0.0818935 0.1282796 0.0365633 0.0724934 0.0600604 0.0368081 0.0749814 0.0185596 0.0729658 0.0792099 0.0660150 0.0170215 0.0162033 0.0543787 0.0137483 0.0164112 0.0155293 0.0539692 0.0138026 0.0181537 0.0185270 0.0163802 0.0318217 0.0373686 0.0457482 0.0170215 0.0168518 0.0163797 0.0180804 0.0156365 0.0147237 0.0154561 0.0279117 0.0149632 0.0182330 0.0134378 0.0178176 0.0166961 0.0164112 0.0443217 0.0167789 0.0671343 0.0154923 0.0322706 
Kbre_OTOF         0.0480908 0.0618685 0.0677384 0.0632545 0.0560327 0.0560517 0.0355438 0.0534011 0.0304010 0.0470051 0.0261626 0.0690158 0.1048830 0.0513541 0.0315904 0.0520762 0.0538445 0.0498775 0.0479581 0.0461149 0.0272747 0.0914742 0.0475571 0.0518702 0.0641518 0.0543593 0.0475917 0.0479078 0.0468705 0.0509245 0.0658376 0.0550666 0.0000000 0.0427806 0.0740069 0.0501309 0.0550327 0.0528859 0.0505191 0.0520057 0.0451779 0.0536323 0.0503958 0.0531788 0.0750727 0.0996385 0.0997373 0.1178310 0.0434770 0.0980886 0.0317433 0.0636151 0.0688708 0.0477640 0.1130625 0.1091314 0.0891974 0.0466772 0.0491478 0.0647167 0.0480013 0.0483405 0.0452151 0.0614491 0.0552825 0.0489622 0.0515037 0.0508263 0.0342709 0.0172518 0.0406095 0.0466772 0.0623794 0.0469128 0.0229133 0.0472027 0.0575199 0.0515867 0.0609135 0.0497051 0.0497378 0.0553265 0.0498699 0.0482314 0.0492624 0.0602036 0.0250682 0.1010048 0.0468516 0.0648540 
Ksim_OTOF         0.0653080 0.0410117 0.0533725 0.0365424 0.0767889 0.0459176 0.0483604 0.0671537 0.0448434 0.0637476 0.0424636 0.0895455 0.0402279 0.0514759 0.0438645 0.0403754 0.0432687 0.0538917 0.0396762 0.0646331 0.0427452 0.1134079 0.0421083 0.0442676 0.0478026 0.0458490 0.0385157 0.0687204 0.0657361 0.0653950 0.0813088 0.0327202 0.0427806 0.0000000 0.0459144 0.0413004 0.0580771 0.0770425 0.0418711 0.0434289 0.0627640 0.0299198 0.0574366 0.0709517 0.0664435 0.1207025 0.1059811 0.1722973 0.0465809 0.0773542 0.0330595 0.0377748 0.0729433 0.0662793 0.0754341 0.0741002 0.1212562 0.0637172 0.0686728 0.0864373 0.0429450 0.0403373 0.0648073 0.0844836 0.0387645 0.0383376 0.0410623 0.0649232 0.0425401 0.0328233 0.0585465 0.0636653 0.0291427 0.0378932 0.0260363 0.0393962 0.0341834 0.0430943 0.0369010 0.0413939 0.0683821 0.0319201 0.0378068 0.0364851 0.0385083 0.0747099 0.0420527 0.1022740 0.0646026 0.0497576 
Lacu_OTOF         0.0483690 0.0623419 0.0635744 0.0547768 0.0562983 0.0537192 0.0837914 0.0522545 0.0514051 0.0471662 0.0512864 0.0690644 0.0242165 0.0037579 0.0508900 0.0227342 0.0205584 0.0207664 0.0182395 0.0223041 0.0502665 0.0878546 0.0480486 0.0511847 0.0356553 0.0219572 0.0179806 0.0211988 0.0178927 0.0403373 0.0673863 0.0281510 0.0740069 0.0459144 0.0000000 0.0184344 0.0224686 0.0269100 0.0193146 0.0186778 0.0161542 0.0198234 0.0214309 0.0314467 0.0385958 0.0928413 0.1012234 0.1163989 0.0571920 0.0884018 0.0890936 0.0350072 0.0676306 0.0240450 0.1082153 0.0798563 0.0772351 0.0205464 0.0202975 0.0665648 0.0182166 0.0179019 0.0153055 0.0650982 0.0411668 0.0206741 0.0081809 0.0193984 0.0436565 0.0508870 0.0647786 0.0205464 0.0058410 0.0202978 0.0045678 0.0182300 0.0230826 0.0208996 0.0032498 0.0182335 0.0231522 0.0038021 0.0190467 0.0190144 0.0190930 0.0562301 0.0044512 0.0950723 0.0178848 0.0439973 
Lalb_OTOF         0.0343175 0.0686680 0.0442954 0.0394822 0.0387818 0.0372838 0.0409142 0.0400494 0.0370756 0.0326415 0.0336732 0.0581150 0.0274809 0.0025592 0.0365010 0.0062097 0.0042520 0.0024948 0.0037692 0.0102003 0.0358933 0.0787224 0.0339440 0.0360552 0.0321987 0.0049120 0.0023186 0.0037380 0.0036142 0.0272366 0.0553327 0.0179548 0.0501309 0.0413004 0.0184344 0.0000000 0.0049626 0.0306195 0.0041380 0.0040276 0.0021644 0.0018363 0.0042709 0.0231448 0.0435416 0.0692740 0.0700471 0.1273685 0.0422252 0.0632363 0.0280635 0.0345505 0.0787250 0.0109349 0.0795581 0.0728364 0.0885905 0.0087277 0.0077462 0.0552049 0.0031483 0.0024150 0.0036126 0.0530358 0.0255127 0.0032157 0.0086627 0.0023721 0.0326329 0.0345316 0.0449042 0.0087277 0.0094638 0.0025068 0.0029212 0.0029932 0.0054006 0.0054040 0.0152358 0.0023854 0.0040186 0.0036266 0.0041017 0.0040036 0.0023491 0.0486920 0.0036216 0.0673817 0.0036129 0.0318501 
Laus_OTOF         0.0375181 0.0387378 0.0425743 0.0360547 0.0422099 0.0404351 0.0413701 0.0416085 0.0384947 0.0367199 0.0383333 0.0630699 0.0085698 0.0057731 0.0403626 0.0058493 0.0277468 0.0024122 0.0054345 0.0114621 0.0372609 0.0806781 0.0371394 0.0397257 0.0368291 0.0066170 0.0039602 0.0054180 0.0042574 0.0321024 0.0560130 0.0165079 0.0550327 0.0580771 0.0224686 0.0049626 0.0000000 0.0307177 0.0055578 0.0048164 0.0028330 0.0232635 0.0024994 0.0272955 0.0477393 0.0762694 0.1206730 0.1914979 0.0404938 0.0656341 0.0280426 0.0611201 0.0341217 0.0129262 0.0985563 0.0716212 0.0676475 0.0114652 0.0098990 0.0602752 0.0243746 0.0240509 0.0049747 0.0571536 0.0236592 0.0050991 0.0079354 0.0024263 0.0368077 0.0384232 0.0329303 0.0107339 0.0047738 0.0043904 0.0012989 0.0047272 0.0045461 0.0064641 0.0167678 0.0041644 0.0066362 0.0017866 0.0055421 0.0050148 0.0039917 0.0492971 0.0033592 0.0723423 0.0042558 0.0340827 
Lbor_OTOF         0.0595857 0.0584659 0.0525134 0.0602299 0.0668676 0.0600883 0.0996584 0.0650480 0.0617131 0.0573743 0.0592529 0.0742148 0.0508800 0.0285533 0.0583506 0.0304961 0.0255777 0.0323324 0.0232154 0.0272551 0.0555696 0.1127530 0.0546534 0.0588203 0.0575939 0.0322368 0.0264020 0.0311886 0.0237212 0.0241741 0.0751778 0.0377418 0.0528859 0.0770425 0.0269100 0.0306195 0.0307177 0.0000000 0.0245531 0.0275695 0.0200148 0.0247233 0.0200660 0.0439458 0.0256073 0.0245457 0.0293870 0.0601513 0.0677598 0.1027969 0.0666781 0.0614701 0.0633554 0.0284554 0.0513444 0.0294070 0.0231296 0.0236461 0.0051765 0.0746175 0.0270018 0.0233219 0.0237347 0.0764797 0.0396131 0.0325946 0.0246664 0.0319832 0.0492624 0.0263846 0.0474755 0.0236461 0.0279450 0.0250890 0.0194114 0.0262594 0.0256294 0.0276086 0.0241685 0.0251726 0.0363971 0.0233841 0.0245770 0.0221699 0.0306062 0.0619993 0.0235329 0.0245090 0.0212087 0.0509899 
Lhos30470_OTOF    0.0348906 0.0643153 0.0457774 0.0377466 0.0414915 0.0393662 0.0600952 0.0393802 0.0370432 0.0326160 0.0365380 0.0552837 0.0204032 0.0033112 0.0371021 0.0037764 0.0032234 0.0008712 0.0028474 0.0107083 0.0344137 0.0720585 0.0342273 0.0344462 0.0371114 0.0041330 0.0015178 0.0038439 0.0026540 0.0293660 0.0540149 0.0153258 0.0505191 0.0418711 0.0193146 0.0041380 0.0055578 0.0245531 0.0000000 0.0023150 0.0019837 0.0016988 0.0025471 0.0247335 0.0398324 0.0681103 0.0756806 0.1234539 0.0391789 0.0663455 0.0541102 0.0348759 0.0358591 0.0113821 0.0820288 0.0740907 0.0604135 0.0093561 0.0072617 0.0532981 0.0039586 0.0035639 0.0046496 0.0521294 0.0231300 0.0024140 0.0087330 0.0008225 0.0297677 0.0359405 0.0434284 0.0093561 0.0056305 0.0015613 0.0000010 0.0036696 0.0049337 0.0038180 0.0137778 0.0007657 0.0033966 0.0016078 0.0030122 0.0021986 0.0015629 0.0448271 0.0018915 0.0701548 0.0019847 0.0330446 
Lhos452_OTOF      0.0359008 0.0668598 0.0482882 0.0380882 0.0400781 0.0392462 0.0604713 0.0415299 0.0386711 0.0355455 0.0370341 0.0586384 0.0233104 0.0025410 0.0365610 0.0048952 0.0031951 0.0016513 0.0028709 0.0100052 0.0348474 0.0735242 0.0361717 0.0372626 0.0370669 0.0034137 0.0007521 0.0031085 0.0021261 0.0312497 0.0540565 0.0169370 0.0520057 0.0434289 0.0186778 0.0040276 0.0048164 0.0275695 0.0023150 0.0000000 0.0021242 0.0024329 0.0027205 0.0249787 0.0426333 0.0693785 0.0796663 0.1026333 0.0403152 0.0668963 0.0559477 0.0361511 0.0746167 0.0114453 0.0815659 0.0755550 0.0629589 0.0085634 0.0075919 0.0566237 0.0031283 0.0023602 0.0042628 0.0536295 0.0226767 0.0024368 0.0083645 0.0023369 0.0311992 0.0320489 0.0422071 0.0085634 0.0078576 0.0016697 0.0000010 0.0036716 0.0058755 0.0040034 0.0129105 0.0014912 0.0033262 0.0025283 0.0023275 0.0024043 0.0007924 0.0457811 0.0010683 0.0696975 0.0021253 0.0333158 
Lobl_OTOF         0.0338329 0.0577869 0.0417154 0.0345186 0.0362620 0.0345113 0.0563552 0.0383528 0.0318715 0.0340244 0.0326877 0.0555840 0.0204032 0.0031467 0.0346224 0.0033594 0.0206154 0.0007428 0.0019086 0.0101532 0.0317140 0.0708193 0.0311995 0.0315598 0.0350870 0.0031424 0.0006744 0.0025753 0.0015055 0.0279387 0.0536048 0.0139965 0.0451779 0.0627640 0.0161542 0.0021644 0.0028330 0.0200148 0.0019837 0.0021242 0.0000000 0.0189552 0.0015263 0.0244594 0.0365040 0.0593894 0.1030747 0.1453353 0.0367081 0.0603016 0.0511157 0.0553793 0.0645036 0.0111762 0.1030364 0.0677422 0.0754246 0.0091217 0.0076129 0.0541132 0.0186040 0.0178203 0.0025113 0.0531103 0.0196783 0.0014705 0.0066265 0.0020457 0.0321995 0.0333904 0.0381923 0.0086067 0.0049703 0.0007180 0.0011007 0.0013062 0.0029333 0.0027487 0.0115622 0.0007126 0.0028893 0.0014894 0.0021011 0.0012991 0.0007208 0.0497321 0.0009407 0.0597413 0.0010014 0.0294982 
Lobs_OTOF         0.0589497 0.0412221 0.0301741 0.0373058 0.0660579 0.0368320 0.0584277 0.0628738 0.0400909 0.0576949 0.0366128 0.0820020 0.0083741 0.0099255 0.0356977 0.0016599 0.0008240 0.0229467 0.0023210 0.0282574 0.0315456 0.1037115 0.0331832 0.0341885 0.0356836 0.0039164 0.0008481 0.0248070 0.0215272 0.0528448 0.0771964 0.0151285 0.0536323 0.0299198 0.0198234 0.0018363 0.0232635 0.0247233 0.0016988 0.0024329 0.0189552 0.0000000 0.0265049 0.0488469 0.0438491 0.0965389 0.0778647 0.0924487 0.0384169 0.0662419 0.0531246 0.0351450 0.0700140 0.0298689 0.0688084 0.0702867 0.0947596 0.0248341 0.0267951 0.0797416 0.0017313 0.0015881 0.0223514 0.0779340 0.0198865 0.0009456 0.0052019 0.0233349 0.0534537 0.0328466 0.0297361 0.0248214 0.0056204 0.0008407 0.0012643 0.0016480 0.0024882 0.0033898 0.0145759 0.0008412 0.0257050 0.0016762 0.0026323 0.0015813 0.0009167 0.0668786 0.0010629 0.0846039 0.0197869 0.0305630 
LperAUS_OTOF      0.0338598 0.0381955 0.0450836 0.0377092 0.0402358 0.0368320 0.0391371 0.0364741 0.0368523 0.0321048 0.0348370 0.0576743 0.0128157 0.0045295 0.0384198 0.0033365 0.0276607 0.0016945 0.0024548 0.0100265 0.0336831 0.0790714 0.0324808 0.0351029 0.0361956 0.0044091 0.0016918 0.0038855 0.0030588 0.0280362 0.0500200 0.0170534 0.0503958 0.0574366 0.0214309 0.0042709 0.0024994 0.0200660 0.0025471 0.0027205 0.0015263 0.0265049 0.0000000 0.0213543 0.0392531 0.0656822 0.1159755 0.1424356 0.0398257 0.0677906 0.0255312 0.0544987 0.0335831 0.0115997 0.1002829 0.0679321 0.0887089 0.0092513 0.0073678 0.0536204 0.0238008 0.0230782 0.0038242 0.0512257 0.0265645 0.0026336 0.0088445 0.0017600 0.0329219 0.0361971 0.0351634 0.0084678 0.0063440 0.0018205 0.0028060 0.0024291 0.0047790 0.0052352 0.0156312 0.0017683 0.0044196 0.0029432 0.0025160 0.0034724 0.0017564 0.0446016 0.0024529 0.0648069 0.0030576 0.0327375 
