94
Bacu_RYR2         0.0000000 0.0126421 0.0116792 0.0037044 0.0024261 0.0028366 0.0027014 0.0084483 0.0224491 0.0018689 0.0055311 0.0038721 0.0147780 0.0093160 0.0083012 0.0059515 0.0080385 0.0085398 0.0078914 0.0089174 0.0081194 0.0080597 0.0054858 0.0171487 0.0050734 0.0051844 0.0066045 0.0074686 0.0078838 0.0079206 0.0087052 0.0097450 0.0143734 0.0083103 0.0129566 0.0113006 0.0083885 0.0095534 0.0080936 0.0071504 0.0086149 0.0075625 0.0086865 0.0083644 0.0084008 0.0117425 0.0093380 0.0093243 0.0111931 0.0094748 0.0093354 0.0106398 0.0089222 0.0094906 0.0096574 0.0084966 0.0090720 0.0115176 0.0095719 0.0084812 0.0078845 0.0143449 0.0080965 0.0078000 0.0089161 0.0230198 0.0075179 0.0121128 0.0080725 0.0095455 0.0078096 0.0080459 0.0133651 0.0082484 0.0108595 0.0080548 0.0078135 0.0080138 0.0076637 0.0078149 0.0078007 0.0092693 0.0081477 0.0077039 0.0074687 0.0086980 0.0077026 0.0079978 0.0076243 0.0163424 0.0084085 0.0084670 0.0087046 0.0113406 
Barn_RYR2         0.0126421 0.0000000 0.0003312 0.0127643 0.0124232 0.0120827 0.0122730 0.0193443 0.0337985 0.0117065 0.0113848 0.0125909 0.0168782 0.0092370 0.0091164 0.0124307 0.0084488 0.0086559 0.0084488 0.0089977 0.0084488 0.0086768 0.0121044 0.0199683 0.0119685 0.0122839 0.0111018 0.0081207 0.0081207 0.0083514 0.0086710 0.0035524 0.0156000 0.0080379 0.0149745 0.0154616 0.0096661 0.0083487 0.0087774 0.0087028 0.0086824 0.0083514 0.0089938 0.0089974 0.0091167 0.0048071 0.0035749 0.0035452 0.0035010 0.0038252 0.0038689 0.0033753 0.0032116 0.0038264 0.0038425 0.0090001 0.0032593 0.0052321 0.0038229 0.0093340 0.0094467 0.0178715 0.0090078 0.0083514 0.0090009 0.0338560 0.0077646 0.0143029 0.0086746 0.0105025 0.0090129 0.0084541 0.0145799 0.0090919 0.0103631 0.0088558 0.0083514 0.0084138 0.0086753 0.0086792 0.0086739 0.0089547 0.0087838 0.0081761 0.0084494 0.0085778 0.0081207 0.0084501 0.0081207 0.0166800 0.0084942 0.0038674 0.0083487 0.0056692 
Bbai76728_RYR2    0.0116792 0.0003312 0.0000000 0.0152262 0.0112378 0.0109667 0.0107908 0.0167598 0.0295457 0.0107537 0.0137075 0.0113807 0.0164138 0.0092650 0.0088797 0.0120850 0.0085915 0.0088155 0.0085915 0.0090283 0.0086278 0.0082400 0.0109884 0.0216587 0.0109798 0.0112396 0.0135838 0.0080651 0.0083280 0.0085079 0.0085022 0.0036199 0.0156368 0.0078822 0.0138068 0.0142317 0.0089353 0.0082380 0.0085907 0.0087876 0.0089839 0.0083085 0.0087611 0.0090261 0.0089566 0.0049931 0.0042222 0.0041711 0.0040908 0.0043507 0.0043918 0.0027753 0.0037012 0.0043593 0.0044954 0.0087611 0.0039276 0.0057444 0.0043878 0.0085062 0.0088668 0.0166766 0.0087712 0.0085113 0.0090267 0.0293405 0.0074843 0.0132793 0.0085077 0.0106986 0.0082501 0.0083320 0.0139849 0.0083334 0.0093253 0.0082044 0.0085044 0.0088307 0.0085082 0.0085082 0.0085817 0.0086198 0.0088547 0.0080022 0.0083257 0.0085467 0.0083277 0.0084000 0.0083237 0.0186541 0.0087827 0.0043899 0.0085038 0.0061526 
BbonAUS_RYR2      0.0037044 0.0127643 0.0152262 0.0000000 0.0054727 0.0057099 0.0057120 0.0112941 0.0245595 0.0050349 0.0021758 0.0058083 0.0166009 0.0128299 0.0117743 0.0092009 0.0115236 0.0086068 0.0114826 0.0113056 0.0083768 0.0110583 0.0085752 0.0200598 0.0079296 0.0082773 0.0032601 0.0110334 0.0111650 0.0113060 0.0112991 0.0134645 0.0160935 0.0123027 0.0142102 0.0140334 0.0117053 0.0110558 0.0116950 0.0107878 0.0085392 0.0108989 0.0115360 0.0117432 0.0119395 0.0113749 0.0130299 0.0125946 0.0124703 0.0129202 0.0130341 0.0149266 0.0124132 0.0131170 0.0130559 0.0115361 0.0126359 0.0152802 0.0129269 0.0115416 0.0114257 0.0161065 0.0115531 0.0108751 0.0117808 0.0261519 0.0108296 0.0139719 0.0114415 0.0144984 0.0112270 0.0112165 0.0135234 0.0115848 0.0125455 0.0116287 0.0112839 0.0114724 0.0110846 0.0112083 0.0110650 0.0132234 0.0116488 0.0110602 0.0107240 0.0121399 0.0111660 0.0114489 0.0111610 0.0195550 0.0120582 0.0120525 0.0113011 0.0148694 
Bbor_RYR2         0.0024261 0.0124232 0.0112378 0.0054727 0.0000000 0.0006670 0.0006787 0.0064701 0.0251003 0.0016974 0.0051195 0.0008801 0.0141687 0.0095893 0.0086536 0.0069786 0.0083490 0.0089541 0.0083098 0.0087068 0.0084223 0.0080248 0.0057752 0.0165101 0.0053560 0.0050491 0.0069280 0.0078800 0.0083044 0.0084113 0.0082517 0.0097196 0.0125553 0.0092029 0.0105334 0.0112355 0.0087819 0.0080231 0.0084831 0.0070200 0.0090501 0.0079952 0.0084758 0.0087205 0.0087441 0.0113189 0.0093409 0.0093267 0.0086907 0.0092523 0.0090732 0.0104040 0.0086084 0.0092758 0.0093275 0.0086998 0.0090316 0.0112850 0.0093496 0.0080312 0.0079790 0.0137025 0.0085352 0.0081773 0.0087055 0.0224921 0.0077184 0.0100745 0.0085229 0.0105426 0.0077874 0.0083595 0.0125686 0.0081663 0.0089658 0.0081140 0.0082463 0.0084723 0.0080901 0.0081230 0.0082381 0.0096508 0.0085774 0.0080277 0.0077797 0.0090552 0.0081207 0.0083636 0.0080361 0.0151175 0.0087903 0.0081232 0.0082530 0.0117407 
Bede66737_RYR2    0.0028366 0.0120827 0.0109667 0.0057099 0.0006670 0.0000000 0.0000010 0.0072849 0.0254681 0.0021579 0.0056185 0.0002174 0.0135468 0.0089325 0.0079822 0.0062497 0.0076452 0.0082410 0.0077646 0.0081600 0.0077227 0.0074871 0.0053056 0.0156358 0.0047053 0.0043670 0.0062201 0.0073387 0.0077596 0.0078602 0.0077109 0.0096026 0.0121861 0.0083290 0.0108616 0.0104667 0.0081027 0.0074855 0.0079390 0.0065620 0.0082080 0.0072649 0.0079323 0.0080440 0.0082430 0.0110253 0.0092248 0.0092138 0.0085876 0.0092114 0.0091889 0.0100677 0.0083936 0.0092334 0.0093080 0.0081535 0.0089203 0.0112468 0.0093078 0.0079358 0.0078822 0.0130872 0.0078149 0.0075069 0.0081588 0.0219609 0.0074026 0.0099620 0.0077443 0.0098965 0.0074764 0.0076929 0.0121991 0.0079034 0.0086335 0.0079565 0.0077500 0.0077171 0.0073729 0.0075215 0.0075050 0.0090555 0.0080261 0.0073305 0.0071038 0.0082684 0.0075754 0.0078732 0.0074974 0.0147181 0.0082864 0.0085394 0.0077122 0.0110079 
BedeAUS_RYR2      0.0027014 0.0122730 0.0107908 0.0057120 0.0006787 0.0000010 0.0000000 0.0072904 0.0245099 0.0019843 0.0053186 0.0002243 0.0132918 0.0086465 0.0078946 0.0062411 0.0076554 0.0080423 0.0076185 0.0079640 0.0076786 0.0072701 0.0047904 0.0156730 0.0044150 0.0041495 0.0060467 0.0071749 0.0075679 0.0075959 0.0075009 0.0094746 0.0114202 0.0083308 0.0102826 0.0102645 0.0080693 0.0072685 0.0078009 0.0061780 0.0082125 0.0071781 0.0077293 0.0079096 0.0079341 0.0112787 0.0091305 0.0087633 0.0086341 0.0090880 0.0088128 0.0103327 0.0085299 0.0092300 0.0090685 0.0079575 0.0086927 0.0112104 0.0091094 0.0077328 0.0076720 0.0128178 0.0077403 0.0071332 0.0079628 0.0217197 0.0069290 0.0093560 0.0076979 0.0097648 0.0074229 0.0076121 0.0124697 0.0077977 0.0086843 0.0076729 0.0074747 0.0075737 0.0073303 0.0073177 0.0073125 0.0089345 0.0078435 0.0073734 0.0069687 0.0082925 0.0073773 0.0076074 0.0073415 0.0142442 0.0080426 0.0083084 0.0075021 0.0110433 
Bmus_RYR2         0.0084483 0.0193443 0.0167598 0.0112941 0.0064701 0.0072849 0.0072904 0.0000000 0.0347485 0.0066047 0.0109366 0.0081148 0.0203874 0.0139385 0.0131162 0.0120290 0.0128285 0.0136350 0.0125919 0.0128764 0.0129586 0.0120348 0.0104064 0.0217288 0.0102430 0.0097803 0.0121932 0.0121756 0.0125796 0.0126389 0.0128721 0.0140596 0.0213132 0.0144712 0.0175936 0.0166415 0.0132557 0.0150556 0.0127857 0.0120492 0.0131286 0.0123300 0.0156435 0.0132169 0.0132751 0.0157551 0.0133058 0.0136459 0.0151257 0.0138679 0.0136622 0.0152568 0.0134916 0.0137882 0.0144845 0.0126926 0.0134856 0.0160207 0.0140109 0.0149435 0.0121365 0.0199521 0.0127904 0.0125789 0.0158877 0.0322140 0.0125552 0.0175762 0.0128828 0.0164177 0.0121414 0.0128404 0.0185843 0.0128292 0.0175211 0.0122878 0.0126007 0.0124571 0.0123570 0.0126030 0.0125797 0.0139986 0.0128720 0.0119783 0.0123194 0.0132563 0.0124203 0.0127631 0.0122930 0.0216803 0.0132872 0.0127977 0.0135285 0.0166459 
Bmys_RYR2         0.0224491 0.0337985 0.0295457 0.0245595 0.0251003 0.0254681 0.0245099 0.0347485 0.0000000 0.0221066 0.0219664 0.0249662 0.0248946 0.0250986 0.0225152 0.0228542 0.0240795 0.0238428 0.0237323 0.0242542 0.0240795 0.0236321 0.0203519 0.0288829 0.0200013 0.0205184 0.0223560 0.0230563 0.0230563 0.0225228 0.0235870 0.0271506 0.0282250 0.0287837 0.0277141 0.0277671 0.0231667 0.0229455 0.0230563 0.0236702 0.0244050 0.0229651 0.0229455 0.0225152 0.0232741 0.0315204 0.0275470 0.0271522 0.0269250 0.0272091 0.0264793 0.0383915 0.0265748 0.0267577 0.0284597 0.0236321 0.0261902 0.0296087 0.0279768 0.0242559 0.0236330 0.0255497 0.0231933 0.0225152 0.0236182 0.0542589 0.0250902 0.0242630 0.0234988 0.0320934 0.0242979 0.0230563 0.0188063 0.0238253 0.0255968 0.0252889 0.0225152 0.0234272 0.0232854 0.0231722 0.0225152 0.0307469 0.0237590 0.0240843 0.0230563 0.0247638 0.0230849 0.0230563 0.0230912 0.0297568 0.0256968 0.0258030 0.0235989 0.0291800 
Bphy_RYR2         0.0018689 0.0117065 0.0107537 0.0050349 0.0016974 0.0021579 0.0019843 0.0066047 0.0221066 0.0000000 0.0039560 0.0023314 0.0133010 0.0086439 0.0076360 0.0057004 0.0073825 0.0078934 0.0072363 0.0075408 0.0074645 0.0068228 0.0043229 0.0150273 0.0037885 0.0034751 0.0052743 0.0067718 0.0069894 0.0072169 0.0070616 0.0089333 0.0120715 0.0077012 0.0099315 0.0098443 0.0077039 0.0068213 0.0074293 0.0073649 0.0077972 0.0068125 0.0072981 0.0076999 0.0077395 0.0105437 0.0083897 0.0085528 0.0077579 0.0085961 0.0084833 0.0093202 0.0080095 0.0086954 0.0087726 0.0072981 0.0081765 0.0104628 0.0087562 0.0070652 0.0072294 0.0130491 0.0074623 0.0070725 0.0075396 0.0221524 0.0063956 0.0097031 0.0074197 0.0082035 0.0068840 0.0071454 0.0116740 0.0074499 0.0078096 0.0073439 0.0070884 0.0072969 0.0069866 0.0071386 0.0071218 0.0081574 0.0075180 0.0069002 0.0067461 0.0078759 0.0070281 0.0073466 0.0069495 0.0150311 0.0077840 0.0073270 0.0070628 0.0102784 
Bphy_baits_RYR2   0.0055311 0.0113848 0.0137075 0.0021758 0.0051195 0.0056185 0.0053186 0.0109366 0.0219664 0.0039560 0.0000000 0.0057590 0.0156061 0.0117499 0.0108841 0.0092286 0.0106267 0.0075960 0.0108389 0.0111579 0.0075755 0.0104130 0.0075999 0.0194236 0.0071160 0.0068113 0.0023957 0.0103743 0.0107622 0.0107440 0.0106606 0.0126238 0.0148549 0.0112817 0.0146407 0.0141323 0.0110480 0.0104105 0.0110592 0.0106326 0.0073779 0.0103207 0.0109044 0.0107535 0.0110156 0.0100940 0.0121417 0.0117382 0.0116190 0.0119130 0.0121771 0.0136382 0.0114673 0.0120347 0.0116775 0.0111481 0.0117736 0.0140816 0.0118347 0.0109099 0.0107822 0.0156008 0.0109211 0.0100452 0.0111560 0.0271953 0.0096103 0.0134094 0.0105496 0.0132042 0.0105865 0.0105627 0.0121450 0.0106484 0.0119405 0.0105705 0.0103579 0.0108111 0.0104493 0.0102223 0.0104195 0.0123428 0.0110142 0.0102908 0.0098102 0.0113093 0.0105174 0.0105558 0.0105220 0.0186560 0.0108055 0.0111677 0.0104173 0.0138153 
Bric_RYR2         0.0038721 0.0125909 0.0113807 0.0058083 0.0008801 0.0002174 0.0002243 0.0081148 0.0249662 0.0023314 0.0057590 0.0000000 0.0166075 0.0090334 0.0080521 0.0064105 0.0077913 0.0082758 0.0078695 0.0097844 0.0078694 0.0089510 0.0054700 0.0183276 0.0048269 0.0044928 0.0063565 0.0074478 0.0078620 0.0078986 0.0097812 0.0097184 0.0141102 0.0085722 0.0126850 0.0105564 0.0081365 0.0097705 0.0080713 0.0066655 0.0083408 0.0073175 0.0105963 0.0081132 0.0083769 0.0114209 0.0093117 0.0092986 0.0124388 0.0094483 0.0093096 0.0102675 0.0086597 0.0094647 0.0096279 0.0095961 0.0090464 0.0114856 0.0095449 0.0102047 0.0078627 0.0161785 0.0078541 0.0075540 0.0108275 0.0261307 0.0074955 0.0118473 0.0078241 0.0101578 0.0075632 0.0077984 0.0121991 0.0079869 0.0128320 0.0080340 0.0077915 0.0077604 0.0074222 0.0075683 0.0075546 0.0092361 0.0081251 0.0074465 0.0072197 0.0084209 0.0076811 0.0079754 0.0076032 0.0176709 0.0083845 0.0088918 0.0085183 0.0113035 
Btau_RYR2         0.0147780 0.0168782 0.0164138 0.0166009 0.0141687 0.0135468 0.0132918 0.0203874 0.0248946 0.0133010 0.0156061 0.0166075 0.0000000 0.0149752 0.0140257 0.0146653 0.0141945 0.0145997 0.0141565 0.0145526 0.0143386 0.0134929 0.0137540 0.0159433 0.0132865 0.0132126 0.0161587 0.0137431 0.0141427 0.0142094 0.0149643 0.0144895 0.0174461 0.0127515 0.0196738 0.0168404 0.0146415 0.0171741 0.0138982 0.0139965 0.0143910 0.0136902 0.0171308 0.0134301 0.0146623 0.0169022 0.0149158 0.0152204 0.0167900 0.0154682 0.0152387 0.0135328 0.0149126 0.0153536 0.0154662 0.0141573 0.0150953 0.0174201 0.0153920 0.0179120 0.0143647 0.0035905 0.0141287 0.0139420 0.0180100 0.0181108 0.0137503 0.0194619 0.0140231 0.0183384 0.0144118 0.0142076 0.0200250 0.0142591 0.0205151 0.0147875 0.0139630 0.0140897 0.0136958 0.0139688 0.0137129 0.0124687 0.0139856 0.0141378 0.0139363 0.0142817 0.0139910 0.0143491 0.0138474 0.0159234 0.0139722 0.0157603 0.0156296 0.0163622 
Ccom40_RYR2       0.0093160 0.0092370 0.0092650 0.0128299 0.0095893 0.0089325 0.0086465 0.0139385 0.0250986 0.0086439 0.0117499 0.0090334 0.0149752 0.0000000 0.0007451 0.0096100 0.0014949 0.0015299 0.0014957 0.0017336 0.0014997 0.0029781 0.0080772 0.0184192 0.0079223 0.0080938 0.0116701 0.0009894 0.0012370 0.0012371 0.0012369 0.0075840 0.0123976 0.0045309 0.0121291 0.0120990 0.0020012 0.0014852 0.0002481 0.0005200 0.0015767 0.0010038 0.0009894 0.0012428 0.0012489 0.0090563 0.0076067 0.0075076 0.0072463 0.0070941 0.0076312 0.0065620 0.0070184 0.0078332 0.0073692 0.0034768 0.0069175 0.0093946 0.0076107 0.0039764 0.0040492 0.0147087 0.0017339 0.0009894 0.0022317 0.0254379 0.0043666 0.0105898 0.0012523 0.0049661 0.0037826 0.0012377 0.0141260 0.0038581 0.0049968 0.0039198 0.0012454 0.0012460 0.0012398 0.0012375 0.0007420 0.0025162 0.0017337 0.0010277 0.0012372 0.0015800 0.0012375 0.0014849 0.0012380 0.0160279 0.0012498 0.0078414 0.0012371 0.0082690 
Chea7320_RYR2     0.0083012 0.0091164 0.0088797 0.0117743 0.0086536 0.0079822 0.0078946 0.0131162 0.0225152 0.0076360 0.0108841 0.0080521 0.0140257 0.0007451 0.0000000 0.0094625 0.0011245 0.0011715 0.0011202 0.0013255 0.0011441 0.0024345 0.0079129 0.0170869 0.0077591 0.0075783 0.0107452 0.0006736 0.0011192 0.0008986 0.0008828 0.0070507 0.0119570 0.0040443 0.0114968 0.0117729 0.0015998 0.0011040 0.0004449 0.0004796 0.0012304 0.0006774 0.0006620 0.0008997 0.0009180 0.0084690 0.0070579 0.0071032 0.0066846 0.0066988 0.0068600 0.0068165 0.0067523 0.0072330 0.0070529 0.0031017 0.0067655 0.0092429 0.0071776 0.0033251 0.0033935 0.0135569 0.0013333 0.0008979 0.0017692 0.0239039 0.0040865 0.0098984 0.0011286 0.0044129 0.0031819 0.0011257 0.0129831 0.0033088 0.0042317 0.0034168 0.0009057 0.0009302 0.0008884 0.0008997 0.0004523 0.0020457 0.0013499 0.0007062 0.0009053 0.0012423 0.0008994 0.0011265 0.0008907 0.0156654 0.0009228 0.0068333 0.0008829 0.0084901 
Cmar59905_RYR2    0.0059515 0.0124307 0.0120850 0.0092009 0.0069786 0.0062497 0.0062411 0.0120290 0.0228542 0.0057004 0.0092286 0.0064105 0.0146653 0.0096100 0.0094625 0.0000000 0.0091626 0.0096187 0.0092160 0.0095546 0.0091915 0.0088237 0.0064963 0.0169814 0.0060211 0.0062554 0.0095025 0.0087543 0.0089100 0.0091380 0.0090667 0.0112146 0.0137017 0.0086925 0.0132313 0.0132555 0.0095659 0.0085881 0.0094367 0.0083809 0.0091992 0.0087097 0.0093066 0.0088622 0.0095746 0.0130052 0.0106328 0.0106050 0.0102554 0.0107144 0.0105229 0.0097468 0.0101407 0.0108474 0.0102858 0.0093067 0.0103607 0.0126891 0.0107218 0.0093112 0.0092323 0.0149093 0.0088402 0.0085920 0.0093195 0.0240974 0.0081430 0.0125013 0.0089552 0.0107064 0.0089861 0.0089802 0.0165013 0.0090895 0.0100732 0.0091427 0.0086520 0.0088594 0.0088516 0.0088357 0.0088929 0.0090824 0.0091631 0.0090223 0.0089738 0.0094408 0.0086749 0.0089154 0.0086787 0.0161915 0.0096125 0.0102281 0.0090683 0.0126234 
Dcap108471_RYR2   0.0080385 0.0084488 0.0085915 0.0115236 0.0083490 0.0076452 0.0076554 0.0128285 0.0240795 0.0073825 0.0106267 0.0077913 0.0141945 0.0014949 0.0011245 0.0091626 0.0000000 0.0000010 0.0000010 0.0002195 0.0000010 0.0022026 0.0080668 0.0165504 0.0079887 0.0077966 0.0104135 0.0004434 0.0008840 0.0006679 0.0006589 0.0067592 0.0116725 0.0036889 0.0112176 0.0114690 0.0013585 0.0008790 0.0011034 0.0004811 0.0009781 0.0004471 0.0008787 0.0011282 0.0011371 0.0081167 0.0066992 0.0067529 0.0062068 0.0064025 0.0067926 0.0061355 0.0064425 0.0067164 0.0067881 0.0028665 0.0064407 0.0087172 0.0069340 0.0030887 0.0031382 0.0137274 0.0011060 0.0006675 0.0015407 0.0241451 0.0037889 0.0096273 0.0008972 0.0040750 0.0029108 0.0008853 0.0133605 0.0030514 0.0037666 0.0031806 0.0006725 0.0006911 0.0006605 0.0006688 0.0006724 0.0017307 0.0011056 0.0004620 0.0006728 0.0009778 0.0006630 0.0008857 0.0006595 0.0151325 0.0011385 0.0069936 0.0006590 0.0078025 
Dcap79929_RYR2    0.0085398 0.0086559 0.0088155 0.0086068 0.0089541 0.0082410 0.0080423 0.0136350 0.0238428 0.0078934 0.0075960 0.0082758 0.0145997 0.0015299 0.0011715 0.0096187 0.0000010 0.0000000 0.0000010 0.0002330 0.0000010 0.0023385 0.0086472 0.0178408 0.0083224 0.0081170 0.0074545 0.0004703 0.0009409 0.0004695 0.0006994 0.0067211 0.0124045 0.0038661 0.0116697 0.0116420 0.0014359 0.0009331 0.0011817 0.0005055 0.0010064 0.0004696 0.0009327 0.0011818 0.0012008 0.0081758 0.0066983 0.0064714 0.0063544 0.0064443 0.0067175 0.0061236 0.0064862 0.0068973 0.0069765 0.0030423 0.0063804 0.0088289 0.0069384 0.0032782 0.0033122 0.0141030 0.0011672 0.0007046 0.0016356 0.0252558 0.0039536 0.0099809 0.0009378 0.0042866 0.0030697 0.0009413 0.0132980 0.0031581 0.0042370 0.0032773 0.0007107 0.0007194 0.0007010 0.0007060 0.0007052 0.0018296 0.0011771 0.0004868 0.0007056 0.0010226 0.0007058 0.0009488 0.0007061 0.0160919 0.0012144 0.0069307 0.0006996 0.0082384 
DdelSJR_RYR2      0.0078914 0.0084488 0.0085915 0.0114826 0.0083098 0.0077646 0.0076185 0.0125919 0.0237323 0.0072363 0.0108389 0.0078695 0.0141565 0.0014957 0.0011202 0.0092160 0.0000010 0.0000010 0.0000000 0.0002156 0.0000010 0.0021629 0.0079775 0.0164667 0.0079926 0.0077575 0.0101454 0.0004353 0.0008680 0.0006593 0.0006471 0.0066343 0.0121295 0.0037142 0.0114634 0.0114747 0.0013592 0.0008632 0.0010835 0.0004780 0.0009839 0.0004417 0.0008629 0.0011288 0.0011243 0.0081167 0.0066068 0.0066621 0.0060940 0.0063301 0.0068531 0.0061355 0.0063582 0.0066761 0.0067039 0.0028147 0.0063522 0.0085975 0.0068549 0.0030328 0.0030963 0.0136979 0.0010929 0.0006678 0.0015129 0.0241580 0.0037855 0.0099003 0.0008905 0.0040953 0.0028892 0.0008857 0.0133605 0.0030514 0.0039174 0.0031636 0.0006649 0.0006862 0.0006561 0.0006691 0.0006677 0.0017089 0.0010910 0.0004597 0.0006731 0.0009778 0.0006542 0.0008804 0.0006476 0.0150831 0.0011257 0.0068787 0.0006472 0.0078067 
Ddel_RYR2         0.0089174 0.0089977 0.0090283 0.0113056 0.0087068 0.0081600 0.0079640 0.0128764 0.0242542 0.0075408 0.0111579 0.0097844 0.0145526 0.0017336 0.0013255 0.0095546 0.0002195 0.0002330 0.0002156 0.0000000 0.0002217 0.0024067 0.0083713 0.0173241 0.0083388 0.0081474 0.0107727 0.0006491 0.0010785 0.0010835 0.0011990 0.0070367 0.0151549 0.0036843 0.0112468 0.0110609 0.0015628 0.0026175 0.0012928 0.0007064 0.0012107 0.0006571 0.0038315 0.0013355 0.0013412 0.0083135 0.0070215 0.0070660 0.0070605 0.0067281 0.0070744 0.0063848 0.0067724 0.0072446 0.0071383 0.0030136 0.0067666 0.0091637 0.0072528 0.0059231 0.0032481 0.0141261 0.0012932 0.0008778 0.0044439 0.0274464 0.0039622 0.0106177 0.0011041 0.0043901 0.0030870 0.0011004 0.0137225 0.0032590 0.0069406 0.0033778 0.0008793 0.0009016 0.0008627 0.0008795 0.0008779 0.0014230 0.0013014 0.0006895 0.0008919 0.0012222 0.0008671 0.0010938 0.0008583 0.0166497 0.0013424 0.0071009 0.0018040 0.0081906 
Ddeltrop4525_RYR2 0.0081194 0.0084488 0.0086278 0.0083768 0.0084223 0.0077227 0.0076786 0.0129586 0.0240795 0.0074645 0.0075755 0.0078694 0.0143386 0.0014997 0.0011441 0.0091915 0.0000010 0.0000010 0.0000010 0.0002217 0.0000000 0.0022253 0.0082076 0.0167194 0.0080132 0.0079422 0.0073887 0.0004478 0.0008876 0.0008996 0.0006654 0.0070173 0.0117906 0.0037026 0.0117966 0.0116106 0.0013737 0.0008876 0.0011143 0.0004855 0.0009864 0.0004493 0.0008873 0.0011412 0.0011503 0.0081751 0.0070051 0.0070107 0.0064951 0.0064831 0.0070559 0.0061678 0.0064187 0.0070640 0.0068172 0.0028950 0.0067027 0.0089166 0.0070223 0.0031194 0.0031708 0.0138665 0.0011105 0.0006750 0.0015558 0.0246680 0.0035956 0.0101875 0.0009069 0.0040961 0.0029433 0.0009004 0.0134850 0.0030887 0.0038042 0.0031931 0.0006847 0.0006941 0.0006671 0.0006705 0.0006752 0.0017390 0.0011101 0.0004678 0.0006805 0.0009909 0.0006657 0.0009008 0.0006659 0.0155242 0.0011517 0.0070805 0.0006655 0.0080935 
Dleu_RYR2         0.0080597 0.0086768 0.0082400 0.0110583 0.0080248 0.0074871 0.0072701 0.0120348 0.0236321 0.0068228 0.0104130 0.0089510 0.0134929 0.0029781 0.0024345 0.0088237 0.0022026 0.0023385 0.0021629 0.0024067 0.0022253 0.0000000 0.0076987 0.0162446 0.0076318 0.0074569 0.0100693 0.0017339 0.0021609 0.0021710 0.0022050 0.0063675 0.0151079 0.0033987 0.0123131 0.0108140 0.0026841 0.0044521 0.0023743 0.0018864 0.0024262 0.0017555 0.0050493 0.0022311 0.0024634 0.0077471 0.0063321 0.0063939 0.0072791 0.0060460 0.0064015 0.0063907 0.0060621 0.0065761 0.0063882 0.0006003 0.0060805 0.0084632 0.0065627 0.0046878 0.0021611 0.0130687 0.0023751 0.0019786 0.0052634 0.0260401 0.0032578 0.0116883 0.0022121 0.0034466 0.0019812 0.0022047 0.0133554 0.0020913 0.0071649 0.0021674 0.0019821 0.0020324 0.0019445 0.0019824 0.0019789 0.0025667 0.0023901 0.0018421 0.0020106 0.0024494 0.0019544 0.0021916 0.0019346 0.0151644 0.0024656 0.0064254 0.0030166 0.0081894 
EausAUS_RYR2      0.0054858 0.0121044 0.0109884 0.0085752 0.0057752 0.0053056 0.0047904 0.0104064 0.0203519 0.0043229 0.0075999 0.0054700 0.0137540 0.0080772 0.0079129 0.0064963 0.0080668 0.0086472 0.0079775 0.0083713 0.0082076 0.0076987 0.0000000 0.0158521 0.0009242 0.0011295 0.0075780 0.0075527 0.0079724 0.0080757 0.0079225 0.0098150 0.0130730 0.0089296 0.0108549 0.0109260 0.0082514 0.0076971 0.0077084 0.0074781 0.0087260 0.0077121 0.0077019 0.0079737 0.0077105 0.0104605 0.0092103 0.0091977 0.0087980 0.0088899 0.0087181 0.0100797 0.0086165 0.0093771 0.0085062 0.0083646 0.0084400 0.0109893 0.0092192 0.0081472 0.0080982 0.0132946 0.0082542 0.0078945 0.0083700 0.0236729 0.0073677 0.0099614 0.0082337 0.0095913 0.0079621 0.0080770 0.0129862 0.0083514 0.0090703 0.0083767 0.0079084 0.0077017 0.0078109 0.0079098 0.0072651 0.0084209 0.0082398 0.0079718 0.0079577 0.0087325 0.0077895 0.0073492 0.0077094 0.0151456 0.0077523 0.0086887 0.0079237 0.0109572 
Ecab_RYR2         0.0171487 0.0199683 0.0216587 0.0200598 0.0165101 0.0156358 0.0156730 0.0217288 0.0288829 0.0150273 0.0194236 0.0183276 0.0159433 0.0184192 0.0170869 0.0169814 0.0165504 0.0178408 0.0164667 0.0173241 0.0167194 0.0162446 0.0158521 0.0000000 0.0159675 0.0158316 0.0188131 0.0160557 0.0164505 0.0165285 0.0169186 0.0182280 0.0206184 0.0147626 0.0233766 0.0215375 0.0167930 0.0193266 0.0166536 0.0167661 0.0177370 0.0162608 0.0197280 0.0172192 0.0168196 0.0213414 0.0170969 0.0180523 0.0200383 0.0183487 0.0180741 0.0155388 0.0183963 0.0181697 0.0188933 0.0169229 0.0182224 0.0206154 0.0185389 0.0198969 0.0164524 0.0151080 0.0164229 0.0165193 0.0201675 0.0287994 0.0162256 0.0229545 0.0166205 0.0201111 0.0163118 0.0167939 0.0265272 0.0169999 0.0225267 0.0176322 0.0162953 0.0160043 0.0162257 0.0165513 0.0165203 0.0139586 0.0160546 0.0168404 0.0167911 0.0179115 0.0160608 0.0164404 0.0158952 0.0174158 0.0166044 0.0181432 0.0179949 0.0201529 
Egla13086_RYR2    0.0050734 0.0119685 0.0109798 0.0079296 0.0053560 0.0047053 0.0044150 0.0102430 0.0200013 0.0037885 0.0071160 0.0048269 0.0132865 0.0079223 0.0077591 0.0060211 0.0079887 0.0083224 0.0079926 0.0083388 0.0080132 0.0076318 0.0009242 0.0159675 0.0000000 0.0002311 0.0073084 0.0075419 0.0077051 0.0078717 0.0078670 0.0099235 0.0123348 0.0083531 0.0104822 0.0104708 0.0079356 0.0076302 0.0077385 0.0074968 0.0081972 0.0075003 0.0076351 0.0077389 0.0076777 0.0108446 0.0094190 0.0089423 0.0090204 0.0088872 0.0087618 0.0096912 0.0084431 0.0095616 0.0085748 0.0080995 0.0088918 0.0116489 0.0091990 0.0081033 0.0080062 0.0128044 0.0081113 0.0076419 0.0083375 0.0238152 0.0070254 0.0097768 0.0079645 0.0091622 0.0077370 0.0077085 0.0131604 0.0080015 0.0090738 0.0079122 0.0077539 0.0077326 0.0076395 0.0076395 0.0069928 0.0080516 0.0081773 0.0077115 0.0077032 0.0083158 0.0077049 0.0077629 0.0077015 0.0154651 0.0079334 0.0089687 0.0078683 0.0107204 
Ejap43864_RYR2    0.0051844 0.0122839 0.0112396 0.0082773 0.0050491 0.0043670 0.0041495 0.0097803 0.0205184 0.0034751 0.0068113 0.0044928 0.0132126 0.0080938 0.0075783 0.0062554 0.0077966 0.0081170 0.0077575 0.0081474 0.0079422 0.0074569 0.0011295 0.0158316 0.0002311 0.0000000 0.0071278 0.0073658 0.0078003 0.0075140 0.0076866 0.0095129 0.0115964 0.0086571 0.0106978 0.0107491 0.0080899 0.0074553 0.0075587 0.0073798 0.0084131 0.0073270 0.0074600 0.0076036 0.0077336 0.0108665 0.0090253 0.0087172 0.0085843 0.0087436 0.0085524 0.0100077 0.0085748 0.0091279 0.0086996 0.0081407 0.0086814 0.0112977 0.0091602 0.0079174 0.0078203 0.0127415 0.0079711 0.0073275 0.0081461 0.0229786 0.0074337 0.0097799 0.0077311 0.0093346 0.0075262 0.0077591 0.0131395 0.0078827 0.0088646 0.0078681 0.0075769 0.0077713 0.0074793 0.0075754 0.0070483 0.0079108 0.0080348 0.0075877 0.0075691 0.0084384 0.0075707 0.0077543 0.0075297 0.0148626 0.0078076 0.0087551 0.0076878 0.0104380 
Erob133443_RYR2   0.0066045 0.0111018 0.0135838 0.0032601 0.0069280 0.0062201 0.0060467 0.0121932 0.0223560 0.0052743 0.0023957 0.0063565 0.0161587 0.0116701 0.0107452 0.0095025 0.0104135 0.0074545 0.0101454 0.0107727 0.0073887 0.0100693 0.0075780 0.0188131 0.0073084 0.0071278 0.0000000 0.0099417 0.0103089 0.0103793 0.0103032 0.0122835 0.0149633 0.0115768 0.0140606 0.0139967 0.0109948 0.0100671 0.0105850 0.0107727 0.0079251 0.0097437 0.0105335 0.0107175 0.0108093 0.0101995 0.0119345 0.0114575 0.0112127 0.0114835 0.0116296 0.0129055 0.0111130 0.0118368 0.0114081 0.0107637 0.0114842 0.0138028 0.0114123 0.0105385 0.0104848 0.0156778 0.0105488 0.0099538 0.0107710 0.0271000 0.0101865 0.0128979 0.0101960 0.0129766 0.0099948 0.0103547 0.0113610 0.0104559 0.0115105 0.0102664 0.0101035 0.0104359 0.0101026 0.0102078 0.0100753 0.0121671 0.0105446 0.0098075 0.0096501 0.0110223 0.0100796 0.0103484 0.0100838 0.0180840 0.0109129 0.0111549 0.0103049 0.0137666 
Fatt_RYR2         0.0074686 0.0081207 0.0080651 0.0110334 0.0078800 0.0073387 0.0071749 0.0121756 0.0230563 0.0067718 0.0103743 0.0074478 0.0137431 0.0009894 0.0006736 0.0087543 0.0004434 0.0004703 0.0004353 0.0006491 0.0004478 0.0017339 0.0075527 0.0160557 0.0075419 0.0073658 0.0099417 0.0000000 0.0004348 0.0002202 0.0002161 0.0062078 0.0119288 0.0031159 0.0108140 0.0107742 0.0009081 0.0004325 0.0006516 0.0002397 0.0004924 0.0000010 0.0004323 0.0006789 0.0006700 0.0073538 0.0061673 0.0062338 0.0056711 0.0057000 0.0062413 0.0055616 0.0057018 0.0062470 0.0062032 0.0023858 0.0059139 0.0081546 0.0062224 0.0026040 0.0026602 0.0132841 0.0006569 0.0002230 0.0010829 0.0237429 0.0033210 0.0092504 0.0004488 0.0034438 0.0024658 0.0004437 0.0124239 0.0026055 0.0034894 0.0027022 0.0002235 0.0002271 0.0002191 0.0002234 0.0002231 0.0014404 0.0006560 0.0000010 0.0002249 0.0004934 0.0002185 0.0004412 0.0002163 0.0146705 0.0006769 0.0062648 0.0002162 0.0074857 
Ggri_RYR2         0.0078838 0.0081207 0.0083280 0.0111650 0.0083044 0.0077596 0.0075679 0.0125796 0.0230563 0.0069894 0.0107622 0.0078620 0.0141427 0.0012370 0.0011192 0.0089100 0.0008840 0.0009409 0.0008680 0.0010785 0.0008876 0.0021609 0.0079724 0.0164505 0.0077051 0.0078003 0.0103089 0.0004348 0.0000000 0.0004389 0.0006465 0.0063729 0.0123327 0.0031159 0.0110098 0.0109188 0.0011247 0.0008624 0.0010828 0.0007167 0.0007323 0.0004414 0.0008621 0.0011215 0.0011170 0.0076042 0.0061455 0.0063987 0.0058706 0.0056477 0.0064070 0.0058126 0.0058826 0.0064491 0.0059535 0.0023781 0.0060851 0.0083099 0.0063931 0.0030300 0.0030944 0.0136846 0.0010855 0.0004421 0.0015115 0.0241409 0.0035243 0.0098907 0.0008949 0.0034438 0.0029051 0.0004422 0.0131077 0.0028157 0.0039137 0.0029192 0.0004455 0.0006814 0.0006553 0.0006645 0.0006634 0.0014235 0.0010840 0.0004594 0.0006686 0.0007328 0.0006500 0.0008795 0.0006470 0.0150684 0.0011181 0.0064309 0.0006466 0.0074867 
Gmac39091_RYR2    0.0079206 0.0083514 0.0085079 0.0113060 0.0084113 0.0078602 0.0075959 0.0126389 0.0225228 0.0072169 0.0107440 0.0078986 0.0142094 0.0012371 0.0008986 0.0091380 0.0006679 0.0004695 0.0006593 0.0010835 0.0008996 0.0021710 0.0080757 0.0165285 0.0078717 0.0075140 0.0103793 0.0002202 0.0004389 0.0000000 0.0006495 0.0067218 0.0123907 0.0036840 0.0112837 0.0111390 0.0013479 0.0008664 0.0010966 0.0007164 0.0009679 0.0002218 0.0008661 0.0011273 0.0011384 0.0080994 0.0066165 0.0064888 0.0063414 0.0062782 0.0067541 0.0064208 0.0063459 0.0068987 0.0066445 0.0026067 0.0064043 0.0088300 0.0068438 0.0030431 0.0030932 0.0137490 0.0008771 0.0004414 0.0015186 0.0242637 0.0037287 0.0099371 0.0004441 0.0034724 0.0026617 0.0004426 0.0126228 0.0028112 0.0039319 0.0028931 0.0004424 0.0006850 0.0004366 0.0004452 0.0006624 0.0017237 0.0010984 0.0002312 0.0006730 0.0007327 0.0006586 0.0008864 0.0006552 0.0153684 0.0011395 0.0067798 0.0006496 0.0076796 
Gmel_RYR2         0.0087052 0.0086710 0.0085022 0.0112991 0.0082517 0.0077109 0.0075009 0.0128721 0.0235870 0.0070616 0.0106606 0.0097812 0.0149643 0.0012369 0.0008828 0.0090667 0.0006589 0.0006994 0.0006471 0.0011990 0.0006654 0.0022050 0.0079225 0.0169186 0.0078670 0.0076866 0.0103032 0.0002161 0.0006465 0.0006495 0.0000000 0.0065901 0.0151400 0.0033975 0.0116573 0.0110546 0.0011152 0.0026167 0.0008610 0.0002352 0.0007256 0.0002188 0.0038303 0.0008894 0.0008932 0.0080285 0.0065615 0.0066175 0.0070583 0.0062730 0.0066254 0.0063833 0.0062984 0.0067986 0.0066374 0.0028112 0.0063088 0.0086962 0.0067923 0.0059212 0.0028113 0.0145373 0.0008613 0.0004385 0.0044425 0.0276739 0.0034922 0.0106142 0.0006618 0.0037574 0.0026433 0.0006595 0.0129782 0.0027904 0.0069384 0.0028920 0.0004392 0.0004503 0.0004309 0.0004393 0.0004385 0.0017078 0.0008667 0.0002296 0.0004455 0.0007325 0.0004331 0.0006556 0.0004287 0.0166440 0.0008940 0.0066501 0.0018035 0.0079275 
Hamp_RYR2         0.0097450 0.0035524 0.0036199 0.0134645 0.0097196 0.0096026 0.0094746 0.0140596 0.0271506 0.0089333 0.0126238 0.0097184 0.0144895 0.0075840 0.0070507 0.0112146 0.0067592 0.0067211 0.0066343 0.0070367 0.0070173 0.0063675 0.0098150 0.0182280 0.0099235 0.0095129 0.0122835 0.0062078 0.0063729 0.0067218 0.0065901 0.0000000 0.0142553 0.0062995 0.0126918 0.0129164 0.0071159 0.0063661 0.0068161 0.0072893 0.0077364 0.0063014 0.0068107 0.0072925 0.0070349 0.0019652 0.0015877 0.0017672 0.0015249 0.0018022 0.0019742 0.0019270 0.0014076 0.0017725 0.0019810 0.0070312 0.0013422 0.0032063 0.0018207 0.0068133 0.0069611 0.0149439 0.0070864 0.0067674 0.0070357 0.0257664 0.0069110 0.0120175 0.0068470 0.0079919 0.0065828 0.0069959 0.0138305 0.0066751 0.0077283 0.0063962 0.0065888 0.0067217 0.0066854 0.0067804 0.0067658 0.0066860 0.0070741 0.0065631 0.0068215 0.0069771 0.0066279 0.0069537 0.0065970 0.0161164 0.0070718 0.0022136 0.0065912 0.0041281 
Hippo_RYR2        0.0143734 0.0156000 0.0156368 0.0160935 0.0125553 0.0121861 0.0114202 0.0213132 0.0282250 0.0120715 0.0148549 0.0141102 0.0174461 0.0123976 0.0119570 0.0137017 0.0116725 0.0124045 0.0121295 0.0151549 0.0117906 0.0151079 0.0130730 0.0206184 0.0123348 0.0115964 0.0149633 0.0119288 0.0123327 0.0123907 0.0151400 0.0142553 0.0000000 0.0117985 0.0195068 0.0160919 0.0120720 0.0148415 0.0123270 0.0120333 0.0121191 0.0113983 0.0152633 0.0120486 0.0125678 0.0163095 0.0137393 0.0136177 0.0180953 0.0140677 0.0138594 0.0125820 0.0129792 0.0139838 0.0141968 0.0157864 0.0136886 0.0162204 0.0139811 0.0165881 0.0130019 0.0170107 0.0116589 0.0116447 0.0157263 0.0275767 0.0118117 0.0187589 0.0119420 0.0160528 0.0123385 0.0119027 0.0180807 0.0127959 0.0192699 0.0130200 0.0118977 0.0110359 0.0114399 0.0116670 0.0112036 0.0119045 0.0121780 0.0117302 0.0118345 0.0122368 0.0117278 0.0118380 0.0116078 0.0191814 0.0123440 0.0139119 0.0140670 0.0155554 
Igeo_RYR2         0.0083103 0.0080379 0.0078822 0.0123027 0.0092029 0.0083290 0.0083308 0.0144712 0.0287837 0.0077012 0.0112817 0.0085722 0.0127515 0.0045309 0.0040443 0.0086925 0.0036889 0.0038661 0.0037142 0.0036843 0.0037026 0.0033987 0.0089296 0.0147626 0.0083531 0.0086571 0.0115768 0.0031159 0.0031159 0.0036840 0.0033975 0.0062995 0.0117985 0.0000000 0.0118136 0.0114576 0.0039744 0.0031140 0.0039891 0.0035858 0.0035604 0.0031393 0.0033976 0.0037008 0.0039923 0.0069166 0.0061125 0.0059741 0.0053966 0.0060187 0.0060484 0.0061551 0.0051692 0.0062609 0.0058816 0.0039683 0.0060654 0.0085051 0.0060155 0.0048249 0.0049242 0.0130375 0.0034016 0.0031159 0.0036838 0.0194093 0.0034843 0.0109356 0.0034266 0.0055258 0.0045771 0.0034022 0.0141183 0.0046175 0.0054189 0.0046668 0.0031393 0.0031847 0.0031159 0.0031172 0.0033985 0.0034386 0.0036861 0.0031846 0.0033994 0.0035519 0.0031165 0.0033996 0.0031149 0.0130091 0.0037591 0.0060485 0.0033982 0.0071066 
Kbre_RYR2         0.0129566 0.0149745 0.0138068 0.0142102 0.0105334 0.0108616 0.0102826 0.0175936 0.0277141 0.0099315 0.0146407 0.0126850 0.0196738 0.0121291 0.0114968 0.0132313 0.0112176 0.0116697 0.0114634 0.0112468 0.0117966 0.0123131 0.0108549 0.0233766 0.0104822 0.0106978 0.0140606 0.0108140 0.0110098 0.0112837 0.0116573 0.0126918 0.0195068 0.0118136 0.0000000 0.0006907 0.0116209 0.0110137 0.0116593 0.0110544 0.0118774 0.0111854 0.0131398 0.0115848 0.0113957 0.0154801 0.0126059 0.0127335 0.0126606 0.0122453 0.0127487 0.0129699 0.0127668 0.0122008 0.0124380 0.0110635 0.0125536 0.0150708 0.0126017 0.0129346 0.0114527 0.0194507 0.0116635 0.0107468 0.0118773 0.0306728 0.0111077 0.0048315 0.0117278 0.0137469 0.0114447 0.0107768 0.0056747 0.0113668 0.0123169 0.0115383 0.0107654 0.0115043 0.0112303 0.0109928 0.0114323 0.0107208 0.0117378 0.0112648 0.0111507 0.0122444 0.0112878 0.0111606 0.0111722 0.0218053 0.0116462 0.0123352 0.0112371 0.0139741 
Ksim_RYR2         0.0113006 0.0154616 0.0142317 0.0140334 0.0112355 0.0104667 0.0102645 0.0166415 0.0277671 0.0098443 0.0141323 0.0105564 0.0168404 0.0120990 0.0117729 0.0132555 0.0114690 0.0116420 0.0114747 0.0110609 0.0116106 0.0108140 0.0109260 0.0215375 0.0104708 0.0107491 0.0139967 0.0107742 0.0109188 0.0111390 0.0110546 0.0129164 0.0160919 0.0114576 0.0006907 0.0000000 0.0117349 0.0108115 0.0116388 0.0111717 0.0118481 0.0109702 0.0112914 0.0117417 0.0115468 0.0158760 0.0128703 0.0125933 0.0124691 0.0127165 0.0127365 0.0136472 0.0128579 0.0127897 0.0129485 0.0110552 0.0127664 0.0152970 0.0129741 0.0117699 0.0118959 0.0165891 0.0115453 0.0106615 0.0115359 0.0280536 0.0110406 0.0051084 0.0115344 0.0140967 0.0116861 0.0109249 0.0058569 0.0118495 0.0127747 0.0119831 0.0110681 0.0111374 0.0110619 0.0111654 0.0110573 0.0103120 0.0116409 0.0113432 0.0112537 0.0121974 0.0111582 0.0113950 0.0111532 0.0182956 0.0119430 0.0126843 0.0110565 0.0138798 
Lacu_RYR2         0.0083885 0.0096661 0.0089353 0.0117053 0.0087819 0.0081027 0.0080693 0.0132557 0.0231667 0.0077039 0.0110480 0.0081365 0.0146415 0.0020012 0.0015998 0.0095659 0.0013585 0.0014359 0.0013592 0.0015628 0.0013737 0.0026841 0.0082514 0.0167930 0.0079356 0.0080899 0.0109948 0.0009081 0.0011247 0.0013479 0.0011152 0.0071159 0.0120720 0.0039744 0.0116209 0.0117349 0.0000000 0.0013389 0.0015823 0.0012236 0.0014548 0.0009037 0.0013384 0.0015957 0.0011483 0.0084514 0.0075268 0.0075097 0.0072076 0.0071204 0.0073875 0.0073648 0.0071199 0.0077383 0.0075124 0.0031344 0.0072107 0.0097661 0.0076524 0.0035846 0.0036438 0.0141666 0.0015635 0.0008923 0.0020115 0.0248038 0.0042292 0.0102334 0.0013749 0.0044425 0.0034320 0.0011330 0.0132925 0.0035544 0.0045022 0.0036830 0.0011318 0.0011541 0.0011178 0.0011252 0.0011231 0.0023199 0.0015758 0.0009343 0.0011419 0.0014687 0.0011249 0.0013498 0.0011253 0.0155826 0.0016235 0.0075902 0.0011153 0.0088783 
Lalb_RYR2         0.0095534 0.0083487 0.0082380 0.0110558 0.0080231 0.0074855 0.0072685 0.0150556 0.0229455 0.0068213 0.0104105 0.0097705 0.0171741 0.0014852 0.0011040 0.0085881 0.0008790 0.0009331 0.0008632 0.0026175 0.0008876 0.0044521 0.0076971 0.0193266 0.0076302 0.0074553 0.0100671 0.0004325 0.0008624 0.0008664 0.0026167 0.0063661 0.0148415 0.0031140 0.0110137 0.0108115 0.0013389 0.0000000 0.0010768 0.0007062 0.0004839 0.0004379 0.0038324 0.0011124 0.0011171 0.0077451 0.0063308 0.0063926 0.0076963 0.0060447 0.0064002 0.0060633 0.0060607 0.0065748 0.0063867 0.0036378 0.0060792 0.0084614 0.0065613 0.0052601 0.0025933 0.0167405 0.0008622 0.0006580 0.0022131 0.0272323 0.0032571 0.0106356 0.0008828 0.0037575 0.0024214 0.0008799 0.0133506 0.0025560 0.0048505 0.0026490 0.0002197 0.0002252 0.0006467 0.0006593 0.0006581 0.0014230 0.0006502 0.0004594 0.0006686 0.0004885 0.0002166 0.0004372 0.0002144 0.0184576 0.0011181 0.0064240 0.0022135 0.0079277 
Laus_RYR2         0.0080936 0.0087774 0.0085907 0.0116950 0.0084831 0.0079390 0.0078009 0.0127857 0.0230563 0.0074293 0.0110592 0.0080713 0.0138982 0.0002481 0.0004449 0.0094367 0.0011034 0.0011817 0.0010835 0.0012928 0.0011143 0.0023743 0.0077084 0.0166536 0.0077385 0.0075587 0.0105850 0.0006516 0.0010828 0.0010966 0.0008610 0.0068161 0.0123270 0.0039891 0.0116593 0.0116388 0.0015823 0.0010768 0.0000000 0.0004750 0.0012270 0.0006651 0.0006457 0.0008974 0.0008938 0.0084388 0.0070498 0.0070938 0.0065181 0.0065829 0.0070750 0.0064611 0.0066216 0.0071087 0.0069833 0.0030250 0.0063102 0.0085393 0.0071125 0.0032428 0.0033105 0.0134412 0.0013087 0.0008885 0.0017255 0.0237525 0.0040130 0.0100990 0.0011176 0.0044133 0.0031239 0.0011048 0.0133532 0.0033000 0.0041265 0.0034074 0.0008901 0.0009129 0.0008730 0.0008902 0.0004441 0.0020044 0.0013065 0.0006924 0.0008956 0.0012277 0.0008705 0.0010982 0.0008617 0.0152724 0.0008984 0.0068779 0.0008611 0.0080487 
Lbor_RYR2         0.0071504 0.0087028 0.0087876 0.0107878 0.0070200 0.0065620 0.0061780 0.0120492 0.0236702 0.0073649 0.0106326 0.0066655 0.0139965 0.0005200 0.0004796 0.0083809 0.0004811 0.0005055 0.0004780 0.0007064 0.0004855 0.0018864 0.0074781 0.0167661 0.0074968 0.0073798 0.0107727 0.0002397 0.0007167 0.0007164 0.0002352 0.0072893 0.0120333 0.0035858 0.0110544 0.0111717 0.0012236 0.0007062 0.0004750 0.0000000 0.0007818 0.0002416 0.0002352 0.0004769 0.0004890 0.0087222 0.0070661 0.0073129 0.0068936 0.0068862 0.0070869 0.0066474 0.0068222 0.0074478 0.0070172 0.0025958 0.0069572 0.0094463 0.0073964 0.0030729 0.0031258 0.0137439 0.0009548 0.0004804 0.0014147 0.0215115 0.0035183 0.0095961 0.0004831 0.0039385 0.0029201 0.0007229 0.0131618 0.0029946 0.0040387 0.0030697 0.0004769 0.0004863 0.0004750 0.0004770 0.0000010 0.0018524 0.0009562 0.0002519 0.0004845 0.0007844 0.0004778 0.0007182 0.0004750 0.0145068 0.0004824 0.0070574 0.0004706 0.0084642 
Lhos30470_RYR2    0.0086149 0.0086824 0.0089839 0.0085392 0.0090501 0.0082080 0.0082125 0.0131286 0.0244050 0.0077972 0.0073779 0.0083408 0.0143910 0.0015767 0.0012304 0.0091992 0.0009781 0.0010064 0.0009839 0.0012107 0.0009864 0.0024262 0.0087260 0.0177370 0.0081972 0.0084131 0.0079251 0.0004924 0.0007323 0.0009679 0.0007256 0.0077364 0.0121191 0.0035604 0.0118774 0.0118481 0.0014548 0.0004839 0.0012270 0.0007818 0.0000000 0.0004905 0.0009676 0.0012157 0.0012409 0.0087639 0.0076006 0.0071625 0.0073322 0.0071816 0.0075312 0.0063523 0.0071051 0.0078934 0.0073900 0.0029133 0.0073244 0.0100642 0.0076765 0.0034013 0.0034343 0.0141310 0.0009695 0.0004838 0.0012118 0.0251885 0.0039857 0.0103705 0.0007307 0.0040210 0.0031844 0.0007328 0.0139405 0.0032245 0.0041494 0.0033475 0.0002434 0.0002490 0.0007260 0.0007329 0.0007258 0.0018655 0.0007327 0.0005021 0.0007322 0.0005102 0.0002441 0.0004881 0.0002440 0.0156816 0.0007478 0.0077509 0.0002418 0.0088326 
