92
Bacu_CASQ1         0.0000000 0.0674781 0.0635000 0.0056894 0.0194153 0.0209892 0.0173860 0.0154002 0.0364635 0.0176242 0.2656389 0.0693249 0.0652938 0.2457930 0.0479562 0.0652797 0.0704784 0.0698723 0.0644227 0.0847172 0.0461667 0.0439267 0.0392915 0.0282097 0.0766818 0.0623998 0.0715856 0.0703878 0.0697019 0.1500270 0.0812441 0.0630060 0.0709257 0.0654365 0.0885921 0.0748498 0.0687298 0.0723716 0.0716560 0.0672526 0.0701930 0.0713761 0.0728872 0.0505297 0.0696234 0.0787839 0.0731575 0.0748014 0.0785997 0.0919744 0.0859438 0.0787910 0.0824812 0.0806262 0.0817502 0.0731575 0.0823294 0.0756748 0.0991785 0.0797311 0.2404423 0.0654374 0.0674954 0.0815235 0.2284012 0.0766256 0.0645555 0.0689067 0.1091043 0.0739130 0.0780192 0.0677844 0.0779719 0.0670001 0.0809577 0.0672443 0.0720661 0.0623998 0.0674282 0.0701016 0.0815559 0.0644227 0.0720661 0.0683195 0.0747668 0.0652697 0.0683076 0.0652697 0.2261141 0.0739268 0.0680125 0.0868729 
Barn_CASQ1         0.0674781 0.0000000 0.0000010 0.0770346 0.0682644 0.0682644 0.0671047 0.0672194 0.0765316 0.0766022 0.3243837 0.0761509 0.0808773 0.2983552 0.1020534 0.0906235 0.0906235 0.0906235 0.0906235 0.0809991 0.0904652 0.0810908 0.0810908 0.0876633 0.0966123 0.0859244 0.0966123 0.0966123 0.0212446 0.1435416 0.0082261 0.0863742 0.0667124 0.0620783 0.0908388 0.0958905 0.0808773 0.0808773 0.0956518 0.1057413 0.0761124 0.0761124 0.0856890 0.0763743 0.0212350 0.0255733 0.0212350 0.0220493 0.0440352 0.0525382 0.0228305 0.0212380 0.0255672 0.0392410 0.0809991 0.0212350 0.0256166 0.0255966 0.1372853 0.0923156 0.2954196 0.0810602 0.0858822 0.0903874 0.2922927 0.0810948 0.0668583 0.0918297 0.0808664 0.0849324 0.1012447 0.0714104 0.0902584 0.0849324 0.0746526 0.0906235 0.0906235 0.0859244 0.0908828 0.1004074 0.0943514 0.0906235 0.0906235 0.0906235 0.0906235 0.0906235 0.0906235 0.0906235 0.2012150 0.0865133 0.0212743 0.0176433 
Bbai76728_CASQ1    0.0635000 0.0000010 0.0000000 0.0705700 0.0596485 0.0652945 0.0597337 0.0598072 0.0702571 0.0716376 0.2927511 0.0680825 0.0675148 0.2751782 0.0962577 0.0751213 0.0734079 0.0819210 0.0734079 0.0734468 0.0869735 0.0792873 0.0736445 0.0746980 0.0869548 0.0714315 0.0796488 0.0776085 0.0220059 0.1459371 0.0082261 0.0825545 0.0643385 0.0574228 0.0868795 0.0828844 0.0718455 0.0713910 0.0790221 0.0843213 0.0628335 0.0637771 0.0771459 0.0630893 0.0192775 0.0238445 0.0182861 0.0246125 0.0384562 0.0452487 0.0222450 0.0182880 0.0272980 0.0312677 0.0698661 0.0219751 0.0273240 0.0204836 0.1140561 0.0774374 0.2674492 0.0676352 0.0699469 0.0767893 0.2632203 0.0819951 0.0701353 0.0759072 0.0913527 0.0745009 0.0878944 0.0681342 0.0831194 0.0728445 0.0653514 0.0769351 0.0795695 0.0714315 0.0771252 0.0805165 0.0943514 0.0734079 0.0795695 0.0751213 0.0795695 0.0751213 0.0789839 0.0751213 0.2262386 0.0699806 0.0168832 0.0163757 
BbonAUS_CASQ1      0.0056894 0.0770346 0.0705700 0.0000000 0.0260327 0.0281565 0.0232989 0.0233201 0.0414714 0.0248124 0.2856898 0.0724675 0.0711911 0.2638620 0.0542199 0.0718193 0.0732178 0.0769394 0.0698420 0.0930021 0.0501888 0.0474576 0.0444611 0.0356642 0.0810208 0.0678264 0.0748945 0.0733383 0.0811692 0.1607956 0.1007522 0.0763945 0.0751179 0.0695556 0.0890761 0.0781566 0.0751736 0.0757973 0.0746749 0.0730561 0.0731517 0.0746915 0.0800572 0.0637254 0.0774190 0.0787138 0.0848644 0.0820505 0.0899608 0.1042182 0.1002584 0.0872241 0.0895545 0.0934947 0.0896102 0.0848644 0.0893873 0.0826980 0.1169966 0.0836110 0.2569091 0.0713070 0.0732098 0.0826024 0.2525495 0.0808450 0.0733902 0.0753242 0.1100215 0.0812255 0.0822570 0.0717862 0.0854100 0.0792874 0.0894335 0.0730463 0.0751407 0.0678264 0.0732110 0.0762967 0.0962357 0.0698420 0.0751407 0.0711606 0.0751407 0.0711606 0.0746430 0.0711606 0.2158148 0.0737272 0.0785475 0.0937966 
Bbor_CASQ1         0.0194153 0.0682644 0.0596485 0.0260327 0.0000000 0.0000010 0.0000010 0.0063495 0.0291409 0.0136595 0.2629071 0.0561767 0.0569951 0.2442983 0.0326498 0.0556299 0.0601038 0.0620981 0.0564766 0.0815562 0.0350311 0.0348027 0.0324009 0.0194557 0.0665107 0.0533245 0.0609775 0.0602110 0.0753722 0.1412097 0.0898128 0.0630659 0.0648451 0.0579300 0.0752720 0.0645701 0.0612206 0.0599352 0.0607779 0.0599590 0.0600432 0.0607954 0.0663044 0.0497094 0.0752906 0.0809580 0.0795117 0.0761281 0.0855374 0.1014157 0.0844632 0.0809144 0.0851119 0.0883709 0.0778846 0.0795117 0.0849362 0.0774815 0.1073347 0.0739778 0.2372712 0.0570966 0.0600944 0.0703331 0.2229864 0.0620692 0.0636751 0.0613603 0.0975868 0.0757628 0.0689278 0.0611856 0.0724466 0.0739953 0.0751011 0.0599491 0.0611921 0.0571019 0.0600988 0.0634659 0.0888975 0.0564766 0.0611921 0.0569691 0.0611921 0.0569691 0.0607535 0.0569691 0.2118616 0.0664614 0.0729225 0.0899465 
Bede66737_CASQ1    0.0209892 0.0682644 0.0652945 0.0281565 0.0000010 0.0000000 0.0000010 0.0068534 0.0315048 0.0148327 0.2671229 0.0561767 0.0621293 0.2469820 0.0353222 0.0612753 0.0651495 0.0620981 0.0611921 0.0885291 0.0350311 0.0338441 0.0350311 0.0210364 0.0665107 0.0581160 0.0665107 0.0652758 0.0753722 0.1506943 0.0898128 0.0630659 0.0648451 0.0579300 0.0752720 0.0664200 0.0612206 0.0613101 0.0662746 0.0649796 0.0650789 0.0662942 0.0662368 0.0538491 0.0752906 0.0837519 0.0795117 0.0786053 0.0887560 0.1060221 0.0844632 0.0809144 0.0882730 0.0883709 0.0845170 0.0795117 0.0880745 0.0774815 0.1170503 0.0802234 0.2393443 0.0622501 0.0651395 0.0724308 0.2301635 0.0620692 0.0575173 0.0669680 0.0975868 0.0826701 0.0689278 0.0611856 0.0724466 0.0802486 0.0831414 0.0611921 0.0611921 0.0622547 0.0613353 0.0687969 0.0888975 0.0611921 0.0611921 0.0620981 0.0611921 0.0620981 0.0620981 0.0620981 0.2128706 0.0735540 0.0796606 0.0934118 
BedeAUS_CASQ1      0.0173860 0.0671047 0.0597337 0.0232989 0.0000010 0.0000010 0.0000000 0.0056962 0.0290616 0.0121614 0.2649556 0.0603938 0.0604114 0.2481204 0.0352447 0.0598705 0.0630116 0.0651930 0.0597376 0.0823007 0.0350311 0.0341002 0.0319877 0.0174185 0.0691121 0.0571268 0.0639832 0.0631128 0.0769667 0.1432533 0.0898128 0.0666929 0.0641133 0.0579617 0.0768690 0.0671875 0.0642120 0.0637060 0.0637969 0.0628755 0.0629548 0.0638128 0.0687921 0.0537292 0.0769717 0.0818324 0.0806194 0.0779733 0.0859099 0.1000085 0.0844632 0.0824464 0.0855299 0.0889250 0.0790028 0.0806194 0.0853727 0.0787431 0.1053417 0.0726941 0.2456272 0.0605073 0.0630033 0.0722084 0.2411627 0.0652804 0.0631100 0.0643422 0.0967820 0.0771765 0.0710968 0.0608570 0.0742264 0.0755027 0.0767914 0.0628666 0.0641852 0.0571268 0.0630067 0.0660340 0.0888769 0.0597376 0.0641852 0.0603866 0.0641852 0.0603866 0.0637733 0.0603866 0.2051257 0.0692110 0.0746705 0.0898311 
Bmus_CASQ1         0.0154002 0.0672194 0.0598072 0.0233201 0.0063495 0.0068534 0.0056962 0.0000000 0.0304699 0.0115968 0.2597254 0.0652765 0.0618491 0.2362376 0.0414037 0.0615121 0.0670042 0.0661382 0.0611720 0.0812100 0.0384494 0.0371277 0.0332594 0.0166457 0.0728377 0.0589877 0.0680477 0.0670523 0.0729138 0.1414179 0.0802344 0.0624595 0.0638609 0.0580286 0.0840003 0.0711166 0.0652188 0.0683021 0.0679663 0.0639681 0.0668686 0.0678508 0.0692712 0.0474389 0.0770836 0.0819405 0.0763680 0.0780784 0.0816261 0.0949937 0.0775344 0.0825774 0.0856451 0.0839898 0.0782829 0.0763680 0.0854874 0.0788462 0.0953883 0.0757057 0.2346773 0.0619837 0.0640588 0.0780666 0.2227370 0.0685723 0.0584632 0.0653854 0.1077823 0.0768300 0.0743811 0.0607717 0.0738909 0.0694608 0.0763991 0.0639601 0.0683492 0.0589877 0.0641338 0.0667817 0.0891303 0.0611720 0.0683492 0.0648353 0.0707155 0.0618267 0.0648241 0.0618267 0.2204203 0.0700082 0.0710065 0.0899511 
Bmys_CASQ1         0.0364635 0.0765316 0.0702571 0.0414714 0.0291409 0.0315048 0.0290616 0.0304699 0.0000000 0.0264339 0.2681498 0.0828533 0.0729675 0.2380311 0.0537858 0.0737342 0.0819623 0.0784691 0.0748850 0.0811532 0.0033689 0.0059823 0.0026836 0.0395987 0.0858784 0.0763734 0.0797690 0.0813746 0.0728480 0.1464425 0.0900405 0.0831184 0.0542135 0.0510458 0.0873463 0.0836736 0.0802811 0.0819405 0.0802234 0.0779402 0.0811323 0.0795176 0.0813217 0.0688924 0.0809795 0.0818681 0.0762982 0.0780067 0.0815569 0.0949137 0.0846139 0.0824899 0.0855693 0.0877180 0.0780187 0.0762982 0.0854119 0.0823350 0.1231702 0.0756620 0.2402865 0.0796887 0.0852678 0.0901781 0.2272213 0.0682654 0.0537376 0.0835593 0.0952032 0.0938690 0.0903950 0.0510443 0.0947224 0.0935010 0.0918320 0.0779307 0.0844931 0.0763734 0.0844008 0.0810219 0.0816085 0.0748850 0.0844931 0.0762237 0.0844931 0.0729380 0.0762097 0.0729380 0.2045776 0.0797661 0.0709468 0.0933922 
Bphy_CASQ1         0.0176242 0.0766022 0.0716376 0.0248124 0.0136595 0.0148327 0.0121614 0.0115968 0.0264339 0.0000000 0.2736254 0.0613062 0.0574977 0.2517928 0.0408295 0.0566896 0.0639435 0.0618118 0.0574754 0.0769478 0.0338907 0.0341387 0.0293888 0.0236444 0.0690229 0.0575885 0.0641349 0.0641349 0.0729004 0.1358918 0.0898791 0.0725364 0.0616132 0.0549747 0.0769580 0.0672602 0.0618378 0.0637829 0.0638663 0.0606467 0.0639344 0.0639344 0.0653790 0.0513233 0.0829944 0.0819201 0.0763519 0.0780605 0.0816068 0.0949620 0.0914539 0.0825522 0.0856213 0.0904441 0.0769478 0.0763519 0.0854638 0.0845180 0.1071305 0.0743427 0.2492345 0.0608164 0.0639346 0.0733739 0.2405361 0.0653565 0.0607572 0.0644782 0.1025801 0.0772585 0.0723315 0.0583228 0.0760204 0.0767322 0.0806900 0.0606379 0.0652691 0.0575885 0.0640243 0.0638392 0.0815559 0.0574754 0.0652691 0.0606997 0.0652691 0.0574754 0.0606884 0.0574754 0.1840579 0.0693275 0.0709953 0.0962585 
Btau_CASQ1         0.2656389 0.3243837 0.2927511 0.2856898 0.2629071 0.2671229 0.2649556 0.2597254 0.2681498 0.2736254 0.0000000 0.2617401 0.2664514 0.1005854 0.2948094 0.2739515 0.2605652 0.2699708 0.2498012 0.2572703 0.2895903 0.2959759 0.2715704 0.2677370 0.2674054 0.2666088 0.2638627 0.2474630 0.2842667 0.2915354 0.3298903 0.2465723 0.2571572 0.2537040 0.2972176 0.2818132 0.2523518 0.2877859 0.2779020 0.2552401 0.2499412 0.2664339 0.2599309 0.2538122 0.2645806 0.2840793 0.2743964 0.2933995 0.2862637 0.2962754 0.2523197 0.3118917 0.2936728 0.2890904 0.2533079 0.2793082 0.2980481 0.2705170 0.3002242 0.2677352 0.0851811 0.2708602 0.2674129 0.2641351 0.1413373 0.2977238 0.2378463 0.2730243 0.3090876 0.2900456 0.2451085 0.2453962 0.2645269 0.2595584 0.2835579 0.2532937 0.2584885 0.2588072 0.2427704 0.2499667 0.2681310 0.2498012 0.2584885 0.2626884 0.2619717 0.2662752 0.2625609 0.2662752 0.3216768 0.2593711 0.2659774 0.2949116 
Ccom40_CASQ1       0.0693249 0.0761509 0.0680825 0.0724675 0.0561767 0.0561767 0.0603938 0.0652765 0.0828533 0.0613062 0.2617401 0.0000000 0.0032600 0.2565713 0.0922386 0.0098418 0.0092165 0.0098418 0.0092165 0.0444832 0.0901042 0.0848436 0.0865054 0.0764622 0.0132132 0.0165248 0.0132132 0.0123688 0.0779257 0.1518514 0.0988622 0.0457152 0.0747605 0.0642855 0.0256422 0.0131974 0.0030541 0.0032600 0.0131722 0.0186205 0.0061307 0.0065457 0.0065418 0.0345817 0.0823083 0.0779396 0.0738123 0.0850755 0.0493338 0.0997216 0.0973668 0.0738475 0.0819902 0.0845363 0.0411698 0.0778076 0.0820795 0.0759378 0.0775091 0.0513485 0.2414943 0.0131798 0.0154668 0.0123111 0.2272720 0.0405910 0.0717877 0.0199682 0.0504307 0.0521200 0.0154693 0.0783557 0.0412145 0.0476746 0.0474739 0.0092165 0.0092165 0.0232890 0.0186275 0.0154424 0.0157482 0.0092165 0.0092165 0.0098418 0.0100229 0.0098418 0.0098418 0.0098418 0.2372993 0.0113105 0.0739465 0.0751455 
Chea7320_CASQ1     0.0652938 0.0808773 0.0675148 0.0711911 0.0569951 0.0621293 0.0604114 0.0618491 0.0729675 0.0574977 0.2664514 0.0032600 0.0000000 0.2546253 0.0852819 0.0057877 0.0083442 0.0056457 0.0052993 0.0326435 0.0903693 0.0836796 0.0760450 0.0709941 0.0113962 0.0133694 0.0106911 0.0106911 0.0760240 0.1485539 0.0988622 0.0364428 0.0678407 0.0644459 0.0229109 0.0111448 0.0000010 0.0030313 0.0083334 0.0133643 0.0053032 0.0053032 0.0054072 0.0242740 0.0867891 0.0781200 0.0725364 0.0849400 0.0514494 0.0913242 0.0920898 0.0779447 0.0815034 0.0859719 0.0326435 0.0759262 0.0849960 0.0804189 0.0662005 0.0421883 0.2416418 0.0106692 0.0111450 0.0160204 0.2126680 0.0396329 0.0703530 0.0189340 0.0451097 0.0400281 0.0142530 0.0711032 0.0362415 0.0410615 0.0347348 0.0079664 0.0059174 0.0188183 0.0188200 0.0106472 0.0126354 0.0052993 0.0059174 0.0079736 0.0064151 0.0052993 0.0079723 0.0052993 0.2093454 0.0059459 0.0674788 0.0850140 
Chir_CASQ1         0.2457930 0.2983552 0.2751782 0.2638620 0.2442983 0.2469820 0.2481204 0.2362376 0.2380311 0.2517928 0.1005854 0.2565713 0.2546253 0.0000000 0.2768554 0.2737919 0.2605568 0.2660913 0.2499285 0.2390664 0.2506568 0.2618351 0.2413406 0.2474691 0.2635477 0.2591890 0.2602072 0.2476204 0.2566132 0.2511352 0.2796980 0.2370399 0.2318211 0.2361939 0.2770041 0.2776919 0.2444309 0.2775993 0.2745536 0.2550673 0.2424586 0.2546122 0.2518468 0.2395957 0.2419567 0.2670465 0.2574973 0.2805456 0.2698972 0.2790310 0.2317307 0.2959286 0.2683454 0.2609910 0.2352468 0.2574978 0.2758959 0.2498055 0.2961397 0.2677519 0.0234783 0.2551783 0.2554983 0.2492629 0.1279837 0.2686746 0.2137200 0.2654221 0.2648953 0.2856924 0.2543516 0.2129487 0.2647055 0.2563014 0.2638568 0.2533770 0.2586107 0.2515272 0.2467300 0.2500921 0.2142542 0.2499285 0.2586107 0.2590662 0.2662986 0.2625997 0.2589419 0.2625997 0.3051502 0.2425283 0.2503273 0.2737974 
Cmar59905_CASQ1    0.0479562 0.1020534 0.0962577 0.0542199 0.0326498 0.0353222 0.0352447 0.0414037 0.0537858 0.0408295 0.2948094 0.0922386 0.0852819 0.2768554 0.0000000 0.0876197 0.0899432 0.0924020 0.0864440 0.1097061 0.0651926 0.0573215 0.0568039 0.0542674 0.0966507 0.0816594 0.0892447 0.0900952 0.1045147 0.1641516 0.1533175 0.0992677 0.0855913 0.0769527 0.1045603 0.0852265 0.0930187 0.0915970 0.0889840 0.0897404 0.0897413 0.0888713 0.0946852 0.0732714 0.1017889 0.1076786 0.1083249 0.1046463 0.1121503 0.1268031 0.1142942 0.1136206 0.1116055 0.1226365 0.1062274 0.1083249 0.1113872 0.1082329 0.1347254 0.1044167 0.2740416 0.0852231 0.0896141 0.0995066 0.2654671 0.0919849 0.0896238 0.0894205 0.1340434 0.1023973 0.1004582 0.0891114 0.1030409 0.1024588 0.1095439 0.0897297 0.0931099 0.0816594 0.0896097 0.0930733 0.1129016 0.0864440 0.0931099 0.0853675 0.0931099 0.0853675 0.0889394 0.0853675 0.2311511 0.1022773 0.1001189 0.1189800 
Dcap108471_CASQ1   0.0652797 0.0906235 0.0751213 0.0718193 0.0556299 0.0612753 0.0598705 0.0615121 0.0737342 0.0566896 0.2739515 0.0098418 0.0057877 0.2737919 0.0876197 0.0000000 0.0000010 0.0000010 0.0000010 0.0419225 0.0931258 0.0856577 0.0771267 0.0715695 0.0062288 0.0087178 0.0058091 0.0058091 0.0850688 0.1550497 0.1087796 0.0419139 0.0797040 0.0720170 0.0218799 0.0060785 0.0062031 0.0091460 0.0030295 0.0087139 0.0116478 0.0116478 0.0118998 0.0296202 0.0993930 0.0872524 0.0811439 0.0860440 0.0570056 0.1015999 0.1063122 0.0863744 0.0910459 0.0941061 0.0419225 0.0849461 0.0911384 0.0906044 0.0728210 0.0470135 0.2593187 0.0116596 0.0122320 0.0145781 0.2364026 0.0443840 0.0806689 0.0116956 0.0503592 0.0443494 0.0093484 0.0832249 0.0404611 0.0449553 0.0431084 0.0028839 0.0000010 0.0146147 0.0146171 0.0057835 0.0000010 0.0000010 0.0000010 0.0028866 0.0000010 0.0000010 0.0028867 0.0000010 0.2215654 0.0032745 0.0748676 0.0869754 
Dcap79929_CASQ1    0.0704784 0.0906235 0.0734079 0.0732178 0.0601038 0.0651495 0.0630116 0.0670042 0.0819623 0.0639435 0.2605652 0.0092165 0.0083442 0.2605568 0.0899432 0.0000010 0.0000000 0.0029555 0.0026165 0.0435369 0.0958332 0.0872781 0.0850383 0.0765796 0.0059481 0.0083508 0.0055645 0.0052619 0.0922028 0.1602968 0.1087796 0.0482418 0.0845213 0.0794876 0.0263205 0.0083495 0.0084020 0.0091460 0.0055500 0.0105563 0.0105527 0.0111616 0.0142805 0.0378010 0.0969005 0.0891204 0.0884196 0.0890136 0.0645490 0.1077214 0.1076218 0.0863744 0.0925675 0.0964719 0.0407001 0.0920749 0.0961367 0.0894409 0.0654329 0.0427652 0.2475219 0.0111676 0.0132291 0.0158534 0.2223162 0.0501031 0.0847684 0.0140858 0.0503592 0.0432963 0.0084095 0.0876760 0.0371810 0.0406072 0.0420461 0.0052444 0.0027852 0.0139965 0.0132319 0.0078850 0.0126897 0.0026165 0.0027852 0.0027662 0.0030045 0.0027662 0.0055494 0.0027662 0.2459897 0.0062332 0.0818394 0.0935775 
DdelSJR_CASQ1      0.0698723 0.0906235 0.0819210 0.0769394 0.0620981 0.0620981 0.0651930 0.0661382 0.0784691 0.0618118 0.2699708 0.0098418 0.0056457 0.2660913 0.0924020 0.0000010 0.0029555 0.0000000 0.0000010 0.0408699 0.0903200 0.0863791 0.0817815 0.0764375 0.0056661 0.0085032 0.0056661 0.0056661 0.0831530 0.1647943 0.1087796 0.0406500 0.0748620 0.0714259 0.0229123 0.0029567 0.0056457 0.0065339 0.0029516 0.0084994 0.0113606 0.0113606 0.0084919 0.0318185 0.0953891 0.0879265 0.0796256 0.0877656 0.0585298 0.1018082 0.0993004 0.0863744 0.0915995 0.0941061 0.0408699 0.0830451 0.0954024 0.0879905 0.0709119 0.0455987 0.2520290 0.0113720 0.0119156 0.0141985 0.2259694 0.0465244 0.0720177 0.0143466 0.0503592 0.0430873 0.0085038 0.0780338 0.0362270 0.0438280 0.0417040 0.0000010 0.0000010 0.0142535 0.0113746 0.0056416 0.0062798 0.0000010 0.0000010 0.0028164 0.0000010 0.0000010 0.0000010 0.0000010 0.2185774 0.0031836 0.0797501 0.0958962 
Ddeltrop4525_CASQ1 0.0644227 0.0906235 0.0734079 0.0698420 0.0564766 0.0611921 0.0597376 0.0611720 0.0748850 0.0574754 0.2498012 0.0092165 0.0052993 0.2499285 0.0864440 0.0000010 0.0026165 0.0000010 0.0000000 0.0389259 0.0916478 0.0836429 0.0778023 0.0697157 0.0056661 0.0079796 0.0053174 0.0050401 0.0831530 0.1558999 0.1087796 0.0414891 0.0768323 0.0714259 0.0229123 0.0055419 0.0053340 0.0091460 0.0027626 0.0075597 0.0101028 0.0106595 0.0108697 0.0334872 0.0923557 0.0851510 0.0796256 0.0849005 0.0578314 0.0982006 0.0993004 0.0863744 0.0885658 0.0909778 0.0362325 0.0830451 0.0920987 0.0854538 0.0624673 0.0395254 0.2376548 0.0106696 0.0105391 0.0151829 0.2101953 0.0465244 0.0780285 0.0134523 0.0503592 0.0400130 0.0080328 0.0798258 0.0339198 0.0388525 0.0383343 0.0025044 0.0000010 0.0133709 0.0126714 0.0050201 0.0062798 0.0000010 0.0000010 0.0026440 0.0000010 0.0000010 0.0026435 0.0000010 0.2291613 0.0029649 0.0740402 0.0896577 
Dleu_CASQ1         0.0847172 0.0809991 0.0734468 0.0930021 0.0815562 0.0885291 0.0823007 0.0812100 0.0811532 0.0769478 0.2572703 0.0444832 0.0326435 0.2390664 0.1097061 0.0419225 0.0435369 0.0408699 0.0389259 0.0000000 0.0997614 0.0871700 0.0840898 0.0920251 0.0471486 0.0412139 0.0441326 0.0444854 0.0795859 0.1484215 0.0800264 0.0656028 0.0833816 0.0748067 0.0469339 0.0460672 0.0357100 0.0408448 0.0430661 0.0471072 0.0335811 0.0326530 0.0390746 0.0469484 0.0923941 0.0816320 0.0760804 0.0886228 0.0611920 0.0946372 0.0920191 0.0821524 0.0850291 0.0910147 0.0025074 0.0794832 0.0885391 0.0854900 0.0598742 0.0272040 0.2373513 0.0383689 0.0407110 0.0496493 0.2140540 0.0570638 0.0751694 0.0472618 0.0246753 0.0370861 0.0501631 0.0799264 0.0341279 0.0363625 0.0349683 0.0416057 0.0433696 0.0469596 0.0471720 0.0443081 0.0322658 0.0389259 0.0433696 0.0411394 0.0436860 0.0382791 0.0411323 0.0382791 0.2215840 0.0399154 0.0707622 0.0896919 
EausAUS_CASQ1      0.0461667 0.0904652 0.0869735 0.0501888 0.0350311 0.0350311 0.0350311 0.0384494 0.0033689 0.0338907 0.2895903 0.0901042 0.0903693 0.2506568 0.0651926 0.0931258 0.0958332 0.0903200 0.0916478 0.0997614 0.0000000 0.0000010 0.0000010 0.0502428 0.0950011 0.0905440 0.0950011 0.0960272 0.0837381 0.1638250 0.0991844 0.0988709 0.0642519 0.0611735 0.0955093 0.0948757 0.0916947 0.0931835 0.0946714 0.0955769 0.0957336 0.0946898 0.0946004 0.0838092 0.0887048 0.0922028 0.0879164 0.0873421 0.0973431 0.1147722 0.0912322 0.0904284 0.0967986 0.1022210 0.0956970 0.0879164 0.0965772 0.0893134 0.1510109 0.0873068 0.2487412 0.0948803 0.0999010 0.1032603 0.2335961 0.0734976 0.0568374 0.1000706 0.1091884 0.1115559 0.0997452 0.0604619 0.1032016 0.1114840 0.1120283 0.0916478 0.0916478 0.0948718 0.0959046 0.0995577 0.0982091 0.0916478 0.0916478 0.0903200 0.0916478 0.0903200 0.0903200 0.0903200 0.2356042 0.1021439 0.0880833 0.1060544 
Egla13086_CASQ1    0.0439267 0.0810908 0.0792873 0.0474576 0.0348027 0.0338441 0.0341002 0.0371277 0.0059823 0.0341387 0.2959759 0.0848436 0.0836796 0.2618351 0.0573215 0.0856577 0.0872781 0.0863791 0.0836429 0.0871700 0.0000010 0.0000000 0.0029840 0.0475036 0.0904695 0.0838138 0.0874316 0.0874316 0.0805480 0.1543567 0.0991844 0.0960554 0.0643357 0.0572474 0.0908909 0.0906682 0.0864202 0.0896798 0.0871807 0.0870732 0.0871967 0.0871967 0.0928544 0.0770580 0.0869375 0.0889818 0.0842122 0.0853478 0.0931652 0.1074190 0.0912322 0.0864719 0.0927415 0.1005799 0.0871700 0.0842122 0.0925682 0.0880308 0.1346564 0.0807691 0.2642610 0.0873397 0.0908146 0.0937855 0.2584630 0.0717206 0.0666404 0.0915042 0.1005662 0.1009512 0.0939724 0.0607390 0.0972548 0.1009512 0.0998712 0.0870621 0.0863791 0.0838138 0.0908095 0.0905409 0.0885347 0.0836429 0.0863791 0.0836429 0.0863791 0.0836429 0.0871386 0.0836429 0.2100859 0.0920533 0.0817122 0.1037697 
Ejap43864_CASQ1    0.0392915 0.0810908 0.0736445 0.0444611 0.0324009 0.0350311 0.0319877 0.0332594 0.0026836 0.0293888 0.2715704 0.0865054 0.0760450 0.2413406 0.0568039 0.0771267 0.0850383 0.0817815 0.0778023 0.0840898 0.0000010 0.0029840 0.0000000 0.0424514 0.0892251 0.0794652 0.0828749 0.0843188 0.0762020 0.1499549 0.0991844 0.0873411 0.0572588 0.0542707 0.0908909 0.0869335 0.0834111 0.0855501 0.0834747 0.0808640 0.0840675 0.0826146 0.0844891 0.0717986 0.0847138 0.0851877 0.0796606 0.0814421 0.0847397 0.0981222 0.0912322 0.0864719 0.0889065 0.0914632 0.0809453 0.0796606 0.0887422 0.0856750 0.1262946 0.0788517 0.2435817 0.0827919 0.0883545 0.0931265 0.2305468 0.0717206 0.0565959 0.0866939 0.1005662 0.0971438 0.0935551 0.0540789 0.0980291 0.0964583 0.0955526 0.0808544 0.0877883 0.0794652 0.0873488 0.0839540 0.0885347 0.0778023 0.0877883 0.0793110 0.0877883 0.0760140 0.0792964 0.0760140 0.2079000 0.0832818 0.0740713 0.0966628 
Erob133443_CASQ1   0.0282097 0.0876633 0.0746980 0.0356642 0.0194557 0.0210364 0.0174185 0.0166457 0.0395987 0.0236444 0.2677370 0.0764622 0.0709941 0.2474691 0.0542674 0.0715695 0.0765796 0.0764375 0.0697157 0.0920251 0.0502428 0.0475036 0.0424514 0.0000000 0.0839539 0.0711051 0.0778863 0.0762184 0.0880409 0.1566733 0.0909325 0.0715313 0.0746695 0.0693636 0.0930665 0.0817625 0.0747860 0.0797882 0.0782594 0.0727878 0.0759898 0.0776380 0.0794272 0.0638677 0.0939813 0.0970785 0.0915957 0.0936781 0.0961230 0.1098565 0.0994350 0.1008272 0.1009369 0.1002122 0.0887822 0.0915957 0.1007431 0.0939618 0.1181220 0.0871840 0.2450894 0.0744443 0.0765720 0.0850988 0.2412534 0.0809109 0.0730470 0.0783138 0.1092674 0.0920255 0.0849495 0.0714983 0.0890676 0.0883528 0.0850425 0.0727785 0.0787504 0.0711051 0.0760911 0.0758842 0.0897199 0.0697157 0.0787504 0.0742976 0.0787504 0.0709651 0.0742836 0.0709651 0.2200108 0.0733563 0.0850390 0.1049588 
Fatt_CASQ1         0.0766818 0.0966123 0.0869548 0.0810208 0.0665107 0.0665107 0.0691121 0.0728377 0.0858784 0.0690229 0.2674054 0.0132132 0.0113962 0.2635477 0.0966507 0.0062288 0.0059481 0.0056661 0.0056661 0.0471486 0.0950011 0.0904695 0.0892251 0.0839539 0.0000000 0.0085377 0.0000010 0.0000010 0.0911402 0.1655617 0.1215275 0.0494247 0.0821994 0.0787136 0.0263656 0.0059505 0.0113962 0.0098688 0.0059401 0.0142987 0.0172006 0.0172006 0.0142847 0.0379574 0.1006997 0.0925302 0.0875412 0.0925498 0.0620029 0.1101713 0.1083363 0.0915018 0.0962548 0.0982564 0.0471486 0.0910198 0.1001154 0.0925980 0.0778338 0.0494636 0.2494495 0.0114196 0.0149883 0.0142569 0.2311416 0.0501918 0.0787522 0.0085348 0.0559757 0.0467219 0.0028111 0.0853917 0.0397913 0.0501348 0.0458561 0.0056661 0.0029600 0.0143133 0.0114222 0.0113877 0.0127312 0.0056661 0.0029600 0.0028273 0.0032087 0.0056661 0.0056661 0.0056661 0.2237323 0.0096518 0.0876803 0.1008345 
Ggri_CASQ1         0.0623998 0.0859244 0.0714315 0.0678264 0.0533245 0.0581160 0.0571268 0.0589877 0.0763734 0.0575885 0.2666088 0.0165248 0.0133694 0.2591890 0.0816594 0.0087178 0.0083508 0.0085032 0.0079796 0.0412139 0.0905440 0.0838138 0.0794652 0.0711051 0.0085377 0.0000000 0.0080102 0.0080102 0.0833269 0.1489084 0.0993185 0.0365569 0.0785515 0.0750897 0.0229626 0.0111531 0.0142519 0.0153487 0.0083402 0.0160982 0.0188241 0.0188241 0.0191989 0.0270948 0.0912558 0.0817583 0.0797925 0.0813847 0.0579457 0.0983921 0.0993004 0.0823053 0.0851638 0.0943253 0.0412139 0.0832185 0.0886829 0.0843405 0.0632660 0.0422617 0.2497789 0.0026532 0.0055523 0.0187708 0.2249414 0.0466261 0.0795876 0.0053519 0.0505257 0.0337233 0.0113898 0.0817344 0.0295148 0.0382937 0.0312225 0.0106626 0.0059226 0.0053200 0.0053205 0.0133598 0.0062798 0.0079796 0.0059226 0.0053105 0.0064201 0.0079796 0.0106704 0.0079796 0.2215861 0.0119815 0.0741855 0.0888562 
Gmac39091_CASQ1    0.0715856 0.0966123 0.0796488 0.0748945 0.0609775 0.0665107 0.0639832 0.0680477 0.0797690 0.0641349 0.2638627 0.0132132 0.0106911 0.2602072 0.0892447 0.0058091 0.0055645 0.0056661 0.0053174 0.0441326 0.0950011 0.0874316 0.0828749 0.0778863 0.0000010 0.0080102 0.0000000 0.0000010 0.0911402 0.1565699 0.1215275 0.0494247 0.0821994 0.0787136 0.0263656 0.0083615 0.0113962 0.0122734 0.0055572 0.0134098 0.0161288 0.0161288 0.0164501 0.0355504 0.1006997 0.0894032 0.0875412 0.0893064 0.0610792 0.1059536 0.1083363 0.0915018 0.0928630 0.0982564 0.0441326 0.0910198 0.0964447 0.0925980 0.0725885 0.0457200 0.2470455 0.0107107 0.0140148 0.0160835 0.2250825 0.0501918 0.0827564 0.0080076 0.0559757 0.0433669 0.0028111 0.0853917 0.0397913 0.0469278 0.0421237 0.0079937 0.0029600 0.0134226 0.0134238 0.0106836 0.0127312 0.0053174 0.0029600 0.0026541 0.0032087 0.0053174 0.0079995 0.0053174 0.2221773 0.0089823 0.0813159 0.0969538 
Gmel_CASQ1         0.0703878 0.0966123 0.0776085 0.0733383 0.0602110 0.0652758 0.0631128 0.0670523 0.0813746 0.0641349 0.2474630 0.0123688 0.0106911 0.2476204 0.0900952 0.0058091 0.0052619 0.0056661 0.0050401 0.0444854 0.0960272 0.0874316 0.0843188 0.0762184 0.0000010 0.0080102 0.0000010 0.0000000 0.0911402 0.1565699 0.1215275 0.0496336 0.0837762 0.0787136 0.0263656 0.0083615 0.0107626 0.0122734 0.0055572 0.0127049 0.0152791 0.0161288 0.0164501 0.0389610 0.0972513 0.0894032 0.0875412 0.0893064 0.0610792 0.1059536 0.1083363 0.0915018 0.0928630 0.0948260 0.0417546 0.0910198 0.0964447 0.0897253 0.0684876 0.0428340 0.2353210 0.0107107 0.0132471 0.0152390 0.2146382 0.0501918 0.0841081 0.0080076 0.0559757 0.0433669 0.0026564 0.0867890 0.0372415 0.0443983 0.0421237 0.0075758 0.0027892 0.0134226 0.0127178 0.0101238 0.0127312 0.0050401 0.0027892 0.0026541 0.0030091 0.0053174 0.0079995 0.0053174 0.2338156 0.0089823 0.0813159 0.0938698 
Hamp_CASQ1         0.0697019 0.0212446 0.0220059 0.0811692 0.0753722 0.0753722 0.0769667 0.0729138 0.0728480 0.0729004 0.2842667 0.0779257 0.0760240 0.2566132 0.1045147 0.0850688 0.0922028 0.0831530 0.0831530 0.0795859 0.0837381 0.0805480 0.0762020 0.0880409 0.0911402 0.0833269 0.0911402 0.0911402 0.0000000 0.1524912 0.0082261 0.0914716 0.0585758 0.0485254 0.0886672 0.0919830 0.0760240 0.0820408 0.0918047 0.0941376 0.0760435 0.0760435 0.0795524 0.0622360 0.0072957 0.0130645 0.0092782 0.0136244 0.0254026 0.0316382 0.0181563 0.0109091 0.0164133 0.0245507 0.0795859 0.0092782 0.0163853 0.0130740 0.1321511 0.0929831 0.2492518 0.0797450 0.0842350 0.0900133 0.2464589 0.0803899 0.0553616 0.0916850 0.1089788 0.0871766 0.0945411 0.0586828 0.0913431 0.0861093 0.0884826 0.0831530 0.0879144 0.0833269 0.0869705 0.0902904 0.0967610 0.0831530 0.0879144 0.0867869 0.0879144 0.0831530 0.0831530 0.0831530 0.1784860 0.0879667 0.0092903 0.0238940 
Hippo_CASQ1        0.1500270 0.1435416 0.1459371 0.1607956 0.1412097 0.1506943 0.1432533 0.1414179 0.1464425 0.1358918 0.2915354 0.1518514 0.1485539 0.2511352 0.1641516 0.1550497 0.1602968 0.1647943 0.1558999 0.1484215 0.1638250 0.1543567 0.1499549 0.1566733 0.1655617 0.1489084 0.1565699 0.1565699 0.1524912 0.0000000 0.1108452 0.1641738 0.1582278 0.1459543 0.1713842 0.1633427 0.1568107 0.1512602 0.1601670 0.1604588 0.1450097 0.1450097 0.1595374 0.1517794 0.1487836 0.1561731 0.1565822 0.1615260 0.1570365 0.1687883 0.1331655 0.1561154 0.1526211 0.1575305 0.1484215 0.1565823 0.1601772 0.1609141 0.1995613 0.1628590 0.2529259 0.1452524 0.1488187 0.1588839 0.2759334 0.1711681 0.1446684 0.1538617 0.1452953 0.1697682 0.1690765 0.1582723 0.1713833 0.1627433 0.1555596 0.1594510 0.1647943 0.1489084 0.1562095 0.1559447 0.1384117 0.1558999 0.1647943 0.1558999 0.1680783 0.1558999 0.1595874 0.1558999 0.2501633 0.1534549 0.1478820 0.1644442 
Hpla9120_CASQ1     0.0812441 0.0082261 0.0082261 0.1007522 0.0898128 0.0898128 0.0898128 0.0802344 0.0900405 0.0898791 0.3298903 0.0988622 0.0988622 0.2796980 0.1533175 0.1087796 0.1087796 0.1087796 0.1087796 0.0800264 0.0991844 0.0991844 0.0991844 0.0909325 0.1215275 0.0993185 0.1215275 0.1215275 0.0082261 0.1108452 0.0000000 0.1183329 0.0701090 0.0796185 0.0993185 0.1196921 0.0988622 0.0988622 0.1191091 0.1299551 0.0892353 0.0892353 0.1086385 0.0894346 0.0165656 0.0250238 0.0165656 0.0165656 0.0623568 0.0605087 0.0204664 0.0165690 0.0165656 0.0523545 0.0800264 0.0165656 0.0165656 0.0165656 0.0887186 0.0887186 0.2674571 0.0993185 0.1091526 0.1182337 0.2798228 0.0989112 0.0705508 0.1117237 0.0993879 0.0887186 0.1309524 0.0795815 0.0887186 0.0887186 0.0887186 0.1087796 0.1087796 0.1093926 0.1093926 0.1188684 0.1055005 0.1087796 0.1087796 0.1087796 0.1087796 0.1087796 0.1087796 0.1087796 0.1960070 0.1186764 0.0166250 0.0165787 
Igeo_CASQ1         0.0630060 0.0863742 0.0825545 0.0763945 0.0630659 0.0630659 0.0666929 0.0624595 0.0831184 0.0725364 0.2465723 0.0457152 0.0364428 0.2370399 0.0992677 0.0419139 0.0482418 0.0406500 0.0414891 0.0656028 0.0988709 0.0960554 0.0873411 0.0715313 0.0494247 0.0365569 0.0494247 0.0496336 0.0914716 0.1641738 0.1183329 0.0000000 0.0785427 0.0893841 0.0479122 0.0479404 0.0375812 0.0398272 0.0478216 0.0495063 0.0454515 0.0449182 0.0406440 0.0299180 0.0896152 0.1027684 0.0914264 0.0991698 0.0728894 0.1208751 0.1060954 0.1088408 0.0977361 0.0979329 0.0614960 0.0914264 0.1079162 0.0942881 0.0452923 0.0649745 0.2243195 0.0365569 0.0398811 0.0531621 0.1907645 0.0477374 0.0826404 0.0454726 0.0662780 0.0476051 0.0534775 0.0866791 0.0437765 0.0492673 0.0476051 0.0414891 0.0439461 0.0450421 0.0416367 0.0454242 0.0455844 0.0414891 0.0439461 0.0449210 0.0439461 0.0406500 0.0406500 0.0406500 0.2120362 0.0448700 0.0916163 0.1090371 
Kbre_CASQ1         0.0709257 0.0667124 0.0643385 0.0751179 0.0648451 0.0648451 0.0641133 0.0638609 0.0542135 0.0616132 0.2571572 0.0747605 0.0678407 0.2318211 0.0855913 0.0797040 0.0845213 0.0748620 0.0768323 0.0833816 0.0642519 0.0643357 0.0572588 0.0746695 0.0821994 0.0785515 0.0821994 0.0837762 0.0585758 0.1582278 0.0701090 0.0785427 0.0000000 0.0184893 0.0759599 0.0829675 0.0701844 0.0763184 0.0828092 0.0802929 0.0767449 0.0747718 0.0712662 0.0574044 0.0613783 0.0582645 0.0551847 0.0683359 0.0624076 0.0762535 0.0775548 0.0613949 0.0654130 0.0687250 0.0800370 0.0585024 0.0690593 0.0612405 0.1285409 0.0886637 0.2342115 0.0750522 0.0810171 0.0831574 0.2093947 0.0608003 0.0321961 0.0862851 0.1061513 0.0973550 0.0869002 0.0351604 0.0909165 0.0966023 0.0911504 0.0768323 0.0808773 0.0785515 0.0836901 0.0768286 0.0892058 0.0768323 0.0808773 0.0783880 0.0808773 0.0748620 0.0748620 0.0748620 0.1959014 0.0744088 0.0552667 0.0704811 
Ksim_CASQ1         0.0654365 0.0620783 0.0574228 0.0695556 0.0579300 0.0579300 0.0579617 0.0580286 0.0510458 0.0549747 0.2537040 0.0642855 0.0644459 0.2361939 0.0769527 0.0720170 0.0794876 0.0714259 0.0714259 0.0748067 0.0611735 0.0572474 0.0542707 0.0693636 0.0787136 0.0750897 0.0787136 0.0787136 0.0485254 0.1459543 0.0796185 0.0893841 0.0184893 0.0000000 0.0797144 0.0792999 0.0644459 0.0682451 0.0791483 0.0820151 0.0713426 0.0713426 0.0678564 0.0511014 0.0538395 0.0476847 0.0451783 0.0571770 0.0522360 0.0659192 0.0776774 0.0535201 0.0547446 0.0623946 0.0748067 0.0484657 0.0583394 0.0512723 0.1258603 0.0718259 0.2301697 0.0716094 0.0755514 0.0781001 0.2160945 0.0467302 0.0215333 0.0827576 0.1114191 0.0935384 0.0820146 0.0246386 0.0860382 0.0921594 0.0953510 0.0714259 0.0754106 0.0750897 0.0786279 0.0783285 0.0967061 0.0714259 0.0754106 0.0749333 0.0754106 0.0714259 0.0714259 0.0714259 0.1763642 0.0784147 0.0452443 0.0643851 
Lacu_CASQ1         0.0885921 0.0908388 0.0868795 0.0890761 0.0752720 0.0752720 0.0768690 0.0840003 0.0873463 0.0769580 0.2972176 0.0256422 0.0229109 0.2770041 0.1045603 0.0218799 0.0263205 0.0229123 0.0229123 0.0469339 0.0955093 0.0908909 0.0908909 0.0930665 0.0263656 0.0229626 0.0263656 0.0263656 0.0886672 0.1713842 0.0993185 0.0479122 0.0759599 0.0797144 0.0000000 0.0263336 0.0229109 0.0218785 0.0262836 0.0330841 0.0262811 0.0262811 0.0262642 0.0365722 0.0913507 0.0886793 0.0848912 0.0966465 0.0623180 0.1087005 0.1067912 0.0914198 0.0923855 0.1055619 0.0469339 0.0885443 0.0962236 0.0887444 0.0937516 0.0645845 0.2701211 0.0196228 0.0229602 0.0261653 0.2365865 0.0503878 0.0832186 0.0299434 0.0504623 0.0610365 0.0296765 0.0867744 0.0538389 0.0610365 0.0581416 0.0229123 0.0229123 0.0297172 0.0263406 0.0296226 0.0062798 0.0229123 0.0229123 0.0229123 0.0229123 0.0229123 0.0229123 0.0229123 0.2031639 0.0263223 0.0850335 0.1046465 
Lalb_CASQ1         0.0748498 0.0958905 0.0828844 0.0781566 0.0645701 0.0664200 0.0671875 0.0711166 0.0836736 0.0672602 0.2818132 0.0131974 0.0111448 0.2776919 0.0852265 0.0060785 0.0083495 0.0029567 0.0055419 0.0460672 0.0948757 0.0906682 0.0869335 0.0817625 0.0059505 0.0111531 0.0083615 0.0083615 0.0919830 0.1633427 0.1196921 0.0479404 0.0829675 0.0792999 0.0263336 0.0000000 0.0089226 0.0153463 0.0083389 0.0139810 0.0139759 0.0139759 0.0171666 0.0370950 0.1000406 0.0923178 0.0882084 0.0923281 0.0677070 0.1109550 0.1071448 0.0909101 0.0957656 0.1049674 0.0460672 0.0918556 0.0993378 0.0920617 0.0726597 0.0489903 0.2636863 0.0139832 0.0168221 0.0195972 0.2368789 0.0501319 0.0865083 0.0169317 0.0558749 0.0464706 0.0089307 0.0863238 0.0397436 0.0459535 0.0456418 0.0083310 0.0029567 0.0168241 0.0168257 0.0111365 0.0127009 0.0055419 0.0029567 0.0055419 0.0032048 0.0055419 0.0083378 0.0055419 0.2374720 0.0093678 0.0850205 0.0999676 
Laus_CASQ1         0.0687298 0.0808773 0.0718455 0.0751736 0.0612206 0.0612206 0.0642120 0.0652188 0.0802811 0.0618378 0.2523518 0.0030541 0.0000010 0.2444309 0.0930187 0.0062031 0.0084020 0.0056457 0.0053340 0.0357100 0.0916947 0.0864202 0.0834111 0.0747860 0.0113962 0.0142519 0.0113962 0.0107626 0.0760240 0.1568107 0.0988622 0.0375812 0.0701844 0.0644459 0.0229109 0.0089226 0.0000000 0.0000010 0.0089072 0.0134530 0.0053380 0.0056501 0.0028156 0.0299805 0.0843767 0.0803604 0.0725364 0.0878099 0.0517111 0.0944207 0.0920898 0.0779447 0.0839963 0.0834311 0.0328687 0.0759262 0.0877530 0.0783944 0.0666963 0.0425384 0.2314984 0.0113715 0.0112236 0.0134105 0.2071426 0.0396329 0.0679366 0.0202002 0.0451097 0.0431049 0.0134593 0.0732668 0.0339325 0.0413484 0.0377767 0.0053340 0.0055766 0.0200678 0.0162002 0.0107172 0.0126354 0.0053340 0.0055766 0.0084965 0.0060151 0.0056457 0.0056457 0.0056457 0.2228297 0.0063858 0.0726485 0.0852677 
Lbor_CASQ1         0.0723716 0.0808773 0.0713910 0.0757973 0.0599352 0.0613101 0.0637060 0.0683021 0.0819405 0.0637829 0.2877859 0.0032600 0.0030313 0.2775993 0.0915970 0.0091460 0.0091460 0.0065339 0.0091460 0.0408448 0.0931835 0.0896798 0.0855501 0.0797882 0.0098688 0.0153487 0.0122734 0.0122734 0.0820408 0.1512602 0.0988622 0.0398272 0.0763184 0.0682451 0.0218785 0.0153463 0.0000010 0.0000000 0.0122375 0.0184765 0.0060838 0.0060838 0.0062165 0.0279552 0.0895998 0.0834377 0.0779054 0.0902647 0.0566290 0.1037977 0.0973668 0.0779447 0.0872171 0.0915378 0.0408448 0.0819159 0.0873054 0.0821214 0.0768565 0.0508806 0.2622859 0.0122442 0.0153476 0.0153089 0.2425640 0.0367345 0.0742710 0.0185378 0.0451097 0.0479856 0.0131661 0.0801688 0.0404794 0.0472968 0.0431611 0.0122251 0.0065339 0.0216213 0.0216494 0.0153236 0.0077946 0.0091460 0.0065339 0.0091460 0.0071453 0.0091460 0.0122356 0.0091460 0.2205910 0.0104010 0.0754928 0.0830064 
Lhos30470_CASQ1    0.0716560 0.0956518 0.0790221 0.0746749 0.0607779 0.0662746 0.0637969 0.0679663 0.0802234 0.0638663 0.2779020 0.0131722 0.0083334 0.2745536 0.0889840 0.0030295 0.0055500 0.0029516 0.0027626 0.0430661 0.0946714 0.0871807 0.0834747 0.0782594 0.0059401 0.0083402 0.0055572 0.0055572 0.0918047 0.1601670 0.1191091 0.0478216 0.0828092 0.0791483 0.0262836 0.0083389 0.0089072 0.0122375 0.0000000 0.0055422 0.0111471 0.0111471 0.0142628 0.0341438 0.0998234 0.0887607 0.0880373 0.0886415 0.0642879 0.1072885 0.1067582 0.0907132 0.0921953 0.1051081 0.0430661 0.0916779 0.0957506 0.0918833 0.0694354 0.0455818 0.2598649 0.0111536 0.0139776 0.0167491 0.2330616 0.0500369 0.0833059 0.0140683 0.0557146 0.0432422 0.0089152 0.0861599 0.0396684 0.0429612 0.0419862 0.0055382 0.0029516 0.0139792 0.0139806 0.0083279 0.0126542 0.0027626 0.0029516 0.0027626 0.0031988 0.0027626 0.0055425 0.0027626 0.2336127 0.0062244 0.0815094 0.0962250 
Lhos452_CASQ1      0.0672526 0.1057413 0.0843213 0.0730561 0.0599590 0.0649796 0.0628755 0.0639681 0.0779402 0.0606467 0.2552401 0.0186205 0.0133643 0.2550673 0.0897404 0.0087139 0.0105563 0.0084994 0.0075597 0.0471072 0.0955769 0.0870732 0.0808640 0.0727878 0.0142987 0.0160982 0.0134098 0.0127049 0.0941376 0.1604588 0.1299551 0.0495063 0.0802929 0.0820151 0.0330841 0.0139810 0.0134530 0.0184765 0.0055422 0.0000000 0.0178268 0.0188176 0.0191921 0.0415619 0.1046832 0.0959827 0.0905443 0.0961277 0.0676262 0.1088004 0.1145183 0.0994074 0.0994511 0.1029416 0.0443683 0.0940136 0.1030480 0.0963313 0.0712425 0.0491218 0.2420502 0.0188352 0.0186032 0.0229628 0.2143800 0.0571021 0.0868409 0.0217136 0.0612020 0.0497373 0.0162073 0.0899139 0.0436024 0.0470136 0.0457029 0.0101016 0.0083951 0.0215801 0.0204422 0.0075578 0.0191494 0.0075597 0.0083951 0.0106680 0.0090592 0.0079762 0.0106661 0.0079762 0.2406563 0.0089615 0.0841286 0.0968615 
Lobl_CASQ1         0.0701930 0.0761124 0.0628335 0.0731517 0.0600432 0.0650789 0.0629548 0.0668686 0.0811323 0.0639344 0.2499412 0.0061307 0.0053032 0.2424586 0.0897413 0.0116478 0.0105527 0.0113606 0.0101028 0.0335811 0.0957336 0.0871967 0.0840675 0.0759898 0.0172006 0.0188241 0.0161288 0.0152791 0.0760435 0.1450097 0.0892353 0.0454515 0.0767449 0.0713426 0.0262811 0.0139759 0.0053380 0.0060838 0.0111471 0.0178268 0.0000000 0.0000010 0.0108776 0.0335047 0.0804720 0.0746699 0.0725556 0.0813227 0.0514640 0.0913436 0.0850537 0.0738151 0.0780397 0.0834521 0.0309149 0.0759455 0.0815155 0.0749307 0.0625040 0.0364067 0.2303220 0.0160951 0.0132133 0.0203518 0.2100170 0.0430931 0.0780447 0.0244837 0.0399304 0.0368541 0.0189521 0.0798435 0.0307677 0.0388751 0.0311698 0.0126546 0.0083920 0.0243326 0.0230470 0.0152199 0.0126354 0.0101028 0.0083920 0.0133657 0.0090556 0.0106595 0.0133634 0.0106595 0.2214207 0.0119686 0.0674960 0.0793568 
Lobs_CASQ1         0.0713761 0.0761124 0.0637771 0.0746915 0.0607954 0.0662942 0.0638128 0.0678508 0.0795176 0.0639344 0.2664339 0.0065457 0.0053032 0.2546122 0.0888713 0.0116478 0.0111616 0.0113606 0.0106595 0.0326530 0.0946898 0.0871967 0.0826146 0.0776380 0.0172006 0.0188241 0.0161288 0.0161288 0.0760435 0.1450097 0.0892353 0.0449182 0.0747718 0.0713426 0.0262811 0.0139759 0.0056501 0.0060838 0.0111471 0.0188176 0.0000010 0.0000000 0.0108776 0.0298364 0.0825851 0.0746699 0.0725556 0.0813227 0.0514640 0.0913436 0.0850537 0.0738151 0.0780397 0.0859947 0.0326530 0.0759455 0.0815155 0.0767075 0.0662165 0.0388392 0.2416331 0.0160951 0.0139769 0.0214813 0.2200889 0.0430931 0.0763956 0.0244837 0.0399304 0.0368541 0.0200761 0.0780534 0.0328560 0.0410729 0.0311698 0.0133535 0.0089074 0.0243326 0.0243349 0.0160624 0.0126354 0.0106595 0.0089074 0.0133657 0.0096586 0.0106595 0.0133634 0.0106595 0.2093468 0.0119686 0.0674960 0.0813876 
