89
Bacu_OTOF         0.0000000 0.1186216 0.1163408 0.0170233 0.0241000 0.0277154 0.0599669 0.0214959 0.0474213 0.0193193 0.0185224 0.2625426 0.1382435 0.0897531 0.0434486 0.0924760 0.1270703 0.0936593 0.0959477 0.0804388 0.0342391 0.0394451 0.0433170 0.0244018 0.1042143 0.0949887 0.1000021 0.0932187 0.0808278 0.1939524 0.0908065 0.1113062 0.1332118 0.1076126 0.0954160 0.0899280 0.1260729 0.0900128 0.0923113 0.0858538 0.1280236 0.0940311 0.1004982 0.0965360 0.1330681 0.1990102 0.2981847 0.0958791 0.1447840 0.1362643 0.1232585 0.1469825 0.0827140 0.2099722 0.1468386 0.1699017 0.0849237 0.0838398 0.2681558 0.1262904 0.1232644 0.0834694 0.2533136 0.0867758 0.0988122 0.0819398 0.1021092 0.0761352 0.0930698 0.1539694 0.0816061 0.0840077 0.0938697 0.1025376 0.0965806 0.1030564 0.0933819 0.1121621 0.0970965 0.0960192 0.0924316 0.0947699 0.0899585 0.0903102 0.2562574 0.0843235 0.1247989 0.0903235 0.0914443 
Barn_OTOF         0.1186216 0.0000000 0.0221280 0.0835969 0.1382671 0.1174456 0.1249468 0.1244503 0.1503055 0.1219489 0.1241895 0.3438842 0.0704545 0.1341347 0.1386943 0.1287803 0.1366840 0.0935261 0.1344682 0.1197503 0.1056062 0.1327551 0.1395861 0.0968684 0.1644985 0.1654537 0.1485560 0.1357960 0.0686988 0.2465883 0.0826211 0.1284050 0.0913439 0.1304517 0.1604880 0.0842118 0.1149015 0.1288492 0.1315916 0.1206888 0.0921081 0.0897855 0.1436805 0.0581574 0.0749278 0.0679613 0.0634855 0.0444480 0.1111122 0.0176583 0.0218678 0.0522319 0.1237566 0.0305879 0.0335332 0.0579474 0.1147356 0.1178958 0.3619425 0.1368323 0.1405769 0.1203051 0.3302978 0.0881743 0.1526801 0.1219436 0.1382002 0.1389461 0.1454725 0.0849621 0.1189290 0.0780986 0.1341474 0.0715814 0.1403155 0.1044323 0.1466733 0.1332117 0.1318990 0.1611462 0.0934494 0.1296896 0.1292970 0.1523535 0.3488562 0.1067716 0.0645878 0.1237404 0.0707668 
Bbai76728_OTOF    0.1163408 0.0221280 0.0000000 0.1260780 0.1200974 0.1188284 0.0919786 0.1131442 0.1018484 0.1125500 0.1170425 0.3464173 0.1828826 0.1107789 0.1151076 0.1173500 0.1205831 0.1252251 0.1202678 0.1026134 0.1271752 0.1158289 0.1257021 0.1178972 0.1340636 0.1248148 0.1239514 0.1209363 0.0540940 0.2743034 0.1178037 0.1467241 0.1277487 0.1450003 0.1239353 0.1092856 0.1062120 0.1185813 0.1228771 0.1122787 0.0905146 0.1177073 0.1226413 0.0480819 0.0813067 0.1290685 0.1294635 0.0502017 0.1228765 0.0294571 0.0260121 0.1004805 0.1072052 0.1166719 0.1207461 0.1008889 0.1084415 0.1129167 0.3490813 0.1136162 0.1145966 0.1063293 0.3469113 0.1226830 0.1244332 0.1117626 0.1266742 0.1154418 0.1485774 0.1828794 0.1058242 0.0758373 0.0898699 0.0892618 0.1191717 0.1284745 0.1250380 0.1397988 0.1266437 0.0923753 0.1278672 0.1231805 0.0911310 0.1211732 0.3591735 0.0725701 0.0769786 0.1142468 0.0405942 
BbonAUS_OTOF      0.0170233 0.0835969 0.1260780 0.0000000 0.0221143 0.0255845 0.0610932 0.0219304 0.0541038 0.0192265 0.0238469 0.2782395 0.0730214 0.0698943 0.0450503 0.0854307 0.0851221 0.0858588 0.0907007 0.0732189 0.0378653 0.0411322 0.0449786 0.0246840 0.0949005 0.0896386 0.0950730 0.0851461 0.0830729 0.1877029 0.0821336 0.1264533 0.0763276 0.0982491 0.0888871 0.0742115 0.1188716 0.0810010 0.0850113 0.0781852 0.0865147 0.0822526 0.0929381 0.0902557 0.1569383 0.1747372 0.2655927 0.0784614 0.1616896 0.1264524 0.0762133 0.1218353 0.0785163 0.1531203 0.1591440 0.1467232 0.0837584 0.0785930 0.2953068 0.0814516 0.0855922 0.0768190 0.2421135 0.0859866 0.0868965 0.0768939 0.0880850 0.0820958 0.0827447 0.1292511 0.0813282 0.0731721 0.0899017 0.0842548 0.0864830 0.0877586 0.0881732 0.1059024 0.0892569 0.0901162 0.0813902 0.0878502 0.0854406 0.0833616 0.2555155 0.0791912 0.1551461 0.0838277 0.0936496 
Bbor_OTOF         0.0241000 0.1382671 0.1200974 0.0221143 0.0000000 0.0113847 0.0160688 0.0234896 0.0585255 0.0151462 0.0173203 0.2985321 0.1468790 0.0888877 0.0421528 0.0909025 0.1276546 0.0933647 0.0900882 0.0748846 0.0390713 0.0405079 0.0446418 0.0242876 0.0972264 0.0896972 0.0951047 0.0938328 0.0835469 0.2014287 0.0935631 0.1127238 0.1485018 0.1089408 0.0864265 0.0908143 0.1418179 0.0884035 0.0873868 0.0860985 0.1299061 0.0924011 0.0935911 0.1107881 0.1476626 0.2264244 0.2876788 0.0981328 0.1096157 0.0878428 0.1305793 0.1675207 0.0826509 0.2407389 0.1611155 0.1449924 0.0845655 0.0815021 0.2991369 0.1246726 0.1247672 0.0821948 0.2552497 0.0810890 0.0935284 0.0781417 0.0897521 0.0821841 0.0970477 0.1649470 0.0819652 0.0886336 0.0908566 0.1005390 0.0893845 0.0964230 0.0941697 0.1079659 0.0924865 0.0887836 0.0905391 0.0946563 0.0886213 0.0837261 0.2679936 0.0840417 0.1291231 0.0867500 0.0937083 
Bede66737_OTOF    0.0277154 0.1174456 0.1188284 0.0255845 0.0113847 0.0000000 0.0052377 0.0262137 0.0632921 0.0188536 0.0209985 0.2883505 0.1370246 0.0768720 0.0478462 0.0907260 0.0839541 0.0886109 0.0890315 0.0793739 0.0430256 0.0456494 0.0534891 0.0259217 0.0947137 0.0914445 0.0939956 0.0917195 0.0796400 0.1959642 0.0864641 0.1158658 0.0968966 0.1077293 0.0870510 0.0850529 0.1249587 0.0863480 0.0851137 0.0841375 0.0864258 0.0879021 0.0928534 0.1030882 0.1354052 0.1521427 0.1853217 0.0894051 0.1531955 0.0717126 0.0826603 0.1503978 0.0842553 0.1648741 0.1437173 0.1370201 0.0817721 0.0778341 0.2901473 0.0838649 0.0873588 0.0793777 0.2578869 0.0750365 0.0911339 0.0772663 0.0907855 0.0809873 0.0918840 0.1576229 0.0815398 0.0830886 0.0911326 0.0957719 0.0880172 0.0937082 0.0930037 0.1039994 0.0903865 0.0890418 0.0877359 0.0925939 0.0889651 0.0854021 0.2763237 0.0797416 0.1226556 0.0847629 0.0913930 
BedeAUS_OTOF      0.0599669 0.1249468 0.0919786 0.0610932 0.0160688 0.0052377 0.0000000 0.0602676 0.1066442 0.0523599 0.0560206 0.3563495 0.2383892 0.0827870 0.0500078 0.0937659 0.1383182 0.0954750 0.1375603 0.1212503 0.0732582 0.0512313 0.0581199 0.0752398 0.1040602 0.1405803 0.1040245 0.1368627 0.0813589 0.2519635 0.1350592 0.0932578 0.1054130 0.1768755 0.0961689 0.0877236 0.2236048 0.1310945 0.1350298 0.1291683 0.1303847 0.0903103 0.1557037 0.1697010 0.2041927 0.1657821 0.2728962 0.1385752 0.1595275 0.0765001 0.0897176 0.1440150 0.1276802 0.1813219 0.1559636 0.2078529 0.1255126 0.1278452 0.3750284 0.0924576 0.1322520 0.1268382 0.3393391 0.1266986 0.0999232 0.1249041 0.1418223 0.1314813 0.1780561 0.1647270 0.1250883 0.1197307 0.0997958 0.1576491 0.1367301 0.1238953 0.1023818 0.1621668 0.1416265 0.0988419 0.1351055 0.1405889 0.1367416 0.0916848 0.3277842 0.1364588 0.1370274 0.1262332 0.1493102 
Bmus_OTOF         0.0214959 0.1244503 0.1131442 0.0219304 0.0234896 0.0262137 0.0602676 0.0000000 0.0504205 0.0188276 0.0193318 0.2679086 0.1398580 0.0914095 0.0470596 0.0946967 0.1286502 0.0895186 0.0964115 0.0843605 0.0343161 0.0379024 0.0416847 0.0175403 0.1013729 0.0941528 0.0984683 0.0964430 0.0847789 0.1954579 0.0930086 0.1143323 0.1364375 0.1046560 0.0930298 0.0922802 0.1335686 0.0939792 0.0936855 0.0903027 0.1285756 0.0909626 0.1038443 0.1018217 0.1380762 0.2064362 0.3062064 0.1007425 0.1522305 0.1433441 0.1210718 0.1628525 0.0881122 0.2187209 0.1476485 0.1760343 0.0879945 0.0870928 0.2744411 0.1242934 0.1260914 0.0851302 0.2559209 0.0900721 0.0989772 0.0803162 0.0986459 0.0798480 0.1021095 0.1554919 0.0846100 0.0799128 0.0951095 0.1091466 0.0960481 0.1034788 0.0966614 0.1090785 0.0976333 0.0934322 0.0929131 0.0955174 0.0931020 0.0897335 0.2599535 0.0870941 0.1255715 0.0935021 0.0974264 
Bmys_OTOF         0.0474213 0.1503055 0.1018484 0.0541038 0.0585255 0.0632921 0.1066442 0.0504205 0.0000000 0.0472529 0.0504613 0.2764848 0.1527358 0.0918348 0.0581879 0.1003284 0.0988921 0.1009618 0.1033323 0.0859420 0.0194550 0.0208320 0.0240749 0.0549166 0.1120745 0.1005572 0.1053463 0.0955175 0.0962488 0.2110918 0.1011658 0.0890578 0.1097428 0.1154239 0.1007954 0.0964363 0.1402006 0.0961209 0.0998781 0.0863029 0.1057163 0.0982294 0.1117772 0.1162019 0.1673336 0.1878621 0.3011233 0.1212450 0.1710300 0.1776387 0.1096108 0.2046857 0.0888620 0.1988118 0.1918726 0.2061336 0.0894672 0.0894870 0.2900375 0.0960710 0.0998721 0.0842683 0.2690268 0.1056186 0.0994528 0.0891999 0.1078808 0.0853167 0.0911631 0.1145985 0.0865234 0.0926206 0.1003552 0.1297608 0.0998283 0.1104290 0.0992632 0.1227282 0.1030587 0.0976888 0.1090291 0.1049865 0.0960127 0.0932543 0.2737777 0.1027727 0.1450258 0.0928492 0.1049728 
Bphy_OTOF         0.0193193 0.1219489 0.1125500 0.0192265 0.0151462 0.0188536 0.0523599 0.0188276 0.0472529 0.0000000 0.0014623 0.2713464 0.1256715 0.0842139 0.0422836 0.0817125 0.1170883 0.0845610 0.0864239 0.0787149 0.0334209 0.0353286 0.0371599 0.0222131 0.0916875 0.0843663 0.0902574 0.0893549 0.0749284 0.2000744 0.0895960 0.1047057 0.1270473 0.1025237 0.0822155 0.0835428 0.1154747 0.0802069 0.0845393 0.0832250 0.1186547 0.0852140 0.1001995 0.0924237 0.1242726 0.1865198 0.2916803 0.0964943 0.1395431 0.1286695 0.1225800 0.1481763 0.0824778 0.2076738 0.1406629 0.1649849 0.0818010 0.0788665 0.2779608 0.1169816 0.1122457 0.0782020 0.2533553 0.0839933 0.0867189 0.0715638 0.0918850 0.0758116 0.0844736 0.1439417 0.0784360 0.0797675 0.0820771 0.0982850 0.0863360 0.0944041 0.0841734 0.1031509 0.0877635 0.0808877 0.0847040 0.0877095 0.0802705 0.0787826 0.2606797 0.0788754 0.1151641 0.0864127 0.0904074 
Bphy_baits_OTOF   0.0185224 0.1241895 0.1170425 0.0238469 0.0173203 0.0209985 0.0560206 0.0193318 0.0504613 0.0014623 0.0000000 0.2766966 0.1377622 0.0730376 0.0443537 0.0849937 0.0834252 0.0830348 0.0852429 0.0770405 0.0343480 0.0369500 0.0408324 0.0204877 0.0881562 0.0838529 0.0874340 0.0881194 0.0751677 0.1958124 0.0877569 0.0748360 0.0977594 0.1082380 0.0791774 0.0815664 0.1193995 0.0811026 0.0839855 0.0804517 0.0845405 0.0839615 0.0930571 0.0968225 0.1384407 0.1357131 0.1897563 0.0968557 0.1543275 0.1364600 0.0869065 0.1739442 0.0830012 0.1675654 0.1448205 0.1372764 0.0785346 0.0721091 0.2803372 0.0807035 0.0847803 0.0757706 0.2506479 0.0862257 0.0880126 0.0734352 0.0858397 0.0759789 0.0876375 0.1076604 0.0773395 0.0823007 0.0845022 0.1002355 0.0855530 0.0926636 0.0865757 0.1067378 0.0841161 0.0808337 0.0867718 0.0880629 0.0853994 0.0776983 0.2640660 0.0835201 0.1292395 0.0840355 0.0909787 
Btau_OTOF         0.2625426 0.3438842 0.3464173 0.2782395 0.2985321 0.2883505 0.3563495 0.2679086 0.2764848 0.2713464 0.2766966 0.0000000 0.4164065 0.3268032 0.2730851 0.3337667 0.3908648 0.3323274 0.3287507 0.3155284 0.2680319 0.2779488 0.2866116 0.2740559 0.3413895 0.3301413 0.3300317 0.3265549 0.2962675 0.2667071 0.3406190 0.3534076 0.3994382 0.3522262 0.3247461 0.3301526 0.3548144 0.3233021 0.3420635 0.3142057 0.4016199 0.3205160 0.3340581 0.3252942 0.3736956 0.4800091 0.7026708 0.3215975 0.4269774 0.3840661 0.3688664 0.4085976 0.3190211 0.5558681 0.4274632 0.4658546 0.3167934 0.3158852 0.0956933 0.3746240 0.3786850 0.3134079 0.1453959 0.3374310 0.3415571 0.3153721 0.3504987 0.2940815 0.3182142 0.4509310 0.3162921 0.3352292 0.3161024 0.3314359 0.3234489 0.3376237 0.3187521 0.3550944 0.3392766 0.3242372 0.3371843 0.3359706 0.3249168 0.3268850 0.3452691 0.3130715 0.3684040 0.3147761 0.3131236 
Ccom40_OTOF       0.1382435 0.0704545 0.1828826 0.0730214 0.1468790 0.1370246 0.2383892 0.1398580 0.1527358 0.1256715 0.1377622 0.4164065 0.0000000 0.0446536 0.1360359 0.0469135 0.0455573 0.0222325 0.0446571 0.0756081 0.1160480 0.1521862 0.1594842 0.1159664 0.0697899 0.0594060 0.0603635 0.0469889 0.1305399 0.3019113 0.0621921 0.2481523 0.0998120 0.0640028 0.0646894 0.0145544 0.0815477 0.0398557 0.0455066 0.0369831 0.0161283 0.0216684 0.1139976 0.1581486 0.2606716 0.2918997 0.5979707 0.1249008 0.2489733 0.1625593 0.0986776 0.0833171 0.0837299 0.2390153 0.2540250 0.2488246 0.0733544 0.0696758 0.4301486 0.0556556 0.0486980 0.0586201 0.3818922 0.0740339 0.0695229 0.0762635 0.0418544 0.1408207 0.1342838 0.1179976 0.0731891 0.0477031 0.0519935 0.0106990 0.0548519 0.0283641 0.0497351 0.0454982 0.0478604 0.0695504 0.0171307 0.0447642 0.0424083 0.0538297 0.3183858 0.0295454 0.3039019 0.0439159 0.1227548 
Chea7320_OTOF     0.0897531 0.1341347 0.1107789 0.0698943 0.0888877 0.0768720 0.0827870 0.0914095 0.0918348 0.0842139 0.0730376 0.3268032 0.0446536 0.0000000 0.0754896 0.0155583 0.0246732 0.0177005 0.0131443 0.0385288 0.0717406 0.0830589 0.0895199 0.0794690 0.0200488 0.0163755 0.0238891 0.0236747 0.0879024 0.2407359 0.0533952 0.1211095 0.1294691 0.0183544 0.0182185 0.0107335 0.0426098 0.0118287 0.0138799 0.0110270 0.0202800 0.0118611 0.0822737 0.0992899 0.1612490 0.1664094 0.2170837 0.0927842 0.1418417 0.0788675 0.1021389 0.0954285 0.0431240 0.1945680 0.1587515 0.1493624 0.0424169 0.0376669 0.3205394 0.0261918 0.0255888 0.0304900 0.2949797 0.0597026 0.0187086 0.0358765 0.0214803 0.0948993 0.0973072 0.0859260 0.0414626 0.0275961 0.0153832 0.0175433 0.0147797 0.0167583 0.0158601 0.0139580 0.0167057 0.0234977 0.0133441 0.0128222 0.0152808 0.0135499 0.2846060 0.0093850 0.1481167 0.0193827 0.0833399 
Cmar59905_OTOF    0.0434486 0.1386943 0.1151076 0.0450503 0.0421528 0.0478462 0.0500078 0.0470596 0.0581879 0.0422836 0.0443537 0.2730851 0.1360359 0.0754896 0.0000000 0.0909919 0.0873137 0.0888311 0.0892595 0.0780215 0.0460232 0.0471484 0.0553072 0.0430201 0.0946834 0.0872895 0.0954831 0.0942672 0.0833821 0.2008594 0.0923449 0.0763827 0.1020561 0.0963409 0.0873937 0.0863734 0.1165669 0.0843455 0.0824491 0.0840420 0.0858984 0.0841468 0.0948076 0.0957527 0.1543065 0.1541648 0.2995767 0.0972121 0.1479959 0.0947988 0.0834645 0.1518678 0.0817250 0.1759122 0.1477538 0.1403930 0.0842424 0.0780564 0.2733003 0.0860880 0.0869272 0.0784990 0.2584790 0.0884626 0.0915250 0.0736919 0.0919186 0.0781128 0.0944434 0.1103601 0.0813098 0.0683268 0.0865584 0.0935393 0.0835445 0.0935379 0.0892797 0.1003608 0.0883117 0.0839591 0.0839578 0.0907739 0.0850058 0.0845241 0.2563455 0.0735065 0.1427547 0.0906209 0.0878213 
Dcap108471_OTOF   0.0924760 0.1287803 0.1173500 0.0854307 0.0909025 0.0907260 0.0937659 0.0946967 0.1003284 0.0817125 0.0849937 0.3337667 0.0469135 0.0155583 0.0909919 0.0000000 0.0055813 0.0040641 0.0065277 0.0425683 0.0831624 0.0923653 0.0956405 0.0864412 0.0193071 0.0147435 0.0167337 0.0174155 0.0930669 0.2321056 0.0535928 0.1326042 0.1132568 0.0473224 0.0229273 0.0155000 0.0463782 0.0076900 0.0117760 0.0153287 0.0147312 0.0145997 0.0792070 0.1071895 0.1497887 0.1488603 0.2178964 0.0981445 0.1470551 0.0874576 0.0897130 0.1510793 0.0474381 0.1737147 0.1523453 0.1804807 0.0430074 0.0391872 0.3258457 0.0168816 0.0151291 0.0249076 0.2919604 0.0642050 0.0182156 0.0431817 0.0117061 0.0967983 0.1145410 0.0901670 0.0421286 0.0315238 0.0083032 0.0088976 0.0152666 0.0172833 0.0135496 0.0287425 0.0106669 0.0119089 0.0073828 0.0090846 0.0111493 0.0097382 0.2821903 0.0064950 0.1429544 0.0103040 0.0944331 
Dcap79929_OTOF    0.1270703 0.1366840 0.1205831 0.0851221 0.1276546 0.0839541 0.1383182 0.1286502 0.0988921 0.1170883 0.0834252 0.3908648 0.0455573 0.0246732 0.0873137 0.0055813 0.0000000 0.0297336 0.0045059 0.0691862 0.0723525 0.0852582 0.0923088 0.0835989 0.0148246 0.0110416 0.0391427 0.0357447 0.1272092 0.2852908 0.0545094 0.1280414 0.1119656 0.0464920 0.0201938 0.0408972 0.0395603 0.0057113 0.0072865 0.0340699 0.0128794 0.0421899 0.1097048 0.1060866 0.1945450 0.1463011 0.2005351 0.0967002 0.1534125 0.1374277 0.0863715 0.1642368 0.0751641 0.1716766 0.1527148 0.1903523 0.0662922 0.0645763 0.3893300 0.0145410 0.0130914 0.0475182 0.3511929 0.0623169 0.0142141 0.0406057 0.0349164 0.1237986 0.1022394 0.0899433 0.0669767 0.0335441 0.0058068 0.0053073 0.0126489 0.0147353 0.0109910 0.0263737 0.0066280 0.0380497 0.0060144 0.0075633 0.0096817 0.0052069 0.3519223 0.0061950 0.1711380 0.0296847 0.0907430 
DdelSJR_OTOF      0.0936593 0.0935261 0.1252251 0.0858588 0.0933647 0.0886109 0.0954750 0.0895186 0.1009618 0.0845610 0.0830348 0.3323274 0.0222325 0.0177005 0.0888311 0.0040641 0.0297336 0.0000000 0.0039558 0.0392155 0.0816970 0.0908319 0.0989306 0.0853994 0.0163797 0.0127118 0.0125640 0.0115555 0.0907413 0.2236894 0.0592207 0.1311067 0.1339481 0.0462457 0.0199645 0.0116504 0.0525102 0.0044252 0.0093586 0.0115900 0.0424449 0.0113430 0.0829267 0.1174127 0.1656508 0.2184015 0.3004539 0.1048590 0.1492650 0.0884463 0.1327787 0.1797020 0.0455255 0.2079350 0.1593512 0.1547583 0.0396809 0.0346741 0.3329884 0.0405708 0.0376034 0.0188215 0.2973711 0.0660357 0.0146793 0.0397214 0.0108894 0.0921816 0.1033156 0.0721092 0.0376152 0.0295667 0.0043953 0.0056305 0.0122546 0.0149213 0.0108121 0.0272534 0.0106455 0.0110192 0.0065383 0.0059046 0.0096514 0.0067652 0.2772643 0.0036875 0.1450008 0.0083991 0.0975895 
Ddeltrop4525_OTOF 0.0959477 0.1344682 0.1202678 0.0907007 0.0900882 0.0890315 0.1375603 0.0964115 0.1033323 0.0864239 0.0852429 0.3287507 0.0446571 0.0131443 0.0892595 0.0065277 0.0045059 0.0039558 0.0000000 0.0417017 0.0838996 0.0908178 0.0983302 0.0852244 0.0164512 0.0114969 0.0136175 0.0130904 0.0894247 0.2262528 0.0570250 0.1249414 0.1150225 0.0440886 0.0203475 0.0168207 0.0389827 0.0079877 0.0103318 0.0131501 0.0154455 0.0142866 0.0779332 0.0954468 0.1416508 0.1465218 0.1872349 0.1023199 0.1445529 0.1448261 0.0920143 0.1534507 0.0463052 0.1750390 0.1550738 0.1359347 0.0390162 0.0351707 0.3281213 0.0141171 0.0135664 0.0235087 0.2875544 0.0629745 0.0152937 0.0412037 0.0106408 0.0942411 0.1103226 0.0865292 0.0382009 0.0312878 0.0068192 0.0083513 0.0131811 0.0159700 0.0127064 0.0255326 0.0102863 0.0122748 0.0070343 0.0081177 0.0124178 0.0093577 0.2776787 0.0069750 0.1369956 0.0090926 0.0871915 
Dleu_OTOF         0.0804388 0.1197503 0.1026134 0.0732189 0.0748846 0.0793739 0.1212503 0.0843605 0.0859420 0.0787149 0.0770405 0.3155284 0.0756081 0.0385288 0.0780215 0.0425683 0.0691862 0.0392155 0.0417017 0.0000000 0.0769064 0.0800128 0.0843410 0.0750892 0.0429353 0.0407360 0.0444376 0.0465581 0.0769137 0.2410953 0.0574267 0.1095612 0.1422692 0.0516166 0.0391672 0.0357830 0.0709423 0.0382006 0.0370498 0.0415998 0.0660308 0.0372651 0.0714088 0.0854583 0.1271471 0.1844928 0.2944594 0.0926800 0.1226084 0.1227814 0.1032226 0.1459356 0.0081265 0.1912077 0.1346189 0.1492707 0.0335346 0.0342810 0.3147858 0.0623498 0.0659157 0.0385795 0.2864522 0.0569910 0.0404396 0.0276825 0.0399496 0.0848372 0.0904511 0.0691490 0.0310539 0.0237646 0.0424604 0.0467671 0.0409559 0.0441705 0.0453651 0.0540999 0.0380789 0.0384572 0.0397879 0.0406813 0.0401085 0.0374807 0.2914042 0.0369365 0.1187604 0.0441406 0.0805269 
EausAUS_OTOF      0.0342391 0.1056062 0.1271752 0.0378653 0.0390713 0.0430256 0.0732582 0.0343161 0.0194550 0.0334209 0.0343480 0.2680319 0.1160480 0.0717406 0.0460232 0.0831624 0.0723525 0.0816970 0.0838996 0.0769064 0.0000000 0.0056363 0.0068715 0.0355133 0.0922627 0.0871134 0.0865712 0.0849781 0.0861374 0.1828187 0.0894961 0.0737849 0.0932117 0.0991887 0.0892555 0.0802634 0.1144241 0.0815280 0.0817019 0.0784318 0.0817961 0.0813514 0.0917723 0.1074599 0.1661915 0.1753945 0.1885369 0.0791925 0.1816056 0.1223019 0.0785638 0.1009775 0.0818202 0.1975950 0.1787748 0.1595305 0.0826464 0.0761250 0.2724432 0.0802106 0.0792158 0.0795533 0.2458286 0.0925261 0.0862780 0.0821467 0.0902946 0.0811489 0.0842055 0.0998071 0.0810988 0.0719052 0.0844225 0.1015046 0.0811566 0.0830771 0.0808179 0.1043944 0.0830550 0.0824778 0.0826206 0.0868781 0.0836561 0.0813846 0.2581192 0.0756886 0.1636625 0.0825561 0.0976346 
Egla13086_OTOF    0.0394451 0.1327551 0.1158289 0.0411322 0.0405079 0.0456494 0.0512313 0.0379024 0.0208320 0.0353286 0.0369500 0.2779488 0.1521862 0.0830589 0.0471484 0.0923653 0.0852582 0.0908319 0.0908178 0.0800128 0.0056363 0.0000000 0.0031139 0.0371469 0.0986452 0.0904860 0.0944573 0.0923182 0.0866379 0.2013300 0.0929877 0.1090557 0.0972883 0.1036886 0.0913606 0.0897081 0.1167024 0.0882616 0.0901783 0.0860410 0.0899463 0.0894861 0.0950928 0.1076645 0.1494394 0.1639031 0.2103054 0.0972040 0.1552183 0.0983958 0.0942584 0.1729988 0.0848212 0.1804351 0.1679253 0.1444785 0.0871465 0.0822461 0.2828815 0.0872029 0.0856584 0.0822536 0.2427718 0.0884461 0.0965677 0.0854022 0.0955789 0.0802407 0.1042819 0.1569449 0.0849328 0.0835478 0.0905408 0.1066191 0.0901679 0.0979205 0.0906112 0.1118068 0.0935269 0.0907516 0.0958631 0.0977491 0.0903817 0.0864748 0.2639297 0.0837197 0.1358379 0.0904262 0.0937145 
Ejap43864_OTOF    0.0433170 0.1395861 0.1257021 0.0449786 0.0446418 0.0534891 0.0581199 0.0416847 0.0240749 0.0371599 0.0408324 0.2866116 0.1594842 0.0895199 0.0553072 0.0956405 0.0923088 0.0989306 0.0983302 0.0843410 0.0068715 0.0031139 0.0000000 0.0398718 0.1077825 0.0963980 0.0998374 0.0980161 0.0966842 0.1994844 0.0995434 0.1188850 0.1089828 0.1134653 0.0966407 0.0981502 0.1363374 0.0915765 0.0975199 0.0899474 0.0975212 0.0954670 0.1008924 0.1193236 0.1765354 0.1794766 0.2504811 0.1096349 0.1825250 0.1030595 0.0977590 0.1997100 0.0885952 0.2025383 0.1869691 0.1623034 0.0976741 0.0928427 0.2783786 0.0945202 0.0923893 0.0887853 0.2496400 0.0975859 0.0991923 0.0969379 0.1001981 0.0868807 0.1039834 0.1681876 0.0951493 0.0910556 0.0939111 0.1128850 0.0949136 0.1034929 0.0978806 0.1233885 0.1003353 0.0919583 0.1029247 0.1038609 0.0954465 0.0902691 0.2753751 0.0869799 0.1637380 0.0948095 0.1091131 
Erob133443_OTOF   0.0244018 0.0968684 0.1178972 0.0246840 0.0242876 0.0259217 0.0752398 0.0175403 0.0549166 0.0222131 0.0204877 0.2740559 0.1159664 0.0794690 0.0430201 0.0864412 0.0835989 0.0853994 0.0852244 0.0750892 0.0355133 0.0371469 0.0398718 0.0000000 0.0891007 0.0897628 0.0824936 0.0920967 0.0842444 0.1956507 0.0807944 0.1340531 0.1105557 0.0769568 0.0781404 0.0836599 0.1279131 0.0846884 0.0856262 0.0861013 0.0910358 0.0851163 0.0906038 0.1118571 0.1527828 0.1663021 0.3239370 0.1030249 0.1824077 0.1324988 0.0878344 0.1778223 0.0799298 0.2018691 0.1743076 0.1496952 0.0806676 0.0787190 0.2860068 0.0819036 0.0875387 0.0782007 0.2496207 0.0779259 0.0893672 0.0756827 0.0961780 0.0847893 0.0792391 0.1602988 0.0780988 0.0839886 0.0874764 0.0986394 0.0883870 0.0977431 0.0763828 0.0837899 0.0779261 0.0841122 0.0825677 0.0889342 0.0781685 0.0791733 0.2598821 0.0797401 0.1410975 0.0896503 0.0938998 
Fatt_OTOF         0.1042143 0.1644985 0.1340636 0.0949005 0.0972264 0.0947137 0.1040602 0.1013729 0.1120745 0.0916875 0.0881562 0.3413895 0.0697899 0.0200488 0.0946834 0.0193071 0.0148246 0.0163797 0.0164512 0.0429353 0.0922627 0.0986452 0.1077825 0.0891007 0.0000000 0.0153258 0.0090634 0.0087366 0.0994096 0.2398187 0.0665098 0.1324794 0.1255673 0.0564502 0.0239807 0.0230696 0.0605026 0.0136972 0.0150106 0.0196355 0.0261554 0.0222217 0.0810568 0.1195264 0.1793221 0.1576633 0.2604531 0.1094586 0.1066220 0.1007130 0.0989094 0.1175055 0.0476739 0.1961483 0.1880235 0.1608815 0.0452989 0.0414899 0.3416657 0.0169120 0.0153462 0.0257093 0.3068641 0.0760426 0.0135963 0.0457160 0.0059350 0.0979946 0.1108815 0.1044913 0.0442705 0.0462901 0.0195659 0.0220175 0.0155458 0.0201693 0.0199067 0.0353390 0.0184562 0.0168324 0.0201635 0.0184545 0.0174067 0.0145234 0.3001477 0.0176801 0.1541488 0.0153744 0.1037383 
Ggri_OTOF         0.0949887 0.1654537 0.1248148 0.0896386 0.0896972 0.0914445 0.1405803 0.0941528 0.1005572 0.0843663 0.0838529 0.3301413 0.0594060 0.0163755 0.0872895 0.0147435 0.0110416 0.0127118 0.0114969 0.0407360 0.0871134 0.0904860 0.0963980 0.0897628 0.0153258 0.0000000 0.0108064 0.0103972 0.0899935 0.2341683 0.0637586 0.1255102 0.1160153 0.0474757 0.0193828 0.0190293 0.0523779 0.0094034 0.0109058 0.0154873 0.0189814 0.0185556 0.0816452 0.1065337 0.1526860 0.1456918 0.2108032 0.1040239 0.1503202 0.1590623 0.0952745 0.1520850 0.0432329 0.1863998 0.1776142 0.1427306 0.0370324 0.0334988 0.3355257 0.0154575 0.0146035 0.0214133 0.2923067 0.0653302 0.0111010 0.0419913 0.0092804 0.0936426 0.1108768 0.0936763 0.0377919 0.0380340 0.0136334 0.0193028 0.0152550 0.0179957 0.0159016 0.0283326 0.0134044 0.0151636 0.0142373 0.0131637 0.0146014 0.0100589 0.2848513 0.0134913 0.1454516 0.0118384 0.0956888 
Gmac39091_OTOF    0.1000021 0.1485560 0.1239514 0.0950730 0.0951047 0.0939956 0.1040245 0.0984683 0.1053463 0.0902574 0.0874340 0.3300317 0.0603635 0.0238891 0.0954831 0.0167337 0.0391427 0.0125640 0.0136175 0.0444376 0.0865712 0.0944573 0.0998374 0.0824936 0.0090634 0.0108064 0.0000000 0.0013081 0.0919392 0.2328888 0.0622456 0.1285603 0.1685579 0.0497890 0.0221646 0.0194837 0.0566179 0.0118616 0.0129157 0.0169781 0.0490185 0.0179367 0.0857668 0.1128457 0.1575583 0.2089965 0.2830686 0.1105999 0.1512046 0.0969474 0.1325656 0.1802103 0.0500181 0.2403215 0.1645686 0.1948093 0.0417626 0.0346834 0.3330489 0.0369375 0.0383062 0.0220141 0.2968016 0.0677932 0.0112777 0.0449866 0.0031642 0.1033448 0.1155409 0.0953343 0.0406903 0.0365915 0.0162563 0.0207598 0.0120018 0.0174343 0.0177909 0.0298228 0.0144256 0.0120604 0.0165352 0.0142090 0.0149092 0.0104259 0.2851836 0.0150399 0.1382452 0.0134494 0.1022061 
Gmel_OTOF         0.0932187 0.1357960 0.1209363 0.0851461 0.0938328 0.0917195 0.1368627 0.0964430 0.0955175 0.0893549 0.0881194 0.3265549 0.0469889 0.0236747 0.0942672 0.0174155 0.0357447 0.0115555 0.0130904 0.0465581 0.0849781 0.0923182 0.0980161 0.0920967 0.0087366 0.0103972 0.0013081 0.0000000 0.0913076 0.2422279 0.0579452 0.1267134 0.1543798 0.0464731 0.0227833 0.0177141 0.0446082 0.0115819 0.0124113 0.0151142 0.0427313 0.0167853 0.0845174 0.0956594 0.1447047 0.2022207 0.3226442 0.1024662 0.1428908 0.1441921 0.1246286 0.1549961 0.0491293 0.2228724 0.1593709 0.1717628 0.0459215 0.0417616 0.3227591 0.0358955 0.0353539 0.0240042 0.3025653 0.0671882 0.0113292 0.0425975 0.0041650 0.0983700 0.1118992 0.0882758 0.0444414 0.0353171 0.0156146 0.0186521 0.0127495 0.0159463 0.0171438 0.0269044 0.0139865 0.0136177 0.0146411 0.0130272 0.0163705 0.0118001 0.2973051 0.0137012 0.1335390 0.0129419 0.0968042 
Hamp_OTOF         0.0808278 0.0686988 0.0540940 0.0830729 0.0835469 0.0796400 0.0813589 0.0847789 0.0962488 0.0749284 0.0751677 0.2962675 0.1305399 0.0879024 0.0833821 0.0930669 0.1272092 0.0907413 0.0894247 0.0769137 0.0861374 0.0866379 0.0966842 0.0842444 0.0994096 0.0899935 0.0919392 0.0913076 0.0000000 0.2302475 0.0799810 0.1187081 0.1409400 0.1033984 0.0885343 0.0892251 0.0696969 0.0857531 0.0901925 0.0844560 0.1255955 0.0869146 0.0981684 0.0203428 0.0346701 0.0620276 0.0959966 0.0452557 0.0615434 0.0253684 0.0633145 0.0784042 0.0788307 0.0744699 0.0257128 0.0267409 0.0811113 0.0821464 0.3087649 0.1196888 0.1194825 0.0786958 0.2856823 0.0876676 0.0919581 0.0760055 0.0953345 0.0876256 0.1134011 0.1596304 0.0765138 0.0690949 0.0870141 0.0888774 0.0907648 0.0984218 0.0916092 0.1046053 0.0903434 0.0872215 0.0899764 0.0912148 0.0856204 0.0884668 0.2880275 0.0686666 0.0318383 0.0858526 0.0434629 
Hippo_OTOF        0.1939524 0.2465883 0.2743034 0.1877029 0.2014287 0.1959642 0.2519635 0.1954579 0.2110918 0.2000744 0.1958124 0.2667071 0.3019113 0.2407359 0.2008594 0.2321056 0.2852908 0.2236894 0.2262528 0.2410953 0.1828187 0.2013300 0.1994844 0.1956507 0.2398187 0.2341683 0.2328888 0.2422279 0.2302475 0.0000000 0.2308375 0.2613353 0.2972559 0.2639529 0.2322472 0.2304707 0.2804557 0.2260965 0.2188148 0.2338352 0.2801379 0.2198880 0.2642915 0.2604375 0.2948128 0.4156014 0.5489183 0.2450049 0.3089933 0.2736573 0.2794151 0.3313531 0.2441660 0.4217304 0.3228267 0.3638480 0.2407806 0.2393677 0.2715963 0.2757691 0.2835998 0.2338023 0.2556499 0.2471438 0.2410121 0.2334775 0.2500043 0.2272657 0.2210079 0.3033720 0.2376053 0.2175914 0.2349046 0.2371737 0.2325127 0.2394742 0.2359005 0.2500409 0.2191666 0.2344536 0.2258310 0.2270958 0.2282612 0.2310995 0.2620117 0.2223817 0.2894363 0.2306349 0.2498180 
Igeo_OTOF         0.0908065 0.0826211 0.1178037 0.0821336 0.0935631 0.0864641 0.1350592 0.0930086 0.1011658 0.0895960 0.0877569 0.3406190 0.0621921 0.0533952 0.0923449 0.0535928 0.0545094 0.0592207 0.0570250 0.0574267 0.0894961 0.0929877 0.0995434 0.0807944 0.0665098 0.0637586 0.0622456 0.0579452 0.0799810 0.2308375 0.0000000 0.1351679 0.0899361 0.0754763 0.0596056 0.0545915 0.0933469 0.0537395 0.0585298 0.0538773 0.0568667 0.0572026 0.0606967 0.1053357 0.1477830 0.1618694 0.2758099 0.0933555 0.1632150 0.1262317 0.0824504 0.1608877 0.0619608 0.1518159 0.1594979 0.1435846 0.0554744 0.0540423 0.3324474 0.0542467 0.0575457 0.0493504 0.2971878 0.0458913 0.0645182 0.0536868 0.0608416 0.0928807 0.1047579 0.0954199 0.0552362 0.0518085 0.0582486 0.0670635 0.0604673 0.0567463 0.0565676 0.0787240 0.0554547 0.0643094 0.0503812 0.0589928 0.0556530 0.0570013 0.2939432 0.0594120 0.1401194 0.0559891 0.0899652 
Kbre_OTOF         0.1113062 0.1284050 0.1467241 0.1264533 0.1127238 0.1158658 0.0932578 0.1143323 0.0890578 0.1047057 0.0748360 0.3534076 0.2481523 0.1211095 0.0763827 0.1326042 0.1280414 0.1311067 0.1249414 0.1095612 0.0737849 0.1090557 0.1188850 0.1340531 0.1324794 0.1255102 0.1285603 0.1267134 0.1187081 0.2613353 0.1351679 0.0000000 0.0704881 0.1593232 0.1253848 0.1282482 0.1345380 0.1223231 0.1244210 0.1189407 0.1358167 0.1240887 0.1304198 0.1618905 0.2059334 0.1970790 0.2388823 0.1092072 0.2101656 0.0867077 0.1253081 0.1719108 0.1172243 0.2269181 0.2136149 0.1831433 0.1193785 0.1227930 0.3515640 0.1233211 0.1238079 0.1164624 0.3191129 0.1217864 0.1255328 0.1232170 0.1270868 0.0713681 0.0530455 0.1081442 0.1165990 0.1428460 0.1343106 0.1036732 0.1225896 0.1443144 0.1312207 0.1536548 0.1309865 0.1288512 0.1422070 0.1296775 0.1346130 0.1201661 0.3239815 0.0903302 0.2002156 0.1243712 0.1463708 
Ksim_OTOF         0.1332118 0.0913439 0.1277487 0.0763276 0.1485018 0.0968966 0.1054130 0.1364375 0.1097428 0.1270473 0.0977594 0.3994382 0.0998120 0.1294691 0.1020561 0.1132568 0.1119656 0.1339481 0.1150225 0.1422692 0.0932117 0.0972883 0.1089828 0.1105557 0.1255673 0.1160153 0.1685579 0.1543798 0.1409400 0.2972559 0.0899361 0.0704881 0.0000000 0.1112199 0.1185433 0.1240728 0.1726305 0.1096587 0.1163181 0.1444658 0.0882140 0.1353349 0.1662681 0.1508696 0.2486007 0.1965031 0.3823267 0.1060649 0.1628787 0.0775417 0.0858466 0.1578457 0.1501972 0.1469362 0.1543796 0.2433294 0.1425861 0.1508193 0.4066222 0.1188989 0.1111177 0.1448147 0.3681468 0.0943059 0.1180703 0.0996307 0.1551340 0.0945726 0.0955368 0.1303718 0.1381912 0.0832842 0.1206637 0.0970113 0.1221423 0.1045642 0.1144595 0.1129641 0.1250657 0.1679567 0.0976383 0.1187745 0.1133744 0.1072970 0.3659912 0.1155952 0.2095701 0.1527757 0.1226210 
Lacu_OTOF         0.1076126 0.1304517 0.1450003 0.0982491 0.1089408 0.1077293 0.1768755 0.1046560 0.1154239 0.1025237 0.1082380 0.3522262 0.0640028 0.0183544 0.0963409 0.0473224 0.0464920 0.0462457 0.0440886 0.0516166 0.0991887 0.1036886 0.1134653 0.0769568 0.0564502 0.0474757 0.0497890 0.0464731 0.1033984 0.2639529 0.0754763 0.1593232 0.1112199 0.0000000 0.0446902 0.0446657 0.0574733 0.0426856 0.0430166 0.0390765 0.0499239 0.0446737 0.0758778 0.0923914 0.1870241 0.1886158 0.2180805 0.1204468 0.1841445 0.1973243 0.0805815 0.1529644 0.0590541 0.2193504 0.1651836 0.1563809 0.0460899 0.0431307 0.3516204 0.0445989 0.0463537 0.0342688 0.3176082 0.0873840 0.0525498 0.0288219 0.0492694 0.1048397 0.1303210 0.1150678 0.0480177 0.0270961 0.0500982 0.0361188 0.0428041 0.0507427 0.0472629 0.0224371 0.0475876 0.0493232 0.0210722 0.0456406 0.0471197 0.0421361 0.3046302 0.0238846 0.1796938 0.0453101 0.1045723 
Lalb_OTOF         0.0954160 0.1604880 0.1239353 0.0888871 0.0864265 0.0870510 0.0961689 0.0930298 0.1007954 0.0822155 0.0791774 0.3247461 0.0646894 0.0182185 0.0873937 0.0229273 0.0201938 0.0199645 0.0203475 0.0391672 0.0892555 0.0913606 0.0966407 0.0781404 0.0239807 0.0193828 0.0221646 0.0227833 0.0885343 0.2322472 0.0596056 0.1253848 0.1185433 0.0446902 0.0000000 0.0211984 0.0590257 0.0189515 0.0210145 0.0179455 0.0211035 0.0213157 0.0758924 0.1078658 0.1569428 0.1394077 0.2612807 0.1079026 0.1474791 0.0915185 0.0929918 0.1853827 0.0434760 0.1759695 0.1666033 0.1924851 0.0385586 0.0348225 0.3251070 0.0211074 0.0198482 0.0211113 0.2967056 0.0704535 0.0221513 0.0415412 0.0189776 0.0947706 0.1054627 0.0940526 0.0384648 0.0403270 0.0202319 0.0252370 0.0208609 0.0253726 0.0243029 0.0380206 0.0225021 0.0195324 0.0246700 0.0214122 0.0177237 0.0169845 0.2946127 0.0228249 0.1447440 0.0188429 0.0962522 
Laus_OTOF         0.0899280 0.0842118 0.1092856 0.0742115 0.0908143 0.0850529 0.0877236 0.0922802 0.0964363 0.0835428 0.0815664 0.3301526 0.0145544 0.0107335 0.0863734 0.0155000 0.0408972 0.0116504 0.0168207 0.0357830 0.0802634 0.0897081 0.0981502 0.0836599 0.0230696 0.0190293 0.0194837 0.0177141 0.0892251 0.2304707 0.0545915 0.1282482 0.1240728 0.0446657 0.0211984 0.0000000 0.0470748 0.0148082 0.0166539 0.0079142 0.0336862 0.0067508 0.0788571 0.1038915 0.1595168 0.2130751 0.3973760 0.0962543 0.1418924 0.0786242 0.1222580 0.0918601 0.0399597 0.1952740 0.1560343 0.1456468 0.0404556 0.0357813 0.3360647 0.0410711 0.0412301 0.0237565 0.3062837 0.0635904 0.0205015 0.0364077 0.0143039 0.0919606 0.1065922 0.0658703 0.0384616 0.0239049 0.0174115 0.0180540 0.0176787 0.0167942 0.0200573 0.0334373 0.0200018 0.0193883 0.0128981 0.0164508 0.0184580 0.0156554 0.2890143 0.0116082 0.1437850 0.0153988 0.0901766 
Lbor_OTOF         0.1260729 0.1149015 0.1062120 0.1188716 0.1418179 0.1249587 0.2236048 0.1335686 0.1402006 0.1154747 0.1193995 0.3548144 0.0815477 0.0426098 0.1165669 0.0463782 0.0395603 0.0525102 0.0389827 0.0709423 0.1144241 0.1167024 0.1363374 0.1279131 0.0605026 0.0523779 0.0566179 0.0446082 0.0696969 0.2804557 0.0933469 0.1345380 0.1726305 0.0574733 0.0590257 0.0470748 0.0000000 0.0403630 0.0443808 0.0314175 0.0389133 0.0302501 0.1110971 0.0629350 0.0647443 0.0666420 0.1261613 0.1342951 0.1966385 0.1354946 0.1214197 0.1413769 0.0727852 0.0975232 0.0690377 0.0557527 0.0611068 0.0292738 0.3872881 0.0524305 0.0441144 0.0517383 0.3702248 0.0980810 0.0610508 0.0574165 0.0589743 0.1309811 0.0900539 0.1045041 0.0577552 0.0668692 0.0436802 0.0374563 0.0500457 0.0491291 0.0439979 0.0408243 0.0425858 0.0584668 0.0397212 0.0426856 0.0416620 0.0490230 0.2976084 0.0399748 0.0591983 0.0372456 0.1106528 
Lhos30470_OTOF    0.0900128 0.1288492 0.1185813 0.0810010 0.0884035 0.0863480 0.1310945 0.0939792 0.0961209 0.0802069 0.0811026 0.3233021 0.0398557 0.0118287 0.0843455 0.0076900 0.0057113 0.0044252 0.0079877 0.0382006 0.0815280 0.0882616 0.0915765 0.0846884 0.0136972 0.0094034 0.0118616 0.0115819 0.0857531 0.2260965 0.0537395 0.1223231 0.1096587 0.0426856 0.0189515 0.0148082 0.0403630 0.0000000 0.0054796 0.0123015 0.0133029 0.0122571 0.0761598 0.0908097 0.1465991 0.1428492 0.2567754 0.0939996 0.1436398 0.1344195 0.0847615 0.0936033 0.0413685 0.1739399 0.1583725 0.1342449 0.0377391 0.0334564 0.3239244 0.0121691 0.0133108 0.0216532 0.2947809 0.0654985 0.0125140 0.0361334 0.0067738 0.0883632 0.0999381 0.0887967 0.0376831 0.0300997 0.0079945 0.0133706 0.0105693 0.0135848 0.0101602 0.0229479 0.0070165 0.0087987 0.0073813 0.0077398 0.0098945 0.0055423 0.2768222 0.0067958 0.1374974 0.0074148 0.0872826 
Lhos452_OTOF      0.0923113 0.1315916 0.1228771 0.0850113 0.0873868 0.0851137 0.1350298 0.0936855 0.0998781 0.0845393 0.0839855 0.3420635 0.0455066 0.0138799 0.0824491 0.0117760 0.0072865 0.0093586 0.0103318 0.0370498 0.0817019 0.0901783 0.0975199 0.0856262 0.0150106 0.0109058 0.0129157 0.0124113 0.0901925 0.2188148 0.0585298 0.1244210 0.1163181 0.0430166 0.0210145 0.0166539 0.0443808 0.0054796 0.0000000 0.0132350 0.0153013 0.0159929 0.0804440 0.0996816 0.1476552 0.1503264 0.1998861 0.0990619 0.1449552 0.1414597 0.0884721 0.1639420 0.0421246 0.1718216 0.1617744 0.1384992 0.0364254 0.0326538 0.3454250 0.0145921 0.0121748 0.0209025 0.3057200 0.0637893 0.0144436 0.0397002 0.0096797 0.0901811 0.0998884 0.0873926 0.0372216 0.0348535 0.0103355 0.0098445 0.0113886 0.0148084 0.0114292 0.0227996 0.0076007 0.0104455 0.0094463 0.0095837 0.0099309 0.0040076 0.2828537 0.0043298 0.1395957 0.0065067 0.0879058 
Lobl_OTOF         0.0858538 0.1206888 0.1122787 0.0781852 0.0860985 0.0841375 0.1291683 0.0903027 0.0863029 0.0832250 0.0804517 0.3142057 0.0369831 0.0110270 0.0840420 0.0153287 0.0340699 0.0115900 0.0131501 0.0415998 0.0784318 0.0860410 0.0899474 0.0861013 0.0196355 0.0154873 0.0169781 0.0151142 0.0844560 0.2338352 0.0538773 0.1189407 0.1444658 0.0390765 0.0179455 0.0079142 0.0314175 0.0123015 0.0132350 0.0000000 0.0278740 0.0077910 0.0786400 0.0872562 0.1367644 0.1841390 0.2935474 0.0971633 0.1350539 0.1285362 0.1165530 0.1472040 0.0441068 0.2113361 0.1485046 0.1632889 0.0408725 0.0371274 0.3126528 0.0364680 0.0358642 0.0250133 0.2932041 0.0611904 0.0153544 0.0345702 0.0135428 0.0907087 0.1007455 0.0802665 0.0394452 0.0314736 0.0141325 0.0164009 0.0154126 0.0174012 0.0157343 0.0292655 0.0163507 0.0144598 0.0131266 0.0138123 0.0164522 0.0126091 0.2951809 0.0097337 0.1302008 0.0135137 0.0869344 
Lobs_OTOF         0.1280236 0.0921081 0.0905146 0.0865147 0.1299061 0.0864258 0.1303847 0.1285756 0.1057163 0.1186547 0.0845405 0.4016199 0.0161283 0.0202800 0.0858984 0.0147312 0.0128794 0.0424449 0.0154455 0.0660308 0.0817961 0.0899463 0.0975212 0.0910358 0.0261554 0.0189814 0.0490185 0.0427313 0.1255955 0.2801379 0.0568667 0.1358167 0.0882140 0.0499239 0.0211035 0.0336862 0.0389133 0.0133029 0.0153013 0.0278740 0.0000000 0.0396807 0.1275839 0.1088764 0.1973807 0.1553950 0.1857583 0.1020002 0.1527858 0.1350184 0.0931946 0.1620573 0.0712039 0.1521731 0.1594685 0.1994476 0.0618156 0.0629277 0.4185352 0.0180267 0.0165372 0.0510291 0.3707055 0.0617620 0.0203494 0.0366784 0.0446877 0.1286643 0.1133260 0.0676024 0.0624128 0.0333355 0.0149307 0.0163082 0.0163073 0.0173557 0.0195592 0.0358991 0.0168251 0.0460510 0.0149000 0.0147047 0.0175192 0.0154160 0.3420964 0.0109875 0.1748780 0.0370330 0.0903518 
LperAUS_OTOF      0.0940311 0.0897855 0.1177073 0.0822526 0.0924011 0.0879021 0.0903103 0.0909626 0.0982294 0.0852140 0.0839615 0.3205160 0.0216684 0.0118611 0.0841468 0.0145997 0.0421899 0.0113430 0.0142866 0.0372651 0.0813514 0.0894861 0.0954670 0.0851163 0.0222217 0.0185556 0.0179367 0.0167853 0.0869146 0.2198880 0.0572026 0.1240887 0.1353349 0.0446737 0.0213157 0.0067508 0.0302501 0.0122571 0.0159929 0.0077910 0.0396807 0.0000000 0.0696732 0.0960971 0.1490636 0.2098119 0.2607879 0.0995691 0.1524091 0.0788749 0.1159901 0.0994927 0.0427107 0.1972671 0.1495585 0.1896545 0.0359319 0.0305301 0.3159772 0.0428676 0.0413124 0.0233157 0.2916674 0.0621571 0.0183668 0.0342023 0.0156540 0.0927145 0.1006938 0.0681666 0.0347449 0.0292009 0.0161845 0.0192520 0.0165610 0.0196774 0.0200007 0.0345054 0.0184277 0.0177890 0.0172425 0.0128463 0.0193637 0.0145289 0.2846039 0.0126228 0.1339588 0.0167447 0.0956943 
Lvex_OTOF         0.1004982 0.1436805 0.1226413 0.0929381 0.0935911 0.0928534 0.1557037 0.1038443 0.1117772 0.1001995 0.0930571 0.3340581 0.1139976 0.0822737 0.0948076 0.0792070 0.1097048 0.0829267 0.0779332 0.0714088 0.0917723 0.0950928 0.1008924 0.0906038 0.0810568 0.0816452 0.0857668 0.0845174 0.0981684 0.2642915 0.0606967 0.1304198 0.1662681 0.0758778 0.0758924 0.0788571 0.1110971 0.0761598 0.0804440 0.0786400 0.1275839 0.0696732 0.0000000 0.1087414 0.1558490 0.2189472 0.3740885 0.1151043 0.1576878 0.1533288 0.1265278 0.1703355 0.0749631 0.2266019 0.1633862 0.1725621 0.0767900 0.0751388 0.3365324 0.0998157 0.1072259 0.0731488 0.3221634 0.0677072 0.0777704 0.0697611 0.0859963 0.1057477 0.1180461 0.1261506 0.0744989 0.0637338 0.0849211 0.0926372 0.0746298 0.0819392 0.0775771 0.0960325 0.0751340 0.0869406 0.0770619 0.0786768 0.0798891 0.0826591 0.3248893 0.0812766 0.1477542 0.0816934 0.1065135 
Mbid_OTOF         0.0965360 0.0581574 0.0480819 0.0902557 0.1107881 0.1030882 0.1697010 0.1018217 0.1162019 0.0924237 0.0968225 0.3252942 0.1581486 0.0992899 0.0957527 0.1071895 0.1060866 0.1174127 0.0954468 0.0854583 0.1074599 0.1076645 0.1193236 0.1118571 0.1195264 0.1065337 0.1128457 0.0956594 0.0203428 0.2604375 0.1053357 0.1618905 0.1508696 0.0923914 0.1078658 0.1038915 0.0629350 0.0908097 0.0996816 0.0872562 0.1088764 0.0960971 0.1087414 0.0000000 0.0221210 0.0193677 0.0617578 0.0660986 0.0779622 0.0617086 0.0433549 0.0895929 0.0868483 0.0306325 0.0131936 0.0128600 0.0867816 0.0651549 0.3409927 0.0987093 0.0984642 0.0842229 0.3201637 0.1100343 0.1140342 0.0920986 0.1157777 0.1040267 0.0811265 0.1876728 0.0804320 0.1021519 0.1034279 0.1013868 0.1020453 0.1169869 0.1059994 0.0946908 0.1015021 0.1121349 0.1092847 0.0997390 0.0994844 0.1068907 0.2912668 0.0990416 0.0287090 0.0893443 0.0564716 
