90
Bacu_PCDH15         0.0000000 0.0561539 0.0503751 0.0088929 0.0151565 0.0166832 0.0166832 0.0235452 0.0195909 0.7209115 0.0805992 0.5123503 0.0894662 0.0325358 0.0905205 0.0899802 0.0912544 0.0925517 0.6076377 0.0262254 0.0267624 0.0277568 0.0191866 0.0911713 0.0920797 0.0896754 0.7309468 0.0507444 0.1364831 0.0799871 0.0737180 0.0718193 0.0905285 0.0912489 0.0874878 0.0827376 0.0857138 0.0929513 0.3203898 0.0897929 0.0904957 0.7824126 0.0517917 0.0507806 0.0515253 0.0566908 0.0530657 0.0515643 0.0606702 0.0507564 0.0499674 0.0511188 0.6032513 0.0515349 0.0501036 0.0499759 0.7335648 0.0823828 0.7340603 0.0972736 0.0877629 0.6475608 0.0732549 0.0576049 0.0905644 0.0615836 0.0703633 0.0889582 0.0553461 0.0707296 0.6207842 0.0724352 0.0917172 0.0898487 0.0912159 0.0881436 0.0929076 0.0904974 0.0890752 0.0908992 0.0872815 0.0871829 0.0937002 0.0894762 0.0921048 0.7394929 0.0929668 0.0468587 0.6345337 0.0492230 
Barn_PCDH15         0.0561539 0.0000000 0.0043570 0.0451607 0.0462916 0.0462723 0.0462723 0.0507370 0.0495712 0.1604210 0.0733645 0.1736394 0.0721619 0.0495834 0.0728027 0.0710467 0.0738554 0.0738728 0.0676116 0.0530015 0.0519486 0.0541249 0.0484296 0.0737740 0.0714715 0.0738188 0.0738231 0.0179325 0.1196097 0.0707624 0.0674912 0.0744021 0.0749225 0.0738629 0.0772484 0.0733118 0.0694777 0.0762208 0.0772441 0.0733393 0.0726656 0.0631329 0.0284991 0.0243841 0.0232892 0.0186484 0.0243504 0.0222438 0.0241624 0.0232955 0.0222187 0.0224062 0.0619246 0.0254444 0.0243996 0.0232910 0.0667436 0.0624590 0.1708769 0.0809890 0.0758760 0.0689657 0.0597943 0.0483984 0.0733344 0.0595099 0.0608677 0.0722389 0.0484321 0.0632355 0.0608647 0.0597013 0.0747152 0.0747009 0.0749559 0.0737913 0.0773194 0.0681341 0.0727756 0.0722285 0.0716509 0.0730631 0.0761573 0.0713997 0.0750400 0.1676918 0.0762403 0.0201016 0.0738568 0.0208958 
Bbai76728_PCDH15    0.0503751 0.0043570 0.0000000 0.0412226 0.0412557 0.0403579 0.0403579 0.0458804 0.0423049 0.1693516 0.0652498 0.1765196 0.0698080 0.0449982 0.0708179 0.0700026 0.0716971 0.0707508 0.0673867 0.0468310 0.0459519 0.0487005 0.0439442 0.0706885 0.0716033 0.0717693 0.0717728 0.0140749 0.1219657 0.0706672 0.0593758 0.0650183 0.0725906 0.0716945 0.0672896 0.0655913 0.0680192 0.0726993 0.0755162 0.0717220 0.0688596 0.0632384 0.0223277 0.0185431 0.0167487 0.0193182 0.0194134 0.0176553 0.0236848 0.0185329 0.0167485 0.0183540 0.0635633 0.0203192 0.0203614 0.0194220 0.1027463 0.0638966 0.1804383 0.0784665 0.0755950 0.0734967 0.0578712 0.0393395 0.0706779 0.0531246 0.0560730 0.0707708 0.0394406 0.0572442 0.0765296 0.0550582 0.0736984 0.0736871 0.0726152 0.0712823 0.0755339 0.0744439 0.0704036 0.0713461 0.0717116 0.0646079 0.0745600 0.0696540 0.0726829 0.1675844 0.0726495 0.0176532 0.0716981 0.0154898 
BbonAUS_PCDH15      0.0088929 0.0451607 0.0412226 0.0000000 0.0067966 0.0083126 0.0083126 0.0118932 0.0097579 0.1634909 0.0666273 0.1729972 0.0773369 0.0231741 0.0762595 0.0759334 0.0770004 0.0778407 0.0652723 0.0186455 0.0195892 0.0201612 0.0107081 0.0769312 0.0778185 0.0770663 0.0770695 0.0423025 0.1170130 0.0669513 0.0625838 0.0621237 0.0776549 0.0769976 0.0735101 0.0683942 0.0735592 0.0786730 0.0802386 0.0758961 0.0762397 0.0556036 0.0466869 0.0423327 0.0430783 0.0492956 0.0446118 0.0431109 0.0509939 0.0423126 0.0415305 0.0423527 0.0637076 0.0430866 0.0416438 0.0415377 0.1409050 0.0712140 0.1759214 0.0861568 0.0768106 0.0777882 0.0634803 0.0447063 0.0766714 0.0527738 0.0590849 0.0750680 0.0453166 0.0597098 0.0770655 0.0614122 0.0783557 0.0776086 0.0785687 0.0751469 0.0787096 0.0775180 0.0744111 0.0757519 0.0737776 0.0715598 0.0794277 0.0752587 0.0778384 0.1646501 0.0786871 0.0384424 0.0770015 0.0405905 
Bbor_PCDH15         0.0151565 0.0462916 0.0412557 0.0067966 0.0000000 0.0060248 0.0060248 0.0113468 0.0113888 0.1670770 0.0672401 0.1769193 0.0756670 0.0244228 0.0761473 0.0741340 0.0769026 0.0768878 0.0649943 0.0182566 0.0180186 0.0198029 0.0117083 0.0768320 0.0777365 0.0769697 0.0769729 0.0431435 0.1168810 0.0694772 0.0671139 0.0644854 0.0768539 0.0768995 0.0741671 0.0689980 0.0734399 0.0786076 0.0802035 0.0758411 0.0761269 0.0591073 0.0467063 0.0439615 0.0447217 0.0511451 0.0462871 0.0447947 0.0522665 0.0439402 0.0431412 0.0440444 0.0633988 0.0447305 0.0432613 0.0431489 0.1004003 0.0718502 0.1786875 0.0854184 0.0759089 0.0777051 0.0644070 0.0463494 0.0766326 0.0558704 0.0603318 0.0749960 0.0460843 0.0597062 0.0770209 0.0605417 0.0776000 0.0775896 0.0785011 0.0750090 0.0786452 0.0775130 0.0759201 0.0746949 0.0736815 0.0723040 0.0793770 0.0751272 0.0777568 0.1652097 0.0786219 0.0391751 0.0769037 0.0414951 
Bede66737_PCDH15    0.0166832 0.0462723 0.0403579 0.0083126 0.0060248 0.0000000 0.0000010 0.0113418 0.0130252 0.1672950 0.0671746 0.1769284 0.0765484 0.0244317 0.0761617 0.0750832 0.0769171 0.0769025 0.0682475 0.0182639 0.0188171 0.0198101 0.0132785 0.0768467 0.0777773 0.0769843 0.0769875 0.0431586 0.1169607 0.0670604 0.0671377 0.0690937 0.0784941 0.0769142 0.0741818 0.0689973 0.0734400 0.0786226 0.0802189 0.0758405 0.0761414 0.0560627 0.0498174 0.0439769 0.0431702 0.0511640 0.0463032 0.0447719 0.0502646 0.0439556 0.0431563 0.0440604 0.0650113 0.0447461 0.0432765 0.0431640 0.1021015 0.0736598 0.1789216 0.0862786 0.0759081 0.0793739 0.0635587 0.0479619 0.0766320 0.0545793 0.0620097 0.0749951 0.0477424 0.0614366 0.0786651 0.0631403 0.0775992 0.0775888 0.0785162 0.0750237 0.0786599 0.0775105 0.0742730 0.0756162 0.0753197 0.0723019 0.0793921 0.0751415 0.0777716 0.1633927 0.0786369 0.0391882 0.0769183 0.0406297 
BedeAUS_PCDH15      0.0166832 0.0462723 0.0403579 0.0083126 0.0060248 0.0000010 0.0000000 0.0113418 0.0130252 0.1672950 0.0671746 0.1769284 0.0765484 0.0244317 0.0761617 0.0750832 0.0769171 0.0769025 0.0682475 0.0182639 0.0188171 0.0198101 0.0132785 0.0768467 0.0777773 0.0769843 0.0769875 0.0431586 0.1169607 0.0670604 0.0671377 0.0690937 0.0784941 0.0769142 0.0741818 0.0689973 0.0734400 0.0786226 0.0802189 0.0758405 0.0761414 0.0560627 0.0498174 0.0439769 0.0431702 0.0511640 0.0463032 0.0447719 0.0502646 0.0439556 0.0431563 0.0440604 0.0650113 0.0447461 0.0432765 0.0431640 0.1021015 0.0736598 0.1789216 0.0862786 0.0759081 0.0793739 0.0635587 0.0479619 0.0766320 0.0545793 0.0620097 0.0749951 0.0477424 0.0614366 0.0786651 0.0631403 0.0775992 0.0775888 0.0785162 0.0750237 0.0786599 0.0775105 0.0742730 0.0756162 0.0753197 0.0723019 0.0793921 0.0751415 0.0777716 0.1633927 0.0786369 0.0391882 0.0769183 0.0406297 
Bmus_PCDH15         0.0235452 0.0507370 0.0458804 0.0118932 0.0113468 0.0113418 0.0113418 0.0000000 0.0179868 0.7364684 0.0772261 0.5189749 0.0870068 0.0302391 0.0882839 0.0882680 0.0890203 0.0902491 0.6196531 0.0232080 0.0235923 0.0247348 0.0184555 0.0889393 0.0898460 0.0890977 0.7385620 0.0485230 0.1408841 0.0740862 0.0730351 0.0737403 0.0882494 0.0890154 0.0843202 0.0792783 0.0821088 0.0907165 0.3235025 0.0874832 0.0882600 0.7938197 0.0549723 0.0501031 0.0508493 0.0567861 0.0523921 0.0508879 0.0588436 0.0500792 0.0492893 0.0504164 0.6131376 0.0508589 0.0494239 0.0492976 0.7429500 0.0817520 0.7524162 0.0982832 0.0887949 0.6555312 0.0707174 0.0614702 0.0882569 0.0617945 0.0688947 0.0866479 0.0546794 0.0691810 0.6297044 0.0708901 0.0893577 0.0875378 0.0905936 0.0874978 0.0906747 0.0884741 0.0867725 0.0883831 0.0858437 0.0834227 0.0914677 0.0872447 0.0898703 0.7474964 0.0907318 0.0446259 0.6398754 0.0484549 
Bphy_baits_PCDH15   0.0195909 0.0495712 0.0423049 0.0097579 0.0113888 0.0130252 0.0130252 0.0179868 0.0000000 0.1648772 0.0707855 0.1780577 0.0761270 0.0229713 0.0748961 0.0716892 0.0757072 0.0748304 0.0656640 0.0238078 0.0245875 0.0254830 0.0117768 0.0756327 0.0757351 0.0748041 0.0748075 0.0464522 0.1138160 0.0706729 0.0717533 0.0724146 0.0756558 0.0748385 0.0783984 0.0724508 0.0679113 0.0775341 0.0783644 0.0745291 0.0748746 0.0604759 0.0481238 0.0481867 0.0473014 0.0523974 0.0489839 0.0481937 0.0508267 0.0481615 0.0472983 0.0465131 0.0639486 0.0490142 0.0474141 0.0481530 0.0684478 0.0679816 0.1790316 0.0839502 0.0743191 0.0756113 0.0650360 0.0481571 0.0753806 0.0610945 0.0658177 0.0736211 0.0478836 0.0644422 0.0721670 0.0670038 0.0764183 0.0764072 0.0774222 0.0727184 0.0784464 0.0754096 0.0719090 0.0731506 0.0722522 0.0772875 0.0783607 0.0738058 0.0766227 0.1636710 0.0775492 0.0430155 0.0757084 0.0450657 
Btau_PCDH15         0.7209115 0.1604210 0.1693516 0.1634909 0.1670770 0.1672950 0.1672950 0.7364684 0.1648772 0.0000000 0.1991077 0.3168348 0.2116541 0.1689594 0.2216708 0.2219529 0.2223407 0.2251608 0.2235428 0.1704991 0.1714548 0.1723545 0.1645235 0.2204484 0.2223958 0.2225634 0.2796343 0.1675895 0.7285649 0.1988184 0.1953337 0.1904640 0.2238751 0.2214174 0.2024573 0.1976833 0.2119824 0.2243134 0.8253787 0.2163421 0.2171777 0.2153518 0.1719507 0.1667821 0.1658626 0.1750006 0.1674919 0.1676197 0.1727815 0.1642325 0.1658107 0.1638340 0.2206448 0.1650797 0.1654392 0.1633484 0.2951130 0.2110986 0.0829586 0.2257140 0.2177197 0.2352981 0.1910663 0.7268548 0.2215988 0.1861963 0.1944711 0.2199611 0.1703246 0.1884641 0.2341010 0.1967109 0.2239372 0.2209931 0.2222443 0.2157141 0.2256876 0.2233467 0.2168836 0.2182187 0.2197122 0.2136242 0.2249902 0.2201906 0.2216041 0.2369988 0.2243249 0.1599832 0.2343846 0.1631333 
Ccom40_PCDH15       0.0805992 0.0733645 0.0652498 0.0666273 0.0672401 0.0671746 0.0671746 0.0772261 0.0707855 0.1991077 0.0000000 0.2096502 0.0051587 0.0765171 0.0122989 0.0118495 0.0131131 0.0131170 0.0401389 0.0764961 0.0809110 0.0801137 0.0717428 0.0131152 0.0131322 0.0122978 0.0122983 0.0639070 0.1552607 0.0526043 0.0783821 0.0788855 0.0133957 0.0122946 0.0089911 0.0069192 0.0118622 0.0139533 0.0106396 0.0081667 0.0073494 0.0536045 0.0710671 0.0630946 0.0630435 0.0713989 0.0655980 0.0648019 0.0739794 0.0647582 0.0639151 0.0645149 0.0358435 0.0673875 0.0657701 0.0647454 0.0809717 0.0397199 0.2117216 0.0172757 0.0126700 0.0172978 0.0478316 0.0690792 0.0139491 0.0376646 0.0384371 0.0122951 0.0673935 0.0378290 0.0454621 0.0396515 0.0151053 0.0147812 0.0147728 0.0126819 0.0155988 0.0119809 0.0135362 0.0116638 0.0131155 0.0127645 0.0164288 0.0148101 0.0139512 0.1983372 0.0139394 0.0594293 0.0131128 0.0655083 
Cela_PCDH15         0.5123503 0.1736394 0.1765196 0.1729972 0.1769193 0.1769284 0.1769284 0.5189749 0.1780577 0.3168348 0.2096502 0.0000000 0.2197930 0.1795352 0.2276689 0.2282401 0.2283333 0.2313426 0.4859354 0.1785133 0.1805407 0.1802517 0.1742143 0.2272881 0.2292416 0.2294150 0.5943204 0.1761734 0.5180719 0.2075030 0.1981997 0.1974533 0.2301426 0.2291252 0.2116294 0.2052340 0.2180516 0.2303133 0.5913792 0.2232277 0.2248630 0.5533292 0.1765093 0.1736950 0.1711068 0.1775897 0.1744015 0.1737036 0.1714315 0.1712528 0.1727159 0.1708480 0.4887562 0.1703443 0.1723619 0.1685872 0.5962812 0.2147667 0.3270314 0.2317258 0.2235943 0.5211538 0.2000221 0.5072590 0.2276156 0.1912850 0.2017441 0.2259826 0.1749083 0.1967117 0.5033223 0.2052108 0.2300841 0.2261419 0.2282343 0.2224157 0.2327095 0.2245625 0.2235919 0.2223610 0.2257039 0.2211004 0.2309822 0.2271815 0.2293261 0.4751152 0.2303237 0.1677171 0.5156858 0.1674090 
Chea7320_PCDH15     0.0894662 0.0721619 0.0698080 0.0773369 0.0756670 0.0765484 0.0765484 0.0870068 0.0761270 0.2116541 0.0051587 0.2197930 0.0000000 0.0866906 0.0080637 0.0078959 0.0088665 0.0100039 0.0387633 0.0837025 0.0855634 0.0873122 0.0828196 0.0080587 0.0088702 0.0080637 0.0080640 0.0693146 0.1642585 0.0511010 0.0809007 0.0826420 0.0080523 0.0088694 0.0041471 0.0035178 0.0083653 0.0088718 0.0064401 0.0032118 0.0024085 0.0579301 0.0772271 0.0703395 0.0720388 0.0801911 0.0745827 0.0720387 0.0803464 0.0719872 0.0702823 0.0722468 0.0345305 0.0746067 0.0748029 0.0728490 0.0536171 0.0420571 0.2221461 0.0137545 0.0091675 0.0121354 0.0480898 0.0772476 0.0088733 0.0336465 0.0338920 0.0072524 0.0733965 0.0340886 0.0492424 0.0348095 0.0096892 0.0096876 0.0096823 0.0074766 0.0113050 0.0072240 0.0091431 0.0085386 0.0080589 0.0111786 0.0113057 0.0097012 0.0096805 0.2101665 0.0088673 0.0684571 0.0080572 0.0708297 
Cmar59905_PCDH15    0.0325358 0.0495834 0.0449982 0.0231741 0.0244228 0.0244317 0.0244317 0.0302391 0.0229713 0.1689594 0.0765171 0.1795352 0.0866906 0.0000000 0.0846804 0.0826305 0.0854429 0.0854704 0.0741407 0.0318529 0.0335356 0.0334476 0.0206661 0.0853626 0.0862135 0.0855194 0.0855230 0.0509074 0.1232568 0.0742507 0.0747992 0.0756340 0.0862855 0.0854383 0.0821357 0.0728021 0.0792778 0.0871889 0.0888074 0.0846127 0.0846567 0.0694241 0.0529605 0.0509449 0.0501066 0.0551379 0.0524984 0.0517556 0.0558743 0.0493254 0.0501036 0.0493811 0.0699091 0.0517251 0.0494190 0.0501124 0.1515822 0.0765872 0.1840852 0.0932301 0.0830527 0.0845255 0.0715801 0.0533362 0.0854138 0.0567217 0.0654058 0.0837507 0.0535156 0.0644772 0.0848038 0.0680642 0.0873616 0.0864031 0.0870673 0.0818897 0.0888967 0.0840064 0.0811364 0.0822834 0.0821649 0.0786894 0.0879664 0.0836180 0.0863178 0.1726766 0.0872044 0.0468883 0.0854447 0.0465168 
Dcap108471_PCDH15   0.0905205 0.0728027 0.0708179 0.0762595 0.0761473 0.0761617 0.0761617 0.0882839 0.0748961 0.2216708 0.0122989 0.2276689 0.0080637 0.0846804 0.0000000 0.0017241 0.0007334 0.0022703 0.0400454 0.0837148 0.0863664 0.0853807 0.0811573 0.0044103 0.0051483 0.0044128 0.0051501 0.0712514 0.1705438 0.0513476 0.0854373 0.0874402 0.0082626 0.0051532 0.0107727 0.0066934 0.0034556 0.0029389 0.0110795 0.0075804 0.0066340 0.0555898 0.0807581 0.0713949 0.0721602 0.0805005 0.0752790 0.0737496 0.0795246 0.0729023 0.0721370 0.0724551 0.0361630 0.0753011 0.0754824 0.0736913 0.1124799 0.0420012 0.2315643 0.0133123 0.0086103 0.0133279 0.0471774 0.0826111 0.0052953 0.0314437 0.0344257 0.0037786 0.0782974 0.0336994 0.0496495 0.0354097 0.0030837 0.0030253 0.0044118 0.0030234 0.0044109 0.0019773 0.0015099 0.0008220 0.0044153 0.0045307 0.0044111 0.0029439 0.0014680 0.2193450 0.0029396 0.0680269 0.0022017 0.0712782 
Dcap79929_PCDH15    0.0899802 0.0710467 0.0700026 0.0759334 0.0741340 0.0750832 0.0750832 0.0882680 0.0716892 0.2219529 0.0118495 0.2282401 0.0078959 0.0826305 0.0017241 0.0000000 0.0025864 0.0017225 0.0408363 0.0837398 0.0838176 0.0857004 0.0817997 0.0043163 0.0051831 0.0043191 0.0051852 0.0710804 0.1719668 0.0535703 0.0828152 0.0859675 0.0077883 0.0069239 0.0127482 0.0084195 0.0018652 0.0025880 0.0112756 0.0077893 0.0069228 0.0589389 0.0781608 0.0721913 0.0721281 0.0771814 0.0758087 0.0740228 0.0801649 0.0730225 0.0721279 0.0744188 0.0362740 0.0758473 0.0750753 0.0739516 0.0796357 0.0421238 0.2257935 0.0121534 0.0086875 0.0121675 0.0468750 0.0784626 0.0051850 0.0298432 0.0342264 0.0034528 0.0722463 0.0332671 0.0521535 0.0351678 0.0034549 0.0034576 0.0051842 0.0034527 0.0051830 0.0021004 0.0034508 0.0026615 0.0017229 0.0039299 0.0051833 0.0034596 0.0034516 0.2282809 0.0025866 0.0692163 0.0025863 0.0712446 
DdelSJR_PCDH15      0.0912544 0.0738554 0.0716971 0.0770004 0.0769026 0.0769171 0.0769171 0.0890203 0.0757072 0.2223407 0.0131131 0.2283333 0.0088665 0.0854429 0.0007334 0.0025864 0.0000000 0.0030259 0.0407838 0.0844552 0.0871430 0.0861209 0.0819191 0.0051433 0.0058815 0.0051463 0.0058836 0.0719915 0.1712477 0.0501273 0.0861918 0.0882733 0.0090103 0.0058871 0.0115376 0.0075269 0.0043177 0.0036723 0.0118137 0.0083351 0.0073683 0.0565162 0.0817275 0.0721365 0.0729012 0.0812878 0.0760182 0.0744900 0.0804444 0.0736424 0.0728778 0.0732238 0.0369012 0.0760405 0.0762234 0.0744311 0.1132386 0.0428217 0.2322265 0.0140465 0.0093894 0.0140630 0.0462644 0.0833491 0.0060493 0.0326312 0.0351929 0.0045326 0.0790722 0.0345057 0.0503905 0.0362166 0.0038532 0.0037801 0.0051451 0.0037788 0.0051440 0.0019755 0.0022640 0.0016433 0.0051492 0.0054343 0.0051443 0.0036786 0.0022012 0.2191770 0.0036731 0.0687675 0.0029344 0.0721088 
Ddeltrop4525_PCDH15 0.0925517 0.0738728 0.0707508 0.0778407 0.0768878 0.0769025 0.0769025 0.0902491 0.0748304 0.2251608 0.0131170 0.2313426 0.0100039 0.0854704 0.0022703 0.0017225 0.0030259 0.0000000 0.0420764 0.0855398 0.0874666 0.0872593 0.0829495 0.0068247 0.0075866 0.0068278 0.0075889 0.0726694 0.1732328 0.0501736 0.0873552 0.0896413 0.0100720 0.0075940 0.0135121 0.0095341 0.0043190 0.0053051 0.0137154 0.0101751 0.0091250 0.0567501 0.0806730 0.0728205 0.0719503 0.0793491 0.0759873 0.0752489 0.0804753 0.0743738 0.0735850 0.0746022 0.0380675 0.0768486 0.0761744 0.0751875 0.1153035 0.0442643 0.2343896 0.0160219 0.0113262 0.0160415 0.0469987 0.0825731 0.0078100 0.0339136 0.0363489 0.0062417 0.0771668 0.0348224 0.0520068 0.0365348 0.0047750 0.0054659 0.0068262 0.0054633 0.0068247 0.0040996 0.0038977 0.0034043 0.0068319 0.0054360 0.0068247 0.0053140 0.0037854 0.2246800 0.0053063 0.0693423 0.0045418 0.0719020 
Dleu_PCDH15         0.6076377 0.0676116 0.0673867 0.0652723 0.0649943 0.0682475 0.0682475 0.6196531 0.0656640 0.2235428 0.0401389 0.4859354 0.0387633 0.0741407 0.0400454 0.0408363 0.0407838 0.0420764 0.0000000 0.0733964 0.0755424 0.0750295 0.0680855 0.0407898 0.0415683 0.0392578 0.0812861 0.0659217 0.7199018 0.0547927 0.0797758 0.0792649 0.0392405 0.0408251 0.0424805 0.0393728 0.0362775 0.0423753 0.5824269 0.0396220 0.0400762 0.0464476 0.0748457 0.0660522 0.0683816 0.0756204 0.0698967 0.0683815 0.0787716 0.0675477 0.0667894 0.0677205 0.0080456 0.0699171 0.0700839 0.0683281 0.0830098 0.0240260 0.2333102 0.0478311 0.0425503 0.0406432 0.0417234 0.6001309 0.0403890 0.0228101 0.0193315 0.0387992 0.0684709 0.0203715 0.0299131 0.0195346 0.0403967 0.0396058 0.0423469 0.0412244 0.0438477 0.0407272 0.0420279 0.0423767 0.0392724 0.0418585 0.0438923 0.0408086 0.0415894 0.2366848 0.0423649 0.0644102 0.0424700 0.0688700 
EausAUS_PCDH15      0.0262254 0.0530015 0.0468310 0.0186455 0.0182566 0.0182639 0.0182639 0.0232080 0.0238078 0.1704991 0.0764961 0.1785133 0.0837025 0.0318529 0.0837148 0.0837398 0.0844552 0.0855398 0.0733964 0.0000000 0.0031001 0.0044330 0.0200269 0.0843786 0.0852036 0.0845284 0.0845319 0.0462594 0.1236926 0.0766640 0.0715658 0.0684184 0.0852541 0.0844512 0.0811983 0.0757936 0.0774873 0.0861476 0.0860810 0.0818714 0.0820588 0.0656814 0.0498617 0.0462935 0.0470402 0.0535591 0.0485818 0.0470756 0.0559749 0.0462714 0.0454838 0.0456523 0.0702033 0.0470491 0.0456082 0.0454917 0.1499592 0.0766106 0.1793964 0.0936202 0.0847164 0.0851705 0.0698364 0.0517268 0.0843255 0.0630793 0.0674559 0.0827142 0.0526855 0.0676518 0.0845271 0.0702478 0.0861876 0.0852812 0.0860315 0.0819571 0.0878030 0.0852498 0.0812249 0.0831745 0.0812058 0.0836549 0.0869025 0.0826872 0.0853032 0.1707993 0.0861625 0.0423773 0.0844945 0.0458727 
Egla13086_PCDH15    0.0267624 0.0519486 0.0459519 0.0195892 0.0180186 0.0188171 0.0188171 0.0235923 0.0245875 0.1714548 0.0809110 0.1805407 0.0855634 0.0335356 0.0863664 0.0838176 0.0871430 0.0874666 0.0755424 0.0031001 0.0000000 0.0031004 0.0210748 0.0870595 0.0879280 0.0872227 0.0872265 0.0478292 0.1223413 0.0763387 0.0719113 0.0718961 0.0870859 0.0871380 0.0856093 0.0802048 0.0802290 0.0889265 0.0905777 0.0862666 0.0863416 0.0689675 0.0519678 0.0486806 0.0494656 0.0555914 0.0510872 0.0486892 0.0593942 0.0486561 0.0470153 0.0480987 0.0721833 0.0494754 0.0479639 0.0478351 0.1126915 0.0791231 0.1816906 0.0959452 0.0866950 0.0861572 0.0698980 0.0527551 0.0870825 0.0651231 0.0693777 0.0853869 0.0526694 0.0690180 0.0872818 0.0703079 0.0881062 0.0880943 0.0887998 0.0845910 0.0906697 0.0864217 0.0838233 0.0840998 0.0837235 0.0846845 0.0897187 0.0852777 0.0880367 0.1735571 0.0889425 0.0445187 0.0871850 0.0486902 
Ejap43864_PCDH15    0.0277568 0.0541249 0.0487005 0.0201612 0.0198029 0.0198101 0.0198101 0.0247348 0.0254830 0.1723545 0.0801137 0.1802517 0.0873122 0.0334476 0.0853807 0.0857004 0.0861209 0.0872593 0.0750295 0.0044330 0.0031004 0.0000000 0.0215939 0.0860426 0.0868693 0.0861958 0.0861994 0.0493944 0.1254130 0.0766815 0.0748635 0.0720451 0.0869523 0.0861166 0.0846236 0.0795007 0.0784781 0.0878178 0.0893907 0.0852596 0.0853577 0.0666928 0.0539951 0.0494297 0.0501776 0.0569280 0.0501747 0.0502157 0.0589235 0.0494061 0.0486150 0.0489035 0.0718307 0.0501871 0.0487482 0.0486232 0.1518296 0.0784332 0.1812698 0.0953054 0.0864860 0.0851842 0.0716778 0.0548804 0.0860360 0.0669210 0.0691466 0.0844230 0.0559967 0.0694329 0.0853562 0.0720333 0.0879381 0.0869960 0.0876989 0.0836660 0.0894766 0.0874937 0.0829347 0.0850381 0.0828656 0.0857021 0.0885727 0.0843469 0.0869712 0.1743258 0.0878329 0.0454975 0.0861601 0.0493832 
Erob133443_PCDH15   0.0191866 0.0484296 0.0439442 0.0107081 0.0117083 0.0132785 0.0132785 0.0184555 0.0117768 0.1645235 0.0717428 0.1742143 0.0828196 0.0206661 0.0811573 0.0817997 0.0819191 0.0829495 0.0680855 0.0200269 0.0210748 0.0215939 0.0000000 0.0810271 0.0827657 0.0819919 0.0819954 0.0451916 0.1181568 0.0727467 0.0662903 0.0657239 0.0826905 0.0802813 0.0776516 0.0736343 0.0764197 0.0836532 0.0836826 0.0809899 0.0811351 0.0589983 0.0507776 0.0444043 0.0435846 0.0508403 0.0459953 0.0444484 0.0529207 0.0443825 0.0435754 0.0428658 0.0672877 0.0451808 0.0436978 0.0419978 0.1483166 0.0746188 0.1776366 0.0914038 0.0812599 0.0827326 0.0672156 0.0452393 0.0817894 0.0578621 0.0618225 0.0801319 0.0458498 0.0626197 0.0812943 0.0634961 0.0836483 0.0827680 0.0835377 0.0801462 0.0853514 0.0843323 0.0793915 0.0812268 0.0786550 0.0784467 0.0844297 0.0801096 0.0827880 0.1654661 0.0836683 0.0420203 0.0819206 0.0437729 
Fatt_PCDH15         0.0911713 0.0737740 0.0706885 0.0769312 0.0768320 0.0768467 0.0768467 0.0889393 0.0756327 0.2204484 0.0131152 0.2272881 0.0080587 0.0853626 0.0044103 0.0043163 0.0051433 0.0068247 0.0407898 0.0843786 0.0870595 0.0860426 0.0810271 0.0000000 0.0051454 0.0029349 0.0036699 0.0719266 0.1695436 0.0536316 0.0861118 0.0872855 0.0082578 0.0066261 0.0099951 0.0083678 0.0034538 0.0058846 0.0110732 0.0075759 0.0066302 0.0545798 0.0805925 0.0720719 0.0728359 0.0812094 0.0759496 0.0744227 0.0813510 0.0735760 0.0728126 0.0739814 0.0369066 0.0759718 0.0761543 0.0743640 0.1115745 0.0419904 0.2311762 0.0162886 0.0109669 0.0133202 0.0471517 0.0816847 0.0037732 0.0326450 0.0336164 0.0022617 0.0773353 0.0336831 0.0488483 0.0345572 0.0061750 0.0060577 0.0044048 0.0022628 0.0073597 0.0049497 0.0052938 0.0049394 0.0073671 0.0090794 0.0073601 0.0058948 0.0058825 0.2189764 0.0058859 0.0687064 0.0051431 0.0729271 
Ggri_PCDH15         0.0920797 0.0714715 0.0716033 0.0778185 0.0777365 0.0777773 0.0777773 0.0898460 0.0757351 0.2223958 0.0131322 0.2292416 0.0088702 0.0862135 0.0051483 0.0051831 0.0058815 0.0075866 0.0415683 0.0852036 0.0879280 0.0868693 0.0827657 0.0051454 0.0000000 0.0051483 0.0058859 0.0719505 0.1704475 0.0524588 0.0869545 0.0872891 0.0090138 0.0073666 0.0115434 0.0075274 0.0051858 0.0066240 0.0118183 0.0083384 0.0073712 0.0555513 0.0816073 0.0728853 0.0736495 0.0811911 0.0767645 0.0752373 0.0794046 0.0743895 0.0736259 0.0748263 0.0376809 0.0767870 0.0769715 0.0751779 0.1107464 0.0402730 0.2314100 0.0155453 0.0117575 0.0125778 0.0471537 0.0840948 0.0060518 0.0301817 0.0336204 0.0045344 0.0789793 0.0336873 0.0480802 0.0345615 0.0069511 0.0068189 0.0066228 0.0045380 0.0081004 0.0049484 0.0060537 0.0049384 0.0081085 0.0081672 0.0081008 0.0066355 0.0066217 0.2203611 0.0066255 0.0695153 0.0058812 0.0729100 
Gmac39091_PCDH15    0.0896754 0.0738188 0.0717693 0.0770663 0.0769697 0.0769843 0.0769843 0.0890977 0.0748041 0.2225634 0.0122978 0.2294150 0.0080637 0.0855194 0.0044128 0.0043191 0.0051463 0.0068278 0.0392578 0.0845284 0.0872227 0.0861958 0.0819919 0.0029349 0.0051483 0.0000000 0.0022015 0.0720526 0.1714125 0.0525070 0.0853386 0.0873283 0.0082626 0.0066299 0.0107717 0.0075323 0.0043213 0.0058880 0.0110795 0.0075804 0.0066340 0.0565699 0.0818199 0.0721978 0.0729632 0.0813624 0.0760830 0.0745535 0.0815295 0.0737051 0.0729398 0.0741161 0.0353806 0.0761054 0.0762886 0.0744945 0.1097690 0.0419880 0.2333143 0.0162980 0.0109735 0.0133279 0.0480522 0.0834210 0.0037754 0.0301913 0.0328193 0.0022630 0.0791434 0.0328455 0.0488455 0.0337178 0.0061786 0.0060612 0.0044073 0.0022641 0.0073640 0.0049535 0.0052969 0.0049426 0.0073714 0.0081729 0.0073643 0.0058981 0.0058859 0.2210986 0.0058893 0.0688256 0.0051460 0.0730709 
Gmel_PCDH15         0.7309468 0.0738231 0.0717728 0.0770695 0.0769729 0.0769875 0.0769875 0.7385620 0.0748075 0.2796343 0.0122983 0.5943204 0.0080640 0.0855230 0.0051501 0.0051852 0.0058836 0.0075889 0.0812861 0.0845319 0.0872265 0.0861994 0.0819954 0.0036699 0.0058859 0.0022015 0.0000000 0.0720555 0.8338193 0.0513193 0.0853422 0.0873324 0.0090170 0.0073691 0.0107721 0.0075326 0.0051878 0.0066263 0.6198926 0.0083414 0.0073737 0.0557039 0.0818243 0.0722008 0.0729662 0.0813660 0.0760862 0.0745565 0.0815337 0.0737081 0.0729428 0.0741193 0.0770703 0.0761085 0.0762918 0.0744976 0.1499127 0.0437241 0.2929830 0.0170447 0.0117617 0.0497803 0.0480543 0.7139366 0.0045321 0.0326680 0.0344243 0.0030185 0.0799226 0.0345322 0.0896259 0.0354082 0.0069536 0.0060615 0.0051437 0.0030199 0.0080960 0.0049537 0.0060558 0.0057687 0.0081113 0.0081733 0.0081036 0.0066378 0.0066240 0.2978663 0.0066278 0.0688284 0.0439830 0.0730742 
Hamp_PCDH15         0.0507444 0.0179325 0.0140749 0.0423025 0.0431435 0.0431586 0.0431586 0.0485230 0.0464522 0.1675895 0.0639070 0.1761734 0.0693146 0.0509074 0.0712514 0.0710804 0.0719915 0.0726694 0.0659217 0.0462594 0.0478292 0.0493944 0.0451916 0.0719266 0.0719505 0.0720526 0.0720555 0.0000000 0.1199423 0.0691253 0.0608099 0.0636673 0.0717358 0.0719886 0.0674660 0.0637896 0.0678266 0.0736488 0.0735940 0.0691711 0.0679952 0.0584606 0.0126558 0.0103690 0.0118535 0.0142319 0.0125959 0.0111160 0.0166437 0.0103642 0.0096175 0.0115322 0.0619188 0.0125997 0.0126290 0.0111079 0.1357031 0.0621861 0.1787029 0.0777904 0.0732768 0.0727101 0.0569120 0.0460833 0.0699205 0.0539830 0.0563973 0.0700011 0.0443208 0.0577803 0.0727944 0.0577170 0.0723259 0.0725229 0.0719607 0.0700176 0.0752219 0.0754230 0.0709171 0.0720963 0.0704434 0.0665767 0.0744021 0.0702690 0.0728217 0.1722730 0.0736622 0.0141211 0.0719924 0.0099585 
Hippo_PCDH15        0.1364831 0.1196097 0.1219657 0.1170130 0.1168810 0.1169607 0.1169607 0.1408841 0.1138160 0.7285649 0.1552607 0.5180719 0.1642585 0.1232568 0.1705438 0.1719668 0.1712477 0.1732328 0.7199018 0.1236926 0.1223413 0.1254130 0.1181568 0.1695436 0.1704475 0.1714125 0.8338193 0.1199423 0.0000000 0.1486673 0.1436321 0.1409992 0.1658000 0.1712162 0.1582011 0.1595383 0.1702379 0.1731252 0.4126285 0.1693169 0.1695575 0.8780236 0.1246229 0.1192275 0.1191364 0.1285142 0.1215603 0.1200379 0.1297457 0.1183504 0.1191124 0.1204536 0.7115045 0.1200935 0.1220049 0.1184244 0.8379154 0.1566389 0.7393486 0.1719450 0.1699610 0.7521791 0.1412402 0.1361147 0.1701812 0.1438617 0.1450135 0.1693827 0.1224003 0.1418659 0.7284884 0.1465416 0.1702526 0.1703704 0.1711728 0.1684771 0.1747215 0.1741911 0.1695656 0.1759372 0.1679364 0.1644245 0.1738430 0.1692260 0.1721893 0.7457879 0.1731423 0.1117654 0.7421057 0.1221782 
Igeo_PCDH15         0.0799871 0.0707624 0.0706672 0.0669513 0.0694772 0.0670604 0.0670604 0.0740862 0.0706729 0.1988184 0.0526043 0.2075030 0.0511010 0.0742507 0.0513476 0.0535703 0.0501273 0.0501736 0.0547927 0.0766640 0.0763387 0.0766815 0.0727467 0.0536316 0.0524588 0.0525070 0.0513193 0.0691253 0.1486673 0.0000000 0.0789165 0.0828159 0.0501072 0.0525417 0.0524638 0.0501416 0.0449372 0.0512950 0.0513145 0.0489769 0.0489769 0.0428433 0.0733733 0.0704433 0.0715438 0.0743050 0.0750033 0.0738692 0.0761052 0.0726793 0.0727265 0.0727266 0.0487646 0.0750693 0.0738805 0.0726592 0.0547449 0.0573785 0.2025425 0.0584688 0.0549190 0.0488787 0.0332412 0.0702051 0.0524964 0.0499770 0.0510371 0.0524911 0.0679637 0.0511297 0.0572501 0.0520220 0.0548892 0.0536922 0.0536780 0.0524886 0.0548449 0.0535634 0.0489599 0.0535209 0.0524679 0.0585377 0.0560145 0.0476331 0.0512820 0.2072006 0.0512948 0.0691053 0.0512948 0.0708896 
Kbre_PCDH15         0.0737180 0.0674912 0.0593758 0.0625838 0.0671139 0.0671377 0.0671377 0.0730351 0.0717533 0.1953337 0.0783821 0.1981997 0.0809007 0.0747992 0.0854373 0.0828152 0.0861918 0.0873552 0.0797758 0.0715658 0.0719113 0.0748635 0.0662903 0.0861118 0.0869545 0.0853386 0.0853422 0.0608099 0.1436321 0.0789165 0.0000000 0.0209313 0.0853086 0.0861873 0.0846263 0.0795486 0.0764694 0.0862184 0.0862020 0.0819110 0.0837454 0.0693340 0.0607737 0.0560758 0.0584201 0.0668027 0.0616049 0.0600262 0.0653844 0.0592246 0.0584079 0.0598864 0.0756190 0.0616234 0.0609679 0.0576185 0.1201098 0.0815724 0.2089326 0.0947641 0.0881536 0.0859827 0.0620020 0.0447737 0.0827479 0.0681343 0.0730996 0.0827026 0.0461904 0.0762997 0.0832997 0.0726447 0.0863185 0.0853909 0.0878002 0.0862733 0.0887129 0.0843812 0.0837799 0.0813655 0.0829460 0.0806152 0.0870188 0.0826913 0.0853577 0.1936027 0.0879369 0.0568091 0.0861936 0.0558636 
Ksim_PCDH15         0.0718193 0.0744021 0.0650183 0.0621237 0.0644854 0.0690937 0.0690937 0.0737403 0.0724146 0.1904640 0.0788855 0.1974533 0.0826420 0.0756340 0.0874402 0.0859675 0.0882733 0.0896413 0.0792649 0.0684184 0.0718961 0.0720451 0.0657239 0.0872855 0.0872891 0.0873283 0.0873324 0.0636673 0.1409992 0.0828159 0.0209313 0.0000000 0.0873362 0.0882679 0.0847761 0.0821720 0.0797585 0.0883035 0.0882847 0.0835865 0.0855665 0.0695648 0.0671735 0.0575699 0.0601563 0.0686037 0.0627361 0.0601147 0.0713402 0.0609960 0.0592648 0.0608464 0.0774057 0.0636424 0.0629242 0.0592240 0.1259545 0.0822030 0.2004958 0.0960272 0.0906012 0.0844086 0.0646142 0.0460285 0.0845152 0.0759335 0.0737964 0.0844638 0.0476211 0.0783834 0.0850146 0.0756178 0.0885302 0.0874514 0.0900523 0.0884320 0.0910650 0.0907426 0.0875235 0.0852333 0.0846822 0.0858738 0.0882784 0.0843947 0.0873498 0.1956937 0.0902077 0.0619273 0.0882755 0.0642553 
Lacu_PCDH15         0.0905285 0.0749225 0.0725906 0.0776549 0.0768539 0.0784941 0.0784941 0.0882494 0.0756558 0.2238751 0.0133957 0.2301426 0.0080523 0.0862855 0.0082626 0.0077883 0.0090103 0.0100720 0.0392405 0.0852541 0.0870859 0.0869523 0.0826905 0.0082578 0.0090138 0.0082626 0.0090170 0.0717358 0.1658000 0.0501072 0.0853086 0.0873362 0.0000000 0.0090130 0.0125525 0.0085380 0.0053042 0.0082589 0.0120360 0.0077223 0.0075073 0.0579401 0.0816604 0.0726974 0.0750957 0.0819978 0.0766521 0.0750955 0.0833037 0.0742315 0.0734524 0.0746707 0.0352894 0.0766749 0.0768628 0.0750350 0.0717424 0.0402008 0.2332443 0.0158427 0.0103876 0.0143435 0.0471314 0.0832929 0.0085012 0.0336157 0.0326471 0.0069486 0.0790201 0.0328294 0.0473788 0.0337012 0.0092825 0.0092890 0.0097703 0.0077287 0.0112818 0.0081367 0.0077231 0.0084253 0.0097813 0.0120993 0.0112824 0.0082729 0.0082560 0.2168666 0.0097744 0.0693192 0.0090099 0.0744936 
Lalb_PCDH15         0.0912489 0.0738629 0.0716945 0.0769976 0.0768995 0.0769142 0.0769142 0.0890154 0.0748385 0.2214174 0.0122946 0.2291252 0.0088694 0.0854383 0.0051532 0.0069239 0.0058871 0.0075940 0.0408251 0.0844512 0.0871380 0.0861166 0.0802813 0.0066261 0.0073666 0.0066299 0.0073691 0.0719886 0.1712162 0.0525417 0.0861873 0.0882679 0.0090130 0.0000000 0.0107691 0.0075303 0.0069274 0.0081090 0.0118259 0.0083377 0.0073705 0.0566481 0.0818159 0.0721342 0.0728988 0.0812838 0.0760811 0.0745518 0.0814380 0.0736394 0.0728754 0.0741145 0.0369385 0.0760372 0.0762200 0.0744280 0.1133571 0.0437755 0.2330177 0.0170374 0.0101839 0.0155741 0.0481121 0.0833450 0.0075772 0.0326901 0.0344392 0.0060559 0.0790680 0.0345479 0.0504904 0.0354243 0.0085101 0.0083480 0.0081076 0.0060607 0.0095885 0.0079428 0.0060596 0.0057726 0.0095992 0.0100071 0.0095890 0.0081229 0.0066280 0.2197228 0.0081109 0.0687658 0.0073633 0.0729986 
Laus_PCDH15         0.0874878 0.0772484 0.0672896 0.0735101 0.0741671 0.0741818 0.0741818 0.0843202 0.0783984 0.2024573 0.0089911 0.2116294 0.0041471 0.0821357 0.0107727 0.0127482 0.0115376 0.0135121 0.0424805 0.0811983 0.0856093 0.0846236 0.0776516 0.0099951 0.0115434 0.0107717 0.0107721 0.0674660 0.1582011 0.0524638 0.0846263 0.0847761 0.0125525 0.0107691 0.0000000 0.0075224 0.0118407 0.0130955 0.0092181 0.0071030 0.0061326 0.0524244 0.0738861 0.0684371 0.0692317 0.0776951 0.0716352 0.0700476 0.0781776 0.0700033 0.0692087 0.0685067 0.0384334 0.0724895 0.0718358 0.0699899 0.0782739 0.0415388 0.2144215 0.0185494 0.0130601 0.0162190 0.0478034 0.0759513 0.0126841 0.0388711 0.0376540 0.0110875 0.0729102 0.0378945 0.0442396 0.0388104 0.0137724 0.0134872 0.0130930 0.0110869 0.0138675 0.0125918 0.0118806 0.0121231 0.0146598 0.0155186 0.0146451 0.0131183 0.0123164 0.2025427 0.0130985 0.0649551 0.0115373 0.0688106 
Lbor_PCDH15         0.0827376 0.0733118 0.0655913 0.0683942 0.0689980 0.0689973 0.0689973 0.0792783 0.0724508 0.1976833 0.0069192 0.2052340 0.0035178 0.0728021 0.0066934 0.0084195 0.0075269 0.0095341 0.0393728 0.0757936 0.0802048 0.0795007 0.0736343 0.0083678 0.0075274 0.0075323 0.0075326 0.0637896 0.1595383 0.0501416 0.0795486 0.0821720 0.0085380 0.0075303 0.0075224 0.0000000 0.0084327 0.0083716 0.0050082 0.0033347 0.0025007 0.0552862 0.0717055 0.0647764 0.0665314 0.0711932 0.0682551 0.0665279 0.0729186 0.0655810 0.0656174 0.0652687 0.0349801 0.0673883 0.0675588 0.0655678 0.0782450 0.0377400 0.2095952 0.0108951 0.0075274 0.0100648 0.0460964 0.0710790 0.0092140 0.0351188 0.0358582 0.0075307 0.0692535 0.0339278 0.0430163 0.0360652 0.0094152 0.0092179 0.0083730 0.0075305 0.0100537 0.0052248 0.0083685 0.0077712 0.0075283 0.0094118 0.0108972 0.0092318 0.0083704 0.2004557 0.0083672 0.0601119 0.0075266 0.0659709 
Lhos30470_PCDH15    0.0857138 0.0694777 0.0680192 0.0735592 0.0734399 0.0734400 0.0734400 0.0821088 0.0679113 0.2119824 0.0118622 0.2180516 0.0083653 0.0792778 0.0034556 0.0018652 0.0043177 0.0043190 0.0362775 0.0774873 0.0802290 0.0784781 0.0764197 0.0034538 0.0051858 0.0043213 0.0051878 0.0678266 0.1702379 0.0449372 0.0764694 0.0797585 0.0053042 0.0069274 0.0118407 0.0084327 0.0000000 0.0025879 0.0112814 0.0077933 0.0069264 0.0518204 0.0757582 0.0670088 0.0669509 0.0706794 0.0696625 0.0688207 0.0751723 0.0668854 0.0678778 0.0672668 0.0335552 0.0706333 0.0698582 0.0687587 0.1210023 0.0380474 0.2191537 0.0139146 0.0113220 0.0121672 0.0417694 0.0744587 0.0051877 0.0292699 0.0295039 0.0034545 0.0717222 0.0273127 0.0475109 0.0293253 0.0053099 0.0051949 0.0051869 0.0034544 0.0069219 0.0045056 0.0034517 0.0046000 0.0034534 0.0051121 0.0060535 0.0017241 0.0034525 0.2202964 0.0034531 0.0641073 0.0043175 0.0684347 
Lhos452_PCDH15      0.0929513 0.0762208 0.0726993 0.0786730 0.0786076 0.0786226 0.0786226 0.0907165 0.0775341 0.2243134 0.0139533 0.2303133 0.0088718 0.0871889 0.0029389 0.0025880 0.0036723 0.0053051 0.0423753 0.0861476 0.0889265 0.0878178 0.0836532 0.0058846 0.0066240 0.0058880 0.0066263 0.0736488 0.1731252 0.0512950 0.0862184 0.0883035 0.0082589 0.0081090 0.0130955 0.0083716 0.0025879 0.0000000 0.0125659 0.0083398 0.0081141 0.0575419 0.0839343 0.0737975 0.0745630 0.0830782 0.0776836 0.0761547 0.0815121 0.0753045 0.0745391 0.0749485 0.0384811 0.0777063 0.0778945 0.0760944 0.1132747 0.0428354 0.2342155 0.0148085 0.0093991 0.0148195 0.0471412 0.0850330 0.0060528 0.0326480 0.0352033 0.0045352 0.0808279 0.0345165 0.0504054 0.0362279 0.0038553 0.0037822 0.0058866 0.0045397 0.0058854 0.0029666 0.0030205 0.0032910 0.0058913 0.0063479 0.0058857 0.0029426 0.0029366 0.2219990 0.0036751 0.0704173 0.0036721 0.0730564 
Lobl_PCDH15         0.3203898 0.0772441 0.0755162 0.0802386 0.0802035 0.0802189 0.0802189 0.3235025 0.0783644 0.8253787 0.0106396 0.5913792 0.0064401 0.0888074 0.0110795 0.0112756 0.0118137 0.0137154 0.5824269 0.0860810 0.0905777 0.0893907 0.0836826 0.0110732 0.0118183 0.0110795 0.6198926 0.0735940 0.4126285 0.0513145 0.0862020 0.0882847 0.0120360 0.0118259 0.0092181 0.0050082 0.0112814 0.0125659 0.0000000 0.0052954 0.0058896 0.7966904 0.0817368 0.0737430 0.0729100 0.0821579 0.0760250 0.0744967 0.0814123 0.0752481 0.0744839 0.0731941 0.5747751 0.0776488 0.0778356 0.0744395 0.6991067 0.0454673 0.8437365 0.0185327 0.0125502 0.5466938 0.0498390 0.3066429 0.0121569 0.0376145 0.0376300 0.0106261 0.0798579 0.0370457 0.5871829 0.0387844 0.0131880 0.0121721 0.0125636 0.0098671 0.0140391 0.0089402 0.0113907 0.0115788 0.0140661 0.0136737 0.0140526 0.0125869 0.0125616 0.8348392 0.0125687 0.0703661 0.5286720 0.0738672 
Lobs_PCDH15         0.0897929 0.0733393 0.0717220 0.0758961 0.0758411 0.0758405 0.0758405 0.0874832 0.0745291 0.2163421 0.0081667 0.2232277 0.0032118 0.0846127 0.0075804 0.0077893 0.0083351 0.0101751 0.0396220 0.0818714 0.0862666 0.0852596 0.0809899 0.0075759 0.0083384 0.0075804 0.0083414 0.0691711 0.1693169 0.0489769 0.0819110 0.0835865 0.0077223 0.0083377 0.0071030 0.0033347 0.0077933 0.0083398 0.0052954 0.0000000 0.0022648 0.0585991 0.0783260 0.0693138 0.0709111 0.0776565 0.0733016 0.0717304 0.0783758 0.0708622 0.0700769 0.0710632 0.0356317 0.0733238 0.0735050 0.0716723 0.1133291 0.0415868 0.2263651 0.0136823 0.0093866 0.0129483 0.0480820 0.0791278 0.0083412 0.0363631 0.0338223 0.0068180 0.0745315 0.0330029 0.0494956 0.0348040 0.0092911 0.0091138 0.0091015 0.0070163 0.0106273 0.0059480 0.0085799 0.0082537 0.0075761 0.0109241 0.0106279 0.0091196 0.0090999 0.2145616 0.0083358 0.0658642 0.0083347 0.0711539 
LperAUS_PCDH15      0.0904957 0.0726656 0.0688596 0.0762397 0.0761269 0.0761414 0.0761414 0.0882600 0.0748746 0.2171777 0.0073494 0.2248630 0.0024085 0.0846567 0.0066340 0.0069228 0.0073683 0.0091250 0.0400762 0.0820588 0.0863416 0.0853577 0.0811351 0.0066302 0.0073712 0.0066340 0.0073737 0.0679952 0.1695575 0.0489769 0.0837454 0.0855665 0.0075073 0.0073705 0.0061326 0.0025007 0.0069264 0.0081141 0.0058896 0.0022648 0.0000000 0.0566334 0.0764369 0.0681323 0.0688966 0.0769918 0.0720080 0.0704806 0.0763461 0.0696380 0.0688745 0.0698342 0.0361907 0.0720292 0.0722023 0.0704252 0.1125741 0.0429030 0.2259152 0.0140578 0.0086033 0.0125926 0.0472186 0.0809624 0.0060580 0.0351457 0.0344530 0.0060598 0.0765761 0.0345328 0.0496880 0.0354392 0.0085158 0.0083534 0.0081126 0.0060599 0.0095956 0.0059496 0.0075786 0.0074273 0.0096053 0.0100123 0.0095960 0.0081280 0.0081112 0.2172369 0.0081159 0.0664062 0.0073679 0.0684534 
Lvex_PCDH15         0.7824126 0.0631329 0.0632384 0.0556036 0.0591073 0.0560627 0.0560627 0.7938197 0.0604759 0.2153518 0.0536045 0.5533292 0.0579301 0.0694241 0.0555898 0.0589389 0.0565162 0.0567501 0.0464476 0.0656814 0.0689675 0.0666928 0.0589983 0.0545798 0.0555513 0.0565699 0.0557039 0.0584606 0.8780236 0.0428433 0.0693340 0.0695648 0.0579401 0.0566481 0.0524244 0.0552862 0.0518204 0.0575419 0.7966904 0.0585991 0.0566334 0.0000000 0.0616231 0.0546821 0.0556191 0.0666492 0.0565419 0.0556020 0.0690457 0.0575242 0.0556012 0.0579112 0.0404226 0.0594895 0.0576273 0.0535911 0.1239170 0.0488916 0.2254413 0.0625058 0.0610527 0.0556146 0.0350740 0.7672489 0.0555744 0.0371633 0.0357047 0.0555696 0.0542919 0.0371277 0.0467261 0.0381741 0.0589970 0.0555840 0.0585208 0.0566728 0.0593897 0.0619861 0.0556608 0.0609425 0.0565282 0.0577495 0.0594974 0.0544316 0.0575282 0.2162170 0.0575013 0.0575958 0.0548776 0.0564734 
Mbid_PCDH15         0.0517917 0.0284991 0.0223277 0.0466869 0.0467063 0.0498174 0.0498174 0.0549723 0.0481238 0.1719507 0.0710671 0.1765093 0.0772271 0.0529605 0.0807581 0.0781608 0.0817275 0.0806730 0.0748457 0.0498617 0.0519678 0.0539951 0.0507776 0.0805925 0.0816073 0.0818199 0.0818243 0.0126558 0.1246229 0.0733733 0.0607737 0.0671735 0.0816604 0.0818159 0.0738861 0.0717055 0.0757582 0.0839343 0.0817368 0.0783260 0.0764369 0.0616231 0.0000000 0.0116713 0.0116620 0.0132355 0.0097075 0.0087418 0.0137324 0.0106867 0.0097075 0.0091227 0.0716423 0.0136245 0.0136557 0.0126412 0.1141430 0.0715406 0.1810763 0.0851541 0.0820582 0.0805711 0.0602809 0.0426136 0.0793153 0.0556626 0.0624538 0.0794372 0.0437026 0.0639022 0.0829195 0.0613159 0.0817303 0.0828177 0.0795589 0.0794625 0.0860108 0.0855443 0.0806780 0.0804551 0.0796850 0.0731234 0.0838685 0.0794267 0.0828330 0.1846901 0.0839535 0.0175923 0.0817294 0.0157836 
