Supplemental results for CODEML (seqf: /home/leticiamagpali/phd/evol_models/codeml/big_dataset/cml_align/HTT_codon_aligned.phy  treef: /home/leticiamagpali/phd/evol_models/codeml/big_dataset/cml_trees/gene_trees/H1c_gene_trees/HTT_tree_H1c.tre)

I	J	ij	2Ns_IJ	pMut_IJ	pSub_IJ	2Ns_JI	pMut_JI	pSub_JI

TTC	TTT	CT	0.36312	0.04948	0.05901	-0.36312	0.07115	0.05901
TTA	TTT	AT	1.00459	0.00398	0.00630	-1.00459	0.01086	0.00630
TTA	TTC	AC	0.64147	0.00739	0.01001	-0.64147	0.01403	0.01001
TTG	TTT	GT	0.49246	0.00873	0.01106	-0.49246	0.01429	0.01106
TTG	TTC	GC	0.12935	0.01623	0.01730	-0.12935	0.01847	0.01730
TTG	TTA	GA	-0.51213	0.07738	0.05925	0.51213	0.04637	0.05925
TCT	TTT	CT	0.40707	0.04735	0.05764	-0.40707	0.07115	0.05764
TCC	TTC	CT	0.54550	0.05329	0.06914	-0.54550	0.09195	0.06914
TCC	TCT	CT	0.50154	0.05329	0.06777	-0.50154	0.08800	0.06777
TCA	TTA	CT	0.18354	0.03437	0.03762	-0.18354	0.04130	0.03762
TCA	TCT	AT	0.78106	0.00615	0.00886	-0.78106	0.01343	0.00886
TCA	TCC	AC	0.27952	0.01143	0.01310	-0.27952	0.01511	0.01310
TCG	TTG	CT	1.65820	0.01728	0.03539	-1.65820	0.09071	0.03539
TCG	TCT	GT	1.74360	0.00309	0.00653	-1.74360	0.01767	0.00653
TCG	TCC	GC	1.24205	0.00574	0.01003	-1.24205	0.01989	0.01003
TCG	TCA	GA	0.96253	0.02739	0.04265	-0.96253	0.07171	0.04265
TAT	TTT	AT	1.39877	0.00268	0.00498	-1.39877	0.01086	0.00498
TAT	TCT	AC	0.99170	0.00498	0.00785	-0.99170	0.01343	0.00785
TAC	TTC	AT	0.64070	0.00739	0.01001	-0.64070	0.01403	0.01001
TAC	TCC	AC	0.09521	0.01374	0.01440	-0.09521	0.01511	0.01440
TAC	TAT	CT	-0.39495	0.04133	0.03370	0.39495	0.02785	0.03370
TGT	TTT	GT	1.04076	0.00505	0.00812	-1.04076	0.01429	0.00812
TGT	TCT	GC	0.63369	0.00938	0.01266	-0.63369	0.01767	0.01266
TGT	TAT	GA	-0.35801	0.04472	0.03719	0.35801	0.03126	0.03719
TGC	TTC	GT	1.04179	0.00652	0.01049	-1.04179	0.01847	0.01049
TGC	TCC	GC	0.49629	0.01211	0.01536	-0.49629	0.01989	0.01536
TGC	TAC	GA	0.40108	0.05774	0.07009	-0.40108	0.08623	0.07009
TGC	TGT	CT	0.36414	0.03642	0.04346	-0.36414	0.05242	0.04346
TGG	TTG	GT	1.28414	0.00504	0.00896	-1.28414	0.01822	0.00896
TGG	TCG	GC	-0.37407	0.00937	0.00773	0.37407	0.00645	0.00773
TGG	TGT	GT	0.73584	0.00504	0.00713	-0.73584	0.01053	0.00713
TGG	TGC	GC	0.37170	0.00937	0.01122	-0.37170	0.01359	0.01122
CTT	TTT	CT	0.41642	0.04691	0.05736	-0.41642	0.07115	0.05736
CTC	TTC	CT	0.20337	0.07503	0.08292	-0.20337	0.09195	0.08292
CTC	CTT	CT	0.15007	0.07503	0.08080	-0.15007	0.08718	0.08080
CTA	TTA	CT	0.89156	0.01693	0.02559	-0.89156	0.04130	0.02559
CTA	CTT	AT	1.47974	0.00303	0.00580	-1.47974	0.01330	0.00580
CTA	CTC	AC	1.32967	0.00563	0.01018	-1.32967	0.02128	0.01018
CTG	TTG	CT	-0.55040	0.15728	0.11795	0.55040	0.09071	0.11795
CTG	CTT	GT	-0.47436	0.02814	0.02199	0.47436	0.01751	0.02199
CTG	CTC	GC	-0.62443	0.05229	0.03765	0.62443	0.02800	0.03765
CTG	CTA	GA	-1.95410	0.24932	0.08043	1.95410	0.03533	0.08043
CCT	TCT	CT	0.78292	0.04022	0.05800	-0.78292	0.08800	0.05800
CCT	CTT	CT	0.77358	0.04022	0.05776	-0.77358	0.08718	0.05776
CCC	TCC	CT	0.73169	0.04764	0.06718	-0.73169	0.09902	0.06718
CCC	CTC	CT	1.07381	0.04764	0.07771	-1.07381	0.13942	0.07771
CCC	CCT	CT	0.45031	0.04764	0.05917	-0.45031	0.07474	0.05917
CCA	TCA	CT	0.94608	0.02480	0.03835	-0.94608	0.06387	0.03835
CCA	CTA	CT	0.23805	0.02480	0.02787	-0.23805	0.03147	0.02787
CCA	CCT	AT	0.94422	0.00444	0.00686	-0.94422	0.01141	0.00686
CCA	CCC	AC	0.49391	0.00824	0.01045	-0.49391	0.01351	0.01045
CCG	TCG	CT	0.01998	0.03147	0.03179	-0.01998	0.03211	0.03179
CCG	CTG	CT	2.22858	0.03147	0.07860	-2.22858	0.29226	0.07860
CCG	CCT	GT	0.98065	0.00563	0.00884	-0.98065	0.01501	0.00884
CCG	CCC	GC	0.53034	0.01046	0.01348	-0.53034	0.01778	0.01348
CCG	CCA	GA	0.03643	0.04989	0.05080	-0.03643	0.05174	0.05080
CAT	TAT	CT	0.51280	0.01667	0.02131	-0.51280	0.02785	0.02131
CAT	CTT	AT	1.49516	0.00298	0.00575	-1.49516	0.01330	0.00575
CAT	CCT	AC	0.72158	0.00554	0.00778	-0.72158	0.01141	0.00778
CAC	TAC	CT	0.23166	0.06092	0.06825	-0.23166	0.07680	0.06825
CAC	CTC	AT	0.66899	0.01090	0.01495	-0.66899	0.02128	0.01495
CAC	CCC	AC	-0.40482	0.02025	0.01643	0.40482	0.01351	0.01643
CAC	CAT	CT	-0.67609	0.06092	0.04263	0.67609	0.03098	0.04263
CAA	CTA	AT	0.47122	0.00300	0.00376	-0.47122	0.00480	0.00376
CAA	CCA	AC	0.23317	0.00557	0.00625	-0.23317	0.00703	0.00625
CAA	CAT	AT	0.45581	0.00300	0.00373	-0.45581	0.00473	0.00373
CAA	CAC	AC	1.13190	0.00557	0.00931	-1.13190	0.01728	0.00931
CAG	CTG	AT	0.77878	0.02047	0.02947	-0.77878	0.04460	0.02947
CAG	CCG	AC	-1.44981	0.03804	0.01691	1.44981	0.00893	0.01691
CAG	CAT	GT	-1.19074	0.02047	0.01065	1.19074	0.00622	0.01065
CAG	CAC	GC	-0.51465	0.03804	0.02909	0.51465	0.02274	0.02909
CAG	CAA	GA	-1.64654	0.18139	0.07130	1.64654	0.03496	0.07130
CGT	TGT	CT	1.46331	0.01213	0.02310	-1.46331	0.05242	0.02310
CGT	CTT	GT	2.08765	0.00217	0.00517	-2.08765	0.01751	0.00517
CGT	CCT	GC	1.31408	0.00403	0.00725	-1.31408	0.01501	0.00725
CGT	CAT	GA	0.59249	0.01923	0.02549	-0.59249	0.03479	0.02549
CGC	TGC	CT	1.05058	0.02367	0.03824	-1.05058	0.06768	0.03824
CGC	CTC	GT	1.88899	0.00423	0.00942	-1.88899	0.02800	0.00942
CGC	CCC	GC	0.81518	0.00787	0.01151	-0.81518	0.01778	0.01151
CGC	CAC	GA	1.22000	0.03752	0.06495	-1.22000	0.12709	0.06495
CGC	CGT	CT	-0.04859	0.02367	0.02310	0.04859	0.02255	0.02310
CGA	CTA	GT	1.97373	0.00088	0.00201	-1.97373	0.00632	0.00201
CGA	CCA	GC	1.73567	0.00163	0.00344	-1.73567	0.00926	0.00344
CGA	CAA	GA	1.50251	0.00778	0.01504	-1.50251	0.03496	0.01504
CGA	CGT	AT	1.36582	0.00088	0.00161	-1.36582	0.00344	0.00161
CGA	CGC	AC	1.41441	0.00163	0.00305	-1.41441	0.00671	0.00305
CGG	TGG	CT	0.52871	0.03088	0.03976	-0.52871	0.05240	0.03976
CGG	CTG	GT	2.36325	0.00552	0.01441	-2.36325	0.05870	0.01441
CGG	CCG	GC	0.13467	0.01027	0.01097	-0.13467	0.01175	0.01097
CGG	CAG	GA	1.58448	0.04895	0.09757	-1.58448	0.23872	0.09757
CGG	CGT	GT	-0.19875	0.00552	0.00499	0.19875	0.00453	0.00499
CGG	CGC	GC	-0.15017	0.01027	0.00951	0.15017	0.00883	0.00951
CGG	CGA	GA	-1.56457	0.04895	0.02026	1.56457	0.01024	0.02026
ATT	TTT	AT	0.57577	0.00611	0.00803	-0.57577	0.01086	0.00803
ATT	CTT	AC	0.15935	0.01134	0.01227	-0.15935	0.01330	0.01227
ATC	TTC	AT	0.19921	0.01150	0.01268	-0.19921	0.01403	0.01268
ATC	CTC	AC	-0.00416	0.02137	0.02132	0.00416	0.02128	0.02132
ATC	ATT	CT	-0.01344	0.06427	0.06384	0.01344	0.06341	0.06384
ATA	TTA	AT	0.68854	0.00317	0.00438	-0.68854	0.00630	0.00438
ATA	CTA	AC	-0.20302	0.00588	0.00531	0.20302	0.00480	0.00531
ATA	ATT	AT	1.11737	0.00317	0.00526	-1.11737	0.00968	0.00526
ATA	ATC	AC	1.13081	0.00588	0.00982	-1.13081	0.01823	0.00982
ATG	TTG	AT	0.27777	0.01049	0.01201	-0.27777	0.01384	0.01201
ATG	CTG	AC	0.82817	0.01949	0.02865	-0.82817	0.04460	0.02865
ATG	ATT	GT	0.19446	0.01049	0.01154	-0.19446	0.01274	0.01154
ATG	ATC	GC	0.20791	0.01949	0.02158	-0.20791	0.02399	0.02158
ATG	ATA	GA	-0.92290	0.09291	0.05654	0.92290	0.03692	0.05654
ACT	TCT	AT	1.06124	0.00465	0.00754	-1.06124	0.01343	0.00754
ACT	CCT	AC	0.27832	0.00864	0.00989	-0.27832	0.01141	0.00989
ACT	ATT	CT	0.89254	0.02597	0.03927	-0.89254	0.06341	0.03927
ACC	TCC	AT	0.24330	0.01185	0.01335	-0.24330	0.01511	0.01335
ACC	CCC	AC	-0.48838	0.02202	0.01708	0.48838	0.01351	0.01708
ACC	ATC	CT	0.58959	0.06623	0.08766	-0.58959	0.11943	0.08766
ACC	ACT	CT	-0.31639	0.06623	0.05630	0.31639	0.04827	0.05630
ACA	TCA	AT	0.79924	0.00438	0.00637	-0.79924	0.00975	0.00637
ACA	CCA	AC	-0.14684	0.00815	0.00756	0.14684	0.00703	0.00756
ACA	ATA	CT	0.29423	0.02450	0.02828	-0.29423	0.03288	0.02828
ACA	ACT	AT	0.51906	0.00438	0.00562	-0.51906	0.00737	0.00562
ACA	ACC	AC	0.83545	0.00815	0.01202	-0.83545	0.01878	0.01202
ACG	TCG	AT	-0.22094	0.00611	0.00546	0.22094	0.00490	0.00546
ACG	CCG	AC	-0.24092	0.01136	0.01004	0.24092	0.00893	0.01004
ACG	ATG	CT	1.15950	0.03416	0.05771	-1.15950	0.10891	0.05771
ACG	ACT	GT	0.46142	0.00611	0.00763	-0.46142	0.00969	0.00763
ACG	ACC	GC	0.77781	0.01136	0.01634	-0.77781	0.02472	0.01634
ACG	ACA	GA	-0.05764	0.05415	0.05260	0.05764	0.05112	0.05260
AAT	TAT	AT	0.23674	0.00335	0.00377	-0.23674	0.00425	0.00377
AAT	CAT	AC	-0.27606	0.00623	0.00541	0.27606	0.00473	0.00541
AAT	ATT	AT	1.05974	0.00335	0.00544	-1.05974	0.00968	0.00544
AAT	ACT	AC	0.16720	0.00623	0.00677	-0.16720	0.00737	0.00677
AAC	TAC	AT	0.54867	0.00677	0.00880	-0.54867	0.01172	0.00880
AAC	CAC	AC	0.31701	0.01258	0.01468	-0.31701	0.01728	0.01468
AAC	ATC	AT	0.99017	0.00677	0.01067	-0.99017	0.01823	0.01067
AAC	ACC	AC	0.40058	0.01258	0.01527	-0.40058	0.01878	0.01527
AAC	AAT	CT	-0.08301	0.03785	0.03630	0.08301	0.03484	0.03630
AAA	CAA	AC	-0.90089	0.01170	0.00721	0.90089	0.00475	0.00721
AAA	ATA	AT	-0.22665	0.00630	0.00561	0.22665	0.00502	0.00561
AAA	ACA	AC	-0.52089	0.01170	0.00891	0.52089	0.00695	0.00891
AAA	AAT	AT	-0.16902	0.00630	0.00578	0.16902	0.00532	0.00578
AAA	AAC	AC	-0.08601	0.01170	0.01120	0.08601	0.01073	0.01120
AAG	CAG	AC	0.61626	0.01752	0.02347	-0.61626	0.03245	0.02347
AAG	ATG	AT	0.56686	0.00943	0.01235	-0.56686	0.01662	0.01235
AAG	ACG	AC	-0.59263	0.01752	0.01284	0.59263	0.00969	0.01284
AAG	AAT	GT	-0.29841	0.00943	0.00809	0.29841	0.00700	0.00809
AAG	AAC	GC	-0.21540	0.01752	0.01570	0.21540	0.01413	0.01570
AAG	AAA	GA	-0.12939	0.08355	0.07826	0.12939	0.07341	0.07826
AGT	TGT	AT	0.40578	0.00533	0.00649	-0.40578	0.00800	0.00649
AGT	CGT	AC	-1.05752	0.00991	0.00558	1.05752	0.00344	0.00558
AGT	ATT	GT	0.87077	0.00533	0.00799	-0.87077	0.01274	0.00799
AGT	ACT	GC	-0.02176	0.00991	0.00980	0.02176	0.00969	0.00980
AGT	AAT	GA	-0.18897	0.04724	0.04292	0.18897	0.03911	0.04292
AGC	TGC	AT	-0.30457	0.01401	0.01198	0.30457	0.01033	0.01198
AGC	CGC	AC	-1.35514	0.02603	0.01226	1.35514	0.00671	0.01226
AGC	ATC	GT	0.53801	0.01401	0.01811	-0.53801	0.02399	0.01811
AGC	ACC	GC	-0.05158	0.02603	0.02536	0.05158	0.02472	0.02536
AGC	AAC	GA	-0.45216	0.12411	0.09816	0.45216	0.07896	0.09816
AGC	AGT	CT	-0.34620	0.07829	0.06552	0.34620	0.05538	0.06552
AGA	CGA	AC	-1.96264	0.00991	0.00318	1.96264	0.00139	0.00318
AGA	ATA	GT	0.21411	0.00533	0.00592	-0.21411	0.00661	0.00592
AGA	ACA	GC	-0.08013	0.00991	0.00952	0.08013	0.00915	0.00952
AGA	AAA	GA	0.44076	0.04724	0.05842	-0.44076	0.07341	0.05842
AGA	AGT	AT	0.46070	0.00533	0.00665	-0.46070	0.00845	0.00665
AGA	AGC	AC	0.80690	0.00991	0.01444	-0.80690	0.02220	0.01444
AGG	TGG	AT	0.14322	0.00693	0.00744	-0.14322	0.00800	0.00744
AGG	CGG	AC	-0.38550	0.01288	0.01055	0.38550	0.00876	0.01055
AGG	ATG	GT	1.14958	0.00693	0.01166	-1.14958	0.02188	0.01166
AGG	ACG	GC	-0.00992	0.01288	0.01281	0.00992	0.01275	0.01281
AGG	AAG	GA	0.58272	0.06140	0.08102	-0.58272	0.10996	0.08102
AGG	AGT	GT	0.47327	0.00693	0.00870	-0.47327	0.01112	0.00870
AGG	AGC	GC	0.81948	0.01288	0.01887	-0.81948	0.02922	0.01887
AGG	AGA	GA	0.01257	0.06140	0.06179	-0.01257	0.06218	0.06179
GTT	TTT	GT	0.97622	0.00538	0.00843	-0.97622	0.01429	0.00843
GTT	CTT	GC	0.55980	0.01000	0.01306	-0.55980	0.01751	0.01306
GTT	ATT	GA	0.40045	0.04770	0.05789	-0.40045	0.07119	0.05789
GTC	TTC	GT	0.42900	0.01203	0.01479	-0.42900	0.01847	0.01479
GTC	CTC	GC	0.22563	0.02235	0.02496	-0.22563	0.02800	0.02496
GTC	ATC	GA	0.22979	0.10656	0.11927	-0.22979	0.13408	0.11927
GTC	GTT	CT	-0.18410	0.06722	0.06122	0.18410	0.05592	0.06122
GTA	TTA	GT	1.47885	0.00189	0.00362	-1.47885	0.00830	0.00362
GTA	CTA	GC	0.58729	0.00351	0.00464	-0.58729	0.00632	0.00464
GTA	ATA	GA	0.79031	0.01675	0.02423	-0.79031	0.03692	0.02423
GTA	GTT	AT	1.50723	0.00189	0.00366	-1.50723	0.00853	0.00366
GTA	GTC	AC	1.69133	0.00351	0.00728	-1.69133	0.01906	0.00728
GTG	TTG	GT	-0.06720	0.01949	0.01884	0.06720	0.01822	0.01884
GTG	CTG	GC	0.48320	0.03621	0.04566	-0.48320	0.05870	0.04566
GTG	ATG	GA	-0.34497	0.17265	0.14458	0.34497	0.12228	0.14458
GTG	GTT	GT	-0.55095	0.01949	0.01461	0.55095	0.01123	0.01461
GTG	GTC	GC	-0.36685	0.03621	0.02997	0.36685	0.02509	0.02997
GTG	GTA	GA	-2.05818	0.17265	0.05201	2.05818	0.02204	0.05201
GCT	TCT	GT	0.57571	0.00994	0.01307	-0.57571	0.01767	0.01307
GCT	CCT	GC	-0.20721	0.01847	0.01662	0.20721	0.01501	0.01662
GCT	ACT	GA	-0.48553	0.08806	0.06840	0.48553	0.05419	0.06840
GCT	GTT	CT	0.00656	0.05555	0.05573	-0.00656	0.05592	0.05573
GCC	TCC	GT	0.21082	0.01611	0.01787	-0.21082	0.01989	0.01787
GCC	CCC	GC	-0.52087	0.02993	0.02281	0.52087	0.01778	0.02281
GCC	ACC	GA	-0.03249	0.14273	0.14043	0.03249	0.13817	0.14043
GCC	GTC	CT	0.32732	0.09004	0.10558	-0.32732	0.12491	0.10558
GCC	GCT	CT	0.13665	0.09004	0.09633	-0.13665	0.10323	0.09633
GCA	TCA	GT	0.49277	0.00784	0.00993	-0.49277	0.01283	0.00993
GCA	CCA	GC	-0.45331	0.01456	0.01151	0.45331	0.00926	0.01151
GCA	ACA	GA	-0.30647	0.06945	0.05935	0.30647	0.05112	0.05935
GCA	GTA	CT	-0.80254	0.04381	0.02856	0.80254	0.01964	0.02856
GCA	GCT	AT	0.69812	0.00784	0.01089	-0.69812	0.01575	0.01089
GCA	GCC	AC	0.56147	0.01456	0.01903	-0.56147	0.02554	0.01903
GCG	TCG	GT	0.31134	0.00472	0.00550	-0.31134	0.00645	0.00550
GCG	CCG	GC	0.29137	0.00878	0.01012	-0.29137	0.01175	0.01012
GCG	ACG	GA	0.53228	0.04185	0.05397	-0.53228	0.07127	0.05397
GCG	GTG	CT	2.03675	0.02640	0.06184	-2.03675	0.20239	0.06184
GCG	GCT	GT	1.47923	0.00472	0.00905	-1.47923	0.02073	0.00905
GCG	GCC	GC	1.34258	0.00878	0.01595	-1.34258	0.03361	0.01595
GCG	GCA	GA	0.78111	0.04185	0.06030	-0.78111	0.09140	0.06030
GAT	TAT	GT	-0.33212	0.00780	0.00657	0.33212	0.00559	0.00657
GAT	CAT	GC	-0.84492	0.01449	0.00922	0.84492	0.00622	0.00922
GAT	AAT	GA	-0.56886	0.06908	0.05128	0.56886	0.03911	0.05128
GAT	GTT	AT	0.09043	0.00780	0.00815	-0.09043	0.00853	0.00815
GAT	GCT	AC	0.08387	0.01449	0.01510	-0.08387	0.01575	0.01510
GAC	TAC	GT	-0.00292	0.01547	0.01545	0.00292	0.01543	0.01545
GAC	CAC	GC	-0.23458	0.02875	0.02551	0.23458	0.02274	0.02551
GAC	AAC	GA	-0.55159	0.13708	0.10273	0.55159	0.07896	0.10273
GAC	GTC	AT	0.20879	0.01547	0.01714	-0.20879	0.01906	0.01714
GAC	GCC	AC	-0.11853	0.02875	0.02708	0.11853	0.02554	0.02708
GAC	GAT	CT	-0.06575	0.08648	0.08367	0.06575	0.08097	0.08367
GAA	CAA	GC	-1.01497	0.01726	0.00996	1.01497	0.00625	0.00996
GAA	AAA	GA	-0.11407	0.08228	0.07768	0.11407	0.07341	0.07768
GAA	GTA	AT	-1.13103	0.00929	0.00500	1.13103	0.00300	0.00500
GAA	GCA	AC	-0.32849	0.01726	0.01458	0.32849	0.01242	0.01458
GAA	GAT	AT	0.28576	0.00929	0.01068	-0.28576	0.01236	0.01068
GAA	GAC	AC	0.35151	0.01726	0.02047	-0.35151	0.02452	0.02047
GAG	CAG	GC	0.18895	0.03536	0.03880	-0.18895	0.04271	0.03880
GAG	AAG	GA	-0.42731	0.16859	0.13512	0.42731	0.10996	0.13512
GAG	GTG	AT	0.48452	0.01903	0.02401	-0.48452	0.03089	0.02401
GAG	GCG	AC	-1.55223	0.03536	0.01474	1.55223	0.00749	0.01474
GAG	GAT	GT	-0.15687	0.01903	0.01757	0.15687	0.01626	0.01757
GAG	GAC	GC	-0.09112	0.03536	0.03377	0.09112	0.03228	0.03377
GAG	GAA	GA	-0.44263	0.16859	0.13402	0.44263	0.10829	0.13402
GGT	TGT	GT	1.35090	0.00273	0.00497	-1.35090	0.01053	0.00497
GGT	CGT	GC	-0.11240	0.00507	0.00479	0.11240	0.00453	0.00479
GGT	AGT	GA	0.94512	0.02416	0.03736	-0.94512	0.06218	0.03736
GGT	GTT	GT	1.41545	0.00273	0.00510	-1.41545	0.01123	0.00510
GGT	GCT	GC	1.40888	0.00507	0.00945	-1.40888	0.02073	0.00945
GGT	GAT	GA	1.32501	0.02416	0.04361	-1.32501	0.09091	0.04361
GGC	TGC	GT	0.46879	0.00851	0.01066	-0.46879	0.01359	0.01066
GGC	CGC	GC	-0.58179	0.01581	0.01165	0.58179	0.00883	0.01165
GGC	AGC	GA	0.77336	0.07537	0.10824	-0.77336	0.16334	0.10824
GGC	GTC	GT	1.08158	0.00851	0.01392	-1.08158	0.02509	0.01392
GGC	GCC	GC	0.75426	0.01581	0.02251	-0.75426	0.03361	0.02251
GGC	GAC	GA	0.87279	0.07537	0.11299	-0.87279	0.18041	0.11299
GGC	GGT	CT	-0.51797	0.04755	0.03629	0.51797	0.02833	0.03629
GGA	CGA	GC	-1.64934	0.00953	0.00374	1.64934	0.00183	0.00374
GGA	AGA	GA	0.31330	0.04545	0.05294	-0.31330	0.06218	0.05294
GGA	GTA	GT	-0.26290	0.00513	0.00449	0.26290	0.00394	0.00449
GGA	GCA	GC	0.53964	0.00953	0.01233	-0.53964	0.01635	0.01233
GGA	GAA	GA	0.86813	0.04545	0.06800	-0.86813	0.10829	0.06800
GGA	GGT	AT	-0.17112	0.00513	0.00470	0.17112	0.00432	0.00470
GGA	GGC	AC	0.34685	0.00953	0.01128	-0.34685	0.01348	0.01128
GGG	TGG	GT	0.40382	0.00703	0.00854	-0.40382	0.01052	0.00854
GGG	CGG	GC	-0.12489	0.01306	0.01226	0.12489	0.01153	0.01226
GGG	AGG	GA	0.26061	0.06227	0.07073	-0.26061	0.08081	0.07073
GGG	GTG	GT	1.75516	0.00703	0.01491	-1.75516	0.04065	0.01491
GGG	GCG	GC	-0.28159	0.01306	0.01131	0.28159	0.00985	0.01131
GGG	GAG	GA	1.27064	0.06227	0.10999	-1.27064	0.22187	0.10999
GGG	GGT	GT	-0.21124	0.00703	0.00631	0.21124	0.00569	0.00631
GGG	GGC	GC	0.30673	0.01306	0.01516	-0.30673	0.01775	0.01516
GGG	GGA	GA	-0.04012	0.06227	0.06103	0.04012	0.05982	0.06103


Histograms
2Ns	FMut	FSub(CodonUsage)	FSubw(after w)

-2.25072	0.02058	0.00607
-2.02564	0.03859	0.01335
-1.80057	0.00672	0.00271
-1.57550	0.04434	0.02016
-1.35043	0.03215	0.01724
-1.12536	0.03800	0.02292
-0.90029	0.06035	0.04166
-0.67521	0.07740	0.05989
-0.45014	0.16894	0.14837
-0.22507	0.11208	0.11144
0.00000	0.10108	0.11240
0.22507	0.09003	0.11144
0.45014	0.10728	0.14837
0.67521	0.03903	0.05989
0.90029	0.02483	0.04166
1.12536	0.01240	0.02292
1.35043	0.00862	0.01724
1.57550	0.00910	0.02016
1.80057	0.00114	0.00271
2.02564	0.00517	0.01335
2.25072	0.00217	0.00607

Proportion of advantageous (S > 0) mutations:
 0.34927

Proportions of good & bad mutations (|S| > 2.0000) among mutations:
0.00514  0.04359

mean |Ns| = 0.67765	mean Ns+ = 0.50245	mean Ns- = -0.77168


MLEs of dN/dS (w) for site classes (K=4)

site class             0        1       2a       2b
proportion       0.86418  0.11664  0.01689  0.00228
background w     0.04377  1.00000  0.04377  1.00000
foreground w     0.04377  1.00000  1.00000  1.00000

Naive Empirical Bayes (NEB) probabilities for 4 classes
(amino acids refer to 1st sequence: Bacu)

   1 N   0.97333 0.01562 0.01075 0.00031 ( 1)
   2 S   0.93941 0.04572 0.01397 0.00089 ( 1)
   3 P   0.94651 0.03923 0.01349 0.00077 ( 1)
   4 E   0.94824 0.03767 0.01336 0.00074 ( 1)
   5 F   0.95135 0.03485 0.01311 0.00068 ( 1)
   6 Q   0.91964 0.06405 0.01506 0.00125 ( 1)
   7 K   0.95897 0.02804 0.01244 0.00055 ( 1)
   8 L   0.93818 0.04686 0.01405 0.00092 ( 1)
   9 L   0.89991 0.08261 0.01587 0.00161 ( 1)
  10 G   0.96671 0.02126 0.01162 0.00042 ( 1)
  11 I   0.95074 0.03540 0.01317 0.00069 ( 1)
  12 A   0.93787 0.04714 0.01407 0.00092 ( 1)
  13 M   0.65109 0.33299 0.00941 0.00651 ( 1)
  14 E   0.94824 0.03767 0.01336 0.00074 ( 1)
  15 L   0.93794 0.04709 0.01405 0.00092 ( 1)
  16 F   0.95197 0.03441 0.01295 0.00067 ( 1)
  17 L   0.90027 0.08232 0.01581 0.00161 ( 1)
  18 L   0.90052 0.08210 0.01577 0.00160 ( 1)
  19 C   0.95612 0.03069 0.01259 0.00060 ( 1)
  20 S   0.95193 0.03442 0.01298 0.00067 ( 1)
  21 D   0.94595 0.03983 0.01345 0.00078 ( 1)
  22 D   0.94958 0.03641 0.01330 0.00071 ( 1)
  23 A   0.93805 0.04698 0.01405 0.00092 ( 1)
  24 E   0.94316 0.04236 0.01365 0.00083 ( 1)
  25 S   0.93285 0.05204 0.01409 0.00102 ( 1)
  26 D   0.94595 0.03983 0.01345 0.00078 ( 1)
  27 V   0.95413 0.03244 0.01279 0.00063 ( 1)
  28 R   0.96417 0.02356 0.01181 0.00046 ( 1)
  29 M   0.96894 0.01944 0.01125 0.00038 ( 1)
  30 V   0.93300 0.05169 0.01430 0.00101 ( 1)
  31 A   0.93941 0.04583 0.01386 0.00090 ( 1)
  32 D   0.95064 0.03556 0.01310 0.00070 ( 1)
  33 E   0.94316 0.04236 0.01365 0.00083 ( 1)
  34 C   0.95643 0.03039 0.01259 0.00059 ( 1)
  35 L   0.93688 0.04812 0.01406 0.00094 ( 1)
  36 N   0.97631 0.01324 0.01018 0.00026 ( 1)
  37 K   0.50827 0.33690 0.14824 0.00659 ( 1)
  38 V   0.95413 0.03244 0.01279 0.00063 ( 1)
  39 I   0.97574 0.01384 0.01015 0.00027 ( 1)
  40 K   0.95971 0.02753 0.01222 0.00054 ( 1)
  41 N   0.55160 0.27719 0.16579 0.00542 ( 1)
  42 G   0.95751 0.02886 0.01307 0.00056 ( 1)
  43 A   0.92948 0.05471 0.01475 0.00107 ( 1)
  44 P   0.93887 0.04600 0.01423 0.00090 ( 1)
  45 R   0.95675 0.02973 0.01293 0.00058 ( 1)
  46 S   0.93894 0.04594 0.01422 0.00090 ( 1)
  47 L   0.89509 0.08708 0.01613 0.00170 ( 1)
  48 R   0.96128 0.02570 0.01252 0.00050 ( 1)
  49 A   0.92948 0.05471 0.01475 0.00107 ( 1)
  50 A   0.93658 0.04811 0.01436 0.00094 ( 1)
  51 L   0.89481 0.08736 0.01612 0.00171 ( 1)
  52 W   0.92975 0.05445 0.01474 0.00106 ( 1)
  53 R   0.95488 0.03142 0.01309 0.00061 ( 1)
  54 F   0.94265 0.04252 0.01399 0.00083 ( 1)
  55 A   0.93648 0.04821 0.01436 0.00094 ( 1)
  56 E   0.93368 0.05080 0.01453 0.00099 ( 1)
  57 L   0.89481 0.08736 0.01612 0.00171 ( 1)
  58 A   0.92948 0.05471 0.01475 0.00107 ( 1)
  59 H   0.93979 0.04515 0.01417 0.00088 ( 1)
  60 L   0.92743 0.05662 0.01484 0.00111 ( 1)
  61 V   0.95006 0.03576 0.01348 0.00070 ( 1)
  62 R   0.95675 0.02973 0.01293 0.00058 ( 1)
  63 P   0.93887 0.04600 0.01423 0.00090 ( 1)
  64 Q   0.91247 0.07063 0.01551 0.00138 ( 1)
  65 K   0.95038 0.03548 0.01345 0.00069 ( 1)
  66 C   0.94683 0.03870 0.01371 0.00076 ( 1)
  67 R   0.95488 0.03142 0.01309 0.00061 ( 1)
  68 P   0.94728 0.03870 0.01327 0.00076 ( 1)
  69 Y   0.95495 0.03191 0.01252 0.00062 ( 1)
  70 L   0.91940 0.06444 0.01490 0.00126 ( 1)
  71 V   0.97245 0.01669 0.01053 0.00033 ( 1)
  72 N   0.97602 0.01372 0.00999 0.00027 ( 1)
  73 L   0.93849 0.04680 0.01379 0.00091 ( 1)
  74 L   0.91940 0.06444 0.01490 0.00126 ( 1)
  75 P   0.94789 0.03825 0.01311 0.00075 ( 1)
  76 C   0.95421 0.03254 0.01261 0.00064 ( 1)
  77 L   0.90006 0.08258 0.01575 0.00161 ( 1)
  78 T   0.95684 0.03050 0.01206 0.00060 ( 1)
  79 R   0.96975 0.01897 0.01091 0.00037 ( 1)
  80 T   0.95866 0.02862 0.01216 0.00056 ( 1)
  81 S   0.94798 0.03817 0.01311 0.00075 ( 1)
  82 K   0.96389 0.02402 0.01162 0.00047 ( 1)
  83 R   0.96018 0.02735 0.01194 0.00053 ( 1)
  84 P   0.95380 0.03294 0.01261 0.00064 ( 1)
  85 E   0.94370 0.04196 0.01352 0.00082 ( 1)
  86 E   0.94257 0.04307 0.01351 0.00084 ( 1)
  87 S   0.93973 0.04566 0.01371 0.00089 ( 1)
  88 V   0.95358 0.03313 0.01264 0.00065 ( 1)
  89 Q   0.91988 0.06400 0.01487 0.00125 ( 1)
  90 E   0.94257 0.04307 0.01351 0.00084 ( 1)
  91 T   0.95487 0.03198 0.01252 0.00063 ( 1)
  92 L   0.91940 0.06444 0.01490 0.00126 ( 1)
  93 A   0.39836 0.45823 0.13446 0.00896 ( 2)
  94 A   0.94317 0.04293 0.01306 0.00084 ( 1)
  95 A   0.93928 0.04616 0.01366 0.00090 ( 1)
  96 V   0.95358 0.03313 0.01264 0.00065 ( 1)
  97 P   0.94789 0.03825 0.01311 0.00075 ( 1)
  98 K   0.96389 0.02402 0.01162 0.00047 ( 1)
  99 I   0.53119 0.45268 0.00728 0.00885 ( 1)
 100 M   0.96853 0.02002 0.01106 0.00039 ( 1)
 101 A   0.93819 0.04708 0.01381 0.00092 ( 1)
 102 S   0.93981 0.04561 0.01369 0.00089 ( 1)
 103 F   0.95320 0.03343 0.01271 0.00065 ( 1)
 104 G   0.96714 0.02121 0.01124 0.00041 ( 1)
 105 N   0.62012 0.22519 0.15028 0.00440 ( 1)
 106 F   0.95176 0.03477 0.01279 0.00068 ( 1)
 107 A   0.93664 0.04849 0.01392 0.00095 ( 1)
 108 N   0.97602 0.01372 0.00999 0.00027 ( 1)
 109 D   0.95019 0.03618 0.01293 0.00071 ( 1)
 110 S   0.10267 0.87906 0.00109 0.01718 ( 2)
 111 E   0.94819 0.03794 0.01312 0.00074 ( 1)
 112 I   0.53992 0.44410 0.00730 0.00868 ( 1)
 113 K   0.96437 0.02354 0.01162 0.00046 ( 1)
 114 V   0.95633 0.02996 0.01312 0.00059 ( 1)
 115 L   0.89992 0.08248 0.01599 0.00161 ( 1)
 116 L   0.93038 0.05409 0.01447 0.00106 ( 1)
 117 K   0.96358 0.02392 0.01203 0.00047 ( 1)
 118 A   0.93860 0.04648 0.01402 0.00091 ( 1)
 119 F   0.95554 0.03104 0.01281 0.00061 ( 1)
 120 I   0.97584 0.01347 0.01043 0.00026 ( 1)
 121 A   0.96746 0.02055 0.01159 0.00040 ( 1)
 122 N   0.97344 0.01546 0.01080 0.00030 ( 1)
 123 L   0.90005 0.08246 0.01588 0.00161 ( 1)
 124 K   0.96364 0.02387 0.01203 0.00047 ( 1)
 125 S   0.51488 0.46864 0.00732 0.00916 ( 1)
 126 S   0.94786 0.03796 0.01344 0.00074 ( 1)
 127 S   0.93962 0.04548 0.01400 0.00089 ( 1)
 128 P   0.94774 0.03807 0.01344 0.00074 ( 1)
 129 T   0.95468 0.03181 0.01289 0.00062 ( 1)
 130 V   0.43281 0.54974 0.00670 0.01075 ( 2)
 131 R   0.96516 0.02252 0.01187 0.00044 ( 1)
 132 R   0.96522 0.02249 0.01185 0.00044 ( 1)
 133 T   0.95732 0.02948 0.01262 0.00058 ( 1)
 134 A   0.96606 0.02184 0.01167 0.00043 ( 1)
 135 A   0.94470 0.04090 0.01360 0.00080 ( 1)
 136 G   0.62615 0.35860 0.00823 0.00701 ( 1)
 137 S   0.95860 0.02838 0.01246 0.00055 ( 1)
 138 A   0.96686 0.02114 0.01159 0.00041 ( 1)
 139 V   0.93172 0.05284 0.01441 0.00103 ( 1)
 140 S   0.94712 0.03870 0.01343 0.00076 ( 1)
 141 I   0.47344 0.37337 0.14589 0.00730 ( 1)
 142 C   0.95501 0.03158 0.01279 0.00062 ( 1)
 143 Q   0.91920 0.06447 0.01507 0.00126 ( 1)
 144 H   0.94798 0.03792 0.01336 0.00074 ( 1)
 145 S   0.94435 0.04121 0.01363 0.00081 ( 1)
 146 R   0.96263 0.02484 0.01204 0.00049 ( 1)
 147 R   0.96244 0.02507 0.01200 0.00049 ( 1)
 148 T   0.00237 0.97728 0.00125 0.01910 ( 2)
 149 Q   0.91920 0.06447 0.01507 0.00126 ( 1)
 150 Y   0.54771 0.43545 0.00833 0.00851 ( 1)
 151 F   0.95143 0.03485 0.01304 0.00068 ( 1)
 152 Y   0.95407 0.03242 0.01287 0.00063 ( 1)
 153 S   0.94712 0.03870 0.01343 0.00076 ( 1)
 154 W   0.93763 0.04737 0.01407 0.00093 ( 1)
 155 L   0.90086 0.08165 0.01589 0.00160 ( 1)
 156 L   0.93549 0.04934 0.01420 0.00096 ( 1)
 157 S   0.95005 0.03609 0.01316 0.00071 ( 1)
 158 V   0.93267 0.05187 0.01444 0.00101 ( 1)
 159 L   0.93549 0.04934 0.01420 0.00096 ( 1)
 160 L   0.43517 0.54749 0.00663 0.01070 ( 2)
 161 G   0.97187 0.01659 0.01122 0.00032 ( 1)
 162 L   0.91933 0.06443 0.01498 0.00126 ( 1)
 163 L   0.90447 0.07860 0.01538 0.00154 ( 1)
 164 V   0.95885 0.02830 0.01230 0.00055 ( 1)
 165 P   0.95389 0.03274 0.01274 0.00064 ( 1)
 166 V   0.93226 0.05242 0.01430 0.00102 ( 1)
 167 E   0.94310 0.04241 0.01366 0.00083 ( 1)
 168 E   0.94310 0.04241 0.01366 0.00083 ( 1)
 169 E   0.94815 0.03768 0.01343 0.00074 ( 1)
 170 H   0.05906 0.91003 0.01312 0.01779 ( 2)
 171 S   0.94550 0.04024 0.01347 0.00079 ( 1)
 172 T   0.04708 0.92172 0.01318 0.01802 ( 2)
 173 L   0.93870 0.04646 0.01393 0.00091 ( 1)
 174 L   0.90044 0.08214 0.01582 0.00161 ( 1)
 175 I   0.95153 0.03477 0.01302 0.00068 ( 1)
 176 L   0.93683 0.04816 0.01408 0.00094 ( 1)
 177 G   0.95952 0.02763 0.01231 0.00054 ( 1)
 178 V   0.93302 0.05168 0.01429 0.00101 ( 1)
 179 L   0.90044 0.08214 0.01582 0.00161 ( 1)
 180 L   0.93713 0.04790 0.01403 0.00094 ( 1)
 181 T   0.95927 0.02784 0.01234 0.00054 ( 1)
 182 L   0.91924 0.06449 0.01500 0.00126 ( 1)
 183 R   0.96411 0.02360 0.01183 0.00046 ( 1)
 184 Y   0.96413 0.02358 0.01183 0.00046 ( 1)
 185 L   0.91990 0.06385 0.01500 0.00125 ( 1)
 186 V   0.93295 0.05173 0.01431 0.00101 ( 1)
 187 P   0.95484 0.03179 0.01274 0.00062 ( 1)
 188 L   0.92013 0.06367 0.01496 0.00124 ( 1)
 189 L   0.90059 0.08202 0.01579 0.00160 ( 1)
 190 Q   0.92059 0.06324 0.01494 0.00124 ( 1)
 191 Q   0.92059 0.06324 0.01494 0.00124 ( 1)
 192 Q   0.92059 0.06324 0.01494 0.00124 ( 1)
 193 V   0.95432 0.03231 0.01274 0.00063 ( 1)
 194 K   0.96454 0.02327 0.01173 0.00045 ( 1)
 195 D   0.95090 0.03539 0.01302 0.00069 ( 1)
 196 T   0.95605 0.03088 0.01246 0.00060 ( 1)
 197 S   0.94874 0.03732 0.01320 0.00073 ( 1)
 198 L   0.90059 0.08202 0.01579 0.00160 ( 1)
 199 K   0.96007 0.02719 0.01220 0.00053 ( 1)
 200 G   0.96775 0.02050 0.01135 0.00040 ( 1)
 201 S   0.94874 0.03732 0.01320 0.00073 ( 1)
 202 F   0.95247 0.03397 0.01290 0.00066 ( 1)
 203 G   0.96708 0.02107 0.01143 0.00041 ( 1)
 204 V   0.93318 0.05155 0.01426 0.00101 ( 1)
 205 T   0.95784 0.02923 0.01236 0.00057 ( 1)
 206 R   0.96611 0.02191 0.01155 0.00043 ( 1)
 207 K   0.96007 0.02719 0.01220 0.00053 ( 1)
 208 E   0.94335 0.04222 0.01360 0.00083 ( 1)
 209 M   0.96912 0.01932 0.01118 0.00038 ( 1)
 210 E   0.94340 0.04218 0.01359 0.00082 ( 1)
 211 V   0.95432 0.03231 0.01274 0.00063 ( 1)
 212 S   0.94291 0.04255 0.01371 0.00083 ( 1)
 213 P   0.95509 0.03162 0.01267 0.00062 ( 1)
 214 S   0.96000 0.02722 0.01225 0.00053 ( 1)
 215 T   0.56156 0.42273 0.00745 0.00826 ( 1)
 216 E   0.94335 0.04222 0.01360 0.00083 ( 1)
 217 Q   0.92059 0.06324 0.01494 0.00124 ( 1)
 218 L   0.93875 0.04643 0.01392 0.00091 ( 1)
 219 V   0.95403 0.03260 0.01274 0.00064 ( 1)
 220 Q   0.91995 0.06388 0.01493 0.00125 ( 1)
 221 V   0.92849 0.05570 0.01472 0.00109 ( 1)
 222 Y   0.95271 0.03374 0.01289 0.00066 ( 1)
 223 E   0.94433 0.04111 0.01376 0.00080 ( 1)
 224 L   0.91135 0.07165 0.01560 0.00140 ( 1)
 225 T   0.95084 0.03520 0.01327 0.00069 ( 1)
 226 L   0.91610 0.06730 0.01528 0.00132 ( 1)
 227 H   0.59212 0.39244 0.00776 0.00767 ( 1)
 228 Y   0.95981 0.02716 0.01249 0.00053 ( 1)
 229 T   0.95984 0.02714 0.01249 0.00053 ( 1)
 230 Q   0.91721 0.06622 0.01528 0.00129 ( 1)
 231 H   0.94559 0.03991 0.01373 0.00078 ( 1)
 232 Q   0.93602 0.04872 0.01431 0.00095 ( 1)
 233 D   0.94692 0.03870 0.01363 0.00076 ( 1)
 234 H   0.94559 0.03991 0.01373 0.00078 ( 1)
 235 N   0.97083 0.01750 0.01133 0.00034 ( 1)
 236 V   0.95581 0.03065 0.01293 0.00060 ( 1)
 237 V   0.93073 0.05351 0.01472 0.00105 ( 1)
 238 T   0.96012 0.02685 0.01250 0.00052 ( 1)
 239 G   0.96404 0.02349 0.01201 0.00046 ( 1)
 240 A   0.93828 0.04639 0.01443 0.00091 ( 1)
 241 L   0.89848 0.08394 0.01594 0.00164 ( 1)
 242 E   0.94474 0.04064 0.01383 0.00079 ( 1)
 243 L   0.93372 0.05091 0.01438 0.00100 ( 1)
 244 L   0.89859 0.08382 0.01595 0.00164 ( 1)
 245 Q   0.91865 0.06487 0.01521 0.00127 ( 1)
 246 Q   0.91865 0.06487 0.01521 0.00127 ( 1)
 247 L   0.92927 0.05431 0.01535 0.00106 ( 1)
 248 L   0.93483 0.04980 0.01440 0.00097 ( 1)
 249 R   0.95778 0.02890 0.01276 0.00056 ( 1)
 250 T   0.95318 0.03301 0.01316 0.00065 ( 1)
 251 P   0.94663 0.03901 0.01359 0.00076 ( 1)
 252 P   0.94587 0.03972 0.01363 0.00078 ( 1)
 253 P   0.94663 0.03901 0.01359 0.00076 ( 1)
 254 E   0.94134 0.04385 0.01395 0.00086 ( 1)
 255 L   0.93511 0.04958 0.01434 0.00097 ( 1)
 256 L   0.89937 0.08308 0.01593 0.00162 ( 1)
 257 R   0.95951 0.02745 0.01251 0.00054 ( 1)
 258 A   0.00228 0.97854 0.00004 0.01913 ( 2)
 259 L   0.89937 0.08308 0.01593 0.00162 ( 1)
 260 T   0.95357 0.03273 0.01306 0.00064 ( 1)
 261 T   0.05057 0.91571 0.01582 0.01790 ( 2)
 262 A   0.55476 0.28314 0.15656 0.00553 ( 1)
 263 G   0.96604 0.02173 0.01180 0.00042 ( 1)
 264 G   0.96583 0.02187 0.01187 0.00043 ( 1)
 265 I   0.95362 0.03267 0.01308 0.00064 ( 1)
 266 G   0.07262 0.90870 0.00092 0.01776 ( 2)
 267 Q   0.02534 0.94681 0.00934 0.01851 ( 2)
 268 L   0.93512 0.04958 0.01434 0.00097 ( 1)
 269 T   0.96082 0.02601 0.01267 0.00051 ( 1)
 270 A   0.42061 0.42879 0.14222 0.00838 ( 2)
 271 A   0.39639 0.45797 0.13669 0.00895 ( 2)
 272 K   0.61912 0.36575 0.00798 0.00715 ( 1)
 273 D   0.48329 0.49989 0.00705 0.00977 ( 2)
 274 E   0.94061 0.04458 0.01394 0.00087 ( 1)
 275 P   0.95216 0.03406 0.01311 0.00067 ( 1)
 276 G   0.09631 0.88529 0.00109 0.01731 ( 2)
 277 C   0.95389 0.03252 0.01296 0.00064 ( 1)
 278 R   0.95709 0.02963 0.01270 0.00058 ( 1)
 279 S   0.94940 0.03657 0.01332 0.00071 ( 1)
 280 R   0.96520 0.02250 0.01186 0.00044 ( 1)
 281 S   0.94598 0.03967 0.01358 0.00078 ( 1)
 282 G   0.95707 0.02967 0.01268 0.00058 ( 1)
 283 S   0.94877 0.03719 0.01331 0.00073 ( 1)
 284 I   0.95287 0.03342 0.01306 0.00065 ( 1)
 285 V   0.93057 0.05384 0.01454 0.00105 ( 1)
 286 E   0.94061 0.04458 0.01394 0.00087 ( 1)
 287 L   0.93657 0.04829 0.01420 0.00094 ( 1)
 288 I   0.97442 0.01463 0.01066 0.00029 ( 1)
 289 A   0.92085 0.06208 0.01585 0.00121 ( 1)
 290 G   0.94041 0.04362 0.01512 0.00085 ( 1)
 291 G   0.94811 0.03645 0.01473 0.00071 ( 1)
 292 G   0.95633 0.02889 0.01421 0.00056 ( 1)
 293 S   0.92223 0.06077 0.01581 0.00119 ( 1)
 294 S   0.91409 0.06860 0.01597 0.00134 ( 1)
 295 C   0.93725 0.04658 0.01526 0.00091 ( 1)
 296 S   0.92968 0.05371 0.01556 0.00105 ( 1)
 297 P   0.92962 0.05376 0.01556 0.00105 ( 1)
 298 V   0.93500 0.04869 0.01535 0.00095 ( 1)
 299 L   0.92113 0.06182 0.01584 0.00121 ( 1)
 300 S   0.91362 0.06898 0.01606 0.00135 ( 1)
 301 R   0.94228 0.04185 0.01505 0.00082 ( 1)
 302 K   0.94072 0.04333 0.01510 0.00085 ( 1)
 303 Q   0.92208 0.06091 0.01582 0.00119 ( 1)
 304 K   0.94071 0.04333 0.01510 0.00085 ( 1)
 305 G   0.94203 0.04185 0.01530 0.00082 ( 1)
 306 K   0.52336 0.45988 0.00776 0.00899 ( 1)
 307 V   0.92295 0.06046 0.01541 0.00118 ( 1)
 308 L   0.92656 0.05707 0.01526 0.00112 ( 1)
 309 F   0.94182 0.04291 0.01443 0.00084 ( 1)
 310 G   0.94910 0.03620 0.01399 0.00071 ( 1)
 311 E   0.93865 0.04583 0.01462 0.00090 ( 1)
 312 A   0.92814 0.05559 0.01519 0.00109 ( 1)
 313 A   0.92723 0.05649 0.01517 0.00110 ( 1)
 314 A   0.93631 0.04811 0.01464 0.00094 ( 1)
 315 L   0.02347 0.95742 0.00040 0.01872 ( 2)
 316 E   0.93342 0.05080 0.01479 0.00099 ( 1)
 317 D   0.93611 0.04830 0.01465 0.00094 ( 1)
 318 D   0.94082 0.04394 0.01439 0.00086 ( 1)
 319 S   0.43038 0.55203 0.00680 0.01079 ( 2)
 320 E   0.93342 0.05080 0.01479 0.00099 ( 1)
 321 S   0.92159 0.06186 0.01534 0.00121 ( 1)
 322 R   0.95447 0.03145 0.01346 0.00061 ( 1)
 323 S   0.92135 0.06210 0.01534 0.00121 ( 1)
 324 D   0.94066 0.04409 0.01438 0.00086 ( 1)
 325 G   0.95813 0.02816 0.01316 0.00055 ( 1)
 326 S   0.93865 0.04594 0.01451 0.00090 ( 1)
 327 S   0.93865 0.04594 0.01451 0.00090 ( 1)
 328 P   0.94497 0.04011 0.01414 0.00078 ( 1)
 329 T   0.94548 0.03964 0.01410 0.00077 ( 1)
 330 F   0.94235 0.04252 0.01430 0.00083 ( 1)
 331 A   0.00125 0.97920 0.00041 0.01914 ( 2)
 332 A   0.93500 0.04942 0.01462 0.00097 ( 1)
 333 A   0.41858 0.56391 0.00649 0.01102 ( 2)
 334 V   0.47290 0.37505 0.14471 0.00733 ( 1)
 335 K   0.96423 0.02368 0.01162 0.00046 ( 1)
 336 G   0.97385 0.01551 0.01034 0.00030 ( 1)
 337 E   0.94296 0.04269 0.01352 0.00083 ( 1)
 338 V   0.00000 0.98015 0.00069 0.01916 ( 2)
 339 G   0.97044 0.01818 0.01102 0.00036 ( 1)
 340 G   0.61938 0.22506 0.15116 0.00440 ( 1)
 341 E   0.94296 0.04269 0.01352 0.00083 ( 1)
 342 L   0.90031 0.08232 0.01576 0.00161 ( 1)
 343 A   0.46151 0.52163 0.00666 0.01020 ( 2)
 344 A   0.94593 0.03999 0.01330 0.00078 ( 1)
 345 S   0.94012 0.04528 0.01372 0.00089 ( 1)
 346 S   0.94012 0.04528 0.01372 0.00089 ( 1)
 347 G   0.96679 0.02147 0.01132 0.00042 ( 1)
 348 V   0.95396 0.03276 0.01264 0.00064 ( 1)
 349 P   0.49856 0.48493 0.00703 0.00948 ( 1)
 350 T   0.96409 0.02380 0.01164 0.00047 ( 1)
 351 P   0.94924 0.03707 0.01296 0.00072 ( 1)
 352 G   0.63350 0.35159 0.00804 0.00687 ( 1)
 353 S   0.42189 0.56065 0.00651 0.01096 ( 2)
 354 A   0.93857 0.04670 0.01382 0.00091 ( 1)
 355 A   0.94595 0.03997 0.01330 0.00078 ( 1)
 356 D   0.04728 0.92012 0.01461 0.01799 ( 2)
 357 S   0.94012 0.04528 0.01372 0.00089 ( 1)
 358 G   0.03480 0.93482 0.01211 0.01827 ( 2)
 359 G   0.97406 0.01530 0.01034 0.00030 ( 1)
 360 H   0.94948 0.03682 0.01298 0.00072 ( 1)
 361 D   0.95057 0.03580 0.01293 0.00070 ( 1)
 362 I   0.95541 0.03147 0.01251 0.00062 ( 1)
 363 I   0.95541 0.03147 0.01251 0.00062 ( 1)
 364 T   0.96344 0.02445 0.01163 0.00048 ( 1)
 365 E   0.94296 0.04269 0.01352 0.00083 ( 1)
 366 Q   0.92022 0.06366 0.01488 0.00124 ( 1)
 367 P   0.95467 0.03213 0.01257 0.00063 ( 1)
 368 R   0.96602 0.02214 0.01140 0.00043 ( 1)
 369 S   0.36999 0.49050 0.12992 0.00959 ( 2)
 370 Q   0.92022 0.06366 0.01488 0.00124 ( 1)
 371 H   0.94923 0.03701 0.01304 0.00072 ( 1)
 372 T   0.95900 0.02827 0.01218 0.00055 ( 1)
 373 L   0.93887 0.04642 0.01380 0.00091 ( 1)
 374 Q   0.92022 0.06366 0.01488 0.00124 ( 1)
 375 T   0.55859 0.42574 0.00735 0.00832 ( 1)
 376 D   0.95057 0.03580 0.01293 0.00070 ( 1)
 377 S   0.95908 0.02813 0.01224 0.00055 ( 1)
 378 V   0.44133 0.54126 0.00684 0.01058 ( 2)
 379 D   0.94575 0.04015 0.01331 0.00078 ( 1)
 380 L   0.90068 0.08201 0.01570 0.00160 ( 1)
 381 T   0.95679 0.03034 0.01228 0.00059 ( 1)
 382 G   0.96747 0.02089 0.01124 0.00041 ( 1)
 383 C   0.42106 0.43283 0.13765 0.00846 ( 2)
 384 D   0.95057 0.03580 0.01293 0.00070 ( 1)
 385 L   0.91974 0.06410 0.01490 0.00125 ( 1)
 386 T   0.00011 0.98069 0.00003 0.01917 ( 2)
 387 S   0.95169 0.03480 0.01283 0.00068 ( 1)
 388 G   0.61700 0.22590 0.15268 0.00442 ( 1)
 389 A   0.94481 0.04085 0.01354 0.00080 ( 1)
 390 T   0.05877 0.90543 0.01810 0.01770 ( 2)
 391 D   0.94976 0.03649 0.01304 0.00071 ( 1)
 392 G   0.96679 0.02147 0.01132 0.00042 ( 1)
 393 D   0.94988 0.03635 0.01306 0.00071 ( 1)
 394 E   0.94296 0.04269 0.01352 0.00083 ( 1)
 395 E   0.94302 0.04263 0.01352 0.00083 ( 1)
 396 D   0.95057 0.03580 0.01293 0.00070 ( 1)
 397 I   0.95541 0.03147 0.01251 0.00062 ( 1)
 398 L   0.92003 0.06382 0.01491 0.00125 ( 1)
 399 S   0.94906 0.03710 0.01312 0.00073 ( 1)
 400 H   0.94992 0.03632 0.01305 0.00071 ( 1)
 401 S   0.94906 0.03710 0.01312 0.00073 ( 1)
 402 S   0.94628 0.03961 0.01334 0.00077 ( 1)
 403 S   0.94906 0.03710 0.01312 0.00073 ( 1)
 404 Q   0.92129 0.06259 0.01490 0.00122 ( 1)
 405 M   0.00010 0.97978 0.00097 0.01915 ( 2)
 406 S   0.94906 0.03710 0.01312 0.00073 ( 1)
 407 A   0.43206 0.42094 0.13877 0.00823 ( 1)
 408 V   0.00011 0.98069 0.00003 0.01917 ( 2)
 409 P   0.95872 0.02812 0.01262 0.00055 ( 1)
 410 S   0.94081 0.04459 0.01373 0.00087 ( 1)
 411 D   0.95126 0.03512 0.01294 0.00069 ( 1)
 412 P   0.94897 0.03717 0.01313 0.00073 ( 1)
 413 A   0.94665 0.03928 0.01331 0.00077 ( 1)
 414 M   0.67673 0.30949 0.00773 0.00605 ( 1)
 415 D   0.95126 0.03512 0.01294 0.00069 ( 1)
 416 L   0.90077 0.08186 0.01577 0.00160 ( 1)
 417 N   0.97665 0.01310 0.00999 0.00026 ( 1)
 418 D   0.94645 0.03946 0.01332 0.00077 ( 1)
 419 G   0.96738 0.02088 0.01133 0.00041 ( 1)
 420 T   0.95591 0.03094 0.01254 0.00060 ( 1)
 421 Q   0.92084 0.06304 0.01489 0.00123 ( 1)
 422 A   0.94665 0.03928 0.01331 0.00077 ( 1)
 423 S   0.94628 0.03961 0.01334 0.00077 ( 1)
 424 S   0.94081 0.04459 0.01373 0.00087 ( 1)
 425 P   0.95501 0.03170 0.01266 0.00062 ( 1)
 426 I   0.95608 0.03080 0.01252 0.00060 ( 1)
 427 S   0.95247 0.03402 0.01284 0.00067 ( 1)
 428 D   0.95126 0.03512 0.01294 0.00069 ( 1)
 429 S   0.94906 0.03710 0.01312 0.00073 ( 1)
 430 S   0.94628 0.03961 0.01334 0.00077 ( 1)
 431 Q   0.92084 0.06304 0.01489 0.00123 ( 1)
 432 T   0.95591 0.03094 0.01254 0.00060 ( 1)
 433 T   0.95591 0.03094 0.01254 0.00060 ( 1)
 434 T   0.95595 0.03092 0.01253 0.00060 ( 1)
 435 E   0.94366 0.04199 0.01353 0.00082 ( 1)
 436 G   0.96739 0.02088 0.01133 0.00041 ( 1)
 437 P   0.95522 0.03154 0.01262 0.00062 ( 1)
 438 D   0.94645 0.03946 0.01332 0.00077 ( 1)
 439 S   0.93080 0.05379 0.01435 0.00105 ( 1)
 440 A   0.94561 0.04015 0.01346 0.00078 ( 1)
 441 V   0.93347 0.05133 0.01420 0.00100 ( 1)
 442 T   0.95591 0.03094 0.01254 0.00060 ( 1)
 443 P   0.94897 0.03717 0.01313 0.00073 ( 1)
 444 S   0.94614 0.03975 0.01333 0.00078 ( 1)
 445 D   0.95126 0.03512 0.01294 0.00069 ( 1)
 446 S   0.95247 0.03402 0.01284 0.00067 ( 1)
 447 S   0.94081 0.04459 0.01373 0.00087 ( 1)
 448 E   0.94967 0.03654 0.01307 0.00071 ( 1)
 449 I   0.95210 0.03436 0.01287 0.00067 ( 1)
 450 V   0.93816 0.04566 0.01529 0.00089 ( 1)
 451 L   0.92924 0.05507 0.01461 0.00108 ( 1)
 452 D   0.94291 0.04247 0.01379 0.00083 ( 1)
 453 G   0.97152 0.01707 0.01108 0.00033 ( 1)
 454 A   0.94267 0.04270 0.01380 0.00083 ( 1)
 455 D   0.94765 0.03815 0.01345 0.00075 ( 1)
 456 S   0.94545 0.04015 0.01361 0.00078 ( 1)
 457 Q   0.91780 0.06574 0.01517 0.00129 ( 1)
 458 Y   0.95242 0.03384 0.01308 0.00066 ( 1)
 459 P   0.47804 0.50486 0.00723 0.00987 ( 2)
 460 G   0.96403 0.02352 0.01199 0.00046 ( 1)
 461 M   0.96613 0.02169 0.01175 0.00042 ( 1)
 462 Q   0.92386 0.06006 0.01491 0.00117 ( 1)
 463 A   0.05411 0.91152 0.01655 0.01782 ( 2)
 464 G   0.63016 0.35506 0.00784 0.00694 ( 1)
 465 Q   0.91780 0.06574 0.01517 0.00129 ( 1)
 466 P   0.03622 0.68857 0.26175 0.01346 ( 2)
 467 Q   0.37216 0.60976 0.00615 0.01192 ( 2)
 468 D   0.94744 0.03835 0.01346 0.00075 ( 1)
 469 E   0.46700 0.51597 0.00695 0.01009 ( 2)
 470 D   0.94743 0.03831 0.01351 0.00075 ( 1)
 471 E   0.94009 0.04506 0.01398 0.00088 ( 1)
 472 D   0.94742 0.03838 0.01345 0.00075 ( 1)
 473 A   0.03490 0.94608 0.00053 0.01849 ( 2)
 474 A   0.93588 0.04892 0.01425 0.00096 ( 1)
 475 A   0.42630 0.55615 0.00668 0.01087 ( 2)
 476 V   0.00255 0.97829 0.00003 0.01912 ( 2)
 477 L   0.93605 0.04877 0.01423 0.00095 ( 1)
 478 P   0.94537 0.04023 0.01362 0.00079 ( 1)
 479 D   0.48458 0.49859 0.00708 0.00975 ( 2)
 480 E   0.94606 0.03959 0.01357 0.00077 ( 1)
 481 D   0.94757 0.03823 0.01345 0.00075 ( 1)
 482 A   0.00001 0.98082 0.00000 0.01917 ( 2)
 483 E   0.94009 0.04506 0.01398 0.00088 ( 1)
 484 A   0.93559 0.04921 0.01424 0.00096 ( 1)
 485 F   0.95320 0.03314 0.01302 0.00065 ( 1)
 486 R   0.95681 0.02990 0.01270 0.00058 ( 1)
 487 N   0.06471 0.54352 0.38115 0.01062 ( 2)
 488 S   0.93728 0.04764 0.01415 0.00093 ( 1)
 489 S   0.94269 0.04267 0.01381 0.00083 ( 1)
 490 I   0.52895 0.45459 0.00757 0.00889 ( 1)
 491 A   0.93588 0.04884 0.01433 0.00095 ( 1)
 492 L   0.93167 0.05256 0.01474 0.00103 ( 1)
 493 Q   0.93271 0.05160 0.01469 0.00101 ( 1)
 494 Q   0.93271 0.05160 0.01469 0.00101 ( 1)
 495 A   0.42358 0.55874 0.00676 0.01092 ( 2)
