Supplemental results for CODEML (seqf: /home/leticiamagpali/phd/evol_models/codeml/big_dataset/cml_align/MYH2_codon_aligned.phy  treef: /home/leticiamagpali/phd/evol_models/codeml/big_dataset/cml_trees/gene_trees/H2_gene_trees/MYH2_tree_H2.tre)

I	J	ij	2Ns_IJ	pMut_IJ	pSub_IJ	2Ns_JI	pMut_JI	pSub_JI

TTC	TTT	CT	-0.09975	0.06849	0.06513	0.09975	0.06199	0.06513
TTA	TTT	AT	9.53968	0.00000	0.00000	-9.53968	0.01010	0.00001
TTA	TTC	AC	9.63943	0.00000	0.00000	-9.63943	0.02494	0.00002
TTG	TTT	GT	1.75685	0.00210	0.00447	-1.75685	0.01219	0.00447
TTG	TTC	GC	1.85659	0.00470	0.01035	-1.85659	0.03010	0.01035
TTG	TTA	GA	-7.78284	0.00751	0.00002	7.78284	0.00000	0.00000
TCT	TTT	CT	2.42176	0.00550	0.01462	-2.42176	0.06199	0.01462
TCC	TTC	CT	1.19056	0.04656	0.07964	-1.19056	0.15312	0.07964
TCC	TCT	CT	-1.33095	0.04656	0.02225	1.33095	0.01230	0.02225
TCA	TTA	CT	-7.59736	0.01014	0.00004	7.59736	0.00000	0.00000
TCA	TCT	AT	-0.47944	0.00324	0.00252	0.47944	0.00200	0.00252
TCA	TCC	AC	0.85151	0.00723	0.01075	-0.85151	0.01695	0.01075
TCG	TTG	CT	0.58793	0.00818	0.01082	-0.58793	0.01473	0.01082
TCG	TCT	GT	-0.07698	0.00261	0.00251	0.07698	0.00242	0.00251
TCG	TCC	GC	1.25397	0.00584	0.01025	-1.25397	0.02046	0.01025
TCG	TCA	GA	0.40246	0.00933	0.01133	-0.40246	0.01395	0.01133
TAT	TTT	AT	1.34330	0.00264	0.00479	-1.34330	0.01010	0.00479
TAT	TCT	AC	-1.07846	0.00589	0.00327	1.07846	0.00200	0.00327
TAC	TTC	AT	0.73760	0.01193	0.01686	-0.73760	0.02494	0.01686
TAC	TCC	AC	-0.45296	0.02666	0.02108	0.45296	0.01695	0.02108
TAC	TAT	CT	-0.70545	0.03736	0.02572	0.70545	0.01845	0.02572
TGT	TTT	GT	4.18827	0.00018	0.00079	-4.18827	0.01219	0.00079
TGT	TCT	GC	1.76650	0.00041	0.00088	-1.76650	0.00242	0.00088
TGT	TAT	GA	2.84496	0.00066	0.00200	-2.84496	0.01136	0.00200
TGC	TTC	GT	1.37282	0.00763	0.01403	-1.37282	0.03010	0.01403
TGC	TCC	GC	0.18226	0.01705	0.01865	-0.18226	0.02046	0.01865
TGC	TAC	GA	0.63522	0.02725	0.03682	-0.63522	0.05143	0.03682
TGC	TGT	CT	-2.91519	0.02389	0.00399	2.91519	0.00129	0.00399
TGG	TTG	GT	-1.06111	0.00837	0.00470	1.06111	0.00290	0.00470
TGG	TCG	GC	-1.64905	0.01871	0.00734	1.64905	0.00360	0.00734
TGG	TGT	GT	-3.49253	0.00837	0.00092	3.49253	0.00025	0.00092
TGG	TGC	GC	-0.57734	0.01871	0.01382	0.57734	0.01050	0.01382
CTT	TTT	CT	2.90235	0.00340	0.01045	-2.90235	0.06199	0.01045
CTC	TTC	CT	0.97711	0.05763	0.09030	-0.97711	0.15312	0.09030
CTC	CTT	CT	-2.02499	0.05763	0.01775	2.02499	0.00761	0.01775
CTA	TTA	CT	-7.65967	0.01079	0.00004	7.65967	0.00000	0.00000
CTA	CTT	AT	-1.02233	0.00344	0.00198	1.02233	0.00124	0.00198
CTA	CTC	AC	1.00266	0.00770	0.01219	-1.00266	0.02099	0.01219
CTG	TTG	CT	-2.54177	0.18709	0.04064	2.54177	0.01473	0.04064
CTG	CTT	GT	-3.68727	0.05973	0.00566	3.68727	0.00150	0.00566
CTG	CTC	GC	-1.66228	0.13353	0.05197	1.66228	0.02533	0.05197
CTG	CTA	GA	-2.66494	0.21338	0.04254	2.66494	0.01485	0.04254
CCT	TCT	CT	2.93797	0.00065	0.00202	-2.93797	0.01230	0.00202
CCT	CTT	CT	2.45739	0.00065	0.00175	-2.45739	0.00761	0.00175
CCC	TCC	CT	1.58025	0.02143	0.04265	-1.58025	0.10407	0.04265
CCC	CTC	CT	1.79370	0.02143	0.04611	-1.79370	0.12884	0.04611
CCC	CCT	CT	-2.68867	0.02143	0.00420	2.68867	0.00146	0.00420
CCA	TCA	CT	1.31529	0.00608	0.01093	-1.31529	0.02266	0.01093
CCA	CTA	CT	1.37759	0.00608	0.01120	-1.37759	0.02412	0.01120
CCA	CCT	AT	-2.10213	0.00194	0.00057	2.10213	0.00024	0.00057
CCA	CCC	AC	0.58655	0.00434	0.00574	-0.58655	0.00780	0.00574
CCG	TCG	CT	0.07653	0.01694	0.01760	-0.07653	0.01829	0.01760
CCG	CTG	CT	3.20624	0.01694	0.05661	-3.20624	0.41824	0.05661
CCG	CCT	GT	-2.93842	0.00541	0.00089	2.93842	0.00029	0.00089
CCG	CCC	GC	-0.24975	0.01209	0.01064	0.24975	0.00942	0.01064
CCG	CCA	GA	-0.83630	0.01932	0.01236	0.83630	0.00837	0.01236
CAT	TAT	CT	5.54066	0.00007	0.00040	-5.54066	0.01845	0.00040
CAT	CTT	AT	3.98161	0.00002	0.00009	-3.98161	0.00124	0.00009
CAT	CCT	AC	1.52423	0.00005	0.00010	-1.52423	0.00024	0.00010
CAC	TAC	CT	0.73883	0.03989	0.05643	-0.73883	0.08352	0.05643
CAC	CTC	AT	0.49933	0.01274	0.01618	-0.49933	0.02099	0.01618
CAC	CCC	AC	-1.29437	0.02847	0.01391	1.29437	0.00780	0.01391
CAC	CAT	CT	-5.50727	0.03989	0.00090	5.50727	0.00016	0.00090
CAA	CTA	AT	0.07917	0.00363	0.00377	-0.07917	0.00393	0.00377
CAA	CCA	AC	-1.29842	0.00811	0.00395	1.29842	0.00221	0.00395
CAA	CAT	AT	-4.92478	0.00363	0.00013	4.92478	0.00003	0.00013
CAA	CAC	AC	0.58249	0.00811	0.01070	-0.58249	0.01453	0.01070
CAG	CTG	AT	0.70580	0.03363	0.04689	-0.70580	0.06812	0.04689
CAG	CCG	AC	-2.50044	0.07519	0.01680	2.50044	0.00617	0.01680
CAG	CAT	GT	-6.96309	0.03363	0.00022	6.96309	0.00003	0.00022
CAG	CAC	GC	-1.45582	0.07519	0.03329	1.45582	0.01753	0.03329
CAG	CAA	GA	-2.03831	0.12015	0.03667	2.03831	0.01565	0.03667
CGT	TGT	CT	-1.32079	0.00485	0.00233	1.32079	0.00129	0.00233
CGT	CTT	GT	-0.03487	0.00155	0.00152	0.03487	0.00150	0.00152
CGT	CCT	GC	-2.49226	0.00346	0.00078	2.49226	0.00029	0.00078
CGT	CAT	GA	-4.01649	0.00553	0.00041	4.01649	0.00010	0.00041
CGC	TGC	CT	0.37900	0.03656	0.04393	-0.37900	0.05341	0.04393
CGC	CTC	GT	0.77471	0.01167	0.01677	-0.77471	0.02533	0.01677
CGC	CCC	GC	-1.01899	0.02610	0.01502	1.01899	0.00942	0.01502
CGC	CAC	GA	0.27538	0.04170	0.04771	-0.27538	0.05492	0.04771
CGC	CGT	CT	-1.21540	0.03656	0.01874	1.21540	0.01084	0.01874
CGA	CTA	GT	0.48734	0.00291	0.00368	-0.48734	0.00474	0.00368
CGA	CCA	GC	-0.89025	0.00651	0.00404	0.89025	0.00267	0.00404
CGA	CAA	GA	0.40817	0.01040	0.01267	-0.40817	0.01565	0.01267
CGA	CGT	AT	-0.50012	0.00291	0.00224	0.50012	0.00177	0.00224
CGA	CGC	AC	0.71528	0.00651	0.00911	-0.71528	0.01331	0.00911
CGG	TGG	CT	1.28446	0.01622	0.02881	-1.28446	0.05859	0.02881
CGG	CTG	GT	2.76512	0.00518	0.01528	-2.76512	0.08223	0.01528
CGG	CCG	GC	-0.44111	0.01158	0.00921	0.44111	0.00745	0.00921
CGG	CAG	GA	2.05932	0.01850	0.04366	-2.05932	0.14503	0.04366
CGG	CGT	GT	-0.88728	0.00518	0.00322	0.88728	0.00213	0.00322
CGG	CGC	GC	0.32812	0.01158	0.01358	-0.32812	0.01607	0.01358
CGG	CGA	GA	-0.38716	0.01850	0.01515	0.38716	0.01256	0.01515
ATT	TTT	AT	0.06579	0.00945	0.00977	-0.06579	0.01010	0.00977
ATT	CTT	AC	-2.83656	0.02114	0.00373	2.83656	0.00124	0.00373
ATC	TTC	AT	-0.12208	0.02818	0.02649	0.12208	0.02494	0.02649
ATC	CTC	AC	-1.09918	0.06299	0.03459	1.09918	0.02099	0.03459
ATC	ATT	CT	-0.28761	0.08826	0.07618	0.28761	0.06620	0.07618
ATA	TTA	AT	-8.33935	0.00347	0.00001	8.33935	0.00000	0.00000
ATA	CTA	AC	-0.67968	0.00775	0.00541	0.67968	0.00393	0.00541
ATA	ATT	AT	1.13455	0.00347	0.00580	-1.13455	0.01078	0.00580
ATA	ATC	AC	1.42216	0.00775	0.01453	-1.42216	0.03214	0.01453
ATG	TTG	AT	-2.29596	0.02383	0.00612	2.29596	0.00240	0.00612
ATG	CTG	AC	0.24581	0.05328	0.06009	-0.24581	0.06812	0.06009
ATG	ATT	GT	-0.60490	0.02383	0.01735	0.60490	0.01302	0.01735
ATG	ATC	GC	-0.31729	0.05328	0.04527	0.31729	0.03879	0.04527
ATG	ATA	GA	-1.73944	0.08514	0.03155	1.73944	0.01495	0.03155
ACT	TCT	AT	0.28781	0.00150	0.00173	-0.28781	0.00200	0.00173
ACT	CCT	AC	-2.65016	0.00336	0.00068	2.65016	0.00024	0.00068
ACT	ATT	CT	2.64379	0.00471	0.01339	-2.64379	0.06620	0.01339
ACC	TCC	AT	0.30975	0.01244	0.01446	-0.30975	0.01695	0.01446
ACC	CCC	AC	-1.27049	0.02780	0.01378	1.27049	0.00780	0.01378
ACC	ATC	CT	1.62239	0.03895	0.07874	-1.62239	0.19730	0.07874
ACC	ACT	CT	-1.30901	0.03895	0.01887	1.30901	0.01052	0.01887
ACA	TCA	AT	-0.35624	0.00527	0.00439	0.35624	0.00369	0.00439
ACA	CCA	AC	-1.67152	0.01178	0.00456	1.67152	0.00221	0.00456
ACA	ATA	CT	0.38575	0.01651	0.01990	-0.38575	0.02428	0.01990
ACA	ACT	AT	-1.12349	0.00527	0.00285	1.12349	0.00171	0.00285
ACA	ACC	AC	0.18552	0.01178	0.01291	-0.18552	0.01418	0.01291
ACG	TCG	AT	-1.00761	0.00816	0.00473	1.00761	0.00298	0.00473
ACG	CCG	AC	-1.08414	0.01824	0.01011	1.08414	0.00617	0.01011
ACG	ATG	CT	1.87628	0.02556	0.05663	-1.87628	0.16687	0.05663
ACG	ACT	GT	-1.37241	0.00816	0.00380	1.37241	0.00207	0.00380
ACG	ACC	GC	-0.06340	0.01824	0.01767	0.06340	0.01712	0.01767
ACG	ACA	GA	-0.24892	0.02915	0.02567	0.24892	0.02273	0.02567
AAT	TAT	AT	1.01734	0.00109	0.00173	-1.01734	0.00301	0.00173
AAT	CAT	AC	-4.52332	0.00243	0.00012	4.52332	0.00003	0.00012
AAT	ATT	AT	2.29485	0.00109	0.00277	-2.29485	0.01078	0.00277
AAT	ACT	AC	-0.34894	0.00243	0.00203	0.34894	0.00171	0.00203
AAC	TAC	AT	-0.93982	0.03482	0.02098	0.93982	0.01360	0.02098
AAC	CAC	AC	-1.67865	0.07784	0.02998	1.67865	0.01453	0.02998
AAC	ATC	AT	-0.08014	0.03482	0.03344	0.08014	0.03214	0.03344
AAC	ACC	AC	-1.70253	0.07784	0.02953	1.70253	0.01418	0.02953
AAC	AAT	CT	-2.66260	0.10906	0.02178	2.66260	0.00761	0.02178
AAA	CAA	AC	-1.81134	0.02533	0.00896	1.81134	0.00414	0.00896
AAA	ATA	AT	-1.05248	0.01133	0.00639	1.05248	0.00395	0.00639
AAA	ACA	AC	-1.43824	0.02533	0.01134	1.43824	0.00601	0.01134
AAA	AAT	AT	-2.21279	0.01133	0.00308	2.21279	0.00124	0.00308
AAA	AAC	AC	0.44981	0.02533	0.03145	-0.44981	0.03971	0.03145
AAG	CAG	AC	-1.54204	0.17929	0.07525	1.54204	0.03836	0.07525
AAG	ATG	AT	-1.08205	0.08020	0.04449	1.08205	0.02718	0.04449
AAG	ACG	AC	-2.95833	0.17929	0.02904	2.95833	0.00931	0.02904
AAG	AAT	GT	-3.98180	0.08020	0.00607	3.98180	0.00150	0.00607
AAG	AAC	GC	-1.31920	0.17929	0.08631	1.31920	0.04793	0.08631
AAG	AAA	GA	-1.76901	0.28651	0.10418	1.76901	0.04885	0.10418
AGT	TGT	AT	0.01368	0.00021	0.00021	-0.01368	0.00021	0.00021
AGT	CGT	AC	1.33447	0.00047	0.00084	-1.33447	0.00177	0.00084
AGT	ATT	GT	4.13616	0.00021	0.00087	-4.13616	0.01302	0.00087
AGT	ACT	GC	1.49237	0.00047	0.00090	-1.49237	0.00207	0.00090
AGT	AAT	GA	1.84131	0.00074	0.00163	-1.84131	0.00469	0.00163
AGC	TGC	AT	-0.15622	0.01017	0.00940	0.15622	0.00870	0.00940
AGC	CGC	AC	-0.53521	0.02274	0.01719	0.53521	0.01331	0.01719
AGC	ATC	GT	1.33868	0.01017	0.01845	-1.33868	0.03879	0.01845
AGC	ACC	GC	-0.28371	0.02274	0.01966	0.28371	0.01712	0.01966
AGC	AAC	GA	1.41883	0.03633	0.06801	-1.41883	0.15014	0.06801
AGC	AGT	CT	-3.08509	0.03186	0.00471	3.08509	0.00146	0.00471
AGA	CGA	AC	1.16755	0.00103	0.00175	-1.16755	0.00332	0.00175
AGA	ATA	GT	2.33458	0.00046	0.00120	-2.33458	0.00477	0.00120
AGA	ACA	GC	1.94882	0.00103	0.00235	-1.94882	0.00726	0.00235
AGA	AAA	GA	3.38706	0.00165	0.00579	-3.38706	0.04885	0.00579
AGA	AGT	AT	-0.66704	0.00046	0.00033	0.66704	0.00024	0.00033
AGA	AGC	AC	2.41805	0.00103	0.00274	-2.41805	0.01160	0.00274
AGG	TGG	AT	0.38476	0.00650	0.00783	-0.38476	0.00954	0.00783
AGG	CGG	AC	-0.89970	0.01452	0.00896	0.89970	0.00591	0.00896
AGG	ATG	GT	1.61960	0.00650	0.01312	-1.61960	0.03281	0.01312
AGG	ACG	GC	-0.25668	0.01452	0.01274	0.25668	0.01123	0.01274
AGG	AAG	GA	2.70166	0.02320	0.06720	-2.70166	0.34584	0.06720
AGG	AGT	GT	-3.12146	0.00650	0.00094	3.12146	0.00029	0.00094
AGG	AGC	GC	-0.03637	0.01452	0.01426	0.03637	0.01400	0.01426
AGG	AGA	GA	-2.45442	0.02320	0.00535	2.45442	0.00199	0.00535
GTT	TTT	GT	9.72789	0.00000	0.00000	-9.72789	0.01219	0.00001
GTT	CTT	GC	6.82554	0.00000	0.00000	-6.82554	0.00150	0.00001
GTT	ATT	GA	9.66211	0.00000	0.00000	-9.66211	0.04077	0.00003
GTC	TTC	GT	1.58467	0.00617	0.01230	-1.58467	0.03010	0.01230
GTC	CTC	GC	0.60756	0.01380	0.01841	-0.60756	0.02533	0.01841
GTC	ATC	GA	1.70674	0.02205	0.04597	-1.70674	0.12151	0.04597
GTC	GTT	CT	-8.24297	0.01933	0.00004	8.24297	0.00000	0.00000
GTA	TTA	GT	-7.53496	0.00187	0.00001	7.53496	0.00000	0.00000
GTA	CTA	GC	0.12471	0.00419	0.00445	-0.12471	0.00474	0.00445
GTA	ATA	GA	0.80439	0.00669	0.00974	-0.80439	0.01495	0.00974
GTA	GTT	AT	-7.72317	0.00187	0.00001	7.72317	0.00000	0.00000
GTA	GTC	AC	0.51980	0.00419	0.00537	-0.51980	0.00704	0.00537
GTG	TTG	GT	-1.63406	0.01484	0.00588	1.63406	0.00290	0.00588
GTG	CTG	GC	0.90772	0.03318	0.05048	-0.90772	0.08223	0.05048
GTG	ATG	GA	0.66190	0.05301	0.07248	-0.66190	0.10277	0.07248
GTG	GTT	GT	-9.60510	0.01484	0.00001	9.60510	0.00000	0.00000
GTG	GTC	GC	-1.36213	0.03318	0.01556	1.36213	0.00850	0.01556
GTG	GTA	GA	-1.88193	0.05301	0.01792	1.88193	0.00807	0.01792
GCT	TCT	GT	-1.40403	0.00985	0.00450	1.40403	0.00242	0.00450
GCT	CCT	GC	-4.34200	0.02201	0.00126	4.34200	0.00029	0.00126
GCT	ACT	GA	-1.69185	0.03518	0.01344	1.69185	0.00648	0.01344
GCT	GTT	CT	-8.71016	0.03084	0.00004	8.71016	0.00000	0.00000
GCC	TCC	GT	-0.22900	0.02573	0.02289	0.22900	0.02046	0.02289
GCC	CCC	GC	-1.80924	0.05751	0.02038	1.80924	0.00942	0.02038
GCC	ACC	GA	-0.53875	0.09191	0.06936	0.53875	0.05363	0.06936
GCC	GTC	CT	-0.62310	0.08058	0.05807	0.62310	0.04322	0.05807
GCC	GCT	CT	-0.15591	0.08058	0.07447	0.15591	0.06895	0.07447
GCA	TCA	GT	-0.33340	0.00622	0.00524	0.33340	0.00446	0.00524
GCA	CCA	GC	-1.64868	0.01390	0.00546	1.64868	0.00267	0.00546
GCA	ACA	GA	0.02284	0.02221	0.02247	-0.02284	0.02273	0.02247
GCA	GTA	CT	-0.39580	0.01948	0.01588	0.39580	0.01311	0.01588
GCA	GCT	AT	0.59119	0.00622	0.00824	-0.59119	0.01123	0.00824
GCA	GCC	AC	0.74711	0.01390	0.01973	-0.74711	0.02934	0.01973
GCG	TCG	GT	1.13504	0.00116	0.00193	-1.13504	0.00360	0.00193
GCG	CCG	GC	1.05851	0.00258	0.00419	-1.05851	0.00745	0.00419
GCG	ACG	GA	2.14265	0.00413	0.01002	-2.14265	0.03519	0.01002
GCG	GTG	CT	3.35703	0.00362	0.01259	-3.35703	0.10391	0.01259
GCG	GCT	GT	2.46209	0.00116	0.00311	-2.46209	0.01356	0.00311
GCG	GCC	GC	2.61800	0.00258	0.00730	-2.61800	0.03542	0.00730
GCG	GCA	GA	1.87090	0.00413	0.00913	-1.87090	0.02681	0.00913
GAT	TAT	GT	-0.82466	0.00828	0.00533	0.82466	0.00363	0.00533
GAT	CAT	GC	-6.36532	0.01850	0.00020	6.36532	0.00003	0.00020
GAT	AAT	GA	-1.84200	0.02956	0.01026	1.84200	0.00469	0.01026
GAT	GTT	AT	-9.20925	0.00828	0.00001	9.20925	0.00000	0.00000
GAT	GCT	AC	-0.49909	0.01850	0.01427	0.49909	0.01123	0.01427
GAC	TAC	GT	-0.77246	0.03555	0.02357	0.77246	0.01642	0.02357
GAC	CAC	GC	-1.51129	0.07948	0.03400	1.51129	0.01753	0.03400
GAC	AAC	GA	0.16736	0.12700	0.13793	-0.16736	0.15014	0.13793
GAC	GTC	AT	-1.61952	0.03555	0.01421	1.61952	0.00704	0.01421
GAC	GCC	AC	-0.99642	0.07948	0.04635	0.99642	0.02934	0.04635
GAC	GAT	CT	-0.65324	0.11136	0.07892	0.65324	0.05794	0.07892
GAA	CAA	GC	-1.77418	0.02945	0.01067	1.77418	0.00500	0.01067
GAA	AAA	GA	0.03716	0.04707	0.04795	-0.03716	0.04885	0.04795
GAA	GTA	AT	-1.81972	0.01318	0.00464	1.81972	0.00214	0.00464
GAA	GCA	AC	-1.42392	0.02945	0.01330	1.42392	0.00709	0.01330
GAA	GAT	AT	-0.33364	0.01318	0.01110	0.33364	0.00944	0.01110
GAA	GAC	AC	0.31961	0.02945	0.03441	-0.31961	0.04055	0.03441
GAG	CAG	GC	-1.35394	0.17931	0.08451	1.35394	0.04630	0.08451
GAG	AAG	GA	0.18810	0.28654	0.31433	-0.18810	0.34584	0.31433
GAG	GTG	AT	-1.55586	0.08021	0.03338	1.55586	0.01693	0.03338
GAG	GCG	AC	-4.91288	0.17931	0.00652	4.91288	0.00132	0.00652
GAG	GAT	GT	-1.95170	0.08021	0.02592	1.95170	0.01139	0.02592
GAG	GAC	GC	-1.29846	0.17931	0.08741	1.29846	0.04894	0.08741
GAG	GAA	GA	-1.61807	0.28654	0.11467	1.61807	0.05682	0.11467
GGT	TGT	GT	1.30050	0.00007	0.00012	-1.30050	0.00025	0.00012
GGT	CGT	GC	2.62129	0.00016	0.00044	-2.62129	0.00213	0.00044
GGT	AGT	GA	1.28682	0.00025	0.00044	-1.28682	0.00090	0.00044
GGT	GTT	GT	-4.23912	0.00007	0.00000	4.23912	0.00000	0.00000
GGT	GCT	GC	4.47104	0.00016	0.00070	-4.47104	0.01356	0.00070
GGT	GAT	GA	4.97013	0.00025	0.00124	-4.97013	0.03568	0.00124
GGC	TGC	GT	-0.48653	0.01708	0.01326	0.48653	0.01050	0.01326
GGC	CGC	GC	-0.86553	0.03819	0.02402	0.86553	0.01607	0.02402
GGC	AGC	GA	-0.33032	0.06102	0.05150	0.33032	0.04386	0.05150
GGC	GTC	GT	-0.69838	0.01708	0.01181	0.69838	0.00850	0.01181
GGC	GCC	GC	-0.07527	0.03819	0.03677	0.07527	0.03542	0.03677
GGC	GAC	GA	0.92115	0.06102	0.09338	-0.92115	0.15330	0.09338
GGC	GGT	CT	-4.70222	0.05351	0.00230	4.70222	0.00049	0.00230
GGA	CGA	GC	-0.69193	0.00801	0.00556	0.69193	0.00401	0.00556
GGA	AGA	GA	-1.85949	0.01280	0.00439	1.85949	0.00199	0.00439
GGA	GTA	GT	-0.32930	0.00358	0.00303	0.32930	0.00258	0.00303
GGA	GCA	GC	0.06650	0.00801	0.00828	-0.06650	0.00856	0.00828
GGA	GAA	GA	1.49042	0.01280	0.02462	-1.49042	0.05682	0.02462
GGA	GGT	AT	-3.81335	0.00358	0.00031	3.81335	0.00008	0.00031
GGA	GGC	AC	0.88888	0.00801	0.01209	-0.88888	0.01948	0.01209
GGG	TGG	GT	0.03753	0.01110	0.01131	-0.03753	0.01152	0.01131
GGG	CGG	GC	-1.24693	0.02480	0.01247	1.24693	0.00713	0.01247
GGG	AGG	GA	-0.34722	0.03964	0.03315	0.34722	0.02801	0.03315
GGG	GTG	GT	0.61048	0.01110	0.01482	-0.61048	0.02043	0.01482
GGG	GCG	GC	-2.74655	0.02480	0.00467	2.74655	0.00159	0.00467
GGG	GAG	GA	2.16633	0.03964	0.09698	-2.16633	0.34588	0.09698
GGG	GGT	GT	-4.75550	0.01110	0.00046	4.75550	0.00010	0.00046
GGG	GGC	GC	-0.05328	0.02480	0.02415	0.05328	0.02352	0.02415
GGG	GGA	GA	-0.94215	0.03964	0.02385	0.94215	0.01545	0.02385


Histograms
2Ns	FMut	FSub(CodonUsage)	FSubw(after w)

-9.26466	0.00734	0.00001
-8.33819	0.00354	0.00001
-7.41173	0.00435	0.00003
-6.48526	0.00132	0.00002
-5.55880	0.00385	0.00012
-4.63233	0.02203	0.00129
-3.70586	0.02143	0.00311
-2.77940	0.13637	0.03601
-1.85293	0.24544	0.13031
-0.92647	0.20769	0.17711
0.00000	0.21340	0.30401
0.92647	0.08061	0.17711
1.85293	0.04329	0.13031
2.77940	0.00853	0.03601
3.70586	0.00059	0.00311
4.63233	0.00019	0.00129
5.55880	0.00002	0.00012
6.48526	0.00000	0.00002
7.41173	0.00000	0.00002
8.33819	0.00000	0.00000
9.26466	0.00000	0.00000

Proportion of advantageous (S > 0) mutations:
 0.22837

Proportions of good & bad mutations (|S| > 2.0000) among mutations:
0.01530  0.24990

mean |Ns| = 1.58448	mean Ns+ = 0.84901	mean Ns- = -1.80214


MLEs of dN/dS (w) for site classes (K=4)

site class             0        1       2a       2b
proportion       0.60822  0.05278  0.31193  0.02707
background w     0.03893  1.41868  0.03893  1.41868
foreground w     0.03893  1.41868  0.00000  0.00000

Naive Empirical Bayes (NEB) probabilities for 4 classes
(amino acids refer to 1st sequence: Bacu)

   1 E   0.65517 0.00294 0.33966 0.00223 ( 1)
   2 S   0.65621 0.00155 0.34096 0.00127 ( 1)
   3 G   0.65651 0.00087 0.34185 0.00077 ( 1)
   4 A   0.65527 0.00280 0.33979 0.00213 ( 1)
   5 G   0.65651 0.00087 0.34185 0.00077 ( 1)
   6 K   0.65135 0.00721 0.33658 0.00485 ( 1)
   7 T   0.65647 0.00100 0.34166 0.00087 ( 1)
   8 V   0.65523 0.00005 0.34466 0.00007 ( 1)
   9 N   0.65589 0.00200 0.34051 0.00159 ( 1)
  10 T   0.65646 0.00045 0.34266 0.00043 ( 1)
  11 K   0.65149 0.00709 0.33665 0.00477 ( 1)
  12 R   0.65581 0.00012 0.34393 0.00014 ( 1)
  13 V   0.65523 0.00005 0.34466 0.00007 ( 1)
  14 I   0.65432 0.00395 0.33886 0.00288 ( 1)
  15 Q   0.65324 0.00518 0.33794 0.00364 ( 1)
  16 Y   0.65642 0.00112 0.34150 0.00096 ( 1)
  17 F   0.64428 0.01468 0.33206 0.00898 ( 1)
  18 A   0.64013 0.01930 0.32940 0.01117 ( 1)
  19 V   0.65195 0.00224 0.34293 0.00288 ( 1)
  20 I   0.64447 0.01450 0.33215 0.00888 ( 1)
  21 A   0.65354 0.00468 0.33840 0.00338 ( 1)
  22 A   0.65206 0.00629 0.33728 0.00437 ( 1)
  23 I   0.64524 0.01289 0.33331 0.00857 ( 1)
  24 G   0.65670 0.00113 0.34125 0.00093 ( 1)
  25 D   0.65230 0.00621 0.33723 0.00426 ( 1)
  26 R   0.65630 0.00134 0.34124 0.00112 ( 1)
  27 S   0.65630 0.00029 0.34312 0.00029 ( 1)
  28 K   0.65135 0.00721 0.33658 0.00485 ( 1)
  29 K   0.65259 0.00602 0.33732 0.00407 ( 1)
  30 E   0.65189 0.00663 0.33697 0.00451 ( 1)
  31 Q   0.05349 0.53981 0.02767 0.37903 ( 2)
  32 T   0.01158 0.98086 0.00000 0.00756 ( 2)
  33 S   0.40243 0.23764 0.20767 0.15225 ( 1)
  34 G   0.65619 0.00155 0.34098 0.00128 ( 1)
  35 K   0.65135 0.00721 0.33658 0.00485 ( 1)
  36 N   0.65412 0.00226 0.34143 0.00219 ( 1)
  37 S   0.65421 0.00035 0.34495 0.00049 ( 1)
  38 F   0.00000 0.99861 0.00000 0.00139 ( 2)
  39 E   0.65229 0.00529 0.33835 0.00407 ( 1)
  40 Q   0.65325 0.00416 0.33925 0.00335 ( 1)
  41 L   0.65515 0.00289 0.33975 0.00221 ( 1)
  42 C   0.65452 0.00018 0.34506 0.00024 ( 1)
  43 I   0.65409 0.00308 0.34021 0.00262 ( 1)
  44 N   0.65515 0.00147 0.34197 0.00142 ( 1)
  45 F   0.65480 0.00207 0.34124 0.00189 ( 1)
  46 T   0.65485 0.00028 0.34450 0.00037 ( 1)
  47 N   0.65518 0.00143 0.34201 0.00138 ( 1)
  48 E   0.65212 0.00543 0.33826 0.00418 ( 1)
  49 K   0.65166 0.00596 0.33787 0.00451 ( 1)
  50 L   0.64049 0.01804 0.33025 0.01122 ( 1)
  51 Q   0.65333 0.00408 0.33929 0.00329 ( 1)
  52 Q   0.65325 0.00416 0.33925 0.00335 ( 1)
  53 F   0.65480 0.00207 0.34124 0.00189 ( 1)
  54 F   0.65480 0.00207 0.34124 0.00189 ( 1)
  55 N   0.65515 0.00147 0.34197 0.00142 ( 1)
  56 H   0.65466 0.00022 0.34482 0.00030 ( 1)
  57 H   0.65466 0.00022 0.34482 0.00030 ( 1)
  58 M   0.65529 0.00083 0.34300 0.00088 ( 1)
  59 F   0.65480 0.00207 0.34124 0.00189 ( 1)
  60 V   0.53482 0.09397 0.27925 0.09196 ( 1)
  61 L   0.64025 0.01826 0.33013 0.01135 ( 1)
  62 E   0.65291 0.00470 0.33875 0.00363 ( 1)
  63 Q   0.65328 0.00404 0.33939 0.00329 ( 1)
  64 E   0.65212 0.00543 0.33826 0.00418 ( 1)
  65 E   0.65415 0.00303 0.34027 0.00256 ( 1)
  66 Y   0.65527 0.00080 0.34307 0.00086 ( 1)
  67 K   0.65166 0.00596 0.33787 0.00451 ( 1)
  68 K   0.65166 0.00596 0.33787 0.00451 ( 1)
  69 E   0.65212 0.00543 0.33826 0.00418 ( 1)
  70 G   0.65528 0.00111 0.34249 0.00112 ( 1)
  71 I   0.65409 0.00308 0.34021 0.00262 ( 1)
  72 E   0.48870 0.14571 0.25349 0.11210 ( 1)
  73 W   0.65320 0.00421 0.33922 0.00338 ( 1)
  74 E   0.36532 0.25161 0.18949 0.19358 ( 1)
  75 F   0.65480 0.00207 0.34124 0.00189 ( 1)
  76 I   0.65409 0.00308 0.34021 0.00262 ( 1)
  77 D   0.65524 0.00120 0.34235 0.00120 ( 1)
  78 F   0.65483 0.00215 0.34110 0.00192 ( 1)
  79 G   0.65522 0.00110 0.34256 0.00112 ( 1)
  80 M   0.61586 0.02990 0.32237 0.03187 ( 1)
  81 D   0.65524 0.00120 0.34235 0.00120 ( 1)
  82 L   0.64025 0.01826 0.33013 0.01135 ( 1)
  83 Q   0.03724 0.96276 0.00000 0.00000 ( 2)
  84 A   0.54415 0.09396 0.28296 0.07894 ( 1)
  85 C   0.65451 0.00018 0.34505 0.00025 ( 1)
  86 I   0.65395 0.00336 0.33991 0.00278 ( 1)
  87 D   0.93244 0.06752 0.00002 0.00002 ( 1)
  88 L   0.65492 0.00179 0.34162 0.00168 ( 1)
  89 I   0.65389 0.00327 0.34008 0.00276 ( 1)
  90 E   0.65191 0.00562 0.33815 0.00432 ( 1)
  91 K   0.65144 0.00615 0.33775 0.00466 ( 1)
  92 P   0.65587 0.00011 0.34390 0.00013 ( 1)
  93 M   0.65657 0.00083 0.34186 0.00073 ( 1)
  94 G   0.65650 0.00111 0.34144 0.00095 ( 1)
  95 I   0.65509 0.00311 0.33949 0.00232 ( 1)
  96 M   0.21081 0.36113 0.10976 0.31830 ( 2)
  97 S   0.65642 0.00115 0.34146 0.00098 ( 1)
  98 I   0.65503 0.00306 0.33961 0.00230 ( 1)
  99 L   0.64571 0.01367 0.33251 0.00811 ( 1)
 100 E   0.65303 0.00540 0.33780 0.00377 ( 1)
 101 E   0.65302 0.00542 0.33778 0.00378 ( 1)
 102 E   0.65302 0.00542 0.33778 0.00378 ( 1)
 103 C   0.65608 0.00018 0.34355 0.00020 ( 1)
 104 M   0.65651 0.00082 0.34193 0.00073 ( 1)
 105 F   0.65585 0.00207 0.34045 0.00163 ( 1)
 106 P   0.65559 0.00008 0.34422 0.00010 ( 1)
 107 K   0.65254 0.00595 0.33742 0.00409 ( 1)
 108 A   0.65491 0.00326 0.33940 0.00243 ( 1)
 109 T   0.65576 0.00011 0.34402 0.00012 ( 1)
 110 D   0.65639 0.00120 0.34139 0.00102 ( 1)
 111 M   0.65651 0.00082 0.34193 0.00073 ( 1)
 112 T   0.65631 0.00028 0.34312 0.00029 ( 1)
 113 F   0.65585 0.00207 0.34045 0.00163 ( 1)
 114 K   0.47913 0.16182 0.24775 0.11129 ( 1)
 115 A   0.64241 0.01602 0.33142 0.01015 ( 1)
 116 K   0.65249 0.00583 0.33759 0.00409 ( 1)
 117 L   0.64149 0.01756 0.33042 0.01052 ( 1)
 118 F   0.00000 1.00000 0.00000 0.00000 ( 2)
 119 D   0.65623 0.00114 0.34164 0.00100 ( 1)
 120 N   0.14808 0.41777 0.07703 0.35712 ( 2)
 121 H   0.65588 0.00020 0.34369 0.00023 ( 1)
 122 L   0.64106 0.01798 0.33020 0.01077 ( 1)
 123 G   0.65585 0.00087 0.34244 0.00085 ( 1)
 124 K   0.65274 0.00518 0.33823 0.00384 ( 1)
 125 S   0.65584 0.00090 0.34238 0.00088 ( 1)
 126 S   0.00000 1.00000 0.00000 0.00000 ( 2)
 127 N   0.65540 0.00109 0.34242 0.00109 ( 1)
 128 F   0.65519 0.00159 0.34173 0.00149 ( 1)
 129 Q   0.65416 0.00323 0.33994 0.00267 ( 1)
 130 K   0.65280 0.00482 0.33865 0.00373 ( 1)
 131 P   0.64946 0.00277 0.34347 0.00430 ( 1)
 132 R   0.65662 0.00117 0.34125 0.00096 ( 1)
 133 N   0.65383 0.00051 0.34493 0.00073 ( 1)
 134 I   0.57184 0.07183 0.29706 0.05926 ( 1)
 135 K   0.65286 0.00477 0.33868 0.00369 ( 1)
 136 G   0.65528 0.00038 0.34390 0.00044 ( 1)
 137 K   0.00003 0.56394 0.00001 0.43602 ( 2)
 138 P   0.65390 0.00006 0.34594 0.00010 ( 1)
 139 E   0.65526 0.00162 0.34162 0.00150 ( 1)
 140 A   0.65471 0.00247 0.34069 0.00213 ( 1)
 141 H   0.65449 0.00013 0.34521 0.00018 ( 1)
 142 F   0.65531 0.00149 0.34179 0.00140 ( 1)
 143 S   0.65551 0.00078 0.34290 0.00082 ( 1)
 144 L   0.64212 0.01639 0.33119 0.01030 ( 1)
 145 I   0.00678 0.99319 0.00000 0.00003 ( 2)
 146 H   0.65449 0.00013 0.34521 0.00018 ( 1)
 147 Y   0.65560 0.00173 0.34116 0.00150 ( 1)
 148 A   0.65443 0.00278 0.34042 0.00237 ( 1)
 149 G   0.65551 0.00075 0.34295 0.00079 ( 1)
 150 T   0.65529 0.00026 0.34414 0.00031 ( 1)
 151 V   0.65553 0.00094 0.34259 0.00095 ( 1)
 152 D   0.65564 0.00085 0.34266 0.00085 ( 1)
 153 Y   0.65541 0.00051 0.34352 0.00057 ( 1)
 154 N   0.65550 0.00102 0.34247 0.00102 ( 1)
 155 I   0.65483 0.00231 0.34085 0.00201 ( 1)
 156 I   0.56895 0.08058 0.25039 0.10008 ( 1)
 157 G   0.65553 0.00074 0.34296 0.00078 ( 1)
 158 W   0.65414 0.00325 0.33993 0.00268 ( 1)
 159 L   0.65302 0.00472 0.33865 0.00361 ( 1)
 160 Q   0.53837 0.10011 0.27971 0.08181 ( 1)
 161 K   0.65483 0.00241 0.34069 0.00207 ( 1)
 162 N   0.65550 0.00102 0.34247 0.00102 ( 1)
 163 K   0.65492 0.00220 0.34094 0.00194 ( 1)
 164 D   0.65551 0.00082 0.34282 0.00085 ( 1)
 165 P   0.65367 0.00005 0.34618 0.00009 ( 1)
 166 L   0.65544 0.00120 0.34219 0.00117 ( 1)
 167 N   0.65564 0.00091 0.34254 0.00091 ( 1)
 168 E   0.65326 0.00431 0.33905 0.00339 ( 1)
 169 T   0.65544 0.00045 0.34360 0.00051 ( 1)
 170 V   0.65545 0.00066 0.34318 0.00071 ( 1)
 171 V   0.65553 0.00094 0.34259 0.00095 ( 1)
 172 E   0.05918 0.94052 0.00000 0.00030 ( 2)
 173 L   0.65418 0.00009 0.34561 0.00013 ( 1)
 174 Y   0.65541 0.00051 0.34352 0.00057 ( 1)
 175 K   0.50756 0.12855 0.26338 0.10051 ( 1)
 176 K   0.65415 0.00319 0.34001 0.00265 ( 1)
 177 S   0.65551 0.00078 0.34290 0.00082 ( 1)
 178 S   0.65509 0.00048 0.34386 0.00057 ( 1)
 179 L   0.54207 0.08869 0.28300 0.08624 ( 1)
 180 K   0.65229 0.00526 0.33839 0.00406 ( 1)
 181 M   0.00001 0.99999 0.00000 0.00000 ( 2)
 182 L   0.65453 0.00256 0.34068 0.00223 ( 1)
 183 S   0.62745 0.01922 0.32968 0.02364 ( 1)
 184 T   0.23529 0.30241 0.12331 0.33899 ( 4)
 185 L   0.63799 0.02071 0.32874 0.01257 ( 1)
 186 F   0.64309 0.01502 0.33207 0.00982 ( 1)
 187 A   0.65293 0.00455 0.33892 0.00360 ( 1)
 188 N   0.65476 0.00224 0.34100 0.00200 ( 1)
 189 Y   0.64797 0.01007 0.33503 0.00693 ( 1)
 190 A   0.63610 0.02272 0.32761 0.01357 ( 1)
 191 G   0.65534 0.00104 0.34256 0.00106 ( 1)
 192 F   0.64303 0.01533 0.33183 0.00981 ( 1)
 193 D   0.65498 0.00188 0.34140 0.00173 ( 1)
 194 S   0.54687 0.08948 0.28473 0.07892 ( 1)
 195 Y   0.65552 0.00063 0.34318 0.00067 ( 1)
 196 R   0.65590 0.00082 0.34248 0.00080 ( 1)
 197 I   0.65432 0.00260 0.34082 0.00226 ( 1)
 198 L   0.64129 0.01730 0.33066 0.01075 ( 1)
 199 N   0.65511 0.00114 0.34257 0.00118 ( 1)
 200 P   0.65349 0.00008 0.34631 0.00013 ( 1)
 201 A   0.65488 0.00169 0.34181 0.00162 ( 1)
 202 A   0.65423 0.00270 0.34069 0.00239 ( 1)
 203 I   0.65436 0.00253 0.34085 0.00226 ( 1)
 204 P   0.65289 0.00005 0.34697 0.00009 ( 1)
 205 E   0.65269 0.00463 0.33895 0.00372 ( 1)
 206 G   0.65514 0.00085 0.34309 0.00092 ( 1)
 207 Q   0.65367 0.00348 0.33991 0.00294 ( 1)
 208 F   0.65489 0.00165 0.34185 0.00160 ( 1)
 209 I   0.64639 0.01161 0.33411 0.00789 ( 1)
 210 D   0.65513 0.00093 0.34295 0.00099 ( 1)
 211 S   0.65391 0.00012 0.34579 0.00018 ( 1)
 212 R   0.65291 0.00004 0.34697 0.00008 ( 1)
 213 K   0.65445 0.00242 0.34095 0.00218 ( 1)
 214 G   0.65493 0.00043 0.34411 0.00053 ( 1)
 215 S   0.00000 0.57854 0.00000 0.42146 ( 2)
 216 E   0.65269 0.00463 0.33895 0.00372 ( 1)
 217 K   0.65228 0.00512 0.33857 0.00404 ( 1)
 218 L   0.64138 0.01696 0.33090 0.01076 ( 1)
 219 L   0.64211 0.01604 0.33146 0.01039 ( 1)
 220 G   0.61698 0.02869 0.32310 0.03124 ( 1)
 221 S   0.65513 0.00088 0.34303 0.00095 ( 1)
 222 L   0.64138 0.01696 0.33090 0.01076 ( 1)
 223 D   0.65513 0.00093 0.34295 0.00099 ( 1)
 224 I   0.64738 0.01071 0.33463 0.00728 ( 1)
 225 D   0.65513 0.00093 0.34295 0.00099 ( 1)
 226 H   0.65413 0.00015 0.34549 0.00022 ( 1)
 227 N   0.65511 0.00114 0.34257 0.00118 ( 1)
 228 Q   0.65367 0.00348 0.33991 0.00294 ( 1)
 229 Y   0.65505 0.00058 0.34369 0.00068 ( 1)
 230 K   0.65228 0.00512 0.33857 0.00404 ( 1)
 231 F   0.65488 0.00170 0.34178 0.00163 ( 1)
 232 G   0.65514 0.00085 0.34309 0.00092 ( 1)
 233 H   0.65413 0.00015 0.34549 0.00022 ( 1)
 234 T   0.65437 0.00020 0.34515 0.00028 ( 1)
 235 K   0.65228 0.00512 0.33857 0.00404 ( 1)
 236 D   0.61877 0.02766 0.32391 0.02967 ( 1)
 237 S   0.21456 0.32045 0.11240 0.35258 ( 4)
 238 L   0.64331 0.01517 0.33189 0.00963 ( 1)
 239 L   0.64314 0.01533 0.33180 0.00973 ( 1)
 240 V   0.65385 0.00008 0.34595 0.00012 ( 1)
 241 I   0.65481 0.00217 0.34108 0.00194 ( 1)
 242 Q   0.65421 0.00304 0.34019 0.00257 ( 1)
 243 W   0.65416 0.00308 0.34016 0.00260 ( 1)
 244 N   0.65551 0.00084 0.34278 0.00087 ( 1)
 245 I   0.64732 0.01076 0.33460 0.00732 ( 1)
 246 R   0.65354 0.00006 0.34631 0.00009 ( 1)
 247 A   0.65470 0.00232 0.34093 0.00206 ( 1)
 248 F   0.65523 0.00139 0.34203 0.00134 ( 1)
 249 M   0.65523 0.00050 0.34370 0.00057 ( 1)
 250 G   0.60515 0.03450 0.31795 0.04240 ( 1)
 251 V   0.65189 0.00001 0.34807 0.00002 ( 1)
 252 K   0.65294 0.00455 0.33891 0.00359 ( 1)
 253 N   0.65514 0.00081 0.34317 0.00088 ( 1)
 254 W   0.65416 0.00308 0.34016 0.00260 ( 1)
 255 P   0.65320 0.00004 0.34670 0.00006 ( 1)
 256 W   0.65416 0.00308 0.34016 0.00260 ( 1)
 257 M   0.65523 0.00050 0.34370 0.00057 ( 1)
 258 K   0.65294 0.00455 0.33891 0.00359 ( 1)
 259 L   0.65533 0.00112 0.34243 0.00112 ( 1)
 260 Y   0.65522 0.00046 0.34378 0.00054 ( 1)
 261 F   0.65521 0.00140 0.34202 0.00136 ( 1)
 262 K   0.65294 0.00455 0.33891 0.00359 ( 1)
 263 I   0.65481 0.00217 0.34108 0.00194 ( 1)
 264 K   0.65489 0.00207 0.34117 0.00187 ( 1)
 265 P   0.65353 0.00006 0.34632 0.00009 ( 1)
 266 L   0.64381 0.01466 0.33219 0.00935 ( 1)
 267 L   0.64265 0.01466 0.33248 0.01020 ( 1)
 268 K   0.65294 0.00455 0.33891 0.00359 ( 1)
 269 S   0.65304 0.00006 0.34679 0.00011 ( 1)
 270 A   0.65522 0.00142 0.34199 0.00137 ( 1)
 271 E   0.65332 0.00410 0.33928 0.00329 ( 1)
 272 T   0.22085 0.32897 0.11544 0.33474 ( 4)
 273 E   0.65332 0.00410 0.33928 0.00329 ( 1)
 274 K   0.65294 0.00455 0.33891 0.00359 ( 1)
 275 E   0.65498 0.00175 0.34164 0.00164 ( 1)
 276 I   0.00639 0.99307 0.00000 0.00054 ( 2)
 277 A   0.65470 0.00232 0.34093 0.00206 ( 1)
 278 L   0.00000 1.00000 0.00000 0.00000 ( 2)
 279 M   0.65523 0.00050 0.34370 0.00057 ( 1)
 280 K   0.65294 0.00455 0.33891 0.00359 ( 1)
 281 E   0.65332 0.00410 0.33928 0.00329 ( 1)
 282 E   0.65332 0.00410 0.33928 0.00329 ( 1)
 283 F   0.64717 0.01091 0.33452 0.00740 ( 1)
 284 G   0.65507 0.00034 0.34418 0.00042 ( 1)
 285 R   0.65530 0.00057 0.34348 0.00065 ( 1)
 286 L   0.65533 0.00112 0.34243 0.00112 ( 1)
 287 K   0.65489 0.00207 0.34117 0.00187 ( 1)
 288 E   0.65332 0.00410 0.33928 0.00329 ( 1)
 289 A   0.03732 0.96092 0.00000 0.00176 ( 2)
 290 L   0.64239 0.01602 0.33142 0.01017 ( 1)
 291 E   0.65332 0.00410 0.33928 0.00329 ( 1)
 292 K   0.65294 0.00455 0.33891 0.00359 ( 1)
 293 S   0.65477 0.00039 0.34434 0.00050 ( 1)
 294 E   0.65332 0.00410 0.33928 0.00329 ( 1)
 295 A   0.31395 0.32328 0.16188 0.20089 ( 2)
 296 R   0.65753 0.00026 0.34199 0.00022 ( 1)
 297 R   0.65530 0.00057 0.34348 0.00065 ( 1)
 298 K   0.65294 0.00455 0.33891 0.00359 ( 1)
 299 E   0.51747 0.11898 0.26868 0.09487 ( 1)
 300 L   0.64239 0.01602 0.33142 0.01017 ( 1)
 301 E   0.65332 0.00410 0.33928 0.00329 ( 1)
 302 E   0.65333 0.00409 0.33929 0.00329 ( 1)
 303 K   0.65294 0.00455 0.33891 0.00359 ( 1)
 304 M   0.65523 0.00050 0.34370 0.00057 ( 1)
 305 V   0.65540 0.00086 0.34284 0.00090 ( 1)
 306 S   0.65535 0.00072 0.34315 0.00078 ( 1)
 307 L   0.64239 0.01602 0.33142 0.01017 ( 1)
 308 L   0.64239 0.01602 0.33142 0.01017 ( 1)
 309 Q   0.65421 0.00304 0.34019 0.00257 ( 1)
 310 E   0.65332 0.00410 0.33928 0.00329 ( 1)
 311 K   0.65294 0.00455 0.33891 0.00359 ( 1)
 312 N   0.65611 0.00039 0.34310 0.00040 ( 1)
 313 D   0.65536 0.00076 0.34307 0.00081 ( 1)
 314 L   0.64244 0.01584 0.33155 0.01017 ( 1)
 315 Q   0.65421 0.00304 0.34019 0.00257 ( 1)
 316 L   0.65533 0.00112 0.34243 0.00112 ( 1)
 317 Q   0.65533 0.00057 0.34346 0.00064 ( 1)
 318 V   0.60919 0.03524 0.31867 0.03690 ( 1)
 319 Q   0.65407 0.00315 0.34012 0.00266 ( 1)
 320 -   0.65028 0.00619 0.33825 0.00528 ( 1)
 321 E   0.65385 0.00262 0.34106 0.00247 ( 1)
 322 Q   0.65460 0.00116 0.34295 0.00129 ( 1)
 323 D   0.65450 0.00145 0.34250 0.00154 ( 1)
 324 N   0.65444 0.00171 0.34211 0.00174 ( 1)
 325 L   0.63942 0.01882 0.32985 0.01190 ( 1)
 326 A   0.01406 0.60432 0.00725 0.37437 ( 2)
 327 D   0.65136 0.00574 0.33828 0.00463 ( 1)
 328 A   0.65273 0.00008 0.34705 0.00014 ( 1)
 329 E   0.65385 0.00262 0.34106 0.00247 ( 1)
 330 E   0.65258 0.00470 0.33895 0.00377 ( 1)
 331 R   0.65458 0.00115 0.34299 0.00128 ( 1)
 332 C   0.65398 0.00016 0.34561 0.00025 ( 1)
 333 D   0.65450 0.00145 0.34250 0.00154 ( 1)
 334 Q   0.65220 0.00475 0.33907 0.00398 ( 1)
 335 L   0.63897 0.01924 0.32962 0.01217 ( 1)
 336 I   0.65317 0.00355 0.34014 0.00315 ( 1)
 337 K   0.65056 0.00663 0.33761 0.00520 ( 1)
 338 N   0.65437 0.00176 0.34208 0.00179 ( 1)
 339 K   0.65056 0.00663 0.33761 0.00520 ( 1)
 340 I   0.65317 0.00355 0.34014 0.00315 ( 1)
 341 Q   0.65222 0.00474 0.33908 0.00397 ( 1)
 342 L   0.63928 0.01896 0.32978 0.01199 ( 1)
 343 E   0.65106 0.00607 0.33804 0.00484 ( 1)
 344 A   0.65301 0.00374 0.33996 0.00329 ( 1)
 345 K   0.65057 0.00662 0.33761 0.00519 ( 1)
 346 V   0.65519 0.00108 0.34262 0.00111 ( 1)
 347 K   0.65227 0.00518 0.33850 0.00406 ( 1)
 348 E   0.05736 0.50786 0.02978 0.40500 ( 2)
 349 M   0.61724 0.02766 0.32365 0.03145 ( 1)
 350 T   0.65444 0.00023 0.34503 0.00031 ( 1)
 351 E   0.65269 0.00469 0.33888 0.00374 ( 1)
 352 R   0.53258 0.06543 0.28286 0.11913 ( 1)
 353 L   0.34105 0.29591 0.17593 0.18711 ( 1)
 354 E   0.27650 0.32264 0.14356 0.25729 ( 2)
 355 D   0.56943 0.06466 0.29793 0.06798 ( 1)
 356 E   0.04762 0.51609 0.02472 0.41157 ( 2)
 357 E   0.51276 0.12295 0.26623 0.09805 ( 1)
 358 E   0.65269 0.00469 0.33888 0.00374 ( 1)
 359 M   0.62297 0.02358 0.32665 0.02681 ( 1)
 360 N   0.62019 0.02723 0.32437 0.02821 ( 1)
 361 A   0.65421 0.00277 0.34059 0.00243 ( 1)
 362 E   0.50156 0.13242 0.26042 0.10560 ( 1)
 363 L   0.65517 0.00129 0.34225 0.00128 ( 1)
 364 T   0.65527 0.00039 0.34388 0.00046 ( 1)
 365 A   0.08917 0.46034 0.04642 0.40407 ( 2)
 366 K   0.65146 0.00587 0.33807 0.00460 ( 1)
 367 K   0.65146 0.00587 0.33807 0.00460 ( 1)
 368 R   0.65487 0.00094 0.34314 0.00105 ( 1)
 369 K   0.65146 0.00587 0.33807 0.00460 ( 1)
 370 L   0.64016 0.01814 0.33023 0.01147 ( 1)
 371 E   0.65439 0.00219 0.34135 0.00207 ( 1)
 372 D   0.65461 0.00137 0.34256 0.00146 ( 1)
 373 E   0.65191 0.00534 0.33848 0.00426 ( 1)
 374 C   0.65397 0.00018 0.34558 0.00027 ( 1)
 375 S   0.65484 0.00062 0.34380 0.00074 ( 1)
 376 E   0.65191 0.00534 0.33848 0.00426 ( 1)
 377 L   0.65469 0.00167 0.34199 0.00165 ( 1)
 378 K   0.65146 0.00587 0.33807 0.00460 ( 1)
 379 R   0.65300 0.00007 0.34681 0.00012 ( 1)
 380 D   0.65491 0.00119 0.34266 0.00125 ( 1)
 381 I   0.64520 0.01273 0.33346 0.00862 ( 1)
 382 D   0.65220 0.00503 0.33871 0.00406 ( 1)
 383 D   0.61333 0.03190 0.32096 0.03381 ( 1)
 384 L   0.01769 0.59620 0.00913 0.37699 ( 2)
 385 E   0.65335 0.00413 0.33923 0.00329 ( 1)
 386 L   0.64238 0.01608 0.33138 0.01016 ( 1)
 387 T   0.65529 0.00038 0.34389 0.00044 ( 1)
 388 L   0.01760 0.59628 0.00908 0.37704 ( 2)
 389 A   0.65478 0.00231 0.34089 0.00203 ( 1)
 390 K   0.65297 0.00458 0.33886 0.00359 ( 1)
 391 V   0.65568 0.00071 0.34288 0.00073 ( 1)
 392 E   0.51636 0.11991 0.26810 0.09563 ( 1)
 393 K   0.05231 0.51615 0.02714 0.40440 ( 2)
 394 E   0.65346 0.00403 0.33929 0.00322 ( 1)
 395 K   0.50082 0.13417 0.25990 0.10512 ( 1)
 396 H   0.65438 0.00006 0.34546 0.00009 ( 1)
 397 A   0.60904 0.03873 0.31731 0.03491 ( 1)
 398 T   0.65474 0.00155 0.34215 0.00156 ( 1)
 399 E   0.65191 0.00534 0.33848 0.00426 ( 1)
 400 N   0.61360 0.03248 0.32077 0.03316 ( 1)
 401 K   0.05877 0.51065 0.03050 0.40009 ( 2)
 402 L   0.64184 0.01653 0.33114 0.01049 ( 1)
 403 E   0.65299 0.00439 0.33910 0.00352 ( 1)
 404 G   0.65526 0.00096 0.34278 0.00101 ( 1)
 405 S   0.65524 0.00081 0.34309 0.00087 ( 1)
 406 L   0.64203 0.01636 0.33123 0.01038 ( 1)
 407 E   0.65310 0.00429 0.33917 0.00344 ( 1)
 408 Q   0.65402 0.00319 0.34009 0.00270 ( 1)
 409 E   0.65322 0.00419 0.33922 0.00337 ( 1)
 410 K   0.65271 0.00475 0.33879 0.00375 ( 1)
 411 K   0.65275 0.00472 0.33881 0.00372 ( 1)
 412 V   0.65531 0.00093 0.34279 0.00097 ( 1)
 413 R   0.65405 0.00428 0.33860 0.00307 ( 1)
 414 M   0.65517 0.00054 0.34366 0.00062 ( 1)
 415 D   0.65528 0.00081 0.34303 0.00087 ( 1)
 416 L   0.64211 0.01628 0.33127 0.01033 ( 1)
 417 E   0.65485 0.00178 0.34168 0.00170 ( 1)
 418 R   0.65399 0.00323 0.34006 0.00273 ( 1)
 419 A   0.65454 0.00245 0.34084 0.00217 ( 1)
 420 K   0.65271 0.00475 0.33879 0.00375 ( 1)
 421 R   0.65352 0.00007 0.34630 0.00011 ( 1)
 422 K   0.65276 0.00471 0.33881 0.00372 ( 1)
 423 L   0.65490 0.00089 0.34320 0.00100 ( 1)
 424 E   0.65309 0.00428 0.33918 0.00344 ( 1)
 425 G   0.65592 0.00047 0.34312 0.00049 ( 1)
 426 D   0.65528 0.00082 0.34302 0.00088 ( 1)
 427 L   0.64368 0.01480 0.33211 0.00941 ( 1)
 428 K   0.65271 0.00475 0.33879 0.00375 ( 1)
 429 L   0.64203 0.01636 0.33123 0.01038 ( 1)
 430 T   0.65442 0.00017 0.34517 0.00023 ( 1)
 431 Q   0.65402 0.00319 0.34009 0.00270 ( 1)
 432 E   0.65310 0.00429 0.33917 0.00344 ( 1)
 433 S   0.65395 0.00010 0.34580 0.00015 ( 1)
 434 I   0.10179 0.44513 0.05302 0.40006 ( 2)
 435 M   0.65517 0.00054 0.34366 0.00062 ( 1)
 436 D   0.65420 0.00321 0.33994 0.00265 ( 1)
 437 L   0.64430 0.01412 0.33251 0.00907 ( 1)
 438 E   0.65310 0.00429 0.33917 0.00344 ( 1)
 439 N   0.65528 0.00101 0.34266 0.00104 ( 1)
 440 D   0.61474 0.03061 0.32181 0.03284 ( 1)
 441 K   0.65271 0.00475 0.33879 0.00375 ( 1)
 442 Q   0.06236 0.49433 0.03241 0.41090 ( 2)
 443 Q   0.65402 0.00319 0.34009 0.00270 ( 1)
 444 L   0.64206 0.01627 0.33130 0.01038 ( 1)
 445 D   0.65186 0.00542 0.33840 0.00432 ( 1)
 446 E   0.65151 0.00580 0.33814 0.00456 ( 1)
 447 R   0.65375 0.00014 0.34589 0.00022 ( 1)
 448 L   0.65183 0.00544 0.33840 0.00433 ( 1)
 449 K   0.65368 0.00321 0.34030 0.00282 ( 1)


lnL = -4393.798612

Bayes Empirical Bayes (BEB) probabilities for 4 classes (class)
(amino acids refer to 1st sequence: Bacu)

   1 E   0.95829 0.01599 0.02523 0.00050 ( 1)
   2 S   0.96616 0.01036 0.02318 0.00031 ( 1)
   3 G   0.97156 0.00699 0.02124 0.00020 ( 1)
   4 A   0.95904 0.01543 0.02505 0.00048 ( 1)
   5 G   0.97156 0.00699 0.02124 0.00020 ( 1)
   6 K   0.94124 0.02924 0.02854 0.00097 ( 1)
   7 T   0.97040 0.00771 0.02168 0.00022 ( 1)
   8 V   0.98469 0.00102 0.01427 0.00002 ( 1)
   9 N   0.96341 0.01231 0.02390 0.00037 ( 1)
  10 T   0.97612 0.00443 0.01933 0.00012 ( 1)
  11 K   0.94162 0.02887 0.02855 0.00096 ( 1)
  12 R   0.98213 0.00180 0.01603 0.00005 ( 1)
  13 V   0.98469 0.00102 0.01427 0.00002 ( 1)
  14 I   0.95361 0.01949 0.02628 0.00062 ( 1)
  15 Q   0.94845 0.02350 0.02729 0.00076 ( 1)
  16 Y   0.96944 0.00830 0.02202 0.00024 ( 1)
  17 F   0.92005 0.04695 0.03135 0.00165 ( 1)
  18 A   0.90854 0.05626 0.03315 0.00205 ( 1)
  19 V   0.96314 0.02234 0.01398 0.00054 ( 1)
  20 I   0.92040 0.04668 0.03129 0.00164 ( 1)
  21 A   0.95101 0.02185 0.02644 0.00070 ( 1)
  22 A   0.94490 0.02671 0.02752 0.00087 ( 1)
  23 I   0.92673 0.04328 0.02854 0.00145 ( 1)
  24 G   0.96836 0.00829 0.02310 0.00025 ( 1)
  25 D   0.94461 0.02655 0.02797 0.00087 ( 1)
  26 R   0.96780 0.00935 0.02257 0.00028 ( 1)
  27 S   0.97851 0.00327 0.01814 0.00009 ( 1)
  28 K   0.94124 0.02924 0.02854 0.00097 ( 1)
  29 K   0.94472 0.02585 0.02856 0.00086 ( 1)
  30 E   0.94325 0.02762 0.02822 0.00091 ( 1)
  31 Q   0.10863 0.85792 0.00332 0.03012 ( 2)
  32 T   0.01665 0.92023 0.01354 0.04958 ( 2)
  33 S   0.54992 0.41705 0.01829 0.01474 ( 1)
  34 G   0.96627 0.01036 0.02306 0.00031 ( 1)
  35 K   0.94124 0.02924 0.02854 0.00097 ( 1)
  36 N   0.96684 0.01353 0.01926 0.00037 ( 1)
  37 S   0.98310 0.00381 0.01300 0.00009 ( 1)
  38 F   0.00001 0.93965 0.00001 0.06033 ( 2)
  39 E   0.95097 0.02369 0.02460 0.00073 ( 1)
  40 Q   0.95565 0.02034 0.02339 0.00061 ( 1)
  41 L   0.95866 0.01580 0.02506 0.00049 ( 1)
  42 C   0.98446 0.00235 0.01314 0.00006 ( 1)
  43 I   0.96079 0.01656 0.02216 0.00049 ( 1)
