90
Bacu_CNTNAP2         0.0000000 0.0959939 0.0877328 0.0108144 0.0252276 0.0235411 0.0226801 0.0260207 0.0264433 0.2686485 0.0620126 0.2545882 0.0705496 0.2744487 0.0305995 0.0627518 0.0662142 0.0653517 0.0650131 0.0669903 0.0345547 0.0346141 0.0363116 0.0285020 0.0663220 0.0701236 0.0691082 0.0663652 0.0995425 0.1351764 0.0797138 0.0905457 0.0823667 0.0672275 0.0688146 0.0661261 0.0684069 0.0640022 0.0637134 0.0651383 0.0653888 0.0621692 0.0859422 0.0926610 0.0899637 0.0798575 0.0824460 0.0842098 0.0796502 0.0847871 0.0883066 0.0827509 0.0668597 0.0871703 0.0899170 0.0852376 0.0714983 0.0687198 0.2723295 0.0690818 0.0641079 0.0706172 0.0716369 0.0646598 0.0710194 0.0741680 0.0722953 0.0663545 0.0710907 0.0716937 0.0722860 0.0746122 0.0626939 0.0608303 0.0663985 0.0663985 0.0646826 0.0688065 0.0655431 0.0662076 0.0636342 0.0658279 0.0645094 0.0665225 0.0627644 0.2691670 0.0604102 0.0848407 0.0644920 0.0944480 
Barn_CNTNAP2         0.0959939 0.0000000 0.0029906 0.0941825 0.0885745 0.0866982 0.0884212 0.0883355 0.0825434 0.2739832 0.0680580 0.2478532 0.0725658 0.2838249 0.0849772 0.0623178 0.0623178 0.0639700 0.0656297 0.0586747 0.0851187 0.0852638 0.0852638 0.0977674 0.0712269 0.0696003 0.0765751 0.0713145 0.0470105 0.1710507 0.0840360 0.0968261 0.0921802 0.0640299 0.0707483 0.0674470 0.0742274 0.0641086 0.0658711 0.0691156 0.0694090 0.0674470 0.0357545 0.0423230 0.0421253 0.0419439 0.0404560 0.0386614 0.0395140 0.0458413 0.0388370 0.0395144 0.0553149 0.0419430 0.0418850 0.0387196 0.0672585 0.0647000 0.2890424 0.0727462 0.0727187 0.0707797 0.0790721 0.0729401 0.0747569 0.0669082 0.0668354 0.0712931 0.0827925 0.0570700 0.0686015 0.0663249 0.0623178 0.0625031 0.0729416 0.0711864 0.0625560 0.0356037 0.0641552 0.0657859 0.0624565 0.0646179 0.0639954 0.0623178 0.0623178 0.2624858 0.0623178 0.0259847 0.0623178 0.0387734 
Bbai76728_CNTNAP2    0.0877328 0.0029906 0.0000000 0.0887729 0.0847630 0.0847586 0.0840808 0.0825900 0.0798669 0.2740848 0.0674824 0.2498197 0.0695467 0.2864577 0.0833369 0.0639604 0.0636849 0.0638365 0.0644585 0.0607183 0.0816546 0.0808099 0.0827853 0.0846497 0.0679702 0.0680402 0.0709842 0.0680178 0.0435502 0.1507806 0.0672074 0.1025508 0.0873271 0.0659931 0.0696004 0.0667492 0.0695331 0.0627924 0.0641515 0.0656841 0.0669317 0.0634464 0.0389793 0.0391808 0.0362000 0.0368081 0.0386390 0.0352148 0.0345245 0.0417092 0.0371433 0.0378528 0.0616271 0.0390070 0.0408023 0.0362528 0.0685479 0.0653079 0.2859698 0.0709067 0.0675903 0.0715925 0.0705083 0.0730588 0.0730535 0.0744453 0.0683087 0.0680061 0.0838670 0.0637404 0.0683573 0.0722070 0.0629162 0.0598930 0.0690502 0.0680566 0.0641824 0.0604830 0.0630659 0.0668490 0.0630808 0.0623466 0.0619530 0.0660595 0.0629923 0.2911794 0.0604715 0.0352935 0.0630226 0.0406310 
BbonAUS_CNTNAP2      0.0108144 0.0941825 0.0887729 0.0000000 0.0265831 0.0248575 0.0205233 0.0256832 0.0259304 0.2786027 0.0615077 0.2554348 0.0702238 0.2810079 0.0308694 0.0613893 0.0649757 0.0640404 0.0655664 0.0656370 0.0335114 0.0327009 0.0344257 0.0265064 0.0669448 0.0698295 0.0697966 0.0669893 0.1017014 0.1432538 0.0773792 0.0935465 0.0830753 0.0676828 0.0684454 0.0657124 0.0680208 0.0627451 0.0623045 0.0647062 0.0668230 0.0607214 0.0820026 0.0937260 0.0918955 0.0777646 0.0822431 0.0840987 0.0778218 0.0879087 0.0892686 0.0809695 0.0655734 0.0871183 0.0899205 0.0851469 0.0702255 0.0672915 0.2779531 0.0687668 0.0598598 0.0703347 0.0693869 0.0660208 0.0717535 0.0677989 0.0710387 0.0669783 0.0725334 0.0704208 0.0710290 0.0708583 0.0613322 0.0574336 0.0670248 0.0660863 0.0651271 0.0668461 0.0641660 0.0649132 0.0640560 0.0644987 0.0631812 0.0651613 0.0613398 0.2760950 0.0569699 0.0847275 0.0630993 0.0976972 
Bbor_CNTNAP2         0.0252276 0.0885745 0.0847630 0.0265831 0.0000000 0.0076424 0.0089328 0.0193542 0.0169555 0.2808727 0.0590713 0.2587495 0.0692342 0.2837486 0.0283867 0.0626335 0.0677728 0.0651274 0.0638088 0.0631876 0.0298382 0.0306949 0.0323108 0.0273031 0.0669912 0.0688228 0.0679243 0.0670331 0.0939596 0.1421899 0.0784434 0.0847088 0.0748191 0.0645295 0.0693205 0.0650201 0.0652416 0.0648599 0.0635560 0.0632046 0.0624205 0.0611995 0.0861975 0.0888130 0.0890382 0.0760497 0.0826905 0.0802895 0.0772424 0.0844702 0.0850112 0.0830292 0.0639672 0.0844647 0.0856963 0.0803835 0.0701140 0.0673118 0.2805871 0.0695868 0.0638255 0.0684378 0.0674729 0.0772201 0.0715059 0.0695912 0.0681307 0.0660860 0.0673679 0.0675421 0.0699327 0.0706410 0.0625788 0.0606068 0.0661300 0.0652288 0.0644851 0.0631244 0.0653100 0.0659481 0.0634803 0.0655792 0.0643193 0.0662485 0.0616117 0.2708949 0.0601958 0.0785172 0.0643026 0.0924829 
Bede66737_CNTNAP2    0.0235411 0.0866982 0.0847586 0.0248575 0.0076424 0.0000000 0.0024188 0.0161942 0.0169535 0.2796114 0.0572354 0.2609710 0.0674379 0.2824838 0.0266972 0.0608560 0.0659083 0.0633420 0.0619710 0.0614149 0.0281991 0.0290500 0.0306598 0.0256612 0.0651948 0.0669735 0.0661223 0.0652355 0.0939823 0.1410313 0.0773528 0.0845991 0.0738086 0.0627711 0.0675211 0.0632378 0.0633338 0.0629124 0.0617721 0.0614319 0.0606022 0.0594199 0.0847125 0.0888356 0.0890602 0.0747964 0.0827118 0.0785565 0.0759662 0.0834160 0.0850322 0.0840484 0.0621944 0.0844857 0.0857171 0.0812827 0.0683146 0.0653897 0.2816742 0.0677803 0.0619382 0.0666431 0.0655451 0.0771202 0.0696877 0.0642195 0.0681472 0.0642485 0.0659184 0.0675586 0.0681378 0.0684757 0.0608020 0.0587196 0.0642911 0.0633940 0.0626958 0.0619062 0.0635195 0.0641606 0.0616986 0.0637576 0.0625359 0.0644525 0.0597944 0.2728905 0.0583225 0.0785367 0.0625198 0.0925065 
BedeAUS_CNTNAP2      0.0226801 0.0884212 0.0840808 0.0205233 0.0089328 0.0024188 0.0000000 0.0155308 0.0180649 0.2650658 0.0576021 0.2467094 0.0654082 0.2646430 0.0266632 0.0573614 0.0616980 0.0591614 0.0609567 0.0617382 0.0282572 0.0291601 0.0308687 0.0255644 0.0629788 0.0658244 0.0639566 0.0630206 0.0972214 0.1421186 0.0774128 0.0844365 0.0738575 0.0609583 0.0654459 0.0618401 0.0639433 0.0601814 0.0592845 0.0608493 0.0619906 0.0590639 0.0876525 0.0873774 0.0885853 0.0772838 0.0836674 0.0780598 0.0759662 0.0853083 0.0859113 0.0850869 0.0625641 0.0838575 0.0856546 0.0819084 0.0681226 0.0649937 0.2664902 0.0637887 0.0628570 0.0645183 0.0664818 0.0584173 0.0677230 0.0661249 0.0688831 0.0630102 0.0668157 0.0682610 0.0688735 0.0695686 0.0582646 0.0596398 0.0630532 0.0621263 0.0593540 0.0619391 0.0611260 0.0609102 0.0583113 0.0613354 0.0600929 0.0621077 0.0583318 0.2544234 0.0592361 0.0777220 0.0600764 0.0921346 
Bmus_CNTNAP2         0.0260207 0.0883355 0.0825900 0.0256832 0.0193542 0.0161942 0.0155308 0.0000000 0.0210725 0.2758033 0.0598820 0.2595594 0.0700107 0.2786532 0.0292128 0.0616921 0.0667819 0.0641804 0.0637480 0.0622852 0.0289842 0.0282228 0.0282160 0.0232495 0.0660755 0.0678801 0.0670056 0.0661168 0.0929567 0.1400133 0.0751067 0.0863677 0.0765236 0.0635802 0.0683634 0.0657974 0.0660734 0.0618947 0.0626112 0.0639806 0.0650036 0.0619827 0.0803261 0.0877672 0.0861824 0.0735560 0.0807316 0.0757935 0.0759259 0.0813661 0.0821908 0.0818950 0.0630642 0.0816353 0.0829328 0.0785240 0.0691963 0.0654194 0.2754695 0.0686653 0.0637841 0.0675227 0.0701638 0.0789016 0.0705781 0.0710578 0.0673004 0.0651491 0.0683115 0.0684404 0.0690168 0.0695551 0.0616384 0.0605288 0.0651924 0.0642936 0.0626715 0.0656225 0.0643600 0.0649994 0.0625368 0.0646127 0.0633737 0.0652949 0.0606503 0.2692890 0.0601189 0.0793985 0.0633572 0.0914857 
Bphy_baits_CNTNAP2   0.0264433 0.0825434 0.0798669 0.0259304 0.0169555 0.0169535 0.0180649 0.0210725 0.0000000 0.2738615 0.0587870 0.2589266 0.0689803 0.2801136 0.0294866 0.0611443 0.0646648 0.0637468 0.0642495 0.0626260 0.0312254 0.0304286 0.0321169 0.0285709 0.0666336 0.0685420 0.0694336 0.0666772 0.0890884 0.1456977 0.0734596 0.0878912 0.0774968 0.0612868 0.0690702 0.0645744 0.0628728 0.0625416 0.0618837 0.0626778 0.0635069 0.0605778 0.0777230 0.0888205 0.0876731 0.0751581 0.0820131 0.0767403 0.0776493 0.0840242 0.0834757 0.0806569 0.0625666 0.0810192 0.0823924 0.0796030 0.0698620 0.0662689 0.2758360 0.0693091 0.0642428 0.0699255 0.0643090 0.0782704 0.0713545 0.0690490 0.0668998 0.0656770 0.0708703 0.0671742 0.0687777 0.0718353 0.0611218 0.0599395 0.0656854 0.0647420 0.0630087 0.0642720 0.0638696 0.0646037 0.0619993 0.0645479 0.0629378 0.0648819 0.0600111 0.2739292 0.0594147 0.0786300 0.0628576 0.0892471 
Btau_CNTNAP2         0.2686485 0.2739832 0.2740848 0.2786027 0.2808727 0.2796114 0.2650658 0.2758033 0.2738615 0.0000000 0.2740171 0.1052739 0.2797580 0.0853061 0.2740305 0.2763717 0.2770066 0.2757808 0.2626690 0.2712667 0.2696236 0.2725445 0.2724686 0.2846110 0.2738292 0.2664641 0.2779667 0.2739571 0.2906173 0.2471690 0.2813657 0.2949946 0.2851141 0.2701616 0.2775860 0.2755443 0.2725946 0.2756140 0.2703804 0.2750720 0.2703888 0.2704173 0.2567639 0.2680818 0.2682554 0.2568853 0.2616396 0.2659283 0.2411075 0.2645119 0.2741456 0.2675482 0.2674382 0.2704327 0.2719157 0.2713737 0.2734784 0.2663677 0.0799816 0.2796237 0.2605786 0.2825989 0.2695497 0.2883215 0.2781915 0.2821571 0.2708274 0.2671333 0.2769510 0.2675767 0.2715116 0.2618181 0.2735662 0.2566706 0.2698638 0.2686024 0.2746602 0.2642521 0.2765765 0.2767499 0.2726380 0.2681573 0.2737464 0.2723923 0.2634498 0.3530565 0.2533442 0.2744699 0.2735106 0.2793145 
Ccom40_CNTNAP2       0.0620126 0.0680580 0.0674824 0.0615077 0.0590713 0.0572354 0.0576021 0.0598820 0.0587870 0.2740171 0.0000000 0.2520560 0.0128011 0.2850217 0.0568018 0.0169665 0.0167733 0.0161247 0.0179195 0.0361641 0.0555063 0.0547138 0.0564729 0.0615925 0.0194406 0.0227822 0.0219428 0.0194536 0.0820159 0.1506213 0.0444227 0.0874755 0.0791621 0.0227397 0.0226939 0.0087779 0.0082484 0.0158554 0.0161153 0.0079635 0.0087724 0.0064205 0.0643294 0.0725819 0.0727607 0.0570420 0.0595283 0.0654200 0.0504343 0.0644114 0.0669823 0.0654899 0.0369692 0.0673344 0.0699799 0.0654865 0.0421415 0.0406370 0.2798065 0.0227448 0.0201290 0.0210271 0.0509245 0.0573394 0.0236354 0.0322863 0.0446542 0.0194500 0.0621649 0.0422195 0.0428995 0.0434758 0.0153147 0.0117294 0.0211172 0.0219436 0.0186495 0.0230855 0.0178144 0.0185752 0.0161427 0.0163293 0.0153174 0.0186581 0.0153311 0.2849290 0.0133295 0.0643353 0.0169526 0.0704343 
Cela_CNTNAP2         0.2545882 0.2478532 0.2498197 0.2554348 0.2587495 0.2609710 0.2467094 0.2595594 0.2589266 0.1052739 0.2520560 0.0000000 0.2608293 0.1111072 0.2568753 0.2597173 0.2654011 0.2615120 0.2482810 0.2538079 0.2502981 0.2508269 0.2507569 0.2610545 0.2572397 0.2482789 0.2612807 0.2573650 0.2804384 0.2380130 0.2664072 0.2833329 0.2648553 0.2580543 0.2609347 0.2589519 0.2510231 0.2631473 0.2550120 0.2585160 0.2521717 0.2525340 0.2402965 0.2589986 0.2602949 0.2585887 0.2511001 0.2573127 0.2384323 0.2694388 0.2643680 0.2528501 0.2544559 0.2602382 0.2631234 0.2626854 0.2594813 0.2546951 0.1149675 0.2607125 0.2396545 0.2635625 0.2525967 0.2675921 0.2614942 0.2598448 0.2568067 0.2489760 0.2634410 0.2548191 0.2564441 0.2478560 0.2569840 0.2404078 0.2516299 0.2503935 0.2615212 0.2416969 0.2634584 0.2601399 0.2595584 0.2589400 0.2570520 0.2570192 0.2465430 0.3520102 0.2384741 0.2578019 0.2581174 0.2626453 
Chea7320_CNTNAP2     0.0705496 0.0725658 0.0695467 0.0702238 0.0692342 0.0674379 0.0654082 0.0700107 0.0689803 0.2797580 0.0128011 0.2608293 0.0000000 0.2899374 0.0656077 0.0170037 0.0168199 0.0161977 0.0175668 0.0361668 0.0657575 0.0641488 0.0658564 0.0716697 0.0193695 0.0223285 0.0217613 0.0193819 0.0837095 0.1440412 0.0432842 0.0860738 0.0772199 0.0225901 0.0232767 0.0076283 0.0098211 0.0176966 0.0162347 0.0068504 0.0078376 0.0069119 0.0624690 0.0743187 0.0713759 0.0616210 0.0574779 0.0668780 0.0549889 0.0693829 0.0711377 0.0675454 0.0369369 0.0660586 0.0695187 0.0652142 0.0410589 0.0398426 0.2843818 0.0233267 0.0188839 0.0193110 0.0489392 0.0740993 0.0233789 0.0384348 0.0442852 0.0190647 0.0681943 0.0419561 0.0426080 0.0448245 0.0154227 0.0106626 0.0206982 0.0215072 0.0186129 0.0216447 0.0178141 0.0185418 0.0162150 0.0165127 0.0154254 0.0186210 0.0150281 0.2883170 0.0122441 0.0630079 0.0169897 0.0712785 
Chir_CNTNAP2         0.2744487 0.2838249 0.2864577 0.2810079 0.2837486 0.2824838 0.2646430 0.2786532 0.2801136 0.0853061 0.2850217 0.1111072 0.2899374 0.0000000 0.2813984 0.2877646 0.2859872 0.2848701 0.2722569 0.2787907 0.2758483 0.2764383 0.2763613 0.2877858 0.2863670 0.2791669 0.2881654 0.2864957 0.3036107 0.2441839 0.2912795 0.3109123 0.2978920 0.2827428 0.2900931 0.2856995 0.2805150 0.2942314 0.2829079 0.2822960 0.2806868 0.2780826 0.2726696 0.2860579 0.2859721 0.2768334 0.2726663 0.2821747 0.2688196 0.2934713 0.2904570 0.2749309 0.2795448 0.2870225 0.2905454 0.2900318 0.2847308 0.2755089 0.0358636 0.2910305 0.2676900 0.2904202 0.2752285 0.3003048 0.2908104 0.3183303 0.2790794 0.2798166 0.3016892 0.2799728 0.2792323 0.2596261 0.2849084 0.2638238 0.2825997 0.2813227 0.2872708 0.2600335 0.2868180 0.2857510 0.2851927 0.2797210 0.2851034 0.2825693 0.2737277 0.3576415 0.2616746 0.2892673 0.2860600 0.2925586 
Cmar59905_CNTNAP2    0.0305995 0.0849772 0.0833369 0.0308694 0.0283867 0.0266972 0.0266632 0.0292128 0.0294866 0.2740305 0.0568018 0.2568753 0.0656077 0.2813984 0.0000000 0.0596771 0.0631573 0.0622508 0.0626604 0.0629426 0.0259295 0.0243119 0.0259675 0.0333436 0.0650456 0.0668873 0.0678086 0.0650881 0.0976462 0.1385606 0.0728047 0.0823323 0.0729065 0.0651569 0.0674578 0.0621567 0.0631251 0.0619165 0.0588069 0.0611688 0.0621435 0.0590808 0.0861574 0.0896048 0.0888296 0.0815427 0.0812684 0.0807213 0.0805547 0.0830191 0.0846556 0.0850327 0.0628834 0.0840879 0.0835437 0.0807824 0.0701028 0.0681618 0.2732171 0.0677258 0.0626091 0.0647855 0.0674618 0.0802734 0.0697026 0.0713081 0.0699245 0.0640610 0.0684695 0.0693198 0.0699150 0.0750353 0.0596232 0.0583334 0.0641054 0.0631752 0.0615181 0.0629172 0.0623696 0.0630977 0.0604901 0.0626596 0.0614160 0.0633327 0.0584890 0.2759520 0.0578627 0.0798378 0.0613385 0.0884018 
Dcap108471_CNTNAP2   0.0627518 0.0623178 0.0639604 0.0613893 0.0626335 0.0608560 0.0573614 0.0616921 0.0611443 0.2763717 0.0169665 0.2597173 0.0170037 0.2877646 0.0596771 0.0000000 0.0063462 0.0053452 0.0071159 0.0298340 0.0574756 0.0567146 0.0584101 0.0633407 0.0115854 0.0151129 0.0139461 0.0115929 0.0787969 0.1399481 0.0362046 0.0811263 0.0711837 0.0178786 0.0170426 0.0131102 0.0132137 0.0033259 0.0053666 0.0115345 0.0134739 0.0084935 0.0584720 0.0700936 0.0672650 0.0558997 0.0557973 0.0602997 0.0525878 0.0628837 0.0661595 0.0617582 0.0306060 0.0619564 0.0646508 0.0603589 0.0346939 0.0338911 0.2821720 0.0123390 0.0097846 0.0131021 0.0436501 0.0672524 0.0155380 0.0269399 0.0379055 0.0118850 0.0572431 0.0355731 0.0362447 0.0370169 0.0045798 0.0048931 0.0118918 0.0126923 0.0076917 0.0135752 0.0069015 0.0061204 0.0069029 0.0070161 0.0061179 0.0076816 0.0070691 0.2848590 0.0048716 0.0571886 0.0061278 0.0669977 
Dcap79929_CNTNAP2    0.0662142 0.0623178 0.0636849 0.0649757 0.0677728 0.0659083 0.0616980 0.0667819 0.0646648 0.2770066 0.0167733 0.2654011 0.0168199 0.2859872 0.0631573 0.0063462 0.0000000 0.0023685 0.0082178 0.0309548 0.0614658 0.0606784 0.0624467 0.0676036 0.0112040 0.0148522 0.0136500 0.0112116 0.0818544 0.1455287 0.0382332 0.0852764 0.0749597 0.0152603 0.0168591 0.0127858 0.0119986 0.0049925 0.0071610 0.0111543 0.0131538 0.0080096 0.0584763 0.0729378 0.0699151 0.0576729 0.0571895 0.0626001 0.0543257 0.0645555 0.0687553 0.0617485 0.0309266 0.0643877 0.0671287 0.0626644 0.0368521 0.0361837 0.2825558 0.0119890 0.0101810 0.0127772 0.0449249 0.0727684 0.0152991 0.0301991 0.0401917 0.0115054 0.0644336 0.0377715 0.0384615 0.0387751 0.0079411 0.0042398 0.0115122 0.0123423 0.0079700 0.0131484 0.0023728 0.0063476 0.0055536 0.0072797 0.0063437 0.0063592 0.0073285 0.2876811 0.0025252 0.0576152 0.0063479 0.0697319 
DdelSJR_CNTNAP2      0.0653517 0.0639700 0.0638365 0.0640404 0.0651274 0.0633420 0.0591614 0.0641804 0.0637468 0.2757808 0.0161247 0.2615120 0.0161977 0.2848701 0.0622508 0.0053452 0.0023685 0.0000000 0.0094999 0.0306003 0.0599530 0.0591941 0.0608935 0.0658311 0.0107907 0.0142868 0.0131439 0.0107977 0.0795619 0.1431530 0.0371802 0.0836957 0.0738145 0.0154937 0.0162341 0.0123140 0.0115249 0.0041559 0.0076774 0.0107439 0.0126548 0.0077141 0.0584576 0.0709010 0.0680525 0.0558601 0.0557884 0.0610696 0.0525762 0.0627623 0.0669449 0.0607426 0.0313714 0.0609950 0.0654206 0.0611295 0.0354597 0.0347150 0.2815627 0.0115465 0.0097831 0.0123060 0.0436436 0.0698323 0.0147304 0.0285512 0.0386710 0.0110691 0.0608203 0.0363402 0.0370094 0.0370109 0.0068795 0.0032563 0.0110755 0.0118737 0.0084588 0.0158709 0.0061231 0.0068838 0.0061247 0.0062246 0.0053432 0.0099985 0.0094342 0.2848641 0.0032420 0.0562270 0.0068914 0.0678126 
Ddeltrop4525_CNTNAP2 0.0650131 0.0656297 0.0644585 0.0655664 0.0638088 0.0619710 0.0609567 0.0637480 0.0642495 0.2626690 0.0179195 0.2482810 0.0175668 0.2722569 0.0626604 0.0071159 0.0082178 0.0094999 0.0000000 0.0316589 0.0593854 0.0586008 0.0603551 0.0654520 0.0127724 0.0160353 0.0152160 0.0127809 0.0795215 0.1409303 0.0397063 0.0810519 0.0717468 0.0192011 0.0175998 0.0135366 0.0141558 0.0069050 0.0063402 0.0127141 0.0135660 0.0103908 0.0598136 0.0706274 0.0686495 0.0593238 0.0575964 0.0605149 0.0525651 0.0631401 0.0674959 0.0657040 0.0324558 0.0632951 0.0659085 0.0614744 0.0383863 0.0369464 0.2660426 0.0143589 0.0130836 0.0159557 0.0472069 0.0515372 0.0168650 0.0334560 0.0408657 0.0127786 0.0590122 0.0384553 0.0391403 0.0402105 0.0071122 0.0081797 0.0144072 0.0152167 0.0103524 0.0124391 0.0079280 0.0087119 0.0079274 0.0096899 0.0087080 0.0055419 0.0063229 0.2789770 0.0065034 0.0567630 0.0071249 0.0675095 
Dleu_CNTNAP2         0.0669903 0.0586747 0.0607183 0.0656370 0.0631876 0.0614149 0.0617382 0.0622852 0.0626260 0.2712667 0.0361641 0.2538079 0.0361668 0.2787907 0.0629426 0.0298340 0.0309548 0.0306003 0.0316589 0.0000000 0.0572130 0.0564556 0.0581425 0.0656420 0.0338414 0.0364340 0.0363162 0.0338629 0.0730554 0.1405605 0.0414026 0.0789338 0.0690082 0.0323489 0.0361997 0.0321657 0.0327695 0.0299674 0.0306731 0.0305078 0.0322413 0.0291650 0.0528370 0.0688410 0.0642657 0.0556974 0.0592524 0.0582786 0.0488032 0.0634556 0.0605274 0.0605852 0.0083756 0.0607657 0.0625917 0.0566458 0.0216796 0.0182361 0.2732519 0.0362843 0.0316306 0.0337147 0.0426111 0.0696281 0.0379991 0.0237090 0.0232227 0.0338970 0.0595003 0.0209194 0.0216264 0.0194876 0.0298108 0.0284515 0.0339176 0.0330780 0.0315123 0.0358841 0.0298725 0.0330081 0.0306361 0.0303882 0.0298330 0.0323378 0.0297807 0.2762173 0.0282653 0.0560385 0.0298094 0.0656849 
EausAUS_CNTNAP2      0.0345547 0.0851187 0.0816546 0.0335114 0.0298382 0.0281991 0.0282572 0.0289842 0.0312254 0.2696236 0.0555063 0.2502981 0.0657575 0.2758483 0.0259295 0.0574756 0.0614658 0.0599530 0.0593854 0.0572130 0.0000000 0.0038117 0.0053443 0.0337927 0.0617870 0.0634681 0.0644342 0.0618257 0.0930992 0.1310811 0.0650622 0.0846465 0.0747725 0.0619438 0.0641137 0.0615658 0.0624748 0.0591421 0.0583850 0.0597670 0.0606647 0.0577457 0.0834407 0.0879379 0.0863457 0.0786522 0.0799575 0.0777024 0.0720896 0.0824915 0.0823463 0.0820690 0.0579917 0.0799616 0.0830863 0.0786699 0.0640538 0.0599311 0.2703368 0.0643585 0.0592623 0.0649641 0.0665563 0.0771416 0.0662476 0.0659490 0.0638978 0.0607626 0.0658606 0.0632954 0.0638887 0.0664977 0.0574256 0.0560414 0.0608024 0.0599109 0.0592999 0.0618076 0.0601208 0.0607693 0.0583153 0.0603013 0.0591485 0.0610450 0.0563379 0.2615916 0.0556631 0.0758815 0.0591332 0.0887157 
Egla13086_CNTNAP2    0.0346141 0.0852638 0.0808099 0.0327009 0.0306949 0.0290500 0.0291601 0.0282228 0.0304286 0.2725445 0.0547138 0.2508269 0.0641488 0.2764383 0.0243119 0.0567146 0.0606784 0.0591941 0.0586008 0.0564556 0.0038117 0.0000000 0.0015183 0.0330321 0.0610270 0.0626891 0.0636744 0.0610654 0.0923481 0.1334083 0.0651441 0.0829934 0.0730728 0.0611820 0.0633568 0.0598376 0.0616644 0.0583140 0.0576238 0.0590097 0.0598865 0.0569814 0.0808704 0.0862061 0.0846612 0.0775482 0.0782231 0.0769458 0.0695925 0.0806627 0.0806721 0.0812008 0.0572351 0.0782822 0.0814477 0.0770347 0.0632975 0.0591177 0.2697765 0.0635997 0.0584569 0.0633546 0.0657426 0.0743955 0.0654877 0.0624357 0.0631440 0.0599827 0.0620343 0.0625388 0.0631345 0.0655893 0.0566654 0.0552294 0.0600222 0.0591307 0.0585381 0.0619388 0.0593598 0.0600109 0.0575548 0.0595277 0.0583885 0.0602835 0.0555580 0.2599007 0.0548563 0.0769165 0.0583734 0.0869694 
Ejap43864_CNTNAP2    0.0363116 0.0852638 0.0827853 0.0344257 0.0323108 0.0306598 0.0308687 0.0282160 0.0321169 0.2724686 0.0564729 0.2507569 0.0658564 0.2763613 0.0259675 0.0584101 0.0624467 0.0608935 0.0603551 0.0581425 0.0053443 0.0015183 0.0000000 0.0346507 0.0627348 0.0644455 0.0653909 0.0627742 0.0941465 0.1333695 0.0673219 0.0847790 0.0748923 0.0628947 0.0650648 0.0615331 0.0634880 0.0601652 0.0593230 0.0607041 0.0616311 0.0586841 0.0836444 0.0880830 0.0864842 0.0799337 0.0800888 0.0787008 0.0721729 0.0826346 0.0824771 0.0832331 0.0589223 0.0800887 0.0832155 0.0787915 0.0650037 0.0609398 0.2697010 0.0653138 0.0602578 0.0650619 0.0675885 0.0761881 0.0672107 0.0658954 0.0631283 0.0617308 0.0644943 0.0642448 0.0648358 0.0655697 0.0583592 0.0570335 0.0617714 0.0608769 0.0602416 0.0644419 0.0610643 0.0617116 0.0592521 0.0612610 0.0600874 0.0619922 0.0572918 0.2586804 0.0566476 0.0787092 0.0600718 0.0888635 
Erob133443_CNTNAP2   0.0285020 0.0977674 0.0846497 0.0265064 0.0273031 0.0256612 0.0255644 0.0232495 0.0285709 0.2846110 0.0615925 0.2610545 0.0716697 0.2877858 0.0333436 0.0633407 0.0676036 0.0658311 0.0654520 0.0656420 0.0337927 0.0330321 0.0346507 0.0000000 0.0676951 0.0695447 0.0703717 0.0677373 0.0984556 0.1497046 0.0761974 0.0880498 0.0773428 0.0669674 0.0683045 0.0674493 0.0678416 0.0637450 0.0642625 0.0656261 0.0666982 0.0636382 0.0876975 0.0936316 0.0917733 0.0821193 0.0865038 0.0829160 0.0812762 0.0875048 0.0877710 0.0850243 0.0663833 0.0871806 0.0883468 0.0838955 0.0726322 0.0700080 0.2821770 0.0702895 0.0654951 0.0708751 0.0738245 0.0787953 0.0722092 0.0729563 0.0725098 0.0668082 0.0671569 0.0719346 0.0724437 0.0768315 0.0632846 0.0622831 0.0668526 0.0659518 0.0669216 0.0666392 0.0660158 0.0666510 0.0659095 0.0662962 0.0650246 0.0669852 0.0623359 0.2760500 0.0618609 0.0848960 0.0650078 0.0953729 
Fatt_CNTNAP2         0.0663220 0.0712269 0.0679702 0.0669448 0.0669912 0.0651948 0.0629788 0.0660755 0.0666336 0.2738292 0.0194406 0.2572397 0.0193695 0.2863670 0.0650456 0.0115854 0.0112040 0.0107907 0.0127724 0.0338414 0.0617870 0.0610270 0.0627348 0.0676951 0.0000000 0.0078847 0.0038153 0.0015225 0.0832551 0.1445446 0.0402756 0.0838535 0.0748654 0.0187036 0.0146817 0.0154616 0.0148886 0.0100870 0.0108158 0.0138753 0.0158913 0.0124266 0.0655244 0.0747134 0.0717439 0.0605318 0.0613942 0.0646160 0.0565351 0.0667683 0.0715172 0.0689261 0.0346130 0.0672945 0.0698809 0.0655523 0.0387284 0.0373384 0.2807861 0.0084386 0.0064909 0.0138645 0.0491463 0.0717585 0.0053558 0.0369854 0.0419547 0.0015598 0.0596422 0.0396218 0.0402814 0.0419765 0.0115769 0.0098755 0.0031275 0.0039117 0.0131753 0.0206103 0.0123837 0.0131253 0.0092446 0.0125918 0.0115784 0.0131811 0.0118828 0.2899127 0.0098121 0.0606881 0.0100166 0.0716491 
Ggri_CNTNAP2         0.0701236 0.0696003 0.0680402 0.0698295 0.0688228 0.0669735 0.0658244 0.0678801 0.0685420 0.2664641 0.0227822 0.2482789 0.0223285 0.2791669 0.0668873 0.0151129 0.0148522 0.0142868 0.0160353 0.0364340 0.0634681 0.0626891 0.0644455 0.0695447 0.0078847 0.0000000 0.0102829 0.0078899 0.0837583 0.1480846 0.0446778 0.0852670 0.0770069 0.0224104 0.0174903 0.0182951 0.0174216 0.0138723 0.0143210 0.0174637 0.0191535 0.0159984 0.0656812 0.0757802 0.0727727 0.0631260 0.0624207 0.0655148 0.0579427 0.0697391 0.0726334 0.0679077 0.0372278 0.0683083 0.0709269 0.0664779 0.0423236 0.0402453 0.2734903 0.0126703 0.0114517 0.0174497 0.0519358 0.0565136 0.0102960 0.0402995 0.0447975 0.0078885 0.0648033 0.0424007 0.0430691 0.0443854 0.0151011 0.0132271 0.0094867 0.0102834 0.0167626 0.0217792 0.0159423 0.0166967 0.0126931 0.0162185 0.0151032 0.0167702 0.0151171 0.2830783 0.0131417 0.0616731 0.0134886 0.0727135 
Gmac39091_CNTNAP2    0.0691082 0.0765751 0.0709842 0.0697966 0.0679243 0.0661223 0.0639566 0.0670056 0.0694336 0.2779667 0.0219428 0.2612807 0.0217613 0.2881654 0.0678086 0.0139461 0.0136500 0.0131439 0.0152160 0.0363162 0.0644342 0.0636744 0.0653909 0.0703717 0.0038153 0.0102829 0.0000000 0.0022840 0.0860361 0.1447878 0.0445324 0.0866568 0.0777112 0.0211077 0.0170530 0.0178363 0.0174276 0.0126515 0.0131745 0.0162383 0.0183343 0.0148030 0.0697327 0.0775862 0.0745253 0.0641147 0.0623475 0.0672887 0.0603780 0.0697668 0.0742887 0.0720289 0.0370901 0.0700517 0.0725840 0.0682531 0.0412303 0.0400203 0.2849784 0.0107735 0.0089551 0.0146577 0.0519110 0.0745431 0.0076763 0.0420285 0.0444706 0.0039134 0.0634468 0.0421325 0.0427859 0.0450097 0.0139357 0.0123856 0.0054905 0.0062787 0.0155490 0.0217762 0.0147517 0.0154898 0.0115919 0.0150003 0.0139375 0.0155559 0.0143051 0.2904731 0.0123058 0.0633916 0.0123667 0.0745509 
Gmel_CNTNAP2         0.0663652 0.0713145 0.0680178 0.0669893 0.0670331 0.0652355 0.0630206 0.0661168 0.0666772 0.2739571 0.0194536 0.2573650 0.0193819 0.2864957 0.0650881 0.0115929 0.0112116 0.0107977 0.0127809 0.0338629 0.0618257 0.0610654 0.0627742 0.0677373 0.0015225 0.0078899 0.0022840 0.0000000 0.0833069 0.1436058 0.0413617 0.0839060 0.0749140 0.0187157 0.0146911 0.0154715 0.0148989 0.0100941 0.0108227 0.0138842 0.0159018 0.0124347 0.0655889 0.0747623 0.0717898 0.0605832 0.0614351 0.0646565 0.0565351 0.0668150 0.0715628 0.0689757 0.0346351 0.0673378 0.0699246 0.0655935 0.0387531 0.0373643 0.2809156 0.0084440 0.0064955 0.0138734 0.0491798 0.0718045 0.0053593 0.0369854 0.0419815 0.0015609 0.0596962 0.0396469 0.0403069 0.0420089 0.0115843 0.0098823 0.0031296 0.0039143 0.0131838 0.0194408 0.0123917 0.0131337 0.0092506 0.0126000 0.0115858 0.0131896 0.0118906 0.2889604 0.0098188 0.0607270 0.0100231 0.0716965 
Hamp_CNTNAP2         0.0995425 0.0470105 0.0435502 0.1017014 0.0939596 0.0939823 0.0972214 0.0929567 0.0890884 0.2906173 0.0820159 0.2804384 0.0837095 0.3036107 0.0976462 0.0787969 0.0818544 0.0795619 0.0795215 0.0730554 0.0930992 0.0923481 0.0941465 0.0984556 0.0832551 0.0837583 0.0860361 0.0833069 0.0000000 0.1654838 0.0867200 0.1090683 0.0945044 0.0816194 0.0847420 0.0803019 0.0798007 0.0785321 0.0788525 0.0784080 0.0798793 0.0764764 0.0332395 0.0390327 0.0354820 0.0330248 0.0385290 0.0353468 0.0350907 0.0370146 0.0345719 0.0362566 0.0747364 0.0372211 0.0378864 0.0370828 0.0783491 0.0751462 0.3098239 0.0868499 0.0818084 0.0865244 0.0752509 0.1009034 0.0879499 0.0788668 0.0781111 0.0808395 0.0883654 0.0757347 0.0746000 0.0783475 0.0778191 0.0748365 0.0837246 0.0827890 0.0807369 0.0759324 0.0788962 0.0812840 0.0787590 0.0775627 0.0778400 0.0816510 0.0772141 0.2998546 0.0752717 0.0447489 0.0795981 0.0413888 
Hippo_CNTNAP2        0.1351764 0.1710507 0.1507806 0.1432538 0.1421899 0.1410313 0.1421186 0.1400133 0.1456977 0.2471690 0.1506213 0.2380130 0.1440412 0.2441839 0.1385606 0.1399481 0.1455287 0.1431530 0.1409303 0.1405605 0.1310811 0.1334083 0.1333695 0.1497046 0.1445446 0.1480846 0.1447878 0.1436058 0.1654838 0.0000000 0.1438837 0.1695360 0.1537171 0.1419529 0.1438862 0.1418211 0.1486591 0.1448484 0.1408041 0.1417572 0.1429629 0.1407091 0.1599807 0.1535824 0.1488081 0.1592141 0.1463220 0.1470750 0.1426585 0.1597493 0.1524042 0.1545090 0.1404340 0.1484678 0.1527691 0.1483595 0.1437600 0.1400527 0.2520215 0.1476297 0.1464743 0.1440471 0.1517995 0.1446119 0.1492815 0.1876883 0.1457712 0.1446190 0.1631969 0.1451670 0.1445304 0.1547305 0.1399195 0.1422652 0.1469399 0.1458132 0.1435427 0.1422319 0.1457235 0.1429843 0.1400547 0.1436330 0.1421501 0.1426425 0.1379284 0.2462400 0.1410149 0.1466573 0.1421044 0.1589308 
Igeo_CNTNAP2         0.0797138 0.0840360 0.0672074 0.0773792 0.0784434 0.0773528 0.0774128 0.0751067 0.0734596 0.2813657 0.0444227 0.2664072 0.0432842 0.2912795 0.0728047 0.0362046 0.0382332 0.0371802 0.0397063 0.0414026 0.0650622 0.0651441 0.0673219 0.0761974 0.0402756 0.0446778 0.0445324 0.0413617 0.0867200 0.1438837 0.0000000 0.0873404 0.0823681 0.0413844 0.0433388 0.0391770 0.0414788 0.0373912 0.0351790 0.0380745 0.0403509 0.0364251 0.0649515 0.0804154 0.0742730 0.0662774 0.0683231 0.0675430 0.0546874 0.0720104 0.0730954 0.0685539 0.0392387 0.0721148 0.0709366 0.0698375 0.0445125 0.0450724 0.2886776 0.0413861 0.0388635 0.0443884 0.0500773 0.0641812 0.0456381 0.0498873 0.0475225 0.0413530 0.0769631 0.0433656 0.0465023 0.0527999 0.0361680 0.0348594 0.0403359 0.0403359 0.0404314 0.0394075 0.0372650 0.0402790 0.0392761 0.0349504 0.0361973 0.0404573 0.0361730 0.2906421 0.0345286 0.0650242 0.0382041 0.0683826 
Kbre_CNTNAP2         0.0905457 0.0968261 0.1025508 0.0935465 0.0847088 0.0845991 0.0844365 0.0863677 0.0878912 0.2949946 0.0874755 0.2833329 0.0860738 0.3109123 0.0823323 0.0811263 0.0852764 0.0836957 0.0810519 0.0789338 0.0846465 0.0829934 0.0847790 0.0880498 0.0838535 0.0852670 0.0866568 0.0839060 0.1090683 0.1695360 0.0873404 0.0000000 0.0261406 0.0859892 0.0853037 0.0844663 0.0860782 0.0811384 0.0821000 0.0834282 0.0850587 0.0815130 0.1017834 0.1055475 0.1045316 0.0941639 0.0973972 0.0969023 0.0833363 0.1010027 0.1010996 0.0989451 0.0797244 0.0997915 0.1006742 0.0960820 0.0861184 0.0851964 0.3026757 0.0865511 0.0805461 0.0871167 0.0844293 0.0719257 0.0885860 0.0886230 0.0859666 0.0833324 0.0498411 0.0853617 0.0841029 0.0874355 0.0810489 0.0772743 0.0833912 0.0824501 0.0822089 0.0857492 0.0839362 0.0845402 0.0820022 0.0845383 0.0828708 0.0849361 0.0805128 0.3063410 0.0786834 0.0963511 0.0828486 0.1034780 
Ksim_CNTNAP2         0.0823667 0.0921802 0.0873271 0.0830753 0.0748191 0.0738086 0.0738575 0.0765236 0.0774968 0.2851141 0.0791621 0.2648553 0.0772199 0.2978920 0.0729065 0.0711837 0.0749597 0.0738145 0.0717468 0.0690082 0.0747725 0.0730728 0.0748923 0.0773428 0.0748654 0.0770069 0.0777112 0.0749140 0.0945044 0.1537171 0.0823681 0.0261406 0.0000000 0.0742644 0.0773019 0.0746122 0.0775378 0.0712819 0.0721679 0.0735724 0.0758952 0.0715343 0.0832374 0.0882069 0.0857162 0.0808141 0.0799026 0.0794880 0.0748542 0.0857931 0.0814171 0.0798766 0.0689299 0.0828699 0.0823408 0.0786504 0.0763155 0.0756187 0.2885434 0.0757930 0.0709877 0.0754773 0.0767575 0.0616036 0.0787034 0.0723312 0.0761717 0.0750560 0.0425115 0.0755231 0.0742831 0.0767587 0.0711159 0.0685466 0.0751095 0.0741502 0.0722646 0.0709613 0.0740326 0.0746798 0.0720785 0.0744500 0.0729660 0.0750387 0.0712552 0.2991793 0.0700386 0.0804478 0.0729461 0.0870196 
Lacu_CNTNAP2         0.0672275 0.0640299 0.0659931 0.0676828 0.0645295 0.0627711 0.0609583 0.0635802 0.0612868 0.2701616 0.0227397 0.2580543 0.0225901 0.2827428 0.0651569 0.0178786 0.0152603 0.0154937 0.0192011 0.0323489 0.0619438 0.0611820 0.0628947 0.0669674 0.0187036 0.0224104 0.0211077 0.0187157 0.0816194 0.1419529 0.0413844 0.0859892 0.0742644 0.0000000 0.0210443 0.0162825 0.0190941 0.0151827 0.0155046 0.0170495 0.0191183 0.0148086 0.0652575 0.0728574 0.0708263 0.0570307 0.0611979 0.0639293 0.0551579 0.0689188 0.0699257 0.0625854 0.0331233 0.0654870 0.0683229 0.0639921 0.0372515 0.0357554 0.2771412 0.0210458 0.0197310 0.0234098 0.0471907 0.0718189 0.0219320 0.0351112 0.0404849 0.0191343 0.0649217 0.0381418 0.0388092 0.0410918 0.0162903 0.0131669 0.0207740 0.0215860 0.0163075 0.0252005 0.0155091 0.0194296 0.0123505 0.0157963 0.0147180 0.0178951 0.0158383 0.2834664 0.0130597 0.0589119 0.0146904 0.0707093 
Lalb_CNTNAP2         0.0688146 0.0707483 0.0696004 0.0684454 0.0693205 0.0675211 0.0654459 0.0683634 0.0690702 0.2775860 0.0226939 0.2609347 0.0232767 0.2900931 0.0674578 0.0170426 0.0168591 0.0162341 0.0175998 0.0361997 0.0641137 0.0633568 0.0650648 0.0683045 0.0146817 0.0174903 0.0170530 0.0146911 0.0847420 0.1438862 0.0433388 0.0853037 0.0773019 0.0210443 0.0000000 0.0193543 0.0182082 0.0160235 0.0162719 0.0177547 0.0190807 0.0163333 0.0693307 0.0771891 0.0741550 0.0627895 0.0620659 0.0678464 0.0588267 0.0694566 0.0739308 0.0696320 0.0369705 0.0688075 0.0722424 0.0679121 0.0410969 0.0407706 0.2845185 0.0170307 0.0155701 0.0209203 0.0516380 0.0732850 0.0186540 0.0384022 0.0443266 0.0142555 0.0632279 0.0419956 0.0426474 0.0468460 0.0170297 0.0140126 0.0158736 0.0150654 0.0186558 0.0264120 0.0170645 0.0185845 0.0146810 0.0181549 0.0170321 0.0186640 0.0166706 0.2924975 0.0139225 0.0604479 0.0154561 0.0731871 
Laus_CNTNAP2         0.0661261 0.0674470 0.0667492 0.0657124 0.0650201 0.0632378 0.0618401 0.0657974 0.0645744 0.2755443 0.0087779 0.2589519 0.0076283 0.2856995 0.0621567 0.0131102 0.0127858 0.0123140 0.0135366 0.0321657 0.0615658 0.0598376 0.0615331 0.0674493 0.0154616 0.0182951 0.0178363 0.0154715 0.0803019 0.1418211 0.0391770 0.0844663 0.0746122 0.0162825 0.0193543 0.0000000 0.0057141 0.0134507 0.0123421 0.0030372 0.0039089 0.0030643 0.0626280 0.0716761 0.0688094 0.0570007 0.0557550 0.0635399 0.0525788 0.0666171 0.0686030 0.0646612 0.0329358 0.0635061 0.0670416 0.0627460 0.0370307 0.0364035 0.2813565 0.0193960 0.0155682 0.0161993 0.0454127 0.0695613 0.0194401 0.0318467 0.0402441 0.0150546 0.0606603 0.0379163 0.0385796 0.0419302 0.0115416 0.0073659 0.0166751 0.0174803 0.0147027 0.0193566 0.0139108 0.0146470 0.0123270 0.0125531 0.0115435 0.0147092 0.0110459 0.2840413 0.0089609 0.0596001 0.0130995 0.0686229 
Lbor_CNTNAP2         0.0684069 0.0742274 0.0695331 0.0680208 0.0652416 0.0633338 0.0639433 0.0660734 0.0628728 0.2725946 0.0082484 0.2510231 0.0098211 0.2805150 0.0631251 0.0132137 0.0119986 0.0115249 0.0141558 0.0327695 0.0624748 0.0616644 0.0634880 0.0678416 0.0148886 0.0174216 0.0174276 0.0148989 0.0798007 0.1486591 0.0414788 0.0860782 0.0775378 0.0190941 0.0182082 0.0057141 0.0000000 0.0126462 0.0123910 0.0048874 0.0057276 0.0032842 0.0648286 0.0733422 0.0721606 0.0593057 0.0585348 0.0637100 0.0545060 0.0674716 0.0689763 0.0663705 0.0335948 0.0637534 0.0664590 0.0636837 0.0379998 0.0364619 0.2771182 0.0182499 0.0154275 0.0165162 0.0457998 0.0553098 0.0191442 0.0335236 0.0405633 0.0148961 0.0629086 0.0380709 0.0387807 0.0415302 0.0123702 0.0077135 0.0165884 0.0174284 0.0140767 0.0180762 0.0132299 0.0148587 0.0115379 0.0126174 0.0115356 0.0149268 0.0123838 0.2827934 0.0085035 0.0606038 0.0123641 0.0692600 
Lhos30470_CNTNAP2    0.0640022 0.0641086 0.0627924 0.0627451 0.0648599 0.0629124 0.0601814 0.0618947 0.0625416 0.2756140 0.0158554 0.2631473 0.0176966 0.2942314 0.0619165 0.0033259 0.0049925 0.0041559 0.0069050 0.0299674 0.0591421 0.0583140 0.0601652 0.0637450 0.0100870 0.0138723 0.0126515 0.0100941 0.0785321 0.1448484 0.0373912 0.0811384 0.0712819 0.0151827 0.0160235 0.0134507 0.0126462 0.0000000 0.0041706 0.0117325 0.0138432 0.0092747 0.0599212 0.0699567 0.0668789 0.0566066 0.0573653 0.0593924 0.0529030 0.0619603 0.0657057 0.0601074 0.0299388 0.0610984 0.0641245 0.0604061 0.0361392 0.0353758 0.2854724 0.0109119 0.0089238 0.0117403 0.0454775 0.0709321 0.0143810 0.0286119 0.0396475 0.0103603 0.0593351 0.0362145 0.0369346 0.0401546 0.0049946 0.0044674 0.0103668 0.0112381 0.0050093 0.0167745 0.0041637 0.0066747 0.0041646 0.0059508 0.0049952 0.0066860 0.0059845 0.2978336 0.0026597 0.0531034 0.0033269 0.0654875 
Lhos452_CNTNAP2      0.0637134 0.0658711 0.0641515 0.0623045 0.0635560 0.0617721 0.0592845 0.0626112 0.0618837 0.2703804 0.0161153 0.2550120 0.0162347 0.2829079 0.0588069 0.0053666 0.0071610 0.0076774 0.0063402 0.0306731 0.0583850 0.0576238 0.0593230 0.0642625 0.0108158 0.0143210 0.0131745 0.0108227 0.0788525 0.1408041 0.0351790 0.0821000 0.0721679 0.0155046 0.0162719 0.0123421 0.0123910 0.0041706 0.0000000 0.0107683 0.0126475 0.0085087 0.0597779 0.0699256 0.0673156 0.0581881 0.0559046 0.0603449 0.0525918 0.0628086 0.0662093 0.0627974 0.0314460 0.0620033 0.0629831 0.0604041 0.0339149 0.0329516 0.2773329 0.0131367 0.0114557 0.0138977 0.0437379 0.0682118 0.0147647 0.0303736 0.0371266 0.0110955 0.0587183 0.0347923 0.0354669 0.0369701 0.0053639 0.0065602 0.0127081 0.0135105 0.0069147 0.0124535 0.0061389 0.0084461 0.0045889 0.0078040 0.0069094 0.0053717 0.0047070 0.2852402 0.0048725 0.0572328 0.0038191 0.0643140 
Lobl_CNTNAP2         0.0651383 0.0691156 0.0656841 0.0647062 0.0632046 0.0614319 0.0608493 0.0639806 0.0626778 0.2750720 0.0079635 0.2585160 0.0068504 0.2822960 0.0611688 0.0115345 0.0111543 0.0107439 0.0127141 0.0305078 0.0597670 0.0590097 0.0607041 0.0656261 0.0138753 0.0174637 0.0162383 0.0138842 0.0784080 0.1417572 0.0380745 0.0834282 0.0735724 0.0170495 0.0177547 0.0030372 0.0048874 0.0117325 0.0107683 0.0000000 0.0031208 0.0015278 0.0624900 0.0715698 0.0687102 0.0581333 0.0556724 0.0617252 0.0512424 0.0655312 0.0676028 0.0635741 0.0312765 0.0634147 0.0660677 0.0617854 0.0353520 0.0346015 0.2791206 0.0177928 0.0147176 0.0153936 0.0444590 0.0696074 0.0178332 0.0301962 0.0385534 0.0142331 0.0619670 0.0362302 0.0368972 0.0398831 0.0099740 0.0065336 0.0158484 0.0166515 0.0131172 0.0170183 0.0123296 0.0130676 0.0107552 0.0109519 0.0099757 0.0131229 0.0102360 0.2845363 0.0081291 0.0586498 0.0115252 0.0685205 
Lobs_CNTNAP2         0.0653888 0.0694090 0.0669317 0.0668230 0.0624205 0.0606022 0.0619906 0.0650036 0.0635069 0.2703888 0.0087724 0.2521717 0.0078376 0.2806868 0.0621435 0.0134739 0.0131538 0.0126548 0.0135660 0.0322413 0.0606647 0.0598865 0.0616311 0.0666982 0.0158913 0.0191535 0.0183343 0.0159018 0.0798793 0.1429629 0.0403509 0.0850587 0.0758952 0.0191183 0.0190807 0.0039089 0.0057276 0.0138432 0.0126475 0.0031208 0.0000000 0.0031495 0.0639014 0.0734905 0.0707867 0.0581607 0.0567888 0.0635730 0.0537708 0.0664069 0.0696839 0.0638183 0.0330325 0.0654522 0.0680542 0.0636368 0.0380828 0.0373964 0.2774422 0.0191228 0.0156031 0.0174532 0.0455215 0.0537693 0.0199845 0.0320239 0.0405431 0.0158989 0.0635634 0.0381512 0.0388320 0.0411593 0.0118610 0.0073824 0.0175265 0.0183350 0.0151120 0.0181734 0.0142975 0.0150527 0.0126686 0.0128686 0.0118630 0.0151188 0.0118735 0.2793504 0.0089807 0.0606399 0.0134625 0.0706684 
LperAUS_CNTNAP2      0.0621692 0.0674470 0.0634464 0.0607214 0.0611995 0.0594199 0.0590639 0.0619827 0.0605778 0.2704173 0.0064205 0.2525340 0.0069119 0.2780826 0.0590808 0.0084935 0.0080096 0.0077141 0.0103908 0.0291650 0.0577457 0.0569814 0.0586841 0.0636382 0.0124266 0.0159984 0.0148030 0.0124347 0.0764764 0.1407091 0.0364251 0.0815130 0.0715343 0.0148086 0.0163333 0.0030643 0.0032842 0.0092747 0.0085087 0.0015278 0.0031495 0.0000000 0.0598340 0.0695001 0.0666781 0.0570007 0.0538944 0.0597062 0.0500001 0.0632965 0.0655710 0.0616235 0.0299403 0.0613527 0.0640711 0.0597651 0.0340409 0.0331861 0.2772858 0.0155603 0.0130670 0.0139586 0.0426978 0.0675785 0.0164060 0.0301962 0.0372648 0.0127496 0.0590538 0.0349221 0.0355987 0.0379343 0.0077157 0.0048947 0.0143743 0.0151819 0.0108638 0.0158680 0.0100747 0.0108225 0.0084983 0.0086546 0.0077169 0.0108686 0.0079195 0.2759240 0.0064949 0.0565743 0.0092723 0.0664159 
Mbid_CNTNAP2         0.0859422 0.0357545 0.0389793 0.0820026 0.0861975 0.0847125 0.0876525 0.0803261 0.0777230 0.2567639 0.0643294 0.2402965 0.0624690 0.2726696 0.0861574 0.0584720 0.0584763 0.0584576 0.0598136 0.0528370 0.0834407 0.0808704 0.0836444 0.0876975 0.0655244 0.0656812 0.0697327 0.0655889 0.0332395 0.1599807 0.0649515 0.1017834 0.0832374 0.0652575 0.0693307 0.0626280 0.0648286 0.0599212 0.0597779 0.0624900 0.0639014 0.0598340 0.0000000 0.0124916 0.0145071 0.0119953 0.0108712 0.0108581 0.0087784 0.0156112 0.0124964 0.0194483 0.0567355 0.0121022 0.0170095 0.0133305 0.0677134 0.0636879 0.2645470 0.0667157 0.0666963 0.0692509 0.0694689 0.0722062 0.0712281 0.0756510 0.0660711 0.0641479 0.0880578 0.0637384 0.0661371 0.0676680 0.0571469 0.0577867 0.0669431 0.0655577 0.0573961 0.0538498 0.0599254 0.0612181 0.0586104 0.0584700 0.0571489 0.0584742 0.0584742 0.3068130 0.0573037 0.0294782 0.0598679 0.0320737 
