92
Bacu_HTT         0.0000000 0.1390425 0.1035117 0.0095319 0.0290661 0.0278549 0.0328014 0.0342296 0.0414242 0.0311667 0.0338761 0.4175017 0.1362445 0.4031278 0.0912505 0.0419261 0.1148996 0.0981835 0.0983199 0.0979604 0.0938638 0.0372338 0.0521861 0.0410414 0.0322275 0.1370218 0.0941959 0.1097747 0.0933738 0.0877227 0.2598695 0.0897669 0.1138225 0.1111121 0.1009536 0.1243312 0.0920007 0.0995165 0.0971285 0.0939365 0.0955102 0.0897758 0.0916981 0.1592669 0.1023004 0.0912888 0.1249939 0.1379826 0.0833976 0.0925441 0.0763893 0.0919850 0.0843805 0.0913088 0.0920892 0.0481390 0.0888772 0.0892169 0.0917335 0.1392574 0.0989837 0.4465668 0.0890371 0.0925145 0.0947807 0.1005312 0.0882297 0.1119465 0.0984939 0.0894786 0.1000548 0.1181948 0.0932481 0.0968740 0.1343601 0.0948342 0.1008711 0.0971678 0.0964811 0.1027765 0.1670264 0.0932286 0.1038601 0.0967983 0.0983320 0.0993411 0.0931120 0.0966321 0.0993761 0.0873259 0.0987830 0.0903757 
Barn_HTT         0.1390425 0.0000000 0.0527609 0.1380749 0.1400522 0.1358636 0.1360150 0.1416407 0.1205561 0.1399007 0.1316477 0.5212384 0.0625321 0.4957340 0.1269644 0.1319310 0.1758883 0.1158898 0.1245851 0.1193898 0.1175307 0.1179556 0.1156504 0.1196740 0.1334906 0.1220190 0.1208657 0.1668325 0.1162606 0.0737897 0.3202966 0.1178804 0.1728393 0.1576613 0.1322806 0.1739724 0.1213790 0.1086262 0.1168806 0.1220271 0.1194457 0.1174239 0.1210521 0.1282329 0.1014640 0.0777739 0.1542692 0.0219043 0.0775077 0.0789715 0.0883818 0.0741972 0.0783398 0.0740848 0.1176420 0.1667840 0.0769988 0.0774999 0.0729088 0.1234464 0.1248555 0.5301654 0.1198440 0.1164580 0.1204125 0.1380427 0.1240492 0.1240906 0.1268228 0.1230730 0.1414639 0.1003038 0.1214300 0.1226502 0.0737169 0.1193341 0.1220514 0.1174363 0.1203702 0.1217282 0.0629213 0.1172765 0.1232425 0.1159978 0.1187108 0.1193525 0.1204366 0.1247625 0.1249681 0.0798566 0.1201189 0.0783543 
Bbai76728_HTT    0.1035117 0.0527609 0.0000000 0.0988729 0.0793281 0.0815645 0.0815847 0.1081812 0.0867357 0.1022488 0.0816167 0.4570655 0.1224079 0.4409314 0.0772991 0.0806523 0.1035504 0.0915858 0.0805207 0.0781929 0.0878219 0.0777018 0.0742648 0.0745246 0.0816128 0.1310230 0.0802581 0.0968335 0.0866405 0.0230768 0.2809052 0.0768459 0.1043624 0.1017518 0.0851656 0.1130633 0.0777028 0.0775291 0.0924748 0.0755568 0.0929130 0.0723020 0.0763748 0.1087363 0.0396305 0.0253257 0.0654217 0.0605142 0.0269744 0.0257873 0.0240571 0.0289636 0.0265508 0.0252179 0.0878742 0.1250826 0.0294216 0.0272881 0.0269730 0.0959658 0.0951803 0.4903128 0.0744512 0.0861400 0.0929494 0.0821921 0.0735568 0.0890611 0.0826764 0.0749962 0.1034409 0.1036751 0.0767512 0.0970569 0.1171089 0.0756664 0.0773105 0.0937810 0.0767291 0.0877112 0.1572015 0.0905696 0.0823582 0.0742726 0.0769920 0.0784358 0.0790931 0.0817612 0.0950222 0.0306543 0.0942515 0.0274075 
BbonAUS_HTT      0.0095319 0.1380749 0.0988729 0.0000000 0.0269109 0.0257698 0.0264017 0.0323015 0.0363650 0.0307347 0.0299469 0.4323041 0.1239088 0.4144875 0.0815165 0.0398238 0.1088659 0.0871756 0.0912569 0.0892356 0.0858032 0.0321172 0.0456416 0.0346613 0.0310739 0.1343479 0.0860632 0.1011938 0.0846321 0.0804133 0.2580640 0.0815117 0.1095227 0.1105540 0.0884750 0.1186693 0.0826463 0.0857070 0.0852292 0.0803148 0.0881176 0.0782500 0.0819019 0.1024135 0.0996503 0.0863982 0.1231020 0.1360323 0.0830911 0.0873556 0.0730858 0.0899106 0.0853118 0.0870875 0.0840217 0.0491501 0.0865597 0.0863046 0.0868713 0.0883536 0.0901213 0.4601179 0.0809790 0.0810104 0.0872762 0.0928578 0.0769181 0.0898555 0.0863393 0.0784941 0.1003240 0.1174178 0.0775622 0.0885628 0.1289466 0.0821751 0.0899356 0.0866687 0.0877160 0.0950448 0.1610040 0.0849572 0.0929097 0.0855166 0.0857981 0.0889808 0.0842239 0.0892040 0.0909485 0.0823884 0.0902671 0.0864665 
Bbor_HTT         0.0290661 0.1400522 0.0793281 0.0269109 0.0000000 0.0070626 0.0078119 0.0210193 0.0312906 0.0251849 0.0307119 0.4016300 0.1266528 0.3977603 0.0752392 0.0354829 0.0760503 0.0788069 0.0793843 0.0797149 0.0701642 0.0269916 0.0296725 0.0343648 0.0277821 0.1269438 0.0749921 0.0697348 0.0674063 0.0759712 0.2481221 0.0780078 0.0972620 0.0947212 0.0824186 0.0763134 0.0710224 0.0759287 0.0714690 0.0747450 0.0725841 0.0749645 0.0716187 0.1286502 0.0932071 0.0794081 0.0779884 0.1100268 0.0722380 0.0764486 0.0673348 0.0803377 0.0748032 0.0791601 0.0687713 0.0469691 0.0774132 0.0783188 0.0775559 0.1114483 0.0765636 0.4365353 0.0712222 0.0721878 0.0721634 0.0785329 0.0722845 0.0873027 0.0782476 0.0729406 0.0793578 0.0939830 0.0744208 0.0739891 0.1291303 0.0757553 0.0778689 0.0750859 0.0713946 0.0842466 0.1570251 0.0722603 0.0824056 0.0762126 0.0752826 0.0757995 0.0714730 0.0752601 0.0766488 0.0757795 0.0750403 0.0784549 
Bede66737_HTT    0.0278549 0.1358636 0.0815645 0.0257698 0.0070626 0.0000000 0.0057849 0.0209993 0.0322418 0.0252179 0.0292316 0.4065459 0.1230011 0.3943569 0.0735287 0.0339613 0.0730745 0.0821828 0.0834343 0.0825779 0.0740552 0.0249479 0.0295225 0.0334949 0.0268207 0.1211101 0.0768596 0.0677153 0.0713824 0.0730080 0.2437519 0.0755317 0.0951942 0.0968817 0.0831521 0.0796752 0.0754422 0.0749441 0.0758420 0.0761922 0.0768436 0.0719345 0.0703651 0.1391894 0.0967526 0.0811010 0.0755757 0.1149704 0.0747922 0.0807235 0.0642390 0.0844497 0.0771965 0.0809069 0.0722432 0.0464244 0.0806076 0.0816281 0.0838672 0.1143907 0.0799838 0.4374379 0.0737800 0.0758823 0.0764205 0.0836148 0.0696097 0.0861637 0.0805926 0.0699041 0.0828738 0.1055215 0.0728106 0.0772958 0.1280501 0.0736546 0.0820022 0.0772117 0.0753827 0.0877819 0.1635430 0.0773247 0.0862366 0.0791076 0.0776114 0.0798926 0.0753160 0.0792245 0.0799076 0.0755984 0.0787458 0.0804345 
BedeAUS_HTT      0.0328014 0.1360150 0.0815847 0.0264017 0.0078119 0.0057849 0.0000000 0.0239031 0.0362412 0.0295073 0.0295511 0.3979487 0.1204919 0.4003872 0.0787194 0.0315130 0.0778298 0.0819742 0.0872774 0.0829057 0.0785081 0.0266968 0.0314088 0.0355640 0.0259610 0.1309471 0.0810244 0.0687867 0.0781476 0.0770588 0.2473052 0.0767890 0.0990043 0.0959068 0.0809766 0.0851705 0.0750246 0.0765446 0.0784221 0.0730638 0.0828305 0.0766645 0.0771688 0.1559974 0.0945781 0.0825468 0.0759675 0.1159391 0.0768958 0.0809894 0.0631029 0.0858592 0.0783028 0.0821756 0.0766272 0.0511334 0.0807210 0.0795217 0.0826916 0.1293371 0.0851851 0.4229152 0.0771376 0.0748874 0.0814007 0.0852353 0.0711977 0.0885628 0.0799138 0.0757526 0.0915903 0.1079791 0.0763959 0.0818935 0.1254936 0.0739082 0.0831404 0.0831874 0.0774126 0.0881900 0.1650335 0.0788200 0.0862820 0.0805071 0.0850238 0.0785195 0.0758432 0.0843622 0.0789829 0.0804888 0.0843407 0.0773313 
Bmus_HTT         0.0342296 0.1416407 0.1081812 0.0323015 0.0210193 0.0209993 0.0239031 0.0000000 0.0400610 0.0277361 0.0277287 0.4128548 0.1397205 0.4024731 0.0922106 0.0410254 0.1130957 0.0964263 0.1000808 0.0979890 0.0921285 0.0368152 0.0522324 0.0418545 0.0281659 0.1356416 0.0942018 0.1093527 0.0901634 0.0886295 0.2571275 0.0887258 0.1143084 0.1120355 0.1013667 0.1234286 0.0938211 0.0979822 0.0959260 0.0926041 0.0930212 0.0889413 0.0931030 0.1575864 0.1017512 0.0917868 0.1272704 0.1409219 0.0861736 0.0920616 0.0770888 0.0935762 0.0863181 0.0902517 0.0910617 0.0456542 0.0888690 0.0920604 0.0926633 0.1402891 0.0990719 0.4403070 0.0899662 0.0942829 0.0937985 0.0963605 0.0873210 0.1144757 0.0964175 0.0885788 0.0972067 0.1188918 0.0932635 0.0965788 0.1360387 0.0935285 0.0982910 0.0958976 0.0973937 0.1032472 0.1714086 0.0932427 0.1043372 0.0967299 0.0979396 0.0971573 0.0934927 0.0966343 0.0980251 0.0882367 0.0970391 0.0934735 
Bmys_HTT         0.0414242 0.1205561 0.0867357 0.0363650 0.0312906 0.0322418 0.0362412 0.0400610 0.0000000 0.0310337 0.0375921 0.4168733 0.1162431 0.4020589 0.0746073 0.0364093 0.0948114 0.0796861 0.0777422 0.0786083 0.0753458 0.0099657 0.0213880 0.0126673 0.0276152 0.1218378 0.0769712 0.0956556 0.0740431 0.0716155 0.2460735 0.0674953 0.0952256 0.0935607 0.0865741 0.1077268 0.0750566 0.0769523 0.0764443 0.0745695 0.0776610 0.0738045 0.0715881 0.1124716 0.0704297 0.0715436 0.1063556 0.1156933 0.0671342 0.0774395 0.0556272 0.0751195 0.0683471 0.0727483 0.0739131 0.0487704 0.0722234 0.0727169 0.0782792 0.1028567 0.0790997 0.4460087 0.0717958 0.0758412 0.0772984 0.0809203 0.0723346 0.0877198 0.0819662 0.0741814 0.0818641 0.0940653 0.0761776 0.0794566 0.1128027 0.0770942 0.0788387 0.0780354 0.0792961 0.0836283 0.1404453 0.0743218 0.0854148 0.0762338 0.0790529 0.0790577 0.0746645 0.0770762 0.0768147 0.0714053 0.0783563 0.0751529 
Bphy_HTT         0.0311667 0.1399007 0.1022488 0.0307347 0.0251849 0.0252179 0.0295073 0.0277361 0.0310337 0.0000000 0.0027058 0.4037621 0.1253216 0.3823826 0.0754331 0.0371524 0.0736025 0.0813483 0.0814248 0.0833133 0.0809180 0.0297418 0.0459178 0.0330458 0.0242650 0.1283154 0.0815947 0.0717477 0.0777862 0.0792160 0.2565580 0.0802188 0.1000586 0.0979407 0.0861322 0.0850965 0.0804101 0.0828014 0.0811269 0.0776799 0.0818366 0.0746271 0.0765162 0.0981857 0.0974649 0.0822098 0.0803223 0.1370645 0.0768244 0.0855420 0.0639411 0.0815462 0.0794798 0.0863242 0.0801030 0.0342795 0.0804132 0.0857750 0.0877786 0.0861156 0.0869358 0.4259671 0.0757920 0.0798752 0.0802279 0.0901854 0.0718947 0.0966642 0.0863274 0.0739362 0.0905659 0.1131084 0.0797059 0.0859226 0.1215255 0.0778081 0.0846913 0.0808215 0.0832807 0.0892444 0.1580037 0.0782004 0.0901189 0.0791936 0.0814070 0.0813824 0.0790051 0.0804528 0.0831162 0.0811900 0.0846620 0.0857132 
Bphy_baits_HTT   0.0338761 0.1316477 0.0816167 0.0299469 0.0307119 0.0292316 0.0295511 0.0277287 0.0375921 0.0027058 0.0000000 0.3998930 0.1168839 0.3972334 0.0750497 0.0385676 0.1011015 0.0759263 0.0784748 0.0772937 0.0734506 0.0308587 0.0358633 0.0371524 0.0272321 0.1290866 0.0761261 0.0966296 0.0717548 0.0782798 0.2573877 0.0855987 0.1082313 0.0989363 0.0823447 0.1091847 0.0697230 0.0780318 0.0733671 0.0727399 0.0748927 0.0736164 0.0747349 0.1378301 0.0953383 0.0811166 0.1248689 0.1154370 0.0763646 0.0802248 0.0638500 0.0800247 0.0755813 0.0840584 0.0725494 0.0321511 0.0811739 0.0808077 0.0786200 0.1138872 0.0771636 0.4331571 0.0709441 0.0712359 0.0740040 0.0850758 0.0715132 0.0895842 0.0807841 0.0736260 0.0938343 0.1055367 0.0782384 0.0767784 0.1225706 0.0767838 0.0755731 0.0763412 0.0747601 0.0828054 0.1507224 0.0740791 0.0840684 0.0729903 0.0778469 0.0761760 0.0695933 0.0777355 0.0743962 0.0766079 0.0804912 0.0794224 
Btau_HTT         0.4175017 0.5212384 0.4570655 0.4323041 0.4016300 0.4065459 0.3979487 0.4128548 0.4168733 0.4037621 0.3998930 0.0000000 0.5102032 0.1997256 0.4272815 0.4126965 0.4556049 0.4473072 0.4434429 0.4427851 0.4246007 0.4270087 0.4341801 0.4218804 0.4368784 0.4869353 0.4241248 0.4481961 0.4191765 0.4313124 0.4482938 0.4306336 0.4535755 0.4519260 0.4477485 0.4548070 0.4289108 0.4352204 0.4340642 0.4266893 0.4208193 0.4247691 0.4287151 0.5109158 0.4594290 0.4275946 0.4959306 0.5250285 0.4361035 0.4198378 0.4514726 0.4325863 0.4501975 0.4473288 0.4246627 0.4402498 0.4275544 0.4414547 0.4396203 0.4902183 0.4334284 0.1632924 0.4317184 0.4335237 0.4252969 0.4462718 0.4208401 0.4490582 0.4369018 0.4217363 0.4233376 0.4560477 0.4277072 0.4239269 0.4874073 0.4296232 0.4481409 0.4345646 0.4258280 0.4377167 0.5615240 0.4316358 0.4467078 0.4348651 0.4312904 0.4323802 0.4341386 0.4241672 0.4351028 0.4380193 0.4211052 0.4600330 
Ccom40_HTT       0.1362445 0.0625321 0.1224079 0.1239088 0.1266528 0.1230011 0.1204919 0.1397205 0.1162431 0.1253216 0.1168839 0.5102032 0.0000000 0.4917796 0.0425394 0.1194399 0.0930926 0.0573286 0.0595781 0.0572448 0.0662434 0.1156632 0.1139436 0.1182343 0.1227077 0.1227476 0.0530534 0.0804199 0.0498393 0.1218467 0.3121081 0.0910221 0.1576868 0.1415016 0.0643478 0.0982235 0.0392493 0.0321930 0.0486733 0.0549026 0.0394843 0.0415492 0.0420009 0.1076092 0.1373904 0.1256152 0.1819685 0.0741923 0.1146219 0.1296283 0.1334493 0.1222257 0.1230016 0.1232051 0.0662134 0.1561679 0.1224947 0.1266879 0.1176706 0.0731145 0.0737586 0.5505759 0.0512774 0.0498562 0.0514005 0.1134630 0.0556245 0.0683430 0.0745710 0.0561722 0.1288252 0.0973329 0.0733322 0.0732525 0.0320031 0.0559615 0.0581549 0.0524183 0.0545124 0.0657763 0.0193391 0.0557406 0.0574286 0.0511842 0.0513345 0.0574602 0.0545449 0.0583861 0.0536204 0.1179063 0.0529235 0.1174308 
Cela_HTT         0.4031278 0.4957340 0.4409314 0.4144875 0.3977603 0.3943569 0.4003872 0.4024731 0.4020589 0.3823826 0.3972334 0.1997256 0.4917796 0.0000000 0.4051124 0.4083960 0.4350275 0.4343936 0.4160340 0.4271655 0.4098509 0.4102943 0.4278932 0.4019786 0.4139112 0.4753572 0.4137839 0.4379642 0.4054955 0.4160623 0.4140735 0.4234828 0.4289661 0.4277421 0.4280259 0.4423045 0.4092052 0.4209423 0.4238940 0.4197202 0.4056384 0.4111300 0.4062050 0.4966193 0.4544734 0.4212240 0.4776117 0.5020975 0.4233641 0.4183870 0.4302687 0.4262146 0.4393589 0.4278745 0.4087447 0.4210393 0.4164196 0.4293086 0.4289894 0.4641042 0.4075964 0.2170260 0.4130913 0.4171097 0.4095703 0.4299174 0.4124901 0.4462970 0.4214671 0.4104347 0.4052924 0.4443719 0.4221189 0.4084799 0.4627799 0.4227974 0.4320274 0.4256999 0.4084262 0.4313735 0.5308204 0.4161801 0.4331049 0.4220044 0.4239412 0.4251891 0.4164788 0.4088748 0.4305350 0.4311927 0.4080206 0.4421282 
Chea7320_HTT     0.0912505 0.1269644 0.0772991 0.0815165 0.0752392 0.0735287 0.0787194 0.0922106 0.0746073 0.0754331 0.0750497 0.4272815 0.0425394 0.4051124 0.0000000 0.0717653 0.0196976 0.0206554 0.0214696 0.0225407 0.0305556 0.0708278 0.0731332 0.0747881 0.0743369 0.0616974 0.0177661 0.0133219 0.0126469 0.0761550 0.2566893 0.0510637 0.1037002 0.0965315 0.0319361 0.0246768 0.0026168 0.0063256 0.0151730 0.0201491 0.0056798 0.0069797 0.0052943 0.0821858 0.0907134 0.0815947 0.0856906 0.1149056 0.0721470 0.0820478 0.0721857 0.0811838 0.0793857 0.0795924 0.0305465 0.0972524 0.0796360 0.0812041 0.0777390 0.0350884 0.0345877 0.4561152 0.0139242 0.0152085 0.0200831 0.0681712 0.0158275 0.0439902 0.0367302 0.0158347 0.0857538 0.0944360 0.0335651 0.0331357 0.0755170 0.0184365 0.0184389 0.0143105 0.0138496 0.0262722 0.0884266 0.0185333 0.0213829 0.0137478 0.0163563 0.0198101 0.0172499 0.0180414 0.0169664 0.0718404 0.0180084 0.0775563 
Cmar59905_HTT    0.0419261 0.1319310 0.0806523 0.0398238 0.0354829 0.0339613 0.0315130 0.0410254 0.0364093 0.0371524 0.0385676 0.4126965 0.1194399 0.4083960 0.0717653 0.0000000 0.0723072 0.0776550 0.0825126 0.0789470 0.0752356 0.0308828 0.0333872 0.0348257 0.0358587 0.1263875 0.0773666 0.0684341 0.0757380 0.0736513 0.2508358 0.0758629 0.0934766 0.0964561 0.0810939 0.0805480 0.0757117 0.0767852 0.0777921 0.0713398 0.0784537 0.0697092 0.0737784 0.1391832 0.0954971 0.0779798 0.0759616 0.1156672 0.0742574 0.0775252 0.0644811 0.0832523 0.0780576 0.0829934 0.0734359 0.0570335 0.0805436 0.0796291 0.0793120 0.1179227 0.0798629 0.4430707 0.0717067 0.0724775 0.0793802 0.0810591 0.0699397 0.0820342 0.0769908 0.0711395 0.0853795 0.1001260 0.0701692 0.0789194 0.1204145 0.0728485 0.0811183 0.0769816 0.0780315 0.0854171 0.1596109 0.0767107 0.0829484 0.0797988 0.0783786 0.0802571 0.0776521 0.0791074 0.0784389 0.0747470 0.0798707 0.0791181 
Dcap108471_HTT   0.1148996 0.1758883 0.1035504 0.1088659 0.0760503 0.0730745 0.0778298 0.1130957 0.0948114 0.0736025 0.1011015 0.4556049 0.0930926 0.4350275 0.0196976 0.0723072 0.0000000 0.0254622 0.0267673 0.0277094 0.0534615 0.0948923 0.0955685 0.0727971 0.1017960 0.0606971 0.0402990 0.0137356 0.0345466 0.0993863 0.2955880 0.0807990 0.1282545 0.1279184 0.0569156 0.0209093 0.0170022 0.0456185 0.0305797 0.0068385 0.0381648 0.0406129 0.0422096 0.1468787 0.1203073 0.0800847 0.1032574 0.1524387 0.0966088 0.0791626 0.1184674 0.1088411 0.1036326 0.1093500 0.0522413 0.1139077 0.0779818 0.1076129 0.1016412 0.0915041 0.0557277 0.4824473 0.0343124 0.0361371 0.0394392 0.0924980 0.0155861 0.0947732 0.0605015 0.0157779 0.1103630 0.0992995 0.0591514 0.0568523 0.1093371 0.0305528 0.0372618 0.0373525 0.0146937 0.0407564 0.1427584 0.0271293 0.0342509 0.0105720 0.0313987 0.0305510 0.0052283 0.0079317 0.0327424 0.0910326 0.0304689 0.1045610 
Dcap79929_HTT    0.0981835 0.1158898 0.0915858 0.0871756 0.0788069 0.0821828 0.0819742 0.0964263 0.0796861 0.0813483 0.0759263 0.4473072 0.0573286 0.4343936 0.0206554 0.0776550 0.0254622 0.0000000 0.0037756 0.0036033 0.0353306 0.0713413 0.0905352 0.0809143 0.0831026 0.0641611 0.0185153 0.0376880 0.0147106 0.0776231 0.2770898 0.0498272 0.1089161 0.1037374 0.0299262 0.0454544 0.0175325 0.0177215 0.0095812 0.0061875 0.0186140 0.0182797 0.0182603 0.1224407 0.0856295 0.0808776 0.1232897 0.1344055 0.0695074 0.0824785 0.0655636 0.0794635 0.0784296 0.0800521 0.0337362 0.1059832 0.0812195 0.0829501 0.0784599 0.0733344 0.0369453 0.4737994 0.0115007 0.0135940 0.0182442 0.0626663 0.0167059 0.0441690 0.0387145 0.0166118 0.0945778 0.1024281 0.0336727 0.0393957 0.0722998 0.0112818 0.0115497 0.0143724 0.0161555 0.0182981 0.0752209 0.0068574 0.0114386 0.0120073 0.0093037 0.0087545 0.0064728 0.0096868 0.0105688 0.0697586 0.0108025 0.0757850 
DdelSJR_HTT      0.0983199 0.1245851 0.0805207 0.0912569 0.0793843 0.0834343 0.0872774 0.1000808 0.0777422 0.0814248 0.0784748 0.4434429 0.0595781 0.4160340 0.0214696 0.0825126 0.0267673 0.0037756 0.0000000 0.0029094 0.0381240 0.0716498 0.0767565 0.0801000 0.0841453 0.0661542 0.0195903 0.0395192 0.0154073 0.0760944 0.2684665 0.0535530 0.1101140 0.1077143 0.0350899 0.0462492 0.0197541 0.0215365 0.0116008 0.0102442 0.0201949 0.0208196 0.0188992 0.0705190 0.0933361 0.0831088 0.1243720 0.1186799 0.0725830 0.0831498 0.0701237 0.0827229 0.0780070 0.0834444 0.0356649 0.1062083 0.0842637 0.0843866 0.0813826 0.0430431 0.0405276 0.4640100 0.0132378 0.0149715 0.0206062 0.0665475 0.0181037 0.0454905 0.0408390 0.0179359 0.0929338 0.1036813 0.0368650 0.0414909 0.0774924 0.0126962 0.0126581 0.0156294 0.0159590 0.0206301 0.0751137 0.0070571 0.0134147 0.0126256 0.0111260 0.0110623 0.0073428 0.0100183 0.0123015 0.0709005 0.0106238 0.0783303 
Ddeltrop4525_HTT 0.0979604 0.1193898 0.0781929 0.0892356 0.0797149 0.0825779 0.0829057 0.0979890 0.0786083 0.0833133 0.0772937 0.4427851 0.0572448 0.4271655 0.0225407 0.0789470 0.0277094 0.0036033 0.0029094 0.0000000 0.0340629 0.0699716 0.0771969 0.0807808 0.0832510 0.0661537 0.0190904 0.0395825 0.0162430 0.0764784 0.2743438 0.0520850 0.1098592 0.1034916 0.0311668 0.0471581 0.0189936 0.0193001 0.0110855 0.0087663 0.0201452 0.0203892 0.0191960 0.0836141 0.0872225 0.0813526 0.1211098 0.1155416 0.0695354 0.0814996 0.0672048 0.0790208 0.0771228 0.0793549 0.0324655 0.1047501 0.0812529 0.0817454 0.0784797 0.0379551 0.0363188 0.4674035 0.0133856 0.0154676 0.0213447 0.0645558 0.0181593 0.0433461 0.0399516 0.0189625 0.0922132 0.1059197 0.0359250 0.0381196 0.0740333 0.0126475 0.0128249 0.0161454 0.0171066 0.0196922 0.0772394 0.0091875 0.0134557 0.0119405 0.0110272 0.0099622 0.0086111 0.0121323 0.0113889 0.0702597 0.0111697 0.0730306 
Dleu_HTT         0.0938638 0.1175307 0.0878219 0.0858032 0.0701642 0.0740552 0.0785081 0.0921285 0.0753458 0.0809180 0.0734506 0.4246007 0.0662434 0.4098509 0.0305556 0.0752356 0.0534615 0.0353306 0.0381240 0.0340629 0.0000000 0.0687679 0.0866831 0.0715473 0.0793433 0.0750099 0.0342557 0.0489445 0.0318839 0.0685834 0.2604001 0.0533547 0.1061123 0.1080161 0.0421838 0.0586324 0.0321462 0.0330919 0.0318321 0.0326850 0.0322167 0.0288219 0.0304812 0.1248072 0.0850598 0.0770191 0.1099168 0.1284403 0.0715466 0.0761315 0.0691585 0.0783353 0.0738739 0.0798290 0.0048291 0.1006319 0.0768426 0.0756582 0.0719727 0.0616717 0.0237397 0.4606774 0.0270818 0.0288175 0.0335631 0.0630189 0.0295080 0.0323519 0.0235714 0.0307089 0.0925202 0.0995961 0.0215416 0.0224950 0.0611948 0.0330516 0.0307847 0.0314676 0.0329696 0.0388400 0.0981620 0.0318549 0.0364444 0.0307743 0.0316729 0.0350924 0.0337114 0.0328356 0.0340348 0.0625848 0.0345699 0.0740868 
EausAUS_HTT      0.0372338 0.1179556 0.0777018 0.0321172 0.0269916 0.0249479 0.0266968 0.0368152 0.0099657 0.0297418 0.0308587 0.4270087 0.1156632 0.4102943 0.0708278 0.0308828 0.0948923 0.0713413 0.0716498 0.0699716 0.0687679 0.0000000 0.0164598 0.0077166 0.0255305 0.1222893 0.0677299 0.0900640 0.0662617 0.0638878 0.2437028 0.0600292 0.0915338 0.0896314 0.0767286 0.1008823 0.0688481 0.0716829 0.0691593 0.0670041 0.0702876 0.0680458 0.0711324 0.0844629 0.0774525 0.0652309 0.1061350 0.1142285 0.0601733 0.0667484 0.0520046 0.0655540 0.0627602 0.0694059 0.0669707 0.0457951 0.0657367 0.0661932 0.0649249 0.0725518 0.0719290 0.4541104 0.0630154 0.0652990 0.0684663 0.0719530 0.0647738 0.0903156 0.0712753 0.0674312 0.0753040 0.0751988 0.0692754 0.0729021 0.1101584 0.0706082 0.0729229 0.0676051 0.0710999 0.0774470 0.1383026 0.0690438 0.0752399 0.0674448 0.0693236 0.0694069 0.0669223 0.0702998 0.0704285 0.0622558 0.0720217 0.0657373 
Egla13086_HTT    0.0521861 0.1156504 0.0742648 0.0456416 0.0296725 0.0295225 0.0314088 0.0522324 0.0213880 0.0459178 0.0358633 0.4341801 0.1139436 0.4278932 0.0731332 0.0333872 0.0955685 0.0905352 0.0767565 0.0771969 0.0866831 0.0164598 0.0000000 0.0041429 0.0262825 0.1241957 0.0755959 0.0932818 0.0868732 0.0699972 0.2646866 0.0677118 0.0940057 0.0911030 0.0807101 0.1076851 0.0733140 0.0771163 0.0877492 0.0690795 0.0909532 0.0715648 0.0725240 0.1402044 0.0830833 0.0709598 0.1051861 0.1002883 0.0653747 0.0730389 0.0543855 0.0747538 0.0667469 0.0723461 0.0850900 0.0647083 0.0686466 0.0703428 0.0731446 0.1244715 0.0899588 0.4645668 0.0695919 0.0854660 0.0905492 0.0793058 0.0705156 0.0901575 0.0787519 0.0719700 0.0943190 0.0947379 0.0743498 0.0913075 0.1094136 0.0729749 0.0789527 0.0918351 0.0781497 0.0822648 0.1434857 0.0873335 0.0831735 0.0768483 0.0795369 0.0767796 0.0719132 0.0755824 0.0891073 0.0698522 0.0917713 0.0705675 
Ejap43864_HTT    0.0410414 0.1196740 0.0745246 0.0346613 0.0343648 0.0334949 0.0355640 0.0418545 0.0126673 0.0330458 0.0371524 0.4218804 0.1182343 0.4019786 0.0747881 0.0348257 0.0727971 0.0809143 0.0801000 0.0807808 0.0715473 0.0077166 0.0041429 0.0000000 0.0272960 0.1229218 0.0785050 0.0715225 0.0741979 0.0704859 0.2510720 0.0668654 0.0907105 0.0894436 0.0857150 0.0840706 0.0742739 0.0770945 0.0739048 0.0759845 0.0780406 0.0736186 0.0730875 0.1281360 0.0885793 0.0735289 0.0727193 0.1088602 0.0709709 0.0786372 0.0561082 0.0816936 0.0727521 0.0776903 0.0707136 0.0533415 0.0741194 0.0765393 0.0801403 0.1076416 0.0747461 0.4538671 0.0724741 0.0747959 0.0763040 0.0795599 0.0713478 0.0895246 0.0808512 0.0740909 0.0837520 0.0959648 0.0736242 0.0758651 0.1159342 0.0784032 0.0803436 0.0790354 0.0764772 0.0861273 0.1442088 0.0767188 0.0868358 0.0758434 0.0794025 0.0807126 0.0747080 0.0773505 0.0753115 0.0740601 0.0780642 0.0762333 
Erob133443_HTT   0.0322275 0.1334906 0.0816128 0.0310739 0.0277821 0.0268207 0.0259610 0.0281659 0.0276152 0.0242650 0.0272321 0.4368784 0.1227077 0.4139112 0.0743369 0.0358587 0.1017960 0.0831026 0.0841453 0.0832510 0.0793433 0.0255305 0.0262825 0.0272960 0.0000000 0.1322103 0.0779018 0.0968250 0.0780083 0.0727980 0.2546025 0.0749305 0.1049258 0.1037061 0.0848570 0.1148626 0.0761663 0.0794592 0.0818786 0.0705435 0.0832423 0.0747483 0.0747413 0.0991428 0.0990457 0.0782410 0.1179523 0.1138313 0.0768313 0.0774920 0.0664675 0.0806351 0.0754619 0.0818980 0.0788444 0.0410008 0.0815820 0.0810935 0.0788960 0.0825054 0.0848618 0.4719479 0.0735409 0.0752852 0.0798582 0.0888017 0.0690188 0.0887640 0.0831171 0.0702997 0.0964896 0.1025899 0.0763072 0.0818501 0.1262563 0.0779384 0.0804596 0.0800386 0.0825921 0.0882193 0.1545370 0.0786426 0.0872102 0.0802202 0.0826549 0.0833402 0.0741575 0.0804444 0.0819968 0.0758239 0.0841341 0.0802628 
Fatt_HTT         0.1370218 0.1220190 0.1310230 0.1343479 0.1269438 0.1211101 0.1309471 0.1356416 0.1218378 0.1283154 0.1290866 0.4869353 0.1227476 0.4753572 0.0616974 0.1263875 0.0606971 0.0641611 0.0661542 0.0661537 0.0750099 0.1222893 0.1241957 0.1229218 0.1322103 0.0000000 0.0531134 0.0475156 0.0462928 0.1244215 0.3016825 0.1146811 0.1518216 0.1538219 0.0781002 0.0197189 0.0640822 0.0682478 0.0616902 0.0624757 0.0574570 0.0602002 0.0618076 0.1817161 0.1551475 0.1356384 0.1387562 0.1905173 0.1269257 0.1299292 0.1791286 0.1424238 0.1375895 0.1418098 0.0737009 0.1557097 0.1282797 0.1346361 0.1297072 0.1186351 0.0787043 0.5205415 0.0542531 0.0572090 0.0552793 0.0648856 0.0496356 0.1387125 0.0353841 0.0484968 0.1360751 0.2182337 0.0833265 0.0777559 0.1431479 0.0629286 0.0706127 0.0065512 0.0067987 0.0706534 0.2178016 0.0641262 0.0191669 0.0569612 0.0648419 0.0642489 0.0647093 0.0618627 0.0633025 0.1205481 0.0614813 0.1346680 
Ggri_HTT         0.0941959 0.1208657 0.0802581 0.0860632 0.0749921 0.0768596 0.0810244 0.0942018 0.0769712 0.0815947 0.0761261 0.4241248 0.0530534 0.4137839 0.0177661 0.0773666 0.0402990 0.0185153 0.0195903 0.0190904 0.0342557 0.0677299 0.0755959 0.0785050 0.0779018 0.0531134 0.0000000 0.0286971 0.0076432 0.0731957 0.2592530 0.0473358 0.1081721 0.1017514 0.0286452 0.0429014 0.0157615 0.0152966 0.0147538 0.0183258 0.0165265 0.0162877 0.0145671 0.1183088 0.0879477 0.0815629 0.1223450 0.1185472 0.0708594 0.0791403 0.0715830 0.0767935 0.0776280 0.0784004 0.0326753 0.1016096 0.0803251 0.0812893 0.0805813 0.0691892 0.0357580 0.4557272 0.0100663 0.0115729 0.0138014 0.0625369 0.0079300 0.0448695 0.0380624 0.0081365 0.0906708 0.1006878 0.0346973 0.0358740 0.0716940 0.0184798 0.0128057 0.0057298 0.0085833 0.0237558 0.0861510 0.0165584 0.0174571 0.0124780 0.0137573 0.0179911 0.0157627 0.0174023 0.0138859 0.0675229 0.0177183 0.0767160 
Gmac39091_HTT    0.1097747 0.1668325 0.0968335 0.1011938 0.0697348 0.0677153 0.0687867 0.1093527 0.0956556 0.0717477 0.0966296 0.4481961 0.0804199 0.4379642 0.0133219 0.0684341 0.0137356 0.0376880 0.0395192 0.0395825 0.0489445 0.0900640 0.0932818 0.0715225 0.0968250 0.0475156 0.0286971 0.0000000 0.0228328 0.0966371 0.2812651 0.0767511 0.1263339 0.1227575 0.0470869 0.0175411 0.0123494 0.0371327 0.0331291 0.0116262 0.0338948 0.0338420 0.0345664 0.1476330 0.1116915 0.0759820 0.0967928 0.1412643 0.0931961 0.0745124 0.1141329 0.1040129 0.1002645 0.1018803 0.0481128 0.1092985 0.0720797 0.1007124 0.0947264 0.0883252 0.0519849 0.4772965 0.0290702 0.0299093 0.0318241 0.0879571 0.0029937 0.0840687 0.0553951 0.0029217 0.1101922 0.0949598 0.0540963 0.0540777 0.0984275 0.0356983 0.0384295 0.0270603 0.0047372 0.0447168 0.1446446 0.0359500 0.0396061 0.0085098 0.0359405 0.0365895 0.0116199 0.0142753 0.0345230 0.0890737 0.0372837 0.0969541 
Gmel_HTT         0.0933738 0.1162606 0.0866405 0.0846321 0.0674063 0.0713824 0.0781476 0.0901634 0.0740431 0.0777862 0.0717548 0.4191765 0.0498393 0.4054955 0.0126469 0.0757380 0.0345466 0.0147106 0.0154073 0.0162430 0.0318839 0.0662617 0.0868732 0.0741979 0.0780083 0.0462928 0.0076432 0.0228328 0.0000000 0.0705391 0.2547767 0.0475333 0.1064236 0.1022455 0.0273129 0.0376228 0.0121906 0.0120559 0.0105933 0.0143589 0.0132988 0.0124862 0.0097274 0.1259815 0.0796218 0.0752977 0.1129618 0.1254063 0.0661287 0.0758363 0.0677681 0.0750729 0.0715239 0.0746026 0.0308910 0.0954759 0.0765051 0.0762883 0.0733679 0.0762396 0.0346052 0.4466313 0.0075739 0.0088351 0.0126455 0.0617634 0.0041987 0.0401735 0.0347321 0.0044804 0.0912394 0.0970983 0.0308809 0.0366443 0.0666479 0.0141627 0.0119651 0.0054761 0.0060669 0.0203714 0.0782050 0.0116536 0.0165671 0.0090491 0.0128332 0.0148340 0.0116217 0.0131990 0.0107438 0.0621804 0.0152818 0.0732746 
Hamp_HTT         0.0877227 0.0737897 0.0230768 0.0804133 0.0759712 0.0730080 0.0770588 0.0886295 0.0716155 0.0792160 0.0782798 0.4313124 0.1218467 0.4160623 0.0761550 0.0736513 0.0993863 0.0776231 0.0760944 0.0764784 0.0685834 0.0638878 0.0699972 0.0704859 0.0727980 0.1244215 0.0731957 0.0966371 0.0705391 0.0000000 0.2496579 0.0778304 0.1036747 0.0982781 0.0887277 0.1067350 0.0746733 0.0728600 0.0746950 0.0781452 0.0752533 0.0729555 0.0717672 0.1403157 0.0314886 0.0141151 0.0497262 0.0492269 0.0168517 0.0144752 0.0122851 0.0184942 0.0125072 0.0134039 0.0686602 0.0999862 0.0167409 0.0146918 0.0172159 0.1192591 0.0754547 0.4646466 0.0707451 0.0718190 0.0748414 0.0795140 0.0752715 0.0901688 0.0787520 0.0719165 0.0876901 0.0943452 0.0770249 0.0748306 0.1158427 0.0775319 0.0770103 0.0746657 0.0717171 0.0843382 0.1437548 0.0741233 0.0773458 0.0756774 0.0773860 0.0772723 0.0748225 0.0766704 0.0770751 0.0214994 0.0779668 0.0220767 
Hippo_HTT        0.2598695 0.3202966 0.2809052 0.2580640 0.2481221 0.2437519 0.2473052 0.2571275 0.2460735 0.2565580 0.2573877 0.4482938 0.3121081 0.4140735 0.2566893 0.2508358 0.2955880 0.2770898 0.2684665 0.2743438 0.2604001 0.2437028 0.2646866 0.2510720 0.2546025 0.3016825 0.2592530 0.2812651 0.2547767 0.2496579 0.0000000 0.2630334 0.2720783 0.2829837 0.2676184 0.3038107 0.2642807 0.2742052 0.2785061 0.2724308 0.2578277 0.2542789 0.2546654 0.3390400 0.2789005 0.2558315 0.3039221 0.3212982 0.2638791 0.2534953 0.2646431 0.2666914 0.2561275 0.2641154 0.2613269 0.2901660 0.2515264 0.2570352 0.2588994 0.3148580 0.2692995 0.4645568 0.2513196 0.2595674 0.2608287 0.2716323 0.2518189 0.2796916 0.2694220 0.2468707 0.2628300 0.2722854 0.2717734 0.2668467 0.3214818 0.2709608 0.2742760 0.2695039 0.2661214 0.2810301 0.3513476 0.2688675 0.2838516 0.2701417 0.2746858 0.2747989 0.2708543 0.2673152 0.2672768 0.2524593 0.2644145 0.2559884 
Igeo_HTT         0.0897669 0.1178804 0.0768459 0.0815117 0.0780078 0.0755317 0.0767890 0.0887258 0.0674953 0.0802188 0.0855987 0.4306336 0.0910221 0.4234828 0.0510637 0.0758629 0.0807990 0.0498272 0.0535530 0.0520850 0.0533547 0.0600292 0.0677118 0.0668654 0.0749305 0.1146811 0.0473358 0.0767511 0.0475333 0.0778304 0.2630334 0.0000000 0.1162989 0.1106842 0.0600828 0.0816916 0.0513825 0.0503003 0.0468543 0.0491357 0.0504659 0.0481090 0.0498972 0.1037336 0.0880726 0.0788380 0.1361561 0.1153659 0.0758686 0.0800182 0.0624661 0.0821482 0.0775454 0.0784144 0.0523849 0.1043323 0.0781522 0.0812097 0.0760586 0.0844589 0.0576498 0.4632881 0.0499671 0.0491790 0.0500047 0.0472334 0.0505250 0.0646223 0.0589052 0.0512727 0.0903356 0.0935698 0.0525988 0.0568907 0.1023629 0.0483162 0.0538520 0.0476206 0.0505480 0.0492895 0.1174530 0.0497959 0.0519474 0.0470204 0.0461746 0.0516995 0.0492433 0.0501702 0.0525295 0.0685848 0.0509663 0.0739646 
Kbre_HTT         0.1138225 0.1728393 0.1043624 0.1095227 0.0972620 0.0951942 0.0990043 0.1143084 0.0952256 0.1000586 0.1082313 0.4535755 0.1576868 0.4289661 0.1037002 0.0934766 0.1282545 0.1089161 0.1101140 0.1098592 0.1061123 0.0915338 0.0940057 0.0907105 0.1049258 0.1518216 0.1081721 0.1263339 0.1064236 0.1036747 0.2720783 0.1162989 0.0000000 0.0323167 0.1200883 0.1380965 0.1021379 0.1199549 0.1103897 0.1052689 0.1066201 0.1024942 0.1098542 0.1640217 0.1251083 0.1028207 0.1467355 0.1484205 0.1034563 0.1024234 0.1052053 0.1116241 0.1096370 0.1160552 0.1039866 0.1259704 0.1032416 0.1097527 0.1066555 0.1440678 0.1117668 0.4807002 0.1014432 0.1048717 0.1110816 0.1152933 0.1020980 0.1331142 0.1102517 0.1013824 0.0742574 0.0783851 0.1117488 0.1110150 0.1543674 0.1098312 0.1149027 0.1062683 0.1061652 0.1162893 0.2018362 0.1077727 0.1158255 0.1059445 0.1114431 0.1085697 0.1034504 0.1032240 0.1087143 0.1008953 0.1111010 0.1134399 
Ksim_HTT         0.1111121 0.1576613 0.1017518 0.1105540 0.0947212 0.0968817 0.0959068 0.1120355 0.0935607 0.0979407 0.0989363 0.4519260 0.1415016 0.4277421 0.0965315 0.0964561 0.1279184 0.1037374 0.1077143 0.1034916 0.1080161 0.0896314 0.0911030 0.0894436 0.1037061 0.1538219 0.1017514 0.1227575 0.1022455 0.0982781 0.2829837 0.1106842 0.0323167 0.0000000 0.1075518 0.1385926 0.0981342 0.1094008 0.1046396 0.0985184 0.1025669 0.0937659 0.1028564 0.1234944 0.1227703 0.1000876 0.1423649 0.1428745 0.0948028 0.0975249 0.0960235 0.1024467 0.1062374 0.1070190 0.1061705 0.1287773 0.1026596 0.1031671 0.1012243 0.1093781 0.1109423 0.4794912 0.0955552 0.0977909 0.1053260 0.1134187 0.0940522 0.1249972 0.1066737 0.0968278 0.0749578 0.0795642 0.1033505 0.1099134 0.1485479 0.1031489 0.1044028 0.0993787 0.1020295 0.1098121 0.1868893 0.1033361 0.1087847 0.1003388 0.1062370 0.1053879 0.1033812 0.1027625 0.1021032 0.0955848 0.1057041 0.1043877 
Lacu_HTT         0.1009536 0.1322806 0.0851656 0.0884750 0.0824186 0.0831521 0.0809766 0.1013667 0.0865741 0.0861322 0.0823447 0.4477485 0.0643478 0.4280259 0.0319361 0.0810939 0.0569156 0.0299262 0.0350899 0.0311668 0.0421838 0.0767286 0.0807101 0.0857150 0.0848570 0.0781002 0.0286452 0.0470869 0.0273129 0.0887277 0.2676184 0.0600828 0.1200883 0.1075518 0.0000000 0.0597600 0.0264878 0.0270187 0.0259803 0.0262535 0.0306902 0.0306256 0.0304721 0.1402341 0.0974488 0.0877242 0.1288573 0.1225418 0.0804085 0.0889817 0.0828773 0.0847141 0.0848655 0.0869559 0.0409057 0.1061389 0.0836153 0.0842304 0.0833720 0.0860801 0.0415426 0.4680774 0.0252259 0.0250962 0.0277406 0.0717491 0.0257079 0.0528976 0.0437079 0.0283369 0.1023692 0.0988413 0.0394956 0.0465639 0.0847347 0.0305713 0.0311524 0.0282731 0.0243165 0.0363457 0.1055109 0.0279629 0.0310440 0.0244982 0.0314524 0.0294754 0.0242805 0.0323891 0.0277129 0.0842217 0.0332411 0.0835566 
Lalb_HTT         0.1243312 0.1739724 0.1130633 0.1186693 0.0763134 0.0796752 0.0851705 0.1234286 0.1077268 0.0850965 0.1091847 0.4548070 0.0982235 0.4423045 0.0246768 0.0805480 0.0209093 0.0454544 0.0462492 0.0471581 0.0586324 0.1008823 0.1076851 0.0840706 0.1148626 0.0197189 0.0429014 0.0175411 0.0376228 0.1067350 0.3038107 0.0816916 0.1380965 0.1385926 0.0597600 0.0000000 0.0219364 0.0512063 0.0404503 0.0206782 0.0446801 0.0478999 0.0473614 0.1582188 0.1254215 0.0832402 0.1103816 0.1616478 0.1023888 0.0847445 0.1265778 0.1108224 0.1118782 0.1153299 0.0569498 0.1277814 0.0840873 0.1144782 0.1111307 0.1024864 0.0581714 0.4865679 0.0409819 0.0430820 0.0409234 0.0929337 0.0202381 0.0952067 0.0637917 0.0200714 0.1225228 0.1046727 0.0607607 0.0612332 0.1102771 0.0453689 0.0478489 0.0391416 0.0183958 0.0508963 0.1652207 0.0415909 0.0444525 0.0173450 0.0417200 0.0438855 0.0178563 0.0199843 0.0445557 0.0954010 0.0430471 0.1133276 
Laus_HTT         0.0920007 0.1213790 0.0777028 0.0826463 0.0710224 0.0754422 0.0750246 0.0938211 0.0750566 0.0804101 0.0697230 0.4289108 0.0392493 0.4092052 0.0026168 0.0757117 0.0170022 0.0175325 0.0197541 0.0189936 0.0321462 0.0688481 0.0733140 0.0742739 0.0761663 0.0640822 0.0157615 0.0123494 0.0121906 0.0746733 0.2642807 0.0513825 0.1021379 0.0981342 0.0264878 0.0219364 0.0000000 0.0049310 0.0128492 0.0140639 0.0056594 0.0055518 0.0045634 0.0819717 0.0902040 0.0798906 0.0817008 0.1131512 0.0717677 0.0779807 0.0715541 0.0793781 0.0778830 0.0779642 0.0325637 0.1009738 0.0771909 0.0787940 0.0755020 0.0371149 0.0353332 0.4535356 0.0121389 0.0130967 0.0191801 0.0677814 0.0144019 0.0412920 0.0347145 0.0149357 0.0860245 0.0957592 0.0319628 0.0355665 0.0700551 0.0159154 0.0174360 0.0124553 0.0138370 0.0229037 0.0878984 0.0166559 0.0175753 0.0109933 0.0140834 0.0164320 0.0147862 0.0165193 0.0136380 0.0683500 0.0158715 0.0742738 
Lbor_HTT         0.0995165 0.1086262 0.0775291 0.0857070 0.0759287 0.0749441 0.0765446 0.0979822 0.0769523 0.0828014 0.0780318 0.4352204 0.0321930 0.4209423 0.0063256 0.0767852 0.0456185 0.0177215 0.0215365 0.0193001 0.0330919 0.0716829 0.0771163 0.0770945 0.0794592 0.0682478 0.0152966 0.0371327 0.0120559 0.0728600 0.2742052 0.0503003 0.1199549 0.1094008 0.0270187 0.0512063 0.0049310 0.0000000 0.0132037 0.0156598 0.0044385 0.0047319 0.0042191 0.0701165 0.0847019 0.0788166 0.1275456 0.1004944 0.0685155 0.0787763 0.0727161 0.0818437 0.0731610 0.0786234 0.0330917 0.1019865 0.0785104 0.0775368 0.0738298 0.0389904 0.0371124 0.4777521 0.0112561 0.0129069 0.0188255 0.0727609 0.0124533 0.0415561 0.0355607 0.0132396 0.0949460 0.1000298 0.0326926 0.0382614 0.0611703 0.0158606 0.0162129 0.0119005 0.0130273 0.0260851 0.0638436 0.0177235 0.0181613 0.0116889 0.0132393 0.0162417 0.0148160 0.0176921 0.0125322 0.0689264 0.0170224 0.0687301 
Lhos30470_HTT    0.0971285 0.1168806 0.0924748 0.0852292 0.0714690 0.0758420 0.0784221 0.0959260 0.0764443 0.0811269 0.0733671 0.4340642 0.0486733 0.4238940 0.0151730 0.0777921 0.0305797 0.0095812 0.0116008 0.0110855 0.0318321 0.0691593 0.0877492 0.0739048 0.0818786 0.0616902 0.0147538 0.0331291 0.0105933 0.0746950 0.2785061 0.0468543 0.1103897 0.1046396 0.0259803 0.0404503 0.0128492 0.0132037 0.0000000 0.0033769 0.0140107 0.0138996 0.0138406 0.1176516 0.0852843 0.0798910 0.1209824 0.1308545 0.0693193 0.0787236 0.0690484 0.0791946 0.0767895 0.0787137 0.0314515 0.1027987 0.0788527 0.0816143 0.0770264 0.0695629 0.0352862 0.4596078 0.0095175 0.0108823 0.0155505 0.0624152 0.0128511 0.0400800 0.0338541 0.0126529 0.0924503 0.1001623 0.0303942 0.0373686 0.0670811 0.0057802 0.0082190 0.0117820 0.0129690 0.0160544 0.0773237 0.0060664 0.0072577 0.0079031 0.0061731 0.0076038 0.0047597 0.0052251 0.0048443 0.0652335 0.0086795 0.0740773 
Lhos452_HTT      0.0939365 0.1220271 0.0755568 0.0803148 0.0747450 0.0761922 0.0730638 0.0926041 0.0745695 0.0776799 0.0727399 0.4266893 0.0549026 0.4197202 0.0201491 0.0713398 0.0068385 0.0061875 0.0102442 0.0087663 0.0326850 0.0670041 0.0690795 0.0759845 0.0705435 0.0624757 0.0183258 0.0116262 0.0143589 0.0781452 0.2724308 0.0491357 0.1052689 0.0985184 0.0262535 0.0206782 0.0140639 0.0156598 0.0033769 0.0000000 0.0179699 0.0185434 0.0180171 0.1280386 0.0857724 0.0795312 0.0807210 0.1143351 0.0677001 0.0785444 0.0671715 0.0764275 0.0730891 0.0765377 0.0314654 0.0997467 0.0763320 0.0782486 0.0756912 0.0721268 0.0342585 0.4566577 0.0125285 0.0115680 0.0183861 0.0630448 0.0137356 0.0440844 0.0337902 0.0162126 0.0921551 0.0990205 0.0300643 0.0364341 0.0712718 0.0065164 0.0085970 0.0164639 0.0140695 0.0183501 0.0806271 0.0033503 0.0086417 0.0089483 0.0092772 0.0065766 0.0034293 0.0075198 0.0067814 0.0704441 0.0119321 0.0737575 
Lobl_HTT         0.0955102 0.1194457 0.0929130 0.0881176 0.0725841 0.0768436 0.0828305 0.0930212 0.0776610 0.0818366 0.0748927 0.4208193 0.0394843 0.4056384 0.0056798 0.0784537 0.0381648 0.0186140 0.0201949 0.0201452 0.0322167 0.0702876 0.0909532 0.0780406 0.0832423 0.0574570 0.0165265 0.0338948 0.0132988 0.0752533 0.2578277 0.0504659 0.1066201 0.1025669 0.0306902 0.0446801 0.0056594 0.0044385 0.0140107 0.0179699 0.0000000 0.0042648 0.0033665 0.1263872 0.0867835 0.0789909 0.1199682 0.1304188 0.0711246 0.0817228 0.0708767 0.0803971 0.0790427 0.0800032 0.0325566 0.1003945 0.0814251 0.0818746 0.0767602 0.0784398 0.0366985 0.4498418 0.0127886 0.0138610 0.0182302 0.0667113 0.0148052 0.0401700 0.0383254 0.0147665 0.0907790 0.0968711 0.0344041 0.0376457 0.0709039 0.0169182 0.0175361 0.0141619 0.0150480 0.0235278 0.0822803 0.0167335 0.0189992 0.0138115 0.0152462 0.0198231 0.0162181 0.0164151 0.0153287 0.0674281 0.0169133 0.0777192 
Lobs_HTT         0.0897758 0.1174239 0.0723020 0.0782500 0.0749645 0.0719345 0.0766645 0.0889413 0.0738045 0.0746271 0.0736164 0.4247691 0.0415492 0.4111300 0.0069797 0.0697092 0.0406129 0.0182797 0.0208196 0.0203892 0.0288219 0.0680458 0.0715648 0.0736186 0.0747483 0.0602002 0.0162877 0.0338420 0.0124862 0.0729555 0.2542789 0.0481090 0.1024942 0.0937659 0.0306256 0.0478999 0.0055518 0.0047319 0.0138996 0.0185434 0.0042648 0.0000000 0.0043448 0.1203544 0.0842990 0.0769960 0.1189862 0.1075068 0.0675302 0.0791736 0.0663948 0.0766844 0.0760677 0.0741867 0.0292232 0.0957796 0.0745399 0.0766489 0.0714357 0.0680107 0.0331314 0.4563349 0.0119948 0.0134232 0.0180229 0.0659109 0.0147111 0.0401561 0.0360032 0.0147237 0.0849420 0.0907909 0.0339637 0.0345126 0.0700989 0.0166976 0.0175501 0.0133367 0.0135390 0.0244042 0.0819832 0.0179399 0.0195536 0.0124105 0.0154267 0.0180837 0.0158054 0.0173117 0.0148260 0.0670615 0.0184290 0.0725637 
