93
Bacu_RYR2         0.0000000 0.0582440 0.0592425 0.0161828 0.0201642 0.0222396 0.0213463 0.0290077 0.0496060 0.0200751 0.0258100 0.0227105 0.2182091 0.0671338 0.0666388 0.0324200 0.0625904 0.0638030 0.0632071 0.0645686 0.0624753 0.0572458 0.0334602 0.0294097 0.0321509 0.0255919 0.0592485 0.0596462 0.0582536 0.0610995 0.0520091 0.1702002 0.0663659 0.0766177 0.0715327 0.0638298 0.0636459 0.0679205 0.0623530 0.0607176 0.0597444 0.0669853 0.0647449 0.0669184 0.0579666 0.0544287 0.0526901 0.0587986 0.0517242 0.0547739 0.0548077 0.0516078 0.0548592 0.0523638 0.0601159 0.0563314 0.0581161 0.0540448 0.0575818 0.0563806 0.2227911 0.0637456 0.0615196 0.0608300 0.2715678 0.0635379 0.0580746 0.0604592 0.0588093 0.0573328 0.0587481 0.0667119 0.0556127 0.0621180 0.0551073 0.0622736 0.0628838 0.0611370 0.0585111 0.0622968 0.0620286 0.0620096 0.0587981 0.0576237 0.0637679 0.0620136 0.0611762 0.0633942 0.3113520 0.0620640 0.0518783 0.0638039 0.0548525 
Barn_RYR2         0.0582440 0.0000000 0.0026728 0.0551554 0.0573562 0.0576328 0.0581125 0.0694127 0.0697634 0.0535457 0.0552795 0.0592027 0.2175183 0.0512202 0.0512944 0.0561976 0.0474498 0.0477600 0.0478189 0.0477584 0.0466954 0.0382018 0.0486346 0.0476919 0.0487820 0.0516858 0.0436883 0.0436553 0.0420216 0.0434804 0.0186757 0.1658372 0.0467761 0.0667830 0.0616850 0.0494677 0.0472237 0.0536331 0.0513665 0.0452810 0.0468471 0.0498206 0.0486567 0.0524217 0.0215000 0.0213132 0.0207766 0.0229693 0.0201791 0.0217962 0.0216368 0.0207312 0.0219518 0.0188819 0.0403928 0.0234840 0.0257795 0.0205529 0.0393377 0.0393582 0.2309333 0.0465216 0.0453472 0.0461215 0.2951260 0.0432877 0.0495070 0.0439046 0.0432885 0.0379002 0.0433221 0.0551295 0.0385168 0.0398297 0.0376055 0.0487042 0.0492523 0.0477136 0.0461949 0.0479461 0.0458921 0.0482690 0.0462717 0.0471051 0.0474934 0.0474546 0.0474499 0.0482788 0.3296096 0.0458290 0.0207203 0.0486799 0.0217124 
Bbai76728_RYR2    0.0592425 0.0026728 0.0000000 0.0638041 0.0585699 0.0588018 0.0590216 0.0671914 0.0654604 0.0569056 0.0630242 0.0586053 0.2140451 0.0512767 0.0512497 0.0601782 0.0477856 0.0483575 0.0480808 0.0483156 0.0476920 0.0397279 0.0496026 0.0489814 0.0507268 0.0600641 0.0442059 0.0445228 0.0437502 0.0449054 0.0191908 0.1648443 0.0491307 0.0657370 0.0631576 0.0487565 0.0470004 0.0529949 0.0512131 0.0466231 0.0479975 0.0499537 0.0490396 0.0510872 0.0235459 0.0221835 0.0213368 0.0226964 0.0206632 0.0219649 0.0195432 0.0214201 0.0232316 0.0204666 0.0420767 0.0231424 0.0259280 0.0222670 0.0403246 0.0407609 0.2235097 0.0464972 0.0455441 0.0455218 0.2844507 0.0477721 0.0497679 0.0449914 0.0446914 0.0388950 0.0445209 0.0564983 0.0398221 0.0407193 0.0384822 0.0484687 0.0488491 0.0477519 0.0461967 0.0486518 0.0436029 0.0478125 0.0463027 0.0469316 0.0470525 0.0475080 0.0466788 0.0484745 0.3255195 0.0468010 0.0227492 0.0481662 0.0222206 
BbonAUS_RYR2      0.0161828 0.0551554 0.0638041 0.0000000 0.0220109 0.0252886 0.0243080 0.0308660 0.0483410 0.0226890 0.0181288 0.0246729 0.2272279 0.0705759 0.0706338 0.0379353 0.0682204 0.0634688 0.0682300 0.0679664 0.0614028 0.0602979 0.0355162 0.0316498 0.0345173 0.0201229 0.0639032 0.0637594 0.0631463 0.0642683 0.0581368 0.1754229 0.0716595 0.0782257 0.0752101 0.0679671 0.0656859 0.0719535 0.0669982 0.0603768 0.0649773 0.0691345 0.0692130 0.0708835 0.0582560 0.0608688 0.0583586 0.0601209 0.0586474 0.0606518 0.0610549 0.0562051 0.0607307 0.0578954 0.0625831 0.0614792 0.0642051 0.0589197 0.0602468 0.0603338 0.2309358 0.0664795 0.0646546 0.0642864 0.2912313 0.0690349 0.0613628 0.0653182 0.0655682 0.0611911 0.0634902 0.0679831 0.0623453 0.0632225 0.0611421 0.0678499 0.0673034 0.0663781 0.0639347 0.0670833 0.0657855 0.0666177 0.0648990 0.0633741 0.0682984 0.0666148 0.0668581 0.0684125 0.3391546 0.0674441 0.0579098 0.0673436 0.0611417 
Bbor_RYR2         0.0201642 0.0573562 0.0585699 0.0220109 0.0000000 0.0047207 0.0048182 0.0207459 0.0537691 0.0173202 0.0212813 0.0075959 0.2175901 0.0665124 0.0656099 0.0329656 0.0630667 0.0649638 0.0627317 0.0636801 0.0629148 0.0538048 0.0312707 0.0293074 0.0308422 0.0231034 0.0567347 0.0577369 0.0576533 0.0580537 0.0497877 0.1620878 0.0666444 0.0719357 0.0683073 0.0618492 0.0593753 0.0651599 0.0617728 0.0624351 0.0601863 0.0637114 0.0634230 0.0642747 0.0577639 0.0532123 0.0525480 0.0531039 0.0515152 0.0523150 0.0522512 0.0525006 0.0536648 0.0525025 0.0570191 0.0552554 0.0576188 0.0530618 0.0532128 0.0546392 0.2198976 0.0606540 0.0600372 0.0599418 0.2737375 0.0621650 0.0526698 0.0592193 0.0564728 0.0542630 0.0583635 0.0664589 0.0537768 0.0554497 0.0542473 0.0626583 0.0625886 0.0607657 0.0591765 0.0628234 0.0608633 0.0620540 0.0595633 0.0588714 0.0637471 0.0615509 0.0611763 0.0626285 0.3082498 0.0612793 0.0498382 0.0622809 0.0558994 
Bede66737_RYR2    0.0222396 0.0576328 0.0588018 0.0252886 0.0047207 0.0000000 0.0004599 0.0228277 0.0538056 0.0193919 0.0233786 0.0037263 0.2185497 0.0672169 0.0664685 0.0332133 0.0624720 0.0646855 0.0626039 0.0635398 0.0629201 0.0545812 0.0308571 0.0285583 0.0301016 0.0235269 0.0572369 0.0576913 0.0581628 0.0585367 0.0511064 0.1645182 0.0665354 0.0715502 0.0681121 0.0621715 0.0595565 0.0663580 0.0622637 0.0620058 0.0604746 0.0649228 0.0642835 0.0652789 0.0576781 0.0548086 0.0538458 0.0548958 0.0528398 0.0541640 0.0541492 0.0533385 0.0546747 0.0532717 0.0574925 0.0568189 0.0583638 0.0543940 0.0546540 0.0560972 0.2210591 0.0617877 0.0603255 0.0601159 0.2768488 0.0628619 0.0530710 0.0594946 0.0577625 0.0555246 0.0583919 0.0662176 0.0539747 0.0566032 0.0546731 0.0625435 0.0631520 0.0610610 0.0589205 0.0630924 0.0593381 0.0622028 0.0592879 0.0594354 0.0630779 0.0617054 0.0605284 0.0625018 0.3065911 0.0611681 0.0511360 0.0624237 0.0555331 
BedeAUS_RYR2      0.0213463 0.0581125 0.0590216 0.0243080 0.0048182 0.0004599 0.0000000 0.0234156 0.0524102 0.0196268 0.0231565 0.0038567 0.2174781 0.0667718 0.0654035 0.0334538 0.0628906 0.0642407 0.0625467 0.0631981 0.0627855 0.0531404 0.0299555 0.0282032 0.0292418 0.0233039 0.0569219 0.0571919 0.0573927 0.0580038 0.0507265 0.1623802 0.0665728 0.0717562 0.0680701 0.0620003 0.0593513 0.0655896 0.0626900 0.0617343 0.0596986 0.0640358 0.0638038 0.0647533 0.0579092 0.0546853 0.0528505 0.0540224 0.0521537 0.0533248 0.0537809 0.0530619 0.0551752 0.0530257 0.0564191 0.0556035 0.0587874 0.0535360 0.0534896 0.0552115 0.2190817 0.0604630 0.0595129 0.0599297 0.2752021 0.0620916 0.0523617 0.0589755 0.0574523 0.0540951 0.0583923 0.0670538 0.0536171 0.0557731 0.0541639 0.0627163 0.0624506 0.0607706 0.0589512 0.0618923 0.0600037 0.0619083 0.0594472 0.0592746 0.0633807 0.0613937 0.0609963 0.0627220 0.3069259 0.0613992 0.0513271 0.0620495 0.0557042 
Bmus_RYR2         0.0290077 0.0694127 0.0671914 0.0308660 0.0207459 0.0228277 0.0234156 0.0000000 0.0681630 0.0252140 0.0298396 0.0239798 0.2339911 0.0734808 0.0732000 0.0393627 0.0715800 0.0733825 0.0712095 0.0700638 0.0715649 0.0615291 0.0375439 0.0357044 0.0368330 0.0309838 0.0665602 0.0675614 0.0669899 0.0671281 0.0587400 0.1861913 0.0752481 0.0812219 0.0770089 0.0718490 0.0717698 0.0741197 0.0700862 0.0694056 0.0688592 0.0763814 0.0719154 0.0733140 0.0657130 0.0608179 0.0607294 0.0637973 0.0604590 0.0615623 0.0627195 0.0595467 0.0626683 0.0598481 0.0642052 0.0641318 0.0666819 0.0617988 0.0656508 0.0629585 0.2367029 0.0700161 0.0686959 0.0717265 0.3043597 0.0705984 0.0638637 0.0682469 0.0694725 0.0640604 0.0676389 0.0752856 0.0635067 0.0711310 0.0625976 0.0709986 0.0703982 0.0693245 0.0673422 0.0704330 0.0699250 0.0708192 0.0676743 0.0676720 0.0721518 0.0703188 0.0686113 0.0707512 0.3241826 0.0703460 0.0585757 0.0718951 0.0645552 
Bmys_RYR2         0.0496060 0.0697634 0.0654604 0.0483410 0.0537691 0.0538056 0.0524102 0.0681630 0.0000000 0.0445742 0.0472830 0.0519897 0.2181236 0.0708403 0.0686790 0.0515733 0.0674652 0.0684173 0.0680098 0.0673586 0.0675239 0.0532520 0.0302684 0.0304263 0.0309023 0.0445621 0.0635510 0.0626973 0.0597035 0.0614202 0.0567967 0.1791934 0.0797329 0.0836025 0.0827994 0.0685251 0.0629819 0.0697229 0.0686999 0.0685982 0.0686715 0.0658176 0.0632427 0.0672834 0.0652509 0.0606522 0.0613399 0.0632601 0.0614380 0.0613650 0.0764159 0.0585425 0.0612730 0.0629695 0.0554606 0.0625167 0.0652932 0.0616550 0.0556172 0.0561298 0.2143508 0.0641470 0.0634128 0.0667194 0.3281941 0.0705913 0.0591738 0.0668693 0.0633592 0.0534345 0.0627933 0.0557649 0.0538033 0.0549124 0.0549979 0.0652054 0.0678434 0.0654880 0.0636228 0.0641485 0.0779031 0.0681142 0.0639191 0.0680479 0.0685085 0.0650362 0.0656364 0.0681689 0.3214855 0.0670244 0.0575177 0.0665656 0.0603643 
Bphy_RYR2         0.0200751 0.0535457 0.0569056 0.0226890 0.0173202 0.0193919 0.0196268 0.0252140 0.0445742 0.0000000 0.0086160 0.0183489 0.2220966 0.0661652 0.0656936 0.0309564 0.0620405 0.0630399 0.0624782 0.0626434 0.0628264 0.0536909 0.0294948 0.0255547 0.0269671 0.0233073 0.0572445 0.0573824 0.0562923 0.0569869 0.0505198 0.1685994 0.0670734 0.0710509 0.0667721 0.0617340 0.0598236 0.0665575 0.0643874 0.0616290 0.0602251 0.0635501 0.0629862 0.0656963 0.0567803 0.0539813 0.0526157 0.0536610 0.0525844 0.0541062 0.0545434 0.0519707 0.0543648 0.0513049 0.0559502 0.0557634 0.0576249 0.0534652 0.0520024 0.0531756 0.2288376 0.0627689 0.0595193 0.0595784 0.2799871 0.0617035 0.0541779 0.0585008 0.0545642 0.0541327 0.0568981 0.0653016 0.0535585 0.0548646 0.0531193 0.0612483 0.0625443 0.0607713 0.0587472 0.0623106 0.0578367 0.0620834 0.0596022 0.0590097 0.0621805 0.0611748 0.0605508 0.0632927 0.3339677 0.0608594 0.0496504 0.0614559 0.0540904 
Bphy_baits_RYR2   0.0258100 0.0552795 0.0630242 0.0181288 0.0212813 0.0233786 0.0231565 0.0298396 0.0472830 0.0086160 0.0000000 0.0224251 0.2259587 0.0703092 0.0693970 0.0374321 0.0672348 0.0615579 0.0673733 0.0677124 0.0608417 0.0569308 0.0340740 0.0317055 0.0327811 0.0187474 0.0619242 0.0624746 0.0617262 0.0627094 0.0564521 0.1697231 0.0732819 0.0772736 0.0731247 0.0662452 0.0650625 0.0705784 0.0685502 0.0600534 0.0648492 0.0679957 0.0672170 0.0690886 0.0568626 0.0596799 0.0578546 0.0594096 0.0577724 0.0599123 0.0584817 0.0576181 0.0615401 0.0569020 0.0595657 0.0608300 0.0638699 0.0579117 0.0564414 0.0579284 0.2284831 0.0647610 0.0629749 0.0639229 0.2970749 0.0653984 0.0587535 0.0626610 0.0614494 0.0570959 0.0629743 0.0643455 0.0576014 0.0591850 0.0572451 0.0666946 0.0669716 0.0653290 0.0632470 0.0662119 0.0666144 0.0668696 0.0650315 0.0631752 0.0678366 0.0660227 0.0657844 0.0681438 0.3301084 0.0657150 0.0569253 0.0667793 0.0599812 
Bric_RYR2         0.0227105 0.0592027 0.0586053 0.0246729 0.0075959 0.0037263 0.0038567 0.0239798 0.0519897 0.0183489 0.0224251 0.0000000 0.2264459 0.0668689 0.0660844 0.0332817 0.0625796 0.0640660 0.0626509 0.0656444 0.0630253 0.0565279 0.0310178 0.0286417 0.0301494 0.0234289 0.0570711 0.0577833 0.0579838 0.0616904 0.0509513 0.1694902 0.0675782 0.0744992 0.0683344 0.0624265 0.0625139 0.0663226 0.0619489 0.0624318 0.0607759 0.0685698 0.0639424 0.0649747 0.0582453 0.0533419 0.0529575 0.0597289 0.0535828 0.0544944 0.0560737 0.0529789 0.0548500 0.0526358 0.0591373 0.0560663 0.0575656 0.0537649 0.0573831 0.0553104 0.2288393 0.0615226 0.0600921 0.0639382 0.2868111 0.0637951 0.0561055 0.0595895 0.0584174 0.0559742 0.0584747 0.0664596 0.0550341 0.0628654 0.0550869 0.0625287 0.0628399 0.0608128 0.0587207 0.0625517 0.0599973 0.0622275 0.0593610 0.0595032 0.0637618 0.0617386 0.0608442 0.0627840 0.3109446 0.0612107 0.0518540 0.0635610 0.0561664 
Btau_RYR2         0.2182091 0.2175183 0.2140451 0.2272279 0.2175901 0.2185497 0.2174781 0.2339911 0.2181236 0.2220966 0.2259587 0.2264459 0.0000000 0.2210294 0.2236541 0.2197187 0.2235713 0.2310961 0.2234446 0.2251180 0.2250409 0.2092149 0.2043350 0.2053629 0.2063047 0.2213608 0.2216403 0.2184923 0.2196769 0.2240543 0.2049211 0.2722937 0.2211337 0.2361618 0.2220090 0.2243800 0.2295547 0.2266968 0.2144752 0.2293757 0.2246032 0.2323133 0.2194861 0.2258540 0.2240344 0.2050560 0.2028961 0.2172610 0.2074949 0.2091411 0.1949154 0.2053113 0.2071262 0.2034942 0.2153433 0.2067338 0.2162190 0.2082131 0.2214623 0.2128863 0.0526193 0.2217950 0.2185598 0.2305611 0.1218895 0.2172945 0.2199525 0.2225214 0.2231299 0.2157588 0.2211816 0.2475625 0.2111580 0.2309393 0.2120794 0.2194016 0.2207826 0.2236012 0.2221254 0.2213211 0.2051105 0.2214496 0.2253945 0.2213159 0.2229381 0.2216800 0.2201680 0.2213575 0.3639547 0.2153636 0.2085037 0.2280081 0.2076908 
Ccom40_RYR2       0.0671338 0.0512202 0.0512767 0.0705759 0.0665124 0.0672169 0.0667718 0.0734808 0.0708403 0.0661652 0.0703092 0.0668689 0.2210294 0.0000000 0.0042590 0.0627386 0.0161440 0.0170428 0.0174693 0.0176100 0.0164519 0.0286342 0.0565764 0.0558783 0.0577100 0.0661056 0.0163293 0.0155432 0.0160685 0.0171106 0.0465167 0.1690542 0.0506454 0.0730053 0.0693727 0.0218131 0.0202564 0.0035044 0.0073813 0.0170330 0.0154926 0.0072777 0.0075631 0.0065619 0.0500906 0.0489972 0.0485952 0.0504577 0.0469734 0.0498158 0.0488970 0.0480054 0.0494703 0.0473823 0.0313805 0.0495763 0.0521968 0.0482176 0.0312388 0.0314517 0.2253653 0.0202888 0.0176226 0.0192165 0.2859837 0.0472823 0.0591716 0.0192062 0.0342044 0.0300488 0.0171202 0.0702168 0.0300302 0.0324122 0.0297401 0.0169549 0.0161799 0.0174256 0.0160706 0.0168207 0.0191235 0.0181448 0.0155973 0.0168401 0.0165818 0.0165873 0.0176238 0.0194851 0.3123401 0.0175550 0.0491285 0.0183856 0.0489241 
Chea7320_RYR2     0.0666388 0.0512944 0.0512497 0.0706338 0.0656099 0.0664685 0.0654035 0.0732000 0.0686790 0.0656936 0.0693970 0.0660844 0.2236541 0.0042590 0.0000000 0.0630399 0.0150192 0.0156664 0.0161402 0.0161379 0.0145701 0.0278500 0.0567386 0.0557048 0.0578290 0.0665462 0.0157578 0.0150074 0.0150469 0.0161661 0.0471118 0.1679932 0.0481628 0.0727310 0.0692840 0.0198966 0.0182515 0.0029119 0.0060645 0.0146501 0.0134553 0.0060343 0.0059285 0.0048691 0.0485272 0.0490775 0.0476777 0.0505479 0.0463645 0.0490349 0.0483982 0.0476684 0.0491310 0.0461813 0.0305363 0.0494437 0.0508355 0.0475220 0.0299198 0.0302304 0.2266815 0.0195998 0.0169336 0.0175762 0.2844652 0.0449338 0.0580216 0.0184759 0.0329380 0.0294940 0.0162698 0.0679531 0.0285675 0.0309583 0.0274845 0.0158676 0.0148403 0.0162759 0.0145889 0.0156095 0.0171037 0.0159961 0.0140468 0.0161160 0.0151175 0.0150586 0.0152845 0.0170074 0.3193139 0.0159547 0.0483974 0.0168280 0.0481789 
Cmar59905_RYR2    0.0324200 0.0561976 0.0601782 0.0379353 0.0329656 0.0332133 0.0334538 0.0393627 0.0515733 0.0309564 0.0374321 0.0332817 0.2197187 0.0627386 0.0630399 0.0000000 0.0620467 0.0634918 0.0624512 0.0625481 0.0625210 0.0552919 0.0333893 0.0316121 0.0334556 0.0358973 0.0587453 0.0583530 0.0582957 0.0592114 0.0540548 0.1670631 0.0647387 0.0742772 0.0711731 0.0620129 0.0602913 0.0646851 0.0613846 0.0625724 0.0609507 0.0628415 0.0613003 0.0629475 0.0619636 0.0558357 0.0546011 0.0578683 0.0553722 0.0565413 0.0530118 0.0545041 0.0576674 0.0539004 0.0581737 0.0583388 0.0622916 0.0559759 0.0545025 0.0550065 0.2225637 0.0614814 0.0613969 0.0612024 0.2800332 0.0624209 0.0560183 0.0599545 0.0590856 0.0544089 0.0594784 0.0742942 0.0537326 0.0563243 0.0547307 0.0617171 0.0622387 0.0614494 0.0598396 0.0619611 0.0589814 0.0623181 0.0596603 0.0616589 0.0634146 0.0614749 0.0610810 0.0638534 0.3155778 0.0606233 0.0544619 0.0625489 0.0562657 
Dcap108471_RYR2   0.0625904 0.0474498 0.0477856 0.0682204 0.0630667 0.0624720 0.0628906 0.0715800 0.0674652 0.0620405 0.0672348 0.0625796 0.2235713 0.0161440 0.0150192 0.0620467 0.0000000 0.0009497 0.0013351 0.0011058 0.0020306 0.0236936 0.0554645 0.0551507 0.0566379 0.0639004 0.0134837 0.0127497 0.0125954 0.0135706 0.0430481 0.1647065 0.0449890 0.0713784 0.0678778 0.0178179 0.0137712 0.0156939 0.0135680 0.0074443 0.0070598 0.0137803 0.0129577 0.0145102 0.0445549 0.0457772 0.0440045 0.0467367 0.0427898 0.0451595 0.0440287 0.0445060 0.0466193 0.0432358 0.0253751 0.0458299 0.0473202 0.0445271 0.0261271 0.0262281 0.2295532 0.0164788 0.0139853 0.0144835 0.2842462 0.0421398 0.0546761 0.0148008 0.0291452 0.0253404 0.0141501 0.0647933 0.0249742 0.0268991 0.0234745 0.0047699 0.0058519 0.0133792 0.0121540 0.0084608 0.0084885 0.0062907 0.0063452 0.0096236 0.0052069 0.0040325 0.0060666 0.0058014 0.3151505 0.0057889 0.0454276 0.0064682 0.0448325 
Dcap79929_RYR2    0.0638030 0.0477600 0.0483575 0.0634688 0.0649638 0.0646855 0.0642407 0.0733825 0.0684173 0.0630399 0.0615579 0.0640660 0.2310961 0.0170428 0.0156664 0.0634918 0.0009497 0.0000000 0.0023673 0.0021118 0.0021603 0.0246475 0.0570693 0.0557027 0.0573270 0.0596064 0.0137772 0.0137851 0.0125207 0.0139000 0.0439658 0.1675279 0.0447268 0.0734763 0.0696618 0.0193579 0.0148515 0.0168007 0.0140088 0.0081808 0.0081180 0.0146187 0.0140566 0.0155288 0.0453184 0.0464533 0.0444473 0.0475377 0.0434952 0.0464883 0.0456394 0.0458638 0.0471671 0.0437104 0.0272031 0.0469572 0.0481040 0.0460558 0.0274921 0.0274674 0.2352271 0.0170977 0.0147269 0.0153593 0.2999075 0.0426190 0.0565603 0.0152159 0.0306269 0.0259289 0.0147750 0.0658890 0.0261621 0.0285747 0.0247204 0.0057576 0.0075448 0.0144392 0.0130491 0.0095729 0.0092827 0.0078856 0.0079117 0.0105658 0.0059614 0.0054794 0.0072188 0.0069264 0.3251493 0.0074028 0.0464902 0.0078129 0.0448027 
DdelSJR_RYR2      0.0632071 0.0478189 0.0480808 0.0682300 0.0627317 0.0626039 0.0625467 0.0712095 0.0680098 0.0624782 0.0673733 0.0626509 0.2234446 0.0174693 0.0161402 0.0624512 0.0013351 0.0023673 0.0000000 0.0023920 0.0024758 0.0236998 0.0551009 0.0554598 0.0568726 0.0632008 0.0136804 0.0129594 0.0128792 0.0137639 0.0432111 0.1672952 0.0453136 0.0715170 0.0682087 0.0180640 0.0139604 0.0165354 0.0147432 0.0077421 0.0076449 0.0144226 0.0139096 0.0155375 0.0445589 0.0459076 0.0441540 0.0468475 0.0428231 0.0455518 0.0440199 0.0452075 0.0463689 0.0432673 0.0260590 0.0459591 0.0474450 0.0445422 0.0263220 0.0265676 0.2303334 0.0169544 0.0144621 0.0146600 0.2822846 0.0421242 0.0551125 0.0149001 0.0289525 0.0255876 0.0146238 0.0648015 0.0252255 0.0275569 0.0238712 0.0051719 0.0065045 0.0137297 0.0126277 0.0095397 0.0089668 0.0068735 0.0067856 0.0103270 0.0057065 0.0044210 0.0067116 0.0061336 0.3171773 0.0066521 0.0451704 0.0070096 0.0457558 
Ddel_RYR2         0.0645686 0.0477584 0.0483156 0.0679664 0.0636801 0.0635398 0.0631981 0.0700638 0.0673586 0.0626434 0.0677124 0.0656444 0.2251180 0.0176100 0.0161379 0.0625481 0.0011058 0.0021118 0.0023920 0.0000000 0.0022347 0.0234674 0.0560524 0.0556676 0.0571876 0.0648921 0.0142735 0.0135546 0.0135990 0.0146482 0.0438179 0.1769065 0.0452593 0.0706546 0.0682183 0.0194540 0.0164435 0.0166632 0.0147622 0.0088597 0.0075756 0.0185651 0.0141733 0.0152033 0.0450263 0.0467738 0.0450016 0.0473039 0.0430605 0.0459103 0.0441994 0.0456999 0.0470618 0.0435245 0.0254565 0.0468213 0.0484121 0.0450237 0.0296377 0.0264643 0.2292942 0.0167391 0.0142767 0.0192367 0.2929557 0.0425054 0.0555592 0.0148040 0.0298558 0.0258552 0.0152227 0.0660909 0.0255100 0.0313791 0.0241773 0.0064798 0.0075637 0.0140192 0.0129360 0.0087171 0.0086711 0.0077218 0.0079680 0.0107210 0.0067074 0.0055000 0.0073423 0.0065344 0.3144968 0.0072990 0.0456827 0.0089606 0.0458614 
Ddeltrop4525_RYR2 0.0624753 0.0466954 0.0476920 0.0614028 0.0629148 0.0629201 0.0627855 0.0715649 0.0675239 0.0628264 0.0608417 0.0630253 0.2250409 0.0164519 0.0145701 0.0625210 0.0020306 0.0021603 0.0024758 0.0022347 0.0000000 0.0227219 0.0557621 0.0550279 0.0567262 0.0581397 0.0129050 0.0123121 0.0122447 0.0129999 0.0434892 0.1643678 0.0448112 0.0721421 0.0678484 0.0182560 0.0134389 0.0153702 0.0137123 0.0070003 0.0059267 0.0134432 0.0128596 0.0137010 0.0436980 0.0460725 0.0444499 0.0465102 0.0422836 0.0453716 0.0438781 0.0448396 0.0465199 0.0431286 0.0248986 0.0460283 0.0479064 0.0440351 0.0256527 0.0257455 0.2313622 0.0151032 0.0124777 0.0141571 0.2841906 0.0412711 0.0555272 0.0137561 0.0286003 0.0246314 0.0136956 0.0643278 0.0245051 0.0264300 0.0233021 0.0055630 0.0061024 0.0130444 0.0119506 0.0077801 0.0076314 0.0069877 0.0071459 0.0087902 0.0060362 0.0051733 0.0066381 0.0063109 0.3163924 0.0075115 0.0449635 0.0069842 0.0459229 
Dleu_RYR2         0.0572458 0.0382018 0.0397279 0.0602979 0.0538048 0.0545812 0.0531404 0.0615291 0.0532520 0.0536909 0.0569308 0.0565279 0.2092149 0.0286342 0.0278500 0.0552919 0.0236936 0.0246475 0.0236998 0.0234674 0.0227219 0.0000000 0.0470889 0.0451884 0.0482119 0.0555516 0.0212215 0.0213983 0.0207710 0.0219609 0.0345788 0.1699959 0.0374182 0.0644215 0.0583303 0.0257432 0.0261996 0.0281170 0.0253984 0.0229463 0.0231520 0.0295282 0.0251692 0.0260784 0.0379219 0.0374142 0.0366715 0.0407218 0.0338889 0.0370464 0.0342787 0.0363560 0.0387104 0.0351123 0.0067235 0.0380146 0.0407269 0.0357103 0.0156295 0.0129610 0.2146342 0.0246243 0.0234430 0.0262937 0.2753004 0.0339897 0.0489248 0.0230530 0.0125694 0.0131026 0.0220767 0.0571890 0.0125989 0.0199416 0.0118417 0.0241978 0.0243248 0.0234756 0.0220880 0.0241386 0.0246635 0.0236149 0.0221049 0.0231003 0.0240856 0.0226715 0.0238069 0.0242796 0.2948277 0.0236950 0.0369602 0.0257315 0.0395697 
EausAUS_RYR2      0.0334602 0.0486346 0.0496026 0.0355162 0.0312707 0.0308571 0.0299555 0.0375439 0.0302684 0.0294948 0.0340740 0.0310178 0.2043350 0.0565764 0.0567386 0.0333893 0.0554645 0.0570693 0.0551009 0.0560524 0.0557621 0.0470889 0.0000000 0.0049055 0.0047883 0.0307052 0.0501369 0.0507769 0.0501317 0.0509051 0.0436684 0.1603595 0.0567196 0.0655248 0.0611741 0.0554418 0.0524270 0.0582033 0.0559549 0.0546188 0.0547599 0.0562906 0.0561657 0.0568460 0.0484034 0.0470306 0.0457554 0.0487279 0.0456932 0.0463056 0.0437185 0.0439309 0.0486792 0.0437057 0.0501477 0.0474325 0.0503394 0.0460807 0.0469110 0.0476247 0.2093062 0.0548612 0.0539159 0.0517077 0.2636667 0.0535059 0.0465193 0.0521850 0.0493882 0.0477894 0.0506062 0.0557440 0.0473381 0.0490486 0.0471697 0.0556567 0.0554393 0.0538202 0.0527329 0.0550609 0.0547939 0.0552386 0.0527986 0.0532037 0.0555171 0.0546954 0.0533158 0.0550876 0.3039276 0.0539807 0.0449933 0.0546981 0.0478622 
Egla13086_RYR2    0.0294097 0.0476919 0.0489814 0.0316498 0.0293074 0.0285583 0.0282032 0.0357044 0.0304263 0.0255547 0.0317055 0.0286417 0.2053629 0.0558783 0.0557048 0.0316121 0.0551507 0.0557027 0.0554598 0.0556676 0.0550279 0.0451884 0.0049055 0.0000000 0.0018628 0.0287459 0.0498782 0.0501647 0.0494160 0.0504841 0.0433583 0.1591656 0.0557269 0.0642937 0.0597469 0.0546083 0.0524085 0.0581184 0.0564609 0.0542082 0.0539593 0.0553433 0.0546737 0.0560819 0.0473227 0.0461435 0.0440501 0.0471117 0.0436329 0.0453214 0.0426914 0.0441914 0.0472189 0.0423185 0.0486928 0.0469628 0.0502537 0.0450402 0.0449975 0.0456878 0.2095640 0.0538262 0.0523992 0.0521312 0.2679341 0.0521819 0.0452989 0.0517262 0.0484569 0.0456028 0.0498962 0.0553474 0.0462758 0.0469630 0.0459653 0.0553210 0.0549754 0.0533338 0.0516559 0.0541406 0.0537173 0.0548274 0.0526671 0.0528825 0.0556291 0.0542587 0.0538102 0.0556985 0.3090502 0.0539977 0.0445688 0.0545193 0.0464773 
Ejap43864_RYR2    0.0321509 0.0487820 0.0507268 0.0345173 0.0308422 0.0301016 0.0292418 0.0368330 0.0309023 0.0269671 0.0327811 0.0301494 0.2063047 0.0577100 0.0578290 0.0334556 0.0566379 0.0573270 0.0568726 0.0571876 0.0567262 0.0482119 0.0047883 0.0018628 0.0000000 0.0301930 0.0515807 0.0519321 0.0503899 0.0518908 0.0446386 0.1594517 0.0576191 0.0654914 0.0623191 0.0557130 0.0534514 0.0599068 0.0577983 0.0551680 0.0553315 0.0571636 0.0569537 0.0583460 0.0486521 0.0469019 0.0452505 0.0482484 0.0452520 0.0471039 0.0430285 0.0449535 0.0484574 0.0436650 0.0505726 0.0484952 0.0508585 0.0468022 0.0477673 0.0482418 0.2066053 0.0552663 0.0536916 0.0529309 0.2686476 0.0544811 0.0475987 0.0530203 0.0506334 0.0481754 0.0515665 0.0568603 0.0483124 0.0497050 0.0476647 0.0568960 0.0565665 0.0545143 0.0531192 0.0554198 0.0558361 0.0562629 0.0534268 0.0540776 0.0564818 0.0556938 0.0552368 0.0567124 0.3091667 0.0555962 0.0455661 0.0557907 0.0472761 
Erob133443_RYR2   0.0255919 0.0516858 0.0600641 0.0201229 0.0231034 0.0235269 0.0233039 0.0309838 0.0445621 0.0233073 0.0187474 0.0234289 0.2213608 0.0661056 0.0665462 0.0358973 0.0639004 0.0596064 0.0632008 0.0648921 0.0581397 0.0555516 0.0307052 0.0287459 0.0301930 0.0000000 0.0594818 0.0596848 0.0592678 0.0602097 0.0520202 0.1684191 0.0682208 0.0738199 0.0691722 0.0650285 0.0610043 0.0666388 0.0659632 0.0580992 0.0620494 0.0654567 0.0649082 0.0661407 0.0529731 0.0552021 0.0533638 0.0561710 0.0535614 0.0547850 0.0542438 0.0527111 0.0567300 0.0528760 0.0583123 0.0568695 0.0597872 0.0542945 0.0554997 0.0558685 0.2231995 0.0635795 0.0622798 0.0613225 0.2890482 0.0640634 0.0552342 0.0611600 0.0598117 0.0554102 0.0599699 0.0605085 0.0560113 0.0578049 0.0556003 0.0639095 0.0635269 0.0629830 0.0614211 0.0632016 0.0640371 0.0635212 0.0599980 0.0601200 0.0647074 0.0624038 0.0626235 0.0647123 0.3215817 0.0631059 0.0525681 0.0637249 0.0561989 
Fatt_RYR2         0.0592485 0.0436883 0.0442059 0.0639032 0.0567347 0.0572369 0.0569219 0.0665602 0.0635510 0.0572445 0.0619242 0.0570711 0.2216403 0.0163293 0.0157578 0.0587453 0.0134837 0.0137772 0.0136804 0.0142735 0.0129050 0.0212215 0.0501369 0.0498782 0.0515807 0.0594818 0.0000000 0.0039717 0.0015569 0.0026219 0.0386731 0.1649836 0.0407098 0.0674848 0.0639188 0.0154873 0.0119976 0.0159409 0.0148304 0.0128981 0.0116812 0.0149618 0.0149506 0.0145267 0.0399968 0.0414441 0.0403419 0.0435688 0.0378758 0.0409722 0.0406117 0.0413813 0.0417573 0.0378930 0.0242829 0.0430790 0.0439574 0.0403447 0.0233598 0.0235376 0.2285871 0.0142339 0.0117057 0.0131460 0.2801936 0.0396326 0.0506856 0.0043120 0.0249942 0.0227113 0.0029201 0.0580456 0.0224486 0.0248233 0.0207150 0.0129048 0.0128544 0.0073804 0.0063894 0.0135785 0.0144850 0.0130658 0.0117082 0.0106365 0.0124576 0.0126155 0.0134041 0.0129153 0.3078836 0.0128165 0.0408430 0.0124444 0.0407379 
Ggri_RYR2         0.0596462 0.0436553 0.0445228 0.0637594 0.0577369 0.0576913 0.0571919 0.0675614 0.0626973 0.0573824 0.0624746 0.0577833 0.2184923 0.0155432 0.0150074 0.0583530 0.0127497 0.0137851 0.0129594 0.0135546 0.0123121 0.0213983 0.0507769 0.0501647 0.0519321 0.0596848 0.0039717 0.0000000 0.0033369 0.0043720 0.0387337 0.1655243 0.0420002 0.0663515 0.0631756 0.0162691 0.0124192 0.0156746 0.0145412 0.0127811 0.0115747 0.0149182 0.0143263 0.0140576 0.0401250 0.0415106 0.0403724 0.0433990 0.0379350 0.0410090 0.0399551 0.0414018 0.0418098 0.0378454 0.0242169 0.0430796 0.0439692 0.0403763 0.0237681 0.0239622 0.2257723 0.0150185 0.0125189 0.0126584 0.2774964 0.0397077 0.0506771 0.0061358 0.0253143 0.0231336 0.0042668 0.0583993 0.0222025 0.0252305 0.0207444 0.0123979 0.0123802 0.0082704 0.0077026 0.0134390 0.0128136 0.0129501 0.0118299 0.0114583 0.0118016 0.0120391 0.0133756 0.0128920 0.3057396 0.0122173 0.0408812 0.0124135 0.0413326 
Gmac39091_RYR2    0.0582536 0.0420216 0.0437502 0.0631463 0.0576533 0.0581628 0.0573927 0.0669899 0.0597035 0.0562923 0.0617262 0.0579838 0.2196769 0.0160685 0.0150469 0.0582957 0.0125954 0.0125207 0.0128792 0.0135990 0.0122447 0.0207710 0.0501317 0.0494160 0.0503899 0.0592678 0.0015569 0.0033369 0.0000000 0.0013094 0.0382623 0.1624702 0.0416951 0.0661384 0.0624376 0.0150694 0.0117801 0.0158593 0.0147621 0.0134249 0.0116333 0.0142865 0.0144032 0.0143395 0.0390574 0.0412970 0.0394655 0.0430693 0.0376412 0.0405979 0.0400450 0.0408146 0.0407788 0.0378108 0.0233561 0.0421836 0.0434395 0.0398180 0.0226721 0.0227166 0.2255656 0.0140226 0.0118147 0.0129272 0.2779286 0.0390916 0.0504724 0.0035878 0.0245254 0.0219504 0.0017878 0.0570181 0.0216679 0.0236569 0.0202836 0.0129923 0.0129284 0.0073543 0.0063664 0.0127165 0.0138434 0.0133576 0.0106920 0.0108296 0.0123090 0.0119692 0.0136991 0.0128121 0.3125639 0.0122173 0.0404637 0.0122269 0.0403256 
Gmel_RYR2         0.0610995 0.0434804 0.0449054 0.0642683 0.0580537 0.0585367 0.0580038 0.0671281 0.0614202 0.0569869 0.0627094 0.0616904 0.2240543 0.0171106 0.0161661 0.0592114 0.0135706 0.0139000 0.0137639 0.0146482 0.0129999 0.0219609 0.0509051 0.0504841 0.0518908 0.0602097 0.0026219 0.0043720 0.0013094 0.0000000 0.0392370 0.1741662 0.0426318 0.0676563 0.0639703 0.0156568 0.0151947 0.0166920 0.0152790 0.0141807 0.0126168 0.0190312 0.0153670 0.0152308 0.0402817 0.0422477 0.0403880 0.0449203 0.0386270 0.0415192 0.0416308 0.0421014 0.0421856 0.0388906 0.0245999 0.0436165 0.0448830 0.0410618 0.0278598 0.0236366 0.2263539 0.0148930 0.0126436 0.0175500 0.2884448 0.0398478 0.0521985 0.0046854 0.0256674 0.0232275 0.0028906 0.0591093 0.0227395 0.0295963 0.0213107 0.0138126 0.0136878 0.0081429 0.0071830 0.0135522 0.0140268 0.0140805 0.0118191 0.0116878 0.0130762 0.0124836 0.0144236 0.0134671 0.3095773 0.0129127 0.0413925 0.0153048 0.0417784 
Hamp_RYR2         0.0520091 0.0186757 0.0191908 0.0581368 0.0497877 0.0511064 0.0507265 0.0587400 0.0567967 0.0505198 0.0564521 0.0509513 0.2049211 0.0465167 0.0471118 0.0540548 0.0430481 0.0439658 0.0432111 0.0438179 0.0434892 0.0345788 0.0436684 0.0433583 0.0446386 0.0520202 0.0386731 0.0387337 0.0382623 0.0392370 0.0000000 0.1569350 0.0441906 0.0608627 0.0580831 0.0435487 0.0417050 0.0478578 0.0455137 0.0429582 0.0427697 0.0454816 0.0450590 0.0460608 0.0111851 0.0103923 0.0098752 0.0120685 0.0101197 0.0111964 0.0125348 0.0102742 0.0127171 0.0087995 0.0382979 0.0121009 0.0135821 0.0104403 0.0361451 0.0361044 0.2155503 0.0428240 0.0413642 0.0414782 0.2668164 0.0433497 0.0448121 0.0402762 0.0384519 0.0358640 0.0393734 0.0537889 0.0348868 0.0372113 0.0326714 0.0435071 0.0438807 0.0419130 0.0399430 0.0439173 0.0419066 0.0432346 0.0406404 0.0411786 0.0436990 0.0427172 0.0426261 0.0438173 0.2977237 0.0421310 0.0128991 0.0431984 0.0147235 
Hippo_RYR2        0.1702002 0.1658372 0.1648443 0.1754229 0.1620878 0.1645182 0.1623802 0.1861913 0.1791934 0.1685994 0.1697231 0.1694902 0.2722937 0.1690542 0.1679932 0.1670631 0.1647065 0.1675279 0.1672952 0.1769065 0.1643678 0.1699959 0.1603595 0.1591656 0.1594517 0.1684191 0.1649836 0.1655243 0.1624702 0.1741662 0.1569350 0.0000000 0.1706072 0.1903431 0.1739060 0.1646645 0.1745508 0.1711457 0.1627733 0.1685486 0.1655203 0.1766576 0.1657626 0.1698431 0.1676878 0.1595681 0.1569315 0.1777065 0.1597113 0.1621740 0.1615993 0.1577485 0.1589897 0.1604194 0.1744230 0.1616435 0.1654776 0.1587922 0.1720046 0.1623994 0.2722828 0.1638330 0.1616892 0.1753593 0.3369430 0.1689041 0.1725925 0.1649678 0.1667048 0.1624135 0.1623565 0.1877220 0.1580512 0.1800034 0.1600625 0.1627208 0.1628458 0.1660662 0.1621728 0.1653305 0.1505370 0.1666237 0.1611859 0.1610535 0.1643991 0.1636777 0.1629767 0.1657685 0.3675606 0.1643689 0.1622883 0.1724119 0.1669226 
Igeo_RYR2         0.0663659 0.0467761 0.0491307 0.0716595 0.0666444 0.0665354 0.0665728 0.0752481 0.0797329 0.0670734 0.0732819 0.0675782 0.2211337 0.0506454 0.0481628 0.0647387 0.0449890 0.0447268 0.0453136 0.0452593 0.0448112 0.0374182 0.0567196 0.0557269 0.0576191 0.0682208 0.0407098 0.0420002 0.0416951 0.0426318 0.0441906 0.1706072 0.0000000 0.0745257 0.0688964 0.0455756 0.0425951 0.0491842 0.0469053 0.0429413 0.0439751 0.0452214 0.0447686 0.0461511 0.0493916 0.0479409 0.0467295 0.0477898 0.0468798 0.0477664 0.0484044 0.0459880 0.0481764 0.0471717 0.0399827 0.0494697 0.0515900 0.0461760 0.0387170 0.0380784 0.2314460 0.0433534 0.0429605 0.0443016 0.2631986 0.0372895 0.0584651 0.0430565 0.0403827 0.0371276 0.0420463 0.0661757 0.0379979 0.0394633 0.0382735 0.0452893 0.0454181 0.0446673 0.0433422 0.0455693 0.0428901 0.0433110 0.0439940 0.0439597 0.0444202 0.0433192 0.0429367 0.0436619 0.3111427 0.0435278 0.0481435 0.0451884 0.0487091 
Kbre_RYR2         0.0766177 0.0667830 0.0657370 0.0782257 0.0719357 0.0715502 0.0717562 0.0812219 0.0836025 0.0710509 0.0772736 0.0744992 0.2361618 0.0730053 0.0727310 0.0742772 0.0713784 0.0734763 0.0715170 0.0706546 0.0721421 0.0644215 0.0655248 0.0642937 0.0654914 0.0738199 0.0674848 0.0663515 0.0661384 0.0676563 0.0608627 0.1903431 0.0745257 0.0000000 0.0127813 0.0704743 0.0672634 0.0749066 0.0702339 0.0696186 0.0714467 0.0724427 0.0722378 0.0730544 0.0690524 0.0609626 0.0615234 0.0642493 0.0620333 0.0637245 0.0635879 0.0618096 0.0634987 0.0588148 0.0632572 0.0654747 0.0674427 0.0625891 0.0659492 0.0644812 0.2408642 0.0716470 0.0689881 0.0669356 0.2974418 0.0690313 0.0388497 0.0676025 0.0658832 0.0647900 0.0668463 0.0421654 0.0634036 0.0655113 0.0625323 0.0705622 0.0714151 0.0698073 0.0695383 0.0710011 0.0705180 0.0714880 0.0678719 0.0697712 0.0713639 0.0708816 0.0699011 0.0708498 0.3389295 0.0703677 0.0613641 0.0690696 0.0617259 
Ksim_RYR2         0.0715327 0.0616850 0.0631576 0.0752101 0.0683073 0.0681121 0.0680701 0.0770089 0.0827994 0.0667721 0.0731247 0.0683344 0.2220090 0.0693727 0.0692840 0.0711731 0.0678778 0.0696618 0.0682087 0.0682183 0.0678484 0.0583303 0.0611741 0.0597469 0.0623191 0.0691722 0.0639188 0.0631756 0.0624376 0.0639703 0.0580831 0.1739060 0.0688964 0.0127813 0.0000000 0.0681583 0.0636696 0.0715599 0.0678011 0.0671967 0.0672561 0.0687306 0.0681998 0.0699160 0.0686473 0.0589753 0.0584256 0.0604987 0.0591607 0.0602283 0.0599856 0.0601649 0.0618139 0.0569893 0.0606017 0.0624395 0.0641574 0.0608274 0.0612568 0.0619659 0.2258415 0.0673385 0.0651417 0.0651011 0.2876585 0.0654067 0.0359544 0.0646456 0.0629210 0.0615862 0.0626211 0.0353414 0.0603173 0.0628048 0.0589991 0.0678211 0.0679440 0.0671264 0.0660066 0.0676320 0.0666867 0.0672031 0.0639481 0.0650400 0.0685303 0.0665681 0.0668430 0.0672166 0.3289665 0.0663453 0.0584526 0.0664165 0.0598725 
Lacu_RYR2         0.0638298 0.0494677 0.0487565 0.0679671 0.0618492 0.0621715 0.0620003 0.0718490 0.0685251 0.0617340 0.0662452 0.0624265 0.2243800 0.0218131 0.0198966 0.0620129 0.0178179 0.0193579 0.0180640 0.0194540 0.0182560 0.0257432 0.0554418 0.0546083 0.0557130 0.0650285 0.0154873 0.0162691 0.0150694 0.0156568 0.0435487 0.1646645 0.0455756 0.0704743 0.0681583 0.0000000 0.0194483 0.0209346 0.0182061 0.0190553 0.0182827 0.0185049 0.0181337 0.0195628 0.0441771 0.0471400 0.0457346 0.0479835 0.0444361 0.0462412 0.0453431 0.0460049 0.0471353 0.0437838 0.0284519 0.0484303 0.0494190 0.0456259 0.0279893 0.0283820 0.2284626 0.0190003 0.0170683 0.0182828 0.2869454 0.0427770 0.0559963 0.0173023 0.0301406 0.0271437 0.0161642 0.0635221 0.0277428 0.0290296 0.0261934 0.0173431 0.0177086 0.0180960 0.0162885 0.0181732 0.0216388 0.0189121 0.0154340 0.0189491 0.0180071 0.0160429 0.0181790 0.0194132 0.3121379 0.0170478 0.0462351 0.0182568 0.0464554 
Lalb_RYR2         0.0636459 0.0472237 0.0470004 0.0656859 0.0593753 0.0595565 0.0593513 0.0717698 0.0629819 0.0598236 0.0650625 0.0625139 0.2295547 0.0202564 0.0182515 0.0602913 0.0137712 0.0148515 0.0139604 0.0164435 0.0134389 0.0261996 0.0524270 0.0524085 0.0534514 0.0610043 0.0119976 0.0124192 0.0117801 0.0151947 0.0417050 0.1745508 0.0425951 0.0672634 0.0636696 0.0194483 0.0000000 0.0187310 0.0165035 0.0146599 0.0142036 0.0202986 0.0165184 0.0168706 0.0437557 0.0440539 0.0418531 0.0470371 0.0404026 0.0432682 0.0434548 0.0434333 0.0434120 0.0417182 0.0263257 0.0441136 0.0464217 0.0425758 0.0278093 0.0245659 0.2330622 0.0155516 0.0137830 0.0147135 0.2873080 0.0403710 0.0533474 0.0133757 0.0280778 0.0241704 0.0126738 0.0630707 0.0239840 0.0274955 0.0223434 0.0133250 0.0136579 0.0133008 0.0129016 0.0133053 0.0166884 0.0133637 0.0125042 0.0123530 0.0130540 0.0120027 0.0132428 0.0136624 0.3199296 0.0133554 0.0431293 0.0153461 0.0443822 
Laus_RYR2         0.0679205 0.0536331 0.0529949 0.0719535 0.0651599 0.0663580 0.0655896 0.0741197 0.0697229 0.0665575 0.0705784 0.0663226 0.2266968 0.0035044 0.0029119 0.0646851 0.0156939 0.0168007 0.0165354 0.0166632 0.0153702 0.0281170 0.0582033 0.0581184 0.0599068 0.0666388 0.0159409 0.0156746 0.0158593 0.0166920 0.0478578 0.1711457 0.0491842 0.0749066 0.0715599 0.0209346 0.0187310 0.0000000 0.0060161 0.0159150 0.0143864 0.0056738 0.0059202 0.0049823 0.0500303 0.0508829 0.0494818 0.0518824 0.0480391 0.0507708 0.0498039 0.0495412 0.0504576 0.0480980 0.0305102 0.0504605 0.0517852 0.0487542 0.0306177 0.0309677 0.2322693 0.0206554 0.0179753 0.0185304 0.2836355 0.0466721 0.0597004 0.0192310 0.0336245 0.0304334 0.0171683 0.0688764 0.0298123 0.0316351 0.0287715 0.0163402 0.0157771 0.0166934 0.0154083 0.0165096 0.0179913 0.0166464 0.0150163 0.0169046 0.0162471 0.0157373 0.0158629 0.0178326 0.3178628 0.0169997 0.0495220 0.0173380 0.0498801 
Lbor_RYR2         0.0623530 0.0513665 0.0512131 0.0669982 0.0617728 0.0622637 0.0626900 0.0700862 0.0686999 0.0643874 0.0685502 0.0619489 0.2144752 0.0073813 0.0060645 0.0613846 0.0135680 0.0140088 0.0147432 0.0147622 0.0137123 0.0253984 0.0559549 0.0564609 0.0577983 0.0659632 0.0148304 0.0145412 0.0147621 0.0152790 0.0455137 0.1627733 0.0469053 0.0702339 0.0678011 0.0182061 0.0165035 0.0060161 0.0000000 0.0139056 0.0126516 0.0042842 0.0045889 0.0037039 0.0487610 0.0475094 0.0472913 0.0494761 0.0456035 0.0484079 0.0469449 0.0477264 0.0476852 0.0456853 0.0285011 0.0482869 0.0519330 0.0471272 0.0278164 0.0279590 0.2185173 0.0177838 0.0151020 0.0157695 0.2644384 0.0434166 0.0557324 0.0174934 0.0306033 0.0273528 0.0159097 0.0673747 0.0269291 0.0286512 0.0257929 0.0139769 0.0134925 0.0154291 0.0147596 0.0144414 0.0174503 0.0147666 0.0132221 0.0149860 0.0142863 0.0137732 0.0140100 0.0161723 0.3093885 0.0144128 0.0477374 0.0154945 0.0481009 
Lhos30470_RYR2    0.0607176 0.0452810 0.0466231 0.0603768 0.0624351 0.0620058 0.0617343 0.0694056 0.0685982 0.0616290 0.0600534 0.0624318 0.2293757 0.0170330 0.0146501 0.0625724 0.0074443 0.0081808 0.0077421 0.0088597 0.0070003 0.0229463 0.0546188 0.0542082 0.0551680 0.0580992 0.0128981 0.0127811 0.0134249 0.0141807 0.0429582 0.1685486 0.0429413 0.0696186 0.0671967 0.0190553 0.0146599 0.0159150 0.0139056 0.0000000 0.0042118 0.0141629 0.0129429 0.0147879 0.0437050 0.0454308 0.0439064 0.0463494 0.0412591 0.0450035 0.0417145 0.0437499 0.0458913 0.0423664 0.0250534 0.0457921 0.0475082 0.0443749 0.0248200 0.0244671 0.2333946 0.0162088 0.0138946 0.0128947 0.2961956 0.0403579 0.0546869 0.0150496 0.0278749 0.0242547 0.0140671 0.0657036 0.0237435 0.0256629 0.0227419 0.0076643 0.0075958 0.0126630 0.0117524 0.0101186 0.0081780 0.0059265 0.0073833 0.0102016 0.0072624 0.0074374 0.0061762 0.0069284 0.3265785 0.0091394 0.0453358 0.0078592 0.0434912 
Lhos452_RYR2      0.0597444 0.0468471 0.0479975 0.0649773 0.0601863 0.0604746 0.0596986 0.0688592 0.0686715 0.0602251 0.0648492 0.0607759 0.2246032 0.0154926 0.0134553 0.0609507 0.0070598 0.0081180 0.0076449 0.0075756 0.0059267 0.0231520 0.0547599 0.0539593 0.0553315 0.0620494 0.0116812 0.0115747 0.0116333 0.0126168 0.0427697 0.1655203 0.0439751 0.0714467 0.0672561 0.0182827 0.0142036 0.0143864 0.0126516 0.0042118 0.0000000 0.0130528 0.0122427 0.0129422 0.0441468 0.0455987 0.0440005 0.0458506 0.0419968 0.0456731 0.0419951 0.0437716 0.0446061 0.0426387 0.0250644 0.0452716 0.0468458 0.0436818 0.0255729 0.0254314 0.2284570 0.0163068 0.0137254 0.0126072 0.2818598 0.0417999 0.0542558 0.0133207 0.0282053 0.0242906 0.0127084 0.0633518 0.0239263 0.0265823 0.0225249 0.0068423 0.0067297 0.0110351 0.0100388 0.0081456 0.0070053 0.0060493 0.0061208 0.0103972 0.0067594 0.0065121 0.0068388 0.0074172 0.3147555 0.0089081 0.0447612 0.0064492 0.0437798 
Lobl_RYR2         0.0669853 0.0498206 0.0499537 0.0691345 0.0637114 0.0649228 0.0640358 0.0763814 0.0658176 0.0635501 0.0679957 0.0685698 0.2323133 0.0072777 0.0060343 0.0628415 0.0137803 0.0146187 0.0144226 0.0185651 0.0134432 0.0295282 0.0562906 0.0553433 0.0571636 0.0654567 0.0149618 0.0149182 0.0142865 0.0190312 0.0454816 0.1766576 0.0452214 0.0724427 0.0687306 0.0185049 0.0202986 0.0056738 0.0042842 0.0141629 0.0130528 0.0000000 0.0022434 0.0049843 0.0462913 0.0477133 0.0469249 0.0558810 0.0447627 0.0481090 0.0460526 0.0469037 0.0474602 0.0445254 0.0320726 0.0487987 0.0496075 0.0459500 0.0319062 0.0279516 0.2356389 0.0178548 0.0147165 0.0156896 0.2919467 0.0440981 0.0599426 0.0175723 0.0302688 0.0273584 0.0156905 0.0660793 0.0273542 0.0348986 0.0252911 0.0142645 0.0143879 0.0151133 0.0140523 0.0144534 0.0163856 0.0149703 0.0129997 0.0149442 0.0146156 0.0136038 0.0139408 0.0161623 0.3207572 0.0147789 0.0472124 0.0176674 0.0466770 
