Supplemental results for CODEML (seqf: /home/leticiamagpali/phd/evol_models/codeml/big_dataset/cml_align/CNTNAP2_codon_aligned.phy  treef: /home/leticiamagpali/phd/evol_models/codeml/big_dataset/cml_trees/gene_trees/H2_gene_trees/CNTNAP2_tree_H2.tre)

I	J	ij	2Ns_IJ	pMut_IJ	pSub_IJ	2Ns_JI	pMut_JI	pSub_JI

TTC	TTT	CT	0.56949	0.06846	0.08979	-0.56949	0.12099	0.08979
TTA	TTT	AT	1.99508	0.00303	0.00699	-1.99508	0.02227	0.00699
TTA	TTC	AC	1.42560	0.00828	0.01554	-1.42560	0.03445	0.01554
TTG	TTT	GT	1.32486	0.00468	0.00845	-1.32486	0.01761	0.00845
TTG	TTC	GC	0.75537	0.01280	0.01824	-0.75537	0.02725	0.01824
TTG	TTA	GA	-0.67023	0.05959	0.04184	0.67023	0.03049	0.04184
TCT	TTT	CT	1.19597	0.03659	0.06273	-1.19597	0.12099	0.06273
TCC	TTC	CT	1.30661	0.05068	0.09080	-1.30661	0.18718	0.09080
TCC	TCT	CT	0.68013	0.05068	0.06985	-0.68013	0.10004	0.06985
TCA	TTA	CT	0.35675	0.02915	0.03465	-0.35675	0.04164	0.03465
TCA	TCT	AT	1.15587	0.00580	0.00978	-1.15587	0.01841	0.00978
TCA	TCC	AC	0.47574	0.01585	0.01991	-0.47574	0.02550	0.01991
TCG	TTG	CT	1.04693	0.02260	0.03646	-1.04693	0.06439	0.03646
TCG	TCT	GT	1.17582	0.00449	0.00764	-1.17582	0.01456	0.00764
TCG	TCC	GC	0.49570	0.01229	0.01558	-0.49570	0.02017	0.01558
TCG	TCA	GA	0.01996	0.05719	0.05776	-0.01996	0.05834	0.05776
TAT	TTT	AT	1.22806	0.00652	0.01132	-1.22806	0.02227	0.01132
TAT	TCT	AC	0.03209	0.01783	0.01812	-0.03209	0.01841	0.01812
TAC	TTC	AT	0.77760	0.01583	0.02277	-0.77760	0.03445	0.02277
TAC	TCC	AC	-0.52901	0.04328	0.03283	0.52901	0.02550	0.03283
TAC	TAT	CT	0.11903	0.07960	0.08443	-0.11903	0.08966	0.08443
TGT	TTT	GT	1.50429	0.00391	0.00757	-1.50429	0.01761	0.00757
TGT	TCT	GC	0.30833	0.01070	0.01243	-0.30833	0.01456	0.01243
TGT	TAT	GA	0.27623	0.04980	0.05700	-0.27623	0.06565	0.05700
TGC	TTC	GT	1.04809	0.00955	0.01542	-1.04809	0.02725	0.01542
TGC	TCC	GC	-0.25852	0.02612	0.02289	0.25852	0.02017	0.02289
TGC	TAC	GA	0.27049	0.12158	0.13877	-0.27049	0.15935	0.13877
TGC	TGT	CT	0.11328	0.04805	0.05082	-0.11328	0.05381	0.05082
TGG	TTG	GT	0.09678	0.00851	0.00893	-0.09678	0.00937	0.00893
TGG	TCG	GC	-0.95015	0.02327	0.01394	0.95015	0.00900	0.01394
TGG	TGT	GT	-0.08265	0.00851	0.00816	0.08265	0.00783	0.00816
TGG	TGC	GC	-0.19594	0.02327	0.02106	0.19594	0.01913	0.02106
CTT	TTT	CT	1.83477	0.01932	0.04217	-1.83477	0.12099	0.04217
CTC	TTC	CT	1.38134	0.04703	0.08676	-1.38134	0.18718	0.08676
CTC	CTT	CT	0.11606	0.04703	0.04981	-0.11606	0.05281	0.04981
CTA	TTA	CT	1.45369	0.00973	0.01846	-1.45369	0.04164	0.01846
CTA	CTT	AT	1.61401	0.00194	0.00390	-1.61401	0.00972	0.00390
CTA	CTC	AC	1.49795	0.00529	0.01021	-1.49795	0.02366	0.01021
CTG	TTG	CT	-0.12566	0.07301	0.06852	0.12566	0.06439	0.06852
CTG	CTT	GT	-0.63557	0.01452	0.01039	0.63557	0.00769	0.01039
CTG	CTC	GC	-0.75163	0.03969	0.02663	0.75163	0.01872	0.02663
CTG	CTA	GA	-2.24958	0.18475	0.04899	2.24958	0.01948	0.04899
CCT	TCT	CT	1.17335	0.03095	0.05257	-1.17335	0.10004	0.05257
CCT	CTT	CT	0.53455	0.03095	0.03995	-0.53455	0.05281	0.03995
CCC	TCC	CT	1.22261	0.04080	0.07070	-1.22261	0.13855	0.07070
CCC	CTC	CT	1.14788	0.04080	0.06860	-1.14788	0.12858	0.06860
CCC	CCT	CT	0.72939	0.04080	0.05747	-0.72939	0.08461	0.05747
CCA	TCA	CT	0.99998	0.02932	0.04638	-0.99998	0.07969	0.04638
CCA	CTA	CT	-0.09696	0.02932	0.02792	0.09696	0.02661	0.02792
CCA	CCT	AT	0.98250	0.00583	0.00915	-0.98250	0.01557	0.00915
CCA	CCC	AC	0.25311	0.01594	0.01804	-0.25311	0.02053	0.01804
CCG	TCG	CT	1.71523	0.01112	0.02325	-1.71523	0.06179	0.02325
CCG	CTG	CT	2.88783	0.01112	0.03400	-2.88783	0.19962	0.03400
CCG	CCT	GT	1.71771	0.00221	0.00463	-1.71771	0.01232	0.00463
CCG	CCC	GC	0.98832	0.00604	0.00952	-0.98832	0.01624	0.00952
CCG	CCA	GA	0.73521	0.02813	0.03973	-0.73521	0.05868	0.03973
CAT	TAT	CT	1.24052	0.02593	0.04526	-1.24052	0.08966	0.04526
CAT	CTT	AT	0.63381	0.00516	0.00696	-0.63381	0.00972	0.00696
CAT	CCT	AC	0.09926	0.01410	0.01481	-0.09926	0.01557	0.01481
CAC	TAC	CT	1.41648	0.05279	0.09873	-1.41648	0.21764	0.09873
CAC	CTC	AT	0.81274	0.01050	0.01533	-0.81274	0.02366	0.01533
CAC	CCC	AC	-0.33514	0.02870	0.02416	0.33514	0.02053	0.02416
CAC	CAT	CT	0.29500	0.05279	0.06096	-0.29500	0.07091	0.06096
CAA	CTA	AT	-0.40727	0.00736	0.00596	0.40727	0.00490	0.00596
CAA	CCA	AC	-0.31030	0.02012	0.01716	0.31030	0.01475	0.01716
CAA	CAT	AT	0.57294	0.00736	0.00967	-0.57294	0.01305	0.00967
CAA	CAC	AC	0.27794	0.02012	0.02304	-0.27794	0.02656	0.02304
CAG	CTG	AT	0.91680	0.01469	0.02243	-0.91680	0.03674	0.02243
CAG	CCG	AC	-1.97103	0.04016	0.01281	1.97103	0.00559	0.01281
CAG	CAT	GT	-0.35258	0.01469	0.01225	0.35258	0.01032	0.01225
CAG	CAC	GC	-0.64757	0.04016	0.02855	0.64757	0.02101	0.02855
CAG	CAA	GA	-0.92552	0.18690	0.11357	0.92552	0.07407	0.11357
CGT	TGT	CT	2.17615	0.00611	0.01499	-2.17615	0.05381	0.01499
CGT	CTT	GT	1.84568	0.00121	0.00266	-1.84568	0.00769	0.00266
CGT	CCT	GC	1.31113	0.00332	0.00596	-1.31113	0.01232	0.00596
CGT	CAT	GA	1.21187	0.01545	0.02666	-1.21187	0.05191	0.02666
CGC	TGC	CT	1.62246	0.02593	0.05243	-1.62246	0.13137	0.05243
CGC	CTC	GT	1.28921	0.00516	0.00918	-1.28921	0.01872	0.00918
CGC	CCC	GC	0.14133	0.01410	0.01512	-0.14133	0.01624	0.01512
CGC	CAC	GA	0.47647	0.06562	0.08250	-0.47647	0.10568	0.08250
CGC	CGT	CT	-0.44041	0.02593	0.02064	0.44041	0.01670	0.02064
CGA	CTA	GT	1.17613	0.00119	0.00203	-1.17613	0.00387	0.00203
CGA	CCA	GC	1.27309	0.00327	0.00578	-1.27309	0.01167	0.00578
CGA	CAA	GA	1.58339	0.01521	0.03030	-1.58339	0.07407	0.03030
CGA	CGT	AT	0.94446	0.00119	0.00185	-0.94446	0.00307	0.00185
CGA	CGC	AC	1.38486	0.00327	0.00604	-1.38486	0.01305	0.00604
CGG	TGG	CT	1.86761	0.01808	0.03993	-1.86761	0.11700	0.03993
CGG	CTG	GT	2.09005	0.00359	0.00857	-2.09005	0.02906	0.00857
CGG	CCG	GC	-0.79777	0.00983	0.00642	0.79777	0.00443	0.00642
CGG	CAG	GA	1.17326	0.04574	0.07770	-1.17326	0.14786	0.07770
CGG	CGT	GT	-0.39119	0.00359	0.00294	0.39119	0.00243	0.00294
CGG	CGC	GC	0.04921	0.00983	0.01007	-0.04921	0.01032	0.01007
CGG	CGA	GA	-1.33565	0.04574	0.02180	1.33565	0.01203	0.02180
ATT	TTT	AT	1.05418	0.00776	0.01255	-1.05418	0.02227	0.01255
ATT	CTT	AC	-0.78059	0.02122	0.01400	0.78059	0.00972	0.01400
ATC	TTC	AT	1.02651	0.01234	0.01974	-1.02651	0.03445	0.01974
ATC	CTC	AC	-0.35483	0.03374	0.02811	0.35483	0.02366	0.02811
ATC	ATT	CT	0.54182	0.06206	0.08039	-0.54182	0.10669	0.08039
ATA	TTA	AT	0.43823	0.00494	0.00611	-0.43823	0.00766	0.00611
ATA	CTA	AC	-1.01547	0.01352	0.00780	1.01547	0.00490	0.00780
ATA	ATT	AT	1.37913	0.00494	0.00911	-1.37913	0.01963	0.00911
ATA	ATC	AC	0.83731	0.01352	0.01996	-0.83731	0.03123	0.01996
ATG	TTG	AT	0.51812	0.00706	0.00904	-0.51812	0.01185	0.00904
ATG	CTG	AC	0.64378	0.01930	0.02617	-0.64378	0.03674	0.02617
ATG	ATT	GT	0.78880	0.00706	0.01020	-0.78880	0.01553	0.01020
ATG	ATC	GC	0.24697	0.01930	0.02178	-0.24697	0.02470	0.02178
ATG	ATA	GA	-0.59033	0.08982	0.06590	0.59033	0.04977	0.06590
ACT	TCT	AT	1.33054	0.00487	0.00880	-1.33054	0.01841	0.00880
ACT	CCT	AC	0.15719	0.01331	0.01438	-0.15719	0.01557	0.01438
ACT	ATT	CT	1.47233	0.02447	0.04676	-1.47233	0.10669	0.04676
ACC	TCC	AT	0.66378	0.01313	0.01797	-0.66378	0.02550	0.01797
ACC	CCC	AC	-0.55883	0.03590	0.02680	0.55883	0.02053	0.02680
ACC	ATC	CT	0.94387	0.06603	0.10202	-0.94387	0.16968	0.10202
ACC	ACT	CT	0.01337	0.06603	0.06647	-0.01337	0.06692	0.06647
ACA	TCA	AT	0.87793	0.00610	0.00916	-0.87793	0.01466	0.00916
ACA	CCA	AC	-0.12205	0.01667	0.01567	0.12205	0.01475	0.01567
ACA	ATA	CT	0.79646	0.03065	0.04446	-0.79646	0.06798	0.04446
ACA	ACT	AT	0.70326	0.00610	0.00849	-0.70326	0.01231	0.00849
ACA	ACC	AC	0.68990	0.01667	0.02307	-0.68990	0.03322	0.02307
ACG	TCG	AT	0.92410	0.00451	0.00692	-0.92410	0.01137	0.00692
ACG	CCG	AC	-0.79114	0.01234	0.00810	0.79114	0.00559	0.00810
ACG	ATG	CT	1.45291	0.02270	0.04305	-1.45291	0.09705	0.04305
ACG	ACT	GT	0.76938	0.00451	0.00647	-0.76938	0.00974	0.00647
ACG	ACC	GC	0.75601	0.01234	0.01759	-0.75601	0.02628	0.01759
ACG	ACA	GA	0.06612	0.05744	0.05936	-0.06612	0.06136	0.05936
AAT	TAT	AT	0.43629	0.01067	0.01316	-0.43629	0.01650	0.01316
AAT	CAT	AC	-0.80423	0.02916	0.01899	0.80423	0.01305	0.01899
AAT	ATT	AT	0.61017	0.01067	0.01425	-0.61017	0.01963	0.01425
AAT	ACT	AC	-0.86216	0.02916	0.01838	0.86216	0.01231	0.01838
AAC	TAC	AT	0.80871	0.01784	0.02602	-0.80871	0.04005	0.02602
AAC	CAC	AC	-0.60777	0.04878	0.03545	0.60777	0.02656	0.03545
AAC	ATC	AT	0.55979	0.01784	0.02330	-0.55979	0.03123	0.02330
AAC	ACC	AC	-0.38408	0.04878	0.04001	0.38408	0.03322	0.04001
AAC	AAT	CT	0.49145	0.08972	0.11357	-0.49145	0.14667	0.11357
AAA	CAA	AC	-0.53477	0.03178	0.02404	0.53477	0.01862	0.02404
AAA	ATA	AT	0.07344	0.01162	0.01206	-0.07344	0.01251	0.01206
AAA	ACA	AC	-0.72302	0.03178	0.02167	0.72302	0.01542	0.02167
AAA	AAT	AT	0.84240	0.01162	0.01720	-0.84240	0.02699	0.01720
AAA	AAC	AC	0.35095	0.03178	0.03769	-0.35095	0.04515	0.03769
AAG	CAG	AC	0.17277	0.03127	0.03405	-0.17277	0.03716	0.03405
AAG	ATG	AT	0.44579	0.01144	0.01417	-0.44579	0.01786	0.01417
AAG	ACG	AC	-1.00712	0.03127	0.01812	1.00712	0.01142	0.01812
AAG	AAT	GT	0.62442	0.01144	0.01538	-0.62442	0.02135	0.01538
AAG	AAC	GC	0.13297	0.03127	0.03339	-0.13297	0.03571	0.03339
AAG	AAA	GA	-0.21798	0.14553	0.13025	0.21798	0.11703	0.13025
AGT	TGT	AT	0.14489	0.00857	0.00920	-0.14489	0.00990	0.00920
AGT	CGT	AC	-2.03126	0.02342	0.00718	2.03126	0.00307	0.00718
AGT	ATT	GT	0.59501	0.00857	0.01137	-0.59501	0.01553	0.01137
AGT	ACT	GC	-0.87732	0.02342	0.01463	0.87732	0.00974	0.01463
AGT	AAT	GA	-0.01516	0.10903	0.10820	0.01516	0.10738	0.10820
AGC	TGC	AT	0.64426	0.01269	0.01722	-0.64426	0.02418	0.01722
AGC	CGC	AC	-0.97820	0.03471	0.02046	0.97820	0.01305	0.02046
AGC	ATC	GT	0.66584	0.01269	0.01739	-0.66584	0.02470	0.01739
AGC	ACC	GC	-0.27804	0.03471	0.03010	0.27804	0.02628	0.03010
AGC	AAC	GA	0.10604	0.16154	0.17025	-0.10604	0.17961	0.17025
AGC	AGT	CT	0.61265	0.06384	0.08538	-0.61265	0.11780	0.08538
AGA	CGA	AC	-1.56927	0.01452	0.00599	1.56927	0.00302	0.00599
AGA	ATA	GT	0.62232	0.00531	0.00713	-0.62232	0.00990	0.00713
AGA	ACA	GC	-0.17414	0.01452	0.01329	0.17414	0.01220	0.01329
AGA	AAA	GA	0.54888	0.06759	0.08783	-0.54888	0.11703	0.08783
AGA	AGT	AT	1.40645	0.00531	0.00989	-1.40645	0.02168	0.00989
AGA	AGC	AC	0.79379	0.01452	0.02104	-0.79379	0.03212	0.02104
AGG	TGG	AT	1.26044	0.00610	0.01074	-1.26044	0.02153	0.01074
AGG	CGG	AC	-0.60717	0.01669	0.01213	0.60717	0.00910	0.01213
AGG	ATG	GT	0.83910	0.00610	0.00902	-0.83910	0.01413	0.00902
AGG	ACG	GC	-0.61381	0.01669	0.01209	0.61381	0.00904	0.01209
AGG	AAG	GA	0.39331	0.07769	0.09397	-0.39331	0.11513	0.09397
AGG	AGT	GT	1.03290	0.00610	0.00979	-1.03290	0.01715	0.00979
AGG	AGC	GC	0.42024	0.01669	0.02044	-0.42024	0.02541	0.02044
AGG	AGA	GA	-0.37355	0.07769	0.06408	0.37355	0.05347	0.06408
GTT	TTT	GT	1.22188	0.00519	0.00899	-1.22188	0.01761	0.00899
GTT	CTT	GC	-0.61289	0.01419	0.01028	0.61289	0.00769	0.01028
GTT	ATT	GA	0.16770	0.06606	0.07175	-0.16770	0.07812	0.07175
GTC	TTC	GT	1.11943	0.00890	0.01479	-1.11943	0.02725	0.01479
GTC	CTC	GC	-0.26191	0.02432	0.02128	0.26191	0.01872	0.02128
GTC	ATC	GA	0.09292	0.11321	0.11855	-0.09292	0.12424	0.11855
GTC	GTT	CT	0.46705	0.04474	0.05600	-0.46705	0.07137	0.05600
GTA	TTA	GT	0.77903	0.00278	0.00400	-0.77903	0.00606	0.00400
GTA	CTA	GC	-0.67466	0.00761	0.00533	0.67466	0.00387	0.00533
GTA	ATA	GA	0.34080	0.03540	0.04177	-0.34080	0.04977	0.04177
GTA	GTT	AT	1.55224	0.00278	0.00548	-1.55224	0.01313	0.00548
GTA	GTC	AC	1.08519	0.00761	0.01246	-1.08519	0.02251	0.01246
GTG	TTG	GT	-0.40387	0.01404	0.01139	0.40387	0.00937	0.01139
GTG	CTG	GC	-0.27821	0.03838	0.03329	0.27821	0.02906	0.03329
GTG	ATG	GA	-0.92199	0.17865	0.10877	0.92199	0.07105	0.10877
GTG	GTT	GT	-0.30089	0.01404	0.01203	0.30089	0.01039	0.01203
GTG	GTC	GC	-0.76794	0.03838	0.02551	0.76794	0.01781	0.02551
GTG	GTA	GA	-1.85313	0.17865	0.06154	1.85313	0.02800	0.06154
GCT	TCT	GT	1.13781	0.00467	0.00782	-1.13781	0.01456	0.00782
GCT	CCT	GC	-0.03554	0.01276	0.01254	0.03554	0.01232	0.01254
GCT	ACT	GA	-0.19273	0.05941	0.05387	0.19273	0.04899	0.05387
GCT	GTT	CT	1.11189	0.02348	0.03890	-1.11189	0.07137	0.03890
GCC	TCC	GT	0.42392	0.01320	0.01620	-0.42392	0.02017	0.01620
GCC	CCC	GC	-0.79869	0.03609	0.02358	0.79869	0.01624	0.02358
GCC	ACC	GA	-0.23986	0.16800	0.14866	0.23986	0.13217	0.14866
GCC	GTC	CT	0.61110	0.06639	0.08873	-0.61110	0.12232	0.08873
GCC	GCT	CT	-0.03375	0.06639	0.06528	0.03375	0.06419	0.06528
GCA	TCA	GT	0.71089	0.00570	0.00796	-0.71089	0.01160	0.00796
GCA	CCA	GC	-0.28910	0.01558	0.01344	0.28910	0.01167	0.01344
GCA	ACA	GA	-0.16705	0.07252	0.06663	0.16705	0.06136	0.06663
GCA	GTA	CT	0.28861	0.02866	0.03299	-0.28861	0.03825	0.03299
GCA	GCT	AT	0.72895	0.00570	0.00803	-0.72895	0.01181	0.00803
GCA	GCC	AC	0.76270	0.01558	0.02227	-0.76270	0.03341	0.02227
GCG	TCG	GT	1.17032	0.00279	0.00474	-1.17032	0.00900	0.00474
GCG	CCG	GC	-0.54492	0.00763	0.00574	0.54492	0.00443	0.00574
GCG	ACG	GA	0.24622	0.03552	0.04007	-0.24622	0.04544	0.04007
GCG	GTG	CT	2.62112	0.01404	0.03968	-2.62112	0.19303	0.03968
GCG	GCT	GT	1.20834	0.00279	0.00481	-1.20834	0.00934	0.00481
GCG	GCC	GC	1.24209	0.00763	0.01333	-1.24209	0.02643	0.01333
GCG	GCA	GA	0.47939	0.03552	0.04471	-0.47939	0.05737	0.04471
GAT	TAT	GT	-0.05043	0.01373	0.01339	0.05043	0.01305	0.01339
GAT	CAT	GC	-1.29095	0.03754	0.01838	1.29095	0.01032	0.01838
GAT	AAT	GA	-0.48672	0.17471	0.13563	0.48672	0.10738	0.13563
GAT	GTT	AT	-0.04425	0.01373	0.01343	0.04425	0.01313	0.01343
GAT	GCT	AC	-1.15614	0.03754	0.01993	1.15614	0.01181	0.01993
GAC	TAC	GT	0.76562	0.01474	0.02109	-0.76562	0.03169	0.02109
GAC	CAC	GC	-0.65086	0.04029	0.02859	0.65086	0.02101	0.02859
GAC	AAC	GA	-0.04309	0.18752	0.18351	0.04309	0.17961	0.18351
GAC	GTC	AT	0.42379	0.01474	0.01808	-0.42379	0.02251	0.01808
GAC	GCC	AC	-0.18731	0.04029	0.03663	0.18731	0.03341	0.03663
GAC	GAT	CT	0.93508	0.07410	0.11407	-0.93508	0.18877	0.11407
GAA	CAA	GC	-0.57952	0.02629	0.01941	0.57952	0.01473	0.01941
GAA	AAA	GA	-0.04475	0.12238	0.11967	0.04475	0.11703	0.11967
GAA	GTA	AT	-0.31212	0.00962	0.00819	0.31212	0.00704	0.00819
GAA	GCA	AC	-0.60073	0.02629	0.01918	0.60073	0.01442	0.01918
GAA	GAT	AT	1.28436	0.00962	0.01708	-1.28436	0.03474	0.01708
GAA	GAC	AC	0.34928	0.02629	0.03115	-0.34928	0.03729	0.03115
GAG	CAG	GC	-0.25762	0.03804	0.03335	0.25762	0.02940	0.03335
GAG	AAG	GA	-0.43039	0.17705	0.14167	0.43039	0.11513	0.14167
GAG	GTG	AT	0.93739	0.01391	0.02144	-0.93739	0.03552	0.02144
GAG	GCG	AC	-1.68373	0.03804	0.01460	1.68373	0.00706	0.01460
GAG	GAT	GT	0.68075	0.01391	0.01918	-0.68075	0.02748	0.01918
GAG	GAC	GC	-0.25433	0.03804	0.03341	0.25433	0.02950	0.03341
GAG	GAA	GA	-0.60361	0.17705	0.12896	0.60361	0.09682	0.12896
GGT	TGT	GT	0.50230	0.00474	0.00603	-0.50230	0.00783	0.00603
GGT	CGT	GC	-1.67386	0.01296	0.00501	1.67386	0.00243	0.00501
GGT	AGT	GA	0.35740	0.06033	0.07175	-0.35740	0.08625	0.07175
GGT	GTT	GT	0.78471	0.00474	0.00684	-0.78471	0.01039	0.00684
GGT	GCT	GC	-0.32718	0.01296	0.01096	0.32718	0.00934	0.01096
GGT	GAT	GA	0.82896	0.06033	0.08875	-0.82896	0.13821	0.08875
GGC	TGC	GT	0.38137	0.01306	0.01571	-0.38137	0.01913	0.01571
GGC	CGC	GC	-1.24110	0.03571	0.01802	1.24110	0.01032	0.01802
GGC	AGC	GA	-0.26290	0.16622	0.14532	0.26290	0.12779	0.14532
GGC	GTC	GT	0.31002	0.01306	0.01519	-0.31002	0.01781	0.01519
GGC	GCC	GC	-0.30108	0.03571	0.03060	0.30108	0.02643	0.03060
GGC	GAC	GA	-0.11377	0.16622	0.15694	0.11377	0.14834	0.15694
GGC	GGT	CT	-0.00765	0.06569	0.06544	0.00765	0.06519	0.06544
GGA	CGA	GC	-2.62161	0.03291	0.00676	2.62161	0.00239	0.00676
GGA	AGA	GA	-1.05233	0.15316	0.08646	1.05233	0.05347	0.08646
GGA	GTA	GT	-0.77081	0.01204	0.00799	0.77081	0.00557	0.00799
GGA	GCA	GC	-1.05942	0.03291	0.01850	1.05942	0.01141	0.01850
GGA	GAA	GA	-0.45869	0.15316	0.12071	0.45869	0.09682	0.12071
GGA	GGT	AT	-0.00329	0.01204	0.01202	0.00329	0.01200	0.01202
GGA	GGC	AC	0.00436	0.03291	0.03298	-0.00436	0.03305	0.03298
GGG	TGG	GT	0.30175	0.01260	0.01459	-0.30175	0.01703	0.01459
GGG	CGG	GC	-1.56587	0.03444	0.01424	1.56587	0.00720	0.01424
GGG	AGG	GA	-0.95869	0.16031	0.09556	0.95869	0.06146	0.09556
GGG	GTG	GT	0.80240	0.01260	0.01832	-0.80240	0.02810	0.01832
GGG	GCG	GC	-1.81872	0.03444	0.01213	1.81872	0.00559	0.01213
GGG	GAG	GA	-0.13499	0.16031	0.14973	0.13499	0.14006	0.14973
GGG	GGT	GT	-0.28320	0.01260	0.01090	0.28320	0.00949	0.01090
GGG	GGC	GC	-0.27556	0.03444	0.02991	0.27556	0.02615	0.02991
GGG	GGA	GA	-0.27991	0.16031	0.13892	0.27991	0.12117	0.13892


Histograms
2Ns	FMut	FSub(CodonUsage)	FSubw(after w)

-2.75031	0.02035	0.00432
-2.47528	0.00000	0.00000
-2.20025	0.01280	0.00389
-1.92522	0.02605	0.00995
-1.65019	0.01924	0.00857
-1.37516	0.06396	0.03356
-1.10012	0.07168	0.04358
-0.82509	0.10050	0.07134
-0.55006	0.13298	0.11209
-0.27503	0.11886	0.11571
0.00000	0.17316	0.19399
0.27503	0.09022	0.11571
0.55006	0.07712	0.11209
0.82509	0.04284	0.07134
1.10012	0.02340	0.04358
1.37516	0.01634	0.03356
1.65019	0.00377	0.00857
1.92522	0.00401	0.00995
2.20025	0.00140	0.00389
2.47528	0.00000	0.00000
2.75031	0.00132	0.00432

Proportion of advantageous (S > 0) mutations:
 0.34373

Proportions of good & bad mutations (|S| > 2.0000) among mutations:
0.00286  0.03427

mean |Ns| = 0.70890	mean Ns+ = 0.51723	mean Ns- = -0.80929


MLEs of dN/dS (w) for site classes (K=4)

site class             0        1       2a       2b
proportion       0.91596  0.07241  0.01078  0.00085
background w     0.04330  1.00000  0.04330  1.00000
foreground w     0.04330  1.00000  1.35821  1.35821

Naive Empirical Bayes (NEB) probabilities for 4 classes
(amino acids refer to 1st sequence: Bacu)

   1 -   0.96807 0.02233 0.00935 0.00025 ( 1)
   2 -   0.97006 0.02047 0.00924 0.00023 ( 1)
   3 -   0.96671 0.02374 0.00928 0.00026 ( 1)
   4 -   0.97026 0.02029 0.00923 0.00023 ( 1)
   5 -   0.96145 0.02854 0.00968 0.00032 ( 1)
   6 -   0.97077 0.01981 0.00919 0.00022 ( 1)
   7 -   0.95372 0.03590 0.00997 0.00041 ( 1)
   8 -   0.96207 0.02797 0.00964 0.00032 ( 1)
   9 -   0.95882 0.03105 0.00978 0.00035 ( 1)
  10 -   0.96477 0.02543 0.00952 0.00029 ( 1)
  11 -   0.96883 0.02162 0.00931 0.00024 ( 1)
  12 -   0.97025 0.02030 0.00923 0.00023 ( 1)
  13 -   0.97539 0.01549 0.00895 0.00017 ( 1)
  14 -   0.97146 0.01917 0.00916 0.00021 ( 1)
  15 -   0.96012 0.02981 0.00973 0.00034 ( 1)
  16 -   0.97469 0.01620 0.00893 0.00018 ( 1)
  17 -   0.97402 0.01687 0.00893 0.00019 ( 1)
  18 -   0.95461 0.03504 0.00995 0.00040 ( 1)
  19 -   0.62551 0.36425 0.00615 0.00408 ( 1)
  20 -   0.96207 0.02797 0.00964 0.00032 ( 1)
  21 M   0.79013 0.20090 0.00680 0.00217 ( 1)
  22 S   0.96218 0.02786 0.00965 0.00031 ( 1)
  23 G   0.96457 0.02560 0.00955 0.00029 ( 1)
  24 S   0.97493 0.01596 0.00894 0.00018 ( 1)
  25 Y   0.96470 0.02547 0.00954 0.00029 ( 1)
  26 S   0.96233 0.02771 0.00965 0.00031 ( 1)
  27 P   0.96291 0.02717 0.00962 0.00031 ( 1)
  28 G   0.97004 0.02048 0.00926 0.00023 ( 1)
  29 Y   0.96470 0.02547 0.00954 0.00029 ( 1)
  30 A   0.96679 0.02351 0.00944 0.00026 ( 1)
  31 K   0.97140 0.01921 0.00917 0.00021 ( 1)
  32 I   0.96759 0.02277 0.00939 0.00025 ( 1)
  33 N   0.97152 0.01910 0.00917 0.00021 ( 1)
  34 K   0.97140 0.01921 0.00917 0.00021 ( 1)
  35 R   0.97697 0.01410 0.00878 0.00015 ( 1)
  36 G   0.96414 0.02588 0.00969 0.00029 ( 1)
  37 G   0.97818 0.01297 0.00871 0.00014 ( 1)
  38 A   0.97157 0.01905 0.00916 0.00021 ( 1)
  39 G   0.96423 0.02592 0.00955 0.00029 ( 1)
  40 G   0.95906 0.03080 0.00978 0.00035 ( 1)
  41 W   0.94920 0.04022 0.01012 0.00046 ( 1)
  42 S   0.96232 0.02772 0.00965 0.00031 ( 1)
  43 P   0.96147 0.02853 0.00968 0.00032 ( 1)
  44 S   0.95454 0.03511 0.00995 0.00040 ( 1)
  45 D   0.97470 0.01617 0.00895 0.00018 ( 1)
  46 S   0.96905 0.02140 0.00931 0.00024 ( 1)
  47 D   0.97470 0.01617 0.00895 0.00018 ( 1)
  48 H   0.97047 0.02007 0.00923 0.00022 ( 1)
  49 Y   0.96469 0.02549 0.00954 0.00029 ( 1)
  50 Q   0.95560 0.03410 0.00991 0.00039 ( 1)
  51 W   0.94920 0.04022 0.01012 0.00046 ( 1)
  52 L   0.97101 0.01958 0.00920 0.00022 ( 1)
  53 Q   0.95140 0.03811 0.01005 0.00044 ( 1)
  54 V   0.96976 0.02074 0.00927 0.00023 ( 1)
  55 D   0.97470 0.01617 0.00895 0.00018 ( 1)
  56 F   0.95663 0.03312 0.00987 0.00038 ( 1)
  57 G   0.97002 0.02049 0.00926 0.00023 ( 1)
  58 N   0.08630 0.90287 0.00081 0.01001 ( 2)
  59 R   0.97695 0.01412 0.00877 0.00015 ( 1)
  60 K   0.67946 0.31068 0.00642 0.00344 ( 1)
  61 Q   0.95140 0.03811 0.01005 0.00044 ( 1)
  62 I   0.96757 0.02278 0.00939 0.00025 ( 1)
  63 S   0.96905 0.02140 0.00931 0.00024 ( 1)
  64 A   0.96678 0.02352 0.00944 0.00026 ( 1)
  65 I   0.61581 0.20735 0.17377 0.00308 ( 1)
  66 A   0.96866 0.02176 0.00933 0.00024 ( 1)
  67 T   0.96865 0.02177 0.00933 0.00024 ( 1)
  68 Q   0.95560 0.03410 0.00991 0.00039 ( 1)
  69 G   0.95916 0.03071 0.00978 0.00035 ( 1)
  70 R   0.98002 0.01135 0.00850 0.00012 ( 1)
  71 Y   0.96119 0.02879 0.00970 0.00032 ( 1)
  72 S   0.97491 0.01598 0.00894 0.00018 ( 1)
  73 S   0.97491 0.01598 0.00894 0.00018 ( 1)
  74 S   0.95454 0.03511 0.00995 0.00040 ( 1)
  75 D   0.97470 0.01617 0.00895 0.00018 ( 1)
  76 W   0.94920 0.04022 0.01012 0.00046 ( 1)
  77 V   0.95396 0.03567 0.00997 0.00041 ( 1)
  78 T   0.96865 0.02177 0.00933 0.00024 ( 1)
  79 Q   0.95560 0.03410 0.00991 0.00039 ( 1)
  80 Y   0.96119 0.02879 0.00970 0.00032 ( 1)
  81 R   0.97747 0.01365 0.00873 0.00015 ( 1)
  82 M   0.77816 0.21251 0.00700 0.00233 ( 1)
  83 L   0.96501 0.02518 0.00952 0.00028 ( 1)
  84 Y   0.96119 0.02879 0.00970 0.00032 ( 1)
  85 S   0.97476 0.01613 0.00893 0.00018 ( 1)
  86 D   0.97470 0.01617 0.00895 0.00018 ( 1)
  87 T   0.96885 0.02158 0.00932 0.00024 ( 1)
  88 G   0.96443 0.02573 0.00954 0.00029 ( 1)
  89 R   0.97993 0.01145 0.00850 0.00012 ( 1)
  90 N   0.97245 0.01825 0.00910 0.00020 ( 1)
  91 W   0.94910 0.04033 0.01012 0.00046 ( 1)
  92 K   0.96819 0.02220 0.00935 0.00025 ( 1)
  93 P   0.96892 0.02153 0.00931 0.00024 ( 1)
  94 Y   0.96107 0.02891 0.00970 0.00033 ( 1)
  95 H   0.97036 0.02019 0.00923 0.00022 ( 1)
  96 Q   0.95549 0.03421 0.00991 0.00039 ( 1)
  97 D   0.60534 0.38433 0.00601 0.00432 ( 1)
  98 G   0.96435 0.02581 0.00954 0.00029 ( 1)
  99 N   0.97245 0.01825 0.00910 0.00020 ( 1)
 100 I   0.96745 0.02290 0.00939 0.00026 ( 1)
 101 W   0.94748 0.04162 0.01042 0.00048 ( 1)
 102 A   0.96591 0.02451 0.00931 0.00027 ( 1)
 103 F   0.95563 0.03412 0.00986 0.00039 ( 1)
 104 P   0.96186 0.02821 0.00961 0.00032 ( 1)
 105 G   0.96517 0.02499 0.00955 0.00028 ( 1)
 106 N   0.97051 0.02011 0.00916 0.00022 ( 1)
 107 V   0.08249 0.90669 0.00078 0.01004 ( 2)
 108 N   0.97099 0.01963 0.00916 0.00022 ( 1)
 109 S   0.96498 0.02524 0.00949 0.00028 ( 1)
 110 D   0.96346 0.02667 0.00957 0.00030 ( 1)
 111 S   0.96910 0.02141 0.00925 0.00024 ( 1)
 112 V   0.95344 0.03618 0.00996 0.00041 ( 1)
 113 V   0.96923 0.02126 0.00927 0.00024 ( 1)
 114 R   0.97864 0.01264 0.00859 0.00014 ( 1)
 115 H   0.96997 0.02058 0.00922 0.00023 ( 1)
 116 D   0.96346 0.02667 0.00957 0.00030 ( 1)
 117 L   0.96167 0.02836 0.00965 0.00032 ( 1)
 118 Q   0.95091 0.03861 0.01005 0.00044 ( 1)
 119 H   0.96995 0.02060 0.00922 0.00023 ( 1)
 120 P   0.96091 0.02908 0.00968 0.00033 ( 1)
 121 V   0.70744 0.28285 0.00658 0.00312 ( 1)
 122 I   0.96665 0.02365 0.00943 0.00026 ( 1)
 123 A   0.96624 0.02406 0.00943 0.00027 ( 1)
 124 R   0.97700 0.01411 0.00873 0.00015 ( 1)
 125 Y   0.60185 0.38784 0.00595 0.00435 ( 1)
 126 V   0.52797 0.46126 0.00552 0.00526 ( 1)
 127 R   0.97700 0.01411 0.00873 0.00015 ( 1)
 128 I   0.00166 0.98293 0.00051 0.01491 ( 2)
 129 V   0.95344 0.03618 0.00996 0.00041 ( 1)
 130 P   0.96238 0.02769 0.00962 0.00031 ( 1)
 131 L   0.93830 0.05073 0.01038 0.00059 ( 1)
 132 D   0.96353 0.02660 0.00957 0.00030 ( 1)
 133 W   0.94873 0.04069 0.01011 0.00047 ( 1)
 134 N   0.97101 0.01961 0.00916 0.00022 ( 1)
 135 G   0.95852 0.03134 0.00978 0.00035 ( 1)
 136 E   0.97445 0.01644 0.00893 0.00018 ( 1)
 137 G   0.96950 0.02102 0.00925 0.00023 ( 1)
 138 R   0.97700 0.01411 0.00873 0.00015 ( 1)
 139 I   0.00297 0.98592 0.00003 0.01109 ( 2)
 140 G   0.96399 0.02618 0.00954 0.00029 ( 1)
 141 L   0.96448 0.02572 0.00952 0.00029 ( 1)
 142 R   0.97958 0.01180 0.00850 0.00013 ( 1)
 143 I   0.60037 0.38927 0.00598 0.00438 ( 1)
 144 E   0.96996 0.02059 0.00922 0.00023 ( 1)
 145 V   0.67773 0.31243 0.00638 0.00346 ( 1)
 146 Y   0.96076 0.02923 0.00968 0.00033 ( 1)
 147 G   0.96950 0.02102 0.00925 0.00023 ( 1)
 148 C   0.96982 0.02071 0.00924 0.00023 ( 1)
 149 S   0.96178 0.02826 0.00964 0.00032 ( 1)
 150 Y   0.96064 0.02933 0.00969 0.00033 ( 1)
 151 W   0.94910 0.04033 0.01012 0.00046 ( 1)
 152 A   0.97320 0.01801 0.00859 0.00020 ( 1)
 153 D   0.96557 0.02503 0.00912 0.00028 ( 1)
 154 V   0.97138 0.01967 0.00873 0.00022 ( 1)
 155 I   0.96918 0.02170 0.00889 0.00024 ( 1)
 156 N   0.97313 0.01807 0.00860 0.00020 ( 1)
 157 F   0.95808 0.03205 0.00951 0.00036 ( 1)
 158 D   0.96557 0.02503 0.00912 0.00028 ( 1)
 159 G   0.97863 0.01329 0.00794 0.00014 ( 1)
 160 H   0.97210 0.01902 0.00868 0.00021 ( 1)
 161 V   0.97149 0.01956 0.00873 0.00021 ( 1)
 162 V   0.95534 0.03463 0.00964 0.00039 ( 1)
 163 L   0.96375 0.02673 0.00922 0.00030 ( 1)
 164 P   0.96313 0.02730 0.00926 0.00030 ( 1)
 165 Y   0.96627 0.02439 0.00907 0.00027 ( 1)
 166 R   0.98162 0.01050 0.00777 0.00011 ( 1)
 167 F   0.96189 0.02848 0.00932 0.00032 ( 1)
 168 R   0.98162 0.01050 0.00777 0.00011 ( 1)
 169 N   0.97313 0.01807 0.00860 0.00020 ( 1)
 170 K   0.97301 0.01818 0.00861 0.00020 ( 1)
 171 K   0.97301 0.01818 0.00861 0.00020 ( 1)
 172 M   0.98224 0.00995 0.00770 0.00010 ( 1)
 173 K   0.96995 0.02099 0.00884 0.00023 ( 1)
 174 T   0.97047 0.02051 0.00880 0.00022 ( 1)
 175 L   0.93961 0.04961 0.01021 0.00057 ( 1)
 176 K   0.97020 0.02083 0.00874 0.00023 ( 1)
 177 D   0.96569 0.02492 0.00912 0.00028 ( 1)
 178 V   0.97343 0.01781 0.00857 0.00019 ( 1)
 179 I   0.96548 0.02512 0.00912 0.00028 ( 1)
 180 A   0.58281 0.25067 0.16281 0.00372 ( 1)
 181 L   0.96034 0.02992 0.00940 0.00033 ( 1)
 182 K   0.96992 0.02101 0.00884 0.00023 ( 1)
 183 F   0.95808 0.03205 0.00951 0.00036 ( 1)
 184 K   0.96992 0.02101 0.00884 0.00023 ( 1)
 185 T   0.97027 0.02069 0.00881 0.00023 ( 1)
 186 S   0.96692 0.02377 0.00904 0.00026 ( 1)
 187 E   0.97657 0.01496 0.00831 0.00016 ( 1)
 188 S   0.97066 0.02033 0.00878 0.00022 ( 1)
 189 E   0.97657 0.01496 0.00831 0.00016 ( 1)
 190 G   0.96610 0.02451 0.00913 0.00027 ( 1)
 191 V   0.97748 0.01415 0.00822 0.00015 ( 1)
 192 L   0.00340 0.98573 0.00003 0.01084 ( 2)
 193 L   0.95992 0.03021 0.00953 0.00034 ( 1)
 194 H   0.97417 0.01713 0.00851 0.00019 ( 1)
 195 G   0.96613 0.02452 0.00908 0.00027 ( 1)
 196 E   0.97657 0.01496 0.00831 0.00016 ( 1)
 197 G   0.96055 0.02972 0.00939 0.00033 ( 1)
 198 Q   0.95273 0.03710 0.00975 0.00042 ( 1)
 199 Q   0.95703 0.03304 0.00956 0.00037 ( 1)
 200 G   0.96613 0.02452 0.00908 0.00027 ( 1)
 201 D   0.96557 0.02503 0.00912 0.00028 ( 1)
 202 Y   0.96627 0.02439 0.00907 0.00027 ( 1)
 203 I   0.96518 0.02542 0.00911 0.00028 ( 1)
 204 T   0.09097 0.89849 0.00079 0.00975 ( 2)
 205 L   0.96034 0.02992 0.00940 0.00033 ( 1)
 206 E   0.97657 0.01496 0.00831 0.00016 ( 1)
 207 L   0.93961 0.04961 0.01021 0.00057 ( 1)
 208 K   0.68156 0.30884 0.00621 0.00339 ( 1)
 209 K   0.96992 0.02101 0.00884 0.00023 ( 1)
 210 A   0.96838 0.02244 0.00894 0.00025 ( 1)
 211 K   0.69219 0.29844 0.00612 0.00325 ( 1)
 212 L   0.93961 0.04961 0.01021 0.00057 ( 1)
 213 V   0.97343 0.01781 0.00857 0.00019 ( 1)
 214 F   0.96189 0.02848 0.00932 0.00032 ( 1)
 215 S   0.97066 0.02033 0.00878 0.00022 ( 1)
 216 L   0.96375 0.02673 0.00922 0.00030 ( 1)
 217 N   0.97313 0.01807 0.00860 0.00020 ( 1)
 218 L   0.96759 0.02317 0.00899 0.00026 ( 1)
 219 G   0.95997 0.03030 0.00939 0.00034 ( 1)
 220 S   0.97596 0.01556 0.00830 0.00017 ( 1)
 221 N   0.97258 0.01862 0.00859 0.00020 ( 1)
 222 Q   0.95219 0.03764 0.00974 0.00043 ( 1)
 223 L   0.97156 0.01960 0.00862 0.00021 ( 1)
 224 G   0.97108 0.01999 0.00871 0.00022 ( 1)
 225 P   0.97012 0.02088 0.00877 0.00023 ( 1)
 226 I   0.97728 0.01444 0.00812 0.00015 ( 1)
 227 Y   0.96580 0.02486 0.00907 0.00028 ( 1)
 228 G   0.97120 0.01988 0.00871 0.00022 ( 1)
 229 H   0.97383 0.01748 0.00850 0.00019 ( 1)
 230 T   0.97042 0.02060 0.00876 0.00023 ( 1)
 231 S   0.96664 0.02408 0.00901 0.00027 ( 1)
 232 V   0.95490 0.03507 0.00963 0.00040 ( 1)
 233 T   0.00027 0.98541 0.00007 0.01426 ( 2)
 234 T   0.97001 0.02097 0.00879 0.00023 ( 1)
 235 G   0.96009 0.03018 0.00939 0.00034 ( 1)
 236 S   0.97021 0.02078 0.00878 0.00023 ( 1)
 237 L   0.93929 0.04993 0.01021 0.00058 ( 1)
 238 L   0.93929 0.04993 0.01021 0.00058 ( 1)
 239 D   0.96511 0.02550 0.00911 0.00028 ( 1)
 240 D   0.96653 0.02408 0.00912 0.00027 ( 1)
 241 H   0.97383 0.01748 0.00850 0.00019 ( 1)
 242 H   0.97383 0.01748 0.00850 0.00019 ( 1)
 243 W   0.95006 0.03966 0.00983 0.00045 ( 1)
 244 H   0.97383 0.01748 0.00850 0.00019 ( 1)
 245 S   0.96340 0.02709 0.00921 0.00030 ( 1)
 246 V   0.95490 0.03507 0.00963 0.00040 ( 1)
 247 V   0.97299 0.01825 0.00857 0.00020 ( 1)
 248 I   0.96462 0.02595 0.00914 0.00029 ( 1)
 249 E   0.97166 0.01945 0.00867 0.00021 ( 1)
 250 R   0.97869 0.01311 0.00805 0.00014 ( 1)
 251 Q   0.95230 0.03753 0.00974 0.00043 ( 1)
 252 G   0.97120 0.01988 0.00871 0.00022 ( 1)
 253 R   0.98030 0.01170 0.00788 0.00012 ( 1)
 254 S   0.72561 0.26536 0.00617 0.00286 ( 1)
 255 L   0.64456 0.34572 0.00591 0.00380 ( 1)
 256 N   0.97269 0.01851 0.00859 0.00020 ( 1)
 257 L   0.96613 0.02455 0.00905 0.00027 ( 1)
 258 T   0.96991 0.02105 0.00881 0.00023 ( 1)
 259 L   0.93929 0.04993 0.01021 0.00058 ( 1)
 260 D   0.97591 0.01560 0.00832 0.00017 ( 1)
 261 R   0.98122 0.01087 0.00779 0.00012 ( 1)
 262 S   0.97612 0.01541 0.00831 0.00017 ( 1)
 263 T   0.97033 0.02067 0.00877 0.00023 ( 1)
 264 Q   0.95230 0.03753 0.00974 0.00043 ( 1)
 265 H   0.97383 0.01748 0.00850 0.00019 ( 1)
 266 F   0.96142 0.02894 0.00932 0.00032 ( 1)
 267 R   0.97869 0.01311 0.00805 0.00014 ( 1)
 268 T   0.96981 0.02115 0.00881 0.00023 ( 1)
 269 N   0.97352 0.01778 0.00851 0.00019 ( 1)
 270 G   0.96571 0.02494 0.00908 0.00028 ( 1)
 271 E   0.97166 0.01945 0.00867 0.00021 ( 1)
 272 F   0.96130 0.02906 0.00931 0.00032 ( 1)
 273 D   0.97591 0.01560 0.00832 0.00017 ( 1)
 274 Y   0.96225 0.02817 0.00927 0.00031 ( 1)
 275 L   0.93929 0.04993 0.01021 0.00058 ( 1)
 276 D   0.96511 0.02550 0.00911 0.00028 ( 1)
 277 L   0.95988 0.03038 0.00939 0.00034 ( 1)
 278 D   0.97591 0.01560 0.00832 0.00017 ( 1)
 279 Y   0.96548 0.02518 0.00906 0.00028 ( 1)
 280 E   0.97166 0.01945 0.00867 0.00021 ( 1)
 281 I   0.97321 0.01702 0.00957 0.00019 ( 1)
 282 T   0.96514 0.02464 0.00994 0.00028 ( 1)
 283 F   0.95342 0.03589 0.01028 0.00041 ( 1)
 284 G   0.95575 0.03363 0.01022 0.00039 ( 1)
 285 G   0.96650 0.02334 0.00989 0.00026 ( 1)
 286 I   0.97341 0.01683 0.00958 0.00019 ( 1)
 287 P   0.95946 0.03007 0.01013 0.00034 ( 1)
 288 F   0.95701 0.03242 0.01019 0.00037 ( 1)
 289 S   0.96021 0.02943 0.01003 0.00034 ( 1)
 290 G   0.97512 0.01523 0.00948 0.00017 ( 1)
 291 K   0.96768 0.02224 0.00983 0.00025 ( 1)
 292 P   0.95806 0.03142 0.01017 0.00036 ( 1)
 293 S   0.96553 0.02427 0.00993 0.00028 ( 1)
 294 S   0.96203 0.02760 0.01005 0.00031 ( 1)
 295 S   0.97323 0.01761 0.00897 0.00019 ( 1)
 296 S   0.96733 0.02308 0.00934 0.00026 ( 1)
 297 R   0.75960 0.23126 0.00663 0.00251 ( 1)
 298 K   0.96962 0.02094 0.00920 0.00023 ( 1)
 299 N   0.97082 0.01983 0.00913 0.00022 ( 1)
 300 F   0.95858 0.03132 0.00974 0.00035 ( 1)
 301 K   0.07132 0.91776 0.00069 0.01023 ( 2)
 302 G   0.96824 0.02223 0.00928 0.00025 ( 1)
 303 C   0.96870 0.02180 0.00925 0.00024 ( 1)
 304 M   0.97919 0.01220 0.00848 0.00013 ( 1)
 305 E   0.97326 0.01759 0.00896 0.00019 ( 1)
 306 S   0.66210 0.32799 0.00628 0.00364 ( 1)
 307 I   0.96172 0.02835 0.00961 0.00032 ( 1)
 308 N   0.96975 0.02083 0.00919 0.00023 ( 1)
 309 Y   0.95939 0.03055 0.00971 0.00035 ( 1)
 310 N   0.97082 0.01983 0.00913 0.00022 ( 1)
 311 G   0.96824 0.02223 0.00928 0.00025 ( 1)
 312 I   0.96577 0.02455 0.00941 0.00027 ( 1)
 313 N   0.96975 0.02083 0.00919 0.00023 ( 1)
 314 I   0.97521 0.01580 0.00882 0.00017 ( 1)
 315 T   0.97106 0.01961 0.00911 0.00022 ( 1)
 316 D   0.96220 0.02790 0.00959 0.00031 ( 1)
 317 L   0.96331 0.02685 0.00954 0.00030 ( 1)
 318 A   0.96679 0.02358 0.00936 0.00026 ( 1)
 319 R   0.97852 0.01280 0.00854 0.00014 ( 1)
 320 R   0.97775 0.01349 0.00861 0.00015 ( 1)
 321 K   0.96962 0.02094 0.00920 0.00023 ( 1)
 322 K   0.96655 0.02381 0.00938 0.00027 ( 1)
 323 L   0.96419 0.02603 0.00949 0.00029 ( 1)
 324 E   0.97318 0.01766 0.00896 0.00019 ( 1)
 325 P   0.96728 0.02313 0.00933 0.00026 ( 1)
 326 S   0.95284 0.03679 0.00996 0.00042 ( 1)
 327 N   0.97082 0.01983 0.00913 0.00022 ( 1)
 328 V   0.95227 0.03733 0.00998 0.00043 ( 1)
 329 G   0.95847 0.03135 0.00983 0.00036 ( 1)
 330 N   0.97194 0.01869 0.00917 0.00021 ( 1)
 331 L   0.95826 0.03155 0.00983 0.00036 ( 1)
 332 S   0.96844 0.02195 0.00937 0.00024 ( 1)
 333 F   0.95977 0.03012 0.00977 0.00034 ( 1)
 334 T   0.00493 0.97918 0.00138 0.01451 ( 2)
 335 C   0.96986 0.02062 0.00929 0.00023 ( 1)
 336 V   0.04849 0.94039 0.00049 0.01063 ( 2)
 337 E   0.97135 0.01970 0.00874 0.00022 ( 1)
 338 P   0.96992 0.02101 0.00884 0.00023 ( 1)
 339 Y   0.96194 0.02842 0.00932 0.00032 ( 1)
 340 T   0.66312 0.32726 0.00603 0.00359 ( 1)
 341 V   0.97635 0.01502 0.00847 0.00016 ( 1)
 342 P   0.96379 0.02669 0.00923 0.00030 ( 1)
 343 V   0.97258 0.01858 0.00863 0.00020 ( 1)
 344 F   0.95733 0.03275 0.00955 0.00037 ( 1)
 345 F   0.96112 0.02919 0.00936 0.00033 ( 1)
 346 N   0.97342 0.01781 0.00858 0.00019 ( 1)
 347 A   0.97245 0.01869 0.00865 0.00020 ( 1)
 348 T   0.96950 0.02140 0.00887 0.00024 ( 1)
 349 S   0.96990 0.02103 0.00884 0.00023 ( 1)
 350 Y   0.96194 0.02842 0.00932 0.00032 ( 1)
 351 L   0.93956 0.04964 0.01023 0.00057 ( 1)
 352 E   0.97135 0.01970 0.00874 0.00022 ( 1)
 353 V   0.95462 0.03531 0.00967 0.00040 ( 1)
 354 P   0.96482 0.02566 0.00924 0.00029 ( 1)
 355 G   0.95979 0.03044 0.00943 0.00034 ( 1)
 356 R   0.13113 0.85860 0.00111 0.00916 ( 2)
 357 L   0.97188 0.01921 0.00869 0.00021 ( 1)
 358 H   0.97198 0.01907 0.00874 0.00021 ( 1)
 359 Q   0.95507 0.03495 0.00958 0.00039 ( 1)
 360 D   0.97561 0.01583 0.00839 0.00017 ( 1)
 361 L   0.93976 0.04944 0.01023 0.00057 ( 1)
 362 F   0.95733 0.03275 0.00955 0.00037 ( 1)
 363 S   0.95835 0.03180 0.00950 0.00036 ( 1)
 364 V   0.66677 0.32364 0.00604 0.00355 ( 1)
 365 S   0.96999 0.02094 0.00884 0.00023 ( 1)
 366 F   0.96112 0.02919 0.00936 0.00033 ( 1)
 367 Q   0.95203 0.03777 0.00978 0.00043 ( 1)
 368 F   0.96112 0.02919 0.00936 0.00033 ( 1)
 369 R   0.98036 0.01158 0.00794 0.00012 ( 1)
 370 T   0.97368 0.01757 0.00856 0.00019 ( 1)
 371 W   0.94980 0.03989 0.00986 0.00045 ( 1)
 372 N   0.97238 0.01875 0.00866 0.00020 ( 1)
 373 P   0.96992 0.02101 0.00884 0.00023 ( 1)
 374 N   0.05025 0.49640 0.44334 0.01001 ( 2)
 375 G   0.97943 0.01241 0.00802 0.00013 ( 1)
 376 L   0.96584 0.02479 0.00910 0.00027 ( 1)
 377 L   0.93960 0.04960 0.01023 0.00057 ( 1)
 378 L   0.97187 0.01923 0.00869 0.00021 ( 1)
 379 F   0.96112 0.02919 0.00936 0.00033 ( 1)
 380 S   0.96993 0.02101 0.00883 0.00023 ( 1)
 381 H   0.73191 0.25868 0.00658 0.00283 ( 1)
 382 F   0.95721 0.03288 0.00955 0.00037 ( 1)
 383 A   0.98055 0.01144 0.00789 0.00012 ( 1)
 384 D   0.96467 0.02588 0.00916 0.00029 ( 1)
 385 N   0.00417 0.98508 0.00004 0.01072 ( 2)
 386 L   0.95644 0.03374 0.00944 0.00038 ( 1)
 387 G   0.97091 0.02011 0.00875 0.00022 ( 1)
 388 N   0.68157 0.30899 0.00607 0.00337 ( 1)
 389 V   0.95449 0.03544 0.00967 0.00040 ( 1)
 390 E   0.97123 0.01982 0.00873 0.00022 ( 1)
 391 I   0.96418 0.02634 0.00919 0.00029 ( 1)
 392 D   0.97539 0.01600 0.00844 0.00017 ( 1)
 393 L   0.96560 0.02500 0.00913 0.00028 ( 1)
 394 T   0.97343 0.01778 0.00859 0.00019 ( 1)
 395 D   0.97539 0.01600 0.00844 0.00017 ( 1)
 396 S   0.97543 0.01598 0.00842 0.00017 ( 1)
 397 K   0.69032 0.30002 0.00636 0.00330 ( 1)
 398 V   0.97225 0.01887 0.00867 0.00021 ( 1)
 399 S   0.71825 0.27260 0.00620 0.00295 ( 1)
 400 V   0.55827 0.27728 0.16031 0.00414 ( 1)
 401 H   0.97312 0.01808 0.00861 0.00020 ( 1)
 402 I   0.96799 0.02279 0.00897 0.00025 ( 1)
 403 N   0.97198 0.01912 0.00870 0.00021 ( 1)
 404 I   0.54334 0.29495 0.15729 0.00441 ( 1)
 405 T   0.96970 0.02122 0.00886 0.00023 ( 1)
 406 Q   0.95079 0.03898 0.00979 0.00044 ( 1)
 407 T   0.96815 0.02271 0.00889 0.00025 ( 1)
 408 K   0.97052 0.02040 0.00885 0.00022 ( 1)
 409 M   0.12104 0.86871 0.00099 0.00926 ( 2)
 410 S   0.97414 0.01709 0.00858 0.00019 ( 1)
 411 Q   0.95117 0.03851 0.00988 0.00044 ( 1)
 412 I   0.97574 0.01568 0.00841 0.00017 ( 1)
 413 D   0.96261 0.02777 0.00930 0.00031 ( 1)
 414 I   0.96219 0.02817 0.00933 0.00031 ( 1)
 415 S   0.96389 0.02655 0.00926 0.00030 ( 1)
 416 S   0.95295 0.03686 0.00978 0.00042 ( 1)
 417 G   0.97712 0.01441 0.00832 0.00016 ( 1)
 418 S   0.96360 0.02689 0.00921 0.00030 ( 1)
 419 G   0.96587 0.02478 0.00908 0.00027 ( 1)
 420 L   0.95984 0.03043 0.00939 0.00034 ( 1)
 421 N   0.97395 0.01735 0.00851 0.00019 ( 1)
 422 D   0.97554 0.01585 0.00844 0.00017 ( 1)
 423 G   0.97139 0.01968 0.00871 0.00022 ( 1)
 424 Q   0.95249 0.03735 0.00974 0.00042 ( 1)
 425 W   0.95024 0.03948 0.00983 0.00045 ( 1)
 426 H   0.97185 0.01927 0.00867 0.00021 ( 1)
 427 E   0.97518 0.01635 0.00829 0.00018 ( 1)
 428 V   0.97318 0.01805 0.00857 0.00020 ( 1)
 429 R   0.98569 0.00706 0.00717 0.00007 ( 1)
 430 F   0.96163 0.02874 0.00932 0.00032 ( 1)
 431 L   0.96644 0.02432 0.00898 0.00027 ( 1)
 432 A   0.97295 0.01826 0.00859 0.00020 ( 1)
 433 K   0.97276 0.01843 0.00861 0.00020 ( 1)
 434 E   0.97186 0.01925 0.00868 0.00021 ( 1)
 435 N   0.97395 0.01735 0.00851 0.00019 ( 1)
 436 F   0.95782 0.03230 0.00951 0.00036 ( 1)
 437 V   0.97113 0.01992 0.00873 0.00022 ( 1)
 438 I   0.96483 0.02575 0.00914 0.00029 ( 1)
 439 L   0.96634 0.02435 0.00905 0.00027 ( 1)
 440 T   0.97418 0.01714 0.00849 0.00019 ( 1)
 441 I   0.96886 0.02202 0.00888 0.00024 ( 1)
 442 D   0.96805 0.02292 0.00878 0.00025 ( 1)
 443 G   0.96029 0.02998 0.00939 0.00034 ( 1)
 444 D   0.96546 0.02515 0.00911 0.00028 ( 1)
 445 E   0.97634 0.01520 0.00830 0.00016 ( 1)
 446 A   0.96812 0.02270 0.00894 0.00025 ( 1)
 447 S   0.95569 0.03432 0.00961 0.00039 ( 1)
 448 A   0.97002 0.02094 0.00881 0.00023 ( 1)
 449 V   0.97182 0.01933 0.00864 0.00021 ( 1)
 450 R   0.97832 0.01343 0.00811 0.00014 ( 1)
 451 T   0.97408 0.01720 0.00853 0.00019 ( 1)
 452 N   0.97289 0.01832 0.00860 0.00020 ( 1)
 453 S   0.97041 0.02059 0.00878 0.00023 ( 1)
 454 P   0.96418 0.02635 0.00918 0.00029 ( 1)
 455 L   0.97239 0.01877 0.00863 0.00020 ( 1)
 456 Q   0.95678 0.03329 0.00956 0.00037 ( 1)
 457 V   0.97107 0.01998 0.00873 0.00022 ( 1)
 458 K   0.96967 0.02127 0.00883 0.00023 ( 1)
 459 T   0.97418 0.01714 0.00849 0.00019 ( 1)
 460 G   0.97140 0.01968 0.00871 0.00022 ( 1)
 461 E   0.00381 0.98050 0.00108 0.01461 ( 2)
 462 K   0.97276 0.01843 0.00861 0.00020 ( 1)
 463 Y   0.96245 0.02796 0.00927 0.00031 ( 1)
 464 F   0.95782 0.03230 0.00951 0.00036 ( 1)
 465 F   0.95782 0.03230 0.00951 0.00036 ( 1)
 466 G   0.96029 0.02998 0.00939 0.00034 ( 1)
 467 G   0.97985 0.01207 0.00795 0.00013 ( 1)
 468 Y   0.62116 0.36891 0.00584 0.00409 ( 1)
 469 L   0.04622 0.94282 0.00045 0.01051 ( 2)
 470 N   0.97309 0.01811 0.00860 0.00020 ( 1)
 471 Q   0.52090 0.46846 0.00533 0.00531 ( 1)
 472 M   0.98221 0.00999 0.00770 0.00011 ( 1)
 473 N   0.09474 0.89472 0.00083 0.00971 ( 2)
 474 S   0.69307 0.29756 0.00612 0.00324 ( 1)
 475 S   0.95596 0.03405 0.00961 0.00038 ( 1)
 476 S   0.97062 0.02037 0.00878 0.00022 ( 1)
 477 H   0.97422 0.01709 0.00851 0.00019 ( 1)
 478 S   0.96382 0.02667 0.00921 0.00030 ( 1)
 479 V   0.97336 0.01787 0.00857 0.00019 ( 1)
 480 L   0.97260 0.01857 0.00863 0.00020 ( 1)
 481 Q   0.95269 0.03714 0.00975 0.00042 ( 1)
 482 P   0.96440 0.02613 0.00918 0.00029 ( 1)
 483 S   0.95590 0.03411 0.00961 0.00038 ( 1)
 484 F   0.96184 0.02852 0.00932 0.00032 ( 1)
 485 Q   0.95699 0.03308 0.00956 0.00037 ( 1)
 486 G   0.96051 0.02976 0.00939 0.00033 ( 1)
 487 C   0.97206 0.01906 0.00868 0.00021 ( 1)
 488 M   0.98221 0.00999 0.00770 0.00011 ( 1)
 489 Q   0.95269 0.03714 0.00975 0.00042 ( 1)
 490 L   0.96655 0.02413 0.00905 0.00027 ( 1)
 491 I   0.96505 0.02553 0.00914 0.00028 ( 1)
 492 Q   0.95699 0.03308 0.00956 0.00037 ( 1)
 493 V   0.95530 0.03467 0.00964 0.00039 ( 1)
 494 D   0.96553 0.02508 0.00912 0.00028 ( 1)
 495 D   0.96553 0.02508 0.00912 0.00028 ( 1)
