Supplemental results for CODEML (seqf: /home/leticiamagpali/phd/evol_models/codeml/small_dataset/cml_align/MYH2_codon_aligned.phy  treef: /home/leticiamagpali/phd/evol_models/codeml/small_dataset/cml_trees/gene_trees/H2_gene_trees/MYH2_codon_H2.tre)

I	J	ij	2Ns_IJ	pMut_IJ	pSub_IJ	2Ns_JI	pMut_JI	pSub_JI

TTC	TTT	CT	-1.50567	0.07555	0.03244	1.50567	0.01676	0.03244
TTA	TTT	AT	8.94413	0.00000	0.00000	-8.94413	0.00842	0.00001
TTA	TTC	AC	10.44980	0.00000	0.00000	-10.44980	0.02384	0.00001
TTG	TTT	GT	0.91850	0.00516	0.00789	-0.91850	0.01293	0.00789
TTG	TTC	GC	2.42417	0.00324	0.00862	-2.42417	0.03661	0.00862
TTG	TTA	GA	-8.02563	0.00574	0.00002	8.02563	0.00000	0.00000
TCT	TTT	CT	0.66382	0.00863	0.01181	-0.66382	0.01676	0.01181
TCC	TTC	CT	0.08273	0.04369	0.04552	-0.08273	0.04745	0.04552
TCC	TCT	CT	-2.08677	0.04369	0.01291	2.08677	0.00542	0.01291
TCA	TTA	CT	-9.21421	0.01301	0.00001	9.21421	0.00000	0.00000
TCA	TCT	AT	-0.93390	0.00693	0.00419	0.93390	0.00272	0.00419
TCA	TCC	AC	1.15287	0.00435	0.00733	-1.15287	0.01378	0.00733
TCG	TTG	CT	0.11179	0.00544	0.00575	-0.11179	0.00609	0.00575
TCG	TCT	GT	0.36647	0.00290	0.00346	-0.36647	0.00418	0.00346
TCG	TCC	GC	2.45324	0.00182	0.00489	-2.45324	0.02117	0.00489
TCG	TCA	GA	1.30037	0.00323	0.00577	-1.30037	0.01184	0.00577
TAT	TTT	AT	0.33733	0.00601	0.00708	-0.33733	0.00842	0.00708
TAT	TCT	AC	-0.32649	0.00377	0.00319	0.32649	0.00272	0.00319
TAC	TTC	AT	0.18935	0.01973	0.02165	-0.18935	0.02384	0.02165
TAC	TCC	AC	0.10662	0.01239	0.01306	-0.10662	0.01378	0.01306
TAC	TAT	CT	-1.65366	0.03705	0.01450	1.65366	0.00709	0.01450
TGT	TTT	GT	4.11035	0.00021	0.00089	-4.11035	0.01293	0.00089
TGT	TCT	GC	3.44653	0.00013	0.00047	-3.44653	0.00418	0.00047
TGT	TAT	GA	3.77302	0.00024	0.00091	-3.77302	0.01027	0.00091
TGC	TTC	GT	1.27280	0.01025	0.01812	-1.27280	0.03661	0.01812
TGC	TCC	GC	1.19008	0.00644	0.01101	-1.19008	0.02117	0.01101
TGC	TAC	GA	1.08346	0.01141	0.01868	-1.08346	0.03371	0.01868
TGC	TGT	CT	-4.34322	0.01925	0.00110	4.34322	0.00025	0.00110
TGG	TTG	GT	-0.75264	0.00997	0.00668	0.75264	0.00470	0.00668
TGG	TCG	GC	-0.86443	0.00626	0.00394	0.86443	0.00264	0.00394
TGG	TGT	GT	-3.94449	0.00997	0.00078	3.94449	0.00019	0.00078
TGG	TGC	GC	0.39873	0.00626	0.00759	-0.39873	0.00933	0.00759
CTT	TTT	CT	0.88696	0.00690	0.01041	-0.88696	0.01676	0.01041
CTC	TTC	CT	0.13258	0.04156	0.04438	-0.13258	0.04745	0.04438
CTC	CTT	CT	-2.26006	0.04156	0.01094	2.26006	0.00434	0.01094
CTA	TTA	CT	-8.59953	0.00704	0.00001	8.59953	0.00000	0.00000
CTA	CTT	AT	-0.54237	0.00375	0.00282	0.54237	0.00218	0.00282
CTA	CTC	AC	1.71769	0.00235	0.00493	-1.71769	0.01311	0.00493
CTG	TTG	CT	-3.29831	0.16478	0.02085	3.29831	0.00609	0.02085
CTG	CTT	GT	-3.26677	0.08774	0.01136	3.26677	0.00335	0.01136
CTG	CTC	GC	-1.00672	0.05511	0.03195	1.00672	0.02014	0.03195
CTG	CTA	GA	-2.72440	0.09764	0.01867	2.72440	0.00640	0.01867
CCT	TCT	CT	0.81892	0.00239	0.00350	-0.81892	0.00542	0.00350
CCT	CTT	CT	0.59577	0.00239	0.00317	-0.59577	0.00434	0.00317
CCC	TCC	CT	0.10521	0.02470	0.02602	-0.10521	0.02744	0.02602
CCC	CTC	CT	0.05536	0.02470	0.02539	-0.05536	0.02610	0.02539
CCC	CCT	CT	-2.80047	0.02470	0.00448	2.80047	0.00150	0.00448
CCA	TCA	CT	0.11254	0.00730	0.00772	-0.11254	0.00817	0.00772
CCA	CTA	CT	-0.50214	0.00730	0.00562	0.50214	0.00442	0.00562
CCA	CCT	AT	-1.64028	0.00389	0.00153	1.64028	0.00075	0.00153
CCA	CCC	AC	1.16019	0.00244	0.00413	-1.16019	0.00779	0.00413
CCG	TCG	CT	-1.45201	0.01461	0.00648	1.45201	0.00342	0.00648
CCG	CTG	CT	1.95810	0.01461	0.03330	-1.95810	0.10350	0.03330
CCG	CCT	GT	-1.90445	0.00778	0.00259	1.90445	0.00116	0.00259
CCG	CCC	GC	0.89602	0.00488	0.00740	-0.89602	0.01197	0.00740
CCG	CCA	GA	-0.26417	0.00865	0.00756	0.26417	0.00665	0.00756
CAT	TAT	CT	1.49265	0.00159	0.00307	-1.49265	0.00709	0.00307
CAT	CTT	AT	0.94302	0.00085	0.00131	-0.94302	0.00218	0.00131
CAT	CCT	AC	0.34724	0.00053	0.00063	-0.34724	0.00075	0.00063
CAC	TAC	CT	-0.40604	0.03492	0.02831	0.40604	0.02327	0.02831
CAC	CTC	AT	-0.34927	0.01859	0.01554	0.34927	0.01311	0.01554
CAC	CCC	AC	-0.40463	0.01168	0.00948	0.40463	0.00779	0.00948
CAC	CAT	CT	-3.55234	0.03492	0.00366	3.55234	0.00100	0.00366
CAA	CTA	AT	-1.11738	0.00679	0.00369	1.11738	0.00222	0.00369
CAA	CCA	AC	-0.61524	0.00426	0.00309	0.61524	0.00230	0.00309
CAA	CAT	AT	-2.60276	0.00679	0.00141	2.60276	0.00050	0.00141
CAA	CAC	AC	0.94958	0.00426	0.00660	-0.94958	0.01102	0.00660
CAG	CTG	AT	0.12801	0.04574	0.04874	-0.12801	0.05199	0.04874
CAG	CCG	AC	-1.83009	0.02873	0.01005	1.83009	0.00461	0.01005
CAG	CAT	GT	-4.08178	0.04574	0.00321	4.08178	0.00077	0.00321
CAG	CAC	GC	-0.52944	0.02873	0.02179	0.52944	0.01692	0.02179
CAG	CAA	GA	-1.47902	0.05091	0.02222	1.47902	0.01160	0.02222
CGT	TGT	CT	-2.69869	0.00372	0.00072	2.69869	0.00025	0.00072
CGT	CTT	GT	0.52470	0.00198	0.00254	-0.52470	0.00335	0.00254
CGT	CCT	GC	-0.07108	0.00124	0.00120	0.07108	0.00116	0.00120
CGT	CAT	GA	-0.41832	0.00220	0.00177	0.41832	0.00145	0.00177
CGC	TGC	CT	-1.13027	0.03744	0.02019	1.13027	0.01209	0.02019
CGC	CTC	GT	0.00995	0.01994	0.02004	-0.00995	0.02014	0.02004
CGC	CCC	GC	-0.04541	0.01252	0.01224	0.04541	0.01197	0.01224
CGC	CAC	GA	0.35922	0.02219	0.02641	-0.35922	0.03178	0.02641
CGC	CGT	CT	-2.77480	0.03744	0.00691	2.77480	0.00234	0.00691
CGA	CTA	GT	-0.44154	0.00530	0.00422	0.44154	0.00341	0.00422
CGA	CCA	GC	0.06060	0.00333	0.00343	-0.06060	0.00354	0.00343
CGA	CAA	GA	0.67584	0.00590	0.00812	-0.67584	0.01160	0.00812
CGA	CGT	AT	-1.50860	0.00530	0.00227	1.50860	0.00117	0.00227
CGA	CGC	AC	1.26620	0.00333	0.00587	-1.26620	0.01181	0.00587
CGG	TGG	CT	-0.53362	0.02005	0.01517	0.53362	0.01176	0.01517
CGG	CTG	GT	2.01205	0.01068	0.02480	-2.01205	0.07984	0.02480
CGG	CCG	GC	0.05395	0.00671	0.00689	-0.05395	0.00708	0.00689
CGG	CAG	GA	1.88404	0.01188	0.02640	-1.88404	0.07818	0.02640
CGG	CGT	GT	-1.77942	0.01068	0.00386	1.77942	0.00180	0.00386
CGG	CGC	GC	0.99538	0.00671	0.01059	-0.99538	0.01814	0.01059
CGG	CGA	GA	-0.27081	0.01188	0.01034	0.27081	0.00906	0.01034
ATT	TTT	AT	-0.60909	0.01548	0.01124	0.60909	0.00842	0.01124
ATT	CTT	AC	-1.49605	0.00973	0.00420	1.49605	0.00218	0.00420
ATC	TTC	AT	-0.67168	0.04666	0.03273	0.67168	0.02384	0.03273
ATC	CTC	AC	-0.80426	0.02931	0.01909	0.80426	0.01311	0.01909
ATC	ATT	CT	-1.56827	0.08764	0.03618	1.56827	0.01826	0.03618
ATA	TTA	AT	-9.14181	0.00608	0.00001	9.14181	0.00000	0.00000
ATA	CTA	AC	-0.54228	0.00382	0.00288	0.54228	0.00222	0.00288
ATA	ATT	AT	0.41140	0.00608	0.00742	-0.41140	0.00918	0.00742
ATA	ATC	AC	1.97967	0.00382	0.00877	-1.97967	0.02765	0.00877
ATG	TTG	AT	-2.52443	0.03818	0.00839	2.52443	0.00306	0.00839
ATG	CTG	AC	0.77388	0.02398	0.03444	-0.77388	0.05199	0.03444
ATG	ATT	GT	-0.99684	0.03818	0.02226	0.99684	0.01409	0.02226
ATG	ATC	GC	0.57142	0.02398	0.03148	-0.57142	0.04246	0.03148
ATG	ATA	GA	-1.40824	0.04249	0.01937	1.40824	0.01039	0.01937
ACT	TCT	AT	-0.89223	0.00665	0.00412	0.89223	0.00272	0.00412
ACT	CCT	AC	-1.71115	0.00417	0.00157	1.71115	0.00075	0.00157
ACT	ATT	CT	0.38068	0.01248	0.01501	-0.38068	0.01826	0.01501
ACC	TCC	AT	-0.49558	0.02262	0.01748	0.49558	0.01378	0.01748
ACC	CCC	AC	-0.60080	0.01421	0.01037	0.60080	0.00779	0.01037
ACC	ATC	CT	0.25882	0.04249	0.04823	-0.25882	0.05504	0.04823
ACC	ACT	CT	-1.69012	0.04249	0.01625	1.69012	0.00784	0.01625
ACA	TCA	AT	-0.68329	0.00813	0.00567	0.68329	0.00411	0.00567
ACA	CCA	AC	-0.79582	0.00511	0.00334	0.79582	0.00230	0.00334
ACA	ATA	CT	-0.75568	0.01527	0.01022	0.75568	0.00717	0.01022
ACA	ACT	AT	-0.72496	0.00813	0.00554	0.72496	0.00394	0.00554
ACA	ACC	AC	0.96517	0.00511	0.00796	-0.96517	0.01341	0.00796
ACG	TCG	AT	-1.80018	0.01039	0.00370	1.80018	0.00172	0.00370
ACG	CCG	AC	-0.34818	0.00653	0.00546	0.34818	0.00461	0.00546
ACG	ATG	CT	0.83604	0.01952	0.02880	-0.83604	0.04503	0.02880
ACG	ACT	GT	-0.54148	0.01039	0.00783	0.54148	0.00605	0.00783
ACG	ACC	GC	1.14864	0.00653	0.01098	-1.14864	0.02059	0.01098
ACG	ACA	GA	0.18348	0.01157	0.01266	-0.18348	0.01390	0.01266
AAT	TAT	AT	-0.15821	0.00417	0.00385	0.15821	0.00356	0.00385
AAT	CAT	AC	-1.65085	0.00262	0.00103	1.65085	0.00050	0.00103
AAT	ATT	AT	0.78821	0.00417	0.00603	-0.78821	0.00918	0.00603
AAT	ACT	AC	0.40753	0.00262	0.00319	-0.40753	0.00394	0.00319
AAC	TAC	AT	-1.49062	0.05190	0.02249	1.49062	0.01169	0.02249
AAC	CAC	AC	-1.08458	0.03259	0.01805	1.08458	0.01102	0.01805
AAC	ATC	AT	-0.62959	0.05190	0.03726	0.62959	0.02765	0.03726
AAC	ACC	AC	-0.88841	0.03259	0.02023	0.88841	0.01341	0.02023
AAC	AAT	CT	-2.98607	0.09746	0.01547	2.98607	0.00492	0.01547
AAA	CAA	AC	-0.96615	0.01057	0.00627	0.96615	0.00402	0.00627
AAA	ATA	AT	-1.54124	0.01683	0.00707	1.54124	0.00360	0.00707
AAA	ACA	AC	-0.78556	0.01057	0.00696	0.78556	0.00482	0.00696
AAA	AAT	AT	-1.91805	0.01683	0.00556	1.91805	0.00247	0.00556
AAA	AAC	AC	1.06801	0.01057	0.01720	-1.06801	0.03075	0.01720
AAG	CAG	AC	-0.84217	0.06292	0.04010	0.84217	0.02711	0.04010
AAG	ATG	AT	-1.48805	0.10019	0.04348	1.48805	0.02262	0.04348
AAG	ACG	AC	-2.32409	0.06292	0.01587	2.32409	0.00616	0.01587
AAG	AAT	GT	-3.27310	0.10019	0.01291	3.27310	0.00380	0.01291
AAG	AAC	GC	-0.28703	0.06292	0.05433	0.28703	0.04722	0.05433
AAG	AAA	GA	-1.35505	0.11149	0.05251	1.35505	0.02876	0.05251
AGT	TGT	AT	-1.21647	0.00042	0.00022	1.21647	0.00013	0.00022
AGT	CGT	AC	1.48222	0.00027	0.00051	-1.48222	0.00117	0.00051
AGT	ATT	GT	3.50297	0.00042	0.00153	-3.50297	0.01409	0.00153
AGT	ACT	GC	3.12229	0.00027	0.00087	-3.12229	0.00605	0.00087
AGT	AAT	GA	2.71476	0.00047	0.00137	-2.71476	0.00713	0.00137
AGC	TGC	AT	-0.64645	0.01160	0.00825	0.64645	0.00607	0.00825
AGC	CGC	AC	0.48382	0.00728	0.00919	-0.48382	0.01181	0.00919
AGC	ATC	GT	1.29803	0.01160	0.02070	-1.29803	0.04246	0.02070
AGC	ACC	GC	1.03921	0.00728	0.01171	-1.03921	0.02059	0.01171
AGC	AAC	GA	1.92762	0.01290	0.02911	-1.92762	0.08869	0.02911
AGC	AGT	CT	-3.77320	0.02178	0.00193	3.77320	0.00050	0.00193
AGA	CGA	AC	0.13213	0.00275	0.00294	-0.13213	0.00314	0.00294
AGA	ATA	GT	0.23287	0.00438	0.00491	-0.23287	0.00553	0.00491
AGA	ACA	GC	0.98855	0.00275	0.00433	-0.98855	0.00740	0.00433
AGA	AAA	GA	1.77411	0.00488	0.01042	-1.77411	0.02876	0.01042
AGA	AGT	AT	-2.85870	0.00438	0.00076	2.85870	0.00025	0.00076
AGA	AGC	AC	0.91451	0.00275	0.00420	-0.91451	0.00687	0.00420
AGG	TGG	AT	-0.53741	0.01011	0.00764	0.53741	0.00591	0.00764
AGG	CGG	AC	-0.00379	0.00635	0.00634	0.00379	0.00633	0.00634
AGG	ATG	GT	1.23438	0.01011	0.01760	-1.23438	0.03474	0.01760
AGG	ACG	GC	0.39834	0.00635	0.00770	-0.39834	0.00946	0.00770
AGG	AAG	GA	2.72243	0.01125	0.03279	-2.72243	0.17121	0.03279
AGG	AGT	GT	-3.26543	0.01011	0.00131	3.26543	0.00039	0.00131
AGG	AGC	GC	0.50778	0.00635	0.00810	-0.50778	0.01055	0.00810
AGG	AGA	GA	-0.40673	0.01125	0.00912	0.40673	0.00749	0.00912
GTT	TTT	GT	2.56990	0.00099	0.00275	-2.56990	0.01293	0.00275
GTT	CTT	GC	1.68294	0.00062	0.00129	-1.68294	0.00335	0.00129
GTT	ATT	GA	3.17899	0.00110	0.00365	-3.17899	0.02646	0.00365
GTC	TTC	GT	1.38972	0.00912	0.01688	-1.38972	0.03661	0.01688
GTC	CTC	GC	1.25714	0.00573	0.01006	-1.25714	0.02014	0.01006
GTC	ATC	GA	2.06140	0.01015	0.02397	-2.06140	0.07975	0.02397
GTC	GTT	CT	-2.68585	0.01713	0.00337	2.68585	0.00117	0.00337
GTA	TTA	GT	-7.59069	0.00198	0.00001	7.59069	0.00000	0.00000
GTA	CTA	GC	1.00884	0.00124	0.00197	-1.00884	0.00341	0.00197
GTA	ATA	GA	1.55112	0.00220	0.00434	-1.55112	0.01039	0.00434
GTA	GTT	AT	-1.21647	0.00198	0.00101	1.21647	0.00059	0.00101
GTA	GTC	AC	1.46938	0.00124	0.00237	-1.46938	0.00540	0.00237
GTG	TTG	GT	-1.67035	0.02496	0.00966	1.67035	0.00470	0.00966
GTG	CTG	GC	1.62796	0.01568	0.03175	-1.62796	0.07984	0.03175
GTG	ATG	GA	0.85408	0.02777	0.04130	-0.85408	0.06525	0.04130
GTG	GTT	GT	-3.32175	0.02496	0.00310	3.32175	0.00090	0.00310
GTG	GTC	GC	-0.63590	0.01568	0.01122	0.63590	0.00830	0.01122
GTG	GTA	GA	-2.10529	0.02777	0.00811	2.10529	0.00338	0.00811
GCT	TCT	GT	-1.06745	0.01216	0.00680	1.06745	0.00418	0.00680
GCT	CCT	GC	-1.88637	0.00764	0.00257	1.88637	0.00116	0.00257
GCT	ACT	GA	-0.17522	0.01353	0.01238	0.17522	0.01136	0.01238
GCT	GTT	CT	-2.97353	0.02284	0.00366	2.97353	0.00117	0.00366
GCC	TCC	GT	-0.64217	0.04023	0.02869	0.64217	0.02117	0.02869
GCC	CCC	GC	-0.74738	0.02527	0.01699	0.74738	0.01197	0.01699
GCC	ACC	GA	-0.14658	0.04477	0.04157	0.14658	0.03867	0.04157
GCC	GTC	CT	-1.94917	0.07555	0.02445	1.94917	0.01076	0.02445
GCC	GCT	CT	-1.66148	0.07555	0.02942	1.66148	0.01434	0.02942
GCA	TCA	GT	-0.55280	0.01096	0.00821	0.55280	0.00631	0.00821
GCA	CCA	GC	-0.66534	0.00688	0.00485	0.66534	0.00354	0.00485
GCA	ACA	GA	0.13048	0.01220	0.01301	-0.13048	0.01390	0.01301
GCA	GTA	CT	-2.17632	0.02058	0.00573	2.17632	0.00234	0.00573
GCA	GCT	AT	-0.41925	0.01096	0.00882	0.41925	0.00721	0.00882
GCA	GCC	AC	1.24223	0.00688	0.01202	-1.24223	0.02384	0.01202
GCG	TCG	GT	-0.36976	0.00382	0.00316	0.36976	0.00264	0.00316
GCG	CCG	GC	1.08225	0.00240	0.00393	-1.08225	0.00708	0.00393
GCG	ACG	GA	1.43043	0.00425	0.00799	-1.43043	0.01776	0.00799
GCG	GTG	CT	1.41239	0.00717	0.01339	-1.41239	0.02944	0.01339
GCG	GCT	GT	1.06417	0.00382	0.00620	-1.06417	0.01107	0.00620
GCG	GCC	GC	2.72565	0.00240	0.00699	-2.72565	0.03661	0.00699
GCG	GCA	GA	1.48342	0.00425	0.00815	-1.48342	0.01873	0.00815
GAT	TAT	GT	-1.08977	0.01626	0.00898	1.08977	0.00547	0.00898
GAT	CAT	GC	-2.58242	0.01021	0.00216	2.58242	0.00077	0.00216
GAT	AAT	GA	-0.93156	0.01810	0.01096	0.93156	0.00713	0.01096
GAT	GTT	AT	-3.32234	0.01626	0.00202	3.32234	0.00059	0.00202
GAT	GCT	AC	-0.34881	0.01021	0.00854	0.34881	0.00721	0.00854
GAC	TAC	GT	-1.00127	0.04886	0.02841	1.00127	0.01795	0.02841
GAC	CAC	GC	-0.59523	0.03069	0.02245	0.59523	0.01692	0.02245
GAC	AAC	GA	0.48935	0.05437	0.06875	-0.48935	0.08869	0.06875
GAC	GTC	AT	-2.20165	0.04886	0.01338	2.20165	0.00540	0.01338
GAC	GCC	AC	-0.25248	0.03069	0.02697	0.25248	0.02384	0.02697
GAC	GAT	CT	-1.56516	0.09175	0.03796	1.56516	0.01918	0.03796
GAA	CAA	GC	-0.50298	0.01021	0.00786	0.50298	0.00618	0.00786
GAA	AAA	GA	0.46317	0.01810	0.02261	-0.46317	0.02876	0.02261
GAA	GTA	AT	-2.62920	0.01626	0.00332	2.62920	0.00117	0.00332
GAA	GCA	AC	-0.45288	0.01021	0.00807	0.45288	0.00649	0.00807
GAA	GAT	AT	-0.52332	0.01626	0.01238	0.52332	0.00964	0.01238
GAA	GAC	AC	1.04184	0.01021	0.01644	-1.04184	0.02895	0.01644
GAG	CAG	GC	-0.49449	0.06825	0.05276	0.49449	0.04163	0.05276
GAG	AAG	GA	0.34769	0.12093	0.14317	-0.34769	0.17121	0.14317
GAG	GTG	AT	-1.99444	0.10867	0.03414	1.99444	0.01479	0.03414
GAG	GCG	AC	-3.40683	0.06825	0.00797	3.40683	0.00226	0.00797
GAG	GAT	GT	-1.99385	0.10867	0.03416	1.99385	0.01480	0.03416
GAG	GAC	GC	-0.42869	0.06825	0.05467	0.42869	0.04446	0.05467
GAG	GAA	GA	-1.47053	0.12093	0.05306	1.47053	0.02779	0.05306
GGT	TGT	GT	-1.88610	0.00127	0.00043	1.88610	0.00019	0.00043
GGT	CGT	GC	0.81259	0.00080	0.00117	-0.81259	0.00180	0.00117
GGT	AGT	GA	-0.66963	0.00142	0.00099	0.66963	0.00072	0.00099
GGT	GTT	GT	-0.34566	0.00127	0.00107	0.34566	0.00090	0.00107
GGT	GCT	GC	2.62788	0.00080	0.00226	-2.62788	0.01107	0.00226
GGT	GAT	GA	2.97669	0.00142	0.00444	-2.97669	0.02779	0.00444
GGC	TGC	GT	-1.06564	0.02708	0.01517	1.06564	0.00933	0.01517
GGC	CGC	GC	0.06463	0.01701	0.01756	-0.06463	0.01814	0.01756
GGC	AGC	GA	-0.41919	0.03013	0.02426	0.41919	0.01982	0.02426
GGC	GTC	GT	-1.18257	0.02708	0.01415	1.18257	0.00830	0.01415
GGC	GCC	GC	0.76660	0.01701	0.02435	-0.76660	0.03661	0.02435
GGC	GAC	GA	1.01908	0.03013	0.04805	-1.01908	0.08349	0.04805
GGC	GGT	CT	-3.52276	0.05086	0.00545	3.52276	0.00150	0.00545
GGA	CGA	GC	-0.15595	0.00564	0.00521	0.15595	0.00483	0.00521
GGA	AGA	GA	-0.28808	0.00999	0.00862	0.28808	0.00749	0.00862
GGA	GTA	GT	-1.60633	0.00898	0.00362	1.60633	0.00180	0.00362
GGA	GCA	GC	0.56999	0.00564	0.00740	-0.56999	0.00997	0.00740
GGA	GAA	GA	1.02287	0.00999	0.01596	-1.02287	0.02779	0.01596
GGA	GGT	AT	-2.47714	0.00898	0.00204	2.47714	0.00075	0.00204
GGA	GGC	AC	1.04562	0.00564	0.00909	-1.04562	0.01605	0.00909
GGG	TGG	GT	-0.61785	0.01683	0.01216	0.61785	0.00907	0.01216
GGG	CGG	GC	-0.08424	0.01057	0.01013	0.08424	0.00971	0.01013
GGG	AGG	GA	-0.08045	0.01873	0.01798	0.08045	0.01728	0.01798
GGG	GTG	GT	0.29985	0.01683	0.01948	-0.29985	0.02271	0.01948
GGG	GCG	GC	-1.11253	0.01057	0.00576	1.11253	0.00347	0.00576
GGG	GAG	GA	2.29429	0.01873	0.04778	-2.29429	0.18571	0.04778
GGG	GGT	GT	-2.67624	0.01683	0.00333	2.67624	0.00116	0.00333
GGG	GGC	GC	0.84652	0.01057	0.01567	-0.84652	0.02464	0.01567
GGG	GGA	GA	-0.19911	0.01873	0.01692	0.19911	0.01535	0.01692


Histograms
2Ns	FMut	FSub(CodonUsage)	FSubw(after w)

-9.95219	0.00247	0.00000
-8.95697	0.00358	0.00001
-7.96175	0.00080	0.00000
-6.96653	0.00000	0.00000
-5.97132	0.00000	0.00000
-4.97610	0.00000	0.00000
-3.98088	0.02278	0.00277
-2.98566	0.12116	0.02678
-1.99044	0.20242	0.09247
-0.99522	0.25942	0.20672
0.00000	0.25308	0.34251
0.99522	0.09703	0.20672
1.99044	0.03044	0.09247
2.98566	0.00631	0.02678
3.98088	0.00053	0.00277
4.97610	0.00000	0.00000
5.97132	0.00000	0.00000
6.96653	0.00000	0.00000
7.96175	0.00000	0.00000
8.95697	0.00000	0.00000
9.95219	0.00000	0.00000

Proportion of advantageous (S > 0) mutations:
 0.24319

Proportions of good & bad mutations (|S| > 2.0000) among mutations:
0.01434  0.21890

mean |Ns| = 1.41090	mean Ns+ = 0.81206	mean Ns- = -1.60333


MLEs of dN/dS (w) for site classes (K=3)

site class             0         1         2
proportion        0.34862   0.09183   0.55955
branch type 0:    0.00000   1.00000   0.02097
branch type 1:    0.00000   1.00000   0.00000

Naive Empirical Bayes (NEB) probabilities for 3 classes
(amino acids refer to 1st sequence: Bbon)

   1 E   0.38093 0.02134 0.59773 ( 3)
   2 S   0.38352 0.01688 0.59960 ( 3)
   3 G   0.38507 0.01430 0.60063 ( 3)
   4 A   0.37717 0.02845 0.59438 ( 3)
   5 G   0.38507 0.01430 0.60063 ( 3)
   6 K   0.37318 0.03650 0.59033 ( 3)
   7 T   0.38497 0.01445 0.60058 ( 3)
   8 V   0.39375 0.00385 0.60240 ( 3)
   9 N   0.38033 0.02243 0.59724 ( 3)
  10 T   0.38475 0.01480 0.60044 ( 3)
  11 K   0.37318 0.03650 0.59033 ( 3)
  12 R   0.39041 0.00701 0.60258 ( 3)
  13 V   0.39375 0.00385 0.60240 ( 3)
  14 I   0.37820 0.02646 0.59534 ( 3)
  15 Q   0.37772 0.02734 0.59494 ( 3)
  16 Y   0.38504 0.01435 0.60061 ( 3)
  17 F   0.37429 0.03422 0.59148 ( 3)
  18 A   0.37169 0.03973 0.58858 ( 3)
  19 V   0.39375 0.00385 0.60240 ( 3)
  20 I   0.37641 0.02995 0.59364 ( 3)
  21 A   0.37561 0.03144 0.59294 ( 3)
  22 A   0.37582 0.03123 0.59295 ( 3)
  23 I   0.37653 0.02971 0.59376 ( 3)
  24 G   0.38186 0.01991 0.59823 ( 3)
  25 D   0.38030 0.02248 0.59721 ( 3)
  26 R   0.38082 0.02155 0.59763 ( 3)
  27 S   0.39171 0.00565 0.60265 ( 3)
  28 K   0.37318 0.03650 0.59033 ( 3)
  29 K   0.37411 0.03478 0.59111 ( 3)
  30 E   0.37329 0.03626 0.59044 ( 3)
  31 Q   0.00001 0.67908 0.32091 ( 2)
  32 T   0.00000 0.98649 0.01351 ( 2)
  33 S   0.00001 0.76346 0.23653 ( 2)
  34 G   0.38083 0.02153 0.59764 ( 3)
  35 K   0.37318 0.03650 0.59033 ( 3)
  36 -   0.38148 0.02075 0.59777 ( 3)
  37 T   0.37943 0.02443 0.59614 ( 3)
  38 L   0.36212 0.06077 0.57711 ( 3)
  39 E   0.36842 0.04679 0.58479 ( 3)
  40 D   0.37679 0.02948 0.59372 ( 3)
  41 Q   0.37316 0.03643 0.59042 ( 3)
  42 I   0.37360 0.03555 0.59085 ( 3)
  43 I   0.37360 0.03555 0.59085 ( 3)
  44 Q   0.37316 0.03643 0.59042 ( 3)
  45 A   0.37159 0.03973 0.58868 ( 3)
  46 N   0.37566 0.03134 0.59300 ( 3)
  47 P   0.38261 0.01823 0.59915 ( 3)
  48 A   0.37159 0.03973 0.58868 ( 3)
  49 L   0.36167 0.06152 0.57681 ( 3)
  50 E   0.36904 0.04519 0.58577 ( 3)
  51 A   0.37159 0.03973 0.58868 ( 3)
  52 F   0.37245 0.03819 0.58935 ( 3)
  53 G   0.37614 0.03038 0.59348 ( 3)
  54 N   0.37566 0.03134 0.59300 ( 3)
  55 A   0.37159 0.03973 0.58868 ( 3)
  56 K   0.36893 0.04541 0.58566 ( 3)
  57 T   0.38000 0.02296 0.59704 ( 3)
  58 V   0.38932 0.00815 0.60253 ( 3)
  59 R   0.38299 0.01817 0.59885 ( 3)
  60 N   0.38480 0.01498 0.60021 ( 3)
  61 D   0.37744 0.02781 0.59475 ( 3)
  62 N   0.37566 0.03134 0.59300 ( 3)
  63 S   0.37859 0.02559 0.59582 ( 3)
  64 S   0.37859 0.02559 0.59582 ( 3)
  65 R   0.37613 0.03040 0.59347 ( 3)
  66 F   0.00000 1.00000 0.00000 ( 2)
  67 -   0.37354 0.03620 0.59026 ( 3)
  68 -   0.37403 0.03523 0.59073 ( 3)
  69 -   0.37200 0.03938 0.58862 ( 3)
  70 -   0.37136 0.04069 0.58795 ( 3)
  71 -   0.37371 0.03587 0.59042 ( 3)
  72 -   0.39711 0.00226 0.60063 ( 3)
  73 -   0.37001 0.04358 0.58641 ( 3)
  74 -   0.38073 0.02234 0.59693 ( 3)
  75 -   0.37168 0.04005 0.58827 ( 3)
  76 -   0.38028 0.02312 0.59659 ( 3)
  77 -   0.37363 0.03602 0.59035 ( 3)
  78 -   0.36899 0.04572 0.58529 ( 3)
  79 -   0.38609 0.01341 0.60050 ( 3)
  80 -   0.38580 0.01308 0.60112 ( 3)
  81 -   0.37999 0.02367 0.59634 ( 3)
  82 -   0.37273 0.03787 0.58940 ( 3)
  83 -   0.37762 0.02812 0.59426 ( 3)
  84 -   0.38379 0.01705 0.59916 ( 3)
  85 -   0.36909 0.04551 0.58540 ( 3)
  86 -   0.38028 0.02312 0.59659 ( 3)
  87 -   0.37623 0.03286 0.59091 ( 3)
  88 -   0.38055 0.02394 0.59551 ( 3)
  89 -   0.36230 0.06083 0.57687 ( 3)
  90 -   0.37762 0.02928 0.59310 ( 3)
  91 -   0.37465 0.03498 0.59037 ( 3)
  92 -   0.38012 0.02472 0.59517 ( 3)
  93 -   0.38429 0.01765 0.59806 ( 3)
  94 -   0.39657 0.00360 0.59983 ( 3)
  95 -   0.37305 0.03816 0.58879 ( 3)
  96 -   0.37518 0.03396 0.59086 ( 3)
  97 -   0.37435 0.03554 0.59011 ( 3)
  98 -   0.36230 0.06083 0.57687 ( 3)
  99 -   0.00000 0.99981 0.00019 ( 2)
 100 -   0.37381 0.03664 0.58955 ( 3)
 101 -   0.37004 0.04430 0.58566 ( 3)
 102 -   0.38429 0.01765 0.59806 ( 3)
 103 -   0.37697 0.03050 0.59253 ( 3)
 104 -   0.37461 0.03505 0.59034 ( 3)
 105 -   0.38527 0.01615 0.59859 ( 3)
 106 -   0.37305 0.03816 0.58879 ( 3)
 107 -   0.37518 0.03396 0.59086 ( 3)
 108 -   0.38198 0.02146 0.59656 ( 3)
 109 -   0.37809 0.02838 0.59353 ( 3)
 110 -   0.37483 0.03463 0.59054 ( 3)
 111 -   0.36892 0.04713 0.58395 ( 3)
 112 -   0.38136 0.02253 0.59611 ( 3)
 113 -   0.37700 0.03044 0.59256 ( 3)
 114 -   0.00001 0.68630 0.31369 ( 2)
 115 -   0.36992 0.04453 0.58554 ( 3)
 116 -   0.38940 0.01038 0.60022 ( 3)
 117 -   0.37004 0.04430 0.58566 ( 3)
 118 -   0.36372 0.05744 0.57884 ( 3)
 119 -   0.36230 0.06083 0.57687 ( 3)
 120 -   0.37730 0.02974 0.59296 ( 3)
 121 M   0.00003 0.99986 0.00011 ( 2)
 122 L   0.36606 0.05141 0.58253 ( 3)
 123 L   0.36811 0.04764 0.58425 ( 3)
 124 I   0.37905 0.02452 0.59643 ( 3)
 125 T   0.38550 0.01325 0.60125 ( 3)
 126 N   0.38116 0.02059 0.59825 ( 3)
 127 N   0.38116 0.02059 0.59825 ( 3)
 128 P   0.38794 0.00970 0.60236 ( 3)
 129 Y   0.37882 0.02493 0.59625 ( 3)
 130 D   0.38296 0.01742 0.59962 ( 3)
 131 Y   0.38081 0.02045 0.59873 ( 3)
 132 A   0.00000 1.00000 0.00000 ( 2)
 133 F   0.37744 0.02814 0.59442 ( 3)
 134 I   0.37905 0.02452 0.59643 ( 3)
 135 S   0.38409 0.01553 0.60039 ( 3)
 136 Q   0.38220 0.01872 0.59909 ( 3)
 137 G   0.37908 0.02436 0.59656 ( 3)
 138 E   0.37414 0.03426 0.59160 ( 3)
 139 T   0.38259 0.01804 0.59936 ( 3)
 140 T   0.38259 0.01804 0.59936 ( 3)
 141 V   0.38382 0.01595 0.60022 ( 3)
 142 P   0.00000 1.00000 0.00000 ( 2)
 143 S   0.37396 0.03419 0.59186 ( 3)
 144 I   0.37726 0.02798 0.59477 ( 3)
 145 D   0.38125 0.02038 0.59837 ( 3)
 146 D   0.38198 0.01929 0.59873 ( 3)
 147 A   0.37802 0.02648 0.59549 ( 3)
 148 E   0.37414 0.03426 0.59160 ( 3)
 149 E   0.37414 0.03426 0.59160 ( 3)
 150 L   0.38449 0.01487 0.60065 ( 3)
 151 M   0.38510 0.01391 0.60099 ( 3)
 152 A   0.37692 0.02864 0.59444 ( 3)
 153 T   0.38283 0.01752 0.59965 ( 3)
 154 D   0.38113 0.02064 0.59823 ( 3)
 155 A   0.00001 0.99997 0.00002 ( 2)
 156 F   0.00001 0.99997 0.00002 ( 2)
 157 D   0.37832 0.02663 0.59504 ( 3)
 158 V   0.38110 0.02151 0.59739 ( 3)
 159 L   0.36340 0.05784 0.57876 ( 3)
 160 G   0.00001 0.66961 0.33038 ( 2)
 161 F   0.37657 0.03004 0.59339 ( 3)
 162 T   0.00000 0.99972 0.00028 ( 2)
 163 S   0.00001 0.78256 0.21743 ( 2)
 164 D   0.00001 0.74842 0.25158 ( 2)
 165 E   0.37141 0.04051 0.58809 ( 3)
 166 K   0.37129 0.04075 0.58796 ( 3)
 167 N   0.00001 0.65150 0.34849 ( 2)
 168 S   0.38138 0.02103 0.59760 ( 3)
 169 M   0.00000 1.00000 0.00000 ( 2)
 170 Y   0.38308 0.01814 0.59878 ( 3)
 171 K   0.37129 0.04075 0.58796 ( 3)
 172 L   0.36340 0.05784 0.57876 ( 3)
 173 T   0.38307 0.01807 0.59885 ( 3)
 174 G   0.37613 0.03089 0.59299 ( 3)
 175 A   0.37328 0.03678 0.58995 ( 3)
 176 I   0.37622 0.03071 0.59307 ( 3)
 177 M   0.38244 0.01919 0.59837 ( 3)
 178 H   0.38625 0.01304 0.60071 ( 3)
 179 F   0.37239 0.03848 0.58913 ( 3)
 180 G   0.37613 0.03089 0.59299 ( 3)
 181 N   0.37836 0.02657 0.59507 ( 3)
 182 M   0.38244 0.01919 0.59837 ( 3)
 183 K   0.37129 0.04075 0.58796 ( 3)
 184 F   0.37657 0.03004 0.59339 ( 3)
 185 K   0.37604 0.03106 0.59290 ( 3)
 186 L   0.38132 0.02113 0.59755 ( 3)
 187 K   0.37129 0.04075 0.58796 ( 3)
 188 P   0.00000 0.99099 0.00901 ( 2)
 189 R   0.37375 0.03564 0.59061 ( 3)
 190 E   0.37141 0.04051 0.58809 ( 3)
 191 E   0.37141 0.04051 0.58809 ( 3)
 192 Q   0.37574 0.03164 0.59262 ( 3)
 193 A   0.37019 0.04322 0.58659 ( 3)
 194 E   0.37141 0.04051 0.58809 ( 3)
 195 P   0.00001 0.56077 0.43922 ( 2)
 196 D   0.37832 0.02663 0.59504 ( 3)
 197 G   0.37886 0.02563 0.59551 ( 3)
 198 N   0.00001 0.60454 0.39545 ( 2)
 199 E   0.37896 0.02544 0.59561 ( 3)
 200 -   0.38263 0.01863 0.59874 ( 3)
 201 -   0.39126 0.00640 0.60234 ( 3)
 202 -   0.36306 0.05854 0.57840 ( 3)
 203 -   0.37362 0.03579 0.59059 ( 3)
 204 -   0.37083 0.04160 0.58757 ( 3)
 205 -   0.37362 0.03579 0.59059 ( 3)
 206 -   0.38056 0.02230 0.59714 ( 3)
 207 -   0.38260 0.01868 0.59871 ( 3)
 208 -   0.37094 0.04137 0.58769 ( 3)
 209 -   0.37083 0.04160 0.58757 ( 3)
 210 -   0.38188 0.01997 0.59815 ( 3)
 211 -   0.37605 0.03092 0.59303 ( 3)
 212 -   0.00001 0.67486 0.32513 ( 2)
 213 -   0.37872 0.02571 0.59557 ( 3)
 214 -   0.38188 0.01997 0.59815 ( 3)
 215 -   0.38056 0.02230 0.59714 ( 3)
 216 -   0.38253 0.01880 0.59867 ( 3)
 217 -   0.38528 0.01428 0.60044 ( 3)
 218 -   0.37571 0.03158 0.59271 ( 3)
 219 -   0.38051 0.02311 0.59637 ( 3)
 220 -   0.37362 0.03579 0.59059 ( 3)
 221 -   0.38231 0.01919 0.59850 ( 3)
 222 -   0.36306 0.05854 0.57840 ( 3)
 223 -   0.37094 0.04137 0.58769 ( 3)
 224 -   0.38231 0.01919 0.59850 ( 3)
 225 -   0.00000 1.00000 0.00000 ( 2)
 226 -   0.37524 0.03247 0.59228 ( 3)
 227 -   0.38677 0.01203 0.60120 ( 3)
 228 -   0.37832 0.02648 0.59520 ( 3)
 229 -   0.37524 0.03247 0.59228 ( 3)
 230 -   0.38260 0.01868 0.59871 ( 3)
 231 -   0.37605 0.03092 0.59303 ( 3)
 232 -   0.38574 0.01359 0.60067 ( 3)
 233 -   0.37833 0.02646 0.59521 ( 3)
 234 -   0.39154 0.00621 0.60225 ( 3)
 235 -   0.36294 0.05884 0.57822 ( 3)
 236 -   0.37952 0.02431 0.59616 ( 3)
 237 -   0.37380 0.03550 0.59070 ( 3)
 238 -   0.37348 0.03617 0.59035 ( 3)
 239 -   0.37818 0.02683 0.59498 ( 3)
 240 -   0.37590 0.03130 0.59280 ( 3)
 241 -   0.37080 0.04174 0.58746 ( 3)
 242 -   0.37534 0.03254 0.59213 ( 3)
 243 -   0.37567 0.03188 0.59244 ( 3)
 244 -   0.37931 0.02487 0.59582 ( 3)
 245 F   0.37712 0.02930 0.59358 ( 3)
 246 N   0.38134 0.02029 0.59837 ( 3)
 247 S   0.39245 0.00464 0.60292 ( 3)
 248 F   0.00000 1.00000 0.00000 ( 2)
 249 E   0.37484 0.03298 0.59218 ( 3)
 250 Q   0.37921 0.02430 0.59649 ( 3)
 251 L   0.38179 0.02100 0.59721 ( 3)
 252 C   0.39277 0.00454 0.60269 ( 3)
 253 I   0.37969 0.02343 0.59687 ( 3)
 254 N   0.38181 0.01955 0.59863 ( 3)
 255 F   0.38004 0.02281 0.59716 ( 3)
 256 T   0.38616 0.01239 0.60145 ( 3)
 257 N   0.38181 0.01955 0.59863 ( 3)
 258 E   0.37475 0.03313 0.59213 ( 3)
 259 K   0.37462 0.03336 0.59201 ( 3)
 260 L   0.36642 0.05092 0.58267 ( 3)
 261 Q   0.37926 0.02425 0.59649 ( 3)
 262 Q   0.37921 0.02430 0.59649 ( 3)
 263 F   0.38004 0.02281 0.59716 ( 3)
 264 F   0.38004 0.02281 0.59716 ( 3)
 265 N   0.38181 0.01955 0.59863 ( 3)
 266 H   0.38935 0.00804 0.60261 ( 3)
 267 H   0.38935 0.00804 0.60261 ( 3)
 268 M   0.38576 0.01304 0.60120 ( 3)
 269 F   0.38004 0.02281 0.59716 ( 3)
 270 V   0.38448 0.01502 0.60050 ( 3)
 271 L   0.36604 0.05168 0.58227 ( 3)
 272 E   0.37651 0.02976 0.59373 ( 3)
 273 Q   0.37959 0.02368 0.59673 ( 3)
 274 E   0.37475 0.03313 0.59213 ( 3)
 275 E   0.37937 0.02362 0.59702 ( 3)
 276 Y   0.38635 0.01209 0.60156 ( 3)
 277 K   0.37462 0.03336 0.59201 ( 3)
 278 K   0.37462 0.03336 0.59201 ( 3)
 279 E   0.37475 0.03313 0.59213 ( 3)
 280 G   0.38231 0.01869 0.59900 ( 3)
 281 I   0.37969 0.02343 0.59687 ( 3)
 282 E   0.00001 0.72556 0.27444 ( 2)
 283 W   0.38269 0.01802 0.59929 ( 3)
 284 E   0.00000 0.83566 0.16434 ( 2)
 285 F   0.38004 0.02281 0.59716 ( 3)
 286 I   0.37969 0.02343 0.59687 ( 3)
 287 D   0.38362 0.01645 0.59993 ( 3)
 288 F   0.38000 0.02291 0.59709 ( 3)
 289 G   0.38237 0.01853 0.59910 ( 3)
 290 M   0.00001 0.51479 0.48519 ( 2)
 291 D   0.38362 0.01645 0.59993 ( 3)
 292 L   0.36604 0.05168 0.58227 ( 3)
 293 Q   0.00000 0.99972 0.00028 ( 2)
 294 A   0.00001 0.68764 0.31235 ( 2)
 295 C   0.39244 0.00475 0.60281 ( 3)
 296 I   0.37959 0.02366 0.59675 ( 3)
 297 D   0.00002 0.86344 0.13654 ( 2)
 298 L   0.38469 0.01469 0.60062 ( 3)
 299 I   0.37969 0.02343 0.59687 ( 3)
 300 E   0.37475 0.03313 0.59213 ( 3)
 301 K   0.37462 0.03336 0.59201 ( 3)
 302 P   0.38789 0.01101 0.60110 ( 3)
 303 M   0.38487 0.01550 0.59963 ( 3)
 304 G   0.38126 0.02152 0.59722 ( 3)
 305 I   0.37857 0.02645 0.59498 ( 3)
 306 M   0.38487 0.01550 0.59963 ( 3)
 307 S   0.38381 0.01718 0.59901 ( 3)
 308 I   0.37857 0.02645 0.59498 ( 3)
 309 L   0.36588 0.05265 0.58147 ( 3)
 310 E   0.37357 0.03625 0.59018 ( 3)
 311 E   0.37357 0.03625 0.59018 ( 3)
 312 E   0.37357 0.03625 0.59018 ( 3)
 313 C   0.39199 0.00617 0.60184 ( 3)
 314 M   0.38487 0.01550 0.59963 ( 3)
 315 F   0.37892 0.02581 0.59527 ( 3)
 316 P   0.38789 0.01101 0.60110 ( 3)
 317 K   0.37345 0.03649 0.59006 ( 3)
 318 A   0.37640 0.03061 0.59299 ( 3)
 319 T   0.38224 0.01979 0.59796 ( 3)
 320 D   0.38263 0.01915 0.59822 ( 3)
 321 M   0.38495 0.01531 0.59975 ( 3)
 322 T   0.38537 0.01461 0.60002 ( 3)
 323 F   0.37901 0.02558 0.59541 ( 3)
 324 K   0.00001 0.74628 0.25371 ( 2)
 325 A   0.37156 0.04030 0.58813 ( 3)
 326 K   0.37354 0.03626 0.59020 ( 3)
 327 L   0.36549 0.05336 0.58114 ( 3)
 328 F   0.00000 1.00000 0.00000 ( 2)
 329 D   0.38271 0.01895 0.59834 ( 3)
 330 N   0.38084 0.02220 0.59696 ( 3)
 331 H   0.38874 0.00982 0.60144 ( 3)
 332 L   0.36511 0.05417 0.58073 ( 3)
 333 G   0.38236 0.01929 0.59835 ( 3)
 334 K   0.37455 0.03404 0.59142 ( 3)
 335 S   0.38487 0.01514 0.59999 ( 3)
 336 S   0.00000 1.00000 0.00000 ( 2)
 337 N   0.38210 0.01952 0.59837 ( 3)
 338 F   0.38030 0.02277 0.59693 ( 3)
 339 Q   0.37946 0.02427 0.59627 ( 3)
 340 K   0.37482 0.03333 0.59185 ( 3)
 341 P   0.38823 0.00986 0.60191 ( 3)
 342 R   0.38204 0.01987 0.59809 ( 3)
 343 N   0.38379 0.01571 0.60051 ( 3)
 344 I   0.37995 0.02340 0.59665 ( 3)
 345 K   0.37482 0.03333 0.59185 ( 3)
 346 G   0.38675 0.01203 0.60122 ( 3)
 347 K   0.00000 1.00000 0.00000 ( 2)
 348 P   0.39063 0.00704 0.60233 ( 3)
 349 E   0.38270 0.01849 0.59881 ( 3)
 350 A   0.37779 0.02748 0.59473 ( 3)
 351 H   0.38979 0.00802 0.60218 ( 3)
 352 F   0.38030 0.02277 0.59693 ( 3)
 353 S   0.38509 0.01458 0.60034 ( 3)
 354 L   0.36616 0.05165 0.58219 ( 3)
 355 I   0.00000 1.00000 0.00000 ( 2)
 356 H   0.39009 0.00726 0.60264 ( 3)
 357 Y   0.38476 0.01505 0.60018 ( 3)
 358 A   0.37814 0.02642 0.59543 ( 3)
 359 G   0.38306 0.01749 0.59945 ( 3)
 360 T   0.38699 0.01126 0.60176 ( 3)
 361 V   0.38524 0.01392 0.60084 ( 3)
 362 D   0.38424 0.01564 0.60012 ( 3)
 363 Y   0.38719 0.01100 0.60181 ( 3)
 364 N   0.38257 0.01833 0.59910 ( 3)
 365 I   0.38044 0.02213 0.59743 ( 3)
 366 I   0.00002 0.37092 0.62907 ( 3)
 367 G   0.38306 0.01749 0.59945 ( 3)
 368 W   0.38344 0.01683 0.59972 ( 3)
 369 L   0.38077 0.02168 0.59754 ( 3)
 370 Q   0.00000 1.00000 0.00000 ( 2)
 371 K   0.37980 0.02350 0.59670 ( 3)
 372 N   0.38257 0.01833 0.59910 ( 3)
 373 K   0.38026 0.02246 0.59729 ( 3)
 374 D   0.38437 0.01531 0.60032 ( 3)
 375 P   0.39070 0.00673 0.60257 ( 3)
 376 L   0.38545 0.01360 0.60095 ( 3)
 377 N   0.38257 0.01833 0.59910 ( 3)
 378 E   0.37547 0.03174 0.59280 ( 3)
 379 T   0.38702 0.01134 0.60164 ( 3)
 380 V   0.38589 0.01270 0.60141 ( 3)
 381 V   0.38524 0.01392 0.60084 ( 3)
 382 E   0.00000 1.00000 0.00000 ( 2)
 383 L   0.39224 0.00502 0.60274 ( 3)
 384 Y   0.38719 0.01100 0.60181 ( 3)
 385 K   0.00000 1.00000 0.00000 ( 2)
 386 K   0.37904 0.02513 0.59583 ( 3)
 387 S   0.38550 0.01352 0.60098 ( 3)
 388 S   0.38888 0.00861 0.60251 ( 3)
 389 L   0.38547 0.01357 0.60096 ( 3)
 390 K   0.37534 0.03198 0.59268 ( 3)
 391 M   0.00000 0.98421 0.01579 ( 2)
 392 L   0.38290 0.01856 0.59854 ( 3)
 393 S   0.00000 0.96807 0.03193 ( 2)
 394 T   0.00001 0.61050 0.38949 ( 2)
 395 L   0.36446 0.05556 0.57998 ( 3)
 396 F   0.37387 0.03554 0.59059 ( 3)
 397 A   0.37560 0.03207 0.59233 ( 3)
 398 N   0.37991 0.02383 0.59626 ( 3)
 399 Y   0.37766 0.02794 0.59440 ( 3)
 400 A   0.37043 0.04267 0.58690 ( 3)
 401 G   0.38465 0.01575 0.59959 ( 3)
 402 F   0.37388 0.03552 0.59060 ( 3)
 403 D   0.38178 0.02049 0.59773 ( 3)
 404 S   0.00001 0.67069 0.32930 ( 2)
 405 -   0.36860 0.04683 0.58457 ( 3)
 406 -   0.38872 0.01031 0.60097 ( 3)
 407 -   0.36130 0.06276 0.57594 ( 3)
 408 -   0.37527 0.03312 0.59162 ( 3)
 409 -   0.36849 0.04706 0.58445 ( 3)
 410 -   0.36130 0.06276 0.57594 ( 3)
 411 -   0.37934 0.02536 0.59530 ( 3)
 412 -   0.00001 0.70135 0.29864 ( 2)
 413 -   0.37527 0.03312 0.59162 ( 3)
 414 -   0.38569 0.01459 0.59973 ( 3)
 415 -   0.37575 0.03217 0.59208 ( 3)
 416 -   0.37827 0.02733 0.59440 ( 3)
 417 -   0.37680 0.03023 0.59297 ( 3)
 418 -   0.38327 0.01844 0.59829 ( 3)
 419 -   0.38244 0.01983 0.59773 ( 3)
 420 -   0.38327 0.01844 0.59829 ( 3)
 421 -   0.37351 0.03665 0.58984 ( 3)
 422 -   0.37800 0.02784 0.59417 ( 3)
 423 -   0.38286 0.01912 0.59802 ( 3)
 424 -   0.38675 0.01303 0.60022 ( 3)
 425 -   0.37318 0.03730 0.58951 ( 3)
 426 -   0.37318 0.03730 0.58951 ( 3)
 427 -   0.38244 0.01983 0.59773 ( 3)
 428 -   0.38872 0.01031 0.60097 ( 3)
 429 -   0.36860 0.04683 0.58457 ( 3)
 430 -   0.37595 0.03178 0.59227 ( 3)
 431 -   0.36849 0.04706 0.58445 ( 3)
 432 -   0.00001 0.68866 0.31133 ( 2)
 433 -   0.38073 0.02334 0.59593 ( 3)
 434 -   0.37529 0.03318 0.59153 ( 3)
 435 -   0.37659 0.03066 0.59275 ( 3)
 436 -   0.37441 0.03493 0.59066 ( 3)
 437 -   0.37455 0.03493 0.59052 ( 3)
 438 -   0.37967 0.02485 0.59548 ( 3)
 439 -   0.35998 0.06567 0.57434 ( 3)
 440 -   0.38688 0.01297 0.60015 ( 3)
 441 -   0.37659 0.03066 0.59275 ( 3)
 442 -   0.38049 0.02336 0.59614 ( 3)
 443 -   0.37023 0.04345 0.58632 ( 3)
 444 -   0.35972 0.06633 0.57395 ( 3)
 445 -   0.37311 0.03753 0.58936 ( 3)
 446 -   0.38400 0.01738 0.59862 ( 3)
 447 -   0.38601 0.01424 0.59975 ( 3)
 448 -   0.37413 0.03559 0.59028 ( 3)
 449 -   0.37529 0.03318 0.59153 ( 3)
 450 -   0.35972 0.06633 0.57395 ( 3)
 451 -   0.36637 0.05169 0.58195 ( 3)
 452 -   0.37312 0.03751 0.58937 ( 3)
 453 -   0.37066 0.04258 0.58676 ( 3)
 454 -   0.37311 0.03753 0.58936 ( 3)
 455 -   0.37066 0.04258 0.58676 ( 3)
 456 -   0.38400 0.01738 0.59862 ( 3)
 457 -   0.38313 0.01880 0.59807 ( 3)
 458 -   0.36627 0.05189 0.58184 ( 3)
 459 -   0.37312 0.03751 0.58937 ( 3)
 460 -   0.00001 0.77317 0.22682 ( 2)
 461 -   0.37967 0.02485 0.59548 ( 3)
 462 -   0.37265 0.03847 0.58888 ( 3)
 463 -   0.37311 0.03753 0.58936 ( 3)
 464 -   0.37066 0.04258 0.58676 ( 3)
 465 -   0.37550 0.03277 0.59173 ( 3)
 466 -   0.37157 0.03994 0.58849 ( 3)
 467 -   0.37159 0.03989 0.58852 ( 3)
 468 -   0.36899 0.04542 0.58559 ( 3)
 469 -   0.36605 0.05184 0.58211 ( 3)
 470 -   0.37407 0.03474 0.59118 ( 3)
 471 -   0.36540 0.05325 0.58135 ( 3)
 472 R   0.38001 0.02323 0.59676 ( 3)
 473 Y   0.38708 0.01128 0.60164 ( 3)
 474 R   0.38264 0.01847 0.59889 ( 3)
 475 I   0.38036 0.02234 0.59730 ( 3)
 476 L   0.36648 0.05081 0.58271 ( 3)
 477 N   0.38266 0.01809 0.59925 ( 3)
 478 P   0.39116 0.00600 0.60284 ( 3)
 479 A   0.37951 0.02378 0.59671 ( 3)
 480 A   0.37840 0.02589 0.59571 ( 3)
 481 I   0.38054 0.02187 0.59758 ( 3)
 482 P   0.38942 0.00795 0.60263 ( 3)
 483 E   0.37557 0.03146 0.59296 ( 3)
 484 G   0.38315 0.01725 0.59959 ( 3)
 485 Q   0.38006 0.02274 0.59721 ( 3)
 486 F   0.38089 0.02126 0.59785 ( 3)
 487 I   0.37874 0.02524 0.59602 ( 3)
 488 D   0.38446 0.01509 0.60045 ( 3)
 489 S   0.39373 0.00370 0.60257 ( 3)
 490 R   0.39246 0.00475 0.60279 ( 3)
 491 K   0.38036 0.02220 0.59744 ( 3)
 492 G   0.38729 0.01077 0.60194 ( 3)
 493 S   0.00000 1.00000 0.00000 ( 2)
 494 E   0.37557 0.03146 0.59296 ( 3)
 495 K   0.37545 0.03171 0.59285 ( 3)
 496 L   0.36672 0.05021 0.58308 ( 3)
 497 L   0.36807 0.04703 0.58490 ( 3)
 498 G   0.38315 0.01725 0.59959 ( 3)
 499 S   0.38558 0.01331 0.60111 ( 3)
 500 L   0.36672 0.05021 0.58308 ( 3)
 501 D   0.38446 0.01509 0.60045 ( 3)
 502 I   0.37942 0.02432 0.59627 ( 3)
 503 D   0.38446 0.01509 0.60045 ( 3)
 504 H   0.39015 0.00712 0.60273 ( 3)
 505 N   0.38266 0.01809 0.59925 ( 3)
 506 Q   0.38006 0.02274 0.59721 ( 3)
 507 Y   0.38726 0.01081 0.60192 ( 3)
 508 K   0.37545 0.03171 0.59285 ( 3)
 509 F   0.38070 0.02161 0.59769 ( 3)
 510 G   0.38315 0.01725 0.59959 ( 3)
 511 H   0.39015 0.00712 0.60273 ( 3)
 512 T   0.38698 0.01121 0.60181 ( 3)
 513 K   0.37545 0.03171 0.59285 ( 3)
 514 V   0.37568 0.03224 0.59209 ( 3)
 515 F   0.37135 0.04101 0.58764 ( 3)
 516 F   0.37135 0.04101 0.58764 ( 3)
 517 K   0.36660 0.05106 0.58234 ( 3)
 518 A   0.38682 0.01282 0.60037 ( 3)
 519 G   0.37774 0.02824 0.59402 ( 3)
 520 L   0.35996 0.06573 0.57431 ( 3)
 521 L   0.35996 0.06573 0.57431 ( 3)
 522 G   0.37774 0.02824 0.59402 ( 3)
 523 L   0.35996 0.06573 0.57431 ( 3)
 524 L   0.36082 0.06389 0.57529 ( 3)
 525 E   0.36670 0.05085 0.58245 ( 3)
 526 E   0.36670 0.05085 0.58245 ( 3)
 527 M   0.37699 0.02971 0.59330 ( 3)
 528 R   0.38046 0.02320 0.59634 ( 3)
 529 D   0.37480 0.03398 0.59122 ( 3)
 530 E   0.36670 0.05085 0.58245 ( 3)
 531 R   0.38349 0.01797 0.59854 ( 3)
 532 L   0.35996 0.06573 0.57431 ( 3)
 533 S   0.38493 0.01567 0.59941 ( 3)
 534 R   0.37297 0.03783 0.58920 ( 3)
 535 I   0.37103 0.04166 0.58731 ( 3)
 536 I   0.37103 0.04166 0.58731 ( 3)
 537 T   0.37742 0.02886 0.59373 ( 3)
 538 R   0.37350 0.03659 0.58991 ( 3)
 539 I   0.37103 0.04166 0.58731 ( 3)
 540 Q   0.37060 0.04254 0.58686 ( 3)
 541 A   0.36568 0.05306 0.58126 ( 3)
 542 Q   0.37096 0.04193 0.58711 ( 3)
 543 A   0.00000 0.99997 0.00003 ( 2)
 544 R   0.38046 0.02320 0.59634 ( 3)
 545 G   0.38123 0.02182 0.59695 ( 3)
 546 Q   0.00000 1.00000 0.00000 ( 2)
 547 L   0.37589 0.03182 0.59229 ( 3)
 548 M   0.00000 1.00000 0.00000 ( 2)
 549 R   0.31291 0.19477 0.49232 ( 3)
 550 I   0.00000 0.99996 0.00004 ( 2)
 551 E   0.36670 0.05085 0.58245 ( 3)
 552 F   0.37135 0.04101 0.58764 ( 3)
 553 K   0.36660 0.05106 0.58234 ( 3)
 554 K   0.36713 0.04980 0.58307 ( 3)
 555 -   0.00000 0.99995 0.00005 ( 2)
 556 -   0.37891 0.02602 0.59507 ( 3)
 557 -   0.36784 0.04789 0.58426 ( 3)
 558 -   0.36815 0.04709 0.58477 ( 3)
 559 -   0.37389 0.03490 0.59122 ( 3)
 560 D   0.00001 0.55445 0.44554 ( 2)
 561 S   0.00000 0.98050 0.01950 ( 2)
 562 L   0.36723 0.04915 0.58361 ( 3)
 563 L   0.36672 0.05021 0.58308 ( 3)
 564 V   0.39312 0.00417 0.60271 ( 3)
 565 I   0.38054 0.02187 0.59758 ( 3)
 566 Q   0.38006 0.02274 0.59721 ( 3)
 567 W   0.38353 0.01660 0.59986 ( 3)
 568 N   0.38266 0.01809 0.59925 ( 3)
 569 I   0.37874 0.02524 0.59602 ( 3)
 570 R   0.38978 0.00754 0.60269 ( 3)
 571 A   0.37840 0.02589 0.59571 ( 3)
 572 F   0.38089 0.02126 0.59785 ( 3)
 573 M   0.38659 0.01181 0.60160 ( 3)
 574 G   0.38729 0.01077 0.60194 ( 3)
 575 V   0.39576 0.00238 0.60186 ( 3)
 576 K   0.37545 0.03171 0.59285 ( 3)
 577 N   0.38284 0.01765 0.59952 ( 3)
 578 W   0.38353 0.01660 0.59986 ( 3)
 579 P   0.38974 0.00767 0.60259 ( 3)
 580 W   0.38353 0.01660 0.59986 ( 3)
 581 M   0.38659 0.01181 0.60160 ( 3)
 582 K   0.37545 0.03171 0.59285 ( 3)
 583 L   0.38553 0.01339 0.60108 ( 3)
 584 Y   0.38726 0.01081 0.60192 ( 3)
 585 F   0.38089 0.02126 0.59785 ( 3)
 586 K   0.37545 0.03171 0.59285 ( 3)
 587 I   0.38054 0.02187 0.59758 ( 3)
 588 K   0.38036 0.02220 0.59744 ( 3)
 589 P   0.39116 0.00600 0.60284 ( 3)
 590 L   0.36683 0.04993 0.58325 ( 3)
 591 L   0.37007 0.04203 0.58790 ( 3)
 592 K   0.37545 0.03171 0.59285 ( 3)
 593 S   0.39466 0.00298 0.60236 ( 3)
 594 A   0.37951 0.02378 0.59671 ( 3)
 595 E   0.37557 0.03146 0.59296 ( 3)
 596 T   0.00001 0.57665 0.42334 ( 2)
 597 E   0.37557 0.03146 0.59296 ( 3)
 598 K   0.37545 0.03171 0.59285 ( 3)
 599 E   0.38173 0.01956 0.59871 ( 3)
 600 I   0.00000 1.00000 0.00000 ( 2)
