Supplemental results for CODEML (seqf: /home/leticiamagpali/phd/evol_models/codeml/small_dataset/cml_align/CASQ2_codon_aligned.phy  treef: /home/leticiamagpali/phd/evol_models/codeml/small_dataset/cml_trees/gene_trees/H2_gene_trees/CASQ2_codon_H2.tre)

I	J	ij	2Ns_IJ	pMut_IJ	pSub_IJ	2Ns_JI	pMut_JI	pSub_JI

TTC	TTT	CT	0.48554	0.14234	0.17968	-0.48554	0.23131	0.17968
TTA	TTT	AT	6.01945	0.00009	0.00054	-6.01945	0.03682	0.00054
TTA	TTC	AC	5.53390	0.00011	0.00060	-5.53390	0.02742	0.00060
TTG	TTT	GT	0.73977	0.01790	0.02533	-0.73977	0.03751	0.02533
TTG	TTC	GC	0.25422	0.02167	0.02454	-0.25422	0.02794	0.02454
TTG	TTA	GA	-5.27968	0.10889	0.00294	5.27968	0.00055	0.00294
TCT	TTT	CT	1.71215	0.04175	0.08722	-1.71215	0.23131	0.08722
TCC	TTC	CT	1.46682	0.03973	0.07576	-1.46682	0.17227	0.07576
TCC	TCT	CT	0.24021	0.03973	0.04470	-0.24021	0.05052	0.04470
TCA	TTA	CT	-3.81651	0.02766	0.00238	3.81651	0.00061	0.00238
TCA	TCT	AT	0.49078	0.00492	0.00623	-0.49078	0.00804	0.00623
TCA	TCC	AC	0.25057	0.00596	0.00674	-0.25057	0.00765	0.00674
TCG	TTG	CT	4.79599	0.00101	0.00486	-4.79599	0.12174	0.00486
TCG	TCT	GT	3.82361	0.00018	0.00070	-3.82361	0.00819	0.00070
TCG	TCC	GC	3.58339	0.00022	0.00080	-3.58339	0.00780	0.00080
TCG	TCA	GA	3.33282	0.00109	0.00376	-3.33282	0.03051	0.00376
TAT	TTT	AT	1.08497	0.01244	0.02039	-1.08497	0.03682	0.02039
TAT	TCT	AC	-0.62718	0.01506	0.01083	0.62718	0.00804	0.01083
TAC	TTC	AT	0.41646	0.01808	0.02211	-0.41646	0.02742	0.02211
TAC	TCC	AC	-1.05036	0.02188	0.01237	1.05036	0.00765	0.01237
TAC	TAT	CT	-0.18297	0.10160	0.09259	0.18297	0.08461	0.09259
TGT	TTT	GT	3.73550	0.00090	0.00343	-3.73550	0.03751	0.00343
TGT	TCT	GC	2.02335	0.00108	0.00253	-2.02335	0.00819	0.00253
TGT	TAT	GA	2.65053	0.00544	0.01553	-2.65053	0.07710	0.01553
TGC	TTC	GT	1.89321	0.00421	0.00938	-1.89321	0.02794	0.00938
TGC	TCC	GC	0.42639	0.00509	0.00625	-0.42639	0.00780	0.00625
TGC	TAC	GA	1.47676	0.02559	0.04897	-1.47676	0.11205	0.04897
TGC	TGT	CT	-1.35674	0.02364	0.01112	1.35674	0.00609	0.01112
TGG	TTG	GT	0.52870	0.01164	0.01498	-0.52870	0.01974	0.01498
TGG	TCG	GC	-4.26729	0.01408	0.00085	4.26729	0.00020	0.00085
TGG	TGT	GT	-2.46703	0.01164	0.00266	2.46703	0.00099	0.00266
TGG	TGC	GC	-1.11029	0.01408	0.00768	1.11029	0.00464	0.00768
CTT	TTT	CT	1.47703	0.05281	0.10108	-1.47703	0.23131	0.10108
CTC	TTC	CT	0.93843	0.06740	0.10390	-0.93843	0.17227	0.10390
CTC	CTT	CT	-0.05306	0.06740	0.06563	0.05306	0.06391	0.06563
CTA	TTA	CT	-4.19121	0.04024	0.00259	4.19121	0.00061	0.00259
CTA	CTT	AT	0.35121	0.00716	0.00849	-0.35121	0.01017	0.00849
CTA	CTC	AC	0.40427	0.00867	0.01054	-0.40427	0.01298	0.01054
CTG	TTG	CT	-0.44576	0.19012	0.15089	0.44576	0.12174	0.15089
CTG	CTT	GT	-1.18302	0.03383	0.01768	1.18302	0.01037	0.01768
CTG	CTC	GC	-1.12996	0.04095	0.02208	1.12996	0.01323	0.02208
CTG	CTA	GA	-1.53423	0.20581	0.08680	1.53423	0.04438	0.08680
CCT	TCT	CT	0.26586	0.03873	0.04410	-0.26586	0.05052	0.04410
CCT	CTT	CT	0.50098	0.03873	0.04924	-0.50098	0.06391	0.04924
CCC	TCC	CT	-0.53348	0.08198	0.06205	0.53348	0.04809	0.06205
CCC	CTC	CT	-0.00509	0.08198	0.08178	0.00509	0.08157	0.08178
CCC	CCT	CT	-0.55912	0.08198	0.06119	0.55912	0.04687	0.06119
CCA	TCA	CT	-0.86444	0.07947	0.05001	0.86444	0.03348	0.05001
CCA	CTA	CT	-0.48975	0.07947	0.06159	0.48975	0.04870	0.06159
CCA	CCT	AT	-0.63951	0.01414	0.01010	0.63951	0.00746	0.01010
CCA	CCC	AC	-0.08039	0.01712	0.01644	0.08039	0.01579	0.01644
CCG	TCG	CT	-2.41187	0.01358	0.00323	2.41187	0.00122	0.00323
CCG	CTG	CT	2.82988	0.01358	0.04084	-2.82988	0.23009	0.04084
CCG	CCT	GT	1.14588	0.00242	0.00406	-1.14588	0.00760	0.00406
CCG	CCC	GC	1.70501	0.00292	0.00609	-1.70501	0.01609	0.00609
CCG	CCA	GA	1.78540	0.01470	0.03154	-1.78540	0.08764	0.03154
CAT	TAT	CT	0.68264	0.04275	0.05899	-0.68264	0.08461	0.05899
CAT	CTT	AT	0.29059	0.00761	0.00877	-0.29059	0.01017	0.00877
CAT	CCT	AC	-0.21039	0.00921	0.00827	0.21039	0.00746	0.00827
CAC	TAC	CT	1.12964	0.03973	0.06632	-1.12964	0.12296	0.06632
CAC	CTC	AT	0.60767	0.00707	0.00944	-0.60767	0.01298	0.00944
CAC	CCC	AC	0.61276	0.00856	0.01145	-0.61276	0.01579	0.01145
CAC	CAT	CT	0.26402	0.03973	0.04521	-0.26402	0.05174	0.04521
CAA	CTA	AT	0.15724	0.00662	0.00716	-0.15724	0.00775	0.00716
CAA	CCA	AC	0.64699	0.00802	0.01089	-0.64699	0.01531	0.01089
CAA	CAT	AT	0.21786	0.00662	0.00737	-0.21786	0.00824	0.00737
CAA	CAC	AC	-0.04616	0.00802	0.00783	0.04616	0.00765	0.00783
CAG	CTG	AT	0.89021	0.01504	0.02271	-0.89021	0.03663	0.02271
CAG	CCG	AC	-1.93967	0.01820	0.00593	1.93967	0.00262	0.00593
CAG	CAT	GT	-0.58340	0.01504	0.01108	0.58340	0.00839	0.01108
CAG	CAC	GC	-0.84742	0.01820	0.01156	0.84742	0.00780	0.01156
CAG	CAA	GA	-0.80126	0.09147	0.05967	0.80126	0.04105	0.05967
CGT	TGT	CT	-0.33981	0.00855	0.00718	0.33981	0.00609	0.00718
CGT	CTT	GT	1.91866	0.00152	0.00342	-1.91866	0.01037	0.00342
CGT	CCT	GC	1.41769	0.00184	0.00345	-1.41769	0.00760	0.00345
CGT	CAT	GA	1.62808	0.00926	0.01875	-1.62808	0.04715	0.01875
CGC	TGC	CT	-0.69523	0.05734	0.03970	0.69523	0.02861	0.03970
CGC	CTC	GT	0.25956	0.01020	0.01159	-0.25956	0.01323	0.01159
CGC	CCC	GC	0.26465	0.01235	0.01406	-0.26465	0.01609	0.01406
CGC	CAC	GA	-0.34811	0.06207	0.05189	0.34811	0.04382	0.05189
CGC	CGT	CT	-1.71216	0.05734	0.02162	1.71216	0.01035	0.02162
CGA	CTA	GT	9.07219	0.00000	0.00000	-9.07219	0.00790	0.00001
CGA	CCA	GC	9.56194	0.00000	0.00000	-9.56194	0.01560	0.00001
CGA	CAA	GA	8.91496	0.00000	0.00000	-8.91496	0.04105	0.00005
CGA	CGT	AT	7.50474	0.00000	0.00000	-7.50474	0.00165	0.00001
CGA	CGC	AC	9.21691	0.00000	0.00000	-9.21691	0.01105	0.00001
CGG	TGG	CT	1.80026	0.01308	0.02820	-1.80026	0.07913	0.02820
CGG	CTG	GT	2.77471	0.00233	0.00689	-2.77471	0.03731	0.00689
CGG	CCG	GC	-0.05517	0.00282	0.00274	0.05517	0.00267	0.00274
CGG	CAG	GA	1.88450	0.01416	0.03146	-1.88450	0.09319	0.03146
CGG	CGT	GT	-0.32697	0.00233	0.00197	0.32697	0.00168	0.00197
CGG	CGC	GC	1.38520	0.00282	0.00520	-1.38520	0.01125	0.00520
CGG	CGA	GA	-7.83171	0.01416	0.00004	7.83171	0.00000	0.00000
ATT	TTT	AT	0.49799	0.02238	0.02841	-0.49799	0.03682	0.02841
ATT	CTT	AC	-0.97904	0.02708	0.01595	0.97904	0.01017	0.01595
ATC	TTC	AT	0.04114	0.02632	0.02686	-0.04114	0.02742	0.02686
ATC	CTC	AC	-0.89728	0.03185	0.01967	0.89728	0.01298	0.01967
ATC	ATT	CT	0.02870	0.14787	0.15000	-0.02870	0.15218	0.15000
ATA	TTA	AT	-3.32192	0.00269	0.00033	3.32192	0.00010	0.00033
ATA	CTA	AC	0.86929	0.00325	0.00486	-0.86929	0.00775	0.00486
ATA	ATT	AT	2.19954	0.00269	0.00664	-2.19954	0.02422	0.00664
ATA	ATC	AC	2.17084	0.00325	0.00796	-2.17084	0.02849	0.00796
ATG	TTG	AT	0.54131	0.01128	0.01460	-0.54131	0.01938	0.01460
ATG	CTG	AC	0.98707	0.01365	0.02148	-0.98707	0.03663	0.02148
ATG	ATT	GT	0.78309	0.01128	0.01626	-0.78309	0.02468	0.01626
ATG	ATC	GC	0.75439	0.01365	0.01944	-0.75439	0.02902	0.01944
ATG	ATA	GA	-1.41645	0.06860	0.03112	1.41645	0.01664	0.03112
ACT	TCT	AT	-0.16532	0.00949	0.00873	0.16532	0.00804	0.00873
ACT	CCT	AC	-0.43118	0.01148	0.00918	0.43118	0.00746	0.00918
ACT	ATT	CT	1.04884	0.05331	0.08607	-1.04884	0.15218	0.08607
ACC	TCC	AT	0.00607	0.00761	0.00763	-0.00607	0.00765	0.00763
ACC	CCC	AC	0.53956	0.00921	0.01191	-0.53956	0.01579	0.01191
ACC	ATC	CT	1.43175	0.04275	0.08042	-1.43175	0.17896	0.08042
ACC	ACT	CT	0.41161	0.04275	0.05215	-0.41161	0.06452	0.05215
ACA	TCA	AT	-0.74170	0.01119	0.00755	0.74170	0.00533	0.00755
ACA	CCA	AC	0.12274	0.01354	0.01439	-0.12274	0.01531	0.01439
ACA	ATA	CT	-1.23630	0.06287	0.03182	1.23630	0.01826	0.03182
ACA	ACT	AT	-0.08560	0.01119	0.01072	0.08560	0.01027	0.01072
ACA	ACC	AC	-0.49721	0.01354	0.01045	0.49721	0.00824	0.01045
ACG	TCG	AT	-2.52341	0.00242	0.00053	2.52341	0.00019	0.00053
ACG	CCG	AC	-0.11154	0.00292	0.00276	0.11154	0.00262	0.00276
ACG	ATG	CT	1.73127	0.01358	0.02857	-1.73127	0.07670	0.02857
ACG	ACT	GT	1.46552	0.00242	0.00461	-1.46552	0.01046	0.00461
ACG	ACC	GC	1.05391	0.00292	0.00473	-1.05391	0.00839	0.00473
ACG	ACA	GA	1.55111	0.01470	0.02894	-1.55111	0.06934	0.02894
AAT	TAT	AT	0.20157	0.01101	0.01216	-0.20157	0.01347	0.01216
AAT	CAT	AC	-0.48108	0.01332	0.01038	0.48108	0.00824	0.01038
AAT	ATT	AT	0.78855	0.01101	0.01592	-0.78855	0.02422	0.01592
AAT	ACT	AC	-0.26029	0.01332	0.01167	0.26029	0.01027	0.01167
AAC	TAC	AT	0.12485	0.01728	0.01838	-0.12485	0.01957	0.01838
AAC	CAC	AC	-1.00479	0.02091	0.01213	1.00479	0.00765	0.01213
AAC	ATC	AT	0.50017	0.01728	0.02195	-0.50017	0.02849	0.02195
AAC	ACC	AC	-0.93158	0.02091	0.01266	0.93158	0.00824	0.01266
AAC	AAT	CT	-0.25969	0.09707	0.08501	0.25969	0.07487	0.08501
AAA	CAA	AC	-1.38721	0.02871	0.01326	1.38721	0.00717	0.01326
AAA	ATA	AT	-2.09926	0.02372	0.00695	2.09926	0.00291	0.00695
AAA	ACA	AC	-0.86296	0.02871	0.01808	0.86296	0.01211	0.01808
AAA	AAT	AT	-0.68827	0.02372	0.01649	0.68827	0.01192	0.01649
AAA	AAC	AC	-0.42858	0.02871	0.02299	0.42858	0.01870	0.02299
AAG	CAG	AC	-1.04436	0.04626	0.02623	1.04436	0.01628	0.02623
AAG	ATG	AT	-1.14123	0.03822	0.02047	1.14123	0.01221	0.02047
AAG	ACG	AC	-2.87249	0.04626	0.00797	2.87249	0.00262	0.00797
AAG	AAT	GT	-1.14669	0.03822	0.02041	1.14669	0.01214	0.02041
AAG	AAC	GC	-0.88700	0.04626	0.02874	0.88700	0.01905	0.02874
AAG	AAA	GA	-0.45842	0.23249	0.18326	0.45842	0.14700	0.18326
AGT	TGT	AT	-2.73613	0.01495	0.00283	2.73613	0.00097	0.00283
AGT	CGT	AC	-2.39632	0.01809	0.00434	2.39632	0.00165	0.00434
AGT	ATT	GT	0.50138	0.01495	0.01901	-0.50138	0.02468	0.01901
AGT	ACT	GC	-0.54746	0.01809	0.01359	0.54746	0.01046	0.01359
AGT	AAT	GA	-0.28717	0.09093	0.07849	0.28717	0.06823	0.07849
AGC	TGC	AT	-0.31907	0.00627	0.00532	0.31907	0.00455	0.00532
AGC	CGC	AC	0.37616	0.00758	0.00910	-0.37616	0.01105	0.00910
AGC	ATC	GT	1.53300	0.00627	0.01225	-1.53300	0.02902	0.01225
AGC	ACC	GC	0.10125	0.00758	0.00797	-0.10125	0.00839	0.00797
AGC	AAC	GA	1.03283	0.03811	0.06112	-1.03283	0.10706	0.06112
AGC	AGT	CT	1.06032	0.03521	0.05711	-1.06032	0.10165	0.05711
AGA	CGA	AC	-8.44147	0.00455	0.00001	8.44147	0.00000	0.00000
AGA	ATA	GT	-0.23856	0.00376	0.00333	0.23856	0.00296	0.00333
AGA	ACA	GC	0.99774	0.00455	0.00719	-0.99774	0.01234	0.00719
AGA	AAA	GA	1.86070	0.02287	0.05039	-1.86070	0.14700	0.05039
AGA	AGT	AT	1.45960	0.00376	0.00715	-1.45960	0.01618	0.00715
AGA	AGC	AC	0.39928	0.00455	0.00552	-0.39928	0.00678	0.00552
AGG	TGG	AT	0.90376	0.00510	0.00775	-0.90376	0.01260	0.00775
AGG	CGG	AC	-0.89650	0.00617	0.00381	0.89650	0.00252	0.00381
AGG	ATG	GT	0.89115	0.00510	0.00771	-0.89115	0.01244	0.00771
AGG	ACG	GC	-0.84012	0.00617	0.00394	0.84012	0.00267	0.00394
AGG	AAG	GA	2.03237	0.03103	0.07258	-2.03237	0.23686	0.07258
AGG	AGT	GT	1.17286	0.00510	0.00867	-1.17286	0.01649	0.00867
AGG	AGC	GC	0.11254	0.00617	0.00653	-0.11254	0.00691	0.00653
AGG	AGA	GA	-0.28674	0.03103	0.02680	0.28674	0.02330	0.02680
GTT	TTT	GT	0.80698	0.01674	0.02439	-0.80698	0.03751	0.02439
GTT	CTT	GC	-0.67005	0.02026	0.01422	0.67005	0.01037	0.01422
GTT	ATT	GA	0.30899	0.10181	0.11835	-0.30899	0.13868	0.11835
GTC	TTC	GT	0.63137	0.01486	0.02004	-0.63137	0.02794	0.02004
GTC	CTC	GC	-0.30705	0.01798	0.01536	0.30705	0.01323	0.01536
GTC	ATC	GA	0.59023	0.09038	0.11966	-0.59023	0.16308	0.11966
GTC	GTT	CT	0.30994	0.08349	0.09710	-0.30994	0.11383	0.09710
GTA	TTA	GT	-2.89782	0.00179	0.00030	2.89782	0.00010	0.00030
GTA	CTA	GC	1.29339	0.00217	0.00386	-1.29339	0.00790	0.00386
GTA	ATA	GA	0.42410	0.01089	0.01336	-0.42410	0.01664	0.01336
GTA	GTT	AT	2.31465	0.00179	0.00460	-2.31465	0.01812	0.00460
GTA	GTC	AC	2.00471	0.00217	0.00502	-2.00471	0.01608	0.00502
GTG	TTG	GT	-0.46740	0.03151	0.02472	0.46740	0.01974	0.02472
GTG	CTG	GC	-0.02164	0.03813	0.03772	0.02164	0.03731	0.03772
GTG	ATG	GA	-1.00871	0.19165	0.11097	1.00871	0.06989	0.11097
GTG	GTT	GT	-0.53461	0.03151	0.02383	0.53461	0.01846	0.02383
GTG	GTC	GC	-0.84455	0.03813	0.02427	0.84455	0.01639	0.02427
GTG	GTA	GA	-2.84926	0.19165	0.03355	2.84926	0.01109	0.03355
GCT	TCT	GT	-0.78655	0.01799	0.01183	0.78655	0.00819	0.01183
GCT	CCT	GC	-1.05241	0.02177	0.01229	1.05241	0.00760	0.01229
GCT	ACT	GA	-0.62123	0.10944	0.07894	0.62123	0.05880	0.07894
GCT	GTT	CT	0.11862	0.10110	0.10721	-0.11862	0.11383	0.10721
GCC	TCC	GT	-0.22399	0.00976	0.00870	0.22399	0.00780	0.00870
GCC	CCC	GC	0.30950	0.01181	0.01373	-0.30950	0.01609	0.01373
GCC	ACC	GA	-0.23006	0.05935	0.05278	0.23006	0.04715	0.05278
GCC	GTC	CT	0.61146	0.05482	0.07328	-0.61146	0.10105	0.07328
GCC	GCT	CT	0.80278	0.05482	0.07974	-0.80278	0.12235	0.07974
GCA	TCA	GT	-0.55819	0.00949	0.00708	0.55819	0.00543	0.00708
GCA	CCA	GC	0.30625	0.01148	0.01333	-0.30625	0.01560	0.01333
GCA	ACA	GA	0.18351	0.05771	0.06317	-0.18351	0.06934	0.06317
GCA	GTA	CT	-1.47689	0.05331	0.02330	1.47689	0.01217	0.02330
GCA	GCT	AT	0.71914	0.00949	0.01330	-0.71914	0.01948	0.01330
GCA	GCC	AC	-0.08363	0.01148	0.01101	0.08363	0.01056	0.01101
GCG	TCG	GT	-3.53967	0.00680	0.00072	3.53967	0.00020	0.00072
GCG	CCG	GC	-1.12780	0.00823	0.00445	1.12780	0.00267	0.00445
GCG	ACG	GA	-1.01626	0.04138	0.02385	1.01626	0.01498	0.02385
GCG	GTG	CT	1.72372	0.03823	0.08020	-1.72372	0.21427	0.08020
GCG	GCT	GT	1.07049	0.00680	0.01108	-1.07049	0.01984	0.01108
GCG	GCC	GC	0.26771	0.00823	0.00938	-0.26771	0.01076	0.00938
GCG	GCA	GA	0.35134	0.04138	0.04907	-0.35134	0.05880	0.04907
GAT	TAT	GT	-1.56476	0.06561	0.02715	1.56476	0.01372	0.02715
GAT	CAT	GC	-2.24740	0.07940	0.02109	2.24740	0.00839	0.02109
GAT	AAT	GA	-1.76632	0.39909	0.14537	1.76632	0.06823	0.14537
GAT	GTT	AT	-1.28676	0.06561	0.03221	1.28676	0.01812	0.03221
GAT	GCT	AC	-1.40538	0.07940	0.03627	1.40538	0.01948	0.03627
GAC	TAC	GT	-1.34609	0.07662	0.03629	1.34609	0.01994	0.03629
GAC	CAC	GC	-2.47573	0.09273	0.02108	2.47573	0.00780	0.02108
GAC	AAC	GA	-1.47094	0.46606	0.20444	1.47094	0.10706	0.20444
GAC	GTC	AT	-1.56101	0.07662	0.03178	1.56101	0.01608	0.03178
GAC	GCC	AC	-2.17247	0.09273	0.02589	2.17247	0.01056	0.02589
GAC	GAT	CT	0.03570	0.43054	0.43827	-0.03570	0.44619	0.43827
GAA	CAA	GC	-1.88467	0.04810	0.01623	1.88467	0.00731	0.01623
GAA	AAA	GA	-0.49746	0.24174	0.18658	0.49746	0.14700	0.18658
GAA	GTA	AT	-3.02082	0.03974	0.00615	3.02082	0.00194	0.00615
GAA	GCA	AC	-1.54393	0.04810	0.02016	1.54393	0.01027	0.02016
GAA	GAT	AT	0.58060	0.03974	0.05239	-0.58060	0.07102	0.05239
GAA	GAC	AC	0.54490	0.04810	0.06239	-0.54490	0.08294	0.06239
GAG	CAG	GC	-1.70591	0.09132	0.03457	1.70591	0.01658	0.03457
GAG	AAG	GA	-0.66155	0.45898	0.32378	0.66155	0.23686	0.32378
GAG	GTG	AT	-0.79406	0.07546	0.04942	0.79406	0.03411	0.04942
GAG	GCG	AC	-2.51778	0.09132	0.02017	2.51778	0.00736	0.02017
GAG	GAT	GT	-0.04191	0.07546	0.07389	0.04191	0.07236	0.07389
GAG	GAC	GC	-0.07760	0.09132	0.08782	0.07760	0.08450	0.08782
GAG	GAA	GA	-0.62250	0.45898	0.33085	0.62250	0.24629	0.33085
GGT	TGT	GT	-1.62485	0.00501	0.00200	1.62485	0.00099	0.00200
GGT	CGT	GC	-1.28504	0.00607	0.00298	1.28504	0.00168	0.00298
GGT	AGT	GA	1.11128	0.03049	0.05051	-1.11128	0.09264	0.05051
GGT	GTT	GT	1.30367	0.00501	0.00897	-1.30367	0.01846	0.00897
GGT	GCT	GC	1.18505	0.00607	0.01035	-1.18505	0.01984	0.01035
GGT	GAT	GA	2.59043	0.03049	0.08539	-2.59043	0.40660	0.08539
GGC	TGC	GT	-0.83943	0.01074	0.00686	0.83943	0.00464	0.00686
GGC	CGC	GC	-0.14420	0.01300	0.01208	0.14420	0.01125	0.01208
GGC	AGC	GA	-0.52036	0.06534	0.04980	0.52036	0.03883	0.04980
GGC	GTC	GT	0.42241	0.01074	0.01317	-0.42241	0.01639	0.01317
GGC	GCC	GC	-0.18905	0.01300	0.01181	0.18905	0.01076	0.01181
GGC	GAC	GA	1.98342	0.06534	0.15026	-1.98342	0.47483	0.15026
GGC	GGT	CT	-0.57132	0.06036	0.04475	0.57132	0.03409	0.04475
GGA	CGA	GC	-8.71051	0.00607	0.00001	8.71051	0.00000	0.00000
GGA	AGA	GA	-0.26904	0.03049	0.02657	0.26904	0.02330	0.02657
GGA	GTA	GT	-0.93171	0.00501	0.00303	0.93171	0.00197	0.00303
GGA	GCA	GC	0.54518	0.00607	0.00787	-0.54518	0.01046	0.00787
GGA	GAA	GA	2.08911	0.03049	0.07270	-2.08911	0.24629	0.07270
GGA	GGT	AT	0.07928	0.00501	0.00521	-0.07928	0.00543	0.00521
GGA	GGC	AC	0.65060	0.00607	0.00825	-0.65060	0.01163	0.00825
GGG	TGG	GT	0.16143	0.01092	0.01183	-0.16143	0.01283	0.01183
GGG	CGG	GC	-1.63883	0.01322	0.00522	1.63883	0.00257	0.00522
GGG	AGG	GA	-0.74233	0.06642	0.04479	0.74233	0.03162	0.04479
GGG	GTG	GT	1.15752	0.01092	0.01843	-1.15752	0.03475	0.01843
GGG	GCG	GC	-0.56619	0.01322	0.00983	0.56619	0.00750	0.00983
GGG	GAG	GA	1.95158	0.06642	0.15110	-1.95158	0.46762	0.15110
GGG	GGT	GT	-0.68075	0.01092	0.00762	0.68075	0.00553	0.00762
GGG	GGC	GC	-0.10944	0.01322	0.01251	0.10944	0.01185	0.01251
GGG	GGA	GA	-0.76003	0.06642	0.04435	0.76003	0.03106	0.04435


Histograms
2Ns	FMut	FSub(CodonUsage)	FSubw(after w)

-9.10661	0.00367	0.00000
-8.19595	0.00084	0.00000
-7.28529	0.00007	0.00000
-6.37463	0.00165	0.00003
-5.46397	0.00612	0.00020
-4.55331	0.00790	0.00047
-3.64264	0.00544	0.00068
-2.73198	0.05806	0.01446
-1.82132	0.23755	0.11128
-0.91066	0.26640	0.22450
0.00000	0.23810	0.29675
0.91066	0.12732	0.22450
1.82132	0.04259	0.11128
2.73198	0.00402	0.01446
3.64264	0.00015	0.00068
4.55331	0.00008	0.00047
5.46397	0.00003	0.00020
6.37463	0.00000	0.00003
7.28529	0.00000	0.00000
8.19595	0.00000	0.00000
9.10661	0.00000	0.00000

Proportion of advantageous (S > 0) mutations:
 0.28211

Proportions of good & bad mutations (|S| > 2.0000) among mutations:
0.00844  0.11768

mean |Ns| = 1.13332	mean Ns+ = 0.68659	mean Ns- = -1.30888


MLEs of dN/dS (w) for site classes (K=4)

site class             0        1       2a       2b
proportion       0.78794  0.07256  0.12773  0.01176
background w     0.09664  2.51940  0.09664  2.51940
foreground w     0.09664  2.51940  2.63680  2.63680

Naive Empirical Bayes (NEB) probabilities for 4 classes
(amino acids refer to 1st sequence: Bbon)

   1 M   0.90686 0.00946 0.08219 0.00149 ( 1)
   2 K   0.50450 0.37581 0.05963 0.06006 ( 1)
   3 R   0.72888 0.18097 0.06167 0.02848 ( 1)
   4 T   0.90374 0.01046 0.08414 0.00165 ( 1)
   5 H   0.75471 0.15734 0.06320 0.02475 ( 1)
   6 L   0.81732 0.05325 0.12083 0.00860 ( 1)
   7 F   0.84623 0.03612 0.11185 0.00580 ( 1)
   8 V   0.85507 0.03137 0.10853 0.00503 ( 1)
   9 M   0.46762 0.40767 0.05935 0.06536 ( 1)
  10 A   0.64885 0.24793 0.06392 0.03929 ( 1)
  11 V   0.88974 0.01543 0.09237 0.00245 ( 1)
  12 Y   0.86060 0.02854 0.10629 0.00457 ( 1)
  13 L   0.81732 0.05325 0.12083 0.00860 ( 1)
  14 L   0.81732 0.05325 0.12083 0.00860 ( 1)
  15 S   0.90832 0.00905 0.08121 0.00143 ( 1)
  16 S   0.90832 0.00905 0.08121 0.00143 ( 1)
  17 C   0.92074 0.00575 0.07261 0.00090 ( 1)
  18 R   0.92140 0.00560 0.07212 0.00088 ( 1)
  19 A   0.87376 0.02220 0.10049 0.00354 ( 1)
  20 E   0.18029 0.17475 0.61566 0.02930 ( 3)
  21 E   0.85303 0.03244 0.10933 0.00520 ( 1)
  22 G   0.90178 0.01112 0.08534 0.00176 ( 1)
  23 L   0.82013 0.05048 0.12125 0.00815 ( 1)
  24 N   0.68681 0.21494 0.06427 0.03398 ( 1)
  25 F   0.85991 0.02888 0.10659 0.00463 ( 1)
  26 P   0.86997 0.02395 0.10226 0.00383 ( 1)
  27 T   0.90374 0.01046 0.08414 0.00165 ( 1)
  28 Y   0.86242 0.02764 0.10551 0.00442 ( 1)
  29 D   0.84366 0.03754 0.11277 0.00603 ( 1)
  30 G   0.90361 0.01052 0.08421 0.00166 ( 1)
  31 K   0.53222 0.34908 0.06291 0.05579 ( 1)
  32 D   0.84446 0.03736 0.11218 0.00600 ( 1)
  33 R   0.87205 0.02332 0.10091 0.00372 ( 1)
  34 V   0.85782 0.03080 0.10644 0.00493 ( 1)
  35 V   0.89110 0.01525 0.09123 0.00242 ( 1)
  36 S   0.86655 0.02592 0.10339 0.00414 ( 1)
  37 L   0.85963 0.02938 0.10628 0.00471 ( 1)
  38 T   0.90511 0.01034 0.08291 0.00163 ( 1)
  39 E   0.85395 0.03224 0.10863 0.00517 ( 1)
  40 K   0.87003 0.02427 0.10182 0.00388 ( 1)
  41 N   0.90339 0.01087 0.08402 0.00172 ( 1)
  42 F   0.86092 0.02868 0.10581 0.00459 ( 1)
  43 K   0.87003 0.02427 0.10182 0.00388 ( 1)
  44 Q   0.85316 0.03275 0.10884 0.00525 ( 1)
  45 V   0.89054 0.01546 0.09154 0.00246 ( 1)
  46 L   0.36284 0.50538 0.05043 0.08135 ( 2)
  47 K   0.87003 0.02427 0.10182 0.00388 ( 1)
  48 K   0.87081 0.02390 0.10147 0.00382 ( 1)
  49 Y   0.18977 0.16010 0.62333 0.02680 ( 3)
  50 D   0.84446 0.03736 0.11218 0.00600 ( 1)
  51 L   0.83307 0.04406 0.11578 0.00709 ( 1)
  52 L   0.89650 0.01358 0.08777 0.00215 ( 1)
  53 C   0.92577 0.00527 0.06814 0.00082 ( 1)
  54 L   0.89658 0.01350 0.08778 0.00214 ( 1)
  55 Y   0.86107 0.02887 0.10544 0.00462 ( 1)
  56 Y   0.18878 0.16269 0.62130 0.02723 ( 3)
  57 H   0.89285 0.01488 0.08990 0.00236 ( 1)
  58 E   0.85341 0.03277 0.10856 0.00525 ( 1)
  59 P   0.87055 0.02428 0.10129 0.00388 ( 1)
  60 V   0.44041 0.43449 0.05546 0.06964 ( 1)
  61 S   0.90320 0.01124 0.08378 0.00178 ( 1)
  62 S   0.87923 0.01678 0.10131 0.00268 ( 1)
  63 D   0.83898 0.04064 0.11384 0.00654 ( 1)
  64 K   0.87026 0.02443 0.10141 0.00390 ( 1)
  65 A   0.06468 0.80145 0.00662 0.12724 ( 2)
  66 A   0.00315 0.84792 0.00837 0.14055 ( 2)
  67 Q   0.85262 0.03327 0.10877 0.00533 ( 1)
  68 K   0.87026 0.02443 0.10141 0.00390 ( 1)
  69 Q   0.06700 0.19890 0.69978 0.03432 ( 3)
  70 F   0.19485 0.16282 0.61512 0.02721 ( 3)
  71 Q   0.85272 0.03328 0.10867 0.00533 ( 1)
  72 M   0.02489 0.83704 0.00341 0.13466 ( 2)
  73 K   0.87026 0.02443 0.10141 0.00390 ( 1)
  74 E   0.85624 0.03161 0.10708 0.00507 ( 1)
  75 I   0.86080 0.02931 0.10520 0.00469 ( 1)
  76 V   0.85912 0.02817 0.10820 0.00452 ( 1)
  77 L   0.81702 0.05385 0.12043 0.00869 ( 1)
  78 E   0.85276 0.03341 0.10848 0.00536 ( 1)
  79 F   0.83217 0.03928 0.12221 0.00634 ( 1)
  80 D   0.15001 0.20486 0.61051 0.03462 ( 3)
  81 E   0.83990 0.03402 0.12060 0.00548 ( 1)
  82 E   0.83990 0.03402 0.12060 0.00548 ( 1)
  83 G   0.87379 0.01421 0.10973 0.00228 ( 1)
  84 S   0.84666 0.02960 0.11897 0.00477 ( 1)
  85 L   0.81017 0.05525 0.12564 0.00894 ( 1)
  86 Y   0.84429 0.03112 0.11957 0.00501 ( 1)
  87 V   0.55478 0.32092 0.07278 0.05152 ( 1)
  88 L   0.86966 0.01657 0.11112 0.00266 ( 1)
  89 K   0.84923 0.02798 0.11829 0.00450 ( 1)
  90 G   0.89261 0.00657 0.09977 0.00105 ( 1)
  91 D   0.82647 0.04329 0.12325 0.00699 ( 1)
  92 R   0.85077 0.02702 0.11786 0.00435 ( 1)
  93 T   0.84791 0.02881 0.11864 0.00464 ( 1)
  94 I   0.85024 0.02735 0.11801 0.00440 ( 1)
  95 E   0.83731 0.03576 0.12117 0.00577 ( 1)
  96 F   0.83217 0.03928 0.12221 0.00634 ( 1)
  97 D   0.82647 0.04329 0.12325 0.00699 ( 1)
  98 G   0.87542 0.01343 0.10900 0.00215 ( 1)
  99 E   0.83731 0.03576 0.12117 0.00577 ( 1)
 100 F   0.83217 0.03928 0.12221 0.00634 ( 1)
 101 A   0.85565 0.02480 0.11556 0.00399 ( 1)
 102 A   0.85307 0.02561 0.11720 0.00412 ( 1)
 103 D   0.82647 0.04329 0.12325 0.00699 ( 1)
 104 V   0.86499 0.01873 0.11328 0.00301 ( 1)
 105 L   0.82161 0.04675 0.12408 0.00755 ( 1)
 106 V   0.83882 0.03474 0.12084 0.00560 ( 1)
 107 E   0.83731 0.03576 0.12117 0.00577 ( 1)
 108 F   0.83229 0.03917 0.12223 0.00632 ( 1)
 109 L   0.86945 0.01638 0.11155 0.00263 ( 1)
 110 L   0.82161 0.04675 0.12408 0.00755 ( 1)
 111 D   0.82929 0.04157 0.12244 0.00671 ( 1)
 112 L   0.62335 0.26734 0.06677 0.04253 ( 1)
 113 I   0.51476 0.36354 0.06349 0.05821 ( 1)
 114 E   0.85172 0.03161 0.11160 0.00507 ( 1)
 115 D   0.83974 0.03844 0.11563 0.00619 ( 1)
 116 P   0.86075 0.02841 0.10628 0.00455 ( 1)
 117 V   0.85507 0.03137 0.10853 0.00503 ( 1)
 118 E   0.85303 0.03244 0.10933 0.00520 ( 1)
 119 I   0.86101 0.02832 0.10614 0.00453 ( 1)
 120 I   0.86101 0.02832 0.10614 0.00453 ( 1)
 121 N   0.68284 0.21808 0.06459 0.03450 ( 1)
 122 S   0.91022 0.00849 0.07996 0.00134 ( 1)
 123 K   0.86968 0.02410 0.10237 0.00385 ( 1)
 124 L   0.81732 0.05325 0.12083 0.00860 ( 1)
 125 E   0.85649 0.03063 0.10797 0.00491 ( 1)
 126 V   0.88974 0.01543 0.09237 0.00245 ( 1)
 127 Q   0.85235 0.03295 0.10941 0.00528 ( 1)
 128 A   0.89212 0.01453 0.09105 0.00231 ( 1)
 129 F   0.84623 0.03612 0.11185 0.00580 ( 1)
 130 E   0.85303 0.03244 0.10933 0.00520 ( 1)
 131 R   0.87090 0.02352 0.10182 0.00376 ( 1)
 132 I   0.87018 0.02385 0.10216 0.00381 ( 1)
 133 E   0.85303 0.03244 0.10933 0.00520 ( 1)
 134 D   0.84366 0.03754 0.11277 0.00603 ( 1)
 135 H   0.89197 0.01459 0.09112 0.00232 ( 1)
 136 I   0.86101 0.02832 0.10614 0.00453 ( 1)
 137 K   0.86968 0.02410 0.10237 0.00385 ( 1)
 138 L   0.89563 0.01322 0.08905 0.00210 ( 1)
 139 I   0.86137 0.02797 0.10618 0.00448 ( 1)
 140 G   0.90360 0.01052 0.08422 0.00166 ( 1)
 141 F   0.84623 0.03612 0.11185 0.00580 ( 1)
 142 F   0.85990 0.02888 0.10659 0.00463 ( 1)
 143 K   0.86891 0.02447 0.10271 0.00391 ( 1)
 144 S   0.86547 0.02612 0.10424 0.00418 ( 1)
 145 E   0.85300 0.03247 0.10933 0.00521 ( 1)
 146 D   0.84366 0.03754 0.11277 0.00603 ( 1)
 147 S   0.87153 0.02328 0.10147 0.00372 ( 1)
 148 -   0.84866 0.03669 0.10877 0.00588 ( 1)
 149 -   0.40765 0.46562 0.05207 0.07467 ( 2)
 150 Y   0.85663 0.02932 0.10936 0.00470 ( 1)
 151 K   0.86452 0.02525 0.10619 0.00404 ( 1)
 152 A   0.86929 0.02289 0.10415 0.00366 ( 1)
 153 F   0.84299 0.03685 0.11424 0.00593 ( 1)
 154 E   0.85272 0.03140 0.11084 0.00504 ( 1)
 155 E   0.84944 0.03320 0.11203 0.00533 ( 1)
 156 A   0.86913 0.02298 0.10421 0.00368 ( 1)
 157 A   0.86929 0.02289 0.10415 0.00366 ( 1)
 158 E   0.85272 0.03140 0.11084 0.00504 ( 1)
 159 H   0.88649 0.01530 0.09577 0.00243 ( 1)
 160 F   0.85596 0.02965 0.10963 0.00476 ( 1)
 161 Q   0.84872 0.03370 0.11217 0.00541 ( 1)
 162 P   0.90207 0.00939 0.08706 0.00149 ( 1)
 163 Y   0.85663 0.02932 0.10936 0.00470 ( 1)
 164 I   0.85701 0.02910 0.10923 0.00467 ( 1)
 165 K   0.86525 0.02488 0.10589 0.00398 ( 1)
 166 F   0.84299 0.03685 0.11424 0.00593 ( 1)
 167 F   0.84299 0.03685 0.11424 0.00593 ( 1)
 168 A   0.86929 0.02289 0.10415 0.00366 ( 1)
 169 T   0.89536 0.01192 0.09082 0.00189 ( 1)
 170 F   0.85596 0.02965 0.10963 0.00476 ( 1)
 171 D   0.84056 0.03826 0.11503 0.00615 ( 1)
 172 K   0.86525 0.02488 0.10589 0.00398 ( 1)
 173 G   0.89590 0.01175 0.09049 0.00186 ( 1)
 174 V   0.87838 0.02074 0.09757 0.00331 ( 1)
 175 A   0.86363 0.02759 0.10437 0.00441 ( 1)
 176 K   0.85907 0.02987 0.10628 0.00478 ( 1)
 177 K   0.85979 0.02950 0.10599 0.00472 ( 1)
 178 L   0.82624 0.04814 0.11786 0.00776 ( 1)
 179 S   0.89726 0.01326 0.08738 0.00210 ( 1)
 180 L   0.82624 0.04814 0.11786 0.00776 ( 1)
 181 K   0.85907 0.02987 0.10628 0.00478 ( 1)
 182 M   0.89578 0.01376 0.08828 0.00218 ( 1)
 183 N   0.90687 0.01005 0.08149 0.00159 ( 1)
 184 E   0.84439 0.03759 0.11197 0.00604 ( 1)
 185 V   0.87839 0.02074 0.09757 0.00330 ( 1)
 186 D   0.83592 0.04235 0.11491 0.00682 ( 1)
 187 F   0.85070 0.03419 0.10963 0.00549 ( 1)
 188 Y   0.85301 0.03301 0.10869 0.00529 ( 1)
 189 E   0.84439 0.03759 0.11197 0.00604 ( 1)
 190 P   0.84803 0.03560 0.11066 0.00571 ( 1)
 191 F   0.83823 0.04104 0.11413 0.00660 ( 1)
 192 M   0.89578 0.01376 0.08828 0.00218 ( 1)
 193 D   0.83578 0.04249 0.11489 0.00684 ( 1)
 194 E   0.84439 0.03759 0.11197 0.00604 ( 1)
 195 P   0.86004 0.02935 0.10590 0.00470 ( 1)
 196 I   0.86025 0.02925 0.10581 0.00468 ( 1)
 197 A   0.88124 0.01952 0.09613 0.00311 ( 1)
 198 I   0.85171 0.03365 0.10924 0.00540 ( 1)
 199 P   0.87731 0.02081 0.09856 0.00332 ( 1)
 200 D   0.83509 0.04256 0.11550 0.00685 ( 1)
 201 K   0.18435 0.16556 0.62234 0.02775 ( 3)
 202 P   0.85883 0.02960 0.10683 0.00474 ( 1)
 203 Y   0.85026 0.03410 0.11017 0.00547 ( 1)
 204 T   0.85620 0.03095 0.10788 0.00496 ( 1)
 205 E   0.84653 0.03611 0.11156 0.00580 ( 1)
 206 E   0.16539 0.19476 0.60708 0.03277 ( 3)
 207 E   0.84275 0.03797 0.11317 0.00610 ( 1)
 208 L   0.88318 0.01800 0.09595 0.00287 ( 1)
 209 V   0.84457 0.03697 0.11252 0.00594 ( 1)
 210 E   0.16663 0.19527 0.60526 0.03284 ( 3)
 211 F   0.83694 0.04131 0.11510 0.00665 ( 1)
 212 V   0.84316 0.03786 0.11290 0.00608 ( 1)
 213 K   0.85545 0.03123 0.10832 0.00501 ( 1)
 214 E   0.84137 0.03885 0.11353 0.00625 ( 1)
 215 H   0.89920 0.01202 0.08687 0.00190 ( 1)
 216 Q   0.84093 0.03927 0.11349 0.00631 ( 1)
 217 -   0.84290 0.02776 0.12486 0.00448 ( 1)
 218 -   0.82230 0.04481 0.12565 0.00724 ( 1)
 219 -   0.83890 0.03247 0.12340 0.00524 ( 1)
 220 -   0.82258 0.04331 0.12711 0.00700 ( 1)
 221 -   0.54759 0.32158 0.07898 0.05185 ( 1)
 222 -   0.82862 0.03863 0.12650 0.00625 ( 1)
 223 -   0.80884 0.05468 0.12763 0.00885 ( 1)
 224 -   0.82862 0.03863 0.12650 0.00625 ( 1)
 225 -   0.82127 0.04451 0.12703 0.00720 ( 1)
 226 -   0.82097 0.04474 0.12706 0.00724 ( 1)
 227 -   0.81191 0.05216 0.12748 0.00844 ( 1)
 228 -   0.84912 0.02334 0.12378 0.00376 ( 1)
 229 -   0.81569 0.04904 0.12733 0.00794 ( 1)
 230 -   0.82055 0.04504 0.12712 0.00729 ( 1)
 231 -   0.82658 0.04024 0.12667 0.00651 ( 1)
 232 -   0.80948 0.05416 0.12759 0.00877 ( 1)
 233 E   0.85745 0.03043 0.10723 0.00488 ( 1)
 234 D   0.83947 0.04017 0.11390 0.00646 ( 1)
 235 D   0.83947 0.04017 0.11390 0.00646 ( 1)
 236 L   0.83333 0.04380 0.11582 0.00705 ( 1)
 237 N   0.90333 0.01092 0.08402 0.00173 ( 1)
 238 G   0.90325 0.01096 0.08406 0.00173 ( 1)
 239 I   0.86203 0.02812 0.10535 0.00450 ( 1)
 240 H   0.91669 0.00701 0.07520 0.00110 ( 1)
 241 I   0.87132 0.02365 0.10125 0.00378 ( 1)
 242 V   0.85602 0.03118 0.10781 0.00500 ( 1)
 243 A   0.89350 0.01435 0.08987 0.00228 ( 1)
 244 F   0.84864 0.03531 0.11038 0.00567 ( 1)
 245 A   0.89573 0.01328 0.08889 0.00211 ( 1)
 246 E   0.85395 0.03224 0.10863 0.00517 ( 1)
 247 R   0.92288 0.00562 0.07061 0.00088 ( 1)
 248 S   0.86655 0.02592 0.10339 0.00414 ( 1)
 249 D   0.83947 0.04017 0.11390 0.00646 ( 1)
 250 P   0.85800 0.03013 0.10704 0.00483 ( 1)
 251 D   0.83874 0.04034 0.11443 0.00649 ( 1)
 252 G   0.90361 0.01052 0.08421 0.00166 ( 1)
 253 Y   0.86192 0.02813 0.10545 0.00450 ( 1)
 254 E   0.85303 0.03244 0.10933 0.00520 ( 1)
 255 F   0.85991 0.02888 0.10659 0.00463 ( 1)
 256 L   0.81732 0.05325 0.12083 0.00860 ( 1)
 257 E   0.85303 0.03244 0.10933 0.00520 ( 1)
 258 I   0.86101 0.02832 0.10614 0.00453 ( 1)
 259 L   0.81732 0.05325 0.12083 0.00860 ( 1)
 260 K   0.86891 0.02447 0.10271 0.00391 ( 1)
 261 Q   0.85201 0.03299 0.10970 0.00529 ( 1)
 262 V   0.88919 0.01565 0.09268 0.00249 ( 1)
 263 A   0.87394 0.02211 0.10042 0.00353 ( 1)
 264 R   0.92590 0.00481 0.06855 0.00075 ( 1)
 265 D   0.84366 0.03754 0.11277 0.00603 ( 1)
 266 N   0.90186 0.01108 0.08531 0.00175 ( 1)
 267 T   0.91637 0.00747 0.07499 0.00117 ( 1)
 268 D   0.84366 0.03754 0.11277 0.00603 ( 1)
 269 N   0.90186 0.01108 0.08531 0.00175 ( 1)
 270 P   0.88961 0.01549 0.09244 0.00246 ( 1)
 271 D   0.84366 0.03754 0.11277 0.00603 ( 1)
 272 L   0.82698 0.04948 0.11558 0.00797 ( 1)
 273 S   0.91022 0.00849 0.07996 0.00134 ( 1)
 274 I   0.86115 0.02819 0.10616 0.00451 ( 1)
 275 V   0.73831 0.17043 0.06440 0.02686 ( 1)
 276 W   0.83391 0.04319 0.11594 0.00695 ( 1)
 277 I   0.86101 0.02832 0.10614 0.00453 ( 1)
 278 D   0.84366 0.03754 0.11277 0.00603 ( 1)
 279 P   0.85702 0.03033 0.10778 0.00486 ( 1)
 280 D   0.83915 0.04015 0.11425 0.00646 ( 1)
 281 D   0.84366 0.03754 0.11277 0.00603 ( 1)
 282 F   0.84623 0.03612 0.11185 0.00580 ( 1)
 283 P   0.88961 0.01549 0.09244 0.00246 ( 1)
 284 L   0.81732 0.05325 0.12083 0.00860 ( 1)
 285 L   0.89825 0.01264 0.08711 0.00200 ( 1)
 286 V   0.89054 0.01546 0.09154 0.00246 ( 1)
 287 A   0.89299 0.01484 0.08982 0.00235 ( 1)
 288 Y   0.86343 0.02747 0.10470 0.00440 ( 1)
 289 W   0.83458 0.04303 0.11547 0.00692 ( 1)
 290 E   0.85745 0.03043 0.10723 0.00488 ( 1)
 291 K   0.87003 0.02427 0.10182 0.00388 ( 1)
 292 T   0.90270 0.01112 0.08442 0.00176 ( 1)
 293 F   0.86092 0.02868 0.10581 0.00459 ( 1)
 294 K   0.87003 0.02427 0.10182 0.00388 ( 1)
 295 I   0.87132 0.02365 0.10125 0.00378 ( 1)
 296 D   0.84446 0.03736 0.11218 0.00600 ( 1)
 297 L   0.85963 0.02938 0.10628 0.00471 ( 1)
 298 F   0.86092 0.02868 0.10581 0.00459 ( 1)
 299 K   0.87003 0.02427 0.10182 0.00388 ( 1)
 300 P   0.85836 0.03004 0.10679 0.00481 ( 1)
 301 Q   0.85316 0.03275 0.10884 0.00525 ( 1)
 302 I   0.87132 0.02365 0.10125 0.00378 ( 1)
 303 G   0.90295 0.01106 0.08425 0.00175 ( 1)
 304 V   0.85602 0.03118 0.10781 0.00500 ( 1)
 305 V   0.85602 0.03118 0.10781 0.00500 ( 1)
 306 N   0.91943 0.00633 0.07325 0.00099 ( 1)
 307 V   0.89054 0.01546 0.09154 0.00246 ( 1)
 308 T   0.86821 0.02512 0.10266 0.00401 ( 1)
 309 D   0.83947 0.04017 0.11390 0.00646 ( 1)
 310 A   0.87512 0.02192 0.09947 0.00350 ( 1)
 311 D   0.84446 0.03736 0.11218 0.00600 ( 1)
 312 S   0.86655 0.02592 0.10339 0.00414 ( 1)
 313 V   0.89110 0.01525 0.09123 0.00242 ( 1)
 314 W   0.83458 0.04303 0.11547 0.00692 ( 1)
 315 M   0.90838 0.00931 0.08084 0.00147 ( 1)
 316 E   0.85394 0.03226 0.10863 0.00517 ( 1)
 317 I   0.87132 0.02365 0.10125 0.00378 ( 1)
 318 P   0.85933 0.02884 0.10720 0.00462 ( 1)
 319 D   0.16252 0.20249 0.60091 0.03408 ( 3)
 320 G   0.92760 0.00458 0.06711 0.00072 ( 1)
 321 D   0.83947 0.04017 0.11390 0.00646 ( 1)
 322 D   0.24987 0.61770 0.03319 0.09925 ( 2)
 323 L   0.81775 0.05313 0.12054 0.00858 ( 1)
 324 P   0.87110 0.02375 0.10136 0.00379 ( 1)
 325 T   0.86821 0.02512 0.10266 0.00401 ( 1)
 326 A   0.87512 0.02192 0.09947 0.00350 ( 1)
 327 E   0.85395 0.03224 0.10863 0.00517 ( 1)
 328 E   0.85395 0.03224 0.10863 0.00517 ( 1)
 329 L   0.81775 0.05313 0.12054 0.00858 ( 1)
 330 E   0.85745 0.03043 0.10723 0.00488 ( 1)
 331 D   0.84446 0.03736 0.11218 0.00600 ( 1)
 332 W   0.83458 0.04303 0.11547 0.00692 ( 1)
 333 I   0.20541 0.14087 0.63020 0.02351 ( 3)
 334 E   0.85395 0.03224 0.10863 0.00517 ( 1)
 335 D   0.83992 0.04004 0.11360 0.00644 ( 1)
 336 V   0.85602 0.03118 0.10781 0.00500 ( 1)
 337 L   0.89825 0.01264 0.08711 0.00200 ( 1)
 338 S   0.90350 0.01095 0.08381 0.00173 ( 1)
 339 G   0.90325 0.01096 0.08406 0.00173 ( 1)
 340 K   0.87003 0.02427 0.10182 0.00388 ( 1)
 341 I   0.93167 0.00373 0.06402 0.00058 ( 1)
 342 N   0.25992 0.08038 0.64642 0.01328 ( 3)
 343 T   0.90270 0.01112 0.08442 0.00176 ( 1)
 344 E   0.85417 0.03203 0.10866 0.00514 ( 1)
 345 D   0.84007 0.03958 0.11398 0.00636 ( 1)
 346 D   0.83898 0.04030 0.11424 0.00648 ( 1)
 347 D   0.84393 0.03749 0.11256 0.00602 ( 1)
 348 N   0.00018 0.86363 0.00002 0.13617 ( 2)
 349 E   0.85666 0.03073 0.10769 0.00492 ( 1)
 350 D   0.83899 0.04029 0.11424 0.00648 ( 1)
 351 E   0.85682 0.03057 0.10771 0.00490 ( 1)
 352 E   0.03097 0.74330 0.10140 0.12433 ( 2)
 353 D   0.83899 0.04029 0.11424 0.00648 ( 1)
 354 E   0.85682 0.03057 0.10771 0.00490 ( 1)
 355 E   0.85335 0.03238 0.10908 0.00519 ( 1)
 356 D   0.83938 0.04010 0.11407 0.00645 ( 1)
 357 D   0.84446 0.03736 0.11218 0.00600 ( 1)
 358 D   0.18324 0.19077 0.59406 0.03193 ( 3)
 359 D   0.84440 0.03742 0.11217 0.00601 ( 1)
 360 N   0.22001 0.11603 0.64463 0.01933 ( 3)
 361 -   0.31703 0.54837 0.04610 0.08850 ( 2)
 362 D   0.15940 0.22045 0.58324 0.03692 ( 3)
 363 D   0.83971 0.03977 0.11412 0.00640 ( 1)
 364 D   0.84446 0.03736 0.11218 0.00600 ( 1)
 365 N   0.00338 0.85837 0.00044 0.13780 ( 2)
 366 D   0.83024 0.04063 0.12258 0.00656 ( 1)
 367 N   0.88633 0.00879 0.10348 0.00140 ( 1)
 368 S   0.87435 0.01394 0.10947 0.00223 ( 1)
 369 D   0.82974 0.04074 0.12294 0.00658 ( 1)
 370 E   0.83638 0.03473 0.12328 0.00561 ( 1)
 371 E   0.02774 0.74104 0.10630 0.12492 ( 2)
 372 D   0.13102 0.66208 0.09835 0.10855 ( 2)
 373 D   0.03581 0.82638 0.00487 0.13295 ( 2)
 374 D   0.18198 0.19873 0.58606 0.03324 ( 3)
 375 D   0.84446 0.03736 0.11218 0.00600 ( 1)
 376 S   0.00943 0.16519 0.79651 0.02887 ( 3)
 377 D   0.16222 0.20075 0.60323 0.03381 ( 3)
 378 D   0.18293 0.19034 0.59487 0.03186 ( 3)
 379 D   0.38971 0.47992 0.05315 0.07722 ( 2)
 380 E   0.02771 0.83441 0.00373 0.13414 ( 2)
 381 D   0.84393 0.03749 0.11256 0.00602 ( 1)


lnL = -2368.409328

Bayes Empirical Bayes (BEB) probabilities for 4 classes (class)
(amino acids refer to 1st sequence: Bbon)

   1 M   0.82416 0.10810 0.05861 0.00912 ( 1)
   2 K   0.22074 0.68903 0.02017 0.07005 ( 2)
   3 R   0.29939 0.62843 0.01987 0.05231 ( 2)
   4 T   0.81881 0.11196 0.05964 0.00958 ( 1)
   5 H   0.31271 0.61569 0.02059 0.05101 ( 2)
   6 L   0.70710 0.18838 0.08268 0.02184 ( 1)
   7 F   0.73887 0.16698 0.07632 0.01783 ( 1)
   8 V   0.74952 0.15981 0.07410 0.01657 ( 1)
   9 M   0.21006 0.69500 0.02070 0.07423 ( 2)
  10 A   0.26654 0.65388 0.02034 0.05924 ( 2)
  11 V   0.79682 0.12729 0.06430 0.01159 ( 1)
  12 Y   0.75646 0.15514 0.07262 0.01578 ( 1)
  13 L   0.70710 0.18838 0.08268 0.02184 ( 1)
  14 L   0.70710 0.18838 0.08268 0.02184 ( 1)
  15 S   0.82642 0.10662 0.05803 0.00892 ( 1)
  16 S   0.82642 0.10662 0.05803 0.00892 ( 1)
  17 C   0.84808 0.09140 0.05335 0.00717 ( 1)
  18 R   0.84923 0.09062 0.05306 0.00708 ( 1)
  19 A   0.77382 0.14322 0.06906 0.01390 ( 1)
  20 E   0.10597 0.37011 0.42741 0.09651 ( 3)
  21 E   0.74701 0.16146 0.07466 0.01687 ( 1)
  22 G   0.81557 0.11429 0.06028 0.00986 ( 1)
  23 L   0.71034 0.18514 0.08305 0.02146 ( 1)
  24 N   0.28124 0.64183 0.02046 0.05647 ( 2)
  25 F   0.75558 0.15568 0.07286 0.01588 ( 1)
  26 P   0.76872 0.14668 0.07016 0.01444 ( 1)
  27 T   0.81881 0.11196 0.05964 0.00958 ( 1)
  28 Y   0.75873 0.15365 0.07210 0.01552 ( 1)
  29 D   0.73587 0.16900 0.07695 0.01819 ( 1)
  30 G   0.81855 0.11219 0.05966 0.00960 ( 1)
  31 K   0.22860 0.68125 0.02090 0.06925 ( 2)
  32 D   0.73662 0.16879 0.07651 0.01809 ( 1)
  33 R   0.77108 0.14552 0.06922 0.01417 ( 1)
  34 V   0.75210 0.15902 0.07264 0.01624 ( 1)
  35 V   0.79815 0.12685 0.06355 0.01146 ( 1)
  36 S   0.76380 0.15050 0.07074 0.01495 ( 1)
  37 L   0.75476 0.15682 0.07248 0.01594 ( 1)
  38 T   0.82012 0.11156 0.05886 0.00946 ( 1)
  39 E   0.74789 0.16121 0.07415 0.01675 ( 1)
  40 K   0.76832 0.14743 0.06979 0.01447 ( 1)
  41 N   0.81742 0.11341 0.05948 0.00969 ( 1)
  42 F   0.75655 0.15539 0.07230 0.01576 ( 1)
  43 K   0.76832 0.14743 0.06979 0.01447 ( 1)
  44 Q   0.74678 0.16231 0.07407 0.01684 ( 1)
  45 V   0.79732 0.12740 0.06374 0.01154 ( 1)
  46 L   0.18266 0.71609 0.01981 0.08144 ( 2)
  47 K   0.76832 0.14743 0.06979 0.01447 ( 1)
  48 K   0.76937 0.14669 0.06958 0.01436 ( 1)
  49 Y   0.11198 0.37145 0.42442 0.09214 ( 3)
  50 D   0.73662 0.16879 0.07651 0.01809 ( 1)
  51 L   0.72365 0.17797 0.07875 0.01963 ( 1)
  52 L   0.80562 0.12212 0.06151 0.01075 ( 1)
  53 C   0.85384 0.08875 0.05067 0.00674 ( 1)
  54 L   0.80584 0.12190 0.06152 0.01073 ( 1)
  55 Y   0.75647 0.15581 0.07197 0.01575 ( 1)
  56 Y   0.11147 0.37281 0.42317 0.09255 ( 3)
  57 H   0.80014 0.12591 0.06269 0.01126 ( 1)
  58 E   0.74703 0.16206 0.07407 0.01684 ( 1)
  59 P   0.76872 0.14742 0.06944 0.01442 ( 1)
  60 V   0.20336 0.70218 0.01986 0.07460 ( 2)
  61 S   0.81620 0.11475 0.05926 0.00980 ( 1)
  62 S   0.78668 0.13045 0.07022 0.01264 ( 1)
  63 D   0.73023 0.17334 0.07757 0.01885 ( 1)
  64 K   0.76828 0.14777 0.06949 0.01446 ( 1)
  65 A   0.03003 0.88545 0.00223 0.08228 ( 2)
  66 A   0.00374 0.81107 0.00562 0.17956 ( 2)
  67 Q   0.74594 0.16315 0.07399 0.01693 ( 1)
  68 K   0.76828 0.14777 0.06949 0.01446 ( 1)
  69 Q   0.03885 0.24718 0.57961 0.13435 ( 3)
  70 F   0.11577 0.38245 0.41157 0.09021 ( 3)
  71 Q   0.74591 0.16339 0.07380 0.01691 ( 1)
  72 M   0.02125 0.87756 0.00213 0.09906 ( 2)
  73 K   0.76828 0.14777 0.06949 0.01446 ( 1)
  74 E   0.75019 0.16032 0.07303 0.01646 ( 1)
  75 I   0.75583 0.15653 0.07182 0.01582 ( 1)
  76 V   0.75576 0.15425 0.07408 0.01590 ( 1)
  77 L   0.70667 0.18910 0.08236 0.02188 ( 1)
  78 E   0.74599 0.16309 0.07397 0.01695 ( 1)
  79 F   0.72560 0.17072 0.08404 0.01964 ( 1)
  80 D   0.08580 0.34105 0.46127 0.11188 ( 3)
  81 E   0.73543 0.16315 0.08298 0.01843 ( 1)
  82 E   0.73543 0.16315 0.08298 0.01843 ( 1)
  83 G   0.78772 0.12309 0.07662 0.01258 ( 1)
  84 S   0.74461 0.15610 0.08196 0.01734 ( 1)
  85 L   0.70054 0.19004 0.08655 0.02287 ( 1)
  86 Y   0.74130 0.15865 0.08232 0.01773 ( 1)
  87 V   0.23442 0.66892 0.02389 0.07277 ( 2)
  88 L   0.77986 0.12946 0.07728 0.01339 ( 1)
  89 K   0.74821 0.15334 0.08154 0.01691 ( 1)
  90 G   0.82484 0.09500 0.07118 0.00898 ( 1)
  91 D   0.71871 0.17603 0.08475 0.02050 ( 1)
  92 R   0.75045 0.15161 0.08129 0.01666 ( 1)
  93 T   0.74636 0.15475 0.08176 0.01713 ( 1)
  94 I   0.74969 0.15219 0.08138 0.01674 ( 1)
  95 E   0.73207 0.16574 0.08335 0.01884 ( 1)
  96 F   0.72560 0.17072 0.08404 0.01964 ( 1)
  97 D   0.71871 0.17603 0.08475 0.02050 ( 1)
  98 G   0.79070 0.12082 0.07621 0.01227 ( 1)
  99 E   0.73207 0.16574 0.08335 0.01884 ( 1)
 100 F   0.72560 0.17072 0.08404 0.01964 ( 1)
 101 A   0.75680 0.14761 0.07969 0.01591 ( 1)
 102 A   0.75382 0.14902 0.08090 0.01627 ( 1)
 103 D   0.71871 0.17603 0.08475 0.02050 ( 1)
 104 V   0.77249 0.13471 0.07861 0.01419 ( 1)
 105 L   0.71294 0.18052 0.08530 0.02124 ( 1)
 106 V   0.73403 0.16423 0.08313 0.01860 ( 1)
 107 E   0.73207 0.16574 0.08335 0.01884 ( 1)
 108 F   0.72579 0.17053 0.08406 0.01962 ( 1)
 109 L   0.78006 0.12892 0.07764 0.01338 ( 1)
 110 L   0.71294 0.18052 0.08530 0.02124 ( 1)
 111 D   0.72195 0.17382 0.08415 0.02009 ( 1)
