Supplemental results for CODEML (seqf: /home/leticiamagpali/phd/evol_models/codeml/small_dataset/cml_align/MYL1_codon_aligned.phy  treef: /home/leticiamagpali/phd/evol_models/codeml/small_dataset/cml_trees/gene_trees/H1c_gene_trees/MYL1_tree_H1c.tre)

I	J	ij	2Ns_IJ	pMut_IJ	pSub_IJ	2Ns_JI	pMut_JI	pSub_JI

TTC	TTT	CT	0.99007	0.08844	0.13933	-0.99007	0.23804	0.13933
TTA	TTT	AT	2.67558	0.02280	0.06551	-2.67558	0.33103	0.06551
TTA	TTC	AC	1.68551	0.02376	0.04916	-1.68551	0.12818	0.04916
TTG	TTT	GT	2.20509	0.00526	0.01304	-2.20509	0.04772	0.01304
TTG	TTC	GC	1.21502	0.00548	0.00947	-1.21502	0.01848	0.00947
TTG	TTA	GA	-0.47049	0.02925	0.02291	0.47049	0.01827	0.02291
TCT	TTT	CT	0.99007	0.08844	0.13933	-0.99007	0.23804	0.13933
TCC	TTC	CT	-0.08614	0.10046	0.09620	0.08614	0.09217	0.09620
TCC	TCT	CT	-0.08614	0.10046	0.09620	0.08614	0.09217	0.09620
TCA	TTA	CT	1.10218	0.01546	0.02551	-1.10218	0.04653	0.02551
TCA	TCT	AT	2.78769	0.00789	0.02344	-2.78769	0.12818	0.02344
TCA	TCC	AC	2.87383	0.00822	0.02505	-2.87383	0.14560	0.02505
TCG	TTG	CT	7.71585	0.00000	0.00000	-7.71585	0.01074	0.00004
TCG	TCT	GT	8.93087	0.00000	0.00000	-8.93087	0.01848	0.00002
TCG	TCC	GC	9.01701	0.00000	0.00000	-9.01701	0.02099	0.00002
TCG	TCA	GA	6.14319	0.00000	0.00000	-6.14319	0.00632	0.00008
TAT	TTT	AT	2.39272	0.03025	0.07966	-2.39272	0.33103	0.07966
TAT	TCT	AC	1.40265	0.03153	0.05864	-1.40265	0.12818	0.05864
TAC	TTC	AT	5.67806	0.00044	0.00250	-5.67806	0.12818	0.00250
TAC	TCC	AC	5.76420	0.00046	0.00264	-5.76420	0.14560	0.00264
TAC	TAT	CT	4.27541	0.00086	0.00372	-4.27541	0.06175	0.00372
TGT	TTT	GT	9.87964	0.00000	0.00000	-9.87964	0.04772	0.00002
TGT	TCT	GC	8.88957	0.00000	0.00000	-8.88957	0.01848	0.00002
TGT	TAT	GA	7.48692	0.00000	0.00000	-7.48692	0.02425	0.00010
TGC	TTC	GT	1.03318	0.00658	0.01055	-1.03318	0.01848	0.01055
TGC	TCC	GC	1.11932	0.00685	0.01139	-1.11932	0.02099	0.01139
TGC	TAC	GA	-4.64488	0.03656	0.00165	4.64488	0.00035	0.00165
TGC	TGT	CT	-7.85639	0.01288	0.00004	7.85639	0.00000	0.00000
TGG	TTG	GT	-0.01803	0.00219	0.00217	0.01803	0.00215	0.00217
TGG	TCG	GC	-7.73388	0.00228	0.00001	7.73388	0.00000	0.00000
TGG	TGT	GT	-7.69258	0.00219	0.00001	7.69258	0.00000	0.00000
TGG	TGC	GC	0.16381	0.00228	0.00248	-0.16381	0.00269	0.00248
CTT	TTT	CT	1.01963	0.08587	0.13696	-1.01963	0.23804	0.13696
CTC	TTC	CT	0.59849	0.05066	0.06733	-0.59849	0.09217	0.06733
CTC	CTT	CT	0.56894	0.05066	0.06643	-0.56894	0.08949	0.06643
CTA	TTA	CT	-0.43827	0.07213	0.05747	0.43827	0.04653	0.05747
CTA	CTT	AT	1.21768	0.03683	0.06369	-1.21768	0.12445	0.06369
CTA	CTC	AC	0.64875	0.03838	0.05216	-0.64875	0.07342	0.05216
CTG	TTG	CT	-2.46422	0.12622	0.02892	2.46422	0.01074	0.02892
CTG	CTT	GT	-1.27876	0.06445	0.03179	1.27876	0.01794	0.03179
CTG	CTC	GC	-1.84770	0.06716	0.02322	1.84770	0.01058	0.02322
CTG	CTA	GA	-2.49644	0.35831	0.08030	2.49644	0.02952	0.08030
CCT	TCT	CT	-0.60208	0.16830	0.12269	0.60208	0.09217	0.12269
CCT	CTT	CT	-0.63164	0.16830	0.12071	0.63164	0.08949	0.12071
CCC	TCC	CT	-0.08687	0.11420	0.10931	0.08687	0.10470	0.10931
CCC	CTC	CT	-0.77151	0.11420	0.07576	0.77151	0.05280	0.07576
CCC	CCT	CT	0.42907	0.11420	0.14045	-0.42907	0.17540	0.14045
CCA	TCA	CT	-1.79571	0.09703	0.03468	1.79571	0.01611	0.03468
CCA	CTA	CT	-0.25527	0.09703	0.08517	0.25527	0.07517	0.08517
CCA	CCT	AT	1.59406	0.04954	0.09910	-1.59406	0.24392	0.09910
CCA	CCC	AC	1.16499	0.05163	0.08741	-1.16499	0.16552	0.08741
CCG	TCG	CT	-8.36722	0.02147	0.00004	8.36722	0.00000	0.00000
CCG	CTG	CT	1.81286	0.02147	0.04651	-1.81286	0.13155	0.04651
CCG	CCT	GT	1.16574	0.01096	0.01856	-1.16574	0.03516	0.01856
CCG	CCC	GC	0.73667	0.01142	0.01614	-0.73667	0.02386	0.01614
CCG	CCA	GA	-0.42832	0.06094	0.04882	0.42832	0.03971	0.04882
CAT	TAT	CT	0.42526	0.04036	0.04955	-0.42526	0.06175	0.04955
CAT	CTT	AT	1.79835	0.02061	0.04441	-1.79835	0.12445	0.04441
CAT	CCT	AC	2.42999	0.02147	0.05722	-2.42999	0.24392	0.05722
CAC	TAC	CT	-4.13308	0.05581	0.00376	4.13308	0.00089	0.00376
CAC	CTC	AT	0.94648	0.02850	0.04408	-0.94648	0.07342	0.04408
CAC	CCC	AC	1.71799	0.02970	0.06218	-1.71799	0.16552	0.06218
CAC	CAT	CT	-0.28294	0.05581	0.04829	0.28294	0.04206	0.04829
CAA	CTA	AT	1.13034	0.03376	0.05636	-1.13034	0.10454	0.05636
CAA	CCA	AC	1.38561	0.03518	0.06501	-1.38561	0.14063	0.06501
CAA	CAT	AT	0.54967	0.03376	0.04388	-0.54967	0.05849	0.04388
CAA	CAC	AC	0.83261	0.03518	0.05184	-0.83261	0.08089	0.05184
CAG	CTG	AT	1.28017	0.05085	0.09017	-1.28017	0.18294	0.09017
CAG	CCG	AC	-0.53269	0.05300	0.04013	0.53269	0.03111	0.04013
CAG	CAT	GT	-1.79694	0.05085	0.01816	1.79694	0.00843	0.01816
CAG	CAC	GC	-1.51401	0.05300	0.02264	1.51401	0.01166	0.02264
CAG	CAA	GA	-2.34661	0.28275	0.07021	2.34661	0.02706	0.07021
CGT	TGT	CT	-9.17369	0.04809	0.00005	9.17369	0.00000	0.00000
CGT	CTT	GT	-0.31368	0.02455	0.02090	0.31368	0.01794	0.02090
CGT	CCT	GC	0.31796	0.02559	0.02987	-0.31796	0.03516	0.02987
CGT	CAT	GA	-2.11203	0.13650	0.03968	2.11203	0.01652	0.03968
CGC	TGC	CT	7.93900	0.00000	0.00000	-7.93900	0.01342	0.00004
CGC	CTC	GT	8.37368	0.00000	0.00000	-8.37368	0.01058	0.00002
CGC	CCC	GC	9.14519	0.00000	0.00000	-9.14519	0.02386	0.00002
CGC	CAC	GA	7.42720	0.00000	0.00000	-7.42720	0.02284	0.00010
CGC	CGT	CT	9.25630	0.00000	0.00000	-9.25630	0.05011	0.00004
CGA	CTA	GT	1.92788	0.00219	0.00495	-1.92788	0.01507	0.00495
CGA	CCA	GC	2.18315	0.00228	0.00562	-2.18315	0.02027	0.00562
CGA	CAA	GA	0.79754	0.01219	0.01769	-0.79754	0.02706	0.01769
CGA	CGT	AT	3.45924	0.00219	0.00783	-3.45924	0.06969	0.00783
CGA	CGC	AC	-5.79705	0.00228	0.00004	5.79705	0.00000	0.00000
CGG	TGG	CT	-1.71655	0.02490	0.00936	1.71655	0.00447	0.00936
CGG	CTG	GT	0.72964	0.01271	0.01791	-0.72964	0.02637	0.01791
CGG	CCG	GC	-1.08322	0.01325	0.00734	1.08322	0.00449	0.00734
CGG	CAG	GA	-0.55053	0.07069	0.05301	0.55053	0.04076	0.05301
CGG	CGT	GT	-0.23544	0.01271	0.01128	0.23544	0.01005	0.01128
CGG	CGC	GC	-9.49174	0.01325	0.00001	9.49174	0.00000	0.00000
CGG	CGA	GA	-3.69469	0.07069	0.00666	3.69469	0.00176	0.00666
ATT	TTT	AT	1.97286	0.04603	0.10548	-1.97286	0.33103	0.10548
ATT	CTT	AC	0.95324	0.04797	0.07442	-0.95324	0.12445	0.07442
ATC	TTC	AT	1.45855	0.02981	0.05666	-1.45855	0.12818	0.05666
ATC	CTC	AC	0.86006	0.03107	0.04632	-0.86006	0.07342	0.04632
ATC	ATT	CT	0.47576	0.05839	0.07338	-0.47576	0.09396	0.07338
ATA	TTA	AT	2.50967	0.00526	0.01437	-2.50967	0.06471	0.01437
ATA	CTA	AC	2.94794	0.00548	0.01706	-2.94794	0.10454	0.01706
ATA	ATT	AT	3.21238	0.00526	0.01761	-3.21238	0.13067	0.01761
ATA	ATC	AC	2.73663	0.00548	0.01604	-2.73663	0.08462	0.01604
ATG	TTG	AT	-1.60166	0.07409	0.02996	1.60166	0.01493	0.02996
ATG	CTG	AC	0.86256	0.07721	0.11524	-0.86256	0.18294	0.11524
ATG	ATT	GT	-1.36944	0.07409	0.03459	1.36944	0.01884	0.03459
ATG	ATC	GC	-1.84519	0.07721	0.02673	1.84519	0.01220	0.02673
ATG	ATA	GA	-4.58182	0.41193	0.01952	4.58182	0.00422	0.01952
ACT	TCT	AT	5.67806	0.00044	0.00250	-5.67806	0.12818	0.00250
ACT	CCT	AC	6.28014	0.00046	0.00287	-6.28014	0.24392	0.00287
ACT	ATT	CT	4.69526	0.00086	0.00407	-4.69526	0.09396	0.00407
ACC	TCC	AT	1.09597	0.04866	0.08011	-1.09597	0.14560	0.08011
ACC	CCC	AC	1.18284	0.05071	0.08649	-1.18284	0.16552	0.08649
ACC	ATC	CT	-0.44872	0.09531	0.07552	0.44872	0.06085	0.07552
ACC	ACT	CT	-4.66823	0.09531	0.00422	4.66823	0.00089	0.00422
ACA	TCA	AT	-0.63065	0.04209	0.03020	0.63065	0.02240	0.03020
ACA	CCA	AC	1.16506	0.04386	0.07426	-1.16506	0.14063	0.07426
ACA	ATA	CT	-2.03814	0.08243	0.02516	2.03814	0.01074	0.02516
ACA	ACT	AT	-3.52102	0.04209	0.00452	3.52102	0.00124	0.00452
ACA	ACC	AC	1.14721	0.04386	0.07373	-1.14721	0.13814	0.07373
ACG	TCG	AT	-5.53261	0.00175	0.00004	5.53261	0.00000	0.00000
ACG	CCG	AC	2.83461	0.00183	0.00550	-2.83461	0.03111	0.00550
ACG	ATG	CT	3.78491	0.00343	0.01330	-3.78491	0.15123	0.01330
ACG	ACT	GT	-2.27979	0.00175	0.00046	2.27979	0.00018	0.00046
ACG	ACC	GC	2.38843	0.00183	0.00481	-2.38843	0.01991	0.00481
ACG	ACA	GA	1.24123	0.00975	0.01702	-1.24123	0.03373	0.01702
AAT	TAT	AT	0.05169	0.08154	0.08367	-0.05169	0.08587	0.08367
AAT	CAT	AC	-0.37357	0.08498	0.07009	0.37357	0.05849	0.07009
AAT	ATT	AT	0.47154	0.08154	0.10227	-0.47154	0.13067	0.10227
AAT	ACT	AC	-4.22372	0.08498	0.00533	4.22372	0.00124	0.00533
AAC	TAC	AT	-4.10996	0.07584	0.00520	4.10996	0.00124	0.00520
AAC	CAC	AC	0.02312	0.07904	0.07996	-0.02312	0.08089	0.07996
AAC	ATC	AT	0.10954	0.07584	0.08007	-0.10954	0.08462	0.08007
AAC	ACC	AC	0.55826	0.07904	0.10315	-0.55826	0.13814	0.10315
AAC	AAT	CT	0.11376	0.14855	0.15716	-0.11376	0.16645	0.15716
AAA	CAA	AC	0.46303	0.06031	0.07535	-0.46303	0.09582	0.07535
AAA	ATA	AT	-1.35457	0.05787	0.02726	1.35457	0.01493	0.02726
AAA	ACA	AC	0.68357	0.06031	0.08325	-0.68357	0.11947	0.08325
AAA	AAT	AT	1.38627	0.05787	0.10696	-1.38627	0.23147	0.10696
AAA	AAC	AC	1.27252	0.06031	0.10661	-1.27252	0.21529	0.10661
AAG	CAG	AC	-0.01271	0.14621	0.14528	0.01271	0.14436	0.14528
AAG	ATG	AT	0.40491	0.14029	0.17060	-0.40491	0.21032	0.17060
AAG	ACG	AC	-3.38000	0.14621	0.01742	3.38000	0.00498	0.01742
AAG	AAT	GT	-1.43607	0.14029	0.06288	1.43607	0.03337	0.06288
AAG	AAC	GC	-1.54983	0.14621	0.06107	1.54983	0.03104	0.06107
AAG	AAA	GA	-2.82235	0.77999	0.13919	2.82235	0.04638	0.13919
AGT	TGT	AT	1.04333	0.00000	0.00000	-1.04333	0.00000	0.00000
AGT	CGT	AC	10.21702	0.00000	0.00000	-10.21702	0.06969	0.00003
AGT	ATT	GT	8.95010	0.00000	0.00000	-8.95010	0.01884	0.00002
AGT	ACT	GC	4.25484	0.00000	0.00000	-4.25484	0.00018	0.00001
AGT	AAT	GA	8.47856	0.00000	0.00000	-8.47856	0.06536	0.00012
AGC	TGC	AT	-0.30906	0.02543	0.02170	0.30906	0.01867	0.02170
AGC	CGC	AC	-8.24806	0.02650	0.00006	8.24806	0.00000	0.00000
AGC	ATC	GT	-0.73443	0.02543	0.01722	0.73443	0.01220	0.01722
AGC	ACC	GC	-0.28572	0.02650	0.02289	0.28572	0.01991	0.02289
AGC	AAC	GA	-0.84398	0.14137	0.09001	0.84398	0.06079	0.09001
AGC	AGT	CT	-9.20878	0.04980	0.00005	9.20878	0.00000	0.00000
AGA	CGA	AC	-0.97206	0.01645	0.00973	0.97206	0.00622	0.00973
AGA	ATA	GT	-1.99211	0.01578	0.00497	1.99211	0.00215	0.00497
AGA	ACA	GC	0.04603	0.01645	0.01683	-0.04603	0.01722	0.01683
AGA	AAA	GA	-0.63755	0.08775	0.06273	0.63755	0.04638	0.06273
AGA	AGT	AT	-7.72983	0.01578	0.00005	7.72983	0.00000	0.00000
AGA	AGC	AC	1.47895	0.01645	0.03151	-1.47895	0.07218	0.03151
AGG	TGG	AT	-1.63769	0.03200	0.01265	1.63769	0.00622	0.01265
AGG	CGG	AC	0.07886	0.03335	0.03469	-0.07886	0.03609	0.03469
AGG	ATG	GT	-0.05406	0.03200	0.03115	0.05406	0.03032	0.03115
AGG	ACG	GC	-3.83897	0.03335	0.00282	3.83897	0.00072	0.00282
AGG	AAG	GA	-0.45897	0.17794	0.14021	0.45897	0.11244	0.14021
AGG	AGT	GT	-10.37360	0.03200	0.00001	10.37360	0.00000	0.00000
AGG	AGC	GC	-1.16482	0.03335	0.01762	1.16482	0.01041	0.01762
AGG	AGA	GA	-2.64377	0.17794	0.03600	2.64377	0.01265	0.03600
GTT	TTT	GT	-0.05494	0.05042	0.04904	0.05494	0.04772	0.04904
GTT	CTT	GC	-1.07456	0.05254	0.02927	1.07456	0.01794	0.02927
GTT	ATT	GA	-2.02780	0.28031	0.08616	2.02780	0.03690	0.08616
GTC	TTC	GT	-0.71312	0.03770	0.02584	0.71312	0.01848	0.02584
GTC	CTC	GC	-1.31161	0.03929	0.01900	1.31161	0.01058	0.01900
GTC	ATC	GA	-2.17167	0.20962	0.05857	2.17167	0.02389	0.05857
GTC	GTT	CT	0.33189	0.07385	0.08678	-0.33189	0.10291	0.08678
GTA	TTA	GT	-0.07775	0.01008	0.00970	0.07775	0.00933	0.00970
GTA	CTA	GC	0.36052	0.01051	0.01252	-0.36052	0.01507	0.01252
GTA	ATA	GA	-2.58742	0.05606	0.01180	2.58742	0.00422	0.01180
GTA	GTT	AT	2.65277	0.01008	0.02878	-2.65277	0.14311	0.02878
GTA	GTC	AC	2.32088	0.01051	0.02704	-2.32088	0.10702	0.02704
GTG	TTG	GT	-2.62810	0.02981	0.00610	2.62810	0.00215	0.00610
GTG	CTG	GC	-0.16388	0.03107	0.02859	0.16388	0.02637	0.02859
GTG	ATG	GA	-1.02644	0.16575	0.09499	1.02644	0.05938	0.09499
GTG	GTT	GT	-0.36808	0.02981	0.02466	0.36808	0.02063	0.02466
GTG	GTC	GC	-0.69996	0.03107	0.02145	0.69996	0.01543	0.02145
GTG	GTA	GA	-3.02084	0.16575	0.02567	3.02084	0.00808	0.02567
GCT	TCT	GT	-1.46278	0.07979	0.03518	1.46278	0.01848	0.03518
GCT	CCT	GC	-0.86069	0.08315	0.05244	0.86069	0.03516	0.05244
GCT	ACT	GA	-7.14083	0.44362	0.00251	7.14083	0.00035	0.00251
GCT	GTT	CT	-0.41777	0.15628	0.12590	0.41777	0.10291	0.12590
GCC	TCC	GT	-1.56505	0.10039	0.04153	1.56505	0.02099	0.04153
GCC	CCC	GC	-1.47818	0.10463	0.04569	1.47818	0.02386	0.04569
GCC	ACC	GA	-2.66102	0.55818	0.11159	2.66102	0.03900	0.11159
GCC	GTC	CT	-0.93807	0.19664	0.11862	0.93807	0.07696	0.11862
GCC	GCT	CT	-0.18841	0.19664	0.17869	0.18841	0.16287	0.17869
GCA	TCA	GT	-3.40129	0.09689	0.01136	3.40129	0.00323	0.01136
GCA	CCA	GC	-1.60558	0.10097	0.04073	1.60558	0.02027	0.04073
GCA	ACA	GA	-2.77064	0.53868	0.09971	2.77064	0.03373	0.09971
GCA	GTA	CT	-2.22137	0.18977	0.05128	2.22137	0.02058	0.05128
GCA	GCT	AT	0.84917	0.09689	0.14378	-0.84917	0.22649	0.14378
GCA	GCC	AC	1.03758	0.10097	0.16226	-1.03758	0.28499	0.16226
GCG	TCG	GT	-9.84434	0.01885	0.00001	9.84434	0.00000	0.00000
GCG	CCG	GC	-1.47713	0.01965	0.00858	1.47713	0.00449	0.00858
GCG	ACG	GA	-4.31173	0.10481	0.00614	4.31173	0.00141	0.00614
GCG	GTG	CT	0.49961	0.03692	0.04691	-0.49961	0.06085	0.04691
GCG	GCT	GT	0.54931	0.01885	0.02450	-0.54931	0.03265	0.02450
GCG	GCC	GC	0.73772	0.01965	0.02778	-0.73772	0.04108	0.02778
GCG	GCA	GA	-0.29987	0.10481	0.08988	0.29987	0.07766	0.08988
GAT	TAT	GT	-1.07823	0.03639	0.02023	1.07823	0.01238	0.02023
GAT	CAT	GC	-1.50350	0.03792	0.01630	1.50350	0.00843	0.01630
GAT	AAT	GA	-1.12992	0.20231	0.10909	1.12992	0.06536	0.10909
GAT	GTT	AT	1.36942	0.03639	0.06682	-1.36942	0.14311	0.06682
GAT	GCT	AC	1.78719	0.03792	0.08140	-1.78719	0.22649	0.08140
GAC	TAC	GT	-6.20177	0.08856	0.00111	6.20177	0.00018	0.00111
GAC	CAC	GC	-2.06868	0.09229	0.02761	2.06868	0.01166	0.02761
GAC	AAC	GA	-2.09180	0.49237	0.14507	2.09180	0.06079	0.14507
GAC	GTC	AT	0.18941	0.08856	0.09721	-0.18941	0.10702	0.09721
GAC	GCC	AC	1.12748	0.09229	0.15390	-1.12748	0.28499	0.15390
GAC	GAT	CT	-0.84812	0.17345	0.11017	0.84812	0.07428	0.11017
GAA	CAA	GC	-2.26088	0.13250	0.03487	2.26088	0.01381	0.03487
GAA	AAA	GA	-2.72391	0.70687	0.13522	2.72391	0.04638	0.13522
GAA	GTA	AT	-1.49106	0.12714	0.05508	1.49106	0.02862	0.05508
GAA	GCA	AC	0.73031	0.13250	0.18672	-0.73031	0.27503	0.18672
GAA	GAT	AT	-0.20771	0.12714	0.11439	0.20771	0.10329	0.11439
GAA	GAC	AC	0.64041	0.13250	0.17942	-0.64041	0.25138	0.17942
GAG	CAG	GC	-1.25012	0.07265	0.03646	1.25012	0.02081	0.03646
GAG	AAG	GA	-1.23741	0.38756	0.19601	1.23741	0.11244	0.19601
GAG	GTG	AT	0.19393	0.06971	0.07668	-0.19393	0.08462	0.07668
GAG	GCG	AC	-0.30568	0.07265	0.06211	0.30568	0.05351	0.06211
GAG	GAT	GT	-1.54356	0.06971	0.02923	1.54356	0.01489	0.02923
GAG	GAC	GC	-0.69544	0.07265	0.05029	0.69544	0.03624	0.05029
GAG	GAA	GA	-1.33585	0.38756	0.18469	1.33585	0.10190	0.18469
GGT	TGT	GT	-10.95834	0.05743	0.00001	10.95834	0.00000	0.00000
GGT	CGT	GC	-1.78465	0.05985	0.02155	1.78465	0.01005	0.02155
GGT	AGT	GA	-12.00167	0.31931	0.00002	12.00167	0.00000	0.00000
GGT	GTT	GT	-1.02376	0.05743	0.03296	1.02376	0.02063	0.03296
GGT	GCT	GC	-0.60599	0.05985	0.04354	0.60599	0.03265	0.04354
GGT	GAT	GA	-2.39318	0.31931	0.07681	2.39318	0.02917	0.07681
GGC	TGC	GT	-3.22240	0.06751	0.00903	3.22240	0.00269	0.00903
GGC	CGC	GC	-11.16140	0.07036	0.00001	11.16140	0.00000	0.00000
GGC	AGC	GA	-2.91334	0.37537	0.06278	2.91334	0.02038	0.06278
GGC	GTC	GT	-1.47610	0.06751	0.02952	1.47610	0.01543	0.02952
GGC	GCC	GC	-0.53803	0.07036	0.05312	0.53803	0.04108	0.05312
GGC	GAC	GA	-1.66551	0.37537	0.14579	1.66551	0.07098	0.14579
GGC	GGT	CT	-0.12045	0.13224	0.12443	0.12045	0.11723	0.12443
GGA	CGA	GC	-2.65757	0.01279	0.00256	2.65757	0.00090	0.00256
GGA	AGA	GA	-1.68551	0.06825	0.02617	1.68551	0.01265	0.02617
GGA	GTA	GT	-1.09021	0.01228	0.00678	1.09021	0.00413	0.00678
GGA	GCA	GC	1.13116	0.01279	0.02136	-1.13116	0.03965	0.02136
GGA	GAA	GA	0.40085	0.06825	0.08284	-0.40085	0.10190	0.08284
GGA	GGT	AT	2.58632	0.01228	0.03433	-2.58632	0.16303	0.03433
GGA	GGC	AC	2.70677	0.01279	0.03710	-2.70677	0.19165	0.03710
GGG	TGG	GT	-0.38267	0.00132	0.00108	0.38267	0.00090	0.00108
GGG	CGG	GC	1.33388	0.00137	0.00248	-1.33388	0.00520	0.00248
GGG	AGG	GA	1.25502	0.00731	0.01284	-1.25502	0.02565	0.01284
GGG	GTG	GT	2.22740	0.00132	0.00328	-2.22740	0.01220	0.00328
GGG	GCG	GC	1.72779	0.00137	0.00288	-1.72779	0.00771	0.00288
GGG	GAG	GA	2.03346	0.00731	0.01711	-2.03346	0.05587	0.01711
GGG	GGT	GT	2.88309	0.00132	0.00402	-2.88309	0.02350	0.00402
GGG	GGC	GC	3.00354	0.00137	0.00433	-3.00354	0.02763	0.00433
GGG	GGA	GA	0.29676	0.00731	0.00845	-0.29676	0.00984	0.00845


Histograms
2Ns	FMut	FSub(CodonUsage)	FSubw(after w)

-11.43016	0.01221	0.00000
-10.28714	0.00460	0.00000
-9.14413	0.00715	0.00001
-8.00111	0.00561	0.00002
-6.85810	0.01274	0.00011
-5.71508	0.02034	0.00049
-4.57206	0.02789	0.00224
-3.42905	0.04508	0.00957
-2.28603	0.24402	0.09118
-1.14302	0.28650	0.23770
0.00000	0.21192	0.31741
1.14302	0.09616	0.23770
2.28603	0.02346	0.09118
3.42905	0.00192	0.00957
4.57206	0.00033	0.00224
5.71508	0.00005	0.00048
6.85810	0.00001	0.00010
8.00111	0.00000	0.00000
9.14413	0.00000	0.00000
10.28714	0.00000	0.00000
11.43016	0.00000	0.00000

Proportion of advantageous (S > 0) mutations:
 0.21251

Proportions of good & bad mutations (|S| > 2.0000) among mutations:
0.01967  0.34156

mean |Ns| = 1.91874	mean Ns+ = 0.87977	mean Ns- = -2.19912


MLEs of dN/dS (w) for site classes (K=4)

site class             0        1       2a       2b
proportion       0.83476  0.16044  0.00403  0.00077
background w     0.10138  2.13686  0.10138  2.13686
foreground w     0.10138  2.13686 85.18996 85.18996

Naive Empirical Bayes (NEB) probabilities for 4 classes
(amino acids refer to 1st sequence: Naasi)

   1 M   0.92642 0.07348 0.00009 0.00001 ( 1)
   2 H   0.97540 0.02460 0.00000 0.00000 ( 1)
   3 A   0.90774 0.09199 0.00024 0.00003 ( 1)
   4 L   0.94603 0.05394 0.00002 0.00000 ( 1)
   5 I   0.78979 0.21019 0.00002 0.00000 ( 1)
   6 P   0.33038 0.62408 0.04133 0.00422 ( 2)
   7 F   0.31898 0.68063 0.00011 0.00027 ( 2)
   8 N   0.92280 0.07708 0.00011 0.00001 ( 1)
   9 A   0.89894 0.10065 0.00036 0.00004 ( 1)
  10 L   0.90448 0.09515 0.00033 0.00004 ( 1)
  11 G   0.88504 0.11424 0.00063 0.00009 ( 1)
  12 P   0.00115 0.04480 0.86701 0.08704 ( 3)
  13 P   0.90643 0.09326 0.00028 0.00003 ( 1)
  14 S   0.96868 0.03132 0.00000 0.00000 ( 1)
  15 R   0.94741 0.05258 0.00000 0.00000 ( 1)
  16 H   0.95530 0.04470 0.00000 0.00000 ( 1)
  17 Q   0.04727 0.95273 0.00000 0.00000 ( 2)
  18 S   0.94621 0.05378 0.00000 0.00000 ( 1)
  19 V   0.95892 0.04108 0.00000 0.00000 ( 1)
  20 D   0.98398 0.01602 0.00000 0.00000 ( 1)
  21 Q   0.95428 0.04572 0.00000 0.00000 ( 1)
  22 A   0.44012 0.55975 0.00012 0.00001 ( 2)
  23 N   0.96027 0.03973 0.00000 0.00000 ( 1)
  24 H   0.59333 0.40667 0.00000 0.00000 ( 1)
  25 H   0.97015 0.02985 0.00000 0.00000 ( 1)
  26 S   0.44560 0.55439 0.00000 0.00000 ( 2)
  27 S   0.95549 0.04451 0.00000 0.00000 ( 1)
  28 S   0.44686 0.55314 0.00000 0.00000 ( 2)
  29 K   0.93407 0.06592 0.00001 0.00000 ( 1)
  30 N   0.94405 0.05594 0.00000 0.00000 ( 1)
  31 Q   0.95571 0.04429 0.00000 0.00000 ( 1)
  32 F   0.92721 0.07278 0.00001 0.00000 ( 1)
  33 D   0.96302 0.03698 0.00000 0.00000 ( 1)
  34 R   0.93839 0.06161 0.00000 0.00000 ( 1)
  35 F   0.47433 0.52541 0.00025 0.00002 ( 2)
  36 F   0.93002 0.06996 0.00001 0.00000 ( 1)
  37 R   0.94870 0.05130 0.00000 0.00000 ( 1)
  38 R   0.51459 0.48541 0.00000 0.00000 ( 1)
  39 F   0.48836 0.51164 0.00000 0.00000 ( 2)
  40 S   0.94739 0.05260 0.00000 0.00000 ( 1)
  41 F   0.00196 0.99803 0.00000 0.00000 ( 2)
  42 F   0.00160 0.99822 0.00005 0.00013 ( 2)
  43 F   0.92661 0.07338 0.00001 0.00000 ( 1)
  44 F   0.90367 0.09629 0.00003 0.00000 ( 1)
  45 K   0.90358 0.09636 0.00005 0.00001 ( 1)
  46 P   0.44466 0.55467 0.00063 0.00005 ( 2)
  47 I   0.09221 0.90779 0.00000 0.00000 ( 2)
  48 L   0.96981 0.03019 0.00000 0.00000 ( 1)
  49 L   0.04388 0.95611 0.00000 0.00000 ( 2)
  50 N   0.96431 0.03569 0.00000 0.00000 ( 1)
  51 T   0.05104 0.94896 0.00000 0.00000 ( 2)
  52 M   0.95744 0.04256 0.00000 0.00000 ( 1)
  53 A   0.92471 0.07529 0.00001 0.00000 ( 1)
  54 P   0.94771 0.05229 0.00000 0.00000 ( 1)
  55 K   0.94210 0.05789 0.00000 0.00000 ( 1)
  56 K   0.94210 0.05789 0.00000 0.00000 ( 1)
  57 D   0.97350 0.02650 0.00000 0.00000 ( 1)
  58 V   0.96762 0.03238 0.00000 0.00000 ( 1)
  59 K   0.94210 0.05789 0.00000 0.00000 ( 1)
  60 K   0.97679 0.02321 0.00000 0.00000 ( 1)
  61 P   0.47840 0.52160 0.00000 0.00000 ( 2)
  62 A   0.92523 0.07477 0.00000 0.00000 ( 1)
  63 A   0.93585 0.06415 0.00000 0.00000 ( 1)
  64 A   0.92523 0.07477 0.00000 0.00000 ( 1)
  65 A   0.36761 0.63239 0.00000 0.00000 ( 2)
  66 -   0.92865 0.07135 0.00000 0.00000 ( 1)
  67 -   0.93880 0.06120 0.00000 0.00000 ( 1)
  68 A   0.93695 0.06305 0.00000 0.00000 ( 1)
  69 P   0.92962 0.07037 0.00000 0.00000 ( 1)
  70 A   0.93070 0.06924 0.00005 0.00000 ( 1)
  71 P   0.91937 0.08053 0.00009 0.00001 ( 1)
  72 A   0.93682 0.06315 0.00002 0.00000 ( 1)
  73 P   0.96751 0.03249 0.00000 0.00000 ( 1)
  74 A   0.92583 0.07417 0.00001 0.00000 ( 1)
  75 P   0.51918 0.48081 0.00000 0.00000 ( 1)
  76 A   0.03250 0.96740 0.00003 0.00006 ( 2)
  77 P   0.92802 0.07197 0.00000 0.00000 ( 1)
  78 A   0.92535 0.07458 0.00006 0.00001 ( 1)
  79 P   0.92916 0.07081 0.00002 0.00000 ( 1)
  80 A   0.92471 0.07529 0.00001 0.00000 ( 1)
  81 P   0.92802 0.07197 0.00000 0.00000 ( 1)
  82 A   0.18993 0.76908 0.03761 0.00338 ( 2)
  83 P   0.94396 0.05602 0.00002 0.00000 ( 1)
  84 P   0.93869 0.06129 0.00002 0.00000 ( 1)
  85 K   0.96651 0.03349 0.00000 0.00000 ( 1)
  86 E   0.93508 0.06488 0.00003 0.00000 ( 1)
  87 A   0.02716 0.97271 0.00000 0.00013 ( 2)
  88 K   0.92978 0.07016 0.00005 0.00000 ( 1)
  89 I   0.95773 0.04227 0.00000 0.00000 ( 1)
  90 D   0.95892 0.04107 0.00000 0.00000 ( 1)
  91 L   0.96350 0.03650 0.00000 0.00000 ( 1)
  92 S   0.95119 0.04881 0.00000 0.00000 ( 1)
  93 A   0.92803 0.07192 0.00005 0.00000 ( 1)
  94 I   0.53021 0.46978 0.00000 0.00000 ( 1)
  95 E   0.00187 0.99549 0.00099 0.00165 ( 2)
  96 F   0.95580 0.04420 0.00000 0.00000 ( 1)
  97 K   0.94210 0.05789 0.00000 0.00000 ( 1)
  98 E   0.95293 0.04707 0.00000 0.00000 ( 1)
  99 A   0.92471 0.07529 0.00001 0.00000 ( 1)
 100 F   0.93513 0.06486 0.00000 0.00000 ( 1)
 101 L   0.97421 0.02579 0.00000 0.00000 ( 1)
 102 L   0.93202 0.06798 0.00000 0.00000 ( 1)
 103 Y   0.62880 0.37120 0.00000 0.00000 ( 1)
 104 D   0.97015 0.02985 0.00000 0.00000 ( 1)
 105 R   0.62885 0.37115 0.00000 0.00000 ( 1)
 106 T   0.00311 0.99689 0.00000 0.00000 ( 2)
 107 G   0.92946 0.07054 0.00000 0.00000 ( 1)
 108 D   0.98927 0.01073 0.00000 0.00000 ( 1)
 109 N   0.00016 0.99984 0.00000 0.00000 ( 2)
 110 K   0.94210 0.05789 0.00000 0.00000 ( 1)
 111 I   0.98386 0.01614 0.00000 0.00000 ( 1)
 112 T   0.64362 0.35637 0.00000 0.00000 ( 1)
 113 L   0.95743 0.04257 0.00000 0.00000 ( 1)
 114 S   0.00358 0.99642 0.00000 0.00000 ( 2)
 115 Q   0.96329 0.03671 0.00000 0.00000 ( 1)
 116 V   0.96162 0.03838 0.00000 0.00000 ( 1)
 117 G   0.90619 0.09379 0.00001 0.00000 ( 1)
 118 D   0.98927 0.01073 0.00000 0.00000 ( 1)
 119 V   0.97154 0.02846 0.00000 0.00000 ( 1)
 120 L   0.97407 0.02593 0.00000 0.00000 ( 1)
 121 R   0.95649 0.04351 0.00000 0.00000 ( 1)
 122 A   0.92523 0.07477 0.00000 0.00000 ( 1)
 123 L   0.93002 0.06998 0.00000 0.00000 ( 1)
 124 G   0.92771 0.07229 0.00000 0.00000 ( 1)
 125 T   0.96217 0.03783 0.00000 0.00000 ( 1)
 126 N   0.95203 0.04797 0.00000 0.00000 ( 1)
 127 P   0.95104 0.04896 0.00000 0.00000 ( 1)
 128 T   0.97467 0.02533 0.00000 0.00000 ( 1)
 129 N   0.95203 0.04797 0.00000 0.00000 ( 1)
 130 A   0.92471 0.07529 0.00001 0.00000 ( 1)
 131 E   0.95293 0.04707 0.00000 0.00000 ( 1)
 132 V   0.97154 0.02846 0.00000 0.00000 ( 1)
 133 K   0.94235 0.05763 0.00002 0.00000 ( 1)
 134 A   0.00278 0.99722 0.00000 0.00000 ( 2)
 135 V   0.96162 0.03838 0.00000 0.00000 ( 1)
 136 L   0.93002 0.06998 0.00000 0.00000 ( 1)
 137 G   0.98145 0.01855 0.00000 0.00000 ( 1)
 138 N   0.96814 0.03186 0.00000 0.00000 ( 1)
 139 P   0.95104 0.04896 0.00000 0.00000 ( 1)
 140 S   0.97719 0.02281 0.00000 0.00000 ( 1)
 141 N   0.47633 0.52367 0.00000 0.00000 ( 2)
 142 E   0.94781 0.05219 0.00000 0.00000 ( 1)
 143 E   0.95293 0.04707 0.00000 0.00000 ( 1)
 144 M   0.95744 0.04256 0.00000 0.00000 ( 1)
 145 N   0.95203 0.04797 0.00000 0.00000 ( 1)
 146 A   0.40870 0.59130 0.00000 0.00000 ( 2)
 147 K   0.94210 0.05789 0.00000 0.00000 ( 1)
 148 K   0.97679 0.02321 0.00000 0.00000 ( 1)
 149 I   0.96910 0.03090 0.00000 0.00000 ( 1)
 150 E   0.95239 0.04761 0.00000 0.00000 ( 1)
 151 F   0.93502 0.06495 0.00002 0.00000 ( 1)
 152 E   0.94781 0.05219 0.00000 0.00000 ( 1)
 153 Q   0.97586 0.02414 0.00000 0.00000 ( 1)
 154 F   0.93513 0.06486 0.00000 0.00000 ( 1)
 155 L   0.93002 0.06998 0.00000 0.00000 ( 1)
 156 P   0.95104 0.04896 0.00000 0.00000 ( 1)
 157 M   0.95744 0.04256 0.00000 0.00000 ( 1)
 158 M   0.65033 0.34967 0.00000 0.00000 ( 1)
 159 Q   0.97636 0.02364 0.00000 0.00000 ( 1)
 160 S   0.96308 0.03692 0.00000 0.00000 ( 1)
 161 I   0.96910 0.03090 0.00000 0.00000 ( 1)
 162 S   0.95248 0.04752 0.00000 0.00000 ( 1)
 163 N   0.96889 0.03111 0.00000 0.00000 ( 1)
 164 N   0.61017 0.38983 0.00000 0.00000 ( 1)
 165 K   0.94210 0.05789 0.00000 0.00000 ( 1)
 166 D   0.97015 0.02985 0.00000 0.00000 ( 1)
 167 Q   0.96329 0.03671 0.00000 0.00000 ( 1)
 168 G   0.92771 0.07229 0.00000 0.00000 ( 1)
 169 T   0.97467 0.02533 0.00000 0.00000 ( 1)
 170 Y   0.97542 0.02458 0.00000 0.00000 ( 1)
 171 E   0.94781 0.05219 0.00000 0.00000 ( 1)
 172 D   0.97015 0.02985 0.00000 0.00000 ( 1)
 173 F   0.93513 0.06486 0.00000 0.00000 ( 1)
 174 V   0.96162 0.03838 0.00000 0.00000 ( 1)
 175 E   0.95293 0.04707 0.00000 0.00000 ( 1)
 176 G   0.90619 0.09379 0.00001 0.00000 ( 1)
 177 L   0.93002 0.06998 0.00000 0.00000 ( 1)
 178 R   0.92945 0.07055 0.00000 0.00000 ( 1)
 179 V   0.97154 0.02846 0.00000 0.00000 ( 1)
 180 F   0.93513 0.06486 0.00000 0.00000 ( 1)
 181 D   0.97015 0.02985 0.00000 0.00000 ( 1)
 182 K   0.94210 0.05789 0.00000 0.00000 ( 1)
 183 E   0.94781 0.05219 0.00000 0.00000 ( 1)
 184 G   0.92771 0.07229 0.00000 0.00000 ( 1)
 185 N   0.95203 0.04797 0.00000 0.00000 ( 1)
 186 G   0.92771 0.07229 0.00000 0.00000 ( 1)
 187 T   0.97674 0.02326 0.00000 0.00000 ( 1)
 188 V   0.96162 0.03838 0.00000 0.00000 ( 1)
 189 M   0.95744 0.04256 0.00000 0.00000 ( 1)
 190 G   0.90619 0.09379 0.00001 0.00000 ( 1)
 191 A   0.92523 0.07477 0.00000 0.00000 ( 1)
 192 E   0.94781 0.05219 0.00000 0.00000 ( 1)
 193 L   0.97407 0.02593 0.00000 0.00000 ( 1)
 194 R   0.92945 0.07055 0.00000 0.00000 ( 1)
 195 H   0.99330 0.00670 0.00000 0.00000 ( 1)
 196 V   0.98818 0.01182 0.00000 0.00000 ( 1)
 197 L   0.93202 0.06798 0.00000 0.00000 ( 1)
 198 A   0.92523 0.07477 0.00000 0.00000 ( 1)
 199 T   0.97541 0.02459 0.00000 0.00000 ( 1)
 200 L   0.93202 0.06798 0.00000 0.00000 ( 1)
 201 G   0.89664 0.10326 0.00008 0.00001 ( 1)
 202 E   0.93595 0.06403 0.00002 0.00000 ( 1)
 203 K   0.93028 0.06968 0.00004 0.00000 ( 1)
 204 M   0.94582 0.05417 0.00001 0.00000 ( 1)
 205 K   0.96701 0.03299 0.00000 0.00000 ( 1)
 206 E   0.94117 0.05882 0.00001 0.00000 ( 1)
 207 E   0.93595 0.06403 0.00002 0.00000 ( 1)
 208 E   0.93595 0.06403 0.00002 0.00000 ( 1)
 209 V   0.95671 0.04329 0.00000 0.00000 ( 1)
 210 E   0.93595 0.06403 0.00002 0.00000 ( 1)
 211 A   0.92580 0.07417 0.00003 0.00000 ( 1)
 212 L   0.91866 0.08130 0.00004 0.00000 ( 1)
 213 M   0.42510 0.57489 0.00000 0.00001 ( 2)
 214 A   0.02648 0.94850 0.02216 0.00286 ( 2)
 215 G   0.27074 0.71795 0.00998 0.00133 ( 2)
 216 Q   0.96652 0.03348 0.00000 0.00000 ( 1)
 217 E   0.93595 0.06403 0.00002 0.00000 ( 1)
 218 D   0.95948 0.04052 0.00000 0.00000 ( 1)
 219 S   0.94073 0.05926 0.00001 0.00000 ( 1)
 220 N   0.94133 0.05867 0.00001 0.00000 ( 1)
 221 G   0.91650 0.08347 0.00003 0.00000 ( 1)
 222 C   0.95721 0.04279 0.00000 0.00000 ( 1)
 223 I   0.97553 0.02447 0.00000 0.00000 ( 1)
 224 N   0.95806 0.04194 0.00000 0.00000 ( 1)
 225 Y   0.96345 0.03655 0.00000 0.00000 ( 1)
 226 E   0.93595 0.06403 0.00002 0.00000 ( 1)


lnL = -1620.227838

Bayes Empirical Bayes (BEB) probabilities for 4 classes (class)
(amino acids refer to 1st sequence: Naasi)

   1 M   0.73968 0.22008 0.03067 0.00957 ( 1)
   2 H   0.82494 0.14505 0.02504 0.00497 ( 1)
   3 A   0.71780 0.23921 0.03200 0.01100 ( 1)
   4 L   0.76675 0.19622 0.02907 0.00796 ( 1)
   5 I   0.26973 0.59834 0.10383 0.02810 ( 2)
   6 P   0.09549 0.50865 0.30009 0.09577 ( 2)
   7 F   0.14710 0.80862 0.00660 0.03768 ( 2)
   8 N   0.73502 0.22391 0.03117 0.00990 ( 1)
   9 A   0.70839 0.24723 0.03270 0.01168 ( 1)
  10 L   0.71394 0.24221 0.03253 0.01133 ( 1)
  11 G   0.69472 0.25903 0.03356 0.01268 ( 1)
  12 P   0.00325 0.23521 0.57606 0.18548 ( 3)
  13 P   0.71798 0.24102 0.03036 0.01064 ( 1)
  14 S   0.81118 0.16034 0.02322 0.00526 ( 1)
  15 R   0.77114 0.19520 0.02635 0.00731 ( 1)
  16 H   0.78451 0.18359 0.02531 0.00658 ( 1)
  17 Q   0.01903 0.94568 0.00061 0.03468 ( 2)
  18 S   0.76889 0.19681 0.02682 0.00748 ( 1)
  19 V   0.79633 0.17889 0.01952 0.00525 ( 1)
  20 D   0.85930 0.12371 0.01422 0.00277 ( 1)
  21 Q   0.78776 0.18619 0.02037 0.00568 ( 1)
  22 A   0.12917 0.57516 0.22863 0.06705 ( 2)
  23 N   0.79911 0.17635 0.01940 0.00515 ( 1)
  24 H   0.22339 0.75167 0.00478 0.02017 ( 2)
  25 H   0.81983 0.15822 0.01770 0.00424 ( 1)
  26 S   0.18031 0.78774 0.00528 0.02667 ( 2)
  27 S   0.78961 0.18437 0.02040 0.00562 ( 1)
  28 S   0.18059 0.78813 0.00517 0.02611 ( 2)
  29 K   0.75546 0.21308 0.02391 0.00756 ( 1)
  30 N   0.77038 0.20060 0.02235 0.00667 ( 1)
  31 Q   0.79005 0.18391 0.02043 0.00561 ( 1)
  32 F   0.74598 0.22102 0.02485 0.00814 ( 1)
  33 D   0.80424 0.17166 0.01916 0.00494 ( 1)
  34 R   0.76143 0.20809 0.02330 0.00718 ( 1)
  35 F   0.13554 0.56710 0.23285 0.06451 ( 2)
  36 F   0.74930 0.21772 0.02496 0.00802 ( 1)
  37 R   0.77727 0.19431 0.02208 0.00635 ( 1)
  38 R   0.19695 0.77219 0.00556 0.02531 ( 2)
  39 F   0.19183 0.77763 0.00533 0.02521 ( 2)
  40 S   0.77511 0.19609 0.02233 0.00648 ( 1)
  41 F   0.00204 0.96929 0.00005 0.02861 ( 2)
  42 F   0.00169 0.88899 0.00191 0.10742 ( 2)
  43 F   0.74714 0.22109 0.02387 0.00789 ( 1)
  44 F   0.71972 0.24538 0.02544 0.00946 ( 1)
  45 K   0.71715 0.24495 0.02779 0.01010 ( 1)
  46 P   0.12855 0.56689 0.23628 0.06828 ( 2)
  47 I   0.02593 0.95039 0.00047 0.02321 ( 2)
  48 L   0.81843 0.15876 0.01842 0.00439 ( 1)
  49 L   0.01648 0.86085 0.02249 0.10018 ( 2)
  50 N   0.80641 0.16908 0.01957 0.00494 ( 1)
  51 T   0.01982 0.95058 0.00056 0.02903 ( 2)
  52 M   0.79389 0.18121 0.01956 0.00535 ( 1)
  53 A   0.74308 0.22411 0.02460 0.00821 ( 1)
  54 P   0.77674 0.19586 0.02118 0.00622 ( 1)
  55 K   0.76786 0.20325 0.02216 0.00673 ( 1)
  56 K   0.76786 0.20325 0.02216 0.00673 ( 1)
  57 D   0.83001 0.15084 0.01548 0.00366 ( 1)
  58 V   0.81460 0.16339 0.01762 0.00439 ( 1)
  59 K   0.76786 0.20325 0.02216 0.00673 ( 1)
  60 K   0.83747 0.14325 0.01578 0.00351 ( 1)
  61 P   0.19069 0.78625 0.00362 0.01945 ( 2)
  62 A   0.74374 0.22362 0.02448 0.00815 ( 1)
  63 A   0.75871 0.21145 0.02267 0.00718 ( 1)
  64 A   0.74374 0.22362 0.02448 0.00815 ( 1)
  65 A   0.15965 0.80580 0.00519 0.02936 ( 2)
  66 -   0.74991 0.22021 0.02241 0.00747 ( 1)
  67 -   0.76447 0.20808 0.02085 0.00661 ( 1)
  68 A   0.76011 0.21005 0.02271 0.00713 ( 1)
  69 P   0.74940 0.21852 0.02422 0.00786 ( 1)
  70 A   0.74510 0.21574 0.02999 0.00916 ( 1)
  71 P   0.73146 0.22819 0.03041 0.00994 ( 1)
  72 A   0.75944 0.21002 0.02327 0.00727 ( 1)
  73 P   0.81306 0.16344 0.01888 0.00462 ( 1)
  74 A   0.74435 0.22284 0.02464 0.00816 ( 1)
  75 P   0.19957 0.76631 0.00642 0.02770 ( 2)
  76 A   0.01425 0.84926 0.02289 0.11360 ( 2)
  77 P   0.74751 0.22040 0.02416 0.00793 ( 1)
  78 A   0.74417 0.22337 0.02434 0.00812 ( 1)
  79 P   0.74952 0.21919 0.02355 0.00774 ( 1)
  80 A   0.74308 0.22411 0.02460 0.00821 ( 1)
  81 P   0.74751 0.22040 0.02416 0.00793 ( 1)
  82 A   0.04328 0.38058 0.44089 0.13525 ( 3)
  83 P   0.77049 0.20089 0.02201 0.00660 ( 1)
  84 P   0.75720 0.20644 0.02812 0.00824 ( 1)
  85 K   0.80570 0.16413 0.02453 0.00564 ( 1)
  86 E   0.75259 0.21038 0.02850 0.00853 ( 1)
  87 A   0.01490 0.94274 0.00062 0.04175 ( 2)
  88 K   0.74504 0.21691 0.02906 0.00899 ( 1)
  89 I   0.78807 0.17962 0.02579 0.00651 ( 1)
  90 D   0.79038 0.17757 0.02566 0.00640 ( 1)
  91 L   0.79928 0.16981 0.02496 0.00594 ( 1)
  92 S   0.77654 0.18969 0.02665 0.00712 ( 1)
  93 A   0.74224 0.21896 0.02958 0.00922 ( 1)
  94 I   0.20244 0.76317 0.00660 0.02779 ( 2)
  95 E   0.00105 0.58805 0.07142 0.33948 ( 2)
  96 F   0.79081 0.18387 0.01983 0.00549 ( 1)
  97 K   0.76786 0.20325 0.02216 0.00673 ( 1)
  98 E   0.78566 0.18828 0.02031 0.00575 ( 1)
  99 A   0.74308 0.22411 0.02460 0.00821 ( 1)
 100 F   0.75743 0.21205 0.02318 0.00733 ( 1)
 101 L   0.83045 0.14952 0.01628 0.00375 ( 1)
 102 L   0.75296 0.21596 0.02351 0.00757 ( 1)
 103 Y   0.18195 0.57528 0.19813 0.04464 ( 2)
 104 D   0.82049 0.15818 0.01718 0.00416 ( 1)
 105 R   0.23560 0.74093 0.00465 0.01882 ( 2)
 106 T   0.00246 0.96915 0.00006 0.02833 ( 2)
 107 G   0.75022 0.21918 0.02302 0.00758 ( 1)
 108 D   0.88041 0.10516 0.01232 0.00211 ( 1)
 109 N   0.00035 0.91584 0.00020 0.08361 ( 2)
 110 K   0.76786 0.20325 0.02216 0.00673 ( 1)
 111 I   0.85919 0.12410 0.01396 0.00275 ( 1)
 112 T   0.18955 0.58190 0.18695 0.04160 ( 2)
 113 L   0.79376 0.18147 0.01944 0.00532 ( 1)
 114 S   0.00261 0.97215 0.00005 0.02519 ( 2)
 115 Q   0.80535 0.17137 0.01848 0.00480 ( 1)
 116 V   0.80190 0.17442 0.01874 0.00495 ( 1)
 117 G   0.72043 0.24277 0.02703 0.00977 ( 1)
 118 D   0.88041 0.10516 0.01232 0.00211 ( 1)
 119 V   0.82370 0.15548 0.01681 0.00401 ( 1)
 120 L   0.83007 0.14985 0.01631 0.00377 ( 1)
 121 R   0.79198 0.18302 0.01960 0.00540 ( 1)
 122 A   0.74374 0.22362 0.02448 0.00815 ( 1)
 123 L   0.75019 0.21822 0.02383 0.00775 ( 1)
 124 G   0.74703 0.22095 0.02410 0.00793 ( 1)
 125 T   0.80307 0.17335 0.01868 0.00490 ( 1)
 126 N   0.78414 0.18953 0.02049 0.00584 ( 1)
 127 P   0.78236 0.19109 0.02063 0.00592 ( 1)
 128 T   0.83166 0.14842 0.01620 0.00371 ( 1)
 129 N   0.78414 0.18953 0.02049 0.00584 ( 1)
 130 A   0.74308 0.22411 0.02460 0.00821 ( 1)
 131 E   0.78566 0.18828 0.02031 0.00575 ( 1)
 132 V   0.82370 0.15548 0.01681 0.00401 ( 1)
 133 K   0.76824 0.20258 0.02238 0.00680 ( 1)
 134 A   0.00235 0.97218 0.00006 0.02540 ( 2)
 135 V   0.80190 0.17442 0.01874 0.00495 ( 1)
 136 L   0.75019 0.21822 0.02383 0.00775 ( 1)
 137 G   0.85102 0.13145 0.01453 0.00300 ( 1)
 138 N   0.81543 0.16142 0.01860 0.00456 ( 1)
 139 P   0.78236 0.19109 0.02063 0.00592 ( 1)
 140 S   0.83842 0.14252 0.01560 0.00345 ( 1)
 141 N   0.18878 0.78114 0.00513 0.02495 ( 2)
 142 E   0.77701 0.19550 0.02126 0.00623 ( 1)
 143 E   0.78566 0.18828 0.02031 0.00575 ( 1)
 144 M   0.79389 0.18121 0.01956 0.00535 ( 1)
 145 N   0.78414 0.18953 0.02049 0.00584 ( 1)
 146 A   0.17045 0.79734 0.00506 0.02715 ( 2)
 147 K   0.76786 0.20325 0.02216 0.00673 ( 1)
 148 K   0.83747 0.14325 0.01578 0.00351 ( 1)
 149 I   0.81795 0.16048 0.01732 0.00425 ( 1)
 150 E   0.78518 0.18876 0.02030 0.00576 ( 1)
 151 F   0.75713 0.21182 0.02359 0.00746 ( 1)
 152 E   0.77701 0.19550 0.02126 0.00623 ( 1)
 153 Q   0.83455 0.14511 0.01662 0.00372 ( 1)
 154 F   0.75743 0.21205 0.02318 0.00733 ( 1)
 155 L   0.75019 0.21822 0.02383 0.00775 ( 1)
 156 P   0.78236 0.19109 0.02063 0.00592 ( 1)
 157 M   0.79389 0.18121 0.01956 0.00535 ( 1)
 158 M   0.24279 0.73518 0.00442 0.01761 ( 2)
 159 Q   0.83624 0.14437 0.01585 0.00354 ( 1)
 160 S   0.80485 0.17186 0.01847 0.00481 ( 1)
 161 I   0.81795 0.16048 0.01732 0.00425 ( 1)
 162 S   0.78481 0.18905 0.02035 0.00578 ( 1)
 163 N   0.81764 0.16060 0.01747 0.00429 ( 1)
 164 N   0.22911 0.74612 0.00485 0.01992 ( 2)
 165 K   0.76786 0.20325 0.02216 0.00673 ( 1)
 166 D   0.82049 0.15818 0.01718 0.00416 ( 1)
 167 Q   0.80535 0.17137 0.01848 0.00480 ( 1)
 168 G   0.74703 0.22095 0.02410 0.00793 ( 1)
 169 T   0.83166 0.14842 0.01620 0.00371 ( 1)
 170 Y   0.83471 0.14696 0.01487 0.00346 ( 1)
 171 E   0.77701 0.19550 0.02126 0.00623 ( 1)
 172 D   0.82049 0.15818 0.01718 0.00416 ( 1)
 173 F   0.75743 0.21205 0.02318 0.00733 ( 1)
 174 V   0.80190 0.17442 0.01874 0.00495 ( 1)
 175 E   0.78566 0.18828 0.02031 0.00575 ( 1)
 176 G   0.72043 0.24277 0.02703 0.00977 ( 1)
 177 L   0.75019 0.21822 0.02383 0.00775 ( 1)
 178 R   0.74935 0.21914 0.02375 0.00776 ( 1)
 179 V   0.82370 0.15548 0.01681 0.00401 ( 1)
 180 F   0.75743 0.21205 0.02318 0.00733 ( 1)
 181 D   0.82049 0.15818 0.01718 0.00416 ( 1)
 182 K   0.76786 0.20325 0.02216 0.00673 ( 1)
 183 E   0.77701 0.19550 0.02126 0.00623 ( 1)
 184 G   0.74703 0.22095 0.02410 0.00793 ( 1)
 185 N   0.78414 0.18953 0.02049 0.00584 ( 1)
 186 G   0.74703 0.22095 0.02410 0.00793 ( 1)
 187 T   0.83671 0.14340 0.01630 0.00359 ( 1)
 188 V   0.80190 0.17442 0.01874 0.00495 ( 1)
 189 M   0.79389 0.18121 0.01956 0.00535 ( 1)
 190 G   0.72043 0.24277 0.02703 0.00977 ( 1)
 191 A   0.74374 0.22362 0.02448 0.00815 ( 1)
 192 E   0.77701 0.19550 0.02126 0.00623 ( 1)
 193 L   0.83007 0.14985 0.01631 0.00377 ( 1)
 194 R   0.74935 0.21914 0.02375 0.00776 ( 1)
 195 H   0.90122 0.08646 0.01075 0.00158 ( 1)
 196 V   0.87638 0.10969 0.01178 0.00215 ( 1)
 197 L   0.75296 0.21596 0.02351 0.00757 ( 1)
 198 A   0.74374 0.22362 0.02448 0.00815 ( 1)
 199 T   0.83038 0.14617 0.01931 0.00414 ( 1)
 200 L   0.75296 0.21596 0.02351 0.00757 ( 1)
 201 G   0.70865 0.25076 0.02962 0.01097 ( 1)
 202 E   0.75680 0.21036 0.02510 0.00774 ( 1)
 203 K   0.74886 0.21706 0.02585 0.00823 ( 1)
 204 M   0.77169 0.19787 0.02360 0.00684 ( 1)
 205 K   0.81117 0.16385 0.02012 0.00486 ( 1)
 206 E   0.76444 0.20406 0.02425 0.00725 ( 1)
 207 E   0.75680 0.21036 0.02510 0.00774 ( 1)
 208 E   0.75680 0.21036 0.02510 0.00774 ( 1)
 209 V   0.79029 0.18206 0.02182 0.00583 ( 1)
 210 E   0.75680 0.21036 0.02510 0.00774 ( 1)
 211 A   0.74281 0.22235 0.02628 0.00857 ( 1)
 212 L   0.73374 0.22991 0.02717 0.00917 ( 1)
 213 M   0.17473 0.79245 0.00531 0.02750 ( 2)
 214 A   0.01486 0.94089 0.00500 0.03925 ( 2)
 215 G   0.09000 0.56170 0.25286 0.09545 ( 2)
 216 Q   0.81006 0.16487 0.02017 0.00490 ( 1)
 217 E   0.75680 0.21036 0.02510 0.00774 ( 1)
 218 D   0.79558 0.17739 0.02144 0.00559 ( 1)
 219 S   0.76372 0.20473 0.02428 0.00728 ( 1)
 220 N   0.76536 0.20289 0.02449 0.00726 ( 1)
 221 G   0.73108 0.23223 0.02736 0.00933 ( 1)
 222 C   0.79114 0.18156 0.02156 0.00574 ( 1)
 223 I   0.83169 0.14604 0.01830 0.00397 ( 1)
 224 N   0.79296 0.17958 0.02173 0.00573 ( 1)
 225 Y   0.80345 0.17074 0.02063 0.00518 ( 1)
 226 E   0.75680 0.21036 0.02510 0.00774 ( 1)

