Supplemental results for CODEML (seqf: /home/leticiamagpali/phd/evol_models/codeml/small_dataset/cml_align/CALML6_codon_aligned.phy  treef: /home/leticiamagpali/phd/evol_models/codeml/small_dataset/cml_trees/gene_trees/H1a_gene_trees/CALML6_tree_H1a.tre)

I	J	ij	2Ns_IJ	pMut_IJ	pSub_IJ	2Ns_JI	pMut_JI	pSub_JI

TTC	TTT	CT	0.28476	0.09833	0.11300	-0.28476	0.13073	0.11300
TTA	TTT	AT	10.60633	0.00000	0.00000	-10.60633	0.02533	0.00001
TTA	TTC	AC	10.32157	0.00000	0.00000	-10.32157	0.09455	0.00003
TTG	TTT	GT	2.48164	0.00071	0.00192	-2.48164	0.00850	0.00192
TTG	TTC	GC	2.19688	0.00353	0.00872	-2.19688	0.03173	0.00872
TTG	TTA	GA	-8.12469	0.01669	0.00004	8.12469	0.00000	0.00000
TCT	TTT	CT	1.39234	0.03248	0.06019	-1.39234	0.13073	0.06019
TCC	TTC	CT	1.68583	0.09043	0.18712	-1.68583	0.48805	0.18712
TCC	TCT	CT	0.57825	0.09043	0.11908	-0.57825	0.16123	0.11908
TCA	TTA	CT	-4.04440	0.00088	0.00006	4.04440	0.00000	0.00000
TCA	TCT	AT	5.16960	0.00018	0.00092	-5.16960	0.03124	0.00092
TCA	TCC	AC	4.59135	0.00088	0.00409	-4.59135	0.08695	0.00409
TCG	TTG	CT	2.98835	0.00088	0.00276	-2.98835	0.01743	0.00276
TCG	TCT	GT	4.07766	0.00018	0.00074	-4.07766	0.01048	0.00074
TCG	TCC	GC	3.49941	0.00088	0.00318	-3.49941	0.02918	0.00318
TCG	TCA	GA	-1.09194	0.00417	0.00230	1.09194	0.00140	0.00230
TAT	TTT	AT	10.60633	0.00000	0.00000	-10.60633	0.02533	0.00001
TAT	TCT	AC	9.21399	0.00000	0.00000	-9.21399	0.03124	0.00003
TAC	TTC	AT	1.88273	0.01439	0.03195	-1.88273	0.09455	0.03195
TAC	TCC	AC	0.19690	0.07141	0.07867	-0.19690	0.08695	0.07867
TAC	TAT	CT	-8.43885	0.07112	0.00013	8.43885	0.00000	0.00000
TGT	TTT	GT	1.30299	0.00231	0.00413	-1.30299	0.00850	0.00413
TGT	TCT	GC	-0.08935	0.01146	0.01096	0.08935	0.01048	0.01096
TGT	TAT	GA	-9.30335	0.05424	0.00005	9.30335	0.00000	0.00000
TGC	TTC	GT	1.54765	0.00675	0.01327	-1.54765	0.03173	0.01327
TGC	TCC	GC	-0.13818	0.03350	0.03124	0.13818	0.02918	0.03124
TGC	TAC	GA	-0.33508	0.15856	0.13347	0.33508	0.11341	0.13347
TGC	TGT	CT	0.52942	0.03336	0.04297	-0.52942	0.05665	0.04297
TGG	TTG	GT	-2.43743	0.01297	0.00303	2.43743	0.00113	0.00303
TGG	TCG	GC	-5.42578	0.06436	0.00154	5.42578	0.00028	0.00154
TGG	TGT	GT	-1.25877	0.01297	0.00647	1.25877	0.00368	0.00647
TGG	TGC	GC	-1.78819	0.06436	0.02312	1.78819	0.01076	0.02312
CTT	TTT	CT	10.64972	0.00000	0.00000	-10.64972	0.13073	0.00003
CTC	TTC	CT	1.54987	0.10360	0.20384	-1.54987	0.48805	0.20384
CTC	CTT	CT	-8.81508	0.10360	0.00014	8.81508	0.00000	0.00000
CTA	TTA	CT	-4.73754	0.00176	0.00007	4.73754	0.00000	0.00000
CTA	CTT	AT	-4.78093	0.00036	0.00001	4.78093	0.00000	0.00000
CTA	CTC	AC	4.03416	0.00176	0.00724	-4.03416	0.09962	0.00724
CTG	TTG	CT	-2.36823	0.18613	0.04554	2.36823	0.01743	0.04554
CTG	CTT	GT	-10.53630	0.03766	0.00001	10.53630	0.00000	0.00000
CTG	CTC	GC	-1.72122	0.18691	0.07007	1.72122	0.03343	0.07007
CTG	CTA	GA	-5.75538	0.88458	0.01617	5.75538	0.00280	0.01617
CCT	TCT	CT	0.58801	0.08955	0.11845	-0.58801	0.16123	0.11845
CCT	CTT	CT	-8.66937	0.08955	0.00013	8.66937	0.00000	0.00000
CCC	TCC	CT	1.46610	0.10360	0.19747	-1.46610	0.44883	0.19747
CCC	CTC	CT	1.60206	0.10360	0.20785	-1.60206	0.51419	0.20785
CCC	CCT	CT	1.45635	0.10360	0.19673	-1.45635	0.44447	0.19673
CCA	TCA	CT	-1.92430	0.02985	0.00982	1.92430	0.00436	0.00982
CCA	CTA	CT	-1.23115	0.02985	0.01515	1.23115	0.00872	0.01515
CCA	CCT	AT	2.65729	0.00604	0.01726	-2.65729	0.08611	0.01726
CCA	CCC	AC	1.20094	0.02998	0.05149	-1.20094	0.09962	0.05149
CCG	TCG	CT	-1.10599	0.01317	0.00720	1.10599	0.00436	0.00720
CCG	CTG	CT	4.25060	0.01317	0.05679	-4.25060	0.92380	0.05679
CCG	CCT	GT	2.38366	0.00266	0.00700	-2.38366	0.02890	0.00700
CCG	CCC	GC	0.92731	0.01322	0.02029	-0.92731	0.03343	0.02029
CCG	CCA	GA	-0.27363	0.06259	0.05442	0.27363	0.04761	0.05442
CAT	TAT	CT	-6.34698	0.00878	0.00010	6.34698	0.00000	0.00000
CAT	CTT	AT	-6.39036	0.00178	0.00002	6.39036	0.00000	0.00000
CAT	CCT	AC	2.27901	0.00882	0.02238	-2.27901	0.08611	0.02238
CAC	TAC	CT	2.25884	0.03687	0.09301	-2.25884	0.35296	0.09301
CAC	CTC	AT	2.59169	0.00746	0.02090	-2.59169	0.09962	0.02090
CAC	CCC	AC	0.98963	0.03703	0.05832	-0.98963	0.09962	0.05832
CAC	CAT	CT	0.16698	0.03687	0.04004	-0.16698	0.04358	0.04004
CAA	CTA	AT	0.05460	0.00160	0.00164	-0.05460	0.00169	0.00164
CAA	CCA	AC	1.28575	0.00793	0.01410	-1.28575	0.02870	0.01410
CAA	CAT	AT	1.66404	0.00160	0.00328	-1.66404	0.00844	0.00328
CAA	CAC	AC	1.49706	0.00793	0.01530	-1.49706	0.03546	0.01530
CAG	CTG	AT	2.39348	0.01634	0.04305	-2.39348	0.17897	0.04305
CAG	CCG	AC	-1.85712	0.08111	0.02787	1.85712	0.01266	0.02787
CAG	CAT	GT	-1.75246	0.01634	0.00601	1.75246	0.00283	0.00601
CAG	CAC	GC	-1.91944	0.08111	0.02676	1.91944	0.01190	0.02676
CAG	CAA	GA	-3.41650	0.38388	0.04451	3.41650	0.01260	0.04451
CGT	TGT	CT	2.78072	0.00351	0.01041	-2.78072	0.05665	0.01041
CGT	CTT	GT	-6.56601	0.00071	0.00001	6.56601	0.00000	0.00000
CGT	CCT	GC	2.10336	0.00353	0.00845	-2.10336	0.02890	0.00845
CGT	CAT	GA	-0.17565	0.01669	0.01527	0.17565	0.01400	0.01527
CGC	TGC	CT	1.80566	0.02722	0.05881	-1.80566	0.16559	0.05881
CGC	CTC	GT	1.80344	0.00551	0.01189	-1.80344	0.03343	0.01189
CGC	CCC	GC	0.20138	0.02733	0.03017	-0.20138	0.03343	0.03017
CGC	CAC	GA	-0.78826	0.12935	0.08500	0.78826	0.05881	0.08500
CGC	CGT	CT	-0.44563	0.02722	0.02160	0.44563	0.01743	0.02160
CGA	CTA	GT	-1.47917	0.00249	0.00109	1.47917	0.00057	0.00109
CGA	CCA	GC	-0.24802	0.01234	0.01088	0.24802	0.00963	0.01088
CGA	CAA	GA	-1.53377	0.05842	0.02464	1.53377	0.01260	0.02464
CGA	CGT	AT	0.30592	0.00249	0.00289	-0.30592	0.00338	0.00289
CGA	CGC	AC	0.75155	0.01234	0.01756	-0.75155	0.02617	0.01756
CGG	TGG	CT	2.75703	0.02019	0.05945	-2.75703	0.31810	0.05945
CGG	CTG	GT	2.68783	0.00409	0.01178	-2.68783	0.06006	0.01178
CGG	CCG	GC	-1.56276	0.02028	0.00840	1.56276	0.00425	0.00840
CGG	CAG	GA	0.29436	0.09597	0.11079	-0.29436	0.12882	0.11079
CGG	CGT	GT	-1.28246	0.00409	0.00201	1.28246	0.00113	0.00201
CGG	CGC	GC	-0.83683	0.02028	0.01296	0.83683	0.00878	0.01296
CGG	CGA	GA	-1.58838	0.09597	0.03913	1.58838	0.01960	0.03913
ATT	TTT	AT	3.01397	0.00124	0.00394	-3.01397	0.02533	0.00394
ATT	CTT	AC	-7.63575	0.00617	0.00002	7.63575	0.00000	0.00000
ATC	TTC	AT	2.05767	0.01208	0.02849	-2.05767	0.09455	0.02849
ATC	CTC	AC	0.50780	0.05995	0.07646	-0.50780	0.09962	0.07646
ATC	ATT	CT	-0.67154	0.05970	0.04188	0.67154	0.03050	0.04188
ATA	TTA	AT	-5.47407	0.00071	0.00002	5.47407	0.00000	0.00000
ATA	CTA	AC	-0.73653	0.00353	0.00239	0.73653	0.00169	0.00239
ATA	ATT	AT	2.11829	0.00071	0.00171	-2.11829	0.00591	0.00171
ATA	ATC	AC	2.78983	0.00353	0.01048	-2.78983	0.05741	0.01048
ATG	TTG	AT	-2.16701	0.02949	0.00826	2.16701	0.00338	0.00826
ATG	CTG	AC	0.20122	0.14635	0.16157	-0.20122	0.17897	0.16157
ATG	ATT	GT	-2.69934	0.02949	0.00574	2.69934	0.00198	0.00574
ATG	ATC	GC	-2.02780	0.14635	0.04498	2.02780	0.01926	0.04498
ATG	ATA	GA	-4.81763	0.69265	0.02720	4.81763	0.00560	0.02720
ACT	TCT	AT	2.46155	0.00266	0.00717	-2.46155	0.03124	0.00717
ACT	CCT	AC	1.87354	0.01322	0.02927	-1.87354	0.08611	0.02927
ACT	ATT	CT	0.83992	0.01317	0.01947	-0.83992	0.03050	0.01947
ACC	TCC	AT	2.30159	0.00870	0.02226	-2.30159	0.08695	0.02226
ACC	CCC	AC	0.83548	0.04320	0.06373	-0.83548	0.09962	0.06373
ACC	ATC	CT	1.92975	0.04302	0.09712	-1.92975	0.29631	0.09712
ACC	ACT	CT	0.41829	0.04302	0.05264	-0.41829	0.06536	0.05264
ACA	TCA	AT	0.86553	0.00036	0.00053	-0.86553	0.00084	0.00053
ACA	CCA	AC	2.78983	0.00176	0.00524	-2.78983	0.02870	0.00524
ACA	ATA	CT	2.29521	0.00176	0.00448	-2.29521	0.01743	0.00448
ACA	ACT	AT	3.57358	0.00036	0.00131	-3.57358	0.01266	0.00131
ACA	ACC	AC	3.15529	0.00176	0.00581	-3.15529	0.04137	0.00581
ACG	TCG	AT	-2.68982	0.01243	0.00244	2.68982	0.00084	0.00244
ACG	CCG	AC	-1.58383	0.06171	0.02523	1.58383	0.01266	0.02523
ACG	ATG	CT	2.46555	0.06146	0.16560	-2.46555	0.72335	0.16560
ACG	ACT	GT	-1.07371	0.01243	0.00693	1.07371	0.00425	0.00693
ACG	ACC	GC	-1.49200	0.06171	0.02672	1.49200	0.01388	0.02672
ACG	ACA	GA	-4.64729	0.29208	0.01314	4.64729	0.00280	0.01314
AAT	TAT	AT	-6.57268	0.00213	0.00002	6.57268	0.00000	0.00000
AAT	CAT	AC	-0.22570	0.01058	0.00943	0.22570	0.00844	0.00943
AAT	ATT	AT	1.01968	0.00213	0.00340	-1.01968	0.00591	0.00340
AAT	ACT	AC	0.17976	0.01058	0.01156	-0.17976	0.01266	0.01156
AAC	TAC	AT	1.76347	0.01172	0.02495	-1.76347	0.06838	0.02495
AAC	CAC	AC	-0.49537	0.05819	0.04496	0.49537	0.03546	0.04496
AAC	ATC	AT	1.58853	0.01172	0.02340	-1.58853	0.05741	0.02340
AAC	ACC	AC	-0.34122	0.05819	0.04882	0.34122	0.04137	0.04882
AAC	AAT	CT	-0.10269	0.05795	0.05502	0.10269	0.05229	0.05502
AAA	CAA	AC	-0.61875	0.01411	0.01019	0.61875	0.00760	0.01019
AAA	ATA	AT	0.17238	0.00284	0.00309	-0.17238	0.00338	0.00309
AAA	ACA	AC	-2.12282	0.01411	0.00407	2.12282	0.00169	0.00407
AAA	AAT	AT	1.27100	0.00284	0.00502	-1.27100	0.01013	0.00502
AAA	AAC	AC	1.37368	0.01411	0.02595	-1.37368	0.05572	0.02595
AAG	CAG	AC	-0.81490	0.17545	0.11356	0.81490	0.07767	0.11356
AAG	ATG	AT	1.37736	0.03535	0.06511	-1.37736	0.14014	0.06511
AAG	ACG	AC	-1.08819	0.17545	0.09697	1.08819	0.05909	0.09697
AAG	AAT	GT	-2.34166	0.03535	0.00881	2.34166	0.00340	0.00881
AAG	AAC	GC	-2.23897	0.17545	0.04686	2.23897	0.01870	0.04686
AAG	AAA	GA	-3.61266	0.83034	0.08318	3.61266	0.02240	0.08318
AGT	TGT	AT	0.27348	0.00835	0.00954	-0.27348	0.01097	0.00954
AGT	CGT	AC	-2.50723	0.04144	0.00922	2.50723	0.00338	0.00922
AGT	ATT	GT	-1.43750	0.00835	0.00374	1.43750	0.00198	0.00374
AGT	ACT	GC	-2.27742	0.04144	0.01078	2.27742	0.00425	0.01078
AGT	AAT	GA	-2.45718	0.19611	0.04515	2.45718	0.01680	0.04515
AGC	TGC	AT	1.22597	0.00941	0.01634	-1.22597	0.03208	0.01634
AGC	CGC	AC	-0.57969	0.04673	0.03448	0.57969	0.02617	0.03448
AGC	ATC	GT	0.71596	0.00941	0.01318	-0.71596	0.01926	0.01318
AGC	ACC	GC	-1.21379	0.04673	0.02397	1.21379	0.01388	0.02397
AGC	AAC	GA	-0.87258	0.22115	0.13852	0.87258	0.09241	0.13852
AGC	AGT	CT	1.48192	0.04653	0.08923	-1.48192	0.20481	0.08923
AGA	CGA	AC	-0.23754	0.01499	0.01328	0.23754	0.01182	0.01328
AGA	ATA	GT	-0.98018	0.00302	0.00178	0.98018	0.00113	0.00178
AGA	ACA	GC	-3.27539	0.01499	0.00193	3.27539	0.00057	0.00193
AGA	AAA	GA	-1.15256	0.07093	0.03774	1.15256	0.02240	0.03774
AGA	AGT	AT	2.57561	0.00302	0.00842	-2.57561	0.03968	0.00842
AGA	AGC	AC	1.09370	0.01499	0.02465	-1.09370	0.04474	0.02465
AGG	TGG	AT	2.29379	0.00622	0.01586	-2.29379	0.06163	0.01586
AGG	CGG	AC	-0.46324	0.03086	0.02426	0.46324	0.01942	0.02426
AGG	ATG	GT	2.02338	0.00622	0.01450	-2.02338	0.04703	0.01450
AGG	ACG	GC	-0.44217	0.03086	0.02454	0.44217	0.01983	0.02454
AGG	AAG	GA	0.64602	0.14604	0.19826	-0.64602	0.27863	0.19826
AGG	AGT	GT	0.76154	0.00622	0.00888	-0.76154	0.01331	0.00888
AGG	AGC	GC	-0.72038	0.03086	0.02107	0.72038	0.01501	0.02107
AGG	AGA	GA	-1.81407	0.14604	0.05159	1.81407	0.02380	0.05159
GTT	TTT	GT	9.51439	0.00000	0.00000	-9.51439	0.00850	0.00001
GTT	CTT	GC	-1.13532	0.00000	0.00000	1.13532	0.00000	0.00000
GTT	ATT	GA	6.50043	0.00000	0.00000	-6.50043	0.00980	0.00010
GTC	TTC	GT	1.65888	0.00604	0.01237	-1.65888	0.03173	0.01237
GTC	CTC	GC	0.10900	0.02998	0.03164	-0.10900	0.03343	0.03164
GTC	ATC	GA	-0.39879	0.14187	0.11545	0.39879	0.09521	0.11545
GTC	GTT	CT	-7.57076	0.02985	0.00012	7.57076	0.00000	0.00000
GTA	TTA	GT	0.46674	0.00000	0.00000	-0.46674	0.00000	0.00000
GTA	CTA	GC	5.20428	0.00000	0.00000	-5.20428	0.00057	0.00002
GTA	ATA	GA	5.94081	0.00000	0.00000	-5.94081	0.00560	0.00009
GTA	GTT	AT	1.55868	0.00000	0.00000	-1.55868	0.00000	0.00000
GTA	GTC	AC	9.12944	0.00000	0.00000	-9.12944	0.02870	0.00003
GTG	TTG	GT	-2.91765	0.02096	0.00350	2.91765	0.00113	0.00350
GTG	CTG	GC	-0.54942	0.10403	0.07806	0.54942	0.06006	0.07806
GTG	ATG	GA	-0.75064	0.49236	0.33047	0.75064	0.23243	0.33047
GTG	GTT	GT	-9.95040	0.02096	0.00001	9.95040	0.00000	0.00000
GTG	GTC	GC	-2.37964	0.10403	0.02526	2.37964	0.00963	0.02526
GTG	GTA	GA	-11.50908	0.49236	0.00006	11.50908	0.00000	0.00000
GCT	TCT	GT	0.64367	0.00551	0.00747	-0.64367	0.01048	0.00747
GCT	CCT	GC	0.05567	0.02733	0.02810	-0.05567	0.02890	0.02810
GCT	ACT	GA	-1.81788	0.12935	0.04558	1.81788	0.02100	0.04558
GCT	GTT	CT	-7.47838	0.02722	0.00012	7.47838	0.00000	0.00000
GCC	TCC	GT	-0.08592	0.03180	0.03045	0.08592	0.02918	0.03045
GCC	CCC	GC	-1.55202	0.15781	0.06582	1.55202	0.03343	0.06582
GCC	ACC	GA	-2.38750	0.74689	0.18037	2.38750	0.06861	0.18037
GCC	GTC	CT	-0.05896	0.15716	0.15257	0.05896	0.14816	0.15257
GCC	GCT	CT	-0.15134	0.15716	0.14556	0.15134	0.13508	0.14556
GCA	TCA	GT	-0.22641	0.00036	0.00032	0.22641	0.00028	0.00032
GCA	CCA	GC	1.69789	0.00176	0.00366	-1.69789	0.00963	0.00366
GCA	ACA	GA	-1.09194	0.00835	0.00460	1.09194	0.00280	0.00460
GCA	GTA	CT	-4.73754	0.00176	0.00007	4.73754	0.00000	0.00000
GCA	GCT	AT	4.29952	0.00036	0.00155	-4.29952	0.02617	0.00155
GCA	GCC	AC	4.45086	0.00176	0.00794	-4.45086	0.15111	0.00794
GCG	TCG	GT	-4.22461	0.01936	0.00121	4.22461	0.00028	0.00121
GCG	CCG	GC	-3.11862	0.09610	0.01387	3.11862	0.00425	0.01387
GCG	ACG	GA	-1.53479	0.45481	0.19175	1.53479	0.09801	0.19175
GCG	GTG	CT	1.68140	0.09570	0.19770	-1.68140	0.51419	0.19770
GCG	GCT	GT	-0.79062	0.01936	0.01271	0.79062	0.00878	0.01271
GCG	GCC	GC	-0.63928	0.09610	0.06863	0.63928	0.05071	0.06863
GCG	GCA	GA	-5.09014	0.45481	0.01434	5.09014	0.00280	0.01434
GAT	TAT	GT	-8.07009	0.00320	0.00001	8.07009	0.00000	0.00000
GAT	CAT	GC	-1.72311	0.01587	0.00594	1.72311	0.00283	0.00594
GAT	AAT	GA	-1.49740	0.07511	0.03241	1.49740	0.01680	0.03241
GAT	GTT	AT	-6.97815	0.00320	0.00002	6.97815	0.00000	0.00000
GAT	GCT	AC	0.50023	0.01587	0.02017	-0.50023	0.02617	0.02017
GAC	TAC	GT	-0.34282	0.03233	0.02710	0.34282	0.02295	0.02710
GAC	CAC	GC	-2.60166	0.16046	0.03343	2.60166	0.01190	0.03343
GAC	AAC	GA	-2.10629	0.75941	0.22161	2.10629	0.09241	0.22161
GAC	GTC	AT	-0.11897	0.03233	0.03044	0.11897	0.02870	0.03044
GAC	GCC	AC	-0.06000	0.16046	0.15569	0.06000	0.15111	0.15569
GAC	GAT	CT	-0.71157	0.15979	0.10962	0.71157	0.07844	0.10962
GAA	CAA	GC	-1.93383	0.01763	0.00576	1.93383	0.00255	0.00576
GAA	AAA	GA	-1.31508	0.08345	0.04027	1.31508	0.02240	0.04027
GAA	GTA	AT	-7.08351	0.00355	0.00002	7.08351	0.00000	0.00000
GAA	GCA	AC	-2.34597	0.01763	0.00438	2.34597	0.00169	0.00438
GAA	GAT	AT	1.45332	0.00355	0.00674	-1.45332	0.01520	0.00674
GAA	GAC	AC	2.16489	0.01763	0.04312	-2.16489	0.15365	0.04312
GAG	CAG	GC	-2.49406	0.31563	0.07085	2.49406	0.02606	0.07085
GAG	AAG	GA	-1.67917	1.49378	0.57516	1.67917	0.27863	0.57516
GAG	GTG	AT	0.44883	0.06359	0.07893	-0.44883	0.09962	0.07893
GAG	GCG	AC	-1.23257	0.31563	0.16009	1.23257	0.09202	0.16009
GAG	GAT	GT	-2.52342	0.06359	0.01399	2.52342	0.00510	0.01399
GAG	GAC	GC	-1.81185	0.31563	0.11165	1.81185	0.05156	0.11165
GAG	GAA	GA	-3.97674	1.49378	0.11349	3.97674	0.02800	0.11349
GGT	TGT	GT	0.19848	0.00302	0.00333	-0.19848	0.00368	0.00333
GGT	CGT	GC	-2.58224	0.01499	0.00317	2.58224	0.00113	0.00317
GGT	AGT	GA	-0.07501	0.07093	0.06831	0.07501	0.06581	0.06831
GGT	GTT	GT	-8.01293	0.00302	0.00001	8.01293	0.00000	0.00000
GGT	GCT	GC	-0.53455	0.01499	0.01134	0.53455	0.00878	0.01134
GGT	GAT	GA	-1.03478	0.07093	0.04045	1.03478	0.02520	0.04045
GGC	TGC	GT	-0.80833	0.02416	0.01570	0.80833	0.01076	0.01570
GGC	CGC	GC	-2.61399	0.11990	0.02477	2.61399	0.00878	0.02477
GGC	AGC	GA	-2.03430	0.56747	0.17367	2.03430	0.07421	0.17367
GGC	GTC	GT	-0.91955	0.02416	0.01473	0.91955	0.00963	0.01473
GGC	GCC	GC	-0.86059	0.11990	0.07562	0.86059	0.05071	0.07562
GGC	GAC	GA	-0.80059	0.56747	0.37031	0.80059	0.25483	0.37031
GGC	GGT	CT	-0.47738	0.11940	0.09316	0.47738	0.07408	0.09316
GGA	CGA	GC	-1.86356	0.02557	0.00875	1.86356	0.00397	0.00875
GGA	AGA	GA	-1.62602	0.12100	0.04818	1.62602	0.02380	0.04818
GGA	GTA	GT	-8.54701	0.00515	0.00001	8.54701	0.00000	0.00000
GGA	GCA	GC	-3.80947	0.02557	0.00221	3.80947	0.00057	0.00221
GGA	GAA	GA	-1.46350	0.12100	0.05332	1.46350	0.02800	0.05332
GGA	GGT	AT	1.02460	0.00515	0.00823	-1.02460	0.01435	0.00823
GGA	GGC	AC	1.50198	0.02557	0.04940	-1.50198	0.11481	0.04940
GGG	TGG	GT	-0.26668	0.02700	0.02356	0.26668	0.02068	0.02356
GGG	CGG	GC	-3.02371	0.13401	0.02071	3.02371	0.00652	0.02071
GGG	AGG	GA	-2.56047	0.63423	0.13599	2.56047	0.04901	0.13599
GGG	GTG	GT	0.21354	0.02700	0.02999	-0.21354	0.03343	0.02999
GGG	GCG	GC	-1.46785	0.13401	0.05890	1.46785	0.03088	0.05890
GGG	GAG	GA	-0.23529	0.63423	0.56254	0.23529	0.50126	0.56254
GGG	GGT	GT	-1.72393	0.02700	0.01010	1.72393	0.00482	0.01010
GGG	GGC	GC	-1.24655	0.13401	0.06740	1.24655	0.03853	0.06740
GGG	GGA	GA	-2.74852	0.63423	0.11924	2.74852	0.04060	0.11924


Histograms
2Ns	FMut	FSub(CodonUsage)	FSubw(after w)

-10.96103	0.01820	0.00001
-9.86493	0.00317	0.00000
-8.76882	0.00981	0.00002
-7.67272	0.00220	0.00001
-6.57662	0.00077	0.00001
-5.48051	0.03688	0.00146
-4.38441	0.09723	0.01028
-3.28831	0.06976	0.01724
-2.19221	0.28332	0.14544
-1.09610	0.21811	0.20049
0.00000	0.14741	0.25014
1.09610	0.07194	0.20049
2.19221	0.03650	0.14544
3.28831	0.00314	0.01724
4.38441	0.00140	0.01027
5.48051	0.00016	0.00145
6.57662	0.00000	0.00000
7.67272	0.00000	0.00000
8.76882	0.00000	0.00000
9.86493	0.00000	0.00000
10.96103	0.00000	0.00000

Proportion of advantageous (S > 0) mutations:
 0.17752

Proportions of good & bad mutations (|S| > 2.0000) among mutations:
0.02136  0.40810

mean |Ns| = 2.24123	mean Ns+ = 1.01352	mean Ns- = -2.50622


MLEs of dN/dS (w) for site classes (K=4)

site class             0        1       2a       2b
proportion       0.80929  0.17568  0.01235  0.00268
background w     0.16678  1.19749  0.16678  1.19749
foreground w     0.16678  1.19749 999.00000 999.00000

Naive Empirical Bayes (NEB) probabilities for 4 classes
(amino acids refer to 1st sequence: Egla)

   1 M   0.22889 0.77020 0.00020 0.00071 ( 2)
   2 V   0.25276 0.74657 0.00016 0.00050 ( 2)
   3 S   0.93842 0.06093 0.00061 0.00004 ( 1)
   4 L   0.64535 0.35391 0.00047 0.00027 ( 1)
   5 P   0.67587 0.32339 0.00050 0.00024 ( 1)
   6 W   0.51828 0.48137 0.00018 0.00017 ( 1)
   7 P   0.86601 0.13131 0.00232 0.00036 ( 1)
   8 H   0.95853 0.04124 0.00022 0.00001 ( 1)
   9 W   0.86443 0.13522 0.00030 0.00005 ( 1)
  10 L   0.86018 0.13855 0.00109 0.00018 ( 1)
  11 S   0.92223 0.07713 0.00059 0.00005 ( 1)
  12 S   0.93361 0.06612 0.00025 0.00002 ( 1)
  13 A   0.89775 0.10161 0.00057 0.00007 ( 1)
  14 A   0.89774 0.10124 0.00091 0.00011 ( 1)
  15 P   0.49928 0.49981 0.00045 0.00046 ( 2)
  16 L   0.86018 0.13855 0.00109 0.00018 ( 1)
  17 H   0.73803 0.26174 0.00017 0.00006 ( 1)
  18 S   0.92451 0.07449 0.00092 0.00008 ( 1)
  19 H   0.95853 0.04124 0.00022 0.00001 ( 1)
  20 M   0.59948 0.39986 0.00039 0.00027 ( 1)
  21 A   0.89775 0.10162 0.00057 0.00007 ( 1)
  22 G   0.60720 0.39208 0.00043 0.00029 ( 1)
  23 L   0.86018 0.13855 0.00109 0.00018 ( 1)
  24 P   0.92160 0.07767 0.00068 0.00006 ( 1)
  25 L   0.86018 0.13855 0.00109 0.00018 ( 1)
  26 P   0.86601 0.13131 0.00232 0.00036 ( 1)
  27 R   0.89151 0.10828 0.00019 0.00002 ( 1)
  28 A   0.63637 0.36285 0.00049 0.00029 ( 1)
  29 P   0.96116 0.03876 0.00008 0.00000 ( 1)
  30 S   0.92223 0.07713 0.00059 0.00005 ( 1)
  31 P   0.86844 0.12888 0.00233 0.00035 ( 1)
  32 L   0.89075 0.10799 0.00113 0.00014 ( 1)
  33 S   0.89451 0.10492 0.00051 0.00006 ( 1)
  34 G   0.60780 0.39148 0.00043 0.00029 ( 1)
  35 L   0.91356 0.08570 0.00067 0.00006 ( 1)
  36 A   0.92719 0.07222 0.00055 0.00004 ( 1)
  37 E   0.58498 0.41318 0.00107 0.00077 ( 1)
  38 P   0.90793 0.08939 0.00244 0.00024 ( 1)
  39 C   0.94809 0.05170 0.00020 0.00001 ( 1)
  40 S   0.92420 0.07480 0.00092 0.00008 ( 1)
  41 P   0.92160 0.07767 0.00068 0.00006 ( 1)
  42 L   0.59641 0.40284 0.00044 0.00030 ( 1)
  43 T   0.20076 0.79820 0.00020 0.00083 ( 2)
  44 T   0.95803 0.04169 0.00027 0.00001 ( 1)
  45 H   0.67309 0.32676 0.00010 0.00005 ( 1)
  46 P   0.62077 0.37849 0.00046 0.00029 ( 1)
  47 C   0.57696 0.42284 0.00012 0.00009 ( 1)
  48 A   0.90058 0.09841 0.00092 0.00010 ( 1)
  49 A   0.89774 0.10124 0.00091 0.00011 ( 1)
  50 W   0.86443 0.13522 0.00030 0.00005 ( 1)
  51 P   0.84927 0.13570 0.01296 0.00207 ( 1)
  52 Q   0.92551 0.05947 0.01412 0.00091 ( 1)
  53 A   0.87680 0.10818 0.01338 0.00165 ( 1)
  54 C   0.92349 0.06149 0.01409 0.00094 ( 1)
  55 S   0.90117 0.08381 0.01375 0.00128 ( 1)
  56 G   0.90024 0.08474 0.01373 0.00129 ( 1)
  57 L   0.84318 0.14179 0.01286 0.00216 ( 1)
  58 G   0.90024 0.08474 0.01373 0.00129 ( 1)
  59 P   0.87898 0.11834 0.00236 0.00032 ( 1)
  60 P   0.86077 0.13832 0.00078 0.00013 ( 1)
  61 A   0.89774 0.10124 0.00091 0.00011 ( 1)
  62 S   0.92223 0.07713 0.00059 0.00005 ( 1)
  63 P   0.91797 0.08129 0.00068 0.00006 ( 1)
  64 G   0.57314 0.42661 0.00014 0.00011 ( 1)
  65 L   0.86018 0.13855 0.00109 0.00018 ( 1)
  66 R   0.97549 0.02433 0.00017 0.00000 ( 1)
  67 G   0.94562 0.05416 0.00021 0.00001 ( 1)
  68 G   0.92220 0.07761 0.00018 0.00002 ( 1)
  69 G   0.93772 0.06148 0.00074 0.00005 ( 1)
  70 A   0.53672 0.46112 0.00114 0.00101 ( 1)
  71 P   0.88210 0.11522 0.00237 0.00031 ( 1)
  72 G   0.94683 0.05246 0.00068 0.00004 ( 1)
  73 E   0.24025 0.75790 0.00044 0.00142 ( 2)
  74 P   0.15270 0.84459 0.00041 0.00230 ( 2)
  75 G   0.94920 0.04995 0.00081 0.00004 ( 1)
  76 P   0.95119 0.04807 0.00070 0.00004 ( 1)
  77 V   0.00011 0.99922 0.00000 0.00067 ( 2)
  78 S   0.24668 0.75266 0.00016 0.00050 ( 2)
  79 P   0.89467 0.10443 0.00081 0.00010 ( 1)
  80 Q   0.04784 0.95168 0.00002 0.00045 ( 2)
  81 T   0.97017 0.02945 0.00037 0.00001 ( 1)
  82 E   0.93474 0.06344 0.00170 0.00012 ( 1)
  83 R   0.84937 0.15046 0.00015 0.00003 ( 1)
  84 L   0.87747 0.12127 0.00111 0.00015 ( 1)
  85 T   0.97482 0.02480 0.00037 0.00001 ( 1)
  86 A   0.95521 0.04420 0.00057 0.00003 ( 1)
  87 E   0.93754 0.06064 0.00171 0.00011 ( 1)
  88 Q   0.93648 0.06305 0.00044 0.00003 ( 1)
  89 I   0.77164 0.22799 0.00028 0.00009 ( 1)
  90 K   0.22469 0.77345 0.00041 0.00145 ( 2)
  91 E   0.67143 0.32674 0.00122 0.00061 ( 1)
  92 Y   0.94320 0.05634 0.00043 0.00003 ( 1)
  93 K   0.24726 0.75171 0.00025 0.00078 ( 2)
  94 G   0.95047 0.04871 0.00078 0.00004 ( 1)
  95 V   0.98761 0.01219 0.00019 0.00000 ( 1)
  96 S   0.55071 0.44846 0.00045 0.00037 ( 1)
  97 E   0.93474 0.06344 0.00170 0.00012 ( 1)
  98 M   0.94563 0.05348 0.00084 0.00005 ( 1)
  99 F   0.89678 0.10240 0.00074 0.00009 ( 1)
 100 D   0.96197 0.03783 0.00019 0.00001 ( 1)
 101 E   0.93566 0.06252 0.00170 0.00012 ( 1)
 102 E   0.23512 0.11249 0.61059 0.04180 ( 3)
 103 G   0.94582 0.05346 0.00068 0.00004 ( 1)
 104 N   0.98019 0.01948 0.00032 0.00001 ( 1)
 105 G   0.95266 0.04655 0.00076 0.00004 ( 1)
 106 A   0.95604 0.04336 0.00057 0.00003 ( 1)
 107 V   0.96003 0.03932 0.00062 0.00003 ( 1)
 108 K   0.76773 0.23125 0.00078 0.00024 ( 1)
 109 T   0.97087 0.02875 0.00037 0.00001 ( 1)
 110 D   0.95200 0.04709 0.00087 0.00004 ( 1)
 111 E   0.93566 0.06252 0.00170 0.00012 ( 1)
 112 L   0.87683 0.12190 0.00111 0.00016 ( 1)
 113 E   0.93566 0.06252 0.00170 0.00012 ( 1)
 114 R   0.98261 0.01727 0.00012 0.00000 ( 1)
 115 L   0.94246 0.05680 0.00069 0.00004 ( 1)
 116 M   0.26194 0.73716 0.00023 0.00067 ( 2)
 117 S   0.92590 0.07353 0.00053 0.00004 ( 1)
 118 L   0.87808 0.12066 0.00111 0.00015 ( 1)
 119 R   0.15991 0.83918 0.00014 0.00077 ( 2)
 120 G   0.94768 0.05161 0.00068 0.00004 ( 1)
 121 T   0.76538 0.23425 0.00028 0.00009 ( 1)
 122 N   0.98019 0.01948 0.00032 0.00001 ( 1)
 123 P   0.95059 0.04867 0.00070 0.00004 ( 1)
 124 A   0.87746 0.12226 0.00024 0.00004 ( 1)
 125 K   0.95301 0.04598 0.00096 0.00005 ( 1)
 126 S   0.86267 0.13706 0.00023 0.00004 ( 1)
 127 E   0.68117 0.31699 0.00124 0.00059 ( 1)
 128 L   0.87808 0.12066 0.00111 0.00015 ( 1)
 129 A   0.92828 0.07071 0.00094 0.00007 ( 1)
 130 S   0.95131 0.04805 0.00061 0.00003 ( 1)
 131 -   0.94125 0.05786 0.00084 0.00005 ( 1)
 132 -   0.64582 0.35316 0.00066 0.00037 ( 1)
 133 -   0.94874 0.05025 0.00096 0.00005 ( 1)
 134 D   0.73960 0.25948 0.00068 0.00024 ( 1)
 135 V   0.96003 0.03932 0.00062 0.00003 ( 1)
 136 D   0.95200 0.04709 0.00087 0.00004 ( 1)
 137 R   0.80915 0.19075 0.00008 0.00002 ( 1)
 138 E   0.26322 0.73585 0.00024 0.00069 ( 2)
 139 K   0.94412 0.05487 0.00095 0.00006 ( 1)
 140 K   0.84593 0.15397 0.00008 0.00001 ( 1)
 141 G   0.73531 0.26389 0.00058 0.00022 ( 1)
 142 F   0.93723 0.06207 0.00066 0.00004 ( 1)
 143 F   0.93723 0.06207 0.00066 0.00004 ( 1)
 144 N   0.98052 0.01915 0.00032 0.00001 ( 1)
 145 C   0.82362 0.17617 0.00017 0.00004 ( 1)
 146 K   0.27049 0.72858 0.00025 0.00069 ( 2)
 147 G   0.83979 0.15994 0.00023 0.00005 ( 1)
 148 F   0.93723 0.06207 0.00066 0.00004 ( 1)
 149 L   0.87808 0.12066 0.00111 0.00015 ( 1)
 150 A   0.95636 0.04304 0.00057 0.00003 ( 1)
 151 R   0.50360 0.49514 0.00064 0.00063 ( 1)
 152 M   0.71947 0.27963 0.00064 0.00026 ( 1)
 153 G   0.95396 0.04524 0.00076 0.00004 ( 1)
 154 V   0.96245 0.03690 0.00063 0.00002 ( 1)
 155 Y   0.70888 0.29066 0.00033 0.00014 ( 1)
 156 W   0.88555 0.11410 0.00031 0.00004 ( 1)
 157 E   0.93838 0.05980 0.00171 0.00011 ( 1)
 158 K   0.94089 0.04408 0.01435 0.00067 ( 1)
 159 A   0.91322 0.07175 0.01393 0.00109 ( 1)
 160 Q   0.92503 0.05995 0.01411 0.00091 ( 1)
 161 N   0.96664 0.01834 0.01475 0.00028 ( 1)
 162 Q   0.92503 0.05995 0.01411 0.00091 ( 1)
 163 E   0.92460 0.06037 0.01410 0.00092 ( 1)
 164 S   0.62367 0.36130 0.00951 0.00551 ( 1)
 165 E   0.92460 0.06037 0.01410 0.00092 ( 1)
 166 L   0.93029 0.05469 0.01419 0.00083 ( 1)
 167 R   0.97775 0.00723 0.01492 0.00011 ( 1)
 168 A   0.94347 0.04150 0.01439 0.00063 ( 1)
 169 A   0.91322 0.07175 0.01393 0.00109 ( 1)
 170 F   0.67196 0.31301 0.01025 0.00477 ( 1)
 171 R   0.96230 0.02268 0.01468 0.00035 ( 1)
 172 I   0.94503 0.03994 0.01442 0.00061 ( 1)
 173 F   0.92511 0.05986 0.01411 0.00091 ( 1)
 174 D   0.93982 0.04516 0.01434 0.00069 ( 1)
 175 K   0.94006 0.04491 0.01434 0.00069 ( 1)
 176 E   0.92460 0.06037 0.01410 0.00092 ( 1)
 177 G   0.26714 0.71783 0.00408 0.01095 ( 2)
 178 K   0.94089 0.04408 0.01435 0.00067 ( 1)
 179 G   0.93608 0.04890 0.01428 0.00075 ( 1)
 180 Y   0.93163 0.05334 0.01421 0.00081 ( 1)
 181 I   0.94345 0.04152 0.01439 0.00063 ( 1)
 182 D   0.93982 0.04516 0.01434 0.00069 ( 1)
 183 W   0.88555 0.11410 0.00031 0.00004 ( 1)
 184 G   0.24728 0.62410 0.09455 0.03407 ( 2)
 185 T   0.00159 0.00232 0.82478 0.17131 ( 3)
 186 L   0.00068 0.00204 0.94191 0.05537 ( 3)
 187 T   0.27523 0.65153 0.05464 0.01861 ( 2)
 188 Y   0.94675 0.05279 0.00044 0.00002 ( 1)
 189 V   0.96245 0.03690 0.00063 0.00002 ( 1)
 190 L   0.95049 0.04878 0.00070 0.00004 ( 1)
 191 T   0.04655 0.95251 0.00004 0.00090 ( 2)
 192 H   0.16278 0.83708 0.00002 0.00012 ( 2)
 193 A   0.95855 0.04086 0.00057 0.00003 ( 1)
 194 G   0.94848 0.05081 0.00068 0.00004 ( 1)
 195 E   0.93838 0.05980 0.00171 0.00011 ( 1)
 196 P   0.95318 0.04608 0.00070 0.00003 ( 1)
 197 L   0.94512 0.05414 0.00069 0.00004 ( 1)
 198 S   0.97879 0.02094 0.00027 0.00001 ( 1)
 199 E   0.93838 0.05980 0.00171 0.00011 ( 1)
 200 V   0.55757 0.44117 0.00070 0.00056 ( 1)
 201 E   0.93838 0.05980 0.00171 0.00011 ( 1)
 202 A   0.92757 0.07141 0.00094 0.00007 ( 1)
 203 E   0.68262 0.31554 0.00124 0.00059 ( 1)
 204 Q   0.69845 0.30107 0.00033 0.00015 ( 1)
 205 M   0.94828 0.05082 0.00084 0.00005 ( 1)
 206 M   0.94828 0.05082 0.00084 0.00005 ( 1)
 207 K   0.74953 0.24945 0.00076 0.00027 ( 1)
 208 E   0.97608 0.02380 0.00011 0.00000 ( 1)
 209 A   0.92757 0.07141 0.00094 0.00007 ( 1)
 210 D   0.74674 0.25234 0.00068 0.00024 ( 1)
 211 K   0.95557 0.04342 0.00097 0.00005 ( 1)
 212 D   0.77259 0.22721 0.00016 0.00005 ( 1)
 213 G   0.95522 0.04399 0.00076 0.00004 ( 1)
 214 D   0.73835 0.24468 0.01264 0.00433 ( 1)
 215 G   0.75268 0.24652 0.00060 0.00020 ( 1)
 216 T   0.98321 0.01651 0.00027 0.00000 ( 1)
 217 I   0.97041 0.02957 0.00002 0.00000 ( 1)
 218 D   0.95458 0.04451 0.00087 0.00004 ( 1)
 219 H   0.72030 0.27924 0.00033 0.00013 ( 1)
 220 E   0.93564 0.06254 0.00170 0.00012 ( 1)
 221 E   0.92657 0.07160 0.00169 0.00013 ( 1)
 222 F   0.92808 0.07121 0.00065 0.00005 ( 1)
 223 V   0.95143 0.04792 0.00062 0.00003 ( 1)
 224 A   0.91598 0.08301 0.00093 0.00009 ( 1)
 225 M   0.93656 0.06255 0.00083 0.00006 ( 1)
 226 M   0.93656 0.06255 0.00083 0.00006 ( 1)
 227 T   0.97093 0.02877 0.00029 0.00001 ( 1)
 228 G   0.94374 0.05547 0.00075 0.00005 ( 1)
 229 E   0.92657 0.07160 0.00169 0.00013 ( 1)
 230 S   0.94232 0.05703 0.00061 0.00004 ( 1)
 231 F   0.92808 0.07121 0.00065 0.00005 ( 1)
 232 K   0.94412 0.05487 0.00095 0.00006 ( 1)
 233 L   0.88029 0.11844 0.00111 0.00015 ( 1)
 234 V   0.98930 0.01050 0.00019 0.00000 ( 1)
 235 Q   0.01426 0.98526 0.00001 0.00047 ( 2)


lnL = -1772.699795

Bayes Empirical Bayes (BEB) probabilities for 4 classes (class)
(amino acids refer to 1st sequence: Egla)

   1 M   0.16975 0.66576 0.03407 0.13042 ( 2)
   2 V   0.18338 0.65535 0.03579 0.12549 ( 2)
   3 S   0.75448 0.08411 0.14523 0.01618 ( 1)
   4 L   0.45516 0.38059 0.09020 0.07406 ( 1)
   5 P   0.47736 0.36018 0.09323 0.06923 ( 1)
   6 W   0.36914 0.45801 0.07842 0.09443 ( 2)
   7 P   0.67701 0.15103 0.14103 0.03094 ( 1)
   8 H   0.78682 0.06261 0.13929 0.01127 ( 1)
   9 W   0.67335 0.15418 0.14080 0.03167 ( 1)
  10 L   0.66991 0.15708 0.14064 0.03237 ( 1)
  11 S   0.73727 0.10126 0.14199 0.01948 ( 1)
  12 S   0.75709 0.09048 0.13596 0.01646 ( 1)
  13 A   0.70865 0.12465 0.14196 0.02474 ( 1)
  14 A   0.70906 0.12425 0.14202 0.02467 ( 1)
  15 P   0.35763 0.46893 0.07633 0.09711 ( 2)
  16 L   0.66991 0.15708 0.14064 0.03237 ( 1)
  17 H   0.52932 0.31877 0.09483 0.05708 ( 1)
  18 S   0.74052 0.09865 0.14193 0.01891 ( 1)
  19 H   0.78682 0.06261 0.13929 0.01127 ( 1)
  20 M   0.42735 0.41225 0.08210 0.07829 ( 1)
  21 A   0.70864 0.12466 0.14196 0.02474 ( 1)
  22 G   0.43009 0.40625 0.08485 0.07881 ( 1)
  23 L   0.66991 0.15708 0.14064 0.03237 ( 1)
  24 P   0.73662 0.10178 0.14201 0.01960 ( 1)
  25 L   0.66991 0.15708 0.14064 0.03237 ( 1)
  26 P   0.67701 0.15103 0.14103 0.03094 ( 1)
  27 R   0.70137 0.13067 0.14182 0.02613 ( 1)
  28 A   0.44936 0.38700 0.08862 0.07502 ( 1)
  29 P   0.79080 0.05975 0.13877 0.01068 ( 1)
  30 S   0.73727 0.10126 0.14199 0.01948 ( 1)
  31 P   0.67915 0.14889 0.14146 0.03050 ( 1)
  32 L   0.69727 0.12975 0.14625 0.02673 ( 1)
  33 S   0.70506 0.12752 0.14200 0.02543 ( 1)
  34 G   0.43045 0.40589 0.08492 0.07874 ( 1)
  35 L   0.72689 0.10966 0.14210 0.02135 ( 1)
  36 A   0.74343 0.09630 0.14188 0.01839 ( 1)
  37 E   0.41522 0.41931 0.08312 0.08235 ( 2)
  38 P   0.71578 0.11231 0.14892 0.02299 ( 1)
  39 C   0.77109 0.07456 0.14061 0.01374 ( 1)
  40 S   0.74019 0.09897 0.14187 0.01897 ( 1)
  41 P   0.73662 0.10178 0.14201 0.01960 ( 1)
  42 L   0.42256 0.41309 0.08384 0.08051 ( 1)
  43 T   0.15438 0.68264 0.03062 0.13237 ( 2)
  44 T   0.78611 0.06318 0.13933 0.01138 ( 1)
  45 H   0.47649 0.36387 0.09098 0.06866 ( 1)
  46 P   0.43950 0.39791 0.08596 0.07663 ( 1)
  47 C   0.40799 0.42423 0.08322 0.08456 ( 2)
  48 A   0.71176 0.12156 0.14255 0.02413 ( 1)
  49 A   0.70906 0.12425 0.14202 0.02467 ( 1)
  50 W   0.67335 0.15418 0.14080 0.03167 ( 1)
  51 P   0.66635 0.15513 0.14551 0.03301 ( 1)
  52 Q   0.73963 0.08185 0.16111 0.01740 ( 1)
  53 A   0.69114 0.13034 0.15079 0.02772 ( 1)
  54 C   0.73745 0.08404 0.16065 0.01787 ( 1)
  55 S   0.71444 0.10705 0.15575 0.02276 ( 1)
  56 G   0.71356 0.10792 0.15557 0.02295 ( 1)
  57 L   0.66098 0.16051 0.14436 0.03416 ( 1)
  58 G   0.71356 0.10792 0.15557 0.02295 ( 1)
  59 P   0.68862 0.13944 0.14339 0.02856 ( 1)
  60 P   0.67028 0.15664 0.14077 0.03230 ( 1)
  61 A   0.70906 0.12425 0.14202 0.02467 ( 1)
  62 S   0.73727 0.10126 0.14199 0.01948 ( 1)
  63 P   0.73293 0.10545 0.14131 0.02031 ( 1)
  64 G   0.40514 0.42550 0.08366 0.08569 ( 2)
  65 L   0.66991 0.15708 0.14064 0.03237 ( 1)
  66 R   0.81628 0.04147 0.13516 0.00709 ( 1)
  67 G   0.76760 0.07721 0.14088 0.01430 ( 1)
  68 G   0.73308 0.10082 0.14615 0.01995 ( 1)
  69 G   0.75428 0.08468 0.14478 0.01626 ( 1)
  70 A   0.38354 0.44900 0.07806 0.08940 ( 2)
  71 P   0.69152 0.13653 0.14398 0.02796 ( 1)
  72 G   0.76293 0.07445 0.14819 0.01443 ( 1)
  73 E   0.17617 0.65769 0.03583 0.13031 ( 2)
  74 P   0.12545 0.70183 0.02705 0.14567 ( 2)
  75 G   0.76724 0.07176 0.14722 0.01378 ( 1)
  76 P   0.76884 0.06967 0.14808 0.01342 ( 1)
  77 V   0.00061 0.83744 0.00012 0.16183 ( 2)
  78 S   0.18041 0.65627 0.03583 0.12748 ( 2)
  79 P   0.70094 0.12602 0.14706 0.02598 ( 1)
  80 Q   0.04941 0.78417 0.01026 0.15617 ( 2)
  81 T   0.79703 0.04747 0.14669 0.00882 ( 1)
  82 E   0.74920 0.08626 0.14762 0.01692 ( 1)
  83 R   0.62395 0.22167 0.11412 0.04026 ( 1)
  84 L   0.68519 0.14182 0.14377 0.02922 ( 1)
  85 T   0.80322 0.04130 0.14780 0.00768 ( 1)
  86 A   0.77458 0.06525 0.14769 0.01247 ( 1)
  87 E   0.75229 0.08318 0.14822 0.01631 ( 1)
  88 Q   0.74952 0.08602 0.14761 0.01686 ( 1)
  89 I   0.55082 0.28863 0.10587 0.05468 ( 1)
  90 K   0.16754 0.66629 0.03410 0.13207 ( 2)
  91 E   0.47390 0.36080 0.09465 0.07065 ( 1)
  92 Y   0.75815 0.07878 0.14776 0.01531 ( 1)
  93 K   0.18033 0.65677 0.03568 0.12721 ( 2)
  94 G   0.76865 0.07036 0.14749 0.01351 ( 1)
  95 V   0.83038 0.02351 0.14198 0.00413 ( 1)
  96 S   0.39013 0.43861 0.08181 0.08946 ( 2)
  97 E   0.74920 0.08626 0.14762 0.01692 ( 1)
  98 M   0.76175 0.07561 0.14797 0.01466 ( 1)
  99 F   0.70447 0.12475 0.14541 0.02537 ( 1)
 100 D   0.78485 0.05773 0.14657 0.01085 ( 1)
 101 E   0.75018 0.08529 0.14781 0.01673 ( 1)
 102 E   0.14690 0.11101 0.66580 0.07629 ( 3)
 103 G   0.76179 0.07558 0.14797 0.01465 ( 1)
 104 N   0.81457 0.03414 0.14511 0.00619 ( 1)
 105 G   0.77111 0.06791 0.14794 0.01304 ( 1)
 106 A   0.77556 0.06428 0.14788 0.01228 ( 1)
 107 V   0.78144 0.05954 0.14773 0.01130 ( 1)
 108 K   0.54764 0.29073 0.10616 0.05547 ( 1)
 109 T   0.79794 0.04655 0.14685 0.00865 ( 1)
 110 D   0.77042 0.06845 0.14797 0.01316 ( 1)
 111 E   0.75018 0.08529 0.14781 0.01673 ( 1)
 112 L   0.68462 0.14239 0.14366 0.02934 ( 1)
 113 E   0.75018 0.08529 0.14781 0.01673 ( 1)
 114 R   0.81916 0.03107 0.14419 0.00558 ( 1)
 115 L   0.75730 0.07935 0.14791 0.01545 ( 1)
 116 M   0.18789 0.64769 0.03765 0.12678 ( 2)
 117 S   0.73616 0.09649 0.14812 0.01924 ( 1)
 118 L   0.68573 0.14127 0.14388 0.02911 ( 1)
 119 R   0.13073 0.70467 0.02633 0.13827 ( 2)
 120 G   0.76388 0.07350 0.14837 0.01425 ( 1)
 121 T   0.54575 0.29369 0.10492 0.05565 ( 1)
 122 N   0.81457 0.03414 0.14511 0.00619 ( 1)
 123 P   0.76815 0.07035 0.14795 0.01355 ( 1)
 124 A   0.65507 0.19353 0.11695 0.03444 ( 1)
 125 K   0.77195 0.06720 0.14796 0.01289 ( 1)
 126 S   0.63867 0.20832 0.11552 0.03749 ( 1)
 127 E   0.48059 0.35411 0.09597 0.06933 ( 1)
 128 L   0.68573 0.14127 0.14388 0.02911 ( 1)
 129 A   0.73957 0.09381 0.14799 0.01862 ( 1)
 130 S   0.76896 0.06968 0.14795 0.01341 ( 1)
 131 -   0.75689 0.08046 0.14705 0.01560 ( 1)
 132 -   0.45435 0.37836 0.09221 0.07508 ( 1)
 133 -   0.76703 0.07210 0.14704 0.01383 ( 1)
 134 D   0.52529 0.31275 0.10212 0.05984 ( 1)
 135 V   0.78144 0.05954 0.14773 0.01130 ( 1)
 136 D   0.77042 0.06845 0.14797 0.01316 ( 1)
 137 R   0.58578 0.25764 0.10906 0.04753 ( 1)
 138 E   0.18901 0.64789 0.03745 0.12565 ( 2)
 139 K   0.76178 0.07734 0.14605 0.01484 ( 1)
 140 K   0.62071 0.22471 0.11371 0.04088 ( 1)
 141 G   0.52174 0.31642 0.10134 0.06050 ( 1)
 142 F   0.75058 0.08499 0.14777 0.01665 ( 1)
 143 F   0.75058 0.08499 0.14777 0.01665 ( 1)
 144 N   0.81506 0.03364 0.14520 0.00610 ( 1)
 145 C   0.59921 0.24566 0.11027 0.04487 ( 1)
 146 K   0.19293 0.64398 0.03821 0.12488 ( 2)
 147 G   0.61605 0.23083 0.11153 0.04159 ( 1)
 148 F   0.75058 0.08499 0.14777 0.01665 ( 1)
 149 L   0.68573 0.14127 0.14388 0.02911 ( 1)
 150 A   0.77594 0.06391 0.14795 0.01221 ( 1)
 151 R   0.36025 0.46640 0.07685 0.09650 ( 2)
 152 M   0.50894 0.32764 0.10011 0.06331 ( 1)
 153 G   0.77264 0.06638 0.14823 0.01275 ( 1)
 154 V   0.78439 0.05659 0.14828 0.01074 ( 1)
 155 Y   0.50040 0.33575 0.09878 0.06507 ( 1)
 156 W   0.69222 0.13533 0.14466 0.02779 ( 1)
 157 E   0.75312 0.08236 0.14838 0.01615 ( 1)
 158 K   0.75713 0.06435 0.16483 0.01368 ( 1)
 159 A   0.72688 0.09461 0.15840 0.02011 ( 1)
 160 Q   0.73923 0.08225 0.16103 0.01749 ( 1)
 161 N   0.78963 0.03186 0.17174 0.00678 ( 1)
 162 Q   0.73923 0.08225 0.16103 0.01749 ( 1)
 163 E   0.73903 0.08246 0.16098 0.01753 ( 1)
 164 S   0.43941 0.38207 0.09719 0.08133 ( 1)
 165 E   0.73903 0.08246 0.16098 0.01753 ( 1)
 166 L   0.74499 0.07649 0.16225 0.01626 ( 1)
 167 R   0.80652 0.01497 0.17533 0.00319 ( 1)
 168 A   0.76003 0.06145 0.16545 0.01307 ( 1)
 169 A   0.72688 0.09461 0.15840 0.02011 ( 1)
 170 F   0.47225 0.34923 0.10431 0.07420 ( 1)
 171 R   0.78360 0.03789 0.17046 0.00806 ( 1)
 172 I   0.76188 0.05960 0.16584 0.01267 ( 1)
 173 F   0.73932 0.08216 0.16105 0.01747 ( 1)
 174 D   0.75589 0.06560 0.16457 0.01395 ( 1)
 175 K   0.75618 0.06530 0.16463 0.01389 ( 1)
 176 E   0.73903 0.08246 0.16098 0.01753 ( 1)
 177 G   0.18934 0.63215 0.04254 0.13597 ( 2)
 178 K   0.75713 0.06435 0.16483 0.01368 ( 1)
 179 G   0.75159 0.06990 0.16365 0.01486 ( 1)
 180 Y   0.74654 0.07495 0.16258 0.01593 ( 1)
 181 I   0.75998 0.06150 0.16544 0.01308 ( 1)
 182 D   0.75589 0.06560 0.16457 0.01395 ( 1)
 183 W   0.69222 0.13533 0.14466 0.02779 ( 1)
 184 G   0.08637 0.30016 0.39034 0.22313 ( 3)
 185 T   0.10351 0.24287 0.47416 0.17947 ( 3)
 186 L   0.00707 0.02836 0.87536 0.08922 ( 3)
 187 T   0.09440 0.31161 0.38384 0.21015 ( 3)
 188 Y   0.76210 0.07484 0.14851 0.01455 ( 1)
 189 V   0.78439 0.05659 0.14828 0.01074 ( 1)
 190 L   0.76634 0.07033 0.14964 0.01369 ( 1)
 191 T   0.04861 0.78635 0.00996 0.15508 ( 2)
 192 H   0.11712 0.73044 0.02132 0.13112 ( 2)
 193 A   0.77854 0.06131 0.14843 0.01172 ( 1)
 194 G   0.76478 0.07260 0.14854 0.01408 ( 1)
 195 E   0.75312 0.08236 0.14838 0.01615 ( 1)
 196 P   0.77114 0.06737 0.14851 0.01297 ( 1)
 197 L   0.76025 0.07640 0.14848 0.01487 ( 1)
 198 S   0.81171 0.03614 0.14557 0.00658 ( 1)
 199 E   0.75312 0.08236 0.14838 0.01615 ( 1)
 200 V   0.39346 0.43322 0.08382 0.08950 ( 2)
 201 E   0.75312 0.08236 0.14838 0.01615 ( 1)
 202 A   0.73883 0.09455 0.14785 0.01877 ( 1)
 203 E   0.48178 0.35294 0.09620 0.06909 ( 1)
 204 Q   0.49170 0.34277 0.09819 0.06734 ( 1)
 205 M   0.76474 0.07263 0.14854 0.01408 ( 1)
 206 M   0.76474 0.07263 0.14854 0.01408 ( 1)
 207 K   0.53315 0.30515 0.10341 0.05829 ( 1)
 208 E   0.80572 0.03998 0.14692 0.00738 ( 1)
 209 A   0.73883 0.09455 0.14785 0.01877 ( 1)
 210 D   0.53069 0.30737 0.10315 0.05879 ( 1)
 211 K   0.77495 0.06421 0.14852 0.01232 ( 1)
 212 D   0.55320 0.28843 0.10449 0.05387 ( 1)
 213 G   0.77410 0.06493 0.14851 0.01247 ( 1)
 214 D   0.53377 0.30431 0.10364 0.05828 ( 1)
 215 G   0.53521 0.30300 0.10390 0.05789 ( 1)
 216 T   0.81950 0.02995 0.14514 0.00540 ( 1)
 217 I   0.80387 0.04805 0.13955 0.00852 ( 1)
 218 D   0.77343 0.06546 0.14854 0.01258 ( 1)
 219 H   0.50892 0.32726 0.10043 0.06340 ( 1)
 220 E   0.75017 0.08530 0.14781 0.01673 ( 1)
 221 E   0.74050 0.09493 0.14594 0.01862 ( 1)
 222 F   0.74085 0.09469 0.14590 0.01855 ( 1)
 223 V   0.77123 0.06970 0.14584 0.01323 ( 1)
 224 A   0.72698 0.10638 0.14553 0.02112 ( 1)
 225 M   0.75173 0.08561 0.14607 0.01660 ( 1)
 226 M   0.75173 0.08561 0.14607 0.01660 ( 1)
 227 T   0.80068 0.04675 0.14404 0.00853 ( 1)
 228 G   0.76093 0.07806 0.14603 0.01499 ( 1)
 229 E   0.74050 0.09493 0.14594 0.01862 ( 1)
 230 S   0.75878 0.07982 0.14604 0.01536 ( 1)
 231 F   0.74085 0.09469 0.14590 0.01855 ( 1)
 232 K   0.76178 0.07734 0.14605 0.01484 ( 1)
 233 L   0.68782 0.13919 0.14431 0.02868 ( 1)
 234 V   0.83308 0.02083 0.14244 0.00366 ( 1)
 235 Q   0.02061 0.81291 0.00431 0.16216 ( 2)

