97
Bacu_CASQ1         0.0000000 0.0671709 0.0631849 0.0056857 0.0193807 0.0209221 0.0173455 0.0153645 0.0363271 0.0176091 0.2625836 0.0686720 0.0648054 0.2443128 0.5389449 0.0477097 0.0648305 0.0698848 0.0692477 0.0639508 0.0839593 0.0459246 0.2261950 0.0437303 0.0391481 0.0281106 0.0759728 0.0619770 0.0710433 0.0698527 0.0692302 0.1488703 0.0802029 0.2403052 0.0622948 0.0704054 0.0650049 0.0875760 0.0742321 0.0681062 0.0717506 0.0710433 0.0667634 0.0696627 0.0708389 0.0722975 0.0501502 0.0690381 0.0782262 0.0726677 0.0743729 0.0778956 0.0912197 0.0845302 0.0782037 0.0817939 0.0799662 0.0810462 0.3967554 0.0726677 0.0817475 0.0750643 0.0974390 0.0792937 0.2392595 0.0649820 0.0669487 0.0809549 0.2254132 0.0758809 0.0640743 0.0683586 0.1074350 0.0734943 0.0773294 0.4432479 0.0673128 0.0774059 0.0666036 0.0802692 0.0667386 0.0713620 0.0619770 0.0669330 0.0695718 0.0801520 0.0639508 0.0713620 0.0678219 0.0740809 0.0647936 0.0678021 0.0647936 0.2215631 0.0731723 0.0676395 0.0860166 
Barn_CASQ1         0.0671709 0.0000000 0.0000010 0.0766196 0.0679267 0.0679267 0.0667567 0.0668588 0.0761556 0.0763163 0.3230457 0.0757243 0.0803900 0.2982903 0.5655161 0.1014250 0.0900835 0.0900835 0.0900835 0.0900835 0.0805601 0.0900827 0.2525142 0.0807163 0.0807163 0.0869948 0.0957742 0.0854331 0.0957742 0.0957742 0.0212489 0.1428796 0.0081998 0.2524561 0.0857347 0.0664449 0.0618361 0.0902556 0.0952684 0.0803900 0.0803900 0.0950249 0.1049769 0.0756826 0.0756826 0.0852107 0.0758893 0.0212420 0.0255699 0.0212420 0.0220698 0.0437756 0.0523982 0.0227417 0.0212264 0.0255666 0.0391658 0.0805601 0.4401909 0.0212420 0.0256173 0.0256002 0.1342296 0.0921072 0.2960227 0.0806012 0.0853581 0.0899046 0.2898070 0.0805846 0.0665861 0.0910554 0.0801438 0.0847715 0.1004346 0.5410726 0.0711385 0.0899236 0.0847715 0.0742080 0.0900835 0.0900835 0.0854331 0.0903454 0.0997949 0.0928024 0.0900835 0.0900835 0.0900835 0.0900835 0.0900835 0.0900835 0.0900835 0.1969900 0.0857387 0.0212706 0.0176547 
Bbai76728_CASQ1    0.0631849 0.0000010 0.0000000 0.0701734 0.0593547 0.0648447 0.0594292 0.0594949 0.0699007 0.0713932 0.2904302 0.0676171 0.0671600 0.2739364 0.5973567 0.0956455 0.0747260 0.0730072 0.0813355 0.0730072 0.0730788 0.0863952 0.2415986 0.0788948 0.0732852 0.0741766 0.0861272 0.0710718 0.0790581 0.0770290 0.0219955 0.1451335 0.0081998 0.2514818 0.0817226 0.0639529 0.0571246 0.0861377 0.0824421 0.0713277 0.0709693 0.0785677 0.0837726 0.0625115 0.0634632 0.0766958 0.0626905 0.0192550 0.0238361 0.0182821 0.0246343 0.0382664 0.0451366 0.0221397 0.0182704 0.0272921 0.0311763 0.0695428 0.4125326 0.0219765 0.0273255 0.0204591 0.1120266 0.0772499 0.2665849 0.0672989 0.0695599 0.0763892 0.2604620 0.0814014 0.0697354 0.0753619 0.0903976 0.0743777 0.0871064 0.5282434 0.0677578 0.0827009 0.0726914 0.0650570 0.0765001 0.0789937 0.0710718 0.0766792 0.0800616 0.0928024 0.0730072 0.0789937 0.0747260 0.0789937 0.0747260 0.0785627 0.0747260 0.2217764 0.0694756 0.0168931 0.0163698 
BbonAUS_CASQ1      0.0056857 0.0766196 0.0701734 0.0000000 0.0259658 0.0280419 0.0232277 0.0232475 0.0412696 0.0247581 0.2820327 0.0718136 0.0706329 0.2622516 0.5499072 0.0539064 0.0713049 0.0726321 0.0762054 0.0693081 0.0921963 0.0498982 0.2407051 0.0472229 0.0442488 0.0354892 0.0802188 0.0673254 0.0742990 0.0727547 0.0804917 0.1596665 0.0992927 0.2511256 0.0753402 0.0744905 0.0690242 0.0880268 0.0775495 0.0744474 0.0751843 0.0740694 0.0725033 0.0725631 0.0740904 0.0793778 0.0631638 0.0767100 0.0781466 0.0841647 0.0815289 0.0890114 0.1032154 0.0984683 0.0865108 0.0887542 0.0925741 0.0888665 0.3995306 0.0841648 0.0887027 0.0819778 0.1146919 0.0831186 0.2556747 0.0707658 0.0726269 0.0820120 0.2491105 0.0800171 0.0728053 0.0746685 0.1082826 0.0807090 0.0814853 0.4687772 0.0712152 0.0847285 0.0787732 0.0885985 0.0724730 0.0744313 0.0673254 0.0726275 0.0756954 0.0944379 0.0693081 0.0744313 0.0706179 0.0744313 0.0706179 0.0740663 0.0706179 0.2107832 0.0729663 0.0780078 0.0928146 
Bbor_CASQ1         0.0193807 0.0679267 0.0593547 0.0259658 0.0000000 0.0000010 0.0000010 0.0063513 0.0291092 0.0136828 0.2604287 0.0558891 0.0567609 0.2438795 0.5489642 0.0325990 0.0554541 0.0598318 0.0617470 0.0562425 0.0811307 0.0349486 0.2263846 0.0347711 0.0323687 0.0194233 0.0661090 0.0531312 0.0607192 0.0599416 0.0748722 0.1405273 0.0887485 0.2285337 0.0623713 0.0645597 0.0577366 0.0746657 0.0643093 0.0608503 0.0596870 0.0605102 0.0597156 0.0597685 0.0605311 0.0659899 0.0494677 0.0746967 0.0804709 0.0789942 0.0757706 0.0847535 0.1005976 0.0833080 0.0803938 0.0844832 0.0876273 0.0775078 0.3862104 0.0789942 0.0844293 0.0769275 0.1054990 0.0737420 0.2371790 0.0568784 0.0598258 0.0700805 0.2205528 0.0617227 0.0634023 0.0610529 0.0963196 0.0755206 0.0685320 0.4635984 0.0609419 0.0721370 0.0737327 0.0746405 0.0596879 0.0608365 0.0568822 0.0598290 0.0631873 0.0871288 0.0562425 0.0608365 0.0567483 0.0608365 0.0567483 0.0605103 0.0567483 0.2073374 0.0659405 0.0725479 0.0891280 
Bede66737_CASQ1    0.0209221 0.0679267 0.0648447 0.0280419 0.0000010 0.0000000 0.0000010 0.0068471 0.0314274 0.0148403 0.2639533 0.0558891 0.0617621 0.2460736 0.5747682 0.0352173 0.0609654 0.0647437 0.0617470 0.0608365 0.0879119 0.0349486 0.2334248 0.0337950 0.0349486 0.0209716 0.0661090 0.0578039 0.0661090 0.0648729 0.0748722 0.1496582 0.0887485 0.2345970 0.0623713 0.0645597 0.0577366 0.0746657 0.0660096 0.0608503 0.0609823 0.0658620 0.0646076 0.0646700 0.0658859 0.0658635 0.0534939 0.0746967 0.0831786 0.0789942 0.0781776 0.0878437 0.1050620 0.0833080 0.0803938 0.0875376 0.0876273 0.0839629 0.3977765 0.0789942 0.0874765 0.0769275 0.1147059 0.0798437 0.2388171 0.0619015 0.0647373 0.0720687 0.2269665 0.0617227 0.0572792 0.0665049 0.0963196 0.0822685 0.0685320 0.4913721 0.0609419 0.0721370 0.0798362 0.0824399 0.0608365 0.0608365 0.0619048 0.0609808 0.0683784 0.0871288 0.0608365 0.0608365 0.0617470 0.0608365 0.0617470 0.0617470 0.0617470 0.2077389 0.0727908 0.0790987 0.0924618 
BedeAUS_CASQ1      0.0173455 0.0667567 0.0594292 0.0232277 0.0000010 0.0000010 0.0000000 0.0056944 0.0290034 0.0121707 0.2621530 0.0600475 0.0601132 0.2471444 0.5476204 0.0351638 0.0596325 0.0626807 0.0647784 0.0594444 0.0818161 0.0349486 0.2183461 0.0340347 0.0319261 0.0173797 0.0686489 0.0568708 0.0636609 0.0627842 0.0764123 0.1426461 0.0887485 0.2401567 0.0659495 0.0637603 0.0576932 0.0762164 0.0668607 0.0637839 0.0633966 0.0634659 0.0625713 0.0626213 0.0634851 0.0684132 0.0534049 0.0763305 0.0812908 0.0800475 0.0775621 0.0851004 0.0991595 0.0833080 0.0818782 0.0848590 0.0881596 0.0785651 0.3859599 0.0800475 0.0848108 0.0781426 0.1035961 0.0724690 0.2450533 0.0602243 0.0626754 0.0718901 0.2385269 0.0648339 0.0627736 0.0639725 0.0955654 0.0768584 0.0706420 0.4578926 0.0605451 0.0738493 0.0751726 0.0762672 0.0625453 0.0637709 0.0568708 0.0626778 0.0656951 0.0872719 0.0594444 0.0637709 0.0601012 0.0637709 0.0601012 0.0634654 0.0601012 0.2009898 0.0686346 0.0742353 0.0889897 
Bmus_CASQ1         0.0153645 0.0668588 0.0594949 0.0232475 0.0063513 0.0068471 0.0056944 0.0000000 0.0304172 0.0116114 0.2571257 0.0648067 0.0615030 0.2352385 0.5421992 0.0412794 0.0612152 0.0665671 0.0656820 0.0608330 0.0806341 0.0383454 0.2175089 0.0370447 0.0332045 0.0166179 0.0723148 0.0586984 0.0676619 0.0666637 0.0724402 0.1406366 0.0793582 0.2346703 0.0618411 0.0635367 0.0577838 0.0832424 0.0706723 0.0647529 0.0678666 0.0675212 0.0636174 0.0664839 0.0674690 0.0688466 0.0471657 0.0764289 0.0813861 0.0758788 0.0776552 0.0809184 0.0942477 0.0765335 0.0819935 0.0849599 0.0833319 0.0777528 0.3853171 0.0758788 0.0849116 0.0782334 0.0939093 0.0754494 0.2339976 0.0616691 0.0636612 0.0776644 0.2203002 0.0680808 0.0581424 0.0649914 0.1063537 0.0765111 0.0738687 0.4427061 0.0604853 0.0735140 0.0691348 0.0758764 0.0635939 0.0678214 0.0586984 0.0637779 0.0663974 0.0874879 0.0608330 0.0678214 0.0644856 0.0702221 0.0614921 0.0644670 0.0614921 0.2164889 0.0693976 0.0706358 0.0890942 
Bmys_CASQ1         0.0363271 0.0761556 0.0699007 0.0412696 0.0291092 0.0314274 0.0290034 0.0304172 0.0000000 0.0264251 0.2649078 0.0820937 0.0725521 0.2369347 0.5730995 0.0535627 0.0733781 0.0812973 0.0779118 0.0743591 0.0805374 0.0033698 0.2283179 0.0059835 0.0026861 0.0394754 0.0852488 0.0759605 0.0793141 0.0807850 0.0723578 0.1457609 0.0889716 0.2357550 0.0821561 0.0539663 0.0508479 0.0865093 0.0831468 0.0795690 0.0814099 0.0796884 0.0774001 0.0805484 0.0790687 0.0808175 0.0684169 0.0802576 0.0812946 0.0757923 0.0775646 0.0808313 0.0941455 0.0834560 0.0818829 0.0848641 0.0869973 0.0774538 0.4063595 0.0757923 0.0848158 0.0816648 0.1209056 0.0753035 0.2395899 0.0792452 0.0845641 0.0896007 0.2245367 0.0677607 0.0535036 0.0830103 0.0941168 0.0932960 0.0896279 0.4677442 0.0508365 0.0939679 0.0928287 0.0910351 0.0773696 0.0836852 0.0759605 0.0837747 0.0804374 0.0801587 0.0743591 0.0836852 0.0758103 0.0836852 0.0725376 0.0757866 0.0725376 0.2003641 0.0790822 0.0705608 0.0924683 
Bphy_CASQ1         0.0176091 0.0763163 0.0713932 0.0247581 0.0136828 0.0148403 0.0121707 0.0116114 0.0264251 0.0000000 0.2714742 0.0609962 0.0572776 0.2515780 0.4928715 0.0407634 0.0565301 0.0636465 0.0614967 0.0572668 0.0766214 0.0338573 0.2217658 0.0340863 0.0293819 0.0236323 0.0686517 0.0573935 0.0638855 0.0638855 0.0724712 0.1353161 0.0889359 0.2358699 0.0718927 0.0613873 0.0547843 0.0763429 0.0669632 0.0615094 0.0635044 0.0635630 0.0604320 0.0636893 0.0636893 0.0650944 0.0511091 0.0823890 0.0814171 0.0759100 0.0776873 0.0809480 0.0942769 0.0903292 0.0820306 0.0849910 0.0898490 0.0766214 0.3807194 0.0759100 0.0849426 0.0839564 0.1054661 0.0741753 0.2494185 0.0606003 0.0636408 0.0731506 0.2384537 0.0649405 0.0605391 0.0641843 0.1014225 0.0769761 0.0719720 0.4322841 0.0581310 0.0756891 0.0764817 0.0802036 0.0604065 0.0648848 0.0573935 0.0637752 0.0635944 0.0801520 0.0572668 0.0648848 0.0604818 0.0648848 0.0572668 0.0604631 0.0572668 0.1806161 0.0688605 0.0706645 0.0954423 
Btau_CASQ1         0.2625836 0.3230457 0.2904302 0.2820327 0.2604287 0.2639533 0.2621530 0.2571257 0.2649078 0.2714742 0.0000000 0.2589510 0.2647708 0.1001682 0.5252497 0.2911745 0.2727025 0.2578594 0.2678585 0.2477959 0.2552825 0.2854949 0.3262027 0.2928270 0.2684483 0.2657064 0.2650305 0.2651435 0.2620092 0.2452506 0.2809522 0.2915800 0.3268502 0.3237843 0.2432908 0.2547535 0.2519204 0.2949819 0.2800688 0.2498102 0.2857629 0.2758521 0.2525510 0.2480387 0.2649475 0.2581016 0.2515750 0.2608767 0.2808309 0.2712336 0.2903270 0.2829205 0.2926738 0.2454777 0.3086941 0.2902048 0.2853922 0.2513902 0.4590456 0.2760011 0.2948546 0.2667478 0.2954887 0.2665297 0.0848992 0.2694212 0.2652235 0.2625723 0.1403224 0.2951166 0.2356115 0.2711627 0.3056537 0.2890420 0.2427264 0.4796816 0.2427018 0.2624543 0.2581921 0.2813160 0.2513212 0.2555929 0.2572676 0.2408678 0.2478727 0.2618449 0.2477959 0.2555929 0.2610175 0.2589629 0.2646689 0.2609005 0.2646689 0.3180681 0.2566683 0.2634647 0.2904147 
Ccom40_CASQ1       0.0686720 0.0757243 0.0676171 0.0718136 0.0558891 0.0558891 0.0600475 0.0648067 0.0820937 0.0609962 0.2589510 0.0000000 0.0032574 0.2549738 0.5955612 0.0913693 0.0098306 0.0092014 0.0098306 0.0092014 0.0442561 0.0893091 0.2264699 0.0842399 0.0857318 0.0758679 0.0131930 0.0165025 0.0131930 0.0123433 0.0773656 0.1504299 0.0974887 0.2313341 0.0454530 0.0742065 0.0639413 0.0255804 0.0131756 0.0030501 0.0032574 0.0131499 0.0185668 0.0061199 0.0065373 0.0065358 0.0344430 0.0816561 0.0773632 0.0732908 0.0845366 0.0491021 0.0986617 0.0956900 0.0732580 0.0814079 0.0837575 0.0409766 0.4151042 0.0772936 0.0815229 0.0753892 0.0761909 0.0512560 0.2402452 0.0131634 0.0154332 0.0122920 0.2248133 0.0404928 0.0712247 0.0199328 0.0500727 0.0520024 0.0154407 0.5081738 0.0778242 0.0411316 0.0474832 0.0472609 0.0092014 0.0092014 0.0232413 0.0185873 0.0154106 0.0156271 0.0092014 0.0092014 0.0098306 0.0100135 0.0098306 0.0098306 0.0098306 0.2326189 0.0112667 0.0733852 0.0744536 
Chea7320_CASQ1     0.0648054 0.0803900 0.0671600 0.0706329 0.0567609 0.0617621 0.0601132 0.0615030 0.0725521 0.0572776 0.2647708 0.0032574 0.0000000 0.2536357 0.5131391 0.0846077 0.0057927 0.0083354 0.0056391 0.0052984 0.0325505 0.0896897 0.2220979 0.0830931 0.0756264 0.0705720 0.0113779 0.0133635 0.0106848 0.0106848 0.0754553 0.1474016 0.0974887 0.2250486 0.0362572 0.0674432 0.0640676 0.0228403 0.0111337 0.0000010 0.0030310 0.0083246 0.0133478 0.0053018 0.0053018 0.0054038 0.0242237 0.0859981 0.0775178 0.0720036 0.0844100 0.0512094 0.0904510 0.0905614 0.0772929 0.0808943 0.0852335 0.0325505 0.3852576 0.0753958 0.0843753 0.0797485 0.0653005 0.0421542 0.2409081 0.0106656 0.0111330 0.0160188 0.2108777 0.0394918 0.0699078 0.0189043 0.0448054 0.0399557 0.0142322 0.4463339 0.0707255 0.0361588 0.0409567 0.0346147 0.0079629 0.0059073 0.0187993 0.0188001 0.0106416 0.0125212 0.0052984 0.0059073 0.0079716 0.0064078 0.0052984 0.0079694 0.0052984 0.2060135 0.0059327 0.0670660 0.0841133 
Chir_CASQ1         0.2443128 0.2982903 0.2739364 0.2622516 0.2438795 0.2460736 0.2471444 0.2352385 0.2369347 0.2515780 0.1001682 0.2549738 0.2536357 0.0000000 0.5323985 0.2752951 0.2736616 0.2587810 0.2647804 0.2487590 0.2377590 0.2495041 0.3100820 0.2608589 0.2403647 0.2471040 0.2619757 0.2584702 0.2591312 0.2462387 0.2549840 0.2511089 0.2795457 0.3209322 0.2349435 0.2304641 0.2352564 0.2758260 0.2768205 0.2427108 0.2768628 0.2729909 0.2533098 0.2413335 0.2538030 0.2507220 0.2378933 0.2391021 0.2648629 0.2553394 0.2787907 0.2676062 0.2766936 0.2270367 0.2943242 0.2655171 0.2587760 0.2339967 0.4811526 0.2553396 0.2738879 0.2469157 0.2922813 0.2676121 0.0234504 0.2544008 0.2541758 0.2483620 0.1272889 0.2667519 0.2119846 0.2643476 0.2634920 0.2854931 0.2522042 0.4421917 0.2112378 0.2636503 0.2554732 0.2624570 0.2522545 0.2566419 0.2507165 0.2456615 0.2488360 0.2109770 0.2487590 0.2566419 0.2581620 0.2645515 0.2617700 0.2580474 0.2617700 0.3026593 0.2407305 0.2487326 0.2703212 
Clfam_CASQ1        0.5389449 0.5655161 0.5973567 0.5499072 0.5489642 0.5747682 0.5476204 0.5421992 0.5730995 0.4928715 0.5252497 0.5955612 0.5131391 0.5323985 0.0000000 0.5850680 0.5325935 0.5538717 0.5309781 0.5455373 0.5533222 0.6146738 0.5514053 0.5554940 0.5772474 0.5643959 0.5282529 0.5102011 0.5102300 0.5431307 0.5398971 0.4950089 0.5769035 0.5376045 0.5940434 0.5562112 0.5281356 0.5511420 0.5198534 0.5655804 0.5316275 0.5236911 0.5530593 0.5415900 0.5086589 0.5110111 0.5514411 0.5494089 0.5272893 0.5344220 0.5413269 0.5423782 0.5139793 0.4957444 0.5954682 0.5386209 0.5979741 0.5475055 0.6645239 0.5402988 0.5329266 0.5687727 0.5907970 0.5512868 0.5256545 0.5160042 0.5634586 0.5574918 0.4890268 0.5566221 0.5493686 0.5188833 0.5902670 0.5076122 0.5580667 0.3265075 0.5753495 0.5541014 0.5419989 0.5473429 0.5497451 0.5722963 0.5102011 0.5427824 0.5462193 0.5127176 0.5455373 0.5722963 0.5086303 0.5708547 0.5128017 0.5177172 0.5128017 0.5389235 0.5466083 0.5133643 0.6028879 
Cmar59905_CASQ1    0.0477097 0.1014250 0.0956455 0.0539064 0.0325990 0.0352173 0.0351638 0.0412794 0.0535627 0.0407634 0.2911745 0.0913693 0.0846077 0.2752951 0.5850680 0.0000000 0.0868987 0.0891153 0.0914217 0.0856751 0.1089001 0.0648581 0.2449703 0.0571053 0.0565763 0.0540174 0.0955963 0.0810795 0.0884493 0.0892699 0.1035962 0.1634659 0.1510118 0.2550918 0.0979157 0.0849033 0.0764118 0.1033879 0.0845804 0.0920853 0.0908569 0.0881752 0.0889547 0.0889907 0.0881548 0.0938880 0.0727150 0.1007350 0.1068182 0.1073925 0.1039484 0.1109246 0.1255854 0.1125341 0.1126620 0.1105786 0.1213767 0.1054817 0.4155314 0.1073925 0.1105093 0.1072179 0.1322667 0.1039438 0.2729370 0.0846046 0.0889060 0.0986916 0.2621756 0.0911961 0.0889894 0.0886760 0.1321669 0.1018507 0.0993964 0.4855542 0.0884837 0.1023557 0.1018631 0.1086628 0.0889175 0.0921070 0.0810795 0.0889022 0.0922320 0.1105413 0.0856751 0.0921070 0.0846304 0.0921070 0.0846304 0.0881672 0.0846304 0.2265105 0.1009901 0.0993908 0.1176670 
Dcap108471_CASQ1   0.0648305 0.0900835 0.0747260 0.0713049 0.0554541 0.0609654 0.0596325 0.0612152 0.0733781 0.0565301 0.2727025 0.0098306 0.0057927 0.2736616 0.5325935 0.0868987 0.0000000 0.0000010 0.0000010 0.0000010 0.0418355 0.0924933 0.2313822 0.0851268 0.0767700 0.0712044 0.0062273 0.0087270 0.0058145 0.0058145 0.0845052 0.1539383 0.1072870 0.2256852 0.0417398 0.0792164 0.0715869 0.0218372 0.0060812 0.0062023 0.0091435 0.0030304 0.0087156 0.0116548 0.0116548 0.0119016 0.0295814 0.0985790 0.0866532 0.0806158 0.0855602 0.0567928 0.1006999 0.1044861 0.0856504 0.0904477 0.0932986 0.0418355 0.3867537 0.0844304 0.0905672 0.0899263 0.0718427 0.0470507 0.2593925 0.0116694 0.0122314 0.0145885 0.2350246 0.0442841 0.0802119 0.0117030 0.0500191 0.0443306 0.0093478 0.4630368 0.0828593 0.0404258 0.0448918 0.0430060 0.0028873 0.0000010 0.0146211 0.0146219 0.0057889 0.0000010 0.0000010 0.0000010 0.0028907 0.0000010 0.0000010 0.0028898 0.0000010 0.2176513 0.0032709 0.0744763 0.0862230 
Dcap79929_CASQ1    0.0698848 0.0900835 0.0730072 0.0726321 0.0598318 0.0647437 0.0626807 0.0665671 0.0812973 0.0636465 0.2578594 0.0092014 0.0083354 0.2587810 0.5538717 0.0891153 0.0000010 0.0000000 0.0029505 0.0026138 0.0433347 0.0949263 0.2321623 0.0866572 0.0843647 0.0760486 0.0059356 0.0083440 0.0055594 0.0052546 0.0912658 0.1588733 0.1072870 0.2455706 0.0479151 0.0837070 0.0787360 0.0262317 0.0083417 0.0083804 0.0091435 0.0055441 0.0105339 0.0105341 0.0111467 0.0142557 0.0376619 0.0958369 0.0882859 0.0875305 0.0883288 0.0640907 0.1064199 0.1054631 0.0856504 0.0917247 0.0955483 0.0405256 0.4059364 0.0911885 0.0952796 0.0885439 0.0644884 0.0426966 0.2460503 0.0111560 0.0132047 0.0158337 0.2199114 0.0499001 0.0840262 0.0140576 0.0500191 0.0432105 0.0083899 0.4637802 0.0869671 0.0370699 0.0404665 0.0418813 0.0052374 0.0027794 0.0139766 0.0132069 0.0078738 0.0125701 0.0026138 0.0027794 0.0027645 0.0029998 0.0027645 0.0055449 0.0027645 0.2414356 0.0062144 0.0811390 0.0924396 
DdelSJR_CASQ1      0.0692477 0.0900835 0.0813355 0.0762054 0.0617470 0.0617470 0.0647784 0.0656820 0.0779118 0.0614967 0.2678585 0.0098306 0.0056391 0.2647804 0.5309781 0.0914217 0.0000010 0.0029505 0.0000000 0.0000010 0.0406974 0.0896651 0.2358130 0.0857100 0.0812168 0.0758716 0.0056597 0.0084947 0.0056597 0.0056597 0.0825285 0.1632586 0.1072870 0.2382296 0.0404412 0.0743498 0.0709355 0.0228450 0.0029516 0.0056391 0.0065284 0.0029464 0.0084839 0.0113441 0.0113441 0.0084823 0.0317104 0.0945194 0.0871715 0.0790372 0.0871714 0.0582174 0.1007402 0.0976527 0.0856504 0.0908380 0.0932986 0.0406974 0.3943573 0.0824629 0.0946287 0.0872558 0.0698112 0.0455110 0.2510156 0.0113581 0.0118897 0.0141881 0.2236718 0.0463546 0.0715572 0.0143143 0.0500191 0.0429602 0.0084954 0.4673661 0.0776190 0.0361519 0.0436695 0.0414882 0.0000010 0.0000010 0.0142303 0.0113601 0.0056355 0.0062279 0.0000010 0.0000010 0.0028141 0.0000010 0.0000010 0.0000010 0.0000010 0.2145184 0.0031733 0.0791244 0.0947648 
Ddeltrop4525_CASQ1 0.0639508 0.0900835 0.0730072 0.0693081 0.0562425 0.0608365 0.0594444 0.0608330 0.0743591 0.0572668 0.2477959 0.0092014 0.0052984 0.2487590 0.5455373 0.0856751 0.0000010 0.0026138 0.0000010 0.0000000 0.0387826 0.0908129 0.2270407 0.0830748 0.0772687 0.0693066 0.0056597 0.0079795 0.0053167 0.0050373 0.0825285 0.1547370 0.1072870 0.2368007 0.0412684 0.0761860 0.0709355 0.0228450 0.0055389 0.0053257 0.0091435 0.0027609 0.0075513 0.0100940 0.0106551 0.0108610 0.0333950 0.0915136 0.0844933 0.0790372 0.0843903 0.0575574 0.0972643 0.0976527 0.0856504 0.0879046 0.0901954 0.0361117 0.3908704 0.0824629 0.0914277 0.0847390 0.0616378 0.0394763 0.2367517 0.0106673 0.0105236 0.0151758 0.2083614 0.0463546 0.0774251 0.0134371 0.0500191 0.0399485 0.0080214 0.4562582 0.0792699 0.0338319 0.0387434 0.0382012 0.0025036 0.0000010 0.0133630 0.0126577 0.0050180 0.0062279 0.0000010 0.0000010 0.0026445 0.0000010 0.0000010 0.0026438 0.0000010 0.2253474 0.0029592 0.0735845 0.0887147 
Dleu_CASQ1         0.0839593 0.0805601 0.0730788 0.0921963 0.0811307 0.0879119 0.0818161 0.0806341 0.0805374 0.0766214 0.2552825 0.0442561 0.0325505 0.2377590 0.5533222 0.1089001 0.0418355 0.0433347 0.0406974 0.0387826 0.0000000 0.0987889 0.2372638 0.0865604 0.0834669 0.0913227 0.0469318 0.0410923 0.0439879 0.0443069 0.0790564 0.1474291 0.0789860 0.2400150 0.0650763 0.0826888 0.0743280 0.0467033 0.0458933 0.0355382 0.0407147 0.0428937 0.0468886 0.0334732 0.0325721 0.0389403 0.0467465 0.0916017 0.0810701 0.0755831 0.0881499 0.0608870 0.0938868 0.0905892 0.0815465 0.0844655 0.0902783 0.0025064 0.4038914 0.0789937 0.0879690 0.0848148 0.0589841 0.0271464 0.2365429 0.0382590 0.0405270 0.0494839 0.2118566 0.0567899 0.0745546 0.0470694 0.0245515 0.0369384 0.0499106 0.4842458 0.0793085 0.0339691 0.0361863 0.0347561 0.0414434 0.0431245 0.0467975 0.0469729 0.0441330 0.0318777 0.0387826 0.0431245 0.0410167 0.0434767 0.0381661 0.0410053 0.0381661 0.2180626 0.0396982 0.0703818 0.0887900 
EausAUS_CASQ1      0.0459246 0.0900827 0.0863952 0.0498982 0.0349486 0.0349486 0.0349486 0.0383454 0.0033698 0.0338573 0.2854949 0.0893091 0.0896897 0.2495041 0.6146738 0.0648581 0.0924933 0.0949263 0.0896651 0.0908129 0.0987889 0.0000000 0.2608770 0.0000010 0.0000010 0.0500214 0.0942830 0.0898905 0.0942830 0.0951229 0.0831574 0.1627448 0.0980691 0.2484157 0.0974457 0.0639858 0.0609708 0.0946429 0.0941425 0.0908363 0.0925223 0.0939343 0.0947228 0.0948205 0.0939613 0.0939263 0.0830986 0.0879610 0.0915474 0.0873197 0.0868429 0.0963123 0.1137115 0.0900160 0.0898200 0.0959670 0.1011893 0.0948045 0.4523711 0.0873197 0.0958982 0.0886387 0.1475200 0.0867514 0.2480276 0.0941783 0.0989394 0.1024242 0.2301005 0.0730485 0.0566241 0.0992024 0.1079699 0.1107979 0.0988584 0.5054343 0.0602442 0.1024628 0.1105062 0.1108716 0.0908129 0.0908129 0.0941711 0.0950174 0.0986346 0.0962959 0.0908129 0.0908129 0.0896651 0.0908129 0.0896651 0.0896651 0.0896651 0.2297119 0.1009545 0.0874366 0.1049303 
Ecab_CASQ1         0.2261950 0.2525142 0.2415986 0.2407051 0.2263846 0.2334248 0.2183461 0.2175089 0.2283179 0.2217658 0.3262027 0.2264699 0.2220979 0.3100820 0.5514053 0.2449703 0.2313822 0.2321623 0.2358130 0.2270407 0.2372638 0.2608770 0.0000000 0.2444181 0.2316836 0.2325333 0.2409370 0.2414751 0.2345366 0.2315209 0.2280094 0.2352902 0.2846268 0.2289439 0.2513264 0.2153106 0.2127971 0.2600128 0.2424101 0.2247306 0.2320678 0.2384262 0.2310897 0.2198890 0.2222430 0.2273832 0.2157153 0.2210258 0.2317200 0.2322609 0.2475413 0.2320023 0.2524308 0.2367155 0.2512748 0.2405621 0.2460201 0.2335475 0.4157446 0.2322610 0.2316692 0.2249588 0.2874524 0.2663324 0.3047758 0.2375518 0.2385699 0.2407196 0.2802390 0.2599526 0.2075739 0.2470554 0.2860292 0.2733446 0.2407538 0.4927911 0.2148244 0.2679685 0.2512922 0.2731979 0.2234450 0.2371996 0.2414751 0.2452790 0.2270949 0.2097987 0.2270407 0.2371996 0.2336861 0.2471805 0.2297950 0.2336075 0.2297950 0.2384418 0.2299159 0.2181402 0.2461096 
Egla13086_CASQ1    0.0437303 0.0807163 0.0788948 0.0472229 0.0347711 0.0337950 0.0340347 0.0370447 0.0059835 0.0340863 0.2928270 0.0842399 0.0830931 0.2608589 0.5554940 0.0571053 0.0851268 0.0866572 0.0857100 0.0830748 0.0865604 0.0000010 0.2444181 0.0000000 0.0029845 0.0473263 0.0897418 0.0832471 0.0868140 0.0868140 0.0799519 0.1535989 0.0980691 0.2483688 0.0947413 0.0640262 0.0569914 0.0900402 0.0900477 0.0857304 0.0890438 0.0865495 0.0864941 0.0865714 0.0865714 0.0921571 0.0764805 0.0862341 0.0883062 0.0835983 0.0848129 0.0921913 0.1064028 0.0900160 0.0858579 0.0919230 0.0996245 0.0865604 0.4259432 0.0835983 0.0918694 0.0873835 0.1320982 0.0804893 0.2637921 0.0867348 0.0901566 0.0932297 0.2555586 0.0712033 0.0662852 0.0907734 0.0994565 0.1002866 0.0932620 0.4690843 0.0604784 0.0966742 0.1002866 0.0989431 0.0864562 0.0857100 0.0832471 0.0901521 0.0899115 0.0869886 0.0830748 0.0857100 0.0830748 0.0857100 0.0830748 0.0865423 0.0830748 0.2055761 0.0911126 0.0811568 0.1027275 
Ejap43864_CASQ1    0.0391481 0.0807163 0.0732852 0.0442488 0.0323687 0.0349486 0.0319261 0.0332045 0.0026861 0.0293819 0.2684483 0.0857318 0.0756264 0.2403647 0.5772474 0.0565763 0.0767700 0.0843647 0.0812168 0.0772687 0.0834669 0.0000010 0.2316836 0.0029845 0.0000000 0.0423234 0.0885908 0.0790515 0.0824197 0.0837234 0.0757041 0.1493210 0.0980691 0.2391887 0.0862400 0.0570046 0.0540672 0.0900402 0.0864053 0.0826862 0.0850164 0.0829351 0.0803179 0.0834780 0.0821644 0.0839826 0.0713134 0.0839770 0.0846088 0.0791475 0.0809981 0.0840012 0.0973508 0.0900160 0.0858579 0.0881931 0.0906334 0.0803734 0.4101223 0.0791475 0.0881425 0.0849949 0.1240030 0.0784943 0.2430119 0.0823482 0.0876427 0.0925494 0.2279429 0.0712033 0.0563562 0.0861420 0.0994565 0.0965761 0.0927812 0.4714196 0.0538645 0.0972728 0.0957863 0.0947483 0.0802862 0.0869665 0.0790515 0.0867174 0.0833634 0.0869886 0.0772687 0.0869665 0.0788955 0.0869665 0.0756111 0.0788709 0.0756111 0.2037054 0.0825843 0.0736808 0.0957270 
Erob133443_CASQ1   0.0281106 0.0869948 0.0741766 0.0354892 0.0194233 0.0209716 0.0173797 0.0166179 0.0394754 0.0236323 0.2657064 0.0758679 0.0705720 0.2471040 0.5643959 0.0540174 0.0712044 0.0760486 0.0758716 0.0693066 0.0913227 0.0500214 0.2325333 0.0473263 0.0423234 0.0000000 0.0833113 0.0707148 0.0774211 0.0757531 0.0873198 0.1558285 0.0896908 0.2468753 0.0707934 0.0741833 0.0689654 0.0920913 0.0812233 0.0742139 0.0792452 0.0777143 0.0723669 0.0755294 0.0771780 0.0789121 0.0634203 0.0930036 0.0962682 0.0908566 0.0930191 0.0951338 0.1088356 0.0980284 0.0999261 0.0999694 0.0992565 0.0881349 0.4041812 0.0908566 0.0999089 0.0930755 0.1160697 0.0867765 0.2450994 0.0740231 0.0760436 0.0846497 0.2389899 0.0801998 0.0725899 0.0777900 0.1078795 0.0914995 0.0843302 0.4805050 0.0710591 0.0884664 0.0878706 0.0844486 0.0723379 0.0780962 0.0707148 0.0756252 0.0754235 0.0879717 0.0693066 0.0780962 0.0738745 0.0780962 0.0705577 0.0738511 0.0705577 0.2153618 0.0727935 0.0844623 0.1037889 
Fatt_CASQ1         0.0759728 0.0957742 0.0861272 0.0802188 0.0661090 0.0661090 0.0686489 0.0723148 0.0852488 0.0686517 0.2650305 0.0131930 0.0113779 0.2619757 0.5282529 0.0955963 0.0062273 0.0059356 0.0056597 0.0056597 0.0469318 0.0942830 0.2409370 0.0897418 0.0885908 0.0833113 0.0000000 0.0085285 0.0000010 0.0000010 0.0902779 0.1638948 0.1191712 0.2474859 0.0491443 0.0816186 0.0781538 0.0262779 0.0059378 0.0113779 0.0098562 0.0059273 0.0142652 0.0171673 0.0171673 0.0142625 0.0378129 0.0995373 0.0915362 0.0867228 0.0917184 0.0616727 0.1087886 0.1060750 0.0905149 0.0952482 0.0974256 0.0469318 0.3927226 0.0902050 0.0990893 0.0916256 0.0765927 0.0493503 0.2481936 0.0114034 0.0149499 0.0142448 0.2287497 0.0499910 0.0782308 0.0085207 0.0555669 0.0465677 0.0028096 0.4654938 0.0849222 0.0396948 0.0499380 0.0455987 0.0056597 0.0029551 0.0142873 0.0114055 0.0113703 0.0126121 0.0056597 0.0029551 0.0028253 0.0032055 0.0056597 0.0056597 0.0056597 0.2195041 0.0096145 0.0868203 0.0994120 
Ggri_CASQ1         0.0619770 0.0854331 0.0710718 0.0673254 0.0531312 0.0578039 0.0568708 0.0586984 0.0759605 0.0573935 0.2651435 0.0165025 0.0133635 0.2584702 0.5102011 0.0810795 0.0087270 0.0083440 0.0084947 0.0079795 0.0410923 0.0898905 0.2414751 0.0832471 0.0790515 0.0707148 0.0085285 0.0000000 0.0080093 0.0080093 0.0827242 0.1478132 0.0980014 0.2407729 0.0363976 0.0780212 0.0745798 0.0228960 0.0111451 0.0142309 0.0153415 0.0083332 0.0160813 0.0188118 0.0188118 0.0191786 0.0270496 0.0904440 0.0811432 0.0792247 0.0809119 0.0576854 0.0974803 0.0976527 0.0816350 0.0845438 0.0935461 0.0410923 0.3815869 0.0826582 0.0880529 0.0836542 0.0624515 0.0422381 0.2493217 0.0026549 0.0055502 0.0187721 0.2230681 0.0464576 0.0790896 0.0053506 0.0501868 0.0336887 0.0113790 0.4433871 0.0813092 0.0294726 0.0382219 0.0311361 0.0106596 0.0059139 0.0053213 0.0053216 0.0133550 0.0062279 0.0079795 0.0059139 0.0053116 0.0064155 0.0079795 0.0106684 0.0079795 0.2180083 0.0119537 0.0737479 0.0879290 
Gmac39091_CASQ1    0.0710433 0.0957742 0.0790581 0.0742990 0.0607192 0.0661090 0.0636609 0.0676619 0.0793141 0.0638855 0.2620092 0.0131930 0.0106848 0.2591312 0.5102300 0.0884493 0.0058145 0.0055594 0.0056597 0.0053167 0.0439879 0.0942830 0.2345366 0.0868140 0.0824197 0.0774211 0.0000010 0.0080093 0.0000000 0.0000010 0.0902779 0.1552947 0.1191712 0.2414876 0.0491443 0.0816186 0.0781538 0.0262779 0.0083540 0.0113779 0.0122653 0.0055522 0.0133937 0.0161157 0.0161157 0.0164298 0.0354599 0.0995373 0.0885348 0.0867228 0.0885874 0.0607907 0.1047380 0.1060750 0.0905149 0.0919847 0.0974256 0.0439879 0.3835730 0.0902050 0.0955513 0.0916256 0.0715871 0.0456781 0.2462304 0.0107074 0.0139956 0.0160817 0.2232649 0.0499910 0.0822166 0.0080024 0.0555669 0.0432831 0.0028096 0.4442383 0.0849222 0.0396948 0.0468020 0.0419609 0.0079903 0.0029551 0.0134133 0.0134139 0.0106782 0.0126121 0.0053167 0.0029551 0.0026543 0.0032055 0.0053167 0.0079969 0.0053167 0.2184180 0.0089598 0.0806687 0.0957143 
Gmel_CASQ1         0.0698527 0.0957742 0.0770290 0.0727547 0.0599416 0.0648729 0.0627842 0.0666637 0.0807850 0.0638855 0.2452506 0.0123433 0.0106848 0.2462387 0.5431307 0.0892699 0.0058145 0.0052546 0.0056597 0.0050373 0.0443069 0.0951229 0.2315209 0.0868140 0.0837234 0.0757531 0.0000010 0.0080093 0.0000010 0.0000000 0.0902779 0.1552947 0.1191712 0.2450324 0.0493445 0.0830538 0.0781538 0.0262779 0.0083540 0.0107404 0.0122653 0.0055522 0.0126847 0.0152603 0.0161157 0.0164298 0.0388406 0.0961440 0.0885348 0.0867228 0.0885874 0.0607907 0.1047380 0.1060750 0.0905149 0.0919847 0.0940199 0.0416013 0.3894320 0.0902050 0.0955513 0.0887944 0.0675521 0.0427674 0.2342203 0.0107074 0.0132232 0.0152299 0.2127241 0.0499910 0.0834418 0.0080024 0.0555669 0.0432831 0.0026540 0.4545566 0.0861674 0.0371319 0.0442600 0.0419609 0.0075696 0.0027834 0.0134133 0.0127028 0.0101147 0.0126121 0.0050373 0.0027834 0.0026543 0.0030046 0.0053167 0.0079969 0.0053167 0.2298655 0.0089598 0.0806687 0.0926950 
Hamp_CASQ1         0.0692302 0.0212489 0.0219955 0.0804917 0.0748722 0.0748722 0.0764123 0.0724402 0.0723578 0.0724712 0.2809522 0.0773656 0.0754553 0.2549840 0.5398971 0.1035962 0.0845052 0.0912658 0.0825285 0.0825285 0.0790564 0.0831574 0.2280094 0.0799519 0.0757041 0.0873198 0.0902779 0.0827242 0.0902779 0.0902779 0.0000000 0.1512745 0.0081998 0.2422982 0.0905654 0.0582551 0.0482733 0.0877827 0.0911689 0.0754553 0.0814206 0.0909881 0.0933321 0.0755135 0.0755135 0.0789789 0.0617843 0.0072892 0.0130478 0.0092758 0.0136241 0.0252778 0.0315482 0.0180577 0.0109064 0.0163709 0.0245292 0.0790564 0.4040335 0.0092758 0.0163632 0.0130596 0.1294908 0.0924966 0.2480135 0.0791732 0.0835208 0.0894428 0.2426213 0.0797063 0.0550552 0.0907429 0.1078233 0.0867628 0.0936903 0.4960487 0.0583655 0.0907776 0.0857406 0.0877813 0.0825285 0.0871761 0.0827242 0.0863264 0.0895955 0.0949611 0.0825285 0.0871761 0.0861416 0.0871761 0.0825285 0.0825285 0.0825285 0.1749294 0.0871201 0.0092847 0.0238463 
Hippo_CASQ1        0.1488703 0.1428796 0.1451335 0.1596665 0.1405273 0.1496582 0.1426461 0.1406366 0.1457609 0.1353161 0.2915800 0.1504299 0.1474016 0.2511089 0.4950089 0.1634659 0.1539383 0.1588733 0.1632586 0.1547370 0.1474291 0.1627448 0.2352902 0.1535989 0.1493210 0.1558285 0.1638948 0.1478132 0.1552947 0.1552947 0.1512745 0.0000000 0.1096048 0.2761605 0.1625650 0.1573610 0.1451591 0.1701670 0.1621853 0.1552993 0.1500434 0.1586963 0.1588775 0.1439002 0.1439002 0.1583142 0.1507393 0.1477615 0.1551208 0.1553876 0.1605531 0.1556356 0.1675302 0.1310940 0.1547283 0.1513844 0.1561331 0.1474291 0.4416877 0.1553877 0.1591484 0.1597244 0.1960588 0.1624309 0.2534433 0.1441736 0.1476903 0.1579055 0.2751396 0.1700467 0.1437192 0.1524939 0.1439288 0.1689243 0.1674911 0.4308713 0.1575347 0.1705024 0.1617239 0.1543066 0.1582679 0.1632586 0.1478132 0.1550438 0.1547411 0.1364442 0.1547370 0.1632586 0.1547370 0.1666963 0.1547370 0.1584263 0.1547370 0.2479279 0.1518335 0.1469518 0.1623472 
Hpla9120_CASQ1     0.0802029 0.0081998 0.0081998 0.0992927 0.0887485 0.0887485 0.0887485 0.0793582 0.0889716 0.0889359 0.3268502 0.0974887 0.0974887 0.2795457 0.5769035 0.1510118 0.1072870 0.1072870 0.1072870 0.1072870 0.0789860 0.0980691 0.2846268 0.0980691 0.0980691 0.0896908 0.1191712 0.0980014 0.1191712 0.1191712 0.0081998 0.1096048 0.0000000 0.2974035 0.1169455 0.0694754 0.0788607 0.0980014 0.1179157 0.0974887 0.0974887 0.1173247 0.1278254 0.0880628 0.0880628 0.1072323 0.0882593 0.0165185 0.0249302 0.0165185 0.0165185 0.0613838 0.0601024 0.0203485 0.0164943 0.0165185 0.0519687 0.0789860 0.5659890 0.0165185 0.0165185 0.0165185 0.0878587 0.0878587 0.2675803 0.0980014 0.1076109 0.1167547 0.2753946 0.0976298 0.0698385 0.1096080 0.0979341 0.0878587 0.1286067 0.6059397 0.0788176 0.0878587 0.0878587 0.0878587 0.1072870 0.1072870 0.1078977 0.1078977 0.1172057 0.1029232 0.1072870 0.1072870 0.1072870 0.1072870 0.1072870 0.1072870 0.1072870 0.1894784 0.1169703 0.0165616 0.0165263 
Hsap_CASQ1         0.2403052 0.2524561 0.2514818 0.2511256 0.2285337 0.2345970 0.2401567 0.2346703 0.2357550 0.2358699 0.3237843 0.2313341 0.2250486 0.3209322 0.5376045 0.2550918 0.2256852 0.2455706 0.2382296 0.2368007 0.2400150 0.2484157 0.2289439 0.2483688 0.2391887 0.2468753 0.2474859 0.2407729 0.2414876 0.2450324 0.2422982 0.2761605 0.2974035 0.0000000 0.2771480 0.2248386 0.2197485 0.2600297 0.2490411 0.2341758 0.2203078 0.2449969 0.2409683 0.2294863 0.2251972 0.2301966 0.2220331 0.2323712 0.2335901 0.2295745 0.2484159 0.2333831 0.2509916 0.2412772 0.2506182 0.2420333 0.2475602 0.2362477 0.3824104 0.2337604 0.2376738 0.2434465 0.2946311 0.2621826 0.3265442 0.2368118 0.2481344 0.2507417 0.3110568 0.2568849 0.2201892 0.2502552 0.2811150 0.2716606 0.2547082 0.5010395 0.2331893 0.2735801 0.2577091 0.2866223 0.2402617 0.2505813 0.2407729 0.2516423 0.2368651 0.2844017 0.2368007 0.2505813 0.2368103 0.2571805 0.2328621 0.2367296 0.2328621 0.2719057 0.2506815 0.2241158 0.2656356 
Igeo_CASQ1         0.0622948 0.0857347 0.0817226 0.0753402 0.0623713 0.0623713 0.0659495 0.0618411 0.0821561 0.0718927 0.2432908 0.0454530 0.0362572 0.2349435 0.5940434 0.0979157 0.0417398 0.0479151 0.0404412 0.0412684 0.0650763 0.0974457 0.2513264 0.0947413 0.0862400 0.0707934 0.0491443 0.0363976 0.0491443 0.0493445 0.0905654 0.1625650 0.1169455 0.2771480 0.0000000 0.0777701 0.0885216 0.0475548 0.0476164 0.0373828 0.0396220 0.0474963 0.0491815 0.0452016 0.0446789 0.0404435 0.0297637 0.0886001 0.1015946 0.0905342 0.0981579 0.0722683 0.1193448 0.1043669 0.1076364 0.0966589 0.0968517 0.0610331 0.4147765 0.0905342 0.1066911 0.0932097 0.0451245 0.0646627 0.2227093 0.0363976 0.0396450 0.0529251 0.1876920 0.0474178 0.0818033 0.0451957 0.0658378 0.0474003 0.0531864 0.5076758 0.0858193 0.0435954 0.0490649 0.0474003 0.0412684 0.0436722 0.0448096 0.0414320 0.0451726 0.0450616 0.0412684 0.0436722 0.0446875 0.0436722 0.0404412 0.0404412 0.0404412 0.2066555 0.0446186 0.0906663 0.1073999 
Kbre_CASQ1         0.0704054 0.0664449 0.0639529 0.0744905 0.0645597 0.0645597 0.0637603 0.0635367 0.0539663 0.0613873 0.2547535 0.0742065 0.0674432 0.2304641 0.5562112 0.0849033 0.0792164 0.0837070 0.0743498 0.0761860 0.0826888 0.0639858 0.2153106 0.0640262 0.0570046 0.0741833 0.0816186 0.0780212 0.0816186 0.0830538 0.0582551 0.1573610 0.0694754 0.2248386 0.0777701 0.0000000 0.0184581 0.0752756 0.0822931 0.0696612 0.0758685 0.0821326 0.0795418 0.0761730 0.0743359 0.0708674 0.0570327 0.0609200 0.0579068 0.0548911 0.0679978 0.0618841 0.0756621 0.0765364 0.0610408 0.0650028 0.0682587 0.0794013 0.4080138 0.0582100 0.0686360 0.0608219 0.1260160 0.0881511 0.2332586 0.0745502 0.0802444 0.0825452 0.2067411 0.0604315 0.0321436 0.0855949 0.1050180 0.0967203 0.0861859 0.5160762 0.0351055 0.0903013 0.0958637 0.0903128 0.0761860 0.0801262 0.0780212 0.0829792 0.0761709 0.0873792 0.0761860 0.0801262 0.0778565 0.0801262 0.0743498 0.0743498 0.0743498 0.1928883 0.0736814 0.0549493 0.0699391 
Ksim_CASQ1         0.0650049 0.0618361 0.0571246 0.0690242 0.0577366 0.0577366 0.0576932 0.0577838 0.0508479 0.0547843 0.2519204 0.0639413 0.0640676 0.2352564 0.5281356 0.0764118 0.0715869 0.0787360 0.0709355 0.0709355 0.0743280 0.0609708 0.2127971 0.0569914 0.0540672 0.0689654 0.0781538 0.0745798 0.0781538 0.0781538 0.0482733 0.1451591 0.0788607 0.2197485 0.0885216 0.0184581 0.0000000 0.0789527 0.0786518 0.0640676 0.0678536 0.0784983 0.0813660 0.0709233 0.0709233 0.0674740 0.0508164 0.0534866 0.0474057 0.0449515 0.0569064 0.0518143 0.0654191 0.0766451 0.0532177 0.0544144 0.0620146 0.0743280 0.3951234 0.0482363 0.0579940 0.0509654 0.1235076 0.0715952 0.2295933 0.0711276 0.0749473 0.0776480 0.2138631 0.0464904 0.0215294 0.0820920 0.1103700 0.0929879 0.0814664 0.4884651 0.0246354 0.0856004 0.0916646 0.0945256 0.0709355 0.0748280 0.0745798 0.0780806 0.0777742 0.0946765 0.0709355 0.0748280 0.0744223 0.0748280 0.0709355 0.0709355 0.0709355 0.1737601 0.0776197 0.0449984 0.0639334 
Lacu_CASQ1         0.0875760 0.0902556 0.0861377 0.0880268 0.0746657 0.0746657 0.0762164 0.0832424 0.0865093 0.0763429 0.2949819 0.0255804 0.0228403 0.2758260 0.5511420 0.1033879 0.0218372 0.0262317 0.0228450 0.0228450 0.0467033 0.0946429 0.2600128 0.0900402 0.0900402 0.0920913 0.0262779 0.0228960 0.0262779 0.0262779 0.0877827 0.1701670 0.0980014 0.2600297 0.0475548 0.0752756 0.0789527 0.0000000 0.0262437 0.0228403 0.0218321 0.0261930 0.0329451 0.0261930 0.0261930 0.0261865 0.0363961 0.0904465 0.0877779 0.0840554 0.0958109 0.0618415 0.1072739 0.1048181 0.0905248 0.0914710 0.1044005 0.0467033 0.4195784 0.0877083 0.0952911 0.0878634 0.0920084 0.0643464 0.2693732 0.0195683 0.0228862 0.0261101 0.2337620 0.0501151 0.0825464 0.0298149 0.0501034 0.0607029 0.0295852 0.5092234 0.0860921 0.0536324 0.0607029 0.0576796 0.0228450 0.0228450 0.0296108 0.0262570 0.0295241 0.0062279 0.0228450 0.0228450 0.0228450 0.0228450 0.0228450 0.0228450 0.0228450 0.1990308 0.0261660 0.0841545 0.1032911 
Lalb_CASQ1         0.0742321 0.0952684 0.0824421 0.0775495 0.0643093 0.0660096 0.0668607 0.0706723 0.0831468 0.0669632 0.2800688 0.0131756 0.0111337 0.2768205 0.5198534 0.0845804 0.0060812 0.0083417 0.0029516 0.0055389 0.0458933 0.0941425 0.2424101 0.0900477 0.0864053 0.0812233 0.0059378 0.0111451 0.0083540 0.0083540 0.0911689 0.1621853 0.1179157 0.2490411 0.0476164 0.0822931 0.0786518 0.0262437 0.0000000 0.0089026 0.0153369 0.0083309 0.0139580 0.0139582 0.0139582 0.0171381 0.0369830 0.0990787 0.0915994 0.0874376 0.0917703 0.0673260 0.1097999 0.1052624 0.0901018 0.0950465 0.1039082 0.0458933 0.4083595 0.0910917 0.0986127 0.0912519 0.0716081 0.0489530 0.2630574 0.0139699 0.0167997 0.0195840 0.2349888 0.0499260 0.0858944 0.0168994 0.0554588 0.0463870 0.0089132 0.4577793 0.0857641 0.0396432 0.0458209 0.0454715 0.0083249 0.0029516 0.0168017 0.0168025 0.0111264 0.0125804 0.0055389 0.0029516 0.0055389 0.0032014 0.0055389 0.0083320 0.0055389 0.2334989 0.0093401 0.0844245 0.0988933 
Laus_CASQ1         0.0681062 0.0803900 0.0713277 0.0744474 0.0608503 0.0608503 0.0637839 0.0647529 0.0795690 0.0615094 0.2498102 0.0030501 0.0000010 0.2427108 0.5655804 0.0920853 0.0062023 0.0083804 0.0056391 0.0053257 0.0355382 0.0908363 0.2247306 0.0857304 0.0826862 0.0742139 0.0113779 0.0142309 0.0113779 0.0107404 0.0754553 0.1552993 0.0974887 0.2341758 0.0373828 0.0696612 0.0640676 0.0228403 0.0089026 0.0000000 0.0000010 0.0088869 0.0134172 0.0053291 0.0056429 0.0028129 0.0298663 0.0836099 0.0796719 0.0720036 0.0871935 0.0514383 0.0934290 0.0905614 0.0772929 0.0832981 0.0827147 0.0327230 0.4003147 0.0753958 0.0870401 0.0777410 0.0656653 0.0424218 0.2301047 0.0113560 0.0111933 0.0133926 0.2047972 0.0394918 0.0674059 0.0201451 0.0448054 0.0429686 0.0134342 0.4774331 0.0727584 0.0338378 0.0411755 0.0375822 0.0053257 0.0055644 0.0200259 0.0161654 0.0106967 0.0125212 0.0053257 0.0055644 0.0084857 0.0060062 0.0056391 0.0056391 0.0056391 0.2188677 0.0063631 0.0720821 0.0842872 
