Supplemental results for CODEML (seqf: /home/leticiamagpali/phd/evol_models/codeml/big_dataset/cml_align/MYH2_codon_aligned.phy  treef: /home/leticiamagpali/phd/evol_models/codeml/big_dataset/cml_trees/gene_trees/H1d_gene_trees/MYH2_tree_H1d.tre)

I	J	ij	2Ns_IJ	pMut_IJ	pSub_IJ	2Ns_JI	pMut_JI	pSub_JI

TTC	TTT	CT	0.07431	0.06448	0.06690	-0.07431	0.06945	0.06690
TTA	TTT	AT	9.55877	0.00000	0.00000	-9.55877	0.00904	0.00001
TTA	TTC	AC	9.48446	0.00000	0.00000	-9.48446	0.02233	0.00002
TTG	TTT	GT	1.88647	0.00185	0.00411	-1.88647	0.01219	0.00411
TTG	TTC	GC	1.81216	0.00492	0.01065	-1.81216	0.03010	0.01065
TTG	TTA	GA	-7.67230	0.00721	0.00003	7.67230	0.00000	0.00000
TCT	TTT	CT	2.59582	0.00518	0.01453	-2.59582	0.06945	0.01453
TCC	TTC	CT	1.36461	0.04383	0.08033	-1.36461	0.17155	0.08033
TCC	TCT	CT	-1.15690	0.04383	0.02326	1.15690	0.01378	0.02326
TCA	TTA	CT	-7.42331	0.00954	0.00004	7.42331	0.00000	0.00000
TCA	TCT	AT	-0.46036	0.00284	0.00224	0.46036	0.00179	0.00224
TCA	TCC	AC	0.69653	0.00756	0.01050	-0.69653	0.01518	0.01050
TCG	TTG	CT	0.76199	0.00770	0.01101	-0.76199	0.01650	0.01101
TCG	TCT	GT	0.05264	0.00229	0.00236	-0.05264	0.00242	0.00236
TCG	TCC	GC	1.20953	0.00610	0.01052	-1.20953	0.02046	0.01052
TCG	TCA	GA	0.51300	0.00895	0.01145	-0.51300	0.01495	0.01145
TAT	TTT	AT	1.36238	0.00231	0.00424	-1.36238	0.00904	0.00424
TAT	TCT	AC	-1.23343	0.00616	0.00312	1.23343	0.00179	0.00312
TAC	TTC	AT	0.75668	0.01048	0.01494	-0.75668	0.02233	0.01494
TAC	TCC	AC	-0.60793	0.02788	0.02026	0.60793	0.01518	0.02026
TAC	TAT	CT	-0.53139	0.03517	0.02665	0.53139	0.02067	0.02665
TGT	TTT	GT	4.31788	0.00016	0.00071	-4.31788	0.01219	0.00071
TGT	TCT	GC	1.72207	0.00043	0.00091	-1.72207	0.00242	0.00091
TGT	TAT	GA	2.95550	0.00063	0.00198	-2.95550	0.01218	0.00198
TGC	TTC	GT	1.50244	0.00670	0.01295	-1.50244	0.03010	0.01295
TGC	TCC	GC	0.13783	0.01783	0.01908	-0.13783	0.02046	0.01908
TGC	TAC	GA	0.74576	0.02615	0.03710	-0.74576	0.05512	0.03710
TGC	TGT	CT	-2.74114	0.02249	0.00425	2.74114	0.00145	0.00425
TGG	TTG	GT	-0.93149	0.00735	0.00445	0.93149	0.00290	0.00445
TGG	TCG	GC	-1.69348	0.01956	0.00746	1.69348	0.00360	0.00746
TGG	TGT	GT	-3.36291	0.00735	0.00089	3.36291	0.00025	0.00089
TGG	TGC	GC	-0.62178	0.01956	0.01410	0.62178	0.01050	0.01410
CTT	TTT	CT	3.07640	0.00320	0.01033	-3.07640	0.06945	0.01033
CTC	TTC	CT	1.15116	0.05426	0.09135	-1.15116	0.17155	0.09135
CTC	CTT	CT	-1.85094	0.05426	0.01872	1.85094	0.00852	0.01872
CTA	TTA	CT	-7.48561	0.01016	0.00004	7.48561	0.00000	0.00000
CTA	CTT	AT	-1.00325	0.00303	0.00176	1.00325	0.00111	0.00176
CTA	CTC	AC	0.84768	0.00805	0.01194	-0.84768	0.01879	0.01194
CTG	TTG	CT	-2.36772	0.17613	0.04311	2.36772	0.01650	0.04311
CTG	CTT	GT	-3.55766	0.05247	0.00548	3.55766	0.00150	0.00548
CTG	CTC	GC	-1.70672	0.13960	0.05282	1.70672	0.02533	0.05282
CTG	CTA	GA	-2.55440	0.20474	0.04408	2.55440	0.01592	0.04408
CCT	TCT	CT	3.11202	0.00061	0.00200	-3.11202	0.01378	0.00200
CCT	CTT	CT	2.63144	0.00061	0.00174	-2.63144	0.00852	0.00174
CCC	TCC	CT	1.75430	0.02018	0.04280	-1.75430	0.11660	0.04280
CCC	CTC	CT	1.96776	0.02018	0.04615	-1.96776	0.14435	0.04615
CCC	CCT	CT	-2.51462	0.02018	0.00447	2.51462	0.00163	0.00447
CCA	TCA	CT	1.48934	0.00573	0.01101	-1.48934	0.02539	0.01101
CCA	CTA	CT	1.55165	0.00573	0.01127	-1.55165	0.02702	0.01127
CCA	CCT	AT	-2.08305	0.00171	0.00051	2.08305	0.00021	0.00051
CCA	CCC	AC	0.43157	0.00454	0.00559	-0.43157	0.00699	0.00559
CCG	TCG	CT	0.25058	0.01595	0.01803	-0.25058	0.02049	0.01803
CCG	CTG	CT	3.38029	0.01595	0.05581	-3.38029	0.46858	0.05581
CCG	CCT	GT	-2.80881	0.00475	0.00086	2.80881	0.00029	0.00086
CCG	CCC	GC	-0.29419	0.01264	0.01087	0.29419	0.00942	0.01087
CCG	CCA	GA	-0.72576	0.01854	0.01262	0.72576	0.00897	0.01262
CAT	TAT	CT	5.71471	0.00007	0.00039	-5.71471	0.02067	0.00039
CAT	CTT	AT	4.00069	0.00002	0.00008	-4.00069	0.00111	0.00008
CAT	CCT	AC	1.36926	0.00005	0.00010	-1.36926	0.00021	0.00010
CAC	TAC	CT	0.91289	0.03756	0.05727	-0.91289	0.09357	0.05727
CAC	CTC	AT	0.51841	0.01119	0.01434	-0.51841	0.01879	0.01434
CAC	CCC	AC	-1.44934	0.02977	0.01323	1.44934	0.00699	0.01323
CAC	CAT	CT	-5.33322	0.03756	0.00097	5.33322	0.00018	0.00097
CAA	CTA	AT	0.09825	0.00319	0.00335	-0.09825	0.00352	0.00335
CAA	CCA	AC	-1.45340	0.00848	0.00376	1.45340	0.00198	0.00376
CAA	CAT	AT	-4.90570	0.00319	0.00012	4.90570	0.00002	0.00012
CAA	CAC	AC	0.42752	0.00848	0.01042	-0.42752	0.01301	0.01042
CAG	CTG	AT	0.72488	0.02954	0.04154	-0.72488	0.06099	0.04154
CAG	CCG	AC	-2.65541	0.07860	0.01578	2.65541	0.00552	0.01578
CAG	CAT	GT	-6.83347	0.02954	0.00022	6.83347	0.00003	0.00022
CAG	CAC	GC	-1.50025	0.07860	0.03386	1.50025	0.01753	0.03386
CAG	CAA	GA	-1.92777	0.11529	0.03783	1.92777	0.01677	0.03783
CGT	TGT	CT	-1.14674	0.00457	0.00244	1.14674	0.00145	0.00244
CGT	CTT	GT	0.09475	0.00136	0.00143	-0.09475	0.00150	0.00143
CGT	CCT	GC	-2.53669	0.00362	0.00079	2.53669	0.00029	0.00079
CGT	CAT	GA	-3.90595	0.00531	0.00043	3.90595	0.00011	0.00043
CGC	TGC	CT	0.55305	0.03442	0.04481	-0.55305	0.05984	0.04481
CGC	CTC	GT	0.90433	0.01025	0.01558	-0.90433	0.02533	0.01558
CGC	CCC	GC	-1.06342	0.02728	0.01530	1.06342	0.00942	0.01530
CGC	CAC	GA	0.38592	0.04001	0.04823	-0.38592	0.05886	0.04823
CGC	CGT	CT	-1.04135	0.03442	0.01955	1.04135	0.01215	0.01955
CGA	CTA	GT	0.61695	0.00256	0.00343	-0.61695	0.00474	0.00343
CGA	CCA	GC	-0.93469	0.00681	0.00411	0.93469	0.00267	0.00411
CGA	CAA	GA	0.51871	0.00998	0.01280	-0.51871	0.01677	0.01280
CGA	CGT	AT	-0.48104	0.00256	0.00199	0.48104	0.00158	0.00199
CGA	CGC	AC	0.56031	0.00681	0.00889	-0.56031	0.01192	0.00889
CGG	TGG	CT	1.45851	0.01527	0.02902	-1.45851	0.06565	0.02902
CGG	CTG	GT	2.89474	0.00455	0.01394	-2.89474	0.08223	0.01394
CGG	CCG	GC	-0.48555	0.01210	0.00940	0.48555	0.00745	0.00940
CGG	CAG	GA	2.16986	0.01775	0.04348	-2.16986	0.15542	0.04348
CGG	CGT	GT	-0.75766	0.00455	0.00304	0.75766	0.00213	0.00304
CGG	CGC	GC	0.28369	0.01210	0.01390	-0.28369	0.01607	0.01390
CGG	CGA	GA	-0.27662	0.01775	0.01541	0.27662	0.01346	0.01541
ATT	TTT	AT	0.08487	0.00830	0.00866	-0.08487	0.00904	0.00866
ATT	CTT	AC	-2.99154	0.02210	0.00349	2.99154	0.00111	0.00349
ATC	TTC	AT	-0.10300	0.02475	0.02350	0.10300	0.02233	0.02350
ATC	CTC	AC	-1.25416	0.06585	0.03297	1.25416	0.01879	0.03297
ATC	ATT	CT	-0.11356	0.08309	0.07846	0.11356	0.07417	0.07846
ATA	TTA	AT	-8.32027	0.00305	0.00001	8.32027	0.00000	0.00000
ATA	CTA	AC	-0.83466	0.00810	0.00519	0.83466	0.00352	0.00519
ATA	ATT	AT	1.15363	0.00305	0.00513	-1.15363	0.00965	0.00513
ATA	ATC	AC	1.26718	0.00810	0.01429	-1.26718	0.02877	0.01429
ATG	TTG	AT	-2.27688	0.02093	0.00545	2.27688	0.00215	0.00545
ATG	CTG	AC	0.09084	0.05570	0.05827	-0.09084	0.06099	0.05827
ATG	ATT	GT	-0.47528	0.02093	0.01635	0.47528	0.01302	0.01635
ATG	ATC	GC	-0.36172	0.05570	0.04623	0.36172	0.03879	0.04623
ATG	ATA	GA	-1.62891	0.08169	0.03247	1.62891	0.01602	0.03247
ACT	TCT	AT	0.30689	0.00132	0.00153	-0.30689	0.00179	0.00153
ACT	CCT	AC	-2.80513	0.00351	0.00063	2.80513	0.00021	0.00063
ACT	ATT	CT	2.81784	0.00443	0.01328	-2.81784	0.07417	0.01328
ACC	TCC	AT	0.32883	0.01092	0.01282	-0.32883	0.01518	0.01282
ACC	CCC	AC	-1.42547	0.02906	0.01311	1.42547	0.00699	0.01311
ACC	ATC	CT	1.79644	0.03667	0.07898	-1.79644	0.22105	0.07898
ACC	ACT	CT	-1.13496	0.03667	0.01971	1.13496	0.01179	0.01971
ACA	TCA	AT	-0.33716	0.00463	0.00389	0.33716	0.00330	0.00389
ACA	CCA	AC	-1.82650	0.01232	0.00432	1.82650	0.00198	0.00432
ACA	ATA	CT	0.55981	0.01554	0.02029	-0.55981	0.02720	0.02029
ACA	ACT	AT	-1.10441	0.00463	0.00253	1.10441	0.00153	0.00253
ACA	ACC	AC	0.03054	0.01232	0.01251	-0.03054	0.01270	0.01251
ACG	TCG	AT	-0.98853	0.00717	0.00420	0.98853	0.00267	0.00420
ACG	CCG	AC	-1.23912	0.01907	0.00963	1.23912	0.00552	0.00963
ACG	ATG	CT	2.05033	0.02406	0.05662	-2.05033	0.18696	0.05662
ACG	ACT	GT	-1.24279	0.00717	0.00361	1.24279	0.00207	0.00361
ACG	ACC	GC	-0.10783	0.01907	0.01806	0.10783	0.01712	0.01806
ACG	ACA	GA	-0.13838	0.02797	0.02608	0.13838	0.02436	0.02608
AAT	TAT	AT	1.03642	0.00095	0.00153	-1.03642	0.00269	0.00153
AAT	CAT	AC	-4.67830	0.00254	0.00011	4.67830	0.00002	0.00011
AAT	ATT	AT	2.31393	0.00095	0.00245	-2.31393	0.00965	0.00245
AAT	ACT	AC	-0.50391	0.00254	0.00195	0.50391	0.00153	0.00195
AAC	TAC	AT	-0.92074	0.03059	0.01864	0.92074	0.01218	0.01864
AAC	CAC	AC	-1.83363	0.08137	0.02839	1.83363	0.01301	0.02839
AAC	ATC	AT	-0.06106	0.03059	0.02966	0.06106	0.02877	0.02966
AAC	ACC	AC	-1.85750	0.08137	0.02795	1.85750	0.01270	0.02795
AAC	AAT	CT	-2.48855	0.10267	0.02313	2.48855	0.00852	0.02313
AAA	CAA	AC	-1.96631	0.02648	0.00847	1.96631	0.00371	0.00847
AAA	ATA	AT	-1.03340	0.00995	0.00568	1.03340	0.00354	0.00568
AAA	ACA	AC	-1.59321	0.02648	0.01076	1.59321	0.00538	0.01076
AAA	AAT	AT	-2.19371	0.00995	0.00274	2.19371	0.00111	0.00274
AAA	AAC	AC	0.29484	0.02648	0.03057	-0.29484	0.03555	0.03057
AAG	CAG	AC	-1.69701	0.18744	0.07136	1.69701	0.03434	0.07136
AAG	ATG	AT	-1.06297	0.07045	0.03952	1.06297	0.02434	0.03952
AAG	ACG	AC	-3.11330	0.18744	0.02715	3.11330	0.00833	0.02715
AAG	AAT	GT	-3.85218	0.07045	0.00589	3.85218	0.00150	0.00589
AAG	AAC	GC	-1.36363	0.18744	0.08782	1.36363	0.04793	0.08782
AAG	AAA	GA	-1.65847	0.27491	0.10725	1.65847	0.05235	0.10725
AGT	TGT	AT	0.03276	0.00018	0.00019	-0.03276	0.00019	0.00019
AGT	CGT	AC	1.17950	0.00049	0.00083	-1.17950	0.00158	0.00083
AGT	ATT	GT	4.26578	0.00018	0.00079	-4.26578	0.01302	0.00079
AGT	ACT	GC	1.44794	0.00049	0.00092	-1.44794	0.00207	0.00092
AGT	AAT	GA	1.95185	0.00071	0.00162	-1.95185	0.00502	0.00162
AGC	TGC	AT	-0.13714	0.00893	0.00834	0.13714	0.00779	0.00834
AGC	CGC	AC	-0.69019	0.02377	0.01650	0.69019	0.01192	0.01650
AGC	ATC	GT	1.46830	0.00893	0.01704	-1.46830	0.03879	0.01704
AGC	ACC	GC	-0.32814	0.02377	0.02008	0.32814	0.01712	0.02008
AGC	AAC	GA	1.52936	0.03486	0.06807	-1.52936	0.16090	0.06807
AGC	AGT	CT	-2.91103	0.02999	0.00502	2.91103	0.00163	0.00502
AGA	CGA	AC	1.01258	0.00108	0.00172	-1.01258	0.00297	0.00172
AGA	ATA	GT	2.46419	0.00041	0.00109	-2.46419	0.00477	0.00109
AGA	ACA	GC	1.90439	0.00108	0.00242	-1.90439	0.00726	0.00242
AGA	AAA	GA	3.49760	0.00158	0.00572	-3.49760	0.05235	0.00572
AGA	AGT	AT	-0.64796	0.00041	0.00029	0.64796	0.00021	0.00029
AGA	AGC	AC	2.26307	0.00108	0.00273	-2.26307	0.01039	0.00273
AGG	TGG	AT	0.40384	0.00571	0.00694	-0.40384	0.00854	0.00694
AGG	CGG	AC	-1.05468	0.01518	0.00856	1.05468	0.00529	0.00856
AGG	ATG	GT	1.74922	0.00571	0.01208	-1.74922	0.03281	0.01208
AGG	ACG	GC	-0.30111	0.01518	0.01301	0.30111	0.01123	0.01301
AGG	AAG	GA	2.81219	0.02226	0.06661	-2.81219	0.37063	0.06661
AGG	AGT	GT	-2.99184	0.00571	0.00090	2.99184	0.00029	0.00090
AGG	AGC	GC	-0.08081	0.01518	0.01458	0.08081	0.01400	0.01458
AGG	AGA	GA	-2.34388	0.02226	0.00554	2.34388	0.00214	0.00554
GTT	TTT	GT	9.85751	0.00000	0.00000	-9.85751	0.01219	0.00001
GTT	CTT	GC	6.78111	0.00000	0.00000	-6.78111	0.00150	0.00001
GTT	ATT	GA	9.77264	0.00000	0.00000	-9.77264	0.04369	0.00002
GTC	TTC	GT	1.71428	0.00542	0.01134	-1.71428	0.03010	0.01134
GTC	CTC	GC	0.56313	0.01442	0.01886	-0.56313	0.02533	0.01886
GTC	ATC	GA	1.81728	0.02116	0.04590	-1.81728	0.13021	0.04590
GTC	GTT	CT	-8.06892	0.01820	0.00005	8.06892	0.00000	0.00000
GTA	TTA	GT	-7.40534	0.00164	0.00001	7.40534	0.00000	0.00000
GTA	CTA	GC	0.08027	0.00438	0.00455	-0.08027	0.00474	0.00455
GTA	ATA	GA	0.91493	0.00642	0.00980	-0.91493	0.01602	0.00980
GTA	GTT	AT	-7.70409	0.00164	0.00001	7.70409	0.00000	0.00000
GTA	GTC	AC	0.36483	0.00438	0.00522	-0.36483	0.00630	0.00522
GTG	TTG	GT	-1.50444	0.01304	0.00560	1.50444	0.00290	0.00560
GTG	CTG	GC	0.86328	0.03468	0.05178	-0.86328	0.08223	0.05178
GTG	ATG	GA	0.77244	0.05087	0.07302	-0.77244	0.11013	0.07302
GTG	GTT	GT	-9.47548	0.01304	0.00001	9.47548	0.00000	0.00000
GTG	GTC	GC	-1.40657	0.03468	0.01583	1.40657	0.00850	0.01583
GTG	GTA	GA	-1.77140	0.05087	0.01847	1.77140	0.00865	0.01847
GCT	TCT	GT	-1.27442	0.00865	0.00428	1.27442	0.00242	0.00428
GCT	CCT	GC	-4.38644	0.02301	0.00127	4.38644	0.00029	0.00127
GCT	ACT	GA	-1.58131	0.03375	0.01382	1.58131	0.00694	0.01382
GCT	GTT	CT	-8.53611	0.02904	0.00005	8.53611	0.00000	0.00000
GCC	TCC	GT	-0.09938	0.02260	0.02150	0.09938	0.02046	0.02150
GCC	CCC	GC	-1.85368	0.06013	0.02070	1.85368	0.00942	0.02070
GCC	ACC	GA	-0.42821	0.08819	0.07065	0.42821	0.05747	0.07065
GCC	GTC	CT	-0.44905	0.07586	0.06010	0.44905	0.04842	0.06010
GCC	GCT	CT	0.01814	0.07586	0.07655	-0.01814	0.07725	0.07655
GCA	TCA	GT	-0.20378	0.00546	0.00492	0.20378	0.00446	0.00492
GCA	CCA	GC	-1.69312	0.01453	0.00555	1.69312	0.00267	0.00555
GCA	ACA	GA	0.13338	0.02131	0.02277	-0.13338	0.02436	0.02277
GCA	GTA	CT	-0.22175	0.01834	0.01638	0.22175	0.01469	0.01638
GCA	GCT	AT	0.61027	0.00546	0.00730	-0.61027	0.01006	0.00730
GCA	GCC	AC	0.59213	0.01453	0.01926	-0.59213	0.02627	0.01926
GCG	TCG	GT	1.26466	0.00102	0.00179	-1.26466	0.00360	0.00179
GCG	CCG	GC	1.01407	0.00270	0.00430	-1.01407	0.00745	0.00430
GCG	ACG	GA	2.25319	0.00396	0.00997	-2.25319	0.03771	0.00997
GCG	GTG	CT	3.53108	0.00341	0.01240	-3.53108	0.11642	0.01240
GCG	GCT	GT	2.59171	0.00102	0.00284	-2.59171	0.01356	0.00284
GCG	GCC	GC	2.57357	0.00270	0.00753	-2.57357	0.03542	0.00753
GCG	GCA	GA	1.98143	0.00396	0.00911	-1.98143	0.02873	0.00911
GAT	TAT	GT	-0.69504	0.00727	0.00503	0.69504	0.00363	0.00503
GAT	CAT	GC	-6.40976	0.01934	0.00020	6.40976	0.00003	0.00020
GAT	AAT	GA	-1.73146	0.02837	0.01056	1.73146	0.00502	0.01056
GAT	GTT	AT	-9.19017	0.00727	0.00001	9.19017	0.00000	0.00000
GAT	GCT	AC	-0.65406	0.01934	0.01370	0.65406	0.01006	0.01370
GAC	TAC	GT	-0.64284	0.03123	0.02226	0.64284	0.01642	0.02226
GAC	CAC	GC	-1.55573	0.08309	0.03458	1.55573	0.01753	0.03458
GAC	AAC	GA	0.27790	0.12186	0.13958	-0.27790	0.16090	0.13958
GAC	GTC	AT	-1.60044	0.03123	0.01264	1.60044	0.00630	0.01264
GAC	GCC	AC	-1.15139	0.08309	0.04424	1.15139	0.02627	0.04424
GAC	GAT	CT	-0.47919	0.10483	0.08171	0.47919	0.06492	0.08171
GAA	CAA	GC	-1.81862	0.03079	0.01085	1.81862	0.00500	0.01085
GAA	AAA	GA	0.14769	0.04516	0.04858	-0.14769	0.05235	0.04858
GAA	GTA	AT	-1.80064	0.01157	0.00412	1.80064	0.00191	0.00412
GAA	GCA	AC	-1.57889	0.03079	0.01263	1.57889	0.00635	0.01263
GAA	GAT	AT	-0.31456	0.01157	0.00985	0.31456	0.00845	0.00985
GAA	GAC	AC	0.16463	0.03079	0.03340	-0.16463	0.03630	0.03340
GAG	CAG	GC	-1.39837	0.18746	0.08599	1.39837	0.04630	0.08599
GAG	AAG	GA	0.29864	0.27494	0.31804	-0.29864	0.37063	0.31804
GAG	GTG	AT	-1.53677	0.07046	0.02967	1.53677	0.01515	0.02967
GAG	GCG	AC	-5.06786	0.18746	0.00602	5.06786	0.00118	0.00602
GAG	GAT	GT	-1.82209	0.07046	0.02476	1.82209	0.01139	0.02476
GAG	GAC	GC	-1.34290	0.18746	0.08895	1.34290	0.04894	0.08895
GAG	GAA	GA	-1.50753	0.27494	0.11790	1.50753	0.06089	0.11790
GGT	TGT	GT	1.43012	0.00006	0.00011	-1.43012	0.00025	0.00011
GGT	CGT	GC	2.57685	0.00016	0.00045	-2.57685	0.00213	0.00045
GGT	AGT	GA	1.39736	0.00024	0.00044	-1.39736	0.00096	0.00044
GGT	GTT	GT	-4.10951	0.00006	0.00000	4.10951	0.00000	0.00000
GGT	GCT	GC	4.42660	0.00016	0.00073	-4.42660	0.01356	0.00073
GGT	GAT	GA	5.08066	0.00024	0.00122	-5.08066	0.03824	0.00122
GGC	TGC	GT	-0.35691	0.01501	0.01249	0.35691	0.01050	0.01249
GGC	CGC	GC	-0.90996	0.03992	0.02448	0.90996	0.01607	0.02448
GGC	AGC	GA	-0.21978	0.05855	0.05235	0.21978	0.04700	0.05235
GGC	GTC	GT	-0.56876	0.01501	0.01114	0.56876	0.00850	0.01114
GGC	GCC	GC	-0.11971	0.03992	0.03758	0.11971	0.03542	0.03758
GGC	GAC	GA	1.03168	0.05855	0.09386	-1.03168	0.16429	0.09386
GGC	GGT	CT	-4.52817	0.05037	0.00249	4.52817	0.00054	0.00249
GGA	CGA	GC	-0.73637	0.00837	0.00567	0.73637	0.00401	0.00567
GGA	AGA	GA	-1.74895	0.01228	0.00452	1.74895	0.00214	0.00452
GGA	GTA	GT	-0.19969	0.00315	0.00284	0.19969	0.00258	0.00284
GGA	GCA	GC	0.02206	0.00837	0.00847	-0.02206	0.00856	0.00847
GGA	GAA	GA	1.60095	0.01228	0.02463	-1.60095	0.06089	0.02463
GGA	GGT	AT	-3.79427	0.00315	0.00027	3.79427	0.00007	0.00027
GGA	GGC	AC	0.73390	0.00837	0.01182	-0.73390	0.01744	0.01182
GGG	TGG	GT	0.16715	0.00975	0.01058	-0.16715	0.01152	0.01058
GGG	CGG	GC	-1.29137	0.02593	0.01270	1.29137	0.00713	0.01270
GGG	AGG	GA	-0.23669	0.03803	0.03371	0.23669	0.03002	0.03371
GGG	GTG	GT	0.74009	0.00975	0.01379	-0.74009	0.02043	0.01379
GGG	GCG	GC	-2.79099	0.02593	0.00473	2.79099	0.00159	0.00473
GGG	GAG	GA	2.27687	0.03803	0.09650	-2.27687	0.37067	0.09650
GGG	GGT	GT	-4.62588	0.00975	0.00045	4.62588	0.00010	0.00045
GGG	GGC	GC	-0.09771	0.02593	0.02468	0.09771	0.02352	0.02468
GGG	GGA	GA	-0.83162	0.03803	0.02439	0.83162	0.01656	0.02439


Histograms
2Ns	FMut	FSub(CodonUsage)	FSubw(after w)

-9.38810	0.00702	0.00001
-8.44929	0.00328	0.00001
-7.51048	0.00197	0.00001
-6.57167	0.00329	0.00004
-5.63286	0.00380	0.00013
-4.69405	0.02306	0.00133
-3.75524	0.05073	0.00830
-2.81643	0.10731	0.03005
-1.87762	0.26502	0.13991
-0.93881	0.19056	0.16305
0.00000	0.21727	0.31434
0.93881	0.07253	0.16305
1.87762	0.04524	0.13991
2.81643	0.00712	0.03005
3.75524	0.00159	0.00830
4.69405	0.00019	0.00133
5.63286	0.00002	0.00013
6.57167	0.00000	0.00004
7.51048	0.00000	0.00000
8.44929	0.00000	0.00000
9.38810	0.00000	0.00000

Proportion of advantageous (S > 0) mutations:
 0.22294

Proportions of good & bad mutations (|S| > 2.0000) among mutations:
0.01489  0.25434

mean |Ns| = 1.62457	mean Ns+ = 0.86314	mean Ns- = -1.84302


MLEs of dN/dS (w) for site classes (K=4)

site class             0        1       2a       2b
proportion       0.88069  0.04951  0.06608  0.00371
background w     0.02509  1.61938  0.02509  1.61938
foreground w     0.02509  1.61938 19.70551 19.70551

Naive Empirical Bayes (NEB) probabilities for 4 classes
(amino acids refer to 1st sequence: Bacu)

   1 E   0.98451 0.00214 0.01331 0.00003 ( 1)
   2 S   0.98970 0.00104 0.00924 0.00001 ( 1)
   3 G   0.99439 0.00054 0.00507 0.00000 ( 1)
   4 A   0.98516 0.00191 0.01290 0.00003 ( 1)
   5 G   0.99439 0.00054 0.00507 0.00000 ( 1)
   6 K   0.97201 0.00560 0.02225 0.00015 ( 1)
   7 T   0.99388 0.00067 0.00544 0.00000 ( 1)
   8 V   0.99831 0.00002 0.00167 0.00000 ( 1)
   9 N   0.98848 0.00140 0.01011 0.00002 ( 1)
  10 T   0.99507 0.00026 0.00467 0.00000 ( 1)
  11 K   0.97213 0.00548 0.02225 0.00014 ( 1)
  12 R   0.99824 0.00006 0.00170 0.00000 ( 1)
  13 V   0.99831 0.00002 0.00167 0.00000 ( 1)
  14 I   0.98218 0.00307 0.01470 0.00005 ( 1)
  15 Q   0.98051 0.00410 0.01531 0.00007 ( 1)
  16 Y   0.99239 0.00079 0.00682 0.00001 ( 1)
  17 F   0.95237 0.01297 0.03416 0.00050 ( 1)
  18 A   0.94341 0.01626 0.03960 0.00072 ( 1)
  19 V   0.99645 0.00188 0.00166 0.00000 ( 1)
  20 I   0.95631 0.01302 0.03022 0.00045 ( 1)
  21 A   0.98135 0.00344 0.01515 0.00006 ( 1)
  22 A   0.96010 0.00414 0.03560 0.00016 ( 1)
  23 I   0.95877 0.01157 0.02927 0.00039 ( 1)
  24 G   0.99137 0.00064 0.00798 0.00001 ( 1)
  25 D   0.97782 0.00519 0.01688 0.00010 ( 1)
  26 R   0.99178 0.00084 0.00738 0.00001 ( 1)
  27 S   0.99672 0.00016 0.00312 0.00000 ( 1)
  28 K   0.97201 0.00560 0.02225 0.00015 ( 1)
  29 K   0.97308 0.00453 0.02227 0.00012 ( 1)
  30 E   0.97328 0.00496 0.02163 0.00013 ( 1)
  31 Q   0.05604 0.92629 0.00087 0.01680 ( 2)
  32 T   0.00552 0.97815 0.00008 0.01626 ( 2)
  33 S   0.60983 0.36471 0.01530 0.01016 ( 1)
  34 G   0.99104 0.00097 0.00798 0.00001 ( 1)
  35 K   0.97201 0.00560 0.02225 0.00015 ( 1)
  36 N   0.94754 0.00123 0.05117 0.00007 ( 1)
  37 S   0.95734 0.00013 0.04252 0.00001 ( 1)
  38 F   0.00000 0.93727 0.00000 0.06273 ( 2)
  39 E   0.95625 0.00393 0.03963 0.00019 ( 1)
  40 Q   0.98193 0.00331 0.01470 0.00006 ( 1)
  41 L   0.97139 0.00199 0.02656 0.00006 ( 1)
  42 C   0.99668 0.00010 0.00323 0.00000 ( 1)
  43 I   0.98350 0.00241 0.01404 0.00004 ( 1)
  44 N   0.98943 0.00103 0.00953 0.00001 ( 1)
  45 F   0.98527 0.00151 0.01319 0.00002 ( 1)
  46 T   0.99555 0.00017 0.00428 0.00000 ( 1)
  47 N   0.98963 0.00100 0.00936 0.00001 ( 1)
  48 E   0.97500 0.00406 0.02084 0.00010 ( 1)
  49 K   0.97378 0.00463 0.02147 0.00012 ( 1)
  50 L   0.94586 0.01593 0.03754 0.00067 ( 1)
  51 Q   0.98200 0.00324 0.01470 0.00006 ( 1)
  52 Q   0.98193 0.00331 0.01470 0.00006 ( 1)
  53 F   0.98527 0.00151 0.01319 0.00002 ( 1)
  54 F   0.98527 0.00151 0.01319 0.00002 ( 1)
  55 N   0.98943 0.00103 0.00953 0.00001 ( 1)
  56 H   0.99621 0.00013 0.00366 0.00000 ( 1)
  57 H   0.99621 0.00013 0.00366 0.00000 ( 1)
  58 M   0.99155 0.00056 0.00788 0.00001 ( 1)
  59 F   0.98527 0.00151 0.01319 0.00002 ( 1)
  60 V   0.85606 0.13591 0.00670 0.00133 ( 1)
  61 L   0.94562 0.01616 0.03753 0.00068 ( 1)
  62 E   0.97562 0.00344 0.02085 0.00008 ( 1)
  63 Q   0.98204 0.00321 0.01470 0.00006 ( 1)
  64 E   0.97500 0.00406 0.02084 0.00010 ( 1)
  65 E   0.98469 0.00231 0.01296 0.00004 ( 1)
  66 Y   0.99306 0.00057 0.00637 0.00000 ( 1)
  67 K   0.97378 0.00463 0.02147 0.00012 ( 1)
  68 K   0.97378 0.00463 0.02147 0.00012 ( 1)
  69 E   0.97500 0.00406 0.02084 0.00010 ( 1)
  70 G   0.99182 0.00069 0.00748 0.00001 ( 1)
  71 I   0.98350 0.00241 0.01404 0.00004 ( 1)
  72 E   0.77489 0.20353 0.01656 0.00501 ( 1)
  73 W   0.98221 0.00325 0.01448 0.00006 ( 1)
  74 E   0.58658 0.39125 0.01254 0.00963 ( 1)
  75 F   0.98527 0.00151 0.01319 0.00002 ( 1)
  76 I   0.98350 0.00241 0.01404 0.00004 ( 1)
  77 D   0.99016 0.00079 0.00904 0.00001 ( 1)
  78 F   0.98521 0.00158 0.01319 0.00003 ( 1)
  79 G   0.99183 0.00069 0.00748 0.00001 ( 1)
  80 M   0.95460 0.03743 0.00759 0.00038 ( 1)
  81 D   0.99016 0.00079 0.00904 0.00001 ( 1)
  82 L   0.94562 0.01616 0.03753 0.00068 ( 1)
  83 Q   0.01990 0.96299 0.00030 0.01681 ( 2)
  84 A   0.86269 0.12247 0.01270 0.00214 ( 1)
  85 C   0.99667 0.00010 0.00323 0.00000 ( 1)
  86 I   0.98268 0.00257 0.01471 0.00005 ( 1)
  87 D   0.93999 0.05025 0.00915 0.00061 ( 1)
  88 L   0.98724 0.00121 0.01153 0.00002 ( 1)
  89 I   0.98276 0.00249 0.01471 0.00004 ( 1)
  90 E   0.97415 0.00409 0.02165 0.00010 ( 1)
  91 K   0.97295 0.00467 0.02227 0.00012 ( 1)
  92 P   0.99740 0.00005 0.00255 0.00000 ( 1)
  93 M   0.99103 0.00053 0.00844 0.00001 ( 1)
  94 G   0.99137 0.00065 0.00798 0.00001 ( 1)
  95 I   0.98294 0.00231 0.01471 0.00004 ( 1)
  96 M   0.30432 0.68564 0.00259 0.00745 ( 2)
  97 S   0.99003 0.00072 0.00924 0.00001 ( 1)
  98 I   0.98298 0.00227 0.01471 0.00004 ( 1)
  99 L   0.95007 0.01107 0.03838 0.00048 ( 1)
 100 E   0.97439 0.00386 0.02166 0.00010 ( 1)
 101 E   0.97437 0.00387 0.02166 0.00010 ( 1)
 102 E   0.97437 0.00387 0.02166 0.00010 ( 1)
 103 C   0.99636 0.00009 0.00355 0.00000 ( 1)
 104 M   0.99104 0.00052 0.00844 0.00001 ( 1)
 105 F   0.98465 0.00142 0.01391 0.00002 ( 1)
 106 P   0.99741 0.00004 0.00255 0.00000 ( 1)
 107 K   0.97319 0.00442 0.02227 0.00012 ( 1)
 108 A   0.98261 0.00218 0.01517 0.00004 ( 1)
 109 T   0.99714 0.00005 0.00282 0.00000 ( 1)
 110 D   0.98963 0.00073 0.00963 0.00001 ( 1)
 111 M   0.99104 0.00052 0.00844 0.00001 ( 1)
 112 T   0.99518 0.00015 0.00467 0.00000 ( 1)
 113 F   0.98465 0.00142 0.01391 0.00002 ( 1)
 114 K   0.75172 0.22520 0.01720 0.00587 ( 1)
 115 A   0.94882 0.01319 0.03744 0.00055 ( 1)
 116 K   0.97329 0.00432 0.02228 0.00011 ( 1)
 117 L   0.94603 0.01510 0.03822 0.00065 ( 1)
 118 F   0.00000 0.96535 0.00000 0.03465 ( 2)
 119 D   0.98967 0.00068 0.00964 0.00001 ( 1)
 120 N   0.20499 0.78302 0.00210 0.00990 ( 2)
 121 H   0.99588 0.00010 0.00401 0.00000 ( 1)
 122 L   0.94558 0.01555 0.03820 0.00067 ( 1)
 123 G   0.99153 0.00048 0.00798 0.00000 ( 1)
 124 K   0.97385 0.00377 0.02229 0.00010 ( 1)
 125 S   0.99020 0.00055 0.00925 0.00001 ( 1)
 126 S   0.00000 0.99533 0.00000 0.00467 ( 2)
 127 N   0.98919 0.00068 0.01011 0.00001 ( 1)
 128 F   0.98501 0.00105 0.01392 0.00002 ( 1)
 129 Q   0.98280 0.00245 0.01471 0.00004 ( 1)
 130 K   0.97484 0.00357 0.02150 0.00009 ( 1)
 131 P   0.24276 0.00055 0.75665 0.00004 ( 3)
 132 R   0.99168 0.00072 0.00759 0.00001 ( 1)
 133 N   0.99123 0.00031 0.00846 0.00000 ( 1)
 134 I   0.88969 0.09598 0.01270 0.00162 ( 1)
 135 K   0.97489 0.00353 0.02150 0.00009 ( 1)
 136 G   0.99508 0.00021 0.00470 0.00000 ( 1)
 137 K   0.00001 0.97504 0.00000 0.02495 ( 2)
 138 P   0.99754 0.00003 0.00243 0.00000 ( 1)
 139 E   0.98623 0.00111 0.01264 0.00002 ( 1)
 140 A   0.98386 0.00163 0.01448 0.00003 ( 1)
 141 H   0.99627 0.00006 0.00366 0.00000 ( 1)
 142 F   0.98577 0.00102 0.01319 0.00002 ( 1)
 143 S   0.99083 0.00049 0.00868 0.00001 ( 1)
 144 L   0.94759 0.01420 0.03761 0.00060 ( 1)
 145 I   0.00253 0.98084 0.00004 0.01659 ( 2)
 146 H   0.99627 0.00006 0.00366 0.00000 ( 1)
 147 Y   0.97972 0.00117 0.01909 0.00003 ( 1)
 148 A   0.98361 0.00188 0.01448 0.00003 ( 1)
 149 G   0.99209 0.00043 0.00748 0.00000 ( 1)
 150 T   0.99494 0.00014 0.00492 0.00000 ( 1)
 151 V   0.99162 0.00061 0.00776 0.00001 ( 1)
 152 D   0.99044 0.00051 0.00905 0.00001 ( 1)
 153 Y   0.99330 0.00033 0.00637 0.00000 ( 1)
 154 N   0.98980 0.00066 0.00953 0.00001 ( 1)
 155 I   0.98421 0.00171 0.01405 0.00003 ( 1)
 156 I   0.88495 0.11248 0.00217 0.00040 ( 1)
 157 G   0.99210 0.00042 0.00748 0.00000 ( 1)
 158 W   0.98308 0.00238 0.01450 0.00004 ( 1)
 159 L   0.97915 0.00372 0.01706 0.00007 ( 1)
 160 Q   0.84453 0.14037 0.01264 0.00245 ( 1)
 161 K   0.98530 0.00174 0.01293 0.00003 ( 1)
 162 N   0.98980 0.00066 0.00953 0.00001 ( 1)
 163 K   0.98547 0.00157 0.01293 0.00002 ( 1)
 164 D   0.99046 0.00049 0.00905 0.00001 ( 1)
 165 P   0.99768 0.00003 0.00229 0.00000 ( 1)
 166 L   0.98831 0.00079 0.01089 0.00001 ( 1)
 167 N   0.98988 0.00058 0.00953 0.00001 ( 1)
 168 E   0.97602 0.00305 0.02086 0.00007 ( 1)
 169 T   0.99465 0.00028 0.00507 0.00000 ( 1)
 170 V   0.99184 0.00039 0.00776 0.00000 ( 1)
 171 V   0.99162 0.00061 0.00776 0.00001 ( 1)
 172 E   0.03832 0.93778 0.00082 0.02308 ( 2)
 173 L   0.99787 0.00005 0.00208 0.00000 ( 1)
 174 Y   0.99330 0.00033 0.00637 0.00000 ( 1)
 175 K   0.80026 0.17762 0.01765 0.00448 ( 1)
 176 K   0.97729 0.00226 0.02040 0.00005 ( 1)
 177 S   0.99083 0.00049 0.00868 0.00001 ( 1)
 178 S   0.99548 0.00029 0.00423 0.00000 ( 1)
 179 L   0.86889 0.11991 0.00958 0.00163 ( 1)
 180 K   0.97443 0.00398 0.02149 0.00010 ( 1)
 181 M   0.00000 0.99687 0.00000 0.00313 ( 2)
 182 L   0.98714 0.00196 0.01088 0.00003 ( 1)
 183 S   0.97259 0.02454 0.00277 0.00010 ( 1)
 184 T   0.35107 0.64359 0.00152 0.00382 ( 2)
 185 L   0.94302 0.01877 0.03742 0.00079 ( 1)
 186 F   0.95242 0.01368 0.03338 0.00052 ( 1)
 187 A   0.98203 0.00346 0.01445 0.00006 ( 1)
 188 N   0.98875 0.00171 0.00952 0.00002 ( 1)
 189 Y   0.96903 0.00950 0.02124 0.00023 ( 1)
 190 A   0.94007 0.02024 0.03881 0.00089 ( 1)
 191 G   0.99456 0.00073 0.00470 0.00000 ( 1)
 192 F   0.95211 0.01399 0.03337 0.00053 ( 1)
 193 D   0.98959 0.00136 0.00904 0.00002 ( 1)
 194 S   0.85964 0.13009 0.00865 0.00162 ( 1)
 195 Y   0.99320 0.00043 0.00637 0.00000 ( 1)
 196 R   0.99262 0.00049 0.00689 0.00000 ( 1)
 197 I   0.98394 0.00198 0.01405 0.00003 ( 1)
 198 L   0.94666 0.01513 0.03757 0.00064 ( 1)
 199 N   0.98970 0.00076 0.00953 0.00001 ( 1)
 200 P   0.99753 0.00004 0.00243 0.00000 ( 1)
 201 A   0.98666 0.00109 0.01223 0.00002 ( 1)
 202 A   0.98367 0.00182 0.01448 0.00003 ( 1)
 203 I   0.98401 0.00191 0.01405 0.00003 ( 1)
 204 P   0.99769 0.00002 0.00229 0.00000 ( 1)
 205 E   0.97572 0.00334 0.02086 0.00008 ( 1)
 206 G   0.99202 0.00050 0.00748 0.00000 ( 1)
 207 Q   0.98256 0.00268 0.01471 0.00005 ( 1)
 208 F   0.98563 0.00116 0.01319 0.00002 ( 1)
 209 I   0.95967 0.01035 0.02964 0.00035 ( 1)
 210 D   0.99038 0.00057 0.00904 0.00001 ( 1)
 211 S   0.99710 0.00006 0.00284 0.00000 ( 1)
 212 R   0.99846 0.00002 0.00152 0.00000 ( 1)
 213 K   0.98528 0.00176 0.01293 0.00003 ( 1)
 214 G   0.99504 0.00025 0.00470 0.00000 ( 1)
 215 S   0.00000 0.97353 0.00000 0.02647 ( 2)
 216 E   0.97572 0.00334 0.02086 0.00008 ( 1)
 217 K   0.97456 0.00385 0.02149 0.00010 ( 1)
 218 L   0.94699 0.01481 0.03758 0.00063 ( 1)
 219 L   0.94793 0.01386 0.03762 0.00059 ( 1)
 220 G   0.96171 0.03075 0.00725 0.00029 ( 1)
 221 S   0.99075 0.00057 0.00868 0.00001 ( 1)
 222 L   0.94699 0.01481 0.03758 0.00063 ( 1)
 223 D   0.99038 0.00057 0.00904 0.00001 ( 1)
 224 I   0.96061 0.00940 0.02967 0.00032 ( 1)
 225 D   0.99038 0.00057 0.00904 0.00001 ( 1)
 226 H   0.99626 0.00008 0.00366 0.00000 ( 1)
 227 N   0.98970 0.00076 0.00953 0.00001 ( 1)
 228 Q   0.98256 0.00268 0.01471 0.00005 ( 1)
 229 Y   0.99324 0.00039 0.00637 0.00000 ( 1)
 230 K   0.97456 0.00385 0.02149 0.00010 ( 1)
 231 F   0.98559 0.00120 0.01319 0.00002 ( 1)
 232 G   0.99202 0.00050 0.00748 0.00000 ( 1)
 233 H   0.99626 0.00008 0.00366 0.00000 ( 1)
 234 T   0.99561 0.00011 0.00428 0.00000 ( 1)
 235 K   0.97456 0.00385 0.02149 0.00010 ( 1)
 236 D   0.96076 0.03010 0.00880 0.00035 ( 1)
 237 S   0.34364 0.64606 0.00306 0.00724 ( 2)
 238 L   0.94887 0.01292 0.03766 0.00055 ( 1)
 239 L   0.94871 0.01309 0.03765 0.00055 ( 1)
 240 V   0.99718 0.00003 0.00279 0.00000 ( 1)
 241 I   0.98433 0.00159 0.01405 0.00003 ( 1)
 242 Q   0.98297 0.00228 0.01471 0.00004 ( 1)
 243 W   0.98323 0.00223 0.01450 0.00004 ( 1)
 244 N   0.98993 0.00053 0.00953 0.00001 ( 1)
 245 I   0.96055 0.00947 0.02967 0.00032 ( 1)
 246 R   0.99751 0.00003 0.00246 0.00000 ( 1)
 247 A   0.98398 0.00151 0.01448 0.00003 ( 1)
 248 F   0.98585 0.00094 0.01320 0.00002 ( 1)
 249 M   0.99181 0.00031 0.00788 0.00000 ( 1)
 250 G   0.95572 0.03952 0.00452 0.00025 ( 1)
 251 V   0.99853 0.00000 0.00147 0.00000 ( 1)
 252 K   0.97508 0.00333 0.02150 0.00008 ( 1)
 253 N   0.99047 0.00047 0.00906 0.00001 ( 1)
 254 W   0.98323 0.00223 0.01450 0.00004 ( 1)
 255 P   0.99769 0.00001 0.00229 0.00000 ( 1)
 256 W   0.98323 0.00223 0.01450 0.00004 ( 1)
 257 M   0.99181 0.00031 0.00788 0.00000 ( 1)
 258 K   0.97508 0.00333 0.02150 0.00008 ( 1)
 259 L   0.98838 0.00072 0.01089 0.00001 ( 1)
 260 Y   0.99333 0.00030 0.00637 0.00000 ( 1)
 261 F   0.98584 0.00095 0.01320 0.00002 ( 1)
 262 K   0.97508 0.00333 0.02150 0.00008 ( 1)
 263 I   0.98433 0.00159 0.01405 0.00003 ( 1)
 264 K   0.98558 0.00146 0.01293 0.00002 ( 1)
 265 P   0.99753 0.00003 0.00244 0.00000 ( 1)
 266 L   0.95310 0.01144 0.03500 0.00046 ( 1)
 267 L   0.94922 0.01257 0.03767 0.00053 ( 1)
 268 K   0.97508 0.00333 0.02150 0.00008 ( 1)
 269 S   0.99737 0.00003 0.00260 0.00000 ( 1)
 270 A   0.98688 0.00088 0.01223 0.00001 ( 1)
 271 E   0.97619 0.00287 0.02087 0.00007 ( 1)
 272 T   0.35933 0.62914 0.00365 0.00788 ( 2)
 273 E   0.97619 0.00287 0.02087 0.00007 ( 1)
 274 K   0.97508 0.00333 0.02150 0.00008 ( 1)
 275 E   0.98612 0.00121 0.01264 0.00002 ( 1)
 276 I   0.00236 0.99408 0.00001 0.00356 ( 2)
 277 A   0.98398 0.00151 0.01448 0.00003 ( 1)
 278 L   0.00000 0.98652 0.00000 0.01348 ( 2)
 279 M   0.99181 0.00031 0.00788 0.00000 ( 1)
 280 K   0.97508 0.00333 0.02150 0.00008 ( 1)
 281 E   0.97619 0.00287 0.02087 0.00007 ( 1)
 282 E   0.97619 0.00287 0.02087 0.00007 ( 1)
 283 F   0.95670 0.00941 0.03353 0.00036 ( 1)
 284 G   0.99511 0.00019 0.00470 0.00000 ( 1)
 285 R   0.99278 0.00032 0.00690 0.00000 ( 1)
 286 L   0.98838 0.00072 0.01089 0.00001 ( 1)
 287 K   0.98558 0.00146 0.01293 0.00002 ( 1)
 288 E   0.97619 0.00287 0.02087 0.00007 ( 1)
 289 A   0.02137 0.93634 0.00089 0.04140 ( 2)
 290 L   0.94797 0.01382 0.03762 0.00059 ( 1)
 291 E   0.97619 0.00287 0.02087 0.00007 ( 1)
 292 K   0.97508 0.00333 0.02150 0.00008 ( 1)
 293 S   0.99555 0.00022 0.00423 0.00000 ( 1)
 294 E   0.97619 0.00287 0.02087 0.00007 ( 1)
 295 A   0.46867 0.49048 0.01935 0.02149 ( 2)
 296 R   0.98542 0.00010 0.01448 0.00000 ( 1)
 297 R   0.99278 0.00032 0.00690 0.00000 ( 1)
 298 K   0.97508 0.00333 0.02150 0.00008 ( 1)
 299 E   0.82157 0.15700 0.01756 0.00386 ( 1)
 300 L   0.94797 0.01382 0.03762 0.00059 ( 1)
 301 E   0.97619 0.00287 0.02087 0.00007 ( 1)
 302 E   0.97620 0.00286 0.02087 0.00007 ( 1)
 303 K   0.97508 0.00333 0.02150 0.00008 ( 1)
 304 M   0.99181 0.00031 0.00788 0.00000 ( 1)
 305 V   0.99168 0.00055 0.00776 0.00001 ( 1)
 306 S   0.99087 0.00044 0.00868 0.00000 ( 1)
 307 L   0.94797 0.01382 0.03762 0.00059 ( 1)
 308 L   0.94797 0.01382 0.03762 0.00059 ( 1)
 309 Q   0.98297 0.00228 0.01471 0.00004 ( 1)
 310 E   0.97619 0.00287 0.02087 0.00007 ( 1)
 311 K   0.97508 0.00333 0.02150 0.00008 ( 1)
 312 N   0.99074 0.00019 0.00906 0.00000 ( 1)
 313 D   0.99050 0.00045 0.00905 0.00001 ( 1)
 314 L   0.94814 0.01365 0.03763 0.00058 ( 1)
 315 Q   0.98297 0.00228 0.01471 0.00004 ( 1)
 316 L   0.98838 0.00072 0.01089 0.00001 ( 1)
 317 Q   0.99310 0.00036 0.00653 0.00000 ( 1)
 318 V   0.94992 0.04174 0.00790 0.00043 ( 1)
 319 Q   0.98233 0.00229 0.01534 0.00004 ( 1)
 320 -   0.94420 0.00426 0.05130 0.00024 ( 1)
 321 E   0.94538 0.00148 0.05305 0.00009 ( 1)
 322 Q   0.94998 0.00059 0.04940 0.00003 ( 1)
 323 D   0.94913 0.00071 0.05013 0.00004 ( 1)
 324 N   0.94787 0.00090 0.05119 0.00005 ( 1)
 325 L   0.92127 0.01502 0.06267 0.00103 ( 1)
 326 A   0.01252 0.92285 0.00086 0.06377 ( 2)
 327 D   0.93874 0.00395 0.05707 0.00024 ( 1)
 328 A   0.96907 0.00003 0.03091 0.00000 ( 1)
 329 E   0.94538 0.00148 0.05305 0.00009 ( 1)
 330 E   0.94012 0.00279 0.05692 0.00017 ( 1)
 331 R   0.95045 0.00052 0.04900 0.00003 ( 1)
 332 C   0.95726 0.00005 0.04268 0.00000 ( 1)
 333 D   0.94913 0.00071 0.05013 0.00004 ( 1)
 334 Q   0.94079 0.00304 0.05598 0.00018 ( 1)
 335 L   0.92086 0.01544 0.06264 0.00106 ( 1)
 336 I   0.94301 0.00220 0.05466 0.00013 ( 1)
 337 K   0.93803 0.00428 0.05742 0.00027 ( 1)
 338 N   0.94784 0.00093 0.05118 0.00005 ( 1)
 339 K   0.93803 0.00428 0.05742 0.00027 ( 1)
 340 I   0.94301 0.00220 0.05466 0.00013 ( 1)
 341 Q   0.94080 0.00303 0.05598 0.00018 ( 1)
 342 L   0.92114 0.01516 0.06266 0.00104 ( 1)
 343 E   0.93916 0.00375 0.05686 0.00023 ( 1)
 344 A   0.94329 0.00210 0.05448 0.00012 ( 1)
 345 K   0.93804 0.00428 0.05742 0.00027 ( 1)
 346 V   0.99149 0.00074 0.00776 0.00001 ( 1)
 347 K   0.97445 0.00396 0.02149 0.00010 ( 1)
 348 E   0.00013 0.00186 0.99397 0.00404 ( 3)
 349 M   0.06314 0.00194 0.93441 0.00051 ( 3)
 350 T   0.98923 0.00012 0.01065 0.00000 ( 1)
 351 E   0.97562 0.00344 0.02085 0.00008 ( 1)
 352 R   0.00035 0.00004 0.99958 0.00003 ( 3)
 353 L   0.04567 0.04454 0.89466 0.01513 ( 3)
 354 E   0.00108 0.00130 0.99357 0.00404 ( 3)
 355 D   0.00901 0.00081 0.98942 0.00077 ( 3)
 356 E   0.00005 0.00078 0.99522 0.00394 ( 3)
 357 E   0.08295 0.01812 0.89530 0.00363 ( 3)
 358 E   0.97562 0.00344 0.02085 0.00008 ( 1)
 359 M   0.13146 0.00374 0.86433 0.00047 ( 3)
 360 N   0.03932 0.00113 0.95907 0.00048 ( 3)
 361 A   0.98357 0.00192 0.01448 0.00003 ( 1)
 362 E   0.06294 0.01441 0.91891 0.00373 ( 3)
 363 L   0.97261 0.00077 0.02659 0.00002 ( 1)
 364 T   0.98254 0.00025 0.01721 0.00001 ( 1)
 365 A   0.00009 0.00061 0.99745 0.00185 ( 3)
 366 K   0.93866 0.00366 0.05745 0.00023 ( 1)
 367 K   0.93866 0.00366 0.05745 0.00023 ( 1)
 368 R   0.95058 0.00040 0.04900 0.00002 ( 1)
 369 K   0.93866 0.00366 0.05745 0.00023 ( 1)
 370 L   0.92198 0.01432 0.06272 0.00098 ( 1)
 371 E   0.94568 0.00118 0.05307 0.00007 ( 1)
 372 D   0.94918 0.00066 0.05013 0.00004 ( 1)
 373 E   0.93974 0.00317 0.05689 0.00020 ( 1)
 374 C   0.95726 0.00006 0.04268 0.00000 ( 1)
 375 S   0.95188 0.00028 0.04783 0.00001 ( 1)
 376 E   0.93974 0.00317 0.05689 0.00020 ( 1)
 377 L   0.94729 0.00085 0.05181 0.00005 ( 1)
 378 K   0.93866 0.00366 0.05745 0.00023 ( 1)
 379 R   0.96079 0.00002 0.03919 0.00000 ( 1)
 380 D   0.94929 0.00054 0.05014 0.00003 ( 1)
 381 I   0.92805 0.00993 0.06136 0.00066 ( 1)
 382 D   0.93935 0.00335 0.05710 0.00021 ( 1)
 383 D   0.05163 0.00170 0.94613 0.00055 ( 3)
 384 L   0.00004 0.00274 0.98184 0.01538 ( 3)
 385 E   0.97615 0.00291 0.02087 0.00007 ( 1)
 386 L   0.94788 0.01392 0.03762 0.00059 ( 1)
 387 T   0.98255 0.00023 0.01721 0.00001 ( 1)
 388 L   0.00004 0.00253 0.98205 0.01538 ( 3)
 389 A   0.98398 0.00152 0.01448 0.00003 ( 1)
 390 K   0.97503 0.00338 0.02150 0.00009 ( 1)
 391 V   0.98608 0.00051 0.01340 0.00001 ( 1)
 392 E   0.06312 0.01223 0.92148 0.00317 ( 3)
 393 K   0.00005 0.00065 0.99575 0.00356 ( 3)
 394 E   0.95735 0.00283 0.03968 0.00014 ( 1)
 395 K   0.04921 0.01132 0.93576 0.00371 ( 3)
 396 H   0.99807 0.00004 0.00189 0.00000 ( 1)
 397 A   0.06715 0.00336 0.92853 0.00095 ( 3)
 398 T   0.94779 0.00076 0.05141 0.00004 ( 1)
 399 E   0.93974 0.00317 0.05689 0.00020 ( 1)
 400 N   0.13278 0.00534 0.86120 0.00067 ( 3)
 401 K   0.00012 0.00165 0.99430 0.00394 ( 3)
 402 L   0.94744 0.01435 0.03760 0.00061 ( 1)
 403 E   0.97594 0.00312 0.02086 0.00008 ( 1)
 404 G   0.99196 0.00057 0.00747 0.00001 ( 1)
 405 S   0.99081 0.00051 0.00868 0.00001 ( 1)
 406 L   0.94762 0.01417 0.03761 0.00060 ( 1)
 407 E   0.97603 0.00303 0.02086 0.00007 ( 1)
 408 Q   0.98283 0.00242 0.01471 0.00004 ( 1)
 409 E   0.97611 0.00296 0.02086 0.00007 ( 1)
 410 K   0.97490 0.00351 0.02150 0.00009 ( 1)
 411 K   0.97493 0.00349 0.02150 0.00009 ( 1)
 412 V   0.99162 0.00061 0.00776 0.00001 ( 1)
 413 R   0.96434 0.00261 0.03295 0.00010 ( 1)
 414 M   0.99178 0.00034 0.00788 0.00000 ( 1)
 415 D   0.99046 0.00049 0.00905 0.00001 ( 1)
 416 L   0.94770 0.01409 0.03761 0.00060 ( 1)
 417 E   0.98593 0.00124 0.01282 0.00002 ( 1)
 418 R   0.98329 0.00222 0.01445 0.00004 ( 1)
 419 A   0.98387 0.00162 0.01448 0.00003 ( 1)
 420 K   0.97490 0.00351 0.02150 0.00009 ( 1)
 421 R   0.99750 0.00003 0.00246 0.00000 ( 1)
 422 K   0.97494 0.00348 0.02150 0.00009 ( 1)
 423 L   0.99454 0.00065 0.00481 0.00000 ( 1)
 424 E   0.97603 0.00303 0.02086 0.00007 ( 1)
 425 G   0.99328 0.00025 0.00647 0.00000 ( 1)
 426 D   0.99046 0.00049 0.00905 0.00001 ( 1)
 427 L   0.94928 0.01251 0.03767 0.00053 ( 1)
 428 K   0.97490 0.00351 0.02150 0.00009 ( 1)
 429 L   0.94762 0.01417 0.03761 0.00060 ( 1)
 430 T   0.99563 0.00009 0.00428 0.00000 ( 1)
 431 Q   0.98283 0.00242 0.01471 0.00004 ( 1)
 432 E   0.97603 0.00303 0.02086 0.00007 ( 1)
 433 S   0.99711 0.00005 0.00284 0.00000 ( 1)
 434 I   0.04889 0.32417 0.55943 0.06751 ( 3)
 435 M   0.99178 0.00034 0.00788 0.00000 ( 1)
 436 D   0.98107 0.00245 0.01643 0.00005 ( 1)
 437 L   0.95068 0.01189 0.03694 0.00049 ( 1)
 438 E   0.97603 0.00303 0.02086 0.00007 ( 1)
 439 N   0.98980 0.00066 0.00953 0.00001 ( 1)
 440 D   0.12382 0.01204 0.86350 0.00063 ( 3)
 441 K   0.97490 0.00351 0.02150 0.00009 ( 1)
 442 Q   0.03383 0.43647 0.43060 0.09910 ( 2)
 443 Q   0.98283 0.00242 0.01471 0.00004 ( 1)
 444 L   0.94771 0.01408 0.03761 0.00060 ( 1)
 445 D   0.97718 0.00452 0.01820 0.00010 ( 1)
 446 E   0.97225 0.00428 0.02335 0.00012 ( 1)
 447 R   0.99659 0.00007 0.00334 0.00000 ( 1)
 448 L   0.97648 0.00431 0.01911 0.00010 ( 1)
 449 K   0.98267 0.00240 0.01489 0.00004 ( 1)


lnL = -4349.121815

Bayes Empirical Bayes (BEB) probabilities for 4 classes (class)
(amino acids refer to 1st sequence: Bacu)

   1 E   0.95693 0.00953 0.03320 0.00034 ( 1)
   2 S   0.96616 0.00623 0.02743 0.00018 ( 1)
   3 G   0.97440 0.00425 0.02125 0.00010 ( 1)
   4 A   0.95825 0.00887 0.03258 0.00031 ( 1)
   5 G   0.97440 0.00425 0.02125 0.00010 ( 1)
   6 K   0.93912 0.01673 0.04339 0.00077 ( 1)
   7 T   0.97247 0.00483 0.02258 0.00012 ( 1)
   8 V   0.99020 0.00067 0.00913 0.00001 ( 1)
   9 N   0.96326 0.00741 0.02910 0.00023 ( 1)
  10 T   0.97908 0.00275 0.01811 0.00006 ( 1)
  11 K   0.93933 0.01651 0.04339 0.00076 ( 1)
  12 R   0.98762 0.00117 0.01120 0.00002 ( 1)
  13 V   0.99020 0.00067 0.00913 0.00001 ( 1)
  14 I   0.95154 0.01176 0.03624 0.00045 ( 1)
  15 Q   0.94753 0.01400 0.03791 0.00056 ( 1)
  16 Y   0.97017 0.00529 0.02440 0.00014 ( 1)
  17 F   0.91640 0.02732 0.05471 0.00158 ( 1)
  18 A   0.90694 0.03118 0.05991 0.00197 ( 1)
  19 V   0.97603 0.01480 0.00902 0.00016 ( 1)
  20 I   0.91801 0.02745 0.05301 0.00153 ( 1)
  21 A   0.95050 0.01256 0.03646 0.00049 ( 1)
  22 A   0.92755 0.01390 0.05772 0.00083 ( 1)
  23 I   0.92113 0.02560 0.05187 0.00140 ( 1)
  24 G   0.96917 0.00465 0.02605 0.00013 ( 1)
  25 D   0.94289 0.01607 0.04036 0.00068 ( 1)
  26 R   0.96918 0.00546 0.02521 0.00015 ( 1)
  27 S   0.98263 0.00205 0.01529 0.00004 ( 1)
  28 K   0.93912 0.01673 0.04339 0.00077 ( 1)
  29 K   0.94111 0.01474 0.04347 0.00068 ( 1)
  30 E   0.94140 0.01558 0.04232 0.00070 ( 1)
  31 Q   0.14900 0.80973 0.00654 0.03472 ( 2)
  32 T   0.02557 0.93554 0.00105 0.03784 ( 2)
  33 S   0.64757 0.30290 0.03405 0.01548 ( 1)
  34 G   0.96782 0.00599 0.02602 0.00017 ( 1)
  35 K   0.93912 0.01673 0.04339 0.00077 ( 1)
  36 N   0.92264 0.00676 0.07012 0.00048 ( 1)
  37 S   0.93336 0.00180 0.06472 0.00012 ( 1)
  38 F   0.00001 0.92244 0.00000 0.07755 ( 2)
  39 E   0.93534 0.01358 0.05034 0.00074 ( 1)
  40 Q   0.94990 0.01234 0.03727 0.00049 ( 1)
  41 L   0.94779 0.00909 0.04270 0.00041 ( 1)
  42 C   0.98317 0.00152 0.01528 0.00003 ( 1)
  43 I   0.95387 0.01020 0.03555 0.00039 ( 1)
