29
Pcat       0.0000000 0.1014050 0.0976835 0.1243156 0.0849667 0.1084424 0.0991774 0.0882023 0.0027324 0.0789102 0.1321493 0.0900276 0.0877940 0.1736357 0.1487807 0.0879090 0.0922920 0.0924087 0.0915760 0.0819449 0.1124540 0.0915272 0.1330434 0.0902158 0.1237306 0.1086442 0.1467140 0.0952233 0.0821605 
Naasi      0.1014050 0.0000000 0.0082488 0.1263986 0.1688626 0.0725810 0.0441117 0.0400909 0.1036314 0.0397090 0.1000330 0.0307646 0.0349505 0.1322810 0.1276358 0.0389315 0.0451690 0.0064352 0.0384976 0.0338232 0.1071812 0.0531017 0.1373809 0.0068786 0.1375368 0.0877714 0.1261653 0.1415932 0.0022373 
Psin       0.0976835 0.0082488 0.0000000 0.1204716 0.1605408 0.0663955 0.0378187 0.0359103 0.0998710 0.0324105 0.0933963 0.0288202 0.0288523 0.1283121 0.1213282 0.0346640 0.0392518 0.0015962 0.0321006 0.0279290 0.0979092 0.0470719 0.1373067 0.0034217 0.1326756 0.0785919 0.1163918 0.1354379 0.0067293 
Bmus       0.1243156 0.1263986 0.1204716 0.0000000 0.1875996 0.1377402 0.1231472 0.1088610 0.1267825 0.0970340 0.1588386 0.1207621 0.1159974 0.2108218 0.1903088 0.1222133 0.1236778 0.1208049 0.1289330 0.1111702 0.0181236 0.1023259 0.0528170 0.1094712 0.0228647 0.1417265 0.1673434 0.1838974 0.1190773 
Kbre       0.0849667 0.1688626 0.1605408 0.1875996 0.0000000 0.1618808 0.1772061 0.1650927 0.0886948 0.1672888 0.2120455 0.1675098 0.1649215 0.2378596 0.2438091 0.1762595 0.1726181 0.1595120 0.1758931 0.1627234 0.1749957 0.1757431 0.2065835 0.1633202 0.2061558 0.1896079 0.2127842 0.0692984 0.1685789 
Pbla       0.1084424 0.0725810 0.0663955 0.1377402 0.1618808 0.0000000 0.0527182 0.0508996 0.1113775 0.0574496 0.1284287 0.0515294 0.0539173 0.1558669 0.1320676 0.0515294 0.0505450 0.0665278 0.0550797 0.0572415 0.1139205 0.0622608 0.1361154 0.0710438 0.1408465 0.0812259 0.1267789 0.1467001 0.0817322 
Schi       0.0991774 0.0441117 0.0378187 0.1231472 0.1772061 0.0527182 0.0000000 0.0105923 0.0995714 0.0111735 0.1042425 0.0062856 0.0041825 0.1282980 0.1144579 0.0062856 0.0134027 0.0304635 0.0117224 0.0121527 0.1066331 0.0243226 0.1320315 0.0419708 0.1144973 0.0758838 0.1211053 0.1415588 0.0560128 
Sflu       0.0882023 0.0400909 0.0359103 0.1088610 0.1650927 0.0508996 0.0105923 0.0000000 0.0932796 0.0181358 0.1132480 0.0127413 0.0105975 0.1379956 0.1247738 0.0127413 0.0170887 0.0338166 0.0190406 0.0197504 0.1003836 0.0286152 0.1302096 0.0375401 0.1125306 0.0776358 0.1221181 0.1293728 0.0376819 
Pmac       0.0027324 0.1036314 0.0998710 0.1267825 0.0886948 0.1113775 0.0995714 0.0932796 0.0000000 0.0816877 0.1345911 0.0924235 0.0901777 0.1736357 0.1523645 0.0904177 0.0926301 0.0967071 0.0940790 0.0842055 0.1175690 0.0962446 0.1360258 0.0928671 0.1241725 0.1090763 0.1502948 0.1009260 0.0855224 
Lbor       0.0789102 0.0397090 0.0324105 0.0970340 0.1672888 0.0574496 0.0111735 0.0181358 0.0816877 0.0000000 0.1057554 0.0044310 0.0111793 0.1229952 0.1097010 0.0044310 0.0111834 0.0324105 0.0074312 0.0074312 0.0943400 0.0193560 0.1219612 0.0342176 0.1148749 0.0745592 0.1240173 0.1387418 0.0367630 
Meur       0.1321493 0.1000330 0.0933963 0.1588386 0.2120455 0.1284287 0.1042425 0.1132480 0.1345911 0.1057554 0.0000000 0.0928624 0.0929579 0.0249958 0.0094842 0.1015892 0.1016998 0.1000672 0.0996631 0.0890651 0.1576920 0.0877614 0.1791241 0.1024907 0.1553592 0.1246874 0.0347443 0.1583211 0.0625679 
Pcra       0.0900276 0.0307646 0.0288202 0.1207621 0.1675098 0.0515294 0.0062856 0.0127413 0.0924235 0.0044310 0.0928624 0.0000000 0.0074548 0.1284330 0.1114541 0.0000010 0.0084105 0.0268234 0.0062172 0.0064869 0.1038532 0.0168719 0.1250342 0.0316514 0.1163589 0.0717009 0.1221131 0.1339011 0.0336663 
Tadu       0.0877940 0.0349505 0.0288523 0.1159974 0.1649215 0.0539173 0.0041825 0.0105975 0.0901777 0.0111793 0.0929579 0.0074548 0.0000000 0.1284031 0.1145299 0.0062886 0.0105415 0.0268534 0.0103951 0.0108475 0.1010867 0.0243363 0.1281447 0.0341903 0.1133635 0.0717272 0.1250807 0.1308479 0.0335306 
Hamp       0.1736357 0.1322810 0.1283121 0.2108218 0.2378596 0.1558669 0.1282980 0.1379956 0.1736357 0.1229952 0.0249958 0.1284330 0.1284031 0.0000000 0.0315721 0.1284330 0.1246810 0.1241222 0.1325002 0.1269510 0.2200133 0.1282736 0.2451463 0.1241924 0.1979079 0.1785879 0.0481814 0.1459536 0.0669759 
Mgin       0.1487807 0.1276358 0.1213282 0.1903088 0.2438091 0.1320676 0.1144579 0.1247738 0.1523645 0.1097010 0.0094842 0.1114541 0.1145299 0.0315721 0.0000000 0.1114541 0.1086043 0.1181050 0.1177292 0.1130401 0.1845532 0.1089311 0.1922228 0.1175857 0.1787556 0.1391991 0.0446357 0.1881614 0.0773917 
Obre       0.0879090 0.0389315 0.0346640 0.1222133 0.1762595 0.0515294 0.0062856 0.0127413 0.0904177 0.0044310 0.1015892 0.0000010 0.0062886 0.1284330 0.1114541 0.0000000 0.0078204 0.0325279 0.0042901 0.0044337 0.1038532 0.0293707 0.1285452 0.0316514 0.1161076 0.0717009 0.1221131 0.1341166 0.0434683 
Ohei       0.0922920 0.0451690 0.0392518 0.1236778 0.1726181 0.0505450 0.0134027 0.0170887 0.0926301 0.0111834 0.1016998 0.0084105 0.0105415 0.1246810 0.1086043 0.0078204 0.0000000 0.0367961 0.0108256 0.0089273 0.1011293 0.0364907 0.1243335 0.0373397 0.1183175 0.0659692 0.1157794 0.1380723 0.0499057 
Ppho       0.0924087 0.0064352 0.0015962 0.1208049 0.1595120 0.0665278 0.0304635 0.0338166 0.0967071 0.0324105 0.1000672 0.0268234 0.0268534 0.1241222 0.1181050 0.0325279 0.0367961 0.0000000 0.0300060 0.0291078 0.1027744 0.0505600 0.1323531 0.0020953 0.1302600 0.0890803 0.1245939 0.1324590 0.0050487 
Laus       0.0915760 0.0384976 0.0321006 0.1289330 0.1758931 0.0550797 0.0117224 0.0190406 0.0940790 0.0074312 0.0996631 0.0062172 0.0103951 0.1325002 0.1177292 0.0042901 0.0108256 0.0300060 0.0000000 0.0000010 0.1207136 0.0275782 0.1417640 0.0328246 0.1278712 0.0749786 0.1390154 0.1344346 0.0394887 
Chea       0.0819449 0.0338232 0.0279290 0.1111702 0.1627234 0.0572415 0.0121527 0.0197504 0.0842055 0.0074312 0.0890651 0.0064869 0.0108475 0.1269510 0.1130401 0.0044337 0.0089273 0.0291078 0.0000010 0.0000000 0.1153117 0.0263572 0.1434492 0.0283584 0.1222569 0.0697440 0.1390154 0.1213619 0.0400915 
Bbon       0.1124540 0.1071812 0.0979092 0.0181236 0.1749957 0.1139205 0.1066331 0.1003836 0.1175690 0.0943400 0.1576920 0.1038532 0.1010867 0.2200133 0.1845532 0.1038532 0.1011293 0.1027744 0.1207136 0.1153117 0.0000000 0.1006973 0.0576451 0.0969972 0.0270490 0.1310007 0.1597393 0.1755488 0.1032536 
Ccom       0.0915272 0.0531017 0.0470719 0.1023259 0.1757431 0.0622608 0.0243226 0.0286152 0.0962446 0.0193560 0.0877614 0.0168719 0.0243363 0.1282736 0.1089311 0.0293707 0.0364907 0.0505600 0.0275782 0.0263572 0.1006973 0.0000000 0.1286789 0.0398748 0.1254528 0.0832246 0.1056933 0.1291683 0.0633324 
Cmar       0.1330434 0.1373809 0.1373067 0.0528170 0.2065835 0.1361154 0.1320315 0.1302096 0.1360258 0.1219612 0.1791241 0.1250342 0.1281447 0.2451463 0.1922228 0.1285452 0.1243335 0.1323531 0.1417640 0.1434492 0.0576451 0.1286789 0.0000000 0.1375293 0.0579450 0.1581029 0.1882766 0.2285964 0.1367697 
Pspi       0.0902158 0.0068786 0.0034217 0.1094712 0.1633202 0.0710438 0.0419708 0.0375401 0.0928671 0.0342176 0.1024907 0.0316514 0.0341903 0.1241924 0.1175857 0.0316514 0.0373397 0.0020953 0.0328246 0.0283584 0.0969972 0.0398748 0.1375293 0.0000000 0.1354365 0.0828071 0.1128769 0.1460635 0.0056151 
Erob       0.1237306 0.1375368 0.1326756 0.0228647 0.2061558 0.1408465 0.1144973 0.1125306 0.1241725 0.1148749 0.1553592 0.1163589 0.1133635 0.1979079 0.1787556 0.1161076 0.1183175 0.1302600 0.1278712 0.1222569 0.0270490 0.1254528 0.0579450 0.1354365 0.0000000 0.1423799 0.1853234 0.2160074 0.1566688 
Igeo       0.1086442 0.0877714 0.0785919 0.1417265 0.1896079 0.0812259 0.0758838 0.0776358 0.1090763 0.0745592 0.1246874 0.0717009 0.0717272 0.1785879 0.1391991 0.0717009 0.0659692 0.0890803 0.0749786 0.0697440 0.1310007 0.0832246 0.1581029 0.0828071 0.1423799 0.0000000 0.1322181 0.1749428 0.0657858 
Zcav       0.1467140 0.1261653 0.1163918 0.1673434 0.2127842 0.1267789 0.1211053 0.1221181 0.1502948 0.1240173 0.0347443 0.1221131 0.1250807 0.0481814 0.0446357 0.1221131 0.1157794 0.1245939 0.1390154 0.1390154 0.1597393 0.1056933 0.1882766 0.1128769 0.1853234 0.1322181 0.0000000 0.1664040 0.0844048 
Ksim       0.0952233 0.1415932 0.1354379 0.1838974 0.0692984 0.1467001 0.1415588 0.1293728 0.1009260 0.1387418 0.1583211 0.1339011 0.1308479 0.1459536 0.1881614 0.1341166 0.1380723 0.1324590 0.1344346 0.1213619 0.1755488 0.1291683 0.2285964 0.1460635 0.2160074 0.1749428 0.1664040 0.0000000 0.1366013 
Npho       0.0821605 0.0022373 0.0067293 0.1190773 0.1685789 0.0817322 0.0560128 0.0376819 0.0855224 0.0367630 0.0625679 0.0336663 0.0335306 0.0669759 0.0773917 0.0434683 0.0499057 0.0050487 0.0394887 0.0400915 0.1032536 0.0633324 0.1367697 0.0056151 0.1566688 0.0657858 0.0844048 0.1366013 0.0000000 
