Supplemental results for CODEML (seqf: /home/leticiamagpali/phd/evol_models/codeml/big_dataset/cml_align/CASQ1_codon_aligned.phy  treef: /home/leticiamagpali/phd/evol_models/codeml/big_dataset/cml_trees/gene_trees/H1b_gene_trees/CASQ1_tree_H1b.tre)

I	J	ij	2Ns_IJ	pMut_IJ	pSub_IJ	2Ns_JI	pMut_JI	pSub_JI

TTC	TTT	CT	0.90096	0.26521	0.40238	-0.90096	0.65293	0.40238
TTA	TTT	AT	1.58560	0.00955	0.01905	-1.58560	0.04665	0.01905
TTA	TTC	AC	0.68464	0.04382	0.06051	-0.68464	0.08689	0.06051
TTG	TTT	GT	3.79162	0.00041	0.00160	-3.79162	0.01834	0.00160
TTG	TTC	GC	2.89066	0.00190	0.00581	-2.89066	0.03416	0.00581
TTG	TTA	GA	2.20602	0.00553	0.01370	-2.20602	0.05019	0.01370
TCT	TTT	CT	2.45612	0.05600	0.15045	-2.45612	0.65293	0.15045
TCC	TTC	CT	4.67354	0.01136	0.05359	-4.67354	1.21623	0.05359
TCC	TCT	CT	3.11838	0.01136	0.03706	-3.11838	0.25681	0.03706
TCA	TTA	CT	1.11897	0.09140	0.15188	-1.11897	0.27983	0.15188
TCA	TCT	AT	0.24845	0.01431	0.01616	-0.24845	0.01835	0.01616
TCA	TCC	AC	-2.86992	0.06563	0.01132	2.86992	0.00372	0.01132
TCG	TTG	CT	2.72696	0.00079	0.00231	-2.72696	0.01211	0.00231
TCG	TCT	GT	4.06246	0.00012	0.00051	-4.06246	0.00721	0.00051
TCG	TCC	GC	0.94409	0.00057	0.00088	-0.94409	0.00146	0.00088
TCG	TCA	GA	3.81401	0.00166	0.00647	-3.81401	0.07517	0.00647
TAT	TTT	AT	1.25970	0.01324	0.02328	-1.25970	0.04665	0.02328
TAT	TCT	AC	-1.19642	0.06070	0.03146	1.19642	0.01835	0.03146
TAC	TTC	AT	1.11917	0.02837	0.04715	-1.11917	0.08689	0.04715
TAC	TCC	AC	-3.55436	0.13012	0.01362	3.55436	0.00372	0.01362
TAC	TAT	CT	0.76043	0.18121	0.25876	-0.76043	0.38764	0.25876
TGT	TTT	GT	9.62123	0.00000	0.00000	-9.62123	0.01834	0.00001
TGT	TCT	GC	7.16511	0.00000	0.00000	-7.16511	0.00721	0.00004
TGT	TAT	GA	8.36153	0.00000	0.00000	-8.36153	0.06952	0.00014
TGC	TTC	GT	10.24326	0.00000	0.00000	-10.24326	0.03416	0.00001
TGC	TCC	GC	5.56973	0.00000	0.00000	-5.56973	0.00146	0.00003
TGC	TAC	GA	9.12409	0.00000	0.00000	-9.12409	0.14904	0.00015
TGC	TGT	CT	1.52299	0.00000	0.00000	-1.52299	0.00000	0.00000
TGG	TTG	GT	-3.73637	0.01427	0.00130	3.73637	0.00034	0.00130
TGG	TCG	GC	-6.46334	0.06545	0.00066	6.46334	0.00010	0.00066
TGG	TGT	GT	-9.56599	0.01427	0.00001	9.56599	0.00000	0.00000
TGG	TGC	GC	-11.08897	0.06545	0.00001	11.08897	0.00000	0.00000
CTT	TTT	CT	3.43068	0.02113	0.07492	-3.43068	0.65293	0.07492
CTC	TTC	CT	2.73095	0.07925	0.23150	-2.73095	1.21623	0.23150
CTC	CTT	CT	0.20123	0.07925	0.08749	-0.20123	0.09691	0.08749
CTA	TTA	CT	0.99160	0.10381	0.16365	-0.99160	0.27983	0.16365
CTA	CTT	AT	-0.85348	0.01625	0.01029	0.85348	0.00692	0.01029
CTA	CTC	AC	-1.05471	0.07454	0.04202	1.05471	0.02596	0.04202
CTG	TTG	CT	-3.83971	0.56349	0.04754	3.83971	0.01211	0.04754
CTG	CTT	GT	-3.47877	0.08823	0.00977	3.47877	0.00272	0.00977
CTG	CTC	GC	-3.68000	0.40462	0.03853	3.68000	0.01021	0.03853
CTG	CTA	GA	-2.62529	1.17904	0.24166	2.62529	0.08538	0.24166
CCT	TCT	CT	0.65502	0.13340	0.18182	-0.65502	0.25681	0.18182
CCT	CTT	CT	-0.31954	0.13340	0.11322	0.31954	0.09691	0.11322
CCC	TCC	CT	-1.16153	0.16642	0.08807	1.16153	0.05209	0.08807
CCC	CTC	CT	0.78105	0.16642	0.23978	-0.78105	0.36341	0.23978
CCC	CCT	CT	1.30183	0.16642	0.29760	-1.30183	0.61175	0.29760
CCA	TCA	CT	2.89209	0.02325	0.07118	-2.89209	0.41914	0.07118
CCA	CTA	CT	3.01946	0.02325	0.07379	-3.01946	0.47607	0.07379
CCA	CCT	AT	2.48552	0.00364	0.00987	-2.48552	0.04370	0.00987
CCA	CCC	AC	1.18370	0.01669	0.02848	-1.18370	0.05452	0.02848
CCG	TCG	CT	-1.79724	0.02193	0.00783	1.79724	0.00363	0.00783
CCG	CTG	CT	4.76943	0.02193	0.10547	-4.76943	2.58412	0.10547
CCG	CCT	GT	1.61021	0.00343	0.00691	-1.61021	0.01718	0.00691
CCG	CCC	GC	0.30838	0.01574	0.01830	-0.30838	0.02143	0.01830
CCG	CCA	GA	-0.87532	0.04588	0.02869	0.87532	0.01912	0.02869
CAT	TAT	CT	2.19144	0.04332	0.10688	-2.19144	0.38764	0.10688
CAT	CTT	AT	0.02046	0.00678	0.00685	-0.02046	0.00692	0.00685
CAT	CCT	AC	0.34001	0.03111	0.03669	-0.34001	0.04370	0.03669
CAC	TAC	CT	2.86648	0.04728	0.14371	-2.86648	0.83101	0.14371
CAC	CTC	AT	1.25470	0.00740	0.01300	-1.25470	0.02596	0.01300
CAC	CCC	AC	0.47365	0.03395	0.04263	-0.47365	0.05452	0.04263
CAC	CAT	CT	1.43547	0.04728	0.08907	-1.43547	0.19867	0.08907
CAA	CTA	AT	1.01838	0.01228	0.01958	-1.01838	0.03401	0.01958
CAA	CCA	AC	-2.00108	0.05633	0.01762	2.00108	0.00762	0.01762
CAA	CAT	AT	0.14444	0.01228	0.01319	-0.14444	0.01419	0.01319
CAA	CAC	AC	-1.29103	0.05633	0.02759	1.29103	0.01549	0.02759
CAG	CTG	AT	2.73716	0.01195	0.03499	-2.73716	0.18462	0.03499
CAG	CCG	AC	-2.03227	0.05482	0.01680	2.03227	0.00718	0.01680
CAG	CAT	GT	-0.76207	0.01195	0.00797	0.76207	0.00558	0.00797
CAG	CAC	GC	-2.19754	0.05482	0.01505	2.19754	0.00609	0.01505
CAG	CAA	GA	-0.90651	0.15975	0.09813	0.90651	0.06453	0.09813
CGT	TGT	CT	-6.43476	0.02219	0.00023	6.43476	0.00000	0.00000
CGT	CTT	GT	-0.24421	0.00347	0.00307	0.24421	0.00272	0.00307
CGT	CCT	GC	0.07534	0.01593	0.01654	-0.07534	0.01718	0.01654
CGT	CAT	GA	-0.26467	0.04643	0.04055	0.26467	0.03563	0.04055
CGC	TGC	CT	1.52299	0.00000	0.00000	-1.52299	0.00000	0.00000
CGC	CTC	GT	9.03530	0.00000	0.00000	-9.03530	0.01021	0.00001
CGC	CCC	GC	8.25425	0.00000	0.00000	-8.25425	0.02143	0.00005
CGC	CAC	GA	7.78060	0.00000	0.00000	-7.78060	0.03889	0.00013
CGC	CGT	CT	9.48074	0.00000	0.00000	-9.48074	0.10176	0.00007
CGA	CTA	GT	1.34758	0.00347	0.00633	-1.34758	0.01337	0.00633
CGA	CCA	GC	-1.67188	0.01593	0.00616	1.67188	0.00299	0.00616
CGA	CAA	GA	0.32920	0.04643	0.05449	-0.32920	0.06453	0.05449
CGA	CGT	AT	0.73830	0.00347	0.00491	-0.73830	0.00727	0.00491
CGA	CGC	AC	-8.74243	0.01593	0.00002	8.74243	0.00000	0.00000
CGG	TGG	CT	2.95981	0.02166	0.06762	-2.95981	0.41797	0.06762
CGG	CTG	GT	3.06315	0.00339	0.01090	-3.06315	0.07257	0.01090
CGG	CCG	GC	-1.70628	0.01556	0.00589	1.70628	0.00282	0.00589
CGG	CAG	GA	0.32599	0.04533	0.05312	-0.32599	0.06280	0.05312
CGG	CGT	GT	-0.17141	0.00339	0.00311	0.17141	0.00286	0.00311
CGG	CGC	GC	-9.65215	0.01556	0.00001	9.65215	0.00000	0.00000
CGG	CGA	GA	-0.90972	0.04533	0.02779	0.90972	0.01825	0.02779
ATT	TTT	AT	0.56032	0.02664	0.03479	-0.56032	0.04665	0.03479
ATT	CTT	AC	-2.87036	0.12215	0.02107	2.87036	0.00692	0.02107
ATC	TTC	AT	1.09185	0.02916	0.04792	-1.09185	0.08689	0.04792
ATC	CTC	AC	-1.63910	0.13372	0.05281	1.63910	0.02596	0.05281
ATC	ATT	CT	1.43249	0.18623	0.35042	-1.43249	0.78013	0.35042
ATA	TTA	AT	1.60601	0.00401	0.00806	-1.60601	0.01999	0.00806
ATA	CTA	AC	0.61441	0.01840	0.02463	-0.61441	0.03401	0.02463
ATA	ATT	AT	2.63129	0.00401	0.01138	-2.63129	0.05573	0.01138
ATA	ATC	AC	1.19880	0.01840	0.03158	-1.19880	0.06101	0.03158
ATG	TTG	AT	-3.35937	0.02490	0.00301	3.35937	0.00087	0.00301
ATG	CTG	AC	0.48034	0.11420	0.14381	-0.48034	0.18462	0.14381
ATG	ATT	GT	-0.12807	0.02490	0.02334	0.12807	0.02191	0.02334
ATG	ATC	GC	-1.56056	0.11420	0.04738	1.56056	0.02398	0.04738
ATG	ATA	GA	-2.75936	0.33276	0.06208	2.75936	0.02107	0.06208
ACT	TCT	AT	0.61425	0.00993	0.01329	-0.61425	0.01835	0.01329
ACT	CCT	AC	-0.04077	0.04552	0.04460	0.04077	0.04370	0.04460
ACT	ATT	CT	2.51005	0.06340	0.17320	-2.51005	0.78013	0.17320
ACC	TCC	AT	-1.48695	0.01646	0.00715	1.48695	0.00372	0.00715
ACC	CCC	AC	-0.32542	0.07549	0.06387	0.32542	0.05452	0.06387
ACC	ATC	CT	2.09473	0.10513	0.25114	-2.09473	0.85402	0.25114
ACC	ACT	CT	1.01718	0.10513	0.16751	-1.01718	0.29073	0.16751
ACA	TCA	AT	1.36439	0.00765	0.01402	-1.36439	0.02994	0.01402
ACA	CCA	AC	-1.52771	0.03509	0.01486	1.52771	0.00762	0.01486
ACA	ATA	CT	0.87734	0.04887	0.07340	-0.87734	0.11750	0.07340
ACA	ACT	AT	0.99859	0.00765	0.01210	-0.99859	0.02077	0.01210
ACA	ACC	AC	-0.01859	0.03509	0.03477	0.01859	0.03444	0.03477
ACG	TCG	AT	-2.87261	0.00459	0.00079	2.87261	0.00026	0.00079
ACG	CCG	AC	-1.07538	0.02106	0.01173	1.07538	0.00718	0.01173
ACG	ATG	CT	3.21372	0.02932	0.09819	-3.21372	0.72932	0.09819
ACG	ACT	GT	0.57560	0.00459	0.00604	-0.57560	0.00816	0.00604
ACG	ACC	GC	-0.44158	0.02106	0.01675	0.44158	0.01354	0.01675
ACG	ACA	GA	-0.42299	0.06136	0.04929	0.42299	0.04019	0.04929
AAT	TAT	AT	0.39738	0.01861	0.02255	-0.39738	0.02769	0.02255
AAT	CAT	AC	-1.79407	0.08536	0.03054	1.79407	0.01419	0.03054
AAT	ATT	AT	1.09675	0.01861	0.03065	-1.09675	0.05573	0.03065
AAT	ACT	AC	-1.41329	0.08536	0.03880	1.41329	0.02077	0.03880
AAC	TAC	AT	0.87726	0.02469	0.03709	-0.87726	0.05937	0.03709
AAC	CAC	AC	-1.98922	0.11324	0.03570	1.98922	0.01549	0.03570
AAC	ATC	AT	0.90458	0.02469	0.03752	-0.90458	0.06101	0.03752
AAC	ACC	AC	-1.19015	0.11324	0.05891	1.19015	0.03444	0.05891
AAC	AAT	CT	1.24032	0.15770	0.27521	-1.24032	0.54512	0.27521
AAA	CAA	AC	-0.93739	0.06563	0.03961	0.93739	0.02570	0.03961
AAA	ATA	AT	-0.53342	0.01431	0.01083	0.53342	0.00839	0.01083
AAA	ACA	AC	-1.41077	0.06563	0.02988	1.41077	0.01601	0.02988
AAA	AAT	AT	1.00111	0.01431	0.02265	-1.00111	0.03894	0.02265
AAA	AAC	AC	-0.23921	0.06563	0.05809	0.23921	0.05167	0.05809
AAG	CAG	AC	-2.37031	0.26766	0.06540	2.37031	0.02501	0.06540
AAG	ATG	AT	-0.11349	0.05837	0.05512	0.11349	0.05210	0.05512
AAG	ACG	AC	-3.32721	0.26766	0.03316	3.32721	0.00961	0.03316
AAG	AAT	GT	-1.33832	0.05837	0.02777	1.33832	0.01531	0.02777
AAG	AAC	GC	-2.57864	0.26766	0.05667	2.57864	0.02031	0.05667
AAG	AAA	GA	-2.33943	0.77995	0.19462	2.33943	0.07517	0.19462
AGT	TGT	AT	-7.57612	0.00496	0.00002	7.57612	0.00000	0.00000
AGT	CGT	AC	-1.14136	0.02276	0.01219	1.14136	0.00727	0.01219
AGT	ATT	GT	1.48479	0.00496	0.00953	-1.48479	0.02191	0.00953
AGT	ACT	GC	-1.02526	0.02276	0.01305	1.02526	0.00816	0.01305
AGT	AAT	GA	0.38804	0.06633	0.08002	-0.38804	0.09777	0.08002
AGC	TGC	AT	-9.01516	0.02093	0.00002	9.01516	0.00000	0.00000
AGC	CGC	AC	-10.53815	0.09598	0.00003	10.53815	0.00000	0.00000
AGC	ATC	GT	0.13625	0.02093	0.02239	-0.13625	0.02398	0.02239
AGC	ACC	GC	-1.95849	0.09598	0.03087	1.95849	0.01354	0.03087
AGC	AAC	GA	-0.76834	0.27967	0.18585	0.76834	0.12971	0.18585
AGC	AGT	CT	0.08394	0.13366	0.13935	-0.08394	0.14537	0.13935
AGA	CGA	AC	-1.75655	0.04211	0.01543	1.75655	0.00727	0.01543
AGA	ATA	GT	-1.02338	0.00918	0.00527	1.02338	0.00330	0.00527
AGA	ACA	GC	-1.90073	0.04211	0.01406	1.90073	0.00629	0.01406
AGA	AAA	GA	-0.48996	0.12270	0.09509	0.48996	0.07517	0.09509
AGA	AGT	AT	0.12312	0.00918	0.00976	-0.12312	0.01039	0.00976
AGA	AGC	AC	0.03917	0.04211	0.04294	-0.03917	0.04379	0.04294
AGG	TGG	AT	1.07246	0.01022	0.01666	-1.07246	0.02986	0.01666
AGG	CGG	AC	-1.88736	0.04686	0.01579	1.88736	0.00710	0.01579
AGG	ATG	GT	0.69545	0.01022	0.01418	-0.69545	0.02048	0.01418
AGG	ACG	GC	-2.51826	0.04686	0.01034	2.51826	0.00378	0.01034
AGG	AAG	GA	0.80895	0.13653	0.19912	-0.80895	0.30659	0.19912
AGG	AGT	GT	-0.91741	0.01022	0.00624	0.91741	0.00408	0.00624
AGG	AGC	GC	-1.00135	0.04686	0.02725	1.00135	0.01721	0.02725
AGG	AGA	GA	-1.04052	0.13653	0.07760	1.04052	0.04823	0.07760
GTT	TTT	GT	0.91252	0.00736	0.01123	-0.91252	0.01834	0.01123
GTT	CTT	GC	-2.51816	0.03376	0.00745	2.51816	0.00272	0.00745
GTT	ATT	GA	0.35220	0.09838	0.11672	-0.35220	0.13992	0.11672
GTC	TTC	GT	0.35503	0.02395	0.02845	-0.35503	0.03416	0.02845
GTC	CTC	GC	-2.37592	0.10982	0.02673	2.37592	0.01021	0.02673
GTC	ATC	GA	-0.73682	0.32002	0.21647	0.73682	0.15317	0.21647
GTC	GTT	CT	0.34347	0.15294	0.18071	-0.34347	0.21563	0.18071
GTA	TTA	GT	-0.34771	0.01113	0.00930	0.34771	0.00786	0.00930
GTA	CTA	GC	-1.33931	0.05102	0.02426	1.33931	0.01337	0.02426
GTA	ATA	GA	-1.95372	0.14868	0.04797	1.95372	0.02107	0.04797
GTA	GTT	AT	0.32538	0.01113	0.01303	-0.32538	0.01540	0.01303
GTA	GTC	AC	-0.01809	0.05102	0.05056	0.01809	0.05011	0.05056
GTG	TTG	GT	-4.97454	0.04922	0.00170	4.97454	0.00034	0.00170
GTG	CTG	GC	-1.13483	0.22574	0.12137	1.13483	0.07257	0.12137
GTG	ATG	GA	-1.61517	0.65779	0.26371	1.61517	0.13081	0.26371
GTG	GTT	GT	-2.09544	0.04922	0.01447	2.09544	0.00606	0.01447
GTG	GTC	GC	-2.43891	0.22574	0.05263	2.43891	0.01970	0.05263
GTG	GTA	GA	-2.42081	0.65779	0.15528	2.42081	0.05844	0.15528
GCT	TCT	GT	-0.92787	0.01824	0.01107	0.92787	0.00721	0.01107
GCT	CCT	GC	-1.58289	0.08365	0.03422	1.58289	0.01718	0.03422
GCT	ACT	GA	-1.54212	0.24374	0.10230	1.54212	0.05214	0.10230
GCT	GTT	CT	0.61573	0.11649	0.15601	-0.61573	0.21563	0.15601
GCC	TCC	GT	-2.97525	0.02866	0.00459	2.97525	0.00146	0.00459
GCC	CCC	GC	-1.81371	0.13145	0.04644	1.81371	0.02143	0.04644
GCC	ACC	GA	-1.48830	0.38303	0.16622	1.48830	0.08647	0.16622
GCC	GTC	CT	1.34326	0.18306	0.33274	-1.34326	0.70139	0.33274
GCC	GCT	CT	1.07100	0.18306	0.29826	-1.07100	0.53422	0.29826
GCA	TCA	GT	-0.85625	0.02771	0.01752	0.85625	0.01177	0.01752
GCA	CCA	GC	-3.74835	0.12709	0.01149	3.74835	0.00299	0.01149
GCA	ACA	GA	-2.22064	0.37031	0.10012	2.22064	0.04019	0.10012
GCA	GTA	CT	0.61042	0.17698	0.23646	-0.61042	0.32586	0.23646
GCA	GCT	AT	0.32007	0.02771	0.03238	-0.32007	0.03817	0.03238
GCA	GCC	AC	-0.75093	0.12709	0.08529	0.75093	0.05997	0.08529
GCG	TCG	GT	-4.17198	0.00662	0.00043	4.17198	0.00010	0.00043
GCG	CCG	GC	-2.37474	0.03035	0.00739	2.37474	0.00282	0.00739
GCG	ACG	GA	-1.29936	0.08844	0.04309	1.29936	0.02412	0.04309
GCG	GTG	CT	3.52952	0.04227	0.15369	-3.52952	1.44168	0.15369
GCG	GCT	GT	0.81836	0.00662	0.00969	-0.81836	0.01500	0.00969
GCG	GCC	GC	-0.25264	0.03035	0.02668	0.25264	0.02358	0.02668
GCG	GCA	GA	0.49829	0.08844	0.11230	-0.49829	0.14557	0.11230
GAT	TAT	GT	-1.67702	0.05824	0.02245	1.67702	0.01089	0.02245
GAT	CAT	GC	-3.86846	0.26707	0.02204	3.86846	0.00558	0.02204
GAT	AAT	GA	-2.07440	0.77821	0.23195	2.07440	0.09777	0.23195
GAT	GTT	AT	-1.32984	0.05824	0.02785	1.32984	0.01540	0.02785
GAT	GCT	AC	-1.94557	0.26707	0.08663	1.94557	0.03817	0.08663
GAC	TAC	GT	-1.25134	0.08156	0.04091	1.25134	0.02334	0.04091
GAC	CAC	GC	-4.11782	0.37405	0.02549	4.11782	0.00609	0.02549
GAC	AAC	GA	-2.12860	1.08994	0.31339	2.12860	0.12971	0.31339
GAC	GTC	AT	-0.48720	0.08156	0.06330	0.48720	0.05011	0.06330
GAC	GCC	AC	-1.83046	0.37405	0.13075	1.83046	0.05997	0.13075
GAC	GAT	CT	1.18611	0.52091	0.88952	-1.18611	1.70563	0.88952
GAA	CAA	GC	-2.96586	0.19613	0.03159	2.96586	0.01010	0.03159
GAA	AAA	GA	-2.02847	0.57150	0.17558	2.02847	0.07517	0.17558
GAA	GTA	AT	-0.60818	0.04277	0.03107	0.60818	0.02328	0.03107
GAA	GCA	AC	-1.21860	0.19613	0.10032	1.21860	0.05798	0.10032
GAA	GAT	AT	1.04704	0.04277	0.06899	-1.04704	0.12185	0.06899
GAA	GAC	AC	-0.13907	0.19613	0.18281	0.13907	0.17066	0.18281
GAG	CAG	GC	-4.17790	0.64137	0.04172	4.17790	0.00983	0.04172
GAG	AAG	GA	-1.80759	1.86889	0.66294	1.80759	0.30659	0.66294
GAG	GTG	AT	-0.30592	0.13986	0.11955	0.30592	0.10300	0.11955
GAG	GCG	AC	-3.83544	0.64137	0.05429	3.83544	0.01385	0.05429
GAG	GAT	GT	-1.07151	0.13986	0.07806	1.07151	0.04790	0.07806
GAG	GAC	GC	-2.25762	0.64137	0.16915	2.25762	0.06709	0.16915
GAG	GAA	GA	-2.11855	1.86889	0.54096	2.11855	0.22465	0.54096
GGT	TGT	GT	-9.24381	0.01034	0.00001	9.24381	0.00000	0.00000
GGT	CGT	GC	-2.80905	0.04742	0.00854	2.80905	0.00286	0.00854
GGT	AGT	GA	-1.66769	0.13818	0.05359	1.66769	0.02607	0.05359
GGT	GTT	GT	-0.53509	0.01034	0.00782	0.53509	0.00606	0.00782
GGT	GCT	GC	-1.15082	0.04742	0.02526	1.15082	0.01500	0.02526
GGT	GAT	GA	0.79475	0.13818	0.20028	-0.79475	0.30591	0.20028
GGC	TGC	GT	-9.90236	0.01998	0.00001	9.90236	0.00000	0.00000
GGC	CGC	GC	-11.42535	0.09162	0.00001	11.42535	0.00000	0.00000
GGC	AGC	GA	-0.88720	0.26696	0.16582	0.88720	0.10994	0.16582
GGC	GTC	GT	-0.01413	0.01998	0.01984	0.01413	0.01970	0.01984
GGC	GCC	GC	-1.35739	0.09162	0.04309	1.35739	0.02358	0.04309
GGC	GAC	GA	0.47307	0.26696	0.33506	-0.47307	0.42844	0.33506
GGC	GGT	CT	0.86443	0.12759	0.19058	-0.86443	0.30285	0.19058
GGA	CGA	GC	-2.65356	0.04059	0.00816	2.65356	0.00286	0.00816
GGA	AGA	GA	-0.89702	0.11828	0.07306	0.89702	0.04823	0.07306
GGA	GTA	GT	0.03332	0.00885	0.00900	-0.03332	0.00915	0.00900
GGA	GCA	GC	-0.57710	0.04059	0.03000	0.57710	0.02279	0.03000
GGA	GAA	GA	0.64150	0.11828	0.16025	-0.64150	0.22465	0.16025
GGA	GGT	AT	0.89379	0.00885	0.01339	-0.89379	0.02164	0.01339
GGA	GGC	AC	0.02935	0.04059	0.04119	-0.02935	0.04180	0.04119
GGG	TGG	GT	-0.48527	0.01907	0.01482	0.48527	0.01174	0.01482
GGG	CGG	GC	-3.44508	0.08745	0.00993	3.44508	0.00279	0.00993
GGG	AGG	GA	-1.55773	0.25482	0.10591	1.55773	0.05367	0.10591
GGG	GTG	GT	0.75290	0.01907	0.02714	-0.75290	0.04049	0.02714
GGG	GCG	GC	-2.77663	0.08745	0.01612	2.77663	0.00544	0.01612
GGG	GAG	GA	1.05881	0.25482	0.41310	-1.05881	0.73464	0.41310
GGG	GGT	GT	-0.80745	0.01907	0.01240	0.80745	0.00850	0.01240
GGG	GGC	GC	-1.67188	0.08745	0.03383	1.67188	0.01643	0.03383
GGG	GGA	GA	-1.70124	0.25482	0.09675	1.70124	0.04649	0.09675


Histograms
2Ns	FMut	FSub(CodonUsage)	FSubw(after w)

-10.88129	0.00405	0.00000
-9.79316	0.00326	0.00000
-8.70503	0.00475	0.00001
-7.61690	0.00082	0.00001
-6.52877	0.00140	0.00002
-5.44064	0.00081	0.00005
-4.35251	0.10194	0.00983
-3.26439	0.14055	0.03529
-2.17626	0.25483	0.12461
-1.08813	0.26692	0.25375
0.00000	0.09072	0.15288
1.08813	0.09188	0.25375
2.17626	0.03030	0.12461
3.26439	0.00643	0.03529
4.35251	0.00132	0.00983
5.44064	0.00001	0.00005
6.52877	0.00000	0.00002
7.61690	0.00000	0.00000
8.70503	0.00000	0.00000
9.79316	0.00000	0.00000
10.88129	0.00000	0.00000

Proportion of advantageous (S > 0) mutations:
 0.16834

Proportions of good & bad mutations (|S| > 2.0000) among mutations:
0.02773  0.44941

mean |Ns| = 2.08750	mean Ns+ = 1.15609	mean Ns- = -2.27602


MLEs of dN/dS (w) for site classes (K=4)

site class             0        1       2a       2b
proportion       0.40527  0.08628  0.41921  0.08925
background w     0.05667  2.09440  0.05667  2.09440
foreground w     0.05667  2.09440  0.62965  0.62965

Naive Empirical Bayes (NEB) probabilities for 4 classes
(amino acids refer to 1st sequence: Bacu)

   1 M   0.47406 0.02083 0.48267 0.02243 ( 3)
   2 S   0.00001 0.47841 0.00001 0.52157 ( 4)
   3 A   0.46765 0.02644 0.47768 0.02824 ( 3)
   4 A   0.45887 0.03453 0.46998 0.03662 ( 3)
   5 D   0.11722 0.37068 0.12022 0.39187 ( 4)
   6 R   0.48452 0.01173 0.49096 0.01279 ( 3)
   7 M   0.00872 0.47301 0.00888 0.50939 ( 4)
   8 G   0.47845 0.01683 0.48653 0.01819 ( 3)
   9 A   0.47142 0.02304 0.48086 0.02469 ( 3)
  10 R   0.47275 0.02183 0.48198 0.02344 ( 3)
  11 A   0.15946 0.32768 0.16288 0.34999 ( 4)
  12 V   0.45037 0.04251 0.46228 0.04484 ( 3)
  13 P   0.45983 0.03364 0.47082 0.03571 ( 3)
  14 G   0.06973 0.10603 0.78987 0.03437 ( 3)
  15 L   0.00345 0.72250 0.03920 0.23485 ( 2)
  16 R   0.01857 0.45841 0.01875 0.50426 ( 4)
  17 L   0.42340 0.06847 0.43683 0.07130 ( 3)
  18 A   0.45887 0.03453 0.46998 0.03662 ( 3)
  19 L   0.42340 0.06847 0.43683 0.07130 ( 3)
  20 L   0.42556 0.06720 0.43608 0.07116 ( 3)
  21 L   0.19028 0.29699 0.19401 0.31871 ( 4)
  22 L   0.07094 0.41928 0.07319 0.43660 ( 4)
  23 L   0.42511 0.06677 0.43859 0.06953 ( 3)
  24 V   0.45037 0.04251 0.46228 0.04484 ( 3)
  25 L   0.43758 0.05472 0.45035 0.05734 ( 3)
  26 G   0.47845 0.01683 0.48653 0.01819 ( 3)
  27 T   0.47988 0.01561 0.48761 0.01690 ( 3)
  28 P   0.00862 0.46730 0.00870 0.51539 ( 4)
  29 K   0.00012 0.48478 0.00013 0.51497 ( 4)
  30 S   0.46014 0.03327 0.47131 0.03529 ( 3)
  31 G   0.47845 0.01683 0.48653 0.01818 ( 3)
  32 V   0.45037 0.04251 0.46228 0.04484 ( 3)
  33 Q   0.46246 0.03119 0.47319 0.03317 ( 3)
  34 G   0.21962 0.26776 0.22333 0.28930 ( 4)
  35 E   0.00349 0.48226 0.00358 0.51067 ( 4)
  36 D   0.11626 0.37163 0.11923 0.39288 ( 4)
  37 G   0.47845 0.01683 0.48653 0.01819 ( 3)
  38 L   0.42340 0.06847 0.43683 0.07130 ( 3)
  39 D   0.00383 0.48233 0.00393 0.50991 ( 4)
  40 F   0.44395 0.04862 0.45632 0.05111 ( 3)
  41 P   0.45983 0.03364 0.47082 0.03571 ( 3)
  42 E   0.44282 0.04970 0.45528 0.05221 ( 3)
  43 Y   0.45418 0.03892 0.46576 0.04115 ( 3)
  44 D   0.44731 0.04541 0.45946 0.04782 ( 3)
  45 G   0.47589 0.01906 0.48453 0.02053 ( 3)
  46 V   0.45037 0.04251 0.46228 0.04484 ( 3)
  47 D   0.45383 0.03924 0.46544 0.04148 ( 3)
  48 R   0.46862 0.02555 0.47852 0.02731 ( 3)
  49 V   0.45037 0.04251 0.46228 0.04484 ( 3)
  50 V   0.47597 0.01899 0.48458 0.02046 ( 3)
  51 N   0.47262 0.02195 0.48187 0.02356 ( 3)
  52 V   0.47597 0.01899 0.48458 0.02046 ( 3)
  53 N   0.47944 0.01598 0.48729 0.01729 ( 3)
  54 A   0.12774 0.35979 0.13084 0.38163 ( 4)
  55 K   0.46088 0.03266 0.47178 0.03469 ( 3)
  56 N   0.47944 0.01598 0.48729 0.01729 ( 3)
  57 Y   0.43998 0.05242 0.45262 0.05498 ( 3)
  58 K   0.46150 0.03247 0.47137 0.03466 ( 3)
  59 N   0.18055 0.30647 0.18408 0.32890 ( 4)
  60 V   0.45037 0.04251 0.46228 0.04484 ( 3)
  61 F   0.44395 0.04862 0.45632 0.05111 ( 3)
  62 K   0.46088 0.03266 0.47178 0.03469 ( 3)
  63 K   0.46088 0.03266 0.47178 0.03469 ( 3)
  64 Y   0.44045 0.05195 0.45310 0.05450 ( 3)
  65 E   0.44282 0.04970 0.45528 0.05221 ( 3)
  66 V   0.45037 0.04251 0.46228 0.04484 ( 3)
  67 L   0.42340 0.06847 0.43683 0.07130 ( 3)
  68 A   0.45995 0.03347 0.47108 0.03550 ( 3)
  69 L   0.42340 0.06847 0.43683 0.07130 ( 3)
  70 L   0.49015 0.00735 0.49440 0.00811 ( 3)
  71 Y   0.43994 0.05245 0.45258 0.05502 ( 3)
  72 H   0.48737 0.00946 0.49281 0.01037 ( 3)
  73 E   0.45830 0.03505 0.46948 0.03717 ( 3)
  74 H   0.00624 0.47898 0.00639 0.50839 ( 4)
  75 P   0.45991 0.03357 0.47090 0.03563 ( 3)
  76 E   0.05596 0.23175 0.63894 0.07335 ( 3)
  77 D   0.00408 0.48209 0.00418 0.50965 ( 4)
  78 D   0.11846 0.36946 0.12149 0.39058 ( 4)
  79 K   0.46088 0.03266 0.47178 0.03469 ( 3)
  80 A   0.47142 0.02304 0.48086 0.02469 ( 3)
  81 S   0.45863 0.03476 0.46976 0.03686 ( 3)
  82 Q   0.45640 0.03683 0.46778 0.03900 ( 3)
  83 R   0.47275 0.02183 0.48198 0.02344 ( 3)
  84 Q   0.46246 0.03119 0.47319 0.03317 ( 3)
  85 F   0.45072 0.04218 0.46259 0.04451 ( 3)
  86 E   0.44960 0.04360 0.46056 0.04623 ( 3)
  87 M   0.47580 0.01914 0.48445 0.02061 ( 3)
  88 E   0.09502 0.39370 0.09769 0.41360 ( 4)
  89 E   0.44282 0.04970 0.45528 0.05221 ( 3)
  90 L   0.42340 0.06847 0.43683 0.07130 ( 3)
  91 I   0.46748 0.02664 0.47740 0.02847 ( 3)
  92 L   0.42340 0.06847 0.43683 0.07130 ( 3)
  93 E   0.44282 0.04970 0.45528 0.05221 ( 3)
  94 L   0.47009 0.02442 0.47929 0.02620 ( 3)
  95 A   0.45634 0.03701 0.46739 0.03926 ( 3)
  96 A   0.46892 0.02547 0.47831 0.02730 ( 3)
  97 Q   0.45385 0.03933 0.46517 0.04164 ( 3)
  98 V   0.47358 0.02131 0.48215 0.02296 ( 3)
  99 L   0.43625 0.05605 0.44898 0.05873 ( 3)
 100 E   0.45579 0.03752 0.46691 0.03978 ( 3)
 101 D   0.11068 0.37712 0.11351 0.39869 ( 4)
 102 K   0.45834 0.03515 0.46918 0.03734 ( 3)
 103 G   0.47351 0.02138 0.48209 0.02302 ( 3)
 104 V   0.48793 0.00934 0.49244 0.01029 ( 3)
 105 G   0.47305 0.02178 0.48172 0.02345 ( 3)
 106 F   0.44178 0.05076 0.45410 0.05336 ( 3)
 107 G   0.47615 0.01906 0.48419 0.02059 ( 3)
 108 M   0.47341 0.02146 0.48201 0.02311 ( 3)
 109 V   0.44801 0.04483 0.45986 0.04729 ( 3)
 110 D   0.45139 0.04164 0.46294 0.04402 ( 3)
 111 S   0.49337 0.00416 0.49789 0.00458 ( 3)
 112 E   0.44086 0.05164 0.45326 0.05425 ( 3)
 113 K   0.45844 0.03505 0.46928 0.03723 ( 3)
 114 D   0.11042 0.37737 0.11325 0.39895 ( 4)
 115 T   0.01581 0.46122 0.01597 0.50700 ( 4)
 116 V   0.17430 0.31317 0.17804 0.33449 ( 4)
 117 V   0.19986 0.28671 0.20308 0.31035 ( 4)
 118 A   0.15950 0.32715 0.16270 0.35066 ( 4)
 119 K   0.45834 0.03515 0.46918 0.03734 ( 3)
 120 K   0.47542 0.01970 0.48362 0.02126 ( 3)
 121 L   0.43552 0.05677 0.44823 0.05948 ( 3)
 122 G   0.47696 0.01838 0.48477 0.01989 ( 3)
 123 L   0.43758 0.05473 0.45035 0.05734 ( 3)
 124 T   0.22490 0.26158 0.22768 0.28584 ( 4)
 125 E   0.45830 0.03505 0.46948 0.03717 ( 3)
 126 E   0.44282 0.04970 0.45528 0.05221 ( 3)
 127 D   0.45383 0.03924 0.46544 0.04149 ( 3)
 128 S   0.46763 0.02645 0.47767 0.02825 ( 3)
 129 I   0.45355 0.03951 0.46518 0.04176 ( 3)
 130 Y   0.44672 0.04587 0.45918 0.04822 ( 3)
 131 V   0.22650 0.26092 0.23015 0.28243 ( 4)
 132 F   0.44394 0.04862 0.45632 0.05111 ( 3)
 133 K   0.46088 0.03266 0.47178 0.03469 ( 3)
 134 E   0.15441 0.33216 0.15750 0.35593 ( 4)
 135 D   0.44722 0.04550 0.45937 0.04791 ( 3)
 136 E   0.45830 0.03505 0.46948 0.03717 ( 3)
 137 V   0.47597 0.01899 0.48458 0.02046 ( 3)
 138 I   0.45355 0.03951 0.46518 0.04176 ( 3)
 139 E   0.44282 0.04970 0.45528 0.05221 ( 3)
 140 Y   0.45399 0.03910 0.46557 0.04134 ( 3)
 141 D   0.44978 0.04323 0.46129 0.04570 ( 3)
 142 G   0.47527 0.01962 0.48399 0.02112 ( 3)
 143 E   0.44266 0.04985 0.45511 0.05237 ( 3)
 144 F   0.45004 0.04285 0.46190 0.04521 ( 3)
 145 S   0.48933 0.00798 0.49390 0.00879 ( 3)
 146 A   0.46746 0.02662 0.47748 0.02843 ( 3)
 147 D   0.45365 0.03942 0.46526 0.04167 ( 3)
 148 T   0.48257 0.01336 0.48955 0.01452 ( 3)
 149 L   0.42331 0.06856 0.43673 0.07139 ( 3)
 150 V   0.45019 0.04268 0.46210 0.04503 ( 3)
 151 E   0.44266 0.04985 0.45511 0.05237 ( 3)
 152 F   0.45054 0.04236 0.46241 0.04470 ( 3)
 153 L   0.42331 0.06856 0.43673 0.07139 ( 3)
 154 L   0.49892 0.00198 0.49685 0.00226 ( 1)
 155 D   0.44705 0.04567 0.45919 0.04809 ( 3)
 156 V   0.47597 0.01899 0.48458 0.02046 ( 3)
 157 L   0.43668 0.05562 0.44942 0.05828 ( 3)
 158 E   0.10011 0.38866 0.10292 0.40830 ( 4)
 159 D   0.45383 0.03924 0.46544 0.04148 ( 3)
 160 P   0.46353 0.03022 0.47409 0.03217 ( 3)
 161 V   0.45037 0.04251 0.46228 0.04484 ( 3)
 162 E   0.45830 0.03505 0.46948 0.03717 ( 3)
 163 F   0.44937 0.04351 0.46121 0.04591 ( 3)
 164 I   0.45365 0.03941 0.46528 0.04166 ( 3)
 165 D   0.09530 0.39342 0.09798 0.41330 ( 4)
 166 G   0.47589 0.01906 0.48453 0.02053 ( 3)
 167 E   0.45830 0.03505 0.46948 0.03717 ( 3)
 168 R   0.06133 0.42389 0.06268 0.45210 ( 4)
 169 E   0.44282 0.04970 0.45528 0.05221 ( 3)
 170 L   0.42340 0.06847 0.43683 0.07130 ( 3)
 171 Q   0.46246 0.03119 0.47319 0.03317 ( 3)
 172 A   0.45945 0.03396 0.47057 0.03602 ( 3)
 173 F   0.45069 0.04221 0.46257 0.04453 ( 3)
 174 E   0.44282 0.04970 0.45528 0.05221 ( 3)
 175 N   0.47262 0.02195 0.48187 0.02356 ( 3)
 176 I   0.46806 0.02608 0.47798 0.02788 ( 3)
 177 E   0.45821 0.03514 0.46939 0.03726 ( 3)
 178 D   0.44722 0.04550 0.45937 0.04791 ( 3)
 179 E   0.44282 0.04970 0.45528 0.05221 ( 3)
 180 N   0.47944 0.01598 0.48729 0.01729 ( 3)
 181 K   0.47775 0.01744 0.48598 0.01883 ( 3)
 182 L   0.49015 0.00735 0.49440 0.00811 ( 3)
 183 I   0.45376 0.03930 0.46540 0.04154 ( 3)
 184 G   0.47545 0.01945 0.48417 0.02093 ( 3)
 185 Y   0.43994 0.05245 0.45258 0.05502 ( 3)
 186 F   0.44395 0.04862 0.45632 0.05111 ( 3)
 187 K   0.46088 0.03266 0.47178 0.03469 ( 3)
 188 S   0.46763 0.02645 0.47767 0.02825 ( 3)
 189 K   0.47775 0.01744 0.48598 0.01883 ( 3)
 190 D   0.45383 0.03924 0.46544 0.04148 ( 3)
 191 S   0.45863 0.03476 0.46976 0.03686 ( 3)
 192 E   0.44282 0.04970 0.45528 0.05221 ( 3)
 193 H   0.47639 0.01637 0.49007 0.01717 ( 3)
 194 Y   0.43367 0.05808 0.44796 0.06029 ( 3)
 195 K   0.46810 0.02432 0.48215 0.02543 ( 3)
 196 A   0.46193 0.03031 0.47612 0.03164 ( 3)
 197 Y   0.00263 0.48802 0.00272 0.50663 ( 4)
 198 E   0.43613 0.05565 0.45043 0.05779 ( 3)
 199 D   0.10230 0.38825 0.10559 0.40385 ( 4)
 200 A   0.45075 0.04124 0.46508 0.04293 ( 3)
 201 A   0.47866 0.01420 0.49223 0.01491 ( 3)
 202 E   0.43646 0.05532 0.45078 0.05745 ( 3)
 203 E   0.43646 0.05532 0.45078 0.05745 ( 3)
 204 F   0.44333 0.04854 0.45767 0.05046 ( 3)
 205 H   0.47676 0.01600 0.49046 0.01678 ( 3)
 206 P   0.45162 0.04038 0.46594 0.04205 ( 3)
 207 Y   0.43398 0.05777 0.44828 0.05997 ( 3)
 208 I   0.45942 0.03275 0.47367 0.03416 ( 3)
 209 P   0.45151 0.04049 0.46583 0.04216 ( 3)
 210 F   0.43743 0.05436 0.45175 0.05646 ( 3)
 211 F   0.43744 0.05435 0.45176 0.05645 ( 3)
 212 A   0.46237 0.02988 0.47657 0.03119 ( 3)
 213 T   0.47351 0.01910 0.48738 0.02001 ( 3)
 214 F   0.08802 0.40276 0.09090 0.41833 ( 4)
 215 D   0.44614 0.04577 0.46048 0.04761 ( 3)
 216 S   0.45879 0.03336 0.47305 0.03480 ( 3)
 217 K   0.45251 0.03951 0.46684 0.04114 ( 3)
 218 V   0.44687 0.04500 0.46134 0.04678 ( 3)
 219 A   0.45482 0.03718 0.46929 0.03871 ( 3)
 220 K   0.45671 0.03533 0.47117 0.03679 ( 3)
 221 K   0.45688 0.03516 0.47135 0.03661 ( 3)
 222 L   0.42189 0.06974 0.43611 0.07226 ( 3)
 223 T   0.47726 0.01538 0.49124 0.01611 ( 3)
 224 L   0.42189 0.06974 0.43611 0.07226 ( 3)
 225 K   0.45671 0.03533 0.47117 0.03679 ( 3)
 226 L   0.42189 0.06974 0.43611 0.07226 ( 3)
 227 N   0.47425 0.01827 0.48837 0.01911 ( 3)
 228 E   0.44100 0.05079 0.45546 0.05275 ( 3)
 229 I   0.46478 0.02742 0.47920 0.02860 ( 3)
 230 D   0.44522 0.04662 0.45971 0.04845 ( 3)
 231 F   0.44206 0.04974 0.45653 0.05166 ( 3)
 232 Y   0.43826 0.05350 0.45271 0.05553 ( 3)
 233 E   0.44100 0.05079 0.45546 0.05275 ( 3)
 234 A   0.46800 0.02427 0.48238 0.02534 ( 3)
 235 F   0.44206 0.04974 0.45653 0.05166 ( 3)
 236 T   0.00008 0.48889 0.00008 0.51095 ( 4)
 237 E   0.12415 0.36637 0.12810 0.38138 ( 4)
 238 E   0.44100 0.05079 0.45546 0.05275 ( 3)
 239 P   0.46061 0.03149 0.47508 0.03281 ( 3)
 240 V   0.44816 0.04372 0.46267 0.04545 ( 3)
 241 T   0.47843 0.01423 0.49244 0.01491 ( 3)
 242 I   0.46510 0.02710 0.47953 0.02827 ( 3)
 243 P   0.48486 0.00818 0.49835 0.00860 ( 3)
 244 D   0.45125 0.04068 0.46576 0.04231 ( 3)
 245 K   0.45811 0.03394 0.47261 0.03535 ( 3)
 246 P   0.45710 0.03493 0.47160 0.03637 ( 3)
 247 N   0.46970 0.02261 0.48408 0.02361 ( 3)
 248 S   0.46550 0.02669 0.47997 0.02784 ( 3)
 249 E   0.45567 0.03633 0.47019 0.03781 ( 3)
 250 E   0.44100 0.05079 0.45546 0.05275 ( 3)
 251 E   0.44100 0.05079 0.45546 0.05275 ( 3)
 252 I   0.45118 0.04075 0.46569 0.04239 ( 3)
 253 V   0.47224 0.02016 0.48652 0.02108 ( 3)
 254 S   0.00000 0.48868 0.00000 0.51132 ( 4)
 255 F   0.44209 0.04971 0.45656 0.05163 ( 3)
 256 V   0.44816 0.04372 0.46267 0.04545 ( 3)
 257 E   0.44100 0.05079 0.45546 0.05275 ( 3)
 258 E   0.09435 0.39647 0.09745 0.41174 ( 4)
 259 H   0.48257 0.01031 0.49630 0.01082 ( 3)
 260 R   0.48005 0.01269 0.49396 0.01330 ( 3)
 261 R   0.45840 0.03384 0.47242 0.03534 ( 3)
 262 S   0.44895 0.04426 0.45985 0.04694 ( 3)
 263 T   0.47279 0.02280 0.47963 0.02478 ( 3)
 264 L   0.41879 0.07307 0.43206 0.07608 ( 3)
 265 R   0.47494 0.02096 0.48126 0.02285 ( 3)
 266 K   0.46581 0.02902 0.47384 0.03133 ( 3)
 267 L   0.41879 0.07307 0.43206 0.07608 ( 3)
 268 K   0.45012 0.04321 0.46076 0.04591 ( 3)
 269 P   0.45264 0.04089 0.46295 0.04353 ( 3)
 270 E   0.43427 0.05816 0.44648 0.06110 ( 3)
 271 S   0.47492 0.02097 0.48124 0.02286 ( 3)
 272 M   0.46501 0.02963 0.47345 0.03191 ( 3)
 273 Y   0.44377 0.04916 0.45508 0.05199 ( 3)
 274 E   0.43427 0.05816 0.44648 0.06110 ( 3)
 275 T   0.47279 0.02280 0.47963 0.02478 ( 3)
 276 W   0.42490 0.06715 0.43780 0.07016 ( 3)
 277 E   0.43434 0.05808 0.44656 0.06102 ( 3)
 278 D   0.44345 0.04944 0.45489 0.05222 ( 3)
 279 D   0.08715 0.40104 0.08951 0.42230 ( 4)
 280 L   0.41883 0.07303 0.43210 0.07604 ( 3)
 281 D   0.43805 0.05455 0.44996 0.05744 ( 3)
 282 G   0.46910 0.02599 0.47679 0.02812 ( 3)
 283 I   0.45738 0.03651 0.46708 0.03902 ( 3)
 284 H   0.47681 0.01937 0.48266 0.02117 ( 3)
 285 I   0.44356 0.04935 0.45493 0.05216 ( 3)
 286 V   0.44077 0.05198 0.45242 0.05483 ( 3)
 287 A   0.46051 0.03366 0.46974 0.03608 ( 3)
 288 F   0.44106 0.05170 0.45268 0.05455 ( 3)
 289 A   0.44835 0.04486 0.45921 0.04758 ( 3)
 290 E   0.43434 0.05808 0.44656 0.06102 ( 3)
 291 E   0.44784 0.04533 0.45877 0.04806 ( 3)
 292 A   0.00013 0.48611 0.00013 0.51363 ( 4)
 293 D   0.43805 0.05455 0.44996 0.05744 ( 3)
 294 P   0.45271 0.04081 0.46303 0.04344 ( 3)
 295 D   0.43644 0.05537 0.45065 0.05753 ( 3)
 296 G   0.47195 0.02044 0.48624 0.02136 ( 3)
 297 Y   0.45196 0.03997 0.46648 0.04158 ( 3)
 298 E   0.44116 0.05063 0.45563 0.05258 ( 3)
 299 F   0.44223 0.04957 0.45671 0.05149 ( 3)
 300 L   0.46927 0.02304 0.48363 0.02406 ( 3)
 301 E   0.44116 0.05063 0.45563 0.05258 ( 3)
 302 I   0.45137 0.04056 0.46588 0.04219 ( 3)
 303 L   0.48508 0.00798 0.49856 0.00839 ( 3)
 304 K   0.45831 0.03374 0.47281 0.03514 ( 3)
 305 S   0.00000 0.48949 0.00000 0.51051 ( 4)
 306 V   0.44835 0.04353 0.46286 0.04526 ( 3)
 307 A   0.46820 0.02408 0.48258 0.02514 ( 3)
 308 Q   0.11972 0.37083 0.12355 0.38589 ( 4)
 309 D   0.44535 0.04649 0.45985 0.04831 ( 3)
 310 N   0.47554 0.01699 0.48970 0.01777 ( 3)
 311 T   0.48132 0.01148 0.49516 0.01204 ( 3)
 312 E   0.12470 0.36582 0.12867 0.38081 ( 4)
 313 N   0.47073 0.02159 0.48514 0.02254 ( 3)
 314 P   0.46071 0.03139 0.47519 0.03271 ( 3)
 315 D   0.45163 0.04030 0.46616 0.04191 ( 3)
 316 L   0.42262 0.06900 0.43687 0.07150 ( 3)
 317 S   0.46466 0.02752 0.47911 0.02870 ( 3)
 318 I   0.15726 0.33313 0.16214 0.34748 ( 4)
 319 V   0.15690 0.33348 0.16177 0.34785 ( 4)
 320 W   0.43013 0.06155 0.44448 0.06383 ( 3)
 321 I   0.45157 0.04036 0.46609 0.04198 ( 3)
 322 D   0.45163 0.04030 0.46616 0.04191 ( 3)
 323 P   0.46081 0.03129 0.47529 0.03261 ( 3)
 324 D   0.44535 0.04649 0.45985 0.04831 ( 3)
 325 D   0.45163 0.04030 0.46616 0.04191 ( 3)
 326 F   0.44223 0.04957 0.45671 0.05149 ( 3)
 327 P   0.45730 0.03473 0.47180 0.03617 ( 3)
 328 L   0.42262 0.06900 0.43687 0.07150 ( 3)
 329 L   0.41349 0.07813 0.42743 0.08095 ( 3)
 330 V   0.46095 0.03180 0.47382 0.03343 ( 3)
 331 P   0.46757 0.02552 0.48001 0.02691 ( 3)
 332 Y   0.42189 0.06983 0.43579 0.07249 ( 3)
 333 W   0.41735 0.07431 0.43127 0.07707 ( 3)
 334 E   0.42347 0.06827 0.43736 0.07090 ( 3)
 335 K   0.43455 0.05738 0.44831 0.05976 ( 3)
 336 T   0.45983 0.03287 0.47277 0.03453 ( 3)
 337 F   0.42789 0.06392 0.44173 0.06645 ( 3)
 338 N   0.44953 0.04278 0.46292 0.04476 ( 3)
 339 I   0.43994 0.05211 0.45359 0.05436 ( 3)
 340 D   0.42995 0.06190 0.44377 0.06439 ( 3)
 341 L   0.41349 0.07813 0.42743 0.08095 ( 3)
 342 S   0.43303 0.05888 0.44680 0.06130 ( 3)
 343 A   0.44240 0.04972 0.45599 0.05190 ( 3)
 344 P   0.46757 0.02552 0.48001 0.02691 ( 3)
 345 Q   0.43324 0.05864 0.44710 0.06102 ( 3)
 346 I   0.47021 0.02304 0.48242 0.02433 ( 3)
 347 G   0.44950 0.04281 0.46289 0.04479 ( 3)
 348 V   0.44629 0.04593 0.45978 0.04800 ( 3)
 349 V   0.44629 0.04593 0.45978 0.04800 ( 3)
 350 N   0.44340 0.04874 0.45697 0.05089 ( 3)
 351 V   0.46095 0.03180 0.47382 0.03343 ( 3)
 352 T   0.45627 0.03628 0.46939 0.03806 ( 3)
 353 D   0.42596 0.06581 0.43983 0.06839 ( 3)
 354 A   0.48778 0.00913 0.49307 0.01002 ( 3)
 355 D   0.45383 0.03924 0.46544 0.04148 ( 3)
 356 S   0.46763 0.02645 0.47767 0.02825 ( 3)
 357 I   0.03301 0.43999 0.03307 0.49392 ( 4)
 358 W   0.43126 0.06084 0.44435 0.06356 ( 3)
 359 M   0.47580 0.01914 0.48445 0.02061 ( 3)
 360 D   0.09896 0.38980 0.10175 0.40949 ( 4)
 361 M   0.47580 0.01914 0.48445 0.02061 ( 3)
 362 D   0.44722 0.04550 0.45937 0.04791 ( 3)
 363 D   0.44722 0.04550 0.45937 0.04791 ( 3)
 364 E   0.45826 0.03510 0.46943 0.03721 ( 3)
 365 E   0.44282 0.04970 0.45528 0.05221 ( 3)
 366 D   0.45383 0.03924 0.46544 0.04148 ( 3)
 367 L   0.42340 0.06847 0.43683 0.07130 ( 3)
 368 P   0.46355 0.03020 0.47410 0.03215 ( 3)
 369 S   0.48945 0.00787 0.49402 0.00867 ( 3)
 370 A   0.00794 0.47578 0.00811 0.50817 ( 4)
 371 E   0.44319 0.04933 0.45565 0.05182 ( 3)
 372 E   0.44282 0.04970 0.45528 0.05221 ( 3)
 373 L   0.42340 0.06847 0.43683 0.07130 ( 3)
 374 E   0.44282 0.04970 0.45528 0.05221 ( 3)
 375 D   0.45383 0.03924 0.46544 0.04148 ( 3)
 376 W   0.43126 0.06084 0.44435 0.06356 ( 3)
 377 L   0.42340 0.06847 0.43683 0.07130 ( 3)
 378 E   0.44282 0.04970 0.45528 0.05221 ( 3)
 379 D   0.44722 0.04550 0.45937 0.04791 ( 3)
 380 V   0.47978 0.01571 0.48751 0.01701 ( 3)
 381 L   0.42340 0.06847 0.43683 0.07130 ( 3)
 382 E   0.44282 0.04970 0.45528 0.05221 ( 3)
 383 G   0.47546 0.01944 0.48418 0.02093 ( 3)
 384 E   0.44282 0.04970 0.45528 0.05221 ( 3)
 385 I   0.46831 0.02584 0.47824 0.02761 ( 3)
 386 N   0.47944 0.01598 0.48729 0.01729 ( 3)
 387 T   0.47988 0.01561 0.48761 0.01690 ( 3)
 388 E   0.44282 0.04970 0.45528 0.05221 ( 3)
 389 D   0.44735 0.04537 0.45951 0.04777 ( 3)
 390 D   0.44730 0.04542 0.45945 0.04783 ( 3)
 391 D   0.44934 0.04341 0.46155 0.04571 ( 3)
 392 D   0.45121 0.04183 0.46275 0.04422 ( 3)
 393 D   0.10407 0.38433 0.10690 0.40471 ( 4)


lnL = -2757.933383

Bayes Empirical Bayes (BEB) probabilities for 4 classes (class)
(amino acids refer to 1st sequence: Bacu)

   1 M   0.71650 0.15522 0.10503 0.02325 ( 1)
   2 S   0.00013 0.87142 0.00002 0.12844 ( 2)
   3 A   0.69981 0.17020 0.10423 0.02577 ( 1)
   4 A   0.67987 0.18867 0.10263 0.02882 ( 1)
   5 D   0.13464 0.73237 0.02047 0.11252 ( 2)
   6 R   0.75073 0.12355 0.10750 0.01822 ( 1)
   7 M   0.01357 0.85615 0.00199 0.12829 ( 2)
   8 G   0.72969 0.14274 0.10629 0.02129 ( 1)
   9 A   0.70941 0.16134 0.10494 0.02432 ( 1)
  10 R   0.71295 0.15810 0.10517 0.02378 ( 1)
  11 A   0.15887 0.70988 0.02366 0.10758 ( 2)
  12 V   0.66297 0.20444 0.10114 0.03145 ( 1)
  13 P   0.68202 0.18665 0.10284 0.02850 ( 1)
  14 G   0.07959 0.31439 0.49994 0.10609 ( 3)
  15 L   0.00574 0.67340 0.03964 0.28123 ( 2)
  16 R   0.01917 0.85375 0.00270 0.12438 ( 2)
  17 L   0.61962 0.24504 0.09699 0.03835 ( 1)
  18 A   0.67987 0.18867 0.10263 0.02882 ( 1)
  19 L   0.61962 0.24504 0.09699 0.03835 ( 1)
  20 L   0.62393 0.24399 0.09465 0.03743 ( 1)
  21 L   0.17587 0.69373 0.02595 0.10445 ( 2)
  22 L   0.10498 0.75942 0.01646 0.11914 ( 2)
  23 L   0.62198 0.24267 0.09736 0.03798 ( 1)
  24 V   0.66297 0.20444 0.10114 0.03145 ( 1)
  25 L   0.64091 0.22506 0.09910 0.03494 ( 1)
  26 G   0.72969 0.14274 0.10629 0.02129 ( 1)
  27 T   0.73438 0.13841 0.10661 0.02060 ( 1)
  28 P   0.01364 0.85961 0.00191 0.12483 ( 2)
  29 K   0.00080 0.86677 0.00012 0.13231 ( 2)
  30 S   0.68261 0.18590 0.10308 0.02841 ( 1)
  31 G   0.72969 0.14273 0.10629 0.02129 ( 1)
  32 V   0.66297 0.20444 0.10114 0.03145 ( 1)
  33 Q   0.68750 0.18165 0.10321 0.02764 ( 1)
  34 G   0.19228 0.67850 0.02799 0.10123 ( 2)
  35 E   0.00897 0.85811 0.00136 0.13155 ( 2)
  36 D   0.13409 0.73292 0.02038 0.11261 ( 2)
  37 G   0.72969 0.14274 0.10629 0.02129 ( 1)
  38 L   0.61962 0.24504 0.09699 0.03835 ( 1)
  39 D   0.00934 0.85747 0.00142 0.13177 ( 2)
  40 F   0.65152 0.21512 0.10011 0.03325 ( 1)
  41 P   0.68202 0.18665 0.10284 0.02850 ( 1)
  42 E   0.64957 0.21695 0.09992 0.03356 ( 1)
  43 Y   0.67024 0.19767 0.10178 0.03032 ( 1)
  44 D   0.65741 0.20962 0.10065 0.03232 ( 1)
  45 G   0.72187 0.14990 0.10578 0.02245 ( 1)
  46 V   0.66297 0.20444 0.10114 0.03145 ( 1)
  47 D   0.66957 0.19829 0.10172 0.03042 ( 1)
  48 R   0.70205 0.16818 0.10435 0.02542 ( 1)
  49 V   0.66297 0.20444 0.10114 0.03145 ( 1)
  50 V   0.72219 0.14957 0.10583 0.02240 ( 1)
  51 N   0.71258 0.15845 0.10514 0.02384 ( 1)
  52 V   0.72219 0.14957 0.10583 0.02240 ( 1)
  53 N   0.73289 0.13980 0.10649 0.02082 ( 1)
  54 A   0.14093 0.72663 0.02128 0.11116 ( 2)
  55 K   0.68405 0.18483 0.10295 0.02818 ( 1)
  56 N   0.73289 0.13980 0.10649 0.02082 ( 1)
  57 Y   0.64480 0.22141 0.09947 0.03432 ( 1)
  58 K   0.68514 0.18447 0.10237 0.02802 ( 1)
  59 N   0.17051 0.69910 0.02515 0.10524 ( 2)
  60 V   0.66297 0.20444 0.10114 0.03145 ( 1)
  61 F   0.65152 0.21512 0.10011 0.03325 ( 1)
  62 K   0.68405 0.18483 0.10295 0.02818 ( 1)
  63 K   0.68405 0.18483 0.10295 0.02818 ( 1)
  64 Y   0.64556 0.22066 0.09958 0.03420 ( 1)
  65 E   0.64957 0.21695 0.09992 0.03356 ( 1)
  66 V   0.66297 0.20444 0.10114 0.03145 ( 1)
  67 L   0.61962 0.24504 0.09699 0.03835 ( 1)
  68 A   0.68215 0.18640 0.10297 0.02848 ( 1)
  69 L   0.61962 0.24504 0.09699 0.03835 ( 1)
  70 L   0.77458 0.10200 0.10858 0.01484 ( 1)
  71 Y   0.64474 0.22148 0.09946 0.03433 ( 1)
  72 H   0.76214 0.11323 0.10804 0.01659 ( 1)
  73 E   0.67858 0.18991 0.10249 0.02902 ( 1)
  74 H   0.01163 0.85577 0.00176 0.13084 ( 2)
  75 P   0.68219 0.18648 0.10287 0.02847 ( 1)
  76 E   0.06101 0.38024 0.41941 0.13934 ( 3)
  77 D   0.00960 0.85721 0.00146 0.13173 ( 2)
  78 D   0.13535 0.73166 0.02058 0.11241 ( 2)
  79 K   0.68405 0.18483 0.10295 0.02818 ( 1)
  80 A   0.70941 0.16134 0.10494 0.02432 ( 1)
  81 S   0.67938 0.18912 0.10260 0.02890 ( 1)
  82 Q   0.67468 0.19354 0.10216 0.02962 ( 1)
  83 R   0.71295 0.15810 0.10517 0.02378 ( 1)
  84 Q   0.68750 0.18165 0.10321 0.02764 ( 1)
  85 F   0.66368 0.20376 0.10122 0.03134 ( 1)
  86 E   0.66186 0.20659 0.09997 0.03157 ( 1)
  87 M   0.72166 0.15008 0.10578 0.02248 ( 1)
  88 E   0.12108 0.74483 0.01864 0.11544 ( 2)
  89 E   0.64957 0.21695 0.09992 0.03356 ( 1)
  90 L   0.61962 0.24504 0.09699 0.03835 ( 1)
  91 I   0.69935 0.17078 0.10404 0.02584 ( 1)
  92 L   0.61962 0.24504 0.09699 0.03835 ( 1)
  93 E   0.64957 0.21695 0.09992 0.03356 ( 1)
  94 L   0.70580 0.16518 0.10416 0.02486 ( 1)
  95 A   0.67470 0.19383 0.10185 0.02961 ( 1)
  96 A   0.70287 0.16786 0.10397 0.02530 ( 1)
  97 Q   0.66962 0.19858 0.10140 0.03040 ( 1)
  98 V   0.71516 0.15658 0.10480 0.02345 ( 1)
  99 L   0.63886 0.22711 0.09878 0.03525 ( 1)
