Supplemental results for CODEML (seqf: /home/leticiamagpali/phd/evol_models/codeml/big_dataset/cml_align/HTT_codon_aligned.phy  treef: /home/leticiamagpali/phd/evol_models/codeml/big_dataset/cml_trees/gene_trees/H1c_gene_trees/HTT_tree_H1c.tre)

I	J	ij	2Ns_IJ	pMut_IJ	pSub_IJ	2Ns_JI	pMut_JI	pSub_JI

TTC	TTT	CT	0.36584	0.04949	0.05909	-0.36584	0.07135	0.05909
TTA	TTT	AT	1.00361	0.00397	0.00629	-1.00361	0.01083	0.00629
TTA	TTC	AC	0.63777	0.00740	0.01000	-0.63777	0.01399	0.01000
TTG	TTT	GT	0.49423	0.00872	0.01105	-0.49423	0.01429	0.01105
TTG	TTC	GC	0.12839	0.01624	0.01731	-0.12839	0.01847	0.01731
TTG	TTA	GA	-0.50939	0.07731	0.05929	0.50939	0.04646	0.05929
TCT	TTT	CT	0.40979	0.04736	0.05773	-0.40979	0.07135	0.05773
TCC	TTC	CT	0.54822	0.05330	0.06923	-0.54822	0.09221	0.06923
TCC	TCT	CT	0.50426	0.05330	0.06786	-0.50426	0.08825	0.06786
TCA	TTA	CT	0.18626	0.03438	0.03768	-0.18626	0.04142	0.03768
TCA	TCT	AT	0.78008	0.00614	0.00884	-0.78008	0.01339	0.00884
TCA	TCC	AC	0.27582	0.01144	0.01309	-0.27582	0.01507	0.01309
TCG	TTG	CT	1.66092	0.01728	0.03543	-1.66092	0.09097	0.03543
TCG	TCT	GT	1.74536	0.00309	0.00652	-1.74536	0.01767	0.00652
TCG	TCC	GC	1.24109	0.00575	0.01004	-1.24109	0.01989	0.01004
TCG	TCA	GA	0.96528	0.02737	0.04267	-0.96528	0.07185	0.04267
TAT	TTT	AT	1.39779	0.00268	0.00497	-1.39779	0.01083	0.00497
TAT	TCT	AC	0.98800	0.00499	0.00785	-0.98800	0.01339	0.00785
TAC	TTC	AT	0.63972	0.00738	0.00999	-0.63972	0.01399	0.00999
TAC	TCC	AC	0.09151	0.01375	0.01439	-0.09151	0.01507	0.01439
TAC	TAT	CT	-0.39223	0.04134	0.03376	0.39223	0.02793	0.03376
TGT	TTT	GT	1.04252	0.00504	0.00811	-1.04252	0.01429	0.00811
TGT	TCT	GC	0.63273	0.00939	0.01267	-0.63273	0.01767	0.01267
TGT	TAT	GA	-0.35527	0.04468	0.03721	0.35527	0.03132	0.03721
TGC	TTC	GT	1.04355	0.00650	0.01048	-1.04355	0.01847	0.01048
TGC	TCC	GC	0.49533	0.01212	0.01537	-0.49533	0.01989	0.01537
TGC	TAC	GA	0.40382	0.05769	0.07012	-0.40382	0.08639	0.07012
TGC	TGT	CT	0.36686	0.03643	0.04352	-0.36686	0.05257	0.04352
TGG	TTG	GT	1.28590	0.00504	0.00895	-1.28590	0.01822	0.00895
TGG	TCG	GC	-0.37503	0.00938	0.00773	0.37503	0.00645	0.00773
TGG	TGT	GT	0.73760	0.00504	0.00712	-0.73760	0.01053	0.00712
TGG	TGC	GC	0.37074	0.00938	0.01123	-0.37074	0.01359	0.01123
CTT	TTT	CT	0.41914	0.04692	0.05744	-0.41914	0.07135	0.05744
CTC	TTC	CT	0.20609	0.07504	0.08304	-0.20609	0.09221	0.08304
CTC	CTT	CT	0.15279	0.07504	0.08092	-0.15279	0.08743	0.08092
CTA	TTA	CT	0.89428	0.01694	0.02562	-0.89428	0.04142	0.02562
CTA	CTT	AT	1.47876	0.00302	0.00579	-1.47876	0.01327	0.00579
CTA	CTC	AC	1.32596	0.00563	0.01017	-1.32596	0.02122	0.01017
CTG	TTG	CT	-0.54768	0.15730	0.11814	0.54768	0.09097	0.11814
CTG	CTT	GT	-0.47259	0.02809	0.02197	0.47259	0.01751	0.02197
CTG	CTC	GC	-0.62539	0.05234	0.03767	0.62539	0.02800	0.03767
CTG	CTA	GA	-1.95135	0.24911	0.08050	1.95135	0.03539	0.08050
CCT	TCT	CT	0.78564	0.04023	0.05808	-0.78564	0.08825	0.05808
CCT	CTT	CT	0.77630	0.04023	0.05784	-0.77630	0.08743	0.05784
CCC	TCC	CT	0.73441	0.04765	0.06727	-0.73441	0.09931	0.06727
CCC	CTC	CT	1.07653	0.04765	0.07781	-1.07653	0.13982	0.07781
CCC	CCT	CT	0.45303	0.04765	0.05925	-0.45303	0.07495	0.05925
CCA	TCA	CT	0.94880	0.02480	0.03840	-0.94880	0.06406	0.03840
CCA	CTA	CT	0.24077	0.02480	0.02791	-0.24077	0.03156	0.02791
CCA	CCT	AT	0.94324	0.00443	0.00684	-0.94324	0.01138	0.00684
CCA	CCC	AC	0.49021	0.00825	0.01044	-0.49021	0.01347	0.01044
CCG	TCG	CT	0.02270	0.03148	0.03183	-0.02270	0.03220	0.03183
CCG	CTG	CT	2.23130	0.03148	0.07868	-2.23130	0.29310	0.07868
CCG	CCT	GT	0.98241	0.00562	0.00883	-0.98241	0.01501	0.00883
CCG	CCC	GC	0.52939	0.01047	0.01349	-0.52939	0.01778	0.01349
CCG	CCA	GA	0.03918	0.04985	0.05083	-0.03918	0.05184	0.05083
CAT	TAT	CT	0.51552	0.01668	0.02134	-0.51552	0.02793	0.02134
CAT	CTT	AT	1.49417	0.00298	0.00574	-1.49417	0.01327	0.00574
CAT	CCT	AC	0.71788	0.00555	0.00778	-0.71788	0.01138	0.00778
CAC	TAC	CT	0.23438	0.06093	0.06835	-0.23438	0.07702	0.06835
CAC	CTC	AT	0.66801	0.01088	0.01492	-0.66801	0.02122	0.01492
CAC	CCC	AC	-0.40852	0.02027	0.01641	0.40852	0.01347	0.01641
CAC	CAT	CT	-0.67337	0.06093	0.04270	0.67337	0.03107	0.04270
CAA	CTA	AT	0.47024	0.00299	0.00375	-0.47024	0.00479	0.00375
CAA	CCA	AC	0.22947	0.00558	0.00624	-0.22947	0.00701	0.00624
CAA	CAT	AT	0.45482	0.00299	0.00372	-0.45482	0.00472	0.00372
CAA	CAC	AC	1.12819	0.00558	0.00930	-1.12819	0.01723	0.00930
CAG	CTG	AT	0.77779	0.02044	0.02940	-0.77779	0.04448	0.02940
CAG	CCG	AC	-1.45351	0.03808	0.01688	1.45351	0.00890	0.01688
CAG	CAT	GT	-1.18898	0.02044	0.01064	1.18898	0.00622	0.01064
CAG	CAC	GC	-0.51561	0.03808	0.02910	0.51561	0.02274	0.02910
CAG	CAA	GA	-1.64380	0.18124	0.07136	1.64380	0.03502	0.07136
CGT	TGT	CT	1.46603	0.01214	0.02313	-1.46603	0.05257	0.02313
CGT	CTT	GT	2.08941	0.00217	0.00517	-2.08941	0.01751	0.00517
CGT	CCT	GC	1.31312	0.00404	0.00725	-1.31312	0.01501	0.00725
CGT	CAT	GA	0.59524	0.01922	0.02550	-0.59524	0.03485	0.02550
CGC	TGC	CT	1.05330	0.02367	0.03829	-1.05330	0.06788	0.03829
CGC	CTC	GT	1.89075	0.00423	0.00941	-1.89075	0.02800	0.00941
CGC	CCC	GC	0.81422	0.00788	0.01151	-0.81422	0.01778	0.01151
CGC	CAC	GA	1.22274	0.03749	0.06497	-1.22274	0.12734	0.06497
CGC	CGT	CT	-0.04587	0.02367	0.02314	0.04587	0.02261	0.02314
CGA	CTA	GT	1.97549	0.00088	0.00201	-1.97549	0.00632	0.00201
CGA	CCA	GC	1.73472	0.00163	0.00344	-1.73472	0.00926	0.00344
CGA	CAA	GA	1.50525	0.00777	0.01504	-1.50525	0.03502	0.01504
CGA	CGT	AT	1.36484	0.00088	0.00161	-1.36484	0.00343	0.00161
CGA	CGC	AC	1.41070	0.00163	0.00305	-1.41070	0.00669	0.00305
CGG	TGG	CT	0.53143	0.03089	0.03982	-0.53143	0.05255	0.03982
CGG	CTG	GT	2.36501	0.00551	0.01440	-2.36501	0.05870	0.01440
CGG	CCG	GC	0.13371	0.01028	0.01098	-0.13371	0.01175	0.01098
CGG	CAG	GA	1.58722	0.04891	0.09759	-1.58722	0.23918	0.09759
CGG	CGT	GT	-0.19699	0.00551	0.00499	0.19699	0.00453	0.00499
CGG	CGC	GC	-0.15113	0.01028	0.00952	0.15113	0.00883	0.00952
CGG	CGA	GA	-1.56183	0.04891	0.02028	1.56183	0.01026	0.02028
ATT	TTT	AT	0.57479	0.00609	0.00801	-0.57479	0.01083	0.00801
ATT	CTT	AC	0.15565	0.01136	0.01226	-0.15565	0.01327	0.01226
ATC	TTC	AT	0.19823	0.01148	0.01265	-0.19823	0.01399	0.01265
ATC	CTC	AC	-0.00786	0.02139	0.02130	0.00786	0.02122	0.02130
ATC	ATT	CT	-0.01072	0.06428	0.06394	0.01072	0.06359	0.06394
ATA	TTA	AT	0.68756	0.00316	0.00437	-0.68756	0.00629	0.00437
ATA	CTA	AC	-0.20672	0.00589	0.00530	0.20672	0.00479	0.00530
ATA	ATT	AT	1.11638	0.00316	0.00525	-1.11638	0.00965	0.00525
ATA	ATC	AC	1.12711	0.00589	0.00982	-1.12711	0.01818	0.00982
ATG	TTG	AT	0.27679	0.01047	0.01198	-0.27679	0.01381	0.01198
ATG	CTG	AC	0.82447	0.01950	0.02864	-0.82447	0.04448	0.02864
ATG	ATT	GT	0.19622	0.01047	0.01153	-0.19622	0.01274	0.01153
ATG	ATC	GC	0.20695	0.01950	0.02159	-0.20695	0.02399	0.02159
ATG	ATA	GA	-0.92016	0.09283	0.05658	0.92016	0.03699	0.05658
ACT	TCT	AT	1.06025	0.00464	0.00752	-1.06025	0.01339	0.00752
ACT	CCT	AC	0.27461	0.00864	0.00988	-0.27461	0.01138	0.00988
ACT	ATT	CT	0.89526	0.02598	0.03932	-0.89526	0.06359	0.03932
ACC	TCC	AT	0.24232	0.01183	0.01332	-0.24232	0.01507	0.01332
ACC	CCC	AC	-0.49208	0.02204	0.01706	0.49208	0.01347	0.01706
ACC	ATC	CT	0.59231	0.06624	0.08778	-0.59231	0.11977	0.08778
ACC	ACT	CT	-0.31367	0.06624	0.05639	0.31367	0.04841	0.05639
ACA	TCA	AT	0.79825	0.00438	0.00635	-0.79825	0.00972	0.00635
ACA	CCA	AC	-0.15054	0.00815	0.00756	0.15054	0.00701	0.00756
ACA	ATA	CT	0.29695	0.02451	0.02832	-0.29695	0.03298	0.02832
ACA	ACT	AT	0.51808	0.00438	0.00561	-0.51808	0.00735	0.00561
ACA	ACC	AC	0.83175	0.00815	0.01201	-0.83175	0.01873	0.01201
ACG	TCG	AT	-0.22192	0.00610	0.00545	0.22192	0.00489	0.00545
ACG	CCG	AC	-0.24462	0.01137	0.01003	0.24462	0.00890	0.01003
ACG	ATG	CT	1.16222	0.03417	0.05778	-1.16222	0.10923	0.05778
ACG	ACT	GT	0.46318	0.00610	0.00762	-0.46318	0.00969	0.00762
ACG	ACC	GC	0.77685	0.01137	0.01635	-0.77685	0.02472	0.01635
ACG	ACA	GA	-0.05490	0.05410	0.05263	0.05490	0.05121	0.05263
AAT	TAT	AT	0.23575	0.00335	0.00376	-0.23575	0.00424	0.00376
AAT	CAT	AC	-0.27977	0.00624	0.00541	0.27977	0.00472	0.00541
AAT	ATT	AT	1.05875	0.00335	0.00543	-1.05875	0.00965	0.00543
AAT	ACT	AC	0.16350	0.00624	0.00676	-0.16350	0.00735	0.00676
AAC	TAC	AT	0.54769	0.00676	0.00878	-0.54769	0.01169	0.00878
AAC	CAC	AC	0.31331	0.01260	0.01467	-0.31331	0.01723	0.01467
AAC	ATC	AT	0.98918	0.00676	0.01065	-0.98918	0.01818	0.01065
AAC	ACC	AC	0.39687	0.01260	0.01526	-0.39687	0.01873	0.01526
AAC	AAT	CT	-0.08029	0.03786	0.03636	0.08029	0.03494	0.03636
AAA	CAA	AC	-0.90460	0.01171	0.00720	0.90460	0.00474	0.00720
AAA	ATA	AT	-0.22763	0.00628	0.00560	0.22763	0.00501	0.00560
AAA	ACA	AC	-0.52459	0.01171	0.00891	0.52459	0.00693	0.00891
AAA	AAT	AT	-0.17001	0.00628	0.00577	0.17001	0.00530	0.00577
AAA	AAC	AC	-0.08971	0.01171	0.01119	0.08971	0.01070	0.01119
AAG	CAG	AC	0.61256	0.01754	0.02346	-0.61256	0.03236	0.02346
AAG	ATG	AT	0.56588	0.00941	0.01233	-0.56588	0.01658	0.01233
AAG	ACG	AC	-0.59634	0.01754	0.01283	0.59634	0.00966	0.01283
AAG	AAT	GT	-0.29665	0.00941	0.00809	0.29665	0.00700	0.00809
AAG	AAC	GC	-0.21636	0.01754	0.01571	0.21636	0.01413	0.01571
AAG	AAA	GA	-0.12665	0.08348	0.07831	0.12665	0.07355	0.07831
AGT	TGT	AT	0.40480	0.00532	0.00647	-0.40480	0.00798	0.00647
AGT	CGT	AC	-1.06123	0.00992	0.00557	1.06123	0.00343	0.00557
AGT	ATT	GT	0.87253	0.00532	0.00798	-0.87253	0.01274	0.00798
AGT	ACT	GC	-0.02272	0.00992	0.00981	0.02272	0.00969	0.00981
AGT	AAT	GA	-0.18622	0.04720	0.04295	0.18622	0.03918	0.04295
AGC	TGC	AT	-0.30555	0.01398	0.01195	0.30555	0.01030	0.01195
AGC	CGC	AC	-1.35884	0.02605	0.01224	1.35884	0.00669	0.01224
AGC	ATC	GT	0.53977	0.01398	0.01809	-0.53977	0.02399	0.01809
AGC	ACC	GC	-0.05254	0.02605	0.02537	0.05254	0.02472	0.02537
AGC	AAC	GA	-0.44941	0.12400	0.09822	0.44941	0.07912	0.09822
AGC	AGT	CT	-0.34348	0.07830	0.06562	0.34348	0.05554	0.06562
AGA	CGA	AC	-1.96635	0.00992	0.00317	1.96635	0.00139	0.00317
AGA	ATA	GT	0.21587	0.00532	0.00592	-0.21587	0.00661	0.00592
AGA	ACA	GC	-0.08109	0.00992	0.00952	0.08109	0.00915	0.00952
AGA	AAA	GA	0.44350	0.04720	0.05844	-0.44350	0.07355	0.05844
AGA	AGT	AT	0.45972	0.00532	0.00664	-0.45972	0.00843	0.00664
AGA	AGC	AC	0.80320	0.00992	0.01443	-0.80320	0.02214	0.01443
AGG	TGG	AT	0.14223	0.00692	0.00742	-0.14223	0.00797	0.00742
AGG	CGG	AC	-0.38920	0.01289	0.01054	0.38920	0.00873	0.01054
AGG	ATG	GT	1.15134	0.00692	0.01165	-1.15134	0.02188	0.01165
AGG	ACG	GC	-0.01088	0.01289	0.01282	0.01088	0.01275	0.01282
AGG	AAG	GA	0.58546	0.06135	0.08105	-0.58546	0.11017	0.08105
AGG	AGT	GT	0.47503	0.00692	0.00869	-0.47503	0.01112	0.00869
AGG	AGC	GC	0.81852	0.01289	0.01888	-0.81852	0.02922	0.01888
AGG	AGA	GA	0.01531	0.06135	0.06182	-0.01531	0.06230	0.06182
GTT	TTT	GT	0.97798	0.00537	0.00842	-0.97798	0.01429	0.00842
GTT	CTT	GC	0.55884	0.01001	0.01307	-0.55884	0.01751	0.01307
GTT	ATT	GA	0.40319	0.04766	0.05791	-0.40319	0.07133	0.05791
GTC	TTC	GT	0.43076	0.01200	0.01478	-0.43076	0.01847	0.01478
GTC	CTC	GC	0.22467	0.02237	0.02498	-0.22467	0.02800	0.02498
GTC	ATC	GA	0.23253	0.10647	0.11933	-0.23253	0.13434	0.11933
GTC	GTT	CT	-0.18138	0.06723	0.06132	0.18138	0.05608	0.06132
GTA	TTA	GT	1.48061	0.00189	0.00362	-1.48061	0.00830	0.00362
GTA	CTA	GC	0.58633	0.00352	0.00465	-0.58633	0.00632	0.00465
GTA	ATA	GA	0.79305	0.01674	0.02424	-0.79305	0.03699	0.02424
GTA	GTT	AT	1.50624	0.00189	0.00365	-1.50624	0.00851	0.00365
GTA	GTC	AC	1.68763	0.00352	0.00728	-1.68763	0.01901	0.00728
GTG	TTG	GT	-0.06544	0.01945	0.01882	0.06544	0.01822	0.01882
GTG	CTG	GC	0.48225	0.03624	0.04568	-0.48225	0.05870	0.04568
GTG	ATG	GA	-0.34222	0.17251	0.14467	0.34222	0.12251	0.14467
GTG	GTT	GT	-0.54919	0.01945	0.01460	0.54919	0.01123	0.01460
GTG	GTC	GC	-0.36781	0.03624	0.02999	0.36781	0.02509	0.02999
GTG	GTA	GA	-2.05543	0.17251	0.05206	2.05543	0.02209	0.05206
GCT	TCT	GT	0.57747	0.00992	0.01306	-0.57747	0.01767	0.01306
GCT	CCT	GC	-0.20817	0.01849	0.01663	0.20817	0.01501	0.01663
GCT	ACT	GA	-0.48278	0.08799	0.06845	0.48278	0.05429	0.06845
GCT	GTT	CT	0.00928	0.05556	0.05582	-0.00928	0.05608	0.05582
GCC	TCC	GT	0.21258	0.01608	0.01785	-0.21258	0.01989	0.01785
GCC	CCC	GC	-0.52183	0.02996	0.02282	0.52183	0.01778	0.02282
GCC	ACC	GA	-0.02974	0.14261	0.14050	0.02974	0.13843	0.14050
GCC	GTC	CT	0.33004	0.09006	0.10573	-0.33004	0.12527	0.10573
GCC	GCT	CT	0.13937	0.09006	0.09648	-0.13937	0.10352	0.09648
GCA	TCA	GT	0.49453	0.00782	0.00992	-0.49453	0.01283	0.00992
GCA	CCA	GC	-0.45427	0.01458	0.01152	0.45427	0.00926	0.01152
GCA	ACA	GA	-0.30373	0.06939	0.05939	0.30373	0.05121	0.05939
GCA	GTA	CT	-0.79982	0.04382	0.02861	0.79982	0.01969	0.02861
GCA	GCT	AT	0.69714	0.00782	0.01087	-0.69714	0.01571	0.01087
GCA	GCC	AC	0.55777	0.01458	0.01902	-0.55777	0.02547	0.01902
GCG	TCG	GT	0.31311	0.00472	0.00549	-0.31311	0.00645	0.00549
GCG	CCG	GC	0.29041	0.00879	0.01012	-0.29041	0.01175	0.01012
GCG	ACG	GA	0.53503	0.04182	0.05400	-0.53503	0.07140	0.05400
GCG	GTG	CT	2.03947	0.02641	0.06191	-2.03947	0.20297	0.06191
GCG	GCT	GT	1.48099	0.00472	0.00904	-1.48099	0.02073	0.00904
GCG	GCC	GC	1.34162	0.00879	0.01596	-1.34162	0.03361	0.01596
GCG	GCA	GA	0.78385	0.04182	0.06033	-0.78385	0.09157	0.06033
GAT	TAT	GT	-0.33036	0.00778	0.00657	0.33036	0.00559	0.00657
GAT	CAT	GC	-0.84588	0.01450	0.00922	0.84588	0.00622	0.00922
GAT	AAT	GA	-0.56611	0.06902	0.05132	0.56611	0.03918	0.05132
GAT	GTT	AT	0.08945	0.00778	0.00814	-0.08945	0.00851	0.00814
GAT	GCT	AC	0.08017	0.01450	0.01509	-0.08017	0.01571	0.01509
GAC	TAC	GT	-0.00116	0.01544	0.01544	0.00116	0.01543	0.01544
GAC	CAC	GC	-0.23554	0.02878	0.02552	0.23554	0.02274	0.02552
GAC	AAC	GA	-0.54885	0.13697	0.10280	0.54885	0.07912	0.10280
GAC	GTC	AT	0.20780	0.01544	0.01710	-0.20780	0.01901	0.01710
GAC	GCC	AC	-0.12223	0.02878	0.02705	0.12223	0.02547	0.02705
GAC	GAT	CT	-0.06303	0.08649	0.08379	0.06303	0.08121	0.08379
GAA	CAA	GC	-1.01593	0.01727	0.00996	1.01593	0.00625	0.00996
GAA	AAA	GA	-0.11133	0.08221	0.07772	0.11133	0.07355	0.07772
GAA	GTA	AT	-1.13202	0.00927	0.00499	1.13202	0.00299	0.00499
GAA	GCA	AC	-0.33219	0.01727	0.01456	0.33219	0.01239	0.01456
GAA	GAT	AT	0.28478	0.00927	0.01065	-0.28478	0.01232	0.01065
GAA	GAC	AC	0.34781	0.01727	0.02045	-0.34781	0.02446	0.02045
GAG	CAG	GC	0.18799	0.03539	0.03882	-0.18799	0.04271	0.03882
GAG	AAG	GA	-0.42457	0.16845	0.13521	0.42457	0.11017	0.13521
GAG	GTG	AT	0.48353	0.01899	0.02395	-0.48353	0.03080	0.02395
GAG	GCG	AC	-1.55593	0.03539	0.01472	1.55593	0.00747	0.01472
GAG	GAT	GT	-0.15511	0.01899	0.01756	0.15511	0.01626	0.01756
GAG	GAC	GC	-0.09208	0.03539	0.03379	0.09208	0.03228	0.03379
GAG	GAA	GA	-0.43988	0.16845	0.13410	0.43988	0.10850	0.13410
GGT	TGT	GT	1.35266	0.00272	0.00497	-1.35266	0.01053	0.00497
GGT	CGT	GC	-0.11336	0.00507	0.00479	0.11336	0.00453	0.00479
GGT	AGT	GA	0.94787	0.02414	0.03737	-0.94787	0.06230	0.03737
GGT	GTT	GT	1.41721	0.00272	0.00509	-1.41721	0.01123	0.00509
GGT	GCT	GC	1.40792	0.00507	0.00945	-1.40792	0.02073	0.00945
GGT	GAT	GA	1.32776	0.02414	0.04362	-1.32776	0.09108	0.04362
GGC	TGC	GT	0.47055	0.00849	0.01065	-0.47055	0.01359	0.01065
GGC	CGC	GC	-0.58275	0.01582	0.01166	0.58275	0.00883	0.01166
GGC	AGC	GA	0.77610	0.07531	0.10828	-0.77610	0.16365	0.10828
GGC	GTC	GT	1.08334	0.00849	0.01391	-1.08334	0.02509	0.01391
GGC	GCC	GC	0.75330	0.01582	0.02252	-0.75330	0.03361	0.02252
GGC	GAC	GA	0.87554	0.07531	0.11303	-0.87554	0.18076	0.11303
GGC	GGT	CT	-0.51525	0.04756	0.03635	0.51525	0.02841	0.03635
GGA	CGA	GC	-1.65030	0.00954	0.00374	1.65030	0.00183	0.00374
GGA	AGA	GA	0.31604	0.04542	0.05297	-0.31604	0.06230	0.05297
GGA	GTA	GT	-0.26114	0.00512	0.00448	0.26114	0.00394	0.00448
GGA	GCA	GC	0.53868	0.00954	0.01234	-0.53868	0.01635	0.01234
GGA	GAA	GA	0.87087	0.04542	0.06803	-0.87087	0.10850	0.06803
GGA	GGT	AT	-0.17211	0.00512	0.00469	0.17211	0.00431	0.00469
GGA	GGC	AC	0.34314	0.00954	0.01127	-0.34314	0.01345	0.01127
GGG	TGG	GT	0.40558	0.00702	0.00853	-0.40558	0.01052	0.00853
GGG	CGG	GC	-0.12585	0.01307	0.01227	0.12585	0.01153	0.01227
GGG	AGG	GA	0.26335	0.06222	0.07077	-0.26335	0.08096	0.07077
GGG	GTG	GT	1.75692	0.00702	0.01490	-1.75692	0.04065	0.01490
GGG	GCG	GC	-0.28255	0.01307	0.01131	0.28255	0.00985	0.01131
GGG	GAG	GA	1.27338	0.06222	0.11002	-1.27338	0.22230	0.11002
GGG	GGT	GT	-0.20948	0.00702	0.00631	0.20948	0.00569	0.00631
GGG	GGC	GC	0.30577	0.01307	0.01517	-0.30577	0.01775	0.01517
GGG	GGA	GA	-0.03737	0.06222	0.06106	0.03737	0.05993	0.06106


Histograms
2Ns	FMut	FSub(CodonUsage)	FSubw(after w)

-2.25239	0.02061	0.00607
-2.02715	0.03857	0.01335
-1.80191	0.00560	0.00223
-1.57668	0.04546	0.02063
-1.35144	0.03216	0.01723
-1.12620	0.03803	0.02291
-0.90096	0.06037	0.04165
-0.67572	0.07743	0.05989
-0.45048	0.16889	0.14838
-0.22524	0.10758	0.10669
0.00000	0.10964	0.12192
0.22524	0.08595	0.10669
0.45048	0.10730	0.14838
0.67572	0.03900	0.05989
0.90096	0.02482	0.04165
1.12620	0.01239	0.02291
1.35144	0.00861	0.01723
1.57668	0.00930	0.02063
1.80191	0.00094	0.00223
2.02715	0.00518	0.01335
2.25239	0.00217	0.00607

Proportion of advantageous (S > 0) mutations:
 0.34919

Proportions of good & bad mutations (|S| > 2.0000) among mutations:
0.00514  0.04364

mean |Ns| = 0.67809	mean Ns+ = 0.50258	mean Ns- = -0.77226


MLEs of dN/dS (w) for site classes (K=4)

site class             0        1       2a       2b
proportion       0.87792  0.11503  0.00624  0.00082
background w     0.04627  1.00000  0.04627  1.00000
foreground w     0.04627  1.00000  3.55912  3.55912

Naive Empirical Bayes (NEB) probabilities for 4 classes
(amino acids refer to 1st sequence: Bacu)

   1 N   0.98360 0.01549 0.00089 0.00002 ( 1)
   2 S   0.95214 0.04518 0.00252 0.00016 ( 1)
   3 P   0.95893 0.03878 0.00217 0.00012 ( 1)
   4 E   0.96051 0.03728 0.00210 0.00011 ( 1)
   5 F   0.96349 0.03448 0.00194 0.00010 ( 1)
   6 Q   0.93292 0.06330 0.00350 0.00028 ( 1)
   7 K   0.97060 0.02776 0.00157 0.00007 ( 1)
   8 L   0.95095 0.04631 0.00258 0.00016 ( 1)
   9 L   0.91352 0.08157 0.00447 0.00044 ( 1)
  10 G   0.97770 0.02106 0.00120 0.00004 ( 1)
  11 I   0.96290 0.03503 0.00197 0.00010 ( 1)
  12 A   0.95064 0.04659 0.00260 0.00017 ( 1)
  13 M   0.67634 0.32031 0.00260 0.00075 ( 1)
  14 E   0.96051 0.03728 0.00210 0.00011 ( 1)
  15 L   0.95072 0.04654 0.00258 0.00016 ( 1)
  16 F   0.96402 0.03404 0.00184 0.00009 ( 1)
  17 L   0.91387 0.08128 0.00441 0.00044 ( 1)
  18 L   0.91413 0.08107 0.00437 0.00043 ( 1)
  19 C   0.96790 0.03038 0.00165 0.00008 ( 1)
  20 S   0.96396 0.03407 0.00187 0.00009 ( 1)
  21 D   0.95830 0.03942 0.00216 0.00012 ( 1)
  22 D   0.96181 0.03603 0.00206 0.00011 ( 1)
  23 A   0.95081 0.04644 0.00259 0.00016 ( 1)
  24 E   0.95566 0.04190 0.00230 0.00014 ( 1)
  25 S   0.94574 0.05143 0.00265 0.00019 ( 1)
  26 D   0.95830 0.03942 0.00216 0.00012 ( 1)
  27 V   0.96606 0.03210 0.00176 0.00008 ( 1)
  28 R   0.97533 0.02333 0.00128 0.00005 ( 1)
  29 M   0.97965 0.01926 0.00106 0.00003 ( 1)
  30 V   0.94591 0.05110 0.00280 0.00019 ( 1)
  31 A   0.95209 0.04530 0.00246 0.00015 ( 1)
  32 D   0.96276 0.03519 0.00195 0.00010 ( 1)
  33 E   0.95566 0.04190 0.00230 0.00014 ( 1)
  34 C   0.96820 0.03008 0.00165 0.00008 ( 1)
  35 L   0.94968 0.04756 0.00260 0.00017 ( 1)
  36 N   0.98612 0.01314 0.00072 0.00002 ( 1)
  37 K   0.57591 0.35341 0.06778 0.00289 ( 1)
  38 V   0.96606 0.03210 0.00176 0.00008 ( 1)
  39 I   0.98554 0.01372 0.00072 0.00002 ( 1)
  40 K   0.97120 0.02726 0.00148 0.00006 ( 1)
  41 N   0.62503 0.29078 0.08158 0.00260 ( 1)
  42 G   0.96948 0.02856 0.00188 0.00008 ( 1)
  43 A   0.94257 0.05405 0.00316 0.00022 ( 1)
  44 P   0.95169 0.04546 0.00269 0.00017 ( 1)
  45 R   0.96869 0.02942 0.00181 0.00008 ( 1)
  46 S   0.95171 0.04543 0.00270 0.00017 ( 1)
  47 L   0.90873 0.08596 0.00481 0.00049 ( 1)
  48 R   0.97291 0.02544 0.00159 0.00006 ( 1)
  49 A   0.94257 0.05405 0.00316 0.00022 ( 1)
  50 A   0.94946 0.04755 0.00281 0.00018 ( 1)
  51 L   0.90846 0.08623 0.00481 0.00050 ( 1)
  52 W   0.94283 0.05382 0.00313 0.00022 ( 1)
  53 R   0.96691 0.03109 0.00191 0.00009 ( 1)
  54 F   0.95531 0.04204 0.00251 0.00014 ( 1)
  55 A   0.94936 0.04765 0.00281 0.00018 ( 1)
  56 E   0.94662 0.05022 0.00296 0.00020 ( 1)
  57 L   0.90846 0.08623 0.00481 0.00050 ( 1)
  58 A   0.94257 0.05405 0.00316 0.00022 ( 1)
  59 H   0.95255 0.04464 0.00265 0.00016 ( 1)
  60 L   0.94059 0.05594 0.00324 0.00024 ( 1)
  61 V   0.96238 0.03537 0.00214 0.00011 ( 1)
  62 R   0.96869 0.02942 0.00181 0.00008 ( 1)
  63 P   0.95169 0.04546 0.00269 0.00017 ( 1)
  64 Q   0.92590 0.06978 0.00397 0.00034 ( 1)
  65 K   0.96265 0.03511 0.00213 0.00011 ( 1)
  66 C   0.95929 0.03828 0.00230 0.00012 ( 1)
  67 R   0.96691 0.03109 0.00191 0.00009 ( 1)
  68 P   0.95960 0.03825 0.00204 0.00011 ( 1)
  69 Y   0.96673 0.03157 0.00162 0.00008 ( 1)
  70 L   0.93267 0.06369 0.00336 0.00028 ( 1)
  71 V   0.98262 0.01653 0.00082 0.00002 ( 1)
  72 N   0.98570 0.01361 0.00067 0.00002 ( 1)
  73 L   0.95118 0.04625 0.00241 0.00016 ( 1)
  74 L   0.93267 0.06369 0.00336 0.00028 ( 1)
  75 P   0.96013 0.03781 0.00195 0.00011 ( 1)
  76 C   0.96604 0.03220 0.00167 0.00008 ( 1)
  77 L   0.91367 0.08154 0.00436 0.00043 ( 1)
  78 T   0.96834 0.03019 0.00141 0.00007 ( 1)
  79 R   0.98023 0.01879 0.00094 0.00003 ( 1)
  80 T   0.97017 0.02833 0.00144 0.00006 ( 1)
  81 S   0.96017 0.03776 0.00196 0.00011 ( 1)
  82 K   0.97495 0.02379 0.00121 0.00005 ( 1)
  83 R   0.97151 0.02708 0.00135 0.00006 ( 1)
  84 P   0.96567 0.03258 0.00167 0.00008 ( 1)
  85 E   0.95614 0.04151 0.00222 0.00013 ( 1)
  86 E   0.95504 0.04260 0.00222 0.00013 ( 1)
  87 S   0.95237 0.04513 0.00235 0.00015 ( 1)
  88 V   0.96545 0.03278 0.00169 0.00008 ( 1)
  89 Q   0.93313 0.06326 0.00335 0.00027 ( 1)
  90 E   0.95504 0.04260 0.00222 0.00013 ( 1)
  91 T   0.96665 0.03164 0.00162 0.00008 ( 1)
  92 L   0.93267 0.06369 0.00336 0.00028 ( 1)
  93 A   0.43986 0.46679 0.08767 0.00568 ( 2)
  94 A   0.95547 0.04245 0.00196 0.00012 ( 1)
  95 A   0.95189 0.04563 0.00233 0.00015 ( 1)
  96 V   0.96545 0.03278 0.00169 0.00008 ( 1)
  97 P   0.96013 0.03781 0.00195 0.00011 ( 1)
  98 K   0.97495 0.02379 0.00121 0.00005 ( 1)
  99 I   0.55795 0.43959 0.00123 0.00123 ( 1)
 100 M   0.97913 0.01983 0.00100 0.00003 ( 1)
 101 A   0.95087 0.04654 0.00243 0.00016 ( 1)
 102 S   0.95244 0.04507 0.00234 0.00015 ( 1)
 103 F   0.96513 0.03307 0.00172 0.00009 ( 1)
 104 G   0.97789 0.02101 0.00106 0.00004 ( 1)
 105 N   0.71482 0.24108 0.04287 0.00122 ( 1)
 106 F   0.96375 0.03439 0.00177 0.00009 ( 1)
 107 A   0.94939 0.04794 0.00251 0.00017 ( 1)
 108 N   0.98570 0.01361 0.00067 0.00002 ( 1)
 109 D   0.96224 0.03580 0.00185 0.00010 ( 1)
 110 S   0.11719 0.88146 0.00009 0.00126 ( 2)
 111 E   0.96038 0.03755 0.00197 0.00011 ( 1)
 112 I   0.56675 0.43102 0.00106 0.00116 ( 1)
 113 K   0.97543 0.02332 0.00121 0.00005 ( 1)
 114 V   0.96837 0.02964 0.00191 0.00008 ( 1)
 115 L   0.91352 0.08143 0.00460 0.00045 ( 1)
 116 L   0.94340 0.05346 0.00293 0.00021 ( 1)
 117 K   0.97488 0.02369 0.00137 0.00005 ( 1)
 118 A   0.95134 0.04594 0.00256 0.00016 ( 1)
 119 F   0.96745 0.03071 0.00176 0.00008 ( 1)
 120 I   0.98584 0.01335 0.00079 0.00002 ( 1)
 121 A   0.97843 0.02035 0.00118 0.00004 ( 1)
 122 N   0.98374 0.01533 0.00090 0.00002 ( 1)
 123 L   0.91366 0.08142 0.00448 0.00044 ( 1)
 124 K   0.97494 0.02364 0.00137 0.00005 ( 1)
 125 S   0.54190 0.45547 0.00122 0.00140 ( 1)
 126 S   0.96019 0.03755 0.00214 0.00012 ( 1)
 127 S   0.95236 0.04495 0.00254 0.00016 ( 1)
 128 P   0.96012 0.03763 0.00214 0.00012 ( 1)
 129 T   0.96664 0.03147 0.00180 0.00008 ( 1)
 130 V   0.45893 0.53758 0.00141 0.00208 ( 2)
 131 R   0.97633 0.02230 0.00132 0.00005 ( 1)
 132 R   0.97640 0.02227 0.00129 0.00005 ( 1)
 133 T   0.96910 0.02917 0.00166 0.00007 ( 1)
 134 A   0.97711 0.02163 0.00121 0.00004 ( 1)
 135 A   0.95718 0.04044 0.00226 0.00013 ( 1)
 136 G   0.65229 0.34573 0.00111 0.00087 ( 1)
 137 S   0.97029 0.02807 0.00157 0.00007 ( 1)
 138 A   0.97784 0.02093 0.00118 0.00004 ( 1)
 139 V   0.94468 0.05223 0.00289 0.00020 ( 1)
 140 S   0.95946 0.03828 0.00214 0.00012 ( 1)
 141 I   0.53217 0.38801 0.07616 0.00366 ( 1)
 142 C   0.96691 0.03125 0.00175 0.00008 ( 1)
 143 Q   0.93249 0.06371 0.00351 0.00029 ( 1)
 144 H   0.96028 0.03751 0.00210 0.00011 ( 1)
 145 S   0.95686 0.04074 0.00227 0.00013 ( 1)
 146 R   0.97396 0.02460 0.00138 0.00005 ( 1)
 147 R   0.97376 0.02482 0.00137 0.00005 ( 1)
 148 T   0.00287 0.97809 0.00676 0.01227 ( 2)
 149 Q   0.93249 0.06371 0.00351 0.00029 ( 1)
 150 Y   0.57426 0.42195 0.00254 0.00124 ( 1)
 151 F   0.96354 0.03447 0.00189 0.00010 ( 1)
 152 Y   0.96604 0.03208 0.00180 0.00009 ( 1)
 153 S   0.95946 0.03828 0.00214 0.00012 ( 1)
 154 W   0.95041 0.04683 0.00259 0.00017 ( 1)
 155 L   0.91446 0.08062 0.00449 0.00044 ( 1)
 156 L   0.94835 0.04876 0.00270 0.00018 ( 1)
 157 S   0.96220 0.03572 0.00197 0.00010 ( 1)
 158 V   0.94563 0.05127 0.00290 0.00020 ( 1)
 159 L   0.94835 0.04876 0.00270 0.00018 ( 1)
 160 L   0.46127 0.53533 0.00147 0.00193 ( 2)
 161 G   0.98249 0.01645 0.00104 0.00003 ( 1)
 162 L   0.93261 0.06367 0.00343 0.00028 ( 1)
 163 L   0.91804 0.07763 0.00395 0.00038 ( 1)
 164 V   0.97043 0.02800 0.00151 0.00007 ( 1)
 165 P   0.96582 0.03237 0.00173 0.00008 ( 1)
 166 V   0.94519 0.05182 0.00280 0.00020 ( 1)
 167 E   0.95561 0.04195 0.00231 0.00014 ( 1)
 168 E   0.95561 0.04195 0.00231 0.00014 ( 1)
 169 E   0.96046 0.03728 0.00214 0.00011 ( 1)
 170 H   0.06813 0.91882 0.00655 0.00650 ( 2)
 171 S   0.95792 0.03978 0.00217 0.00012 ( 1)
 172 T   0.05436 0.93030 0.00710 0.00824 ( 2)
 173 L   0.95143 0.04592 0.00250 0.00016 ( 1)
 174 L   0.91404 0.08110 0.00442 0.00044 ( 1)
 175 I   0.96361 0.03441 0.00189 0.00010 ( 1)
 176 L   0.94963 0.04759 0.00261 0.00017 ( 1)
 177 G   0.97108 0.02735 0.00151 0.00006 ( 1)
 178 V   0.94593 0.05108 0.00279 0.00019 ( 1)
 179 L   0.91404 0.08110 0.00442 0.00044 ( 1)
 180 L   0.94992 0.04734 0.00258 0.00017 ( 1)
 181 T   0.97086 0.02755 0.00152 0.00007 ( 1)
 182 L   0.93253 0.06373 0.00345 0.00028 ( 1)
 183 R   0.97529 0.02337 0.00129 0.00005 ( 1)
 184 Y   0.97531 0.02336 0.00129 0.00005 ( 1)
 185 L   0.93318 0.06310 0.00344 0.00028 ( 1)
 186 V   0.94586 0.05114 0.00281 0.00019 ( 1)
 187 P   0.96675 0.03144 0.00173 0.00008 ( 1)
 188 L   0.93340 0.06292 0.00340 0.00028 ( 1)
 189 L   0.91419 0.08099 0.00439 0.00043 ( 1)
 190 Q   0.93383 0.06251 0.00339 0.00027 ( 1)
 191 Q   0.93383 0.06251 0.00339 0.00027 ( 1)
 192 Q   0.93383 0.06251 0.00339 0.00027 ( 1)
 193 V   0.96622 0.03196 0.00173 0.00008 ( 1)
 194 K   0.97565 0.02305 0.00125 0.00005 ( 1)
 195 D   0.96298 0.03502 0.00190 0.00010 ( 1)
 196 T   0.96778 0.03056 0.00159 0.00007 ( 1)
 197 S   0.96095 0.03693 0.00201 0.00011 ( 1)
 198 L   0.91419 0.08099 0.00439 0.00043 ( 1)
 199 K   0.97155 0.02693 0.00146 0.00006 ( 1)
 200 G   0.97856 0.02031 0.00110 0.00004 ( 1)
 201 S   0.96095 0.03693 0.00201 0.00011 ( 1)
 202 F   0.96450 0.03360 0.00182 0.00009 ( 1)
 203 G   0.97795 0.02088 0.00113 0.00004 ( 1)
 204 V   0.94608 0.05096 0.00277 0.00019 ( 1)
 205 T   0.96947 0.02893 0.00154 0.00007 ( 1)
 206 R   0.97709 0.02170 0.00117 0.00004 ( 1)
 207 K   0.97155 0.02693 0.00146 0.00006 ( 1)
 208 E   0.95583 0.04176 0.00227 0.00013 ( 1)
 209 M   0.97978 0.01914 0.00104 0.00003 ( 1)
 210 E   0.95587 0.04172 0.00227 0.00013 ( 1)
 211 V   0.96622 0.03196 0.00173 0.00008 ( 1)
 212 S   0.95547 0.04206 0.00233 0.00014 ( 1)
 213 P   0.96696 0.03127 0.00169 0.00008 ( 1)
 214 S   0.97154 0.02693 0.00147 0.00006 ( 1)
 215 T   0.58840 0.40952 0.00103 0.00105 ( 1)
 216 E   0.95583 0.04176 0.00227 0.00013 ( 1)
 217 Q   0.93383 0.06251 0.00339 0.00027 ( 1)
 218 L   0.95147 0.04588 0.00249 0.00016 ( 1)
 219 V   0.96594 0.03225 0.00173 0.00008 ( 1)
 220 Q   0.93320 0.06313 0.00339 0.00028 ( 1)
 221 V   0.94158 0.05504 0.00315 0.00023 ( 1)
 222 Y   0.96471 0.03339 0.00181 0.00009 ( 1)
 223 E   0.95683 0.04067 0.00236 0.00013 ( 1)
 224 L   0.92481 0.07077 0.00407 0.00035 ( 1)
 225 T   0.96305 0.03482 0.00203 0.00010 ( 1)
 226 L   0.92947 0.06650 0.00372 0.00031 ( 1)
 227 H   0.61858 0.37943 0.00104 0.00095 ( 1)
 228 Y   0.97146 0.02689 0.00159 0.00007 ( 1)
 229 T   0.97149 0.02686 0.00158 0.00007 ( 1)
 230 Q   0.93055 0.06543 0.00371 0.00031 ( 1)
 231 H   0.95807 0.03947 0.00233 0.00013 ( 1)
 232 Q   0.94885 0.04820 0.00277 0.00018 ( 1)
 233 D   0.95933 0.03828 0.00227 0.00012 ( 1)
 234 H   0.95807 0.03947 0.00233 0.00013 ( 1)
 235 N   0.98154 0.01735 0.00108 0.00003 ( 1)
 236 V   0.96777 0.03033 0.00182 0.00008 ( 1)
 237 V   0.94378 0.05288 0.00313 0.00022 ( 1)
 238 T   0.97177 0.02657 0.00159 0.00006 ( 1)
 239 G   0.97532 0.02327 0.00136 0.00005 ( 1)
 240 A   0.95113 0.04585 0.00285 0.00017 ( 1)
 241 L   0.91210 0.08287 0.00457 0.00046 ( 1)
 242 E   0.95726 0.04020 0.00240 0.00013 ( 1)
 243 L   0.94666 0.05031 0.00284 0.00019 ( 1)
 244 L   0.91221 0.08276 0.00457 0.00046 ( 1)
 245 Q   0.93196 0.06411 0.00364 0.00030 ( 1)
 246 Q   0.93196 0.06411 0.00364 0.00030 ( 1)
 247 L   0.94246 0.05364 0.00365 0.00025 ( 1)
 248 L   0.94776 0.04921 0.00285 0.00019 ( 1)
 249 R   0.96959 0.02861 0.00173 0.00007 ( 1)
 250 T   0.96530 0.03265 0.00195 0.00009 ( 1)
 251 P   0.95908 0.03856 0.00223 0.00012 ( 1)
 252 P   0.95835 0.03926 0.00226 0.00013 ( 1)
 253 P   0.95908 0.03856 0.00223 0.00012 ( 1)
 254 E   0.95398 0.04337 0.00251 0.00015 ( 1)
 255 L   0.94802 0.04900 0.00280 0.00018 ( 1)
 256 L   0.91298 0.08202 0.00454 0.00045 ( 1)
 257 R   0.97117 0.02718 0.00159 0.00007 ( 1)
 258 A   0.00280 0.99356 0.00003 0.00361 ( 2)
 259 L   0.91298 0.08202 0.00454 0.00045 ( 1)
 260 T   0.96563 0.03238 0.00190 0.00009 ( 1)
 261 T   0.05834 0.92368 0.00882 0.00916 ( 2)
 262 A   0.63290 0.29912 0.06572 0.00226 ( 1)
 263 G   0.97716 0.02153 0.00127 0.00004 ( 1)
 264 G   0.97699 0.02166 0.00130 0.00005 ( 1)
 265 I   0.96567 0.03232 0.00191 0.00009 ( 1)
 266 G   0.08342 0.91439 0.00012 0.00207 ( 2)
 267 Q   0.02912 0.94866 0.00798 0.01424 ( 2)
 268 L   0.94802 0.04899 0.00280 0.00018 ( 1)
 269 T   0.97253 0.02574 0.00166 0.00007 ( 1)
 270 A   0.46454 0.43702 0.09311 0.00534 ( 1)
 271 A   0.43580 0.46443 0.09379 0.00598 ( 2)
 272 K   0.64521 0.35287 0.00110 0.00082 ( 1)
 273 D   0.50993 0.48719 0.00126 0.00161 ( 1)
 274 E   0.95326 0.04409 0.00250 0.00015 ( 1)
 275 P   0.96430 0.03368 0.00193 0.00010 ( 1)
 276 G   0.11011 0.88826 0.00011 0.00152 ( 2)
 277 C   0.96589 0.03218 0.00185 0.00009 ( 1)
 278 R   0.96886 0.02933 0.00173 0.00008 ( 1)
 279 S   0.96163 0.03619 0.00207 0.00011 ( 1)
 280 R   0.97638 0.02228 0.00129 0.00005 ( 1)
 281 S   0.95839 0.03924 0.00224 0.00012 ( 1)
 282 G   0.96887 0.02936 0.00169 0.00008 ( 1)
 283 S   0.96101 0.03681 0.00207 0.00011 ( 1)
 284 I   0.96494 0.03307 0.00190 0.00009 ( 1)
 285 V   0.94358 0.05322 0.00299 0.00021 ( 1)
 286 E   0.95326 0.04409 0.00250 0.00015 ( 1)
 287 L   0.94942 0.04772 0.00269 0.00017 ( 1)
 288 I   0.98462 0.01450 0.00086 0.00002 ( 1)
 289 A   0.93419 0.06130 0.00420 0.00031 ( 1)
 290 G   0.95335 0.04311 0.00335 0.00018 ( 1)
 291 G   0.96083 0.03605 0.00298 0.00014 ( 1)
 292 G   0.96875 0.02859 0.00256 0.00010 ( 1)
 293 S   0.93556 0.06000 0.00414 0.00030 ( 1)
 294 S   0.92753 0.06771 0.00440 0.00036 ( 1)
 295 C   0.95028 0.04603 0.00349 0.00020 ( 1)
 296 S   0.94285 0.05306 0.00383 0.00025 ( 1)
 297 P   0.94284 0.05309 0.00382 0.00025 ( 1)
 298 V   0.94808 0.04811 0.00359 0.00022 ( 1)
 299 L   0.93448 0.06103 0.00419 0.00031 ( 1)
 300 S   0.92706 0.06808 0.00449 0.00037 ( 1)
 301 R   0.95517 0.04137 0.00328 0.00017 ( 1)
 302 K   0.95365 0.04283 0.00334 0.00018 ( 1)
 303 Q   0.93536 0.06019 0.00415 0.00030 ( 1)
 304 K   0.95364 0.04284 0.00334 0.00018 ( 1)
 305 G   0.95497 0.04137 0.00348 0.00018 ( 1)
 306 K   0.55032 0.44669 0.00145 0.00154 ( 1)
 307 V   0.93622 0.05973 0.00377 0.00028 ( 1)
 308 L   0.93978 0.05637 0.00360 0.00026 ( 1)
 309 F   0.95459 0.04242 0.00283 0.00016 ( 1)
 310 G   0.96160 0.03581 0.00247 0.00012 ( 1)
 311 E   0.95151 0.04532 0.00299 0.00018 ( 1)
 312 A   0.94131 0.05492 0.00353 0.00025 ( 1)
 313 A   0.94041 0.05581 0.00353 0.00025 ( 1)
 314 A   0.94925 0.04754 0.00302 0.00019 ( 1)
 315 L   0.02723 0.96773 0.00012 0.00492 ( 2)
 316 E   0.94642 0.05021 0.00316 0.00021 ( 1)
 317 D   0.94902 0.04776 0.00303 0.00019 ( 1)
 318 D   0.95359 0.04345 0.00280 0.00016 ( 1)
 319 S   0.45657 0.53973 0.00151 0.00220 ( 2)
 320 E   0.94642 0.05021 0.00316 0.00021 ( 1)
 321 S   0.93491 0.06108 0.00372 0.00029 ( 1)
 322 R   0.96667 0.03112 0.00212 0.00009 ( 1)
 323 S   0.93467 0.06132 0.00372 0.00029 ( 1)
 324 D   0.95343 0.04360 0.00280 0.00016 ( 1)
 325 G   0.97012 0.02787 0.00193 0.00008 ( 1)
 326 S   0.95150 0.04542 0.00291 0.00018 ( 1)
 327 S   0.95150 0.04542 0.00291 0.00018 ( 1)
 328 P   0.95764 0.03964 0.00259 0.00014 ( 1)
 329 T   0.95810 0.03920 0.00257 0.00014 ( 1)
 330 F   0.95510 0.04204 0.00272 0.00015 ( 1)
 331 A   0.00152 0.98384 0.00038 0.01426 ( 2)
 332 A   0.94796 0.04883 0.00301 0.00019 ( 1)
 333 A   0.44454 0.55196 0.00137 0.00213 ( 2)
 334 V   0.53207 0.39002 0.07425 0.00366 ( 1)
 335 K   0.97529 0.02346 0.00121 0.00005 ( 1)
 336 G   0.98383 0.01538 0.00077 0.00002 ( 1)
 337 E   0.95542 0.04223 0.00222 0.00013 ( 1)
 338 V   0.00001 0.87999 0.00476 0.11524 ( 2)
 339 G   0.98097 0.01802 0.00098 0.00003 ( 1)
 340 G   0.71400 0.24088 0.04388 0.00124 ( 1)
 341 E   0.95542 0.04223 0.00222 0.00013 ( 1)
 342 L   0.91392 0.08129 0.00436 0.00043 ( 1)
 343 A   0.48812 0.50909 0.00116 0.00163 ( 2)
 344 A   0.95826 0.03954 0.00208 0.00012 ( 1)
 345 S   0.95275 0.04475 0.00235 0.00015 ( 1)
 346 S   0.95275 0.04475 0.00235 0.00015 ( 1)
 347 G   0.97760 0.02127 0.00109 0.00004 ( 1)
 348 V   0.96582 0.03241 0.00169 0.00008 ( 1)
 349 P   0.52552 0.47192 0.00114 0.00142 ( 1)
 350 T   0.97517 0.02357 0.00121 0.00005 ( 1)
 351 P   0.96139 0.03665 0.00187 0.00010 ( 1)
 352 G   0.65923 0.33885 0.00115 0.00076 ( 1)
 353 S   0.44790 0.54865 0.00135 0.00209 ( 2)
 354 A   0.95125 0.04616 0.00244 0.00016 ( 1)
 355 A   0.95829 0.03952 0.00207 0.00012 ( 1)
 356 D   0.05455 0.92856 0.00792 0.00897 ( 2)
 357 S   0.95275 0.04475 0.00235 0.00015 ( 1)
 358 G   0.04004 0.93869 0.00891 0.01236 ( 2)
 359 G   0.98404 0.01517 0.00077 0.00002 ( 1)
 360 H   0.96158 0.03643 0.00189 0.00010 ( 1)
 361 D   0.96262 0.03543 0.00185 0.00010 ( 1)
 362 I   0.96717 0.03114 0.00162 0.00008 ( 1)
 363 I   0.96717 0.03114 0.00162 0.00008 ( 1)
 364 T   0.97454 0.02421 0.00121 0.00005 ( 1)
 365 E   0.95542 0.04223 0.00222 0.00013 ( 1)
 366 Q   0.93346 0.06292 0.00335 0.00027 ( 1)
 367 P   0.96650 0.03177 0.00164 0.00008 ( 1)
 368 R   0.97691 0.02193 0.00112 0.00004 ( 1)
 369 S   0.40522 0.49518 0.09294 0.00666 ( 2)
 370 Q   0.93346 0.06292 0.00335 0.00027 ( 1)
 371 H   0.96137 0.03661 0.00191 0.00010 ( 1)
 372 T   0.97051 0.02798 0.00145 0.00006 ( 1)
 373 L   0.95156 0.04588 0.00241 0.00015 ( 1)
 374 Q   0.93346 0.06292 0.00335 0.00027 ( 1)
 375 T   0.58542 0.41255 0.00100 0.00104 ( 1)
 376 D   0.96262 0.03543 0.00185 0.00010 ( 1)
 377 S   0.97064 0.02782 0.00147 0.00006 ( 1)
 378 V   0.46741 0.52889 0.00183 0.00188 ( 2)
 379 D   0.95805 0.03974 0.00209 0.00012 ( 1)
 380 L   0.91429 0.08099 0.00429 0.00043 ( 1)
 381 T   0.96841 0.03002 0.00150 0.00007 ( 1)
 382 G   0.97821 0.02069 0.00106 0.00004 ( 1)
 383 C   0.46787 0.44414 0.08303 0.00496 ( 1)
 384 D   0.96262 0.03543 0.00185 0.00010 ( 1)
 385 L   0.93301 0.06335 0.00336 0.00027 ( 1)
 386 T   0.00014 0.99106 0.00002 0.00878 ( 2)
 387 S   0.96366 0.03445 0.00180 0.00009 ( 1)
 388 G   0.71108 0.24167 0.04595 0.00129 ( 1)
 389 A   0.95726 0.04039 0.00222 0.00013 ( 1)
 390 T   0.06782 0.91379 0.00967 0.00871 ( 2)
 391 D   0.96187 0.03611 0.00192 0.00010 ( 1)
 392 G   0.97760 0.02127 0.00109 0.00004 ( 1)
 393 D   0.96200 0.03597 0.00193 0.00010 ( 1)
 394 E   0.95542 0.04223 0.00222 0.00013 ( 1)
 395 E   0.95547 0.04217 0.00222 0.00013 ( 1)
 396 D   0.96262 0.03543 0.00185 0.00010 ( 1)
 397 I   0.96717 0.03114 0.00162 0.00008 ( 1)
 398 L   0.93329 0.06307 0.00336 0.00027 ( 1)
 399 S   0.96123 0.03670 0.00196 0.00011 ( 1)
 400 H   0.96205 0.03593 0.00192 0.00010 ( 1)
 401 S   0.96123 0.03670 0.00196 0.00011 ( 1)
 402 S   0.95864 0.03916 0.00209 0.00012 ( 1)
 403 S   0.96123 0.03670 0.00196 0.00011 ( 1)
 404 Q   0.93452 0.06186 0.00335 0.00027 ( 1)
 405 M   0.00012 0.95114 0.00270 0.04605 ( 2)
 406 S   0.96123 0.03670 0.00196 0.00011 ( 1)
 407 A   0.48181 0.43339 0.08018 0.00463 ( 1)
 408 V   0.00014 0.99090 0.00002 0.00895 ( 2)
 409 P   0.97047 0.02782 0.00164 0.00007 ( 1)
 410 S   0.95343 0.04407 0.00235 0.00015 ( 1)
 411 D   0.96330 0.03475 0.00186 0.00010 ( 1)
 412 P   0.96119 0.03675 0.00195 0.00011 ( 1)
 413 A   0.95897 0.03884 0.00207 0.00012 ( 1)
 414 M   0.70139 0.29738 0.00072 0.00052 ( 1)
 415 D   0.96330 0.03475 0.00186 0.00010 ( 1)
 416 L   0.91437 0.08084 0.00436 0.00043 ( 1)
 417 N   0.98631 0.01300 0.00067 0.00002 ( 1)
 418 D   0.95874 0.03905 0.00209 0.00012 ( 1)
 419 G   0.97818 0.02069 0.00109 0.00004 ( 1)
 420 T   0.96768 0.03062 0.00163 0.00008 ( 1)
 421 Q   0.93408 0.06230 0.00335 0.00027 ( 1)
 422 A   0.95897 0.03884 0.00207 0.00012 ( 1)
 423 S   0.95864 0.03916 0.00209 0.00012 ( 1)
 424 S   0.95343 0.04407 0.00235 0.00015 ( 1)
 425 P   0.96688 0.03135 0.00169 0.00008 ( 1)
 426 I   0.96783 0.03048 0.00162 0.00008 ( 1)
 427 S   0.96443 0.03368 0.00180 0.00009 ( 1)
 428 D   0.96330 0.03475 0.00186 0.00010 ( 1)
 429 S   0.96123 0.03670 0.00196 0.00011 ( 1)
 430 S   0.95864 0.03916 0.00209 0.00012 ( 1)
 431 Q   0.93408 0.06230 0.00335 0.00027 ( 1)
 432 T   0.96768 0.03062 0.00163 0.00008 ( 1)
 433 T   0.96768 0.03062 0.00163 0.00008 ( 1)
 434 T   0.96771 0.03059 0.00162 0.00008 ( 1)
 435 E   0.95611 0.04154 0.00223 0.00013 ( 1)
 436 G   0.97819 0.02068 0.00109 0.00004 ( 1)
 437 P   0.96707 0.03119 0.00166 0.00008 ( 1)
 438 D   0.95874 0.03905 0.00209 0.00012 ( 1)
 439 S   0.94380 0.05315 0.00285 0.00020 ( 1)
 440 A   0.95801 0.03970 0.00217 0.00012 ( 1)
 441 V   0.94635 0.05074 0.00272 0.00019 ( 1)
 442 T   0.96768 0.03062 0.00163 0.00008 ( 1)
 443 P   0.96119 0.03675 0.00195 0.00011 ( 1)
 444 S   0.95850 0.03930 0.00209 0.00012 ( 1)
 445 D   0.96330 0.03475 0.00186 0.00010 ( 1)
 446 S   0.96443 0.03368 0.00180 0.00009 ( 1)
 447 S   0.95343 0.04407 0.00235 0.00015 ( 1)
 448 E   0.96180 0.03617 0.00193 0.00010 ( 1)
 449 I   0.96409 0.03401 0.00181 0.00009 ( 1)
 450 V   0.95118 0.04511 0.00351 0.00020 ( 1)
 451 L   0.94231 0.05443 0.00305 0.00022 ( 1)
 452 D   0.95544 0.04202 0.00239 0.00014 ( 1)
 453 G   0.98205 0.01692 0.00100 0.00003 ( 1)
 454 A   0.95525 0.04221 0.00239 0.00014 ( 1)
 455 D   0.95998 0.03775 0.00216 0.00012 ( 1)
 456 S   0.95789 0.03972 0.00227 0.00013 ( 1)
 457 Q   0.93111 0.06497 0.00362 0.00030 ( 1)
 458 Y   0.96450 0.03348 0.00192 0.00009 ( 1)
 459 P   0.50494 0.49186 0.00142 0.00178 ( 1)
 460 G   0.97530 0.02330 0.00135 0.00005 ( 1)
 461 M   0.97722 0.02148 0.00126 0.00004 ( 1)
 462 Q   0.93704 0.05937 0.00333 0.00026 ( 1)
 463 A   0.06245 0.92026 0.00871 0.00859 ( 2)
 464 G   0.65601 0.34234 0.00091 0.00074 ( 1)
 465 Q   0.93111 0.06497 0.00362 0.00030 ( 1)
 466 P   0.03301 0.54829 0.39884 0.01987 ( 2)
 467 Q   0.39673 0.59898 0.00154 0.00275 ( 2)
 468 D   0.95977 0.03795 0.00217 0.00012 ( 1)
 469 E   0.49355 0.50338 0.00131 0.00175 ( 2)
 470 D   0.95976 0.03791 0.00221 0.00012 ( 1)
 471 E   0.95275 0.04456 0.00253 0.00016 ( 1)
 472 D   0.95975 0.03798 0.00216 0.00012 ( 1)
 473 A   0.04041 0.95594 0.00012 0.00353 ( 2)
 474 A   0.94873 0.04835 0.00274 0.00018 ( 1)
 475 A   0.45229 0.54409 0.00145 0.00217 ( 2)
 476 V   0.00313 0.99429 0.00001 0.00258 ( 2)
 477 L   0.94891 0.04819 0.00272 0.00018 ( 1)
 478 P   0.95785 0.03976 0.00226 0.00013 ( 1)
 479 D   0.51121 0.48589 0.00128 0.00162 ( 1)
 480 E   0.95846 0.03918 0.00224 0.00012 ( 1)
 481 D   0.95990 0.03783 0.00216 0.00012 ( 1)
 482 A   0.00001 0.99243 0.00000 0.00756 ( 2)
 483 E   0.95275 0.04456 0.00253 0.00016 ( 1)
 484 A   0.94845 0.04863 0.00274 0.00018 ( 1)
 485 F   0.96525 0.03278 0.00188 0.00009 ( 1)
 486 R   0.96861 0.02960 0.00171 0.00008 ( 1)
 487 N   0.06988 0.51537 0.40388 0.01087 ( 2)
 488 S   0.95009 0.04708 0.00266 0.00017 ( 1)
 489 S   0.95529 0.04218 0.00239 0.00014 ( 1)
 490 I   0.55580 0.44137 0.00151 0.00133 ( 1)
 491 A   0.94876 0.04827 0.00279 0.00018 ( 1)
 492 L   0.94473 0.05193 0.00313 0.00021 ( 1)
 493 Q   0.94568 0.05103 0.00308 0.00021 ( 1)
 494 Q   0.94568 0.05103 0.00308 0.00021 ( 1)
 495 A   0.44956 0.54662 0.00154 0.00228 ( 2)
