Supplemental results for CODEML (seqf: /home/leticiamagpali/phd/evol_models/codeml/big_dataset/cml_align/PCDH15_codon_aligned.phy  treef: /home/leticiamagpali/phd/evol_models/codeml/big_dataset/cml_trees/gene_trees/H1c_gene_trees/PCDH15_tree_H1c.tre)

I	J	ij	2Ns_IJ	pMut_IJ	pSub_IJ	2Ns_JI	pMut_JI	pSub_JI

TTC	TTT	CT	1.11791	0.02632	0.04371	-1.11791	0.08049	0.04371
TTA	TTT	AT	1.52211	0.00411	0.00800	-1.52211	0.01884	0.00800
TTA	TTC	AC	0.40420	0.00579	0.00704	-0.40420	0.00868	0.00704
TTG	TTT	GT	1.35396	0.00680	0.01241	-1.35396	0.02634	0.01241
TTG	TTC	GC	0.23605	0.00958	0.01076	-0.23605	0.01214	0.01076
TTG	TTA	GA	-0.16815	0.03552	0.03262	0.16815	0.03002	0.03262
TCT	TTT	CT	1.52449	0.01753	0.03415	-1.52449	0.08049	0.03415
TCC	TTC	CT	0.68432	0.01871	0.02584	-0.68432	0.03709	0.02584
TCC	TCT	CT	0.27774	0.01871	0.02143	-0.27774	0.02470	0.02143
TCA	TTA	CT	0.21219	0.01865	0.02070	-0.21219	0.02306	0.02070
TCA	TCT	AT	0.20981	0.00469	0.00520	-0.20981	0.00578	0.00520
TCA	TCC	AC	-0.06793	0.00660	0.00638	0.06793	0.00617	0.00638
TCG	TTG	CT	3.11867	0.00169	0.00550	-3.11867	0.03814	0.00550
TCG	TCT	GT	2.94814	0.00042	0.00132	-2.94814	0.00808	0.00132
TCG	TCC	GC	2.67040	0.00060	0.00171	-2.67040	0.00863	0.00171
TCG	TCA	GA	2.73833	0.00221	0.00648	-2.73833	0.03422	0.00648
TAT	TTT	AT	0.28256	0.01420	0.01630	-0.28256	0.01884	0.01630
TAT	TCT	AC	-1.24194	0.02001	0.01009	1.24194	0.00578	0.01009
TAC	TTC	AT	-0.13173	0.00990	0.00926	0.13173	0.00868	0.00926
TAC	TCC	AC	-0.81605	0.01396	0.00903	0.81605	0.00617	0.00903
TAC	TAT	CT	0.70363	0.03941	0.05488	-0.70363	0.07964	0.05488
TGT	TTT	GT	2.77035	0.00165	0.00488	-2.77035	0.02634	0.00488
TGT	TCT	GC	1.24586	0.00232	0.00407	-1.24586	0.00808	0.00407
TGT	TAT	GA	2.48780	0.00862	0.02338	-2.48780	0.10370	0.02338
TGC	TTC	GT	2.00480	0.00163	0.00379	-2.00480	0.01214	0.00379
TGC	TCC	GC	1.32047	0.00230	0.00415	-1.32047	0.00863	0.00415
TGC	TAC	GA	2.13653	0.00854	0.02068	-2.13653	0.07231	0.02068
TGC	TGT	CT	0.35236	0.00650	0.00772	-0.35236	0.00925	0.00772
TGG	TTG	GT	2.95356	0.00065	0.00203	-2.95356	0.01248	0.00203
TGG	TCG	GC	-0.16511	0.00092	0.00084	0.16511	0.00078	0.00084
TGG	TGT	GT	1.53717	0.00065	0.00127	-1.53717	0.00303	0.00127
TGG	TGC	GC	1.18482	0.00092	0.00157	-1.18482	0.00300	0.00157
CTT	TTT	CT	0.62074	0.04327	0.05808	-0.62074	0.08049	0.05808
CTC	TTC	CT	0.14625	0.03204	0.03444	-0.14625	0.03709	0.03444
CTC	CTT	CT	0.64343	0.03204	0.04345	-0.64343	0.06098	0.04345
CTA	TTA	CT	0.09821	0.02090	0.02194	-0.09821	0.02306	0.02194
CTA	CTT	AT	0.99959	0.00525	0.00831	-0.99959	0.01427	0.00831
CTA	CTC	AC	0.35616	0.00740	0.00880	-0.35616	0.01057	0.00880
CTG	TTG	CT	-0.00657	0.03839	0.03826	0.00657	0.03814	0.03826
CTG	CTT	GT	0.72666	0.00965	0.01357	-0.72666	0.01995	0.01357
CTG	CTC	GC	0.08324	0.01360	0.01417	-0.08324	0.01478	0.01417
CTG	CTA	GA	-0.27293	0.05039	0.04382	0.27293	0.03835	0.04382
CCT	TCT	CT	-0.83298	0.05681	0.03640	0.83298	0.02470	0.03640
CCT	CTT	CT	0.07078	0.05681	0.05885	-0.07078	0.06098	0.05885
CCC	TCC	CT	0.75234	0.01243	0.01768	-0.75234	0.02637	0.01768
CCC	CTC	CT	1.29041	0.01243	0.02212	-1.29041	0.04516	0.02212
CCC	CCT	CT	1.86307	0.01243	0.02740	-1.86307	0.08007	0.02740
CCA	TCA	CT	-0.93321	0.06683	0.04043	0.93321	0.02628	0.04043
CCA	CTA	CT	-0.81923	0.06683	0.04315	0.81923	0.02946	0.04315
CCA	CCT	AT	0.10959	0.01679	0.01773	-0.10959	0.01874	0.01773
CCA	CCC	AC	-1.75348	0.02367	0.00869	1.75348	0.00410	0.00869
CCG	TCG	CT	-1.76710	0.01391	0.00506	1.76710	0.00238	0.00506
CCG	CTG	CT	1.35814	0.01391	0.02543	-1.35814	0.05410	0.02543
CCG	CCT	GT	2.01403	0.00350	0.00813	-2.01403	0.02620	0.00813
CCG	CCC	GC	0.15096	0.00493	0.00531	-0.15096	0.00573	0.00531
CCG	CCA	GA	1.90444	0.01826	0.04086	-1.90444	0.12263	0.04086
CAT	TAT	CT	1.32738	0.02112	0.03815	-1.32738	0.07964	0.03815
CAT	CTT	AT	0.98920	0.00531	0.00836	-0.98920	0.01427	0.00836
CAT	CCT	AC	0.91843	0.00748	0.01143	-0.91843	0.01874	0.01143
CAC	TAC	CT	1.59384	0.01128	0.02257	-1.59384	0.05554	0.02257
CAC	CTC	AT	1.31586	0.00284	0.00510	-1.31586	0.01057	0.00510
CAC	CCC	AC	0.02545	0.00400	0.00405	-0.02545	0.00410	0.00405
CAC	CAT	CT	0.97009	0.01128	0.01763	-0.97009	0.02976	0.01763
CAA	CTA	AT	-0.18922	0.00833	0.00757	0.18922	0.00689	0.00757
CAA	CCA	AC	0.63001	0.01174	0.01582	-0.63001	0.02204	0.01582
CAA	CAT	AT	-0.17883	0.00833	0.00761	0.17883	0.00697	0.00761
CAA	CAC	AC	-1.14892	0.01174	0.00626	1.14892	0.00372	0.00626
CAG	CTG	AT	0.33804	0.00903	0.01064	-0.33804	0.01266	0.01064
CAG	CCG	AC	-1.02010	0.01273	0.00732	1.02010	0.00459	0.00732
CAG	CAT	GT	0.07550	0.00903	0.00937	-0.07550	0.00974	0.00937
CAG	CAC	GC	-0.89458	0.01273	0.00787	0.89458	0.00520	0.00787
CAG	CAA	GA	0.25434	0.04716	0.05342	-0.25434	0.06082	0.05342
CGT	TGT	CT	0.02828	0.00899	0.00912	-0.02828	0.00925	0.00912
CGT	CTT	GT	2.17790	0.00226	0.00555	-2.17790	0.01995	0.00555
CGT	CCT	GC	2.10712	0.00319	0.00764	-2.10712	0.02620	0.00764
CGT	CAT	GA	1.18870	0.01180	0.02018	-1.18870	0.03875	0.02018
CGC	TGC	CT	-0.50815	0.01524	0.01169	0.50815	0.00917	0.01169
CGC	CTC	GT	1.35040	0.00383	0.00698	-1.35040	0.01478	0.00698
CGC	CCC	GC	0.05999	0.00540	0.00556	-0.05999	0.00573	0.00556
CGC	CAC	GA	0.03454	0.02000	0.02035	-0.03454	0.02070	0.02035
CGC	CGT	CT	-0.18407	0.01524	0.01388	0.18407	0.01268	0.01388
CGA	CTA	GT	0.91521	0.00386	0.00589	-0.91521	0.00964	0.00589
CGA	CCA	GC	1.73444	0.00544	0.01145	-1.73444	0.03081	0.01145
CGA	CAA	GA	1.10443	0.02016	0.03330	-1.10443	0.06082	0.03330
CGA	CGT	AT	-0.26310	0.00386	0.00337	0.26310	0.00297	0.00337
CGA	CGC	AC	-0.07903	0.00544	0.00523	0.07903	0.00503	0.00523
CGG	TGG	CT	-1.23002	0.01249	0.00634	1.23002	0.00365	0.00634
CGG	CTG	GT	1.73011	0.00314	0.00660	-1.73011	0.01770	0.00660
CGG	CCG	GC	0.37197	0.00442	0.00530	-0.37197	0.00641	0.00530
CGG	CAG	GA	1.39207	0.01639	0.03036	-1.39207	0.06594	0.03036
CGG	CGT	GT	0.27888	0.00314	0.00360	-0.27888	0.00415	0.00360
CGG	CGC	GC	0.46295	0.00442	0.00552	-0.46295	0.00703	0.00552
CGG	CGA	GA	0.54198	0.01639	0.02123	-0.54198	0.02818	0.02123
ATT	TTT	AT	0.20929	0.01528	0.01694	-0.20929	0.01884	0.01694
ATT	CTT	AC	-0.41145	0.02154	0.01741	0.41145	0.01427	0.01741
ATC	TTC	AT	-0.60814	0.01595	0.01159	0.60814	0.00868	0.01159
ATC	CTC	AC	-0.75440	0.02247	0.01505	0.75440	0.01057	0.01505
ATC	ATT	CT	0.30048	0.06346	0.07347	-0.30048	0.08570	0.07347
ATA	TTA	AT	-0.43035	0.00830	0.00664	0.43035	0.00540	0.00664
ATA	CTA	AC	-0.52857	0.01170	0.00888	0.52857	0.00689	0.00888
ATA	ATT	AT	0.88247	0.00830	0.01249	-0.88247	0.02006	0.01249
ATA	ATC	AC	0.58199	0.01170	0.01543	-0.58199	0.02093	0.01543
ATG	TTG	AT	0.00016	0.00892	0.00892	-0.00016	0.00893	0.00892
ATG	CTG	AC	0.00673	0.01258	0.01262	-0.00673	0.01266	0.01262
ATG	ATT	GT	1.14484	0.00892	0.01499	-1.14484	0.02804	0.01499
ATG	ATC	GC	0.84436	0.01258	0.01862	-0.84436	0.02926	0.01862
ATG	ATA	GA	0.26237	0.04661	0.05299	-0.26237	0.06060	0.05299
ACT	TCT	AT	-0.99527	0.01564	0.00913	0.99527	0.00578	0.00913
ACT	CCT	AC	-0.16228	0.02204	0.02030	0.16228	0.01874	0.02030
ACT	ATT	CT	0.31994	0.06223	0.07272	-0.31994	0.08570	0.07272
ACC	TCC	AT	-0.53754	0.01056	0.00798	0.53754	0.00617	0.00798
ACC	CCC	AC	-1.28988	0.01489	0.00729	1.28988	0.00410	0.00729
ACC	ATC	CT	0.75492	0.04204	0.05988	-0.75492	0.08943	0.05988
ACC	ACT	CT	0.73547	0.04204	0.05937	-0.73547	0.08771	0.05937
ACA	TCA	AT	-0.83523	0.01418	0.00907	0.83523	0.00615	0.00907
ACA	CCA	AC	0.09797	0.01998	0.02098	-0.09797	0.02204	0.02098
ACA	ATA	CT	-0.19269	0.05643	0.05117	0.19269	0.04654	0.05117
ACA	ACT	AT	0.36984	0.01418	0.01696	-0.36984	0.02053	0.01696
ACA	ACC	AC	-0.36562	0.01998	0.01655	0.36562	0.01386	0.01655
ACG	TCG	AT	-1.63935	0.00287	0.00113	1.63935	0.00056	0.00113
ACG	CCG	AC	0.12775	0.00404	0.00430	-0.12775	0.00459	0.00430
ACG	ATG	CT	1.47916	0.01140	0.02184	-1.47916	0.05005	0.02184
ACG	ACT	GT	2.30406	0.00287	0.00733	-2.30406	0.02870	0.00733
ACG	ACC	GC	1.56859	0.00404	0.00800	-1.56859	0.01938	0.00800
ACG	ACA	GA	1.93422	0.01497	0.03384	-1.93422	0.10355	0.03384
AAT	TAT	AT	-0.05021	0.01960	0.01911	0.05021	0.01864	0.01911
AAT	CAT	AC	-1.37759	0.02762	0.01283	1.37759	0.00697	0.01283
AAT	ATT	AT	0.02306	0.01960	0.01983	-0.02306	0.02006	0.01983
AAT	ACT	AC	-0.29688	0.02762	0.02372	0.29688	0.02053	0.02372
AAC	TAC	AT	0.45173	0.00827	0.01028	-0.45173	0.01300	0.01028
AAC	CAC	AC	-1.14211	0.01166	0.00624	1.14211	0.00372	0.00624
AAC	ATC	AT	0.92815	0.00827	0.01270	-0.92815	0.02093	0.01270
AAC	ACC	AC	0.17322	0.01166	0.01270	-0.17322	0.01386	0.01270
AAC	AAT	CT	1.20557	0.03292	0.05666	-1.20557	0.10992	0.05666
AAA	CAA	AC	-0.22158	0.01364	0.01219	0.22158	0.01093	0.01219
AAA	ATA	AT	0.11776	0.00968	0.01026	-0.11776	0.01089	0.01026
AAA	ACA	AC	0.31045	0.01364	0.01587	-0.31045	0.01861	0.01587
AAA	AAT	AT	0.97717	0.00968	0.01517	-0.97717	0.02572	0.01517
AAA	AAC	AC	-0.22839	0.01364	0.01215	0.22839	0.01086	0.01215
AAG	CAG	AC	-0.01957	0.01209	0.01197	0.01957	0.01185	0.01197
AAG	ATG	AT	0.31174	0.00858	0.00998	-0.31174	0.01171	0.00998
AAG	ACG	AC	-1.16742	0.01209	0.00637	1.16742	0.00376	0.00637
AAG	AAT	GT	1.43352	0.00858	0.01614	-1.43352	0.03596	0.01614
AAG	AAC	GC	0.22795	0.01209	0.01352	-0.22795	0.01518	0.01352
AAG	AAA	GA	0.45635	0.04479	0.05579	-0.45635	0.07070	0.05579
AGT	TGT	AT	-1.41625	0.00892	0.00405	1.41625	0.00217	0.00405
AGT	CGT	AC	-1.44453	0.01258	0.00561	1.44453	0.00297	0.00561
AGT	ATT	GT	1.14481	0.00892	0.01499	-1.14481	0.02804	0.01499
AGT	ACT	GC	0.82487	0.01258	0.01847	-0.82487	0.02870	0.01847
AGT	AAT	GA	1.12175	0.04661	0.07754	-1.12175	0.14311	0.07754
AGC	TGC	AT	-0.84602	0.00500	0.00318	0.84602	0.00215	0.00318
AGC	CGC	AC	-0.33787	0.00705	0.00592	0.33787	0.00503	0.00592
AGC	ATC	GT	1.76693	0.00500	0.01065	-1.76693	0.02926	0.01065
AGC	ACC	GC	1.01200	0.00705	0.01120	-1.01200	0.01938	0.01120
AGC	AAC	GA	0.83878	0.02611	0.03858	-0.83878	0.06041	0.03858
AGC	AGT	CT	0.92259	0.01989	0.03046	-0.92259	0.05005	0.03046
AGA	CGA	AC	-0.85246	0.01188	0.00753	0.85246	0.00507	0.00753
AGA	ATA	GT	0.59131	0.00843	0.01117	-0.59131	0.01523	0.01117
AGA	ACA	GC	0.78400	0.01188	0.01714	-0.78400	0.02602	0.01714
AGA	AAA	GA	0.47355	0.04403	0.05527	-0.47355	0.07070	0.05527
AGA	AGT	AT	0.32897	0.00843	0.00989	-0.32897	0.01171	0.00989
AGA	AGC	AC	-0.59362	0.01188	0.00870	0.59362	0.00656	0.00870
AGG	TGG	AT	-1.91575	0.00580	0.00192	1.91575	0.00085	0.00192
AGG	CGG	AC	-0.68573	0.00818	0.00569	0.68573	0.00412	0.00569
AGG	ATG	GT	1.03765	0.00580	0.00932	-1.03765	0.01637	0.00932
AGG	ACG	GC	-0.44151	0.00818	0.00650	0.44151	0.00526	0.00650
AGG	AAG	GA	0.72591	0.03030	0.04262	-0.72591	0.06262	0.04262
AGG	AGT	GT	1.03768	0.00580	0.00932	-1.03768	0.01637	0.00932
AGG	AGC	GC	0.11508	0.00818	0.00866	-0.11508	0.00917	0.00866
AGG	AGA	GA	0.70870	0.03030	0.04230	-0.70870	0.06155	0.04230
GTT	TTT	GT	0.56670	0.01494	0.01957	-0.56670	0.02634	0.01957
GTT	CTT	GC	-0.05404	0.02106	0.02049	0.05404	0.01995	0.02049
GTT	ATT	GA	0.35741	0.07805	0.09282	-0.35741	0.11158	0.09282
GTC	TTC	GT	0.29000	0.00908	0.01046	-0.29000	0.01214	0.01046
GTC	CTC	GC	0.14375	0.01280	0.01374	-0.14375	0.01478	0.01374
GTC	ATC	GA	0.89814	0.04743	0.07187	-0.89814	0.11644	0.07187
GTC	GTT	CT	0.84122	0.03614	0.05344	-0.84122	0.08380	0.05344
GTA	TTA	GT	-0.29172	0.01010	0.00870	0.29172	0.00754	0.00870
GTA	CTA	GC	-0.38993	0.01423	0.01164	0.38993	0.00964	0.01164
GTA	ATA	GA	0.13864	0.05275	0.05649	-0.13864	0.06060	0.05649
GTA	GTT	AT	0.66370	0.01010	0.01382	-0.66370	0.01961	0.01382
GTA	GTC	AC	-0.17752	0.01423	0.01301	0.17752	0.01192	0.01301
GTG	TTG	GT	-0.36695	0.01801	0.01491	0.36695	0.01248	0.01491
GTG	CTG	GC	-0.36038	0.02538	0.02108	0.36038	0.01770	0.02108
GTG	ATG	GA	-0.36711	0.09407	0.07785	0.36711	0.06516	0.07785
GTG	GTT	GT	0.42032	0.01801	0.02206	-0.42032	0.02742	0.02206
GTG	GTC	GC	-0.42089	0.02538	0.02041	0.42089	0.01666	0.02041
GTG	GTA	GA	-0.24338	0.09407	0.08308	0.24338	0.07375	0.08308
GCT	TCT	GT	-0.30171	0.01093	0.00936	0.30171	0.00808	0.00936
GCT	CCT	GC	0.53128	0.01540	0.01985	-0.53128	0.02620	0.01985
GCT	ACT	GA	0.69356	0.05707	0.07914	-0.69356	0.11419	0.07914
GCT	GTT	CT	0.65609	0.04348	0.05930	-0.65609	0.08380	0.05930
GCC	TCC	GT	-0.28979	0.01153	0.00994	0.28979	0.00863	0.00994
GCC	CCC	GC	-1.04213	0.01625	0.00922	1.04213	0.00573	0.00922
GCC	ACC	GA	0.24775	0.06021	0.06797	-0.24775	0.07713	0.06797
GCC	GTC	CT	0.10453	0.04587	0.04831	-0.10453	0.05093	0.04831
GCC	GCT	CT	0.28966	0.04587	0.05284	-0.28966	0.06128	0.05284
GCA	TCA	GT	-0.39763	0.01280	0.01042	0.39763	0.00860	0.01042
GCA	CCA	GC	0.53557	0.01804	0.02330	-0.53557	0.03081	0.02330
GCA	ACA	GA	0.43760	0.06685	0.08254	-0.43760	0.10355	0.08254
GCA	GTA	CT	0.10628	0.05093	0.05368	-0.10628	0.05664	0.05368
GCA	GCT	AT	0.11388	0.01280	0.01354	-0.11388	0.01434	0.01354
GCA	GCC	AC	-0.17577	0.01804	0.01650	0.17577	0.01513	0.01650
GCG	TCG	GT	-1.12760	0.00240	0.00130	1.12760	0.00078	0.00130
GCG	CCG	GC	0.63950	0.00338	0.00458	-0.63950	0.00641	0.00458
GCG	ACG	GA	0.51175	0.01254	0.01602	-0.51175	0.02092	0.01602
GCG	GTG	CT	2.35801	0.00956	0.02489	-2.35801	0.10100	0.02489
GCG	GCT	GT	2.12224	0.00240	0.00579	-2.12224	0.02005	0.00579
GCG	GCC	GC	1.83259	0.00338	0.00738	-1.83259	0.02115	0.00738
GCG	GCA	GA	2.00836	0.01254	0.02909	-2.00836	0.09345	0.02909
GAT	TAT	GT	-0.02857	0.02681	0.02643	0.02857	0.02606	0.02643
GAT	CAT	GC	-1.35596	0.03779	0.01779	1.35596	0.00974	0.01779
GAT	AAT	GA	0.02163	0.14005	0.14157	-0.02163	0.14311	0.14157
GAT	GTT	AT	-0.31271	0.02681	0.02284	0.31271	0.01961	0.02284
GAT	GCT	AC	-0.96881	0.03779	0.02239	0.96881	0.01434	0.02239
GAC	TAC	GT	0.25650	0.01406	0.01594	-0.25650	0.01817	0.01594
GAC	CAC	GC	-1.33733	0.01981	0.00943	1.33733	0.00520	0.00943
GAC	AAC	GA	-0.19523	0.07343	0.06650	0.19523	0.06041	0.06650
GAC	GTC	AT	-0.16522	0.01406	0.01293	0.16522	0.01192	0.01293
GAC	GCC	AC	-0.26976	0.01981	0.01726	0.26976	0.01513	0.01726
GAC	GAT	CT	0.98871	0.05595	0.08809	-0.98871	0.15038	0.08809
GAA	CAA	GC	-0.67741	0.03009	0.02104	0.67741	0.01528	0.02104
GAA	AAA	GA	-0.45583	0.11152	0.08803	0.45583	0.07070	0.08803
GAA	GTA	AT	-0.47670	0.02135	0.01667	0.47670	0.01326	0.01667
GAA	GCA	AC	-0.58298	0.03009	0.02217	0.58298	0.01680	0.02217
GAA	GAT	AT	0.49971	0.02135	0.02713	-0.49971	0.03519	0.02713
GAA	GAC	AC	-0.48899	0.03009	0.02333	0.48899	0.01845	0.02333
GAG	CAG	GC	0.07877	0.01531	0.01592	-0.07877	0.01657	0.01592
GAG	AAG	GA	0.09834	0.05676	0.05959	-0.09834	0.06262	0.05959
GAG	GTG	AT	0.77719	0.01087	0.01563	-0.77719	0.02364	0.01563
GAG	GCG	AC	-1.58082	0.01531	0.00627	1.58082	0.00315	0.00627
GAG	GAT	GT	1.51023	0.01087	0.02106	-1.51023	0.04920	0.02106
GAG	GAC	GC	0.52152	0.01531	0.01965	-0.52152	0.02580	0.01965
GAG	GAA	GA	1.01052	0.05676	0.09018	-1.01052	0.15591	0.09018
GGT	TGT	GT	-0.62144	0.00563	0.00406	0.62144	0.00303	0.00406
GGT	CGT	GC	-0.64972	0.00794	0.00564	0.64972	0.00415	0.00564
GGT	AGT	GA	0.79481	0.02943	0.04266	-0.79481	0.06516	0.04266
GGT	GTT	GT	1.58221	0.00563	0.01122	-1.58221	0.02742	0.01122
GGT	GCT	GC	0.92612	0.00794	0.01218	-0.92612	0.02005	0.01218
GGT	GAT	GA	1.89493	0.02943	0.06564	-1.89493	0.19579	0.06564
GGC	TGC	GT	-0.69060	0.00598	0.00415	0.69060	0.00300	0.00415
GGC	CGC	GC	-0.18246	0.00843	0.00769	0.18246	0.00703	0.00769
GGC	AGC	GA	0.15541	0.03125	0.03374	-0.15541	0.03650	0.03374
GGC	GTC	GT	1.02420	0.00598	0.00956	-1.02420	0.01666	0.00956
GGC	GCC	GC	0.91966	0.00843	0.01290	-0.91966	0.02115	0.01290
GGC	GAC	GA	1.18942	0.03125	0.05343	-1.18942	0.10266	0.05343
GGC	GGT	CT	0.28320	0.02381	0.02734	-0.28320	0.03160	0.02734
GGA	CGA	GC	-0.88445	0.01715	0.01067	0.88445	0.00708	0.01067
GGA	AGA	GA	-0.03199	0.06355	0.06254	0.03199	0.06155	0.06254
GGA	GTA	GT	0.42069	0.01217	0.01491	-0.42069	0.01853	0.01491
GGA	GCA	GC	0.31441	0.01715	0.01998	-0.31441	0.02348	0.01998
GGA	GAA	GA	0.89739	0.06355	0.09628	-0.89739	0.15591	0.09628
GGA	GGT	AT	-0.49783	0.01217	0.00939	0.49783	0.00740	0.00939
GGA	GGC	AC	-0.78103	0.01715	0.01131	0.78103	0.00785	0.01131
GGG	TGG	GT	-1.91656	0.00812	0.00268	1.91656	0.00119	0.00268
GGG	CGG	GC	-0.68654	0.01144	0.00796	0.68654	0.00576	0.00796
GGG	AGG	GA	-0.00081	0.04240	0.04238	0.00081	0.04236	0.04238
GGG	GTG	GT	1.40395	0.00812	0.01511	-1.40395	0.03305	0.01511
GGG	GCG	GC	-0.95407	0.01144	0.00684	0.95407	0.00441	0.00684
GGG	GAG	GA	0.62676	0.04240	0.05706	-0.62676	0.07934	0.05706
GGG	GGT	GT	0.24206	0.00812	0.00914	-0.24206	0.01034	0.00914
GGG	GGC	GC	-0.04114	0.01144	0.01121	0.04114	0.01098	0.01121
GGG	GGA	GA	0.73988	0.04240	0.06000	-0.73988	0.08885	0.06000


Histograms
2Ns	FMut	FSub(CodonUsage)	FSubw(after w)

-2.97016	0.00435	0.00075
-2.67315	0.00513	0.00110
-2.37613	0.01731	0.00469
-2.07911	0.02773	0.00967
-1.78210	0.04093	0.01600
-1.48508	0.04867	0.02453
-1.18807	0.06294	0.03741
-0.89105	0.12666	0.08907
-0.59403	0.12130	0.10023
-0.29702	0.14015	0.13741
0.00000	0.13921	0.15828
0.29702	0.10493	0.13741
0.59403	0.06612	0.10023
0.89105	0.05177	0.08907
1.18807	0.01929	0.03741
1.48508	0.01137	0.02453
1.78210	0.00639	0.01600
2.07911	0.00364	0.00967
2.37613	0.00156	0.00469
2.67315	0.00033	0.00110
2.97016	0.00020	0.00075

Proportion of advantageous (S > 0) mutations:
 0.33290

Proportions of good & bad mutations (|S| > 2.0000) among mutations:
0.00462  0.04685

mean |Ns| = 0.76510	mean Ns+ = 0.55316	mean Ns- = -0.87086


MLEs of dN/dS (w) for site classes (K=4)

site class             0        1       2a       2b
proportion       0.34777  0.04478  0.53814  0.06930
background w     0.03868  2.17253  0.03868  2.17253
foreground w     0.03868  2.17253  0.09384  0.09384

Naive Empirical Bayes (NEB) probabilities for 4 classes
(amino acids refer to 1st sequence: Bacu)

   1 G   0.38766 0.00573 0.59259 0.01403 ( 3)
   2 T   0.38070 0.01105 0.58301 0.02524 ( 3)
   3 I   0.00364 0.29002 0.00556 0.70079 ( 4)
   4 L   0.08552 0.26437 0.13150 0.51861 ( 4)
   5 V   0.37287 0.01803 0.57305 0.03605 ( 3)
   6 D   0.37866 0.01278 0.58049 0.02807 ( 3)
   7 N   0.38780 0.00566 0.59106 0.01548 ( 3)
   8 M   0.39121 0.00354 0.59428 0.01097 ( 3)
   9 L   0.36995 0.02085 0.56917 0.04004 ( 3)
  10 I   0.37823 0.01315 0.57996 0.02866 ( 3)
  11 K   0.38832 0.00532 0.59155 0.01482 ( 3)
  12 G   0.38316 0.00906 0.58594 0.02184 ( 3)
  13 T   0.38070 0.01105 0.58301 0.02524 ( 3)
  14 A   0.38561 0.00720 0.58874 0.01845 ( 3)
  15 G   0.38378 0.00858 0.58666 0.02099 ( 3)
  16 G   0.38378 0.00858 0.58666 0.02099 ( 3)
  17 P   0.37256 0.01833 0.57264 0.03647 ( 3)
  18 D   0.00399 0.29034 0.00610 0.69957 ( 4)
  19 P   0.37256 0.01833 0.57264 0.03647 ( 3)
  20 T   0.38256 0.00953 0.58523 0.02268 ( 3)
  21 I   0.39010 0.00419 0.59329 0.01242 ( 3)
  22 E   0.38000 0.01163 0.58216 0.02621 ( 3)
  23 L   0.37810 0.01322 0.57963 0.02906 ( 3)
  24 S   0.38986 0.00433 0.59309 0.01272 ( 3)
  25 L   0.37807 0.01329 0.57977 0.02887 ( 3)
  26 K   0.38577 0.00708 0.58890 0.01824 ( 3)
  27 D   0.38229 0.00975 0.58492 0.02305 ( 3)
  28 N   0.38748 0.00588 0.59090 0.01574 ( 3)
  29 M   0.11412 0.23687 0.17539 0.47362 ( 4)
  30 D   0.37866 0.01278 0.58049 0.02807 ( 3)
  31 Y   0.37193 0.01892 0.57179 0.03737 ( 3)
  32 W   0.39134 0.00346 0.59441 0.01079 ( 3)
  33 V   0.14694 0.17097 0.22408 0.45801 ( 4)
  34 L   0.37019 0.02061 0.56949 0.03972 ( 3)
  35 L   0.37005 0.02073 0.56931 0.03991 ( 3)
  36 D   0.37866 0.01278 0.58049 0.02807 ( 3)
  37 P   0.37543 0.01565 0.57640 0.03252 ( 3)
  38 V   0.38181 0.01014 0.58435 0.02370 ( 3)
  39 K   0.38840 0.00526 0.59167 0.01467 ( 3)
  40 Q   0.37810 0.01326 0.57980 0.02884 ( 3)
  41 M   0.39121 0.00354 0.59428 0.01097 ( 3)
  42 L   0.38228 0.00976 0.58494 0.02302 ( 3)
  43 F   0.38416 0.00828 0.58711 0.02045 ( 3)
  44 L   0.36995 0.02085 0.56917 0.04004 ( 3)
  45 N   0.38780 0.00566 0.59106 0.01548 ( 3)
  46 S   0.39033 0.00405 0.59351 0.01211 ( 3)
  47 T   0.38663 0.00647 0.58988 0.01703 ( 3)
  48 G   0.38723 0.00605 0.59043 0.01629 ( 3)
  49 R   0.38661 0.00649 0.58981 0.01710 ( 3)
  50 V   0.38181 0.01014 0.58435 0.02370 ( 3)
  51 L   0.36995 0.02085 0.56917 0.04004 ( 3)
  52 D   0.37867 0.01277 0.58050 0.02806 ( 3)
  53 R   0.38661 0.00649 0.58981 0.01710 ( 3)
  54 D   0.37866 0.01278 0.58049 0.02807 ( 3)
  55 P   0.37301 0.01773 0.57287 0.03639 ( 3)
  56 P   0.37275 0.01823 0.57310 0.03591 ( 3)
  57 M   0.39107 0.00359 0.59452 0.01082 ( 3)
  58 N   0.38769 0.00573 0.59127 0.01531 ( 3)
  59 I   0.38997 0.00425 0.59352 0.01226 ( 3)
  60 H   0.39306 0.00252 0.59612 0.00831 ( 3)
  61 S   0.38266 0.00949 0.58562 0.02224 ( 3)
  62 I   0.37821 0.01322 0.58010 0.02847 ( 3)
  63 V   0.37284 0.01813 0.57316 0.03587 ( 3)
  64 V   0.38285 0.00933 0.58584 0.02198 ( 3)
  65 Q   0.37642 0.01476 0.57770 0.03112 ( 3)
  66 V   0.38174 0.01023 0.58452 0.02351 ( 3)
  67 Q   0.37459 0.01649 0.57547 0.03345 ( 3)
  68 C   0.39368 0.00222 0.59655 0.00755 ( 3)
  69 I   0.37818 0.01325 0.58010 0.02847 ( 3)
  70 N   0.38769 0.00573 0.59127 0.01531 ( 3)
  71 K   0.38829 0.00533 0.59188 0.01450 ( 3)
  72 K   0.38829 0.00533 0.59188 0.01450 ( 3)
  73 V   0.37284 0.01813 0.57316 0.03587 ( 3)
  74 G   0.39057 0.00390 0.59391 0.01162 ( 3)
  75 T   0.38066 0.01112 0.58321 0.02501 ( 3)
  76 V   0.38174 0.01023 0.58452 0.02351 ( 3)
  77 I   0.37821 0.01322 0.58015 0.02842 ( 3)
  78 Y   0.37180 0.01912 0.57178 0.03730 ( 3)
  79 H   0.38991 0.00429 0.59347 0.01234 ( 3)
  80 E   0.37995 0.01173 0.58231 0.02602 ( 3)
  81 V   0.38174 0.01023 0.58452 0.02351 ( 3)
  82 R   0.38269 0.00946 0.58566 0.02219 ( 3)
  83 I   0.37862 0.01278 0.58032 0.02828 ( 3)
  84 V   0.00133 0.33658 0.00205 0.66004 ( 4)
  85 V   0.37284 0.01813 0.57316 0.03587 ( 3)
  86 R   0.38651 0.00656 0.59001 0.01692 ( 3)
  87 D   0.38212 0.00992 0.58493 0.02304 ( 3)
  88 R   0.38651 0.00656 0.59001 0.01692 ( 3)
  89 N   0.38351 0.00881 0.58661 0.02106 ( 3)
  90 D   0.38222 0.00984 0.58508 0.02286 ( 3)
  91 N   0.38769 0.00573 0.59127 0.01531 ( 3)
  92 S   0.38418 0.00829 0.58741 0.02012 ( 3)
  93 P   0.38793 0.00557 0.59152 0.01498 ( 3)
  94 T   0.38007 0.01162 0.58247 0.02584 ( 3)
  95 F   0.38408 0.00837 0.58729 0.02027 ( 3)
  96 K   0.38568 0.00716 0.58910 0.01806 ( 3)
  97 H   0.38990 0.00429 0.59347 0.01234 ( 3)
  98 E   0.37995 0.01173 0.58231 0.02602 ( 3)
  99 N   0.19962 0.12705 0.30375 0.36958 ( 4)
 100 Y   0.37180 0.01912 0.57178 0.03730 ( 3)
 101 Y   0.09309 0.25861 0.14315 0.50515 ( 4)
 102 A   0.00981 0.89797 0.08842 0.00380 ( 2)
 103 T   0.38007 0.01162 0.58247 0.02584 ( 3)
 104 V   0.37284 0.01813 0.57316 0.03587 ( 3)
 105 N   0.38351 0.00881 0.58661 0.02106 ( 3)
 106 E   0.38496 0.00770 0.58828 0.01906 ( 3)
 107 L   0.37677 0.01442 0.57805 0.03076 ( 3)
 108 T   0.37989 0.01171 0.58195 0.02646 ( 3)
 109 P   0.37181 0.01901 0.57161 0.03757 ( 3)
 110 V   0.38101 0.01078 0.58330 0.02491 ( 3)
 111 G   0.38656 0.00652 0.58965 0.01728 ( 3)
 112 T   0.38180 0.01013 0.58424 0.02383 ( 3)
 113 T   0.37933 0.01219 0.58125 0.02724 ( 3)
 114 V   0.01057 0.86112 0.03924 0.08906 ( 2)
 115 F   0.37638 0.01477 0.57755 0.03130 ( 3)
 116 T   0.37952 0.01203 0.58155 0.02690 ( 3)
 117 G   0.38298 0.00919 0.58565 0.02218 ( 3)
 118 F   0.37638 0.01477 0.57755 0.03130 ( 3)
 119 S   0.38347 0.00880 0.58623 0.02150 ( 3)
 120 G   0.38298 0.00919 0.58565 0.02218 ( 3)
 121 D   0.38149 0.01039 0.58387 0.02425 ( 3)
 122 N   0.38279 0.00934 0.58542 0.02245 ( 3)
 123 G   0.38298 0.00919 0.58565 0.02218 ( 3)
 124 A   0.38484 0.00776 0.58777 0.01962 ( 3)
 125 T   0.37933 0.01219 0.58125 0.02724 ( 3)
 126 D   0.38149 0.01039 0.58387 0.02425 ( 3)
 127 I   0.38940 0.00463 0.59252 0.01345 ( 3)
 128 D   0.37786 0.01346 0.57942 0.02927 ( 3)
 129 D   0.37786 0.01346 0.57942 0.02927 ( 3)
 130 G   0.38656 0.00652 0.58965 0.01728 ( 3)
 131 P   0.37181 0.01901 0.57161 0.03757 ( 3)
 132 N   0.38279 0.00934 0.58542 0.02245 ( 3)
 133 G   0.38298 0.00919 0.58565 0.02218 ( 3)
 134 Q   0.37385 0.01708 0.57429 0.03478 ( 3)
 135 I   0.38940 0.00463 0.59252 0.01345 ( 3)
 136 E   0.37920 0.01229 0.58109 0.02742 ( 3)
 137 Y   0.37212 0.01872 0.57201 0.03715 ( 3)
 138 V   0.38101 0.01078 0.58330 0.02491 ( 3)
 139 I   0.38247 0.00959 0.58505 0.02289 ( 3)
 140 Q   0.37676 0.01453 0.57831 0.03040 ( 3)
 141 Y   0.37212 0.01872 0.57201 0.03715 ( 3)
 142 N   0.38279 0.00934 0.58542 0.02245 ( 3)
 143 P   0.37181 0.01901 0.57161 0.03757 ( 3)
 144 D   0.37786 0.01346 0.57942 0.02927 ( 3)
 145 D   0.37788 0.01344 0.57941 0.02927 ( 3)
 146 P   0.38069 0.01104 0.58292 0.02535 ( 3)
 147 T   0.37652 0.01470 0.57787 0.03091 ( 3)
 148 S   0.37996 0.01174 0.58248 0.02582 ( 3)
 149 N   0.38081 0.01102 0.58352 0.02464 ( 3)
 150 D   0.12128 0.21784 0.18596 0.47492 ( 4)
 151 T   0.37955 0.01213 0.58214 0.02617 ( 3)
 152 F   0.37451 0.01660 0.57548 0.03341 ( 3)
 153 E   0.00005 0.31949 0.00008 0.68039 ( 4)
 154 I   0.37767 0.01379 0.57979 0.02875 ( 3)
 155 P   0.38479 0.00786 0.58868 0.01867 ( 3)
 156 L   0.11943 0.22289 0.18332 0.47436 ( 4)
 157 M   0.38865 0.00509 0.59244 0.01382 ( 3)
 158 L   0.36788 0.02302 0.56657 0.04254 ( 3)
 159 T   0.37967 0.01201 0.58217 0.02616 ( 3)
 160 G   0.38101 0.01086 0.58376 0.02437 ( 3)
 161 N   0.00314 0.31078 0.00482 0.68125 ( 4)
 162 V   0.38015 0.01158 0.58271 0.02556 ( 3)
 163 V   0.37044 0.02048 0.57005 0.03902 ( 3)
 164 L   0.37538 0.01580 0.57663 0.03219 ( 3)
 165 R   0.38504 0.00765 0.58856 0.01875 ( 3)
 166 K   0.38302 0.00922 0.58620 0.02156 ( 3)
 167 R   0.38504 0.00765 0.58856 0.01875 ( 3)
 168 L   0.37486 0.01628 0.57594 0.03292 ( 3)
 169 N   0.38510 0.00761 0.58862 0.01868 ( 3)
 170 Y   0.36947 0.02144 0.56874 0.04036 ( 3)
 171 E   0.37726 0.01410 0.57905 0.02959 ( 3)
 172 D   0.37943 0.01219 0.58180 0.02658 ( 3)
 173 K   0.38302 0.00922 0.58620 0.02156 ( 3)
 174 T   0.37794 0.01349 0.57993 0.02864 ( 3)
 175 R   0.37911 0.01247 0.58141 0.02701 ( 3)
 176 Y   0.36942 0.02149 0.56865 0.04044 ( 3)
 177 F   0.37451 0.01660 0.57548 0.03341 ( 3)
 178 V   0.38270 0.00947 0.58581 0.02202 ( 3)
 179 I   0.37553 0.01566 0.57681 0.03200 ( 3)
 180 I   0.37553 0.01566 0.57681 0.03200 ( 3)
 181 Q   0.37541 0.01577 0.57665 0.03216 ( 3)
 182 A   0.38286 0.00934 0.58602 0.02178 ( 3)
 183 N   0.38072 0.01112 0.58352 0.02464 ( 3)
 184 D   0.38134 0.01053 0.58387 0.02425 ( 3)
 185 R   0.38949 0.00457 0.59250 0.01344 ( 3)
 186 A   0.38281 0.00931 0.58536 0.02252 ( 3)
 187 Q   0.37736 0.01387 0.57873 0.03003 ( 3)
 188 N   0.38645 0.00661 0.58995 0.01699 ( 3)
 189 L   0.36928 0.02145 0.56819 0.04109 ( 3)
 190 N   0.38295 0.00918 0.58541 0.02245 ( 3)
 191 E   0.37935 0.01213 0.58111 0.02742 ( 3)
 192 R   0.38435 0.00812 0.58713 0.02040 ( 3)
 193 R   0.15823 0.23079 0.58727 0.02371 ( 3)
 194 T   0.38200 0.00994 0.58430 0.02376 ( 3)
 195 T   0.38004 0.01154 0.58196 0.02646 ( 3)
 196 T   0.38200 0.00994 0.58430 0.02376 ( 3)
 197 T   0.38207 0.00988 0.58438 0.02366 ( 3)
 198 T   0.38200 0.00994 0.58430 0.02376 ( 3)
 199 L   0.37688 0.01427 0.57804 0.03081 ( 3)
 200 T   0.37948 0.01202 0.58127 0.02724 ( 3)
 201 V   0.37226 0.01853 0.57206 0.03715 ( 3)
 202 D   0.37800 0.01328 0.57944 0.02927 ( 3)
 203 V   0.38119 0.01060 0.58335 0.02487 ( 3)
 204 L   0.38061 0.01106 0.58266 0.02566 ( 3)
 205 D   0.37803 0.01327 0.57943 0.02927 ( 3)
 206 G   0.38315 0.00903 0.58564 0.02218 ( 3)
 207 D   0.37800 0.01328 0.57944 0.02927 ( 3)
 208 D   0.38164 0.01023 0.58387 0.02425 ( 3)
 209 L   0.36936 0.02134 0.56824 0.04106 ( 3)
 210 G   0.39052 0.00396 0.59329 0.01223 ( 3)
 211 P   0.37194 0.01884 0.57165 0.03757 ( 3)
 212 M   0.20742 0.11600 0.31503 0.36156 ( 4)
 213 F   0.37652 0.01460 0.57758 0.03131 ( 3)
 214 L   0.38165 0.01022 0.58390 0.02423 ( 3)
 215 P   0.37479 0.01617 0.57537 0.03368 ( 3)
 216 C   0.39385 0.00223 0.59585 0.00807 ( 3)
 217 V   0.16709 0.19273 0.61920 0.02098 ( 3)
 218 L   0.38159 0.01027 0.58382 0.02432 ( 3)
 219 V   0.37225 0.01854 0.57206 0.03715 ( 3)
 220 P   0.37194 0.01884 0.57165 0.03757 ( 3)
 221 N   0.38724 0.00604 0.59013 0.01659 ( 3)
 222 T   0.38004 0.01154 0.58196 0.02646 ( 3)
 223 H   0.19488 0.12788 0.29636 0.38088 ( 4)
 224 D   0.37869 0.01274 0.58049 0.02808 ( 3)
 225 C   0.39385 0.00223 0.59585 0.00807 ( 3)
 226 R   0.00007 0.29843 0.00010 0.70140 ( 4)
 227 P   0.37194 0.01884 0.57165 0.03757 ( 3)
 228 L   0.14202 0.30122 0.52843 0.02833 ( 3)
 229 T   0.38200 0.00994 0.58430 0.02376 ( 3)
 230 Y   0.37224 0.01854 0.57206 0.03716 ( 3)
 231 Q   0.37744 0.01378 0.57875 0.03003 ( 3)
 232 A   0.38501 0.00762 0.58775 0.01962 ( 3)
 233 A   0.38014 0.01146 0.58208 0.02632 ( 3)
 234 I   0.38959 0.00452 0.59244 0.01345 ( 3)
 235 P   0.10175 0.24064 0.15621 0.50140 ( 4)
 236 E   0.38443 0.00805 0.58709 0.02042 ( 3)
 237 L   0.36958 0.02112 0.56854 0.04076 ( 3)
 238 R   0.00011 0.89188 0.00040 0.10762 ( 2)
 239 T   0.38004 0.01154 0.58196 0.02646 ( 3)
 240 P   0.38084 0.01088 0.58293 0.02535 ( 3)
 241 E   0.37980 0.01188 0.58230 0.02601 ( 3)
 242 E   0.37980 0.01188 0.58230 0.02601 ( 3)
 243 L   0.12192 0.39097 0.45530 0.03181 ( 3)
 244 N   0.38752 0.00585 0.59132 0.01531 ( 3)
 245 P   0.38775 0.00569 0.59158 0.01499 ( 3)
 246 I   0.11454 0.22727 0.17576 0.48243 ( 4)
 247 I   0.38302 0.00922 0.58623 0.02152 ( 3)
 248 V   0.38159 0.01038 0.58451 0.02351 ( 3)
 249 T   0.38241 0.00971 0.58551 0.02237 ( 3)
 250 P   0.37241 0.01859 0.57271 0.03629 ( 3)
 251 A   0.00000 0.30983 0.00000 0.69016 ( 4)
 252 I   0.37843 0.01310 0.58065 0.02783 ( 3)
 253 Q   0.00293 0.31610 0.00450 0.67646 ( 4)
 254 A   0.00331 0.30783 0.00507 0.68379 ( 4)
 255 I   0.00007 0.29981 0.00011 0.70002 ( 4)
 256 D   0.37817 0.01328 0.58016 0.02839 ( 3)
 257 Q   0.00004 0.33241 0.00007 0.66748 ( 4)
 258 D   0.38207 0.00999 0.58509 0.02286 ( 3)
 259 R   0.38488 0.00777 0.58841 0.01893 ( 3)
 260 N   0.38335 0.00896 0.58663 0.02106 ( 3)
 261 I   0.38304 0.00921 0.58625 0.02150 ( 3)
 262 Q   0.37446 0.01666 0.57544 0.03345 ( 3)
 263 P   0.37705 0.01440 0.57917 0.02938 ( 3)
 264 P   0.37241 0.01859 0.57271 0.03629 ( 3)
 265 S   0.38402 0.00843 0.58743 0.02012 ( 3)
 266 D   0.37847 0.01304 0.58062 0.02788 ( 3)
 267 R   0.38747 0.00589 0.59127 0.01538 ( 3)
 268 P   0.37241 0.01859 0.57271 0.03629 ( 3)
 269 G   0.38703 0.00619 0.59080 0.01597 ( 3)
 270 I   0.37804 0.01341 0.58008 0.02847 ( 3)
 271 L   0.37735 0.01402 0.57920 0.02942 ( 3)
 272 Y   0.37272 0.01830 0.57312 0.03587 ( 3)
 273 S   0.38250 0.00964 0.58562 0.02224 ( 3)
 274 I   0.37804 0.01341 0.58008 0.02847 ( 3)
 275 L   0.38208 0.00998 0.58511 0.02283 ( 3)
 276 V   0.38146 0.01048 0.58432 0.02374 ( 3)
 277 G   0.38175 0.01026 0.58481 0.02317 ( 3)
 278 T   0.38022 0.01155 0.58295 0.02527 ( 3)
 279 P   0.37504 0.01615 0.57627 0.03255 ( 3)
 280 E   0.38455 0.00803 0.58814 0.01928 ( 3)
 281 D   0.37823 0.01327 0.58041 0.02809 ( 3)
 282 Y   0.37148 0.01951 0.57153 0.03748 ( 3)
 283 P   0.37220 0.01882 0.57249 0.03649 ( 3)
 284 R   0.38230 0.00982 0.58549 0.02240 ( 3)
 285 F   0.37678 0.01456 0.57854 0.03012 ( 3)
 286 F   0.37676 0.01458 0.57852 0.03014 ( 3)
 287 H   0.38948 0.00453 0.59347 0.01252 ( 3)
 288 M   0.39064 0.00382 0.59455 0.01100 ( 3)
 289 H   0.38948 0.00453 0.59347 0.01252 ( 3)
 290 P   0.37602 0.01552 0.57837 0.03008 ( 3)
 291 R   0.38722 0.00606 0.59114 0.01558 ( 3)
 292 T   0.38025 0.01152 0.58296 0.02527 ( 3)
 293 A   0.38306 0.00920 0.58639 0.02135 ( 3)
 294 E   0.37956 0.01211 0.58209 0.02624 ( 3)
 295 L   0.38184 0.01019 0.58492 0.02305 ( 3)
 296 S   0.38692 0.00627 0.59081 0.01600 ( 3)
 297 L   0.37712 0.01425 0.57899 0.02964 ( 3)
 298 L   0.36967 0.02125 0.56903 0.04005 ( 3)
 299 E   0.01310 0.86515 0.11789 0.00386 ( 2)
 300 P   0.37220 0.01882 0.57249 0.03649 ( 3)
 301 V   0.38245 0.00969 0.58566 0.02219 ( 3)
 302 N   0.38311 0.00916 0.58645 0.02128 ( 3)
 303 R   0.17190 0.17236 0.63724 0.01851 ( 3)
 304 D   0.38179 0.01023 0.58484 0.02314 ( 3)
 305 F   0.37676 0.01458 0.57852 0.03014 ( 3)
 306 H   0.39261 0.00270 0.59623 0.00846 ( 3)
 307 Q   0.37424 0.01689 0.57521 0.03366 ( 3)
 308 K   0.38527 0.00748 0.58897 0.01827 ( 3)
 309 F   0.37676 0.01458 0.57852 0.03014 ( 3)
 310 D   0.37823 0.01327 0.58041 0.02809 ( 3)
 311 L   0.36984 0.02111 0.56931 0.03973 ( 3)
 312 V   0.15525 0.24405 0.57725 0.02345 ( 3)
 313 I   0.38275 0.00946 0.58606 0.02174 ( 3)
 314 K   0.38527 0.00748 0.58897 0.01827 ( 3)
 315 A   0.38634 0.00668 0.58977 0.01721 ( 3)
 316 E   0.38079 0.01101 0.58331 0.02489 ( 3)
 317 Q   0.37539 0.01574 0.57649 0.03238 ( 3)
 318 D   0.38306 0.00917 0.58604 0.02174 ( 3)
 319 N   0.38434 0.00817 0.58753 0.01996 ( 3)
 320 G   0.39158 0.00331 0.59490 0.01021 ( 3)
 321 H   0.39065 0.00384 0.59410 0.01141 ( 3)
 322 P   0.37621 0.01500 0.57755 0.03125 ( 3)
 323 L   0.38307 0.00916 0.58606 0.02172 ( 3)
 324 P   0.37621 0.01500 0.57755 0.03125 ( 3)
 325 A   0.38634 0.00668 0.58977 0.01721 ( 3)
 326 F   0.37795 0.01344 0.57979 0.02882 ( 3)
 327 A   0.38167 0.01029 0.58441 0.02364 ( 3)
 328 S   0.17922 0.14120 0.66284 0.01674 ( 3)
 329 L   0.37065 0.02021 0.57023 0.03890 ( 3)
 330 H   0.39065 0.00384 0.59410 0.01141 ( 3)
 331 I   0.38402 0.00841 0.58717 0.02040 ( 3)
 332 E   0.38079 0.01101 0.58331 0.02489 ( 3)
 333 I   0.39071 0.00381 0.59414 0.01134 ( 3)
 334 L   0.37065 0.02021 0.57023 0.03890 ( 3)
 335 D   0.37944 0.01215 0.58165 0.02676 ( 3)
 336 E   0.00350 0.29812 0.00536 0.69301 ( 4)
 337 N   0.38848 0.00520 0.59202 0.01430 ( 3)
 338 N   0.38434 0.00817 0.58753 0.01996 ( 3)
 339 Q   0.37539 0.01574 0.57649 0.03238 ( 3)
 340 S   0.39094 0.00367 0.59435 0.01104 ( 3)
 341 P   0.37347 0.01745 0.57381 0.03527 ( 3)
 342 Y   0.37362 0.01738 0.57417 0.03483 ( 3)
 343 F   0.38490 0.00774 0.58819 0.01917 ( 3)
 344 T   0.38091 0.01091 0.58347 0.02472 ( 3)
 345 M   0.39179 0.00319 0.59506 0.00995 ( 3)
 346 P   0.38871 0.00505 0.59226 0.01398 ( 3)
 347 S   0.38813 0.00544 0.59166 0.01477 ( 3)
 348 Y   0.37362 0.01738 0.57417 0.03483 ( 3)
 349 Q   0.37888 0.01263 0.58096 0.02753 ( 3)
 350 G   0.38797 0.00555 0.59152 0.01497 ( 3)
 351 Y   0.37361 0.01739 0.57417 0.03483 ( 3)
 352 I   0.38402 0.00841 0.58717 0.02040 ( 3)
 353 L   0.37065 0.02021 0.57023 0.03890 ( 3)
 354 E   0.38079 0.01101 0.58331 0.02489 ( 3)
 355 S   0.39048 0.00394 0.59395 0.01163 ( 3)
 356 A   0.15562 0.24234 0.57831 0.02373 ( 3)
 357 P   0.37596 0.01509 0.57687 0.03208 ( 3)
 358 V   0.37436 0.01675 0.57531 0.03357 ( 3)
 359 G   0.38453 0.00802 0.58775 0.01970 ( 3)
 360 A   0.01230 0.85341 0.04562 0.08867 ( 2)
 361 T   0.38148 0.01044 0.58415 0.02393 ( 3)
 362 I   0.38402 0.00841 0.58717 0.02040 ( 3)
 363 S   0.39048 0.00394 0.59395 0.01163 ( 3)
 364 D   0.16121 0.21808 0.59842 0.02229 ( 3)
 365 S   0.38813 0.00544 0.59166 0.01477 ( 3)
 366 V   0.00348 0.25677 0.00529 0.73446 ( 4)
 367 N   0.38434 0.00817 0.58753 0.01996 ( 3)
 368 L   0.37089 0.01999 0.57055 0.03857 ( 3)
 369 T   0.38340 0.00889 0.58645 0.02125 ( 3)
 370 T   0.15597 0.17058 0.23815 0.43531 ( 4)
 371 P   0.37621 0.01500 0.57755 0.03125 ( 3)
 372 L   0.38203 0.00999 0.58485 0.02314 ( 3)
 373 R   0.17710 0.14917 0.27002 0.40371 ( 4)
 374 I   0.38402 0.00841 0.58717 0.02040 ( 3)
 375 V   0.38374 0.00863 0.58679 0.02085 ( 3)
 376 A   0.00022 0.90590 0.00081 0.09307 ( 2)
 377 L   0.37065 0.02023 0.57021 0.03891 ( 3)
 378 D   0.38306 0.00917 0.58604 0.02174 ( 3)
 379 K   0.38649 0.00657 0.58994 0.01700 ( 3)
 380 D   0.37944 0.01215 0.58165 0.02676 ( 3)
 381 I   0.13974 0.17025 0.21284 0.47718 ( 4)
 382 E   0.38079 0.01101 0.58331 0.02489 ( 3)
 383 D   0.37868 0.01275 0.58047 0.02810 ( 3)
 384 T   0.15849 0.17727 0.24245 0.42179 ( 4)
 385 K   0.38741 0.00592 0.59196 0.01471 ( 3)
 386 D   0.38127 0.01077 0.58471 0.02325 ( 3)
 387 P   0.37191 0.01924 0.57240 0.03645 ( 3)
 388 E   0.38413 0.00840 0.58819 0.01928 ( 3)
 389 L   0.38144 0.01060 0.58491 0.02305 ( 3)
 390 H   0.39208 0.00290 0.59655 0.00847 ( 3)
 391 L   0.38144 0.01060 0.58491 0.02305 ( 3)
 392 F   0.37641 0.01501 0.57843 0.03014 ( 3)
 393 L   0.36934 0.02175 0.56887 0.04004 ( 3)
 394 N   0.38270 0.00955 0.58646 0.02128 ( 3)
 395 D   0.37787 0.01370 0.58034 0.02809 ( 3)
 396 Y   0.37218 0.01898 0.57275 0.03609 ( 3)
 397 T   0.37988 0.01193 0.58294 0.02525 ( 3)
 398 S   0.38337 0.00901 0.58729 0.02034 ( 3)
 399 V   0.38456 0.00806 0.58871 0.01866 ( 3)
 400 F   0.38326 0.00909 0.58716 0.02048 ( 3)
 401 T   0.37993 0.01188 0.58298 0.02521 ( 3)
 402 V   0.14538 0.19649 0.22282 0.43530 ( 4)
 403 T   0.38574 0.00715 0.59009 0.01702 ( 3)
 404 Q   0.09724 0.25606 0.14956 0.49715 ( 4)
 405 T   0.37985 0.01195 0.58290 0.02530 ( 3)
 406 G   0.38285 0.00943 0.58664 0.02108 ( 3)
 407 I   0.37741 0.01411 0.57974 0.02874 ( 3)
 408 T   0.37983 0.01197 0.58287 0.02533 ( 3)
 409 R   0.38106 0.01092 0.58444 0.02358 ( 3)
 410 Y   0.37114 0.01998 0.57134 0.03754 ( 3)
 411 L   0.37674 0.01472 0.57885 0.02970 ( 3)
 412 T   0.38174 0.01035 0.58527 0.02265 ( 3)
 413 L   0.37726 0.01424 0.57955 0.02895 ( 3)
 414 L   0.38141 0.01062 0.58486 0.02311 ( 3)
 415 Q   0.37729 0.01422 0.57958 0.02892 ( 3)
 416 P   0.37186 0.01929 0.57231 0.03654 ( 3)
 417 V   0.37216 0.01900 0.57273 0.03612 ( 3)
 418 D   0.38139 0.01064 0.58483 0.02314 ( 3)
 419 R   0.38674 0.00640 0.59121 0.01564 ( 3)
 420 E   0.37915 0.01256 0.58199 0.02629 ( 3)
 421 E   0.37915 0.01256 0.58199 0.02629 ( 3)
 422 Q   0.37388 0.01736 0.57505 0.03371 ( 3)
 423 Q   0.37729 0.01422 0.57958 0.02892 ( 3)
 424 T   0.37983 0.01197 0.58287 0.02533 ( 3)
 425 Y   0.37114 0.01998 0.57134 0.03754 ( 3)
 426 T   0.12319 0.21948 0.18900 0.46832 ( 4)
 427 F   0.37638 0.01504 0.57838 0.03020 ( 3)
 428 S   0.39375 0.00202 0.59786 0.00637 ( 3)
 429 I   0.39071 0.00381 0.59414 0.01134 ( 3)
 430 T   0.38739 0.00594 0.59090 0.01577 ( 3)
 431 A   0.38429 0.00821 0.58748 0.02003 ( 3)
 432 F   0.37795 0.01344 0.57979 0.02882 ( 3)
 433 D   0.37944 0.01215 0.58165 0.02676 ( 3)
 434 G   0.39158 0.00331 0.59490 0.01021 ( 3)
 435 V   0.38258 0.00954 0.58548 0.02240 ( 3)
 436 Q   0.37888 0.01263 0.58096 0.02753 ( 3)
 437 E   0.38081 0.01099 0.58334 0.02485 ( 3)
 438 S   0.38813 0.00544 0.59166 0.01477 ( 3)
 439 E   0.38528 0.00745 0.58840 0.01887 ( 3)
 440 T   0.09480 0.25361 0.14571 0.50588 ( 4)
 441 I   0.00380 0.29592 0.00581 0.69447 ( 4)
 442 I   0.00373 0.29138 0.00571 0.69919 ( 4)
 443 V   0.38621 0.00677 0.58964 0.01738 ( 3)
 444 N   0.38434 0.00817 0.58753 0.01996 ( 3)
 445 I   0.38402 0.00841 0.58717 0.02040 ( 3)
 446 R   0.38586 0.00703 0.58925 0.01786 ( 3)
 447 V   0.37371 0.01731 0.57430 0.03468 ( 3)
 448 M   0.39179 0.00319 0.59506 0.00995 ( 3)
 449 D   0.37944 0.01215 0.58165 0.02676 ( 3)
 450 A   0.38431 0.00819 0.58747 0.02003 ( 3)
 451 N   0.38724 0.00604 0.59148 0.01524 ( 3)
 452 D   0.37944 0.01215 0.58165 0.02676 ( 3)
 453 N   0.38848 0.00520 0.59202 0.01430 ( 3)
 454 T   0.38152 0.01041 0.58422 0.02385 ( 3)
 455 P   0.37330 0.01768 0.57376 0.03526 ( 3)
 456 T   0.38321 0.00904 0.58623 0.02152 ( 3)
 457 F   0.38490 0.00774 0.58819 0.01917 ( 3)
 458 P   0.37621 0.01500 0.57755 0.03125 ( 3)
 459 E   0.38079 0.01101 0.58331 0.02489 ( 3)
 460 I   0.39071 0.00381 0.59414 0.01134 ( 3)
 461 S   0.38410 0.00837 0.58749 0.02005 ( 3)
 462 Y   0.37362 0.01738 0.57417 0.03483 ( 3)
 463 D   0.37944 0.01215 0.58165 0.02676 ( 3)
 464 V   0.38621 0.00677 0.58964 0.01738 ( 3)
 465 Y   0.09828 0.24673 0.15096 0.50403 ( 4)
 466 V   0.38258 0.00954 0.58548 0.02240 ( 3)
 467 Y   0.37362 0.01738 0.57417 0.03483 ( 3)
 468 T   0.38091 0.01091 0.58347 0.02472 ( 3)
 469 D   0.37944 0.01215 0.58165 0.02676 ( 3)
 470 M   0.39179 0.00319 0.59506 0.00995 ( 3)
 471 N   0.38848 0.00520 0.59202 0.01430 ( 3)
 472 P   0.37621 0.01500 0.57755 0.03125 ( 3)
 473 G   0.38392 0.00849 0.58705 0.02054 ( 3)
 474 D   0.38303 0.00919 0.58602 0.02176 ( 3)
 475 S   0.38813 0.00544 0.59166 0.01477 ( 3)
 476 V   0.38621 0.00677 0.58964 0.01738 ( 3)
 477 I   0.39071 0.00381 0.59414 0.01134 ( 3)
 478 Q   0.37539 0.01574 0.57649 0.03238 ( 3)
 479 L   0.37832 0.01312 0.58025 0.02831 ( 3)
 480 T   0.38147 0.01045 0.58414 0.02395 ( 3)
 481 A   0.38429 0.00821 0.58748 0.02003 ( 3)
 482 V   0.00468 0.27909 0.00715 0.70908 ( 4)
 483 D   0.38306 0.00917 0.58604 0.02174 ( 3)
 484 A   0.13679 0.19784 0.20944 0.45593 ( 4)
 485 D   0.38301 0.00920 0.58596 0.02183 ( 3)
 486 E   0.38086 0.01095 0.58343 0.02476 ( 3)
 487 G   0.38392 0.00849 0.58705 0.02054 ( 3)
 488 S   0.38501 0.00766 0.58831 0.01903 ( 3)
 489 N   0.38847 0.00521 0.59202 0.01430 ( 3)
 490 G   0.38392 0.00849 0.58705 0.02054 ( 3)
 491 E   0.38578 0.00709 0.58915 0.01798 ( 3)
 492 I   0.37902 0.01251 0.58112 0.02735 ( 3)
 493 T   0.38103 0.01081 0.58365 0.02450 ( 3)
 494 Y   0.37362 0.01738 0.57417 0.03483 ( 3)
 495 E   0.38079 0.01101 0.58331 0.02489 ( 3)
