Supplemental results for CODEML (seqf: /home/leticiamagpali/phd/evol_models/codeml/big_dataset/cml_align/HTT_codon_aligned.phy  treef: /home/leticiamagpali/phd/evol_models/codeml/big_dataset/cml_trees/gene_trees/H2_gene_trees/HTT_tree_H2.tre)

I	J	ij	2Ns_IJ	pMut_IJ	pSub_IJ	2Ns_JI	pMut_JI	pSub_JI

TTC	TTT	CT	0.37911	0.04953	0.05951	-0.37911	0.07236	0.05951
TTA	TTT	AT	0.99463	0.00394	0.00622	-0.99463	0.01065	0.00622
TTA	TTC	AC	0.61552	0.00744	0.00996	-0.61552	0.01377	0.00996
TTG	TTT	GT	0.50158	0.00865	0.01100	-0.50158	0.01429	0.01100
TTG	TTC	GC	0.12247	0.01634	0.01736	-0.12247	0.01847	0.01736
TTG	TTA	GA	-0.49305	0.07669	0.05933	0.49305	0.04684	0.05933
TCT	TTT	CT	0.42306	0.04740	0.05813	-0.42306	0.07236	0.05813
TCC	TTC	CT	0.56149	0.05334	0.06971	-0.56149	0.09352	0.06971
TCC	TCT	CT	0.51754	0.05334	0.06833	-0.51754	0.08950	0.06833
TCA	TTA	CT	0.19953	0.03441	0.03795	-0.19953	0.04201	0.03795
TCA	TCT	AT	0.77110	0.00609	0.00874	-0.77110	0.01318	0.00874
TCA	TCC	AC	0.25357	0.01151	0.01303	-0.25357	0.01483	0.01303
TCG	TTG	CT	1.67420	0.01729	0.03563	-1.67420	0.09226	0.03563
TCG	TCT	GT	1.75272	0.00306	0.00649	-1.75272	0.01767	0.00649
TCG	TCC	GC	1.23518	0.00578	0.01007	-1.23518	0.01989	0.01007
TCG	TCA	GA	0.98162	0.02714	0.04261	-0.98162	0.07244	0.04261
TAT	TTT	AT	1.38881	0.00266	0.00492	-1.38881	0.01065	0.00492
TAT	TCT	AC	0.96575	0.00502	0.00782	-0.96575	0.01318	0.00782
TAC	TTC	AT	0.63074	0.00733	0.00988	-0.63074	0.01377	0.00988
TAC	TCC	AC	0.06925	0.01384	0.01432	-0.06925	0.01483	0.01432
TAC	TAT	CT	-0.37896	0.04137	0.03403	0.37896	0.02832	0.03403
TGT	TTT	GT	1.04988	0.00500	0.00808	-1.04988	0.01429	0.00808
TGT	TCT	GC	0.62682	0.00944	0.01271	-0.62682	0.01767	0.01271
TGT	TAT	GA	-0.33893	0.04432	0.03723	0.33893	0.03158	0.03723
TGC	TTC	GT	1.05091	0.00646	0.01043	-1.05091	0.01847	0.01043
TGC	TCC	GC	0.48942	0.01219	0.01542	-0.48942	0.01989	0.01542
TGC	TAC	GA	0.42016	0.05722	0.07008	-0.42016	0.08710	0.07008
TGC	TGT	CT	0.38013	0.03646	0.04383	-0.38013	0.05332	0.04383
TGG	TTG	GT	1.29326	0.00500	0.00891	-1.29326	0.01822	0.00891
TGG	TCG	GC	-0.38094	0.00944	0.00775	0.38094	0.00645	0.00775
TGG	TGT	GT	0.74496	0.00500	0.00709	-0.74496	0.01053	0.00709
TGG	TGC	GC	0.36482	0.00944	0.01126	-0.36482	0.01359	0.01126
CTT	TTT	CT	0.43241	0.04696	0.05784	-0.43241	0.07236	0.05784
CTC	TTC	CT	0.21936	0.07510	0.08364	-0.21936	0.09352	0.08364
CTC	CTT	CT	0.16606	0.07510	0.08151	-0.16606	0.08867	0.08151
CTA	TTA	CT	0.90756	0.01695	0.02579	-0.90756	0.04201	0.02579
CTA	CTT	AT	1.46978	0.00300	0.00573	-1.46978	0.01305	0.00573
CTA	CTC	AC	1.30371	0.00567	0.01014	-1.30371	0.02088	0.01014
CTG	TTG	CT	-0.53441	0.15743	0.11910	0.53441	0.09226	0.11910
CTG	CTT	GT	-0.46524	0.02788	0.02190	0.46524	0.01751	0.02190
CTG	CTC	GC	-0.63130	0.05265	0.03777	0.63130	0.02800	0.03777
CTG	CTA	GA	-1.93501	0.24709	0.08071	1.93501	0.03569	0.08071
CCT	TCT	CT	0.79891	0.04026	0.05846	-0.79891	0.08950	0.05846
CCT	CTT	CT	0.78957	0.04026	0.05822	-0.78957	0.08867	0.05822
CCC	TCC	CT	0.74768	0.04769	0.06771	-0.74768	0.10072	0.06771
CCC	CTC	CT	1.08980	0.04769	0.07830	-1.08980	0.14180	0.07830
CCC	CCT	CT	0.46630	0.04769	0.05967	-0.46630	0.07602	0.05967
CCA	TCA	CT	0.96207	0.02482	0.03865	-0.96207	0.06497	0.03865
CCA	CTA	CT	0.25405	0.02482	0.02811	-0.25405	0.03200	0.02811
CCA	CCT	AT	0.93426	0.00440	0.00677	-0.93426	0.01119	0.00677
CCA	CCC	AC	0.46796	0.00830	0.01039	-0.46796	0.01326	0.01039
CCG	TCG	CT	0.03597	0.03150	0.03207	-0.03597	0.03266	0.03207
CCG	CTG	CT	2.24458	0.03150	0.07909	-2.24458	0.29726	0.07909
CCG	CCT	GT	0.98977	0.00558	0.00879	-0.98977	0.01501	0.00879
CCG	CCC	GC	0.52347	0.01053	0.01353	-0.52347	0.01778	0.01353
CCG	CCA	GA	0.05552	0.04944	0.05083	-0.05552	0.05226	0.05083
CAT	TAT	CT	0.52879	0.01669	0.02149	-0.52879	0.02832	0.02149
CAT	CTT	AT	1.48519	0.00296	0.00568	-1.48519	0.01305	0.00568
CAT	CCT	AC	0.69563	0.00558	0.00775	-0.69563	0.01119	0.00775
CAC	TAC	CT	0.24765	0.06098	0.06884	-0.24765	0.07812	0.06884
CAC	CTC	AT	0.65903	0.01080	0.01475	-0.65903	0.02088	0.01475
CAC	CCC	AC	-0.43077	0.02039	0.01631	0.43077	0.01326	0.01631
CAC	CAT	CT	-0.66010	0.06098	0.04305	0.66010	0.03151	0.04305
CAA	CTA	AT	0.46126	0.00297	0.00371	-0.46126	0.00471	0.00371
CAA	CCA	AC	0.20721	0.00561	0.00621	-0.20721	0.00690	0.00621
CAA	CAT	AT	0.44584	0.00297	0.00368	-0.44584	0.00464	0.00368
CAA	CAC	AC	1.10594	0.00561	0.00927	-1.10594	0.01695	0.00927
CAG	CTG	AT	0.76881	0.02029	0.02907	-0.76881	0.04376	0.02907
CAG	CCG	AC	-1.47576	0.03830	0.01675	1.47576	0.00876	0.01675
CAG	CAT	GT	-1.18162	0.02029	0.01061	1.18162	0.00622	0.01061
CAG	CAC	GC	-0.52152	0.03830	0.02918	0.52152	0.02274	0.02918
CAG	CAA	GA	-1.62746	0.17977	0.07152	1.62746	0.03531	0.07152
CGT	TGT	CT	1.47930	0.01215	0.02327	-1.47930	0.05332	0.02327
CGT	CTT	GT	2.09677	0.00215	0.00514	-2.09677	0.01751	0.00514
CGT	CCT	GC	1.30720	0.00406	0.00728	-1.30720	0.01501	0.00728
CGT	CAT	GA	0.61158	0.01906	0.02548	-0.61158	0.03514	0.02548
CGC	TGC	CT	1.06657	0.02369	0.03853	-1.06657	0.06884	0.03853
CGC	CTC	GT	1.89811	0.00420	0.00937	-1.89811	0.02800	0.00937
CGC	CCC	GC	0.80831	0.00792	0.01155	-0.80831	0.01778	0.01155
CGC	CAC	GA	1.23908	0.03719	0.06487	-1.23908	0.12838	0.06487
CGC	CGT	CT	-0.03260	0.02369	0.02331	0.03260	0.02293	0.02331
CGA	CTA	GT	1.98285	0.00087	0.00200	-1.98285	0.00632	0.00200
CGA	CCA	GC	1.72880	0.00164	0.00345	-1.72880	0.00926	0.00345
CGA	CAA	GA	1.52159	0.00771	0.01501	-1.52159	0.03531	0.01501
CGA	CGT	AT	1.35586	0.00087	0.00159	-1.35586	0.00338	0.00159
CGA	CGC	AC	1.38845	0.00164	0.00304	-1.38845	0.00659	0.00304
CGG	TGG	CT	0.54471	0.03091	0.04009	-0.54471	0.05329	0.04009
CGG	CTG	GT	2.37237	0.00547	0.01432	-2.37237	0.05870	0.01432
CGG	CCG	GC	0.12780	0.01034	0.01101	-0.12780	0.01175	0.01101
CGG	CAG	GA	1.60356	0.04851	0.09739	-1.60356	0.24115	0.09739
CGG	CGT	GT	-0.18963	0.00547	0.00497	0.18963	0.00453	0.00497
CGG	CGC	GC	-0.15704	0.01034	0.00955	0.15704	0.00883	0.00955
CGG	CGA	GA	-1.54549	0.04851	0.02032	1.54549	0.01034	0.02032
ATT	TTT	AT	0.56581	0.00605	0.00792	-0.56581	0.01065	0.00792
ATT	CTT	AC	0.13340	0.01142	0.01220	-0.13340	0.01305	0.01220
ATC	TTC	AT	0.18925	0.01139	0.01251	-0.18925	0.01377	0.01251
ATC	CTC	AC	-0.03012	0.02151	0.02119	0.03012	0.02088	0.02119
ATC	ATT	CT	0.00255	0.06433	0.06442	-0.00255	0.06450	0.06442
ATA	TTA	AT	0.67858	0.00314	0.00432	-0.67858	0.00618	0.00432
ATA	CTA	AC	-0.22897	0.00592	0.00527	0.22897	0.00471	0.00527
ATA	ATT	AT	1.10740	0.00314	0.00519	-1.10740	0.00949	0.00519
ATA	ATC	AC	1.10485	0.00592	0.00979	-1.10485	0.01788	0.00979
ATG	TTG	AT	0.26781	0.01039	0.01184	-0.26781	0.01358	0.01184
ATG	CTG	AC	0.80222	0.01962	0.02853	-0.80222	0.04376	0.02853
ATG	ATT	GT	0.20358	0.01039	0.01148	-0.20358	0.01274	0.01148
ATG	ATC	GC	0.20103	0.01962	0.02166	-0.20103	0.02399	0.02166
ATG	ATA	GA	-0.90382	0.09208	0.05665	0.90382	0.03729	0.05665
ACT	TCT	AT	1.05127	0.00460	0.00744	-1.05127	0.01318	0.00744
ACT	CCT	AC	0.25236	0.00869	0.00984	-0.25236	0.01119	0.00984
ACT	ATT	CT	0.90853	0.02600	0.03958	-0.90853	0.06450	0.03958
ACC	TCC	AT	0.23334	0.01174	0.01316	-0.23334	0.01483	0.01316
ACC	CCC	AC	-0.51434	0.02217	0.01695	0.51434	0.01326	0.01695
ACC	ATC	CT	0.60558	0.06629	0.08838	-0.60558	0.12147	0.08838
ACC	ACT	CT	-0.30040	0.06629	0.05684	0.30040	0.04909	0.05684
ACA	TCA	AT	0.78927	0.00434	0.00628	-0.78927	0.00956	0.00628
ACA	CCA	AC	-0.17279	0.00820	0.00751	0.17279	0.00690	0.00751
ACA	ATA	CT	0.31023	0.02453	0.02853	-0.31023	0.03345	0.02853
ACA	ACT	AT	0.50910	0.00434	0.00554	-0.50910	0.00723	0.00554
ACA	ACC	AC	0.80950	0.00820	0.01196	-0.80950	0.01843	0.01196
ACG	TCG	AT	-0.23090	0.00606	0.00538	0.23090	0.00481	0.00538
ACG	CCG	AC	-0.26687	0.01143	0.00998	0.26687	0.00876	0.00998
ACG	ATG	CT	1.17549	0.03419	0.05814	-1.17549	0.11078	0.05814
ACG	ACT	GT	0.47054	0.00606	0.00759	-0.47054	0.00969	0.00759
ACG	ACC	GC	0.77094	0.01143	0.01640	-0.77094	0.02472	0.01640
ACG	ACA	GA	-0.03856	0.05367	0.05264	0.03856	0.05164	0.05264
AAT	TAT	AT	0.22677	0.00332	0.00371	-0.22677	0.00417	0.00371
AAT	CAT	AC	-0.30202	0.00628	0.00538	0.30202	0.00464	0.00538
AAT	ATT	AT	1.04977	0.00332	0.00537	-1.04977	0.00949	0.00537
AAT	ACT	AC	0.14125	0.00628	0.00673	-0.14125	0.00723	0.00673
AAC	TAC	AT	0.53871	0.00671	0.00868	-0.53871	0.01150	0.00868
AAC	CAC	AC	0.29106	0.01267	0.01460	-0.29106	0.01695	0.01460
AAC	ATC	AT	0.98020	0.00671	0.01053	-0.98020	0.01788	0.01053
AAC	ACC	AC	0.37462	0.01267	0.01519	-0.37462	0.01843	0.01519
AAC	AAT	CT	-0.06702	0.03789	0.03663	0.06702	0.03543	0.03663
AAA	CAA	AC	-0.92685	0.01178	0.00715	0.92685	0.00466	0.00715
AAA	ATA	AT	-0.23661	0.00624	0.00553	0.23661	0.00492	0.00553
AAA	ACA	AC	-0.54684	0.01178	0.00885	0.54684	0.00682	0.00885
AAA	AAT	AT	-0.17899	0.00624	0.00570	0.17899	0.00522	0.00570
AAA	AAC	AC	-0.11196	0.01178	0.01113	0.11196	0.01053	0.01113
AAG	CAG	AC	0.59030	0.01764	0.02336	-0.59030	0.03184	0.02336
AAG	ATG	AT	0.55690	0.00934	0.01219	-0.55690	0.01631	0.01219
AAG	ACG	AC	-0.61859	0.01764	0.01275	0.61859	0.00950	0.01275
AAG	AAT	GT	-0.28929	0.00934	0.00806	0.28929	0.00700	0.00806
AAG	AAC	GC	-0.22227	0.01764	0.01576	0.22227	0.01413	0.01576
AAG	AAA	GA	-0.11031	0.08281	0.07832	0.11031	0.07416	0.07832
AGT	TGT	AT	0.39582	0.00528	0.00640	-0.39582	0.00785	0.00640
AGT	CGT	AC	-1.08348	0.00998	0.00553	1.08348	0.00338	0.00553
AGT	ATT	GT	0.87989	0.00528	0.00794	-0.87989	0.01274	0.00794
AGT	ACT	GC	-0.02864	0.00998	0.00983	0.02864	0.00969	0.00983
AGT	AAT	GA	-0.16988	0.04682	0.04296	0.16988	0.03951	0.04296
AGC	TGC	AT	-0.31453	0.01388	0.01181	0.31453	0.01013	0.01181
AGC	CGC	AC	-1.38110	0.02621	0.01215	1.38110	0.00659	0.01215
AGC	ATC	GT	0.54713	0.01388	0.01802	-0.54713	0.02399	0.01802
AGC	ACC	GC	-0.05845	0.02621	0.02545	0.05845	0.02472	0.02545
AGC	AAC	GA	-0.43307	0.12300	0.09828	0.43307	0.07977	0.09828
AGC	AGT	CT	-0.33021	0.07837	0.06614	0.33021	0.05633	0.06614
AGA	CGA	AC	-1.98860	0.00998	0.00315	1.98860	0.00137	0.00315
AGA	ATA	GT	0.22323	0.00528	0.00590	-0.22323	0.00661	0.00590
AGA	ACA	GC	-0.08700	0.00998	0.00955	0.08700	0.00915	0.00955
AGA	AAA	GA	0.45984	0.04682	0.05841	-0.45984	0.07416	0.05841
AGA	AGT	AT	0.45074	0.00528	0.00656	-0.45074	0.00829	0.00656
AGA	AGC	AC	0.78095	0.00998	0.01437	-0.78095	0.02178	0.01437
AGG	TGG	AT	0.13325	0.00687	0.00733	-0.13325	0.00785	0.00733
AGG	CGG	AC	-0.41145	0.01297	0.01048	0.41145	0.00859	0.01048
AGG	ATG	GT	1.15870	0.00687	0.01160	-1.15870	0.02188	0.01160
AGG	ACG	GC	-0.01679	0.01297	0.01286	0.01679	0.01275	0.01286
AGG	AAG	GA	0.60180	0.06085	0.08099	-0.60180	0.11108	0.08099
AGG	AGT	GT	0.48239	0.00687	0.00866	-0.48239	0.01112	0.00866
AGG	AGC	GC	0.81260	0.01297	0.01894	-0.81260	0.02922	0.01894
AGG	AGA	GA	0.03165	0.06085	0.06182	-0.03165	0.06281	0.06182
GTT	TTT	GT	0.98534	0.00533	0.00839	-0.98534	0.01429	0.00839
GTT	CTT	GC	0.55293	0.01007	0.01311	-0.55293	0.01751	0.01311
GTT	ATT	GA	0.41953	0.04727	0.05788	-0.41953	0.07192	0.05788
GTC	TTC	GT	0.43812	0.01192	0.01472	-0.43812	0.01847	0.01472
GTC	CTC	GC	0.21875	0.02250	0.02505	-0.21875	0.02800	0.02505
GTC	ATC	GA	0.24887	0.10560	0.11929	-0.24887	0.13544	0.11929
GTC	GTT	CT	-0.16811	0.06729	0.06179	0.16811	0.05687	0.06179
GTA	TTA	GT	1.48797	0.00187	0.00360	-1.48797	0.00830	0.00360
GTA	CTA	GC	0.58042	0.00354	0.00466	-0.58042	0.00632	0.00466
GTA	ATA	GA	0.80939	0.01660	0.02422	-0.80939	0.03729	0.02422
GTA	GTT	AT	1.49726	0.00187	0.00361	-1.49726	0.00837	0.00361
GTA	GTC	AC	1.66537	0.00354	0.00726	-1.66537	0.01870	0.00726
GTG	TTG	GT	-0.05808	0.01931	0.01875	0.05808	0.01822	0.01875
GTG	CTG	GC	0.47633	0.03646	0.04583	-0.47633	0.05870	0.04583
GTG	ATG	GA	-0.32588	0.17110	0.14474	0.32588	0.12352	0.14474
GTG	GTT	GT	-0.54183	0.01931	0.01455	0.54183	0.01123	0.01455
GTG	GTC	GC	-0.37372	0.03646	0.03007	0.37372	0.02509	0.03007
GTG	GTA	GA	-2.03910	0.17110	0.05220	2.03910	0.02227	0.05220
GCT	TCT	GT	0.58483	0.00985	0.01301	-0.58483	0.01767	0.01301
GCT	CCT	GC	-0.21408	0.01860	0.01668	0.21408	0.01501	0.01668
GCT	ACT	GA	-0.46644	0.08727	0.06849	0.46644	0.05474	0.06849
GCT	GTT	CT	0.02256	0.05561	0.05624	-0.02256	0.05687	0.05624
GCC	TCC	GT	0.21994	0.01596	0.01778	-0.21994	0.01989	0.01778
GCC	CCC	GC	-0.52774	0.03014	0.02288	0.52774	0.01778	0.02288
GCC	ACC	GA	-0.01340	0.14146	0.14051	0.01340	0.13957	0.14051
GCC	GTC	CT	0.34331	0.09013	0.10648	-0.34331	0.12705	0.10648
GCC	GCT	CT	0.15264	0.09013	0.09718	-0.15264	0.10499	0.09718
GCA	TCA	GT	0.50189	0.00777	0.00988	-0.50189	0.01283	0.00988
GCA	CCA	GC	-0.46018	0.01467	0.01155	0.46018	0.00926	0.01155
GCA	ACA	GA	-0.28739	0.06883	0.05941	0.28739	0.05164	0.05941
GCA	GTA	CT	-0.78655	0.04385	0.02885	0.78655	0.01997	0.02885
GCA	GCT	AT	0.68816	0.00777	0.01074	-0.68816	0.01546	0.01074
GCA	GCC	AC	0.53551	0.01467	0.01894	-0.53551	0.02505	0.01894
GCG	TCG	GT	0.32046	0.00468	0.00547	-0.32046	0.00645	0.00547
GCG	CCG	GC	0.28449	0.00884	0.01015	-0.28449	0.01175	0.01015
GCG	ACG	GA	0.55137	0.04148	0.05396	-0.55137	0.07199	0.05396
GCG	GTG	CT	2.05274	0.02643	0.06224	-2.05274	0.20585	0.06224
GCG	GCT	GT	1.48835	0.00468	0.00900	-1.48835	0.02073	0.00900
GCG	GCC	GC	1.33571	0.00884	0.01602	-1.33571	0.03361	0.01602
GCG	GCA	GA	0.80019	0.04148	0.06026	-0.80019	0.09233	0.06026
GAT	TAT	GT	-0.32300	0.00773	0.00654	0.32300	0.00559	0.00654
GAT	CAT	GC	-0.85179	0.01459	0.00925	0.85179	0.00622	0.00925
GAT	AAT	GA	-0.54977	0.06846	0.05136	0.54977	0.03951	0.05136
GAT	GTT	AT	0.08047	0.00773	0.00804	-0.08047	0.00837	0.00804
GAT	GCT	AC	0.05792	0.01459	0.01501	-0.05792	0.01546	0.01501
GAC	TAC	GT	0.00620	0.01533	0.01538	-0.00620	0.01543	0.01538
GAC	CAC	GC	-0.24145	0.02895	0.02559	0.24145	0.02274	0.02559
GAC	AAC	GA	-0.53251	0.13586	0.10288	0.53251	0.07977	0.10288
GAC	GTC	AT	0.19882	0.01533	0.01691	-0.19882	0.01870	0.01691
GAC	GCC	AC	-0.14449	0.02895	0.02691	0.14449	0.02505	0.02691
GAC	GAT	CT	-0.04976	0.08656	0.08443	0.04976	0.08236	0.08443
GAA	CAA	GC	-1.02184	0.01738	0.00998	1.02184	0.00625	0.00998
GAA	AAA	GA	-0.09499	0.08155	0.07773	0.09499	0.07416	0.07773
GAA	GTA	AT	-1.14100	0.00920	0.00493	1.14100	0.00294	0.00493
GAA	GCA	AC	-0.35445	0.01738	0.01448	0.35445	0.01219	0.01448
GAA	GAT	AT	0.27580	0.00920	0.01053	-0.27580	0.01212	0.01053
GAA	GAC	AC	0.32555	0.01738	0.02036	-0.32555	0.02406	0.02036
GAG	CAG	GC	0.18207	0.03560	0.03894	-0.18207	0.04271	0.03894
GAG	AAG	GA	-0.40823	0.16708	0.13529	0.40823	0.11108	0.13529
GAG	GTG	AT	0.47455	0.01885	0.02368	-0.47455	0.03030	0.02368
GAG	GCG	AC	-1.57818	0.03560	0.01461	1.57818	0.00735	0.01461
GAG	GAT	GT	-0.14775	0.01885	0.01750	0.14775	0.01626	0.01750
GAG	GAC	GC	-0.09799	0.03560	0.03388	0.09799	0.03228	0.03388
GAG	GAA	GA	-0.42355	0.16708	0.13419	0.42355	0.10939	0.13419
GGT	TGT	GT	1.36002	0.00270	0.00494	-1.36002	0.01053	0.00494
GGT	CGT	GC	-0.11927	0.00510	0.00480	0.11927	0.00453	0.00480
GGT	AGT	GA	0.96421	0.02395	0.03732	-0.96421	0.06281	0.03732
GGT	GTT	GT	1.42457	0.00270	0.00507	-1.42457	0.01123	0.00507
GGT	GCT	GC	1.40201	0.00510	0.00949	-1.40201	0.02073	0.00949
GGT	GAT	GA	1.34410	0.02395	0.04354	-1.34410	0.09183	0.04354
GGC	TGC	GT	0.47791	0.00843	0.01060	-0.47791	0.01359	0.01060
GGC	CGC	GC	-0.58866	0.01592	0.01169	0.58866	0.00883	0.01169
GGC	AGC	GA	0.79244	0.07470	0.10816	-0.79244	0.16499	0.10816
GGC	GTC	GT	1.09070	0.00843	0.01385	-1.09070	0.02509	0.01385
GGC	GCC	GC	0.74739	0.01592	0.02260	-0.74739	0.03361	0.02260
GGC	GAC	GA	0.89188	0.07470	0.11290	-0.89188	0.18224	0.11290
GGC	GGT	CT	-0.50198	0.04759	0.03664	0.50198	0.02881	0.03664
GGA	CGA	GC	-1.65622	0.00960	0.00375	1.65622	0.00183	0.00375
GGA	AGA	GA	0.33238	0.04505	0.05295	-0.33238	0.06281	0.05295
GGA	GTA	GT	-0.25378	0.00508	0.00447	0.25378	0.00394	0.00447
GGA	GCA	GC	0.53277	0.00960	0.01238	-0.53277	0.01635	0.01238
GGA	GAA	GA	0.88721	0.04505	0.06795	-0.88721	0.10939	0.06795
GGA	GGT	AT	-0.18109	0.00508	0.00464	0.18109	0.00424	0.00464
GGA	GGC	AC	0.32089	0.00960	0.01122	-0.32089	0.01323	0.01122
GGG	TGG	GT	0.41294	0.00696	0.00850	-0.41294	0.01052	0.00850
GGG	CGG	GC	-0.13176	0.01315	0.01230	0.13176	0.01153	0.01230
GGG	AGG	GA	0.27969	0.06171	0.07074	-0.27969	0.08163	0.07074
GGG	GTG	GT	1.76428	0.00696	0.01483	-1.76428	0.04065	0.01483
GGG	GCG	GC	-0.28846	0.01315	0.01134	0.28846	0.00985	0.01134
GGG	GAG	GA	1.28972	0.06171	0.10983	-1.28972	0.22412	0.10983
GGG	GGT	GT	-0.20212	0.00696	0.00628	0.20212	0.00569	0.00628
GGG	GGC	GC	0.29986	0.01315	0.01522	-0.29986	0.01775	0.01522
GGG	GGA	GA	-0.02104	0.06171	0.06106	0.02104	0.06043	0.06106


Histograms
2Ns	FMut	FSub(CodonUsage)	FSubw(after w)

-2.25940	0.02081	0.00608
-2.03346	0.03846	0.01337
-1.80752	0.00559	0.00222
-1.58158	0.04771	0.02169
-1.35564	0.02883	0.01542
-1.12970	0.03937	0.02356
-0.90376	0.07631	0.05314
-0.67782	0.05676	0.04417
-0.45188	0.16525	0.14469
-0.22594	0.11124	0.10954
0.00000	0.11881	0.13220
0.22594	0.08756	0.10954
0.45188	0.10418	0.14469
0.67782	0.02886	0.04417
0.90376	0.03185	0.05314
1.12970	0.01267	0.02356
1.35564	0.00769	0.01542
1.58158	0.00977	0.02169
1.80752	0.00093	0.00222
2.03346	0.00519	0.01337
2.25940	0.00216	0.00608

Proportion of advantageous (S > 0) mutations:
 0.34887

Proportions of good & bad mutations (|S| > 2.0000) among mutations:
0.00514  0.04388

mean |Ns| = 0.68002	mean Ns+ = 0.50283	mean Ns- = -0.77495


MLEs of dN/dS (w) for site classes (K=4)

site class             0        1       2a       2b
proportion       0.75012  0.07910  0.15449  0.01629
background w     0.05987  1.26313  0.05987  1.26313
foreground w     0.05987  1.26313  0.00000  0.00000

Naive Empirical Bayes (NEB) probabilities for 4 classes
(amino acids refer to 1st sequence: Bacu)

   1 N   0.81836 0.00619 0.17320 0.00225 ( 1)
   2 S   0.80237 0.02375 0.16744 0.00644 ( 1)
   3 P   0.80632 0.01953 0.16861 0.00553 ( 1)
   4 E   0.80704 0.01876 0.16884 0.00536 ( 1)
   5 F   0.80883 0.01684 0.16940 0.00493 ( 1)
   6 Q   0.79007 0.03678 0.16411 0.00904 ( 1)
   7 K   0.81244 0.01292 0.17064 0.00401 ( 1)
   8 L   0.80167 0.02450 0.16724 0.00660 ( 1)
   9 L   0.77681 0.05080 0.16079 0.01160 ( 1)
  10 G   0.81588 0.00909 0.17198 0.00305 ( 1)
  11 I   0.80838 0.01729 0.16929 0.00504 ( 1)
  12 A   0.80141 0.02476 0.16717 0.00665 ( 1)
  13 M   0.65244 0.15658 0.13764 0.05333 ( 1)
  14 E   0.80704 0.01876 0.16884 0.00536 ( 1)
  15 L   0.80158 0.02466 0.16716 0.00660 ( 1)
  16 F   0.80912 0.01657 0.16946 0.00485 ( 1)
  17 L   0.77705 0.05056 0.16083 0.01155 ( 1)
  18 L   0.77723 0.05039 0.16087 0.01151 ( 1)
  19 C   0.81112 0.01441 0.17013 0.00435 ( 1)
  20 S   0.80899 0.01675 0.16939 0.00487 ( 1)
  21 D   0.80581 0.02015 0.16841 0.00564 ( 1)
  22 D   0.80778 0.01795 0.16908 0.00519 ( 1)
  23 A   0.80137 0.02467 0.16726 0.00671 ( 1)
  24 E   0.80432 0.02173 0.16797 0.00598 ( 1)
  25 S   0.79855 0.02801 0.16623 0.00721 ( 1)
  26 D   0.80581 0.02015 0.16841 0.00564 ( 1)
  27 V   0.81021 0.01542 0.16980 0.00457 ( 1)
  28 R   0.81484 0.01035 0.17147 0.00334 ( 1)
  29 M   0.81681 0.00811 0.17232 0.00276 ( 1)
  30 V   0.79849 0.02792 0.16632 0.00727 ( 1)
  31 A   0.80229 0.02389 0.16738 0.00644 ( 1)
  32 D   0.80835 0.01742 0.16920 0.00503 ( 1)
  33 E   0.80432 0.02173 0.16797 0.00598 ( 1)
  34 C   0.81131 0.01423 0.17017 0.00429 ( 1)
  35 L   0.80090 0.02537 0.16698 0.00675 ( 1)
  36 N   0.81938 0.00502 0.17370 0.00189 ( 1)
  37 K   0.60793 0.20179 0.12768 0.06261 ( 1)
  38 V   0.81021 0.01542 0.16980 0.00457 ( 1)
  39 I   0.81966 0.00529 0.17318 0.00186 ( 1)
  40 K   0.81313 0.01265 0.17046 0.00377 ( 1)
  41 N   0.65662 0.15514 0.13817 0.05008 ( 1)
  42 G   0.81239 0.01342 0.17023 0.00397 ( 1)
  43 A   0.79680 0.03001 0.16566 0.00753 ( 1)
  44 P   0.80253 0.02398 0.16720 0.00629 ( 1)
  45 R   0.81202 0.01389 0.17004 0.00405 ( 1)
  46 S   0.80237 0.02415 0.16717 0.00632 ( 1)
  47 L   0.77353 0.05438 0.15994 0.01215 ( 1)
  48 R   0.81417 0.01155 0.17079 0.00350 ( 1)
  49 A   0.79680 0.03001 0.16566 0.00753 ( 1)
  50 A   0.80109 0.02549 0.16681 0.00660 ( 1)
  51 L   0.77337 0.05462 0.15987 0.01215 ( 1)
  52 W   0.79696 0.02984 0.16570 0.00750 ( 1)
  53 R   0.81104 0.01493 0.16973 0.00429 ( 1)
  54 F   0.80463 0.02176 0.16780 0.00581 ( 1)
  55 A   0.80102 0.02556 0.16680 0.00662 ( 1)
  56 E   0.79925 0.02743 0.16632 0.00700 ( 1)
  57 L   0.77337 0.05462 0.15987 0.01215 ( 1)
  58 A   0.79680 0.03001 0.16566 0.00753 ( 1)
  59 H   0.80293 0.02356 0.16732 0.00620 ( 1)
  60 L   0.79556 0.03130 0.16535 0.00779 ( 1)
  61 V   0.80865 0.01750 0.16898 0.00488 ( 1)
  62 R   0.81202 0.01389 0.17004 0.00405 ( 1)
  63 P   0.80253 0.02398 0.16720 0.00629 ( 1)
  64 Q   0.78565 0.04172 0.16283 0.00980 ( 1)
  65 K   0.80870 0.01744 0.16900 0.00487 ( 1)
  66 C   0.80687 0.01939 0.16844 0.00530 ( 1)
  67 R   0.81104 0.01493 0.16973 0.00429 ( 1)
  68 P   0.80704 0.01920 0.16850 0.00526 ( 1)
  69 Y   0.81087 0.01515 0.16965 0.00433 ( 1)
  70 L   0.79015 0.03701 0.16394 0.00890 ( 1)
  71 V   0.81856 0.00666 0.17255 0.00223 ( 1)
  72 N   0.81973 0.00526 0.17317 0.00184 ( 1)
  73 L   0.80207 0.02448 0.16706 0.00638 ( 1)
  74 L   0.79015 0.03701 0.16394 0.00890 ( 1)
  75 P   0.80734 0.01891 0.16856 0.00518 ( 1)
  76 C   0.81058 0.01555 0.16948 0.00439 ( 1)
  77 L   0.77702 0.05079 0.16073 0.01146 ( 1)
  78 T   0.81175 0.01428 0.16986 0.00410 ( 1)
  79 R   0.81752 0.00786 0.17207 0.00255 ( 1)
  80 T   0.81270 0.01320 0.17023 0.00387 ( 1)
  81 S   0.80720 0.01906 0.16853 0.00522 ( 1)
  82 K   0.81504 0.01063 0.17108 0.00326 ( 1)
  83 R   0.81333 0.01251 0.17045 0.00371 ( 1)
  84 P   0.81042 0.01567 0.16947 0.00444 ( 1)
  85 E   0.80495 0.02152 0.16782 0.00571 ( 1)
  86 E   0.80422 0.02221 0.16767 0.00590 ( 1)
  87 S   0.80278 0.02373 0.16726 0.00622 ( 1)
  88 V   0.81021 0.01585 0.16944 0.00450 ( 1)
  89 Q   0.79039 0.03677 0.16400 0.00885 ( 1)
  90 E   0.80422 0.02221 0.16767 0.00590 ( 1)
  91 T   0.81085 0.01517 0.16964 0.00434 ( 1)
  92 L   0.79015 0.03701 0.16394 0.00890 ( 1)
  93 A   0.49204 0.32180 0.10248 0.08368 ( 1)
  94 A   0.80466 0.02203 0.16759 0.00573 ( 1)
  95 A   0.80246 0.02413 0.16713 0.00628 ( 1)
  96 V   0.81021 0.01585 0.16944 0.00450 ( 1)
  97 P   0.80734 0.01891 0.16856 0.00518 ( 1)
  98 K   0.81504 0.01063 0.17108 0.00326 ( 1)
  99 I   0.55937 0.25316 0.11689 0.07058 ( 1)
 100 M   0.81702 0.00842 0.17186 0.00270 ( 1)
 101 A   0.80182 0.02475 0.16700 0.00644 ( 1)
 102 S   0.80282 0.02369 0.16727 0.00621 ( 1)
 103 F   0.81017 0.01600 0.16934 0.00449 ( 1)
 104 G   0.81644 0.00908 0.17162 0.00287 ( 1)
 105 N   0.70297 0.11100 0.14829 0.03774 ( 1)
 106 F   0.80931 0.01681 0.16916 0.00471 ( 1)
 107 A   0.80089 0.02573 0.16674 0.00664 ( 1)
 108 N   0.81973 0.00526 0.17317 0.00184 ( 1)
 109 D   0.80837 0.01782 0.16888 0.00494 ( 1)
 110 S   0.22397 0.77582 0.00000 0.00021 ( 2)
 111 E   0.80728 0.01895 0.16857 0.00520 ( 1)
 112 I   0.56496 0.24518 0.11838 0.07148 ( 1)
 113 K   0.81507 0.01035 0.17131 0.00326 ( 1)
 114 V   0.81154 0.01397 0.17026 0.00423 ( 1)
 115 L   0.77678 0.05069 0.16085 0.01168 ( 1)
 116 L   0.79706 0.02955 0.16585 0.00754 ( 1)
 117 K   0.81459 0.01056 0.17143 0.00342 ( 1)
 118 A   0.80187 0.02433 0.16726 0.00654 ( 1)
 119 F   0.81098 0.01454 0.17010 0.00439 ( 1)
 120 I   0.81925 0.00510 0.17371 0.00193 ( 1)
 121 A   0.81628 0.00866 0.17213 0.00293 ( 1)
 122 N   0.81845 0.00611 0.17321 0.00223 ( 1)
 123 L   0.77693 0.05068 0.16081 0.01158 ( 1)
 124 K   0.81462 0.01053 0.17144 0.00341 ( 1)
 125 S   0.54382 0.26536 0.11385 0.07697 ( 1)
 126 S   0.80690 0.01891 0.16880 0.00539 ( 1)
 127 S   0.80253 0.02360 0.16747 0.00640 ( 1)
 128 P   0.80704 0.01878 0.16882 0.00536 ( 1)
 129 T   0.81050 0.01506 0.16994 0.00451 ( 1)
 130 V   0.46638 0.34612 0.09715 0.09034 ( 1)
 131 R   0.81531 0.00975 0.17172 0.00321 ( 1)
 132 R   0.81534 0.00973 0.17173 0.00321 ( 1)
 133 T   0.81182 0.01369 0.17034 0.00416 ( 1)
 134 A   0.81595 0.00937 0.17166 0.00302 ( 1)
 135 A   0.80522 0.02067 0.16831 0.00580 ( 1)
 136 G   0.63286 0.17506 0.13341 0.05867 ( 1)
 137 S   0.81239 0.01293 0.17065 0.00403 ( 1)
 138 A   0.81594 0.00897 0.17206 0.00303 ( 1)
 139 V   0.79768 0.02870 0.16614 0.00748 ( 1)
 140 S   0.80643 0.01937 0.16868 0.00551 ( 1)
 141 I   0.57411 0.23505 0.12038 0.07045 ( 1)
 142 C   0.81055 0.01494 0.17001 0.00451 ( 1)
 143 Q   0.78976 0.03708 0.16404 0.00912 ( 1)
 144 H   0.80695 0.01882 0.16884 0.00539 ( 1)
 145 S   0.80508 0.02082 0.16826 0.00583 ( 1)
 146 R   0.81403 0.01109 0.17130 0.00358 ( 1)
 147 R   0.81385 0.01125 0.17126 0.00364 ( 1)
 148 T   0.00419 0.76468 0.00088 0.23025 ( 2)
 149 Q   0.78976 0.03708 0.16404 0.00912 ( 1)
 150 Y   0.57212 0.23695 0.11996 0.07098 ( 1)
 151 F   0.80883 0.01684 0.16940 0.00493 ( 1)
 152 Y   0.81009 0.01543 0.16985 0.00462 ( 1)
 153 S   0.80643 0.01937 0.16868 0.00551 ( 1)
 154 W   0.80123 0.02492 0.16714 0.00671 ( 1)
 155 L   0.77729 0.05000 0.16105 0.01167 ( 1)
 156 L   0.80004 0.02619 0.16680 0.00697 ( 1)
 157 S   0.80789 0.01776 0.16917 0.00517 ( 1)
 158 V   0.79805 0.02800 0.16645 0.00750 ( 1)
 159 L   0.80004 0.02619 0.16680 0.00697 ( 1)
 160 L   0.46990 0.34316 0.09785 0.08909 ( 1)
 161 G   0.81782 0.00666 0.17309 0.00243 ( 1)
 162 L   0.78990 0.03697 0.16405 0.00908 ( 1)
 163 L   0.78003 0.04764 0.16145 0.01088 ( 1)
 164 V   0.81241 0.01295 0.17062 0.00402 ( 1)
 165 P   0.81007 0.01551 0.16980 0.00462 ( 1)
 166 V   0.79798 0.02841 0.16621 0.00740 ( 1)
 167 E   0.80429 0.02176 0.16796 0.00599 ( 1)
 168 E   0.80429 0.02176 0.16796 0.00599 ( 1)
 169 E   0.80703 0.01877 0.16884 0.00536 ( 1)
 170 H   0.09310 0.65918 0.01965 0.22806 ( 2)
 171 S   0.80581 0.02021 0.16836 0.00562 ( 1)
 172 T   0.07423 0.71088 0.01552 0.19938 ( 2)
 173 L   0.80194 0.02423 0.16730 0.00653 ( 1)
 174 L   0.77719 0.05042 0.16086 0.01152 ( 1)
 175 I   0.80883 0.01690 0.16935 0.00491 ( 1)
 176 L   0.80087 0.02540 0.16697 0.00676 ( 1)
 177 G   0.81276 0.01264 0.17069 0.00391 ( 1)
 178 V   0.79850 0.02791 0.16632 0.00727 ( 1)
 179 L   0.77719 0.05042 0.16086 0.01152 ( 1)
 180 L   0.80105 0.02522 0.16701 0.00671 ( 1)
 181 T   0.81267 0.01273 0.17066 0.00394 ( 1)
 182 L   0.78994 0.03706 0.16400 0.00901 ( 1)
 183 R   0.81481 0.01037 0.17147 0.00335 ( 1)
 184 Y   0.81485 0.01033 0.17148 0.00334 ( 1)
 185 L   0.79032 0.03656 0.16414 0.00898 ( 1)
 186 V   0.79846 0.02795 0.16631 0.00728 ( 1)
 187 P   0.81063 0.01496 0.16994 0.00447 ( 1)
 188 L   0.79046 0.03642 0.16417 0.00894 ( 1)
 189 L   0.77729 0.05033 0.16088 0.01150 ( 1)
 190 Q   0.79068 0.03619 0.16423 0.00890 ( 1)
 191 Q   0.79068 0.03619 0.16423 0.00890 ( 1)
 192 Q   0.79068 0.03619 0.16423 0.00890 ( 1)
 193 V   0.81030 0.01534 0.16982 0.00455 ( 1)
 194 K   0.81499 0.01019 0.17152 0.00330 ( 1)
 195 D   0.80847 0.01731 0.16923 0.00500 ( 1)
 196 T   0.81113 0.01450 0.17004 0.00433 ( 1)
 197 S   0.80735 0.01851 0.16888 0.00527 ( 1)
 198 L   0.77729 0.05033 0.16088 0.01150 ( 1)
 199 K   0.81297 0.01243 0.17075 0.00386 ( 1)
 200 G   0.81633 0.00868 0.17208 0.00291 ( 1)
 201 S   0.80735 0.01851 0.16888 0.00527 ( 1)
 202 F   0.80941 0.01630 0.16952 0.00477 ( 1)
 203 G   0.81605 0.00900 0.17196 0.00299 ( 1)
 204 V   0.79859 0.02782 0.16634 0.00725 ( 1)
 205 T   0.81211 0.01354 0.17029 0.00406 ( 1)
 206 R   0.81569 0.00941 0.17180 0.00310 ( 1)
 207 K   0.81297 0.01243 0.17075 0.00386 ( 1)
 208 E   0.80442 0.02164 0.16799 0.00595 ( 1)
 209 M   0.81688 0.00804 0.17233 0.00274 ( 1)
 210 E   0.80444 0.02161 0.16800 0.00595 ( 1)
 211 V   0.81030 0.01534 0.16982 0.00455 ( 1)
 212 S   0.80419 0.02166 0.16808 0.00607 ( 1)
 213 P   0.81075 0.01485 0.16996 0.00444 ( 1)
 214 S   0.81311 0.01227 0.17080 0.00382 ( 1)
 215 T   0.58420 0.22585 0.12247 0.06748 ( 1)
 216 E   0.80442 0.02164 0.16799 0.00595 ( 1)
 217 Q   0.79068 0.03619 0.16423 0.00890 ( 1)
 218 L   0.80202 0.02422 0.16727 0.00649 ( 1)
 219 V   0.81011 0.01551 0.16978 0.00460 ( 1)
 220 Q   0.79022 0.03664 0.16414 0.00901 ( 1)
 221 V   0.79607 0.03076 0.16548 0.00769 ( 1)
 222 Y   0.80988 0.01628 0.16928 0.00456 ( 1)
 223 E   0.80531 0.02101 0.16802 0.00566 ( 1)
 224 L   0.78509 0.04245 0.16262 0.00984 ( 1)
 225 T   0.80895 0.01716 0.16908 0.00481 ( 1)
 226 L   0.78809 0.03915 0.16344 0.00932 ( 1)
 227 H   0.60959 0.20240 0.12777 0.06024 ( 1)
 228 Y   0.81338 0.01239 0.17052 0.00370 ( 1)
 229 T   0.81342 0.01235 0.17054 0.00369 ( 1)
 230 Q   0.78880 0.03844 0.16360 0.00916 ( 1)
 231 H   0.80619 0.02015 0.16821 0.00545 ( 1)
 232 Q   0.80065 0.02611 0.16659 0.00665 ( 1)
 233 D   0.80686 0.01944 0.16841 0.00529 ( 1)
 234 H   0.80619 0.02015 0.16821 0.00545 ( 1)
 235 N   0.81814 0.00717 0.17232 0.00236 ( 1)
 236 V   0.81159 0.01440 0.16986 0.00415 ( 1)
 237 V   0.79725 0.02921 0.16599 0.00754 ( 1)
 238 T   0.81360 0.01219 0.17057 0.00364 ( 1)
 239 G   0.81533 0.01035 0.17114 0.00317 ( 1)
 240 A   0.80230 0.02439 0.16702 0.00628 ( 1)
 241 L   0.77599 0.05189 0.16048 0.01164 ( 1)
 242 E   0.80563 0.02071 0.16808 0.00558 ( 1)
 243 L   0.79941 0.02733 0.16631 0.00695 ( 1)
 244 L   0.77608 0.05180 0.16049 0.01162 ( 1)
 245 Q   0.78955 0.03741 0.16392 0.00911 ( 1)
 246 Q   0.78955 0.03741 0.16392 0.00911 ( 1)
 247 L   0.79656 0.02969 0.16597 0.00779 ( 1)
 248 L   0.79985 0.02654 0.16665 0.00696 ( 1)
 249 R   0.81212 0.01343 0.17038 0.00407 ( 1)
 250 T   0.80991 0.01580 0.16965 0.00464 ( 1)
 251 P   0.80658 0.01940 0.16858 0.00544 ( 1)
 252 P   0.80616 0.01987 0.16844 0.00553 ( 1)
 253 P   0.80658 0.01940 0.16858 0.00544 ( 1)
 254 E   0.80345 0.02273 0.16766 0.00616 ( 1)
 255 L   0.80000 0.02639 0.16668 0.00692 ( 1)
 256 L   0.77651 0.05119 0.16068 0.01163 ( 1)
 257 R   0.81283 0.01254 0.17073 0.00390 ( 1)
 258 A   0.00517 0.99483 0.00000 0.00000 ( 2)
 259 L   0.77651 0.05119 0.16068 0.01163 ( 1)
 260 T   0.81010 0.01563 0.16969 0.00459 ( 1)
 261 T   0.10302 0.89682 0.00000 0.00016 ( 2)
 262 A   0.65450 0.15626 0.13784 0.05140 ( 1)
 263 G   0.81582 0.00937 0.17176 0.00306 ( 1)
 264 G   0.81574 0.00944 0.17174 0.00308 ( 1)
 265 I   0.81010 0.01561 0.16970 0.00459 ( 1)
 266 G   0.15305 0.84666 0.00000 0.00029 ( 2)
 267 Q   0.04467 0.95519 0.00000 0.00015 ( 2)
 268 L   0.80001 0.02639 0.16668 0.00692 ( 1)
 269 T   0.81360 0.01169 0.17102 0.00369 ( 1)
 270 A   0.51887 0.29218 0.10837 0.08058 ( 1)
 271 A   0.49006 0.32224 0.10216 0.08554 ( 1)
 272 K   0.62926 0.18122 0.13227 0.05725 ( 1)
 273 D   0.51433 0.29679 0.10740 0.08148 ( 1)
 274 E   0.80296 0.02320 0.16756 0.00628 ( 1)
 275 P   0.80937 0.01634 0.16951 0.00478 ( 1)
 276 G   0.20931 0.79069 0.00000 0.00000 ( 2)
 277 C   0.81014 0.01552 0.16976 0.00459 ( 1)
 278 R   0.81169 0.01383 0.17028 0.00419 ( 1)
 279 S   0.80775 0.01809 0.16899 0.00517 ( 1)
 280 R   0.81542 0.00972 0.17168 0.00318 ( 1)
 281 S   0.80595 0.02001 0.16844 0.00560 ( 1)
 282 G   0.81169 0.01384 0.17028 0.00419 ( 1)
 283 S   0.80735 0.01847 0.16891 0.00528 ( 1)
 284 I   0.80963 0.01606 0.16960 0.00472 ( 1)
 285 V   0.79709 0.02942 0.16592 0.00757 ( 1)
 286 E   0.80296 0.02320 0.16756 0.00628 ( 1)
 287 L   0.80082 0.02547 0.16695 0.00676 ( 1)
 288 I   0.81889 0.00567 0.17336 0.00208 ( 1)
 289 A   0.79186 0.03539 0.16427 0.00847 ( 1)
 290 G   0.80397 0.02271 0.16743 0.00590 ( 1)
 291 G   0.80831 0.01813 0.16866 0.00490 ( 1)
 292 G   0.81263 0.01354 0.16998 0.00386 ( 1)
 293 S   0.79284 0.03437 0.16452 0.00828 ( 1)
 294 S   0.78738 0.04010 0.16315 0.00937 ( 1)
 295 C   0.80213 0.02464 0.16693 0.00630 ( 1)
 296 S   0.79744 0.02956 0.16569 0.00731 ( 1)
 297 P   0.79761 0.02938 0.16573 0.00728 ( 1)
 298 V   0.80082 0.02602 0.16657 0.00659 ( 1)
 299 L   0.79213 0.03511 0.16434 0.00842 ( 1)
 300 S   0.78709 0.04038 0.16309 0.00944 ( 1)
 301 R   0.80499 0.02157 0.16776 0.00568 ( 1)
 302 K   0.80411 0.02256 0.16746 0.00586 ( 1)
 303 Q   0.79249 0.03473 0.16443 0.00835 ( 1)
 304 K   0.80410 0.02257 0.16746 0.00587 ( 1)
 305 G   0.80524 0.02162 0.16760 0.00555 ( 1)
 306 K   0.55275 0.26172 0.11530 0.07024 ( 1)
 307 V   0.79302 0.03424 0.16453 0.00821 ( 1)
 308 L   0.79545 0.03170 0.16514 0.00771 ( 1)
 309 F   0.80466 0.02209 0.16754 0.00572 ( 1)
 310 G   0.80862 0.01791 0.16867 0.00481 ( 1)
 311 E   0.80265 0.02418 0.16701 0.00616 ( 1)
 312 A   0.79642 0.03075 0.16535 0.00748 ( 1)
 313 A   0.79578 0.03137 0.16522 0.00763 ( 1)
 314 A   0.80136 0.02556 0.16664 0.00643 ( 1)
 315 L   0.03263 0.78043 0.00676 0.18017 ( 2)
 316 E   0.79951 0.02749 0.16616 0.00683 ( 1)
 317 D   0.80109 0.02585 0.16657 0.00649 ( 1)
 318 D   0.80391 0.02289 0.16733 0.00587 ( 1)
 319 S   0.46715 0.34970 0.09704 0.08612 ( 1)
 320 E   0.79951 0.02749 0.16616 0.00683 ( 1)
 321 S   0.79225 0.03509 0.16431 0.00835 ( 1)
 322 R   0.81138 0.01501 0.16947 0.00414 ( 1)
 323 S   0.79207 0.03526 0.16427 0.00839 ( 1)
 324 D   0.80384 0.02301 0.16728 0.00587 ( 1)
 325 G   0.81321 0.01306 0.17004 0.00369 ( 1)
 326 S   0.80265 0.02421 0.16699 0.00615 ( 1)
 327 S   0.80265 0.02421 0.16699 0.00615 ( 1)
 328 P   0.80645 0.02022 0.16802 0.00530 ( 1)
 329 T   0.80664 0.02002 0.16808 0.00526 ( 1)
 330 F   0.80493 0.02182 0.16760 0.00565 ( 1)
 331 A   0.00244 0.99745 0.00000 0.00011 ( 2)
 332 A   0.80046 0.02643 0.16646 0.00665 ( 1)
 333 A   0.45346 0.35958 0.09440 0.09256 ( 1)
 334 V   0.57355 0.23620 0.12020 0.07004 ( 1)
 335 K   0.81475 0.01041 0.17147 0.00337 ( 1)
 336 G   0.81852 0.00612 0.17315 0.00221 ( 1)
 337 E   0.80411 0.02193 0.16793 0.00603 ( 1)
 338 V   0.00001 0.77470 0.00000 0.22529 ( 2)
 339 G   0.81694 0.00745 0.17290 0.00272 ( 1)
 340 G   0.70129 0.11038 0.14837 0.03996 ( 1)
 341 E   0.80411 0.02193 0.16793 0.00603 ( 1)
 342 L   0.77706 0.05056 0.16084 0.01155 ( 1)
 343 A   0.49542 0.31628 0.10334 0.08497 ( 1)
 344 A   0.80584 0.02008 0.16844 0.00563 ( 1)
 345 S   0.80269 0.02344 0.16751 0.00636 ( 1)
 346 S   0.80269 0.02344 0.16751 0.00636 ( 1)
 347 G   0.81583 0.00920 0.17191 0.00306 ( 1)
 348 V   0.81002 0.01560 0.16976 0.00463 ( 1)
 349 P   0.53026 0.28055 0.11081 0.07838 ( 1)
 350 T   0.81475 0.01042 0.17146 0.00337 ( 1)
 351 P   0.80772 0.01814 0.16896 0.00518 ( 1)
 352 G   0.63874 0.16973 0.13465 0.05688 ( 1)
 353 S   0.56193 0.43801 0.00000 0.00006 ( 1)
 354 A   0.80174 0.02446 0.16724 0.00657 ( 1)
 355 A   0.80586 0.02007 0.16844 0.00563 ( 1)
 356 D   0.09484 0.90516 0.00000 0.00000 ( 2)
 357 S   0.80269 0.02344 0.16751 0.00636 ( 1)
 358 G   0.05223 0.74328 0.01088 0.19361 ( 2)
 359 G   0.81856 0.00601 0.17324 0.00219 ( 1)
 360 H   0.80769 0.01812 0.16899 0.00519 ( 1)
 361 D   0.80821 0.01755 0.16917 0.00507 ( 1)
 362 I   0.81071 0.01485 0.16999 0.00445 ( 1)
 363 I   0.81071 0.01485 0.16999 0.00445 ( 1)
 364 T   0.81436 0.01077 0.17138 0.00349 ( 1)
 365 E   0.80411 0.02193 0.16793 0.00603 ( 1)
 366 Q   0.79038 0.03648 0.16417 0.00897 ( 1)
 367 P   0.81044 0.01514 0.16990 0.00452 ( 1)
 368 R   0.81551 0.00953 0.17181 0.00316 ( 1)
 369 S   0.45760 0.35561 0.09526 0.09154 ( 1)
 370 Q   0.79038 0.03648 0.16417 0.00897 ( 1)
 371 H   0.80757 0.01824 0.16897 0.00523 ( 1)
 372 T   0.81243 0.01296 0.17060 0.00401 ( 1)
 373 L   0.80199 0.02419 0.16731 0.00652 ( 1)
 374 Q   0.79038 0.03648 0.16417 0.00897 ( 1)
 375 T   0.58170 0.22825 0.12194 0.06810 ( 1)
 376 D   0.80821 0.01755 0.16917 0.00507 ( 1)
 377 S   0.81256 0.01278 0.17069 0.00398 ( 1)
 378 V   0.47572 0.33733 0.09909 0.08787 ( 1)
 379 D   0.80560 0.02034 0.16837 0.00569 ( 1)
 380 L   0.77731 0.05031 0.16089 0.01149 ( 1)
 381 T   0.81139 0.01416 0.17018 0.00427 ( 1)
 382 G   0.81611 0.00888 0.17203 0.00298 ( 1)
 383 C   0.51662 0.29431 0.10790 0.08117 ( 1)
 384 D   0.80821 0.01755 0.16917 0.00507 ( 1)
 385 L   0.79015 0.03673 0.16411 0.00902 ( 1)
 386 T   0.00027 0.99969 0.00000 0.00003 ( 2)
 387 S   0.80877 0.01697 0.16933 0.00492 ( 1)
 388 G   0.70008 0.11120 0.14817 0.04056 ( 1)
 389 A   0.80525 0.02064 0.16832 0.00579 ( 1)
 390 T   0.09420 0.66928 0.01982 0.21670 ( 2)
 391 D   0.80778 0.01799 0.16905 0.00517 ( 1)
 392 G   0.81583 0.00920 0.17191 0.00306 ( 1)
 393 D   0.80783 0.01790 0.16910 0.00517 ( 1)
 394 E   0.80411 0.02193 0.16793 0.00603 ( 1)
 395 E   0.80413 0.02189 0.16795 0.00603 ( 1)
 396 D   0.80821 0.01755 0.16917 0.00507 ( 1)
 397 I   0.81071 0.01485 0.16999 0.00445 ( 1)
 398 L   0.79036 0.03653 0.16415 0.00897 ( 1)
 399 S   0.80750 0.01836 0.16891 0.00523 ( 1)
 400 H   0.80801 0.01782 0.16906 0.00511 ( 1)
 401 S   0.80750 0.01836 0.16891 0.00523 ( 1)
 402 S   0.80617 0.01980 0.16849 0.00555 ( 1)
 403 S   0.80750 0.01836 0.16891 0.00523 ( 1)
 404 Q   0.79104 0.03570 0.16439 0.00887 ( 1)
 405 M   0.00024 0.99976 0.00000 0.00000 ( 2)
 406 S   0.80750 0.01836 0.16891 0.00523 ( 1)
 407 A   0.52939 0.28133 0.11064 0.07865 ( 1)
 408 V   0.00027 0.99940 0.00000 0.00033 ( 2)
 409 P   0.81250 0.01281 0.17068 0.00400 ( 1)
 410 S   0.80316 0.02299 0.16761 0.00624 ( 1)
 411 D   0.80865 0.01713 0.16927 0.00495 ( 1)
 412 P   0.80764 0.01822 0.16894 0.00520 ( 1)
 413 A   0.80631 0.01964 0.16854 0.00551 ( 1)
 414 M   0.67080 0.14000 0.14152 0.04768 ( 1)
 415 D   0.80865 0.01713 0.16927 0.00495 ( 1)
 416 L   0.77742 0.05021 0.16091 0.01147 ( 1)
 417 N   0.81954 0.00495 0.17365 0.00185 ( 1)
 418 D   0.80606 0.01991 0.16846 0.00557 ( 1)
 419 G   0.81617 0.00889 0.17198 0.00296 ( 1)
 420 T   0.81106 0.01453 0.17005 0.00435 ( 1)
 421 Q   0.79084 0.03604 0.16426 0.00886 ( 1)
 422 A   0.80631 0.01964 0.16854 0.00551 ( 1)
 423 S   0.80617 0.01980 0.16849 0.00555 ( 1)
 424 S   0.80316 0.02299 0.16761 0.00624 ( 1)
 425 P   0.81070 0.01490 0.16995 0.00445 ( 1)
 426 I   0.81113 0.01446 0.17008 0.00433 ( 1)
 427 S   0.80924 0.01650 0.16946 0.00481 ( 1)
 428 D   0.80865 0.01713 0.16927 0.00495 ( 1)
 429 S   0.80750 0.01836 0.16891 0.00523 ( 1)
 430 S   0.80617 0.01980 0.16849 0.00555 ( 1)
 431 Q   0.79084 0.03604 0.16426 0.00886 ( 1)
 432 T   0.81106 0.01453 0.17005 0.00435 ( 1)
 433 T   0.81106 0.01453 0.17005 0.00435 ( 1)
 434 T   0.81108 0.01452 0.17006 0.00435 ( 1)
 435 E   0.80458 0.02148 0.16802 0.00591 ( 1)
 436 G   0.81617 0.00889 0.17198 0.00296 ( 1)
 437 P   0.81080 0.01480 0.16997 0.00442 ( 1)
 438 D   0.80606 0.01991 0.16846 0.00557 ( 1)
 439 S   0.79729 0.02922 0.16597 0.00752 ( 1)
 440 A   0.80573 0.02019 0.16842 0.00567 ( 1)
 441 V   0.79876 0.02767 0.16637 0.00721 ( 1)
 442 T   0.81106 0.01453 0.17005 0.00435 ( 1)
 443 P   0.80764 0.01822 0.16894 0.00520 ( 1)
 444 S   0.80610 0.01989 0.16845 0.00556 ( 1)
 445 D   0.80865 0.01713 0.16927 0.00495 ( 1)
 446 S   0.80924 0.01650 0.16946 0.00481 ( 1)
 447 S   0.80316 0.02299 0.16761 0.00624 ( 1)
 448 E   0.80780 0.01805 0.16900 0.00516 ( 1)
 449 I   0.80910 0.01665 0.16941 0.00484 ( 1)
 450 V   0.80021 0.02365 0.16844 0.00770 ( 1)
 451 L   0.79662 0.03027 0.16557 0.00755 ( 1)
 452 D   0.80453 0.02191 0.16774 0.00582 ( 1)
 453 G   0.81839 0.00694 0.17238 0.00229 ( 1)
 454 A   0.80459 0.02190 0.16771 0.00580 ( 1)
 455 D   0.80722 0.01909 0.16849 0.00520 ( 1)
 456 S   0.80602 0.02036 0.16814 0.00548 ( 1)
 457 Q   0.78916 0.03809 0.16367 0.00908 ( 1)
 458 Y   0.80980 0.01635 0.16926 0.00459 ( 1)
 459 P   0.51208 0.30060 0.10680 0.08053 ( 1)
 460 G   0.81533 0.01038 0.17112 0.00317 ( 1)
 461 M   0.81626 0.00935 0.17148 0.00291 ( 1)
 462 Q   0.79295 0.03395 0.16473 0.00838 ( 1)
 463 A   0.08782 0.70130 0.01834 0.19254 ( 2)
 464 G   0.74182 0.20185 0.04045 0.01588 ( 1)
 465 Q   0.78916 0.03809 0.16367 0.00908 ( 1)
 466 P   0.07696 0.70864 0.01608 0.19832 ( 2)
 467 Q   0.46808 0.47729 0.02518 0.02946 ( 2)
 468 D   0.80712 0.01922 0.16844 0.00522 ( 1)
 469 E   0.50076 0.31343 0.10429 0.08152 ( 1)
 470 D   0.80710 0.01920 0.16846 0.00523 ( 1)
 471 E   0.80300 0.02356 0.16729 0.00616 ( 1)
 472 D   0.80710 0.01925 0.16843 0.00521 ( 1)
 473 A   0.06107 0.87682 0.00331 0.05880 ( 2)
 474 A   0.80062 0.02603 0.16666 0.00670 ( 1)
 475 A   0.46144 0.35411 0.09592 0.08852 ( 1)
 476 V   0.00461 0.77171 0.00096 0.22272 ( 2)
 477 L   0.80082 0.02585 0.16669 0.00664 ( 1)
 478 P   0.80617 0.02021 0.16818 0.00544 ( 1)
 479 D   0.63508 0.36492 0.00000 0.00000 ( 1)
 480 E   0.80633 0.02004 0.16823 0.00541 ( 1)
 481 D   0.80716 0.01914 0.16848 0.00521 ( 1)
 482 A   0.00002 0.99991 0.00000 0.00007 ( 2)
 483 E   0.80300 0.02356 0.16729 0.00616 ( 1)
 484 A   0.80051 0.02623 0.16657 0.00669 ( 1)
 485 F   0.81028 0.01584 0.16941 0.00447 ( 1)
 486 R   0.81196 0.01404 0.16995 0.00405 ( 1)
 487 N   0.17414 0.58910 0.03673 0.20004 ( 2)
 488 S   0.80154 0.02509 0.16688 0.00648 ( 1)
 489 S   0.80463 0.02183 0.16774 0.00580 ( 1)
 490 I   0.55730 0.25472 0.11649 0.07149 ( 1)
 491 A   0.80089 0.02602 0.16654 0.00655 ( 1)
 492 L   0.79814 0.02843 0.16613 0.00730 ( 1)
 493 Q   0.79851 0.02804 0.16623 0.00722 ( 1)
 494 Q   0.79851 0.02804 0.16623 0.00722 ( 1)
 495 A   0.56306 0.43685 0.00001 0.00009 ( 1)
