Supplemental results for CODEML (seqf: /home/leticiamagpali/phd/evol_models/codeml/small_dataset/cml_align/HTT_codon_aligned.phy  treef: /home/leticiamagpali/phd/evol_models/codeml/small_dataset/cml_trees/H3_trees/HTT_tree_H3.tre)

I	J	ij	2Ns_IJ	pMut_IJ	pSub_IJ	2Ns_JI	pMut_JI	pSub_JI

TTC	TTT	CT	0.40082	0.04741	0.05754	-0.40082	0.07079	0.05754
TTA	TTT	AT	0.89286	0.00394	0.00596	-0.89286	0.00963	0.00596
TTA	TTC	AC	0.49203	0.00772	0.00978	-0.49203	0.01263	0.00978
TTG	TTT	GT	0.48662	0.00855	0.01080	-0.48662	0.01391	0.01080
TTG	TTC	GC	0.08580	0.01674	0.01747	-0.08580	0.01824	0.01747
TTG	TTA	GA	-0.40624	0.07192	0.05830	0.40624	0.04791	0.05830
TCT	TTT	CT	0.43227	0.04594	0.05658	-0.43227	0.07079	0.05658
TCC	TTC	CT	0.58292	0.05181	0.06837	-0.58292	0.09281	0.06837
TCC	TCT	CT	0.55148	0.05181	0.06740	-0.55148	0.08994	0.06740
TCA	TTA	CT	0.26456	0.03330	0.03790	-0.26456	0.04338	0.03790
TCA	TCT	AT	0.72515	0.00593	0.00833	-0.72515	0.01224	0.00833
TCA	TCC	AC	0.17367	0.01160	0.01264	-0.17367	0.01380	0.01264
TCG	TTG	CT	1.70369	0.01712	0.03566	-1.70369	0.09406	0.03566
TCG	TCT	GT	1.75804	0.00305	0.00647	-1.75804	0.01767	0.00647
TCG	TCC	GC	1.20656	0.00596	0.01027	-1.20656	0.01993	0.01027
TCG	TCA	GA	1.03290	0.02562	0.04110	-1.03290	0.07199	0.04110
TAT	TTT	AT	1.29493	0.00264	0.00471	-1.29493	0.00963	0.00471
TAT	TCT	AC	0.86266	0.00516	0.00771	-0.86266	0.01224	0.00771
TAC	TTC	AT	0.55746	0.00723	0.00943	-0.55746	0.01263	0.00943
TAC	TCC	AC	-0.02546	0.01416	0.01398	0.02546	0.01380	0.01398
TAC	TAT	CT	-0.33665	0.04064	0.03418	0.33665	0.02902	0.03418
TGT	TTT	GT	1.06381	0.00480	0.00780	-1.06381	0.01391	0.00780
TGT	TCT	GC	0.63155	0.00940	0.01268	-0.63155	0.01767	0.01268
TGT	TAT	GA	-0.23112	0.04038	0.03589	0.23112	0.03205	0.03589
TGC	TTC	GT	1.09305	0.00611	0.01005	-1.09305	0.01824	0.01005
TGC	TCC	GC	0.51012	0.01197	0.01528	-0.51012	0.01993	0.01528
TGC	TAC	GA	0.53559	0.05142	0.06641	-0.53559	0.08785	0.06641
TGC	TGT	CT	0.43006	0.03435	0.04227	-0.43006	0.05281	0.04227
TGG	TTG	GT	1.33977	0.00484	0.00879	-1.33977	0.01849	0.00879
TGG	TCG	GC	-0.36391	0.00948	0.00786	0.36391	0.00659	0.00786
TGG	TGT	GT	0.76258	0.00484	0.00692	-0.76258	0.01038	0.00692
TGG	TGC	GC	0.33252	0.00948	0.01114	-0.33252	0.01322	0.01114
CTT	TTT	CT	0.41844	0.04658	0.05701	-0.41844	0.07079	0.05701
CTC	TTC	CT	0.25940	0.07160	0.08129	-0.25940	0.09281	0.08129
CTC	CTT	CT	0.24178	0.07160	0.08061	-0.24178	0.09119	0.08061
CTA	TTA	CT	1.00751	0.01584	0.02514	-1.00751	0.04338	0.02514
CTA	CTT	AT	1.48193	0.00282	0.00541	-1.48193	0.01241	0.00541
CTA	CTC	AC	1.24014	0.00552	0.00963	-1.24014	0.01907	0.00963
CTG	TTG	CT	-0.47356	0.15103	0.11808	0.47356	0.09406	0.11808
CTG	CTT	GT	-0.40538	0.02688	0.02180	0.40538	0.01792	0.02180
CTG	CTC	GC	-0.64716	0.05262	0.03742	0.64716	0.02755	0.03742
CTG	CTA	GA	-1.88730	0.22606	0.07617	1.88730	0.03424	0.07617
CCT	TCT	CT	0.86243	0.03797	0.05666	-0.86243	0.08994	0.05666
CCT	CTT	CT	0.87625	0.03797	0.05700	-0.87625	0.09119	0.05700
CCC	TCC	CT	0.76768	0.04707	0.06743	-0.76768	0.10143	0.06743
CCC	CTC	CT	1.09121	0.04707	0.07733	-1.09121	0.14017	0.07733
CCC	CCT	CT	0.45673	0.04707	0.05864	-0.45673	0.07432	0.05864
CCA	TCA	CT	0.97114	0.02468	0.03858	-0.97114	0.06519	0.03858
CCA	CTA	CT	0.22819	0.02468	0.02761	-0.22819	0.03101	0.02761
CCA	CCT	AT	0.83386	0.00439	0.00648	-0.83386	0.01011	0.00648
CCA	CCC	AC	0.37713	0.00860	0.01032	-0.37713	0.01254	0.01032
CCG	TCG	CT	0.12125	0.02969	0.03152	-0.12125	0.03351	0.03152
CCG	CTG	CT	2.29849	0.02969	0.07585	-2.29849	0.29566	0.07585
CCG	CCT	GT	1.01686	0.00528	0.00842	-1.01686	0.01461	0.00842
CCG	CCC	GC	0.56013	0.01034	0.01351	-0.56013	0.01811	0.01351
CCG	CCA	GA	0.18300	0.04444	0.04862	-0.18300	0.05336	0.04862
CAT	TAT	CT	0.52120	0.01723	0.02211	-0.52120	0.02902	0.02211
CAT	CTT	AT	1.39769	0.00307	0.00569	-1.39769	0.01241	0.00569
CAT	CCT	AC	0.52144	0.00600	0.00770	-0.52144	0.01011	0.00770
CAC	TAC	CT	0.29506	0.05922	0.06839	-0.29506	0.07955	0.06839
CAC	CTC	AT	0.59312	0.01054	0.01397	-0.59312	0.01907	0.01397
CAC	CCC	AC	-0.49809	0.02063	0.01592	0.49809	0.01254	0.01592
CAC	CAT	CT	-0.56279	0.05922	0.04411	0.56279	0.03374	0.04411
CAA	CTA	AT	0.26800	0.00323	0.00368	-0.26800	0.00422	0.00368
CAA	CCA	AC	0.03981	0.00632	0.00644	-0.03981	0.00657	0.00644
CAA	CAT	AT	0.35223	0.00323	0.00383	-0.35223	0.00459	0.00383
CAA	CAC	AC	0.91502	0.00632	0.00964	-0.91502	0.01578	0.00964
CAG	CTG	AT	0.71843	0.01961	0.02750	-0.71843	0.04023	0.02750
CAG	CCG	AC	-1.58006	0.03839	0.01574	1.58006	0.00791	0.01574
CAG	CAT	GT	-1.08463	0.01961	0.01086	1.08463	0.00663	0.01086
CAG	CAC	GC	-0.52184	0.03839	0.02924	0.52184	0.02278	0.02924
CAG	CAA	GA	-1.43687	0.16496	0.07390	1.43687	0.03921	0.07390
CGT	TGT	CT	1.52321	0.01151	0.02243	-1.52321	0.05281	0.02243
CGT	CTT	GT	2.16858	0.00205	0.00502	-2.16858	0.01792	0.00502
CGT	CCT	GC	1.29233	0.00401	0.00715	-1.29233	0.01461	0.00715
CGT	CAT	GA	0.77089	0.01723	0.02472	-0.77089	0.03725	0.02472
CGC	TGC	CT	1.07336	0.02299	0.03749	-1.07336	0.06725	0.03749
CGC	CTC	GT	1.90700	0.00409	0.00916	-1.90700	0.02755	0.00916
CGC	CCC	GC	0.81580	0.00801	0.01172	-0.81580	0.01811	0.01172
CGC	CAC	GA	1.31389	0.03441	0.06183	-1.31389	0.12803	0.06183
CGC	CGT	CT	-0.01979	0.02299	0.02276	0.01979	0.02254	0.02276
CGA	CTA	GT	1.85772	0.00095	0.00209	-1.85772	0.00609	0.00209
CGA	CCA	GC	1.62953	0.00186	0.00377	-1.62953	0.00950	0.00377
CGA	CAA	GA	1.58972	0.00800	0.01597	-1.58972	0.03921	0.01597
CGA	CGT	AT	1.17107	0.00095	0.00161	-1.17107	0.00307	0.00161
CGA	CGC	AC	1.19086	0.00186	0.00318	-1.19086	0.00612	0.00318
CGG	TGG	CT	0.60097	0.02920	0.03885	-0.60097	0.05325	0.03885
CGG	CTG	GT	2.41431	0.00520	0.01378	-2.41431	0.05810	0.01378
CGG	CCG	GC	0.11581	0.01017	0.01077	-0.11581	0.01142	0.01077
CGG	CAG	GA	1.69587	0.04370	0.09076	-1.69587	0.23824	0.09076
CGG	CGT	GT	-0.15965	0.00520	0.00479	0.15965	0.00443	0.00479
CGG	CGC	GC	-0.13986	0.01017	0.00948	0.13986	0.00884	0.00948
CGG	CGA	GA	-1.33072	0.04370	0.02089	1.33072	0.01155	0.02089
ATT	TTT	AT	0.46224	0.00607	0.00758	-0.46224	0.00963	0.00758
ATT	CTT	AC	0.04380	0.01188	0.01214	-0.04380	0.01241	0.01214
ATC	TTC	AT	0.09035	0.01154	0.01207	-0.09035	0.01263	0.01207
ATC	CTC	AC	-0.16905	0.02259	0.02073	0.16905	0.01907	0.02073
ATC	ATT	CT	0.02893	0.06483	0.06577	-0.02893	0.06673	0.06577
ATA	TTA	AT	0.65486	0.00307	0.00418	-0.65486	0.00590	0.00418
ATA	CTA	AC	-0.35265	0.00600	0.00501	0.35265	0.00422	0.00501
ATA	ATT	AT	1.08548	0.00307	0.00503	-1.08548	0.00908	0.00503
ATA	ATC	AC	1.05654	0.00600	0.00972	-1.05654	0.01727	0.00972
ATG	TTG	AT	0.24169	0.01005	0.01131	-0.24169	0.01280	0.01131
ATG	CTG	AC	0.71525	0.01968	0.02754	-0.71525	0.04023	0.02754
ATG	ATT	GT	0.26607	0.01005	0.01145	-0.26607	0.01311	0.01145
ATG	ATC	GC	0.23713	0.01968	0.02210	-0.23713	0.02494	0.02210
ATG	ATA	GA	-0.81941	0.08453	0.05458	0.81941	0.03725	0.05458
ACT	TCT	AT	0.98570	0.00457	0.00718	-0.98570	0.01224	0.00718
ACT	CCT	AC	0.12328	0.00894	0.00950	-0.12328	0.01011	0.00950
ACT	ATT	CT	0.95573	0.02566	0.03985	-0.95573	0.06673	0.03985
ACC	TCC	AT	0.20442	0.01125	0.01244	-0.20442	0.01380	0.01244
ACC	CCC	AC	-0.56326	0.02202	0.01640	0.56326	0.01254	0.01640
ACC	ATC	CT	0.69699	0.06321	0.08778	-0.69699	0.12691	0.08778
ACC	ACT	CT	-0.22980	0.06321	0.05623	0.22980	0.05023	0.05623
ACA	TCA	AT	0.77872	0.00407	0.00586	-0.77872	0.00887	0.00586
ACA	CCA	AC	-0.19242	0.00797	0.00723	0.19242	0.00657	0.00723
ACA	ATA	CT	0.38841	0.02288	0.02761	-0.38841	0.03374	0.02761
ACA	ACT	AT	0.51816	0.00407	0.00522	-0.51816	0.00684	0.00522
ACA	ACC	AC	0.74796	0.00797	0.01132	-0.74796	0.01684	0.01132
ACG	TCG	AT	-0.26311	0.00593	0.00519	0.26311	0.00456	0.00519
ACG	CCG	AC	-0.38436	0.01161	0.00952	0.38436	0.00791	0.00952
ACG	ATG	CT	1.19889	0.03334	0.05722	-1.19889	0.11056	0.05722
ACG	ACT	GT	0.50923	0.00593	0.00757	-0.50923	0.00987	0.00757
ACG	ACC	GC	0.73903	0.01161	0.01643	-0.73903	0.02432	0.01643
ACG	ACA	GA	-0.00893	0.04990	0.04968	0.00893	0.04945	0.04968
AAT	TAT	AT	0.13549	0.00345	0.00369	-0.13549	0.00395	0.00369
AAT	CAT	AC	-0.38571	0.00675	0.00553	0.38571	0.00459	0.00553
AAT	ATT	AT	0.96818	0.00345	0.00538	-0.96818	0.00908	0.00538
AAT	ACT	AC	0.01245	0.00675	0.00679	-0.01245	0.00684	0.00679
AAC	TAC	AT	0.50456	0.00654	0.00832	-0.50456	0.01082	0.00832
AAC	CAC	AC	0.20950	0.01279	0.01418	-0.20950	0.01578	0.01418
AAC	ATC	AT	0.97167	0.00654	0.01022	-0.97167	0.01727	0.01022
AAC	ACC	AC	0.27468	0.01279	0.01463	-0.27468	0.01684	0.01463
AAC	AAT	CT	0.03242	0.03672	0.03732	-0.03242	0.03793	0.03732
AAA	CAA	AC	-0.89730	0.01185	0.00732	0.89730	0.00483	0.00732
AAA	ATA	AT	-0.27665	0.00605	0.00525	0.27665	0.00459	0.00525
AAA	ACA	AC	-0.66506	0.01185	0.00834	0.66506	0.00609	0.00834
AAA	AAT	AT	-0.15935	0.00605	0.00558	0.15935	0.00516	0.00558
AAA	AAC	AC	-0.19178	0.01185	0.01075	0.19178	0.00978	0.01075
AAG	CAG	AC	0.49290	0.01793	0.02271	-0.49290	0.02936	0.02271
AAG	ATG	AT	0.49609	0.00916	0.01162	-0.49609	0.01504	0.01162
AAG	ACG	AC	-0.70280	0.01793	0.01236	0.70280	0.00888	0.01236
AAG	AAT	GT	-0.20602	0.00916	0.00825	0.20602	0.00745	0.00825
AAG	AAC	GC	-0.23845	0.01793	0.01588	0.23845	0.01413	0.01588
AAG	AAA	GA	-0.04667	0.07704	0.07526	0.04667	0.07353	0.07526
AGT	TGT	AT	0.36366	0.00500	0.00596	-0.36366	0.00719	0.00596
AGT	CGT	AC	-1.15955	0.00978	0.00518	1.15955	0.00307	0.00518
AGT	ATT	GT	0.96523	0.00500	0.00779	-0.96523	0.01311	0.00779
AGT	ACT	GC	0.00950	0.00978	0.00983	-0.00950	0.00987	0.00983
AGT	AAT	GA	-0.00295	0.04201	0.04195	0.00295	0.04189	0.04195
AGC	TGC	AT	-0.36727	0.01321	0.01093	0.36727	0.00915	0.01093
AGC	CGC	AC	-1.44062	0.02586	0.01156	1.44062	0.00612	0.01156
AGC	ATC	GT	0.63543	0.01321	0.01785	-0.63543	0.02494	0.01785
AGC	ACC	GC	-0.06156	0.02586	0.02508	0.06156	0.02432	0.02508
AGC	AAC	GA	-0.33624	0.11112	0.09348	0.33624	0.07939	0.09348
AGC	AGT	CT	-0.30087	0.07424	0.06363	0.30087	0.05495	0.06363
AGA	CGA	AC	-1.97316	0.01024	0.00326	1.97316	0.00142	0.00326
AGA	ATA	GT	0.23721	0.00523	0.00587	-0.23721	0.00663	0.00587
AGA	ACA	GC	-0.15120	0.01024	0.00948	0.15120	0.00880	0.00948
AGA	AAA	GA	0.51386	0.04398	0.05625	-0.51386	0.07353	0.05625
AGA	AGT	AT	0.35746	0.00523	0.00622	-0.35746	0.00748	0.00622
AGA	AGC	AC	0.65833	0.01024	0.01397	-0.65833	0.01977	0.01397
AGG	TGG	AT	-0.02540	0.00743	0.00734	0.02540	0.00725	0.00734
AGG	CGG	AC	-0.62637	0.01455	0.01047	0.62637	0.00778	0.01047
AGG	ATG	GT	1.07269	0.00743	0.01212	-1.07269	0.02173	0.01212
AGG	ACG	GC	-0.12620	0.01455	0.01365	0.12620	0.01283	0.01365
AGG	AAG	GA	0.57660	0.06251	0.08226	-0.57660	0.11127	0.08226
AGG	AGT	GT	0.37353	0.00743	0.00891	-0.37353	0.01080	0.00891
AGG	AGC	GC	0.67439	0.01455	0.02000	-0.67439	0.02856	0.02000
AGG	AGA	GA	0.01607	0.06251	0.06302	-0.01607	0.06353	0.06302
GTT	TTT	GT	0.96559	0.00530	0.00826	-0.96559	0.01391	0.00826
GTT	CTT	GC	0.54715	0.01037	0.01346	-0.54715	0.01792	0.01346
GTT	ATT	GA	0.50335	0.04455	0.05670	-0.50335	0.07369	0.05670
GTC	TTC	GT	0.46028	0.01151	0.01436	-0.46028	0.01824	0.01436
GTC	CTC	GC	0.20089	0.02253	0.02487	-0.20089	0.02755	0.02487
GTC	ATC	GA	0.36993	0.09681	0.11582	-0.36993	0.14015	0.11582
GTC	GTT	CT	-0.10448	0.06468	0.06136	0.10448	0.05826	0.06136
GTA	TTA	GT	1.49335	0.00192	0.00369	-1.49335	0.00853	0.00369
GTA	CTA	GC	0.48584	0.00375	0.00473	-0.48584	0.00609	0.00473
GTA	ATA	GA	0.83848	0.01611	0.02379	-0.83848	0.03725	0.02379
GTA	GTT	AT	1.42061	0.00192	0.00359	-1.42061	0.00793	0.00359
GTA	GTC	AC	1.52510	0.00375	0.00731	-1.52510	0.01723	0.00731
GTG	TTG	GT	-0.00630	0.01860	0.01854	0.00630	0.01849	0.01854
GTG	CTG	GC	0.46725	0.03642	0.04558	-0.46725	0.05810	0.04558
GTG	ATG	GA	-0.24799	0.15645	0.13785	0.24799	0.12209	0.13785
GTG	GTT	GT	-0.48527	0.01860	0.01445	0.48527	0.01145	0.01445
GTG	GTC	GC	-0.38079	0.03642	0.02992	0.38079	0.02488	0.02992
GTG	GTA	GA	-1.90589	0.15645	0.05208	1.90589	0.02326	0.05208
GCT	TCT	GT	0.62416	0.00947	0.01273	-0.62416	0.01767	0.01273
GCT	CCT	GC	-0.23827	0.01854	0.01641	0.23827	0.01461	0.01641
GCT	ACT	GA	-0.36154	0.07963	0.06610	0.36154	0.05547	0.06610
GCT	GTT	CT	0.09084	0.05320	0.05566	-0.09084	0.05826	0.05566
GCC	TCC	GT	0.26183	0.01534	0.01744	-0.26183	0.01993	0.01744
GCC	CCC	GC	-0.50585	0.03003	0.02307	0.50585	0.01811	0.02307
GCC	ACC	GA	0.05741	0.12903	0.13276	-0.05741	0.13665	0.13276
GCC	GTC	CT	0.38447	0.08620	0.10383	-0.38447	0.12662	0.10383
GCC	GCT	CT	0.18915	0.08620	0.09461	-0.18915	0.10415	0.09461
GCA	TCA	GT	0.53721	0.00749	0.00968	-0.53721	0.01281	0.00968
GCA	CCA	GC	-0.43394	0.01466	0.01170	0.43394	0.00950	0.01170
GCA	ACA	GA	-0.24151	0.06296	0.05567	0.24151	0.04945	0.05567
GCA	GTA	CT	-0.69159	0.04207	0.02918	0.69159	0.02107	0.02918
GCA	GCT	AT	0.63819	0.00749	0.01013	-0.63819	0.01417	0.01013
GCA	GCC	AC	0.44904	0.01466	0.01819	-0.44904	0.02296	0.01819
GCG	TCG	GT	0.31474	0.00481	0.00560	-0.31474	0.00659	0.00560
GCG	CCG	GC	0.19349	0.00941	0.01035	-0.19349	0.01142	0.01035
GCG	ACG	GA	0.57785	0.04044	0.05324	-0.57785	0.07207	0.05324
GCG	GTG	CT	2.02473	0.02702	0.06302	-2.02473	0.20462	0.06302
GCG	GCT	GT	1.44862	0.00481	0.00910	-1.44862	0.02047	0.00910
GCG	GCC	GC	1.25947	0.00941	0.01655	-1.25947	0.03316	0.01655
GCG	GCA	GA	0.81043	0.04044	0.05901	-0.81043	0.09094	0.05901
GAT	TAT	GT	-0.26214	0.00741	0.00648	0.26214	0.00570	0.00648
GAT	CAT	GC	-0.78334	0.01451	0.00956	0.78334	0.00663	0.00956
GAT	AAT	GA	-0.39763	0.06234	0.05077	0.39763	0.04189	0.05077
GAT	GTT	AT	0.06720	0.00741	0.00766	-0.06720	0.00793	0.00766
GAT	GCT	AC	-0.02364	0.01451	0.01434	0.02364	0.01417	0.01434
GAC	TAC	GT	0.04274	0.01498	0.01530	-0.04274	0.01563	0.01530
GAC	CAC	GC	-0.25232	0.02932	0.02578	0.25232	0.02278	0.02578
GAC	AAC	GA	-0.46182	0.12598	0.09912	0.46182	0.07939	0.09912
GAC	GTC	AT	0.13991	0.01498	0.01605	-0.13991	0.01723	0.01605
GAC	GCC	AC	-0.24456	0.02932	0.02588	0.24456	0.02296	0.02588
GAC	GAT	CT	-0.03176	0.08417	0.08284	0.03176	0.08154	0.08284
GAA	CAA	GC	-0.94542	0.01796	0.01079	0.94542	0.00698	0.01079
GAA	AAA	GA	-0.04813	0.07716	0.07531	0.04813	0.07353	0.07531
GAA	GTA	AT	-1.16327	0.00917	0.00485	1.16327	0.00287	0.00485
GAA	GCA	AC	-0.47168	0.01796	0.01406	0.47168	0.01121	0.01406
GAA	GAT	AT	0.19015	0.00917	0.01007	-0.19015	0.01110	0.01007
GAA	GAC	AC	0.22192	0.01796	0.02002	-0.22192	0.02242	0.02002
GAG	CAG	GC	0.17876	0.03546	0.03872	-0.17876	0.04240	0.03872
GAG	AAG	GA	-0.31414	0.15234	0.12966	0.31414	0.11127	0.12966
GAG	GTG	AT	0.42994	0.01811	0.02229	-0.42994	0.02784	0.02229
GAG	GCG	AC	-1.59480	0.03546	0.01440	1.59480	0.00720	0.01440
GAG	GAT	GT	-0.12253	0.01811	0.01703	0.12253	0.01602	0.01703
GAG	GAC	GC	-0.09077	0.03546	0.03387	0.09077	0.03238	0.03387
GAG	GAA	GA	-0.31268	0.15234	0.12976	0.31268	0.11143	0.12976
GGT	TGT	GT	1.39015	0.00258	0.00478	-1.39015	0.01038	0.00478
GGT	CGT	GC	-0.13305	0.00506	0.00473	0.13305	0.00443	0.00473
GGT	AGT	GA	1.02650	0.02174	0.03477	-1.02650	0.06068	0.03477
GGT	GTT	GT	1.48838	0.00258	0.00497	-1.48838	0.01145	0.00497
GGT	GCT	GC	1.39754	0.00506	0.00939	-1.39754	0.02047	0.00939
GGT	GAT	GA	1.42118	0.02174	0.04073	-1.42118	0.09004	0.04073
GGC	TGC	GT	0.52975	0.00778	0.01002	-0.52975	0.01322	0.01002
GGC	CGC	GC	-0.54360	0.01523	0.01147	0.54360	0.00884	0.01147
GGC	AGC	GA	0.89702	0.06544	0.09912	-0.89702	0.16048	0.09912
GGC	GTC	GT	1.16251	0.00778	0.01316	-1.16251	0.02488	0.01316
GGC	GCC	GC	0.77804	0.01523	0.02192	-0.77804	0.03316	0.02192
GGC	GAC	GA	1.02260	0.06544	0.10451	-1.02260	0.18196	0.10451
GGC	GGT	CT	-0.43034	0.04372	0.03499	0.43034	0.02843	0.03499
GGA	CGA	GC	-1.54076	0.00960	0.00403	1.54076	0.00206	0.00403
GGA	AGA	GA	0.43240	0.04122	0.05078	-0.43240	0.06353	0.05078
GGA	GTA	GT	-0.16887	0.00490	0.00450	0.16887	0.00414	0.00450
GGA	GCA	GC	0.52271	0.00960	0.01232	-0.52271	0.01618	0.01232
GGA	GAA	GA	0.99439	0.04122	0.06506	-0.99439	0.11143	0.06506
GGA	GGT	AT	-0.23664	0.00490	0.00434	0.23664	0.00387	0.00434
GGA	GGC	AC	0.19371	0.00960	0.01055	-0.19371	0.01165	0.01055
GGG	TGG	GT	0.40735	0.00696	0.00848	-0.40735	0.01047	0.00848
GGG	CGG	GC	-0.19363	0.01363	0.01236	0.19363	0.01123	0.01236
GGG	AGG	GA	0.43275	0.05857	0.07216	-0.43275	0.09029	0.07216
GGG	GTG	GT	1.75343	0.00696	0.01477	-1.75343	0.04021	0.01477
GGG	GCG	GC	-0.27131	0.01363	0.01187	0.27131	0.01039	0.01187
GGG	GAG	GA	1.32349	0.05857	0.10564	-1.32349	0.22002	0.10564
GGG	GGT	GT	-0.22022	0.00696	0.00623	0.22022	0.00559	0.00623
GGG	GGC	GC	0.21012	0.01363	0.01512	-0.21012	0.01682	0.01512
GGG	GGA	GA	0.01641	0.05857	0.05905	-0.01641	0.05954	0.05905


Histograms
2Ns	FMut	FSub(CodonUsage)	FSubw(after w)

-2.29934	0.02118	0.00597
-2.06940	0.01393	0.00475
-1.83947	0.02837	0.01071
-1.60954	0.03199	0.01400
-1.37960	0.04904	0.02545
-1.14967	0.03250	0.01947
-0.91974	0.07970	0.05373
-0.68980	0.06480	0.05075
-0.45987	0.14634	0.12887
-0.22993	0.12030	0.11805
0.00000	0.12259	0.13646
0.22993	0.09399	0.11805
0.45987	0.09318	0.12887
0.68980	0.03330	0.05075
0.91974	0.03143	0.05373
1.14967	0.01047	0.01947
1.37960	0.01244	0.02545
1.60954	0.00617	0.01400
1.83947	0.00434	0.01071
2.06940	0.00182	0.00475
2.29934	0.00209	0.00597

Proportion of advantageous (S > 0) mutations:
 0.34918

Proportions of good & bad mutations (|S| > 2.0000) among mutations:
0.00383  0.03450

mean |Ns| = 0.67890	mean Ns+ = 0.49981	mean Ns- = -0.77498


MLEs of dN/dS (w) for site classes (K=4)

site class             0        1       2a       2b
proportion       0.70687  0.13112  0.13667  0.02535
background w     0.03558  0.99557  0.03558  0.99557
foreground w     0.03558  0.99557  0.00000  0.00000

Naive Empirical Bayes (NEB) probabilities for 4 classes
(amino acids refer to 1st sequence: Bbon)

   1 N   0.78802 0.04494 0.15442 0.01262 ( 1)
   2 S   0.75714 0.07741 0.14738 0.01806 ( 1)
   3 P   0.76313 0.07109 0.14870 0.01708 ( 1)
   4 E   0.76326 0.07095 0.14873 0.01706 ( 1)
   5 F   0.76874 0.06517 0.14995 0.01613 ( 1)
   6 Q   0.74151 0.09400 0.14399 0.02049 ( 1)
   7 K   0.77429 0.05933 0.15121 0.01516 ( 1)
   8 L   0.75576 0.07888 0.14708 0.01829 ( 1)
   9 L   0.72845 0.10795 0.14120 0.02240 ( 1)
  10 G   0.78295 0.05026 0.15321 0.01358 ( 1)
  11 I   0.76602 0.06804 0.14935 0.01660 ( 1)
  12 A   0.75636 0.07824 0.14721 0.01819 ( 1)
  13 M   0.34535 0.65289 0.00003 0.00174 ( 2)
  14 E   0.76326 0.07095 0.14873 0.01706 ( 1)
  15 L   0.75539 0.07924 0.14700 0.01837 ( 1)
  16 F   0.76874 0.06517 0.14995 0.01613 ( 1)
  17 L   0.72845 0.10795 0.14120 0.02240 ( 1)
  18 L   0.72845 0.10795 0.14120 0.02240 ( 1)
  19 C   0.77178 0.06197 0.15064 0.01561 ( 1)
  20 S   0.76762 0.06635 0.14971 0.01633 ( 1)
  21 D   0.76190 0.07238 0.14843 0.01728 ( 1)
  22 D   0.76424 0.06997 0.14893 0.01685 ( 1)
  23 A   0.75563 0.07879 0.14711 0.01847 ( 1)
  24 E   0.75952 0.07490 0.14791 0.01767 ( 1)
  25 S   0.75250 0.08167 0.14654 0.01929 ( 1)
  26 D   0.76190 0.07238 0.14843 0.01728 ( 1)
  27 V   0.76936 0.06452 0.15009 0.01603 ( 1)
  28 R   0.77632 0.05720 0.15168 0.01480 ( 1)
  29 M   0.78426 0.04888 0.15352 0.01333 ( 1)
  30 V   0.75153 0.08336 0.14615 0.01896 ( 1)
  31 A   0.75702 0.07736 0.14741 0.01821 ( 1)
  32 D   0.76503 0.06908 0.14913 0.01676 ( 1)
  33 E   0.75952 0.07490 0.14791 0.01767 ( 1)
  34 C   0.77178 0.06197 0.15064 0.01561 ( 1)
  35 L   0.75513 0.07955 0.14694 0.01839 ( 1)
  36 N   0.79253 0.04026 0.15549 0.01171 ( 1)
  37 K   0.25464 0.55612 0.04970 0.13955 ( 2)
  38 V   0.76936 0.06452 0.15009 0.01603 ( 1)
  39 I   0.79078 0.04184 0.15517 0.01221 ( 1)
  40 K   0.77254 0.06097 0.15088 0.01560 ( 1)
  41 -   0.78055 0.05477 0.15192 0.01275 ( 1)
  42 -   0.77108 0.06450 0.14990 0.01452 ( 1)
  43 -   0.74695 0.08940 0.14485 0.01879 ( 1)
  44 -   0.75485 0.08123 0.14649 0.01743 ( 1)
  45 -   0.76918 0.06646 0.14950 0.01487 ( 1)
  46 -   0.75345 0.08268 0.14620 0.01767 ( 1)
  47 -   0.72417 0.11308 0.14018 0.02258 ( 1)
  48 -   0.77320 0.06232 0.15035 0.01413 ( 1)
  49 -   0.74695 0.08940 0.14485 0.01879 ( 1)
  50 -   0.75189 0.08430 0.14588 0.01794 ( 1)
  51 -   0.72380 0.11344 0.14010 0.02265 ( 1)
  52 -   0.74713 0.08922 0.14489 0.01876 ( 1)
  53 -   0.76481 0.07096 0.14858 0.01566 ( 1)
  54 -   0.75787 0.07811 0.14712 0.01690 ( 1)
  55 -   0.75189 0.08430 0.14588 0.01794 ( 1)
  56 -   0.74968 0.08657 0.14542 0.01832 ( 1)
  57 -   0.72380 0.11344 0.14010 0.02265 ( 1)
  58 -   0.74695 0.08940 0.14485 0.01879 ( 1)
  59 -   0.75449 0.08160 0.14642 0.01749 ( 1)
  60 -   0.74533 0.09105 0.14453 0.01909 ( 1)
  61 -   0.76268 0.07315 0.14813 0.01604 ( 1)
  62 -   0.76918 0.06646 0.14950 0.01487 ( 1)
  63 -   0.75485 0.08123 0.14649 0.01743 ( 1)
  64 -   0.73443 0.10239 0.14228 0.02091 ( 1)
  65 -   0.76292 0.07290 0.14818 0.01600 ( 1)
  66 -   0.76062 0.07527 0.14770 0.01641 ( 1)
  67 -   0.76481 0.07096 0.14858 0.01566 ( 1)
  68 P   0.76346 0.07056 0.14883 0.01715 ( 1)
  69 Y   0.76758 0.06620 0.14975 0.01646 ( 1)
  70 L   0.74024 0.09525 0.14374 0.02077 ( 1)
  71 V   0.78562 0.04723 0.15393 0.01322 ( 1)
  72 N   0.79035 0.04228 0.15507 0.01230 ( 1)
  73 L   0.75406 0.08053 0.14675 0.01866 ( 1)
  74 L   0.74024 0.09525 0.14374 0.02077 ( 1)
  75 P   0.76346 0.07056 0.14883 0.01715 ( 1)
  76 C   0.76843 0.06524 0.14997 0.01636 ( 1)
  77 L   0.72759 0.10879 0.14103 0.02258 ( 1)
  78 T   0.76957 0.06422 0.15017 0.01605 ( 1)
  79 R   0.78304 0.04993 0.15331 0.01371 ( 1)
  80 T   0.77246 0.06108 0.15085 0.01561 ( 1)
  81 S   0.76192 0.07219 0.14849 0.01740 ( 1)
  82 K   0.77697 0.05631 0.15190 0.01482 ( 1)
  83 R   0.77191 0.06155 0.15077 0.01578 ( 1)
  84 P   0.76770 0.06606 0.14979 0.01645 ( 1)
  85 E   0.75823 0.07615 0.14765 0.01797 ( 1)
  86 E   0.75773 0.07663 0.14756 0.01808 ( 1)
  87 S   0.75541 0.07909 0.14704 0.01845 ( 1)
  88 V   0.76737 0.06642 0.14971 0.01650 ( 1)
  89 Q   0.74022 0.09528 0.14374 0.02077 ( 1)
  90 E   0.75773 0.07663 0.14756 0.01808 ( 1)
  91 T   0.76855 0.06518 0.14997 0.01630 ( 1)
  92 L   0.74024 0.09525 0.14374 0.02077 ( 1)
  93 A   0.75474 0.07978 0.14690 0.01857 ( 1)
  94 A   0.75984 0.07368 0.14823 0.01826 ( 1)
  95 A   0.75587 0.07847 0.14718 0.01847 ( 1)
  96 V   0.76737 0.06642 0.14971 0.01650 ( 1)
  97 P   0.76346 0.07056 0.14883 0.01715 ( 1)
  98 K   0.77697 0.05631 0.15190 0.01482 ( 1)
  99 I   0.22884 0.58509 0.04460 0.14147 ( 2)
 100 M   0.78210 0.05092 0.15310 0.01388 ( 1)
 101 A   0.75465 0.07991 0.14688 0.01857 ( 1)
 102 S   0.75549 0.07899 0.14707 0.01845 ( 1)
 103 F   0.76827 0.06548 0.14991 0.01634 ( 1)
 104 G   0.78080 0.05228 0.15279 0.01413 ( 1)
 105 N   0.78676 0.04590 0.15425 0.01309 ( 1)
 106 F   0.76680 0.06702 0.14958 0.01660 ( 1)
 107 A   0.75311 0.08154 0.14654 0.01881 ( 1)
 108 N   0.79035 0.04228 0.15507 0.01230 ( 1)
 109 D   0.76312 0.07092 0.14876 0.01720 ( 1)
 110 S   0.29765 0.50303 0.05832 0.14099 ( 2)
 111 E   0.76102 0.07324 0.14826 0.01748 ( 1)
 112 I   0.76623 0.06784 0.14939 0.01655 ( 1)
 113 K   0.77857 0.05496 0.15215 0.01431 ( 1)
 114 V   0.77084 0.06338 0.15030 0.01548 ( 1)
 115 L   0.72851 0.10786 0.14122 0.02241 ( 1)
 116 L   0.74945 0.08575 0.14565 0.01915 ( 1)
 117 K   0.77898 0.05440 0.15229 0.01432 ( 1)
 118 A   0.75687 0.07756 0.14736 0.01821 ( 1)
 119 F   0.77185 0.06190 0.15066 0.01559 ( 1)
 120 I   0.79295 0.03982 0.15560 0.01163 ( 1)
 121 A   0.78230 0.05094 0.15306 0.01370 ( 1)
 122 N   0.78796 0.04502 0.15439 0.01262 ( 1)
 123 L   0.72845 0.10795 0.14120 0.02240 ( 1)
 124 K   0.77909 0.05430 0.15231 0.01430 ( 1)
 125 S   0.22734 0.58609 0.04432 0.14225 ( 2)
 126 S   0.76387 0.07028 0.14888 0.01697 ( 1)
 127 S   0.75714 0.07741 0.14738 0.01806 ( 1)
 128 P   0.76537 0.06873 0.14920 0.01671 ( 1)
 129 T   0.77056 0.06326 0.15036 0.01582 ( 1)
 130 V   0.20114 0.61873 0.03912 0.14101 ( 2)
 131 R   0.78095 0.05235 0.15274 0.01396 ( 1)
 132 R   0.78095 0.05235 0.15274 0.01396 ( 1)
 133 T   0.77360 0.06012 0.15103 0.01524 ( 1)
 134 A   0.78125 0.05207 0.15280 0.01388 ( 1)
 135 A   0.76203 0.07225 0.14846 0.01726 ( 1)
 136 G   0.27998 0.52370 0.05479 0.14153 ( 2)
 137 S   0.77487 0.05873 0.15134 0.01506 ( 1)
 138 A   0.78230 0.05094 0.15306 0.01370 ( 1)
 139 V   0.75164 0.08325 0.14618 0.01893 ( 1)
 140 S   0.76380 0.07037 0.14885 0.01697 ( 1)
 141 I   0.23925 0.57415 0.04664 0.13995 ( 2)
 142 C   0.77178 0.06197 0.15064 0.01561 ( 1)
 143 Q   0.74151 0.09400 0.14399 0.02049 ( 1)
 144 H   0.76497 0.06915 0.14911 0.01677 ( 1)
 145 S   0.76201 0.07227 0.14845 0.01727 ( 1)
 146 R   0.77577 0.05773 0.15157 0.01494 ( 1)
 147 R   0.77581 0.05777 0.15163 0.01480 ( 1)
 148 T   0.01530 0.98097 0.00000 0.00372 ( 2)
 149 Q   0.74151 0.09400 0.14399 0.02049 ( 1)
 150 Y   0.29424 0.70417 0.00002 0.00157 ( 2)
 151 F   0.76936 0.06444 0.15012 0.01608 ( 1)
 152 Y   0.76957 0.06430 0.15014 0.01599 ( 1)
 153 S   0.76380 0.07037 0.14885 0.01697 ( 1)
 154 W   0.75654 0.07806 0.14725 0.01816 ( 1)
 155 L   0.72986 0.10633 0.14152 0.02229 ( 1)
 156 L   0.75513 0.07955 0.14694 0.01839 ( 1)
 157 S   0.76697 0.06697 0.14958 0.01648 ( 1)
 158 V   0.75272 0.08178 0.14650 0.01900 ( 1)
 159 L   0.75513 0.07955 0.14694 0.01839 ( 1)
 160 L   0.25122 0.74831 0.00001 0.00046 ( 2)
 161 G   0.78970 0.04321 0.15481 0.01228 ( 1)
 162 L   0.74176 0.09376 0.14403 0.02044 ( 1)
 163 L   0.73363 0.10195 0.14241 0.02202 ( 1)
 164 V   0.77437 0.05929 0.15122 0.01513 ( 1)
 165 P   0.77006 0.06380 0.15025 0.01589 ( 1)
 166 V   0.75180 0.08310 0.14621 0.01890 ( 1)
 167 E   0.75983 0.07460 0.14797 0.01761 ( 1)
 168 E   0.75983 0.07460 0.14797 0.01761 ( 1)
 169 E   0.76312 0.07108 0.14871 0.01709 ( 1)
 170 H   0.25269 0.55432 0.04937 0.14362 ( 2)
 171 S   0.76203 0.07235 0.14843 0.01719 ( 1)
 172 T   0.23654 0.57666 0.04612 0.14068 ( 2)
 173 L   0.75592 0.07872 0.14711 0.01825 ( 1)
 174 L   0.72859 0.10781 0.14123 0.02237 ( 1)
 175 I   0.76635 0.06773 0.14941 0.01652 ( 1)
 176 L   0.75543 0.07925 0.14700 0.01832 ( 1)
 177 G   0.77465 0.05899 0.15128 0.01508 ( 1)
 178 V   0.75180 0.08310 0.14621 0.01890 ( 1)
 179 L   0.72859 0.10781 0.14123 0.02237 ( 1)
 180 L   0.75555 0.07911 0.14703 0.01831 ( 1)
 181 T   0.77497 0.05863 0.15136 0.01504 ( 1)
 182 L   0.74155 0.09397 0.14399 0.02049 ( 1)
 183 R   0.77668 0.05686 0.15175 0.01471 ( 1)
 184 Y   0.77900 0.05443 0.15228 0.01429 ( 1)
 185 L   0.74176 0.09376 0.14403 0.02044 ( 1)
 186 V   0.75180 0.08310 0.14621 0.01890 ( 1)
 187 P   0.77022 0.06364 0.15028 0.01585 ( 1)
 188 L   0.74176 0.09376 0.14403 0.02044 ( 1)
 189 L   0.72859 0.10781 0.14123 0.02237 ( 1)
 190 Q   0.74174 0.09379 0.14403 0.02045 ( 1)
 191 Q   0.74174 0.09379 0.14403 0.02045 ( 1)
 192 Q   0.74174 0.09379 0.14403 0.02045 ( 1)
 193 V   0.76970 0.06420 0.15016 0.01595 ( 1)
 194 K   0.77945 0.05396 0.15238 0.01421 ( 1)
 195 D   0.76526 0.06886 0.14917 0.01671 ( 1)
 196 T   0.77105 0.06282 0.15045 0.01568 ( 1)
 197 S   0.76413 0.07006 0.14892 0.01689 ( 1)
 198 L   0.72859 0.10781 0.14123 0.02237 ( 1)
 199 K   0.77464 0.05900 0.15128 0.01508 ( 1)
 200 G   0.78332 0.04991 0.15328 0.01349 ( 1)
 201 S   0.76413 0.07006 0.14892 0.01689 ( 1)
 202 F   0.76907 0.06485 0.15002 0.01605 ( 1)
 203 G   0.78171 0.05159 0.15291 0.01379 ( 1)
 204 V   0.75180 0.08310 0.14621 0.01890 ( 1)
 205 T   0.77340 0.06038 0.15097 0.01525 ( 1)
 206 R   0.78131 0.05201 0.15281 0.01387 ( 1)
 207 K   0.77464 0.05900 0.15128 0.01508 ( 1)
 208 E   0.75983 0.07460 0.14797 0.01761 ( 1)
 209 M   0.78463 0.04854 0.15359 0.01324 ( 1)
 210 E   0.75983 0.07460 0.14797 0.01761 ( 1)
 211 V   0.76970 0.06420 0.15016 0.01595 ( 1)
 212 S   0.75923 0.07515 0.14785 0.01776 ( 1)
 213 P   0.77022 0.06364 0.15028 0.01585 ( 1)
 214 S   0.77522 0.05840 0.15141 0.01498 ( 1)
 215 T   0.77062 0.06324 0.15036 0.01578 ( 1)
 216 E   0.75983 0.07460 0.14797 0.01761 ( 1)
 217 Q   0.74174 0.09379 0.14403 0.02045 ( 1)
 218 L   0.75595 0.07870 0.14711 0.01824 ( 1)
 219 V   0.76936 0.06452 0.15009 0.01603 ( 1)
 220 Q   0.74084 0.09467 0.14386 0.02064 ( 1)
 221 V   0.74760 0.08771 0.14526 0.01944 ( 1)
 222 Y   0.76589 0.06852 0.14921 0.01637 ( 1)
 223 E   0.75842 0.07633 0.14759 0.01765 ( 1)
 224 L   0.73624 0.09965 0.14285 0.02126 ( 1)
 225 T   0.76564 0.06868 0.14919 0.01649 ( 1)
 226 L   0.73834 0.09752 0.14327 0.02086 ( 1)
 227 H   0.30527 0.69355 0.00002 0.00116 ( 2)
 228 Y   0.77349 0.06045 0.15094 0.01512 ( 1)
 229 T   0.77340 0.06054 0.15092 0.01514 ( 1)
 230 Q   0.73923 0.09665 0.14345 0.02067 ( 1)
 231 H   0.76166 0.07298 0.14828 0.01708 ( 1)
 232 Q   0.75180 0.08348 0.14611 0.01861 ( 1)
 233 D   0.76172 0.07292 0.14829 0.01707 ( 1)
 234 H   0.76166 0.07298 0.14828 0.01708 ( 1)
 235 N   0.78432 0.04929 0.15336 0.01303 ( 1)
 236 V   0.77049 0.06372 0.15023 0.01556 ( 1)
 237 V   0.75032 0.08453 0.14592 0.01922 ( 1)
 238 T   0.77350 0.06071 0.15085 0.01494 ( 1)
 239 G   0.77794 0.05594 0.15190 0.01422 ( 1)
 240 A   0.75486 0.07988 0.14687 0.01839 ( 1)
 241 L   0.72693 0.10970 0.14085 0.02251 ( 1)
 242 E   0.75952 0.07519 0.14782 0.01746 ( 1)
 243 L   0.75219 0.08295 0.14622 0.01864 ( 1)
 244 L   0.72693 0.10970 0.14085 0.02251 ( 1)
 245 Q   0.74054 0.09536 0.14370 0.02040 ( 1)
 246 Q   0.74054 0.09536 0.14370 0.02040 ( 1)
 247 L   0.75113 0.08398 0.14602 0.01887 ( 1)
 248 L   0.75390 0.08128 0.14655 0.01827 ( 1)
 249 R   0.77182 0.06251 0.15047 0.01521 ( 1)
 250 T   0.76911 0.06533 0.14987 0.01569 ( 1)
 251 P   0.76401 0.07067 0.14874 0.01657 ( 1)
 252 P   0.76211 0.07258 0.14836 0.01696 ( 1)
 253 P   0.76401 0.07067 0.14874 0.01657 ( 1)
 254 E   0.75822 0.07675 0.14749 0.01755 ( 1)
 255 L   0.75390 0.08128 0.14655 0.01827 ( 1)
 256 L   0.72779 0.10885 0.14102 0.02234 ( 1)
 257 R   0.77348 0.06086 0.15080 0.01486 ( 1)
 258 A   0.00043 0.88786 0.00005 0.11166 ( 2)
 259 L   0.72779 0.10885 0.14102 0.02234 ( 1)
 260 T   0.76915 0.06529 0.14988 0.01568 ( 1)
 261 T   0.76885 0.06561 0.14981 0.01573 ( 1)
 262 A   0.27716 0.53265 0.05413 0.13606 ( 2)
 263 G   0.78187 0.05206 0.15271 0.01335 ( 1)
 264 G   0.78153 0.05240 0.15264 0.01343 ( 1)
 265 I   0.76746 0.06706 0.14950 0.01598 ( 1)
 266 G   0.27216 0.53806 0.05314 0.13664 ( 2)
 267 Q   0.00804 0.82174 0.00156 0.16865 ( 2)
 268 L   0.75390 0.08128 0.14655 0.01827 ( 1)
 269 T   0.77622 0.05784 0.15147 0.01447 ( 1)
 270 A   0.21809 0.60067 0.04244 0.13880 ( 2)
 271 A   0.75537 0.07967 0.14689 0.01807 ( 1)
 272 K   0.77766 0.05642 0.15177 0.01415 ( 1)
 273 D   0.26497 0.73490 0.00000 0.00013 ( 2)
 274 E   0.75822 0.07675 0.14749 0.01755 ( 1)
 275 P   0.76839 0.06608 0.14971 0.01582 ( 1)
 276 G   0.30841 0.49802 0.06033 0.13324 ( 2)
 277 C   0.77037 0.06402 0.15014 0.01546 ( 1)
 278 R   0.77186 0.06246 0.15047 0.01520 ( 1)
 279 S   0.76630 0.06827 0.14925 0.01617 ( 1)
 280 R   0.78206 0.05184 0.15277 0.01333 ( 1)
 281 S   0.76245 0.07231 0.14841 0.01683 ( 1)
 282 G   0.77288 0.06141 0.15070 0.01502 ( 1)
 283 S   0.76547 0.06908 0.14909 0.01637 ( 1)
 284 I   0.76745 0.06711 0.14949 0.01594 ( 1)
 285 V   0.75035 0.08502 0.14579 0.01884 ( 1)
 286 E   0.75822 0.07675 0.14749 0.01755 ( 1)
 287 L   0.75451 0.08064 0.14669 0.01816 ( 1)
 288 I   0.79160 0.04195 0.15498 0.01148 ( 1)
 289 A   0.74394 0.09184 0.14441 0.01981 ( 1)
 290 G   0.75904 0.07598 0.14764 0.01734 ( 1)
 291 G   0.76536 0.06937 0.14901 0.01626 ( 1)
 292 G   0.77321 0.06117 0.15073 0.01488 ( 1)
 293 S   0.74459 0.09116 0.14454 0.01971 ( 1)
 294 S   0.73934 0.09673 0.14342 0.02051 ( 1)
 295 C   0.75685 0.07828 0.14716 0.01771 ( 1)
 296 S   0.75004 0.08542 0.14571 0.01883 ( 1)
 297 P   0.75139 0.08401 0.14599 0.01861 ( 1)
 298 V   0.75476 0.08047 0.14671 0.01806 ( 1)
 299 L   0.74347 0.09234 0.14430 0.01989 ( 1)
 300 S   0.73883 0.09723 0.14332 0.02062 ( 1)
 301 R   0.75886 0.07614 0.14761 0.01739 ( 1)
 302 K   0.75904 0.07598 0.14764 0.01734 ( 1)
 303 Q   0.74306 0.09277 0.14422 0.01995 ( 1)
 304 K   0.75902 0.07600 0.14763 0.01735 ( 1)
 305 G   0.76273 0.07192 0.14850 0.01686 ( 1)
 306 K   0.29142 0.70858 0.00000 0.00000 ( 2)
 307 V   0.74680 0.08823 0.14517 0.01981 ( 1)
 308 L   0.75013 0.08468 0.14589 0.01930 ( 1)
 309 F   0.76293 0.07109 0.14872 0.01726 ( 1)
 310 G   0.76814 0.06557 0.14989 0.01639 ( 1)
 311 E   0.75767 0.07666 0.14755 0.01812 ( 1)
 312 A   0.75055 0.08430 0.14597 0.01918 ( 1)
 313 A   0.74980 0.08503 0.14582 0.01935 ( 1)
 314 A   0.75653 0.07787 0.14730 0.01830 ( 1)
 315 L   0.17290 0.65258 0.03356 0.14096 ( 2)
 316 E   0.75419 0.08036 0.14679 0.01867 ( 1)
 317 D   0.75641 0.07800 0.14727 0.01832 ( 1)
 318 D   0.75934 0.07489 0.14792 0.01785 ( 1)
 319 S   0.20181 0.61707 0.03926 0.14186 ( 2)
 320 E   0.75419 0.08036 0.14679 0.01867 ( 1)
 321 S   0.74562 0.08950 0.14491 0.01997 ( 1)
 322 R   0.77002 0.06358 0.15032 0.01608 ( 1)
 323 S   0.74536 0.08976 0.14485 0.02002 ( 1)
 324 D   0.75934 0.07489 0.14792 0.01785 ( 1)
 325 G   0.77651 0.05674 0.15181 0.01494 ( 1)
 326 S   0.75819 0.07611 0.14767 0.01803 ( 1)
 327 S   0.75819 0.07611 0.14767 0.01803 ( 1)
 328 P   0.76394 0.07001 0.14895 0.01710 ( 1)
 329 T   0.76457 0.06935 0.14909 0.01699 ( 1)
 330 F   0.76285 0.07117 0.14870 0.01728 ( 1)
 331 -   0.19098 0.62927 0.03714 0.14261 ( 2)
 332 -   0.75457 0.07976 0.14692 0.01874 ( 1)
 333 A   0.00895 0.80706 0.00174 0.18225 ( 2)
 334 V   0.76970 0.06420 0.15016 0.01595 ( 1)
 335 K   0.77945 0.05396 0.15238 0.01421 ( 1)
 336 G   0.78971 0.04337 0.15474 0.01217 ( 1)
 337 E   0.75983 0.07460 0.14797 0.01761 ( 1)
 338 V   0.01126 0.79358 0.00220 0.19297 ( 2)
 339 G   0.78584 0.04715 0.15392 0.01309 ( 1)
 340 G   0.31538 0.48552 0.06181 0.13728 ( 2)
 341 E   0.75983 0.07460 0.14797 0.01761 ( 1)
 342 L   0.72859 0.10781 0.14123 0.02237 ( 1)
 343 A   0.21105 0.60681 0.04108 0.14107 ( 2)
 344 A   0.76234 0.07195 0.14852 0.01719 ( 1)
 345 S   0.75744 0.07713 0.14744 0.01800 ( 1)
 346 S   0.75744 0.07713 0.14744 0.01800 ( 1)
 347 G   0.78171 0.05159 0.15291 0.01379 ( 1)
 348 V   0.76970 0.06420 0.15016 0.01595 ( 1)
 349 P   0.22388 0.59152 0.04361 0.14099 ( 2)
 350 T   0.77892 0.05452 0.15226 0.01431 ( 1)
 351 P   0.76668 0.06727 0.14952 0.01654 ( 1)
 352 G   0.26960 0.54359 0.05258 0.13423 ( 2)
 353 S   0.75049 0.08451 0.14591 0.01908 ( 1)
 354 A   0.75666 0.07796 0.14727 0.01812 ( 1)
 355 A   0.76234 0.07195 0.14852 0.01719 ( 1)
 356 D   0.28505 0.71495 0.00000 0.00000 ( 2)
 357 S   0.75744 0.07713 0.14744 0.01800 ( 1)
 358 G   0.00940 0.80559 0.00183 0.18318 ( 2)
 359 G   0.79007 0.04287 0.15488 0.01218 ( 1)
 360 H   0.76529 0.06884 0.14918 0.01670 ( 1)
 361 D   0.76536 0.06877 0.14919 0.01669 ( 1)
 362 I   0.76935 0.06456 0.15008 0.01601 ( 1)
 363 I   0.76935 0.06456 0.15008 0.01601 ( 1)
 364 T   0.77853 0.05488 0.15218 0.01440 ( 1)
 365 E   0.75983 0.07460 0.14797 0.01761 ( 1)
 366 Q   0.74174 0.09379 0.14403 0.02045 ( 1)
 367 P   0.77014 0.06373 0.15026 0.01588 ( 1)
 368 R   0.78150 0.05183 0.15285 0.01382 ( 1)
 369 S   0.75049 0.08451 0.14591 0.01908 ( 1)
 370 Q   0.74174 0.09379 0.14403 0.02045 ( 1)
 371 H   0.76529 0.06884 0.14918 0.01670 ( 1)
 372 T   0.77495 0.05867 0.15135 0.01502 ( 1)
 373 L   0.75605 0.07860 0.14713 0.01822 ( 1)
 374 Q   0.74174 0.09379 0.14403 0.02045 ( 1)
 375 T   0.24649 0.56454 0.04810 0.14087 ( 2)
 376 D   0.76536 0.06877 0.14919 0.01669 ( 1)
 377 S   0.77429 0.05929 0.15123 0.01520 ( 1)
 378 V   0.25078 0.74621 0.00003 0.00298 ( 2)
 379 D   0.76222 0.07208 0.14849 0.01721 ( 1)
 380 L   0.72902 0.10738 0.14131 0.02229 ( 1)
 381 T   0.77288 0.06058 0.15097 0.01557 ( 1)
 382 G   0.78332 0.04991 0.15328 0.01349 ( 1)
 383 C   0.76014 0.07427 0.14803 0.01755 ( 1)
 384 D   0.76536 0.06877 0.14919 0.01669 ( 1)
 385 L   0.74176 0.09376 0.14403 0.02044 ( 1)
 386 T   0.00045 0.79987 0.00009 0.19959 ( 2)
 387 S   0.76803 0.06595 0.14979 0.01623 ( 1)
 388 G   0.79007 0.04287 0.15488 0.01218 ( 1)
 389 A   0.76177 0.07250 0.14841 0.01732 ( 1)
 390 T   0.01338 0.77947 0.00261 0.20454 ( 2)
 391 D   0.76467 0.06956 0.14902 0.01675 ( 1)
 392 G   0.78171 0.05159 0.15291 0.01379 ( 1)
 393 D   0.76516 0.06895 0.14915 0.01673 ( 1)
 394 E   0.75983 0.07460 0.14797 0.01761 ( 1)
 395 E   0.75989 0.07454 0.14798 0.01759 ( 1)
 396 D   0.76536 0.06877 0.14919 0.01669 ( 1)
 397 I   0.76935 0.06456 0.15008 0.01601 ( 1)
 398 L   0.74146 0.09406 0.14398 0.02051 ( 1)
 399 S   0.76413 0.07006 0.14892 0.01689 ( 1)
 400 H   0.76529 0.06884 0.14918 0.01670 ( 1)
 401 S   0.76413 0.07006 0.14892 0.01689 ( 1)
 402 S   0.76233 0.07196 0.14852 0.01719 ( 1)
 403 S   0.76413 0.07006 0.14892 0.01689 ( 1)
 404 Q   0.74174 0.09379 0.14403 0.02045 ( 1)
 405 M   0.00069 0.99838 0.00000 0.00092 ( 2)
 406 S   0.76413 0.07006 0.14892 0.01689 ( 1)
 407 A   0.26938 0.73062 0.00000 0.00000 ( 2)
 408 V   0.01203 0.78952 0.00235 0.19610 ( 2)
 409 P   0.77548 0.05800 0.15151 0.01501 ( 1)
 410 S   0.75744 0.07713 0.14744 0.01800 ( 1)
 411 D   0.76536 0.06877 0.14919 0.01669 ( 1)
 412 P   0.76569 0.06841 0.14926 0.01663 ( 1)
 413 A   0.76234 0.07195 0.14852 0.01719 ( 1)
 414 M   0.29118 0.51214 0.05700 0.13969 ( 2)
 415 D   0.76536 0.06877 0.14919 0.01669 ( 1)
 416 L   0.72859 0.10781 0.14123 0.02237 ( 1)
 417 N   0.79246 0.04043 0.15544 0.01168 ( 1)
 418 D   0.76222 0.07208 0.14849 0.01721 ( 1)
 419 G   0.78171 0.05159 0.15291 0.01379 ( 1)
 420 T   0.77090 0.06293 0.15043 0.01574 ( 1)
 421 Q   0.74174 0.09379 0.14403 0.02045 ( 1)
 422 A   0.76234 0.07195 0.14852 0.01719 ( 1)
 423 S   0.76233 0.07196 0.14852 0.01719 ( 1)
 424 S   0.75744 0.07713 0.14744 0.01800 ( 1)
 425 P   0.76985 0.06415 0.15016 0.01584 ( 1)
 426 I   0.76935 0.06456 0.15008 0.01601 ( 1)
 427 S   0.76803 0.06595 0.14979 0.01623 ( 1)
 428 D   0.76536 0.06877 0.14919 0.01669 ( 1)
 429 S   0.76413 0.07006 0.14892 0.01689 ( 1)
 430 S   0.76233 0.07196 0.14852 0.01719 ( 1)
 431 Q   0.74174 0.09379 0.14403 0.02045 ( 1)
 432 T   0.77090 0.06293 0.15043 0.01574 ( 1)
 433 T   0.77090 0.06293 0.15043 0.01574 ( 1)
 434 T   0.77090 0.06293 0.15043 0.01574 ( 1)
 435 E   0.75983 0.07460 0.14797 0.01761 ( 1)
 436 G   0.78171 0.05159 0.15291 0.01379 ( 1)
 437 P   0.76993 0.06392 0.15022 0.01592 ( 1)
 438 D   0.76222 0.07208 0.14849 0.01721 ( 1)
 439 S   0.75021 0.08478 0.14586 0.01915 ( 1)
 440 A   0.76100 0.07348 0.14819 0.01733 ( 1)
 441 V   0.75180 0.08310 0.14621 0.01890 ( 1)
 442 T   0.77090 0.06293 0.15043 0.01574 ( 1)
 443 P   0.76569 0.06841 0.14926 0.01663 ( 1)
 444 S   0.76211 0.07221 0.14846 0.01721 ( 1)
 445 D   0.76536 0.06877 0.14919 0.01669 ( 1)
 446 S   0.76803 0.06595 0.14979 0.01623 ( 1)
 447 S   0.75744 0.07713 0.14744 0.01800 ( 1)
 448 E   0.76358 0.07065 0.14879 0.01698 ( 1)
 449 I   0.76635 0.06773 0.14941 0.01652 ( 1)
 450 -   0.75212 0.08359 0.14605 0.01824 ( 1)
 451 L   0.74727 0.08828 0.14513 0.01933 ( 1)
 452 D   0.75854 0.07643 0.14755 0.01748 ( 1)
 453 G   0.78585 0.04794 0.15362 0.01259 ( 1)
 454 A   0.75834 0.07662 0.14751 0.01753 ( 1)
 455 D   0.76150 0.07332 0.14819 0.01698 ( 1)
 456 S   0.76032 0.07457 0.14793 0.01718 ( 1)
 457 Q   0.73907 0.09693 0.14338 0.02062 ( 1)
 458 Y   0.76591 0.06871 0.14915 0.01623 ( 1)
 459 P   0.21449 0.60480 0.04173 0.13898 ( 2)
 460 G   0.77749 0.05663 0.15172 0.01416 ( 1)
 461 M   0.78039 0.05361 0.15237 0.01363 ( 1)
 462 Q   0.74210 0.09354 0.14407 0.02028 ( 1)
 463 A   0.01214 0.79866 0.00236 0.18684 ( 2)
 464 G   0.26522 0.54638 0.05175 0.13665 ( 2)
 465 Q   0.73907 0.09693 0.14338 0.02062 ( 1)
 466 P   0.23236 0.58479 0.04524 0.13762 ( 2)
 467 Q   0.17701 0.65032 0.03434 0.13833 ( 2)
 468 D   0.76143 0.07339 0.14818 0.01700 ( 1)
 469 E   0.20786 0.61288 0.04042 0.13884 ( 2)
 470 D   0.76134 0.07348 0.14816 0.01702 ( 1)
 471 E   0.75619 0.07890 0.14704 0.01787 ( 1)
 472 D   0.76140 0.07342 0.14817 0.01700 ( 1)
 473 A   0.00953 0.80781 0.00185 0.18081 ( 2)
 474 A   0.75335 0.08189 0.14642 0.01833 ( 1)
 475 A   0.19571 0.62813 0.03801 0.13815 ( 2)
 476 V   0.24353 0.57131 0.04746 0.13770 ( 2)
 477 L   0.75258 0.08269 0.14626 0.01847 ( 1)
 478 P   0.76183 0.07298 0.14826 0.01693 ( 1)
 479 D   0.21466 0.60519 0.04176 0.13839 ( 2)
 480 E   0.75979 0.07512 0.14782 0.01727 ( 1)
 481 D   0.76141 0.07341 0.14817 0.01700 ( 1)
 482 A   0.00060 0.99940 0.00000 0.00000 ( 2)
 483 E   0.75619 0.07890 0.14704 0.01787 ( 1)
 484 A   0.75297 0.08233 0.14633 0.01837 ( 1)
 485 F   0.76814 0.06638 0.14964 0.01584 ( 1)
 486 R   0.76949 0.06497 0.14994 0.01560 ( 1)
 487 N   0.01673 0.77521 0.00327 0.20479 ( 2)
 488 S   0.75391 0.08129 0.14655 0.01825 ( 1)
 489 S   0.75859 0.07638 0.14756 0.01747 ( 1)
 490 I   0.27354 0.72607 0.00001 0.00038 ( 2)
 491 A   0.75370 0.08125 0.14658 0.01847 ( 1)
 492 L   0.75102 0.08358 0.14613 0.01927 ( 1)
 493 Q   0.75054 0.08410 0.14602 0.01934 ( 1)
 494 Q   0.75054 0.08410 0.14602 0.01934 ( 1)
 495 A   0.75011 0.08455 0.14593 0.01941 ( 1)
