Supplemental results for CODEML (seqf: /home/leticiamagpali/phd/evol_models/codeml/big_dataset/cml_align/RYR2_codon_aligned.phy  treef: /home/leticiamagpali/phd/evol_models/codeml/big_dataset/cml_trees/gene_trees/H1d_gene_trees/RYR2_tree_H1d.tre)

I	J	ij	2Ns_IJ	pMut_IJ	pSub_IJ	2Ns_JI	pMut_JI	pSub_JI

TTC	TTT	CT	0.09270	0.08357	0.08751	-0.09270	0.09169	0.08751
TTA	TTT	AT	0.75299	0.00995	0.01416	-0.75299	0.02113	0.01416
TTA	TTC	AC	0.66029	0.01158	0.01583	-0.66029	0.02242	0.01583
TTG	TTT	GT	0.49047	0.01390	0.01758	-0.49047	0.02270	0.01758
TTG	TTC	GC	0.39777	0.01618	0.01961	-0.39777	0.02408	0.01961
TTG	TTA	GA	-0.26252	0.08224	0.07192	0.26252	0.06325	0.07192
TCT	TTT	CT	0.65666	0.04755	0.06486	-0.65666	0.09169	0.06486
TCC	TTC	CT	0.70128	0.04825	0.06713	-0.70128	0.09729	0.06713
TCC	TCT	CT	0.13732	0.04825	0.05164	-0.13732	0.05535	0.05164
TCA	TTA	CT	0.30940	0.03993	0.04642	-0.30940	0.05441	0.04642
TCA	TCT	AT	0.40573	0.00850	0.01034	-0.40573	0.01275	0.01034
TCA	TCC	AC	0.26841	0.00990	0.01128	-0.26841	0.01294	0.01128
TCG	TTG	CT	1.84319	0.01203	0.02634	-1.84319	0.07599	0.02634
TCG	TCT	GT	1.67700	0.00256	0.00528	-1.67700	0.01370	0.00528
TCG	TCC	GC	1.53968	0.00298	0.00584	-1.53968	0.01390	0.00584
TCG	TCA	GA	1.27127	0.01516	0.02678	-1.27127	0.05404	0.02678
TAT	TTT	AT	0.42288	0.01384	0.01697	-0.42288	0.02113	0.01697
TAT	TCT	AC	-0.23378	0.01611	0.01430	0.23378	0.01275	0.01430
TAC	TTC	AT	0.70418	0.01109	0.01544	-0.70418	0.02242	0.01544
TAC	TCC	AC	0.00290	0.01290	0.01292	-0.00290	0.01294	0.01292
TAC	TAT	CT	0.37401	0.05207	0.06241	-0.37401	0.07569	0.06241
TGT	TTT	GT	1.05730	0.00788	0.01277	-1.05730	0.02270	0.01277
TGT	TCT	GC	0.40064	0.00918	0.01114	-0.40064	0.01370	0.01114
TGT	TAT	GA	0.63443	0.04666	0.06301	-0.63443	0.08799	0.06301
TGC	TTC	GT	1.41871	0.00583	0.01091	-1.41871	0.02408	0.01091
TGC	TCC	GC	0.71743	0.00678	0.00951	-0.71743	0.01390	0.00951
TGC	TAC	GA	0.71452	0.03449	0.04827	-0.71452	0.07047	0.04827
TGC	TGT	CT	0.45411	0.02738	0.03406	-0.45411	0.04311	0.03406
TGG	TTG	GT	0.80807	0.00838	0.01222	-0.80807	0.01881	0.01222
TGG	TCG	GC	-1.03512	0.00976	0.00556	1.03512	0.00347	0.00556
TGG	TGT	GT	0.24124	0.00838	0.00944	-0.24124	0.01067	0.00944
TGG	TGC	GC	-0.21287	0.00976	0.00876	0.21287	0.00789	0.00876
CTT	TTT	CT	0.46244	0.05774	0.07212	-0.46244	0.09169	0.07212
CTC	TTC	CT	0.26018	0.07500	0.08518	-0.26018	0.09729	0.08518
CTC	CTT	CT	-0.10956	0.07500	0.07097	0.10956	0.06722	0.07097
CTA	TTA	CT	0.90563	0.02200	0.03344	-0.90563	0.05441	0.03344
CTA	CTT	AT	1.19618	0.00468	0.00803	-1.19618	0.01549	0.00803
CTA	CTC	AC	1.30574	0.00545	0.00976	-1.30574	0.02012	0.00976
CTG	TTG	CT	-0.49772	0.12500	0.09646	0.49772	0.07599	0.09646
CTG	CTT	GT	-0.46969	0.02661	0.02085	0.46969	0.01664	0.02085
CTG	CTC	GC	-0.36013	0.03098	0.02574	0.36013	0.02161	0.02574
CTG	CTA	GA	-1.66587	0.15749	0.06115	1.66587	0.02977	0.06115
CCT	TCT	CT	0.22253	0.04431	0.04942	-0.22253	0.05535	0.04942
CCT	CTT	CT	0.41674	0.04431	0.05418	-0.41674	0.06722	0.05418
CCC	TCC	CT	0.42590	0.03669	0.04505	-0.42590	0.05617	0.04505
CCC	CTC	CT	0.86700	0.03669	0.05486	-0.86700	0.08731	0.05486
CCC	CCT	CT	0.34070	0.03669	0.04329	-0.34070	0.05158	0.04329
CCA	TCA	CT	0.19008	0.03843	0.04220	-0.19008	0.04648	0.04220
CCA	CTA	CT	-0.40615	0.03843	0.03116	0.40615	0.02561	0.03116
CCA	CCT	AT	0.37328	0.00818	0.00980	-0.37328	0.01189	0.00980
CCA	CCC	AC	0.03259	0.00953	0.00968	-0.03259	0.00984	0.00968
CCG	TCG	CT	-0.01171	0.01417	0.01409	0.01171	0.01400	0.01409
CCG	CTG	CT	2.32920	0.01417	0.03656	-2.32920	0.14551	0.03656
CCG	CCT	GT	1.44276	0.00302	0.00570	-1.44276	0.01277	0.00570
CCG	CCC	GC	1.10207	0.00351	0.00580	-1.10207	0.01057	0.00580
CCG	CCA	GA	1.06948	0.01785	0.02907	-1.06948	0.05202	0.02907
CAT	TAT	CT	0.44977	0.04827	0.05994	-0.44977	0.07569	0.05994
CAT	CTT	AT	0.41020	0.01028	0.01253	-0.41020	0.01549	0.01253
CAT	CCT	AC	-0.00654	0.01196	0.01192	0.00654	0.01189	0.01192
CAC	TAC	CT	0.14889	0.05223	0.05621	-0.14889	0.06061	0.05621
CAC	CTC	AT	0.59289	0.01112	0.01474	-0.59289	0.02012	0.01474
CAC	CCC	AC	-0.27411	0.01294	0.01125	0.27411	0.00984	0.01125
CAC	CAT	CT	0.07313	0.05223	0.05416	-0.07313	0.05619	0.05416
CAA	CTA	AT	-0.52594	0.00998	0.00759	0.52594	0.00590	0.00759
CAA	CCA	AC	-0.11978	0.01162	0.01094	0.11978	0.01031	0.01094
CAA	CAT	AT	0.26004	0.00998	0.01134	-0.26004	0.01295	0.01134
CAA	CAC	AC	0.18691	0.01162	0.01274	-0.18691	0.01401	0.01274
CAG	CTG	AT	0.52535	0.01983	0.02549	-0.52535	0.03353	0.02549
CAG	CCG	AC	-1.80385	0.02308	0.00821	1.80385	0.00380	0.00821
CAG	CAT	GT	-0.35454	0.01983	0.01652	0.35454	0.01391	0.01652
CAG	CAC	GC	-0.42767	0.02308	0.01850	0.42767	0.01505	0.01850
CAG	CAA	GA	-0.61458	0.11734	0.08495	0.61458	0.06346	0.08495
CGT	TGT	CT	0.99881	0.01588	0.02511	-0.99881	0.04311	0.02511
CGT	CTT	GT	1.59367	0.00338	0.00676	-1.59367	0.01664	0.00676
CGT	CCT	GC	1.17693	0.00394	0.00670	-1.17693	0.01277	0.00670
CGT	CAT	GA	1.18347	0.02001	0.03412	-1.18347	0.06533	0.03412
CGC	TGC	CT	0.32549	0.02301	0.02696	-0.32549	0.03187	0.02696
CGC	CTC	GT	1.48402	0.00490	0.00940	-1.48402	0.02161	0.00940
CGC	CCC	GC	0.61702	0.00570	0.00764	-0.61702	0.01057	0.00764
CGC	CAC	GA	0.89113	0.02900	0.04381	-0.89113	0.07069	0.04381
CGC	CGT	CT	-0.21921	0.02301	0.02058	0.21921	0.01848	0.02058
CGA	CTA	GT	0.11641	0.00564	0.00598	-0.11641	0.00634	0.00598
CGA	CCA	GC	0.52257	0.00657	0.00843	-0.52257	0.01107	0.00843
CGA	CAA	GA	0.64235	0.03338	0.04525	-0.64235	0.06346	0.04525
CGA	CGT	AT	-0.28108	0.00564	0.00489	0.28108	0.00426	0.00489
CGA	CGC	AC	-0.06186	0.00657	0.00637	0.06186	0.00617	0.00637
CGG	TGG	CT	0.66696	0.02353	0.03224	-0.66696	0.04584	0.03224
CGG	CTG	GT	1.97274	0.00501	0.01148	-1.97274	0.03602	0.01148
CGG	CCG	GC	-0.35645	0.00583	0.00485	0.35645	0.00408	0.00485
CGG	CAG	GA	1.44739	0.02964	0.05610	-1.44739	0.12604	0.05610
CGG	CGT	GT	-0.09061	0.00501	0.00479	0.09061	0.00458	0.00479
CGG	CGC	GC	0.12860	0.00583	0.00621	-0.12860	0.00663	0.00621
CGG	CGA	GA	0.19046	0.02964	0.03256	-0.19046	0.03586	0.03256
ATT	TTT	AT	0.35861	0.01476	0.01757	-0.35861	0.02113	0.01757
ATT	CTT	AC	-0.10383	0.01718	0.01631	0.10383	0.01549	0.01631
ATC	TTC	AT	0.32962	0.01612	0.01893	-0.32962	0.02242	0.01893
ATC	CTC	AC	0.06944	0.01877	0.01943	-0.06944	0.02012	0.01943
ATC	ATT	CT	0.06371	0.07573	0.07817	-0.06371	0.08071	0.07817
ATA	TTA	AT	0.73437	0.00602	0.00849	-0.73437	0.01254	0.00849
ATA	CTA	AC	-0.17126	0.00700	0.00642	0.17126	0.00590	0.00642
ATA	ATT	AT	1.12875	0.00602	0.01004	-1.12875	0.01860	0.01004
ATA	ATC	AC	1.06504	0.00700	0.01138	-1.06504	0.02031	0.01138
ATG	TTG	AT	-0.31509	0.02400	0.02041	0.31509	0.01751	0.02041
ATG	CTG	AC	0.18262	0.02793	0.03056	-0.18262	0.03353	0.03056
ATG	ATT	GT	-0.18324	0.02400	0.02186	0.18324	0.01998	0.02186
ATG	ATC	GC	-0.24695	0.02793	0.02463	0.24695	0.02182	0.02463
ATG	ATA	GA	-1.31199	0.14200	0.06866	1.31199	0.03824	0.06866
ACT	TCT	AT	0.53570	0.00746	0.00964	-0.53570	0.01275	0.00964
ACT	CCT	AC	0.31317	0.00869	0.01012	-0.31317	0.01189	0.01012
ACT	ATT	CT	0.83374	0.03506	0.05169	-0.83374	0.08071	0.05169
ACC	TCC	AT	0.22660	0.01032	0.01153	-0.22660	0.01294	0.01153
ACC	CCC	AC	-0.19930	0.01201	0.01085	0.19930	0.00984	0.01085
ACC	ATC	CT	0.59826	0.04846	0.06440	-0.59826	0.08815	0.06440
ACC	ACT	CT	-0.17177	0.04846	0.04442	0.17177	0.04082	0.04442
ACA	TCA	AT	0.19115	0.00885	0.00972	-0.19115	0.01071	0.00972
ACA	CCA	AC	0.00107	0.01030	0.01030	-0.00107	0.01031	0.01030
ACA	ATA	CT	-0.23382	0.04155	0.03688	0.23382	0.03289	0.03688
ACA	ACT	AT	0.06119	0.00885	0.00912	-0.06119	0.00940	0.00912
ACA	ACC	AC	0.23296	0.01030	0.01154	-0.23296	0.01300	0.01154
ACG	TCG	AT	-0.62871	0.00605	0.00435	0.62871	0.00323	0.00435
ACG	CCG	AC	-0.61700	0.00704	0.00509	0.61700	0.00380	0.00509
ACG	ATG	CT	1.52958	0.02842	0.05549	-1.52958	0.13120	0.05549
ACG	ACT	GT	0.51260	0.00605	0.00773	-0.51260	0.01010	0.00773
ACG	ACC	GC	0.68437	0.00704	0.00973	-0.68437	0.01396	0.00973
ACG	ACA	GA	0.45141	0.03581	0.04450	-0.45141	0.05624	0.04450
AAT	TAT	AT	0.22018	0.01399	0.01559	-0.22018	0.01744	0.01559
AAT	CAT	AC	-0.22959	0.01629	0.01449	0.22959	0.01295	0.01449
AAT	ATT	AT	0.28445	0.01399	0.01608	-0.28445	0.01860	0.01608
AAT	ACT	AC	-0.54930	0.01629	0.01222	0.54930	0.00940	0.01222
AAC	TAC	AT	-0.04141	0.01456	0.01426	0.04141	0.01397	0.01426
AAC	CAC	AC	-0.19030	0.01695	0.01539	0.19030	0.01401	0.01539
AAC	ATC	AT	0.33315	0.01456	0.01712	-0.33315	0.02031	0.01712
AAC	ACC	AC	-0.26511	0.01695	0.01480	0.26511	0.01300	0.01480
AAC	AAT	CT	0.11241	0.06838	0.07229	-0.11241	0.07651	0.07229
AAA	CAA	AC	-0.71134	0.02562	0.01758	0.71134	0.01258	0.01758
AAA	ATA	AT	-1.06601	0.02201	0.01232	1.06601	0.00758	0.01232
AAA	ACA	AC	-0.83219	0.02562	0.01642	0.83219	0.01115	0.01642
AAA	AAT	AT	-0.22171	0.02201	0.01966	0.22171	0.01763	0.01966
AAA	AAC	AC	-0.33412	0.02562	0.02158	0.33412	0.01834	0.02158
AAG	CAG	AC	-0.07566	0.02694	0.02594	0.07566	0.02498	0.02594
AAG	ATG	AT	0.26707	0.02315	0.02637	-0.26707	0.03023	0.02637
AAG	ACG	AC	-1.26251	0.02694	0.01342	1.26251	0.00762	0.01342
AAG	AAT	GT	-0.20061	0.02315	0.02090	0.20061	0.01894	0.02090
AAG	AAC	GC	-0.31303	0.02694	0.02295	0.31303	0.01970	0.02295
AAG	AAA	GA	0.02110	0.13697	0.13842	-0.02110	0.13989	0.13842
AGT	TGT	AT	0.28360	0.00748	0.00859	-0.28360	0.00993	0.00859
AGT	CGT	AC	-0.71521	0.00871	0.00596	0.71521	0.00426	0.00596
AGT	ATT	GT	0.98229	0.00748	0.01175	-0.98229	0.01998	0.01175
AGT	ACT	GC	0.14855	0.00871	0.00937	-0.14855	0.01010	0.00937
AGT	AAT	GA	0.69784	0.04427	0.06150	-0.69784	0.08896	0.06150
AGC	TGC	AT	-0.59453	0.01331	0.00974	0.59453	0.00734	0.00974
AGC	CGC	AC	-0.92002	0.01549	0.00944	0.92002	0.00617	0.00944
AGC	ATC	GT	0.49456	0.01331	0.01687	-0.49456	0.02182	0.01687
AGC	ACC	GC	-0.10370	0.01549	0.01470	0.10370	0.01396	0.01470
AGC	AAC	GA	0.16141	0.07875	0.08527	-0.16141	0.09254	0.08527
AGC	AGT	CT	-0.42402	0.06250	0.05019	0.42402	0.04090	0.05019
AGA	CGA	AC	-0.53770	0.01217	0.00919	0.53770	0.00711	0.00919
AGA	ATA	GT	-0.25003	0.01045	0.00920	0.25003	0.00814	0.00920
AGA	ACA	GC	-0.01621	0.01217	0.01207	0.01621	0.01197	0.01207
AGA	AAA	GA	0.81598	0.06186	0.09050	-0.81598	0.13989	0.09050
AGA	AGT	AT	-0.10357	0.01045	0.00992	0.10357	0.00943	0.00992
AGA	AGC	AC	0.32045	0.01217	0.01422	-0.32045	0.01677	0.01422
AGG	TGG	AT	0.25383	0.00819	0.00928	-0.25383	0.01056	0.00928
AGG	CGG	AC	-0.41312	0.00954	0.00770	0.41312	0.00631	0.00770
AGG	ATG	GT	1.37700	0.00819	0.01509	-1.37700	0.03247	0.01509
AGG	ACG	GC	-0.15258	0.00954	0.00883	0.15258	0.00819	0.00883
AGG	AAG	GA	1.10993	0.04849	0.08029	-1.10993	0.14714	0.08029
AGG	AGT	GT	0.21147	0.00819	0.00909	-0.21147	0.01012	0.00909
AGG	AGC	GC	0.63549	0.00954	0.01289	-0.63549	0.01801	0.01289
AGG	AGA	GA	0.31504	0.04849	0.05653	-0.31504	0.06645	0.05653
GTT	TTT	GT	0.80651	0.01013	0.01476	-0.80651	0.02270	0.01476
GTT	CTT	GC	0.34407	0.01179	0.01394	-0.34407	0.01664	0.01394
GTT	ATT	GA	0.44790	0.05996	0.07438	-0.44790	0.09384	0.07438
GTC	TTC	GT	0.81359	0.01067	0.01560	-0.81359	0.02408	0.01560
GTC	CTC	GC	0.55342	0.01243	0.01618	-0.55342	0.02161	0.01618
GTC	ATC	GA	0.48397	0.06317	0.07968	-0.48397	0.10249	0.07968
GTC	GTT	CT	0.09979	0.05014	0.05268	-0.09979	0.05540	0.05268
GTA	TTA	GT	0.86624	0.00566	0.00847	-0.86624	0.01347	0.00847
GTA	CTA	GC	-0.03939	0.00659	0.00646	0.03939	0.00634	0.00646
GTA	ATA	GA	0.13187	0.03351	0.03577	-0.13187	0.03824	0.03577
GTA	GTT	AT	0.81272	0.00566	0.00827	-0.81272	0.01277	0.00827
GTA	GTC	AC	0.71294	0.00659	0.00922	-0.71294	0.01345	0.00922
GTG	TTG	GT	0.01555	0.01852	0.01866	-0.01555	0.01881	0.01866
GTG	CTG	GC	0.51326	0.02156	0.02756	-0.51326	0.03602	0.02756
GTG	ATG	GA	0.33064	0.10959	0.12870	-0.33064	0.15253	0.12870
GTG	GTT	GT	-0.30050	0.01852	0.01588	0.30050	0.01371	0.01588
GTG	GTC	GC	-0.40028	0.02156	0.01753	0.40028	0.01445	0.01753
GTG	GTA	GA	-1.11322	0.10959	0.05968	1.11322	0.03600	0.05968
GCT	TCT	GT	-0.06624	0.01464	0.01416	0.06624	0.01370	0.01416
GCT	CCT	GC	-0.28876	0.01704	0.01470	0.28876	0.01277	0.01470
GCT	ACT	GA	-0.60193	0.08663	0.06316	0.60193	0.04745	0.06316
GCT	GTT	CT	-0.21609	0.06876	0.06160	0.21609	0.05540	0.06160
GCC	TCC	GT	-0.17503	0.01656	0.01515	0.17503	0.01390	0.01515
GCC	CCC	GC	-0.60093	0.01928	0.01406	0.60093	0.01057	0.01406
GCC	ACC	GA	-0.40163	0.09801	0.07964	0.40163	0.06559	0.07964
GCC	GTC	CT	-0.28734	0.07779	0.06715	0.28734	0.05836	0.06715
GCC	GCT	CT	0.02853	0.07779	0.07891	-0.02853	0.08004	0.07891
GCA	TCA	GT	0.17128	0.00969	0.01055	-0.17128	0.01150	0.01055
GCA	CCA	GC	-0.01879	0.01128	0.01118	0.01879	0.01107	0.01118
GCA	ACA	GA	-0.01986	0.05737	0.05680	0.01986	0.05624	0.05680
GCA	GTA	CT	-0.38556	0.04553	0.03732	0.38556	0.03097	0.03732
GCA	GCT	AT	0.64325	0.00969	0.01314	-0.64325	0.01844	0.01314
GCA	GCC	AC	0.61472	0.01128	0.01511	-0.61472	0.02087	0.01511
GCG	TCG	GT	-0.10543	0.00385	0.00365	0.10543	0.00347	0.00365
GCG	CCG	GC	-0.09372	0.00448	0.00428	0.09372	0.00408	0.00428
GCG	ACG	GA	0.52328	0.02279	0.02928	-0.52328	0.03847	0.02928
GCG	GTG	CT	1.72222	0.01809	0.03794	-1.72222	0.10126	0.03794
GCG	GCT	GT	1.63781	0.00385	0.00783	-1.63781	0.01981	0.00783
GCG	GCC	GC	1.60928	0.00448	0.00902	-1.60928	0.02242	0.00902
GCG	GCA	GA	0.99456	0.02279	0.03598	-0.99456	0.06162	0.03598
GAT	TAT	GT	-0.11375	0.02099	0.01982	0.11375	0.01873	0.01982
GAT	CAT	GC	-0.56352	0.02444	0.01819	0.56352	0.01391	0.01819
GAT	AAT	GA	-0.33394	0.12422	0.10463	0.33394	0.08896	0.10463
GAT	GTT	AT	-0.49739	0.02099	0.01620	0.49739	0.01277	0.01620
GAT	GCT	AC	-0.28130	0.02444	0.02116	0.28130	0.01844	0.02116
GAC	TAC	GT	-0.24770	0.01922	0.01694	0.24770	0.01500	0.01694
GAC	CAC	GC	-0.39659	0.02237	0.01823	0.39659	0.01505	0.01823
GAC	AAC	GA	-0.20629	0.11374	0.10242	0.20629	0.09254	0.10242
GAC	GTC	AT	-0.35712	0.01922	0.01599	0.35712	0.01345	0.01599
GAC	GCC	AC	-0.06977	0.02237	0.02160	0.06977	0.02087	0.02160
GAC	GAT	CT	0.24006	0.09028	0.10155	-0.24006	0.11477	0.10155
GAA	CAA	GC	-1.04523	0.03843	0.02178	1.04523	0.01351	0.02178
GAA	AAA	GA	-0.33389	0.19535	0.16455	0.33389	0.13989	0.16455
GAA	GTA	AT	-1.53177	0.03301	0.01394	1.53177	0.00714	0.01394
GAA	GCA	AC	-1.14622	0.03843	0.02052	1.14622	0.01221	0.02052
GAA	GAT	AT	-0.22166	0.03301	0.02949	0.22166	0.02645	0.02949
GAA	GAC	AC	-0.46172	0.03843	0.03024	0.46172	0.02422	0.03024
GAG	CAG	GC	-0.17162	0.03186	0.02920	0.17162	0.02683	0.02920
GAG	AAG	GA	-0.09596	0.16196	0.15431	0.09596	0.14714	0.15431
GAG	GTG	AT	-0.15953	0.02737	0.02524	0.15953	0.02333	0.02524
GAG	GCG	AC	-1.88175	0.03186	0.01077	1.88175	0.00485	0.01077
GAG	GAT	GT	0.03736	0.02737	0.02788	-0.03736	0.02841	0.02788
GAG	GAC	GC	-0.20270	0.03186	0.02874	0.20270	0.02601	0.02874
GAG	GAA	GA	0.25903	0.16196	0.18384	-0.25903	0.20984	0.18384
GGT	TGT	GT	0.28537	0.00802	0.00922	-0.28537	0.01067	0.00922
GGT	CGT	GC	-0.71344	0.00934	0.00640	0.71344	0.00458	0.00640
GGT	AGT	GA	0.00177	0.04747	0.04751	-0.00177	0.04755	0.04751
GGT	GTT	GT	0.53616	0.00802	0.01036	-0.53616	0.01371	0.01036
GGT	GCT	GC	0.75225	0.00934	0.01329	-0.75225	0.01981	0.01329
GGT	GAT	GA	1.03355	0.04747	0.07615	-1.03355	0.13344	0.07615
GGC	TGC	GT	-0.62541	0.01474	0.01061	0.62541	0.00789	0.01061
GGC	CGC	GC	-0.95090	0.01716	0.01028	0.95090	0.00663	0.01028
GGC	AGC	GA	-0.03088	0.08724	0.08590	0.03088	0.08459	0.08590
GGC	GTC	GT	-0.02030	0.01474	0.01459	0.02030	0.01445	0.01459
GGC	GCC	GC	0.26705	0.01716	0.01956	-0.26705	0.02242	0.01956
GGC	GAC	GA	0.33682	0.08724	0.10276	-0.33682	0.12218	0.10276
GGC	GGT	CT	-0.45667	0.06925	0.05463	0.45667	0.04386	0.05463
GGA	CGA	GC	-0.84336	0.01775	0.01130	0.84336	0.00764	0.01130
GGA	AGA	GA	-0.30566	0.09021	0.07712	0.30566	0.06645	0.07712
GGA	GTA	GT	-0.68756	0.01524	0.01060	0.68756	0.00766	0.01060
GGA	GCA	GC	-0.30200	0.01775	0.01520	0.30200	0.01312	0.01520
GGA	GAA	GA	0.84422	0.09021	0.13358	-0.84422	0.20984	0.13358
GGA	GGT	AT	-0.41099	0.01524	0.01233	0.41099	0.01011	0.01233
GGA	GGC	AC	0.04567	0.01775	0.01815	-0.04567	0.01857	0.01815
GGG	TGG	GT	0.25378	0.00880	0.00997	-0.25378	0.01135	0.00997
GGG	CGG	GC	-0.41317	0.01025	0.00828	0.41317	0.00678	0.00828
GGG	AGG	GA	-0.00005	0.05209	0.05209	0.00005	0.05209	0.05209
GGG	GTG	GT	1.04631	0.00880	0.01420	-1.04631	0.02506	0.01420
GGG	GCG	GC	-0.67591	0.01025	0.00717	0.67591	0.00521	0.00717
GGG	GAG	GA	1.20584	0.05209	0.08967	-1.20584	0.17397	0.08967
GGG	GGT	GT	0.20966	0.00880	0.00976	-0.20966	0.01086	0.00976
GGG	GGC	GC	0.66632	0.01025	0.01404	-0.66632	0.01995	0.01404
GGG	GGA	GA	0.62065	0.05209	0.06992	-0.62065	0.09690	0.06992


Histograms
2Ns	FMut	FSub(CodonUsage)	FSubw(after w)

-2.21828	0.00843	0.00228
-1.99645	0.00209	0.00071
-1.77463	0.02338	0.00932
-1.55280	0.02303	0.01059
-1.33097	0.01737	0.00900
-1.10914	0.05557	0.03256
-0.88731	0.05172	0.03500
-0.66548	0.07745	0.05898
-0.44366	0.13337	0.11530
-0.22183	0.15327	0.14599
0.00000	0.14963	0.16055
0.22183	0.12130	0.14599
0.44366	0.08783	0.11530
0.66548	0.04038	0.05898
0.88731	0.02186	0.03500
1.10914	0.01834	0.03256
1.33097	0.00467	0.00900
1.55280	0.00509	0.01059
1.77463	0.00412	0.00932
1.99645	0.00029	0.00071
2.21828	0.00082	0.00228

Proportion of advantageous (S > 0) mutations:
 0.37747

Proportions of good & bad mutations (|S| > 2.0000) among mutations:
0.00082  0.00843

mean |Ns| = 0.53263	mean Ns+ = 0.41688	mean Ns- = -0.60282


MLEs of dN/dS (w) for site classes (K=4)

site class             0        1       2a       2b
proportion       0.37515  0.01393  0.58904  0.02188
background w     0.03172  1.34402  0.03172  1.34402
foreground w     0.03172  1.34402  0.01239  0.01239

Naive Empirical Bayes (NEB) probabilities for 4 classes
(amino acids refer to 1st sequence: Bacu)

   1 T   0.38581 0.00287 0.60646 0.00486 ( 3)
   2 A   0.38398 0.00477 0.60336 0.00789 ( 3)
   3 Q   0.38393 0.00482 0.60328 0.00797 ( 3)
   4 G   0.38611 0.00256 0.60697 0.00436 ( 3)
   5 G   0.38612 0.00254 0.60699 0.00434 ( 3)
   6 G   0.38520 0.00351 0.60541 0.00589 ( 3)
   7 H   0.28185 0.10256 0.44299 0.17260 ( 3)
   8 R   0.38387 0.00488 0.60318 0.00807 ( 3)
   9 T   0.38590 0.00278 0.60660 0.00472 ( 3)
  10 L   0.38384 0.00492 0.60313 0.00812 ( 3)
  11 L   0.38384 0.00492 0.60313 0.00812 ( 3)
  12 Y   0.38436 0.00438 0.60399 0.00727 ( 3)
  13 G   0.38512 0.00359 0.60528 0.00602 ( 3)
  14 H   0.38545 0.00325 0.60583 0.00547 ( 3)
  15 A   0.38407 0.00468 0.60351 0.00774 ( 3)
  16 I   0.34138 0.04393 0.53696 0.07773 ( 3)
  17 L   0.38166 0.00717 0.59954 0.01163 ( 3)
  18 L   0.37965 0.00926 0.59627 0.01483 ( 3)
  19 R   0.38643 0.00220 0.60757 0.00379 ( 3)
  20 H   0.38545 0.00325 0.60583 0.00547 ( 3)
  21 S   0.38496 0.00375 0.60500 0.00628 ( 3)
  22 Y   0.38467 0.00406 0.60451 0.00676 ( 3)
  23 S   0.38577 0.00291 0.60639 0.00493 ( 3)
  24 G   0.38520 0.00351 0.60541 0.00589 ( 3)
  25 M   0.38514 0.00357 0.60530 0.00599 ( 3)
  26 Y   0.38414 0.00459 0.60364 0.00762 ( 3)
  27 L   0.37954 0.00936 0.59610 0.01500 ( 3)
  28 C   0.38621 0.00244 0.60717 0.00417 ( 3)
  29 C   0.38621 0.00244 0.60717 0.00417 ( 3)
  30 L   0.38080 0.00812 0.59808 0.01301 ( 3)
  31 S   0.38481 0.00390 0.60477 0.00652 ( 3)
  32 T   0.38570 0.00297 0.60628 0.00504 ( 3)
  33 S   0.38495 0.00375 0.60500 0.00629 ( 3)
  34 R   0.38642 0.00222 0.60754 0.00381 ( 3)
  35 S   0.38495 0.00375 0.60500 0.00629 ( 3)
  36 S   0.38384 0.00491 0.60314 0.00812 ( 3)
  37 T   0.38612 0.00254 0.60701 0.00433 ( 3)
  38 D   0.38456 0.00415 0.60435 0.00693 ( 3)
  39 K   0.38475 0.00396 0.60467 0.00662 ( 3)
  40 L   0.37957 0.00934 0.59615 0.01495 ( 3)
  41 A   0.38392 0.00482 0.60327 0.00799 ( 3)
  42 F   0.38416 0.00457 0.60368 0.00758 ( 3)
  43 D   0.38457 0.00415 0.60435 0.00693 ( 3)
  44 V   0.38567 0.00300 0.60624 0.00509 ( 3)
  45 G   0.38506 0.00364 0.60518 0.00612 ( 3)
  46 L   0.38168 0.00715 0.59958 0.01160 ( 3)
  47 Q   0.38378 0.00496 0.60305 0.00821 ( 3)
  48 E   0.38401 0.00472 0.60343 0.00783 ( 3)
  49 D   0.38533 0.00336 0.60565 0.00566 ( 3)
  50 T   0.38492 0.00378 0.60496 0.00634 ( 3)
  51 T   0.38492 0.00378 0.60496 0.00634 ( 3)
  52 G   0.38537 0.00326 0.60582 0.00555 ( 3)
  53 E   0.38302 0.00571 0.60184 0.00943 ( 3)
  54 A   0.38314 0.00559 0.60204 0.00924 ( 3)
  55 C   0.38472 0.00394 0.60469 0.00665 ( 3)
  56 W   0.38213 0.00663 0.60037 0.01086 ( 3)
  57 W   0.38213 0.00663 0.60037 0.01086 ( 3)
  58 T   0.38506 0.00358 0.60528 0.00608 ( 3)
  59 I   0.38390 0.00480 0.60330 0.00800 ( 3)
  60 H   0.38465 0.00401 0.60457 0.00676 ( 3)
  61 P   0.38410 0.00458 0.60365 0.00766 ( 3)
  62 A   0.38324 0.00548 0.60221 0.00907 ( 3)
  63 S   0.38414 0.00454 0.60372 0.00760 ( 3)
  64 K   0.38387 0.00483 0.60325 0.00805 ( 3)
  65 Q   0.38148 0.00731 0.59930 0.01190 ( 3)
  66 R   0.38572 0.00289 0.60642 0.00496 ( 3)
  67 S   0.38313 0.00560 0.60202 0.00925 ( 3)
  68 E   0.23555 0.14870 0.37012 0.24562 ( 3)
  69 G   0.38448 0.00420 0.60427 0.00705 ( 3)
  70 E   0.38302 0.00571 0.60184 0.00943 ( 3)
  71 K   0.38409 0.00459 0.60363 0.00768 ( 3)
  72 V   0.38528 0.00336 0.60564 0.00572 ( 3)
  73 R   0.38579 0.00282 0.60655 0.00485 ( 3)
  74 V   0.38503 0.00361 0.60523 0.00612 ( 3)
  75 G   0.38431 0.00437 0.60400 0.00733 ( 3)
  76 D   0.38389 0.00481 0.60329 0.00802 ( 3)
  77 D   0.38465 0.00401 0.60458 0.00676 ( 3)
  78 L   0.38300 0.00573 0.60180 0.00947 ( 3)
  79 I   0.38387 0.00482 0.60326 0.00805 ( 3)
  80 L   0.38161 0.00717 0.59951 0.01170 ( 3)
  81 V   0.38493 0.00371 0.60507 0.00629 ( 3)
  82 S   0.38568 0.00293 0.60636 0.00503 ( 3)
  83 V   0.38341 0.00530 0.60249 0.00880 ( 3)
  84 S   0.38412 0.00457 0.60367 0.00764 ( 3)
  85 S   0.38412 0.00456 0.60368 0.00763 ( 3)
  86 E   0.38299 0.00574 0.60180 0.00947 ( 3)
  87 R   0.38588 0.00272 0.60670 0.00469 ( 3)
  88 Y   0.38382 0.00488 0.60318 0.00813 ( 3)
  89 L   0.38104 0.00777 0.59858 0.01262 ( 3)
  90 H   0.38400 0.00467 0.60350 0.00782 ( 3)
  91 L   0.38056 0.00826 0.59781 0.01337 ( 3)
  92 S   0.38370 0.00499 0.60299 0.00831 ( 3)
  93 Y   0.38290 0.00582 0.60166 0.00962 ( 3)
  94 G   0.38381 0.00487 0.60318 0.00813 ( 3)
  95 N   0.38479 0.00385 0.60483 0.00652 ( 3)
  96 G   0.38381 0.00487 0.60318 0.00813 ( 3)
  97 S   0.38443 0.00423 0.60422 0.00712 ( 3)
  98 L   0.19321 0.19365 0.30345 0.30969 ( 4)
  99 H   0.38400 0.00468 0.60349 0.00783 ( 3)
 100 V   0.38286 0.00587 0.60158 0.00969 ( 3)
 101 D   0.38409 0.00459 0.60364 0.00768 ( 3)
 102 A   0.38267 0.00607 0.60127 0.01000 ( 3)
 103 A   0.38257 0.00617 0.60110 0.01016 ( 3)
 104 F   0.38298 0.00574 0.60179 0.00949 ( 3)
 105 Q   0.38096 0.00785 0.59845 0.01274 ( 3)
 106 Q   0.38096 0.00785 0.59845 0.01274 ( 3)
 107 T   0.38450 0.00416 0.60434 0.00700 ( 3)
 108 L   0.38244 0.00630 0.60090 0.01036 ( 3)
 109 W   0.38159 0.00719 0.59949 0.01174 ( 3)
 110 S   0.38443 0.00423 0.60422 0.00712 ( 3)
 111 V   0.38286 0.00587 0.60158 0.00969 ( 3)
 112 A   0.38267 0.00607 0.60127 0.01000 ( 3)
 113 P   0.38298 0.00574 0.60178 0.00949 ( 3)
 114 I   0.38332 0.00539 0.60235 0.00895 ( 3)
 115 S   0.38443 0.00423 0.60422 0.00712 ( 3)
 116 S   0.38256 0.00618 0.60109 0.01018 ( 3)
 117 G   0.38373 0.00496 0.60304 0.00827 ( 3)
 118 S   0.27776 0.10567 0.43665 0.17992 ( 3)
 119 E   0.38245 0.00629 0.60091 0.01035 ( 3)
 120 A   0.38354 0.00516 0.60272 0.00858 ( 3)
 121 A   0.38267 0.00607 0.60127 0.01000 ( 3)
 122 Q   0.38243 0.00631 0.60088 0.01039 ( 3)
 123 G   0.38481 0.00382 0.60489 0.00648 ( 3)
 124 Y   0.38456 0.00419 0.60430 0.00695 ( 3)
 125 L   0.37985 0.00906 0.59659 0.01451 ( 3)
 126 I   0.38474 0.00400 0.60460 0.00665 ( 3)
 127 G   0.38636 0.00232 0.60736 0.00396 ( 3)
 128 G   0.38636 0.00232 0.60736 0.00396 ( 3)
 129 D   0.38573 0.00298 0.60627 0.00502 ( 3)
 130 V   0.38621 0.00247 0.60711 0.00421 ( 3)
 131 L   0.38411 0.00465 0.60356 0.00768 ( 3)
 132 R   0.38681 0.00185 0.60817 0.00318 ( 3)
 133 L   0.38207 0.00676 0.60019 0.01098 ( 3)
 134 L   0.38478 0.00396 0.60466 0.00660 ( 3)
 135 H   0.38569 0.00302 0.60621 0.00509 ( 3)
 136 G   0.38538 0.00334 0.60569 0.00559 ( 3)
 137 H   0.38564 0.00308 0.60611 0.00518 ( 3)
 138 M   0.38540 0.00332 0.60571 0.00557 ( 3)
 139 D   0.38498 0.00375 0.60501 0.00626 ( 3)
 140 E   0.38412 0.00464 0.60357 0.00767 ( 3)
 141 C   0.38656 0.00211 0.60771 0.00362 ( 3)
 142 L   0.38411 0.00465 0.60356 0.00768 ( 3)
 143 T   0.38614 0.00255 0.60698 0.00433 ( 3)
 144 V   0.38621 0.00247 0.60711 0.00421 ( 3)
 145 P   0.38519 0.00354 0.60536 0.00591 ( 3)
 146 S   0.26442 0.11982 0.41555 0.20021 ( 3)
 147 G   0.38538 0.00334 0.60569 0.00559 ( 3)
 148 E   0.38412 0.00464 0.60357 0.00767 ( 3)
 149 H   0.38563 0.00308 0.60611 0.00518 ( 3)
 150 G   0.38636 0.00232 0.60736 0.00396 ( 3)
 151 E   0.38412 0.00464 0.60357 0.00767 ( 3)
 152 E   0.38443 0.00432 0.60408 0.00717 ( 3)
 153 Q   0.38252 0.00630 0.60093 0.01026 ( 3)
 154 R   0.38414 0.00462 0.60361 0.00763 ( 3)
 155 W   0.38322 0.00557 0.60208 0.00913 ( 3)
 156 S   0.38665 0.00201 0.60788 0.00345 ( 3)
 157 G   0.38539 0.00333 0.60570 0.00558 ( 3)
 158 S   0.38602 0.00267 0.60678 0.00452 ( 3)
 159 H   0.38566 0.00305 0.60615 0.00514 ( 3)
 160 I   0.38758 0.00101 0.60962 0.00179 ( 3)
 161 R   0.38639 0.00229 0.60741 0.00391 ( 3)
 162 W   0.38322 0.00557 0.60208 0.00913 ( 3)
 163 G   0.38547 0.00325 0.60583 0.00545 ( 3)
 164 Q   0.38253 0.00629 0.60094 0.01024 ( 3)
 165 P   0.38525 0.00347 0.60546 0.00581 ( 3)
 166 F   0.38467 0.00407 0.60449 0.00677 ( 3)
 167 R   0.38416 0.00461 0.60363 0.00761 ( 3)
 168 L   0.38405 0.00472 0.60344 0.00779 ( 3)
 169 R   0.38667 0.00200 0.60791 0.00343 ( 3)
 170 H   0.38571 0.00300 0.60625 0.00505 ( 3)
 171 V   0.38622 0.00247 0.60712 0.00419 ( 3)
 172 T   0.38553 0.00320 0.60592 0.00535 ( 3)
 173 T   0.38534 0.00338 0.60562 0.00566 ( 3)
 174 G   0.38540 0.00332 0.60571 0.00557 ( 3)
 175 K   0.38518 0.00355 0.60534 0.00593 ( 3)
 176 Y   0.38495 0.00379 0.60495 0.00631 ( 3)
 177 L   0.38208 0.00675 0.60021 0.01096 ( 3)
 178 S   0.38602 0.00267 0.60678 0.00452 ( 3)
 179 L   0.38413 0.00464 0.60358 0.00766 ( 3)
 180 M   0.28200 0.10264 0.44320 0.17216 ( 3)
 181 E   0.38413 0.00463 0.60359 0.00765 ( 3)
 182 D   0.38574 0.00297 0.60629 0.00501 ( 3)
 183 K   0.38519 0.00354 0.60536 0.00592 ( 3)
 184 S   0.38603 0.00267 0.60679 0.00452 ( 3)
 185 L   0.38479 0.00395 0.60468 0.00658 ( 3)
 186 L   0.38405 0.00472 0.60344 0.00779 ( 3)
 187 L   0.38414 0.00463 0.60359 0.00764 ( 3)
 188 M   0.38541 0.00331 0.60573 0.00555 ( 3)
 189 D   0.38574 0.00297 0.60629 0.00501 ( 3)
 190 K   0.38519 0.00354 0.60536 0.00592 ( 3)
 191 E   0.38413 0.00463 0.60359 0.00765 ( 3)
 192 K   0.38519 0.00354 0.60536 0.00592 ( 3)
 193 A   0.38425 0.00451 0.60379 0.00745 ( 3)
 194 D   0.38499 0.00374 0.60502 0.00624 ( 3)
 195 V   0.38622 0.00247 0.60712 0.00419 ( 3)
 196 K   0.38519 0.00354 0.60536 0.00592 ( 3)
 197 S   0.38424 0.00452 0.60377 0.00747 ( 3)
 198 T   0.38534 0.00338 0.60562 0.00566 ( 3)
 199 A   0.38520 0.00352 0.60538 0.00589 ( 3)
 200 F   0.38460 0.00415 0.60436 0.00689 ( 3)
 201 T   0.38609 0.00260 0.60689 0.00441 ( 3)
 202 F   0.38467 0.00407 0.60449 0.00677 ( 3)
 203 R   0.38416 0.00461 0.60363 0.00761 ( 3)
 204 S   0.38532 0.00340 0.60558 0.00570 ( 3)
 205 S   0.38518 0.00354 0.60535 0.00592 ( 3)
 206 K   0.38487 0.00386 0.60483 0.00644 ( 3)
 207 E   0.38408 0.00468 0.60351 0.00773 ( 3)
 208 K   0.38514 0.00358 0.60528 0.00599 ( 3)
 209 L   0.01136 0.37004 0.01784 0.60076 ( 4)
 210 D   0.38494 0.00379 0.60495 0.00632 ( 3)
 211 V   0.38624 0.00245 0.60716 0.00416 ( 3)
 212 G   0.38638 0.00230 0.60741 0.00392 ( 3)
 213 V   0.38450 0.00425 0.60420 0.00705 ( 3)
 214 R   0.38638 0.00230 0.60739 0.00393 ( 3)
 215 K   0.38514 0.00358 0.60528 0.00599 ( 3)
 216 E   0.38408 0.00468 0.60351 0.00773 ( 3)
 217 V   0.38602 0.00267 0.60678 0.00453 ( 3)
 218 D   0.38494 0.00379 0.60495 0.00632 ( 3)
 219 G   0.38542 0.00329 0.60576 0.00552 ( 3)
 220 M   0.38536 0.00335 0.60566 0.00563 ( 3)
 221 G   0.38535 0.00337 0.60563 0.00565 ( 3)
 222 T   0.38605 0.00265 0.60682 0.00448 ( 3)
 223 S   0.38532 0.00340 0.60559 0.00570 ( 3)
 224 E   0.38409 0.00468 0.60351 0.00772 ( 3)
 225 I   0.38755 0.00104 0.60957 0.00183 ( 3)
 226 K   0.38514 0.00358 0.60528 0.00599 ( 3)
 227 Y   0.38458 0.00416 0.60435 0.00691 ( 3)
 228 G   0.38536 0.00335 0.60566 0.00562 ( 3)
 229 D   0.38569 0.00301 0.60622 0.00508 ( 3)
 230 S   0.38419 0.00456 0.60369 0.00755 ( 3)
 231 V   0.38581 0.00285 0.60649 0.00485 ( 3)
 232 C   0.38650 0.00217 0.60762 0.00371 ( 3)
 233 Y   0.26115 0.12351 0.41037 0.20497 ( 3)
 234 I   0.38755 0.00104 0.60957 0.00183 ( 3)
 235 Q   0.38248 0.00634 0.60087 0.01032 ( 3)
 236 H   0.38567 0.00304 0.60617 0.00512 ( 3)
 237 I   0.38495 0.00378 0.60496 0.00631 ( 3)
 238 N   0.00071 0.37029 0.00112 0.62788 ( 4)
 239 T   0.38610 0.00258 0.60692 0.00439 ( 3)
 240 G   0.38542 0.00329 0.60576 0.00552 ( 3)
 241 L   0.38203 0.00680 0.60013 0.01104 ( 3)
 242 W   0.38317 0.00562 0.60200 0.00921 ( 3)
 243 L   0.38400 0.00477 0.60337 0.00787 ( 3)
 244 T   0.38644 0.00223 0.60751 0.00381 ( 3)
 245 Y   0.38490 0.00383 0.60488 0.00639 ( 3)
 246 Q   0.38248 0.00634 0.60087 0.01032 ( 3)
 247 S   0.38532 0.00340 0.60559 0.00570 ( 3)
 248 V   0.38450 0.00425 0.60420 0.00705 ( 3)
 249 D   0.38494 0.00379 0.60495 0.00632 ( 3)
 250 V   0.38453 0.00422 0.60426 0.00699 ( 3)
 251 K   0.38514 0.00358 0.60528 0.00599 ( 3)
 252 S   0.38532 0.00340 0.60559 0.00570 ( 3)
 253 V   0.38450 0.00425 0.60420 0.00705 ( 3)
 254 R   0.38634 0.00234 0.60733 0.00399 ( 3)
 255 M   0.38536 0.00335 0.60566 0.00563 ( 3)
 256 G   0.38542 0.00331 0.60574 0.00554 ( 3)
 257 S   0.27663 0.10797 0.43475 0.18064 ( 3)
 258 I   0.38755 0.00104 0.60957 0.00183 ( 3)
 259 Q   0.38401 0.00475 0.60340 0.00785 ( 3)
 260 R   0.38709 0.00154 0.60869 0.00267 ( 3)
 261 K   0.38496 0.00378 0.60497 0.00629 ( 3)
 262 A   0.38337 0.00536 0.60240 0.00887 ( 3)
 263 I   0.38387 0.00484 0.60324 0.00805 ( 3)
 264 M   0.38455 0.00413 0.60439 0.00693 ( 3)
 265 H   0.38488 0.00380 0.60493 0.00640 ( 3)
 266 H   0.38488 0.00380 0.60493 0.00640 ( 3)
 267 E   0.38329 0.00544 0.60227 0.00899 ( 3)
 268 G   0.38557 0.00308 0.60611 0.00525 ( 3)
 269 H   0.38480 0.00387 0.60481 0.00652 ( 3)
 270 M   0.38455 0.00413 0.60439 0.00693 ( 3)
 271 D   0.38412 0.00458 0.60365 0.00764 ( 3)
 272 D   0.38437 0.00430 0.60411 0.00722 ( 3)
 273 G   0.38462 0.00406 0.60449 0.00682 ( 3)
 274 L   0.38289 0.00585 0.60162 0.00965 ( 3)
 275 N   0.28074 0.10304 0.44131 0.17492 ( 3)
 276 L   0.38163 0.00719 0.59951 0.01167 ( 3)
 277 S   0.38437 0.00432 0.60408 0.00723 ( 3)
 278 R   0.38560 0.00304 0.60618 0.00518 ( 3)
 279 S   0.38451 0.00418 0.60431 0.00700 ( 3)
 280 Q   0.38169 0.00711 0.59963 0.01158 ( 3)
 281 H   0.38487 0.00381 0.60492 0.00641 ( 3)
 282 E   0.38325 0.00549 0.60220 0.00906 ( 3)
 283 E   0.38325 0.00549 0.60220 0.00906 ( 3)
 284 S   0.38353 0.00520 0.60266 0.00860 ( 3)
 285 R   0.38600 0.00262 0.60687 0.00451 ( 3)
 286 T   0.38450 0.00419 0.60429 0.00702 ( 3)
 287 A   0.38471 0.00390 0.60476 0.00663 ( 3)
 288 R   0.38648 0.00211 0.60773 0.00367 ( 3)
 289 V   0.38543 0.00322 0.60588 0.00547 ( 3)
 290 I   0.38413 0.00458 0.60366 0.00763 ( 3)
 291 R   0.38603 0.00259 0.60693 0.00445 ( 3)
 292 S   0.38522 0.00344 0.60551 0.00583 ( 3)
 293 T   0.38463 0.00406 0.60450 0.00680 ( 3)
 294 V   0.38535 0.00330 0.60575 0.00560 ( 3)
 295 F   0.38379 0.00492 0.60310 0.00818 ( 3)
 296 L   0.38391 0.00480 0.60330 0.00799 ( 3)
 297 F   0.38379 0.00492 0.60310 0.00818 ( 3)
 298 N   0.38527 0.00339 0.60560 0.00574 ( 3)
 299 R   0.38570 0.00294 0.60634 0.00502 ( 3)
 300 F   0.38372 0.00500 0.60298 0.00830 ( 3)
 301 I   0.38387 0.00484 0.60324 0.00805 ( 3)
 302 S   0.38521 0.00345 0.60551 0.00584 ( 3)
 303 K   0.38478 0.00394 0.60471 0.00658 ( 3)
 304 K   0.38477 0.00394 0.60470 0.00659 ( 3)
 305 A   0.00002 0.36609 0.00003 0.63386 ( 4)
 306 K   0.38455 0.00417 0.60433 0.00695 ( 3)
 307 A   0.24899 0.13557 0.39124 0.22421 ( 3)
 308 S   0.38482 0.00389 0.60479 0.00650 ( 3)
 309 T   0.30046 0.08387 0.47235 0.14332 ( 3)
 310 V   0.38591 0.00276 0.60664 0.00470 ( 3)
 311 D   0.38534 0.00335 0.60566 0.00565 ( 3)
 312 L   0.38228 0.00652 0.60057 0.01063 ( 3)
 313 P   0.27506 0.10900 0.43233 0.18361 ( 3)
 314 I   0.38733 0.00124 0.60923 0.00220 ( 3)
 315 E   0.38402 0.00472 0.60345 0.00782 ( 3)
 316 S   0.27202 0.11227 0.42752 0.18818 ( 3)
 317 V   0.38591 0.00276 0.60664 0.00469 ( 3)
 318 S   0.38631 0.00234 0.60734 0.00401 ( 3)
 319 L   0.38362 0.00513 0.60277 0.00847 ( 3)
 320 S   0.38631 0.00234 0.60734 0.00401 ( 3)
 321 L   0.37959 0.00931 0.59619 0.01491 ( 3)
 322 Q   0.38212 0.00669 0.60030 0.01090 ( 3)
 323 D   0.38534 0.00335 0.60566 0.00565 ( 3)
 324 L   0.37956 0.00934 0.59614 0.01496 ( 3)
 325 I   0.38433 0.00440 0.60395 0.00732 ( 3)
 326 G   0.38506 0.00364 0.60519 0.00610 ( 3)
 327 Y   0.38453 0.00419 0.60429 0.00699 ( 3)
 328 F   0.38425 0.00448 0.60382 0.00745 ( 3)
 329 H   0.38525 0.00345 0.60550 0.00580 ( 3)
 330 P   0.38427 0.00446 0.60386 0.00741 ( 3)
 331 P   0.38424 0.00449 0.60381 0.00746 ( 3)
 332 D   0.38457 0.00415 0.60437 0.00691 ( 3)
 333 E   0.38402 0.00472 0.60345 0.00782 ( 3)
 334 H   0.38525 0.00345 0.60550 0.00580 ( 3)
 335 L   0.38228 0.00652 0.60057 0.01063 ( 3)
 336 E   0.38400 0.00474 0.60340 0.00786 ( 3)
 337 H   0.38532 0.00338 0.60562 0.00569 ( 3)
 338 E   0.38370 0.00505 0.60292 0.00833 ( 3)
 339 D   0.38457 0.00415 0.60437 0.00691 ( 3)
 340 K   0.38455 0.00417 0.60433 0.00695 ( 3)
 341 Q   0.38212 0.00669 0.60030 0.01090 ( 3)
 342 N   0.38592 0.00274 0.60667 0.00467 ( 3)
 343 R   0.38601 0.00265 0.60683 0.00451 ( 3)
 344 L   0.38225 0.00655 0.60053 0.01067 ( 3)
 345 R   0.38382 0.00493 0.60310 0.00815 ( 3)
 346 A   0.38383 0.00491 0.60313 0.00813 ( 3)
 347 L   0.38360 0.00516 0.60274 0.00851 ( 3)
 348 K   0.38476 0.00396 0.60467 0.00662 ( 3)
 349 N   0.38568 0.00300 0.60624 0.00508 ( 3)
 350 R   0.38637 0.00227 0.60746 0.00390 ( 3)
 351 Q   0.38217 0.00663 0.60039 0.01081 ( 3)
 352 N   0.38568 0.00300 0.60624 0.00508 ( 3)
 353 L   0.38368 0.00507 0.60287 0.00838 ( 3)
 354 F   0.38423 0.00450 0.60379 0.00748 ( 3)
 355 Q   0.38213 0.00668 0.60032 0.01087 ( 3)
 356 E   0.38366 0.00509 0.60284 0.00841 ( 3)
 357 E   0.38397 0.00476 0.60337 0.00789 ( 3)
 358 G   0.38507 0.00363 0.60520 0.00609 ( 3)
 359 M   0.38509 0.00362 0.60523 0.00607 ( 3)
 360 I   0.38467 0.00405 0.60452 0.00676 ( 3)
 361 N   0.38605 0.00262 0.60688 0.00446 ( 3)
 362 L   0.38445 0.00428 0.60416 0.00711 ( 3)
 363 V   0.38464 0.00412 0.60442 0.00683 ( 3)
 364 L   0.38381 0.00494 0.60308 0.00816 ( 3)
 365 E   0.38414 0.00461 0.60362 0.00763 ( 3)
 366 C   0.38549 0.00321 0.60590 0.00541 ( 3)
 367 I   0.38740 0.00118 0.60934 0.00208 ( 3)
 368 D   0.38545 0.00325 0.60583 0.00547 ( 3)
 369 R   0.38658 0.00207 0.60780 0.00356 ( 3)
 370 L   0.37963 0.00927 0.59624 0.01486 ( 3)
 371 H   0.38535 0.00335 0.60567 0.00563 ( 3)
 372 V   0.38424 0.00450 0.60379 0.00747 ( 3)
 373 Y   0.38464 0.00408 0.60447 0.00680 ( 3)
 374 S   0.38574 0.00294 0.60634 0.00498 ( 3)
 375 S   0.38578 0.00291 0.60640 0.00492 ( 3)
 376 A   0.38394 0.00481 0.60330 0.00795 ( 3)
 377 A   0.38491 0.00380 0.60492 0.00636 ( 3)
 378 H   0.38535 0.00335 0.60567 0.00563 ( 3)
 379 F   0.38429 0.00445 0.60387 0.00739 ( 3)
 380 A   0.38678 0.00185 0.60816 0.00321 ( 3)
 381 D   0.38469 0.00404 0.60454 0.00673 ( 3)
 382 V   0.38595 0.00272 0.60670 0.00463 ( 3)
 383 A   0.38394 0.00481 0.60330 0.00795 ( 3)
 384 G   0.38616 0.00250 0.60706 0.00427 ( 3)
 385 R   0.38611 0.00255 0.60698 0.00435 ( 3)
 386 E   0.38382 0.00493 0.60310 0.00815 ( 3)
 387 A   0.38492 0.00379 0.60494 0.00635 ( 3)
 388 G   0.38616 0.00250 0.60706 0.00427 ( 3)
 389 E   0.38382 0.00493 0.60310 0.00815 ( 3)
 390 S   0.38506 0.00365 0.60517 0.00612 ( 3)
 391 W   0.38291 0.00587 0.60159 0.00962 ( 3)
 392 K   0.38489 0.00383 0.60488 0.00640 ( 3)
 393 S   0.38626 0.00240 0.60723 0.00411 ( 3)
 394 I   0.38444 0.00429 0.60413 0.00714 ( 3)
 395 L   0.37963 0.00927 0.59624 0.01486 ( 3)
 396 N   0.38580 0.00288 0.60643 0.00488 ( 3)
 397 S   0.38507 0.00364 0.60519 0.00610 ( 3)
 398 L   0.37964 0.00926 0.59626 0.01484 ( 3)
 399 Y   0.38426 0.00448 0.60383 0.00743 ( 3)
 400 E   0.38414 0.00461 0.60362 0.00763 ( 3)
 401 L   0.38178 0.00704 0.59975 0.01143 ( 3)
 402 L   0.37959 0.00932 0.59618 0.01492 ( 3)
 403 A   0.38664 0.00198 0.60795 0.00343 ( 3)
 404 A   0.38410 0.00466 0.60355 0.00770 ( 3)
 405 L   0.38389 0.00487 0.60321 0.00803 ( 3)
 406 I   0.38460 0.00414 0.60438 0.00689 ( 3)
 407 R   0.38625 0.00242 0.60719 0.00413 ( 3)
 408 G   0.38525 0.00346 0.60548 0.00580 ( 3)
 409 N   0.38594 0.00275 0.60666 0.00466 ( 3)
 410 R   0.38702 0.00160 0.60858 0.00279 ( 3)
 411 K   0.38504 0.00368 0.60512 0.00616 ( 3)
 412 N   0.38621 0.00247 0.60712 0.00420 ( 3)
 413 C   0.38563 0.00307 0.60613 0.00517 ( 3)
 414 A   0.38412 0.00461 0.60361 0.00765 ( 3)
 415 Q   0.38395 0.00481 0.60330 0.00794 ( 3)
 416 F   0.38444 0.00430 0.60412 0.00714 ( 3)
 417 S   0.38522 0.00349 0.60543 0.00586 ( 3)
 418 G   0.38532 0.00339 0.60560 0.00568 ( 3)
 419 S   0.38509 0.00363 0.60520 0.00608 ( 3)
 420 L   0.38397 0.00479 0.60333 0.00791 ( 3)
 421 D   0.38559 0.00311 0.60606 0.00524 ( 3)
 422 W   0.38307 0.00572 0.60184 0.00937 ( 3)
 423 L   0.38255 0.00626 0.60099 0.01021 ( 3)
 424 I   0.38485 0.00388 0.60480 0.00647 ( 3)
 425 S   0.38589 0.00280 0.60657 0.00475 ( 3)
 426 R   0.38400 0.00476 0.60338 0.00786 ( 3)
 427 L   0.38193 0.00690 0.59998 0.01120 ( 3)
 428 E   0.38398 0.00478 0.60334 0.00790 ( 3)
 429 R   0.38625 0.00242 0.60719 0.00413 ( 3)
 430 L   0.37979 0.00912 0.59649 0.01460 ( 3)
 431 E   0.38395 0.00481 0.60330 0.00794 ( 3)
 432 A   0.38407 0.00468 0.60351 0.00774 ( 3)
 433 S   0.38520 0.00352 0.60539 0.00590 ( 3)
 434 S   0.38520 0.00352 0.60539 0.00590 ( 3)
 435 G   0.38579 0.00287 0.60646 0.00488 ( 3)
 436 I   0.38413 0.00459 0.60365 0.00763 ( 3)
 437 L   0.38417 0.00455 0.60371 0.00757 ( 3)
 438 E   0.38351 0.00523 0.60261 0.00865 ( 3)
 439 V   0.27851 0.10528 0.43779 0.17842 ( 3)
 440 L   0.38209 0.00670 0.60027 0.01093 ( 3)
 441 H   0.38506 0.00363 0.60521 0.00611 ( 3)
 442 C   0.38520 0.00349 0.60544 0.00588 ( 3)
 443 V   0.38393 0.00480 0.60330 0.00797 ( 3)
 444 L   0.38209 0.00670 0.60027 0.01093 ( 3)
 445 V   0.38573 0.00292 0.60637 0.00498 ( 3)
 446 E   0.38351 0.00523 0.60261 0.00865 ( 3)
 447 S   0.38614 0.00249 0.60708 0.00428 ( 3)
 448 P   0.38405 0.00468 0.60351 0.00777 ( 3)
 449 E   0.38351 0.00523 0.60261 0.00865 ( 3)
 450 A   0.38371 0.00504 0.60293 0.00833 ( 3)
 451 L   0.38344 0.00530 0.60250 0.00875 ( 3)
 452 N   0.38552 0.00315 0.60599 0.00534 ( 3)
 453 I   0.01620 0.35989 0.02545 0.59846 ( 4)
 454 I   0.38413 0.00459 0.60365 0.00763 ( 3)
 455 K   0.38458 0.00412 0.60441 0.00689 ( 3)
 456 E   0.38351 0.00523 0.60261 0.00865 ( 3)
 457 G   0.38488 0.00382 0.60490 0.00641 ( 3)
 458 H   0.38513 0.00355 0.60533 0.00599 ( 3)
 459 I   0.38413 0.00459 0.60365 0.00763 ( 3)
 460 K   0.38458 0.00412 0.60441 0.00689 ( 3)
 461 S   0.38463 0.00407 0.60449 0.00681 ( 3)
 462 I   0.38413 0.00459 0.60365 0.00763 ( 3)
 463 I   0.38439 0.00432 0.60408 0.00721 ( 3)
 464 S   0.38362 0.00512 0.60279 0.00846 ( 3)
 465 L   0.38417 0.00455 0.60371 0.00757 ( 3)
 466 L   0.38209 0.00670 0.60027 0.01093 ( 3)
 467 D   0.38516 0.00353 0.60537 0.00594 ( 3)
 468 K   0.38436 0.00435 0.60403 0.00726 ( 3)
 469 H   0.38513 0.00355 0.60533 0.00599 ( 3)
 470 G   0.38477 0.00393 0.60472 0.00658 ( 3)
 471 R   0.38582 0.00283 0.60652 0.00483 ( 3)
 472 N   0.38549 0.00318 0.60595 0.00538 ( 3)
 473 H   0.38503 0.00365 0.60517 0.00615 ( 3)
 474 K   0.38433 0.00438 0.60398 0.00730 ( 3)
 475 V   0.38601 0.00268 0.60677 0.00454 ( 3)
 476 L   0.37983 0.00908 0.59655 0.01454 ( 3)
 477 D   0.38569 0.00302 0.60621 0.00509 ( 3)
 478 V   0.38621 0.00247 0.60711 0.00421 ( 3)
 479 L   0.38268 0.00613 0.60120 0.00999 ( 3)
 480 C   0.38656 0.00211 0.60773 0.00361 ( 3)
 481 S   0.38521 0.00351 0.60540 0.00588 ( 3)
 482 L   0.38407 0.00469 0.60349 0.00774 ( 3)
 483 C   0.38577 0.00293 0.60635 0.00494 ( 3)
 484 V   0.38606 0.00263 0.60685 0.00446 ( 3)
 485 C   0.38657 0.00210 0.60774 0.00359 ( 3)
 486 H   0.28634 0.09819 0.45005 0.16542 ( 3)
 487 G   0.38642 0.00225 0.60747 0.00385 ( 3)
 488 V   0.38628 0.00241 0.60722 0.00409 ( 3)
 489 A   0.38525 0.00348 0.60545 0.00582 ( 3)
 490 V   0.38622 0.00247 0.60712 0.00419 ( 3)
 491 R   0.38714 0.00150 0.60876 0.00260 ( 3)
 492 S   0.38537 0.00335 0.60566 0.00562 ( 3)
 493 N   0.38634 0.00234 0.60733 0.00399 ( 3)
 494 Q   0.38254 0.00628 0.60096 0.01023 ( 3)
 495 H   0.38571 0.00300 0.60625 0.00505 ( 3)
