Supplemental results for CODEML (seqf: /home/leticiamagpali/phd/evol_models/codeml/small_dataset/cml_align/CALML6_codon_aligned.phy  treef: /home/leticiamagpali/phd/evol_models/codeml/small_dataset/cml_trees/gene_trees/H2_gene_trees/CALML6_codon_H2.tre)

I	J	ij	2Ns_IJ	pMut_IJ	pSub_IJ	2Ns_JI	pMut_JI	pSub_JI

TTC	TTT	CT	0.45502	0.09853	0.12264	-0.45502	0.15530	0.12264
TTA	TTT	AT	10.75978	0.00000	0.00000	-10.75978	0.02752	0.00001
TTA	TTC	AC	10.30477	0.00000	0.00000	-10.30477	0.10273	0.00004
TTG	TTT	GT	2.55218	0.00066	0.00183	-2.55218	0.00850	0.00183
TTG	TTC	GC	2.09716	0.00390	0.00932	-2.09716	0.03173	0.00932
TTG	TTA	GA	-8.20761	0.01950	0.00004	8.20761	0.00000	0.00000
TCT	TTT	CT	1.56260	0.03255	0.06435	-1.56260	0.15530	0.06435
TCC	TTC	CT	1.85609	0.09061	0.19933	-1.85609	0.57978	0.19933
TCC	TCT	CT	0.74851	0.09061	0.12871	-0.74851	0.19154	0.12871
TCA	TTA	CT	-3.87414	0.00088	0.00007	3.87414	0.00000	0.00000
TCA	TCT	AT	5.32305	0.00017	0.00089	-5.32305	0.03394	0.00089
TCA	TCC	AC	4.57454	0.00097	0.00450	-4.57454	0.09447	0.00450
TCG	TTG	CT	3.15861	0.00088	0.00290	-3.15861	0.02071	0.00290
TCG	TCT	GT	4.14819	0.00017	0.00070	-4.14819	0.01048	0.00070
TCG	TCC	GC	3.39968	0.00097	0.00343	-3.39968	0.02918	0.00343
TCG	TCA	GA	-1.17486	0.00487	0.00256	1.17486	0.00151	0.00256
TAT	TTT	AT	10.75978	0.00000	0.00000	-10.75978	0.02752	0.00001
TAT	TCT	AC	9.19719	0.00000	0.00000	-9.19719	0.03394	0.00003
TAC	TTC	AT	2.03618	0.01341	0.03140	-2.03618	0.10273	0.03140
TAC	TCC	AC	0.18009	0.07890	0.08622	-0.18009	0.09447	0.08622
TAC	TAT	CT	-8.26859	0.07126	0.00015	8.26859	0.00000	0.00000
TGT	TTT	GT	1.37352	0.00215	0.00396	-1.37352	0.00850	0.00396
TGT	TCT	GC	-0.18908	0.01266	0.01150	0.18908	0.01048	0.01150
TGT	TAT	GA	-9.38626	0.06337	0.00005	9.38626	0.00000	0.00000
TGC	TTC	GT	1.61819	0.00629	0.01270	-1.61819	0.03173	0.01270
TGC	TCC	GC	-0.23790	0.03702	0.03279	0.23790	0.02918	0.03279
TGC	TAC	GA	-0.41799	0.18522	0.14920	0.41799	0.12194	0.14920
TGC	TGT	CT	0.69968	0.03343	0.04648	-0.69968	0.06730	0.04648
TGG	TTG	GT	-2.36689	0.01208	0.00296	2.36689	0.00113	0.00296
TGG	TCG	GC	-5.52551	0.07111	0.00157	5.52551	0.00028	0.00157
TGG	TGT	GT	-1.18824	0.01208	0.00629	1.18824	0.00368	0.00629
TGG	TGC	GC	-1.88792	0.07111	0.02395	1.88792	0.01076	0.02395
CTT	TTT	CT	10.81997	0.00000	0.00000	-10.81997	0.15530	0.00003
CTC	TTC	CT	1.72013	0.10381	0.21750	-1.72013	0.57978	0.21750
CTC	CTT	CT	-8.64482	0.10381	0.00016	8.64482	0.00000	0.00000
CTA	TTA	CT	-4.56728	0.00176	0.00008	4.56728	0.00000	0.00000
CTA	CTT	AT	-4.62747	0.00033	0.00002	4.62747	0.00000	0.00000
CTA	CTC	AC	4.01735	0.00195	0.00797	-4.01735	0.10823	0.00797
CTG	TTG	CT	-2.19797	0.18650	0.05120	2.19797	0.02071	0.05120
CTG	CTT	GT	-10.46577	0.03509	0.00001	10.46577	0.00000	0.00000
CTG	CTC	GC	-1.82095	0.20651	0.07263	1.82095	0.03343	0.07263
CTG	CTA	GA	-5.83830	1.03334	0.01763	5.83830	0.00301	0.01763
CCT	TCT	CT	0.75827	0.08973	0.12801	-0.75827	0.19154	0.12801
CCT	CTT	CT	-8.49911	0.08973	0.00016	8.49911	0.00000	0.00000
CCC	TCC	CT	1.63636	0.10381	0.21093	-1.63636	0.53319	0.21093
CCC	CTC	CT	1.77232	0.10381	0.22164	-1.77232	0.61084	0.22164
CCC	CCT	CT	1.62661	0.10381	0.21017	-1.62661	0.52802	0.21017
CCA	TCA	CT	-1.75404	0.02991	0.01098	1.75404	0.00518	0.01098
CCA	CTA	CT	-1.06089	0.02991	0.01680	1.06089	0.01035	0.01680
CCA	CCT	AT	2.81074	0.00563	0.01683	-2.81074	0.09355	0.01683
CCA	CCC	AC	1.18413	0.03312	0.05651	-1.18413	0.10823	0.05651
CCG	TCG	CT	-0.93573	0.01320	0.00797	0.93573	0.00518	0.00797
CCG	CTG	CT	4.42086	0.01320	0.05905	-4.42086	1.09744	0.05905
CCG	CCT	GT	2.45420	0.00248	0.00667	-2.45420	0.02890	0.00667
CCG	CCC	GC	0.82759	0.01461	0.02148	-0.82759	0.03343	0.02148
CCG	CCA	GA	-0.35655	0.07311	0.06085	0.35655	0.05119	0.06085
CAT	TAT	CT	-6.17672	0.00880	0.00011	6.17672	0.00000	0.00000
CAT	CTT	AT	-6.23691	0.00166	0.00002	6.23691	0.00000	0.00000
CAT	CCT	AC	2.26220	0.00974	0.02460	-2.26220	0.09355	0.02460
CAC	TAC	CT	2.42910	0.03695	0.09842	-2.42910	0.41931	0.09842
CAC	CTC	AT	2.74514	0.00695	0.02040	-2.74514	0.10823	0.02040
CAC	CCC	AC	0.97282	0.04091	0.06399	-0.97282	0.10823	0.06399
CAC	CAT	CT	0.33724	0.03695	0.04353	-0.33724	0.05177	0.04353
CAA	CTA	AT	0.20805	0.00149	0.00165	-0.20805	0.00183	0.00165
CAA	CCA	AC	1.26895	0.00877	0.01548	-1.26895	0.03118	0.01548
CAA	CAT	AT	1.81749	0.00149	0.00323	-1.81749	0.00917	0.00323
CAA	CAC	AC	1.48025	0.00877	0.01680	-1.48025	0.03852	0.01680
CAG	CTG	AT	2.54693	0.01523	0.04208	-2.54693	0.19444	0.04208
CAG	CCG	AC	-1.87393	0.08962	0.03046	1.87393	0.01376	0.03046
CAG	CAT	GT	-1.68193	0.01523	0.00585	1.68193	0.00283	0.00585
CAG	CAC	GC	-2.01917	0.08962	0.02770	2.01917	0.01190	0.02770
CAG	CAA	GA	-3.49942	0.44843	0.04889	3.49942	0.01355	0.04889
CGT	TGT	CT	2.95098	0.00352	0.01096	-2.95098	0.06730	0.01096
CGT	CTT	GT	-6.49548	0.00066	0.00001	6.49548	0.00000	0.00000
CGT	CCT	GC	2.00363	0.00390	0.00902	-2.00363	0.02890	0.00902
CGT	CAT	GA	-0.25857	0.01950	0.01708	0.25857	0.01505	0.01708
CGC	TGC	CT	1.97592	0.02727	0.06256	-1.97592	0.19671	0.06256
CGC	CTC	GT	1.87397	0.00513	0.01136	-1.87397	0.03343	0.01136
CGC	CCC	GC	0.10165	0.03020	0.03176	-0.10165	0.03343	0.03176
CGC	CAC	GA	-0.87117	0.15110	0.09472	0.87117	0.06323	0.09472
CGC	CGT	CT	-0.27537	0.02727	0.02369	0.27537	0.02071	0.02369
CGA	CTA	GT	-1.40864	0.00232	0.00106	1.40864	0.00057	0.00106
CGA	CCA	GC	-0.34774	0.01364	0.01140	0.34774	0.00963	0.01140
CGA	CAA	GA	-1.61669	0.06824	0.02733	1.61669	0.01355	0.02733
CGA	CGT	AT	0.45937	0.00232	0.00289	-0.45937	0.00367	0.00289
CGA	CGC	AC	0.73474	0.01364	0.01926	-0.73474	0.02843	0.01926
CGG	TGG	CT	2.92729	0.02023	0.06258	-2.92729	0.37789	0.06258
CGG	CTG	GT	2.75836	0.00381	0.01121	-2.75836	0.06006	0.01121
CGG	CCG	GC	-1.66249	0.02240	0.00872	1.66249	0.00425	0.00872
CGG	CAG	GA	0.21144	0.11211	0.12438	-0.21144	0.13850	0.12438
CGG	CGT	GT	-1.21193	0.00381	0.00196	1.21193	0.00113	0.00196
CGG	CGC	GC	-0.93655	0.02240	0.01353	0.93655	0.00878	0.01353
CGG	CGA	GA	-1.67129	0.11211	0.04338	1.67129	0.02108	0.04338
ATT	TTT	AT	3.16742	0.00116	0.00383	-3.16742	0.02752	0.00383
ATT	CTT	AC	-7.65256	0.00682	0.00002	7.65256	0.00000	0.00000
ATC	TTC	AT	2.21112	0.01126	0.02795	-2.21112	0.10273	0.02795
ATC	CTC	AC	0.49099	0.06624	0.08382	-0.49099	0.10823	0.08382
ATC	ATT	CT	-0.50128	0.05982	0.04607	0.50128	0.03624	0.04607
ATA	TTA	AT	-5.32062	0.00066	0.00002	5.32062	0.00000	0.00000
ATA	CTA	AC	-0.75334	0.00390	0.00261	0.75334	0.00183	0.00261
ATA	ATT	AT	2.27175	0.00066	0.00168	-2.27175	0.00642	0.00168
ATA	ATC	AC	2.77302	0.00390	0.01152	-2.77302	0.06237	0.01152
ATG	TTG	AT	-2.01356	0.02748	0.00853	2.01356	0.00367	0.00853
ATG	CTG	AC	0.18441	0.16170	0.17707	-0.18441	0.19444	0.17707
ATG	ATT	GT	-2.62881	0.02748	0.00562	2.62881	0.00198	0.00562
ATG	ATC	GC	-2.12753	0.16170	0.04653	2.12753	0.01926	0.04653
ATG	ATA	GA	-4.90055	0.80912	0.02973	4.90055	0.00602	0.02973
ACT	TCT	AT	2.61500	0.00248	0.00701	-2.61500	0.03394	0.00701
ACT	CCT	AC	1.85673	0.01461	0.03215	-1.85673	0.09355	0.03215
ACT	ATT	CT	1.01018	0.01320	0.02096	-1.01018	0.03624	0.02096
ACC	TCC	AT	2.45504	0.00811	0.02178	-2.45504	0.09447	0.02178
ACC	CCC	AC	0.81867	0.04773	0.06990	-0.81867	0.10823	0.06990
ACC	ATC	CT	2.10001	0.04311	0.10315	-2.10001	0.35201	0.10315
ACC	ACT	CT	0.58855	0.04311	0.05703	-0.58855	0.07765	0.05703
ACA	TCA	AT	1.01898	0.00033	0.00053	-1.01898	0.00092	0.00053
ACA	CCA	AC	2.77302	0.00195	0.00576	-2.77302	0.03118	0.00576
ACA	ATA	CT	2.46547	0.00176	0.00474	-2.46547	0.02071	0.00474
ACA	ACT	AT	3.72703	0.00033	0.00126	-3.72703	0.01376	0.00126
ACA	ACC	AC	3.13848	0.00195	0.00639	-3.13848	0.04494	0.00639
ACG	TCG	AT	-2.53637	0.01159	0.00253	2.53637	0.00092	0.00253
ACG	CCG	AC	-1.60064	0.06819	0.02759	1.60064	0.01376	0.02759
ACG	ATG	CT	2.63581	0.06158	0.17484	-2.63581	0.85932	0.17484
ACG	ACT	GT	-1.00317	0.01159	0.00673	1.00317	0.00425	0.00673
ACG	ACC	GC	-1.59172	0.06819	0.02774	1.59172	0.01388	0.02774
ACG	ACA	GA	-4.73021	0.34120	0.01437	4.73021	0.00301	0.01437
AAT	TAT	AT	-6.41923	0.00199	0.00002	6.41923	0.00000	0.00000
AAT	CAT	AC	-0.24251	0.01169	0.01033	0.24251	0.00917	0.01033
AAT	ATT	AT	1.17313	0.00199	0.00337	-1.17313	0.00642	0.00337
AAT	ACT	AC	0.16295	0.01169	0.01267	-0.16295	0.01376	0.01267
AAC	TAC	AT	1.91692	0.01093	0.02455	-1.91692	0.07429	0.02455
AAC	CAC	AC	-0.51218	0.06429	0.04923	0.51218	0.03852	0.04923
AAC	ATC	AT	1.74198	0.01093	0.02307	-1.74198	0.06237	0.02307
AAC	ACC	AC	-0.35802	0.06429	0.05347	0.35802	0.04494	0.05347
AAC	AAT	CT	0.06757	0.05806	0.06004	-0.06757	0.06212	0.06004
AAA	CAA	AC	-0.63555	0.01559	0.01115	0.63555	0.00825	0.01115
AAA	ATA	AT	0.32584	0.00265	0.00310	-0.32584	0.00367	0.00310
AAA	ACA	AC	-2.13963	0.01559	0.00445	2.13963	0.00183	0.00445
AAA	AAT	AT	1.42445	0.00265	0.00497	-1.42445	0.01101	0.00497
AAA	AAC	AC	1.35688	0.01559	0.02848	-1.35688	0.06053	0.02848
AAG	CAG	AC	-0.83171	0.19384	0.12428	0.83171	0.08438	0.12428
AAG	ATG	AT	1.53081	0.03294	0.06435	-1.53081	0.15225	0.06435
AAG	ACG	AC	-1.10500	0.19384	0.10608	1.10500	0.06420	0.10608
AAG	AAT	GT	-2.27113	0.03294	0.00861	2.27113	0.00340	0.00861
AAG	AAC	GC	-2.33870	0.19384	0.04839	2.33870	0.01870	0.04839
AAG	AAA	GA	-3.69557	0.96997	0.09128	3.69557	0.02409	0.09128
AGT	TGT	AT	0.42693	0.00778	0.00956	-0.42693	0.01192	0.00956
AGT	CGT	AC	-2.52404	0.04578	0.01007	2.52404	0.00367	0.01007
AGT	ATT	GT	-1.36696	0.00778	0.00364	1.36696	0.00198	0.00364
AGT	ACT	GC	-2.37715	0.04578	0.01113	2.37715	0.00425	0.01113
AGT	AAT	GA	-2.54010	0.22909	0.04982	2.54010	0.01807	0.04982
AGC	TGC	AT	1.37942	0.00877	0.01617	-1.37942	0.03485	0.01617
AGC	CGC	AC	-0.59649	0.05163	0.03775	0.59649	0.02843	0.03775
AGC	ATC	GT	0.78649	0.00877	0.01267	-0.78649	0.01926	0.01267
AGC	ACC	GC	-1.31352	0.05163	0.02494	1.31352	0.01388	0.02494
AGC	AAC	GA	-0.95549	0.25833	0.15428	0.95549	0.09936	0.15428
AGC	AGT	CT	1.65218	0.04662	0.09529	-1.65218	0.24330	0.09529
AGA	CGA	AC	-0.25435	0.01656	0.01454	0.25435	0.01284	0.01454
AGA	ATA	GT	-0.90965	0.00281	0.00173	0.90965	0.00113	0.00173
AGA	ACA	GC	-3.37511	0.01656	0.00198	3.37511	0.00057	0.00198
AGA	AAA	GA	-1.23548	0.08286	0.04196	1.23548	0.02409	0.04196
AGA	AGT	AT	2.72906	0.00281	0.00822	-2.72906	0.04311	0.00822
AGA	AGC	AC	1.07689	0.01656	0.02705	-1.07689	0.04861	0.02705
AGG	TGG	AT	2.44724	0.00579	0.01552	-2.44724	0.06695	0.01552
AGG	CGG	AC	-0.48004	0.03409	0.02656	0.48004	0.02110	0.02656
AGG	ATG	GT	2.09391	0.00579	0.01384	-2.09391	0.04703	0.01384
AGG	ACG	GC	-0.54190	0.03409	0.02569	0.54190	0.01983	0.02569
AGG	AAG	GA	0.56310	0.17060	0.22311	-0.56310	0.29959	0.22311
AGG	AGT	GT	0.83207	0.00579	0.00853	-0.83207	0.01331	0.00853
AGG	AGC	GC	-0.82010	0.03409	0.02200	0.82010	0.01501	0.02200
AGG	AGA	GA	-1.89699	0.17060	0.05712	1.89699	0.02559	0.05712
GTT	TTT	GT	9.58493	0.00000	0.00000	-9.58493	0.00850	0.00001
GTT	CTT	GC	-1.23505	0.00000	0.00000	1.23505	0.00000	0.00000
GTT	ATT	GA	6.41751	0.00000	0.00000	-6.41751	0.01054	0.00011
GTC	TTC	GT	1.72941	0.00563	0.01183	-1.72941	0.03173	0.01183
GTC	CTC	GC	0.00928	0.03312	0.03327	-0.00928	0.03343	0.03327
GTC	ATC	GA	-0.48171	0.16572	0.12900	0.48171	0.10237	0.12900
GTC	GTT	CT	-7.40050	0.02991	0.00014	7.40050	0.00000	0.00000
GTA	TTA	GT	0.53727	0.00000	0.00000	-0.53727	0.00000	0.00000
GTA	CTA	GC	5.10456	0.00000	0.00000	-5.10456	0.00057	0.00002
GTA	ATA	GA	5.85789	0.00000	0.00000	-5.85789	0.00602	0.00010
GTA	GTT	AT	1.71213	0.00000	0.00000	-1.71213	0.00000	0.00000
GTA	GTC	AC	9.11263	0.00000	0.00000	-9.11263	0.03118	0.00003
GTG	TTG	GT	-2.84712	0.01953	0.00342	2.84712	0.00113	0.00342
GTG	CTG	GC	-0.64915	0.11494	0.08164	0.64915	0.06006	0.08164
GTG	ATG	GA	-0.83355	0.57516	0.36837	0.83355	0.24991	0.36837
GTG	GTT	GT	-9.87987	0.01953	0.00001	9.87987	0.00000	0.00000
GTG	GTC	GC	-2.47937	0.11494	0.02606	2.47937	0.00963	0.02606
GTG	GTA	GA	-11.59200	0.57516	0.00006	11.59200	0.00000	0.00000
GCT	TCT	GT	0.71420	0.00513	0.00718	-0.71420	0.01048	0.00718
GCT	CCT	GC	-0.04406	0.03020	0.02954	0.04406	0.02890	0.02954
GCT	ACT	GA	-1.90079	0.15110	0.05047	1.90079	0.02258	0.05047
GCT	GTT	CT	-7.30812	0.02727	0.00013	7.30812	0.00000	0.00000
GCC	TCC	GT	-0.01538	0.02963	0.02940	0.01538	0.02918	0.02940
GCC	CCC	GC	-1.65175	0.17436	0.06831	1.65175	0.03343	0.06831
GCC	ACC	GA	-2.47042	0.87249	0.19907	2.47042	0.07377	0.19907
GCC	GTC	CT	0.11129	0.15747	0.16639	-0.11129	0.17601	0.16639
GCC	GCT	CT	0.01892	0.15747	0.15896	-0.01892	0.16048	0.15896
GCA	TCA	GT	-0.15587	0.00033	0.00031	0.15587	0.00028	0.00031
GCA	CCA	GC	1.59817	0.00195	0.00390	-1.59817	0.00963	0.00390
GCA	ACA	GA	-1.17486	0.00975	0.00512	1.17486	0.00301	0.00512
GCA	GTA	CT	-4.56728	0.00176	0.00008	4.56728	0.00000	0.00000
GCA	GCT	AT	4.45297	0.00033	0.00149	-4.45297	0.02843	0.00149
GCA	GCC	AC	4.43405	0.00195	0.00874	-4.43405	0.16418	0.00874
GCG	TCG	GT	-4.15408	0.01804	0.00120	4.15408	0.00028	0.00120
GCG	CCG	GC	-3.21835	0.10618	0.01425	3.21835	0.00425	0.01425
GCG	ACG	GA	-1.61771	0.53129	0.21266	1.61771	0.10538	0.21266
GCG	GTG	CT	1.85166	0.09589	0.21061	-1.85166	0.61084	0.21061
GCG	GCT	GT	-0.72009	0.01804	0.01232	0.72009	0.00878	0.01232
GCG	GCC	GC	-0.73901	0.10618	0.07173	0.73901	0.05071	0.07173
GCG	GCA	GA	-5.17306	0.53129	0.01566	5.17306	0.00301	0.01566
GAT	TAT	GT	-7.99956	0.00298	0.00001	7.99956	0.00000	0.00000
GAT	CAT	GC	-1.82283	0.01753	0.00616	1.82283	0.00283	0.00616
GAT	AAT	GA	-1.58032	0.08774	0.03595	1.58032	0.01807	0.03595
GAT	GTT	AT	-6.82470	0.00298	0.00002	6.82470	0.00000	0.00000
GAT	GCT	AC	0.48343	0.01753	0.02211	-0.48343	0.02843	0.02211
GAC	TAC	GT	-0.27229	0.03013	0.02621	0.27229	0.02295	0.02621
GAC	CAC	GC	-2.70138	0.17728	0.03445	2.70138	0.01190	0.03445
GAC	AAC	GA	-2.18921	0.88711	0.24496	2.18921	0.09936	0.24496
GAC	GTC	AT	0.03448	0.03013	0.03065	-0.03448	0.03118	0.03065
GAC	GCC	AC	-0.07681	0.17728	0.17056	0.07681	0.16418	0.17056
GAC	GAT	CT	-0.54131	0.16011	0.12066	0.54131	0.09318	0.12066
GAA	CAA	GC	-2.03356	0.01948	0.00597	2.03356	0.00255	0.00597
GAA	AAA	GA	-1.39800	0.09748	0.04473	1.39800	0.02409	0.04473
GAA	GTA	AT	-6.93006	0.00331	0.00002	6.93006	0.00000	0.00000
GAA	GCA	AC	-2.36278	0.01948	0.00478	2.36278	0.00183	0.00478
GAA	GAT	AT	1.60677	0.00331	0.00665	-1.60677	0.01651	0.00665
GAA	GAC	AC	2.14808	0.01948	0.04738	-2.14808	0.16693	0.04738
GAG	CAG	GC	-2.59379	0.34872	0.07306	2.59379	0.02606	0.07306
GAG	AAG	GA	-1.76209	1.74498	0.63732	1.76209	0.29959	0.63732
GAG	GTG	AT	0.60228	0.05926	0.07889	-0.60228	0.10823	0.07889
GAG	GCG	AC	-1.24938	0.34872	0.17510	1.24938	0.09997	0.17510
GAG	GAT	GT	-2.45289	0.05926	0.01369	2.45289	0.00510	0.01369
GAG	GAC	GC	-1.91157	0.34872	0.11566	1.91157	0.05156	0.11566
GAG	GAA	GA	-4.05966	1.74498	0.12438	4.05966	0.03011	0.12438
GGT	TGT	GT	0.26901	0.00281	0.00321	-0.26901	0.00368	0.00321
GGT	CGT	GC	-2.68197	0.01656	0.00326	2.68197	0.00113	0.00326
GGT	AGT	GA	-0.15792	0.08286	0.07649	0.15792	0.07076	0.07649
GGT	GTT	GT	-7.94240	0.00281	0.00001	7.94240	0.00000	0.00000
GGT	GCT	GC	-0.63427	0.01656	0.01186	0.63427	0.00878	0.01186
GGT	GAT	GA	-1.11770	0.08286	0.04501	1.11770	0.02710	0.04501
GGC	TGC	GT	-0.73780	0.02251	0.01522	0.73780	0.01076	0.01522
GGC	CGC	GC	-2.71372	0.13248	0.02552	2.71372	0.00878	0.02552
GGC	AGC	GA	-2.11722	0.66290	0.19205	2.11722	0.07979	0.19205
GGC	GTC	GT	-0.84902	0.02251	0.01429	0.84902	0.00963	0.01429
GGC	GCC	GC	-0.96032	0.13248	0.07889	0.96032	0.05071	0.07889
GGC	GAC	GA	-0.88351	0.66290	0.41263	0.88351	0.27400	0.41263
GGC	GGT	CT	-0.30712	0.11964	0.10221	0.30712	0.08800	0.10221
GGA	CGA	GC	-1.96329	0.02825	0.00906	1.96329	0.00397	0.00906
GGA	AGA	GA	-1.70894	0.14135	0.05341	1.70894	0.02559	0.05341
GGA	GTA	GT	-8.47648	0.00480	0.00001	8.47648	0.00000	0.00000
GGA	GCA	GC	-3.90920	0.02825	0.00226	3.90920	0.00057	0.00226
GGA	GAA	GA	-1.54642	0.14135	0.05916	1.54642	0.03011	0.05916
GGA	GGT	AT	1.17805	0.00480	0.00817	-1.17805	0.01559	0.00817
GGA	GGC	AC	1.48517	0.02825	0.05424	-1.48517	0.12474	0.05424
GGG	TGG	GT	-0.19615	0.02516	0.02277	0.19615	0.02068	0.02277
GGG	CGG	GC	-3.12343	0.14806	0.02129	3.12343	0.00652	0.02129
GGG	AGG	GA	-2.64339	0.74088	0.14995	2.64339	0.05269	0.14995
GGG	GTG	GT	0.28408	0.02516	0.02890	-0.28408	0.03343	0.02890
GGG	GCG	GC	-1.56758	0.14806	0.06116	1.56758	0.03088	0.06116
GGG	GAG	GA	-0.31820	0.74088	0.62925	0.31820	0.53896	0.62925
GGG	GGT	GT	-1.65339	0.02516	0.00985	1.65339	0.00482	0.00985
GGG	GGC	GC	-1.34627	0.14806	0.07011	1.34627	0.03853	0.07011
GGG	GGA	GA	-2.83144	0.74088	0.13136	2.83144	0.04366	0.13136


Histograms
2Ns	FMut	FSub(CodonUsage)	FSubw(after w)

-11.04000	0.01784	0.00000
-9.93600	0.00521	0.00000
-8.83200	0.00599	0.00002
-7.72800	0.00365	0.00002
-6.62400	0.00068	0.00001
-5.52000	0.03810	0.00146
-4.41600	0.10108	0.01036
-3.31200	0.07310	0.01783
-2.20800	0.31879	0.16584
-1.10400	0.18789	0.17946
0.00000	0.14193	0.25005
1.10400	0.06181	0.17946
2.20800	0.03942	0.16584
3.31200	0.00305	0.01783
4.41600	0.00133	0.01035
5.52000	0.00015	0.00146
6.62400	0.00000	0.00000
7.72800	0.00000	0.00000
8.83200	0.00000	0.00000
9.93600	0.00000	0.00000
11.04000	0.00000	0.00000

Proportion of advantageous (S > 0) mutations:
 0.16692

Proportions of good & bad mutations (|S| > 2.0000) among mutations:
0.02138  0.42741

mean |Ns| = 2.34067	mean Ns+ = 1.06090	mean Ns- = -2.59708


MLEs of dN/dS (w) for site classes (K=4)

site class             0        1       2a       2b
proportion       0.74001  0.23740  0.01710  0.00549
background w     0.14880  1.00000  0.14880  1.00000
foreground w     0.14880  1.00000 32.95506 32.95506

Naive Empirical Bayes (NEB) probabilities for 4 classes
(amino acids refer to 1st sequence: Egla)

   1 M   0.14518 0.83065 0.01184 0.01233 ( 2)
   2 V   0.16005 0.82244 0.00909 0.00843 ( 2)
   3 S   0.88626 0.11291 0.00071 0.00011 ( 1)
   4 L   0.47344 0.45622 0.06029 0.01005 ( 1)
   5 P   0.50546 0.43711 0.04982 0.00761 ( 1)
   6 W   0.40510 0.59133 0.00140 0.00217 ( 2)
   7 P   0.79516 0.18932 0.01251 0.00302 ( 1)
   8 H   0.91867 0.07773 0.00331 0.00030 ( 1)
   9 W   0.78874 0.19583 0.01234 0.00310 ( 1)
  10 L   0.78610 0.19802 0.01266 0.00322 ( 1)
  11 S   0.86457 0.12761 0.00679 0.00104 ( 1)
  12 S   0.88511 0.11077 0.00364 0.00048 ( 1)
  13 A   0.83317 0.15620 0.00892 0.00171 ( 1)
  14 A   0.83355 0.15540 0.00928 0.00177 ( 1)
  15 P   0.39461 0.58838 0.00678 0.01023 ( 2)
  16 L   0.78610 0.19802 0.01266 0.00322 ( 1)
  17 H   0.60897 0.38736 0.00219 0.00148 ( 1)
  18 S   0.86856 0.12372 0.00673 0.00099 ( 1)
  19 H   0.91867 0.07773 0.00331 0.00030 ( 1)
  20 M   0.48143 0.51160 0.00330 0.00367 ( 2)
  21 A   0.83316 0.15621 0.00892 0.00171 ( 1)
  22 G   0.48863 0.50257 0.00427 0.00454 ( 2)
  23 L   0.78610 0.19802 0.01266 0.00322 ( 1)
  24 P   0.86453 0.12757 0.00686 0.00105 ( 1)
  25 L   0.78610 0.19802 0.01266 0.00322 ( 1)
  26 P   0.79516 0.18932 0.01251 0.00302 ( 1)
  27 R   0.82475 0.16377 0.00955 0.00194 ( 1)
  28 A   0.51198 0.47968 0.00423 0.00410 ( 1)
  29 P   0.92196 0.07522 0.00259 0.00022 ( 1)
  30 S   0.86457 0.12761 0.00679 0.00104 ( 1)
  31 P   0.79778 0.18670 0.01255 0.00298 ( 1)
  32 L   0.81855 0.16557 0.01318 0.00269 ( 1)
  33 S   0.82860 0.15935 0.01007 0.00198 ( 1)
  34 G   0.48916 0.50204 0.00427 0.00453 ( 2)
  35 L   0.85312 0.13792 0.00767 0.00128 ( 1)
  36 A   0.87333 0.11959 0.00620 0.00088 ( 1)
  37 E   0.46943 0.51995 0.00496 0.00566 ( 2)
  38 P   0.84270 0.14178 0.01325 0.00226 ( 1)
  39 C   0.90210 0.09311 0.00433 0.00047 ( 1)
  40 S   0.86810 0.12418 0.00672 0.00100 ( 1)
  41 P   0.86453 0.12757 0.00686 0.00105 ( 1)
  42 L   0.47431 0.51663 0.00427 0.00479 ( 2)
  43 T   0.14009 0.85192 0.00109 0.00690 ( 2)
  44 T   0.91879 0.07767 0.00324 0.00029 ( 1)
  45 H   0.54527 0.44890 0.00313 0.00269 ( 1)
  46 P   0.49652 0.49547 0.00394 0.00407 ( 1)
  47 C   0.45191 0.53738 0.00484 0.00588 ( 2)
  48 A   0.83692 0.15203 0.00931 0.00173 ( 1)
  49 A   0.83355 0.15540 0.00928 0.00177 ( 1)
  50 W   0.78874 0.19583 0.01234 0.00310 ( 1)
  51 P   0.78223 0.19519 0.01808 0.00451 ( 1)
  52 Q   0.87447 0.10294 0.02021 0.00238 ( 1)
  53 A   0.81308 0.16433 0.01879 0.00380 ( 1)
  54 C   0.87020 0.10721 0.02011 0.00248 ( 1)
  55 S   0.84137 0.13605 0.01944 0.00314 ( 1)
  56 G   0.84248 0.13493 0.01947 0.00312 ( 1)
  57 L   0.77476 0.20265 0.01790 0.00468 ( 1)
  58 G   0.84248 0.13493 0.01947 0.00312 ( 1)
  59 P   0.80926 0.17522 0.01273 0.00279 ( 1)
  60 P   0.78706 0.19601 0.01353 0.00341 ( 1)
  61 A   0.83355 0.15540 0.00928 0.00177 ( 1)
  62 S   0.86457 0.12761 0.00679 0.00104 ( 1)
  63 P   0.86005 0.13204 0.00682 0.00108 ( 1)
  64 G   0.45787 0.52969 0.00571 0.00673 ( 2)
  65 L   0.78610 0.19802 0.01266 0.00322 ( 1)
  66 R   0.94851 0.04960 0.00179 0.00010 ( 1)
  67 G   0.90117 0.09347 0.00483 0.00053 ( 1)
  68 G   0.85703 0.13103 0.01008 0.00186 ( 1)
  69 G   0.88902 0.10956 0.00124 0.00018 ( 1)
  70 A   0.29721 0.40037 0.24963 0.05279 ( 2)
  71 P   0.81778 0.17606 0.00501 0.00116 ( 1)
  72 G   0.89992 0.09997 0.00010 0.00002 ( 1)
  73 E   0.14993 0.82220 0.01298 0.01488 ( 2)
  74 P   0.01133 0.09800 0.71755 0.17313 ( 3)
  75 G   0.90241 0.09562 0.00171 0.00025 ( 1)
  76 P   0.90262 0.09723 0.00013 0.00002 ( 1)
  77 V   0.00000 0.05554 0.02204 0.92242 ( 4)
  78 S   0.00368 0.01951 0.84738 0.12943 ( 3)
  79 P   0.82913 0.16878 0.00167 0.00042 ( 1)
  80 Q   0.01498 0.52069 0.39539 0.06894 ( 2)
  81 T   0.93343 0.06656 0.00001 0.00000 ( 1)
  82 E   0.88455 0.11491 0.00046 0.00008 ( 1)
  83 R   0.70603 0.29383 0.00013 0.00001 ( 1)
  84 L   0.81234 0.18623 0.00114 0.00029 ( 1)
  85 T   0.94180 0.05819 0.00001 0.00000 ( 1)
  86 A   0.91035 0.08961 0.00004 0.00001 ( 1)
  87 E   0.88869 0.11077 0.00047 0.00008 ( 1)
  88 Q   0.88307 0.11689 0.00004 0.00001 ( 1)
  89 I   0.62026 0.37973 0.00001 0.00001 ( 1)
  90 K   0.14959 0.84934 0.00013 0.00094 ( 2)
  91 E   0.53386 0.46554 0.00028 0.00032 ( 1)
  92 Y   0.89198 0.10797 0.00005 0.00001 ( 1)
  93 K   0.15806 0.84179 0.00002 0.00013 ( 2)
  94 G   0.90508 0.09483 0.00008 0.00001 ( 1)
  95 V   0.96492 0.03507 0.00000 0.00000 ( 1)
  96 S   0.42906 0.57031 0.00025 0.00038 ( 2)
  97 E   0.88455 0.11491 0.00046 0.00008 ( 1)
  98 M   0.89691 0.10295 0.00012 0.00002 ( 1)
  99 F   0.83355 0.16585 0.00048 0.00011 ( 1)
 100 D   0.91987 0.08011 0.00001 0.00000 ( 1)
 101 E   0.88578 0.11368 0.00046 0.00008 ( 1)
 102 E   0.50748 0.43617 0.04817 0.00818 ( 1)
 103 G   0.89827 0.10162 0.00010 0.00002 ( 1)
 104 N   0.95138 0.04861 0.00001 0.00000 ( 1)
 105 G   0.90831 0.09160 0.00008 0.00001 ( 1)
 106 A   0.91159 0.08837 0.00004 0.00001 ( 1)
 107 V   0.91688 0.08307 0.00005 0.00001 ( 1)
 108 K   0.61954 0.37803 0.00212 0.00030 ( 1)
 109 T   0.93462 0.06536 0.00001 0.00000 ( 1)
 110 D   0.90691 0.09297 0.00011 0.00002 ( 1)
 111 E   0.88578 0.11368 0.00046 0.00008 ( 1)
 112 L   0.81157 0.18699 0.00114 0.00029 ( 1)
 113 E   0.88578 0.11368 0.00046 0.00008 ( 1)
 114 R   0.95471 0.04528 0.00000 0.00000 ( 1)
 115 L   0.89081 0.10905 0.00011 0.00002 ( 1)
 116 M   0.16533 0.83450 0.00002 0.00015 ( 2)
 117 S   0.87109 0.12851 0.00034 0.00006 ( 1)
 118 L   0.81299 0.18558 0.00114 0.00029 ( 1)
 119 R   0.10767 0.89194 0.00003 0.00036 ( 2)
 120 G   0.90113 0.09876 0.00010 0.00001 ( 1)
 121 T   0.61315 0.38683 0.00001 0.00001 ( 1)
 122 N   0.95138 0.04861 0.00001 0.00000 ( 1)
 123 P   0.90270 0.09721 0.00008 0.00001 ( 1)
 124 A   0.74461 0.25538 0.00000 0.00000 ( 1)
 125 K   0.90916 0.09073 0.00010 0.00001 ( 1)
 126 S   0.72913 0.27087 0.00000 0.00000 ( 1)
 127 E   0.52995 0.44940 0.01766 0.00300 ( 1)
 128 L   0.81299 0.18558 0.00114 0.00029 ( 1)
 129 A   0.87214 0.12678 0.00091 0.00017 ( 1)
 130 S   0.90272 0.09720 0.00007 0.00001 ( 1)
 131 -   0.89047 0.10940 0.00012 0.00002 ( 1)
 132 -   0.50137 0.49200 0.00553 0.00110 ( 1)
 133 -   0.90258 0.09731 0.00010 0.00001 ( 1)
 134 D   0.59445 0.40541 0.00007 0.00007 ( 1)
 135 V   0.91688 0.08307 0.00005 0.00001 ( 1)
 136 D   0.90691 0.09297 0.00011 0.00002 ( 1)
 137 R   0.66596 0.33403 0.00001 0.00000 ( 1)
 138 E   0.16689 0.83295 0.00002 0.00014 ( 2)
 139 K   0.89558 0.10431 0.00010 0.00002 ( 1)
 140 K   0.71040 0.28960 0.00000 0.00000 ( 1)
 141 G   0.59129 0.40861 0.00005 0.00005 ( 1)
 142 F   0.88248 0.11736 0.00014 0.00002 ( 1)
 143 F   0.88248 0.11736 0.00014 0.00002 ( 1)
 144 N   0.95187 0.04812 0.00001 0.00000 ( 1)
 145 C   0.67737 0.32261 0.00001 0.00001 ( 1)
 146 K   0.17128 0.82857 0.00002 0.00014 ( 2)
 147 G   0.69884 0.30116 0.00000 0.00000 ( 1)
 148 F   0.88248 0.11736 0.00014 0.00002 ( 1)
 149 L   0.81299 0.18558 0.00114 0.00029 ( 1)
 150 A   0.91210 0.08786 0.00004 0.00000 ( 1)
 151 R   0.39406 0.60444 0.00055 0.00094 ( 2)
 152 M   0.57243 0.42742 0.00008 0.00008 ( 1)
 153 G   0.91021 0.08970 0.00008 0.00001 ( 1)
 154 V   0.92077 0.07918 0.00005 0.00001 ( 1)
 155 Y   0.55996 0.43998 0.00003 0.00003 ( 1)
 156 W   0.81882 0.18046 0.00058 0.00014 ( 1)
 157 E   0.88957 0.10989 0.00047 0.00008 ( 1)
 158 K   0.90991 0.08976 0.00029 0.00004 ( 1)
 159 A   0.87014 0.12934 0.00044 0.00008 ( 1)
 160 Q   0.88511 0.11478 0.00009 0.00002 ( 1)
 161 N   0.95219 0.04777 0.00003 0.00000 ( 1)
 162 Q   0.88511 0.11478 0.00009 0.00002 ( 1)
 163 E   0.88613 0.11269 0.00101 0.00017 ( 1)
 164 S   0.49525 0.50393 0.00037 0.00046 ( 2)
 165 E   0.88613 0.11269 0.00101 0.00017 ( 1)
 166 L   0.89155 0.10810 0.00029 0.00005 ( 1)
 167 R   0.97623 0.02376 0.00001 0.00000 ( 1)
 168 A   0.91246 0.08740 0.00012 0.00002 ( 1)
 169 A   0.87014 0.12934 0.00044 0.00008 ( 1)
 170 F   0.52953 0.47006 0.00020 0.00022 ( 1)
 171 R   0.94288 0.05711 0.00001 0.00000 ( 1)
 172 I   0.91356 0.08639 0.00004 0.00001 ( 1)
 173 F   0.88319 0.11643 0.00033 0.00005 ( 1)
 174 D   0.90766 0.09199 0.00030 0.00004 ( 1)
 175 K   0.90866 0.09102 0.00029 0.00004 ( 1)
 176 E   0.88613 0.11269 0.00101 0.00017 ( 1)
 177 G   0.16969 0.82261 0.00391 0.00378 ( 2)
 178 K   0.90991 0.08976 0.00029 0.00004 ( 1)
 179 G   0.90232 0.09733 0.00030 0.00004 ( 1)
 180 Y   0.89406 0.10580 0.00012 0.00002 ( 1)
 181 I   0.91050 0.08945 0.00004 0.00001 ( 1)
 182 D   0.90766 0.09199 0.00030 0.00004 ( 1)
 183 W   0.81882 0.18046 0.00058 0.00014 ( 1)
 184 G   0.17743 0.81416 0.00427 0.00413 ( 2)
 185 T   0.24515 0.75102 0.00223 0.00159 ( 2)
 186 L   0.05700 0.30889 0.54748 0.08663 ( 3)
 187 T   0.18882 0.80711 0.00211 0.00195 ( 2)
 188 Y   0.89704 0.10290 0.00005 0.00001 ( 1)
 189 V   0.92077 0.07918 0.00005 0.00001 ( 1)
 190 L   0.90170 0.09815 0.00013 0.00002 ( 1)
 191 T   0.02862 0.97118 0.00000 0.00020 ( 2)
 192 H   0.07774 0.92225 0.00000 0.00001 ( 2)
 193 A   0.91550 0.08446 0.00004 0.00000 ( 1)
 194 G   0.90214 0.09774 0.00010 0.00001 ( 1)
 195 E   0.88957 0.10989 0.00047 0.00008 ( 1)
 196 P   0.90659 0.09332 0.00008 0.00001 ( 1)
 197 L   0.89462 0.10525 0.00011 0.00002 ( 1)
 198 S   0.94889 0.05110 0.00001 0.00000 ( 1)
 199 E   0.88957 0.10989 0.00047 0.00008 ( 1)
 200 V   0.43676 0.56175 0.00061 0.00088 ( 2)
 201 E   0.88957 0.10989 0.00047 0.00008 ( 1)
 202 A   0.87306 0.12668 0.00021 0.00004 ( 1)
 203 E   0.54406 0.45534 0.00028 0.00032 ( 1)
 204 Q   0.55200 0.44794 0.00003 0.00003 ( 1)
 205 M   0.90078 0.09908 0.00012 0.00002 ( 1)
 206 M   0.90078 0.09908 0.00012 0.00002 ( 1)
 207 K   0.60595 0.39392 0.00007 0.00007 ( 1)
 208 E   0.94450 0.05549 0.00001 0.00000 ( 1)
 209 A   0.87306 0.12668 0.00021 0.00004 ( 1)
 210 D   0.60162 0.39825 0.00007 0.00007 ( 1)
 211 K   0.91308 0.08681 0.00010 0.00001 ( 1)
 212 D   0.62539 0.37457 0.00002 0.00002 ( 1)
 213 G   0.91222 0.08769 0.00008 0.00001 ( 1)
 214 D   0.60483 0.39492 0.00013 0.00013 ( 1)
 215 G   0.60931 0.39059 0.00005 0.00005 ( 1)
 216 T   0.95653 0.04347 0.00000 0.00000 ( 1)
 217 I   0.93074 0.06926 0.00000 0.00000 ( 1)
 218 D   0.91083 0.08905 0.00011 0.00001 ( 1)
 219 H   0.57111 0.42882 0.00003 0.00003 ( 1)
 220 E   0.88566 0.11380 0.00046 0.00008 ( 1)
 221 E   0.87303 0.12643 0.00046 0.00009 ( 1)
 222 F   0.86980 0.13004 0.00013 0.00003 ( 1)
 223 V   0.90316 0.09679 0.00005 0.00001 ( 1)
 224 A   0.85768 0.14207 0.00021 0.00004 ( 1)
 225 M   0.88365 0.11621 0.00012 0.00002 ( 1)
 226 M   0.88365 0.11621 0.00012 0.00002 ( 1)
 227 T   0.93368 0.06631 0.00001 0.00000 ( 1)
 228 G   0.89472 0.10519 0.00008 0.00001 ( 1)
 229 E   0.87303 0.12643 0.00046 0.00009 ( 1)
 230 S   0.88921 0.11070 0.00007 0.00001 ( 1)
 231 F   0.86980 0.13004 0.00013 0.00003 ( 1)
 232 K   0.89558 0.10431 0.00010 0.00002 ( 1)
 233 L   0.81527 0.18330 0.00115 0.00029 ( 1)
 234 V   0.96873 0.03127 0.00000 0.00000 ( 1)
 235 Q   0.00999 0.98995 0.00000 0.00006 ( 2)


lnL = -1775.892382

Bayes Empirical Bayes (BEB) probabilities for 4 classes (class)
(amino acids refer to 1st sequence: Egla)

   1 M   0.18609 0.68237 0.07264 0.05890 ( 2)
   2 V   0.19867 0.66854 0.07657 0.05622 ( 2)
   3 S   0.88175 0.10641 0.01035 0.00148 ( 1)
   4 L   0.39290 0.33517 0.23531 0.03662 ( 1)
   5 P   0.42074 0.32597 0.22152 0.03176 ( 1)
   6 W   0.43704 0.53562 0.01198 0.01535 ( 2)
   7 P   0.78634 0.17503 0.03160 0.00703 ( 1)
   8 H   0.90110 0.07262 0.02423 0.00205 ( 1)
   9 W   0.78006 0.18084 0.03175 0.00735 ( 1)
  10 L   0.77782 0.18287 0.03184 0.00747 ( 1)
  11 S   0.84922 0.11847 0.02828 0.00403 ( 1)
  12 S   0.86980 0.10315 0.02407 0.00298 ( 1)
  13 A   0.82008 0.14462 0.02996 0.00534 ( 1)
  14 A   0.82072 0.14394 0.03002 0.00532 ( 1)
  15 P   0.42714 0.53330 0.01763 0.02192 ( 2)
  16 L   0.77782 0.18287 0.03184 0.00747 ( 1)
  17 H   0.60947 0.36380 0.01646 0.01027 ( 1)
  18 S   0.85317 0.11494 0.02803 0.00386 ( 1)
  19 H   0.90110 0.07262 0.02423 0.00205 ( 1)
  20 M   0.50105 0.46756 0.01604 0.01535 ( 1)
  21 A   0.82007 0.14463 0.02996 0.00534 ( 1)
  22 G   0.50693 0.45985 0.01727 0.01595 ( 1)
  23 L   0.77782 0.18287 0.03184 0.00747 ( 1)
  24 P   0.84923 0.11844 0.02830 0.00403 ( 1)
  25 L   0.77782 0.18287 0.03184 0.00747 ( 1)
  26 P   0.78634 0.17503 0.03160 0.00703 ( 1)
  27 R   0.81241 0.15153 0.03035 0.00571 ( 1)
  28 A   0.52634 0.44042 0.01795 0.01529 ( 1)
  29 P   0.90400 0.07028 0.02378 0.00194 ( 1)
  30 S   0.84922 0.11847 0.02828 0.00403 ( 1)
  31 P   0.78872 0.17265 0.03169 0.00694 ( 1)
  32 L   0.80736 0.15334 0.03304 0.00626 ( 1)
  33 S   0.81654 0.14762 0.03031 0.00553 ( 1)
  34 G   0.50738 0.45940 0.01729 0.01593 ( 1)
  35 L   0.83863 0.12793 0.02895 0.00449 ( 1)
  36 A   0.85743 0.11112 0.02777 0.00369 ( 1)
  37 E   0.49088 0.47472 0.01737 0.01703 ( 1)
  38 P   0.82976 0.13163 0.03332 0.00529 ( 1)
  39 C   0.88491 0.08680 0.02568 0.00261 ( 1)
  40 S   0.85274 0.11536 0.02802 0.00388 ( 1)
  41 P   0.84923 0.11844 0.02830 0.00403 ( 1)
  42 L   0.49470 0.47151 0.01717 0.01662 ( 1)
  43 T   0.20323 0.76418 0.00673 0.02585 ( 2)
  44 T   0.90123 0.07257 0.02416 0.00204 ( 1)
  45 H   0.55448 0.41466 0.01746 0.01340 ( 1)
  46 P   0.51351 0.45378 0.01721 0.01550 ( 1)
  47 C   0.47529 0.48862 0.01774 0.01835 ( 2)
  48 A   0.82381 0.14086 0.03013 0.00521 ( 1)
  49 A   0.82072 0.14394 0.03002 0.00532 ( 1)
  50 W   0.78006 0.18084 0.03175 0.00735 ( 1)
  51 P   0.77619 0.18083 0.03494 0.00803 ( 1)
  52 Q   0.86088 0.09615 0.03871 0.00427 ( 1)
  53 A   0.80436 0.15266 0.03619 0.00678 ( 1)
  54 C   0.85692 0.10010 0.03853 0.00444 ( 1)
  55 S   0.83032 0.12670 0.03735 0.00563 ( 1)
  56 G   0.83135 0.12567 0.03739 0.00558 ( 1)
  57 L   0.76939 0.18763 0.03464 0.00834 ( 1)
  58 G   0.83135 0.12567 0.03739 0.00558 ( 1)
  59 P   0.79918 0.16219 0.03211 0.00652 ( 1)
  60 P   0.77938 0.18122 0.03198 0.00742 ( 1)
  61 A   0.82072 0.14394 0.03002 0.00532 ( 1)
  62 S   0.84922 0.11847 0.02828 0.00403 ( 1)
  63 P   0.84512 0.12255 0.02816 0.00417 ( 1)
  64 G   0.48066 0.48262 0.01828 0.01844 ( 2)
  65 L   0.77782 0.18287 0.03184 0.00747 ( 1)
  66 R   0.93148 0.04659 0.02082 0.00111 ( 1)
  67 G   0.88438 0.08716 0.02582 0.00264 ( 1)
  68 G   0.85601 0.12359 0.01742 0.00298 ( 1)
  69 G   0.88347 0.10319 0.01174 0.00160 ( 1)
  70 A   0.27660 0.31845 0.33894 0.06602 ( 3)
  71 P   0.80978 0.16340 0.02210 0.00472 ( 1)
  72 G   0.89966 0.09485 0.00481 0.00069 ( 1)
  73 E   0.20325 0.71350 0.04415 0.03910 ( 2)
  74 P   0.03611 0.20680 0.62081 0.13628 ( 3)
  75 G   0.90135 0.09071 0.00699 0.00096 ( 1)
  76 P   0.90414 0.09247 0.00294 0.00044 ( 1)
  77 V   0.00013 0.11710 0.05701 0.82576 ( 4)
  78 S   0.02814 0.10519 0.75854 0.10813 ( 3)
  79 P   0.83009 0.15857 0.00919 0.00214 ( 1)
  80 Q   0.00714 0.12502 0.74737 0.12048 ( 3)
  81 T   0.93439 0.06355 0.00186 0.00020 ( 1)
  82 E   0.88335 0.10865 0.00689 0.00111 ( 1)
  83 R   0.68707 0.28057 0.02936 0.00300 ( 1)
  84 L   0.80745 0.17319 0.01568 0.00369 ( 1)
  85 T   0.94278 0.05562 0.00145 0.00015 ( 1)
  86 A   0.91102 0.08524 0.00329 0.00044 ( 1)
  87 E   0.88723 0.10478 0.00692 0.00107 ( 1)
  88 Q   0.88311 0.11065 0.00536 0.00088 ( 1)
  89 I   0.63165 0.36444 0.00213 0.00178 ( 1)
  90 K   0.21644 0.77055 0.00241 0.01060 ( 2)
  91 E   0.55501 0.43617 0.00436 0.00446 ( 1)
  92 Y   0.89202 0.10235 0.00488 0.00075 ( 1)
  93 K   0.22687 0.76748 0.00098 0.00468 ( 2)
  94 G   0.90561 0.09012 0.00374 0.00053 ( 1)
  95 V   0.96557 0.03365 0.00074 0.00005 ( 1)
  96 S   0.46211 0.52251 0.00672 0.00866 ( 2)
  97 E   0.88335 0.10865 0.00689 0.00111 ( 1)
  98 M   0.89674 0.09764 0.00490 0.00072 ( 1)
  99 F   0.83031 0.15513 0.01200 0.00256 ( 1)
 100 D   0.92092 0.07634 0.00244 0.00031 ( 1)
 101 E   0.88450 0.10750 0.00690 0.00110 ( 1)
 102 E   0.46456 0.35879 0.15240 0.02425 ( 1)
 103 G   0.89810 0.09640 0.00480 0.00070 ( 1)
 104 N   0.95213 0.04653 0.00124 0.00011 ( 1)
 105 G   0.90866 0.08707 0.00376 0.00051 ( 1)
 106 A   0.91220 0.08407 0.00330 0.00044 ( 1)
 107 V   0.91744 0.07908 0.00309 0.00039 ( 1)
 108 K   0.59939 0.34351 0.05024 0.00686 ( 1)
 109 T   0.93552 0.06241 0.00186 0.00020 ( 1)
 110 D   0.90691 0.08832 0.00419 0.00057 ( 1)
 111 E   0.88450 0.10750 0.00690 0.00110 ( 1)
 112 L   0.80675 0.17389 0.01566 0.00370 ( 1)
 113 E   0.88450 0.10750 0.00690 0.00110 ( 1)
 114 R   0.95551 0.04337 0.00104 0.00009 ( 1)
 115 L   0.89080 0.10336 0.00506 0.00078 ( 1)
 116 M   0.23412 0.75894 0.00129 0.00565 ( 2)
 117 S   0.86845 0.12105 0.00896 0.00154 ( 1)
 118 L   0.80804 0.17259 0.01569 0.00367 ( 1)
 119 R   0.17046 0.81837 0.00162 0.00954 ( 2)
 120 G   0.90080 0.09371 0.00481 0.00068 ( 1)
 121 T   0.62552 0.37056 0.00211 0.00180 ( 1)
 122 N   0.95213 0.04653 0.00124 0.00011 ( 1)
 123 P   0.90305 0.09233 0.00405 0.00057 ( 1)
 124 A   0.74272 0.25591 0.00084 0.00053 ( 1)
 125 K   0.90935 0.08625 0.00388 0.00052 ( 1)
 126 S   0.72857 0.26974 0.00103 0.00066 ( 1)
 127 E   0.48359 0.36934 0.12686 0.02020 ( 1)
 128 L   0.80804 0.17259 0.01569 0.00367 ( 1)
 129 A   0.87234 0.11985 0.00664 0.00117 ( 1)
 130 S   0.90316 0.09233 0.00395 0.00056 ( 1)
 131 -   0.89067 0.10369 0.00487 0.00077 ( 1)
 132 -   0.47336 0.41134 0.09731 0.01799 ( 1)
 133 -   0.90314 0.09244 0.00386 0.00056 ( 1)
 134 D   0.60862 0.38604 0.00282 0.00252 ( 1)
 135 V   0.91744 0.07908 0.00309 0.00039 ( 1)
 136 D   0.90691 0.08832 0.00419 0.00057 ( 1)
 137 R   0.67218 0.32528 0.00143 0.00111 ( 1)
 138 E   0.23592 0.75804 0.00110 0.00494 ( 2)
 139 K   0.89654 0.09904 0.00383 0.00060 ( 1)
 140 K   0.71166 0.28635 0.00118 0.00080 ( 1)
 141 G   0.60623 0.38898 0.00251 0.00228 ( 1)
 142 F   0.88221 0.11105 0.00579 0.00095 ( 1)
 143 F   0.88221 0.11105 0.00579 0.00095 ( 1)
 144 N   0.95257 0.04606 0.00126 0.00011 ( 1)
 145 C   0.68191 0.31518 0.00170 0.00121 ( 1)
 146 K   0.24042 0.75355 0.00112 0.00491 ( 2)
 147 G   0.70161 0.29667 0.00099 0.00073 ( 1)
 148 F   0.88221 0.11105 0.00579 0.00095 ( 1)
 149 L   0.80804 0.17259 0.01569 0.00367 ( 1)
 150 A   0.91268 0.08359 0.00330 0.00043 ( 1)
 151 R   0.43006 0.54979 0.00840 0.01175 ( 2)
 152 M   0.58923 0.40453 0.00323 0.00301 ( 1)
 153 G   0.91045 0.08529 0.00376 0.00050 ( 1)
 154 V   0.92113 0.07540 0.00310 0.00037 ( 1)
 155 Y   0.57852 0.41524 0.00318 0.00306 ( 1)
 156 W   0.81387 0.16800 0.01477 0.00336 ( 1)
 157 E   0.88806 0.10395 0.00693 0.00106 ( 1)
 158 K   0.90908 0.08524 0.00504 0.00064 ( 1)
 159 A   0.86754 0.12182 0.00909 0.00155 ( 1)
 160 Q   0.88383 0.10853 0.00660 0.00103 ( 1)
 161 N   0.95243 0.04570 0.00173 0.00014 ( 1)
 162 Q   0.88383 0.10853 0.00660 0.00103 ( 1)
 163 E   0.88365 0.10644 0.00860 0.00131 ( 1)
 164 S   0.51976 0.46690 0.00642 0.00691 ( 1)
 165 E   0.88365 0.10644 0.00860 0.00131 ( 1)
 166 L   0.89040 0.10234 0.00633 0.00094 ( 1)
 167 R   0.97644 0.02284 0.00068 0.00003 ( 1)
 168 A   0.91211 0.08308 0.00428 0.00054 ( 1)
 169 A   0.86754 0.12182 0.00909 0.00155 ( 1)
 170 F   0.55116 0.43987 0.00448 0.00450 ( 1)
 171 R   0.94328 0.05457 0.00198 0.00018 ( 1)
 172 I   0.91339 0.08214 0.00398 0.00050 ( 1)
 173 F   0.88171 0.11004 0.00713 0.00112 ( 1)
 174 D   0.90655 0.08730 0.00544 0.00071 ( 1)
 175 K   0.90789 0.08642 0.00504 0.00065 ( 1)
 176 E   0.88365 0.10644 0.00860 0.00131 ( 1)
 177 G   0.21920 0.69735 0.04732 0.03613 ( 2)
 178 K   0.90908 0.08524 0.00504 0.00064 ( 1)
 179 G   0.90192 0.09237 0.00501 0.00070 ( 1)
 180 Y   0.89280 0.10018 0.00613 0.00089 ( 1)
 181 I   0.91046 0.08502 0.00400 0.00052 ( 1)
 182 D   0.90655 0.08730 0.00544 0.00071 ( 1)
 183 W   0.81387 0.16800 0.01477 0.00336 ( 1)
 184 G   0.23082 0.70089 0.03866 0.02964 ( 2)
 185 T   0.30306 0.66233 0.02165 0.01295 ( 2)
 186 L   0.06022 0.22402 0.62469 0.09106 ( 3)
 187 T   0.24499 0.70134 0.03085 0.02282 ( 2)
 188 Y   0.89679 0.09759 0.00491 0.00072 ( 1)
 189 V   0.92113 0.07540 0.00310 0.00037 ( 1)
 190 L   0.90289 0.09330 0.00332 0.00049 ( 1)
 191 T   0.07293 0.91973 0.00041 0.00693 ( 2)
 192 H   0.14925 0.84908 0.00014 0.00152 ( 2)
 193 A   0.91589 0.08038 0.00331 0.00042 ( 1)
 194 G   0.90176 0.09275 0.00482 0.00067 ( 1)
 195 E   0.88806 0.10395 0.00693 0.00106 ( 1)
 196 P   0.90672 0.08867 0.00406 0.00055 ( 1)
 197 L   0.89439 0.09978 0.00508 0.00075 ( 1)
 198 S   0.94965 0.04889 0.00134 0.00012 ( 1)
 199 E   0.88806 0.10395 0.00693 0.00106 ( 1)
 200 V   0.46678 0.51314 0.00911 0.01096 ( 2)
 201 E   0.88806 0.10395 0.00693 0.00106 ( 1)
 202 A   0.87158 0.11953 0.00760 0.00130 ( 1)
 203 E   0.56372 0.42748 0.00442 0.00437 ( 1)
 204 Q   0.57122 0.42167 0.00363 0.00349 ( 1)
 205 M   0.90038 0.09400 0.00492 0.00070 ( 1)
 206 M   0.90038 0.09400 0.00492 0.00070 ( 1)
 207 K   0.61872 0.37631 0.00267 0.00230 ( 1)
 208 E   0.94505 0.05304 0.00175 0.00016 ( 1)
 209 A   0.87158 0.11953 0.00760 0.00130 ( 1)
 210 D   0.61478 0.37989 0.00285 0.00248 ( 1)
 211 K   0.91305 0.08255 0.00390 0.00050 ( 1)
 212 D   0.63605 0.35998 0.00216 0.00180 ( 1)
 213 G   0.91235 0.08339 0.00377 0.00049 ( 1)
 214 D   0.61766 0.37711 0.00279 0.00244 ( 1)
 215 G   0.62173 0.37351 0.00258 0.00219 ( 1)
 216 T   0.95719 0.04164 0.00109 0.00008 ( 1)
 217 I   0.93244 0.06615 0.00126 0.00015 ( 1)
 218 D   0.91061 0.08463 0.00421 0.00055 ( 1)
 219 H   0.58807 0.40571 0.00323 0.00299 ( 1)
 220 E   0.88439 0.10761 0.00690 0.00110 ( 1)
 221 E   0.87255 0.11943 0.00681 0.00122 ( 1)
 222 F   0.87033 0.12291 0.00571 0.00105 ( 1)
 223 V   0.90447 0.09204 0.00304 0.00045 ( 1)
 224 A   0.85721 0.13386 0.00747 0.00146 ( 1)
 225 M   0.88426 0.11009 0.00483 0.00082 ( 1)
 226 M   0.88426 0.11009 0.00483 0.00082 ( 1)
 227 T   0.93510 0.06334 0.00140 0.00016 ( 1)
 228 G   0.89583 0.09988 0.00370 0.00058 ( 1)
 229 E   0.87255 0.11943 0.00681 0.00122 ( 1)
 230 S   0.89043 0.10504 0.00390 0.00064 ( 1)
 231 F   0.87033 0.12291 0.00571 0.00105 ( 1)
 232 K   0.89654 0.09904 0.00383 0.00060 ( 1)
 233 L   0.81018 0.17052 0.01568 0.00362 ( 1)
 234 V   0.96920 0.03001 0.00074 0.00005 ( 1)
 235 Q   0.03374 0.95841 0.00021 0.00764 ( 2)

