29
Bbon       0.0000000 0.0245606 0.0413009 0.0627778 0.0336372 0.0245636 0.0545694 0.0709605 0.0666817 0.0529597 0.0593399 0.0552169 0.0478452 0.0498169 0.0505755 0.0496628 0.0620761 0.0603173 0.0553044 0.0629856 0.0532403 0.0517162 0.0484915 0.0433346 0.0510928 0.0633898 0.0655524 0.0616804 0.0490711 
Bmus       0.0245606 0.0000000 0.0478535 0.0773197 0.0348503 0.0189883 0.0605049 0.0794343 0.0712383 0.0553104 0.0746700 0.0591076 0.0552062 0.0570058 0.0615114 0.0610250 0.0752196 0.0657072 0.0650531 0.0738008 0.0487717 0.0575853 0.0600318 0.0558462 0.0589383 0.0768772 0.0795788 0.0785101 0.0618654 
Ccom       0.0413009 0.0478535 0.0000000 0.0029116 0.0469443 0.0415647 0.0320530 0.0338848 0.0401857 0.0353485 0.0029116 0.0093626 0.0243722 0.0245914 0.0163827 0.0153816 0.0103654 0.0133326 0.0323514 0.0080151 0.0422475 0.0348296 0.0164499 0.0185865 0.0179123 0.0103176 0.0088287 0.0141830 0.0275106 
Chea       0.0627778 0.0773197 0.0029116 0.0000000 0.0697868 0.0678861 0.0509449 0.0426208 0.0736766 0.0494669 0.0008968 0.0047690 0.0357516 0.0427482 0.0304596 0.0263653 0.0141123 0.0129323 0.0363518 0.0154379 0.0550329 0.0707635 0.0219856 0.0216045 0.0300362 0.0108006 0.0123769 0.0144792 0.0383113 
Cmar       0.0336372 0.0348503 0.0469443 0.0697868 0.0000000 0.0306295 0.0605389 0.0758770 0.0778558 0.0615715 0.0678550 0.0622697 0.0539838 0.0520814 0.0598093 0.0598182 0.0679188 0.0610772 0.0584752 0.0646043 0.0499240 0.0595802 0.0586446 0.0606927 0.0600295 0.0689141 0.0680226 0.0680177 0.0567429 
Erob       0.0245636 0.0189883 0.0415647 0.0678861 0.0306295 0.0000000 0.0619483 0.0746147 0.0697809 0.0531070 0.0649166 0.0598946 0.0522568 0.0520970 0.0567614 0.0612090 0.0676350 0.0579269 0.0626286 0.0668200 0.0473329 0.0573218 0.0565767 0.0594990 0.0580985 0.0724468 0.0665064 0.0690942 0.0560332 
Hamp       0.0545694 0.0605049 0.0320530 0.0509449 0.0605389 0.0619483 0.0000000 0.0635113 0.0688557 0.0536580 0.0499615 0.0445927 0.0159712 0.0180465 0.0445083 0.0447229 0.0535862 0.0483883 0.0470949 0.0488643 0.0577952 0.0575521 0.0429807 0.0418544 0.0440058 0.0542978 0.0517754 0.0562688 0.0180044 
Igeo       0.0709605 0.0794343 0.0338848 0.0426208 0.0758770 0.0746147 0.0635113 0.0000000 0.0769917 0.0758107 0.0441706 0.0451961 0.0558720 0.0564381 0.0458415 0.0456851 0.0494780 0.0464906 0.0463931 0.0398815 0.0682903 0.0689072 0.0460073 0.0375140 0.0458648 0.0444877 0.0481948 0.0482243 0.0642246 
Kbre       0.0666817 0.0712383 0.0401857 0.0736766 0.0778558 0.0697809 0.0688557 0.0769917 0.0000000 0.0123636 0.0575555 0.0698151 0.0662654 0.0690996 0.0664826 0.0627353 0.0679455 0.0616438 0.0636306 0.0776788 0.0228470 0.0422631 0.0512681 0.0484657 0.0686681 0.0787012 0.0753490 0.0823010 0.0544765 
Ksim       0.0529597 0.0553104 0.0353485 0.0494669 0.0615715 0.0531070 0.0536580 0.0758107 0.0123636 0.0000000 0.0510735 0.0488694 0.0503782 0.0534630 0.0514541 0.0499567 0.0494844 0.0473204 0.0586024 0.0522531 0.0227898 0.0213975 0.0496974 0.0431953 0.0495879 0.0537015 0.0564801 0.0567993 0.0533236 
Laus       0.0593399 0.0746700 0.0029116 0.0008968 0.0678550 0.0649166 0.0499615 0.0441706 0.0575555 0.0510735 0.0000000 0.0049178 0.0333828 0.0410155 0.0314548 0.0265643 0.0137148 0.0120943 0.0356292 0.0144828 0.0540771 0.0677704 0.0216223 0.0208127 0.0300990 0.0093330 0.0115142 0.0129732 0.0394126 
Lbor       0.0552169 0.0591076 0.0093626 0.0047690 0.0622697 0.0598946 0.0445927 0.0451961 0.0698151 0.0488694 0.0049178 0.0000000 0.0342694 0.0337252 0.0239278 0.0206616 0.0108119 0.0120422 0.0347171 0.0103254 0.0525049 0.0520735 0.0215964 0.0181550 0.0247299 0.0096162 0.0108373 0.0130475 0.0352063 
Meur       0.0478452 0.0552062 0.0243722 0.0357516 0.0539838 0.0522568 0.0159712 0.0558720 0.0662654 0.0503782 0.0333828 0.0342694 0.0000000 0.0078144 0.0347093 0.0330076 0.0379044 0.0357652 0.0442779 0.0365540 0.0476191 0.0527029 0.0319843 0.0302012 0.0352741 0.0365460 0.0335307 0.0396536 0.0110848 
Mgin       0.0498169 0.0570058 0.0245914 0.0427482 0.0520814 0.0520970 0.0180465 0.0564381 0.0690996 0.0534630 0.0410155 0.0337252 0.0078144 0.0000000 0.0363660 0.0371053 0.0448046 0.0372283 0.0450556 0.0438290 0.0519905 0.0551187 0.0363064 0.0383137 0.0378731 0.0467976 0.0405032 0.0464921 0.0111534 
Naasi      0.0505755 0.0615114 0.0163827 0.0304596 0.0598093 0.0567614 0.0445083 0.0458415 0.0664826 0.0514541 0.0314548 0.0239278 0.0347093 0.0363660 0.0000000 0.0016592 0.0331689 0.0322242 0.0357885 0.0309518 0.0441132 0.0576218 0.0033893 0.0033536 0.0038609 0.0323604 0.0368427 0.0282751 0.0345774 
Npho       0.0496628 0.0610250 0.0153816 0.0263653 0.0598182 0.0612090 0.0447229 0.0456851 0.0627353 0.0499567 0.0265643 0.0206616 0.0330076 0.0371053 0.0016592 0.0000000 0.0294944 0.0272069 0.0370168 0.0301547 0.0442998 0.0589515 0.0045331 0.0049931 0.0057745 0.0316160 0.0334010 0.0294549 0.0353141 
Obre       0.0620761 0.0752196 0.0103654 0.0141123 0.0679188 0.0676350 0.0535862 0.0494780 0.0679455 0.0494844 0.0137148 0.0108119 0.0379044 0.0448046 0.0331689 0.0294944 0.0000000 0.0051629 0.0374744 0.0154531 0.0520515 0.0681058 0.0243056 0.0208306 0.0326960 0.0169644 0.0159577 0.0162617 0.0418134 
Ohei       0.0603173 0.0657072 0.0133326 0.0129323 0.0610772 0.0579269 0.0483883 0.0464906 0.0616438 0.0473204 0.0120943 0.0120422 0.0357652 0.0372283 0.0322242 0.0272069 0.0051629 0.0000000 0.0371229 0.0153674 0.0492130 0.0551441 0.0222137 0.0191274 0.0298893 0.0158678 0.0168736 0.0160288 0.0348159 
Pbla       0.0553044 0.0650531 0.0323514 0.0363518 0.0584752 0.0626286 0.0470949 0.0463931 0.0636306 0.0586024 0.0356292 0.0347171 0.0442779 0.0450556 0.0357885 0.0370168 0.0374744 0.0371229 0.0000000 0.0337209 0.0600861 0.0632454 0.0351066 0.0300648 0.0357809 0.0407855 0.0383059 0.0431211 0.0500846 
Pcra       0.0629856 0.0738008 0.0080151 0.0154379 0.0646043 0.0668200 0.0488643 0.0398815 0.0776788 0.0522531 0.0144828 0.0103254 0.0365540 0.0438290 0.0309518 0.0301547 0.0154531 0.0153674 0.0337209 0.0000000 0.0582207 0.0692287 0.0243459 0.0229853 0.0304971 0.0168530 0.0150599 0.0172048 0.0378420 
Pmac       0.0532403 0.0487717 0.0422475 0.0550329 0.0499240 0.0473329 0.0577952 0.0682903 0.0228470 0.0227898 0.0540771 0.0525049 0.0476191 0.0519905 0.0441132 0.0442998 0.0520515 0.0492130 0.0600861 0.0582207 0.0000000 0.0013123 0.0434088 0.0398355 0.0418561 0.0549894 0.0542445 0.0593096 0.0509119 
Pcat       0.0517162 0.0575853 0.0348296 0.0707635 0.0595802 0.0573218 0.0575521 0.0689072 0.0422631 0.0213975 0.0677704 0.0520735 0.0527029 0.0551187 0.0576218 0.0589515 0.0681058 0.0551441 0.0632454 0.0692287 0.0013123 0.0000000 0.0542218 0.0500002 0.0578688 0.0730710 0.0739216 0.0744696 0.0567149 
Ppho       0.0484915 0.0600318 0.0164499 0.0219856 0.0586446 0.0565767 0.0429807 0.0460073 0.0512681 0.0496974 0.0216223 0.0215964 0.0319843 0.0363064 0.0033893 0.0045331 0.0243056 0.0222137 0.0351066 0.0243459 0.0434088 0.0542218 0.0000000 0.0022478 0.0025057 0.0280167 0.0272250 0.0265220 0.0341171 
Pspi       0.0433346 0.0558462 0.0185865 0.0216045 0.0606927 0.0594990 0.0418544 0.0375140 0.0484657 0.0431953 0.0208127 0.0181550 0.0302012 0.0383137 0.0033536 0.0049931 0.0208306 0.0191274 0.0300648 0.0229853 0.0398355 0.0500002 0.0022478 0.0000000 0.0011131 0.0292088 0.0255590 0.0298037 0.0323882 
Psin       0.0510928 0.0589383 0.0179123 0.0300362 0.0600295 0.0580985 0.0440058 0.0458648 0.0686681 0.0495879 0.0300990 0.0247299 0.0352741 0.0378731 0.0038609 0.0057745 0.0326960 0.0298893 0.0357809 0.0304971 0.0418561 0.0578688 0.0025057 0.0011131 0.0000000 0.0319225 0.0354729 0.0278336 0.0374933 
Schi       0.0633898 0.0768772 0.0103176 0.0108006 0.0689141 0.0724468 0.0542978 0.0444877 0.0787012 0.0537015 0.0093330 0.0096162 0.0365460 0.0467976 0.0323604 0.0316160 0.0169644 0.0158678 0.0407855 0.0168530 0.0549894 0.0730710 0.0280167 0.0292088 0.0319225 0.0000000 0.0085741 0.0117294 0.0415721 
Sflu       0.0655524 0.0795788 0.0088287 0.0123769 0.0680226 0.0665064 0.0517754 0.0481948 0.0753490 0.0564801 0.0115142 0.0108373 0.0335307 0.0405032 0.0368427 0.0334010 0.0159577 0.0168736 0.0383059 0.0150599 0.0542445 0.0739216 0.0272250 0.0255590 0.0354729 0.0085741 0.0000000 0.0126726 0.0378348 
Tadu       0.0616804 0.0785101 0.0141830 0.0144792 0.0680177 0.0690942 0.0562688 0.0482243 0.0823010 0.0567993 0.0129732 0.0130475 0.0396536 0.0464921 0.0282751 0.0294549 0.0162617 0.0160288 0.0431211 0.0172048 0.0593096 0.0744696 0.0265220 0.0298037 0.0278336 0.0117294 0.0126726 0.0000000 0.0430918 
Zcav       0.0490711 0.0618654 0.0275106 0.0383113 0.0567429 0.0560332 0.0180044 0.0642246 0.0544765 0.0533236 0.0394126 0.0352063 0.0110848 0.0111534 0.0345774 0.0353141 0.0418134 0.0348159 0.0500846 0.0378420 0.0509119 0.0567149 0.0341171 0.0323882 0.0374933 0.0415721 0.0378348 0.0430918 0.0000000 
