Supplemental results for CODEML (seqf: /home/leticiamagpali/phd/evol_models/codeml/small_dataset/cml_align/OTOF_codon_aligned.phy  treef: /home/leticiamagpali/phd/evol_models/codeml/small_dataset/cml_trees/gene_trees/H1c_gene_trees/OTOF_tree_H1c.tre)

I	J	ij	2Ns_IJ	pMut_IJ	pSub_IJ	2Ns_JI	pMut_JI	pSub_JI

TTC	TTT	CT	-0.18848	0.04993	0.04537	0.18848	0.04135	0.04537
TTA	TTT	AT	6.56003	0.00001	0.00007	-6.56003	0.00755	0.00007
TTA	TTC	AC	6.74851	0.00003	0.00022	-6.74851	0.02771	0.00022
TTG	TTT	GT	1.63943	0.00173	0.00352	-1.63943	0.00892	0.00352
TTG	TTC	GC	1.82791	0.00526	0.01147	-1.82791	0.03275	0.01147
TTG	TTA	GA	-4.92060	0.01339	0.00048	4.92060	0.00010	0.00048
TCT	TTT	CT	1.89358	0.00622	0.01387	-1.89358	0.04135	0.01387
TCC	TTC	CT	1.28502	0.04197	0.07457	-1.28502	0.15173	0.07457
TCC	TCT	CT	-0.79704	0.04197	0.02745	0.79704	0.01892	0.02745
TCA	TTA	CT	-4.17165	0.00786	0.00051	4.17165	0.00012	0.00051
TCA	TCT	AT	0.49480	0.00211	0.00267	-0.49480	0.00345	0.00267
TCA	TCC	AC	1.29184	0.00640	0.01140	-1.29184	0.02330	0.01140
TCG	TTG	CT	1.12397	0.00638	0.01063	-1.12397	0.01964	0.01063
TCG	TCT	GT	0.86983	0.00171	0.00256	-0.86983	0.00408	0.00256
TCG	TCC	GC	1.66687	0.00520	0.01068	-1.66687	0.02753	0.01068
TCG	TCA	GA	0.37503	0.01322	0.01586	-0.37503	0.01924	0.01586
TAT	TTT	AT	1.29734	0.00206	0.00368	-1.29734	0.00755	0.00368
TAT	TCT	AC	-0.59624	0.00627	0.00459	0.59624	0.00345	0.00459
TAC	TTC	AT	0.89404	0.01133	0.01715	-0.89404	0.02771	0.01715
TAC	TCC	AC	-0.39098	0.03444	0.02815	0.39098	0.02330	0.02815
TAC	TAT	CT	-0.59178	0.04229	0.03101	0.59178	0.02340	0.03101
TGT	TTT	GT	2.32031	0.00088	0.00226	-2.32031	0.00892	0.00226
TGT	TCT	GC	0.42673	0.00266	0.00327	-0.42673	0.00408	0.00327
TGT	TAT	GA	1.02297	0.00678	0.01082	-1.02297	0.01885	0.01082
TGC	TTC	GT	1.92004	0.00480	0.01080	-1.92004	0.03275	0.01080
TGC	TCC	GC	0.63502	0.01459	0.01971	-0.63502	0.02753	0.01971
TGC	TAC	GA	1.02600	0.03711	0.05934	-1.02600	0.10352	0.05934
TGC	TGT	CT	-0.58875	0.01791	0.01316	0.58875	0.00994	0.01316
TGG	TTG	GT	-0.48806	0.00691	0.00536	0.48806	0.00424	0.00536
TGG	TCG	GC	-1.61203	0.02099	0.00843	1.61203	0.00419	0.00843
TGG	TGT	GT	-1.16894	0.00691	0.00364	1.16894	0.00215	0.00364
TGG	TGC	GC	-0.58018	0.02099	0.01549	0.58018	0.01175	0.01549
CTT	TTT	CT	2.31846	0.00407	0.01047	-2.31846	0.04135	0.01047
CTC	TTC	CT	1.36081	0.03891	0.07121	-1.36081	0.15173	0.07121
CTC	CTT	CT	-1.14613	0.03891	0.02078	1.14613	0.01237	0.02078
CTA	TTA	CT	-3.21918	0.00303	0.00041	3.21918	0.00012	0.00041
CTA	CTT	AT	1.02239	0.00081	0.00130	-1.02239	0.00226	0.00130
CTA	CTC	AC	2.16852	0.00247	0.00605	-2.16852	0.02160	0.00605
CTG	TTG	CT	-1.54758	0.09233	0.03862	1.54758	0.01964	0.03862
CTG	CTT	GT	-2.22662	0.02474	0.00666	2.22662	0.00267	0.00666
CTG	CTC	GC	-1.08048	0.07519	0.04175	1.08048	0.02552	0.04175
CTG	CTA	GA	-3.24900	0.19123	0.02509	3.24900	0.00742	0.02509
CCT	TCT	CT	0.15505	0.01620	0.01749	-0.15505	0.01892	0.01749
CCT	CTT	CT	-0.26983	0.01620	0.01411	0.26983	0.01237	0.01411
CCC	TCC	CT	0.82863	0.05570	0.08193	-0.82863	0.12756	0.08193
CCC	CTC	CT	0.75284	0.05570	0.07927	-0.75284	0.11825	0.07927
CCC	CCT	CT	-0.12346	0.05570	0.05233	0.12346	0.04923	0.05233
CCA	TCA	CT	0.73527	0.01145	0.01617	-0.73527	0.02389	0.01617
CCA	CTA	CT	-0.21720	0.01145	0.01025	0.21720	0.00922	0.01025
CCA	CCT	AT	1.07502	0.00307	0.00501	-1.07502	0.00899	0.00501
CCA	CCC	AC	1.19848	0.00933	0.01601	-1.19848	0.03092	0.01601
CCG	TCG	CT	0.34318	0.01377	0.01626	-0.34318	0.01940	0.01626
CCG	CTG	CT	3.01474	0.01377	0.04364	-3.01474	0.28059	0.04364
CCG	CCT	GT	1.05795	0.00369	0.00598	-1.05795	0.01063	0.00598
CCG	CCC	GC	1.18141	0.01121	0.01911	-1.18141	0.03654	0.01911
CCG	CCA	GA	-0.01707	0.02851	0.02827	0.01707	0.02803	0.02827
CAT	TAT	CT	2.56758	0.00180	0.00499	-2.56758	0.02340	0.00499
CAT	CTT	AT	1.54646	0.00048	0.00095	-1.54646	0.00226	0.00095
CAT	CCT	AC	1.81629	0.00146	0.00317	-1.81629	0.00899	0.00317
CAC	TAC	CT	1.76948	0.02190	0.04672	-1.76948	0.12853	0.04672
CAC	CTC	AT	1.30270	0.00587	0.01050	-1.30270	0.02160	0.01050
CAC	CCC	AC	0.54986	0.01784	0.02319	-0.54986	0.03092	0.02319
CAC	CAT	CT	-1.38988	0.02190	0.01010	1.38988	0.00546	0.01010
CAA	CTA	AT	0.50500	0.00102	0.00129	-0.50500	0.00168	0.00129
CAA	CCA	AC	0.72220	0.00309	0.00433	-0.72220	0.00636	0.00433
CAA	CAT	AT	-0.01907	0.00102	0.00101	0.01907	0.00100	0.00101
CAA	CAC	AC	1.37082	0.00309	0.00567	-1.37082	0.01216	0.00567
CAG	CTG	AT	1.45737	0.01193	0.02267	-1.45737	0.05125	0.02267
CAG	CCG	AC	-1.55737	0.03626	0.01508	1.55737	0.00764	0.01508
CAG	CAT	GT	-2.31570	0.01193	0.00303	2.31570	0.00118	0.00303
CAG	CAC	GC	-0.92581	0.03626	0.02203	0.92581	0.01437	0.02203
CAG	CAA	GA	-2.29663	0.09223	0.02369	2.29663	0.00928	0.02369
CGT	TGT	CT	1.02963	0.00355	0.00569	-1.02963	0.00994	0.00569
CGT	CTT	GT	1.03148	0.00095	0.00153	-1.03148	0.00267	0.00153
CGT	CCT	GC	1.30131	0.00289	0.00517	-1.30131	0.01063	0.00517
CGT	CAT	GA	-0.51498	0.00736	0.00562	0.51498	0.00439	0.00562
CGC	TGC	CT	0.60385	0.02977	0.03965	-0.60385	0.05444	0.03965
CGC	CTC	GT	1.16307	0.00798	0.01349	-1.16307	0.02552	0.01349
CGC	CCC	GC	0.41023	0.02424	0.02955	-0.41023	0.03654	0.02955
CGC	CAC	GA	-0.13963	0.06165	0.05745	0.13963	0.05362	0.05745
CGC	CGT	CT	-1.01454	0.02977	0.01718	1.01454	0.01079	0.01718
CGA	CTA	GT	0.40560	0.00133	0.00161	-0.40560	0.00199	0.00161
CGA	CCA	GC	0.62279	0.00403	0.00541	-0.62279	0.00751	0.00541
CGA	CAA	GA	-0.09941	0.01025	0.00975	0.09941	0.00928	0.00975
CGA	CGT	AT	0.39650	0.00133	0.00161	-0.39650	0.00197	0.00161
CGA	CGC	AC	1.41104	0.00403	0.00752	-1.41104	0.01652	0.00752
CGG	TGG	CT	0.75256	0.03691	0.05252	-0.75256	0.07833	0.05252
CGG	CTG	GT	1.81208	0.00989	0.02142	-1.81208	0.06056	0.02142
CGG	CCG	GC	-1.20266	0.03006	0.01552	1.20266	0.00903	0.01552
CGG	CAG	GA	0.35471	0.07644	0.09080	-0.35471	0.10899	0.09080
CGG	CGT	GT	-1.44601	0.00989	0.00441	1.44601	0.00233	0.00441
CGG	CGC	GC	-0.43148	0.03006	0.02404	0.43148	0.01952	0.02404
CGG	CGA	GA	-1.84252	0.07644	0.02651	1.84252	0.01211	0.02651
ATT	TTT	AT	0.68229	0.00382	0.00527	-0.68229	0.00755	0.00527
ATT	CTT	AC	-1.63617	0.01160	0.00459	1.63617	0.00226	0.00459
ATC	TTC	AT	0.57503	0.01559	0.02050	-0.57503	0.02771	0.02050
ATC	CTC	AC	-0.78579	0.04739	0.03118	0.78579	0.02160	0.03118
ATC	ATT	CT	-0.29575	0.05819	0.05001	0.29575	0.04329	0.05001
ATA	TTA	AT	-3.61566	0.00082	0.00008	3.61566	0.00002	0.00008
ATA	CTA	AC	-0.39648	0.00250	0.00204	0.39648	0.00168	0.00204
ATA	ATT	AT	2.26208	0.00082	0.00208	-2.26208	0.00791	0.00208
ATA	ATC	AC	2.55783	0.00250	0.00694	-2.55783	0.03230	0.00694
ATG	TTG	AT	-1.10887	0.01087	0.00594	1.10887	0.00359	0.00594
ATG	CTG	AC	0.43872	0.03305	0.04083	-0.43872	0.05125	0.04083
ATG	ATT	GT	-0.15173	0.01087	0.01007	0.15173	0.00934	0.01007
ATG	ATC	GC	0.14402	0.03305	0.03548	-0.14402	0.03817	0.03548
ATG	ATA	GA	-2.41381	0.08405	0.01994	2.41381	0.00752	0.01994
ACT	TCT	AT	0.48974	0.00212	0.00268	-0.48974	0.00345	0.00268
ACT	CCT	AC	0.33468	0.00643	0.00757	-0.33468	0.00899	0.00757
ACT	ATT	CT	1.70102	0.00790	0.01644	-1.70102	0.04329	0.01644
ACC	TCC	AT	1.09629	0.00778	0.01282	-1.09629	0.02330	0.01282
ACC	CCC	AC	0.26766	0.02366	0.02696	-0.26766	0.03092	0.02696
ACC	ATC	CT	1.80629	0.02905	0.06278	-1.80629	0.17683	0.06278
ACC	ACT	CT	-0.19048	0.02905	0.02637	0.19048	0.02401	0.02637
ACA	TCA	AT	0.39822	0.00293	0.00355	-0.39822	0.00436	0.00355
ACA	CCA	AC	-0.33705	0.00890	0.00749	0.33705	0.00636	0.00749
ACA	ATA	CT	-0.15777	0.01093	0.01009	0.15777	0.00934	0.01009
ACA	ACT	AT	0.40329	0.00293	0.00356	-0.40329	0.00439	0.00356
ACA	ACC	AC	0.59377	0.00890	0.01181	-0.59377	0.01612	0.01181
ACG	TCG	AT	-0.45817	0.00560	0.00442	0.45817	0.00354	0.00442
ACG	CCG	AC	-0.80135	0.01703	0.01111	0.80135	0.00764	0.01111
ACG	ATG	CT	1.77467	0.02091	0.04468	-1.77467	0.12332	0.04468
ACG	ACT	GT	-0.07808	0.00560	0.00539	0.07808	0.00518	0.00539
ACG	ACC	GC	0.11240	0.01703	0.01800	-0.11240	0.01905	0.01800
ACG	ACA	GA	-0.48137	0.04330	0.03371	0.48137	0.02676	0.03371
AAT	TAT	AT	0.43016	0.00278	0.00342	-0.43016	0.00427	0.00342
AAT	CAT	AC	-2.13742	0.00845	0.00242	2.13742	0.00100	0.00242
AAT	ATT	AT	1.04520	0.00278	0.00448	-1.04520	0.00791	0.00448
AAT	ACT	AC	-0.65582	0.00845	0.00598	0.65582	0.00439	0.00598
AAC	TAC	AT	0.70484	0.01160	0.01617	-0.70484	0.02348	0.01617
AAC	CAC	AC	-1.06464	0.03526	0.01976	1.06464	0.01216	0.01976
AAC	ATC	AT	1.02385	0.01160	0.01854	-1.02385	0.03230	0.01854
AAC	ACC	AC	-0.78244	0.03526	0.02324	0.78244	0.01612	0.02324
AAC	AAT	CT	-0.31710	0.04329	0.03679	0.31710	0.03153	0.03679
AAA	CAA	AC	-1.58527	0.01027	0.00419	1.58527	0.00210	0.00419
AAA	ATA	AT	-0.68379	0.00338	0.00235	0.68379	0.00171	0.00235
AAA	ACA	AC	-0.52602	0.01027	0.00780	0.52602	0.00607	0.00780
AAA	AAT	AT	0.53309	0.00338	0.00436	-0.53309	0.00576	0.00436
AAA	AAC	AC	0.85019	0.01027	0.01524	-0.85019	0.02403	0.01524
AAG	CAG	AC	-1.04792	0.07048	0.03989	1.04792	0.02472	0.03989
AAG	ATG	AT	-0.02926	0.02319	0.02285	0.02926	0.02252	0.02285
AAG	ACG	AC	-1.80393	0.07048	0.02506	1.80393	0.01160	0.02506
AAG	AAT	GT	-1.22620	0.02319	0.01181	1.22620	0.00680	0.01181
AAG	AAC	GC	-0.90909	0.07048	0.04323	0.90909	0.02840	0.04323
AAG	AAA	GA	-1.75928	0.17925	0.06559	1.75928	0.03086	0.06559
AGT	TGT	AT	0.07227	0.00169	0.00175	-0.07227	0.00182	0.00175
AGT	CGT	AC	-0.95736	0.00513	0.00306	0.95736	0.00197	0.00306
AGT	ATT	GT	1.71029	0.00169	0.00353	-1.71029	0.00934	0.00353
AGT	ACT	GC	0.00926	0.00513	0.00516	-0.00926	0.00518	0.00516
AGT	AAT	GA	0.66508	0.01306	0.01788	-0.66508	0.02539	0.01788
AGC	TGC	AT	0.27981	0.00752	0.00862	-0.27981	0.00994	0.00862
AGC	CGC	AC	-0.32404	0.02284	0.01934	0.32404	0.01652	0.01934
AGC	ATC	GT	1.62483	0.00752	0.01521	-1.62483	0.03817	0.01521
AGC	ACC	GC	-0.18146	0.02284	0.02083	0.18146	0.01905	0.02083
AGC	AAC	GA	0.60098	0.05810	0.07729	-0.60098	0.10596	0.07729
AGC	AGT	CT	-0.38121	0.02805	0.02304	0.38121	0.01916	0.02304
AGA	CGA	AC	1.30138	0.00075	0.00134	-1.30138	0.00275	0.00134
AGA	ATA	GT	2.10346	0.00025	0.00059	-2.10346	0.00202	0.00059
AGA	ACA	GC	2.26123	0.00075	0.00189	-2.26123	0.00717	0.00189
AGA	AAA	GA	2.78724	0.00190	0.00565	-2.78724	0.03086	0.00565
AGA	AGT	AT	2.65525	0.00025	0.00070	-2.65525	0.00350	0.00070
AGA	AGC	AC	3.03646	0.00075	0.00238	-3.03646	0.01557	0.00238
AGG	TGG	AT	3.48538	0.00044	0.00158	-3.48538	0.01431	0.00158
AGG	CGG	AC	2.73282	0.00133	0.00389	-2.73282	0.02049	0.00389
AGG	ATG	GT	4.10618	0.00044	0.00183	-4.10618	0.02662	0.00183
AGG	ACG	GC	2.33151	0.00133	0.00344	-2.33151	0.01371	0.00344
AGG	AAG	GA	4.13545	0.00339	0.01424	-4.13545	0.21183	0.01424
AGG	AGT	GT	2.24417	0.00044	0.00110	-2.24417	0.00414	0.00110
AGG	AGC	GC	2.62538	0.00133	0.00377	-2.62538	0.01840	0.00377
AGG	AGA	GA	-0.41108	0.00339	0.00274	0.41108	0.00225	0.00274
GTT	TTT	GT	3.89381	0.00018	0.00072	-3.89381	0.00892	0.00072
GTT	CTT	GC	1.57535	0.00055	0.00110	-1.57535	0.00267	0.00110
GTT	ATT	GA	3.21152	0.00140	0.00470	-3.21152	0.03487	0.00470
GTC	TTC	GT	1.22001	0.00967	0.01674	-1.22001	0.03275	0.01674
GTC	CTC	GC	-0.14080	0.02938	0.02736	0.14080	0.02552	0.02736
GTC	ATC	GA	0.64499	0.07472	0.10140	-0.64499	0.14242	0.10140
GTC	GTT	CT	-2.86228	0.03608	0.00626	2.86228	0.00206	0.00626
GTA	TTA	GT	-4.24652	0.00183	0.00011	4.24652	0.00003	0.00011
GTA	CTA	GC	-1.02734	0.00556	0.00318	1.02734	0.00199	0.00318
GTA	ATA	GA	-0.63086	0.01413	0.01014	0.63086	0.00752	0.01014
GTA	GTT	AT	-1.58030	0.00183	0.00075	1.58030	0.00038	0.00075
GTA	GTC	AC	1.28198	0.00556	0.00986	-1.28198	0.02002	0.00986
GTG	TTG	GT	-1.48120	0.01865	0.00813	1.48120	0.00424	0.00813
GTG	CTG	GC	0.06639	0.05667	0.05857	-0.06639	0.06056	0.05857
GTG	ATG	GA	-0.37233	0.14413	0.11896	0.37233	0.09932	0.11896
GTG	GTT	GT	-3.73558	0.01865	0.00170	3.73558	0.00044	0.00170
GTG	GTC	GC	-0.87330	0.05667	0.03548	0.87330	0.02366	0.03548
GTG	GTA	GA	-2.15528	0.14413	0.04071	2.15528	0.01670	0.04071
GCT	TCT	GT	0.58371	0.00228	0.00301	-0.58371	0.00408	0.00301
GCT	CCT	GC	0.42865	0.00692	0.00851	-0.42865	0.01063	0.00851
GCT	ACT	GA	0.09397	0.01760	0.01844	-0.09397	0.01934	0.01844
GCT	GTT	CT	-1.41653	0.00850	0.00386	1.41653	0.00206	0.00386
GCC	TCC	GT	0.68117	0.01393	0.01921	-0.68117	0.02753	0.01921
GCC	CCC	GC	-0.14747	0.04234	0.03930	0.14747	0.03654	0.03930
GCC	ACC	GA	-0.41513	0.10768	0.08687	0.41513	0.07110	0.08687
GCC	GTC	CT	0.74617	0.05199	0.07378	-0.74617	0.10964	0.07378
GCC	GCT	CT	-0.69958	0.05199	0.03591	0.69958	0.02583	0.03591
GCA	TCA	GT	1.00220	0.00189	0.00300	-1.00220	0.00516	0.00300
GCA	CCA	GC	0.26693	0.00575	0.00655	-0.26693	0.00751	0.00655
GCA	ACA	GA	0.60398	0.01463	0.01949	-0.60398	0.02676	0.01949
GCA	GTA	CT	1.07707	0.00706	0.01154	-1.07707	0.02074	0.01154
GCA	GCT	AT	0.91329	0.00189	0.00289	-0.91329	0.00472	0.00289
GCA	GCC	AC	1.61287	0.00575	0.01159	-1.61287	0.02886	0.01159
GCG	TCG	GT	0.46093	0.00264	0.00330	-0.46093	0.00419	0.00330
GCG	CCG	GC	0.11775	0.00803	0.00851	-0.11775	0.00903	0.00851
GCG	ACG	GA	0.91910	0.02041	0.03121	-0.91910	0.05117	0.03121
GCG	GTG	CT	3.06610	0.00986	0.03169	-3.06610	0.21147	0.03169
GCG	GCT	GT	0.74705	0.00264	0.00375	-0.74705	0.00557	0.00375
GCG	GCC	GC	1.44663	0.00803	0.01519	-1.44663	0.03410	0.01519
GCG	GCA	GA	-0.16624	0.02041	0.01876	0.16624	0.01729	0.01876
GAT	TAT	GT	-0.20174	0.00618	0.00558	0.20174	0.00505	0.00558
GAT	CAT	GC	-2.76932	0.01878	0.00348	2.76932	0.00118	0.00348
GAT	AAT	GA	-0.63190	0.04777	0.03425	0.63190	0.02539	0.03425
GAT	GTT	AT	-2.79821	0.00618	0.00112	2.79821	0.00038	0.00112
GAT	GCT	AC	-1.38169	0.01878	0.00870	1.38169	0.00472	0.00870
GAC	TAC	GT	0.07379	0.02577	0.02673	-0.07379	0.02774	0.02673
GAC	CAC	GC	-1.69569	0.07831	0.02984	1.69569	0.01437	0.02984
GAC	AAC	GA	-0.63105	0.19917	0.14289	0.63105	0.10596	0.14289
GAC	GTC	AT	-0.25219	0.02577	0.02266	0.25219	0.02002	0.02266
GAC	GCC	AC	-0.99836	0.07831	0.04562	0.99836	0.02886	0.04562
GAC	GAT	CT	-0.31626	0.09616	0.08175	0.31626	0.07009	0.08175
GAA	CAA	GC	-2.00465	0.01846	0.00576	2.00465	0.00249	0.00576
GAA	AAA	GA	-0.41938	0.04694	0.03778	0.41938	0.03086	0.03778
GAA	GTA	AT	-0.47231	0.00607	0.00475	0.47231	0.00379	0.00475
GAA	GCA	AC	-1.54938	0.01846	0.00771	1.54938	0.00392	0.00771
GAA	GAT	AT	0.74560	0.00607	0.00862	-0.74560	0.01280	0.00862
GAA	GAC	AC	1.06186	0.01846	0.02996	-1.06186	0.05337	0.02996
GAG	CAG	GC	-1.06983	0.08514	0.04757	1.06983	0.02921	0.04757
GAG	AAG	GA	-0.02191	0.21652	0.21416	0.02191	0.21183	0.21416
GAG	GTG	AT	0.32115	0.02801	0.03275	-0.32115	0.03862	0.03275
GAG	GCG	AC	-2.74495	0.08514	0.01605	2.74495	0.00547	0.01605
GAG	GAT	GT	-0.61621	0.02801	0.02026	0.61621	0.01513	0.02026
GAG	GAC	GC	-0.29995	0.08514	0.07301	0.29995	0.06307	0.07301
GAG	GAA	GA	-1.36181	0.21652	0.10156	1.36181	0.05547	0.10156
GGT	TGT	GT	0.69669	0.00107	0.00148	-0.69669	0.00215	0.00148
GGT	CGT	GC	-0.33294	0.00325	0.00274	0.33294	0.00233	0.00274
GGT	AGT	GA	0.62442	0.00826	0.01111	-0.62442	0.01543	0.01111
GGT	GTT	GT	-0.87681	0.00107	0.00067	0.87681	0.00044	0.00067
GGT	GCT	GC	0.53971	0.00325	0.00420	-0.53971	0.00557	0.00420
GGT	GAT	GA	1.92140	0.00826	0.01860	-1.92140	0.05645	0.01860
GGC	TGC	GT	-0.31039	0.01603	0.01367	0.31039	0.01175	0.01367
GGC	CGC	GC	-0.91424	0.04871	0.02979	0.91424	0.01952	0.02979
GGC	AGC	GA	-0.59020	0.12388	0.09090	0.59020	0.06866	0.09090
GGC	GTC	GT	0.38964	0.01603	0.01935	-0.38964	0.02366	0.01935
GGC	GCC	GC	-0.35654	0.04871	0.04054	0.35654	0.03410	0.04054
GGC	GAC	GA	0.64183	0.12388	0.16786	-0.64183	0.23537	0.16786
GGC	GGT	CT	-1.59583	0.05981	0.02427	1.59583	0.01213	0.02427
GGA	CGA	GC	-0.41341	0.00491	0.00396	0.41341	0.00325	0.00396
GGA	AGA	GA	-1.71479	0.01248	0.00470	1.71479	0.00225	0.00470
GGA	GTA	GT	1.01953	0.00161	0.00258	-1.01953	0.00448	0.00258
GGA	GCA	GC	-0.05754	0.00491	0.00477	0.05754	0.00463	0.00477
GGA	GAA	GA	1.49184	0.01248	0.02402	-1.49184	0.05547	0.02402
GGA	GGT	AT	0.31604	0.00161	0.00188	-0.31604	0.00221	0.00188
GGA	GGC	AC	1.91187	0.00491	0.01101	-1.91187	0.03320	0.01101
GGG	TGG	GT	0.70922	0.00832	0.01161	-0.70922	0.01691	0.01161
GGG	CGG	GC	-0.04334	0.02528	0.02474	0.04334	0.02421	0.02474
GGG	AGG	GA	-2.77616	0.06430	0.01185	2.77616	0.00400	0.01185
GGG	GTG	GT	1.70235	0.00832	0.01732	-1.70235	0.04564	0.01732
GGG	GCG	GC	-1.36375	0.02528	0.01184	1.36375	0.00646	0.01184
GGG	GAG	GA	1.38120	0.06430	0.11861	-1.38120	0.25587	0.11861
GGG	GGT	GT	-1.15641	0.00832	0.00442	1.15641	0.00262	0.00442
GGG	GGC	GC	0.43942	0.02528	0.03124	-0.43942	0.03923	0.03124
GGG	GGA	GA	-1.47245	0.06430	0.02818	1.47245	0.01475	0.02818


Histograms
2Ns	FMut	FSub(CodonUsage)	FSubw(after w)

-6.42715	0.00251	0.00003
-5.78444	0.00000	0.00000
-5.14172	0.00095	0.00004
-4.49901	0.00013	0.00001
-3.85629	0.01955	0.00173
-3.21358	0.05345	0.00990
-2.57086	0.04317	0.01188
-1.92815	0.11169	0.04978
-1.28543	0.16863	0.10632
-0.64272	0.23084	0.21244
0.00000	0.17091	0.21575
0.64272	0.12607	0.21244
1.28543	0.04783	0.10632
1.92815	0.01810	0.04978
2.57086	0.00342	0.01188
3.21358	0.00240	0.00990
3.85629	0.00033	0.00173
4.49901	0.00000	0.00001
5.14172	0.00001	0.00004
5.78444	0.00000	0.00000
6.42715	0.00000	0.00003

Proportion of advantageous (S > 0) mutations:
 0.27687

Proportions of good & bad mutations (|S| > 2.0000) among mutations:
0.00801  0.13566

mean |Ns| = 1.15247	mean Ns+ = 0.70873	mean Ns- = -1.32237


MLEs of dN/dS (w) for site classes (K=4)

site class             0        1       2a       2b
proportion       0.82134  0.16680  0.00986  0.00200
background w     0.02257  1.00000  0.02257  1.00000
foreground w     0.02257  1.00000 10.15428 10.15428

Naive Empirical Bayes (NEB) probabilities for 4 classes
(amino acids refer to 1st sequence: Bbon)

   1 L   0.86021 0.13254 0.00624 0.00101 ( 1)
   2 I   0.90229 0.09408 0.00325 0.00038 ( 1)
   3 G   0.91855 0.07892 0.00229 0.00023 ( 1)
   4 T   0.93908 0.05964 0.00119 0.00009 ( 1)
   5 F   0.90049 0.09601 0.00312 0.00038 ( 1)
   6 R   0.92282 0.07505 0.00194 0.00019 ( 1)
   7 M   0.00000 0.81877 0.00103 0.18020 ( 2)
   8 V   0.88831 0.10697 0.00417 0.00055 ( 1)
   9 L   0.86021 0.13254 0.00624 0.00101 ( 1)
  10 Q   0.90860 0.08824 0.00284 0.00032 ( 1)
  11 K   0.16502 0.83040 0.00069 0.00389 ( 2)
  12 V   0.88831 0.10697 0.00417 0.00055 ( 1)
  13 V   0.88831 0.10697 0.00417 0.00055 ( 1)
  14 E   0.90335 0.09303 0.00324 0.00038 ( 1)
  15 E   0.90335 0.09303 0.00324 0.00038 ( 1)
  16 G   0.00139 0.99394 0.00001 0.00466 ( 2)
  17 H   0.00837 0.98997 0.00001 0.00165 ( 2)
  18 V   0.88831 0.10697 0.00417 0.00055 ( 1)
  19 E   0.90359 0.09283 0.00321 0.00037 ( 1)
  20 V   0.88831 0.10697 0.00417 0.00055 ( 1)
  21 T   0.93408 0.06413 0.00165 0.00014 ( 1)
  22 D   0.91051 0.08637 0.00281 0.00031 ( 1)
  23 M   0.92919 0.06885 0.00181 0.00016 ( 1)
  24 L   0.86021 0.13254 0.00624 0.00101 ( 1)
  25 I   0.88703 0.10887 0.00361 0.00049 ( 1)
  26 D   0.91051 0.08637 0.00281 0.00031 ( 1)
  27 D   0.91051 0.08637 0.00281 0.00031 ( 1)
  28 N   0.93614 0.06205 0.00167 0.00014 ( 1)
  29 N   0.22216 0.67042 0.09876 0.00867 ( 2)
  30 A   0.95241 0.04670 0.00083 0.00005 ( 1)
  31 I   0.90229 0.09408 0.00325 0.00038 ( 1)
  32 I   0.90063 0.09573 0.00325 0.00039 ( 1)
  33 Q   0.00000 0.75872 0.00112 0.24016 ( 2)
  34 T   0.93860 0.05992 0.00137 0.00011 ( 1)
  35 S   0.94230 0.05637 0.00123 0.00009 ( 1)
  36 L   0.86213 0.13081 0.00609 0.00097 ( 1)
  37 C   0.94874 0.05022 0.00098 0.00007 ( 1)
  38 V   0.89307 0.10245 0.00398 0.00050 ( 1)
  39 E   0.90875 0.08788 0.00304 0.00034 ( 1)
  40 V   0.93369 0.06449 0.00168 0.00014 ( 1)
  41 R   0.91572 0.08141 0.00260 0.00027 ( 1)
  42 Y   0.89960 0.09644 0.00354 0.00042 ( 1)
  43 Q   0.91414 0.08292 0.00266 0.00028 ( 1)
  44 A   0.20361 0.78808 0.00525 0.00306 ( 2)
  45 T   0.90367 0.09263 0.00331 0.00038 ( 1)
  46 D   0.89375 0.10048 0.00515 0.00062 ( 1)
  47 G   0.92184 0.07574 0.00220 0.00021 ( 1)
  48 T   0.00601 0.98957 0.00032 0.00409 ( 2)
  49 V   0.89307 0.10245 0.00398 0.00050 ( 1)
  50 G   0.92138 0.07608 0.00232 0.00022 ( 1)
  51 S   0.91675 0.08048 0.00252 0.00026 ( 1)
  52 W   0.89302 0.10256 0.00392 0.00050 ( 1)
  53 D   0.00470 0.99080 0.00009 0.00440 ( 2)
  54 D   0.90229 0.09396 0.00336 0.00040 ( 1)
  55 G   0.00453 0.99192 0.00001 0.00353 ( 2)
  56 D   0.91613 0.08098 0.00262 0.00027 ( 1)
  57 F   0.90191 0.09431 0.00338 0.00040 ( 1)
  58 L   0.86329 0.12965 0.00610 0.00097 ( 1)
  59 G   0.92434 0.07334 0.00212 0.00020 ( 1)
  60 D   0.90037 0.09567 0.00353 0.00042 ( 1)
  61 E   0.90875 0.08788 0.00304 0.00034 ( 1)
  62 S   0.19024 0.80616 0.00062 0.00298 ( 2)
  63 L   0.94097 0.05759 0.00134 0.00010 ( 1)
  64 H   0.95425 0.04484 0.00086 0.00005 ( 1)
  65 E   0.90875 0.08788 0.00304 0.00034 ( 1)
  66 E   0.91143 0.08522 0.00302 0.00033 ( 1)
  67 E   0.90875 0.08788 0.00304 0.00034 ( 1)
  68 K   0.89946 0.09655 0.00356 0.00043 ( 1)
  69 D   0.91613 0.08098 0.00262 0.00027 ( 1)
  70 S   0.94453 0.05415 0.00124 0.00009 ( 1)
  71 Q   0.91414 0.08292 0.00266 0.00028 ( 1)
  72 E   0.90873 0.08790 0.00304 0.00034 ( 1)
  73 T   0.90408 0.09223 0.00331 0.00038 ( 1)
  74 D   0.90037 0.09567 0.00353 0.00042 ( 1)
  75 G   0.92434 0.07334 0.00212 0.00020 ( 1)
  76 L   0.86329 0.12965 0.00610 0.00097 ( 1)
  77 L   0.92084 0.07664 0.00230 0.00022 ( 1)
  78 P   0.88780 0.10722 0.00440 0.00058 ( 1)
  79 G   0.00604 0.99102 0.00002 0.00292 ( 2)
  80 S   0.91675 0.08048 0.00252 0.00026 ( 1)
  81 R   0.92477 0.07291 0.00212 0.00020 ( 1)
  82 P   0.00390 0.77435 0.17564 0.04611 ( 2)
  83 S   0.93152 0.06652 0.00180 0.00015 ( 1)
  84 S   0.24009 0.75784 0.00043 0.00164 ( 2)
  85 R   0.91324 0.08314 0.00328 0.00034 ( 1)
  86 P   0.00016 0.99725 0.00000 0.00259 ( 2)
  87 P   0.93815 0.05980 0.00191 0.00015 ( 1)
  88 G   0.91886 0.07787 0.00298 0.00029 ( 1)
  89 E   0.90187 0.09398 0.00371 0.00043 ( 1)
  90 K   0.88969 0.10555 0.00422 0.00055 ( 1)
  91 S   0.92563 0.07248 0.00173 0.00016 ( 1)
  92 F   0.88629 0.10915 0.00401 0.00055 ( 1)
  93 R   0.89788 0.09850 0.00322 0.00040 ( 1)
  94 E   0.91167 0.08628 0.00185 0.00021 ( 1)
  95 P   0.94007 0.05919 0.00068 0.00006 ( 1)
  96 A   0.93573 0.06336 0.00083 0.00007 ( 1)
  97 V   0.90548 0.09213 0.00214 0.00026 ( 1)
  98 L   0.86362 0.13041 0.00513 0.00083 ( 1)
  99 E   0.90872 0.08904 0.00201 0.00023 ( 1)
 100 M   0.93470 0.06434 0.00088 0.00008 ( 1)
 101 E   0.18575 0.81166 0.00042 0.00217 ( 2)
 102 N   0.19710 0.80080 0.00035 0.00175 ( 2)
 103 L   0.23518 0.76198 0.00077 0.00207 ( 2)
 104 D   0.91600 0.08217 0.00165 0.00018 ( 1)
 105 R   0.92450 0.07414 0.00124 0.00012 ( 1)
 106 L   0.86563 0.12841 0.00514 0.00082 ( 1)
 107 A   0.91921 0.07917 0.00147 0.00015 ( 1)
 108 I   0.00392 0.99181 0.00001 0.00425 ( 2)
 109 R   0.91558 0.08261 0.00163 0.00018 ( 1)
 110 L   0.86362 0.13041 0.00513 0.00083 ( 1)
 111 G   0.00014 0.99692 0.00000 0.00295 ( 2)
 112 D   0.90075 0.09648 0.00246 0.00031 ( 1)
 113 G   0.92417 0.07448 0.00123 0.00012 ( 1)
 114 L   0.13067 0.86305 0.00078 0.00550 ( 2)
 115 D   0.90044 0.09679 0.00246 0.00031 ( 1)
 116 P   0.88741 0.10883 0.00330 0.00046 ( 1)
 117 D   0.91600 0.08217 0.00165 0.00018 ( 1)
 118 S   0.91713 0.08125 0.00147 0.00016 ( 1)
 119 M   0.17176 0.82465 0.00055 0.00304 ( 2)
 120 S   0.88483 0.11203 0.00274 0.00040 ( 1)
 121 L   0.92052 0.07784 0.00148 0.00015 ( 1)
 122 A   0.91492 0.08324 0.00166 0.00018 ( 1)
 123 S   0.91708 0.08119 0.00156 0.00017 ( 1)
 124 V   0.93328 0.06573 0.00091 0.00008 ( 1)
 125 T   0.90370 0.09377 0.00226 0.00027 ( 1)
 126 A   0.91492 0.08324 0.00166 0.00018 ( 1)
 127 L   0.92061 0.07787 0.00138 0.00014 ( 1)
 128 T   0.94033 0.05892 0.00069 0.00006 ( 1)
 129 T   0.94033 0.05892 0.00069 0.00006 ( 1)
 130 N   0.94179 0.05749 0.00066 0.00005 ( 1)
 131 V   0.23847 0.76034 0.00023 0.00095 ( 2)
 132 S   0.91658 0.08170 0.00156 0.00017 ( 1)
 133 N   0.94185 0.05744 0.00066 0.00005 ( 1)
 134 K   0.89953 0.09766 0.00249 0.00031 ( 1)
 135 R   0.89353 0.10335 0.00276 0.00037 ( 1)
 136 S   0.91167 0.08638 0.00175 0.00020 ( 1)
 137 K   0.89475 0.10219 0.00271 0.00036 ( 1)
 138 P   0.89601 0.10102 0.00263 0.00034 ( 1)
 139 D   0.91067 0.08728 0.00184 0.00021 ( 1)
 140 I   0.88311 0.11292 0.00347 0.00050 ( 1)
 141 K   0.89475 0.10219 0.00271 0.00036 ( 1)
 142 M   0.92908 0.06979 0.00103 0.00010 ( 1)
 143 E   0.90360 0.09391 0.00222 0.00027 ( 1)
 144 P   0.89601 0.10102 0.00263 0.00034 ( 1)
 145 S   0.92556 0.07318 0.00115 0.00011 ( 1)
 146 A   0.91382 0.08435 0.00165 0.00018 ( 1)
 147 G   0.91792 0.08052 0.00141 0.00015 ( 1)
 148 R   0.90938 0.08858 0.00182 0.00021 ( 1)
 149 P   0.90332 0.09428 0.00213 0.00026 ( 1)
 150 M   0.92813 0.07075 0.00102 0.00010 ( 1)
 151 D   0.00448 0.99208 0.00001 0.00342 ( 2)
 152 Y   0.16989 0.82703 0.00046 0.00262 ( 2)
 153 Q   0.18730 0.81032 0.00039 0.00199 ( 2)
 154 V   0.94197 0.05737 0.00060 0.00005 ( 1)
 155 S   0.95249 0.04712 0.00037 0.00003 ( 1)
 156 V   0.00540 0.99188 0.00006 0.00266 ( 2)
 157 T   0.92596 0.07283 0.00110 0.00011 ( 1)
 158 V   0.90070 0.09667 0.00234 0.00029 ( 1)
 159 I   0.91562 0.08266 0.00155 0.00017 ( 1)
 160 E   0.91699 0.08131 0.00153 0.00017 ( 1)
 161 A   0.92465 0.07403 0.00120 0.00012 ( 1)
 162 R   0.92408 0.07460 0.00120 0.00012 ( 1)
 163 Q   0.92246 0.07617 0.00124 0.00013 ( 1)
 164 L   0.86872 0.12596 0.00459 0.00072 ( 1)
 165 V   0.90070 0.09667 0.00234 0.00029 ( 1)
 166 G   0.92978 0.06912 0.00100 0.00010 ( 1)
 167 L   0.93955 0.05976 0.00064 0.00005 ( 1)
 168 N   0.95041 0.04915 0.00042 0.00003 ( 1)
 169 M   0.18500 0.81206 0.00048 0.00246 ( 2)
 170 D   0.92451 0.07416 0.00121 0.00012 ( 1)
 171 P   0.91759 0.08079 0.00146 0.00016 ( 1)
 172 V   0.90070 0.09667 0.00234 0.00029 ( 1)
 173 V   0.90273 0.09507 0.00196 0.00024 ( 1)
 174 C   0.95856 0.04117 0.00026 0.00002 ( 1)
 175 V   0.90070 0.09667 0.00234 0.00029 ( 1)
 176 E   0.91699 0.08131 0.00153 0.00017 ( 1)
 177 V   0.90070 0.09667 0.00234 0.00029 ( 1)
 178 G   0.92978 0.06912 0.00100 0.00010 ( 1)
 179 D   0.92440 0.07426 0.00121 0.00012 ( 1)
 180 D   0.92451 0.07416 0.00121 0.00012 ( 1)
 181 K   0.90738 0.09042 0.00197 0.00023 ( 1)
 182 K   0.90738 0.09042 0.00197 0.00023 ( 1)
 183 F   0.00522 0.99249 0.00001 0.00227 ( 2)
 184 T   0.94892 0.05061 0.00044 0.00003 ( 1)
 185 S   0.92510 0.07365 0.00114 0.00011 ( 1)
 186 M   0.94339 0.05598 0.00058 0.00005 ( 1)
 187 K   0.90738 0.09042 0.00197 0.00023 ( 1)
 188 E   0.91699 0.08131 0.00153 0.00017 ( 1)
 189 S   0.92510 0.07365 0.00114 0.00011 ( 1)
 190 T   0.94084 0.05847 0.00064 0.00005 ( 1)
 191 N   0.95041 0.04915 0.00042 0.00003 ( 1)
 192 C   0.95856 0.04117 0.00026 0.00002 ( 1)
 193 P   0.91759 0.08079 0.00146 0.00016 ( 1)
 194 Y   0.91171 0.08636 0.00174 0.00020 ( 1)
 195 Y   0.91171 0.08636 0.00174 0.00020 ( 1)
 196 N   0.95041 0.04915 0.00042 0.00003 ( 1)
 197 E   0.91699 0.08131 0.00153 0.00017 ( 1)
 198 -   0.87156 0.11862 0.00863 0.00120 ( 1)
 199 -   0.87036 0.11977 0.00865 0.00122 ( 1)
 200 -   0.89469 0.09652 0.00790 0.00088 ( 1)
 201 -   0.15225 0.83773 0.00151 0.00851 ( 2)
 202 -   0.88066 0.10989 0.00838 0.00107 ( 1)
 203 -   0.87036 0.11977 0.00865 0.00122 ( 1)
 204 -   0.93627 0.05709 0.00624 0.00040 ( 1)
 205 -   0.89469 0.09652 0.00790 0.00088 ( 1)
 206 -   0.14612 0.84468 0.00132 0.00788 ( 2)
 207 -   0.86033 0.12935 0.00895 0.00137 ( 1)
 208 -   0.15102 0.83927 0.00149 0.00822 ( 2)
 209 -   0.89469 0.09652 0.00790 0.00088 ( 1)
 210 -   0.89587 0.09538 0.00788 0.00087 ( 1)
 211 -   0.87036 0.11977 0.00865 0.00122 ( 1)
 212 -   0.88066 0.10989 0.00838 0.00107 ( 1)
 213 -   0.86863 0.12141 0.00871 0.00124 ( 1)
 214 -   0.87441 0.11588 0.00855 0.00116 ( 1)
 215 -   0.87441 0.11588 0.00855 0.00116 ( 1)
 216 -   0.86863 0.12141 0.00871 0.00124 ( 1)
 217 -   0.87441 0.11588 0.00855 0.00116 ( 1)
 218 -   0.89073 0.10032 0.00802 0.00093 ( 1)
 219 -   0.87288 0.12136 0.00501 0.00075 ( 1)
 220 -   0.86831 0.12551 0.00535 0.00083 ( 1)
 221 -   0.92694 0.07128 0.00163 0.00015 ( 1)
 222 -   0.89210 0.10385 0.00358 0.00046 ( 1)
 223 -   0.87792 0.11679 0.00462 0.00067 ( 1)
 224 -   0.91509 0.08244 0.00223 0.00024 ( 1)
 225 -   0.85053 0.14139 0.00688 0.00119 ( 1)
 226 -   0.85053 0.14139 0.00688 0.00119 ( 1)
 227 -   0.89900 0.09746 0.00315 0.00039 ( 1)
 228 -   0.90167 0.09413 0.00376 0.00044 ( 1)
 229 -   0.89244 0.10258 0.00442 0.00056 ( 1)
 230 -   0.90971 0.08662 0.00331 0.00036 ( 1)
 231 -   0.84873 0.14242 0.00755 0.00131 ( 1)
 232 -   0.87003 0.12313 0.00595 0.00089 ( 1)
 233 -   0.89244 0.10258 0.00442 0.00056 ( 1)
 234 -   0.88860 0.10617 0.00463 0.00060 ( 1)
 235 -   0.87676 0.11701 0.00545 0.00078 ( 1)
 236 -   0.89246 0.10266 0.00433 0.00055 ( 1)
 237 -   0.90443 0.09150 0.00366 0.00041 ( 1)
 238 -   0.88808 0.10658 0.00472 0.00062 ( 1)
 239 -   0.87003 0.12313 0.00595 0.00089 ( 1)
 240 -   0.89496 0.10030 0.00422 0.00052 ( 1)
 241 -   0.90971 0.08662 0.00331 0.00036 ( 1)
 242 -   0.87003 0.12313 0.00595 0.00089 ( 1)
 243 -   0.87810 0.11578 0.00537 0.00076 ( 1)
 244 -   0.88937 0.10566 0.00440 0.00057 ( 1)
 245 -   0.88647 0.10813 0.00478 0.00063 ( 1)
 246 -   0.90948 0.08686 0.00331 0.00036 ( 1)
 247 -   0.86893 0.12211 0.00783 0.00113 ( 1)
 248 -   0.94368 0.05596 0.00033 0.00003 ( 1)
 249 -   0.90493 0.09331 0.00157 0.00020 ( 1)
 250 -   0.89367 0.10385 0.00218 0.00030 ( 1)
 251 -   0.94368 0.05596 0.00033 0.00003 ( 1)
 252 -   0.94452 0.05512 0.00033 0.00003 ( 1)
 253 -   0.89143 0.10589 0.00235 0.00033 ( 1)
 254 -   0.88692 0.11001 0.00269 0.00038 ( 1)
 255 -   0.91639 0.08209 0.00137 0.00015 ( 1)
 256 -   0.90498 0.09287 0.00192 0.00023 ( 1)
 257 -   0.86219 0.13198 0.00501 0.00082 ( 1)
 258 -   0.22053 0.77819 0.00023 0.00104 ( 2)
 259 -   0.91322 0.08506 0.00154 0.00018 ( 1)
 260 -   0.90577 0.09212 0.00188 0.00023 ( 1)
 261 -   0.20427 0.79434 0.00024 0.00116 ( 2)
 262 -   0.91322 0.08506 0.00154 0.00018 ( 1)
 263 -   0.90498 0.09287 0.00192 0.00023 ( 1)
 264 -   0.00205 0.36694 0.56667 0.06435 ( 3)
 265 -   0.95061 0.04895 0.00041 0.00003 ( 1)
 266 -   0.92549 0.07324 0.00116 0.00011 ( 1)
 267 -   0.86445 0.12972 0.00502 0.00081 ( 1)
 268 -   0.90127 0.09607 0.00236 0.00030 ( 1)
 269 -   0.92256 0.07599 0.00131 0.00013 ( 1)
 270 -   0.90496 0.09266 0.00213 0.00026 ( 1)
 271 -   0.89442 0.10245 0.00277 0.00036 ( 1)
 272 -   0.90080 0.09652 0.00238 0.00030 ( 1)
 273 -   0.94830 0.05119 0.00047 0.00003 ( 1)
 274 -   0.91437 0.08359 0.00184 0.00020 ( 1)
 275 -   0.21686 0.78191 0.00022 0.00101 ( 2)
 276 -   0.92057 0.07792 0.00138 0.00014 ( 1)
 277 -   0.89442 0.10245 0.00277 0.00036 ( 1)
 278 -   0.16464 0.83189 0.00051 0.00296 ( 2)
 279 -   0.92296 0.07559 0.00131 0.00013 ( 1)
 280 -   0.17647 0.82054 0.00047 0.00252 ( 2)
 281 -   0.92555 0.07319 0.00115 0.00011 ( 1)
 282 -   0.91738 0.08091 0.00155 0.00017 ( 1)
 283 -   0.94327 0.05608 0.00060 0.00005 ( 1)
 284 -   0.90894 0.08891 0.00193 0.00022 ( 1)
 285 -   0.90080 0.09652 0.00238 0.00030 ( 1)
 286 -   0.00014 0.99811 0.00000 0.00175 ( 2)
 287 -   0.91065 0.08731 0.00183 0.00021 ( 1)
 288 -   0.95495 0.04469 0.00033 0.00002 ( 1)
 289 -   0.90080 0.09652 0.00238 0.00030 ( 1)
 290 -   0.92061 0.07787 0.00138 0.00014 ( 1)
 291 -   0.94316 0.05615 0.00064 0.00005 ( 1)
 292 -   0.91005 0.08782 0.00191 0.00022 ( 1)
 293 -   0.91831 0.08012 0.00142 0.00015 ( 1)
 294 -   0.00509 0.99253 0.00001 0.00237 ( 2)
 295 -   0.91005 0.08782 0.00191 0.00022 ( 1)
 296 -   0.00499 0.99222 0.00002 0.00277 ( 2)
 297 -   0.91738 0.08091 0.00155 0.00017 ( 1)
 298 -   0.88851 0.10793 0.00312 0.00043 ( 1)
 299 -   0.16466 0.69204 0.12844 0.01485 ( 2)
 300 -   0.00168 0.31338 0.61449 0.07044 ( 3)
 301 N   0.93737 0.06165 0.00090 0.00008 ( 1)
 302 L   0.92637 0.07226 0.00125 0.00012 ( 1)
 303 L   0.86109 0.13247 0.00553 0.00091 ( 1)
 304 L   0.91621 0.08187 0.00173 0.00019 ( 1)
 305 P   0.90461 0.09268 0.00242 0.00029 ( 1)
 306 E   0.00269 0.53780 0.40044 0.05907 ( 2)
 307 G   0.91950 0.07876 0.00158 0.00016 ( 1)
 308 V   0.88945 0.10678 0.00332 0.00045 ( 1)
 309 P   0.90509 0.09230 0.00233 0.00028 ( 1)
 310 P   0.00507 0.99253 0.00001 0.00238 ( 2)
 311 E   0.90735 0.09016 0.00224 0.00026 ( 1)
 312 R   0.92005 0.07822 0.00157 0.00016 ( 1)
 313 Q   0.90971 0.08799 0.00206 0.00024 ( 1)
 314 W   0.88939 0.10690 0.00327 0.00044 ( 1)
 315 A   0.91483 0.08315 0.00183 0.00020 ( 1)
 316 R   0.91125 0.08652 0.00201 0.00023 ( 1)
 317 F   0.89792 0.09899 0.00274 0.00035 ( 1)
 318 Y   0.89891 0.09800 0.00275 0.00034 ( 1)
 319 V   0.88945 0.10678 0.00332 0.00045 ( 1)
 320 K   0.89557 0.10114 0.00292 0.00038 ( 1)
 321 I   0.88380 0.11199 0.00369 0.00052 ( 1)
 322 Y   0.89958 0.09743 0.00266 0.00033 ( 1)
 323 R   0.89750 0.09854 0.00351 0.00045 ( 1)
 324 A   0.93124 0.06755 0.00111 0.00010 ( 1)
 325 E   0.90452 0.09278 0.00241 0.00029 ( 1)
 326 G   0.91890 0.07921 0.00171 0.00018 ( 1)
 327 L   0.86109 0.13247 0.00553 0.00091 ( 1)
 328 P   0.90509 0.09230 0.00233 0.00028 ( 1)
 329 R   0.20948 0.78853 0.00036 0.00164 ( 2)
 330 M   0.93020 0.06853 0.00116 0.00011 ( 1)
 331 N   0.93737 0.06165 0.00090 0.00008 ( 1)
 332 T   0.90230 0.09493 0.00247 0.00030 ( 1)
 333 S   0.93953 0.05957 0.00083 0.00007 ( 1)
 334 L   0.91621 0.08187 0.00173 0.00019 ( 1)
 335 M   0.93020 0.06853 0.00116 0.00011 ( 1)
 336 A   0.91483 0.08315 0.00183 0.00020 ( 1)
 337 N   0.93737 0.06165 0.00090 0.00008 ( 1)
 338 M   0.93020 0.06853 0.00116 0.00011 ( 1)
 339 K   0.89557 0.10114 0.00292 0.00038 ( 1)
 340 K   0.89557 0.10114 0.00292 0.00038 ( 1)
 341 A   0.91479 0.08351 0.00152 0.00017 ( 1)
 342 F   0.89792 0.09899 0.00274 0.00035 ( 1)
 343 I   0.88860 0.10735 0.00356 0.00048 ( 1)
 344 G   0.94863 0.05076 0.00056 0.00004 ( 1)
 345 E   0.90452 0.09278 0.00241 0.00029 ( 1)
 346 N   0.93737 0.06165 0.00090 0.00008 ( 1)
 347 K   0.89557 0.10114 0.00292 0.00038 ( 1)
 348 D   0.91166 0.08610 0.00202 0.00023 ( 1)
 349 L   0.86109 0.13247 0.00553 0.00091 ( 1)
 350 V   0.19388 0.66517 0.12859 0.01237 ( 2)
 351 D   0.90902 0.08809 0.00260 0.00029 ( 1)
 352 P   0.90252 0.09420 0.00293 0.00035 ( 1)
 353 Y   0.89708 0.09924 0.00327 0.00041 ( 1)
 354 V   0.88711 0.10841 0.00395 0.00053 ( 1)
 355 Q   0.93482 0.06387 0.00120 0.00010 ( 1)
 356 V   0.92435 0.07383 0.00167 0.00016 ( 1)
 357 F   0.89184 0.10438 0.00334 0.00044 ( 1)
 358 F   0.87116 0.12321 0.00488 0.00075 ( 1)
 359 A   0.90806 0.08930 0.00237 0.00027 ( 1)
 360 G   0.90991 0.08754 0.00229 0.00026 ( 1)
 361 Q   0.90312 0.09393 0.00263 0.00032 ( 1)
 362 K   0.88960 0.10641 0.00352 0.00047 ( 1)
 363 G   0.92289 0.07537 0.00158 0.00016 ( 1)
 364 K   0.90389 0.09308 0.00272 0.00032 ( 1)
 365 T   0.93672 0.06197 0.00121 0.00010 ( 1)
 366 S   0.89259 0.10413 0.00290 0.00039 ( 1)
 367 V   0.89762 0.09887 0.00312 0.00039 ( 1)
 368 Q   0.91885 0.07908 0.00188 0.00019 ( 1)
 369 K   0.92693 0.07142 0.00151 0.00014 ( 1)
 370 S   0.94913 0.05011 0.00071 0.00005 ( 1)
 371 S   0.94913 0.05011 0.00071 0.00005 ( 1)
 372 Y   0.90403 0.09296 0.00269 0.00032 ( 1)
 373 E   0.91338 0.08415 0.00223 0.00024 ( 1)
 374 P   0.91261 0.08527 0.00191 0.00021 ( 1)
 375 L   0.86624 0.12757 0.00535 0.00084 ( 1)
 376 W   0.89726 0.09930 0.00306 0.00038 ( 1)
 377 N   0.94639 0.05275 0.00080 0.00006 ( 1)
 378 E   0.91338 0.08415 0.00223 0.00024 ( 1)
 379 Q   0.91885 0.07908 0.00188 0.00019 ( 1)
 380 V   0.90485 0.09256 0.00232 0.00028 ( 1)
 381 V   0.25305 0.74536 0.00034 0.00125 ( 2)
 382 F   0.88265 0.11269 0.00409 0.00057 ( 1)
 383 T   0.90820 0.08904 0.00248 0.00028 ( 1)
 384 D   0.92087 0.07710 0.00184 0.00019 ( 1)
 385 L   0.86624 0.12757 0.00535 0.00084 ( 1)
 386 F   0.90589 0.09108 0.00272 0.00031 ( 1)
 387 P   0.91261 0.08479 0.00235 0.00025 ( 1)
 388 P   0.94381 0.05509 0.00102 0.00008 ( 1)
 389 L   0.92561 0.07269 0.00156 0.00015 ( 1)
 390 C   0.95536 0.04408 0.00053 0.00003 ( 1)
 391 K   0.90389 0.09308 0.00272 0.00032 ( 1)
 392 R   0.92956 0.06891 0.00141 0.00013 ( 1)
 393 M   0.26033 0.73836 0.00028 0.00103 ( 2)
 394 K   0.90848 0.08922 0.00206 0.00024 ( 1)
 395 V   0.90961 0.08768 0.00244 0.00027 ( 1)
 396 Q   0.91885 0.07908 0.00188 0.00019 ( 1)
 397 I   0.91224 0.08527 0.00224 0.00025 ( 1)
 398 R   0.92045 0.07754 0.00183 0.00018 ( 1)
 399 D   0.92087 0.07710 0.00184 0.00019 ( 1)
 400 S   0.88317 0.11224 0.00403 0.00056 ( 1)
 401 D   0.92087 0.07710 0.00184 0.00019 ( 1)
 402 K   0.90389 0.09308 0.00272 0.00032 ( 1)
 403 V   0.93821 0.06061 0.00109 0.00009 ( 1)
 404 N   0.94700 0.05216 0.00078 0.00006 ( 1)
 405 D   0.92080 0.07717 0.00184 0.00019 ( 1)
 406 V   0.89745 0.09903 0.00312 0.00039 ( 1)
 407 A   0.92417 0.07402 0.00165 0.00016 ( 1)
 408 I   0.91199 0.08552 0.00224 0.00025 ( 1)
 409 G   0.92615 0.07212 0.00158 0.00015 ( 1)
 410 T   0.94550 0.05363 0.00081 0.00006 ( 1)
 411 H   0.95857 0.04095 0.00045 0.00003 ( 1)
 412 F   0.90640 0.09077 0.00254 0.00029 ( 1)
 413 I   0.89265 0.10341 0.00349 0.00045 ( 1)
 414 D   0.92087 0.07710 0.00184 0.00019 ( 1)
 415 L   0.86624 0.12757 0.00535 0.00084 ( 1)
 416 R   0.92956 0.06891 0.00141 0.00013 ( 1)
 417 K   0.90389 0.09308 0.00272 0.00032 ( 1)
 418 I   0.18006 0.81567 0.00070 0.00357 ( 2)
 419 S   0.92148 0.07660 0.00175 0.00017 ( 1)
 420 N   0.94698 0.05218 0.00078 0.00006 ( 1)
 421 D   0.20899 0.78859 0.00044 0.00198 ( 2)
 422 G   0.93200 0.06661 0.00128 0.00011 ( 1)
 423 D   0.92035 0.07762 0.00184 0.00019 ( 1)
 424 K   0.92663 0.07172 0.00151 0.00014 ( 1)
 425 G   0.91923 0.07903 0.00157 0.00016 ( 1)
 426 F   0.90340 0.09438 0.00197 0.00024 ( 1)
 427 L   0.86465 0.12981 0.00477 0.00077 ( 1)
 428 P   0.91079 0.08741 0.00161 0.00019 ( 1)
 429 T   0.91889 0.07974 0.00123 0.00013 ( 1)
 430 L   0.86465 0.12981 0.00477 0.00077 ( 1)
 431 G   0.92267 0.07608 0.00113 0.00012 ( 1)
 432 P   0.91079 0.08741 0.00161 0.00019 ( 1)
 433 T   0.00630 0.99259 0.00001 0.00110 ( 2)
 434 W   0.89455 0.10266 0.00246 0.00033 ( 1)
 435 V   0.89461 0.10254 0.00252 0.00033 ( 1)
 436 N   0.94329 0.05617 0.00049 0.00004 ( 1)
 437 M   0.93619 0.06307 0.00068 0.00006 ( 1)
 438 Y   0.90120 0.09644 0.00210 0.00026 ( 1)
 439 G   0.92267 0.07608 0.00113 0.00012 ( 1)
 440 S   0.91809 0.08051 0.00127 0.00014 ( 1)
 441 T   0.90808 0.08983 0.00186 0.00022 ( 1)
 442 R   0.92601 0.07291 0.00098 0.00010 ( 1)
 443 N   0.94329 0.05617 0.00049 0.00004 ( 1)
 444 Y   0.90512 0.09275 0.00190 0.00023 ( 1)
 445 T   0.91922 0.07941 0.00123 0.00013 ( 1)
 446 L   0.86465 0.12981 0.00477 0.00077 ( 1)
 447 L   0.87001 0.12561 0.00378 0.00060 ( 1)
 448 D   0.91708 0.08126 0.00150 0.00016 ( 1)
 449 E   0.91020 0.08791 0.00169 0.00020 ( 1)
 450 H   0.95494 0.04478 0.00026 0.00002 ( 1)
 451 Q   0.91551 0.08295 0.00138 0.00015 ( 1)
 452 D   0.17626 0.69191 0.11885 0.01299 ( 2)
 453 L   0.86465 0.12981 0.00477 0.00077 ( 1)
 454 N   0.94305 0.05642 0.00049 0.00004 ( 1)
 455 E   0.18898 0.80885 0.00035 0.00182 ( 2)
 456 G   0.92267 0.07608 0.00113 0.00012 ( 1)
 457 L   0.86465 0.12981 0.00477 0.00077 ( 1)
 458 G   0.92558 0.07334 0.00099 0.00010 ( 1)
 459 E   0.91020 0.08791 0.00169 0.00020 ( 1)
 460 G   0.92233 0.07642 0.00113 0.00012 ( 1)
 461 V   0.89432 0.10282 0.00252 0.00034 ( 1)
 462 S   0.93184 0.06726 0.00083 0.00008 ( 1)
 463 F   0.90310 0.09468 0.00197 0.00025 ( 1)
 464 R   0.92566 0.07325 0.00098 0.00010 ( 1)
 465 A   0.92039 0.07830 0.00119 0.00013 ( 1)
 466 R   0.92566 0.07325 0.00098 0.00010 ( 1)
 467 L   0.92179 0.07699 0.00111 0.00012 ( 1)
 468 M   0.93584 0.06342 0.00068 0.00006 ( 1)
 469 L   0.86447 0.12999 0.00477 0.00078 ( 1)
 470 G   0.92233 0.07642 0.00113 0.00012 ( 1)
 471 L   0.86447 0.12999 0.00477 0.00078 ( 1)
 472 -   0.95221 0.04726 0.00049 0.00003 ( 1)
 473 -   0.15898 0.83729 0.00053 0.00320 ( 2)
 474 -   0.90594 0.09170 0.00211 0.00025 ( 1)
 475 -   0.90485 0.09276 0.00213 0.00026 ( 1)
 476 -   0.86137 0.13255 0.00522 0.00086 ( 1)
 477 -   0.91188 0.08619 0.00173 0.00020 ( 1)
 478 -   0.92782 0.07107 0.00102 0.00010 ( 1)
 479 -   0.91247 0.08570 0.00164 0.00019 ( 1)
 480 -   0.93750 0.06172 0.00072 0.00006 ( 1)
 481 -   0.88413 0.11198 0.00340 0.00048 ( 1)
 482 -   0.90476 0.09287 0.00211 0.00026 ( 1)
 483 -   0.91628 0.08211 0.00145 0.00016 ( 1)
 484 -   0.93581 0.06338 0.00074 0.00007 ( 1)
 485 -   0.93947 0.05982 0.00065 0.00006 ( 1)
 486 -   0.91231 0.08587 0.00164 0.00019 ( 1)
 487 -   0.91058 0.08732 0.00189 0.00022 ( 1)
 488 -   0.17942 0.81790 0.00042 0.00226 ( 2)
 489 -   0.88960 0.10701 0.00299 0.00041 ( 1)
 490 -   0.90980 0.08823 0.00176 0.00021 ( 1)
 491 -   0.88960 0.10701 0.00299 0.00041 ( 1)
 492 -   0.90749 0.09034 0.00194 0.00023 ( 1)
 493 -   0.00570 0.99212 0.00001 0.00217 ( 2)
 494 -   0.91488 0.08340 0.00155 0.00017 ( 1)
 495 -   0.17020 0.82683 0.00044 0.00252 ( 2)
