Supplemental results for CODEML (seqf: /home/leticiamagpali/phd/evol_models/codeml/big_dataset/cml_align/CASQ1_codon_aligned.phy  treef: /home/leticiamagpali/phd/evol_models/codeml/big_dataset/cml_trees/gene_trees/H1a_gene_trees/CASQ1_tree_H1a.tre)

I	J	ij	2Ns_IJ	pMut_IJ	pSub_IJ	2Ns_JI	pMut_JI	pSub_JI

TTC	TTT	CT	0.91735	0.26461	0.40427	-0.91735	0.66221	0.40427
TTA	TTT	AT	1.57957	0.00958	0.01906	-1.57957	0.04648	0.01906
TTA	TTC	AC	0.66222	0.04465	0.06105	-0.66222	0.08658	0.06105
TTG	TTT	GT	3.78919	0.00041	0.00161	-3.78919	0.01834	0.00161
TTG	TTC	GC	2.87184	0.00193	0.00588	-2.87184	0.03416	0.00588
TTG	TTA	GA	2.20962	0.00548	0.01361	-2.20962	0.04995	0.01361
TCT	TTT	CT	2.47251	0.05587	0.15088	-2.47251	0.66221	0.15088
TCC	TTC	CT	4.68993	0.01133	0.05364	-4.68993	1.23351	0.05364
TCC	TCT	CT	3.13477	0.01133	0.03714	-3.13477	0.26046	0.03714
TCA	TTA	CT	1.13536	0.09119	0.15255	-1.13536	0.28381	0.15255
TCA	TCT	AT	0.24242	0.01435	0.01615	-0.24242	0.01828	0.01615
TCA	TCC	AC	-2.89235	0.06688	0.01135	2.89235	0.00371	0.01135
TCG	TTG	CT	2.74335	0.00079	0.00232	-2.74335	0.01229	0.00232
TCG	TCT	GT	4.06003	0.00012	0.00051	-4.06003	0.00721	0.00051
TCG	TCC	GC	0.92527	0.00058	0.00089	-0.92527	0.00146	0.00089
TCG	TCA	GA	3.81762	0.00164	0.00642	-3.81762	0.07482	0.00642
TAT	TTT	AT	1.25366	0.01327	0.02328	-1.25366	0.04648	0.02328
TAT	TCT	AC	-1.21884	0.06185	0.03163	1.21884	0.01828	0.03163
TAC	TTC	AT	1.11314	0.02844	0.04715	-1.11314	0.08658	0.04715
TAC	TCC	AC	-3.57679	0.13259	0.01364	3.57679	0.00371	0.01364
TAC	TAT	CT	0.77682	0.18080	0.26002	-0.77682	0.39315	0.26002
TGT	TTT	GT	9.61880	0.00000	0.00000	-9.61880	0.01834	0.00001
TGT	TCT	GC	7.14629	0.00000	0.00000	-7.14629	0.00721	0.00004
TGT	TAT	GA	8.36514	0.00000	0.00000	-8.36514	0.06920	0.00013
TGC	TTC	GT	10.24083	0.00000	0.00000	-10.24083	0.03416	0.00001
TGC	TCC	GC	5.55091	0.00000	0.00000	-5.55091	0.00146	0.00003
TGC	TAC	GA	9.12769	0.00000	0.00000	-9.12769	0.14834	0.00015
TGC	TGT	CT	1.53938	0.00000	0.00000	-1.53938	0.00000	0.00000
TGG	TTG	GT	-3.73881	0.01431	0.00130	3.73881	0.00034	0.00130
TGG	TCG	GC	-6.48216	0.06669	0.00066	6.48216	0.00010	0.00066
TGG	TGT	GT	-9.56842	0.01431	0.00001	9.56842	0.00000	0.00000
TGG	TGC	GC	-11.10780	0.06669	0.00001	11.10780	0.00000	0.00000
CTT	TTT	CT	3.44707	0.02108	0.07507	-3.44707	0.66221	0.07507
CTC	TTC	CT	2.74734	0.07907	0.23210	-2.74734	1.23351	0.23210
CTC	CTT	CT	0.21762	0.07907	0.08798	-0.21762	0.09829	0.08798
CTA	TTA	CT	1.00799	0.10358	0.16440	-1.00799	0.28381	0.16440
CTA	CTT	AT	-0.85951	0.01629	0.01028	0.85951	0.00690	0.01028
CTA	CTC	AC	-1.07714	0.07596	0.04226	1.07714	0.02587	0.04226
CTG	TTG	CT	-3.82332	0.56221	0.04803	3.82332	0.01229	0.04803
CTG	CTT	GT	-3.48120	0.08845	0.00978	3.48120	0.00272	0.00978
CTG	CTC	GC	-3.69882	0.41231	0.03871	3.69882	0.01021	0.03871
CTG	CTA	GA	-2.62169	1.16928	0.24026	2.62169	0.08498	0.24026
CCT	TCT	CT	0.67141	0.13309	0.18274	-0.67141	0.26046	0.18274
CCT	CTT	CT	-0.30315	0.13309	0.11394	0.30315	0.09829	0.11394
CCC	TCC	CT	-1.14514	0.16604	0.08873	1.14514	0.05283	0.08873
CCC	CTC	CT	0.79744	0.16604	0.24095	-0.79744	0.36858	0.24095
CCC	CCT	CT	1.31822	0.16604	0.29885	-1.31822	0.62044	0.29885
CCA	TCA	CT	2.90848	0.02319	0.07135	-2.90848	0.42509	0.07135
CCA	CTA	CT	3.03585	0.02319	0.07396	-3.03585	0.48284	0.07396
CCA	CCT	AT	2.47949	0.00365	0.00987	-2.47949	0.04355	0.00987
CCA	CCC	AC	1.16127	0.01701	0.02875	-1.16127	0.05433	0.02875
CCG	TCG	CT	-1.78085	0.02188	0.00789	1.78085	0.00369	0.00789
CCG	CTG	CT	4.78582	0.02188	0.10558	-4.78582	2.62084	0.10558
CCG	CCT	GT	1.60778	0.00344	0.00692	-1.60778	0.01718	0.00692
CCG	CCC	GC	0.28956	0.01604	0.01848	-0.28956	0.02143	0.01848
CCG	CCA	GA	-0.87171	0.04550	0.02851	0.87171	0.01903	0.02851
CAT	TAT	CT	2.20783	0.04322	0.10721	-2.20783	0.39315	0.10721
CAT	CTT	AT	0.01443	0.00680	0.00685	-0.01443	0.00690	0.00685
CAT	CCT	AC	0.31758	0.03170	0.03700	-0.31758	0.04355	0.03700
CAC	TAC	CT	2.88287	0.04718	0.14407	-2.88287	0.84282	0.14407
CAC	CTC	AT	1.24867	0.00742	0.01300	-1.24867	0.02587	0.01300
CAC	CCC	AC	0.45122	0.03460	0.04299	-0.45122	0.05433	0.04299
CAC	CAT	CT	1.45186	0.04718	0.08943	-1.45186	0.20149	0.08943
CAA	CTA	AT	1.01235	0.01231	0.01958	-1.01235	0.03389	0.01958
CAA	CCA	AC	-2.02350	0.05741	0.01769	2.02350	0.00759	0.01769
CAA	CAT	AT	0.13840	0.01231	0.01319	-0.13840	0.01414	0.01319
CAA	CAC	AC	-1.31346	0.05741	0.02773	1.31346	0.01544	0.02773
CAG	CTG	AT	2.73113	0.01198	0.03501	-2.73113	0.18395	0.03501
CAG	CCG	AC	-2.05470	0.05586	0.01687	2.05470	0.00716	0.01687
CAG	CAT	GT	-0.76450	0.01198	0.00798	0.76450	0.00558	0.00798
CAG	CAC	GC	-2.21636	0.05586	0.01515	2.21636	0.00609	0.01515
CAG	CAA	GA	-0.90291	0.15843	0.09752	0.90291	0.06422	0.09752
CGT	TGT	CT	-6.41837	0.02214	0.00023	6.41837	0.00000	0.00000
CGT	CTT	GT	-0.24664	0.00348	0.00307	0.24664	0.00272	0.00307
CGT	CCT	GC	0.05652	0.01624	0.01670	-0.05652	0.01718	0.01670
CGT	CAT	GA	-0.26107	0.04604	0.04029	0.26107	0.03546	0.04029
CGC	TGC	CT	1.53938	0.00000	0.00000	-1.53938	0.00000	0.00000
CGC	CTC	GT	9.03287	0.00000	0.00000	-9.03287	0.01021	0.00001
CGC	CCC	GC	8.23543	0.00000	0.00000	-8.23543	0.02143	0.00005
CGC	CAC	GA	7.78420	0.00000	0.00000	-7.78420	0.03871	0.00013
CGC	CGT	CT	9.49713	0.00000	0.00000	-9.49713	0.10320	0.00007
CGA	CTA	GT	1.34515	0.00348	0.00634	-1.34515	0.01337	0.00634
CGA	CCA	GC	-1.69071	0.01624	0.00621	1.69071	0.00299	0.00621
CGA	CAA	GA	0.33280	0.04604	0.05413	-0.33280	0.06422	0.05413
CGA	CGT	AT	0.73227	0.00348	0.00491	-0.73227	0.00724	0.00491
CGA	CGC	AC	-8.76486	0.01624	0.00002	8.76486	0.00000	0.00000
CGG	TGG	CT	2.97620	0.02161	0.06778	-2.97620	0.42391	0.06778
CGG	CTG	GT	3.06072	0.00340	0.01092	-3.06072	0.07257	0.01092
CGG	CCG	GC	-1.72510	0.01585	0.00593	1.72510	0.00282	0.00593
CGG	CAG	GA	0.32959	0.04495	0.05277	-0.32959	0.06250	0.05277
CGG	CGT	GT	-0.17384	0.00340	0.00311	0.17384	0.00286	0.00311
CGG	CGC	GC	-9.67097	0.01585	0.00001	9.67097	0.00000	0.00000
CGG	CGA	GA	-0.90611	0.04495	0.02762	0.90611	0.01816	0.02762
ATT	TTT	AT	0.55429	0.02670	0.03478	-0.55429	0.04648	0.03478
ATT	CTT	AC	-2.89278	0.12447	0.02113	2.89278	0.00690	0.02113
ATC	TTC	AT	1.08582	0.02923	0.04792	-1.08582	0.08658	0.04792
ATC	CTC	AC	-1.66152	0.13626	0.05306	1.66152	0.02587	0.05306
ATC	ATT	CT	1.44888	0.18580	0.35183	-1.44888	0.79122	0.35183
ATA	TTA	AT	1.59998	0.00402	0.00806	-1.59998	0.01992	0.00806
ATA	CTA	AC	0.59199	0.01875	0.02484	-0.59199	0.03389	0.02484
ATA	ATT	AT	2.62526	0.00402	0.01138	-2.62526	0.05553	0.01138
ATA	ATC	AC	1.17638	0.01875	0.03189	-1.17638	0.06079	0.03189
ATG	TTG	AT	-3.36540	0.02496	0.00301	3.36540	0.00086	0.00301
ATG	CTG	AC	0.45792	0.11637	0.14504	-0.45792	0.18395	0.14504
ATG	ATT	GT	-0.13050	0.02496	0.02337	0.13050	0.02191	0.02337
ATG	ATC	GC	-1.57938	0.11637	0.04771	1.57938	0.02398	0.04771
ATG	ATA	GA	-2.75576	0.33001	0.06173	2.75576	0.02098	0.06173
ACT	TCT	AT	0.60822	0.00995	0.01328	-0.60822	0.01828	0.01328
ACT	CCT	AC	-0.06319	0.04639	0.04494	0.06319	0.04355	0.04494
ACT	ATT	CT	2.52644	0.06325	0.17369	-2.52644	0.79122	0.17369
ACC	TCC	AT	-1.49298	0.01650	0.00714	1.49298	0.00371	0.00714
ACC	CCC	AC	-0.34784	0.07693	0.06432	0.34784	0.05433	0.06432
ACC	ATC	CT	2.11113	0.10489	0.25196	-2.11113	0.86616	0.25196
ACC	ACT	CT	1.03357	0.10489	0.16828	-1.03357	0.29486	0.16828
ACA	TCA	AT	1.35835	0.00767	0.01402	-1.35835	0.02984	0.01402
ACA	CCA	AC	-1.55013	0.03576	0.01493	1.55013	0.00759	0.01493
ACA	ATA	CT	0.89373	0.04876	0.07375	-0.89373	0.11917	0.07375
ACA	ACT	AT	0.99255	0.00767	0.01210	-0.99255	0.02070	0.01210
ACA	ACC	AC	-0.04101	0.03576	0.03503	0.04101	0.03432	0.03503
ACG	TCG	AT	-2.87865	0.00460	0.00079	2.87865	0.00026	0.00079
ACG	CCG	AC	-1.09780	0.02146	0.01179	1.09780	0.00716	0.01179
ACG	ATG	CT	3.23011	0.02926	0.09839	-3.23011	0.73968	0.09839
ACG	ACT	GT	0.57317	0.00460	0.00605	-0.57317	0.00816	0.00605
ACG	ACC	GC	-0.46040	0.02146	0.01689	0.46040	0.01354	0.01689
ACG	ACA	GA	-0.41939	0.06085	0.04898	0.41939	0.04000	0.04898
AAT	TAT	AT	0.39134	0.01866	0.02255	-0.39134	0.02759	0.02255
AAT	CAT	AC	-1.81649	0.08698	0.03068	1.81649	0.01414	0.03068
AAT	ATT	AT	1.09072	0.01866	0.03065	-1.09072	0.05553	0.03065
AAT	ACT	AC	-1.43572	0.08698	0.03899	1.43572	0.02070	0.03899
AAC	TAC	AT	0.87123	0.02475	0.03708	-0.87123	0.05916	0.03708
AAC	CAC	AC	-2.01164	0.11539	0.03585	2.01164	0.01544	0.03585
AAC	ATC	AT	0.89855	0.02475	0.03752	-0.89855	0.06079	0.03752
AAC	ACC	AC	-1.21257	0.11539	0.05923	1.21257	0.03432	0.05923
AAC	AAT	CT	1.25671	0.15734	0.27639	-1.25671	0.55287	0.27639
AAA	CAA	AC	-0.95982	0.06688	0.03984	0.95982	0.02561	0.03984
AAA	ATA	AT	-0.53946	0.01435	0.01082	0.53946	0.00836	0.01082
AAA	ACA	AC	-1.43319	0.06688	0.03003	1.43319	0.01595	0.03003
AAA	AAT	AT	0.99508	0.01435	0.02265	-0.99508	0.03880	0.02265
AAA	AAC	AC	-0.26163	0.06688	0.05851	0.26163	0.05148	0.05851
AAG	CAG	AC	-2.39274	0.27275	0.06563	2.39274	0.02492	0.06563
AAG	ATG	AT	-0.11953	0.05851	0.05508	0.11953	0.05192	0.05508
AAG	ACG	AC	-3.34963	0.27275	0.03323	3.34963	0.00957	0.03323
AAG	AAT	GT	-1.34075	0.05851	0.02780	1.34075	0.01531	0.02780
AAG	AAC	GC	-2.59746	0.27275	0.05700	2.59746	0.02031	0.05700
AAG	AAA	GA	-2.33583	0.77349	0.19348	2.33583	0.07482	0.19348
AGT	TGT	AT	-7.58215	0.00498	0.00002	7.58215	0.00000	0.00000
AGT	CGT	AC	-1.16378	0.02319	0.01226	1.16378	0.00724	0.01226
AGT	ATT	GT	1.48236	0.00498	0.00954	-1.48236	0.02191	0.00954
AGT	ACT	GC	-1.04408	0.02319	0.01316	1.04408	0.00816	0.01316
AGT	AAT	GA	0.39164	0.06578	0.07949	-0.39164	0.09731	0.07949
AGC	TGC	AT	-9.02120	0.02098	0.00002	9.02120	0.00000	0.00000
AGC	CGC	AC	-10.56058	0.09780	0.00003	10.56058	0.00000	0.00000
AGC	ATC	GT	0.13382	0.02098	0.02241	-0.13382	0.02398	0.02241
AGC	ACC	GC	-1.97731	0.09780	0.03107	1.97731	0.01354	0.03107
AGC	AAC	GA	-0.76474	0.27736	0.18469	0.76474	0.12910	0.18469
AGC	AGT	CT	0.10033	0.13336	0.14016	-0.10033	0.14743	0.14016
AGA	CGA	AC	-1.77897	0.04291	0.01550	1.77897	0.00724	0.01550
AGA	ATA	GT	-1.02581	0.00920	0.00528	1.02581	0.00330	0.00528
AGA	ACA	GC	-1.91955	0.04291	0.01416	1.91955	0.00629	0.01416
AGA	AAA	GA	-0.48635	0.12169	0.09448	0.48635	0.07482	0.09448
AGA	AGT	AT	0.11708	0.00920	0.00975	-0.11708	0.01035	0.00975
AGA	AGC	AC	0.01675	0.04291	0.04327	-0.01675	0.04363	0.04327
AGG	TGG	AT	1.06643	0.01024	0.01666	-1.06643	0.02975	0.01666
AGG	CGG	AC	-1.90978	0.04775	0.01585	1.90978	0.00707	0.01585
AGG	ATG	GT	0.69302	0.01024	0.01420	-0.69302	0.02048	0.01420
AGG	ACG	GC	-2.53708	0.04775	0.01040	2.53708	0.00378	0.01040
AGG	AAG	GA	0.81255	0.13540	0.19778	-0.81255	0.30515	0.19778
AGG	AGT	GT	-0.91984	0.01024	0.00624	0.91984	0.00408	0.00624
AGG	AGC	GC	-1.02017	0.04775	0.02746	1.02017	0.01721	0.02746
AGG	AGA	GA	-1.03692	0.13540	0.07712	1.03692	0.04801	0.07712
GTT	TTT	GT	0.91009	0.00738	0.01124	-0.91009	0.01834	0.01124
GTT	CTT	GC	-2.53698	0.03440	0.00750	2.53698	0.00272	0.00750
GTT	ATT	GA	0.35580	0.09757	0.11595	-0.35580	0.13926	0.11595
GTC	TTC	GT	0.35260	0.02401	0.02849	-0.35260	0.03416	0.02849
GTC	CTC	GC	-2.39475	0.11191	0.02689	2.39475	0.01021	0.02689
GTC	ATC	GA	-0.73322	0.31737	0.21511	0.73322	0.15245	0.21511
GTC	GTT	CT	0.35986	0.15260	0.18170	-0.35986	0.21869	0.18170
GTA	TTA	GT	-0.35014	0.01115	0.00931	0.35014	0.00786	0.00931
GTA	CTA	GC	-1.35813	0.05199	0.02444	1.35813	0.01337	0.02444
GTA	ATA	GA	-1.95012	0.14745	0.04769	1.95012	0.02098	0.04769
GTA	GTT	AT	0.31934	0.01115	0.01303	-0.31934	0.01535	0.01303
GTA	GTC	AC	-0.04052	0.05199	0.05095	0.04052	0.04993	0.05095
GTG	TTG	GT	-4.97697	0.04934	0.00171	4.97697	0.00034	0.00171
GTG	CTG	GC	-1.15365	0.23003	0.12231	1.15365	0.07257	0.12231
GTG	ATG	GA	-1.61157	0.65234	0.26212	1.61157	0.13019	0.26212
GTG	GTT	GT	-2.09787	0.04934	0.01448	2.09787	0.00606	0.01448
GTG	GTC	GC	-2.45773	0.23003	0.05294	2.45773	0.01970	0.05294
GTG	GTA	GA	-2.41721	0.65234	0.15437	2.41721	0.05817	0.15437
GCT	TCT	GT	-0.93030	0.01828	0.01108	0.93030	0.00721	0.01108
GCT	CCT	GC	-1.60171	0.08524	0.03446	1.60171	0.01718	0.03446
GCT	ACT	GA	-1.53852	0.24173	0.10168	1.53852	0.05190	0.10168
GCT	GTT	CT	0.63212	0.11623	0.15680	-0.63212	0.21869	0.15680
GCC	TCC	GT	-2.97768	0.02873	0.00459	2.97768	0.00146	0.00459
GCC	CCC	GC	-1.83254	0.13395	0.04676	1.83254	0.02143	0.04676
GCC	ACC	GA	-1.48469	0.37986	0.16521	1.48469	0.08606	0.16521
GCC	GTC	CT	1.35965	0.18264	0.33411	-1.35965	0.71136	0.33411
GCC	GCT	CT	1.08739	0.18264	0.29959	-1.08739	0.54181	0.29959
GCA	TCA	GT	-0.85868	0.02778	0.01754	0.85868	0.01177	0.01754
GCA	CCA	GC	-3.76717	0.12950	0.01154	3.76717	0.00299	0.01154
GCA	ACA	GA	-2.21704	0.36725	0.09953	2.21704	0.04000	0.09953
GCA	GTA	CT	0.62681	0.17658	0.23766	-0.62681	0.33049	0.23766
GCA	GCT	AT	0.31404	0.02778	0.03237	-0.31404	0.03803	0.03237
GCA	GCC	AC	-0.77336	0.12950	0.08582	0.77336	0.05976	0.08582
GCG	TCG	GT	-4.17441	0.00663	0.00043	4.17441	0.00010	0.00043
GCG	CCG	GC	-2.39356	0.03093	0.00744	2.39356	0.00282	0.00744
GCG	ACG	GA	-1.29576	0.08771	0.04283	1.29576	0.02401	0.04283
GCG	GTG	CT	3.54591	0.04217	0.15398	-3.54591	1.46217	0.15398
GCG	GCT	GT	0.81593	0.00663	0.00971	-0.81593	0.01500	0.00971
GCG	GCC	GC	-0.27146	0.03093	0.02692	0.27146	0.02358	0.02692
GCG	GCA	GA	0.50189	0.08771	0.11155	-0.50189	0.14488	0.11155
GAT	TAT	GT	-1.67945	0.05838	0.02247	1.67945	0.01089	0.02247
GAT	CAT	GC	-3.88728	0.27214	0.02214	3.88728	0.00558	0.02214
GAT	AAT	GA	-2.07079	0.77177	0.23058	2.07079	0.09731	0.23058
GAT	GTT	AT	-1.33587	0.05838	0.02782	1.33587	0.01535	0.02782
GAT	GCT	AC	-1.96799	0.27214	0.08700	1.96799	0.03803	0.08700
GAC	TAC	GT	-1.25377	0.08176	0.04095	1.25377	0.02334	0.04095
GAC	CAC	GC	-4.13664	0.38115	0.02560	4.13664	0.00609	0.02560
GAC	AAC	GA	-2.12500	1.08092	0.31154	2.12500	0.12910	0.31154
GAC	GTC	AT	-0.49323	0.08176	0.06325	0.49323	0.04993	0.06325
GAC	GCC	AC	-1.85288	0.38115	0.13131	1.85288	0.05976	0.13131
GAC	GAT	CT	1.20250	0.51972	0.89337	-1.20250	1.72986	0.89337
GAA	CAA	GC	-2.98468	0.19985	0.03176	2.98468	0.01010	0.03176
GAA	AAA	GA	-2.02487	0.56677	0.17454	2.02487	0.07482	0.17454
GAA	GTA	AT	-0.61421	0.04287	0.03104	0.61421	0.02320	0.03104
GAA	GCA	AC	-1.24102	0.19985	0.10086	1.24102	0.05778	0.10086
GAA	GAT	AT	1.04101	0.04287	0.06899	-1.04101	0.12142	0.06899
GAA	GAC	AC	-0.16150	0.19985	0.18415	0.16150	0.17005	0.18415
GAG	CAG	GC	-4.19673	0.65355	0.04189	4.19673	0.00983	0.04189
GAG	AAG	GA	-1.80399	1.85341	0.65898	1.80399	0.30515	0.65898
GAG	GTG	AT	-0.31195	0.14020	0.11946	0.31195	0.10263	0.11946
GAG	GCG	AC	-3.85786	0.65355	0.05438	3.85786	0.01380	0.05438
GAG	GAT	GT	-1.07394	0.14020	0.07814	1.07394	0.04790	0.07814
GAG	GAC	GC	-2.27644	0.65355	0.17019	2.27644	0.06709	0.17019
GAG	GAA	GA	-2.11495	1.85341	0.53777	2.11495	0.22360	0.53777
GGT	TGT	GT	-9.24624	0.01037	0.00001	9.24624	0.00000	0.00000
GGT	CGT	GC	-2.82787	0.04832	0.00859	2.82787	0.00286	0.00859
GGT	AGT	GA	-1.66408	0.13703	0.05327	1.66408	0.02595	0.05327
GGT	GTT	GT	-0.53752	0.01037	0.00783	0.53752	0.00606	0.00783
GGT	GCT	GC	-1.16964	0.04832	0.02545	1.16964	0.01500	0.02545
GGT	GAT	GA	0.79835	0.13703	0.19894	-0.79835	0.30447	0.19894
GGC	TGC	GT	-9.90479	0.02003	0.00001	9.90479	0.00000	0.00000
GGC	CGC	GC	-11.44417	0.09336	0.00001	11.44417	0.00000	0.00000
GGC	AGC	GA	-0.88360	0.26475	0.16479	0.88360	0.10942	0.16479
GGC	GTC	GT	-0.01656	0.02003	0.01986	0.01656	0.01970	0.01986
GGC	GCC	GC	-1.37621	0.09336	0.04341	1.37621	0.02358	0.04341
GGC	GAC	GA	0.47667	0.26475	0.33284	-0.47667	0.42643	0.33284
GGC	GGT	CT	0.88082	0.12730	0.19148	-0.88082	0.30715	0.19148
GGA	CGA	GC	-2.67238	0.04136	0.00820	2.67238	0.00286	0.00820
GGA	AGA	GA	-0.89341	0.11730	0.07260	0.89341	0.04801	0.07260
GGA	GTA	GT	0.03089	0.00887	0.00901	-0.03089	0.00915	0.00901
GGA	GCA	GC	-0.59592	0.04136	0.03026	0.59592	0.02279	0.03026
GGA	GAA	GA	0.64510	0.11730	0.15918	-0.64510	0.22360	0.15918
GGA	GGT	AT	0.88775	0.00887	0.01339	-0.88775	0.02156	0.01339
GGA	GGC	AC	0.00693	0.04136	0.04151	-0.00693	0.04165	0.04151
GGG	TGG	GT	-0.48770	0.01912	0.01483	0.48770	0.01174	0.01483
GGG	CGG	GC	-3.46390	0.08911	0.00998	3.46390	0.00279	0.00998
GGG	AGG	GA	-1.55413	0.25271	0.10527	1.55413	0.05342	0.10527
GGG	GTG	GT	0.75046	0.01912	0.02718	-0.75046	0.04049	0.02718
GGG	GCG	GC	-2.79545	0.08911	0.01621	2.79545	0.00544	0.01621
GGG	GAG	GA	1.06241	0.25271	0.41029	-1.06241	0.73119	0.41029
GGG	GGT	GT	-0.80988	0.01912	0.01241	0.80988	0.00850	0.01241
GGG	GGC	GC	-1.69070	0.08911	0.03406	1.69070	0.01643	0.03406
GGG	GGA	GA	-1.69763	0.25271	0.09617	1.69763	0.04628	0.09617


Histograms
2Ns	FMut	FSub(CodonUsage)	FSubw(after w)

-10.89921	0.00410	0.00000
-9.80929	0.00327	0.00000
-8.71937	0.00472	0.00001
-7.62945	0.00081	0.00001
-6.53953	0.00141	0.00002
-5.44961	0.00081	0.00005
-4.35968	0.10281	0.00985
-3.26976	0.14168	0.03534
-2.17984	0.25378	0.12428
-1.08992	0.26736	0.25396
0.00000	0.09035	0.15297
1.08992	0.09116	0.25396
2.17984	0.03003	0.12428
3.26976	0.00638	0.03534
4.35968	0.00131	0.00985
5.44961	0.00001	0.00005
6.53953	0.00000	0.00002
7.62945	0.00000	0.00000
8.71937	0.00000	0.00000
9.80929	0.00000	0.00000
10.89921	0.00000	0.00000

Proportion of advantageous (S > 0) mutations:
 0.16706

Proportions of good & bad mutations (|S| > 2.0000) among mutations:
0.02774  0.45243

mean |Ns| = 2.10106	mean Ns+ = 1.16313	mean Ns- = -2.28918


MLEs of dN/dS (w) for site classes (K=4)

site class             0        1       2a       2b
proportion       0.18710  0.03740  0.64633  0.12918
background w     0.08059  2.33138  0.08059  2.33138
foreground w     0.08059  2.33138  0.00000  0.00000

Naive Empirical Bayes (NEB) probabilities for 4 classes
(amino acids refer to 1st sequence: Bacu)

   1 M   0.21449 0.00748 0.74628 0.03175 ( 3)
   2 S   0.00001 0.18139 0.00004 0.81856 ( 4)
   3 A   0.21240 0.00979 0.73795 0.03986 ( 3)
   4 A   0.20913 0.01322 0.72569 0.05195 ( 3)
   5 D   0.06776 0.14346 0.23498 0.55381 ( 4)
   6 R   0.21798 0.00399 0.76001 0.01801 ( 3)
   7 M   0.00704 0.18471 0.02450 0.78374 ( 4)
   8 G   0.21607 0.00598 0.75217 0.02578 ( 3)
   9 A   0.21375 0.00839 0.74310 0.03476 ( 3)
  10 R   0.21417 0.00796 0.74470 0.03318 ( 3)
  11 A   0.08990 0.11776 0.31235 0.47999 ( 4)
  12 V   0.20579 0.01677 0.71340 0.06404 ( 3)
  13 P   0.20952 0.01280 0.72717 0.05050 ( 3)
  14 G   0.10582 0.10058 0.36813 0.42547 ( 4)
  15 L   0.00187 0.21679 0.00646 0.77488 ( 4)
  16 R   0.08309 0.91690 0.00000 0.00001 ( 2)
  17 L   0.19484 0.02870 0.67386 0.10260 ( 3)
  18 A   0.20913 0.01322 0.72569 0.05195 ( 3)
  19 L   0.19484 0.02870 0.67386 0.10260 ( 3)
  20 L   0.19553 0.02802 0.67627 0.10017 ( 3)
  21 L   0.10560 0.10196 0.36718 0.42526 ( 4)
  22 L   0.19287 0.80712 0.00001 0.00000 ( 2)
  23 L   0.19562 0.02794 0.67657 0.09987 ( 3)
  24 V   0.20579 0.01677 0.71340 0.06404 ( 3)
  25 L   0.20071 0.02225 0.69494 0.08211 ( 3)
  26 G   0.21607 0.00598 0.75217 0.02578 ( 3)
  27 T   0.21659 0.00544 0.75427 0.02370 ( 3)
  28 P   0.00674 0.16724 0.02355 0.80247 ( 4)
  29 K   0.00013 0.20701 0.00044 0.79242 ( 4)
  30 S   0.20971 0.01271 0.72768 0.04990 ( 3)
  31 G   0.21607 0.00598 0.75217 0.02577 ( 3)
  32 V   0.20579 0.01677 0.71340 0.06404 ( 3)
  33 Q   0.21048 0.01181 0.73070 0.04701 ( 3)
  34 G   0.11767 0.08735 0.40996 0.38502 ( 3)
  35 E   0.00277 0.20182 0.00961 0.78580 ( 4)
  36 D   0.06725 0.14405 0.23319 0.55551 ( 4)
  37 G   0.21607 0.00598 0.75217 0.02578 ( 3)
  38 L   0.19484 0.02870 0.67386 0.10260 ( 3)
  39 D   0.00306 0.20293 0.01061 0.78340 ( 4)
  40 F   0.20327 0.01947 0.70422 0.07304 ( 3)
  41 P   0.20952 0.01280 0.72717 0.05050 ( 3)
  42 E   0.20275 0.02004 0.70231 0.07490 ( 3)
  43 Y   0.20732 0.01514 0.71901 0.05853 ( 3)
  44 D   0.20455 0.01810 0.70886 0.06849 ( 3)
  45 G   0.21523 0.00686 0.74882 0.02910 ( 3)
  46 V   0.20579 0.01677 0.71340 0.06404 ( 3)
  47 D   0.20715 0.01533 0.71836 0.05917 ( 3)
  48 R   0.21274 0.00945 0.73921 0.03861 ( 3)
  49 V   0.20579 0.01677 0.71340 0.06404 ( 3)
  50 V   0.21531 0.00678 0.74914 0.02878 ( 3)
  51 N   0.21412 0.00801 0.74449 0.03338 ( 3)
  52 V   0.21531 0.00678 0.74914 0.02878 ( 3)
  53 N   0.21643 0.00561 0.75361 0.02435 ( 3)
  54 A   0.07349 0.13623 0.25501 0.53527 ( 4)
  55 K   0.20981 0.01251 0.72819 0.04949 ( 3)
  56 N   0.21643 0.00561 0.75361 0.02435 ( 3)
  57 Y   0.20164 0.02121 0.69834 0.07881 ( 3)
  58 K   0.20991 0.01242 0.72855 0.04912 ( 3)
  59 N   0.09997 0.10693 0.34760 0.44549 ( 4)
  60 V   0.20579 0.01677 0.71340 0.06404 ( 3)
  61 F   0.20327 0.01947 0.70422 0.07304 ( 3)
  62 K   0.20981 0.01251 0.72819 0.04949 ( 3)
  63 K   0.20981 0.01251 0.72819 0.04949 ( 3)
  64 Y   0.20187 0.02102 0.69911 0.07800 ( 3)
  65 E   0.20275 0.02004 0.70231 0.07490 ( 3)
  66 V   0.20579 0.01677 0.71340 0.06404 ( 3)
  67 L   0.19484 0.02870 0.67386 0.10260 ( 3)
  68 A   0.20961 0.01279 0.72735 0.05026 ( 3)
  69 L   0.19484 0.02870 0.67386 0.10260 ( 3)
  70 L   0.21952 0.00232 0.76703 0.01113 ( 3)
  71 Y   0.20164 0.02124 0.69832 0.07881 ( 3)
  72 H   0.21884 0.00307 0.76380 0.01429 ( 3)
  73 E   0.20888 0.01349 0.72476 0.05287 ( 3)
  74 H   0.00512 0.19762 0.01776 0.77950 ( 4)
  75 P   0.20956 0.01277 0.72730 0.05037 ( 3)
  76 E   0.05561 0.15875 0.19263 0.59301 ( 4)
  77 D   0.00327 0.20273 0.01134 0.78265 ( 4)
  78 D   0.06846 0.14281 0.23740 0.55133 ( 4)
  79 K   0.20981 0.01251 0.72819 0.04949 ( 3)
  80 A   0.21375 0.00839 0.74310 0.03476 ( 3)
  81 S   0.20904 0.01332 0.72536 0.05228 ( 3)
  82 Q   0.20817 0.01424 0.72213 0.05546 ( 3)
  83 R   0.21417 0.00796 0.74470 0.03318 ( 3)
  84 Q   0.21048 0.01181 0.73070 0.04701 ( 3)
  85 F   0.20595 0.01660 0.71399 0.06346 ( 3)
  86 E   0.20500 0.01706 0.71124 0.06670 ( 3)
  87 M   0.21525 0.00684 0.74890 0.02902 ( 3)
  88 E   0.05557 0.15872 0.19248 0.59323 ( 4)
  89 E   0.20275 0.02004 0.70231 0.07490 ( 3)
  90 L   0.19484 0.02870 0.67386 0.10260 ( 3)
  91 I   0.21230 0.00991 0.73754 0.04026 ( 3)
  92 L   0.19484 0.02870 0.67386 0.10260 ( 3)
  93 E   0.20275 0.02004 0.70231 0.07490 ( 3)
  94 L   0.21328 0.00891 0.74121 0.03660 ( 3)
  95 A   0.20814 0.01430 0.72198 0.05558 ( 3)
  96 A   0.21282 0.00939 0.73947 0.03833 ( 3)
  97 Q   0.20717 0.01533 0.71840 0.05910 ( 3)
  98 V   0.21444 0.00771 0.74568 0.03218 ( 3)
  99 L   0.20018 0.02288 0.69298 0.08397 ( 3)
 100 E   0.20789 0.01456 0.72107 0.05647 ( 3)
 101 D   0.06430 0.14772 0.22292 0.56507 ( 4)
 102 K   0.20882 0.01358 0.72448 0.05312 ( 3)
 103 G   0.21436 0.00779 0.74535 0.03250 ( 3)
 104 V   0.21888 0.00306 0.76388 0.01419 ( 3)
 105 G   0.21419 0.00796 0.74472 0.03313 ( 3)
 106 F   0.20239 0.02044 0.70100 0.07616 ( 3)
 107 G   0.21525 0.00687 0.74883 0.02905 ( 3)
 108 M   0.21437 0.00777 0.74543 0.03243 ( 3)
 109 V   0.20485 0.01780 0.70992 0.06743 ( 3)
 110 D   0.20618 0.01638 0.71477 0.06267 ( 3)
 111 S   0.21973 0.00119 0.77233 0.00675 ( 3)
 112 E   0.20186 0.02088 0.69929 0.07796 ( 3)
 113 K   0.20886 0.01354 0.72463 0.05297 ( 3)
 114 D   0.06416 0.14784 0.22243 0.56556 ( 4)
 115 T   0.01282 0.16876 0.04472 0.77370 ( 4)
 116 V   0.09799 0.11200 0.34028 0.44974 ( 4)
 117 V   0.10981 0.09629 0.38217 0.41173 ( 4)
 118 A   0.09001 0.11750 0.31277 0.47972 ( 4)
 119 K   0.20882 0.01358 0.72448 0.05312 ( 3)
 120 K   0.21504 0.00708 0.74803 0.02985 ( 3)
 121 L   0.19985 0.02319 0.69185 0.08511 ( 3)
 122 G   0.21551 0.00658 0.74991 0.02800 ( 3)
 123 L   0.20071 0.02225 0.69493 0.08211 ( 3)
 124 T   0.12022 0.08263 0.41934 0.37781 ( 3)
 125 E   0.20888 0.01349 0.72476 0.05287 ( 3)
 126 E   0.20275 0.02004 0.70231 0.07490 ( 3)
 127 D   0.20715 0.01533 0.71836 0.05917 ( 3)
 128 S   0.21233 0.00987 0.73768 0.04012 ( 3)
 129 I   0.20704 0.01544 0.71796 0.05956 ( 3)
 130 Y   0.20447 0.01828 0.70846 0.06879 ( 3)
 131 V   0.12220 0.08440 0.42557 0.36784 ( 3)
 132 F   0.20327 0.01947 0.70421 0.07304 ( 3)
 133 K   0.20981 0.01251 0.72819 0.04949 ( 3)
 134 E   0.08636 0.11833 0.30032 0.49500 ( 4)
 135 D   0.20451 0.01814 0.70873 0.06862 ( 3)
 136 E   0.20888 0.01349 0.72476 0.05287 ( 3)
 137 V   0.21531 0.00678 0.74914 0.02878 ( 3)
 138 I   0.20704 0.01544 0.71796 0.05956 ( 3)
 139 E   0.20275 0.02004 0.70231 0.07490 ( 3)
 140 Y   0.20735 0.01527 0.71887 0.05852 ( 3)
 141 D   0.20543 0.01707 0.71218 0.06533 ( 3)
 142 G   0.21514 0.00713 0.74803 0.02970 ( 3)
 143 E   0.20275 0.02016 0.70219 0.07489 ( 3)
 144 F   0.20575 0.01693 0.71309 0.06423 ( 3)
 145 S   0.21949 0.00257 0.76603 0.01191 ( 3)
 146 A   0.21245 0.00992 0.73778 0.03985 ( 3)
 147 D   0.20717 0.01546 0.71822 0.05916 ( 3)
 148 T   0.21759 0.00459 0.75778 0.02004 ( 3)
 149 L   0.19484 0.02878 0.67380 0.10259 ( 3)
 150 V   0.20581 0.01690 0.71326 0.06403 ( 3)
 151 E   0.20275 0.02016 0.70219 0.07489 ( 3)
 152 F   0.20597 0.01673 0.71385 0.06345 ( 3)
 153 L   0.19484 0.02878 0.67380 0.10259 ( 3)
 154 L   0.22097 0.00054 0.77554 0.00295 ( 3)
 155 D   0.20453 0.01827 0.70860 0.06861 ( 3)
 156 V   0.21531 0.00678 0.74914 0.02878 ( 3)
 157 L   0.20033 0.02266 0.69358 0.08342 ( 3)
 158 E   0.05851 0.15595 0.20267 0.58287 ( 4)
 159 D   0.20715 0.01533 0.71836 0.05917 ( 3)
 160 P   0.21092 0.01134 0.73238 0.04536 ( 3)
 161 V   0.20579 0.01677 0.71340 0.06404 ( 3)
 162 E   0.20888 0.01349 0.72476 0.05287 ( 3)
 163 F   0.20535 0.01715 0.71192 0.06558 ( 3)
 164 I   0.20708 0.01540 0.71811 0.05941 ( 3)
 165 D   0.05573 0.15857 0.19304 0.59266 ( 4)
 166 G   0.21523 0.00686 0.74882 0.02910 ( 3)
 167 E   0.20888 0.01349 0.72476 0.05287 ( 3)
 168 R   0.03544 0.16709 0.12309 0.67439 ( 4)
 169 E   0.20275 0.02004 0.70231 0.07490 ( 3)
 170 L   0.19484 0.02870 0.67386 0.10260 ( 3)
 171 Q   0.21048 0.01181 0.73070 0.04701 ( 3)
 172 A   0.20939 0.01299 0.72658 0.05104 ( 3)
 173 F   0.20594 0.01660 0.71396 0.06350 ( 3)
 174 E   0.20275 0.02004 0.70231 0.07490 ( 3)
 175 N   0.21412 0.00801 0.74449 0.03338 ( 3)
 176 I   0.21250 0.00967 0.73836 0.03946 ( 3)
 177 E   0.20884 0.01353 0.72462 0.05302 ( 3)
 178 D   0.20451 0.01814 0.70873 0.06862 ( 3)
 179 E   0.20275 0.02004 0.70231 0.07490 ( 3)
 180 N   0.21643 0.00561 0.75361 0.02435 ( 3)
 181 K   0.21588 0.00618 0.75140 0.02654 ( 3)
 182 L   0.21952 0.00232 0.76703 0.01113 ( 3)
 183 I   0.20713 0.01536 0.71828 0.05923 ( 3)
 184 G   0.21507 0.00702 0.74820 0.02970 ( 3)
 185 Y   0.20164 0.02124 0.69832 0.07881 ( 3)
 186 F   0.20327 0.01947 0.70422 0.07304 ( 3)
 187 K   0.20981 0.01251 0.72819 0.04949 ( 3)
 188 S   0.21233 0.00987 0.73768 0.04012 ( 3)
 189 K   0.21588 0.00618 0.75140 0.02654 ( 3)
 190 D   0.20715 0.01533 0.71836 0.05917 ( 3)
 191 S   0.20904 0.01332 0.72536 0.05228 ( 3)
 192 E   0.20275 0.02004 0.70231 0.07490 ( 3)
 193 H   0.21682 0.00592 0.75323 0.02403 ( 3)
 194 Y   0.19944 0.02405 0.68996 0.08655 ( 3)
 195 K   0.21361 0.00921 0.74112 0.03605 ( 3)
 196 A   0.21121 0.01169 0.73228 0.04482 ( 3)
 197 Y   0.00210 0.21537 0.00728 0.77524 ( 4)
 198 E   0.20043 0.02299 0.69349 0.08308 ( 3)
 199 D   0.05983 0.15656 0.20714 0.57646 ( 4)
 200 A   0.20667 0.01643 0.71577 0.06113 ( 3)
 201 A   0.21766 0.00508 0.75641 0.02084 ( 3)
 202 E   0.20058 0.02284 0.69401 0.08256 ( 3)
 203 E   0.20058 0.02284 0.69401 0.08256 ( 3)
 204 F   0.20355 0.01970 0.70459 0.07216 ( 3)
 205 H   0.21698 0.00578 0.75379 0.02345 ( 3)
 206 P   0.20706 0.01602 0.71721 0.05972 ( 3)
 207 Y   0.19958 0.02391 0.69045 0.08606 ( 3)
 208 I   0.21019 0.01277 0.72851 0.04854 ( 3)
 209 P   0.20701 0.01606 0.71704 0.05989 ( 3)
 210 F   0.20106 0.02234 0.69571 0.08089 ( 3)
 211 F   0.20107 0.02233 0.69573 0.08087 ( 3)
 212 A   0.21141 0.01151 0.73295 0.04413 ( 3)
 213 T   0.21574 0.00703 0.74910 0.02813 ( 3)
 214 F   0.05194 0.16625 0.17971 0.60211 ( 4)
 215 D   0.20470 0.01849 0.70871 0.06810 ( 3)
 216 S   0.20989 0.01307 0.72744 0.04959 ( 3)
 217 K   0.20731 0.01577 0.71808 0.05885 ( 3)
 218 V   0.20469 0.01795 0.70937 0.06800 ( 3)
 219 A   0.20797 0.01444 0.72141 0.05618 ( 3)
 220 K   0.20864 0.01373 0.72388 0.05374 ( 3)
 221 K   0.20872 0.01367 0.72414 0.05348 ( 3)
 222 L   0.19426 0.02934 0.67181 0.10459 ( 3)
 223 T   0.21663 0.00539 0.75444 0.02354 ( 3)
 224 L   0.19426 0.02934 0.67181 0.10459 ( 3)
 225 K   0.20864 0.01373 0.72388 0.05374 ( 3)
 226 L   0.19426 0.02934 0.67181 0.10459 ( 3)
 227 N   0.21552 0.00659 0.74990 0.02799 ( 3)
 228 E   0.20227 0.02062 0.70050 0.07661 ( 3)
 229 I   0.21196 0.01032 0.73614 0.04158 ( 3)
 230 D   0.20403 0.01873 0.70687 0.07037 ( 3)
 231 F   0.20278 0.02007 0.70237 0.07478 ( 3)
 232 Y   0.20118 0.02179 0.69659 0.08043 ( 3)
 233 E   0.20227 0.02062 0.70050 0.07661 ( 3)
 234 A   0.21326 0.00899 0.74102 0.03673 ( 3)
 235 F   0.20278 0.02007 0.70237 0.07478 ( 3)
 236 T   0.00008 0.19314 0.00027 0.80651 ( 4)
 237 E   0.07109 0.13979 0.24656 0.54256 ( 4)
 238 E   0.20227 0.02062 0.70050 0.07661 ( 3)
 239 P   0.21039 0.01198 0.73026 0.04737 ( 3)
 240 V   0.20527 0.01740 0.71139 0.06594 ( 3)
 241 T   0.21714 0.00497 0.75622 0.02167 ( 3)
 242 I   0.21210 0.01020 0.73663 0.04107 ( 3)
 243 P   0.21930 0.00268 0.76552 0.01250 ( 3)
 244 D   0.20652 0.01605 0.71598 0.06144 ( 3)
 245 K   0.20927 0.01316 0.72606 0.05151 ( 3)
 246 P   0.20898 0.01346 0.72503 0.05253 ( 3)
 247 N   0.21385 0.00837 0.74328 0.03449 ( 3)
 248 S   0.21227 0.01009 0.73714 0.04050 ( 3)
 249 E   0.20834 0.01414 0.72264 0.05488 ( 3)
 250 E   0.20227 0.02062 0.70050 0.07661 ( 3)
 251 E   0.20227 0.02062 0.70050 0.07661 ( 3)
 252 I   0.20650 0.01609 0.71590 0.06152 ( 3)
 253 V   0.21486 0.00733 0.74715 0.03066 ( 3)
 254 S   0.00000 0.19450 0.00000 0.80550 ( 4)
 255 F   0.20279 0.02006 0.70241 0.07474 ( 3)
 256 V   0.20527 0.01740 0.71139 0.06594 ( 3)
 257 E   0.20227 0.02062 0.70050 0.07661 ( 3)
 258 E   0.05501 0.16003 0.19050 0.59446 ( 4)
 259 H   0.21859 0.00345 0.76231 0.01566 ( 3)
 260 R   0.21766 0.00443 0.75835 0.01957 ( 3)
 261 R   0.21045 0.01363 0.72764 0.04828 ( 3)
 262 S   0.20599 0.01797 0.71228 0.06376 ( 3)
 263 T   0.21511 0.00870 0.74448 0.03171 ( 3)
 264 L   0.19314 0.03114 0.66738 0.10834 ( 3)
 265 R   0.21580 0.00801 0.74693 0.02927 ( 3)
 266 K   0.21246 0.01136 0.73509 0.04109 ( 3)
 267 L   0.19314 0.03114 0.66738 0.10834 ( 3)
 268 K   0.20635 0.01759 0.71353 0.06253 ( 3)
 269 P   0.20749 0.01643 0.71755 0.05854 ( 3)
 270 E   0.19977 0.02431 0.69052 0.08539 ( 3)
 271 S   0.21580 0.00801 0.74694 0.02925 ( 3)
 272 M   0.21224 0.01161 0.73427 0.04188 ( 3)
 273 Y   0.20383 0.02016 0.70470 0.07131 ( 3)
 274 E   0.19977 0.02431 0.69052 0.08539 ( 3)
 275 T   0.21511 0.00870 0.74448 0.03171 ( 3)
 276 W   0.19580 0.02840 0.67663 0.09917 ( 3)
 277 E   0.19956 0.02410 0.69020 0.08613 ( 3)
 278 D   0.20334 0.02013 0.70360 0.07294 ( 3)
 279 D   0.05180 0.16746 0.17920 0.60154 ( 4)
 280 L   0.19304 0.03102 0.66720 0.10874 ( 3)
 281 D   0.20111 0.02248 0.69568 0.08074 ( 3)
 282 G   0.21322 0.00992 0.73907 0.03779 ( 3)
 283 I   0.20889 0.01437 0.72341 0.05333 ( 3)
 284 H   0.21598 0.00710 0.74925 0.02767 ( 3)
 285 I   0.20339 0.02008 0.70377 0.07275 ( 3)
 286 V   0.20225 0.02127 0.69974 0.07673 ( 3)
 287 A   0.21012 0.01310 0.72783 0.04895 ( 3)
 288 F   0.20240 0.02112 0.70025 0.07623 ( 3)
 289 A   0.20537 0.01802 0.71081 0.06580 ( 3)
 290 E   0.19956 0.02410 0.69020 0.08613 ( 3)
 291 E   0.20513 0.01827 0.70998 0.06662 ( 3)
 292 A   0.00013 0.20410 0.00046 0.79530 ( 4)
 293 D   0.20111 0.02248 0.69568 0.08074 ( 3)
 294 P   0.20714 0.01618 0.71713 0.05955 ( 3)
 295 D   0.20066 0.02291 0.69412 0.08231 ( 3)
 296 G   0.21455 0.00747 0.74638 0.03160 ( 3)
 297 Y   0.20677 0.01565 0.71708 0.06050 ( 3)
 298 E   0.20226 0.02050 0.70062 0.07662 ( 3)
 299 F   0.20277 0.01994 0.70249 0.07480 ( 3)
 300 L   0.21365 0.00840 0.74291 0.03504 ( 3)
 301 E   0.20226 0.02050 0.70062 0.07662 ( 3)
 302 I   0.20648 0.01595 0.71604 0.06153 ( 3)
 303 L   0.21919 0.00257 0.76589 0.01234 ( 3)
 304 K   0.20924 0.01303 0.72621 0.05152 ( 3)
 305 S   0.00000 0.19723 0.00000 0.80277 ( 4)
 306 V   0.20525 0.01727 0.71153 0.06595 ( 3)
 307 A   0.21320 0.00887 0.74119 0.03674 ( 3)
 308 Q   0.06862 0.14169 0.23802 0.55167 ( 4)
 309 D   0.20399 0.01862 0.70693 0.07045 ( 3)
 310 N   0.21597 0.00607 0.75183 0.02613 ( 3)
 311 T   0.21798 0.00388 0.76039 0.01775 ( 3)
 312 E   0.07116 0.13861 0.24692 0.54331 ( 4)
 313 N   0.21420 0.00794 0.74480 0.03306 ( 3)
 314 P   0.21031 0.01188 0.73026 0.04754 ( 3)
 315 D   0.20659 0.01584 0.71644 0.06114 ( 3)
 316 L   0.19456 0.02898 0.67290 0.10357 ( 3)
 317 S   0.21177 0.01036 0.73572 0.04215 ( 3)
 318 I   0.08781 0.11948 0.30511 0.48760 ( 4)
 319 V   0.08762 0.11964 0.30446 0.48827 ( 4)
 320 W   0.19770 0.02548 0.68418 0.09263 ( 3)
 321 I   0.20646 0.01581 0.71619 0.06154 ( 3)
 322 D   0.20659 0.01584 0.71644 0.06114 ( 3)
 323 P   0.21035 0.01184 0.73042 0.04739 ( 3)
 324 D   0.20399 0.01862 0.70693 0.07045 ( 3)
 325 D   0.20659 0.01584 0.71644 0.06114 ( 3)
 326 F   0.20277 0.01994 0.70249 0.07480 ( 3)
 327 P   0.20895 0.01332 0.72519 0.05254 ( 3)
 328 L   0.19456 0.02898 0.67290 0.10357 ( 3)
 329 L   0.19056 0.03332 0.65874 0.11738 ( 3)
 330 V   0.20965 0.01192 0.72890 0.04953 ( 3)
 331 P   0.21217 0.00924 0.73865 0.03994 ( 3)
 332 Y   0.19404 0.02928 0.67127 0.10541 ( 3)
 333 W   0.19215 0.03146 0.66448 0.11191 ( 3)
 334 E   0.19466 0.02857 0.67351 0.10327 ( 3)
 335 K   0.19918 0.02342 0.68994 0.08746 ( 3)
 336 T   0.20924 0.01236 0.72732 0.05108 ( 3)
 337 F   0.19651 0.02643 0.68022 0.09684 ( 3)
 338 N   0.20520 0.01674 0.71211 0.06595 ( 3)
 339 I   0.20140 0.02093 0.69807 0.07960 ( 3)
 340 D   0.19734 0.02550 0.68322 0.09394 ( 3)
 341 L   0.19056 0.03332 0.65874 0.11738 ( 3)
 342 S   0.19863 0.02404 0.68792 0.08942 ( 3)
 343 A   0.20241 0.01980 0.70179 0.07600 ( 3)
 344 P   0.21217 0.00924 0.73865 0.03994 ( 3)
 345 Q   0.19860 0.02387 0.68801 0.08951 ( 3)
 346 I   0.21309 0.00827 0.74228 0.03636 ( 3)
 347 G   0.20516 0.01678 0.71197 0.06609 ( 3)
 348 V   0.20394 0.01811 0.70745 0.07050 ( 3)
 349 V   0.20394 0.01811 0.70745 0.07050 ( 3)
 350 N   0.20275 0.01943 0.70305 0.07477 ( 3)
 351 V   0.20965 0.01192 0.72890 0.04953 ( 3)
 352 T   0.20788 0.01383 0.72215 0.05615 ( 3)
 353 D   0.19569 0.02738 0.67724 0.09969 ( 3)
 354 A   0.21893 0.00298 0.76420 0.01390 ( 3)
 355 D   0.20715 0.01533 0.71836 0.05917 ( 3)
 356 S   0.21233 0.00987 0.73768 0.04012 ( 3)
 357 I   0.02684 0.15231 0.09375 0.72710 ( 4)
 358 W   0.19808 0.02512 0.68549 0.09131 ( 3)
 359 M   0.21525 0.00684 0.74890 0.02902 ( 3)
 360 D   0.05785 0.15657 0.20039 0.58519 ( 4)
 361 M   0.21525 0.00684 0.74890 0.02902 ( 3)
 362 D   0.20451 0.01814 0.70873 0.06862 ( 3)
 363 D   0.20451 0.01814 0.70873 0.06862 ( 3)
 364 E   0.20886 0.01351 0.72469 0.05294 ( 3)
 365 E   0.20275 0.02004 0.70231 0.07490 ( 3)
 366 D   0.20715 0.01533 0.71836 0.05917 ( 3)
 367 L   0.19484 0.02870 0.67386 0.10260 ( 3)
 368 P   0.21093 0.01133 0.73241 0.04534 ( 3)
 369 S   0.21935 0.00250 0.76623 0.01191 ( 3)
 370 A   0.00649 0.19150 0.02256 0.77945 ( 4)
 371 E   0.20290 0.01989 0.70286 0.07435 ( 3)
 372 E   0.20275 0.02004 0.70231 0.07490 ( 3)
 373 L   0.19484 0.02870 0.67386 0.10260 ( 3)
 374 E   0.20275 0.02004 0.70231 0.07490 ( 3)
 375 D   0.20715 0.01533 0.71836 0.05917 ( 3)
 376 W   0.19808 0.02512 0.68549 0.09131 ( 3)
 377 L   0.19484 0.02870 0.67386 0.10260 ( 3)
 378 E   0.20275 0.02004 0.70231 0.07490 ( 3)
 379 D   0.20451 0.01814 0.70873 0.06862 ( 3)
 380 V   0.21658 0.00545 0.75424 0.02374 ( 3)
 381 L   0.19484 0.02870 0.67386 0.10260 ( 3)
 382 E   0.20275 0.02004 0.70231 0.07490 ( 3)
 383 G   0.21507 0.00702 0.74822 0.02969 ( 3)
 384 E   0.20275 0.02004 0.70231 0.07490 ( 3)
 385 I   0.21262 0.00957 0.73875 0.03906 ( 3)
 386 N   0.21643 0.00561 0.75361 0.02435 ( 3)
 387 T   0.21659 0.00544 0.75427 0.02370 ( 3)
 388 E   0.20275 0.02004 0.70231 0.07490 ( 3)
 389 D   0.20457 0.01808 0.70893 0.06841 ( 3)
 390 D   0.20455 0.01811 0.70885 0.06849 ( 3)
 391 D   0.20545 0.01724 0.71201 0.06531 ( 3)
 392 D   0.20597 0.01642 0.71427 0.06333 ( 3)
 393 D   0.06050 0.15212 0.20969 0.57768 ( 4)


lnL = -2755.867250

Bayes Empirical Bayes (BEB) probabilities for 4 classes (class)
(amino acids refer to 1st sequence: Bacu)

   1 M   0.78272 0.17633 0.03294 0.00801 ( 1)
   2 S   0.00016 0.95762 0.00001 0.04222 ( 2)
   3 A   0.76425 0.19328 0.03349 0.00899 ( 1)
   4 A   0.74206 0.21411 0.03367 0.01017 ( 1)
   5 D   0.14484 0.80948 0.00670 0.03897 ( 2)
   6 R   0.82003 0.14122 0.03255 0.00620 ( 1)
   7 M   0.01504 0.94138 0.00063 0.04294 ( 2)
   8 G   0.79657 0.16306 0.03303 0.00734 ( 1)
   9 A   0.77493 0.18327 0.03336 0.00844 ( 1)
  10 R   0.77834 0.18009 0.03331 0.00826 ( 1)
  11 A   0.17111 0.78478 0.00750 0.03661 ( 2)
  12 V   0.72292 0.23214 0.03373 0.01120 ( 1)
  13 P   0.74474 0.21157 0.03366 0.01003 ( 1)
  14 G   0.19035 0.76660 0.00805 0.03500 ( 2)
  15 L   0.00831 0.94363 0.00042 0.04765 ( 2)
  16 R   0.01941 0.87005 0.02753 0.08302 ( 2)
  17 L   0.67482 0.27755 0.03368 0.01395 ( 1)
  18 A   0.74206 0.21411 0.03367 0.01017 ( 1)
  19 L   0.67482 0.27755 0.03368 0.01395 ( 1)
  20 L   0.67712 0.27525 0.03380 0.01384 ( 1)
  21 L   0.18943 0.76714 0.00812 0.03531 ( 2)
  22 L   0.08802 0.65542 0.18239 0.07417 ( 2)
  23 L   0.67736 0.27501 0.03381 0.01382 ( 1)
  24 V   0.72292 0.23214 0.03373 0.01120 ( 1)
  25 L   0.69857 0.25510 0.03375 0.01257 ( 1)
  26 G   0.79657 0.16306 0.03303 0.00734 ( 1)
  27 T   0.80251 0.15751 0.03293 0.00705 ( 1)
  28 P   0.01544 0.94369 0.00058 0.04029 ( 2)
  29 K   0.00094 0.95288 0.00004 0.04614 ( 2)
  30 S   0.74504 0.21110 0.03383 0.01003 ( 1)
  31 G   0.79658 0.16305 0.03303 0.00734 ( 1)
  32 V   0.72292 0.23214 0.03373 0.01120 ( 1)
  33 Q   0.75038 0.20633 0.03359 0.00971 ( 1)
  34 G   0.20647 0.75160 0.00840 0.03353 ( 2)
  35 E   0.01003 0.94426 0.00046 0.04525 ( 2)
  36 D   0.14426 0.81002 0.00668 0.03903 ( 2)
  37 G   0.79657 0.16306 0.03303 0.00734 ( 1)
  38 L   0.67482 0.27755 0.03368 0.01395 ( 1)
  39 D   0.01040 0.94366 0.00048 0.04546 ( 2)
  40 F   0.71037 0.24397 0.03376 0.01191 ( 1)
  41 P   0.74474 0.21157 0.03366 0.01003 ( 1)
  42 E   0.70783 0.24636 0.03376 0.01205 ( 1)
  43 Y   0.73125 0.22430 0.03370 0.01075 ( 1)
  44 D   0.71658 0.23811 0.03376 0.01156 ( 1)
  45 G   0.78799 0.17107 0.03317 0.00777 ( 1)
  46 V   0.72292 0.23214 0.03373 0.01120 ( 1)
  47 D   0.73025 0.22524 0.03371 0.01080 ( 1)
  48 R   0.76650 0.19119 0.03344 0.00887 ( 1)
  49 V   0.72292 0.23214 0.03373 0.01120 ( 1)
  50 V   0.78895 0.17015 0.03317 0.00773 ( 1)
  51 N   0.77786 0.18054 0.03331 0.00828 ( 1)
  52 V   0.78895 0.17015 0.03317 0.00773 ( 1)
  53 N   0.80052 0.15937 0.03296 0.00715 ( 1)
  54 A   0.15188 0.80294 0.00691 0.03827 ( 2)
  55 K   0.74608 0.21035 0.03362 0.00995 ( 1)
  56 N   0.80052 0.15937 0.03296 0.00715 ( 1)
  57 Y   0.70287 0.25109 0.03371 0.01232 ( 1)
  58 K   0.74669 0.20975 0.03365 0.00992 ( 1)
  59 N   0.18304 0.77349 0.00786 0.03562 ( 2)
  60 V   0.72292 0.23214 0.03373 0.01120 ( 1)
  61 F   0.71037 0.24397 0.03376 0.01191 ( 1)
  62 K   0.74608 0.21035 0.03362 0.00995 ( 1)
  63 K   0.74608 0.21035 0.03362 0.00995 ( 1)
  64 Y   0.70361 0.25030 0.03380 0.01229 ( 1)
  65 E   0.70783 0.24636 0.03376 0.01205 ( 1)
  66 V   0.72292 0.23214 0.03373 0.01120 ( 1)
  67 L   0.67482 0.27755 0.03368 0.01395 ( 1)
  68 A   0.74451 0.21166 0.03378 0.01005 ( 1)
  69 L   0.67482 0.27755 0.03368 0.01395 ( 1)
  70 L   0.84755 0.11575 0.03178 0.00493 ( 1)
  71 Y   0.70273 0.25118 0.03375 0.01234 ( 1)
  72 H   0.83376 0.12849 0.03219 0.00556 ( 1)
  73 E   0.74034 0.21574 0.03366 0.01025 ( 1)
  74 H   0.01291 0.94169 0.00058 0.04482 ( 2)
  75 P   0.74492 0.21139 0.03367 0.01002 ( 1)
  76 E   0.13030 0.82306 0.00623 0.04042 ( 2)
  77 D   0.01069 0.94337 0.00049 0.04545 ( 2)
  78 D   0.14558 0.80875 0.00674 0.03894 ( 2)
  79 K   0.74608 0.21035 0.03362 0.00995 ( 1)
  80 A   0.77493 0.18327 0.03336 0.00844 ( 1)
  81 S   0.74155 0.21458 0.03367 0.01019 ( 1)
  82 Q   0.73609 0.21974 0.03369 0.01048 ( 1)
  83 R   0.77834 0.18009 0.03331 0.00826 ( 1)
  84 Q   0.75038 0.20633 0.03359 0.00971 ( 1)
  85 F   0.72389 0.23121 0.03374 0.01115 ( 1)
  86 E   0.72213 0.23381 0.03293 0.01113 ( 1)
  87 M   0.78829 0.17078 0.03317 0.00776 ( 1)
  88 E   0.13026 0.82310 0.00623 0.04041 ( 2)
  89 E   0.70783 0.24636 0.03376 0.01205 ( 1)
  90 L   0.67482 0.27755 0.03368 0.01395 ( 1)
  91 I   0.76335 0.19411 0.03350 0.00904 ( 1)
  92 L   0.67482 0.27755 0.03368 0.01395 ( 1)
  93 E   0.70783 0.24636 0.03376 0.01205 ( 1)
  94 L   0.77066 0.18721 0.03347 0.00866 ( 1)
  95 A   0.73593 0.21982 0.03374 0.01050 ( 1)
  96 A   0.76713 0.19051 0.03351 0.00885 ( 1)
  97 Q   0.73013 0.22531 0.03374 0.01081 ( 1)
  98 V   0.78054 0.17794 0.03336 0.00816 ( 1)
  99 L   0.69607 0.25739 0.03382 0.01273 ( 1)
