Supplemental results for CODEML (seqf: /home/leticiamagpali/phd/evol_models/codeml/big_dataset/cml_align/CASQ2_codon_aligned.phy  treef: /home/leticiamagpali/phd/evol_models/codeml/big_dataset/cml_trees/gene_trees/H1d_gene_trees/CASQ2_tree_H1d.tre)

I	J	ij	2Ns_IJ	pMut_IJ	pSub_IJ	2Ns_JI	pMut_JI	pSub_JI

TTC	TTT	CT	1.02984	0.14263	0.22846	-1.02984	0.39945	0.22846
TTA	TTT	AT	7.30736	0.00003	0.00025	-7.30736	0.05125	0.00025
TTA	TTC	AC	6.27752	0.00007	0.00044	-6.27752	0.03761	0.00044
TTG	TTT	GT	0.65954	0.01962	0.02680	-0.65954	0.03795	0.02680
TTG	TTC	GC	-0.37030	0.04034	0.03333	0.37030	0.02785	0.03333
TTG	TTA	GA	-6.64782	0.14032	0.00121	6.64782	0.00018	0.00121
TCT	TTT	CT	2.24686	0.04223	0.10611	-2.24686	0.39945	0.10611
TCC	TTC	CT	1.99412	0.03991	0.09212	-1.99412	0.29315	0.09212
TCC	TCT	CT	0.77710	0.03991	0.05740	-0.77710	0.08681	0.05740
TCA	TTA	CT	-4.35474	0.02863	0.00162	4.35474	0.00037	0.00162
TCA	TCT	AT	0.70577	0.00550	0.00767	-0.70577	0.01114	0.00767
TCA	TCC	AC	-0.07133	0.01130	0.01090	0.07133	0.01052	0.01090
TCG	TTG	CT	6.37468	0.00036	0.00229	-6.37468	0.21003	0.00229
TCG	TCT	GT	4.78736	0.00007	0.00033	-4.78736	0.00825	0.00033
TCG	TCC	GC	4.01026	0.00014	0.00058	-4.01026	0.00779	0.00058
TCG	TCA	GA	4.08159	0.00049	0.00204	-4.08159	0.02911	0.00204
TAT	TTT	AT	1.32343	0.01364	0.02461	-1.32343	0.05125	0.02461
TAT	TCT	AC	-0.92343	0.02804	0.01706	0.92343	0.01114	0.01706
TAC	TTC	AT	0.64359	0.01976	0.02680	-0.64359	0.03761	0.02680
TAC	TCC	AC	-1.35053	0.04062	0.01918	1.35053	0.01052	0.01918
TAC	TAT	CT	0.35000	0.10290	0.12196	-0.35000	0.14602	0.12196
TGT	TTT	GT	3.39601	0.00127	0.00447	-3.39601	0.03795	0.00447
TGT	TCT	GC	1.14915	0.00261	0.00440	-1.14915	0.00825	0.00440
TGT	TAT	GA	2.07258	0.00909	0.02156	-2.07258	0.07224	0.02156
TGC	TTC	GT	1.87725	0.00426	0.00945	-1.87725	0.02785	0.00945
TGC	TCC	GC	-0.11687	0.00876	0.00826	0.11687	0.00779	0.00826
TGC	TAC	GA	1.23366	0.03047	0.05304	-1.23366	0.10463	0.05304
TGC	TGT	CT	-0.48893	0.02219	0.01721	0.48893	0.01361	0.01721
TGG	TTG	GT	0.46143	0.01258	0.01570	-0.46143	0.01995	0.01570
TGG	TCG	GC	-5.91325	0.02585	0.00041	5.91325	0.00007	0.00041
TGG	TGT	GT	-2.27504	0.01258	0.00328	2.27504	0.00129	0.00328
TGG	TGC	GC	-1.78612	0.02585	0.00930	1.78612	0.00433	0.00930
CTT	TTT	CT	1.99367	0.05440	0.12556	-1.99367	0.39945	0.12556
CTC	TTC	CT	1.44546	0.06908	0.13063	-1.44546	0.29315	0.13063
CTC	CTT	CT	0.48163	0.06908	0.08704	-0.48163	0.11182	0.08704
CTA	TTA	CT	-4.66863	0.03919	0.00173	4.66863	0.00037	0.00173
CTA	CTT	AT	0.64506	0.00753	0.01021	-0.64506	0.01435	0.01021
CTA	CTC	AC	0.16344	0.01547	0.01677	-0.16344	0.01822	0.01677
CTG	TTG	CT	0.07206	0.19542	0.20255	-0.07206	0.21003	0.20255
CTG	CTT	GT	-1.26206	0.03753	0.01870	1.26206	0.01062	0.01870
CTG	CTC	GC	-1.74369	0.07714	0.02851	1.74369	0.01349	0.02851
CTG	CTA	GA	-1.90713	0.26835	0.08926	1.90713	0.03985	0.08926
CCT	TCT	CT	0.77710	0.03991	0.05740	-0.77710	0.08681	0.05740
CCT	CTT	CT	1.03029	0.03991	0.06394	-1.03029	0.11182	0.06394
CCC	TCC	CT	-0.02937	0.08447	0.08323	0.02937	0.08202	0.08323
CCC	CTC	CT	0.51930	0.08447	0.10829	-0.51930	0.14198	0.10829
CCC	CCT	CT	-0.02937	0.08447	0.08323	0.02937	0.08202	0.08323
CCA	TCA	CT	-0.29116	0.07874	0.06783	0.29116	0.05885	0.06783
CCA	CTA	CT	0.02274	0.07874	0.07964	-0.02274	0.08055	0.07964
CCA	CCT	AT	-0.36249	0.01512	0.01255	0.36249	0.01052	0.01255
CCA	CCC	AC	-0.33313	0.03108	0.02619	0.33313	0.02228	0.02619
CCG	TCG	CT	-2.93022	0.01378	0.00228	2.93022	0.00074	0.00228
CCG	CTG	CT	3.37240	0.01378	0.04812	-3.37240	0.40166	0.04812
CCG	CCT	GT	1.08004	0.00265	0.00433	-1.08004	0.00779	0.00433
CCG	CCC	GC	1.10941	0.00544	0.00900	-1.10941	0.01649	0.00900
CCG	CCA	GA	1.44254	0.01892	0.03574	-1.44254	0.08007	0.03574
CAT	TAT	CT	1.24479	0.04206	0.07353	-1.24479	0.14602	0.07353
CAT	CTT	AT	0.57455	0.00808	0.01062	-0.57455	0.01435	0.01062
CAT	CCT	AC	-0.45574	0.01660	0.01310	0.45574	0.01052	0.01310
CAC	TAC	CT	1.66316	0.04009	0.08226	-1.66316	0.21150	0.08226
CAC	CTC	AT	0.86130	0.00770	0.01148	-0.86130	0.01822	0.01148
CAC	CCC	AC	0.34200	0.01582	0.01868	-0.34200	0.02228	0.01868
CAC	CAT	CT	0.76838	0.04009	0.05744	-0.76838	0.08644	0.05744
CAA	CTA	AT	0.34020	0.00735	0.00868	-0.34020	0.01034	0.00868
CAA	CCA	AC	0.31747	0.01512	0.01764	-0.31747	0.02077	0.01764
CAA	CAT	AT	0.41072	0.00735	0.00897	-0.41072	0.01109	0.00897
CAA	CAC	AC	-0.35766	0.01512	0.01257	0.35766	0.01057	0.01257
CAG	CTG	AT	1.14326	0.01643	0.02757	-1.14326	0.05154	0.02757
CAG	CCG	AC	-2.22914	0.03377	0.00908	2.22914	0.00363	0.00908
CAG	CAT	GT	-0.69335	0.01643	0.01139	0.69335	0.00821	0.01139
CAG	CAC	GC	-1.46173	0.03377	0.01490	1.46173	0.00783	0.01490
CAG	CAA	GA	-1.10407	0.11746	0.06432	1.10407	0.03894	0.06432
CGT	TGT	CT	0.32402	0.00984	0.01152	-0.32402	0.01361	0.01152
CGT	CTT	GT	1.72637	0.00189	0.00397	-1.72637	0.01062	0.00397
CGT	CCT	GC	0.69607	0.00389	0.00539	-0.69607	0.00779	0.00539
CGT	CAT	GA	1.15182	0.01352	0.02276	-1.15182	0.04276	0.02276
CGC	TGC	CT	-0.24618	0.05834	0.05145	0.24618	0.04561	0.05145
CGC	CTC	GT	0.18561	0.01120	0.01228	-0.18561	0.01349	0.01228
CGC	CCC	GC	-0.33368	0.02303	0.01940	0.33368	0.01649	0.01940
CGC	CAC	GA	-0.67568	0.08011	0.05607	0.67568	0.04076	0.05607
CGC	CGT	CT	-1.05913	0.05834	0.03280	1.05913	0.02023	0.03280
CGA	CTA	GT	8.95957	0.00000	0.00000	-8.95957	0.00765	0.00001
CGA	CCA	GC	8.93684	0.00000	0.00000	-8.93684	0.01538	0.00002
CGA	CAA	GA	8.61937	0.00000	0.00000	-8.61937	0.03894	0.00006
CGA	CGT	AT	7.87827	0.00000	0.00000	-7.87827	0.00260	0.00001
CGA	CGC	AC	8.93739	0.00000	0.00000	-8.93739	0.01539	0.00002
CGG	TGG	CT	2.27927	0.01378	0.03499	-2.27927	0.13462	0.03499
CGG	CTG	GT	2.66864	0.00265	0.00759	-2.66864	0.03816	0.00759
CGG	CCG	GC	-0.70376	0.00544	0.00375	0.70376	0.00269	0.00375
CGG	CAG	GA	1.52537	0.01892	0.03689	-1.52537	0.08698	0.03689
CGG	CGT	GT	-0.31980	0.00265	0.00225	0.31980	0.00192	0.00225
CGG	CGC	GC	0.73933	0.00544	0.00770	-0.73933	0.01139	0.00770
CGG	CGA	GA	-8.19806	0.01892	0.00004	8.19806	0.00000	0.00000
ATT	TTT	AT	0.72534	0.02481	0.03489	-0.72534	0.05125	0.03489
ATT	CTT	AC	-1.26833	0.05100	0.02532	1.26833	0.01435	0.02532
ATC	TTC	AT	0.27413	0.02859	0.03269	-0.27413	0.03761	0.03269
ATC	CTC	AC	-1.17133	0.05877	0.03092	1.17133	0.01822	0.03092
ATC	ATT	CT	0.57863	0.14889	0.19610	-0.57863	0.26557	0.19610
ATA	TTA	AT	-4.11371	0.00289	0.00020	4.11371	0.00005	0.00020
ATA	CTA	AC	0.55492	0.00593	0.00773	-0.55492	0.01034	0.00773
ATA	ATT	AT	2.46832	0.00289	0.00779	-2.46832	0.03407	0.00779
ATA	ATC	AC	1.88969	0.00593	0.01321	-1.88969	0.03927	0.01321
ATG	TTG	AT	0.80087	0.01210	0.01758	-0.80087	0.02695	0.01758
ATG	CTG	AC	0.72880	0.02487	0.03502	-0.72880	0.05154	0.03502
ATG	ATT	GT	0.73507	0.01210	0.01708	-0.73507	0.02523	0.01708
ATG	ATC	GC	0.15644	0.02487	0.02686	-0.15644	0.02908	0.02686
ATG	ATA	GA	-1.73325	0.08650	0.03218	1.73325	0.01529	0.03218
ACT	TCT	AT	0.09058	0.01017	0.01064	-0.09058	0.01114	0.01064
ACT	CCT	AC	-0.68652	0.02091	0.01455	0.68652	0.01052	0.01455
ACT	ATT	CT	1.61210	0.05297	0.10667	-1.61210	0.26557	0.10667
ACC	TCC	AT	0.26896	0.00804	0.00917	-0.26896	0.01052	0.00917
ACC	CCC	AC	0.29833	0.01653	0.01912	-0.29833	0.02228	0.01912
ACC	ATC	CT	1.98895	0.04188	0.09649	-1.98895	0.30603	0.09649
ACC	ACT	CT	0.95548	0.04188	0.06502	-0.95548	0.10887	0.06502
ACA	TCA	AT	-0.45704	0.01193	0.00941	0.45704	0.00755	0.00941
ACA	CCA	AC	-0.16588	0.02451	0.02254	0.16588	0.02077	0.02254
ACA	ATA	CT	-0.69807	0.06210	0.04293	0.69807	0.03090	0.04293
ACA	ACT	AT	0.15814	0.01193	0.01289	-0.15814	0.01397	0.01289
ACA	ACC	AC	-0.79733	0.02451	0.01602	0.79733	0.01104	0.01602
ACG	TCG	AT	-3.38419	0.00278	0.00033	3.38419	0.00009	0.00033
ACG	CCG	AC	-0.45397	0.00572	0.00452	0.45397	0.00363	0.00452
ACG	ATG	CT	2.18962	0.01450	0.03574	-2.18962	0.12947	0.03574
ACG	ACT	GT	1.31259	0.00278	0.00500	-1.31259	0.01034	0.00500
ACG	ACC	GC	0.35711	0.00572	0.00680	-0.35711	0.00818	0.00680
ACG	ACA	GA	1.15444	0.01990	0.03356	-1.15444	0.06314	0.03356
AAT	TAT	AT	0.58731	0.01041	0.01377	-0.58731	0.01874	0.01377
AAT	CAT	AC	-0.65748	0.02140	0.01513	0.65748	0.01109	0.01513
AAT	ATT	AT	1.18540	0.01041	0.01778	-1.18540	0.03407	0.01778
AAT	ACT	AC	-0.42670	0.02140	0.01716	0.42670	0.01397	0.01716
AAC	TAC	AT	0.32059	0.01969	0.02302	-0.32059	0.02714	0.02302
AAC	CAC	AC	-1.34257	0.04048	0.01921	1.34257	0.01057	0.01921
AAC	ATC	AT	0.69005	0.01969	0.02726	-0.69005	0.03927	0.02726
AAC	ACC	AC	-1.29889	0.04048	0.01973	1.29889	0.01104	0.01973
AAC	AAT	CT	0.08329	0.10254	0.10687	-0.08329	0.11145	0.10687
AAA	CAA	AC	-1.67067	0.05369	0.02078	1.67067	0.01010	0.02078
AAA	ATA	AT	-1.88539	0.02612	0.00881	1.88539	0.00396	0.00881
AAA	ACA	AC	-1.18732	0.05369	0.02798	1.18732	0.01638	0.02798
AAA	AAT	AT	-0.60248	0.02612	0.01904	0.60248	0.01430	0.01904
AAA	AAC	AC	-0.68576	0.05369	0.03737	0.68576	0.02704	0.03737
AAG	CAG	AC	-1.32961	0.08526	0.04078	1.32961	0.02256	0.04078
AAG	ATG	AT	-0.91515	0.04148	0.02536	0.91515	0.01661	0.02536
AAG	ACG	AC	-3.10477	0.08526	0.01243	3.10477	0.00382	0.01243
AAG	AAT	GT	-1.36549	0.04148	0.01941	1.36549	0.01059	0.01941
AAG	AAC	GC	-1.44877	0.08526	0.03792	1.44877	0.02002	0.03792
AAG	AAA	GA	-0.76301	0.29661	0.19770	0.76301	0.13830	0.19770
AGT	TGT	AT	-2.24158	0.01643	0.00438	2.24158	0.00175	0.00438
AGT	CGT	AC	-2.56561	0.03377	0.00721	2.56561	0.00260	0.00721
AGT	ATT	GT	0.42909	0.01643	0.02020	-0.42909	0.02523	0.02020
AGT	ACT	GC	-1.18302	0.03377	0.01764	1.18302	0.01034	0.01764
AGT	AAT	GA	-0.75631	0.11746	0.07859	0.75631	0.05514	0.07859
AGC	TGC	AT	-0.03876	0.00608	0.00597	0.03876	0.00585	0.00597
AGC	CGC	AC	0.20742	0.01250	0.01384	-0.20742	0.01539	0.01384
AGC	ATC	GT	1.56436	0.00608	0.01203	-1.56436	0.02908	0.01203
AGC	ACC	GC	-0.42459	0.01250	0.01004	0.42459	0.00818	0.01004
AGC	AAC	GA	0.87430	0.04350	0.06525	-0.87430	0.10427	0.06525
AGC	AGT	CT	1.71390	0.03168	0.06622	-1.71390	0.17582	0.06622
AGA	CGA	AC	-8.50045	0.00664	0.00001	8.50045	0.00000	0.00000
AGA	ATA	GT	-0.09580	0.00323	0.00308	0.09580	0.00294	0.00308
AGA	ACA	GC	0.60227	0.00664	0.00884	-0.60227	0.01213	0.00884
AGA	AAA	GA	1.78959	0.02310	0.04963	-1.78959	0.13830	0.04963
AGA	AGT	AT	1.94342	0.00323	0.00733	-1.94342	0.02256	0.00733
AGA	AGC	AC	0.22952	0.00664	0.00743	-0.22952	0.00835	0.00743
AGG	TGG	AT	1.12599	0.00560	0.00934	-1.12599	0.01727	0.00934
AGG	CGG	AC	-1.15328	0.01151	0.00612	1.15328	0.00363	0.00612
AGG	ATG	GT	0.78656	0.00560	0.00809	-0.78656	0.01230	0.00809
AGG	ACG	GC	-1.40306	0.01151	0.00527	1.40306	0.00283	0.00527
AGG	AAG	GA	1.70171	0.04006	0.08337	-1.70171	0.21964	0.08337
AGG	AGT	GT	1.09254	0.00560	0.00921	-1.09254	0.01670	0.00921
AGG	AGC	GC	-0.62136	0.01151	0.00831	0.62136	0.00619	0.00831
AGG	AGA	GA	-0.85089	0.04006	0.02540	0.85089	0.01710	0.02540
GTT	TTT	GT	0.75310	0.01787	0.02544	-0.75310	0.03795	0.02544
GTT	CTT	GC	-1.24056	0.03673	0.01854	1.24056	0.01062	0.01854
GTT	ATT	GA	0.02776	0.12778	0.12957	-0.02776	0.13138	0.12957
GTC	TTC	GT	0.52374	0.01650	0.02119	-0.52374	0.02785	0.02119
GTC	CTC	GC	-0.92171	0.03391	0.02065	0.92171	0.01349	0.02065
GTC	ATC	GA	0.24961	0.11795	0.13329	-0.24961	0.15140	0.13329
GTC	GTT	CT	0.80048	0.08590	0.12482	-0.80048	0.19127	0.12482
GTA	TTA	GT	-3.72099	0.00144	0.00013	3.72099	0.00003	0.00013
GTA	CTA	GC	0.94764	0.00297	0.00459	-0.94764	0.00765	0.00459
GTA	ATA	GA	0.39271	0.01032	0.01248	-0.39271	0.01529	0.01248
GTA	GTT	AT	2.83327	0.00144	0.00435	-2.83327	0.02454	0.00435
GTA	GTC	AC	2.03279	0.00297	0.00694	-2.03279	0.02265	0.00694
GTG	TTG	GT	-0.56251	0.03502	0.02609	0.56251	0.01995	0.02609
GTG	CTG	GC	-0.63457	0.07198	0.05154	0.63457	0.03816	0.05154
GTG	ATG	GA	-1.36338	0.25041	0.11734	1.36338	0.06405	0.11734
GTG	GTT	GT	-0.65607	0.03502	0.02478	0.65607	0.01817	0.02478
GTG	GTC	GC	-1.45655	0.07198	0.03186	1.45655	0.01677	0.03186
GTG	GTA	GA	-3.48934	0.25041	0.02751	3.48934	0.00764	0.02751
GCT	TCT	GT	-0.84206	0.01914	0.01220	0.84206	0.00825	0.01220
GCT	CCT	GC	-1.61916	0.03935	0.01573	1.61916	0.00779	0.01573
GCT	ACT	GA	-0.93264	0.13688	0.08283	0.93264	0.05386	0.08283
GCT	GTT	CT	0.65170	0.09968	0.13566	-0.65170	0.19127	0.13566
GCC	TCC	GT	-0.28658	0.01038	0.00896	0.28658	0.00779	0.00896
GCC	CCC	GC	-0.25721	0.02133	0.01871	0.25721	0.01649	0.01871
GCC	ACC	GA	-0.55554	0.07421	0.05550	0.55554	0.04258	0.05550
GCC	GTC	CT	1.18380	0.05405	0.09220	-1.18380	0.17655	0.09220
GCC	GCT	CT	1.33258	0.05405	0.09783	-1.33258	0.20488	0.09783
GCA	TCA	GT	-0.62188	0.01041	0.00751	0.62188	0.00559	0.00751
GCA	CCA	GC	-0.33072	0.02140	0.01806	0.33072	0.01538	0.01806
GCA	ACA	GA	-0.16484	0.07446	0.06849	0.16484	0.06314	0.06849
GCA	GTA	CT	-1.25562	0.05422	0.02713	1.25562	0.01545	0.02713
GCA	GCT	AT	0.92594	0.01041	0.01597	-0.92594	0.02629	0.01597
GCA	GCC	AC	-0.40664	0.02140	0.01735	0.40664	0.01425	0.01735
GCG	TCG	GT	-4.69286	0.00763	0.00033	4.69286	0.00007	0.00033
GCG	CCG	GC	-1.76264	0.01568	0.00573	1.76264	0.00269	0.00573
GCG	ACG	GA	-1.30866	0.05455	0.02643	1.30866	0.01474	0.02643
GCG	GTG	CT	2.24434	0.03973	0.09974	-2.24434	0.37481	0.09974
GCG	GCT	GT	0.93656	0.00763	0.01175	-0.93656	0.01947	0.01175
GCG	GCC	GC	-0.39601	0.01568	0.01278	0.39601	0.01055	0.01278
GCG	GCA	GA	0.01062	0.05455	0.05484	-0.01062	0.05514	0.05484
GAT	TAT	GT	-1.59478	0.06836	0.02776	1.59478	0.01387	0.02776
GAT	CAT	GC	-2.83957	0.14050	0.02477	2.83957	0.00821	0.02477
GAT	AAT	GA	-2.18209	0.48877	0.13561	2.18209	0.05514	0.13561
GAT	GTT	AT	-1.02445	0.06836	0.03922	1.02445	0.02454	0.03922
GAT	GCT	AC	-1.67615	0.14050	0.05420	1.67615	0.02629	0.05420
GAC	TAC	GT	-1.40717	0.08207	0.03744	1.40717	0.02009	0.03744
GAC	CAC	GC	-3.07033	0.16869	0.02520	3.07033	0.00783	0.02520
GAC	AAC	GA	-1.72776	0.58682	0.21907	1.72776	0.10427	0.21907
GAC	GTC	AT	-1.28732	0.08207	0.04028	1.28732	0.02265	0.04028
GAC	GCC	AC	-2.47111	0.16869	0.03847	2.47111	0.01425	0.03847
GAC	GAT	CT	0.53761	0.42735	0.55247	-0.53761	0.73159	0.55247
GAA	CAA	GC	-2.48141	0.08943	0.02025	2.48141	0.00748	0.02025
GAA	AAA	GA	-0.81073	0.31110	0.20185	0.81073	0.13830	0.20185
GAA	GTA	AT	-3.08884	0.04351	0.00641	3.08884	0.00198	0.00641
GAA	GCA	AC	-1.83322	0.08943	0.03120	1.83322	0.01430	0.03120
GAA	GAT	AT	0.76888	0.04351	0.06236	-0.76888	0.09387	0.06236
GAA	GAC	AC	0.23126	0.08943	0.10017	-0.23126	0.11270	0.10017
GAG	CAG	GC	-2.32691	0.17116	0.04307	2.32691	0.01670	0.04307
GAG	AAG	GA	-0.99730	0.59542	0.34707	0.99730	0.21964	0.34707
GAG	GTG	AT	-0.54908	0.08328	0.06250	0.54908	0.04809	0.06250
GAG	GCG	AC	-2.79341	0.17116	0.03117	2.79341	0.01048	0.03117
GAG	GAT	GT	-0.18070	0.08328	0.07598	0.18070	0.06951	0.07598
GAG	GAC	GC	-0.71831	0.17116	0.11698	0.71831	0.08345	0.11698
GAG	GAA	GA	-0.94958	0.59542	0.35680	0.94958	0.23037	0.35680
GGT	TGT	GT	-1.46000	0.00557	0.00246	1.46000	0.00129	0.00246
GGT	CGT	GC	-1.78403	0.01144	0.00412	1.78403	0.00192	0.00412
GGT	AGT	GA	0.78158	0.03981	0.05737	-0.78158	0.08698	0.05737
GGT	GTT	GT	1.18291	0.00557	0.00950	-1.18291	0.01817	0.00950
GGT	GCT	GC	0.53121	0.01144	0.01475	-0.53121	0.01947	0.01475
GGT	GAT	GA	2.20736	0.03981	0.09873	-2.20736	0.36193	0.09873
GGC	TGC	GT	-1.04078	0.01227	0.00697	1.04078	0.00433	0.00697
GGC	CGC	GC	-0.79460	0.02522	0.01651	0.79460	0.01139	0.01651
GGC	AGC	GA	-1.00202	0.08773	0.05100	1.00202	0.03221	0.05100
GGC	GTC	GT	0.31273	0.01227	0.01429	-0.31273	0.01677	0.01429
GGC	GCC	GC	-0.87107	0.02522	0.01581	0.87107	0.01055	0.01581
GGC	GAC	GA	1.60004	0.08773	0.17588	-1.60004	0.43454	0.17588
GGC	GGT	CT	-0.06970	0.06389	0.06169	0.06970	0.05959	0.06169
GGA	CGA	GC	-9.31383	0.01109	0.00001	9.31383	0.00000	0.00000
GGA	AGA	GA	-0.81338	0.03858	0.02499	0.81338	0.01710	0.02499
GGA	GTA	GT	-1.30190	0.00540	0.00262	1.30190	0.00147	0.00262
GGA	GCA	GC	-0.04628	0.01109	0.01084	0.04628	0.01059	0.01084
GGA	GAA	GA	1.78694	0.03858	0.08281	-1.78694	0.23037	0.08281
GGA	GGT	AT	0.34846	0.00540	0.00639	-0.34846	0.00765	0.00639
GGA	GGC	AC	0.41816	0.01109	0.01357	-0.41816	0.01685	0.01357
GGG	TGG	GT	0.12629	0.01127	0.01200	-0.12629	0.01279	0.01200
GGG	CGG	GC	-2.15297	0.02317	0.00655	2.15297	0.00269	0.00655
GGG	AGG	GA	-0.99970	0.08060	0.04692	0.99970	0.02966	0.04692
GGG	GTG	GT	1.15024	0.01127	0.01897	-1.15024	0.03561	0.01897
GGG	GCG	GC	-1.09410	0.02317	0.01276	1.09410	0.00776	0.01276
GGG	GAG	GA	1.69931	0.08060	0.16761	-1.69931	0.44091	0.16761
GGG	GGT	GT	-0.68874	0.01127	0.00783	0.68874	0.00566	0.00783
GGG	GGC	GC	-0.61904	0.02317	0.01673	0.61904	0.01248	0.01673
GGG	GGA	GA	-1.03720	0.08060	0.04590	1.03720	0.02857	0.04590


Histograms
2Ns	FMut	FSub(CodonUsage)	FSubw(after w)

-8.87032	0.00334	0.00001
-7.98329	0.00076	0.00000
-7.09625	0.00180	0.00001
-6.20922	0.01455	0.00020
-5.32219	0.00000	0.00000
-4.43516	0.00434	0.00032
-3.54813	0.02741	0.00438
-2.66110	0.07275	0.02241
-1.77406	0.25175	0.12389
-0.88703	0.29853	0.25335
0.00000	0.14377	0.19085
0.88703	0.12936	0.25335
1.77406	0.04431	0.12389
2.66110	0.00632	0.02241
3.54813	0.00094	0.00438
4.43516	0.00005	0.00032
5.32219	0.00000	0.00000
6.20922	0.00002	0.00020
7.09625	0.00000	0.00001
7.98329	0.00000	0.00000
8.87032	0.00000	0.00000

Proportion of advantageous (S > 0) mutations:
 0.24635

Proportions of good & bad mutations (|S| > 2.0000) among mutations:
0.01170  0.16356

mean |Ns| = 1.36315	mean Ns+ = 0.85487	mean Ns- = -1.52929


MLEs of dN/dS (w) for site classes (K=4)

site class             0        1       2a       2b
proportion       0.52437  0.04895  0.39025  0.03643
background w     0.14063  2.28214  0.14063  2.28214
foreground w     0.14063  2.28214  0.00000  0.00000

Naive Empirical Bayes (NEB) probabilities for 4 classes
(amino acids refer to 1st sequence: Bacu)

   1 M   0.57022 0.00203 0.42613 0.00162 ( 1)
   2 K   0.44659 0.12444 0.33309 0.09588 ( 1)
   3 R   0.55295 0.01854 0.41357 0.01494 ( 1)
   4 T   0.57024 0.00201 0.42615 0.00160 ( 1)
   5 H   0.55451 0.01704 0.41472 0.01373 ( 1)
   6 L   0.54413 0.02888 0.40525 0.02174 ( 1)
   7 F   0.55656 0.01624 0.41482 0.01238 ( 1)
   8 V   0.40996 0.16116 0.30563 0.12325 ( 1)
   9 M   0.42735 0.14396 0.31859 0.11010 ( 1)
  10 A   0.02295 0.53647 0.01714 0.42344 ( 2)
  11 V   0.56786 0.00461 0.42392 0.00361 ( 1)
  12 Y   0.56130 0.01140 0.41855 0.00875 ( 1)
  13 L   0.54413 0.02888 0.40525 0.02174 ( 1)
  14 L   0.54413 0.02888 0.40525 0.02174 ( 1)
  15 S   0.57073 0.00143 0.42669 0.00115 ( 1)
  16 T   0.54885 0.02267 0.41033 0.01815 ( 1)
  17 C   0.57123 0.00076 0.42740 0.00061 ( 1)
  18 R   0.52524 0.04544 0.39278 0.03655 ( 1)
  19 A   0.56565 0.00695 0.42202 0.00538 ( 1)
  20 E   0.40797 0.16325 0.30412 0.12466 ( 1)
  21 E   0.55870 0.01408 0.41647 0.01075 ( 1)
  22 G   0.56985 0.00250 0.42567 0.00198 ( 1)
  23 L   0.54604 0.02698 0.40667 0.02031 ( 1)
  24 N   0.53067 0.04079 0.39636 0.03217 ( 1)
  25 F   0.56244 0.01025 0.41943 0.00788 ( 1)
  26 P   0.56628 0.00629 0.42254 0.00488 ( 1)
  27 T   0.57048 0.00178 0.42632 0.00142 ( 1)
  28 Y   0.56295 0.00973 0.41983 0.00749 ( 1)
  29 D   0.55691 0.01590 0.41507 0.01212 ( 1)
  30 G   0.56965 0.00272 0.42549 0.00214 ( 1)
  31 K   0.48395 0.08760 0.36095 0.06750 ( 1)
  32 D   0.55702 0.01579 0.41515 0.01203 ( 1)
  33 R   0.56549 0.00713 0.42186 0.00551 ( 1)
  34 V   0.56004 0.01272 0.41751 0.00973 ( 1)
  35 V   0.56832 0.00416 0.42427 0.00325 ( 1)
  36 S   0.56211 0.01060 0.41915 0.00814 ( 1)
  37 L   0.56349 0.00919 0.42025 0.00707 ( 1)
  38 T   0.57049 0.00177 0.42633 0.00141 ( 1)
  39 E   0.55880 0.01398 0.41655 0.01067 ( 1)
  40 K   0.56378 0.00888 0.42049 0.00684 ( 1)
  41 N   0.56968 0.00269 0.42550 0.00212 ( 1)
  42 F   0.56254 0.01015 0.41950 0.00780 ( 1)
  43 K   0.56378 0.00888 0.42049 0.00684 ( 1)
  44 Q   0.56062 0.01213 0.41797 0.00929 ( 1)
  45 V   0.56857 0.00389 0.42449 0.00305 ( 1)
  46 L   0.34107 0.23054 0.25408 0.17431 ( 1)
  47 K   0.56378 0.00888 0.42049 0.00684 ( 1)
  48 K   0.56415 0.00850 0.42079 0.00656 ( 1)
  49 Y   0.43837 0.13280 0.32688 0.10195 ( 1)
  50 D   0.55702 0.01579 0.41515 0.01203 ( 1)
  51 L   0.54987 0.02316 0.40953 0.01744 ( 1)
  52 L   0.56983 0.00251 0.42567 0.00199 ( 1)
  53 C   0.57116 0.00055 0.42783 0.00046 ( 1)
  54 L   0.56984 0.00250 0.42568 0.00198 ( 1)
  55 Y   0.43395 0.13716 0.32359 0.10530 ( 1)
  56 Y   0.43883 0.13235 0.32722 0.10160 ( 1)
  57 H   0.56941 0.00297 0.42527 0.00234 ( 1)
  58 E   0.55861 0.01417 0.41640 0.01082 ( 1)
  59 P   0.56629 0.00628 0.42255 0.00487 ( 1)
  60 V   0.40545 0.16562 0.30227 0.12666 ( 1)
  61 S   0.57034 0.00194 0.42618 0.00154 ( 1)
  62 S   0.56785 0.00478 0.42366 0.00371 ( 1)
  63 D   0.55337 0.01950 0.41233 0.01480 ( 1)
  64 K   0.56398 0.00867 0.42066 0.00668 ( 1)
  65 A   0.01703 0.54445 0.01271 0.42581 ( 2)
  66 A   0.00265 0.99735 0.00000 0.00000 ( 2)
  67 Q   0.56043 0.01231 0.41783 0.00943 ( 1)
  68 K   0.56398 0.00867 0.42066 0.00668 ( 1)
  69 Q   0.29492 0.27479 0.21988 0.21041 ( 1)
  70 F   0.44663 0.12458 0.33306 0.09574 ( 1)
  71 Q   0.56182 0.01089 0.41892 0.00836 ( 1)
  72 M   0.06212 0.50866 0.04626 0.38296 ( 2)
  73 K   0.56398 0.00867 0.42066 0.00668 ( 1)
  74 E   0.56087 0.01186 0.41818 0.00909 ( 1)
  75 I   0.43882 0.13230 0.32723 0.10165 ( 1)
  76 V   0.29805 0.27185 0.22220 0.20790 ( 1)
  77 L   0.54452 0.02849 0.40554 0.02145 ( 1)
  78 E   0.55850 0.01428 0.41632 0.01090 ( 1)
  79 F   0.55528 0.01751 0.41387 0.01335 ( 1)
  80 D   0.35757 0.21379 0.26644 0.16220 ( 1)
  81 E   0.55924 0.01347 0.41697 0.01032 ( 1)
  82 E   0.55924 0.01347 0.41697 0.01032 ( 1)
  83 G   0.56856 0.00380 0.42464 0.00300 ( 1)
  84 S   0.56023 0.01245 0.41775 0.00956 ( 1)
  85 L   0.30205 0.26985 0.22496 0.20315 ( 1)
  86 Y   0.56126 0.01140 0.41857 0.00877 ( 1)
  87 V   0.49778 0.07324 0.37164 0.05735 ( 1)
  88 L   0.56880 0.00351 0.42491 0.00278 ( 1)
  89 K   0.56200 0.01064 0.41917 0.00819 ( 1)
  90 G   0.57095 0.00103 0.42718 0.00084 ( 1)
  91 D   0.55159 0.02127 0.41100 0.01614 ( 1)
  92 R   0.56360 0.00900 0.42045 0.00696 ( 1)
  93 T   0.45283 0.11806 0.33782 0.09129 ( 1)
  94 I   0.56257 0.01005 0.41962 0.00775 ( 1)
  95 E   0.55682 0.01593 0.41507 0.01217 ( 1)
  96 F   0.55559 0.01720 0.41410 0.01311 ( 1)
  97 D   0.55159 0.02127 0.41100 0.01614 ( 1)
  98 G   0.56871 0.00364 0.42478 0.00287 ( 1)
  99 E   0.55682 0.01593 0.41507 0.01217 ( 1)
 100 F   0.55528 0.01751 0.41387 0.01335 ( 1)
 101 A   0.56447 0.00811 0.42114 0.00628 ( 1)
 102 A   0.56485 0.00770 0.42148 0.00597 ( 1)
 103 D   0.55161 0.02125 0.41102 0.01612 ( 1)
 104 V   0.56705 0.00540 0.42332 0.00422 ( 1)
 105 L   0.54824 0.02468 0.40842 0.01866 ( 1)
 106 V   0.55786 0.01488 0.41588 0.01138 ( 1)
 107 E   0.55682 0.01593 0.41507 0.01217 ( 1)
 108 F   0.55533 0.01746 0.41391 0.01330 ( 1)
 109 L   0.56900 0.00332 0.42505 0.00263 ( 1)
 110 L   0.54824 0.02468 0.40842 0.01866 ( 1)
 111 D   0.55465 0.01815 0.41339 0.01382 ( 1)
 112 L   0.52946 0.04190 0.39552 0.03312 ( 1)
 113 I   0.46044 0.11071 0.34344 0.08541 ( 1)
 114 E   0.56064 0.01209 0.41801 0.00926 ( 1)
 115 D   0.55647 0.01634 0.41474 0.01245 ( 1)
 116 P   0.56461 0.00793 0.42130 0.00615 ( 1)
 117 V   0.55981 0.01295 0.41734 0.00990 ( 1)
 118 E   0.55879 0.01399 0.41654 0.01068 ( 1)
 119 I   0.56245 0.01025 0.41942 0.00788 ( 1)
 120 I   0.56245 0.01025 0.41942 0.00788 ( 1)
 121 N   0.53200 0.03949 0.39736 0.03114 ( 1)
 122 S   0.57089 0.00128 0.42680 0.00103 ( 1)
 123 K   0.56414 0.00851 0.42078 0.00656 ( 1)
 124 L   0.54477 0.02824 0.40573 0.02126 ( 1)
 125 E   0.56115 0.01158 0.41839 0.00888 ( 1)
 126 V   0.56831 0.00417 0.42426 0.00326 ( 1)
 127 Q   0.56199 0.01072 0.41905 0.00823 ( 1)
 128 A   0.56943 0.00296 0.42527 0.00233 ( 1)
 129 F   0.55725 0.01556 0.41534 0.01185 ( 1)
 130 E   0.55879 0.01399 0.41654 0.01068 ( 1)
 131 R   0.56524 0.00738 0.42168 0.00571 ( 1)
 132 I   0.56430 0.00835 0.42091 0.00644 ( 1)
 133 E   0.55879 0.01399 0.41654 0.01068 ( 1)
 134 D   0.55701 0.01581 0.41515 0.01204 ( 1)
 135 H   0.53033 0.04116 0.39608 0.03242 ( 1)
 136 I   0.56245 0.01025 0.41942 0.00788 ( 1)
 137 K   0.56414 0.00851 0.42078 0.00656 ( 1)
 138 L   0.56992 0.00242 0.42574 0.00192 ( 1)
 139 I   0.56293 0.00977 0.41979 0.00751 ( 1)
 140 G   0.56970 0.00267 0.42552 0.00211 ( 1)
 141 F   0.55725 0.01556 0.41534 0.01185 ( 1)
 142 F   0.56253 0.01016 0.41949 0.00781 ( 1)
 143 K   0.56377 0.00889 0.42049 0.00685 ( 1)
 144 S   0.56210 0.01061 0.41915 0.00815 ( 1)
 145 E   0.55883 0.01395 0.41657 0.01065 ( 1)
 146 D   0.55701 0.01581 0.41515 0.01204 ( 1)
 147 S   0.56580 0.00680 0.42213 0.00527 ( 1)
 148 E   0.55588 0.01687 0.41437 0.01288 ( 1)
 149 Y   0.39200 0.17841 0.29234 0.13725 ( 1)
 150 Y   0.56095 0.01174 0.41829 0.00902 ( 1)
 151 K   0.56279 0.00986 0.41975 0.00760 ( 1)
 152 A   0.56553 0.00703 0.42199 0.00545 ( 1)
 153 F   0.55612 0.01668 0.41449 0.01271 ( 1)
 154 E   0.56007 0.01264 0.41759 0.00969 ( 1)
 155 E   0.55767 0.01509 0.41571 0.01153 ( 1)
 156 A   0.56484 0.00774 0.42142 0.00600 ( 1)
 157 A   0.56553 0.00703 0.42199 0.00545 ( 1)
 158 E   0.56007 0.01264 0.41759 0.00969 ( 1)
 159 H   0.56895 0.00343 0.42492 0.00270 ( 1)
 160 F   0.56150 0.01119 0.41872 0.00860 ( 1)
 161 Q   0.55952 0.01321 0.41715 0.01012 ( 1)
 162 P   0.57043 0.00176 0.42640 0.00141 ( 1)
 163 Y   0.56095 0.01174 0.41829 0.00902 ( 1)
 164 I   0.43153 0.13949 0.32180 0.10718 ( 1)
 165 K   0.56317 0.00947 0.42006 0.00730 ( 1)
 166 F   0.55612 0.01668 0.41449 0.01271 ( 1)
 167 F   0.55612 0.01668 0.41449 0.01271 ( 1)
 168 A   0.56553 0.00703 0.42199 0.00545 ( 1)
 169 T   0.56969 0.00261 0.42563 0.00207 ( 1)
 170 F   0.56146 0.01122 0.41869 0.00863 ( 1)
 171 D   0.55587 0.01693 0.41430 0.01290 ( 1)
 172 K   0.56317 0.00947 0.42006 0.00730 ( 1)
 173 G   0.56939 0.00295 0.42533 0.00233 ( 1)
 174 V   0.56652 0.00590 0.42296 0.00462 ( 1)
 175 A   0.56300 0.00940 0.42026 0.00734 ( 1)
 176 K   0.56087 0.01175 0.41832 0.00905 ( 1)
 177 K   0.56128 0.01133 0.41865 0.00874 ( 1)
 178 L   0.54715 0.02576 0.40761 0.01948 ( 1)
 179 S   0.56989 0.00225 0.42606 0.00180 ( 1)
 180 L   0.54715 0.02576 0.40761 0.01948 ( 1)
 181 K   0.56087 0.01175 0.41832 0.00905 ( 1)
 182 M   0.56918 0.00305 0.42535 0.00242 ( 1)
 183 N   0.57021 0.00188 0.42641 0.00151 ( 1)
 184 E   0.55558 0.01717 0.41415 0.01311 ( 1)
 185 V   0.56652 0.00590 0.42296 0.00462 ( 1)
 186 D   0.55377 0.01901 0.41273 0.01448 ( 1)
 187 F   0.55951 0.01315 0.41724 0.01010 ( 1)
 188 Y   0.56006 0.01258 0.41768 0.00968 ( 1)
 189 E   0.55558 0.01717 0.41415 0.01311 ( 1)
 190 P   0.56069 0.01194 0.41818 0.00919 ( 1)
 191 F   0.55401 0.01876 0.41292 0.01430 ( 1)
 192 M   0.56918 0.00305 0.42535 0.00242 ( 1)
 193 D   0.55373 0.01905 0.41271 0.01451 ( 1)
 194 E   0.55558 0.01717 0.41415 0.01311 ( 1)
 195 P   0.56381 0.00872 0.42070 0.00677 ( 1)
 196 I   0.56145 0.01115 0.41879 0.00861 ( 1)
 197 A   0.56768 0.00468 0.42396 0.00368 ( 1)
 198 I   0.55957 0.01309 0.41728 0.01006 ( 1)
 199 P   0.56761 0.00475 0.42391 0.00374 ( 1)
 200 D   0.55364 0.01914 0.41263 0.01458 ( 1)
 201 K   0.42938 0.14135 0.32026 0.10900 ( 1)
 202 P   0.56370 0.00883 0.42062 0.00685 ( 1)
 203 Y   0.55881 0.01386 0.41669 0.01064 ( 1)
 204 T   0.56237 0.01021 0.41953 0.00789 ( 1)
 205 E   0.55790 0.01479 0.41597 0.01134 ( 1)
 206 E   0.37819 0.19273 0.28191 0.14717 ( 1)
 207 E   0.55545 0.01730 0.41405 0.01321 ( 1)
 208 L   0.56830 0.00400 0.42453 0.00316 ( 1)
 209 V   0.55650 0.01623 0.41487 0.01241 ( 1)
 210 E   0.37801 0.19291 0.28178 0.14730 ( 1)
 211 F   0.55378 0.01899 0.41275 0.01447 ( 1)
 212 V   0.55606 0.01666 0.41454 0.01274 ( 1)
 213 K   0.56034 0.01228 0.41792 0.00946 ( 1)
 214 E   0.55501 0.01773 0.41372 0.01354 ( 1)
 215 H   0.57008 0.00196 0.42637 0.00158 ( 1)
 216 Q   0.55832 0.01435 0.41631 0.01102 ( 1)
 217 P   0.55683 0.01558 0.41549 0.01209 ( 1)
 218 T   0.56378 0.00837 0.42121 0.00663 ( 1)
 219 L   0.55568 0.01689 0.41443 0.01300 ( 1)
 220 R   0.50470 0.06548 0.37734 0.05248 ( 1)
 221 R   0.55757 0.01493 0.41596 0.01154 ( 1)
 222 L   0.54266 0.03022 0.40427 0.02285 ( 1)
 223 R   0.55769 0.01482 0.41604 0.01146 ( 1)
 224 P   0.55572 0.01684 0.41447 0.01297 ( 1)
 225 E   0.55295 0.01968 0.41228 0.01509 ( 1)
 226 D   0.54565 0.02716 0.40658 0.02061 ( 1)
 227 M   0.56613 0.00602 0.42307 0.00479 ( 1)
 228 F   0.54904 0.02369 0.40921 0.01806 ( 1)
 229 E   0.55278 0.01985 0.41215 0.01521 ( 1)
 230 T   0.55765 0.01485 0.41602 0.01148 ( 1)
 231 W   0.54390 0.02895 0.40522 0.02192 ( 1)
 232 E   0.56125 0.01148 0.41847 0.00880 ( 1)
 233 D   0.55367 0.01921 0.41255 0.01457 ( 1)
 234 D   0.55367 0.01921 0.41255 0.01457 ( 1)
 235 L   0.55029 0.02264 0.40995 0.01712 ( 1)
 236 N   0.56972 0.00266 0.42553 0.00209 ( 1)
 237 G   0.56993 0.00242 0.42574 0.00191 ( 1)
 238 I   0.56254 0.01016 0.41950 0.00780 ( 1)
 239 H   0.57121 0.00088 0.42721 0.00071 ( 1)
 240 I   0.56439 0.00826 0.42098 0.00637 ( 1)
 241 V   0.55991 0.01285 0.41742 0.00982 ( 1)
 242 A   0.56949 0.00291 0.42531 0.00229 ( 1)
 243 F   0.55767 0.01515 0.41565 0.01154 ( 1)
 244 A   0.56958 0.00278 0.42545 0.00219 ( 1)
 245 E   0.55890 0.01388 0.41662 0.01060 ( 1)
 246 R   0.57116 0.00095 0.42712 0.00076 ( 1)
 247 S   0.56220 0.01051 0.41922 0.00807 ( 1)
 248 D   0.55367 0.01921 0.41255 0.01457 ( 1)
 249 P   0.56371 0.00896 0.42043 0.00690 ( 1)
 250 D   0.55347 0.01941 0.41240 0.01472 ( 1)
 251 G   0.56970 0.00267 0.42552 0.00210 ( 1)
 252 Y   0.56260 0.01008 0.41957 0.00775 ( 1)
 253 E   0.55881 0.01397 0.41655 0.01067 ( 1)
 254 F   0.56254 0.01015 0.41950 0.00780 ( 1)
 255 L   0.54479 0.02822 0.40574 0.02125 ( 1)
 256 E   0.55881 0.01397 0.41655 0.01067 ( 1)
 257 I   0.56246 0.01024 0.41943 0.00787 ( 1)
 258 L   0.54479 0.02822 0.40575 0.02124 ( 1)
 259 K   0.56379 0.00888 0.42050 0.00684 ( 1)
 260 Q   0.56062 0.01213 0.41797 0.00929 ( 1)
 261 V   0.56857 0.00389 0.42449 0.00305 ( 1)
 262 A   0.56651 0.00606 0.42272 0.00470 ( 1)
 263 R   0.57134 0.00064 0.42749 0.00052 ( 1)
 264 D   0.55702 0.01579 0.41516 0.01203 ( 1)
 265 N   0.56968 0.00270 0.42550 0.00213 ( 1)
 266 T   0.57103 0.00108 0.42702 0.00087 ( 1)
 267 D   0.55702 0.01579 0.41516 0.01203 ( 1)
 268 N   0.56968 0.00270 0.42550 0.00213 ( 1)
 269 P   0.56945 0.00294 0.42529 0.00232 ( 1)
 270 D   0.39620 0.17512 0.29529 0.13339 ( 1)
 271 L   0.55041 0.02262 0.40993 0.01703 ( 1)
 272 S   0.55188 0.01974 0.41258 0.01580 ( 1)
 273 I   0.56273 0.00997 0.41964 0.00766 ( 1)
 274 V   0.40508 0.16599 0.30199 0.12695 ( 1)
 275 W   0.55155 0.02135 0.41092 0.01617 ( 1)
 276 I   0.56246 0.01024 0.41943 0.00787 ( 1)
 277 D   0.55702 0.01579 0.41516 0.01203 ( 1)
 278 P   0.56363 0.00904 0.42037 0.00696 ( 1)
 279 D   0.55409 0.01870 0.41297 0.01424 ( 1)
 280 D   0.55702 0.01579 0.41516 0.01203 ( 1)
 281 F   0.55727 0.01554 0.41535 0.01184 ( 1)
 282 P   0.56945 0.00294 0.42529 0.00232 ( 1)
 283 L   0.54479 0.02822 0.40574 0.02125 ( 1)
 284 L   0.56995 0.00239 0.42577 0.00189 ( 1)
 285 V   0.56858 0.00389 0.42449 0.00304 ( 1)
 286 A   0.56916 0.00323 0.42507 0.00255 ( 1)
 287 Y   0.56305 0.00963 0.41991 0.00741 ( 1)
 288 W   0.55156 0.02135 0.41093 0.01616 ( 1)
 289 E   0.56117 0.01156 0.41841 0.00886 ( 1)
 290 K   0.56380 0.00887 0.42050 0.00683 ( 1)
 291 T   0.57020 0.00211 0.42601 0.00168 ( 1)
 292 F   0.56255 0.01014 0.41951 0.00780 ( 1)
 293 K   0.56380 0.00887 0.42050 0.00683 ( 1)
 294 I   0.56432 0.00833 0.42092 0.00643 ( 1)
 295 D   0.55703 0.01578 0.41516 0.01202 ( 1)
 296 L   0.56350 0.00918 0.42026 0.00707 ( 1)
 297 F   0.56255 0.01014 0.41951 0.00780 ( 1)
 298 K   0.56380 0.00887 0.42050 0.00683 ( 1)
 299 P   0.56384 0.00876 0.42063 0.00677 ( 1)
 300 Q   0.56063 0.01211 0.41798 0.00928 ( 1)
 301 I   0.56432 0.00833 0.42092 0.00643 ( 1)
 302 G   0.56958 0.00280 0.42541 0.00221 ( 1)
 303 V   0.55983 0.01293 0.41735 0.00989 ( 1)
 304 V   0.55983 0.01293 0.41735 0.00989 ( 1)
 305 N   0.57111 0.00100 0.42709 0.00080 ( 1)
 306 V   0.56857 0.00389 0.42449 0.00305 ( 1)
 307 T   0.56523 0.00739 0.42167 0.00571 ( 1)
 308 D   0.55336 0.01951 0.41233 0.01480 ( 1)
 309 A   0.56599 0.00658 0.42233 0.00510 ( 1)
 310 D   0.55648 0.01633 0.41475 0.01244 ( 1)
 311 S   0.56161 0.01109 0.41878 0.00851 ( 1)
 312 V   0.56800 0.00447 0.42403 0.00350 ( 1)
 313 W   0.55102 0.02189 0.41053 0.01657 ( 1)
 314 M   0.57031 0.00195 0.42619 0.00155 ( 1)
 315 E   0.55827 0.01450 0.41615 0.01107 ( 1)
 316 I   0.56385 0.00879 0.42058 0.00678 ( 1)
 317 P   0.56348 0.00918 0.42026 0.00707 ( 1)
 318 D   0.36138 0.21001 0.26928 0.15933 ( 1)
 319 G   0.57125 0.00075 0.42740 0.00061 ( 1)
 320 D   0.55303 0.01984 0.41208 0.01505 ( 1)
 321 D   0.30354 0.26691 0.22624 0.20331 ( 1)
 322 L   0.54438 0.02863 0.40544 0.02155 ( 1)
 323 P   0.56601 0.00656 0.42234 0.00509 ( 1)
 324 T   0.56479 0.00782 0.42134 0.00605 ( 1)
 325 A   0.56591 0.00653 0.42245 0.00511 ( 1)
 326 E   0.55827 0.01450 0.41615 0.01107 ( 1)
 327 E   0.55827 0.01450 0.41615 0.01107 ( 1)
 328 L   0.54432 0.02869 0.40539 0.02160 ( 1)
 329 E   0.56065 0.01208 0.41802 0.00926 ( 1)
 330 D   0.55648 0.01633 0.41475 0.01244 ( 1)
 331 W   0.55102 0.02189 0.41053 0.01657 ( 1)
 332 I   0.45899 0.11214 0.34236 0.08651 ( 1)
 333 E   0.55827 0.01450 0.41615 0.01107 ( 1)
 334 D   0.55319 0.01969 0.41219 0.01493 ( 1)
 335 V   0.55930 0.01346 0.41695 0.01029 ( 1)
 336 L   0.56972 0.00262 0.42559 0.00207 ( 1)
 337 S   0.57019 0.00208 0.42607 0.00165 ( 1)
 338 G   0.56966 0.00268 0.42554 0.00212 ( 1)
 339 K   0.56332 0.00934 0.42015 0.00720 ( 1)
 340 I   0.57139 0.00047 0.42775 0.00039 ( 1)
 341 N   0.52889 0.04253 0.39504 0.03354 ( 1)
 342 T   0.56995 0.00236 0.42582 0.00187 ( 1)
 343 E   0.55853 0.01425 0.41634 0.01088 ( 1)
 344 D   0.36597 0.20546 0.27270 0.15588 ( 1)
 345 D   0.36938 0.20207 0.27523 0.15332 ( 1)
 346 D   0.55624 0.01656 0.41458 0.01262 ( 1)
 347 N   0.00206 0.55700 0.00154 0.43940 ( 2)
 348 E   0.42193 0.14915 0.31459 0.11432 ( 1)
 349 D   0.36634 0.20509 0.27297 0.15560 ( 1)
 350 E   0.56049 0.01223 0.41790 0.00937 ( 1)
 351 E   0.00541 0.56166 0.00403 0.42889 ( 2)
 352 D   0.35867 0.21270 0.26725 0.16137 ( 1)
 353 E   0.56047 0.01226 0.41788 0.00939 ( 1)
 354 E   0.40086 0.17029 0.29881 0.13003 ( 1)
 355 D   0.05818 0.51086 0.04336 0.38760 ( 2)
 356 D   0.55648 0.01633 0.41475 0.01244 ( 1)
 357 D   0.39891 0.17243 0.29731 0.13135 ( 1)
 358 D   0.55645 0.01636 0.41473 0.01246 ( 1)
 359 D   0.35732 0.21404 0.26625 0.16239 ( 1)
 360 D   0.36542 0.20600 0.27229 0.15629 ( 1)
 361 D   0.55648 0.01633 0.41475 0.01244 ( 1)
 362 N   0.00011 0.55417 0.00008 0.44563 ( 2)
 363 D   0.55461 0.01818 0.41336 0.01385 ( 1)
 364 N   0.57048 0.00162 0.42661 0.00130 ( 1)
 365 S   0.56945 0.00280 0.42552 0.00223 ( 1)
 366 D   0.55446 0.01832 0.41325 0.01396 ( 1)
 367 E   0.55847 0.01423 0.41639 0.01091 ( 1)
 368 E   0.06776 0.49995 0.05051 0.38177 ( 2)
 369 D   0.00720 0.56146 0.00537 0.42597 ( 2)
 370 D   0.37893 0.19259 0.28235 0.14612 ( 1)
 371 D   0.55648 0.01633 0.41475 0.01244 ( 1)
 372 S   0.00049 0.56519 0.00036 0.43396 ( 2)
 373 D   0.05651 0.51254 0.04211 0.38885 ( 2)
 374 D   0.39881 0.17253 0.29724 0.13142 ( 1)
 375 D   0.35589 0.21546 0.26518 0.16347 ( 1)
 376 E   0.00391 0.56316 0.00291 0.43002 ( 2)
 377 D   0.55550 0.01730 0.41402 0.01318 ( 1)


lnL = -3073.219182

Bayes Empirical Bayes (BEB) probabilities for 4 classes (class)
(amino acids refer to 1st sequence: Bacu)

   1 M   0.86137 0.06786 0.06538 0.00539 ( 1)
   2 K   0.25654 0.66959 0.02012 0.05375 ( 2)
   3 R   0.44434 0.48506 0.03298 0.03762 ( 2)
   4 T   0.86166 0.06760 0.06538 0.00537 ( 1)
   5 H   0.45310 0.47628 0.03365 0.03696 ( 2)
   6 L   0.73518 0.18956 0.05956 0.01570 ( 1)
   7 F   0.77272 0.15301 0.06171 0.01256 ( 1)
   8 V   0.23136 0.69426 0.01831 0.05607 ( 2)
   9 M   0.24223 0.68340 0.01917 0.05520 ( 2)
  10 A   0.00641 0.92090 0.00049 0.07221 ( 2)
  11 V   0.83361 0.09427 0.06453 0.00759 ( 1)
  12 Y   0.79243 0.13392 0.06272 0.01093 ( 1)
  13 L   0.73518 0.18956 0.05956 0.01570 ( 1)
  14 L   0.73518 0.18956 0.05956 0.01570 ( 1)
  15 S   0.87094 0.05886 0.06555 0.00465 ( 1)
  16 T   0.42446 0.50446 0.03176 0.03932 ( 2)
  17 C   0.88563 0.04519 0.06564 0.00354 ( 1)
  18 R   0.32310 0.60590 0.02403 0.04697 ( 2)
  19 A   0.81645 0.11063 0.06395 0.00897 ( 1)
  20 E   0.23003 0.69548 0.01824 0.05624 ( 2)
  21 E   0.78083 0.14508 0.06220 0.01189 ( 1)
  22 G   0.85481 0.07392 0.06537 0.00590 ( 1)
  23 L   0.73987 0.18487 0.05994 0.01531 ( 1)
  24 N   0.36524 0.56257 0.02783 0.04435 ( 2)
  25 F   0.79792 0.12852 0.06308 0.01048 ( 1)
  26 P   0.82092 0.10632 0.06416 0.00861 ( 1)
  27 T   0.86488 0.06438 0.06563 0.00512 ( 1)
  28 Y   0.80046 0.12607 0.06319 0.01027 ( 1)
  29 D   0.77384 0.15187 0.06182 0.01247 ( 1)
  30 G   0.85218 0.07642 0.06529 0.00611 ( 1)
  31 K   0.29044 0.63573 0.02278 0.05106 ( 2)
  32 D   0.77424 0.15147 0.06185 0.01244 ( 1)
  33 R   0.81524 0.11172 0.06397 0.00907 ( 1)
  34 V   0.78645 0.13960 0.06253 0.01143 ( 1)
  35 V   0.83742 0.09047 0.06483 0.00728 ( 1)
  36 S   0.79610 0.13027 0.06300 0.01063 ( 1)
  37 L   0.80318 0.12343 0.06334 0.01005 ( 1)
  38 T   0.86511 0.06415 0.06564 0.00510 ( 1)
  39 E   0.78125 0.14466 0.06223 0.01185 ( 1)
  40 K   0.80490 0.12176 0.06343 0.00991 ( 1)
  41 N   0.85250 0.07608 0.06534 0.00608 ( 1)
  42 F   0.79839 0.12804 0.06312 0.01044 ( 1)
  43 K   0.80490 0.12176 0.06343 0.00991 ( 1)
  44 Q   0.78880 0.13736 0.06261 0.01123 ( 1)
  45 V   0.83989 0.08810 0.06492 0.00708 ( 1)
  46 L   0.19479 0.73008 0.01563 0.05950 ( 2)
  47 K   0.80490 0.12176 0.06343 0.00991 ( 1)
  48 K   0.80700 0.11974 0.06353 0.00974 ( 1)
  49 Y   0.25035 0.67554 0.01972 0.05440 ( 2)
  50 D   0.77424 0.15147 0.06185 0.01244 ( 1)
  51 L   0.74980 0.17495 0.06076 0.01449 ( 1)
  52 L   0.85489 0.07386 0.06536 0.00590 ( 1)
  53 C   0.89245 0.03972 0.06475 0.00307 ( 1)
  54 L   0.85503 0.07372 0.06537 0.00589 ( 1)
  55 Y   0.24722 0.67867 0.01947 0.05464 ( 2)
  56 Y   0.25067 0.67521 0.01975 0.05437 ( 2)
  57 H   0.84935 0.07912 0.06520 0.00633 ( 1)
  58 E   0.78049 0.14542 0.06217 0.01192 ( 1)
  59 P   0.82100 0.10624 0.06416 0.00860 ( 1)
  60 V   0.22869 0.69693 0.01810 0.05628 ( 2)
  61 S   0.86259 0.06656 0.06555 0.00529 ( 1)
  62 S   0.83163 0.09549 0.06514 0.00774 ( 1)
  63 D   0.76145 0.16393 0.06112 0.01350 ( 1)
  64 K   0.80610 0.12063 0.06346 0.00981 ( 1)
  65 A   0.00568 0.92109 0.00044 0.07280 ( 2)
  66 A   0.00079 0.82099 0.00123 0.17699 ( 2)
  67 Q   0.78799 0.13816 0.06255 0.01130 ( 1)
  68 K   0.80610 0.12063 0.06346 0.00981 ( 1)
  69 Q   0.15436 0.77129 0.01219 0.06216 ( 2)
  70 F   0.25663 0.66932 0.02019 0.05385 ( 2)
  71 Q   0.79428 0.13208 0.06286 0.01078 ( 1)
  72 M   0.02550 0.89902 0.00206 0.07343 ( 2)
  73 K   0.80610 0.12063 0.06346 0.00981 ( 1)
  74 E   0.79026 0.13596 0.06266 0.01111 ( 1)
  75 I   0.25079 0.67515 0.01974 0.05433 ( 2)
  76 V   0.15846 0.76711 0.01253 0.06190 ( 2)
  77 L   0.73613 0.18861 0.05964 0.01562 ( 1)
  78 E   0.78009 0.14583 0.06214 0.01195 ( 1)
  79 F   0.76815 0.15758 0.06134 0.01293 ( 1)
  80 D   0.20282 0.72226 0.01621 0.05871 ( 2)
  81 E   0.78335 0.14287 0.06211 0.01167 ( 1)
  82 E   0.78335 0.14287 0.06211 0.01167 ( 1)
  83 G   0.84090 0.08760 0.06449 0.00701 ( 1)
  84 S   0.78765 0.13871 0.06232 0.01132 ( 1)
  85 L   0.17810 0.74646 0.01437 0.06107 ( 2)
  86 Y   0.79242 0.13411 0.06255 0.01093 ( 1)
  87 V   0.30782 0.61943 0.02366 0.04909 ( 2)
  88 L   0.84396 0.08478 0.06449 0.00677 ( 1)
  89 K   0.79598 0.13067 0.06271 0.01063 ( 1)
  90 G   0.87912 0.05163 0.06520 0.00404 ( 1)
  91 D   0.75592 0.16946 0.06067 0.01395 ( 1)
  92 R   0.80448 0.12247 0.06311 0.00994 ( 1)
  93 T   0.26161 0.66476 0.02042 0.05321 ( 2)
  94 I   0.79895 0.12781 0.06286 0.01039 ( 1)
  95 E   0.77373 0.15218 0.06162 0.01247 ( 1)
  96 F   0.76932 0.15642 0.06143 0.01284 ( 1)
  97 D   0.75592 0.16946 0.06067 0.01395 ( 1)
  98 G   0.84252 0.08606 0.06454 0.00688 ( 1)
  99 E   0.77377 0.15214 0.06163 0.01246 ( 1)
 100 F   0.76815 0.15758 0.06134 0.01293 ( 1)
 101 A   0.80938 0.11769 0.06339 0.00954 ( 1)
 102 A   0.81190 0.11534 0.06343 0.00933 ( 1)
 103 D   0.75607 0.16931 0.06069 0.01394 ( 1)
 104 V   0.82738 0.10049 0.06404 0.00809 ( 1)
 105 L   0.74588 0.17923 0.06010 0.01479 ( 1)
 106 V   0.77772 0.14832 0.06183 0.01214 ( 1)
 107 E   0.77373 0.15218 0.06162 0.01247 ( 1)
 108 F   0.76836 0.15737 0.06135 0.01291 ( 1)
 109 L   0.84585 0.08288 0.06466 0.00662 ( 1)
 110 L   0.74588 0.17923 0.06010 0.01479 ( 1)
 111 D   0.76596 0.15974 0.06118 0.01311 ( 1)
 112 L   0.36314 0.56480 0.02760 0.04446 ( 2)
 113 I   0.26799 0.65823 0.02098 0.05279 ( 2)
 114 E   0.78925 0.13697 0.06258 0.01119 ( 1)
 115 D   0.77227 0.15344 0.06169 0.01260 ( 1)
