Supplemental results for CODEML (seqf: /home/leticiamagpali/phd/evol_models/codeml/big_dataset/cml_align/MYH2_codon_aligned.phy  treef: /home/leticiamagpali/phd/evol_models/codeml/big_dataset/cml_trees/gene_trees/H1d_gene_trees/MYH2_tree_H1d.tre)

I	J	ij	2Ns_IJ	pMut_IJ	pSub_IJ	2Ns_JI	pMut_JI	pSub_JI

TTC	TTT	CT	-0.18157	0.07391	0.06740	0.18157	0.06164	0.06740
TTA	TTT	AT	9.55731	0.00000	0.00000	-9.55731	0.01095	0.00001
TTA	TTC	AC	9.73888	0.00000	0.00000	-9.73888	0.02704	0.00002
TTG	TTT	GT	1.69347	0.00224	0.00465	-1.69347	0.01219	0.00465
TTG	TTC	GC	1.87504	0.00462	0.01022	-1.87504	0.03010	0.01022
TTG	TTA	GA	-7.86383	0.00825	0.00002	7.86383	0.00000	0.00000
TCT	TTT	CT	2.33994	0.00594	0.01537	-2.33994	0.06164	0.01537
TCC	TTC	CT	1.10873	0.05023	0.08313	-1.10873	0.15224	0.08313
TCC	TCT	CT	-1.41278	0.05023	0.02284	1.41278	0.01223	0.02284
TCA	TTA	CT	-7.67919	0.01094	0.00004	7.67919	0.00000	0.00000
TCA	TCT	AT	-0.46182	0.00345	0.00271	0.46182	0.00217	0.00271
TCA	TCC	AC	0.95095	0.00710	0.01101	-0.95095	0.01838	0.01101
TCG	TTG	CT	0.50611	0.00883	0.01125	-0.50611	0.01464	0.01125
TCG	TCT	GT	-0.14036	0.00278	0.00259	0.14036	0.00242	0.00259
TCG	TCC	GC	1.27242	0.00573	0.01013	-1.27242	0.02046	0.01013
TCG	TCA	GA	0.32146	0.01025	0.01198	-0.32146	0.01413	0.01198
TAT	TTT	AT	1.36092	0.00281	0.00514	-1.36092	0.01095	0.00514
TAT	TCT	AC	-0.97901	0.00578	0.00341	0.97901	0.00217	0.00341
TAC	TTC	AT	0.75522	0.01271	0.01811	-0.75522	0.02704	0.01811
TAC	TCC	AC	-0.35351	0.02618	0.02182	0.35351	0.01838	0.02182
TAC	TAT	CT	-0.78727	0.04031	0.02651	0.78727	0.01835	0.02651
TGT	TTT	GT	4.12489	0.00020	0.00083	-4.12489	0.01219	0.00083
TGT	TCT	GC	1.78495	0.00041	0.00087	-1.78495	0.00242	0.00087
TGT	TAT	GA	2.76397	0.00073	0.00214	-2.76397	0.01151	0.00214
TGC	TTC	GT	1.30945	0.00813	0.01458	-1.30945	0.03010	0.01458
TGC	TCC	GC	0.20071	0.01674	0.01848	-0.20071	0.02046	0.01848
TGC	TAC	GA	0.55422	0.02993	0.03898	-0.55422	0.05209	0.03898
TGC	TGT	CT	-2.99702	0.02578	0.00406	2.99702	0.00129	0.00406
TGG	TTG	GT	-1.12449	0.00892	0.00482	1.12449	0.00290	0.00482
TGG	TCG	GC	-1.63060	0.01836	0.00729	1.63060	0.00360	0.00729
TGG	TGT	GT	-3.55591	0.00892	0.00093	3.55591	0.00025	0.00093
TGG	TGC	GC	-0.55889	0.01836	0.01371	0.55889	0.01050	0.01371
CTT	TTT	CT	2.82052	0.00367	0.01101	-2.82052	0.06164	0.01101
CTC	TTC	CT	0.89528	0.06219	0.09413	-0.89528	0.15224	0.09413
CTC	CTT	CT	-2.10682	0.06219	0.01814	2.10682	0.00756	0.01814
CTA	TTA	CT	-7.74149	0.01164	0.00004	7.74149	0.00000	0.00000
CTA	CTT	AT	-1.00471	0.00367	0.00213	1.00471	0.00134	0.00213
CTA	CTC	AC	1.10211	0.00756	0.01247	-1.10211	0.02276	0.01247
CTG	TTG	CT	-2.62360	0.20188	0.04143	2.62360	0.01464	0.04143
CTG	CTT	GT	-3.75065	0.06364	0.00574	3.75065	0.00150	0.00574
CTG	CTC	GC	-1.64383	0.13109	0.05161	1.64383	0.02533	0.05161
CTG	CTA	GA	-2.74594	0.23433	0.04414	2.74594	0.01504	0.04414
CCT	TCT	CT	2.85614	0.00070	0.00213	-2.85614	0.01223	0.00213
CCT	CTT	CT	2.37556	0.00070	0.00184	-2.37556	0.00756	0.00184
CCC	TCC	CT	1.49842	0.02313	0.04462	-1.49842	0.10348	0.04462
CCC	CTC	CT	1.71187	0.02313	0.04831	-1.71187	0.12810	0.04831
CCC	CCT	CT	-2.77050	0.02313	0.00428	2.77050	0.00145	0.00428
CCA	TCA	CT	1.23346	0.00656	0.01142	-1.23346	0.02253	0.01142
CCA	CTA	CT	1.29576	0.00656	0.01171	-1.29576	0.02398	0.01171
CCA	CCT	AT	-2.08450	0.00207	0.00061	2.08450	0.00026	0.00061
CCA	CCC	AC	0.68600	0.00426	0.00589	-0.68600	0.00846	0.00589
CCG	TCG	CT	-0.00530	0.01828	0.01823	0.00530	0.01818	0.01823
CCG	CTG	CT	3.12441	0.01828	0.05975	-3.12441	0.41584	0.05975
CCG	CCT	GT	-3.00180	0.00576	0.00090	3.00180	0.00029	0.00090
CCG	CCC	GC	-0.23130	0.01187	0.01055	0.23130	0.00942	0.01055
CCG	CCA	GA	-0.91730	0.02122	0.01296	0.91730	0.00848	0.01296
CAT	TAT	CT	5.45883	0.00008	0.00043	-5.45883	0.01835	0.00043
CAT	CTT	AT	3.99923	0.00002	0.00010	-3.99923	0.00134	0.00010
CAT	CCT	AC	1.62368	0.00005	0.00010	-1.62368	0.00026	0.00010
CAC	TAC	CT	0.65701	0.04305	0.05873	-0.65701	0.08304	0.05873
CAC	CTC	AT	0.51695	0.01357	0.01738	-0.51695	0.02276	0.01738
CAC	CCC	AC	-1.19492	0.02795	0.01450	1.19492	0.00846	0.01450
CAC	CAT	CT	-5.58910	0.04305	0.00090	5.58910	0.00016	0.00090
CAA	CTA	AT	0.09679	0.00387	0.00406	-0.09679	0.00426	0.00406
CAA	CCA	AC	-1.19898	0.00796	0.00412	1.19898	0.00240	0.00412
CAA	CAT	AT	-4.90716	0.00387	0.00014	4.90716	0.00003	0.00014
CAA	CAC	AC	0.68194	0.00796	0.01099	-0.68194	0.01575	0.01099
CAG	CTG	AT	0.72342	0.03583	0.05034	-0.72342	0.07387	0.05034
CAG	CCG	AC	-2.40099	0.07381	0.01766	2.40099	0.00669	0.01766
CAG	CAT	GT	-7.02647	0.03583	0.00022	7.02647	0.00003	0.00022
CAG	CAC	GC	-1.43737	0.07381	0.03306	1.43737	0.01753	0.03306
CAG	CAA	GA	-2.11931	0.13195	0.03817	2.11931	0.01585	0.03817
CGT	TGT	CT	-1.40262	0.00523	0.00239	1.40262	0.00129	0.00239
CGT	CTT	GT	-0.09825	0.00165	0.00157	0.09825	0.00150	0.00157
CGT	CCT	GC	-2.47381	0.00340	0.00077	2.47381	0.00029	0.00077
CGT	CAT	GA	-4.09748	0.00608	0.00042	4.09748	0.00010	0.00042
CGC	TGC	CT	0.29717	0.03945	0.04561	-0.29717	0.05311	0.04561
CGC	CTC	GT	0.71134	0.01244	0.01738	-0.71134	0.02533	0.01738
CGC	CCC	GC	-1.00054	0.02562	0.01490	1.00054	0.00942	0.01490
CGC	CAC	GA	0.19438	0.04580	0.05039	-0.19438	0.05562	0.05039
CGC	CGT	CT	-1.29723	0.03945	0.01925	1.29723	0.01078	0.01925
CGA	CTA	GT	0.42396	0.00310	0.00381	-0.42396	0.00474	0.00381
CGA	CCA	GC	-0.87180	0.00639	0.00401	0.87180	0.00267	0.00401
CGA	CAA	GA	0.32717	0.01143	0.01340	-0.32717	0.01585	0.01340
CGA	CGT	AT	-0.48250	0.00310	0.00241	0.48250	0.00192	0.00241
CGA	CGC	AC	0.81473	0.00639	0.00935	-0.81473	0.01444	0.00935
CGG	TGG	CT	1.20263	0.01750	0.03008	-1.20263	0.05826	0.03008
CGG	CTG	GT	2.70174	0.00552	0.01598	-2.70174	0.08223	0.01598
CGG	CCG	GC	-0.42266	0.01136	0.00913	0.42266	0.00745	0.00913
CGG	CAG	GA	1.97832	0.02031	0.04664	-1.97832	0.14688	0.04664
CGG	CGT	GT	-0.95066	0.00552	0.00330	0.95066	0.00213	0.00330
CGG	CGC	GC	0.34657	0.01136	0.01345	-0.34657	0.01607	0.01345
CGG	CGA	GA	-0.46816	0.02031	0.01593	0.46816	0.01272	0.01593
ATT	TTT	AT	0.08341	0.01007	0.01050	-0.08341	0.01095	0.01050
ATT	CTT	AC	-2.73712	0.02075	0.00393	2.73712	0.00134	0.00393
ATC	TTC	AT	-0.10446	0.03002	0.02848	0.10446	0.02704	0.02848
ATC	CTC	AC	-0.99973	0.06184	0.03600	0.99973	0.02276	0.03600
ATC	ATT	CT	-0.36944	0.09524	0.07872	0.36944	0.06582	0.07872
ATA	TTA	AT	-8.32173	0.00369	0.00001	8.32173	0.00000	0.00000
ATA	CTA	AC	-0.58024	0.00761	0.00561	0.58024	0.00426	0.00561
ATA	ATT	AT	1.15217	0.00369	0.00622	-1.15217	0.01169	0.00622
ATA	ATC	AC	1.52160	0.00761	0.01481	-1.52160	0.03485	0.01481
ATG	TTG	AT	-2.27834	0.02539	0.00660	2.27834	0.00260	0.00660
ATG	CTG	AC	0.34526	0.05230	0.06185	-0.34526	0.07387	0.06185
ATG	ATT	GT	-0.66827	0.02539	0.01785	0.66827	0.01302	0.01785
ATG	ATC	GC	-0.29884	0.05230	0.04488	0.29884	0.03879	0.04488
ATG	ATA	GA	-1.82044	0.09350	0.03289	1.82044	0.01514	0.03289
ACT	TCT	AT	0.30543	0.00160	0.00186	-0.30543	0.00217	0.00186
ACT	CCT	AC	-2.55071	0.00330	0.00071	2.55071	0.00026	0.00071
ACT	ATT	CT	2.56196	0.00508	0.01410	-2.56196	0.06582	0.01410
ACC	TCC	AT	0.32737	0.01325	0.01554	-0.32737	0.01838	0.01554
ACC	CCC	AC	-1.17105	0.02729	0.01436	1.17105	0.00846	0.01436
ACC	ATC	CT	1.54056	0.04203	0.08241	-1.54056	0.19617	0.08241
ACC	ACT	CT	-1.39084	0.04203	0.01937	1.39084	0.01046	0.01937
ACA	TCA	AT	-0.33862	0.00562	0.00472	0.33862	0.00400	0.00472
ACA	CCA	AC	-1.57208	0.01157	0.00476	1.57208	0.00240	0.00476
ACA	ATA	CT	0.30392	0.01781	0.02066	-0.30392	0.02414	0.02066
ACA	ACT	AT	-1.10587	0.00562	0.00307	1.10587	0.00186	0.00307
ACA	ACC	AC	0.28497	0.01157	0.01329	-0.28497	0.01538	0.01329
ACG	TCG	AT	-0.98999	0.00869	0.00509	0.98999	0.00323	0.00509
ACG	CCG	AC	-0.98469	0.01791	0.01052	0.98469	0.00669	0.01052
ACG	ATG	CT	1.79445	0.02758	0.05935	-1.79445	0.16592	0.05935
ACG	ACT	GT	-1.43578	0.00869	0.00390	1.43578	0.00207	0.00390
ACG	ACC	GC	-0.04495	0.01791	0.01751	0.04495	0.01712	0.01751
ACG	ACA	GA	-0.32991	0.03201	0.02702	0.32991	0.02302	0.02702
AAT	TAT	AT	1.03496	0.00116	0.00186	-1.03496	0.00326	0.00186
AAT	CAT	AC	-4.42388	0.00238	0.00013	4.42388	0.00003	0.00013
AAT	ATT	AT	2.31247	0.00116	0.00297	-2.31247	0.01169	0.00297
AAT	ACT	AC	-0.24949	0.00238	0.00210	0.24949	0.00186	0.00210
AAC	TAC	AT	-0.92220	0.03710	0.02258	0.92220	0.01475	0.02258
AAC	CAC	AC	-1.57921	0.07641	0.03133	1.57921	0.01575	0.03133
AAC	ATC	AT	-0.06252	0.03710	0.03595	0.06252	0.03485	0.03595
AAC	ACC	AC	-1.60308	0.07641	0.03087	1.60308	0.01538	0.03087
AAC	AAT	CT	-2.74443	0.11768	0.02219	2.74443	0.00756	0.02219
AAA	CAA	AC	-1.71189	0.02486	0.00938	1.71189	0.00449	0.00938
AAA	ATA	AT	-1.03486	0.01207	0.00688	1.03486	0.00429	0.00688
AAA	ACA	AC	-1.33879	0.02486	0.01183	1.33879	0.00652	0.01183
AAA	AAT	AT	-2.19517	0.01207	0.00332	2.19517	0.00134	0.00332
AAA	AAC	AC	0.54926	0.02486	0.03231	-0.54926	0.04306	0.03231
AAG	CAG	AC	-1.44259	0.17602	0.07857	1.44259	0.04160	0.07857
AAG	ATG	AT	-1.06443	0.08545	0.04789	1.06443	0.02947	0.04789
AAG	ACG	AC	-2.85888	0.17602	0.03060	2.85888	0.01009	0.03060
AAG	AAT	GT	-4.04518	0.08545	0.00616	4.04518	0.00150	0.00616
AAG	AAC	GC	-1.30075	0.17602	0.08568	1.30075	0.04793	0.08568
AAG	AAA	GA	-1.85001	0.31465	0.10860	1.85001	0.04947	0.10860
AGT	TGT	AT	0.03130	0.00022	0.00023	-0.03130	0.00023	0.00023
AGT	CGT	AC	1.43392	0.00046	0.00086	-1.43392	0.00192	0.00086
AGT	ATT	GT	4.07279	0.00022	0.00092	-4.07279	0.01302	0.00092
AGT	ACT	GC	1.51082	0.00046	0.00089	-1.51082	0.00207	0.00089
AGT	AAT	GA	1.76031	0.00082	0.00174	-1.76031	0.00475	0.00174
AGC	TGC	AT	-0.13859	0.01084	0.01010	0.13859	0.00943	0.01010
AGC	CGC	AC	-0.43576	0.02232	0.01781	0.43576	0.01444	0.01781
AGC	ATC	GT	1.27531	0.01084	0.01918	-1.27531	0.03879	0.01918
AGC	ACC	GC	-0.26526	0.02232	0.01949	0.26526	0.01712	0.01949
AGC	AAC	GA	1.33783	0.03990	0.07237	-1.33783	0.15206	0.07237
AGC	AGT	CT	-3.16692	0.03438	0.00479	3.16692	0.00145	0.00479
AGA	CGA	AC	1.26700	0.00101	0.00179	-1.26700	0.00360	0.00179
AGA	ATA	GT	2.27120	0.00049	0.00125	-2.27120	0.00477	0.00125
AGA	ACA	GC	1.96727	0.00101	0.00232	-1.96727	0.00726	0.00232
AGA	AAA	GA	3.30606	0.00181	0.00622	-3.30606	0.04947	0.00622
AGA	AGT	AT	-0.64942	0.00049	0.00035	0.64942	0.00026	0.00035
AGA	AGC	AC	2.51749	0.00101	0.00278	-2.51749	0.01258	0.00278
AGG	TGG	AT	0.40238	0.00692	0.00841	-0.40238	0.01035	0.00841
AGG	CGG	AC	-0.80026	0.01426	0.00930	0.80026	0.00640	0.00930
AGG	ATG	GT	1.55623	0.00692	0.01365	-1.55623	0.03281	0.01365
AGG	ACG	GC	-0.23823	0.01426	0.01262	0.23823	0.01123	0.01262
AGG	AAG	GA	2.62066	0.02548	0.07202	-2.62066	0.35026	0.07202
AGG	AGT	GT	-3.18483	0.00692	0.00095	3.18483	0.00029	0.00095
AGG	AGC	GC	-0.01792	0.01426	0.01413	0.01792	0.01400	0.01413
AGG	AGA	GA	-2.53541	0.02548	0.00556	2.53541	0.00202	0.00556
GTT	TTT	GT	9.66451	0.00000	0.00000	-9.66451	0.01219	0.00001
GTT	CTT	GC	6.84399	0.00000	0.00000	-6.84399	0.00150	0.00001
GTT	ATT	GA	9.58111	0.00000	0.00000	-9.58111	0.04129	0.00003
GTC	TTC	GT	1.52129	0.00658	0.01280	-1.52129	0.03010	0.01280
GTC	CTC	GC	0.62601	0.01354	0.01822	-0.62601	0.02533	0.01822
GTC	ATC	GA	1.62575	0.02421	0.04901	-1.62575	0.12306	0.04901
GTC	GTT	CT	-8.32480	0.02086	0.00004	8.32480	0.00000	0.00000
GTA	TTA	GT	-7.59834	0.00199	0.00001	7.59834	0.00000	0.00000
GTA	CTA	GC	0.14316	0.00411	0.00441	-0.14316	0.00474	0.00441
GTA	ATA	GA	0.72339	0.00735	0.01032	-0.72339	0.01514	0.01032
GTA	GTT	AT	-7.70555	0.00199	0.00001	7.70555	0.00000	0.00000
GTA	GTC	AC	0.61925	0.00411	0.00551	-0.61925	0.00763	0.00551
GTG	TTG	GT	-1.69743	0.01581	0.00602	1.69743	0.00290	0.00602
GTG	CTG	GC	0.92617	0.03257	0.04995	-0.92617	0.08223	0.04995
GTG	ATG	GA	0.58090	0.05822	0.07676	-0.58090	0.10408	0.07676
GTG	GTT	GT	-9.66848	0.01581	0.00001	9.66848	0.00000	0.00000
GTG	GTC	GC	-1.34368	0.03257	0.01545	1.34368	0.00850	0.01545
GTG	GTA	GA	-1.96293	0.05822	0.01867	1.96293	0.00818	0.01867
GCT	TCT	GT	-1.46741	0.01049	0.00461	1.46741	0.00242	0.00461
GCT	CCT	GC	-4.32355	0.02161	0.00125	4.32355	0.00029	0.00125
GCT	ACT	GA	-1.77284	0.03863	0.01401	1.77284	0.00656	0.01401
GCT	GTT	CT	-8.79199	0.03328	0.00004	8.79199	0.00000	0.00000
GCC	TCC	GT	-0.29237	0.02741	0.02360	0.29237	0.02046	0.02360
GCC	CCC	GC	-1.79079	0.05646	0.02025	1.79079	0.00942	0.02025
GCC	ACC	GA	-0.61975	0.10093	0.07287	0.61975	0.05431	0.07287
GCC	GTC	CT	-0.70493	0.08695	0.05988	0.70493	0.04297	0.05988
GCC	GCT	CT	-0.23774	0.08695	0.07703	0.23774	0.06856	0.07703
GCA	TCA	GT	-0.39677	0.00662	0.00540	0.39677	0.00446	0.00540
GCA	CCA	GC	-1.63023	0.01365	0.00542	1.63023	0.00267	0.00542
GCA	ACA	GA	-0.05816	0.02439	0.02369	0.05816	0.02302	0.02369
GCA	GTA	CT	-0.47763	0.02102	0.01639	0.47763	0.01304	0.01639
GCA	GCT	AT	0.60882	0.00662	0.00885	-0.60882	0.01218	0.00885
GCA	GCC	AC	0.84656	0.01365	0.02023	-0.84656	0.03182	0.02023
GCG	TCG	GT	1.07166	0.00123	0.00201	-1.07166	0.00360	0.00201
GCG	CCG	GC	1.07696	0.00254	0.00414	-1.07696	0.00745	0.00414
GCG	ACG	GA	2.06165	0.00453	0.01071	-2.06165	0.03563	0.01071
GCG	GTG	CT	3.27520	0.00391	0.01330	-3.27520	0.10332	0.01330
GCG	GCT	GT	2.39871	0.00123	0.00325	-2.39871	0.01356	0.00325
GCG	GCC	GC	2.63645	0.00254	0.00720	-2.63645	0.03542	0.00720
GCG	GCA	GA	1.78990	0.00453	0.00974	-1.78990	0.02716	0.00974
GAT	TAT	GT	-0.88804	0.00882	0.00547	0.88804	0.00363	0.00547
GAT	CAT	GC	-6.34687	0.01816	0.00020	6.34687	0.00003	0.00020
GAT	AAT	GA	-1.92300	0.03247	0.01069	1.92300	0.00475	0.01069
GAT	GTT	AT	-9.19163	0.00882	0.00001	9.19163	0.00000	0.00000
GAT	GCT	AC	-0.39964	0.01816	0.01477	0.39964	0.01218	0.01477
GAC	TAC	GT	-0.83584	0.03788	0.02423	0.83584	0.01642	0.02423
GAC	CAC	GC	-1.49284	0.07802	0.03376	1.49284	0.01753	0.03376
GAC	AAC	GA	0.08636	0.13948	0.14559	-0.08636	0.15206	0.14559
GAC	GTC	AT	-1.60190	0.03788	0.01531	1.60190	0.00763	0.01531
GAC	GCC	AC	-0.89697	0.07802	0.04819	0.89697	0.03182	0.04819
GAC	GAT	CT	-0.73507	0.12016	0.08136	0.73507	0.05761	0.08136
GAA	CAA	GC	-1.75573	0.02892	0.01060	1.75573	0.00500	0.01060
GAA	AAA	GA	-0.04384	0.05169	0.05057	0.04384	0.04947	0.05057
GAA	GTA	AT	-1.80210	0.01404	0.00500	1.80210	0.00232	0.00500
GAA	GCA	AC	-1.32447	0.02892	0.01388	1.32447	0.00769	0.01388
GAA	GAT	AT	-0.31602	0.01404	0.01194	0.31602	0.01023	0.01194
GAA	GAC	AC	0.41905	0.02892	0.03540	-0.41905	0.04397	0.03540
GAG	CAG	GC	-1.33549	0.17603	0.08391	1.33549	0.04630	0.08391
GAG	AAG	GA	0.10710	0.31468	0.33183	-0.10710	0.35026	0.33183
GAG	GTG	AT	-1.53823	0.08546	0.03595	1.53823	0.01835	0.03595
GAG	GCG	AC	-4.81343	0.17603	0.00694	4.81343	0.00143	0.00694
GAG	GAT	GT	-2.01508	0.08546	0.02649	2.01508	0.01139	0.02649
GAG	GAC	GC	-1.28001	0.17603	0.08677	1.28001	0.04894	0.08677
GAG	GAA	GA	-1.69906	0.31468	0.11964	1.69906	0.05754	0.11964
GGT	TGT	GT	1.23713	0.00007	0.00013	-1.23713	0.00025	0.00013
GGT	CGT	GC	2.63974	0.00015	0.00043	-2.63974	0.00213	0.00043
GGT	AGT	GA	1.20582	0.00027	0.00047	-1.20582	0.00091	0.00047
GGT	GTT	GT	-4.30250	0.00007	0.00000	4.30250	0.00000	0.00000
GGT	GCT	GC	4.48949	0.00015	0.00069	-4.48949	0.01356	0.00069
GGT	GAT	GA	4.88913	0.00027	0.00134	-4.88913	0.03614	0.00134
GGC	TGC	GT	-0.54991	0.01820	0.01365	0.54991	0.01050	0.01365
GGC	CGC	GC	-0.84708	0.03749	0.02383	0.84708	0.01607	0.02383
GGC	AGC	GA	-0.41131	0.06702	0.05418	0.41131	0.04442	0.05418
GGC	GTC	GT	-0.76175	0.01820	0.01214	0.76175	0.00850	0.01214
GGC	GCC	GC	-0.05682	0.03749	0.03643	0.05682	0.03542	0.03643
GGC	GAC	GA	0.84015	0.06702	0.09907	-0.84015	0.15526	0.09907
GGC	GGT	CT	-4.78405	0.05773	0.00233	4.78405	0.00048	0.00233
GGA	CGA	GC	-0.67348	0.00786	0.00551	0.67348	0.00401	0.00551
GGA	AGA	GA	-1.94048	0.01406	0.00457	1.94048	0.00202	0.00457
GGA	GTA	GT	-0.39268	0.00382	0.00312	0.39268	0.00258	0.00312
GGA	GCA	GC	0.08495	0.00786	0.00820	-0.08495	0.00856	0.00820
GGA	GAA	GA	1.40942	0.01406	0.02622	-1.40942	0.05754	0.02622
GGA	GGT	AT	-3.79573	0.00382	0.00033	3.79573	0.00009	0.00033
GGA	GGC	AC	0.98833	0.00786	0.01238	-0.98833	0.02113	0.01238
GGG	TGG	GT	-0.02585	0.01182	0.01167	0.02585	0.01152	0.01167
GGG	CGG	GC	-1.22848	0.02435	0.01238	1.22848	0.00713	0.01238
GGG	AGG	GA	-0.42822	0.04353	0.03487	0.42822	0.02837	0.03487
GGG	GTG	GT	0.54710	0.01182	0.01535	-0.54710	0.02043	0.01535
GGG	GCG	GC	-2.72810	0.02435	0.00464	2.72810	0.00159	0.00464
GGG	GAG	GA	2.08533	0.04353	0.10365	-2.08533	0.35029	0.10365
GGG	GGT	GT	-4.81888	0.01182	0.00046	4.81888	0.00010	0.00046
GGG	GGC	GC	-0.03483	0.02435	0.02393	0.03483	0.02352	0.02393
GGG	GGA	GA	-1.02315	0.04353	0.02499	1.02315	0.01565	0.02499


Histograms
2Ns	FMut	FSub(CodonUsage)	FSubw(after w)

-9.27512	0.00744	0.00001
-8.34761	0.00370	0.00001
-7.42010	0.00452	0.00003
-6.49259	0.00126	0.00002
-5.56507	0.00393	0.00012
-4.63756	0.02070	0.00122
-3.71005	0.02224	0.00320
-2.78254	0.13509	0.03611
-1.85502	0.23620	0.12474
-0.92751	0.21694	0.18471
0.00000	0.21183	0.29971
0.92751	0.08488	0.18471
1.85502	0.04178	0.12474
2.78254	0.00867	0.03611
3.71005	0.00061	0.00320
4.63756	0.00018	0.00122
5.56507	0.00002	0.00012
6.49259	0.00000	0.00002
7.42010	0.00000	0.00002
8.34761	0.00000	0.00000
9.27512	0.00000	0.00000

Proportion of advantageous (S > 0) mutations:
 0.23124

Proportions of good & bad mutations (|S| > 2.0000) among mutations:
0.01516  0.24509

mean |Ns| = 1.56543	mean Ns+ = 0.83602	mean Ns- = -1.78483


MLEs of dN/dS (w) for site classes (K=4)

site class             0        1       2a       2b
proportion       0.86039  0.07000  0.06438  0.00524
background w     0.01474  1.00000  0.01474  1.00000
foreground w     0.01474  1.00000 17.65467 17.65467

Naive Empirical Bayes (NEB) probabilities for 4 classes
(amino acids refer to 1st sequence: Bacu)

   1 E   0.97803 0.00861 0.01323 0.00013 ( 1)
   2 S   0.98517 0.00544 0.00933 0.00006 ( 1)
   3 G   0.99137 0.00345 0.00516 0.00002 ( 1)
   4 A   0.97810 0.00851 0.01325 0.00013 ( 1)
   5 G   0.99137 0.00345 0.00516 0.00002 ( 1)
   6 K   0.96083 0.01659 0.02216 0.00042 ( 1)
   7 T   0.99061 0.00391 0.00545 0.00003 ( 1)
   8 V   0.99787 0.00045 0.00169 0.00000 ( 1)
   9 N   0.98316 0.00653 0.01023 0.00008 ( 1)
  10 T   0.99309 0.00215 0.00474 0.00001 ( 1)
  11 K   0.96109 0.01633 0.02216 0.00041 ( 1)
  12 R   0.99747 0.00079 0.00174 0.00000 ( 1)
  13 V   0.99787 0.00045 0.00169 0.00000 ( 1)
  14 I   0.97471 0.01072 0.01439 0.00018 ( 1)
  15 Q   0.97090 0.01349 0.01537 0.00024 ( 1)
  16 Y   0.98918 0.00419 0.00660 0.00003 ( 1)
  17 F   0.93893 0.02759 0.03247 0.00101 ( 1)
  18 A   0.92551 0.03391 0.03909 0.00149 ( 1)
  19 V   0.96485 0.03344 0.00163 0.00008 ( 1)
  20 I   0.94250 0.02778 0.02881 0.00090 ( 1)
  21 A   0.97147 0.01265 0.01566 0.00023 ( 1)
  22 A   0.94959 0.01423 0.03562 0.00056 ( 1)
  23 I   0.94564 0.02570 0.02785 0.00081 ( 1)
  24 G   0.98736 0.00415 0.00845 0.00004 ( 1)
  25 D   0.96812 0.01527 0.01633 0.00028 ( 1)
  26 R   0.98714 0.00499 0.00782 0.00005 ( 1)
  27 S   0.99520 0.00155 0.00324 0.00001 ( 1)
  28 K   0.96083 0.01659 0.02216 0.00042 ( 1)
  29 K   0.96316 0.01427 0.02221 0.00036 ( 1)
  30 E   0.96194 0.01575 0.02192 0.00039 ( 1)
  31 Q   0.01566 0.96713 0.00025 0.01696 ( 2)
  32 T   0.00076 0.98322 0.00001 0.01600 ( 2)
  33 S   0.37982 0.59504 0.00936 0.01578 ( 2)
  34 G   0.98600 0.00551 0.00844 0.00006 ( 1)
  35 K   0.96083 0.01659 0.02216 0.00042 ( 1)
  36 N   0.94298 0.00586 0.05084 0.00032 ( 1)
  37 S   0.95600 0.00134 0.04259 0.00006 ( 1)
  38 F   0.00000 0.93800 0.00000 0.06200 ( 2)
  39 E   0.94813 0.01330 0.03798 0.00059 ( 1)
  40 Q   0.97342 0.01160 0.01478 0.00020 ( 1)
  41 L   0.96571 0.00826 0.02578 0.00024 ( 1)
  42 C   0.99551 0.00114 0.00335 0.00000 ( 1)
  43 I   0.97708 0.00902 0.01376 0.00014 ( 1)
  44 N   0.98502 0.00526 0.00966 0.00006 ( 1)
  45 F   0.98027 0.00671 0.01292 0.00010 ( 1)
  46 T   0.99406 0.00157 0.00436 0.00001 ( 1)
  47 N   0.98529 0.00517 0.00948 0.00006 ( 1)
  48 E   0.96477 0.01373 0.02117 0.00033 ( 1)
  49 K   0.96369 0.01453 0.02142 0.00035 ( 1)
  50 L   0.92919 0.03281 0.03665 0.00135 ( 1)
  51 Q   0.97360 0.01143 0.01478 0.00019 ( 1)
  52 Q   0.97342 0.01160 0.01478 0.00020 ( 1)
  53 F   0.98027 0.00671 0.01292 0.00010 ( 1)
  54 F   0.98027 0.00671 0.01292 0.00010 ( 1)
  55 N   0.98502 0.00526 0.00966 0.00006 ( 1)
  56 H   0.99479 0.00136 0.00384 0.00001 ( 1)
  57 H   0.99479 0.00136 0.00384 0.00001 ( 1)
  58 M   0.98871 0.00346 0.00780 0.00003 ( 1)
  59 F   0.98027 0.00671 0.01292 0.00010 ( 1)
  60 V   0.58856 0.40307 0.00466 0.00371 ( 1)
  61 L   0.92886 0.03314 0.03664 0.00137 ( 1)
  62 E   0.96639 0.01212 0.02120 0.00029 ( 1)
  63 Q   0.97373 0.01130 0.01478 0.00019 ( 1)
  64 E   0.96477 0.01373 0.02117 0.00033 ( 1)
  65 E   0.97798 0.00901 0.01287 0.00014 ( 1)
  66 Y   0.99049 0.00332 0.00616 0.00002 ( 1)
  67 K   0.96369 0.01453 0.02142 0.00035 ( 1)
  68 K   0.96369 0.01453 0.02142 0.00035 ( 1)
  69 E   0.96477 0.01373 0.02117 0.00033 ( 1)
  70 G   0.98765 0.00437 0.00793 0.00004 ( 1)
  71 I   0.97708 0.00902 0.01376 0.00014 ( 1)
  72 E   0.50098 0.47653 0.01099 0.01150 ( 1)
  73 W   0.97332 0.01174 0.01474 0.00020 ( 1)
  74 E   0.34150 0.63568 0.00749 0.01533 ( 2)
  75 F   0.98027 0.00671 0.01292 0.00010 ( 1)
  76 I   0.97708 0.00902 0.01376 0.00014 ( 1)
  77 D   0.98588 0.00464 0.00943 0.00005 ( 1)
  78 F   0.98006 0.00692 0.01291 0.00010 ( 1)
  79 G   0.98769 0.00434 0.00793 0.00004 ( 1)
  80 M   0.79511 0.19678 0.00627 0.00184 ( 1)
  81 D   0.98588 0.00464 0.00943 0.00005 ( 1)
  82 L   0.92886 0.03314 0.03664 0.00137 ( 1)
  83 Q   0.00709 0.97634 0.00011 0.01647 ( 2)
  84 A   0.59752 0.38661 0.00920 0.00667 ( 1)
  85 C   0.99547 0.00118 0.00335 0.00000 ( 1)
  86 I   0.97606 0.00938 0.01441 0.00016 ( 1)
  87 D   0.74554 0.24399 0.00759 0.00289 ( 1)
  88 L   0.98243 0.00592 0.01157 0.00008 ( 1)
  89 I   0.97623 0.00920 0.01441 0.00015 ( 1)
  90 E   0.96390 0.01379 0.02197 0.00034 ( 1)
  91 K   0.96284 0.01459 0.02220 0.00037 ( 1)
  92 P   0.99652 0.00078 0.00270 0.00000 ( 1)
  93 M   0.98829 0.00333 0.00834 0.00003 ( 1)
  94 G   0.98729 0.00422 0.00845 0.00004 ( 1)
  95 I   0.97661 0.00883 0.01442 0.00015 ( 1)
  96 M   0.05929 0.93091 0.00050 0.00929 ( 2)
  97 S   0.98635 0.00427 0.00934 0.00005 ( 1)
  98 I   0.97673 0.00871 0.01442 0.00014 ( 1)
  99 L   0.93546 0.02590 0.03756 0.00109 ( 1)
 100 E   0.96435 0.01334 0.02198 0.00033 ( 1)
 101 E   0.96430 0.01339 0.02198 0.00033 ( 1)
 102 E   0.96430 0.01339 0.02198 0.00033 ( 1)
 103 C   0.99522 0.00110 0.00367 0.00001 ( 1)
 104 M   0.98832 0.00330 0.00834 0.00003 ( 1)
 105 F   0.97980 0.00647 0.01362 0.00010 ( 1)
 106 P   0.99667 0.00064 0.00270 0.00000 ( 1)
 107 K   0.96325 0.01418 0.02221 0.00036 ( 1)
 108 A   0.97469 0.00943 0.01571 0.00017 ( 1)
 109 T   0.99642 0.00071 0.00287 0.00000 ( 1)
 110 D   0.98547 0.00445 0.01003 0.00005 ( 1)
 111 M   0.98832 0.00330 0.00834 0.00003 ( 1)
 112 T   0.99377 0.00148 0.00475 0.00001 ( 1)
 113 F   0.97980 0.00647 0.01362 0.00010 ( 1)
 114 K   0.48519 0.49123 0.01119 0.01239 ( 2)
 115 A   0.93190 0.02976 0.03710 0.00124 ( 1)
 116 K   0.96352 0.01391 0.02222 0.00035 ( 1)
 117 L   0.92965 0.03169 0.03733 0.00133 ( 1)
 118 F   0.00000 0.96735 0.00000 0.03265 ( 2)
 119 D   0.98568 0.00424 0.01003 0.00005 ( 1)
 120 N   0.04176 0.94643 0.00043 0.01138 ( 2)
 121 H   0.99461 0.00120 0.00419 0.00001 ( 1)
 122 L   0.92904 0.03230 0.03730 0.00136 ( 1)
 123 G   0.98806 0.00345 0.00845 0.00003 ( 1)
 124 K   0.96474 0.01269 0.02225 0.00032 ( 1)
 125 S   0.98709 0.00352 0.00935 0.00004 ( 1)
 126 S   0.00000 0.99565 0.00000 0.00435 ( 2)
 127 N   0.98574 0.00395 0.01026 0.00005 ( 1)
 128 F   0.98110 0.00518 0.01364 0.00008 ( 1)
 129 Q   0.97562 0.00941 0.01481 0.00016 ( 1)
 130 K   0.96608 0.01215 0.02148 0.00030 ( 1)
 131 P   0.16741 0.00665 0.82534 0.00061 ( 3)
 132 R   0.98744 0.00446 0.00806 0.00004 ( 1)
 133 N   0.98912 0.00229 0.00857 0.00002 ( 1)
 134 I   0.66582 0.31973 0.00938 0.00507 ( 1)
 135 K   0.96618 0.01204 0.02148 0.00029 ( 1)
 136 G   0.99340 0.00179 0.00480 0.00001 ( 1)
 137 K   0.00000 0.97582 0.00000 0.02417 ( 2)
 138 P   0.99703 0.00050 0.00247 0.00000 ( 1)
 139 E   0.98190 0.00541 0.01260 0.00008 ( 1)
 140 A   0.97714 0.00768 0.01505 0.00013 ( 1)
 141 H   0.99530 0.00086 0.00384 0.00000 ( 1)
 142 F   0.98191 0.00508 0.01294 0.00008 ( 1)
 143 S   0.98797 0.00321 0.00879 0.00003 ( 1)
 144 L   0.93172 0.03028 0.03675 0.00125 ( 1)
 145 I   0.00050 0.98390 0.00001 0.01560 ( 2)
 146 H   0.99530 0.00086 0.00384 0.00000 ( 1)
 147 Y   0.97670 0.00528 0.01792 0.00011 ( 1)
 148 A   0.97640 0.00842 0.01503 0.00015 ( 1)
 149 G   0.98888 0.00315 0.00794 0.00003 ( 1)
 150 T   0.99370 0.00135 0.00495 0.00001 ( 1)
 151 V   0.98844 0.00370 0.00783 0.00003 ( 1)
 152 D   0.98707 0.00345 0.00944 0.00004 ( 1)
 153 Y   0.99155 0.00226 0.00617 0.00002 ( 1)
 154 N   0.98641 0.00387 0.00967 0.00004 ( 1)
 155 I   0.97903 0.00707 0.01379 0.00011 ( 1)
 156 I   0.29396 0.70297 0.00075 0.00232 ( 2)
 157 G   0.98892 0.00311 0.00794 0.00003 ( 1)
 158 W   0.97558 0.00948 0.01478 0.00016 ( 1)
 159 L   0.97039 0.01237 0.01700 0.00024 ( 1)
 160 Q   0.59088 0.39352 0.00897 0.00664 ( 1)
 161 K   0.97975 0.00731 0.01283 0.00011 ( 1)
 162 N   0.98641 0.00387 0.00967 0.00004 ( 1)
 163 K   0.98025 0.00682 0.01283 0.00010 ( 1)
 164 D   0.98715 0.00336 0.00944 0.00004 ( 1)
 165 P   0.99712 0.00045 0.00243 0.00000 ( 1)
 166 L   0.98459 0.00440 0.01096 0.00006 ( 1)
 167 N   0.98676 0.00353 0.00968 0.00004 ( 1)
 168 E   0.96720 0.01130 0.02122 0.00027 ( 1)
 169 T   0.99280 0.00210 0.00509 0.00001 ( 1)
 170 V   0.98937 0.00277 0.00783 0.00003 ( 1)
 171 V   0.98844 0.00370 0.00783 0.00003 ( 1)
 172 E   0.01109 0.96538 0.00024 0.02329 ( 2)
 173 L   0.99720 0.00066 0.00214 0.00000 ( 1)
 174 Y   0.99155 0.00226 0.00617 0.00002 ( 1)
 175 K   0.53820 0.43914 0.01197 0.01070 ( 1)
 176 K   0.97063 0.00879 0.02037 0.00020 ( 1)
 177 S   0.98797 0.00321 0.00879 0.00003 ( 1)
 178 S   0.99313 0.00234 0.00451 0.00001 ( 1)
 179 L   0.60714 0.38121 0.00676 0.00489 ( 1)
 180 K   0.96517 0.01306 0.02146 0.00032 ( 1)
 181 M   0.00000 0.99712 0.00000 0.00288 ( 2)
 182 L   0.98084 0.00814 0.01092 0.00010 ( 1)
 183 S   0.83705 0.15987 0.00248 0.00060 ( 1)
 184 T   0.06696 0.92767 0.00030 0.00507 ( 2)
 185 L   0.92542 0.03657 0.03650 0.00151 ( 1)
 186 F   0.93878 0.02851 0.03169 0.00102 ( 1)
 187 A   0.97224 0.01257 0.01497 0.00022 ( 1)
 188 N   0.98291 0.00737 0.00964 0.00008 ( 1)
 189 Y   0.95802 0.02177 0.01972 0.00049 ( 1)
 190 A   0.92093 0.03911 0.03827 0.00169 ( 1)
 191 G   0.99104 0.00415 0.00479 0.00002 ( 1)
 192 F   0.93835 0.02894 0.03168 0.00104 ( 1)
 193 D   0.98392 0.00660 0.00941 0.00007 ( 1)
 194 S   0.60810 0.38115 0.00623 0.00452 ( 1)
 195 Y   0.99108 0.00273 0.00617 0.00002 ( 1)
 196 R   0.98914 0.00349 0.00734 0.00003 ( 1)
 197 I   0.97826 0.00784 0.01378 0.00012 ( 1)
 198 L   0.93026 0.03174 0.03669 0.00131 ( 1)
 199 N   0.98602 0.00426 0.00967 0.00005 ( 1)
 200 P   0.99696 0.00057 0.00247 0.00000 ( 1)
 201 A   0.98149 0.00581 0.01261 0.00009 ( 1)
 202 A   0.97656 0.00826 0.01504 0.00014 ( 1)
 203 I   0.97847 0.00763 0.01378 0.00012 ( 1)
 204 P   0.99717 0.00039 0.00243 0.00000 ( 1)
 205 E   0.96649 0.01201 0.02121 0.00029 ( 1)
 206 G   0.98854 0.00349 0.00794 0.00003 ( 1)
 207 Q   0.97502 0.01001 0.01480 0.00017 ( 1)
 208 F   0.98144 0.00554 0.01293 0.00008 ( 1)
 209 I   0.94750 0.02347 0.02828 0.00074 ( 1)
 210 D   0.98680 0.00372 0.00944 0.00004 ( 1)
 211 S   0.99625 0.00079 0.00295 0.00000 ( 1)
 212 R   0.99808 0.00036 0.00156 0.00000 ( 1)
 213 K   0.97969 0.00737 0.01283 0.00011 ( 1)
 214 G   0.99318 0.00201 0.00480 0.00001 ( 1)
 215 S   0.00000 0.97480 0.00000 0.02520 ( 2)
 216 E   0.96649 0.01201 0.02121 0.00029 ( 1)
 217 K   0.96545 0.01277 0.02146 0.00031 ( 1)
 218 L   0.93085 0.03115 0.03671 0.00128 ( 1)
 219 L   0.93220 0.02980 0.03677 0.00123 ( 1)
 220 G   0.80197 0.18981 0.00644 0.00179 ( 1)
 221 S   0.98762 0.00356 0.00878 0.00004 ( 1)
 222 L   0.93085 0.03115 0.03671 0.00128 ( 1)
 223 D   0.98680 0.00372 0.00944 0.00004 ( 1)
 224 I   0.94940 0.02158 0.02834 0.00068 ( 1)
 225 D   0.98680 0.00372 0.00944 0.00004 ( 1)
 226 H   0.99517 0.00099 0.00384 0.00000 ( 1)
 227 N   0.98602 0.00426 0.00967 0.00005 ( 1)
 228 Q   0.97502 0.01001 0.01480 0.00017 ( 1)
 229 Y   0.99128 0.00253 0.00617 0.00002 ( 1)
 230 K   0.96545 0.01277 0.02146 0.00031 ( 1)
 231 F   0.98131 0.00568 0.01293 0.00009 ( 1)
 232 G   0.98854 0.00349 0.00794 0.00003 ( 1)
 233 H   0.99517 0.00099 0.00384 0.00000 ( 1)
 234 T   0.99448 0.00116 0.00436 0.00001 ( 1)
 235 K   0.96545 0.01277 0.02146 0.00031 ( 1)
 236 D   0.80744 0.18277 0.00774 0.00205 ( 1)
 237 S   0.06523 0.92441 0.00059 0.00977 ( 2)
 238 L   0.93358 0.02843 0.03682 0.00117 ( 1)
 239 L   0.93334 0.02866 0.03681 0.00118 ( 1)
 240 V   0.99655 0.00057 0.00288 0.00000 ( 1)
 241 I   0.97937 0.00673 0.01379 0.00011 ( 1)
 242 Q   0.97606 0.00897 0.01482 0.00015 ( 1)
 243 W   0.97597 0.00909 0.01478 0.00015 ( 1)
 244 N   0.98697 0.00332 0.00968 0.00004 ( 1)
 245 I   0.94892 0.02205 0.02832 0.00070 ( 1)
 246 R   0.99701 0.00045 0.00254 0.00000 ( 1)
 247 A   0.97750 0.00732 0.01505 0.00013 ( 1)
 248 F   0.98218 0.00480 0.01294 0.00007 ( 1)
 249 M   0.98991 0.00226 0.00781 0.00002 ( 1)
 250 G   0.77601 0.21897 0.00375 0.00128 ( 1)
 251 V   0.99837 0.00013 0.00149 0.00000 ( 1)
 252 K   0.96663 0.01160 0.02149 0.00028 ( 1)
 253 N   0.98774 0.00303 0.00920 0.00003 ( 1)
 254 W   0.97597 0.00909 0.01478 0.00015 ( 1)
 255 P   0.99724 0.00033 0.00243 0.00000 ( 1)
 256 W   0.97597 0.00909 0.01478 0.00015 ( 1)
 257 M   0.98991 0.00226 0.00781 0.00002 ( 1)
 258 K   0.96663 0.01160 0.02149 0.00028 ( 1)
 259 L   0.98484 0.00415 0.01096 0.00005 ( 1)
 260 Y   0.99171 0.00210 0.00617 0.00002 ( 1)
 261 F   0.98215 0.00484 0.01294 0.00007 ( 1)
 262 K   0.96663 0.01160 0.02149 0.00028 ( 1)
 263 I   0.97937 0.00673 0.01379 0.00011 ( 1)
 264 K   0.98057 0.00649 0.01284 0.00010 ( 1)
 265 P   0.99707 0.00044 0.00249 0.00000 ( 1)
 266 L   0.93858 0.02609 0.03433 0.00101 ( 1)
 267 L   0.93414 0.02787 0.03684 0.00115 ( 1)
 268 K   0.96663 0.01160 0.02149 0.00028 ( 1)
 269 S   0.99683 0.00048 0.00269 0.00000 ( 1)
 270 A   0.98225 0.00505 0.01262 0.00007 ( 1)
 271 E   0.96764 0.01087 0.02123 0.00026 ( 1)
 272 T   0.06790 0.92042 0.00070 0.01098 ( 2)
 273 E   0.96764 0.01087 0.02123 0.00026 ( 1)
 274 K   0.96663 0.01160 0.02149 0.00028 ( 1)
 275 E   0.98160 0.00572 0.01260 0.00008 ( 1)
 276 I   0.00011 0.99660 0.00000 0.00329 ( 2)
 277 A   0.97750 0.00732 0.01505 0.00013 ( 1)
 278 L   0.00000 0.98724 0.00000 0.01276 ( 2)
 279 M   0.98991 0.00226 0.00781 0.00002 ( 1)
 280 K   0.96663 0.01160 0.02149 0.00028 ( 1)
 281 E   0.96764 0.01087 0.02123 0.00026 ( 1)
 282 E   0.96764 0.01087 0.02123 0.00026 ( 1)
 283 F   0.94543 0.02187 0.03192 0.00078 ( 1)
 284 G   0.99354 0.00165 0.00480 0.00001 ( 1)
 285 R   0.99002 0.00261 0.00735 0.00002 ( 1)
 286 L   0.98484 0.00415 0.01096 0.00005 ( 1)
 287 K   0.98057 0.00649 0.01284 0.00010 ( 1)
 288 E   0.96764 0.01087 0.02123 0.00026 ( 1)
 289 A   0.00789 0.95031 0.00033 0.04147 ( 2)
 290 L   0.93226 0.02974 0.03677 0.00123 ( 1)
 291 E   0.96764 0.01087 0.02123 0.00026 ( 1)
 292 K   0.96663 0.01160 0.02149 0.00028 ( 1)
 293 S   0.99348 0.00200 0.00451 0.00001 ( 1)
 294 E   0.96764 0.01087 0.02123 0.00026 ( 1)
 295 A   0.28362 0.67537 0.01179 0.02922 ( 2)
 296 R   0.98349 0.00117 0.01532 0.00002 ( 1)
 297 R   0.99002 0.00261 0.00735 0.00002 ( 1)
 298 K   0.96663 0.01160 0.02149 0.00028 ( 1)
 299 E   0.55399 0.42363 0.01216 0.01022 ( 1)
 300 L   0.93226 0.02974 0.03677 0.00123 ( 1)
 301 E   0.96764 0.01087 0.02123 0.00026 ( 1)
 302 E   0.96766 0.01084 0.02123 0.00026 ( 1)
 303 K   0.96663 0.01160 0.02149 0.00028 ( 1)
 304 M   0.98991 0.00226 0.00781 0.00002 ( 1)
 305 V   0.98868 0.00347 0.00783 0.00003 ( 1)
 306 S   0.98817 0.00301 0.00879 0.00003 ( 1)
 307 L   0.93226 0.02974 0.03677 0.00123 ( 1)
 308 L   0.93226 0.02974 0.03677 0.00123 ( 1)
 309 Q   0.97606 0.00897 0.01482 0.00015 ( 1)
 310 E   0.96764 0.01087 0.02123 0.00026 ( 1)
 311 K   0.96663 0.01160 0.02149 0.00028 ( 1)
 312 N   0.98913 0.00164 0.00921 0.00002 ( 1)
 313 D   0.98736 0.00315 0.00945 0.00004 ( 1)
 314 L   0.93259 0.02942 0.03678 0.00121 ( 1)
 315 Q   0.97606 0.00897 0.01482 0.00015 ( 1)
 316 L   0.98484 0.00415 0.01096 0.00005 ( 1)
 317 Q   0.99069 0.00260 0.00669 0.00002 ( 1)
 318 V   0.77922 0.21216 0.00655 0.00207 ( 1)
 319 Q   0.97540 0.00900 0.01544 0.00016 ( 1)
 320 -   0.93501 0.01369 0.05055 0.00075 ( 1)
 321 E   0.94049 0.00653 0.05260 0.00037 ( 1)
 322 Q   0.94705 0.00356 0.04920 0.00019 ( 1)
 323 D   0.94535 0.00423 0.05019 0.00023 ( 1)
 324 N   0.94414 0.00470 0.05090 0.00026 ( 1)
 325 L   0.90528 0.03124 0.06135 0.00213 ( 1)
 326 A   0.00543 0.93018 0.00037 0.06402 ( 2)
 327 D   0.93071 0.01236 0.05618 0.00076 ( 1)
 328 A   0.96881 0.00034 0.03084 0.00001 ( 1)
 329 E   0.94049 0.00653 0.05260 0.00037 ( 1)
 330 E   0.93248 0.01031 0.05658 0.00063 ( 1)
 331 R   0.94699 0.00357 0.04926 0.00019 ( 1)
 332 C   0.95623 0.00076 0.04297 0.00004 ( 1)
 333 D   0.94535 0.00423 0.05019 0.00023 ( 1)
 334 Q   0.93318 0.01077 0.05540 0.00065 ( 1)
 335 L   0.90471 0.03181 0.06131 0.00217 ( 1)
 336 I   0.93721 0.00833 0.05397 0.00049 ( 1)
 337 K   0.92882 0.01360 0.05675 0.00084 ( 1)
 338 N   0.94403 0.00481 0.05090 0.00026 ( 1)
 339 K   0.92882 0.01360 0.05675 0.00084 ( 1)
 340 I   0.93721 0.00833 0.05397 0.00049 ( 1)
 341 Q   0.93321 0.01075 0.05540 0.00065 ( 1)
 342 L   0.90514 0.03139 0.06134 0.00214 ( 1)
 343 E   0.92996 0.01283 0.05642 0.00079 ( 1)
 344 A   0.93607 0.00898 0.05442 0.00053 ( 1)
 345 K   0.92883 0.01358 0.05675 0.00084 ( 1)
 346 V   0.98791 0.00423 0.00782 0.00004 ( 1)
 347 K   0.96518 0.01304 0.02146 0.00032 ( 1)
 348 E   0.00005 0.00305 0.98316 0.01374 ( 3)
 349 M   0.04279 0.00892 0.94509 0.00320 ( 3)
 350 T   0.98877 0.00125 0.00997 0.00002 ( 1)
 351 E   0.96623 0.01227 0.02120 0.00030 ( 1)
 352 R   0.00014 0.00028 0.99907 0.00051 ( 3)
 353 L   0.02989 0.06618 0.87304 0.03088 ( 3)
 354 E   0.00085 0.00248 0.98293 0.01373 ( 3)
 355 D   0.00608 0.00293 0.98645 0.00454 ( 3)
 356 E   0.00002 0.00127 0.98522 0.01348 ( 3)
 357 E   0.05204 0.04358 0.89195 0.01244 ( 3)
 358 E   0.96623 0.01227 0.02120 0.00030 ( 1)
 359 M   0.08864 0.01753 0.89081 0.00302 ( 3)
 360 N   0.02787 0.00552 0.96353 0.00308 ( 3)
 361 A   0.97625 0.00857 0.01503 0.00015 ( 1)
 362 E   0.03986 0.03446 0.91292 0.01276 ( 3)
 363 L   0.96966 0.00433 0.02589 0.00013 ( 1)
 364 T   0.98245 0.00193 0.01558 0.00004 ( 1)
 365 A   0.00004 0.00134 0.99020 0.00842 ( 3)
 366 K   0.93020 0.01221 0.05683 0.00075 ( 1)
 367 K   0.93020 0.01221 0.05683 0.00075 ( 1)
 368 R   0.94757 0.00299 0.04928 0.00016 ( 1)
 369 K   0.93020 0.01221 0.05683 0.00075 ( 1)
 370 L   0.90631 0.03021 0.06142 0.00206 ( 1)
 371 E   0.94144 0.00559 0.05265 0.00032 ( 1)
 372 D   0.94559 0.00399 0.05020 0.00022 ( 1)
 373 E   0.93131 0.01148 0.05651 0.00070 ( 1)
 374 C   0.95619 0.00080 0.04297 0.00004 ( 1)
 375 S   0.95034 0.00206 0.04749 0.00011 ( 1)
 376 E   0.93131 0.01148 0.05651 0.00070 ( 1)
 377 L   0.94359 0.00457 0.05159 0.00025 ( 1)
 378 K   0.93020 0.01221 0.05683 0.00075 ( 1)
 379 R   0.96048 0.00034 0.03917 0.00001 ( 1)
 380 D   0.94605 0.00354 0.05022 0.00019 ( 1)
 381 I   0.91592 0.02258 0.06001 0.00149 ( 1)
 382 D   0.93205 0.01102 0.05626 0.00067 ( 1)
 383 D   0.03390 0.00796 0.95452 0.00362 ( 3)
 384 L   0.00002 0.00275 0.96488 0.03235 ( 3)
 385 E   0.96753 0.01098 0.02123 0.00026 ( 1)
 386 L   0.93213 0.02988 0.03676 0.00123 ( 1)
 387 T   0.98252 0.00186 0.01558 0.00004 ( 1)
 388 L   0.00002 0.00269 0.96495 0.03235 ( 3)
 389 A   0.97749 0.00733 0.01505 0.00013 ( 1)
 390 K   0.96652 0.01171 0.02149 0.00029 ( 1)
 391 V   0.98417 0.00328 0.01250 0.00005 ( 1)
 392 E   0.04006 0.03095 0.91754 0.01145 ( 3)
 393 K   0.00002 0.00111 0.98672 0.01215 ( 3)
 394 E   0.95077 0.01067 0.03808 0.00048 ( 1)
 395 K   0.03284 0.02742 0.92742 0.01232 ( 3)
 396 H   0.99737 0.00063 0.00200 0.00000 ( 1)
 397 A   0.04491 0.01425 0.93557 0.00527 ( 3)
 398 T   0.94430 0.00425 0.05121 0.00023 ( 1)
 399 E   0.93131 0.01148 0.05651 0.00070 ( 1)
 400 N   0.08620 0.02196 0.88798 0.00387 ( 3)
 401 K   0.00005 0.00268 0.98420 0.01307 ( 3)
 402 L   0.93144 0.03056 0.03674 0.00126 ( 1)
 403 E   0.96698 0.01153 0.02122 0.00028 ( 1)
 404 G   0.98822 0.00383 0.00792 0.00004 ( 1)
 405 S   0.98785 0.00332 0.00879 0.00003 ( 1)
 406 L   0.93176 0.03024 0.03675 0.00125 ( 1)
 407 E   0.96723 0.01127 0.02122 0.00027 ( 1)
 408 Q   0.97569 0.00934 0.01481 0.00016 ( 1)
 409 E   0.96746 0.01104 0.02123 0.00027 ( 1)
 410 K   0.96621 0.01201 0.02148 0.00029 ( 1)
 411 K   0.96628 0.01195 0.02148 0.00029 ( 1)
 412 V   0.98846 0.00368 0.00783 0.00003 ( 1)
 413 R   0.95551 0.01049 0.03362 0.00039 ( 1)
 414 M   0.98976 0.00241 0.00780 0.00002 ( 1)
 415 D   0.98717 0.00335 0.00945 0.00004 ( 1)
 416 L   0.93187 0.03013 0.03675 0.00124 ( 1)
 417 E   0.98129 0.00584 0.01278 0.00009 ( 1)
 418 R   0.97519 0.00946 0.01519 0.00016 ( 1)
 419 A   0.97717 0.00765 0.01505 0.00013 ( 1)
 420 K   0.96621 0.01201 0.02148 0.00029 ( 1)
 421 R   0.99696 0.00050 0.00254 0.00000 ( 1)
 422 K   0.96629 0.01193 0.02148 0.00029 ( 1)
 423 L   0.99155 0.00374 0.00469 0.00002 ( 1)
 424 E   0.96725 0.01126 0.02122 0.00027 ( 1)
 425 G   0.99088 0.00220 0.00690 0.00002 ( 1)
 426 D   0.98715 0.00337 0.00944 0.00004 ( 1)
 427 L   0.93424 0.02777 0.03685 0.00115 ( 1)
 428 K   0.96621 0.01201 0.02148 0.00029 ( 1)
 429 L   0.93176 0.03024 0.03675 0.00125 ( 1)
 430 T   0.99463 0.00100 0.00436 0.00001 ( 1)
 431 Q   0.97569 0.00934 0.01481 0.00016 ( 1)
 432 E   0.96723 0.01127 0.02122 0.00027 ( 1)
 433 S   0.99637 0.00067 0.00296 0.00000 ( 1)
 434 I   0.01709 0.53734 0.29345 0.15212 ( 2)
 435 M   0.98976 0.00241 0.00780 0.00002 ( 1)
 436 D   0.97467 0.00917 0.01599 0.00017 ( 1)
 437 L   0.93585 0.02691 0.03615 0.00109 ( 1)
 438 E   0.96723 0.01127 0.02122 0.00027 ( 1)
 439 N   0.98642 0.00386 0.00967 0.00004 ( 1)
 440 D   0.07778 0.04239 0.87608 0.00375 ( 3)
 441 K   0.96621 0.01201 0.02148 0.00029 ( 1)
 442 Q   0.01132 0.58120 0.22228 0.18521 ( 2)
 443 Q   0.97569 0.00934 0.01481 0.00016 ( 1)
 444 L   0.93188 0.03012 0.03675 0.00124 ( 1)
 445 D   0.96836 0.01372 0.01765 0.00027 ( 1)
 446 E   0.96183 0.01414 0.02364 0.00038 ( 1)
 447 R   0.99568 0.00089 0.00342 0.00000 ( 1)
 448 L   0.96700 0.01368 0.01903 0.00029 ( 1)
 449 K   0.97599 0.00910 0.01476 0.00015 ( 1)


lnL = -4355.834559

Bayes Empirical Bayes (BEB) probabilities for 4 classes (class)
(amino acids refer to 1st sequence: Bacu)

   1 E   0.95952 0.00763 0.03259 0.00026 ( 1)
   2 S   0.96805 0.00491 0.02691 0.00014 ( 1)
   3 G   0.97639 0.00317 0.02037 0.00007 ( 1)
   4 A   0.95949 0.00755 0.03270 0.00026 ( 1)
   5 G   0.97639 0.00317 0.02037 0.00007 ( 1)
   6 K   0.94151 0.01434 0.04350 0.00065 ( 1)
   7 T   0.97483 0.00358 0.02151 0.00008 ( 1)
   8 V   0.99086 0.00044 0.00869 0.00000 ( 1)
   9 N   0.96544 0.00585 0.02853 0.00018 ( 1)
  10 T   0.98047 0.00201 0.01748 0.00004 ( 1)
  11 K   0.94173 0.01413 0.04351 0.00064 ( 1)
  12 R   0.98875 0.00077 0.01047 0.00001 ( 1)
  13 V   0.99086 0.00044 0.00869 0.00000 ( 1)
  14 I   0.95490 0.00941 0.03534 0.00035 ( 1)
  15 Q   0.95029 0.01173 0.03752 0.00046 ( 1)
  16 Y   0.97310 0.00382 0.02298 0.00009 ( 1)
  17 F   0.92086 0.02342 0.05439 0.00132 ( 1)
  18 A   0.90844 0.02858 0.06116 0.00181 ( 1)
  19 V   0.98128 0.01000 0.00862 0.00010 ( 1)
  20 I   0.92270 0.02353 0.05249 0.00128 ( 1)
  21 A   0.95167 0.01104 0.03687 0.00043 ( 1)
  22 A   0.92817 0.01235 0.05875 0.00074 ( 1)
  23 I   0.92573 0.02183 0.05127 0.00116 ( 1)
  24 G   0.97003 0.00378 0.02608 0.00010 ( 1)
  25 D   0.94690 0.01321 0.03936 0.00054 ( 1)
  26 R   0.97015 0.00452 0.02521 0.00012 ( 1)
  27 S   0.98382 0.00147 0.01469 0.00002 ( 1)
  28 K   0.94151 0.01434 0.04350 0.00065 ( 1)
  29 K   0.94346 0.01240 0.04358 0.00056 ( 1)
  30 E   0.94287 0.01364 0.04288 0.00061 ( 1)
  31 Q   0.17452 0.78456 0.00767 0.03325 ( 2)
  32 T   0.03270 0.92805 0.00137 0.03789 ( 2)
  33 S   0.68104 0.27011 0.03541 0.01345 ( 1)
  34 G   0.96884 0.00497 0.02605 0.00014 ( 1)
  35 K   0.94151 0.01434 0.04350 0.00065 ( 1)
  36 N   0.92269 0.00526 0.07168 0.00038 ( 1)
  37 S   0.93285 0.00126 0.06580 0.00008 ( 1)
  38 F   0.00001 0.92047 0.00000 0.07951 ( 2)
  39 E   0.93671 0.01168 0.05097 0.00064 ( 1)
  40 Q   0.95263 0.01014 0.03684 0.00039 ( 1)
  41 L   0.94959 0.00735 0.04273 0.00033 ( 1)
  42 C   0.98405 0.00109 0.01484 0.00002 ( 1)
  43 I   0.95714 0.00797 0.03460 0.00029 ( 1)
