Supplemental results for CODEML (seqf: /home/leticiamagpali/phd/evol_models/codeml/small_dataset/cml_align/MYH2_codon_aligned.phy  treef: /home/leticiamagpali/phd/evol_models/codeml/small_dataset/cml_trees/gene_trees/H1c_gene_trees/MYH2_tree_H1c.tre)

I	J	ij	2Ns_IJ	pMut_IJ	pSub_IJ	2Ns_JI	pMut_JI	pSub_JI

TTC	TTT	CT	-1.52006	0.07545	0.03210	1.52006	0.01650	0.03210
TTA	TTT	AT	8.92167	0.00000	0.00000	-8.92167	0.00824	0.00001
TTA	TTC	AC	10.44173	0.00000	0.00000	-10.44173	0.02333	0.00001
TTG	TTT	GT	0.91756	0.00517	0.00789	-0.91756	0.01293	0.00789
TTG	TTC	GC	2.43763	0.00320	0.00854	-2.43763	0.03661	0.00854
TTG	TTA	GA	-8.00411	0.00561	0.00002	8.00411	0.00000	0.00000
TCT	TTT	CT	0.64943	0.00862	0.01172	-0.64943	0.01650	0.01172
TCC	TTC	CT	0.06833	0.04363	0.04513	-0.06833	0.04671	0.04513
TCC	TCT	CT	-2.10116	0.04363	0.01277	2.10116	0.00534	0.01277
TCA	TTA	CT	-9.22860	0.01299	0.00001	9.22860	0.00000	0.00000
TCA	TCT	AT	-0.95636	0.00694	0.00414	0.95636	0.00267	0.00414
TCA	TCC	AC	1.14480	0.00429	0.00721	-1.14480	0.01349	0.00721
TCG	TTG	CT	0.09740	0.00544	0.00571	-0.09740	0.00599	0.00571
TCG	TCT	GT	0.36553	0.00290	0.00346	-0.36553	0.00418	0.00346
TCG	TCC	GC	2.46669	0.00180	0.00484	-2.46669	0.02117	0.00484
TCG	TCA	GA	1.32189	0.00315	0.00568	-1.32189	0.01181	0.00568
TAT	TTT	AT	0.31487	0.00602	0.00701	-0.31487	0.00824	0.00701
TAT	TCT	AC	-0.33456	0.00372	0.00314	0.33456	0.00267	0.00314
TAC	TTC	AT	0.16689	0.01974	0.02144	-0.16689	0.02333	0.02144
TAC	TCC	AC	0.09855	0.01222	0.01284	-0.09855	0.01349	0.01284
TAC	TAT	CT	-1.66805	0.03700	0.01435	1.66805	0.00698	0.01435
TGT	TTT	GT	4.10941	0.00021	0.00089	-4.10941	0.01293	0.00089
TGT	TCT	GC	3.45998	0.00013	0.00047	-3.45998	0.00418	0.00047
TGT	TAT	GA	3.79454	0.00023	0.00089	-3.79454	0.01025	0.00089
TGC	TTC	GT	1.27186	0.01026	0.01813	-1.27186	0.03661	0.01813
TGC	TCC	GC	1.20353	0.00635	0.01092	-1.20353	0.02117	0.01092
TGC	TAC	GA	1.10498	0.01114	0.01841	-1.10498	0.03363	0.01841
TGC	TGT	CT	-4.35761	0.01923	0.00109	4.35761	0.00025	0.00109
TGG	TTG	GT	-0.75358	0.00998	0.00669	0.75358	0.00470	0.00669
TGG	TCG	GC	-0.85098	0.00618	0.00392	0.85098	0.00264	0.00392
TGG	TGT	GT	-3.94543	0.00998	0.00078	3.94543	0.00019	0.00078
TGG	TGC	GC	0.41218	0.00618	0.00754	-0.41218	0.00933	0.00754
CTT	TTT	CT	0.87257	0.00690	0.01034	-0.87257	0.01650	0.01034
CTC	TTC	CT	0.11819	0.04150	0.04400	-0.11819	0.04671	0.04400
CTC	CTT	CT	-2.27445	0.04150	0.01082	2.27445	0.00427	0.01082
CTA	TTA	CT	-8.61393	0.00703	0.00001	8.61393	0.00000	0.00000
CTA	CTT	AT	-0.56483	0.00375	0.00279	0.56483	0.00213	0.00279
CTA	CTC	AC	1.70962	0.00232	0.00485	-1.70962	0.01283	0.00485
CTG	TTG	CT	-3.31270	0.16456	0.02060	3.31270	0.00599	0.02060
CTG	CTT	GT	-3.26771	0.08783	0.01137	3.26771	0.00335	0.01137
CTG	CTC	GC	-0.99327	0.05437	0.03177	0.99327	0.02014	0.03177
CTG	CTA	GA	-2.70288	0.09534	0.01851	2.70288	0.00639	0.01851
CCT	TCT	CT	0.80453	0.00239	0.00347	-0.80453	0.00534	0.00347
CCT	CTT	CT	0.58138	0.00239	0.00315	-0.58138	0.00427	0.00315
CCC	TCC	CT	0.09082	0.02466	0.02580	-0.09082	0.02701	0.02580
CCC	CTC	CT	0.04097	0.02466	0.02517	-0.04097	0.02570	0.02517
CCC	CCT	CT	-2.81486	0.02466	0.00442	2.81486	0.00148	0.00442
CCA	TCA	CT	0.09815	0.00729	0.00766	-0.09815	0.00805	0.00766
CCA	CTA	CT	-0.51653	0.00729	0.00557	0.51653	0.00435	0.00557
CCA	CCT	AT	-1.66274	0.00389	0.00151	1.66274	0.00074	0.00151
CCA	CCC	AC	1.15212	0.00241	0.00406	-1.15212	0.00763	0.00406
CCG	TCG	CT	-1.46640	0.01459	0.00642	1.46640	0.00337	0.00642
CCG	CTG	CT	1.94370	0.01459	0.03309	-1.94370	0.10188	0.03309
CCG	CCT	GT	-1.90539	0.00778	0.00259	1.90539	0.00116	0.00259
CCG	CCC	GC	0.90947	0.00482	0.00734	-0.90947	0.01197	0.00734
CCG	CCA	GA	-0.24265	0.00845	0.00747	0.24265	0.00663	0.00747
CAT	TAT	CT	1.47826	0.00159	0.00305	-1.47826	0.00698	0.00305
CAT	CTT	AT	0.92056	0.00085	0.00130	-0.92056	0.00213	0.00130
CAT	CCT	AC	0.33917	0.00053	0.00062	-0.33917	0.00074	0.00062
CAC	TAC	CT	-0.42043	0.03487	0.02806	0.42043	0.02290	0.02806
CAC	CTC	AT	-0.37173	0.01861	0.01537	0.37173	0.01283	0.01537
CAC	CCC	AC	-0.41270	0.01152	0.00931	0.41270	0.00763	0.00931
CAC	CAT	CT	-3.56674	0.03487	0.00362	3.56674	0.00099	0.00362
CAA	CTA	AT	-1.13984	0.00679	0.00364	1.13984	0.00217	0.00364
CAA	CCA	AC	-0.62331	0.00421	0.00303	0.62331	0.00226	0.00303
CAA	CAT	AT	-2.62522	0.00679	0.00139	2.62522	0.00049	0.00139
CAA	CAC	AC	0.94151	0.00421	0.00649	-0.94151	0.01078	0.00649
CAG	CTG	AT	0.10554	0.04579	0.04825	-0.10554	0.05088	0.04825
CAG	CCG	AC	-1.83816	0.02835	0.00986	1.83816	0.00451	0.00986
CAG	CAT	GT	-4.08272	0.04579	0.00321	4.08272	0.00077	0.00321
CAG	CAC	GC	-0.51599	0.02835	0.02166	0.51599	0.01692	0.02166
CAG	CAA	GA	-1.45750	0.04971	0.02199	1.45750	0.01157	0.02199
CGT	TGT	CT	-2.71308	0.00371	0.00072	2.71308	0.00025	0.00072
CGT	CTT	GT	0.52375	0.00198	0.00255	-0.52375	0.00335	0.00255
CGT	CCT	GC	-0.05763	0.00123	0.00119	0.05763	0.00116	0.00119
CGT	CAT	GA	-0.39680	0.00215	0.00175	0.39680	0.00145	0.00175
CGC	TGC	CT	-1.14466	0.03739	0.01999	1.14466	0.01190	0.01999
CGC	CTC	GT	0.00901	0.01996	0.02005	-0.00901	0.02014	0.02005
CGC	CCC	GC	-0.03196	0.01236	0.01216	0.03196	0.01197	0.01216
CGC	CAC	GA	0.38074	0.02167	0.02605	-0.38074	0.03170	0.02605
CGC	CGT	CT	-2.78919	0.03739	0.00683	2.78919	0.00230	0.00683
CGA	CTA	GT	-0.44248	0.00531	0.00422	0.44248	0.00341	0.00422
CGA	CCA	GC	0.07405	0.00329	0.00341	-0.07405	0.00354	0.00341
CGA	CAA	GA	0.69736	0.00576	0.00800	-0.69736	0.01157	0.00800
CGA	CGT	AT	-1.53107	0.00531	0.00224	1.53107	0.00115	0.00224
CGA	CGC	AC	1.25813	0.00329	0.00578	-1.25813	0.01156	0.00578
CGG	TGG	CT	-0.54801	0.02002	0.01503	0.54801	0.01158	0.01503
CGG	CTG	GT	2.01111	0.01069	0.02481	-2.01111	0.07984	0.02481
CGG	CCG	GC	0.06740	0.00662	0.00684	-0.06740	0.00708	0.00684
CGG	CAG	GA	1.90556	0.01160	0.02597	-1.90556	0.07800	0.02597
CGG	CGT	GT	-1.78036	0.01069	0.00386	1.78036	0.00180	0.00386
CGG	CGC	GC	1.00883	0.00662	0.01050	-1.00883	0.01814	0.01050
CGG	CGA	GA	-0.24929	0.01160	0.01021	0.24929	0.00904	0.01021
ATT	TTT	AT	-0.63155	0.01550	0.01112	0.63155	0.00824	0.01112
ATT	CTT	AC	-1.50412	0.00960	0.00412	1.50412	0.00213	0.00412
ATC	TTC	AT	-0.69414	0.04671	0.03236	0.69414	0.02333	0.03236
ATC	CTC	AC	-0.81233	0.02892	0.01874	0.81233	0.01283	0.01874
ATC	ATT	CT	-1.58266	0.08752	0.03581	1.58266	0.01798	0.03581
ATA	TTA	AT	-9.16427	0.00609	0.00001	9.16427	0.00000	0.00000
ATA	CTA	AC	-0.55035	0.00377	0.00283	0.55035	0.00217	0.00283
ATA	ATT	AT	0.38894	0.00609	0.00735	-0.38894	0.00898	0.00735
ATA	ATC	AC	1.97160	0.00377	0.00863	-1.97160	0.02706	0.00863
ATG	TTG	AT	-2.54689	0.03822	0.00827	2.54689	0.00299	0.00827
ATG	CTG	AC	0.76581	0.02366	0.03386	-0.76581	0.05088	0.03386
ATG	ATT	GT	-0.99778	0.03822	0.02227	0.99778	0.01409	0.02227
ATG	ATC	GC	0.58488	0.02366	0.03125	-0.58488	0.04246	0.03125
ATG	ATA	GA	-1.38672	0.04149	0.01917	1.38672	0.01037	0.01917
ACT	TCT	AT	-0.91469	0.00665	0.00407	0.91469	0.00267	0.00407
ACT	CCT	AC	-1.71922	0.00412	0.00155	1.71922	0.00074	0.00155
ACT	ATT	CT	0.36629	0.01246	0.01489	-0.36629	0.01798	0.01489
ACC	TCC	AT	-0.51804	0.02265	0.01728	0.51804	0.01349	0.01728
ACC	CCC	AC	-0.60887	0.01402	0.01018	0.60887	0.00763	0.01018
ACC	ATC	CT	0.24443	0.04243	0.04783	-0.24443	0.05418	0.04783
ACC	ACT	CT	-1.70452	0.04243	0.01608	1.70452	0.00772	0.01608
ACA	TCA	AT	-0.70575	0.00814	0.00560	0.70575	0.00402	0.00560
ACA	CCA	AC	-0.80389	0.00504	0.00328	0.80389	0.00226	0.00328
ACA	ATA	CT	-0.77007	0.01525	0.01012	0.77007	0.00706	0.01012
ACA	ACT	AT	-0.74742	0.00814	0.00547	0.74742	0.00385	0.00547
ACA	ACC	AC	0.95710	0.00504	0.00783	-0.95710	0.01312	0.00783
ACG	TCG	AT	-1.82264	0.01040	0.00365	1.82264	0.00168	0.00365
ACG	CCG	AC	-0.35625	0.00644	0.00536	0.35625	0.00451	0.00536
ACG	ATG	CT	0.82165	0.01949	0.02858	-0.82165	0.04433	0.02858
ACG	ACT	GT	-0.54242	0.01040	0.00784	0.54242	0.00605	0.00784
ACG	ACC	GC	1.16209	0.00644	0.01089	-1.16209	0.02059	0.01089
ACG	ACA	GA	0.20500	0.01129	0.01249	-0.20500	0.01386	0.01249
AAT	TAT	AT	-0.18067	0.00418	0.00381	0.18067	0.00349	0.00381
AAT	CAT	AC	-1.65892	0.00258	0.00101	1.65892	0.00049	0.00101
AAT	ATT	AT	0.76575	0.00418	0.00598	-0.76575	0.00898	0.00598
AAT	ACT	AC	0.39946	0.00258	0.00314	-0.39946	0.00385	0.00314
AAC	TAC	AT	-1.51308	0.05194	0.02220	1.51308	0.01144	0.02220
AAC	CAC	AC	-1.09265	0.03216	0.01773	1.09265	0.01078	0.01773
AAC	ATC	AT	-0.65205	0.05194	0.03684	0.65205	0.02706	0.03684
AAC	ACC	AC	-0.89648	0.03216	0.01987	0.89648	0.01312	0.01987
AAC	AAT	CT	-3.00046	0.09733	0.01529	3.00046	0.00484	0.01529
AAA	CAA	AC	-0.97422	0.01043	0.00616	0.97422	0.00394	0.00616
AAA	ATA	AT	-1.56371	0.01684	0.00697	1.56371	0.00353	0.00697
AAA	ACA	AC	-0.79363	0.01043	0.00683	0.79363	0.00472	0.00683
AAA	AAT	AT	-1.94051	0.01684	0.00548	1.94051	0.00242	0.00548
AAA	AAC	AC	1.05995	0.01043	0.01691	-1.05995	0.03010	0.01691
AAG	CAG	AC	-0.85024	0.06208	0.03939	0.85024	0.02653	0.03939
AAG	ATG	AT	-1.51051	0.10028	0.04292	1.51051	0.02214	0.04292
AAG	ACG	AC	-2.33216	0.06208	0.01557	2.33216	0.00603	0.01557
AAG	AAT	GT	-3.27404	0.10028	0.01292	3.27404	0.00380	0.01292
AAG	AAC	GC	-0.27358	0.06208	0.05398	0.27358	0.04722	0.05398
AAG	AAA	GA	-1.33353	0.10886	0.05195	1.33353	0.02869	0.05195
AGT	TGT	AT	-1.23893	0.00042	0.00021	1.23893	0.00012	0.00021
AGT	CGT	AC	1.47415	0.00026	0.00050	-1.47415	0.00115	0.00050
AGT	ATT	GT	3.50203	0.00042	0.00153	-3.50203	0.01409	0.00153
AGT	ACT	GC	3.13574	0.00026	0.00086	-3.13574	0.00605	0.00086
AGT	AAT	GA	2.73628	0.00046	0.00135	-2.73628	0.00711	0.00135
AGC	TGC	AT	-0.66891	0.01161	0.00815	0.66891	0.00595	0.00815
AGC	CGC	AC	0.47575	0.00719	0.00903	-0.47575	0.01156	0.00903
AGC	ATC	GT	1.29709	0.01161	0.02072	-1.29709	0.04246	0.02072
AGC	ACC	GC	1.05266	0.00719	0.01162	-1.05266	0.02059	0.01162
AGC	AAC	GA	1.94914	0.01260	0.02864	-1.94914	0.08848	0.02864
AGC	AGT	CT	-3.78760	0.02175	0.00191	3.78760	0.00049	0.00191
AGA	CGA	AC	0.12406	0.00272	0.00289	-0.12406	0.00308	0.00289
AGA	ATA	GT	0.23193	0.00439	0.00492	-0.23193	0.00553	0.00492
AGA	ACA	GC	1.00200	0.00272	0.00430	-1.00200	0.00740	0.00430
AGA	AAA	GA	1.79563	0.00476	0.01026	-1.79563	0.02869	0.01026
AGA	AGT	AT	-2.88116	0.00439	0.00075	2.88116	0.00025	0.00075
AGA	AGC	AC	0.90644	0.00272	0.00413	-0.90644	0.00672	0.00413
AGG	TGG	AT	-0.55987	0.01012	0.00755	0.55987	0.00578	0.00755
AGG	CGG	AC	-0.01186	0.00627	0.00623	0.01186	0.00619	0.00623
AGG	ATG	GT	1.23344	0.01012	0.01761	-1.23344	0.03474	0.01761
AGG	ACG	GC	0.41179	0.00627	0.00764	-0.41179	0.00946	0.00764
AGG	AAG	GA	2.74395	0.01099	0.03222	-2.74395	0.17082	0.03222
AGG	AGT	GT	-3.26637	0.01012	0.00131	3.26637	0.00039	0.00131
AGG	AGC	GC	0.52123	0.00627	0.00804	-0.52123	0.01055	0.00804
AGG	AGA	GA	-0.38521	0.01099	0.00901	0.38521	0.00747	0.00901
GTT	TTT	GT	2.56896	0.00099	0.00276	-2.56896	0.01293	0.00276
GTT	CTT	GC	1.69639	0.00061	0.00127	-1.69639	0.00335	0.00127
GTT	ATT	GA	3.20051	0.00108	0.00359	-3.20051	0.02640	0.00359
GTC	TTC	GT	1.38878	0.00913	0.01689	-1.38878	0.03661	0.01689
GTC	CTC	GC	1.27060	0.00565	0.00998	-1.27060	0.02014	0.00998
GTC	ATC	GA	2.08292	0.00991	0.02358	-2.08292	0.07956	0.02358
GTC	GTT	CT	-2.70024	0.01711	0.00333	2.70024	0.00115	0.00333
GTA	TTA	GT	-7.59163	0.00198	0.00001	7.59163	0.00000	0.00000
GTA	CTA	GC	1.02229	0.00123	0.00196	-1.02229	0.00341	0.00196
GTA	ATA	GA	1.57264	0.00215	0.00427	-1.57264	0.01037	0.00427
GTA	GTT	AT	-1.23893	0.00198	0.00100	1.23893	0.00057	0.00100
GTA	GTC	AC	1.46131	0.00123	0.00233	-1.46131	0.00529	0.00233
GTG	TTG	GT	-1.67129	0.02498	0.00967	1.67129	0.00470	0.00967
GTG	CTG	GC	1.64141	0.01547	0.03149	-1.64141	0.07984	0.03149
GTG	ATG	GA	0.87560	0.02712	0.04070	-0.87560	0.06510	0.04070
GTG	GTT	GT	-3.32270	0.02498	0.00310	3.32270	0.00090	0.00310
GTG	GTC	GC	-0.62245	0.01547	0.01115	0.62245	0.00830	0.01115
GTG	GTA	GA	-2.08377	0.02712	0.00803	2.08377	0.00338	0.00803
GCT	TCT	GT	-1.06839	0.01217	0.00681	1.06839	0.00418	0.00681
GCT	CCT	GC	-1.87292	0.00754	0.00256	1.87292	0.00116	0.00256
GCT	ACT	GA	-0.15370	0.01321	0.01222	0.15370	0.01133	0.01222
GCT	GTT	CT	-2.98793	0.02281	0.00362	2.98793	0.00115	0.00362
GCC	TCC	GT	-0.64311	0.04027	0.02870	0.64311	0.02117	0.02870
GCC	CCC	GC	-0.73393	0.02493	0.01689	0.73393	0.01197	0.01689
GCC	ACC	GA	-0.12506	0.04371	0.04104	0.12506	0.03858	0.04104
GCC	GTC	CT	-1.96356	0.07545	0.02419	1.96356	0.01059	0.02419
GCC	GCT	CT	-1.67587	0.07545	0.02911	1.67587	0.01412	0.02911
GCA	TCA	GT	-0.55374	0.01097	0.00821	0.55374	0.00631	0.00821
GCA	CCA	GC	-0.65189	0.00679	0.00482	0.65189	0.00354	0.00482
GCA	ACA	GA	0.15200	0.01191	0.01284	-0.15200	0.01386	0.01284
GCA	GTA	CT	-2.19071	0.02055	0.00567	2.19071	0.00230	0.00567
GCA	GCT	AT	-0.44171	0.01097	0.00872	0.44171	0.00705	0.00872
GCA	GCC	AC	1.23416	0.00679	0.01182	-1.23416	0.02333	0.01182
GCG	TCG	GT	-0.37070	0.00382	0.00316	0.37070	0.00264	0.00316
GCG	CCG	GC	1.09570	0.00237	0.00389	-1.09570	0.00708	0.00389
GCG	ACG	GA	1.45195	0.00415	0.00786	-1.45195	0.01772	0.00786
GCG	GTG	CT	1.39800	0.00716	0.01330	-1.39800	0.02898	0.01330
GCG	GCT	GT	1.06323	0.00382	0.00621	-1.06323	0.01107	0.00621
GCG	GCC	GC	2.73910	0.00237	0.00693	-2.73910	0.03661	0.00693
GCG	GCA	GA	1.50494	0.00415	0.00803	-1.50494	0.01869	0.00803
GAT	TAT	GT	-1.09071	0.01628	0.00898	1.09071	0.00547	0.00898
GAT	CAT	GC	-2.56897	0.01008	0.00215	2.56897	0.00077	0.00215
GAT	AAT	GA	-0.91004	0.01767	0.01083	0.91004	0.00711	0.01083
GAT	GTT	AT	-3.34480	0.01628	0.00199	3.34480	0.00057	0.00199
GAT	GCT	AC	-0.35688	0.01008	0.00839	0.35688	0.00705	0.00839
GAC	TAC	GT	-1.00221	0.04890	0.02842	1.00221	0.01795	0.02842
GAC	CAC	GC	-0.58178	0.03028	0.02232	0.58178	0.01692	0.02232
GAC	AAC	GA	0.51087	0.05309	0.06780	-0.51087	0.08848	0.06780
GAC	GTC	AT	-2.22411	0.04890	0.01319	2.22411	0.00529	0.01319
GAC	GCC	AC	-0.26055	0.03028	0.02650	0.26055	0.02333	0.02650
GAC	GAT	CT	-1.57955	0.09163	0.03756	1.57955	0.01888	0.03756
GAA	CAA	GC	-0.48953	0.01008	0.00781	0.48953	0.00618	0.00781
GAA	AAA	GA	0.48469	0.01767	0.02230	-0.48469	0.02869	0.02230
GAA	GTA	AT	-2.65166	0.01628	0.00328	2.65166	0.00115	0.00328
GAA	GCA	AC	-0.46095	0.01008	0.00793	0.46095	0.00636	0.00793
GAA	GAT	AT	-0.54578	0.01628	0.01224	0.54578	0.00943	0.01224
GAA	GAC	AC	1.03377	0.01008	0.01617	-1.03377	0.02833	0.01617
GAG	CAG	GC	-0.48104	0.06734	0.05244	0.48104	0.04163	0.05244
GAG	AAG	GA	0.36921	0.11808	0.14122	-0.36921	0.17082	0.14122
GAG	GTG	AT	-2.01690	0.10877	0.03367	2.01690	0.01447	0.03367
GAG	GCG	AC	-3.41490	0.06734	0.00782	3.41490	0.00221	0.00782
GAG	GAT	GT	-1.99479	0.10877	0.03417	1.99479	0.01480	0.03417
GAG	GAC	GC	-0.41524	0.06734	0.05432	0.41524	0.04446	0.05432
GAG	GAA	GA	-1.44901	0.11808	0.05250	1.44901	0.02773	0.05250
GGT	TGT	GT	-1.88704	0.00127	0.00043	1.88704	0.00019	0.00043
GGT	CGT	GC	0.82604	0.00079	0.00116	-0.82604	0.00180	0.00116
GGT	AGT	GA	-0.64811	0.00138	0.00098	0.64811	0.00072	0.00098
GGT	GTT	GT	-0.34660	0.00127	0.00107	0.34660	0.00090	0.00107
GGT	GCT	GC	2.64133	0.00079	0.00224	-2.64133	0.01107	0.00224
GGT	GAT	GA	2.99820	0.00138	0.00436	-2.99820	0.02773	0.00436
GGC	TGC	GT	-1.06659	0.02710	0.01517	1.06659	0.00933	0.01517
GGC	CGC	GC	0.07808	0.01678	0.01744	-0.07808	0.01814	0.01744
GGC	AGC	GA	-0.39767	0.02942	0.02396	0.39767	0.01977	0.02396
GGC	GTC	GT	-1.18351	0.02710	0.01416	1.18351	0.00830	0.01416
GGC	GCC	GC	0.78005	0.01678	0.02417	-0.78005	0.03661	0.02417
GGC	GAC	GA	1.04060	0.02942	0.04734	-1.04060	0.08330	0.04734
GGC	GGT	CT	-3.53715	0.05079	0.00538	3.53715	0.00148	0.00538
GGA	CGA	GC	-0.14249	0.00556	0.00518	0.14249	0.00483	0.00518
GGA	AGA	GA	-0.26656	0.00976	0.00851	0.26656	0.00747	0.00851
GGA	GTA	GT	-1.60727	0.00899	0.00362	1.60727	0.00180	0.00362
GGA	GCA	GC	0.58344	0.00556	0.00734	-0.58344	0.00997	0.00734
GGA	GAA	GA	1.04439	0.00976	0.01572	-1.04439	0.02773	0.01572
GGA	GGT	AT	-2.49960	0.00899	0.00201	2.49960	0.00074	0.00201
GGA	GGC	AC	1.03755	0.00556	0.00894	-1.03755	0.01570	0.00894
GGG	TGG	GT	-0.61880	0.01684	0.01217	0.61880	0.00907	0.01217
GGG	CGG	GC	-0.07079	0.01043	0.01006	0.07079	0.00971	0.01006
GGG	AGG	GA	-0.05893	0.01828	0.01775	0.05893	0.01724	0.01775
GGG	GTG	GT	0.29891	0.01684	0.01949	-0.29891	0.02271	0.01949
GGG	GCG	GC	-1.09908	0.01043	0.00573	1.09908	0.00347	0.00573
GGG	GAG	GA	2.31581	0.01828	0.04698	-2.31581	0.18528	0.04698
GGG	GGT	GT	-2.67718	0.01684	0.00333	2.67718	0.00116	0.00333
GGG	GGC	GC	0.85997	0.01043	0.01555	-0.85997	0.02464	0.01555
GGG	GGA	GA	-0.17759	0.01828	0.01671	0.17759	0.01531	0.01671


Histograms
2Ns	FMut	FSub(CodonUsage)	FSubw(after w)

-9.94451	0.00244	0.00000
-8.95006	0.00359	0.00001
-7.95561	0.00079	0.00000
-6.96115	0.00000	0.00000
-5.96670	0.00000	0.00000
-4.97225	0.00000	0.00000
-3.97780	0.02293	0.00278
-2.98335	0.12258	0.02705
-1.98890	0.22020	0.10264
-0.99445	0.25194	0.20743
0.00000	0.23556	0.32019
0.99445	0.09904	0.20743
1.98890	0.03406	0.10264
2.98335	0.00634	0.02705
3.97780	0.00053	0.00278
4.97225	0.00000	0.00000
5.96670	0.00000	0.00000
6.96115	0.00000	0.00000
7.95561	0.00000	0.00000
8.95006	0.00000	0.00000
9.94451	0.00000	0.00000

Proportion of advantageous (S > 0) mutations:
 0.24241

Proportions of good & bad mutations (|S| > 2.0000) among mutations:
0.01574  0.23115

mean |Ns| = 1.41775	mean Ns+ = 0.81269	mean Ns- = -1.61135


MLEs of dN/dS (w) for site classes (K=4)

site class             0        1       2a       2b
proportion       0.86754  0.08767  0.04068  0.00411
background w     0.00000  1.00000  0.00000  1.00000
foreground w     0.00000  1.00000  1.00000  1.00000

Naive Empirical Bayes (NEB) probabilities for 4 classes
(amino acids refer to 1st sequence: Bbon)

   1 E   0.94795 0.02056 0.03052 0.00096 ( 1)
   2 S   0.95446 0.01613 0.02866 0.00076 ( 1)
   3 G   0.95781 0.01370 0.02785 0.00064 ( 1)
   4 A   0.93903 0.02723 0.03247 0.00128 ( 1)
   5 G   0.95781 0.01370 0.02785 0.00064 ( 1)
   6 K   0.92908 0.03503 0.03425 0.00164 ( 1)
   7 T   0.95750 0.01391 0.02794 0.00065 ( 1)
   8 V   0.97570 0.00367 0.02045 0.00017 ( 1)
   9 N   0.94656 0.02158 0.03085 0.00101 ( 1)
  10 T   0.95701 0.01423 0.02809 0.00067 ( 1)
  11 K   0.92908 0.03503 0.03425 0.00164 ( 1)
  12 R   0.96935 0.00673 0.02361 0.00032 ( 1)
  13 V   0.97570 0.00367 0.02045 0.00017 ( 1)
  14 I   0.94151 0.02534 0.03196 0.00119 ( 1)
  15 Q   0.94036 0.02622 0.03219 0.00123 ( 1)
  16 Y   0.95776 0.01373 0.02786 0.00064 ( 1)
  17 F   0.93206 0.03266 0.03375 0.00153 ( 1)
  18 A   0.92520 0.03802 0.03501 0.00178 ( 1)
  19 V   0.97570 0.00367 0.02045 0.00017 ( 1)
  20 I   0.93729 0.02857 0.03280 0.00134 ( 1)
  21 A   0.93479 0.03002 0.03378 0.00141 ( 1)
  22 A   0.93576 0.02989 0.03296 0.00140 ( 1)
  23 I   0.93749 0.02836 0.03282 0.00133 ( 1)
  24 G   0.95067 0.01909 0.02934 0.00090 ( 1)
  25 D   0.94678 0.02142 0.03080 0.00100 ( 1)
  26 R   0.94790 0.02060 0.03053 0.00097 ( 1)
  27 S   0.97189 0.00542 0.02244 0.00025 ( 1)
  28 K   0.92908 0.03503 0.03425 0.00164 ( 1)
  29 K   0.93194 0.03353 0.03296 0.00157 ( 1)
  30 E   0.92945 0.03473 0.03419 0.00163 ( 1)
  31 Q   0.00002 0.43988 0.53948 0.02063 ( 3)
  32 T   0.00000 0.95521 0.00000 0.04479 ( 2)
  33 S   0.00001 0.50828 0.46788 0.02383 ( 2)
  34 G   0.94791 0.02059 0.03053 0.00097 ( 1)
  35 K   0.92908 0.03503 0.03425 0.00164 ( 1)
  36 -   0.95017 0.01997 0.02892 0.00094 ( 1)
  37 T   0.94320 0.02330 0.03241 0.00109 ( 1)
  38 L   0.90162 0.05802 0.03765 0.00272 ( 1)
  39 E   0.91669 0.04463 0.03659 0.00209 ( 1)
  40 D   0.93698 0.02810 0.03360 0.00132 ( 1)
  41 Q   0.92829 0.03476 0.03532 0.00163 ( 1)
  42 I   0.92936 0.03388 0.03517 0.00159 ( 1)
  43 I   0.92936 0.03388 0.03517 0.00159 ( 1)
  44 Q   0.92829 0.03476 0.03532 0.00163 ( 1)
  45 A   0.92452 0.03785 0.03585 0.00177 ( 1)
  46 N   0.93423 0.02995 0.03441 0.00140 ( 1)
  47 P   0.95077 0.01733 0.03109 0.00081 ( 1)
  48 A   0.92452 0.03785 0.03585 0.00177 ( 1)
  49 L   0.90009 0.05867 0.03849 0.00275 ( 1)
  50 E   0.91822 0.04311 0.03665 0.00202 ( 1)
  51 A   0.92452 0.03785 0.03585 0.00177 ( 1)
  52 F   0.92634 0.03629 0.03567 0.00170 ( 1)
  53 G   0.93555 0.02891 0.03419 0.00136 ( 1)
  54 N   0.93423 0.02995 0.03441 0.00140 ( 1)
  55 A   0.92452 0.03785 0.03585 0.00177 ( 1)
  56 K   0.91789 0.04339 0.03669 0.00203 ( 1)
  57 T   0.94461 0.02191 0.03246 0.00103 ( 1)
  58 V   0.96541 0.00770 0.02652 0.00036 ( 1)
  59 R   0.95110 0.01727 0.03083 0.00081 ( 1)
  60 N   0.95383 0.01411 0.03140 0.00066 ( 1)
  61 D   0.93859 0.02651 0.03366 0.00124 ( 1)
  62 N   0.93423 0.02995 0.03441 0.00140 ( 1)
  63 S   0.94144 0.02429 0.03313 0.00114 ( 1)
  64 S   0.94144 0.02429 0.03313 0.00114 ( 1)
  65 R   0.93554 0.02891 0.03419 0.00136 ( 1)
  66 F   0.00000 0.95521 0.00000 0.04479 ( 2)
  67 -   0.93095 0.03504 0.03237 0.00164 ( 1)
  68 -   0.93249 0.03385 0.03207 0.00159 ( 1)
  69 -   0.92740 0.03780 0.03303 0.00177 ( 1)
  70 -   0.92575 0.03909 0.03332 0.00183 ( 1)
  71 -   0.93158 0.03455 0.03224 0.00162 ( 1)
  72 -   0.98320 0.00219 0.01451 0.00010 ( 1)
  73 -   0.92231 0.04181 0.03392 0.00196 ( 1)
  74 -   0.94901 0.02158 0.02840 0.00101 ( 1)
  75 -   0.92648 0.03852 0.03320 0.00181 ( 1)
  76 -   0.94793 0.02240 0.02862 0.00105 ( 1)
  77 -   0.93138 0.03471 0.03228 0.00163 ( 1)
  78 -   0.91951 0.04404 0.03439 0.00206 ( 1)
  79 -   0.96207 0.01288 0.02445 0.00060 ( 1)
  80 -   0.95791 0.01245 0.02906 0.00058 ( 1)
  81 -   0.94738 0.02279 0.02876 0.00107 ( 1)
  82 -   0.92913 0.03645 0.03271 0.00171 ( 1)
  83 -   0.94136 0.02717 0.03020 0.00127 ( 1)
  84 -   0.95644 0.01652 0.02626 0.00077 ( 1)
  85 -   0.91985 0.04376 0.03433 0.00205 ( 1)
  86 -   0.94793 0.02240 0.02862 0.00105 ( 1)
  87 -   0.93811 0.03191 0.02848 0.00150 ( 1)
  88 -   0.94777 0.02312 0.02803 0.00108 ( 1)
  89 -   0.90234 0.05832 0.03661 0.00273 ( 1)
  90 -   0.94046 0.02840 0.02981 0.00133 ( 1)
  91 -   0.93310 0.03391 0.03140 0.00159 ( 1)
  92 -   0.94676 0.02383 0.02829 0.00112 ( 1)
  93 -   0.95644 0.01717 0.02559 0.00080 ( 1)
  94 -   0.98077 0.00352 0.01554 0.00017 ( 1)
  95 -   0.92949 0.03666 0.03213 0.00172 ( 1)
  96 -   0.93472 0.03267 0.03108 0.00153 ( 1)
  97 -   0.93257 0.03431 0.03151 0.00161 ( 1)
  98 -   0.90234 0.05832 0.03661 0.00273 ( 1)
  99 -   0.00000 0.95521 0.00000 0.04479 ( 2)
 100 -   0.93126 0.03531 0.03178 0.00166 ( 1)
 101 -   0.92179 0.04265 0.03356 0.00200 ( 1)
 102 -   0.95644 0.01717 0.02559 0.00080 ( 1)
 103 -   0.93922 0.02932 0.03009 0.00137 ( 1)
 104 -   0.93336 0.03371 0.03135 0.00158 ( 1)
 105 -   0.95867 0.01570 0.02490 0.00074 ( 1)
 106 -   0.92949 0.03666 0.03213 0.00172 ( 1)
 107 -   0.93472 0.03267 0.03108 0.00153 ( 1)
 108 -   0.95114 0.02076 0.02713 0.00097 ( 1)
 109 -   0.94164 0.02754 0.02953 0.00129 ( 1)
 110 -   0.93377 0.03339 0.03127 0.00157 ( 1)
 111 -   0.92143 0.04583 0.03059 0.00215 ( 1)
 112 -   0.94975 0.02173 0.02750 0.00102 ( 1)
 113 -   0.93899 0.02948 0.03014 0.00138 ( 1)
 114 -   0.00003 0.95518 0.00000 0.04479 ( 2)
 115 -   0.92143 0.04294 0.03362 0.00201 ( 1)
 116 -   0.96777 0.01007 0.02169 0.00047 ( 1)
 117 -   0.92179 0.04265 0.03356 0.00200 ( 1)
 118 -   0.90571 0.05496 0.03675 0.00258 ( 1)
 119 -   0.90234 0.05832 0.03661 0.00273 ( 1)
 120 -   0.93946 0.02870 0.03050 0.00135 ( 1)
 121 M   0.00007 0.95514 0.00000 0.04479 ( 2)
 122 L   0.91115 0.04906 0.03749 0.00230 ( 1)
 123 L   0.91710 0.04569 0.03507 0.00214 ( 1)
 124 I   0.94285 0.02342 0.03263 0.00110 ( 1)
 125 T   0.95780 0.01269 0.02892 0.00060 ( 1)
 126 N   0.94776 0.01975 0.03157 0.00093 ( 1)
 127 N   0.94776 0.01975 0.03157 0.00093 ( 1)
 128 P   0.96321 0.00924 0.02711 0.00043 ( 1)
 129 Y   0.94246 0.02373 0.03270 0.00111 ( 1)
 130 D   0.95202 0.01666 0.03054 0.00078 ( 1)
 131 Y   0.94747 0.01947 0.03215 0.00091 ( 1)
 132 A   0.00000 0.95521 0.00000 0.04479 ( 2)
 133 F   0.93927 0.02683 0.03264 0.00126 ( 1)
 134 I   0.94285 0.02342 0.03263 0.00110 ( 1)
 135 S   0.95474 0.01476 0.02981 0.00069 ( 1)
 136 Q   0.95019 0.01798 0.03099 0.00084 ( 1)
 137 G   0.94295 0.02327 0.03268 0.00109 ( 1)
 138 E   0.93097 0.03275 0.03475 0.00154 ( 1)
 139 T   0.95118 0.01726 0.03075 0.00081 ( 1)
 140 T   0.95118 0.01726 0.03075 0.00081 ( 1)
 141 V   0.95409 0.01521 0.02999 0.00071 ( 1)
 142 P   0.00000 0.95521 0.00000 0.04479 ( 2)
 143 S   0.93055 0.03250 0.03543 0.00152 ( 1)
 144 I   0.93871 0.02661 0.03343 0.00125 ( 1)
 145 D   0.94821 0.01936 0.03153 0.00091 ( 1)
 146 D   0.94972 0.01836 0.03106 0.00086 ( 1)
 147 A   0.94043 0.02528 0.03311 0.00119 ( 1)
 148 E   0.93097 0.03275 0.03475 0.00154 ( 1)
 149 E   0.93097 0.03275 0.03475 0.00154 ( 1)
 150 L   0.95562 0.01416 0.02956 0.00066 ( 1)
 151 M   0.95690 0.01328 0.02920 0.00062 ( 1)
 152 A   0.93779 0.02733 0.03360 0.00128 ( 1)
 153 T   0.95169 0.01676 0.03076 0.00079 ( 1)
 154 D   0.94797 0.01959 0.03152 0.00092 ( 1)
 155 A   0.00003 0.95518 0.00000 0.04479 ( 2)
 156 F   0.00003 0.95518 0.00000 0.04479 ( 2)
 157 D   0.93966 0.02518 0.03398 0.00118 ( 1)
 158 V   0.94586 0.02040 0.03278 0.00096 ( 1)
 159 L   0.90391 0.05511 0.03840 0.00258 ( 1)
 160 G   0.00002 0.59448 0.37762 0.02788 ( 2)
 161 F   0.93550 0.02847 0.03470 0.00133 ( 1)
 162 T   0.00000 0.95521 0.00000 0.04479 ( 2)
 163 S   0.00002 0.86402 0.09545 0.04051 ( 2)
 164 D   0.00003 0.95518 0.00000 0.04479 ( 2)
 165 E   0.92318 0.03858 0.03643 0.00181 ( 1)
 166 K   0.92283 0.03888 0.03647 0.00182 ( 1)
 167 N   0.00004 0.95517 0.00000 0.04479 ( 2)
 168 S   0.94654 0.01989 0.03264 0.00093 ( 1)
 169 M   0.00000 0.95521 0.00000 0.04479 ( 2)
 170 Y   0.95026 0.01719 0.03174 0.00081 ( 1)
 171 K   0.92283 0.03888 0.03647 0.00182 ( 1)
 172 L   0.90391 0.05511 0.03840 0.00258 ( 1)
 173 T   0.95018 0.01720 0.03181 0.00081 ( 1)
 174 G   0.93437 0.02938 0.03487 0.00138 ( 1)
 175 A   0.92753 0.03495 0.03588 0.00164 ( 1)
 176 I   0.93460 0.02920 0.03484 0.00137 ( 1)
 177 M   0.94879 0.01821 0.03215 0.00085 ( 1)
 178 H   0.95705 0.01237 0.03000 0.00058 ( 1)
 179 F   0.92564 0.03652 0.03613 0.00171 ( 1)
 180 G   0.93437 0.02938 0.03487 0.00138 ( 1)
 181 N   0.93945 0.02534 0.03402 0.00119 ( 1)
 182 M   0.94879 0.01821 0.03215 0.00085 ( 1)
 183 K   0.92283 0.03888 0.03647 0.00182 ( 1)
 184 F   0.93550 0.02847 0.03470 0.00133 ( 1)
 185 K   0.93396 0.02971 0.03493 0.00139 ( 1)
 186 L   0.94638 0.02001 0.03267 0.00094 ( 1)
 187 K   0.92283 0.03888 0.03647 0.00182 ( 1)
 188 P   0.00000 0.95521 0.00000 0.04479 ( 2)
 189 R   0.92890 0.03384 0.03567 0.00159 ( 1)
 190 E   0.92318 0.03858 0.03643 0.00181 ( 1)
 191 E   0.92318 0.03858 0.03643 0.00181 ( 1)
 192 Q   0.93346 0.03013 0.03500 0.00141 ( 1)
 193 A   0.92098 0.04129 0.03580 0.00194 ( 1)
 194 E   0.92318 0.03858 0.03643 0.00181 ( 1)
 195 P   0.00006 0.95515 0.00000 0.04479 ( 2)
 196 D   0.93966 0.02518 0.03398 0.00118 ( 1)
 197 G   0.94076 0.02431 0.03378 0.00114 ( 1)
 198 N   0.00005 0.95516 0.00000 0.04479 ( 2)
 199 E   0.94080 0.02429 0.03377 0.00114 ( 1)
 200 -   0.95458 0.01811 0.02646 0.00085 ( 1)
 201 -   0.97420 0.00628 0.01923 0.00029 ( 1)
 202 -   0.90476 0.05619 0.03641 0.00263 ( 1)
 203 -   0.93194 0.03455 0.03189 0.00162 ( 1)
 204 -   0.92464 0.04021 0.03327 0.00189 ( 1)
 205 -   0.93194 0.03455 0.03189 0.00162 ( 1)
 206 -   0.94948 0.02163 0.02788 0.00101 ( 1)
 207 -   0.95452 0.01815 0.02648 0.00085 ( 1)
 208 -   0.92501 0.03991 0.03320 0.00187 ( 1)
 209 -   0.92464 0.04021 0.03327 0.00189 ( 1)
 210 -   0.95267 0.01941 0.02701 0.00091 ( 1)
 211 -   0.93818 0.02983 0.03060 0.00140 ( 1)
 212 -   0.00002 0.46512 0.51306 0.02181 ( 3)
 213 -   0.94506 0.02478 0.02900 0.00116 ( 1)
 214 -   0.95267 0.01941 0.02701 0.00091 ( 1)
 215 -   0.94948 0.02163 0.02788 0.00101 ( 1)
 216 -   0.95424 0.01834 0.02656 0.00086 ( 1)
 217 -   0.96106 0.01386 0.02444 0.00065 ( 1)
 218 -   0.93722 0.03054 0.03080 0.00143 ( 1)
 219 -   0.95057 0.02266 0.02571 0.00106 ( 1)
 220 -   0.93194 0.03455 0.03189 0.00162 ( 1)
 221 -   0.95370 0.01871 0.02672 0.00088 ( 1)
 222 -   0.90476 0.05619 0.03641 0.00263 ( 1)
 223 -   0.92501 0.03991 0.03320 0.00187 ( 1)
 224 -   0.95370 0.01871 0.02672 0.00088 ( 1)
 225 -   0.00000 0.95521 0.00000 0.04479 ( 2)
 226 -   0.93603 0.03144 0.03105 0.00147 ( 1)
 227 -   0.96447 0.01174 0.02324 0.00055 ( 1)
 228 -   0.94390 0.02561 0.02928 0.00120 ( 1)
 229 -   0.93603 0.03144 0.03105 0.00147 ( 1)
 230 -   0.95452 0.01815 0.02648 0.00085 ( 1)
 231 -   0.93818 0.02983 0.03060 0.00140 ( 1)
 232 -   0.96200 0.01326 0.02412 0.00062 ( 1)
 233 -   0.94391 0.02561 0.02928 0.00120 ( 1)
 234 -   0.97478 0.00608 0.01886 0.00028 ( 1)
 235 -   0.90448 0.05648 0.03640 0.00265 ( 1)
 236 -   0.94681 0.02361 0.02847 0.00111 ( 1)
 237 -   0.93252 0.03418 0.03169 0.00160 ( 1)
 238 -   0.93157 0.03491 0.03188 0.00164 ( 1)
 239 -   0.94354 0.02597 0.02927 0.00122 ( 1)
 240 -   0.93780 0.03020 0.03059 0.00142 ( 1)
 241 -   0.92465 0.04027 0.03319 0.00189 ( 1)
 242 -   0.93629 0.03147 0.03077 0.00148 ( 1)
 243 -   0.93724 0.03075 0.03057 0.00144 ( 1)
 244 -   0.94627 0.02415 0.02845 0.00113 ( 1)
 245 F   0.93874 0.02803 0.03191 0.00131 ( 1)
 246 N   0.94844 0.01946 0.03119 0.00091 ( 1)
 247 S   0.97252 0.00442 0.02286 0.00021 ( 1)
 248 F   0.00000 0.95521 0.00000 0.04479 ( 2)
 249 E   0.93319 0.03159 0.03373 0.00148 ( 1)
 250 Q   0.94399 0.02332 0.03160 0.00109 ( 1)
 251 L   0.95038 0.02019 0.02849 0.00095 ( 1)
 252 C   0.97367 0.00430 0.02183 0.00020 ( 1)
 253 I   0.94515 0.02245 0.03135 0.00105 ( 1)
 254 N   0.95012 0.01882 0.03017 0.00088 ( 1)
 255 F   0.94606 0.02177 0.03115 0.00102 ( 1)
 256 T   0.96026 0.01192 0.02726 0.00056 ( 1)
 257 N   0.95012 0.01882 0.03017 0.00088 ( 1)
 258 E   0.93305 0.03174 0.03373 0.00149 ( 1)
 259 K   0.93267 0.03204 0.03379 0.00150 ( 1)
 260 L   0.91263 0.04874 0.03634 0.00229 ( 1)
 261 Q   0.94405 0.02327 0.03160 0.00109 ( 1)
 262 Q   0.94399 0.02332 0.03160 0.00109 ( 1)
 263 F   0.94606 0.02177 0.03115 0.00102 ( 1)
 264 F   0.94606 0.02177 0.03115 0.00102 ( 1)
 265 N   0.95012 0.01882 0.03017 0.00088 ( 1)
 266 H   0.96720 0.00773 0.02471 0.00036 ( 1)
 267 H   0.96720 0.00773 0.02471 0.00036 ( 1)
 268 M   0.95936 0.01249 0.02756 0.00059 ( 1)
 269 F   0.94606 0.02177 0.03115 0.00102 ( 1)
 270 V   0.95652 0.01438 0.02843 0.00067 ( 1)
 271 L   0.91146 0.04940 0.03683 0.00232 ( 1)
 272 E   0.93784 0.02864 0.03218 0.00134 ( 1)
 273 Q   0.94519 0.02277 0.03097 0.00107 ( 1)
 274 E   0.93305 0.03174 0.03373 0.00149 ( 1)
 275 E   0.94413 0.02268 0.03213 0.00106 ( 1)
 276 Y   0.96064 0.01156 0.02726 0.00054 ( 1)
 277 K   0.93267 0.03204 0.03379 0.00150 ( 1)
 278 K   0.93267 0.03204 0.03379 0.00150 ( 1)
 279 E   0.93305 0.03174 0.03373 0.00149 ( 1)
 280 G   0.95144 0.01788 0.02984 0.00084 ( 1)
 281 I   0.94515 0.02245 0.03135 0.00105 ( 1)
 282 E   0.00001 0.47421 0.50354 0.02224 ( 3)
 283 W   0.95251 0.01714 0.02956 0.00080 ( 1)
 284 E   0.00001 0.47446 0.50328 0.02225 ( 3)
 285 F   0.94606 0.02177 0.03115 0.00102 ( 1)
 286 I   0.94515 0.02245 0.03135 0.00105 ( 1)
 287 D   0.95444 0.01579 0.02903 0.00074 ( 1)
 288 F   0.94596 0.02187 0.03115 0.00103 ( 1)
 289 G   0.95160 0.01773 0.02984 0.00083 ( 1)
 290 M   0.00002 0.30745 0.67811 0.01442 ( 3)
 291 D   0.95444 0.01579 0.02903 0.00074 ( 1)
 292 L   0.91146 0.04940 0.03683 0.00232 ( 1)
 293 Q   0.00000 0.95521 0.00000 0.04479 ( 2)
 294 A   0.00002 0.43906 0.54034 0.02059 ( 3)
 295 C   0.97345 0.00451 0.02183 0.00021 ( 1)
 296 I   0.94482 0.02266 0.03146 0.00106 ( 1)
 297 D   0.00006 0.95515 0.00000 0.04479 ( 2)
 298 L   0.95702 0.01404 0.02828 0.00066 ( 1)
 299 I   0.94515 0.02245 0.03135 0.00105 ( 1)
 300 E   0.93305 0.03174 0.03373 0.00149 ( 1)
 301 K   0.93267 0.03204 0.03379 0.00150 ( 1)
 302 P   0.96406 0.01056 0.02488 0.00050 ( 1)
 303 M   0.95729 0.01487 0.02714 0.00070 ( 1)
 304 G   0.94898 0.02061 0.02944 0.00097 ( 1)
 305 I   0.94248 0.02536 0.03097 0.00119 ( 1)
 306 M   0.95729 0.01487 0.02714 0.00070 ( 1)
 307 S   0.95499 0.01642 0.02782 0.00077 ( 1)
 308 I   0.94248 0.02536 0.03097 0.00119 ( 1)
 309 L   0.91159 0.05050 0.03554 0.00237 ( 1)
 310 E   0.93022 0.03476 0.03339 0.00163 ( 1)
 311 E   0.93022 0.03476 0.03339 0.00163 ( 1)
 312 E   0.93022 0.03476 0.03339 0.00163 ( 1)
 313 C   0.97248 0.00587 0.02138 0.00028 ( 1)
 314 M   0.95729 0.01487 0.02714 0.00070 ( 1)
 315 F   0.94341 0.02466 0.03077 0.00116 ( 1)
 316 P   0.96406 0.01056 0.02488 0.00050 ( 1)
 317 K   0.92984 0.03506 0.03346 0.00164 ( 1)
 318 A   0.93723 0.02932 0.03207 0.00137 ( 1)
 319 T   0.95122 0.01903 0.02886 0.00089 ( 1)
 320 D   0.95211 0.01840 0.02863 0.00086 ( 1)
 321 M   0.95747 0.01469 0.02715 0.00069 ( 1)
 322 T   0.95842 0.01407 0.02685 0.00066 ( 1)
 323 F   0.94363 0.02445 0.03078 0.00115 ( 1)
 324 K   0.00001 0.49836 0.47825 0.02337 ( 2)
 325 A   0.92526 0.03862 0.03431 0.00181 ( 1)
 326 K   0.93006 0.03484 0.03346 0.00163 ( 1)
 327 L   0.91041 0.05110 0.03609 0.00240 ( 1)
 328 F   0.00000 0.95521 0.00000 0.04479 ( 2)
 329 D   0.95230 0.01821 0.02863 0.00085 ( 1)
 330 N   0.94782 0.02139 0.02979 0.00100 ( 1)
 331 H   0.96583 0.00945 0.02427 0.00044 ( 1)
 332 L   0.90918 0.05180 0.03659 0.00243 ( 1)
 333 G   0.95227 0.01856 0.02831 0.00087 ( 1)
 334 K   0.93299 0.03280 0.03266 0.00154 ( 1)
 335 S   0.95820 0.01454 0.02658 0.00068 ( 1)
 336 S   0.00000 0.95521 0.00000 0.04479 ( 2)
 337 N   0.95152 0.01890 0.02869 0.00089 ( 1)
 338 F   0.94737 0.02185 0.02976 0.00102 ( 1)
 339 Q   0.94524 0.02341 0.03025 0.00110 ( 1)
 340 K   0.93368 0.03213 0.03269 0.00151 ( 1)
 341 P   0.96571 0.00952 0.02433 0.00045 ( 1)
 342 R   0.95158 0.01911 0.02842 0.00090 ( 1)
 343 N   0.95534 0.01515 0.02881 0.00071 ( 1)
 344 I   0.94643 0.02253 0.02998 0.00106 ( 1)
 345 K   0.93368 0.03213 0.03269 0.00151 ( 1)
 346 G   0.96257 0.01161 0.02527 0.00054 ( 1)
 347 K   0.00000 0.95521 0.00000 0.04479 ( 2)
 348 P   0.97102 0.00681 0.02185 0.00032 ( 1)
 349 E   0.95292 0.01793 0.02831 0.00084 ( 1)
 350 A   0.94117 0.02641 0.03118 0.00124 ( 1)
 351 H   0.96902 0.00777 0.02284 0.00036 ( 1)
 352 F   0.94737 0.02185 0.02976 0.00102 ( 1)
 353 S   0.95875 0.01400 0.02659 0.00066 ( 1)
 354 L   0.91207 0.04948 0.03613 0.00232 ( 1)
 355 I   0.00000 0.95521 0.00000 0.04479 ( 2)
 356 H   0.96978 0.00704 0.02286 0.00033 ( 1)
 357 Y   0.95897 0.01457 0.02578 0.00068 ( 1)
 358 A   0.94193 0.02537 0.03151 0.00119 ( 1)
 359 G   0.95403 0.01682 0.02836 0.00079 ( 1)
 360 T   0.96302 0.01091 0.02556 0.00051 ( 1)
 361 V   0.95913 0.01341 0.02683 0.00063 ( 1)
 362 D   0.95672 0.01510 0.02747 0.00071 ( 1)
 363 Y   0.96358 0.01060 0.02532 0.00050 ( 1)
 364 N   0.95270 0.01774 0.02873 0.00083 ( 1)
 365 I   0.94768 0.02130 0.03002 0.00100 ( 1)
 366 I   0.00003 0.23153 0.75758 0.01086 ( 3)
 367 G   0.95403 0.01682 0.02836 0.00079 ( 1)
 368 W   0.95510 0.01609 0.02805 0.00075 ( 1)
 369 L   0.94823 0.02082 0.02997 0.00098 ( 1)
 370 Q   0.00000 0.95521 0.00000 0.04479 ( 2)
 371 K   0.94554 0.02276 0.03063 0.00107 ( 1)
 372 N   0.95270 0.01774 0.02873 0.00083 ( 1)
 373 K   0.94702 0.02178 0.03018 0.00102 ( 1)
 374 D   0.95704 0.01478 0.02748 0.00069 ( 1)
 375 P   0.97112 0.00650 0.02208 0.00030 ( 1)
 376 L   0.95963 0.01308 0.02667 0.00061 ( 1)
 377 N   0.95270 0.01774 0.02873 0.00083 ( 1)
 378 E   0.93539 0.03052 0.03266 0.00143 ( 1)
 379 T   0.96309 0.01100 0.02540 0.00052 ( 1)
 380 V   0.96117 0.01225 0.02600 0.00057 ( 1)
 381 V   0.95913 0.01341 0.02683 0.00063 ( 1)
 382 E   0.00000 0.95521 0.00000 0.04479 ( 2)
 383 L   0.97427 0.00478 0.02073 0.00022 ( 1)
 384 Y   0.96358 0.01060 0.02532 0.00050 ( 1)
 385 K   0.00000 0.95521 0.00000 0.04479 ( 2)
 386 K   0.94364 0.02431 0.03091 0.00114 ( 1)
 387 S   0.95979 0.01298 0.02662 0.00061 ( 1)
 388 S   0.96767 0.00830 0.02365 0.00039 ( 1)
 389 L   0.95972 0.01305 0.02662 0.00061 ( 1)
 390 K   0.93500 0.03082 0.03273 0.00145 ( 1)
 391 M   0.00000 0.95521 0.00000 0.04479 ( 2)
 392 L   0.95178 0.01774 0.02965 0.00083 ( 1)
 393 S   0.00000 0.95521 0.00000 0.04479 ( 2)
 394 T   0.00005 0.95516 0.00000 0.04479 ( 2)
 395 L   0.90714 0.05309 0.03728 0.00249 ( 1)
 396 F   0.93037 0.03391 0.03413 0.00159 ( 1)
 397 A   0.93449 0.03068 0.03339 0.00144 ( 1)
 398 N   0.94465 0.02291 0.03136 0.00107 ( 1)
 399 Y   0.93957 0.02667 0.03251 0.00125 ( 1)
 400 A   0.92183 0.04084 0.03542 0.00192 ( 1)
 401 G   0.95567 0.01508 0.02854 0.00071 ( 1)
 402 F   0.93039 0.03389 0.03413 0.00159 ( 1)
 403 D   0.94909 0.01966 0.03033 0.00092 ( 1)
 404 S   0.00004 0.95517 0.00000 0.04479 ( 2)
 405 -   0.91850 0.04513 0.03426 0.00212 ( 1)
 406 -   0.96749 0.01006 0.02199 0.00047 ( 1)
 407 -   0.89996 0.06020 0.03702 0.00282 ( 1)
 408 -   0.93525 0.03212 0.03112 0.00151 ( 1)
 409 -   0.91815 0.04541 0.03431 0.00213 ( 1)
 410 -   0.89996 0.06020 0.03702 0.00282 ( 1)
 411 -   0.94544 0.02459 0.02881 0.00115 ( 1)
 412 -   0.00003 0.95518 0.00000 0.04479 ( 2)
 413 -   0.93525 0.03212 0.03112 0.00151 ( 1)
 414 -   0.96087 0.01409 0.02437 0.00066 ( 1)
 415 -   0.93665 0.03107 0.03083 0.00146 ( 1)
 416 -   0.94295 0.02641 0.02941 0.00124 ( 1)
 417 -   0.93953 0.02942 0.02967 0.00138 ( 1)
 418 -   0.95495 0.01797 0.02624 0.00084 ( 1)
 419 -   0.95305 0.01927 0.02678 0.00090 ( 1)
 420 -   0.95495 0.01797 0.02624 0.00084 ( 1)
 421 -   0.93105 0.03531 0.03199 0.00166 ( 1)
 422 -   0.94221 0.02695 0.02958 0.00126 ( 1)
 423 -   0.95412 0.01853 0.02647 0.00087 ( 1)
 424 -   0.96317 0.01264 0.02359 0.00059 ( 1)
 425 -   0.93012 0.03603 0.03216 0.00169 ( 1)
 426 -   0.93012 0.03603 0.03216 0.00169 ( 1)
 427 -   0.95305 0.01927 0.02678 0.00090 ( 1)
 428 -   0.96749 0.01006 0.02199 0.00047 ( 1)
 429 -   0.91850 0.04513 0.03426 0.00212 ( 1)
 430 -   0.93696 0.03084 0.03076 0.00145 ( 1)
 431 -   0.91815 0.04541 0.03431 0.00213 ( 1)
 432 -   0.00003 0.95518 0.00000 0.04479 ( 2)
 433 -   0.94882 0.02267 0.02745 0.00106 ( 1)
 434 -   0.93388 0.03181 0.03282 0.00149 ( 1)
 435 -   0.93697 0.02941 0.03224 0.00138 ( 1)
 436 -   0.93167 0.03352 0.03323 0.00157 ( 1)
 437 -   0.93232 0.03364 0.03246 0.00158 ( 1)
 438 -   0.94438 0.02385 0.03065 0.00112 ( 1)
 439 -   0.89607 0.06275 0.03825 0.00294 ( 1)
 440 -   0.96086 0.01245 0.02611 0.00058 ( 1)
 441 -   0.93697 0.02941 0.03224 0.00138 ( 1)
 442 -   0.94625 0.02247 0.03022 0.00105 ( 1)
 443 -   0.92146 0.04168 0.03491 0.00195 ( 1)
 444 -   0.89540 0.06341 0.03822 0.00297 ( 1)
 445 -   0.92861 0.03594 0.03377 0.00169 ( 1)
 446 -   0.95453 0.01662 0.02807 0.00078 ( 1)
 447 -   0.95898 0.01365 0.02672 0.00064 ( 1)
 448 -   0.93125 0.03414 0.03300 0.00160 ( 1)
 449 -   0.93388 0.03181 0.03282 0.00149 ( 1)
 450 -   0.89540 0.06341 0.03822 0.00297 ( 1)
 451 -   0.91189 0.04951 0.03628 0.00232 ( 1)
 452 -   0.92861 0.03594 0.03377 0.00169 ( 1)
 453 -   0.92252 0.04080 0.03476 0.00191 ( 1)
 454 -   0.92861 0.03594 0.03377 0.00169 ( 1)
 455 -   0.92252 0.04080 0.03476 0.00191 ( 1)
 456 -   0.95453 0.01662 0.02807 0.00078 ( 1)
 457 -   0.95242 0.01808 0.02865 0.00085 ( 1)
 458 -   0.91158 0.04977 0.03632 0.00233 ( 1)
 459 -   0.92861 0.03594 0.03377 0.00169 ( 1)
 460 -   0.00002 0.95519 0.00000 0.04479 ( 2)
 461 -   0.94438 0.02385 0.03065 0.00112 ( 1)
 462 -   0.92730 0.03698 0.03399 0.00173 ( 1)
 463 -   0.92861 0.03594 0.03377 0.00169 ( 1)
 464 -   0.92252 0.04080 0.03476 0.00191 ( 1)
 465 -   0.93441 0.03139 0.03273 0.00147 ( 1)
 466 -   0.92026 0.03738 0.04060 0.00175 ( 1)
 467 -   0.92030 0.03734 0.04060 0.00175 ( 1)
 468 -   0.91458 0.04269 0.04073 0.00200 ( 1)
 469 -   0.90813 0.04877 0.04082 0.00229 ( 1)
 470 -   0.92569 0.03236 0.04044 0.00152 ( 1)
 471 -   0.90657 0.05024 0.04084 0.00236 ( 1)
 472 R   0.93714 0.02143 0.04043 0.00100 ( 1)
 473 Y   0.96331 0.01087 0.02531 0.00051 ( 1)
 474 R   0.95309 0.01775 0.02833 0.00083 ( 1)
 475 I   0.94748 0.02150 0.03001 0.00101 ( 1)
 476 L   0.91289 0.04866 0.03616 0.00228 ( 1)
 477 N   0.95293 0.01751 0.02873 0.00082 ( 1)
 478 P   0.97206 0.00579 0.02188 0.00027 ( 1)
 479 A   0.94544 0.02287 0.03062 0.00107 ( 1)
 480 A   0.94272 0.02488 0.03123 0.00117 ( 1)
 481 I   0.94793 0.02106 0.03003 0.00099 ( 1)
 482 P   0.96847 0.00767 0.02350 0.00036 ( 1)
 483 E   0.93566 0.03026 0.03267 0.00142 ( 1)
 484 G   0.95426 0.01659 0.02837 0.00078 ( 1)
 485 Q   0.94675 0.02192 0.03030 0.00103 ( 1)
 486 F   0.94886 0.02038 0.02980 0.00096 ( 1)
 487 I   0.94367 0.02418 0.03102 0.00113 ( 1)
 488 D   0.95726 0.01457 0.02749 0.00068 ( 1)
 489 S   0.97685 0.00359 0.01939 0.00017 ( 1)
 490 R   0.97454 0.00460 0.02065 0.00022 ( 1)
 491 K   0.94727 0.02154 0.03018 0.00101 ( 1)
 492 G   0.96381 0.01039 0.02531 0.00049 ( 1)
 493 S   0.00000 0.95521 0.00000 0.04479 ( 2)
 494 E   0.93566 0.03026 0.03267 0.00142 ( 1)
 495 K   0.93526 0.03056 0.03274 0.00143 ( 1)
