86
Bacu_CASQ2         0.0000000 0.0221344 0.0196829 0.0038493 0.0111490 0.0140519 0.0147304 0.0102945 0.0124812 0.0083057 0.0213977 0.0227434 0.0203561 0.0199079 0.0209439 0.0199079 0.0238459 0.0232727 0.0219572 0.0162074 0.0219962 0.0101295 0.0200001 0.0208901 0.0251224 0.0193330 0.0190120 0.0267475 0.0307952 0.0287713 0.0256687 0.0222791 0.0189470 0.0239170 0.0251068 0.0198509 0.0175304 0.0198708 0.0199270 0.0231880 0.0258194 0.0197671 0.0208067 0.0209959 0.0178861 0.0159559 0.0314050 0.0273866 0.0202773 0.0265850 0.0232727 0.0219788 0.0265026 0.0248547 0.0230101 0.0187273 0.0234499 0.0201858 0.0211562 0.0394789 0.0197193 0.0222588 0.0186022 0.0281253 0.0209002 0.0194643 0.0282857 0.0220897 0.0281308 0.0263555 0.0256923 0.0179494 0.0219120 0.0217824 0.0271747 0.0191792 0.0243420 0.0189287 0.0245431 0.0201877 0.0227187 0.0189287 0.0183069 0.0210902 0.0166184 0.0227162 
Barn_CASQ2         0.0221344 0.0000000 0.0034483 0.0197088 0.0211960 0.0261712 0.0261712 0.0180910 0.0032345 0.0148070 0.0228352 0.0199465 0.0229115 0.0199153 0.0199153 0.0199153 0.0215194 0.0303287 0.0150565 0.0105090 0.0166088 0.0200599 0.0198887 0.0215192 0.0215364 0.0215364 0.0105539 0.0170379 0.0353628 0.0302413 0.0223309 0.0214983 0.0183501 0.0230290 0.0215194 0.0183214 0.0183501 0.0183501 0.0199465 0.0200488 0.0112765 0.0118326 0.0148883 0.0218793 0.0088193 0.0103244 0.0139131 0.0164530 0.0133733 0.0133076 0.0303287 0.0139404 0.0180315 0.0148883 0.0214382 0.0144736 0.0183529 0.0199977 0.0231426 0.0484682 0.0140327 0.0215588 0.0124374 0.0197576 0.0215364 0.0140327 0.0263027 0.0197576 0.0197576 0.0215506 0.0229528 0.0167326 0.0167326 0.0183214 0.0221739 0.0199626 0.0215312 0.0183214 0.0199626 0.0199626 0.0199153 0.0183214 0.0167459 0.0120897 0.0167459 0.0088152 
Bbai76728_CASQ2    0.0196829 0.0034483 0.0000000 0.0180749 0.0179718 0.0213533 0.0213533 0.0168884 0.0052012 0.0146025 0.0196379 0.0184594 0.0208768 0.0159337 0.0159865 0.0159337 0.0197039 0.0251466 0.0126534 0.0119442 0.0137251 0.0185965 0.0159723 0.0170253 0.0197158 0.0170337 0.0095059 0.0136714 0.0273715 0.0239529 0.0174804 0.0183699 0.0148624 0.0185687 0.0197039 0.0148462 0.0148624 0.0148624 0.0159511 0.0193170 0.0118558 0.0104114 0.0125319 0.0136225 0.0083079 0.0093597 0.0171808 0.0157077 0.0114803 0.0136047 0.0251466 0.0128610 0.0140485 0.0156908 0.0180548 0.0143609 0.0198029 0.0170665 0.0192298 0.0388441 0.0140671 0.0173134 0.0161161 0.0207018 0.0170337 0.0130159 0.0202338 0.0169143 0.0227489 0.0210234 0.0213532 0.0137602 0.0174681 0.0166798 0.0230391 0.0159586 0.0195324 0.0148462 0.0209310 0.0160116 0.0184364 0.0148462 0.0140275 0.0116541 0.0137674 0.0120627 
BbonAUS_CASQ2      0.0038493 0.0197088 0.0180749 0.0000000 0.0094150 0.0123653 0.0123653 0.0113584 0.0119172 0.0101088 0.0229666 0.0210901 0.0186377 0.0194341 0.0194934 0.0194341 0.0222282 0.0249006 0.0224755 0.0166208 0.0214533 0.0086731 0.0194769 0.0204487 0.0222411 0.0204588 0.0175871 0.0234273 0.0292359 0.0270945 0.0241247 0.0217345 0.0184417 0.0207736 0.0222282 0.0184233 0.0184417 0.0184417 0.0194535 0.0247944 0.0223071 0.0183468 0.0203643 0.0224142 0.0163506 0.0173495 0.0281261 0.0244709 0.0193709 0.0229544 0.0249006 0.0215324 0.0245857 0.0232779 0.0214833 0.0181764 0.0230897 0.0197155 0.0225027 0.0375465 0.0198819 0.0207687 0.0186022 0.0248559 0.0204588 0.0189118 0.0267194 0.0225007 0.0257037 0.0234449 0.0221063 0.0174130 0.0202136 0.0202655 0.0238454 0.0186761 0.0228227 0.0184233 0.0213150 0.0187338 0.0210663 0.0184233 0.0177251 0.0175987 0.0174219 0.0198926 
Bbor_CASQ2         0.0111490 0.0211960 0.0179718 0.0094150 0.0000000 0.0044527 0.0046585 0.0071454 0.0103629 0.0156376 0.0229004 0.0178104 0.0163244 0.0184959 0.0194415 0.0184959 0.0210677 0.0232027 0.0213842 0.0168106 0.0213954 0.0097347 0.0185804 0.0194597 0.0221733 0.0194686 0.0174947 0.0233462 0.0300012 0.0269413 0.0224776 0.0207996 0.0175524 0.0206955 0.0221606 0.0183751 0.0175524 0.0183934 0.0185135 0.0235129 0.0194466 0.0182506 0.0193334 0.0208745 0.0164767 0.0164767 0.0299451 0.0243196 0.0187844 0.0242455 0.0232027 0.0203288 0.0219992 0.0220002 0.0214314 0.0192772 0.0219481 0.0195023 0.0214082 0.0422653 0.0188597 0.0207120 0.0212620 0.0260390 0.0194686 0.0179387 0.0265705 0.0223443 0.0270946 0.0233715 0.0235073 0.0165762 0.0191495 0.0202094 0.0259146 0.0177651 0.0227594 0.0175357 0.0225929 0.0186840 0.0199688 0.0175357 0.0169003 0.0195243 0.0165841 0.0197726 
Bede66737_CASQ2    0.0140519 0.0261712 0.0213533 0.0123653 0.0044527 0.0000000 0.0000010 0.0080864 0.0134556 0.0195043 0.0278604 0.0211954 0.0175424 0.0214863 0.0225969 0.0214863 0.0245088 0.0263544 0.0244201 0.0204321 0.0245725 0.0086548 0.0215851 0.0224657 0.0258110 0.0224769 0.0206237 0.0274027 0.0328088 0.0297808 0.0256830 0.0238752 0.0205298 0.0220280 0.0257949 0.0215025 0.0205298 0.0215238 0.0215059 0.0266016 0.0222216 0.0213557 0.0223185 0.0223018 0.0194167 0.0194167 0.0362967 0.0279725 0.0218253 0.0287101 0.0263544 0.0236392 0.0257964 0.0254343 0.0244762 0.0224117 0.0250434 0.0217818 0.0244485 0.0437731 0.0218866 0.0239283 0.0242188 0.0301674 0.0224769 0.0209592 0.0298456 0.0253960 0.0318671 0.0270380 0.0250361 0.0195342 0.0225955 0.0234923 0.0281329 0.0207772 0.0260022 0.0205103 0.0267131 0.0218616 0.0233896 0.0205103 0.0199208 0.0226897 0.0195442 0.0233473 
BedeAUS_CASQ2      0.0147304 0.0261712 0.0213533 0.0123653 0.0046585 0.0000010 0.0000000 0.0084636 0.0134556 0.0207553 0.0278604 0.0223017 0.0175424 0.0225275 0.0225969 0.0225275 0.0257949 0.0276787 0.0256090 0.0216494 0.0245725 0.0086548 0.0225771 0.0235562 0.0258110 0.0235688 0.0206237 0.0274027 0.0330416 0.0297808 0.0256830 0.0248910 0.0215238 0.0220280 0.0257949 0.0215025 0.0215238 0.0215238 0.0225498 0.0279095 0.0222216 0.0213557 0.0233954 0.0237602 0.0193381 0.0203482 0.0362967 0.0279725 0.0223941 0.0287101 0.0276787 0.0249049 0.0257964 0.0267608 0.0246081 0.0224525 0.0262846 0.0228503 0.0256406 0.0437731 0.0229585 0.0239283 0.0242188 0.0301674 0.0235688 0.0219870 0.0298456 0.0255696 0.0318671 0.0270380 0.0250361 0.0204764 0.0237910 0.0234923 0.0281329 0.0217939 0.0260022 0.0215025 0.0267131 0.0218616 0.0246145 0.0215025 0.0208466 0.0226897 0.0204876 0.0233473 
Bmus_CASQ2         0.0102945 0.0180910 0.0168884 0.0113584 0.0071454 0.0080864 0.0084636 0.0000000 0.0103679 0.0131793 0.0166537 0.0144928 0.0163463 0.0155613 0.0163497 0.0155613 0.0176952 0.0204209 0.0194808 0.0145119 0.0194049 0.0075463 0.0156318 0.0165097 0.0186125 0.0153091 0.0164449 0.0194555 0.0310298 0.0279959 0.0193367 0.0177818 0.0146304 0.0168117 0.0186026 0.0153094 0.0135632 0.0153246 0.0155761 0.0189679 0.0207811 0.0172075 0.0183294 0.0195204 0.0154904 0.0154904 0.0260768 0.0230822 0.0177625 0.0228288 0.0204209 0.0192163 0.0232113 0.0208389 0.0170893 0.0172200 0.0189093 0.0157783 0.0170732 0.0359562 0.0174090 0.0175621 0.0157863 0.0220102 0.0165167 0.0169698 0.0233647 0.0179298 0.0211259 0.0197826 0.0190620 0.0136731 0.0157713 0.0169926 0.0176610 0.0155824 0.0195828 0.0146165 0.0195605 0.0163732 0.0166156 0.0146165 0.0139372 0.0184611 0.0126848 0.0185668 
Bmys_CASQ2         0.0124812 0.0032345 0.0052012 0.0119172 0.0103629 0.0134556 0.0134556 0.0103679 0.0000000 0.0112526 0.0069192 0.0107863 0.0089633 0.0073414 0.0073414 0.0073414 0.0089516 0.0088514 0.0028999 0.0043679 0.0028999 0.0110784 0.0088319 0.0088319 0.0107736 0.0088319 0.0090763 0.0063404 0.0153184 0.0137510 0.0118708 0.0090276 0.0073414 0.0084336 0.0107863 0.0058533 0.0073414 0.0073414 0.0073414 0.0118697 0.0124878 0.0103856 0.0103906 0.0111962 0.0073704 0.0073704 0.0218256 0.0183485 0.0103856 0.0156677 0.0088514 0.0119042 0.0133553 0.0145575 0.0088454 0.0088454 0.0124313 0.0073378 0.0103581 0.0139195 0.0073441 0.0089494 0.0094212 0.0108301 0.0088319 0.0058825 0.0118831 0.0088454 0.0083981 0.0108190 0.0079723 0.0058533 0.0091967 0.0077602 0.0120192 0.0058533 0.0090501 0.0058533 0.0086156 0.0058533 0.0071316 0.0058533 0.0059484 0.0088853 0.0058533 0.0146604 
Bphy_CASQ2         0.0083057 0.0148070 0.0146025 0.0101088 0.0156376 0.0195043 0.0207553 0.0131793 0.0112526 0.0000000 0.0078875 0.0186159 0.0148599 0.0169104 0.0180578 0.0169104 0.0216080 0.0175177 0.0169447 0.0182164 0.0180237 0.0123290 0.0157617 0.0169170 0.0199334 0.0156523 0.0170072 0.0157431 0.0197742 0.0194496 0.0206682 0.0186108 0.0144222 0.0175060 0.0231688 0.0166548 0.0144222 0.0153342 0.0144222 0.0181722 0.0237798 0.0180259 0.0157012 0.0161114 0.0157012 0.0144556 0.0310859 0.0264886 0.0174261 0.0227157 0.0175177 0.0161971 0.0210876 0.0231680 0.0187863 0.0187863 0.0200667 0.0156523 0.0194444 0.0190727 0.0119480 0.0183365 0.0235610 0.0225324 0.0156523 0.0107654 0.0213776 0.0187863 0.0233364 0.0232347 0.0234586 0.0144166 0.0189853 0.0190175 0.0178104 0.0156619 0.0210825 0.0156619 0.0215431 0.0167220 0.0201062 0.0156619 0.0147858 0.0153534 0.0144253 0.0200841 
Ccom40_CASQ2       0.0213977 0.0228352 0.0196379 0.0229666 0.0229004 0.0278604 0.0278604 0.0166537 0.0069192 0.0078875 0.0000000 0.0033552 0.0240407 0.0044816 0.0044816 0.0044816 0.0050425 0.0217390 0.0214294 0.0119864 0.0198551 0.0209952 0.0059745 0.0074856 0.0084280 0.0074896 0.0171031 0.0195091 0.0251330 0.0234968 0.0141887 0.0087517 0.0014903 0.0058870 0.0067303 0.0059783 0.0014903 0.0014903 0.0029818 0.0170709 0.0227853 0.0167407 0.0198605 0.0200748 0.0151880 0.0167407 0.0263904 0.0206733 0.0183263 0.0264468 0.0217390 0.0183018 0.0223068 0.0206294 0.0198033 0.0177889 0.0059874 0.0075083 0.0120305 0.0484095 0.0193764 0.0090055 0.0105805 0.0224199 0.0074896 0.0193764 0.0214751 0.0182407 0.0224199 0.0118533 0.0120732 0.0044788 0.0068993 0.0076471 0.0098128 0.0074968 0.0107355 0.0059783 0.0100521 0.0074968 0.0067266 0.0059783 0.0059783 0.0183245 0.0059783 0.0207081 
Chea7320_CASQ2     0.0227434 0.0199465 0.0184594 0.0210901 0.0178104 0.0211954 0.0223017 0.0144928 0.0107863 0.0186159 0.0033552 0.0000000 0.0222073 0.0040296 0.0042295 0.0040296 0.0050487 0.0190667 0.0189776 0.0143120 0.0188091 0.0190093 0.0060657 0.0070985 0.0074565 0.0071011 0.0178124 0.0157433 0.0300954 0.0277750 0.0111084 0.0082819 0.0009997 0.0023157 0.0052994 0.0052976 0.0009997 0.0010492 0.0020039 0.0147097 0.0210192 0.0186730 0.0199396 0.0183042 0.0166802 0.0166802 0.0244996 0.0209924 0.0192703 0.0230995 0.0190667 0.0186960 0.0232458 0.0188467 0.0177490 0.0162916 0.0050522 0.0060849 0.0081322 0.0351412 0.0184863 0.0074625 0.0103857 0.0170304 0.0071011 0.0163677 0.0187085 0.0166666 0.0198248 0.0085538 0.0079482 0.0040279 0.0051265 0.0064742 0.0096514 0.0060785 0.0099412 0.0050470 0.0071128 0.0063824 0.0060704 0.0050470 0.0040296 0.0201413 0.0040296 0.0187454 
Cmar59905_CASQ2    0.0203561 0.0229115 0.0208768 0.0186377 0.0163244 0.0175424 0.0175424 0.0163463 0.0089633 0.0148599 0.0240407 0.0222073 0.0000000 0.0221824 0.0221824 0.0221824 0.0233469 0.0309933 0.0221197 0.0166805 0.0209642 0.0142926 0.0221605 0.0233466 0.0233607 0.0233607 0.0200876 0.0246680 0.0310040 0.0285598 0.0257556 0.0248576 0.0210462 0.0232971 0.0233469 0.0210224 0.0210462 0.0210462 0.0222073 0.0247153 0.0222609 0.0209240 0.0232368 0.0281261 0.0186384 0.0197823 0.0301004 0.0255886 0.0221008 0.0257943 0.0309933 0.0236190 0.0245309 0.0243923 0.0269279 0.0233013 0.0210492 0.0213746 0.0245237 0.0454588 0.0191850 0.0233780 0.0213300 0.0275226 0.0233607 0.0180846 0.0306219 0.0257430 0.0288136 0.0245674 0.0264858 0.0198636 0.0213411 0.0225099 0.0280544 0.0213470 0.0249045 0.0210224 0.0239361 0.0213470 0.0221824 0.0210224 0.0198757 0.0224329 0.0198757 0.0187104 
Dcap108471_CASQ2   0.0199079 0.0199153 0.0159337 0.0194341 0.0184959 0.0214863 0.0225275 0.0155613 0.0073414 0.0169104 0.0044816 0.0040296 0.0221824 0.0000000 0.0000010 0.0000010 0.0009988 0.0186802 0.0176079 0.0145086 0.0174462 0.0189874 0.0035698 0.0044516 0.0052954 0.0044529 0.0155611 0.0157235 0.0284089 0.0263211 0.0077528 0.0036200 0.0026626 0.0058389 0.0010483 0.0009223 0.0026626 0.0027853 0.0035574 0.0138716 0.0196167 0.0163374 0.0175010 0.0170322 0.0146518 0.0146518 0.0224952 0.0209688 0.0169141 0.0230678 0.0186802 0.0151443 0.0185360 0.0188264 0.0175211 0.0142373 0.0064679 0.0044594 0.0044497 0.0312778 0.0171476 0.0047264 0.0157594 0.0195863 0.0044529 0.0152872 0.0183996 0.0165654 0.0228232 0.0042289 0.0039317 0.0017697 0.0030595 0.0019289 0.0038068 0.0017708 0.0057640 0.0008826 0.0023417 0.0018576 0.0020015 0.0008826 0.0018011 0.0175848 0.0017688 0.0187242 
Dcap79929_CASQ2    0.0209439 0.0199153 0.0159865 0.0194934 0.0194415 0.0225969 0.0225969 0.0163497 0.0073414 0.0180578 0.0044816 0.0042295 0.0221824 0.0000010 0.0000000 0.0000010 0.0010483 0.0196465 0.0185111 0.0154155 0.0174994 0.0189874 0.0037263 0.0046711 0.0052954 0.0046726 0.0156087 0.0157235 0.0285639 0.0264045 0.0077763 0.0037775 0.0027935 0.0058389 0.0010483 0.0009248 0.0027935 0.0027935 0.0037326 0.0135686 0.0196167 0.0163869 0.0183931 0.0181468 0.0144015 0.0153947 0.0224952 0.0209688 0.0174034 0.0230678 0.0196465 0.0159951 0.0186037 0.0197969 0.0173945 0.0139439 0.0067972 0.0046797 0.0046691 0.0313880 0.0180430 0.0047264 0.0157594 0.0195863 0.0046726 0.0160885 0.0184557 0.0163930 0.0228232 0.0042289 0.0039317 0.0018564 0.0032140 0.0019289 0.0038068 0.0018576 0.0057814 0.0009248 0.0023417 0.0018576 0.0021009 0.0009248 0.0018808 0.0176388 0.0018554 0.0187242 
DdelSJR_CASQ2      0.0199079 0.0199153 0.0159337 0.0194341 0.0184959 0.0214863 0.0225275 0.0155613 0.0073414 0.0169104 0.0044816 0.0040296 0.0221824 0.0000010 0.0000010 0.0000000 0.0009988 0.0186802 0.0176079 0.0145086 0.0174462 0.0189874 0.0035698 0.0044516 0.0052954 0.0044529 0.0155611 0.0157235 0.0284089 0.0263211 0.0077528 0.0036200 0.0026626 0.0058389 0.0010483 0.0009223 0.0026626 0.0027853 0.0035574 0.0138716 0.0196167 0.0163374 0.0175010 0.0170322 0.0146518 0.0146518 0.0224952 0.0209688 0.0169141 0.0230678 0.0186802 0.0151443 0.0185360 0.0188264 0.0175211 0.0142373 0.0064679 0.0044594 0.0044497 0.0312778 0.0171476 0.0047264 0.0157594 0.0195863 0.0044529 0.0152872 0.0183996 0.0165654 0.0228232 0.0042289 0.0039317 0.0017697 0.0030595 0.0019289 0.0038068 0.0017708 0.0057640 0.0008826 0.0023417 0.0018576 0.0020015 0.0008826 0.0018011 0.0175848 0.0017688 0.0187242 
Ddeltrop4525_CASQ2 0.0238459 0.0215194 0.0197039 0.0222282 0.0210677 0.0245088 0.0257949 0.0176952 0.0089516 0.0216080 0.0050425 0.0050487 0.0233469 0.0009988 0.0010483 0.0009988 0.0000000 0.0224214 0.0200567 0.0170119 0.0199412 0.0201540 0.0050394 0.0060659 0.0063709 0.0060681 0.0166468 0.0169800 0.0336987 0.0314999 0.0099733 0.0051348 0.0040296 0.0070252 0.0021016 0.0021009 0.0040296 0.0042295 0.0050487 0.0136183 0.0182639 0.0175185 0.0188328 0.0182845 0.0155899 0.0155899 0.0224952 0.0198242 0.0181434 0.0216559 0.0224214 0.0174681 0.0217939 0.0177445 0.0210447 0.0174005 0.0040294 0.0050551 0.0050405 0.0379536 0.0195858 0.0063760 0.0184955 0.0208666 0.0060681 0.0174685 0.0221895 0.0199462 0.0243256 0.0052987 0.0052577 0.0030117 0.0040881 0.0032103 0.0038068 0.0030140 0.0065743 0.0020015 0.0035220 0.0031631 0.0009988 0.0020015 0.0030101 0.0189628 0.0030101 0.0198736 
Dleu_CASQ2         0.0232727 0.0303287 0.0251466 0.0249006 0.0232027 0.0263544 0.0276787 0.0204209 0.0088514 0.0175177 0.0217390 0.0190667 0.0309933 0.0186802 0.0196465 0.0186802 0.0224214 0.0000000 0.0247974 0.0157342 0.0249701 0.0272379 0.0187664 0.0196550 0.0236166 0.0181977 0.0240488 0.0257481 0.0326813 0.0307092 0.0211447 0.0210138 0.0157677 0.0196122 0.0236024 0.0185666 0.0146030 0.0165281 0.0167307 0.0202263 0.0312910 0.0247611 0.0255989 0.0291002 0.0226199 0.0226199 0.0353438 0.0332890 0.0251634 0.0339163 0.0000010 0.0239230 0.0287646 0.0281056 0.0181465 0.0172665 0.0221762 0.0196986 0.0200072 0.0340836 0.0232521 0.0209352 0.0186322 0.0211020 0.0196642 0.0232949 0.0205990 0.0172491 0.0231016 0.0248393 0.0253508 0.0167389 0.0204857 0.0204314 0.0266414 0.0179433 0.0243714 0.0177092 0.0229059 0.0188819 0.0213033 0.0177092 0.0170698 0.0247742 0.0155056 0.0285073 
EausAUS_CASQ2      0.0219572 0.0150565 0.0126534 0.0224755 0.0213842 0.0244201 0.0256090 0.0194808 0.0028999 0.0169447 0.0214294 0.0189776 0.0221197 0.0176079 0.0185111 0.0176079 0.0200567 0.0247974 0.0000000 0.0010798 0.0009266 0.0213071 0.0176886 0.0185725 0.0211118 0.0185809 0.0165997 0.0170640 0.0280070 0.0259341 0.0209734 0.0198993 0.0166630 0.0208191 0.0187944 0.0174462 0.0166630 0.0174636 0.0176247 0.0187211 0.0209612 0.0173679 0.0184922 0.0170103 0.0156280 0.0156280 0.0242503 0.0233251 0.0179235 0.0230320 0.0247974 0.0172692 0.0209240 0.0188640 0.0205182 0.0173123 0.0210474 0.0186128 0.0205218 0.0363846 0.0159879 0.0187424 0.0130880 0.0223042 0.0185809 0.0150671 0.0236124 0.0195458 0.0227692 0.0199882 0.0207683 0.0156867 0.0181246 0.0181936 0.0260565 0.0176326 0.0218233 0.0166470 0.0223735 0.0185387 0.0189571 0.0166470 0.0150218 0.0186350 0.0156941 0.0187636 
Egla13086_CASQ2    0.0162074 0.0105090 0.0119442 0.0166208 0.0168106 0.0204321 0.0216494 0.0145119 0.0043679 0.0182164 0.0119864 0.0143120 0.0166805 0.0145086 0.0154155 0.0145086 0.0170119 0.0157342 0.0010798 0.0000000 0.0011410 0.0155328 0.0145891 0.0156643 0.0166580 0.0144952 0.0169020 0.0141743 0.0222173 0.0207469 0.0178171 0.0160236 0.0122165 0.0124622 0.0152466 0.0141390 0.0122165 0.0129285 0.0122165 0.0168316 0.0210415 0.0178463 0.0168588 0.0139670 0.0156950 0.0145369 0.0262643 0.0240380 0.0172953 0.0219027 0.0157342 0.0164395 0.0210091 0.0184098 0.0145322 0.0145322 0.0173634 0.0133512 0.0168392 0.0159875 0.0122040 0.0143925 0.0158263 0.0142866 0.0144952 0.0111047 0.0166056 0.0145322 0.0133192 0.0181691 0.0166644 0.0122121 0.0145775 0.0148883 0.0188831 0.0133586 0.0181503 0.0133586 0.0159221 0.0141916 0.0156567 0.0133586 0.0113345 0.0169090 0.0122186 0.0197173 
Ejap43864_CASQ2    0.0219962 0.0166088 0.0137251 0.0214533 0.0213954 0.0245725 0.0245725 0.0194049 0.0028999 0.0180237 0.0198551 0.0188091 0.0209642 0.0174462 0.0174994 0.0174462 0.0199412 0.0249701 0.0009266 0.0011410 0.0000000 0.0201373 0.0174849 0.0184547 0.0199522 0.0184634 0.0155913 0.0183252 0.0269972 0.0248845 0.0199409 0.0197116 0.0164582 0.0195424 0.0176459 0.0164417 0.0164582 0.0164582 0.0174636 0.0186098 0.0195956 0.0163685 0.0183714 0.0166772 0.0143862 0.0153779 0.0222979 0.0221621 0.0173833 0.0216141 0.0249701 0.0170742 0.0197128 0.0186911 0.0194549 0.0160714 0.0210443 0.0184966 0.0204932 0.0363846 0.0157499 0.0177174 0.0130880 0.0210087 0.0184634 0.0147864 0.0225795 0.0184430 0.0212815 0.0188316 0.0193251 0.0154386 0.0179125 0.0171462 0.0239589 0.0174717 0.0207883 0.0164417 0.0210729 0.0175251 0.0187877 0.0164417 0.0146999 0.0176181 0.0154462 0.0176175 
Erob133443_CASQ2   0.0101295 0.0200599 0.0185965 0.0086731 0.0097347 0.0086548 0.0086548 0.0075463 0.0110784 0.0123290 0.0209952 0.0190093 0.0142926 0.0189874 0.0189874 0.0189874 0.0201540 0.0272379 0.0213071 0.0155328 0.0201373 0.0000000 0.0189691 0.0201539 0.0201653 0.0201653 0.0179922 0.0211307 0.0314227 0.0277279 0.0213761 0.0216291 0.0178480 0.0194355 0.0201540 0.0178275 0.0178480 0.0178480 0.0190093 0.0250756 0.0211870 0.0188591 0.0211801 0.0228139 0.0165654 0.0177129 0.0287484 0.0235390 0.0200377 0.0232897 0.0272379 0.0226496 0.0263841 0.0223406 0.0237293 0.0212017 0.0178498 0.0181334 0.0213307 0.0446313 0.0194630 0.0201808 0.0157863 0.0278936 0.0201653 0.0183469 0.0309955 0.0260542 0.0292624 0.0201736 0.0220697 0.0166690 0.0181061 0.0192765 0.0238304 0.0181104 0.0216709 0.0178275 0.0203264 0.0181104 0.0189874 0.0178275 0.0166787 0.0203450 0.0166787 0.0189329 
Fatt_CASQ2         0.0200001 0.0198887 0.0159723 0.0194769 0.0185804 0.0215851 0.0225771 0.0156318 0.0088319 0.0157617 0.0059745 0.0060657 0.0221605 0.0035698 0.0037263 0.0035698 0.0050394 0.0187664 0.0176886 0.0145891 0.0174849 0.0189691 0.0000000 0.0008875 0.0010489 0.0008878 0.0155960 0.0157076 0.0284702 0.0263797 0.0058147 0.0036311 0.0044744 0.0070189 0.0052891 0.0027888 0.0044744 0.0046710 0.0053801 0.0148769 0.0209669 0.0163736 0.0175807 0.0156726 0.0147183 0.0147183 0.0224576 0.0232559 0.0169505 0.0230397 0.0187664 0.0152202 0.0185851 0.0188095 0.0176020 0.0143044 0.0064977 0.0044793 0.0044735 0.0313539 0.0172277 0.0028225 0.0130488 0.0195655 0.0008878 0.0153589 0.0184403 0.0166408 0.0227941 0.0063742 0.0052594 0.0017775 0.0030572 0.0038734 0.0076697 0.0035740 0.0077379 0.0026719 0.0047081 0.0037308 0.0040223 0.0026719 0.0036167 0.0176242 0.0035698 0.0187064 
Ggri_CASQ2         0.0208901 0.0215192 0.0170253 0.0204487 0.0194597 0.0224657 0.0235562 0.0165097 0.0088319 0.0169170 0.0074856 0.0070985 0.0233466 0.0044516 0.0046711 0.0044516 0.0060659 0.0196550 0.0185725 0.0156643 0.0184547 0.0201539 0.0008875 0.0000000 0.0021045 0.0017714 0.0165680 0.0169800 0.0294461 0.0273886 0.0067770 0.0045379 0.0053563 0.0082178 0.0063685 0.0037181 0.0053563 0.0056047 0.0062615 0.0167397 0.0209669 0.0173354 0.0184596 0.0170466 0.0155994 0.0155994 0.0244674 0.0244466 0.0178908 0.0244966 0.0196550 0.0161903 0.0197442 0.0199182 0.0184820 0.0152190 0.0074016 0.0053623 0.0053553 0.0324706 0.0181283 0.0037742 0.0157863 0.0208664 0.0017714 0.0162672 0.0194094 0.0175211 0.0243251 0.0074608 0.0066005 0.0026599 0.0040882 0.0048555 0.0096381 0.0044568 0.0087024 0.0035541 0.0059064 0.0046768 0.0050433 0.0035541 0.0045334 0.0186002 0.0044516 0.0198735 
Gmac39091_CASQ2    0.0251224 0.0215364 0.0197158 0.0222411 0.0221733 0.0258110 0.0258110 0.0186125 0.0107736 0.0199334 0.0084280 0.0074565 0.0233607 0.0052954 0.0052954 0.0052954 0.0063709 0.0236166 0.0211118 0.0166580 0.0199522 0.0201653 0.0010489 0.0021045 0.0000000 0.0000010 0.0189588 0.0169897 0.0340292 0.0315223 0.0077406 0.0053788 0.0063759 0.0082214 0.0063709 0.0042262 0.0063759 0.0063759 0.0074565 0.0188992 0.0223826 0.0198078 0.0221151 0.0214372 0.0175276 0.0186685 0.0244930 0.0244616 0.0209806 0.0245152 0.0236166 0.0197743 0.0232407 0.0209588 0.0209683 0.0159304 0.0021000 0.0031618 0.0052979 0.0379873 0.0206369 0.0042327 0.0130488 0.0208796 0.0000010 0.0184094 0.0222023 0.0198165 0.0243444 0.0074637 0.0066035 0.0031618 0.0042968 0.0053807 0.0096453 0.0053028 0.0088143 0.0042262 0.0059088 0.0053028 0.0052954 0.0042262 0.0052954 0.0212981 0.0052954 0.0198845 
Gmel_CASQ2         0.0193330 0.0215364 0.0170337 0.0204588 0.0194686 0.0224769 0.0235688 0.0153091 0.0088319 0.0156523 0.0074896 0.0071011 0.0233607 0.0044529 0.0046726 0.0044529 0.0060681 0.0181977 0.0185809 0.0144952 0.0184634 0.0201653 0.0008878 0.0017714 0.0000010 0.0000000 0.0165755 0.0169897 0.0294638 0.0274050 0.0067793 0.0045393 0.0053579 0.0082214 0.0063709 0.0037192 0.0049757 0.0056065 0.0062635 0.0155073 0.0223826 0.0173433 0.0184678 0.0170571 0.0156059 0.0156059 0.0244930 0.0244616 0.0178989 0.0245152 0.0181977 0.0161979 0.0197557 0.0199287 0.0171278 0.0142261 0.0055264 0.0035538 0.0049748 0.0324943 0.0167727 0.0037754 0.0130488 0.0208796 0.0000010 0.0162743 0.0194188 0.0162404 0.0243444 0.0074637 0.0066035 0.0026607 0.0040896 0.0048571 0.0096453 0.0044581 0.0087056 0.0035551 0.0059088 0.0046783 0.0050450 0.0035551 0.0045347 0.0186091 0.0041362 0.0198845 
Hamp_CASQ2         0.0190120 0.0105539 0.0095059 0.0175871 0.0174947 0.0206237 0.0206237 0.0164449 0.0090763 0.0170072 0.0171031 0.0178124 0.0200876 0.0155611 0.0156087 0.0155611 0.0166468 0.0240488 0.0165997 0.0169020 0.0155913 0.0179922 0.0155960 0.0165680 0.0189588 0.0165755 0.0000000 0.0172237 0.0261825 0.0230191 0.0180238 0.0178026 0.0145722 0.0168526 0.0189484 0.0145575 0.0145722 0.0145722 0.0155768 0.0166540 0.0037930 0.0018388 0.0036941 0.0053390 0.0009302 0.0018641 0.0035195 0.0063248 0.0027660 0.0039080 0.0240488 0.0040880 0.0055528 0.0052534 0.0195805 0.0172804 0.0191182 0.0166048 0.0186017 0.0376639 0.0148438 0.0168265 0.0241595 0.0224052 0.0165755 0.0129066 0.0226609 0.0185128 0.0246168 0.0201505 0.0191156 0.0135567 0.0169015 0.0162316 0.0225516 0.0155834 0.0188729 0.0145575 0.0199662 0.0156312 0.0155004 0.0145575 0.0137991 0.0057193 0.0135633 0.0075456 
Igeo_CASQ2         0.0267475 0.0170379 0.0136714 0.0234273 0.0233462 0.0274027 0.0274027 0.0194555 0.0063404 0.0157431 0.0195091 0.0157433 0.0246680 0.0157235 0.0157235 0.0157235 0.0169800 0.0257481 0.0170640 0.0141743 0.0183252 0.0211307 0.0157076 0.0169800 0.0169897 0.0169897 0.0172237 0.0000000 0.0333642 0.0306201 0.0175042 0.0185304 0.0144930 0.0176063 0.0169800 0.0144748 0.0144930 0.0144930 0.0157433 0.0184525 0.0186249 0.0181807 0.0207162 0.0201288 0.0156782 0.0169298 0.0204474 0.0220101 0.0194666 0.0206502 0.0257481 0.0178817 0.0193064 0.0194446 0.0200420 0.0184933 0.0144939 0.0157730 0.0182468 0.0382260 0.0175219 0.0170042 0.0213033 0.0198219 0.0169897 0.0175219 0.0161805 0.0187520 0.0229113 0.0182816 0.0201964 0.0132298 0.0147267 0.0159891 0.0177781 0.0157518 0.0185528 0.0144748 0.0178416 0.0157518 0.0157235 0.0144748 0.0132377 0.0181661 0.0132377 0.0182586 
Kbre_CASQ2         0.0307952 0.0353628 0.0273715 0.0292359 0.0300012 0.0328088 0.0330416 0.0310298 0.0153184 0.0197742 0.0251330 0.0300954 0.0310040 0.0284089 0.0285639 0.0284089 0.0336987 0.0326813 0.0280070 0.0222173 0.0269972 0.0314227 0.0284702 0.0294461 0.0340292 0.0294638 0.0261825 0.0333642 0.0000000 0.0057742 0.0312715 0.0308483 0.0252981 0.0294238 0.0340038 0.0273992 0.0252981 0.0252442 0.0263228 0.0292555 0.0356281 0.0268766 0.0268795 0.0296425 0.0258676 0.0258676 0.0436925 0.0357592 0.0272306 0.0383201 0.0326813 0.0286543 0.0325082 0.0341651 0.0322386 0.0314793 0.0322864 0.0295214 0.0294094 0.0444447 0.0202528 0.0300346 0.0214283 0.0389786 0.0294638 0.0193136 0.0356847 0.0321425 0.0406538 0.0353401 0.0368636 0.0263380 0.0317595 0.0297246 0.0412704 0.0277332 0.0321872 0.0273754 0.0360947 0.0278612 0.0325033 0.0273754 0.0268151 0.0283235 0.0263536 0.0309518 
Ksim_CASQ2         0.0287713 0.0302413 0.0239529 0.0270945 0.0269413 0.0297808 0.0297808 0.0279959 0.0137510 0.0194496 0.0234968 0.0277750 0.0285598 0.0263211 0.0264045 0.0263211 0.0314999 0.0307092 0.0259341 0.0207469 0.0248845 0.0277279 0.0263797 0.0273886 0.0315223 0.0274050 0.0230191 0.0306201 0.0057742 0.0000000 0.0290760 0.0288143 0.0231214 0.0280937 0.0314999 0.0252569 0.0231214 0.0231214 0.0241761 0.0282716 0.0312531 0.0237402 0.0258262 0.0267752 0.0216774 0.0227105 0.0373088 0.0320719 0.0248048 0.0337678 0.0307092 0.0252463 0.0286868 0.0308176 0.0291817 0.0282715 0.0302855 0.0274605 0.0295584 0.0431579 0.0169278 0.0278360 0.0214283 0.0348044 0.0274050 0.0159552 0.0324195 0.0280385 0.0358129 0.0328176 0.0353217 0.0241902 0.0294671 0.0274779 0.0366332 0.0256024 0.0299786 0.0252569 0.0332382 0.0256846 0.0302627 0.0252569 0.0246428 0.0251335 0.0242045 0.0273174 
Lacu_CASQ2         0.0256687 0.0223309 0.0174804 0.0241247 0.0224776 0.0256830 0.0256830 0.0193367 0.0118708 0.0206682 0.0141887 0.0111084 0.0257556 0.0077528 0.0077763 0.0077528 0.0099733 0.0211447 0.0209734 0.0178171 0.0199409 0.0213761 0.0058147 0.0067770 0.0077406 0.0067793 0.0180238 0.0175042 0.0312715 0.0290760 0.0000000 0.0078606 0.0087401 0.0110418 0.0099733 0.0067747 0.0087401 0.0087401 0.0097248 0.0169697 0.0230368 0.0187899 0.0208378 0.0187852 0.0167610 0.0177770 0.0234728 0.0262557 0.0198302 0.0237813 0.0211447 0.0186503 0.0202931 0.0226836 0.0183301 0.0174662 0.0110534 0.0087515 0.0087389 0.0312550 0.0205420 0.0068809 0.0185143 0.0215000 0.0067793 0.0185632 0.0209106 0.0187972 0.0251351 0.0111191 0.0083265 0.0057990 0.0078639 0.0080907 0.0102760 0.0077629 0.0120402 0.0067747 0.0086683 0.0077865 0.0088521 0.0067747 0.0078869 0.0200985 0.0077528 0.0215934 
Lalb_CASQ2         0.0222791 0.0214983 0.0183699 0.0217345 0.0207996 0.0238752 0.0248910 0.0177818 0.0090276 0.0186108 0.0087517 0.0082819 0.0248576 0.0036200 0.0037775 0.0036200 0.0051348 0.0210138 0.0198993 0.0160236 0.0197116 0.0216291 0.0036311 0.0045379 0.0053788 0.0045393 0.0178026 0.0185304 0.0308483 0.0288143 0.0078606 0.0000000 0.0063803 0.0095708 0.0053710 0.0028191 0.0063803 0.0066400 0.0073060 0.0180320 0.0227331 0.0185672 0.0197758 0.0202193 0.0168553 0.0168553 0.0244387 0.0259725 0.0191021 0.0244758 0.0210138 0.0175897 0.0212702 0.0213878 0.0198006 0.0165143 0.0084983 0.0063878 0.0045360 0.0324490 0.0194695 0.0047928 0.0191758 0.0208502 0.0045393 0.0175766 0.0206779 0.0188203 0.0243035 0.0064710 0.0039300 0.0036218 0.0052198 0.0018985 0.0057244 0.0036243 0.0056766 0.0027097 0.0035193 0.0037821 0.0040980 0.0027097 0.0036788 0.0198671 0.0036200 0.0213256 
Laus_CASQ2         0.0189470 0.0183501 0.0148624 0.0184417 0.0175524 0.0205298 0.0215238 0.0146304 0.0073414 0.0144222 0.0014903 0.0009997 0.0210462 0.0026626 0.0027935 0.0026626 0.0040296 0.0157677 0.0166630 0.0122165 0.0164582 0.0178480 0.0044744 0.0053563 0.0063759 0.0053579 0.0145722 0.0144930 0.0252981 0.0231214 0.0087401 0.0063803 0.0000000 0.0023157 0.0042295 0.0037206 0.0000010 0.0000010 0.0008836 0.0129337 0.0196488 0.0153589 0.0165614 0.0156978 0.0137209 0.0137209 0.0225244 0.0198396 0.0159567 0.0216763 0.0157677 0.0151553 0.0185511 0.0177576 0.0146553 0.0132728 0.0074065 0.0053658 0.0071717 0.0289056 0.0161860 0.0056880 0.0103857 0.0157714 0.0053579 0.0143245 0.0153843 0.0137112 0.0183519 0.0074665 0.0079482 0.0026617 0.0040913 0.0048589 0.0076919 0.0044597 0.0087084 0.0035563 0.0059114 0.0046800 0.0050470 0.0035563 0.0027114 0.0165901 0.0026626 0.0175999 
Lbor_CASQ2         0.0239170 0.0230290 0.0185687 0.0207736 0.0206955 0.0220280 0.0220280 0.0168117 0.0084336 0.0175060 0.0058870 0.0023157 0.0232971 0.0058389 0.0058389 0.0058389 0.0070252 0.0196122 0.0208191 0.0124622 0.0195424 0.0194355 0.0070189 0.0082178 0.0082214 0.0082214 0.0168526 0.0176063 0.0294238 0.0280937 0.0110418 0.0095708 0.0023157 0.0000000 0.0070252 0.0070225 0.0023157 0.0023157 0.0011543 0.0158400 0.0221396 0.0180973 0.0206184 0.0231968 0.0168526 0.0181043 0.0244914 0.0206419 0.0193765 0.0245289 0.0196122 0.0192470 0.0230840 0.0193547 0.0180821 0.0150836 0.0070310 0.0082377 0.0082113 0.0332250 0.0215968 0.0070280 0.0103857 0.0176236 0.0082214 0.0191344 0.0194116 0.0168319 0.0209082 0.0094214 0.0106716 0.0058360 0.0071487 0.0083569 0.0133459 0.0082276 0.0122467 0.0070225 0.0092811 0.0082276 0.0082145 0.0070225 0.0058389 0.0209863 0.0058389 0.0194694 
Lhos30470_CASQ2    0.0251068 0.0215194 0.0197039 0.0222282 0.0221606 0.0257949 0.0257949 0.0186026 0.0107863 0.0231688 0.0067303 0.0052994 0.0233469 0.0010483 0.0010483 0.0010483 0.0021016 0.0236024 0.0187944 0.0152466 0.0176459 0.0201540 0.0052891 0.0063685 0.0063709 0.0063709 0.0189484 0.0169800 0.0340038 0.0314999 0.0099733 0.0053710 0.0042295 0.0070252 0.0000000 0.0021009 0.0042295 0.0042295 0.0052994 0.0165957 0.0209845 0.0197969 0.0221024 0.0213966 0.0175185 0.0186586 0.0244680 0.0221255 0.0209688 0.0244970 0.0236024 0.0197622 0.0232239 0.0209471 0.0209565 0.0171281 0.0042292 0.0053066 0.0052903 0.0379536 0.0206251 0.0063760 0.0157594 0.0208666 0.0063709 0.0183993 0.0221895 0.0198057 0.0243256 0.0052987 0.0052577 0.0031606 0.0042951 0.0032103 0.0057316 0.0031631 0.0065743 0.0021009 0.0035220 0.0031631 0.0031588 0.0021009 0.0031588 0.0212859 0.0031588 0.0198736 
Lhos452_CASQ2      0.0198509 0.0183214 0.0148462 0.0184233 0.0183751 0.0215025 0.0215025 0.0153094 0.0058533 0.0166548 0.0059783 0.0052976 0.0210224 0.0009223 0.0009248 0.0009223 0.0021009 0.0185666 0.0174462 0.0141390 0.0164417 0.0178275 0.0027888 0.0037181 0.0042262 0.0037192 0.0145575 0.0144748 0.0273992 0.0252569 0.0067747 0.0028191 0.0037206 0.0070225 0.0021009 0.0000000 0.0037206 0.0037206 0.0046606 0.0155331 0.0182563 0.0153436 0.0173354 0.0181468 0.0133722 0.0143582 0.0205373 0.0221177 0.0163517 0.0216465 0.0185666 0.0148434 0.0173335 0.0186520 0.0163435 0.0128786 0.0058011 0.0037248 0.0037164 0.0300889 0.0169611 0.0037730 0.0157594 0.0183126 0.0037192 0.0150130 0.0173939 0.0153492 0.0213306 0.0031641 0.0026134 0.0009227 0.0021378 0.0009620 0.0018963 0.0009234 0.0047940 0.0000010 0.0011677 0.0009259 0.0010479 0.0000010 0.0009375 0.0165734 0.0009223 0.0175800 
Lobl_CASQ2         0.0175304 0.0183501 0.0148624 0.0184417 0.0175524 0.0205298 0.0215238 0.0135632 0.0073414 0.0144222 0.0014903 0.0009997 0.0210462 0.0026626 0.0027935 0.0026626 0.0040296 0.0146030 0.0166630 0.0122165 0.0164582 0.0178480 0.0044744 0.0053563 0.0063759 0.0049757 0.0145722 0.0144930 0.0252981 0.0231214 0.0087401 0.0063803 0.0000010 0.0023157 0.0042295 0.0037206 0.0000000 0.0000010 0.0008836 0.0119822 0.0196488 0.0153589 0.0165614 0.0156978 0.0137209 0.0137209 0.0225244 0.0198396 0.0159567 0.0216763 0.0146030 0.0151553 0.0185511 0.0177576 0.0135850 0.0132728 0.0074065 0.0053658 0.0066593 0.0289056 0.0149714 0.0056880 0.0103857 0.0157714 0.0053579 0.0143245 0.0153843 0.0127119 0.0183519 0.0074665 0.0079482 0.0026617 0.0040913 0.0048589 0.0076919 0.0044597 0.0087084 0.0035563 0.0059114 0.0046800 0.0050470 0.0035563 0.0027114 0.0165901 0.0024740 0.0175999 
Lobs_CASQ2         0.0198708 0.0183501 0.0148624 0.0184417 0.0183934 0.0215238 0.0215238 0.0153246 0.0073414 0.0153342 0.0014903 0.0010492 0.0210462 0.0027853 0.0027935 0.0027853 0.0042295 0.0165281 0.0174636 0.0129285 0.0164582 0.0178480 0.0046710 0.0056047 0.0063759 0.0056065 0.0145722 0.0144930 0.0252442 0.0231214 0.0087401 0.0066400 0.0000010 0.0023157 0.0042295 0.0037206 0.0000010 0.0000000 0.0009233 0.0135530 0.0196488 0.0153589 0.0173526 0.0167238 0.0133856 0.0143726 0.0225244 0.0198396 0.0163680 0.0216763 0.0165281 0.0159530 0.0185511 0.0186730 0.0143495 0.0128921 0.0077607 0.0056152 0.0075062 0.0289056 0.0169785 0.0056880 0.0103857 0.0157714 0.0056065 0.0150285 0.0153843 0.0133643 0.0183519 0.0074665 0.0079482 0.0027843 0.0042986 0.0048589 0.0076919 0.0046663 0.0087084 0.0037206 0.0059114 0.0046800 0.0052976 0.0037206 0.0028318 0.0165901 0.0027853 0.0175999 
LperAUS_CASQ2      0.0199270 0.0199465 0.0159511 0.0194535 0.0185135 0.0215059 0.0225498 0.0155761 0.0073414 0.0144222 0.0029818 0.0020039 0.0222073 0.0035574 0.0037326 0.0035574 0.0050487 0.0167307 0.0176247 0.0122165 0.0174636 0.0190093 0.0053801 0.0062615 0.0074565 0.0062635 0.0155768 0.0157433 0.0263228 0.0241761 0.0097248 0.0073060 0.0008836 0.0011543 0.0052994 0.0046606 0.0008836 0.0009233 0.0000000 0.0138850 0.0210192 0.0163537 0.0175166 0.0170553 0.0146657 0.0146657 0.0244996 0.0209924 0.0169306 0.0230995 0.0167307 0.0162020 0.0197604 0.0188467 0.0156030 0.0142514 0.0083435 0.0062729 0.0080854 0.0300885 0.0171643 0.0066503 0.0103857 0.0170304 0.0062635 0.0153022 0.0163808 0.0146553 0.0198248 0.0085538 0.0093002 0.0035561 0.0051265 0.0058429 0.0096514 0.0053625 0.0096949 0.0044545 0.0071128 0.0056280 0.0060704 0.0044545 0.0036227 0.0176025 0.0035574 0.0187454 
Lvex_CASQ1         0.0231880 0.0200488 0.0193170 0.0247944 0.0235129 0.0266016 0.0279095 0.0189679 0.0118697 0.0181722 0.0170709 0.0147097 0.0247153 0.0138716 0.0135686 0.0138716 0.0136183 0.0202263 0.0187211 0.0168316 0.0186098 0.0250756 0.0148769 0.0167397 0.0188992 0.0155073 0.0166540 0.0184525 0.0292555 0.0282716 0.0169697 0.0180320 0.0129337 0.0158400 0.0165957 0.0155331 0.0119822 0.0135530 0.0138850 0.0000000 0.0210999 0.0174230 0.0166322 0.0157513 0.0156766 0.0156766 0.0246787 0.0210602 0.0179787 0.0203608 0.0202263 0.0194594 0.0235399 0.0189085 0.0190726 0.0172138 0.0191746 0.0167753 0.0172929 0.0363740 0.0175730 0.0167803 0.0212802 0.0197581 0.0167470 0.0171439 0.0236490 0.0181292 0.0230474 0.0200864 0.0179992 0.0138653 0.0160084 0.0161862 0.0224643 0.0158003 0.0211772 0.0148212 0.0173320 0.0155892 0.0146936 0.0148212 0.0131567 0.0186933 0.0128511 0.0211125 
Mbid_CASQ2         0.0258194 0.0112765 0.0118558 0.0223071 0.0194466 0.0222216 0.0222216 0.0207811 0.0124878 0.0237798 0.0227853 0.0210192 0.0222609 0.0196167 0.0196167 0.0196167 0.0182639 0.0312910 0.0209612 0.0210415 0.0195956 0.0211870 0.0209669 0.0209669 0.0223826 0.0223826 0.0037930 0.0186249 0.0356281 0.0312531 0.0230368 0.0227331 0.0196488 0.0221396 0.0209845 0.0182563 0.0196488 0.0196488 0.0210192 0.0210999 0.0000000 0.0049720 0.0074999 0.0106936 0.0024724 0.0037201 0.0060867 0.0087801 0.0062390 0.0056649 0.0312910 0.0086245 0.0086245 0.0087706 0.0264840 0.0222043 0.0196518 0.0210663 0.0223669 0.0541554 0.0173385 0.0224024 0.0351701 0.0270272 0.0223826 0.0160376 0.0292766 0.0249973 0.0286660 0.0224137 0.0240677 0.0182563 0.0199785 0.0199653 0.0208987 0.0196564 0.0227848 0.0182563 0.0225054 0.0196564 0.0169104 0.0182563 0.0169104 0.0076501 0.0169104 0.0101295 
Mbow_CASQ2         0.0197671 0.0118326 0.0104114 0.0183468 0.0182506 0.0213557 0.0213557 0.0172075 0.0103856 0.0180259 0.0167407 0.0186730 0.0209240 0.0163374 0.0163869 0.0163374 0.0175185 0.0247611 0.0173679 0.0178463 0.0163685 0.0188591 0.0163736 0.0173354 0.0198078 0.0173433 0.0018388 0.0181807 0.0268766 0.0237402 0.0187899 0.0185672 0.0153589 0.0180973 0.0197969 0.0153436 0.0153589 0.0153589 0.0163537 0.0174230 0.0049720 0.0000000 0.0036885 0.0053390 0.0018361 0.0027598 0.0000010 0.0041907 0.0009171 0.0051202 0.0247611 0.0020319 0.0033103 0.0031328 0.0203207 0.0180735 0.0198774 0.0173739 0.0193518 0.0383298 0.0156341 0.0176032 0.0241595 0.0233080 0.0173433 0.0137205 0.0233755 0.0192608 0.0256328 0.0209891 0.0205329 0.0143513 0.0177815 0.0170330 0.0240157 0.0163609 0.0196298 0.0153436 0.0209024 0.0164105 0.0163837 0.0153436 0.0146053 0.0065883 0.0143582 0.0085022 
Mcar_CASQ2         0.0208067 0.0148883 0.0125319 0.0203643 0.0193334 0.0223185 0.0233954 0.0183294 0.0103906 0.0157012 0.0198605 0.0199396 0.0232368 0.0175010 0.0183931 0.0175010 0.0188328 0.0255989 0.0184922 0.0168588 0.0183714 0.0211801 0.0175807 0.0184596 0.0221151 0.0184678 0.0036941 0.0207162 0.0268795 0.0258262 0.0208378 0.0197758 0.0165614 0.0206184 0.0221024 0.0173354 0.0165614 0.0173526 0.0175166 0.0166322 0.0074999 0.0036885 0.0000000 0.0075753 0.0044178 0.0044178 0.0070739 0.0084580 0.0045123 0.0077248 0.0255989 0.0058532 0.0077980 0.0070291 0.0223165 0.0202339 0.0209175 0.0184994 0.0203967 0.0371293 0.0168357 0.0196438 0.0241595 0.0258982 0.0184678 0.0150060 0.0254310 0.0212885 0.0286533 0.0233104 0.0234083 0.0155920 0.0190997 0.0191181 0.0282413 0.0175244 0.0216823 0.0165456 0.0234886 0.0184203 0.0177445 0.0165456 0.0158955 0.0085047 0.0155994 0.0106784 
Mden_CASQ2         0.0209959 0.0218793 0.0136225 0.0224142 0.0208745 0.0223018 0.0237602 0.0195204 0.0111962 0.0161114 0.0200748 0.0183042 0.0281261 0.0170322 0.0181468 0.0170322 0.0182845 0.0291002 0.0170103 0.0139670 0.0166772 0.0228139 0.0156726 0.0170466 0.0214372 0.0170571 0.0053390 0.0201288 0.0296425 0.0267752 0.0187852 0.0202193 0.0156978 0.0231968 0.0213966 0.0181468 0.0156978 0.0167238 0.0170553 0.0157513 0.0106936 0.0053390 0.0075753 0.0000000 0.0062976 0.0062976 0.0060503 0.0062554 0.0064694 0.0092461 0.0291002 0.0043248 0.0062032 0.0043528 0.0238487 0.0209177 0.0204919 0.0184597 0.0197630 0.0451670 0.0202195 0.0181631 0.0265350 0.0292231 0.0170571 0.0189092 0.0253786 0.0223790 0.0320785 0.0249002 0.0298059 0.0156726 0.0202860 0.0202241 0.0261826 0.0184323 0.0245297 0.0170322 0.0275962 0.0196447 0.0182845 0.0170322 0.0156831 0.0124369 0.0156831 0.0111026 
Meur_CASQ2         0.0178861 0.0088193 0.0083079 0.0163506 0.0164767 0.0194167 0.0193381 0.0154904 0.0073704 0.0157012 0.0151880 0.0166802 0.0186384 0.0146518 0.0144015 0.0146518 0.0155899 0.0226199 0.0156280 0.0156950 0.0143862 0.0165654 0.0147183 0.0155994 0.0175276 0.0156059 0.0009302 0.0156782 0.0258676 0.0216774 0.0167610 0.0168553 0.0137209 0.0168526 0.0175185 0.0133722 0.0137209 0.0133856 0.0146657 0.0156766 0.0024724 0.0018361 0.0044178 0.0062976 0.0000000 0.0017570 0.0035095 0.0063137 0.0026963 0.0025457 0.0226199 0.0048670 0.0055426 0.0060104 0.0194138 0.0172375 0.0179805 0.0156318 0.0175128 0.0359206 0.0139677 0.0155842 0.0241595 0.0207516 0.0156059 0.0121401 0.0213428 0.0184051 0.0226562 0.0186952 0.0191156 0.0127658 0.0158156 0.0149691 0.0198663 0.0146714 0.0175991 0.0137078 0.0183499 0.0144217 0.0145167 0.0137078 0.0130124 0.0046885 0.0127714 0.0063484 
