84
Bacu_CNTNAP2         0.0000000 0.0304961 0.0285768 0.0035579 0.0083131 0.0077473 0.0074790 0.0085681 0.0087081 0.0204885 0.0233242 0.0100646 0.0206853 0.0218464 0.0215694 0.0214543 0.0220782 0.0114061 0.0114228 0.0119835 0.0093789 0.0218560 0.0231140 0.0227361 0.0218472 0.0327690 0.0266603 0.0297619 0.0271659 0.0222002 0.0226999 0.0218250 0.0224559 0.0210480 0.0210155 0.0215215 0.0215759 0.0205345 0.0272539 0.0305250 0.0295837 0.0261521 0.0270049 0.0276438 0.0266157 0.0277574 0.0290729 0.0272880 0.0220776 0.0285837 0.0295072 0.0279832 0.0235705 0.0226165 0.0227565 0.0211665 0.0233390 0.0236134 0.0215119 0.0233916 0.0250919 0.0238607 0.0218389 0.0235592 0.0236112 0.0238515 0.0244129 0.0206847 0.0201039 0.0218923 0.0218923 0.0213304 0.0234830 0.0216850 0.0218413 0.0209803 0.0217418 0.0212734 0.0219072 0.0207758 0.0199646 0.0279137 0.0213523 0.0307179 
Barn_CNTNAP2         0.0304961 0.0000000 0.0009656 0.0300217 0.0283632 0.0277017 0.0282611 0.0282824 0.0264543 0.0218918 0.0233174 0.0270595 0.0199920 0.0199920 0.0205310 0.0210744 0.0187823 0.0270995 0.0271181 0.0271181 0.0311945 0.0228199 0.0223493 0.0244569 0.0228029 0.0152569 0.0273316 0.0309294 0.0295917 0.0205011 0.0227187 0.0216307 0.0238214 0.0205639 0.0211368 0.0221751 0.0222430 0.0216307 0.0114204 0.0136551 0.0136405 0.0134059 0.0130109 0.0124772 0.0130723 0.0148197 0.0125885 0.0127291 0.0177208 0.0135118 0.0135130 0.0124866 0.0215326 0.0205406 0.0233049 0.0233040 0.0227838 0.0252735 0.0237284 0.0239326 0.0224096 0.0214747 0.0227867 0.0267985 0.0183278 0.0220334 0.0210753 0.0199920 0.0200508 0.0233685 0.0228199 0.0200537 0.0117147 0.0207055 0.0210884 0.0200219 0.0207794 0.0205317 0.0199920 0.0199920 0.0199920 0.0083998 0.0199920 0.0125110 
Bbai76728_CNTNAP2    0.0285768 0.0009656 0.0000000 0.0289201 0.0277314 0.0276764 0.0275386 0.0270484 0.0261433 0.0220997 0.0227539 0.0271642 0.0208596 0.0207041 0.0208608 0.0209648 0.0197534 0.0265271 0.0262498 0.0268946 0.0277067 0.0221575 0.0222034 0.0230983 0.0221480 0.0143559 0.0222036 0.0332429 0.0285123 0.0215291 0.0227333 0.0217978 0.0226864 0.0204807 0.0209340 0.0214740 0.0218485 0.0207352 0.0124612 0.0129148 0.0119132 0.0120388 0.0126594 0.0115699 0.0115922 0.0137022 0.0122304 0.0124240 0.0200767 0.0127903 0.0133922 0.0118967 0.0223921 0.0212565 0.0230992 0.0220652 0.0234146 0.0230063 0.0240026 0.0238008 0.0251665 0.0223555 0.0221388 0.0275517 0.0208383 0.0223656 0.0234453 0.0205461 0.0195942 0.0225133 0.0221979 0.0209353 0.0203407 0.0205842 0.0218043 0.0205830 0.0203881 0.0202341 0.0214477 0.0206415 0.0197734 0.0116234 0.0206646 0.0132864 
BbonAUS_CNTNAP2      0.0035579 0.0300217 0.0289201 0.0000000 0.0087649 0.0081850 0.0067763 0.0084656 0.0085496 0.0203329 0.0232294 0.0101632 0.0202371 0.0214390 0.0211372 0.0216248 0.0216603 0.0110751 0.0108064 0.0113767 0.0087365 0.0220511 0.0230139 0.0229513 0.0220421 0.0334980 0.0258567 0.0307786 0.0273454 0.0223667 0.0225932 0.0216994 0.0223387 0.0206373 0.0205556 0.0213899 0.0220496 0.0200807 0.0260781 0.0308919 0.0302360 0.0254498 0.0269757 0.0276253 0.0260653 0.0287876 0.0294055 0.0267316 0.0216595 0.0285846 0.0295270 0.0279714 0.0231799 0.0221759 0.0226495 0.0197800 0.0232442 0.0229126 0.0219985 0.0236222 0.0229855 0.0234757 0.0220335 0.0240194 0.0232207 0.0234665 0.0232246 0.0202364 0.0190019 0.0220886 0.0217866 0.0214795 0.0229209 0.0212362 0.0214147 0.0211216 0.0213037 0.0208359 0.0214626 0.0203103 0.0188516 0.0278884 0.0208981 0.0317822 
Bbor_CNTNAP2         0.0083131 0.0283632 0.0277314 0.0087649 0.0000000 0.0025253 0.0029584 0.0063991 0.0055945 0.0195754 0.0229130 0.0093533 0.0206629 0.0223638 0.0215113 0.0211157 0.0208709 0.0098622 0.0101417 0.0106761 0.0090110 0.0220879 0.0227496 0.0223655 0.0220794 0.0310683 0.0262766 0.0279834 0.0248299 0.0213341 0.0229814 0.0214834 0.0214858 0.0213522 0.0209800 0.0209015 0.0206583 0.0202349 0.0275019 0.0294215 0.0294405 0.0249980 0.0272061 0.0264759 0.0259510 0.0277770 0.0281105 0.0275017 0.0211516 0.0278515 0.0282548 0.0265175 0.0231479 0.0222051 0.0230356 0.0211247 0.0226406 0.0223142 0.0257309 0.0235656 0.0235968 0.0225543 0.0218050 0.0223606 0.0223139 0.0231330 0.0231823 0.0206623 0.0200783 0.0218572 0.0215657 0.0212822 0.0216232 0.0216229 0.0217724 0.0209460 0.0216755 0.0212273 0.0218355 0.0204496 0.0199414 0.0259576 0.0213035 0.0302213 
Bede66737_CNTNAP2    0.0077473 0.0277017 0.0276764 0.0081850 0.0025253 0.0000000 0.0008007 0.0053487 0.0055853 0.0189395 0.0222865 0.0087855 0.0200483 0.0217165 0.0208921 0.0204776 0.0202573 0.0093090 0.0095864 0.0101171 0.0084652 0.0214651 0.0221062 0.0217414 0.0214569 0.0310118 0.0258450 0.0279073 0.0244597 0.0207128 0.0223533 0.0208650 0.0208259 0.0206795 0.0203626 0.0202868 0.0200267 0.0196187 0.0269814 0.0293656 0.0293860 0.0245479 0.0271549 0.0258503 0.0254859 0.0273951 0.0280591 0.0277817 0.0205366 0.0278005 0.0282043 0.0267511 0.0225215 0.0215384 0.0224056 0.0204691 0.0220153 0.0216438 0.0256603 0.0229332 0.0217493 0.0225154 0.0211683 0.0218631 0.0222753 0.0225071 0.0224318 0.0200478 0.0194242 0.0212188 0.0209290 0.0206626 0.0211611 0.0210004 0.0211523 0.0203297 0.0210430 0.0206096 0.0212133 0.0198182 0.0192922 0.0259107 0.0206837 0.0301637 
BedeAUS_CNTNAP2      0.0074790 0.0282611 0.0275386 0.0067763 0.0029584 0.0008007 0.0000000 0.0051475 0.0059661 0.0190927 0.0216914 0.0088033 0.0190007 0.0204160 0.0195946 0.0201921 0.0204362 0.0093602 0.0096556 0.0102219 0.0084612 0.0208217 0.0217761 0.0211151 0.0208132 0.0322261 0.0259516 0.0279767 0.0245898 0.0201910 0.0216633 0.0204750 0.0210581 0.0198622 0.0196296 0.0201681 0.0205195 0.0195711 0.0279169 0.0289771 0.0293232 0.0253640 0.0274941 0.0257960 0.0254859 0.0280938 0.0284733 0.0281535 0.0207337 0.0276783 0.0283062 0.0270671 0.0225479 0.0214984 0.0210917 0.0207904 0.0214062 0.0219721 0.0195493 0.0223790 0.0223887 0.0228427 0.0208052 0.0222321 0.0225874 0.0228337 0.0228522 0.0192971 0.0197451 0.0208570 0.0205570 0.0196468 0.0211940 0.0203036 0.0201689 0.0192972 0.0203373 0.0198926 0.0205311 0.0193148 0.0196107 0.0257171 0.0199690 0.0301292 
Bmus_CNTNAP2         0.0085681 0.0282824 0.0270484 0.0084656 0.0063991 0.0053487 0.0051475 0.0000000 0.0069609 0.0198528 0.0231797 0.0096269 0.0203656 0.0220514 0.0212121 0.0211003 0.0205742 0.0095892 0.0093365 0.0093364 0.0076813 0.0217872 0.0224392 0.0220643 0.0217789 0.0307162 0.0251621 0.0284634 0.0253299 0.0210338 0.0226786 0.0217495 0.0217698 0.0204692 0.0206814 0.0211670 0.0215125 0.0205024 0.0256074 0.0290592 0.0284828 0.0241553 0.0265417 0.0249866 0.0254833 0.0267421 0.0271648 0.0271113 0.0208543 0.0269054 0.0273306 0.0258828 0.0228459 0.0215799 0.0227319 0.0211075 0.0223390 0.0232042 0.0262989 0.0232609 0.0241429 0.0222713 0.0214974 0.0226912 0.0225995 0.0228313 0.0228208 0.0203650 0.0200620 0.0215487 0.0212589 0.0206863 0.0225081 0.0213222 0.0214729 0.0206480 0.0213700 0.0209287 0.0215350 0.0201440 0.0199253 0.0262543 0.0210039 0.0299095 
Bphy_baits_CNTNAP2   0.0087081 0.0264543 0.0261433 0.0085496 0.0055945 0.0055853 0.0059661 0.0069609 0.0000000 0.0194547 0.0228120 0.0097059 0.0201676 0.0213487 0.0210522 0.0212359 0.0206801 0.0103145 0.0100504 0.0106085 0.0094208 0.0219501 0.0226385 0.0228346 0.0219413 0.0294574 0.0246403 0.0289571 0.0255622 0.0202547 0.0228832 0.0213191 0.0206772 0.0205933 0.0204283 0.0207117 0.0210044 0.0200140 0.0247617 0.0294528 0.0289909 0.0246308 0.0269673 0.0253107 0.0260504 0.0275818 0.0276051 0.0267199 0.0206794 0.0267059 0.0271556 0.0262504 0.0230575 0.0218296 0.0229395 0.0212481 0.0231224 0.0212575 0.0260599 0.0234933 0.0233963 0.0221505 0.0216511 0.0234866 0.0221865 0.0227540 0.0235255 0.0201670 0.0198364 0.0217058 0.0214013 0.0207949 0.0219977 0.0211490 0.0213249 0.0204459 0.0212996 0.0207560 0.0213718 0.0199132 0.0196776 0.0259678 0.0208170 0.0291396 
Ccom40_CNTNAP2       0.0204885 0.0218918 0.0220997 0.0203329 0.0195754 0.0189395 0.0190927 0.0198528 0.0194547 0.0000000 0.0042454 0.0187760 0.0056002 0.0055391 0.0053290 0.0059187 0.0119605 0.0182688 0.0180061 0.0185870 0.0204237 0.0064146 0.0074977 0.0072293 0.0064120 0.0270686 0.0148505 0.0287893 0.0261595 0.0075156 0.0074917 0.0029061 0.0027297 0.0052165 0.0053256 0.0026394 0.0029051 0.0021269 0.0205876 0.0240829 0.0239849 0.0187311 0.0195707 0.0215232 0.0169440 0.0212084 0.0221022 0.0215941 0.0122403 0.0221229 0.0230155 0.0215392 0.0139386 0.0134068 0.0075029 0.0066464 0.0069541 0.0168012 0.0191045 0.0077942 0.0109925 0.0147858 0.0064108 0.0206534 0.0139614 0.0142125 0.0143165 0.0050597 0.0038786 0.0069702 0.0072423 0.0061566 0.0078728 0.0059045 0.0061348 0.0053288 0.0053984 0.0050598 0.0061528 0.0050845 0.0044058 0.0211845 0.0056233 0.0231251 
Chea7320_CNTNAP2     0.0233242 0.0233174 0.0227539 0.0232294 0.0229130 0.0222865 0.0216914 0.0231797 0.0228120 0.0042454 0.0000000 0.0216609 0.0056087 0.0055512 0.0053504 0.0058036 0.0119521 0.0216220 0.0211589 0.0217244 0.0237317 0.0063884 0.0073525 0.0071667 0.0063861 0.0275688 0.0144808 0.0282964 0.0254774 0.0074633 0.0077141 0.0025258 0.0032507 0.0058218 0.0053589 0.0022695 0.0025955 0.0022885 0.0200334 0.0246377 0.0235225 0.0202442 0.0188895 0.0219617 0.0185135 0.0228297 0.0234279 0.0222444 0.0122195 0.0217000 0.0228222 0.0214113 0.0135723 0.0131514 0.0077252 0.0062374 0.0063835 0.0161535 0.0247265 0.0077062 0.0130798 0.0146515 0.0062866 0.0227867 0.0138638 0.0141040 0.0147646 0.0050925 0.0035268 0.0068351 0.0071027 0.0061402 0.0073937 0.0059003 0.0061206 0.0053503 0.0054576 0.0050926 0.0061375 0.0049854 0.0040485 0.0207482 0.0056314 0.0233990 
Cmar59905_CNTNAP2    0.0100646 0.0270595 0.0271642 0.0101632 0.0093533 0.0087855 0.0088033 0.0096269 0.0097059 0.0187760 0.0216609 0.0000000 0.0196404 0.0208050 0.0205127 0.0206746 0.0207293 0.0085598 0.0080566 0.0086052 0.0109924 0.0213977 0.0220606 0.0222700 0.0213893 0.0322065 0.0243190 0.0270656 0.0239906 0.0214839 0.0223174 0.0204932 0.0207300 0.0203402 0.0193683 0.0201781 0.0205053 0.0194854 0.0273952 0.0296951 0.0292839 0.0266720 0.0266465 0.0266245 0.0270169 0.0272327 0.0279103 0.0280690 0.0207286 0.0276415 0.0274600 0.0265606 0.0230802 0.0224159 0.0223715 0.0206700 0.0213804 0.0222495 0.0267714 0.0229180 0.0241626 0.0230737 0.0210886 0.0227628 0.0228255 0.0230649 0.0245268 0.0196398 0.0192736 0.0211411 0.0208410 0.0202580 0.0215488 0.0206062 0.0207821 0.0199152 0.0206610 0.0202207 0.0208272 0.0193738 0.0191216 0.0262897 0.0202797 0.0287993 
Dcap108471_CNTNAP2   0.0206853 0.0199920 0.0208596 0.0202371 0.0206629 0.0200483 0.0190007 0.0203656 0.0201676 0.0056002 0.0056087 0.0196404 0.0000000 0.0020910 0.0017626 0.0023478 0.0098301 0.0188424 0.0185910 0.0191487 0.0209129 0.0038119 0.0049645 0.0045817 0.0038105 0.0259483 0.0120670 0.0265652 0.0234053 0.0058898 0.0056333 0.0043186 0.0043533 0.0010928 0.0017681 0.0038030 0.0044396 0.0028023 0.0187154 0.0232448 0.0221745 0.0184345 0.0183075 0.0198087 0.0177605 0.0207126 0.0217938 0.0203876 0.0100950 0.0203600 0.0212292 0.0198229 0.0114335 0.0111473 0.0040795 0.0032301 0.0043227 0.0143808 0.0223082 0.0051089 0.0091568 0.0125028 0.0039098 0.0189824 0.0117189 0.0119614 0.0121730 0.0015098 0.0016173 0.0039186 0.0041825 0.0025332 0.0046319 0.0022821 0.0020164 0.0022732 0.0023148 0.0020153 0.0025279 0.0023303 0.0016095 0.0188423 0.0020272 0.0219258 
Dcap79929_CNTNAP2    0.0218464 0.0199920 0.0207041 0.0214390 0.0223638 0.0217165 0.0204160 0.0220514 0.0213487 0.0055391 0.0055512 0.0208050 0.0020910 0.0000000 0.0007816 0.0027106 0.0101980 0.0201587 0.0198984 0.0204806 0.0223265 0.0036876 0.0048806 0.0044861 0.0036863 0.0269814 0.0127596 0.0279422 0.0245750 0.0050315 0.0055761 0.0042135 0.0039563 0.0016417 0.0023596 0.0036785 0.0043360 0.0026407 0.0187165 0.0242184 0.0230721 0.0190202 0.0187531 0.0205818 0.0183560 0.0212937 0.0226707 0.0203885 0.0101977 0.0211777 0.0220610 0.0205972 0.0121491 0.0119052 0.0039647 0.0033581 0.0042176 0.0147973 0.0241441 0.0050323 0.0102629 0.0132623 0.0037864 0.0213774 0.0124472 0.0126983 0.0127364 0.0026171 0.0014004 0.0037952 0.0040690 0.0026254 0.0044867 0.0007857 0.0020918 0.0018298 0.0024024 0.0020910 0.0020931 0.0024182 0.0008342 0.0189906 0.0021017 0.0228396 
DdelSJR_CNTNAP2      0.0215694 0.0205310 0.0208608 0.0211372 0.0215113 0.0208921 0.0195946 0.0212121 0.0210522 0.0053290 0.0053504 0.0205127 0.0017626 0.0007816 0.0000000 0.0031365 0.0100957 0.0196782 0.0194270 0.0199869 0.0217609 0.0035554 0.0047000 0.0043243 0.0035541 0.0262398 0.0124130 0.0274433 0.0243018 0.0051113 0.0053738 0.0040618 0.0038041 0.0013671 0.0025313 0.0035471 0.0041759 0.0025458 0.0187149 0.0235488 0.0224680 0.0184348 0.0183072 0.0200905 0.0177601 0.0207138 0.0220853 0.0200633 0.0103610 0.0200723 0.0215130 0.0201049 0.0117014 0.0114344 0.0038221 0.0032301 0.0040657 0.0143805 0.0231907 0.0048502 0.0097086 0.0127721 0.0036467 0.0202016 0.0119876 0.0122298 0.0121728 0.0022698 0.0010769 0.0036549 0.0039185 0.0027882 0.0054135 0.0020275 0.0022708 0.0020185 0.0020563 0.0017625 0.0032927 0.0031145 0.0010716 0.0185577 0.0022820 0.0222274 
Ddeltrop4525_CNTNAP2 0.0214543 0.0210744 0.0209648 0.0216248 0.0211157 0.0204776 0.0201921 0.0211003 0.0212359 0.0059187 0.0058036 0.0206746 0.0023478 0.0027106 0.0031365 0.0000000 0.0104444 0.0195157 0.0192561 0.0198346 0.0216676 0.0042094 0.0052709 0.0050072 0.0042079 0.0261821 0.0132397 0.0266415 0.0236636 0.0063337 0.0058005 0.0044662 0.0046673 0.0022697 0.0020911 0.0041993 0.0044753 0.0034311 0.0191419 0.0233590 0.0225737 0.0194768 0.0188983 0.0198644 0.0176626 0.0207688 0.0222169 0.0216020 0.0107191 0.0207448 0.0216226 0.0201703 0.0126709 0.0121669 0.0047303 0.0043186 0.0052719 0.0155531 0.0171481 0.0055546 0.0113739 0.0135041 0.0042066 0.0196052 0.0126912 0.0129410 0.0132359 0.0023477 0.0027033 0.0047492 0.0050163 0.0034134 0.0042174 0.0026256 0.0028745 0.0026143 0.0032004 0.0028732 0.0018260 0.0020871 0.0021481 0.0186391 0.0023605 0.0221158 
Dleu_CNTNAP2         0.0220782 0.0187823 0.0197534 0.0216603 0.0208709 0.0202573 0.0204362 0.0205742 0.0206801 0.0119605 0.0119521 0.0207293 0.0098301 0.0101980 0.0100957 0.0104444 0.0000000 0.0187718 0.0185214 0.0190768 0.0216846 0.0111556 0.0120379 0.0119538 0.0111516 0.0241081 0.0137960 0.0258701 0.0227093 0.0106782 0.0119917 0.0106134 0.0108158 0.0098434 0.0101112 0.0100751 0.0106444 0.0096273 0.0169222 0.0228391 0.0212087 0.0183558 0.0194283 0.0191680 0.0164510 0.0209324 0.0199727 0.0199915 0.0027742 0.0199849 0.0205779 0.0186246 0.0071616 0.0060196 0.0120093 0.0104513 0.0111477 0.0140489 0.0230904 0.0125194 0.0080457 0.0076810 0.0111749 0.0197284 0.0069118 0.0071573 0.0064263 0.0098298 0.0094018 0.0112005 0.0109266 0.0103854 0.0122477 0.0098773 0.0108823 0.0100950 0.0100296 0.0098299 0.0106388 0.0098671 0.0093396 0.0184778 0.0098678 0.0215219 
EausAUS_CNTNAP2      0.0114061 0.0270995 0.0265271 0.0110751 0.0098622 0.0093090 0.0093602 0.0095892 0.0103145 0.0182688 0.0216220 0.0085598 0.0188424 0.0201587 0.0196782 0.0195157 0.0187718 0.0000000 0.0012581 0.0017635 0.0111791 0.0202451 0.0208468 0.0210799 0.0202374 0.0305678 0.0216505 0.0276864 0.0245555 0.0203308 0.0211239 0.0202105 0.0205218 0.0193454 0.0191518 0.0196368 0.0199349 0.0189679 0.0265342 0.0289108 0.0283413 0.0257290 0.0261099 0.0254387 0.0241928 0.0270692 0.0270299 0.0269597 0.0190481 0.0261760 0.0271981 0.0257569 0.0210103 0.0196286 0.0211729 0.0194799 0.0213522 0.0218276 0.0255234 0.0216966 0.0223772 0.0210046 0.0199207 0.0218220 0.0207643 0.0209970 0.0217459 0.0188419 0.0184371 0.0199679 0.0196810 0.0194477 0.0210086 0.0197802 0.0199370 0.0191210 0.0198036 0.0193984 0.0199941 0.0185791 0.0183126 0.0249017 0.0194684 0.0289023 
Egla13086_CNTNAP2    0.0114228 0.0271181 0.0262498 0.0108064 0.0101417 0.0095864 0.0096556 0.0093365 0.0100504 0.0180061 0.0211589 0.0080566 0.0185910 0.0198984 0.0194270 0.0192561 0.0185214 0.0012581 0.0000000 0.0005017 0.0109269 0.0199940 0.0205887 0.0208291 0.0199864 0.0303189 0.0216809 0.0272274 0.0240748 0.0200787 0.0208729 0.0196512 0.0202532 0.0190723 0.0189001 0.0193861 0.0196769 0.0187149 0.0258343 0.0284308 0.0278739 0.0253532 0.0256251 0.0251887 0.0234775 0.0265584 0.0265624 0.0266718 0.0187977 0.0257051 0.0267419 0.0252982 0.0207604 0.0193596 0.0209212 0.0192131 0.0208885 0.0215585 0.0246146 0.0214453 0.0211955 0.0207547 0.0196630 0.0205627 0.0205139 0.0207472 0.0214460 0.0185905 0.0181681 0.0197094 0.0194223 0.0191959 0.0210544 0.0195280 0.0196862 0.0188696 0.0195475 0.0191472 0.0197426 0.0183202 0.0180452 0.0252332 0.0192165 0.0284217 
Ejap43864_CNTNAP2    0.0119835 0.0271181 0.0268946 0.0113767 0.0106761 0.0101171 0.0102219 0.0093364 0.0106085 0.0185870 0.0217244 0.0086052 0.0191487 0.0204806 0.0199869 0.0198346 0.0190768 0.0017635 0.0005017 0.0000000 0.0114624 0.0205557 0.0211678 0.0213929 0.0205480 0.0309131 0.0224086 0.0278165 0.0246762 0.0206430 0.0214375 0.0202102 0.0208548 0.0196799 0.0194595 0.0199448 0.0202525 0.0192765 0.0267241 0.0290530 0.0284770 0.0261369 0.0262396 0.0257661 0.0243512 0.0272107 0.0271593 0.0273432 0.0193538 0.0263019 0.0273252 0.0258778 0.0213221 0.0199588 0.0214873 0.0198073 0.0214535 0.0221662 0.0252085 0.0220123 0.0223763 0.0207544 0.0202382 0.0213800 0.0210759 0.0213085 0.0214456 0.0191482 0.0187635 0.0202862 0.0199984 0.0197566 0.0219086 0.0200907 0.0202463 0.0194281 0.0201189 0.0197064 0.0203044 0.0188936 0.0186365 0.0258243 0.0197774 0.0290447 
Erob133443_CNTNAP2   0.0093789 0.0311945 0.0277067 0.0087365 0.0090110 0.0084652 0.0084612 0.0076813 0.0094208 0.0204237 0.0237317 0.0109924 0.0209129 0.0223265 0.0217609 0.0216676 0.0216846 0.0111791 0.0109269 0.0114624 0.0000000 0.0223375 0.0230060 0.0231839 0.0223289 0.0324835 0.0255041 0.0290323 0.0256105 0.0221558 0.0226611 0.0222986 0.0223558 0.0210075 0.0212302 0.0217147 0.0220767 0.0210534 0.0278786 0.0309106 0.0302773 0.0269026 0.0283737 0.0272851 0.0272528 0.0287081 0.0289422 0.0280961 0.0219660 0.0286847 0.0290670 0.0276093 0.0239673 0.0230829 0.0232855 0.0216905 0.0234592 0.0244149 0.0262754 0.0238151 0.0247634 0.0239608 0.0220612 0.0223188 0.0237217 0.0239519 0.0251928 0.0209123 0.0206472 0.0221142 0.0218230 0.0221020 0.0228981 0.0218736 0.0220217 0.0217629 0.0219301 0.0214770 0.0220855 0.0207071 0.0205064 0.0280252 0.0215539 0.0311371 
Fatt_CNTNAP2         0.0218560 0.0228199 0.0221575 0.0220511 0.0220879 0.0214651 0.0208217 0.0217872 0.0219501 0.0064146 0.0063884 0.0213977 0.0038119 0.0036876 0.0035554 0.0042094 0.0111556 0.0202451 0.0199940 0.0205557 0.0223375 0.0000000 0.0025959 0.0012569 0.0005018 0.0273152 0.0134156 0.0274548 0.0246125 0.0061636 0.0048570 0.0050918 0.0049060 0.0033100 0.0035609 0.0045736 0.0052356 0.0040942 0.0209289 0.0246765 0.0235586 0.0198567 0.0201150 0.0211438 0.0189548 0.0219145 0.0234726 0.0226202 0.0114222 0.0220327 0.0228646 0.0214506 0.0127698 0.0122918 0.0027941 0.0021440 0.0045778 0.0161649 0.0237917 0.0017657 0.0125368 0.0138455 0.0005148 0.0197850 0.0130591 0.0133002 0.0137981 0.0038118 0.0032572 0.0010332 0.0012923 0.0043355 0.0070163 0.0040914 0.0043211 0.0030435 0.0041500 0.0038118 0.0043330 0.0039313 0.0032359 0.0199256 0.0033129 0.0234472 
Ggri_CNTNAP2         0.0231140 0.0223493 0.0222034 0.0230139 0.0227496 0.0221062 0.0217761 0.0224392 0.0226385 0.0074977 0.0073525 0.0220606 0.0049645 0.0048806 0.0047000 0.0052709 0.0120379 0.0208468 0.0205887 0.0211678 0.0230060 0.0025959 0.0000000 0.0033803 0.0025950 0.0275398 0.0149140 0.0279644 0.0253830 0.0073719 0.0057505 0.0060142 0.0057278 0.0045404 0.0047075 0.0057476 0.0062931 0.0052632 0.0210039 0.0250389 0.0239070 0.0207221 0.0204635 0.0214843 0.0194692 0.0229338 0.0238913 0.0223296 0.0123131 0.0223757 0.0232556 0.0218004 0.0139834 0.0132805 0.0041683 0.0037713 0.0057528 0.0170965 0.0187874 0.0033881 0.0137368 0.0148164 0.0025941 0.0214188 0.0140059 0.0142527 0.0146320 0.0049643 0.0043517 0.0031239 0.0033865 0.0055071 0.0073990 0.0052591 0.0054884 0.0041718 0.0053369 0.0049644 0.0055037 0.0049873 0.0043233 0.0202607 0.0044544 0.0238064 
Gmac39091_CNTNAP2    0.0227361 0.0244569 0.0230983 0.0229513 0.0223655 0.0217414 0.0211151 0.0220643 0.0228346 0.0072293 0.0071667 0.0222700 0.0045817 0.0044861 0.0043243 0.0050072 0.0119538 0.0210799 0.0208291 0.0213929 0.0231839 0.0012569 0.0033803 0.0000000 0.0007524 0.0281825 0.0148147 0.0283272 0.0255055 0.0069456 0.0056328 0.0058654 0.0057328 0.0041446 0.0043311 0.0053442 0.0060309 0.0048693 0.0222176 0.0255827 0.0244317 0.0209880 0.0204046 0.0219842 0.0202281 0.0228588 0.0243430 0.0235959 0.0122213 0.0228986 0.0237120 0.0222931 0.0135743 0.0131535 0.0035619 0.0029531 0.0048339 0.0170462 0.0246721 0.0025273 0.0142333 0.0146537 0.0012891 0.0209981 0.0138659 0.0141061 0.0147685 0.0045816 0.0040795 0.0018109 0.0020708 0.0051089 0.0074050 0.0048664 0.0050918 0.0038106 0.0049363 0.0045817 0.0051060 0.0047251 0.0040528 0.0207805 0.0040840 0.0243488 
Gmel_CNTNAP2         0.0218472 0.0228029 0.0221480 0.0220421 0.0220794 0.0214569 0.0208132 0.0217789 0.0219413 0.0064120 0.0063861 0.0213893 0.0038105 0.0036863 0.0035541 0.0042079 0.0111516 0.0202374 0.0199864 0.0205480 0.0223289 0.0005018 0.0025950 0.0007524 0.0000000 0.0273044 0.0137693 0.0274438 0.0246025 0.0061615 0.0048553 0.0050900 0.0049042 0.0033088 0.0035597 0.0045720 0.0052337 0.0040927 0.0209167 0.0246664 0.0235492 0.0198465 0.0201069 0.0211358 0.0189548 0.0219052 0.0234633 0.0226102 0.0114181 0.0220240 0.0228558 0.0214424 0.0127652 0.0122871 0.0027932 0.0021432 0.0045763 0.0161585 0.0237822 0.0017651 0.0125368 0.0138405 0.0005146 0.0197742 0.0130544 0.0132954 0.0137921 0.0038105 0.0032567 0.0010328 0.0012919 0.0043340 0.0066131 0.0040900 0.0043196 0.0030424 0.0041485 0.0038105 0.0043315 0.0039299 0.0032355 0.0199179 0.0033117 0.0234375 
Hamp_CNTNAP2         0.0327690 0.0152569 0.0143559 0.0334980 0.0310683 0.0310118 0.0322261 0.0307162 0.0294574 0.0270686 0.0275688 0.0322065 0.0259483 0.0269814 0.0262398 0.0261821 0.0241081 0.0305678 0.0303189 0.0309131 0.0324835 0.0273152 0.0275398 0.0281825 0.0273044 0.0000000 0.0289056 0.0358423 0.0313010 0.0268461 0.0279526 0.0264052 0.0262428 0.0258311 0.0259029 0.0258041 0.0262926 0.0251625 0.0107535 0.0129988 0.0117955 0.0109230 0.0127606 0.0117069 0.0117995 0.0122710 0.0114878 0.0120316 0.0247000 0.0123223 0.0125356 0.0122699 0.0258520 0.0247806 0.0286948 0.0270366 0.0285699 0.0248514 0.0335105 0.0288440 0.0268390 0.0258242 0.0265599 0.0294368 0.0250063 0.0246590 0.0258339 0.0255689 0.0246795 0.0276219 0.0273217 0.0266004 0.0260119 0.0259928 0.0267822 0.0258608 0.0255235 0.0255694 0.0267817 0.0254969 0.0249073 0.0148237 0.0262398 0.0136681 
Igeo_CNTNAP2         0.0266603 0.0273316 0.0222036 0.0258567 0.0262766 0.0258450 0.0259516 0.0251621 0.0246403 0.0148505 0.0144808 0.0243190 0.0120670 0.0127596 0.0124130 0.0132397 0.0137960 0.0216505 0.0216809 0.0224086 0.0255041 0.0134156 0.0149140 0.0148147 0.0137693 0.0289056 0.0000000 0.0290964 0.0274386 0.0138176 0.0144576 0.0130772 0.0138219 0.0124156 0.0117352 0.0127255 0.0134592 0.0121690 0.0209459 0.0271067 0.0248520 0.0222707 0.0226868 0.0225314 0.0186013 0.0240967 0.0244627 0.0229596 0.0131010 0.0240110 0.0236469 0.0232858 0.0148370 0.0149979 0.0137899 0.0129725 0.0148408 0.0167001 0.0215355 0.0151902 0.0171488 0.0158687 0.0137633 0.0255983 0.0144694 0.0155259 0.0175253 0.0120666 0.0116498 0.0134556 0.0134556 0.0134822 0.0137195 0.0124863 0.0134348 0.0130934 0.0116791 0.0120668 0.0134701 0.0121235 0.0115403 0.0216901 0.0128076 0.0226372 
Kbre_CNTNAP2         0.0297619 0.0309294 0.0332429 0.0307786 0.0279834 0.0279073 0.0279767 0.0284634 0.0289571 0.0287893 0.0282964 0.0270656 0.0265652 0.0279422 0.0274433 0.0266415 0.0258701 0.0276864 0.0272274 0.0278165 0.0290323 0.0274548 0.0279644 0.0283272 0.0274438 0.0358423 0.0290964 0.0000000 0.0085955 0.0281765 0.0280728 0.0277106 0.0282592 0.0265140 0.0269033 0.0273836 0.0279216 0.0267474 0.0322166 0.0348091 0.0342959 0.0307011 0.0318057 0.0317073 0.0280912 0.0331512 0.0331751 0.0324868 0.0261590 0.0326502 0.0329416 0.0314444 0.0282186 0.0277913 0.0284496 0.0264743 0.0286090 0.0277228 0.0237851 0.0289931 0.0301119 0.0282110 0.0272988 0.0165111 0.0279736 0.0276130 0.0286090 0.0265644 0.0254125 0.0273659 0.0270654 0.0270226 0.0290111 0.0275845 0.0277082 0.0268595 0.0277367 0.0271492 0.0277910 0.0265196 0.0258764 0.0315864 0.0272444 0.0337290 
Ksim_CNTNAP2         0.0271659 0.0295917 0.0285123 0.0273454 0.0248299 0.0244597 0.0245898 0.0253299 0.0255622 0.0261595 0.0254774 0.0239906 0.0234053 0.0245750 0.0243018 0.0236636 0.0227093 0.0245555 0.0240748 0.0246762 0.0256105 0.0246125 0.0253830 0.0255055 0.0246025 0.0313010 0.0274386 0.0085955 0.0000000 0.0244301 0.0255572 0.0245771 0.0255538 0.0232985 0.0237451 0.0242474 0.0250145 0.0235705 0.0264656 0.0293247 0.0283396 0.0265556 0.0262911 0.0262036 0.0254084 0.0283465 0.0269285 0.0263504 0.0227085 0.0273152 0.0271404 0.0259313 0.0251034 0.0247839 0.0250156 0.0234267 0.0248921 0.0252957 0.0204838 0.0258457 0.0245986 0.0250978 0.0246880 0.0141647 0.0248491 0.0244889 0.0252474 0.0234046 0.0226384 0.0247509 0.0244427 0.0238552 0.0242013 0.0244323 0.0245751 0.0237049 0.0245342 0.0240016 0.0246502 0.0235714 0.0231298 0.0265728 0.0240901 0.0285776 
Lacu_CNTNAP2         0.0222002 0.0205011 0.0215291 0.0223667 0.0213341 0.0207128 0.0201910 0.0210338 0.0202547 0.0075156 0.0074633 0.0214839 0.0058898 0.0050315 0.0051113 0.0063337 0.0106782 0.0203308 0.0200787 0.0206430 0.0221558 0.0061636 0.0073719 0.0069456 0.0061615 0.0268461 0.0138176 0.0281765 0.0244301 0.0000000 0.0069692 0.0053718 0.0062997 0.0049875 0.0051118 0.0056298 0.0063082 0.0048888 0.0208597 0.0241112 0.0233053 0.0187231 0.0200871 0.0209657 0.0185253 0.0226344 0.0229958 0.0206101 0.0109454 0.0214792 0.0223978 0.0209809 0.0122965 0.0117727 0.0069652 0.0065136 0.0077291 0.0155532 0.0238434 0.0072511 0.0119510 0.0133753 0.0063034 0.0215307 0.0125859 0.0128286 0.0135036 0.0053701 0.0043505 0.0068531 0.0071214 0.0053744 0.0085803 0.0051327 0.0064034 0.0040725 0.0052140 0.0048529 0.0058913 0.0052272 0.0043155 0.0193774 0.0048654 0.0231744 
Lalb_CNTNAP2         0.0226999 0.0227187 0.0227333 0.0225932 0.0229814 0.0223533 0.0216633 0.0226786 0.0228832 0.0074917 0.0077141 0.0223174 0.0056333 0.0055761 0.0053738 0.0058005 0.0119917 0.0211239 0.0208729 0.0214375 0.0226611 0.0048570 0.0057505 0.0056328 0.0048553 0.0279526 0.0144576 0.0280728 0.0255572 0.0069692 0.0000000 0.0064053 0.0060019 0.0052849 0.0053824 0.0058807 0.0062887 0.0054075 0.0221669 0.0255289 0.0243832 0.0206032 0.0203557 0.0223207 0.0197569 0.0229180 0.0243902 0.0228764 0.0122599 0.0225517 0.0237574 0.0223370 0.0136165 0.0134875 0.0056056 0.0051360 0.0069330 0.0170055 0.0243174 0.0061666 0.0130612 0.0146986 0.0046941 0.0209969 0.0139089 0.0141496 0.0154772 0.0056332 0.0046231 0.0052341 0.0049692 0.0061673 0.0089839 0.0056417 0.0061462 0.0048559 0.0060116 0.0056333 0.0061637 0.0055158 0.0045929 0.0198722 0.0051355 0.0239836 
Laus_CNTNAP2         0.0218250 0.0216307 0.0217978 0.0216994 0.0214834 0.0208650 0.0204750 0.0217495 0.0213191 0.0029061 0.0025258 0.0204932 0.0043186 0.0042135 0.0040618 0.0044662 0.0106134 0.0202105 0.0196512 0.0202102 0.0222986 0.0050918 0.0060142 0.0058654 0.0050900 0.0264052 0.0130772 0.0277106 0.0245771 0.0053718 0.0064053 0.0000000 0.0018880 0.0044171 0.0040682 0.0010048 0.0012925 0.0010130 0.0200351 0.0237289 0.0226470 0.0187124 0.0183013 0.0208337 0.0176641 0.0218889 0.0225643 0.0212596 0.0108790 0.0208336 0.0219812 0.0205750 0.0122215 0.0119923 0.0064135 0.0051347 0.0053477 0.0149653 0.0231126 0.0063982 0.0108163 0.0132935 0.0049568 0.0201522 0.0125089 0.0127503 0.0137825 0.0038056 0.0024333 0.0054974 0.0057637 0.0048438 0.0065963 0.0046011 0.0048276 0.0040617 0.0041431 0.0038057 0.0048410 0.0036593 0.0029580 0.0195947 0.0043360 0.0224956 
Lbor_CNTNAP2         0.0224559 0.0238214 0.0226864 0.0223387 0.0214858 0.0208259 0.0210581 0.0217698 0.0206772 0.0027297 0.0032507 0.0207300 0.0043533 0.0039563 0.0038041 0.0046673 0.0108158 0.0205218 0.0202532 0.0208548 0.0223558 0.0049060 0.0057278 0.0057328 0.0049042 0.0262428 0.0138219 0.0282592 0.0255538 0.0062997 0.0060019 0.0018880 0.0000000 0.0041520 0.0040853 0.0016167 0.0018922 0.0010859 0.0207162 0.0242455 0.0237091 0.0194697 0.0191780 0.0208889 0.0183037 0.0222082 0.0226986 0.0218166 0.0111005 0.0208723 0.0217806 0.0208809 0.0125450 0.0120123 0.0060113 0.0050864 0.0054544 0.0150756 0.0183784 0.0063038 0.0113754 0.0134064 0.0049026 0.0208557 0.0125658 0.0128243 0.0136705 0.0040785 0.0025462 0.0054674 0.0057446 0.0046399 0.0061649 0.0043797 0.0048989 0.0038039 0.0041658 0.0038041 0.0049124 0.0040989 0.0028073 0.0199119 0.0040963 0.0226867 
Lhos30470_CNTNAP2    0.0210480 0.0205639 0.0204807 0.0206373 0.0213522 0.0206795 0.0198622 0.0204692 0.0205933 0.0052165 0.0058218 0.0203402 0.0010928 0.0016417 0.0013671 0.0022697 0.0098434 0.0193454 0.0190723 0.0196799 0.0210075 0.0033100 0.0045404 0.0041446 0.0033088 0.0258311 0.0124156 0.0265140 0.0232985 0.0049875 0.0052849 0.0044171 0.0041520 0.0000000 0.0013704 0.0038570 0.0045451 0.0030484 0.0191653 0.0231720 0.0220115 0.0185975 0.0187584 0.0194849 0.0178309 0.0203731 0.0216171 0.0197975 0.0098431 0.0200392 0.0210273 0.0198051 0.0118785 0.0116001 0.0035990 0.0029337 0.0038640 0.0149308 0.0234776 0.0047153 0.0097243 0.0130438 0.0033969 0.0196774 0.0118970 0.0121566 0.0131405 0.0016415 0.0014703 0.0034051 0.0036915 0.0016457 0.0057090 0.0013745 0.0021928 0.0013681 0.0019577 0.0016415 0.0021940 0.0019679 0.0008755 0.0174573 0.0010987 0.0213872 
Lhos452_CNTNAP2      0.0210155 0.0211368 0.0209340 0.0205556 0.0209800 0.0203626 0.0196296 0.0206814 0.0204283 0.0053256 0.0053589 0.0193683 0.0017681 0.0023596 0.0025313 0.0020911 0.0101112 0.0191518 0.0189001 0.0194595 0.0212302 0.0035609 0.0047075 0.0043311 0.0035597 0.0259029 0.0117352 0.0269033 0.0237451 0.0051118 0.0053824 0.0040682 0.0040853 0.0013704 0.0000000 0.0035526 0.0041726 0.0028066 0.0191414 0.0231393 0.0221326 0.0190989 0.0183395 0.0197703 0.0176630 0.0206307 0.0217520 0.0206474 0.0103769 0.0203191 0.0206251 0.0197845 0.0111839 0.0108519 0.0043439 0.0037797 0.0045869 0.0144055 0.0226408 0.0048578 0.0103126 0.0122539 0.0036526 0.0194777 0.0114693 0.0117124 0.0121616 0.0017680 0.0021663 0.0041892 0.0044538 0.0022779 0.0042461 0.0020307 0.0027834 0.0015124 0.0025756 0.0022757 0.0017685 0.0015535 0.0016097 0.0188035 0.0012649 0.0210645 
Lobl_CNTNAP2         0.0215215 0.0221751 0.0214740 0.0213899 0.0209015 0.0202868 0.0201681 0.0211670 0.0207117 0.0026394 0.0022695 0.0201781 0.0038030 0.0036785 0.0035471 0.0041993 0.0100751 0.0196368 0.0193861 0.0199448 0.0217147 0.0045736 0.0057476 0.0053442 0.0045720 0.0258041 0.0127255 0.0273836 0.0242474 0.0056298 0.0058807 0.0010048 0.0016167 0.0038570 0.0035526 0.0000000 0.0010330 0.0005056 0.0200121 0.0237098 0.0226292 0.0190899 0.0182869 0.0202560 0.0172256 0.0215444 0.0222470 0.0209258 0.0103389 0.0208175 0.0216730 0.0202705 0.0116774 0.0114093 0.0058892 0.0048594 0.0050846 0.0146666 0.0231396 0.0058738 0.0102617 0.0127458 0.0046913 0.0205917 0.0119630 0.0122048 0.0131234 0.0032917 0.0021607 0.0052309 0.0054952 0.0043253 0.0058065 0.0040818 0.0043110 0.0035470 0.0036180 0.0032917 0.0043228 0.0033946 0.0026868 0.0193020 0.0038184 0.0224775 
Lobs_CNTNAP2         0.0215759 0.0222430 0.0218485 0.0220496 0.0206583 0.0200267 0.0205195 0.0215125 0.0210044 0.0029051 0.0025955 0.0205053 0.0044396 0.0043360 0.0041759 0.0044753 0.0106444 0.0199349 0.0196769 0.0202525 0.0220767 0.0052356 0.0062931 0.0060309 0.0052337 0.0262926 0.0134592 0.0279216 0.0250145 0.0063082 0.0062887 0.0012925 0.0018922 0.0045451 0.0041726 0.0010330 0.0000000 0.0010417 0.0204412 0.0243163 0.0232725 0.0190892 0.0186291 0.0208619 0.0180632 0.0218411 0.0229324 0.0209836 0.0109175 0.0214493 0.0223238 0.0208772 0.0125735 0.0123310 0.0062979 0.0051455 0.0057627 0.0149975 0.0178787 0.0065796 0.0108701 0.0134001 0.0052320 0.0210762 0.0125935 0.0128415 0.0135516 0.0039125 0.0024384 0.0057751 0.0060422 0.0049807 0.0061991 0.0047313 0.0049637 0.0041758 0.0042518 0.0039126 0.0049777 0.0039314 0.0029648 0.0199230 0.0044585 0.0231406 
LperAUS_CNTNAP2      0.0205345 0.0216307 0.0207352 0.0200807 0.0202349 0.0196187 0.0195711 0.0205024 0.0200140 0.0021269 0.0022885 0.0194854 0.0028023 0.0026407 0.0025458 0.0034311 0.0096273 0.0189679 0.0187149 0.0192765 0.0210534 0.0040942 0.0052632 0.0048693 0.0040927 0.0251625 0.0121690 0.0267474 0.0235705 0.0048888 0.0054075 0.0010130 0.0010859 0.0030484 0.0028066 0.0005056 0.0010417 0.0000000 0.0191538 0.0230204 0.0219541 0.0187124 0.0176980 0.0195882 0.0168068 0.0208039 0.0215732 0.0202771 0.0098936 0.0201348 0.0210123 0.0196023 0.0112392 0.0109370 0.0051493 0.0043133 0.0046084 0.0140815 0.0224638 0.0054019 0.0102617 0.0123144 0.0042003 0.0196205 0.0115259 0.0117701 0.0124779 0.0025459 0.0016181 0.0047415 0.0050090 0.0035815 0.0054140 0.0033348 0.0035695 0.0028021 0.0028585 0.0025459 0.0035794 0.0026153 0.0021465 0.0186141 0.0030716 0.0217800 
Mbid_CNTNAP2         0.0272539 0.0114204 0.0124612 0.0260781 0.0275019 0.0269814 0.0279169 0.0256074 0.0247617 0.0205876 0.0200334 0.0273952 0.0187154 0.0187165 0.0187149 0.0191419 0.0169222 0.0265342 0.0258343 0.0267241 0.0278786 0.0209289 0.0210039 0.0222176 0.0209167 0.0107535 0.0209459 0.0322166 0.0264656 0.0208597 0.0221669 0.0200351 0.0207162 0.0191653 0.0191414 0.0200121 0.0204412 0.0191538 0.0000000 0.0040482 0.0046624 0.0038297 0.0034910 0.0034935 0.0028683 0.0050270 0.0040429 0.0062379 0.0181857 0.0038902 0.0054688 0.0042854 0.0216612 0.0203971 0.0213132 0.0213126 0.0222126 0.0221606 0.0234157 0.0227417 0.0249316 0.0211836 0.0204722 0.0285086 0.0203947 0.0211967 0.0216802 0.0182894 0.0184916 0.0213861 0.0209535 0.0183576 0.0178700 0.0192734 0.0195828 0.0187367 0.0187149 0.0182894 0.0187165 0.0187165 0.0183317 0.0094676 0.0192707 0.0103108 
Mbow_CNTNAP2         0.0305250 0.0136551 0.0129148 0.0308919 0.0294215 0.0293656 0.0289771 0.0290592 0.0294528 0.0240829 0.0246377 0.0296951 0.0232448 0.0242184 0.0235488 0.0233590 0.0228391 0.0289108 0.0284308 0.0290530 0.0309106 0.0246765 0.0250389 0.0255827 0.0246664 0.0129988 0.0271067 0.0348091 0.0293247 0.0241112 0.0255289 0.0237289 0.0242455 0.0231720 0.0231393 0.0237098 0.0243163 0.0230204 0.0040482 0.0000000 0.0056884 0.0058781 0.0064584 0.0053871 0.0062478 0.0086198 0.0062541 0.0065907 0.0228546 0.0059447 0.0073209 0.0053980 0.0243657 0.0236456 0.0256769 0.0244580 0.0253659 0.0252989 0.0271943 0.0262658 0.0274202 0.0240138 0.0246567 0.0295924 0.0237805 0.0246525 0.0242465 0.0228561 0.0220430 0.0251158 0.0248103 0.0239174 0.0233219 0.0236778 0.0241186 0.0231599 0.0229415 0.0228566 0.0241156 0.0229569 0.0222848 0.0118077 0.0231387 0.0131655 
Mcar_CNTNAP2         0.0295837 0.0136405 0.0119132 0.0302360 0.0294405 0.0293860 0.0293232 0.0284828 0.0289909 0.0239849 0.0235225 0.0292839 0.0221745 0.0230721 0.0224680 0.0225737 0.0212087 0.0283413 0.0278739 0.0284770 0.0302773 0.0235586 0.0239070 0.0244317 0.0235492 0.0117955 0.0248520 0.0342959 0.0283396 0.0233053 0.0243832 0.0226470 0.0237091 0.0220115 0.0221326 0.0226292 0.0232725 0.0219541 0.0046624 0.0056884 0.0000000 0.0059068 0.0068232 0.0057755 0.0054470 0.0080024 0.0048489 0.0053161 0.0212224 0.0063206 0.0071257 0.0057880 0.0232607 0.0215637 0.0245207 0.0236102 0.0236329 0.0245021 0.0257673 0.0250873 0.0252086 0.0229233 0.0235401 0.0282112 0.0226951 0.0235376 0.0236433 0.0218032 0.0212777 0.0239773 0.0236826 0.0228210 0.0219369 0.0225882 0.0230194 0.0220960 0.0219793 0.0218036 0.0230156 0.0218971 0.0215141 0.0114693 0.0224673 0.0119146 
Mden_CNTNAP2         0.0261521 0.0134059 0.0120388 0.0254498 0.0249980 0.0245479 0.0253640 0.0241553 0.0246308 0.0187311 0.0202442 0.0266720 0.0184345 0.0190202 0.0184348 0.0194768 0.0183558 0.0257290 0.0253532 0.0261369 0.0269026 0.0198567 0.0207221 0.0209880 0.0198465 0.0109230 0.0222707 0.0307011 0.0265556 0.0187231 0.0206032 0.0187124 0.0194697 0.0185975 0.0190989 0.0190899 0.0190892 0.0187124 0.0038297 0.0058781 0.0059068 0.0000000 0.0051693 0.0037735 0.0031438 0.0062216 0.0034471 0.0047780 0.0183731 0.0023908 0.0030792 0.0020483 0.0187557 0.0178574 0.0210827 0.0206987 0.0215112 0.0213340 0.0232463 0.0210358 0.0232129 0.0194854 0.0198369 0.0239889 0.0175914 0.0194960 0.0208141 0.0187205 0.0181437 0.0199536 0.0199536 0.0192558 0.0169627 0.0193290 0.0195642 0.0183641 0.0187207 0.0183446 0.0191189 0.0187414 0.0180584 0.0094180 0.0187214 0.0112292 
Meur_CNTNAP2         0.0270049 0.0130109 0.0126594 0.0269757 0.0272061 0.0271549 0.0274941 0.0265417 0.0269673 0.0195707 0.0188895 0.0266465 0.0183075 0.0187531 0.0183072 0.0188983 0.0194283 0.0261099 0.0256251 0.0262396 0.0283737 0.0201150 0.0204635 0.0204046 0.0201069 0.0127606 0.0226868 0.0318057 0.0262911 0.0200871 0.0203557 0.0183013 0.0191780 0.0187584 0.0183395 0.0182869 0.0186291 0.0176980 0.0034910 0.0064584 0.0068232 0.0051693 0.0000000 0.0054176 0.0057991 0.0067282 0.0058520 0.0061821 0.0194412 0.0051448 0.0062459 0.0051463 0.0209236 0.0197510 0.0209797 0.0206799 0.0206919 0.0227383 0.0234414 0.0216588 0.0235171 0.0211979 0.0200992 0.0262759 0.0203464 0.0212070 0.0221087 0.0180128 0.0178540 0.0207458 0.0204473 0.0189468 0.0176433 0.0190027 0.0191630 0.0180127 0.0178111 0.0180132 0.0192312 0.0180291 0.0183220 0.0098645 0.0186737 0.0108260 
Mgin_CNTNAP2         0.0276438 0.0124772 0.0115699 0.0276253 0.0264759 0.0258503 0.0257960 0.0249866 0.0253107 0.0215232 0.0219617 0.0266245 0.0198087 0.0205818 0.0200905 0.0198644 0.0191680 0.0254387 0.0251887 0.0257661 0.0272851 0.0211438 0.0214843 0.0219842 0.0211358 0.0117069 0.0225314 0.0317073 0.0262036 0.0209657 0.0223207 0.0208337 0.0208889 0.0194849 0.0197703 0.0202560 0.0208619 0.0195882 0.0034935 0.0053871 0.0057755 0.0037735 0.0054176 0.0000000 0.0050104 0.0074438 0.0054859 0.0040957 0.0191801 0.0046953 0.0053475 0.0045756 0.0208604 0.0200615 0.0224442 0.0208037 0.0223446 0.0216133 0.0296170 0.0226076 0.0231548 0.0208388 0.0211282 0.0261786 0.0200344 0.0208472 0.0208899 0.0194575 0.0184955 0.0215463 0.0212556 0.0204229 0.0189949 0.0201951 0.0206232 0.0197384 0.0195798 0.0194579 0.0206179 0.0194987 0.0187372 0.0097905 0.0200896 0.0121522 
MgraAUS_CNTNAP2      0.0266157 0.0130723 0.0115922 0.0260653 0.0259510 0.0254859 0.0254859 0.0254833 0.0260504 0.0169440 0.0185135 0.0270169 0.0177605 0.0183560 0.0177601 0.0176626 0.0164510 0.0241928 0.0234775 0.0243512 0.0272528 0.0189548 0.0194692 0.0202281 0.0189548 0.0117995 0.0186013 0.0280912 0.0254084 0.0185253 0.0197569 0.0176641 0.0183037 0.0178309 0.0176630 0.0172256 0.0180632 0.0168068 0.0028683 0.0062478 0.0054470 0.0031438 0.0057991 0.0050104 0.0000000 0.0058550 0.0026990 0.0042007 0.0164679 0.0038388 0.0042274 0.0026798 0.0160363 0.0160822 0.0194659 0.0190399 0.0190276 0.0192533 0.0228915 0.0211384 0.0187507 0.0168462 0.0193793 0.0250434 0.0152005 0.0164388 0.0174718 0.0176619 0.0174312 0.0199818 0.0195548 0.0182513 0.0166481 0.0187536 0.0185967 0.0176628 0.0177476 0.0176624 0.0181037 0.0176839 0.0173803 0.0105823 0.0180820 0.0110068 
Mhec_CNTNAP2         0.0277574 0.0148197 0.0137022 0.0287876 0.0277770 0.0273951 0.0280938 0.0267421 0.0275818 0.0212084 0.0228297 0.0272327 0.0207126 0.0212937 0.0207138 0.0207688 0.0209324 0.0270692 0.0265584 0.0272107 0.0287081 0.0219145 0.0229338 0.0228588 0.0219052 0.0122710 0.0240967 0.0331512 0.0283465 0.0226344 0.0229180 0.0218889 0.0222082 0.0203731 0.0206307 0.0215444 0.0218411 0.0208039 0.0050270 0.0086198 0.0080024 0.0062216 0.0067282 0.0074438 0.0058550 0.0000000 0.0051467 0.0081596 0.0209473 0.0061521 0.0071471 0.0056979 0.0218990 0.0211779 0.0233822 0.0218836 0.0222974 0.0234654 0.0333923 0.0228672 0.0242565 0.0221907 0.0218777 0.0283056 0.0212880 0.0222008 0.0219384 0.0203154 0.0192575 0.0223525 0.0220264 0.0211082 0.0198489 0.0208343 0.0213394 0.0203355 0.0196186 0.0200023 0.0206486 0.0203514 0.0191765 0.0113125 0.0203163 0.0116457 
