80
Bacu_MYH2         0.0000000 0.0242991 0.0223311 0.0088487 0.0156449 0.0083564 0.0084567 0.0093846 0.0147116 0.0075956 0.0103015 0.0254282 0.0336323 0.0134065 0.0201350 0.0195183 0.0198710 0.0197551 0.0261001 0.0268314 0.0168568 0.0135143 0.0110304 0.0239313 0.0208300 0.0215651 0.0277752 0.0246974 0.0273220 0.0224367 0.0218281 0.0202846 0.0211658 0.0170644 0.0324389 0.0284766 0.0354512 0.0227650 0.0235323 0.0184751 0.0215346 0.0226159 0.0251363 0.0344891 0.0245614 0.0266661 0.0330306 0.0327972 0.0228795 0.0287848 0.0248155 0.0291617 0.0205074 0.0250363 0.0234388 0.0194386 0.0165892 0.0240954 0.0182220 0.0229886 0.0239814 0.0362262 0.0358435 0.0224534 0.0209565 0.0220006 0.0197193 0.0175942 0.0196484 0.0345244 0.0184614 0.0261834 0.0275922 0.0222239 0.0305679 0.0678622 0.0179500 0.0194159 0.0244535 0.0277446 
Barn_MYH2         0.0242991 0.0000000 0.0074608 0.0257987 0.0192953 0.0214073 0.0198873 0.0245850 0.0283119 0.0253697 0.0306957 0.0289763 0.0231088 0.0253530 0.0251574 0.0241292 0.0164751 0.0182666 0.0267904 0.0210877 0.0272838 0.0185221 0.0232807 0.0269681 0.0185906 0.0278762 0.0235340 0.0159412 0.0302472 0.0208631 0.0309233 0.0199502 0.0209642 0.0163231 0.0200332 0.0208922 0.0306085 0.0236276 0.0244157 0.0182767 0.0241601 0.0158006 0.0148073 0.0230293 0.0158737 0.0225282 0.0270084 0.0230908 0.0238703 0.0245477 0.0322066 0.0239337 0.0146073 0.0189801 0.0283475 0.0248185 0.0237920 0.0205677 0.0192458 0.0346395 0.0257146 0.0346978 0.0263518 0.0249115 0.0315319 0.0299509 0.0193334 0.0182767 0.0172238 0.0359705 0.0172308 0.0315448 0.0209629 0.0218326 0.0247381 0.1312204 0.0172238 0.0203462 0.0179883 0.0185866 
Bbai76728_MYH2    0.0223311 0.0074608 0.0000000 0.0287073 0.0296385 0.0222971 0.0238568 0.0220206 0.0224437 0.0218707 0.0275991 0.0267852 0.0253205 0.0234952 0.0225323 0.0204068 0.0185652 0.0204541 0.0277006 0.0359312 0.0251356 0.0198358 0.0243393 0.0259385 0.0235896 0.0216116 0.0252369 0.0118460 0.0295422 0.0202424 0.0244789 0.0197953 0.0226807 0.0188025 0.0403803 0.0328732 0.0384300 0.0223039 0.0247027 0.0205023 0.0082809 0.0138801 0.0110112 0.0196725 0.0127837 0.0178488 0.0221098 0.0251505 0.0134210 0.0226483 0.0289966 0.0156696 0.0124414 0.0135332 0.0313864 0.0205100 0.0208143 0.0246122 0.0200622 0.0310316 0.0270167 0.0391044 0.0398901 0.0229040 0.0227635 0.0281128 0.0223759 0.0212899 0.0222292 0.0352642 0.0188611 0.0314589 0.0296229 0.0235174 0.0266099 0.0723641 0.0214420 0.0229493 0.0118965 0.0134572 
BbonAUS_MYH2      0.0088487 0.0257987 0.0287073 0.0000000 0.0056870 0.0061574 0.0042017 0.0133958 0.0199925 0.0105786 0.0056605 0.0275328 0.0354192 0.0138987 0.0204220 0.0245322 0.0164155 0.0199841 0.0272728 0.0224459 0.0143394 0.0200908 0.0086681 0.0326897 0.0201511 0.0264332 0.0297601 0.0275442 0.0274195 0.0294249 0.0307977 0.0280624 0.0202061 0.0231825 0.0246466 0.0222129 0.0265086 0.0274161 0.0265839 0.0200734 0.0220591 0.0220349 0.0304376 0.0368404 0.0230445 0.0253678 0.0315445 0.0227481 0.0228243 0.0312486 0.0280154 0.0311277 0.0280359 0.0252580 0.0352026 0.0255820 0.0175615 0.0244602 0.0185910 0.0248350 0.0248816 0.0312841 0.0362169 0.0231563 0.0276003 0.0237636 0.0179495 0.0192428 0.0267896 0.0351447 0.0252832 0.0258457 0.0194098 0.0213351 0.0280344 0.0892991 0.0185805 0.0210220 0.0318522 0.0300206 
Bbor_MYH2         0.0156449 0.0192953 0.0296385 0.0056870 0.0000000 0.0035244 0.0032002 0.0150693 0.0214582 0.0134241 0.0082405 0.0250082 0.0322075 0.0137733 0.0193182 0.0254166 0.0192621 0.0184954 0.0214838 0.0352559 0.0138697 0.0223272 0.0082393 0.0298136 0.0210818 0.0283966 0.0237856 0.0285497 0.0257127 0.0311689 0.0282923 0.0273324 0.0190528 0.0265626 0.0362822 0.0223988 0.0235298 0.0279943 0.0211502 0.0176981 0.0234737 0.0202461 0.0289326 0.0361440 0.0208159 0.0235325 0.0278953 0.0322547 0.0222706 0.0291118 0.0260198 0.0355851 0.0312107 0.0215213 0.0340571 0.0259676 0.0160013 0.0224149 0.0161612 0.0214077 0.0204726 0.0249115 0.0467635 0.0200822 0.0309791 0.0232999 0.0178106 0.0180884 0.0275470 0.0363528 0.0239322 0.0223433 0.0169522 0.0228994 0.0278762 0.0893773 0.0178610 0.0197093 0.0322293 0.0283805 
Bede66737_MYH2    0.0083564 0.0214073 0.0222971 0.0061574 0.0035244 0.0000000 0.0020368 0.0077397 0.0146377 0.0053380 0.0103219 0.0268843 0.0337999 0.0132632 0.0205770 0.0181719 0.0192322 0.0197752 0.0228413 0.0303426 0.0147189 0.0143905 0.0087876 0.0227603 0.0218908 0.0214672 0.0270173 0.0207735 0.0257269 0.0242254 0.0237756 0.0201279 0.0205194 0.0193539 0.0393136 0.0227490 0.0263311 0.0214957 0.0224077 0.0190569 0.0254428 0.0210093 0.0204657 0.0361547 0.0215335 0.0234879 0.0326317 0.0340899 0.0236353 0.0327553 0.0283430 0.0261978 0.0227571 0.0222411 0.0283745 0.0189336 0.0173458 0.0232051 0.0174653 0.0242089 0.0218994 0.0287433 0.0401923 0.0243495 0.0234461 0.0253344 0.0190507 0.0194406 0.0199594 0.0426358 0.0190850 0.0243350 0.0186416 0.0229143 0.0291883 0.0822690 0.0191044 0.0213498 0.0235776 0.0303470 
BedeAUS_MYH2      0.0084567 0.0198873 0.0238568 0.0042017 0.0032002 0.0020368 0.0000000 0.0096860 0.0154065 0.0084619 0.0095869 0.0227794 0.0285254 0.0141855 0.0178689 0.0166082 0.0156269 0.0169787 0.0162328 0.0326654 0.0146922 0.0166698 0.0082075 0.0165962 0.0198952 0.0186882 0.0210838 0.0218833 0.0273511 0.0260422 0.0236848 0.0182363 0.0155280 0.0179860 0.0368166 0.0179909 0.0187245 0.0187136 0.0199724 0.0151226 0.0207836 0.0207160 0.0203249 0.0396293 0.0213448 0.0243167 0.0374864 0.0344451 0.0221875 0.0316225 0.0276090 0.0276556 0.0222296 0.0207131 0.0253521 0.0173800 0.0147049 0.0213016 0.0147651 0.0211845 0.0147474 0.0281486 0.0388771 0.0156609 0.0183373 0.0220063 0.0147656 0.0171818 0.0190883 0.0447664 0.0173197 0.0169177 0.0150370 0.0139847 0.0252934 0.0810390 0.0170124 0.0196896 0.0249887 0.0292524 
Bmus49099_MYH2    0.0093846 0.0245850 0.0220206 0.0133958 0.0150693 0.0077397 0.0096860 0.0000000 0.0140801 0.0062141 0.0102587 0.0242868 0.0264625 0.0132141 0.0231616 0.0198971 0.0206057 0.0217660 0.0268910 0.0224770 0.0149384 0.0154462 0.0095139 0.0246131 0.0234578 0.0215704 0.0264096 0.0214134 0.0264212 0.0224661 0.0163965 0.0204512 0.0219510 0.0129869 0.0351737 0.0308481 0.0386465 0.0188336 0.0169067 0.0212039 0.0187152 0.0233865 0.0239991 0.0289906 0.0225866 0.0259298 0.0330598 0.0326511 0.0250167 0.0251528 0.0273434 0.0263180 0.0211385 0.0241383 0.0234252 0.0193678 0.0202333 0.0229770 0.0189500 0.0201121 0.0254327 0.0299379 0.0314915 0.0238732 0.0208027 0.0259753 0.0217110 0.0207250 0.0209671 0.0363660 0.0190972 0.0278047 0.0293406 0.0271289 0.0326808 0.0704571 0.0203272 0.0232870 0.0242067 0.0300474 
Bmys_MYH2         0.0147116 0.0283119 0.0224437 0.0199925 0.0214582 0.0146377 0.0154065 0.0140801 0.0000000 0.0115301 0.0139024 0.0267379 0.0373350 0.0162097 0.0237800 0.0205637 0.0226010 0.0209582 0.0295102 0.0162310 0.0041907 0.0029846 0.0137289 0.0246821 0.0223617 0.0221972 0.0284454 0.0236588 0.0322699 0.0233411 0.0236478 0.0196974 0.0227703 0.0171706 0.0323588 0.0309270 0.0388323 0.0233864 0.0271274 0.0191265 0.0223167 0.0264836 0.0246102 0.0352844 0.0256634 0.0260248 0.0360740 0.0374268 0.0262192 0.0329383 0.0291013 0.0278023 0.0233836 0.0281446 0.0255583 0.0199802 0.0204079 0.0258147 0.0188891 0.0258740 0.0254922 0.0342704 0.0371178 0.0232423 0.0234000 0.0260954 0.0221048 0.0205808 0.0203515 0.0371748 0.0190276 0.0282396 0.0276771 0.0221334 0.0312500 0.0697233 0.0196209 0.0214081 0.0261426 0.0302454 
Bphy_MYH2         0.0075956 0.0253697 0.0218707 0.0105786 0.0134241 0.0053380 0.0084619 0.0062141 0.0115301 0.0000000 0.0033768 0.0242593 0.0337437 0.0122754 0.0213875 0.0184918 0.0193101 0.0197624 0.0268563 0.0256322 0.0133652 0.0135573 0.0083367 0.0240286 0.0207854 0.0204940 0.0272551 0.0220156 0.0294107 0.0217661 0.0207193 0.0190973 0.0205047 0.0165368 0.0330546 0.0308772 0.0368601 0.0228161 0.0247686 0.0179680 0.0208905 0.0234461 0.0239768 0.0359409 0.0239456 0.0251299 0.0360021 0.0336364 0.0236106 0.0321255 0.0290877 0.0262790 0.0221996 0.0257231 0.0238638 0.0183338 0.0185131 0.0241237 0.0176629 0.0241288 0.0240611 0.0328378 0.0365345 0.0225062 0.0216121 0.0244534 0.0197265 0.0193694 0.0203515 0.0359023 0.0190108 0.0262634 0.0289222 0.0231315 0.0298379 0.0705457 0.0190499 0.0213836 0.0225325 0.0278594 
Bphy_baits_MYH2   0.0103015 0.0306957 0.0275991 0.0056605 0.0082405 0.0103219 0.0095869 0.0102587 0.0139024 0.0033768 0.0000000 0.0291959 0.0401521 0.0153233 0.0239425 0.0223949 0.0200428 0.0230708 0.0246068 0.0307439 0.0155055 0.0136353 0.0121749 0.0222513 0.0219073 0.0243000 0.0295622 0.0237745 0.0324879 0.0273426 0.0265459 0.0246470 0.0206909 0.0225120 0.0413107 0.0237596 0.0247044 0.0256726 0.0298743 0.0230513 0.0316160 0.0264278 0.0266819 0.0446833 0.0287050 0.0303632 0.0444571 0.0414509 0.0274016 0.0377615 0.0329705 0.0313896 0.0247657 0.0306986 0.0314863 0.0231246 0.0191004 0.0266865 0.0214463 0.0274917 0.0206988 0.0292317 0.0423313 0.0312051 0.0249467 0.0279949 0.0214481 0.0210292 0.0222768 0.0510808 0.0224547 0.0225093 0.0218330 0.0269998 0.0345705 0.0903869 0.0219164 0.0243160 0.0313200 0.0332671 
Ccom40_MYH2       0.0254282 0.0289763 0.0267852 0.0275328 0.0250082 0.0268843 0.0227794 0.0242868 0.0267379 0.0242593 0.0291959 0.0000000 0.0233822 0.0278584 0.0096641 0.0085364 0.0119135 0.0081893 0.0209801 0.0398838 0.0279415 0.0267208 0.0275438 0.0167266 0.0097935 0.0143149 0.0224102 0.0229650 0.0238118 0.0271291 0.0261649 0.0120052 0.0163861 0.0080810 0.0251544 0.0126460 0.0127369 0.0102648 0.0130750 0.0067996 0.0166667 0.0234608 0.0263995 0.0429247 0.0221215 0.0235025 0.0308286 0.0299638 0.0188288 0.0277791 0.0214368 0.0294344 0.0266812 0.0256312 0.0149064 0.0097194 0.0077155 0.0225857 0.0109942 0.0183352 0.0167605 0.0372508 0.0360402 0.0156349 0.0099452 0.0080326 0.0130652 0.0105588 0.0059569 0.0331359 0.0082962 0.0119665 0.0105955 0.0096553 0.0123575 0.0798255 0.0088877 0.0059424 0.0247507 0.0281290 
Chea7320_MYH2     0.0336323 0.0231088 0.0253205 0.0354192 0.0322075 0.0337999 0.0285254 0.0264625 0.0373350 0.0337437 0.0401521 0.0233822 0.0000000 0.0300899 0.0251427 0.0230606 0.0198047 0.0183612 0.0227560 0.0516137 0.0379662 0.0362896 0.0309967 0.0198087 0.0205307 0.0248678 0.0249107 0.0329479 0.0298640 0.0352280 0.0337387 0.0194505 0.0204984 0.0165681 0.0455373 0.0196902 0.0215693 0.0168401 0.0135189 0.0197841 0.0260475 0.0319868 0.0312764 0.0272789 0.0241886 0.0336064 0.0327657 0.0374034 0.0330923 0.0329765 0.0332015 0.0357679 0.0327506 0.0274235 0.0279565 0.0243815 0.0235715 0.0229879 0.0197208 0.0299421 0.0198449 0.0438742 0.0439305 0.0149825 0.0220119 0.0322439 0.0203983 0.0210374 0.0178509 0.0414083 0.0182954 0.0208147 0.0216844 0.0200784 0.0245608 0.0933632 0.0190758 0.0220911 0.0213316 0.0261458 
Cmar59905_MYH2    0.0134065 0.0253530 0.0234952 0.0138987 0.0137733 0.0132632 0.0141855 0.0132141 0.0162097 0.0122754 0.0153233 0.0278584 0.0300899 0.0000000 0.0258753 0.0236357 0.0209153 0.0225128 0.0304203 0.0226262 0.0184762 0.0195346 0.0124263 0.0319707 0.0207074 0.0248304 0.0263655 0.0245179 0.0252721 0.0222574 0.0282173 0.0238769 0.0276847 0.0223471 0.0263336 0.0261732 0.0294790 0.0253837 0.0274465 0.0238126 0.0240992 0.0242107 0.0249114 0.0265025 0.0194374 0.0234728 0.0380585 0.0224038 0.0274880 0.0321220 0.0337747 0.0289286 0.0247431 0.0202763 0.0271569 0.0231377 0.0227269 0.0273661 0.0217952 0.0303975 0.0303054 0.0265303 0.0242831 0.0250886 0.0286049 0.0279729 0.0218488 0.0203088 0.0192902 0.0316655 0.0203052 0.0288503 0.0222607 0.0240158 0.0280115 0.0779726 0.0202722 0.0203860 0.0269469 0.0317251 
Dcap108471_MYH2   0.0201350 0.0251574 0.0225323 0.0204220 0.0193182 0.0205770 0.0178689 0.0231616 0.0237800 0.0213875 0.0239425 0.0096641 0.0251427 0.0258753 0.0000000 0.0016334 0.0029917 0.0033659 0.0172197 0.0345668 0.0242983 0.0199591 0.0233264 0.0110533 0.0068175 0.0079236 0.0159322 0.0206789 0.0259882 0.0251165 0.0233334 0.0060866 0.0089459 0.0071661 0.0227587 0.0060831 0.0111481 0.0065509 0.0115125 0.0047947 0.0189652 0.0239007 0.0214998 0.0429655 0.0233225 0.0245528 0.0314061 0.0341714 0.0184996 0.0314665 0.0162983 0.0220324 0.0238797 0.0250387 0.0177095 0.0068040 0.0022970 0.0205584 0.0065465 0.0183496 0.0116989 0.0333506 0.0311501 0.0140774 0.0060576 0.0054940 0.0062094 0.0054873 0.0051658 0.0313702 0.0033615 0.0110995 0.0052090 0.0086940 0.0076491 0.0569637 0.0027969 0.0027853 0.0239375 0.0300708 
Dcap79929_MYH2    0.0195183 0.0241292 0.0204068 0.0245322 0.0254166 0.0181719 0.0166082 0.0198971 0.0205637 0.0184918 0.0223949 0.0085364 0.0230606 0.0236357 0.0016334 0.0000000 0.0012053 0.0016300 0.0144215 0.0320519 0.0221079 0.0184952 0.0201698 0.0085434 0.0064083 0.0057517 0.0140125 0.0179969 0.0259882 0.0214069 0.0188947 0.0038057 0.0067831 0.0048117 0.0201797 0.0128141 0.0181149 0.0046438 0.0100300 0.0030185 0.0190309 0.0229546 0.0194002 0.0387325 0.0222288 0.0240707 0.0283176 0.0330027 0.0195751 0.0280608 0.0162060 0.0180601 0.0218872 0.0234184 0.0158633 0.0040431 0.0017525 0.0207885 0.0041134 0.0161514 0.0096164 0.0382913 0.0292253 0.0113981 0.0043101 0.0052801 0.0043818 0.0047321 0.0041052 0.0230219 0.0020058 0.0093887 0.0118235 0.0044523 0.0055936 0.0512876 0.0021740 0.0020380 0.0216747 0.0278469 
DdelSJR_MYH2      0.0198710 0.0164751 0.0185652 0.0164155 0.0192621 0.0192322 0.0156269 0.0206057 0.0226010 0.0193101 0.0200428 0.0119135 0.0198047 0.0209153 0.0029917 0.0012053 0.0000000 0.0011834 0.0131794 0.0398030 0.0231447 0.0206758 0.0183353 0.0104484 0.0075668 0.0075299 0.0112332 0.0203275 0.0248283 0.0227794 0.0218704 0.0051355 0.0068609 0.0051715 0.0275182 0.0064579 0.0111380 0.0062816 0.0072298 0.0025389 0.0187512 0.0212346 0.0206578 0.0389386 0.0180023 0.0236756 0.0293360 0.0346301 0.0181656 0.0283592 0.0170807 0.0242614 0.0222289 0.0174600 0.0196922 0.0044259 0.0025835 0.0188163 0.0044061 0.0158522 0.0103674 0.0343649 0.0290396 0.0102571 0.0061577 0.0075249 0.0059319 0.0045352 0.0041317 0.0321381 0.0017768 0.0111737 0.0020790 0.0042056 0.0059565 0.0600270 0.0017749 0.0030349 0.0215335 0.0246509 
Ddeltrop4525_MYH2 0.0197551 0.0182666 0.0204541 0.0199841 0.0184954 0.0197752 0.0169787 0.0217660 0.0209582 0.0197624 0.0230708 0.0081893 0.0183612 0.0225128 0.0033659 0.0016300 0.0011834 0.0000000 0.0135197 0.0362499 0.0213820 0.0205362 0.0201400 0.0097290 0.0057120 0.0070994 0.0104989 0.0176023 0.0259882 0.0248769 0.0217379 0.0046289 0.0081606 0.0064538 0.0216522 0.0060397 0.0103687 0.0041138 0.0067680 0.0023645 0.0185578 0.0210275 0.0187298 0.0378963 0.0185710 0.0235104 0.0290848 0.0349080 0.0195087 0.0277920 0.0154668 0.0208859 0.0217190 0.0188124 0.0172605 0.0039691 0.0024082 0.0186682 0.0047149 0.0178737 0.0089839 0.0299126 0.0290073 0.0124199 0.0057468 0.0064231 0.0048550 0.0040629 0.0038254 0.0298510 0.0016650 0.0090229 0.0025680 0.0044523 0.0039637 0.0555688 0.0016014 0.0026615 0.0185546 0.0263153 
Dleu_MYH2         0.0261001 0.0267904 0.0277006 0.0272728 0.0214838 0.0228413 0.0162328 0.0268910 0.0295102 0.0268563 0.0246068 0.0209801 0.0227560 0.0304203 0.0172197 0.0144215 0.0131794 0.0135197 0.0000000 0.0436973 0.0303059 0.0269559 0.0274331 0.0096840 0.0187236 0.0186852 0.0221715 0.0222636 0.0293572 0.0224807 0.0282068 0.0140490 0.0081831 0.0097594 0.0361473 0.0097212 0.0141265 0.0136182 0.0164931 0.0124472 0.0286393 0.0278878 0.0231545 0.0512743 0.0183878 0.0211885 0.0401765 0.0462399 0.0198114 0.0390438 0.0105236 0.0182123 0.0267241 0.0191467 0.0228306 0.0168007 0.0166078 0.0237122 0.0156358 0.0211849 0.0089190 0.0380966 0.0325229 0.0171585 0.0136583 0.0218436 0.0141332 0.0154129 0.0156645 0.0522742 0.0134727 0.0135641 0.0158493 0.0125487 0.0204296 0.0789453 0.0141325 0.0165752 0.0202859 0.0285138 
EausAUS_MYH2      0.0268314 0.0210877 0.0359312 0.0224459 0.0352559 0.0303426 0.0326654 0.0224770 0.0162310 0.0256322 0.0307439 0.0398838 0.0516137 0.0226262 0.0345668 0.0320519 0.0398030 0.0362499 0.0436973 0.0000000 0.0131618 0.0025743 0.0300327 0.0406943 0.0269721 0.0369589 0.0460363 0.0367457 0.0331734 0.0242253 0.0332874 0.0352445 0.0410652 0.0303429 0.0240935 0.0487876 0.0582519 0.0339740 0.0329267 0.0348654 0.0369142 0.0223345 0.0387973 0.0344852 0.0383639 0.0435333 0.0316536 0.0368988 0.0382170 0.0256255 0.0265005 0.0465497 0.0231791 0.0388591 0.0370773 0.0286827 0.0197642 0.0229784 0.0350858 0.0252388 0.0459165 0.0495465 0.0245151 0.0213638 0.0334699 0.0221286 0.0377646 0.0236761 0.0206046 0.0363331 0.0316443 0.0461386 0.0499260 0.0505376 0.0485457 0.0867209 0.0345668 0.0209701 0.0388605 0.0464642 
Egla13086_MYH2    0.0168568 0.0272838 0.0251356 0.0143394 0.0138697 0.0147189 0.0146922 0.0149384 0.0041907 0.0133652 0.0155055 0.0279415 0.0379662 0.0184762 0.0242983 0.0221079 0.0231447 0.0213820 0.0303059 0.0131618 0.0000000 0.0020608 0.0140399 0.0276350 0.0231422 0.0246046 0.0299825 0.0259578 0.0341340 0.0258324 0.0255610 0.0218515 0.0234676 0.0205008 0.0364231 0.0265032 0.0317136 0.0259042 0.0277864 0.0203060 0.0233870 0.0264263 0.0260966 0.0358717 0.0267501 0.0251642 0.0337870 0.0381246 0.0269022 0.0320589 0.0310195 0.0304746 0.0265371 0.0288617 0.0289736 0.0221144 0.0214511 0.0273245 0.0194700 0.0269938 0.0261478 0.0282875 0.0428981 0.0248216 0.0260013 0.0252125 0.0225694 0.0231710 0.0236328 0.0344398 0.0218513 0.0296040 0.0219235 0.0202310 0.0305155 0.0894805 0.0206977 0.0222115 0.0310563 0.0311143 
Ejap43864_MYH2    0.0135143 0.0185221 0.0198358 0.0200908 0.0223272 0.0143905 0.0166698 0.0154462 0.0029846 0.0135573 0.0136353 0.0267208 0.0362896 0.0195346 0.0199591 0.0184952 0.0206758 0.0205362 0.0269559 0.0025743 0.0020608 0.0000000 0.0146123 0.0241097 0.0226556 0.0196697 0.0239663 0.0218686 0.0316752 0.0240930 0.0220316 0.0187790 0.0224216 0.0173640 0.0229500 0.0330108 0.0401330 0.0191490 0.0236708 0.0180735 0.0230751 0.0248258 0.0206395 0.0405776 0.0236046 0.0283220 0.0366086 0.0247573 0.0244606 0.0335387 0.0271391 0.0234853 0.0220063 0.0242404 0.0268448 0.0168090 0.0174092 0.0221386 0.0177371 0.0259871 0.0269461 0.0361812 0.0263853 0.0207161 0.0217057 0.0230428 0.0197394 0.0212602 0.0183107 0.0379361 0.0182673 0.0280959 0.0310485 0.0209187 0.0298027 0.0821548 0.0189771 0.0219052 0.0262161 0.0310376 
Erob133443_MYH2   0.0110304 0.0232807 0.0243393 0.0086681 0.0082393 0.0087876 0.0082075 0.0095139 0.0137289 0.0083367 0.0121749 0.0275438 0.0309967 0.0124263 0.0233264 0.0201698 0.0183353 0.0201400 0.0274331 0.0300327 0.0140399 0.0146123 0.0000000 0.0266531 0.0217381 0.0223269 0.0249069 0.0226387 0.0291724 0.0205554 0.0250935 0.0212810 0.0229318 0.0189287 0.0364233 0.0236971 0.0281122 0.0223239 0.0250151 0.0210389 0.0208713 0.0244687 0.0228225 0.0346612 0.0227099 0.0246555 0.0350898 0.0368486 0.0253099 0.0311920 0.0309912 0.0280797 0.0249909 0.0253714 0.0280689 0.0208690 0.0207655 0.0260691 0.0188558 0.0270065 0.0250699 0.0273796 0.0412095 0.0206597 0.0234698 0.0253514 0.0188656 0.0204018 0.0208625 0.0345912 0.0200536 0.0266829 0.0211571 0.0211508 0.0259808 0.0823714 0.0193609 0.0197684 0.0279040 0.0274370 
Fatt_MYH2         0.0239313 0.0269681 0.0259385 0.0326897 0.0298136 0.0227603 0.0165962 0.0246131 0.0246821 0.0240286 0.0222513 0.0167266 0.0198087 0.0319707 0.0110533 0.0085434 0.0104484 0.0097290 0.0096840 0.0406943 0.0276350 0.0241097 0.0266531 0.0000000 0.0142759 0.0100511 0.0166792 0.0234951 0.0358684 0.0216639 0.0270791 0.0084632 0.0054154 0.0059099 0.0324624 0.0132831 0.0161392 0.0100508 0.0122691 0.0097420 0.0289376 0.0299984 0.0243792 0.0501856 0.0201043 0.0250414 0.0435635 0.0457287 0.0207778 0.0410267 0.0171279 0.0178151 0.0271186 0.0201125 0.0214020 0.0088709 0.0092587 0.0243411 0.0096518 0.0216189 0.0025117 0.0454867 0.0345385 0.0205473 0.0064558 0.0154757 0.0078632 0.0092352 0.0109271 0.0474965 0.0084522 0.0073188 0.0187613 0.0086152 0.0171523 0.0629401 0.0103358 0.0101031 0.0195201 0.0277283 
Ggri_MYH2         0.0208300 0.0185906 0.0235896 0.0201511 0.0210818 0.0218908 0.0198952 0.0234578 0.0223617 0.0207854 0.0219073 0.0097935 0.0205307 0.0207074 0.0068175 0.0064083 0.0075668 0.0057120 0.0187236 0.0269721 0.0231422 0.0226556 0.0217381 0.0142759 0.0000000 0.0082316 0.0108013 0.0244266 0.0243135 0.0239947 0.0271408 0.0079358 0.0108754 0.0083549 0.0127355 0.0117350 0.0133223 0.0075202 0.0106353 0.0073415 0.0214120 0.0241808 0.0234365 0.0395038 0.0189178 0.0273429 0.0356469 0.0191481 0.0235552 0.0317894 0.0197105 0.0248189 0.0247702 0.0235291 0.0175092 0.0064166 0.0044677 0.0234661 0.0037173 0.0193434 0.0117238 0.0322722 0.0199245 0.0110577 0.0117317 0.0068462 0.0049797 0.0064197 0.0052054 0.0299718 0.0059747 0.0117323 0.0072921 0.0092769 0.0087625 0.0774733 0.0071468 0.0042145 0.0243874 0.0324683 
Gmac39091_MYH2    0.0215651 0.0278762 0.0216116 0.0264332 0.0283966 0.0214672 0.0186882 0.0215704 0.0221972 0.0204940 0.0243000 0.0143149 0.0248678 0.0248304 0.0079236 0.0057517 0.0075299 0.0070994 0.0186852 0.0369589 0.0246046 0.0196697 0.0223269 0.0100511 0.0082316 0.0000000 0.0097240 0.0217317 0.0280158 0.0214735 0.0217045 0.0052902 0.0116820 0.0080956 0.0292118 0.0203905 0.0248781 0.0081946 0.0132177 0.0069377 0.0240106 0.0243942 0.0231419 0.0405188 0.0245218 0.0250568 0.0369195 0.0359576 0.0207811 0.0329955 0.0194014 0.0217555 0.0227792 0.0249362 0.0214426 0.0062721 0.0042117 0.0223314 0.0040975 0.0169568 0.0109278 0.0423244 0.0327082 0.0157956 0.0088389 0.0095269 0.0052508 0.0064035 0.0076982 0.0390590 0.0065934 0.0153648 0.0162554 0.0134525 0.0133165 0.0602977 0.0076901 0.0075063 0.0249137 0.0286353 
Gmel_MYH2         0.0277752 0.0235340 0.0252369 0.0297601 0.0237856 0.0270173 0.0210838 0.0264096 0.0284454 0.0272551 0.0295622 0.0224102 0.0249107 0.0263655 0.0159322 0.0140125 0.0112332 0.0104989 0.0221715 0.0460363 0.0299825 0.0239663 0.0249069 0.0166792 0.0108013 0.0097240 0.0000000 0.0261400 0.0360340 0.0276054 0.0286893 0.0092499 0.0174786 0.0127644 0.0289703 0.0150304 0.0254383 0.0123494 0.0126702 0.0105111 0.0359236 0.0265467 0.0280497 0.0457375 0.0237851 0.0307293 0.0330811 0.0514242 0.0308639 0.0370873 0.0157434 0.0252214 0.0249259 0.0259835 0.0258333 0.0140443 0.0122910 0.0237207 0.0065962 0.0204203 0.0161661 0.0285776 0.0323039 0.0182830 0.0185105 0.0106599 0.0084255 0.0086246 0.0115412 0.0230097 0.0094226 0.0262113 0.0095596 0.0178177 0.0098853 0.0731340 0.0110148 0.0096779 0.0271182 0.0313905 
Hamp_MYH2         0.0246974 0.0159412 0.0118460 0.0275442 0.0285497 0.0207735 0.0218833 0.0214134 0.0236588 0.0220156 0.0237745 0.0229650 0.0329479 0.0245179 0.0206789 0.0179969 0.0203275 0.0176023 0.0222636 0.0367457 0.0259578 0.0218686 0.0226387 0.0234951 0.0244266 0.0217317 0.0261400 0.0000000 0.0269470 0.0192297 0.0211724 0.0182377 0.0198300 0.0174692 0.0419073 0.0311053 0.0378518 0.0205011 0.0227127 0.0159844 0.0099473 0.0047295 0.0030577 0.0263372 0.0063334 0.0093823 0.0163426 0.0240275 0.0084862 0.0148453 0.0196297 0.0091932 0.0067696 0.0079909 0.0298703 0.0189202 0.0188309 0.0217462 0.0189427 0.0241221 0.0243219 0.0412155 0.0354074 0.0221019 0.0221417 0.0253545 0.0222780 0.0198650 0.0196338 0.0399369 0.0171380 0.0272771 0.0294543 0.0229272 0.0271308 0.0763315 0.0188588 0.0225483 0.0153408 0.0149201 
Igeo_MYH2         0.0273220 0.0302472 0.0295422 0.0274195 0.0257127 0.0257269 0.0273511 0.0264212 0.0322699 0.0294107 0.0324879 0.0238118 0.0298640 0.0252721 0.0259882 0.0259882 0.0248283 0.0259882 0.0293572 0.0331734 0.0341340 0.0316752 0.0291724 0.0358684 0.0243135 0.0280158 0.0360340 0.0269470 0.0000000 0.0345551 0.0319156 0.0242835 0.0350540 0.0268993 0.0344523 0.0293769 0.0313210 0.0241414 0.0232146 0.0245779 0.0260782 0.0234132 0.0263130 0.0441929 0.0257213 0.0263228 0.0349410 0.0226184 0.0286041 0.0262990 0.0322028 0.0283461 0.0270470 0.0308521 0.0290628 0.0259484 0.0232146 0.0143615 0.0261469 0.0294702 0.0359687 0.0386775 0.0320739 0.0268435 0.0295222 0.0300684 0.0241186 0.0250471 0.0221383 0.0447310 0.0240795 0.0314707 0.0250832 0.0320839 0.0324252 0.0244138 0.0260003 0.0239144 0.0261307 0.0395779 
Kbre_MYH2         0.0224367 0.0208631 0.0202424 0.0294249 0.0311689 0.0242254 0.0260422 0.0224661 0.0233411 0.0217661 0.0273426 0.0271291 0.0352280 0.0222574 0.0251165 0.0214069 0.0227794 0.0248769 0.0224807 0.0242253 0.0258324 0.0240930 0.0205554 0.0216639 0.0239947 0.0214735 0.0276054 0.0192297 0.0345551 0.0000000 0.0054843 0.0231679 0.0223719 0.0216742 0.0245761 0.0307863 0.0327552 0.0230983 0.0282365 0.0234612 0.0219341 0.0205837 0.0222393 0.0373868 0.0206884 0.0270684 0.0309529 0.0215973 0.0242402 0.0286900 0.0286755 0.0233821 0.0223069 0.0217738 0.0261342 0.0222869 0.0215676 0.0253164 0.0221873 0.0269994 0.0221552 0.0334831 0.0288465 0.0206006 0.0230543 0.0259208 0.0231839 0.0239959 0.0207443 0.0327758 0.0211490 0.0226343 0.0386701 0.0249595 0.0306483 0.0879750 0.0240171 0.0226075 0.0275314 0.0330133 
Ksim_MYH2         0.0218281 0.0309233 0.0244789 0.0307977 0.0282923 0.0237756 0.0236848 0.0163965 0.0236478 0.0207193 0.0265459 0.0261649 0.0337387 0.0282173 0.0233334 0.0188947 0.0218704 0.0217379 0.0282068 0.0332874 0.0255610 0.0220316 0.0250935 0.0270791 0.0271408 0.0217045 0.0286893 0.0211724 0.0319156 0.0054843 0.0000000 0.0209889 0.0244677 0.0168517 0.0392886 0.0336953 0.0401910 0.0166375 0.0226282 0.0217213 0.0236281 0.0268211 0.0215634 0.0379124 0.0240466 0.0281338 0.0326893 0.0379961 0.0231802 0.0264262 0.0233036 0.0227965 0.0255196 0.0238339 0.0249118 0.0225119 0.0223271 0.0230215 0.0221828 0.0202018 0.0293044 0.0328403 0.0346035 0.0180483 0.0196954 0.0259380 0.0230775 0.0253329 0.0215631 0.0347030 0.0200959 0.0291236 0.0335978 0.0299480 0.0284627 0.0858863 0.0210178 0.0267241 0.0294998 0.0312534 
Lacu_MYH2         0.0202846 0.0199502 0.0197953 0.0280624 0.0273324 0.0201279 0.0182363 0.0204512 0.0196974 0.0190973 0.0246470 0.0120052 0.0194505 0.0238769 0.0060866 0.0038057 0.0051355 0.0046289 0.0140490 0.0352445 0.0218515 0.0187790 0.0212810 0.0084632 0.0079358 0.0052902 0.0092499 0.0182377 0.0242835 0.0231679 0.0209889 0.0000000 0.0105163 0.0070845 0.0248596 0.0170657 0.0221737 0.0058887 0.0079408 0.0051725 0.0217820 0.0236606 0.0191995 0.0413979 0.0203378 0.0261419 0.0359908 0.0392265 0.0213240 0.0312541 0.0183471 0.0186759 0.0206576 0.0213059 0.0171741 0.0033948 0.0026191 0.0189749 0.0038263 0.0174413 0.0105416 0.0365637 0.0303672 0.0141078 0.0076654 0.0072165 0.0046449 0.0056795 0.0063990 0.0287524 0.0044900 0.0134985 0.0146906 0.0081470 0.0095252 0.0578848 0.0052080 0.0044026 0.0198976 0.0281470 
Lalb_MYH2         0.0211658 0.0209642 0.0226807 0.0202061 0.0190528 0.0205194 0.0155280 0.0219510 0.0227703 0.0205047 0.0206909 0.0163861 0.0204984 0.0276847 0.0089459 0.0067831 0.0068609 0.0081606 0.0081831 0.0410652 0.0234676 0.0224216 0.0229318 0.0054154 0.0108754 0.0116820 0.0174786 0.0198300 0.0350540 0.0223719 0.0244677 0.0105163 0.0000000 0.0047801 0.0333584 0.0054327 0.0075087 0.0102919 0.0124531 0.0095740 0.0218219 0.0242220 0.0214950 0.0460235 0.0192786 0.0234908 0.0371546 0.0405567 0.0191175 0.0358864 0.0181873 0.0181899 0.0241694 0.0183360 0.0211847 0.0103251 0.0074993 0.0255804 0.0088953 0.0193455 0.0047299 0.0356184 0.0366133 0.0141831 0.0072725 0.0160077 0.0102740 0.0113227 0.0121233 0.0423797 0.0088680 0.0068464 0.0106212 0.0062973 0.0150535 0.0804357 0.0088566 0.0108821 0.0182328 0.0259528 
Laus_MYH2         0.0170644 0.0163231 0.0188025 0.0231825 0.0265626 0.0193539 0.0179860 0.0129869 0.0171706 0.0165368 0.0225120 0.0080810 0.0165681 0.0223471 0.0071661 0.0048117 0.0051715 0.0064538 0.0097594 0.0303429 0.0205008 0.0173640 0.0189287 0.0059099 0.0083549 0.0080956 0.0127644 0.0174692 0.0268993 0.0216742 0.0168517 0.0070845 0.0047801 0.0000000 0.0235491 0.0137665 0.0179266 0.0030797 0.0051500 0.0048210 0.0157490 0.0197720 0.0197553 0.0347682 0.0198753 0.0243656 0.0293274 0.0340990 0.0200962 0.0259918 0.0167785 0.0219051 0.0187906 0.0193898 0.0152563 0.0068991 0.0042080 0.0180835 0.0061357 0.0120249 0.0061288 0.0374259 0.0243140 0.0069400 0.0043131 0.0094900 0.0070581 0.0071807 0.0082273 0.0353299 0.0050083 0.0085401 0.0158555 0.0072655 0.0133085 0.0596199 0.0072051 0.0068950 0.0196015 0.0274167 
Lbor_MYH2         0.0324389 0.0200332 0.0403803 0.0246466 0.0362822 0.0393136 0.0368166 0.0351737 0.0323588 0.0330546 0.0413107 0.0251544 0.0455373 0.0263336 0.0227587 0.0201797 0.0275182 0.0216522 0.0361473 0.0240935 0.0364231 0.0229500 0.0364233 0.0324624 0.0127355 0.0292118 0.0289703 0.0419073 0.0344523 0.0245761 0.0392886 0.0248596 0.0333584 0.0235491 0.0000000 0.0239599 0.0343882 0.0241194 0.0232384 0.0211805 0.0318331 0.0210608 0.0468262 0.0363301 0.0375261 0.0453573 0.0270911 0.0362601 0.0411131 0.0250405 0.0212986 0.0538830 0.0264877 0.0401676 0.0290641 0.0186896 0.0081364 0.0241141 0.0217859 0.0227020 0.0325379 0.0440884 0.0212367 0.0134519 0.0250377 0.0064414 0.0239139 0.0099775 0.0096884 0.0224094 0.0183039 0.0335929 0.0233721 0.0261284 0.0254347 0.0765936 0.0195385 0.0027974 0.0404470 0.0479080 
Lhos30470_MYH2    0.0284766 0.0208922 0.0328732 0.0222129 0.0223988 0.0227490 0.0179909 0.0308481 0.0309270 0.0308772 0.0237596 0.0126460 0.0196902 0.0261732 0.0060831 0.0128141 0.0064579 0.0060397 0.0097212 0.0487876 0.0265032 0.0330108 0.0236971 0.0132831 0.0117350 0.0203905 0.0150304 0.0311053 0.0293769 0.0307863 0.0336953 0.0170657 0.0054327 0.0137665 0.0239599 0.0000000 0.0039246 0.0161811 0.0097696 0.0064558 0.0250973 0.0249204 0.0340252 0.0444772 0.0199432 0.0250202 0.0341620 0.0391575 0.0207634 0.0344282 0.0150459 0.0330029 0.0332384 0.0201248 0.0260262 0.0166253 0.0059155 0.0198081 0.0096572 0.0195531 0.0057122 0.0341989 0.0374726 0.0153949 0.0125988 0.0095442 0.0078403 0.0067138 0.0160495 0.0365934 0.0107646 0.0061016 0.0072999 0.0066035 0.0114003 0.0672138 0.0056306 0.0035220 0.0298579 0.0285915 
Lhos452_MYH2      0.0354512 0.0306085 0.0384300 0.0265086 0.0235298 0.0263311 0.0187245 0.0386465 0.0388323 0.0368601 0.0247044 0.0127369 0.0215693 0.0294790 0.0111481 0.0181149 0.0111380 0.0103687 0.0141265 0.0582519 0.0317136 0.0401330 0.0281122 0.0161392 0.0133223 0.0248781 0.0254383 0.0378518 0.0313210 0.0327552 0.0401910 0.0221737 0.0075087 0.0179266 0.0343882 0.0039246 0.0000000 0.0222160 0.0179213 0.0110906 0.0276405 0.0315757 0.0379691 0.0509465 0.0225388 0.0250097 0.0416405 0.0406472 0.0204788 0.0408414 0.0189314 0.0354519 0.0441756 0.0257215 0.0284199 0.0199965 0.0107328 0.0252933 0.0143137 0.0238956 0.0076532 0.0402889 0.0505570 0.0193190 0.0157182 0.0115577 0.0122238 0.0126443 0.0185591 0.0446083 0.0162757 0.0028654 0.0110840 0.0066546 0.0138996 0.0761566 0.0109773 0.0069264 0.0363942 0.0306609 
Lobl_MYH2         0.0227650 0.0236276 0.0223039 0.0274161 0.0279943 0.0214957 0.0187136 0.0188336 0.0233864 0.0228161 0.0256726 0.0102648 0.0168401 0.0253837 0.0065509 0.0046438 0.0062816 0.0041138 0.0136182 0.0339740 0.0259042 0.0191490 0.0223239 0.0100508 0.0075202 0.0081946 0.0123494 0.0205011 0.0241414 0.0230983 0.0166375 0.0058887 0.0102919 0.0030797 0.0241194 0.0161811 0.0222160 0.0000000 0.0029367 0.0050126 0.0205344 0.0219107 0.0225741 0.0354065 0.0195483 0.0252812 0.0292600 0.0321553 0.0207132 0.0252562 0.0127681 0.0225079 0.0205674 0.0193548 0.0186443 0.0054731 0.0031812 0.0179083 0.0053118 0.0127142 0.0096584 0.0420346 0.0249807 0.0127704 0.0057987 0.0059173 0.0070531 0.0064104 0.0064929 0.0284114 0.0046779 0.0111197 0.0148906 0.0095094 0.0097486 0.0585555 0.0058982 0.0052317 0.0227942 0.0282691 
Lobs_MYH2         0.0235323 0.0244157 0.0247027 0.0265839 0.0211502 0.0224077 0.0199724 0.0169067 0.0271274 0.0247686 0.0298743 0.0130750 0.0135189 0.0274465 0.0115125 0.0100300 0.0072298 0.0067680 0.0164931 0.0329267 0.0277864 0.0236708 0.0250151 0.0122691 0.0106353 0.0132177 0.0126702 0.0227127 0.0232146 0.0282365 0.0226282 0.0079408 0.0124531 0.0051500 0.0232384 0.0097696 0.0179213 0.0029367 0.0000000 0.0065826 0.0234336 0.0254110 0.0221089 0.0330792 0.0215871 0.0276915 0.0305198 0.0387294 0.0262623 0.0239998 0.0171122 0.0237936 0.0259339 0.0221108 0.0177840 0.0120905 0.0087529 0.0184278 0.0074478 0.0165829 0.0129850 0.0317384 0.0256289 0.0106025 0.0111167 0.0128668 0.0073315 0.0079365 0.0090736 0.0283577 0.0065230 0.0182238 0.0075108 0.0128313 0.0119520 0.0637032 0.0073312 0.0067482 0.0221563 0.0309083 
LperAUS_MYH2      0.0184751 0.0182767 0.0205023 0.0200734 0.0176981 0.0190569 0.0151226 0.0212039 0.0191265 0.0179680 0.0230513 0.0067996 0.0197841 0.0238126 0.0047947 0.0030185 0.0025389 0.0023645 0.0124472 0.0348654 0.0203060 0.0180735 0.0210389 0.0097420 0.0073415 0.0069377 0.0105111 0.0159844 0.0245779 0.0234612 0.0217213 0.0051725 0.0095740 0.0048210 0.0211805 0.0064558 0.0110906 0.0050126 0.0065826 0.0000000 0.0176804 0.0202472 0.0179854 0.0406175 0.0179164 0.0221336 0.0302417 0.0353254 0.0180980 0.0302270 0.0171273 0.0180461 0.0213606 0.0180703 0.0160970 0.0037669 0.0019236 0.0180969 0.0043896 0.0171640 0.0103455 0.0306549 0.0304757 0.0104647 0.0061677 0.0067778 0.0047532 0.0038662 0.0041053 0.0333339 0.0017700 0.0111011 0.0020608 0.0057022 0.0075053 0.0615273 0.0029602 0.0030136 0.0163808 0.0232039 
Mbid_MYH2         0.0215346 0.0241601 0.0082809 0.0220591 0.0234737 0.0254428 0.0207836 0.0187152 0.0223167 0.0208905 0.0316160 0.0166667 0.0260475 0.0240992 0.0189652 0.0190309 0.0187512 0.0185578 0.0286393 0.0369142 0.0233870 0.0230751 0.0208713 0.0289376 0.0214120 0.0240106 0.0359236 0.0099473 0.0260782 0.0219341 0.0236281 0.0217820 0.0218219 0.0157490 0.0318331 0.0250973 0.0276405 0.0205344 0.0234336 0.0176804 0.0000000 0.0084101 0.0072946 0.0137904 0.0097094 0.0113188 0.0178058 0.0177471 0.0042180 0.0057117 0.0242128 0.0203804 0.0089010 0.0130439 0.0215221 0.0205557 0.0184992 0.0252059 0.0214250 0.0243750 0.0290121 0.0358215 0.0451763 0.0277696 0.0212587 0.0234538 0.0220139 0.0180420 0.0191494 0.0439252 0.0185808 0.0265745 0.0198223 0.0244287 0.0257924 0.1083405 0.0184770 0.0205137 0.0156180 0.0092700 
Mbow_MYH2         0.0226159 0.0158006 0.0138801 0.0220349 0.0202461 0.0210093 0.0207160 0.0233865 0.0264836 0.0234461 0.0264278 0.0234608 0.0319868 0.0242107 0.0239007 0.0229546 0.0212346 0.0210275 0.0278878 0.0223345 0.0264263 0.0248258 0.0244687 0.0299984 0.0241808 0.0243942 0.0265467 0.0047295 0.0234132 0.0205837 0.0268211 0.0236606 0.0242220 0.0197720 0.0210608 0.0249204 0.0315757 0.0219107 0.0254110 0.0202472 0.0084101 0.0000000 0.0016866 0.0297898 0.0052048 0.0060619 0.0139306 0.0068697 0.0105948 0.0123135 0.0215800 0.0112510 0.0073815 0.0074744 0.0250052 0.0236072 0.0212131 0.0229307 0.0218511 0.0275759 0.0290180 0.0329016 0.0280042 0.0213735 0.0260675 0.0273045 0.0210172 0.0201744 0.0193253 0.0415727 0.0202118 0.0305169 0.0228521 0.0229805 0.0268295 0.1008923 0.0201926 0.0220080 0.0093169 0.0169900 
Mcar_MYH2         0.0251363 0.0148073 0.0110112 0.0304376 0.0289326 0.0204657 0.0203249 0.0239991 0.0246102 0.0239768 0.0266819 0.0263995 0.0312764 0.0249114 0.0214998 0.0194002 0.0206578 0.0187298 0.0231545 0.0387973 0.0260966 0.0206395 0.0228225 0.0243792 0.0234365 0.0231419 0.0280497 0.0030577 0.0263130 0.0222393 0.0215634 0.0191995 0.0214950 0.0197553 0.0468262 0.0340252 0.0379691 0.0225741 0.0221089 0.0179854 0.0072946 0.0016866 0.0000000 0.0285006 0.0041833 0.0071636 0.0167590 0.0214163 0.0045683 0.0164246 0.0221008 0.0089774 0.0051065 0.0045653 0.0339862 0.0176422 0.0189950 0.0236126 0.0191145 0.0276029 0.0260797 0.0420917 0.0431890 0.0298073 0.0229936 0.0270857 0.0231695 0.0211357 0.0212279 0.0432031 0.0179783 0.0285569 0.0304678 0.0246515 0.0287795 0.0791394 0.0193518 0.0233923 0.0126812 0.0137922 
Mden_MYH2         0.0344891 0.0230293 0.0196725 0.0368404 0.0361440 0.0361547 0.0396293 0.0289906 0.0352844 0.0359409 0.0446833 0.0429247 0.0272789 0.0265025 0.0429655 0.0387325 0.0389386 0.0378963 0.0512743 0.0344852 0.0358717 0.0405776 0.0346612 0.0501856 0.0395038 0.0405188 0.0457375 0.0263372 0.0441929 0.0373868 0.0379124 0.0413979 0.0460235 0.0347682 0.0363301 0.0444772 0.0509465 0.0354065 0.0330792 0.0406175 0.0137904 0.0297898 0.0285006 0.0000000 0.0238978 0.0359504 0.0250354 0.0132084 0.0347892 0.0260365 0.0529819 0.0434508 0.0302233 0.0239520 0.0385401 0.0386313 0.0387825 0.0383160 0.0368742 0.0382779 0.0480110 0.0439852 0.0337170 0.0290136 0.0448677 0.0442305 0.0371254 0.0355654 0.0380360 0.0271965 0.0362158 0.0511563 0.0416664 0.0465427 0.0460883 0.1173666 0.0370409 0.0383554 0.0289055 0.0213392 
Meur_MYH2         0.0245614 0.0158737 0.0127837 0.0230445 0.0208159 0.0215335 0.0213448 0.0225866 0.0256634 0.0239456 0.0287050 0.0221215 0.0241886 0.0194374 0.0233225 0.0222288 0.0180023 0.0185710 0.0183878 0.0383639 0.0267501 0.0236046 0.0227099 0.0201043 0.0189178 0.0245218 0.0237851 0.0063334 0.0257213 0.0206884 0.0240466 0.0203378 0.0192786 0.0198753 0.0375261 0.0199432 0.0225388 0.0195483 0.0215871 0.0179164 0.0097094 0.0052048 0.0041833 0.0238978 0.0000000 0.0085661 0.0183819 0.0258258 0.0118685 0.0161657 0.0233830 0.0095791 0.0070842 0.0049928 0.0267092 0.0228984 0.0216581 0.0227807 0.0207355 0.0276314 0.0201403 0.0272337 0.0374465 0.0193818 0.0236608 0.0283627 0.0206231 0.0201741 0.0182677 0.0345707 0.0186226 0.0217909 0.0209044 0.0193090 0.0241574 0.0827700 0.0197425 0.0215317 0.0116759 0.0166992 
Mgin_MYH2         0.0266661 0.0225282 0.0178488 0.0253678 0.0235325 0.0234879 0.0243167 0.0259298 0.0260248 0.0251299 0.0303632 0.0235025 0.0336064 0.0234728 0.0245528 0.0240707 0.0236756 0.0235104 0.0211885 0.0435333 0.0251642 0.0283220 0.0246555 0.0250414 0.0273429 0.0250568 0.0307293 0.0093823 0.0263228 0.0270684 0.0281338 0.0261419 0.0234908 0.0243656 0.0453573 0.0250202 0.0250097 0.0252812 0.0276915 0.0221336 0.0113188 0.0060619 0.0071636 0.0359504 0.0085661 0.0000000 0.0263721 0.0298342 0.0125593 0.0217834 0.0286832 0.0179680 0.0135964 0.0117969 0.0243191 0.0244728 0.0235404 0.0268707 0.0243334 0.0286958 0.0242418 0.0348779 0.0487894 0.0234748 0.0250981 0.0304286 0.0250414 0.0243667 0.0234867 0.0556227 0.0226470 0.0235519 0.0219422 0.0185917 0.0299615 0.1054114 0.0234695 0.0256647 0.0161068 0.0202598 
MgraAUS_MYH2      0.0330306 0.0270084 0.0221098 0.0315445 0.0278953 0.0326317 0.0374864 0.0330598 0.0360740 0.0360021 0.0444571 0.0308286 0.0327657 0.0380585 0.0314061 0.0283176 0.0293360 0.0290848 0.0401765 0.0316536 0.0337870 0.0366086 0.0350898 0.0435635 0.0356469 0.0369195 0.0330811 0.0163426 0.0349410 0.0309529 0.0326893 0.0359908 0.0371546 0.0293274 0.0270911 0.0341620 0.0416405 0.0292600 0.0305198 0.0302417 0.0178058 0.0139306 0.0167590 0.0250354 0.0183819 0.0263721 0.0000000 0.0161298 0.0199631 0.0109689 0.0177763 0.0151094 0.0205266 0.0211366 0.0294341 0.0327361 0.0315202 0.0316121 0.0305192 0.0249186 0.0418910 0.0294670 0.0388996 0.0265102 0.0326316 0.0278530 0.0304457 0.0311457 0.0287991 0.0281491 0.0291089 0.0435497 0.0353978 0.0371656 0.0272106 0.1679578 0.0310340 0.0311808 0.0175172 0.0185917 
Mhec_MYH2         0.0327972 0.0230908 0.0251505 0.0227481 0.0322547 0.0340899 0.0344451 0.0326511 0.0374268 0.0336364 0.0414509 0.0299638 0.0374034 0.0224038 0.0341714 0.0330027 0.0346301 0.0349080 0.0462399 0.0368988 0.0381246 0.0247573 0.0368486 0.0457287 0.0191481 0.0359576 0.0514242 0.0240275 0.0226184 0.0215973 0.0379961 0.0392265 0.0405567 0.0340990 0.0362601 0.0391575 0.0406472 0.0321553 0.0387294 0.0353254 0.0177471 0.0068697 0.0214163 0.0132084 0.0258258 0.0298342 0.0161298 0.0000000 0.0235521 0.0064504 0.0268874 0.0374394 0.0135548 0.0284363 0.0358931 0.0300049 0.0207749 0.0225125 0.0358719 0.0274780 0.0454094 0.0468340 0.0433727 0.0254092 0.0350997 0.0229490 0.0358528 0.0231541 0.0164679 0.0415727 0.0338292 0.0388288 0.0398941 0.0495524 0.0396152 0.0986729 0.0331839 0.0218693 0.0280673 0.0276553 
