84
Bacu_OTOF         0.0000000 0.0455287 0.0369471 0.0056181 0.0077309 0.0090682 0.0228734 0.0069492 0.0159921 0.0064030 0.0063100 0.0445605 0.0289231 0.0138975 0.0285183 0.0427577 0.0277342 0.0282950 0.0248920 0.0112221 0.0124789 0.0140976 0.0082678 0.0304693 0.0281253 0.0292741 0.0278654 0.0248023 0.0273471 0.0369377 0.0482482 0.0364552 0.0280668 0.0274201 0.0373277 0.0267137 0.0272655 0.0257446 0.0426619 0.0281031 0.0293615 0.0313504 0.0451675 0.0714980 0.1029939 0.0330517 0.0488290 0.0428197 0.0438290 0.0503173 0.0252840 0.0742504 0.0520490 0.0589001 0.0259180 0.0259000 0.0424279 0.0412156 0.0251750 0.0266341 0.0289138 0.0252345 0.0297868 0.0234666 0.0292341 0.0504251 0.0249408 0.0263296 0.0277000 0.0291862 0.0287182 0.0302370 0.0275439 0.0368497 0.0286000 0.0279952 0.0275662 0.0282237 0.0266827 0.0269953 0.0246974 0.0449228 0.0268629 0.0279044 
Barn_OTOF         0.0455287 0.0000000 0.0127465 0.0273635 0.0524384 0.0449061 0.0472017 0.0475619 0.0551232 0.0454195 0.0468342 0.0223411 0.0534741 0.0514707 0.0491169 0.0515880 0.0340106 0.0504150 0.0460961 0.0391629 0.0505027 0.0537379 0.0376216 0.0613301 0.0612108 0.0548998 0.0508300 0.0313726 0.0294101 0.0492409 0.0320652 0.0515530 0.0610249 0.0312463 0.0431283 0.0491206 0.0516926 0.0462544 0.0329860 0.0327490 0.0526112 0.0262947 0.0327855 0.0298770 0.0284622 0.0176783 0.0554236 0.0067374 0.0083868 0.0202140 0.0473181 0.0133227 0.0142549 0.0288698 0.0443523 0.0480713 0.0527697 0.0519841 0.0462158 0.0322463 0.0584003 0.0476544 0.0527378 0.0519736 0.0529603 0.0325026 0.0455727 0.0291692 0.0505102 0.0229204 0.0534752 0.0363401 0.0544421 0.0512116 0.0511377 0.0611115 0.0330448 0.0503847 0.0483447 0.0587939 0.0402169 0.0293266 0.0468606 0.0300139 
Bbai76728_OTOF    0.0369471 0.0127465 0.0000000 0.0410246 0.0380497 0.0383955 0.0267168 0.0360009 0.0314683 0.0359637 0.0372673 0.0596083 0.0369449 0.0364423 0.0377869 0.0387713 0.0397223 0.0381735 0.0337369 0.0418004 0.0371856 0.0401730 0.0389921 0.0418811 0.0394640 0.0390685 0.0383188 0.0207714 0.0380877 0.0495927 0.0426513 0.0509186 0.0392865 0.0357812 0.0348925 0.0380659 0.0389226 0.0361998 0.0270244 0.0386105 0.0382733 0.0186405 0.0341446 0.0537200 0.0563516 0.0207982 0.0490499 0.0097433 0.0088277 0.0413717 0.0349159 0.0487798 0.0519603 0.0426573 0.0350273 0.0368864 0.0368653 0.0372117 0.0347460 0.0399029 0.0391727 0.0368396 0.0397611 0.0366629 0.0467054 0.0611436 0.0344107 0.0237047 0.0267796 0.0266335 0.0380955 0.0401596 0.0398277 0.0482340 0.0399209 0.0272473 0.0409202 0.0391222 0.0274758 0.0387127 0.0224016 0.0336215 0.0367957 0.0134286 
BbonAUS_OTOF      0.0056181 0.0273635 0.0410246 0.0000000 0.0071703 0.0084272 0.0241900 0.0071819 0.0186469 0.0065266 0.0080983 0.0225099 0.0220597 0.0143792 0.0260543 0.0258478 0.0257625 0.0269475 0.0233633 0.0124112 0.0131735 0.0142307 0.0084195 0.0281678 0.0267347 0.0284934 0.0260596 0.0259023 0.0252295 0.0425703 0.0240435 0.0360057 0.0267132 0.0232815 0.0370736 0.0245907 0.0255370 0.0240064 0.0257010 0.0255400 0.0277610 0.0313583 0.0540103 0.0607680 0.0932822 0.0238481 0.0553161 0.0417629 0.0250855 0.0439891 0.0245063 0.0537416 0.0573452 0.0512682 0.0259862 0.0250848 0.0249767 0.0258627 0.0237117 0.0265110 0.0258792 0.0242031 0.0262491 0.0253875 0.0251778 0.0438418 0.0253906 0.0238450 0.0266172 0.0246661 0.0262459 0.0263549 0.0265606 0.0366853 0.0267356 0.0264886 0.0247647 0.0265568 0.0253496 0.0252702 0.0236440 0.0540453 0.0254037 0.0292390 
Bbor_OTOF         0.0077309 0.0524384 0.0380497 0.0071703 0.0000000 0.0037474 0.0053574 0.0074930 0.0196784 0.0051034 0.0059074 0.0467181 0.0286392 0.0134151 0.0282201 0.0436218 0.0273630 0.0267047 0.0232943 0.0126628 0.0127412 0.0143992 0.0082090 0.0284551 0.0266263 0.0280547 0.0279940 0.0255343 0.0281605 0.0377101 0.0540019 0.0377232 0.0257603 0.0269711 0.0420270 0.0262232 0.0258225 0.0257707 0.0440883 0.0277104 0.0273796 0.0358383 0.0505611 0.0783666 0.1004109 0.0344974 0.0339983 0.0246302 0.0463959 0.0562811 0.0251691 0.0818753 0.0561692 0.0494541 0.0258231 0.0252133 0.0425137 0.0424648 0.0247012 0.0252221 0.0273726 0.0243112 0.0264816 0.0249646 0.0294194 0.0537756 0.0249599 0.0273552 0.0267733 0.0283095 0.0268001 0.0283157 0.0277867 0.0365568 0.0272956 0.0257549 0.0270432 0.0281486 0.0265623 0.0250018 0.0244310 0.0473692 0.0257704 0.0286147 
Bede66737_OTOF    0.0090682 0.0449061 0.0383955 0.0084272 0.0037474 0.0000000 0.0019967 0.0085717 0.0214891 0.0064248 0.0072095 0.0454094 0.0241273 0.0155928 0.0285673 0.0257991 0.0267687 0.0268442 0.0249182 0.0142018 0.0145720 0.0173408 0.0089076 0.0283264 0.0275539 0.0284147 0.0280634 0.0249631 0.0269489 0.0391998 0.0329716 0.0381064 0.0264537 0.0261462 0.0384378 0.0262169 0.0257442 0.0258141 0.0260657 0.0271882 0.0278856 0.0340677 0.0480381 0.0537751 0.0671246 0.0321705 0.0528109 0.0208671 0.0266718 0.0525483 0.0259936 0.0589533 0.0521827 0.0483837 0.0252938 0.0246625 0.0257558 0.0266141 0.0244662 0.0239674 0.0272175 0.0242107 0.0273440 0.0249411 0.0286282 0.0531409 0.0252621 0.0259561 0.0272519 0.0280055 0.0269202 0.0281760 0.0279527 0.0361538 0.0272721 0.0265719 0.0267345 0.0281429 0.0270466 0.0260139 0.0238405 0.0455871 0.0258122 0.0283193 
BedeAUS_OTOF      0.0228734 0.0472017 0.0267168 0.0241900 0.0053574 0.0019967 0.0000000 0.0231611 0.0375690 0.0206760 0.0222512 0.0751932 0.0250383 0.0159742 0.0274695 0.0430383 0.0276672 0.0422970 0.0389987 0.0270628 0.0160408 0.0186282 0.0293589 0.0298038 0.0434228 0.0300915 0.0425929 0.0243434 0.0441355 0.0273345 0.0341158 0.0601485 0.0279886 0.0259826 0.0674876 0.0416332 0.0420446 0.0405861 0.0411461 0.0271558 0.0464799 0.0553767 0.0673769 0.0561280 0.0892053 0.0489898 0.0530109 0.0224659 0.0277924 0.0494549 0.0402725 0.0619720 0.0546842 0.0692762 0.0400454 0.0417744 0.0271732 0.0417130 0.0399687 0.0412589 0.0285389 0.0409852 0.0437492 0.0408648 0.0535079 0.0537282 0.0399875 0.0398097 0.0290462 0.0487390 0.0430852 0.0383960 0.0295734 0.0543092 0.0440529 0.0283119 0.0429974 0.0441303 0.0429650 0.0267638 0.0439711 0.0480657 0.0396670 0.0469114 
Bmus_OTOF         0.0069492 0.0475619 0.0360009 0.0071819 0.0074930 0.0085717 0.0231611 0.0000000 0.0168747 0.0062316 0.0065570 0.0450879 0.0292173 0.0148152 0.0290415 0.0430633 0.0266120 0.0283181 0.0258498 0.0112238 0.0119894 0.0135623 0.0060435 0.0295805 0.0276325 0.0288135 0.0286423 0.0257436 0.0279130 0.0377506 0.0492267 0.0354819 0.0272609 0.0276740 0.0391089 0.0277203 0.0275288 0.0268865 0.0426921 0.0272286 0.0301476 0.0326243 0.0460099 0.0726797 0.1038561 0.0343194 0.0503914 0.0444235 0.0430136 0.0540462 0.0266172 0.0758214 0.0519500 0.0599052 0.0266859 0.0267183 0.0418791 0.0417730 0.0255675 0.0274615 0.0289094 0.0247195 0.0287463 0.0242099 0.0312901 0.0507312 0.0257038 0.0251961 0.0279916 0.0308831 0.0284720 0.0302540 0.0283372 0.0358265 0.0286009 0.0271831 0.0275859 0.0284848 0.0274313 0.0267246 0.0254083 0.0450281 0.0276345 0.0293893 
Bmys_OTOF         0.0159921 0.0551232 0.0314683 0.0186469 0.0196784 0.0214891 0.0375690 0.0168747 0.0000000 0.0159360 0.0174461 0.0478189 0.0291409 0.0195738 0.0313595 0.0303240 0.0306173 0.0309610 0.0270788 0.0086998 0.0085193 0.0096725 0.0194940 0.0335586 0.0305437 0.0311373 0.0288800 0.0303244 0.0312380 0.0280612 0.0365344 0.0406228 0.0304602 0.0297223 0.0441814 0.0292665 0.0301635 0.0264671 0.0322338 0.0303411 0.0330903 0.0387914 0.0563347 0.0646143 0.1009424 0.0418253 0.0569586 0.0557418 0.0350753 0.0671682 0.0275689 0.0677536 0.0667335 0.0706797 0.0276479 0.0280539 0.0294802 0.0305358 0.0260144 0.0324832 0.0302373 0.0285139 0.0322893 0.0266314 0.0261648 0.0373175 0.0269269 0.0303811 0.0306998 0.0387480 0.0305428 0.0332199 0.0300964 0.0409340 0.0310679 0.0295893 0.0330278 0.0315053 0.0294738 0.0286640 0.0317807 0.0506812 0.0281013 0.0334033 
Bphy_OTOF         0.0064030 0.0454195 0.0359637 0.0065266 0.0051034 0.0064248 0.0206760 0.0062316 0.0159360 0.0000000 0.0004863 0.0411121 0.0275683 0.0135902 0.0255207 0.0401401 0.0252511 0.0257966 0.0245532 0.0111701 0.0114081 0.0124055 0.0078126 0.0272571 0.0252206 0.0266841 0.0268117 0.0236471 0.0272092 0.0356463 0.0470590 0.0353791 0.0245833 0.0253194 0.0349971 0.0242422 0.0252258 0.0250327 0.0401580 0.0258470 0.0291881 0.0301619 0.0428751 0.0690726 0.1010687 0.0331751 0.0483034 0.0411597 0.0434249 0.0507383 0.0253330 0.0741947 0.0510896 0.0581759 0.0252204 0.0247571 0.0400549 0.0386266 0.0236947 0.0259369 0.0258732 0.0228662 0.0270117 0.0232600 0.0265946 0.0484369 0.0242242 0.0247638 0.0245484 0.0282481 0.0260784 0.0281282 0.0252431 0.0344934 0.0262930 0.0236404 0.0256987 0.0265066 0.0240672 0.0237799 0.0232229 0.0425481 0.0257925 0.0275601 
Bphy_baits_OTOF   0.0063100 0.0468342 0.0372673 0.0080983 0.0059074 0.0072095 0.0222512 0.0065570 0.0174461 0.0004863 0.0000000 0.0441359 0.0226356 0.0141733 0.0264094 0.0248788 0.0248345 0.0253991 0.0242955 0.0116358 0.0121394 0.0137625 0.0070812 0.0262037 0.0249988 0.0262952 0.0265768 0.0236893 0.0266874 0.0230663 0.0329616 0.0371080 0.0238358 0.0248039 0.0363626 0.0245652 0.0249394 0.0243544 0.0247523 0.0257455 0.0276224 0.0313866 0.0480605 0.0490141 0.0673866 0.0332927 0.0536352 0.0436861 0.0272033 0.0579498 0.0256535 0.0596875 0.0530080 0.0481845 0.0243841 0.0230496 0.0245005 0.0255279 0.0230114 0.0267957 0.0259355 0.0231881 0.0253857 0.0232013 0.0275175 0.0349359 0.0240967 0.0250889 0.0248217 0.0286105 0.0258161 0.0274358 0.0258282 0.0362049 0.0251428 0.0234659 0.0260274 0.0264370 0.0253291 0.0233604 0.0245548 0.0472688 0.0251500 0.0272715 
Ccom40_OTOF       0.0445605 0.0223411 0.0596083 0.0225099 0.0467181 0.0454094 0.0751932 0.0450879 0.0478189 0.0411121 0.0441359 0.0000000 0.0215852 0.0438430 0.0209194 0.0204086 0.0098346 0.0199199 0.0280715 0.0376808 0.0487577 0.0509242 0.0374530 0.0286659 0.0247994 0.0252416 0.0201344 0.0434803 0.0205941 0.0797615 0.0304294 0.0258071 0.0274574 0.0071466 0.0350008 0.0180323 0.0208666 0.0172450 0.0074361 0.0096234 0.0383331 0.0522957 0.0869001 0.0953534 0.1725534 0.0439019 0.0790507 0.0546875 0.0294475 0.0240365 0.0302340 0.0794474 0.0832894 0.0834350 0.0276818 0.0276492 0.0242069 0.0206579 0.0234084 0.0251439 0.0287162 0.0287925 0.0183611 0.0454730 0.0435429 0.0453782 0.0276846 0.0170729 0.0225512 0.0038626 0.0232510 0.0110646 0.0218036 0.0203685 0.0212928 0.0290727 0.0075021 0.0202502 0.0184046 0.0241324 0.0141628 0.0986837 0.0192500 0.0391024 
Chea7320_OTOF     0.0289231 0.0534741 0.0369449 0.0220597 0.0286392 0.0241273 0.0250383 0.0292173 0.0291409 0.0275683 0.0226356 0.0215852 0.0000000 0.0231535 0.0059321 0.0104630 0.0076015 0.0043278 0.0139545 0.0222531 0.0255692 0.0277554 0.0247567 0.0065961 0.0053421 0.0094222 0.0093002 0.0287344 0.0169589 0.0408683 0.0437150 0.0059918 0.0060000 0.0052290 0.0186793 0.0038854 0.0045451 0.0052550 0.0092118 0.0057943 0.0262863 0.0340373 0.0584817 0.0614226 0.0792531 0.0341808 0.0503453 0.0241163 0.0335210 0.0297044 0.0153493 0.0693706 0.0569839 0.0545225 0.0153804 0.0139305 0.0107786 0.0106484 0.0114794 0.0190649 0.0060727 0.0118308 0.0087940 0.0304519 0.0296426 0.0355460 0.0150908 0.0089764 0.0050191 0.0055544 0.0048928 0.0054882 0.0052120 0.0045911 0.0054407 0.0089988 0.0043700 0.0041957 0.0049820 0.0044570 0.0030651 0.0563969 0.0079310 0.0260262 
Cmar59905_OTOF    0.0138975 0.0514707 0.0364423 0.0143792 0.0134151 0.0155928 0.0159742 0.0148152 0.0195738 0.0135902 0.0141733 0.0438430 0.0231535 0.0000000 0.0279276 0.0262444 0.0262134 0.0263377 0.0246189 0.0146791 0.0148758 0.0177279 0.0140544 0.0276700 0.0257628 0.0280433 0.0281973 0.0254306 0.0275290 0.0231887 0.0334342 0.0346406 0.0259025 0.0259555 0.0352156 0.0250332 0.0245452 0.0252193 0.0253781 0.0253460 0.0283317 0.0306579 0.0519552 0.0530901 0.1009290 0.0334726 0.0502629 0.0269669 0.0259513 0.0515097 0.0253574 0.0595595 0.0521405 0.0474616 0.0256361 0.0243062 0.0257995 0.0258540 0.0240287 0.0270756 0.0268742 0.0228785 0.0270166 0.0239361 0.0283358 0.0352310 0.0248959 0.0213470 0.0255720 0.0270587 0.0250251 0.0274481 0.0264000 0.0344996 0.0260251 0.0246249 0.0253258 0.0265747 0.0254020 0.0252405 0.0218647 0.0496223 0.0269087 0.0267552 
Dcap108471_OTOF   0.0285183 0.0491169 0.0377869 0.0260543 0.0282201 0.0285673 0.0274695 0.0290415 0.0313595 0.0255207 0.0264094 0.0209194 0.0059321 0.0279276 0.0000000 0.0026216 0.0013393 0.0028459 0.0142312 0.0266986 0.0289396 0.0302050 0.0279624 0.0070471 0.0055480 0.0060919 0.0063185 0.0287742 0.0166944 0.0433256 0.0361748 0.0210625 0.0080716 0.0058546 0.0205609 0.0032737 0.0046311 0.0056272 0.0047281 0.0047680 0.0243201 0.0365180 0.0517254 0.0530221 0.0782004 0.0347491 0.0507681 0.0261633 0.0281942 0.0511455 0.0156663 0.0608984 0.0548155 0.0633695 0.0142770 0.0131396 0.0062226 0.0056261 0.0086231 0.0198670 0.0066375 0.0145703 0.0038214 0.0296219 0.0356595 0.0353167 0.0140300 0.0100937 0.0034261 0.0028879 0.0056914 0.0055700 0.0051230 0.0144201 0.0042599 0.0046377 0.0024414 0.0037530 0.0045448 0.0039783 0.0031850 0.0510832 0.0040325 0.0298487 
Dcap79929_OTOF    0.0427577 0.0515880 0.0387713 0.0258478 0.0436218 0.0257991 0.0430383 0.0430633 0.0303240 0.0401401 0.0248788 0.0204086 0.0104630 0.0262444 0.0026216 0.0000000 0.0168638 0.0014828 0.0274739 0.0226115 0.0261647 0.0284423 0.0258122 0.0048370 0.0035838 0.0190993 0.0175208 0.0437274 0.0168570 0.0416633 0.0358635 0.0195497 0.0065421 0.0203105 0.0168286 0.0018777 0.0023877 0.0169542 0.0041460 0.0216225 0.0380285 0.0346434 0.0689659 0.0518076 0.0716726 0.0336700 0.0525530 0.0449463 0.0269782 0.0562922 0.0288778 0.0603642 0.0551472 0.0679881 0.0264600 0.0267990 0.0047278 0.0042583 0.0209659 0.0194707 0.0046161 0.0130491 0.0181909 0.0421725 0.0303534 0.0351844 0.0267209 0.0106462 0.0018995 0.0017181 0.0041235 0.0047472 0.0036184 0.0131214 0.0021663 0.0191561 0.0019860 0.0024635 0.0034056 0.0017266 0.0020303 0.0615115 0.0156355 0.0274815 
DdelSJR_OTOF      0.0277342 0.0340106 0.0397223 0.0257625 0.0273630 0.0267687 0.0276672 0.0266120 0.0306173 0.0252511 0.0248345 0.0098346 0.0076015 0.0262134 0.0013393 0.0168638 0.0000000 0.0012932 0.0124811 0.0248288 0.0269701 0.0296447 0.0261070 0.0053055 0.0041020 0.0040593 0.0037492 0.0269806 0.0182032 0.0421443 0.0463169 0.0200459 0.0064241 0.0037792 0.0220033 0.0014581 0.0030336 0.0037438 0.0203974 0.0037166 0.0241307 0.0383656 0.0550009 0.0786820 0.1028543 0.0364228 0.0502638 0.0260459 0.0461700 0.0599239 0.0143300 0.0729576 0.0567994 0.0525484 0.0128035 0.0109532 0.0193738 0.0187627 0.0060290 0.0203288 0.0047454 0.0128449 0.0035211 0.0275027 0.0306289 0.0277236 0.0119901 0.0094093 0.0014273 0.0018302 0.0039822 0.0047915 0.0035397 0.0132938 0.0034511 0.0035268 0.0021540 0.0019427 0.0033977 0.0022124 0.0012224 0.0513454 0.0027374 0.0291519 
Ddeltrop4525_OTOF 0.0282950 0.0504150 0.0381735 0.0269475 0.0267047 0.0268442 0.0422970 0.0283181 0.0309610 0.0257966 0.0253991 0.0199199 0.0043278 0.0263377 0.0028459 0.0014828 0.0012932 0.0000000 0.0132140 0.0253564 0.0271001 0.0295123 0.0259868 0.0053190 0.0037151 0.0043934 0.0042533 0.0267438 0.0176138 0.0401364 0.0361386 0.0184722 0.0065414 0.0054320 0.0165859 0.0026063 0.0033427 0.0042483 0.0049161 0.0046779 0.0231495 0.0316051 0.0482218 0.0514447 0.0671930 0.0351092 0.0485746 0.0461973 0.0283360 0.0526994 0.0145655 0.0598710 0.0548889 0.0468391 0.0123603 0.0111211 0.0045584 0.0043965 0.0074901 0.0194511 0.0049228 0.0131797 0.0034408 0.0278719 0.0329401 0.0333043 0.0121299 0.0099110 0.0022219 0.0027012 0.0042773 0.0051295 0.0041437 0.0120858 0.0033454 0.0039152 0.0023209 0.0026434 0.0042488 0.0030414 0.0022942 0.0480611 0.0029618 0.0264799 
Dleu_OTOF         0.0248920 0.0460961 0.0337369 0.0233633 0.0232943 0.0249182 0.0389987 0.0258498 0.0270788 0.0245532 0.0242955 0.0280715 0.0139545 0.0246189 0.0142312 0.0274739 0.0124811 0.0132140 0.0000000 0.0243396 0.0249169 0.0266041 0.0236661 0.0136960 0.0128862 0.0141230 0.0148859 0.0237844 0.0180526 0.0372526 0.0505583 0.0205363 0.0127811 0.0118656 0.0255033 0.0122239 0.0118070 0.0132594 0.0265515 0.0120854 0.0219466 0.0293420 0.0445575 0.0698977 0.1047396 0.0324148 0.0435998 0.0408883 0.0385333 0.0509349 0.0026823 0.0713608 0.0507302 0.0551511 0.0107891 0.0111178 0.0254915 0.0262217 0.0125533 0.0178546 0.0128898 0.0089191 0.0126567 0.0261172 0.0282548 0.0288595 0.0098989 0.0077300 0.0134944 0.0144537 0.0131625 0.0140343 0.0143865 0.0205012 0.0121707 0.0121155 0.0125257 0.0128952 0.0129012 0.0120424 0.0116255 0.0439396 0.0139660 0.0248828 
EausAUS_OTOF      0.0112221 0.0391629 0.0418004 0.0124112 0.0126628 0.0142018 0.0270628 0.0112238 0.0086998 0.0111701 0.0116358 0.0376808 0.0222531 0.0146791 0.0266986 0.0226115 0.0248288 0.0253564 0.0243396 0.0000000 0.0019180 0.0023381 0.0120558 0.0273714 0.0261642 0.0262045 0.0258159 0.0265882 0.0274201 0.0230346 0.0317670 0.0366767 0.0268899 0.0244894 0.0366348 0.0247700 0.0246768 0.0240967 0.0247199 0.0249924 0.0273422 0.0354879 0.0574368 0.0618312 0.0708075 0.0241054 0.0611195 0.0411807 0.0242220 0.0311457 0.0253480 0.0677985 0.0632516 0.0549395 0.0257241 0.0243031 0.0246469 0.0244238 0.0244224 0.0283426 0.0258582 0.0259066 0.0269903 0.0250259 0.0260058 0.0326355 0.0253550 0.0232470 0.0253999 0.0296185 0.0247910 0.0254321 0.0246569 0.0369086 0.0250870 0.0246246 0.0253680 0.0260771 0.0254960 0.0246632 0.0233590 0.0577286 0.0250766 0.0294373 
Egla13086_OTOF    0.0124789 0.0505027 0.0371856 0.0131735 0.0127412 0.0145720 0.0160408 0.0119894 0.0085193 0.0114081 0.0121394 0.0487577 0.0255692 0.0148758 0.0289396 0.0261647 0.0269701 0.0271001 0.0249169 0.0019180 0.0000000 0.0010321 0.0122652 0.0290868 0.0269355 0.0279334 0.0276225 0.0266503 0.0284951 0.0368186 0.0325515 0.0361388 0.0272822 0.0269762 0.0365792 0.0265379 0.0267863 0.0260212 0.0268526 0.0272722 0.0277668 0.0351093 0.0509925 0.0564316 0.0740111 0.0339426 0.0514730 0.0280144 0.0294537 0.0577188 0.0259616 0.0606809 0.0576094 0.0491218 0.0265574 0.0255337 0.0262850 0.0261145 0.0249834 0.0276839 0.0284001 0.0266058 0.0281865 0.0246690 0.0317316 0.0520218 0.0260146 0.0261906 0.0271103 0.0306927 0.0272170 0.0292046 0.0271901 0.0371333 0.0278456 0.0265546 0.0288675 0.0289493 0.0273887 0.0258371 0.0250470 0.0483321 0.0270420 0.0286870 
Ejap43864_OTOF    0.0140976 0.0537379 0.0401730 0.0142307 0.0143992 0.0173408 0.0186282 0.0135623 0.0096725 0.0124055 0.0137625 0.0509242 0.0277554 0.0177279 0.0302050 0.0284423 0.0296447 0.0295123 0.0266041 0.0023381 0.0010321 0.0000000 0.0130100 0.0316953 0.0289467 0.0298464 0.0295885 0.0295021 0.0308035 0.0399194 0.0365919 0.0396225 0.0289900 0.0297029 0.0414377 0.0279425 0.0293106 0.0275535 0.0295384 0.0293826 0.0297355 0.0377458 0.0585694 0.0595675 0.0853725 0.0377600 0.0580297 0.0290854 0.0288845 0.0637263 0.0274692 0.0663464 0.0632890 0.0538681 0.0298068 0.0289302 0.0286916 0.0283027 0.0272369 0.0300709 0.0295136 0.0300242 0.0297969 0.0268951 0.0314236 0.0554454 0.0292062 0.0293992 0.0283572 0.0317029 0.0287775 0.0311450 0.0294138 0.0410930 0.0300898 0.0274900 0.0312664 0.0309208 0.0291092 0.0273695 0.0258690 0.0565500 0.0286687 0.0321489 
Erob133443_OTOF   0.0082678 0.0376216 0.0389921 0.0084195 0.0082090 0.0089076 0.0293589 0.0060435 0.0194940 0.0078126 0.0070812 0.0374530 0.0247567 0.0140544 0.0279624 0.0258122 0.0261070 0.0259868 0.0236661 0.0120558 0.0122652 0.0130100 0.0000000 0.0267288 0.0270434 0.0252923 0.0280876 0.0266288 0.0254282 0.0454200 0.0363284 0.0237407 0.0237445 0.0258493 0.0377232 0.0258702 0.0261346 0.0261897 0.0272608 0.0264526 0.0276541 0.0358021 0.0536835 0.0602741 0.1075887 0.0367777 0.0626991 0.0441602 0.0282684 0.0592628 0.0248944 0.0707474 0.0605672 0.0527778 0.0249382 0.0248496 0.0254882 0.0265896 0.0240793 0.0247136 0.0268961 0.0232697 0.0285845 0.0260995 0.0245315 0.0544160 0.0243049 0.0258903 0.0264663 0.0280188 0.0269637 0.0293530 0.0232731 0.0256869 0.0238485 0.0252058 0.0249713 0.0267394 0.0235591 0.0244582 0.0235099 0.0523708 0.0270669 0.0286442 
Fatt_OTOF         0.0304693 0.0613301 0.0418811 0.0281678 0.0284551 0.0283264 0.0298038 0.0295805 0.0335586 0.0272571 0.0262037 0.0286659 0.0065961 0.0276700 0.0070471 0.0048370 0.0053055 0.0053190 0.0136960 0.0273714 0.0290868 0.0316953 0.0267288 0.0000000 0.0049468 0.0029625 0.0028711 0.0293789 0.0202854 0.0424937 0.0397932 0.0227649 0.0076930 0.0074917 0.0237483 0.0044301 0.0048457 0.0063284 0.0082584 0.0071598 0.0239365 0.0385918 0.0594367 0.0548622 0.0887689 0.0380208 0.0329755 0.0292387 0.0301834 0.0346775 0.0150907 0.0658948 0.0640198 0.0541985 0.0143003 0.0130691 0.0054603 0.0049798 0.0082217 0.0231313 0.0044074 0.0146076 0.0019524 0.0290256 0.0322429 0.0394484 0.0140152 0.0144518 0.0062432 0.0069361 0.0050317 0.0064436 0.0064449 0.0159535 0.0059447 0.0053489 0.0065599 0.0059231 0.0058817 0.0047162 0.0056952 0.0546349 0.0049922 0.0306116 
Ggri_OTOF         0.0281253 0.0612108 0.0394640 0.0267347 0.0266263 0.0275539 0.0434228 0.0276325 0.0305437 0.0252206 0.0249988 0.0247994 0.0053421 0.0257628 0.0055480 0.0035838 0.0041020 0.0037151 0.0128862 0.0261642 0.0269355 0.0289467 0.0270434 0.0049468 0.0000000 0.0034984 0.0033744 0.0267756 0.0194774 0.0404700 0.0368865 0.0195447 0.0062116 0.0061067 0.0209201 0.0030527 0.0035123 0.0049697 0.0059895 0.0060164 0.0238740 0.0347317 0.0517440 0.0519434 0.0741993 0.0357086 0.0505057 0.0504621 0.0291357 0.0517542 0.0136094 0.0632054 0.0617532 0.0489330 0.0117359 0.0105404 0.0049684 0.0047166 0.0068120 0.0200337 0.0035780 0.0133962 0.0030014 0.0273997 0.0329750 0.0356257 0.0119696 0.0118655 0.0043884 0.0061128 0.0049075 0.0057305 0.0051451 0.0130986 0.0043231 0.0048052 0.0046354 0.0042447 0.0049494 0.0032625 0.0043733 0.0510510 0.0038255 0.0285973 
Gmac39091_OTOF    0.0292741 0.0548998 0.0390685 0.0284934 0.0280547 0.0284147 0.0300915 0.0288135 0.0311373 0.0266841 0.0262952 0.0252416 0.0094222 0.0280433 0.0060919 0.0190993 0.0040593 0.0043934 0.0141230 0.0262045 0.0279334 0.0298464 0.0252923 0.0029625 0.0034984 0.0000000 0.0004263 0.0274734 0.0193236 0.0409851 0.0571877 0.0205743 0.0070453 0.0062456 0.0221342 0.0041179 0.0041532 0.0054106 0.0219920 0.0057918 0.0252418 0.0365928 0.0519025 0.0748219 0.0960838 0.0382324 0.0502947 0.0287342 0.0455252 0.0597433 0.0157303 0.0821194 0.0577071 0.0661597 0.0134990 0.0108312 0.0177135 0.0183112 0.0071774 0.0209464 0.0036529 0.0146113 0.0010307 0.0301147 0.0345510 0.0363771 0.0130224 0.0115170 0.0052063 0.0066782 0.0038962 0.0055872 0.0057212 0.0137098 0.0046635 0.0038346 0.0053876 0.0046015 0.0050130 0.0033857 0.0049162 0.0488771 0.0043126 0.0301640 
Gmel_OTOF         0.0278654 0.0508300 0.0383188 0.0260596 0.0279940 0.0280634 0.0425929 0.0286423 0.0288800 0.0268117 0.0265768 0.0201344 0.0093002 0.0281973 0.0063185 0.0175208 0.0037492 0.0042533 0.0148859 0.0258159 0.0276225 0.0295885 0.0280876 0.0028711 0.0033744 0.0004263 0.0000000 0.0273946 0.0181165 0.0407123 0.0534461 0.0190903 0.0072939 0.0057329 0.0177269 0.0040008 0.0040245 0.0048981 0.0196049 0.0054436 0.0252728 0.0317278 0.0485248 0.0733736 0.1093066 0.0357532 0.0483350 0.0463375 0.0438986 0.0532615 0.0156123 0.0779671 0.0565496 0.0597779 0.0147563 0.0132658 0.0171546 0.0167739 0.0078398 0.0207700 0.0037025 0.0138402 0.0013650 0.0295047 0.0338604 0.0337057 0.0142018 0.0112200 0.0050605 0.0059839 0.0041590 0.0051679 0.0055568 0.0124454 0.0045452 0.0043626 0.0047851 0.0042149 0.0054718 0.0038568 0.0044622 0.0475653 0.0042117 0.0291865 
Hamp_OTOF         0.0248023 0.0313726 0.0207714 0.0259023 0.0255343 0.0249631 0.0243434 0.0257436 0.0303244 0.0236471 0.0236893 0.0434803 0.0287344 0.0254306 0.0287742 0.0437274 0.0269806 0.0267438 0.0237844 0.0265882 0.0266503 0.0295021 0.0266288 0.0293789 0.0267756 0.0274734 0.0273946 0.0000000 0.0240898 0.0394066 0.0510506 0.0363090 0.0265407 0.0267040 0.0213550 0.0257198 0.0267935 0.0253692 0.0429206 0.0265487 0.0292978 0.0066100 0.0111351 0.0271438 0.0452540 0.0187193 0.0259128 0.0080373 0.0285627 0.0344600 0.0242901 0.0332529 0.0085828 0.0087115 0.0246528 0.0250397 0.0414486 0.0412200 0.0239025 0.0265619 0.0273060 0.0235352 0.0279607 0.0263222 0.0339022 0.0537469 0.0233666 0.0218481 0.0260477 0.0268891 0.0274412 0.0292557 0.0274962 0.0353084 0.0271338 0.0257468 0.0270894 0.0272517 0.0258853 0.0263806 0.0213201 0.0102103 0.0256082 0.0142130 
Igeo_OTOF         0.0273471 0.0294101 0.0380877 0.0252295 0.0281605 0.0269489 0.0441355 0.0279130 0.0312380 0.0272092 0.0266874 0.0205941 0.0169589 0.0275290 0.0166944 0.0168570 0.0182032 0.0176138 0.0180526 0.0274201 0.0284951 0.0308035 0.0254282 0.0202854 0.0194774 0.0193236 0.0181165 0.0240898 0.0000000 0.0444416 0.0272993 0.0289008 0.0184834 0.0170888 0.0318428 0.0166757 0.0180661 0.0167674 0.0174755 0.0180512 0.0190733 0.0340995 0.0514441 0.0572437 0.0965024 0.0319683 0.0546143 0.0421672 0.0255018 0.0554592 0.0191014 0.0525825 0.0574409 0.0496918 0.0175980 0.0171576 0.0169955 0.0178172 0.0154643 0.0147635 0.0196031 0.0173651 0.0186119 0.0278917 0.0320138 0.0346981 0.0175827 0.0167776 0.0178858 0.0199162 0.0187303 0.0175861 0.0175305 0.0288610 0.0171796 0.0193677 0.0157500 0.0180713 0.0173204 0.0176165 0.0183047 0.0510559 0.0172836 0.0270999 
Kbre_OTOF         0.0369377 0.0492409 0.0495927 0.0425703 0.0377101 0.0391998 0.0273345 0.0377506 0.0280612 0.0356463 0.0230663 0.0797615 0.0408683 0.0231887 0.0433256 0.0416633 0.0421443 0.0401364 0.0372526 0.0230346 0.0368186 0.0399194 0.0454200 0.0424937 0.0404700 0.0409851 0.0407123 0.0394066 0.0444416 0.0000000 0.0319225 0.0553222 0.0406079 0.0421439 0.0416344 0.0398593 0.0401950 0.0391318 0.0441631 0.0415366 0.0415678 0.0544011 0.0704008 0.0680620 0.0822142 0.0366196 0.0690275 0.0250073 0.0417873 0.0569943 0.0387644 0.0764202 0.0752708 0.0630484 0.0391431 0.0406495 0.0401872 0.0407140 0.0382459 0.0415504 0.0403544 0.0414136 0.0411461 0.0264607 0.0176605 0.0345314 0.0385102 0.0488292 0.0426396 0.0299850 0.0397143 0.0455782 0.0420846 0.0522679 0.0417192 0.0409662 0.0457002 0.0414911 0.0431221 0.0392748 0.0271312 0.0700702 0.0400158 0.0480056 
Ksim_OTOF         0.0482482 0.0320652 0.0426513 0.0240435 0.0540019 0.0329716 0.0341158 0.0492267 0.0365344 0.0470590 0.0329616 0.0304294 0.0437150 0.0334342 0.0361748 0.0358635 0.0463169 0.0361386 0.0505583 0.0317670 0.0325515 0.0365919 0.0363284 0.0397932 0.0368865 0.0571877 0.0534461 0.0510506 0.0272993 0.0319225 0.0000000 0.0363407 0.0377795 0.0447378 0.0546308 0.0351674 0.0366263 0.0510192 0.0259946 0.0482645 0.0561809 0.0493336 0.0867851 0.0708314 0.1262117 0.0364683 0.0548790 0.0227010 0.0265102 0.0531922 0.0518894 0.0521916 0.0544169 0.0855040 0.0506641 0.0545121 0.0380902 0.0355452 0.0510701 0.0303420 0.0373686 0.0331038 0.0540187 0.0377437 0.0347502 0.0444598 0.0496525 0.0255538 0.0375494 0.0284522 0.0386911 0.0306522 0.0361317 0.0358477 0.0392261 0.0574802 0.0286796 0.0374462 0.0351907 0.0346762 0.0373671 0.0753230 0.0529035 0.0388473 
Lacu_OTOF         0.0364552 0.0515530 0.0509186 0.0360057 0.0377232 0.0381064 0.0601485 0.0354819 0.0406228 0.0353791 0.0371080 0.0258071 0.0059918 0.0346406 0.0210625 0.0195497 0.0200459 0.0184722 0.0205363 0.0366767 0.0361388 0.0396225 0.0237407 0.0227649 0.0195447 0.0205743 0.0190903 0.0363090 0.0289008 0.0553222 0.0363407 0.0000000 0.0192463 0.0197693 0.0221466 0.0181734 0.0183051 0.0169651 0.0212083 0.0200405 0.0278160 0.0317875 0.0684415 0.0709148 0.0813694 0.0474454 0.0671181 0.0703256 0.0256236 0.0532528 0.0226507 0.0788638 0.0606548 0.0588767 0.0197207 0.0191791 0.0187944 0.0194248 0.0154816 0.0330252 0.0214481 0.0094860 0.0204744 0.0359991 0.0442886 0.0497405 0.0202950 0.0087261 0.0209494 0.0109192 0.0181486 0.0213123 0.0199094 0.0071431 0.0197485 0.0206745 0.0067428 0.0190593 0.0196990 0.0183860 0.0075463 0.0681747 0.0187409 0.0346404 
Lalb_OTOF         0.0280668 0.0610249 0.0392865 0.0267132 0.0257603 0.0264537 0.0279886 0.0272609 0.0304602 0.0245833 0.0238358 0.0274574 0.0060000 0.0259025 0.0080716 0.0065421 0.0064241 0.0065414 0.0127811 0.0268899 0.0272822 0.0289900 0.0237445 0.0076930 0.0062116 0.0070453 0.0072939 0.0265407 0.0184834 0.0406079 0.0377795 0.0192463 0.0000000 0.0069118 0.0236047 0.0061088 0.0067397 0.0058007 0.0067767 0.0069112 0.0224266 0.0355773 0.0530406 0.0504954 0.0896326 0.0375173 0.0503215 0.0270247 0.0287482 0.0621040 0.0140588 0.0608155 0.0591262 0.0669410 0.0123161 0.0110620 0.0068267 0.0064645 0.0067796 0.0217080 0.0070582 0.0134930 0.0061222 0.0278500 0.0309175 0.0365512 0.0123093 0.0128146 0.0064402 0.0079453 0.0067690 0.0081368 0.0077780 0.0165315 0.0072108 0.0062079 0.0079731 0.0068355 0.0059052 0.0055021 0.0073468 0.0517752 0.0060500 0.0288830 
Laus_OTOF         0.0274201 0.0312463 0.0357812 0.0232815 0.0269711 0.0261462 0.0259826 0.0276740 0.0297223 0.0253194 0.0248039 0.0071466 0.0052290 0.0259555 0.0058546 0.0203105 0.0037792 0.0054320 0.0118656 0.0244894 0.0269762 0.0297029 0.0258493 0.0074917 0.0061067 0.0062456 0.0057329 0.0267040 0.0170888 0.0421439 0.0447378 0.0197693 0.0069118 0.0000000 0.0197683 0.0047954 0.0053620 0.0026038 0.0180370 0.0022402 0.0234193 0.0351169 0.0539823 0.0778049 0.1300492 0.0345578 0.0489979 0.0236389 0.0444950 0.0286555 0.0131176 0.0703791 0.0565555 0.0503548 0.0131687 0.0114371 0.0195203 0.0197684 0.0076688 0.0198510 0.0065891 0.0119759 0.0046292 0.0277619 0.0315380 0.0264168 0.0123958 0.0077247 0.0055867 0.0057296 0.0057947 0.0054646 0.0065064 0.0153681 0.0064275 0.0061329 0.0042207 0.0052949 0.0061827 0.0050751 0.0037767 0.0513093 0.0049978 0.0273778 
Lbor_OTOF         0.0373277 0.0431283 0.0348925 0.0370736 0.0420270 0.0384378 0.0674876 0.0391089 0.0441814 0.0349971 0.0363626 0.0350008 0.0186793 0.0352156 0.0205609 0.0168286 0.0220033 0.0165859 0.0255033 0.0366348 0.0365792 0.0414377 0.0377232 0.0237483 0.0209201 0.0221342 0.0177269 0.0213550 0.0318428 0.0416344 0.0546308 0.0221466 0.0236047 0.0197683 0.0000000 0.0167136 0.0186175 0.0140128 0.0172496 0.0138787 0.0352212 0.0191708 0.0202344 0.0205220 0.0486662 0.0498540 0.0731843 0.0479761 0.0407735 0.0456827 0.0259594 0.0348054 0.0212974 0.0175757 0.0222149 0.0092941 0.0213661 0.0179163 0.0197435 0.0327211 0.0241183 0.0216215 0.0229965 0.0408257 0.0267423 0.0394929 0.0213585 0.0259285 0.0183839 0.0151997 0.0201214 0.0196677 0.0182354 0.0173041 0.0180301 0.0234551 0.0168076 0.0177268 0.0171701 0.0207124 0.0169131 0.0186458 0.0156145 0.0347700 
Lhos30470_OTOF    0.0267137 0.0491206 0.0380659 0.0245907 0.0262232 0.0262169 0.0416332 0.0277203 0.0292665 0.0242422 0.0245652 0.0180323 0.0038854 0.0250332 0.0032737 0.0018777 0.0014581 0.0026063 0.0122239 0.0247700 0.0265379 0.0279425 0.0258702 0.0044301 0.0030527 0.0041179 0.0040008 0.0257198 0.0166757 0.0398593 0.0351674 0.0181734 0.0061088 0.0047954 0.0167136 0.0000000 0.0017990 0.0039958 0.0042792 0.0040113 0.0228089 0.0305352 0.0507405 0.0509936 0.0911905 0.0333660 0.0496514 0.0440698 0.0265007 0.0289750 0.0131621 0.0608520 0.0563062 0.0468188 0.0120190 0.0106361 0.0039697 0.0043102 0.0069373 0.0202269 0.0040577 0.0116081 0.0022102 0.0265055 0.0303033 0.0344536 0.0120175 0.0096355 0.0026056 0.0042618 0.0034397 0.0043997 0.0033204 0.0116878 0.0022994 0.0028409 0.0024337 0.0025146 0.0034406 0.0018253 0.0022280 0.0495916 0.0024305 0.0264523 
Lhos452_OTOF      0.0272655 0.0516926 0.0389226 0.0255370 0.0258225 0.0257442 0.0420446 0.0275288 0.0301635 0.0252258 0.0249394 0.0208666 0.0045451 0.0245452 0.0046311 0.0023877 0.0030336 0.0033427 0.0118070 0.0246768 0.0267863 0.0293106 0.0261346 0.0048457 0.0035123 0.0041532 0.0040245 0.0267935 0.0180661 0.0401950 0.0366263 0.0183051 0.0067397 0.0053620 0.0186175 0.0017990 0.0000000 0.0042589 0.0048912 0.0051982 0.0235434 0.0331134 0.0502670 0.0537279 0.0720094 0.0343945 0.0488231 0.0460273 0.0272038 0.0562846 0.0133044 0.0592984 0.0573931 0.0478555 0.0115870 0.0103101 0.0046835 0.0039412 0.0066685 0.0196235 0.0046414 0.0127674 0.0031265 0.0267557 0.0295979 0.0337642 0.0118321 0.0110257 0.0033451 0.0031350 0.0036768 0.0047606 0.0037342 0.0115193 0.0024816 0.0033303 0.0031103 0.0030946 0.0034817 0.0013121 0.0014297 0.0494144 0.0021187 0.0263788 
Lobl_OTOF         0.0257446 0.0462544 0.0361998 0.0240064 0.0257707 0.0258141 0.0405861 0.0268865 0.0264671 0.0250327 0.0243544 0.0172450 0.0052550 0.0252193 0.0056272 0.0169542 0.0037438 0.0042483 0.0132594 0.0240967 0.0260212 0.0275535 0.0261897 0.0063284 0.0049697 0.0054106 0.0048981 0.0253692 0.0167674 0.0391318 0.0510192 0.0169651 0.0058007 0.0026038 0.0140128 0.0039958 0.0042589 0.0000000 0.0151722 0.0025715 0.0235328 0.0294145 0.0463826 0.0690679 0.1034265 0.0340858 0.0465593 0.0421948 0.0420413 0.0510830 0.0139784 0.0755317 0.0535380 0.0579261 0.0131255 0.0119076 0.0173734 0.0169709 0.0079996 0.0189146 0.0049544 0.0112229 0.0043612 0.0273592 0.0306438 0.0318275 0.0125778 0.0101459 0.0045681 0.0052272 0.0050359 0.0056516 0.0050784 0.0131391 0.0052693 0.0046092 0.0042713 0.0044488 0.0054669 0.0040956 0.0031735 0.0464400 0.0043777 0.0264051 
Lobs_OTOF         0.0426619 0.0329860 0.0270244 0.0257010 0.0440883 0.0260657 0.0411461 0.0426921 0.0322338 0.0401580 0.0247523 0.0074361 0.0092118 0.0253781 0.0047281 0.0041460 0.0203974 0.0049161 0.0265515 0.0247199 0.0268526 0.0295384 0.0272608 0.0082584 0.0059895 0.0219920 0.0196049 0.0429206 0.0174755 0.0441631 0.0259946 0.0212083 0.0067767 0.0180370 0.0172496 0.0042792 0.0048912 0.0151722 0.0000000 0.0209508 0.0422948 0.0361314 0.0686672 0.0552415 0.0671673 0.0353283 0.0518460 0.0444364 0.0287920 0.0556246 0.0277177 0.0528414 0.0568899 0.0711124 0.0249299 0.0263798 0.0057800 0.0053224 0.0220602 0.0188976 0.0064167 0.0115063 0.0208909 0.0430696 0.0327848 0.0262519 0.0251980 0.0106802 0.0047970 0.0051340 0.0052545 0.0055492 0.0062587 0.0159882 0.0053767 0.0213406 0.0048016 0.0046840 0.0058578 0.0049211 0.0035884 0.0618651 0.0178967 0.0272269 
LperAUS_OTOF      0.0281031 0.0327490 0.0386105 0.0255400 0.0277104 0.0271882 0.0271558 0.0272286 0.0303411 0.0258470 0.0257455 0.0096234 0.0057943 0.0253460 0.0047680 0.0216225 0.0037166 0.0046779 0.0120854 0.0249924 0.0272722 0.0293826 0.0264526 0.0071598 0.0060164 0.0057918 0.0054436 0.0265487 0.0180512 0.0415366 0.0482645 0.0200405 0.0069112 0.0022402 0.0138787 0.0040113 0.0051982 0.0025715 0.0209508 0.0000000 0.0212252 0.0322766 0.0514838 0.0780381 0.0981626 0.0358602 0.0528607 0.0240983 0.0425522 0.0308484 0.0137151 0.0720787 0.0543063 0.0674007 0.0118619 0.0098196 0.0207677 0.0204028 0.0075437 0.0194953 0.0059562 0.0114019 0.0050854 0.0278880 0.0310272 0.0272086 0.0112996 0.0095217 0.0052325 0.0061881 0.0054584 0.0064316 0.0064911 0.0159871 0.0059760 0.0056930 0.0056624 0.0042197 0.0064781 0.0047458 0.0041692 0.0499930 0.0054298 0.0290881 
Lvex_OTOF         0.0293615 0.0526112 0.0382733 0.0277610 0.0273796 0.0278856 0.0464799 0.0301476 0.0330903 0.0291881 0.0276224 0.0383331 0.0262863 0.0283317 0.0243201 0.0380285 0.0241307 0.0231495 0.0219466 0.0273422 0.0277668 0.0297355 0.0276541 0.0239365 0.0238740 0.0252418 0.0252728 0.0292978 0.0190733 0.0415678 0.0561809 0.0278160 0.0224266 0.0234193 0.0352212 0.0228089 0.0235434 0.0235328 0.0422948 0.0212252 0.0000000 0.0347229 0.0509828 0.0771998 0.1189502 0.0385514 0.0511748 0.0484240 0.0444112 0.0565497 0.0227052 0.0776848 0.0572480 0.0594853 0.0233270 0.0228459 0.0352551 0.0369809 0.0220448 0.0206807 0.0230164 0.0214702 0.0250972 0.0311762 0.0351442 0.0434544 0.0225506 0.0197860 0.0250687 0.0268226 0.0223651 0.0246649 0.0232139 0.0320115 0.0222030 0.0250045 0.0231362 0.0230292 0.0238034 0.0243072 0.0240031 0.0506635 0.0242775 0.0317580 
Mbid_OTOF         0.0313504 0.0262947 0.0186405 0.0313583 0.0358383 0.0340677 0.0553767 0.0326243 0.0387914 0.0301619 0.0313866 0.0522957 0.0340373 0.0306579 0.0365180 0.0346434 0.0383656 0.0316051 0.0293420 0.0354879 0.0351093 0.0377458 0.0358021 0.0385918 0.0347317 0.0365928 0.0317278 0.0066100 0.0340995 0.0544011 0.0493336 0.0317875 0.0355773 0.0351169 0.0191708 0.0305352 0.0331134 0.0294145 0.0361314 0.0322766 0.0347229 0.0000000 0.0072818 0.0064227 0.0300823 0.0287406 0.0373236 0.0263409 0.0184631 0.0405381 0.0296951 0.0137167 0.0044064 0.0042592 0.0291033 0.0202248 0.0334740 0.0326531 0.0285176 0.0354946 0.0366843 0.0309342 0.0369140 0.0336061 0.0242717 0.0647758 0.0275095 0.0354029 0.0342300 0.0329462 0.0335843 0.0377384 0.0346663 0.0315444 0.0335268 0.0365728 0.0354126 0.0327927 0.0327141 0.0353788 0.0336367 0.0093410 0.0297255 0.0203012 
Mbow_OTOF         0.0451675 0.0327855 0.0341446 0.0540103 0.0505611 0.0480381 0.0673769 0.0460099 0.0563347 0.0428751 0.0480605 0.0869001 0.0584817 0.0519552 0.0517254 0.0689659 0.0550009 0.0482218 0.0445575 0.0574368 0.0509925 0.0585694 0.0536835 0.0594367 0.0517440 0.0519025 0.0485248 0.0111351 0.0514441 0.0704008 0.0867851 0.0684415 0.0530406 0.0539823 0.0202344 0.0507405 0.0502670 0.0463826 0.0686672 0.0514838 0.0509828 0.0072818 0.0000000 0.0212762 0.0273234 0.0451260 0.0395461 0.0269924 0.0575009 0.0770086 0.0457354 0.0318258 0.0072120 0.0204279 0.0454071 0.0296576 0.0715944 0.0683843 0.0452366 0.0481240 0.0566518 0.0499240 0.0537992 0.0473836 0.0335393 0.0825160 0.0441514 0.0587970 0.0526723 0.0601061 0.0513752 0.0550345 0.0523740 0.0611522 0.0515119 0.0547489 0.0524757 0.0530567 0.0488581 0.0552710 0.0541352 0.0113549 0.0458044 0.0342310 
Mcar_OTOF         0.0714980 0.0298770 0.0537200 0.0607680 0.0783666 0.0537751 0.0561280 0.0726797 0.0646143 0.0690726 0.0490141 0.0953534 0.0614226 0.0530901 0.0530221 0.0518076 0.0786820 0.0514447 0.0698977 0.0618312 0.0564316 0.0595675 0.0602741 0.0548622 0.0519434 0.0748219 0.0733736 0.0271438 0.0572437 0.0680620 0.0708314 0.0709148 0.0504954 0.0778049 0.0205220 0.0509936 0.0537279 0.0690679 0.0552415 0.0780381 0.0771998 0.0064227 0.0212762 0.0000000 0.0192238 0.0518967 0.0396445 0.0083822 0.0421729 0.0588001 0.0703681 0.0138751 0.0062812 0.0232399 0.0691593 0.0503562 0.0519037 0.0498324 0.0682783 0.0562164 0.0548904 0.0514852 0.0776258 0.0716942 0.0289288 0.0850824 0.0690764 0.0744646 0.0521219 0.0656638 0.0525010 0.0586909 0.0523594 0.0662402 0.0551044 0.0761211 0.0563861 0.0557488 0.0526360 0.0509883 0.0574819 0.0212901 0.0710594 0.0397564 
Mden_OTOF         0.1029939 0.0284622 0.0563516 0.0932822 0.1004109 0.0671246 0.0892053 0.1038561 0.1009424 0.1010687 0.0673866 0.1725534 0.0792531 0.1009290 0.0782004 0.0716726 0.1028543 0.0671930 0.1047396 0.0708075 0.0740111 0.0853725 0.1075887 0.0887689 0.0741993 0.0960838 0.1093066 0.0452540 0.0965024 0.0822142 0.1262117 0.0813694 0.0896326 0.1300492 0.0486662 0.0911905 0.0720094 0.1034265 0.0671673 0.0981626 0.1189502 0.0300823 0.0273234 0.0192238 0.0000000 0.0601322 0.0750236 0.0560858 0.0587050 0.1045833 0.1036458 0.0280009 0.0169369 0.0473508 0.1031771 0.0785644 0.0744692 0.0903552 0.1028155 0.0852680 0.0854215 0.0908527 0.1097388 0.1047147 0.0349831 0.0990207 0.1024219 0.0963075 0.0699592 0.1052781 0.0731443 0.0724426 0.1062226 0.0709886 0.0741272 0.0981440 0.1004639 0.0945954 0.0873143 0.0836164 0.0871661 0.0130725 0.1035100 0.0521863 
Meur_OTOF         0.0330517 0.0176783 0.0207982 0.0238481 0.0344974 0.0321705 0.0489898 0.0343194 0.0418253 0.0331751 0.0332927 0.0439019 0.0341808 0.0334726 0.0347491 0.0336700 0.0364228 0.0351092 0.0324148 0.0241054 0.0339426 0.0377600 0.0367777 0.0380208 0.0357086 0.0382324 0.0357532 0.0187193 0.0319683 0.0366196 0.0364683 0.0474454 0.0375173 0.0345578 0.0498540 0.0333660 0.0343945 0.0340858 0.0353283 0.0358602 0.0385514 0.0287406 0.0451260 0.0518967 0.0601322 0.0000000 0.0472026 0.0405837 0.0199264 0.0435360 0.0333699 0.0443181 0.0519463 0.0424588 0.0328695 0.0336531 0.0339647 0.0345308 0.0325731 0.0243156 0.0365133 0.0338956 0.0366811 0.0368729 0.0501961 0.0347060 0.0324986 0.0354521 0.0356135 0.0408210 0.0347560 0.0362622 0.0370305 0.0456506 0.0353407 0.0378502 0.0346723 0.0357555 0.0346070 0.0363940 0.0329906 0.0343380 0.0331679 0.0251812 
