29
Bbon       0.0000000 0.0220507 0.0697918 0.0673229 0.0430692 0.0254893 0.0784214 0.0767529 0.0800098 0.0729262 0.0714156 0.0705295 0.0721103 0.0889515 0.0797783 0.0763643 0.0758087 0.0791738 0.0807814 0.0796286 0.0795660 0.0794377 0.0845107 0.0778907 0.0720819 0.0815855 0.0818954 0.0725086 0.0884679 
Bmus       0.0220507 0.0000000 0.1224958 0.0766100 0.0446307 0.0190906 0.0803400 0.0872913 0.0769249 0.0856266 0.0843899 0.0812687 0.0787317 0.0918935 0.0837851 0.0806997 0.0827006 0.0860967 0.0832036 0.0884838 0.0773405 0.1000353 0.1006032 0.0816339 0.0778873 0.0878272 0.0846388 0.0787590 0.0905657 
Ccom       0.0697918 0.1224958 0.0000000 0.0434633 0.1130255 0.0972706 0.1117351 0.0631070 0.1301226 0.1003413 0.0223688 0.0307991 0.0918729 0.1021654 0.0667490 0.0630719 0.0505220 0.0441484 0.0631666 0.0655129 0.1235462 0.1119595 0.0648554 0.0668603 0.0518382 0.0469693 0.0653765 0.0220197 0.0971862 
Chea       0.0673229 0.0766100 0.0434633 0.0000000 0.0674598 0.0770071 0.0738082 0.0509096 0.0803628 0.0911878 0.0049534 0.0108273 0.0719740 0.0797197 0.0339809 0.0293189 0.0134591 0.0128149 0.0568758 0.0170160 0.0809675 0.0942933 0.0472370 0.0339792 0.0268695 0.0156901 0.0159190 0.0093508 0.0785232 
Cmar       0.0430692 0.0446307 0.1130255 0.0674598 0.0000000 0.0435509 0.0780038 0.0834630 0.0704400 0.0835124 0.0763434 0.0664946 0.0775560 0.0869821 0.0768214 0.0689728 0.0753397 0.0788959 0.0813099 0.0806322 0.0719984 0.0879293 0.0920235 0.0744223 0.0644520 0.0804770 0.0751090 0.0680544 0.0822994 
Erob       0.0254893 0.0190906 0.0972706 0.0770071 0.0435509 0.0000000 0.0816382 0.0778129 0.0847025 0.0967039 0.0802110 0.0753177 0.0797355 0.0976415 0.0775817 0.0735313 0.0787344 0.0824339 0.0753484 0.0839586 0.0799051 0.0769623 0.0956150 0.0756222 0.0799243 0.0721953 0.0793827 0.0729063 0.0899032 
Hamp       0.0784214 0.0803400 0.1117351 0.0738082 0.0780038 0.0816382 0.0000000 0.0724854 0.0796267 0.0848792 0.0808527 0.0650869 0.0330494 0.0334844 0.0743537 0.0742180 0.0771579 0.0795498 0.0792661 0.0821709 0.0798152 0.1064573 0.1000497 0.0719476 0.0661018 0.0829501 0.0773379 0.0652511 0.0441517 
Igeo       0.0767529 0.0872913 0.0631070 0.0509096 0.0834630 0.0778129 0.0724854 0.0000000 0.0899944 0.0822701 0.0516731 0.0542523 0.0713293 0.0892947 0.0533241 0.0517374 0.0508971 0.0539744 0.0440941 0.0591862 0.0860171 0.1007639 0.0621766 0.0533327 0.0501051 0.0528477 0.0589276 0.0557737 0.0815954 
Kbre       0.0800098 0.0769249 0.1301226 0.0803628 0.0704400 0.0847025 0.0796267 0.0899944 0.0000000 0.0328918 0.0852262 0.0766144 0.0821662 0.0935295 0.0820964 0.0835980 0.0833279 0.0838416 0.0797184 0.0834694 0.0444544 0.0554220 0.0906350 0.0802970 0.0855248 0.0880504 0.0838931 0.0831670 0.0930593 
Ksim       0.0729262 0.0856266 0.1003413 0.0911878 0.0835124 0.0967039 0.0848792 0.0822701 0.0328918 0.0000000 0.0757533 0.0974103 0.0794157 0.0883678 0.0905071 0.0924293 0.0966381 0.0942248 0.0811783 0.1004127 0.0541549 0.0885410 0.0818959 0.0867249 0.0782062 0.0958322 0.0972539 0.0951055 0.1005663 
Laus       0.0714156 0.0843899 0.0223688 0.0049534 0.0763434 0.0802110 0.0808527 0.0516731 0.0852262 0.0757533 0.0000000 0.0151114 0.0751083 0.0822944 0.0374500 0.0334062 0.0167418 0.0160245 0.0602309 0.0198917 0.0824673 0.1007178 0.0376473 0.0366829 0.0234288 0.0195992 0.0184455 0.0115183 0.0830816 
Lbor       0.0705295 0.0812687 0.0307991 0.0108273 0.0664946 0.0753177 0.0650869 0.0542523 0.0766144 0.0974103 0.0151114 0.0000000 0.0649437 0.0689219 0.0307320 0.0263989 0.0206550 0.0183282 0.0580637 0.0199298 0.0834250 0.0884673 0.0474249 0.0282360 0.0292262 0.0151263 0.0180657 0.0130616 0.0756747 
Meur       0.0721103 0.0787317 0.0918729 0.0719740 0.0775560 0.0797355 0.0330494 0.0713293 0.0821662 0.0794157 0.0751083 0.0649437 0.0000000 0.0339866 0.0759014 0.0714986 0.0738822 0.0796380 0.0727504 0.0798899 0.0871821 0.1192201 0.0763466 0.0748060 0.0691436 0.0850197 0.0837200 0.0684150 0.0501488 
Mgin       0.0889515 0.0918935 0.1021654 0.0797197 0.0869821 0.0976415 0.0334844 0.0892947 0.0935295 0.0883678 0.0822944 0.0689219 0.0339866 0.0000000 0.0832389 0.0782552 0.0815334 0.0841952 0.0877667 0.0811795 0.0912180 0.1008130 0.0890725 0.0795483 0.0853235 0.0879787 0.0828198 0.0807638 0.0544370 
Naasi      0.0797783 0.0837851 0.0667490 0.0339809 0.0768214 0.0775817 0.0743537 0.0533241 0.0820964 0.0905071 0.0374500 0.0307320 0.0759014 0.0832389 0.0000000 0.0033338 0.0342447 0.0372563 0.0558996 0.0403859 0.0807503 0.0990394 0.0192432 0.0055323 0.0072586 0.0399182 0.0352951 0.0316215 0.0776401 
Npho       0.0763643 0.0806997 0.0630719 0.0293189 0.0689728 0.0735313 0.0742180 0.0517374 0.0835980 0.0924293 0.0334062 0.0263989 0.0714986 0.0782552 0.0033338 0.0000000 0.0302089 0.0322853 0.0530900 0.0363882 0.0805879 0.0986848 0.0252071 0.0093967 0.0090982 0.0357233 0.0344008 0.0292098 0.0763302 
Obre       0.0758087 0.0827006 0.0505220 0.0134591 0.0753397 0.0787344 0.0771579 0.0508971 0.0833279 0.0966381 0.0167418 0.0206550 0.0738822 0.0815334 0.0342447 0.0302089 0.0000000 0.0053495 0.0569020 0.0138528 0.0823643 0.1055867 0.0523340 0.0350078 0.0317824 0.0167231 0.0158134 0.0141776 0.0824966 
Ohei       0.0791738 0.0860967 0.0441484 0.0128149 0.0788959 0.0824339 0.0795498 0.0539744 0.0838416 0.0942248 0.0160245 0.0183282 0.0796380 0.0841952 0.0372563 0.0322853 0.0053495 0.0000000 0.0629876 0.0125429 0.0835902 0.1068855 0.0518204 0.0365641 0.0301736 0.0161867 0.0122352 0.0136715 0.0827519 
Pbla       0.0807814 0.0832036 0.0631666 0.0568758 0.0813099 0.0753484 0.0792661 0.0440941 0.0797184 0.0811783 0.0602309 0.0580637 0.0727504 0.0877667 0.0558996 0.0530900 0.0569020 0.0629876 0.0000000 0.0641995 0.0788397 0.0754485 0.0700559 0.0558013 0.0553563 0.0668459 0.0633858 0.0632791 0.0815551 
Pcra       0.0796286 0.0884838 0.0655129 0.0170160 0.0806322 0.0839586 0.0821709 0.0591862 0.0834694 0.1004127 0.0198917 0.0199298 0.0798899 0.0811795 0.0403859 0.0363882 0.0138528 0.0125429 0.0641995 0.0000000 0.0861145 0.0983767 0.0565065 0.0395858 0.0374295 0.0170259 0.0144433 0.0123605 0.0863230 
Pcat       0.0795660 0.0773405 0.1235462 0.0809675 0.0719984 0.0799051 0.0798152 0.0860171 0.0444544 0.0541549 0.0824673 0.0834250 0.0871821 0.0912180 0.0807503 0.0805879 0.0823643 0.0835902 0.0788397 0.0861145 0.0000000 0.0204999 0.0954359 0.0786167 0.0807581 0.0865835 0.0833565 0.0884571 0.0798602 
Pmac       0.0794377 0.1000353 0.1119595 0.0942933 0.0879293 0.0769623 0.1064573 0.1007639 0.0554220 0.0885410 0.1007178 0.0884673 0.1192201 0.1008130 0.0990394 0.0986848 0.1055867 0.1068855 0.0754485 0.0983767 0.0204999 0.0000000 0.1041285 0.0978204 0.0975402 0.1010481 0.0971990 0.0904071 0.0824383 
Ppho       0.0845107 0.1006032 0.0648554 0.0472370 0.0920235 0.0956150 0.1000497 0.0621766 0.0906350 0.0818959 0.0376473 0.0474249 0.0763466 0.0890725 0.0192432 0.0252071 0.0523340 0.0518204 0.0700559 0.0565065 0.0954359 0.1041285 0.0000000 0.0175943 0.0132740 0.0557839 0.0509570 0.0439119 0.0994616 
Psin       0.0778907 0.0816339 0.0668603 0.0339792 0.0744223 0.0756222 0.0719476 0.0533327 0.0802970 0.0867249 0.0366829 0.0282360 0.0748060 0.0795483 0.0055323 0.0093967 0.0350078 0.0365641 0.0558013 0.0395858 0.0786167 0.0978204 0.0175943 0.0000000 0.0020670 0.0399108 0.0344964 0.0305804 0.0765693 
Pspi       0.0720819 0.0778873 0.0518382 0.0268695 0.0644520 0.0799243 0.0661018 0.0501051 0.0855248 0.0782062 0.0234288 0.0292262 0.0691436 0.0853235 0.0072586 0.0090982 0.0317824 0.0301736 0.0553563 0.0374295 0.0807581 0.0975402 0.0132740 0.0020670 0.0000000 0.0338891 0.0363110 0.0255101 0.0828736 
Schi       0.0815855 0.0878272 0.0469693 0.0156901 0.0804770 0.0721953 0.0829501 0.0528477 0.0880504 0.0958322 0.0195992 0.0151263 0.0850197 0.0879787 0.0399182 0.0357233 0.0167231 0.0161867 0.0668459 0.0170259 0.0865835 0.1010481 0.0557839 0.0399108 0.0338891 0.0000000 0.0102303 0.0106472 0.0887181 
Sflu       0.0818954 0.0846388 0.0653765 0.0159190 0.0751090 0.0793827 0.0773379 0.0589276 0.0838931 0.0972539 0.0184455 0.0180657 0.0837200 0.0828198 0.0352951 0.0344008 0.0158134 0.0122352 0.0633858 0.0144433 0.0833565 0.0971990 0.0509570 0.0344964 0.0363110 0.0102303 0.0000000 0.0111488 0.0899847 
Tadu       0.0725086 0.0787590 0.0220197 0.0093508 0.0680544 0.0729063 0.0652511 0.0557737 0.0831670 0.0951055 0.0115183 0.0130616 0.0684150 0.0807638 0.0316215 0.0292098 0.0141776 0.0136715 0.0632791 0.0123605 0.0884571 0.0904071 0.0439119 0.0305804 0.0255101 0.0106472 0.0111488 0.0000000 0.0812910 
Zcav       0.0884679 0.0905657 0.0971862 0.0785232 0.0822994 0.0899032 0.0441517 0.0815954 0.0930593 0.1005663 0.0830816 0.0756747 0.0501488 0.0544370 0.0776401 0.0763302 0.0824966 0.0827519 0.0815551 0.0863230 0.0798602 0.0824383 0.0994616 0.0765693 0.0828736 0.0887181 0.0899847 0.0812910 0.0000000 
