Supplemental results for CODEML (seqf: /home/leticiamagpali/phd/evol_models/codeml/small_dataset/cml_align/OTOF_codon_aligned.phy  treef: /home/leticiamagpali/phd/evol_models/codeml/small_dataset/cml_trees/H2_trees/OTOF_tree_H2.tre)

I	J	ij	2Ns_IJ	pMut_IJ	pSub_IJ	2Ns_JI	pMut_JI	pSub_JI

TTC	TTT	CT	-0.13140	0.04862	0.04550	0.13140	0.04264	0.04550
TTA	TTT	AT	6.51355	0.00001	0.00007	-6.51355	0.00681	0.00007
TTA	TTC	AC	6.64494	0.00003	0.00022	-6.64494	0.02500	0.00022
TTG	TTT	GT	1.69597	0.00164	0.00340	-1.69597	0.00892	0.00340
TTG	TTC	GC	1.82736	0.00527	0.01147	-1.82736	0.03275	0.01147
TTG	TTA	GA	-4.81758	0.01245	0.00049	4.81758	0.00010	0.00049
TCT	TTT	CT	1.95067	0.00606	0.01379	-1.95067	0.04264	0.01379
TCC	TTC	CT	1.34211	0.04088	0.07427	-1.34211	0.15645	0.07427
TCC	TCT	CT	-0.73995	0.04088	0.02760	0.73995	0.01951	0.02760
TCA	TTA	CT	-4.11456	0.00766	0.00052	4.11456	0.00013	0.00052
TCA	TCT	AT	0.44832	0.00199	0.00247	-0.44832	0.00312	0.00247
TCA	TCC	AC	1.18827	0.00641	0.01095	-1.18827	0.02102	0.01095
TCG	TTG	CT	1.18106	0.00622	0.01060	-1.18106	0.02026	0.01060
TCG	TCT	GT	0.92636	0.00162	0.00248	-0.92636	0.00408	0.00248
TCG	TCC	GC	1.66632	0.00520	0.01069	-1.66632	0.02753	0.01069
TCG	TCA	GA	0.47805	0.01229	0.01546	-0.47805	0.01983	0.01546
TAT	TTT	AT	1.25086	0.00195	0.00342	-1.25086	0.00681	0.00342
TAT	TCT	AC	-0.69981	0.00628	0.00433	0.69981	0.00312	0.00433
TAC	TTC	AT	0.84756	0.01071	0.01588	-0.84756	0.02500	0.01588
TAC	TCC	AC	-0.49455	0.03446	0.02664	0.49455	0.02102	0.02664
TAC	TAT	CT	-0.53470	0.04119	0.03116	0.53470	0.02413	0.03116
TGT	TTT	GT	2.37685	0.00083	0.00217	-2.37685	0.00892	0.00217
TGT	TCT	GC	0.42618	0.00267	0.00327	-0.42618	0.00408	0.00327
TGT	TAT	GA	1.12599	0.00630	0.01050	-1.12599	0.01943	0.01050
TGC	TTC	GT	1.97658	0.00454	0.01041	-1.97658	0.03275	0.01041
TGC	TCC	GC	0.63447	0.01460	0.01972	-0.63447	0.02753	0.01972
TGC	TAC	GA	1.12902	0.03450	0.05756	-1.12902	0.10669	0.05756
TGC	TGT	CT	-0.53166	0.01745	0.01322	0.53166	0.01025	0.01322
TGG	TTG	GT	-0.43152	0.00653	0.00522	0.43152	0.00424	0.00522
TGG	TCG	GC	-1.61258	0.02100	0.00843	1.61258	0.00419	0.00843
TGG	TGT	GT	-1.11240	0.00653	0.00356	1.11240	0.00215	0.00356
TGG	TGC	GC	-0.58073	0.02100	0.01549	0.58073	0.01175	0.01549
CTT	TTT	CT	2.37555	0.00396	0.01038	-2.37555	0.04264	0.01038
CTC	TTC	CT	1.41790	0.03790	0.07091	-1.41790	0.15645	0.07091
CTC	CTT	CT	-1.08904	0.03790	0.02093	1.08904	0.01275	0.02093
CTA	TTA	CT	-3.16209	0.00295	0.00041	3.16209	0.00013	0.00041
CTA	CTT	AT	0.97591	0.00077	0.00120	-0.97591	0.00204	0.00120
CTA	CTC	AC	2.06495	0.00247	0.00584	-2.06495	0.01948	0.00584
CTG	TTG	CT	-1.49050	0.08992	0.03897	1.49050	0.02026	0.03897
CTG	CTT	GT	-2.17008	0.02338	0.00654	2.17008	0.00267	0.00654
CTG	CTC	GC	-1.08103	0.07524	0.04176	1.08103	0.02552	0.04176
CTG	CTA	GA	-3.14598	0.17779	0.02515	3.14598	0.00765	0.02515
CCT	TCT	CT	0.21214	0.01578	0.01751	-0.21214	0.01951	0.01751
CCT	CTT	CT	-0.21274	0.01578	0.01416	0.21274	0.01275	0.01416
CCC	TCC	CT	0.88572	0.05425	0.08177	-0.88572	0.13154	0.08177
CCC	CTC	CT	0.80993	0.05425	0.07915	-0.80993	0.12194	0.07915
CCC	CCT	CT	-0.06637	0.05425	0.05247	0.06637	0.05076	0.05247
CCA	TCA	CT	0.79236	0.01115	0.01615	-0.79236	0.02463	0.01615
CCA	CTA	CT	-0.16011	0.01115	0.01028	0.16011	0.00950	0.01028
CCA	CCT	AT	1.02854	0.00290	0.00464	-1.02854	0.00811	0.00464
CCA	CCC	AC	1.09491	0.00933	0.01535	-1.09491	0.02789	0.01535
CCG	TCG	CT	0.40027	0.01341	0.01627	-0.40027	0.02001	0.01627
CCG	CTG	CT	3.07183	0.01341	0.04318	-3.07183	0.28933	0.04318
CCG	CCT	GT	1.11449	0.00349	0.00578	-1.11449	0.01063	0.00578
CCG	CCC	GC	1.18087	0.01122	0.01911	-1.18087	0.03654	0.01911
CCG	CCA	GA	0.08595	0.02651	0.02766	-0.08595	0.02889	0.02766
CAT	TAT	CT	2.62467	0.00175	0.00495	-2.62467	0.02413	0.00495
CAT	CTT	AT	1.49998	0.00045	0.00088	-1.49998	0.00204	0.00088
CAT	CCT	AC	1.71272	0.00146	0.00306	-1.71272	0.00811	0.00306
CAC	TAC	CT	1.82656	0.02133	0.04644	-1.82656	0.13254	0.04644
CAC	CTC	AT	1.25622	0.00555	0.00974	-1.25622	0.01948	0.00974
CAC	CCC	AC	0.44629	0.01785	0.02213	-0.44629	0.02789	0.02213
CAC	CAT	CT	-1.33280	0.02133	0.01019	1.33280	0.00563	0.01019
CAA	CTA	AT	0.45852	0.00096	0.00120	-0.45852	0.00152	0.00120
CAA	CCA	AC	0.61863	0.00309	0.00414	-0.61863	0.00573	0.00414
CAA	CAT	AT	-0.06555	0.00096	0.00093	0.06555	0.00090	0.00093
CAA	CAC	AC	1.26725	0.00309	0.00545	-1.26725	0.01097	0.00545
CAG	CTG	AT	1.41089	0.01128	0.02104	-1.41089	0.04623	0.02104
CAG	CCG	AC	-1.66093	0.03628	0.01413	1.66093	0.00689	0.01413
CAG	CAT	GT	-2.25916	0.01128	0.00297	2.25916	0.00118	0.00297
CAG	CAC	GC	-0.92636	0.03628	0.02204	0.92636	0.01437	0.02204
CAG	CAA	GA	-2.19361	0.08575	0.02361	2.19361	0.00956	0.02361
CGT	TGT	CT	1.08672	0.00346	0.00567	-1.08672	0.01025	0.00567
CGT	CTT	GT	1.08802	0.00090	0.00148	-1.08802	0.00267	0.00148
CGT	CCT	GC	1.30076	0.00289	0.00517	-1.30076	0.01063	0.00517
CGT	CAT	GA	-0.41196	0.00684	0.00553	0.41196	0.00453	0.00553
CGC	TGC	CT	0.66094	0.02899	0.03962	-0.66094	0.05614	0.03962
CGC	CTC	GT	1.21961	0.00754	0.01305	-1.21961	0.02552	0.01305
CGC	CCC	GC	0.40968	0.02425	0.02956	-0.40968	0.03654	0.02956
CGC	CAC	GA	-0.03661	0.05732	0.05627	0.03661	0.05526	0.05627
CGC	CGT	CT	-0.95745	0.02899	0.01729	0.95745	0.01113	0.01729
CGA	CTA	GT	0.46213	0.00125	0.00156	-0.46213	0.00199	0.00156
CGA	CCA	GC	0.62224	0.00403	0.00542	-0.62224	0.00751	0.00542
CGA	CAA	GA	0.00361	0.00953	0.00954	-0.00361	0.00956	0.00954
CGA	CGT	AT	0.35002	0.00125	0.00149	-0.35002	0.00178	0.00149
CGA	CGC	AC	1.30747	0.00403	0.00723	-1.30747	0.01490	0.00723
CGG	TGG	CT	0.80964	0.03595	0.05244	-0.80964	0.08077	0.05244
CGG	CTG	GT	1.86862	0.00935	0.02065	-1.86862	0.06056	0.02065
CGG	CCG	GC	-1.20321	0.03007	0.01553	1.20321	0.00903	0.01553
CGG	CAG	GA	0.45773	0.07107	0.08857	-0.45773	0.11233	0.08857
CGG	CGT	GT	-1.38947	0.00935	0.00431	1.38947	0.00233	0.00431
CGG	CGC	GC	-0.43202	0.03007	0.02404	0.43202	0.01952	0.02404
CGG	CGA	GA	-1.73950	0.07107	0.02633	1.73950	0.01248	0.02633
ATT	TTT	AT	0.63581	0.00361	0.00487	-0.63581	0.00681	0.00487
ATT	CTT	AC	-1.73974	0.01161	0.00430	1.73974	0.00204	0.00430
ATC	TTC	AT	0.52854	0.01474	0.01897	-0.52854	0.02500	0.01897
ATC	CTC	AC	-0.88936	0.04741	0.02941	0.88936	0.01948	0.02941
ATC	ATT	CT	-0.23866	0.05667	0.05018	0.23866	0.04464	0.05018
ATA	TTA	AT	-3.66214	0.00078	0.00008	3.66214	0.00002	0.00008
ATA	CTA	AC	-0.50005	0.00250	0.00193	0.50005	0.00152	0.00193
ATA	ATT	AT	2.21560	0.00078	0.00193	-2.21560	0.00713	0.00193
ATA	ATC	AC	2.45426	0.00250	0.00672	-2.45426	0.02914	0.00672
ATG	TTG	AT	-1.15535	0.01028	0.00546	1.15535	0.00324	0.00546
ATG	CTG	AC	0.33515	0.03307	0.03892	-0.33515	0.04623	0.03892
ATG	ATT	GT	-0.09519	0.01028	0.00980	0.09519	0.00934	0.00980
ATG	ATC	GC	0.14347	0.03307	0.03549	-0.14347	0.03817	0.03549
ATG	ATA	GA	-2.31079	0.07814	0.01988	2.31079	0.00775	0.01988
ACT	TCT	AT	0.44325	0.00200	0.00248	-0.44325	0.00312	0.00248
ACT	CCT	AC	0.23111	0.00644	0.00721	-0.23111	0.00811	0.00721
ACT	ATT	CT	1.75811	0.00769	0.01634	-1.75811	0.04464	0.01634
ACC	TCC	AT	1.04981	0.00736	0.01188	-1.04981	0.02102	0.01188
ACC	CCC	AC	0.16409	0.02367	0.02566	-0.16409	0.02789	0.02566
ACC	ATC	CT	1.86338	0.02829	0.06240	-1.86338	0.18234	0.06240
ACC	ACT	CT	-0.13340	0.02829	0.02645	0.13340	0.02476	0.02645
ACA	TCA	AT	0.35174	0.00277	0.00328	-0.35174	0.00394	0.00328
ACA	CCA	AC	-0.44062	0.00891	0.00709	0.44062	0.00573	0.00709
ACA	ATA	CT	-0.10068	0.01065	0.01012	0.10068	0.00963	0.01012
ACA	ACT	AT	0.35680	0.00277	0.00329	-0.35680	0.00396	0.00329
ACA	ACC	AC	0.49020	0.00891	0.01127	-0.49020	0.01454	0.01127
ACG	TCG	AT	-0.50465	0.00529	0.00407	0.50465	0.00320	0.00407
ACG	CCG	AC	-0.90492	0.01704	0.01048	0.90492	0.00689	0.01048
ACG	ATG	CT	1.83176	0.02036	0.04441	-1.83176	0.12716	0.04441
ACG	ACT	GT	-0.02154	0.00529	0.00524	0.02154	0.00518	0.00524
ACG	ACC	GC	0.11185	0.01704	0.01801	-0.11185	0.01905	0.01801
ACG	ACA	GA	-0.37835	0.04026	0.03312	0.37835	0.02758	0.03312
AAT	TAT	AT	0.38367	0.00263	0.00316	-0.38367	0.00386	0.00316
AAT	CAT	AC	-2.24099	0.00845	0.00225	2.24099	0.00090	0.00225
AAT	ATT	AT	0.99872	0.00263	0.00415	-0.99872	0.00713	0.00415
AAT	ACT	AC	-0.75939	0.00845	0.00565	0.75939	0.00396	0.00565
AAC	TAC	AT	0.65835	0.01096	0.01497	-0.65835	0.02118	0.01497
AAC	CAC	AC	-1.16821	0.03528	0.01859	1.16821	0.01097	0.01859
AAC	ATC	AT	0.97737	0.01096	0.01718	-0.97737	0.02914	0.01718
AAC	ACC	AC	-0.88601	0.03528	0.02193	0.88601	0.01454	0.02193
AAC	AAT	CT	-0.26001	0.04216	0.03692	0.26001	0.03251	0.03692
AAA	CAA	AC	-1.68884	0.01027	0.00393	1.68884	0.00190	0.00393
AAA	ATA	AT	-0.73027	0.00319	0.00217	0.73027	0.00154	0.00217
AAA	ACA	AC	-0.62959	0.01027	0.00738	0.62959	0.00547	0.00738
AAA	AAT	AT	0.48661	0.00319	0.00403	-0.48661	0.00519	0.00403
AAA	AAC	AC	0.74662	0.01027	0.01458	-0.74662	0.02168	0.01458
AAG	CAG	AC	-1.15149	0.07052	0.03754	1.15149	0.02230	0.03754
AAG	ATG	AT	-0.07574	0.02192	0.02110	0.07574	0.02032	0.02110
AAG	ACG	AC	-1.90750	0.07052	0.02345	1.90750	0.01047	0.02345
AAG	AAT	GT	-1.16966	0.02192	0.01154	1.16966	0.00680	0.01154
AAG	AAC	GC	-0.90964	0.07052	0.04324	0.90964	0.02840	0.04324
AAG	AAA	GA	-1.65626	0.16665	0.06510	1.65626	0.03181	0.06510
AGT	TGT	AT	0.02579	0.00160	0.00162	-0.02579	0.00164	0.00162
AGT	CGT	AC	-1.06093	0.00514	0.00289	1.06093	0.00178	0.00289
AGT	ATT	GT	1.76682	0.00160	0.00340	-1.76682	0.00934	0.00340
AGT	ACT	GC	0.00872	0.00514	0.00516	-0.00872	0.00518	0.00516
AGT	AAT	GA	0.76810	0.01214	0.01739	-0.76810	0.02617	0.01739
AGC	TGC	AT	0.23333	0.00710	0.00796	-0.23333	0.00897	0.00796
AGC	CGC	AC	-0.42760	0.02286	0.01832	0.42760	0.01490	0.01832
AGC	ATC	GT	1.68136	0.00710	0.01468	-1.68136	0.03817	0.01468
AGC	ACC	GC	-0.18201	0.02286	0.02084	0.18201	0.01905	0.02084
AGC	AAC	GA	0.70400	0.05401	0.07524	-0.70400	0.10920	0.07524
AGC	AGT	CT	-0.32412	0.02732	0.02313	0.32412	0.01976	0.02313
AGA	CGA	AC	1.19781	0.00075	0.00128	-1.19781	0.00248	0.00128
AGA	ATA	GT	2.15999	0.00023	0.00057	-2.15999	0.00202	0.00057
AGA	ACA	GC	2.26068	0.00075	0.00189	-2.26068	0.00717	0.00189
AGA	AAA	GA	2.89026	0.00177	0.00541	-2.89026	0.03181	0.00541
AGA	AGT	AT	2.60877	0.00023	0.00065	-2.60877	0.00316	0.00065
AGA	AGC	AC	2.93289	0.00075	0.00232	-2.93289	0.01405	0.00232
AGG	TGG	AT	3.43889	0.00041	0.00147	-3.43889	0.01291	0.00147
AGG	CGG	AC	2.62925	0.00133	0.00378	-2.62925	0.01848	0.00378
AGG	ATG	GT	4.16272	0.00041	0.00175	-4.16272	0.02662	0.00175
AGG	ACG	GC	2.33096	0.00133	0.00344	-2.33096	0.01371	0.00344
AGG	AAG	GA	4.23847	0.00315	0.01355	-4.23847	0.21831	0.01355
AGG	AGT	GT	2.30071	0.00041	0.00106	-2.30071	0.00414	0.00106
AGG	AGC	GC	2.62483	0.00133	0.00377	-2.62483	0.01840	0.00377
AGG	AGA	GA	-0.30806	0.00315	0.00269	0.30806	0.00231	0.00269
GTT	TTT	GT	3.95035	0.00017	0.00069	-3.95035	0.00892	0.00069
GTT	CTT	GC	1.57480	0.00055	0.00110	-1.57480	0.00267	0.00110
GTT	ATT	GA	3.31454	0.00131	0.00449	-3.31454	0.03593	0.00449
GTC	TTC	GT	1.27655	0.00914	0.01618	-1.27655	0.03275	0.01618
GTC	CTC	GC	-0.14135	0.02940	0.02737	0.14135	0.02552	0.02737
GTC	ATC	GA	0.74801	0.06947	0.09866	-0.74801	0.14678	0.09866
GTC	GTT	CT	-2.80520	0.03514	0.00635	2.80520	0.00213	0.00635
GTA	TTA	GT	-4.18998	0.00173	0.00011	4.18998	0.00003	0.00011
GTA	CTA	GC	-1.02789	0.00556	0.00318	1.02789	0.00199	0.00318
GTA	ATA	GA	-0.52784	0.01314	0.00997	0.52784	0.00775	0.00997
GTA	GTT	AT	-1.62678	0.00173	0.00069	1.62678	0.00034	0.00069
GTA	GTC	AC	1.17841	0.00556	0.00946	-1.17841	0.01806	0.00946
GTG	TTG	GT	-1.42466	0.01762	0.00795	1.42466	0.00424	0.00795
GTG	CTG	GC	0.06584	0.05670	0.05859	-0.06584	0.06056	0.05859
GTG	ATG	GA	-0.26931	0.13400	0.11676	0.26931	0.10236	0.11676
GTG	GTT	GT	-3.67904	0.01762	0.00168	3.67904	0.00044	0.00168
GTG	GTC	GC	-0.87385	0.05670	0.03549	0.87385	0.02366	0.03549
GTG	GTA	GA	-2.05226	0.13400	0.04053	2.05226	0.01721	0.04053
GCT	TCT	GT	0.64025	0.00215	0.00291	-0.64025	0.00408	0.00291
GCT	CCT	GC	0.42810	0.00693	0.00851	-0.42810	0.01063	0.00851
GCT	ACT	GA	0.19699	0.01637	0.01803	-0.19699	0.01993	0.01803
GCT	GTT	CT	-1.35944	0.00828	0.00389	1.35944	0.00213	0.00389
GCC	TCC	GT	0.73771	0.01317	0.01861	-0.73771	0.02753	0.01861
GCC	CCC	GC	-0.14801	0.04236	0.03931	0.14801	0.03654	0.03931
GCC	ACC	GA	-0.31211	0.10011	0.08530	0.31211	0.07327	0.08530
GCC	GTC	CT	0.80326	0.05063	0.07366	-0.80326	0.11306	0.07366
GCC	GCT	CT	-0.64249	0.05063	0.03610	0.64249	0.02663	0.03610
GCA	TCA	GT	1.05874	0.00179	0.00290	-1.05874	0.00516	0.00290
GCA	CCA	GC	0.26638	0.00575	0.00656	-0.26638	0.00751	0.00656
GCA	ACA	GA	0.70700	0.01360	0.01897	-0.70700	0.02758	0.01897
GCA	GTA	CT	1.13415	0.00688	0.01150	-1.13415	0.02138	0.01150
GCA	GCT	AT	0.86681	0.00179	0.00267	-0.86681	0.00426	0.00267
GCA	GCC	AC	1.50930	0.00575	0.01115	-1.50930	0.02603	0.01115
GCG	TCG	GT	0.51747	0.00250	0.00320	-0.51747	0.00419	0.00320
GCG	CCG	GC	0.11720	0.00803	0.00851	-0.11720	0.00903	0.00851
GCG	ACG	GA	1.02212	0.01898	0.03030	-1.02212	0.05274	0.03030
GCG	GTG	CT	3.12319	0.00960	0.03136	-3.12319	0.21806	0.03136
GCG	GCT	GT	0.80359	0.00250	0.00363	-0.80359	0.00557	0.00363
GCG	GCC	GC	1.44608	0.00803	0.01519	-1.44608	0.03410	0.01519
GCG	GCA	GA	-0.06322	0.01898	0.01838	0.06322	0.01782	0.01838
GAT	TAT	GT	-0.14520	0.00584	0.00543	0.14520	0.00505	0.00543
GAT	CAT	GC	-2.76987	0.01879	0.00348	2.76987	0.00118	0.00348
GAT	AAT	GA	-0.52888	0.04441	0.03370	0.52888	0.02617	0.03370
GAT	GTT	AT	-2.84469	0.00584	0.00103	2.84469	0.00034	0.00103
GAT	GCT	AC	-1.48525	0.01879	0.00817	1.48525	0.00426	0.00817
GAC	TAC	GT	0.13032	0.02435	0.02597	-0.13032	0.02774	0.02597
GAC	CAC	GC	-1.69624	0.07836	0.02984	1.69624	0.01437	0.02984
GAC	AAC	GA	-0.52803	0.18517	0.14056	0.52803	0.10920	0.14056
GAC	GTC	AT	-0.29867	0.02435	0.02090	0.29867	0.01806	0.02090
GAC	GCC	AC	-1.10193	0.07836	0.04296	1.10193	0.02603	0.04296
GAC	GAT	CT	-0.25917	0.09365	0.08204	0.25917	0.07227	0.08204
GAA	CAA	GC	-2.00520	0.01847	0.00576	2.00520	0.00249	0.00576
GAA	AAA	GA	-0.31636	0.04364	0.03710	0.31636	0.03181	0.03710
GAA	GTA	AT	-0.51879	0.00574	0.00438	0.51879	0.00342	0.00438
GAA	GCA	AC	-1.65294	0.01847	0.00723	1.65294	0.00354	0.00723
GAA	GAT	AT	0.69912	0.00574	0.00798	-0.69912	0.01155	0.00798
GAA	GAC	AC	0.95829	0.01847	0.02871	-0.95829	0.04815	0.02871
GAG	CAG	GC	-1.07038	0.08518	0.04758	1.07038	0.02921	0.04758
GAG	AAG	GA	0.08111	0.20130	0.20958	-0.08111	0.21831	0.20958
GAG	GTG	AT	0.27467	0.02647	0.03028	-0.27467	0.03484	0.03028
GAG	GCG	AC	-2.84851	0.08518	0.01492	2.84851	0.00493	0.01492
GAG	GAT	GT	-0.55967	0.02647	0.01975	0.55967	0.01513	0.01975
GAG	GAC	GC	-0.30050	0.08518	0.07303	0.30050	0.06307	0.07303
GAG	GAA	GA	-1.25879	0.20130	0.10051	1.25879	0.05717	0.10051
GGT	TGT	GT	0.75323	0.00101	0.00144	-0.75323	0.00215	0.00144
GGT	CGT	GC	-0.33349	0.00325	0.00274	0.33349	0.00233	0.00274
GGT	AGT	GA	0.72744	0.00768	0.01081	-0.72744	0.01590	0.01081
GGT	GTT	GT	-0.82027	0.00101	0.00065	0.82027	0.00044	0.00065
GGT	GCT	GC	0.53917	0.00325	0.00421	-0.53917	0.00557	0.00421
GGT	GAT	GA	2.02442	0.00768	0.01792	-2.02442	0.05818	0.01792
GGC	TGC	GT	-0.25385	0.01515	0.01331	0.25385	0.01175	0.01331
GGC	CGC	GC	-0.91478	0.04874	0.02980	0.91478	0.01952	0.02980
GGC	AGC	GA	-0.48718	0.11517	0.08939	0.48718	0.07076	0.08939
GGC	GTC	GT	0.44618	0.01515	0.01878	-0.44618	0.02366	0.01878
GGC	GCC	GC	-0.35709	0.04874	0.04055	0.35709	0.03410	0.04055
GGC	GAC	GA	0.74485	0.11517	0.16334	-0.74485	0.24257	0.16334
GGC	GGT	CT	-1.53874	0.05825	0.02450	1.53874	0.01250	0.02450
GGA	CGA	GC	-0.41395	0.00491	0.00396	0.41395	0.00325	0.00396
GGA	AGA	GA	-1.61177	0.01160	0.00466	1.61177	0.00231	0.00466
GGA	GTA	GT	1.07607	0.00153	0.00249	-1.07607	0.00448	0.00249
GGA	GCA	GC	-0.05809	0.00491	0.00477	0.05809	0.00463	0.00477
GGA	GAA	GA	1.59486	0.01160	0.02321	-1.59486	0.05717	0.02321
GGA	GGT	AT	0.26956	0.00153	0.00174	-0.26956	0.00200	0.00174
GGA	GGC	AC	1.80830	0.00491	0.01062	-1.80830	0.02995	0.01062
GGG	TGG	GT	0.76576	0.00786	0.01125	-0.76576	0.01691	0.01125
GGG	CGG	GC	-0.04389	0.02530	0.02474	0.04389	0.02421	0.02474
GGG	AGG	GA	-2.67314	0.05978	0.01185	2.67314	0.00413	0.01185
GGG	GTG	GT	1.75889	0.00786	0.01670	-1.75889	0.04564	0.01670
GGG	GCG	GC	-1.36429	0.02530	0.01185	1.36429	0.00646	0.01185
GGG	GAG	GA	1.48422	0.05978	0.11473	-1.48422	0.26370	0.11473
GGG	GGT	GT	-1.09987	0.00786	0.00432	1.09987	0.00262	0.00432
GGG	GGC	GC	0.43887	0.02530	0.03125	-0.43887	0.03923	0.03125
GGG	GGA	GA	-1.36943	0.05978	0.02791	1.36943	0.01520	0.02791


Histograms
2Ns	FMut	FSub(CodonUsage)	FSubw(after w)

-6.32852	0.00230	0.00003
-5.69567	0.00000	0.00000
-5.06281	0.00090	0.00005
-4.42996	0.01839	0.00147
-3.79711	0.00198	0.00023
-3.16426	0.06277	0.01186
-2.53141	0.02852	0.00816
-1.89856	0.12430	0.05532
-1.26570	0.16579	0.10533
-0.63285	0.20611	0.18618
0.00000	0.20763	0.26278
0.63285	0.10835	0.18618
1.26570	0.04735	0.10533
1.89856	0.02002	0.05532
2.53141	0.00237	0.00816
3.16426	0.00289	0.01186
3.79711	0.00005	0.00023
4.42996	0.00027	0.00147
5.06281	0.00001	0.00005
5.69567	0.00000	0.00000
6.32852	0.00000	0.00003

Proportion of advantageous (S > 0) mutations:
 0.27620

Proportions of good & bad mutations (|S| > 2.0000) among mutations:
0.00865  0.13953

mean |Ns| = 1.15898	mean Ns+ = 0.70618	mean Ns- = -1.33177


MLEs of dN/dS (w) for site classes (K=4)

site class             0        1       2a       2b
proportion       0.50221  0.05312  0.40213  0.04254
background w     0.07795  2.16331  0.07795  2.16331
foreground w     0.07795  2.16331  0.00000  0.00000

Naive Empirical Bayes (NEB) probabilities for 4 classes
(amino acids refer to 1st sequence: Bbon)

   1 L   0.51840 0.03147 0.41853 0.03160 ( 1)
   2 I   0.53104 0.01480 0.43374 0.02041 ( 1)
   3 G   0.53457 0.01001 0.43918 0.01624 ( 1)
   4 T   0.53703 0.00537 0.44591 0.01169 ( 1)
   5 F   0.53040 0.01512 0.43338 0.02110 ( 1)
   6 R   0.53499 0.00871 0.44091 0.01539 ( 1)
   7 M   0.00013 0.99987 0.00000 0.00000 ( 2)
   8 V   0.52751 0.01947 0.42907 0.02395 ( 1)
   9 L   0.51840 0.03147 0.41853 0.03160 ( 1)
  10 Q   0.53250 0.01286 0.43583 0.01881 ( 1)
  11 K   0.51912 0.47536 0.00014 0.00539 ( 1)
  12 V   0.52751 0.01947 0.42907 0.02395 ( 1)
  13 V   0.52751 0.01947 0.42907 0.02395 ( 1)
  14 E   0.53135 0.01438 0.43421 0.02007 ( 1)
  15 E   0.53135 0.01438 0.43421 0.02007 ( 1)
  16 G   0.00335 0.43443 0.00273 0.55950 ( 4)
  17 H   0.12539 0.87005 0.00001 0.00455 ( 2)
  18 V   0.52751 0.01947 0.42907 0.02395 ( 1)
  19 E   0.53139 0.01435 0.43424 0.02003 ( 1)
  20 V   0.52751 0.01947 0.42907 0.02395 ( 1)
  21 T   0.53686 0.00638 0.44418 0.01258 ( 1)
  22 D   0.53294 0.01223 0.43657 0.01826 ( 1)
  23 M   0.53631 0.00745 0.44259 0.01365 ( 1)
  24 L   0.51840 0.03147 0.41853 0.03160 ( 1)
  25 I   0.52735 0.02049 0.42816 0.02400 ( 1)
  26 D   0.53294 0.01223 0.43657 0.01826 ( 1)
  27 D   0.53294 0.01223 0.43657 0.01826 ( 1)
  28 N   0.53716 0.00604 0.44471 0.01210 ( 1)
  29 N   0.35573 0.11742 0.29439 0.23247 ( 1)
  30 A   0.53853 0.00324 0.44988 0.00835 ( 1)
  31 I   0.53104 0.01480 0.43374 0.02041 ( 1)
  32 I   0.53109 0.01546 0.43307 0.02039 ( 1)
  33 Q   0.00008 0.99992 0.00000 0.00000 ( 2)
  34 T   0.53781 0.00552 0.44545 0.01122 ( 1)
  35 S   0.53815 0.00487 0.44658 0.01040 ( 1)
  36 L   0.51921 0.03056 0.41930 0.03092 ( 1)
  37 C   0.53868 0.00374 0.44870 0.00888 ( 1)
  38 V   0.52906 0.01775 0.43076 0.02243 ( 1)
  39 E   0.53285 0.01274 0.43599 0.01842 ( 1)
  40 V   0.53729 0.00647 0.44395 0.01229 ( 1)
  41 R   0.53444 0.01060 0.43845 0.01651 ( 1)
  42 Y   0.53050 0.01587 0.43263 0.02100 ( 1)
  43 Q   0.53395 0.01128 0.43763 0.01714 ( 1)
  44 A   0.31166 0.16521 0.25603 0.26710 ( 1)
  45 T   0.53159 0.01443 0.43415 0.01983 ( 1)
  46 D   0.52850 0.01726 0.43118 0.02306 ( 1)
  47 G   0.53553 0.00915 0.44025 0.01507 ( 1)
  48 T   0.06668 0.92598 0.00001 0.00733 ( 2)
  49 V   0.52906 0.01775 0.43076 0.02243 ( 1)
  50 G   0.53542 0.00923 0.44016 0.01519 ( 1)
  51 S   0.53466 0.01031 0.43878 0.01624 ( 1)
  52 W   0.52930 0.01746 0.43102 0.02222 ( 1)
  53 D   0.01815 0.41403 0.01481 0.55301 ( 4)
  54 D   0.53147 0.01495 0.43361 0.01997 ( 1)
  55 G   0.04165 0.95835 0.00000 0.00000 ( 2)
  56 D   0.53437 0.01068 0.43837 0.01658 ( 1)
  57 F   0.53138 0.01472 0.43382 0.02008 ( 1)
  58 L   0.51967 0.03000 0.41977 0.03056 ( 1)
  59 G   0.53589 0.00858 0.44097 0.01456 ( 1)
  60 D   0.53078 0.01549 0.43305 0.02068 ( 1)
  61 E   0.53285 0.01274 0.43599 0.01842 ( 1)
  62 S   0.29541 0.18747 0.24183 0.27528 ( 1)
  63 L   0.53819 0.00496 0.44637 0.01048 ( 1)
  64 H   0.53896 0.00298 0.45035 0.00771 ( 1)
  65 E   0.53285 0.01274 0.43599 0.01842 ( 1)
  66 E   0.53324 0.01216 0.43664 0.01795 ( 1)
  67 E   0.53285 0.01274 0.43599 0.01842 ( 1)
  68 K   0.53059 0.01574 0.43277 0.02089 ( 1)
  69 D   0.53437 0.01068 0.43837 0.01658 ( 1)
  70 S   0.53840 0.00449 0.44725 0.00987 ( 1)
  71 Q   0.53395 0.01128 0.43763 0.01714 ( 1)
  72 E   0.53279 0.01278 0.43595 0.01848 ( 1)
  73 T   0.53157 0.01427 0.43432 0.01984 ( 1)
  74 D   0.53078 0.01549 0.43305 0.02068 ( 1)
  75 G   0.53589 0.00858 0.44097 0.01456 ( 1)
  76 L   0.51967 0.03000 0.41977 0.03056 ( 1)
  77 L   0.53542 0.00926 0.44009 0.01523 ( 1)
  78 P   0.52790 0.01939 0.42919 0.02353 ( 1)
  79 G   0.06849 0.93151 0.00000 0.00000 ( 2)
  80 S   0.53466 0.01031 0.43878 0.01624 ( 1)
  81 R   0.53606 0.00831 0.44134 0.01428 ( 1)
  82 P   0.02005 0.39035 0.01642 0.57318 ( 4)
  83 S   0.53691 0.00704 0.44311 0.01293 ( 1)
  84 S   0.35257 0.12233 0.29136 0.23374 ( 1)
  85 R   0.53367 0.01115 0.43782 0.01737 ( 1)
  86 P   0.00337 0.99663 0.00000 0.00000 ( 2)
  87 P   0.53748 0.00547 0.44562 0.01144 ( 1)
  88 G   0.53466 0.00975 0.43954 0.01606 ( 1)
  89 E   0.53226 0.01501 0.43354 0.01919 ( 1)
  90 K   0.52974 0.01963 0.42908 0.02155 ( 1)
  91 S   0.54038 0.00893 0.43961 0.01108 ( 1)
  92 F   0.52986 0.02106 0.42784 0.02124 ( 1)
  93 R   0.53375 0.01687 0.43164 0.01775 ( 1)
  94 E   0.53446 0.01246 0.43622 0.01686 ( 1)
  95 P   0.53972 0.00534 0.44522 0.00973 ( 1)
  96 A   0.53912 0.00624 0.44388 0.01076 ( 1)
  97 V   0.53323 0.01403 0.43454 0.01820 ( 1)
  98 L   0.52013 0.03037 0.41962 0.02988 ( 1)
  99 E   0.53395 0.01311 0.43552 0.01742 ( 1)
 100 M   0.53893 0.00649 0.44353 0.01104 ( 1)
 101 E   0.04950 0.95015 0.00000 0.00035 ( 2)
 102 N   0.30760 0.18276 0.25145 0.25819 ( 1)
 103 L   0.34803 0.12856 0.28718 0.23622 ( 1)
 104 D   0.53558 0.01103 0.43782 0.01558 ( 1)
 105 R   0.53741 0.00864 0.44066 0.01330 ( 1)
 106 L   0.52104 0.02954 0.42034 0.02907 ( 1)
 107 A   0.53638 0.01000 0.43900 0.01463 ( 1)
 108 I   0.02914 0.96362 0.00001 0.00724 ( 2)
 109 R   0.53564 0.01095 0.43789 0.01551 ( 1)
 110 L   0.52013 0.03037 0.41962 0.02988 ( 1)
 111 G   0.00095 0.36126 0.00078 0.63701 ( 4)
 112 D   0.53183 0.01581 0.43272 0.01964 ( 1)
 113 G   0.53724 0.00889 0.44033 0.01354 ( 1)
 114 L   0.38758 0.61126 0.00002 0.00114 ( 2)
 115 D   0.53175 0.01587 0.43266 0.01972 ( 1)
 116 P   0.52844 0.02000 0.42868 0.02288 ( 1)
 117 D   0.53558 0.01103 0.43782 0.01558 ( 1)
 118 S   0.53605 0.01053 0.43835 0.01506 ( 1)
 119 M   0.27349 0.23094 0.22213 0.27345 ( 1)
 120 S   0.52798 0.02138 0.42745 0.02319 ( 1)
 121 L   0.53660 0.00955 0.43953 0.01432 ( 1)
 122 A   0.53541 0.01126 0.43754 0.01579 ( 1)
 123 S   0.53582 0.01050 0.43842 0.01526 ( 1)
 124 V   0.53877 0.00676 0.44314 0.01134 ( 1)
 125 T   0.53260 0.01481 0.43373 0.01885 ( 1)
 126 A   0.53541 0.01126 0.43754 0.01579 ( 1)
 127 L   0.53670 0.00960 0.43946 0.01424 ( 1)
 128 T   0.53969 0.00537 0.44519 0.00976 ( 1)
 129 T   0.53969 0.00537 0.44519 0.00976 ( 1)
 130 N   0.53978 0.00517 0.44551 0.00954 ( 1)
 131 V   0.09261 0.90739 0.00000 0.00000 ( 2)
 132 S   0.53588 0.01067 0.43821 0.01525 ( 1)
 133 N   0.53981 0.00515 0.44554 0.00951 ( 1)
 134 K   0.53155 0.01614 0.43239 0.01993 ( 1)
 135 R   0.53112 0.01808 0.43052 0.02028 ( 1)
 136 S   0.53583 0.01223 0.43635 0.01559 ( 1)
 137 K   0.53116 0.01803 0.43057 0.02024 ( 1)
 138 P   0.53184 0.01721 0.43135 0.01959 ( 1)
 139 D   0.53553 0.01277 0.43579 0.01591 ( 1)
 140 I   0.52745 0.02246 0.42652 0.02357 ( 1)
 141 K   0.53116 0.01803 0.43057 0.02024 ( 1)
 142 M   0.53945 0.00789 0.44129 0.01137 ( 1)
 143 E   0.53374 0.01494 0.43358 0.01775 ( 1)
 144 P   0.53184 0.01721 0.43135 0.01959 ( 1)
 145 S   0.53873 0.00882 0.44015 0.01229 ( 1)
 146 A   0.53643 0.01168 0.43693 0.01496 ( 1)
 147 G   0.53747 0.01080 0.43784 0.01389 ( 1)
 148 R   0.53567 0.01308 0.43542 0.01583 ( 1)
 149 P   0.53418 0.01486 0.43363 0.01733 ( 1)
 150 M   0.53965 0.00822 0.44078 0.01136 ( 1)
 151 D   0.01782 0.46082 0.01443 0.50693 ( 4)
 152 Y   0.27124 0.24023 0.21985 0.26869 ( 1)
 153 Q   0.29931 0.20883 0.24315 0.24871 ( 1)
 154 V   0.53893 0.00494 0.44621 0.00992 ( 1)
 155 S   0.53968 0.00327 0.44938 0.00768 ( 1)
 156 V   0.02269 0.38627 0.01858 0.57247 ( 4)
 157 T   0.53661 0.00842 0.44110 0.01387 ( 1)
 158 V   0.53138 0.01543 0.43311 0.02008 ( 1)
 159 I   0.53479 0.01107 0.43784 0.01630 ( 1)
 160 E   0.53505 0.01061 0.43841 0.01593 ( 1)
 161 A   0.53628 0.00853 0.44101 0.01418 ( 1)
 162 R   0.53652 0.00862 0.44084 0.01402 ( 1)
 163 Q   0.53607 0.00925 0.44002 0.01465 ( 1)
 164 L   0.52163 0.02790 0.42159 0.02888 ( 1)
 165 V   0.53138 0.01543 0.43311 0.02008 ( 1)
 166 G   0.53738 0.00737 0.44253 0.01272 ( 1)
 167 L   0.53872 0.00535 0.44549 0.01044 ( 1)
 168 N   0.53955 0.00362 0.44866 0.00817 ( 1)
 169 M   0.29194 0.20422 0.23795 0.26589 ( 1)
 170 D   0.53645 0.00869 0.44077 0.01409 ( 1)
 171 P   0.53540 0.01017 0.43891 0.01553 ( 1)
 172 V   0.53138 0.01543 0.43311 0.02008 ( 1)
 173 V   0.53200 0.01493 0.43362 0.01944 ( 1)
 174 C   0.53987 0.00241 0.45138 0.00634 ( 1)
 175 V   0.53138 0.01543 0.43311 0.02008 ( 1)
 176 E   0.53505 0.01061 0.43841 0.01593 ( 1)
 177 V   0.53138 0.01543 0.43311 0.02008 ( 1)
 178 G   0.53738 0.00737 0.44253 0.01272 ( 1)
 179 D   0.53646 0.00873 0.44073 0.01408 ( 1)
 180 D   0.53645 0.00869 0.44077 0.01409 ( 1)
 181 K   0.53289 0.01347 0.43516 0.01848 ( 1)
 182 K   0.53289 0.01347 0.43516 0.01848 ( 1)
 183 F   0.02155 0.39679 0.01762 0.56405 ( 4)
 184 T   0.53950 0.00379 0.44830 0.00841 ( 1)
 185 S   0.53672 0.00836 0.44117 0.01376 ( 1)
 186 M   0.53903 0.00472 0.44661 0.00964 ( 1)
 187 K   0.53289 0.01347 0.43516 0.01848 ( 1)
 188 E   0.53505 0.01061 0.43841 0.01593 ( 1)
 189 S   0.53672 0.00836 0.44117 0.01376 ( 1)
 190 T   0.53879 0.00518 0.44580 0.01023 ( 1)
 191 N   0.53955 0.00362 0.44866 0.00817 ( 1)
 192 C   0.53987 0.00241 0.45138 0.00634 ( 1)
 193 P   0.53540 0.01017 0.43891 0.01553 ( 1)
 194 Y   0.53381 0.01227 0.43647 0.01744 ( 1)
 195 Y   0.53381 0.01227 0.43647 0.01744 ( 1)
 196 N   0.53955 0.00362 0.44866 0.00817 ( 1)
 197 E   0.53505 0.01061 0.43841 0.01593 ( 1)
 198 -   0.52252 0.02526 0.42368 0.02854 ( 1)
 199 -   0.52237 0.02547 0.42349 0.02866 ( 1)
 200 -   0.52940 0.01594 0.43250 0.02216 ( 1)
 201 -   0.48087 0.51402 0.00011 0.00500 ( 2)
 202 -   0.52545 0.02125 0.42731 0.02598 ( 1)
 203 -   0.52237 0.02547 0.42349 0.02866 ( 1)
 204 -   0.53661 0.00520 0.44630 0.01189 ( 1)
 205 -   0.52940 0.01594 0.43250 0.02216 ( 1)
 206 -   0.23195 0.29052 0.18722 0.29031 ( 2)
 207 -   0.51899 0.03002 0.41963 0.03136 ( 1)
 208 -   0.23087 0.26159 0.18775 0.31980 ( 4)
 209 -   0.52940 0.01594 0.43250 0.02216 ( 1)
 210 -   0.52962 0.01560 0.43286 0.02191 ( 1)
 211 -   0.52237 0.02547 0.42349 0.02866 ( 1)
 212 -   0.52545 0.02125 0.42731 0.02598 ( 1)
 213 -   0.52161 0.02648 0.42262 0.02929 ( 1)
 214 -   0.52352 0.02391 0.42488 0.02770 ( 1)
 215 -   0.52352 0.02391 0.42488 0.02770 ( 1)
 216 -   0.52161 0.02648 0.42262 0.02929 ( 1)
 217 -   0.52352 0.02391 0.42488 0.02770 ( 1)
 218 -   0.52858 0.01708 0.43132 0.02302 ( 1)
 219 -   0.52563 0.02668 0.42306 0.02463 ( 1)
 220 -   0.52365 0.02890 0.42122 0.02624 ( 1)
 221 -   0.54176 0.00868 0.43955 0.01001 ( 1)
 222 -   0.53257 0.01898 0.42970 0.01875 ( 1)
 223 -   0.52737 0.02475 0.42469 0.02319 ( 1)
 224 -   0.53892 0.01190 0.43628 0.01290 ( 1)
 225 -   0.51634 0.03709 0.41457 0.03200 ( 1)
 226 -   0.51634 0.03709 0.41457 0.03200 ( 1)
 227 -   0.53473 0.01658 0.43187 0.01683 ( 1)
 228 -   0.53519 0.01584 0.43256 0.01641 ( 1)
 229 -   0.53256 0.01874 0.42992 0.01878 ( 1)
 230 -   0.53753 0.01318 0.43507 0.01421 ( 1)
 231 -   0.51563 0.03777 0.41400 0.03259 ( 1)
 232 -   0.52460 0.02765 0.42223 0.02552 ( 1)
 233 -   0.53256 0.01874 0.42992 0.01878 ( 1)
 234 -   0.53143 0.02002 0.42878 0.01978 ( 1)
 235 -   0.52720 0.02474 0.42468 0.02338 ( 1)
 236 -   0.53217 0.01910 0.42959 0.01914 ( 1)
 237 -   0.53608 0.01481 0.43353 0.01559 ( 1)
 238 -   0.53104 0.02044 0.42841 0.02012 ( 1)
 239 -   0.52460 0.02765 0.42223 0.02552 ( 1)
 240 -   0.53328 0.01795 0.43063 0.01814 ( 1)
 241 -   0.53753 0.01318 0.43507 0.01421 ( 1)
 242 -   0.52460 0.02765 0.42223 0.02552 ( 1)
 243 -   0.52740 0.02451 0.42488 0.02321 ( 1)
 244 -   0.53167 0.01980 0.42897 0.01956 ( 1)
 245 -   0.53044 0.02112 0.42781 0.02063 ( 1)
 246 -   0.53758 0.01314 0.43511 0.01417 ( 1)
 247 -   0.52397 0.02734 0.42237 0.02632 ( 1)
 248 -   0.54347 0.00495 0.44446 0.00711 ( 1)
 249 -   0.53523 0.01486 0.43354 0.01637 ( 1)
 250 -   0.53205 0.01850 0.43014 0.01931 ( 1)
 251 -   0.54347 0.00495 0.44446 0.00711 ( 1)
 252 -   0.54364 0.00483 0.44459 0.00694 ( 1)
 253 -   0.53113 0.01954 0.42920 0.02013 ( 1)
 254 -   0.53017 0.02079 0.42808 0.02096 ( 1)
 255 -   0.53691 0.01094 0.43776 0.01439 ( 1)
 256 -   0.53394 0.01456 0.43395 0.01755 ( 1)
 257 -   0.52003 0.03129 0.41898 0.02970 ( 1)
 258 -   0.34681 0.15252 0.28356 0.21711 ( 1)
 259 -   0.53604 0.01200 0.43662 0.01534 ( 1)
 260 -   0.53439 0.01390 0.43462 0.01709 ( 1)
 261 -   0.32558 0.17958 0.26520 0.22964 ( 1)
 262 -   0.53604 0.01200 0.43662 0.01534 ( 1)
 263 -   0.53394 0.01456 0.43395 0.01755 ( 1)
 264 -   0.02565 0.41607 0.02090 0.53738 ( 4)
 265 -   0.54159 0.00367 0.44767 0.00707 ( 1)
 266 -   0.53724 0.00852 0.44086 0.01339 ( 1)
 267 -   0.52035 0.02994 0.41995 0.02976 ( 1)
 268 -   0.53186 0.01555 0.43299 0.01960 ( 1)
 269 -   0.53675 0.00916 0.44007 0.01402 ( 1)
 270 -   0.53270 0.01442 0.43414 0.01873 ( 1)
 271 -   0.53012 0.01768 0.43088 0.02132 ( 1)
 272 -   0.53171 0.01567 0.43287 0.01975 ( 1)
 273 -   0.54022 0.00395 0.44769 0.00815 ( 1)
 274 -   0.53457 0.01141 0.43746 0.01656 ( 1)
 275 -   0.34372 0.16429 0.28006 0.21193 ( 1)
 276 -   0.53644 0.00961 0.43951 0.01444 ( 1)
 277 -   0.53012 0.01768 0.43088 0.02132 ( 1)
 278 -   0.26058 0.23914 0.21180 0.28848 ( 4)
 279 -   0.53687 0.00908 0.44017 0.01389 ( 1)
 280 -   0.56138 0.43861 0.00001 0.00000 ( 1)
 281 -   0.53726 0.00851 0.44087 0.01336 ( 1)
 282 -   0.53565 0.01061 0.43834 0.01540 ( 1)
 283 -   0.53968 0.00486 0.44612 0.00933 ( 1)
 284 -   0.53375 0.01308 0.43556 0.01761 ( 1)
 285 -   0.53171 0.01567 0.43287 0.01975 ( 1)
 286 -   0.00010 0.99990 0.00000 0.00000 ( 2)
 287 -   0.53445 0.01220 0.43652 0.01684 ( 1)
 288 -   0.54057 0.00294 0.44973 0.00676 ( 1)
 289 -   0.53171 0.01567 0.43287 0.01975 ( 1)
 290 -   0.53643 0.00960 0.43953 0.01444 ( 1)
 291 -   0.53964 0.00489 0.44609 0.00938 ( 1)
 292 -   0.53406 0.01267 0.43602 0.01724 ( 1)
 293 -   0.53568 0.01044 0.43853 0.01535 ( 1)
 294 -   0.04727 0.92628 0.00003 0.02642 ( 2)
 295 -   0.53406 0.01267 0.43602 0.01724 ( 1)
 296 -   0.02057 0.41695 0.01646 0.54601 ( 4)
 297 -   0.53565 0.01061 0.43834 0.01540 ( 1)
 298 -   0.52820 0.02008 0.42859 0.02313 ( 1)
 299 -   0.30172 0.19141 0.24634 0.26053 ( 1)
 300 -   0.02465 0.44678 0.01999 0.50859 ( 4)
 301 N   0.54071 0.00611 0.44363 0.00955 ( 1)
 302 L   0.53903 0.00838 0.44067 0.01191 ( 1)
 303 L   0.51977 0.03164 0.41871 0.02989 ( 1)
 304 L   0.53703 0.01088 0.43781 0.01428 ( 1)
 305 P   0.53430 0.01419 0.43433 0.01719 ( 1)
 306 E   0.02112 0.43683 0.01716 0.52489 ( 4)
 307 G   0.53759 0.01016 0.43862 0.01363 ( 1)
 308 V   0.52976 0.01964 0.42908 0.02152 ( 1)
 309 P   0.53443 0.01405 0.43447 0.01706 ( 1)
 310 P   0.02166 0.41481 0.01766 0.54588 ( 4)
 311 E   0.53457 0.01388 0.43465 0.01690 ( 1)
 312 R   0.53784 0.00986 0.43896 0.01334 ( 1)
 313 Q   0.53528 0.01302 0.43552 0.01618 ( 1)
 314 W   0.53001 0.01936 0.42933 0.02131 ( 1)
 315 A   0.53668 0.01131 0.43735 0.01467 ( 1)
 316 R   0.53586 0.01230 0.43628 0.01555 ( 1)
 317 F   0.53233 0.01658 0.43196 0.01914 ( 1)
 318 Y   0.53235 0.01658 0.43196 0.01911 ( 1)
 319 V   0.52976 0.01964 0.42908 0.02152 ( 1)
 320 K   0.53146 0.01762 0.43097 0.01996 ( 1)
 321 I   0.52776 0.02205 0.42689 0.02331 ( 1)
 322 Y   0.53252 0.01634 0.43219 0.01895 ( 1)
 323 R   0.53251 0.01674 0.43180 0.01895 ( 1)
 324 A   0.53985 0.00729 0.44205 0.01081 ( 1)
 325 E   0.53402 0.01453 0.43399 0.01746 ( 1)
 326 G   0.53742 0.01031 0.43846 0.01382 ( 1)
 327 L   0.51977 0.03164 0.41871 0.02989 ( 1)
 328 P   0.53443 0.01405 0.43447 0.01706 ( 1)
 329 R   0.33193 0.16884 0.27090 0.22833 ( 1)
 330 M   0.53963 0.00757 0.44171 0.01109 ( 1)
 331 N   0.54071 0.00611 0.44363 0.00955 ( 1)
 332 T   0.53316 0.01533 0.43320 0.01832 ( 1)
 333 S   0.54105 0.00563 0.44430 0.00902 ( 1)
 334 L   0.53703 0.01088 0.43781 0.01428 ( 1)
 335 M   0.53963 0.00757 0.44171 0.01109 ( 1)
 336 A   0.53668 0.01131 0.43735 0.01467 ( 1)
 337 N   0.54071 0.00611 0.44363 0.00955 ( 1)
 338 M   0.53963 0.00757 0.44171 0.01109 ( 1)
 339 K   0.53146 0.01762 0.43097 0.01996 ( 1)
 340 K   0.53146 0.01762 0.43097 0.01996 ( 1)
 341 A   0.53702 0.01148 0.43710 0.01440 ( 1)
 342 F   0.53233 0.01658 0.43196 0.01914 ( 1)
 343 I   0.52851 0.01990 0.42876 0.02283 ( 1)
 344 G   0.54207 0.00404 0.44673 0.00715 ( 1)
 345 E   0.53402 0.01453 0.43399 0.01746 ( 1)
 346 N   0.54071 0.00611 0.44363 0.00955 ( 1)
 347 K   0.53146 0.01762 0.43097 0.01996 ( 1)
 348 D   0.53579 0.01238 0.43621 0.01562 ( 1)
 349 L   0.51977 0.03164 0.41871 0.02989 ( 1)
 350 V   0.34384 0.14748 0.28192 0.22676 ( 1)
 351 D   0.53495 0.01305 0.43553 0.01647 ( 1)
 352 P   0.53358 0.01474 0.43378 0.01790 ( 1)
 353 Y   0.53167 0.01706 0.43150 0.01977 ( 1)
 354 V   0.52893 0.02036 0.42840 0.02231 ( 1)
 355 Q   0.53979 0.00661 0.44310 0.01050 ( 1)
 356 V   0.53814 0.00881 0.44029 0.01276 ( 1)
 357 F   0.53087 0.01873 0.42992 0.02047 ( 1)
 358 F   0.52379 0.02711 0.42252 0.02658 ( 1)
 359 A   0.53544 0.01330 0.43520 0.01605 ( 1)
 360 G   0.53585 0.01281 0.43571 0.01563 ( 1)
 361 Q   0.53395 0.01509 0.43340 0.01756 ( 1)
 362 K   0.52998 0.01978 0.42897 0.02127 ( 1)
 363 G   0.53516 0.00886 0.44070 0.01529 ( 1)
 364 K   0.53164 0.01443 0.43414 0.01979 ( 1)
 365 T   0.53756 0.00592 0.44481 0.01170 ( 1)
 366 S   0.53013 0.01823 0.43036 0.02129 ( 1)
 367 V   0.53027 0.01630 0.43220 0.02123 ( 1)
 368 Q   0.53487 0.01010 0.43903 0.01600 ( 1)
 369 K   0.53614 0.00822 0.44146 0.01418 ( 1)
 370 S   0.53878 0.00376 0.44863 0.00883 ( 1)
 371 S   0.53878 0.00376 0.44863 0.00883 ( 1)
 372 Y   0.53154 0.01456 0.43400 0.01990 ( 1)
 373 E   0.53382 0.01150 0.43740 0.01728 ( 1)
 374 P   0.53483 0.01168 0.43710 0.01639 ( 1)
 375 L   0.52061 0.02881 0.42077 0.02981 ( 1)
 376 W   0.53036 0.01613 0.43236 0.02115 ( 1)
 377 N   0.53856 0.00428 0.44761 0.00955 ( 1)
 378 E   0.53382 0.01150 0.43740 0.01728 ( 1)
 379 Q   0.53487 0.01010 0.43903 0.01600 ( 1)
 380 V   0.53296 0.01418 0.43440 0.01846 ( 1)
 381 V   0.36344 0.11154 0.30091 0.22412 ( 1)
 382 F   0.52594 0.02188 0.42684 0.02535 ( 1)
 383 T   0.53261 0.01314 0.43554 0.01872 ( 1)
 384 D   0.53526 0.00952 0.43979 0.01543 ( 1)
 385 L   0.52061 0.02881 0.42077 0.02981 ( 1)
 386 F   0.53224 0.01355 0.43507 0.01914 ( 1)
 387 P   0.53369 0.01139 0.43751 0.01741 ( 1)
 388 P   0.53820 0.00451 0.44723 0.01005 ( 1)
 389 L   0.53623 0.00817 0.44151 0.01409 ( 1)
 390 C   0.53907 0.00281 0.45071 0.00741 ( 1)
 391 K   0.53164 0.01443 0.43414 0.01979 ( 1)
 392 R   0.53682 0.00728 0.44276 0.01314 ( 1)
 393 M   0.37109 0.10561 0.30746 0.21584 ( 1)
 394 K   0.53319 0.01324 0.43541 0.01816 ( 1)
 395 V   0.53312 0.01250 0.43624 0.01814 ( 1)
 396 Q   0.53487 0.01010 0.43903 0.01600 ( 1)
 397 I   0.53353 0.01191 0.43692 0.01765 ( 1)
 398 R   0.53533 0.00945 0.43986 0.01536 ( 1)
 399 D   0.53526 0.00952 0.43979 0.01543 ( 1)
 400 S   0.52627 0.02146 0.42722 0.02506 ( 1)
 401 D   0.53526 0.00952 0.43979 0.01543 ( 1)
 402 K   0.53164 0.01443 0.43414 0.01979 ( 1)
 403 V   0.53784 0.00560 0.44531 0.01125 ( 1)
 404 N   0.53862 0.00414 0.44788 0.00936 ( 1)
 405 D   0.53526 0.00956 0.43975 0.01543 ( 1)
 406 V   0.53019 0.01637 0.43214 0.02131 ( 1)
 407 A   0.53595 0.00855 0.44102 0.01448 ( 1)
 408 I   0.53343 0.01198 0.43683 0.01776 ( 1)
 409 G   0.53623 0.00814 0.44158 0.01405 ( 1)
 410 T   0.53855 0.00433 0.44751 0.00961 ( 1)
 411 H   0.53910 0.00242 0.45170 0.00678 ( 1)
 412 F   0.53240 0.01343 0.43520 0.01897 ( 1)
 413 I   0.52831 0.01818 0.43031 0.02321 ( 1)
 414 D   0.53526 0.00952 0.43979 0.01543 ( 1)
 415 L   0.52061 0.02881 0.42077 0.02981 ( 1)
 416 R   0.53682 0.00728 0.44276 0.01314 ( 1)
 417 K   0.53164 0.01443 0.43414 0.01979 ( 1)
 418 I   0.57448 0.40721 0.00048 0.01783 ( 1)
 419 S   0.53554 0.00917 0.44020 0.01510 ( 1)
 420 N   0.53862 0.00415 0.44787 0.00936 ( 1)
 421 D   0.31720 0.16355 0.26040 0.25885 ( 1)
 422 G   0.53731 0.00696 0.44316 0.01257 ( 1)
 423 D   0.53535 0.00974 0.43948 0.01542 ( 1)
 424 K   0.53635 0.00837 0.44122 0.01407 ( 1)
 425 G   0.53720 0.01020 0.43864 0.01396 ( 1)
 426 F   0.53358 0.01477 0.43374 0.01791 ( 1)
 427 L   0.52093 0.03006 0.41998 0.02903 ( 1)
 428 P   0.53559 0.01231 0.43630 0.01580 ( 1)
 429 T   0.53706 0.01043 0.43836 0.01415 ( 1)
 430 L   0.52093 0.03006 0.41998 0.02903 ( 1)
 431 G   0.53802 0.00925 0.43972 0.01300 ( 1)
 432 P   0.53559 0.01231 0.43630 0.01580 ( 1)
 433 T   0.03165 0.39528 0.02585 0.54721 ( 4)
 434 W   0.53132 0.01751 0.43105 0.02012 ( 1)
 435 V   0.53107 0.01779 0.43080 0.02034 ( 1)
 436 N   0.54118 0.00493 0.44546 0.00843 ( 1)
 437 M   0.54030 0.00624 0.44356 0.00991 ( 1)
 438 Y   0.53266 0.01589 0.43263 0.01881 ( 1)
 439 G   0.53802 0.00925 0.43972 0.01300 ( 1)
 440 S   0.53718 0.01035 0.43844 0.01404 ( 1)
 441 T   0.53408 0.01343 0.43516 0.01734 ( 1)
 442 R   0.53874 0.00834 0.44081 0.01211 ( 1)
 443 N   0.54118 0.00493 0.44546 0.00843 ( 1)
 444 Y   0.53377 0.01454 0.43398 0.01771 ( 1)
 445 T   0.53717 0.01035 0.43845 0.01403 ( 1)
 446 L   0.52093 0.03006 0.41998 0.02903 ( 1)
 447 L   0.52336 0.02782 0.42194 0.02688 ( 1)
 448 D   0.53673 0.01081 0.43795 0.01451 ( 1)
 449 E   0.53520 0.01277 0.43582 0.01621 ( 1)
 450 H   0.54223 0.00299 0.44881 0.00597 ( 1)
 451 Q   0.53639 0.01132 0.43735 0.01493 ( 1)
 452 D   0.32039 0.17858 0.26142 0.23961 ( 1)
 453 L   0.52093 0.03006 0.41998 0.02903 ( 1)
 454 N   0.54121 0.00500 0.44532 0.00847 ( 1)
 455 E   0.60140 0.39859 0.00001 0.00000 ( 1)
 456 G   0.53802 0.00925 0.43972 0.01300 ( 1)
 457 L   0.52093 0.03006 0.41998 0.02903 ( 1)
 458 G   0.53854 0.00861 0.44047 0.01238 ( 1)
 459 E   0.53520 0.01277 0.43582 0.01621 ( 1)
 460 G   0.53807 0.00936 0.43958 0.01299 ( 1)
 461 V   0.53107 0.01792 0.43068 0.02033 ( 1)
 462 S   0.53993 0.00703 0.44241 0.01062 ( 1)
 463 F   0.53359 0.01489 0.43362 0.01790 ( 1)
 464 R   0.53879 0.00844 0.44066 0.01210 ( 1)
 465 A   0.53773 0.00980 0.43906 0.01341 ( 1)
 466 R   0.53879 0.00844 0.44066 0.01210 ( 1)
 467 L   0.53806 0.00940 0.43951 0.01303 ( 1)
 468 M   0.54037 0.00632 0.44340 0.00991 ( 1)
 469 L   0.52090 0.03017 0.41990 0.02903 ( 1)
 470 G   0.53807 0.00936 0.43958 0.01299 ( 1)
 471 L   0.52090 0.03017 0.41990 0.02903 ( 1)
 472 -   0.54119 0.00337 0.44848 0.00696 ( 1)
 473 -   0.49987 0.50013 0.00001 0.00000 ( 2)
 474 -   0.53385 0.01399 0.43457 0.01759 ( 1)
 475 -   0.53351 0.01442 0.43412 0.01795 ( 1)
 476 -   0.51974 0.03153 0.41877 0.02996 ( 1)
 477 -   0.53565 0.01227 0.43635 0.01573 ( 1)
 478 -   0.53900 0.00807 0.44113 0.01179 ( 1)
 479 -   0.53599 0.01189 0.43674 0.01539 ( 1)
 480 -   0.54050 0.00603 0.44382 0.00965 ( 1)
 481 -   0.52814 0.02138 0.42749 0.02300 ( 1)
 482 -   0.53390 0.01442 0.43412 0.01757 ( 1)
 483 -   0.53691 0.01082 0.43789 0.01438 ( 1)
 484 -   0.54039 0.00630 0.44341 0.00990 ( 1)
 485 -   0.54087 0.00559 0.44442 0.00911 ( 1)
 486 -   0.53600 0.01194 0.43667 0.01539 ( 1)
 487 -   0.53502 0.01271 0.43588 0.01638 ( 1)
 488 -   0.28710 0.21717 0.23342 0.26232 ( 1)
 489 -   0.52967 0.01959 0.42912 0.02162 ( 1)
 490 -   0.53516 0.01297 0.43559 0.01629 ( 1)
 491 -   0.52967 0.01959 0.42912 0.02162 ( 1)
 492 -   0.53446 0.01381 0.43473 0.01700 ( 1)
 493 -   0.02481 0.37144 0.02036 0.58340 ( 4)
 494 -   0.53655 0.01125 0.43743 0.01477 ( 1)
 495 -   0.27164 0.23388 0.22055 0.27392 ( 4)
