Supplemental results for CODEML (seqf: /home/leticiamagpali/phd/evol_models/codeml/big_dataset/cml_align/PCDH15_codon_aligned.phy  treef: /home/leticiamagpali/phd/evol_models/codeml/big_dataset/cml_trees/gene_trees/H1a_gene_trees/PCDH15_tree_H1a.tre)

I	J	ij	2Ns_IJ	pMut_IJ	pSub_IJ	2Ns_JI	pMut_JI	pSub_JI

TTC	TTT	CT	1.11635	0.02653	0.04403	-1.11635	0.08101	0.04403
TTA	TTT	AT	1.52586	0.00414	0.00807	-1.52586	0.01904	0.00807
TTA	TTC	AC	0.40951	0.00583	0.00710	-0.40951	0.00878	0.00710
TTG	TTT	GT	1.34686	0.00685	0.01247	-1.34686	0.02634	0.01247
TTG	TTC	GC	0.23051	0.00964	0.01079	-0.23051	0.01214	0.01079
TTG	TTA	GA	-0.17900	0.03594	0.03282	0.17900	0.03005	0.03282
TCT	TTT	CT	1.52293	0.01767	0.03441	-1.52293	0.08101	0.03441
TCC	TTC	CT	0.68276	0.01886	0.02602	-0.68276	0.03733	0.02602
TCC	TCT	CT	0.27618	0.01886	0.02158	-0.27618	0.02486	0.02158
TCA	TTA	CT	0.21063	0.01880	0.02085	-0.21063	0.02321	0.02085
TCA	TCT	AT	0.21356	0.00472	0.00524	-0.21356	0.00584	0.00524
TCA	TCC	AC	-0.06262	0.00664	0.00644	0.06262	0.00624	0.00644
TCG	TTG	CT	3.11711	0.00170	0.00554	-3.11711	0.03838	0.00554
TCG	TCT	GT	2.94104	0.00043	0.00133	-2.94104	0.00808	0.00133
TCG	TCC	GC	2.66486	0.00060	0.00172	-2.66486	0.00863	0.00172
TCG	TCA	GA	2.72748	0.00224	0.00653	-2.72748	0.03425	0.00653
TAT	TTT	AT	0.28630	0.01430	0.01645	-0.28630	0.01904	0.01645
TAT	TCT	AC	-1.23663	0.02012	0.01018	1.23663	0.00584	0.01018
TAC	TTC	AT	-0.12798	0.00997	0.00935	0.12798	0.00878	0.00935
TAC	TCC	AC	-0.81074	0.01403	0.00911	0.81074	0.00624	0.00911
TAC	TAT	CT	0.70207	0.03972	0.05528	-0.70207	0.08015	0.05528
TGT	TTT	GT	2.76325	0.00166	0.00490	-2.76325	0.02634	0.00490
TGT	TCT	GC	1.24032	0.00234	0.00408	-1.24032	0.00808	0.00408
TGT	TAT	GA	2.47695	0.00872	0.02357	-2.47695	0.10378	0.02357
TGC	TTC	GT	1.99770	0.00165	0.00380	-1.99770	0.01214	0.00380
TGC	TCC	GC	1.31493	0.00232	0.00416	-1.31493	0.00863	0.00416
TGC	TAC	GA	2.12568	0.00864	0.02085	-2.12568	0.07237	0.02085
TGC	TGT	CT	0.35079	0.00656	0.00777	-0.35079	0.00931	0.00777
TGG	TTG	GT	2.94646	0.00066	0.00204	-2.94646	0.01248	0.00204
TGG	TCG	GC	-0.17065	0.00092	0.00085	0.17065	0.00078	0.00085
TGG	TGT	GT	1.53007	0.00066	0.00128	-1.53007	0.00303	0.00128
TGG	TGC	GC	1.17927	0.00092	0.00157	-1.17927	0.00300	0.00157
CTT	TTT	CT	0.61917	0.04361	0.05850	-0.61917	0.08101	0.05850
CTC	TTC	CT	0.14469	0.03230	0.03469	-0.14469	0.03733	0.03469
CTC	CTT	CT	0.64187	0.03230	0.04377	-0.64187	0.06137	0.04377
CTA	TTA	CT	0.09665	0.02107	0.02210	-0.09665	0.02321	0.02210
CTA	CTT	AT	1.00334	0.00529	0.00838	-1.00334	0.01443	0.00838
CTA	CTC	AC	0.36147	0.00744	0.00887	-0.36147	0.01068	0.00887
CTG	TTG	CT	-0.00813	0.03869	0.03854	0.00813	0.03838	0.03854
CTG	CTT	GT	0.71956	0.00972	0.01363	-0.71956	0.01995	0.01363
CTG	CTC	GC	0.07769	0.01367	0.01421	-0.07769	0.01478	0.01421
CTG	CTA	GA	-0.28378	0.05098	0.04409	0.28378	0.03838	0.04409
CCT	TCT	CT	-0.83455	0.05727	0.03666	0.83455	0.02486	0.03666
CCT	CTT	CT	0.06921	0.05727	0.05927	-0.06921	0.06137	0.05927
CCC	TCC	CT	0.75078	0.01253	0.01781	-0.75078	0.02654	0.01781
CCC	CTC	CT	1.28885	0.01253	0.02228	-1.28885	0.04545	0.02228
CCC	CCT	CT	1.86150	0.01253	0.02761	-1.86150	0.08058	0.02761
CCA	TCA	CT	-0.93477	0.06736	0.04071	0.93477	0.02645	0.04071
CCA	CTA	CT	-0.82079	0.06736	0.04346	0.82079	0.02964	0.04346
CCA	CCT	AT	0.11333	0.01691	0.01789	-0.11333	0.01894	0.01789
CCA	CCC	AC	-1.74817	0.02380	0.00877	1.74817	0.00414	0.00877
CCG	TCG	CT	-1.76866	0.01402	0.00510	1.76866	0.00239	0.00510
CCG	CTG	CT	1.35657	0.01402	0.02562	-1.35657	0.05445	0.02562
CCG	CCT	GT	2.00692	0.00352	0.00816	-2.00692	0.02620	0.00816
CCG	CCC	GC	0.14542	0.00495	0.00532	-0.14542	0.00573	0.00532
CCG	CCA	GA	1.89359	0.01847	0.04118	-1.89359	0.12273	0.04118
CAT	TAT	CT	1.32582	0.02129	0.03843	-1.32582	0.08015	0.03843
CAT	CTT	AT	0.99295	0.00534	0.00843	-0.99295	0.01443	0.00843
CAT	CCT	AC	0.92374	0.00752	0.01152	-0.92374	0.01894	0.01152
CAC	TAC	CT	1.59228	0.01137	0.02273	-1.59228	0.05589	0.02273
CAC	CTC	AT	1.31961	0.00286	0.00514	-1.31961	0.01068	0.00514
CAC	CCC	AC	0.03076	0.00402	0.00408	-0.03076	0.00414	0.00408
CAC	CAT	CT	0.96852	0.01137	0.01775	-0.96852	0.02995	0.01775
CAA	CTA	AT	-0.18548	0.00839	0.00764	0.18548	0.00697	0.00764
CAA	CCA	AC	0.63532	0.01180	0.01595	-0.63532	0.02228	0.01595
CAA	CAT	AT	-0.17509	0.00839	0.00768	0.17509	0.00704	0.00768
CAA	CAC	AC	-1.14361	0.01180	0.00631	1.14361	0.00376	0.00631
CAG	CTG	AT	0.34179	0.00909	0.01074	-0.34179	0.01280	0.01074
CAG	CCG	AC	-1.01479	0.01280	0.00738	1.01479	0.00464	0.00738
CAG	CAT	GT	0.06840	0.00909	0.00941	-0.06840	0.00974	0.00941
CAG	CAC	GC	-0.90013	0.01280	0.00789	0.90013	0.00520	0.00789
CAG	CAA	GA	0.24348	0.04772	0.05376	-0.24348	0.06087	0.05376
CGT	TGT	CT	0.02672	0.00907	0.00919	-0.02672	0.00931	0.00919
CGT	CTT	GT	2.17080	0.00228	0.00558	-2.17080	0.01995	0.00558
CGT	CCT	GC	2.10158	0.00320	0.00767	-2.10158	0.02620	0.00767
CGT	CAT	GA	1.17785	0.01194	0.02033	-1.17785	0.03878	0.02033
CGC	TGC	CT	-0.50971	0.01536	0.01178	0.50971	0.00923	0.01178
CGC	CTC	GT	1.34330	0.00386	0.00701	-1.34330	0.01478	0.00701
CGC	CCC	GC	0.05445	0.00543	0.00558	-0.05445	0.00573	0.00558
CGC	CAC	GA	0.02369	0.02023	0.02047	-0.02369	0.02072	0.02047
CGC	CGT	CT	-0.18563	0.01536	0.01398	0.18563	0.01276	0.01398
CGA	CTA	GT	0.90810	0.00389	0.00591	-0.90810	0.00964	0.00591
CGA	CCA	GC	1.72889	0.00547	0.01150	-1.72889	0.03081	0.01150
CGA	CAA	GA	1.09358	0.02039	0.03354	-1.09358	0.06087	0.03354
CGA	CGT	AT	-0.25935	0.00389	0.00340	0.25935	0.00300	0.00340
CGA	CGC	AC	-0.07372	0.00547	0.00527	0.07372	0.00508	0.00527
CGG	TGG	CT	-1.23158	0.01259	0.00639	1.23158	0.00367	0.00639
CGG	CTG	GT	1.72301	0.00316	0.00663	-1.72301	0.01770	0.00663
CGG	CCG	GC	0.36643	0.00445	0.00531	-0.36643	0.00641	0.00531
CGG	CAG	GA	1.38122	0.01658	0.03059	-1.38122	0.06599	0.03059
CGG	CGT	GT	0.27177	0.00316	0.00361	-0.27177	0.00415	0.00361
CGG	CGC	GC	0.45741	0.00445	0.00554	-0.45741	0.00703	0.00554
CGG	CGA	GA	0.53113	0.01658	0.02137	-0.53113	0.02820	0.02137
ATT	TTT	AT	0.21303	0.01539	0.01709	-0.21303	0.01904	0.01709
ATT	CTT	AC	-0.40614	0.02165	0.01755	0.40614	0.01443	0.01755
ATC	TTC	AT	-0.60440	0.01606	0.01169	0.60440	0.00878	0.01169
ATC	CTC	AC	-0.74909	0.02260	0.01518	0.74909	0.01068	0.01518
ATC	ATT	CT	0.29892	0.06396	0.07400	-0.29892	0.08625	0.07400
ATA	TTA	AT	-0.42660	0.00836	0.00670	0.42660	0.00546	0.00670
ATA	CTA	AC	-0.52326	0.01176	0.00895	0.52326	0.00697	0.00895
ATA	ATT	AT	0.88622	0.00836	0.01260	-0.88622	0.02027	0.01260
ATA	ATC	AC	0.58730	0.01176	0.01555	-0.58730	0.02116	0.01555
ATG	TTG	AT	0.00391	0.00899	0.00901	-0.00391	0.00902	0.00901
ATG	CTG	AC	0.01204	0.01265	0.01272	-0.01204	0.01280	0.01272
ATG	ATT	GT	1.13774	0.00899	0.01505	-1.13774	0.02804	0.01505
ATG	ATC	GC	0.83882	0.01265	0.01868	-0.83882	0.02926	0.01868
ATG	ATA	GA	0.25152	0.04716	0.05334	-0.25152	0.06064	0.05334
ACT	TCT	AT	-0.99152	0.01575	0.00921	0.99152	0.00584	0.00921
ACT	CCT	AC	-0.15697	0.02216	0.02047	0.15697	0.01894	0.02047
ACT	ATT	CT	0.31838	0.06273	0.07324	-0.31838	0.08625	0.07324
ACC	TCC	AT	-0.53380	0.01064	0.00805	0.53380	0.00624	0.00805
ACC	CCC	AC	-1.28457	0.01497	0.00736	1.28457	0.00414	0.00736
ACC	ATC	CT	0.75336	0.04237	0.06032	-0.75336	0.09000	0.06032
ACC	ACT	CT	0.73390	0.04237	0.05980	-0.73390	0.08827	0.05980
ACA	TCA	AT	-0.83148	0.01428	0.00916	0.83148	0.00622	0.00916
ACA	CCA	AC	0.10328	0.02010	0.02115	-0.10328	0.02228	0.02115
ACA	ATA	CT	-0.19425	0.05688	0.05153	0.19425	0.04684	0.05153
ACA	ACT	AT	0.37359	0.01428	0.01711	-0.37359	0.02075	0.01711
ACA	ACC	AC	-0.36031	0.02010	0.01669	0.36031	0.01402	0.01669
ACG	TCG	AT	-1.63560	0.00289	0.00114	1.63560	0.00056	0.00114
ACG	CCG	AC	0.13306	0.00406	0.00434	-0.13306	0.00464	0.00434
ACG	ATG	CT	1.47760	0.01149	0.02200	-1.47760	0.05037	0.02200
ACG	ACT	GT	2.29696	0.00289	0.00737	-2.29696	0.02870	0.00737
ACG	ACC	GC	1.56305	0.00406	0.00803	-1.56305	0.01938	0.00803
ACG	ACA	GA	1.92336	0.01514	0.03411	-1.92336	0.10363	0.03411
AAT	TAT	AT	-0.04646	0.01974	0.01928	0.04646	0.01884	0.01928
AAT	CAT	AC	-1.37228	0.02777	0.01294	1.37228	0.00704	0.01294
AAT	ATT	AT	0.02681	0.01974	0.02000	-0.02681	0.02027	0.02000
AAT	ACT	AC	-0.29157	0.02777	0.02392	0.29157	0.02075	0.02392
AAC	TAC	AT	0.45548	0.00833	0.01037	-0.45548	0.01314	0.01037
AAC	CAC	AC	-1.13680	0.01172	0.00630	1.13680	0.00376	0.00630
AAC	ATC	AT	0.93189	0.00833	0.01281	-0.93189	0.02116	0.01281
AAC	ACC	AC	0.17853	0.01172	0.01280	-0.17853	0.01402	0.01280
AAC	AAT	CT	1.20400	0.03318	0.05708	-1.20400	0.11062	0.05708
AAA	CAA	AC	-0.21627	0.01372	0.01229	0.21627	0.01105	0.01229
AAA	ATA	AT	0.12151	0.00975	0.01036	-0.12151	0.01101	0.01036
AAA	ACA	AC	0.31576	0.01372	0.01600	-0.31576	0.01882	0.01600
AAA	AAT	AT	0.98092	0.00975	0.01530	-0.98092	0.02600	0.01530
AAA	AAC	AC	-0.22308	0.01372	0.01225	0.22308	0.01098	0.01225
AAG	CAG	AC	-0.01426	0.01215	0.01207	0.01426	0.01198	0.01207
AAG	ATG	AT	0.31549	0.00864	0.01007	-0.31549	0.01184	0.01007
AAG	ACG	AC	-1.16211	0.01215	0.00643	1.16211	0.00380	0.00643
AAG	AAT	GT	1.42642	0.00864	0.01621	-1.42642	0.03596	0.01621
AAG	AAC	GC	0.22241	0.01215	0.01355	-0.22241	0.01518	0.01355
AAG	AAA	GA	0.44549	0.04532	0.05616	-0.44549	0.07075	0.05616
AGT	TGT	AT	-1.41251	0.00899	0.00409	1.41251	0.00219	0.00409
AGT	CGT	AC	-1.43922	0.01265	0.00566	1.43922	0.00300	0.00566
AGT	ATT	GT	1.13771	0.00899	0.01505	-1.13771	0.02804	0.01505
AGT	ACT	GC	0.81933	0.01265	0.01853	-0.81933	0.02870	0.01853
AGT	AAT	GA	1.11090	0.04716	0.07811	-1.11090	0.14323	0.07811
AGC	TGC	AT	-0.84227	0.00503	0.00321	0.84227	0.00217	0.00321
AGC	CGC	AC	-0.33256	0.00708	0.00597	0.33256	0.00508	0.00597
AGC	ATC	GT	1.75982	0.00503	0.01070	-1.75982	0.02926	0.01070
AGC	ACC	GC	1.00646	0.00708	0.01124	-1.00646	0.01938	0.01124
AGC	AAC	GA	0.82793	0.02642	0.03885	-0.82793	0.06046	0.03885
AGC	AGT	CT	0.92103	0.02005	0.03068	-0.92103	0.05037	0.03068
AGA	CGA	AC	-0.84715	0.01195	0.00759	0.84715	0.00512	0.00759
AGA	ATA	GT	0.58421	0.00849	0.01121	-0.58421	0.01523	0.01121
AGA	ACA	GC	0.77846	0.01195	0.01719	-0.77846	0.02602	0.01719
AGA	AAA	GA	0.46270	0.04455	0.05564	-0.46270	0.07075	0.05564
AGA	AGT	AT	0.33272	0.00849	0.00998	-0.33272	0.01184	0.00998
AGA	AGC	AC	-0.58831	0.01195	0.00877	0.58831	0.00663	0.00877
AGG	TGG	AT	-1.91200	0.00584	0.00194	1.91200	0.00086	0.00194
AGG	CGG	AC	-0.68042	0.00822	0.00574	0.68042	0.00416	0.00574
AGG	ATG	GT	1.03055	0.00584	0.00936	-1.03055	0.01637	0.00936
AGG	ACG	GC	-0.44705	0.00822	0.00652	0.44705	0.00526	0.00652
AGG	AAG	GA	0.71506	0.03066	0.04291	-0.71506	0.06267	0.04291
AGG	AGT	GT	1.03057	0.00584	0.00936	-1.03057	0.01637	0.00936
AGG	AGC	GC	0.10954	0.00822	0.00868	-0.10954	0.00917	0.00868
AGG	AGA	GA	0.69785	0.03066	0.04259	-0.69785	0.06160	0.04259
GTT	TTT	GT	0.55959	0.01505	0.01965	-0.55959	0.02634	0.01965
GTT	CTT	GC	-0.05958	0.02118	0.02055	0.05958	0.01995	0.02055
GTT	ATT	GA	0.34656	0.07896	0.09344	-0.34656	0.11167	0.09344
GTC	TTC	GT	0.28290	0.00914	0.01050	-0.28290	0.01214	0.01050
GTC	CTC	GC	0.13821	0.01287	0.01378	-0.13821	0.01478	0.01378
GTC	ATC	GA	0.88729	0.04798	0.07238	-0.88729	0.11653	0.07238
GTC	GTT	CT	0.83966	0.03642	0.05383	-0.83966	0.08434	0.05383
GTA	TTA	GT	-0.29882	0.01017	0.00873	0.29882	0.00754	0.00873
GTA	CTA	GC	-0.39547	0.01431	0.01167	0.39547	0.00964	0.01167
GTA	ATA	GA	0.12778	0.05337	0.05685	-0.12778	0.06064	0.05685
GTA	GTT	AT	0.66745	0.01017	0.01394	-0.66745	0.01983	0.01394
GTA	GTC	AC	-0.17221	0.01431	0.01312	0.17221	0.01205	0.01312
GTG	TTG	GT	-0.37405	0.01814	0.01496	0.37405	0.01248	0.01496
GTG	CTG	GC	-0.36592	0.02552	0.02114	0.36592	0.01770	0.02114
GTG	ATG	GA	-0.37796	0.09517	0.07831	0.37796	0.06522	0.07831
GTG	GTT	GT	0.41322	0.01814	0.02214	-0.41322	0.02742	0.02214
GTG	GTC	GC	-0.42644	0.02552	0.02047	0.42644	0.01666	0.02047
GTG	GTA	GA	-0.25423	0.09517	0.08358	0.25423	0.07381	0.08358
GCT	TCT	GT	-0.30881	0.01100	0.00939	0.30881	0.00808	0.00939
GCT	CCT	GC	0.52574	0.01549	0.01991	-0.52574	0.02620	0.01991
GCT	ACT	GA	0.68271	0.05774	0.07968	-0.68271	0.11429	0.07968
GCT	GTT	CT	0.65453	0.04383	0.05973	-0.65453	0.08434	0.05973
GCC	TCC	GT	-0.29690	0.01161	0.00997	0.29690	0.00863	0.00997
GCC	CCC	GC	-1.04767	0.01634	0.00925	1.04767	0.00573	0.00925
GCC	ACC	GA	0.23690	0.06091	0.06841	-0.23690	0.07720	0.06841
GCC	GTC	CT	0.10297	0.04624	0.04866	-0.10297	0.05125	0.04866
GCC	GCT	CT	0.28809	0.04624	0.05322	-0.28809	0.06167	0.05322
GCA	TCA	GT	-0.40474	0.01289	0.01046	0.40474	0.00860	0.01046
GCA	CCA	GC	0.53003	0.01814	0.02337	-0.53003	0.03081	0.02337
GCA	ACA	GA	0.42675	0.06763	0.08309	-0.42675	0.10363	0.08309
GCA	GTA	CT	0.10471	0.05134	0.05407	-0.10471	0.05700	0.05407
GCA	GCT	AT	0.11763	0.01289	0.01366	-0.11763	0.01450	0.01366
GCA	GCC	AC	-0.17046	0.01814	0.01663	0.17046	0.01529	0.01663
GCG	TCG	GT	-1.13471	0.00242	0.00130	1.13471	0.00078	0.00130
GCG	CCG	GC	0.63396	0.00340	0.00459	-0.63396	0.00641	0.00459
GCG	ACG	GA	0.50089	0.01269	0.01613	-0.50089	0.02094	0.01613
GCG	GTG	CT	2.35645	0.00963	0.02507	-2.35645	0.10165	0.02507
GCG	GCT	GT	2.11514	0.00242	0.00582	-2.11514	0.02005	0.00582
GCG	GCC	GC	1.82705	0.00340	0.00741	-1.82705	0.02115	0.00741
GCG	GCA	GA	1.99751	0.01269	0.02933	-1.99751	0.09353	0.02933
GAT	TAT	GT	-0.03568	0.02700	0.02652	0.03568	0.02606	0.02652
GAT	CAT	GC	-1.36150	0.03800	0.01783	1.36150	0.00974	0.01783
GAT	AAT	GA	0.01078	0.14169	0.14246	-0.01078	0.14323	0.14246
GAT	GTT	AT	-0.30897	0.02700	0.02305	0.30897	0.01983	0.02305
GAT	GCT	AC	-0.96350	0.03800	0.02259	0.96350	0.01450	0.02259
GAC	TAC	GT	0.24940	0.01416	0.01600	-0.24940	0.01817	0.01600
GAC	CAC	GC	-1.34288	0.01992	0.00945	1.34288	0.00520	0.00945
GAC	AAC	GA	-0.20608	0.07430	0.06690	0.20608	0.06046	0.06690
GAC	GTC	AT	-0.16148	0.01416	0.01305	0.16148	0.01205	0.01305
GAC	GCC	AC	-0.26445	0.01992	0.01741	0.26445	0.01529	0.01741
GAC	GAT	CT	0.98714	0.05639	0.08874	-0.98714	0.15134	0.08874
GAA	CAA	GC	-0.68295	0.03026	0.02109	0.68295	0.01528	0.02109
GAA	AAA	GA	-0.46668	0.11283	0.08854	0.46668	0.07075	0.08854
GAA	GTA	AT	-0.47295	0.02150	0.01682	0.47295	0.01340	0.01682
GAA	GCA	AC	-0.57767	0.03026	0.02236	0.57767	0.01698	0.02236
GAA	GAT	AT	0.50346	0.02150	0.02737	-0.50346	0.03558	0.02737
GAA	GAC	AC	-0.48368	0.03026	0.02353	0.48368	0.01865	0.02353
GAG	CAG	GC	0.07323	0.01540	0.01597	-0.07323	0.01657	0.01597
GAG	AAG	GA	0.08749	0.05742	0.05997	-0.08749	0.06267	0.05997
GAG	GTG	AT	0.78094	0.01094	0.01577	-0.78094	0.02390	0.01577
GAG	GCG	AC	-1.57551	0.01540	0.00633	1.57551	0.00319	0.00633
GAG	GAT	GT	1.50313	0.01094	0.02116	-1.50313	0.04920	0.02116
GAG	GAC	GC	0.51598	0.01540	0.01971	-0.51598	0.02580	0.01971
GAG	GAA	GA	0.99967	0.05742	0.09083	-0.99967	0.15604	0.09083
GGT	TGT	GT	-0.62855	0.00568	0.00408	0.62855	0.00303	0.00408
GGT	CGT	GC	-0.65527	0.00799	0.00565	0.65527	0.00415	0.00565
GGT	AGT	GA	0.78396	0.02978	0.04296	-0.78396	0.06522	0.04296
GGT	GTT	GT	1.57511	0.00568	0.01127	-1.57511	0.02742	0.01127
GGT	GCT	GC	0.92058	0.00799	0.01222	-0.92058	0.02005	0.01222
GGT	GAT	GA	1.88408	0.02978	0.06616	-1.88408	0.19595	0.06616
GGC	TGC	GT	-0.69770	0.00603	0.00417	0.69770	0.00300	0.00417
GGC	CGC	GC	-0.18800	0.00848	0.00771	0.18800	0.00703	0.00771
GGC	AGC	GA	0.14456	0.03162	0.03396	-0.14456	0.03653	0.03396
GGC	GTC	GT	1.01709	0.00603	0.00960	-1.01709	0.01666	0.00960
GGC	GCC	GC	0.91412	0.00848	0.01294	-0.91412	0.02115	0.01294
GGC	GAC	GA	1.17857	0.03162	0.05383	-1.17857	0.10275	0.05383
GGC	GGT	CT	0.28164	0.02400	0.02754	-0.28164	0.03180	0.02754
GGA	CGA	GC	-0.88999	0.01724	0.01069	0.88999	0.00708	0.01069
GGA	AGA	GA	-0.04284	0.06430	0.06293	0.04284	0.06160	0.06293
GGA	GTA	GT	0.41358	0.01225	0.01496	-0.41358	0.01853	0.01496
GGA	GCA	GC	0.30887	0.01724	0.02004	-0.30887	0.02348	0.02004
GGA	GAA	GA	0.88654	0.06430	0.09696	-0.88654	0.15604	0.09696
GGA	GGT	AT	-0.49408	0.01225	0.00948	0.49408	0.00748	0.00948
GGA	GGC	AC	-0.77572	0.01724	0.01141	0.77572	0.00794	0.01141
GGG	TGG	GT	-1.92366	0.00817	0.00269	1.92366	0.00119	0.00269
GGG	CGG	GC	-0.69208	0.01150	0.00798	0.69208	0.00576	0.00798
GGG	AGG	GA	-0.01166	0.04289	0.04264	0.01166	0.04240	0.04264
GGG	GTG	GT	1.39685	0.00817	0.01517	-1.39685	0.03305	0.01517
GGG	GCG	GC	-0.95961	0.01150	0.00685	0.95961	0.00441	0.00685
GGG	GAG	GA	0.61590	0.04289	0.05745	-0.61590	0.07941	0.05745
GGG	GGT	GT	0.23495	0.00817	0.00917	-0.23495	0.01034	0.00917
GGG	GGC	GC	-0.04668	0.01150	0.01124	0.04668	0.01098	0.01124
GGG	GGA	GA	0.72903	0.04289	0.06041	-0.72903	0.08892	0.06041


Histograms
2Ns	FMut	FSub(CodonUsage)	FSubw(after w)

-2.96868	0.00435	0.00075
-2.67181	0.00511	0.00110
-2.37494	0.01727	0.00470
-2.07807	0.01995	0.00681
-1.78121	0.04844	0.01887
-1.48434	0.04859	0.02452
-1.18747	0.06282	0.03743
-0.89060	0.12651	0.08908
-0.59374	0.12177	0.10077
-0.29687	0.13648	0.13354
0.00000	0.14516	0.16485
0.29687	0.10200	0.13354
0.59374	0.06670	0.10077
0.89060	0.05193	0.08908
1.18747	0.01937	0.03743
1.48434	0.01140	0.02452
1.78121	0.00754	0.01887
2.07807	0.00254	0.00681
2.37494	0.00157	0.00470
2.67181	0.00033	0.00110
2.96868	0.00021	0.00075

Proportion of advantageous (S > 0) mutations:
 0.33371

Proportions of good & bad mutations (|S| > 2.0000) among mutations:
0.00358  0.03888

mean |Ns| = 0.76076	mean Ns+ = 0.55050	mean Ns- = -0.86607


MLEs of dN/dS (w) for site classes (K=4)

site class             0        1       2a       2b
proportion       0.69306  0.09061  0.19131  0.02501
background w     0.04565  1.88489  0.04565  1.88489
foreground w     0.04565  1.88489  0.00000  0.00000

Naive Empirical Bayes (NEB) probabilities for 4 classes
(amino acids refer to 1st sequence: Bacu)

   1 G   0.76664 0.01527 0.21280 0.00529 ( 1)
   2 T   0.75496 0.02737 0.20906 0.00860 ( 1)
   3 I   0.01353 0.74488 0.00375 0.23784 ( 2)
   4 L   0.21481 0.55976 0.05940 0.16604 ( 2)
   5 V   0.74081 0.04172 0.20492 0.01254 ( 1)
   6 D   0.75135 0.03103 0.20799 0.00963 ( 1)
   7 N   0.76682 0.01540 0.21265 0.00514 ( 1)
   8 M   0.77187 0.01029 0.21427 0.00358 ( 1)
   9 L   0.73540 0.04724 0.20335 0.01401 ( 1)
  10 I   0.75060 0.03179 0.20777 0.00984 ( 1)
  11 K   0.76761 0.01458 0.21290 0.00490 ( 1)
  12 G   0.75918 0.02311 0.21032 0.00739 ( 1)
  13 T   0.75496 0.02737 0.20906 0.00860 ( 1)
  14 A   0.76330 0.01895 0.21156 0.00619 ( 1)
  15 G   0.76022 0.02205 0.21063 0.00709 ( 1)
  16 G   0.76022 0.02205 0.21063 0.00709 ( 1)
  17 P   0.74026 0.04229 0.20476 0.01269 ( 1)
  18 D   0.01461 0.74069 0.00405 0.24065 ( 2)
  19 P   0.74026 0.04229 0.20476 0.01269 ( 1)
  20 T   0.75819 0.02411 0.21002 0.00768 ( 1)
  21 I   0.77029 0.01189 0.21375 0.00407 ( 1)
  22 E   0.75374 0.02861 0.20870 0.00895 ( 1)
  23 L   0.75036 0.03199 0.20772 0.00993 ( 1)
  24 S   0.76995 0.01223 0.21364 0.00418 ( 1)
  25 L   0.75031 0.03209 0.20769 0.00992 ( 1)
  26 K   0.76356 0.01869 0.21164 0.00611 ( 1)
  27 D   0.75770 0.02460 0.20987 0.00782 ( 1)
  28 N   0.76633 0.01587 0.21251 0.00529 ( 1)
  29 M   0.27344 0.50027 0.07564 0.15064 ( 2)
  30 D   0.75135 0.03103 0.20799 0.00963 ( 1)
  31 Y   0.73913 0.04343 0.20443 0.01301 ( 1)
  32 W   0.77204 0.01011 0.21432 0.00352 ( 1)
  33 V   0.36044 0.40908 0.09985 0.13063 ( 2)
  34 L   0.73581 0.04682 0.20347 0.01390 ( 1)
  35 L   0.73559 0.04705 0.20341 0.01396 ( 1)
  36 D   0.75135 0.03103 0.20799 0.00963 ( 1)
  37 P   0.74554 0.03693 0.20629 0.01125 ( 1)
  38 V   0.75687 0.02544 0.20963 0.00806 ( 1)
  39 K   0.76775 0.01446 0.21294 0.00485 ( 1)
  40 Q   0.75035 0.03204 0.20770 0.00990 ( 1)
  41 M   0.77187 0.01029 0.21427 0.00358 ( 1)
  42 L   0.75770 0.02460 0.20987 0.00782 ( 1)
  43 F   0.76089 0.02138 0.21083 0.00689 ( 1)
  44 L   0.73540 0.04724 0.20335 0.01401 ( 1)
  45 N   0.76682 0.01540 0.21265 0.00514 ( 1)
  46 S   0.77062 0.01155 0.21386 0.00397 ( 1)
  47 T   0.76496 0.01727 0.21208 0.00570 ( 1)
  48 G   0.76589 0.01634 0.21236 0.00542 ( 1)
  49 R   0.76490 0.01733 0.21206 0.00571 ( 1)
  50 V   0.75687 0.02544 0.20963 0.00806 ( 1)
  51 L   0.73540 0.04724 0.20335 0.01401 ( 1)
  52 D   0.75136 0.03102 0.20800 0.00962 ( 1)
  53 R   0.76490 0.01733 0.21206 0.00571 ( 1)
  54 D   0.75135 0.03103 0.20799 0.00963 ( 1)
  55 P   0.74112 0.04117 0.20510 0.01261 ( 1)
  56 P   0.74049 0.04200 0.20485 0.01267 ( 1)
  57 M   0.77169 0.01037 0.21429 0.00366 ( 1)
  58 N   0.76662 0.01549 0.21265 0.00523 ( 1)
  59 I   0.77010 0.01197 0.21377 0.00416 ( 1)
  60 H   0.77438 0.00763 0.21521 0.00278 ( 1)
  61 S   0.75827 0.02394 0.21009 0.00770 ( 1)
  62 I   0.75045 0.03186 0.20776 0.00993 ( 1)
  63 V   0.74063 0.04184 0.20489 0.01264 ( 1)
  64 V   0.75858 0.02362 0.21019 0.00761 ( 1)
  65 Q   0.74737 0.03511 0.20680 0.01071 ( 1)
  66 V   0.75667 0.02556 0.20961 0.00816 ( 1)
  67 Q   0.74386 0.03855 0.20583 0.01176 ( 1)
  68 C   0.77517 0.00682 0.21549 0.00252 ( 1)
  69 I   0.75040 0.03191 0.20775 0.00994 ( 1)
  70 N   0.76662 0.01549 0.21265 0.00523 ( 1)
  71 K   0.76756 0.01455 0.21295 0.00494 ( 1)
  72 K   0.76756 0.01455 0.21295 0.00494 ( 1)
  73 V   0.74063 0.04184 0.20489 0.01264 ( 1)
  74 G   0.77099 0.01113 0.21401 0.00387 ( 1)
  75 T   0.75479 0.02744 0.20906 0.00871 ( 1)
  76 V   0.75667 0.02556 0.20961 0.00816 ( 1)
  77 I   0.75045 0.03185 0.20777 0.00992 ( 1)
  78 Y   0.73876 0.04374 0.20435 0.01315 ( 1)
  79 H   0.77002 0.01206 0.21374 0.00418 ( 1)
  80 E   0.75354 0.02872 0.20868 0.00905 ( 1)
  81 V   0.75667 0.02556 0.20961 0.00816 ( 1)
  82 R   0.75827 0.02394 0.21009 0.00770 ( 1)
  83 I   0.75129 0.03104 0.20800 0.00967 ( 1)
  84 V   0.00550 0.82678 0.00150 0.16621 ( 2)
  85 V   0.74063 0.04184 0.20489 0.01264 ( 1)
  86 R   0.76470 0.01743 0.21206 0.00581 ( 1)
  87 D   0.75732 0.02489 0.20981 0.00798 ( 1)
  88 R   0.76470 0.01743 0.21206 0.00581 ( 1)
  89 N   0.75974 0.02245 0.21054 0.00727 ( 1)
  90 D   0.75750 0.02472 0.20986 0.00792 ( 1)
  91 N   0.76662 0.01549 0.21265 0.00523 ( 1)
  92 S   0.76087 0.02131 0.21088 0.00694 ( 1)
  93 P   0.76698 0.01513 0.21277 0.00512 ( 1)
  94 T   0.75376 0.02850 0.20875 0.00899 ( 1)
  95 F   0.76069 0.02149 0.21082 0.00700 ( 1)
  96 K   0.76336 0.01879 0.21164 0.00621 ( 1)
  97 H   0.77001 0.01206 0.21374 0.00418 ( 1)
  98 E   0.75354 0.02872 0.20868 0.00905 ( 1)
  99 N   0.45979 0.30600 0.12764 0.10657 ( 1)
 100 Y   0.73876 0.04374 0.20435 0.01315 ( 1)
 101 Y   0.23011 0.54371 0.06364 0.16253 ( 2)
 102 A   0.01211 0.74757 0.00335 0.23696 ( 2)
 103 T   0.75376 0.02850 0.20875 0.00899 ( 1)
 104 V   0.74063 0.04184 0.20489 0.01264 ( 1)
 105 N   0.75974 0.02245 0.21054 0.00727 ( 1)
 106 E   0.76214 0.02002 0.21127 0.00657 ( 1)
 107 L   0.74793 0.03443 0.20702 0.01062 ( 1)
 108 T   0.75345 0.02876 0.20868 0.00911 ( 1)
 109 P   0.73883 0.04362 0.20439 0.01316 ( 1)
 110 V   0.75538 0.02681 0.20925 0.00856 ( 1)
 111 G   0.76468 0.01740 0.21209 0.00584 ( 1)
 112 T   0.75677 0.02540 0.20967 0.00816 ( 1)
 113 T   0.75245 0.02977 0.20838 0.00939 ( 1)
 114 V   0.01324 0.74108 0.00367 0.24202 ( 2)
 115 F   0.74719 0.03512 0.20683 0.01087 ( 1)
 116 T   0.75279 0.02944 0.20848 0.00929 ( 1)
 117 G   0.75877 0.02338 0.21027 0.00758 ( 1)
 118 F   0.74719 0.03512 0.20683 0.01087 ( 1)
 119 S   0.75963 0.02251 0.21053 0.00733 ( 1)
 120 G   0.75877 0.02338 0.21027 0.00758 ( 1)
 121 D   0.75621 0.02596 0.20951 0.00832 ( 1)
 122 N   0.75848 0.02367 0.21019 0.00767 ( 1)
 123 G   0.75877 0.02338 0.21027 0.00758 ( 1)
 124 A   0.76189 0.02021 0.21123 0.00667 ( 1)
 125 T   0.75245 0.02977 0.20838 0.00939 ( 1)
 126 D   0.75621 0.02596 0.20951 0.00832 ( 1)
 127 I   0.76910 0.01292 0.21349 0.00449 ( 1)
 128 D   0.74984 0.03242 0.20761 0.01013 ( 1)
 129 D   0.74984 0.03242 0.20761 0.01013 ( 1)
 130 G   0.76468 0.01740 0.21209 0.00584 ( 1)
 131 P   0.73883 0.04362 0.20439 0.01316 ( 1)
 132 N   0.75848 0.02367 0.21019 0.00767 ( 1)
 133 G   0.75877 0.02338 0.21027 0.00758 ( 1)
 134 Q   0.74257 0.03981 0.20548 0.01214 ( 1)
 135 I   0.76910 0.01292 0.21349 0.00449 ( 1)
 136 E   0.75223 0.03000 0.20832 0.00945 ( 1)
 137 Y   0.73942 0.04302 0.20456 0.01300 ( 1)
 138 V   0.75538 0.02681 0.20925 0.00856 ( 1)
 139 I   0.75792 0.02423 0.21002 0.00783 ( 1)
 140 Q   0.74775 0.03450 0.20701 0.01074 ( 1)
 141 Y   0.73942 0.04302 0.20456 0.01300 ( 1)
 142 N   0.75848 0.02367 0.21019 0.00767 ( 1)
 143 P   0.73883 0.04362 0.20439 0.01316 ( 1)
 144 D   0.74984 0.03242 0.20761 0.01013 ( 1)
 145 D   0.74987 0.03239 0.20762 0.01012 ( 1)
 146 P   0.75483 0.02736 0.20909 0.00872 ( 1)
 147 T   0.74776 0.03505 0.20678 0.01041 ( 1)
 148 S   0.75393 0.02887 0.20854 0.00866 ( 1)
 149 N   0.75546 0.02733 0.20898 0.00823 ( 1)
 150 D   0.38044 0.61956 0.00000 0.00000 ( 2)
 151 T   0.75316 0.02963 0.20832 0.00889 ( 1)
 152 F   0.74403 0.03885 0.20570 0.01142 ( 1)
 153 E   0.00025 0.76944 0.00007 0.23025 ( 2)
 154 I   0.74985 0.03307 0.20732 0.00975 ( 1)
 155 P   0.76232 0.02039 0.21100 0.00629 ( 1)
 156 L   0.28927 0.48534 0.08001 0.14538 ( 2)
 157 M   0.76863 0.01406 0.21286 0.00444 ( 1)
 158 L   0.73157 0.05146 0.20215 0.01482 ( 1)
 159 T   0.75344 0.02940 0.20838 0.00878 ( 1)
 160 G   0.75576 0.02702 0.20907 0.00815 ( 1)
 161 N   0.01149 0.75913 0.00318 0.22620 ( 2)
 162 V   0.75426 0.02854 0.20863 0.00857 ( 1)
 163 V   0.73643 0.04654 0.20353 0.01350 ( 1)
 164 L   0.74564 0.03723 0.20616 0.01097 ( 1)
 165 R   0.76275 0.01999 0.21111 0.00616 ( 1)
 166 K   0.75931 0.02345 0.21010 0.00714 ( 1)
 167 R   0.76275 0.01999 0.21111 0.00616 ( 1)
 168 L   0.74468 0.03821 0.20588 0.01124 ( 1)
 169 N   0.76287 0.01987 0.21114 0.00612 ( 1)
 170 Y   0.73465 0.04834 0.20303 0.01398 ( 1)
 171 E   0.74908 0.03376 0.20714 0.01002 ( 1)
 172 D   0.75298 0.02982 0.20827 0.00893 ( 1)
 173 K   0.75931 0.02345 0.21010 0.00714 ( 1)
 174 T   0.75032 0.03251 0.20750 0.00967 ( 1)
 175 R   0.75237 0.03044 0.20809 0.00910 ( 1)
 176 Y   0.73456 0.04844 0.20300 0.01401 ( 1)
 177 F   0.74403 0.03885 0.20570 0.01142 ( 1)
 178 V   0.75875 0.02401 0.20994 0.00730 ( 1)
 179 I   0.74592 0.03695 0.20624 0.01090 ( 1)
 180 I   0.74592 0.03695 0.20624 0.01090 ( 1)
 181 Q   0.74568 0.03719 0.20617 0.01096 ( 1)
 182 A   0.75903 0.02373 0.21002 0.00722 ( 1)
 183 N   0.75527 0.02751 0.20893 0.00829 ( 1)
 184 D   0.75594 0.02623 0.20943 0.00841 ( 1)
 185 R   0.76920 0.01284 0.21351 0.00445 ( 1)
 186 A   0.75849 0.02366 0.21019 0.00766 ( 1)
 187 Q   0.74898 0.03330 0.20735 0.01036 ( 1)
 188 N   0.76453 0.01749 0.21207 0.00590 ( 1)
 189 L   0.73415 0.04841 0.20303 0.01441 ( 1)
 190 N   0.75878 0.02338 0.21027 0.00757 ( 1)
 191 E   0.75254 0.02969 0.20840 0.00936 ( 1)
 192 R   0.76107 0.02105 0.21097 0.00691 ( 1)
 193 R   0.32458 0.44300 0.08993 0.14249 ( 2)
 194 T   0.75714 0.02503 0.20978 0.00805 ( 1)
 195 T   0.75377 0.02845 0.20877 0.00901 ( 1)
 196 T   0.75714 0.02503 0.20978 0.00805 ( 1)
 197 T   0.75727 0.02491 0.20981 0.00801 ( 1)
 198 T   0.75714 0.02503 0.20978 0.00805 ( 1)
 199 L   0.74814 0.03416 0.20710 0.01059 ( 1)
 200 T   0.75276 0.02947 0.20847 0.00930 ( 1)
 201 V   0.73970 0.04275 0.20464 0.01292 ( 1)
 202 D   0.75015 0.03212 0.20770 0.01003 ( 1)
 203 V   0.75573 0.02647 0.20935 0.00845 ( 1)
 204 L   0.75474 0.02747 0.20906 0.00874 ( 1)
 205 D   0.75019 0.03209 0.20771 0.01002 ( 1)
 206 G   0.75907 0.02309 0.21036 0.00749 ( 1)
 207 D   0.75015 0.03212 0.20770 0.01003 ( 1)
 208 D   0.75651 0.02568 0.20959 0.00823 ( 1)
 209 L   0.73432 0.04823 0.20308 0.01437 ( 1)
 210 G   0.77067 0.01135 0.21399 0.00399 ( 1)
 211 P   0.73912 0.04333 0.20447 0.01307 ( 1)
 212 M   0.47893 0.28691 0.13299 0.10117 ( 1)
 213 F   0.74750 0.03481 0.20691 0.01077 ( 1)
 214 L   0.75655 0.02564 0.20960 0.00822 ( 1)
 215 P   0.74435 0.03801 0.20599 0.01164 ( 1)
 216 C   0.77503 0.00691 0.21549 0.00257 ( 1)
 217 V   0.36280 0.40364 0.10058 0.13298 ( 2)
 218 L   0.75643 0.02575 0.20957 0.00825 ( 1)
 219 V   0.73967 0.04278 0.20463 0.01292 ( 1)
 220 P   0.73912 0.04333 0.20447 0.01307 ( 1)
 221 N   0.76577 0.01631 0.21242 0.00550 ( 1)
 222 T   0.75377 0.02845 0.20877 0.00901 ( 1)
 223 H   0.45385 0.31191 0.12598 0.10825 ( 1)
 224 D   0.75136 0.03094 0.20803 0.00966 ( 1)
 225 C   0.77503 0.00691 0.21549 0.00257 ( 1)
 226 R   0.00033 0.75193 0.00009 0.24765 ( 2)
 227 P   0.73912 0.04333 0.20447 0.01307 ( 1)
 228 L   0.26724 0.50284 0.07398 0.15595 ( 2)
 229 T   0.75714 0.02503 0.20978 0.00805 ( 1)
 230 Y   0.73972 0.04273 0.20464 0.01291 ( 1)
 231 Q   0.74915 0.03313 0.20740 0.01031 ( 1)
 232 A   0.76218 0.01994 0.21131 0.00658 ( 1)
 233 A   0.75391 0.02831 0.20881 0.00897 ( 1)
 234 I   0.76934 0.01269 0.21356 0.00441 ( 1)
 235 P   0.25114 0.51729 0.06954 0.16204 ( 2)
 236 E   0.76121 0.02092 0.21101 0.00686 ( 1)
 237 L   0.73470 0.04784 0.20319 0.01427 ( 1)
 238 R   0.00018 0.74140 0.00005 0.25837 ( 2)
 239 T   0.75377 0.02845 0.20877 0.00901 ( 1)
 240 P   0.75514 0.02706 0.20918 0.00862 ( 1)
 241 E   0.75324 0.02901 0.20860 0.00915 ( 1)
 242 E   0.75324 0.02901 0.20860 0.00915 ( 1)
 243 L   0.21047 0.56333 0.05821 0.16798 ( 2)
 244 N   0.76637 0.01574 0.21258 0.00531 ( 1)
 245 P   0.76673 0.01537 0.21270 0.00520 ( 1)
 246 I   0.27830 0.49151 0.07705 0.15313 ( 2)
 247 I   0.75888 0.02331 0.21028 0.00753 ( 1)
 248 V   0.75637 0.02584 0.20953 0.00825 ( 1)
 249 T   0.75783 0.02437 0.20997 0.00784 ( 1)
 250 P   0.73979 0.04268 0.20465 0.01288 ( 1)
 251 A   0.00001 0.99999 0.00000 0.00000 ( 2)
 252 I   0.75071 0.03150 0.20788 0.00990 ( 1)
 253 Q   0.01392 0.98608 0.00000 0.00000 ( 2)
 254 A   0.01576 0.98424 0.00000 0.00000 ( 2)
 255 I   0.00045 0.99955 0.00000 0.00000 ( 2)
 256 D   0.75049 0.03201 0.20769 0.00981 ( 1)
 257 Q   0.00027 0.99973 0.00000 0.00000 ( 2)
 258 D   0.75720 0.02500 0.20978 0.00801 ( 1)
 259 R   0.76201 0.02014 0.21123 0.00661 ( 1)
 260 N   0.75945 0.02273 0.21046 0.00736 ( 1)
 261 I   0.75890 0.02329 0.21029 0.00752 ( 1)
 262 Q   0.74356 0.03884 0.20575 0.01185 ( 1)
 263 P   0.74795 0.03405 0.20717 0.01083 ( 1)
 264 P   0.73979 0.04268 0.20465 0.01288 ( 1)
 265 S   0.76059 0.02158 0.21080 0.00703 ( 1)
 266 D   0.75085 0.03144 0.20789 0.00982 ( 1)
 267 R   0.76626 0.01585 0.21255 0.00535 ( 1)
 268 P   0.73979 0.04268 0.20465 0.01288 ( 1)
 269 G   0.76556 0.01655 0.21233 0.00556 ( 1)
 270 I   0.75010 0.03220 0.20767 0.01003 ( 1)
 271 L   0.74884 0.03348 0.20730 0.01038 ( 1)
 272 Y   0.74039 0.04207 0.20483 0.01271 ( 1)
 273 S   0.75798 0.02422 0.21001 0.00779 ( 1)
 274 I   0.75010 0.03220 0.20767 0.01003 ( 1)
 275 L   0.75724 0.02497 0.20979 0.00801 ( 1)
 276 V   0.75622 0.02609 0.20944 0.00825 ( 1)
 277 G   0.75661 0.02557 0.20962 0.00820 ( 1)
 278 T   0.75396 0.02827 0.20882 0.00895 ( 1)
 279 P   0.74460 0.03777 0.20606 0.01157 ( 1)
 280 E   0.76144 0.02069 0.21107 0.00679 ( 1)
 281 D   0.75040 0.03188 0.20777 0.00996 ( 1)
 282 Y   0.73807 0.04442 0.20416 0.01335 ( 1)
 283 P   0.73936 0.04310 0.20454 0.01300 ( 1)
 284 R   0.75755 0.02462 0.20990 0.00793 ( 1)
 285 F   0.74778 0.03453 0.20700 0.01070 ( 1)
 286 F   0.74775 0.03457 0.20698 0.01070 ( 1)
 287 H   0.76944 0.01261 0.21358 0.00437 ( 1)
 288 M   0.77116 0.01087 0.21414 0.00383 ( 1)
 289 H   0.76944 0.01261 0.21358 0.00437 ( 1)
 290 P   0.74631 0.03629 0.20646 0.01095 ( 1)
 291 R   0.76587 0.01622 0.21244 0.00547 ( 1)
 292 T   0.75402 0.02821 0.20884 0.00894 ( 1)
 293 A   0.75890 0.02327 0.21030 0.00753 ( 1)
 294 E   0.75279 0.02945 0.20847 0.00928 ( 1)
 295 L   0.75680 0.02540 0.20967 0.00814 ( 1)
 296 S   0.76540 0.01669 0.21230 0.00561 ( 1)
 297 L   0.74839 0.03391 0.20717 0.01052 ( 1)
 298 L   0.73468 0.04788 0.20318 0.01426 ( 1)
 299 E   0.01589 0.73769 0.00440 0.24201 ( 2)
 300 P   0.73936 0.04310 0.20454 0.01300 ( 1)
 301 V   0.75786 0.02432 0.20999 0.00784 ( 1)
 302 N   0.75902 0.02315 0.21034 0.00750 ( 1)
 303 R   0.38724 0.37910 0.10738 0.12628 ( 1)
 304 D   0.75670 0.02549 0.20964 0.00817 ( 1)
 305 F   0.74775 0.03457 0.20698 0.01070 ( 1)
 306 H   0.77393 0.00805 0.21508 0.00293 ( 1)
 307 Q   0.74312 0.03928 0.20563 0.01198 ( 1)
 308 K   0.76268 0.01945 0.21145 0.00642 ( 1)
 309 F   0.74775 0.03457 0.20698 0.01070 ( 1)
 310 D   0.75040 0.03188 0.20777 0.00996 ( 1)
 311 L   0.73492 0.04763 0.20325 0.01420 ( 1)
 312 V   0.31442 0.45363 0.08710 0.14485 ( 2)
 313 I   0.75839 0.02378 0.21015 0.00768 ( 1)
 314 K   0.76268 0.01945 0.21145 0.00642 ( 1)
 315 A   0.76448 0.01773 0.21194 0.00585 ( 1)
 316 E   0.75507 0.02724 0.20910 0.00859 ( 1)
 317 Q   0.74537 0.03707 0.20625 0.01130 ( 1)
 318 D   0.75899 0.02328 0.21027 0.00746 ( 1)
 319 N   0.76119 0.02105 0.21094 0.00682 ( 1)
 320 G   0.77246 0.00966 0.21449 0.00340 ( 1)
 321 H   0.77115 0.01099 0.21405 0.00381 ( 1)
 322 P   0.74687 0.03555 0.20669 0.01089 ( 1)
 323 L   0.75902 0.02325 0.21028 0.00745 ( 1)
 324 P   0.74687 0.03555 0.20669 0.01089 ( 1)
 325 A   0.76448 0.01773 0.21194 0.00585 ( 1)
 326 F   0.75004 0.03234 0.20762 0.01001 ( 1)
 327 A   0.75658 0.02571 0.20955 0.00816 ( 1)
 328 S   0.42640 0.34078 0.11827 0.11456 ( 1)
 329 L   0.73664 0.04595 0.20372 0.01369 ( 1)
 330 H   0.77115 0.01099 0.21405 0.00381 ( 1)
 331 I   0.76065 0.02159 0.21078 0.00698 ( 1)
 332 E   0.75507 0.02724 0.20910 0.00859 ( 1)
 333 I   0.77123 0.01090 0.21408 0.00378 ( 1)
 334 L   0.73664 0.04595 0.20372 0.01369 ( 1)
 335 D   0.75269 0.02965 0.20840 0.00926 ( 1)
 336 E   0.01284 0.74393 0.00356 0.23967 ( 2)
 337 N   0.76790 0.01428 0.21301 0.00482 ( 1)
 338 N   0.76119 0.02105 0.21094 0.00682 ( 1)
 339 Q   0.74537 0.03707 0.20625 0.01130 ( 1)
 340 S   0.77155 0.01058 0.21418 0.00368 ( 1)
 341 P   0.74195 0.04056 0.20525 0.01224 ( 1)
 342 Y   0.74216 0.04033 0.20532 0.01219 ( 1)
 343 F   0.76213 0.02010 0.21122 0.00654 ( 1)
 344 T   0.75529 0.02702 0.20917 0.00852 ( 1)
 345 M   0.77274 0.00938 0.21458 0.00331 ( 1)
 346 P   0.76824 0.01393 0.21312 0.00471 ( 1)
 347 S   0.76734 0.01484 0.21283 0.00499 ( 1)
 348 Y   0.74216 0.04033 0.20532 0.01219 ( 1)
 349 Q   0.75170 0.03066 0.20810 0.00954 ( 1)
 350 G   0.76708 0.01511 0.21275 0.00507 ( 1)
 351 Y   0.74216 0.04034 0.20532 0.01219 ( 1)
 352 I   0.76065 0.02159 0.21078 0.00698 ( 1)
 353 L   0.73664 0.04595 0.20372 0.01369 ( 1)
 354 E   0.75507 0.02724 0.20910 0.00859 ( 1)
 355 S   0.77091 0.01123 0.21397 0.00389 ( 1)
 356 A   0.31561 0.45329 0.08742 0.14368 ( 2)
 357 P   0.74669 0.03592 0.20656 0.01084 ( 1)
 358 V   0.74345 0.03907 0.20567 0.01181 ( 1)
 359 G   0.76147 0.02077 0.21102 0.00674 ( 1)
 360 A   0.01524 0.74070 0.00422 0.23983 ( 2)
 361 T   0.75628 0.02602 0.20946 0.00824 ( 1)
 362 I   0.76065 0.02159 0.21078 0.00698 ( 1)
 363 S   0.77091 0.01123 0.21397 0.00389 ( 1)
 364 D   0.33802 0.43036 0.09365 0.13796 ( 2)
 365 S   0.76734 0.01484 0.21283 0.00499 ( 1)
 366 V   0.01404 0.73995 0.00389 0.24212 ( 2)
 367 N   0.76119 0.02105 0.21094 0.00682 ( 1)
 368 L   0.73703 0.04555 0.20383 0.01358 ( 1)
 369 T   0.75960 0.02266 0.21046 0.00728 ( 1)
 370 T   0.37122 0.39388 0.10295 0.13195 ( 2)
 371 P   0.74687 0.03555 0.20669 0.01089 ( 1)
 372 L   0.75722 0.02507 0.20974 0.00797 ( 1)
 373 R   0.41512 0.35236 0.11512 0.11740 ( 1)
 374 I   0.76065 0.02159 0.21078 0.00698 ( 1)
 375 V   0.76015 0.02211 0.21062 0.00712 ( 1)
 376 A   0.00036 0.75759 0.00010 0.24195 ( 2)
 377 L   0.73662 0.04598 0.20371 0.01370 ( 1)
 378 D   0.75899 0.02328 0.21027 0.00746 ( 1)
 379 K   0.76473 0.01747 0.21202 0.00577 ( 1)
 380 D   0.75269 0.02965 0.20840 0.00926 ( 1)
 381 I   0.35339 0.41370 0.09796 0.13496 ( 2)
 382 E   0.75507 0.02724 0.20910 0.00859 ( 1)
 383 D   0.75134 0.03097 0.20802 0.00967 ( 1)
 384 T   0.36964 0.39586 0.10251 0.13199 ( 2)
 385 K   0.76628 0.01576 0.21260 0.00536 ( 1)
 386 D   0.75567 0.02648 0.20936 0.00849 ( 1)
 387 P   0.73865 0.04378 0.20434 0.01322 ( 1)
 388 E   0.76071 0.02140 0.21087 0.00702 ( 1)
 389 L   0.75604 0.02613 0.20946 0.00838 ( 1)
 390 H   0.77345 0.00850 0.21495 0.00310 ( 1)
 391 L   0.75604 0.02613 0.20946 0.00838 ( 1)
 392 F   0.74698 0.03532 0.20677 0.01093 ( 1)
 393 L   0.73385 0.04869 0.20295 0.01451 ( 1)
 394 N   0.75827 0.02387 0.21013 0.00773 ( 1)
 395 D   0.74962 0.03264 0.20755 0.01019 ( 1)
 396 Y   0.73918 0.04326 0.20449 0.01307 ( 1)
 397 T   0.75326 0.02894 0.20863 0.00917 ( 1)
 398 S   0.75943 0.02270 0.21048 0.00740 ( 1)
 399 V   0.76148 0.02062 0.21111 0.00679 ( 1)
 400 F   0.75924 0.02288 0.21042 0.00745 ( 1)
 401 T   0.75337 0.02884 0.20866 0.00913 ( 1)
 402 V   0.34022 0.42840 0.09425 0.13713 ( 2)
 403 T   0.76349 0.01858 0.21172 0.00620 ( 1)
 404 Q   0.28091 0.63204 0.02513 0.06192 ( 2)
 405 T   0.75323 0.02900 0.20861 0.00916 ( 1)
 406 G   0.75852 0.02364 0.21019 0.00765 ( 1)
 407 I   0.74882 0.03347 0.20730 0.01040 ( 1)
 408 T   0.75320 0.02903 0.20860 0.00917 ( 1)
 409 R   0.75534 0.02686 0.20923 0.00856 ( 1)
 410 Y   0.73728 0.04522 0.20393 0.01357 ( 1)
 411 L   0.74757 0.03474 0.20694 0.01075 ( 1)
 412 T   0.75659 0.02560 0.20961 0.00820 ( 1)
 413 L   0.74855 0.03375 0.20722 0.01048 ( 1)
 414 L   0.75599 0.02620 0.20943 0.00838 ( 1)
 415 Q   0.74858 0.03371 0.20723 0.01047 ( 1)
 416 P   0.73858 0.04389 0.20431 0.01322 ( 1)
 417 V   0.73912 0.04334 0.20447 0.01307 ( 1)
 418 D   0.75596 0.02624 0.20942 0.00839 ( 1)
 419 R   0.76517 0.01692 0.21223 0.00568 ( 1)
 420 E   0.75197 0.03028 0.20823 0.00952 ( 1)
 421 E   0.75197 0.03028 0.20823 0.00952 ( 1)
 422 Q   0.74232 0.04009 0.20540 0.01220 ( 1)
 423 Q   0.74858 0.03371 0.20723 0.01047 ( 1)
 424 T   0.75320 0.02903 0.20860 0.00917 ( 1)
 425 Y   0.73728 0.04522 0.20393 0.01357 ( 1)
 426 T   0.29575 0.47486 0.08187 0.14752 ( 2)
 427 F   0.74693 0.03539 0.20675 0.01093 ( 1)
 428 S   0.77573 0.00620 0.21575 0.00233 ( 1)
 429 I   0.77123 0.01090 0.21408 0.00378 ( 1)
 430 T   0.76618 0.01601 0.21247 0.00534 ( 1)
 431 A   0.76107 0.02117 0.21090 0.00686 ( 1)
 432 F   0.75004 0.03234 0.20762 0.01001 ( 1)
 433 D   0.75269 0.02965 0.20840 0.00926 ( 1)
 434 G   0.77246 0.00966 0.21449 0.00340 ( 1)
 435 V   0.75817 0.02410 0.21003 0.00770 ( 1)
 436 Q   0.75170 0.03066 0.20810 0.00954 ( 1)
 437 E   0.75511 0.02720 0.20912 0.00857 ( 1)
 438 S   0.76734 0.01484 0.21283 0.00499 ( 1)
 439 E   0.76276 0.01951 0.21139 0.00634 ( 1)
 440 T   0.23475 0.53799 0.06494 0.16231 ( 2)
 441 I   0.01386 0.74452 0.00384 0.23778 ( 2)
 442 I   0.01380 0.74469 0.00382 0.23769 ( 2)
 443 V   0.76428 0.01793 0.21188 0.00591 ( 1)
 444 N   0.76119 0.02105 0.21094 0.00682 ( 1)
 445 I   0.76065 0.02159 0.21078 0.00698 ( 1)
 446 R   0.76369 0.01853 0.21170 0.00608 ( 1)
 447 V   0.74227 0.04023 0.20535 0.01216 ( 1)
 448 M   0.77274 0.00938 0.21458 0.00331 ( 1)
 449 D   0.75269 0.02965 0.20840 0.00926 ( 1)
 450 A   0.76111 0.02114 0.21091 0.00684 ( 1)
 451 N   0.76605 0.01611 0.21245 0.00539 ( 1)
 452 D   0.75269 0.02965 0.20840 0.00926 ( 1)
 453 N   0.76790 0.01428 0.21301 0.00482 ( 1)
 454 T   0.75636 0.02594 0.20949 0.00822 ( 1)
 455 P   0.74156 0.04095 0.20514 0.01235 ( 1)
 456 T   0.75930 0.02300 0.21035 0.00735 ( 1)
 457 F   0.76213 0.02010 0.21122 0.00654 ( 1)
 458 P   0.74687 0.03555 0.20669 0.01089 ( 1)
 459 E   0.75507 0.02724 0.20910 0.00859 ( 1)
 460 I   0.77123 0.01090 0.21408 0.00378 ( 1)
 461 S   0.76077 0.02147 0.21082 0.00695 ( 1)
 462 Y   0.74216 0.04033 0.20532 0.01219 ( 1)
 463 D   0.75269 0.02965 0.20840 0.00926 ( 1)
 464 V   0.76428 0.01793 0.21188 0.00591 ( 1)
 465 Y   0.24334 0.52784 0.06734 0.16148 ( 2)
 466 V   0.75817 0.02410 0.21003 0.00770 ( 1)
 467 Y   0.74216 0.04033 0.20532 0.01219 ( 1)
 468 T   0.75529 0.02702 0.20917 0.00852 ( 1)
 469 D   0.75269 0.02965 0.20840 0.00926 ( 1)
 470 M   0.77274 0.00938 0.21458 0.00331 ( 1)
 471 N   0.76790 0.01428 0.21301 0.00482 ( 1)
 472 P   0.74687 0.03555 0.20669 0.01089 ( 1)
 473 G   0.76044 0.02181 0.21071 0.00704 ( 1)
 474 D   0.75895 0.02331 0.21026 0.00747 ( 1)
 475 S   0.76734 0.01484 0.21283 0.00499 ( 1)
 476 V   0.76428 0.01793 0.21188 0.00591 ( 1)
 477 I   0.77123 0.01090 0.21408 0.00378 ( 1)
 478 Q   0.74537 0.03707 0.20625 0.01130 ( 1)
 479 L   0.75069 0.03168 0.20781 0.00983 ( 1)
 480 T   0.75626 0.02603 0.20946 0.00825 ( 1)
 481 A   0.76107 0.02117 0.21090 0.00686 ( 1)
 482 V   0.01725 0.73694 0.00478 0.24102 ( 2)
 483 D   0.75899 0.02328 0.21027 0.00746 ( 1)
 484 A   0.32807 0.44283 0.09083 0.13827 ( 2)
 485 D   0.75891 0.02335 0.21025 0.00749 ( 1)
 486 E   0.75521 0.02710 0.20914 0.00854 ( 1)
 487 G   0.76044 0.02181 0.21071 0.00704 ( 1)
 488 S   0.76231 0.01993 0.21128 0.00649 ( 1)
 489 N   0.76788 0.01429 0.21300 0.00482 ( 1)
 490 G   0.76044 0.02181 0.21071 0.00704 ( 1)
 491 E   0.76355 0.01867 0.21166 0.00613 ( 1)
 492 I   0.75194 0.03041 0.20818 0.00947 ( 1)
 493 T   0.75550 0.02681 0.20923 0.00846 ( 1)
 494 Y   0.74216 0.04033 0.20532 0.01219 ( 1)
 495 E   0.75507 0.02724 0.20910 0.00859 ( 1)
