Supplemental results for CODEML (seqf: /home/leticiamagpali/phd/evol_models/codeml/big_dataset/cml_align/CNTNAP2_codon_aligned.phy  treef: /home/leticiamagpali/phd/evol_models/codeml/big_dataset/cml_trees/gene_trees/H1a_gene_trees/CNTNAP2_tree_H1a.tre)

I	J	ij	2Ns_IJ	pMut_IJ	pSub_IJ	2Ns_JI	pMut_JI	pSub_JI

TTC	TTT	CT	0.58019	0.06827	0.08998	-0.58019	0.12195	0.08998
TTA	TTT	AT	1.99286	0.00301	0.00695	-1.99286	0.02209	0.00695
TTA	TTC	AC	1.41267	0.00832	0.01554	-1.41267	0.03417	0.01554
TTG	TTT	GT	1.33063	0.00466	0.00842	-1.33063	0.01761	0.00842
TTG	TTC	GC	0.75044	0.01287	0.01829	-0.75044	0.02725	0.01829
TTG	TTA	GA	-0.66223	0.05929	0.04181	0.66223	0.03058	0.04181
TCT	TTT	CT	1.20667	0.03649	0.06282	-1.20667	0.12195	0.06282
TCC	TTC	CT	1.31731	0.05053	0.09092	-1.31731	0.18866	0.09092
TCC	TCT	CT	0.69083	0.05053	0.06998	-0.69083	0.10083	0.06998
TCA	TTA	CT	0.36745	0.02906	0.03473	-0.36745	0.04197	0.03473
TCA	TCT	AT	1.15364	0.00576	0.00971	-1.15364	0.01826	0.00971
TCA	TCC	AC	0.46281	0.01592	0.01989	-0.46281	0.02530	0.01989
TCG	TTG	CT	1.05763	0.02254	0.03652	-1.05763	0.06490	0.03652
TCG	TCT	GT	1.18160	0.00447	0.00762	-1.18160	0.01456	0.00762
TCG	TCC	GC	0.49077	0.01235	0.01562	-0.49077	0.02017	0.01562
TCG	TCA	GA	0.02795	0.05690	0.05770	-0.02795	0.05852	0.05770
TAT	TTT	AT	1.22583	0.00648	0.01125	-1.22583	0.02209	0.01125
TAT	TCT	AC	0.01916	0.01792	0.01809	-0.01916	0.01826	0.01809
TAC	TTC	AT	0.77537	0.01574	0.02262	-0.77537	0.03417	0.02262
TAC	TCC	AC	-0.54193	0.04349	0.03277	0.54193	0.02530	0.03277
TAC	TAT	CT	0.12973	0.07938	0.08464	-0.12973	0.09037	0.08464
TGT	TTT	GT	1.51007	0.00389	0.00754	-1.51007	0.01761	0.00754
TGT	TCT	GC	0.30340	0.01075	0.01247	-0.30340	0.01456	0.01247
TGT	TAT	GA	0.28423	0.04955	0.05693	-0.28423	0.06584	0.05693
TGC	TTC	GT	1.05386	0.00950	0.01537	-1.05386	0.02725	0.01537
TGC	TCC	GC	-0.26345	0.02625	0.02294	0.26345	0.02017	0.02294
TGC	TAC	GA	0.27849	0.12097	0.13860	-0.27849	0.15982	0.13860
TGC	TGT	CT	0.12398	0.04791	0.05095	-0.12398	0.05424	0.05095
TGG	TTG	GT	0.10255	0.00846	0.00890	-0.10255	0.00937	0.00890
TGG	TCG	GC	-0.95508	0.02338	0.01397	0.95508	0.00900	0.01397
TGG	TGT	GT	-0.07688	0.00846	0.00814	0.07688	0.00783	0.00814
TGG	TGC	GC	-0.20086	0.02338	0.02111	0.20086	0.01913	0.02111
CTT	TTT	CT	1.84547	0.01926	0.04222	-1.84547	0.12195	0.04222
CTC	TTC	CT	1.39204	0.04689	0.08687	-1.39204	0.18866	0.08687
CTC	CTT	CT	0.12676	0.04689	0.04993	-0.12676	0.05323	0.04993
CTA	TTA	CT	1.46440	0.00970	0.01848	-1.46440	0.04197	0.01848
CTA	CTT	AT	1.61179	0.00192	0.00387	-1.61179	0.00964	0.00387
CTA	CTC	AC	1.48502	0.00532	0.01021	-1.48502	0.02347	0.01021
CTG	TTG	CT	-0.11496	0.07280	0.06870	0.11496	0.06490	0.06870
CTG	CTT	GT	-0.62980	0.01443	0.01036	0.62980	0.00769	0.01036
CTG	CTC	GC	-0.75656	0.03989	0.02668	0.75656	0.01872	0.02668
CTG	CTA	GA	-2.24158	0.18382	0.04901	2.24158	0.01954	0.04901
CCT	TCT	CT	1.18405	0.03086	0.05265	-1.18405	0.10083	0.05265
CCT	CTT	CT	0.54525	0.03086	0.04003	-0.54525	0.05323	0.04003
CCC	TCC	CT	1.23331	0.04068	0.07080	-1.23331	0.13965	0.07080
CCC	CTC	CT	1.15858	0.04068	0.06870	-1.15858	0.12960	0.06870
CCC	CCT	CT	0.74009	0.04068	0.05758	-0.74009	0.08528	0.05758
CCA	TCA	CT	1.01068	0.02923	0.04645	-1.01068	0.08032	0.04645
CCA	CTA	CT	-0.08626	0.02923	0.02799	0.08626	0.02682	0.02799
CCA	CCT	AT	0.98028	0.00580	0.00909	-0.98028	0.01545	0.00909
CCA	CCC	AC	0.24019	0.01602	0.01802	-0.24019	0.02036	0.01802
CCG	TCG	CT	1.72593	0.01109	0.02328	-1.72593	0.06228	0.02328
CCG	CTG	CT	2.89853	0.01109	0.03401	-2.89853	0.20120	0.03401
CCG	CCT	GT	1.72348	0.00220	0.00461	-1.72348	0.01232	0.00461
CCG	CCC	GC	0.98339	0.00607	0.00954	-0.98339	0.01624	0.00954
CCG	CCA	GA	0.74321	0.02799	0.03967	-0.74321	0.05886	0.03967
CAT	TAT	CT	1.25122	0.02586	0.04533	-1.25122	0.09037	0.04533
CAT	CTT	AT	0.63158	0.00513	0.00692	-0.63158	0.00964	0.00692
CAT	CCT	AC	0.08634	0.01417	0.01479	-0.08634	0.01545	0.01479
CAC	TAC	CT	1.42718	0.05264	0.09886	-1.42718	0.21937	0.09886
CAC	CTC	AT	0.81051	0.01044	0.01523	-0.81051	0.02347	0.01523
CAC	CCC	AC	-0.34806	0.02884	0.02411	0.34806	0.02036	0.02411
CAC	CAT	CT	0.30570	0.05264	0.06110	-0.30570	0.07147	0.06110
CAA	CTA	AT	-0.40949	0.00732	0.00592	0.40949	0.00486	0.00592
CAA	CCA	AC	-0.32323	0.02022	0.01713	0.32323	0.01463	0.01713
CAA	CAT	AT	0.57071	0.00732	0.00960	-0.57071	0.01295	0.00960
CAA	CAC	AC	0.26502	0.02022	0.02301	-0.26502	0.02635	0.02301
CAG	CTG	AT	0.91457	0.01460	0.02228	-0.91457	0.03644	0.02228
CAG	CCG	AC	-1.98395	0.04035	0.01277	1.98395	0.00555	0.01277
CAG	CAT	GT	-0.34681	0.01460	0.01222	0.34681	0.01032	0.01222
CAG	CAC	GC	-0.65250	0.04035	0.02861	0.65250	0.02101	0.02861
CAG	CAA	GA	-0.91752	0.18596	0.11352	0.91752	0.07429	0.11352
CGT	TGT	CT	2.18686	0.00609	0.01500	-2.18686	0.05424	0.01500
CGT	CTT	GT	1.85145	0.00121	0.00265	-1.85145	0.00769	0.00265
CGT	CCT	GC	1.30621	0.00334	0.00598	-1.30621	0.01232	0.00598
CGT	CAT	GA	1.21987	0.01537	0.02661	-1.21987	0.05207	0.02661
CGC	TGC	CT	1.63316	0.02586	0.05249	-1.63316	0.13241	0.05249
CGC	CTC	GT	1.29498	0.00513	0.00914	-1.29498	0.01872	0.00914
CGC	CCC	GC	0.13641	0.01417	0.01516	-0.13641	0.01624	0.01516
CGC	CAC	GA	0.48447	0.06530	0.08238	-0.48447	0.10599	0.08238
CGC	CGT	CT	-0.42971	0.02586	0.02070	0.42971	0.01683	0.02070
CGA	CTA	GT	1.18190	0.00119	0.00203	-1.18190	0.00387	0.00203
CGA	CCA	GC	1.26816	0.00328	0.00579	-1.26816	0.01167	0.00579
CGA	CAA	GA	1.59139	0.01513	0.03023	-1.59139	0.07429	0.03023
CGA	CGT	AT	0.94223	0.00119	0.00183	-0.94223	0.00305	0.00183
CGA	CGC	AC	1.37194	0.00328	0.00603	-1.37194	0.01295	0.00603
CGG	TGG	CT	1.87831	0.01803	0.03997	-1.87831	0.11793	0.03997
CGG	CTG	GT	2.09583	0.00357	0.00854	-2.09583	0.02906	0.00854
CGG	CCG	GC	-0.80270	0.00988	0.00644	0.80270	0.00443	0.00644
CGG	CAG	GA	1.18125	0.04551	0.07756	-1.18125	0.14829	0.07756
CGG	CGT	GT	-0.38542	0.00357	0.00293	0.38542	0.00243	0.00293
CGG	CGC	GC	0.04429	0.00988	0.01010	-0.04429	0.01032	0.01010
CGG	CGA	GA	-1.32765	0.04551	0.02180	1.32765	0.01206	0.02180
ATT	TTT	AT	1.05195	0.00771	0.01247	-1.05195	0.02209	0.01247
ATT	CTT	AC	-0.79351	0.02132	0.01397	0.79351	0.00964	0.01397
ATC	TTC	AT	1.02429	0.01227	0.01961	-1.02429	0.03417	0.01961
ATC	CTC	AC	-0.36775	0.03391	0.02805	0.36775	0.02347	0.02805
ATC	ATT	CT	0.55252	0.06189	0.08055	-0.55252	0.10754	0.08055
ATA	TTA	AT	0.43600	0.00492	0.00606	-0.43600	0.00760	0.00606
ATA	CTA	AC	-1.02839	0.01358	0.00778	1.02839	0.00486	0.00778
ATA	ATT	AT	1.37691	0.00492	0.00905	-1.37691	0.01948	0.00905
ATA	ATC	AC	0.82438	0.01358	0.01994	-0.82438	0.03098	0.01994
ATG	TTG	AT	0.51589	0.00702	0.00898	-0.51589	0.01176	0.00898
ATG	CTG	AC	0.63085	0.01939	0.02615	-0.63085	0.03644	0.02615
ATG	ATT	GT	0.79457	0.00702	0.01017	-0.79457	0.01553	0.01017
ATG	ATC	GC	0.24205	0.01939	0.02183	-0.24205	0.02470	0.02183
ATG	ATA	GA	-0.58234	0.08937	0.06586	0.58234	0.04992	0.06586
ACT	TCT	AT	1.32831	0.00484	0.00874	-1.32831	0.01826	0.00874
ACT	CCT	AC	0.14427	0.01337	0.01436	-0.14427	0.01545	0.01436
ACT	ATT	CT	1.48303	0.02441	0.04682	-1.48303	0.10754	0.04682
ACC	TCC	AT	0.66155	0.01305	0.01784	-0.66155	0.02530	0.01784
ACC	CCC	AC	-0.57176	0.03607	0.02674	0.57176	0.02036	0.02674
ACC	ATC	CT	0.95457	0.06584	0.10219	-0.95457	0.17103	0.10219
ACC	ACT	CT	0.02407	0.06584	0.06664	-0.02407	0.06745	0.06664
ACA	TCA	AT	0.87571	0.00606	0.00910	-0.87571	0.01455	0.00910
ACA	CCA	AC	-0.13497	0.01675	0.01564	0.13497	0.01463	0.01564
ACA	ATA	CT	0.80716	0.03057	0.04455	-0.80716	0.06852	0.04455
ACA	ACT	AT	0.70104	0.00606	0.00843	-0.70104	0.01222	0.00843
ACA	ACC	AC	0.67697	0.01675	0.02305	-0.67697	0.03296	0.02305
ACG	TCG	AT	0.92187	0.00449	0.00687	-0.92187	0.01128	0.00687
ACG	CCG	AC	-0.80406	0.01240	0.00808	0.80406	0.00555	0.00808
ACG	ATG	CT	1.46361	0.02263	0.04310	-1.46361	0.09782	0.04310
ACG	ACT	GT	0.77515	0.00449	0.00645	-0.77515	0.00974	0.00645
ACG	ACC	GC	0.75109	0.01240	0.01764	-0.75109	0.02628	0.01764
ACG	ACA	GA	0.07412	0.05715	0.05929	-0.07412	0.06155	0.05929
AAT	TAT	AT	0.43406	0.01061	0.01307	-0.43406	0.01637	0.01307
AAT	CAT	AC	-0.81716	0.02931	0.01895	0.81716	0.01295	0.01895
AAT	ATT	AT	0.60794	0.01061	0.01415	-0.60794	0.01948	0.01415
AAT	ACT	AC	-0.87509	0.02931	0.01833	0.87509	0.01222	0.01833
AAC	TAC	AT	0.80649	0.01774	0.02584	-0.80649	0.03973	0.02584
AAC	CAC	AC	-0.62070	0.04902	0.03537	0.62070	0.02635	0.03537
AAC	ATC	AT	0.55757	0.01774	0.02314	-0.55757	0.03098	0.02314
AAC	ACC	AC	-0.39700	0.04902	0.03993	0.39700	0.03296	0.03993
AAC	AAT	CT	0.50215	0.08947	0.11381	-0.50215	0.14783	0.11381
AAA	CAA	AC	-0.54769	0.03194	0.02399	0.54769	0.01847	0.02399
AAA	ATA	AT	0.07121	0.01156	0.01197	-0.07121	0.01241	0.01197
AAA	ACA	AC	-0.73595	0.03194	0.02162	0.73595	0.01530	0.02162
AAA	AAT	AT	0.84018	0.01156	0.01708	-0.84018	0.02678	0.01708
AAA	AAC	AC	0.33802	0.03194	0.03764	-0.33802	0.04479	0.03764
AAG	CAG	AC	0.15984	0.03142	0.03400	-0.15984	0.03687	0.03400
AAG	ATG	AT	0.44356	0.01137	0.01408	-0.44356	0.01772	0.01408
AAG	ACG	AC	-1.02005	0.03142	0.01807	1.02005	0.01133	0.01807
AAG	AAT	GT	0.63019	0.01137	0.01533	-0.63019	0.02135	0.01533
AAG	AAC	GC	0.12804	0.03142	0.03348	-0.12804	0.03571	0.03348
AAG	AAA	GA	-0.20998	0.14480	0.13013	0.20998	0.11738	0.13013
AGT	TGT	AT	0.14267	0.00852	0.00914	-0.14267	0.00982	0.00914
AGT	CGT	AC	-2.04419	0.02354	0.00716	2.04419	0.00305	0.00716
AGT	ATT	GT	0.60078	0.00852	0.01133	-0.60078	0.01553	0.01133
AGT	ACT	GC	-0.88225	0.02354	0.01466	0.88225	0.00974	0.01466
AGT	AAT	GA	-0.00716	0.10848	0.10809	0.00716	0.10770	0.10809
AGC	TGC	AT	0.64204	0.01262	0.01710	-0.64204	0.02398	0.01710
AGC	CGC	AC	-0.99113	0.03488	0.02040	0.99113	0.01295	0.02040
AGC	ATC	GT	0.67161	0.01262	0.01733	-0.67161	0.02470	0.01733
AGC	ACC	GC	-0.28296	0.03488	0.03018	0.28296	0.02628	0.03018
AGC	AAC	GA	0.11404	0.16073	0.17006	-0.11404	0.18014	0.17006
AGC	AGT	CT	0.62335	0.06366	0.08555	-0.62335	0.11873	0.08555
AGA	CGA	AC	-1.58220	0.01459	0.00597	1.58220	0.00300	0.00597
AGA	ATA	GT	0.62809	0.00528	0.00711	-0.62809	0.00990	0.00711
AGA	ACA	GC	-0.17907	0.01459	0.01333	0.17907	0.01220	0.01333
AGA	AAA	GA	0.55688	0.06726	0.08771	-0.55688	0.11738	0.08771
AGA	AGT	AT	1.40422	0.00528	0.00983	-1.40422	0.02151	0.00983
AGA	AGC	AC	0.78087	0.01459	0.02103	-0.78087	0.03186	0.02103
AGG	TGG	AT	1.25822	0.00607	0.01067	-1.25822	0.02136	0.01067
AGG	CGG	AC	-0.62010	0.01677	0.01211	0.62010	0.00902	0.01211
AGG	ATG	GT	0.84488	0.00607	0.00899	-0.84488	0.01413	0.00899
AGG	ACG	GC	-0.61874	0.01677	0.01212	0.61874	0.00904	0.01212
AGG	AAG	GA	0.40131	0.07730	0.09385	-0.40131	0.11547	0.09385
AGG	AGT	GT	1.03867	0.00607	0.00976	-1.03867	0.01715	0.00976
AGG	AGC	GC	0.41531	0.01677	0.02050	-0.41531	0.02541	0.02050
AGG	AGA	GA	-0.36555	0.07730	0.06403	0.36555	0.05363	0.06403
GTT	TTT	GT	1.22765	0.00516	0.00896	-1.22765	0.01761	0.00896
GTT	CTT	GC	-0.61782	0.01426	0.01031	0.61782	0.00769	0.01031
GTT	ATT	GA	0.17570	0.06572	0.07167	-0.17570	0.07835	0.07167
GTC	TTC	GT	1.12521	0.00885	0.01474	-1.12521	0.02725	0.01474
GTC	CTC	GC	-0.26684	0.02444	0.02133	0.26684	0.01872	0.02133
GTC	ATC	GA	0.10092	0.11264	0.11842	-0.10092	0.12460	0.11842
GTC	GTT	CT	0.47775	0.04461	0.05612	-0.47775	0.07194	0.05612
GTA	TTA	GT	0.78480	0.00277	0.00399	-0.78480	0.00606	0.00399
GTA	CTA	GC	-0.67959	0.00764	0.00534	0.67959	0.00387	0.00534
GTA	ATA	GA	0.34880	0.03522	0.04172	-0.34880	0.04992	0.04172
GTA	GTT	AT	1.55001	0.00277	0.00544	-1.55001	0.01303	0.00544
GTA	GTC	AC	1.07227	0.00764	0.01246	-1.07227	0.02233	0.01246
GTG	TTG	GT	-0.39810	0.01396	0.01136	0.39810	0.00937	0.01136
GTG	CTG	GC	-0.28314	0.03857	0.03337	0.28314	0.02906	0.03337
GTG	ATG	GA	-0.91399	0.17775	0.10873	0.91399	0.07127	0.10873
GTG	GTT	GT	-0.29512	0.01396	0.01200	0.29512	0.01039	0.01200
GTG	GTC	GC	-0.77287	0.03857	0.02557	0.77287	0.01781	0.02557
GTG	GTA	GA	-1.84513	0.17775	0.06155	1.84513	0.02809	0.06155
GCT	TCT	GT	1.14358	0.00464	0.00779	-1.14358	0.01456	0.00779
GCT	CCT	GC	-0.04047	0.01283	0.01257	0.04047	0.01232	0.01257
GCT	ACT	GA	-0.18474	0.05911	0.05382	0.18474	0.04914	0.05382
GCT	GTT	CT	1.12260	0.02341	0.03896	-1.12260	0.07194	0.03896
GCC	TCC	GT	0.42970	0.01313	0.01615	-0.42970	0.02017	0.01615
GCC	CCC	GC	-0.80362	0.03627	0.02363	0.80362	0.01624	0.02363
GCC	ACC	GA	-0.23186	0.16716	0.14853	0.23186	0.13257	0.14853
GCC	GTC	CT	0.62180	0.06621	0.08891	-0.62180	0.12329	0.08891
GCC	GCT	CT	-0.02305	0.06621	0.06545	0.02305	0.06470	0.06545
GCA	TCA	GT	0.71666	0.00567	0.00794	-0.71666	0.01160	0.00794
GCA	CCA	GC	-0.29403	0.01566	0.01347	0.29403	0.01167	0.01347
GCA	ACA	GA	-0.15905	0.07216	0.06657	0.15905	0.06155	0.06657
GCA	GTA	CT	0.29931	0.02858	0.03307	-0.29931	0.03855	0.03307
GCA	GCT	AT	0.72672	0.00567	0.00797	-0.72672	0.01172	0.00797
GCA	GCC	AC	0.74978	0.01566	0.02225	-0.74978	0.03314	0.02225
GCG	TCG	GT	1.17609	0.00278	0.00472	-1.17609	0.00900	0.00472
GCG	CCG	GC	-0.54985	0.00767	0.00575	0.54985	0.00443	0.00575
GCG	ACG	GA	0.25422	0.03534	0.04003	-0.25422	0.04557	0.04003
GCG	GTG	CT	2.63182	0.01400	0.03970	-2.63182	0.19456	0.03970
GCG	GCT	GT	1.21411	0.00278	0.00479	-1.21411	0.00934	0.00479
GCG	GCC	GC	1.23716	0.00767	0.01337	-1.23716	0.02643	0.01337
GCG	GCA	GA	0.48739	0.03534	0.04465	-0.48739	0.05754	0.04465
GAT	TAT	GT	-0.04466	0.01365	0.01335	0.04466	0.01305	0.01335
GAT	CAT	GC	-1.29587	0.03772	0.01842	1.29587	0.01032	0.01842
GAT	AAT	GA	-0.47872	0.17383	0.13553	0.47872	0.10770	0.13553
GAT	GTT	AT	-0.04647	0.01365	0.01334	0.04647	0.01303	0.01334
GAT	GCT	AC	-1.16907	0.03772	0.01987	1.16907	0.01172	0.01987
GAC	TAC	GT	0.77139	0.01465	0.02102	-0.77139	0.03169	0.02102
GAC	CAC	GC	-0.65579	0.04049	0.02865	0.65579	0.02101	0.02865
GAC	AAC	GA	-0.03509	0.18657	0.18332	0.03509	0.18014	0.18332
GAC	GTC	AT	0.42156	0.01465	0.01795	-0.42156	0.02233	0.01795
GAC	GCC	AC	-0.20024	0.04049	0.03657	0.20024	0.03314	0.03657
GAC	GAT	CT	0.94578	0.07390	0.11427	-0.94578	0.19027	0.11427
GAA	CAA	GC	-0.58445	0.02642	0.01945	0.58445	0.01473	0.01945
GAA	AAA	GA	-0.03676	0.12177	0.11955	0.03676	0.11738	0.11955
GAA	GTA	AT	-0.31435	0.00956	0.00814	0.31435	0.00698	0.00814
GAA	GCA	AC	-0.61365	0.02642	0.01914	0.61365	0.01431	0.01914
GAA	GAT	AT	1.28214	0.00956	0.01697	-1.28214	0.03446	0.01697
GAA	GAC	AC	0.33636	0.02642	0.03112	-0.33636	0.03699	0.03112
GAG	CAG	GC	-0.26255	0.03823	0.03343	0.26255	0.02940	0.03343
GAG	AAG	GA	-0.42239	0.17616	0.14157	0.42239	0.11547	0.14157
GAG	GTG	AT	0.93517	0.01383	0.02129	-0.93517	0.03524	0.02129
GAG	GCG	AC	-1.69665	0.03823	0.01456	1.69665	0.00701	0.01456
GAG	GAT	GT	0.68652	0.01383	0.01912	-0.68652	0.02748	0.01912
GAG	GAC	GC	-0.25926	0.03823	0.03349	0.25926	0.02950	0.03349
GAG	GAA	GA	-0.59562	0.17616	0.12888	0.59562	0.09710	0.12888
GGT	TGT	GT	0.50807	0.00471	0.00601	-0.50807	0.00783	0.00601
GGT	CGT	GC	-1.67879	0.01303	0.00502	1.67879	0.00243	0.00502
GGT	AGT	GA	0.36540	0.06003	0.07166	-0.36540	0.08650	0.07166
GGT	GTT	GT	0.79048	0.00471	0.00682	-0.79048	0.01039	0.00682
GGT	GCT	GC	-0.33211	0.01303	0.01098	0.33211	0.00934	0.01098
GGT	GAT	GA	0.83696	0.06003	0.08861	-0.83696	0.13862	0.08861
GGC	TGC	GT	0.38714	0.01299	0.01566	-0.38714	0.01913	0.01566
GGC	CGC	GC	-1.24603	0.03589	0.01806	1.24603	0.01032	0.01806
GGC	AGC	GA	-0.25490	0.16538	0.14520	0.25490	0.12817	0.14520
GGC	GTC	GT	0.31579	0.01299	0.01514	-0.31579	0.01781	0.01514
GGC	GCC	GC	-0.30600	0.03589	0.03068	0.30600	0.02643	0.03068
GGC	GAC	GA	-0.10577	0.16538	0.15679	0.10577	0.14878	0.15679
GGC	GGT	CT	0.00306	0.06550	0.06560	-0.00306	0.06570	0.06560
GGA	CGA	GC	-2.62653	0.03307	0.00677	2.62653	0.00239	0.00677
GGA	AGA	GA	-1.04433	0.15240	0.08643	1.04433	0.05363	0.08643
GGA	GTA	GT	-0.76504	0.01197	0.00797	0.76504	0.00557	0.00797
GGA	GCA	GC	-1.06435	0.03307	0.01854	1.06435	0.01141	0.01854
GGA	GAA	GA	-0.45070	0.15240	0.12062	0.45070	0.09710	0.12062
GGA	GGT	AT	-0.00551	0.01197	0.01193	0.00551	0.01190	0.01193
GGA	GGC	AC	-0.00857	0.03307	0.03293	0.00857	0.03279	0.03293
GGG	TGG	GT	0.30752	0.01252	0.01455	-0.30752	0.01703	0.01455
GGG	CGG	GC	-1.57080	0.03461	0.01427	1.57080	0.00720	0.01427
GGG	AGG	GA	-0.95070	0.15950	0.09552	0.95070	0.06164	0.09552
GGG	GTG	GT	0.80817	0.01252	0.01826	-0.80817	0.02810	0.01826
GGG	GCG	GC	-1.82365	0.03461	0.01215	1.82365	0.00559	0.01215
GGG	GAG	GA	-0.12699	0.15950	0.14959	0.12699	0.14048	0.14959
GGG	GGT	GT	-0.27743	0.01252	0.01087	0.27743	0.00949	0.01087
GGG	GGC	GC	-0.28048	0.03461	0.02998	0.28048	0.02615	0.02998
GGG	GGA	GA	-0.27192	0.15950	0.13880	0.27192	0.12153	0.13880


Histograms
2Ns	FMut	FSub(CodonUsage)	FSubw(after w)

-2.76050	0.02050	0.00432
-2.48445	0.00000	0.00000
-2.20840	0.01277	0.00389
-1.93235	0.02609	0.00995
-1.65630	0.01933	0.00857
-1.38025	0.06295	0.03287
-1.10420	0.07314	0.04429
-0.82815	0.10371	0.07383
-0.55210	0.12979	0.10957
-0.27605	0.11798	0.11488
0.00000	0.17450	0.19566
0.27605	0.08944	0.11488
0.55210	0.07535	0.10957
0.82815	0.04437	0.07383
1.10420	0.02368	0.04429
1.38025	0.01593	0.03287
1.65630	0.00376	0.00857
1.93235	0.00400	0.00995
2.20840	0.00140	0.00389
2.48445	0.00000	0.00000
2.76050	0.00131	0.00432

Proportion of advantageous (S > 0) mutations:
 0.34322

Proportions of good & bad mutations (|S| > 2.0000) among mutations:
0.00285  0.03439

mean |Ns| = 0.71189	mean Ns+ = 0.51819	mean Ns- = -0.81311


MLEs of dN/dS (w) for site classes (K=4)

site class             0        1       2a       2b
proportion       0.90049  0.06534  0.03186  0.00231
background w     0.04648  1.07932  0.04648  1.07932
foreground w     0.04648  1.07932  0.28398  0.28398

Naive Empirical Bayes (NEB) probabilities for 4 classes
(amino acids refer to 1st sequence: Bacu)

   1 -   0.94845 0.01836 0.03246 0.00073 ( 1)
   2 -   0.95018 0.01670 0.03245 0.00067 ( 1)
   3 -   0.94724 0.01960 0.03238 0.00078 ( 1)
   4 -   0.95036 0.01653 0.03244 0.00066 ( 1)
   5 -   0.94274 0.02384 0.03249 0.00092 ( 1)
   6 -   0.95084 0.01608 0.03244 0.00064 ( 1)
   7 -   0.93578 0.03061 0.03245 0.00116 ( 1)
   8 -   0.94327 0.02334 0.03249 0.00090 ( 1)
   9 -   0.94036 0.02616 0.03248 0.00100 ( 1)
  10 -   0.94564 0.02106 0.03248 0.00082 ( 1)
  11 -   0.94918 0.01766 0.03246 0.00070 ( 1)
  12 -   0.95035 0.01654 0.03245 0.00066 ( 1)
  13 -   0.95474 0.01235 0.03240 0.00050 ( 1)
  14 -   0.95141 0.01553 0.03243 0.00062 ( 1)
  15 -   0.94153 0.02503 0.03249 0.00096 ( 1)
  16 -   0.95413 0.01297 0.03237 0.00053 ( 1)
  17 -   0.95354 0.01355 0.03235 0.00055 ( 1)
  18 -   0.93663 0.02978 0.03247 0.00113 ( 1)
  19 -   0.64641 0.31892 0.02219 0.01248 ( 1)
  20 -   0.94327 0.02334 0.03249 0.00090 ( 1)
  21 M   0.80326 0.16290 0.02697 0.00687 ( 1)
  22 S   0.94337 0.02324 0.03249 0.00090 ( 1)
  23 G   0.94544 0.02124 0.03249 0.00083 ( 1)
  24 S   0.95433 0.01277 0.03238 0.00052 ( 1)
  25 Y   0.94554 0.02114 0.03249 0.00082 ( 1)
  26 S   0.94351 0.02310 0.03250 0.00089 ( 1)
  27 P   0.94403 0.02260 0.03250 0.00088 ( 1)
  28 G   0.95019 0.01669 0.03246 0.00066 ( 1)
  29 Y   0.94554 0.02114 0.03249 0.00082 ( 1)
  30 A   0.94740 0.01935 0.03248 0.00076 ( 1)
  31 K   0.95134 0.01559 0.03244 0.00062 ( 1)
  32 I   0.94806 0.01872 0.03248 0.00074 ( 1)
  33 N   0.95144 0.01550 0.03244 0.00062 ( 1)
  34 K   0.95134 0.01559 0.03244 0.00062 ( 1)
  35 R   0.95604 0.01117 0.03233 0.00046 ( 1)
  36 G   0.94510 0.02150 0.03257 0.00083 ( 1)
  37 G   0.95706 0.01021 0.03231 0.00042 ( 1)
  38 A   0.95151 0.01543 0.03244 0.00062 ( 1)
  39 G   0.94514 0.02153 0.03249 0.00084 ( 1)
  40 G   0.94058 0.02593 0.03249 0.00099 ( 1)
  41 W   0.93170 0.03459 0.03242 0.00129 ( 1)
  42 S   0.94349 0.02312 0.03250 0.00089 ( 1)
  43 P   0.94275 0.02383 0.03250 0.00092 ( 1)
  44 S   0.93656 0.02985 0.03247 0.00113 ( 1)
  45 D   0.95414 0.01295 0.03238 0.00053 ( 1)
  46 S   0.94931 0.01753 0.03247 0.00069 ( 1)
  47 D   0.95414 0.01295 0.03238 0.00053 ( 1)
  48 H   0.95055 0.01635 0.03245 0.00065 ( 1)
  49 Y   0.94553 0.02116 0.03249 0.00083 ( 1)
  50 Q   0.93746 0.02897 0.03247 0.00110 ( 1)
  51 W   0.93170 0.03459 0.03242 0.00129 ( 1)
  52 L   0.95105 0.01587 0.03245 0.00063 ( 1)
  53 Q   0.93368 0.03266 0.03244 0.00123 ( 1)
  54 V   0.94994 0.01693 0.03246 0.00067 ( 1)
  55 D   0.95414 0.01295 0.03238 0.00053 ( 1)
  56 F   0.93840 0.02805 0.03248 0.00107 ( 1)
  57 G   0.95017 0.01671 0.03246 0.00066 ( 1)
  58 N   0.09846 0.86361 0.00336 0.03457 ( 2)
  59 R   0.95603 0.01118 0.03233 0.00046 ( 1)
  60 K   0.69907 0.26643 0.02384 0.01066 ( 1)
  61 Q   0.93368 0.03266 0.03244 0.00123 ( 1)
  62 I   0.94805 0.01873 0.03248 0.00074 ( 1)
  63 S   0.94931 0.01753 0.03247 0.00069 ( 1)
  64 A   0.94739 0.01937 0.03248 0.00076 ( 1)
  65 I   0.75790 0.20792 0.02564 0.00854 ( 1)
  66 A   0.94902 0.01781 0.03247 0.00070 ( 1)
  67 T   0.94900 0.01782 0.03247 0.00071 ( 1)
  68 Q   0.93746 0.02897 0.03247 0.00110 ( 1)
  69 G   0.94067 0.02585 0.03249 0.00099 ( 1)
  70 R   0.95856 0.00885 0.03222 0.00037 ( 1)
  71 Y   0.94244 0.02414 0.03249 0.00093 ( 1)
  72 S   0.95432 0.01278 0.03238 0.00052 ( 1)
  73 S   0.95432 0.01278 0.03238 0.00052 ( 1)
  74 S   0.93656 0.02985 0.03247 0.00113 ( 1)
  75 D   0.95414 0.01295 0.03238 0.00053 ( 1)
  76 W   0.93170 0.03459 0.03242 0.00129 ( 1)
  77 V   0.93600 0.03039 0.03246 0.00115 ( 1)
  78 T   0.94900 0.01782 0.03247 0.00071 ( 1)
  79 Q   0.93746 0.02897 0.03247 0.00110 ( 1)
  80 Y   0.94244 0.02414 0.03249 0.00093 ( 1)
  81 R   0.95647 0.01077 0.03231 0.00044 ( 1)
  82 M   0.79244 0.17362 0.02676 0.00718 ( 1)
  83 L   0.94586 0.02084 0.03249 0.00081 ( 1)
  84 Y   0.94244 0.02414 0.03249 0.00093 ( 1)
  85 S   0.95419 0.01291 0.03237 0.00053 ( 1)
  86 D   0.95414 0.01295 0.03238 0.00053 ( 1)
  87 T   0.94917 0.01766 0.03247 0.00070 ( 1)
  88 G   0.94532 0.02136 0.03249 0.00083 ( 1)
  89 R   0.95848 0.00893 0.03222 0.00037 ( 1)
  90 N   0.95222 0.01477 0.03242 0.00059 ( 1)
  91 W   0.93160 0.03469 0.03242 0.00130 ( 1)
  92 K   0.94856 0.01825 0.03247 0.00072 ( 1)
  93 P   0.94925 0.01759 0.03246 0.00070 ( 1)
  94 Y   0.94233 0.02424 0.03249 0.00093 ( 1)
  95 H   0.95045 0.01645 0.03245 0.00066 ( 1)
  96 Q   0.93735 0.02908 0.03247 0.00110 ( 1)
  97 D   0.62576 0.33951 0.02152 0.01321 ( 1)
  98 G   0.94524 0.02144 0.03248 0.00084 ( 1)
  99 N   0.95222 0.01477 0.03242 0.00059 ( 1)
 100 I   0.94794 0.01884 0.03247 0.00074 ( 1)
 101 W   0.93021 0.03591 0.03255 0.00132 ( 1)
 102 A   0.94657 0.02024 0.03239 0.00080 ( 1)
 103 F   0.93748 0.02897 0.03245 0.00110 ( 1)
 104 P   0.94308 0.02354 0.03246 0.00091 ( 1)
 105 G   0.94598 0.02071 0.03251 0.00081 ( 1)
 106 N   0.95054 0.01639 0.03241 0.00066 ( 1)
 107 V   0.09404 0.86796 0.00320 0.03480 ( 2)
 108 N   0.95096 0.01597 0.03242 0.00064 ( 1)
 109 S   0.94581 0.02090 0.03247 0.00082 ( 1)
 110 D   0.94443 0.02223 0.03248 0.00086 ( 1)
 111 S   0.94934 0.01754 0.03242 0.00070 ( 1)
 112 V   0.93552 0.03086 0.03245 0.00117 ( 1)
 113 V   0.94947 0.01739 0.03244 0.00069 ( 1)
 114 R   0.95742 0.00992 0.03225 0.00041 ( 1)
 115 H   0.95010 0.01679 0.03244 0.00067 ( 1)
 116 D   0.94443 0.02223 0.03248 0.00086 ( 1)
 117 L   0.94289 0.02371 0.03248 0.00092 ( 1)
 118 Q   0.93322 0.03311 0.03243 0.00124 ( 1)
 119 H   0.95009 0.01681 0.03244 0.00067 ( 1)
 120 P   0.94225 0.02433 0.03248 0.00094 ( 1)
 121 V   0.72621 0.23943 0.02470 0.00967 ( 1)
 122 I   0.94725 0.01951 0.03247 0.00077 ( 1)
 123 A   0.94691 0.01985 0.03247 0.00078 ( 1)
 124 R   0.95607 0.01117 0.03230 0.00046 ( 1)
 125 Y   0.62233 0.34292 0.02139 0.01337 ( 1)
 126 V   0.54731 0.41791 0.01898 0.01580 ( 1)
 127 R   0.95607 0.01117 0.03230 0.00046 ( 1)
 128 I   0.00188 0.98749 0.00039 0.01024 ( 2)
 129 V   0.93552 0.03086 0.03245 0.00117 ( 1)
 130 P   0.94355 0.02307 0.03248 0.00089 ( 1)
 131 L   0.92164 0.04446 0.03227 0.00163 ( 1)
 132 D   0.94449 0.02217 0.03248 0.00086 ( 1)
 133 W   0.93126 0.03503 0.03241 0.00131 ( 1)
 134 N   0.95098 0.01596 0.03242 0.00064 ( 1)
 135 G   0.94009 0.02642 0.03247 0.00101 ( 1)
 136 E   0.95391 0.01319 0.03236 0.00054 ( 1)
 137 G   0.94971 0.01717 0.03244 0.00068 ( 1)
 138 R   0.95607 0.01117 0.03230 0.00046 ( 1)
 139 I   0.00335 0.95927 0.00012 0.03727 ( 2)
 140 G   0.94491 0.02176 0.03247 0.00085 ( 1)
 141 L   0.94537 0.02132 0.03247 0.00083 ( 1)
 142 R   0.95818 0.00922 0.03221 0.00039 ( 1)
 143 I   0.62081 0.34445 0.02136 0.01338 ( 1)
 144 E   0.95010 0.01679 0.03243 0.00067 ( 1)
 145 V   0.69758 0.26790 0.02377 0.01074 ( 1)
 146 Y   0.94205 0.02453 0.03247 0.00095 ( 1)
 147 G   0.94971 0.01717 0.03244 0.00068 ( 1)
 148 C   0.94997 0.01691 0.03244 0.00067 ( 1)
 149 S   0.94301 0.02360 0.03248 0.00091 ( 1)
 150 Y   0.94195 0.02462 0.03248 0.00095 ( 1)
 151 W   0.93160 0.03469 0.03242 0.00130 ( 1)
 152 A   0.95246 0.01449 0.03247 0.00058 ( 1)
 153 D   0.94594 0.02073 0.03253 0.00081 ( 1)
 154 V   0.95091 0.01596 0.03249 0.00063 ( 1)
 155 I   0.94904 0.01775 0.03251 0.00070 ( 1)
 156 N   0.95237 0.01458 0.03247 0.00058 ( 1)
 157 F   0.93941 0.02704 0.03251 0.00103 ( 1)
 158 D   0.94594 0.02073 0.03253 0.00081 ( 1)
 159 G   0.95684 0.01046 0.03227 0.00043 ( 1)
 160 H   0.95151 0.01539 0.03248 0.00061 ( 1)
 161 V   0.95101 0.01587 0.03250 0.00063 ( 1)
 162 V   0.93699 0.02940 0.03250 0.00111 ( 1)
 163 L   0.94440 0.02221 0.03253 0.00086 ( 1)
 164 P   0.94390 0.02269 0.03253 0.00088 ( 1)
 165 Y   0.94654 0.02015 0.03253 0.00079 ( 1)
 166 R   0.95930 0.00811 0.03225 0.00034 ( 1)
 167 F   0.94277 0.02379 0.03253 0.00092 ( 1)
 168 R   0.95930 0.00811 0.03225 0.00034 ( 1)
 169 N   0.95237 0.01458 0.03247 0.00058 ( 1)
 170 K   0.95228 0.01467 0.03247 0.00059 ( 1)
 171 K   0.95228 0.01467 0.03247 0.00059 ( 1)
 172 M   0.95981 0.00765 0.03222 0.00032 ( 1)
 173 K   0.94968 0.01714 0.03251 0.00068 ( 1)
 174 T   0.95015 0.01669 0.03250 0.00066 ( 1)
 175 L   0.92272 0.04338 0.03231 0.00159 ( 1)
 176 K   0.94985 0.01700 0.03248 0.00067 ( 1)
 177 D   0.94604 0.02063 0.03253 0.00080 ( 1)
 178 V   0.95264 0.01432 0.03247 0.00057 ( 1)
 179 I   0.94587 0.02081 0.03252 0.00081 ( 1)
 180 A   0.63768 0.22691 0.13303 0.00238 ( 1)
 181 L   0.94142 0.02510 0.03253 0.00096 ( 1)
 182 K   0.94966 0.01716 0.03251 0.00068 ( 1)
 183 F   0.93941 0.02704 0.03251 0.00103 ( 1)
 184 K   0.94966 0.01716 0.03251 0.00068 ( 1)
 185 T   0.94998 0.01685 0.03250 0.00067 ( 1)
 186 S   0.94716 0.01956 0.03252 0.00077 ( 1)
 187 E   0.95522 0.01189 0.03241 0.00048 ( 1)
 188 S   0.95029 0.01656 0.03250 0.00066 ( 1)
 189 E   0.95522 0.01189 0.03241 0.00048 ( 1)
 190 G   0.94642 0.02024 0.03255 0.00079 ( 1)
 191 V   0.95598 0.01118 0.03239 0.00046 ( 1)
 192 L   0.00388 0.95823 0.00013 0.03776 ( 2)
 193 L   0.94108 0.02536 0.03259 0.00096 ( 1)
 194 H   0.95326 0.01374 0.03245 0.00055 ( 1)
 195 G   0.94644 0.02025 0.03253 0.00079 ( 1)
 196 E   0.95522 0.01189 0.03241 0.00048 ( 1)
 197 G   0.94160 0.02492 0.03252 0.00096 ( 1)
 198 Q   0.93464 0.03169 0.03248 0.00119 ( 1)
 199 Q   0.93846 0.02797 0.03251 0.00106 ( 1)
 200 G   0.94644 0.02025 0.03253 0.00079 ( 1)
 201 D   0.94594 0.02073 0.03253 0.00081 ( 1)
 202 Y   0.94654 0.02015 0.03253 0.00079 ( 1)
 203 I   0.94560 0.02107 0.03251 0.00082 ( 1)
 204 T   0.10435 0.85756 0.00355 0.03454 ( 2)
 205 L   0.94142 0.02510 0.03253 0.00096 ( 1)
 206 E   0.95522 0.01189 0.03241 0.00048 ( 1)
 207 L   0.92272 0.04338 0.03231 0.00159 ( 1)
 208 K   0.70101 0.26454 0.02400 0.01045 ( 1)
 209 K   0.94966 0.01716 0.03251 0.00068 ( 1)
 210 A   0.94839 0.01837 0.03252 0.00072 ( 1)
 211 K   0.71138 0.25419 0.02426 0.01017 ( 1)
 212 L   0.92272 0.04338 0.03231 0.00159 ( 1)
 213 V   0.95264 0.01432 0.03247 0.00057 ( 1)
 214 F   0.94277 0.02379 0.03253 0.00092 ( 1)
 215 S   0.95029 0.01656 0.03250 0.00066 ( 1)
 216 L   0.94440 0.02221 0.03253 0.00086 ( 1)
 217 N   0.95237 0.01458 0.03247 0.00058 ( 1)
 218 L   0.94772 0.01901 0.03252 0.00075 ( 1)
 219 G   0.94108 0.02544 0.03251 0.00098 ( 1)
 220 S   0.95471 0.01240 0.03239 0.00050 ( 1)
 221 N   0.95188 0.01506 0.03245 0.00060 ( 1)
 222 Q   0.93414 0.03219 0.03246 0.00121 ( 1)
 223 L   0.95106 0.01586 0.03245 0.00063 ( 1)
 224 G   0.95064 0.01624 0.03247 0.00065 ( 1)
 225 P   0.94987 0.01698 0.03248 0.00067 ( 1)
 226 I   0.95576 0.01144 0.03233 0.00047 ( 1)
 227 Y   0.94612 0.02056 0.03251 0.00080 ( 1)
 228 G   0.95074 0.01614 0.03248 0.00064 ( 1)
 229 H   0.95296 0.01404 0.03244 0.00056 ( 1)
 230 T   0.95009 0.01676 0.03248 0.00066 ( 1)
 231 S   0.94688 0.01983 0.03251 0.00078 ( 1)
 232 V   0.93658 0.02981 0.03248 0.00113 ( 1)
 233 T   0.00032 0.95944 0.00001 0.04024 ( 2)
 234 T   0.94975 0.01709 0.03249 0.00068 ( 1)
 235 G   0.94118 0.02534 0.03251 0.00097 ( 1)
 236 S   0.94989 0.01696 0.03249 0.00067 ( 1)
 237 L   0.92241 0.04369 0.03230 0.00160 ( 1)
 238 L   0.92241 0.04369 0.03230 0.00160 ( 1)
 239 D   0.94552 0.02114 0.03251 0.00082 ( 1)
 240 D   0.94679 0.01988 0.03256 0.00077 ( 1)
 241 H   0.95296 0.01404 0.03244 0.00056 ( 1)
 242 H   0.95296 0.01404 0.03244 0.00056 ( 1)
 243 W   0.93225 0.03404 0.03244 0.00127 ( 1)
 244 H   0.95296 0.01404 0.03244 0.00056 ( 1)
 245 S   0.94410 0.02252 0.03252 0.00087 ( 1)
 246 V   0.93658 0.02981 0.03248 0.00113 ( 1)
 247 V   0.95225 0.01470 0.03245 0.00059 ( 1)
 248 I   0.94510 0.02155 0.03251 0.00084 ( 1)
 249 E   0.95113 0.01577 0.03247 0.00063 ( 1)
 250 R   0.95696 0.01029 0.03233 0.00042 ( 1)
 251 Q   0.93424 0.03209 0.03246 0.00121 ( 1)
 252 G   0.95074 0.01614 0.03248 0.00064 ( 1)
 253 R   0.95824 0.00910 0.03228 0.00038 ( 1)
 254 S   0.74328 0.22245 0.02522 0.00905 ( 1)
 255 L   0.66506 0.30032 0.02278 0.01183 ( 1)
 256 N   0.95198 0.01496 0.03246 0.00060 ( 1)
 257 L   0.94646 0.02024 0.03251 0.00079 ( 1)
 258 T   0.94967 0.01716 0.03249 0.00068 ( 1)
 259 L   0.92241 0.04369 0.03230 0.00160 ( 1)
 260 D   0.95467 0.01243 0.03240 0.00051 ( 1)
 261 R   0.95899 0.00842 0.03224 0.00035 ( 1)
 262 S   0.95484 0.01226 0.03240 0.00050 ( 1)
 263 T   0.95002 0.01683 0.03249 0.00067 ( 1)
 264 Q   0.93424 0.03209 0.03246 0.00121 ( 1)
 265 H   0.95296 0.01404 0.03244 0.00056 ( 1)
 266 F   0.94235 0.02420 0.03251 0.00093 ( 1)
 267 R   0.95696 0.01029 0.03233 0.00042 ( 1)
 268 T   0.94958 0.01725 0.03249 0.00068 ( 1)
 269 N   0.95266 0.01433 0.03243 0.00058 ( 1)
 270 G   0.94606 0.02062 0.03251 0.00080 ( 1)
 271 E   0.95113 0.01577 0.03247 0.00063 ( 1)
 272 F   0.94224 0.02432 0.03251 0.00094 ( 1)
 273 D   0.95467 0.01243 0.03240 0.00051 ( 1)
 274 Y   0.94304 0.02353 0.03251 0.00091 ( 1)
 275 L   0.92241 0.04369 0.03230 0.00160 ( 1)
 276 D   0.94552 0.02114 0.03251 0.00082 ( 1)
 277 L   0.94100 0.02551 0.03251 0.00098 ( 1)
 278 D   0.95467 0.01243 0.03240 0.00051 ( 1)
 279 Y   0.94583 0.02085 0.03250 0.00081 ( 1)
 280 E   0.95113 0.01577 0.03247 0.00063 ( 1)
 281 I   0.95300 0.01370 0.03277 0.00053 ( 1)
 282 T   0.94606 0.02039 0.03277 0.00077 ( 1)
 283 F   0.93561 0.03061 0.03264 0.00113 ( 1)
 284 G   0.93773 0.02853 0.03268 0.00106 ( 1)
 285 G   0.94725 0.01924 0.03278 0.00073 ( 1)
 286 I   0.95317 0.01353 0.03277 0.00053 ( 1)
 287 P   0.94109 0.02524 0.03272 0.00095 ( 1)
 288 F   0.93887 0.02742 0.03269 0.00102 ( 1)
 289 S   0.94170 0.02468 0.03269 0.00093 ( 1)
 290 G   0.95461 0.01215 0.03276 0.00048 ( 1)
 291 K   0.94825 0.01827 0.03277 0.00070 ( 1)
 292 P   0.93984 0.02647 0.03271 0.00099 ( 1)
 293 S   0.94637 0.02009 0.03277 0.00076 ( 1)
 294 S   0.94335 0.02303 0.03275 0.00087 ( 1)
 295 S   0.95287 0.01419 0.03236 0.00058 ( 1)
 296 S   0.94779 0.01902 0.03244 0.00075 ( 1)
 297 R   0.77514 0.19079 0.02609 0.00798 ( 1)
 298 K   0.94979 0.01711 0.03241 0.00068 ( 1)
 299 N   0.95080 0.01615 0.03240 0.00065 ( 1)
 300 F   0.94014 0.02639 0.03246 0.00101 ( 1)
 301 K   0.08052 0.88186 0.00276 0.03487 ( 2)
 302 G   0.94861 0.01824 0.03243 0.00072 ( 1)
 303 C   0.94901 0.01786 0.03243 0.00071 ( 1)
 304 M   0.95786 0.00955 0.03219 0.00040 ( 1)
 305 E   0.95289 0.01418 0.03236 0.00058 ( 1)
 306 S   0.68202 0.28340 0.02327 0.01131 ( 1)
 307 I   0.94288 0.02374 0.03246 0.00092 ( 1)
 308 N   0.94989 0.01702 0.03241 0.00068 ( 1)
 309 Y   0.94082 0.02573 0.03246 0.00099 ( 1)
 310 N   0.95080 0.01615 0.03240 0.00065 ( 1)
 311 G   0.94861 0.01824 0.03243 0.00072 ( 1)
 312 I   0.94645 0.02030 0.03245 0.00080 ( 1)
 313 N   0.94989 0.01702 0.03241 0.00068 ( 1)
 314 I   0.95454 0.01263 0.03232 0.00052 ( 1)
 315 T   0.95104 0.01593 0.03240 0.00064 ( 1)
 316 D   0.94330 0.02333 0.03246 0.00091 ( 1)
 317 L   0.94433 0.02233 0.03246 0.00087 ( 1)
 318 A   0.94737 0.01942 0.03244 0.00077 ( 1)
 319 R   0.95730 0.01006 0.03222 0.00042 ( 1)
 320 R   0.95666 0.01065 0.03225 0.00044 ( 1)
 321 K   0.94979 0.01711 0.03241 0.00068 ( 1)
 322 K   0.94711 0.01967 0.03244 0.00078 ( 1)
 323 L   0.94511 0.02160 0.03246 0.00084 ( 1)
 324 E   0.95282 0.01424 0.03236 0.00058 ( 1)
 325 P   0.94781 0.01900 0.03244 0.00075 ( 1)
 326 S   0.93500 0.03138 0.03243 0.00119 ( 1)
 327 N   0.95080 0.01615 0.03240 0.00065 ( 1)
 328 V   0.93445 0.03192 0.03242 0.00121 ( 1)
 329 G   0.94006 0.02643 0.03250 0.00101 ( 1)
 330 N   0.95178 0.01516 0.03245 0.00061 ( 1)
 331 L   0.93987 0.02661 0.03250 0.00102 ( 1)
 332 S   0.94878 0.01801 0.03249 0.00071 ( 1)
 333 F   0.94122 0.02531 0.03251 0.00097 ( 1)
 334 T   0.00595 0.98096 0.00118 0.01191 ( 2)
 335 C   0.95003 0.01682 0.03248 0.00067 ( 1)
 336 V   0.05359 0.91021 0.00186 0.03433 ( 2)
 337 E   0.95088 0.01598 0.03251 0.00063 ( 1)
 338 P   0.94971 0.01710 0.03252 0.00067 ( 1)
 339 Y   0.94278 0.02377 0.03254 0.00091 ( 1)
 340 T   0.68334 0.28213 0.02339 0.01114 ( 1)
 341 V   0.95506 0.01192 0.03254 0.00048 ( 1)
 342 P   0.94446 0.02214 0.03254 0.00086 ( 1)
 343 V   0.95191 0.01500 0.03249 0.00060 ( 1)
 344 F   0.93874 0.02769 0.03252 0.00105 ( 1)
 345 F   0.94209 0.02443 0.03254 0.00094 ( 1)
 346 N   0.95258 0.01436 0.03248 0.00057 ( 1)
 347 A   0.95182 0.01509 0.03249 0.00060 ( 1)
 348 T   0.94932 0.01747 0.03252 0.00069 ( 1)
 349 S   0.94963 0.01718 0.03252 0.00068 ( 1)
 350 Y   0.94278 0.02377 0.03254 0.00091 ( 1)
 351 L   0.92268 0.04341 0.03232 0.00159 ( 1)
 352 E   0.95088 0.01598 0.03251 0.00063 ( 1)
 353 V   0.93633 0.03004 0.03250 0.00113 ( 1)
 354 P   0.94538 0.02122 0.03258 0.00082 ( 1)
 355 G   0.94093 0.02557 0.03253 0.00098 ( 1)
 356 R   0.15300 0.80839 0.00517 0.03344 ( 2)
 357 L   0.95135 0.01553 0.03250 0.00062 ( 1)
 358 H   0.95143 0.01544 0.03253 0.00061 ( 1)
 359 Q   0.93669 0.02972 0.03247 0.00113 ( 1)
 360 D   0.95442 0.01263 0.03244 0.00051 ( 1)
 361 L   0.92287 0.04323 0.03232 0.00158 ( 1)
 362 F   0.93874 0.02769 0.03252 0.00105 ( 1)
 363 S   0.93968 0.02678 0.03252 0.00102 ( 1)
 364 V   0.68679 0.27868 0.02350 0.01103 ( 1)
 365 S   0.94971 0.01709 0.03252 0.00067 ( 1)
 366 F   0.94209 0.02443 0.03254 0.00094 ( 1)
 367 Q   0.93401 0.03231 0.03248 0.00121 ( 1)
 368 F   0.94209 0.02443 0.03254 0.00094 ( 1)
 369 R   0.95829 0.00901 0.03233 0.00037 ( 1)
 370 T   0.95284 0.01412 0.03248 0.00057 ( 1)
 371 W   0.93202 0.03425 0.03245 0.00128 ( 1)
 372 N   0.95173 0.01518 0.03249 0.00060 ( 1)
 373 P   0.94971 0.01710 0.03252 0.00067 ( 1)
 374 N   0.10485 0.86421 0.02185 0.00910 ( 2)
 375 G   0.95753 0.00972 0.03235 0.00040 ( 1)
 376 L   0.94621 0.02046 0.03254 0.00080 ( 1)
 377 L   0.92271 0.04338 0.03232 0.00159 ( 1)
 378 L   0.95134 0.01554 0.03250 0.00062 ( 1)
 379 F   0.94209 0.02443 0.03254 0.00094 ( 1)
 380 S   0.94965 0.01716 0.03251 0.00068 ( 1)
 381 H   0.74941 0.21638 0.02562 0.00859 ( 1)
 382 F   0.93863 0.02780 0.03251 0.00106 ( 1)
 383 A   0.95844 0.00888 0.03230 0.00037 ( 1)
 384 D   0.94514 0.02149 0.03254 0.00083 ( 1)
 385 N   0.00482 0.95672 0.00016 0.03830 ( 2)
 386 L   0.93789 0.02857 0.03245 0.00109 ( 1)
 387 G   0.95050 0.01635 0.03250 0.00065 ( 1)
 388 N   0.70100 0.26453 0.02393 0.01054 ( 1)
 389 V   0.93622 0.03015 0.03249 0.00114 ( 1)
 390 E   0.95077 0.01609 0.03250 0.00064 ( 1)
 391 I   0.94472 0.02189 0.03254 0.00085 ( 1)
 392 D   0.95424 0.01278 0.03247 0.00052 ( 1)
 393 L   0.94600 0.02064 0.03255 0.00080 ( 1)
 394 T   0.95263 0.01430 0.03250 0.00057 ( 1)
 395 D   0.95424 0.01278 0.03247 0.00052 ( 1)
 396 S   0.95427 0.01276 0.03246 0.00051 ( 1)
 397 K   0.70956 0.25605 0.02434 0.01005 ( 1)
 398 V   0.95164 0.01525 0.03251 0.00061 ( 1)
 399 S   0.73633 0.22936 0.02505 0.00925 ( 1)
 400 V   0.61360 0.25522 0.12854 0.00265 ( 1)
 401 H   0.95236 0.01456 0.03250 0.00058 ( 1)
 402 I   0.94802 0.01871 0.03254 0.00073 ( 1)
 403 N   0.95138 0.01549 0.03251 0.00062 ( 1)
 404 I   0.66237 0.30303 0.02274 0.01185 ( 1)
 405 T   0.94948 0.01731 0.03253 0.00068 ( 1)
 406 Q   0.93288 0.03342 0.03245 0.00125 ( 1)
 407 T   0.94814 0.01862 0.03251 0.00073 ( 1)
 408 K   0.95016 0.01661 0.03258 0.00065 ( 1)
 409 M   0.14075 0.82078 0.00476 0.03371 ( 2)
 410 S   0.95319 0.01372 0.03254 0.00055 ( 1)
 411 Q   0.93325 0.03300 0.03252 0.00123 ( 1)
 412 I   0.95450 0.01250 0.03250 0.00050 ( 1)
 413 D   0.94334 0.02319 0.03258 0.00089 ( 1)
 414 I   0.94297 0.02355 0.03258 0.00090 ( 1)
 415 S   0.94450 0.02204 0.03261 0.00085 ( 1)
 416 S   0.93487 0.03142 0.03253 0.00118 ( 1)
 417 G   0.95561 0.01142 0.03251 0.00046 ( 1)
 418 S   0.94428 0.02233 0.03252 0.00086 ( 1)
 419 G   0.94620 0.02048 0.03252 0.00080 ( 1)
 420 L   0.94096 0.02555 0.03251 0.00098 ( 1)
 421 N   0.95303 0.01396 0.03245 0.00056 ( 1)
 422 D   0.95438 0.01265 0.03247 0.00051 ( 1)
 423 G   0.95092 0.01597 0.03248 0.00064 ( 1)
 424 Q   0.93442 0.03192 0.03247 0.00120 ( 1)
 425 W   0.93242 0.03387 0.03245 0.00127 ( 1)
 426 H   0.95129 0.01561 0.03248 0.00062 ( 1)
 427 E   0.95403 0.01307 0.03237 0.00053 ( 1)
 428 V   0.95242 0.01454 0.03246 0.00058 ( 1)
 429 R   0.96248 0.00528 0.03201 0.00023 ( 1)
 430 F   0.94254 0.02402 0.03252 0.00092 ( 1)
 431 L   0.94670 0.02003 0.03249 0.00078 ( 1)
 432 A   0.95224 0.01471 0.03246 0.00059 ( 1)
 433 K   0.95206 0.01488 0.03246 0.00060 ( 1)
 434 E   0.95131 0.01560 0.03248 0.00062 ( 1)
 435 N   0.95303 0.01396 0.03245 0.00056 ( 1)
 436 F   0.93918 0.02728 0.03251 0.00104 ( 1)
 437 V   0.95069 0.01618 0.03249 0.00064 ( 1)
 438 I   0.94528 0.02136 0.03252 0.00083 ( 1)
 439 L   0.94664 0.02006 0.03252 0.00078 ( 1)
 440 T   0.95325 0.01375 0.03244 0.00055 ( 1)
 441 I   0.94876 0.01802 0.03250 0.00071 ( 1)
 442 D   0.94804 0.01883 0.03238 0.00075 ( 1)
 443 G   0.94137 0.02515 0.03252 0.00096 ( 1)
 444 D   0.94583 0.02083 0.03252 0.00081 ( 1)
 445 E   0.95502 0.01209 0.03240 0.00049 ( 1)
 446 A   0.94816 0.01860 0.03251 0.00073 ( 1)
 447 S   0.93732 0.02908 0.03249 0.00110 ( 1)
 448 A   0.94977 0.01705 0.03250 0.00067 ( 1)
 449 V   0.95127 0.01566 0.03245 0.00063 ( 1)
 450 R   0.95664 0.01057 0.03235 0.00044 ( 1)
 451 T   0.95320 0.01380 0.03244 0.00056 ( 1)
 452 N   0.95215 0.01479 0.03246 0.00059 ( 1)
 453 S   0.95006 0.01678 0.03249 0.00066 ( 1)
 454 P   0.94480 0.02183 0.03252 0.00085 ( 1)
 455 L   0.95178 0.01514 0.03247 0.00061 ( 1)
 456 Q   0.93823 0.02820 0.03250 0.00107 ( 1)
 457 V   0.95064 0.01624 0.03248 0.00065 ( 1)
 458 K   0.94943 0.01739 0.03250 0.00069 ( 1)
 459 T   0.95325 0.01375 0.03244 0.00055 ( 1)
 460 G   0.95092 0.01596 0.03248 0.00064 ( 1)
 461 E   0.00452 0.98425 0.00095 0.01028 ( 2)
 462 K   0.95206 0.01488 0.03246 0.00060 ( 1)
 463 Y   0.94323 0.02335 0.03252 0.00090 ( 1)
 464 F   0.93918 0.02728 0.03251 0.00104 ( 1)
 465 F   0.93918 0.02728 0.03251 0.00104 ( 1)
 466 G   0.94137 0.02515 0.03252 0.00096 ( 1)
 467 G   0.95788 0.00943 0.03230 0.00039 ( 1)
 468 Y   0.64170 0.32363 0.02206 0.01261 ( 1)
 469 L   0.05089 0.91164 0.00175 0.03572 ( 2)
 470 N   0.95233 0.01461 0.03247 0.00059 ( 1)
 471 Q   0.54004 0.42521 0.01876 0.01598 ( 1)
 472 M   0.95978 0.00768 0.03222 0.00032 ( 1)
 473 N   0.10871 0.85327 0.00370 0.03432 ( 2)
 474 S   0.71211 0.25346 0.02428 0.01015 ( 1)
 475 S   0.93757 0.02884 0.03250 0.00109 ( 1)
 476 S   0.95025 0.01660 0.03250 0.00066 ( 1)
 477 H   0.95330 0.01370 0.03245 0.00055 ( 1)
 478 S   0.94448 0.02214 0.03253 0.00086 ( 1)
 479 V   0.95258 0.01438 0.03246 0.00058 ( 1)
 480 L   0.95196 0.01496 0.03248 0.00060 ( 1)
 481 Q   0.93460 0.03173 0.03247 0.00119 ( 1)
 482 P   0.94500 0.02164 0.03253 0.00084 ( 1)
 483 S   0.93752 0.02889 0.03250 0.00109 ( 1)
 484 F   0.94273 0.02382 0.03253 0.00092 ( 1)
 485 Q   0.93842 0.02801 0.03251 0.00106 ( 1)
 486 G   0.94156 0.02496 0.03252 0.00096 ( 1)
 487 C   0.95148 0.01542 0.03248 0.00061 ( 1)
 488 M   0.95978 0.00768 0.03222 0.00032 ( 1)
 489 Q   0.93460 0.03173 0.03247 0.00119 ( 1)
 490 L   0.94683 0.01987 0.03252 0.00078 ( 1)
 491 I   0.94548 0.02117 0.03253 0.00082 ( 1)
 492 Q   0.93842 0.02801 0.03251 0.00106 ( 1)
 493 V   0.93695 0.02944 0.03250 0.00111 ( 1)
 494 D   0.94590 0.02077 0.03253 0.00081 ( 1)
 495 D   0.94590 0.02077 0.03253 0.00081 ( 1)
