Supplemental results for CODEML (seqf: /home/leticiamagpali/phd/evol_models/codeml/big_dataset/cml_align/CASQ1_codon_aligned.phy  treef: /home/leticiamagpali/phd/evol_models/codeml/big_dataset/cml_trees/gene_trees/H2_gene_trees/CASQ1_tree_H2.tre)

I	J	ij	2Ns_IJ	pMut_IJ	pSub_IJ	2Ns_JI	pMut_JI	pSub_JI

TTC	TTT	CT	0.87209	0.26888	0.40295	-0.87209	0.64313	0.40295
TTA	TTT	AT	1.56067	0.00969	0.01914	-1.56067	0.04614	0.01914
TTA	TTC	AC	0.68857	0.04317	0.05972	-0.68857	0.08594	0.05972
TTG	TTT	GT	3.77769	0.00042	0.00162	-3.77769	0.01834	0.00162
TTG	TTC	GC	2.90560	0.00187	0.00574	-2.90560	0.03416	0.00574
TTG	TTA	GA	2.21702	0.00547	0.01360	-2.21702	0.05018	0.01360
TCT	TTT	CT	2.42725	0.05677	0.15115	-2.42725	0.64313	0.15115
TCC	TTC	CT	4.64467	0.01152	0.05401	-4.64467	1.19796	0.05401
TCC	TCT	CT	3.08951	0.01152	0.03727	-3.08951	0.25295	0.03727
TCA	TTA	CT	1.09010	0.09266	0.15216	-1.09010	0.27563	0.15216
TCA	TCT	AT	0.22352	0.01451	0.01619	-0.22352	0.01815	0.01619
TCA	TCC	AC	-2.86599	0.06466	0.01119	2.86599	0.00368	0.01119
TCG	TTG	CT	2.69810	0.00080	0.00232	-2.69810	0.01193	0.00232
TCG	TCT	GT	4.04853	0.00013	0.00052	-4.04853	0.00721	0.00052
TCG	TCC	GC	0.95902	0.00056	0.00087	-0.95902	0.00146	0.00087
TCG	TCA	GA	3.82502	0.00164	0.00641	-3.82502	0.07516	0.00641
TAT	TTT	AT	1.23476	0.01342	0.02337	-1.23476	0.04614	0.02337
TAT	TCT	AC	-1.19249	0.05980	0.03107	1.19249	0.01815	0.03107
TAC	TTC	AT	1.09424	0.02877	0.04733	-1.09424	0.08594	0.04733
TAC	TCC	AC	-3.55043	0.12819	0.01345	3.55043	0.00368	0.01345
TAC	TAT	CT	0.73157	0.18371	0.25903	-0.73157	0.38182	0.25903
TGT	TTT	GT	9.60730	0.00000	0.00000	-9.60730	0.01834	0.00001
TGT	TCT	GC	7.18005	0.00000	0.00000	-7.18005	0.00721	0.00004
TGT	TAT	GA	8.37254	0.00000	0.00000	-8.37254	0.06951	0.00013
TGC	TTC	GT	10.22933	0.00000	0.00000	-10.22933	0.03416	0.00001
TGC	TCC	GC	5.58466	0.00000	0.00000	-5.58466	0.00146	0.00003
TGC	TAC	GA	9.13509	0.00000	0.00000	-9.13509	0.14901	0.00015
TGC	TGT	CT	1.49412	0.00000	0.00000	-1.49412	0.00000	0.00000
TGG	TTG	GT	-3.75030	0.01447	0.00131	3.75030	0.00034	0.00131
TGG	TCG	GC	-6.44840	0.06448	0.00066	6.44840	0.00010	0.00066
TGG	TGT	GT	-9.57992	0.01447	0.00001	9.57992	0.00000	0.00000
TGG	TGC	GC	-11.07404	0.06448	0.00001	11.07404	0.00000	0.00000
CTT	TTT	CT	3.40181	0.02142	0.07539	-3.40181	0.64313	0.07539
CTC	TTC	CT	2.70209	0.08034	0.23269	-2.70209	1.19796	0.23269
CTC	CTT	CT	0.17237	0.08034	0.08746	-0.17237	0.09545	0.08746
CTA	TTA	CT	0.96273	0.10525	0.16392	-0.96273	0.27563	0.16392
CTA	CTT	AT	-0.87841	0.01648	0.01029	0.87841	0.00685	0.01029
CTA	CTC	AC	-1.05078	0.07344	0.04149	1.05078	0.02568	0.04149
CTG	TTG	CT	-3.86857	0.57128	0.04715	3.86857	0.01193	0.04715
CTG	CTT	GT	-3.49270	0.08947	0.00980	3.49270	0.00272	0.00980
CTG	CTC	GC	-3.66507	0.39863	0.03839	3.66507	0.01021	0.03839
CTG	CTA	GA	-2.61428	1.16590	0.24081	2.61428	0.08537	0.24081
CCT	TCT	CT	0.62615	0.13524	0.18197	-0.62615	0.25295	0.18197
CCT	CTT	CT	-0.34841	0.13524	0.11305	0.34841	0.09545	0.11305
CCC	TCC	CT	-1.19039	0.16872	0.08776	1.19039	0.05131	0.08776
CCC	CTC	CT	0.75219	0.16872	0.24005	-0.75219	0.35795	0.24005
CCC	CCT	CT	1.27296	0.16872	0.29829	-1.27296	0.60256	0.29829
CCA	TCA	CT	2.86323	0.02357	0.07156	-2.86323	0.41284	0.07156
CCA	CTA	CT	2.99060	0.02357	0.07421	-2.99060	0.46892	0.07421
CCA	CCT	AT	2.46059	0.00369	0.00993	-2.46059	0.04323	0.00993
CCA	CCC	AC	1.18763	0.01644	0.02810	-1.18763	0.05393	0.02810
CCG	TCG	CT	-1.82610	0.02223	0.00779	1.82610	0.00358	0.00779
CCG	CTG	CT	4.74057	0.02223	0.10631	-4.74057	2.54530	0.10631
CCG	CCT	GT	1.59628	0.00348	0.00697	-1.59628	0.01718	0.00697
CCG	CCC	GC	0.32331	0.01551	0.01815	-0.32331	0.02143	0.01815
CCG	CCA	GA	-0.86431	0.04537	0.02855	0.86431	0.01912	0.02855
CAT	TAT	CT	2.16258	0.04392	0.10733	-2.16258	0.38182	0.10733
CAT	CTT	AT	-0.00447	0.00688	0.00686	0.00447	0.00685	0.00686
CAT	CCT	AC	0.34394	0.03065	0.03622	-0.34394	0.04323	0.03622
CAC	TAC	CT	2.83762	0.04794	0.14449	-2.83762	0.81852	0.14449
CAC	CTC	AT	1.22977	0.00751	0.01305	-1.22977	0.02568	0.01305
CAC	CCC	AC	0.47758	0.03345	0.04207	-0.47758	0.05393	0.04207
CAC	CAT	CT	1.40661	0.04794	0.08931	-1.40661	0.19568	0.08931
CAA	CTA	AT	0.99345	0.01246	0.01965	-0.99345	0.03364	0.01965
CAA	CCA	AC	-1.99715	0.05550	0.01741	1.99715	0.00753	0.01741
CAA	CAT	AT	0.11950	0.01246	0.01322	-0.11950	0.01404	0.01322
CAA	CAC	AC	-1.28710	0.05550	0.02724	1.28710	0.01532	0.02724
CAG	CTG	AT	2.71223	0.01212	0.03522	-2.71223	0.18259	0.03522
CAG	CCG	AC	-2.02834	0.05401	0.01659	2.02834	0.00711	0.01659
CAG	CAT	GT	-0.77600	0.01212	0.00802	0.77600	0.00558	0.00802
CAG	CAC	GC	-2.18261	0.05401	0.01498	2.18261	0.00609	0.01498
CAG	CAA	GA	-0.89550	0.15797	0.09766	0.89550	0.06451	0.09766
CGT	TGT	CT	-6.46362	0.02250	0.00023	6.46362	0.00000	0.00000
CGT	CTT	GT	-0.25814	0.00352	0.00309	0.25814	0.00272	0.00309
CGT	CCT	GC	0.09027	0.01570	0.01642	-0.09027	0.01718	0.01642
CGT	CAT	GA	-0.25366	0.04591	0.04033	0.25366	0.03562	0.04033
CGC	TGC	CT	1.49412	0.00000	0.00000	-1.49412	0.00000	0.00000
CGC	CTC	GT	9.02137	0.00000	0.00000	-9.02137	0.01021	0.00001
CGC	CCC	GC	8.26918	0.00000	0.00000	-8.26918	0.02143	0.00005
CGC	CAC	GA	7.79160	0.00000	0.00000	-7.79160	0.03888	0.00013
CGC	CGT	CT	9.45187	0.00000	0.00000	-9.45187	0.10023	0.00007
CGA	CTA	GT	1.33365	0.00352	0.00638	-1.33365	0.01337	0.00638
CGA	CCA	GC	-1.65695	0.01570	0.00613	1.65695	0.00299	0.00613
CGA	CAA	GA	0.34020	0.04591	0.05416	-0.34020	0.06451	0.05416
CGA	CGT	AT	0.71337	0.00352	0.00493	-0.71337	0.00719	0.00493
CGA	CGC	AC	-8.73850	0.01570	0.00002	8.73850	0.00000	0.00000
CGG	TGG	CT	2.93095	0.02196	0.06800	-2.93095	0.41169	0.06800
CGG	CTG	GT	3.04922	0.00344	0.01101	-3.04922	0.07257	0.01101
CGG	CCG	GC	-1.69135	0.01532	0.00586	1.69135	0.00282	0.00586
CGG	CAG	GA	0.33699	0.04482	0.05280	-0.33699	0.06278	0.05280
CGG	CGT	GT	-0.18534	0.00344	0.00313	0.18534	0.00286	0.00313
CGG	CGC	GC	-9.63721	0.01532	0.00001	9.63721	0.00000	0.00000
CGG	CGA	GA	-0.89871	0.04482	0.02766	0.89871	0.01825	0.02766
ATT	TTT	AT	0.53539	0.02701	0.03488	-0.53539	0.04614	0.03488
ATT	CTT	AC	-2.86643	0.12034	0.02081	2.86643	0.00685	0.02081
ATC	TTC	AT	1.06692	0.02957	0.04810	-1.06692	0.08594	0.04810
ATC	CTC	AC	-1.63517	0.13174	0.05216	1.63517	0.02568	0.05216
ATC	ATT	CT	1.40363	0.18880	0.35133	-1.40363	0.76841	0.35133
ATA	TTA	AT	1.58108	0.00407	0.00810	-1.58108	0.01977	0.00810
ATA	CTA	AC	0.61834	0.01813	0.02430	-0.61834	0.03364	0.02430
ATA	ATT	AT	2.60636	0.00407	0.01145	-2.60636	0.05512	0.01145
ATA	ATC	AC	1.20273	0.01813	0.03116	-1.20273	0.06035	0.03116
ATG	TTG	AT	-3.38430	0.02525	0.00300	3.38430	0.00086	0.00300
ATG	CTG	AC	0.48427	0.11251	0.14194	-0.48427	0.18259	0.14194
ATG	ATT	GT	-0.14200	0.02525	0.02350	0.14200	0.02191	0.02350
ATG	ATC	GC	-1.54562	0.11251	0.04711	1.54562	0.02398	0.04711
ATG	ATA	GA	-2.74836	0.32905	0.06187	2.74836	0.02107	0.06187
ACT	TCT	AT	0.58932	0.01007	0.01332	-0.58932	0.01815	0.01332
ACT	CCT	AC	-0.03684	0.04485	0.04403	0.03684	0.04323	0.04403
ACT	ATT	CT	2.48118	0.06427	0.17403	-2.48118	0.76841	0.17403
ACC	TCC	AT	-1.51188	0.01669	0.00714	1.51188	0.00368	0.00714
ACC	CCC	AC	-0.32149	0.07437	0.06306	0.32149	0.05393	0.06306
ACC	ATC	CT	2.06587	0.10659	0.25214	-2.06587	0.84119	0.25214
ACC	ACT	CT	0.98831	0.10659	0.16779	-0.98831	0.28636	0.16779
ACA	TCA	AT	1.33945	0.00776	0.01408	-1.33945	0.02962	0.01408
ACA	CCA	AC	-1.52378	0.03457	0.01468	1.52378	0.00753	0.01468
ACA	ATA	CT	0.84848	0.04954	0.07350	-0.84848	0.11574	0.07350
ACA	ACT	AT	0.97365	0.00776	0.01214	-0.97365	0.02054	0.01214
ACA	ACC	AC	-0.01466	0.03457	0.03432	0.01466	0.03407	0.03432
ACG	TCG	AT	-2.89755	0.00466	0.00079	2.89755	0.00026	0.00079
ACG	CCG	AC	-1.07145	0.02074	0.01158	1.07145	0.00711	0.01158
ACG	ATG	CT	3.18485	0.02973	0.09877	-3.18485	0.71836	0.09877
ACG	ACT	GT	0.56167	0.00466	0.00609	-0.56167	0.00816	0.00609
ACG	ACC	GC	-0.42664	0.02074	0.01663	0.42664	0.01354	0.01663
ACG	ACA	GA	-0.41198	0.06067	0.04903	0.41198	0.04019	0.04903
AAT	TAT	AT	0.37244	0.01887	0.02261	-0.37244	0.02739	0.02261
AAT	CAT	AC	-1.79014	0.08409	0.03017	1.79014	0.01404	0.03017
AAT	ATT	AT	1.07182	0.01887	0.03076	-1.07182	0.05512	0.03076
AAT	ACT	AC	-1.40936	0.08409	0.03831	1.40936	0.02054	0.03831
AAC	TAC	AT	0.85233	0.02504	0.03721	-0.85233	0.05872	0.03721
AAC	CAC	AC	-1.98529	0.11156	0.03526	1.98529	0.01532	0.03526
AAC	ATC	AT	0.87965	0.02504	0.03765	-0.87965	0.06035	0.03765
AAC	ACC	AC	-1.18622	0.11156	0.05818	1.18622	0.03407	0.05818
AAC	AAT	CT	1.21146	0.15988	0.27581	-1.21146	0.53693	0.27581
AAA	CAA	AC	-0.93346	0.06466	0.03911	0.93346	0.02542	0.03911
AAA	ATA	AT	-0.55836	0.01451	0.01084	0.55836	0.00830	0.01084
AAA	ACA	AC	-1.40684	0.06466	0.02950	1.40684	0.01584	0.02950
AAA	AAT	AT	0.97618	0.01451	0.02273	-0.97618	0.03852	0.02273
AAA	AAC	AC	-0.23528	0.06466	0.05735	0.23528	0.05110	0.05735
AAG	CAG	AC	-2.36638	0.26370	0.06460	2.36638	0.02474	0.06460
AAG	ATG	AT	-0.13843	0.05919	0.05518	0.13843	0.05153	0.05518
AAG	ACG	AC	-3.32328	0.26370	0.03276	3.32328	0.00950	0.03276
AAG	AAT	GT	-1.35225	0.05919	0.02792	1.35225	0.01531	0.02792
AAG	AAC	GC	-2.56370	0.26370	0.05641	2.56370	0.02031	0.05641
AAG	AAA	GA	-2.32842	0.77125	0.19389	2.32842	0.07516	0.19389
AGT	TGT	AT	-7.60105	0.00503	0.00002	7.60105	0.00000	0.00000
AGT	CGT	AC	-1.13743	0.02242	0.01204	1.13743	0.00719	0.01204
AGT	ATT	GT	1.47086	0.00503	0.00961	-1.47086	0.02191	0.00961
AGT	ACT	GC	-1.01032	0.02242	0.01297	1.01032	0.00816	0.01297
AGT	AAT	GA	0.39904	0.06559	0.07954	-0.39904	0.09775	0.07954
AGC	TGC	AT	-9.04010	0.02122	0.00002	9.04010	0.00000	0.00000
AGC	CGC	AC	-10.53422	0.09456	0.00003	10.53422	0.00000	0.00000
AGC	ATC	GT	0.12232	0.02122	0.02255	-0.12232	0.02398	0.02255
AGC	ACC	GC	-1.94355	0.09456	0.03071	1.94355	0.01354	0.03071
AGC	AAC	GA	-0.75733	0.27655	0.18493	0.75733	0.12968	0.18493
AGC	AGT	CT	0.05508	0.13551	0.13927	-0.05508	0.14318	0.13927
AGA	CGA	AC	-1.75262	0.04148	0.01524	1.75262	0.00719	0.01524
AGA	ATA	GT	-1.03731	0.00931	0.00530	1.03731	0.00330	0.00530
AGA	ACA	GC	-1.88579	0.04148	0.01399	1.88579	0.00629	0.01399
AGA	AAA	GA	-0.47895	0.12133	0.09459	0.47895	0.07516	0.09459
AGA	AGT	AT	0.09818	0.00931	0.00978	-0.09818	0.01027	0.00978
AGA	AGC	AC	0.04310	0.04148	0.04239	-0.04310	0.04331	0.04239
AGG	TGG	AT	1.04752	0.01036	0.01672	-1.04752	0.02953	0.01672
AGG	CGG	AC	-1.88343	0.04616	0.01559	1.88343	0.00702	0.01559
AGG	ATG	GT	0.68152	0.01036	0.01429	-0.68152	0.02048	0.01429
AGG	ACG	GC	-2.50333	0.04616	0.01030	2.50333	0.00378	0.01030
AGG	AAG	GA	0.81995	0.13501	0.19784	-0.81995	0.30653	0.19784
AGG	AGT	GT	-0.93134	0.01036	0.00627	0.93134	0.00408	0.00627
AGG	AGC	GC	-0.98642	0.04616	0.02708	0.98642	0.01721	0.02708
AGG	AGA	GA	-1.02952	0.13501	0.07723	1.02952	0.04822	0.07723
GTT	TTT	GT	0.89859	0.00747	0.01132	-0.89859	0.01834	0.01132
GTT	CTT	GC	-2.50323	0.03326	0.00742	2.50323	0.00272	0.00742
GTT	ATT	GA	0.36320	0.09729	0.11602	-0.36320	0.13989	0.11602
GTC	TTC	GT	0.34110	0.02428	0.02866	-0.34110	0.03416	0.02866
GTC	CTC	GC	-2.36099	0.10820	0.02661	2.36099	0.01021	0.02661
GTC	ATC	GA	-0.72582	0.31645	0.21538	0.72582	0.15314	0.21538
GTC	GTT	CT	0.31461	0.15506	0.18073	-0.31461	0.21239	0.18073
GTA	TTA	GT	-0.36164	0.01128	0.00936	0.36164	0.00786	0.00936
GTA	CTA	GC	-1.32437	0.05027	0.02412	1.32437	0.01337	0.02412
GTA	ATA	GA	-1.94271	0.14702	0.04778	1.94271	0.02107	0.04778
GTA	GTT	AT	0.30044	0.01128	0.01306	-0.30044	0.01524	0.01306
GTA	GTC	AC	-0.01416	0.05027	0.04991	0.01416	0.04956	0.04991
GTG	TTG	GT	-4.98847	0.04992	0.00171	4.98847	0.00034	0.00171
GTG	CTG	GC	-1.11989	0.22239	0.12064	1.11989	0.07257	0.12064
GTG	ATG	GA	-1.60416	0.65045	0.26259	1.60416	0.13078	0.26259
GTG	GTT	GT	-2.10937	0.04992	0.01454	2.10937	0.00606	0.01454
GTG	GTC	GC	-2.42397	0.22239	0.05239	2.42397	0.01970	0.05239
GTG	GTA	GA	-2.40981	0.65045	0.15471	2.40981	0.05843	0.15471
GCT	TCT	GT	-0.94180	0.01850	0.01113	0.94180	0.00721	0.01113
GCT	CCT	GC	-1.56796	0.08241	0.03403	1.56796	0.01718	0.03403
GCT	ACT	GA	-1.53112	0.24103	0.10185	1.53112	0.05213	0.10185
GCT	GTT	CT	0.58686	0.11810	0.15613	-0.58686	0.21239	0.15613
GCC	TCC	GT	-2.98917	0.02907	0.00460	2.98917	0.00146	0.00460
GCC	CCC	GC	-1.79878	0.12950	0.04620	1.79878	0.02143	0.04620
GCC	ACC	GA	-1.47729	0.37876	0.16549	1.47729	0.08645	0.16549
GCC	GTC	CT	1.31440	0.18559	0.33354	-1.31440	0.69085	0.33354
GCC	GCT	CT	1.04214	0.18559	0.29879	-1.04214	0.52619	0.29879
GCA	TCA	GT	-0.87018	0.02810	0.01763	0.87018	0.01177	0.01763
GCA	CCA	GC	-3.73341	0.12520	0.01145	3.73341	0.00299	0.01145
GCA	ACA	GA	-2.20964	0.36619	0.09974	2.20964	0.04019	0.09974
GCA	GTA	CT	0.58156	0.17943	0.23663	-0.58156	0.32097	0.23663
GCA	GCT	AT	0.29514	0.02810	0.03245	-0.29514	0.03775	0.03245
GCA	GCC	AC	-0.74700	0.12520	0.08421	0.74700	0.05932	0.08421
GCG	TCG	GT	-4.18591	0.00671	0.00043	4.18591	0.00010	0.00043
GCG	CCG	GC	-2.35980	0.02990	0.00736	2.35980	0.00282	0.00736
GCG	ACG	GA	-1.28836	0.08746	0.04289	1.28836	0.02411	0.04289
GCG	GTG	CT	3.50066	0.04285	0.15468	-3.50066	1.42002	0.15468
GCG	GCT	GT	0.80443	0.00671	0.00977	-0.80443	0.01500	0.00977
GCG	GCC	GC	-0.23771	0.02990	0.02649	0.23771	0.02358	0.02649
GCG	GCA	GA	0.50930	0.08746	0.11161	-0.50930	0.14554	0.11161
GAT	TAT	GT	-1.69095	0.05905	0.02257	1.69095	0.01089	0.02257
GAT	CAT	GC	-3.85353	0.26311	0.02197	3.85353	0.00558	0.02197
GAT	AAT	GA	-2.06339	0.76954	0.23104	2.06339	0.09775	0.23104
GAT	GTT	AT	-1.35477	0.05905	0.02782	1.35477	0.01524	0.02782
GAT	GCT	AC	-1.94164	0.26311	0.08557	1.94164	0.03775	0.08557
GAC	TAC	GT	-1.26527	0.08271	0.04113	1.26527	0.02334	0.04113
GAC	CAC	GC	-4.10289	0.36850	0.02540	4.10289	0.00609	0.02540
GAC	AAC	GA	-2.11760	1.07779	0.31217	2.11760	0.12968	0.31217
GAC	GTC	AT	-0.51213	0.08271	0.06333	0.51213	0.04956	0.06333
GAC	GCC	AC	-1.82653	0.36850	0.12913	1.82653	0.05932	0.12913
GAC	GAT	CT	1.15725	0.52811	0.89135	-1.15725	1.68000	0.89135
GAA	CAA	GC	-2.95093	0.19322	0.03146	2.95093	0.01010	0.03146
GAA	AAA	GA	-2.01747	0.56513	0.17489	2.01747	0.07516	0.17489
GAA	GTA	AT	-0.63311	0.04337	0.03108	0.63311	0.02303	0.03108
GAA	GCA	AC	-1.21467	0.19322	0.09906	1.21467	0.05735	0.09906
GAA	GAT	AT	1.02210	0.04337	0.06924	-1.02210	0.12052	0.06924
GAA	GAC	AC	-0.13514	0.19322	0.18046	0.13514	0.16880	0.18046
GAG	CAG	GC	-4.16297	0.63186	0.04158	4.16297	0.00983	0.04158
GAG	AAG	GA	-1.79659	1.84806	0.66021	1.79659	0.30653	0.66021
GAG	GTG	AT	-0.33085	0.14182	0.11965	0.33085	0.10187	0.11965
GAG	GCG	AC	-3.83151	0.63186	0.05364	3.83151	0.01370	0.05364
GAG	GAT	GT	-1.08544	0.14182	0.07851	1.08544	0.04790	0.07851
GAG	GAC	GC	-2.24269	0.63186	0.16833	2.24269	0.06709	0.16833
GAG	GAA	GA	-2.10755	1.84806	0.53886	2.10755	0.22461	0.53886
GGT	TGT	GT	-9.25774	0.01049	0.00001	9.25774	0.00000	0.00000
GGT	CGT	GC	-2.79411	0.04672	0.00850	2.79411	0.00286	0.00850
GGT	AGT	GA	-1.65668	0.13664	0.05336	1.65668	0.02607	0.05336
GGT	GTT	GT	-0.54902	0.01049	0.00787	0.54902	0.00606	0.00787
GGT	GCT	GC	-1.13589	0.04672	0.02510	1.13589	0.01500	0.02510
GGT	GAT	GA	0.80575	0.13664	0.19900	-0.80575	0.30585	0.19900
GGC	TGC	GT	-9.91629	0.02026	0.00001	9.91629	0.00000	0.00000
GGC	CGC	GC	-11.41042	0.09026	0.00001	11.41042	0.00000	0.00000
GGC	AGC	GA	-0.87619	0.26398	0.16501	0.87619	0.10991	0.16501
GGC	GTC	GT	-0.02806	0.02026	0.01997	0.02806	0.01970	0.01997
GGC	GCC	GC	-1.34246	0.09026	0.04284	1.34246	0.02358	0.04284
GGC	GAC	GA	0.48407	0.26398	0.33301	-0.48407	0.42836	0.33301
GGC	GGT	CT	0.83557	0.12935	0.19083	-0.83557	0.29830	0.19083
GGA	CGA	GC	-2.63863	0.03999	0.00812	2.63863	0.00286	0.00812
GGA	AGA	GA	-0.88601	0.11696	0.07270	0.88601	0.04822	0.07270
GGA	GTA	GT	0.01939	0.00898	0.00906	-0.01939	0.00915	0.00906
GGA	GCA	GC	-0.56217	0.03999	0.02980	0.56217	0.02279	0.02980
GGA	GAA	GA	0.65250	0.11696	0.15924	-0.65250	0.22461	0.15924
GGA	GGT	AT	0.86885	0.00898	0.01343	-0.86885	0.02140	0.01343
GGA	GGC	AC	0.03328	0.03999	0.04066	-0.03328	0.04134	0.04066
GGG	TGG	GT	-0.49920	0.01934	0.01491	0.49920	0.01174	0.01491
GGG	CGG	GC	-3.43015	0.08615	0.00989	3.43015	0.00279	0.00989
GGG	AGG	GA	-1.54672	0.25198	0.10545	1.54672	0.05366	0.10545
GGG	GTG	GT	0.73897	0.01934	0.02735	-0.73897	0.04049	0.02735
GGG	GCG	GC	-2.76169	0.08615	0.01605	2.76169	0.00544	0.01605
GGG	GAG	GA	1.06982	0.25198	0.41036	-1.06982	0.73449	0.41036
GGG	GGT	GT	-0.82138	0.01934	0.01247	0.82138	0.00850	0.01247
GGG	GGC	GC	-1.65695	0.08615	0.03364	1.65695	0.01643	0.03364
GGG	GGA	GA	-1.69023	0.25198	0.09634	1.69023	0.04649	0.09634


Histograms
2Ns	FMut	FSub(CodonUsage)	FSubw(after w)

-10.86706	0.00402	0.00000
-9.78036	0.00344	0.00000
-8.69365	0.00463	0.00001
-7.60694	0.00083	0.00001
-6.52024	0.00140	0.00002
-5.43353	0.00083	0.00005
-4.34683	0.10164	0.00984
-3.26012	0.11741	0.02804
-2.17341	0.27652	0.13188
-1.08671	0.26603	0.25351
0.00000	0.09166	0.15329
1.08671	0.09306	0.25351
2.17341	0.03211	0.13188
3.26012	0.00505	0.02804
4.34683	0.00134	0.00984
5.43353	0.00001	0.00005
6.52024	0.00000	0.00002
7.60694	0.00000	0.00000
8.69365	0.00000	0.00000
9.78036	0.00000	0.00000
10.86706	0.00000	0.00000

Proportion of advantageous (S > 0) mutations:
 0.17033

Proportions of good & bad mutations (|S| > 2.0000) among mutations:
0.02798  0.44700

mean |Ns| = 2.06937	mean Ns+ = 1.14502	mean Ns- = -2.25914


MLEs of dN/dS (w) for site classes (K=4)

site class             0        1       2a       2b
proportion       0.13747  0.01874  0.74255  0.10123
background w     0.12415  2.87487  0.12415  2.87487
foreground w     0.12415  2.87487  0.14273  0.14273

Naive Empirical Bayes (NEB) probabilities for 4 classes
(amino acids refer to 1st sequence: Bacu)

   1 M   0.15323 0.00248 0.82584 0.01845 ( 3)
   2 S   0.00004 0.10844 0.00020 0.89133 ( 4)
   3 A   0.15211 0.00348 0.82015 0.02427 ( 3)
   4 A   0.15039 0.00505 0.81120 0.03336 ( 3)
   5 D   0.07530 0.06983 0.40624 0.44863 ( 4)
   6 R   0.15497 0.00113 0.83464 0.00926 ( 3)
   7 M   0.01416 0.10760 0.07631 0.80193 ( 4)
   8 G   0.15401 0.00186 0.82993 0.01420 ( 3)
   9 A   0.15281 0.00286 0.82378 0.02055 ( 3)
  10 R   0.15303 0.00267 0.82494 0.01936 ( 3)
  11 A   0.09498 0.04920 0.51210 0.34372 ( 3)
  12 V   0.14863 0.00675 0.80194 0.04268 ( 3)
  13 P   0.15057 0.00488 0.81214 0.03240 ( 3)
  14 G   0.13034 0.04503 0.80764 0.01699 ( 3)
  15 L   0.01455 0.67005 0.09025 0.22516 ( 2)
  16 R   0.09184 0.23747 0.56842 0.10227 ( 3)
  17 L   0.14225 0.01339 0.76808 0.07627 ( 3)
  18 A   0.15039 0.00505 0.81120 0.03336 ( 3)
  19 L   0.14225 0.01339 0.76808 0.07627 ( 3)
  20 L   0.14238 0.01281 0.76851 0.07630 ( 3)
  21 L   0.10712 0.03823 0.57746 0.27718 ( 3)
  22 L   0.10040 0.21458 0.62314 0.06188 ( 3)
  23 L   0.14273 0.01294 0.77065 0.07369 ( 3)
  24 V   0.14863 0.00675 0.80194 0.04268 ( 3)
  25 L   0.14574 0.00968 0.78664 0.05794 ( 3)
  26 G   0.15401 0.00186 0.82993 0.01420 ( 3)
  27 T   0.15425 0.00167 0.83111 0.01297 ( 3)
  28 P   0.01282 0.09145 0.06901 0.82672 ( 4)
  29 K   0.00031 0.13383 0.00165 0.86422 ( 4)
  30 S   0.15072 0.00478 0.81299 0.03152 ( 3)
  31 G   0.15402 0.00186 0.82993 0.01419 ( 3)
  32 V   0.14863 0.00675 0.80194 0.04268 ( 3)
  33 Q   0.15111 0.00438 0.81498 0.02953 ( 3)
  34 G   0.11572 0.02954 0.62350 0.23124 ( 3)
  35 E   0.00486 0.12903 0.02623 0.83988 ( 4)
  36 D   0.07476 0.07036 0.40332 0.45155 ( 4)
  37 G   0.15401 0.00186 0.82993 0.01420 ( 3)
  38 L   0.14225 0.01339 0.76808 0.07627 ( 3)
  39 D   0.00549 0.12995 0.02964 0.83491 ( 4)
  40 F   0.14722 0.00816 0.79450 0.05013 ( 3)
  41 P   0.15057 0.00488 0.81214 0.03240 ( 3)
  42 E   0.14692 0.00846 0.79291 0.05170 ( 3)
  43 Y   0.14946 0.00594 0.80632 0.03828 ( 3)
  44 D   0.14793 0.00744 0.79827 0.04635 ( 3)
  45 G   0.15358 0.00221 0.82775 0.01646 ( 3)
  46 V   0.14863 0.00675 0.80194 0.04268 ( 3)
  47 D   0.14933 0.00606 0.80564 0.03896 ( 3)
  48 R   0.15228 0.00332 0.82108 0.02332 ( 3)
  49 V   0.14863 0.00675 0.80194 0.04268 ( 3)
  50 V   0.15362 0.00217 0.82795 0.01625 ( 3)
  51 N   0.15302 0.00268 0.82489 0.01941 ( 3)
  52 V   0.15362 0.00217 0.82795 0.01625 ( 3)
  53 N   0.15418 0.00173 0.83074 0.01336 ( 3)
  54 A   0.08060 0.06376 0.43476 0.42088 ( 3)
  55 K   0.15079 0.00467 0.81333 0.03121 ( 3)
  56 N   0.15418 0.00173 0.83074 0.01336 ( 3)
  57 Y   0.14632 0.00907 0.78971 0.05490 ( 3)
  58 K   0.15082 0.00461 0.81336 0.03121 ( 3)
  59 N   0.10325 0.04124 0.55659 0.29892 ( 3)
  60 V   0.14863 0.00675 0.80194 0.04268 ( 3)
  61 F   0.14722 0.00816 0.79450 0.05013 ( 3)
  62 K   0.15079 0.00467 0.81333 0.03121 ( 3)
  63 K   0.15079 0.00467 0.81333 0.03121 ( 3)
  64 Y   0.14644 0.00896 0.79039 0.05420 ( 3)
  65 E   0.14692 0.00846 0.79291 0.05170 ( 3)
  66 V   0.14863 0.00675 0.80194 0.04268 ( 3)
  67 L   0.14225 0.01339 0.76808 0.07627 ( 3)
  68 A   0.15064 0.00485 0.81253 0.03199 ( 3)
  69 L   0.14225 0.01339 0.76808 0.07627 ( 3)
  70 L   0.15576 0.00058 0.83838 0.00527 ( 3)
  71 Y   0.14631 0.00908 0.78970 0.05490 ( 3)
  72 H   0.15538 0.00083 0.83664 0.00715 ( 3)
  73 E   0.15026 0.00518 0.81051 0.03406 ( 3)
  74 H   0.00994 0.12266 0.05361 0.81379 ( 4)
  75 P   0.15059 0.00487 0.81224 0.03230 ( 3)
  76 E   0.11188 0.14871 0.69411 0.04530 ( 3)
  77 D   0.00594 0.12956 0.03206 0.83244 ( 4)
  78 D   0.07598 0.06924 0.40992 0.44486 ( 4)
  79 K   0.15079 0.00467 0.81333 0.03121 ( 3)
  80 A   0.15281 0.00286 0.82378 0.02055 ( 3)
  81 S   0.15038 0.00506 0.81117 0.03339 ( 3)
  82 Q   0.14986 0.00555 0.80846 0.03613 ( 3)
  83 R   0.15303 0.00267 0.82494 0.01936 ( 3)
  84 Q   0.15111 0.00438 0.81498 0.02953 ( 3)
  85 F   0.14874 0.00665 0.80251 0.04211 ( 3)
  86 E   0.14819 0.00693 0.79939 0.04548 ( 3)
  87 M   0.15358 0.00221 0.82771 0.01650 ( 3)
  88 E   0.06302 0.08393 0.34012 0.51293 ( 4)
  89 E   0.14692 0.00846 0.79291 0.05170 ( 3)
  90 L   0.14225 0.01339 0.76808 0.07627 ( 3)
  91 I   0.15209 0.00349 0.82004 0.02438 ( 3)
  92 L   0.14225 0.01339 0.76808 0.07627 ( 3)
  93 E   0.14692 0.00846 0.79291 0.05170 ( 3)
  94 L   0.15254 0.00308 0.82237 0.02200 ( 3)
  95 A   0.14984 0.00556 0.80828 0.03632 ( 3)
  96 A   0.15231 0.00328 0.82119 0.02321 ( 3)
  97 Q   0.14931 0.00607 0.80550 0.03913 ( 3)
  98 V   0.15317 0.00255 0.82560 0.01869 ( 3)
  99 L   0.14541 0.01002 0.78492 0.05965 ( 3)
 100 E   0.14971 0.00569 0.80760 0.03701 ( 3)
 101 D   0.07176 0.07347 0.38717 0.46760 ( 4)
 102 K   0.15025 0.00517 0.81045 0.03414 ( 3)
 103 G   0.15313 0.00258 0.82539 0.01890 ( 3)
 104 V   0.15541 0.00081 0.83670 0.00707 ( 3)
 105 G   0.15305 0.00265 0.82498 0.01932 ( 3)
 106 F   0.14670 0.00867 0.79175 0.05288 ( 3)
 107 G   0.15359 0.00220 0.82772 0.01649 ( 3)
 108 M   0.15312 0.00259 0.82534 0.01895 ( 3)
 109 V   0.14809 0.00727 0.79906 0.04558 ( 3)
 110 D   0.14878 0.00658 0.80273 0.04190 ( 3)
 111 S   0.15635 0.00027 0.84054 0.00285 ( 3)
 112 E   0.14643 0.00892 0.79024 0.05441 ( 3)
 113 K   0.15027 0.00515 0.81056 0.03402 ( 3)
 114 D   0.07161 0.07360 0.38636 0.46844 ( 4)
 115 T   0.02681 0.08682 0.14436 0.74202 ( 4)
 116 V   0.10168 0.04442 0.54832 0.30558 ( 3)
 117 V   0.10995 0.03451 0.59249 0.26304 ( 3)
 118 A   0.09493 0.04874 0.51183 0.34449 ( 3)
 119 K   0.15025 0.00517 0.81045 0.03414 ( 3)
 120 K   0.15345 0.00231 0.82705 0.01719 ( 3)
 121 L   0.14523 0.01019 0.78392 0.06067 ( 3)
 122 G   0.15371 0.00209 0.82836 0.01584 ( 3)
 123 L   0.14574 0.00968 0.78664 0.05794 ( 3)
 124 T   0.11661 0.02723 0.62800 0.22816 ( 3)
 125 E   0.15026 0.00518 0.81051 0.03406 ( 3)
 126 E   0.14692 0.00846 0.79291 0.05171 ( 3)
 127 D   0.14933 0.00606 0.80564 0.03896 ( 3)
 128 S   0.15210 0.00348 0.82014 0.02428 ( 3)
 129 I   0.14932 0.00608 0.80556 0.03904 ( 3)
 130 Y   0.14790 0.00752 0.79817 0.04641 ( 3)
 131 V   0.11831 0.02784 0.63745 0.21640 ( 3)
 132 F   0.14722 0.00816 0.79450 0.05013 ( 3)
 133 K   0.15079 0.00467 0.81333 0.03121 ( 3)
 134 E   0.09185 0.05010 0.49511 0.36295 ( 3)
 135 D   0.14792 0.00746 0.79818 0.04644 ( 3)
 136 E   0.15026 0.00518 0.81051 0.03406 ( 3)
 137 V   0.15362 0.00217 0.82795 0.01625 ( 3)
 138 I   0.14932 0.00608 0.80556 0.03904 ( 3)
 139 E   0.14692 0.00846 0.79291 0.05171 ( 3)
 140 Y   0.14944 0.00599 0.80628 0.03828 ( 3)
 141 D   0.14840 0.00692 0.80065 0.04403 ( 3)
 142 G   0.15349 0.00231 0.82735 0.01685 ( 3)
 143 E   0.14691 0.00852 0.79287 0.05170 ( 3)
 144 F   0.14860 0.00681 0.80181 0.04278 ( 3)
 145 S   0.15565 0.00066 0.83798 0.00571 ( 3)
 146 A   0.15209 0.00353 0.82012 0.02427 ( 3)
 147 D   0.14931 0.00612 0.80560 0.03896 ( 3)
 148 T   0.15468 0.00135 0.83335 0.01062 ( 3)
 149 L   0.14224 0.01343 0.76806 0.07627 ( 3)
 150 V   0.14861 0.00681 0.80190 0.04269 ( 3)
 151 E   0.14691 0.00852 0.79287 0.05170 ( 3)
 152 F   0.14872 0.00670 0.80246 0.04212 ( 3)
 153 L   0.14224 0.01343 0.76806 0.07627 ( 3)
 154 L   0.15669 0.00010 0.84210 0.00111 ( 3)
 155 D   0.14790 0.00751 0.79814 0.04644 ( 3)
 156 V   0.15362 0.00217 0.82795 0.01625 ( 3)
 157 L   0.14551 0.00990 0.78545 0.05914 ( 3)
 158 E   0.06619 0.08108 0.35720 0.49553 ( 4)
 159 D   0.14933 0.00606 0.80564 0.03896 ( 3)
 160 P   0.15131 0.00420 0.81599 0.02850 ( 3)
 161 V   0.14863 0.00675 0.80194 0.04268 ( 3)
 162 E   0.15026 0.00518 0.81051 0.03406 ( 3)
 163 F   0.14841 0.00693 0.80073 0.04394 ( 3)
 164 I   0.14934 0.00606 0.80569 0.03892 ( 3)
 165 D   0.06320 0.08377 0.34107 0.51195 ( 4)
 166 G   0.15358 0.00221 0.82775 0.01646 ( 3)
 167 E   0.15026 0.00518 0.81051 0.03406 ( 3)
 168 R   0.04347 0.09144 0.23443 0.63066 ( 4)
 169 E   0.14692 0.00846 0.79291 0.05170 ( 3)
 170 L   0.14225 0.01339 0.76808 0.07627 ( 3)
 171 Q   0.15111 0.00438 0.81498 0.02953 ( 3)
 172 A   0.15052 0.00494 0.81191 0.03262 ( 3)
 173 F   0.14873 0.00665 0.80247 0.04215 ( 3)
 174 E   0.14692 0.00846 0.79291 0.05170 ( 3)
 175 N   0.15302 0.00268 0.82489 0.01941 ( 3)
 176 I   0.15220 0.00339 0.82063 0.02378 ( 3)
 177 E   0.15023 0.00520 0.81039 0.03418 ( 3)
 178 D   0.14792 0.00746 0.79818 0.04644 ( 3)
 179 E   0.14692 0.00846 0.79291 0.05170 ( 3)
 180 N   0.15418 0.00173 0.83074 0.01336 ( 3)
 181 K   0.15389 0.00196 0.82930 0.01485 ( 3)
 182 L   0.15576 0.00058 0.83838 0.00527 ( 3)
 183 I   0.14936 0.00604 0.80583 0.03877 ( 3)
 184 G   0.15351 0.00227 0.82737 0.01685 ( 3)
 185 Y   0.14631 0.00908 0.78970 0.05490 ( 3)
 186 F   0.14722 0.00816 0.79450 0.05013 ( 3)
 187 K   0.15079 0.00467 0.81333 0.03121 ( 3)
 188 S   0.15210 0.00348 0.82014 0.02428 ( 3)
 189 K   0.15389 0.00196 0.82930 0.01485 ( 3)
 190 D   0.14933 0.00606 0.80564 0.03896 ( 3)
 191 S   0.15038 0.00506 0.81117 0.03339 ( 3)
 192 E   0.14692 0.00846 0.79291 0.05170 ( 3)
 193 H   0.15416 0.00188 0.83150 0.01246 ( 3)
 194 Y   0.14510 0.01068 0.78346 0.06077 ( 3)
 195 K   0.15265 0.00324 0.82363 0.02049 ( 3)
 196 A   0.15145 0.00436 0.81733 0.02687 ( 3)
 197 Y   0.00364 0.14594 0.01964 0.83078 ( 4)
 198 E   0.14565 0.01011 0.78642 0.05782 ( 3)
 199 D   0.06807 0.08234 0.36745 0.48214 ( 4)
 200 A   0.14907 0.00667 0.80470 0.03956 ( 3)
 201 A   0.15455 0.00154 0.83355 0.01036 ( 3)
 202 E   0.14574 0.01002 0.78688 0.05736 ( 3)
 203 E   0.14574 0.01002 0.78688 0.05736 ( 3)
 204 F   0.14744 0.00830 0.79597 0.04829 ( 3)
 205 H   0.15422 0.00182 0.83186 0.01209 ( 3)
 206 P   0.14926 0.00649 0.80566 0.03859 ( 3)
 207 Y   0.14518 0.01060 0.78390 0.06033 ( 3)
 208 I   0.15096 0.00483 0.81472 0.02949 ( 3)
 209 P   0.14923 0.00651 0.80553 0.03873 ( 3)
 210 F   0.14601 0.00974 0.78836 0.05588 ( 3)
 211 F   0.14602 0.00974 0.78838 0.05587 ( 3)
 212 A   0.15155 0.00427 0.81783 0.02635 ( 3)
 213 T   0.15366 0.00232 0.82893 0.01509 ( 3)
 214 F   0.05967 0.09177 0.32217 0.52639 ( 4)
 215 D   0.14802 0.00772 0.79909 0.04518 ( 3)
 216 S   0.15080 0.00498 0.81390 0.03032 ( 3)
 217 K   0.14947 0.00628 0.80679 0.03746 ( 3)
 218 V   0.14815 0.00743 0.79961 0.04481 ( 3)
 219 A   0.14989 0.00572 0.80887 0.03552 ( 3)
 220 K   0.15030 0.00533 0.81102 0.03335 ( 3)
 221 K   0.15034 0.00530 0.81121 0.03315 ( 3)
 222 L   0.14198 0.01382 0.76672 0.07747 ( 3)
 223 T   0.15431 0.00170 0.83193 0.01207 ( 3)
 224 L   0.14198 0.01382 0.76672 0.07747 ( 3)
 225 K   0.15030 0.00533 0.81102 0.03335 ( 3)
 226 L   0.14198 0.01382 0.76672 0.07747 ( 3)
 227 N   0.15377 0.00216 0.82918 0.01490 ( 3)
 228 E   0.14677 0.00885 0.79230 0.05209 ( 3)
 229 I   0.15200 0.00374 0.82001 0.02424 ( 3)
 230 D   0.14776 0.00785 0.79760 0.04679 ( 3)
 231 F   0.14706 0.00855 0.79387 0.05052 ( 3)
 232 Y   0.14617 0.00946 0.78910 0.05527 ( 3)
 233 E   0.14677 0.00885 0.79230 0.05209 ( 3)
 234 A   0.15262 0.00318 0.82328 0.02092 ( 3)
 235 F   0.14706 0.00855 0.79387 0.05052 ( 3)
 236 T   0.00020 0.12876 0.00106 0.86999 ( 4)
 237 E   0.07946 0.06835 0.42878 0.42341 ( 3)
 238 E   0.14677 0.00885 0.79230 0.05209 ( 3)
 239 P   0.15113 0.00456 0.81541 0.02890 ( 3)
 240 V   0.14846 0.00715 0.80130 0.04309 ( 3)
 241 T   0.15452 0.00153 0.83306 0.01089 ( 3)
 242 I   0.15207 0.00368 0.82038 0.02387 ( 3)
 243 P   0.15557 0.00071 0.83823 0.00549 ( 3)
 244 D   0.14911 0.00650 0.80475 0.03964 ( 3)
 245 K   0.15062 0.00505 0.81272 0.03162 ( 3)
 246 P   0.15039 0.00527 0.81152 0.03283 ( 3)
 247 N   0.15295 0.00289 0.82497 0.01920 ( 3)
 248 S   0.15214 0.00364 0.82076 0.02347 ( 3)
 249 E   0.15008 0.00556 0.80989 0.03447 ( 3)
 250 E   0.14677 0.00885 0.79230 0.05209 ( 3)
 251 E   0.14677 0.00885 0.79230 0.05209 ( 3)
 252 I   0.14914 0.00648 0.80492 0.03946 ( 3)
 253 V   0.15344 0.00245 0.82752 0.01659 ( 3)
 254 S   0.00000 0.12950 0.00000 0.87050 ( 4)
 255 F   0.14707 0.00854 0.79390 0.05048 ( 3)
 256 V   0.14846 0.00715 0.80130 0.04309 ( 3)
 257 E   0.14677 0.00885 0.79230 0.05209 ( 3)
 258 E   0.06308 0.08661 0.34051 0.50980 ( 4)
 259 H   0.15520 0.00099 0.83646 0.00735 ( 3)
 260 R   0.15478 0.00132 0.83439 0.00952 ( 3)
 261 R   0.15085 0.00518 0.81453 0.02944 ( 3)
 262 S   0.14845 0.00723 0.80132 0.04300 ( 3)
 263 T   0.15299 0.00288 0.82531 0.01882 ( 3)
 264 L   0.14115 0.01477 0.76227 0.08182 ( 3)
 265 R   0.15334 0.00257 0.82710 0.01699 ( 3)
 266 K   0.15172 0.00403 0.81860 0.02565 ( 3)
 267 L   0.14115 0.01477 0.76227 0.08182 ( 3)
 268 K   0.14864 0.00703 0.80232 0.04202 ( 3)
 269 P   0.14916 0.00651 0.80508 0.03925 ( 3)
 270 E   0.14504 0.01068 0.78309 0.06119 ( 3)
 271 S   0.15333 0.00257 0.82709 0.01700 ( 3)
 272 M   0.15162 0.00415 0.81809 0.02614 ( 3)
 273 Y   0.14728 0.00838 0.79509 0.04925 ( 3)
 274 E   0.14504 0.01068 0.78309 0.06119 ( 3)
 275 T   0.15299 0.00288 0.82531 0.01882 ( 3)
 276 W   0.14276 0.01305 0.77093 0.07326 ( 3)
 277 E   0.14496 0.01060 0.78256 0.06187 ( 3)
 278 D   0.14705 0.00845 0.79372 0.05077 ( 3)
 279 D   0.05876 0.09039 0.31718 0.53367 ( 4)
 280 L   0.14110 0.01472 0.76198 0.08220 ( 3)
 281 D   0.14584 0.00969 0.78726 0.05721 ( 3)
 282 G   0.15227 0.00342 0.82122 0.02309 ( 3)
 283 I   0.15006 0.00547 0.80965 0.03481 ( 3)
 284 H   0.15359 0.00226 0.82805 0.01610 ( 3)
 285 I   0.14712 0.00838 0.79407 0.05043 ( 3)
 286 V   0.14648 0.00903 0.79069 0.05380 ( 3)
 287 A   0.15067 0.00490 0.81285 0.03159 ( 3)
 288 F   0.14658 0.00893 0.79120 0.05329 ( 3)
 289 A   0.14815 0.00735 0.79952 0.04498 ( 3)
 290 E   0.14496 0.01060 0.78256 0.06187 ( 3)
 291 E   0.14802 0.00747 0.79887 0.04563 ( 3)
 292 A   0.00032 0.13338 0.00173 0.86458 ( 4)
 293 D   0.14584 0.00969 0.78726 0.05721 ( 3)
 294 P   0.14907 0.00644 0.80438 0.04012 ( 3)
 295 D   0.14576 0.01004 0.78700 0.05720 ( 3)
 296 G   0.15335 0.00251 0.82695 0.01719 ( 3)
 297 Y   0.14930 0.00628 0.80572 0.03870 ( 3)
 298 E   0.14678 0.00879 0.79234 0.05209 ( 3)
 299 F   0.14708 0.00849 0.79391 0.05052 ( 3)
 300 L   0.15286 0.00294 0.82444 0.01976 ( 3)
 301 E   0.14678 0.00879 0.79234 0.05209 ( 3)
 302 I   0.14916 0.00642 0.80496 0.03946 ( 3)
 303 L   0.15560 0.00069 0.83826 0.00545 ( 3)
 304 K   0.15063 0.00500 0.81275 0.03162 ( 3)
 305 S   0.00000 0.13264 0.00001 0.86735 ( 4)
 306 V   0.14848 0.00709 0.80134 0.04309 ( 3)
 307 A   0.15264 0.00313 0.82330 0.02092 ( 3)
 308 Q   0.07698 0.07042 0.41543 0.43717 ( 4)
 309 D   0.14777 0.00780 0.79759 0.04684 ( 3)
 310 N   0.15400 0.00195 0.83037 0.01367 ( 3)
 311 T   0.15500 0.00113 0.83536 0.00851 ( 3)
 312 E   0.07952 0.06770 0.42909 0.42368 ( 3)
 313 N   0.15314 0.00271 0.82594 0.01821 ( 3)
 314 P   0.15112 0.00453 0.81533 0.02902 ( 3)
 315 D   0.14917 0.00640 0.80504 0.03938 ( 3)
 316 L   0.14217 0.01361 0.76772 0.07650 ( 3)
 317 S   0.15194 0.00377 0.81962 0.02467 ( 3)
 318 I   0.09493 0.05194 0.51208 0.34105 ( 3)
 319 V   0.09477 0.05208 0.51119 0.34196 ( 3)
 320 W   0.14414 0.01153 0.77822 0.06611 ( 3)
 321 I   0.14918 0.00636 0.80500 0.03946 ( 3)
 322 D   0.14917 0.00640 0.80504 0.03938 ( 3)
 323 P   0.15115 0.00451 0.81545 0.02890 ( 3)
 324 D   0.14777 0.00780 0.79759 0.04684 ( 3)
 325 D   0.14917 0.00640 0.80504 0.03938 ( 3)
 326 F   0.14708 0.00849 0.79391 0.05052 ( 3)
 327 P   0.15041 0.00521 0.81155 0.03283 ( 3)
 328 L   0.14217 0.01361 0.76772 0.07650 ( 3)
 329 L   0.13968 0.01621 0.75433 0.08978 ( 3)
 330 V   0.15093 0.00449 0.81393 0.03065 ( 3)
 331 P   0.15228 0.00328 0.82093 0.02351 ( 3)
 332 Y   0.14188 0.01375 0.76610 0.07827 ( 3)
 333 W   0.14071 0.01505 0.75984 0.08440 ( 3)
 334 E   0.14225 0.01334 0.76806 0.07634 ( 3)
 335 K   0.14499 0.01039 0.78265 0.06197 ( 3)
 336 T   0.15071 0.00469 0.81278 0.03182 ( 3)
 337 F   0.14340 0.01209 0.77416 0.07036 ( 3)
 338 N   0.14847 0.00684 0.80101 0.04368 ( 3)
 339 I   0.14630 0.00903 0.78955 0.05512 ( 3)
 340 D   0.14386 0.01159 0.77664 0.06791 ( 3)
 341 L   0.13968 0.01621 0.75433 0.08978 ( 3)
 342 S   0.14466 0.01074 0.78086 0.06374 ( 3)
 343 A   0.14685 0.00846 0.79251 0.05218 ( 3)
 344 P   0.15228 0.00328 0.82093 0.02351 ( 3)
 345 Q   0.14464 0.01071 0.78071 0.06394 ( 3)
 346 I   0.15276 0.00286 0.82339 0.02099 ( 3)
 347 G   0.14846 0.00685 0.80097 0.04372 ( 3)
 348 V   0.14777 0.00754 0.79733 0.04737 ( 3)
 349 V   0.14777 0.00754 0.79733 0.04737 ( 3)
 350 N   0.14709 0.00822 0.79374 0.05095 ( 3)
 351 V   0.15093 0.00449 0.81393 0.03065 ( 3)
 352 T   0.14995 0.00540 0.80882 0.03582 ( 3)
 353 D   0.14289 0.01265 0.77144 0.07302 ( 3)
 354 A   0.15545 0.00079 0.83695 0.00681 ( 3)
 355 D   0.14933 0.00606 0.80564 0.03896 ( 3)
 356 S   0.15210 0.00348 0.82014 0.02428 ( 3)
 357 I   0.05429 0.06264 0.29212 0.59096 ( 4)
 358 W   0.14425 0.01125 0.77870 0.06581 ( 3)
 359 M   0.15358 0.00221 0.82771 0.01650 ( 3)
 360 D   0.06548 0.08172 0.35337 0.49943 ( 4)
 361 M   0.15358 0.00221 0.82771 0.01650 ( 3)
 362 D   0.14792 0.00746 0.79818 0.04644 ( 3)
 363 D   0.14792 0.00746 0.79818 0.04644 ( 3)
 364 E   0.15025 0.00519 0.81045 0.03412 ( 3)
 365 E   0.14692 0.00846 0.79291 0.05170 ( 3)
 366 D   0.14933 0.00606 0.80564 0.03896 ( 3)
 367 L   0.14225 0.01339 0.76808 0.07627 ( 3)
 368 P   0.15131 0.00420 0.81601 0.02848 ( 3)
 369 S   0.15567 0.00064 0.83797 0.00571 ( 3)
 370 A   0.01305 0.11492 0.07037 0.80165 ( 4)
 371 E   0.14700 0.00839 0.79333 0.05128 ( 3)
 372 E   0.14692 0.00846 0.79291 0.05170 ( 3)
 373 L   0.14225 0.01339 0.76808 0.07627 ( 3)
 374 E   0.14692 0.00846 0.79291 0.05170 ( 3)
 375 D   0.14933 0.00606 0.80564 0.03896 ( 3)
 376 W   0.14425 0.01125 0.77870 0.06581 ( 3)
 377 L   0.14225 0.01339 0.76808 0.07627 ( 3)
 378 E   0.14692 0.00846 0.79291 0.05170 ( 3)
 379 D   0.14792 0.00746 0.79818 0.04644 ( 3)
 380 V   0.15425 0.00167 0.83110 0.01298 ( 3)
 381 L   0.14225 0.01339 0.76808 0.07627 ( 3)
 382 E   0.14692 0.00846 0.79291 0.05170 ( 3)
 383 G   0.15351 0.00227 0.82738 0.01684 ( 3)
 384 E   0.14692 0.00846 0.79291 0.05170 ( 3)
 385 I   0.15225 0.00335 0.82092 0.02348 ( 3)
 386 N   0.15418 0.00173 0.83074 0.01336 ( 3)
 387 T   0.15425 0.00167 0.83111 0.01297 ( 3)
 388 E   0.14692 0.00846 0.79291 0.05170 ( 3)
 389 D   0.14794 0.00743 0.79832 0.04630 ( 3)
 390 D   0.14794 0.00744 0.79828 0.04634 ( 3)
 391 D   0.14841 0.00701 0.80085 0.04372 ( 3)
 392 D   0.14871 0.00661 0.80229 0.04239 ( 3)
 393 D   0.06815 0.07781 0.36772 0.48632 ( 4)


lnL = -2756.629928

Bayes Empirical Bayes (BEB) probabilities for 4 classes (class)
(amino acids refer to 1st sequence: Bacu)

   1 M   0.78674 0.17432 0.03126 0.00768 ( 1)
   2 S   0.00015 0.95923 0.00001 0.04061 ( 2)
   3 A   0.76776 0.19135 0.03219 0.00870 ( 1)
   4 A   0.74547 0.21191 0.03272 0.00989 ( 1)
   5 D   0.14647 0.80851 0.00659 0.03842 ( 2)
   6 R   0.82463 0.13919 0.03031 0.00587 ( 1)
   7 M   0.01509 0.94259 0.00060 0.04172 ( 2)
   8 G   0.80107 0.16075 0.03118 0.00700 ( 1)
   9 A   0.77865 0.18133 0.03189 0.00813 ( 1)
  10 R   0.78226 0.17803 0.03177 0.00794 ( 1)
  11 A   0.17294 0.78403 0.00726 0.03577 ( 2)
  12 V   0.72666 0.22932 0.03308 0.01093 ( 1)
  13 P   0.74788 0.20966 0.03269 0.00977 ( 1)
  14 G   0.14318 0.57168 0.23111 0.05403 ( 2)
  15 L   0.00769 0.87623 0.01412 0.10196 ( 2)
  16 R   0.01978 0.87740 0.02516 0.07767 ( 2)
  17 L   0.67781 0.27458 0.03378 0.01382 ( 1)
  18 A   0.74547 0.21191 0.03272 0.00989 ( 1)
  19 L   0.67781 0.27458 0.03378 0.01382 ( 1)
  20 L   0.68201 0.27188 0.03271 0.01339 ( 1)
  21 L   0.19146 0.76640 0.00779 0.03434 ( 2)
  22 L   0.08838 0.65158 0.18557 0.07447 ( 2)
  23 L   0.68035 0.27205 0.03391 0.01370 ( 1)
  24 V   0.72666 0.22932 0.03308 0.01093 ( 1)
  25 L   0.70191 0.25224 0.03348 0.01237 ( 1)
  26 G   0.80107 0.16075 0.03118 0.00700 ( 1)
  27 T   0.80654 0.15572 0.03101 0.00673 ( 1)
  28 P   0.01548 0.94555 0.00053 0.03844 ( 2)
  29 K   0.00092 0.95380 0.00004 0.04524 ( 2)
  30 S   0.74893 0.20846 0.03288 0.00973 ( 1)
  31 G   0.80108 0.16074 0.03118 0.00700 ( 1)
  32 V   0.72666 0.22932 0.03308 0.01093 ( 1)
  33 Q   0.75383 0.20424 0.03250 0.00943 ( 1)
  34 G   0.20939 0.75016 0.00801 0.03244 ( 2)
  35 E   0.01004 0.94489 0.00045 0.04463 ( 2)
  36 D   0.14587 0.80908 0.00657 0.03848 ( 2)
  37 G   0.80107 0.16075 0.03118 0.00700 ( 1)
  38 L   0.67781 0.27458 0.03378 0.01382 ( 1)
  39 D   0.01041 0.94422 0.00047 0.04490 ( 2)
  40 F   0.71399 0.24104 0.03331 0.01166 ( 1)
  41 P   0.74788 0.20966 0.03269 0.00977 ( 1)
  42 E   0.71139 0.24345 0.03334 0.01181 ( 1)
  43 Y   0.73501 0.22160 0.03292 0.01047 ( 1)
  44 D   0.72023 0.23526 0.03321 0.01130 ( 1)
  45 G   0.79228 0.16882 0.03146 0.00743 ( 1)
  46 V   0.72666 0.22932 0.03308 0.01093 ( 1)
  47 D   0.73367 0.22284 0.03295 0.01054 ( 1)
  48 R   0.77002 0.18931 0.03210 0.00857 ( 1)
  49 V   0.72666 0.22932 0.03308 0.01093 ( 1)
  50 V   0.79329 0.16787 0.03145 0.00739 ( 1)
  51 N   0.78208 0.17819 0.03178 0.00795 ( 1)
  52 V   0.79329 0.16787 0.03145 0.00739 ( 1)
  53 N   0.80465 0.15747 0.03106 0.00682 ( 1)
  54 A   0.15353 0.80209 0.00675 0.03762 ( 2)
  55 K   0.75002 0.20774 0.03260 0.00964 ( 1)
  56 N   0.80465 0.15747 0.03106 0.00682 ( 1)
  57 Y   0.70653 0.24800 0.03338 0.01209 ( 1)
  58 K   0.75114 0.20698 0.03232 0.00956 ( 1)
  59 N   0.18560 0.77224 0.00755 0.03460 ( 2)
  60 V   0.72666 0.22932 0.03308 0.01093 ( 1)
  61 F   0.71399 0.24104 0.03331 0.01166 ( 1)
  62 K   0.75002 0.20774 0.03260 0.00964 ( 1)
  63 K   0.75002 0.20774 0.03260 0.00964 ( 1)
  64 Y   0.70728 0.24721 0.03346 0.01206 ( 1)
  65 E   0.71139 0.24345 0.03334 0.01181 ( 1)
  66 V   0.72666 0.22932 0.03308 0.01093 ( 1)
  67 L   0.67781 0.27458 0.03378 0.01382 ( 1)
  68 A   0.74793 0.20946 0.03283 0.00978 ( 1)
  69 L   0.67781 0.27458 0.03378 0.01382 ( 1)
  70 L   0.85201 0.11426 0.02911 0.00463 ( 1)
  71 Y   0.70640 0.24808 0.03342 0.01210 ( 1)
  72 H   0.83766 0.12731 0.02976 0.00527 ( 1)
  73 E   0.74371 0.21357 0.03274 0.00998 ( 1)
  74 H   0.01289 0.94242 0.00056 0.04413 ( 2)
  75 P   0.74806 0.20948 0.03270 0.00976 ( 1)
  76 E   0.10062 0.63165 0.19870 0.06903 ( 2)
  77 D   0.01069 0.94394 0.00048 0.04489 ( 2)
  78 D   0.14719 0.80779 0.00662 0.03839 ( 2)
  79 K   0.75002 0.20774 0.03260 0.00964 ( 1)
  80 A   0.77865 0.18133 0.03189 0.00813 ( 1)
  81 S   0.74548 0.21190 0.03273 0.00989 ( 1)
  82 Q   0.73933 0.21761 0.03284 0.01022 ( 1)
  83 R   0.78226 0.17803 0.03177 0.00794 ( 1)
  84 Q   0.75383 0.20424 0.03250 0.00943 ( 1)
  85 F   0.72787 0.22819 0.03307 0.01087 ( 1)
  86 E   0.72589 0.23125 0.03204 0.01083 ( 1)
  87 M   0.79228 0.16881 0.03148 0.00744 ( 1)
  88 E   0.13184 0.82190 0.00619 0.04007 ( 2)
  89 E   0.71139 0.24345 0.03334 0.01181 ( 1)
  90 L   0.67781 0.27458 0.03378 0.01382 ( 1)
  91 I   0.76751 0.19164 0.03215 0.00870 ( 1)
  92 L   0.67781 0.27458 0.03378 0.01382 ( 1)
  93 E   0.71139 0.24345 0.03334 0.01181 ( 1)
  94 L   0.77451 0.18528 0.03188 0.00833 ( 1)
  95 A   0.73953 0.21750 0.03276 0.01021 ( 1)
  96 A   0.77109 0.18842 0.03198 0.00851 ( 1)
  97 Q   0.73354 0.22307 0.03286 0.01053 ( 1)
  98 V   0.78512 0.17552 0.03157 0.00779 ( 1)
  99 L   0.69948 0.25448 0.03353 0.01251 ( 1)
