93
Bacu_CASQ1         0.0000000 0.0224884 0.0212458 0.0018917 0.0064290 0.0070181 0.0057933 0.0051497 0.0121897 0.0058510 0.0989509 0.0234136 0.0219774 0.0902194 0.0160790 0.0217446 0.0238743 0.0237517 0.0218189 0.0287789 0.0155222 0.0843392 0.0146074 0.0131706 0.0094018 0.0262048 0.0209663 0.0242194 0.0239491 0.0234544 0.0509773 0.0269731 0.0215774 0.0246105 0.0225001 0.0300375 0.0251647 0.0234880 0.0242402 0.0241650 0.0227844 0.0237738 0.0240336 0.0246121 0.0170069 0.0236070 0.0265060 0.0248960 0.0250236 0.0264832 0.0310486 0.0295984 0.0264111 0.0276942 0.0271999 0.0277156 0.0248963 0.0277529 0.0258310 0.0337540 0.0269780 0.0875038 0.0219956 0.0228042 0.0277514 0.0845862 0.0260485 0.0220484 0.0232402 0.0367987 0.0248844 0.0268701 0.0232570 0.0266530 0.0227398 0.0275732 0.0227844 0.0246373 0.0209663 0.0227828 0.0237529 0.0289955 0.0218189 0.0246373 0.0230139 0.0255237 0.0219774 0.0229910 0.0219774 0.0817718 0.0251429 0.0228714 0.0297281 
Barn_CASQ1         0.0224884 0.0000000 0.0000010 0.0256948 0.0225004 0.0225004 0.0223166 0.0223445 0.0255266 0.0255240 0.1248203 0.0254735 0.0271150 0.1110787 0.0343722 0.0304560 0.0304560 0.0304560 0.0304560 0.0271345 0.0300617 0.0933671 0.0271713 0.0271713 0.0291568 0.0325053 0.0287744 0.0325053 0.0325053 0.0070427 0.0487931 0.0027220 0.0293540 0.0224554 0.0208759 0.0305608 0.0321067 0.0271150 0.0271150 0.0322619 0.0358126 0.0255073 0.0255073 0.0287782 0.0254297 0.0070521 0.0084943 0.0070521 0.0072986 0.0146269 0.0175369 0.0077232 0.0070427 0.0084943 0.0130326 0.0271345 0.0070521 0.0085048 0.0084933 0.0459219 0.0309801 0.1106587 0.0271114 0.0287311 0.0304518 0.1120299 0.0269920 0.0221709 0.0307838 0.0274466 0.0286852 0.0341880 0.0237712 0.0303140 0.0286852 0.0253575 0.0304560 0.0304560 0.0287744 0.0304059 0.0337660 0.0325707 0.0304560 0.0304560 0.0304560 0.0304560 0.0304560 0.0304560 0.0304560 0.0722785 0.0294168 0.0070521 0.0058527 
Bbai76728_CASQ1    0.0212458 0.0000010 0.0000000 0.0236278 0.0197854 0.0219039 0.0199319 0.0199508 0.0235736 0.0238152 0.1096996 0.0229094 0.0223390 0.1029208 0.0324995 0.0249029 0.0245348 0.0274464 0.0245348 0.0245912 0.0294959 0.0904299 0.0265014 0.0247966 0.0249292 0.0291597 0.0236141 0.0264230 0.0259575 0.0073704 0.0495721 0.0027220 0.0281949 0.0218424 0.0192477 0.0290573 0.0274502 0.0242192 0.0238077 0.0262676 0.0283379 0.0209561 0.0210959 0.0256178 0.0208906 0.0064495 0.0078360 0.0060731 0.0080848 0.0126376 0.0149276 0.0075411 0.0060662 0.0089827 0.0104443 0.0233380 0.0073185 0.0089995 0.0068363 0.0382918 0.0258978 0.0993667 0.0223366 0.0232991 0.0257250 0.0984078 0.0272683 0.0234604 0.0251107 0.0310978 0.0248436 0.0298031 0.0229136 0.0281199 0.0244800 0.0218468 0.0257276 0.0268766 0.0236141 0.0256973 0.0269250 0.0325707 0.0245348 0.0268766 0.0249029 0.0268766 0.0249029 0.0261702 0.0249029 0.0830515 0.0233598 0.0055452 0.0054050 
BbonAUS_CASQ1      0.0018917 0.0256948 0.0236278 0.0000000 0.0086219 0.0094166 0.0077650 0.0077709 0.0138566 0.0082262 0.1078082 0.0244521 0.0239156 0.0982258 0.0181876 0.0238354 0.0247897 0.0261365 0.0236299 0.0315616 0.0168889 0.0912266 0.0157917 0.0148981 0.0118747 0.0276750 0.0227375 0.0252959 0.0249304 0.0273060 0.0546526 0.0335156 0.0262638 0.0262472 0.0240787 0.0302546 0.0262445 0.0256936 0.0253450 0.0251594 0.0247262 0.0247242 0.0250746 0.0269951 0.0213942 0.0262677 0.0265082 0.0288955 0.0274704 0.0303110 0.0351980 0.0345783 0.0292625 0.0300916 0.0315491 0.0303405 0.0288962 0.0301569 0.0282488 0.0398592 0.0283185 0.0944938 0.0239133 0.0247240 0.0281040 0.0952369 0.0275111 0.0251693 0.0253597 0.0372078 0.0273822 0.0283486 0.0247837 0.0292384 0.0269029 0.0305117 0.0247262 0.0256936 0.0227375 0.0246995 0.0258265 0.0342743 0.0236299 0.0256936 0.0239156 0.0256936 0.0239156 0.0250746 0.0239156 0.0779969 0.0251183 0.0264101 0.0321273 
Bbor_CASQ1         0.0064290 0.0225004 0.0197854 0.0086219 0.0000000 0.0000010 0.0000010 0.0020966 0.0096537 0.0044861 0.0969268 0.0188841 0.0190326 0.0884116 0.0108625 0.0183590 0.0202476 0.0209839 0.0190136 0.0275385 0.0117572 0.0842840 0.0114699 0.0107665 0.0064151 0.0226091 0.0177662 0.0204800 0.0203733 0.0251011 0.0472721 0.0299553 0.0215774 0.0224052 0.0197980 0.0254234 0.0215500 0.0208355 0.0199430 0.0203583 0.0201931 0.0201913 0.0202855 0.0222226 0.0166428 0.0253371 0.0270028 0.0268354 0.0252835 0.0285517 0.0339341 0.0292350 0.0268982 0.0283241 0.0295828 0.0262345 0.0268360 0.0283911 0.0262608 0.0363746 0.0249199 0.0851889 0.0190307 0.0201911 0.0238209 0.0813039 0.0209555 0.0215753 0.0205352 0.0327763 0.0253461 0.0236692 0.0208653 0.0246917 0.0249448 0.0254393 0.0201931 0.0208355 0.0190097 0.0201700 0.0213777 0.0314797 0.0190136 0.0208355 0.0190326 0.0208355 0.0190326 0.0202855 0.0190326 0.0756090 0.0224773 0.0242895 0.0305792 
Bede66737_CASQ1    0.0070181 0.0225004 0.0219039 0.0094166 0.0000010 0.0000000 0.0000010 0.0022843 0.0105386 0.0049179 0.1005139 0.0188841 0.0209839 0.0909620 0.0118719 0.0204571 0.0221996 0.0209839 0.0208355 0.0302477 0.0117572 0.0887875 0.0112601 0.0117572 0.0070017 0.0226091 0.0195793 0.0226091 0.0223508 0.0251011 0.0509994 0.0299553 0.0215774 0.0224052 0.0197980 0.0254234 0.0223739 0.0208355 0.0204571 0.0224614 0.0221338 0.0221316 0.0223716 0.0224021 0.0182241 0.0253371 0.0282785 0.0268354 0.0264309 0.0299942 0.0359262 0.0292350 0.0268982 0.0297314 0.0295828 0.0287985 0.0268360 0.0298094 0.0262608 0.0401925 0.0273359 0.0873591 0.0209815 0.0221314 0.0248086 0.0852940 0.0209555 0.0195538 0.0226771 0.0327763 0.0279810 0.0236692 0.0208653 0.0246917 0.0273664 0.0285939 0.0208355 0.0208355 0.0209557 0.0208093 0.0234382 0.0314797 0.0208355 0.0208355 0.0209839 0.0208355 0.0209839 0.0209839 0.0209839 0.0761762 0.0252486 0.0268354 0.0322147 
BedeAUS_CASQ1      0.0057933 0.0223166 0.0199319 0.0077650 0.0000010 0.0000010 0.0000000 0.0018933 0.0096900 0.0040240 0.0987562 0.0204289 0.0203402 0.0909126 0.0118019 0.0199213 0.0213754 0.0221974 0.0202521 0.0279794 0.0117572 0.0812103 0.0113223 0.0106951 0.0057819 0.0236577 0.0191950 0.0216563 0.0214953 0.0258424 0.0484530 0.0299553 0.0229894 0.0222127 0.0198903 0.0261657 0.0226115 0.0219930 0.0213543 0.0215407 0.0213228 0.0213211 0.0214709 0.0232449 0.0180781 0.0260934 0.0274994 0.0273919 0.0260547 0.0288904 0.0337031 0.0292350 0.0275981 0.0286841 0.0299392 0.0267986 0.0273924 0.0287450 0.0268441 0.0359361 0.0246686 0.0896301 0.0203383 0.0213209 0.0246139 0.0901426 0.0221458 0.0214798 0.0217091 0.0328179 0.0260299 0.0245483 0.0208396 0.0254571 0.0256293 0.0262153 0.0213228 0.0219930 0.0191950 0.0213006 0.0223975 0.0316183 0.0202521 0.0219930 0.0203402 0.0219930 0.0203402 0.0214709 0.0203402 0.0736781 0.0235939 0.0250610 0.0307035 
Bmus_CASQ1         0.0051497 0.0223445 0.0199508 0.0077709 0.0020966 0.0022843 0.0018933 0.0000000 0.0101670 0.0038431 0.0964710 0.0221025 0.0208644 0.0861213 0.0138524 0.0205409 0.0227456 0.0225342 0.0207608 0.0276421 0.0128967 0.0804324 0.0123216 0.0111270 0.0055324 0.0249466 0.0198651 0.0230719 0.0228601 0.0244979 0.0478863 0.0267445 0.0214523 0.0220979 0.0198988 0.0285552 0.0239651 0.0223358 0.0229358 0.0229731 0.0217162 0.0226943 0.0228970 0.0234426 0.0160009 0.0261222 0.0275267 0.0259478 0.0260811 0.0274635 0.0320200 0.0268263 0.0276307 0.0287128 0.0282897 0.0265934 0.0259481 0.0287739 0.0268709 0.0325257 0.0256766 0.0853679 0.0208814 0.0216903 0.0266273 0.0824419 0.0232478 0.0199233 0.0221011 0.0364788 0.0258899 0.0256691 0.0207975 0.0253173 0.0235927 0.0260535 0.0217162 0.0234190 0.0198651 0.0217147 0.0226746 0.0316896 0.0207608 0.0234190 0.0218884 0.0241993 0.0208644 0.0218669 0.0208644 0.0797087 0.0238389 0.0238467 0.0307345 
Bmys_CASQ1         0.0121897 0.0255266 0.0235736 0.0138566 0.0096537 0.0105386 0.0096900 0.0101670 0.0000000 0.0087595 0.0999814 0.0280223 0.0245822 0.0876598 0.0180580 0.0245675 0.0278076 0.0267187 0.0253959 0.0276301 0.0011274 0.0850578 0.0019899 0.0008969 0.0132105 0.0294112 0.0256743 0.0270253 0.0277357 0.0245000 0.0500991 0.0300375 0.0286752 0.0187295 0.0175306 0.0297397 0.0281573 0.0274921 0.0274673 0.0270861 0.0264416 0.0275172 0.0268012 0.0274959 0.0232567 0.0275724 0.0275291 0.0259500 0.0260834 0.0274658 0.0320227 0.0292948 0.0276336 0.0287153 0.0296803 0.0265068 0.0259504 0.0287764 0.0281813 0.0420399 0.0256888 0.0883026 0.0267987 0.0288363 0.0307641 0.0846432 0.0231719 0.0182460 0.0282085 0.0323581 0.0316314 0.0312208 0.0174303 0.0324981 0.0317059 0.0313132 0.0264416 0.0289501 0.0256743 0.0285446 0.0274906 0.0290648 0.0253959 0.0289501 0.0257021 0.0289501 0.0245822 0.0256743 0.0245822 0.0737981 0.0271414 0.0238486 0.0320504 
Bphy_CASQ1         0.0058510 0.0255240 0.0238152 0.0082262 0.0044861 0.0049179 0.0040240 0.0038431 0.0087595 0.0000000 0.1015204 0.0205693 0.0193706 0.0920080 0.0135931 0.0188859 0.0215489 0.0210486 0.0193706 0.0259476 0.0112706 0.0812252 0.0113318 0.0097658 0.0078270 0.0236365 0.0193706 0.0217251 0.0217251 0.0244982 0.0457468 0.0300455 0.0248808 0.0212049 0.0188599 0.0261931 0.0226329 0.0210486 0.0213764 0.0215610 0.0204462 0.0215470 0.0215470 0.0221008 0.0172040 0.0280046 0.0275270 0.0259481 0.0260814 0.0274638 0.0320204 0.0317382 0.0276311 0.0287131 0.0303272 0.0259476 0.0259485 0.0287743 0.0287022 0.0363028 0.0250555 0.0906909 0.0204642 0.0214908 0.0248775 0.0894366 0.0221684 0.0205487 0.0217757 0.0348685 0.0260553 0.0248348 0.0198384 0.0259075 0.0258762 0.0275868 0.0204462 0.0222202 0.0193706 0.0215260 0.0215260 0.0289955 0.0193706 0.0222202 0.0204660 0.0222202 0.0193706 0.0204446 0.0193706 0.0650963 0.0236243 0.0238469 0.0327910 
Btau_CASQ1         0.0989509 0.1248203 0.1096996 0.1078082 0.0969268 0.1005139 0.0987562 0.0964710 0.0999814 0.1015204 0.0000000 0.0974683 0.0989555 0.0344542 0.1122806 0.1011636 0.0966016 0.1020642 0.0922783 0.0960636 0.1103839 0.1345016 0.1120480 0.1017989 0.1002820 0.1008456 0.0989555 0.0978200 0.0911962 0.1085791 0.1081740 0.1229390 0.0928019 0.0992357 0.0965239 0.1144632 0.1051655 0.0946324 0.1078037 0.1041661 0.0947597 0.0924307 0.0991362 0.0961715 0.0940166 0.0990400 0.1062420 0.1031841 0.1087946 0.1069828 0.1100340 0.0936956 0.1182212 0.1092563 0.1085261 0.0941476 0.1052954 0.1118855 0.1017668 0.1156349 0.1004571 0.0289707 0.1006912 0.0995269 0.0982318 0.0493355 0.1133269 0.0887045 0.1017648 0.1185292 0.1091929 0.0919160 0.0923054 0.1003681 0.0965886 0.1074387 0.0937200 0.0972802 0.0958592 0.0894217 0.0922783 0.1060776 0.0922783 0.0972802 0.0972364 0.0985665 0.0989555 0.0974002 0.0989555 0.1321293 0.0971607 0.0978553 0.1126321 
Ccom40_CASQ1       0.0234136 0.0254735 0.0229094 0.0244521 0.0188841 0.0188841 0.0204289 0.0221025 0.0280223 0.0205693 0.0974683 0.0000000 0.0010832 0.0959263 0.0314000 0.0032745 0.0030825 0.0032745 0.0030825 0.0149449 0.0303960 0.0848836 0.0285798 0.0293687 0.0258732 0.0044163 0.0054941 0.0044163 0.0041546 0.0261801 0.0517283 0.0331734 0.0155793 0.0254642 0.0216151 0.0085121 0.0043790 0.0010201 0.0010832 0.0043916 0.0062533 0.0020458 0.0021726 0.0021748 0.0115968 0.0277050 0.0259551 0.0245722 0.0284064 0.0164237 0.0332565 0.0329971 0.0245389 0.0273473 0.0283443 0.0138038 0.0259851 0.0274146 0.0254835 0.0260666 0.0171446 0.0896548 0.0043782 0.0051654 0.0041208 0.0845616 0.0134543 0.0241925 0.0066696 0.0170457 0.0173273 0.0052075 0.0264154 0.0137767 0.0159906 0.0159896 0.0030825 0.0030825 0.0077371 0.0062209 0.0051659 0.0053885 0.0030825 0.0030825 0.0032745 0.0033462 0.0032745 0.0032745 0.0032745 0.0875772 0.0038057 0.0245722 0.0251711 
Chea7320_CASQ1     0.0219774 0.0271150 0.0223390 0.0239156 0.0190326 0.0209839 0.0203402 0.0208644 0.0245822 0.0193706 0.0989555 0.0010832 0.0000000 0.0942247 0.0288602 0.0019125 0.0027795 0.0018990 0.0017673 0.0109068 0.0306229 0.0823313 0.0282864 0.0256998 0.0239248 0.0038490 0.0044563 0.0035789 0.0035789 0.0259044 0.0507214 0.0331734 0.0124478 0.0232117 0.0219697 0.0076987 0.0037082 0.0000010 0.0010050 0.0027808 0.0044723 0.0017660 0.0017660 0.0018043 0.0081040 0.0294209 0.0261146 0.0245219 0.0283515 0.0172105 0.0305978 0.0317497 0.0259495 0.0272824 0.0286741 0.0109068 0.0257382 0.0285445 0.0271558 0.0221459 0.0140194 0.0888820 0.0035538 0.0037076 0.0053564 0.0779462 0.0133181 0.0237704 0.0063299 0.0152485 0.0133230 0.0048235 0.0240999 0.0121738 0.0137141 0.0116851 0.0026573 0.0019887 0.0062687 0.0062687 0.0035514 0.0043947 0.0017673 0.0019887 0.0026593 0.0021528 0.0017673 0.0026571 0.0017673 0.0764601 0.0019975 0.0225582 0.0287269 
Chir_CASQ1         0.0902194 0.1110787 0.1029208 0.0982258 0.0884116 0.0909620 0.0909126 0.0861213 0.0876598 0.0920080 0.0344542 0.0959263 0.0942247 0.0000000 0.1033539 0.1015149 0.0969730 0.1005302 0.0926728 0.0894042 0.0937878 0.1230697 0.0980377 0.0893212 0.0905585 0.0993262 0.0960626 0.0964672 0.0916031 0.0954346 0.0907596 0.0996949 0.0876317 0.0889874 0.0901329 0.1061900 0.1036085 0.0916542 0.1039827 0.1026150 0.0951351 0.0897023 0.0943889 0.0929893 0.0881521 0.0886767 0.0996973 0.0966583 0.1041014 0.1007313 0.1037049 0.0849027 0.1124813 0.0990345 0.0977293 0.0875910 0.0966807 0.1031123 0.0933845 0.1138882 0.1014682 0.0078010 0.0943780 0.0949756 0.0925218 0.0447304 0.1020550 0.0792312 0.0987610 0.0988836 0.1073850 0.0954266 0.0797948 0.1007285 0.0953256 0.0987879 0.0941003 0.0976709 0.0930373 0.0912514 0.0926728 0.0812605 0.0926728 0.0976709 0.0959052 0.1009748 0.0975904 0.0960626 0.0975904 0.1208001 0.0901213 0.0920136 0.1037712 
Cmar59905_CASQ1    0.0160790 0.0343722 0.0324995 0.0181876 0.0108625 0.0118719 0.0118019 0.0138524 0.0180580 0.0135931 0.1122806 0.0314000 0.0288602 0.1033539 0.0000000 0.0292692 0.0306443 0.0315999 0.0294231 0.0376840 0.0220492 0.0928839 0.0191702 0.0191290 0.0181553 0.0332489 0.0276367 0.0303310 0.0308211 0.0354472 0.0563077 0.0525443 0.0346475 0.0298256 0.0265442 0.0359282 0.0288627 0.0320540 0.0308878 0.0301649 0.0305605 0.0305580 0.0300578 0.0321865 0.0248639 0.0348273 0.0365498 0.0372076 0.0353309 0.0380950 0.0432175 0.0399619 0.0384901 0.0378082 0.0418115 0.0363963 0.0372094 0.0378975 0.0372923 0.0465511 0.0357920 0.1017565 0.0288574 0.0305577 0.0340780 0.1008233 0.0315192 0.0307951 0.0304112 0.0462896 0.0348779 0.0348755 0.0308246 0.0357242 0.0351219 0.0379107 0.0305605 0.0320540 0.0276367 0.0305256 0.0317015 0.0407001 0.0294231 0.0320540 0.0288602 0.0320540 0.0288602 0.0300578 0.0288602 0.0848046 0.0351051 0.0339233 0.0411412 
Dcap108471_CASQ1   0.0217446 0.0304560 0.0249029 0.0238354 0.0183590 0.0204571 0.0199213 0.0205409 0.0245675 0.0188859 0.1011636 0.0032745 0.0019125 0.1015149 0.0292692 0.0000000 0.0000010 0.0000010 0.0000010 0.0139030 0.0312124 0.0847805 0.0286302 0.0257868 0.0238491 0.0020827 0.0028761 0.0019254 0.0019254 0.0287217 0.0525387 0.0365854 0.0141461 0.0270244 0.0242911 0.0072643 0.0020005 0.0020677 0.0030367 0.0010001 0.0028871 0.0038479 0.0038479 0.0039393 0.0098032 0.0333008 0.0288510 0.0271573 0.0284735 0.0188718 0.0337016 0.0361053 0.0288141 0.0301508 0.0314511 0.0139030 0.0285173 0.0302209 0.0302689 0.0241535 0.0154528 0.0954515 0.0038476 0.0040287 0.0048221 0.0870807 0.0147400 0.0270538 0.0038737 0.0170431 0.0146113 0.0031327 0.0279711 0.0134544 0.0148850 0.0143554 0.0009523 0.0000010 0.0048182 0.0048182 0.0019095 0.0000010 0.0000010 0.0000010 0.0009531 0.0000010 0.0000010 0.0009523 0.0000010 0.0805033 0.0010883 0.0247694 0.0286494 
Dcap79929_CASQ1    0.0238743 0.0304560 0.0245348 0.0247897 0.0202476 0.0221996 0.0213754 0.0227456 0.0278076 0.0215489 0.0966016 0.0030825 0.0027795 0.0969730 0.0306443 0.0000010 0.0000000 0.0009921 0.0008745 0.0146439 0.0327783 0.0872015 0.0295427 0.0289446 0.0259914 0.0020050 0.0027772 0.0018589 0.0017652 0.0314089 0.0548183 0.0365854 0.0166581 0.0291406 0.0270448 0.0088462 0.0027754 0.0028357 0.0030367 0.0018500 0.0035406 0.0035281 0.0037152 0.0047665 0.0127073 0.0330871 0.0297847 0.0298645 0.0296627 0.0215529 0.0360615 0.0370352 0.0288141 0.0309799 0.0324749 0.0136659 0.0311927 0.0322850 0.0304073 0.0219986 0.0142950 0.0915406 0.0037149 0.0044205 0.0053174 0.0820723 0.0168722 0.0288678 0.0046987 0.0170431 0.0144211 0.0028520 0.0299855 0.0125564 0.0136242 0.0141621 0.0017533 0.0009390 0.0046518 0.0044172 0.0026360 0.0044070 0.0008745 0.0009390 0.0009205 0.0010119 0.0009205 0.0018455 0.0009205 0.0914976 0.0020941 0.0273157 0.0318360 
DdelSJR_CASQ1      0.0237517 0.0304560 0.0274464 0.0261365 0.0209839 0.0209839 0.0221974 0.0225342 0.0267187 0.0210486 0.1020642 0.0032745 0.0018990 0.1005302 0.0315999 0.0000010 0.0009921 0.0000000 0.0000010 0.0137955 0.0306229 0.0891990 0.0295114 0.0279418 0.0260435 0.0019116 0.0028556 0.0019116 0.0019116 0.0283870 0.0570171 0.0365854 0.0138971 0.0256245 0.0243577 0.0076987 0.0009901 0.0018990 0.0021745 0.0009926 0.0028664 0.0038203 0.0038203 0.0028581 0.0107302 0.0324070 0.0297729 0.0269670 0.0296401 0.0198166 0.0345414 0.0342961 0.0288141 0.0310616 0.0314511 0.0137955 0.0282033 0.0324698 0.0297702 0.0239510 0.0153099 0.0945561 0.0038200 0.0039982 0.0047874 0.0842803 0.0156598 0.0244340 0.0048331 0.0170431 0.0144839 0.0028746 0.0264970 0.0121738 0.0147696 0.0142108 0.0000010 0.0000010 0.0047835 0.0038170 0.0018960 0.0021792 0.0000010 0.0000010 0.0009464 0.0000010 0.0000010 0.0000010 0.0000010 0.0803065 0.0010797 0.0269670 0.0328990 
Ddeltrop4525_CASQ1 0.0218189 0.0304560 0.0245348 0.0236299 0.0190136 0.0208355 0.0202521 0.0207608 0.0253959 0.0193706 0.0922783 0.0030825 0.0017673 0.0926728 0.0294231 0.0000010 0.0008745 0.0000010 0.0000000 0.0130991 0.0313096 0.0850188 0.0282864 0.0264648 0.0236510 0.0019116 0.0026571 0.0017783 0.0016923 0.0283870 0.0533617 0.0365854 0.0142826 0.0264530 0.0243577 0.0076987 0.0018421 0.0018014 0.0030367 0.0009209 0.0025377 0.0033824 0.0035540 0.0036317 0.0112636 0.0316032 0.0285161 0.0269670 0.0283515 0.0193755 0.0329623 0.0342961 0.0288141 0.0297003 0.0306502 0.0121730 0.0282033 0.0309886 0.0291096 0.0209912 0.0132073 0.0876406 0.0035538 0.0035213 0.0050966 0.0772890 0.0156598 0.0265558 0.0044926 0.0170431 0.0133230 0.0027256 0.0272749 0.0114511 0.0130344 0.0129062 0.0008382 0.0000010 0.0044496 0.0042344 0.0016800 0.0021792 0.0000010 0.0000010 0.0008809 0.0000010 0.0000010 0.0008802 0.0000010 0.0845831 0.0009952 0.0247921 0.0305582 
Dleu_CASQ1         0.0287789 0.0271345 0.0245912 0.0315616 0.0275385 0.0302477 0.0279794 0.0276421 0.0276301 0.0259476 0.0960636 0.0149449 0.0109068 0.0894042 0.0376840 0.0139030 0.0146439 0.0137955 0.0130991 0.0000000 0.0342685 0.0898239 0.0295427 0.0287189 0.0312543 0.0159885 0.0137561 0.0148287 0.0150313 0.0271566 0.0513953 0.0267545 0.0226466 0.0288265 0.0255555 0.0157921 0.0153826 0.0121040 0.0135947 0.0144229 0.0159140 0.0112910 0.0109156 0.0130870 0.0158033 0.0316909 0.0273261 0.0257542 0.0296263 0.0204801 0.0317940 0.0319390 0.0273936 0.0285030 0.0307289 0.0008393 0.0269814 0.0297792 0.0291796 0.0200647 0.0090720 0.0887428 0.0127969 0.0136424 0.0167613 0.0791275 0.0191942 0.0256279 0.0158259 0.0083296 0.0122715 0.0171403 0.0273659 0.0114845 0.0121574 0.0116927 0.0140055 0.0147156 0.0156664 0.0158288 0.0149151 0.0112641 0.0130991 0.0147156 0.0137685 0.0147953 0.0128083 0.0137561 0.0128083 0.0825699 0.0134707 0.0236831 0.0306310 
EausAUS_CASQ1      0.0155222 0.0300617 0.0294959 0.0168889 0.0117572 0.0117572 0.0117572 0.0128967 0.0011274 0.0112706 0.1103839 0.0303960 0.0306229 0.0937878 0.0220492 0.0312124 0.0327783 0.0306229 0.0313096 0.0342685 0.0000000 0.1005189 0.0000010 0.0000010 0.0168524 0.0324135 0.0305788 0.0324135 0.0330033 0.0280062 0.0565203 0.0334042 0.0340202 0.0222138 0.0209990 0.0323917 0.0320662 0.0313096 0.0312124 0.0322015 0.0326701 0.0326669 0.0320628 0.0321097 0.0285461 0.0301139 0.0312726 0.0298049 0.0295068 0.0330440 0.0390806 0.0318040 0.0302101 0.0327504 0.0344535 0.0327783 0.0298058 0.0328391 0.0305140 0.0522161 0.0298830 0.0923796 0.0320590 0.0340319 0.0355016 0.0873527 0.0249161 0.0193203 0.0339905 0.0370123 0.0378659 0.0343848 0.0206156 0.0353176 0.0381314 0.0386538 0.0313096 0.0313096 0.0320162 0.0326212 0.0340358 0.0351367 0.0313096 0.0313096 0.0306229 0.0313096 0.0306229 0.0306229 0.0306229 0.0858689 0.0352057 0.0298049 0.0369115 
Ecab_CASQ1         0.0843392 0.0933671 0.0904299 0.0912266 0.0842840 0.0887875 0.0812103 0.0804324 0.0850578 0.0812252 0.1345016 0.0848836 0.0823313 0.1230697 0.0928839 0.0847805 0.0872015 0.0891990 0.0850188 0.0898239 0.1005189 0.0000000 0.0913343 0.0866780 0.0865920 0.0914994 0.0900967 0.0875170 0.0869833 0.0847680 0.0854637 0.1098296 0.0973041 0.0833943 0.0811263 0.0995234 0.0905047 0.0852780 0.0859873 0.0894670 0.0872931 0.0821599 0.0824616 0.0848683 0.0806760 0.0829233 0.0875234 0.0877435 0.0931947 0.0872101 0.0955775 0.0918550 0.0940575 0.0903748 0.0930955 0.0880254 0.0877611 0.0869735 0.0858369 0.1131091 0.1017958 0.1199993 0.0884832 0.0897906 0.0907090 0.1125491 0.0999939 0.0781928 0.0926076 0.1107590 0.1033951 0.0922515 0.0819788 0.1040047 0.0947692 0.1061943 0.0836507 0.0907808 0.0900967 0.0922601 0.0850188 0.0807552 0.0850188 0.0907808 0.0870436 0.0951239 0.0854551 0.0868942 0.0854551 0.0918783 0.0875318 0.0803972 0.0960763 
Egla13086_CASQ1    0.0146074 0.0271713 0.0265014 0.0157917 0.0114699 0.0112601 0.0113223 0.0123216 0.0019899 0.0113318 0.1120480 0.0285798 0.0282864 0.0980377 0.0191702 0.0286302 0.0295427 0.0295114 0.0282864 0.0295427 0.0000010 0.0913343 0.0000000 0.0009914 0.0157614 0.0310816 0.0282535 0.0297191 0.0297191 0.0271610 0.0531184 0.0334042 0.0330239 0.0222686 0.0197310 0.0310619 0.0306398 0.0295114 0.0302028 0.0295598 0.0294598 0.0294573 0.0294573 0.0315202 0.0259040 0.0294802 0.0300501 0.0287383 0.0286647 0.0314856 0.0363917 0.0318040 0.0290862 0.0312570 0.0337827 0.0295427 0.0287390 0.0313256 0.0300285 0.0459428 0.0273570 0.0986359 0.0294545 0.0306342 0.0320577 0.0978202 0.0244295 0.0226404 0.0309886 0.0343772 0.0341688 0.0323761 0.0207483 0.0332760 0.0341688 0.0342302 0.0294598 0.0295114 0.0282535 0.0306009 0.0306372 0.0317673 0.0282864 0.0295114 0.0282864 0.0295114 0.0282864 0.0294573 0.0282864 0.0758698 0.0315289 0.0275564 0.0355471 
Ejap43864_CASQ1    0.0131706 0.0271713 0.0247966 0.0148981 0.0107665 0.0117572 0.0106951 0.0111270 0.0008969 0.0097658 0.1017989 0.0293687 0.0256998 0.0893212 0.0191290 0.0257868 0.0289446 0.0279418 0.0264648 0.0287189 0.0000010 0.0866780 0.0009914 0.0000000 0.0142015 0.0306655 0.0267987 0.0281691 0.0288286 0.0257150 0.0515153 0.0334042 0.0301865 0.0198430 0.0186987 0.0310619 0.0293531 0.0286571 0.0287849 0.0282790 0.0275169 0.0286003 0.0279342 0.0286617 0.0243093 0.0289549 0.0287441 0.0271874 0.0273292 0.0286309 0.0332185 0.0318040 0.0290862 0.0299386 0.0310001 0.0275856 0.0271879 0.0300032 0.0294274 0.0432602 0.0268614 0.0899480 0.0279316 0.0299764 0.0318696 0.0863066 0.0244295 0.0192717 0.0293629 0.0343772 0.0328488 0.0324220 0.0185224 0.0337526 0.0328120 0.0327116 0.0275169 0.0301833 0.0267987 0.0296328 0.0285723 0.0317673 0.0264648 0.0301833 0.0268281 0.0301833 0.0256998 0.0267987 0.0256998 0.0753360 0.0284411 0.0249779 0.0332914 
Erob133443_CASQ1   0.0094018 0.0291568 0.0249292 0.0118747 0.0064151 0.0070017 0.0057819 0.0055324 0.0132105 0.0078270 0.1002820 0.0258732 0.0239248 0.0905585 0.0181553 0.0238491 0.0259914 0.0260435 0.0236510 0.0312543 0.0168524 0.0865920 0.0157614 0.0142015 0.0000000 0.0287770 0.0239248 0.0264006 0.0259893 0.0295996 0.0531111 0.0302184 0.0245958 0.0258750 0.0238117 0.0317104 0.0275272 0.0256252 0.0267562 0.0264354 0.0247028 0.0257831 0.0261781 0.0268685 0.0215052 0.0318798 0.0326496 0.0311553 0.0313270 0.0323714 0.0370896 0.0344425 0.0337797 0.0338793 0.0337987 0.0300854 0.0311563 0.0339560 0.0320607 0.0403478 0.0296106 0.0893388 0.0250592 0.0259215 0.0290470 0.0898732 0.0274611 0.0248790 0.0264650 0.0370866 0.0310630 0.0293620 0.0244947 0.0305797 0.0300031 0.0290430 0.0247028 0.0269999 0.0239248 0.0257582 0.0257582 0.0318458 0.0236510 0.0269999 0.0250615 0.0269999 0.0239248 0.0250340 0.0239248 0.0792731 0.0249680 0.0285776 0.0359286 
Fatt_CASQ1         0.0262048 0.0325053 0.0291597 0.0276750 0.0226091 0.0226091 0.0236577 0.0249466 0.0294112 0.0236365 0.1008456 0.0044163 0.0038490 0.0993262 0.0332489 0.0020827 0.0020050 0.0019116 0.0019116 0.0159885 0.0324135 0.0914994 0.0310816 0.0306655 0.0287770 0.0000000 0.0028746 0.0000010 0.0000010 0.0311644 0.0572855 0.0409815 0.0170074 0.0283013 0.0269972 0.0089002 0.0020009 0.0038490 0.0032993 0.0020060 0.0048423 0.0058081 0.0058081 0.0048278 0.0128574 0.0342507 0.0313618 0.0296910 0.0312874 0.0210007 0.0374661 0.0375029 0.0305504 0.0326724 0.0328609 0.0159885 0.0309594 0.0341112 0.0313589 0.0264308 0.0166928 0.0933541 0.0038456 0.0050504 0.0048195 0.0865207 0.0169772 0.0268585 0.0028619 0.0190887 0.0157820 0.0009458 0.0291621 0.0134358 0.0169738 0.0157153 0.0019116 0.0009977 0.0048156 0.0038425 0.0038428 0.0044621 0.0019116 0.0009977 0.0009527 0.0010800 0.0019116 0.0019116 0.0019116 0.0824650 0.0032886 0.0296910 0.0346373 
Ggri_CASQ1         0.0209663 0.0287744 0.0236141 0.0227375 0.0177662 0.0195793 0.0191950 0.0198651 0.0256743 0.0193706 0.0989555 0.0054941 0.0044563 0.0960626 0.0276367 0.0028761 0.0027772 0.0028556 0.0026571 0.0137561 0.0305788 0.0900967 0.0282535 0.0267987 0.0239248 0.0028746 0.0000000 0.0026737 0.0026737 0.0283870 0.0507797 0.0331645 0.0124618 0.0268151 0.0255376 0.0076907 0.0037050 0.0047913 0.0050929 0.0027785 0.0053796 0.0062735 0.0062735 0.0064122 0.0090400 0.0309048 0.0273092 0.0269670 0.0271041 0.0193755 0.0329623 0.0342961 0.0273734 0.0284850 0.0314511 0.0137561 0.0282033 0.0297601 0.0284558 0.0211268 0.0140046 0.0921286 0.0008808 0.0018431 0.0062638 0.0827437 0.0156424 0.0268717 0.0017814 0.0170141 0.0112017 0.0038425 0.0276786 0.0098924 0.0127686 0.0104826 0.0035514 0.0019869 0.0017646 0.0017646 0.0044496 0.0021792 0.0026571 0.0019869 0.0017660 0.0021507 0.0026571 0.0035511 0.0026571 0.0809825 0.0040196 0.0247921 0.0300023 
Gmac39091_CASQ1    0.0242194 0.0325053 0.0264230 0.0252959 0.0204800 0.0226091 0.0216563 0.0230719 0.0270253 0.0217251 0.0978200 0.0044163 0.0035789 0.0964672 0.0303310 0.0019254 0.0018589 0.0019116 0.0017783 0.0148287 0.0324135 0.0875170 0.0297191 0.0281691 0.0264006 0.0000010 0.0026737 0.0000000 0.0000010 0.0311644 0.0535877 0.0409815 0.0170074 0.0283013 0.0269972 0.0089002 0.0027900 0.0038490 0.0040923 0.0018597 0.0045004 0.0053984 0.0053984 0.0055181 0.0119332 0.0342507 0.0299642 0.0296910 0.0298476 0.0204709 0.0356371 0.0375029 0.0305504 0.0311670 0.0328609 0.0148287 0.0309594 0.0324810 0.0313589 0.0244108 0.0152701 0.0910091 0.0035759 0.0046799 0.0053901 0.0830612 0.0169772 0.0281469 0.0026626 0.0190887 0.0145036 0.0009458 0.0291621 0.0134358 0.0157452 0.0142551 0.0026738 0.0009977 0.0044774 0.0044774 0.0035735 0.0044621 0.0017783 0.0009977 0.0008864 0.0010800 0.0017783 0.0026737 0.0017783 0.0815499 0.0030280 0.0272606 0.0328631 
Gmel_CASQ1         0.0239491 0.0325053 0.0259575 0.0249304 0.0203733 0.0223508 0.0214953 0.0228601 0.0277357 0.0217251 0.0911962 0.0041546 0.0035789 0.0916031 0.0308211 0.0019254 0.0017652 0.0019116 0.0016923 0.0150313 0.0330033 0.0869833 0.0297191 0.0288286 0.0259893 0.0000010 0.0026737 0.0000010 0.0000000 0.0311644 0.0535877 0.0409815 0.0171926 0.0290076 0.0269972 0.0089002 0.0027900 0.0036487 0.0040923 0.0018597 0.0042804 0.0051346 0.0053984 0.0055181 0.0131570 0.0333162 0.0299642 0.0296910 0.0298476 0.0204709 0.0356371 0.0375029 0.0305504 0.0311670 0.0319674 0.0140847 0.0309594 0.0324810 0.0305941 0.0231195 0.0143760 0.0865757 0.0035759 0.0044425 0.0051271 0.0791391 0.0169772 0.0287638 0.0026626 0.0190887 0.0145036 0.0008974 0.0298188 0.0126295 0.0149552 0.0142551 0.0025443 0.0009440 0.0044774 0.0042596 0.0034001 0.0044621 0.0016923 0.0009440 0.0008864 0.0010177 0.0017783 0.0026737 0.0017783 0.0865678 0.0030280 0.0272606 0.0320269 
Hamp_CASQ1         0.0234544 0.0070427 0.0073704 0.0273060 0.0251011 0.0251011 0.0258424 0.0244979 0.0245000 0.0244982 0.1085791 0.0261801 0.0259044 0.0954346 0.0354472 0.0287217 0.0314089 0.0283870 0.0283870 0.0271566 0.0280062 0.0847680 0.0271610 0.0257150 0.0295996 0.0311644 0.0283870 0.0311644 0.0311644 0.0000000 0.0518731 0.0027220 0.0314133 0.0200819 0.0165533 0.0302077 0.0313105 0.0259044 0.0276181 0.0314290 0.0323240 0.0259330 0.0259330 0.0271419 0.0211016 0.0024517 0.0044195 0.0031404 0.0045884 0.0086023 0.0107473 0.0062354 0.0036456 0.0055408 0.0082263 0.0271566 0.0031403 0.0055505 0.0044191 0.0454951 0.0318064 0.0921773 0.0271392 0.0286502 0.0308756 0.0927928 0.0273056 0.0187126 0.0312493 0.0371137 0.0299360 0.0324150 0.0198903 0.0312320 0.0295395 0.0307307 0.0283870 0.0300104 0.0283870 0.0296090 0.0308405 0.0344094 0.0283870 0.0300104 0.0296453 0.0300104 0.0283870 0.0283870 0.0283870 0.0636174 0.0304175 0.0031404 0.0082173 
Hippo_CASQ1        0.0509773 0.0487931 0.0495721 0.0546526 0.0472721 0.0509994 0.0484530 0.0478863 0.0500991 0.0457468 0.1081740 0.0517283 0.0507214 0.0907596 0.0563077 0.0525387 0.0548183 0.0570171 0.0533617 0.0513953 0.0565203 0.0854637 0.0531184 0.0515153 0.0531111 0.0572855 0.0507797 0.0535877 0.0535877 0.0518731 0.0000000 0.0369692 0.0570896 0.0562411 0.0511961 0.0595134 0.0559064 0.0541061 0.0515561 0.0548525 0.0550931 0.0494763 0.0494763 0.0548232 0.0518971 0.0508059 0.0533150 0.0540154 0.0551952 0.0537572 0.0577965 0.0461926 0.0530731 0.0519438 0.0537647 0.0513953 0.0540208 0.0548523 0.0555150 0.0694685 0.0561329 0.0908189 0.0494713 0.0507163 0.0546252 0.1026498 0.0593903 0.0500404 0.0524715 0.0503960 0.0580653 0.0586841 0.0551849 0.0593931 0.0557474 0.0537427 0.0546308 0.0570171 0.0507797 0.0532892 0.0533617 0.0488690 0.0533617 0.0570171 0.0533617 0.0580639 0.0533617 0.0546263 0.0533617 0.0912980 0.0530966 0.0503449 0.0566117 
Hpla9120_CASQ1     0.0269731 0.0027220 0.0027220 0.0335156 0.0299553 0.0299553 0.0299553 0.0267445 0.0300375 0.0300455 0.1229390 0.0331734 0.0331734 0.0996949 0.0525443 0.0365854 0.0365854 0.0365854 0.0365854 0.0267545 0.0334042 0.1098296 0.0334042 0.0334042 0.0302184 0.0409815 0.0331645 0.0409815 0.0409815 0.0027220 0.0369692 0.0000000 0.0398043 0.0239490 0.0271546 0.0331645 0.0399546 0.0331734 0.0331734 0.0403657 0.0443358 0.0299172 0.0299172 0.0365954 0.0298199 0.0054966 0.0083050 0.0054966 0.0054966 0.0206900 0.0202269 0.0068965 0.0054825 0.0054966 0.0173717 0.0267545 0.0054966 0.0054966 0.0054966 0.0297322 0.0297322 0.0957077 0.0331645 0.0364695 0.0400747 0.1059015 0.0329628 0.0233477 0.0373897 0.0332709 0.0297322 0.0444949 0.0265392 0.0297322 0.0297322 0.0297322 0.0365854 0.0365854 0.0364610 0.0364610 0.0399452 0.0362946 0.0365854 0.0365854 0.0365854 0.0365854 0.0365854 0.0365854 0.0365854 0.0677848 0.0399546 0.0054966 0.0055278 
Igeo_CASQ1         0.0215774 0.0293540 0.0281949 0.0262638 0.0215774 0.0215774 0.0229894 0.0214523 0.0286752 0.0248808 0.0928019 0.0155793 0.0124478 0.0876317 0.0346475 0.0141461 0.0166581 0.0138971 0.0142826 0.0226466 0.0340202 0.0973041 0.0330239 0.0301865 0.0245958 0.0170074 0.0124618 0.0170074 0.0171926 0.0314133 0.0570896 0.0398043 0.0000000 0.0275538 0.0311299 0.0164411 0.0163655 0.0129262 0.0134486 0.0164349 0.0171293 0.0156347 0.0153430 0.0138988 0.0102600 0.0310389 0.0354875 0.0314646 0.0340546 0.0250510 0.0417942 0.0367968 0.0369559 0.0337328 0.0333863 0.0211723 0.0314646 0.0373773 0.0326395 0.0155958 0.0224617 0.0825409 0.0124618 0.0137197 0.0184084 0.0711366 0.0163410 0.0285756 0.0155799 0.0224112 0.0163412 0.0185779 0.0300800 0.0151276 0.0169714 0.0163412 0.0142826 0.0151654 0.0153411 0.0142812 0.0156329 0.0161164 0.0142826 0.0151654 0.0153624 0.0151654 0.0138971 0.0138971 0.0138971 0.0777747 0.0153428 0.0314646 0.0385209 
Kbre_CASQ1         0.0246105 0.0224554 0.0218424 0.0262472 0.0224052 0.0224052 0.0222127 0.0220979 0.0187295 0.0212049 0.0992357 0.0254642 0.0232117 0.0889874 0.0298256 0.0270244 0.0291406 0.0256245 0.0264530 0.0288265 0.0222138 0.0833943 0.0222686 0.0198430 0.0258750 0.0283013 0.0268151 0.0283013 0.0290076 0.0200819 0.0562411 0.0239490 0.0275538 0.0000000 0.0062341 0.0259664 0.0283238 0.0241532 0.0258506 0.0284267 0.0277785 0.0264259 0.0255970 0.0244144 0.0196763 0.0210417 0.0199243 0.0187720 0.0232209 0.0212564 0.0260101 0.0273562 0.0206022 0.0222832 0.0232800 0.0276053 0.0199541 0.0236049 0.0209593 0.0446902 0.0306700 0.0896703 0.0255945 0.0277932 0.0287581 0.0795188 0.0207627 0.0110297 0.0295975 0.0369023 0.0334041 0.0301656 0.0120743 0.0314019 0.0333089 0.0318027 0.0264530 0.0278569 0.0268151 0.0287257 0.0264530 0.0323076 0.0264530 0.0278569 0.0268469 0.0278569 0.0256245 0.0256245 0.0256245 0.0735209 0.0259709 0.0187720 0.0245643 
Ksim_CASQ1         0.0225001 0.0208759 0.0192477 0.0240787 0.0197980 0.0197980 0.0198903 0.0198988 0.0175306 0.0188599 0.0965239 0.0216151 0.0219697 0.0901329 0.0265442 0.0242911 0.0270448 0.0243577 0.0243577 0.0255555 0.0209990 0.0811263 0.0197310 0.0186987 0.0238117 0.0269972 0.0255376 0.0269972 0.0269972 0.0165533 0.0511961 0.0271546 0.0311299 0.0062341 0.0000000 0.0271347 0.0269643 0.0219697 0.0229902 0.0270615 0.0281242 0.0243320 0.0243320 0.0231601 0.0173384 0.0182793 0.0162214 0.0152934 0.0193209 0.0177052 0.0223670 0.0272955 0.0178815 0.0185510 0.0208757 0.0255555 0.0164490 0.0198328 0.0173360 0.0433111 0.0245801 0.0874009 0.0243296 0.0256519 0.0267552 0.0812141 0.0158985 0.0073361 0.0282777 0.0387146 0.0319986 0.0282037 0.0084147 0.0294176 0.0315013 0.0331648 0.0243577 0.0257122 0.0255376 0.0267239 0.0267262 0.0351219 0.0243577 0.0257122 0.0255675 0.0257122 0.0243577 0.0243577 0.0243577 0.0650117 0.0272550 0.0152934 0.0221909 
Lacu_CASQ1         0.0300375 0.0305608 0.0290573 0.0302546 0.0254234 0.0254234 0.0261657 0.0285552 0.0297397 0.0261931 0.1144632 0.0085121 0.0076987 0.1061900 0.0359282 0.0072643 0.0088462 0.0076987 0.0076987 0.0157921 0.0323917 0.0995234 0.0310619 0.0310619 0.0317104 0.0089002 0.0076907 0.0089002 0.0089002 0.0302077 0.0595134 0.0331645 0.0164411 0.0259664 0.0271347 0.0000000 0.0088248 0.0076987 0.0072643 0.0088512 0.0111685 0.0088240 0.0088240 0.0088333 0.0122642 0.0310451 0.0299668 0.0286756 0.0326242 0.0210379 0.0368019 0.0371897 0.0304438 0.0312660 0.0351814 0.0157921 0.0299996 0.0326867 0.0299640 0.0316609 0.0217064 0.1028693 0.0065662 0.0076833 0.0088239 0.0890965 0.0169235 0.0281124 0.0100663 0.0171334 0.0205110 0.0100421 0.0294062 0.0181065 0.0205110 0.0198008 0.0076987 0.0076987 0.0099461 0.0088147 0.0099567 0.0022036 0.0076987 0.0076987 0.0076987 0.0076987 0.0076987 0.0076987 0.0076987 0.0738548 0.0089587 0.0286756 0.0359285 
Lalb_CASQ1         0.0251647 0.0321067 0.0274502 0.0262445 0.0215500 0.0223739 0.0226115 0.0239651 0.0281573 0.0226329 0.1051655 0.0043790 0.0037082 0.1036085 0.0288627 0.0020005 0.0027754 0.0009901 0.0018421 0.0153826 0.0320662 0.0905047 0.0306398 0.0293531 0.0275272 0.0020009 0.0037050 0.0027900 0.0027900 0.0313105 0.0559064 0.0399546 0.0163655 0.0283238 0.0269643 0.0088248 0.0000000 0.0029911 0.0050893 0.0027767 0.0046640 0.0046466 0.0046466 0.0057230 0.0123749 0.0338768 0.0308911 0.0297729 0.0308075 0.0226366 0.0371873 0.0368044 0.0302290 0.0320886 0.0349205 0.0153826 0.0310958 0.0334002 0.0310587 0.0242911 0.0162688 0.0976847 0.0046462 0.0055895 0.0065376 0.0875512 0.0168280 0.0292434 0.0056416 0.0188322 0.0154570 0.0030092 0.0292203 0.0133195 0.0153327 0.0153490 0.0027701 0.0009901 0.0055851 0.0055851 0.0037024 0.0043865 0.0018421 0.0009901 0.0018421 0.0010707 0.0018421 0.0027699 0.0018421 0.0875251 0.0031433 0.0284127 0.0338251 
Laus_CASQ1         0.0234880 0.0271150 0.0242192 0.0256936 0.0208355 0.0208355 0.0219930 0.0223358 0.0274921 0.0210486 0.0946324 0.0010201 0.0000010 0.0916542 0.0320540 0.0020677 0.0028357 0.0018990 0.0018014 0.0121040 0.0313096 0.0852780 0.0295114 0.0286571 0.0256252 0.0038490 0.0047913 0.0038490 0.0036487 0.0259044 0.0541061 0.0331734 0.0129262 0.0241532 0.0219697 0.0076987 0.0029911 0.0000000 0.0000010 0.0029988 0.0045595 0.0018000 0.0018975 0.0009464 0.0101569 0.0288134 0.0271583 0.0245219 0.0296401 0.0174785 0.0319717 0.0317497 0.0259495 0.0284280 0.0280533 0.0111218 0.0257382 0.0298053 0.0266554 0.0226055 0.0143470 0.0863082 0.0038200 0.0037825 0.0045393 0.0768684 0.0133181 0.0231451 0.0068128 0.0152485 0.0144839 0.0045718 0.0249894 0.0114511 0.0139841 0.0128612 0.0018014 0.0018819 0.0067421 0.0054644 0.0036201 0.0043947 0.0018014 0.0018819 0.0028581 0.0020283 0.0018990 0.0018990 0.0018990 0.0824255 0.0021676 0.0245219 0.0293728 
Lbor_CASQ1         0.0242402 0.0271150 0.0238077 0.0253450 0.0199430 0.0204571 0.0213543 0.0229358 0.0274673 0.0213764 0.1078037 0.0010832 0.0010050 0.1039827 0.0308878 0.0030367 0.0030367 0.0021745 0.0030367 0.0135947 0.0312124 0.0859873 0.0302028 0.0287849 0.0267562 0.0032993 0.0050929 0.0040923 0.0040923 0.0276181 0.0515561 0.0331734 0.0134486 0.0258506 0.0229902 0.0072643 0.0050893 0.0000010 0.0000000 0.0040710 0.0061593 0.0020155 0.0020155 0.0020514 0.0092842 0.0299466 0.0277565 0.0259851 0.0301050 0.0188226 0.0345896 0.0329971 0.0259495 0.0290583 0.0304856 0.0135947 0.0274114 0.0291256 0.0273765 0.0256521 0.0168476 0.0974341 0.0040595 0.0050884 0.0050884 0.0903962 0.0121783 0.0246985 0.0061774 0.0152485 0.0159198 0.0044118 0.0268602 0.0134544 0.0157482 0.0144844 0.0040602 0.0021745 0.0071692 0.0071692 0.0050889 0.0026685 0.0030367 0.0021745 0.0030367 0.0023723 0.0030367 0.0040598 0.0030367 0.0796133 0.0034881 0.0250794 0.0275133 
Lhos30470_CASQ1    0.0241650 0.0322619 0.0262676 0.0251594 0.0203583 0.0224614 0.0215407 0.0229731 0.0270861 0.0215610 0.1041661 0.0043916 0.0027808 0.1026150 0.0301649 0.0010001 0.0018500 0.0009926 0.0009209 0.0144229 0.0322015 0.0894670 0.0295598 0.0282790 0.0264354 0.0020060 0.0027785 0.0018597 0.0018597 0.0314290 0.0548525 0.0403657 0.0164349 0.0284267 0.0270615 0.0088512 0.0027767 0.0029988 0.0040710 0.0000000 0.0018465 0.0037169 0.0037169 0.0047688 0.0114237 0.0340240 0.0298021 0.0298833 0.0296807 0.0215650 0.0360834 0.0370813 0.0303531 0.0309981 0.0350716 0.0144229 0.0312126 0.0323042 0.0311752 0.0232841 0.0151873 0.0966719 0.0037166 0.0046576 0.0056033 0.0864851 0.0168820 0.0282473 0.0047009 0.0189251 0.0144288 0.0030171 0.0293262 0.0133608 0.0143763 0.0141707 0.0018465 0.0009926 0.0046539 0.0046539 0.0027765 0.0044119 0.0009209 0.0009926 0.0009209 0.0010738 0.0009209 0.0018463 0.0009209 0.0864529 0.0020952 0.0273314 0.0326753 
Lhos452_CASQ1      0.0227844 0.0358126 0.0283379 0.0247262 0.0201931 0.0221338 0.0213228 0.0217162 0.0264416 0.0204462 0.0947597 0.0062533 0.0044723 0.0951351 0.0305605 0.0028871 0.0035406 0.0028664 0.0025377 0.0159140 0.0326701 0.0872931 0.0294598 0.0275169 0.0247028 0.0048423 0.0053796 0.0045004 0.0042804 0.0323240 0.0550931 0.0443358 0.0171293 0.0277785 0.0281242 0.0111685 0.0046640 0.0045595 0.0061593 0.0018465 0.0000000 0.0059888 0.0062964 0.0064362 0.0140323 0.0360566 0.0323227 0.0308371 0.0322879 0.0227644 0.0367269 0.0399726 0.0333774 0.0335381 0.0347840 0.0149633 0.0321111 0.0348750 0.0330032 0.0240463 0.0164875 0.0899645 0.0062959 0.0062377 0.0077353 0.0794049 0.0193165 0.0296947 0.0072784 0.0208556 0.0166350 0.0055198 0.0308870 0.0147871 0.0158329 0.0154571 0.0033914 0.0028405 0.0072075 0.0068547 0.0025377 0.0067018 0.0025377 0.0028405 0.0035667 0.0030629 0.0026665 0.0035638 0.0026665 0.0897377 0.0030186 0.0283120 0.0331780 
Lobl_CASQ1         0.0237738 0.0255073 0.0209561 0.0247242 0.0201913 0.0221316 0.0213211 0.0226943 0.0275172 0.0215470 0.0924307 0.0020458 0.0017660 0.0897023 0.0305580 0.0038479 0.0035281 0.0038203 0.0033824 0.0112910 0.0326669 0.0821599 0.0294573 0.0286003 0.0257831 0.0058081 0.0062735 0.0053984 0.0051346 0.0259330 0.0494763 0.0299172 0.0156347 0.0264259 0.0243320 0.0088240 0.0046466 0.0018000 0.0020155 0.0037169 0.0059888 0.0000000 0.0000010 0.0036290 0.0112550 0.0274699 0.0249533 0.0245484 0.0271343 0.0172266 0.0306304 0.0293050 0.0245669 0.0261146 0.0280858 0.0103779 0.0257663 0.0273656 0.0254695 0.0210094 0.0121585 0.0847596 0.0053602 0.0044118 0.0068313 0.0771777 0.0144691 0.0265322 0.0081846 0.0134935 0.0122646 0.0064369 0.0272470 0.0103813 0.0130446 0.0104837 0.0042377 0.0028299 0.0081047 0.0077094 0.0050966 0.0043947 0.0033824 0.0028299 0.0044567 0.0030505 0.0035540 0.0044530 0.0035540 0.0816906 0.0040199 0.0225803 0.0269845 
