93
Bacu_CASQ2         0.0000000 0.0219080 0.0194190 0.0038114 0.0110636 0.0139521 0.0146220 0.0102194 0.0123373 0.0082367 0.0745221 0.0211883 0.0225595 0.0663856 0.0201839 0.0197651 0.0207886 0.0197651 0.0236601 0.0231071 0.0217995 0.1256056 0.0160727 0.0218329 0.0100382 0.0198521 0.0207359 0.0249223 0.0192034 0.0187593 0.0640023 0.0265244 0.0304169 0.0284158 0.0253697 0.0219911 0.0188060 0.0236938 0.0249054 0.0197040 0.0174061 0.0197183 0.0197787 0.0229077 0.0255890 0.0196281 0.0206654 0.0209485 0.0177628 0.0158454 0.0310757 0.0271736 0.0201344 0.0263421 0.0231071 0.0218227 0.0262953 0.0246703 0.0228477 0.0185818 0.0684451 0.0231834 0.0199238 0.0210147 0.0786341 0.0391239 0.0195118 0.0220862 0.0185602 0.0278698 0.0207521 0.0192411 0.0280709 0.0219340 0.0278440 0.0261379 0.0254447 0.0178172 0.0215927 0.0214854 0.0265282 0.0189274 0.0240217 0.0187923 0.0241462 0.0199117 0.0225420 0.0187923 0.1130540 0.0181730 0.0208127 0.0165040 0.0225303 
Barn_CASQ2         0.0219080 0.0000000 0.0033851 0.0196558 0.0211347 0.0260845 0.0260845 0.0180432 0.0032333 0.0145545 0.0865217 0.0225321 0.0198760 0.0667128 0.0228250 0.0198536 0.0198536 0.0198536 0.0214481 0.0301726 0.0150146 0.1833413 0.0104925 0.0165591 0.0199967 0.0198218 0.0214394 0.0214671 0.0214671 0.0104290 0.0706831 0.0169900 0.0348926 0.0298618 0.0220754 0.0214268 0.0182894 0.0229290 0.0214481 0.0182686 0.0182894 0.0182894 0.0198760 0.0197855 0.0112539 0.0118146 0.0148595 0.0218118 0.0088105 0.0103109 0.0138867 0.0164150 0.0133479 0.0132783 0.0301726 0.0139166 0.0179874 0.0148595 0.0213557 0.0144381 0.0744706 0.0183022 0.0199445 0.0230577 0.0868251 0.0480684 0.0138717 0.0214762 0.0124158 0.0196861 0.0214671 0.0138717 0.0261856 0.0196861 0.0196861 0.0214751 0.0228672 0.0166838 0.0166838 0.0182686 0.0218046 0.0199073 0.0214659 0.0182686 0.0199073 0.0199073 0.0198536 0.0182686 0.1491664 0.0167014 0.0119471 0.0167014 0.0088016 
Bbai76728_CASQ2    0.0194190 0.0033851 0.0000000 0.0179315 0.0178270 0.0211872 0.0211872 0.0167475 0.0051137 0.0143136 0.0701132 0.0192363 0.0182840 0.0592340 0.0206814 0.0158004 0.0158519 0.0158004 0.0195255 0.0249385 0.0125381 0.1439320 0.0118173 0.0136019 0.0184210 0.0158350 0.0168797 0.0195388 0.0168939 0.0093471 0.0608870 0.0135343 0.0269871 0.0236186 0.0172261 0.0180954 0.0147323 0.0185056 0.0195255 0.0147205 0.0147323 0.0147323 0.0158130 0.0190229 0.0117264 0.0103184 0.0124246 0.0135965 0.0082288 0.0092740 0.0169598 0.0155596 0.0113786 0.0134607 0.0249385 0.0127413 0.0139211 0.0155450 0.0179054 0.0142365 0.0643268 0.0195359 0.0169304 0.0190751 0.0722452 0.0384594 0.0138594 0.0171627 0.0160732 0.0204968 0.0168939 0.0128151 0.0200715 0.0167735 0.0224886 0.0208296 0.0212859 0.0136397 0.0171645 0.0164210 0.0224668 0.0158288 0.0192446 0.0147205 0.0207357 0.0158805 0.0182675 0.0147205 0.1262095 0.0139056 0.0114670 0.0136492 0.0119371 
BbonAUS_CASQ2      0.0038114 0.0196558 0.0179315 0.0000000 0.0094063 0.0123510 0.0123510 0.0113437 0.0119020 0.0100194 0.0775715 0.0227451 0.0210279 0.0656658 0.0185870 0.0193879 0.0194465 0.0193879 0.0221663 0.0248168 0.0224116 0.1402186 0.0165902 0.0213948 0.0086673 0.0194268 0.0203927 0.0221807 0.0204091 0.0174472 0.0627748 0.0233635 0.0289830 0.0268724 0.0239478 0.0215477 0.0183958 0.0207042 0.0221663 0.0183825 0.0183958 0.0183958 0.0194024 0.0245750 0.0222453 0.0183118 0.0203208 0.0223619 0.0163245 0.0173194 0.0280344 0.0244012 0.0193299 0.0228867 0.0248168 0.0214863 0.0245211 0.0232183 0.0214235 0.0181315 0.0679970 0.0229234 0.0195493 0.0224419 0.0808592 0.0373488 0.0197529 0.0207090 0.0185602 0.0247638 0.0204091 0.0187848 0.0266274 0.0224352 0.0255959 0.0233703 0.0220346 0.0173739 0.0200187 0.0200909 0.0234775 0.0185185 0.0226268 0.0183825 0.0210933 0.0185746 0.0210107 0.0183825 0.1237290 0.0176868 0.0174577 0.0173856 0.0198408 
Bbor_CASQ2         0.0110636 0.0211347 0.0178270 0.0094063 0.0000000 0.0044518 0.0046573 0.0071395 0.0103495 0.0154966 0.0674694 0.0226726 0.0177622 0.0611361 0.0162816 0.0184525 0.0193924 0.0184525 0.0210090 0.0230234 0.0213238 0.1332831 0.0167770 0.0213336 0.0097237 0.0185327 0.0194071 0.0221095 0.0194218 0.0173533 0.0587021 0.0232791 0.0297422 0.0267188 0.0224152 0.0206243 0.0175088 0.0206230 0.0220953 0.0183319 0.0175088 0.0183451 0.0184652 0.0233112 0.0193969 0.0182139 0.0192921 0.0208260 0.0164476 0.0164476 0.0298409 0.0242474 0.0187434 0.0241727 0.0230234 0.0202848 0.0219446 0.0219446 0.0213673 0.0192224 0.0633366 0.0217919 0.0194594 0.0213517 0.0767055 0.0420257 0.0187386 0.0206501 0.0211941 0.0259415 0.0194218 0.0178189 0.0264768 0.0222747 0.0269760 0.0232939 0.0234298 0.0165388 0.0189700 0.0200327 0.0255145 0.0176201 0.0225617 0.0174967 0.0223588 0.0185232 0.0199159 0.0174967 0.1140121 0.0168636 0.0193633 0.0165494 0.0197183 
Bede66737_CASQ2    0.0139521 0.0260845 0.0211872 0.0123510 0.0044518 0.0000000 0.0000010 0.0080801 0.0134361 0.0193280 0.0715542 0.0275963 0.0211328 0.0650779 0.0174968 0.0214308 0.0225334 0.0214308 0.0244339 0.0261524 0.0243449 0.1421998 0.0203853 0.0244959 0.0086463 0.0215245 0.0223995 0.0257291 0.0224173 0.0204551 0.0626242 0.0273141 0.0324078 0.0294149 0.0256061 0.0236720 0.0204740 0.0219462 0.0257116 0.0214456 0.0204740 0.0214609 0.0214455 0.0263699 0.0221610 0.0213076 0.0222659 0.0222464 0.0193777 0.0193777 0.0361514 0.0278810 0.0217722 0.0286136 0.0261524 0.0235828 0.0257252 0.0253624 0.0243969 0.0223431 0.0673086 0.0248682 0.0216012 0.0243781 0.0834207 0.0435205 0.0217496 0.0238506 0.0241309 0.0300448 0.0224173 0.0208240 0.0297315 0.0253103 0.0317145 0.0269402 0.0249488 0.0194856 0.0223822 0.0232856 0.0276964 0.0206052 0.0257731 0.0204600 0.0264348 0.0216720 0.0233212 0.0204600 0.1191050 0.0198728 0.0224996 0.0194986 0.0232763 
BedeAUS_CASQ2      0.0146220 0.0260845 0.0211872 0.0123510 0.0046573 0.0000010 0.0000000 0.0084562 0.0134361 0.0205573 0.0743214 0.0275963 0.0222328 0.0674511 0.0174968 0.0224650 0.0225334 0.0224650 0.0257116 0.0274605 0.0255259 0.1482068 0.0215952 0.0244959 0.0086463 0.0225098 0.0234820 0.0257291 0.0235018 0.0204551 0.0648712 0.0273141 0.0326276 0.0294149 0.0256061 0.0246717 0.0214609 0.0219462 0.0257116 0.0214456 0.0214609 0.0214609 0.0224810 0.0276570 0.0221610 0.0213076 0.0233366 0.0236958 0.0192996 0.0203051 0.0361514 0.0278810 0.0223379 0.0286136 0.0274605 0.0248413 0.0257252 0.0266810 0.0245307 0.0223845 0.0698034 0.0260954 0.0226533 0.0255618 0.0854248 0.0435205 0.0228113 0.0238506 0.0241309 0.0300448 0.0235018 0.0218413 0.0297315 0.0254855 0.0317145 0.0269402 0.0249488 0.0204221 0.0235569 0.0232856 0.0276964 0.0216060 0.0257731 0.0214456 0.0264348 0.0216720 0.0245385 0.0214456 0.1249464 0.0207938 0.0224996 0.0204365 0.0232763 
Bmus_CASQ2         0.0102194 0.0180432 0.0167475 0.0113437 0.0071395 0.0080801 0.0084562 0.0000000 0.0103546 0.0130620 0.0645267 0.0164777 0.0144606 0.0607185 0.0163015 0.0155311 0.0163151 0.0155311 0.0176536 0.0202721 0.0194285 0.1231394 0.0144876 0.0193522 0.0075401 0.0155982 0.0164721 0.0185676 0.0152808 0.0163103 0.0596675 0.0194102 0.0307537 0.0277564 0.0192917 0.0176360 0.0145999 0.0167610 0.0185564 0.0152793 0.0135381 0.0152905 0.0155419 0.0188202 0.0207183 0.0171730 0.0182893 0.0194728 0.0154629 0.0154629 0.0259923 0.0230122 0.0177236 0.0227580 0.0202721 0.0191745 0.0231444 0.0207849 0.0170487 0.0171749 0.0649240 0.0187740 0.0156524 0.0170374 0.0751542 0.0357785 0.0172992 0.0175171 0.0157474 0.0219402 0.0164840 0.0168529 0.0232919 0.0178861 0.0210518 0.0197263 0.0190098 0.0136477 0.0156272 0.0168481 0.0173911 0.0155553 0.0194168 0.0145898 0.0195177 0.0163421 0.0165795 0.0145898 0.1138591 0.0139127 0.0183062 0.0126649 0.0185147 
Bmys_CASQ2         0.0123373 0.0032333 0.0051137 0.0119020 0.0103495 0.0134361 0.0134361 0.0103546 0.0000000 0.0112368 0.0497258 0.0069143 0.0107717 0.0491809 0.0089491 0.0073363 0.0073363 0.0073363 0.0089418 0.0088474 0.0028996 0.1760964 0.0043678 0.0028996 0.0110591 0.0088229 0.0088229 0.0107589 0.0088229 0.0089675 0.0362314 0.0063340 0.0151285 0.0135878 0.0118518 0.0089219 0.0073363 0.0084238 0.0107717 0.0058505 0.0073363 0.0073363 0.0073363 0.0118514 0.0124623 0.0103717 0.0103768 0.0111740 0.0073645 0.0073645 0.0217486 0.0183007 0.0103717 0.0156291 0.0088474 0.0118855 0.0133285 0.0145274 0.0088411 0.0088411 0.0491809 0.0122872 0.0073328 0.0103470 0.0616140 0.0139051 0.0073410 0.0089408 0.0094156 0.0108231 0.0088229 0.0058797 0.0118710 0.0088411 0.0083908 0.0108008 0.0079671 0.0058505 0.0090669 0.0076671 0.0116667 0.0058505 0.0089427 0.0058505 0.0086095 0.0058505 0.0071252 0.0058505 0.0817883 0.0059457 0.0088754 0.0058505 0.0146182 
Bphy_CASQ2         0.0082367 0.0145545 0.0143136 0.0100194 0.0154966 0.0193280 0.0205573 0.0130620 0.0112368 0.0000000 0.0603673 0.0078830 0.0184162 0.0597495 0.0148447 0.0167577 0.0178843 0.0167577 0.0213787 0.0172510 0.0167809 0.0894091 0.0180430 0.0178396 0.0121887 0.0156153 0.0167592 0.0197067 0.0155087 0.0166993 0.0416752 0.0155368 0.0195840 0.0192640 0.0204609 0.0182953 0.0142908 0.0172829 0.0229087 0.0164969 0.0142908 0.0151866 0.0142908 0.0180015 0.0234387 0.0178499 0.0155571 0.0158976 0.0155571 0.0143239 0.0309797 0.0261795 0.0172613 0.0223902 0.0172510 0.0161724 0.0210384 0.0229140 0.0184873 0.0184873 0.0597495 0.0197538 0.0155087 0.0192681 0.0732398 0.0188796 0.0118445 0.0181529 0.0227972 0.0220499 0.0155087 0.0106700 0.0210291 0.0184873 0.0227282 0.0229659 0.0231261 0.0142852 0.0186081 0.0186709 0.0177897 0.0155214 0.0207118 0.0155214 0.0212780 0.0165622 0.0198939 0.0155214 0.0872303 0.0146507 0.0151997 0.0142967 0.0198446 
Btau_CASQ1         0.0745221 0.0865217 0.0701132 0.0775715 0.0674694 0.0715542 0.0743214 0.0645267 0.0497258 0.0603673 0.0000000 0.0846006 0.0751594 0.0281703 0.0769967 0.0744213 0.0776011 0.0744213 0.0824009 0.0749816 0.0693133 0.1396262 0.0578664 0.0731559 0.0797415 0.0747688 0.0756091 0.0861007 0.0726677 0.0740056 0.0848733 0.0777927 0.0765149 0.0764990 0.0784631 0.0779769 0.0706306 0.0838920 0.0859793 0.0760320 0.0680057 0.0733100 0.0706306 0.0645829 0.0764883 0.0746344 0.0704179 0.0753471 0.0707563 0.0683983 0.0946449 0.0842237 0.0737817 0.0857437 0.0749816 0.0711104 0.0727939 0.0765754 0.0715155 0.0712035 0.0318761 0.0795538 0.0759703 0.0749662 0.0396205 0.0853974 0.0672447 0.0781866 0.0851763 0.0912565 0.0757293 0.0689939 0.0842123 0.0737480 0.0949893 0.0877712 0.0982148 0.0719036 0.0801820 0.0778778 0.1047771 0.0746323 0.0821315 0.0731974 0.0919279 0.0778384 0.0809720 0.0731974 0.1132308 0.0722953 0.0753379 0.0692532 0.0807723 
Ccom40_CASQ2       0.0211883 0.0225321 0.0192363 0.0227451 0.0226726 0.0275963 0.0275963 0.0164777 0.0069143 0.0078830 0.0846006 0.0000000 0.0032959 0.0601929 0.0237688 0.0044151 0.0044151 0.0044151 0.0049608 0.0215150 0.0212120 0.0841643 0.0119759 0.0196504 0.0207519 0.0058897 0.0073839 0.0083088 0.0073916 0.0167598 0.0680997 0.0192686 0.0246716 0.0230697 0.0138959 0.0086538 0.0014645 0.0057772 0.0066274 0.0058949 0.0014645 0.0014645 0.0029340 0.0167198 0.0224769 0.0165691 0.0196651 0.0197979 0.0150275 0.0165691 0.0260553 0.0204470 0.0181399 0.0261052 0.0215150 0.0181180 0.0220699 0.0204077 0.0196129 0.0175974 0.0676257 0.0059047 0.0074128 0.0118942 0.0792076 0.0478647 0.0188408 0.0088888 0.0105706 0.0221588 0.0073916 0.0188408 0.0212700 0.0180613 0.0221588 0.0116971 0.0118634 0.0044112 0.0067065 0.0074624 0.0096252 0.0074003 0.0104973 0.0058949 0.0099004 0.0074003 0.0066237 0.0058949 0.1394038 0.0058949 0.0181392 0.0058949 0.0204739 
Chea7320_CASQ2     0.0225595 0.0198760 0.0182840 0.0210279 0.0177622 0.0211328 0.0222328 0.0144606 0.0107717 0.0184162 0.0751594 0.0032959 0.0000000 0.0595973 0.0221234 0.0040272 0.0042272 0.0040272 0.0050448 0.0190153 0.0189210 0.1465548 0.0142854 0.0187527 0.0189523 0.0060587 0.0070895 0.0074489 0.0070935 0.0176433 0.0623004 0.0157086 0.0296219 0.0273337 0.0110042 0.0082095 0.0009997 0.0023141 0.0052960 0.0052941 0.0009997 0.0010487 0.0020037 0.0145725 0.0209502 0.0186263 0.0198864 0.0182580 0.0166439 0.0166439 0.0244117 0.0209308 0.0192196 0.0230224 0.0190153 0.0186539 0.0231754 0.0187994 0.0177036 0.0162477 0.0647695 0.0050488 0.0060813 0.0081220 0.0755824 0.0349510 0.0182214 0.0074517 0.0103695 0.0169881 0.0070935 0.0161229 0.0186579 0.0166261 0.0197625 0.0085413 0.0079389 0.0040248 0.0050816 0.0064165 0.0095044 0.0060743 0.0097756 0.0050430 0.0071087 0.0063780 0.0060645 0.0050430 0.1219557 0.0040272 0.0199468 0.0040272 0.0186892 
Chir_CASQ1         0.0663856 0.0667128 0.0592340 0.0656658 0.0611361 0.0650779 0.0674511 0.0607185 0.0491809 0.0597495 0.0281703 0.0601929 0.0595973 0.0000000 0.0644180 0.0608740 0.0632106 0.0608740 0.0664503 0.0657960 0.0583496 0.1355061 0.0572767 0.0615234 0.0715444 0.0635107 0.0643720 0.0719713 0.0624336 0.0623992 0.0724172 0.0644783 0.0676819 0.0672748 0.0688163 0.0665068 0.0572697 0.0638797 0.0690059 0.0642151 0.0558160 0.0591828 0.0572697 0.0549137 0.0646304 0.0630938 0.0618658 0.0600126 0.0598727 0.0598727 0.0667287 0.0676933 0.0625527 0.0677545 0.0657960 0.0566075 0.0579564 0.0638484 0.0634896 0.0655300 0.0024839 0.0680205 0.0646514 0.0646518 0.0325922 0.0802725 0.0594910 0.0665507 0.0836137 0.0689281 0.0644627 0.0604415 0.0694186 0.0613211 0.0705952 0.0735470 0.0745193 0.0608021 0.0669552 0.0655541 0.0732944 0.0633787 0.0699679 0.0620333 0.0725710 0.0658733 0.0677928 0.0620333 0.1033275 0.0609493 0.0636717 0.0591324 0.0701001 
Cmar59905_CASQ2    0.0201839 0.0228250 0.0206814 0.0185870 0.0162816 0.0174968 0.0174968 0.0163015 0.0089491 0.0148447 0.0769967 0.0237688 0.0221234 0.0644180 0.0000000 0.0221064 0.0221064 0.0221064 0.0232636 0.0308515 0.0220460 0.1662651 0.0166386 0.0208974 0.0142569 0.0220804 0.0232566 0.0232788 0.0232788 0.0198937 0.0696686 0.0245795 0.0306955 0.0282900 0.0256593 0.0246011 0.0209709 0.0232001 0.0232636 0.0209538 0.0209709 0.0209709 0.0221234 0.0244689 0.0221830 0.0208636 0.0231630 0.0280231 0.0185903 0.0197283 0.0299748 0.0254961 0.0220308 0.0256972 0.0308515 0.0235466 0.0244494 0.0243112 0.0268245 0.0232216 0.0675900 0.0209822 0.0211594 0.0244301 0.0822077 0.0451435 0.0190392 0.0232857 0.0212572 0.0274124 0.0232788 0.0179416 0.0304902 0.0256480 0.0286779 0.0244703 0.0263797 0.0197980 0.0211210 0.0222808 0.0276112 0.0211306 0.0246443 0.0209538 0.0236730 0.0211306 0.0221064 0.0209538 0.1252972 0.0198138 0.0222116 0.0198138 0.0186530 
Dcap108471_CASQ2   0.0197651 0.0198536 0.0158004 0.0193879 0.0184525 0.0214308 0.0224650 0.0155311 0.0073363 0.0167577 0.0744213 0.0044151 0.0040272 0.0608740 0.0221064 0.0000000 0.0000010 0.0000010 0.0009988 0.0186355 0.0175663 0.1391672 0.0144861 0.0174048 0.0189366 0.0035685 0.0044490 0.0052940 0.0044517 0.0154355 0.0595081 0.0156942 0.0280073 0.0259482 0.0076852 0.0035927 0.0026619 0.0058325 0.0010478 0.0009229 0.0026619 0.0027843 0.0035560 0.0137588 0.0195589 0.0163072 0.0174668 0.0170006 0.0146289 0.0146289 0.0224323 0.0209139 0.0168807 0.0229999 0.0186355 0.0151233 0.0184991 0.0187848 0.0174808 0.0142094 0.0654201 0.0064130 0.0044594 0.0044470 0.0725732 0.0311376 0.0169302 0.0047229 0.0157307 0.0195330 0.0044517 0.0150855 0.0183540 0.0165289 0.0227463 0.0042256 0.0039289 0.0017696 0.0030344 0.0019135 0.0037472 0.0017708 0.0056780 0.0008825 0.0023415 0.0018574 0.0020013 0.0008825 0.1180121 0.0018006 0.0174396 0.0017684 0.0186739 
Dcap79929_CASQ2    0.0207886 0.0198536 0.0158519 0.0194465 0.0193924 0.0225334 0.0225334 0.0163151 0.0073363 0.0178843 0.0776011 0.0044151 0.0042272 0.0632106 0.0221064 0.0000010 0.0000000 0.0000010 0.0010478 0.0195962 0.0184641 0.1455517 0.0153884 0.0174572 0.0189366 0.0037242 0.0046683 0.0052940 0.0046713 0.0154819 0.0617752 0.0156942 0.0281474 0.0260290 0.0077081 0.0037473 0.0027923 0.0058325 0.0010478 0.0009256 0.0027923 0.0027923 0.0037303 0.0134546 0.0195589 0.0163566 0.0183538 0.0181110 0.0143788 0.0153683 0.0224323 0.0209139 0.0173669 0.0229999 0.0195962 0.0159699 0.0185658 0.0197506 0.0173547 0.0139178 0.0680231 0.0067370 0.0046787 0.0046662 0.0742463 0.0312455 0.0178063 0.0047229 0.0157307 0.0195330 0.0046713 0.0158684 0.0184099 0.0163577 0.0227463 0.0042256 0.0039289 0.0018560 0.0031851 0.0019135 0.0037472 0.0018574 0.0056947 0.0009256 0.0023415 0.0018574 0.0020994 0.0009256 0.1241750 0.0018801 0.0174922 0.0018548 0.0186739 
DdelSJR_CASQ2      0.0197651 0.0198536 0.0158004 0.0193879 0.0184525 0.0214308 0.0224650 0.0155311 0.0073363 0.0167577 0.0744213 0.0044151 0.0040272 0.0608740 0.0221064 0.0000010 0.0000010 0.0000000 0.0009988 0.0186355 0.0175663 0.1391672 0.0144861 0.0174048 0.0189366 0.0035685 0.0044490 0.0052940 0.0044517 0.0154355 0.0595081 0.0156942 0.0280073 0.0259482 0.0076852 0.0035927 0.0026619 0.0058325 0.0010478 0.0009229 0.0026619 0.0027843 0.0035560 0.0137588 0.0195589 0.0163072 0.0174668 0.0170006 0.0146289 0.0146289 0.0224323 0.0209139 0.0168807 0.0229999 0.0186355 0.0151233 0.0184991 0.0187848 0.0174808 0.0142094 0.0654201 0.0064130 0.0044594 0.0044470 0.0725732 0.0311376 0.0169302 0.0047229 0.0157307 0.0195330 0.0044517 0.0150855 0.0183540 0.0165289 0.0227463 0.0042256 0.0039289 0.0017696 0.0030344 0.0019135 0.0037472 0.0017708 0.0056780 0.0008825 0.0023415 0.0018574 0.0020013 0.0008825 0.1180121 0.0018006 0.0174396 0.0017684 0.0186739 
Ddeltrop4525_CASQ2 0.0236601 0.0214481 0.0195255 0.0221663 0.0210090 0.0244339 0.0257116 0.0176536 0.0089418 0.0213787 0.0824009 0.0049608 0.0050448 0.0664503 0.0232636 0.0009988 0.0010478 0.0009988 0.0000000 0.0223537 0.0200000 0.1526362 0.0169775 0.0198847 0.0200957 0.0050359 0.0060602 0.0063673 0.0060645 0.0164953 0.0636253 0.0169444 0.0331686 0.0310002 0.0098812 0.0050903 0.0040272 0.0070163 0.0021001 0.0020994 0.0040272 0.0042272 0.0050448 0.0134962 0.0182136 0.0174828 0.0187912 0.0182463 0.0155619 0.0155619 0.0224323 0.0197753 0.0181037 0.0215961 0.0223537 0.0174373 0.0217402 0.0177088 0.0209825 0.0173563 0.0717092 0.0040284 0.0050544 0.0050357 0.0799636 0.0377435 0.0193140 0.0063697 0.0184552 0.0208061 0.0060645 0.0172157 0.0221218 0.0198896 0.0242381 0.0052939 0.0052530 0.0030107 0.0040546 0.0031808 0.0037472 0.0030131 0.0064626 0.0020013 0.0035211 0.0031624 0.0009988 0.0020013 0.1271607 0.0030084 0.0187870 0.0030084 0.0198173 
Dleu_CASQ2         0.0231071 0.0301726 0.0249385 0.0248168 0.0230234 0.0261524 0.0274605 0.0202721 0.0088474 0.0172510 0.0749816 0.0215150 0.0190153 0.0657960 0.0308515 0.0186355 0.0195962 0.0186355 0.0223537 0.0000000 0.0247129 0.1413719 0.0157197 0.0248827 0.0270039 0.0187173 0.0196007 0.0235419 0.0181571 0.0238348 0.0646913 0.0255171 0.0323887 0.0304431 0.0209792 0.0208341 0.0157357 0.0195517 0.0235262 0.0185221 0.0145749 0.0164916 0.0166938 0.0200577 0.0311403 0.0246853 0.0255172 0.0287612 0.0225566 0.0225566 0.0351417 0.0331402 0.0250814 0.0337561 0.0000010 0.0238507 0.0286553 0.0280035 0.0181013 0.0172272 0.0678809 0.0220161 0.0196542 0.0199579 0.0804958 0.0339250 0.0231069 0.0208711 0.0186069 0.0210367 0.0196158 0.0231371 0.0205399 0.0172084 0.0230105 0.0247500 0.0252580 0.0167007 0.0202898 0.0202504 0.0262095 0.0177950 0.0240152 0.0176691 0.0226644 0.0187175 0.0212420 0.0176691 0.1146471 0.0170322 0.0247034 0.0154751 0.0283874 
EausAUS_CASQ2      0.0217995 0.0150146 0.0125381 0.0224116 0.0213238 0.0243449 0.0255259 0.0194285 0.0028996 0.0167809 0.0693133 0.0212120 0.0189210 0.0583496 0.0220460 0.0175663 0.0184641 0.0175663 0.0200000 0.0247129 0.0000000 0.1352687 0.0010802 0.0009273 0.0212405 0.0176429 0.0185218 0.0210504 0.0185358 0.0164550 0.0617299 0.0170157 0.0277587 0.0257109 0.0208035 0.0197294 0.0166214 0.0207463 0.0187441 0.0174048 0.0166214 0.0174170 0.0175785 0.0185584 0.0208848 0.0173242 0.0184436 0.0169665 0.0155930 0.0155930 0.0241637 0.0232418 0.0178757 0.0229467 0.0247129 0.0172295 0.0208623 0.0188103 0.0204575 0.0172694 0.0628447 0.0208948 0.0185715 0.0204671 0.0710920 0.0361810 0.0158763 0.0186885 0.0130599 0.0222292 0.0185358 0.0149580 0.0235355 0.0194903 0.0226831 0.0199271 0.0207075 0.0156517 0.0179530 0.0180337 0.0256650 0.0175945 0.0216305 0.0166098 0.0223111 0.0184954 0.0189062 0.0166098 0.1103522 0.0149913 0.0184692 0.0156616 0.0187009 
Ecab_CASQ1         0.1256056 0.1833413 0.1439320 0.1402186 0.1332831 0.1421998 0.1482068 0.1231394 0.1760964 0.0894091 0.1396262 0.0841643 0.1465548 0.1355061 0.1662651 0.1391672 0.1455517 0.1391672 0.1526362 0.1413719 0.1352687 0.0000000 0.1485226 0.1423207 0.1536894 0.1396246 0.1403278 0.1539168 0.1258489 0.1482495 0.1622937 0.1597044 0.1481720 0.1462443 0.1494902 0.1477579 0.1340981 0.1578243 0.1597227 0.1465132 0.1236387 0.1395184 0.1326257 0.1266110 0.1854562 0.1451157 0.1424032 0.0968254 0.1408805 0.1393585 0.2250682 0.1611359 0.1418421 0.1889319 0.1413719 0.1468781 0.1619976 0.1553688 0.1289805 0.1400889 0.1411410 0.1423041 0.1372863 0.1354268 0.1474931 0.1742075 0.1301581 0.1530130 0.0894089 0.1695978 0.1364220 0.1373149 0.1484799 0.1298891 0.1847791 0.1662228 0.1882634 0.1388063 0.1538852 0.1526173 0.2437093 0.1428772 0.1563718 0.1406526 0.1788797 0.1495602 0.1543847 0.1406526 0.1819267 0.1414348 0.1485392 0.1281476 0.1497575 
Egla13086_CASQ2    0.0160727 0.0104925 0.0118173 0.0165902 0.0167770 0.0203853 0.0215952 0.0144876 0.0043678 0.0180430 0.0578664 0.0119759 0.0142854 0.0572767 0.0166386 0.0144861 0.0153884 0.0144861 0.0169775 0.0157197 0.0010802 0.1485226 0.0000000 0.0011415 0.0154989 0.0145626 0.0156331 0.0166218 0.0144699 0.0167355 0.0461945 0.0141529 0.0219973 0.0205441 0.0177745 0.0158753 0.0121992 0.0124403 0.0152201 0.0141172 0.0121992 0.0129082 0.0121992 0.0167956 0.0209732 0.0178063 0.0168243 0.0139402 0.0156654 0.0145119 0.0261676 0.0239611 0.0172588 0.0218278 0.0157197 0.0164111 0.0209561 0.0183650 0.0145115 0.0145115 0.0572767 0.0172178 0.0133301 0.0168095 0.0667827 0.0159624 0.0121906 0.0143656 0.0157951 0.0142636 0.0144699 0.0110920 0.0165772 0.0145115 0.0132953 0.0181256 0.0166281 0.0121947 0.0144226 0.0147436 0.0184728 0.0133400 0.0179762 0.0133400 0.0158911 0.0141690 0.0156280 0.0133400 0.0859883 0.0113207 0.0167411 0.0122036 0.0196535 
Ejap43864_CASQ2    0.0218329 0.0165591 0.0136019 0.0213948 0.0213336 0.0244959 0.0244959 0.0193522 0.0028996 0.0178396 0.0731559 0.0196504 0.0187527 0.0615234 0.0208974 0.0174048 0.0174572 0.0174048 0.0198847 0.0248827 0.0009273 0.1423207 0.0011415 0.0000000 0.0200772 0.0174398 0.0184032 0.0198971 0.0184182 0.0154564 0.0651253 0.0182701 0.0267550 0.0246724 0.0197785 0.0195386 0.0164169 0.0194771 0.0176012 0.0164049 0.0164169 0.0164169 0.0174170 0.0184421 0.0195278 0.0163294 0.0183227 0.0166341 0.0143557 0.0153431 0.0222236 0.0220861 0.0173375 0.0215380 0.0248827 0.0170350 0.0196576 0.0186379 0.0194014 0.0160363 0.0662711 0.0208858 0.0184555 0.0204375 0.0736595 0.0361810 0.0156358 0.0176689 0.0130599 0.0209408 0.0184182 0.0146749 0.0225097 0.0183946 0.0212048 0.0187769 0.0192722 0.0154036 0.0177360 0.0169965 0.0235992 0.0174338 0.0206059 0.0164049 0.0210180 0.0174861 0.0187373 0.0164049 0.1169121 0.0146702 0.0174622 0.0154137 0.0175613 
Erob133443_CASQ2   0.0100382 0.0199967 0.0184210 0.0086673 0.0097237 0.0086463 0.0086463 0.0075401 0.0110591 0.0121887 0.0797415 0.0207519 0.0189523 0.0715444 0.0142569 0.0189366 0.0189366 0.0189366 0.0200957 0.0270039 0.0212405 0.1536894 0.0154989 0.0200772 0.0000000 0.0189146 0.0200898 0.0201085 0.0201085 0.0178221 0.0659496 0.0210723 0.0311082 0.0274671 0.0213147 0.0214151 0.0177970 0.0193704 0.0200957 0.0177822 0.0177970 0.0177970 0.0189523 0.0248216 0.0211203 0.0188133 0.0211222 0.0227479 0.0165297 0.0176726 0.0286374 0.0234643 0.0199833 0.0232141 0.0270039 0.0225856 0.0262933 0.0222761 0.0236550 0.0211398 0.0742700 0.0178060 0.0179580 0.0212644 0.0863105 0.0443356 0.0193134 0.0201150 0.0157474 0.0277864 0.0201085 0.0182002 0.0308666 0.0259609 0.0291288 0.0201135 0.0220005 0.0166259 0.0179262 0.0190880 0.0234626 0.0179338 0.0214538 0.0177822 0.0201117 0.0179338 0.0189366 0.0177822 0.1359771 0.0166387 0.0201489 0.0166387 0.0188774 
Fatt_CASQ2         0.0198521 0.0198218 0.0158350 0.0194268 0.0185327 0.0215245 0.0225098 0.0155982 0.0088229 0.0156153 0.0747688 0.0058897 0.0060587 0.0635107 0.0220804 0.0035685 0.0037242 0.0035685 0.0050359 0.0187173 0.0176429 0.1396246 0.0145626 0.0174398 0.0189146 0.0000000 0.0008866 0.0010487 0.0008871 0.0154668 0.0597880 0.0156750 0.0280612 0.0260003 0.0057596 0.0036040 0.0044709 0.0070086 0.0052862 0.0027878 0.0044709 0.0046673 0.0053757 0.0147527 0.0209010 0.0163406 0.0175425 0.0156430 0.0146922 0.0146922 0.0223875 0.0231838 0.0169137 0.0229665 0.0187173 0.0151954 0.0185435 0.0187644 0.0175566 0.0142732 0.0680970 0.0064410 0.0044785 0.0044715 0.0729112 0.0312057 0.0170050 0.0028209 0.0130241 0.0195080 0.0008871 0.0151525 0.0183914 0.0166006 0.0227117 0.0063676 0.0052559 0.0017771 0.0030316 0.0038429 0.0075538 0.0035735 0.0076245 0.0026713 0.0047070 0.0037297 0.0040201 0.0026713 0.1185504 0.0036155 0.0174746 0.0035685 0.0186526 
Ggri_CASQ2         0.0207359 0.0214394 0.0168797 0.0203927 0.0194071 0.0223995 0.0234820 0.0164721 0.0088229 0.0167592 0.0756091 0.0073839 0.0070895 0.0643720 0.0232566 0.0044490 0.0046683 0.0044490 0.0060602 0.0196007 0.0185218 0.1403278 0.0156331 0.0184032 0.0200898 0.0008866 0.0000000 0.0021036 0.0017713 0.0164292 0.0606624 0.0169392 0.0290214 0.0269935 0.0067147 0.0045039 0.0053518 0.0082035 0.0063626 0.0037160 0.0053518 0.0055993 0.0062556 0.0165963 0.0209010 0.0172975 0.0184168 0.0170096 0.0155695 0.0155695 0.0243810 0.0243636 0.0178490 0.0244114 0.0196007 0.0161612 0.0196960 0.0198652 0.0184318 0.0151836 0.0689455 0.0073389 0.0053609 0.0053526 0.0737530 0.0323106 0.0178963 0.0037712 0.0157474 0.0207994 0.0017713 0.0160511 0.0193545 0.0174767 0.0242286 0.0074513 0.0065943 0.0026589 0.0040537 0.0048167 0.0094920 0.0044553 0.0085752 0.0035527 0.0059035 0.0046742 0.0050395 0.0035527 0.1192824 0.0045309 0.0184401 0.0044490 0.0198116 
Gmac39091_CASQ2    0.0249223 0.0214671 0.0195388 0.0221807 0.0221095 0.0257291 0.0257291 0.0185676 0.0107589 0.0197067 0.0861007 0.0083088 0.0074489 0.0719713 0.0232788 0.0052940 0.0052940 0.0052940 0.0063673 0.0235419 0.0210504 0.1539168 0.0166218 0.0198971 0.0201085 0.0010487 0.0021036 0.0000000 0.0000010 0.0187856 0.0661066 0.0169555 0.0334773 0.0310232 0.0076651 0.0053331 0.0063704 0.0082104 0.0063673 0.0042256 0.0063704 0.0063704 0.0074489 0.0187184 0.0223150 0.0197628 0.0220585 0.0213858 0.0174932 0.0186291 0.0244210 0.0243873 0.0209271 0.0244403 0.0235419 0.0197350 0.0231813 0.0209082 0.0209103 0.0158913 0.0775822 0.0020986 0.0031612 0.0052961 0.0818498 0.0377772 0.0203423 0.0042308 0.0130241 0.0208207 0.0000010 0.0181352 0.0221360 0.0197647 0.0242587 0.0074569 0.0066003 0.0031612 0.0042595 0.0053350 0.0095050 0.0053028 0.0086701 0.0042256 0.0059083 0.0053028 0.0052940 0.0042256 0.1336960 0.0052940 0.0210991 0.0052940 0.0198296 
Gmel_CASQ2         0.0192034 0.0214671 0.0168939 0.0204091 0.0194218 0.0224173 0.0235018 0.0152808 0.0088229 0.0155087 0.0726677 0.0073916 0.0070935 0.0624336 0.0232788 0.0044517 0.0046713 0.0044517 0.0060645 0.0181571 0.0185358 0.1258489 0.0144699 0.0184182 0.0201085 0.0008871 0.0017713 0.0000010 0.0000000 0.0164418 0.0607450 0.0169555 0.0290472 0.0270179 0.0067192 0.0045067 0.0053551 0.0082104 0.0063673 0.0037183 0.0049737 0.0056029 0.0062595 0.0153883 0.0223150 0.0173108 0.0184306 0.0170275 0.0155807 0.0155807 0.0244210 0.0243873 0.0178625 0.0244403 0.0181571 0.0161743 0.0197149 0.0198826 0.0170901 0.0141959 0.0666542 0.0054760 0.0035529 0.0049744 0.0698752 0.0323450 0.0165734 0.0037736 0.0130241 0.0208207 0.0000010 0.0160630 0.0193700 0.0162067 0.0242587 0.0074569 0.0066003 0.0026605 0.0040565 0.0048198 0.0095050 0.0044580 0.0085810 0.0035548 0.0059083 0.0046772 0.0050430 0.0035548 0.1108461 0.0045337 0.0184549 0.0041358 0.0198296 
Hamp_CASQ2         0.0187593 0.0104290 0.0093471 0.0174472 0.0173533 0.0204551 0.0204551 0.0163103 0.0089675 0.0166993 0.0740056 0.0167598 0.0176433 0.0623992 0.0198937 0.0154355 0.0154819 0.0154355 0.0164953 0.0238348 0.0164550 0.1482495 0.0167355 0.0154564 0.0178221 0.0154668 0.0164292 0.0187856 0.0164418 0.0000000 0.0606684 0.0170487 0.0258031 0.0226924 0.0177706 0.0175448 0.0144514 0.0168063 0.0187740 0.0144417 0.0144514 0.0144514 0.0154469 0.0164064 0.0037532 0.0018396 0.0036937 0.0053361 0.0009225 0.0018503 0.0035189 0.0063210 0.0027667 0.0038666 0.0238348 0.0040884 0.0055502 0.0052516 0.0194124 0.0171321 0.0671318 0.0188629 0.0164744 0.0184487 0.0784786 0.0372433 0.0146424 0.0166825 0.0240677 0.0221701 0.0164418 0.0127232 0.0224622 0.0183560 0.0243143 0.0199590 0.0190688 0.0134470 0.0166222 0.0159919 0.0219453 0.0154610 0.0186008 0.0144417 0.0197744 0.0155075 0.0153605 0.0144417 0.1281908 0.0136881 0.0056347 0.0134557 0.0074794 
Hippo_CASQ2        0.0640023 0.0706831 0.0608870 0.0627748 0.0587021 0.0626242 0.0648712 0.0596675 0.0362314 0.0416752 0.0848733 0.0680997 0.0623004 0.0724172 0.0696686 0.0595081 0.0617752 0.0595081 0.0636253 0.0646913 0.0617299 0.1622937 0.0461945 0.0651253 0.0659496 0.0597880 0.0606624 0.0661066 0.0607450 0.0606684 0.0000000 0.0665532 0.0696864 0.0702690 0.0600678 0.0603575 0.0583635 0.0660523 0.0660285 0.0603180 0.0583635 0.0603525 0.0583635 0.0629970 0.0684045 0.0613881 0.0579060 0.0687484 0.0581966 0.0581966 0.0879560 0.0642873 0.0583478 0.0767902 0.0646913 0.0590544 0.0670425 0.0634286 0.0647527 0.0583154 0.0785729 0.0642431 0.0609193 0.0631459 0.0949268 0.0786323 0.0614726 0.0639275 0.0450684 0.0728659 0.0607450 0.0604345 0.0680794 0.0635528 0.0766820 0.0676642 0.0752327 0.0571102 0.0613945 0.0628725 0.0859064 0.0596581 0.0657172 0.0583309 0.0709504 0.0619422 0.0622623 0.0583309 0.1310191 0.0584393 0.0632151 0.0571755 0.0646051 
Igeo_CASQ2         0.0265244 0.0169900 0.0135343 0.0233635 0.0232791 0.0273141 0.0273141 0.0194102 0.0063340 0.0155368 0.0777927 0.0192686 0.0157086 0.0644783 0.0245795 0.0156942 0.0156942 0.0156942 0.0169444 0.0255171 0.0170157 0.1597044 0.0141529 0.0182701 0.0210723 0.0156750 0.0169392 0.0169555 0.0169555 0.0170487 0.0665532 0.0000000 0.0329971 0.0302999 0.0173403 0.0183447 0.0144634 0.0175577 0.0169444 0.0144501 0.0144634 0.0144634 0.0157086 0.0182592 0.0185738 0.0181370 0.0206585 0.0200693 0.0156458 0.0168920 0.0203886 0.0219417 0.0194138 0.0205915 0.0255171 0.0178360 0.0192531 0.0193948 0.0198581 0.0183147 0.0705921 0.0144707 0.0157493 0.0182034 0.0836482 0.0380056 0.0173702 0.0169617 0.0208765 0.0196219 0.0169555 0.0173702 0.0160320 0.0185771 0.0226593 0.0182357 0.0201477 0.0132068 0.0145782 0.0158307 0.0175207 0.0157266 0.0183709 0.0144501 0.0178107 0.0157266 0.0156942 0.0144501 0.1443291 0.0132174 0.0181159 0.0132174 0.0182047 
Kbre_CASQ2         0.0304169 0.0348926 0.0269871 0.0289830 0.0297422 0.0324078 0.0326276 0.0307537 0.0151285 0.0195840 0.0765149 0.0246716 0.0296219 0.0676819 0.0306955 0.0280073 0.0281474 0.0280073 0.0331686 0.0323887 0.0277587 0.1481720 0.0219973 0.0267550 0.0311082 0.0280612 0.0290214 0.0334773 0.0290472 0.0258031 0.0696864 0.0329971 0.0000000 0.0057227 0.0306837 0.0302442 0.0249404 0.0289145 0.0334517 0.0270029 0.0249404 0.0248778 0.0259502 0.0288371 0.0352103 0.0266415 0.0266485 0.0295605 0.0256472 0.0256472 0.0430316 0.0353879 0.0269918 0.0378619 0.0323887 0.0283904 0.0321726 0.0338283 0.0319454 0.0311798 0.0699358 0.0317136 0.0291108 0.0290011 0.0835302 0.0439383 0.0199877 0.0295817 0.0213686 0.0385443 0.0290472 0.0190552 0.0353484 0.0318502 0.0401285 0.0347549 0.0361766 0.0259626 0.0310603 0.0291113 0.0397732 0.0271869 0.0315396 0.0269887 0.0352128 0.0272931 0.0319926 0.0269887 0.1222421 0.0264324 0.0279099 0.0259820 0.0306303 
Ksim_CASQ2         0.0284158 0.0298618 0.0236186 0.0268724 0.0267188 0.0294149 0.0294149 0.0277564 0.0135878 0.0192640 0.0764990 0.0230697 0.0273337 0.0672748 0.0282900 0.0259482 0.0260290 0.0259482 0.0310002 0.0304431 0.0257109 0.1462443 0.0205441 0.0246724 0.0274671 0.0260003 0.0269935 0.0310232 0.0270179 0.0226924 0.0702690 0.0302999 0.0057227 0.0000000 0.0285330 0.0282397 0.0227931 0.0276143 0.0310002 0.0248993 0.0227931 0.0227931 0.0238326 0.0278649 0.0309064 0.0235447 0.0256098 0.0267106 0.0215021 0.0225250 0.0367732 0.0317582 0.0245955 0.0333880 0.0304431 0.0250203 0.0284069 0.0305242 0.0289300 0.0280157 0.0696281 0.0297376 0.0270773 0.0291391 0.0824062 0.0426855 0.0166981 0.0274267 0.0213686 0.0344396 0.0270179 0.0157331 0.0321316 0.0277992 0.0353756 0.0322870 0.0346730 0.0238441 0.0288025 0.0269164 0.0353031 0.0250879 0.0293833 0.0248993 0.0324333 0.0251663 0.0297829 0.0248993 0.1272718 0.0242889 0.0247752 0.0238621 0.0270491 
Lacu_CASQ2         0.0253697 0.0220754 0.0172261 0.0239478 0.0224152 0.0256061 0.0256061 0.0192917 0.0118518 0.0204609 0.0784631 0.0138959 0.0110042 0.0688163 0.0256593 0.0076852 0.0077081 0.0076852 0.0098812 0.0209792 0.0208035 0.1494902 0.0177745 0.0197785 0.0213147 0.0057596 0.0067147 0.0076651 0.0067192 0.0177706 0.0600678 0.0173403 0.0306837 0.0285330 0.0000000 0.0077363 0.0086633 0.0109270 0.0098812 0.0067140 0.0086633 0.0086633 0.0096409 0.0167206 0.0228131 0.0186448 0.0206783 0.0185970 0.0166303 0.0176380 0.0231871 0.0260333 0.0196755 0.0235514 0.0209792 0.0184998 0.0201208 0.0224932 0.0182801 0.0173237 0.0736845 0.0108876 0.0086797 0.0086652 0.0774514 0.0311050 0.0201657 0.0068166 0.0184598 0.0212954 0.0067192 0.0182070 0.0207424 0.0186463 0.0248689 0.0110169 0.0082276 0.0057444 0.0077203 0.0079606 0.0099726 0.0076970 0.0117851 0.0067140 0.0085801 0.0077200 0.0087677 0.0067140 0.1213561 0.0078173 0.0198191 0.0076852 0.0213995 
Lalb_CASQ2         0.0219911 0.0214268 0.0180954 0.0215477 0.0206243 0.0236720 0.0246717 0.0176360 0.0089219 0.0182953 0.0779769 0.0086538 0.0082095 0.0665068 0.0246011 0.0035927 0.0037473 0.0035927 0.0050903 0.0208341 0.0197294 0.1477579 0.0158753 0.0195386 0.0214151 0.0036040 0.0045039 0.0053331 0.0045067 0.0175448 0.0603575 0.0183447 0.0302442 0.0282397 0.0077363 0.0000000 0.0063316 0.0094741 0.0053228 0.0027969 0.0063316 0.0065874 0.0072495 0.0177707 0.0224758 0.0184141 0.0196160 0.0200071 0.0167221 0.0167221 0.0243640 0.0257198 0.0189447 0.0243991 0.0208341 0.0174436 0.0210681 0.0211949 0.0196324 0.0163732 0.0711620 0.0083721 0.0063427 0.0045020 0.0760758 0.0322985 0.0191093 0.0047543 0.0188084 0.0207895 0.0045067 0.0172404 0.0204966 0.0186615 0.0242158 0.0064117 0.0039272 0.0035951 0.0051348 0.0018981 0.0056355 0.0035977 0.0056326 0.0026894 0.0035184 0.0037528 0.0040635 0.0026894 0.1202495 0.0036505 0.0195781 0.0035927 0.0211159 
Laus_CASQ2         0.0188060 0.0182894 0.0147323 0.0183958 0.0175088 0.0204740 0.0214609 0.0145999 0.0073363 0.0142908 0.0706306 0.0014645 0.0009997 0.0572697 0.0209709 0.0026619 0.0027923 0.0026619 0.0040272 0.0157357 0.0166214 0.1340981 0.0121992 0.0164169 0.0177970 0.0044709 0.0053518 0.0063704 0.0053551 0.0144514 0.0583635 0.0144634 0.0249404 0.0227931 0.0086633 0.0063316 0.0000000 0.0023141 0.0042272 0.0037184 0.0000010 0.0000010 0.0008825 0.0128260 0.0195880 0.0153290 0.0165273 0.0156660 0.0136977 0.0136977 0.0224493 0.0197843 0.0159230 0.0216080 0.0157357 0.0151299 0.0185081 0.0177166 0.0146253 0.0132451 0.0617700 0.0073435 0.0053633 0.0071665 0.0712063 0.0287794 0.0159745 0.0056821 0.0103695 0.0157349 0.0053551 0.0141296 0.0153514 0.0136849 0.0182979 0.0074568 0.0079389 0.0026606 0.0040566 0.0048199 0.0075740 0.0044581 0.0085808 0.0035549 0.0059083 0.0046773 0.0050430 0.0035549 0.1135773 0.0027106 0.0164497 0.0026619 0.0175499 
Lbor_CASQ2         0.0236938 0.0229290 0.0185056 0.0207042 0.0206230 0.0219462 0.0219462 0.0167610 0.0084238 0.0172829 0.0838920 0.0057772 0.0023141 0.0638797 0.0232001 0.0058325 0.0058325 0.0058325 0.0070163 0.0195517 0.0207463 0.1578243 0.0124403 0.0194771 0.0193704 0.0070086 0.0082035 0.0082104 0.0082104 0.0168063 0.0660523 0.0175577 0.0289145 0.0276143 0.0109270 0.0094741 0.0023141 0.0000000 0.0070163 0.0070136 0.0023141 0.0023141 0.0011546 0.0156714 0.0220496 0.0180441 0.0205515 0.0231193 0.0168063 0.0180512 0.0243798 0.0205718 0.0193130 0.0244262 0.0195517 0.0191917 0.0229997 0.0192950 0.0180276 0.0150409 0.0699341 0.0070229 0.0082292 0.0081993 0.0783450 0.0330300 0.0212532 0.0070172 0.0103695 0.0175697 0.0082104 0.0188156 0.0193487 0.0167843 0.0208268 0.0094052 0.0106543 0.0058284 0.0070754 0.0082728 0.0131144 0.0082181 0.0120220 0.0070136 0.0092708 0.0082181 0.0082025 0.0070136 0.1255724 0.0058325 0.0207574 0.0058325 0.0194034 
Lhos30470_CASQ2    0.0249054 0.0214481 0.0195255 0.0221663 0.0220953 0.0257116 0.0257116 0.0185564 0.0107717 0.0229087 0.0859793 0.0066274 0.0052960 0.0690059 0.0232636 0.0010478 0.0010478 0.0010478 0.0021001 0.0235262 0.0187441 0.1597227 0.0152201 0.0176012 0.0200957 0.0052862 0.0063626 0.0063673 0.0063673 0.0187740 0.0660285 0.0169444 0.0334517 0.0310002 0.0098812 0.0053228 0.0042272 0.0070163 0.0000000 0.0020994 0.0042272 0.0042272 0.0052960 0.0164372 0.0209188 0.0197506 0.0220444 0.0213428 0.0174828 0.0186178 0.0243936 0.0220644 0.0209139 0.0244205 0.0235262 0.0197213 0.0231628 0.0208951 0.0208971 0.0170865 0.0745776 0.0042286 0.0053066 0.0052860 0.0817396 0.0377435 0.0203294 0.0063697 0.0157307 0.0208061 0.0063673 0.0181239 0.0221218 0.0197524 0.0242381 0.0052939 0.0052530 0.0031597 0.0042574 0.0031808 0.0056425 0.0031624 0.0064626 0.0020994 0.0035211 0.0031624 0.0031573 0.0020994 0.1338708 0.0031573 0.0210856 0.0031573 0.0198173 
Lhos452_CASQ2      0.0197040 0.0182686 0.0147205 0.0183825 0.0183319 0.0214456 0.0214456 0.0152793 0.0058505 0.0164969 0.0760320 0.0058949 0.0052941 0.0642151 0.0209538 0.0009229 0.0009256 0.0009229 0.0020994 0.0185221 0.0174048 0.1465132 0.0141172 0.0164049 0.0177822 0.0027878 0.0037160 0.0042256 0.0037183 0.0144417 0.0603180 0.0144501 0.0270029 0.0248993 0.0067140 0.0027969 0.0037184 0.0070136 0.0020994 0.0000000 0.0037184 0.0037184 0.0046569 0.0154000 0.0182059 0.0153178 0.0173017 0.0181110 0.0133535 0.0143362 0.0204851 0.0220565 0.0163198 0.0215866 0.0185221 0.0148236 0.0173012 0.0186111 0.0163082 0.0128569 0.0690206 0.0057484 0.0037249 0.0037143 0.0727082 0.0299586 0.0167370 0.0037708 0.0157307 0.0182659 0.0037183 0.0148059 0.0173537 0.0153187 0.0212616 0.0031620 0.0026112 0.0009235 0.0021187 0.0009548 0.0018663 0.0009242 0.0047224 0.0000010 0.0011678 0.0009269 0.0010474 0.0000010 0.1222476 0.0009382 0.0164377 0.0009229 0.0175355 
Lobl_CASQ2         0.0174061 0.0182894 0.0147323 0.0183958 0.0175088 0.0204740 0.0214609 0.0135381 0.0073363 0.0142908 0.0680057 0.0014645 0.0009997 0.0558160 0.0209709 0.0026619 0.0027923 0.0026619 0.0040272 0.0145749 0.0166214 0.1236387 0.0121992 0.0164169 0.0177970 0.0044709 0.0053518 0.0063704 0.0049737 0.0144514 0.0583635 0.0144634 0.0249404 0.0227931 0.0086633 0.0063316 0.0000010 0.0023141 0.0042272 0.0037184 0.0000000 0.0000010 0.0008825 0.0118897 0.0195880 0.0153290 0.0165273 0.0156660 0.0136977 0.0136977 0.0224493 0.0197843 0.0159230 0.0216080 0.0145749 0.0151299 0.0185081 0.0177166 0.0135598 0.0132451 0.0599650 0.0073435 0.0053633 0.0066543 0.0674568 0.0287794 0.0147858 0.0056821 0.0103695 0.0157349 0.0053551 0.0141296 0.0153514 0.0126897 0.0182979 0.0074568 0.0079389 0.0026606 0.0040566 0.0048199 0.0075740 0.0044581 0.0085808 0.0035549 0.0059083 0.0046773 0.0050430 0.0035549 0.1058084 0.0027106 0.0164497 0.0024734 0.0175499 
Lobs_CASQ2         0.0197183 0.0182894 0.0147323 0.0183958 0.0183451 0.0214609 0.0214609 0.0152905 0.0073363 0.0151866 0.0733100 0.0014645 0.0010487 0.0591828 0.0209709 0.0027843 0.0027923 0.0027843 0.0042272 0.0164916 0.0174170 0.1395184 0.0129082 0.0164169 0.0177970 0.0046673 0.0055993 0.0063704 0.0056029 0.0144514 0.0603525 0.0144634 0.0248778 0.0227931 0.0086633 0.0065874 0.0000010 0.0023141 0.0042272 0.0037184 0.0000010 0.0000000 0.0009239 0.0134349 0.0195880 0.0153290 0.0173143 0.0166873 0.0133633 0.0143467 0.0224493 0.0197843 0.0163319 0.0216080 0.0164916 0.0159247 0.0185081 0.0186263 0.0143218 0.0128667 0.0639273 0.0076921 0.0056129 0.0074994 0.0725428 0.0287794 0.0167494 0.0056821 0.0103695 0.0157349 0.0056029 0.0148171 0.0153514 0.0133403 0.0182979 0.0074568 0.0079389 0.0027828 0.0042596 0.0048199 0.0075740 0.0046638 0.0085808 0.0037184 0.0059083 0.0046773 0.0052941 0.0037184 0.1189709 0.0028307 0.0164497 0.0027843 0.0175499 
