93
Bacu_HTT         0.0000000 0.0493207 0.0353901 0.0031844 0.0097580 0.0093544 0.0110219 0.0114517 0.0138972 0.0103865 0.0113179 0.1607738 0.0479239 0.1550454 0.0312704 0.0140667 0.0394045 0.0334803 0.0336409 0.0335780 0.0319721 0.0125131 0.1441465 0.0175630 0.0138084 0.0108840 0.0476774 0.0320906 0.0376144 0.0317415 0.0298450 0.0936064 0.0304506 0.0391541 0.0380697 0.0344529 0.0425689 0.0314143 0.0340814 0.0330042 0.0319996 0.0325063 0.0306666 0.0314576 0.0555436 0.0349338 0.0310127 0.0432365 0.0483443 0.0282833 0.0314522 0.0261969 0.0315716 0.0288783 0.0313711 0.0313303 0.0162357 0.0303383 0.0304807 0.0313035 0.0480254 0.0337446 0.1738112 0.0303769 0.0315390 0.0322425 0.0342831 0.0300023 0.0388912 0.0336944 0.0304280 0.0339497 0.0401236 0.0317647 0.0329725 0.0465624 0.0324231 0.0348399 0.0330567 0.0329671 0.0351969 0.0601679 0.0318735 0.0355162 0.0330457 0.0336940 0.0339702 0.0317291 0.0330027 0.0339169 0.0298484 0.0336514 0.0310305 
Barn_HTT         0.0493207 0.0000000 0.0182722 0.0494639 0.0499606 0.0484274 0.0486014 0.0501273 0.0423991 0.0495818 0.0464101 0.2211014 0.0218491 0.2060760 0.0452304 0.0468240 0.0633035 0.0409967 0.0441143 0.0423199 0.0414095 0.0415448 0.1731555 0.0405978 0.0422367 0.0473317 0.0431540 0.0427471 0.0599670 0.0410112 0.0257054 0.1208025 0.0416903 0.0618061 0.0561717 0.0470552 0.0624130 0.0431736 0.0385127 0.0413385 0.0432306 0.0422858 0.0417154 0.0429833 0.0452646 0.0359437 0.0273718 0.0554153 0.0075105 0.0271683 0.0276086 0.0312836 0.0259521 0.0274186 0.0258505 0.0414134 0.0597882 0.0269373 0.0270828 0.0254016 0.0434849 0.0439410 0.2208005 0.0424240 0.0412683 0.0425107 0.0491999 0.0440141 0.0441024 0.0447338 0.0436057 0.0497562 0.0342527 0.0429573 0.0431751 0.0255849 0.0423830 0.0434843 0.0414449 0.0427327 0.0431445 0.0221697 0.0415176 0.0436126 0.0410959 0.0422144 0.0422788 0.0426343 0.0443197 0.0445033 0.0280487 0.0424818 0.0274170 
Bbai76728_HTT    0.0353901 0.0182722 0.0000000 0.0339790 0.0269875 0.0277151 0.0277448 0.0370091 0.0295061 0.0348328 0.0275756 0.1798882 0.0431227 0.1726928 0.0263257 0.0273252 0.0354932 0.0314252 0.0274238 0.0266645 0.0298970 0.0263643 0.1575773 0.0251053 0.0252321 0.0278547 0.0453834 0.0272909 0.0330911 0.0295065 0.0077373 0.1020574 0.0260844 0.0356435 0.0346940 0.0290230 0.0385766 0.0264220 0.0264483 0.0316882 0.0257367 0.0317434 0.0246193 0.0260420 0.0373125 0.0133564 0.0084924 0.0222010 0.0206712 0.0090294 0.0086276 0.0081634 0.0097891 0.0089410 0.0084865 0.0298983 0.0430039 0.0098935 0.0091573 0.0090790 0.0326516 0.0323480 0.1943355 0.0252291 0.0293563 0.0316982 0.0278897 0.0249347 0.0305642 0.0281203 0.0254272 0.0352314 0.0350794 0.0259767 0.0330582 0.0406679 0.0258367 0.0264838 0.0320987 0.0260351 0.0299179 0.0567818 0.0310253 0.0280684 0.0252651 0.0263827 0.0267673 0.0268502 0.0277873 0.0325259 0.0103613 0.0322016 0.0092319 
BbonAUS_HTT      0.0031844 0.0494639 0.0339790 0.0000000 0.0090833 0.0086957 0.0089296 0.0108504 0.0122326 0.0102583 0.0100709 0.1674153 0.0436946 0.1601862 0.0279589 0.0134524 0.0375101 0.0298286 0.0312525 0.0305946 0.0292820 0.0108078 0.1445577 0.0154751 0.0117120 0.0105325 0.0470157 0.0294207 0.0348481 0.0288135 0.0275321 0.0933487 0.0278103 0.0378340 0.0379573 0.0303287 0.0408885 0.0282439 0.0293936 0.0290681 0.0274852 0.0300686 0.0268347 0.0281482 0.0351245 0.0341623 0.0294796 0.0426206 0.0478405 0.0283100 0.0299642 0.0251977 0.0310280 0.0293326 0.0300757 0.0286428 0.0165806 0.0296865 0.0296079 0.0298979 0.0301173 0.0307166 0.1797574 0.0276541 0.0276923 0.0297366 0.0317534 0.0262033 0.0310478 0.0296491 0.0267893 0.0341894 0.0403207 0.0265146 0.0302039 0.0447443 0.0281939 0.0310616 0.0295997 0.0300653 0.0325900 0.0580057 0.0290743 0.0318563 0.0292781 0.0295151 0.0304504 0.0287336 0.0305147 0.0310542 0.0282937 0.0308028 0.0297791 
Bbor_HTT         0.0097580 0.0499606 0.0269875 0.0090833 0.0000000 0.0023595 0.0026140 0.0070421 0.0105055 0.0084282 0.0102405 0.1535679 0.0446318 0.1523604 0.0256112 0.0119126 0.0257929 0.0267749 0.0271386 0.0272030 0.0237981 0.0090849 0.1353646 0.0099398 0.0115364 0.0093890 0.0439171 0.0254876 0.0236125 0.0228006 0.0257393 0.0890707 0.0264942 0.0333075 0.0324900 0.0279743 0.0258975 0.0241447 0.0259746 0.0242113 0.0253182 0.0246012 0.0254521 0.0244559 0.0445456 0.0318469 0.0270297 0.0266548 0.0382729 0.0245782 0.0259085 0.0233408 0.0277075 0.0256057 0.0272162 0.0233061 0.0158697 0.0263620 0.0267076 0.0263512 0.0382506 0.0260280 0.1687989 0.0241689 0.0245284 0.0244352 0.0267054 0.0244229 0.0300329 0.0266182 0.0246561 0.0269021 0.0321200 0.0252363 0.0251076 0.0448556 0.0257644 0.0266877 0.0255029 0.0242823 0.0287412 0.0566942 0.0246411 0.0280859 0.0259319 0.0257169 0.0257992 0.0243118 0.0256310 0.0261659 0.0258565 0.0254474 0.0268698 
Bede66737_HTT    0.0093544 0.0484274 0.0277151 0.0086957 0.0023595 0.0000000 0.0019315 0.0070410 0.0108386 0.0084435 0.0097622 0.1561821 0.0433335 0.1511504 0.0249956 0.0113809 0.0248321 0.0279277 0.0284816 0.0282002 0.0251606 0.0084014 0.1346951 0.0098862 0.0112614 0.0090686 0.0418616 0.0261395 0.0229033 0.0241857 0.0247818 0.0874199 0.0256149 0.0326617 0.0332895 0.0282246 0.0269981 0.0256928 0.0256343 0.0257338 0.0258364 0.0260931 0.0243959 0.0239974 0.0484019 0.0330753 0.0275689 0.0258401 0.0399966 0.0254335 0.0273588 0.0222809 0.0290992 0.0264226 0.0278044 0.0245287 0.0156928 0.0275093 0.0278107 0.0285359 0.0394036 0.0272562 0.1697079 0.0250436 0.0257633 0.0259230 0.0284140 0.0235368 0.0296482 0.0274158 0.0236052 0.0281500 0.0360073 0.0246717 0.0262701 0.0444712 0.0250251 0.0281136 0.0261911 0.0256155 0.0300104 0.0588799 0.0263340 0.0293679 0.0269338 0.0264671 0.0271825 0.0256308 0.0269471 0.0272823 0.0257733 0.0267460 0.0275422 
BedeAUS_HTT      0.0110219 0.0486014 0.0277448 0.0089296 0.0026140 0.0019315 0.0000000 0.0080157 0.0121893 0.0098874 0.0098783 0.1521314 0.0424953 0.1541328 0.0268762 0.0105692 0.0264959 0.0279328 0.0299016 0.0283471 0.0267021 0.0090073 0.1347225 0.0105362 0.0119475 0.0087900 0.0454242 0.0275632 0.0233348 0.0265163 0.0261542 0.0888808 0.0260671 0.0340126 0.0329511 0.0275585 0.0289567 0.0255721 0.0262720 0.0266821 0.0248422 0.0281743 0.0260899 0.0264246 0.0545414 0.0323521 0.0280974 0.0259902 0.0403859 0.0261973 0.0274813 0.0219124 0.0296197 0.0268259 0.0282485 0.0260440 0.0173065 0.0275189 0.0271148 0.0281347 0.0447875 0.0290681 0.1631259 0.0262702 0.0254910 0.0276472 0.0290229 0.0240955 0.0305282 0.0272392 0.0256659 0.0311505 0.0368722 0.0259570 0.0278579 0.0436433 0.0251922 0.0285668 0.0283261 0.0263645 0.0301848 0.0595894 0.0269077 0.0294733 0.0274327 0.0290990 0.0267678 0.0258384 0.0287983 0.0270191 0.0275337 0.0286915 0.0265087 
Bmus_HTT         0.0114517 0.0501273 0.0370091 0.0108504 0.0070421 0.0070410 0.0080157 0.0000000 0.0134165 0.0092482 0.0092528 0.1585728 0.0490982 0.1545879 0.0315816 0.0137543 0.0387748 0.0328367 0.0342695 0.0335614 0.0313221 0.0123611 0.1432429 0.0175478 0.0140797 0.0094932 0.0471463 0.0320610 0.0374355 0.0305940 0.0301382 0.0923218 0.0300491 0.0392854 0.0383673 0.0345526 0.0422087 0.0320148 0.0335371 0.0325366 0.0315075 0.0316043 0.0303484 0.0319324 0.0548297 0.0346650 0.0311400 0.0439808 0.0492924 0.0292352 0.0312226 0.0263689 0.0320668 0.0295106 0.0309465 0.0309320 0.0153660 0.0302929 0.0314151 0.0315611 0.0483618 0.0337294 0.1706576 0.0306690 0.0321081 0.0318602 0.0328187 0.0296876 0.0397315 0.0329289 0.0300952 0.0329177 0.0403443 0.0317312 0.0328216 0.0471266 0.0319465 0.0338816 0.0325817 0.0332654 0.0353195 0.0618720 0.0318464 0.0356556 0.0330022 0.0335290 0.0331752 0.0318348 0.0329853 0.0334024 0.0301426 0.0329960 0.0320661 
Bmys_HTT         0.0138972 0.0423991 0.0295061 0.0122326 0.0105055 0.0108386 0.0121893 0.0134165 0.0000000 0.0103684 0.0125781 0.1603613 0.0405389 0.1541210 0.0254077 0.0121888 0.0323288 0.0270105 0.0264503 0.0267669 0.0255204 0.0033240 0.1364705 0.0071447 0.0042329 0.0093039 0.0421488 0.0260776 0.0325989 0.0250233 0.0242348 0.0879670 0.0227355 0.0325537 0.0318766 0.0294343 0.0366750 0.0254505 0.0261733 0.0258086 0.0252426 0.0262873 0.0250681 0.0243907 0.0386428 0.0237678 0.0241426 0.0364861 0.0402127 0.0226338 0.0261689 0.0189188 0.0256399 0.0232380 0.0248472 0.0250100 0.0164454 0.0245250 0.0247162 0.0265900 0.0349989 0.0268027 0.1732232 0.0243287 0.0256923 0.0261511 0.0274515 0.0244736 0.0301445 0.0278746 0.0250968 0.0276255 0.0317600 0.0257808 0.0268909 0.0387357 0.0262028 0.0269990 0.0263848 0.0269421 0.0284445 0.0502142 0.0252531 0.0290421 0.0258670 0.0269268 0.0268598 0.0252837 0.0261628 0.0260111 0.0242629 0.0265162 0.0256412 
Bphy_HTT         0.0103865 0.0495818 0.0348328 0.0102583 0.0084282 0.0084435 0.0098874 0.0092482 0.0103684 0.0000000 0.0008992 0.1539038 0.0437996 0.1449928 0.0255959 0.0124514 0.0249397 0.0276259 0.0276151 0.0283433 0.0273588 0.0099431 0.1461911 0.0154268 0.0110808 0.0081402 0.0444306 0.0276491 0.0243187 0.0262561 0.0268196 0.0917405 0.0271118 0.0342237 0.0333694 0.0292903 0.0287695 0.0272595 0.0281089 0.0274274 0.0263080 0.0276733 0.0253516 0.0260265 0.0333989 0.0332201 0.0278490 0.0274294 0.0478908 0.0259195 0.0289881 0.0218108 0.0278335 0.0270635 0.0295077 0.0270533 0.0115033 0.0274111 0.0291727 0.0299383 0.0291255 0.0293940 0.1633126 0.0256346 0.0269939 0.0270997 0.0305311 0.0242966 0.0331970 0.0293926 0.0250093 0.0305744 0.0381045 0.0270293 0.0290792 0.0418332 0.0264439 0.0289934 0.0273011 0.0282038 0.0302668 0.0563601 0.0265070 0.0305830 0.0268722 0.0277659 0.0276720 0.0267233 0.0272240 0.0281029 0.0276731 0.0286473 0.0293134 
Bphy_baits_HTT   0.0113179 0.0464101 0.0275756 0.0100709 0.0102405 0.0097622 0.0098783 0.0092528 0.0125781 0.0008992 0.0000000 0.1510643 0.0407415 0.1507677 0.0253556 0.0128799 0.0343502 0.0256909 0.0266672 0.0262534 0.0247879 0.0103632 0.1425268 0.0119675 0.0124308 0.0091469 0.0444747 0.0257151 0.0327176 0.0241733 0.0263906 0.0920057 0.0288624 0.0369787 0.0337765 0.0278669 0.0371045 0.0235699 0.0265549 0.0247408 0.0245282 0.0252756 0.0248401 0.0253735 0.0476349 0.0324068 0.0274517 0.0429461 0.0399836 0.0258526 0.0270633 0.0219223 0.0274203 0.0257632 0.0287719 0.0244589 0.0108220 0.0275710 0.0274201 0.0265457 0.0389804 0.0260964 0.1654225 0.0239716 0.0240878 0.0249489 0.0287498 0.0240447 0.0306165 0.0273444 0.0247512 0.0317130 0.0356002 0.0264043 0.0259252 0.0422293 0.0259998 0.0257845 0.0257548 0.0252794 0.0281191 0.0540004 0.0251204 0.0285118 0.0247049 0.0264161 0.0257999 0.0235691 0.0263340 0.0252836 0.0259945 0.0271926 0.0270698 
Btau_HTT         0.1607738 0.2211014 0.1798882 0.1674153 0.1535679 0.1561821 0.1521314 0.1585728 0.1603613 0.1539038 0.1510643 0.0000000 0.2122318 0.0683965 0.1665514 0.1579261 0.1788879 0.1742360 0.1734919 0.1733808 0.1645958 0.1644909 0.2604095 0.1682649 0.1628117 0.1699088 0.1975037 0.1637610 0.1755829 0.1619343 0.1676974 0.1766012 0.1667394 0.1775355 0.1764657 0.1740736 0.1787578 0.1662627 0.1697024 0.1675276 0.1645794 0.1626990 0.1646901 0.1671637 0.2103162 0.1821791 0.1654831 0.2004621 0.2214566 0.1691216 0.1621392 0.1805842 0.1701015 0.1770548 0.1761150 0.1642271 0.1719738 0.1661983 0.1725014 0.1723016 0.1978260 0.1683909 0.0549427 0.1679724 0.1685272 0.1647731 0.1738911 0.1620546 0.1772177 0.1700450 0.1624918 0.1631642 0.1792120 0.1644954 0.1637986 0.1960185 0.1663792 0.1777906 0.1685040 0.1656687 0.1701112 0.2461052 0.1676913 0.1744181 0.1693208 0.1677152 0.1679456 0.1686264 0.1644165 0.1693359 0.1719118 0.1627326 0.1831813 
Ccom40_HTT       0.0479239 0.0218491 0.0431227 0.0436946 0.0446318 0.0433335 0.0424953 0.0490982 0.0405389 0.0437996 0.0407415 0.2122318 0.0000000 0.2020204 0.0146917 0.0419035 0.0325934 0.0199103 0.0206149 0.0198887 0.0229070 0.0403448 0.1754492 0.0397393 0.0413958 0.0430486 0.0435113 0.0183498 0.0279812 0.0171176 0.0430332 0.1164197 0.0318045 0.0557590 0.0497867 0.0223328 0.0343250 0.0135103 0.0110308 0.0167952 0.0190284 0.0135484 0.0143477 0.0144518 0.0375286 0.0487937 0.0443455 0.0653144 0.0257498 0.0402887 0.0458453 0.0475630 0.0432654 0.0434456 0.0435521 0.0228631 0.0553090 0.0432641 0.0448224 0.0415822 0.0253053 0.0255120 0.2304139 0.0176714 0.0172167 0.0176641 0.0398387 0.0192006 0.0235974 0.0259576 0.0193903 0.0449423 0.0332719 0.0254519 0.0253593 0.0109309 0.0194407 0.0201704 0.0181214 0.0188173 0.0228418 0.0067208 0.0193662 0.0199016 0.0177378 0.0177915 0.0198947 0.0188483 0.0202298 0.0184361 0.0418838 0.0182043 0.0415161 
Cela_HTT         0.1550454 0.2060760 0.1726928 0.1601862 0.1523604 0.1511504 0.1541328 0.1545879 0.1541210 0.1449928 0.1507677 0.0683965 0.2020204 0.0000000 0.1563858 0.1563932 0.1705036 0.1695983 0.1617612 0.1667346 0.1582881 0.1574017 0.2544248 0.1663772 0.1544339 0.1600286 0.1929352 0.1599663 0.1716884 0.1563037 0.1613495 0.1602693 0.1639840 0.1674101 0.1666562 0.1664766 0.1737062 0.1573737 0.1634059 0.1642327 0.1626879 0.1563544 0.1589024 0.1568870 0.2042813 0.1803192 0.1629520 0.1913490 0.2077695 0.1631240 0.1621273 0.1709745 0.1666814 0.1724855 0.1670610 0.1575987 0.1636127 0.1619104 0.1667977 0.1680888 0.1854244 0.1567164 0.0747512 0.1593530 0.1612107 0.1581661 0.1668271 0.1588189 0.1758566 0.1640491 0.1580002 0.1556079 0.1712269 0.1627315 0.1574797 0.1846475 0.1644882 0.1700921 0.1652914 0.1577090 0.1677886 0.2293137 0.1611560 0.1689690 0.1642370 0.1650811 0.1656845 0.1612025 0.1576244 0.1680112 0.1693418 0.1574142 0.1739722 
Chea7320_HTT     0.0312704 0.0452304 0.0263257 0.0279589 0.0256112 0.0249956 0.0268762 0.0315816 0.0254077 0.0255959 0.0253556 0.1665514 0.0146917 0.1563858 0.0000000 0.0243539 0.0066354 0.0069596 0.0072503 0.0075949 0.0103281 0.0240407 0.1412902 0.0248636 0.0254142 0.0254837 0.0210485 0.0059735 0.0044692 0.0042430 0.0259548 0.0929006 0.0173458 0.0356939 0.0330936 0.0107761 0.0083037 0.0008783 0.0021320 0.0051046 0.0067828 0.0019064 0.0023434 0.0017830 0.0281498 0.0311018 0.0278743 0.0293367 0.0401991 0.0245156 0.0279796 0.0250113 0.0279860 0.0272436 0.0274260 0.0103123 0.0332578 0.0272701 0.0276719 0.0265821 0.0118518 0.0116704 0.1786608 0.0046685 0.0051021 0.0067504 0.0231835 0.0052956 0.0149623 0.0124346 0.0053009 0.0292427 0.0320821 0.0112846 0.0111926 0.0259370 0.0062092 0.0062335 0.0048121 0.0046525 0.0088527 0.0315689 0.0062434 0.0072048 0.0046303 0.0055312 0.0066881 0.0058076 0.0060655 0.0057147 0.0246274 0.0060539 0.0265524 
Cmar59905_HTT    0.0140667 0.0468240 0.0273252 0.0134524 0.0119126 0.0113809 0.0105692 0.0137543 0.0121888 0.0124514 0.0128799 0.1579261 0.0419035 0.1563932 0.0243539 0.0000000 0.0244731 0.0263531 0.0280288 0.0268821 0.0254111 0.0103639 0.1411959 0.0111680 0.0116622 0.0121225 0.0435041 0.0261721 0.0231188 0.0255247 0.0249072 0.0896030 0.0256518 0.0318375 0.0329534 0.0274537 0.0271654 0.0256905 0.0261565 0.0263333 0.0241461 0.0264949 0.0235914 0.0250798 0.0481237 0.0325569 0.0264205 0.0259688 0.0401628 0.0251290 0.0261911 0.0222464 0.0285716 0.0267138 0.0284389 0.0247870 0.0192724 0.0273251 0.0270887 0.0269546 0.0404217 0.0270398 0.1708249 0.0242511 0.0245429 0.0267921 0.0274259 0.0235582 0.0281822 0.0261136 0.0239754 0.0288331 0.0340197 0.0237160 0.0266622 0.0417448 0.0247196 0.0277403 0.0260176 0.0264316 0.0290399 0.0574555 0.0260848 0.0282055 0.0270063 0.0267322 0.0271975 0.0263075 0.0268114 0.0265941 0.0254299 0.0269747 0.0270563 
Dcap108471_HTT   0.0394045 0.0633035 0.0354932 0.0375101 0.0257929 0.0248321 0.0264959 0.0387748 0.0323288 0.0249397 0.0343502 0.1788879 0.0325934 0.1705036 0.0066354 0.0244731 0.0000000 0.0085199 0.0090022 0.0093141 0.0180836 0.0323661 0.1621386 0.0325436 0.0247279 0.0351844 0.0206925 0.0135452 0.0045953 0.0116026 0.0339942 0.1081535 0.0274706 0.0443307 0.0441296 0.0192725 0.0069761 0.0057201 0.0154800 0.0102516 0.0022816 0.0128374 0.0136905 0.0143334 0.0511579 0.0412130 0.0272262 0.0355818 0.0538647 0.0329394 0.0268526 0.0411653 0.0375822 0.0356735 0.0379994 0.0176492 0.0391728 0.0266647 0.0368979 0.0347763 0.0313026 0.0188750 0.1918126 0.0115630 0.0121835 0.0132608 0.0316192 0.0052200 0.0326439 0.0205364 0.0052756 0.0376687 0.0336122 0.0199645 0.0192264 0.0378047 0.0102592 0.0126809 0.0125450 0.0049438 0.0137015 0.0519655 0.0091269 0.0115305 0.0035456 0.0105868 0.0102741 0.0017519 0.0026532 0.0110554 0.0311319 0.0102124 0.0359857 
Dcap79929_HTT    0.0334803 0.0409967 0.0314252 0.0298286 0.0267749 0.0279277 0.0279328 0.0328367 0.0270105 0.0276259 0.0256909 0.1742360 0.0199103 0.1695983 0.0069596 0.0263531 0.0085199 0.0000000 0.0012631 0.0012061 0.0118863 0.0242067 0.1498637 0.0309251 0.0274688 0.0285995 0.0218581 0.0061822 0.0127012 0.0049154 0.0263893 0.1005748 0.0168631 0.0374454 0.0355735 0.0101048 0.0152427 0.0059023 0.0059765 0.0032029 0.0020661 0.0062292 0.0061421 0.0061725 0.0422840 0.0291318 0.0275509 0.0426087 0.0473579 0.0235785 0.0279995 0.0225397 0.0272795 0.0267673 0.0275580 0.0113384 0.0363043 0.0277452 0.0283301 0.0267648 0.0249433 0.0124463 0.1861310 0.0038530 0.0045625 0.0060997 0.0213102 0.0055890 0.0150569 0.0130680 0.0055609 0.0320836 0.0347080 0.0113350 0.0132564 0.0247794 0.0037806 0.0039048 0.0047968 0.0054402 0.0061162 0.0266649 0.0022968 0.0038358 0.0040229 0.0031282 0.0029310 0.0021644 0.0032385 0.0035440 0.0237099 0.0036035 0.0259178 
DdelSJR_HTT      0.0336409 0.0441143 0.0274238 0.0312525 0.0271386 0.0284816 0.0299016 0.0342695 0.0264503 0.0276151 0.0266672 0.1734919 0.0206149 0.1617612 0.0072503 0.0280288 0.0090022 0.0012631 0.0000000 0.0009727 0.0128777 0.0243086 0.1434870 0.0261205 0.0273389 0.0289042 0.0226630 0.0065704 0.0133622 0.0051617 0.0259933 0.0974616 0.0181768 0.0379525 0.0368613 0.0118668 0.0155905 0.0066505 0.0072630 0.0038861 0.0034373 0.0067806 0.0070265 0.0063798 0.0239801 0.0318142 0.0283210 0.0430172 0.0413306 0.0245667 0.0283634 0.0240138 0.0283322 0.0266563 0.0287220 0.0120306 0.0363434 0.0288335 0.0287871 0.0278681 0.0145249 0.0136594 0.1823194 0.0044459 0.0050304 0.0069134 0.0225944 0.0060803 0.0154777 0.0138520 0.0060226 0.0316655 0.0351153 0.0124448 0.0140030 0.0265475 0.0042667 0.0042909 0.0052433 0.0053632 0.0069094 0.0266684 0.0023674 0.0045021 0.0042335 0.0037517 0.0037132 0.0024577 0.0033554 0.0041296 0.0242337 0.0035528 0.0267918 
Ddeltrop4525_HTT 0.0335780 0.0423199 0.0266645 0.0305946 0.0272030 0.0282002 0.0283471 0.0335614 0.0267669 0.0283433 0.0262534 0.1733808 0.0198887 0.1667346 0.0075949 0.0268821 0.0093141 0.0012061 0.0009727 0.0000000 0.0115050 0.0237402 0.1488930 0.0263133 0.0275512 0.0286648 0.0226477 0.0064027 0.0133760 0.0054557 0.0261139 0.1000130 0.0176726 0.0379484 0.0355509 0.0105641 0.0158524 0.0064005 0.0065118 0.0037228 0.0029374 0.0067788 0.0068724 0.0064850 0.0286193 0.0297804 0.0277680 0.0418476 0.0403859 0.0235864 0.0277393 0.0231282 0.0271058 0.0263261 0.0273292 0.0109551 0.0359430 0.0278964 0.0278877 0.0268398 0.0128263 0.0122547 0.1843063 0.0044884 0.0051960 0.0071762 0.0219400 0.0061035 0.0147799 0.0135419 0.0063643 0.0314519 0.0358817 0.0121276 0.0128836 0.0253960 0.0042476 0.0043407 0.0054086 0.0057585 0.0065961 0.0274237 0.0030808 0.0045121 0.0040153 0.0037183 0.0033473 0.0028832 0.0040556 0.0038260 0.0239617 0.0037446 0.0249385 
Dleu_HTT         0.0319721 0.0414095 0.0298970 0.0292820 0.0237981 0.0251606 0.0267021 0.0313221 0.0255204 0.0273588 0.0247879 0.1645958 0.0229070 0.1582881 0.0103281 0.0254111 0.0180836 0.0118863 0.0128777 0.0115050 0.0000000 0.0232905 0.1429951 0.0294473 0.0242714 0.0270817 0.0256867 0.0115245 0.0165302 0.0106993 0.0232345 0.0936879 0.0179900 0.0364082 0.0369165 0.0142177 0.0197712 0.0108323 0.0111658 0.0106662 0.0109765 0.0108329 0.0097134 0.0103141 0.0431138 0.0288587 0.0260737 0.0378129 0.0448593 0.0241677 0.0257372 0.0236733 0.0267882 0.0251661 0.0273494 0.0016097 0.0343541 0.0261517 0.0257135 0.0244132 0.0208438 0.0079481 0.1805894 0.0091027 0.0096891 0.0112711 0.0213495 0.0099058 0.0109574 0.0079125 0.0103066 0.0313802 0.0336106 0.0072056 0.0075247 0.0208290 0.0111554 0.0104412 0.0105562 0.0111058 0.0131118 0.0347980 0.0107416 0.0122944 0.0103577 0.0107001 0.0118129 0.0113378 0.0110642 0.0114476 0.0212678 0.0116172 0.0252578 
EausAUS_HTT      0.0125131 0.0415448 0.0263643 0.0108078 0.0090849 0.0084014 0.0090073 0.0123611 0.0033240 0.0099431 0.0103632 0.1644909 0.0403448 0.1574017 0.0240407 0.0103639 0.0323661 0.0242067 0.0243086 0.0237402 0.0232905 0.0000000 0.1325742 0.0055163 0.0025855 0.0086157 0.0423712 0.0229383 0.0306934 0.0223860 0.0216303 0.0874262 0.0201893 0.0312523 0.0304312 0.0260758 0.0344446 0.0232746 0.0243734 0.0233814 0.0226956 0.0237857 0.0231106 0.0241670 0.0287526 0.0262742 0.0220698 0.0363812 0.0396797 0.0202977 0.0226520 0.0177208 0.0223758 0.0213035 0.0237174 0.0226581 0.0153824 0.0223208 0.0225096 0.0220576 0.0245445 0.0243152 0.1766026 0.0213251 0.0221427 0.0231442 0.0243716 0.0218947 0.0310032 0.0242217 0.0228287 0.0254181 0.0253561 0.0235259 0.0246710 0.0377995 0.0239995 0.0249699 0.0229106 0.0240981 0.0263269 0.0496544 0.0234173 0.0255517 0.0228550 0.0236226 0.0235500 0.0225904 0.0238305 0.0238624 0.0211609 0.0243816 0.0223974 
Ecab_HTT         0.1441465 0.1731555 0.1575773 0.1445577 0.1353646 0.1346951 0.1347225 0.1432429 0.1364705 0.1461911 0.1425268 0.2604095 0.1754492 0.2544248 0.1412902 0.1411959 0.1621386 0.1498637 0.1434870 0.1488930 0.1429951 0.1325742 0.0000000 0.1473418 0.1413176 0.1441359 0.1700055 0.1410852 0.1576328 0.1425507 0.1439601 0.1720845 0.1464414 0.1574415 0.1574564 0.1539116 0.1581027 0.1480415 0.1466928 0.1481482 0.1491823 0.1410180 0.1384693 0.1427920 0.1869113 0.1444663 0.1413662 0.1718082 0.1779758 0.1373532 0.1439554 0.1296024 0.1392803 0.1357338 0.1438518 0.1423935 0.1579050 0.1462861 0.1446654 0.1501456 0.1716657 0.1472507 0.2802467 0.1388647 0.1452681 0.1449379 0.1446384 0.1429062 0.1400574 0.1478163 0.1402205 0.1431220 0.1373412 0.1456812 0.1463815 0.1683811 0.1462409 0.1497990 0.1406874 0.1453776 0.1523336 0.1635808 0.1438384 0.1510204 0.1533323 0.1420112 0.1480928 0.1475390 0.1414032 0.1413415 0.1414107 0.1448391 0.1355524 
Egla13086_HTT    0.0175630 0.0405978 0.0251053 0.0154751 0.0099398 0.0098862 0.0105362 0.0175478 0.0071447 0.0154268 0.0119675 0.1682649 0.0397393 0.1663772 0.0248636 0.0111680 0.0325436 0.0309251 0.0261205 0.0263133 0.0294473 0.0055163 0.1473418 0.0000000 0.0013791 0.0088546 0.0428100 0.0255555 0.0317419 0.0294454 0.0236233 0.0951913 0.0228269 0.0320505 0.0310779 0.0273835 0.0366141 0.0248129 0.0262744 0.0298476 0.0233849 0.0308869 0.0242642 0.0246637 0.0486759 0.0282380 0.0240005 0.0360873 0.0345723 0.0220872 0.0246276 0.0185909 0.0255706 0.0227204 0.0246775 0.0288790 0.0219588 0.0232566 0.0239087 0.0247850 0.0427580 0.0305970 0.1819862 0.0235506 0.0291288 0.0307308 0.0268847 0.0238088 0.0309771 0.0267387 0.0243163 0.0319462 0.0320442 0.0251539 0.0309993 0.0377271 0.0247980 0.0269957 0.0312694 0.0265125 0.0279615 0.0512399 0.0298804 0.0283152 0.0260662 0.0271313 0.0260893 0.0243292 0.0256472 0.0304254 0.0237573 0.0311628 0.0240761 
Ejap43864_HTT    0.0138084 0.0422367 0.0252321 0.0117120 0.0115364 0.0112614 0.0119475 0.0140797 0.0042329 0.0110808 0.0124308 0.1628117 0.0413958 0.1544339 0.0254142 0.0116622 0.0247279 0.0274688 0.0273389 0.0275512 0.0242714 0.0025855 0.1413176 0.0013791 0.0000000 0.0092193 0.0425195 0.0266638 0.0242109 0.0251367 0.0238520 0.0903246 0.0225515 0.0309975 0.0305591 0.0291231 0.0285225 0.0251866 0.0263305 0.0250238 0.0257370 0.0264774 0.0249595 0.0249161 0.0444525 0.0301163 0.0249276 0.0248259 0.0377207 0.0240549 0.0265812 0.0193005 0.0280705 0.0248079 0.0266381 0.0239664 0.0180630 0.0252439 0.0260259 0.0271822 0.0368683 0.0253831 0.1772213 0.0245658 0.0253541 0.0258674 0.0270242 0.0241431 0.0307696 0.0274524 0.0250653 0.0283630 0.0324844 0.0249030 0.0257172 0.0399567 0.0266681 0.0274980 0.0268176 0.0259669 0.0293806 0.0516835 0.0261264 0.0295645 0.0257930 0.0270780 0.0274803 0.0253622 0.0263025 0.0256222 0.0252029 0.0264809 0.0260037 
Erob133443_HTT   0.0108840 0.0473317 0.0278547 0.0105325 0.0093890 0.0090686 0.0087900 0.0094932 0.0093039 0.0081402 0.0091469 0.1699088 0.0430486 0.1600286 0.0254837 0.0121225 0.0351844 0.0285995 0.0289042 0.0286648 0.0270817 0.0086157 0.1441359 0.0088546 0.0092193 0.0000000 0.0463608 0.0266479 0.0333685 0.0265990 0.0249058 0.0920212 0.0255489 0.0361745 0.0356602 0.0291028 0.0396433 0.0259684 0.0273184 0.0280195 0.0241708 0.0284472 0.0256586 0.0256310 0.0340903 0.0341884 0.0268356 0.0410270 0.0396766 0.0262494 0.0264444 0.0228799 0.0277714 0.0259108 0.0280419 0.0268856 0.0138290 0.0279397 0.0277747 0.0270592 0.0281645 0.0289671 0.1851865 0.0250938 0.0257445 0.0272477 0.0303518 0.0235696 0.0304714 0.0284915 0.0240156 0.0329575 0.0351396 0.0261612 0.0279414 0.0440775 0.0268557 0.0276578 0.0273795 0.0282570 0.0302907 0.0553861 0.0270100 0.0299255 0.0274953 0.0284555 0.0285641 0.0253091 0.0275761 0.0280324 0.0261098 0.0287483 0.0275951 
Fatt_HTT         0.0476774 0.0431540 0.0453834 0.0470157 0.0439171 0.0418616 0.0454242 0.0471463 0.0421488 0.0444306 0.0444747 0.1975037 0.0435113 0.1929352 0.0210485 0.0435041 0.0206925 0.0218581 0.0226630 0.0226477 0.0256867 0.0423712 0.1700055 0.0428100 0.0425195 0.0463608 0.0000000 0.0180801 0.0160827 0.0156815 0.0430076 0.1115394 0.0396476 0.0531009 0.0538942 0.0266749 0.0066017 0.0218789 0.0234446 0.0210013 0.0212523 0.0195411 0.0204572 0.0211740 0.0644734 0.0542084 0.0471015 0.0484468 0.0685193 0.0439751 0.0449053 0.0649805 0.0502328 0.0481363 0.0499210 0.0252126 0.0545637 0.0446477 0.0467193 0.0449218 0.0412141 0.0270089 0.2145522 0.0184599 0.0194479 0.0187803 0.0219877 0.0168229 0.0489272 0.0119025 0.0164126 0.0471190 0.0779109 0.0284625 0.0266217 0.0503596 0.0214409 0.0243086 0.0021917 0.0022734 0.0242258 0.0828752 0.0219162 0.0064345 0.0194495 0.0222081 0.0219425 0.0221157 0.0211219 0.0216878 0.0418770 0.0209165 0.0469952 
Ggri_HTT         0.0320906 0.0427471 0.0272909 0.0294207 0.0254876 0.0261395 0.0275632 0.0320610 0.0260776 0.0276491 0.0257151 0.1637610 0.0183498 0.1599663 0.0059735 0.0261721 0.0135452 0.0061822 0.0065704 0.0064027 0.0115245 0.0229383 0.1410852 0.0255555 0.0266638 0.0266479 0.0180801 0.0000000 0.0096215 0.0025498 0.0248696 0.0933013 0.0159476 0.0371681 0.0348123 0.0096250 0.0143737 0.0052991 0.0051480 0.0049212 0.0061194 0.0055291 0.0054586 0.0049115 0.0407756 0.0298903 0.0277063 0.0421915 0.0414102 0.0239982 0.0268488 0.0246337 0.0262672 0.0264945 0.0268854 0.0109819 0.0346774 0.0274408 0.0276734 0.0274238 0.0234932 0.0120431 0.1782513 0.0033744 0.0038752 0.0046116 0.0211919 0.0026511 0.0152895 0.0128229 0.0027168 0.0307617 0.0340476 0.0116505 0.0120662 0.0244985 0.0061807 0.0043179 0.0019087 0.0028748 0.0079797 0.0307522 0.0055412 0.0058359 0.0041740 0.0046049 0.0060158 0.0052772 0.0058243 0.0046658 0.0229109 0.0059263 0.0262208 
Gmac39091_HTT    0.0376144 0.0599670 0.0330911 0.0348481 0.0236125 0.0229033 0.0233348 0.0374355 0.0325989 0.0243187 0.0327176 0.1755829 0.0279812 0.1716884 0.0044692 0.0231188 0.0045953 0.0127012 0.0133622 0.0133760 0.0165302 0.0306934 0.1576328 0.0317419 0.0242109 0.0333685 0.0160827 0.0096215 0.0000000 0.0076486 0.0329059 0.1020615 0.0260519 0.0434867 0.0422940 0.0159032 0.0058568 0.0041490 0.0125702 0.0111467 0.0038930 0.0113915 0.0113784 0.0116821 0.0514333 0.0383168 0.0258391 0.0332496 0.0496962 0.0317937 0.0252340 0.0399293 0.0360039 0.0344782 0.0352512 0.0162404 0.0375081 0.0245337 0.0344120 0.0323494 0.0301927 0.0175895 0.1888332 0.0097583 0.0100563 0.0106846 0.0300304 0.0009958 0.0288235 0.0187642 0.0009724 0.0376058 0.0321797 0.0182191 0.0182766 0.0339722 0.0120267 0.0130422 0.0090813 0.0015880 0.0150949 0.0523174 0.0121401 0.0133690 0.0028565 0.0121598 0.0123494 0.0039007 0.0047856 0.0116495 0.0305064 0.0125302 0.0333048 
Gmel_HTT         0.0317415 0.0410112 0.0295065 0.0288135 0.0228006 0.0241857 0.0265163 0.0305940 0.0250233 0.0262561 0.0241733 0.1619343 0.0171176 0.1563037 0.0042430 0.0255247 0.0116026 0.0049154 0.0051617 0.0054557 0.0106993 0.0223860 0.1425507 0.0294454 0.0251367 0.0265990 0.0156815 0.0025498 0.0076486 0.0000000 0.0238769 0.0913783 0.0159698 0.0364509 0.0349075 0.0091619 0.0125976 0.0040793 0.0040386 0.0035221 0.0047916 0.0044361 0.0041811 0.0032659 0.0434625 0.0269816 0.0254778 0.0388202 0.0437511 0.0223032 0.0256130 0.0231890 0.0256367 0.0243323 0.0255096 0.0103560 0.0324863 0.0260315 0.0258911 0.0248856 0.0258741 0.0116162 0.1740238 0.0025299 0.0029501 0.0042157 0.0208869 0.0013990 0.0136289 0.0116941 0.0014912 0.0308984 0.0326826 0.0103436 0.0122946 0.0227117 0.0047419 0.0040327 0.0018227 0.0020270 0.0068268 0.0276133 0.0039009 0.0055466 0.0030268 0.0043055 0.0049625 0.0038812 0.0044126 0.0035859 0.0211004 0.0050963 0.0249442 
Hamp_HTT         0.0298450 0.0257054 0.0077373 0.0275321 0.0257393 0.0247818 0.0261542 0.0301382 0.0242348 0.0268196 0.0263906 0.1676974 0.0430332 0.1613495 0.0259548 0.0249072 0.0339942 0.0263893 0.0259933 0.0261139 0.0232345 0.0216303 0.1439601 0.0236233 0.0238520 0.0249058 0.0430076 0.0248696 0.0329059 0.0238769 0.0000000 0.0895530 0.0263956 0.0355582 0.0336618 0.0301753 0.0363738 0.0254233 0.0249657 0.0253652 0.0265152 0.0255472 0.0248021 0.0245528 0.0487467 0.0106001 0.0047273 0.0168333 0.0169019 0.0056513 0.0048314 0.0041894 0.0062655 0.0042260 0.0045363 0.0232450 0.0342463 0.0056248 0.0049205 0.0057702 0.0410349 0.0255899 0.1823916 0.0240191 0.0243486 0.0253946 0.0270415 0.0254927 0.0308312 0.0267435 0.0242862 0.0297265 0.0320693 0.0260051 0.0253366 0.0402161 0.0264050 0.0264573 0.0253421 0.0244092 0.0288312 0.0521547 0.0252657 0.0263782 0.0257910 0.0264520 0.0263375 0.0254830 0.0261045 0.0263075 0.0072558 0.0264762 0.0074359 
Hippo_HTT        0.0936064 0.1208025 0.1020574 0.0933487 0.0890707 0.0874199 0.0888808 0.0923218 0.0879670 0.0917405 0.0920057 0.1766012 0.1164197 0.1602693 0.0929006 0.0896030 0.1081535 0.1005748 0.0974616 0.1000130 0.0936879 0.0874262 0.1720845 0.0951913 0.0903246 0.0920212 0.1115394 0.0933013 0.1020615 0.0913783 0.0895530 0.0000000 0.0944817 0.0988560 0.1031586 0.0965490 0.1110677 0.0954618 0.0998475 0.1005187 0.0985830 0.0927266 0.0916099 0.0922171 0.1272095 0.1011816 0.0919404 0.1118671 0.1204384 0.0950129 0.0908207 0.0963343 0.0971702 0.0926007 0.0959510 0.0939280 0.1058345 0.0905880 0.0927673 0.0931975 0.1159825 0.0969827 0.1835583 0.0905791 0.0936793 0.0937247 0.0982697 0.0903063 0.1025826 0.0973991 0.0883264 0.0942682 0.0976237 0.0978340 0.0959275 0.1191592 0.0984646 0.1005095 0.0972605 0.0962828 0.1024353 0.1357068 0.0976110 0.1035001 0.0980292 0.0997403 0.0998663 0.0980547 0.0969909 0.0966285 0.0911170 0.0951958 0.0925685 
Igeo_HTT         0.0304506 0.0416903 0.0260844 0.0278103 0.0264942 0.0256149 0.0260671 0.0300491 0.0227355 0.0271118 0.0288624 0.1667394 0.0318045 0.1639840 0.0173458 0.0256518 0.0274706 0.0168631 0.0181768 0.0176726 0.0179900 0.0201893 0.1464414 0.0228269 0.0225515 0.0255489 0.0396476 0.0159476 0.0260519 0.0159698 0.0263956 0.0944817 0.0000000 0.0398653 0.0378755 0.0203493 0.0276822 0.0174114 0.0170379 0.0157747 0.0165897 0.0169985 0.0162702 0.0169302 0.0355760 0.0299809 0.0266293 0.0470869 0.0402034 0.0256292 0.0271517 0.0214095 0.0281105 0.0265522 0.0268063 0.0176544 0.0356168 0.0265672 0.0276716 0.0258826 0.0286636 0.0194607 0.1806572 0.0169202 0.0166726 0.0168270 0.0159399 0.0170265 0.0220562 0.0199898 0.0172788 0.0305540 0.0315371 0.0177216 0.0191846 0.0354654 0.0163170 0.0183342 0.0160274 0.0170741 0.0166783 0.0420663 0.0168635 0.0175974 0.0158246 0.0156268 0.0174731 0.0166584 0.0169517 0.0177812 0.0233202 0.0171538 0.0253475 
Kbre_HTT         0.0391541 0.0618061 0.0356435 0.0378340 0.0333075 0.0326617 0.0340126 0.0392854 0.0325537 0.0342237 0.0369787 0.1775355 0.0557590 0.1674101 0.0356939 0.0318375 0.0443307 0.0374454 0.0379525 0.0379484 0.0364082 0.0312523 0.1574415 0.0320505 0.0309975 0.0361745 0.0531009 0.0371681 0.0434867 0.0364509 0.0355582 0.0988560 0.0398653 0.0000000 0.0108279 0.0412049 0.0476890 0.0349817 0.0414989 0.0378386 0.0361287 0.0365034 0.0351049 0.0379145 0.0574732 0.0430709 0.0351730 0.0508808 0.0520137 0.0354310 0.0350671 0.0365402 0.0386938 0.0378984 0.0401658 0.0356345 0.0434011 0.0354054 0.0377489 0.0366476 0.0499505 0.0384133 0.1906837 0.0347972 0.0360067 0.0381135 0.0395343 0.0349134 0.0464852 0.0378632 0.0346485 0.0252103 0.0267041 0.0382582 0.0380767 0.0539886 0.0378077 0.0398539 0.0364828 0.0364341 0.0402210 0.0744126 0.0371713 0.0399430 0.0364504 0.0384954 0.0373016 0.0354865 0.0355095 0.0373619 0.0347896 0.0381052 0.0391809 
Ksim_HTT         0.0380697 0.0561717 0.0346940 0.0379573 0.0324900 0.0332895 0.0329511 0.0383673 0.0318766 0.0333694 0.0337765 0.1764657 0.0497867 0.1666562 0.0330936 0.0329534 0.0441296 0.0355735 0.0368613 0.0355509 0.0369165 0.0304312 0.1574564 0.0310779 0.0305591 0.0356602 0.0538942 0.0348123 0.0422940 0.0349075 0.0336618 0.1031586 0.0378755 0.0108279 0.0000000 0.0369244 0.0476708 0.0334808 0.0375393 0.0357873 0.0337147 0.0349923 0.0320616 0.0353720 0.0425034 0.0421838 0.0341852 0.0492653 0.0498572 0.0322271 0.0333113 0.0331605 0.0352683 0.0363897 0.0368093 0.0362470 0.0441589 0.0352241 0.0353442 0.0347570 0.0373868 0.0379132 0.1892110 0.0326066 0.0334375 0.0359884 0.0388145 0.0321496 0.0436607 0.0365625 0.0331007 0.0253656 0.0267841 0.0354030 0.0375845 0.0516520 0.0354167 0.0359388 0.0339500 0.0348859 0.0376878 0.0678931 0.0354232 0.0372480 0.0344107 0.0366084 0.0360651 0.0352371 0.0351175 0.0348099 0.0328029 0.0361387 0.0358980 
Lacu_HTT         0.0344529 0.0470552 0.0290230 0.0303287 0.0279743 0.0282246 0.0275585 0.0345526 0.0294343 0.0292903 0.0278669 0.1740736 0.0223328 0.1664766 0.0107761 0.0274537 0.0192725 0.0101048 0.0118668 0.0105641 0.0142177 0.0260758 0.1539116 0.0273835 0.0291231 0.0291028 0.0266749 0.0096250 0.0159032 0.0091619 0.0301753 0.0965490 0.0203493 0.0412049 0.0369244 0.0000000 0.0202207 0.0089219 0.0091398 0.0087433 0.0088326 0.0103082 0.0103089 0.0102915 0.0487529 0.0333640 0.0299112 0.0445316 0.0429286 0.0273835 0.0302876 0.0288077 0.0292193 0.0291548 0.0299170 0.0137742 0.0363162 0.0285354 0.0288682 0.0284671 0.0293633 0.0140157 0.1832887 0.0084785 0.0084668 0.0093072 0.0244368 0.0086169 0.0180510 0.0147656 0.0094972 0.0348164 0.0336793 0.0133003 0.0156923 0.0292683 0.0103219 0.0105810 0.0095019 0.0081920 0.0122936 0.0376483 0.0094623 0.0105017 0.0082490 0.0106504 0.0099341 0.0081759 0.0109246 0.0093518 0.0288108 0.0111716 0.0286730 
Lalb_HTT         0.0425689 0.0624130 0.0385766 0.0408885 0.0258975 0.0269981 0.0289567 0.0422087 0.0366750 0.0287695 0.0371045 0.1787578 0.0343250 0.1737062 0.0083037 0.0271654 0.0069761 0.0152427 0.0155905 0.0158524 0.0197712 0.0344446 0.1581027 0.0366141 0.0285225 0.0396433 0.0066017 0.0143737 0.0058568 0.0125976 0.0363738 0.1110677 0.0276822 0.0476890 0.0476708 0.0202207 0.0000000 0.0073651 0.0173392 0.0135366 0.0069002 0.0149903 0.0161268 0.0160575 0.0550747 0.0428894 0.0282371 0.0380662 0.0569785 0.0348267 0.0287608 0.0439632 0.0382011 0.0383828 0.0398921 0.0191828 0.0438841 0.0286565 0.0392107 0.0379334 0.0350243 0.0196362 0.1929827 0.0138028 0.0145031 0.0137129 0.0316620 0.0067609 0.0329348 0.0215735 0.0067123 0.0417683 0.0354016 0.0205071 0.0206457 0.0379833 0.0152343 0.0162479 0.0131231 0.0061659 0.0171380 0.0606044 0.0139747 0.0149478 0.0057867 0.0140278 0.0147412 0.0059728 0.0066892 0.0150569 0.0325255 0.0144296 0.0389703 
Laus_HTT         0.0314143 0.0431736 0.0264220 0.0282439 0.0241447 0.0256928 0.0255721 0.0320148 0.0254505 0.0272595 0.0235699 0.1662627 0.0135103 0.1573737 0.0008783 0.0256905 0.0057201 0.0059023 0.0066505 0.0064005 0.0108323 0.0232746 0.1480415 0.0248129 0.0251866 0.0259684 0.0218789 0.0052991 0.0041490 0.0040793 0.0254233 0.0954618 0.0174114 0.0349817 0.0334808 0.0089219 0.0073651 0.0000000 0.0016563 0.0043074 0.0047260 0.0018946 0.0018660 0.0015324 0.0279615 0.0308361 0.0272194 0.0279108 0.0393623 0.0243278 0.0265046 0.0246611 0.0272706 0.0266194 0.0267297 0.0109579 0.0344292 0.0263060 0.0268547 0.0257805 0.0125025 0.0118904 0.1768164 0.0040645 0.0043954 0.0064302 0.0229868 0.0048201 0.0140176 0.0117404 0.0050007 0.0292042 0.0324967 0.0107577 0.0119840 0.0240370 0.0053693 0.0058882 0.0041848 0.0046399 0.0077025 0.0311899 0.0056105 0.0059140 0.0036974 0.0047607 0.0055285 0.0049579 0.0055465 0.0045724 0.0233814 0.0053207 0.0254078 
Lbor_HTT         0.0340814 0.0385127 0.0264483 0.0293936 0.0259746 0.0256343 0.0262720 0.0335371 0.0261733 0.0281089 0.0265549 0.1697024 0.0110308 0.1634059 0.0021320 0.0261565 0.0154800 0.0059765 0.0072630 0.0065118 0.0111658 0.0243734 0.1466928 0.0262744 0.0263305 0.0273184 0.0234446 0.0051480 0.0125702 0.0040386 0.0249657 0.0998475 0.0170379 0.0414989 0.0375393 0.0091398 0.0173392 0.0016563 0.0000000 0.0044326 0.0052783 0.0014869 0.0015943 0.0014181 0.0238440 0.0290796 0.0269056 0.0443339 0.0348923 0.0232829 0.0270142 0.0248973 0.0282572 0.0251277 0.0271471 0.0111511 0.0348715 0.0269392 0.0265912 0.0253310 0.0131617 0.0125068 0.1882066 0.0037863 0.0043477 0.0063168 0.0247987 0.0041829 0.0140502 0.0120718 0.0044489 0.0323920 0.0341152 0.0110348 0.0129147 0.0208648 0.0053513 0.0055018 0.0040052 0.0043795 0.0088055 0.0225148 0.0059751 0.0061261 0.0039275 0.0044702 0.0054765 0.0049796 0.0059553 0.0042205 0.0236724 0.0057116 0.0236824 
Lhos30470_HTT    0.0330042 0.0413385 0.0316882 0.0290681 0.0242113 0.0257338 0.0266821 0.0325366 0.0258086 0.0274274 0.0247408 0.1675276 0.0167952 0.1642327 0.0051046 0.0263333 0.0102516 0.0032029 0.0038861 0.0037228 0.0106662 0.0233814 0.1481482 0.0298476 0.0250238 0.0280195 0.0210013 0.0049212 0.0111467 0.0035221 0.0253652 0.1005187 0.0157747 0.0378386 0.0357873 0.0087433 0.0135366 0.0043074 0.0044326 0.0000000 0.0011259 0.0046689 0.0046661 0.0046591 0.0404198 0.0290123 0.0271639 0.0417997 0.0459445 0.0234701 0.0267005 0.0236524 0.0271156 0.0262123 0.0269956 0.0105236 0.0350048 0.0268909 0.0279078 0.0262627 0.0235444 0.0118392 0.1786738 0.0031872 0.0036499 0.0051800 0.0211717 0.0042936 0.0136532 0.0114159 0.0042293 0.0312450 0.0339285 0.0102170 0.0125232 0.0229525 0.0019334 0.0027744 0.0039255 0.0043483 0.0053717 0.0274225 0.0020301 0.0024303 0.0026402 0.0020719 0.0025395 0.0015875 0.0017455 0.0016192 0.0221412 0.0028888 0.0253810 
Lhos452_HTT      0.0319996 0.0432306 0.0257367 0.0274852 0.0253182 0.0258364 0.0248422 0.0315075 0.0252426 0.0263080 0.0245282 0.1645794 0.0190284 0.1626879 0.0067828 0.0241461 0.0022816 0.0020661 0.0034373 0.0029374 0.0109765 0.0226956 0.1491823 0.0233849 0.0257370 0.0241708 0.0212523 0.0061194 0.0038930 0.0047916 0.0265152 0.0985830 0.0165897 0.0361287 0.0337147 0.0088326 0.0069002 0.0047260 0.0052783 0.0011259 0.0000000 0.0060060 0.0062205 0.0060833 0.0442332 0.0291747 0.0270311 0.0275854 0.0400010 0.0229304 0.0266368 0.0230664 0.0261860 0.0249624 0.0263614 0.0105545 0.0340535 0.0260130 0.0266649 0.0257318 0.0245087 0.0115239 0.1782502 0.0041977 0.0038821 0.0061419 0.0214350 0.0045880 0.0150094 0.0113992 0.0054162 0.0312270 0.0335569 0.0100894 0.0122392 0.0243950 0.0021786 0.0029058 0.0055014 0.0047318 0.0061451 0.0288192 0.0011223 0.0028940 0.0029938 0.0031121 0.0021997 0.0011478 0.0025130 0.0022767 0.0239434 0.0039832 0.0252235 
Lobl_HTT         0.0325063 0.0422858 0.0317434 0.0300686 0.0246012 0.0260931 0.0281743 0.0316043 0.0262873 0.0276733 0.0252756 0.1626990 0.0135484 0.1563544 0.0019064 0.0264949 0.0128374 0.0062292 0.0067806 0.0067788 0.0108329 0.0237857 0.1410180 0.0308869 0.0264774 0.0284472 0.0195411 0.0055291 0.0113915 0.0044361 0.0255472 0.0927266 0.0169985 0.0365034 0.0349923 0.0103082 0.0149903 0.0018946 0.0014869 0.0046689 0.0060060 0.0000000 0.0014251 0.0011307 0.0436435 0.0295231 0.0268020 0.0413652 0.0456682 0.0240666 0.0276834 0.0242896 0.0275494 0.0269896 0.0274481 0.0109259 0.0342448 0.0277714 0.0278870 0.0260938 0.0266514 0.0123349 0.1754217 0.0042831 0.0046407 0.0060881 0.0225979 0.0049474 0.0136513 0.0129230 0.0049281 0.0307670 0.0326324 0.0115470 0.0126423 0.0242243 0.0056757 0.0059254 0.0047255 0.0050439 0.0078981 0.0291723 0.0056163 0.0063700 0.0046271 0.0051237 0.0066459 0.0054282 0.0054973 0.0051273 0.0229368 0.0056481 0.0265419 
