84
Bacu_MYH2         0.0000000 0.0243216 0.0223085 0.0088446 0.0156327 0.0083572 0.0084581 0.0093817 0.0147036 0.0075941 0.0102997 0.0254037 0.0335985 0.0133964 0.0201076 0.0194990 0.0198536 0.0197344 0.0260468 0.0268056 0.0168431 0.0135166 0.0110256 0.0239126 0.0208261 0.0215430 0.0277255 0.0246699 0.0377277 0.0272818 0.0224236 0.0218058 0.0202676 0.0211599 0.0170589 0.0323588 0.0284230 0.0353737 0.0227454 0.0235005 0.0184604 1.6315642 0.0215274 0.0225982 0.0251128 0.0344407 0.0245341 0.0266441 0.0330101 0.0327634 0.0228497 0.0287505 0.0247789 0.0291188 0.0204908 0.0249987 0.0234044 0.0194229 0.0165697 1.7174025 0.0240601 0.0182068 0.0229486 0.0239579 0.0361404 0.0357477 0.0224436 0.0209413 0.0219686 0.0196997 0.0175760 0.0196363 0.0345233 0.0184453 0.0261558 0.0275335 0.0222023 0.0305174 0.0674258 0.0179312 0.0193959 1.7199388 0.0244415 0.0277046 
Barn_MYH2         0.0243216 0.0000000 0.0074706 0.0258178 0.0193225 0.0214352 0.0199147 0.0246067 0.0283213 0.0253953 0.0307268 0.0289853 0.0231167 0.0253575 0.0251616 0.0241320 0.0164868 0.0182768 0.0267668 0.0211258 0.0272918 0.0185565 0.0233045 0.0269765 0.0186101 0.0278779 0.0235434 0.0159575 0.0429543 0.0302745 0.0208868 0.0309323 0.0199723 0.0209842 0.0163385 0.0200514 0.0209039 0.0306114 0.0236309 0.0244089 0.0182886 1.8914408 0.0241824 0.0158066 0.0148297 0.0230284 0.0158803 0.0225411 0.0270264 0.0231049 0.0238801 0.0245557 0.0322200 0.0239544 0.0146219 0.0189810 0.0283371 0.0248205 0.0237951 1.8850316 0.0205707 0.0192568 0.0346064 0.0257197 0.0346584 0.0263412 0.0249378 0.0315438 0.0299474 0.0193461 0.0182886 0.0172352 0.0359872 0.0172413 0.0315420 0.0209641 0.0218491 0.0247417 0.1292912 0.0172352 0.0203620 1.8949435 0.0179953 0.0185968 
Bbai76728_MYH2    0.0223085 0.0074706 0.0000000 0.0286662 0.0295941 0.0222796 0.0238351 0.0219885 0.0224183 0.0218453 0.0275638 0.0267496 0.0252915 0.0234665 0.0224987 0.0203813 0.0185418 0.0204222 0.0276447 0.0358904 0.0251041 0.0198378 0.0243084 0.0259002 0.0235774 0.0215878 0.0251843 0.0118423 0.0393397 0.0295037 0.0202312 0.0244533 0.0197746 0.0226586 0.0187816 0.0402656 0.0327829 0.0383270 0.0222742 0.0246551 0.0204693 1.3198055 0.0082878 0.0138854 0.0110083 0.0196611 0.0127790 0.0178369 0.0221134 0.0251668 0.0134147 0.0226383 0.0289414 0.0156562 0.0124394 0.0135223 0.0313139 0.0204899 0.0207882 1.2996209 0.0245849 0.0200358 0.0309575 0.0269684 0.0389804 0.0397899 0.0228821 0.0227346 0.0280690 0.0223433 0.0212593 0.0222101 0.0352697 0.0188362 0.0314083 0.0295402 0.0234717 0.0265621 0.0718386 0.0214063 0.0229176 1.2933187 0.0118930 0.0134463 
BbonAUS_MYH2      0.0088446 0.0258178 0.0286662 0.0000000 0.0056891 0.0061598 0.0042041 0.0133892 0.0199715 0.0105751 0.0056620 0.0274952 0.0353786 0.0138891 0.0203924 0.0244865 0.0164057 0.0199604 0.0272064 0.0224326 0.0143297 0.0200803 0.0086649 0.0326333 0.0201432 0.0263831 0.0297022 0.0275028 0.0379430 0.0273731 0.0293960 0.0307393 0.0280127 0.0201969 0.0231665 0.0245978 0.0221890 0.0264737 0.0273653 0.0265385 0.0200510 1.9866848 0.0220500 0.0220160 0.0303919 0.0367804 0.0230236 0.0253559 0.0315365 0.0227292 0.0227959 0.0311994 0.0279748 0.0310753 0.0279987 0.0252216 0.0351021 0.0255368 0.0175400 1.9877535 0.0244160 0.0185707 0.0247790 0.0248493 0.0312099 0.0361095 0.0231344 0.0275602 0.0237200 0.0179323 0.0192239 0.0267469 0.0351488 0.0252445 0.0258102 0.0193847 0.0213121 0.0279839 0.0884317 0.0185608 0.0210016 1.9932089 0.0318205 0.0299703 
Bbor_MYH2         0.0156327 0.0193225 0.0295941 0.0056891 0.0000000 0.0035257 0.0032022 0.0150577 0.0214386 0.0134181 0.0082423 0.0249974 0.0321931 0.0137690 0.0193004 0.0253790 0.0192441 0.0184780 0.0214581 0.0351850 0.0138688 0.0223056 0.0082396 0.0297641 0.0210765 0.0283591 0.0237584 0.0285159 0.0347979 0.0256823 0.0311345 0.0282480 0.0272863 0.0190459 0.0265259 0.0361969 0.0223752 0.0235105 0.0279520 0.0211244 0.0176839 2.0115228 0.0234848 0.0202436 0.0288964 0.0361246 0.0208100 0.0235168 0.0278947 0.0322611 0.0222540 0.0290899 0.0259841 0.0355042 0.0311667 0.0214991 0.0339745 0.0259330 0.0159891 2.0078976 0.0223915 0.0161542 0.0213840 0.0204610 0.0248748 0.0466227 0.0200862 0.0309359 0.0232774 0.0177980 0.0180726 0.0275080 0.0363509 0.0239023 0.0223324 0.0169340 0.0228879 0.0278445 0.0884925 0.0178453 0.0196939 2.0131909 0.0321800 0.0283434 
Bede66737_MYH2    0.0083572 0.0214352 0.0222796 0.0061598 0.0035257 0.0000000 0.0020379 0.0077404 0.0146375 0.0053404 0.0103270 0.0268720 0.0337819 0.0132634 0.0205572 0.0181581 0.0192158 0.0197552 0.0228128 0.0303078 0.0147205 0.0143921 0.0087899 0.0227405 0.0218833 0.0214563 0.0269848 0.0207663 0.0372980 0.0256990 0.0242202 0.0237529 0.0201099 0.0205104 0.0193427 0.0392133 0.0227308 0.0263086 0.0214795 0.0223793 0.0190402 1.3244562 0.0254510 0.0210088 0.0204615 0.0361390 0.0215288 0.0234747 0.0326257 0.0341001 0.0236166 0.0327248 0.0283010 0.0261639 0.0227458 0.0222183 0.0283222 0.0189230 0.0173318 1.4254788 0.0231816 0.0174569 0.0241768 0.0218858 0.0287006 0.0401038 0.0243493 0.0234337 0.0253074 0.0190364 0.0194228 0.0199485 0.0426196 0.0190694 0.0243237 0.0186196 0.0229048 0.0291532 0.0815643 0.0190867 0.0213314 1.3586070 0.0235643 0.0303072 
BedeAUS_MYH2      0.0084581 0.0199147 0.0238351 0.0042041 0.0032022 0.0020379 0.0000000 0.0096870 0.0154042 0.0084654 0.0095895 0.0227832 0.0285036 0.0141827 0.0178600 0.0166029 0.0156205 0.0169693 0.0162207 0.0326297 0.0146896 0.0166726 0.0082090 0.0165938 0.0198957 0.0186837 0.0210714 0.0218693 0.0360022 0.0273162 0.0260419 0.0236781 0.0182321 0.0155215 0.0179777 0.0367322 0.0179755 0.0187153 0.0187044 0.0199554 0.0151208 1.6242240 0.0207863 0.0207082 0.0203217 0.0395720 0.0213304 0.0243035 0.0374461 0.0344544 0.0221732 0.0315889 0.0275802 0.0276165 0.0222199 0.0206946 0.0253184 0.0173762 0.0147009 1.7657022 0.0212953 0.0147607 0.0211581 0.0147425 0.0281069 0.0388047 0.0156784 0.0183303 0.0219971 0.0147610 0.0171723 0.0190843 0.0447795 0.0173135 0.0169103 0.0150258 0.0139754 0.0252661 0.0803919 0.0170010 0.0196795 1.7713873 0.0249799 0.0292166 
Bmus49099_MYH2    0.0093817 0.0246067 0.0219885 0.0133892 0.0150577 0.0077404 0.0096870 0.0000000 0.0140726 0.0062134 0.0102589 0.0242613 0.0264416 0.0132031 0.0231239 0.0198733 0.0205820 0.0217311 0.0268404 0.0224597 0.0149314 0.0154441 0.0095081 0.0245821 0.0234457 0.0215479 0.0263580 0.0213951 0.0357005 0.0263802 0.0224490 0.0163902 0.0204249 0.0219368 0.0129816 0.0350683 0.0307764 0.0385478 0.0188187 0.0168849 0.0211719 1.7615323 0.0187110 0.0233685 0.0239668 0.0289557 0.0225553 0.0258957 0.0330304 0.0326262 0.0249724 0.0251230 0.0272918 0.0262714 0.0211210 0.0240904 0.0233808 0.0193492 0.0202041 1.8270640 0.0229476 0.0189269 0.0200811 0.0253968 0.0298615 0.0314210 0.0238559 0.0207858 0.0259334 0.0216811 0.0206934 0.0209458 0.0363632 0.0190735 0.0277700 0.0292623 0.0270831 0.0326137 0.0699515 0.0202953 0.0232482 1.8317288 0.0241793 0.0299751 
Bmys_MYH2         0.0147036 0.0283213 0.0224183 0.0199715 0.0214386 0.0146375 0.0154042 0.0140726 0.0000000 0.0115256 0.0138961 0.0267009 0.0372798 0.0161989 0.0237453 0.0205408 0.0225780 0.0209349 0.0294438 0.0162210 0.0041910 0.0029866 0.0137189 0.0246605 0.0223552 0.0221700 0.0283906 0.0236322 0.0406696 0.0322314 0.0233285 0.0236163 0.0196814 0.0227591 0.0171643 0.0322616 0.0308659 0.0387383 0.0233605 0.0270843 0.0191089 1.8883644 0.0223027 0.0264561 0.0245887 0.0352325 0.0256315 0.0260116 0.0360276 0.0373784 0.0261805 0.0328771 0.0290476 0.0277580 0.0233635 0.0280976 0.0255130 0.0199594 0.0203818 1.9073154 0.0257732 0.0188710 0.0258187 0.0254615 0.0341932 0.0370060 0.0232208 0.0233781 0.0260411 0.0220814 0.0205584 0.0203362 0.0371605 0.0190109 0.0282012 0.0276248 0.0221086 0.0311914 0.0692479 0.0195994 0.0213844 1.9107982 0.0261238 0.0301958 
Bphy_MYH2         0.0075941 0.0253953 0.0218453 0.0105751 0.0134181 0.0053404 0.0084654 0.0062134 0.0115256 0.0000000 0.0033766 0.0242352 0.0337089 0.0122685 0.0213563 0.0184725 0.0192924 0.0197387 0.0267982 0.0256114 0.0133586 0.0135605 0.0083345 0.0240072 0.0207840 0.0204727 0.0272041 0.0219946 0.0384129 0.0293688 0.0217590 0.0206988 0.0190801 0.0205005 0.0165301 0.0329681 0.0308143 0.0367747 0.0227934 0.0247294 0.0179529 1.6664739 0.0208807 0.0234292 0.0239539 0.0358904 0.0239204 0.0251144 0.0359723 0.0336002 0.0235773 0.0320806 0.0290370 0.0262429 0.0221805 0.0256818 0.0238227 0.0183180 0.0184894 1.7491974 0.0240884 0.0176480 0.0240819 0.0240372 0.0327711 0.0364299 0.0224947 0.0215930 0.0244132 0.0197039 0.0193455 0.0203387 0.0359057 0.0189918 0.0262353 0.0288557 0.0231072 0.0297863 0.0700662 0.0190266 0.0213566 1.7519312 0.0225236 0.0278176 
Bphy_baits_MYH2   0.0102997 0.0307268 0.0275638 0.0056620 0.0082423 0.0103270 0.0095895 0.0102589 0.0138961 0.0033766 0.0000000 0.0291782 0.0401075 0.0153184 0.0239199 0.0223739 0.0200465 0.0230558 0.0245669 0.0307149 0.0154985 0.0136402 0.0121733 0.0222419 0.0219200 0.0242787 0.0295276 0.0237528 0.0409518 0.0324433 0.0273319 0.0265251 0.0246339 0.0206906 0.0225069 0.0411966 0.0237457 0.0246845 0.0256524 0.0298380 0.0230412 1.5408113 0.0315760 0.0264015 0.0266678 0.0445919 0.0286741 0.0303587 0.0444056 0.0413977 0.0273702 0.0376952 0.0329237 0.0313409 0.0247425 0.0306538 0.0314192 0.0231055 0.0190853 1.7378725 0.0266537 0.0214338 0.0274407 0.0206863 0.0291799 0.0421997 0.0311891 0.0249247 0.0279585 0.0214388 0.0210136 0.0222661 0.0510980 0.0224412 0.0224930 0.0218082 0.0269687 0.0345303 0.0895605 0.0218999 0.0242991 1.6872171 0.0313065 0.0332182 
Ccom40_MYH2       0.0254037 0.0289853 0.0267496 0.0274952 0.0249974 0.0268720 0.0227832 0.0242613 0.0267009 0.0242352 0.0291782 0.0000000 0.0233791 0.0278295 0.0096670 0.0085379 0.0119198 0.0081943 0.0209555 0.0398024 0.0278986 0.0267086 0.0275190 0.0167323 0.0098059 0.0143213 0.0224117 0.0229191 0.0458866 0.0237998 0.0271332 0.0261449 0.0120124 0.0163976 0.0080892 0.0251251 0.0126492 0.0127381 0.0102690 0.0130803 0.0068049 0.9382114 0.0166532 0.0234233 0.0263577 0.0428367 0.0220952 0.0234857 0.0307997 0.0299196 0.0188070 0.0277400 0.0214329 0.0293781 0.0266438 0.0255906 0.0148981 0.0097241 0.0077205 1.1295675 0.0225724 0.0110043 0.0183269 0.0167675 0.0371922 0.0359689 0.0156454 0.0099502 0.0080350 0.0130737 0.0105680 0.0059626 0.0331393 0.0083011 0.0119690 0.0105969 0.0096580 0.0123559 0.0791849 0.0088938 0.0059485 0.9298762 0.0247260 0.0280868 
Chea7320_MYH2     0.0335985 0.0231167 0.0252915 0.0353786 0.0321931 0.0337819 0.0285036 0.0264416 0.0372798 0.0337089 0.0401075 0.0233791 0.0000000 0.0300599 0.0251289 0.0230485 0.0198023 0.0183568 0.0227321 0.0515121 0.0379070 0.0362659 0.0309742 0.0198020 0.0205363 0.0248625 0.0248992 0.0329078 0.0478580 0.0298534 0.0352048 0.0337288 0.0194536 0.0204956 0.0165714 0.0454352 0.0196834 0.0215546 0.0168389 0.0135159 0.0197802 0.9716231 0.0260243 0.0319346 0.0312317 0.0272552 0.0241475 0.0335497 0.0327541 0.0373609 0.0330281 0.0329216 0.0331781 0.0356865 0.0327016 0.0273681 0.0279191 0.0243692 0.0235620 1.0268796 0.0229796 0.0197201 0.0299140 0.0198394 0.0437806 0.0438593 0.0149979 0.0220064 0.0322187 0.0203958 0.0210330 0.0178484 0.0414398 0.0182915 0.0208029 0.0216643 0.0200599 0.0245425 0.0924897 0.0190726 0.0220896 0.9545828 0.0213157 0.0261029 
Cmar59905_MYH2    0.0133964 0.0253575 0.0234665 0.0138891 0.0137690 0.0132634 0.0141827 0.0132031 0.0161989 0.0122685 0.0153184 0.0278295 0.0300599 0.0000000 0.0258457 0.0236097 0.0208978 0.0224876 0.0303730 0.0226207 0.0184633 0.0195313 0.0124192 0.0319336 0.0206959 0.0248065 0.0263286 0.0244916 0.0368364 0.0252404 0.0222479 0.0281900 0.0238562 0.0276614 0.0223298 0.0262850 0.0261443 0.0294480 0.0253528 0.0274070 0.0237872 1.9539172 0.0240847 0.0241872 0.0248922 0.0264762 0.0194188 0.0234601 0.0379881 0.0223915 0.0274573 0.0320589 0.0337200 0.0288821 0.0247225 0.0202593 0.0271036 0.0231141 0.0227066 1.9760952 0.0273348 0.0217746 0.0303350 0.0302649 0.0264848 0.0242587 0.0250679 0.0285798 0.0279277 0.0218287 0.0202886 0.0192719 0.0316566 0.0202854 0.0288192 0.0222305 0.0239825 0.0279641 0.0773693 0.0202502 0.0203660 1.9361233 0.0269284 0.0316694 
Dcap108471_MYH2   0.0201076 0.0251616 0.0224987 0.0203924 0.0193004 0.0205572 0.0178600 0.0231239 0.0237453 0.0213563 0.0239199 0.0096670 0.0251289 0.0258457 0.0000000 0.0016341 0.0029935 0.0033665 0.0171932 0.0345031 0.0242615 0.0199487 0.0232976 0.0110494 0.0068244 0.0079250 0.0159271 0.0206455 0.0430962 0.0259664 0.0251018 0.0233012 0.0060887 0.0089503 0.0071664 0.0227293 0.0060817 0.0111435 0.0065524 0.0115059 0.0047960 1.3221629 0.0189506 0.0238678 0.0214746 0.0428641 0.0232988 0.0245290 0.0313849 0.0341186 0.0184739 0.0314079 0.0162884 0.0220085 0.0238496 0.0249982 0.0176896 0.0068042 0.0022970 1.3584421 0.0205335 0.0065504 0.0183325 0.0116983 0.0332815 0.0310859 0.0140901 0.0060568 0.0054934 0.0062100 0.0054880 0.0051689 0.0313868 0.0033621 0.0110982 0.0052063 0.0086937 0.0076502 0.0566231 0.0027985 0.0027868 1.2809717 0.0239162 0.0300142 
Dcap79929_MYH2    0.0194990 0.0241320 0.0203813 0.0244865 0.0253790 0.0181581 0.0166029 0.0198733 0.0205408 0.0184725 0.0223739 0.0085379 0.0230485 0.0236097 0.0016341 0.0000000 0.0012061 0.0016311 0.0143998 0.0320062 0.0220761 0.0184892 0.0201470 0.0085426 0.0064147 0.0057534 0.0140082 0.0179716 0.0411728 0.0259664 0.0214023 0.0188770 0.0038079 0.0067865 0.0048141 0.0201546 0.0128006 0.0180925 0.0046443 0.0100256 0.0030194 2.0024079 0.0190150 0.0229206 0.0193795 0.0386492 0.0222028 0.0240465 0.0282963 0.0329519 0.0195471 0.0280105 0.0161959 0.0180450 0.0218641 0.0233814 0.0158486 0.0040436 0.0017534 2.0063805 0.0207581 0.0041159 0.0161357 0.0096170 0.0381910 0.0291737 0.0114066 0.0043101 0.0052799 0.0043825 0.0047328 0.0041078 0.0230317 0.0020063 0.0093868 0.0118103 0.0044527 0.0055935 0.0510204 0.0021747 0.0020388 2.0111236 0.0216580 0.0277958 
DdelSJR_MYH2      0.0198536 0.0164868 0.0185418 0.0164057 0.0192441 0.0192158 0.0156205 0.0205820 0.0225780 0.0192924 0.0200465 0.0119198 0.0198023 0.0208978 0.0029935 0.0012061 0.0000000 0.0011840 0.0131725 0.0397183 0.0231240 0.0206623 0.0183202 0.0104463 0.0075734 0.0075335 0.0112323 0.0203035 0.0437790 0.0248167 0.0227719 0.0218510 0.0051381 0.0068639 0.0051727 0.0274815 0.0064585 0.0111376 0.0062843 0.0072285 0.0025398 1.4503224 0.0187495 0.0212179 0.0206417 0.0388616 0.0179941 0.0236473 0.0293112 0.0346118 0.0181499 0.0283227 0.0170755 0.0242292 0.0222106 0.0174441 0.0196752 0.0044286 0.0025853 1.4413807 0.0188065 0.0044087 0.0158453 0.0103677 0.0342872 0.0290097 0.0102734 0.0061599 0.0075288 0.0059339 0.0045363 0.0041354 0.0321553 0.0017777 0.0111778 0.0020785 0.0042068 0.0059591 0.0596554 0.0017760 0.0030368 1.3784016 0.0215111 0.0246136 
Ddeltrop4525_MYH2 0.0197344 0.0182768 0.0204222 0.0199604 0.0184780 0.0197552 0.0169693 0.0217311 0.0209349 0.0197387 0.0230558 0.0081943 0.0183568 0.0224876 0.0033665 0.0016311 0.0011840 0.0000000 0.0135093 0.0361791 0.0213565 0.0205228 0.0201172 0.0097256 0.0057177 0.0071024 0.0104990 0.0175829 0.0433854 0.0259664 0.0248608 0.0217186 0.0046309 0.0081643 0.0064538 0.0216255 0.0060383 0.0103668 0.0041151 0.0067659 0.0023651 1.7851732 0.0185482 0.0210117 0.0187080 0.0378145 0.0185541 0.0234824 0.0290638 0.0348683 0.0194824 0.0277432 0.0154600 0.0208639 0.0217018 0.0187868 0.0172441 0.0039701 0.0024086 1.8085435 0.0186507 0.0047176 0.0178605 0.0089853 0.0298534 0.0289738 0.0124313 0.0057483 0.0064251 0.0048553 0.0040631 0.0038284 0.0298650 0.0016657 0.0090262 0.0025673 0.0044527 0.0039650 0.0552378 0.0016027 0.0026622 1.7643824 0.0185401 0.0262663 
Dleu_MYH2         0.0260468 0.0267668 0.0276447 0.0272064 0.0214581 0.0228128 0.0162207 0.0268404 0.0294438 0.0267982 0.0245669 0.0209555 0.0227321 0.0303730 0.0171932 0.0143998 0.0131725 0.0135093 0.0000000 0.0435996 0.0302322 0.0269292 0.0273969 0.0096834 0.0187258 0.0186659 0.0221511 0.0222200 0.0486836 0.0293260 0.0224673 0.0281555 0.0140414 0.0081848 0.0097589 0.0360510 0.0097183 0.0141123 0.0136081 0.0164727 0.0124399 1.6893640 0.0285764 0.0278349 0.0231218 0.0511185 0.0183613 0.0211681 0.0401128 0.0461011 0.0197710 0.0389382 0.0105213 0.0181915 0.0266782 0.0191120 0.0227809 0.0167783 0.0165856 1.7921085 0.0236724 0.0156312 0.0211425 0.0089208 0.0379829 0.0324589 0.0171676 0.0136424 0.0217996 0.0141256 0.0154033 0.0156572 0.0522141 0.0134646 0.0135519 0.0158273 0.0125342 0.0204052 0.0782576 0.0141229 0.0165663 1.7442189 0.0202599 0.0284579 
EausAUS_MYH2      0.0268056 0.0211258 0.0358904 0.0224326 0.0351850 0.0303078 0.0326297 0.0224597 0.0162210 0.0256114 0.0307149 0.0398024 0.0515121 0.0226207 0.0345031 0.0320062 0.0397183 0.0361791 0.0435996 0.0000000 0.0131581 0.0025774 0.0299903 0.0406290 0.0269701 0.0369067 0.0459208 0.0366991 0.0541532 0.0331384 0.0242302 0.0332349 0.0351900 0.0409911 0.0303108 0.0240574 0.0486371 0.0580504 0.0339268 0.0328735 0.0347989 2.2624872 0.0368820 0.0223367 0.0387486 0.0344861 0.0383077 0.0434523 0.0316300 0.0368565 0.0381553 0.0256154 0.0264672 0.0464371 0.0231822 0.0387787 0.0369981 0.0286526 0.0197566 2.1565839 0.0229651 0.0350281 0.0252109 0.0458192 0.0493529 0.0244981 0.0213644 0.0334351 0.0221061 0.0377017 0.0236641 0.0206012 0.0363270 0.0316006 0.0460442 0.0497568 0.0503838 0.0483998 0.0859758 0.0345031 0.0209619 2.1627612 0.0388002 0.0463616 
Egla13086_MYH2    0.0168431 0.0272918 0.0251041 0.0143297 0.0138688 0.0147205 0.0146896 0.0149314 0.0041910 0.0133586 0.0154985 0.0278986 0.0379070 0.0184633 0.0242615 0.0220761 0.0231240 0.0213565 0.0302322 0.0131581 0.0000000 0.0020629 0.0140305 0.0276035 0.0231319 0.0245701 0.0299300 0.0259285 0.0414950 0.0340859 0.0258150 0.0255235 0.0218276 0.0234537 0.0204917 0.0363124 0.0264742 0.0316667 0.0258712 0.0277403 0.0202830 1.9831763 0.0233713 0.0263962 0.0260774 0.0358225 0.0267179 0.0251510 0.0337559 0.0380716 0.0268609 0.0319986 0.0309600 0.0304256 0.0265108 0.0288117 0.0289091 0.0220849 0.0214226 2.0428780 0.0272681 0.0194495 0.0269339 0.0261137 0.0282290 0.0427548 0.0247946 0.0259700 0.0251593 0.0225479 0.0231465 0.0236071 0.0344233 0.0218299 0.0295625 0.0218963 0.0202056 0.0304603 0.0886311 0.0206754 0.0221880 2.0071140 0.0310191 0.0310563 
Ejap43864_MYH2    0.0135166 0.0185565 0.0198378 0.0200803 0.0223056 0.0143921 0.0166726 0.0154441 0.0029866 0.0135605 0.0136402 0.0267086 0.0362659 0.0195313 0.0199487 0.0184892 0.0206623 0.0205228 0.0269292 0.0025774 0.0020629 0.0000000 0.0146088 0.0241025 0.0226488 0.0196668 0.0239373 0.0218670 0.0379230 0.0316580 0.0240974 0.0220181 0.0187697 0.0224165 0.0173636 0.0229224 0.0329553 0.0400618 0.0191399 0.0236478 0.0180638 1.9151942 0.0231118 0.0248241 0.0206380 0.0405556 0.0235983 0.0283115 0.0365886 0.0247712 0.0244513 0.0335022 0.0271075 0.0234623 0.0220022 0.0242199 0.0268180 0.0168079 0.0174033 1.8124265 0.0221238 0.0177333 0.0259528 0.0269332 0.0360850 0.0263702 0.0207234 0.0217048 0.0230237 0.0197318 0.0212504 0.0183087 0.0379235 0.0182616 0.0280830 0.0309941 0.0209150 0.0297690 0.0814795 0.0189667 0.0218980 1.7891019 0.0262069 0.0310042 
Erob133443_MYH2   0.0110256 0.0233045 0.0243084 0.0086649 0.0082396 0.0087899 0.0082090 0.0095081 0.0137189 0.0083345 0.0121733 0.0275190 0.0309742 0.0124192 0.0232976 0.0201470 0.0183202 0.0201172 0.0273969 0.0299903 0.0140305 0.0146088 0.0000000 0.0266297 0.0217236 0.0223001 0.0248719 0.0226236 0.0398858 0.0291264 0.0205534 0.0250709 0.0212572 0.0229204 0.0189172 0.0363238 0.0236750 0.0280917 0.0222947 0.0249794 0.0210184 1.9911577 0.0208648 0.0244533 0.0228112 0.0346100 0.0226908 0.0246442 0.0350493 0.0368278 0.0252869 0.0311463 0.0309496 0.0280321 0.0249731 0.0253425 0.0280156 0.0208469 0.0207434 2.1368176 0.0260352 0.0188379 0.0269525 0.0250434 0.0273308 0.0410985 0.0206479 0.0234568 0.0253136 0.0188462 0.0203763 0.0208429 0.0345793 0.0200346 0.0266654 0.0211272 0.0211373 0.0259388 0.0816532 0.0193373 0.0197500 2.0991167 0.0278903 0.0274024 
Fatt_MYH2         0.0239126 0.0269765 0.0259002 0.0326333 0.0297641 0.0227405 0.0165938 0.0245821 0.0246605 0.0240072 0.0222419 0.0167323 0.0198020 0.0319336 0.0110494 0.0085426 0.0104463 0.0097256 0.0096834 0.0406290 0.0276035 0.0241025 0.0266297 0.0000000 0.0142861 0.0100549 0.0166725 0.0234743 0.0503778 0.0358293 0.0216607 0.0270583 0.0084626 0.0054188 0.0059121 0.0323995 0.0132727 0.0161260 0.0100513 0.0122620 0.0097399 1.9121054 0.0289166 0.0299753 0.0243513 0.0500589 0.0200913 0.0250200 0.0435047 0.0456654 0.0207556 0.0409307 0.0171212 0.0178067 0.0271044 0.0200901 0.0213795 0.0088724 0.0092582 1.9128774 0.0243204 0.0096548 0.0215969 0.0025134 0.0453442 0.0344882 0.0205567 0.0064567 0.0154728 0.0078621 0.0092335 0.0109301 0.0474621 0.0084518 0.0073222 0.0187291 0.0086120 0.0171437 0.0625186 0.0103331 0.0101033 1.9180195 0.0195113 0.0276809 
Ggri_MYH2         0.0208261 0.0186101 0.0235774 0.0201432 0.0210765 0.0218833 0.0198957 0.0234457 0.0223552 0.0207840 0.0219200 0.0098059 0.0205363 0.0206959 0.0068244 0.0064147 0.0075734 0.0057177 0.0187258 0.0269701 0.0231319 0.0226488 0.0217236 0.0142861 0.0000000 0.0082406 0.0108073 0.0244080 0.0455810 0.0243144 0.0240115 0.0271400 0.0079421 0.0108843 0.0083639 0.0127415 0.0117444 0.0133339 0.0075275 0.0106414 0.0073496 1.6210853 0.0214246 0.0241702 0.0234295 0.0394453 0.0189209 0.0273319 0.0356153 0.0191565 0.0235516 0.0317510 0.0197258 0.0248027 0.0247622 0.0235223 0.0175113 0.0064240 0.0044729 1.5770505 0.0234626 0.0037215 0.0193393 0.0117329 0.0322368 0.0199418 0.0110805 0.0117464 0.0068527 0.0049851 0.0064264 0.0052112 0.0299780 0.0059812 0.0117435 0.0072957 0.0092805 0.0087683 0.0768601 0.0071527 0.0042196 1.4564449 0.0243854 0.0324295 
Gmac39091_MYH2    0.0215430 0.0278779 0.0215878 0.0263831 0.0283591 0.0214563 0.0186837 0.0215479 0.0221700 0.0204727 0.0242787 0.0143213 0.0248625 0.0248065 0.0079250 0.0057534 0.0075335 0.0071024 0.0186659 0.0369067 0.0245701 0.0196668 0.0223001 0.0100549 0.0082406 0.0000000 0.0097248 0.0217037 0.0449738 0.0280080 0.0214766 0.0216899 0.0052943 0.0116867 0.0081008 0.0291747 0.0203748 0.0248528 0.0081993 0.0132170 0.0069423 1.6598308 0.0239904 0.0243664 0.0231247 0.0404338 0.0245044 0.0250376 0.0368883 0.0359166 0.0207620 0.0329423 0.0194031 0.0217386 0.0227647 0.0249101 0.0214281 0.0062745 0.0042146 1.6860581 0.0223158 0.0040999 0.0169423 0.0109289 0.0422094 0.0326531 0.0158109 0.0088434 0.0095301 0.0052546 0.0064077 0.0077042 0.0390715 0.0065976 0.0153644 0.0162412 0.0134528 0.0133177 0.0599581 0.0076940 0.0075136 1.6888872 0.0248996 0.0285878 
Gmel_MYH2         0.0277255 0.0235434 0.0251843 0.0297022 0.0237584 0.0269848 0.0210714 0.0263580 0.0283906 0.0272041 0.0295276 0.0224117 0.0248992 0.0263286 0.0159271 0.0140082 0.0112323 0.0104990 0.0221511 0.0459208 0.0299300 0.0239373 0.0248719 0.0166725 0.0108073 0.0097248 0.0000000 0.0261064 0.0413526 0.0360099 0.0275821 0.0286648 0.0092496 0.0174803 0.0127601 0.0289210 0.0150227 0.0254253 0.0123508 0.0126631 0.0105131 1.4761895 0.0358621 0.0265098 0.0280063 0.0456065 0.0237546 0.0306876 0.0330490 0.0512938 0.0308146 0.0370078 0.0157456 0.0251774 0.0248880 0.0259378 0.0258000 0.0140478 0.0122897 1.6354893 0.0236969 0.0065983 0.0204072 0.0161616 0.0285296 0.0322405 0.0182934 0.0185040 0.0106701 0.0084289 0.0086257 0.0115485 0.0230295 0.0094210 0.0262064 0.0095527 0.0178138 0.0098915 0.0725623 0.0110129 0.0096795 1.5576547 0.0270777 0.0313256 
Hamp_MYH2         0.0246699 0.0159575 0.0118423 0.0275028 0.0285159 0.0207663 0.0218693 0.0213951 0.0236322 0.0219946 0.0237528 0.0229191 0.0329078 0.0244916 0.0206455 0.0179716 0.0203035 0.0175829 0.0222200 0.0366991 0.0259285 0.0218670 0.0226236 0.0234743 0.0244080 0.0217037 0.0261064 0.0000000 0.0398279 0.0269158 0.0192324 0.0211569 0.0182266 0.0198101 0.0174513 0.0417655 0.0310355 0.0377451 0.0204772 0.0226794 0.0159734 1.6849453 0.0099443 0.0047295 0.0030593 0.0263034 0.0063355 0.0093845 0.0163442 0.0240169 0.0084816 0.0148408 0.0196094 0.0091898 0.0067696 0.0079907 0.0297865 0.0188969 0.0188029 1.7411910 0.0217292 0.0189259 0.0240650 0.0242927 0.0410999 0.0353121 0.0220878 0.0221133 0.0253028 0.0222539 0.0198414 0.0196196 0.0399126 0.0171208 0.0272321 0.0293801 0.0228964 0.0270814 0.0757252 0.0188353 0.0225200 1.7457850 0.0153343 0.0149092 
Hippo_MYH2        0.0377277 0.0429543 0.0393397 0.0379430 0.0347979 0.0372980 0.0360022 0.0357005 0.0406696 0.0384129 0.0409518 0.0458866 0.0478580 0.0368364 0.0430962 0.0411728 0.0437790 0.0433854 0.0486836 0.0541532 0.0414950 0.0379230 0.0398858 0.0503778 0.0455810 0.0449738 0.0413526 0.0398279 0.0000000 0.0458356 0.0399579 0.0394123 0.0445982 0.0457771 0.0389246 0.0574397 0.0451653 0.0531730 0.0412197 0.0436732 0.0433538 1.1179744 0.0413415 0.0386873 0.0376229 0.0503866 0.0371312 0.0410187 0.0380081 0.0499046 0.0415493 0.0423056 0.0320331 0.0378123 0.0371467 0.0384115 0.0456182 0.0451645 0.0400376 1.2164700 0.0412041 0.0432958 0.0410041 0.0512613 0.0387138 0.0565824 0.0402533 0.0438538 0.0420809 0.0450349 0.0432462 0.0420189 0.0369521 0.0408820 0.0507010 0.0440382 0.0514723 0.0467007 0.1180663 0.0422035 0.0443793 1.0568073 0.0394758 0.0420430 
Igeo_MYH2         0.0272818 0.0302745 0.0295037 0.0273731 0.0256823 0.0256990 0.0273162 0.0263802 0.0322314 0.0293688 0.0324433 0.0237998 0.0298534 0.0252404 0.0259664 0.0259664 0.0248167 0.0259664 0.0293260 0.0331384 0.0340859 0.0316580 0.0291264 0.0358293 0.0243144 0.0280080 0.0360099 0.0269158 0.0458356 0.0000000 0.0345314 0.0318970 0.0242698 0.0350346 0.0268966 0.0343863 0.0293469 0.0312909 0.0241269 0.0232026 0.0245641 1.8075104 0.0260518 0.0233983 0.0262853 0.0441088 0.0256903 0.0263056 0.0348805 0.0225969 0.0285586 0.0262498 0.0321473 0.0283134 0.0270404 0.0307959 0.0290142 0.0259310 0.0232026 1.8837646 0.0143664 0.0261367 0.0294337 0.0359317 0.0386080 0.0320430 0.0268449 0.0295110 0.0300269 0.0241050 0.0250309 0.0221261 0.0446604 0.0240651 0.0314436 0.0250682 0.0320657 0.0323720 0.0243950 0.0259812 0.0239001 1.8438951 0.0261180 0.0394954 
Kbre_MYH2         0.0224236 0.0208868 0.0202312 0.0293960 0.0311345 0.0242202 0.0260419 0.0224490 0.0233285 0.0217590 0.0273319 0.0271332 0.0352048 0.0222479 0.0251018 0.0214023 0.0227719 0.0248608 0.0224673 0.0242302 0.0258150 0.0240974 0.0205534 0.0216607 0.0240115 0.0214766 0.0275821 0.0192324 0.0399579 0.0345314 0.0000000 0.0054870 0.0231628 0.0223776 0.0216726 0.0245695 0.0307368 0.0326984 0.0230944 0.0282093 0.0234480 2.6724132 0.0219501 0.0205889 0.0222294 0.0373346 0.0206839 0.0270526 0.0309577 0.0216025 0.0242244 0.0286617 0.0286485 0.0233831 0.0223127 0.0217582 0.0261092 0.0222879 0.0215604 2.4023578 0.0253007 0.0221850 0.0269695 0.0221519 0.0334002 0.0288159 0.0206053 0.0230447 0.0259104 0.0231762 0.0239881 0.0207467 0.0327950 0.0211439 0.0226294 0.0385742 0.0249254 0.0306280 0.0872354 0.0240040 0.0225991 2.4389821 0.0275199 0.0329568 
Ksim_MYH2         0.0218058 0.0309323 0.0244533 0.0307393 0.0282480 0.0237529 0.0236781 0.0163902 0.0236163 0.0206988 0.0265251 0.0261449 0.0337288 0.0281900 0.0233012 0.0188770 0.0218510 0.0217186 0.0281555 0.0332349 0.0255235 0.0220181 0.0250709 0.0270583 0.0271400 0.0216899 0.0286648 0.0211569 0.0394123 0.0318970 0.0054870 0.0000000 0.0209786 0.0244539 0.0168485 0.0392085 0.0336277 0.0400872 0.0166355 0.0226142 0.0217062 1.4590020 0.0236171 0.0267912 0.0215510 0.0378803 0.0240356 0.0281018 0.0326714 0.0379420 0.0231484 0.0264155 0.0232853 0.0227789 0.0254964 0.0238088 0.0248759 0.0224929 0.0222988 1.4018183 0.0230024 0.0221743 0.0201848 0.0292822 0.0327706 0.0345354 0.0180615 0.0196793 0.0259077 0.0230614 0.0253128 0.0215595 0.0346767 0.0200844 0.0290876 0.0335167 0.0299113 0.0284348 0.0851684 0.0210010 0.0267051 1.3960060 0.0294694 0.0312070 
Lacu_MYH2         0.0202676 0.0199723 0.0197746 0.0280127 0.0272863 0.0201099 0.0182321 0.0204249 0.0196814 0.0190801 0.0246339 0.0120124 0.0194536 0.0238562 0.0060887 0.0038079 0.0051381 0.0046309 0.0140414 0.0351900 0.0218276 0.0187697 0.0212572 0.0084626 0.0079421 0.0052943 0.0092496 0.0182266 0.0445982 0.0242698 0.0231628 0.0209786 0.0000000 0.0105226 0.0070866 0.0248255 0.0170445 0.0221465 0.0058906 0.0079396 0.0051734 1.8439866 0.0217773 0.0236480 0.0191788 0.0413152 0.0203246 0.0261191 0.0359712 0.0391901 0.0212997 0.0312032 0.0183389 0.0186634 0.0206469 0.0212793 0.0171634 0.0033971 0.0026202 1.8435976 0.0189599 0.0038288 0.0174281 0.0105424 0.0364703 0.0303319 0.0141269 0.0076675 0.0072192 0.0046465 0.0056803 0.0064035 0.0287702 0.0044917 0.0134988 0.0146718 0.0081470 0.0095276 0.0575333 0.0052095 0.0044047 1.8245469 0.0198919 0.0281021 
Lalb_MYH2         0.0211599 0.0209842 0.0226586 0.0201969 0.0190459 0.0205104 0.0155215 0.0219368 0.0227591 0.0205005 0.0206906 0.0163976 0.0204956 0.0276614 0.0089503 0.0067865 0.0068639 0.0081643 0.0081848 0.0409911 0.0234537 0.0224165 0.0229204 0.0054188 0.0108843 0.0116867 0.0174803 0.0198101 0.0457771 0.0350346 0.0223776 0.0244539 0.0105226 0.0000000 0.0047834 0.0333105 0.0054356 0.0075127 0.0102935 0.0124523 0.0095777 1.5615233 0.0218328 0.0242080 0.0214873 0.0459382 0.0192729 0.0234712 0.0371285 0.0405574 0.0191074 0.0358423 0.0181897 0.0181738 0.0241625 0.0183258 0.0211725 0.0103288 0.0075038 1.6578520 0.0255736 0.0088993 0.0193348 0.0047326 0.0355573 0.0365740 0.0142066 0.0072756 0.0160118 0.0102787 0.0113273 0.0121293 0.0423932 0.0088716 0.0068508 0.0106176 0.0062977 0.0150548 0.0797551 0.0088612 0.0108902 1.5952887 0.0182254 0.0259215 
Laus_MYH2         0.0170589 0.0163385 0.0187816 0.0231665 0.0265259 0.0193427 0.0179777 0.0129816 0.0171643 0.0165301 0.0225069 0.0080892 0.0165714 0.0223298 0.0071664 0.0048141 0.0051727 0.0064538 0.0097589 0.0303108 0.0204917 0.0173636 0.0189172 0.0059121 0.0083639 0.0081008 0.0127601 0.0174513 0.0389246 0.0268966 0.0216726 0.0168485 0.0070866 0.0047834 0.0000000 0.0235233 0.0137546 0.0179106 0.0030818 0.0051504 0.0048224 1.7136237 0.0157506 0.0197587 0.0197406 0.0347192 0.0198594 0.0243341 0.0293011 0.0340976 0.0200762 0.0259757 0.0167771 0.0218745 0.0187793 0.0193697 0.0152468 0.0069031 0.0042094 1.6690189 0.0180837 0.0061394 0.0120242 0.0061323 0.0373280 0.0242951 0.0069541 0.0043152 0.0094969 0.0070597 0.0071812 0.0082329 0.0353695 0.0050091 0.0085433 0.0158336 0.0072635 0.0133080 0.0592528 0.0072045 0.0068967 1.6732668 0.0195857 0.0273682 
Lbor_MYH2         0.0323588 0.0200514 0.0402656 0.0245978 0.0361969 0.0392133 0.0367322 0.0350683 0.0322616 0.0329681 0.0411966 0.0251251 0.0454352 0.0262850 0.0227293 0.0201546 0.0274815 0.0216255 0.0360510 0.0240574 0.0363124 0.0229224 0.0363238 0.0323995 0.0127415 0.0291747 0.0289210 0.0417655 0.0574397 0.0343863 0.0245695 0.0392085 0.0248255 0.0333105 0.0235233 0.0000000 0.0239178 0.0343266 0.0240867 0.0232106 0.0211581 2.1486762 0.0317811 0.0210493 0.0466723 0.0362732 0.0374342 0.0452587 0.0270608 0.0361710 0.0410049 0.0250168 0.0212722 0.0536481 0.0264557 0.0400569 0.0289998 0.0186736 0.0081363 2.1242476 0.0240824 0.0217663 0.0226701 0.0324765 0.0439403 0.0212125 0.0134565 0.0250071 0.0064430 0.0238845 0.0099737 0.0096889 0.0224184 0.0182831 0.0335328 0.0233248 0.0260878 0.0253959 0.0759208 0.0195129 0.0027979 2.0833684 0.0403513 0.0477652 
Lhos30470_MYH2    0.0284230 0.0209039 0.0327829 0.0221890 0.0223752 0.0227308 0.0179755 0.0307764 0.0308659 0.0308143 0.0237457 0.0126492 0.0196834 0.0261443 0.0060817 0.0128006 0.0064585 0.0060383 0.0097183 0.0486371 0.0264742 0.0329553 0.0236750 0.0132727 0.0117444 0.0203748 0.0150227 0.0310355 0.0451653 0.0293469 0.0307368 0.0336277 0.0170445 0.0054356 0.0137546 0.0239178 0.0000000 0.0039263 0.0161624 0.0097639 0.0064548 2.1545641 0.0250685 0.0249003 0.0339435 0.0443641 0.0199231 0.0249952 0.0341072 0.0391048 0.0207387 0.0343575 0.0150389 0.0329194 0.0331729 0.0200990 0.0259714 0.0166105 0.0059156 2.1016556 0.0197921 0.0096609 0.0195340 0.0057151 0.0341116 0.0373741 0.0154017 0.0125879 0.0095450 0.0078395 0.0067124 0.0160380 0.0365861 0.0107538 0.0061041 0.0072917 0.0066017 0.0113956 0.0666876 0.0056289 0.0035221 2.1079011 0.0298022 0.0285391 
Lhos452_MYH2      0.0353737 0.0306114 0.0383270 0.0264737 0.0235105 0.0263086 0.0187153 0.0385478 0.0387383 0.0367747 0.0246845 0.0127381 0.0215546 0.0294480 0.0111435 0.0180925 0.0111376 0.0103668 0.0141123 0.0580504 0.0316667 0.0400618 0.0280917 0.0161260 0.0133339 0.0248528 0.0254253 0.0377451 0.0531730 0.0312909 0.0326984 0.0400872 0.0221465 0.0075127 0.0179106 0.0343266 0.0039263 0.0000000 0.0221894 0.0179071 0.0110893 1.8944162 0.0276091 0.0315270 0.0378764 0.0508203 0.0225162 0.0249827 0.0415935 0.0405774 0.0204531 0.0407522 0.0189240 0.0353728 0.0440602 0.0256830 0.0283537 0.0199763 0.0107306 1.8447799 0.0252624 0.0143192 0.0238672 0.0076571 0.0401853 0.0503690 0.0193284 0.0157013 0.0115560 0.0122227 0.0126435 0.0185451 0.0446021 0.0162645 0.0028668 0.0110757 0.0066518 0.0138965 0.0754934 0.0109762 0.0069269 1.8493272 0.0363173 0.0306045 
Lobl_MYH2         0.0227454 0.0236309 0.0222742 0.0273653 0.0279520 0.0214795 0.0187044 0.0188187 0.0233605 0.0227934 0.0256524 0.0102690 0.0168389 0.0253528 0.0065524 0.0046443 0.0062843 0.0041151 0.0136081 0.0339268 0.0258712 0.0191399 0.0222947 0.0100513 0.0075275 0.0081993 0.0123508 0.0204772 0.0412197 0.0241269 0.0230944 0.0166355 0.0058906 0.0102935 0.0030818 0.0240867 0.0161624 0.0221894 0.0000000 0.0029377 0.0050142 1.9912372 0.0205194 0.0218847 0.0225481 0.0353447 0.0195236 0.0252476 0.0292319 0.0321251 0.0206831 0.0252158 0.0127660 0.0224781 0.0205533 0.0193250 0.0186297 0.0054750 0.0031831 2.0270787 0.0179012 0.0053146 0.0127091 0.0096592 0.0419203 0.0249629 0.0127810 0.0058009 0.0059198 0.0070559 0.0064122 0.0064959 0.0284173 0.0046789 0.0111194 0.0148727 0.0095047 0.0097489 0.0582056 0.0058999 0.0052346 2.0323670 0.0227702 0.0282086 
Lobs_MYH2         0.0235005 0.0244089 0.0246551 0.0265385 0.0211244 0.0223793 0.0199554 0.0168849 0.0270843 0.0247294 0.0298380 0.0130803 0.0135159 0.0274070 0.0115059 0.0100256 0.0072285 0.0067659 0.0164727 0.0328735 0.0277403 0.0236478 0.0249794 0.0122620 0.0106414 0.0132170 0.0126631 0.0226794 0.0436732 0.0232026 0.0282093 0.0226142 0.0079396 0.0124523 0.0051504 0.0232106 0.0097639 0.0179071 0.0029377 0.0000000 0.0065814 1.3114960 0.0234149 0.0253682 0.0220734 0.0330248 0.0215541 0.0276434 0.0304994 0.0386692 0.0262093 0.0239646 0.0171031 0.0237515 0.0258923 0.0220675 0.0177657 0.0120881 0.0087503 1.4046011 0.0184104 0.0074492 0.0165744 0.0129811 0.0316648 0.0256014 0.0106131 0.0111156 0.0128684 0.0073307 0.0079353 0.0090749 0.0283717 0.0065219 0.0182143 0.0075037 0.0128203 0.0119497 0.0632591 0.0073295 0.0067492 1.3423072 0.0221240 0.0308341 
LperAUS_MYH2      0.0184604 0.0182886 0.0204693 0.0200510 0.0176839 0.0190402 0.0151208 0.0211719 0.0191089 0.0179529 0.0230412 0.0068049 0.0197802 0.0237872 0.0047960 0.0030194 0.0025398 0.0023651 0.0124399 0.0347989 0.0202830 0.0180638 0.0210184 0.0097399 0.0073496 0.0069423 0.0105131 0.0159734 0.0433538 0.0245641 0.0234480 0.0217062 0.0051734 0.0095777 0.0048224 0.0211581 0.0064548 0.0110893 0.0050142 0.0065814 0.0000000 0.7571859 0.0176715 0.0202352 0.0179661 0.0405243 0.0179021 0.0221118 0.0302222 0.0352838 0.0180761 0.0301729 0.0171209 0.0180293 0.0213467 0.0180470 0.0160864 0.0037691 0.0019249 0.7844425 0.0180945 0.0043927 0.0171550 0.0103470 0.0306121 0.0304416 0.0104779 0.0061694 0.0067812 0.0047552 0.0038671 0.0041086 0.0333528 0.0017707 0.0111044 0.0020601 0.0057019 0.0075059 0.0611130 0.0029611 0.0030152 0.7680335 0.0163738 0.0231737 
Lvex_MYH2         1.6315642 1.8914408 1.3198055 1.9866848 2.0115228 1.3244562 1.6242240 1.7615323 1.8883644 1.6664739 1.5408113 0.9382114 0.9716231 1.9539172 1.3221629 2.0024079 1.4503224 1.7851732 1.6893640 2.2624872 1.9831763 1.9151942 1.9911577 1.9121054 1.6210853 1.6598308 1.4761895 1.6849453 1.1179744 1.8075104 2.6724132 1.4590020 1.8439866 1.5615233 1.7136237 2.1486762 2.1545641 1.8944162 1.9912372 1.3114960 0.7571859 0.0000000 2.0003818 2.2489389 1.6081405 1.9803964 1.7567926 2.0730975 2.2068741 1.0740253 0.9400098 2.4370473 2.0070921 1.5731447 1.8653655 1.3870600 1.7106880 1.8203830 1.2276968 0.0218049 1.5730001 1.4371601 1.9433224 1.7749472 1.8965402 2.1127205 2.2995267 2.0098953 2.5756823 1.8398522 1.8380571 1.7645818 2.8102291 1.7618291 1.5873948 1.8771791 2.9423589 2.9996458 2.6558701 1.7509095 2.8282850 0.0225965 0.7495838 0.7261807 
Mbid_MYH2         0.0215274 0.0241824 0.0082878 0.0220500 0.0234848 0.0254510 0.0207863 0.0187110 0.0223027 0.0208807 0.0315760 0.0166532 0.0260243 0.0240847 0.0189506 0.0190150 0.0187495 0.0185482 0.0285764 0.0368820 0.0233713 0.0231118 0.0208648 0.0289166 0.0214246 0.0239904 0.0358621 0.0099443 0.0413415 0.0260518 0.0219501 0.0236171 0.0217773 0.0218328 0.0157506 0.0317811 0.0250685 0.0276091 0.0205194 0.0234149 0.0176715 2.0003818 0.0000000 0.0084172 0.0073029 0.0137978 0.0097152 0.0113344 0.0178127 0.0177551 0.0042207 0.0057206 0.0241884 0.0203718 0.0089079 0.0130506 0.0214893 0.0205391 0.0184871 1.9991787 0.0251735 0.0214192 0.0243468 0.0289941 0.0357462 0.0450248 0.0277451 0.0212446 0.0234202 0.0219996 0.0180333 0.0191420 0.0439100 0.0185688 0.0265484 0.0197959 0.0243978 0.0257553 0.1069963 0.0184647 0.0205015 2.0269021 0.0156287 0.0092809 
Mbow_MYH2         0.0225982 0.0158066 0.0138854 0.0220160 0.0202436 0.0210088 0.0207082 0.0233685 0.0264561 0.0234292 0.0264015 0.0234233 0.0319346 0.0241872 0.0238678 0.0229206 0.0212179 0.0210117 0.0278349 0.0223367 0.0263962 0.0248241 0.0244533 0.0299753 0.0241702 0.0243664 0.0265098 0.0047295 0.0386873 0.0233983 0.0205889 0.0267912 0.0236480 0.0242080 0.0197587 0.0210493 0.0249003 0.0315270 0.0218847 0.0253682 0.0202352 2.2489389 0.0084172 0.0000000 0.0016886 0.0297525 0.0052056 0.0060669 0.0139412 0.0068721 0.0105916 0.0123110 0.0215638 0.0112521 0.0073841 0.0074735 0.0249546 0.0235747 0.0211882 2.2250802 0.0229109 0.0218402 0.0275103 0.0289930 0.0328354 0.0279561 0.0213726 0.0260350 0.0272540 0.0210079 0.0201653 0.0193152 0.0415410 0.0201978 0.0304715 0.0228255 0.0229553 0.0267927 0.0997848 0.0201790 0.0219997 2.2027656 0.0093161 0.0169821 
Mcar_MYH2         0.0251128 0.0148297 0.0110083 0.0303919 0.0288964 0.0204615 0.0203217 0.0239668 0.0245887 0.0239539 0.0266678 0.0263577 0.0312317 0.0248922 0.0214746 0.0193795 0.0206417 0.0187080 0.0231218 0.0387486 0.0260774 0.0206380 0.0228112 0.0243513 0.0234295 0.0231247 0.0280063 0.0030593 0.0376229 0.0262853 0.0222294 0.0215510 0.0191788 0.0214873 0.0197406 0.0466723 0.0339435 0.0378764 0.0225481 0.0220734 0.0179661 1.6081405 0.0073029 0.0016886 0.0000000 0.0284747 0.0041865 0.0071672 0.0167856 0.0214368 0.0045694 0.0164210 0.0220725 0.0089760 0.0051089 0.0045659 0.0338969 0.0176294 0.0189770 1.6109039 0.0235916 0.0191043 0.0275504 0.0260562 0.0419566 0.0430738 0.0297720 0.0229720 0.0270459 0.0231438 0.0211133 0.0212098 0.0431817 0.0179602 0.0285213 0.0303882 0.0246149 0.0287320 0.0784960 0.0193311 0.0233680 1.5876781 0.0126767 0.0137862 
Mden_MYH2         0.0344407 0.0230284 0.0196611 0.0367804 0.0361246 0.0361390 0.0395720 0.0289557 0.0352325 0.0358904 0.0445919 0.0428367 0.0272552 0.0264762 0.0428641 0.0386492 0.0388616 0.0378145 0.0511185 0.0344861 0.0358225 0.0405556 0.0346100 0.0500589 0.0394453 0.0404338 0.0456065 0.0263034 0.0503866 0.0441088 0.0373346 0.0378803 0.0413152 0.0459382 0.0347192 0.0362732 0.0443641 0.0508203 0.0353447 0.0330248 0.0405243 1.9803964 0.0137978 0.0297525 0.0284747 0.0000000 0.0238660 0.0358938 0.0250207 0.0132190 0.0347315 0.0260154 0.0528325 0.0433233 0.0301840 0.0239266 0.0384501 0.0385527 0.0387046 1.8938151 0.0382553 0.0368016 0.0381928 0.0478801 0.0438629 0.0336670 0.0289868 0.0447817 0.0441216 0.0370559 0.0354929 0.0379569 0.0272294 0.0361399 0.0510283 0.0415482 0.0464103 0.0459543 0.1158861 0.0369561 0.0382780 1.8452856 0.0288693 0.0213106 
