99
Bacu_HTT         0.0000000 0.1378410 0.1032763 0.0095407 0.0290804 0.0278690 0.0328007 0.0342431 0.0414344 0.0311882 0.0338853 0.4212504 0.1352387 0.4062690 0.0911882 0.4626348 0.0419400 0.1144268 0.0980946 0.0982293 0.0978506 0.0938039 0.0372417 0.3680170 0.0521058 0.0410218 0.0322453 0.1360253 0.0941396 0.1093435 0.0933138 0.2604694 0.2563938 0.2109294 0.4795588 0.0897610 0.1137489 0.1110216 0.1008507 0.1238939 0.0919192 0.0994488 0.0970964 0.0938342 0.0954548 0.0897267 0.0916245 0.1577606 0.1020475 0.0912699 0.1241269 0.1368417 0.0834077 0.0924914 0.0763348 0.0919134 0.0843119 0.0911947 0.0920310 0.6972636 0.0480115 0.0888414 0.0891708 0.0917015 0.1383255 0.0989527 0.4514460 0.0889746 0.0924279 0.0947288 0.1005161 0.0881669 0.1117457 0.0984506 0.0894527 0.0999817 0.1181151 0.4574408 0.0932525 0.0968401 0.1336858 0.0947801 0.1007407 0.0971102 0.0964165 0.1026951 0.1647539 0.0931500 0.1037839 0.0966824 0.0982099 0.0992020 0.0930228 0.0965566 0.4887603 0.0992830 0.0872621 0.0987456 0.0902390 
Barn_HTT         0.1378410 0.0000000 0.0523343 0.1367244 0.1385892 0.1344381 0.1345149 0.1403227 0.1194891 0.1385197 0.1303766 0.5246401 0.0624528 0.4980587 0.1257077 0.4715601 0.1305636 0.1728119 0.1148411 0.1233988 0.1182911 0.1165541 0.1168203 0.4078631 0.1146396 0.1184687 0.1322728 0.1208528 0.1198121 0.1640852 0.1153052 0.3188049 0.3454335 0.0112468 0.4743747 0.1167600 0.1712822 0.1562494 0.1310314 0.1712379 0.1201514 0.1078399 0.1159380 0.1208399 0.1184498 0.1163481 0.1199305 0.1271677 0.1000227 0.0769700 0.1508211 0.0218824 0.0768100 0.0782003 0.0873078 0.0735455 0.0775796 0.0734219 0.1166719 0.7319386 0.1644172 0.0762991 0.0768178 0.0722957 0.1224118 0.1237949 0.5334454 0.1187328 0.1153954 0.1193821 0.1368259 0.1228080 0.1232347 0.1257212 0.1218903 0.1402855 0.1002174 0.4946588 0.1203556 0.1216375 0.0736037 0.1182555 0.1209056 0.1164590 0.1192936 0.1206000 0.0627711 0.1162265 0.1221729 0.1148884 0.1176403 0.1182761 0.1192686 0.1235555 0.6515100 0.1237452 0.0790849 0.1191453 0.0776066 
Bbai76728_HTT    0.1032763 0.0523343 0.0000000 0.0986223 0.0792679 0.0814999 0.0815155 0.1078706 0.0865206 0.1019948 0.0815633 0.4616526 0.1214908 0.4449732 0.0772590 0.4895513 0.0805981 0.1030563 0.0913281 0.0804751 0.0781453 0.0876340 0.0774979 0.3923704 0.0742046 0.0744474 0.0815410 0.1299299 0.0802303 0.0964231 0.0864898 0.2814888 0.2548507 0.1467041 0.4942803 0.0768522 0.1042876 0.1016920 0.0851101 0.1125930 0.0776614 0.0775068 0.0922704 0.0754934 0.0927380 0.0722676 0.0763359 0.1083038 0.0395188 0.0253214 0.0649692 0.0601547 0.0269838 0.0257822 0.0240439 0.0289444 0.0265335 0.0252077 0.0876873 0.7108837 0.1242924 0.0294183 0.0272847 0.0269708 0.0957492 0.0949797 0.4962080 0.0744407 0.0859417 0.0927630 0.0822290 0.0735329 0.0889333 0.0826105 0.0749770 0.1032156 0.1035481 0.4858704 0.0767363 0.0968403 0.1163522 0.0756239 0.0772643 0.0935442 0.0767260 0.0876833 0.1548815 0.0903254 0.0823171 0.0742235 0.0769052 0.0783856 0.0790339 0.0817198 0.5571436 0.0947511 0.0306328 0.0940931 0.0273842 
BbonAUS_HTT      0.0095407 0.1367244 0.0986223 0.0000000 0.0269213 0.0257787 0.0264055 0.0323145 0.0363803 0.0307568 0.0299527 0.4371225 0.1229794 0.4187760 0.0814855 0.4609494 0.0398248 0.1083844 0.0871086 0.0911858 0.0891682 0.0857711 0.0321365 0.3666162 0.0455588 0.0346522 0.0310878 0.1332566 0.0860029 0.1007629 0.0846045 0.2586071 0.2560374 0.2231723 0.4754250 0.0814980 0.1094866 0.1105056 0.0884205 0.1181593 0.0826031 0.0856947 0.0851949 0.0802673 0.0880902 0.0782087 0.0818653 0.1021447 0.0994065 0.0863802 0.1222232 0.1348484 0.0830966 0.0872948 0.0730350 0.0898173 0.0852386 0.0869814 0.0839951 0.7005251 0.0490184 0.0865177 0.0862680 0.0868314 0.0883371 0.0901150 0.4658655 0.0809382 0.0809531 0.0872502 0.0928353 0.0768960 0.0898134 0.0862980 0.0784847 0.1002830 0.1173461 0.4514128 0.0775617 0.0885465 0.1282057 0.0821334 0.0898597 0.0866175 0.0876663 0.0950016 0.1588573 0.0848953 0.0928541 0.0854404 0.0856809 0.0889025 0.0841671 0.0891478 0.5114554 0.0908937 0.0823242 0.0902575 0.0863570 
Bbor_HTT         0.0290804 0.1385892 0.0792679 0.0269213 0.0000000 0.0070691 0.0078178 0.0210292 0.0313015 0.0252020 0.0307235 0.4055523 0.1256151 0.4010659 0.0752230 0.4350318 0.0354909 0.0760183 0.0787694 0.0793206 0.0796735 0.0701516 0.0270039 0.3457606 0.0296848 0.0343676 0.0277940 0.1259439 0.0749476 0.0697187 0.0674027 0.2484627 0.2489814 0.2211225 0.4607689 0.0779844 0.0972566 0.0946832 0.0823949 0.0762930 0.0710020 0.0758978 0.0714547 0.0747148 0.0725635 0.0749410 0.0715916 0.1275058 0.0928871 0.0793737 0.0779097 0.1092316 0.0722278 0.0764307 0.0672143 0.0802403 0.0747397 0.0790701 0.0687624 0.6725535 0.0468166 0.0774004 0.0782938 0.0775423 0.1107782 0.0765547 0.4413761 0.0712003 0.0721567 0.0721470 0.0785233 0.0722643 0.0872597 0.0782531 0.0729319 0.0793404 0.0939000 0.4337958 0.0744393 0.0740064 0.1282986 0.0757181 0.0778383 0.0750401 0.0713767 0.0841940 0.1547123 0.0722241 0.0823679 0.0761580 0.0751980 0.0757458 0.0714279 0.0752109 0.5005056 0.0765816 0.0757355 0.0750325 0.0783640 
Bede66737_HTT    0.0278690 0.1344381 0.0814999 0.0257787 0.0070691 0.0000000 0.0057864 0.0210086 0.0322470 0.0252345 0.0292430 0.4103814 0.1219896 0.3973630 0.0735245 0.4344623 0.0339734 0.0730369 0.0821207 0.0833550 0.0825040 0.0740101 0.0249609 0.3437888 0.0295335 0.0334921 0.0268308 0.1201766 0.0767898 0.0677098 0.0713490 0.2441067 0.2470850 0.2158303 0.4530854 0.0755208 0.0951685 0.0968004 0.0830942 0.0796475 0.0753922 0.0749142 0.0757987 0.0761277 0.0767890 0.0719252 0.0703503 0.1378761 0.0964161 0.0810647 0.0755018 0.1141392 0.0747749 0.0806850 0.0641260 0.0843236 0.0771164 0.0807986 0.0722036 0.6716118 0.0462791 0.0805614 0.0815947 0.0838289 0.1136814 0.0799478 0.4421295 0.0737402 0.0758364 0.0763720 0.0835875 0.0695861 0.0861203 0.0805735 0.0699085 0.0828341 0.1054298 0.4291748 0.0728397 0.0772781 0.1272287 0.0736290 0.0819413 0.0771540 0.0753472 0.0876877 0.1611564 0.0772703 0.0861763 0.0790220 0.0775170 0.0798145 0.0752452 0.0791607 0.4814066 0.0798125 0.0755581 0.0787054 0.0803276 
BedeAUS_HTT      0.0328007 0.1345149 0.0815155 0.0264055 0.0078178 0.0057864 0.0000000 0.0239033 0.0362308 0.0295126 0.0295612 0.4016451 0.1195191 0.4036535 0.0786692 0.4352552 0.0315204 0.0777540 0.0818994 0.0871332 0.0828309 0.0784380 0.0267047 0.3442691 0.0314146 0.0355533 0.0259664 0.1298356 0.0809309 0.0687715 0.0780760 0.2477408 0.2546511 0.2181962 0.4630993 0.0767831 0.0989260 0.0958169 0.0809499 0.0850877 0.0749690 0.0764924 0.0783601 0.0730203 0.0827442 0.0766145 0.0770966 0.1541076 0.0942517 0.0824942 0.0758707 0.1150928 0.0768582 0.0809431 0.0629801 0.0857058 0.0782211 0.0820576 0.0765634 0.6703764 0.0509341 0.0806795 0.0794917 0.0826458 0.1282835 0.0851137 0.4272610 0.0770528 0.0748330 0.0813279 0.0851953 0.0711766 0.0884977 0.0798836 0.0757130 0.0914949 0.1078922 0.4327944 0.0764016 0.0818455 0.1246783 0.0738719 0.0830611 0.0830731 0.0773630 0.0881063 0.1626717 0.0787502 0.0862051 0.0804285 0.0848560 0.0784430 0.0757648 0.0842496 0.4854689 0.0788982 0.0803909 0.0842677 0.0772267 
Bmus_HTT         0.0342431 0.1403227 0.1078706 0.0323145 0.0210292 0.0210086 0.0239033 0.0000000 0.0400639 0.0277556 0.0277380 0.4163650 0.1386398 0.4055001 0.0921125 0.4562984 0.0410272 0.1126140 0.0963213 0.0999731 0.0978575 0.0920423 0.0368165 0.3661986 0.0521358 0.0418244 0.0281775 0.1346043 0.0941177 0.1088852 0.0900905 0.2575705 0.2517117 0.2229652 0.4785803 0.0887002 0.1141821 0.1118982 0.1012375 0.1229665 0.0937000 0.0978981 0.0958699 0.0924834 0.0929506 0.0888633 0.0929951 0.1560372 0.1014701 0.0917226 0.1263197 0.1396727 0.0861567 0.0919672 0.0770138 0.0934608 0.0862201 0.0901182 0.0909850 0.6956309 0.0455302 0.0887956 0.0919694 0.0925887 0.1392816 0.0990155 0.4448341 0.0898693 0.0941610 0.0937199 0.0963272 0.0872272 0.1142319 0.0963367 0.0885238 0.0971038 0.1187914 0.4524526 0.0932376 0.0965208 0.1352948 0.0934571 0.0981249 0.0958174 0.0972923 0.1031370 0.1690973 0.0931347 0.1042434 0.0966015 0.0977998 0.0970074 0.0933804 0.0965389 0.4845610 0.0979129 0.0881509 0.0969748 0.0932851 
Bmys_HTT         0.0414344 0.1194891 0.0865206 0.0363803 0.0313015 0.0322470 0.0362308 0.0400639 0.0000000 0.0310530 0.0375894 0.4208501 0.1154154 0.4055159 0.0745656 0.4476320 0.0364086 0.0944427 0.0796402 0.0776971 0.0785476 0.0753112 0.0099774 0.3510814 0.0213675 0.0126703 0.0276303 0.1209301 0.0769239 0.0952639 0.0740151 0.2465703 0.2401729 0.1913848 0.4644062 0.0674928 0.0951575 0.0935101 0.0864920 0.1073316 0.0750037 0.0769408 0.0764449 0.0745152 0.0776334 0.0737636 0.0715448 0.1118065 0.0704007 0.0715283 0.1056405 0.1147505 0.0671450 0.0773764 0.0556110 0.0750577 0.0682976 0.0726785 0.0738811 0.6822252 0.0486402 0.0721758 0.0726732 0.0782296 0.1024296 0.0790836 0.4511593 0.0717602 0.0757836 0.0772693 0.0809056 0.0722840 0.0875961 0.0819181 0.0741544 0.0818202 0.0940162 0.4421256 0.0761761 0.0794317 0.1122126 0.0770626 0.0787624 0.0779975 0.0792558 0.0835847 0.1385239 0.0742823 0.0853753 0.0761699 0.0789739 0.0789744 0.0746192 0.0770411 0.4860021 0.0767798 0.0713548 0.0783497 0.0750482 
Bphy_HTT         0.0311882 0.1385197 0.1019948 0.0307568 0.0252020 0.0252345 0.0295126 0.0277556 0.0310530 0.0000000 0.0027091 0.4076362 0.1243789 0.3856765 0.0754056 0.4689150 0.0371668 0.0735603 0.0812795 0.0813819 0.0832392 0.0808720 0.0297649 0.3741053 0.0458470 0.0330432 0.0242796 0.1272681 0.0815423 0.0717077 0.0777533 0.2573124 0.2511048 0.2307864 0.4777627 0.0802143 0.1000191 0.0979170 0.0860345 0.0850741 0.0803559 0.0827791 0.0810992 0.0776061 0.0818059 0.0745885 0.0764782 0.0979775 0.0971883 0.0821998 0.0802326 0.1358712 0.0768659 0.0855112 0.0639341 0.0815082 0.0794440 0.0862693 0.0800621 0.6854414 0.0342076 0.0803875 0.0857356 0.0877308 0.0861055 0.0869320 0.4307704 0.0757554 0.0798183 0.0801931 0.0901879 0.0718513 0.0965195 0.0862748 0.0739196 0.0905398 0.1131672 0.4519362 0.0797022 0.0858969 0.1208308 0.0777781 0.0846067 0.0807817 0.0832366 0.0891995 0.1555968 0.0781511 0.0900718 0.0791149 0.0813049 0.0813047 0.0789517 0.0804208 0.4728313 0.0830742 0.0811271 0.0846467 0.0856109 
Bphy_baits_HTT   0.0338853 0.1303766 0.0815633 0.0299527 0.0307235 0.0292430 0.0295612 0.0277380 0.0375894 0.0027091 0.0000000 0.4038564 0.1159729 0.4007757 0.0750355 0.4540961 0.0385831 0.1006502 0.0758845 0.0784155 0.0772388 0.0734254 0.0308619 0.3652792 0.0358656 0.0371368 0.0272392 0.1280258 0.0760769 0.0962394 0.0717293 0.2579737 0.2550285 0.2271083 0.4775085 0.0855817 0.1081913 0.0988623 0.0822985 0.1087323 0.0696970 0.0779923 0.0733492 0.0727077 0.0748788 0.0736046 0.0747021 0.1365449 0.0950155 0.0810751 0.1239261 0.1146080 0.0763350 0.0801995 0.0637494 0.0799128 0.0755122 0.0839536 0.0725288 0.7042794 0.0320727 0.0811234 0.0807856 0.0786210 0.1131705 0.0771453 0.4382025 0.0709141 0.0712036 0.0739877 0.0850944 0.0714814 0.0894858 0.0807768 0.0736230 0.0937809 0.1055186 0.4364946 0.0782462 0.0767700 0.1217806 0.0767609 0.0755344 0.0763011 0.0747311 0.0827540 0.1485729 0.0740350 0.0840393 0.0729217 0.0777699 0.0761146 0.0695385 0.0776870 0.4911185 0.0743261 0.0765576 0.0804740 0.0793253 
Btau_HTT         0.4212504 0.5246401 0.4616526 0.4371225 0.4055523 0.4103814 0.4016451 0.4163650 0.4208501 0.4076362 0.4038564 0.0000000 0.5136027 0.2003039 0.4309237 0.6782430 0.4171752 0.4586454 0.4519772 0.4475641 0.4472837 0.4284336 0.4315867 0.6032576 0.4381883 0.4254287 0.4419172 0.4889397 0.4279914 0.4512326 0.4228964 0.4532245 0.4862713 0.6284783 0.6994918 0.4353811 0.4584418 0.4568726 0.4519459 0.4581156 0.4329346 0.4397643 0.4387252 0.4303400 0.4246303 0.4287646 0.4325415 0.5129048 0.4643070 0.4323768 0.4995721 0.5293048 0.4415701 0.4240244 0.4567741 0.4373196 0.4555738 0.4525534 0.4285382 0.8748529 0.4436897 0.4316543 0.4466809 0.4447045 0.4931209 0.4377389 0.1637674 0.4358048 0.4376845 0.4292800 0.4515491 0.4245274 0.4535694 0.4412607 0.4254711 0.4274161 0.4625420 0.6358843 0.4323865 0.4278038 0.4911554 0.4335352 0.4525063 0.4388280 0.4298838 0.4418783 0.5633801 0.4358442 0.4512770 0.4389557 0.4354030 0.4363354 0.4382530 0.4276787 0.5899951 0.4392797 0.4425473 0.4248903 0.4657538 
Ccom40_HTT       0.1352387 0.0624528 0.1214908 0.1229794 0.1256151 0.1219896 0.1195191 0.1386398 0.1154154 0.1243789 0.1159729 0.5136027 0.0000000 0.4945629 0.0422520 0.5126601 0.1184329 0.0918840 0.0569182 0.0591648 0.0568379 0.0658216 0.1147714 0.4164000 0.1131119 0.1172257 0.1218135 0.1205682 0.0526817 0.0794838 0.0495452 0.3111043 0.3275281 0.0569401 0.5300295 0.0903174 0.1565564 0.1404412 0.0638890 0.0969779 0.0389959 0.0320401 0.0483608 0.0544984 0.0392611 0.0412809 0.0417261 0.1068722 0.1359746 0.1246172 0.1790333 0.0740855 0.1137385 0.1285645 0.1319995 0.1212765 0.1219957 0.1222830 0.0657980 0.7357567 0.1541255 0.1215700 0.1257479 0.1168198 0.0726518 0.0733020 0.5553497 0.0509433 0.0495432 0.0510886 0.1126163 0.0552123 0.0679981 0.0740660 0.0557728 0.1279713 0.0972302 0.5135109 0.0728386 0.0727918 0.0319887 0.0555693 0.0577519 0.0520589 0.0541447 0.0652737 0.0192983 0.0553341 0.0570283 0.0508117 0.0509772 0.0570591 0.0541452 0.0579443 0.5970580 0.0532761 0.1168878 0.0526109 0.1165181 
Cela_HTT         0.4062690 0.4980587 0.4449732 0.4187760 0.4010659 0.3973630 0.4036535 0.4055001 0.4055159 0.3856765 0.4007757 0.2003039 0.4945629 0.0000000 0.4081853 0.6539988 0.4123664 0.4371717 0.4384077 0.4193163 0.4311242 0.4130052 0.4143517 0.5885152 0.4313273 0.4045790 0.4178797 0.4768378 0.4169850 0.4404993 0.4085753 0.4177027 0.4441401 0.6261511 0.6755316 0.4279120 0.4328642 0.4317446 0.4312390 0.4447960 0.4126064 0.4249970 0.4279888 0.4230349 0.4087702 0.4144067 0.4094060 0.4980645 0.4591684 0.4259111 0.4806825 0.5060798 0.4285686 0.4223441 0.4345674 0.4306857 0.4439793 0.4323528 0.4119137 0.8599717 0.4238366 0.4201868 0.4341434 0.4334133 0.4660687 0.4110439 0.2178325 0.4165263 0.4206426 0.4127890 0.4345961 0.4155558 0.4505565 0.4250481 0.4136432 0.4083706 0.4497364 0.6240882 0.4261524 0.4116414 0.4658772 0.4264684 0.4357093 0.4292795 0.4118687 0.4355588 0.5315433 0.4198064 0.4371315 0.4253649 0.4273056 0.4287085 0.4200641 0.4120630 0.5730286 0.4347950 0.4354099 0.4113074 0.4470796 
Chea7320_HTT     0.0911882 0.1257077 0.0772590 0.0814855 0.0752230 0.0735245 0.0786692 0.0921125 0.0745656 0.0754056 0.0750355 0.4309237 0.0422520 0.4081853 0.0000000 0.4571766 0.0717512 0.0197012 0.0206593 0.0214699 0.0225475 0.0305605 0.0707918 0.3562355 0.0730787 0.0747248 0.0742691 0.0612776 0.0177701 0.0133282 0.0126533 0.2571137 0.2486594 0.2285625 0.4873179 0.0510368 0.1035934 0.0964159 0.0319238 0.0246888 0.0026186 0.0063285 0.0151772 0.0201449 0.0056848 0.0069851 0.0052955 0.0819611 0.0904055 0.0815744 0.0856003 0.1141357 0.0721604 0.0820229 0.0720421 0.0810976 0.0792988 0.0795041 0.0305527 0.6866464 0.0968213 0.0796203 0.0811997 0.0777236 0.0350997 0.0346026 0.4606330 0.0139331 0.0152171 0.0200909 0.0681604 0.0158358 0.0439451 0.0367370 0.0158445 0.0857040 0.0944185 0.4571357 0.0335839 0.0331475 0.0750686 0.0184433 0.0184450 0.0143146 0.0138561 0.0262741 0.0872527 0.0185363 0.0213891 0.0137506 0.0163530 0.0198045 0.0172491 0.0180481 0.4901597 0.0169696 0.0718071 0.0180168 0.0774864 
Clfam_HTT        0.4626348 0.4715601 0.4895513 0.4609494 0.4350318 0.4344623 0.4352552 0.4562984 0.4476320 0.4689150 0.4540961 0.6782430 0.5126601 0.6539988 0.4571766 0.0000000 0.4493398 0.5036522 0.4756629 0.4614899 0.4700904 0.4632505 0.4279533 0.3669039 0.4680071 0.4587744 0.4353914 0.5180228 0.4530868 0.4833977 0.4600292 0.5351076 0.5596917 0.5596635 0.4972388 0.4651909 0.4958522 0.4850774 0.4769351 0.4890516 0.4725569 0.4676815 0.4766549 0.4718991 0.4613299 0.4467403 0.4573848 0.5547103 0.4535368 0.4537562 0.5061409 0.5125707 0.4368558 0.4589167 0.4155591 0.4361764 0.4337090 0.4300207 0.4637895 0.6806925 0.4826559 0.4582357 0.4484532 0.4602901 0.5288043 0.4723271 0.7163037 0.4486998 0.4593574 0.4656797 0.4797653 0.4611630 0.4316975 0.4624359 0.4536800 0.4751149 0.4952867 0.3275916 0.4608757 0.4711296 0.4800545 0.4566415 0.4589368 0.4464234 0.4635511 0.4727000 0.4999257 0.4587487 0.4669033 0.4759334 0.4492144 0.4646823 0.4722905 0.4603950 0.6732922 0.4538699 0.4479977 0.4682044 0.4426698 
Cmar59905_HTT    0.0419400 0.1305636 0.0805981 0.0398248 0.0354909 0.0339734 0.0315204 0.0410272 0.0364086 0.0371668 0.0385831 0.4171752 0.1184329 0.4123664 0.0717512 0.4493398 0.0000000 0.0722707 0.0775851 0.0824195 0.0788829 0.0751956 0.0308915 0.3610961 0.0333895 0.0348235 0.0358564 0.1254002 0.0773234 0.0684187 0.0756994 0.2514437 0.2519439 0.1949195 0.4667744 0.0758230 0.0934342 0.0963598 0.0810433 0.0805228 0.0756534 0.0767301 0.0777361 0.0712990 0.0784119 0.0696925 0.0737371 0.1378150 0.0951627 0.0779614 0.0758916 0.1148681 0.0742427 0.0775291 0.0643773 0.0831524 0.0779934 0.0828970 0.0734012 0.6736950 0.0568558 0.0805301 0.0796125 0.0792945 0.1171592 0.0798361 0.4482703 0.0716796 0.0724349 0.0793374 0.0810256 0.0699280 0.0819964 0.0769766 0.0711392 0.0853525 0.1000778 0.4421752 0.0701910 0.0789006 0.1196408 0.0728165 0.0810569 0.0769383 0.0779924 0.0853685 0.1572521 0.0766530 0.0828918 0.0797230 0.0782706 0.0801731 0.0775715 0.0790599 0.4967239 0.0783599 0.0746989 0.0798408 0.0790067 
Dcap108471_HTT   0.1144268 0.1728119 0.1030563 0.1083844 0.0760183 0.0730369 0.0777540 0.1126140 0.0944427 0.0735603 0.1006502 0.4586454 0.0918840 0.4371717 0.0197012 0.5036522 0.0722707 0.0000000 0.0253930 0.0266877 0.0276291 0.0532927 0.0944807 0.4014604 0.0951421 0.0727247 0.1012502 0.0602754 0.0401638 0.0137405 0.0344460 0.2952590 0.3025064 0.2341077 0.5266445 0.0803973 0.1275891 0.1272307 0.0566539 0.0209263 0.0170034 0.0454289 0.0304884 0.0068418 0.0380569 0.0404783 0.0420337 0.1450152 0.1193621 0.0800659 0.1027873 0.1505219 0.0962284 0.0791244 0.1174075 0.1082780 0.1030652 0.1086827 0.0520754 0.7403754 0.1131089 0.0779485 0.1071340 0.1012229 0.0906980 0.0555589 0.4862119 0.0341952 0.0360064 0.0393223 0.0920841 0.0155887 0.0939432 0.0602825 0.0157847 0.1099285 0.0992656 0.4965354 0.0589434 0.0566847 0.1081342 0.0304684 0.0370964 0.0372330 0.0146960 0.0406293 0.1393293 0.0270448 0.0341430 0.0105771 0.0312850 0.0304436 0.0052311 0.0079393 0.5228461 0.0326212 0.0907152 0.0303896 0.1039684 
Dcap79929_HTT    0.0980946 0.1148411 0.0913281 0.0871086 0.0787694 0.0821207 0.0818994 0.0963213 0.0796402 0.0812795 0.0758845 0.4519772 0.0569182 0.4384077 0.0206593 0.4756629 0.0775851 0.0253930 0.0000000 0.0037784 0.0036064 0.0353380 0.0713105 0.3774492 0.0902512 0.0808160 0.0829899 0.0637020 0.0185237 0.0375614 0.0147197 0.2778012 0.2652830 0.2007532 0.4918819 0.0498209 0.1087828 0.1036272 0.0299171 0.0453221 0.0175348 0.0177280 0.0095888 0.0061928 0.0186255 0.0182854 0.0182591 0.1213420 0.0853777 0.0808541 0.1223878 0.1331242 0.0695137 0.0824545 0.0654756 0.0794049 0.0783645 0.0799492 0.0337435 0.7137631 0.1054761 0.0811819 0.0829105 0.0784361 0.0729277 0.0369581 0.4790703 0.0115064 0.0135981 0.0182537 0.0626422 0.0167103 0.0441125 0.0387187 0.0166183 0.0945312 0.1024058 0.4662087 0.0336881 0.0394076 0.0719020 0.0112923 0.0115552 0.0143819 0.0161582 0.0183083 0.0742771 0.0068622 0.0114474 0.0120127 0.0093065 0.0087594 0.0064770 0.0096953 0.5162879 0.0105749 0.0697641 0.0108129 0.0756928 
DdelSJR_HTT      0.0982293 0.1233988 0.0804751 0.0911858 0.0793206 0.0833550 0.0871332 0.0999731 0.0776971 0.0813819 0.0784155 0.4475641 0.0591648 0.4193163 0.0214699 0.4614899 0.0824195 0.0266877 0.0037784 0.0000000 0.0029118 0.0381265 0.0716275 0.3623127 0.0766764 0.0799905 0.0840507 0.0656483 0.0195949 0.0393673 0.0154147 0.2690469 0.2652596 0.2341077 0.4762903 0.0535296 0.1099543 0.1076288 0.0350638 0.0461009 0.0197540 0.0215430 0.0116087 0.0102447 0.0202050 0.0208204 0.0188998 0.0705016 0.0930365 0.0830708 0.1234583 0.1178988 0.0725890 0.0830738 0.0700595 0.0826523 0.0779316 0.0833362 0.0356683 0.6865185 0.1057386 0.0842197 0.0843472 0.0813189 0.0430458 0.0405399 0.4688289 0.0132419 0.0149732 0.0206150 0.0665232 0.0181044 0.0454261 0.0408252 0.0179390 0.0928887 0.1036738 0.4586268 0.0368683 0.0414956 0.0770430 0.0127033 0.0126600 0.0156350 0.0159618 0.0206388 0.0741743 0.0070614 0.0134219 0.0126305 0.0111266 0.0110631 0.0073478 0.0100252 0.4881719 0.0123067 0.0708682 0.0106328 0.0782280 
Ddeltrop4525_HTT 0.0978506 0.1182911 0.0781453 0.0891682 0.0796735 0.0825040 0.0828309 0.0978575 0.0785476 0.0832392 0.0772388 0.4472837 0.0568379 0.4311242 0.0225475 0.4700904 0.0788829 0.0276291 0.0036064 0.0029118 0.0000000 0.0340643 0.0699452 0.3737891 0.0771137 0.0806724 0.0831414 0.0656696 0.0190976 0.0394498 0.0162503 0.2749186 0.2634117 0.2031891 0.4870710 0.0520667 0.1096861 0.1033667 0.0311573 0.0470203 0.0189959 0.0193092 0.0110932 0.0087719 0.0201536 0.0203949 0.0191977 0.0833987 0.0869434 0.0813178 0.1202280 0.1147606 0.0695395 0.0814672 0.0671162 0.0789477 0.0770538 0.0792493 0.0324673 0.6925807 0.1042573 0.0811899 0.0817103 0.0784439 0.0379592 0.0363281 0.4725038 0.0133928 0.0154731 0.0213513 0.0645377 0.0181617 0.0432912 0.0399514 0.0189690 0.0921449 0.1059176 0.4698779 0.0359369 0.0381256 0.0736255 0.0126579 0.0128305 0.0161557 0.0171120 0.0197036 0.0762639 0.0091940 0.0134663 0.0119441 0.0110295 0.0099669 0.0086163 0.0121422 0.5004110 0.0113949 0.0702485 0.0111783 0.0729713 
Dleu_HTT         0.0938039 0.1165541 0.0876340 0.0857711 0.0701516 0.0740101 0.0784380 0.0920423 0.0753112 0.0808720 0.0734254 0.4284336 0.0658216 0.4130052 0.0305605 0.4632505 0.0751956 0.0532927 0.0353380 0.0381265 0.0340643 0.0000000 0.0687641 0.3644549 0.0864887 0.0714599 0.0792771 0.0745176 0.0342609 0.0487927 0.0318978 0.2609189 0.2429621 0.1719994 0.4850279 0.0533627 0.1060209 0.1079136 0.0421684 0.0584713 0.0321455 0.0331038 0.0318494 0.0326842 0.0322313 0.0288310 0.0304818 0.1236701 0.0848696 0.0770145 0.1092069 0.1273826 0.0715624 0.0761079 0.0691258 0.0782834 0.0738144 0.0797714 0.0048347 0.6905865 0.1002211 0.0768213 0.0756428 0.0719678 0.0613057 0.0237600 0.4657992 0.0270907 0.0288242 0.0335765 0.0630201 0.0295119 0.0323383 0.0235839 0.0307230 0.0924675 0.0995708 0.4581633 0.0215610 0.0225148 0.0609031 0.0330667 0.0307852 0.0314799 0.0329749 0.0388443 0.0969337 0.0318603 0.0364560 0.0307757 0.0316696 0.0350884 0.0337080 0.0328428 0.4923830 0.0340407 0.0625732 0.0345845 0.0739894 
EausAUS_HTT      0.0372417 0.1168203 0.0774979 0.0321365 0.0270039 0.0249609 0.0267047 0.0368165 0.0099774 0.0297649 0.0308619 0.4315867 0.1147714 0.4143517 0.0707918 0.4279533 0.0308915 0.0944807 0.0713105 0.0716275 0.0699452 0.0687641 0.0000000 0.3412629 0.0164401 0.0077183 0.0255420 0.1212853 0.0677070 0.0896821 0.0662661 0.2442446 0.2394372 0.1991693 0.4426932 0.0600373 0.0914931 0.0896292 0.0766888 0.1004556 0.0688153 0.0716611 0.0691557 0.0669785 0.0702826 0.0680143 0.0710851 0.0842702 0.0772483 0.0652047 0.1054075 0.1132120 0.0601771 0.0666985 0.0519744 0.0655094 0.0627266 0.0693329 0.0669716 0.6646108 0.0456977 0.0657096 0.0661575 0.0649004 0.0725572 0.0719401 0.4595223 0.0629929 0.0652672 0.0684606 0.0719576 0.0647430 0.0901938 0.0712501 0.0674084 0.0752893 0.0751555 0.4258879 0.0692509 0.0729079 0.1095656 0.0705867 0.0728592 0.0675776 0.0710732 0.0774198 0.1363758 0.0690177 0.0752235 0.0674080 0.0692560 0.0693782 0.0669024 0.0702711 0.4909233 0.0704058 0.0622279 0.0720263 0.0656629 
Ecab_HTT         0.3680170 0.4078631 0.3923704 0.3666162 0.3457606 0.3437888 0.3442691 0.3661986 0.3510814 0.3741053 0.3652792 0.6032576 0.4164000 0.5885152 0.3562355 0.3669039 0.3610961 0.4014604 0.3774492 0.3623127 0.3737891 0.3644549 0.3412629 0.0000000 0.3736190 0.3593820 0.3648693 0.4097800 0.3592442 0.3916001 0.3638778 0.4286067 0.4380994 0.5545695 0.3820797 0.3709616 0.3933180 0.3936570 0.3845662 0.3953723 0.3739206 0.3696577 0.3770651 0.3760716 0.3603906 0.3509254 0.3590805 0.4472917 0.3662867 0.3607641 0.4176226 0.4240795 0.3526866 0.3668999 0.3298811 0.3531219 0.3469529 0.3624071 0.3636747 0.5819986 0.3958901 0.3680948 0.3679641 0.3788474 0.4222942 0.3753073 0.6424115 0.3532904 0.3676150 0.3690201 0.3662871 0.3619058 0.3505057 0.3724550 0.3562252 0.3674030 0.3592696 0.4073854 0.3707760 0.3736215 0.4132233 0.3676100 0.3733536 0.3592710 0.3666196 0.3831411 0.3810830 0.3645424 0.3795631 0.3832362 0.3598038 0.3732968 0.3726172 0.3584507 0.5986549 0.3602963 0.3573377 0.3692049 0.3446649 
Egla13086_HTT    0.0521058 0.1146396 0.0742046 0.0455588 0.0296848 0.0295335 0.0314146 0.0521358 0.0213675 0.0458470 0.0358656 0.4381883 0.1131119 0.4313273 0.0730787 0.4680071 0.0333895 0.0951421 0.0902512 0.0766764 0.0771137 0.0864887 0.0164401 0.3736190 0.0000000 0.0041458 0.0262936 0.1232266 0.0755335 0.0928932 0.0866759 0.2650184 0.2391147 0.1890507 0.4885479 0.0676908 0.0939368 0.0910152 0.0806538 0.1072154 0.0732522 0.0770573 0.0875372 0.0690275 0.0907353 0.0715161 0.0724603 0.1387898 0.0828312 0.0709142 0.1044715 0.0997088 0.0653594 0.0729960 0.0543383 0.0746602 0.0666821 0.0722748 0.0849015 0.7131262 0.0643714 0.0686156 0.0703010 0.0731115 0.1235018 0.0897567 0.4698015 0.0695533 0.0852243 0.0903323 0.0792744 0.0704679 0.0900150 0.0787054 0.0719316 0.0941045 0.0946063 0.4659508 0.0743308 0.0911091 0.1087906 0.0729203 0.0788678 0.0915522 0.0780910 0.0821988 0.1415218 0.0870677 0.0830936 0.0767622 0.0794129 0.0766830 0.0718431 0.0755131 0.5166069 0.0888257 0.0697784 0.0915744 0.0704713 
Ejap43864_HTT    0.0410218 0.1184687 0.0744474 0.0346522 0.0343676 0.0334921 0.0355533 0.0418244 0.0126703 0.0330432 0.0371368 0.4254287 0.1172257 0.4045790 0.0747248 0.4587744 0.0348235 0.0727247 0.0808160 0.0799905 0.0806724 0.0714599 0.0077183 0.3593820 0.0041458 0.0000000 0.0272970 0.1219402 0.0783920 0.0714619 0.0741159 0.2513599 0.2425617 0.2129468 0.4809167 0.0668325 0.0905989 0.0893161 0.0855940 0.0839740 0.0741875 0.0770027 0.0738416 0.0758858 0.0779479 0.0735564 0.0730021 0.1269507 0.0882650 0.0734745 0.0726155 0.1080808 0.0709288 0.0785605 0.0560032 0.0815176 0.0726662 0.0775724 0.0706316 0.7081366 0.0531438 0.0740336 0.0764688 0.0800723 0.1069377 0.0746685 0.4585185 0.0724080 0.0747142 0.0762201 0.0794975 0.0712768 0.0893639 0.0807766 0.0740334 0.0836517 0.0958368 0.4487587 0.0735848 0.0757989 0.1151485 0.0783308 0.0802394 0.0789196 0.0764142 0.0860126 0.1421612 0.0766273 0.0867297 0.0757229 0.0792699 0.0805694 0.0746013 0.0772567 0.4904709 0.0752154 0.0739744 0.0779894 0.0761154 
Erob133443_HTT   0.0322453 0.1322728 0.0815410 0.0310878 0.0277940 0.0268308 0.0259664 0.0281775 0.0276303 0.0242796 0.0272392 0.4419172 0.1218135 0.4178797 0.0742691 0.4353914 0.0358564 0.1012502 0.0829899 0.0840507 0.0831414 0.0792771 0.0255420 0.3648693 0.0262936 0.0272970 0.0000000 0.1309562 0.0778287 0.0963465 0.0779559 0.2551388 0.2485574 0.2116538 0.4600930 0.0748790 0.1048422 0.1036020 0.0847918 0.1142771 0.0760943 0.0793898 0.0818175 0.0704742 0.0831808 0.0746778 0.0746811 0.0988607 0.0986588 0.0781660 0.1170384 0.1130801 0.0767921 0.0774336 0.0663950 0.0805549 0.0753921 0.0818384 0.0787910 0.6796733 0.0409065 0.0815385 0.0810399 0.0788378 0.0824621 0.0848247 0.4781081 0.0734819 0.0752089 0.0798064 0.0887648 0.0689619 0.0887348 0.0830423 0.0702586 0.0964193 0.1024904 0.4335852 0.0762687 0.0818059 0.1254018 0.0778583 0.0803782 0.0799637 0.0825318 0.0881341 0.1525350 0.0785546 0.0871361 0.0801178 0.0825245 0.0832406 0.0740816 0.0803538 0.5290058 0.0819127 0.0757358 0.0840920 0.0801468 
Fatt_HTT         0.1360253 0.1208528 0.1299299 0.1332566 0.1259439 0.1201766 0.1298356 0.1346043 0.1209301 0.1272681 0.1280258 0.4889397 0.1205682 0.4768378 0.0612776 0.5180228 0.1254002 0.0602754 0.0637020 0.0656483 0.0656696 0.0745176 0.1212853 0.4097800 0.1232266 0.1219402 0.1309562 0.0000000 0.0527457 0.0472167 0.0460087 0.3004099 0.3278359 0.5232750 0.5537658 0.1135953 0.1505883 0.1523674 0.0774790 0.0197300 0.0636055 0.0676725 0.0612343 0.0620140 0.0570963 0.0598065 0.0613332 0.1785614 0.1531758 0.1345712 0.1374681 0.1872554 0.1259271 0.1289507 0.1758953 0.1409803 0.1362493 0.1403681 0.0732181 0.7660441 0.1536433 0.1273066 0.1335579 0.1287437 0.1170858 0.0781893 0.5235693 0.0538907 0.0568139 0.0549384 0.0648816 0.0493053 0.1365806 0.0353976 0.0482018 0.1350752 0.2148870 0.5140101 0.0827423 0.0772628 0.1408076 0.0624955 0.0700026 0.0065549 0.0068032 0.0701274 0.2105773 0.0636420 0.0191728 0.0565412 0.0643101 0.0637504 0.0641890 0.0614299 0.5482969 0.0628021 0.1196146 0.0610802 0.1333713 
Ggri_HTT         0.0941396 0.1198121 0.0802303 0.0860029 0.0749476 0.0767898 0.0809309 0.0941177 0.0769239 0.0815423 0.0760769 0.4279914 0.0526817 0.4169850 0.0177701 0.4530868 0.0773234 0.0401638 0.0185237 0.0195949 0.0190976 0.0342609 0.0677070 0.3592442 0.0755335 0.0783920 0.0778287 0.0527457 0.0000000 0.0286051 0.0076489 0.2597690 0.2460145 0.2094659 0.4773329 0.0473387 0.1080626 0.1016821 0.0286316 0.0427810 0.0157631 0.0153037 0.0147627 0.0183255 0.0165354 0.0162944 0.0145681 0.1173216 0.0877178 0.0815505 0.1214395 0.1177753 0.0708730 0.0791077 0.0715096 0.0767614 0.0775714 0.0783383 0.0326806 0.6897096 0.1011477 0.0803026 0.0812817 0.0805824 0.0688331 0.0357680 0.4606461 0.0100713 0.0115781 0.0138110 0.0625270 0.0079331 0.0448016 0.0380671 0.0081418 0.0906488 0.1007150 0.4469017 0.0347104 0.0358869 0.0712993 0.0184905 0.0128113 0.0057354 0.0085873 0.0237591 0.0849805 0.0165649 0.0174697 0.0124836 0.0137613 0.0179915 0.0157643 0.0174094 0.4887971 0.0138888 0.0675251 0.0177269 0.0766330 
Gmac39091_HTT    0.1093435 0.1640852 0.0964231 0.1007629 0.0697187 0.0677098 0.0687715 0.1088852 0.0952639 0.0717077 0.0962394 0.4512326 0.0794838 0.4404993 0.0133282 0.4833977 0.0684187 0.0137405 0.0375614 0.0393673 0.0394498 0.0487927 0.0896821 0.3916001 0.0928932 0.0714619 0.0963465 0.0472167 0.0286051 0.0000000 0.0227724 0.2809413 0.2920916 0.2004825 0.5167307 0.0763855 0.1257273 0.1221052 0.0469162 0.0175540 0.0123539 0.0369897 0.0330143 0.0116304 0.0337999 0.0337441 0.0344404 0.1457165 0.1108422 0.0759721 0.0964041 0.1396624 0.0928504 0.0745050 0.1130956 0.1034640 0.0997428 0.1013408 0.0479646 0.7269100 0.1085420 0.0720837 0.1003230 0.0943950 0.0875208 0.0518271 0.4810518 0.0289855 0.0298178 0.0317377 0.0875977 0.0029966 0.0834426 0.0552230 0.0029248 0.1097508 0.0949226 0.4794826 0.0539374 0.0539175 0.0973905 0.0355861 0.0382794 0.0269733 0.0047400 0.0445564 0.1413182 0.0358217 0.0394647 0.0085138 0.0357962 0.0364494 0.0116199 0.0142801 0.5255514 0.0343970 0.0887444 0.0371690 0.0964700 
Gmel_HTT         0.0933138 0.1153052 0.0864898 0.0846045 0.0674027 0.0713490 0.0780760 0.0900905 0.0740151 0.0777533 0.0717293 0.4228964 0.0495452 0.4085753 0.0126533 0.4600292 0.0756994 0.0344460 0.0147197 0.0154147 0.0162503 0.0318978 0.0662661 0.3638778 0.0866759 0.0741159 0.0779559 0.0460087 0.0076489 0.0227724 0.0000000 0.2552421 0.2407032 0.1927522 0.4769393 0.0475446 0.1063209 0.1021766 0.0273086 0.0375311 0.0121974 0.0120665 0.0106035 0.0143610 0.0133105 0.0124952 0.0097325 0.1247870 0.0794657 0.0753275 0.1122318 0.1244163 0.0661773 0.0758270 0.0677415 0.0750570 0.0714950 0.0745686 0.0309043 0.6874781 0.0950875 0.0765133 0.0763002 0.0733848 0.0757758 0.0346279 0.4511497 0.0075806 0.0088419 0.0126568 0.0617733 0.0042020 0.0401434 0.0347452 0.0044848 0.0911967 0.0971369 0.4509700 0.0309067 0.0366602 0.0663271 0.0141728 0.0119705 0.0054815 0.0060713 0.0203788 0.0772678 0.0116593 0.0165776 0.0090554 0.0128371 0.0148368 0.0116260 0.0132071 0.4856959 0.0107520 0.0621903 0.0152936 0.0731999 
Hamp_HTT         0.2604694 0.3188049 0.2814888 0.2586071 0.2484627 0.2441067 0.2477408 0.2575705 0.2465703 0.2573124 0.2579737 0.4532245 0.3111043 0.4177027 0.2571137 0.5351076 0.2514437 0.2952590 0.2778012 0.2690469 0.2749186 0.2609189 0.2442446 0.4286067 0.2650184 0.2513599 0.2551388 0.3004099 0.2597690 0.2809413 0.2552421 0.0000000 0.0228873 0.4003264 0.5284682 0.2638515 0.2726352 0.2836534 0.2679280 0.3039288 0.2648143 0.2751037 0.2794764 0.2729041 0.2583369 0.2547163 0.2550580 0.3373613 0.2794376 0.2566308 0.3031595 0.3202241 0.2647958 0.2541213 0.2655394 0.2674494 0.2566502 0.2648556 0.2618695 0.7415880 0.2899356 0.2521745 0.2578234 0.2596519 0.3139882 0.2699481 0.4699241 0.2518040 0.2600785 0.2613746 0.2726259 0.2522708 0.2803371 0.2701630 0.2473422 0.2634142 0.2734283 0.5081962 0.2728046 0.2674669 0.3210530 0.2715650 0.2748198 0.2702685 0.2669028 0.2818210 0.3484461 0.2694284 0.2847305 0.2706568 0.2753886 0.2754133 0.2714683 0.2679028 0.5027961 0.2680268 0.2528427 0.2650599 0.2564201 
Hippo_HTT        0.2563938 0.3454335 0.2548507 0.2560374 0.2489814 0.2470850 0.2546511 0.2517117 0.2401729 0.2511048 0.2550285 0.4862713 0.3275281 0.4441401 0.2486594 0.5596917 0.2519439 0.3025064 0.2652830 0.2652596 0.2634117 0.2429621 0.2394372 0.4380994 0.2391147 0.2425617 0.2485574 0.3278359 0.2460145 0.2920916 0.2407032 0.0228873 0.0000000 0.4085695 0.5112769 0.2619499 0.2703759 0.2790542 0.2608072 0.3123302 0.2555687 0.2546158 0.2594041 0.2635440 0.2466167 0.2456609 0.2501928 0.2857316 0.2889881 0.2511714 0.3247623 0.3114422 0.2559829 0.2528225 0.2199126 0.2578943 0.2539282 0.2606287 0.2450595 0.7340933 0.2885967 0.2520267 0.2549305 0.2559135 0.2468853 0.2517571 0.5029162 0.2425939 0.2533767 0.2450327 0.2691023 0.2410932 0.2766916 0.2577160 0.2414704 0.2569672 0.2855825 0.5095250 0.2581707 0.2504171 0.3207643 0.2651026 0.2651224 0.2506619 0.2554545 0.2716392 0.4007315 0.2629043 0.2744042 0.2564454 0.2549022 0.2644730 0.2625202 0.2609315 0.4959803 0.2597348 0.2511673 0.2519738 0.2499602 
Hpla9120_HTT     0.2109294 0.0112468 0.1467041 0.2231723 0.2211225 0.2158303 0.2181962 0.2229652 0.1913848 0.2307864 0.2271083 0.6284783 0.0569401 0.6261511 0.2285625 0.5596635 0.1949195 0.2341077 0.2007532 0.2341077 0.2031891 0.1719994 0.1991693 0.5545695 0.1890507 0.2129468 0.2116538 0.5232750 0.2094659 0.2004825 0.1927522 0.4003264 0.4085695 0.0000000 0.6124856 0.2298495 0.2672130 0.2515666 0.2105795 0.2259575 0.2005677 0.1727577 0.1949111 0.2195631 0.1925004 0.2005677 0.2221965 0.2055211 0.1371265 0.1465410 0.1557531 0.0085699 0.1563069 0.1593866 0.1514007 0.1390554 0.1615736 0.1431844 0.1767494 0.8587888 0.2411041 0.1347726 0.1412395 0.1369157 0.1946147 0.1970201 0.6851147 0.2169366 0.1981287 0.1858787 0.2205607 0.2338512 0.1385821 0.2087982 0.2195544 0.2303311 0.0945449 0.5349330 0.1950798 0.1925737 0.0608318 0.2053909 0.2053909 0.2209159 0.2136218 0.2251799 0.0567780 0.2006649 0.2342495 0.2009111 0.1928070 0.2032232 0.2169366 0.2246822 0.8375844 0.2274092 0.1696191 0.1945780 0.1443624 
Hsap_HTT         0.4795588 0.4743747 0.4942803 0.4754250 0.4607689 0.4530854 0.4630993 0.4785803 0.4644062 0.4777627 0.4775085 0.6994918 0.5300295 0.6755316 0.4873179 0.4972388 0.4667744 0.5266445 0.4918819 0.4762903 0.4870710 0.4850279 0.4426932 0.3820797 0.4885479 0.4809167 0.4600930 0.5537658 0.4773329 0.5167307 0.4769393 0.5284682 0.5112769 0.6124856 0.0000000 0.4689125 0.5207523 0.4939369 0.5051982 0.5146376 0.4886679 0.4775113 0.4885935 0.5039572 0.4805687 0.4735772 0.4847534 0.5729850 0.4511863 0.4729355 0.5244431 0.5150083 0.4527180 0.4880683 0.4140555 0.4475823 0.4335373 0.4481244 0.4861229 0.5487318 0.4794628 0.4763126 0.4593291 0.4914175 0.5529811 0.4916695 0.7255233 0.4791391 0.4875771 0.4827664 0.4975889 0.4913948 0.4872162 0.4912193 0.4913664 0.4911052 0.4875615 0.5414004 0.4730723 0.4893485 0.5097119 0.4869874 0.4844416 0.4778503 0.4786784 0.5056042 0.4928340 0.4815496 0.5000071 0.4989118 0.4748059 0.4900118 0.4848758 0.4846671 0.6950052 0.4699801 0.4725375 0.4860202 0.4422576 
Igeo_HTT         0.0897610 0.1167600 0.0768522 0.0814980 0.0779844 0.0755208 0.0767831 0.0887002 0.0674928 0.0802143 0.0855817 0.4353811 0.0903174 0.4279120 0.0510368 0.4651909 0.0758230 0.0803973 0.0498209 0.0535296 0.0520667 0.0533627 0.0600373 0.3709616 0.0676908 0.0668325 0.0748790 0.1135953 0.0473387 0.0763855 0.0475446 0.2638515 0.2619499 0.2298495 0.4689125 0.0000000 0.1161944 0.1106026 0.0600554 0.0813423 0.0513559 0.0503107 0.0468539 0.0491158 0.0504746 0.0480998 0.0498806 0.1029690 0.0878348 0.0788526 0.1349637 0.1146160 0.0758925 0.0799956 0.0623962 0.0821184 0.0774725 0.0783881 0.0523915 0.6872505 0.1038615 0.0781538 0.0812117 0.0760552 0.0840844 0.0576585 0.4692966 0.0499493 0.0491536 0.0500105 0.0472617 0.0505088 0.0645627 0.0588977 0.0512620 0.0903146 0.0935653 0.4746183 0.0526078 0.0569044 0.1016889 0.0483091 0.0538302 0.0476315 0.0505450 0.0492833 0.1157850 0.0497758 0.0519412 0.0470225 0.0461510 0.0516688 0.0492213 0.0501494 0.5333214 0.0525163 0.0685697 0.0509734 0.0739166 
Kbre_HTT         0.1137489 0.1712822 0.1042876 0.1094866 0.0972566 0.0951685 0.0989260 0.1141821 0.0951575 0.1000191 0.1081913 0.4584418 0.1565564 0.4328642 0.1035934 0.4958522 0.0934342 0.1275891 0.1087828 0.1099543 0.1096861 0.1060209 0.0914931 0.3933180 0.0939368 0.0905989 0.1048422 0.1505883 0.1080626 0.1257273 0.1063209 0.2726352 0.2703759 0.2672130 0.5207523 0.1161944 0.0000000 0.0323390 0.1199173 0.1374870 0.1020463 0.1198226 0.1102753 0.1050963 0.1065486 0.1024156 0.1097261 0.1626427 0.1247608 0.1027559 0.1456868 0.1475117 0.1034106 0.1023367 0.1050567 0.1115115 0.1094841 0.1159294 0.1038927 0.7369136 0.1254443 0.1031903 0.1097175 0.1066122 0.1432307 0.1116952 0.4865197 0.1013584 0.1047489 0.1109911 0.1152228 0.1020036 0.1328504 0.1101887 0.1013250 0.0742416 0.0783080 0.4827570 0.1117345 0.1109513 0.1534149 0.1097032 0.1147446 0.1061701 0.1060661 0.1161294 0.1988792 0.1076014 0.1156805 0.1057722 0.1112425 0.1084123 0.1033072 0.1030964 0.5130951 0.1085653 0.1007789 0.1110072 0.1132872 
Ksim_HTT         0.1110216 0.1562494 0.1016920 0.1105056 0.0946832 0.0968004 0.0958169 0.1118982 0.0935101 0.0979170 0.0988623 0.4568726 0.1404412 0.4317446 0.0964159 0.4850774 0.0963598 0.1272307 0.1036272 0.1076288 0.1033667 0.1079136 0.0896292 0.3936570 0.0910152 0.0893161 0.1036020 0.1523674 0.1016821 0.1221052 0.1021766 0.2836534 0.2790542 0.2515666 0.4939369 0.1106026 0.0323390 0.0000000 0.1074242 0.1379878 0.0980465 0.1093352 0.1045681 0.0984152 0.1025047 0.0936558 0.1027325 0.1231296 0.1224599 0.1000452 0.1413060 0.1420470 0.0948018 0.0974677 0.0959376 0.1023952 0.1061899 0.1069373 0.1060786 0.7269497 0.1282624 0.1026035 0.1031599 0.1011756 0.1093231 0.1109040 0.4851744 0.0954914 0.0976910 0.1052602 0.1133455 0.0939406 0.1247515 0.1065676 0.0967448 0.0749676 0.0795642 0.4712238 0.1033120 0.1098564 0.1477645 0.1030568 0.1042676 0.0993142 0.1019485 0.1097207 0.1842356 0.1032351 0.1087003 0.1002005 0.1060711 0.1052761 0.1033093 0.1026847 0.5151694 0.1020507 0.0955186 0.1056591 0.1042759 
Lacu_HTT         0.1008507 0.1310314 0.0851101 0.0884205 0.0823949 0.0830942 0.0809499 0.1012375 0.0864920 0.0860345 0.0822985 0.4519459 0.0638890 0.4312390 0.0319238 0.4769351 0.0810433 0.0566539 0.0299171 0.0350638 0.0311573 0.0421684 0.0766888 0.3845662 0.0806538 0.0855940 0.0847918 0.0774790 0.0286316 0.0469162 0.0273086 0.2679280 0.2608072 0.2105795 0.5051982 0.0600554 0.1199173 0.1074242 0.0000000 0.0595019 0.0264891 0.0270187 0.0259810 0.0262537 0.0306847 0.0306134 0.0304544 0.1387486 0.0971269 0.0876874 0.1279482 0.1216951 0.0804009 0.0889410 0.0826994 0.0846411 0.0847551 0.0868691 0.0408913 0.7185094 0.1056125 0.0836011 0.0841914 0.0833255 0.0854500 0.0415319 0.4726814 0.0252205 0.0250980 0.0277318 0.0717418 0.0257107 0.0528131 0.0437046 0.0283332 0.1022506 0.0987758 0.4659507 0.0394996 0.0465444 0.0841779 0.0305719 0.0311503 0.0282606 0.0243221 0.0363337 0.1040860 0.0279558 0.0310428 0.0244987 0.0314149 0.0294696 0.0242752 0.0323714 0.5136889 0.0277114 0.0841384 0.0332353 0.0834442 
