Supplemental results for CODEML (seqf: /home/leticiamagpali/phd/evol_models/codeml/big_dataset/cml_align/OTOF_codon_aligned.phy  treef: /home/leticiamagpali/phd/evol_models/codeml/big_dataset/cml_trees/gene_trees/H2_gene_trees/OTOF_tree_H2.tre)

I	J	ij	2Ns_IJ	pMut_IJ	pSub_IJ	2Ns_JI	pMut_JI	pSub_JI

TTC	TTT	CT	-0.49402	0.07497	0.05797	0.49402	0.04574	0.05797
TTA	TTT	AT	6.57611	0.00001	0.00008	-6.57611	0.00844	0.00008
TTA	TTC	AC	7.07013	0.00002	0.00017	-7.07013	0.02846	0.00017
TTG	TTT	GT	1.33830	0.00248	0.00449	-1.33830	0.00944	0.00449
TTG	TTC	GC	1.83232	0.00509	0.01111	-1.83232	0.03182	0.01111
TTG	TTA	GA	-5.23782	0.01735	0.00049	5.23782	0.00009	0.00049
TCT	TTT	CT	1.57181	0.00950	0.01884	-1.57181	0.04574	0.01884
TCC	TTC	CT	0.83192	0.06713	0.09888	-0.83192	0.15424	0.09888
TCC	TCT	CT	-1.23391	0.06713	0.03402	1.23391	0.01954	0.03402
TCA	TTA	CT	-4.90073	0.01397	0.00051	4.90073	0.00010	0.00051
TCA	TCT	AT	0.10357	0.00325	0.00342	-0.10357	0.00361	0.00342
TCA	TCC	AC	1.33748	0.00669	0.01213	-1.33748	0.02548	0.01213
TCG	TTG	CT	0.84522	0.00940	0.01392	-0.84522	0.02188	0.01392
TCG	TCT	GT	0.61170	0.00219	0.00292	-0.61170	0.00403	0.00292
TCG	TCC	GC	1.84561	0.00450	0.00986	-1.84561	0.02850	0.00986
TCG	TCA	GA	0.50813	0.01533	0.01956	-0.50813	0.02548	0.01956
TAT	TTT	AT	1.08305	0.00286	0.00468	-1.08305	0.00844	0.00468
TAT	TCT	AC	-0.48876	0.00588	0.00456	0.48876	0.00361	0.00456
TAC	TTC	AT	0.58960	0.01578	0.02089	-0.58960	0.02846	0.02089
TAC	TCC	AC	-0.24233	0.03247	0.02870	0.24233	0.02548	0.02870
TAC	TAT	CT	-0.98748	0.06781	0.03976	0.98748	0.02526	0.03976
TGT	TTT	GT	2.00109	0.00128	0.00295	-2.00109	0.00944	0.00295
TGT	TCT	GC	0.42927	0.00263	0.00323	-0.42927	0.00403	0.00323
TGT	TAT	GA	0.91803	0.00894	0.01367	-0.91803	0.02240	0.01367
TGC	TTC	GT	1.69205	0.00586	0.01215	-1.69205	0.03182	0.01215
TGC	TCC	GC	0.86013	0.01206	0.01798	-0.86013	0.02850	0.01798
TGC	TAC	GA	1.10246	0.04107	0.06779	-1.10246	0.12370	0.06779
TGC	TGT	CT	-0.80305	0.02518	0.01641	0.80305	0.01128	0.01641
TGG	TTG	GT	-0.67816	0.00890	0.00622	0.67816	0.00452	0.00622
TGG	TCG	GC	-1.52337	0.01830	0.00777	1.52337	0.00399	0.00777
TGG	TGT	GT	-1.34095	0.00890	0.00423	1.34095	0.00233	0.00423
TGG	TGC	GC	-0.53789	0.01830	0.01382	0.53789	0.01069	0.01382
CTT	TTT	CT	2.16871	0.00523	0.01281	-2.16871	0.04574	0.01281
CTC	TTC	CT	0.99946	0.05677	0.08979	-0.99946	0.15424	0.08979
CTC	CTT	CT	-1.66327	0.05677	0.02208	1.66327	0.01076	0.02208
CTA	TTA	CT	-3.89855	0.00513	0.00041	3.89855	0.00010	0.00041
CTA	CTT	AT	0.50885	0.00119	0.00152	-0.50885	0.00199	0.00152
CTA	CTC	AC	2.17212	0.00246	0.00602	-2.17212	0.02155	0.00602
CTG	TTG	CT	-1.93036	0.15083	0.04942	1.93036	0.02188	0.04942
CTG	CTT	GT	-2.76078	0.03510	0.00654	2.76078	0.00222	0.00654
CTG	CTC	GC	-1.09751	0.07222	0.03970	1.09751	0.02410	0.03970
CTG	CTA	GA	-3.26963	0.24604	0.03179	3.26963	0.00935	0.03179
CCT	TCT	CT	-0.29972	0.02637	0.02262	0.29972	0.01954	0.02262
CCT	CTT	CT	-0.89662	0.02637	0.01629	0.89662	0.01076	0.01629
CCC	TCC	CT	0.52036	0.08208	0.10528	-0.52036	0.13811	0.10528
CCC	CTC	CT	0.35282	0.08208	0.09741	-0.35282	0.11681	0.09741
CCC	CCT	CT	-0.41383	0.08208	0.06627	0.41383	0.05427	0.06627
CCA	TCA	CT	0.42886	0.01872	0.02302	-0.42886	0.02874	0.02302
CCA	CTA	CT	-0.57332	0.01872	0.01386	0.57332	0.01055	0.01386
CCA	CCT	AT	0.83215	0.00436	0.00642	-0.83215	0.01001	0.00642
CCA	CCC	AC	1.24599	0.00896	0.01568	-1.24599	0.03116	0.01568
CCG	TCG	CT	-0.00469	0.01943	0.01938	0.00469	0.01934	0.01938
CCG	CTG	CT	2.77089	0.01943	0.05743	-2.77089	0.31033	0.05743
CCG	CCT	GT	0.90673	0.00452	0.00688	-0.90673	0.01120	0.00688
CCG	CCC	GC	1.32056	0.00930	0.01676	-1.32056	0.03485	0.01676
CCG	CCA	GA	0.07458	0.03169	0.03289	-0.07458	0.03415	0.03289
CAT	TAT	CT	2.10369	0.00308	0.00738	-2.10369	0.02526	0.00738
CAT	CTT	AT	1.01804	0.00072	0.00114	-1.01804	0.00199	0.00114
CAT	CCT	AC	1.91465	0.00148	0.00331	-1.91465	0.01001	0.00331
CAC	TAC	CT	1.50343	0.03103	0.05998	-1.50343	0.13953	0.05998
CAC	CTC	AT	1.09356	0.00722	0.01187	-1.09356	0.02155	0.01187
CAC	CCC	AC	0.74074	0.01486	0.02103	-0.74074	0.03116	0.02103
CAC	CAT	CT	-1.58774	0.03103	0.01265	1.58774	0.00634	0.01265
CAA	CTA	AT	0.22660	0.00155	0.00173	-0.22660	0.00195	0.00173
CAA	CCA	AC	0.79991	0.00319	0.00464	-0.79991	0.00711	0.00464
CAA	CAT	AT	-0.28259	0.00155	0.00134	0.28259	0.00117	0.00134
CAA	CAC	AC	1.30516	0.00319	0.00572	-1.30516	0.01178	0.00572
CAG	CTG	AT	1.34510	0.01492	0.02713	-1.34510	0.05726	0.02713
CAG	CCG	AC	-1.42579	0.03069	0.01384	1.42579	0.00738	0.01384
CAG	CAT	GT	-2.43371	0.01492	0.00349	2.43371	0.00131	0.00349
CAG	CAC	GC	-0.84597	0.03069	0.01952	0.84597	0.01317	0.01952
CAG	CAA	GA	-2.15112	0.10456	0.02962	2.15112	0.01217	0.02962
CGT	TGT	CT	1.02623	0.00404	0.00646	-1.02623	0.01128	0.00646
CGT	CTT	GT	0.85861	0.00094	0.00140	-0.85861	0.00222	0.00140
CGT	CCT	GC	1.75522	0.00194	0.00411	-1.75522	0.01120	0.00411
CGT	CAT	GA	-0.15943	0.00659	0.00608	0.15943	0.00562	0.00608
CGC	TGC	CT	0.25565	0.04012	0.04547	-0.25565	0.05181	0.04547
CGC	CTC	GT	0.94824	0.00934	0.01445	-0.94824	0.02410	0.01445
CGC	CCC	GC	0.59543	0.01921	0.02549	-0.59543	0.03485	0.02549
CGC	CAC	GA	-0.14532	0.06545	0.06081	0.14532	0.05659	0.06081
CGC	CGT	CT	-1.57363	0.04012	0.01651	1.57363	0.00832	0.01651
CGA	CTA	GT	0.09716	0.00198	0.00207	-0.09716	0.00218	0.00207
CGA	CCA	GC	0.67047	0.00406	0.00558	-0.67047	0.00795	0.00558
CGA	CAA	GA	-0.12944	0.01385	0.01297	0.12944	0.01217	0.01297
CGA	CGT	AT	-0.25260	0.00198	0.00174	0.25260	0.00153	0.00174
CGA	CGC	AC	1.32103	0.00406	0.00732	-1.32103	0.01523	0.00732
CGG	TGG	CT	0.31803	0.05722	0.06680	-0.31803	0.07865	0.06680
CGG	CTG	GT	1.57023	0.01332	0.02640	-1.57023	0.06403	0.02640
CGG	CCG	GC	-1.20066	0.02740	0.01417	1.20066	0.00825	0.01417
CGG	CAG	GA	0.22513	0.09335	0.10425	-0.22513	0.11691	0.10425
CGG	CGT	GT	-2.04915	0.01332	0.00404	2.04915	0.00172	0.00404
CGG	CGC	GC	-0.47552	0.02740	0.02140	0.47552	0.01703	0.02140
CGG	CGA	GA	-1.79655	0.09335	0.03335	1.79655	0.01548	0.03335
ATT	TTT	AT	0.34727	0.00596	0.00706	-0.34727	0.00844	0.00706
ATT	CTT	AC	-1.82144	0.01227	0.00431	1.82144	0.00199	0.00431
ATC	TTC	AT	0.32322	0.02060	0.02411	-0.32322	0.02846	0.02411
ATC	CTC	AC	-0.67624	0.04238	0.02966	0.67624	0.02155	0.02966
ATC	ATT	CT	-0.51807	0.08851	0.06756	0.51807	0.05273	0.06756
ATA	TTA	AT	-4.07534	0.00113	0.00008	4.07534	0.00002	0.00008
ATA	CTA	AC	-0.17679	0.00232	0.00212	0.17679	0.00195	0.00212
ATA	ATT	AT	2.15350	0.00113	0.00275	-2.15350	0.00973	0.00275
ATA	ATC	AC	2.67157	0.00232	0.00667	-2.67157	0.03360	0.00667
ATG	TTG	AT	-1.35407	0.01564	0.00737	1.35407	0.00404	0.00737
ATG	CTG	AC	0.57629	0.03218	0.04234	-0.57629	0.05726	0.04234
ATG	ATT	GT	-0.36304	0.01564	0.01297	0.36304	0.01088	0.01297
ATG	ATC	GC	0.15503	0.03218	0.03474	-0.15503	0.03758	0.03474
ATG	ATA	GA	-2.51654	0.10962	0.02423	2.51654	0.00885	0.02423
ACT	TCT	AT	0.06811	0.00337	0.00348	-0.06811	0.00361	0.00348
ACT	CCT	AC	0.36783	0.00693	0.00828	-0.36783	0.01001	0.00828
ACT	ATT	CT	1.29266	0.01448	0.02579	-1.29266	0.05273	0.02579
ACC	TCC	AT	0.85739	0.01081	0.01610	-0.85739	0.02548	0.01610
ACC	CCC	AC	0.33703	0.02225	0.02621	-0.33703	0.03116	0.02621
ACC	ATC	CT	1.36609	0.04646	0.08520	-1.36609	0.18211	0.08520
ACC	ACT	CT	-0.44464	0.04646	0.03689	0.44464	0.02978	0.03689
ACA	TCA	AT	0.70669	0.00262	0.00365	-0.70669	0.00530	0.00365
ACA	CCA	AC	0.27783	0.00538	0.00617	-0.27783	0.00711	0.00617
ACA	ATA	CT	-0.11869	0.01124	0.01059	0.11869	0.00998	0.01059
ACA	ACT	AT	0.74215	0.00262	0.00371	-0.74215	0.00550	0.00371
ACA	ACC	AC	1.18679	0.00538	0.00919	-1.18679	0.01764	0.00919
ACG	TCG	AT	-0.75642	0.00760	0.00509	0.75642	0.00357	0.00509
ACG	CCG	AC	-0.75173	0.01564	0.01049	0.75173	0.00738	0.01049
ACG	ATG	CT	1.44287	0.03267	0.06171	-1.44287	0.13827	0.06171
ACG	ACT	GT	-0.21283	0.00760	0.00682	0.21283	0.00614	0.00682
ACG	ACC	GC	0.23181	0.01564	0.01752	-0.23181	0.01972	0.01752
ACG	ACA	GA	-0.95498	0.05329	0.03183	0.95498	0.02051	0.03183
AAT	TAT	AT	0.43493	0.00302	0.00372	-0.43493	0.00466	0.00372
AAT	CAT	AC	-1.66876	0.00621	0.00241	1.66876	0.00117	0.00241
AAT	ATT	AT	1.17072	0.00302	0.00512	-1.17072	0.00973	0.00512
AAT	ACT	AC	-0.12194	0.00621	0.00584	0.12194	0.00550	0.00584
AAC	TAC	AT	0.43638	0.01664	0.02054	-0.43638	0.02575	0.02054
AAC	CAC	AC	-1.06705	0.03424	0.01916	1.06705	0.01178	0.01916
AAC	ATC	AT	0.70276	0.01664	0.02317	-0.70276	0.03360	0.02317
AAC	ACC	AC	-0.66333	0.03424	0.02413	0.66333	0.01764	0.02413
AAC	AAT	CT	-0.98602	0.07150	0.04195	0.98602	0.02667	0.04195
AAA	CAA	AC	-1.35112	0.00978	0.00462	1.35112	0.00253	0.00462
AAA	ATA	AT	-0.94773	0.00475	0.00285	0.94773	0.00184	0.00285
AAA	ACA	AC	-0.82904	0.00978	0.00628	0.82904	0.00427	0.00628
AAA	AAT	AT	0.03505	0.00475	0.00484	-0.03505	0.00492	0.00484
AAA	AAC	AC	1.02108	0.00978	0.01561	-1.02108	0.02715	0.01561
AAG	CAG	AC	-1.00990	0.06680	0.03865	1.00990	0.02433	0.03865
AAG	ATG	AT	-0.24109	0.03247	0.02871	0.24109	0.02551	0.02871
AAG	ACG	AC	-1.68397	0.06680	0.02564	1.68397	0.01240	0.02564
AAG	AAT	GT	-1.77485	0.03247	0.01176	1.77485	0.00550	0.01176
AAG	AAC	GC	-0.78883	0.06680	0.04388	0.78883	0.03035	0.04388
AAG	AAA	GA	-1.80990	0.22758	0.08061	1.80990	0.03725	0.08061
AGT	TGT	AT	0.08856	0.00190	0.00199	-0.08856	0.00208	0.00199
AGT	CGT	AC	-0.93767	0.00392	0.00236	0.93767	0.00153	0.00236
AGT	ATT	GT	1.74238	0.00190	0.00402	-1.74238	0.01088	0.00402
AGT	ACT	GC	0.44972	0.00392	0.00487	-0.44972	0.00614	0.00487
AGT	AAT	GA	0.57167	0.01335	0.01753	-0.57167	0.02365	0.01753
AGC	TGC	AT	0.12913	0.00840	0.00896	-0.12913	0.00956	0.00896
AGC	CGC	AC	-0.12652	0.01729	0.01622	0.12652	0.01523	0.01622
AGC	ATC	GT	1.49796	0.00840	0.01621	-1.49796	0.03758	0.01621
AGC	ACC	GC	0.13187	0.01729	0.01845	-0.13187	0.01972	0.01845
AGC	AAC	GA	0.79520	0.05889	0.08537	-0.79520	0.13043	0.08537
AGC	AGT	CT	-0.76249	0.03610	0.02407	0.76249	0.01684	0.02407
AGA	CGA	AC	3.38779	0.00011	0.00038	-3.38779	0.00322	0.00038
AGA	ATA	GT	3.66174	0.00005	0.00020	-3.66174	0.00206	0.00020
AGA	ACA	GC	3.78043	0.00011	0.00042	-3.78043	0.00477	0.00042
AGA	AAA	GA	4.60947	0.00037	0.00173	-4.60947	0.03725	0.00173
AGA	AGT	AT	4.07286	0.00005	0.00022	-4.07286	0.00311	0.00022
AGA	AGC	AC	4.83535	0.00011	0.00053	-4.83535	0.01370	0.00053
AGG	TGG	AT	3.11991	0.00064	0.00209	-3.11991	0.01451	0.00209
AGG	CGG	AC	2.80189	0.00132	0.00393	-2.80189	0.02172	0.00393
AGG	ATG	GT	3.79583	0.00064	0.00249	-3.79583	0.02853	0.00249
AGG	ACG	GC	2.35295	0.00132	0.00343	-2.35295	0.01387	0.00343
AGG	AAG	GA	4.03692	0.00449	0.01846	-4.03692	0.25448	0.01846
AGG	AGT	GT	1.69040	0.00064	0.00133	-1.69040	0.00347	0.00133
AGG	AGC	GC	2.45289	0.00132	0.00354	-2.45289	0.01532	0.00354
AGG	AGA	GA	-2.38246	0.00449	0.00109	2.38246	0.00041	0.00109
GTT	TTT	GT	4.12293	0.00015	0.00064	-4.12293	0.00944	0.00064
GTT	CTT	GC	1.95422	0.00031	0.00072	-1.95422	0.00222	0.00072
GTT	ATT	GA	3.77566	0.00107	0.00414	-3.77566	0.04674	0.00414
GTC	TTC	GT	0.85836	0.01349	0.02010	-0.85836	0.03182	0.02010
GTC	CTC	GC	-0.14111	0.02775	0.02584	0.14111	0.02410	0.02584
GTC	ATC	GA	0.53513	0.09455	0.12209	-0.53513	0.16145	0.12209
GTC	GTT	CT	-3.75859	0.05796	0.00520	3.75859	0.00135	0.00520
GTA	TTA	GT	-4.87536	0.00281	0.00011	4.87536	0.00002	0.00011
GTA	CTA	GC	-0.97681	0.00578	0.00341	0.97681	0.00218	0.00341
GTA	ATA	GA	-0.80002	0.01970	0.01286	0.80002	0.00885	0.01286
GTA	GTT	AT	-2.42217	0.00281	0.00066	2.42217	0.00025	0.00066
GTA	GTC	AC	1.33642	0.00578	0.01048	-1.33642	0.02200	0.01048
GTG	TTG	GT	-1.76632	0.02641	0.00962	1.76632	0.00452	0.00962
GTG	CTG	GC	0.16404	0.05434	0.05892	-0.16404	0.06403	0.05892
GTG	ATG	GA	-0.41225	0.18512	0.14958	0.41225	0.12258	0.14958
GTG	GTT	GT	-4.55095	0.02641	0.00128	4.55095	0.00028	0.00128
GTG	GTC	GC	-0.79236	0.05434	0.03563	0.79236	0.02460	0.03563
GTG	GTA	GA	-2.12878	0.18512	0.05322	2.12878	0.02203	0.05322
GCT	TCT	GT	0.26159	0.00310	0.00353	-0.26159	0.00403	0.00353
GCT	CCT	GC	0.56131	0.00639	0.00835	-0.56131	0.01120	0.00835
GCT	ACT	GA	0.19348	0.02176	0.02393	-0.19348	0.02640	0.02393
GCT	GTT	CT	-2.28952	0.01334	0.00344	2.28952	0.00135	0.00344
GCC	TCC	GT	0.47205	0.01777	0.02230	-0.47205	0.02850	0.02230
GCC	CCC	GC	-0.04831	0.03657	0.03569	0.04831	0.03485	0.03569
GCC	ACC	GA	-0.38534	0.12458	0.10211	0.38534	0.08474	0.10211
GCC	GTC	CT	0.44562	0.07637	0.09465	-0.44562	0.11925	0.09465
GCC	GCT	CT	-1.02345	0.07637	0.04384	1.02345	0.02744	0.04384
GCA	TCA	GT	0.96582	0.00226	0.00352	-0.96582	0.00593	0.00352
GCA	CCA	GC	0.53695	0.00465	0.00600	-0.53695	0.00795	0.00600
GCA	ACA	GA	0.25912	0.01582	0.01796	-0.25912	0.02051	0.01796
GCA	GTA	CT	0.94045	0.00970	0.01497	-0.94045	0.02485	0.01497
GCA	GCT	AT	0.80779	0.00226	0.00329	-0.80779	0.00506	0.00329
GCA	GCC	AC	1.83125	0.00465	0.01013	-1.83125	0.02899	0.01013
GCG	TCG	GT	0.09189	0.00364	0.00381	-0.09189	0.00399	0.00381
GCG	CCG	GC	0.09658	0.00749	0.00786	-0.09658	0.00825	0.00786
GCG	ACG	GA	0.84831	0.02551	0.03784	-0.84831	0.05958	0.03784
GCG	GTG	CT	2.70343	0.01564	0.04531	-2.70343	0.23350	0.04531
GCG	GCT	GT	0.44200	0.00364	0.00450	-0.44200	0.00566	0.00450
GCG	GCC	GC	1.46545	0.00749	0.01427	-1.46545	0.03242	0.01427
GCG	GCA	GA	-0.36580	0.02551	0.02113	0.36580	0.01769	0.02113
GAT	TAT	GT	-0.36346	0.00750	0.00622	0.36346	0.00521	0.00622
GAT	CAT	GC	-2.46715	0.01542	0.00353	2.46715	0.00131	0.00353
GAT	AAT	GA	-0.79839	0.05255	0.03433	0.79839	0.02365	0.03433
GAT	GTT	AT	-3.40333	0.00750	0.00088	3.40333	0.00025	0.00088
GAT	GCT	AC	-1.11381	0.01542	0.00840	1.11381	0.00506	0.00840
GAC	TAC	GT	-0.22469	0.03604	0.03214	0.22469	0.02879	0.03214
GAC	CAC	GC	-1.72812	0.07415	0.02768	1.72812	0.01317	0.02768
GAC	AAC	GA	-0.66107	0.25262	0.17825	0.66107	0.13043	0.17825
GAC	GTC	AT	-0.49345	0.03604	0.02788	0.49345	0.02200	0.02788
GAC	GCC	AC	-0.93906	0.07415	0.04471	0.93906	0.02899	0.04471
GAC	GAT	CT	-0.84871	0.15486	0.09833	0.84871	0.06628	0.09833
GAA	CAA	GC	-1.86505	0.01828	0.00625	1.86505	0.00283	0.00625
GAA	AAA	GA	-0.51393	0.06227	0.04763	0.51393	0.03725	0.04763
GAA	GTA	AT	-0.66164	0.00888	0.00627	0.66164	0.00458	0.00627
GAA	GCA	AC	-1.60209	0.01828	0.00739	1.60209	0.00368	0.00739
GAA	GAT	AT	0.31951	0.00888	0.01038	-0.31951	0.01223	0.01038
GAA	GAC	AC	1.16822	0.01828	0.03099	-1.16822	0.05879	0.03099
GAG	CAG	GC	-1.03099	0.07629	0.04361	1.03099	0.02721	0.04361
GAG	AAG	GA	-0.02109	0.25990	0.25717	0.02109	0.25448	0.25717
GAG	GTG	AT	0.15007	0.03708	0.03993	-0.15007	0.04308	0.03993
GAG	GCG	AC	-2.55336	0.07629	0.01644	2.55336	0.00594	0.01644
GAG	GAT	GT	-0.99755	0.03708	0.02161	0.99755	0.01367	0.02161
GAG	GAC	GC	-0.14884	0.07629	0.07076	0.14884	0.06574	0.07076
GAG	GAA	GA	-1.31706	0.25990	0.12527	1.31706	0.06963	0.12527
GGT	TGT	GT	0.50454	0.00141	0.00179	-0.50454	0.00233	0.00179
GGT	CGT	GC	-0.52169	0.00289	0.00220	0.52169	0.00172	0.00220
GGT	AGT	GA	0.41597	0.00985	0.01204	-0.41597	0.01493	0.01204
GGT	GTT	GT	-1.61731	0.00141	0.00056	1.61731	0.00028	0.00056
GGT	GCT	GC	0.67221	0.00289	0.00397	-0.67221	0.00566	0.00397
GGT	GAT	GA	1.78602	0.00985	0.02113	-1.78602	0.05876	0.02113
GGC	TGC	GT	-0.68022	0.02110	0.01473	0.68022	0.01069	0.01473
GGC	CGC	GC	-0.93588	0.04342	0.02623	0.93588	0.01703	0.02623
GGC	AGC	GA	-0.80935	0.14792	0.09605	0.80935	0.06585	0.09605
GGC	GTC	GT	0.15347	0.02110	0.02277	-0.15347	0.02460	0.02277
GGC	GCC	GC	-0.29214	0.04342	0.03739	0.29214	0.03242	0.03739
GGC	GAC	GA	0.64692	0.14792	0.20089	-0.64692	0.28248	0.20089
GGC	GGT	CT	-1.98781	0.09068	0.02861	1.98781	0.01242	0.02861
GGA	CGA	GC	-0.34355	0.00508	0.00426	0.34355	0.00360	0.00426
GGA	AGA	GA	-3.73134	0.01731	0.00159	3.73134	0.00041	0.00159
GGA	GTA	GT	0.73042	0.00247	0.00348	-0.73042	0.00513	0.00348
GGA	GCA	GC	-0.21003	0.00508	0.00457	0.21003	0.00412	0.00457
GGA	GAA	GA	1.39206	0.01731	0.03206	-1.39206	0.06963	0.03206
GGA	GGT	AT	-0.07445	0.00247	0.00238	0.07445	0.00229	0.00238
GGA	GGC	AC	1.91336	0.00508	0.01140	-1.91336	0.03443	0.01140
GGG	TGG	GT	0.42464	0.01061	0.01303	-0.42464	0.01623	0.01303
GGG	CGG	GC	0.10661	0.02184	0.02302	-0.10661	0.02429	0.02302
GGG	AGG	GA	-2.69528	0.07439	0.01452	2.69528	0.00502	0.01452
GGG	GTG	GT	1.51280	0.01061	0.02059	-1.51280	0.04818	0.02059
GGG	GCG	GC	-1.19063	0.02184	0.01136	1.19063	0.00664	0.01136
GGG	GAG	GA	1.36273	0.07439	0.13624	-1.36273	0.29062	0.13624
GGG	GGT	GT	-1.42085	0.01061	0.00480	1.42085	0.00256	0.00480
GGG	GGC	GC	0.56696	0.02184	0.02861	-0.56696	0.03850	0.02861
GGG	GGA	GA	-1.34639	0.07439	0.03522	1.34639	0.01935	0.03522


Histograms
2Ns	FMut	FSub(CodonUsage)	FSubw(after w)

-6.73346	0.00231	0.00002
-6.06012	0.00000	0.00000
-5.38677	0.00109	0.00004
-4.71342	0.00589	0.00033
-4.04008	0.02681	0.00267
-3.36673	0.01710	0.00280
-2.69338	0.05928	0.01485
-2.02004	0.09302	0.03902
-1.34669	0.16023	0.09742
-0.67335	0.27042	0.24147
0.00000	0.16091	0.20276
0.67335	0.14092	0.24147
1.34669	0.04290	0.09742
2.02004	0.01379	0.03902
2.69338	0.00409	0.01485
3.36673	0.00065	0.00280
4.04008	0.00053	0.00267
4.71342	0.00006	0.00033
5.38677	0.00001	0.00004
6.06012	0.00000	0.00000
6.73346	0.00000	0.00002

Proportion of advantageous (S > 0) mutations:
 0.27716

Proportions of good & bad mutations (|S| > 2.0000) among mutations:
0.00857  0.14012

mean |Ns| = 1.15502	mean Ns+ = 0.71364	mean Ns- = -1.32426


MLEs of dN/dS (w) for site classes (K=4)

site class             0        1       2a       2b
proportion       0.83487  0.14163  0.02009  0.00341
background w     0.03750  1.00000  0.03750  1.00000
foreground w     0.03750  1.00000  1.00000  1.00000

Naive Empirical Bayes (NEB) probabilities for 4 classes
(amino acids refer to 1st sequence: Bacu)

   1 L   0.88473 0.09333 0.01969 0.00225 ( 1)
   2 I   0.93638 0.04429 0.01826 0.00107 ( 1)
   3 G   0.94985 0.03187 0.01751 0.00077 ( 1)
   4 T   0.96028 0.02250 0.01668 0.00054 ( 1)
   5 F   0.93506 0.04553 0.01832 0.00110 ( 1)
   6 R   0.94872 0.03291 0.01758 0.00079 ( 1)
   7 M   0.95627 0.02607 0.01703 0.00063 ( 1)
   8 V   0.92014 0.05952 0.01890 0.00143 ( 1)
   9 L   0.88473 0.09333 0.01969 0.00225 ( 1)
  10 Q   0.93830 0.04251 0.01817 0.00102 ( 1)
  11 K   0.02220 0.95438 0.00045 0.02296 ( 2)
  12 V   0.92004 0.05963 0.01890 0.00143 ( 1)
  13 V   0.92004 0.05963 0.01890 0.00143 ( 1)
  14 E   0.93461 0.04594 0.01835 0.00111 ( 1)
  15 E   0.93461 0.04594 0.01835 0.00111 ( 1)
  16 G   0.00744 0.96909 0.00015 0.02332 ( 2)
  17 H   0.07794 0.89917 0.00126 0.02164 ( 2)
  18 V   0.92004 0.05963 0.01890 0.00143 ( 1)
  19 E   0.93459 0.04595 0.01834 0.00111 ( 1)
  20 V   0.92004 0.05963 0.01890 0.00143 ( 1)
  21 T   0.95899 0.02378 0.01666 0.00057 ( 1)
  22 D   0.93868 0.04217 0.01814 0.00101 ( 1)
  23 M   0.95607 0.02627 0.01703 0.00063 ( 1)
  24 L   0.88456 0.09351 0.01968 0.00225 ( 1)
  25 I   0.91952 0.05975 0.01929 0.00144 ( 1)
  26 D   0.93860 0.04225 0.01814 0.00102 ( 1)
  27 D   0.93868 0.04217 0.01814 0.00101 ( 1)
  28 N   0.05477 0.89880 0.02480 0.02163 ( 2)
  29 N   0.00280 0.97257 0.00122 0.02340 ( 2)
  30 A   0.10339 0.83479 0.04173 0.02009 ( 2)
  31 I   0.02822 0.93475 0.01454 0.02249 ( 2)
  32 I   0.02842 0.93451 0.01459 0.02249 ( 2)
  33 Q   0.00004 0.97588 0.00060 0.02348 ( 2)
  34 E   0.93959 0.04135 0.01806 0.00100 ( 1)
  35 P   0.96774 0.01606 0.01581 0.00039 ( 1)
  36 A   0.96212 0.02093 0.01645 0.00050 ( 1)
  37 V   0.93566 0.04495 0.01831 0.00108 ( 1)
  38 L   0.88879 0.08943 0.01963 0.00215 ( 1)
  39 E   0.94008 0.04084 0.01809 0.00098 ( 1)
  40 M   0.96101 0.02184 0.01663 0.00053 ( 1)
  41 E   0.03004 0.94660 0.00058 0.02278 ( 2)
  42 N   0.49101 0.48796 0.00929 0.01174 ( 1)
  43 L   0.00210 0.97442 0.00004 0.02345 ( 2)
  44 D   0.94432 0.03693 0.01786 0.00089 ( 1)
  45 R   0.95403 0.02805 0.01724 0.00067 ( 1)
  46 L   0.89045 0.08777 0.01967 0.00211 ( 1)
  47 A   0.95038 0.03138 0.01748 0.00076 ( 1)
  48 I   0.01892 0.95743 0.00061 0.02304 ( 2)
  49 R   0.94634 0.03507 0.01774 0.00084 ( 1)
  50 L   0.88879 0.08943 0.01963 0.00215 ( 1)
  51 G   0.00265 0.97387 0.00004 0.02343 ( 2)
  52 D   0.93406 0.04643 0.01839 0.00112 ( 1)
  53 G   0.95485 0.02735 0.01715 0.00066 ( 1)
  54 L   0.27107 0.70600 0.00594 0.01699 ( 2)
  55 D   0.41440 0.56388 0.00816 0.01357 ( 2)
  56 P   0.91525 0.06415 0.01905 0.00154 ( 1)
  57 D   0.94428 0.03697 0.01786 0.00089 ( 1)
  58 S   0.94963 0.03208 0.01752 0.00077 ( 1)
  59 M   0.35223 0.62559 0.00713 0.01505 ( 2)
  60 S   0.91373 0.06547 0.01923 0.00158 ( 1)
  61 L   0.95167 0.03023 0.01737 0.00073 ( 1)
  62 A   0.94309 0.03806 0.01793 0.00092 ( 1)
  63 S   0.94956 0.03222 0.01744 0.00078 ( 1)
  64 V   0.96095 0.02189 0.01663 0.00053 ( 1)
  65 T   0.94515 0.03615 0.01782 0.00087 ( 1)
  66 A   0.94309 0.03806 0.01793 0.00092 ( 1)
  67 L   0.95429 0.02784 0.01720 0.00067 ( 1)
  68 T   0.96475 0.01856 0.01624 0.00045 ( 1)
  69 T   0.96475 0.01856 0.01624 0.00045 ( 1)
  70 N   0.96382 0.01936 0.01635 0.00047 ( 1)
  71 V   0.60322 0.37380 0.01399 0.00899 ( 1)
  72 S   0.94915 0.03251 0.01757 0.00078 ( 1)
  73 N   0.96373 0.01944 0.01635 0.00047 ( 1)
  74 K   0.92915 0.05104 0.01858 0.00123 ( 1)
  75 R   0.92244 0.05673 0.01947 0.00136 ( 1)
  76 S   0.94469 0.03581 0.01864 0.00086 ( 1)
  77 K   0.92447 0.05479 0.01942 0.00132 ( 1)
  78 P   0.92677 0.05260 0.01936 0.00127 ( 1)
  79 D   0.93952 0.04056 0.01895 0.00098 ( 1)
  80 I   0.91298 0.06577 0.01967 0.00158 ( 1)
  81 K   0.92447 0.05479 0.01942 0.00132 ( 1)
  82 M   0.95645 0.02488 0.01807 0.00060 ( 1)
  83 E   0.93528 0.04454 0.01910 0.00107 ( 1)
  84 P   0.92677 0.05260 0.01936 0.00127 ( 1)
  85 S   0.45417 0.31211 0.22621 0.00751 ( 1)
  86 A   0.94563 0.03484 0.01869 0.00084 ( 1)
  87 G   0.94943 0.03111 0.01871 0.00075 ( 1)
  88 R   0.94097 0.03904 0.01905 0.00094 ( 1)
  89 P   0.93654 0.04321 0.01921 0.00104 ( 1)
  90 M   0.95587 0.02522 0.01831 0.00061 ( 1)
  91 D   0.02493 0.95165 0.00052 0.02290 ( 2)
  92 Y   0.40686 0.57091 0.00849 0.01374 ( 2)
  93 Q   0.45237 0.52575 0.00923 0.01265 ( 2)
  94 V   0.96227 0.02058 0.01666 0.00050 ( 1)
  95 S   0.97205 0.01220 0.01546 0.00029 ( 1)
  96 V   0.03853 0.93816 0.00074 0.02257 ( 2)
  97 T   0.95192 0.02986 0.01751 0.00072 ( 1)
  98 V   0.92716 0.05281 0.01876 0.00127 ( 1)
  99 I   0.94327 0.03778 0.01804 0.00091 ( 1)
 100 E   0.94173 0.03920 0.01813 0.00094 ( 1)
 101 A   0.94696 0.03444 0.01777 0.00083 ( 1)
 102 R   0.94793 0.03349 0.01777 0.00081 ( 1)
 103 Q   0.94533 0.03588 0.01793 0.00086 ( 1)
 104 L   0.89011 0.08811 0.01966 0.00212 ( 1)
 105 V   0.92723 0.05274 0.01876 0.00127 ( 1)
 106 G   0.95163 0.03012 0.01753 0.00072 ( 1)
 107 L   0.95814 0.02425 0.01703 0.00058 ( 1)
 108 N   0.96502 0.01819 0.01635 0.00044 ( 1)
 109 M   0.42825 0.54986 0.00866 0.01323 ( 2)
 110 D   0.94593 0.03533 0.01789 0.00085 ( 1)
 111 P   0.94355 0.03752 0.01803 0.00090 ( 1)
 112 V   0.92716 0.05281 0.01876 0.00127 ( 1)
 113 V   0.93464 0.04536 0.01891 0.00109 ( 1)
 114 C   0.97404 0.01059 0.01512 0.00025 ( 1)
 115 V   0.92716 0.05281 0.01876 0.00127 ( 1)
 116 E   0.94173 0.03920 0.01813 0.00094 ( 1)
 117 V   0.92716 0.05281 0.01876 0.00127 ( 1)
 118 G   0.95163 0.03012 0.01753 0.00072 ( 1)
 119 D   0.94558 0.03566 0.01791 0.00086 ( 1)
 120 D   0.94593 0.03533 0.01789 0.00085 ( 1)
 121 K   0.93084 0.04935 0.01862 0.00119 ( 1)
 122 K   0.93087 0.04932 0.01862 0.00119 ( 1)
 123 F   0.02861 0.94802 0.00056 0.02281 ( 2)
 124 T   0.96506 0.01801 0.01650 0.00043 ( 1)
 125 S   0.95070 0.03097 0.01759 0.00075 ( 1)
 126 M   0.96232 0.02053 0.01665 0.00049 ( 1)
 127 K   0.93084 0.04935 0.01862 0.00119 ( 1)
 128 E   0.94173 0.03920 0.01813 0.00094 ( 1)
 129 S   0.95070 0.03097 0.01759 0.00075 ( 1)
 130 T   0.95833 0.02407 0.01702 0.00058 ( 1)
 131 N   0.96498 0.01821 0.01637 0.00044 ( 1)
 132 C   0.97411 0.01052 0.01512 0.00025 ( 1)
 133 P   0.94355 0.03752 0.01803 0.00090 ( 1)
 134 Y   0.93717 0.04343 0.01835 0.00105 ( 1)
 135 Y   0.93717 0.04343 0.01835 0.00105 ( 1)
 136 N   0.96501 0.01818 0.01637 0.00044 ( 1)
 137 E   0.94150 0.03943 0.01812 0.00095 ( 1)
 138 Y   0.91099 0.06862 0.01874 0.00165 ( 1)
 139 F   0.91453 0.06513 0.01877 0.00157 ( 1)
 140 V   0.93785 0.04354 0.01756 0.00105 ( 1)
 141 F   0.31007 0.53878 0.13818 0.01296 ( 2)
 142 D   0.91959 0.06053 0.01843 0.00146 ( 1)
 143 F   0.91582 0.06407 0.01857 0.00154 ( 1)
 144 H   0.96694 0.01754 0.01510 0.00042 ( 1)
 145 V   0.93661 0.04441 0.01791 0.00107 ( 1)
 146 S   0.36201 0.61537 0.00781 0.01481 ( 2)
 147 P   0.89304 0.08566 0.01925 0.00206 ( 1)
 148 D   0.35361 0.62428 0.00709 0.01502 ( 2)
 149 V   0.93785 0.04354 0.01756 0.00105 ( 1)
 150 M   0.93791 0.04348 0.01756 0.00105 ( 1)
 151 F   0.91582 0.06407 0.01857 0.00154 ( 1)
 152 D   0.91959 0.06053 0.01843 0.00146 ( 1)
 153 K   0.90512 0.07417 0.01892 0.00178 ( 1)
 154 I   0.91711 0.06286 0.01852 0.00151 ( 1)
 155 I   0.91711 0.06286 0.01852 0.00151 ( 1)
 156 K   0.90512 0.07417 0.01892 0.00178 ( 1)
 157 I   0.91711 0.06286 0.01852 0.00151 ( 1)
 158 S   0.93693 0.04439 0.01762 0.00107 ( 1)
 159 V   0.90883 0.06934 0.02016 0.00167 ( 1)
 160 I   0.90176 0.07619 0.02022 0.00183 ( 1)
 161 H   0.95963 0.02110 0.01876 0.00051 ( 1)
 162 S   0.93183 0.04721 0.01983 0.00114 ( 1)
 163 K   0.35083 0.62636 0.00774 0.01507 ( 2)
 164 N   0.94767 0.03220 0.01936 0.00077 ( 1)
 165 L   0.87703 0.10028 0.02027 0.00241 ( 1)
 166 L   0.87703 0.10028 0.02027 0.00241 ( 1)
 167 R   0.93580 0.04346 0.01969 0.00105 ( 1)
 168 S   0.94319 0.03649 0.01945 0.00088 ( 1)
 169 G   0.93102 0.04806 0.01977 0.00116 ( 1)
 170 T   0.94702 0.03291 0.01928 0.00079 ( 1)
 171 L   0.87588 0.10143 0.02025 0.00244 ( 1)
 172 V   0.90715 0.07102 0.02013 0.00171 ( 1)
 173 G   0.93137 0.04771 0.01978 0.00115 ( 1)
 174 S   0.93004 0.04899 0.01979 0.00118 ( 1)
 175 F   0.92135 0.05731 0.01995 0.00138 ( 1)
 176 K   0.92588 0.05302 0.01982 0.00128 ( 1)
 177 M   0.94287 0.03680 0.01944 0.00089 ( 1)
 178 D   0.92512 0.05370 0.01989 0.00129 ( 1)
 179 V   0.90715 0.07102 0.02013 0.00171 ( 1)
 180 G   0.93614 0.04318 0.01964 0.00104 ( 1)
 181 T   0.94720 0.03273 0.01928 0.00079 ( 1)
 182 V   0.90715 0.07102 0.02013 0.00171 ( 1)
 183 Y   0.91649 0.06199 0.02002 0.00149 ( 1)
 184 S   0.93096 0.04807 0.01981 0.00116 ( 1)
 185 Q   0.92476 0.05404 0.01990 0.00130 ( 1)
 186 P   0.95133 0.02888 0.01910 0.00069 ( 1)
 187 E   0.91054 0.06809 0.01974 0.00164 ( 1)
 188 H   0.96681 0.01535 0.01747 0.00037 ( 1)
 189 Q   0.93514 0.04450 0.01930 0.00107 ( 1)
 190 F   0.93209 0.04738 0.01940 0.00114 ( 1)
 191 H   0.96691 0.01525 0.01747 0.00037 ( 1)
 192 H   0.96698 0.01518 0.01747 0.00037 ( 1)
 193 K   0.92090 0.05804 0.01967 0.00140 ( 1)
 194 W   0.92072 0.05818 0.01970 0.00140 ( 1)
 195 A   0.94322 0.03693 0.01896 0.00089 ( 1)
 196 I   0.93523 0.04442 0.01928 0.00107 ( 1)
 197 L   0.88376 0.09390 0.02008 0.00226 ( 1)
 198 S   0.54247 0.43618 0.01085 0.01050 ( 1)
 199 D   0.44059 0.53745 0.00902 0.01293 ( 2)
 200 P   0.93474 0.04491 0.01927 0.00108 ( 1)
 201 D   0.45781 0.52030 0.00937 0.01252 ( 2)
 202 D   0.93766 0.04213 0.01920 0.00101 ( 1)
 203 I   0.93516 0.04448 0.01928 0.00107 ( 1)
 204 S   0.47485 0.50345 0.00958 0.01211 ( 2)
 205 A   0.96993 0.01283 0.01693 0.00031 ( 1)
 206 G   0.95137 0.03002 0.01789 0.00072 ( 1)
 207 L   0.88588 0.09208 0.01983 0.00222 ( 1)
 208 K   0.02334 0.95324 0.00048 0.02294 ( 2)
 209 G   0.94743 0.03356 0.01820 0.00081 ( 1)
 210 Y   0.41421 0.56384 0.00837 0.01357 ( 2)
 211 V   0.25174 0.72557 0.00523 0.01746 ( 2)
 212 K   0.92673 0.05292 0.01908 0.00127 ( 1)
 213 C   0.96510 0.01765 0.01682 0.00042 ( 1)
 214 D   0.93905 0.04151 0.01844 0.00100 ( 1)
 215 V   0.00144 0.97446 0.00065 0.02345 ( 2)
 216 A   0.94619 0.03481 0.01815 0.00084 ( 1)
 217 V   0.92150 0.05796 0.01915 0.00139 ( 1)
 218 M   0.38233 0.59539 0.00795 0.01433 ( 2)
 219 G   0.94606 0.03493 0.01817 0.00084 ( 1)
 220 K   0.92514 0.05451 0.01904 0.00131 ( 1)
 221 G   0.95094 0.03045 0.01788 0.00073 ( 1)
 222 D   0.94028 0.04028 0.01847 0.00097 ( 1)
 223 N   0.95949 0.02277 0.01719 0.00055 ( 1)
 224 I   0.93777 0.04262 0.01858 0.00103 ( 1)
 225 K   0.92514 0.05451 0.01904 0.00131 ( 1)
 226 T   0.00136 0.97503 0.00015 0.02346 ( 2)
 227 P   0.93786 0.04255 0.01857 0.00102 ( 1)
 228 H   0.97060 0.01303 0.01606 0.00031 ( 1)
 229 K   0.92514 0.05451 0.01904 0.00131 ( 1)
 230 A   0.94641 0.03460 0.01816 0.00083 ( 1)
 231 N   0.96024 0.02203 0.01721 0.00053 ( 1)
 232 E   0.93602 0.04426 0.01865 0.00107 ( 1)
 233 T   0.94626 0.03475 0.01815 0.00084 ( 1)
 234 D   0.02749 0.93708 0.01288 0.02255 ( 2)
 235 E   0.93602 0.04426 0.01865 0.00107 ( 1)
 236 D   0.02666 0.94994 0.00054 0.02286 ( 2)
 237 D   0.94028 0.04028 0.01847 0.00097 ( 1)
 238 I   0.91356 0.06551 0.01936 0.00158 ( 1)
 239 E   0.93602 0.04426 0.01865 0.00107 ( 1)
 240 G   0.94454 0.03579 0.01881 0.00086 ( 1)
 241 N   0.95935 0.02267 0.01744 0.00055 ( 1)
 242 L   0.95286 0.02847 0.01798 0.00069 ( 1)
 243 L   0.88632 0.09157 0.01991 0.00220 ( 1)
 244 L   0.95038 0.03075 0.01813 0.00074 ( 1)
 245 P   0.93680 0.04340 0.01875 0.00104 ( 1)
 246 E   0.02699 0.94961 0.00054 0.02285 ( 2)
 247 G   0.95018 0.03093 0.01814 0.00074 ( 1)
 248 V   0.92157 0.05775 0.01929 0.00139 ( 1)
 249 P   0.93767 0.04256 0.01875 0.00102 ( 1)
 250 P   0.03296 0.94369 0.00064 0.02271 ( 2)
 251 E   0.93630 0.04383 0.01882 0.00105 ( 1)
 252 R   0.94992 0.03117 0.01816 0.00075 ( 1)
 253 Q   0.93970 0.04065 0.01868 0.00098 ( 1)
 254 W   0.92418 0.05527 0.01922 0.00133 ( 1)
 255 A   0.94641 0.03440 0.01836 0.00083 ( 1)
 256 R   0.94234 0.03819 0.01856 0.00092 ( 1)
 257 F   0.93650 0.04365 0.01881 0.00105 ( 1)
 258 Y   0.93080 0.04901 0.01901 0.00118 ( 1)
 259 V   0.92157 0.05775 0.01929 0.00139 ( 1)
 260 K   0.92520 0.05430 0.01919 0.00131 ( 1)
 261 I   0.30457 0.52671 0.15605 0.01267 ( 2)
 262 Y   0.93149 0.04835 0.01899 0.00116 ( 1)
 263 R   0.96392 0.01561 0.02010 0.00038 ( 1)
 264 A   0.95902 0.02289 0.01754 0.00055 ( 1)
 265 E   0.93606 0.04405 0.01883 0.00106 ( 1)
 266 G   0.95001 0.03117 0.01808 0.00075 ( 1)
 267 L   0.88596 0.09192 0.01990 0.00221 ( 1)
 268 P   0.93813 0.04210 0.01876 0.00101 ( 1)
 269 R   0.52263 0.45640 0.00999 0.01098 ( 1)
 270 M   0.95726 0.02448 0.01768 0.00059 ( 1)
 271 N   0.96007 0.02195 0.01745 0.00053 ( 1)
 272 T   0.94217 0.03837 0.01854 0.00092 ( 1)
 273 S   0.68411 0.29695 0.01180 0.00715 ( 1)
 274 L   0.94975 0.03138 0.01811 0.00076 ( 1)
 275 M   0.95726 0.02448 0.01768 0.00059 ( 1)
 276 A   0.94641 0.03440 0.01836 0.00083 ( 1)
 277 N   0.96007 0.02195 0.01745 0.00053 ( 1)
 278 M   0.95726 0.02448 0.01768 0.00059 ( 1)
 279 K   0.92520 0.05430 0.01919 0.00131 ( 1)
 280 K   0.92570 0.05394 0.01906 0.00130 ( 1)
 281 A   0.94102 0.03929 0.01874 0.00095 ( 1)
 282 F   0.93650 0.04365 0.01881 0.00105 ( 1)
 283 I   0.92154 0.05800 0.01906 0.00140 ( 1)
 284 G   0.96836 0.01467 0.01662 0.00035 ( 1)
 285 E   0.93606 0.04405 0.01883 0.00106 ( 1)
 286 N   0.61101 0.36901 0.01111 0.00888 ( 1)
 287 K   0.92520 0.05430 0.01919 0.00131 ( 1)
 288 D   0.94030 0.04008 0.01865 0.00096 ( 1)
 289 L   0.88596 0.09192 0.01990 0.00221 ( 1)
 290 V   0.05543 0.92138 0.00101 0.02217 ( 2)
 291 D   0.93890 0.04147 0.01862 0.00100 ( 1)
 292 P   0.93648 0.04375 0.01872 0.00105 ( 1)
 293 Y   0.93005 0.04979 0.01897 0.00120 ( 1)
 294 V   0.92015 0.05916 0.01926 0.00142 ( 1)
 295 Q   0.95705 0.02484 0.01751 0.00060 ( 1)
 296 V   0.95530 0.02642 0.01764 0.00064 ( 1)
 297 F   0.93316 0.04664 0.01908 0.00112 ( 1)
 298 F   0.90579 0.07277 0.01968 0.00175 ( 1)
 299 A   0.94165 0.03876 0.01866 0.00093 ( 1)
 300 G   0.94159 0.03880 0.01868 0.00093 ( 1)
 301 Q   0.93507 0.04491 0.01894 0.00108 ( 1)
 302 K   0.92061 0.05860 0.01938 0.00141 ( 1)
 303 G   0.94966 0.03207 0.01750 0.00077 ( 1)
 304 K   0.93010 0.05009 0.01860 0.00121 ( 1)
 305 T   0.95751 0.02490 0.01699 0.00060 ( 1)
 306 S   0.91843 0.06078 0.01933 0.00146 ( 1)
 307 V   0.92659 0.05338 0.01874 0.00128 ( 1)
 308 Q   0.94463 0.03658 0.01791 0.00088 ( 1)
 309 K   0.94640 0.03501 0.01775 0.00084 ( 1)
 310 S   0.97162 0.01263 0.01545 0.00030 ( 1)
 311 S   0.97162 0.01263 0.01545 0.00030 ( 1)
 312 Y   0.93443 0.04604 0.01842 0.00111 ( 1)
 313 E   0.94101 0.03992 0.01811 0.00096 ( 1)
 314 P   0.93717 0.04319 0.01860 0.00104 ( 1)
 315 L   0.88953 0.08869 0.01965 0.00213 ( 1)
 316 W   0.92907 0.05106 0.01864 0.00123 ( 1)
 317 N   0.97043 0.01363 0.01562 0.00033 ( 1)
 318 E   0.94101 0.03992 0.01811 0.00096 ( 1)
 319 Q   0.94478 0.03648 0.01786 0.00088 ( 1)
 320 V   0.93072 0.04926 0.01883 0.00119 ( 1)
 321 V   0.61050 0.37003 0.01057 0.00890 ( 1)
 322 F   0.91464 0.06469 0.01911 0.00156 ( 1)
 323 T   0.94597 0.03534 0.01784 0.00085 ( 1)
 324 D   0.94523 0.03603 0.01788 0.00087 ( 1)
 325 L   0.88953 0.08869 0.01965 0.00213 ( 1)
 326 F   0.94054 0.04042 0.01807 0.00097 ( 1)
 327 P   0.94216 0.03891 0.01800 0.00094 ( 1)
 328 P   0.96762 0.01618 0.01581 0.00039 ( 1)
 329 L   0.95512 0.02702 0.01722 0.00065 ( 1)
 330 C   0.97372 0.01091 0.01512 0.00026 ( 1)
 331 K   0.93010 0.05009 0.01860 0.00121 ( 1)
 332 R   0.95467 0.02742 0.01725 0.00066 ( 1)
 333 M   0.61559 0.36498 0.01065 0.00878 ( 1)
 334 K   0.93402 0.04619 0.01868 0.00111 ( 1)
 335 V   0.93632 0.04427 0.01834 0.00107 ( 1)
 336 Q   0.94463 0.03658 0.01791 0.00088 ( 1)
 337 I   0.94275 0.03831 0.01802 0.00092 ( 1)
 338 R   0.94709 0.03433 0.01776 0.00083 ( 1)
 339 D   0.94523 0.03603 0.01788 0.00087 ( 1)
 340 S   0.91175 0.06743 0.01919 0.00162 ( 1)
 341 D   0.94523 0.03603 0.01788 0.00087 ( 1)
 342 K   0.93010 0.05009 0.01860 0.00121 ( 1)
 343 V   0.96151 0.02133 0.01664 0.00051 ( 1)
 344 N   0.96444 0.01874 0.01637 0.00045 ( 1)
 345 D   0.94519 0.03605 0.01789 0.00087 ( 1)
 346 V   0.32522 0.49099 0.17198 0.01181 ( 2)
 347 A   0.52810 0.45132 0.00972 0.01086 ( 1)
 348 I   0.94263 0.03843 0.01802 0.00092 ( 1)
 349 G   0.95090 0.03084 0.01752 0.00074 ( 1)
 350 T   0.96540 0.01792 0.01625 0.00043 ( 1)
 351 H   0.97414 0.01057 0.01504 0.00025 ( 1)
 352 F   0.94139 0.03957 0.01809 0.00095 ( 1)
 353 I   0.91935 0.06032 0.01888 0.00145 ( 1)
 354 D   0.94517 0.03608 0.01788 0.00087 ( 1)
 355 L   0.27005 0.70698 0.00596 0.01701 ( 2)
 356 R   0.95490 0.02719 0.01726 0.00065 ( 1)
 357 K   0.93004 0.05015 0.01860 0.00121 ( 1)
 358 I   0.38845 0.58994 0.00741 0.01420 ( 2)
 359 S   0.94995 0.03171 0.01758 0.00076 ( 1)
 360 N   0.96442 0.01877 0.01635 0.00045 ( 1)
 361 D   0.47575 0.50307 0.00907 0.01210 ( 2)
 362 G   0.94960 0.03194 0.01769 0.00077 ( 1)
 363 D   0.94448 0.03663 0.01800 0.00088 ( 1)
 364 K   0.94645 0.03483 0.01788 0.00084 ( 1)
 365 G   0.94837 0.03302 0.01782 0.00079 ( 1)
 366 F   0.94039 0.04040 0.01824 0.00097 ( 1)
 367 L   0.88978 0.08838 0.01972 0.00213 ( 1)
 368 P   0.94178 0.03911 0.01817 0.00094 ( 1)
 369 T   0.95046 0.03120 0.01759 0.00075 ( 1)
 370 L   0.88890 0.08928 0.01967 0.00215 ( 1)
 371 G   0.95015 0.03147 0.01762 0.00076 ( 1)
 372 P   0.94200 0.03897 0.01810 0.00094 ( 1)
 373 A   0.04633 0.93042 0.00086 0.02239 ( 2)
 374 W   0.92823 0.05182 0.01871 0.00125 ( 1)
 375 V   0.92558 0.05431 0.01880 0.00131 ( 1)
 376 N   0.96374 0.01930 0.01649 0.00046 ( 1)
 377 M   0.96103 0.02169 0.01676 0.00052 ( 1)
 378 Y   0.93360 0.04678 0.01850 0.00113 ( 1)
 379 G   0.95015 0.03147 0.01762 0.00076 ( 1)
 380 S   0.94921 0.03233 0.01768 0.00078 ( 1)
 381 T   0.94648 0.03489 0.01779 0.00084 ( 1)
 382 R   0.95387 0.02809 0.01736 0.00068 ( 1)
 383 N   0.96374 0.01930 0.01649 0.00046 ( 1)
 384 Y   0.93560 0.04491 0.01841 0.00108 ( 1)
 385 T   0.95052 0.03114 0.01760 0.00075 ( 1)
 386 L   0.88890 0.08928 0.01967 0.00215 ( 1)
 387 L   0.89209 0.08609 0.01974 0.00207 ( 1)
 388 D   0.94403 0.03712 0.01796 0.00089 ( 1)
 389 E   0.94017 0.04066 0.01819 0.00098 ( 1)
 390 H   0.97360 0.01094 0.01519 0.00026 ( 1)
 391 Q   0.94380 0.03731 0.01800 0.00090 ( 1)
 392 D   0.47993 0.49893 0.00913 0.01201 ( 2)
 393 L   0.88890 0.08928 0.01967 0.00215 ( 1)
 394 N   0.96672 0.01715 0.01571 0.00041 ( 1)
 395 E   0.03046 0.93144 0.01569 0.02241 ( 2)
 396 G   0.95034 0.03128 0.01762 0.00075 ( 1)
 397 L   0.88906 0.08912 0.01968 0.00214 ( 1)
 398 G   0.95455 0.02752 0.01727 0.00066 ( 1)
 399 E   0.93970 0.04113 0.01819 0.00099 ( 1)
 400 G   0.94961 0.03197 0.01765 0.00077 ( 1)
 401 V   0.92452 0.05534 0.01881 0.00133 ( 1)
 402 S   0.96196 0.02078 0.01676 0.00050 ( 1)
 403 F   0.93956 0.04126 0.01819 0.00099 ( 1)
 404 R   0.95269 0.02914 0.01748 0.00070 ( 1)
 405 A   0.94924 0.03227 0.01771 0.00078 ( 1)
 406 R   0.95162 0.03020 0.01746 0.00073 ( 1)
 407 L   0.95208 0.02978 0.01742 0.00072 ( 1)
 408 M   0.95895 0.02359 0.01688 0.00057 ( 1)
 409 L   0.88701 0.09111 0.01968 0.00219 ( 1)
 410 G   0.94781 0.03367 0.01771 0.00081 ( 1)
 411 L   0.88701 0.09111 0.01968 0.00219 ( 1)
 412 A   0.97302 0.01182 0.01488 0.00028 ( 1)
 413 V   0.30316 0.51923 0.16512 0.01249 ( 2)
 414 E   0.93528 0.04541 0.01821 0.00109 ( 1)
 415 I   0.93705 0.04376 0.01813 0.00105 ( 1)
 416 L   0.88478 0.09331 0.01967 0.00225 ( 1)
 417 D   0.93899 0.04190 0.01810 0.00101 ( 1)
 418 T   0.52851 0.45103 0.00961 0.01085 ( 1)
 419 S   0.94395 0.03733 0.01783 0.00090 ( 1)
 420 N   0.58927 0.39105 0.01027 0.00941 ( 1)
 421 P   0.91010 0.06908 0.01916 0.00166 ( 1)
 422 E   0.93469 0.04591 0.01830 0.00110 ( 1)
 423 L   0.94915 0.03253 0.01754 0.00078 ( 1)
 424 T   0.96025 0.02254 0.01667 0.00054 ( 1)
 425 S   0.96703 0.01664 0.01593 0.00040 ( 1)
 426 S   0.94370 0.03754 0.01786 0.00090 ( 1)
 427 T   0.94431 0.03703 0.01777 0.00089 ( 1)
 428 E   0.02675 0.94987 0.00053 0.02286 ( 2)
 429 V   0.91746 0.06220 0.01884 0.00150 ( 1)
 430 Q   0.93571 0.04510 0.01811 0.00109 ( 1)
 431 V   0.91739 0.06227 0.01884 0.00150 ( 1)
 432 E   0.93213 0.04843 0.01827 0.00117 ( 1)
 433 Q   0.03658 0.94018 0.00062 0.02262 ( 2)
 434 A   0.94212 0.03908 0.01786 0.00094 ( 1)
 435 T   0.43220 0.54628 0.00837 0.01314 ( 2)
 436 P   0.93083 0.04907 0.01891 0.00118 ( 1)
 437 V   0.95059 0.03070 0.01797 0.00074 ( 1)
 438 S   0.93583 0.04452 0.01858 0.00107 ( 1)
 439 E   0.92609 0.05369 0.01892 0.00129 ( 1)
 440 S   0.96432 0.01764 0.01761 0.00042 ( 1)
 441 C   0.96702 0.01524 0.01738 0.00037 ( 1)
 442 V   0.91824 0.06062 0.01969 0.00146 ( 1)
 443 G   0.94754 0.03290 0.01877 0.00079 ( 1)
 444 K   0.93858 0.04130 0.01913 0.00099 ( 1)
 445 M   0.95389 0.02703 0.01843 0.00065 ( 1)
 446 E   0.93274 0.04680 0.01933 0.00113 ( 1)
 447 E   0.93274 0.04680 0.01933 0.00113 ( 1)
 448 F   0.93292 0.04664 0.01932 0.00112 ( 1)
 449 F   0.90685 0.07156 0.01987 0.00172 ( 1)
 450 L   0.94444 0.03580 0.01891 0.00086 ( 1)
 451 F   0.90685 0.07156 0.01987 0.00172 ( 1)
 452 G   0.94192 0.03815 0.01901 0.00092 ( 1)
 453 A   0.94287 0.03726 0.01898 0.00090 ( 1)
 454 L   0.93984 0.03966 0.01954 0.00095 ( 1)
 455 L   0.88351 0.09415 0.02008 0.00227 ( 1)
 456 E   0.93247 0.04705 0.01934 0.00113 ( 1)
 457 A   0.94287 0.03726 0.01898 0.00090 ( 1)
 458 S   0.90412 0.07419 0.01990 0.00179 ( 1)
 459 M   0.95389 0.02703 0.01843 0.00065 ( 1)
 460 I   0.93380 0.04582 0.01928 0.00110 ( 1)
 461 D   0.93650 0.04325 0.01920 0.00104 ( 1)
 462 R   0.93876 0.04112 0.01913 0.00099 ( 1)
 463 K   0.93871 0.04117 0.01913 0.00099 ( 1)
 464 N   0.96177 0.02004 0.01771 0.00048 ( 1)
 465 G   0.94192 0.03815 0.01901 0.00092 ( 1)
 466 D   0.93672 0.04304 0.01921 0.00104 ( 1)
 467 K   0.92171 0.05730 0.01961 0.00138 ( 1)
 468 P   0.93431 0.04532 0.01928 0.00109 ( 1)
 469 I   0.93423 0.04540 0.01928 0.00109 ( 1)
 470 T   0.56846 0.41087 0.01078 0.00989 ( 1)
 471 F   0.90685 0.07156 0.01987 0.00172 ( 1)
 472 E   0.93247 0.04705 0.01934 0.00113 ( 1)
 473 V   0.95383 0.02708 0.01843 0.00065 ( 1)
 474 T   0.95118 0.02963 0.01847 0.00071 ( 1)
 475 I   0.98026 0.00449 0.01514 0.00011 ( 1)
 476 G   0.94200 0.03810 0.01898 0.00092 ( 1)
 477 N   0.96461 0.01858 0.01637 0.00045 ( 1)
 478 Y   0.93466 0.04581 0.01843 0.00110 ( 1)
 479 G   0.95594 0.02626 0.01717 0.00063 ( 1)
 480 N   0.96491 0.01828 0.01637 0.00044 ( 1)
 481 E   0.94150 0.03945 0.01810 0.00095 ( 1)
 482 V   0.96412 0.01973 0.01567 0.00047 ( 1)
 483 D   0.93511 0.04539 0.01841 0.00109 ( 1)
 484 G   0.95206 0.02968 0.01754 0.00071 ( 1)
 485 L   0.88971 0.08851 0.01965 0.00213 ( 1)
 486 S   0.96612 0.01727 0.01620 0.00042 ( 1)
 487 R   0.93736 0.04401 0.01758 0.00106 ( 1)
 488 P   0.94306 0.03801 0.01802 0.00091 ( 1)
 489 Q   0.48640 0.49253 0.00922 0.01185 ( 2)
 490 R   0.94793 0.03349 0.01777 0.00081 ( 1)
 491 P   0.35250 0.62512 0.00734 0.01504 ( 2)
 492 R   0.39326 0.40018 0.19693 0.00963 ( 2)
 493 P   0.91690 0.06251 0.01909 0.00150 ( 1)
 494 R   0.50343 0.47568 0.00944 0.01145 ( 1)
 495 P   0.91690 0.06251 0.01909 0.00150 ( 1)
