Supplemental results for CODEML (seqf: /home/leticiamagpali/phd/evol_models/codeml/small_dataset/cml_align/MYH2_codon_aligned.phy  treef: /home/leticiamagpali/phd/evol_models/codeml/small_dataset/cml_trees/gene_trees/H1b_gene_trees/MYH2_tree_H1b.tre)

I	J	ij	2Ns_IJ	pMut_IJ	pSub_IJ	2Ns_JI	pMut_JI	pSub_JI

TTC	TTT	CT	-0.85528	0.05517	0.03490	0.85528	0.02346	0.03490
TTA	TTT	AT	9.12326	0.00000	0.00000	-9.12326	0.00610	0.00001
TTA	TTC	AC	9.97854	0.00000	0.00000	-9.97854	0.01728	0.00001
TTG	TTT	GT	1.41945	0.00313	0.00586	-1.41945	0.01293	0.00586
TTG	TTC	GC	2.27473	0.00376	0.00954	-2.27473	0.03661	0.00954
TTG	TTA	GA	-7.70382	0.00502	0.00002	7.70382	0.00000	0.00000
TCT	TTT	CT	1.31421	0.00630	0.01133	-1.31421	0.02346	0.01133
TCC	TTC	CT	0.73312	0.03190	0.04501	-0.73312	0.06641	0.04501
TCC	TCT	CT	-1.43638	0.03190	0.01430	1.43638	0.00759	0.01430
TCA	TTA	CT	-8.56382	0.00950	0.00002	8.56382	0.00000	0.00000
TCA	TCT	AT	-0.75477	0.00420	0.00281	0.75477	0.00197	0.00281
TCA	TCC	AC	0.68161	0.00505	0.00697	-0.68161	0.00999	0.00697
TCG	TTG	CT	0.76218	0.00398	0.00568	-0.76218	0.00852	0.00568
TCG	TCT	GT	0.86742	0.00176	0.00263	-0.86742	0.00418	0.00263
TCG	TCC	GC	2.30379	0.00211	0.00541	-2.30379	0.02117	0.00541
TCG	TCA	GA	1.62218	0.00282	0.00570	-1.62218	0.01427	0.00570
TAT	TTT	AT	0.51647	0.00364	0.00466	-0.51647	0.00610	0.00466
TAT	TCT	AC	-0.79775	0.00438	0.00286	0.79775	0.00197	0.00286
TAC	TTC	AT	0.36848	0.01195	0.01429	-0.36848	0.01728	0.01429
TAC	TCC	AC	-0.36464	0.01439	0.01192	0.36464	0.00999	0.01192
TAC	TAT	CT	-1.00327	0.02705	0.01571	1.00327	0.00992	0.01571
TGT	TTT	GT	4.61129	0.00013	0.00060	-4.61129	0.01293	0.00060
TGT	TCT	GC	3.29708	0.00015	0.00053	-3.29708	0.00418	0.00053
TGT	TAT	GA	4.09483	0.00021	0.00086	-4.09483	0.01238	0.00086
TGC	TTC	GT	1.77375	0.00621	0.01327	-1.77375	0.03661	0.01327
TGC	TCC	GC	1.04063	0.00748	0.01203	-1.04063	0.02117	0.01203
TGC	TAC	GA	1.40527	0.00997	0.01856	-1.40527	0.04063	0.01856
TGC	TGT	CT	-3.69283	0.01406	0.00133	3.69283	0.00035	0.00133
TGG	TTG	GT	-0.25170	0.00604	0.00531	0.25170	0.00470	0.00531
TGG	TCG	GC	-1.01388	0.00727	0.00420	1.01388	0.00264	0.00420
TGG	TGT	GT	-3.44355	0.00604	0.00069	3.44355	0.00019	0.00069
TGG	TGC	GC	0.24928	0.00727	0.00821	-0.24928	0.00933	0.00821
CTT	TTT	CT	1.53736	0.00504	0.00987	-1.53736	0.02346	0.00987
CTC	TTC	CT	0.78297	0.03035	0.04377	-0.78297	0.06641	0.04377
CTC	CTT	CT	-1.60967	0.03035	0.01221	1.60967	0.00607	0.01221
CTA	TTA	CT	-7.94914	0.00514	0.00001	7.94914	0.00000	0.00000
CTA	CTT	AT	-0.36324	0.00227	0.00188	0.36324	0.00158	0.00188
CTA	CTC	AC	1.24643	0.00273	0.00478	-1.24643	0.00950	0.00478
CTG	TTG	CT	-2.64792	0.12033	0.02428	2.64792	0.00852	0.02428
CTG	CTT	GT	-2.76583	0.05317	0.00987	2.76583	0.00335	0.00987
CTG	CTC	GC	-1.15616	0.06399	0.03397	1.15616	0.02014	0.03397
CTG	CTA	GA	-2.40259	0.08529	0.02039	2.40259	0.00772	0.02039
CCT	TCT	CT	1.46931	0.00175	0.00333	-1.46931	0.00759	0.00333
CCT	CTT	CT	1.24617	0.00175	0.00305	-1.24617	0.00607	0.00305
CCC	TCC	CT	0.75561	0.01804	0.02570	-0.75561	0.03840	0.02570
CCC	CTC	CT	0.70575	0.01804	0.02514	-0.70575	0.03653	0.02514
CCC	CCT	CT	-2.15008	0.01804	0.00511	2.15008	0.00210	0.00511
CCA	TCA	CT	0.76293	0.00533	0.00762	-0.76293	0.01144	0.00762
CCA	CTA	CT	0.14825	0.00533	0.00574	-0.14825	0.00619	0.00574
CCA	CCT	AT	-1.46115	0.00236	0.00104	1.46115	0.00055	0.00104
CCA	CCC	AC	0.68893	0.00284	0.00392	-0.68893	0.00565	0.00392
CCG	TCG	CT	-0.80161	0.01067	0.00696	0.80161	0.00478	0.00696
CCG	CTG	CT	2.60849	0.01067	0.03003	-2.60849	0.14483	0.03003
CCG	CCT	GT	-1.40351	0.00471	0.00215	1.40351	0.00116	0.00215
CCG	CCC	GC	0.74657	0.00567	0.00805	-0.74657	0.01197	0.00805
CCG	CCA	GA	0.05764	0.00756	0.00778	-0.05764	0.00801	0.00778
CAT	TAT	CT	2.14304	0.00116	0.00282	-2.14304	0.00992	0.00282
CAT	CTT	AT	1.12215	0.00051	0.00086	-1.12215	0.00158	0.00086
CAT	CCT	AC	-0.12402	0.00062	0.00058	0.12402	0.00055	0.00058
CAC	TAC	CT	0.24435	0.02550	0.02874	-0.24435	0.03256	0.02874
CAC	CTC	AT	-0.17014	0.01127	0.01034	0.17014	0.00950	0.01034
CAC	CCC	AC	-0.87589	0.01356	0.00848	0.87589	0.00565	0.00848
CAC	CAT	CT	-2.90195	0.02550	0.00430	2.90195	0.00140	0.00430
CAA	CTA	AT	-0.93824	0.00411	0.00248	0.93824	0.00161	0.00248
CAA	CCA	AC	-1.08650	0.00495	0.00274	1.08650	0.00167	0.00274
CAA	CAT	AT	-2.42363	0.00411	0.00097	2.42363	0.00036	0.00097
CAA	CAC	AC	0.47832	0.00495	0.00623	-0.47832	0.00799	0.00623
CAG	CTG	AT	0.30714	0.02772	0.03219	-0.30714	0.03769	0.03219
CAG	CCG	AC	-2.30135	0.03336	0.00854	2.30135	0.00334	0.00854
CAG	CAT	GT	-3.58084	0.02772	0.00284	3.58084	0.00077	0.00284
CAG	CAC	GC	-0.67889	0.03336	0.02331	0.67889	0.01692	0.02331
CAG	CAA	GA	-1.15721	0.04447	0.02359	1.15721	0.01398	0.02359
CGT	TGT	CT	-2.04830	0.00272	0.00082	2.04830	0.00035	0.00082
CGT	CTT	GT	1.02564	0.00120	0.00192	-1.02564	0.00335	0.00192
CGT	CCT	GC	-0.22053	0.00144	0.00129	0.22053	0.00116	0.00129
CGT	CAT	GA	-0.09651	0.00192	0.00183	0.09651	0.00175	0.00183
CGC	TGC	CT	-0.47988	0.02734	0.02131	0.47988	0.01692	0.02131
CGC	CTC	GT	0.51090	0.01208	0.01543	-0.51090	0.02014	0.01543
CGC	CCC	GC	-0.19485	0.01454	0.01317	0.19485	0.01197	0.01317
CGC	CAC	GA	0.68104	0.01938	0.02672	-0.68104	0.03830	0.02672
CGC	CGT	CT	-2.12441	0.02734	0.00788	2.12441	0.00327	0.00788
CGA	CTA	GT	0.05940	0.00321	0.00331	-0.05940	0.00341	0.00331
CGA	CCA	GC	-0.08885	0.00387	0.00370	0.08885	0.00354	0.00370
CGA	CAA	GA	0.99765	0.00515	0.00815	-0.99765	0.01398	0.00815
CGA	CGT	AT	-1.32947	0.00321	0.00154	1.32947	0.00085	0.00154
CGA	CGC	AC	0.79494	0.00387	0.00561	-0.79494	0.00856	0.00561
CGG	TGG	CT	0.11677	0.01464	0.01551	-0.11677	0.01646	0.01551
CGG	CTG	GT	2.51299	0.00647	0.01769	-2.51299	0.07984	0.01769
CGG	CCG	GC	-0.09549	0.00779	0.00742	0.09549	0.00708	0.00742
CGG	CAG	GA	2.20586	0.01038	0.02573	-2.20586	0.09421	0.02573
CGG	CGT	GT	-1.27847	0.00647	0.00319	1.27847	0.00180	0.00319
CGG	CGC	GC	0.84593	0.00779	0.01154	-0.84593	0.01814	0.01154
CGG	CGA	GA	0.05100	0.01038	0.01064	-0.05100	0.01092	0.01064
ATT	TTT	AT	-0.42996	0.00938	0.00751	0.42996	0.00610	0.00751
ATT	CTT	AC	-1.96731	0.01129	0.00361	1.96731	0.00158	0.00361
ATC	TTC	AT	-0.49255	0.02828	0.02188	0.49255	0.01728	0.02188
ATC	CTC	AC	-1.27552	0.03403	0.01682	1.27552	0.00950	0.01682
ATC	ATT	CT	-0.91787	0.06400	0.03906	0.91787	0.02556	0.03906
ATA	TTA	AT	-8.96268	0.00368	0.00000	8.96268	0.00000	0.00000
ATA	CTA	AC	-1.01354	0.00443	0.00256	1.01354	0.00161	0.00256
ATA	ATT	AT	0.59054	0.00368	0.00488	-0.59054	0.00665	0.00488
ATA	ATC	AC	1.50841	0.00443	0.00859	-1.50841	0.02004	0.00859
ATG	TTG	AT	-2.34530	0.02314	0.00575	2.34530	0.00222	0.00575
ATG	CTG	AC	0.30262	0.02784	0.03227	-0.30262	0.03769	0.03227
ATG	ATT	GT	-0.49590	0.02314	0.01787	0.49590	0.01409	0.01787
ATG	ATC	GC	0.42198	0.02784	0.03413	-0.42198	0.04246	0.03413
ATG	ATA	GA	-1.08643	0.03711	0.02053	1.08643	0.01252	0.02053
ACT	TCT	AT	-0.71310	0.00403	0.00276	0.71310	0.00197	0.00276
ACT	CCT	AC	-2.18241	0.00485	0.00134	2.18241	0.00055	0.00134
ACT	ATT	CT	1.03107	0.00911	0.01461	-1.03107	0.02556	0.01461
ACC	TCC	AT	-0.31645	0.01371	0.01165	0.31645	0.00999	0.01165
ACC	CCC	AC	-1.07206	0.01650	0.00921	1.07206	0.00565	0.00921
ACC	ATC	CT	0.90921	0.03103	0.04724	-0.90921	0.07703	0.04724
ACC	ACT	CT	-1.03973	0.03103	0.01764	1.03973	0.01097	0.01764
ACA	TCA	AT	-0.50415	0.00493	0.00379	0.50415	0.00298	0.00379
ACA	CCA	AC	-1.26708	0.00593	0.00295	1.26708	0.00167	0.00295
ACA	ATA	CT	-0.10529	0.01115	0.01057	0.10529	0.01004	0.01057
ACA	ACT	AT	-0.54583	0.00493	0.00370	0.54583	0.00285	0.00370
ACA	ACC	AC	0.49391	0.00593	0.00751	-0.49391	0.00972	0.00751
ACG	TCG	AT	-1.62105	0.00630	0.00252	1.62105	0.00125	0.00252
ACG	CCG	AC	-0.81943	0.00758	0.00489	0.81943	0.00334	0.00489
ACG	ATG	CT	1.48643	0.01425	0.02738	-1.48643	0.06302	0.02738
ACG	ACT	GT	-0.04054	0.00630	0.00617	0.04054	0.00605	0.00617
ACG	ACC	GC	0.99920	0.00758	0.01199	-0.99920	0.02059	0.01199
ACG	ACA	GA	0.50529	0.01010	0.01287	-0.50529	0.01675	0.01287
AAT	TAT	AT	0.02093	0.00253	0.00255	-0.02093	0.00258	0.00255
AAT	CAT	AC	-2.12211	0.00304	0.00088	2.12211	0.00036	0.00088
AAT	ATT	AT	0.96735	0.00253	0.00394	-0.96735	0.00665	0.00394
AAT	ACT	AC	-0.06372	0.00304	0.00295	0.06372	0.00285	0.00295
AAC	TAC	AT	-1.31149	0.03145	0.01521	1.31149	0.00847	0.01521
AAC	CAC	AC	-1.55584	0.03785	0.01575	1.55584	0.00799	0.01575
AAC	ATC	AT	-0.45046	0.03145	0.02489	0.45046	0.02004	0.02489
AAC	ACC	AC	-1.35967	0.03785	0.01778	1.35967	0.00972	0.01778
AAC	AAT	CT	-2.33568	0.07117	0.01781	2.33568	0.00689	0.01781
AAA	CAA	AC	-1.43740	0.01227	0.00550	1.43740	0.00292	0.00550
AAA	ATA	AT	-1.36211	0.01020	0.00478	1.36211	0.00261	0.00478
AAA	ACA	AC	-1.25682	0.01227	0.00613	1.25682	0.00349	0.00613
AAA	AAT	AT	-1.73892	0.01020	0.00378	1.73892	0.00179	0.00378
AAA	AAC	AC	0.59676	0.01227	0.01630	-0.59676	0.02229	0.01630
AAG	CAG	AC	-1.31343	0.07307	0.03530	1.31343	0.01965	0.03530
AAG	ATG	AT	-1.30892	0.06071	0.02941	1.30892	0.01640	0.02941
AAG	ACG	AC	-2.79535	0.07307	0.01329	2.79535	0.00446	0.01329
AAG	AAT	GT	-2.77216	0.06071	0.01122	2.77216	0.00380	0.01122
AAG	AAC	GC	-0.43648	0.07307	0.05828	0.43648	0.04722	0.05828
AAG	AAA	GA	-1.03324	0.09739	0.05559	1.03324	0.03466	0.05559
AGT	TGT	AT	-1.03734	0.00026	0.00015	1.03734	0.00009	0.00015
AGT	CGT	AC	1.01096	0.00031	0.00049	-1.01096	0.00085	0.00049
AGT	ATT	GT	4.00391	0.00026	0.00105	-4.00391	0.01409	0.00105
AGT	ACT	GC	2.97284	0.00031	0.00097	-2.97284	0.00605	0.00097
AGT	AAT	GA	3.03657	0.00041	0.00132	-3.03657	0.00859	0.00132
AGC	TGC	AT	-0.46732	0.00703	0.00551	0.46732	0.00440	0.00551
AGC	CGC	AC	0.01256	0.00846	0.00851	-0.01256	0.00856	0.00851
AGC	ATC	GT	1.79897	0.00703	0.01515	-1.79897	0.04246	0.01515
AGC	ACC	GC	0.88976	0.00846	0.01277	-0.88976	0.02059	0.01277
AGC	AAC	GA	2.24943	0.01127	0.02834	-2.24943	0.10688	0.02834
AGC	AGT	CT	-3.12281	0.01590	0.00229	3.12281	0.00070	0.00229
AGA	CGA	AC	-0.33913	0.00320	0.00269	0.33913	0.00228	0.00269
AGA	ATA	GT	0.73381	0.00266	0.00375	-0.73381	0.00553	0.00375
AGA	ACA	GC	0.83910	0.00320	0.00472	-0.83910	0.00740	0.00472
AGA	AAA	GA	2.09593	0.00426	0.01018	-2.09593	0.03466	0.01018
AGA	AGT	AT	-2.67956	0.00266	0.00052	2.67956	0.00018	0.00052
AGA	AGC	AC	0.44325	0.00320	0.00396	-0.44325	0.00498	0.00396
AGG	TGG	AT	-0.35827	0.00613	0.00509	0.35827	0.00428	0.00509
AGG	CGG	AC	-0.47505	0.00737	0.00576	0.47505	0.00459	0.00576
AGG	ATG	GT	1.73533	0.00613	0.01291	-1.73533	0.03474	0.01291
AGG	ACG	GC	0.24889	0.00737	0.00833	-0.24889	0.00946	0.00833
AGG	AAG	GA	3.04424	0.00983	0.03142	-3.04424	0.20634	0.03142
AGG	AGT	GT	-2.76448	0.00613	0.00114	2.76448	0.00039	0.00114
AGG	AGC	GC	0.35833	0.00737	0.00877	-0.35833	0.01055	0.00877
AGG	AGA	GA	-0.08492	0.00983	0.00942	0.08492	0.00903	0.00942
GTT	TTT	GT	3.07085	0.00060	0.00193	-3.07085	0.01293	0.00193
GTT	CTT	GC	1.53349	0.00072	0.00141	-1.53349	0.00335	0.00141
GTT	ATT	GA	3.50080	0.00096	0.00347	-3.50080	0.03189	0.00347
GTC	TTC	GT	1.89067	0.00553	0.01231	-1.89067	0.03661	0.01231
GTC	CTC	GC	1.10770	0.00665	0.01100	-1.10770	0.02014	0.01100
GTC	ATC	GA	2.38322	0.00887	0.02328	-2.38322	0.09611	0.02328
GTC	GTT	CT	-2.03546	0.01251	0.00383	2.03546	0.00163	0.00383
GTA	TTA	GT	-7.08975	0.00120	0.00001	7.08975	0.00000	0.00000
GTA	CTA	GC	0.85939	0.00144	0.00215	-0.85939	0.00341	0.00215
GTA	ATA	GA	1.87293	0.00192	0.00426	-1.87293	0.01252	0.00426
GTA	GTT	AT	-1.03734	0.00120	0.00068	1.03734	0.00043	0.00068
GTA	GTC	AC	0.99813	0.00144	0.00228	-0.99813	0.00392	0.00228
GTG	TTG	GT	-1.16941	0.01512	0.00797	1.16941	0.00470	0.00797
GTG	CTG	GC	1.47851	0.01820	0.03486	-1.47851	0.07984	0.03486
GTG	ATG	GA	1.17589	0.02426	0.04126	-1.17589	0.07863	0.04126
GTG	GTT	GT	-2.82081	0.01512	0.00270	2.82081	0.00090	0.00270
GTG	GTC	GC	-0.78535	0.01820	0.01198	0.78535	0.00830	0.01198
GTG	GTA	GA	-1.78347	0.02426	0.00874	1.78347	0.00408	0.00874
GCT	TCT	GT	-0.56651	0.00737	0.00548	0.56651	0.00418	0.00548
GCT	CCT	GC	-2.03582	0.00887	0.00271	2.03582	0.00116	0.00271
GCT	ACT	GA	0.14659	0.01182	0.01271	-0.14659	0.01369	0.01271
GCT	GTT	CT	-2.32314	0.01668	0.00421	2.32314	0.00163	0.00421
GCC	TCC	GT	-0.14122	0.02438	0.02270	0.14122	0.02117	0.02270
GCC	CCC	GC	-0.89683	0.02934	0.01812	0.89683	0.01197	0.01812
GCC	ACC	GA	0.17523	0.03911	0.04263	-0.17523	0.04660	0.04263
GCC	GTC	CT	-1.29877	0.05517	0.02689	1.29877	0.01506	0.02689
GCC	GCT	CT	-1.01109	0.05517	0.03190	1.01109	0.02007	0.03190
GCA	TCA	GT	-0.05186	0.00664	0.00647	0.05186	0.00631	0.00647
GCA	CCA	GC	-0.81479	0.00799	0.00517	0.81479	0.00354	0.00517
GCA	ACA	GA	0.45230	0.01065	0.01324	-0.45230	0.01675	0.01324
GCA	GTA	CT	-1.52593	0.01503	0.00637	1.52593	0.00327	0.00637
GCA	GCT	AT	-0.24012	0.00664	0.00588	0.24012	0.00522	0.00588
GCA	GCC	AC	0.77097	0.00799	0.01147	-0.77097	0.01728	0.01147
GCG	TCG	GT	0.13119	0.00231	0.00247	-0.13119	0.00264	0.00247
GCG	CCG	GC	0.93280	0.00278	0.00428	-0.93280	0.00708	0.00428
GCG	ACG	GA	1.75224	0.00371	0.00787	-1.75224	0.02141	0.00787
GCG	GTG	CT	2.06278	0.00524	0.01237	-2.06278	0.04120	0.01237
GCG	GCT	GT	1.56511	0.00231	0.00458	-1.56511	0.01107	0.00458
GCG	GCC	GC	2.57620	0.00278	0.00776	-2.57620	0.03661	0.00776
GCG	GCA	GA	1.80523	0.00371	0.00802	-1.80523	0.02257	0.00802
GAT	TAT	GT	-0.58883	0.00985	0.00724	0.58883	0.00547	0.00724
GAT	CAT	GC	-2.73187	0.01186	0.00226	2.73187	0.00077	0.00226
GAT	AAT	GA	-0.60975	0.01581	0.01148	0.60975	0.00859	0.01148
GAT	GTT	AT	-3.14321	0.00985	0.00140	3.14321	0.00043	0.00140
GAT	GCT	AC	-0.82007	0.01186	0.00765	0.82007	0.00522	0.00765
GAC	TAC	GT	-0.50033	0.02960	0.02281	0.50033	0.01795	0.02281
GAC	CAC	GC	-0.74468	0.03563	0.02400	0.74468	0.01692	0.02400
GAC	AAC	GA	0.81116	0.04749	0.06933	-0.81116	0.10688	0.06933
GAC	GTC	AT	-2.02252	0.02960	0.00913	2.02252	0.00392	0.00913
GAC	GCC	AC	-0.72374	0.03563	0.02428	0.72374	0.01728	0.02428
GAC	GAT	CT	-0.91477	0.06700	0.04097	0.91477	0.02684	0.04097
GAA	CAA	GC	-0.65242	0.01186	0.00841	0.65242	0.00618	0.00841
GAA	AAA	GA	0.78498	0.01581	0.02282	-0.78498	0.03466	0.02282
GAA	GTA	AT	-2.45006	0.00985	0.00228	2.45006	0.00085	0.00228
GAA	GCA	AC	-0.92414	0.01186	0.00721	0.92414	0.00471	0.00721
GAA	GAT	AT	-0.34419	0.00985	0.00826	0.34419	0.00698	0.00826
GAA	GAC	AC	0.57058	0.01186	0.01556	-0.57058	0.02098	0.01556
GAG	CAG	GC	-0.64393	0.07926	0.05646	0.64393	0.04163	0.05646
GAG	AAG	GA	0.66950	0.10564	0.14491	-0.66950	0.20634	0.14491
GAG	GTG	AT	-1.81531	0.06585	0.02324	1.81531	0.01072	0.02324
GAG	GCG	AC	-3.87809	0.07926	0.00649	3.87809	0.00164	0.00649
GAG	GAT	GT	-1.49291	0.06585	0.02849	1.49291	0.01480	0.02849
GAG	GAC	GC	-0.57814	0.07926	0.05854	0.57814	0.04446	0.05854
GAG	GAA	GA	-1.14872	0.10564	0.05633	1.14872	0.03349	0.05633
GGT	TGT	GT	-1.38516	0.00077	0.00036	1.38516	0.00019	0.00036
GGT	CGT	GC	0.66314	0.00093	0.00127	-0.66314	0.00180	0.00127
GGT	AGT	GA	-0.34782	0.00124	0.00103	0.34782	0.00087	0.00103
GGT	GTT	GT	0.15529	0.00077	0.00083	-0.15529	0.00090	0.00083
GGT	GCT	GC	2.47843	0.00093	0.00251	-2.47843	0.01107	0.00251
GGT	GAT	GA	3.29850	0.00124	0.00424	-3.29850	0.03349	0.00424
GGC	TGC	GT	-0.56470	0.01641	0.01221	0.56470	0.00933	0.01221
GGC	CGC	GC	-0.08482	0.01975	0.01892	0.08482	0.01814	0.01892
GGC	AGC	GA	-0.09738	0.02632	0.02506	0.09738	0.02388	0.02506
GGC	GTC	GT	-0.68162	0.01641	0.01145	0.68162	0.00830	0.01145
GGC	GCC	GC	0.61715	0.01975	0.02647	-0.61715	0.03661	0.02647
GGC	GAC	GA	1.34089	0.02632	0.04780	-1.34089	0.10062	0.04780
GGC	GGT	CT	-2.87237	0.03714	0.00640	2.87237	0.00210	0.00640
GGA	CGA	GC	-0.30539	0.00655	0.00560	0.30539	0.00483	0.00560
GGA	AGA	GA	0.03374	0.00873	0.00888	-0.03374	0.00903	0.00888
GGA	GTA	GT	-1.10538	0.00544	0.00298	1.10538	0.00180	0.00298
GGA	GCA	GC	0.42054	0.00655	0.00802	-0.42054	0.00997	0.00802
GGA	GAA	GA	1.34468	0.00873	0.01587	-1.34468	0.03349	0.01587
GGA	GGT	AT	-2.29800	0.00544	0.00140	2.29800	0.00055	0.00140
GGA	GGC	AC	0.57437	0.00655	0.00861	-0.57437	0.01163	0.00861
GGG	TGG	GT	-0.11691	0.01020	0.00961	0.11691	0.00907	0.00961
GGG	CGG	GC	-0.23368	0.01227	0.01089	0.23368	0.00971	0.01089
GGG	AGG	GA	0.24136	0.01636	0.01841	-0.24136	0.02082	0.01841
GGG	GTG	GT	0.80080	0.01020	0.01482	-0.80080	0.02271	0.01482
GGG	GCG	GC	-1.26198	0.01227	0.00612	1.26198	0.00347	0.00612
GGG	GAG	GA	2.61611	0.01636	0.04617	-2.61611	0.22381	0.04617
GGG	GGT	GT	-2.17530	0.01020	0.00284	2.17530	0.00116	0.00284
GGG	GGC	GC	0.69707	0.01227	0.01704	-0.69707	0.02464	0.01704
GGG	GGA	GA	0.12271	0.01636	0.01738	-0.12271	0.01849	0.01738


Histograms
2Ns	FMut	FSub(CodonUsage)	FSubw(after w)

-9.50337	0.00259	0.00000
-8.55304	0.00146	0.00000
-7.60270	0.00113	0.00000
-6.65236	0.00013	0.00000
-5.70202	0.00000	0.00000
-4.75169	0.00143	0.00009
-3.80135	0.02056	0.00252
-2.85101	0.15459	0.04088
-1.90067	0.15017	0.06961
-0.95034	0.34142	0.28558
0.00000	0.15102	0.20261
0.95034	0.14083	0.28558
1.90067	0.02368	0.06961
2.85101	0.01048	0.04088
3.80135	0.00049	0.00252
4.75169	0.00001	0.00009
5.70202	0.00000	0.00000
6.65236	0.00000	0.00000
7.60270	0.00000	0.00000
8.55304	0.00000	0.00000
9.50337	0.00000	0.00000

Proportion of advantageous (S > 0) mutations:
 0.24154

Proportions of good & bad mutations (|S| > 2.0000) among mutations:
0.01844  0.24969

mean |Ns| = 1.38125	mean Ns+ = 0.86326	mean Ns- = -1.54621


MLEs of dN/dS (w) for site classes (K=4)

site class             0        1       2a       2b
proportion       0.70699  0.02890  0.25373  0.01037
background w     0.04773  4.26016  0.04773  4.26016
foreground w     0.04773  4.26016  0.00000  0.00000

Naive Empirical Bayes (NEB) probabilities for 4 classes
(amino acids refer to 1st sequence: Bbon)

   1 E   0.73302 0.00024 0.26648 0.00026 ( 1)
   2 S   0.73287 0.00013 0.26684 0.00016 ( 1)
   3 G   0.73259 0.00006 0.26726 0.00009 ( 1)
   4 A   0.73305 0.00050 0.26600 0.00045 ( 1)
   5 G   0.73259 0.00006 0.26726 0.00009 ( 1)
   6 K   0.73259 0.00132 0.26513 0.00096 ( 1)
   7 T   0.73264 0.00007 0.26720 0.00010 ( 1)
   8 V   0.73064 0.00000 0.26935 0.00000 ( 1)
   9 N   0.73306 0.00030 0.26635 0.00030 ( 1)
  10 T   0.73261 0.00007 0.26723 0.00010 ( 1)
  11 K   0.73259 0.00132 0.26513 0.00096 ( 1)
  12 R   0.73155 0.00001 0.26842 0.00002 ( 1)
  13 V   0.73064 0.00000 0.26935 0.00000 ( 1)
  14 I   0.73300 0.00066 0.26577 0.00057 ( 1)
  15 Q   0.73306 0.00057 0.26586 0.00051 ( 1)
  16 Y   0.73283 0.00012 0.26690 0.00015 ( 1)
  17 F   0.73220 0.00179 0.26479 0.00121 ( 1)
  18 A   0.73239 0.00166 0.26483 0.00112 ( 1)
  19 V   0.73064 0.00000 0.26935 0.00000 ( 1)
  20 I   0.73273 0.00114 0.26527 0.00086 ( 1)
  21 A   0.73292 0.00069 0.26579 0.00060 ( 1)
  22 A   0.73299 0.00067 0.26576 0.00057 ( 1)
  23 I   0.73254 0.00119 0.26533 0.00093 ( 1)
  24 G   0.73301 0.00014 0.26668 0.00017 ( 1)
  25 D   0.73308 0.00042 0.26610 0.00040 ( 1)
  26 R   0.73296 0.00019 0.26664 0.00021 ( 1)
  27 S   0.73115 0.00000 0.26884 0.00001 ( 1)
  28 K   0.73259 0.00132 0.26513 0.00096 ( 1)
  29 K   0.73275 0.00119 0.26519 0.00086 ( 1)
  30 E   0.73268 0.00119 0.26525 0.00089 ( 1)
  31 Q   0.67650 0.04146 0.24535 0.03669 ( 1)
  32 T   0.21714 0.34941 0.07889 0.35455 ( 4)
  33 S   0.53815 0.16340 0.19443 0.10402 ( 1)
  34 G   0.73295 0.00018 0.26666 0.00021 ( 1)
  35 K   0.73259 0.00132 0.26513 0.00096 ( 1)
  36 -   0.73281 0.00018 0.26679 0.00022 ( 1)
  37 T   0.73228 0.00035 0.26690 0.00046 ( 1)
  38 L   0.72587 0.00834 0.26159 0.00421 ( 1)
  39 E   0.73067 0.00288 0.26441 0.00204 ( 1)
  40 D   0.73229 0.00059 0.26645 0.00067 ( 1)
  41 Q   0.73153 0.00142 0.26565 0.00140 ( 1)
  42 I   0.73137 0.00160 0.26552 0.00151 ( 1)
  43 I   0.73137 0.00160 0.26552 0.00151 ( 1)
  44 Q   0.73153 0.00142 0.26565 0.00140 ( 1)
  45 A   0.73140 0.00154 0.26558 0.00147 ( 1)
  46 N   0.73183 0.00086 0.26631 0.00100 ( 1)
  47 P   0.73131 0.00010 0.26836 0.00023 ( 1)
  48 A   0.73140 0.00154 0.26558 0.00147 ( 1)
  49 L   0.72521 0.00859 0.26155 0.00464 ( 1)
  50 E   0.73064 0.00251 0.26480 0.00204 ( 1)
  51 A   0.73140 0.00154 0.26558 0.00147 ( 1)
  52 F   0.73078 0.00246 0.26491 0.00186 ( 1)
  53 G   0.73190 0.00059 0.26673 0.00078 ( 1)
  54 N   0.73183 0.00086 0.26631 0.00100 ( 1)
  55 A   0.73140 0.00154 0.26558 0.00147 ( 1)
  56 K   0.73049 0.00271 0.26465 0.00215 ( 1)
  57 T   0.73184 0.00028 0.26741 0.00046 ( 1)
  58 V   0.72994 0.00001 0.27000 0.00006 ( 1)
  59 R   0.73070 0.00051 0.26832 0.00047 ( 1)
  60 N   0.73148 0.00015 0.26810 0.00027 ( 1)
  61 D   0.73189 0.00047 0.26697 0.00067 ( 1)
  62 N   0.73183 0.00086 0.26631 0.00100 ( 1)
  63 S   0.73190 0.00047 0.26697 0.00067 ( 1)
  64 S   0.73190 0.00047 0.26697 0.00067 ( 1)
  65 R   0.73190 0.00060 0.26671 0.00079 ( 1)
  66 F   0.00000 1.00000 0.00000 0.00000 ( 2)
  67 -   0.73254 0.00140 0.26505 0.00100 ( 1)
  68 -   0.73233 0.00164 0.26490 0.00112 ( 1)
  69 -   0.73162 0.00250 0.26432 0.00156 ( 1)
  70 -   0.73238 0.00162 0.26488 0.00112 ( 1)
  71 -   0.73233 0.00166 0.26487 0.00114 ( 1)
  72 -   0.72994 0.00000 0.27006 0.00000 ( 1)
  73 -   0.73066 0.00354 0.26375 0.00204 ( 1)
  74 -   0.73307 0.00026 0.26639 0.00027 ( 1)
  75 -   0.73237 0.00160 0.26493 0.00110 ( 1)
  76 -   0.73306 0.00029 0.26636 0.00029 ( 1)
  77 -   0.73283 0.00100 0.26541 0.00077 ( 1)
  78 -   0.73135 0.00280 0.26415 0.00170 ( 1)
  79 -   0.73275 0.00008 0.26705 0.00011 ( 1)
  80 -   0.73179 0.00004 0.26808 0.00009 ( 1)
  81 -   0.73309 0.00042 0.26609 0.00039 ( 1)
  82 -   0.73258 0.00134 0.26513 0.00096 ( 1)
  83 -   0.73306 0.00050 0.26599 0.00044 ( 1)
  84 -   0.73278 0.00010 0.26699 0.00013 ( 1)
  85 -   0.73152 0.00260 0.26428 0.00160 ( 1)
  86 -   0.73306 0.00029 0.26636 0.00029 ( 1)
  87 -   0.73387 0.00136 0.26414 0.00063 ( 1)
  88 -   0.73359 0.00038 0.26573 0.00030 ( 1)
  89 -   0.72654 0.00825 0.26146 0.00374 ( 1)
  90 -   0.73349 0.00065 0.26539 0.00047 ( 1)
  91 -   0.73309 0.00123 0.26489 0.00079 ( 1)
  92 -   0.73358 0.00041 0.26568 0.00032 ( 1)
  93 -   0.73341 0.00010 0.26639 0.00010 ( 1)
  94 -   0.73159 0.00000 0.26840 0.00000 ( 1)
  95 -   0.73223 0.00223 0.26424 0.00129 ( 1)
  96 -   0.73292 0.00143 0.26476 0.00090 ( 1)
  97 -   0.73304 0.00130 0.26483 0.00083 ( 1)
  98 -   0.72654 0.00825 0.26146 0.00374 ( 1)
  99 -   0.00103 0.60813 0.00037 0.39048 ( 2)
 100 -   0.73314 0.00115 0.26495 0.00075 ( 1)
 101 -   0.73216 0.00230 0.26421 0.00132 ( 1)
 102 -   0.73341 0.00010 0.26639 0.00010 ( 1)
 103 -   0.73325 0.00102 0.26505 0.00068 ( 1)
 104 -   0.73248 0.00197 0.26439 0.00117 ( 1)
 105 -   0.73331 0.00007 0.26654 0.00008 ( 1)
 106 -   0.73223 0.00223 0.26424 0.00129 ( 1)
 107 -   0.73292 0.00143 0.26476 0.00090 ( 1)
 108 -   0.73360 0.00037 0.26574 0.00030 ( 1)
 109 -   0.73354 0.00057 0.26546 0.00042 ( 1)
 110 -   0.73290 0.00145 0.26473 0.00091 ( 1)
 111 -   0.73118 0.00391 0.26313 0.00177 ( 1)
 112 -   0.73360 0.00035 0.26576 0.00029 ( 1)
 113 -   0.73342 0.00077 0.26527 0.00054 ( 1)
 114 -   0.68315 0.04271 0.24684 0.02730 ( 1)
 115 -   0.73199 0.00250 0.26410 0.00142 ( 1)
 116 -   0.73277 0.00002 0.26720 0.00002 ( 1)
 117 -   0.73216 0.00230 0.26421 0.00132 ( 1)
 118 -   0.72688 0.00745 0.26204 0.00363 ( 1)
 119 -   0.72654 0.00825 0.26146 0.00374 ( 1)
 120 -   0.73336 0.00057 0.26561 0.00045 ( 1)
 121 M   0.99154 0.00825 0.00005 0.00016 ( 1)
 122 L   0.72879 0.00500 0.26322 0.00300 ( 1)
 123 L   0.72969 0.00450 0.26328 0.00254 ( 1)
 124 I   0.73269 0.00051 0.26626 0.00053 ( 1)
 125 T   0.73192 0.00004 0.26795 0.00009 ( 1)
 126 N   0.73259 0.00022 0.26691 0.00028 ( 1)
 127 N   0.73259 0.00022 0.26691 0.00028 ( 1)
 128 P   0.73114 0.00001 0.26882 0.00003 ( 1)
 129 Y   0.73263 0.00077 0.26588 0.00072 ( 1)
 130 D   0.73226 0.00009 0.26749 0.00015 ( 1)
 131 Y   0.73210 0.00039 0.26697 0.00055 ( 1)
 132 A   0.00001 0.99999 0.00000 0.00000 ( 2)
 133 F   0.73283 0.00094 0.26548 0.00074 ( 1)
 134 I   0.73269 0.00051 0.26626 0.00053 ( 1)
 135 S   0.73227 0.00009 0.26749 0.00015 ( 1)
 136 Q   0.73248 0.00014 0.26717 0.00021 ( 1)
 137 G   0.73263 0.00024 0.26682 0.00030 ( 1)
 138 E   0.73250 0.00095 0.26571 0.00084 ( 1)
 139 T   0.73237 0.00012 0.26733 0.00018 ( 1)
 140 T   0.73237 0.00012 0.26733 0.00018 ( 1)
 141 V   0.73234 0.00011 0.26738 0.00017 ( 1)
 142 P   0.00000 0.38027 0.00000 0.61973 ( 4)
 143 S   0.73163 0.00145 0.26554 0.00138 ( 1)
 144 I   0.73254 0.00091 0.26573 0.00082 ( 1)
 145 D   0.73247 0.00029 0.26686 0.00038 ( 1)
 146 D   0.73277 0.00020 0.26678 0.00025 ( 1)
 147 A   0.73268 0.00037 0.26653 0.00042 ( 1)
 148 E   0.73250 0.00095 0.26571 0.00084 ( 1)
 149 E   0.73250 0.00095 0.26571 0.00084 ( 1)
 150 L   0.73223 0.00008 0.26755 0.00014 ( 1)
 151 M   0.73214 0.00007 0.26766 0.00013 ( 1)
 152 A   0.73268 0.00048 0.26632 0.00051 ( 1)
 153 T   0.73221 0.00011 0.26751 0.00018 ( 1)
 154 D   0.73268 0.00032 0.26663 0.00038 ( 1)
 155 A   0.94264 0.05735 0.00001 0.00000 ( 1)
 156 F   0.85940 0.14060 0.00001 0.00000 ( 1)
 157 D   0.73349 0.00071 0.26530 0.00050 ( 1)
 158 V   0.73363 0.00029 0.26584 0.00024 ( 1)
 159 L   0.72759 0.00717 0.26190 0.00334 ( 1)
 160 G   0.69733 0.02704 0.25272 0.02290 ( 1)
 161 F   0.73327 0.00102 0.26503 0.00068 ( 1)
 162 T   0.00295 0.55269 0.00107 0.44329 ( 2)
 163 S   0.50279 0.20550 0.18127 0.11044 ( 1)
 164 D   0.62225 0.09543 0.22465 0.05767 ( 1)
 165 E   0.73269 0.00174 0.26453 0.00105 ( 1)
 166 K   0.73255 0.00190 0.26442 0.00113 ( 1)
 167 N   0.69131 0.02722 0.25130 0.03017 ( 1)
 168 S   0.73362 0.00026 0.26590 0.00022 ( 1)
 169 M   0.27804 0.61765 0.00019 0.10411 ( 2)
 170 Y   0.73369 0.00024 0.26587 0.00020 ( 1)
 171 K   0.73255 0.00190 0.26442 0.00113 ( 1)
 172 L   0.72759 0.00717 0.26190 0.00334 ( 1)
 173 T   0.73354 0.00014 0.26618 0.00014 ( 1)
 174 G   0.73356 0.00058 0.26543 0.00043 ( 1)
 175 A   0.73316 0.00120 0.26487 0.00077 ( 1)
 176 I   0.73326 0.00104 0.26501 0.00069 ( 1)
 177 M   0.73358 0.00021 0.26601 0.00019 ( 1)
 178 H   0.73315 0.00004 0.26677 0.00005 ( 1)
 179 F   0.73201 0.00249 0.26409 0.00141 ( 1)
 180 G   0.73356 0.00058 0.26543 0.00043 ( 1)
 181 N   0.73359 0.00051 0.26551 0.00039 ( 1)
 182 M   0.73358 0.00021 0.26601 0.00019 ( 1)
 183 K   0.73255 0.00190 0.26442 0.00113 ( 1)
 184 F   0.73327 0.00102 0.26503 0.00068 ( 1)
 185 K   0.73339 0.00087 0.26515 0.00059 ( 1)
 186 L   0.73362 0.00026 0.26590 0.00022 ( 1)
 187 K   0.73255 0.00190 0.26442 0.00113 ( 1)
 188 P   0.07382 0.53680 0.02668 0.36269 ( 2)
 189 R   0.73328 0.00103 0.26501 0.00068 ( 1)
 190 E   0.73269 0.00174 0.26453 0.00105 ( 1)
 191 E   0.73269 0.00174 0.26453 0.00105 ( 1)
 192 Q   0.73336 0.00093 0.26509 0.00063 ( 1)
 193 A   0.73240 0.00217 0.26421 0.00122 ( 1)
 194 E   0.73269 0.00174 0.26453 0.00105 ( 1)
 195 P   0.72441 0.00581 0.26333 0.00644 ( 1)
 196 D   0.73349 0.00071 0.26530 0.00050 ( 1)
 197 G   0.73363 0.00034 0.26576 0.00027 ( 1)
 198 N   0.71416 0.01362 0.25917 0.01304 ( 1)
 199 E   0.73362 0.00043 0.26562 0.00034 ( 1)
 200 -   0.73265 0.00014 0.26701 0.00019 ( 1)
 201 -   0.73093 0.00000 0.26905 0.00001 ( 1)
 202 -   0.72696 0.00736 0.26196 0.00372 ( 1)
 203 -   0.73258 0.00106 0.26549 0.00086 ( 1)
 204 -   0.73187 0.00200 0.26474 0.00140 ( 1)
 205 -   0.73258 0.00106 0.26549 0.00086 ( 1)
 206 -   0.73285 0.00031 0.26649 0.00034 ( 1)
 207 -   0.73281 0.00025 0.26665 0.00029 ( 1)
 208 -   0.73200 0.00183 0.26486 0.00131 ( 1)
 209 -   0.73187 0.00200 0.26474 0.00140 ( 1)
 210 -   0.73276 0.00023 0.26673 0.00028 ( 1)
 211 -   0.73256 0.00109 0.26547 0.00088 ( 1)
 212 -   0.67972 0.03747 0.24678 0.03603 ( 1)
 213 -   0.73288 0.00048 0.26617 0.00048 ( 1)
 214 -   0.73276 0.00023 0.26673 0.00028 ( 1)
 215 -   0.73285 0.00031 0.26649 0.00034 ( 1)
 216 -   0.73269 0.00015 0.26695 0.00020 ( 1)
 217 -   0.73233 0.00006 0.26750 0.00010 ( 1)
 218 -   0.73256 0.00111 0.26544 0.00089 ( 1)
 219 -   0.73303 0.00043 0.26613 0.00041 ( 1)
 220 -   0.73258 0.00106 0.26549 0.00086 ( 1)
 221 -   0.73267 0.00015 0.26698 0.00020 ( 1)
 222 -   0.72696 0.00736 0.26196 0.00372 ( 1)
 223 -   0.73200 0.00183 0.26486 0.00131 ( 1)
 224 -   0.73267 0.00015 0.26698 0.00020 ( 1)
 225 -   0.00000 0.86543 0.00000 0.13457 ( 2)
 226 -   0.73267 0.00097 0.26554 0.00081 ( 1)
 227 -   0.73202 0.00003 0.26788 0.00006 ( 1)
 228 -   0.73286 0.00037 0.26638 0.00039 ( 1)
 229 -   0.73267 0.00097 0.26554 0.00081 ( 1)
 230 -   0.73281 0.00025 0.26665 0.00029 ( 1)
 231 -   0.73256 0.00109 0.26547 0.00088 ( 1)
 232 -   0.73216 0.00005 0.26771 0.00008 ( 1)
 233 -   0.73286 0.00036 0.26640 0.00039 ( 1)
 234 -   0.73120 0.00000 0.26878 0.00001 ( 1)
 235 -   0.72689 0.00751 0.26189 0.00372 ( 1)
 236 -   0.73293 0.00030 0.26645 0.00032 ( 1)
 237 -   0.73209 0.00184 0.26480 0.00127 ( 1)
 238 -   0.73264 0.00111 0.26539 0.00086 ( 1)
 239 -   0.73296 0.00039 0.26627 0.00038 ( 1)
 240 -   0.73262 0.00114 0.26536 0.00088 ( 1)
 241 -   0.73202 0.00191 0.26476 0.00130 ( 1)
 242 -   0.73254 0.00121 0.26531 0.00093 ( 1)
 243 -   0.73255 0.00120 0.26534 0.00092 ( 1)
 244 -   0.73290 0.00032 0.26644 0.00034 ( 1)
 245 F   0.73361 0.00095 0.26486 0.00057 ( 1)
 246 N   0.73257 0.00021 0.26695 0.00028 ( 1)
 247 S   0.73002 0.00000 0.26997 0.00001 ( 1)
 248 F   0.00000 0.84787 0.00000 0.15213 ( 2)
 249 E   0.73259 0.00087 0.26577 0.00077 ( 1)
 250 Q   0.73278 0.00038 0.26642 0.00042 ( 1)
 251 L   0.73388 0.00027 0.26565 0.00020 ( 1)
 252 C   0.73029 0.00000 0.26970 0.00001 ( 1)
 253 I   0.73276 0.00045 0.26632 0.00047 ( 1)
 254 N   0.73261 0.00018 0.26696 0.00024 ( 1)
 255 F   0.73274 0.00044 0.26636 0.00046 ( 1)
 256 T   0.73189 0.00004 0.26800 0.00007 ( 1)
 257 N   0.73261 0.00018 0.26696 0.00024 ( 1)
 258 E   0.73261 0.00085 0.26577 0.00076 ( 1)
 259 K   0.73256 0.00096 0.26565 0.00083 ( 1)
 260 L   0.72934 0.00479 0.26316 0.00271 ( 1)
 261 Q   0.73277 0.00039 0.26641 0.00043 ( 1)
 262 Q   0.73278 0.00038 0.26642 0.00042 ( 1)
 263 F   0.73274 0.00044 0.26636 0.00046 ( 1)
 264 F   0.73274 0.00044 0.26636 0.00046 ( 1)
 265 N   0.73261 0.00018 0.26696 0.00024 ( 1)
 266 H   0.73102 0.00001 0.26895 0.00002 ( 1)
 267 H   0.73102 0.00001 0.26895 0.00002 ( 1)
 268 M   0.73213 0.00006 0.26770 0.00011 ( 1)
 269 F   0.73274 0.00044 0.26636 0.00046 ( 1)
 270 V   0.73234 0.00009 0.26743 0.00014 ( 1)
 271 L   0.72906 0.00503 0.26306 0.00285 ( 1)
 272 E   0.73280 0.00067 0.26595 0.00058 ( 1)
 273 Q   0.73278 0.00036 0.26646 0.00039 ( 1)
 274 E   0.73261 0.00085 0.26577 0.00076 ( 1)
 275 E   0.73240 0.00034 0.26686 0.00040 ( 1)
 276 Y   0.73221 0.00007 0.26760 0.00012 ( 1)
 277 K   0.73256 0.00096 0.26565 0.00083 ( 1)
 278 K   0.73256 0.00096 0.26565 0.00083 ( 1)
 279 E   0.73261 0.00085 0.26577 0.00076 ( 1)
 280 G   0.73241 0.00011 0.26732 0.00016 ( 1)
 281 I   0.73276 0.00045 0.26632 0.00047 ( 1)
 282 E   0.64380 0.06494 0.23355 0.05771 ( 1)
 283 W   0.73256 0.00016 0.26707 0.00022 ( 1)
 284 E   0.43619 0.21502 0.15823 0.19057 ( 1)
 285 F   0.73274 0.00044 0.26636 0.00046 ( 1)
 286 I   0.73276 0.00045 0.26632 0.00047 ( 1)
 287 D   0.73226 0.00008 0.26754 0.00013 ( 1)
 288 F   0.73276 0.00045 0.26632 0.00046 ( 1)
 289 G   0.73236 0.00011 0.26737 0.00016 ( 1)
 290 M   0.72034 0.00593 0.26339 0.01034 ( 1)
 291 D   0.73226 0.00008 0.26754 0.00013 ( 1)
 292 L   0.72906 0.00503 0.26306 0.00285 ( 1)
 293 Q   0.02863 0.95927 0.00052 0.01158 ( 2)
 294 A   0.68102 0.03460 0.24757 0.03681 ( 1)
 295 C   0.73029 0.00000 0.26970 0.00001 ( 1)
 296 I   0.73274 0.00049 0.26628 0.00049 ( 1)
 297 D   0.92580 0.00933 0.06219 0.00268 ( 1)
 298 L   0.73227 0.00008 0.26752 0.00013 ( 1)
 299 I   0.73276 0.00045 0.26632 0.00047 ( 1)
 300 E   0.73261 0.00085 0.26577 0.00076 ( 1)
 301 K   0.73256 0.00096 0.26565 0.00083 ( 1)
 302 P   0.73222 0.00002 0.26773 0.00003 ( 1)
 303 M   0.73294 0.00011 0.26682 0.00013 ( 1)
 304 G   0.73311 0.00018 0.26651 0.00019 ( 1)
 305 I   0.73313 0.00067 0.26566 0.00053 ( 1)
 306 M   0.73294 0.00011 0.26682 0.00013 ( 1)
 307 S   0.73303 0.00014 0.26668 0.00015 ( 1)
 308 I   0.73313 0.00067 0.26566 0.00053 ( 1)
 309 L   0.72890 0.00561 0.26267 0.00282 ( 1)
 310 E   0.73280 0.00120 0.26517 0.00084 ( 1)
 311 E   0.73280 0.00120 0.26517 0.00084 ( 1)
 312 E   0.73280 0.00120 0.26517 0.00084 ( 1)
 313 C   0.73162 0.00000 0.26837 0.00001 ( 1)
 314 M   0.73294 0.00011 0.26682 0.00013 ( 1)
 315 F   0.73313 0.00065 0.26569 0.00052 ( 1)
 316 P   0.73222 0.00002 0.26773 0.00003 ( 1)
 317 K   0.73271 0.00132 0.26506 0.00092 ( 1)
 318 A   0.73314 0.00063 0.26571 0.00051 ( 1)
 319 T   0.73309 0.00017 0.26656 0.00018 ( 1)
 320 D   0.73302 0.00014 0.26669 0.00015 ( 1)
 321 M   0.73287 0.00011 0.26689 0.00013 ( 1)
 322 T   0.73271 0.00006 0.26713 0.00009 ( 1)
 323 F   0.73309 0.00064 0.26575 0.00052 ( 1)
 324 K   0.61196 0.09768 0.22142 0.06893 ( 1)
 325 A   0.73231 0.00171 0.26483 0.00115 ( 1)
 326 K   0.73269 0.00129 0.26510 0.00091 ( 1)
 327 L   0.72885 0.00561 0.26268 0.00285 ( 1)
 328 F   0.00000 1.00000 0.00000 0.00000 ( 2)
 329 D   0.73296 0.00013 0.26676 0.00015 ( 1)
 330 N   0.73315 0.00029 0.26628 0.00028 ( 1)
 331 H   0.73206 0.00001 0.26789 0.00003 ( 1)
 332 L   0.72855 0.00588 0.26257 0.00299 ( 1)
 333 G   0.73265 0.00012 0.26706 0.00017 ( 1)
 334 K   0.73266 0.00103 0.26548 0.00083 ( 1)
 335 S   0.73252 0.00009 0.26726 0.00013 ( 1)
 336 S   0.00000 0.99999 0.00000 0.00001 ( 2)
 337 N   0.73255 0.00018 0.26702 0.00025 ( 1)
 338 F   0.73269 0.00043 0.26641 0.00046 ( 1)
 339 Q   0.73273 0.00038 0.26647 0.00042 ( 1)
 340 K   0.73253 0.00095 0.26570 0.00083 ( 1)
 341 P   0.73110 0.00001 0.26886 0.00003 ( 1)
 342 R   0.73273 0.00014 0.26695 0.00018 ( 1)
 343 N   0.73130 0.00011 0.26836 0.00023 ( 1)
 344 I   0.73271 0.00044 0.26637 0.00047 ( 1)
 345 K   0.73253 0.00095 0.26570 0.00083 ( 1)
 346 G   0.73178 0.00003 0.26811 0.00007 ( 1)
 347 K   0.00133 0.80748 0.00000 0.19119 ( 2)
 348 P   0.73080 0.00001 0.26918 0.00002 ( 1)
 349 E   0.73247 0.00015 0.26717 0.00021 ( 1)
 350 A   0.73270 0.00042 0.26643 0.00045 ( 1)
 351 H   0.73092 0.00001 0.26905 0.00002 ( 1)
 352 F   0.73269 0.00043 0.26641 0.00046 ( 1)
 353 S   0.73219 0.00008 0.26760 0.00013 ( 1)
 354 L   0.72905 0.00501 0.26309 0.00285 ( 1)
 355 I   0.25128 0.74872 0.00000 0.00000 ( 2)
 356 H   0.73093 0.00001 0.26905 0.00002 ( 1)
 357 Y   0.73297 0.00015 0.26671 0.00018 ( 1)
 358 A   0.73277 0.00037 0.26646 0.00040 ( 1)
 359 G   0.73238 0.00009 0.26740 0.00013 ( 1)
 360 T   0.73187 0.00003 0.26805 0.00006 ( 1)
 361 V   0.73231 0.00007 0.26751 0.00012 ( 1)
 362 D   0.73237 0.00007 0.26745 0.00010 ( 1)
 363 Y   0.73217 0.00005 0.26769 0.00009 ( 1)
 364 N   0.73261 0.00015 0.26704 0.00020 ( 1)
 365 I   0.73281 0.00038 0.26641 0.00040 ( 1)
 366 I   0.72935 0.00055 0.26840 0.00171 ( 1)
 367 G   0.73238 0.00009 0.26740 0.00013 ( 1)
 368 W   0.73255 0.00012 0.26715 0.00018 ( 1)
 369 L   0.73303 0.00031 0.26634 0.00032 ( 1)
 370 Q   0.22332 0.77667 0.00000 0.00000 ( 2)
 371 K   0.73282 0.00039 0.26641 0.00037 ( 1)
 372 N   0.73261 0.00015 0.26704 0.00020 ( 1)
 373 K   0.73279 0.00029 0.26658 0.00034 ( 1)
 374 D   0.73222 0.00006 0.26762 0.00010 ( 1)
 375 P   0.73093 0.00000 0.26906 0.00001 ( 1)
 376 L   0.73223 0.00006 0.26760 0.00010 ( 1)
 377 N   0.73261 0.00015 0.26704 0.00020 ( 1)
 378 E   0.73273 0.00073 0.26587 0.00066 ( 1)
 379 T   0.73202 0.00003 0.26789 0.00006 ( 1)
 380 V   0.73183 0.00005 0.26802 0.00010 ( 1)
 381 V   0.73231 0.00007 0.26751 0.00012 ( 1)
 382 E   0.00006 0.99994 0.00000 0.00000 ( 2)
 383 L   0.73090 0.00000 0.26909 0.00001 ( 1)
 384 Y   0.73217 0.00005 0.26769 0.00009 ( 1)
 385 K   0.09090 0.90910 0.00000 0.00000 ( 2)
 386 K   0.73298 0.00044 0.26615 0.00043 ( 1)
 387 S   0.73222 0.00006 0.26761 0.00010 ( 1)
 388 S   0.73132 0.00001 0.26864 0.00003 ( 1)
 389 L   0.73223 0.00006 0.26761 0.00010 ( 1)
 390 K   0.73269 0.00082 0.26576 0.00073 ( 1)
 391 M   0.24720 0.31816 0.08984 0.34480 ( 4)
 392 L   0.73363 0.00017 0.26605 0.00015 ( 1)
 393 S   0.60915 0.06272 0.22248 0.10565 ( 1)
 394 T   0.71361 0.01361 0.25913 0.01366 ( 1)
 395 L   0.72845 0.00631 0.26226 0.00298 ( 1)
 396 F   0.73246 0.00200 0.26439 0.00115 ( 1)
 397 A   0.73352 0.00073 0.26524 0.00051 ( 1)
 398 N   0.73369 0.00036 0.26567 0.00028 ( 1)
 399 Y   0.73332 0.00108 0.26491 0.00069 ( 1)
 400 A   0.73246 0.00206 0.26430 0.00118 ( 1)
 401 G   0.73346 0.00008 0.26637 0.00009 ( 1)
 402 F   0.73250 0.00200 0.26434 0.00116 ( 1)
 403 D   0.73363 0.00017 0.26605 0.00015 ( 1)
 404 S   0.68845 0.03394 0.24945 0.02816 ( 1)
 405 -   0.73171 0.00283 0.26391 0.00155 ( 1)
 406 -   0.73317 0.00004 0.26674 0.00005 ( 1)
 407 -   0.72572 0.00913 0.26110 0.00405 ( 1)
 408 -   0.73327 0.00102 0.26503 0.00068 ( 1)
 409 -   0.73151 0.00304 0.26380 0.00165 ( 1)
 410 -   0.72572 0.00913 0.26110 0.00405 ( 1)
 411 -   0.73357 0.00050 0.26556 0.00037 ( 1)
 412 -   0.67485 0.04956 0.24385 0.03175 ( 1)
 413 -   0.73327 0.00102 0.26503 0.00068 ( 1)
 414 -   0.73348 0.00011 0.26631 0.00011 ( 1)
 415 -   0.73346 0.00073 0.26529 0.00052 ( 1)
 416 -   0.73355 0.00058 0.26545 0.00042 ( 1)
 417 -   0.73356 0.00069 0.26527 0.00048 ( 1)
 418 -   0.73348 0.00012 0.26629 0.00012 ( 1)
 419 -   0.73350 0.00013 0.26624 0.00012 ( 1)
 420 -   0.73348 0.00012 0.26629 0.00012 ( 1)
 421 -   0.73261 0.00182 0.26449 0.00108 ( 1)
 422 -   0.73353 0.00063 0.26538 0.00046 ( 1)
 423 -   0.73356 0.00017 0.26612 0.00015 ( 1)
 424 -   0.73323 0.00005 0.26666 0.00006 ( 1)
 425 -   0.73259 0.00185 0.26446 0.00110 ( 1)
 426 -   0.73259 0.00185 0.26446 0.00110 ( 1)
 427 -   0.73350 0.00013 0.26624 0.00012 ( 1)
 428 -   0.73317 0.00004 0.26674 0.00005 ( 1)
 429 -   0.73171 0.00283 0.26391 0.00155 ( 1)
 430 -   0.73343 0.00080 0.26522 0.00055 ( 1)
 431 -   0.73151 0.00304 0.26380 0.00165 ( 1)
 432 -   0.67070 0.04937 0.24277 0.03716 ( 1)
 433 -   0.73415 0.00024 0.26546 0.00016 ( 1)
 434 -   0.73339 0.00112 0.26480 0.00069 ( 1)
 435 -   0.73354 0.00091 0.26497 0.00058 ( 1)
 436 -   0.73345 0.00104 0.26487 0.00064 ( 1)
 437 -   0.73328 0.00137 0.26457 0.00078 ( 1)
 438 -   0.73386 0.00029 0.26563 0.00022 ( 1)
 439 -   0.72433 0.01064 0.26049 0.00454 ( 1)
 440 -   0.73356 0.00005 0.26633 0.00005 ( 1)
 441 -   0.73354 0.00091 0.26497 0.00058 ( 1)
 442 -   0.73386 0.00027 0.26566 0.00021 ( 1)
 443 -   0.73214 0.00255 0.26394 0.00136 ( 1)
 444 -   0.72419 0.01084 0.26039 0.00458 ( 1)
 445 -   0.73326 0.00127 0.26470 0.00076 ( 1)
 446 -   0.73377 0.00013 0.26598 0.00011 ( 1)
 447 -   0.73375 0.00011 0.26605 0.00010 ( 1)
 448 -   0.73353 0.00104 0.26481 0.00062 ( 1)
 449 -   0.73339 0.00112 0.26480 0.00069 ( 1)
 450 -   0.72419 0.01084 0.26039 0.00458 ( 1)
 451 -   0.73076 0.00401 0.26325 0.00199 ( 1)
 452 -   0.73328 0.00125 0.26471 0.00075 ( 1)
 453 -   0.73191 0.00279 0.26383 0.00147 ( 1)
 454 -   0.73326 0.00127 0.26470 0.00076 ( 1)
 455 -   0.73191 0.00279 0.26383 0.00147 ( 1)
 456 -   0.73377 0.00013 0.26598 0.00011 ( 1)
 457 -   0.73382 0.00016 0.26589 0.00013 ( 1)
 458 -   0.73051 0.00427 0.26312 0.00210 ( 1)
 459 -   0.73328 0.00125 0.26471 0.00075 ( 1)
 460 -   0.53433 0.17865 0.19262 0.09440 ( 1)
 461 -   0.73386 0.00029 0.26563 0.00022 ( 1)
 462 -   0.73291 0.00169 0.26443 0.00097 ( 1)
 463 -   0.73326 0.00127 0.26470 0.00076 ( 1)
 464 -   0.73191 0.00279 0.26383 0.00147 ( 1)
 465 -   0.73345 0.00105 0.26486 0.00065 ( 1)
 466 -   0.73191 0.00230 0.26434 0.00144 ( 1)
 467 -   0.73242 0.00172 0.26472 0.00114 ( 1)
 468 -   0.73179 0.00243 0.26427 0.00150 ( 1)
 469 -   0.72941 0.00501 0.26294 0.00264 ( 1)
 470 -   0.73290 0.00112 0.26517 0.00082 ( 1)
 471 -   0.72962 0.00479 0.26304 0.00255 ( 1)
 472 R   0.73341 0.00031 0.26600 0.00028 ( 1)
 473 Y   0.73238 0.00006 0.26747 0.00009 ( 1)
 474 R   0.73266 0.00011 0.26708 0.00015 ( 1)
 475 I   0.73278 0.00044 0.26638 0.00040 ( 1)
 476 L   0.72941 0.00479 0.26313 0.00266 ( 1)
 477 N   0.73250 0.00014 0.26715 0.00020 ( 1)
 478 P   0.73057 0.00000 0.26941 0.00001 ( 1)
 479 A   0.73267 0.00026 0.26676 0.00031 ( 1)
 480 A   0.73271 0.00034 0.26656 0.00039 ( 1)
 481 I   0.73273 0.00036 0.26650 0.00040 ( 1)
 482 P   0.73083 0.00001 0.26915 0.00002 ( 1)
 483 E   0.73267 0.00071 0.26596 0.00067 ( 1)
 484 G   0.73226 0.00008 0.26752 0.00013 ( 1)
 485 Q   0.73274 0.00031 0.26660 0.00036 ( 1)
 486 F   0.73271 0.00035 0.26654 0.00039 ( 1)
 487 I   0.73270 0.00068 0.26598 0.00065 ( 1)
 488 D   0.73209 0.00006 0.26775 0.00010 ( 1)
 489 S   0.72969 0.00000 0.27031 0.00000 ( 1)
 490 R   0.73022 0.00000 0.26977 0.00001 ( 1)
 491 K   0.73271 0.00028 0.26668 0.00034 ( 1)
 492 G   0.73166 0.00002 0.26827 0.00005 ( 1)
 493 S   0.00000 0.56732 0.00000 0.43268 ( 2)
 494 E   0.73267 0.00071 0.26596 0.00067 ( 1)
 495 K   0.73264 0.00080 0.26584 0.00073 ( 1)
