Supplemental results for CODEML (seqf: /home/leticiamagpali/phd/evol_models/codeml/big_dataset/cml_align/HTT_codon_aligned.phy  treef: /home/leticiamagpali/phd/evol_models/codeml/big_dataset/cml_trees/gene_trees/H1b_gene_trees/HTT_tree_H1b.tre)

I	J	ij	2Ns_IJ	pMut_IJ	pSub_IJ	2Ns_JI	pMut_JI	pSub_JI

TTC	TTT	CT	0.37998	0.04949	0.05949	-0.37998	0.07237	0.05949
TTA	TTT	AT	0.99569	0.00394	0.00622	-0.99569	0.01066	0.00622
TTA	TTC	AC	0.61571	0.00744	0.00997	-0.61571	0.01378	0.00997
TTG	TTT	GT	0.50209	0.00865	0.01100	-0.50209	0.01429	0.01100
TTG	TTC	GC	0.12211	0.01635	0.01736	-0.12211	0.01847	0.01736
TTG	TTA	GA	-0.49360	0.07671	0.05933	0.49360	0.04683	0.05933
TCT	TTT	CT	0.42394	0.04737	0.05811	-0.42394	0.07237	0.05811
TCC	TTC	CT	0.56236	0.05330	0.06969	-0.56236	0.09353	0.06969
TCC	TCT	CT	0.51841	0.05330	0.06831	-0.51841	0.08951	0.06831
TCA	TTA	CT	0.20041	0.03438	0.03794	-0.20041	0.04201	0.03794
TCA	TCT	AT	0.77216	0.00609	0.00874	-0.77216	0.01318	0.00874
TCA	TCC	AC	0.25375	0.01151	0.01303	-0.25375	0.01484	0.01303
TCG	TTG	CT	1.67507	0.01728	0.03562	-1.67507	0.09227	0.03562
TCG	TCT	GT	1.75322	0.00306	0.00649	-1.75322	0.01767	0.00649
TCG	TCC	GC	1.23481	0.00579	0.01007	-1.23481	0.01989	0.01007
TCG	TCA	GA	0.98106	0.02715	0.04261	-0.98106	0.07242	0.04261
TAT	TTT	AT	1.38987	0.00266	0.00491	-1.38987	0.01066	0.00491
TAT	TCT	AC	0.96593	0.00502	0.00783	-0.96593	0.01318	0.00783
TAC	TTC	AT	0.63180	0.00732	0.00988	-0.63180	0.01378	0.00988
TAC	TCC	AC	0.06944	0.01384	0.01433	-0.06944	0.01484	0.01433
TAC	TAT	CT	-0.37808	0.04134	0.03402	0.37808	0.02833	0.03402
TGT	TTT	GT	1.05039	0.00500	0.00808	-1.05039	0.01429	0.00808
TGT	TCT	GC	0.62645	0.00945	0.01271	-0.62645	0.01767	0.01271
TGT	TAT	GA	-0.33949	0.04433	0.03723	0.33949	0.03157	0.03723
TGC	TTC	GT	1.05141	0.00645	0.01043	-1.05141	0.01847	0.01043
TGC	TCC	GC	0.48905	0.01220	0.01542	-0.48905	0.01989	0.01542
TGC	TAC	GA	0.41961	0.05724	0.07008	-0.41961	0.08708	0.07008
TGC	TGT	CT	0.38101	0.03643	0.04381	-0.38101	0.05333	0.04381
TGG	TTG	GT	1.29376	0.00500	0.00891	-1.29376	0.01822	0.00891
TGG	TCG	GC	-0.38131	0.00944	0.00776	0.38131	0.00645	0.00776
TGG	TGT	GT	0.74546	0.00500	0.00709	-0.74546	0.01053	0.00709
TGG	TGC	GC	0.36446	0.00944	0.01127	-0.36446	0.01359	0.01127
CTT	TTT	CT	0.43328	0.04692	0.05782	-0.43328	0.07237	0.05782
CTC	TTC	CT	0.22023	0.07505	0.08361	-0.22023	0.09353	0.08361
CTC	CTT	CT	0.16694	0.07505	0.08148	-0.16694	0.08868	0.08148
CTA	TTA	CT	0.90843	0.01694	0.02578	-0.90843	0.04201	0.02578
CTA	CTT	AT	1.47084	0.00300	0.00573	-1.47084	0.01306	0.00573
CTA	CTC	AC	1.30390	0.00567	0.01015	-1.30390	0.02089	0.01015
CTG	TTG	CT	-0.53354	0.15732	0.11906	0.53354	0.09227	0.11906
CTG	CTT	GT	-0.46473	0.02787	0.02189	0.46473	0.01751	0.02189
CTG	CTC	GC	-0.63167	0.05267	0.03777	0.63167	0.02800	0.03777
CTG	CTA	GA	-1.93557	0.24716	0.08070	1.93557	0.03568	0.08070
CCT	TCT	CT	0.79978	0.04023	0.05844	-0.79978	0.08951	0.05844
CCT	CTT	CT	0.79044	0.04023	0.05820	-0.79044	0.08868	0.05820
CCC	TCC	CT	0.74855	0.04765	0.06769	-0.74855	0.10073	0.06769
CCC	CTC	CT	1.09068	0.04765	0.07827	-1.09068	0.14182	0.07827
CCC	CCT	CT	0.46717	0.04765	0.05964	-0.46717	0.07603	0.05964
CCA	TCA	CT	0.96294	0.02481	0.03864	-0.96294	0.06498	0.03864
CCA	CTA	CT	0.25492	0.02481	0.02810	-0.25492	0.03201	0.02810
CCA	CCT	AT	0.93532	0.00439	0.00677	-0.93532	0.01120	0.00677
CCA	CCC	AC	0.46814	0.00830	0.01040	-0.46814	0.01326	0.01040
CCG	TCG	CT	0.03684	0.03148	0.03206	-0.03684	0.03266	0.03206
CCG	CTG	CT	2.24545	0.03148	0.07905	-2.24545	0.29730	0.07905
CCG	CCT	GT	0.99028	0.00558	0.00879	-0.99028	0.01501	0.00879
CCG	CCC	GC	0.52310	0.01054	0.01353	-0.52310	0.01778	0.01353
CCG	CCA	GA	0.05496	0.04946	0.05083	-0.05496	0.05225	0.05083
CAT	TAT	CT	0.52967	0.01668	0.02148	-0.52967	0.02833	0.02148
CAT	CTT	AT	1.48625	0.00295	0.00567	-1.48625	0.01306	0.00567
CAT	CCT	AC	0.69582	0.00558	0.00775	-0.69582	0.01120	0.00775
CAC	TAC	CT	0.24852	0.06093	0.06882	-0.24852	0.07813	0.06882
CAC	CTC	AT	0.66009	0.01079	0.01475	-0.66009	0.02089	0.01475
CAC	CCC	AC	-0.43058	0.02040	0.01632	0.43058	0.01326	0.01632
CAC	CAT	CT	-0.65923	0.06093	0.04304	0.65923	0.03152	0.04304
CAA	CTA	AT	0.46232	0.00297	0.00371	-0.46232	0.00471	0.00371
CAA	CCA	AC	0.20740	0.00561	0.00621	-0.20740	0.00690	0.00621
CAA	CAT	AT	0.44691	0.00297	0.00368	-0.44691	0.00464	0.00368
CAA	CAC	AC	1.10613	0.00561	0.00927	-1.10613	0.01696	0.00927
CAG	CTG	AT	0.76987	0.02028	0.02907	-0.76987	0.04379	0.02907
CAG	CCG	AC	-1.47558	0.03832	0.01676	1.47558	0.00876	0.01676
CAG	CAT	GT	-1.18111	0.02028	0.01061	1.18111	0.00622	0.01061
CAG	CAC	GC	-0.52189	0.03832	0.02918	0.52189	0.02274	0.02918
CAG	CAA	GA	-1.62802	0.17982	0.07151	1.62802	0.03530	0.07151
CGT	TGT	CT	1.48017	0.01214	0.02326	-1.48017	0.05333	0.02326
CGT	CTT	GT	2.09727	0.00215	0.00514	-2.09727	0.01751	0.00514
CGT	CCT	GC	1.30683	0.00406	0.00728	-1.30683	0.01501	0.00728
CGT	CAT	GA	0.61102	0.01907	0.02548	-0.61102	0.03513	0.02548
CGC	TGC	CT	1.06744	0.02368	0.03852	-1.06744	0.06885	0.03852
CGC	CTC	GT	1.89861	0.00419	0.00937	-1.89861	0.02800	0.00937
CGC	CCC	GC	0.80794	0.00793	0.01155	-0.80794	0.01778	0.01155
CGC	CAC	GA	1.23852	0.03720	0.06487	-1.23852	0.12835	0.06487
CGC	CGT	CT	-0.03172	0.02368	0.02330	0.03172	0.02294	0.02330
CGA	CTA	GT	1.98335	0.00087	0.00200	-1.98335	0.00632	0.00200
CGA	CCA	GC	1.72843	0.00164	0.00345	-1.72843	0.00926	0.00345
CGA	CAA	GA	1.52103	0.00771	0.01501	-1.52103	0.03530	0.01501
CGA	CGT	AT	1.35692	0.00087	0.00159	-1.35692	0.00338	0.00159
CGA	CGC	AC	1.38864	0.00164	0.00304	-1.38864	0.00659	0.00304
CGG	TGG	CT	0.54558	0.03089	0.04008	-0.54558	0.05330	0.04008
CGG	CTG	GT	2.37288	0.00547	0.01432	-2.37288	0.05870	0.01432
CGG	CCG	GC	0.12743	0.01034	0.01101	-0.12743	0.01175	0.01101
CGG	CAG	GA	1.60300	0.04853	0.09740	-1.60300	0.24109	0.09740
CGG	CGT	GT	-0.18913	0.00547	0.00497	0.18913	0.00453	0.00497
CGG	CGC	GC	-0.15741	0.01034	0.00955	0.15741	0.00883	0.00955
CGG	CGA	GA	-1.54605	0.04853	0.02032	1.54605	0.01034	0.02032
ATT	TTT	AT	0.56687	0.00605	0.00792	-0.56687	0.01066	0.00792
ATT	CTT	AC	0.13359	0.01143	0.01221	-0.13359	0.01306	0.01221
ATC	TTC	AT	0.19031	0.01139	0.01251	-0.19031	0.01378	0.01251
ATC	CTC	AC	-0.02993	0.02152	0.02120	0.02993	0.02089	0.02120
ATC	ATT	CT	0.00342	0.06429	0.06440	-0.00342	0.06451	0.06440
ATA	TTA	AT	0.67964	0.00314	0.00432	-0.67964	0.00619	0.00432
ATA	CTA	AC	-0.22878	0.00593	0.00527	0.22878	0.00471	0.00527
ATA	ATT	AT	1.10846	0.00314	0.00519	-1.10846	0.00950	0.00519
ATA	ATC	AC	1.10504	0.00593	0.00979	-1.10504	0.01789	0.00979
ATG	TTG	AT	0.26887	0.01039	0.01184	-0.26887	0.01359	0.01184
ATG	CTG	AC	0.80241	0.01963	0.02854	-0.80241	0.04379	0.02854
ATG	ATT	GT	0.20409	0.01039	0.01148	-0.20409	0.01274	0.01148
ATG	ATC	GC	0.20067	0.01963	0.02166	-0.20067	0.02399	0.02166
ATG	ATA	GA	-0.90438	0.09211	0.05665	0.90438	0.03728	0.05665
ACT	TCT	AT	1.05233	0.00460	0.00744	-1.05233	0.01318	0.00744
ACT	CCT	AC	0.25255	0.00870	0.00984	-0.25255	0.01120	0.00984
ACT	ATT	CT	0.90940	0.02598	0.03956	-0.90940	0.06451	0.03956
ACC	TCC	AT	0.23440	0.01174	0.01316	-0.23440	0.01484	0.01316
ACC	CCC	AC	-0.51415	0.02218	0.01696	0.51415	0.01326	0.01696
ACC	ATC	CT	0.60645	0.06625	0.08835	-0.60645	0.12149	0.08835
ACC	ACT	CT	-0.29952	0.06625	0.05682	0.29952	0.04910	0.05682
ACA	TCA	AT	0.79033	0.00434	0.00628	-0.79033	0.00957	0.00628
ACA	CCA	AC	-0.17261	0.00820	0.00752	0.17261	0.00690	0.00752
ACA	ATA	CT	0.31110	0.02451	0.02852	-0.31110	0.03345	0.02852
ACA	ACT	AT	0.51016	0.00434	0.00554	-0.51016	0.00723	0.00554
ACA	ACC	AC	0.80969	0.00820	0.01197	-0.80969	0.01844	0.01197
ACG	TCG	AT	-0.22984	0.00605	0.00538	0.22984	0.00481	0.00538
ACG	CCG	AC	-0.26668	0.01144	0.00998	0.26668	0.00876	0.00998
ACG	ATG	CT	1.17636	0.03417	0.05812	-1.17636	0.11079	0.05812
ACG	ACT	GT	0.47105	0.00605	0.00759	-0.47105	0.00969	0.00759
ACG	ACC	GC	0.77057	0.01144	0.01641	-0.77057	0.02472	0.01641
ACG	ACA	GA	-0.03912	0.05368	0.05264	0.03912	0.05162	0.05264
AAT	TAT	AT	0.22783	0.00332	0.00371	-0.22783	0.00417	0.00371
AAT	CAT	AC	-0.30183	0.00628	0.00538	0.30183	0.00464	0.00538
AAT	ATT	AT	1.05084	0.00332	0.00537	-1.05084	0.00950	0.00537
AAT	ACT	AC	0.14144	0.00628	0.00673	-0.14144	0.00723	0.00673
AAC	TAC	AT	0.53977	0.00671	0.00868	-0.53977	0.01151	0.00868
AAC	CAC	AC	0.29125	0.01267	0.01461	-0.29125	0.01696	0.01461
AAC	ATC	AT	0.98126	0.00671	0.01053	-0.98126	0.01789	0.01053
AAC	ACC	AC	0.37481	0.01267	0.01520	-0.37481	0.01844	0.01520
AAC	AAT	CT	-0.06615	0.03786	0.03662	0.06615	0.03544	0.03662
AAA	CAA	AC	-0.92666	0.01178	0.00716	0.92666	0.00466	0.00716
AAA	ATA	AT	-0.23555	0.00624	0.00553	0.23555	0.00493	0.00553
AAA	ACA	AC	-0.54665	0.01178	0.00885	0.54665	0.00682	0.00885
AAA	AAT	AT	-0.17792	0.00624	0.00570	0.17792	0.00522	0.00570
AAA	AAC	AC	-0.11177	0.01178	0.01114	0.11177	0.01054	0.01114
AAG	CAG	AC	0.59049	0.01765	0.02337	-0.59049	0.03186	0.02337
AAG	ATG	AT	0.55796	0.00934	0.01219	-0.55796	0.01632	0.01219
AAG	ACG	AC	-0.61840	0.01765	0.01275	0.61840	0.00951	0.01275
AAG	AAT	GT	-0.28879	0.00934	0.00806	0.28879	0.00700	0.00806
AAG	AAC	GC	-0.22264	0.01765	0.01576	0.22264	0.01413	0.01576
AAG	AAA	GA	-0.11086	0.08283	0.07832	0.11086	0.07414	0.07832
AGT	TGT	AT	0.39688	0.00528	0.00640	-0.39688	0.00785	0.00640
AGT	CGT	AC	-1.08329	0.00998	0.00553	1.08329	0.00338	0.00553
AGT	ATT	GT	0.88040	0.00528	0.00794	-0.88040	0.01274	0.00794
AGT	ACT	GC	-0.02901	0.00998	0.00984	0.02901	0.00969	0.00984
AGT	AAT	GA	-0.17044	0.04684	0.04296	0.17044	0.03950	0.04296
AGC	TGC	AT	-0.31347	0.01387	0.01181	0.31347	0.01014	0.01181
AGC	CGC	AC	-1.38091	0.02622	0.01215	1.38091	0.00659	0.01215
AGC	ATC	GT	0.54763	0.01387	0.01802	-0.54763	0.02399	0.01802
AGC	ACC	GC	-0.05882	0.02622	0.02545	0.05882	0.02472	0.02545
AGC	AAC	GA	-0.43363	0.12304	0.09828	0.43363	0.07975	0.09828
AGC	AGT	CT	-0.32934	0.07831	0.06612	0.32934	0.05634	0.06612
AGA	CGA	AC	-1.98841	0.00998	0.00315	1.98841	0.00137	0.00315
AGA	ATA	GT	0.22373	0.00528	0.00589	-0.22373	0.00661	0.00589
AGA	ACA	GC	-0.08737	0.00998	0.00955	0.08737	0.00915	0.00955
AGA	AAA	GA	0.45928	0.04684	0.05841	-0.45928	0.07414	0.05841
AGA	AGT	AT	0.45180	0.00528	0.00656	-0.45180	0.00830	0.00656
AGA	AGC	AC	0.78114	0.00998	0.01438	-0.78114	0.02180	0.01438
AGG	TGG	AT	0.13431	0.00686	0.00733	-0.13431	0.00785	0.00733
AGG	CGG	AC	-0.41126	0.01297	0.01049	0.41126	0.00860	0.01049
AGG	ATG	GT	1.15920	0.00686	0.01159	-1.15920	0.02188	0.01159
AGG	ACG	GC	-0.01716	0.01297	0.01286	0.01716	0.01275	0.01286
AGG	AAG	GA	0.60124	0.06087	0.08099	-0.60124	0.11105	0.08099
AGG	AGT	GT	0.48290	0.00686	0.00865	-0.48290	0.01112	0.00865
AGG	AGC	GC	0.81224	0.01297	0.01894	-0.81224	0.02922	0.01894
AGG	AGA	GA	0.03110	0.06087	0.06182	-0.03110	0.06279	0.06182
GTT	TTT	GT	0.98584	0.00533	0.00839	-0.98584	0.01429	0.00839
GTT	CTT	GC	0.55256	0.01008	0.01312	-0.55256	0.01751	0.01312
GTT	ATT	GA	0.41897	0.04729	0.05789	-0.41897	0.07190	0.05789
GTC	TTC	GT	0.43862	0.01191	0.01471	-0.43862	0.01847	0.01471
GTC	CTC	GC	0.21839	0.02251	0.02506	-0.21839	0.02800	0.02506
GTC	ATC	GA	0.24831	0.10564	0.11929	-0.24831	0.13541	0.11929
GTC	GTT	CT	-0.16724	0.06724	0.06177	0.16724	0.05688	0.06177
GTA	TTA	GT	1.48848	0.00187	0.00360	-1.48848	0.00830	0.00360
GTA	CTA	GC	0.58005	0.00354	0.00466	-0.58005	0.00632	0.00466
GTA	ATA	GA	0.80883	0.01661	0.02422	-0.80883	0.03728	0.02422
GTA	GTT	AT	1.49833	0.00187	0.00361	-1.49833	0.00838	0.00361
GTA	GTC	AC	1.66556	0.00354	0.00727	-1.66556	0.01871	0.00727
GTG	TTG	GT	-0.05757	0.01930	0.01875	0.05757	0.01822	0.01875
GTG	CTG	GC	0.47596	0.03647	0.04584	-0.47596	0.05870	0.04584
GTG	ATG	GA	-0.32644	0.17116	0.14474	0.32644	0.12349	0.14474
GTG	GTT	GT	-0.54133	0.01930	0.01454	0.54133	0.01123	0.01454
GTG	GTC	GC	-0.37409	0.03647	0.03007	0.37409	0.02509	0.03007
GTG	GTA	GA	-2.03965	0.17116	0.05220	2.03965	0.02226	0.05220
GCT	TCT	GT	0.58533	0.00984	0.01300	-0.58533	0.01767	0.01300
GCT	CCT	GC	-0.21445	0.01860	0.01668	0.21445	0.01501	0.01668
GCT	ACT	GA	-0.46700	0.08730	0.06850	0.46700	0.05473	0.06850
GCT	GTT	CT	0.02343	0.05556	0.05622	-0.02343	0.05688	0.05622
GCC	TCC	GT	0.22044	0.01595	0.01778	-0.22044	0.01989	0.01778
GCC	CCC	GC	-0.52811	0.03015	0.02289	0.52811	0.01778	0.02289
GCC	ACC	GA	-0.01396	0.14150	0.14051	0.01396	0.13954	0.14051
GCC	GTC	CT	0.34418	0.09006	0.10645	-0.34418	0.12706	0.10645
GCC	GCT	CT	0.15352	0.09006	0.09715	-0.15352	0.10501	0.09715
GCA	TCA	GT	0.50239	0.00776	0.00988	-0.50239	0.01283	0.00988
GCA	CCA	GC	-0.46055	0.01467	0.01155	0.46055	0.00926	0.01155
GCA	ACA	GA	-0.28794	0.06885	0.05941	0.28794	0.05162	0.05941
GCA	GTA	CT	-0.78568	0.04382	0.02884	0.78568	0.01997	0.02884
GCA	GCT	AT	0.68922	0.00776	0.01074	-0.68922	0.01547	0.01074
GCA	GCC	AC	0.53570	0.01467	0.01895	-0.53570	0.02507	0.01895
GCG	TCG	GT	0.32097	0.00468	0.00547	-0.32097	0.00645	0.00547
GCG	CCG	GC	0.28413	0.00884	0.01016	-0.28413	0.01175	0.01016
GCG	ACG	GA	0.55081	0.04149	0.05396	-0.55081	0.07197	0.05396
GCG	GTG	CT	2.05361	0.02641	0.06221	-2.05361	0.20588	0.06221
GCG	GCT	GT	1.48885	0.00468	0.00899	-1.48885	0.02073	0.00899
GCG	GCC	GC	1.33534	0.00884	0.01602	-1.33534	0.03361	0.01602
GCG	GCA	GA	0.79964	0.04149	0.06027	-0.79964	0.09230	0.06027
GAT	TAT	GT	-0.32250	0.00772	0.00654	0.32250	0.00559	0.00654
GAT	CAT	GC	-0.85216	0.01459	0.00925	0.85216	0.00622	0.00925
GAT	AAT	GA	-0.55033	0.06848	0.05136	0.55033	0.03950	0.05136
GAT	GTT	AT	0.08153	0.00772	0.00804	-0.08153	0.00838	0.00804
GAT	GCT	AC	0.05811	0.01459	0.01502	-0.05811	0.01547	0.01502
GAC	TAC	GT	0.00670	0.01532	0.01537	-0.00670	0.01543	0.01537
GAC	CAC	GC	-0.24182	0.02896	0.02560	0.24182	0.02274	0.02560
GAC	AAC	GA	-0.53307	0.13590	0.10288	0.53307	0.07975	0.10288
GAC	GTC	AT	0.19988	0.01532	0.01691	-0.19988	0.01871	0.01691
GAC	GCC	AC	-0.14430	0.02896	0.02692	0.14430	0.02507	0.02692
GAC	GAT	CT	-0.04889	0.08650	0.08440	0.04889	0.08237	0.08440
GAA	CAA	GC	-1.02221	0.01738	0.00999	1.02221	0.00625	0.00999
GAA	AAA	GA	-0.09555	0.08157	0.07774	0.09555	0.07414	0.07774
GAA	GTA	AT	-1.13993	0.00920	0.00493	1.13993	0.00294	0.00493
GAA	GCA	AC	-0.35426	0.01738	0.01448	0.35426	0.01220	0.01448
GAA	GAT	AT	0.27686	0.00920	0.01053	-0.27686	0.01213	0.01053
GAA	GAC	AC	0.32574	0.01738	0.02037	-0.32574	0.02407	0.02037
GAG	CAG	GC	0.18171	0.03561	0.03895	-0.18171	0.04271	0.03895
GAG	AAG	GA	-0.40879	0.16713	0.13529	0.40879	0.11105	0.13529
GAG	GTG	AT	0.47562	0.01884	0.02368	-0.47562	0.03032	0.02368
GAG	GCG	AC	-1.57800	0.03561	0.01461	1.57800	0.00735	0.01461
GAG	GAT	GT	-0.14725	0.01884	0.01749	0.14725	0.01626	0.01749
GAG	GAC	GC	-0.09836	0.03561	0.03389	0.09836	0.03228	0.03389
GAG	GAA	GA	-0.42410	0.16713	0.13419	0.42410	0.10936	0.13419
GGT	TGT	GT	1.36053	0.00270	0.00494	-1.36053	0.01053	0.00494
GGT	CGT	GC	-0.11964	0.00510	0.00481	0.11964	0.00453	0.00481
GGT	AGT	GA	0.96365	0.02396	0.03732	-0.96365	0.06279	0.03732
GGT	GTT	GT	1.42507	0.00270	0.00507	-1.42507	0.01123	0.00507
GGT	GCT	GC	1.40164	0.00510	0.00949	-1.40164	0.02073	0.00949
GGT	GAT	GA	1.34354	0.02396	0.04355	-1.34354	0.09181	0.04355
GGC	TGC	GT	0.47841	0.00843	0.01060	-0.47841	0.01359	0.01060
GGC	CGC	GC	-0.58903	0.01592	0.01169	0.58903	0.00883	0.01169
GGC	AGC	GA	0.79188	0.07472	0.10817	-0.79188	0.16495	0.10817
GGC	GTC	GT	1.09120	0.00843	0.01384	-1.09120	0.02509	0.01384
GGC	GCC	GC	0.74702	0.01592	0.02260	-0.74702	0.03361	0.02260
GGC	GAC	GA	0.89132	0.07472	0.11291	-0.89132	0.18220	0.11291
GGC	GGT	CT	-0.50111	0.04756	0.03663	0.50111	0.02881	0.03663
GGA	CGA	GC	-1.65658	0.00960	0.00375	1.65658	0.00183	0.00375
GGA	AGA	GA	0.33182	0.04506	0.05295	-0.33182	0.06279	0.05295
GGA	GTA	GT	-0.25328	0.00508	0.00446	0.25328	0.00394	0.00446
GGA	GCA	GC	0.53240	0.00960	0.01238	-0.53240	0.01635	0.01238
GGA	GAA	GA	0.88666	0.04506	0.06795	-0.88666	0.10936	0.06795
GGA	GGT	AT	-0.18002	0.00508	0.00464	0.18002	0.00424	0.00464
GGA	GGC	AC	0.32108	0.00960	0.01123	-0.32108	0.01324	0.01123
GGG	TGG	GT	0.41345	0.00696	0.00850	-0.41345	0.01052	0.00850
GGG	CGG	GC	-0.13213	0.01315	0.01230	0.13213	0.01153	0.01230
GGG	AGG	GA	0.27913	0.06173	0.07075	-0.27913	0.08161	0.07075
GGG	GTG	GT	1.76478	0.00696	0.01482	-1.76478	0.04065	0.01482
GGG	GCG	GC	-0.28883	0.01315	0.01135	0.28883	0.00985	0.01135
GGG	GAG	GA	1.28917	0.06173	0.10984	-1.28917	0.22407	0.10984
GGG	GGT	GT	-0.20162	0.00696	0.00628	0.20162	0.00569	0.00628
GGG	GGC	GC	0.29949	0.01315	0.01522	-0.29949	0.01775	0.01522
GGG	GGA	GA	-0.02159	0.06173	0.06107	0.02159	0.06041	0.06107


Histograms
2Ns	FMut	FSub(CodonUsage)	FSubw(after w)

-2.25988	0.02082	0.00608
-2.03389	0.03847	0.01337
-1.80791	0.00559	0.00222
-1.58192	0.04772	0.02169
-1.35593	0.02882	0.01543
-1.12994	0.03937	0.02356
-0.90395	0.07631	0.05315
-0.67796	0.05676	0.04417
-0.45198	0.16527	0.14469
-0.22599	0.11125	0.10955
0.00000	0.11881	0.13220
0.22599	0.08755	0.10955
0.45198	0.10415	0.14469
0.67796	0.02886	0.04417
0.90395	0.03186	0.05315
1.12994	0.01267	0.02356
1.35593	0.00769	0.01543
1.58192	0.00977	0.02169
1.80791	0.00093	0.00222
2.03389	0.00519	0.01337
2.25988	0.00216	0.00608

Proportion of advantageous (S > 0) mutations:
 0.34883

Proportions of good & bad mutations (|S| > 2.0000) among mutations:
0.00513  0.04389

mean |Ns| = 0.68026	mean Ns+ = 0.50304	mean Ns- = -0.77520


MLEs of dN/dS (w) for site classes (K=4)

site class             0        1       2a       2b
proportion       0.90258  0.09377  0.00331  0.00034
background w     0.05838  1.23305  0.05838  1.23305
foreground w     0.05838  1.23305  0.00000  0.00000

Naive Empirical Bayes (NEB) probabilities for 4 classes
(amino acids refer to 1st sequence: Bacu)

   1 N   0.98845 0.00785 0.00366 0.00004 ( 1)
   2 S   0.96721 0.02911 0.00356 0.00012 ( 1)
   3 P   0.97226 0.02406 0.00358 0.00010 ( 1)
   4 E   0.97319 0.02313 0.00358 0.00010 ( 1)
   5 F   0.97548 0.02084 0.00359 0.00009 ( 1)
   6 Q   0.95180 0.04453 0.00350 0.00017 ( 1)
   7 K   0.98023 0.01608 0.00362 0.00007 ( 1)
   8 L   0.96632 0.03000 0.00356 0.00012 ( 1)
   9 L   0.93536 0.06098 0.00343 0.00023 ( 1)
  10 G   0.98489 0.01143 0.00364 0.00005 ( 1)
  11 I   0.97495 0.02137 0.00359 0.00009 ( 1)
  12 A   0.96601 0.03031 0.00355 0.00012 ( 1)
  13 M   0.79675 0.19943 0.00294 0.00088 ( 1)
  14 E   0.97319 0.02313 0.00358 0.00010 ( 1)
  15 L   0.96614 0.03019 0.00356 0.00012 ( 1)
  16 F   0.97581 0.02051 0.00360 0.00009 ( 1)
  17 L   0.93564 0.06070 0.00343 0.00023 ( 1)
  18 L   0.93584 0.06049 0.00343 0.00023 ( 1)
  19 C   0.97843 0.01789 0.00361 0.00008 ( 1)
  20 S   0.97562 0.02070 0.00359 0.00009 ( 1)
  21 D   0.97154 0.02478 0.00358 0.00010 ( 1)
  22 D   0.97416 0.02216 0.00359 0.00009 ( 1)
  23 A   0.96611 0.03021 0.00355 0.00012 ( 1)
  24 E   0.96965 0.02668 0.00357 0.00011 ( 1)
  25 S   0.96217 0.03415 0.00354 0.00014 ( 1)
  26 D   0.97154 0.02478 0.00358 0.00010 ( 1)
  27 V   0.97721 0.01911 0.00360 0.00008 ( 1)
  28 R   0.98336 0.01295 0.00363 0.00006 ( 1)
  29 M   0.98610 0.01021 0.00364 0.00005 ( 1)
  30 V   0.96227 0.03405 0.00354 0.00014 ( 1)
  31 A   0.96706 0.02926 0.00356 0.00012 ( 1)
  32 D   0.97481 0.02151 0.00359 0.00009 ( 1)
  33 E   0.96965 0.02668 0.00357 0.00011 ( 1)
  34 C   0.97864 0.01767 0.00361 0.00007 ( 1)
  35 L   0.96529 0.03103 0.00355 0.00012 ( 1)
  36 N   0.98990 0.00640 0.00366 0.00003 ( 1)
  37 K   0.74178 0.25440 0.00274 0.00108 ( 1)
  38 V   0.97721 0.01911 0.00360 0.00008 ( 1)
  39 I   0.98959 0.00673 0.00365 0.00003 ( 1)
  40 K   0.98061 0.01572 0.00361 0.00006 ( 1)
  41 N   0.79957 0.19665 0.00295 0.00083 ( 1)
  42 G   0.97966 0.01666 0.00361 0.00007 ( 1)
  43 A   0.95984 0.03650 0.00353 0.00014 ( 1)
  44 P   0.96699 0.02933 0.00355 0.00012 ( 1)
  45 R   0.97910 0.01722 0.00361 0.00007 ( 1)
  46 S   0.96681 0.02952 0.00355 0.00012 ( 1)
  47 L   0.93120 0.06514 0.00341 0.00024 ( 1)
  48 R   0.98192 0.01440 0.00362 0.00006 ( 1)
  49 A   0.95984 0.03650 0.00353 0.00014 ( 1)
  50 A   0.96520 0.03113 0.00355 0.00012 ( 1)
  51 L   0.93095 0.06539 0.00341 0.00025 ( 1)
  52 W   0.96003 0.03631 0.00353 0.00014 ( 1)
  53 R   0.97784 0.01848 0.00360 0.00008 ( 1)
  54 F   0.96964 0.02669 0.00357 0.00011 ( 1)
  55 A   0.96512 0.03121 0.00355 0.00012 ( 1)
  56 E   0.96290 0.03343 0.00354 0.00013 ( 1)
  57 L   0.93095 0.06539 0.00341 0.00025 ( 1)
  58 A   0.95984 0.03650 0.00353 0.00014 ( 1)
  59 H   0.96750 0.02883 0.00356 0.00011 ( 1)
  60 L   0.95830 0.03803 0.00352 0.00015 ( 1)
  61 V   0.97475 0.02158 0.00359 0.00009 ( 1)
  62 R   0.97910 0.01722 0.00361 0.00007 ( 1)
  63 P   0.96699 0.02933 0.00355 0.00012 ( 1)
  64 Q   0.94603 0.05030 0.00347 0.00019 ( 1)
  65 K   0.97483 0.02150 0.00359 0.00009 ( 1)
  66 C   0.97248 0.02384 0.00358 0.00010 ( 1)
  67 R   0.97784 0.01848 0.00360 0.00008 ( 1)
  68 P   0.97271 0.02362 0.00358 0.00009 ( 1)
  69 Y   0.97759 0.01874 0.00360 0.00008 ( 1)
  70 L   0.95156 0.04477 0.00349 0.00017 ( 1)
  71 V   0.98791 0.00842 0.00364 0.00004 ( 1)
  72 N   0.98964 0.00668 0.00365 0.00003 ( 1)
  73 L   0.96640 0.02993 0.00355 0.00012 ( 1)
  74 L   0.95156 0.04477 0.00349 0.00017 ( 1)
  75 P   0.97306 0.02327 0.00358 0.00009 ( 1)
  76 C   0.97711 0.01921 0.00359 0.00008 ( 1)
  77 L   0.93542 0.06092 0.00343 0.00023 ( 1)
  78 T   0.97864 0.01769 0.00360 0.00007 ( 1)
  79 R   0.98644 0.00989 0.00364 0.00004 ( 1)
  80 T   0.97994 0.01638 0.00361 0.00007 ( 1)
  81 S   0.97289 0.02344 0.00358 0.00009 ( 1)
  82 K   0.98307 0.01326 0.00362 0.00005 ( 1)
  83 R   0.98078 0.01555 0.00361 0.00006 ( 1)
  84 P   0.97696 0.01937 0.00359 0.00008 ( 1)
  85 E   0.96996 0.02637 0.00356 0.00010 ( 1)
  86 E   0.96912 0.02721 0.00356 0.00011 ( 1)
  87 S   0.96729 0.02904 0.00355 0.00011 ( 1)
  88 V   0.97673 0.01960 0.00359 0.00008 ( 1)
  89 Q   0.95187 0.04446 0.00349 0.00017 ( 1)
  90 E   0.96912 0.02721 0.00356 0.00011 ( 1)
  91 T   0.97756 0.01877 0.00360 0.00008 ( 1)
  92 L   0.95156 0.04477 0.00349 0.00017 ( 1)
  93 A   0.59874 0.39750 0.00220 0.00156 ( 1)
  94 A   0.96938 0.02695 0.00356 0.00011 ( 1)
  95 A   0.96683 0.02950 0.00355 0.00012 ( 1)
  96 V   0.97673 0.01960 0.00359 0.00008 ( 1)
  97 P   0.97306 0.02327 0.00358 0.00009 ( 1)
  98 K   0.98307 0.01326 0.00362 0.00005 ( 1)
  99 I   0.68073 0.31551 0.00250 0.00126 ( 1)
 100 M   0.98575 0.01058 0.00363 0.00004 ( 1)
 101 A   0.96609 0.03024 0.00355 0.00012 ( 1)
 102 S   0.96734 0.02899 0.00355 0.00011 ( 1)
 103 F   0.97656 0.01977 0.00359 0.00008 ( 1)
 104 G   0.98495 0.01138 0.00363 0.00005 ( 1)
 105 N   0.85463 0.14162 0.00315 0.00060 ( 1)
 106 F   0.97557 0.02076 0.00359 0.00008 ( 1)
 107 A   0.96493 0.03140 0.00354 0.00012 ( 1)
 108 N   0.98964 0.00668 0.00365 0.00003 ( 1)
 109 D   0.97438 0.02195 0.00358 0.00009 ( 1)
 110 S   0.21482 0.78108 0.00079 0.00331 ( 2)
 111 E   0.97302 0.02331 0.00358 0.00009 ( 1)
 112 I   0.68921 0.30696 0.00254 0.00128 ( 1)
 113 K   0.98337 0.01294 0.00363 0.00006 ( 1)
 114 V   0.97896 0.01736 0.00361 0.00007 ( 1)
 115 L   0.93545 0.06088 0.00343 0.00023 ( 1)
 116 L   0.96035 0.03598 0.00353 0.00014 ( 1)
 117 K   0.98310 0.01322 0.00363 0.00006 ( 1)
 118 A   0.96654 0.02979 0.00356 0.00012 ( 1)
 119 F   0.97826 0.01806 0.00361 0.00008 ( 1)
 120 I   0.98979 0.00651 0.00366 0.00003 ( 1)
 121 A   0.98541 0.01090 0.00364 0.00005 ( 1)
 122 N   0.98855 0.00776 0.00366 0.00004 ( 1)
 123 L   0.93550 0.06084 0.00343 0.00023 ( 1)
 124 K   0.98314 0.01318 0.00363 0.00006 ( 1)
 125 S   0.66409 0.33210 0.00245 0.00137 ( 1)
 126 S   0.97301 0.02331 0.00358 0.00010 ( 1)
 127 S   0.96740 0.02893 0.00356 0.00012 ( 1)
 128 P   0.97315 0.02317 0.00358 0.00010 ( 1)
 129 T   0.97764 0.01867 0.00360 0.00008 ( 1)
 130 V   0.56905 0.42722 0.00209 0.00164 ( 1)
 131 R   0.98407 0.01224 0.00363 0.00005 ( 1)
 132 R   0.98411 0.01221 0.00363 0.00005 ( 1)
 133 T   0.97931 0.01701 0.00361 0.00007 ( 1)
 134 A   0.98457 0.01175 0.00363 0.00005 ( 1)
 135 A   0.97089 0.02543 0.00358 0.00010 ( 1)
 136 G   0.77364 0.22253 0.00286 0.00098 ( 1)
 137 S   0.98020 0.01612 0.00362 0.00007 ( 1)
 138 A   0.98502 0.01129 0.00364 0.00005 ( 1)
 139 V   0.96133 0.03500 0.00354 0.00014 ( 1)
 140 S   0.97246 0.02386 0.00358 0.00010 ( 1)
 141 I   0.70093 0.29525 0.00258 0.00124 ( 1)
 142 C   0.97778 0.01854 0.00361 0.00008 ( 1)
 143 Q   0.95144 0.04489 0.00350 0.00018 ( 1)
 144 H   0.97311 0.02321 0.00358 0.00010 ( 1)
 145 S   0.97070 0.02562 0.00357 0.00011 ( 1)
 146 R   0.98245 0.01386 0.00363 0.00006 ( 1)
 147 R   0.98225 0.01406 0.00363 0.00006 ( 1)
 148 T   0.00526 0.99053 0.00002 0.00419 ( 2)
 149 Q   0.95144 0.04489 0.00350 0.00018 ( 1)
 150 Y   0.69857 0.29761 0.00258 0.00125 ( 1)
 151 F   0.97549 0.02083 0.00359 0.00009 ( 1)
 152 Y   0.97718 0.01914 0.00360 0.00008 ( 1)
 153 S   0.97246 0.02386 0.00358 0.00010 ( 1)
 154 W   0.96581 0.03052 0.00355 0.00012 ( 1)
 155 L   0.93622 0.06011 0.00344 0.00023 ( 1)
 156 L   0.96430 0.03203 0.00355 0.00013 ( 1)
 157 S   0.97438 0.02194 0.00359 0.00009 ( 1)
 158 V   0.96211 0.03421 0.00354 0.00014 ( 1)
 159 L   0.96430 0.03203 0.00355 0.00013 ( 1)
 160 L   0.57250 0.42371 0.00211 0.00169 ( 1)
 161 G   0.98785 0.00845 0.00365 0.00004 ( 1)
 162 L   0.95155 0.04477 0.00350 0.00017 ( 1)
 163 L   0.93911 0.05723 0.00345 0.00022 ( 1)
 164 V   0.98018 0.01613 0.00362 0.00007 ( 1)
 165 P   0.97709 0.01923 0.00360 0.00008 ( 1)
 166 V   0.96168 0.03465 0.00354 0.00014 ( 1)
 167 E   0.96961 0.02671 0.00357 0.00011 ( 1)
 168 E   0.96961 0.02671 0.00357 0.00011 ( 1)
 169 E   0.97318 0.02314 0.00358 0.00010 ( 1)
 170 H   0.11905 0.87662 0.00044 0.00389 ( 2)
 171 S   0.97146 0.02486 0.00358 0.00010 ( 1)
 172 T   0.09207 0.90389 0.00034 0.00371 ( 2)
 173 L   0.96664 0.02968 0.00356 0.00012 ( 1)
 174 L   0.93580 0.06054 0.00343 0.00023 ( 1)
 175 I   0.97543 0.02089 0.00359 0.00009 ( 1)
 176 L   0.96526 0.03107 0.00355 0.00013 ( 1)
 177 G   0.98057 0.01574 0.00362 0.00007 ( 1)
 178 V   0.96228 0.03405 0.00354 0.00014 ( 1)
 179 L   0.93580 0.06054 0.00343 0.00023 ( 1)
 180 L   0.96547 0.03085 0.00355 0.00012 ( 1)
 181 T   0.98046 0.01585 0.00362 0.00007 ( 1)
 182 L   0.95149 0.04485 0.00349 0.00017 ( 1)
 183 R   0.98333 0.01298 0.00363 0.00006 ( 1)
 184 Y   0.98337 0.01294 0.00363 0.00006 ( 1)
 185 L   0.95204 0.04429 0.00350 0.00017 ( 1)
 186 V   0.96223 0.03409 0.00354 0.00014 ( 1)
 187 P   0.97776 0.01856 0.00360 0.00008 ( 1)
 188 L   0.95221 0.04412 0.00350 0.00017 ( 1)
 189 L   0.93592 0.06042 0.00343 0.00023 ( 1)
 190 Q   0.95250 0.04383 0.00350 0.00017 ( 1)
 191 Q   0.95250 0.04383 0.00350 0.00017 ( 1)
 192 Q   0.95250 0.04383 0.00350 0.00017 ( 1)
 193 V   0.97731 0.01901 0.00360 0.00008 ( 1)
 194 K   0.98355 0.01277 0.00363 0.00006 ( 1)
 195 D   0.97495 0.02137 0.00359 0.00009 ( 1)
 196 T   0.97833 0.01799 0.00361 0.00008 ( 1)
 197 S   0.97350 0.02282 0.00359 0.00009 ( 1)
 198 L   0.93592 0.06042 0.00343 0.00023 ( 1)
 199 K   0.98084 0.01548 0.00362 0.00007 ( 1)
 200 G   0.98539 0.01092 0.00364 0.00005 ( 1)
 201 S   0.97350 0.02282 0.00359 0.00009 ( 1)
 202 F   0.97614 0.02018 0.00360 0.00008 ( 1)
 203 G   0.98501 0.01130 0.00364 0.00005 ( 1)
 204 V   0.96239 0.03394 0.00354 0.00014 ( 1)
 205 T   0.97950 0.01682 0.00361 0.00007 ( 1)
 206 R   0.98450 0.01181 0.00364 0.00005 ( 1)
 207 K   0.98084 0.01548 0.00362 0.00007 ( 1)
 208 E   0.96976 0.02656 0.00357 0.00011 ( 1)
 209 M   0.98617 0.01014 0.00364 0.00004 ( 1)
 210 E   0.96979 0.02654 0.00357 0.00011 ( 1)
 211 V   0.97731 0.01901 0.00360 0.00008 ( 1)
 212 S   0.96969 0.02663 0.00357 0.00011 ( 1)
 213 P   0.97789 0.01842 0.00360 0.00008 ( 1)
 214 S   0.98101 0.01530 0.00362 0.00007 ( 1)
 215 T   0.71258 0.28360 0.00263 0.00119 ( 1)
 216 E   0.96976 0.02656 0.00357 0.00011 ( 1)
 217 Q   0.95250 0.04383 0.00350 0.00017 ( 1)
 218 L   0.96667 0.02965 0.00356 0.00012 ( 1)
 219 V   0.97710 0.01922 0.00360 0.00008 ( 1)
 220 Q   0.95196 0.04437 0.00350 0.00017 ( 1)
 221 V   0.95895 0.03739 0.00352 0.00015 ( 1)
 222 Y   0.97623 0.02010 0.00359 0.00008 ( 1)
 223 E   0.97056 0.02577 0.00357 0.00010 ( 1)
 224 L   0.94521 0.05113 0.00347 0.00020 ( 1)
 225 T   0.97516 0.02117 0.00359 0.00009 ( 1)
 226 L   0.94904 0.04729 0.00348 0.00018 ( 1)
 227 H   0.74201 0.25422 0.00273 0.00104 ( 1)
 228 Y   0.98091 0.01542 0.00361 0.00006 ( 1)
 229 T   0.98096 0.01536 0.00361 0.00006 ( 1)
 230 Q   0.94990 0.04643 0.00349 0.00018 ( 1)
 231 H   0.97159 0.02474 0.00357 0.00010 ( 1)
 232 Q   0.96450 0.03183 0.00354 0.00012 ( 1)
 233 D   0.97244 0.02389 0.00358 0.00010 ( 1)
 234 H   0.97159 0.02474 0.00357 0.00010 ( 1)
 235 N   0.98728 0.00904 0.00364 0.00004 ( 1)
 236 V   0.97849 0.01784 0.00360 0.00007 ( 1)
 237 V   0.96075 0.03559 0.00353 0.00014 ( 1)
 238 T   0.98116 0.01516 0.00361 0.00006 ( 1)
 239 G   0.98340 0.01293 0.00362 0.00005 ( 1)
 240 A   0.96654 0.02979 0.00355 0.00012 ( 1)
 241 L   0.93413 0.06221 0.00343 0.00023 ( 1)
 242 E   0.97092 0.02541 0.00357 0.00010 ( 1)
 243 L   0.96303 0.03331 0.00354 0.00013 ( 1)
 244 L   0.93424 0.06210 0.00343 0.00023 ( 1)
 245 Q   0.95106 0.04527 0.00349 0.00018 ( 1)
 246 Q   0.95106 0.04527 0.00349 0.00018 ( 1)
 247 L   0.96012 0.03620 0.00353 0.00015 ( 1)
 248 L   0.96391 0.03241 0.00355 0.00013 ( 1)
 249 R   0.97963 0.01669 0.00361 0.00007 ( 1)
 250 T   0.97675 0.01956 0.00360 0.00008 ( 1)
 251 P   0.97242 0.02389 0.00358 0.00010 ( 1)
 252 P   0.97187 0.02445 0.00358 0.00010 ( 1)
 253 P   0.97242 0.02389 0.00358 0.00010 ( 1)
 254 E   0.96846 0.02786 0.00356 0.00011 ( 1)
 255 L   0.96409 0.03224 0.00355 0.00013 ( 1)
 256 L   0.93492 0.06142 0.00343 0.00023 ( 1)
 257 R   0.98069 0.01562 0.00362 0.00007 ( 1)
 258 A   0.00503 0.99496 0.00000 0.00001 ( 2)
 259 L   0.93492 0.06142 0.00343 0.00023 ( 1)
 260 T   0.97696 0.01935 0.00360 0.00008 ( 1)
 261 T   0.10046 0.89953 0.00000 0.00000 ( 2)
 262 A   0.79778 0.19840 0.00295 0.00087 ( 1)
 263 G   0.98456 0.01175 0.00364 0.00005 ( 1)
 264 G   0.98447 0.01184 0.00364 0.00005 ( 1)
 265 I   0.97698 0.01933 0.00360 0.00008 ( 1)
 266 G   0.14806 0.85194 0.00000 0.00000 ( 2)
 267 Q   0.04439 0.95560 0.00000 0.00000 ( 2)
 268 L   0.96409 0.03223 0.00355 0.00013 ( 1)
 269 T   0.98172 0.01460 0.00362 0.00006 ( 1)
 270 A   0.63275 0.36343 0.00233 0.00149 ( 1)
 271 A   0.59724 0.39895 0.00220 0.00161 ( 1)
 272 K   0.76721 0.22897 0.00283 0.00099 ( 1)
 273 D   0.62725 0.36893 0.00231 0.00151 ( 1)
 274 E   0.96790 0.02843 0.00356 0.00012 ( 1)
 275 P   0.97610 0.02022 0.00360 0.00008 ( 1)
 276 G   0.20154 0.79846 0.00000 0.00000 ( 2)
 277 C   0.97709 0.01922 0.00360 0.00008 ( 1)
 278 R   0.97913 0.01718 0.00361 0.00007 ( 1)
 279 S   0.97400 0.02231 0.00359 0.00009 ( 1)
 280 R   0.98412 0.01219 0.00364 0.00005 ( 1)
 281 S   0.97170 0.02462 0.00358 0.00010 ( 1)
 282 G   0.97912 0.01720 0.00361 0.00007 ( 1)
 283 S   0.97354 0.02277 0.00359 0.00009 ( 1)
 284 I   0.97644 0.01988 0.00360 0.00008 ( 1)
 285 V   0.96049 0.03584 0.00353 0.00014 ( 1)
 286 E   0.96790 0.02843 0.00356 0.00012 ( 1)
 287 L   0.96517 0.03115 0.00355 0.00013 ( 1)
 288 I   0.98909 0.00721 0.00366 0.00003 ( 1)
 289 A   0.95352 0.04281 0.00350 0.00017 ( 1)
 290 G   0.96855 0.02777 0.00356 0.00011 ( 1)
 291 G   0.97402 0.02230 0.00359 0.00009 ( 1)
 292 G   0.97955 0.01677 0.00361 0.00007 ( 1)
 293 S   0.95471 0.04162 0.00351 0.00016 ( 1)
 294 S   0.94797 0.04836 0.00348 0.00019 ( 1)
 295 C   0.96624 0.03008 0.00356 0.00012 ( 1)
 296 S   0.96041 0.03591 0.00353 0.00014 ( 1)
 297 P   0.96061 0.03572 0.00353 0.00014 ( 1)
 298 V   0.96460 0.03172 0.00355 0.00013 ( 1)
 299 L   0.95383 0.04250 0.00350 0.00017 ( 1)
 300 S   0.94763 0.04871 0.00348 0.00019 ( 1)
 301 R   0.96990 0.02642 0.00357 0.00011 ( 1)
 302 K   0.96872 0.02760 0.00357 0.00011 ( 1)
 303 Q   0.95430 0.04203 0.00351 0.00016 ( 1)
 304 K   0.96872 0.02761 0.00357 0.00011 ( 1)
 305 G   0.96988 0.02644 0.00357 0.00011 ( 1)
 306 K   0.67150 0.32471 0.00247 0.00132 ( 1)
 307 V   0.95488 0.04145 0.00351 0.00016 ( 1)
 308 L   0.95787 0.03846 0.00352 0.00015 ( 1)
 309 F   0.96929 0.02703 0.00357 0.00011 ( 1)
 310 G   0.97430 0.02202 0.00359 0.00009 ( 1)
 311 E   0.96681 0.02951 0.00355 0.00012 ( 1)
 312 A   0.95903 0.03731 0.00352 0.00015 ( 1)
 313 A   0.95828 0.03805 0.00352 0.00015 ( 1)
 314 A   0.96517 0.03116 0.00355 0.00012 ( 1)
 315 L   0.03988 0.95631 0.00015 0.00366 ( 2)
 316 E   0.96288 0.03345 0.00354 0.00013 ( 1)
 317 D   0.96483 0.03149 0.00355 0.00012 ( 1)
 318 D   0.96835 0.02797 0.00356 0.00011 ( 1)
 319 S   0.56710 0.42913 0.00208 0.00169 ( 1)
 320 E   0.96288 0.03345 0.00354 0.00013 ( 1)
 321 S   0.95387 0.04246 0.00350 0.00016 ( 1)
 322 R   0.97779 0.01853 0.00360 0.00008 ( 1)
 323 S   0.95367 0.04266 0.00350 0.00017 ( 1)
 324 D   0.96823 0.02810 0.00356 0.00011 ( 1)
 325 G   0.98014 0.01618 0.00361 0.00007 ( 1)
 326 S   0.96678 0.02955 0.00355 0.00012 ( 1)
 327 S   0.96678 0.02955 0.00355 0.00012 ( 1)
 328 P   0.97153 0.02480 0.00357 0.00010 ( 1)
 329 T   0.97177 0.02455 0.00358 0.00010 ( 1)
 330 F   0.96961 0.02671 0.00357 0.00011 ( 1)
 331 A   0.00243 0.99756 0.00000 0.00001 ( 2)
 332 A   0.96413 0.03220 0.00354 0.00013 ( 1)
 333 A   0.55270 0.44350 0.00203 0.00176 ( 1)
 334 V   0.69983 0.29635 0.00258 0.00124 ( 1)
 335 K   0.98328 0.01303 0.00363 0.00006 ( 1)
 336 G   0.98855 0.00776 0.00366 0.00004 ( 1)
 337 E   0.96941 0.02691 0.00357 0.00011 ( 1)
 338 V   0.00001 0.99585 0.00000 0.00414 ( 2)
 339 G   0.98687 0.00943 0.00365 0.00004 ( 1)
 340 G   0.85466 0.14153 0.00316 0.00064 ( 1)
 341 E   0.96941 0.02691 0.00357 0.00011 ( 1)
 342 L   0.93564 0.06069 0.00343 0.00023 ( 1)
 343 A   0.60405 0.39215 0.00222 0.00158 ( 1)
 344 A   0.97161 0.02471 0.00358 0.00010 ( 1)
 345 S   0.96758 0.02874 0.00356 0.00012 ( 1)
 346 S   0.96758 0.02874 0.00356 0.00012 ( 1)
 347 G   0.98476 0.01155 0.00364 0.00005 ( 1)
 348 V   0.97699 0.01933 0.00360 0.00008 ( 1)
 349 P   0.64660 0.34958 0.00238 0.00143 ( 1)
 350 T   0.98327 0.01305 0.00363 0.00006 ( 1)
 351 P   0.97393 0.02239 0.00359 0.00009 ( 1)
 352 G   0.78039 0.21578 0.00288 0.00095 ( 1)
 353 S   0.55895 0.44105 0.00000 0.00000 ( 1)
 354 A   0.96638 0.02994 0.00356 0.00012 ( 1)
 355 A   0.97162 0.02470 0.00358 0.00010 ( 1)
 356 D   0.09223 0.90368 0.00034 0.00375 ( 2)
 357 S   0.96758 0.02874 0.00356 0.00012 ( 1)
 358 G   0.06445 0.93159 0.00024 0.00372 ( 2)
 359 G   0.98868 0.00763 0.00366 0.00003 ( 1)
 360 H   0.97396 0.02236 0.00359 0.00009 ( 1)
 361 D   0.97465 0.02167 0.00359 0.00009 ( 1)
 362 I   0.97789 0.01842 0.00361 0.00008 ( 1)
 363 I   0.97789 0.01842 0.00361 0.00008 ( 1)
 364 T   0.98283 0.01348 0.00363 0.00006 ( 1)
 365 E   0.96941 0.02691 0.00357 0.00011 ( 1)
 366 Q   0.95216 0.04417 0.00350 0.00017 ( 1)
 367 P   0.97754 0.01878 0.00360 0.00008 ( 1)
 368 R   0.98435 0.01196 0.00364 0.00005 ( 1)
 369 S   0.55758 0.43862 0.00205 0.00174 ( 1)
 370 Q   0.95216 0.04417 0.00350 0.00017 ( 1)
 371 H   0.97382 0.02250 0.00359 0.00009 ( 1)
 372 T   0.98018 0.01614 0.00362 0.00007 ( 1)
 373 L   0.96669 0.02963 0.00356 0.00012 ( 1)
 374 Q   0.95216 0.04417 0.00350 0.00017 ( 1)
 375 T   0.70962 0.28657 0.00262 0.00120 ( 1)
 376 D   0.97465 0.02167 0.00359 0.00009 ( 1)
 377 S   0.98039 0.01593 0.00362 0.00007 ( 1)
 378 V   0.57955 0.41665 0.00213 0.00166 ( 1)
 379 D   0.97130 0.02502 0.00358 0.00010 ( 1)
 380 L   0.93594 0.06040 0.00343 0.00023 ( 1)
 381 T   0.97874 0.01758 0.00361 0.00007 ( 1)
 382 G   0.98515 0.01117 0.00364 0.00005 ( 1)
 383 C   0.63009 0.36610 0.00232 0.00149 ( 1)
 384 D   0.97465 0.02167 0.00359 0.00009 ( 1)
 385 L   0.95185 0.04448 0.00350 0.00017 ( 1)
 386 T   0.00026 0.99555 0.00000 0.00418 ( 2)
 387 S   0.97535 0.02097 0.00359 0.00009 ( 1)
 388 G   0.85352 0.14267 0.00316 0.00065 ( 1)
 389 A   0.97093 0.02539 0.00358 0.00010 ( 1)
 390 T   0.11904 0.87672 0.00044 0.00379 ( 2)
 391 D   0.97412 0.02220 0.00359 0.00009 ( 1)
 392 G   0.98476 0.01155 0.00364 0.00005 ( 1)
 393 D   0.97422 0.02209 0.00359 0.00009 ( 1)
 394 E   0.96941 0.02691 0.00357 0.00011 ( 1)
 395 E   0.96945 0.02687 0.00357 0.00011 ( 1)
 396 D   0.97465 0.02167 0.00359 0.00009 ( 1)
 397 I   0.97789 0.01842 0.00361 0.00008 ( 1)
 398 L   0.95209 0.04424 0.00350 0.00017 ( 1)
 399 S   0.97368 0.02264 0.00359 0.00009 ( 1)
 400 H   0.97433 0.02199 0.00359 0.00009 ( 1)
 401 S   0.97368 0.02264 0.00359 0.00009 ( 1)
 402 S   0.97195 0.02437 0.00358 0.00010 ( 1)
 403 S   0.97368 0.02264 0.00359 0.00009 ( 1)
 404 Q   0.95305 0.04327 0.00350 0.00017 ( 1)
 405 M   0.00023 0.99541 0.00000 0.00435 ( 2)
 406 S   0.97368 0.02264 0.00359 0.00009 ( 1)
 407 A   0.64568 0.35050 0.00238 0.00144 ( 1)
 408 V   0.00026 0.99973 0.00000 0.00000 ( 2)
 409 P   0.98034 0.01597 0.00362 0.00007 ( 1)
 410 S   0.96812 0.02820 0.00356 0.00011 ( 1)
 411 D   0.97516 0.02116 0.00359 0.00009 ( 1)
 412 P   0.97385 0.02248 0.00359 0.00009 ( 1)
 413 A   0.97215 0.02417 0.00358 0.00010 ( 1)
 414 M   0.81782 0.17837 0.00302 0.00079 ( 1)
 415 D   0.97516 0.02116 0.00359 0.00009 ( 1)
 416 L   0.93606 0.06028 0.00343 0.00023 ( 1)
 417 N   0.98999 0.00632 0.00366 0.00003 ( 1)
 418 D   0.97183 0.02449 0.00358 0.00010 ( 1)
 419 G   0.98514 0.01117 0.00364 0.00005 ( 1)
 420 T   0.97829 0.01803 0.00361 0.00008 ( 1)
 421 Q   0.95268 0.04365 0.00350 0.00017 ( 1)
 422 A   0.97215 0.02417 0.00358 0.00010 ( 1)
 423 S   0.97195 0.02437 0.00358 0.00010 ( 1)
 424 S   0.96812 0.02820 0.00356 0.00011 ( 1)
 425 P   0.97783 0.01848 0.00360 0.00008 ( 1)
 426 I   0.97837 0.01795 0.00361 0.00008 ( 1)
 427 S   0.97592 0.02040 0.00360 0.00008 ( 1)
 428 D   0.97516 0.02116 0.00359 0.00009 ( 1)
 429 S   0.97368 0.02264 0.00359 0.00009 ( 1)
 430 S   0.97195 0.02437 0.00358 0.00010 ( 1)
 431 Q   0.95268 0.04365 0.00350 0.00017 ( 1)
 432 T   0.97829 0.01803 0.00361 0.00008 ( 1)
 433 T   0.97829 0.01803 0.00361 0.00008 ( 1)
 434 T   0.97831 0.01801 0.00361 0.00008 ( 1)
 435 E   0.96994 0.02638 0.00357 0.00011 ( 1)
 436 G   0.98514 0.01117 0.00364 0.00005 ( 1)
 437 P   0.97796 0.01836 0.00361 0.00008 ( 1)
 438 D   0.97183 0.02449 0.00358 0.00010 ( 1)
 439 S   0.96072 0.03561 0.00353 0.00014 ( 1)
 440 A   0.97147 0.02485 0.00358 0.00010 ( 1)
 441 V   0.96257 0.03375 0.00354 0.00013 ( 1)
 442 T   0.97829 0.01803 0.00361 0.00008 ( 1)
 443 P   0.97385 0.02248 0.00359 0.00009 ( 1)
 444 S   0.97184 0.02448 0.00358 0.00010 ( 1)
 445 D   0.97516 0.02116 0.00359 0.00009 ( 1)
 446 S   0.97592 0.02040 0.00360 0.00008 ( 1)
 447 S   0.96812 0.02820 0.00356 0.00011 ( 1)
 448 E   0.97406 0.02226 0.00359 0.00009 ( 1)
 449 I   0.97574 0.02058 0.00360 0.00009 ( 1)
 450 V   0.96699 0.02930 0.00358 0.00013 ( 1)
 451 L   0.95954 0.03679 0.00353 0.00015 ( 1)
 452 D   0.96948 0.02684 0.00357 0.00011 ( 1)
 453 G   0.98756 0.00875 0.00365 0.00004 ( 1)
 454 A   0.96949 0.02683 0.00357 0.00011 ( 1)
 455 D   0.97286 0.02346 0.00358 0.00010 ( 1)
 456 S   0.97134 0.02498 0.00358 0.00010 ( 1)
 457 Q   0.95032 0.04601 0.00349 0.00018 ( 1)
 458 Y   0.97614 0.02018 0.00360 0.00008 ( 1)
 459 P   0.62352 0.37265 0.00230 0.00153 ( 1)
 460 G   0.98336 0.01295 0.00363 0.00006 ( 1)
 461 M   0.98462 0.01169 0.00364 0.00005 ( 1)
 462 Q   0.95517 0.04116 0.00351 0.00016 ( 1)
 463 A   0.10824 0.88749 0.00040 0.00387 ( 2)
 464 G   0.77944 0.21954 0.00077 0.00025 ( 1)
 465 Q   0.95032 0.04601 0.00349 0.00018 ( 1)
 466 P   0.09534 0.90053 0.00035 0.00378 ( 2)
 467 Q   0.49359 0.50540 0.00048 0.00053 ( 2)
 468 D   0.97270 0.02362 0.00358 0.00010 ( 1)
 469 E   0.60908 0.38710 0.00224 0.00158 ( 1)
 470 D   0.97272 0.02360 0.00358 0.00010 ( 1)
 471 E   0.96752 0.02880 0.00356 0.00012 ( 1)
 472 D   0.97267 0.02365 0.00358 0.00010 ( 1)
 473 A   0.06414 0.93478 0.00006 0.00102 ( 2)
 474 A   0.96457 0.03175 0.00355 0.00013 ( 1)
 475 A   0.56104 0.43515 0.00206 0.00174 ( 1)
 476 V   0.00574 0.99003 0.00002 0.00421 ( 2)
 477 L   0.96478 0.03154 0.00355 0.00013 ( 1)
 478 P   0.97151 0.02481 0.00358 0.00010 ( 1)
 479 D   0.62862 0.36756 0.00231 0.00151 ( 1)
 480 E   0.97172 0.02459 0.00358 0.00010 ( 1)
 481 D   0.97279 0.02353 0.00358 0.00010 ( 1)
 482 A   0.00002 0.99881 0.00000 0.00117 ( 2)
 483 E   0.96752 0.02880 0.00356 0.00012 ( 1)
 484 A   0.96434 0.03198 0.00355 0.00013 ( 1)
 485 F   0.97674 0.01958 0.00360 0.00008 ( 1)
 486 R   0.97893 0.01739 0.00361 0.00007 ( 1)
 487 N   0.21876 0.77687 0.00081 0.00356 ( 2)
 488 S   0.96568 0.03064 0.00355 0.00012 ( 1)
 489 S   0.96956 0.02676 0.00357 0.00011 ( 1)
 490 I   0.67858 0.31758 0.00250 0.00134 ( 1)
 491 A   0.96462 0.03171 0.00355 0.00013 ( 1)
 492 L   0.96168 0.03465 0.00353 0.00014 ( 1)
 493 Q   0.96215 0.03418 0.00354 0.00013 ( 1)
 494 Q   0.96215 0.03418 0.00354 0.00013 ( 1)
 495 A   0.56006 0.43993 0.00000 0.00001 ( 1)
