Supplemental results for CODEML (seqf: /home/leticiamagpali/phd/evol_models/codeml/small_dataset/cml_align/MYL1_codon_aligned.phy  treef: /home/leticiamagpali/phd/evol_models/codeml/small_dataset/cml_trees/gene_trees/H1a_gene_trees/MYL1_tree_H1a.tre)

I	J	ij	2Ns_IJ	pMut_IJ	pSub_IJ	2Ns_JI	pMut_JI	pSub_JI

TTC	TTT	CT	1.07454	0.07412	0.12094	-1.07454	0.21706	0.12094
TTA	TTT	AT	2.52240	0.02081	0.05708	-2.52240	0.25930	0.05708
TTA	TTC	AC	1.44786	0.02360	0.04467	-1.44786	0.10040	0.04467
TTG	TTT	GT	2.29615	0.00480	0.01226	-2.29615	0.04772	0.01226
TTG	TTC	GC	1.22161	0.00545	0.00943	-1.22161	0.01848	0.00943
TTG	TTA	GA	-0.22625	0.02103	0.01874	0.22625	0.01677	0.01874
TCT	TTT	CT	1.07454	0.07412	0.12094	-1.07454	0.21706	0.12094
TCC	TTC	CT	-0.00168	0.08419	0.08412	0.00168	0.08405	0.08412
TCC	TCT	CT	-0.00168	0.08419	0.08412	0.00168	0.08405	0.08412
TCA	TTA	CT	1.18664	0.01295	0.02212	-1.18664	0.04243	0.02212
TCA	TCT	AT	2.63450	0.00720	0.02045	-2.63450	0.10040	0.02045
TCA	TCC	AC	2.63618	0.00817	0.02320	-2.63618	0.11405	0.02320
TCG	TTG	CT	7.80032	0.00000	0.00000	-7.80032	0.00979	0.00003
TCG	TCT	GT	9.02193	0.00000	0.00000	-9.02193	0.01848	0.00002
TCG	TCC	GC	9.02361	0.00000	0.00000	-9.02361	0.02099	0.00002
TCG	TCA	GA	6.38743	0.00000	0.00000	-6.38743	0.00581	0.00006
TAT	TTT	AT	2.23954	0.02762	0.06922	-2.23954	0.25930	0.06922
TAT	TCT	AC	1.16500	0.03132	0.05303	-1.16500	0.10040	0.05303
TAC	TTC	AT	5.52488	0.00040	0.00222	-5.52488	0.10040	0.00222
TAC	TCC	AC	5.52655	0.00045	0.00252	-5.52655	0.11405	0.00252
TAC	TAT	CT	4.35988	0.00072	0.00318	-4.35988	0.05631	0.00318
TGT	TTT	GT	9.97070	0.00000	0.00000	-9.97070	0.04772	0.00002
TGT	TCT	GC	8.89616	0.00000	0.00000	-8.89616	0.01848	0.00002
TGT	TAT	GA	7.73116	0.00000	0.00000	-7.73116	0.02226	0.00008
TGC	TTC	GT	1.12424	0.00600	0.01000	-1.12424	0.01848	0.01000
TGC	TCC	GC	1.12592	0.00681	0.01135	-1.12592	0.02099	0.01135
TGC	TAC	GA	-4.40064	0.02629	0.00144	4.40064	0.00032	0.00144
TGC	TGT	CT	-7.77192	0.01079	0.00004	7.77192	0.00000	0.00000
TGG	TTG	GT	0.07303	0.00200	0.00208	-0.07303	0.00215	0.00208
TGG	TCG	GC	-7.72729	0.00227	0.00001	7.72729	0.00000	0.00000
TGG	TGT	GT	-7.60152	0.00200	0.00001	7.60152	0.00000	0.00000
TGG	TGC	GC	0.17040	0.00227	0.00247	-0.17040	0.00269	0.00247
CTT	TTT	CT	1.10409	0.07196	0.11885	-1.10409	0.21706	0.11885
CTC	TTC	CT	0.68296	0.04246	0.05859	-0.68296	0.08405	0.05859
CTC	CTT	CT	0.65340	0.04246	0.05783	-0.65340	0.08160	0.05783
CTA	TTA	CT	-0.35380	0.06045	0.05038	0.35380	0.04243	0.05038
CTA	CTT	AT	1.06450	0.03362	0.05463	-1.06450	0.09748	0.05463
CTA	CTC	AC	0.41110	0.03813	0.04650	-0.41110	0.05751	0.04650
CTG	TTG	CT	-2.37976	0.10578	0.02568	2.37976	0.00979	0.02568
CTG	CTT	GT	-1.18770	0.05884	0.03066	1.18770	0.01794	0.03066
CTG	CTC	GC	-1.84110	0.06672	0.02316	1.84110	0.01058	0.02316
CTG	CTA	GA	-2.25220	0.25763	0.06819	2.25220	0.02709	0.06819
CCT	TCT	CT	-0.51762	0.14104	0.10767	0.51762	0.08405	0.10767
CCT	CTT	CT	-0.54718	0.14104	0.10595	0.54718	0.08160	0.10595
CCC	TCC	CT	-0.00241	0.09571	0.09559	0.00241	0.09548	0.09559
CCC	CTC	CT	-0.68704	0.09571	0.06656	0.68704	0.04815	0.06656
CCC	CCT	CT	0.51353	0.09571	0.12237	-0.51353	0.15994	0.12237
CCA	TCA	CT	-1.71125	0.08131	0.03068	1.71125	0.01469	0.03068
CCA	CTA	CT	-0.17080	0.08131	0.07457	0.17080	0.06855	0.07457
CCA	CCT	AT	1.44087	0.04523	0.08538	-1.44087	0.19106	0.08538
CCA	CCC	AC	0.92734	0.05129	0.07869	-0.92734	0.12965	0.07869
CCG	TCG	CT	-8.28275	0.01799	0.00004	8.28275	0.00000	0.00000
CCG	CTG	CT	1.89733	0.01799	0.04015	-1.89733	0.11996	0.04015
CCG	CCT	GT	1.25680	0.01001	0.01758	-1.25680	0.03516	0.01758
CCG	CCC	GC	0.74327	0.01135	0.01608	-0.74327	0.02386	0.01608
CCG	CCA	GA	-0.18407	0.04381	0.03991	0.18407	0.03645	0.03991
CAT	TAT	CT	0.50973	0.03382	0.04317	-0.50973	0.05631	0.04317
CAT	CTT	AT	1.64517	0.01881	0.03835	-1.64517	0.09748	0.03835
CAT	CCT	AC	2.19235	0.02133	0.05265	-2.19235	0.19106	0.05265
CAC	TAC	CT	-4.04862	0.04677	0.00336	4.04862	0.00082	0.00336
CAC	CTC	AT	0.79330	0.02602	0.03769	-0.79330	0.05751	0.03769
CAC	CCC	AC	1.48034	0.02950	0.05654	-1.48034	0.12965	0.05654
CAC	CAT	CT	-0.19847	0.04677	0.04229	0.19847	0.03835	0.04229
CAA	CTA	AT	0.97716	0.03082	0.04829	-0.97716	0.08188	0.04829
CAA	CCA	AC	1.14796	0.03495	0.05877	-1.14796	0.11015	0.05877
CAA	CAT	AT	0.39649	0.03082	0.03733	-0.39649	0.04582	0.03733
CAA	CAC	AC	0.59496	0.03495	0.04637	-0.59496	0.06336	0.04637
CAG	CTG	AT	1.12699	0.04643	0.07740	-1.12699	0.14330	0.07740
CAG	CCG	AC	-0.77034	0.05265	0.03495	0.77034	0.02437	0.03495
CAG	CAT	GT	-1.70588	0.04643	0.01758	1.70588	0.00843	0.01758
CAG	CAC	GC	-1.50741	0.05265	0.02258	1.50741	0.01166	0.02258
CAG	CAA	GA	-2.10237	0.20330	0.05948	2.10237	0.02484	0.05948
CGT	TGT	CT	-9.08923	0.04030	0.00004	9.08923	0.00000	0.00000
CGT	CTT	GT	-0.22262	0.02241	0.02001	0.22262	0.01794	0.02001
CGT	CCT	GC	0.32456	0.02542	0.02977	-0.32456	0.03516	0.02977
CGT	CAT	GA	-1.86779	0.09814	0.03349	1.86779	0.01516	0.03349
CGC	TGC	CT	8.02346	0.00000	0.00000	-8.02346	0.01224	0.00003
CGC	CTC	GT	8.46474	0.00000	0.00000	-8.46474	0.01058	0.00002
CGC	CCC	GC	9.15178	0.00000	0.00000	-9.15178	0.02386	0.00002
CGC	CAC	GA	7.67144	0.00000	0.00000	-7.67144	0.02097	0.00007
CGC	CGT	CT	9.34076	0.00000	0.00000	-9.34076	0.04570	0.00004
CGA	CTA	GT	2.01894	0.00200	0.00466	-2.01894	0.01507	0.00466
CGA	CCA	GC	2.18974	0.00227	0.00560	-2.18974	0.02027	0.00560
CGA	CAA	GA	1.04178	0.00876	0.01411	-1.04178	0.02484	0.01411
CGA	CGT	AT	3.30606	0.00200	0.00687	-3.30606	0.05459	0.00687
CGA	CGC	AC	-6.03470	0.00227	0.00003	6.03470	0.00000	0.00000
CGG	TGG	CT	-1.63209	0.02087	0.00828	1.63209	0.00408	0.00828
CGG	CTG	GT	0.82070	0.01161	0.01701	-0.82070	0.02637	0.01701
CGG	CCG	GC	-1.07663	0.01316	0.00732	1.07663	0.00449	0.00732
CGG	CAG	GA	-0.30629	0.05082	0.04344	0.30629	0.03742	0.04344
CGG	CGT	GT	-0.14438	0.01161	0.01079	0.14438	0.01005	0.01079
CGG	CGC	GC	-9.48515	0.01316	0.00001	9.48515	0.00000	0.00000
CGG	CGA	GA	-3.45044	0.05082	0.00575	3.45044	0.00161	0.00575
ATT	TTT	AT	1.81968	0.04203	0.09127	-1.81968	0.25930	0.09127
ATT	CTT	AC	0.71559	0.04766	0.06673	-0.71559	0.09748	0.06673
ATC	TTC	AT	1.30537	0.02722	0.04874	-1.30537	0.10040	0.04874
ATC	CTC	AC	0.62241	0.03086	0.04146	-0.62241	0.05751	0.04146
ATC	ATT	CT	0.56022	0.04893	0.06391	-0.56022	0.08568	0.06391
ATA	TTA	AT	2.35648	0.00480	0.01250	-2.35648	0.05069	0.01250
ATA	CTA	AC	2.71029	0.00545	0.01581	-2.71029	0.08188	0.01581
ATA	ATT	AT	3.05920	0.00480	0.01542	-3.05920	0.10235	0.01542
ATA	ATC	AC	2.49898	0.00545	0.01483	-2.49898	0.06629	0.01483
ATG	TTG	AT	-1.75484	0.06764	0.02482	1.75484	0.01170	0.02482
ATG	CTG	AC	0.62491	0.07671	0.10315	-0.62491	0.14330	0.10315
ATG	ATT	GT	-1.27838	0.06764	0.03338	1.27838	0.01884	0.03338
ATG	ATC	GC	-1.83860	0.07671	0.02667	1.83860	0.01220	0.02667
ATG	ATA	GA	-4.33758	0.29618	0.01701	4.33758	0.00387	0.01701
ACT	TCT	AT	5.52488	0.00040	0.00222	-5.52488	0.10040	0.00222
ACT	CCT	AC	6.04249	0.00045	0.00275	-6.04249	0.19106	0.00275
ACT	ATT	CT	4.77973	0.00072	0.00347	-4.77973	0.08568	0.00347
ACC	TCC	AT	0.94279	0.04443	0.06861	-0.94279	0.11405	0.06861
ACC	CCC	AC	0.94520	0.05038	0.07789	-0.94520	0.12965	0.07789
ACC	ATC	CT	-0.36425	0.07987	0.06621	0.36425	0.05549	0.06621
ACC	ACT	CT	-4.58376	0.07987	0.00378	4.58376	0.00082	0.00378
ACA	TCA	AT	-0.78383	0.03842	0.02531	0.78383	0.01755	0.02531
ACA	CCA	AC	0.92742	0.04357	0.06686	-0.92742	0.11015	0.06686
ACA	ATA	CT	-1.95367	0.06908	0.02229	1.95367	0.00979	0.02229
ACA	ACT	AT	-3.67420	0.03842	0.00367	3.67420	0.00097	0.00367
ACA	ACC	AC	0.90956	0.04357	0.06635	-0.90956	0.10820	0.06635
ACG	TCG	AT	-5.68579	0.00160	0.00003	5.68579	0.00000	0.00000
ACG	CCG	AC	2.59696	0.00182	0.00509	-2.59696	0.02437	0.00509
ACG	ATG	CT	3.86937	0.00288	0.01137	-3.86937	0.13791	0.01137
ACG	ACT	GT	-2.18873	0.00160	0.00044	2.18873	0.00018	0.00044
ACG	ACC	GC	2.39503	0.00182	0.00478	-2.39503	0.01991	0.00478
ACG	ACA	GA	1.48547	0.00701	0.01346	-1.48547	0.03096	0.01346
AAT	TAT	AT	-0.10149	0.07445	0.07073	0.10149	0.06726	0.07073
AAT	CAT	AC	-0.61122	0.08442	0.06123	0.61122	0.04582	0.06123
AAT	ATT	AT	0.31836	0.07445	0.08692	-0.31836	0.10235	0.08692
AAT	ACT	AC	-4.46137	0.08442	0.00440	4.46137	0.00097	0.00440
AAC	TAC	AT	-4.26314	0.06924	0.00422	4.26314	0.00097	0.00422
AAC	CAC	AC	-0.21453	0.07852	0.07040	0.21453	0.06336	0.07040
AAC	ATC	AT	-0.04364	0.06924	0.06774	0.04364	0.06629	0.06774
AAC	ACC	AC	0.32062	0.07852	0.09178	-0.32062	0.10820	0.09178
AAC	AAT	CT	0.19822	0.12449	0.13724	-0.19822	0.15178	0.13724
AAA	CAA	AC	0.22538	0.05991	0.06692	-0.22538	0.07506	0.06692
AAA	ATA	AT	-1.50775	0.05283	0.02265	1.50775	0.01170	0.02265
AAA	ACA	AC	0.44593	0.05991	0.07426	-0.44593	0.09358	0.07426
AAA	AAT	AT	1.23309	0.05283	0.09194	-1.23309	0.18131	0.09194
AAA	AAC	AC	1.03487	0.05991	0.09617	-1.03487	0.16864	0.09617
AAG	CAG	AC	-0.25035	0.14524	0.12782	0.25035	0.11308	0.12782
AAG	ATG	AT	0.25173	0.12808	0.14487	-0.25173	0.16474	0.14487
AAG	ACG	AC	-3.61765	0.14524	0.01450	3.61765	0.00390	0.01450
AAG	AAT	GT	-1.34501	0.12808	0.06070	1.34501	0.03337	0.06070
AAG	AAC	GC	-1.54324	0.14524	0.06091	1.54324	0.03104	0.06091
AAG	AAA	GA	-2.57811	0.56082	0.11878	2.57811	0.04258	0.11878
AGT	TGT	AT	0.89015	0.00000	0.00000	-0.89015	0.00000	0.00000
AGT	CGT	AC	9.97937	0.00000	0.00000	-9.97937	0.05459	0.00003
AGT	ATT	GT	9.04116	0.00000	0.00000	-9.04116	0.01884	0.00002
AGT	ACT	GC	4.26143	0.00000	0.00000	-4.26143	0.00018	0.00001
AGT	AAT	GA	8.72280	0.00000	0.00000	-8.72280	0.05999	0.00009
AGC	TGC	AT	-0.46225	0.02321	0.01826	0.46225	0.01462	0.01826
AGC	CGC	AC	-8.48571	0.02633	0.00005	8.48571	0.00000	0.00000
AGC	ATC	GT	-0.64337	0.02321	0.01654	0.64337	0.01220	0.01654
AGC	ACC	GC	-0.27912	0.02633	0.02282	0.27912	0.01991	0.02282
AGC	AAC	GA	-0.59974	0.10165	0.07420	0.59974	0.05580	0.07420
AGC	AGT	CT	-9.12432	0.04174	0.00004	9.12432	0.00000	0.00000
AGA	CGA	AC	-1.20970	0.01634	0.00840	1.20970	0.00487	0.00840
AGA	ATA	GT	-1.90105	0.01441	0.00481	1.90105	0.00215	0.00481
AGA	ACA	GC	0.05262	0.01634	0.01677	-0.05262	0.01722	0.01677
AGA	AAA	GA	-0.39330	0.06309	0.05150	0.39330	0.04258	0.05150
AGA	AGT	AT	-7.88301	0.01441	0.00004	7.88301	0.00000	0.00000
AGA	AGC	AC	1.24130	0.01634	0.02853	-1.24130	0.05654	0.02853
AGG	TGG	AT	-1.79087	0.02922	0.01048	1.79087	0.00487	0.01048
AGG	CGG	AC	-0.15878	0.03313	0.03057	0.15878	0.02827	0.03057
AGG	ATG	GT	0.03700	0.02922	0.02976	-0.03700	0.03032	0.02976
AGG	ACG	GC	-3.83237	0.03313	0.00281	3.83237	0.00072	0.00281
AGG	AAG	GA	-0.21472	0.12794	0.11469	0.21472	0.10321	0.11469
AGG	AGT	GT	-10.28254	0.02922	0.00001	10.28254	0.00000	0.00000
AGG	AGC	GC	-1.15822	0.03313	0.01757	1.15822	0.01041	0.01757
AGG	AGA	GA	-2.39953	0.12794	0.03064	2.39953	0.01161	0.03064
GTT	TTT	GT	0.03613	0.04603	0.04686	-0.03613	0.04772	0.04686
GTT	CTT	GC	-1.06797	0.05220	0.02919	1.06797	0.01794	0.02919
GTT	ATT	GA	-1.78356	0.20154	0.07260	1.78356	0.03387	0.07260
GTC	TTC	GT	-0.62206	0.03442	0.02482	0.62206	0.01848	0.02482
GTC	CTC	GC	-1.30502	0.03903	0.01895	1.30502	0.01058	0.01895
GTC	ATC	GA	-1.92743	0.15072	0.04947	1.92743	0.02193	0.04947
GTC	GTT	CT	0.41635	0.06189	0.07566	-0.41635	0.09384	0.07566
GTA	TTA	GT	0.01331	0.00921	0.00927	-0.01331	0.00933	0.00927
GTA	CTA	GC	0.36712	0.01044	0.01247	-0.36712	0.01507	0.01247
GTA	ATA	GA	-2.34317	0.04031	0.01003	2.34317	0.00387	0.01003
GTA	GTT	AT	2.49959	0.00921	0.02507	-2.49959	0.11210	0.02507
GTA	GTC	AC	2.08323	0.01044	0.02484	-2.08323	0.08383	0.02484
GTG	TTG	GT	-2.53704	0.02722	0.00593	2.53704	0.00215	0.00593
GTG	CTG	GC	-0.15728	0.03086	0.02850	0.15728	0.02637	0.02850
GTG	ATG	GA	-0.78220	0.11917	0.07858	0.78220	0.05451	0.07858
GTG	GTT	GT	-0.27701	0.02722	0.02362	0.27701	0.02063	0.02362
GTG	GTC	GC	-0.69337	0.03086	0.02139	0.69337	0.01543	0.02139
GTG	GTA	GA	-2.77660	0.11917	0.02197	2.77660	0.00742	0.02197
GCT	TCT	GT	-1.37172	0.07284	0.03396	1.37172	0.01848	0.03396
GCT	CCT	GC	-0.85410	0.08261	0.05229	0.85410	0.03516	0.05229
GCT	ACT	GA	-6.89659	0.31897	0.00223	6.89659	0.00032	0.00223
GCT	GTT	CT	-0.33331	0.13097	0.11035	0.33331	0.09384	0.11035
GCC	TCC	GT	-1.47399	0.09166	0.04013	1.47399	0.02099	0.04013
GCC	CCC	GC	-1.47158	0.10394	0.04558	1.47158	0.02386	0.04558
GCC	ACC	GA	-2.41678	0.40134	0.09500	2.41678	0.03580	0.09500
GCC	GTC	CT	-0.85361	0.16479	0.10434	0.85361	0.07018	0.10434
GCC	GCT	CT	-0.10395	0.16479	0.15637	0.10395	0.14852	0.15637
GCA	TCA	GT	-3.31023	0.08845	0.01109	3.31023	0.00323	0.01109
GCA	CCA	GC	-1.59898	0.10031	0.04063	1.59898	0.02027	0.04063
GCA	ACA	GA	-2.52640	0.38732	0.08503	2.52640	0.03096	0.08503
GCA	GTA	CT	-2.13690	0.15903	0.04547	2.13690	0.01877	0.04547
GCA	GCT	AT	0.69599	0.08845	0.12278	-0.69599	0.17741	0.12278
GCA	GCC	AC	0.79994	0.10031	0.14572	-0.79994	0.22323	0.14572
GCG	TCG	GT	-9.75328	0.01721	0.00001	9.75328	0.00000	0.00000
GCG	CCG	GC	-1.47053	0.01952	0.00856	1.47053	0.00449	0.00856
GCG	ACG	GA	-4.06749	0.07536	0.00534	4.06749	0.00129	0.00534
GCG	GTG	CT	0.58408	0.03094	0.04085	-0.58408	0.05549	0.04085
GCG	GCT	GT	0.64037	0.01721	0.02331	-0.64037	0.03265	0.02331
GCG	GCC	GC	0.74431	0.01952	0.02767	-0.74431	0.04108	0.02767
GCG	GCA	GA	-0.05562	0.07536	0.07328	0.05562	0.07128	0.07328
GAT	TAT	GT	-0.98717	0.03322	0.01948	0.98717	0.01238	0.01948
GAT	CAT	GC	-1.49690	0.03767	0.01626	1.49690	0.00843	0.01626
GAT	AAT	GA	-0.88568	0.14546	0.09043	0.88568	0.05999	0.09043
GAT	GTT	AT	1.21624	0.03322	0.05742	-1.21624	0.11210	0.05742
GAT	GCT	AC	1.54954	0.03767	0.07411	-1.54954	0.17741	0.07411
GAC	TAC	GT	-6.11071	0.08085	0.00110	6.11071	0.00018	0.00110
GAC	CAC	GC	-2.06209	0.09169	0.02755	2.06209	0.01166	0.02755
GAC	AAC	GA	-1.84756	0.35402	0.12239	1.84756	0.05580	0.12239
GAC	GTC	AT	0.03623	0.08085	0.08232	-0.03623	0.08383	0.08232
GAC	GCC	AC	0.88983	0.09169	0.13845	-0.88983	0.22323	0.13845
GAC	GAT	CT	-0.76366	0.14536	0.09685	0.76366	0.06773	0.09685
GAA	CAA	GC	-2.25428	0.13163	0.03479	2.25428	0.01381	0.03479
GAA	AAA	GA	-2.47967	0.50824	0.11523	2.47967	0.04258	0.11523
GAA	GTA	AT	-1.64424	0.11607	0.04569	1.64424	0.02242	0.04569
GAA	GCA	AC	0.49266	0.13163	0.16670	-0.49266	0.21543	0.16670
GAA	GAT	AT	-0.36089	0.11607	0.09638	0.36089	0.08091	0.09638
GAA	GAC	AC	0.40277	0.13163	0.15991	-0.40277	0.19691	0.15991
GAG	CAG	GC	-1.24352	0.07217	0.03637	1.24352	0.02081	0.03637
GAG	AAG	GA	-0.99317	0.27866	0.16282	0.99317	0.10321	0.16282
GAG	GTG	AT	0.04075	0.06364	0.06494	-0.04075	0.06629	0.06494
GAG	GCG	AC	-0.54333	0.07217	0.05433	0.54333	0.04192	0.05433
GAG	GAT	GT	-1.45250	0.06364	0.02824	1.45250	0.01489	0.02824
GAG	GAC	GC	-0.68884	0.07217	0.05014	0.68884	0.03624	0.05014
GAG	GAA	GA	-1.09161	0.27866	0.15370	1.09161	0.09354	0.15370
GGT	TGT	GT	-10.86728	0.05243	0.00001	10.86728	0.00000	0.00000
GGT	CGT	GC	-1.77805	0.05946	0.02150	1.77805	0.01005	0.02150
GGT	AGT	GA	-11.75743	0.22959	0.00002	11.75743	0.00000	0.00000
GGT	GTT	GT	-0.93270	0.05243	0.03173	0.93270	0.02063	0.03173
GGT	GCT	GC	-0.59940	0.05946	0.04341	0.59940	0.03265	0.04341
GGT	GAT	GA	-2.14894	0.22959	0.06512	2.14894	0.02677	0.06512
GGC	TGC	GT	-3.13134	0.06164	0.00881	3.13134	0.00269	0.00881
GGC	CGC	GC	-11.15480	0.06990	0.00001	11.15480	0.00000	0.00000
GGC	AGC	GA	-2.66910	0.26989	0.05365	2.66910	0.01871	0.05365
GGC	GTC	GT	-1.38504	0.06164	0.02850	1.38504	0.01543	0.02850
GGC	GCC	GC	-0.53144	0.06990	0.05296	0.53144	0.04108	0.05296
GGC	GAC	GA	-1.42127	0.26989	0.12207	1.42127	0.06515	0.12207
GGC	GGT	CT	-0.03599	0.11082	0.10884	0.03599	0.10690	0.10884
GGA	CGA	GC	-2.65097	0.01271	0.00256	2.65097	0.00090	0.00256
GGA	AGA	GA	-1.44127	0.04907	0.02192	1.44127	0.01161	0.02192
GGA	GTA	GT	-0.99915	0.01121	0.00653	0.99915	0.00413	0.00653
GGA	GCA	GC	1.13775	0.01271	0.02128	-1.13775	0.03965	0.02128
GGA	GAA	GA	0.64509	0.04907	0.06659	-0.64509	0.09354	0.06659
GGA	GGT	AT	2.43314	0.01121	0.02989	-2.43314	0.12770	0.02989
GGA	GGC	AC	2.46913	0.01271	0.03428	-2.46913	0.15012	0.03428
GGG	TGG	GT	-0.29161	0.00120	0.00103	0.29161	0.00090	0.00103
GGG	CGG	GC	1.34048	0.00136	0.00247	-1.34048	0.00520	0.00247
GGG	AGG	GA	1.49926	0.00526	0.01015	-1.49926	0.02355	0.01015
GGG	GTG	GT	2.31846	0.00120	0.00309	-2.31846	0.01220	0.00309
GGG	GCG	GC	1.73438	0.00136	0.00287	-1.73438	0.00771	0.00287
GGG	GAG	GA	2.27771	0.00526	0.01334	-2.27771	0.05128	0.01334
GGG	GGT	GT	2.97415	0.00120	0.00376	-2.97415	0.02350	0.00376
GGG	GGC	GC	3.01013	0.00136	0.00431	-3.01013	0.02763	0.00431
GGG	GGA	GA	0.54101	0.00526	0.00681	-0.54101	0.00903	0.00681


Histograms
2Ns	FMut	FSub(CodonUsage)	FSubw(after w)

-11.19755	0.01154	0.00000
-10.07779	0.00488	0.00000
-8.95804	0.01110	0.00002
-7.83828	0.00370	0.00002
-6.71853	0.01065	0.00011
-5.59877	0.01936	0.00051
-4.47902	0.02689	0.00219
-3.35926	0.02504	0.00418
-2.23951	0.23359	0.08941
-1.11975	0.28067	0.22930
0.00000	0.24550	0.34857
1.11975	0.10075	0.22930
2.23951	0.02510	0.08941
3.35926	0.00083	0.00418
4.47902	0.00034	0.00219
5.59877	0.00006	0.00051
6.71853	0.00001	0.00011
7.83828	0.00000	0.00000
8.95804	0.00000	0.00000
10.07779	0.00000	0.00000
11.19755	0.00000	0.00000

Proportion of advantageous (S > 0) mutations:
 0.23343

Proportions of good & bad mutations (|S| > 2.0000) among mutations:
0.01741  0.29092

mean |Ns| = 1.75632	mean Ns+ = 0.79452	mean Ns- = -2.04921


MLEs of dN/dS (w) for site classes (K=4)

site class             0        1       2a       2b
proportion       0.59405  0.12217  0.23538  0.04840
background w     0.09700  2.12846  0.09700  2.12846
foreground w     0.09700  2.12846  0.00000  0.00000

Naive Empirical Bayes (NEB) probabilities for 4 classes
(amino acids refer to 1st sequence: Naasi)

   1 M   0.66011 0.05506 0.26206 0.02277 ( 1)
   2 H   0.69705 0.01775 0.27744 0.00776 ( 1)
   3 A   0.64760 0.06772 0.25697 0.02771 ( 1)
   4 L   0.67542 0.03960 0.26833 0.01664 ( 1)
   5 I   0.55188 0.15690 0.22003 0.07119 ( 1)
   6 P   0.23537 0.47552 0.09342 0.19569 ( 2)
   7 F   0.21283 0.49900 0.08444 0.20373 ( 2)
   8 N   0.65671 0.05852 0.26066 0.02410 ( 1)
   9 A   0.64170 0.07372 0.25457 0.03001 ( 1)
  10 L   0.64439 0.07102 0.25565 0.02894 ( 1)
  11 G   0.63096 0.08464 0.25022 0.03418 ( 1)
  12 P   0.01604 0.69258 0.00636 0.28502 ( 2)
  13 P   0.64679 0.06865 0.25660 0.02796 ( 1)
  14 S   0.69190 0.02311 0.27511 0.00989 ( 1)
  15 R   0.67555 0.03959 0.26832 0.01654 ( 1)
  16 H   0.68335 0.03173 0.27154 0.01339 ( 1)
  17 Q   0.02984 0.67691 0.01185 0.28140 ( 2)
  18 S   0.67557 0.03968 0.26826 0.01649 ( 1)
  19 V   0.68399 0.03132 0.27164 0.01305 ( 1)
  20 D   0.70311 0.01205 0.27965 0.00519 ( 1)
  21 Q   0.68166 0.03366 0.27068 0.01399 ( 1)
  22 A   0.29904 0.41221 0.11871 0.17004 ( 2)
  23 N   0.68557 0.02972 0.27229 0.01241 ( 1)
  24 H   0.41752 0.29295 0.16591 0.12362 ( 1)
  25 H   0.69429 0.02097 0.27589 0.00885 ( 1)
  26 S   0.30298 0.40835 0.12027 0.16839 ( 2)
  27 S   0.68252 0.03282 0.27102 0.01364 ( 1)
  28 S   0.30406 0.40729 0.12070 0.16796 ( 2)
  29 K   0.66526 0.05019 0.26399 0.02056 ( 1)
  30 N   0.67267 0.04273 0.26700 0.01760 ( 1)
  31 Q   0.68272 0.03262 0.27110 0.01356 ( 1)
  32 F   0.66068 0.05480 0.26214 0.02238 ( 1)
  33 D   0.68781 0.02750 0.27320 0.01150 ( 1)
  34 R   0.66764 0.04770 0.26501 0.01966 ( 1)
  35 F   0.32339 0.37920 0.12881 0.16860 ( 2)
  36 F   0.66198 0.05228 0.26328 0.02247 ( 1)
  37 R   0.67467 0.03934 0.26863 0.01735 ( 1)
  38 R   0.33312 0.34583 0.13389 0.18716 ( 2)
  39 F   0.33218 0.37069 0.13232 0.16481 ( 2)
  40 S   0.67539 0.03861 0.26894 0.01705 ( 1)
  41 F   0.00119 0.69761 0.00047 0.30073 ( 2)
  42 F   0.00136 0.99864 0.00000 0.00000 ( 2)
  43 F   0.65940 0.05480 0.26225 0.02355 ( 1)
  44 F   0.64203 0.07178 0.25534 0.03085 ( 1)
  45 K   0.64224 0.07219 0.25518 0.03040 ( 1)
  46 P   0.30496 0.39795 0.12143 0.17566 ( 2)
  47 I   0.05718 0.62068 0.02286 0.29927 ( 2)
  48 L   0.69203 0.02168 0.27621 0.01008 ( 1)
  49 L   0.03977 0.95837 0.00000 0.00186 ( 2)
  50 N   0.68742 0.02637 0.27416 0.01205 ( 1)
  51 T   0.04629 0.95074 0.00001 0.00297 ( 2)
  52 M   0.68246 0.03161 0.27186 0.01408 ( 1)
  53 A   0.65926 0.05521 0.26206 0.02347 ( 1)
  54 P   0.67678 0.03737 0.26943 0.01641 ( 1)
  55 K   0.67046 0.04381 0.26675 0.01899 ( 1)
  56 K   0.67046 0.04381 0.26675 0.01899 ( 1)
  57 D   0.69461 0.01941 0.27708 0.00890 ( 1)
  58 V   0.68948 0.02448 0.27491 0.01113 ( 1)
  59 K   0.67046 0.04381 0.26675 0.01899 ( 1)
  60 K   0.69645 0.01738 0.27805 0.00812 ( 1)
  61 P   0.33050 0.37705 0.13141 0.16105 ( 2)
  62 A   0.66100 0.05344 0.26278 0.02278 ( 1)
  63 A   0.66821 0.04615 0.26577 0.01987 ( 1)
  64 A   0.66100 0.05344 0.26278 0.02278 ( 1)
  65 A   0.25268 0.45354 0.10045 0.19332 ( 2)
  66 -   0.66297 0.05168 0.26348 0.02187 ( 1)
  67 -   0.67052 0.04401 0.26663 0.01884 ( 1)
  68 A   0.66885 0.04543 0.26608 0.01964 ( 1)
  69 P   0.66330 0.05097 0.26381 0.02192 ( 1)
  70 A   0.66327 0.05087 0.26386 0.02200 ( 1)
  71 P   0.65527 0.05900 0.26053 0.02520 ( 1)
  72 A   0.66875 0.04553 0.26604 0.01969 ( 1)
  73 P   0.69068 0.02327 0.27543 0.01062 ( 1)
  74 A   0.66007 0.05431 0.26243 0.02318 ( 1)
  75 P   0.35507 0.35064 0.14131 0.15298 ( 1)
  76 A   0.02022 0.68188 0.00804 0.28986 ( 2)
  77 P   0.66223 0.05219 0.26330 0.02229 ( 1)
  78 A   0.65981 0.05467 0.26228 0.02324 ( 1)
  79 P   0.66310 0.05133 0.26364 0.02192 ( 1)
  80 A   0.65926 0.05521 0.26206 0.02347 ( 1)
  81 P   0.66223 0.05219 0.26330 0.02229 ( 1)
  82 A   0.13301 0.56833 0.05291 0.24575 ( 2)
  83 P   0.67393 0.04015 0.26829 0.01763 ( 1)
  84 P   0.66922 0.04461 0.26648 0.01969 ( 1)
  85 K   0.68814 0.02530 0.27473 0.01183 ( 1)
  86 E   0.66482 0.04909 0.26462 0.02147 ( 1)
  87 A   0.01681 0.68522 0.00668 0.29128 ( 2)
  88 K   0.66075 0.05327 0.26289 0.02309 ( 1)
  89 I   0.68174 0.03183 0.27188 0.01454 ( 1)
  90 D   0.68307 0.03048 0.27247 0.01398 ( 1)
  91 L   0.68667 0.02681 0.27407 0.01245 ( 1)
  92 S   0.67771 0.03594 0.27013 0.01622 ( 1)
  93 A   0.66168 0.05243 0.26323 0.02267 ( 1)
  94 I   0.35454 0.34603 0.14139 0.15804 ( 1)
  95 E   0.00111 0.69460 0.00044 0.30384 ( 2)
  96 F   0.68189 0.03218 0.27161 0.01431 ( 1)
  97 K   0.67046 0.04381 0.26675 0.01899 ( 1)
  98 E   0.67914 0.03498 0.27043 0.01545 ( 1)
  99 A   0.65926 0.05521 0.26206 0.02347 ( 1)
 100 F   0.66586 0.04849 0.26482 0.02084 ( 1)
 101 L   0.69520 0.01866 0.27747 0.00867 ( 1)
 102 L   0.66395 0.05044 0.26401 0.02160 ( 1)
 103 Y   0.42949 0.27278 0.17139 0.12634 ( 1)
 104 D   0.69203 0.02189 0.27604 0.01004 ( 1)
 105 R   0.42617 0.27515 0.17014 0.12854 ( 1)
 106 T   0.00183 0.68791 0.00073 0.30953 ( 2)
 107 G   0.66214 0.05233 0.26323 0.02230 ( 1)
 108 D   0.70561 0.00794 0.28250 0.00395 ( 1)
 109 N   0.00009 0.68562 0.00004 0.31425 ( 2)
 110 K   0.67046 0.04381 0.26675 0.01899 ( 1)
 111 I   0.70195 0.01175 0.28064 0.00566 ( 1)
 112 T   0.44203 0.26044 0.17643 0.12110 ( 1)
 113 L   0.68297 0.03109 0.27207 0.01386 ( 1)
 114 S   0.00211 0.67883 0.00084 0.31822 ( 2)
 115 Q   0.68734 0.02665 0.27398 0.01203 ( 1)
 116 V   0.68634 0.02767 0.27354 0.01245 ( 1)
 117 G   0.64639 0.06835 0.25673 0.02853 ( 1)
 118 D   0.70561 0.00794 0.28250 0.00395 ( 1)
 119 V   0.69326 0.02064 0.27659 0.00951 ( 1)
 120 L   0.69527 0.01859 0.27750 0.00864 ( 1)
 121 R   0.68150 0.03259 0.27144 0.01447 ( 1)
 122 A   0.66100 0.05344 0.26278 0.02278 ( 1)
 123 L   0.66283 0.05158 0.26354 0.02205 ( 1)
 124 G   0.66079 0.05365 0.26269 0.02286 ( 1)
 125 T   0.68624 0.02777 0.27349 0.01250 ( 1)
 126 N   0.67776 0.03638 0.26984 0.01601 ( 1)
 127 P   0.67899 0.03513 0.27037 0.01551 ( 1)
 128 T   0.69537 0.01848 0.27755 0.00859 ( 1)
 129 N   0.67776 0.03638 0.26984 0.01601 ( 1)
 130 A   0.65926 0.05521 0.26206 0.02347 ( 1)
 131 E   0.67914 0.03498 0.27043 0.01545 ( 1)
 132 V   0.69326 0.02064 0.27659 0.00951 ( 1)
 133 K   0.67065 0.04362 0.26683 0.01891 ( 1)
 134 A   0.00164 0.69182 0.00065 0.30588 ( 2)
 135 V   0.68634 0.02767 0.27354 0.01245 ( 1)
 136 L   0.66283 0.05158 0.26354 0.02205 ( 1)
 137 G   0.69925 0.01452 0.27934 0.00688 ( 1)
 138 N   0.69033 0.02357 0.27532 0.01077 ( 1)
 139 P   0.67899 0.03513 0.27037 0.01551 ( 1)
 140 S   0.69713 0.01669 0.27835 0.00782 ( 1)
 141 N   0.31706 0.38656 0.12623 0.17015 ( 2)
 142 E   0.67493 0.03926 0.26864 0.01717 ( 1)
 143 E   0.67914 0.03498 0.27043 0.01545 ( 1)
 144 M   0.68246 0.03161 0.27186 0.01408 ( 1)
 145 N   0.67776 0.03638 0.26984 0.01601 ( 1)
 146 A   0.27943 0.42544 0.11116 0.18396 ( 2)
 147 K   0.67046 0.04381 0.26675 0.01899 ( 1)
 148 K   0.69645 0.01738 0.27805 0.00812 ( 1)
 149 I   0.69085 0.02309 0.27552 0.01055 ( 1)
 150 E   0.67879 0.03552 0.27025 0.01543 ( 1)
 151 F   0.66577 0.04857 0.26478 0.02088 ( 1)
 152 E   0.67493 0.03926 0.26864 0.01717 ( 1)
 153 Q   0.69653 0.01727 0.27811 0.00809 ( 1)
 154 F   0.66586 0.04849 0.26482 0.02084 ( 1)
 155 L   0.66283 0.05158 0.26354 0.02205 ( 1)
 156 P   0.67899 0.03513 0.27037 0.01551 ( 1)
 157 M   0.68246 0.03161 0.27186 0.01408 ( 1)
 158 M   0.45243 0.25418 0.18023 0.11317 ( 1)
 159 Q   0.69695 0.01687 0.27827 0.00790 ( 1)
 160 S   0.68715 0.02685 0.27389 0.01211 ( 1)
 161 I   0.69085 0.02309 0.27552 0.01055 ( 1)
 162 S   0.67926 0.03486 0.27048 0.01540 ( 1)
 163 N   0.69093 0.02299 0.27556 0.01051 ( 1)
 164 N   0.41528 0.28765 0.16563 0.13144 ( 1)
 165 K   0.67046 0.04381 0.26675 0.01899 ( 1)
 166 D   0.69203 0.02189 0.27604 0.01004 ( 1)
 167 Q   0.68734 0.02665 0.27398 0.01203 ( 1)
 168 G   0.66079 0.05365 0.26269 0.02286 ( 1)
 169 T   0.69537 0.01848 0.27755 0.00859 ( 1)
 170 Y   0.69612 0.01783 0.27780 0.00826 ( 1)
 171 E   0.67493 0.03926 0.26864 0.01717 ( 1)
 172 D   0.69203 0.02189 0.27604 0.01004 ( 1)
 173 F   0.66586 0.04849 0.26482 0.02084 ( 1)
 174 V   0.68634 0.02767 0.27354 0.01245 ( 1)
 175 E   0.67914 0.03498 0.27043 0.01545 ( 1)
 176 G   0.64639 0.06835 0.25673 0.02853 ( 1)
 177 L   0.66283 0.05158 0.26354 0.02205 ( 1)
 178 R   0.66458 0.04980 0.26427 0.02135 ( 1)
 179 V   0.69326 0.02064 0.27659 0.00951 ( 1)
 180 F   0.66586 0.04849 0.26482 0.02084 ( 1)
 181 D   0.69203 0.02189 0.27604 0.01004 ( 1)
 182 K   0.67046 0.04381 0.26675 0.01899 ( 1)
 183 E   0.67493 0.03926 0.26864 0.01717 ( 1)
 184 G   0.66079 0.05365 0.26269 0.02286 ( 1)
 185 N   0.67776 0.03638 0.26984 0.01601 ( 1)
 186 G   0.66079 0.05365 0.26269 0.02286 ( 1)
 187 T   0.69692 0.01700 0.27817 0.00791 ( 1)
 188 V   0.68634 0.02767 0.27354 0.01245 ( 1)
 189 M   0.68246 0.03161 0.27186 0.01408 ( 1)
 190 G   0.64639 0.06835 0.25673 0.02853 ( 1)
 191 A   0.66100 0.05344 0.26278 0.02278 ( 1)
 192 E   0.67493 0.03926 0.26864 0.01717 ( 1)
 193 L   0.69527 0.01859 0.27750 0.00864 ( 1)
 194 R   0.66458 0.04980 0.26427 0.02135 ( 1)
 195 H   0.70865 0.00467 0.28426 0.00242 ( 1)
 196 V   0.70511 0.00843 0.28227 0.00419 ( 1)
 197 L   0.66395 0.05044 0.26401 0.02160 ( 1)
 198 A   0.66100 0.05344 0.26278 0.02278 ( 1)
 199 T   0.69599 0.01837 0.27738 0.00826 ( 1)
 200 L   0.66395 0.05044 0.26401 0.02160 ( 1)
 201 G   0.63921 0.07643 0.25349 0.03087 ( 1)
 202 E   0.66638 0.04900 0.26448 0.02014 ( 1)
 203 K   0.66192 0.05351 0.26266 0.02191 ( 1)
 204 M   0.67417 0.04116 0.26765 0.01702 ( 1)
 205 K   0.68978 0.02544 0.27407 0.01071 ( 1)
 206 E   0.67072 0.04464 0.26624 0.01841 ( 1)
 207 E   0.66638 0.04900 0.26448 0.02014 ( 1)
 208 E   0.66638 0.04900 0.26448 0.02014 ( 1)
 209 V   0.68179 0.03349 0.27077 0.01396 ( 1)
 210 E   0.66638 0.04900 0.26448 0.02014 ( 1)
 211 A   0.66074 0.05470 0.26218 0.02238 ( 1)
 212 L   0.65452 0.06097 0.25967 0.02484 ( 1)
 213 M   0.28509 0.42567 0.11318 0.17606 ( 2)
 214 A   0.01695 0.69409 0.00672 0.28223 ( 2)
 215 G   0.18850 0.52480 0.07475 0.21195 ( 2)
 216 Q   0.69039 0.02483 0.27432 0.01046 ( 1)
 217 E   0.66638 0.04900 0.26448 0.02014 ( 1)
 218 D   0.68464 0.03062 0.27194 0.01280 ( 1)
 219 S   0.67085 0.04451 0.26629 0.01835 ( 1)
 220 N   0.67011 0.04525 0.26604 0.01861 ( 1)
 221 G   0.65259 0.06292 0.25889 0.02561 ( 1)
 222 C   0.68500 0.03026 0.27208 0.01266 ( 1)
 223 I   0.69664 0.01853 0.27693 0.00789 ( 1)
 224 N   0.68339 0.03187 0.27143 0.01331 ( 1)
 225 Y   0.68747 0.02777 0.27310 0.01165 ( 1)
 226 E   0.66638 0.04900 0.26448 0.02014 ( 1)


lnL = -1621.808391

Bayes Empirical Bayes (BEB) probabilities for 4 classes (class)
(amino acids refer to 1st sequence: Naasi)

   1 M   0.70490 0.23154 0.04761 0.01594 ( 1)
   2 H   0.79004 0.15039 0.04968 0.00989 ( 1)
   3 A   0.68562 0.25003 0.04697 0.01738 ( 1)
   4 L   0.73276 0.20483 0.04849 0.01392 ( 1)
   5 I   0.27799 0.66313 0.01675 0.04213 ( 2)
   6 P   0.14077 0.79474 0.00964 0.05485 ( 2)
   7 F   0.13397 0.80108 0.00927 0.05568 ( 2)
   8 N   0.69936 0.23677 0.04750 0.01636 ( 1)
   9 A   0.67727 0.25800 0.04672 0.01801 ( 1)
  10 L   0.68082 0.25453 0.04690 0.01775 ( 1)
  11 G   0.66317 0.27152 0.04622 0.01909 ( 1)
  12 P   0.01370 0.92168 0.00096 0.06365 ( 2)
  13 P   0.68406 0.25127 0.04714 0.01753 ( 1)
  14 S   0.77195 0.16696 0.04991 0.01118 ( 1)
  15 R   0.73225 0.20495 0.04881 0.01399 ( 1)
  16 H   0.74948 0.18844 0.04932 0.01276 ( 1)
  17 Q   0.01782 0.91812 0.00123 0.06283 ( 2)
  18 S   0.73176 0.20506 0.04912 0.01406 ( 1)
  19 V   0.74976 0.18728 0.05015 0.01282 ( 1)
  20 D   0.81064 0.12880 0.05198 0.00858 ( 1)
  21 Q   0.74443 0.19242 0.04995 0.01320 ( 1)
  22 A   0.16185 0.77383 0.01104 0.05328 ( 2)
  23 N   0.75387 0.18331 0.05030 0.01252 ( 1)
  24 H   0.20581 0.73122 0.01361 0.04936 ( 2)
  25 H   0.77754 0.16042 0.05117 0.01086 ( 1)
  26 S   0.16344 0.77222 0.01115 0.05319 ( 2)
  27 S   0.74619 0.19064 0.05009 0.01308 ( 1)
  28 S   0.16362 0.77204 0.01117 0.05318 ( 2)
  29 K   0.71225 0.22349 0.04874 0.01552 ( 1)
  30 N   0.72570 0.21046 0.04929 0.01455 ( 1)
  31 Q   0.74675 0.19010 0.05011 0.01304 ( 1)
  32 F   0.70455 0.23096 0.04841 0.01609 ( 1)
  33 D   0.75926 0.17802 0.05056 0.01215 ( 1)
  34 R   0.71657 0.21963 0.04863 0.01517 ( 1)
  35 F   0.17248 0.76721 0.01069 0.04961 ( 2)
  36 F   0.71114 0.22790 0.04575 0.01521 ( 1)
  37 R   0.73546 0.20532 0.04580 0.01341 ( 1)
  38 R   0.18020 0.76791 0.00889 0.04300 ( 2)
  39 F   0.17555 0.76415 0.01088 0.04942 ( 2)
  40 S   0.73708 0.20381 0.04581 0.01330 ( 1)
  41 F   0.00199 0.93583 0.00013 0.06205 ( 2)
  42 F   0.00160 0.84359 0.00257 0.15223 ( 2)
  43 F   0.70802 0.23101 0.04555 0.01542 ( 1)
  44 F   0.68239 0.25659 0.04390 0.01712 ( 1)
  45 K   0.68068 0.25696 0.04493 0.01743 ( 1)
  46 P   0.16596 0.77335 0.01038 0.05031 ( 2)
  47 I   0.02436 0.91853 0.00140 0.05571 ( 2)
  48 L   0.78047 0.16368 0.04558 0.01027 ( 1)
  49 L   0.01513 0.82023 0.03062 0.13402 ( 2)
  50 N   0.76682 0.17624 0.04573 0.01121 ( 1)
  51 T   0.01632 0.82581 0.03064 0.12723 ( 2)
  52 M   0.75262 0.18881 0.04632 0.01225 ( 1)
  53 A   0.70573 0.23258 0.04603 0.01566 ( 1)
  54 P   0.73939 0.20112 0.04629 0.01319 ( 1)
  55 K   0.72631 0.21332 0.04624 0.01414 ( 1)
  56 K   0.72631 0.21332 0.04624 0.01414 ( 1)
  57 D   0.78726 0.15612 0.04672 0.00990 ( 1)
  58 V   0.77137 0.17142 0.04627 0.01094 ( 1)
  59 K   0.72631 0.21332 0.04624 0.01414 ( 1)
  60 K   0.79461 0.14989 0.04612 0.00937 ( 1)
  61 P   0.17384 0.76376 0.01134 0.05106 ( 2)
  62 A   0.70865 0.22986 0.04606 0.01544 ( 1)
  63 A   0.72154 0.21764 0.04632 0.01450 ( 1)
  64 A   0.70865 0.22986 0.04606 0.01544 ( 1)
  65 A   0.14722 0.79023 0.00963 0.05292 ( 2)
  66 -   0.71124 0.22678 0.04665 0.01532 ( 1)
  67 -   0.72526 0.21357 0.04687 0.01430 ( 1)
  68 A   0.72306 0.21642 0.04615 0.01437 ( 1)
  69 P   0.71324 0.22585 0.04585 0.01506 ( 1)
  70 A   0.71352 0.22594 0.04554 0.01500 ( 1)
  71 P   0.70007 0.23855 0.04539 0.01600 ( 1)
  72 A   0.72290 0.21658 0.04614 0.01438 ( 1)
  73 P   0.77487 0.16817 0.04627 0.01070 ( 1)
  74 A   0.70736 0.23123 0.04589 0.01551 ( 1)
  75 P   0.18315 0.75561 0.01162 0.04962 ( 2)
  76 A   0.01518 0.92188 0.00102 0.06192 ( 2)
  77 P   0.71090 0.22773 0.04609 0.01527 ( 1)
  78 A   0.70662 0.23169 0.04609 0.01560 ( 1)
  79 P   0.71234 0.22630 0.04619 0.01518 ( 1)
  80 A   0.70573 0.23258 0.04603 0.01566 ( 1)
  81 P   0.71090 0.22773 0.04609 0.01527 ( 1)
  82 A   0.09320 0.84489 0.00600 0.05591 ( 2)
  83 P   0.73383 0.20667 0.04594 0.01355 ( 1)
  84 P   0.72547 0.21533 0.04513 0.01406 ( 1)
  85 K   0.77051 0.17391 0.04472 0.01087 ( 1)
  86 E   0.71760 0.22259 0.04516 0.01464 ( 1)
  87 A   0.01402 0.92304 0.00094 0.06200 ( 2)
  88 K   0.70980 0.22979 0.04518 0.01523 ( 1)
  89 I   0.75308 0.18994 0.04491 0.01207 ( 1)
  90 D   0.75654 0.18673 0.04489 0.01183 ( 1)
  91 L   0.76616 0.17792 0.04476 0.01116 ( 1)
  92 S   0.74344 0.19880 0.04500 0.01276 ( 1)
  93 A   0.71094 0.22851 0.04538 0.01517 ( 1)
  94 I   0.18421 0.75687 0.01104 0.04788 ( 2)
  95 E   0.00193 0.93649 0.00013 0.06145 ( 2)
  96 F   0.75123 0.19010 0.04632 0.01234 ( 1)
  97 K   0.72631 0.21332 0.04624 0.01414 ( 1)
  98 E   0.74467 0.19622 0.04630 0.01281 ( 1)
  99 A   0.70573 0.23258 0.04603 0.01566 ( 1)
 100 F   0.71750 0.22155 0.04616 0.01478 ( 1)
 101 L   0.78989 0.15428 0.04615 0.00968 ( 1)
 102 L   0.71385 0.22499 0.04611 0.01505 ( 1)
 103 Y   0.21401 0.72786 0.01260 0.04554 ( 2)
 104 D   0.77930 0.16405 0.04625 0.01040 ( 1)
 105 R   0.21322 0.72907 0.01242 0.04529 ( 2)
 106 T   0.00239 0.93739 0.00015 0.06007 ( 2)
 107 G   0.71040 0.22809 0.04619 0.01532 ( 1)
 108 D   0.83846 0.10975 0.04524 0.00656 ( 1)
 109 N   0.00037 0.94022 0.00002 0.05938 ( 2)
 110 K   0.72631 0.21332 0.04624 0.01414 ( 1)
 111 I   0.81790 0.12850 0.04574 0.00785 ( 1)
 112 T   0.21969 0.72237 0.01287 0.04507 ( 2)
 113 L   0.75370 0.18783 0.04630 0.01217 ( 1)
 114 S   0.00254 0.93907 0.00016 0.05823 ( 2)
 115 Q   0.76533 0.17701 0.04630 0.01136 ( 1)
 116 V   0.76250 0.17965 0.04630 0.01155 ( 1)
 117 G   0.68540 0.25164 0.04576 0.01720 ( 1)
 118 D   0.83846 0.10975 0.04524 0.00656 ( 1)
 119 V   0.78311 0.16056 0.04620 0.01014 ( 1)
 120 L   0.79013 0.15406 0.04615 0.00967 ( 1)
 121 R   0.75005 0.19124 0.04629 0.01242 ( 1)
 122 A   0.70865 0.22986 0.04606 0.01544 ( 1)
 123 L   0.71188 0.22683 0.04610 0.01520 ( 1)
 124 G   0.70822 0.23026 0.04605 0.01547 ( 1)
 125 T   0.76233 0.17980 0.04631 0.01156 ( 1)
 126 N   0.74161 0.19906 0.04631 0.01303 ( 1)
 127 P   0.74435 0.19651 0.04631 0.01283 ( 1)
 128 T   0.79054 0.15367 0.04615 0.00964 ( 1)
 129 N   0.74161 0.19906 0.04631 0.01303 ( 1)
 130 A   0.70573 0.23258 0.04603 0.01566 ( 1)
 131 E   0.74467 0.19622 0.04630 0.01281 ( 1)
 132 V   0.78311 0.16056 0.04620 0.01014 ( 1)
 133 K   0.72703 0.21259 0.04628 0.01409 ( 1)
 134 A   0.00227 0.93671 0.00015 0.06087 ( 2)
 135 V   0.76250 0.17965 0.04630 0.01155 ( 1)
 136 L   0.71188 0.22683 0.04610 0.01520 ( 1)
 137 G   0.80538 0.14004 0.04593 0.00865 ( 1)
 138 N   0.77488 0.16821 0.04621 0.01070 ( 1)
 139 P   0.74435 0.19651 0.04631 0.01283 ( 1)
 140 S   0.79698 0.14775 0.04607 0.00921 ( 1)
 141 N   0.17003 0.76914 0.01068 0.05015 ( 2)
 142 E   0.73552 0.20472 0.04629 0.01347 ( 1)
 143 E   0.74467 0.19622 0.04630 0.01281 ( 1)
 144 M   0.75262 0.18881 0.04632 0.01225 ( 1)
 145 N   0.74161 0.19906 0.04631 0.01303 ( 1)
 146 A   0.15651 0.78171 0.01005 0.05172 ( 2)
 147 K   0.72631 0.21332 0.04624 0.01414 ( 1)
 148 K   0.79461 0.14989 0.04612 0.00937 ( 1)
 149 I   0.77548 0.16762 0.04625 0.01066 ( 1)
 150 E   0.74243 0.19645 0.04788 0.01324 ( 1)
 151 F   0.71766 0.22139 0.04617 0.01477 ( 1)
 152 E   0.73552 0.20472 0.04629 0.01347 ( 1)
 153 Q   0.79546 0.14919 0.04604 0.00931 ( 1)
 154 F   0.71750 0.22155 0.04616 0.01478 ( 1)
 155 L   0.71188 0.22683 0.04610 0.01520 ( 1)
 156 P   0.74435 0.19651 0.04631 0.01283 ( 1)
 157 M   0.75262 0.18881 0.04632 0.01225 ( 1)
 158 M   0.22236 0.71755 0.01374 0.04635 ( 2)
 159 Q   0.79643 0.14822 0.04609 0.00925 ( 1)
 160 S   0.76471 0.17760 0.04629 0.01140 ( 1)
 161 I   0.77548 0.16762 0.04625 0.01066 ( 1)
 162 S   0.74490 0.19601 0.04630 0.01279 ( 1)
 163 N   0.77601 0.16708 0.04628 0.01062 ( 1)
 164 N   0.20790 0.73325 0.01245 0.04640 ( 2)
 165 K   0.72631 0.21332 0.04624 0.01414 ( 1)
 166 D   0.77930 0.16405 0.04625 0.01040 ( 1)
 167 Q   0.76533 0.17701 0.04630 0.01136 ( 1)
 168 G   0.70822 0.23026 0.04605 0.01547 ( 1)
 169 T   0.79054 0.15367 0.04615 0.00964 ( 1)
 170 Y   0.79247 0.15152 0.04647 0.00953 ( 1)
 171 E   0.73552 0.20472 0.04629 0.01347 ( 1)
 172 D   0.77930 0.16405 0.04625 0.01040 ( 1)
 173 F   0.71750 0.22155 0.04616 0.01478 ( 1)
 174 V   0.76250 0.17965 0.04630 0.01155 ( 1)
 175 E   0.74467 0.19622 0.04630 0.01281 ( 1)
 176 G   0.68540 0.25164 0.04576 0.01720 ( 1)
 177 L   0.71188 0.22683 0.04610 0.01520 ( 1)
 178 R   0.71478 0.22415 0.04610 0.01497 ( 1)
 179 V   0.78311 0.16056 0.04620 0.01014 ( 1)
 180 F   0.71750 0.22155 0.04616 0.01478 ( 1)
 181 D   0.77930 0.16405 0.04625 0.01040 ( 1)
 182 K   0.72631 0.21332 0.04624 0.01414 ( 1)
 183 E   0.73552 0.20472 0.04629 0.01347 ( 1)
 184 G   0.70822 0.23026 0.04605 0.01547 ( 1)
 185 N   0.74161 0.19906 0.04631 0.01303 ( 1)
 186 G   0.70822 0.23026 0.04605 0.01547 ( 1)
 187 T   0.79561 0.14862 0.04645 0.00932 ( 1)
 188 V   0.76250 0.17965 0.04630 0.01155 ( 1)
 189 M   0.75262 0.18881 0.04632 0.01225 ( 1)
 190 G   0.68540 0.25164 0.04576 0.01720 ( 1)
 191 A   0.70865 0.22986 0.04606 0.01544 ( 1)
 192 E   0.73552 0.20472 0.04629 0.01347 ( 1)
 193 L   0.79013 0.15406 0.04615 0.00967 ( 1)
 194 R   0.71478 0.22415 0.04610 0.01497 ( 1)
 195 H   0.86237 0.08814 0.04437 0.00512 ( 1)
 196 V   0.83546 0.11265 0.04515 0.00674 ( 1)
 197 L   0.71385 0.22499 0.04611 0.01505 ( 1)
 198 A   0.70865 0.22986 0.04606 0.01544 ( 1)
 199 T   0.78928 0.15293 0.04795 0.00984 ( 1)
 200 L   0.71385 0.22499 0.04611 0.01505 ( 1)
 201 G   0.67322 0.26148 0.04692 0.01838 ( 1)
 202 E   0.71450 0.22148 0.04868 0.01534 ( 1)
 203 K   0.70683 0.22891 0.04837 0.01590 ( 1)
 204 M   0.72888 0.20759 0.04923 0.01430 ( 1)
 205 K   0.76506 0.17272 0.05050 0.01172 ( 1)
 206 E   0.72218 0.21406 0.04898 0.01478 ( 1)
 207 E   0.71450 0.22148 0.04868 0.01534 ( 1)
 208 E   0.71450 0.22148 0.04868 0.01534 ( 1)
 209 V   0.74487 0.19216 0.04982 0.01315 ( 1)
 210 E   0.71450 0.22148 0.04868 0.01534 ( 1)
 211 A   0.70470 0.23097 0.04828 0.01605 ( 1)
 212 L   0.69489 0.24047 0.04787 0.01678 ( 1)
 213 M   0.15736 0.77845 0.01070 0.05348 ( 2)
 214 A   0.01397 0.92076 0.00099 0.06428 ( 2)
 215 G   0.12377 0.81064 0.00869 0.05689 ( 2)
 216 Q   0.76666 0.17118 0.05055 0.01161 ( 1)
 217 E   0.71450 0.22148 0.04868 0.01534 ( 1)
 218 D   0.75171 0.18557 0.05006 0.01266 ( 1)
 219 S   0.72237 0.21388 0.04898 0.01477 ( 1)
 220 N   0.72147 0.21399 0.04957 0.01497 ( 1)
 221 G   0.69188 0.24338 0.04774 0.01700 ( 1)
 222 C   0.75216 0.18514 0.05007 0.01263 ( 1)
 223 I   0.78579 0.15283 0.05112 0.01027 ( 1)
 224 N   0.74886 0.18831 0.04996 0.01287 ( 1)
 225 Y   0.75860 0.17893 0.05029 0.01217 ( 1)
 226 E   0.71450 0.22148 0.04868 0.01534 ( 1)

