Supplemental results for CODEML (seqf: /home/leticiamagpali/phd/evol_models/codeml/small_dataset/cml_align/CALML6_codon_aligned.phy  treef: /home/leticiamagpali/phd/evol_models/codeml/small_dataset/cml_trees/gene_trees/H3_gene_trees/CALML6_codon_H3.tre)

I	J	ij	2Ns_IJ	pMut_IJ	pSub_IJ	2Ns_JI	pMut_JI	pSub_JI

TTC	TTT	CT	0.19884	0.10598	0.11686	-0.19884	0.12929	0.11686
TTA	TTT	AT	10.62572	0.00000	0.00000	-10.62572	0.02775	0.00001
TTA	TTC	AC	10.42688	0.00000	0.00000	-10.42688	0.10359	0.00003
TTG	TTT	GT	2.40977	0.00076	0.00202	-2.40977	0.00850	0.00202
TTG	TTC	GC	2.21094	0.00348	0.00863	-2.21094	0.03173	0.00863
TTG	TTA	GA	-8.21595	0.01834	0.00004	8.21595	0.00000	0.00000
TCT	TTT	CT	1.30642	0.03501	0.06272	-1.30642	0.12929	0.06272
TCC	TTC	CT	1.59991	0.09746	0.19537	-1.59991	0.48267	0.19537
TCC	TCT	CT	0.49233	0.09746	0.12341	-0.49233	0.15945	0.12341
TCA	TTA	CT	-4.13032	0.00095	0.00006	4.13032	0.00000	0.00000
TCA	TCT	AT	5.18898	0.00019	0.00100	-5.18898	0.03422	0.00100
TCA	TCC	AC	4.69666	0.00087	0.00412	-4.69666	0.09526	0.00412
TCG	TTG	CT	2.90243	0.00095	0.00291	-2.90243	0.01724	0.00291
TCG	TCT	GT	4.00579	0.00019	0.00078	-4.00579	0.01048	0.00078
TCG	TCC	GC	3.51346	0.00087	0.00315	-3.51346	0.02918	0.00315
TCG	TCA	GA	-1.18319	0.00458	0.00240	1.18319	0.00140	0.00240
TAT	TTT	AT	10.62572	0.00000	0.00000	-10.62572	0.02775	0.00001
TAT	TCT	AC	9.31930	0.00000	0.00000	-9.31930	0.03422	0.00003
TAC	TTC	AT	1.90211	0.01546	0.03457	-1.90211	0.10359	0.03457
TAC	TCC	AC	0.30221	0.07042	0.08159	-0.30221	0.09526	0.08159
TAC	TAT	CT	-8.52477	0.07664	0.00013	8.52477	0.00000	0.00000
TGT	TTT	GT	1.23112	0.00248	0.00431	-1.23112	0.00850	0.00431
TGT	TCT	GC	-0.07530	0.01130	0.01088	0.07530	0.01048	0.01088
TGT	TAT	GA	-9.39460	0.05960	0.00005	9.39460	0.00000	0.00000
TGC	TTC	GT	1.47578	0.00725	0.01388	-1.47578	0.03173	0.01388
TGC	TCC	GC	-0.12412	0.03303	0.03103	0.12412	0.02918	0.03103
TGC	TAC	GA	-0.42633	0.17423	0.13972	0.42633	0.11375	0.13972
TGC	TGT	CT	0.44350	0.03596	0.04452	-0.44350	0.05602	0.04452
TGG	TTG	GT	-2.50929	0.01393	0.00310	2.50929	0.00113	0.00310
TGG	TCG	GC	-5.41173	0.06346	0.00154	5.41173	0.00028	0.00154
TGG	TGT	GT	-1.33064	0.01393	0.00666	1.33064	0.00368	0.00666
TGG	TGC	GC	-1.77414	0.06346	0.02300	1.77414	0.01076	0.02300
CTT	TTT	CT	10.56379	0.00000	0.00000	-10.56379	0.12929	0.00004
CTC	TTC	CT	1.46395	0.11165	0.21264	-1.46395	0.48267	0.21264
CTC	CTT	CT	-8.90100	0.11165	0.00014	8.90100	0.00000	0.00000
CTA	TTA	CT	-4.82347	0.00189	0.00007	4.82347	0.00000	0.00000
CTA	CTT	AT	-4.76154	0.00038	0.00002	4.76154	0.00000	0.00000
CTA	CTC	AC	4.13946	0.00174	0.00731	-4.13946	0.10913	0.00731
CTG	TTG	CT	-2.45415	0.20060	0.04628	2.45415	0.01724	0.04628
CTG	CTT	GT	-10.60817	0.04046	0.00001	10.60817	0.00000	0.00000
CTG	CTC	GC	-1.70717	0.18430	0.06971	1.70717	0.03343	0.06971
CTG	CTA	GA	-5.84663	0.97200	0.01647	5.84663	0.00281	0.01647
CCT	TCT	CT	0.50208	0.09651	0.12276	-0.50208	0.15945	0.12276
CCT	CTT	CT	-8.75529	0.09651	0.00013	8.75529	0.00000	0.00000
CCC	TCC	CT	1.38018	0.11165	0.20589	-1.38018	0.44389	0.20589
CCC	CTC	CT	1.51614	0.11165	0.21690	-1.51614	0.50853	0.21690
CCC	CCT	CT	1.37043	0.11165	0.20511	-1.37043	0.43958	0.20511
CCA	TCA	CT	-2.01022	0.03217	0.01000	2.01022	0.00431	0.01000
CCA	CTA	CT	-1.31707	0.03217	0.01551	1.31707	0.00862	0.01551
CCA	CCT	AT	2.67668	0.00649	0.01865	-2.67668	0.09434	0.01865
CCA	CCC	AC	1.30625	0.02956	0.05295	-1.30625	0.10913	0.05295
CCG	TCG	CT	-1.19191	0.01419	0.00738	1.19191	0.00431	0.00738
CCG	CTG	CT	4.16467	0.01419	0.06004	-4.16467	0.91363	0.06004
CCG	CCT	GT	2.31179	0.00286	0.00735	-2.31179	0.02890	0.00735
CCG	CCC	GC	0.94137	0.01304	0.02013	-0.94137	0.03343	0.02013
CCG	CCA	GA	-0.36488	0.06877	0.05699	0.36488	0.04775	0.05699
CAT	TAT	CT	-6.43290	0.00946	0.00010	6.43290	0.00000	0.00000
CAT	CTT	AT	-6.37098	0.00191	0.00002	6.37098	0.00000	0.00000
CAT	CCT	AC	2.38431	0.00869	0.02283	-2.38431	0.09434	0.02283
CAC	TAC	CT	2.17292	0.03974	0.09745	-2.17292	0.34908	0.09745
CAC	CTC	AT	2.61108	0.00802	0.02259	-2.61108	0.10913	0.02259
CAC	CCC	AC	1.09494	0.03651	0.06008	-1.09494	0.10913	0.06008
CAC	CAT	CT	0.08105	0.03974	0.04137	-0.08105	0.04310	0.04137
CAA	CTA	AT	0.07399	0.00172	0.00178	-0.07399	0.00185	0.00178
CAA	CCA	AC	1.39106	0.00782	0.01449	-1.39106	0.03145	0.01449
CAA	CAT	AT	1.68343	0.00172	0.00355	-1.68343	0.00925	0.00355
CAA	CAC	AC	1.60237	0.00782	0.01570	-1.60237	0.03884	0.01570
CAG	CTG	AT	2.41286	0.01756	0.04654	-2.41286	0.19607	0.04654
CAG	CCG	AC	-1.75181	0.07998	0.02940	1.75181	0.01387	0.02940
CAG	CAT	GT	-1.82433	0.01756	0.00616	1.82433	0.00283	0.00616
CAG	CAC	GC	-1.90539	0.07998	0.02663	1.90539	0.01190	0.02663
CAG	CAA	GA	-3.50776	0.42181	0.04570	3.50776	0.01264	0.04570
CGT	TGT	CT	2.69479	0.00378	0.01094	-2.69479	0.05602	0.01094
CGT	CTT	GT	-6.63788	0.00076	0.00001	6.63788	0.00000	0.00000
CGT	CCT	GC	2.11741	0.00348	0.00837	-2.11741	0.02890	0.00837
CGT	CAT	GA	-0.26690	0.01834	0.01600	0.26690	0.01404	0.01600
CGC	TGC	CT	1.71974	0.02933	0.06145	-1.71974	0.16376	0.06145
CGC	CTC	GT	1.73157	0.00592	0.01245	-1.73157	0.03343	0.01245
CGC	CCC	GC	0.21543	0.02695	0.02996	-0.21543	0.03343	0.02996
CGC	CAC	GA	-0.87951	0.14213	0.08867	0.87951	0.05898	0.08867
CGC	CGT	CT	-0.53155	0.02933	0.02222	0.53155	0.01724	0.02222
CGA	CTA	GT	-1.55104	0.00267	0.00112	1.55104	0.00057	0.00112
CGA	CCA	GC	-0.23396	0.01217	0.01080	0.23396	0.00963	0.01080
CGA	CAA	GA	-1.62503	0.06419	0.02557	1.62503	0.01264	0.02557
CGA	CGT	AT	0.32530	0.00267	0.00313	-0.32530	0.00370	0.00313
CGA	CGC	AC	0.85686	0.01217	0.01812	-0.85686	0.02867	0.01812
CGG	TGG	CT	2.67110	0.02176	0.06245	-2.67110	0.31460	0.06245
CGG	CTG	GT	2.61596	0.00439	0.01239	-2.61596	0.06006	0.01239
CGG	CCG	GC	-1.54871	0.01999	0.00836	1.54871	0.00425	0.00836
CGG	CAG	GA	0.20310	0.10545	0.11652	-0.20310	0.12920	0.11652
CGG	CGT	GT	-1.35433	0.00439	0.00207	1.35433	0.00113	0.00207
CGG	CGC	GC	-0.82277	0.01999	0.01288	0.82277	0.00878	0.01288
CGG	CGA	GA	-1.67963	0.10545	0.04059	1.67963	0.01966	0.04059
ATT	TTT	AT	3.03335	0.00134	0.00426	-3.03335	0.02775	0.00426
ATT	CTT	AC	-7.53044	0.00609	0.00002	7.53044	0.00000	0.00000
ATC	TTC	AT	2.07706	0.01298	0.03082	-2.07706	0.10359	0.03082
ATC	CTC	AC	0.61310	0.05911	0.07908	-0.61310	0.10913	0.07908
ATC	ATT	CT	-0.75746	0.06434	0.04302	0.75746	0.03017	0.04302
ATA	TTA	AT	-5.45469	0.00076	0.00002	5.45469	0.00000	0.00000
ATA	CTA	AC	-0.63122	0.00348	0.00249	0.63122	0.00185	0.00249
ATA	ATT	AT	2.13768	0.00076	0.00185	-2.13768	0.00647	0.00185
ATA	ATC	AC	2.89514	0.00348	0.01066	-2.89514	0.06289	0.01066
ATG	TTG	AT	-2.14763	0.03168	0.00900	2.14763	0.00370	0.00900
ATG	CTG	AC	0.30652	0.14431	0.16755	-0.30652	0.19607	0.16755
ATG	ATT	GT	-2.77121	0.03168	0.00586	2.77121	0.00198	0.00586
ATG	ATC	GC	-2.01375	0.14431	0.04477	2.01375	0.01926	0.04477
ATG	ATA	GA	-4.90889	0.76109	0.02778	4.90889	0.00562	0.02778
ACT	TCT	AT	2.48093	0.00286	0.00775	-2.48093	0.03422	0.00775
ACT	CCT	AC	1.97885	0.01304	0.02994	-1.97885	0.09434	0.02994
ACT	ATT	CT	0.75400	0.01419	0.02021	-0.75400	0.03017	0.02021
ACC	TCC	AT	2.32097	0.00935	0.02407	-2.32097	0.09526	0.02407
ACC	CCC	AC	0.94079	0.04260	0.06573	-0.94079	0.10913	0.06573
ACC	ATC	CT	1.84383	0.04636	0.10155	-1.84383	0.29305	0.10155
ACC	ACT	CT	0.33237	0.04636	0.05450	-0.33237	0.06464	0.05450
ACA	TCA	AT	0.88492	0.00038	0.00058	-0.88492	0.00092	0.00058
ACA	CCA	AC	2.89514	0.00174	0.00533	-2.89514	0.03145	0.00533
ACA	ATA	CT	2.20929	0.00189	0.00470	-2.20929	0.01724	0.00470
ACA	ACT	AT	3.59297	0.00038	0.00141	-3.59297	0.01387	0.00141
ACA	ACC	AC	3.26060	0.00174	0.00590	-3.26060	0.04532	0.00590
ACG	TCG	AT	-2.67043	0.01336	0.00265	2.67043	0.00092	0.00265
ACG	CCG	AC	-1.47852	0.06085	0.02657	1.47852	0.01387	0.02657
ACG	ATG	CT	2.37963	0.06623	0.17369	-2.37963	0.71539	0.17369
ACG	ACT	GT	-1.14557	0.01336	0.00714	1.14557	0.00425	0.00714
ACG	ACC	GC	-1.47794	0.06085	0.02658	1.47794	0.01388	0.02658
ACG	ACA	GA	-4.73854	0.32094	0.01343	4.73854	0.00281	0.01343
AAT	TAT	AT	-6.55330	0.00229	0.00002	6.55330	0.00000	0.00000
AAT	CAT	AC	-0.12040	0.01043	0.00982	0.12040	0.00925	0.00982
AAT	ATT	AT	1.03907	0.00229	0.00368	-1.03907	0.00647	0.00368
AAT	ACT	AC	0.28507	0.01043	0.01199	-0.28507	0.01387	0.01199
AAC	TAC	AT	1.78286	0.01260	0.02700	-1.78286	0.07491	0.02700
AAC	CAC	AC	-0.39006	0.05738	0.04691	0.39006	0.03884	0.04691
AAC	ATC	AT	1.60792	0.01260	0.02533	-1.60792	0.06289	0.02533
AAC	ACC	AC	-0.23591	0.05738	0.05087	0.23591	0.04532	0.05087
AAC	AAT	CT	-0.18861	0.06245	0.05675	0.18861	0.05172	0.05675
AAA	CAA	AC	-0.51344	0.01391	0.01064	0.51344	0.00832	0.01064
AAA	ATA	AT	0.19177	0.00305	0.00336	-0.19177	0.00370	0.00336
AAA	ACA	AC	-2.01752	0.01391	0.00430	2.01752	0.00185	0.00430
AAA	AAT	AT	1.29038	0.00305	0.00544	-1.29038	0.01110	0.00544
AAA	AAC	AC	1.47899	0.01391	0.02664	-1.47899	0.06104	0.02664
AAG	CAG	AC	-0.70959	0.17300	0.11882	0.70959	0.08509	0.11882
AAG	ATG	AT	1.39675	0.03798	0.07049	-1.39675	0.15353	0.07049
AAG	ACG	AC	-0.98288	0.17300	0.10169	0.98288	0.06474	0.10169
AAG	AAT	GT	-2.41353	0.03798	0.00901	2.41353	0.00340	0.00901
AAG	AAC	GC	-2.22492	0.17300	0.04664	2.22492	0.01870	0.04664
AAG	AAA	GA	-3.70391	0.91240	0.08533	3.70391	0.02247	0.08533
AGT	TGT	AT	0.29287	0.00897	0.01035	-0.29287	0.01202	0.01035
AGT	CGT	AC	-2.40193	0.04086	0.00977	2.40193	0.00370	0.00977
AGT	ATT	GT	-1.50937	0.00897	0.00384	1.50937	0.00198	0.00384
AGT	ACT	GC	-2.26336	0.04086	0.01073	2.26336	0.00425	0.01073
AGT	AAT	GA	-2.54843	0.21549	0.04659	2.54843	0.01685	0.04659
AGC	TGC	AT	1.24536	0.01012	0.01769	-1.24536	0.03514	0.01769
AGC	CGC	AC	-0.47438	0.04607	0.03601	0.47438	0.02867	0.03601
AGC	ATC	GT	0.64409	0.01012	0.01372	-0.64409	0.01926	0.01372
AGC	ACC	GC	-1.19974	0.04607	0.02383	1.19974	0.01388	0.02383
AGC	AAC	GA	-0.96383	0.24300	0.14442	0.96383	0.09269	0.14442
AGC	AGT	CT	1.39599	0.05015	0.09304	-1.39599	0.20255	0.09304
AGA	CGA	AC	-0.13223	0.01478	0.01382	0.13223	0.01295	0.01382
AGA	ATA	GT	-1.05205	0.00324	0.00183	1.05205	0.00113	0.00183
AGA	ACA	GC	-3.26133	0.01478	0.00192	3.26133	0.00057	0.00192
AGA	AAA	GA	-1.24382	0.07794	0.03927	1.24382	0.02247	0.03927
AGA	AGT	AT	2.59500	0.00324	0.00910	-2.59500	0.04347	0.00910
AGA	AGC	AC	1.19900	0.01478	0.02537	-1.19900	0.04902	0.02537
AGG	TGG	AT	2.31318	0.00668	0.01715	-2.31318	0.06752	0.01715
AGG	CGG	AC	-0.35793	0.03043	0.02531	0.35793	0.02127	0.02531
AGG	ATG	GT	1.95151	0.00668	0.01520	-1.95151	0.04703	0.01520
AGG	ACG	GC	-0.42812	0.03043	0.02438	0.42812	0.01983	0.02438
AGG	AAG	GA	0.55476	0.16047	0.20908	-0.55476	0.27947	0.20908
AGG	AGT	GT	0.68967	0.00668	0.00925	-0.68967	0.01331	0.00925
AGG	AGC	GC	-0.70632	0.03043	0.02094	0.70632	0.01501	0.02094
AGG	AGA	GA	-1.90533	0.16047	0.05344	1.90533	0.02387	0.05344
GTT	TTT	GT	9.44253	0.00000	0.00000	-9.44253	0.00850	0.00001
GTT	CTT	GC	-1.12127	0.00000	0.00000	1.12127	0.00000	0.00000
GTT	ATT	GA	6.40917	0.00000	0.00000	-6.40917	0.00983	0.00010
GTC	TTC	GT	1.58701	0.00649	0.01295	-1.58701	0.03173	0.01295
GTC	CTC	GC	0.12306	0.02956	0.03141	-0.12306	0.03343	0.03141
GTC	ATC	GA	-0.49005	0.15589	0.12080	0.49005	0.09550	0.12080
GTC	GTT	CT	-7.65668	0.03217	0.00012	7.65668	0.00000	0.00000
GTA	TTA	GT	0.39487	0.00000	0.00000	-0.39487	0.00000	0.00000
GTA	CTA	GC	5.21834	0.00000	0.00000	-5.21834	0.00057	0.00002
GTA	ATA	GA	5.84956	0.00000	0.00000	-5.84956	0.00562	0.00009
GTA	GTT	AT	1.57806	0.00000	0.00000	-1.57806	0.00000	0.00000
GTA	GTC	AC	9.23474	0.00000	0.00000	-9.23474	0.03145	0.00003
GTG	TTG	GT	-2.98952	0.02252	0.00357	2.98952	0.00113	0.00357
GTG	CTG	GC	-0.53537	0.10258	0.07756	0.53537	0.06006	0.07756
GTG	ATG	GA	-0.84189	0.54102	0.34486	0.84189	0.23312	0.34486
GTG	GTT	GT	-10.02227	0.02252	0.00001	10.02227	0.00000	0.00000
GTG	GTC	GC	-2.36559	0.10258	0.02515	2.36559	0.00963	0.02515
GTG	GTA	GA	-11.60034	0.54102	0.00006	11.60034	0.00000	0.00000
GCT	TCT	GT	0.57180	0.00592	0.00777	-0.57180	0.01048	0.00777
GCT	CCT	GC	0.06972	0.02695	0.02790	-0.06972	0.02890	0.02790
GCT	ACT	GA	-1.90913	0.14213	0.04721	1.90913	0.02107	0.04721
GCT	GTT	CT	-7.56431	0.02933	0.00012	7.56431	0.00000	0.00000
GCC	TCC	GT	-0.15779	0.03417	0.03154	0.15779	0.02918	0.03154
GCC	CCC	GC	-1.53797	0.15561	0.06548	1.53797	0.03343	0.06548
GCC	ACC	GA	-2.47876	0.82070	0.18618	2.47876	0.06881	0.18618
GCC	GTC	CT	-0.14489	0.16937	0.15740	0.14489	0.14653	0.15740
GCC	GCT	CT	-0.23726	0.16937	0.15007	0.23726	0.13360	0.15007
GCA	TCA	GT	-0.29828	0.00038	0.00033	0.29828	0.00028	0.00033
GCA	CCA	GC	1.71195	0.00174	0.00363	-1.71195	0.00963	0.00363
GCA	ACA	GA	-1.18319	0.00917	0.00479	1.18319	0.00281	0.00479
GCA	GTA	CT	-4.82347	0.00189	0.00007	4.82347	0.00000	0.00000
GCA	GCT	AT	4.31890	0.00038	0.00167	-4.31890	0.02867	0.00167
GCA	GCC	AC	4.55616	0.00174	0.00801	-4.55616	0.16555	0.00801
GCG	TCG	GT	-4.29648	0.02080	0.00123	4.29648	0.00028	0.00123
GCG	CCG	GC	-3.10456	0.09476	0.01381	3.10456	0.00425	0.01381
GCG	ACG	GA	-1.62605	0.49975	0.19899	1.62605	0.09830	0.19899
GCG	GTG	CT	1.59548	0.10314	0.20642	-1.59548	0.50853	0.20642
GCG	GCT	GT	-0.86249	0.02080	0.01311	0.86249	0.00878	0.01311
GCG	GCC	GC	-0.62523	0.09476	0.06820	0.62523	0.05071	0.06820
GCG	GCA	GA	-5.18139	0.49975	0.01464	5.18139	0.00281	0.01464
GAT	TAT	GT	-8.14196	0.00344	0.00001	8.14196	0.00000	0.00000
GAT	CAT	GC	-1.70905	0.01565	0.00591	1.70905	0.00283	0.00591
GAT	AAT	GA	-1.58866	0.08253	0.03364	1.58866	0.01685	0.03364
GAT	GTT	AT	-6.95876	0.00344	0.00002	6.95876	0.00000	0.00000
GAT	GCT	AC	0.60554	0.01565	0.02086	-0.60554	0.02867	0.02086
GAC	TAC	GT	-0.41469	0.03474	0.02803	0.41469	0.02295	0.02803
GAC	CAC	GC	-2.58760	0.15822	0.03329	2.58760	0.01190	0.03329
GAC	AAC	GA	-2.19755	0.83445	0.22914	2.19755	0.09269	0.22914
GAC	GTC	AT	-0.09958	0.03474	0.03304	0.09958	0.03145	0.03304
GAC	GCC	AC	0.04531	0.15822	0.16183	-0.04531	0.16555	0.16183
GAC	GAT	CT	-0.79750	0.17221	0.11257	0.79750	0.07757	0.11257
GAA	CAA	GC	-1.91977	0.01739	0.00574	1.91977	0.00255	0.00574
GAA	AAA	GA	-1.40634	0.09170	0.04186	1.40634	0.02247	0.04186
GAA	GTA	AT	-7.06412	0.00382	0.00002	7.06412	0.00000	0.00000
GAA	GCA	AC	-2.24066	0.01739	0.00464	2.24066	0.00185	0.00464
GAA	GAT	AT	1.47270	0.00382	0.00729	-1.47270	0.01665	0.00729
GAA	GAC	AC	2.27020	0.01739	0.04402	-2.27020	0.16833	0.04402
GAG	CAG	GC	-2.48001	0.31122	0.07054	2.48001	0.02606	0.07054
GAG	AAG	GA	-1.77042	1.64140	0.59630	1.77042	0.27947	0.59630
GAG	GTG	AT	0.46822	0.06833	0.08557	-0.46822	0.10913	0.08557
GAG	GCG	AC	-1.12726	0.31122	0.16809	1.12726	0.10081	0.16809
GAG	GAT	GT	-2.59529	0.06833	0.01430	2.59529	0.00510	0.01430
GAG	GAC	GC	-1.79779	0.31122	0.11110	1.79779	0.05156	0.11110
GAG	GAA	GA	-4.06799	1.64140	0.11625	4.06799	0.02809	0.11625
GGT	TGT	GT	0.12661	0.00324	0.00345	-0.12661	0.00368	0.00345
GGT	CGT	GC	-2.56819	0.01478	0.00315	2.56819	0.00113	0.00315
GGT	AGT	GA	-0.16626	0.07794	0.07164	0.16626	0.06600	0.07164
GGT	GTT	GT	-8.08480	0.00324	0.00001	8.08480	0.00000	0.00000
GGT	GCT	GC	-0.52049	0.01478	0.01126	0.52049	0.00878	0.01126
GGT	GAT	GA	-1.12604	0.07794	0.04213	1.12604	0.02528	0.04213
GGC	TGC	GT	-0.88020	0.02596	0.01619	0.88020	0.01076	0.01619
GGC	CGC	GC	-2.59993	0.11823	0.02466	2.59993	0.00878	0.02466
GGC	AGC	GA	-2.12556	0.62355	0.17965	2.12556	0.07443	0.17965
GGC	GTC	GT	-0.99142	0.02596	0.01518	0.99142	0.00963	0.01518
GGC	GCC	GC	-0.84654	0.11823	0.07516	0.84654	0.05071	0.07516
GGC	GAC	GA	-0.89184	0.62355	0.38629	0.89184	0.25559	0.38629
GGC	GGT	CT	-0.56330	0.12868	0.09582	0.56330	0.07326	0.09582
GGA	CGA	GC	-1.84951	0.02521	0.00870	1.84951	0.00397	0.00870
GGA	AGA	GA	-1.71728	0.13296	0.04997	1.71728	0.02387	0.04997
GGA	GTA	GT	-8.61888	0.00554	0.00001	8.61888	0.00000	0.00000
GGA	GCA	GC	-3.79542	0.02521	0.00220	3.79542	0.00057	0.00220
GGA	GAA	GA	-1.55476	0.13296	0.05536	1.55476	0.02809	0.05536
GGA	GGT	AT	1.04398	0.00554	0.00892	-1.04398	0.01572	0.00892
GGA	GGC	AC	1.60729	0.02521	0.05068	-1.60729	0.12578	0.05068
GGG	TGG	GT	-0.33855	0.02901	0.02438	0.33855	0.02068	0.02438
GGG	CGG	GC	-3.00965	0.13214	0.02063	3.00965	0.00652	0.02063
GGG	AGG	GA	-2.65173	0.69691	0.14023	2.65173	0.04915	0.14023
GGG	GTG	GT	0.14168	0.02901	0.03112	-0.14168	0.03343	0.03112
GGG	GCG	GC	-1.45380	0.13214	0.05858	1.45380	0.03088	0.05858
GGG	GAG	GA	-0.32654	0.69691	0.58930	0.32654	0.50276	0.58930
GGG	GGT	GT	-1.79580	0.02901	0.01037	1.79580	0.00482	0.01037
GGG	GGC	GC	-1.23249	0.13214	0.06703	1.23249	0.03853	0.06703
GGG	GGA	GA	-2.83978	0.69691	0.12283	2.83978	0.04073	0.12283


Histograms
2Ns	FMut	FSub(CodonUsage)	FSubw(after w)

-11.04794	0.01866	0.00000
-9.94314	0.00473	0.00000
-8.83835	0.00867	0.00002
-7.73356	0.00226	0.00001
-6.62876	0.00077	0.00001
-5.52397	0.03839	0.00143
-4.41918	0.09918	0.01023
-3.31438	0.06283	0.01425
-2.20959	0.27236	0.13424
-1.10479	0.22922	0.20696
0.00000	0.15521	0.26574
1.10479	0.07143	0.20696
2.20959	0.03231	0.13424
3.31438	0.00247	0.01425
4.41918	0.00136	0.01022
5.52397	0.00015	0.00143
6.62876	0.00000	0.00000
7.73356	0.00000	0.00000
8.83835	0.00000	0.00000
9.94314	0.00000	0.00000
11.04794	0.00000	0.00000

Proportion of advantageous (S > 0) mutations:
 0.17366

Proportions of good & bad mutations (|S| > 2.0000) among mutations:
0.02072  0.41445

mean |Ns| = 2.29453	mean Ns+ = 1.03615	mean Ns- = -2.55898


MLEs of dN/dS (w) for site classes (K=4)

site class             0        1       2a       2b
proportion       0.75154  0.23430  0.01079  0.00336
background w     0.13836  1.00000  0.13836  1.00000
foreground w     0.13836  1.00000 36.23955 36.23955

Naive Empirical Bayes (NEB) probabilities for 4 classes
(amino acids refer to 1st sequence: Egla)

   1 M   0.14214 0.84864 0.00449 0.00473 ( 2)
   2 V   0.15744 0.83621 0.00329 0.00306 ( 2)
   3 S   0.89779 0.10188 0.00029 0.00004 ( 1)
   4 L   0.50048 0.46937 0.02608 0.00406 ( 1)
   5 P   0.53036 0.44668 0.02008 0.00288 ( 1)
   6 W   0.40619 0.59261 0.00047 0.00073 ( 2)
   7 P   0.80638 0.18464 0.00728 0.00169 ( 1)
   8 H   0.92744 0.07107 0.00138 0.00011 ( 1)
   9 W   0.80326 0.18833 0.00679 0.00162 ( 1)
  10 L   0.79880 0.19225 0.00719 0.00175 ( 1)
  11 S   0.87712 0.11911 0.00330 0.00047 ( 1)
  12 S   0.89388 0.10431 0.00161 0.00020 ( 1)
  13 A   0.84376 0.15074 0.00465 0.00085 ( 1)
  14 A   0.84433 0.14984 0.00493 0.00090 ( 1)
  15 P   0.38913 0.60082 0.00392 0.00613 ( 2)
  16 L   0.79880 0.19225 0.00719 0.00175 ( 1)
  17 H   0.61554 0.38294 0.00091 0.00061 ( 1)
  18 S   0.88013 0.11600 0.00340 0.00047 ( 1)
  19 H   0.92744 0.07107 0.00138 0.00011 ( 1)
  20 M   0.48295 0.51373 0.00156 0.00176 ( 2)
  21 A   0.84375 0.15075 0.00465 0.00085 ( 1)
  22 G   0.48549 0.50998 0.00217 0.00237 ( 2)
  23 L   0.79880 0.19225 0.00719 0.00175 ( 1)
  24 P   0.87571 0.12040 0.00341 0.00049 ( 1)
  25 L   0.79880 0.19225 0.00719 0.00175 ( 1)
  26 P   0.80638 0.18464 0.00728 0.00169 ( 1)
  27 R   0.83527 0.15868 0.00506 0.00099 ( 1)
  28 A   0.51261 0.48330 0.00207 0.00203 ( 1)
  29 P   0.93220 0.06683 0.00090 0.00007 ( 1)
  30 S   0.87712 0.11911 0.00330 0.00047 ( 1)
  31 P   0.80910 0.18192 0.00731 0.00167 ( 1)
  32 L   0.83352 0.15754 0.00751 0.00144 ( 1)
  33 S   0.84073 0.15281 0.00544 0.00102 ( 1)
  34 G   0.48601 0.50946 0.00217 0.00236 ( 2)
  35 L   0.86564 0.12989 0.00387 0.00060 ( 1)
  36 A   0.88360 0.11302 0.00298 0.00040 ( 1)
  37 E   0.46668 0.52753 0.00267 0.00312 ( 2)
  38 P   0.85540 0.13563 0.00773 0.00124 ( 1)
  39 C   0.91225 0.08567 0.00189 0.00019 ( 1)
  40 S   0.87977 0.11636 0.00340 0.00047 ( 1)
  41 P   0.87571 0.12040 0.00341 0.00049 ( 1)
  42 L   0.47700 0.51846 0.00213 0.00240 ( 2)
  43 T   0.13105 0.86493 0.00051 0.00351 ( 2)
  44 T   0.92680 0.07170 0.00139 0.00012 ( 1)
  45 H   0.54735 0.45015 0.00135 0.00116 ( 1)
  46 P   0.49796 0.49808 0.00194 0.00202 ( 2)
  47 C   0.45792 0.53703 0.00229 0.00276 ( 2)
  48 A   0.84778 0.14639 0.00495 0.00088 ( 1)
  49 A   0.84433 0.14984 0.00493 0.00090 ( 1)
  50 W   0.80326 0.18833 0.00679 0.00162 ( 1)
  51 P   0.79450 0.19134 0.01141 0.00275 ( 1)
  52 Q   0.88732 0.09852 0.01274 0.00141 ( 1)
  53 A   0.82590 0.15994 0.01186 0.00230 ( 1)
  54 C   0.88488 0.10096 0.01271 0.00145 ( 1)
  55 S   0.85608 0.12976 0.01229 0.00186 ( 1)
  56 G   0.85511 0.13073 0.01228 0.00188 ( 1)
  57 L   0.78806 0.19779 0.01132 0.00284 ( 1)
  58 G   0.85511 0.13073 0.01228 0.00188 ( 1)
  59 P   0.82125 0.16977 0.00742 0.00156 ( 1)
  60 P   0.79772 0.19229 0.00803 0.00196 ( 1)
  61 A   0.84433 0.14984 0.00493 0.00090 ( 1)
  62 S   0.87712 0.11911 0.00330 0.00047 ( 1)
  63 P   0.87119 0.12491 0.00339 0.00051 ( 1)
  64 G   0.45339 0.53982 0.00306 0.00373 ( 2)
  65 L   0.79880 0.19225 0.00719 0.00175 ( 1)
  66 R   0.95402 0.04522 0.00072 0.00004 ( 1)
  67 G   0.90865 0.08875 0.00235 0.00024 ( 1)
  68 G   0.87054 0.12413 0.00453 0.00080 ( 1)
  69 G   0.89716 0.10217 0.00060 0.00008 ( 1)
  70 A   0.35323 0.48170 0.13722 0.02784 ( 2)
  71 P   0.82762 0.16921 0.00260 0.00058 ( 1)
  72 G   0.90931 0.09027 0.00038 0.00005 ( 1)
  73 E   0.15031 0.84736 0.00029 0.00204 ( 2)
  74 P   0.09478 0.86485 0.01646 0.02391 ( 2)
  75 G   0.91327 0.08605 0.00061 0.00007 ( 1)
  76 P   0.91536 0.08426 0.00034 0.00004 ( 1)
  77 V   0.00004 0.61649 0.00118 0.38230 ( 2)
  78 S   0.00107 0.00555 0.90539 0.08799 ( 3)
  79 P   0.83880 0.15774 0.00285 0.00061 ( 1)
  80 Q   0.02631 0.97174 0.00026 0.00170 ( 2)
  81 T   0.94377 0.05614 0.00009 0.00001 ( 1)
  82 E   0.89439 0.10447 0.00100 0.00014 ( 1)
  83 R   0.73148 0.26848 0.00002 0.00001 ( 1)
  84 L   0.82220 0.17568 0.00172 0.00039 ( 1)
  85 T   0.95119 0.04871 0.00009 0.00001 ( 1)
  86 A   0.92131 0.07847 0.00020 0.00002 ( 1)
  87 E   0.89822 0.10064 0.00101 0.00014 ( 1)
  88 Q   0.89538 0.10438 0.00021 0.00003 ( 1)
  89 I   0.64323 0.35664 0.00008 0.00005 ( 1)
  90 K   0.14276 0.85592 0.00016 0.00116 ( 2)
  91 E   0.54188 0.45690 0.00061 0.00061 ( 1)
  92 Y   0.90543 0.09432 0.00022 0.00003 ( 1)
  93 K   0.15553 0.84398 0.00006 0.00043 ( 2)
  94 G   0.91492 0.08472 0.00032 0.00004 ( 1)
  95 V   0.97254 0.02743 0.00002 0.00000 ( 1)
  96 S   0.43371 0.56507 0.00050 0.00072 ( 2)
  97 E   0.89439 0.10447 0.00100 0.00014 ( 1)
  98 M   0.90867 0.09087 0.00041 0.00005 ( 1)
  99 F   0.84555 0.15328 0.00097 0.00019 ( 1)
 100 D   0.93059 0.06931 0.00010 0.00001 ( 1)
 101 E   0.89558 0.10328 0.00101 0.00014 ( 1)
 102 E   0.47931 0.39785 0.10795 0.01489 ( 1)
 103 G   0.90781 0.09177 0.00038 0.00005 ( 1)
 104 N   0.95969 0.04025 0.00005 0.00000 ( 1)
 105 G   0.91798 0.08166 0.00032 0.00004 ( 1)
 106 A   0.92248 0.07729 0.00020 0.00002 ( 1)
 107 V   0.92875 0.07101 0.00022 0.00002 ( 1)
 108 K   0.64030 0.35925 0.00026 0.00018 ( 1)
 109 T   0.94485 0.05505 0.00009 0.00001 ( 1)
 110 D   0.91676 0.08281 0.00039 0.00004 ( 1)
 111 E   0.89558 0.10328 0.00101 0.00014 ( 1)
 112 L   0.82145 0.17644 0.00172 0.00040 ( 1)
 113 E   0.89558 0.10328 0.00101 0.00014 ( 1)
 114 R   0.96376 0.03621 0.00003 0.00000 ( 1)
 115 L   0.90371 0.09583 0.00041 0.00005 ( 1)
 116 M   0.16463 0.83483 0.00007 0.00046 ( 2)
 117 S   0.88194 0.11719 0.00075 0.00011 ( 1)
 118 L   0.82288 0.17500 0.00172 0.00039 ( 1)
 119 R   0.10329 0.89616 0.00005 0.00050 ( 2)
 120 G   0.91046 0.08912 0.00038 0.00005 ( 1)
 121 T   0.63621 0.36366 0.00007 0.00005 ( 1)
 122 N   0.95969 0.04025 0.00005 0.00000 ( 1)
 123 P   0.91436 0.08526 0.00034 0.00004 ( 1)
 124 A   0.76972 0.23023 0.00004 0.00002 ( 1)
 125 K   0.91915 0.08044 0.00037 0.00004 ( 1)
 126 S   0.74993 0.25001 0.00004 0.00002 ( 1)
 127 E   0.52814 0.43129 0.03566 0.00492 ( 1)
 128 L   0.82288 0.17500 0.00172 0.00039 ( 1)
 129 A   0.88012 0.11552 0.00376 0.00059 ( 1)
 130 S   0.91590 0.08377 0.00030 0.00003 ( 1)
 131 -   0.90261 0.09693 0.00041 0.00005 ( 1)
 132 -   0.51494 0.48428 0.00037 0.00041 ( 1)
 133 -   0.91305 0.08654 0.00037 0.00004 ( 1)
 134 D   0.60734 0.39219 0.00026 0.00021 ( 1)
 135 V   0.92875 0.07101 0.00022 0.00002 ( 1)
 136 D   0.91676 0.08281 0.00039 0.00004 ( 1)
 137 R   0.68494 0.31498 0.00005 0.00003 ( 1)
 138 E   0.16395 0.83555 0.00007 0.00044 ( 2)
 139 K   0.90653 0.09306 0.00037 0.00005 ( 1)
 140 K   0.73004 0.26991 0.00003 0.00002 ( 1)
 141 G   0.60365 0.39597 0.00021 0.00017 ( 1)
 142 F   0.89718 0.10233 0.00044 0.00006 ( 1)
 143 F   0.89718 0.10233 0.00044 0.00006 ( 1)
 144 N   0.96011 0.03976 0.00012 0.00001 ( 1)
 145 C   0.70350 0.29638 0.00008 0.00004 ( 1)
 146 K   0.16838 0.83112 0.00007 0.00044 ( 2)
 147 G   0.72000 0.27994 0.00004 0.00002 ( 1)
 148 F   0.89718 0.10233 0.00044 0.00006 ( 1)
 149 L   0.82288 0.17500 0.00172 0.00039 ( 1)
 150 A   0.92293 0.07684 0.00020 0.00002 ( 1)
 151 R   0.39390 0.60392 0.00082 0.00135 ( 2)
 152 M   0.58908 0.41043 0.00027 0.00023 ( 1)
 153 G   0.91974 0.07990 0.00032 0.00003 ( 1)
 154 V   0.93234 0.06741 0.00022 0.00002 ( 1)
 155 Y   0.57939 0.42034 0.00014 0.00013 ( 1)
 156 W   0.83149 0.16735 0.00095 0.00021 ( 1)
 157 E   0.89921 0.09965 0.00101 0.00013 ( 1)
 158 K   0.91863 0.07985 0.00137 0.00014 ( 1)
 159 A   0.87910 0.11910 0.00156 0.00024 ( 1)
 160 Q   0.89656 0.10268 0.00067 0.00009 ( 1)
 161 N   0.95970 0.03982 0.00046 0.00003 ( 1)
 162 Q   0.89656 0.10268 0.00067 0.00009 ( 1)
 163 E   0.89454 0.10261 0.00252 0.00033 ( 1)
 164 S   0.50185 0.49615 0.00095 0.00105 ( 1)
 165 E   0.89454 0.10261 0.00252 0.00033 ( 1)
 166 L   0.90330 0.09524 0.00130 0.00016 ( 1)
 167 R   0.98110 0.01862 0.00027 0.00001 ( 1)
 168 A   0.92231 0.07674 0.00087 0.00009 ( 1)
 169 A   0.87910 0.11910 0.00156 0.00024 ( 1)
 170 F   0.54801 0.45040 0.00081 0.00077 ( 1)
 171 R   0.95193 0.04779 0.00026 0.00002 ( 1)
 172 I   0.92539 0.07405 0.00051 0.00005 ( 1)
 173 F   0.89677 0.10173 0.00133 0.00017 ( 1)
 174 D   0.91630 0.08222 0.00134 0.00014 ( 1)
 175 K   0.91744 0.08104 0.00137 0.00015 ( 1)
 176 E   0.89454 0.10261 0.00252 0.00033 ( 1)
 177 G   0.16606 0.83241 0.00022 0.00130 ( 2)
 178 K   0.91863 0.07985 0.00137 0.00014 ( 1)
 179 G   0.91118 0.08747 0.00121 0.00014 ( 1)
 180 Y   0.90658 0.09258 0.00075 0.00009 ( 1)
 181 I   0.92302 0.07642 0.00051 0.00005 ( 1)
 182 D   0.91630 0.08222 0.00134 0.00014 ( 1)
 183 W   0.83149 0.16735 0.00095 0.00021 ( 1)
 184 G   0.17084 0.79927 0.01655 0.01335 ( 2)
 185 T   0.24006 0.70724 0.03419 0.01851 ( 2)
 186 L   0.01737 0.09418 0.79079 0.09766 ( 3)
 187 T   0.18572 0.80043 0.00785 0.00600 ( 2)
 188 Y   0.91028 0.08947 0.00022 0.00003 ( 1)
 189 V   0.93234 0.06741 0.00022 0.00002 ( 1)
 190 L   0.91485 0.08469 0.00041 0.00005 ( 1)
 191 T   0.02631 0.97305 0.00001 0.00062 ( 2)
 192 H   0.07839 0.92156 0.00000 0.00005 ( 2)
 193 A   0.92612 0.07366 0.00020 0.00002 ( 1)
 194 G   0.91148 0.08810 0.00038 0.00004 ( 1)
 195 E   0.89921 0.09965 0.00101 0.00013 ( 1)
 196 P   0.91802 0.08160 0.00034 0.00004 ( 1)
 197 L   0.90735 0.09219 0.00041 0.00005 ( 1)
 198 S   0.95704 0.04290 0.00005 0.00000 ( 1)
 199 E   0.89921 0.09965 0.00101 0.00013 ( 1)
 200 V   0.43860 0.55923 0.00092 0.00125 ( 2)
 201 E   0.89921 0.09965 0.00101 0.00013 ( 1)
 202 A   0.88301 0.11625 0.00064 0.00010 ( 1)
 203 E   0.55247 0.44631 0.00062 0.00060 ( 1)
 204 Q   0.56642 0.43327 0.00016 0.00015 ( 1)
 205 M   0.91235 0.08719 0.00041 0.00005 ( 1)
 206 M   0.91235 0.08719 0.00041 0.00005 ( 1)
 207 K   0.62019 0.37931 0.00028 0.00022 ( 1)
 208 E   0.95226 0.04767 0.00007 0.00000 ( 1)
 209 A   0.88301 0.11625 0.00064 0.00010 ( 1)
 210 D   0.61451 0.38503 0.00026 0.00020 ( 1)
 211 K   0.92281 0.07677 0.00037 0.00004 ( 1)
 212 D   0.64144 0.35844 0.00007 0.00005 ( 1)
 213 G   0.92165 0.07800 0.00032 0.00003 ( 1)
 214 D   0.61894 0.38037 0.00039 0.00030 ( 1)
 215 G   0.62213 0.37749 0.00022 0.00016 ( 1)
 216 T   0.96461 0.03534 0.00005 0.00000 ( 1)
 217 I   0.94258 0.05742 0.00000 0.00000 ( 1)
 218 D   0.92043 0.07914 0.00039 0.00004 ( 1)
 219 H   0.59099 0.40874 0.00015 0.00012 ( 1)
 220 E   0.89551 0.10334 0.00101 0.00014 ( 1)
 221 E   0.88346 0.11539 0.00099 0.00015 ( 1)
 222 F   0.88495 0.11455 0.00043 0.00007 ( 1)
 223 V   0.91615 0.08360 0.00022 0.00003 ( 1)
 224 A   0.86817 0.13109 0.00063 0.00011 ( 1)
 225 M   0.89617 0.10337 0.00041 0.00006 ( 1)
 226 M   0.89617 0.10337 0.00041 0.00006 ( 1)
 227 T   0.94380 0.05612 0.00007 0.00001 ( 1)
 228 G   0.90535 0.09429 0.00031 0.00004 ( 1)
 229 E   0.88346 0.11539 0.00099 0.00015 ( 1)
 230 S   0.90326 0.09641 0.00029 0.00004 ( 1)
 231 F   0.88495 0.11455 0.00043 0.00007 ( 1)
 232 K   0.90653 0.09306 0.00037 0.00005 ( 1)
 233 L   0.82556 0.17232 0.00173 0.00039 ( 1)
 234 V   0.97571 0.02427 0.00002 0.00000 ( 1)
 235 Q   0.00901 0.99071 0.00000 0.00028 ( 2)


lnL = -1775.378679

Bayes Empirical Bayes (BEB) probabilities for 4 classes (class)
(amino acids refer to 1st sequence: Egla)

   1 M   0.17037 0.72098 0.05809 0.05057 ( 2)
   2 V   0.18454 0.70636 0.06136 0.04773 ( 2)
   3 S   0.88914 0.09957 0.00993 0.00136 ( 1)
   4 L   0.40584 0.35447 0.20826 0.03144 ( 1)
   5 P   0.43409 0.34392 0.19481 0.02718 ( 1)
   6 W   0.42437 0.54991 0.01087 0.01485 ( 2)
   7 P   0.78650 0.17558 0.03100 0.00692 ( 1)
   8 H   0.90607 0.06883 0.02324 0.00186 ( 1)
   9 W   0.78302 0.17888 0.03102 0.00708 ( 1)
  10 L   0.77896 0.18256 0.03119 0.00729 ( 1)
  11 S   0.85464 0.11428 0.02733 0.00375 ( 1)
  12 S   0.87334 0.10056 0.02328 0.00282 ( 1)
  13 A   0.82168 0.14388 0.02925 0.00519 ( 1)
  14 A   0.82244 0.14307 0.02932 0.00517 ( 1)
  15 P   0.40669 0.55434 0.01654 0.02242 ( 2)
  16 L   0.77896 0.18256 0.03119 0.00729 ( 1)
  17 H   0.60626 0.36809 0.01566 0.00999 ( 1)
  18 S   0.85786 0.11138 0.02713 0.00362 ( 1)
  19 H   0.90607 0.06883 0.02324 0.00186 ( 1)
  20 M   0.48988 0.47980 0.01510 0.01522 ( 1)
  21 A   0.82167 0.14389 0.02925 0.00519 ( 1)
  22 G   0.49153 0.47602 0.01633 0.01612 ( 1)
  23 L   0.77896 0.18256 0.03119 0.00729 ( 1)
  24 P   0.85324 0.11549 0.02745 0.00381 ( 1)
  25 L   0.77896 0.18256 0.03119 0.00729 ( 1)
  26 P   0.78650 0.17558 0.03100 0.00692 ( 1)
  27 R   0.81347 0.15129 0.02968 0.00557 ( 1)
  28 A   0.51482 0.45290 0.01702 0.01526 ( 1)
  29 P   0.91096 0.06478 0.02256 0.00170 ( 1)
  30 S   0.85464 0.11428 0.02733 0.00375 ( 1)
  31 P   0.78904 0.17304 0.03110 0.00682 ( 1)
  32 L   0.81139 0.15015 0.03247 0.00600 ( 1)
  33 S   0.81920 0.14589 0.02958 0.00533 ( 1)
  34 G   0.49198 0.47557 0.01635 0.01610 ( 1)
  35 L   0.84329 0.12441 0.02807 0.00423 ( 1)
  36 A   0.86103 0.10854 0.02693 0.00350 ( 1)
  37 E   0.47519 0.49118 0.01641 0.01722 ( 2)
  38 P   0.83245 0.12966 0.03278 0.00511 ( 1)
  39 C   0.89021 0.08271 0.02468 0.00240 ( 1)
  40 S   0.85752 0.11173 0.02712 0.00363 ( 1)
  41 P   0.85324 0.11549 0.02745 0.00381 ( 1)
  42 L   0.48406 0.48320 0.01624 0.01649 ( 1)
  43 T   0.17470 0.79348 0.00564 0.02617 ( 2)
  44 T   0.90544 0.06944 0.02324 0.00188 ( 1)
  45 H   0.54532 0.42479 0.01659 0.01329 ( 1)
  46 P   0.50244 0.46584 0.01629 0.01543 ( 1)
  47 C   0.46676 0.49846 0.01675 0.01803 ( 2)
  48 A   0.82569 0.13983 0.02943 0.00505 ( 1)
  49 A   0.82244 0.14307 0.02932 0.00517 ( 1)
  50 W   0.78302 0.17888 0.03102 0.00708 ( 1)
  51 P   0.77565 0.18191 0.03447 0.00796 ( 1)
  52 Q   0.86294 0.09462 0.03830 0.00414 ( 1)
  53 A   0.80500 0.15256 0.03576 0.00668 ( 1)
  54 C   0.86062 0.09694 0.03820 0.00424 ( 1)
  55 S   0.83338 0.12418 0.03701 0.00543 ( 1)
  56 G   0.83246 0.12510 0.03696 0.00547 ( 1)
  57 L   0.76965 0.18791 0.03421 0.00823 ( 1)
  58 G   0.83246 0.12510 0.03696 0.00547 ( 1)
  59 P   0.80039 0.16170 0.03154 0.00637 ( 1)
  60 P   0.77849 0.18273 0.03142 0.00736 ( 1)
  61 A   0.82244 0.14307 0.02932 0.00517 ( 1)
  62 S   0.85464 0.11428 0.02733 0.00375 ( 1)
  63 P   0.84897 0.11976 0.02732 0.00395 ( 1)
  64 G   0.46290 0.50107 0.01727 0.01877 ( 2)
  65 L   0.77896 0.18256 0.03119 0.00729 ( 1)
  66 R   0.93490 0.04411 0.01997 0.00102 ( 1)
  67 G   0.88674 0.08565 0.02508 0.00253 ( 1)
  68 G   0.85971 0.12059 0.01682 0.00288 ( 1)
  69 G   0.88720 0.09970 0.01155 0.00155 ( 1)
  70 A   0.28426 0.34938 0.30671 0.05965 ( 2)
  71 P   0.81169 0.16218 0.02154 0.00459 ( 1)
  72 G   0.89878 0.08820 0.01165 0.00137 ( 1)
  73 E   0.19785 0.78513 0.00293 0.01409 ( 2)
  74 P   0.11660 0.71752 0.07651 0.08936 ( 2)
  75 G   0.90279 0.08414 0.01176 0.00131 ( 1)
  76 P   0.90589 0.08250 0.01045 0.00116 ( 1)
  77 V   0.00030 0.45943 0.00617 0.53411 ( 4)
  78 S   0.00886 0.03538 0.87224 0.08353 ( 3)
  79 P   0.82723 0.15229 0.01698 0.00350 ( 1)
  80 Q   0.05068 0.88750 0.01221 0.04960 ( 2)
  81 T   0.93742 0.05539 0.00667 0.00052 ( 1)
  82 E   0.88227 0.10167 0.01415 0.00191 ( 1)
  83 R   0.72133 0.27205 0.00440 0.00223 ( 1)
  84 L   0.80547 0.16804 0.02172 0.00477 ( 1)
  85 T   0.94471 0.04812 0.00672 0.00045 ( 1)
  86 A   0.91277 0.07697 0.00928 0.00097 ( 1)
  87 E   0.88597 0.09798 0.01421 0.00184 ( 1)
  88 Q   0.88467 0.10175 0.01196 0.00161 ( 1)
  89 I   0.63961 0.35016 0.00610 0.00414 ( 1)
  90 K   0.18942 0.79242 0.00310 0.01505 ( 2)
  91 E   0.54719 0.43574 0.00886 0.00821 ( 1)
  92 Y   0.89523 0.09214 0.01124 0.00139 ( 1)
  93 K   0.20385 0.78282 0.00236 0.01097 ( 2)
  94 G   0.90578 0.08298 0.01010 0.00114 ( 1)
  95 V   0.96875 0.02729 0.00380 0.00016 ( 1)
  96 S   0.44976 0.52717 0.01020 0.01287 ( 2)
  97 E   0.88227 0.10167 0.01415 0.00191 ( 1)
  98 M   0.89833 0.08879 0.01151 0.00137 ( 1)
  99 F   0.83031 0.14746 0.01864 0.00359 ( 1)
 100 D   0.92336 0.06818 0.00773 0.00074 ( 1)
 101 E   0.88342 0.10052 0.01417 0.00189 ( 1)
 102 E   0.39549 0.30865 0.26077 0.03510 ( 1)
 103 G   0.89733 0.08965 0.01163 0.00139 ( 1)
 104 N   0.95454 0.03987 0.00528 0.00031 ( 1)
 105 G   0.90876 0.08001 0.01013 0.00110 ( 1)
 106 A   0.91391 0.07583 0.00930 0.00096 ( 1)
 107 V   0.92056 0.06976 0.00884 0.00085 ( 1)
 108 K   0.63597 0.35190 0.00724 0.00489 ( 1)
 109 T   0.93848 0.05433 0.00668 0.00051 ( 1)
 110 D   0.90699 0.08107 0.01075 0.00118 ( 1)
 111 E   0.88342 0.10052 0.01417 0.00189 ( 1)
 112 L   0.80476 0.16875 0.02170 0.00479 ( 1)
 113 E   0.88342 0.10052 0.01417 0.00189 ( 1)
 114 R   0.95914 0.03592 0.00469 0.00025 ( 1)
 115 L   0.89329 0.09357 0.01168 0.00146 ( 1)
 116 M   0.21307 0.77215 0.00279 0.01199 ( 2)
 117 S   0.86796 0.11358 0.01608 0.00238 ( 1)
 118 L   0.80611 0.16740 0.02173 0.00475 ( 1)
 119 R   0.14617 0.83886 0.00192 0.01305 ( 2)
 120 G   0.89990 0.08709 0.01166 0.00136 ( 1)
 121 T   0.63339 0.35636 0.00604 0.00421 ( 1)
 122 N   0.95454 0.03987 0.00528 0.00031 ( 1)
 123 P   0.90491 0.08347 0.01044 0.00117 ( 1)
 124 A   0.75745 0.23695 0.00389 0.00171 ( 1)
 125 K   0.90981 0.07882 0.01027 0.00110 ( 1)
 126 S   0.73845 0.25512 0.00437 0.00207 ( 1)
 127 E   0.42613 0.32807 0.21665 0.02914 ( 1)
 128 L   0.80611 0.16740 0.02173 0.00475 ( 1)
 129 A   0.87213 0.11275 0.01312 0.00200 ( 1)
 130 S   0.90671 0.08205 0.01013 0.00112 ( 1)
 131 -   0.89246 0.09465 0.01144 0.00146 ( 1)
 132 -   0.52303 0.45899 0.00902 0.00896 ( 1)
 133 -   0.90389 0.08473 0.01021 0.00118 ( 1)
 134 D   0.60655 0.38067 0.00725 0.00553 ( 1)
 135 V   0.92056 0.06976 0.00884 0.00085 ( 1)
 136 D   0.90699 0.08107 0.01075 0.00118 ( 1)
 137 R   0.67808 0.31370 0.00512 0.00310 ( 1)
 138 E   0.21253 0.77357 0.00258 0.01132 ( 2)
 139 K   0.89756 0.09104 0.01014 0.00127 ( 1)
 140 K   0.71969 0.27323 0.00469 0.00239 ( 1)
 141 G   0.60372 0.38423 0.00679 0.00527 ( 1)
 142 F   0.88624 0.09975 0.01237 0.00164 ( 1)
 143 F   0.88624 0.09975 0.01237 0.00164 ( 1)
 144 N   0.95479 0.03938 0.00551 0.00032 ( 1)
 145 C   0.69369 0.29650 0.00640 0.00341 ( 1)
 146 K   0.21713 0.76898 0.00263 0.01125 ( 2)
 147 G   0.71096 0.28255 0.00421 0.00229 ( 1)
 148 F   0.88624 0.09975 0.01237 0.00164 ( 1)
 149 L   0.80611 0.16740 0.02173 0.00475 ( 1)
 150 A   0.91435 0.07540 0.00930 0.00095 ( 1)
 151 R   0.41322 0.55956 0.01125 0.01596 ( 2)
 152 M   0.58998 0.39628 0.00763 0.00611 ( 1)
 153 G   0.91047 0.07830 0.01015 0.00107 ( 1)
 154 V   0.92407 0.06626 0.00887 0.00080 ( 1)
 155 Y   0.58155 0.40498 0.00737 0.00610 ( 1)
 156 W   0.81472 0.16031 0.02066 0.00431 ( 1)
 157 E   0.88692 0.09703 0.01422 0.00183 ( 1)
 158 K   0.90692 0.07804 0.01365 0.00139 ( 1)
 159 A   0.86407 0.11526 0.01801 0.00266 ( 1)
 160 Q   0.88321 0.09982 0.01504 0.00193 ( 1)
 161 N   0.95240 0.03936 0.00782 0.00042 ( 1)
 162 Q   0.88321 0.09982 0.01504 0.00193 ( 1)
 163 E   0.88018 0.09964 0.01789 0.00230 ( 1)
 164 S   0.50947 0.46743 0.01152 0.01158 ( 1)
 165 E   0.88018 0.09964 0.01789 0.00230 ( 1)
 166 L   0.89049 0.09275 0.01497 0.00179 ( 1)
 167 R   0.97662 0.01856 0.00470 0.00013 ( 1)
 168 A   0.91127 0.07509 0.01242 0.00122 ( 1)
 169 A   0.86407 0.11526 0.01801 0.00266 ( 1)
 170 F   0.55191 0.42958 0.00985 0.00866 ( 1)
 171 R   0.94416 0.04715 0.00817 0.00052 ( 1)
 172 I   0.91476 0.07253 0.01161 0.00110 ( 1)
 173 F   0.88346 0.09891 0.01563 0.00199 ( 1)
 174 D   0.90400 0.08028 0.01423 0.00149 ( 1)
 175 K   0.90576 0.07919 0.01364 0.00141 ( 1)
 176 E   0.88018 0.09964 0.01789 0.00230 ( 1)
 177 G   0.21387 0.76741 0.00367 0.01505 ( 2)
 178 K   0.90692 0.07804 0.01365 0.00139 ( 1)
 179 G   0.89799 0.08525 0.01510 0.00166 ( 1)
 180 Y   0.89365 0.09019 0.01448 0.00169 ( 1)
 181 I   0.91244 0.07482 0.01160 0.00114 ( 1)
 182 D   0.90400 0.08028 0.01423 0.00149 ( 1)
 183 W   0.81472 0.16031 0.02066 0.00431 ( 1)
 184 G   0.19235 0.66368 0.08525 0.05873 ( 2)
 185 T   0.26882 0.62067 0.07461 0.03589 ( 2)
 186 L   0.03112 0.12842 0.75017 0.09030 ( 3)
 187 T   0.21013 0.67314 0.07048 0.04624 ( 2)
 188 Y   0.89993 0.08745 0.01130 0.00132 ( 1)
 189 V   0.92407 0.06626 0.00887 0.00080 ( 1)
 190 L   0.90409 0.08280 0.01182 0.00129 ( 1)
 191 T   0.05375 0.93076 0.00073 0.01476 ( 2)
 192 H   0.12921 0.86433 0.00062 0.00584 ( 2)
 193 A   0.91746 0.07230 0.00933 0.00091 ( 1)
 194 G   0.90089 0.08610 0.01167 0.00134 ( 1)
 195 E   0.88692 0.09703 0.01422 0.00183 ( 1)
 196 P   0.90848 0.07992 0.01048 0.00112 ( 1)
 197 L   0.89682 0.09005 0.01173 0.00140 ( 1)
 198 S   0.95160 0.04246 0.00559 0.00035 ( 1)
 199 E   0.88692 0.09703 0.01422 0.00183 ( 1)
 200 V   0.45250 0.52036 0.01231 0.01483 ( 2)
 201 E   0.88692 0.09703 0.01422 0.00183 ( 1)
 202 A   0.87011 0.11283 0.01487 0.00220 ( 1)
 203 E   0.55644 0.42652 0.00900 0.00804 ( 1)
 204 Q   0.56933 0.41566 0.00812 0.00689 ( 1)
 205 M   0.90189 0.08524 0.01155 0.00131 ( 1)
 206 M   0.90189 0.08524 0.01155 0.00131 ( 1)
 207 K   0.61817 0.36954 0.00710 0.00519 ( 1)
 208 E   0.94586 0.04710 0.00660 0.00044 ( 1)
 209 A   0.87011 0.11283 0.01487 0.00220 ( 1)
 210 D   0.61286 0.37438 0.00733 0.00544 ( 1)
 211 K   0.91338 0.07526 0.01031 0.00105 ( 1)
 212 D   0.63870 0.35211 0.00539 0.00379 ( 1)
 213 G   0.91233 0.07645 0.01017 0.00105 ( 1)
 214 D   0.61685 0.37035 0.00739 0.00541 ( 1)
 215 G   0.61998 0.36800 0.00697 0.00504 ( 1)
 216 T   0.95979 0.03505 0.00490 0.00025 ( 1)
 217 I   0.93939 0.05683 0.00347 0.00031 ( 1)
 218 D   0.91057 0.07751 0.01080 0.00113 ( 1)
 219 H   0.59172 0.39484 0.00750 0.00594 ( 1)
 220 E   0.88336 0.10059 0.01416 0.00189 ( 1)
 221 E   0.87175 0.11216 0.01398 0.00211 ( 1)
 222 F   0.87445 0.11151 0.01221 0.00183 ( 1)
 223 V   0.90828 0.08201 0.00872 0.00099 ( 1)
 224 A   0.85588 0.12702 0.01463 0.00247 ( 1)
 225 M   0.88623 0.10086 0.01136 0.00155 ( 1)
 226 M   0.88623 0.10086 0.01136 0.00155 ( 1)
 227 T   0.93840 0.05543 0.00571 0.00046 ( 1)
 228 G   0.89649 0.09225 0.01000 0.00126 ( 1)
 229 E   0.87175 0.11216 0.01398 0.00211 ( 1)
 230 S   0.89443 0.09429 0.00999 0.00129 ( 1)
 231 F   0.87445 0.11151 0.01221 0.00183 ( 1)
 232 K   0.89756 0.09104 0.01014 0.00127 ( 1)
 233 L   0.80863 0.16489 0.02180 0.00468 ( 1)
 234 V   0.97189 0.02416 0.00381 0.00014 ( 1)
 235 Q   0.02252 0.96172 0.00032 0.01544 ( 2)

