Supplemental results for CODEML (seqf: /home/leticiamagpali/phd/evol_models/codeml/big_dataset/cml_align/HSP90AA1_codon_aligned.phy  treef: /home/leticiamagpali/phd/evol_models/codeml/big_dataset/cml_trees/gene_trees/H1a_gene_trees/HSP90AA1_tree_H1a.tre)

I	J	ij	2Ns_IJ	pMut_IJ	pSub_IJ	2Ns_JI	pMut_JI	pSub_JI

TTC	TTT	CT	0.01853	0.05238	0.05287	-0.01853	0.05336	0.05287
TTA	TTT	AT	1.02639	0.00676	0.01081	-1.02639	0.01886	0.01081
TTA	TTC	AC	1.00787	0.00543	0.00862	-1.00787	0.01488	0.00862
TTG	TTT	GT	-0.60148	0.02864	0.02088	0.60148	0.01569	0.02088
TTG	TTC	GC	-0.62001	0.02301	0.01661	0.62001	0.01238	0.01661
TTG	TTA	GA	-1.62788	0.09411	0.03743	1.62788	0.01848	0.03743
TCT	TTT	CT	-0.70663	0.10817	0.07441	0.70663	0.05336	0.07441
TCC	TTC	CT	0.11333	0.03759	0.03976	-0.11333	0.04210	0.03976
TCC	TCT	CT	0.83849	0.03759	0.05552	-0.83849	0.08693	0.05552
TCA	TTA	CT	-0.12831	0.02100	0.01968	0.12831	0.01847	0.01968
TCA	TCT	AT	1.60471	0.00617	0.01240	-1.60471	0.03072	0.01240
TCA	TCC	AC	0.76623	0.00496	0.00710	-0.76623	0.01067	0.00710
TCG	TTG	CT	1.81752	0.01272	0.02759	-1.81752	0.07829	0.02759
TCG	TCT	GT	1.92267	0.00374	0.00842	-1.92267	0.02557	0.00842
TCG	TCC	GC	1.08419	0.00300	0.00492	-1.08419	0.00888	0.00492
TCG	TCA	GA	0.31796	0.01228	0.01434	-0.31796	0.01688	0.01434
TAT	TTT	AT	-0.13952	0.02168	0.02020	0.13952	0.01886	0.02020
TAT	TCT	AC	0.56711	0.01742	0.02283	-0.56711	0.03072	0.02283
TAC	TTC	AT	-0.38426	0.02185	0.01792	0.38426	0.01488	0.01792
TAC	TCC	AC	-0.49759	0.01756	0.01355	0.49759	0.01067	0.01355
TAC	TAT	CT	-0.22621	0.07431	0.06622	0.22621	0.05927	0.06622
TGT	TTT	GT	1.76901	0.00268	0.00571	-1.76901	0.01569	0.00571
TGT	TCT	GC	2.47564	0.00215	0.00581	-2.47564	0.02557	0.00581
TGT	TAT	GA	1.90853	0.00879	0.01970	-1.90853	0.05929	0.01970
TGC	TTC	GT	0.17183	0.01043	0.01135	-0.17183	0.01238	0.01135
TGC	TCC	GC	0.05851	0.00838	0.00863	-0.05851	0.00888	0.00863
TGC	TAC	GA	0.55609	0.03426	0.04467	-0.55609	0.05975	0.04467
TGC	TGT	CT	-1.57865	0.03546	0.01455	1.57865	0.00731	0.01455
TGG	TTG	GT	0.99988	0.00847	0.01340	-0.99988	0.02302	0.01340
TGG	TCG	GC	-0.81764	0.00681	0.00440	0.81764	0.00301	0.00440
TGG	TGT	GT	-1.37061	0.00847	0.00395	1.37061	0.00215	0.00395
TGG	TGC	GC	0.20804	0.00681	0.00754	-0.20804	0.00838	0.00754
CTT	TTT	CT	-0.17675	0.06368	0.05821	0.17675	0.05336	0.05821
CTC	TTC	CT	-0.20004	0.05142	0.04645	0.20004	0.04210	0.04645
CTC	CTT	CT	-0.00476	0.05142	0.05130	0.00476	0.05117	0.05130
CTA	TTA	CT	0.73446	0.00886	0.01251	-0.73446	0.01847	0.01251
CTA	CTT	AT	1.93760	0.00261	0.00590	-1.93760	0.01808	0.00590
CTA	CTC	AC	1.94236	0.00209	0.00475	-1.94236	0.01460	0.00475
CTG	TTG	CT	-0.43852	0.12138	0.09670	0.43852	0.07829	0.09670
CTG	CTT	GT	-0.86325	0.03568	0.02247	0.86325	0.01505	0.02247
CTG	CTC	GC	-0.85849	0.02868	0.01811	0.85849	0.01215	0.01811
CTG	CTA	GA	-2.80085	0.11726	0.02125	2.80085	0.00712	0.02125
CCT	TCT	CT	0.61998	0.04677	0.06275	-0.61998	0.08693	0.06275
CCT	CTT	CT	0.09010	0.04677	0.04890	-0.09010	0.05117	0.04890
CCC	TCC	CT	0.11846	0.02683	0.02845	-0.11846	0.03021	0.02845
CCC	CTC	CT	0.43182	0.02683	0.03304	-0.43182	0.04132	0.03304
CCC	CCT	CT	0.33697	0.02683	0.03161	-0.33697	0.03758	0.03161
CCA	TCA	CT	0.32098	0.01224	0.01431	-0.32098	0.01688	0.01431
CCA	CTA	CT	-0.54179	0.01224	0.00922	0.54179	0.00712	0.00922
CCA	CCT	AT	1.30572	0.00360	0.00645	-1.30572	0.01328	0.00645
CCA	CCC	AC	0.96875	0.00289	0.00452	-0.96875	0.00762	0.00452
CCG	TCG	CT	-0.71405	0.02087	0.01430	0.71405	0.01022	0.01430
CCG	CTG	CT	1.54199	0.02087	0.04094	-1.54199	0.09755	0.04094
CCG	CCT	GT	0.58864	0.00614	0.00812	-0.58864	0.01105	0.00812
CCG	CCC	GC	0.25167	0.00493	0.00558	-0.25167	0.00634	0.00558
CCG	CCA	GA	-0.71707	0.02016	0.01379	0.71707	0.00984	0.01379
CAT	TAT	CT	0.15094	0.05096	0.05491	-0.15094	0.05927	0.05491
CAT	CTT	AT	0.18817	0.01498	0.01644	-0.18817	0.01808	0.01644
CAT	CCT	AC	0.09807	0.01204	0.01264	-0.09807	0.01328	0.01264
CAC	TAC	CT	0.68968	0.02997	0.04148	-0.68968	0.05972	0.04148
CAC	CTC	AT	0.50545	0.00881	0.01122	-0.50545	0.01460	0.01122
CAC	CCC	AC	0.07363	0.00708	0.00734	-0.07363	0.00762	0.00734
CAC	CAT	CT	0.31253	0.02997	0.03489	-0.31253	0.04096	0.03489
CAA	CTA	AT	-1.62267	0.01275	0.00509	1.62267	0.00252	0.00509
CAA	CCA	AC	-1.08089	0.01025	0.00569	1.08089	0.00348	0.00569
CAA	CAT	AT	0.12675	0.01275	0.01358	-0.12675	0.01447	0.01358
CAA	CAC	AC	-0.18577	0.01025	0.00933	0.18577	0.00851	0.00933
CAG	CTG	AT	0.30004	0.02554	0.02956	-0.30004	0.03447	0.02956
CAG	CCG	AC	-1.24195	0.02052	0.01035	1.24195	0.00593	0.01035
CAG	CAT	GT	-0.75138	0.02554	0.01713	0.75138	0.01205	0.01713
CAG	CAC	GC	-1.06391	0.02052	0.01151	1.06391	0.00708	0.01151
CAG	CAA	GA	-0.87814	0.08392	0.05240	0.87814	0.03487	0.05240
CGT	TGT	CT	-1.42583	0.03044	0.01373	1.42583	0.00731	0.01373
CGT	CTT	GT	0.51994	0.00895	0.01148	-0.51994	0.01505	0.01148
CGT	CCT	GC	0.42984	0.00719	0.00885	-0.42984	0.01105	0.00885
CGT	CAT	GA	0.33176	0.02941	0.03455	-0.33176	0.04097	0.03455
CGC	TGC	CT	1.62781	0.00560	0.01134	-1.62781	0.02850	0.01134
CGC	CTC	GT	1.99968	0.00165	0.00381	-1.99968	0.01215	0.00381
CGC	CCC	GC	1.56786	0.00132	0.00262	-1.56786	0.00634	0.00262
CGC	CAC	GA	1.49423	0.00541	0.01042	-1.49423	0.02409	0.01042
CGC	CGT	CT	1.47499	0.00560	0.01070	-1.47499	0.02446	0.01070
CGA	CTA	GT	-0.70771	0.00425	0.00292	0.70771	0.00209	0.00292
CGA	CCA	GC	-0.16592	0.00342	0.00314	0.16592	0.00289	0.00314
CGA	CAA	GA	0.91496	0.01397	0.02132	-0.91496	0.03487	0.02132
CGA	CGT	AT	0.70995	0.00425	0.00594	-0.70995	0.00864	0.00594
CGA	CGC	AC	-0.76503	0.00342	0.00227	0.76503	0.00159	0.00227
CGG	TGG	CT	0.17939	0.01935	0.02114	-0.17939	0.02316	0.02114
CGG	CTG	GT	1.61779	0.00569	0.01148	-1.61779	0.02869	0.01148
CGG	CCG	GC	0.07580	0.00457	0.00475	-0.07580	0.00493	0.00475
CGG	CAG	GA	1.31775	0.01870	0.03365	-1.31775	0.06984	0.03365
CGG	CGT	GT	0.23460	0.00569	0.00638	-0.23460	0.00719	0.00638
CGG	CGC	GC	-1.24039	0.00457	0.00231	1.24039	0.00132	0.00231
CGG	CGA	GA	-0.47536	0.01870	0.01460	0.47536	0.01162	0.01460
ATT	TTT	AT	-0.72271	0.03884	0.02648	0.72271	0.01886	0.02648
ATT	CTT	AC	-0.54596	0.03122	0.02347	0.54596	0.01808	0.02347
ATC	TTC	AT	-0.93816	0.03801	0.02293	0.93816	0.01488	0.02293
ATC	CTC	AC	-0.73812	0.03055	0.02065	0.73812	0.01460	0.02065
ATC	ATT	CT	-0.19692	0.12930	0.11699	0.19692	0.10619	0.11699
ATA	TTA	AT	-0.22723	0.00819	0.00730	0.22723	0.00653	0.00730
ATA	CTA	AC	-0.96168	0.00658	0.00392	0.96168	0.00252	0.00392
ATA	ATT	AT	1.52188	0.00819	0.01595	-1.52188	0.03753	0.01595
ATA	ATC	AC	1.71880	0.00658	0.01379	-1.71880	0.03672	0.01379
ATG	TTG	AT	-0.08532	0.03013	0.02886	0.08532	0.02766	0.02886
ATG	CTG	AC	0.35320	0.02421	0.02874	-0.35320	0.03447	0.02874
ATG	ATT	GT	0.03591	0.03013	0.03067	-0.03591	0.03123	0.03067
ATG	ATC	GC	0.23283	0.02421	0.02714	-0.23283	0.03056	0.02714
ATG	ATA	GA	-1.48597	0.09901	0.04303	1.48597	0.02240	0.04303
ACT	TCT	AT	0.88990	0.01262	0.01905	-0.88990	0.03072	0.01905
ACT	CCT	AC	0.26993	0.01014	0.01157	-0.26993	0.01328	0.01157
ACT	ATT	CT	0.90598	0.04292	0.06525	-0.90598	0.10619	0.06525
ACC	TCC	AT	-0.86065	0.02524	0.01592	0.86065	0.01067	0.01592
ACC	CCC	AC	-0.97910	0.02029	0.01195	0.97910	0.00762	0.01195
ACC	ATC	CT	0.19084	0.08586	0.09432	-0.19084	0.10392	0.09432
ACC	ACT	CT	-0.91206	0.08586	0.05258	0.91206	0.03449	0.05258
ACA	TCA	AT	-1.45036	0.02543	0.01130	1.45036	0.00596	0.01130
ACA	CCA	AC	-1.77134	0.02044	0.00742	1.77134	0.00348	0.00742
ACA	ATA	CT	-1.35145	0.08651	0.04084	1.35145	0.02240	0.04084
ACA	ACT	AT	-0.73555	0.02543	0.01722	0.73555	0.01219	0.01722
ACA	ACC	AC	0.17651	0.02044	0.02230	-0.17651	0.02439	0.02230
ACG	TCG	AT	-0.71326	0.00737	0.00505	0.71326	0.00361	0.00505
ACG	CCG	AC	0.00079	0.00592	0.00592	-0.00079	0.00593	0.00592
ACG	ATG	CT	1.18959	0.02507	0.04287	-1.18959	0.08237	0.04287
ACG	ACT	GT	0.31951	0.00737	0.00861	-0.31951	0.01014	0.00861
ACG	ACC	GC	1.23157	0.00592	0.01030	-1.23157	0.02029	0.01030
ACG	ACA	GA	1.05506	0.02422	0.03920	-1.05506	0.06956	0.03920
AAT	TAT	AT	0.59484	0.01155	0.01533	-0.59484	0.02094	0.01533
AAT	CAT	AC	0.44390	0.00929	0.01150	-0.44390	0.01447	0.01150
AAT	ATT	AT	1.17803	0.01155	0.01967	-1.17803	0.03753	0.01967
AAT	ACT	AC	0.27205	0.00929	0.01061	-0.27205	0.01219	0.01061
AAC	TAC	AT	-0.63939	0.04000	0.02857	0.63939	0.02110	0.02857
AAC	CAC	AC	-1.32907	0.03215	0.01538	1.32907	0.00851	0.01538
AAC	ATC	AT	-0.08549	0.04000	0.03832	0.08549	0.03672	0.03832
AAC	ACC	AC	-0.27633	0.03215	0.02791	0.27633	0.02439	0.02791
AAC	AAT	CT	-1.46044	0.13607	0.06007	1.46044	0.03159	0.06007
AAA	CAA	AC	-1.27856	0.04424	0.02183	1.27856	0.01232	0.02183
AAA	ATA	AT	-1.93955	0.05505	0.01793	1.93955	0.00791	0.01793
AAA	ACA	AC	-0.58811	0.04424	0.03250	0.58811	0.02457	0.03250
AAA	AAT	AT	-1.59570	0.05505	0.02234	1.59570	0.01116	0.02234
AAA	AAC	AC	-0.13526	0.04424	0.04132	0.13526	0.03864	0.04132
AAG	CAG	AC	-1.18430	0.08063	0.04210	1.18430	0.02467	0.04210
AAG	ATG	AT	-1.23746	0.10033	0.05074	1.23746	0.02911	0.05074
AAG	ACG	AC	-2.42705	0.08063	0.01895	2.42705	0.00712	0.01895
AAG	AAT	GT	-2.37958	0.10033	0.02436	2.37958	0.00929	0.02436
AAG	AAC	GC	-0.91914	0.08063	0.04917	0.91914	0.03216	0.04917
AAG	AAA	GA	-0.78388	0.32970	0.21719	0.78388	0.15055	0.21719
AGT	TGT	AT	-1.21852	0.00874	0.00447	1.21852	0.00258	0.00447
AGT	CGT	AC	0.20730	0.00703	0.00778	-0.20730	0.00864	0.00778
AGT	ATT	GT	1.27320	0.00874	0.01546	-1.27320	0.03123	0.01546
AGT	ACT	GC	0.36722	0.00703	0.00839	-0.36722	0.01014	0.00839
AGT	AAT	GA	0.09517	0.02873	0.03012	-0.09517	0.03160	0.03012
AGC	TGC	AT	0.16160	0.00857	0.00928	-0.16160	0.01007	0.00928
AGC	CGC	AC	-1.46621	0.00689	0.00303	1.46621	0.00159	0.00303
AGC	ATC	GT	1.27159	0.00857	0.01514	-1.27159	0.03056	0.01514
AGC	ACC	GC	1.08075	0.00689	0.01127	-1.08075	0.02029	0.01127
AGC	AAC	GA	1.35708	0.02816	0.05146	-1.35708	0.10940	0.05146
AGC	AGT	CT	-0.19853	0.02915	0.02635	0.19853	0.02390	0.02635
AGA	CGA	AC	-0.83340	0.00945	0.00605	0.83340	0.00411	0.00605
AGA	ATA	GT	-0.57943	0.01176	0.00868	0.57943	0.00659	0.00868
AGA	ACA	GC	0.77202	0.00945	0.01356	-0.77202	0.02045	0.01356
AGA	AAA	GA	1.36012	0.03864	0.07069	-1.36012	0.15055	0.07069
AGA	AGT	AT	-0.33075	0.01176	0.00992	0.33075	0.00845	0.00992
AGA	AGC	AC	-0.13222	0.00945	0.00884	0.13222	0.00828	0.00884
AGG	TGG	AT	-0.74118	0.01717	0.01159	0.74118	0.00818	0.01159
AGG	CGG	AC	-0.92057	0.01380	0.00841	0.92057	0.00550	0.00841
AGG	ATG	GT	0.34402	0.01717	0.02030	-0.34402	0.02422	0.02030
AGG	ACG	GC	-0.84557	0.01380	0.00878	0.84557	0.00592	0.00878
AGG	AAG	GA	1.58148	0.05643	0.11236	-1.58148	0.27438	0.11236
AGG	AGT	GT	-0.89328	0.01717	0.01063	0.89328	0.00703	0.01063
AGG	AGC	GC	-0.69475	0.01380	0.00956	0.69475	0.00689	0.00956
AGG	AGA	GA	-0.56252	0.05643	0.04204	0.56252	0.03215	0.04204
GTT	TTT	GT	0.10040	0.01419	0.01492	-0.10040	0.01569	0.01492
GTT	CTT	GC	0.27715	0.01141	0.01306	-0.27715	0.01505	0.01306
GTT	ATT	GA	0.82311	0.04664	0.06844	-0.82311	0.10623	0.06844
GTC	TTC	GT	-0.31515	0.01697	0.01443	0.31515	0.01238	0.01443
GTC	CTC	GC	-0.11512	0.01364	0.01287	0.11512	0.01215	0.01287
GTC	ATC	GA	0.62301	0.05576	0.07492	-0.62301	0.10396	0.07492
GTC	GTT	CT	-0.39702	0.05771	0.04701	0.39702	0.03880	0.04701
GTA	TTA	GT	0.90670	0.00219	0.00334	-0.90670	0.00543	0.00334
GTA	CTA	GC	0.17225	0.00176	0.00192	-0.17225	0.00209	0.00192
GTA	ATA	GA	1.13393	0.00721	0.01205	-1.13393	0.02240	0.01205
GTA	GTT	AT	1.83270	0.00219	0.00479	-1.83270	0.01371	0.00479
GTA	GTC	AC	2.22972	0.00176	0.00440	-2.22972	0.01639	0.00440
GTG	TTG	GT	-0.33925	0.03232	0.02715	0.33925	0.02302	0.02715
GTG	CTG	GC	0.09927	0.02598	0.02729	-0.09927	0.02869	0.02729
GTG	ATG	GA	-0.25393	0.10622	0.09330	0.25393	0.08240	0.09330
GTG	GTT	GT	-1.04113	0.03232	0.01836	1.04113	0.01141	0.01836
GTG	GTC	GC	-0.64411	0.02598	0.01850	0.64411	0.01364	0.01850
GTG	GTA	GA	-2.87383	0.10622	0.01827	2.87383	0.00600	0.01827
GCT	TCT	GT	0.23931	0.02012	0.02263	-0.23931	0.02557	0.02263
GCT	CCT	GC	-0.38067	0.01617	0.01329	0.38067	0.01105	0.01329
GCT	ACT	GA	-0.65059	0.06613	0.04694	0.65059	0.03451	0.04694
GCT	GTT	CT	-0.56772	0.06846	0.05085	0.56772	0.03880	0.05085
GCC	TCC	GT	-0.49515	0.01458	0.01126	0.49515	0.00888	0.01126
GCC	CCC	GC	-0.61361	0.01171	0.00849	0.61361	0.00634	0.00849
GCC	ACC	GA	0.36549	0.04790	0.05719	-0.36549	0.06903	0.05719
GCC	GTC	CT	-0.06668	0.04958	0.04795	0.06668	0.04638	0.04795
GCC	GCT	CT	0.10402	0.04958	0.05221	-0.10402	0.05502	0.05221
GCA	TCA	GT	-1.15806	0.01580	0.00838	1.15806	0.00496	0.00838
GCA	CCA	GC	-1.47904	0.01270	0.00554	1.47904	0.00289	0.00554
GCA	ACA	GA	0.29230	0.05193	0.05989	-0.29230	0.06956	0.05989
GCA	GTA	CT	-2.19308	0.05375	0.01480	2.19308	0.00600	0.01480
GCA	GCT	AT	0.20734	0.01580	0.01750	-0.20734	0.01944	0.01750
GCA	GCC	AC	0.10332	0.01270	0.01337	-0.10332	0.01408	0.01337
GCG	TCG	GT	-1.00691	0.00823	0.00477	1.00691	0.00301	0.00477
GCG	CCG	GC	-0.29286	0.00661	0.00569	0.29286	0.00493	0.00569
GCG	ACG	GA	-0.29365	0.02703	0.02326	0.29365	0.02015	0.02326
GCG	GTG	CT	1.14987	0.02798	0.04709	-1.14987	0.08836	0.04709
GCG	GCT	GT	0.67645	0.00823	0.01132	-0.67645	0.01618	0.01132
GCG	GCC	GC	0.57243	0.00661	0.00868	-0.57243	0.01172	0.00868
GCG	GCA	GA	0.46911	0.02703	0.03387	-0.46911	0.04322	0.03387
GAT	TAT	GT	-0.90759	0.04320	0.02652	0.90759	0.01743	0.02652
GAT	CAT	GC	-1.05854	0.03472	0.01953	1.05854	0.01205	0.01953
GAT	AAT	GA	-1.50243	0.14196	0.06107	1.50243	0.03160	0.06107
GAT	GTT	AT	-1.14751	0.04320	0.02305	1.14751	0.01371	0.02305
GAT	GCT	AC	-0.57980	0.03472	0.02562	0.57980	0.01944	0.02562
GAC	TAC	GT	-0.89414	0.04295	0.02657	0.89414	0.01756	0.02657
GAC	CAC	GC	-1.58382	0.03452	0.01411	1.58382	0.00708	0.01411
GAC	AAC	GA	-0.25475	0.14114	0.12392	0.25475	0.10940	0.12392
GAC	GTC	AT	-0.96325	0.04295	0.02553	0.96325	0.01639	0.02553
GAC	GCC	AC	-0.89658	0.03452	0.02132	0.89658	0.01408	0.02132
GAC	GAT	CT	-0.21276	0.14609	0.13110	0.21276	0.11810	0.13110
GAA	CAA	GC	-1.82874	0.06383	0.02233	1.82874	0.01025	0.02233
GAA	AAA	GA	-0.55018	0.26099	0.19574	0.55018	0.15055	0.19574
GAA	GTA	AT	-3.62366	0.07942	0.00789	3.62366	0.00212	0.00789
GAA	GCA	AC	-1.43058	0.06383	0.02870	1.43058	0.01527	0.02870
GAA	GAT	AT	-0.64345	0.07942	0.05659	0.64345	0.04173	0.05659
GAA	GAC	AC	-0.43069	0.06383	0.05107	0.43069	0.04149	0.05107
GAG	CAG	GC	-1.15475	0.06515	0.03462	1.15475	0.02053	0.03462
GAG	AAG	GA	0.02955	0.26639	0.27035	-0.02955	0.27438	0.27035
GAG	GTG	AT	-0.95398	0.08106	0.04845	0.95398	0.03123	0.04845
GAG	GCG	AC	-2.10385	0.06515	0.01904	2.10385	0.00795	0.01904
GAG	GAT	GT	-0.84760	0.08106	0.05151	0.84760	0.03473	0.05151
GAG	GAC	GC	-0.63484	0.06515	0.04664	0.63484	0.03453	0.04664
GAG	GAA	GA	-0.20415	0.26639	0.24013	0.20415	0.21720	0.24013
GGT	TGT	GT	-2.11666	0.01786	0.00518	2.11666	0.00215	0.00518
GGT	CGT	GC	-0.69083	0.01436	0.00996	0.69083	0.00719	0.00996
GGT	AGT	GA	-0.89814	0.05870	0.03623	0.89814	0.02391	0.03623
GGT	GTT	GT	-0.44805	0.01786	0.01416	0.44805	0.01141	0.01416
GGT	GCT	GC	0.11967	0.01436	0.01523	-0.11967	0.01618	0.01523
GGT	GAT	GA	0.69947	0.05870	0.08160	-0.69947	0.11814	0.08160
GGC	TGC	GT	-0.67229	0.01642	0.01151	0.67229	0.00838	0.01151
GGC	CGC	GC	-2.30010	0.01320	0.00338	2.30010	0.00132	0.00338
GGC	AGC	GA	-0.83389	0.05395	0.03455	0.83389	0.02344	0.03455
GGC	GTC	GT	-0.18531	0.01642	0.01494	0.18531	0.01364	0.01494
GGC	GCC	GC	-0.11863	0.01320	0.01243	0.11863	0.01172	0.01243
GGC	GAC	GA	0.77795	0.05395	0.07764	-0.77795	0.11746	0.07764
GGC	GGT	CT	-0.13428	0.05585	0.05218	0.13428	0.04883	0.05218
GGA	CGA	GC	-1.13775	0.01066	0.00572	1.13775	0.00342	0.00572
GGA	AGA	GA	-0.30434	0.04359	0.03729	0.30434	0.03215	0.03729
GGA	GTA	GT	-2.01770	0.01326	0.00410	2.01770	0.00176	0.00410
GGA	GCA	GC	0.17537	0.01066	0.01162	-0.17537	0.01270	0.01162
GGA	GAA	GA	1.60595	0.04359	0.08758	-1.60595	0.21720	0.08758
GGA	GGT	AT	0.26304	0.01326	0.01509	-0.26304	0.01726	0.01509
GGA	GGC	AC	0.39732	0.01066	0.01292	-0.39732	0.01586	0.01292
GGG	TGG	GT	-0.56043	0.01193	0.00890	0.56043	0.00681	0.00890
GGG	CGG	GC	-0.73982	0.00959	0.00647	0.73982	0.00457	0.00647
GGG	AGG	GA	0.18075	0.03920	0.04285	-0.18075	0.04696	0.04285
GGG	GTG	GT	0.77870	0.01193	0.01717	-0.77870	0.02599	0.01717
GGG	GCG	GC	-0.37117	0.00959	0.00792	0.37117	0.00661	0.00792
GGG	GAG	GA	1.73268	0.03920	0.08251	-1.73268	0.22170	0.08251
GGG	GGT	GT	0.18561	0.01193	0.01307	-0.18561	0.01436	0.01307
GGG	GGC	GC	0.31990	0.00959	0.01120	-0.31990	0.01320	0.01120
GGG	GGA	GA	-0.07743	0.03920	0.03770	0.07743	0.03628	0.03770


Histograms
2Ns	FMut	FSub(CodonUsage)	FSubw(after w)

-3.45110	0.00462	0.00053
-3.10599	0.00000	0.00000
-2.76088	0.01299	0.00264
-2.41577	0.01277	0.00351
-2.07066	0.02041	0.00722
-1.72555	0.07372	0.03309
-1.38044	0.08317	0.04391
-1.03533	0.09172	0.06119
-0.69022	0.15729	0.12564
-0.34511	0.14758	0.14686
0.00000	0.13147	0.15084
0.34511	0.11174	0.14686
0.69022	0.07931	0.12564
1.03533	0.03373	0.06119
1.38044	0.02066	0.04391
1.72555	0.01409	0.03309
2.07066	0.00270	0.00722
2.41577	0.00116	0.00351
2.76088	0.00076	0.00264
3.10599	0.00000	0.00000
3.45110	0.00012	0.00053

Proportion of advantageous (S > 0) mutations:
 0.32740

Proportions of good & bad mutations (|S| > 2.0000) among mutations:
0.00318  0.04005

mean |Ns| = 0.79788	mean Ns+ = 0.56740	mean Ns- = -0.91008


MLEs of dN/dS (w) for site classes (K=4)

site class             0        1       2a       2b
proportion       0.79104  0.01192  0.19411  0.00293
background w     0.02112  1.58018  0.02112  1.58018
foreground w     0.02112  1.58018  0.00000  0.00000

Naive Empirical Bayes (NEB) probabilities for 4 classes
(amino acids refer to 1st sequence: Oorc)

   1 A   0.00006 0.74835 0.00002 0.25157 ( 2)
   2 L   0.01743 0.76292 0.00428 0.21537 ( 2)
   3 D   0.80196 0.00028 0.19767 0.00010 ( 1)
   4 K   0.80133 0.00114 0.19719 0.00034 ( 1)
   5 I   0.80196 0.00037 0.19754 0.00012 ( 1)
   6 R   0.80192 0.00006 0.19800 0.00002 ( 1)
   7 Y   0.80183 0.00052 0.19747 0.00017 ( 1)
   8 E   0.80180 0.00059 0.19741 0.00019 ( 1)
   9 S   0.80165 0.00001 0.19834 0.00000 ( 1)
  10 L   0.80105 0.00149 0.19702 0.00043 ( 1)
  11 T   0.80183 0.00060 0.19739 0.00019 ( 1)
  12 D   0.80198 0.00033 0.19757 0.00011 ( 1)
  13 P   0.80198 0.00006 0.19793 0.00002 ( 1)
  14 S   0.80184 0.00002 0.19813 0.00001 ( 1)
  15 K   0.80193 0.00044 0.19749 0.00014 ( 1)
  16 L   0.80202 0.00023 0.19767 0.00008 ( 1)
  17 D   0.80201 0.00031 0.19758 0.00010 ( 1)
  18 S   0.80204 0.00039 0.19744 0.00012 ( 1)
  19 G   0.80186 0.00002 0.19811 0.00001 ( 1)
  20 K   0.80193 0.00044 0.19749 0.00014 ( 1)
  21 E   0.80185 0.00055 0.19743 0.00017 ( 1)
  22 L   0.80052 0.00208 0.19681 0.00059 ( 1)
  23 H   0.80197 0.00005 0.19797 0.00002 ( 1)
  24 I   0.80176 0.00066 0.19737 0.00021 ( 1)
  25 N   0.80211 0.00011 0.19774 0.00004 ( 1)
  26 L   0.80203 0.00026 0.19763 0.00009 ( 1)
  27 I   0.80203 0.00041 0.19743 0.00013 ( 1)
  28 P   0.80189 0.00003 0.19807 0.00001 ( 1)
  29 N   0.80205 0.00017 0.19773 0.00006 ( 1)
  30 K   0.80154 0.00094 0.19724 0.00028 ( 1)
  31 Q   0.78249 0.01869 0.19275 0.00608 ( 1)
  32 D   0.80200 0.00032 0.19758 0.00010 ( 1)
  33 R   0.80183 0.00006 0.19808 0.00002 ( 1)
  34 T   0.80183 0.00003 0.19814 0.00001 ( 1)
  35 L   0.80203 0.00026 0.19763 0.00009 ( 1)
  36 T   0.80190 0.00005 0.19802 0.00002 ( 1)
  37 I   0.80181 0.00062 0.19738 0.00019 ( 1)
  38 V   0.80200 0.00031 0.19758 0.00010 ( 1)
  39 D   0.80204 0.00020 0.19769 0.00007 ( 1)
  40 T   0.80206 0.00021 0.19766 0.00007 ( 1)
  41 G   0.80185 0.00003 0.19811 0.00001 ( 1)
  42 I   0.80176 0.00066 0.19737 0.00021 ( 1)
  43 G   0.80203 0.00007 0.19788 0.00002 ( 1)
  44 M   0.80196 0.00005 0.19797 0.00002 ( 1)
  45 T   0.80203 0.00024 0.19765 0.00008 ( 1)
  46 K   0.80154 0.00093 0.19724 0.00028 ( 1)
  47 A   0.80202 0.00008 0.19786 0.00003 ( 1)
  48 D   0.80200 0.00032 0.19758 0.00010 ( 1)
  49 L   0.80113 0.00142 0.19704 0.00041 ( 1)
  50 I   0.80194 0.00040 0.19753 0.00013 ( 1)
  51 N   0.80211 0.00011 0.19774 0.00004 ( 1)
  52 N   0.80164 0.00001 0.19835 0.00000 ( 1)
  53 L   0.80197 0.00025 0.19768 0.00009 ( 1)
  54 G   0.80205 0.00019 0.19770 0.00006 ( 1)
  55 T   0.80204 0.00024 0.19765 0.00008 ( 1)
  56 I   0.80189 0.00055 0.19740 0.00017 ( 1)
  57 A   0.80202 0.00008 0.19786 0.00003 ( 1)
  58 K   0.80154 0.00094 0.19724 0.00028 ( 1)
  59 S   0.80182 0.00060 0.19739 0.00019 ( 1)
  60 G   0.80186 0.00002 0.19811 0.00001 ( 1)
  61 T   0.80204 0.00023 0.19765 0.00008 ( 1)
  62 K   0.80160 0.00088 0.19725 0.00026 ( 1)
  63 A   0.80191 0.00003 0.19805 0.00001 ( 1)
  64 F   0.80199 0.00006 0.19792 0.00002 ( 1)
  65 M   0.80196 0.00005 0.19797 0.00002 ( 1)
  66 E   0.80185 0.00055 0.19743 0.00017 ( 1)
  67 A   0.80204 0.00023 0.19765 0.00008 ( 1)
  68 L   0.80139 0.00117 0.19711 0.00034 ( 1)
  69 Q   0.80190 0.00049 0.19746 0.00015 ( 1)
  70 A   0.80204 0.00023 0.19765 0.00008 ( 1)
  71 G   0.80217 0.00020 0.19757 0.00006 ( 1)
  72 A   0.80213 0.00029 0.19749 0.00009 ( 1)
  73 D   0.80209 0.00034 0.19746 0.00010 ( 1)
  74 I   0.80188 0.00065 0.19729 0.00019 ( 1)
  75 S   0.08140 0.69226 0.02003 0.20631 ( 2)
  76 M   0.80212 0.00006 0.19780 0.00002 ( 1)
  77 I   0.80180 0.00072 0.19727 0.00021 ( 1)
  78 G   0.80216 0.00019 0.19759 0.00006 ( 1)
  79 Q   0.80196 0.00053 0.19735 0.00016 ( 1)
  80 F   0.80213 0.00006 0.19778 0.00002 ( 1)
  81 G   0.80215 0.00021 0.19757 0.00007 ( 1)
  82 V   0.80215 0.00008 0.19774 0.00003 ( 1)
  83 G   0.80203 0.00004 0.19792 0.00001 ( 1)
  84 F   0.80212 0.00007 0.19778 0.00003 ( 1)
  85 Y   0.80196 0.00051 0.19738 0.00016 ( 1)
  86 S   0.80197 0.00003 0.19800 0.00001 ( 1)
  87 A   0.80215 0.00011 0.19771 0.00004 ( 1)
  88 Y   0.80189 0.00058 0.19736 0.00018 ( 1)
  89 L   0.80083 0.00178 0.19689 0.00050 ( 1)
  90 V   0.80199 0.00043 0.19744 0.00013 ( 1)
  91 A   0.80210 0.00015 0.19770 0.00005 ( 1)
  92 E   0.80166 0.00083 0.19726 0.00025 ( 1)
  93 K   0.80167 0.00078 0.19731 0.00024 ( 1)
  94 V   0.80190 0.00052 0.19742 0.00016 ( 1)
  95 T   0.80196 0.00042 0.19749 0.00013 ( 1)
  96 V   0.80201 0.00011 0.19784 0.00004 ( 1)
  97 I   0.75679 0.04348 0.18629 0.01343 ( 1)
  98 T   0.80195 0.00043 0.19748 0.00014 ( 1)
  99 K   0.74378 0.05605 0.18306 0.01711 ( 1)
 100 H   0.80207 0.00011 0.19778 0.00004 ( 1)
 101 N   0.80201 0.00032 0.19756 0.00011 ( 1)
 102 D   0.80195 0.00047 0.19743 0.00015 ( 1)
 103 D   0.80188 0.00054 0.19741 0.00017 ( 1)
 104 E   0.80136 0.00114 0.19716 0.00034 ( 1)
 105 Q   0.80162 0.00085 0.19727 0.00026 ( 1)
 106 Y   0.80171 0.00075 0.19732 0.00023 ( 1)
 107 A   0.80205 0.00020 0.19768 0.00007 ( 1)
 108 W   0.80188 0.00051 0.19744 0.00016 ( 1)
 109 E   0.80152 0.00096 0.19723 0.00029 ( 1)
 110 S   0.80142 0.00108 0.19718 0.00032 ( 1)
 111 S   0.80175 0.00051 0.19757 0.00017 ( 1)
 112 A   0.80183 0.00058 0.19741 0.00018 ( 1)
 113 G   0.80204 0.00020 0.19769 0.00007 ( 1)
 114 G   0.80206 0.00017 0.19771 0.00006 ( 1)
 115 S   0.76313 0.03649 0.18807 0.01231 ( 1)
 116 F   0.80204 0.00016 0.19774 0.00006 ( 1)
 117 T   0.80183 0.00069 0.19728 0.00021 ( 1)
 118 V   0.80204 0.00038 0.19746 0.00012 ( 1)
 119 R   0.80203 0.00011 0.19782 0.00004 ( 1)
 120 T   0.80199 0.00013 0.19783 0.00005 ( 1)
 121 D   0.80177 0.00065 0.19738 0.00020 ( 1)
 122 T   0.72434 0.07508 0.17821 0.02237 ( 1)
 123 G   0.80132 0.00091 0.19746 0.00031 ( 1)
 124 E   0.79985 0.00259 0.19679 0.00077 ( 1)
 125 P   0.80176 0.00032 0.19780 0.00012 ( 1)
 126 M   0.78517 0.01534 0.19377 0.00572 ( 1)
 127 G   0.80169 0.00056 0.19757 0.00019 ( 1)
 128 R   0.80175 0.00046 0.19763 0.00016 ( 1)
 129 G   0.80183 0.00029 0.19778 0.00010 ( 1)
 130 T   0.80109 0.00132 0.19718 0.00041 ( 1)
 131 K   0.80133 0.00103 0.19731 0.00032 ( 1)
 132 V   0.80184 0.00015 0.19796 0.00006 ( 1)
 133 I   0.80102 0.00139 0.19715 0.00043 ( 1)
 134 L   0.79932 0.00327 0.19650 0.00092 ( 1)
 135 H   0.80185 0.00020 0.19787 0.00008 ( 1)
 136 L   0.80170 0.00055 0.19757 0.00018 ( 1)
 137 K   0.80131 0.00105 0.19731 0.00033 ( 1)
 138 E   0.80067 0.00180 0.19700 0.00054 ( 1)
 139 D   0.80168 0.00058 0.19755 0.00019 ( 1)
 140 Q   0.80145 0.00090 0.19737 0.00029 ( 1)
 141 T   0.80183 0.00016 0.19794 0.00006 ( 1)
 142 E   0.80118 0.00121 0.19723 0.00038 ( 1)
 143 Y   0.80149 0.00084 0.19740 0.00027 ( 1)
 144 L   0.80137 0.00099 0.19733 0.00031 ( 1)
 145 E   0.80118 0.00121 0.19723 0.00038 ( 1)
 146 E   0.80067 0.00180 0.19700 0.00053 ( 1)
 147 R   0.80180 0.00014 0.19801 0.00005 ( 1)
 148 R   0.80184 0.00016 0.19793 0.00006 ( 1)
 149 I   0.80170 0.00005 0.19823 0.00002 ( 1)
 150 K   0.80130 0.00107 0.19729 0.00034 ( 1)
 151 E   0.80118 0.00121 0.19723 0.00038 ( 1)
 152 I   0.80105 0.00137 0.19717 0.00042 ( 1)
 153 V   0.80152 0.00079 0.19743 0.00026 ( 1)
 154 K   0.80066 0.00180 0.19700 0.00054 ( 1)
 155 K   0.80066 0.00180 0.19700 0.00054 ( 1)
 156 H   0.80182 0.00012 0.19802 0.00005 ( 1)
 157 S   0.80158 0.00083 0.19733 0.00026 ( 1)
 158 Q   0.80126 0.00112 0.19727 0.00035 ( 1)
 159 F   0.80184 0.00022 0.19786 0.00008 ( 1)
 160 I   0.80112 0.00130 0.19718 0.00040 ( 1)
 161 G   0.80173 0.00050 0.19760 0.00017 ( 1)
 162 Y   0.80137 0.00099 0.19733 0.00031 ( 1)
 163 P   0.80184 0.00023 0.19784 0.00009 ( 1)
 164 I   0.80144 0.00090 0.19738 0.00029 ( 1)
 165 T   0.80184 0.00016 0.19795 0.00006 ( 1)
 166 L   0.80167 0.00060 0.19752 0.00020 ( 1)
 167 F   0.80176 0.00029 0.19784 0.00011 ( 1)
 168 V   0.80152 0.00077 0.19746 0.00025 ( 1)
 169 E   0.80119 0.00117 0.19726 0.00037 ( 1)
 170 K   0.80069 0.00176 0.19703 0.00053 ( 1)
 171 E   0.80069 0.00175 0.19703 0.00053 ( 1)
 172 R   0.80173 0.00044 0.19767 0.00015 ( 1)
 173 D   0.80150 0.00078 0.19746 0.00026 ( 1)
 174 K   0.80134 0.00099 0.19735 0.00032 ( 1)
 175 E   0.80069 0.00175 0.19703 0.00053 ( 1)
 176 V   0.80181 0.00026 0.19784 0.00009 ( 1)
 177 S   0.80176 0.00010 0.19811 0.00004 ( 1)
 178 D   0.80158 0.00072 0.19747 0.00024 ( 1)
 179 D   0.80152 0.00075 0.19748 0.00025 ( 1)
 180 E   0.80119 0.00117 0.19726 0.00037 ( 1)
 181 A   0.80154 0.00074 0.19748 0.00024 ( 1)
 182 E   0.80069 0.00175 0.19703 0.00053 ( 1)
 183 E   0.80070 0.00175 0.19703 0.00053 ( 1)
 184 K   0.80069 0.00176 0.19703 0.00053 ( 1)
 185 E   0.80069 0.00175 0.19703 0.00053 ( 1)
 186 D   0.80167 0.00055 0.19759 0.00019 ( 1)
 187 K   0.80134 0.00099 0.19735 0.00032 ( 1)
 188 E   0.80069 0.00175 0.19703 0.00053 ( 1)
 189 E   0.80069 0.00175 0.19703 0.00053 ( 1)
 190 E   0.68320 0.11428 0.16812 0.03441 ( 1)
 191 K   0.80069 0.00175 0.19703 0.00053 ( 1)
 192 E   0.80069 0.00175 0.19703 0.00053 ( 1)
 193 K   0.73254 0.06597 0.18040 0.02109 ( 1)
 194 E   0.80069 0.00175 0.19703 0.00053 ( 1)
 195 E   0.70007 0.09812 0.17227 0.02954 ( 1)
 196 K   0.80069 0.00176 0.19703 0.00053 ( 1)
 197 E   0.80119 0.00117 0.19726 0.00037 ( 1)
 198 S   0.80111 0.00128 0.19721 0.00040 ( 1)
 199 E   0.80119 0.00117 0.19726 0.00037 ( 1)
 200 D   0.80167 0.00055 0.19759 0.00019 ( 1)
 201 K   0.80132 0.00102 0.19734 0.00032 ( 1)
 202 P   0.80181 0.00023 0.19787 0.00009 ( 1)
 203 E   0.80119 0.00117 0.19726 0.00037 ( 1)
 204 I   0.80164 0.00004 0.19830 0.00002 ( 1)
 205 E   0.80070 0.00175 0.19703 0.00053 ( 1)
 206 D   0.80162 0.00066 0.19751 0.00022 ( 1)
 207 V   0.80179 0.00014 0.19801 0.00006 ( 1)
 208 G   0.80173 0.00046 0.19765 0.00016 ( 1)
 209 S   0.80113 0.00126 0.19722 0.00039 ( 1)
 210 D   0.74024 0.05828 0.18236 0.01911 ( 1)
 211 E   0.68285 0.11461 0.16803 0.03451 ( 1)
 212 E   0.80112 0.00124 0.19725 0.00039 ( 1)
 213 E   0.80078 0.00166 0.19706 0.00050 ( 1)
 214 E   0.80069 0.00175 0.19703 0.00053 ( 1)
 215 E   0.80069 0.00175 0.19703 0.00053 ( 1)
 216 K   0.80069 0.00176 0.19703 0.00053 ( 1)
 217 K   0.80069 0.00176 0.19703 0.00053 ( 1)
 218 D   0.74422 0.05455 0.18334 0.01789 ( 1)
 219 G   0.80168 0.00053 0.19760 0.00018 ( 1)
 220 D   0.80167 0.00055 0.19759 0.00019 ( 1)
 221 K   0.80047 0.00194 0.19700 0.00059 ( 1)
 222 K   0.80071 0.00170 0.19707 0.00052 ( 1)
 223 K   0.71311 0.08544 0.17551 0.02594 ( 1)
 224 K   0.69584 0.10147 0.17129 0.03139 ( 1)
 225 K   0.69804 0.10006 0.17177 0.03012 ( 1)
 226 K   0.80069 0.00175 0.19703 0.00053 ( 1)
 227 I   0.80143 0.00087 0.19741 0.00028 ( 1)
 228 K   0.80069 0.00176 0.19703 0.00053 ( 1)
 229 E   0.80119 0.00117 0.19726 0.00037 ( 1)
 230 K   0.80124 0.00108 0.19732 0.00035 ( 1)
 231 Y   0.80149 0.00081 0.19744 0.00026 ( 1)
 232 I   0.80113 0.00127 0.19721 0.00039 ( 1)
 233 D   0.80156 0.00073 0.19747 0.00024 ( 1)
 234 Q   0.80134 0.00096 0.19739 0.00031 ( 1)
 235 E   0.80064 0.00180 0.19702 0.00054 ( 1)
 236 E   0.69865 0.09948 0.17192 0.02995 ( 1)
 237 L   0.79975 0.00282 0.19662 0.00080 ( 1)
 238 N   0.80172 0.00048 0.19764 0.00016 ( 1)
 239 K   0.80120 0.00113 0.19731 0.00036 ( 1)
 240 T   0.80149 0.00092 0.19731 0.00029 ( 1)
 241 K   0.80063 0.00181 0.19701 0.00054 ( 1)
 242 P   0.80170 0.00020 0.19802 0.00008 ( 1)
 243 I   0.80100 0.00139 0.19718 0.00043 ( 1)
 244 W   0.80155 0.00071 0.19750 0.00024 ( 1)
 245 T   0.80159 0.00065 0.19754 0.00022 ( 1)
 246 R   0.80179 0.00017 0.19798 0.00007 ( 1)
 247 N   0.80157 0.00006 0.19833 0.00003 ( 1)
 248 P   0.80181 0.00023 0.19787 0.00009 ( 1)
 249 D   0.80151 0.00078 0.19746 0.00026 ( 1)
 250 D   0.80164 0.00058 0.19759 0.00020 ( 1)
 251 I   0.80099 0.00140 0.19718 0.00043 ( 1)
 252 S   0.80177 0.00009 0.19811 0.00004 ( 1)
 253 N   0.80153 0.00010 0.19832 0.00005 ( 1)
 254 E   0.80077 0.00168 0.19705 0.00051 ( 1)
 255 E   0.80114 0.00123 0.19725 0.00038 ( 1)
 256 Y   0.80144 0.00090 0.19738 0.00029 ( 1)
 257 G   0.80178 0.00029 0.19782 0.00011 ( 1)
 258 E   0.80113 0.00123 0.19725 0.00039 ( 1)
 259 F   0.80189 0.00016 0.19790 0.00006 ( 1)
 260 Y   0.80144 0.00086 0.19743 0.00028 ( 1)
 261 K   0.80061 0.00183 0.19701 0.00055 ( 1)
 262 S   0.80161 0.00004 0.19833 0.00002 ( 1)
 263 L   0.79994 0.00256 0.19675 0.00074 ( 1)
 264 T   0.80158 0.00066 0.19754 0.00022 ( 1)
 265 N   0.80200 0.00021 0.19771 0.00007 ( 1)
 266 D   0.80163 0.00059 0.19758 0.00020 ( 1)
 267 W   0.80154 0.00072 0.19750 0.00024 ( 1)
 268 E   0.80071 0.00173 0.19703 0.00052 ( 1)
 269 D   0.80146 0.00083 0.19744 0.00027 ( 1)
 270 H   0.80176 0.00012 0.19807 0.00005 ( 1)
 271 L   0.79984 0.00266 0.19673 0.00077 ( 1)
 272 A   0.80171 0.00058 0.19752 0.00019 ( 1)
 273 V   0.80143 0.00085 0.19744 0.00028 ( 1)
 274 K   0.80042 0.00210 0.19687 0.00061 ( 1)
 275 H   0.19174 0.59374 0.04714 0.16739 ( 2)
 276 F   0.71785 0.08247 0.17648 0.02321 ( 1)
 277 S   0.80163 0.00110 0.19698 0.00030 ( 1)
 278 V   0.80228 0.00035 0.19727 0.00010 ( 1)
 279 E   0.80017 0.00261 0.19653 0.00068 ( 1)
 280 G   0.80208 0.00059 0.19716 0.00017 ( 1)
 281 Q   0.80098 0.00178 0.19677 0.00047 ( 1)
 282 L   0.79933 0.00348 0.19629 0.00090 ( 1)
 283 E   0.80017 0.00261 0.19653 0.00068 ( 1)
 284 F   0.80214 0.00052 0.19719 0.00015 ( 1)
 285 R   0.80226 0.00038 0.19725 0.00011 ( 1)
 286 A   0.80161 0.00112 0.19697 0.00030 ( 1)
 287 L   0.80171 0.00100 0.19701 0.00027 ( 1)
 288 L   0.80172 0.00100 0.19701 0.00027 ( 1)
 289 F   0.80250 0.00017 0.19729 0.00005 ( 1)
 290 V   0.80247 0.00021 0.19726 0.00006 ( 1)
 291 P   0.80252 0.00013 0.19732 0.00004 ( 1)
 292 R   0.80253 0.00012 0.19732 0.00003 ( 1)
 293 R   0.80238 0.00034 0.19719 0.00009 ( 1)
 294 A   0.80221 0.00053 0.19712 0.00014 ( 1)
 295 P   0.80249 0.00018 0.19728 0.00005 ( 1)
 296 F   0.80250 0.00017 0.19729 0.00005 ( 1)
 297 D   0.80225 0.00048 0.19714 0.00013 ( 1)
 298 L   0.79983 0.00301 0.19639 0.00077 ( 1)
 299 F   0.80248 0.00019 0.19727 0.00005 ( 1)
 300 E   0.80119 0.00161 0.19678 0.00042 ( 1)
 301 N   0.80231 0.00041 0.19717 0.00011 ( 1)
 302 R   0.80252 0.00012 0.19732 0.00003 ( 1)
 303 K   0.80119 0.00161 0.19678 0.00042 ( 1)
 304 K   0.80169 0.00108 0.19695 0.00029 ( 1)
 305 K   0.80119 0.00161 0.19678 0.00042 ( 1)
 306 N   0.80231 0.00041 0.19717 0.00011 ( 1)
 307 N   0.80231 0.00041 0.19717 0.00011 ( 1)
 308 I   0.80156 0.00122 0.19689 0.00032 ( 1)
 309 K   0.80119 0.00161 0.19678 0.00042 ( 1)
 310 L   0.80050 0.00232 0.19658 0.00060 ( 1)
 311 Y   0.80192 0.00084 0.19701 0.00023 ( 1)
 312 V   0.80253 0.00011 0.19733 0.00003 ( 1)
 313 R   0.80244 0.00001 0.19755 0.00000 ( 1)
 314 R   0.80253 0.00012 0.19732 0.00003 ( 1)
 315 V   0.80253 0.00011 0.19733 0.00003 ( 1)
 316 F   0.80249 0.00019 0.19728 0.00005 ( 1)
 317 I   0.80199 0.00076 0.19704 0.00020 ( 1)
 318 M   0.80251 0.00015 0.19730 0.00004 ( 1)
 319 D   0.80213 0.00060 0.19711 0.00016 ( 1)
 320 N   0.80231 0.00041 0.19717 0.00011 ( 1)
 321 C   0.80269 0.00002 0.19728 0.00001 ( 1)
 322 E   0.80171 0.00107 0.19694 0.00028 ( 1)
 323 E   0.80172 0.00105 0.19694 0.00028 ( 1)
 324 L   0.80186 0.00099 0.19689 0.00026 ( 1)
 325 I   0.80199 0.00076 0.19704 0.00020 ( 1)
 326 P   0.80248 0.00019 0.19727 0.00005 ( 1)
 327 D   0.80180 0.00104 0.19689 0.00027 ( 1)
 328 L   0.80191 0.00092 0.19693 0.00024 ( 1)
 329 P   0.80252 0.00027 0.19713 0.00007 ( 1)
 330 L   0.80045 0.00238 0.19655 0.00061 ( 1)
 331 N   0.76452 0.03784 0.18776 0.00988 ( 1)
 332 I   0.80138 0.00148 0.19676 0.00038 ( 1)
 333 S   0.80244 0.00037 0.19710 0.00010 ( 1)
 334 R   0.80237 0.00045 0.19706 0.00012 ( 1)
 335 E   0.80163 0.00122 0.19683 0.00031 ( 1)
 336 M   0.78720 0.01534 0.19338 0.00408 ( 1)
 337 L   0.64778 0.15416 0.15903 0.03903 ( 1)
 338 Q   0.80198 0.00087 0.19693 0.00022 ( 1)
 339 Q   0.80198 0.00087 0.19693 0.00022 ( 1)
 340 S   0.80268 0.00004 0.19726 0.00001 ( 1)
 341 K   0.80181 0.00104 0.19689 0.00027 ( 1)
 342 I   0.80145 0.00140 0.19678 0.00036 ( 1)
 343 L   0.80038 0.00250 0.19649 0.00063 ( 1)
 344 K   0.80181 0.00104 0.19689 0.00027 ( 1)
 345 V   0.79150 0.01108 0.19445 0.00296 ( 1)
 346 I   0.80154 0.00132 0.19680 0.00034 ( 1)
 347 R   0.80261 0.00017 0.19718 0.00004 ( 1)
 348 K   0.80105 0.00182 0.19667 0.00046 ( 1)
 349 N   0.80268 0.00004 0.19727 0.00001 ( 1)
 350 L   0.80042 0.00245 0.19650 0.00062 ( 1)
 351 V   0.80253 0.00027 0.19713 0.00007 ( 1)
 352 K   0.80181 0.00104 0.19689 0.00027 ( 1)
 353 K   0.80168 0.00116 0.19685 0.00030 ( 1)
 354 C   0.80241 0.00040 0.19708 0.00011 ( 1)
 355 L   0.80166 0.00118 0.19685 0.00030 ( 1)
 356 E   0.80105 0.00182 0.19667 0.00046 ( 1)
 357 L   0.80214 0.00069 0.19699 0.00018 ( 1)
 358 F   0.80255 0.00024 0.19714 0.00006 ( 1)
 359 T   0.80262 0.00015 0.19718 0.00004 ( 1)
 360 E   0.80105 0.00182 0.19667 0.00046 ( 1)
 361 L   0.79962 0.00327 0.19629 0.00082 ( 1)
 362 A   0.80211 0.00072 0.19697 0.00019 ( 1)
 363 E   0.80105 0.00182 0.19667 0.00046 ( 1)
 364 D   0.80206 0.00078 0.19696 0.00020 ( 1)
 365 K   0.80168 0.00116 0.19685 0.00030 ( 1)
 366 E   0.80163 0.00123 0.19683 0.00031 ( 1)
 367 N   0.80232 0.00050 0.19705 0.00013 ( 1)
 368 Y   0.80200 0.00084 0.19694 0.00022 ( 1)
 369 K   0.80105 0.00182 0.19667 0.00046 ( 1)
 370 K   0.80105 0.00182 0.19667 0.00046 ( 1)
 371 F   0.80257 0.00022 0.19715 0.00006 ( 1)
 372 Y   0.80184 0.00101 0.19689 0.00026 ( 1)
 373 E   0.80163 0.00122 0.19683 0.00031 ( 1)
 374 Q   0.80175 0.00111 0.19686 0.00028 ( 1)
 375 F   0.80255 0.00024 0.19714 0.00006 ( 1)
 376 S   0.80150 0.00135 0.19680 0.00035 ( 1)
 377 K   0.80179 0.00106 0.19688 0.00027 ( 1)
 378 N   0.80248 0.00034 0.19709 0.00009 ( 1)
 379 L   0.80204 0.00041 0.19742 0.00013 ( 1)
 380 G   0.80220 0.00016 0.19759 0.00005 ( 1)
 381 I   0.80206 0.00003 0.19790 0.00001 ( 1)
 382 H   0.80217 0.00014 0.19765 0.00005 ( 1)
 383 E   0.80109 0.00152 0.19696 0.00043 ( 1)
 384 D   0.80187 0.00063 0.19730 0.00019 ( 1)
 385 S   0.80175 0.00082 0.19719 0.00024 ( 1)
 386 Q   0.80185 0.00067 0.19728 0.00020 ( 1)
 387 N   0.80203 0.00002 0.19794 0.00001 ( 1)
 388 R   0.80206 0.00047 0.19733 0.00014 ( 1)
 389 K   0.80109 0.00153 0.19695 0.00043 ( 1)
 390 K   0.80161 0.00093 0.19719 0.00027 ( 1)
 391 L   0.80204 0.00041 0.19742 0.00013 ( 1)
 392 S   0.80224 0.00025 0.19744 0.00008 ( 1)
 393 E   0.80158 0.00099 0.19715 0.00029 ( 1)
 394 L   0.79980 0.00290 0.19652 0.00078 ( 1)
 395 L   0.80054 0.00212 0.19676 0.00058 ( 1)
 396 R   0.80217 0.00011 0.19768 0.00004 ( 1)
 397 Y   0.80185 0.00066 0.19729 0.00020 ( 1)
 398 Y   0.80184 0.00067 0.19729 0.00020 ( 1)
 399 T   0.80217 0.00010 0.19770 0.00003 ( 1)
 400 S   0.80147 0.00110 0.19711 0.00032 ( 1)
 401 A   0.80199 0.00049 0.19738 0.00015 ( 1)
 402 S   0.80147 0.00110 0.19711 0.00032 ( 1)
 403 G   0.80204 0.00042 0.19742 0.00013 ( 1)
 404 D   0.80187 0.00063 0.19730 0.00019 ( 1)
 405 E   0.80158 0.00099 0.19715 0.00029 ( 1)
 406 M   0.80217 0.00014 0.19765 0.00005 ( 1)
 407 V   0.80215 0.00011 0.19771 0.00004 ( 1)
 408 S   0.80178 0.00058 0.19746 0.00019 ( 1)
 409 L   0.80195 0.00053 0.19735 0.00016 ( 1)
 410 K   0.80109 0.00153 0.19695 0.00043 ( 1)
 411 D   0.80202 0.00044 0.19741 0.00013 ( 1)
 412 Y   0.80177 0.00074 0.19727 0.00022 ( 1)
 413 C   0.80212 0.00029 0.19750 0.00009 ( 1)
 414 T   0.80155 0.00103 0.19713 0.00030 ( 1)
 415 R   0.80217 0.00011 0.19769 0.00004 ( 1)
 416 M   0.80217 0.00014 0.19765 0.00005 ( 1)
 417 K   0.80109 0.00153 0.19695 0.00043 ( 1)
 418 E   0.80115 0.00146 0.19697 0.00041 ( 1)
 419 N   0.80207 0.00037 0.19744 0.00012 ( 1)
 420 Q   0.80165 0.00089 0.19720 0.00026 ( 1)
 421 K   0.80172 0.00083 0.19722 0.00024 ( 1)
 422 H   0.80215 0.00007 0.19775 0.00003 ( 1)
 423 I   0.80181 0.00071 0.19727 0.00021 ( 1)
 424 Y   0.80175 0.00079 0.19723 0.00023 ( 1)
 425 Y   0.80185 0.00066 0.19729 0.00020 ( 1)
 426 I   0.80179 0.00073 0.19726 0.00022 ( 1)
 427 T   0.00002 0.99998 0.00000 0.00000 ( 2)
 428 G   0.00000 1.00000 0.00000 0.00000 ( 2)
 429 E   0.80173 0.00067 0.19740 0.00021 ( 1)
 430 T   0.80188 0.00007 0.19802 0.00003 ( 1)
 431 K   0.80137 0.00110 0.19720 0.00033 ( 1)
 432 D   0.80198 0.00026 0.19767 0.00009 ( 1)
 433 Q   0.80179 0.00059 0.19743 0.00019 ( 1)
 434 V   0.80139 0.00000 0.19860 0.00000 ( 1)
 435 A   0.80201 0.00026 0.19764 0.00009 ( 1)
 436 N   0.80200 0.00022 0.19771 0.00007 ( 1)
 437 S   0.80195 0.00044 0.19747 0.00014 ( 1)
 438 A   0.80199 0.00011 0.19785 0.00004 ( 1)
 439 F   0.80195 0.00008 0.19794 0.00003 ( 1)
 440 V   0.80192 0.00039 0.19756 0.00013 ( 1)
 441 E   0.80147 0.00097 0.19726 0.00030 ( 1)
 442 R   0.80200 0.00019 0.19774 0.00007 ( 1)
 443 L   0.80190 0.00033 0.19766 0.00011 ( 1)
 444 R   0.80186 0.00003 0.19809 0.00001 ( 1)
 445 K   0.80137 0.00110 0.19720 0.00033 ( 1)
 446 H   0.80195 0.00006 0.19797 0.00002 ( 1)
 447 G   0.80200 0.00021 0.19771 0.00007 ( 1)
 448 L   0.80127 0.00128 0.19708 0.00037 ( 1)
 449 E   0.80146 0.00102 0.19722 0.00031 ( 1)
 450 V   0.80194 0.00037 0.19757 0.00012 ( 1)
 451 I   0.76910 0.03130 0.18945 0.01016 ( 1)
 452 Y   0.77198 0.02853 0.19017 0.00932 ( 1)
 453 M   0.80195 0.00006 0.19797 0.00002 ( 1)
 454 I   0.80189 0.00044 0.19752 0.00014 ( 1)
 455 E   0.80176 0.00064 0.19740 0.00020 ( 1)
 456 P   0.80198 0.00008 0.19791 0.00003 ( 1)
 457 I   0.80170 0.00072 0.19735 0.00022 ( 1)
 458 D   0.80195 0.00037 0.19756 0.00012 ( 1)
 459 E   0.80176 0.00064 0.19739 0.00020 ( 1)
 460 Y   0.80189 0.00047 0.19749 0.00015 ( 1)
 461 C   0.80126 0.00000 0.19874 0.00000 ( 1)
 462 V   0.80194 0.00037 0.19757 0.00012 ( 1)
 463 Q   0.80191 0.00043 0.19753 0.00014 ( 1)
 464 Q   0.80182 0.00057 0.19744 0.00018 ( 1)
 465 L   0.80033 0.00226 0.19677 0.00064 ( 1)
 466 K   0.80141 0.00106 0.19721 0.00032 ( 1)
 467 E   0.80176 0.00064 0.19740 0.00020 ( 1)
 468 F   0.79489 0.00647 0.19620 0.00244 ( 1)
 469 E   0.80176 0.00064 0.19740 0.00020 ( 1)
 470 G   0.80185 0.00003 0.19811 0.00001 ( 1)
 471 K   0.80141 0.00106 0.19721 0.00032 ( 1)
 472 T   0.80198 0.00028 0.19764 0.00010 ( 1)
 473 L   0.80177 0.00059 0.19746 0.00019 ( 1)
 474 V   0.80194 0.00037 0.19757 0.00012 ( 1)
 475 S   0.80198 0.00025 0.19769 0.00009 ( 1)
 476 V   0.80199 0.00009 0.19789 0.00003 ( 1)
 477 T   0.80198 0.00028 0.19764 0.00010 ( 1)
 478 K   0.80185 0.00052 0.19747 0.00017 ( 1)
 479 E   0.80176 0.00064 0.19740 0.00020 ( 1)
 480 G   0.80201 0.00020 0.19772 0.00007 ( 1)
 481 L   0.80033 0.00226 0.19677 0.00064 ( 1)
 482 E   0.80144 0.00101 0.19724 0.00031 ( 1)
 483 L   0.80200 0.00023 0.19769 0.00008 ( 1)
 484 P   0.80193 0.00005 0.19801 0.00002 ( 1)
 485 E   0.80169 0.00070 0.19739 0.00022 ( 1)
 486 D   0.80197 0.00027 0.19767 0.00009 ( 1)
 487 E   0.80145 0.00102 0.19722 0.00031 ( 1)
 488 E   0.80141 0.00106 0.19721 0.00032 ( 1)
 489 E   0.80176 0.00064 0.19740 0.00020 ( 1)
 490 K   0.80185 0.00052 0.19747 0.00017 ( 1)
 491 K   0.80141 0.00106 0.19721 0.00032 ( 1)
 492 K   0.80175 0.00061 0.19745 0.00020 ( 1)
 493 Q   0.80183 0.00056 0.19744 0.00018 ( 1)
 494 E   0.80140 0.00105 0.19722 0.00032 ( 1)
 495 E   0.80146 0.00101 0.19722 0.00031 ( 1)
