18
XM_004275758.3 0.0000000 0.0512567 0.0449824 0.0360862 0.0186543 0.0255671 0.0209387 0.0238620 0.0152188 0.0255620 0.0138522 0.0414248 0.0710107 0.0462915 0.0152198 0.0635490 0.0118096 0.0414248 
XM_007114449.2 0.0512567 0.0000000 0.0323387 0.0529638 0.0453775 0.0529247 0.0549549 0.0511008 0.0491110 0.0529138 0.0434898 0.0286755 0.0438249 0.0324466 0.0453543 0.0551715 0.0453611 0.0286755 
XM_007183613.3 0.0449824 0.0323387 0.0000000 0.0466102 0.0394758 0.0465781 0.0497182 0.0448539 0.0429934 0.0465689 0.0386581 0.0067036 0.0522898 0.0103612 0.0394568 0.0486525 0.0394623 0.0100786 
XM_007470102.1 0.0360862 0.0529638 0.0466102 0.0000000 0.0306878 0.0341854 0.0405572 0.0359849 0.0341649 0.0341787 0.0296670 0.0395196 0.0689063 0.0479641 0.0272014 0.0651646 0.0306774 0.0430574 
XM_022561027.2 0.0186543 0.0453775 0.0394758 0.0306878 0.0000000 0.0134656 0.0226157 0.0083947 0.0168611 0.0134630 0.0120544 0.0359597 0.0651383 0.0406140 0.0134563 0.0577738 0.0134581 0.0359597 
XM_024758109.1 0.0255671 0.0529247 0.0465781 0.0341854 0.0134656 0.0000000 0.0297287 0.0186078 0.0237242 0.0066987 0.0190405 0.0430281 0.0706977 0.0479300 0.0202861 0.0614488 0.0202888 0.0430281 
XM_027093668.1 0.0209387 0.0549549 0.0497182 0.0405572 0.0226157 0.0297287 0.0000000 0.0279793 0.0086093 0.0297227 0.0103468 0.0460560 0.0765775 0.0498855 0.0120847 0.0688827 0.0086110 0.0460560 
XM_029240509.1 0.0238620 0.0511008 0.0448539 0.0359849 0.0083947 0.0186078 0.0279793 0.0000000 0.0220291 0.0186042 0.0173088 0.0413073 0.0707968 0.0461553 0.0185949 0.0633600 0.0185974 0.0413073 
XM_060291967.1 0.0152188 0.0491110 0.0429934 0.0341649 0.0168611 0.0237242 0.0086093 0.0220291 0.0000000 0.0237196 0.0051398 0.0394623 0.0687996 0.0442362 0.0066947 0.0613996 0.0033396 0.0394623 
XM_032619678.1 0.0255620 0.0529138 0.0465689 0.0341787 0.0134630 0.0066987 0.0297227 0.0186042 0.0237196 0.0000000 0.0190367 0.0430197 0.0706838 0.0479204 0.0202821 0.0651042 0.0202848 0.0430197 
XM_033849156.1 0.0138522 0.0434898 0.0386581 0.0296670 0.0120544 0.0190405 0.0103468 0.0173088 0.0051398 0.0190367 0.0000000 0.0350603 0.0649262 0.0387851 0.0017085 0.0573840 0.0017088 0.0350603 
XM_036840677.1 0.0414248 0.0286755 0.0067036 0.0395196 0.0359597 0.0430281 0.0460560 0.0413073 0.0394623 0.0430197 0.0350603 0.0000000 0.0451017 0.0068912 0.0359425 0.0450715 0.0359474 0.0067038 
XM_059050386.1 0.0710107 0.0438249 0.0522898 0.0689063 0.0651383 0.0706977 0.0765775 0.0707968 0.0687996 0.0706838 0.0649262 0.0451017 0.0000000 0.0538248 0.0651055 0.0748959 0.0651150 0.0451017 
XM_059910004.1 0.0462915 0.0324466 0.0103612 0.0479641 0.0406140 0.0479300 0.0498855 0.0461553 0.0442362 0.0479204 0.0387851 0.0068912 0.0538248 0.0000000 0.0405938 0.0500763 0.0405996 0.0103615 
XM_060002531.1 0.0152198 0.0453543 0.0394568 0.0272014 0.0134563 0.0202861 0.0120847 0.0185949 0.0066947 0.0202821 0.0017085 0.0359425 0.0651055 0.0405938 0.0000000 0.0577451 0.0033398 0.0359425 
XM_060086923.1 0.0635490 0.0551715 0.0486525 0.0651646 0.0577738 0.0614488 0.0688827 0.0633600 0.0613996 0.0651042 0.0573840 0.0450715 0.0748959 0.0500763 0.0577451 0.0000000 0.0577534 0.0450715 
XM_060137808.1 0.0118096 0.0453611 0.0394623 0.0306774 0.0134581 0.0202888 0.0086110 0.0185974 0.0033396 0.0202848 0.0017088 0.0359474 0.0651150 0.0405996 0.0033398 0.0577534 0.0000000 0.0359474 
XM_061178943.1 0.0414248 0.0286755 0.0100786 0.0430574 0.0359597 0.0430281 0.0460560 0.0413073 0.0394623 0.0430197 0.0350603 0.0067038 0.0451017 0.0103615 0.0359425 0.0450715 0.0359474 0.0000000 
