13
XP_004275806.1 0.0000000 0.0000010 0.0000010 0.0011917 0.0011908 0.0012195 0.0023849 0.0011908 0.0011910 0.0000010 0.0023855 0.0000010 0.0011911 
XP_007114511.1 0.0000010 0.0000000 0.0000010 0.0012505 0.0012495 0.0012492 0.0025015 0.0012495 0.0012497 0.0000010 0.0025022 0.0000010 0.0012498 
XP_007183675.1 0.0000010 0.0000010 0.0000000 0.0011917 0.0011908 0.0012195 0.0023849 0.0011908 0.0011910 0.0000010 0.0023855 0.0000010 0.0011911 
XP_007470164.1 0.0011917 0.0012505 0.0011917 0.0000000 0.0023856 0.0024425 0.0035811 0.0023856 0.0023860 0.0012207 0.0035819 0.0012207 0.0023862 
XP_022416735.1 0.0011908 0.0012495 0.0011908 0.0023856 0.0000000 0.0024406 0.0035784 0.0023838 0.0023842 0.0012198 0.0035792 0.0012198 0.0023844 
XP_026949469.1 0.0012195 0.0012492 0.0012195 0.0024425 0.0024406 0.0000000 0.0036641 0.0024406 0.0024410 0.0012195 0.0036649 0.0012195 0.0024412 
XP_029096342.1 0.0023849 0.0025015 0.0023849 0.0035811 0.0035784 0.0036641 0.0000000 0.0035783 0.0035790 0.0024423 0.0047771 0.0024423 0.0035793 
XP_060147950.1 0.0011908 0.0012495 0.0011908 0.0023856 0.0023838 0.0024406 0.0035783 0.0000000 0.0023842 0.0012198 0.0035792 0.0012198 0.0023844 
XP_032475569.1 0.0011910 0.0012497 0.0011910 0.0023860 0.0023842 0.0024410 0.0035790 0.0023842 0.0000000 0.0012200 0.0035798 0.0012200 0.0023848 
XP_033705047.1 0.0000010 0.0000010 0.0000010 0.0012207 0.0012198 0.0012195 0.0024423 0.0012198 0.0012200 0.0000000 0.0024429 0.0000010 0.0012201 
XP_058906369.1 0.0023855 0.0025022 0.0023855 0.0035819 0.0035792 0.0036649 0.0047771 0.0035792 0.0035798 0.0024429 0.0000000 0.0024429 0.0035801 
XP_059765987.1 0.0000010 0.0000010 0.0000010 0.0012207 0.0012198 0.0012195 0.0024423 0.0012198 0.0012200 0.0000010 0.0024429 0.0000000 0.0012201 
XP_059942906.1 0.0011911 0.0012498 0.0011911 0.0023862 0.0023844 0.0024412 0.0035793 0.0023844 0.0023848 0.0012201 0.0035801 0.0012201 0.0000000 
