81
Bacu_CASQ2         0.0000000 0.0361280 0.0238931 0.0027068 0.0078527 0.0105117 0.0109399 0.0096838 0.0221441 0.0104808 0.0208139 0.0213498 0.0220841 0.0133202 0.0139242 0.0133202 0.0151662 0.0227225 0.0215569 0.0236663 0.0224608 0.0062951 0.0134041 0.0190497 0.0148472 0.0193886 0.0207029 0.0390142 0.0371451 0.0223118 0.0162078 0.0160166 0.0173518 0.0158355 0.0138713 0.0148464 0.0166814 0.0160166 0.0221184 0.0300914 0.0193886 0.0213384 0.0074040 0.0186185 0.0186185 0.0372667 0.0253171 0.0216580 0.0348952 0.0227225 0.0204206 0.0230570 0.0211917 0.0197936 0.0167550 0.0245106 0.0187142 0.0148868 0.0585005 0.0248726 0.0140982 0.0000010 0.0281892 0.0160176 0.0214030 0.0250594 0.0197936 0.0328804 0.0190396 0.0116607 0.0183421 0.0173372 0.0280807 0.0160075 0.0197398 0.0211328 0.0167351 0.0151662 0.0135921 0.0123484 0.0253152 
Barn_CASQ2         0.0361280 0.0000000 0.0096725 0.0315274 0.0313922 0.0360978 0.0360978 0.0359296 0.0098995 0.0293958 0.0377771 0.0318857 0.0311691 0.0225927 0.0225927 0.0225927 0.0225927 0.0473712 0.0225056 0.0129168 0.0225056 0.0325338 0.0225927 0.0272032 0.0272032 0.0132638 0.0197777 0.0414261 0.0413537 0.0271820 0.0225927 0.0271996 0.0364698 0.0225927 0.0225927 0.0271996 0.0271996 0.0271996 0.0310212 0.0226918 0.0132638 0.0177750 0.0243339 0.0132638 0.0132638 0.0176015 0.0177230 0.0177230 0.0250532 0.0473712 0.0154668 0.0176015 0.0132638 0.0364174 0.0239204 0.0272032 0.0318059 0.0273408 0.0788966 0.0221793 0.0225927 0.0000010 0.0362541 0.0272032 0.0221793 0.0408808 0.0362541 0.0362541 0.0271820 0.0259280 0.0225927 0.0225927 0.0385685 0.0271752 0.0273911 0.0271752 0.0271752 0.0225927 0.0225927 0.0225927 0.0132020 
Bbai76728_CASQ2    0.0238931 0.0096725 0.0000000 0.0209390 0.0208795 0.0239664 0.0239664 0.0238057 0.0146365 0.0204069 0.0281701 0.0242794 0.0239619 0.0149290 0.0149903 0.0149290 0.0172293 0.0308287 0.0180365 0.0192328 0.0180365 0.0247566 0.0149903 0.0207335 0.0179588 0.0088268 0.0137993 0.0336661 0.0336267 0.0149290 0.0181104 0.0179575 0.0228771 0.0172293 0.0149290 0.0179575 0.0179575 0.0179575 0.0206436 0.0148842 0.0088268 0.0118097 0.0078563 0.0088268 0.0088268 0.0157369 0.0135773 0.0117875 0.0191792 0.0308287 0.0097820 0.0097820 0.0101650 0.0240201 0.0187924 0.0275585 0.0209870 0.0180173 0.0564056 0.0208664 0.0151922 0.0000010 0.0310011 0.0179588 0.0178416 0.0269909 0.0239489 0.0366485 0.0207214 0.0172902 0.0208630 0.0187204 0.0341313 0.0179462 0.0212756 0.0232276 0.0180198 0.0172293 0.0152258 0.0149290 0.0135758 
BbonAUS_CASQ2      0.0027068 0.0315274 0.0209390 0.0000000 0.0054353 0.0081875 0.0081875 0.0081647 0.0176622 0.0110560 0.0208139 0.0191915 0.0188886 0.0111341 0.0111767 0.0111341 0.0127174 0.0228383 0.0196151 0.0213146 0.0196151 0.0031397 0.0111767 0.0159380 0.0139497 0.0166768 0.0172832 0.0343908 0.0343532 0.0195932 0.0140587 0.0139489 0.0139416 0.0127174 0.0111341 0.0139489 0.0139489 0.0139489 0.0221524 0.0263867 0.0166768 0.0195157 0.0078437 0.0166768 0.0166768 0.0318419 0.0222451 0.0194795 0.0310903 0.0228383 0.0183716 0.0197966 0.0190425 0.0195297 0.0146226 0.0227947 0.0167659 0.0139916 0.0555408 0.0223766 0.0113170 0.0000010 0.0247813 0.0139497 0.0195362 0.0223568 0.0195297 0.0287028 0.0159296 0.0078088 0.0160291 0.0144989 0.0223752 0.0139404 0.0169788 0.0176882 0.0139939 0.0127174 0.0113402 0.0111341 0.0222433 
Bbor_CASQ2         0.0078527 0.0313922 0.0208795 0.0054353 0.0000000 0.0026009 0.0027054 0.0025940 0.0176652 0.0175999 0.0208173 0.0121692 0.0188908 0.0106916 0.0111779 0.0106916 0.0121796 0.0219059 0.0188284 0.0202431 0.0196172 0.0127417 0.0107593 0.0159398 0.0133936 0.0166327 0.0172854 0.0333538 0.0342603 0.0195953 0.0135526 0.0133928 0.0139416 0.0127188 0.0111352 0.0133928 0.0139503 0.0133928 0.0212186 0.0262925 0.0166327 0.0186879 0.0074108 0.0159720 0.0159720 0.0316822 0.0221780 0.0189683 0.0309761 0.0219059 0.0175196 0.0197346 0.0181827 0.0187511 0.0140131 0.0218660 0.0160968 0.0107223 0.0553714 0.0214250 0.0113181 0.0000010 0.0246982 0.0133936 0.0187079 0.0222977 0.0187009 0.0285917 0.0159314 0.0078088 0.0153452 0.0145005 0.0223801 0.0133850 0.0169806 0.0176906 0.0139953 0.0121796 0.0109107 0.0106916 0.0221762 
Bede66737_CASQ2    0.0105117 0.0360978 0.0239664 0.0081875 0.0026009 0.0000000 0.0000010 0.0052090 0.0221245 0.0212251 0.0251298 0.0152801 0.0221393 0.0134182 0.0140315 0.0134182 0.0152937 0.0247399 0.0216029 0.0237298 0.0225108 0.0127821 0.0135034 0.0192177 0.0161356 0.0194838 0.0208476 0.0362665 0.0372541 0.0224854 0.0163289 0.0161347 0.0139899 0.0159747 0.0139778 0.0161347 0.0168098 0.0161347 0.0239602 0.0300952 0.0194838 0.0214394 0.0074381 0.0187062 0.0187062 0.0372302 0.0254596 0.0217622 0.0350348 0.0247399 0.0205262 0.0231350 0.0213055 0.0215115 0.0168846 0.0246962 0.0188529 0.0134570 0.0588438 0.0241936 0.0142083 0.0000010 0.0283664 0.0161356 0.0214616 0.0251835 0.0214544 0.0328553 0.0192074 0.0078392 0.0184978 0.0174761 0.0225050 0.0161254 0.0198942 0.0213400 0.0168644 0.0152937 0.0136943 0.0134182 0.0254577 
BedeAUS_CASQ2      0.0109399 0.0360978 0.0239664 0.0081875 0.0027054 0.0000010 0.0000000 0.0054187 0.0221245 0.0224092 0.0251298 0.0159597 0.0221393 0.0139778 0.0140315 0.0139778 0.0159747 0.0258008 0.0225108 0.0249959 0.0225108 0.0127821 0.0140315 0.0192177 0.0168109 0.0194838 0.0208476 0.0343624 0.0372541 0.0224854 0.0169434 0.0168098 0.0139899 0.0159747 0.0139778 0.0168098 0.0168098 0.0168098 0.0249525 0.0300952 0.0194838 0.0223342 0.0078437 0.0194838 0.0194838 0.0372302 0.0254596 0.0222920 0.0350348 0.0258008 0.0214667 0.0231350 0.0222507 0.0224111 0.0176247 0.0257539 0.0196422 0.0140199 0.0588438 0.0252058 0.0142083 0.0000010 0.0283664 0.0168109 0.0223567 0.0251835 0.0223495 0.0328553 0.0192074 0.0078392 0.0193292 0.0174761 0.0225050 0.0167998 0.0198942 0.0213400 0.0168644 0.0159747 0.0142376 0.0139778 0.0254577 
Bmus_CASQ2         0.0096838 0.0359296 0.0238057 0.0081647 0.0025940 0.0052090 0.0054187 0.0000000 0.0176652 0.0175999 0.0207963 0.0120882 0.0220674 0.0106292 0.0111095 0.0106292 0.0120985 0.0176292 0.0215429 0.0202431 0.0224456 0.0159512 0.0106961 0.0158286 0.0123441 0.0193227 0.0137499 0.0335506 0.0344682 0.0194753 0.0134723 0.0133145 0.0138355 0.0126304 0.0110674 0.0123435 0.0138651 0.0133145 0.0171214 0.0299532 0.0193227 0.0212689 0.0110868 0.0185578 0.0185578 0.0370258 0.0252190 0.0215864 0.0347305 0.0176292 0.0203475 0.0229639 0.0211130 0.0148082 0.0139364 0.0217347 0.0160016 0.0098814 0.0517729 0.0224814 0.0112481 0.0000010 0.0209980 0.0133152 0.0188108 0.0193857 0.0147721 0.0244785 0.0158203 0.0077424 0.0152420 0.0144084 0.0223496 0.0133068 0.0168754 0.0175535 0.0139096 0.0120985 0.0108457 0.0098554 0.0252172 
Bmys_CASQ2         0.0221441 0.0098995 0.0146365 0.0176622 0.0176652 0.0221245 0.0221245 0.0176652 0.0000000 0.0141625 0.0000010 0.0106565 0.0106713 0.0043263 0.0043263 0.0043263 0.0052969 0.0086874 0.0000010 0.0043317 0.0000010 0.0167083 0.0043263 0.0052969 0.0043263 0.0132061 0.0062288 0.0273268 0.0226809 0.0086779 0.0087890 0.0043263 0.0062380 0.0052969 0.0043263 0.0043263 0.0043263 0.0043263 0.0086948 0.0185933 0.0132061 0.0176922 0.0080846 0.0132061 0.0132061 0.0214485 0.0162300 0.0132061 0.0314044 0.0086874 0.0132061 0.0147287 0.0162300 0.0130573 0.0130573 0.0178820 0.0043263 0.0087240 0.0259659 0.0131801 0.0043916 0.0000010 0.0192087 0.0043263 0.0087551 0.0175076 0.0130573 0.0167615 0.0106307 0.0077917 0.0107402 0.0091272 0.0114618 0.0043263 0.0087890 0.0063469 0.0043263 0.0052969 0.0044055 0.0043263 0.0216836 
Bphy_CASQ2         0.0104808 0.0293958 0.0204069 0.0110560 0.0175999 0.0212251 0.0224092 0.0175999 0.0141625 0.0000000 0.0058162 0.0167154 0.0131883 0.0104880 0.0111202 0.0104880 0.0124811 0.0140273 0.0177943 0.0215154 0.0187928 0.0090074 0.0105749 0.0132478 0.0104880 0.0187106 0.0151383 0.0254848 0.0226174 0.0147862 0.0142406 0.0104880 0.0100485 0.0132478 0.0110640 0.0104880 0.0110640 0.0104880 0.0104880 0.0286962 0.0187106 0.0177210 0.0051403 0.0177210 0.0177210 0.0404282 0.0224654 0.0181187 0.0298038 0.0140273 0.0158816 0.0187386 0.0211402 0.0175592 0.0175592 0.0215302 0.0104880 0.0140751 0.0300892 0.0176933 0.0113060 0.0078969 0.0257843 0.0104880 0.0141155 0.0223403 0.0175592 0.0321779 0.0177113 0.0119723 0.0168191 0.0155771 0.0209675 0.0104880 0.0188439 0.0153698 0.0111202 0.0124811 0.0107706 0.0104880 0.0223180 
Ccom40_CASQ2       0.0208139 0.0377771 0.0281701 0.0208139 0.0208173 0.0251298 0.0251298 0.0207963 0.0000010 0.0058162 0.0000000 0.0092093 0.0185479 0.0081914 0.0081914 0.0081914 0.0091773 0.0262331 0.0207389 0.0058520 0.0207389 0.0190991 0.0081914 0.0138164 0.0123279 0.0209657 0.0208400 0.0211530 0.0254571 0.0206411 0.0124700 0.0040894 0.0105557 0.0091773 0.0081914 0.0040894 0.0040894 0.0040894 0.0249360 0.0369148 0.0209657 0.0209657 0.0301988 0.0209657 0.0209657 0.0317541 0.0238554 0.0212052 0.0381646 0.0262331 0.0209657 0.0232588 0.0235516 0.0211065 0.0224202 0.0123279 0.0164743 0.0123823 0.0690343 0.0210148 0.0081914 0.0000010 0.0278725 0.0123279 0.0210148 0.0209610 0.0211065 0.0278725 0.0138060 0.0126417 0.0139301 0.0124700 0.0128328 0.0123158 0.0124700 0.0161181 0.0123158 0.0091773 0.0081914 0.0081914 0.0233891 
Chea7320_CASQ2     0.0213498 0.0318857 0.0242794 0.0191915 0.0121692 0.0152801 0.0159597 0.0120882 0.0106565 0.0167154 0.0092093 0.0000000 0.0190398 0.0059677 0.0062250 0.0059677 0.0059677 0.0187629 0.0215355 0.0157315 0.0225021 0.0162311 0.0059677 0.0093629 0.0089735 0.0190763 0.0138081 0.0287571 0.0296619 0.0156623 0.0090648 0.0029799 0.0034026 0.0062250 0.0062250 0.0029799 0.0031088 0.0029799 0.0211801 0.0265155 0.0190763 0.0213801 0.0176231 0.0182664 0.0182664 0.0322691 0.0192405 0.0187165 0.0312453 0.0187629 0.0203184 0.0233387 0.0182664 0.0183219 0.0191341 0.0089735 0.0119845 0.0059867 0.0531277 0.0246751 0.0062250 0.0000010 0.0212582 0.0089735 0.0184329 0.0190378 0.0183219 0.0248318 0.0093582 0.0038176 0.0090206 0.0094441 0.0164233 0.0089671 0.0126822 0.0103654 0.0093559 0.0059677 0.0059677 0.0059677 0.0222822 
Cmar59905_CASQ2    0.0220841 0.0311691 0.0239619 0.0188886 0.0188908 0.0221393 0.0221393 0.0220674 0.0106713 0.0131883 0.0185479 0.0190398 0.0000000 0.0126186 0.0126186 0.0126186 0.0126186 0.0326889 0.0158358 0.0208669 0.0158358 0.0159715 0.0126186 0.0158132 0.0158132 0.0188932 0.0171362 0.0324967 0.0324563 0.0222160 0.0159537 0.0158121 0.0208725 0.0126186 0.0126186 0.0158121 0.0158121 0.0158121 0.0187527 0.0261377 0.0188932 0.0221165 0.0184273 0.0188932 0.0188932 0.0261252 0.0220694 0.0220694 0.0307851 0.0326889 0.0175524 0.0191312 0.0188932 0.0286595 0.0235353 0.0158132 0.0190079 0.0158673 0.0642591 0.0189669 0.0126186 0.0077500 0.0318286 0.0158132 0.0157661 0.0318969 0.0286595 0.0368398 0.0158049 0.0155936 0.0159028 0.0159537 0.0221184 0.0158014 0.0192831 0.0175341 0.0158014 0.0126186 0.0126186 0.0126186 0.0220676 
Dcap108471_CASQ2   0.0133202 0.0225927 0.0149290 0.0111341 0.0106916 0.0134182 0.0139778 0.0106292 0.0043263 0.0104880 0.0081914 0.0059677 0.0126186 0.0000000 0.0000010 0.0000010 0.0000010 0.0163824 0.0134198 0.0099654 0.0139796 0.0096784 0.0000010 0.0031018 0.0026181 0.0110767 0.0068570 0.0279571 0.0257979 0.0082011 0.0026480 0.0026180 0.0068139 0.0000010 0.0000010 0.0026180 0.0027239 0.0026180 0.0132287 0.0188085 0.0110767 0.0133365 0.0113311 0.0106378 0.0106378 0.0213064 0.0158259 0.0135365 0.0232704 0.0163824 0.0116675 0.0131705 0.0121095 0.0160456 0.0110784 0.0106803 0.0052445 0.0026253 0.0420787 0.0161437 0.0000010 0.0000010 0.0211990 0.0026181 0.0107225 0.0166376 0.0160456 0.0247502 0.0031002 0.0000010 0.0029887 0.0028284 0.0054156 0.0026164 0.0055233 0.0034317 0.0027325 0.0000010 0.0000010 0.0000010 0.0158244 
Dcap79929_CASQ2    0.0139242 0.0225927 0.0149903 0.0111767 0.0111779 0.0140315 0.0140315 0.0111095 0.0043263 0.0111202 0.0081914 0.0062250 0.0126186 0.0000010 0.0000000 0.0000010 0.0000010 0.0171449 0.0140334 0.0105345 0.0140334 0.0096784 0.0000010 0.0031018 0.0027343 0.0111189 0.0068570 0.0259266 0.0258977 0.0082320 0.0027548 0.0027342 0.0068139 0.0000010 0.0000010 0.0027342 0.0027342 0.0027342 0.0138242 0.0188085 0.0111189 0.0139420 0.0119603 0.0111189 0.0111189 0.0213064 0.0158259 0.0139170 0.0232704 0.0171449 0.0122488 0.0132302 0.0126423 0.0167767 0.0116008 0.0111653 0.0054779 0.0027421 0.0422621 0.0168839 0.0000010 0.0000010 0.0211990 0.0027343 0.0112117 0.0167009 0.0167767 0.0247502 0.0031002 0.0000010 0.0031184 0.0028284 0.0054156 0.0027325 0.0055444 0.0034317 0.0027325 0.0000010 0.0000010 0.0000010 0.0158244 
DdelSJR_CASQ2      0.0133202 0.0225927 0.0149290 0.0111341 0.0106916 0.0134182 0.0139778 0.0106292 0.0043263 0.0104880 0.0081914 0.0059677 0.0126186 0.0000010 0.0000010 0.0000000 0.0000010 0.0163824 0.0134198 0.0099654 0.0139796 0.0096784 0.0000010 0.0031018 0.0026181 0.0110767 0.0068570 0.0279571 0.0257979 0.0082011 0.0026480 0.0026180 0.0068139 0.0000010 0.0000010 0.0026180 0.0027239 0.0026180 0.0132287 0.0188085 0.0110767 0.0133365 0.0113311 0.0106378 0.0106378 0.0213064 0.0158259 0.0135365 0.0232704 0.0163824 0.0116675 0.0131705 0.0121095 0.0160456 0.0110784 0.0106803 0.0052445 0.0026253 0.0420787 0.0161437 0.0000010 0.0000010 0.0211990 0.0026181 0.0107225 0.0166376 0.0160456 0.0247502 0.0031002 0.0000010 0.0029887 0.0028284 0.0054156 0.0026164 0.0055233 0.0034317 0.0027325 0.0000010 0.0000010 0.0000010 0.0158244 
Ddeltrop4525_CASQ2 0.0151662 0.0225927 0.0172293 0.0127174 0.0121796 0.0152937 0.0159747 0.0120985 0.0052969 0.0124811 0.0091773 0.0059677 0.0126186 0.0000010 0.0000010 0.0000010 0.0000000 0.0187172 0.0152961 0.0117476 0.0159774 0.0096784 0.0000010 0.0031018 0.0029734 0.0126423 0.0068570 0.0319424 0.0295831 0.0093433 0.0030033 0.0029733 0.0068139 0.0000010 0.0000010 0.0029733 0.0031016 0.0029733 0.0150475 0.0188085 0.0126423 0.0151874 0.0131706 0.0121095 0.0121095 0.0213064 0.0158259 0.0154006 0.0232704 0.0187172 0.0134608 0.0154453 0.0121095 0.0182784 0.0126831 0.0029734 0.0059587 0.0029827 0.0491563 0.0184058 0.0000010 0.0000010 0.0211990 0.0029734 0.0122197 0.0189907 0.0182784 0.0247502 0.0031002 0.0000010 0.0029887 0.0031283 0.0054156 0.0029712 0.0063013 0.0034317 0.0030994 0.0000010 0.0000010 0.0000010 0.0158244 
Dleu_CASQ2         0.0227225 0.0473712 0.0308287 0.0228383 0.0219059 0.0247399 0.0258008 0.0176292 0.0086874 0.0140273 0.0262331 0.0187629 0.0326889 0.0163824 0.0171449 0.0163824 0.0187172 0.0000000 0.0249244 0.0133271 0.0260022 0.0301269 0.0164873 0.0228889 0.0177209 0.0256689 0.0213422 0.0346279 0.0325708 0.0228472 0.0193879 0.0136386 0.0143160 0.0195692 0.0170781 0.0126214 0.0142173 0.0136386 0.0226574 0.0391444 0.0256689 0.0274329 0.0230993 0.0246187 0.0246187 0.0507058 0.0296790 0.0252350 0.0444393 0.0000010 0.0270752 0.0307022 0.0281287 0.0151292 0.0168926 0.0279314 0.0219219 0.0177697 0.0462646 0.0257012 0.0173649 0.0000010 0.0217328 0.0191539 0.0221686 0.0169621 0.0151292 0.0254846 0.0228762 0.0202423 0.0220141 0.0207759 0.0355430 0.0191417 0.0231581 0.0254780 0.0200343 0.0187172 0.0167248 0.0151590 0.0327156 
EausAUS_CASQ2      0.0215569 0.0225056 0.0180365 0.0196151 0.0188284 0.0216029 0.0225108 0.0215429 0.0000010 0.0177943 0.0207389 0.0215355 0.0158358 0.0134198 0.0140334 0.0134198 0.0152961 0.0249244 0.0000000 0.0032723 0.0000010 0.0195070 0.0135051 0.0192217 0.0161380 0.0139608 0.0139040 0.0278816 0.0257251 0.0168057 0.0163313 0.0161370 0.0246983 0.0159774 0.0139796 0.0161370 0.0168125 0.0161370 0.0133180 0.0227627 0.0139608 0.0161309 0.0152385 0.0134027 0.0134027 0.0156359 0.0191704 0.0163747 0.0273879 0.0249244 0.0116581 0.0131267 0.0152735 0.0216602 0.0197888 0.0247018 0.0188561 0.0161851 0.0492509 0.0133953 0.0142102 0.0079155 0.0287313 0.0161380 0.0106924 0.0254365 0.0216602 0.0289625 0.0192113 0.0198069 0.0185013 0.0174791 0.0220466 0.0161277 0.0198980 0.0213454 0.0168670 0.0152961 0.0136960 0.0134198 0.0191687 
Egla13086_CASQ2    0.0236663 0.0129168 0.0192328 0.0213146 0.0202431 0.0237298 0.0249959 0.0202431 0.0043317 0.0215154 0.0058520 0.0157315 0.0208669 0.0099654 0.0105345 0.0099654 0.0117476 0.0133271 0.0032723 0.0000000 0.0034395 0.0215311 0.0100438 0.0124257 0.0099654 0.0177185 0.0140742 0.0317128 0.0254114 0.0140103 0.0135194 0.0099654 0.0140871 0.0124257 0.0104839 0.0099654 0.0104839 0.0099654 0.0133359 0.0264325 0.0177185 0.0202675 0.0157707 0.0168283 0.0168283 0.0169398 0.0210522 0.0171869 0.0274484 0.0133271 0.0149726 0.0174865 0.0198841 0.0166825 0.0166825 0.0204341 0.0099654 0.0133702 0.0240268 0.0168035 0.0107010 0.0160976 0.0189600 0.0099654 0.0134068 0.0211633 0.0166825 0.0172304 0.0166099 0.0109221 0.0158232 0.0147179 0.0089223 0.0099654 0.0178378 0.0094193 0.0105345 0.0117476 0.0102202 0.0099654 0.0253006 
Ejap43864_CASQ2    0.0224608 0.0225056 0.0180365 0.0196151 0.0196172 0.0225108 0.0225108 0.0224456 0.0000010 0.0187928 0.0207389 0.0225021 0.0158358 0.0139796 0.0140334 0.0139796 0.0159774 0.0260022 0.0000010 0.0034395 0.0000000 0.0195070 0.0140334 0.0192217 0.0168135 0.0139608 0.0139040 0.0257535 0.0257251 0.0168057 0.0169462 0.0168125 0.0246983 0.0159774 0.0139796 0.0168125 0.0168125 0.0168125 0.0138690 0.0227627 0.0139608 0.0168055 0.0160937 0.0139608 0.0139608 0.0156359 0.0191704 0.0167746 0.0273879 0.0260022 0.0121874 0.0131267 0.0159526 0.0225736 0.0206620 0.0257602 0.0196458 0.0168646 0.0492509 0.0139529 0.0142102 0.0079155 0.0287313 0.0168135 0.0111360 0.0254365 0.0225736 0.0289625 0.0192113 0.0198069 0.0193332 0.0174791 0.0220466 0.0168024 0.0198980 0.0213454 0.0168670 0.0159774 0.0142396 0.0139796 0.0191687 
Erob133443_CASQ2   0.0062951 0.0325338 0.0247566 0.0031397 0.0127417 0.0127821 0.0127821 0.0159512 0.0167083 0.0090074 0.0190991 0.0162311 0.0159715 0.0096784 0.0096784 0.0096784 0.0096784 0.0301269 0.0195070 0.0215311 0.0195070 0.0000000 0.0096784 0.0129392 0.0129392 0.0194651 0.0140490 0.0403325 0.0402809 0.0194822 0.0130563 0.0129384 0.0139416 0.0096784 0.0096784 0.0129384 0.0129384 0.0129384 0.0258368 0.0270870 0.0194651 0.0227900 0.0139091 0.0194651 0.0194651 0.0330470 0.0227397 0.0227397 0.0319432 0.0301269 0.0218139 0.0238546 0.0194651 0.0260701 0.0206682 0.0129392 0.0162035 0.0129841 0.0666763 0.0261433 0.0096784 0.0000010 0.0329252 0.0129392 0.0228173 0.0328841 0.0295431 0.0383198 0.0096784 0.0078088 0.0130136 0.0130563 0.0223752 0.0129293 0.0164422 0.0143828 0.0129293 0.0096784 0.0096784 0.0096784 0.0227378 
Fatt_CASQ2         0.0134041 0.0225927 0.0149903 0.0111767 0.0107593 0.0135034 0.0140315 0.0106961 0.0043263 0.0105749 0.0081914 0.0059677 0.0126186 0.0000010 0.0000010 0.0000010 0.0000010 0.0164873 0.0135051 0.0100438 0.0140334 0.0096784 0.0000000 0.0031018 0.0026344 0.0111189 0.0068570 0.0280635 0.0258977 0.0082320 0.0026577 0.0026343 0.0068139 0.0000010 0.0000010 0.0026343 0.0027342 0.0026343 0.0133115 0.0188085 0.0111189 0.0134206 0.0113311 0.0107048 0.0107048 0.0213064 0.0158259 0.0135869 0.0232704 0.0164873 0.0117480 0.0132302 0.0121095 0.0161472 0.0111502 0.0107478 0.0052771 0.0026416 0.0422621 0.0162464 0.0000010 0.0000010 0.0211990 0.0026344 0.0107906 0.0167009 0.0161472 0.0247502 0.0031002 0.0000010 0.0029887 0.0028284 0.0054156 0.0026327 0.0055444 0.0034317 0.0027325 0.0000010 0.0000010 0.0000010 0.0158244 
Gmac39091_CASQ2    0.0190497 0.0272032 0.0207335 0.0159380 0.0159398 0.0192177 0.0192177 0.0158286 0.0052969 0.0132478 0.0138164 0.0093629 0.0158132 0.0031018 0.0031018 0.0031018 0.0031018 0.0228889 0.0192217 0.0124257 0.0192217 0.0129392 0.0031018 0.0000000 0.0000010 0.0158431 0.0103158 0.0329847 0.0329430 0.0124887 0.0062735 0.0062195 0.0102494 0.0031018 0.0031018 0.0062195 0.0062195 0.0062195 0.0188927 0.0226369 0.0158431 0.0190777 0.0187799 0.0158431 0.0158431 0.0267419 0.0190375 0.0190375 0.0272289 0.0228889 0.0177043 0.0193675 0.0158431 0.0223241 0.0132688 0.0000010 0.0031018 0.0062403 0.0490248 0.0224879 0.0031018 0.0000010 0.0247978 0.0000010 0.0159938 0.0222074 0.0223241 0.0289578 0.0062167 0.0038178 0.0062536 0.0062735 0.0108827 0.0062151 0.0094784 0.0068839 0.0062151 0.0031018 0.0031018 0.0031018 0.0190358 
Gmel_CASQ2         0.0148472 0.0272032 0.0179588 0.0139497 0.0133936 0.0161356 0.0168109 0.0123441 0.0043263 0.0104880 0.0123279 0.0089735 0.0158132 0.0026181 0.0027343 0.0026181 0.0029734 0.0177209 0.0161380 0.0099654 0.0168135 0.0129392 0.0026344 0.0000010 0.0000000 0.0138773 0.0103158 0.0308127 0.0287225 0.0109591 0.0053081 0.0052477 0.0102494 0.0031018 0.0027240 0.0048701 0.0054607 0.0052477 0.0147523 0.0226369 0.0138773 0.0160373 0.0151563 0.0133258 0.0133258 0.0267419 0.0190375 0.0162782 0.0272289 0.0177209 0.0146187 0.0165083 0.0151732 0.0173829 0.0110784 0.0079974 0.0026181 0.0048827 0.0419831 0.0174815 0.0027679 0.0000010 0.0247978 0.0000010 0.0134316 0.0194512 0.0173829 0.0289578 0.0062167 0.0038178 0.0059939 0.0056707 0.0108827 0.0052445 0.0083048 0.0068839 0.0054779 0.0029734 0.0026706 0.0024297 0.0190358 
Hamp_CASQ2         0.0193886 0.0132638 0.0088268 0.0166768 0.0166327 0.0194838 0.0194838 0.0193227 0.0132061 0.0187106 0.0209657 0.0190763 0.0188932 0.0110767 0.0111189 0.0110767 0.0126423 0.0256689 0.0139608 0.0177185 0.0139608 0.0194651 0.0111189 0.0158431 0.0138773 0.0000000 0.0102794 0.0283919 0.0283609 0.0138710 0.0139851 0.0138765 0.0172563 0.0126423 0.0110767 0.0138765 0.0138765 0.0138765 0.0164258 0.0036182 0.0000010 0.0026993 0.0038779 0.0000010 0.0000010 0.0000010 0.0030643 0.0026950 0.0074540 0.0256689 0.0000010 0.0000010 0.0000010 0.0194842 0.0175322 0.0226721 0.0166784 0.0139187 0.0484091 0.0194240 0.0112577 0.0000010 0.0246216 0.0138773 0.0138219 0.0222432 0.0194307 0.0287187 0.0158348 0.0115891 0.0159331 0.0144206 0.0281221 0.0138681 0.0168890 0.0175711 0.0139210 0.0126423 0.0112806 0.0110767 0.0093503 
Igeo_CASQ2         0.0207029 0.0197777 0.0137993 0.0172832 0.0172854 0.0208476 0.0208476 0.0137499 0.0062288 0.0151383 0.0208400 0.0138081 0.0171362 0.0068570 0.0068570 0.0068570 0.0068570 0.0213422 0.0139040 0.0140742 0.0139040 0.0140490 0.0068570 0.0103158 0.0103158 0.0102794 0.0000000 0.0250273 0.0249928 0.0068570 0.0104149 0.0103152 0.0152684 0.0068570 0.0068570 0.0103152 0.0103152 0.0103152 0.0102055 0.0150664 0.0102794 0.0137591 0.0093659 0.0102794 0.0102794 0.0156088 0.0137286 0.0137286 0.0194180 0.0213422 0.0115989 0.0115989 0.0102794 0.0137989 0.0146819 0.0103158 0.0137834 0.0103537 0.0501922 0.0104085 0.0068570 0.0000010 0.0154685 0.0103158 0.0104085 0.0137225 0.0137989 0.0179027 0.0103100 0.0086237 0.0103785 0.0104149 0.0164817 0.0103073 0.0139976 0.0115482 0.0103073 0.0068570 0.0068570 0.0068570 0.0137271 
Kbre_CASQ2         0.0390142 0.0414261 0.0336661 0.0343908 0.0333538 0.0362665 0.0343624 0.0335506 0.0273268 0.0254848 0.0211530 0.0287571 0.0324967 0.0279571 0.0259266 0.0279571 0.0319424 0.0346279 0.0278816 0.0317128 0.0257535 0.0403325 0.0280635 0.0329847 0.0308127 0.0283919 0.0250273 0.0000000 0.0110017 0.0287400 0.0310612 0.0251427 0.0288579 0.0296205 0.0258264 0.0251427 0.0229382 0.0251427 0.0220411 0.0426454 0.0283919 0.0275917 0.0269875 0.0304348 0.0304348 0.0435583 0.0328012 0.0279156 0.0479877 0.0346279 0.0335098 0.0338399 0.0347180 0.0309987 0.0350621 0.0400411 0.0336557 0.0250308 0.0606089 0.0190923 0.0262614 0.0000010 0.0369410 0.0308127 0.0163283 0.0317848 0.0309124 0.0340850 0.0329655 0.0326295 0.0354247 0.0299243 0.0470617 0.0307933 0.0320978 0.0367509 0.0288479 0.0319424 0.0284755 0.0279571 0.0357909 
Ksim_CASQ2         0.0371451 0.0413537 0.0336267 0.0343532 0.0342603 0.0372541 0.0372541 0.0344682 0.0226809 0.0226174 0.0254571 0.0296619 0.0324563 0.0257979 0.0258977 0.0257979 0.0295831 0.0325708 0.0257251 0.0254114 0.0257251 0.0402809 0.0258977 0.0329430 0.0287225 0.0283609 0.0249928 0.0110017 0.0000000 0.0287082 0.0289593 0.0229128 0.0326318 0.0295831 0.0257979 0.0229128 0.0229128 0.0229128 0.0255656 0.0425826 0.0283609 0.0312894 0.0280355 0.0283609 0.0283609 0.0434683 0.0327600 0.0285817 0.0479150 0.0325708 0.0313066 0.0337961 0.0324688 0.0288995 0.0329936 0.0381449 0.0316360 0.0288147 0.0605322 0.0167674 0.0262319 0.0000010 0.0368889 0.0287225 0.0139408 0.0317495 0.0288162 0.0340295 0.0329240 0.0369223 0.0331475 0.0298899 0.0469568 0.0287039 0.0320619 0.0366994 0.0288160 0.0295831 0.0262883 0.0257979 0.0357464 
Lacu_CASQ2         0.0223118 0.0271820 0.0149290 0.0195932 0.0195953 0.0224854 0.0224854 0.0194753 0.0086779 0.0147862 0.0206411 0.0156623 0.0222160 0.0082011 0.0082320 0.0082011 0.0093433 0.0228472 0.0168057 0.0140103 0.0168057 0.0194822 0.0082320 0.0124887 0.0109591 0.0138710 0.0068570 0.0287400 0.0287082 0.0000000 0.0110427 0.0109586 0.0171487 0.0093433 0.0082011 0.0109586 0.0109586 0.0109586 0.0165547 0.0188085 0.0138710 0.0166961 0.0119603 0.0138710 0.0138710 0.0213064 0.0190274 0.0166657 0.0232704 0.0228472 0.0152775 0.0131705 0.0158348 0.0195310 0.0173914 0.0195739 0.0137194 0.0109912 0.0453742 0.0196559 0.0083334 0.0077587 0.0247828 0.0109591 0.0139862 0.0194422 0.0195310 0.0289370 0.0124823 0.0115103 0.0125579 0.0113820 0.0163763 0.0109519 0.0138893 0.0138274 0.0109932 0.0093433 0.0083501 0.0082011 0.0190257 
Lalb_CASQ2         0.0162078 0.0225927 0.0181104 0.0140587 0.0135526 0.0163289 0.0169434 0.0134723 0.0087890 0.0142406 0.0124700 0.0090648 0.0159537 0.0026480 0.0027548 0.0026480 0.0030033 0.0193879 0.0163313 0.0135194 0.0169462 0.0130563 0.0026577 0.0062735 0.0053081 0.0139851 0.0104149 0.0310612 0.0289593 0.0110427 0.0000000 0.0053079 0.0103470 0.0031283 0.0027444 0.0053079 0.0055018 0.0053079 0.0160943 0.0228803 0.0139851 0.0162280 0.0153542 0.0134830 0.0134830 0.0213064 0.0192082 0.0164024 0.0232704 0.0193879 0.0148084 0.0166618 0.0153316 0.0189822 0.0140490 0.0135380 0.0079749 0.0053229 0.0420787 0.0191002 0.0027889 0.0079380 0.0211990 0.0053081 0.0135918 0.0196040 0.0189822 0.0247502 0.0062703 0.0000010 0.0060547 0.0000010 0.0054156 0.0053047 0.0027343 0.0034317 0.0055192 0.0030033 0.0026946 0.0026480 0.0192064 
Laus_CASQ2         0.0160166 0.0271996 0.0179575 0.0139489 0.0133928 0.0161347 0.0168098 0.0133145 0.0043263 0.0104880 0.0040894 0.0029799 0.0158121 0.0026180 0.0027342 0.0026180 0.0029733 0.0136386 0.0161370 0.0099654 0.0168125 0.0129384 0.0026343 0.0062195 0.0052477 0.0138765 0.0103152 0.0251427 0.0229128 0.0109586 0.0053079 0.0000000 0.0034026 0.0031016 0.0027239 0.0000010 0.0000010 0.0000010 0.0159058 0.0226346 0.0138765 0.0160364 0.0151551 0.0133251 0.0133251 0.0267378 0.0159773 0.0136469 0.0272257 0.0136386 0.0146178 0.0165071 0.0151723 0.0133601 0.0138776 0.0133787 0.0078835 0.0052622 0.0420787 0.0188717 0.0027678 0.0000010 0.0176459 0.0052477 0.0134309 0.0138524 0.0133601 0.0206021 0.0062164 0.0038176 0.0059937 0.0056704 0.0108816 0.0052443 0.0083044 0.0068836 0.0054776 0.0029733 0.0026705 0.0026180 0.0190344 
Lbor_CASQ2         0.0173518 0.0364698 0.0228771 0.0139416 0.0139416 0.0139899 0.0139899 0.0138355 0.0062380 0.0100485 0.0105557 0.0034026 0.0208725 0.0068139 0.0068139 0.0068139 0.0068139 0.0143160 0.0246983 0.0140871 0.0246983 0.0139416 0.0068139 0.0102494 0.0102494 0.0172563 0.0152684 0.0288579 0.0326318 0.0171487 0.0103470 0.0034026 0.0000000 0.0068139 0.0068139 0.0034026 0.0034026 0.0034026 0.0242297 0.0250792 0.0172563 0.0207838 0.0235095 0.0172563 0.0172563 0.0310177 0.0174173 0.0174173 0.0302646 0.0143160 0.0194879 0.0215216 0.0172563 0.0174376 0.0146457 0.0102494 0.0136915 0.0068139 0.0455433 0.0283072 0.0068139 0.0000010 0.0195727 0.0102494 0.0211350 0.0173392 0.0174376 0.0232744 0.0068139 0.0076467 0.0103112 0.0103470 0.0184827 0.0102410 0.0139036 0.0114638 0.0102410 0.0068139 0.0068139 0.0068139 0.0244325 
Lhos30470_CASQ2    0.0158355 0.0225927 0.0172293 0.0127174 0.0127188 0.0159747 0.0159747 0.0126304 0.0052969 0.0132478 0.0091773 0.0062250 0.0126186 0.0000010 0.0000010 0.0000010 0.0000010 0.0195692 0.0159774 0.0124257 0.0159774 0.0096784 0.0000010 0.0031018 0.0031018 0.0126423 0.0068570 0.0296205 0.0295831 0.0093433 0.0031283 0.0031016 0.0068139 0.0000000 0.0000010 0.0031016 0.0031016 0.0031016 0.0157060 0.0188085 0.0126423 0.0158586 0.0140290 0.0126423 0.0126423 0.0213064 0.0158259 0.0158259 0.0232704 0.0195692 0.0141234 0.0154453 0.0126423 0.0190894 0.0132688 0.0031018 0.0062151 0.0031119 0.0491563 0.0192286 0.0000010 0.0000010 0.0211990 0.0031018 0.0127624 0.0189907 0.0190894 0.0247502 0.0031002 0.0000010 0.0031184 0.0031283 0.0054156 0.0030994 0.0063013 0.0034317 0.0030994 0.0000010 0.0000010 0.0000010 0.0158244 
Lhos452_CASQ2      0.0138713 0.0225927 0.0149290 0.0111341 0.0111352 0.0139778 0.0139778 0.0110674 0.0043263 0.0110640 0.0081914 0.0062250 0.0126186 0.0000010 0.0000010 0.0000010 0.0000010 0.0170781 0.0139796 0.0104839 0.0139796 0.0096784 0.0000010 0.0031018 0.0027240 0.0110767 0.0068570 0.0258264 0.0257979 0.0082011 0.0027444 0.0027239 0.0068139 0.0000010 0.0000000 0.0027239 0.0027239 0.0027239 0.0137721 0.0188085 0.0110767 0.0138890 0.0119603 0.0110767 0.0110767 0.0213064 0.0158259 0.0138641 0.0232704 0.0170781 0.0121976 0.0131705 0.0126423 0.0167129 0.0115548 0.0111227 0.0054573 0.0027318 0.0420787 0.0168192 0.0000010 0.0000010 0.0211990 0.0027240 0.0111688 0.0166376 0.0167129 0.0247502 0.0031002 0.0000010 0.0031184 0.0028284 0.0054156 0.0027222 0.0055233 0.0034317 0.0027325 0.0000010 0.0000010 0.0000010 0.0158244 
Lobl_CASQ2         0.0148464 0.0271996 0.0179575 0.0139489 0.0133928 0.0161347 0.0168098 0.0123435 0.0043263 0.0104880 0.0040894 0.0029799 0.0158121 0.0026180 0.0027342 0.0026180 0.0029733 0.0126214 0.0161370 0.0099654 0.0168125 0.0129384 0.0026343 0.0062195 0.0048701 0.0138765 0.0103152 0.0251427 0.0229128 0.0109586 0.0053079 0.0000010 0.0034026 0.0031016 0.0027239 0.0000000 0.0000010 0.0000010 0.0147515 0.0226346 0.0138765 0.0160364 0.0151551 0.0133251 0.0133251 0.0267378 0.0159773 0.0136469 0.0272257 0.0126214 0.0146178 0.0165071 0.0151723 0.0123827 0.0138776 0.0133787 0.0078835 0.0048826 0.0420787 0.0174805 0.0027678 0.0000010 0.0176459 0.0052477 0.0134309 0.0138524 0.0123827 0.0206021 0.0062164 0.0038176 0.0059937 0.0056704 0.0108816 0.0052443 0.0083044 0.0068836 0.0054776 0.0029733 0.0026705 0.0024297 0.0190344 
Lobs_CASQ2         0.0166814 0.0271996 0.0179575 0.0139489 0.0139503 0.0168098 0.0168098 0.0138651 0.0043263 0.0110640 0.0040894 0.0031088 0.0158121 0.0027239 0.0027342 0.0027239 0.0031016 0.0142173 0.0168125 0.0104839 0.0168125 0.0129384 0.0027342 0.0062195 0.0054607 0.0138765 0.0103152 0.0229382 0.0229128 0.0109586 0.0055018 0.0000010 0.0034026 0.0031016 0.0027239 0.0000010 0.0000000 0.0000010 0.0165612 0.0226346 0.0138765 0.0167028 0.0160003 0.0138765 0.0138765 0.0267378 0.0159773 0.0139799 0.0272257 0.0142173 0.0152842 0.0165071 0.0158420 0.0139146 0.0144756 0.0139348 0.0082044 0.0054764 0.0420787 0.0196639 0.0027678 0.0000010 0.0176459 0.0054607 0.0139919 0.0138524 0.0139146 0.0206021 0.0062164 0.0038176 0.0062533 0.0056704 0.0108816 0.0054571 0.0083044 0.0068836 0.0054776 0.0031016 0.0027733 0.0027239 0.0190344 
LperAUS_CASQ2      0.0160166 0.0271996 0.0179575 0.0139489 0.0133928 0.0161347 0.0168098 0.0133145 0.0043263 0.0104880 0.0040894 0.0029799 0.0158121 0.0026180 0.0027342 0.0026180 0.0029733 0.0136386 0.0161370 0.0099654 0.0168125 0.0129384 0.0026343 0.0062195 0.0052477 0.0138765 0.0103152 0.0251427 0.0229128 0.0109586 0.0053079 0.0000010 0.0034026 0.0031016 0.0027239 0.0000010 0.0000010 0.0000000 0.0159058 0.0226346 0.0138765 0.0160364 0.0151551 0.0133251 0.0133251 0.0267378 0.0159773 0.0136469 0.0272257 0.0136386 0.0146178 0.0165071 0.0151723 0.0133601 0.0138776 0.0133787 0.0078835 0.0052622 0.0420787 0.0188717 0.0027678 0.0000010 0.0176459 0.0052477 0.0134309 0.0138524 0.0133601 0.0206021 0.0062164 0.0038176 0.0059937 0.0056704 0.0108816 0.0052443 0.0083044 0.0068836 0.0054776 0.0029733 0.0026705 0.0026180 0.0190344 
Lvex_CASQ1         0.0221184 0.0310212 0.0206436 0.0221524 0.0212186 0.0239602 0.0249525 0.0171214 0.0086948 0.0104880 0.0249360 0.0211801 0.0187527 0.0132287 0.0138242 0.0132287 0.0150475 0.0226574 0.0133180 0.0133359 0.0138690 0.0258368 0.0133115 0.0188927 0.0147523 0.0164258 0.0102055 0.0220411 0.0255656 0.0165547 0.0160943 0.0159058 0.0242297 0.0157060 0.0137721 0.0147515 0.0165612 0.0159058 0.0000000 0.0259167 0.0164258 0.0131153 0.0148152 0.0157814 0.0157814 0.0312409 0.0218609 0.0187369 0.0305167 0.0226574 0.0172900 0.0194895 0.0179353 0.0172482 0.0166821 0.0243355 0.0185843 0.0147913 0.0480795 0.0148381 0.0139957 0.0000010 0.0244396 0.0159067 0.0106326 0.0221131 0.0172062 0.0284712 0.0188827 0.0193889 0.0181967 0.0172073 0.0333579 0.0158968 0.0195948 0.0209390 0.0166142 0.0150475 0.0134969 0.0122700 0.0218592 
Mbid_CASQ2         0.0300914 0.0226918 0.0148842 0.0263867 0.0262925 0.0300952 0.0300952 0.0299532 0.0185933 0.0286962 0.0369148 0.0265155 0.0261377 0.0188085 0.0188085 0.0188085 0.0188085 0.0391444 0.0227627 0.0264325 0.0227627 0.0270870 0.0188085 0.0226369 0.0226369 0.0036182 0.0150664 0.0426454 0.0425826 0.0188085 0.0228803 0.0226346 0.0250792 0.0188085 0.0188085 0.0226346 0.0226346 0.0226346 0.0259167 0.0000000 0.0036182 0.0072681 0.0102839 0.0036182 0.0036182 0.0058179 0.0072517 0.0072517 0.0123999 0.0391444 0.0041123 0.0041123 0.0036182 0.0302925 0.0241480 0.0226369 0.0264612 0.0227310 0.0742649 0.0262700 0.0188085 0.0000010 0.0342217 0.0226369 0.0224499 0.0340229 0.0301793 0.0412213 0.0226224 0.0192062 0.0227934 0.0228803 0.0396019 0.0226172 0.0269270 0.0256437 0.0226172 0.0188085 0.0188085 0.0188085 0.0148000 
Mbow_CASQ2         0.0193886 0.0132638 0.0088268 0.0166768 0.0166327 0.0194838 0.0194838 0.0193227 0.0132061 0.0187106 0.0209657 0.0190763 0.0188932 0.0110767 0.0111189 0.0110767 0.0126423 0.0256689 0.0139608 0.0177185 0.0139608 0.0194651 0.0111189 0.0158431 0.0138773 0.0000010 0.0102794 0.0283919 0.0283609 0.0138710 0.0139851 0.0138765 0.0172563 0.0126423 0.0110767 0.0138765 0.0138765 0.0138765 0.0164258 0.0036182 0.0000000 0.0026993 0.0038779 0.0000010 0.0000010 0.0000010 0.0030643 0.0026950 0.0074540 0.0256689 0.0000010 0.0000010 0.0000010 0.0194842 0.0175322 0.0226721 0.0166784 0.0139187 0.0484091 0.0194240 0.0112577 0.0000010 0.0246216 0.0138773 0.0138219 0.0222432 0.0194307 0.0287187 0.0158348 0.0115891 0.0159331 0.0144206 0.0281221 0.0138681 0.0168890 0.0175711 0.0139210 0.0126423 0.0112806 0.0110767 0.0093503 
Mcar_CASQ2         0.0213384 0.0177750 0.0118097 0.0195157 0.0186879 0.0214394 0.0223342 0.0212689 0.0176922 0.0177210 0.0209657 0.0213801 0.0221165 0.0133365 0.0139420 0.0133365 0.0151874 0.0274329 0.0161309 0.0202675 0.0168055 0.0227900 0.0134206 0.0190777 0.0160373 0.0026993 0.0137591 0.0275917 0.0312894 0.0166961 0.0162280 0.0160364 0.0207838 0.0158586 0.0138890 0.0160364 0.0167028 0.0160364 0.0131153 0.0072681 0.0026993 0.0000000 0.0036797 0.0025953 0.0025953 0.0050737 0.0061500 0.0052822 0.0112296 0.0274329 0.0028391 0.0031936 0.0029444 0.0214403 0.0196584 0.0245417 0.0187374 0.0160837 0.0517928 0.0213760 0.0141165 0.0000010 0.0282445 0.0160373 0.0159754 0.0250976 0.0213830 0.0329585 0.0190676 0.0155199 0.0183681 0.0173603 0.0339544 0.0160272 0.0197656 0.0211674 0.0167566 0.0151874 0.0136091 0.0133365 0.0125109 
Mden_CASQ2         0.0074040 0.0243339 0.0078563 0.0078437 0.0074108 0.0074381 0.0078437 0.0110868 0.0080846 0.0051403 0.0301988 0.0176231 0.0184273 0.0113311 0.0119603 0.0113311 0.0131706 0.0230993 0.0152385 0.0157707 0.0160937 0.0139091 0.0113311 0.0187799 0.0151563 0.0038779 0.0093659 0.0269875 0.0280355 0.0119603 0.0153542 0.0151551 0.0235095 0.0140290 0.0119603 0.0151551 0.0160003 0.0151551 0.0148152 0.0102839 0.0038779 0.0036797 0.0000000 0.0036797 0.0036797 0.0085914 0.0090777 0.0075183 0.0105719 0.0230993 0.0041910 0.0044503 0.0042592 0.0151392 0.0121348 0.0230243 0.0189862 0.0113311 0.0484557 0.0188483 0.0119603 0.0000010 0.0218633 0.0151563 0.0150318 0.0158767 0.0150827 0.0279667 0.0140290 0.0165016 0.0177653 0.0163840 0.0274503 0.0151427 0.0204190 0.0219897 0.0159866 0.0131706 0.0113311 0.0113311 0.0091201 
Meur_CASQ2         0.0186185 0.0132638 0.0088268 0.0166768 0.0159720 0.0187062 0.0194838 0.0185578 0.0132061 0.0177210 0.0209657 0.0182664 0.0188932 0.0106378 0.0111189 0.0106378 0.0121095 0.0246187 0.0134027 0.0168283 0.0139608 0.0194651 0.0107048 0.0158431 0.0133258 0.0000010 0.0102794 0.0304348 0.0283609 0.0138710 0.0134830 0.0133251 0.0172563 0.0126423 0.0110767 0.0133251 0.0138765 0.0133251 0.0157814 0.0036182 0.0000010 0.0025953 0.0036797 0.0000000 0.0000010 0.0000010 0.0030643 0.0026332 0.0074540 0.0246187 0.0000010 0.0000010 0.0000010 0.0187064 0.0167997 0.0217508 0.0160139 0.0133639 0.0484091 0.0186511 0.0112577 0.0000010 0.0246216 0.0133258 0.0132747 0.0222432 0.0186574 0.0287187 0.0158348 0.0115891 0.0152556 0.0144206 0.0281221 0.0133173 0.0168890 0.0175711 0.0139210 0.0121095 0.0108546 0.0106378 0.0093503 
Mgin_CASQ2         0.0186185 0.0132638 0.0088268 0.0166768 0.0159720 0.0187062 0.0194838 0.0185578 0.0132061 0.0177210 0.0209657 0.0182664 0.0188932 0.0106378 0.0111189 0.0106378 0.0121095 0.0246187 0.0134027 0.0168283 0.0139608 0.0194651 0.0107048 0.0158431 0.0133258 0.0000010 0.0102794 0.0304348 0.0283609 0.0138710 0.0134830 0.0133251 0.0172563 0.0126423 0.0110767 0.0133251 0.0138765 0.0133251 0.0157814 0.0036182 0.0000010 0.0025953 0.0036797 0.0000010 0.0000000 0.0000010 0.0030643 0.0026332 0.0074540 0.0246187 0.0000010 0.0000010 0.0000010 0.0187064 0.0167997 0.0217508 0.0160139 0.0133639 0.0484091 0.0186511 0.0112577 0.0000010 0.0246216 0.0133258 0.0132747 0.0222432 0.0186574 0.0287187 0.0158348 0.0115891 0.0152556 0.0144206 0.0281221 0.0133173 0.0168890 0.0175711 0.0139210 0.0121095 0.0108546 0.0106378 0.0093503 
MgraAUS_CASQ2      0.0372667 0.0176015 0.0157369 0.0318419 0.0316822 0.0372302 0.0372302 0.0370258 0.0214485 0.0404282 0.0317541 0.0322691 0.0261252 0.0213064 0.0213064 0.0213064 0.0213064 0.0507058 0.0156359 0.0169398 0.0156359 0.0330470 0.0213064 0.0267419 0.0267419 0.0000010 0.0156088 0.0435583 0.0434683 0.0213064 0.0213064 0.0267378 0.0310177 0.0213064 0.0213064 0.0267378 0.0267378 0.0267378 0.0312409 0.0058179 0.0000010 0.0050737 0.0085914 0.0000010 0.0000010 0.0000000 0.0050580 0.0050580 0.0102509 0.0507058 0.0000010 0.0000010 0.0000010 0.0376191 0.0355013 0.0267419 0.0321737 0.0269012 0.0885065 0.0208501 0.0213064 0.0000010 0.0374200 0.0267419 0.0208501 0.0428824 0.0374200 0.0374200 0.0267173 0.0184960 0.0213064 0.0213064 0.0281221 0.0267094 0.0213064 0.0267094 0.0267094 0.0213064 0.0213064 0.0213064 0.0103238 
Mhec_CASQ2         0.0253171 0.0177230 0.0135773 0.0222451 0.0221780 0.0254596 0.0254596 0.0252190 0.0162300 0.0224654 0.0238554 0.0192405 0.0220694 0.0158259 0.0158259 0.0158259 0.0158259 0.0296790 0.0191704 0.0210522 0.0191704 0.0227397 0.0158259 0.0190375 0.0190375 0.0030643 0.0137286 0.0328012 0.0327600 0.0190274 0.0192082 0.0159773 0.0174173 0.0158259 0.0158259 0.0159773 0.0159773 0.0159773 0.0218609 0.0072517 0.0030643 0.0061500 0.0090777 0.0030643 0.0030643 0.0050580 0.0000000 0.0000010 0.0112029 0.0296790 0.0034111 0.0037176 0.0030643 0.0224435 0.0235559 0.0190375 0.0222462 0.0191033 0.0564954 0.0253700 0.0158259 0.0000010 0.0248576 0.0190375 0.0189501 0.0256165 0.0223724 0.0290431 0.0190274 0.0154808 0.0191468 0.0192082 0.0338161 0.0190234 0.0225714 0.0211173 0.0190234 0.0158259 0.0158259 0.0158259 0.0124859 
MlayAUS_CASQ2      0.0216580 0.0177230 0.0117875 0.0194795 0.0189683 0.0217622 0.0222920 0.0215864 0.0132061 0.0181187 0.0212052 0.0187165 0.0220694 0.0135365 0.0139170 0.0135365 0.0154006 0.0252350 0.0163747 0.0171869 0.0167746 0.0227397 0.0135869 0.0190375 0.0162782 0.0026950 0.0137286 0.0279156 0.0285817 0.0166657 0.0164024 0.0136469 0.0174173 0.0158259 0.0138641 0.0136469 0.0139799 0.0136469 0.0187369 0.0072517 0.0026950 0.0052822 0.0075183 0.0026332 0.0026332 0.0050580 0.0000010 0.0000000 0.0112029 0.0252350 0.0028845 0.0031874 0.0029846 0.0191616 0.0199687 0.0249178 0.0190192 0.0163261 0.0484091 0.0216967 0.0140908 0.0000010 0.0248576 0.0162782 0.0162144 0.0224113 0.0191099 0.0290431 0.0190274 0.0154808 0.0186278 0.0173273 0.0338161 0.0162678 0.0197284 0.0211173 0.0167260 0.0154006 0.0137801 0.0135365 0.0124859 
