83
Bacu_CASQ1         0.0000000 0.0376781 0.0377862 0.0000010 0.0124357 0.0134599 0.0112427 0.0125673 0.0162284 0.0113301 0.0446955 0.0383924 0.0198669 0.0389246 0.0413663 0.0415200 0.0395842 0.0429467 0.0203549 0.0178473 0.0162284 0.0189724 0.0447977 0.0358899 0.0417331 0.0424845 0.0410104 0.0506129 0.0395050 0.0417954 0.0406581 0.0542920 0.0437240 0.0419804 0.0438972 0.0435274 0.0393328 0.0392833 0.0383924 0.0391390 0.0308904 0.0419120 0.0462588 0.0442594 0.0445368 0.0514485 0.0541840 0.0511127 0.0477133 0.0475487 0.0430674 0.0398569 0.0442228 0.0462211 0.0438813 0.0404994 0.0366786 0.0386697 0.0413349 0.0450973 0.0360905 0.0337268 0.0417313 0.0414055 0.0336919 0.0454507 0.0355652 0.0377722 0.0311518 0.0391457 0.0395842 0.0443733 0.0358899 0.0369012 0.0426008 0.0508424 0.0443733 0.0386991 0.0479441 0.0386991 0.0410252 0.0410806 0.0572238 
Barn_CASQ1         0.0376781 0.0000000 0.0000010 0.0376781 0.0338559 0.0338559 0.0335648 0.0379905 0.0377896 0.0335648 0.0430142 0.0430142 0.0424329 0.0523568 0.0523568 0.0523568 0.0523568 0.0390486 0.0387229 0.0377896 0.0377896 0.0466893 0.0537617 0.0479144 0.0537617 0.0537617 0.0000010 0.0000010 0.0483778 0.0246804 0.0246804 0.0480403 0.0573156 0.0430142 0.0430142 0.0569015 0.0620858 0.0430142 0.0430142 0.0430142 0.0337070 0.0000010 0.0000010 0.0000010 0.0041459 0.0210699 0.0167384 0.0000010 0.0040371 0.0000010 0.0082765 0.0390486 0.0000010 0.0000010 0.0000010 0.0544430 0.0411067 0.0435157 0.0435157 0.0527546 0.0293085 0.0205110 0.0492029 0.0426872 0.0339429 0.0537617 0.0205110 0.0384519 0.0339429 0.0365746 0.0523568 0.0523568 0.0479144 0.0479144 0.0575864 0.0722845 0.0523568 0.0523568 0.0523568 0.0523568 0.0536115 0.0000010 0.0041934 
Bbai76728_CASQ1    0.0377862 0.0000010 0.0000000 0.0377862 0.0314856 0.0344387 0.0315023 0.0348083 0.0383063 0.0335133 0.0419903 0.0375232 0.0413435 0.0448419 0.0455872 0.0489939 0.0455872 0.0394056 0.0427688 0.0405216 0.0383063 0.0413044 0.0501259 0.0413350 0.0457884 0.0464947 0.0035040 0.0000010 0.0484146 0.0307778 0.0250756 0.0491426 0.0486858 0.0419903 0.0411701 0.0484191 0.0527283 0.0386676 0.0375232 0.0384353 0.0283877 0.0000010 0.0032265 0.0000010 0.0100511 0.0201443 0.0166955 0.0000010 0.0035173 0.0064783 0.0067256 0.0356752 0.0035195 0.0064957 0.0000010 0.0469088 0.0370615 0.0378600 0.0389977 0.0458400 0.0291010 0.0285094 0.0422096 0.0474135 0.0303731 0.0506235 0.0273148 0.0382829 0.0318995 0.0318782 0.0455872 0.0495506 0.0413350 0.0422778 0.0493851 0.0722845 0.0495506 0.0448419 0.0495506 0.0448419 0.0446850 0.0000010 0.0063114 
BbonAUS_CASQ1      0.0000010 0.0376781 0.0377862 0.0000000 0.0124357 0.0134599 0.0112427 0.0141144 0.0170744 0.0118803 0.0489303 0.0435836 0.0198669 0.0447534 0.0447152 0.0476699 0.0447152 0.0451038 0.0204926 0.0179530 0.0170744 0.0198513 0.0514841 0.0407932 0.0474772 0.0480275 0.0432297 0.0506129 0.0424137 0.0442049 0.0431202 0.0546587 0.0474828 0.0477866 0.0479742 0.0472469 0.0443877 0.0443232 0.0435836 0.0445476 0.0347858 0.0419120 0.0462588 0.0466566 0.0445368 0.0541079 0.0569653 0.0511127 0.0477133 0.0475487 0.0455240 0.0416254 0.0466154 0.0462211 0.0438813 0.0458974 0.0369029 0.0439505 0.0446784 0.0509635 0.0363264 0.0380133 0.0474763 0.0418353 0.0338974 0.0518542 0.0376029 0.0380092 0.0351195 0.0394229 0.0447152 0.0482490 0.0407932 0.0416843 0.0481807 0.0508424 0.0482490 0.0439886 0.0482490 0.0439886 0.0473687 0.0431386 0.0572238 
Bbor_CASQ1         0.0124357 0.0338559 0.0314856 0.0124357 0.0000000 0.0000010 0.0000010 0.0030850 0.0062257 0.0000010 0.0345893 0.0305284 0.0061995 0.0302137 0.0323455 0.0336529 0.0323455 0.0326548 0.0067389 0.0065784 0.0062257 0.0093076 0.0377302 0.0273437 0.0345264 0.0358552 0.0372577 0.0420939 0.0337495 0.0349876 0.0332594 0.0413230 0.0345299 0.0347901 0.0338513 0.0343539 0.0321010 0.0320531 0.0305284 0.0312652 0.0254521 0.0394295 0.0411216 0.0410978 0.0389366 0.0497044 0.0529301 0.0381565 0.0415656 0.0424250 0.0394021 0.0290274 0.0410583 0.0410854 0.0383698 0.0332557 0.0222806 0.0307919 0.0323167 0.0390821 0.0257165 0.0289174 0.0345231 0.0306003 0.0271236 0.0389792 0.0277372 0.0241679 0.0288377 0.0278956 0.0323455 0.0351389 0.0273437 0.0290603 0.0359708 0.0554720 0.0351389 0.0308208 0.0351389 0.0308208 0.0365471 0.0376498 0.0532042 
Bede66737_CASQ1    0.0134599 0.0338559 0.0344387 0.0134599 0.0000010 0.0000000 0.0000010 0.0033366 0.0067389 0.0000010 0.0345893 0.0333001 0.0067082 0.0333053 0.0351389 0.0336529 0.0351389 0.0355034 0.0067389 0.0035489 0.0067389 0.0100717 0.0377302 0.0298511 0.0377302 0.0389792 0.0372577 0.0420939 0.0337495 0.0349876 0.0332594 0.0413230 0.0377347 0.0347901 0.0329175 0.0375212 0.0348473 0.0347901 0.0333001 0.0333001 0.0276070 0.0394295 0.0410978 0.0410978 0.0387057 0.0505000 0.0540268 0.0381565 0.0415656 0.0425232 0.0394021 0.0315237 0.0410583 0.0410583 0.0383698 0.0362221 0.0241679 0.0336184 0.0351049 0.0424815 0.0257165 0.0277372 0.0377271 0.0306003 0.0295861 0.0389792 0.0277372 0.0241679 0.0313000 0.0309183 0.0351389 0.0351389 0.0298511 0.0315653 0.0391196 0.0554720 0.0351389 0.0336529 0.0351389 0.0336529 0.0405981 0.0410978 0.0543318 
BedeAUS_CASQ1      0.0112427 0.0335648 0.0315023 0.0112427 0.0000010 0.0000010 0.0000000 0.0027903 0.0056277 0.0000010 0.0345703 0.0308230 0.0084230 0.0306255 0.0324701 0.0336643 0.0324701 0.0327531 0.0067389 0.0059141 0.0056277 0.0084161 0.0373349 0.0279320 0.0344571 0.0356731 0.0366052 0.0420939 0.0337524 0.0312630 0.0295417 0.0405731 0.0344603 0.0346962 0.0339042 0.0343009 0.0322461 0.0322022 0.0308230 0.0314982 0.0229612 0.0385001 0.0401360 0.0400345 0.0382081 0.0478128 0.0507256 0.0381565 0.0404217 0.0412844 0.0385474 0.0294392 0.0400004 0.0401042 0.0376432 0.0333021 0.0243349 0.0310650 0.0324438 0.0386189 0.0228520 0.0260637 0.0344542 0.0311721 0.0277268 0.0384883 0.0248043 0.0250555 0.0292635 0.0285122 0.0324701 0.0350111 0.0279320 0.0294701 0.0357788 0.0508424 0.0350111 0.0310915 0.0350111 0.0310915 0.0362516 0.0370069 0.0509645 
Bmus_CASQ1         0.0125673 0.0379905 0.0348083 0.0141144 0.0030850 0.0033366 0.0027903 0.0000000 0.0080620 0.0028127 0.0349193 0.0300122 0.0112803 0.0297642 0.0329205 0.0324341 0.0315070 0.0347199 0.0100958 0.0088612 0.0080620 0.0107741 0.0356353 0.0274500 0.0332099 0.0343473 0.0380471 0.0420939 0.0355952 0.0326681 0.0311037 0.0438755 0.0347872 0.0334146 0.0343010 0.0346384 0.0313135 0.0312757 0.0300122 0.0305920 0.0230476 0.0422069 0.0434054 0.0413153 0.0415768 0.0486844 0.0514589 0.0381565 0.0443224 0.0446372 0.0399663 0.0317236 0.0412815 0.0433703 0.0409597 0.0322205 0.0273399 0.0302197 0.0328957 0.0369671 0.0260777 0.0258137 0.0332072 0.0362874 0.0307627 0.0367341 0.0265220 0.0281488 0.0286599 0.0320191 0.0315070 0.0353015 0.0274500 0.0288394 0.0344371 0.0587236 0.0353015 0.0302423 0.0381353 0.0302423 0.0347057 0.0383285 0.0543751 
Bmys_CASQ1         0.0162284 0.0377896 0.0383063 0.0170744 0.0062257 0.0067389 0.0056277 0.0080620 0.0000000 0.0028034 0.0383678 0.0320213 0.0142153 0.0319545 0.0356987 0.0347956 0.0340446 0.0375635 0.0000010 0.0029234 0.0000010 0.0135733 0.0382483 0.0293039 0.0354681 0.0371283 0.0378947 0.0505052 0.0398502 0.0292496 0.0308886 0.0435413 0.0372728 0.0362770 0.0369473 0.0370995 0.0338176 0.0337730 0.0320213 0.0326825 0.0275182 0.0461700 0.0432339 0.0411489 0.0414083 0.0484937 0.0512573 0.0445298 0.0441135 0.0444566 0.0437034 0.0342973 0.0411154 0.0431990 0.0444945 0.0348834 0.0276092 0.0322599 0.0356695 0.0399513 0.0258899 0.0244369 0.0354654 0.0358674 0.0305531 0.0399305 0.0231552 0.0284336 0.0309514 0.0317656 0.0340446 0.0385131 0.0293039 0.0311631 0.0372347 0.0581571 0.0385131 0.0322850 0.0385131 0.0322850 0.0374182 0.0381862 0.0580682 
Bphy_CASQ1         0.0113301 0.0335648 0.0335133 0.0118803 0.0000010 0.0000010 0.0000010 0.0028127 0.0028034 0.0000000 0.0330747 0.0293451 0.0089002 0.0290102 0.0310915 0.0319068 0.0295863 0.0265566 0.0035489 0.0059141 0.0028034 0.0084816 0.0353687 0.0265823 0.0327774 0.0327774 0.0347195 0.0420939 0.0341487 0.0280216 0.0280383 0.0405731 0.0344603 0.0316226 0.0339042 0.0343009 0.0293847 0.0293451 0.0293451 0.0299563 0.0231436 0.0410963 0.0401360 0.0379689 0.0382081 0.0454522 0.0482358 0.0381565 0.0404217 0.0412844 0.0389211 0.0265566 0.0379385 0.0401042 0.0400345 0.0303424 0.0224619 0.0295623 0.0310650 0.0357359 0.0228520 0.0230802 0.0327745 0.0311721 0.0277268 0.0353687 0.0216156 0.0231647 0.0263976 0.0285122 0.0295863 0.0336643 0.0265823 0.0265823 0.0328732 0.0508424 0.0336643 0.0295863 0.0336643 0.0295863 0.0343401 0.0352352 0.0542422 
Ccom40_CASQ1       0.0446955 0.0430142 0.0419903 0.0489303 0.0345893 0.0345893 0.0345703 0.0349193 0.0383678 0.0330747 0.0000000 0.0000010 0.0454300 0.0064221 0.0060498 0.0064221 0.0060498 0.0155947 0.0388107 0.0363811 0.0383678 0.0453825 0.0097085 0.0096520 0.0097085 0.0091428 0.0447642 0.0595135 0.0227714 0.0350137 0.0289234 0.0140778 0.0097089 0.0000010 0.0000010 0.0096688 0.0122493 0.0000010 0.0000010 0.0000010 0.0154100 0.0475859 0.0409532 0.0409532 0.0504506 0.0260872 0.0510908 0.0460570 0.0449686 0.0448515 0.0467393 0.0123266 0.0449894 0.0449894 0.0419903 0.0188673 0.0103096 0.0064234 0.0060509 0.0060777 0.0105753 0.0288220 0.0129700 0.0146554 0.0175602 0.0091428 0.0313571 0.0098027 0.0151900 0.0124484 0.0060498 0.0060498 0.0096520 0.0090921 0.0091667 0.0081992 0.0060498 0.0064221 0.0065523 0.0064221 0.0037607 0.0409532 0.0443590 
Chea7320_CASQ1     0.0383924 0.0430142 0.0375232 0.0435836 0.0305284 0.0333001 0.0308230 0.0300122 0.0320213 0.0293451 0.0000010 0.0000000 0.0404618 0.0056784 0.0054831 0.0056073 0.0052472 0.0106642 0.0366230 0.0369183 0.0320213 0.0384725 0.0084690 0.0078840 0.0079219 0.0079219 0.0417596 0.0595135 0.0161453 0.0282101 0.0281395 0.0127783 0.0082794 0.0000010 0.0029623 0.0082499 0.0106061 0.0000010 0.0000010 0.0000010 0.0106067 0.0456454 0.0406662 0.0384811 0.0487771 0.0268192 0.0465994 0.0446903 0.0449686 0.0439337 0.0432742 0.0106642 0.0419390 0.0440463 0.0406064 0.0162758 0.0092246 0.0052480 0.0054840 0.0052682 0.0095969 0.0244181 0.0132444 0.0146554 0.0147887 0.0084690 0.0249588 0.0094990 0.0131672 0.0101924 0.0052472 0.0058770 0.0078840 0.0078840 0.0079397 0.0066291 0.0058770 0.0052472 0.0063491 0.0052472 0.0029884 0.0356729 0.0550512 
Cmar59905_CASQ1    0.0198669 0.0424329 0.0413435 0.0198669 0.0061995 0.0067082 0.0084230 0.0112803 0.0142153 0.0089002 0.0454300 0.0404618 0.0000000 0.0412958 0.0417226 0.0442513 0.0417226 0.0420865 0.0136218 0.0149464 0.0142153 0.0170013 0.0480414 0.0376374 0.0443010 0.0450166 0.0470519 0.0514876 0.0427129 0.0410406 0.0397956 0.0512439 0.0374685 0.0445952 0.0445420 0.0440892 0.0414206 0.0413611 0.0404618 0.0413571 0.0318727 0.0459156 0.0498247 0.0505220 0.0482019 0.0578805 0.0607440 0.0451712 0.0519887 0.0512125 0.0495841 0.0386395 0.0504756 0.0497829 0.0474864 0.0428198 0.0338088 0.0407973 0.0416883 0.0479632 0.0330067 0.0350767 0.0442995 0.0421989 0.0373476 0.0486057 0.0344558 0.0348228 0.0384069 0.0396540 0.0417226 0.0450218 0.0376374 0.0386909 0.0451581 0.0666535 0.0450218 0.0408327 0.0450218 0.0408327 0.0476595 0.0466721 0.0610177 
Dcap108471_CASQ1   0.0389246 0.0523568 0.0448419 0.0447534 0.0302137 0.0333053 0.0306255 0.0297642 0.0319545 0.0290102 0.0064221 0.0056784 0.0412958 0.0000000 0.0000010 0.0000010 0.0000010 0.0175068 0.0370464 0.0373656 0.0319545 0.0390596 0.0030367 0.0028128 0.0028270 0.0028270 0.0497929 0.0697787 0.0231722 0.0383523 0.0345346 0.0139307 0.0029639 0.0061020 0.0089805 0.0029529 0.0056792 0.0056784 0.0056784 0.0057913 0.0174034 0.0558544 0.0483482 0.0461562 0.0502011 0.0327528 0.0548269 0.0549894 0.0531073 0.0519780 0.0511000 0.0175068 0.0500333 0.0521255 0.0489939 0.0177987 0.0102111 0.0056328 0.0059039 0.0056559 0.0178468 0.0327068 0.0056636 0.0198335 0.0163076 0.0030367 0.0346933 0.0105502 0.0143570 0.0152373 0.0000010 0.0000010 0.0028128 0.0028128 0.0028336 0.0000010 0.0000010 0.0000010 0.0000010 0.0000010 0.0000010 0.0424526 0.0510175 
Dcap79929_CASQ1    0.0413663 0.0523568 0.0455872 0.0447152 0.0323455 0.0351389 0.0324701 0.0329205 0.0356987 0.0310915 0.0060498 0.0054831 0.0417226 0.0000010 0.0000000 0.0000010 0.0000010 0.0188907 0.0390064 0.0372482 0.0356987 0.0416856 0.0029253 0.0027169 0.0027301 0.0025946 0.0514063 0.0697787 0.0244480 0.0385643 0.0366508 0.0126576 0.0027302 0.0055641 0.0089805 0.0027209 0.0052104 0.0052097 0.0054831 0.0055891 0.0186962 0.0543669 0.0473951 0.0479012 0.0492613 0.0348227 0.0562020 0.0520674 0.0531073 0.0507128 0.0545776 0.0160253 0.0516462 0.0508445 0.0484703 0.0162684 0.0087762 0.0054407 0.0051714 0.0051908 0.0161776 0.0332756 0.0082185 0.0198335 0.0149033 0.0027702 0.0351926 0.0090254 0.0131603 0.0137271 0.0000010 0.0000010 0.0027169 0.0025826 0.0026001 0.0000010 0.0000010 0.0000010 0.0000010 0.0000010 0.0000010 0.0441874 0.0623447 
DdelSJR_CASQ1      0.0415200 0.0523568 0.0489939 0.0476699 0.0336529 0.0336529 0.0336643 0.0324341 0.0347956 0.0319068 0.0064221 0.0056073 0.0442513 0.0000010 0.0000010 0.0000000 0.0000010 0.0172854 0.0370125 0.0366947 0.0347956 0.0418791 0.0027918 0.0027779 0.0027918 0.0027918 0.0486876 0.0697787 0.0204329 0.0348452 0.0347578 0.0126576 0.0029254 0.0056073 0.0064221 0.0029146 0.0056081 0.0056073 0.0056073 0.0056073 0.0171843 0.0539123 0.0479012 0.0453692 0.0499538 0.0324522 0.0543336 0.0520674 0.0531073 0.0515012 0.0511000 0.0172854 0.0489019 0.0516462 0.0479012 0.0175698 0.0100603 0.0055626 0.0058283 0.0055853 0.0161776 0.0292059 0.0084055 0.0198335 0.0160772 0.0027918 0.0315331 0.0095762 0.0141782 0.0149863 0.0000010 0.0000010 0.0027779 0.0027779 0.0027982 0.0000010 0.0000010 0.0000010 0.0000010 0.0000010 0.0000010 0.0453692 0.0645931 
Ddeltrop4525_CASQ1 0.0395842 0.0523568 0.0455872 0.0447152 0.0323455 0.0351389 0.0324701 0.0315070 0.0340446 0.0295863 0.0060498 0.0052472 0.0417226 0.0000010 0.0000010 0.0000010 0.0000000 0.0180922 0.0390064 0.0372482 0.0340446 0.0397522 0.0027918 0.0026012 0.0026134 0.0024887 0.0486876 0.0697787 0.0230052 0.0366425 0.0347578 0.0126576 0.0027302 0.0053221 0.0089805 0.0027209 0.0049977 0.0049970 0.0052472 0.0053450 0.0179139 0.0543669 0.0473951 0.0453692 0.0492613 0.0331102 0.0533340 0.0520674 0.0531073 0.0507128 0.0515162 0.0153547 0.0489019 0.0508445 0.0484703 0.0155772 0.0087762 0.0052091 0.0051714 0.0049797 0.0161776 0.0318345 0.0078664 0.0198335 0.0149033 0.0026500 0.0334457 0.0090254 0.0126167 0.0137271 0.0000010 0.0000010 0.0026012 0.0024775 0.0024938 0.0000010 0.0000010 0.0000010 0.0000010 0.0000010 0.0000010 0.0420245 0.0623447 
Dleu_CASQ1         0.0429467 0.0390486 0.0394056 0.0451038 0.0326548 0.0355034 0.0327531 0.0347199 0.0375635 0.0265566 0.0155947 0.0106642 0.0420865 0.0175068 0.0188907 0.0172854 0.0180922 0.0000000 0.0435389 0.0375511 0.0375635 0.0374158 0.0203068 0.0134301 0.0189586 0.0208057 0.0388005 0.0520413 0.0235594 0.0342096 0.0286202 0.0196881 0.0198384 0.0136656 0.0152416 0.0197613 0.0234995 0.0128082 0.0106642 0.0108649 0.0155785 0.0475825 0.0377778 0.0354998 0.0458446 0.0302302 0.0461102 0.0454022 0.0415398 0.0410628 0.0450447 0.0025033 0.0389674 0.0411697 0.0423643 0.0184854 0.0119275 0.0107295 0.0134507 0.0181658 0.0097579 0.0296428 0.0189559 0.0150372 0.0150198 0.0222237 0.0309587 0.0122731 0.0153904 0.0103730 0.0180922 0.0202296 0.0134301 0.0154806 0.0208554 0.0206239 0.0202296 0.0161453 0.0218253 0.0161453 0.0153798 0.0328924 0.0563136 
EausAUS_CASQ1      0.0203549 0.0387229 0.0427688 0.0204926 0.0067389 0.0067389 0.0067389 0.0100958 0.0000010 0.0035489 0.0388107 0.0366230 0.0136218 0.0370464 0.0390064 0.0370125 0.0390064 0.0435389 0.0000000 0.0000010 0.0000010 0.0170415 0.0410744 0.0332480 0.0410744 0.0429074 0.0410036 0.0505052 0.0436962 0.0343012 0.0365767 0.0446054 0.0410795 0.0386100 0.0366131 0.0408459 0.0386750 0.0386100 0.0366230 0.0366230 0.0346697 0.0480942 0.0448475 0.0448475 0.0425960 0.0543962 0.0578882 0.0445298 0.0457370 0.0463808 0.0480760 0.0393687 0.0448035 0.0448035 0.0460039 0.0402271 0.0278857 0.0369748 0.0389683 0.0464216 0.0291009 0.0271112 0.0410719 0.0361230 0.0329520 0.0429074 0.0271112 0.0278857 0.0350981 0.0349088 0.0390064 0.0390064 0.0332480 0.0354026 0.0430662 0.0647421 0.0390064 0.0370125 0.0390064 0.0370125 0.0445424 0.0448475 0.0630631 
Egla13086_CASQ1    0.0178473 0.0377896 0.0405216 0.0179530 0.0065784 0.0035489 0.0059141 0.0088612 0.0029234 0.0059141 0.0363811 0.0369183 0.0149464 0.0373656 0.0372482 0.0366947 0.0372482 0.0375511 0.0000010 0.0000000 0.0029234 0.0149333 0.0403525 0.0340898 0.0406522 0.0406522 0.0399525 0.0505052 0.0406184 0.0326133 0.0325291 0.0435413 0.0406565 0.0363464 0.0405996 0.0404630 0.0369725 0.0369183 0.0369183 0.0377256 0.0303143 0.0448507 0.0466207 0.0433858 0.0448935 0.0545642 0.0574497 0.0445298 0.0441135 0.0479322 0.0450880 0.0375511 0.0433480 0.0465818 0.0433858 0.0382624 0.0288383 0.0372163 0.0372163 0.0437381 0.0258899 0.0302234 0.0406500 0.0358674 0.0338339 0.0403525 0.0257895 0.0262437 0.0338339 0.0355665 0.0372482 0.0366947 0.0340898 0.0340898 0.0407823 0.0581571 0.0366947 0.0372482 0.0366947 0.0372482 0.0434044 0.0434705 0.0614423 
Ejap43864_CASQ1    0.0162284 0.0377896 0.0383063 0.0170744 0.0062257 0.0067389 0.0056277 0.0080620 0.0000010 0.0028034 0.0383678 0.0320213 0.0142153 0.0319545 0.0356987 0.0347956 0.0340446 0.0375635 0.0000010 0.0029234 0.0000000 0.0135733 0.0382483 0.0293039 0.0354681 0.0371283 0.0378947 0.0505052 0.0398502 0.0292496 0.0308886 0.0435413 0.0372728 0.0362770 0.0369473 0.0370995 0.0338176 0.0337730 0.0320213 0.0326825 0.0275182 0.0461700 0.0432339 0.0411489 0.0414083 0.0484937 0.0512573 0.0445298 0.0441135 0.0444566 0.0437034 0.0342973 0.0411154 0.0431990 0.0444945 0.0348834 0.0276092 0.0322599 0.0356695 0.0399513 0.0258899 0.0244369 0.0354654 0.0358674 0.0305531 0.0399305 0.0231552 0.0284336 0.0309514 0.0317656 0.0340446 0.0385131 0.0293039 0.0311631 0.0372347 0.0581571 0.0385131 0.0322850 0.0385131 0.0322850 0.0374182 0.0381862 0.0580682 
Erob133443_CASQ1   0.0189724 0.0466893 0.0413044 0.0198513 0.0093076 0.0100717 0.0084161 0.0107741 0.0135733 0.0084816 0.0453825 0.0384725 0.0170013 0.0390596 0.0416856 0.0418791 0.0397522 0.0374158 0.0170415 0.0149333 0.0135733 0.0000000 0.0454467 0.0357697 0.0420860 0.0428774 0.0445689 0.0506129 0.0357332 0.0389964 0.0377194 0.0511917 0.0442642 0.0423547 0.0444975 0.0440478 0.0394807 0.0394272 0.0384725 0.0392816 0.0304083 0.0494502 0.0497786 0.0478541 0.0481559 0.0549573 0.0576968 0.0446015 0.0519313 0.0511640 0.0468318 0.0341650 0.0478133 0.0497369 0.0474417 0.0407439 0.0337779 0.0387737 0.0416513 0.0456902 0.0329744 0.0334531 0.0420841 0.0364707 0.0373130 0.0461198 0.0327506 0.0347901 0.0366088 0.0321318 0.0397522 0.0449786 0.0357697 0.0368645 0.0430041 0.0582658 0.0449786 0.0388056 0.0449786 0.0388056 0.0378329 0.0443854 0.0609596 
Fatt_CASQ1         0.0447977 0.0537617 0.0501259 0.0514841 0.0377302 0.0377302 0.0373349 0.0356353 0.0382483 0.0353687 0.0097085 0.0084690 0.0480414 0.0030367 0.0029253 0.0027918 0.0027918 0.0203068 0.0410744 0.0403525 0.0382483 0.0454467 0.0000000 0.0055928 0.0000010 0.0000010 0.0496524 0.0735622 0.0247660 0.0382992 0.0382030 0.0159409 0.0058926 0.0084690 0.0097085 0.0058705 0.0084703 0.0084690 0.0084690 0.0084690 0.0201879 0.0551825 0.0489039 0.0462685 0.0510458 0.0324522 0.0552619 0.0541682 0.0543401 0.0525811 0.0511000 0.0203068 0.0498755 0.0527322 0.0489039 0.0206468 0.0135238 0.0084008 0.0088037 0.0084353 0.0195660 0.0323523 0.0055720 0.0250931 0.0194428 0.0000010 0.0349483 0.0128685 0.0171302 0.0189014 0.0027918 0.0029253 0.0055928 0.0055928 0.0056347 0.0065836 0.0029253 0.0027918 0.0031592 0.0027918 0.0032133 0.0462685 0.0660899 
Ggri_CASQ1         0.0358899 0.0479144 0.0413350 0.0407932 0.0273437 0.0298511 0.0279320 0.0274500 0.0293039 0.0265823 0.0096520 0.0078840 0.0376374 0.0028128 0.0027169 0.0027779 0.0026012 0.0134301 0.0332480 0.0340898 0.0293039 0.0357697 0.0055928 0.0000000 0.0052344 0.0052344 0.0453887 0.0610032 0.0163000 0.0316262 0.0315467 0.0094732 0.0054695 0.0084256 0.0119942 0.0054504 0.0078851 0.0078840 0.0078840 0.0080301 0.0133571 0.0499981 0.0441858 0.0420736 0.0459225 0.0300528 0.0501499 0.0520674 0.0492498 0.0474950 0.0473811 0.0134301 0.0455874 0.0476186 0.0444217 0.0136336 0.0061839 0.0025994 0.0027149 0.0078549 0.0129128 0.0273405 0.0052334 0.0148243 0.0118986 0.0055928 0.0283302 0.0063691 0.0105868 0.0102718 0.0026012 0.0029101 0.0000010 0.0000010 0.0052461 0.0000010 0.0029101 0.0026012 0.0031414 0.0026012 0.0029633 0.0389741 0.0590784 
Gmac39091_CASQ1    0.0417331 0.0537617 0.0457884 0.0474772 0.0345264 0.0377302 0.0344571 0.0332099 0.0354681 0.0327774 0.0097085 0.0079219 0.0443010 0.0028270 0.0027301 0.0027918 0.0026134 0.0189586 0.0410744 0.0406522 0.0354681 0.0420860 0.0000010 0.0052344 0.0000000 0.0000010 0.0496524 0.0735622 0.0247660 0.0382992 0.0382030 0.0159409 0.0054966 0.0084690 0.0120610 0.0054774 0.0079230 0.0079219 0.0079219 0.0080695 0.0188545 0.0551825 0.0483086 0.0462685 0.0502492 0.0331102 0.0541729 0.0541682 0.0543401 0.0516917 0.0511000 0.0189586 0.0498755 0.0518285 0.0489039 0.0192527 0.0124893 0.0078623 0.0082140 0.0078925 0.0195660 0.0330732 0.0052173 0.0250931 0.0180119 0.0000010 0.0349483 0.0128685 0.0160096 0.0172991 0.0026134 0.0029253 0.0052344 0.0052344 0.0052712 0.0065836 0.0029253 0.0026134 0.0031592 0.0026134 0.0029793 0.0427959 0.0639245 
Gmel_CASQ1         0.0424845 0.0537617 0.0464947 0.0480275 0.0358552 0.0389792 0.0356731 0.0343473 0.0371283 0.0327774 0.0091428 0.0079219 0.0450166 0.0028270 0.0025946 0.0027918 0.0024887 0.0208057 0.0429074 0.0406522 0.0371283 0.0428774 0.0000010 0.0052344 0.0000010 0.0000000 0.0496524 0.0735622 0.0270925 0.0399797 0.0382030 0.0159409 0.0054966 0.0080348 0.0120610 0.0054774 0.0075418 0.0075407 0.0079219 0.0080695 0.0205982 0.0555702 0.0483086 0.0462685 0.0502492 0.0331102 0.0541729 0.0541682 0.0543401 0.0516917 0.0515162 0.0180242 0.0498755 0.0518285 0.0494262 0.0182882 0.0117843 0.0078623 0.0078048 0.0075142 0.0195660 0.0347024 0.0052173 0.0250931 0.0180119 0.0000010 0.0367473 0.0121219 0.0152325 0.0172991 0.0024887 0.0027702 0.0052344 0.0049856 0.0050186 0.0065836 0.0027702 0.0026134 0.0029790 0.0026134 0.0029793 0.0427959 0.0635862 
Hamp_CASQ1         0.0410104 0.0000010 0.0035040 0.0432297 0.0372577 0.0372577 0.0366052 0.0380471 0.0378947 0.0347195 0.0447642 0.0417596 0.0470519 0.0497929 0.0514063 0.0486876 0.0486876 0.0388005 0.0410036 0.0399525 0.0378947 0.0445689 0.0496524 0.0453887 0.0496524 0.0496524 0.0000000 0.0000010 0.0476711 0.0312457 0.0247145 0.0515492 0.0552763 0.0417596 0.0447642 0.0549664 0.0558401 0.0417596 0.0417596 0.0417596 0.0348012 0.0000010 0.0031820 0.0030250 0.0065844 0.0188430 0.0156212 0.0000010 0.0070548 0.0032952 0.0102108 0.0388005 0.0030231 0.0031799 0.0031820 0.0501025 0.0426391 0.0421200 0.0444744 0.0489589 0.0332005 0.0247964 0.0496520 0.0474135 0.0368990 0.0496524 0.0247964 0.0404682 0.0349829 0.0395605 0.0486876 0.0514063 0.0453887 0.0453887 0.0525098 0.0654164 0.0514063 0.0486876 0.0514063 0.0486876 0.0493612 0.0030250 0.0173633 
Hpla9120_CASQ1     0.0506129 0.0000010 0.0000010 0.0506129 0.0420939 0.0420939 0.0420939 0.0420939 0.0505052 0.0420939 0.0595135 0.0595135 0.0514876 0.0697787 0.0697787 0.0697787 0.0697787 0.0520413 0.0505052 0.0505052 0.0505052 0.0506129 0.0735622 0.0610032 0.0735622 0.0735622 0.0000010 0.0000000 0.0614943 0.0324919 0.0324919 0.0610032 0.0800263 0.0595135 0.0595135 0.0787692 0.0897338 0.0595135 0.0595135 0.0595135 0.0509850 0.0000010 0.0000010 0.0000010 0.0000010 0.0440295 0.0348123 0.0000010 0.0081016 0.0000010 0.0170317 0.0520413 0.0000010 0.0000010 0.0000010 0.0420307 0.0420307 0.0610032 0.0610032 0.0795836 0.0420307 0.0242750 0.0643328 0.0521152 0.0420307 0.0735622 0.0242750 0.0420307 0.0420307 0.0420307 0.0697787 0.0697787 0.0610032 0.0610032 0.0808669 0.0806038 0.0697787 0.0697787 0.0697787 0.0697787 0.0697787 0.0000010 0.0080985 
Igeo_CASQ1         0.0395050 0.0483778 0.0484146 0.0424137 0.0337495 0.0337495 0.0337524 0.0355952 0.0398502 0.0341487 0.0227714 0.0161453 0.0427129 0.0231722 0.0244480 0.0204329 0.0230052 0.0235594 0.0436962 0.0406184 0.0398502 0.0357332 0.0247660 0.0163000 0.0247660 0.0270925 0.0476711 0.0614943 0.0000000 0.0357226 0.0379838 0.0218336 0.0264489 0.0189499 0.0196591 0.0262836 0.0311477 0.0189499 0.0161453 0.0161453 0.0152270 0.0471113 0.0510659 0.0476711 0.0513794 0.0395614 0.0630823 0.0523654 0.0589196 0.0510659 0.0407332 0.0193356 0.0476711 0.0510659 0.0471113 0.0112772 0.0127343 0.0163000 0.0203187 0.0270490 0.0129971 0.0315444 0.0247617 0.0148766 0.0128108 0.0270925 0.0315444 0.0119682 0.0150589 0.0128108 0.0230052 0.0244480 0.0163000 0.0191228 0.0271925 0.0277634 0.0244480 0.0204329 0.0244480 0.0204329 0.0204329 0.0476711 0.0652602 
Kbre_CASQ1         0.0417954 0.0246804 0.0307778 0.0442049 0.0349876 0.0349876 0.0312630 0.0326681 0.0292496 0.0280216 0.0350137 0.0282101 0.0410406 0.0383523 0.0385643 0.0348452 0.0366425 0.0342096 0.0343012 0.0326133 0.0292496 0.0389964 0.0382992 0.0316262 0.0382992 0.0399797 0.0312457 0.0324919 0.0357226 0.0000000 0.0060440 0.0368403 0.0404109 0.0302325 0.0328691 0.0402044 0.0432413 0.0302325 0.0282101 0.0282101 0.0236006 0.0313120 0.0295763 0.0280704 0.0376713 0.0354337 0.0384575 0.0374499 0.0326514 0.0329779 0.0331977 0.0307334 0.0313746 0.0330677 0.0313159 0.0376205 0.0299063 0.0284325 0.0320609 0.0368278 0.0194082 0.0085991 0.0382966 0.0358974 0.0330824 0.0399797 0.0085991 0.0284793 0.0332941 0.0309448 0.0366425 0.0385643 0.0316262 0.0335411 0.0401049 0.0497082 0.0385643 0.0348452 0.0385643 0.0348452 0.0371512 0.0280704 0.0477175 
Ksim_CASQ1         0.0406581 0.0246804 0.0250756 0.0431202 0.0332594 0.0332594 0.0295417 0.0311037 0.0308886 0.0280383 0.0289234 0.0281395 0.0397956 0.0345346 0.0366508 0.0347578 0.0347578 0.0286202 0.0365767 0.0325291 0.0308886 0.0377194 0.0382030 0.0315467 0.0382030 0.0382030 0.0247145 0.0324919 0.0379838 0.0060440 0.0000000 0.0367439 0.0403042 0.0281395 0.0289234 0.0400988 0.0415774 0.0281395 0.0281395 0.0281395 0.0215538 0.0254250 0.0227281 0.0215836 0.0304499 0.0286486 0.0316765 0.0308720 0.0288407 0.0260690 0.0277766 0.0286202 0.0248146 0.0261392 0.0227281 0.0357169 0.0275843 0.0283608 0.0299029 0.0349397 0.0193575 0.0090711 0.0382005 0.0357156 0.0329956 0.0382030 0.0090711 0.0262200 0.0313082 0.0308498 0.0347578 0.0366508 0.0315467 0.0315467 0.0383259 0.0575634 0.0366508 0.0347578 0.0366508 0.0347578 0.0370425 0.0215836 0.0390064 
Lacu_CASQ1         0.0542920 0.0480403 0.0491426 0.0546587 0.0413230 0.0413230 0.0405731 0.0438755 0.0435413 0.0405731 0.0140778 0.0127783 0.0512439 0.0139307 0.0126576 0.0126576 0.0126576 0.0196881 0.0446054 0.0435413 0.0435413 0.0511917 0.0159409 0.0094732 0.0159409 0.0159409 0.0515492 0.0610032 0.0218336 0.0368403 0.0367439 0.0000000 0.0159418 0.0127783 0.0140778 0.0158736 0.0192206 0.0127783 0.0127783 0.0127783 0.0195571 0.0501140 0.0480324 0.0480324 0.0572834 0.0343602 0.0576873 0.0588039 0.0532720 0.0516447 0.0545155 0.0196881 0.0517907 0.0517907 0.0480324 0.0268237 0.0168570 0.0063050 0.0063050 0.0127196 0.0162137 0.0333301 0.0159380 0.0198640 0.0226151 0.0159409 0.0333301 0.0160425 0.0226151 0.0188114 0.0126576 0.0126576 0.0094732 0.0094732 0.0159863 0.0000010 0.0126576 0.0126576 0.0126576 0.0126576 0.0110913 0.0480324 0.0648028 
Lalb_CASQ1         0.0437240 0.0573156 0.0486858 0.0474828 0.0345299 0.0377347 0.0344603 0.0347872 0.0372728 0.0344603 0.0097089 0.0082794 0.0374685 0.0029639 0.0027302 0.0029254 0.0027302 0.0198384 0.0410795 0.0406565 0.0372728 0.0442642 0.0058926 0.0054695 0.0054966 0.0054966 0.0552763 0.0800263 0.0264489 0.0404109 0.0403042 0.0159418 0.0000000 0.0088791 0.0120616 0.0054776 0.0082807 0.0082794 0.0082794 0.0084405 0.0197244 0.0582904 0.0509292 0.0517401 0.0529538 0.0382781 0.0599662 0.0594556 0.0574141 0.0542808 0.0587724 0.0198384 0.0555380 0.0544226 0.0517401 0.0201617 0.0124899 0.0082143 0.0082143 0.0082473 0.0195673 0.0346365 0.0110302 0.0250961 0.0180129 0.0058926 0.0368667 0.0128692 0.0167416 0.0173002 0.0027302 0.0029254 0.0054695 0.0054695 0.0055093 0.0065841 0.0029254 0.0027302 0.0031593 0.0027302 0.0031225 0.0476970 0.0666143 
Laus_CASQ1         0.0419804 0.0430142 0.0419903 0.0477866 0.0347901 0.0347901 0.0346962 0.0334146 0.0362770 0.0316226 0.0000010 0.0000010 0.0445952 0.0061020 0.0055641 0.0056073 0.0053221 0.0136656 0.0386100 0.0363464 0.0362770 0.0423547 0.0084690 0.0084256 0.0084690 0.0080348 0.0417596 0.0595135 0.0189499 0.0302325 0.0281395 0.0127783 0.0088791 0.0000000 0.0000010 0.0088450 0.0107583 0.0000010 0.0000010 0.0000010 0.0135238 0.0465779 0.0406064 0.0384811 0.0494186 0.0256764 0.0470302 0.0446903 0.0449686 0.0441464 0.0441450 0.0108181 0.0419390 0.0442699 0.0415730 0.0165160 0.0093782 0.0056082 0.0055650 0.0053427 0.0095969 0.0251769 0.0141631 0.0146554 0.0159432 0.0080348 0.0270909 0.0089572 0.0133548 0.0111154 0.0053221 0.0055641 0.0084256 0.0079958 0.0080531 0.0066291 0.0055641 0.0056073 0.0059850 0.0056073 0.0032240 0.0384811 0.0564237 
Lbor_CASQ1         0.0438972 0.0430142 0.0411701 0.0479742 0.0338513 0.0329175 0.0339042 0.0343010 0.0369473 0.0339042 0.0000010 0.0029623 0.0445420 0.0089805 0.0089805 0.0064221 0.0089805 0.0152416 0.0366131 0.0405996 0.0369473 0.0444975 0.0097085 0.0119942 0.0120610 0.0120610 0.0447642 0.0595135 0.0196591 0.0328691 0.0289234 0.0140778 0.0120616 0.0000010 0.0000000 0.0120137 0.0151473 0.0029623 0.0029623 0.0000010 0.0151476 0.0466164 0.0446571 0.0409532 0.0535100 0.0309705 0.0541365 0.0460570 0.0449686 0.0482576 0.0459855 0.0152416 0.0449894 0.0483941 0.0409532 0.0217664 0.0135798 0.0089822 0.0089822 0.0090217 0.0105753 0.0246088 0.0151011 0.0146554 0.0195122 0.0097085 0.0290604 0.0104565 0.0180309 0.0151671 0.0089805 0.0064221 0.0119942 0.0119942 0.0120928 0.0081992 0.0064221 0.0089805 0.0069907 0.0089805 0.0069309 0.0411701 0.0471179 
Lhos30470_CASQ1    0.0435274 0.0569015 0.0484191 0.0472469 0.0343539 0.0375212 0.0343009 0.0346384 0.0370995 0.0343009 0.0096688 0.0082499 0.0440892 0.0029529 0.0027209 0.0029146 0.0027209 0.0197613 0.0408459 0.0404630 0.0370995 0.0440478 0.0058705 0.0054504 0.0054774 0.0054774 0.0549664 0.0787692 0.0262836 0.0402044 0.0400988 0.0158736 0.0054776 0.0088450 0.0120137 0.0000000 0.0027367 0.0082499 0.0082499 0.0084097 0.0196482 0.0579178 0.0506712 0.0514548 0.0526721 0.0380946 0.0596354 0.0588123 0.0570538 0.0540009 0.0583916 0.0197613 0.0552245 0.0541411 0.0514548 0.0200818 0.0124383 0.0081852 0.0081852 0.0082180 0.0194799 0.0344888 0.0109902 0.0249191 0.0179395 0.0058705 0.0366830 0.0128144 0.0166786 0.0172193 0.0027209 0.0029146 0.0054504 0.0054504 0.0054900 0.0065289 0.0029146 0.0027209 0.0031468 0.0027209 0.0031103 0.0474590 0.0662161 
Lhos452_CASQ1      0.0393328 0.0620858 0.0527283 0.0443877 0.0321010 0.0348473 0.0322461 0.0313135 0.0338176 0.0293847 0.0122493 0.0106061 0.0414206 0.0056792 0.0052104 0.0056081 0.0049977 0.0234995 0.0386750 0.0369725 0.0338176 0.0394807 0.0084703 0.0078851 0.0079230 0.0075418 0.0558401 0.0897338 0.0311477 0.0432413 0.0415774 0.0192206 0.0082807 0.0107583 0.0151473 0.0027367 0.0000000 0.0100938 0.0106061 0.0108046 0.0232642 0.0624349 0.0543361 0.0524788 0.0565081 0.0395829 0.0602861 0.0665878 0.0615473 0.0577082 0.0591450 0.0206802 0.0560915 0.0578592 0.0555912 0.0209880 0.0147993 0.0105253 0.0104486 0.0100576 0.0229425 0.0375148 0.0132465 0.0303451 0.0211099 0.0080360 0.0399854 0.0152244 0.0178403 0.0208668 0.0049977 0.0055649 0.0078851 0.0075075 0.0075579 0.0132985 0.0055649 0.0052479 0.0059860 0.0052479 0.0059868 0.0485653 0.0697128 
Lobl_CASQ1         0.0392833 0.0430142 0.0386676 0.0443232 0.0320531 0.0347901 0.0322022 0.0312757 0.0337730 0.0293451 0.0000010 0.0000010 0.0413611 0.0056784 0.0052097 0.0056073 0.0049970 0.0128082 0.0386100 0.0369183 0.0337730 0.0394272 0.0084690 0.0078840 0.0079219 0.0075407 0.0417596 0.0595135 0.0189499 0.0302325 0.0281395 0.0127783 0.0082794 0.0000010 0.0029623 0.0082499 0.0100938 0.0000000 0.0000010 0.0000010 0.0126835 0.0465779 0.0406662 0.0384811 0.0487771 0.0268192 0.0465994 0.0446903 0.0449686 0.0439337 0.0441450 0.0101464 0.0419390 0.0440463 0.0415730 0.0154720 0.0087116 0.0052480 0.0052105 0.0050159 0.0095969 0.0262975 0.0132444 0.0146554 0.0147887 0.0080348 0.0270909 0.0089572 0.0125360 0.0101924 0.0049970 0.0055641 0.0078840 0.0075064 0.0075569 0.0066291 0.0055641 0.0052472 0.0059850 0.0052472 0.0029884 0.0356729 0.0552211 
Lobs_CASQ1         0.0383924 0.0430142 0.0375232 0.0435836 0.0305284 0.0333001 0.0308230 0.0300122 0.0320213 0.0293451 0.0000010 0.0000010 0.0404618 0.0056784 0.0054831 0.0056073 0.0052472 0.0106642 0.0366230 0.0369183 0.0320213 0.0384725 0.0084690 0.0078840 0.0079219 0.0079219 0.0417596 0.0595135 0.0161453 0.0282101 0.0281395 0.0127783 0.0082794 0.0000010 0.0029623 0.0082499 0.0106061 0.0000010 0.0000000 0.0000010 0.0106067 0.0456454 0.0406662 0.0384811 0.0487771 0.0268192 0.0465994 0.0446903 0.0449686 0.0439337 0.0432742 0.0106642 0.0419390 0.0440463 0.0406064 0.0162758 0.0092246 0.0052480 0.0054840 0.0052682 0.0095969 0.0244181 0.0132444 0.0146554 0.0147887 0.0084690 0.0249588 0.0094990 0.0131672 0.0101924 0.0052472 0.0058770 0.0078840 0.0078840 0.0079397 0.0066291 0.0058770 0.0052472 0.0063491 0.0052472 0.0029884 0.0356729 0.0550512 
LperAUS_CASQ1      0.0391390 0.0430142 0.0384353 0.0445476 0.0312652 0.0333001 0.0314982 0.0305920 0.0326825 0.0299563 0.0000010 0.0000010 0.0413571 0.0057913 0.0055891 0.0056073 0.0053450 0.0108649 0.0366230 0.0377256 0.0326825 0.0392816 0.0084690 0.0080301 0.0080695 0.0080695 0.0417596 0.0595135 0.0161453 0.0282101 0.0281395 0.0127783 0.0084405 0.0000010 0.0000010 0.0084097 0.0108046 0.0000010 0.0000010 0.0000000 0.0108052 0.0456454 0.0383248 0.0384811 0.0465300 0.0243043 0.0444054 0.0446903 0.0449686 0.0416573 0.0432742 0.0108649 0.0419390 0.0417673 0.0406064 0.0165883 0.0094251 0.0053459 0.0055900 0.0053666 0.0095969 0.0220150 0.0134923 0.0146554 0.0150983 0.0084690 0.0249588 0.0094990 0.0134124 0.0104380 0.0053450 0.0058770 0.0080301 0.0080301 0.0080880 0.0066291 0.0058770 0.0053450 0.0063491 0.0053450 0.0030507 0.0364262 0.0528239 
Lvex_CASQ1         0.0308904 0.0337070 0.0283877 0.0347858 0.0254521 0.0276070 0.0229612 0.0230476 0.0275182 0.0231436 0.0154100 0.0106067 0.0318727 0.0174034 0.0186962 0.0171843 0.0179139 0.0155785 0.0346697 0.0303143 0.0275182 0.0304083 0.0201879 0.0133571 0.0188545 0.0205982 0.0348012 0.0509850 0.0152270 0.0236006 0.0215538 0.0195571 0.0197244 0.0135238 0.0151476 0.0196482 0.0232642 0.0126835 0.0106067 0.0108052 0.0000000 0.0349948 0.0339057 0.0315790 0.0416435 0.0266601 0.0421484 0.0447149 0.0368120 0.0371081 0.0331898 0.0128527 0.0349465 0.0372027 0.0313079 0.0182984 0.0117926 0.0106713 0.0133142 0.0179860 0.0031478 0.0205890 0.0188518 0.0148859 0.0149286 0.0219873 0.0205574 0.0121306 0.0152412 0.0103015 0.0179139 0.0200064 0.0133571 0.0153291 0.0206471 0.0277748 0.0200064 0.0160570 0.0215653 0.0160570 0.0152840 0.0293083 0.0445428 
Mbid_CASQ1         0.0419120 0.0000010 0.0000010 0.0419120 0.0394295 0.0394295 0.0385001 0.0422069 0.0461700 0.0410963 0.0475859 0.0456454 0.0459156 0.0558544 0.0543669 0.0539123 0.0543669 0.0475825 0.0480942 0.0448507 0.0461700 0.0494502 0.0551825 0.0499981 0.0551825 0.0555702 0.0000010 0.0000010 0.0471113 0.0313120 0.0254250 0.0501140 0.0582904 0.0465779 0.0466164 0.0579178 0.0624349 0.0465779 0.0456454 0.0456454 0.0349948 0.0000000 0.0000010 0.0000010 0.0036816 0.0185139 0.0147196 0.0000010 0.0039747 0.0000010 0.0075857 0.0433172 0.0000010 0.0000010 0.0000010 0.0561569 0.0451926 0.0461208 0.0470369 0.0547107 0.0334410 0.0277738 0.0551840 0.0474135 0.0375897 0.0555702 0.0277738 0.0427608 0.0389760 0.0407811 0.0543669 0.0543669 0.0499981 0.0506841 0.0587174 0.0654164 0.0543669 0.0539123 0.0543669 0.0539123 0.0555640 0.0000010 0.0145914 
Mbow_CASQ1         0.0462588 0.0000010 0.0032265 0.0462588 0.0411216 0.0410978 0.0401360 0.0434054 0.0432339 0.0401360 0.0409532 0.0406662 0.0498247 0.0483482 0.0473951 0.0479012 0.0473951 0.0377778 0.0448475 0.0466207 0.0432339 0.0497786 0.0489039 0.0441858 0.0483086 0.0483086 0.0031820 0.0000010 0.0510659 0.0295763 0.0227281 0.0480324 0.0509292 0.0406064 0.0446571 0.0506712 0.0543361 0.0406662 0.0406662 0.0383248 0.0339057 0.0000010 0.0000000 0.0000010 0.0061167 0.0152656 0.0121500 0.0000010 0.0035173 0.0029536 0.0071875 0.0377778 0.0031948 0.0029609 0.0000010 0.0487308 0.0392000 0.0410056 0.0410056 0.0476513 0.0298208 0.0305715 0.0483079 0.0474135 0.0340788 0.0489039 0.0262511 0.0370275 0.0340788 0.0360433 0.0473951 0.0479012 0.0441858 0.0441858 0.0510968 0.0654164 0.0479012 0.0473951 0.0479012 0.0473951 0.0476617 0.0029510 0.0127596 
Mcar_CASQ1         0.0442594 0.0000010 0.0000010 0.0466566 0.0410978 0.0410978 0.0400345 0.0413153 0.0411489 0.0379689 0.0409532 0.0384811 0.0505220 0.0461562 0.0479012 0.0453692 0.0453692 0.0354998 0.0448475 0.0433858 0.0411489 0.0478541 0.0462685 0.0420736 0.0462685 0.0462685 0.0030250 0.0000010 0.0476711 0.0280704 0.0215836 0.0480324 0.0517401 0.0384811 0.0409532 0.0514548 0.0524788 0.0384811 0.0384811 0.0384811 0.0315790 0.0000010 0.0000010 0.0000000 0.0066165 0.0156667 0.0124670 0.0000010 0.0035173 0.0031863 0.0067880 0.0354998 0.0030365 0.0031948 0.0000010 0.0466775 0.0390097 0.0388075 0.0409740 0.0456195 0.0298208 0.0249153 0.0462673 0.0474135 0.0334803 0.0462685 0.0249153 0.0370275 0.0317443 0.0355271 0.0453692 0.0479012 0.0420736 0.0420736 0.0491489 0.0654164 0.0479012 0.0453692 0.0479012 0.0453692 0.0454806 0.0000010 0.0138529 
Mden_CASQ1         0.0445368 0.0041459 0.0100511 0.0445368 0.0389366 0.0387057 0.0382081 0.0415768 0.0414083 0.0382081 0.0504506 0.0487771 0.0482019 0.0502011 0.0492613 0.0499538 0.0492613 0.0458446 0.0425960 0.0448935 0.0414083 0.0481559 0.0510458 0.0459225 0.0502492 0.0502492 0.0065844 0.0000010 0.0513794 0.0376713 0.0304499 0.0572834 0.0529538 0.0494186 0.0535100 0.0526721 0.0565081 0.0487771 0.0487771 0.0465300 0.0416435 0.0036816 0.0061167 0.0066165 0.0000000 0.0222275 0.0189552 0.0000010 0.0109972 0.0061226 0.0149963 0.0458446 0.0032855 0.0030390 0.0066165 0.0388006 0.0407916 0.0492165 0.0492165 0.0561636 0.0380068 0.0313902 0.0502490 0.0474135 0.0353845 0.0510458 0.0270088 0.0385784 0.0353845 0.0401002 0.0492613 0.0499538 0.0459225 0.0459225 0.0531373 0.0660558 0.0499538 0.0492613 0.0499538 0.0492613 0.0519167 0.0092000 0.0193728 
Meur_CASQ1         0.0514485 0.0210699 0.0201443 0.0541079 0.0497044 0.0505000 0.0478128 0.0486844 0.0484937 0.0454522 0.0260872 0.0268192 0.0578805 0.0327528 0.0348227 0.0324522 0.0331102 0.0302302 0.0543962 0.0545642 0.0484937 0.0549573 0.0324522 0.0300528 0.0331102 0.0331102 0.0188430 0.0440295 0.0395614 0.0354337 0.0286486 0.0343602 0.0382781 0.0256764 0.0309705 0.0380946 0.0395829 0.0268192 0.0268192 0.0243043 0.0266601 0.0185139 0.0152656 0.0156667 0.0222275 0.0000000 0.0148738 0.0327115 0.0220541 0.0183847 0.0245553 0.0302302 0.0189196 0.0184315 0.0165129 0.0405183 0.0330169 0.0270188 0.0284145 0.0332742 0.0234304 0.0360079 0.0331073 0.0375224 0.0281611 0.0324522 0.0321659 0.0306225 0.0267912 0.0291738 0.0331102 0.0342715 0.0300528 0.0300528 0.0364878 0.0365369 0.0342715 0.0331102 0.0342715 0.0331102 0.0313049 0.0174900 0.0298703 
Mgin_CASQ1         0.0541840 0.0167384 0.0166955 0.0569653 0.0529301 0.0540268 0.0507256 0.0514589 0.0512573 0.0482358 0.0510908 0.0465994 0.0607440 0.0548269 0.0562020 0.0543336 0.0533340 0.0461102 0.0578882 0.0574497 0.0512573 0.0576968 0.0552619 0.0501499 0.0541729 0.0541729 0.0156212 0.0348123 0.0630823 0.0384575 0.0316765 0.0576873 0.0599662 0.0470302 0.0541365 0.0596354 0.0602861 0.0465994 0.0465994 0.0444054 0.0421484 0.0147196 0.0121500 0.0124670 0.0189552 0.0148738 0.0000000 0.0259210 0.0182682 0.0152439 0.0174771 0.0461102 0.0156842 0.0152824 0.0131370 0.0570692 0.0504174 0.0469964 0.0495280 0.0536245 0.0409417 0.0388207 0.0541738 0.0662730 0.0445578 0.0552619 0.0352060 0.0485449 0.0423580 0.0483470 0.0533340 0.0575153 0.0501499 0.0501499 0.0570761 0.0889135 0.0575153 0.0533340 0.0575153 0.0533340 0.0547352 0.0145046 0.0264141 
