83
Bacu_CNTNAP2         0.0000000 0.0320817 0.0293592 0.0040815 0.0070756 0.0070782 0.0057066 0.0078752 0.0083112 0.0188677 0.0225988 0.0098739 0.0226731 0.0201933 0.0210168 0.0203347 0.0200580 0.0110971 0.0110971 0.0119395 0.0210556 0.0218187 0.0218784 0.0202095 0.0318245 0.0257667 0.0284403 0.0278499 0.0219271 0.0218993 0.0201515 0.0210620 0.0211903 0.0202044 0.0209671 0.0210062 0.0203450 0.0270682 0.0265967 0.0266444 0.0220521 0.0234259 0.0258753 0.0241089 0.0263693 0.0255511 0.0246419 0.0200580 0.0258737 0.0275749 0.0250281 0.0192472 0.0198767 0.0218613 0.0201501 0.0217961 0.0211320 0.0217273 0.0210911 0.0255242 0.0192291 0.0210661 0.0244519 0.0201011 0.0200824 0.0194025 0.0210168 0.0202698 0.0219244 0.0219244 0.0209957 0.0257199 0.0201920 0.0209747 0.0209687 0.0215426 0.0218311 0.0210205 0.0201920 0.0192641 0.0258552 0.0209651 0.0268506 
Barn_CNTNAP2         0.0320817 0.0000000 0.0000010 0.0311862 0.0265732 0.0250642 0.0250642 0.0250692 0.0256045 0.0178934 0.0205929 0.0220380 0.0191019 0.0191019 0.0191019 0.0205906 0.0160205 0.0234856 0.0234856 0.0377421 0.0221285 0.0220286 0.0236309 0.0205842 0.0145012 0.0239002 0.0206824 0.0191768 0.0206496 0.0236727 0.0191019 0.0206298 0.0191019 0.0191790 0.0205906 0.0206892 0.0191019 0.0049480 0.0072390 0.0071457 0.0048160 0.0071661 0.0057164 0.0079169 0.0058378 0.0057123 0.0073014 0.0160205 0.0057154 0.0086235 0.0042749 0.0174909 0.0133259 0.0235969 0.0221025 0.0221053 0.0205004 0.0189738 0.0205842 0.0366048 0.0190050 0.0221486 0.0240234 0.0175040 0.0174909 0.0133145 0.0191019 0.0191571 0.0236240 0.0236240 0.0206262 0.0115011 0.0191019 0.0191019 0.0205935 0.0168372 0.0205842 0.0191019 0.0191019 0.0191019 0.0014180 0.0191019 0.0057297 
Bbai76728_CNTNAP2    0.0293592 0.0000010 0.0000000 0.0311413 0.0252993 0.0253113 0.0226382 0.0244024 0.0249149 0.0167435 0.0173365 0.0208731 0.0182183 0.0162789 0.0164540 0.0157082 0.0137719 0.0199466 0.0199466 0.0305400 0.0173421 0.0181672 0.0182198 0.0164447 0.0111531 0.0172993 0.0209593 0.0179092 0.0182495 0.0182382 0.0155750 0.0170898 0.0162789 0.0156189 0.0164477 0.0173899 0.0157355 0.0060088 0.0061387 0.0059466 0.0057475 0.0061997 0.0051046 0.0064637 0.0067026 0.0060907 0.0086965 0.0137719 0.0051041 0.0068271 0.0042472 0.0146379 0.0120968 0.0182048 0.0162144 0.0173318 0.0154876 0.0155151 0.0173732 0.0321018 0.0155244 0.0173515 0.0211360 0.0155408 0.0146379 0.0115612 0.0164540 0.0154223 0.0182611 0.0182611 0.0164715 0.0161699 0.0155750 0.0164540 0.0164488 0.0150880 0.0173245 0.0164569 0.0155750 0.0143915 0.0033899 0.0164459 0.0052892 
BbonAUS_CNTNAP2      0.0040815 0.0311862 0.0311413 0.0000000 0.0088886 0.0088921 0.0041754 0.0080732 0.0090037 0.0202282 0.0240362 0.0105360 0.0232667 0.0215663 0.0215663 0.0225847 0.0214193 0.0113778 0.0113778 0.0130326 0.0224570 0.0232372 0.0233027 0.0215857 0.0335255 0.0267784 0.0300426 0.0285853 0.0233559 0.0233258 0.0215219 0.0225223 0.0226143 0.0215799 0.0223599 0.0241255 0.0208885 0.0264552 0.0281877 0.0281893 0.0210272 0.0231860 0.0274023 0.0237490 0.0281071 0.0270997 0.0242251 0.0214193 0.0274007 0.0291521 0.0265302 0.0205863 0.0213406 0.0232839 0.0198219 0.0232124 0.0205945 0.0239113 0.0224960 0.0247301 0.0205664 0.0224685 0.0269966 0.0214666 0.0214461 0.0189987 0.0215663 0.0190589 0.0233529 0.0233529 0.0223913 0.0254529 0.0215663 0.0215219 0.0223617 0.0221200 0.0224019 0.0224183 0.0215663 0.0189133 0.0273805 0.0223577 0.0284649 
Bbor_CNTNAP2         0.0070756 0.0265732 0.0252993 0.0088886 0.0000000 0.0015036 0.0007978 0.0037762 0.0031720 0.0152963 0.0193755 0.0062983 0.0194365 0.0177494 0.0178508 0.0167666 0.0161547 0.0068343 0.0068343 0.0099221 0.0178819 0.0182470 0.0186705 0.0170748 0.0290233 0.0217028 0.0242076 0.0226358 0.0187709 0.0194733 0.0178448 0.0173543 0.0186185 0.0170709 0.0178102 0.0174488 0.0171848 0.0264850 0.0245458 0.0246511 0.0188701 0.0222491 0.0233235 0.0224090 0.0235320 0.0229640 0.0242452 0.0161547 0.0238885 0.0249509 0.0225124 0.0177294 0.0182198 0.0194411 0.0173089 0.0186035 0.0182545 0.0255285 0.0179107 0.0246537 0.0169151 0.0174972 0.0209327 0.0177439 0.0177281 0.0175530 0.0178508 0.0174102 0.0183326 0.0183326 0.0178334 0.0213721 0.0170608 0.0178163 0.0178114 0.0182799 0.0186324 0.0178537 0.0166500 0.0164455 0.0222144 0.0178085 0.0230524 
Bede66737_CNTNAP2    0.0070782 0.0250642 0.0253113 0.0088921 0.0015036 0.0000000 0.0007981 0.0037775 0.0031732 0.0153026 0.0193833 0.0063007 0.0194444 0.0177568 0.0178579 0.0167734 0.0161610 0.0068368 0.0068368 0.0099258 0.0178891 0.0182545 0.0186781 0.0170816 0.0290359 0.0217142 0.0242178 0.0226456 0.0187786 0.0194812 0.0178519 0.0173616 0.0186267 0.0170777 0.0178173 0.0174559 0.0171917 0.0252557 0.0245567 0.0246618 0.0178049 0.0222589 0.0233332 0.0212080 0.0226434 0.0229738 0.0242569 0.0161610 0.0238987 0.0249614 0.0225217 0.0177364 0.0182276 0.0194490 0.0173162 0.0186110 0.0182623 0.0255396 0.0179179 0.0229762 0.0169218 0.0175043 0.0198105 0.0177510 0.0177351 0.0175614 0.0178579 0.0174176 0.0183402 0.0183402 0.0178405 0.0213856 0.0170676 0.0178235 0.0178185 0.0182874 0.0186399 0.0178608 0.0166568 0.0164524 0.0222238 0.0178156 0.0230626 
BedeAUS_CNTNAP2      0.0057066 0.0250642 0.0226382 0.0041754 0.0007978 0.0007981 0.0000000 0.0024014 0.0016863 0.0141952 0.0172429 0.0050195 0.0172836 0.0162860 0.0164523 0.0164463 0.0155108 0.0056357 0.0056357 0.0089041 0.0164825 0.0172703 0.0173178 0.0156296 0.0274276 0.0206365 0.0223523 0.0215060 0.0173301 0.0173344 0.0155841 0.0163013 0.0171052 0.0156258 0.0164127 0.0172921 0.0155841 0.0252557 0.0220224 0.0222056 0.0178049 0.0214096 0.0214142 0.0212080 0.0213513 0.0209955 0.0233294 0.0155108 0.0214127 0.0231334 0.0205578 0.0163340 0.0167458 0.0173043 0.0164719 0.0172522 0.0174113 0.0179790 0.0165106 0.0229762 0.0163184 0.0164910 0.0196957 0.0171960 0.0171797 0.0170963 0.0164523 0.0165683 0.0173552 0.0173552 0.0164352 0.0201636 0.0156160 0.0164186 0.0164138 0.0168724 0.0172806 0.0164551 0.0156160 0.0156111 0.0188400 0.0164110 0.0204585 
Bmus_CNTNAP2         0.0078752 0.0250692 0.0244024 0.0080732 0.0037762 0.0037775 0.0024014 0.0000000 0.0039735 0.0161360 0.0201919 0.0071006 0.0202556 0.0185960 0.0186653 0.0184237 0.0169586 0.0076092 0.0076092 0.0091509 0.0186981 0.0190806 0.0194888 0.0178879 0.0265667 0.0206900 0.0250391 0.0234940 0.0195938 0.0202942 0.0186591 0.0182209 0.0195086 0.0178837 0.0186228 0.0199225 0.0180034 0.0227525 0.0220011 0.0221780 0.0156505 0.0205401 0.0209103 0.0187715 0.0199438 0.0205076 0.0223776 0.0169586 0.0214145 0.0225247 0.0201058 0.0185381 0.0190896 0.0202605 0.0190217 0.0194186 0.0199818 0.0263811 0.0187283 0.0264360 0.0177201 0.0183313 0.0209721 0.0185533 0.0185367 0.0194739 0.0186653 0.0191332 0.0191713 0.0191713 0.0186472 0.0226158 0.0178731 0.0186293 0.0186241 0.0191148 0.0194487 0.0186684 0.0174798 0.0181514 0.0213995 0.0186211 0.0222055 
Bphy_baits_CNTNAP2   0.0083112 0.0256045 0.0249149 0.0090037 0.0031720 0.0031732 0.0016863 0.0039735 0.0000000 0.0159921 0.0204171 0.0063777 0.0196491 0.0179790 0.0179790 0.0185614 0.0170169 0.0071945 0.0071945 0.0104477 0.0188469 0.0192522 0.0196786 0.0179947 0.0271384 0.0220472 0.0255172 0.0221382 0.0197901 0.0205260 0.0188056 0.0165392 0.0188713 0.0179425 0.0187671 0.0200841 0.0181169 0.0265173 0.0240244 0.0242846 0.0176474 0.0235261 0.0228970 0.0238313 0.0237013 0.0225105 0.0236625 0.0170169 0.0217212 0.0228826 0.0220446 0.0186773 0.0190314 0.0204901 0.0191980 0.0196040 0.0181733 0.0269417 0.0188790 0.0270656 0.0178172 0.0184649 0.0225687 0.0186935 0.0186759 0.0194268 0.0179790 0.0184219 0.0193487 0.0193487 0.0187929 0.0227750 0.0179790 0.0179425 0.0187685 0.0182156 0.0188020 0.0188154 0.0175679 0.0182794 0.0217198 0.0187653 0.0216496 
Ccom40_CNTNAP2       0.0188677 0.0178934 0.0167435 0.0202282 0.0152963 0.0153026 0.0141952 0.0161360 0.0159921 0.0000000 0.0039293 0.0108457 0.0039416 0.0016368 0.0023605 0.0023776 0.0055320 0.0104080 0.0104080 0.0203460 0.0031452 0.0047194 0.0039342 0.0023547 0.0221153 0.0078982 0.0178168 0.0159722 0.0055238 0.0039375 0.0015692 0.0024369 0.0017147 0.0015692 0.0023551 0.0031449 0.0015838 0.0193517 0.0156337 0.0169269 0.0146998 0.0150581 0.0161429 0.0129543 0.0169247 0.0156301 0.0172522 0.0055320 0.0161416 0.0178126 0.0153114 0.0063254 0.0067523 0.0039313 0.0032636 0.0031436 0.0092009 0.0119968 0.0031502 0.0114454 0.0071276 0.0031468 0.0134403 0.0071344 0.0071278 0.0075233 0.0023605 0.0024682 0.0039424 0.0039424 0.0023581 0.0094517 0.0015723 0.0023559 0.0023552 0.0023954 0.0031486 0.0023609 0.0015723 0.0016305 0.0144724 0.0023548 0.0140922 
Chea7320_CNTNAP2     0.0225988 0.0205929 0.0173365 0.0240362 0.0193755 0.0193833 0.0172429 0.0201919 0.0204171 0.0039293 0.0000000 0.0152409 0.0045253 0.0023447 0.0030114 0.0031037 0.0068151 0.0146492 0.0146492 0.0242737 0.0037618 0.0053915 0.0045170 0.0030044 0.0227544 0.0076878 0.0178397 0.0168784 0.0060583 0.0052765 0.0030103 0.0032070 0.0024562 0.0022572 0.0030048 0.0046328 0.0022716 0.0179573 0.0178871 0.0173801 0.0157403 0.0147408 0.0170222 0.0140185 0.0191463 0.0181789 0.0188047 0.0068151 0.0166102 0.0186252 0.0162237 0.0068071 0.0073155 0.0052685 0.0031918 0.0037600 0.0089934 0.0190135 0.0037675 0.0144665 0.0083463 0.0038517 0.0164532 0.0083539 0.0083465 0.0081870 0.0030114 0.0024135 0.0046323 0.0046323 0.0030085 0.0093341 0.0022559 0.0030058 0.0030049 0.0030821 0.0037657 0.0030119 0.0023094 0.0015961 0.0149726 0.0030045 0.0146674 
Cmar59905_CNTNAP2    0.0098739 0.0220380 0.0208731 0.0105360 0.0062983 0.0063007 0.0050195 0.0071006 0.0063777 0.0108457 0.0152409 0.0000000 0.0144732 0.0128413 0.0128413 0.0132502 0.0119389 0.0031344 0.0031344 0.0119385 0.0144485 0.0147535 0.0152610 0.0136214 0.0260136 0.0166968 0.0210047 0.0183899 0.0169713 0.0160855 0.0136508 0.0128577 0.0134669 0.0128492 0.0136237 0.0148278 0.0129380 0.0215985 0.0203666 0.0205987 0.0165356 0.0188302 0.0193174 0.0186822 0.0190295 0.0188679 0.0205728 0.0119389 0.0198009 0.0209911 0.0184836 0.0135601 0.0146318 0.0160584 0.0145127 0.0144408 0.0162500 0.0214945 0.0144725 0.0212911 0.0127286 0.0139699 0.0162267 0.0135716 0.0135591 0.0144871 0.0128413 0.0129051 0.0148257 0.0148257 0.0136419 0.0189645 0.0128413 0.0128156 0.0136245 0.0131617 0.0136487 0.0136581 0.0123181 0.0128068 0.0180816 0.0136223 0.0187879 
Dcap108471_CNTNAP2   0.0226731 0.0191019 0.0182183 0.0232667 0.0194365 0.0194444 0.0172836 0.0202556 0.0196491 0.0039416 0.0045253 0.0144732 0.0000000 0.0015636 0.0015045 0.0031073 0.0068359 0.0146949 0.0146949 0.0243512 0.0037731 0.0054081 0.0045307 0.0030134 0.0236039 0.0077144 0.0194675 0.0177487 0.0060767 0.0052924 0.0030193 0.0032173 0.0016379 0.0022641 0.0030139 0.0046472 0.0015171 0.0179321 0.0187543 0.0182211 0.0157468 0.0155905 0.0178450 0.0152248 0.0200545 0.0190225 0.0188268 0.0068359 0.0174502 0.0194547 0.0170431 0.0068278 0.0073395 0.0052844 0.0031992 0.0037713 0.0090147 0.0190747 0.0037789 0.0112272 0.0083718 0.0038636 0.0164812 0.0083794 0.0083720 0.0082085 0.0015045 0.0008034 0.0046467 0.0046467 0.0030176 0.0069871 0.0022584 0.0015045 0.0030140 0.0015396 0.0022576 0.0030153 0.0023120 0.0015998 0.0158049 0.0030136 0.0155276 
Dcap79929_CNTNAP2    0.0201933 0.0191019 0.0162789 0.0215663 0.0177494 0.0177568 0.0162860 0.0185960 0.0179790 0.0016368 0.0023447 0.0128413 0.0015636 0.0000000 0.0000010 0.0008060 0.0047246 0.0128383 0.0128383 0.0228341 0.0015641 0.0032059 0.0023476 0.0007807 0.0220554 0.0057725 0.0177791 0.0150651 0.0039366 0.0031342 0.0007823 0.0008350 0.0000010 0.0000010 0.0007808 0.0024107 0.0000010 0.0167241 0.0169533 0.0164532 0.0154939 0.0145257 0.0161011 0.0136351 0.0181795 0.0172850 0.0179206 0.0047246 0.0156510 0.0177663 0.0152717 0.0047189 0.0050866 0.0031293 0.0016639 0.0015633 0.0075953 0.0173341 0.0015666 0.0112272 0.0063128 0.0016032 0.0138978 0.0063188 0.0063129 0.0066789 0.0000010 0.0000010 0.0024104 0.0024104 0.0007818 0.0061773 0.0000010 0.0000010 0.0007808 0.0000010 0.0007807 0.0007812 0.0000010 0.0000010 0.0139493 0.0007807 0.0135945 
DdelSJR_CNTNAP2      0.0210168 0.0191019 0.0164540 0.0215663 0.0178508 0.0178579 0.0164523 0.0186653 0.0179790 0.0023605 0.0030114 0.0128413 0.0015045 0.0000010 0.0000000 0.0015508 0.0053072 0.0131247 0.0131247 0.0227415 0.0022590 0.0038559 0.0030150 0.0015035 0.0219925 0.0057725 0.0178795 0.0161054 0.0045494 0.0037735 0.0015065 0.0016055 0.0000010 0.0007534 0.0015038 0.0030924 0.0007582 0.0167241 0.0170919 0.0166062 0.0157468 0.0147622 0.0162647 0.0140431 0.0182748 0.0174062 0.0179206 0.0053072 0.0158354 0.0178671 0.0154665 0.0053010 0.0056976 0.0037679 0.0023981 0.0022580 0.0081907 0.0174538 0.0022625 0.0112272 0.0068374 0.0023139 0.0142475 0.0068436 0.0068376 0.0072919 0.0000010 0.0000010 0.0030921 0.0030921 0.0015056 0.0058180 0.0007515 0.0000010 0.0015038 0.0000010 0.0007512 0.0015045 0.0007692 0.0007994 0.0141988 0.0015036 0.0138668 
Ddeltrop4525_CNTNAP2 0.0203347 0.0205906 0.0157082 0.0225847 0.0167666 0.0167734 0.0164463 0.0184237 0.0185614 0.0023776 0.0031037 0.0132502 0.0031073 0.0008060 0.0015508 0.0000000 0.0046815 0.0127193 0.0127193 0.0226214 0.0023291 0.0038832 0.0031076 0.0015500 0.0210262 0.0068017 0.0159803 0.0149369 0.0046679 0.0031102 0.0007747 0.0016174 0.0008435 0.0007767 0.0015503 0.0023331 0.0007818 0.0179321 0.0163947 0.0159264 0.0157395 0.0147569 0.0151493 0.0128563 0.0170556 0.0163018 0.0188268 0.0046815 0.0151481 0.0167969 0.0143294 0.0054645 0.0058866 0.0031054 0.0023973 0.0023280 0.0081878 0.0110532 0.0023328 0.0112272 0.0062551 0.0023303 0.0143910 0.0062610 0.0062553 0.0065460 0.0015508 0.0016080 0.0031140 0.0031140 0.0015522 0.0069894 0.0007747 0.0015508 0.0015503 0.0015883 0.0023271 0.0015510 0.0007747 0.0007991 0.0135028 0.0015501 0.0131444 
Dleu_CNTNAP2         0.0200580 0.0160205 0.0137719 0.0214193 0.0161547 0.0161610 0.0155108 0.0169586 0.0170169 0.0055320 0.0068151 0.0119389 0.0068359 0.0047246 0.0053072 0.0046815 0.0000000 0.0114785 0.0114785 0.0209847 0.0060613 0.0061823 0.0068234 0.0052946 0.0201564 0.0076946 0.0154118 0.0143756 0.0083892 0.0075911 0.0053051 0.0048383 0.0049499 0.0045477 0.0052954 0.0062113 0.0045774 0.0130212 0.0153489 0.0149161 0.0135359 0.0130234 0.0138192 0.0127712 0.0155288 0.0148984 0.0169012 0.0000010 0.0141486 0.0154004 0.0130318 0.0030109 0.0024228 0.0075795 0.0056202 0.0060584 0.0056871 0.0157519 0.0060707 0.0095944 0.0030106 0.0054222 0.0130987 0.0030133 0.0030107 0.0018000 0.0053072 0.0048570 0.0062106 0.0062106 0.0053020 0.0105359 0.0045451 0.0052971 0.0052956 0.0054325 0.0060677 0.0053080 0.0038703 0.0040148 0.0125301 0.0052949 0.0121438 
EausAUS_CNTNAP2      0.0110971 0.0234856 0.0199466 0.0113778 0.0068343 0.0068368 0.0056357 0.0076092 0.0071945 0.0104080 0.0146492 0.0031344 0.0146949 0.0128383 0.0131247 0.0127193 0.0114785 0.0000000 0.0000010 0.0122783 0.0131402 0.0134071 0.0139220 0.0123458 0.0249927 0.0156732 0.0201849 0.0184787 0.0155613 0.0147144 0.0131200 0.0131552 0.0134635 0.0123495 0.0130950 0.0142369 0.0124315 0.0228079 0.0195326 0.0197791 0.0167229 0.0180526 0.0185655 0.0163850 0.0190612 0.0181199 0.0205672 0.0114785 0.0190125 0.0201720 0.0177652 0.0130363 0.0140239 0.0146907 0.0131220 0.0138799 0.0157477 0.0206363 0.0131611 0.0212911 0.0122382 0.0126496 0.0153037 0.0130470 0.0130353 0.0147459 0.0131247 0.0132060 0.0134702 0.0134702 0.0131118 0.0190650 0.0123422 0.0130994 0.0130957 0.0134393 0.0139014 0.0131268 0.0118285 0.0122794 0.0173639 0.0130938 0.0188427 
Egla13086_CNTNAP2    0.0110971 0.0234856 0.0199466 0.0113778 0.0068343 0.0068368 0.0056357 0.0076092 0.0071945 0.0104080 0.0146492 0.0031344 0.0146949 0.0128383 0.0131247 0.0127193 0.0114785 0.0000010 0.0000000 0.0122783 0.0131402 0.0134071 0.0139220 0.0123458 0.0249927 0.0156732 0.0201849 0.0184787 0.0155613 0.0147144 0.0131200 0.0131552 0.0134635 0.0123495 0.0130950 0.0142369 0.0124315 0.0228079 0.0195326 0.0197791 0.0167229 0.0180526 0.0185655 0.0163850 0.0190612 0.0181199 0.0205672 0.0114785 0.0190125 0.0201720 0.0177652 0.0130363 0.0140239 0.0146907 0.0131220 0.0138799 0.0157477 0.0206363 0.0131611 0.0212911 0.0122382 0.0126496 0.0153037 0.0130470 0.0130353 0.0147459 0.0131247 0.0132060 0.0134702 0.0134702 0.0131118 0.0190650 0.0123422 0.0130994 0.0130957 0.0134393 0.0139014 0.0131268 0.0118285 0.0122794 0.0173639 0.0130938 0.0188427 
Erob133443_CNTNAP2   0.0119395 0.0377421 0.0305400 0.0130326 0.0099221 0.0099258 0.0089041 0.0091509 0.0104477 0.0203460 0.0242737 0.0119385 0.0243512 0.0228341 0.0227415 0.0226214 0.0209847 0.0122783 0.0122783 0.0000000 0.0227825 0.0232518 0.0235817 0.0219586 0.0331901 0.0259473 0.0307373 0.0285624 0.0237098 0.0227095 0.0227344 0.0225633 0.0239645 0.0219530 0.0226893 0.0241104 0.0221012 0.0329154 0.0280431 0.0288450 0.0254729 0.0274416 0.0274136 0.0262269 0.0272329 0.0271293 0.0299243 0.0209847 0.0280836 0.0290652 0.0265906 0.0225845 0.0234440 0.0243573 0.0233625 0.0234953 0.0243597 0.0298130 0.0228199 0.0317049 0.0217493 0.0225089 0.0245608 0.0226032 0.0225829 0.0243496 0.0227415 0.0234999 0.0233637 0.0233637 0.0227195 0.0276665 0.0219399 0.0226974 0.0226911 0.0232925 0.0235319 0.0219814 0.0216368 0.0224740 0.0280636 0.0226872 0.0291373 
Fatt_CNTNAP2         0.0210556 0.0221285 0.0173421 0.0224570 0.0178819 0.0178891 0.0164825 0.0186981 0.0188469 0.0031452 0.0037618 0.0144485 0.0037731 0.0015641 0.0022590 0.0023291 0.0060613 0.0131402 0.0131402 0.0227825 0.0000000 0.0030803 0.0022573 0.0007507 0.0227613 0.0067216 0.0186433 0.0168985 0.0037859 0.0030146 0.0022581 0.0024066 0.0016384 0.0015056 0.0022540 0.0038628 0.0015153 0.0191741 0.0178926 0.0173852 0.0168048 0.0155709 0.0170272 0.0128395 0.0191526 0.0181843 0.0197149 0.0060613 0.0166151 0.0186307 0.0162284 0.0060542 0.0065067 0.0030101 0.0015963 0.0030096 0.0090031 0.0182340 0.0015062 0.0112272 0.0075919 0.0015403 0.0153705 0.0075989 0.0075921 0.0081967 0.0022590 0.0024160 0.0023157 0.0023157 0.0022568 0.0081755 0.0015048 0.0022547 0.0022541 0.0023129 0.0030142 0.0022594 0.0015404 0.0015977 0.0149769 0.0022538 0.0146718 
Ggri_CNTNAP2         0.0218187 0.0220286 0.0181672 0.0232372 0.0182470 0.0182545 0.0172703 0.0190806 0.0192522 0.0047194 0.0053915 0.0147535 0.0054081 0.0032059 0.0038559 0.0038832 0.0061823 0.0134071 0.0134071 0.0232518 0.0030803 0.0000000 0.0038530 0.0023062 0.0232298 0.0076767 0.0182027 0.0164279 0.0054095 0.0038562 0.0030761 0.0040125 0.0033564 0.0030838 0.0038472 0.0054098 0.0031042 0.0203094 0.0186669 0.0181387 0.0178072 0.0163565 0.0173734 0.0139945 0.0195576 0.0185621 0.0196596 0.0061823 0.0173721 0.0190104 0.0165571 0.0069584 0.0074903 0.0038503 0.0031938 0.0046216 0.0098019 0.0125091 0.0030851 0.0128141 0.0077437 0.0030818 0.0164472 0.0077509 0.0077439 0.0083932 0.0038559 0.0040281 0.0038609 0.0038609 0.0038520 0.0093407 0.0030820 0.0038484 0.0038473 0.0039486 0.0046288 0.0038565 0.0030820 0.0031966 0.0157337 0.0038468 0.0154553 
Gmac39091_CNTNAP2    0.0218784 0.0236309 0.0182198 0.0233027 0.0186705 0.0186781 0.0173178 0.0194888 0.0196786 0.0039342 0.0045170 0.0152610 0.0045307 0.0023476 0.0030150 0.0031076 0.0068234 0.0139220 0.0139220 0.0235817 0.0022573 0.0038530 0.0000000 0.0015024 0.0235597 0.0086679 0.0194313 0.0177145 0.0045460 0.0037707 0.0030138 0.0032111 0.0024594 0.0022599 0.0030084 0.0046385 0.0022743 0.0203914 0.0187177 0.0181866 0.0178697 0.0147133 0.0178119 0.0152285 0.0200366 0.0189865 0.0206250 0.0068234 0.0174170 0.0194186 0.0170115 0.0068153 0.0073251 0.0037651 0.0023961 0.0037645 0.0098282 0.0190385 0.0022608 0.0145062 0.0083565 0.0023121 0.0164829 0.0083641 0.0083567 0.0091144 0.0030150 0.0032235 0.0030897 0.0030897 0.0030121 0.0081647 0.0022586 0.0030093 0.0030085 0.0030859 0.0037702 0.0030155 0.0023122 0.0023982 0.0157750 0.0030081 0.0154972 
Gmel_CNTNAP2         0.0202095 0.0205842 0.0164447 0.0215857 0.0170748 0.0170816 0.0156296 0.0178879 0.0179947 0.0023547 0.0030044 0.0136214 0.0030134 0.0007807 0.0015035 0.0015500 0.0052946 0.0123458 0.0123458 0.0219586 0.0007507 0.0023062 0.0015024 0.0000000 0.0219382 0.0067216 0.0178358 0.0160647 0.0030236 0.0022563 0.0015029 0.0016015 0.0008177 0.0007516 0.0015002 0.0030849 0.0007564 0.0179275 0.0170482 0.0165649 0.0157175 0.0147242 0.0162251 0.0128395 0.0182466 0.0173630 0.0187813 0.0052946 0.0157959 0.0178235 0.0154289 0.0052884 0.0056830 0.0022529 0.0007967 0.0022526 0.0081696 0.0174103 0.0007519 0.0112272 0.0068211 0.0007688 0.0142374 0.0068273 0.0068213 0.0072711 0.0015035 0.0016077 0.0015411 0.0015411 0.0015020 0.0069894 0.0007511 0.0015006 0.0015002 0.0015386 0.0022561 0.0015037 0.0007689 0.0007974 0.0141636 0.0015000 0.0138313 
Hamp_CNTNAP2         0.0318245 0.0145012 0.0111531 0.0335255 0.0290233 0.0290359 0.0274276 0.0265667 0.0271384 0.0221153 0.0227544 0.0260136 0.0236039 0.0220554 0.0219925 0.0210262 0.0201564 0.0249927 0.0249927 0.0331901 0.0227613 0.0232298 0.0235597 0.0219382 0.0000000 0.0247824 0.0250061 0.0234448 0.0252679 0.0243762 0.0219855 0.0208585 0.0222525 0.0212027 0.0219419 0.0233453 0.0213460 0.0093947 0.0096424 0.0085706 0.0072125 0.0097185 0.0076205 0.0092571 0.0094217 0.0085603 0.0114842 0.0201564 0.0062180 0.0076163 0.0068480 0.0217510 0.0191055 0.0243346 0.0216088 0.0227486 0.0208565 0.0272009 0.0227986 0.0349639 0.0217479 0.0207825 0.0267083 0.0217690 0.0201236 0.0185145 0.0219925 0.0209559 0.0233414 0.0233414 0.0219711 0.0204293 0.0211900 0.0219497 0.0219436 0.0208781 0.0227842 0.0219962 0.0208692 0.0199516 0.0093694 0.0219399 0.0105064 
Igeo_CNTNAP2         0.0257667 0.0239002 0.0172993 0.0267784 0.0217028 0.0217142 0.0206365 0.0206900 0.0220472 0.0078982 0.0076878 0.0166968 0.0077144 0.0057725 0.0057725 0.0068017 0.0076946 0.0156732 0.0156732 0.0259473 0.0067216 0.0076767 0.0086679 0.0067216 0.0247824 0.0000000 0.0186220 0.0197553 0.0096598 0.0086772 0.0057586 0.0070845 0.0050753 0.0057768 0.0067230 0.0086914 0.0058246 0.0153387 0.0203276 0.0186060 0.0174632 0.0174443 0.0186627 0.0156489 0.0216374 0.0201849 0.0206358 0.0076946 0.0186610 0.0196814 0.0176452 0.0076874 0.0062665 0.0076929 0.0080557 0.0076938 0.0111634 0.0156142 0.0067216 0.0178305 0.0086653 0.0077033 0.0202212 0.0086712 0.0086657 0.0072449 0.0057725 0.0060976 0.0077109 0.0077109 0.0067336 0.0080391 0.0057725 0.0057586 0.0067233 0.0049520 0.0057921 0.0067433 0.0057725 0.0060428 0.0166189 0.0067221 0.0152307 
Kbre_CNTNAP2         0.0284403 0.0206824 0.0209593 0.0300426 0.0242076 0.0242178 0.0223523 0.0250391 0.0255172 0.0178168 0.0178397 0.0210047 0.0194675 0.0177791 0.0178795 0.0159803 0.0154118 0.0201849 0.0201849 0.0307373 0.0186433 0.0182027 0.0194313 0.0178358 0.0250061 0.0186220 0.0000000 0.0071501 0.0203796 0.0202341 0.0178734 0.0173659 0.0186510 0.0170984 0.0178388 0.0182915 0.0172128 0.0216423 0.0220714 0.0214263 0.0168069 0.0189253 0.0209803 0.0162929 0.0226895 0.0213951 0.0224516 0.0154118 0.0206604 0.0225999 0.0201732 0.0169875 0.0165937 0.0202006 0.0172774 0.0186333 0.0183309 0.0182147 0.0186733 0.0296609 0.0169853 0.0174547 0.0130545 0.0170015 0.0169862 0.0166864 0.0178795 0.0165942 0.0182888 0.0182888 0.0178620 0.0178756 0.0170883 0.0178449 0.0178400 0.0183099 0.0186622 0.0178824 0.0158588 0.0156355 0.0190016 0.0178371 0.0205481 
Ksim_CNTNAP2         0.0278499 0.0191768 0.0179092 0.0285853 0.0226358 0.0226456 0.0215060 0.0234940 0.0221382 0.0159722 0.0168784 0.0183899 0.0177487 0.0150651 0.0161054 0.0149369 0.0143756 0.0184787 0.0184787 0.0285624 0.0168985 0.0164279 0.0177145 0.0160647 0.0234448 0.0197553 0.0071501 0.0000000 0.0178638 0.0185444 0.0160997 0.0163412 0.0158321 0.0152962 0.0160674 0.0173436 0.0154022 0.0189456 0.0203265 0.0197116 0.0165317 0.0170523 0.0184543 0.0175887 0.0208335 0.0188316 0.0186346 0.0143756 0.0189157 0.0201204 0.0176244 0.0160075 0.0155172 0.0185128 0.0162542 0.0168892 0.0182139 0.0181063 0.0160647 0.0268038 0.0160054 0.0164772 0.0138841 0.0160211 0.0160062 0.0154820 0.0161054 0.0155341 0.0173409 0.0173409 0.0160891 0.0149097 0.0152868 0.0160732 0.0160685 0.0156648 0.0169164 0.0161082 0.0148195 0.0145456 0.0172048 0.0160659 0.0187366 
Lacu_CNTNAP2         0.0219271 0.0206496 0.0182495 0.0233559 0.0187709 0.0187786 0.0173301 0.0195938 0.0197901 0.0055238 0.0060583 0.0169713 0.0060767 0.0039366 0.0045494 0.0046679 0.0083892 0.0155613 0.0155613 0.0237098 0.0037859 0.0054095 0.0045460 0.0030236 0.0252679 0.0096598 0.0203796 0.0178638 0.0000000 0.0053104 0.0037807 0.0048310 0.0041187 0.0037901 0.0045393 0.0062022 0.0038148 0.0216052 0.0204026 0.0198220 0.0178732 0.0180651 0.0194751 0.0164221 0.0218856 0.0206924 0.0215441 0.0083892 0.0190538 0.0210958 0.0186677 0.0083791 0.0081835 0.0053023 0.0039994 0.0053015 0.0114831 0.0199587 0.0030299 0.0144710 0.0099342 0.0038646 0.0177129 0.0099434 0.0099346 0.0100697 0.0045494 0.0048423 0.0046479 0.0046479 0.0045449 0.0081587 0.0037879 0.0045407 0.0045395 0.0046569 0.0053096 0.0045501 0.0038648 0.0040028 0.0174003 0.0045389 0.0171778 
Lalb_CNTNAP2         0.0218993 0.0236727 0.0182382 0.0233258 0.0194733 0.0194812 0.0173344 0.0202942 0.0205260 0.0039375 0.0052765 0.0160855 0.0052924 0.0031342 0.0037735 0.0031102 0.0075911 0.0147144 0.0147144 0.0227095 0.0030146 0.0038562 0.0037707 0.0022563 0.0243762 0.0086772 0.0202341 0.0185444 0.0053104 0.0000000 0.0037721 0.0032139 0.0032836 0.0030180 0.0037652 0.0046424 0.0030375 0.0204201 0.0187355 0.0182033 0.0178916 0.0164167 0.0186101 0.0152490 0.0209377 0.0198034 0.0206467 0.0075911 0.0174330 0.0202211 0.0178075 0.0075821 0.0081499 0.0030127 0.0023982 0.0045231 0.0098372 0.0190561 0.0030192 0.0145329 0.0091276 0.0023140 0.0165039 0.0091360 0.0091279 0.0100410 0.0037735 0.0032264 0.0030923 0.0030923 0.0037698 0.0081644 0.0030162 0.0037664 0.0037653 0.0038623 0.0045300 0.0037741 0.0023141 0.0024003 0.0157893 0.0037648 0.0155117 
Laus_CNTNAP2         0.0201515 0.0191019 0.0155750 0.0215219 0.0178448 0.0178519 0.0155841 0.0186591 0.0188056 0.0015692 0.0030103 0.0136508 0.0030193 0.0007823 0.0015065 0.0007747 0.0053051 0.0131200 0.0131200 0.0227344 0.0022581 0.0030761 0.0030138 0.0015029 0.0219855 0.0057586 0.0178734 0.0160997 0.0037807 0.0037721 0.0000000 0.0008004 0.0008194 0.0007530 0.0015031 0.0023128 0.0007579 0.0167241 0.0162309 0.0157711 0.0146632 0.0139012 0.0162591 0.0128395 0.0182898 0.0174002 0.0178807 0.0053051 0.0150012 0.0178611 0.0154611 0.0052990 0.0056952 0.0037664 0.0015940 0.0022571 0.0073498 0.0166135 0.0022616 0.0112272 0.0068348 0.0015382 0.0131357 0.0068410 0.0068350 0.0072886 0.0015065 0.0008035 0.0023125 0.0023125 0.0015050 0.0069894 0.0007526 0.0015036 0.0015032 0.0015417 0.0022606 0.0015067 0.0000010 0.0000010 0.0133722 0.0015030 0.0130129 
Lbor_CNTNAP2         0.0210620 0.0206298 0.0170898 0.0225223 0.0173543 0.0173616 0.0163013 0.0182209 0.0165392 0.0024369 0.0032070 0.0128577 0.0032173 0.0008350 0.0016055 0.0016174 0.0048383 0.0131552 0.0131552 0.0225633 0.0024066 0.0040125 0.0032111 0.0016015 0.0208585 0.0070845 0.0173659 0.0163412 0.0048310 0.0032139 0.0008004 0.0000000 0.0008756 0.0008015 0.0016017 0.0024127 0.0008080 0.0181868 0.0178295 0.0173017 0.0135769 0.0154040 0.0165007 0.0142112 0.0178436 0.0168528 0.0195424 0.0048383 0.0147928 0.0164905 0.0156500 0.0056476 0.0060999 0.0032087 0.0024992 0.0024054 0.0059510 0.0114291 0.0024105 0.0128699 0.0064652 0.0024078 0.0144252 0.0064715 0.0064653 0.0065889 0.0016055 0.0016803 0.0032180 0.0032180 0.0016038 0.0086535 0.0008010 0.0016023 0.0016018 0.0016458 0.0024093 0.0016058 0.0008010 0.0008316 0.0147916 0.0016016 0.0122762 
Lhos30470_CNTNAP2    0.0211903 0.0191019 0.0162789 0.0226143 0.0186185 0.0186267 0.0171052 0.0195086 0.0188713 0.0017147 0.0024562 0.0134669 0.0016379 0.0000010 0.0000010 0.0008435 0.0049499 0.0134635 0.0134635 0.0239645 0.0016384 0.0033564 0.0024594 0.0008177 0.0222525 0.0050753 0.0186510 0.0158321 0.0041187 0.0032836 0.0008194 0.0008756 0.0000000 0.0000010 0.0008178 0.0025241 0.0000010 0.0167241 0.0177976 0.0172470 0.0164963 0.0152544 0.0168879 0.0146317 0.0191352 0.0181341 0.0188660 0.0049499 0.0164072 0.0186373 0.0160168 0.0049436 0.0053481 0.0032782 0.0017452 0.0016376 0.0079719 0.0181938 0.0016411 0.0112272 0.0066144 0.0016777 0.0138978 0.0066210 0.0057779 0.0070622 0.0000010 0.0000010 0.0025239 0.0025239 0.0008189 0.0066359 0.0000010 0.0000010 0.0008179 0.0000010 0.0008177 0.0008182 0.0000010 0.0000010 0.0146206 0.0008177 0.0142606 
Lhos452_CNTNAP2      0.0202044 0.0191790 0.0156189 0.0215799 0.0170709 0.0170777 0.0156258 0.0178837 0.0179425 0.0015692 0.0022572 0.0128492 0.0022641 0.0000010 0.0007534 0.0007767 0.0045477 0.0123495 0.0123495 0.0219530 0.0015056 0.0030838 0.0022599 0.0007516 0.0212027 0.0057768 0.0170984 0.0152962 0.0037901 0.0030180 0.0007530 0.0008015 0.0000010 0.0000000 0.0007517 0.0023128 0.0000010 0.0167241 0.0162309 0.0158117 0.0146632 0.0139384 0.0154865 0.0128395 0.0173716 0.0166111 0.0179328 0.0045477 0.0150399 0.0170863 0.0146896 0.0045425 0.0048692 0.0030135 0.0015982 0.0015050 0.0073695 0.0166564 0.0015080 0.0112863 0.0060760 0.0015421 0.0131828 0.0060816 0.0060762 0.0063594 0.0007534 0.0008056 0.0023184 0.0023184 0.0007526 0.0069894 0.0000010 0.0007519 0.0007517 0.0007690 0.0015073 0.0007535 0.0000010 0.0000010 0.0134066 0.0007516 0.0130475 
Lobl_CNTNAP2         0.0209671 0.0205906 0.0164477 0.0223599 0.0178102 0.0178173 0.0164127 0.0186228 0.0187671 0.0023551 0.0030048 0.0136237 0.0030139 0.0007808 0.0015038 0.0015503 0.0052954 0.0130950 0.0130950 0.0226893 0.0022540 0.0038472 0.0030084 0.0015002 0.0219419 0.0067230 0.0178388 0.0160674 0.0045393 0.0037652 0.0015031 0.0016017 0.0008178 0.0007517 0.0000000 0.0030854 0.0007565 0.0179321 0.0170511 0.0165676 0.0157210 0.0147268 0.0162278 0.0128395 0.0182499 0.0173659 0.0187849 0.0052954 0.0157986 0.0178264 0.0154315 0.0052893 0.0056840 0.0037596 0.0023924 0.0022530 0.0081710 0.0174132 0.0022575 0.0112272 0.0068222 0.0023086 0.0142407 0.0068284 0.0068224 0.0072725 0.0015038 0.0016080 0.0030851 0.0030851 0.0015023 0.0069894 0.0007512 0.0015009 0.0015004 0.0015388 0.0022564 0.0015040 0.0007690 0.0007975 0.0141660 0.0015003 0.0138337 
Lobs_CNTNAP2         0.0210062 0.0206892 0.0173899 0.0241255 0.0174488 0.0174559 0.0172921 0.0199225 0.0200841 0.0031449 0.0046328 0.0148278 0.0046472 0.0024107 0.0030924 0.0023331 0.0062113 0.0142369 0.0142369 0.0241104 0.0038628 0.0054098 0.0046385 0.0030849 0.0233453 0.0086914 0.0182915 0.0173436 0.0062022 0.0046424 0.0023128 0.0024127 0.0025241 0.0023128 0.0030854 0.0000000 0.0023340 0.0191481 0.0187108 0.0182269 0.0157290 0.0155981 0.0174570 0.0152018 0.0187103 0.0186545 0.0188481 0.0062113 0.0174557 0.0191034 0.0166376 0.0069911 0.0075077 0.0046352 0.0032007 0.0038610 0.0090191 0.0125690 0.0038689 0.0129221 0.0077802 0.0038648 0.0154124 0.0077875 0.0077805 0.0074700 0.0030924 0.0024202 0.0046481 0.0046481 0.0030893 0.0081650 0.0023172 0.0030864 0.0030855 0.0031588 0.0038670 0.0030929 0.0023172 0.0016005 0.0158099 0.0030851 0.0155327 
LperAUS_CNTNAP2      0.0203450 0.0191019 0.0157355 0.0208885 0.0171848 0.0171917 0.0155841 0.0180034 0.0181169 0.0015838 0.0022716 0.0129380 0.0015171 0.0000010 0.0007582 0.0007818 0.0045774 0.0124315 0.0124315 0.0221012 0.0015153 0.0031042 0.0022743 0.0007564 0.0213460 0.0058246 0.0172128 0.0154022 0.0038148 0.0030375 0.0007579 0.0008080 0.0000010 0.0000010 0.0007565 0.0023340 0.0000000 0.0167241 0.0163879 0.0159191 0.0146632 0.0139012 0.0155897 0.0128395 0.0175516 0.0167242 0.0178807 0.0045774 0.0151422 0.0172005 0.0147873 0.0045720 0.0049164 0.0030330 0.0015940 0.0015146 0.0073498 0.0167701 0.0015176 0.0112272 0.0061157 0.0015523 0.0133077 0.0061213 0.0061158 0.0063594 0.0007582 0.0008035 0.0023338 0.0023338 0.0007574 0.0069894 0.0000010 0.0007567 0.0007565 0.0007760 0.0015169 0.0007583 0.0000010 0.0000010 0.0134975 0.0007564 0.0131390 
Mbid_CNTNAP2         0.0270682 0.0049480 0.0060088 0.0264552 0.0264850 0.0252557 0.0252557 0.0227525 0.0265173 0.0193517 0.0179573 0.0215985 0.0179321 0.0167241 0.0167241 0.0179321 0.0130212 0.0228079 0.0228079 0.0329154 0.0191741 0.0203094 0.0203914 0.0179275 0.0093947 0.0153387 0.0216423 0.0189456 0.0216052 0.0204201 0.0167241 0.0181868 0.0167241 0.0167241 0.0179321 0.0191481 0.0167241 0.0000000 0.0048236 0.0034886 0.0043097 0.0046652 0.0034973 0.0017028 0.0024965 0.0023980 0.0074661 0.0130212 0.0034968 0.0058556 0.0023254 0.0154290 0.0154384 0.0191366 0.0179275 0.0191582 0.0155057 0.0165511 0.0192219 0.0339339 0.0166557 0.0179275 0.0232342 0.0166801 0.0154290 0.0154678 0.0167241 0.0168960 0.0204216 0.0204216 0.0179682 0.0215944 0.0167241 0.0167241 0.0179339 0.0167241 0.0167241 0.0167241 0.0167241 0.0167664 0.0046582 0.0179295 0.0082183 
Mbow_CNTNAP2         0.0265967 0.0072390 0.0061387 0.0281877 0.0245458 0.0245567 0.0220224 0.0220011 0.0240244 0.0156337 0.0178871 0.0203666 0.0187543 0.0169533 0.0170919 0.0163947 0.0153489 0.0195326 0.0195326 0.0280431 0.0178926 0.0186669 0.0187177 0.0170482 0.0096424 0.0203276 0.0220714 0.0203265 0.0204026 0.0187355 0.0162309 0.0178295 0.0177976 0.0162309 0.0170511 0.0187108 0.0163879 0.0048236 0.0000000 0.0039712 0.0041098 0.0049589 0.0031769 0.0045985 0.0043526 0.0039758 0.0061945 0.0153489 0.0031765 0.0047803 0.0023789 0.0161635 0.0146979 0.0187032 0.0168559 0.0178826 0.0178837 0.0177878 0.0179227 0.0353694 0.0169993 0.0179016 0.0245639 0.0170163 0.0170003 0.0145579 0.0170919 0.0161520 0.0187575 0.0187575 0.0170744 0.0171567 0.0162638 0.0170573 0.0170523 0.0157350 0.0179117 0.0170948 0.0162638 0.0151732 0.0047757 0.0162309 0.0074484 
Mcar_CNTNAP2         0.0266444 0.0071457 0.0059466 0.0281893 0.0246511 0.0246618 0.0222056 0.0221780 0.0242846 0.0169269 0.0173801 0.0205987 0.0182211 0.0164532 0.0166062 0.0159264 0.0149161 0.0197791 0.0197791 0.0288450 0.0173852 0.0181387 0.0181866 0.0165649 0.0085706 0.0186060 0.0214263 0.0197116 0.0198220 0.0182033 0.0157711 0.0173017 0.0172470 0.0158117 0.0165676 0.0182269 0.0159191 0.0034886 0.0039712 0.0000000 0.0030672 0.0040038 0.0023141 0.0022828 0.0034675 0.0031517 0.0052356 0.0149161 0.0023139 0.0038685 0.0015404 0.0157074 0.0134874 0.0181729 0.0163612 0.0173758 0.0173974 0.0164601 0.0174127 0.0331359 0.0165187 0.0173928 0.0220108 0.0165347 0.0165196 0.0132070 0.0166062 0.0156740 0.0182242 0.0182242 0.0165896 0.0165793 0.0158022 0.0165735 0.0165687 0.0153627 0.0174023 0.0166089 0.0158022 0.0147279 0.0038602 0.0165661 0.0064140 
Mden_CNTNAP2         0.0220521 0.0048160 0.0057475 0.0210272 0.0188701 0.0178049 0.0178049 0.0156505 0.0176474 0.0146998 0.0157403 0.0165356 0.0157468 0.0154939 0.0157468 0.0157395 0.0135359 0.0167229 0.0167229 0.0254729 0.0168048 0.0178072 0.0178697 0.0157175 0.0072125 0.0174632 0.0168069 0.0165317 0.0178732 0.0178916 0.0146632 0.0135769 0.0164963 0.0146632 0.0157210 0.0157290 0.0146632 0.0043097 0.0041098 0.0030672 0.0000000 0.0041023 0.0020448 0.0026800 0.0020461 0.0020437 0.0043934 0.0135359 0.0000010 0.0020433 0.0010203 0.0145852 0.0153789 0.0178518 0.0167910 0.0167928 0.0137260 0.0145312 0.0168413 0.0321586 0.0156597 0.0168158 0.0178319 0.0145852 0.0156608 0.0160387 0.0157468 0.0158889 0.0167833 0.0167833 0.0157401 0.0173142 0.0146805 0.0157283 0.0157223 0.0157468 0.0168039 0.0146805 0.0146805 0.0146632 0.0030693 0.0146632 0.0051331 
Meur_CNTNAP2         0.0234259 0.0071661 0.0061997 0.0231860 0.0222491 0.0222589 0.0214096 0.0205401 0.0235261 0.0150581 0.0147408 0.0188302 0.0155905 0.0145257 0.0147622 0.0147569 0.0130234 0.0180526 0.0180526 0.0274416 0.0155709 0.0163565 0.0147133 0.0147242 0.0097185 0.0174443 0.0189253 0.0170523 0.0180651 0.0164167 0.0139012 0.0154040 0.0152544 0.0139384 0.0147268 0.0155981 0.0139012 0.0046652 0.0049589 0.0040038 0.0041023 0.0000000 0.0015983 0.0045891 0.0045272 0.0040982 0.0043593 0.0130234 0.0032067 0.0048257 0.0024014 0.0138436 0.0122741 0.0163884 0.0155609 0.0155623 0.0165883 0.0146276 0.0155973 0.0332997 0.0146821 0.0155789 0.0208834 0.0146967 0.0146828 0.0132304 0.0147622 0.0148661 0.0164364 0.0164364 0.0147469 0.0153941 0.0139297 0.0147321 0.0147277 0.0134286 0.0155878 0.0147647 0.0139297 0.0139253 0.0040059 0.0147253 0.0058338 
Mgin_CNTNAP2         0.0258753 0.0057164 0.0051046 0.0274023 0.0233235 0.0233332 0.0214142 0.0209103 0.0228970 0.0161429 0.0170222 0.0193174 0.0178450 0.0161011 0.0162647 0.0151493 0.0138192 0.0185655 0.0185655 0.0274136 0.0170272 0.0173734 0.0178119 0.0162251 0.0076205 0.0186627 0.0209803 0.0184543 0.0194751 0.0186101 0.0162591 0.0165007 0.0168879 0.0154865 0.0162278 0.0174570 0.0155897 0.0034973 0.0031769 0.0023141 0.0020448 0.0015983 0.0000000 0.0022865 0.0025373 0.0023085 0.0026086 0.0138192 0.0015425 0.0030237 0.0007523 0.0153866 0.0140215 0.0185795 0.0155645 0.0170182 0.0165703 0.0222349 0.0170545 0.0332235 0.0153847 0.0166246 0.0220478 0.0153992 0.0153855 0.0128636 0.0162647 0.0148695 0.0174545 0.0174545 0.0162488 0.0166220 0.0154773 0.0162333 0.0162288 0.0150400 0.0170445 0.0162673 0.0150320 0.0139285 0.0030919 0.0162262 0.0056194 
MgraAUS_CNTNAP2      0.0241089 0.0079169 0.0064637 0.0237490 0.0224090 0.0212080 0.0212080 0.0187715 0.0238313 0.0129543 0.0140185 0.0186822 0.0152248 0.0136351 0.0140431 0.0128563 0.0127712 0.0163850 0.0163850 0.0262269 0.0128395 0.0139945 0.0152285 0.0128395 0.0092571 0.0156489 0.0162929 0.0175887 0.0164221 0.0152490 0.0128395 0.0142112 0.0146317 0.0128395 0.0128395 0.0152018 0.0128395 0.0017028 0.0045985 0.0022828 0.0026800 0.0045891 0.0022865 0.0000000 0.0023070 0.0022852 0.0025118 0.0127712 0.0022862 0.0034372 0.0011406 0.0127563 0.0125169 0.0140309 0.0140309 0.0140240 0.0153827 0.0150820 0.0128395 0.0278036 0.0139486 0.0140540 0.0197208 0.0139684 0.0139495 0.0131626 0.0140431 0.0141844 0.0152754 0.0152754 0.0128634 0.0100494 0.0128563 0.0140246 0.0128395 0.0141069 0.0152210 0.0128563 0.0128563 0.0128712 0.0034325 0.0128395 0.0045777 
Mhec_CNTNAP2         0.0263693 0.0058378 0.0067026 0.0281071 0.0235320 0.0226434 0.0213513 0.0199438 0.0237013 0.0169247 0.0191463 0.0190295 0.0200545 0.0181795 0.0182748 0.0170556 0.0155288 0.0190612 0.0190612 0.0272329 0.0191526 0.0195576 0.0200366 0.0182466 0.0094217 0.0216374 0.0226895 0.0208335 0.0218856 0.0209377 0.0182898 0.0178436 0.0191352 0.0173716 0.0182499 0.0187103 0.0175516 0.0024965 0.0043526 0.0034675 0.0020461 0.0045272 0.0025373 0.0023070 0.0000000 0.0025363 0.0048321 0.0155288 0.0026003 0.0042440 0.0016887 0.0172942 0.0156714 0.0208987 0.0176046 0.0191411 0.0177837 0.0250747 0.0191873 0.0322971 0.0172916 0.0187220 0.0226352 0.0173101 0.0172927 0.0129164 0.0182748 0.0168157 0.0196617 0.0196617 0.0182766 0.0163581 0.0173886 0.0182570 0.0182513 0.0167105 0.0191516 0.0173886 0.0169057 0.0157241 0.0043446 0.0173716 0.0069878 
MlayAUS_CNTNAP2      0.0255511 0.0057123 0.0060907 0.0270997 0.0229640 0.0229738 0.0209955 0.0205076 0.0225105 0.0156301 0.0181789 0.0188679 0.0190225 0.0172850 0.0174062 0.0163018 0.0148984 0.0181199 0.0181199 0.0271293 0.0181843 0.0185621 0.0189865 0.0173630 0.0085603 0.0201849 0.0213951 0.0188316 0.0206924 0.0198034 0.0174002 0.0168528 0.0181341 0.0166111 0.0173659 0.0186545 0.0167242 0.0023980 0.0039758 0.0031517 0.0020437 0.0040982 0.0023085 0.0022852 0.0025363 0.0000000 0.0052626 0.0148984 0.0023635 0.0038591 0.0015359 0.0165015 0.0143259 0.0181417 0.0150401 0.0181744 0.0177783 0.0235364 0.0182141 0.0331933 0.0164993 0.0178009 0.0220349 0.0165153 0.0165002 0.0122118 0.0174062 0.0160570 0.0186517 0.0186517 0.0173889 0.0158748 0.0166011 0.0173720 0.0173671 0.0161803 0.0182031 0.0174091 0.0161723 0.0150847 0.0039480 0.0165684 0.0057357 
