84
Bacu_MYO7A         0.0000000 0.0189754 0.0385547 0.0034052 0.0015969 0.0014933 0.0039421 0.0027213 0.0051504 0.0013590 0.0017198 0.0078070 0.0163939 0.0033406 0.0150047 0.0137246 0.0124026 0.0144486 0.0131313 0.0064035 0.0056252 0.0048524 0.0064143 0.0131779 0.0123121 0.0125368 0.0130954 0.0143851 0.0376176 0.0167614 0.0102003 0.0168275 0.0142340 0.0138842 0.0137110 0.0136372 0.0138299 0.0146347 0.0132899 0.0165907 0.0131033 0.0170125 0.0166089 0.0177462 0.0546977 0.0183426 0.0164214 0.0169889 0.0173362 0.0169181 0.0138469 0.0169500 0.0195837 0.0141873 0.0253229 0.0157788 0.0156515 0.0152845 0.0131138 0.0126887 0.0131052 0.0116684 0.0122626 0.0090190 0.0102821 0.0121674 0.0131203 0.0124181 0.0170209 0.0151863 0.0132854 0.0153563 0.0136537 0.0148438 0.0144067 0.0149407 0.0139139 0.0137397 0.0146919 0.0141997 0.0172165 0.0153049 0.0142618 0.0152229 
Barn_MYO7A         0.0189754 0.0000000 0.0026287 0.0170952 0.0159264 0.0160649 0.0160649 0.0187557 0.0183706 0.0173859 0.0160417 0.0061758 0.0069994 0.0189307 0.0066111 0.0079505 0.0066111 0.0069994 0.0092865 0.0156526 0.0133456 0.0144624 0.0215335 0.0066111 0.0071587 0.0071587 0.0066111 0.0026287 0.0084063 0.0119604 0.0086028 0.0076167 0.0071587 0.0066272 0.0072579 0.0066111 0.0066111 0.0137700 0.0069994 0.0071587 0.0146383 0.0026287 0.0041867 0.0026287 0.0405445 0.0041775 0.0029825 0.0052754 0.0027822 0.0030563 0.0119806 0.0039881 0.0066367 0.0026287 0.0066111 0.0140493 0.0066111 0.0066111 0.0066111 0.0106526 0.0071587 0.0066111 0.0071587 0.0103266 0.0185245 0.0066111 0.0073562 0.0066111 0.0081747 0.0084443 0.0066111 0.0066111 0.0069994 0.0066111 0.0066111 0.0066317 0.0066111 0.0069994 0.0076167 0.0066111 0.0041908 0.0026287 0.0096821 0.0027822 
Bbai76728_MYO7A    0.0385547 0.0026287 0.0000000 0.0355528 0.0378686 0.0369837 0.0350479 0.0372381 0.0374163 0.0374412 0.0189732 0.0028375 0.0170829 0.0416573 0.0240192 0.0303142 0.0061795 0.0299230 0.0299609 0.0121590 0.0293146 0.0338349 0.0442125 0.0315563 0.0297749 0.0296225 0.0280943 0.0207210 0.0293176 0.0300342 0.0095618 0.0383833 0.0297674 0.0094568 0.0096101 0.0273704 0.0280943 0.0373073 0.0246258 0.0083615 0.0363135 0.0077552 0.0085389 0.0037229 0.0294902 0.0055462 0.0258220 0.0029405 0.0000010 0.0053401 0.0327548 0.0086013 0.0072874 0.0195604 0.0448262 0.0332105 0.0271483 0.0276214 0.0280861 0.0280595 0.0312597 0.0061785 0.0308981 0.0158060 0.0438715 0.0094679 0.0070091 0.0281417 0.0335157 0.0058132 0.0273097 0.0138085 0.0285192 0.0262736 0.0305189 0.0264501 0.0297679 0.0238993 0.0260298 0.0262492 0.0267812 0.0036630 0.0344358 0.0000010 
BbonAUS_MYO7A      0.0034052 0.0170952 0.0355528 0.0000000 0.0036711 0.0034972 0.0016775 0.0048691 0.0081751 0.0034038 0.0038197 0.0057192 0.0135862 0.0057615 0.0125395 0.0155132 0.0125132 0.0152648 0.0139998 0.0050155 0.0053566 0.0055082 0.0054805 0.0133072 0.0149141 0.0152887 0.0148069 0.0150617 0.0308292 0.0127848 0.0072801 0.0173670 0.0149105 0.0116288 0.0116122 0.0137368 0.0153656 0.0205883 0.0118862 0.0133947 0.0164735 0.0176275 0.0166470 0.0149245 0.0493951 0.0171368 0.0154619 0.0157056 0.0146935 0.0143188 0.0165445 0.0152404 0.0148487 0.0170615 0.0286931 0.0162479 0.0136119 0.0133901 0.0139861 0.0130036 0.0156385 0.0096106 0.0149141 0.0089770 0.0149689 0.0111461 0.0106405 0.0139725 0.0175439 0.0129553 0.0137072 0.0150232 0.0137072 0.0132006 0.0162233 0.0132594 0.0143782 0.0121812 0.0130367 0.0131182 0.0144461 0.0162083 0.0173193 0.0132679 
Bbor_MYO7A         0.0015969 0.0159264 0.0378686 0.0036711 0.0000000 0.0000010 0.0025339 0.0015248 0.0042360 0.0000010 0.0000010 0.0046418 0.0148613 0.0023825 0.0141857 0.0127671 0.0093782 0.0129755 0.0131578 0.0042366 0.0033319 0.0031401 0.0045825 0.0113870 0.0113072 0.0115735 0.0115646 0.0127426 0.0362884 0.0168328 0.0086175 0.0149113 0.0127274 0.0125318 0.0111553 0.0118981 0.0115646 0.0174033 0.0114838 0.0145869 0.0139016 0.0149451 0.0152567 0.0164048 0.0514140 0.0163421 0.0139741 0.0147952 0.0150960 0.0149677 0.0147548 0.0150039 0.0173238 0.0123776 0.0260628 0.0153009 0.0144263 0.0137265 0.0107953 0.0108424 0.0119613 0.0098246 0.0115070 0.0076920 0.0148762 0.0103787 0.0117438 0.0115808 0.0130405 0.0125832 0.0118747 0.0133797 0.0119030 0.0135920 0.0115466 0.0136839 0.0120216 0.0122259 0.0132846 0.0135103 0.0151250 0.0134504 0.0134343 0.0129838 
Bede66737_MYO7A    0.0014933 0.0160649 0.0369837 0.0034972 0.0000010 0.0000000 0.0023362 0.0014304 0.0038891 0.0000010 0.0000010 0.0056945 0.0152309 0.0023825 0.0145134 0.0128062 0.0099341 0.0128292 0.0123365 0.0040831 0.0031755 0.0031955 0.0043428 0.0111088 0.0113425 0.0116084 0.0115742 0.0133912 0.0354288 0.0151381 0.0090121 0.0155580 0.0131957 0.0127990 0.0115716 0.0125752 0.0118463 0.0164159 0.0121008 0.0152656 0.0130357 0.0150788 0.0159710 0.0161404 0.0492086 0.0163986 0.0146798 0.0149453 0.0152314 0.0142627 0.0138308 0.0151127 0.0173292 0.0126092 0.0251258 0.0150919 0.0146095 0.0141546 0.0108521 0.0111565 0.0116257 0.0105976 0.0112299 0.0071596 0.0133496 0.0111223 0.0111074 0.0115893 0.0151271 0.0129093 0.0122698 0.0135899 0.0126043 0.0138120 0.0118018 0.0139011 0.0122818 0.0129970 0.0129546 0.0137199 0.0159104 0.0136448 0.0128349 0.0132437 
BedeAUS_MYO7A      0.0039421 0.0160649 0.0350479 0.0016775 0.0025339 0.0023362 0.0000000 0.0037687 0.0065859 0.0023612 0.0017548 0.0056945 0.0143040 0.0042468 0.0132216 0.0164227 0.0133394 0.0163940 0.0153009 0.0040831 0.0039709 0.0042245 0.0052185 0.0124348 0.0137313 0.0148912 0.0144873 0.0147054 0.0354738 0.0146453 0.0090222 0.0192142 0.0145434 0.0119208 0.0115716 0.0134438 0.0149930 0.0198622 0.0129954 0.0163281 0.0160313 0.0150947 0.0169980 0.0152256 0.0492086 0.0164153 0.0150543 0.0149453 0.0152314 0.0142627 0.0168866 0.0160402 0.0173292 0.0147757 0.0281516 0.0166968 0.0137708 0.0123418 0.0137265 0.0114628 0.0146099 0.0115083 0.0137873 0.0071596 0.0166328 0.0120056 0.0122398 0.0145073 0.0187442 0.0129093 0.0134438 0.0145165 0.0139789 0.0129857 0.0151470 0.0130694 0.0122938 0.0135473 0.0139003 0.0129228 0.0158704 0.0150823 0.0161608 0.0132588 
Bmus_MYO7A         0.0027213 0.0187557 0.0372381 0.0048691 0.0015248 0.0014304 0.0037687 0.0000000 0.0050080 0.0013586 0.0016375 0.0085497 0.0163471 0.0039654 0.0150142 0.0138000 0.0125470 0.0145092 0.0105985 0.0060225 0.0053734 0.0046299 0.0043437 0.0133049 0.0124742 0.0126821 0.0119838 0.0144395 0.0361005 0.0167095 0.0105274 0.0167711 0.0142844 0.0139724 0.0126779 0.0137363 0.0138980 0.0181357 0.0134118 0.0165102 0.0129479 0.0169360 0.0165502 0.0176182 0.0502830 0.0181797 0.0163832 0.0169096 0.0172331 0.0155598 0.0124857 0.0168813 0.0193784 0.0142697 0.0205051 0.0158117 0.0156353 0.0152870 0.0124734 0.0128545 0.0132353 0.0118779 0.0124384 0.0083355 0.0131693 0.0123441 0.0122111 0.0101257 0.0169351 0.0140093 0.0133907 0.0153677 0.0137359 0.0148681 0.0144628 0.0149605 0.0140329 0.0138288 0.0147425 0.0142514 0.0171109 0.0153282 0.0149673 0.0152559 
Bmys_MYO7A         0.0051504 0.0183706 0.0374163 0.0081751 0.0042360 0.0038891 0.0065859 0.0050080 0.0000000 0.0036731 0.0044507 0.0082267 0.0144766 0.0069828 0.0132841 0.0120026 0.0111822 0.0122316 0.0115514 0.0033778 0.0033006 0.0025616 0.0096358 0.0119845 0.0103765 0.0107056 0.0115185 0.0126106 0.0370204 0.0154673 0.0085696 0.0147615 0.0123621 0.0126476 0.0119150 0.0116824 0.0121959 0.0132192 0.0119058 0.0144028 0.0115156 0.0146638 0.0147852 0.0158591 0.0541201 0.0151223 0.0152229 0.0153459 0.0156697 0.0150957 0.0130355 0.0156636 0.0171485 0.0127481 0.0242333 0.0140215 0.0138881 0.0133285 0.0115353 0.0111748 0.0109084 0.0103059 0.0101874 0.0080331 0.0093701 0.0108715 0.0111267 0.0108094 0.0153585 0.0131457 0.0113795 0.0130341 0.0117117 0.0130345 0.0124498 0.0131245 0.0116110 0.0116513 0.0122893 0.0125372 0.0151246 0.0138731 0.0128255 0.0146433 
Bphy_MYO7A         0.0013590 0.0173859 0.0374412 0.0034038 0.0000010 0.0000010 0.0023612 0.0013586 0.0036731 0.0000000 0.0000010 0.0061952 0.0154115 0.0024950 0.0141578 0.0129118 0.0115268 0.0134834 0.0123963 0.0042591 0.0040111 0.0032292 0.0045726 0.0122441 0.0114431 0.0117061 0.0123626 0.0135305 0.0362326 0.0158551 0.0091319 0.0157582 0.0133395 0.0129587 0.0123851 0.0127293 0.0130535 0.0138513 0.0123479 0.0154717 0.0123700 0.0159306 0.0156645 0.0167322 0.0529830 0.0172923 0.0154371 0.0158410 0.0161629 0.0153963 0.0131080 0.0159317 0.0183934 0.0132407 0.0245094 0.0150160 0.0147655 0.0143198 0.0123798 0.0117277 0.0121772 0.0107212 0.0113359 0.0076797 0.0095116 0.0112479 0.0118548 0.0116868 0.0161435 0.0138307 0.0124022 0.0143263 0.0127446 0.0139603 0.0135511 0.0140511 0.0129251 0.0127636 0.0136439 0.0134011 0.0161203 0.0143387 0.0135009 0.0140567 
Bphy_baits_MYO7A   0.0017198 0.0160417 0.0189732 0.0038197 0.0000010 0.0000010 0.0017548 0.0016375 0.0044507 0.0000010 0.0000000 0.0056857 0.0129099 0.0025819 0.0125939 0.0111448 0.0096476 0.0106090 0.0099423 0.0040786 0.0033833 0.0035584 0.0038157 0.0093181 0.0090918 0.0095505 0.0099155 0.0128525 0.0354256 0.0115483 0.0090023 0.0129341 0.0107921 0.0128825 0.0095355 0.0100713 0.0099155 0.0153558 0.0119817 0.0120669 0.0124248 0.0144931 0.0151680 0.0159483 0.0491430 0.0158661 0.0135984 0.0149292 0.0146303 0.0134208 0.0124836 0.0132998 0.0167570 0.0129258 0.0254138 0.0137659 0.0128246 0.0123511 0.0090902 0.0109258 0.0093465 0.0101206 0.0096894 0.0071504 0.0136247 0.0106493 0.0105276 0.0099301 0.0114014 0.0128930 0.0100713 0.0116282 0.0100969 0.0119223 0.0093987 0.0120092 0.0101306 0.0102395 0.0104898 0.0119500 0.0120859 0.0133019 0.0111686 0.0126794 
Ccom40_MYO7A       0.0078070 0.0061758 0.0028375 0.0057192 0.0046418 0.0056945 0.0056945 0.0085497 0.0082267 0.0061952 0.0056857 0.0000000 0.0000010 0.0077872 0.0000010 0.0000010 0.0000010 0.0000010 0.0028408 0.0057175 0.0042600 0.0046408 0.0100521 0.0000010 0.0000010 0.0000010 0.0000010 0.0028375 0.0014134 0.0042576 0.0000010 0.0000010 0.0000010 0.0000010 0.0000010 0.0000010 0.0000010 0.0066121 0.0000010 0.0000010 0.0042564 0.0028375 0.0042702 0.0028375 0.0429082 0.0042606 0.0015217 0.0028559 0.0028375 0.0031590 0.0057034 0.0028638 0.0028420 0.0028375 0.0000010 0.0067325 0.0000010 0.0000010 0.0000010 0.0014134 0.0000010 0.0000010 0.0000010 0.0041033 0.0099999 0.0000010 0.0000010 0.0000010 0.0000010 0.0014880 0.0000010 0.0000010 0.0000010 0.0000010 0.0000010 0.0000010 0.0014168 0.0000010 0.0000010 0.0000010 0.0014923 0.0028375 0.0017509 0.0028375 
Chea7320_MYO7A     0.0163939 0.0069994 0.0170829 0.0135862 0.0148613 0.0152309 0.0143040 0.0163471 0.0144766 0.0154115 0.0129099 0.0000010 0.0000000 0.0175854 0.0000010 0.0016909 0.0018743 0.0018099 0.0050992 0.0083938 0.0093402 0.0110941 0.0185471 0.0009308 0.0017895 0.0017802 0.0016909 0.0078656 0.0246204 0.0146878 0.0042829 0.0048283 0.0009110 0.0000010 0.0000010 0.0000010 0.0016909 0.0057905 0.0000010 0.0020760 0.0119964 0.0070602 0.0083300 0.0059038 0.0372533 0.0086968 0.0095364 0.0042443 0.0051943 0.0064127 0.0068243 0.0088640 0.0054450 0.0087849 0.0170469 0.0046864 0.0000010 0.0000010 0.0033880 0.0049691 0.0018525 0.0008989 0.0018607 0.0087802 0.0177225 0.0009011 0.0011441 0.0025394 0.0034550 0.0011518 0.0000010 0.0000010 0.0000010 0.0000010 0.0017973 0.0000010 0.0009464 0.0000010 0.0000010 0.0000010 0.0019677 0.0065893 0.0029937 0.0054436 
Cmar59905_MYO7A    0.0033406 0.0189307 0.0416573 0.0057615 0.0023825 0.0023825 0.0042468 0.0039654 0.0069828 0.0024950 0.0025819 0.0077872 0.0175854 0.0000000 0.0165870 0.0149962 0.0116199 0.0149438 0.0153337 0.0075656 0.0058705 0.0057339 0.0073736 0.0126881 0.0134209 0.0136650 0.0136650 0.0149667 0.0404532 0.0187419 0.0110231 0.0176835 0.0149478 0.0150184 0.0136648 0.0142094 0.0136650 0.0192818 0.0137599 0.0174489 0.0169602 0.0169665 0.0179214 0.0188387 0.0542066 0.0182944 0.0159608 0.0169401 0.0172856 0.0177861 0.0170063 0.0170300 0.0195730 0.0141532 0.0289354 0.0177546 0.0168814 0.0162280 0.0128630 0.0126571 0.0137667 0.0122007 0.0138187 0.0089987 0.0167480 0.0126646 0.0142886 0.0136849 0.0153320 0.0151342 0.0142094 0.0154300 0.0142447 0.0160109 0.0132869 0.0161237 0.0139074 0.0148462 0.0153031 0.0157627 0.0169498 0.0153738 0.0152986 0.0151776 
Dcap108471_MYO7A   0.0150047 0.0066111 0.0240192 0.0125395 0.0141857 0.0145134 0.0132216 0.0150142 0.0132841 0.0141578 0.0125939 0.0000010 0.0000010 0.0165870 0.0000000 0.0023651 0.0016955 0.0017825 0.0052042 0.0091717 0.0097072 0.0107925 0.0188027 0.0008630 0.0016471 0.0016026 0.0014779 0.0078911 0.0237167 0.0157176 0.0067256 0.0038046 0.0008186 0.0000010 0.0000010 0.0000010 0.0015292 0.0058111 0.0008385 0.0028659 0.0104687 0.0065486 0.0086111 0.0061945 0.0372533 0.0091110 0.0097781 0.0059432 0.0060621 0.0064127 0.0067130 0.0098397 0.0091784 0.0087232 0.0155999 0.0048624 0.0000010 0.0000010 0.0029607 0.0044298 0.0016999 0.0016782 0.0017639 0.0083703 0.0186612 0.0016485 0.0011101 0.0029653 0.0041207 0.0011518 0.0000010 0.0000010 0.0000010 0.0000010 0.0016563 0.0000010 0.0008682 0.0000010 0.0000010 0.0000010 0.0018665 0.0061419 0.0025603 0.0061003 
Dcap79929_MYO7A    0.0137246 0.0079505 0.0303142 0.0155132 0.0127671 0.0128062 0.0164227 0.0138000 0.0120026 0.0129118 0.0111448 0.0000010 0.0016909 0.0149962 0.0023651 0.0000000 0.0008128 0.0000010 0.0035949 0.0090619 0.0107615 0.0112538 0.0185072 0.0016481 0.0008017 0.0007654 0.0007152 0.0085674 0.0259086 0.0164475 0.0058945 0.0027479 0.0016181 0.0024559 0.0000010 0.0008208 0.0007328 0.0039997 0.0000010 0.0029756 0.0094066 0.0077263 0.0086283 0.0090989 0.0372533 0.0093110 0.0106101 0.0068801 0.0059900 0.0064127 0.0050487 0.0109459 0.0100925 0.0077405 0.0142998 0.0047169 0.0023310 0.0025128 0.0021495 0.0052968 0.0008447 0.0017281 0.0008256 0.0095156 0.0154701 0.0016747 0.0010945 0.0014323 0.0030668 0.0011518 0.0007997 0.0008898 0.0000010 0.0024051 0.0007999 0.0024200 0.0017895 0.0000010 0.0000010 0.0022646 0.0019328 0.0069889 0.0016438 0.0062657 
DdelSJR_MYO7A      0.0124026 0.0066111 0.0061795 0.0125132 0.0093782 0.0099341 0.0133394 0.0125470 0.0111822 0.0115268 0.0096476 0.0000010 0.0018743 0.0116199 0.0016955 0.0008128 0.0000000 0.0000010 0.0038878 0.0090619 0.0086732 0.0078941 0.0168440 0.0009134 0.0000010 0.0000010 0.0000010 0.0049822 0.0030871 0.0123830 0.0066494 0.0020702 0.0000010 0.0017453 0.0000010 0.0000010 0.0000010 0.0043672 0.0008984 0.0029443 0.0093817 0.0040804 0.0064098 0.0072361 0.0366568 0.0058608 0.0048848 0.0058879 0.0059900 0.0053111 0.0046706 0.0076845 0.0082833 0.0045229 0.0155511 0.0051334 0.0017344 0.0018778 0.0015497 0.0027466 0.0000010 0.0008869 0.0000010 0.0077696 0.0160416 0.0008614 0.0000010 0.0015505 0.0034100 0.0011518 0.0000010 0.0000010 0.0000010 0.0017371 0.0000010 0.0017414 0.0009727 0.0000010 0.0000010 0.0016218 0.0019739 0.0044619 0.0008994 0.0060274 
Ddeltrop4525_MYO7A 0.0144486 0.0069994 0.0299230 0.0152648 0.0129755 0.0128292 0.0163940 0.0145092 0.0122316 0.0134834 0.0106090 0.0000010 0.0018099 0.0149438 0.0017825 0.0000010 0.0000010 0.0000000 0.0033726 0.0085395 0.0092612 0.0112177 0.0183912 0.0000010 0.0000010 0.0000010 0.0000010 0.0081106 0.0232703 0.0164220 0.0044940 0.0019186 0.0009407 0.0018801 0.0000010 0.0000010 0.0000010 0.0036718 0.0000010 0.0021752 0.0102007 0.0071180 0.0087494 0.0082558 0.0372533 0.0087345 0.0101491 0.0042443 0.0051943 0.0064127 0.0050774 0.0089350 0.0054450 0.0065324 0.0160279 0.0046888 0.0017825 0.0018632 0.0016807 0.0049235 0.0000010 0.0009398 0.0000010 0.0088702 0.0149714 0.0009453 0.0011481 0.0008390 0.0000010 0.0011518 0.0000010 0.0000010 0.0000010 0.0017825 0.0000010 0.0017906 0.0009384 0.0000010 0.0000010 0.0017825 0.0020205 0.0066401 0.0009477 0.0054436 
Dleu_MYO7A         0.0131313 0.0092865 0.0299609 0.0139998 0.0131578 0.0123365 0.0153009 0.0105985 0.0115514 0.0123963 0.0099423 0.0028408 0.0050992 0.0153337 0.0052042 0.0035949 0.0038878 0.0033726 0.0000000 0.0090835 0.0108432 0.0116923 0.0185478 0.0049520 0.0030883 0.0029549 0.0041069 0.0098321 0.0249149 0.0174943 0.0085911 0.0055215 0.0039270 0.0057073 0.0011381 0.0039999 0.0041302 0.0079016 0.0041505 0.0057668 0.0082700 0.0084075 0.0098496 0.0113735 0.0386070 0.0099149 0.0120141 0.0088812 0.0080149 0.0077256 0.0027348 0.0123867 0.0121589 0.0083489 0.0122709 0.0064088 0.0054170 0.0050455 0.0050298 0.0068317 0.0032748 0.0042085 0.0024639 0.0071260 0.0161586 0.0040807 0.0010945 0.0022781 0.0060882 0.0034707 0.0038999 0.0044749 0.0031944 0.0054242 0.0045224 0.0054583 0.0043456 0.0025602 0.0018174 0.0049422 0.0046880 0.0084536 0.0051879 0.0090842 
EausAUS_MYO7A      0.0064035 0.0156526 0.0121590 0.0050155 0.0042366 0.0040831 0.0040831 0.0060225 0.0033778 0.0042591 0.0040786 0.0057175 0.0083938 0.0075656 0.0091717 0.0090619 0.0090619 0.0085395 0.0090835 0.0000000 0.0010155 0.0000010 0.0082604 0.0087338 0.0077793 0.0085205 0.0090619 0.0121590 0.0100997 0.0051176 0.0053101 0.0094602 0.0085116 0.0090835 0.0083870 0.0084059 0.0090619 0.0148852 0.0091643 0.0094178 0.0151828 0.0136324 0.0139090 0.0128079 0.0478115 0.0134150 0.0097346 0.0114779 0.0125663 0.0120654 0.0111311 0.0122533 0.0119847 0.0123750 0.0269895 0.0136630 0.0090619 0.0083852 0.0090726 0.0086363 0.0079216 0.0083852 0.0077793 0.0055481 0.0126419 0.0090867 0.0088384 0.0090619 0.0091246 0.0105720 0.0083852 0.0095324 0.0083852 0.0083852 0.0085395 0.0083852 0.0085981 0.0083852 0.0086707 0.0090619 0.0101272 0.0128996 0.0107123 0.0121659 
Egla13086_MYO7A    0.0056252 0.0133456 0.0293146 0.0053566 0.0033319 0.0031755 0.0039709 0.0053734 0.0033006 0.0040111 0.0033833 0.0042600 0.0093402 0.0058705 0.0097072 0.0107615 0.0086732 0.0092612 0.0108432 0.0010155 0.0000000 0.0016594 0.0071378 0.0095782 0.0088066 0.0092178 0.0100346 0.0112388 0.0318441 0.0082904 0.0059788 0.0113326 0.0100873 0.0087812 0.0071400 0.0085377 0.0095862 0.0150983 0.0094688 0.0104053 0.0131503 0.0115540 0.0140634 0.0113752 0.0451908 0.0130219 0.0117240 0.0118995 0.0121258 0.0107169 0.0124338 0.0127397 0.0135618 0.0103609 0.0236330 0.0135724 0.0093807 0.0082807 0.0092636 0.0094122 0.0080877 0.0079145 0.0077789 0.0047487 0.0135004 0.0085197 0.0077336 0.0100485 0.0110004 0.0093351 0.0085377 0.0092401 0.0094248 0.0085377 0.0090762 0.0085958 0.0080477 0.0091927 0.0087177 0.0100403 0.0111782 0.0119046 0.0112104 0.0111789 
Ejap43864_MYO7A    0.0048524 0.0144624 0.0338349 0.0055082 0.0031401 0.0031955 0.0042245 0.0046299 0.0025616 0.0032292 0.0035584 0.0046408 0.0110941 0.0057339 0.0107925 0.0112538 0.0078941 0.0112177 0.0116923 0.0000010 0.0016594 0.0000000 0.0082650 0.0104935 0.0099473 0.0102828 0.0100944 0.0111110 0.0338313 0.0112186 0.0066805 0.0134467 0.0110980 0.0089106 0.0099060 0.0101615 0.0102749 0.0157904 0.0096796 0.0126027 0.0140133 0.0129116 0.0134229 0.0124834 0.0485246 0.0143759 0.0127910 0.0105186 0.0128943 0.0135923 0.0132971 0.0140562 0.0151055 0.0109166 0.0237809 0.0137012 0.0109748 0.0100100 0.0093190 0.0071923 0.0105391 0.0080150 0.0098166 0.0051075 0.0132327 0.0086248 0.0093594 0.0101085 0.0117138 0.0100252 0.0099510 0.0114335 0.0101651 0.0101412 0.0101639 0.0102087 0.0101310 0.0103027 0.0113402 0.0102808 0.0130513 0.0116227 0.0117401 0.0118915 
Erob133443_MYO7A   0.0064143 0.0215335 0.0442125 0.0054805 0.0045825 0.0043428 0.0052185 0.0043437 0.0096358 0.0045726 0.0038157 0.0100521 0.0185471 0.0073736 0.0188027 0.0185072 0.0168440 0.0183912 0.0185478 0.0082604 0.0071378 0.0082650 0.0000000 0.0168544 0.0183927 0.0185841 0.0185072 0.0194787 0.0423531 0.0182338 0.0121064 0.0214646 0.0195471 0.0166755 0.0164110 0.0182553 0.0185072 0.0242179 0.0162755 0.0202534 0.0202958 0.0206895 0.0219689 0.0214327 0.0549999 0.0209766 0.0184704 0.0200635 0.0205601 0.0184070 0.0203915 0.0203953 0.0192565 0.0179411 0.0336660 0.0225021 0.0185072 0.0171115 0.0176291 0.0173110 0.0183207 0.0154175 0.0171125 0.0101609 0.0194157 0.0157957 0.0157466 0.0176104 0.0186188 0.0153564 0.0182553 0.0181456 0.0182553 0.0182553 0.0182553 0.0183396 0.0172167 0.0185297 0.0188870 0.0185072 0.0208403 0.0203384 0.0210235 0.0193221 
Fatt_MYO7A         0.0131779 0.0066111 0.0315563 0.0133072 0.0113870 0.0111088 0.0124348 0.0133049 0.0119845 0.0122441 0.0093181 0.0000010 0.0009308 0.0126881 0.0008630 0.0016481 0.0009134 0.0000010 0.0049520 0.0087338 0.0095782 0.0104935 0.0168544 0.0000000 0.0009073 0.0008610 0.0008201 0.0082944 0.0294771 0.0089938 0.0042510 0.0041224 0.0017291 0.0008945 0.0000010 0.0008796 0.0008201 0.0036804 0.0009055 0.0032388 0.0099565 0.0062013 0.0092679 0.0060440 0.0402396 0.0089600 0.0096581 0.0062965 0.0064132 0.0051526 0.0066268 0.0091371 0.0086678 0.0075318 0.0156329 0.0054450 0.0008499 0.0009188 0.0024637 0.0046613 0.0000010 0.0018554 0.0009714 0.0064226 0.0140463 0.0017938 0.0011653 0.0016414 0.0016846 0.0012467 0.0008796 0.0000010 0.0008814 0.0008796 0.0000010 0.0008850 0.0009536 0.0009797 0.0000010 0.0008206 0.0031339 0.0064538 0.0009489 0.0062657 
Ggri_MYO7A         0.0123121 0.0071587 0.0297749 0.0149141 0.0113072 0.0113425 0.0137313 0.0124742 0.0103765 0.0114431 0.0090918 0.0000010 0.0017895 0.0134209 0.0016471 0.0008017 0.0000010 0.0000010 0.0030883 0.0077793 0.0088066 0.0099473 0.0183927 0.0009073 0.0000000 0.0000010 0.0000010 0.0074382 0.0240305 0.0167999 0.0059251 0.0027655 0.0008172 0.0017704 0.0000010 0.0000010 0.0000010 0.0043283 0.0009034 0.0028850 0.0085437 0.0068894 0.0084192 0.0076579 0.0399721 0.0088780 0.0096263 0.0043064 0.0055336 0.0067355 0.0046481 0.0096924 0.0089446 0.0063397 0.0154383 0.0050923 0.0016743 0.0017611 0.0015377 0.0046384 0.0000010 0.0017732 0.0000010 0.0076550 0.0150253 0.0017720 0.0012219 0.0015402 0.0033105 0.0012360 0.0000010 0.0000010 0.0000010 0.0016224 0.0000010 0.0016333 0.0009106 0.0000010 0.0000010 0.0015845 0.0009895 0.0063017 0.0008911 0.0055717 
Gmac39091_MYO7A    0.0125368 0.0071587 0.0296225 0.0152887 0.0115735 0.0116084 0.0148912 0.0126821 0.0107056 0.0117061 0.0095505 0.0000010 0.0017802 0.0136650 0.0016026 0.0007654 0.0000010 0.0000010 0.0029549 0.0085205 0.0092178 0.0102828 0.0185841 0.0008610 0.0000010 0.0000000 0.0000010 0.0078877 0.0253727 0.0170058 0.0066556 0.0027504 0.0007819 0.0017017 0.0000010 0.0000010 0.0000010 0.0041203 0.0008685 0.0028686 0.0081735 0.0068894 0.0088746 0.0082589 0.0399721 0.0094980 0.0101489 0.0062502 0.0063651 0.0067355 0.0044470 0.0102153 0.0096413 0.0069979 0.0147394 0.0048527 0.0016122 0.0017611 0.0014717 0.0044740 0.0000010 0.0017639 0.0000010 0.0076550 0.0159891 0.0017082 0.0011574 0.0014737 0.0031751 0.0012360 0.0000010 0.0000010 0.0000010 0.0016147 0.0000010 0.0016255 0.0009106 0.0000010 0.0000010 0.0015154 0.0019774 0.0061972 0.0008465 0.0064071 
Gmel_MYO7A         0.0130954 0.0066111 0.0280943 0.0148069 0.0115646 0.0115742 0.0144873 0.0119838 0.0115185 0.0123626 0.0099155 0.0000010 0.0016909 0.0136650 0.0014779 0.0007152 0.0000010 0.0000010 0.0041069 0.0090619 0.0100346 0.0100944 0.0185072 0.0008201 0.0000010 0.0000010 0.0000000 0.0075317 0.0248493 0.0166407 0.0066494 0.0027479 0.0007810 0.0016202 0.0000010 0.0000010 0.0000010 0.0035714 0.0008259 0.0028659 0.0096509 0.0065123 0.0081837 0.0078283 0.0372533 0.0089938 0.0102664 0.0058879 0.0059900 0.0064127 0.0059533 0.0096851 0.0090684 0.0066547 0.0127397 0.0049665 0.0015383 0.0016730 0.0018197 0.0042495 0.0000010 0.0016750 0.0000010 0.0083103 0.0161112 0.0016249 0.0010945 0.0027331 0.0030309 0.0011518 0.0000010 0.0000010 0.0000010 0.0015406 0.0000010 0.0015503 0.0008643 0.0000010 0.0000010 0.0014044 0.0018665 0.0058899 0.0007359 0.0060274 
Hamp_MYO7A         0.0143851 0.0026287 0.0207210 0.0150617 0.0127426 0.0133912 0.0147054 0.0144395 0.0126106 0.0135305 0.0128525 0.0028375 0.0078656 0.0149667 0.0078911 0.0085674 0.0049822 0.0081106 0.0098321 0.0121590 0.0112388 0.0111110 0.0194787 0.0082944 0.0074382 0.0078877 0.0075317 0.0000000 0.0293648 0.0159329 0.0095572 0.0105422 0.0086954 0.0067546 0.0057430 0.0072378 0.0075317 0.0127146 0.0075092 0.0067244 0.0136583 0.0000010 0.0008336 0.0000010 0.0294902 0.0017829 0.0017307 0.0029359 0.0000010 0.0000010 0.0113820 0.0017431 0.0029992 0.0000010 0.0206458 0.0115662 0.0080187 0.0068928 0.0075296 0.0085553 0.0078797 0.0059066 0.0072683 0.0107451 0.0179823 0.0065488 0.0066185 0.0075417 0.0087461 0.0058057 0.0072241 0.0071804 0.0072401 0.0072241 0.0072395 0.0072701 0.0078674 0.0061824 0.0075208 0.0075358 0.0084858 0.0000010 0.0095941 0.0000010 
Igeo_MYO7A         0.0376176 0.0084063 0.0293176 0.0308292 0.0362884 0.0354288 0.0354738 0.0361005 0.0370204 0.0362326 0.0354256 0.0014134 0.0246204 0.0404532 0.0237167 0.0259086 0.0030871 0.0232703 0.0249149 0.0100997 0.0318441 0.0338313 0.0423531 0.0294771 0.0240305 0.0253727 0.0248493 0.0293648 0.0000000 0.0341402 0.0088460 0.0268508 0.0253727 0.0259375 0.0024957 0.0235942 0.0248493 0.0356458 0.0260535 0.0033915 0.0338654 0.0281920 0.0299779 0.0063993 0.0408096 0.0317095 0.0310507 0.0079067 0.0078666 0.0053111 0.0283255 0.0333859 0.0067907 0.0306037 0.0260091 0.0346629 0.0259086 0.0245931 0.0259462 0.0283375 0.0251014 0.0247689 0.0251193 0.0410407 0.0426150 0.0261140 0.0297331 0.0260091 0.0245931 0.0023050 0.0235942 0.0281227 0.0235942 0.0235942 0.0245771 0.0235942 0.0259743 0.0020396 0.0022913 0.0248493 0.0021445 0.0292816 0.0319124 0.0081233 
Kbre_MYO7A         0.0167614 0.0119604 0.0300342 0.0127848 0.0168328 0.0151381 0.0146453 0.0167095 0.0154673 0.0158551 0.0115483 0.0042576 0.0146878 0.0187419 0.0157176 0.0164475 0.0123830 0.0164220 0.0174943 0.0051176 0.0082904 0.0112186 0.0182338 0.0089938 0.0167999 0.0170058 0.0166407 0.0159329 0.0341402 0.0000000 0.0019712 0.0198474 0.0167221 0.0092908 0.0107794 0.0155511 0.0170097 0.0224382 0.0120655 0.0190044 0.0207065 0.0175423 0.0180877 0.0165904 0.0449680 0.0188213 0.0179022 0.0098697 0.0120726 0.0149082 0.0191504 0.0174508 0.0179269 0.0138476 0.0310012 0.0201206 0.0141037 0.0126812 0.0158505 0.0114497 0.0168007 0.0105661 0.0138252 0.0011781 0.0145886 0.0110902 0.0077104 0.0166649 0.0192247 0.0092963 0.0151914 0.0149121 0.0161884 0.0150068 0.0173060 0.0151062 0.0145090 0.0163187 0.0162650 0.0153402 0.0195842 0.0132231 0.0195476 0.0121773 
Ksim_MYO7A         0.0102003 0.0086028 0.0095618 0.0072801 0.0086175 0.0090121 0.0090222 0.0105274 0.0085696 0.0091319 0.0090023 0.0000010 0.0042829 0.0110231 0.0067256 0.0058945 0.0066494 0.0044940 0.0085911 0.0053101 0.0059788 0.0066805 0.0121064 0.0042510 0.0059251 0.0066556 0.0066494 0.0095572 0.0088460 0.0019712 0.0000000 0.0056987 0.0066494 0.0049395 0.0025327 0.0059333 0.0066494 0.0132670 0.0080394 0.0083218 0.0143833 0.0109619 0.0117764 0.0103088 0.0453572 0.0115131 0.0099070 0.0094147 0.0088092 0.0069966 0.0105262 0.0096845 0.0110637 0.0099831 0.0244214 0.0128462 0.0049044 0.0040799 0.0066568 0.0104968 0.0061931 0.0069253 0.0040840 0.0013910 0.0066009 0.0076396 0.0053590 0.0076199 0.0060776 0.0062146 0.0059194 0.0053028 0.0061986 0.0059194 0.0061931 0.0059362 0.0062484 0.0061986 0.0073036 0.0066494 0.0077653 0.0103923 0.0091812 0.0089651 
Lacu_MYO7A         0.0168275 0.0076167 0.0383833 0.0173670 0.0149113 0.0155580 0.0192142 0.0167711 0.0147615 0.0157582 0.0129341 0.0000010 0.0048283 0.0176835 0.0038046 0.0027479 0.0020702 0.0019186 0.0055215 0.0094602 0.0113326 0.0134467 0.0214646 0.0041224 0.0027655 0.0027504 0.0027479 0.0105422 0.0268508 0.0198474 0.0056987 0.0000000 0.0037959 0.0050350 0.0026256 0.0028481 0.0027479 0.0074117 0.0029622 0.0021983 0.0110888 0.0079824 0.0093080 0.0079874 0.0415065 0.0120104 0.0126737 0.0060477 0.0058884 0.0057552 0.0073921 0.0122722 0.0049294 0.0093676 0.0195838 0.0082440 0.0047450 0.0049741 0.0036670 0.0066163 0.0028648 0.0040317 0.0028785 0.0117843 0.0183639 0.0040423 0.0012131 0.0036670 0.0027479 0.0013246 0.0028417 0.0032649 0.0028417 0.0047450 0.0028648 0.0047677 0.0041653 0.0020236 0.0021195 0.0047450 0.0043618 0.0095409 0.0043933 0.0074724 
Lalb_MYO7A         0.0142340 0.0071587 0.0297674 0.0149105 0.0127274 0.0131957 0.0145434 0.0142844 0.0123621 0.0133395 0.0107921 0.0000010 0.0009110 0.0149478 0.0008186 0.0016181 0.0000010 0.0009407 0.0039270 0.0085116 0.0100873 0.0110980 0.0195471 0.0017291 0.0008172 0.0007819 0.0007810 0.0086954 0.0253727 0.0167221 0.0066494 0.0037959 0.0000000 0.0008807 0.0000010 0.0008355 0.0007813 0.0052996 0.0017395 0.0028659 0.0094832 0.0078892 0.0097862 0.0066488 0.0414032 0.0104666 0.0110909 0.0062502 0.0063651 0.0067355 0.0055169 0.0111636 0.0096413 0.0081431 0.0157068 0.0060364 0.0008325 0.0008985 0.0023463 0.0053780 0.0008654 0.0026481 0.0008993 0.0089520 0.0180672 0.0025643 0.0023198 0.0023501 0.0016531 0.0012360 0.0008338 0.0009397 0.0008367 0.0008338 0.0008365 0.0008394 0.0018244 0.0000010 0.0000010 0.0007813 0.0019755 0.0071060 0.0018196 0.0064071 
Laus_MYO7A         0.0138842 0.0066272 0.0094568 0.0116288 0.0125318 0.0127990 0.0119208 0.0139724 0.0126476 0.0129587 0.0128825 0.0000010 0.0000010 0.0150184 0.0000010 0.0024559 0.0017453 0.0018801 0.0057073 0.0090835 0.0087812 0.0089106 0.0166755 0.0008945 0.0017704 0.0017017 0.0016202 0.0067546 0.0259375 0.0092908 0.0049395 0.0050350 0.0008807 0.0000000 0.0000010 0.0000010 0.0016202 0.0055079 0.0000010 0.0020519 0.0106508 0.0059672 0.0082454 0.0055449 0.0372533 0.0085939 0.0085750 0.0059162 0.0059900 0.0053111 0.0073643 0.0084235 0.0082895 0.0082360 0.0162900 0.0044693 0.0000010 0.0000010 0.0032448 0.0037176 0.0018387 0.0008683 0.0018398 0.0083594 0.0158818 0.0008413 0.0010945 0.0024322 0.0042283 0.0011518 0.0000010 0.0000010 0.0000010 0.0000010 0.0017980 0.0000010 0.0009469 0.0000010 0.0000010 0.0000010 0.0020530 0.0063465 0.0028424 0.0062657 
Lbor_MYO7A         0.0137110 0.0072579 0.0096101 0.0116122 0.0111553 0.0115716 0.0115716 0.0126779 0.0119150 0.0123851 0.0095355 0.0000010 0.0000010 0.0136648 0.0000010 0.0000010 0.0000010 0.0000010 0.0011381 0.0083870 0.0071400 0.0099060 0.0164110 0.0000010 0.0000010 0.0000010 0.0000010 0.0057430 0.0024957 0.0107794 0.0025327 0.0026256 0.0000010 0.0000010 0.0000000 0.0000010 0.0000010 0.0051505 0.0000010 0.0012975 0.0103705 0.0060925 0.0060925 0.0060925 0.0417736 0.0068913 0.0048606 0.0047645 0.0048230 0.0067298 0.0034247 0.0057860 0.0061313 0.0047389 0.0197053 0.0052439 0.0000010 0.0000010 0.0011383 0.0037707 0.0000010 0.0000010 0.0000010 0.0060290 0.0129647 0.0000010 0.0000010 0.0000010 0.0000010 0.0013066 0.0000010 0.0000010 0.0000010 0.0000010 0.0000010 0.0000010 0.0011500 0.0000010 0.0000010 0.0000010 0.0012182 0.0047389 0.0013463 0.0047389 
Lhos30470_MYO7A    0.0136372 0.0066111 0.0273704 0.0137368 0.0118981 0.0125752 0.0134438 0.0137363 0.0116824 0.0127293 0.0100713 0.0000010 0.0000010 0.0142094 0.0000010 0.0008208 0.0000010 0.0000010 0.0039999 0.0084059 0.0085377 0.0101615 0.0182553 0.0008796 0.0000010 0.0000010 0.0000010 0.0072378 0.0235942 0.0155511 0.0059333 0.0028481 0.0008355 0.0000010 0.0000010 0.0000000 0.0000010 0.0044966 0.0008540 0.0028724 0.0096586 0.0065123 0.0081632 0.0056057 0.0372533 0.0083898 0.0090604 0.0040490 0.0051943 0.0064127 0.0056194 0.0091185 0.0083913 0.0062113 0.0151618 0.0052745 0.0000010 0.0000010 0.0015923 0.0045173 0.0000010 0.0016784 0.0000010 0.0083103 0.0165473 0.0016823 0.0011441 0.0015950 0.0008371 0.0011518 0.0000010 0.0000010 0.0000010 0.0000010 0.0000010 0.0000010 0.0008643 0.0000010 0.0000010 0.0000010 0.0018707 0.0061096 0.0009268 0.0052281 
Lhos452_MYO7A      0.0138299 0.0066111 0.0280943 0.0153656 0.0115646 0.0118463 0.0149930 0.0138980 0.0121959 0.0130535 0.0099155 0.0000010 0.0016909 0.0136650 0.0015292 0.0007328 0.0000010 0.0000010 0.0041302 0.0090619 0.0095862 0.0102749 0.0185072 0.0008201 0.0000010 0.0000010 0.0000010 0.0075317 0.0248493 0.0170097 0.0066494 0.0027479 0.0007813 0.0016202 0.0000010 0.0000010 0.0000000 0.0038089 0.0008259 0.0028659 0.0096934 0.0065123 0.0084263 0.0078283 0.0372533 0.0089938 0.0096254 0.0058879 0.0059900 0.0064127 0.0055234 0.0096851 0.0090684 0.0066547 0.0144001 0.0052389 0.0015383 0.0016730 0.0020587 0.0042495 0.0000010 0.0016750 0.0000010 0.0083103 0.0171075 0.0016249 0.0010945 0.0020596 0.0022662 0.0011518 0.0000010 0.0000010 0.0000010 0.0015406 0.0000010 0.0015503 0.0008643 0.0000010 0.0000010 0.0014495 0.0018665 0.0058899 0.0007815 0.0060274 
Lobl_MYO7A         0.0146347 0.0137700 0.0373073 0.0205883 0.0174033 0.0164159 0.0198622 0.0181357 0.0132192 0.0138513 0.0153558 0.0066121 0.0057905 0.0192818 0.0058111 0.0039997 0.0043672 0.0036718 0.0079016 0.0148852 0.0150983 0.0157904 0.0242179 0.0036804 0.0043283 0.0041203 0.0035714 0.0127146 0.0356458 0.0224382 0.0132670 0.0074117 0.0052996 0.0055079 0.0051505 0.0044966 0.0038089 0.0000000 0.0037207 0.0066672 0.0137324 0.0123506 0.0139692 0.0136199 0.0483581 0.0148734 0.0159543 0.0109133 0.0111241 0.0132960 0.0093657 0.0154974 0.0146106 0.0118293 0.0188266 0.0095137 0.0052062 0.0057241 0.0057288 0.0093191 0.0044440 0.0066950 0.0037131 0.0141268 0.0138126 0.0064661 0.0061641 0.0057315 0.0068237 0.0065332 0.0043799 0.0039117 0.0045057 0.0060877 0.0040603 0.0061298 0.0056941 0.0048622 0.0049940 0.0054864 0.0075832 0.0110584 0.0014744 0.0123336 
Lobs_MYO7A         0.0132899 0.0069994 0.0246258 0.0118862 0.0114838 0.0121008 0.0129954 0.0134118 0.0119058 0.0123479 0.0119817 0.0000010 0.0000010 0.0137599 0.0008385 0.0000010 0.0008984 0.0000010 0.0041505 0.0091643 0.0094688 0.0096796 0.0162755 0.0009055 0.0009034 0.0008685 0.0008259 0.0075092 0.0260535 0.0120655 0.0080394 0.0029622 0.0017395 0.0000010 0.0000010 0.0008540 0.0008259 0.0037207 0.0000000 0.0020771 0.0100266 0.0069870 0.0090466 0.0068115 0.0372533 0.0092225 0.0089844 0.0061642 0.0059900 0.0053111 0.0058318 0.0093911 0.0053722 0.0071594 0.0166696 0.0064209 0.0000010 0.0000010 0.0024821 0.0045501 0.0009265 0.0026398 0.0000010 0.0087802 0.0171287 0.0025569 0.0010945 0.0024864 0.0000010 0.0011518 0.0008540 0.0000010 0.0008540 0.0008540 0.0008794 0.0008578 0.0018534 0.0009082 0.0009586 0.0008259 0.0029197 0.0072768 0.0019224 0.0070380 
LperAUS_MYO7A      0.0165907 0.0071587 0.0083615 0.0133947 0.0145869 0.0152656 0.0163281 0.0165102 0.0144028 0.0154717 0.0120669 0.0000010 0.0020760 0.0174489 0.0028659 0.0029756 0.0029443 0.0021752 0.0057668 0.0094178 0.0104053 0.0126027 0.0202534 0.0032388 0.0028850 0.0028686 0.0028659 0.0067244 0.0033915 0.0190044 0.0083218 0.0021983 0.0028659 0.0020519 0.0012975 0.0028724 0.0028659 0.0066672 0.0020771 0.0000000 0.0106225 0.0054617 0.0084692 0.0071394 0.0397473 0.0066365 0.0066445 0.0034035 0.0057467 0.0056142 0.0067375 0.0097579 0.0081024 0.0043339 0.0048275 0.0086267 0.0019806 0.0010391 0.0038238 0.0064773 0.0029942 0.0039396 0.0010402 0.0086421 0.0205113 0.0039636 0.0013178 0.0038316 0.0030477 0.0024835 0.0028659 0.0020726 0.0029959 0.0028659 0.0029942 0.0028738 0.0021122 0.0029959 0.0031497 0.0028659 0.0052058 0.0061880 0.0046224 0.0070589 
Lvex_MYO7A         0.0131033 0.0146383 0.0363135 0.0164735 0.0139016 0.0130357 0.0160313 0.0129479 0.0115156 0.0123700 0.0124248 0.0042564 0.0119964 0.0169602 0.0104687 0.0094066 0.0093817 0.0102007 0.0082700 0.0151828 0.0131503 0.0140133 0.0202958 0.0099565 0.0085437 0.0081735 0.0096509 0.0136583 0.0338654 0.0207065 0.0143833 0.0110888 0.0094832 0.0106508 0.0103705 0.0096586 0.0096934 0.0137324 0.0100266 0.0106225 0.0000000 0.0150422 0.0156948 0.0167067 0.0476744 0.0172616 0.0172544 0.0158970 0.0161764 0.0142092 0.0101436 0.0168739 0.0172549 0.0134180 0.0180658 0.0121787 0.0108998 0.0118621 0.0101503 0.0111455 0.0090638 0.0093054 0.0091003 0.0131056 0.0183837 0.0090231 0.0054928 0.0078012 0.0122672 0.0116782 0.0094168 0.0089889 0.0096585 0.0109145 0.0106190 0.0109824 0.0095903 0.0094673 0.0091693 0.0099389 0.0113441 0.0135918 0.0111877 0.0152402 
Mbid_MYO7A         0.0170125 0.0026287 0.0077552 0.0176275 0.0149451 0.0150788 0.0150947 0.0169360 0.0146638 0.0159306 0.0144931 0.0028375 0.0070602 0.0169665 0.0065486 0.0077263 0.0040804 0.0071180 0.0084075 0.0136324 0.0115540 0.0129116 0.0206895 0.0062013 0.0068894 0.0068894 0.0065123 0.0000010 0.0281920 0.0175423 0.0109619 0.0079824 0.0078892 0.0059672 0.0060925 0.0065123 0.0065123 0.0123506 0.0069870 0.0054617 0.0150422 0.0000000 0.0009772 0.0000010 0.0294902 0.0019373 0.0020249 0.0021268 0.0000010 0.0000010 0.0112674 0.0009893 0.0031225 0.0000010 0.0065230 0.0114870 0.0067501 0.0067501 0.0065101 0.0077618 0.0068894 0.0057528 0.0071561 0.0114165 0.0187423 0.0057483 0.0048783 0.0065230 0.0079076 0.0058057 0.0065123 0.0061383 0.0068005 0.0065123 0.0065123 0.0065604 0.0075102 0.0052012 0.0055653 0.0065123 0.0065593 0.0000010 0.0085250 0.0000010 
Mbow_MYO7A         0.0166089 0.0041867 0.0085389 0.0166470 0.0152567 0.0159710 0.0169980 0.0165502 0.0147852 0.0156645 0.0151680 0.0042702 0.0083300 0.0179214 0.0086111 0.0086283 0.0064098 0.0087494 0.0098496 0.0139090 0.0140634 0.0134229 0.0219689 0.0092679 0.0084192 0.0088746 0.0081837 0.0008336 0.0299779 0.0180877 0.0117764 0.0093080 0.0097862 0.0082454 0.0060925 0.0081632 0.0084263 0.0139692 0.0090466 0.0084692 0.0156948 0.0009772 0.0000000 0.0009448 0.0308022 0.0028431 0.0028342 0.0043283 0.0010290 0.0012737 0.0115326 0.0019282 0.0010385 0.0009662 0.0081956 0.0126756 0.0089245 0.0077375 0.0081813 0.0102099 0.0089888 0.0074561 0.0082137 0.0121083 0.0207482 0.0081125 0.0066185 0.0081956 0.0086468 0.0069854 0.0081458 0.0088562 0.0078420 0.0081458 0.0081653 0.0081831 0.0089732 0.0066007 0.0082276 0.0081886 0.0091261 0.0009203 0.0105703 0.0010678 
Mcar_MYO7A         0.0177462 0.0026287 0.0037229 0.0149245 0.0164048 0.0161404 0.0152256 0.0176182 0.0158591 0.0167322 0.0159483 0.0028375 0.0059038 0.0188387 0.0061945 0.0090989 0.0072361 0.0082558 0.0113735 0.0128079 0.0113752 0.0124834 0.0214327 0.0060440 0.0076579 0.0082589 0.0078283 0.0000010 0.0063993 0.0165904 0.0103088 0.0079874 0.0066488 0.0055449 0.0060925 0.0056057 0.0078283 0.0136199 0.0068115 0.0071394 0.0167067 0.0000010 0.0009448 0.0000000 0.0311807 0.0009917 0.0000010 0.0030868 0.0000010 0.0000010 0.0122638 0.0019486 0.0029992 0.0019527 0.0087198 0.0116160 0.0062727 0.0049345 0.0087036 0.0085402 0.0077871 0.0057513 0.0072516 0.0111241 0.0217088 0.0065046 0.0059351 0.0087198 0.0113755 0.0058057 0.0055934 0.0068373 0.0058414 0.0053825 0.0076013 0.0053963 0.0060170 0.0058414 0.0069187 0.0060669 0.0082019 0.0000010 0.0100515 0.0000010 
Mden_MYO7A         0.0546977 0.0405445 0.0294902 0.0493951 0.0514140 0.0492086 0.0492086 0.0502830 0.0541201 0.0529830 0.0491430 0.0429082 0.0372533 0.0542066 0.0372533 0.0372533 0.0366568 0.0372533 0.0386070 0.0478115 0.0451908 0.0485246 0.0549999 0.0402396 0.0399721 0.0399721 0.0372533 0.0294902 0.0408096 0.0449680 0.0453572 0.0415065 0.0414032 0.0372533 0.0417736 0.0372533 0.0372533 0.0483581 0.0372533 0.0397473 0.0476744 0.0294902 0.0308022 0.0311807 0.0000000 0.0307363 0.0313411 0.0338752 0.0311807 0.0370964 0.0412102 0.0320979 0.0313923 0.0294902 0.0359730 0.0477303 0.0372533 0.0372533 0.0372385 0.0406139 0.0399721 0.0359730 0.0399721 0.0560355 0.0557885 0.0359730 0.0411500 0.0359730 0.0372533 0.0398101 0.0372533 0.0388900 0.0372533 0.0372533 0.0372533 0.0374882 0.0389606 0.0366568 0.0394897 0.0372533 0.0326833 0.0294902 0.0463317 0.0338062 
Meur_MYO7A         0.0183426 0.0041775 0.0055462 0.0171368 0.0163421 0.0163986 0.0164153 0.0181797 0.0151223 0.0172923 0.0158661 0.0042606 0.0086968 0.0182944 0.0091110 0.0093110 0.0058608 0.0087345 0.0099149 0.0134150 0.0130219 0.0143759 0.0209766 0.0089600 0.0088780 0.0094980 0.0089938 0.0017829 0.0317095 0.0188213 0.0115131 0.0120104 0.0104666 0.0085939 0.0068913 0.0083898 0.0089938 0.0148734 0.0092225 0.0066365 0.0172616 0.0019373 0.0028431 0.0009917 0.0307363 0.0000000 0.0037407 0.0040997 0.0010232 0.0012712 0.0126821 0.0019060 0.0010368 0.0018274 0.0249194 0.0140877 0.0093110 0.0086968 0.0089909 0.0108168 0.0088780 0.0076663 0.0092225 0.0140080 0.0210696 0.0083340 0.0081847 0.0090083 0.0093704 0.0069725 0.0083898 0.0088726 0.0083898 0.0083898 0.0083898 0.0084294 0.0094064 0.0059328 0.0070886 0.0089938 0.0074143 0.0018959 0.0112788 0.0010375 
