Supplemental results for CODEML (seqf: /home/leticiamagpali/phd/evol_models/codeml/small_dataset/cml_align/CASQ2_codon_aligned.phy  treef: /home/leticiamagpali/phd/evol_models/codeml/small_dataset/cml_trees/gene_trees/H3_gene_trees/CASQ2_codon_H3.tre)

I	J	ij	2Ns_IJ	pMut_IJ	pSub_IJ	2Ns_JI	pMut_JI	pSub_JI

TTC	TTT	CT	0.44514	0.14505	0.17972	-0.44514	0.22637	0.17972
TTA	TTT	AT	5.97436	0.00009	0.00054	-5.97436	0.03558	0.00054
TTA	TTC	AC	5.52922	0.00011	0.00058	-5.52922	0.02650	0.00058
TTG	TTT	GT	0.72880	0.01810	0.02549	-0.72880	0.03751	0.02549
TTG	TTC	GC	0.28366	0.02104	0.02416	-0.28366	0.02794	0.02416
TTG	TTA	GA	-5.24557	0.10607	0.00295	5.24557	0.00056	0.00295
TCT	TTT	CT	1.67175	0.04254	0.08757	-1.67175	0.22637	0.08757
TCC	TTC	CT	1.42642	0.04049	0.07601	-1.42642	0.16859	0.07601
TCC	TCT	CT	0.19981	0.04049	0.04467	-0.19981	0.04944	0.04467
TCA	TTA	CT	-3.85691	0.02819	0.00235	3.85691	0.00060	0.00235
TCA	TCT	AT	0.44570	0.00498	0.00617	-0.44570	0.00777	0.00617
TCA	TCC	AC	0.24589	0.00579	0.00653	-0.24589	0.00740	0.00653
TCG	TTG	CT	4.75559	0.00103	0.00492	-4.75559	0.11914	0.00492
TCG	TCT	GT	3.81264	0.00018	0.00071	-3.81264	0.00819	0.00071
TCG	TCC	GC	3.61283	0.00021	0.00078	-3.61283	0.00780	0.00078
TCG	TCA	GA	3.36694	0.00106	0.00370	-3.36694	0.03075	0.00370
TAT	TTT	AT	1.03989	0.01258	0.02023	-1.03989	0.03558	0.02023
TAT	TCT	AC	-0.63186	0.01462	0.01048	0.63186	0.00777	0.01048
TAC	TTC	AT	0.37137	0.01828	0.02188	-0.37137	0.02650	0.02188
TAC	TCC	AC	-1.05505	0.02125	0.01197	1.05505	0.00740	0.01197
TAC	TAT	CT	-0.22337	0.10353	0.09240	0.22337	0.08281	0.09240
TGT	TTT	GT	3.72453	0.00090	0.00345	-3.72453	0.03751	0.00345
TGT	TCT	GC	2.05278	0.00105	0.00248	-2.05278	0.00819	0.00248
TGT	TAT	GA	2.68464	0.00530	0.01528	-2.68464	0.07771	0.01528
TGC	TTC	GT	1.88225	0.00425	0.00944	-1.88225	0.02794	0.00944
TGC	TCC	GC	0.45583	0.00494	0.00616	-0.45583	0.00780	0.00616
TGC	TAC	GA	1.51087	0.02493	0.04833	-1.51087	0.11293	0.04833
TGC	TGT	CT	-1.39714	0.02409	0.01106	1.39714	0.00596	0.01106
TGG	TTG	GT	0.51773	0.01176	0.01507	-0.51773	0.01974	0.01507
TGG	TCG	GC	-4.23786	0.01367	0.00085	4.23786	0.00020	0.00085
TGG	TGT	GT	-2.47800	0.01176	0.00267	2.47800	0.00099	0.00267
TGG	TGC	GC	-1.08086	0.01367	0.00759	1.08086	0.00464	0.00759
CTT	TTT	CT	1.43663	0.05382	0.10142	-1.43663	0.22637	0.10142
CTC	TTC	CT	0.89803	0.06868	0.10407	-0.89803	0.16859	0.10407
CTC	CTT	CT	-0.09346	0.06868	0.06552	0.09346	0.06255	0.06552
CTA	TTA	CT	-4.23161	0.04100	0.00256	4.23161	0.00060	0.00256
CTA	CTT	AT	0.30613	0.00724	0.00840	-0.30613	0.00983	0.00840
CTA	CTC	AC	0.39959	0.00841	0.01021	-0.39959	0.01255	0.01021
CTG	TTG	CT	-0.48616	0.19374	0.15044	0.48616	0.11914	0.15044
CTG	CTT	GT	-1.19399	0.03421	0.01776	1.19399	0.01037	0.01776
CTG	CTC	GC	-1.10053	0.03976	0.02182	1.10053	0.01323	0.02182
CTG	CTA	GA	-1.50012	0.20047	0.08636	1.50012	0.04473	0.08636
CCT	TCT	CT	0.22545	0.03946	0.04408	-0.22545	0.04944	0.04408
CCT	CTT	CT	0.46057	0.03946	0.04925	-0.46057	0.06255	0.04925
CCC	TCC	CT	-0.57388	0.08354	0.06185	0.57388	0.04706	0.06185
CCC	CTC	CT	-0.04549	0.08354	0.08166	0.04549	0.07983	0.08166
CCC	CCT	CT	-0.59953	0.08354	0.06099	0.59953	0.04587	0.06099
CCA	TCA	CT	-0.90484	0.08098	0.04979	0.90484	0.03276	0.04979
CCA	CTA	CT	-0.53015	0.08098	0.06140	0.53015	0.04766	0.06140
CCA	CCT	AT	-0.68460	0.01430	0.00996	0.68460	0.00721	0.00996
CCA	CCC	AC	-0.08507	0.01662	0.01592	0.08507	0.01526	0.01592
CCG	TCG	CT	-2.45227	0.01384	0.00320	2.45227	0.00119	0.00320
CCG	CTG	CT	2.78948	0.01384	0.04113	-2.78948	0.22518	0.04113
CCG	CCT	GT	1.13491	0.00244	0.00409	-1.13491	0.00760	0.00409
CCG	CCC	GC	1.73444	0.00284	0.00598	-1.73444	0.01609	0.00598
CCG	CCA	GA	1.81951	0.01432	0.03110	-1.81951	0.08834	0.03110
CAT	TAT	CT	0.64224	0.04356	0.05904	-0.64224	0.08281	0.05904
CAT	CTT	AT	0.24550	0.00769	0.00868	-0.24550	0.00983	0.00868
CAT	CCT	AC	-0.21507	0.00894	0.00801	0.21507	0.00721	0.00801
CAC	TAC	CT	1.08924	0.04049	0.06647	-1.08924	0.12034	0.06647
CAC	CTC	AT	0.56259	0.00715	0.00935	-0.56259	0.01255	0.00935
CAC	CCC	AC	0.60808	0.00831	0.01109	-0.60808	0.01526	0.01109
CAC	CAT	CT	0.22362	0.04049	0.04519	-0.22362	0.05064	0.04519
CAA	CTA	AT	0.11216	0.00670	0.00708	-0.11216	0.00749	0.00708
CAA	CCA	AC	0.64230	0.00778	0.01055	-0.64230	0.01480	0.01055
CAA	CAT	AT	0.17278	0.00670	0.00729	-0.17278	0.00796	0.00729
CAA	CAC	AC	-0.05084	0.00778	0.00759	0.05084	0.00740	0.00759
CAG	CTG	AT	0.84512	0.01520	0.02252	-0.84512	0.03540	0.02252
CAG	CCG	AC	-1.94435	0.01767	0.00574	1.94435	0.00253	0.00574
CAG	CAT	GT	-0.59437	0.01520	0.01113	0.59437	0.00839	0.01113
CAG	CAC	GC	-0.81799	0.01767	0.01142	0.81799	0.00780	0.01142
CAG	CAA	GA	-0.76715	0.08910	0.05925	0.76715	0.04137	0.05925
CGT	TGT	CT	-0.38021	0.00871	0.00716	0.38021	0.00596	0.00716
CGT	CTT	GT	1.90769	0.00154	0.00345	-1.90769	0.01037	0.00345
CGT	CCT	GC	1.44712	0.00179	0.00338	-1.44712	0.00760	0.00338
CGT	CAT	GA	1.66219	0.00902	0.01850	-1.66219	0.04752	0.01850
CGC	TGC	CT	-0.73563	0.05843	0.03955	0.73563	0.02800	0.03955
CGC	CTC	GT	0.24859	0.01032	0.01165	-0.24859	0.01323	0.01165
CGC	CCC	GC	0.29408	0.01199	0.01384	-0.29408	0.01609	0.01384
CGC	CAC	GA	-0.31400	0.06046	0.05146	0.31400	0.04417	0.05146
CGC	CGT	CT	-1.75257	0.05843	0.02147	1.75257	0.01013	0.02147
CGA	CTA	GT	9.06123	0.00000	0.00000	-9.06123	0.00790	0.00001
CGA	CCA	GC	9.59138	0.00000	0.00000	-9.59138	0.01560	0.00001
CGA	CAA	GA	8.94907	0.00000	0.00000	-8.94907	0.04137	0.00005
CGA	CGT	AT	7.45966	0.00000	0.00000	-7.45966	0.00159	0.00001
CGA	CGC	AC	9.21223	0.00000	0.00000	-9.21223	0.01068	0.00001
CGG	TGG	CT	1.75986	0.01333	0.02833	-1.75986	0.07744	0.02833
CGG	CTG	GT	2.76374	0.00235	0.00694	-2.76374	0.03731	0.00694
CGG	CCG	GC	-0.02573	0.00273	0.00270	0.02573	0.00267	0.00270
CGG	CAG	GA	1.91862	0.01379	0.03101	-1.91862	0.09393	0.03101
CGG	CGT	GT	-0.33794	0.00235	0.00198	0.33794	0.00168	0.00198
CGG	CGC	GC	1.41463	0.00273	0.00511	-1.41463	0.01125	0.00511
CGG	CGA	GA	-7.79760	0.01379	0.00004	7.79760	0.00000	0.00000
ATT	TTT	AT	0.45290	0.02262	0.02813	-0.45290	0.03558	0.02813
ATT	CTT	AC	-0.98373	0.02630	0.01545	0.98373	0.00983	0.01545
ATC	TTC	AT	-0.00394	0.02661	0.02655	0.00394	0.02650	0.02655
ATC	CTC	AC	-0.90197	0.03092	0.01905	0.90197	0.01255	0.01905
ATC	ATT	CT	-0.01170	0.15068	0.14980	0.01170	0.14893	0.14980
ATA	TTA	AT	-3.36700	0.00271	0.00033	3.36700	0.00009	0.00033
ATA	CTA	AC	0.86460	0.00316	0.00471	-0.86460	0.00749	0.00471
ATA	ATT	AT	2.15446	0.00271	0.00662	-2.15446	0.02341	0.00662
ATA	ATC	AC	2.16616	0.00316	0.00772	-2.16616	0.02753	0.00772
ATG	TTG	AT	0.49623	0.01140	0.01446	-0.49623	0.01873	0.01446
ATG	CTG	AC	0.98239	0.01325	0.02081	-0.98239	0.03540	0.02081
ATG	ATT	GT	0.77212	0.01140	0.01637	-0.77212	0.02468	0.01637
ATG	ATC	GC	0.78382	0.01325	0.01912	-0.78382	0.02902	0.01912
ATG	ATA	GA	-1.38233	0.06682	0.03095	1.38233	0.01677	0.03095
ACT	TCT	AT	-0.21040	0.00959	0.00862	0.21040	0.00777	0.00862
ACT	CCT	AC	-0.43586	0.01115	0.00890	0.43586	0.00721	0.00890
ACT	ATT	CT	1.00844	0.05433	0.08625	-1.00844	0.14893	0.08625
ACC	TCC	AT	-0.03901	0.00769	0.00754	0.03901	0.00740	0.00754
ACC	CCC	AC	0.53487	0.00894	0.01154	-0.53487	0.01526	0.01154
ACC	ATC	CT	1.39135	0.04356	0.08068	-1.39135	0.17514	0.08068
ACC	ACT	CT	0.37121	0.04356	0.05215	-0.37121	0.06315	0.05215
ACA	TCA	AT	-0.78679	0.01131	0.00744	0.78679	0.00515	0.00744
ACA	CCA	AC	0.11806	0.01315	0.01394	-0.11806	0.01480	0.01394
ACA	ATA	CT	-1.27670	0.06407	0.03164	1.27670	0.01787	0.03164
ACA	ACT	AT	-0.13068	0.01131	0.01059	0.13068	0.00993	0.01059
ACA	ACC	AC	-0.50189	0.01315	0.01012	0.50189	0.00796	0.01012
ACG	TCG	AT	-2.56850	0.00244	0.00052	2.56850	0.00019	0.00052
ACG	CCG	AC	-0.11623	0.00284	0.00268	0.11623	0.00253	0.00268
ACG	ATG	CT	1.69086	0.01384	0.02869	-1.69086	0.07506	0.02869
ACG	ACT	GT	1.45455	0.00244	0.00464	-1.45455	0.01046	0.00464
ACG	ACC	GC	1.08334	0.00284	0.00465	-1.08334	0.00839	0.00465
ACG	ACA	GA	1.58523	0.01432	0.02855	-1.58523	0.06989	0.02855
AAT	TAT	AT	0.15648	0.01113	0.01202	-0.15648	0.01302	0.01202
AAT	CAT	AC	-0.48576	0.01294	0.01005	0.48576	0.00796	0.01005
AAT	ATT	AT	0.74347	0.01113	0.01578	-0.74347	0.02341	0.01578
AAT	ACT	AC	-0.26497	0.01294	0.01130	0.26497	0.00993	0.01130
AAC	TAC	AT	0.07977	0.01747	0.01817	-0.07977	0.01892	0.01817
AAC	CAC	AC	-1.00947	0.02030	0.01175	1.00947	0.00740	0.01175
AAC	ATC	AT	0.45508	0.01747	0.02174	-0.45508	0.02753	0.02174
AAC	ACC	AC	-0.93626	0.02030	0.01226	0.93626	0.00796	0.01226
AAC	AAT	CT	-0.30009	0.09892	0.08482	0.30009	0.07327	0.08482
AAA	CAA	AC	-1.39189	0.02787	0.01284	1.39189	0.00693	0.01284
AAA	ATA	AT	-2.14434	0.02398	0.00682	2.14434	0.00281	0.00682
AAA	ACA	AC	-0.86764	0.02787	0.01751	0.86764	0.01171	0.01751
AAA	AAT	AT	-0.73335	0.02398	0.01625	0.73335	0.01152	0.01625
AAA	AAC	AC	-0.43327	0.02787	0.02227	0.43327	0.01807	0.02227
AAG	CAG	AC	-1.04905	0.04491	0.02540	1.04905	0.01573	0.02540
AAG	ATG	AT	-1.18631	0.03864	0.02015	1.18631	0.01180	0.02015
AAG	ACG	AC	-2.87717	0.04491	0.00771	2.87717	0.00253	0.00771
AAG	AAT	GT	-1.15765	0.03864	0.02050	1.15765	0.01214	0.02050
AAG	AAC	GC	-0.85757	0.04491	0.02838	0.85757	0.01905	0.02838
AAG	AAA	GA	-0.42430	0.22646	0.18181	0.42430	0.14816	0.18181
AGT	TGT	AT	-2.78122	0.01511	0.00278	2.78122	0.00094	0.00278
AGT	CGT	AC	-2.40101	0.01757	0.00420	2.40101	0.00159	0.00420
AGT	ATT	GT	0.49041	0.01511	0.01912	-0.49041	0.02468	0.01912
AGT	ACT	GC	-0.51803	0.01757	0.01341	0.51803	0.01046	0.01341
AGT	AAT	GA	-0.25306	0.08857	0.07783	0.25306	0.06877	0.07783
AGC	TGC	AT	-0.36415	0.00633	0.00525	0.36415	0.00440	0.00525
AGC	CGC	AC	0.37148	0.00736	0.00882	-0.37148	0.01068	0.00882
AGC	ATC	GT	1.52203	0.00633	0.01233	-1.52203	0.02902	0.01233
AGC	ACC	GC	0.13068	0.00736	0.00785	-0.13068	0.00839	0.00785
AGC	AAC	GA	1.06695	0.03712	0.06039	-1.06695	0.10790	0.06039
AGC	AGT	CT	1.01992	0.03588	0.05723	-1.01992	0.09949	0.05723
AGA	CGA	AC	-8.44615	0.00442	0.00001	8.44615	0.00000	0.00000
AGA	ATA	GT	-0.24953	0.00380	0.00335	0.24953	0.00296	0.00335
AGA	ACA	GC	1.02717	0.00442	0.00707	-1.02717	0.01234	0.00707
AGA	AAA	GA	1.89481	0.02227	0.04968	-1.89481	0.14816	0.04968
AGA	AGT	AT	1.41452	0.00380	0.00710	-1.41452	0.01564	0.00710
AGA	AGC	AC	0.39460	0.00442	0.00535	-0.39460	0.00656	0.00535
AGG	TGG	AT	0.85868	0.00516	0.00769	-0.85868	0.01217	0.00769
AGG	CGG	AC	-0.90118	0.00600	0.00369	0.90118	0.00243	0.00369
AGG	ATG	GT	0.88018	0.00516	0.00776	-0.88018	0.01244	0.00776
AGG	ACG	GC	-0.81069	0.00600	0.00389	0.81069	0.00267	0.00389
AGG	AAG	GA	2.06648	0.03023	0.07153	-2.06648	0.23873	0.07153
AGG	AGT	GT	1.16189	0.00516	0.00872	-1.16189	0.01649	0.00872
AGG	AGC	GC	0.14197	0.00600	0.00643	-0.14197	0.00691	0.00643
AGG	AGA	GA	-0.25263	0.03023	0.02657	0.25263	0.02348	0.02657
GTT	TTT	GT	0.79601	0.01692	0.02454	-0.79601	0.03751	0.02454
GTT	CTT	GC	-0.64062	0.01967	0.01404	0.64062	0.01037	0.01404
GTT	ATT	GA	0.34310	0.09918	0.11716	-0.34310	0.13977	0.11716
GTC	TTC	GT	0.62040	0.01502	0.02016	-0.62040	0.02794	0.02016
GTC	CTC	GC	-0.27762	0.01746	0.01515	0.27762	0.01323	0.01515
GTC	ATC	GA	0.62434	0.08804	0.11836	-0.62434	0.16437	0.11836
GTC	GTT	CT	0.26954	0.08508	0.09706	-0.26954	0.11140	0.09706
GTA	TTA	GT	-2.90879	0.00181	0.00030	2.90879	0.00010	0.00030
GTA	CTA	GC	1.32282	0.00210	0.00379	-1.32282	0.00790	0.00379
GTA	ATA	GA	0.45822	0.01061	0.01322	-0.45822	0.01677	0.01322
GTA	GTT	AT	2.26957	0.00181	0.00458	-2.26957	0.01751	0.00458
GTA	GTC	AC	2.00003	0.00210	0.00487	-2.00003	0.01554	0.00487
GTG	TTG	GT	-0.47837	0.03185	0.02484	0.47837	0.01974	0.02484
GTG	CTG	GC	0.00779	0.03703	0.03717	-0.00779	0.03731	0.03717
GTG	ATG	GA	-0.97460	0.18669	0.11026	0.97460	0.07044	0.11026
GTG	GTT	GT	-0.54558	0.03185	0.02395	0.54558	0.01846	0.02395
GTG	GTC	GC	-0.81512	0.03703	0.02396	0.81512	0.01639	0.02396
GTG	GTA	GA	-2.81515	0.18669	0.03348	2.81515	0.01118	0.03348
GCT	TCT	GT	-0.79752	0.01819	0.01189	0.79752	0.00819	0.01189
GCT	CCT	GC	-1.02297	0.02114	0.01214	1.02297	0.00760	0.01214
GCT	ACT	GA	-0.58711	0.10660	0.07835	0.58711	0.05926	0.07835
GCT	GTT	CT	0.07822	0.10302	0.10710	-0.07822	0.11140	0.10710
GCC	TCC	GT	-0.23495	0.00986	0.00875	0.23495	0.00780	0.00875
GCC	CCC	GC	0.33893	0.01147	0.01352	-0.33893	0.01609	0.01352
GCC	ACC	GA	-0.19594	0.05781	0.05233	0.19594	0.04752	0.05233
GCC	GTC	CT	0.57106	0.05587	0.07333	-0.57106	0.09889	0.07333
GCC	GCT	CT	0.76238	0.05587	0.07984	-0.76238	0.11974	0.07984
GCA	TCA	GT	-0.56916	0.00959	0.00712	0.56916	0.00543	0.00712
GCA	CCA	GC	0.33568	0.01115	0.01313	-0.33568	0.01560	0.01313
GCA	ACA	GA	0.21763	0.05622	0.06256	-0.21763	0.06989	0.06256
GCA	GTA	CT	-1.51729	0.05433	0.02316	1.51729	0.01191	0.02316
GCA	GCT	AT	0.67406	0.00959	0.01319	-0.67406	0.01882	0.01319
GCA	GCC	AC	-0.08832	0.01115	0.01066	0.08832	0.01021	0.01066
GCG	TCG	GT	-3.55064	0.00688	0.00072	3.55064	0.00020	0.00072
GCG	CCG	GC	-1.09837	0.00799	0.00439	1.09837	0.00267	0.00439
GCG	ACG	GA	-0.98214	0.04031	0.02370	0.98214	0.01510	0.02370
GCG	GTG	CT	1.68332	0.03895	0.08053	-1.68332	0.20969	0.08053
GCG	GCT	GT	1.05952	0.00688	0.01115	-1.05952	0.01984	0.01115
GCG	GCC	GC	0.29714	0.00799	0.00924	-0.29714	0.01076	0.00924
GCG	GCA	GA	0.38546	0.04031	0.04857	-0.38546	0.05926	0.04857
GAT	TAT	GT	-1.57573	0.06633	0.02726	1.57573	0.01372	0.02726
GAT	CAT	GC	-2.21797	0.07710	0.02088	2.21797	0.00839	0.02088
GAT	AAT	GA	-1.73221	0.38875	0.14472	1.73221	0.06877	0.14472
GAT	GTT	AT	-1.33184	0.06633	0.03169	1.33184	0.01751	0.03169
GAT	GCT	AC	-1.41007	0.07710	0.03511	1.41007	0.01882	0.03511
GAC	TAC	GT	-1.35706	0.07746	0.03644	1.35706	0.01994	0.03644
GAC	CAC	GC	-2.44630	0.09004	0.02089	2.44630	0.00780	0.02089
GAC	AAC	GA	-1.43683	0.45398	0.20338	1.43683	0.10790	0.20338
GAC	GTC	AT	-1.60609	0.07746	0.03123	1.60609	0.01554	0.03123
GAC	GCC	AC	-2.17715	0.09004	0.02506	2.17715	0.01021	0.02506
GAC	GAT	CT	-0.00471	0.43872	0.43769	0.00471	0.43666	0.43769
GAA	CAA	GC	-1.85523	0.04670	0.01607	1.85523	0.00731	0.01607
GAA	AAA	GA	-0.46334	0.23548	0.18512	0.46334	0.14816	0.18512
GAA	GTA	AT	-3.06590	0.04018	0.00602	3.06590	0.00187	0.00602
GAA	GCA	AC	-1.54861	0.04670	0.01952	1.54861	0.00993	0.01952
GAA	GAT	AT	0.53551	0.04018	0.05189	-0.53551	0.06864	0.05189
GAA	GAC	AC	0.54022	0.04670	0.06045	-0.54022	0.08016	0.06045
GAG	CAG	GC	-1.67648	0.08867	0.03420	1.67648	0.01658	0.03420
GAG	AAG	GA	-0.62743	0.44709	0.32140	0.62743	0.23873	0.32140
GAG	GTG	AT	-0.83914	0.07629	0.04870	0.83914	0.03296	0.04870
GAG	GCG	AC	-2.52246	0.08867	0.01952	2.52246	0.00712	0.01952
GAG	GAT	GT	-0.05288	0.07629	0.07429	0.05288	0.07236	0.07429
GAG	GAC	GC	-0.04817	0.08867	0.08655	0.04817	0.08450	0.08655
GAG	GAA	GA	-0.58839	0.44709	0.32838	0.58839	0.24823	0.32838
GGT	TGT	GT	-1.63582	0.00507	0.00201	1.63582	0.00099	0.00201
GGT	CGT	GC	-1.25561	0.00589	0.00295	1.25561	0.00168	0.00295
GGT	AGT	GA	1.14539	0.02970	0.04989	-1.14539	0.09337	0.04989
GGT	GTT	GT	1.29270	0.00507	0.00903	-1.29270	0.01846	0.00903
GGT	GCT	GC	1.21448	0.00589	0.01017	-1.21448	0.01984	0.01017
GGT	GAT	GA	2.62455	0.02970	0.08404	-2.62455	0.40981	0.08404
GGC	TGC	GT	-0.85040	0.01086	0.00689	0.85040	0.00464	0.00689
GGC	CGC	GC	-0.11477	0.01262	0.01191	0.11477	0.01125	0.01191
GGC	AGC	GA	-0.48624	0.06364	0.04942	0.48624	0.03914	0.04942
GGC	GTC	GT	0.41144	0.01086	0.01325	-0.41144	0.01639	0.01325
GGC	GCC	GC	-0.15962	0.01262	0.01164	0.15962	0.01076	0.01164
GGC	GAC	GA	2.01753	0.06364	0.14810	-2.01753	0.47858	0.14810
GGC	GGT	CT	-0.61172	0.06150	0.04460	0.61172	0.03336	0.04460
GGA	CGA	GC	-8.68108	0.00589	0.00001	8.68108	0.00000	0.00000
GGA	AGA	GA	-0.23493	0.02970	0.02635	0.23493	0.02348	0.02635
GGA	GTA	GT	-0.94267	0.00507	0.00305	0.94267	0.00197	0.00305
GGA	GCA	GC	0.57461	0.00589	0.00774	-0.57461	0.01046	0.00774
GGA	GAA	GA	2.12323	0.02970	0.07163	-2.12323	0.24823	0.07163
GGA	GGT	AT	0.03419	0.00507	0.00515	-0.03419	0.00524	0.00515
GGA	GGC	AC	0.64591	0.00589	0.00800	-0.64591	0.01124	0.00800
GGG	TGG	GT	0.15046	0.01104	0.01189	-0.15046	0.01283	0.01189
GGG	CGG	GC	-1.60940	0.01283	0.00516	1.60940	0.00257	0.00516
GGG	AGG	GA	-0.70822	0.06470	0.04447	0.70822	0.03187	0.04447
GGG	GTG	GT	1.14656	0.01104	0.01855	-1.14656	0.03475	0.01855
GGG	GCG	GC	-0.53676	0.01283	0.00970	0.53676	0.00750	0.00970
GGG	GAG	GA	1.98570	0.06470	0.14893	-1.98570	0.47131	0.14893
GGG	GGT	GT	-0.69172	0.01104	0.00766	0.69172	0.00553	0.00766
GGG	GGC	GC	-0.08000	0.01283	0.01233	0.08000	0.01185	0.01233
GGG	GGA	GA	-0.72592	0.06470	0.04404	0.72592	0.03131	0.04404


Histograms
2Ns	FMut	FSub(CodonUsage)	FSubw(after w)

-9.13464	0.00369	0.00000
-8.22118	0.00082	0.00000
-7.30771	0.00007	0.00000
-6.39425	0.00161	0.00003
-5.48079	0.00600	0.00020
-4.56732	0.00787	0.00047
-3.65386	0.00553	0.00068
-2.74039	0.05720	0.01414
-1.82693	0.23918	0.11208
-0.91346	0.24944	0.20944
0.00000	0.26244	0.32590
0.91346	0.11882	0.20944
1.82693	0.04314	0.11208
2.74039	0.00393	0.01414
3.65386	0.00015	0.00068
4.56732	0.00008	0.00047
5.48079	0.00003	0.00020
6.39425	0.00000	0.00003
7.30771	0.00000	0.00000
8.22118	0.00000	0.00000
9.13464	0.00000	0.00000

Proportion of advantageous (S > 0) mutations:
 0.28421

Proportions of good & bad mutations (|S| > 2.0000) among mutations:
0.01125  0.13936

mean |Ns| = 1.12376	mean Ns+ = 0.67358	mean Ns- = -1.30250


MLEs of dN/dS (w) for site classes (K=4)

site class             0        1       2a       2b
proportion       0.80817  0.07421  0.10773  0.00989
background w     0.09928  2.42121  0.09928  2.42121
foreground w     0.09928  2.42121  4.23386  4.23386

Naive Empirical Bayes (NEB) probabilities for 4 classes
(amino acids refer to 1st sequence: Bbon)

   1 M   0.92846 0.01055 0.05996 0.00103 ( 1)
   2 K   0.52554 0.38388 0.04734 0.04324 ( 1)
   3 R   0.74559 0.18780 0.04846 0.01815 ( 1)
   4 T   0.92557 0.01160 0.06168 0.00115 ( 1)
   5 H   0.77281 0.16648 0.04517 0.01554 ( 1)
   6 L   0.83812 0.05523 0.09965 0.00701 ( 1)
   7 F   0.86798 0.03782 0.08968 0.00452 ( 1)
   8 V   0.87673 0.03318 0.08620 0.00388 ( 1)
   9 M   0.48974 0.41369 0.04815 0.04842 ( 1)
  10 A   0.21984 0.08359 0.68158 0.01500 ( 3)
  11 V   0.91168 0.01684 0.06971 0.00177 ( 1)
  12 Y   0.88234 0.03034 0.08383 0.00350 ( 1)
  13 L   0.83812 0.05523 0.09965 0.00701 ( 1)
  14 L   0.83812 0.05523 0.09965 0.00701 ( 1)
  15 S   0.93028 0.01001 0.05875 0.00097 ( 1)
  16 S   0.93028 0.01001 0.05875 0.00097 ( 1)
  17 C   0.94190 0.00655 0.05096 0.00059 ( 1)
  18 R   0.94244 0.00642 0.05056 0.00058 ( 1)
  19 A   0.89527 0.02404 0.07803 0.00267 ( 1)
  20 E   0.16047 0.15103 0.65793 0.03058 ( 3)
  21 E   0.87437 0.03440 0.08718 0.00405 ( 1)
  22 G   0.92347 0.01238 0.06291 0.00123 ( 1)
  23 L   0.84324 0.05310 0.09702 0.00664 ( 1)
  24 N   0.70523 0.22516 0.04730 0.02231 ( 1)
  25 F   0.88183 0.03055 0.08409 0.00353 ( 1)
  26 P   0.89168 0.02569 0.07974 0.00289 ( 1)
  27 T   0.92557 0.01160 0.06168 0.00115 ( 1)
  28 Y   0.88427 0.02941 0.08295 0.00337 ( 1)
  29 D   0.86469 0.03963 0.09091 0.00478 ( 1)
  30 G   0.92518 0.01177 0.06189 0.00116 ( 1)
  31 K   0.55292 0.35706 0.04980 0.04022 ( 1)
  32 D   0.86559 0.03947 0.09020 0.00474 ( 1)
  33 R   0.89390 0.02510 0.07821 0.00279 ( 1)
  34 V   0.87842 0.03241 0.08540 0.00377 ( 1)
  35 V   0.91317 0.01668 0.06841 0.00173 ( 1)
  36 S   0.88835 0.02776 0.08075 0.00314 ( 1)
  37 L   0.88153 0.03126 0.08361 0.00360 ( 1)
  38 T   0.92705 0.01149 0.06034 0.00112 ( 1)
  39 E   0.87541 0.03423 0.08634 0.00401 ( 1)
  40 K   0.89178 0.02613 0.07917 0.00292 ( 1)
  41 N   0.92514 0.01214 0.06152 0.00120 ( 1)
  42 F   0.88297 0.03038 0.08316 0.00349 ( 1)
  43 K   0.89178 0.02613 0.07917 0.00292 ( 1)
  44 Q   0.87455 0.03491 0.08644 0.00409 ( 1)
  45 V   0.91265 0.01688 0.06871 0.00176 ( 1)
  46 L   0.13751 0.18181 0.64179 0.03889 ( 3)
  47 K   0.89178 0.02613 0.07917 0.00292 ( 1)
  48 K   0.89235 0.02584 0.07892 0.00289 ( 1)
  49 Y   0.16991 0.13948 0.66295 0.02766 ( 3)
  50 D   0.86559 0.03947 0.09020 0.00474 ( 1)
  51 L   0.85471 0.04596 0.09370 0.00563 ( 1)
  52 L   0.91872 0.01484 0.06494 0.00150 ( 1)
  53 C   0.94504 0.00596 0.04847 0.00053 ( 1)
  54 L   0.91880 0.01476 0.06494 0.00150 ( 1)
  55 Y   0.88293 0.03071 0.08284 0.00352 ( 1)
  56 Y   0.16891 0.14167 0.66131 0.02811 ( 3)
  57 H   0.91487 0.01633 0.06712 0.00168 ( 1)
  58 E   0.87486 0.03477 0.08629 0.00408 ( 1)
  59 P   0.89239 0.02607 0.07863 0.00291 ( 1)
  60 V   0.46298 0.44069 0.04501 0.05133 ( 1)
  61 S   0.92555 0.01231 0.06093 0.00121 ( 1)
  62 S   0.91396 0.01955 0.06451 0.00198 ( 1)
  63 D   0.86027 0.04267 0.09189 0.00517 ( 1)
  64 K   0.89179 0.02639 0.07887 0.00295 ( 1)
  65 A   0.07233 0.83538 0.00542 0.08688 ( 2)
  66 A   0.00229 0.54265 0.28848 0.16658 ( 2)
  67 Q   0.87401 0.03545 0.08639 0.00415 ( 1)
  68 K   0.89179 0.02639 0.07887 0.00295 ( 1)
  69 Q   0.04564 0.12961 0.78694 0.03781 ( 3)
  70 F   0.17723 0.14412 0.65082 0.02783 ( 3)
  71 Q   0.87390 0.03565 0.08627 0.00417 ( 1)
  72 M   0.02856 0.86398 0.00304 0.10442 ( 2)
  73 K   0.89179 0.02639 0.07887 0.00295 ( 1)
  74 E   0.87751 0.03374 0.08483 0.00392 ( 1)
  75 I   0.88247 0.03123 0.08272 0.00358 ( 1)
  76 V   0.88632 0.03090 0.07931 0.00347 ( 1)
  77 L   0.83787 0.05585 0.09920 0.00708 ( 1)
  78 E   0.87419 0.03543 0.08622 0.00415 ( 1)
  79 F   0.85180 0.04055 0.10248 0.00517 ( 1)
  80 D   0.38733 0.50095 0.04739 0.06433 ( 2)
  81 E   0.85873 0.03563 0.10114 0.00450 ( 1)
  82 E   0.85873 0.03563 0.10114 0.00450 ( 1)
  83 G   0.89140 0.01527 0.09152 0.00182 ( 1)
  84 S   0.86553 0.03098 0.09962 0.00387 ( 1)
  85 L   0.82996 0.05690 0.10571 0.00744 ( 1)
  86 Y   0.86337 0.03243 0.10013 0.00407 ( 1)
  87 V   0.57675 0.32235 0.06183 0.03907 ( 1)
  88 L   0.88793 0.01743 0.09255 0.00209 ( 1)
  89 K   0.86793 0.02937 0.09904 0.00366 ( 1)
  90 G   0.90908 0.00724 0.08287 0.00082 ( 1)
  91 D   0.84589 0.04485 0.10350 0.00576 ( 1)
  92 R   0.86949 0.02835 0.09864 0.00352 ( 1)
  93 T   0.86648 0.03034 0.09939 0.00379 ( 1)
  94 I   0.86910 0.02861 0.09874 0.00356 ( 1)
  95 E   0.85639 0.03727 0.10161 0.00472 ( 1)
  96 F   0.85180 0.04055 0.10248 0.00517 ( 1)
  97 D   0.84589 0.04485 0.10350 0.00576 ( 1)
  98 G   0.89301 0.01443 0.09085 0.00171 ( 1)
  99 E   0.85639 0.03727 0.10161 0.00472 ( 1)
 100 F   0.85180 0.04055 0.10248 0.00517 ( 1)
 101 A   0.87461 0.02624 0.09594 0.00321 ( 1)
 102 A   0.87173 0.02690 0.09805 0.00333 ( 1)
 103 D   0.84589 0.04485 0.10350 0.00576 ( 1)
 104 V   0.88328 0.01979 0.09453 0.00240 ( 1)
 105 L   0.84136 0.04820 0.10422 0.00622 ( 1)
 106 V   0.85806 0.03610 0.10128 0.00456 ( 1)
 107 E   0.85639 0.03727 0.10161 0.00472 ( 1)
 108 F   0.85191 0.04043 0.10250 0.00515 ( 1)
 109 L   0.88770 0.01727 0.09295 0.00207 ( 1)
 110 L   0.84136 0.04820 0.10422 0.00622 ( 1)
 111 D   0.84846 0.04322 0.10279 0.00553 ( 1)
 112 L   0.64295 0.28172 0.04647 0.02885 ( 1)
 113 I   0.53185 0.37824 0.04814 0.04177 ( 1)
 114 E   0.87604 0.03429 0.08567 0.00400 ( 1)
 115 D   0.86320 0.04110 0.09075 0.00495 ( 1)
 116 P   0.88543 0.03087 0.08021 0.00349 ( 1)
 117 V   0.87673 0.03318 0.08620 0.00388 ( 1)
 118 E   0.87437 0.03440 0.08718 0.00405 ( 1)
 119 I   0.88257 0.03017 0.08378 0.00348 ( 1)
 120 I   0.88257 0.03017 0.08378 0.00348 ( 1)
 121 N   0.70163 0.22802 0.04765 0.02271 ( 1)
 122 S   0.93161 0.00958 0.05789 0.00092 ( 1)
 123 K   0.89109 0.02601 0.07997 0.00293 ( 1)
 124 L   0.83812 0.05523 0.09965 0.00701 ( 1)
 125 E   0.87766 0.03270 0.08583 0.00382 ( 1)
 126 V   0.91168 0.01684 0.06971 0.00177 ( 1)
 127 Q   0.87344 0.03529 0.08713 0.00414 ( 1)
 128 A   0.91396 0.01594 0.06845 0.00166 ( 1)
 129 F   0.86798 0.03782 0.08968 0.00452 ( 1)
 130 E   0.87437 0.03440 0.08718 0.00405 ( 1)
 131 R   0.89262 0.02528 0.07927 0.00283 ( 1)
 132 I   0.89202 0.02554 0.07958 0.00287 ( 1)
 133 E   0.87437 0.03440 0.08718 0.00405 ( 1)
 134 D   0.86468 0.03963 0.09091 0.00478 ( 1)
 135 H   0.91388 0.01599 0.06847 0.00166 ( 1)
 136 I   0.88257 0.03017 0.08378 0.00348 ( 1)
 137 K   0.89109 0.02601 0.07997 0.00293 ( 1)
 138 L   0.91774 0.01444 0.06634 0.00148 ( 1)
 139 I   0.88294 0.02981 0.08381 0.00344 ( 1)
 140 G   0.92518 0.01177 0.06189 0.00116 ( 1)
 141 F   0.86798 0.03782 0.08968 0.00452 ( 1)
 142 F   0.88183 0.03055 0.08409 0.00353 ( 1)
 143 K   0.89052 0.02630 0.08021 0.00296 ( 1)
 144 S   0.88714 0.02793 0.08175 0.00318 ( 1)
 145 E   0.87434 0.03443 0.08718 0.00405 ( 1)
 146 D   0.86468 0.03963 0.09091 0.00478 ( 1)
 147 S   0.89361 0.02494 0.07868 0.00278 ( 1)
 148 -   0.86995 0.03875 0.08674 0.00456 ( 1)
 149 -   0.43002 0.47198 0.04260 0.05540 ( 2)
 150 Y   0.88185 0.03177 0.08274 0.00364 ( 1)
 151 K   0.89012 0.02775 0.07903 0.00311 ( 1)
 152 A   0.89534 0.02526 0.07662 0.00278 ( 1)
 153 F   0.86741 0.03916 0.08877 0.00466 ( 1)
 154 E   0.87713 0.03411 0.08479 0.00396 ( 1)
 155 E   0.87382 0.03580 0.08619 0.00420 ( 1)
 156 A   0.89492 0.02548 0.07679 0.00281 ( 1)
 157 A   0.89534 0.02526 0.07662 0.00278 ( 1)
 158 E   0.87713 0.03411 0.08479 0.00396 ( 1)
 159 H   0.91387 0.01731 0.06705 0.00178 ( 1)
 160 F   0.88133 0.03199 0.08301 0.00368 ( 1)
 161 Q   0.87297 0.03647 0.08629 0.00427 ( 1)
 162 P   0.93077 0.01081 0.05739 0.00103 ( 1)
 163 Y   0.88185 0.03177 0.08274 0.00364 ( 1)
 164 I   0.88208 0.03161 0.08268 0.00362 ( 1)
 165 K   0.89069 0.02746 0.07877 0.00307 ( 1)
 166 F   0.86741 0.03916 0.08877 0.00466 ( 1)
 167 F   0.86741 0.03916 0.08877 0.00466 ( 1)
 168 A   0.89534 0.02526 0.07662 0.00278 ( 1)
 169 T   0.92330 0.01367 0.06168 0.00135 ( 1)
 170 F   0.88133 0.03199 0.08301 0.00368 ( 1)
 171 D   0.86411 0.04094 0.09004 0.00491 ( 1)
 172 K   0.89069 0.02746 0.07877 0.00307 ( 1)
 173 G   0.92368 0.01357 0.06141 0.00134 ( 1)
 174 V   0.90528 0.02312 0.06917 0.00243 ( 1)
 175 A   0.88910 0.03038 0.07716 0.00337 ( 1)
 176 K   0.88437 0.03262 0.07934 0.00367 ( 1)
 177 K   0.88494 0.03234 0.07910 0.00363 ( 1)
 178 L   0.84956 0.05064 0.09359 0.00621 ( 1)
 179 S   0.92540 0.01514 0.05800 0.00146 ( 1)
 180 L   0.84956 0.05064 0.09359 0.00621 ( 1)
 181 K   0.88437 0.03262 0.07934 0.00367 ( 1)
 182 M   0.92346 0.01579 0.05921 0.00154 ( 1)
 183 N   0.93493 0.01178 0.05221 0.00108 ( 1)
 184 E   0.86856 0.04036 0.08634 0.00475 ( 1)
 185 V   0.90529 0.02312 0.06917 0.00243 ( 1)
 186 D   0.85930 0.04514 0.09012 0.00543 ( 1)
 187 F   0.87579 0.03674 0.08323 0.00424 ( 1)
 188 Y   0.87817 0.03566 0.08209 0.00408 ( 1)
 189 E   0.86856 0.04036 0.08634 0.00475 ( 1)
 190 P   0.87243 0.03835 0.08475 0.00447 ( 1)
 191 F   0.86243 0.04350 0.08887 0.00520 ( 1)
 192 M   0.92346 0.01579 0.05921 0.00154 ( 1)
 193 D   0.85917 0.04528 0.09011 0.00545 ( 1)
 194 E   0.86856 0.04036 0.08634 0.00475 ( 1)
 195 P   0.88552 0.03202 0.07887 0.00359 ( 1)
 196 I   0.88586 0.03187 0.07870 0.00357 ( 1)
 197 A   0.90818 0.02192 0.06762 0.00227 ( 1)
 198 I   0.87652 0.03637 0.08292 0.00419 ( 1)
 199 P   0.90416 0.02318 0.07021 0.00245 ( 1)
 200 D   0.85837 0.04532 0.09083 0.00548 ( 1)
 201 K   0.48008 0.42802 0.04354 0.04837 ( 1)
 202 P   0.88420 0.03224 0.07992 0.00364 ( 1)
 203 Y   0.87511 0.03674 0.08390 0.00425 ( 1)
 204 T   0.88101 0.03381 0.08134 0.00385 ( 1)
 205 E   0.87062 0.03897 0.08585 0.00457 ( 1)
 206 E   0.41885 0.48208 0.04209 0.05697 ( 2)
 207 E   0.86722 0.04080 0.08715 0.00482 ( 1)
 208 L   0.91156 0.02024 0.06613 0.00208 ( 1)
 209 V   0.86947 0.03968 0.08619 0.00466 ( 1)
 210 E   0.42079 0.48018 0.04229 0.05675 ( 2)
 211 F   0.86131 0.04382 0.08960 0.00526 ( 1)
 212 V   0.86844 0.04069 0.08609 0.00478 ( 1)
 213 K   0.88167 0.03421 0.08025 0.00387 ( 1)
 214 E   0.86621 0.04180 0.08705 0.00494 ( 1)
 215 H   0.92904 0.01413 0.05549 0.00133 ( 1)
 216 Q   0.86544 0.04256 0.08698 0.00501 ( 1)
 217 -   0.85902 0.02893 0.10829 0.00376 ( 1)
 218 -   0.84018 0.04605 0.10774 0.00604 ( 1)
 219 -   0.85525 0.03346 0.10696 0.00434 ( 1)
 220 -   0.84370 0.04533 0.10510 0.00587 ( 1)
 221 -   0.37276 0.22003 0.37625 0.03096 ( 3)
 222 -   0.84996 0.04069 0.10412 0.00523 ( 1)
 223 -   0.82961 0.05656 0.10641 0.00741 ( 1)
 224 -   0.84996 0.04069 0.10412 0.00523 ( 1)
 225 -   0.84228 0.04658 0.10511 0.00604 ( 1)
 226 -   0.84183 0.04692 0.10517 0.00608 ( 1)
 227 -   0.83264 0.05416 0.10612 0.00708 ( 1)
 228 -   0.87168 0.02516 0.10002 0.00314 ( 1)
 229 -   0.83679 0.05087 0.10571 0.00663 ( 1)
 230 -   0.84142 0.04720 0.10525 0.00612 ( 1)
 231 -   0.84764 0.04245 0.10444 0.00547 ( 1)
 232 -   0.83033 0.05600 0.10634 0.00734 ( 1)
 233 E   0.87875 0.03253 0.08495 0.00378 ( 1)
 234 D   0.86076 0.04219 0.09194 0.00512 ( 1)
 235 D   0.86076 0.04219 0.09194 0.00512 ( 1)
 236 L   0.85497 0.04571 0.09373 0.00560 ( 1)
 237 N   0.92508 0.01220 0.06151 0.00120 ( 1)
 238 G   0.92506 0.01223 0.06150 0.00121 ( 1)
 239 I   0.88372 0.03000 0.08284 0.00344 ( 1)
 240 H   0.93810 0.00795 0.05321 0.00073 ( 1)
 241 I   0.89330 0.02536 0.07851 0.00283 ( 1)
 242 V   0.87781 0.03301 0.08534 0.00384 ( 1)
 243 A   0.91547 0.01577 0.06713 0.00163 ( 1)
 244 F   0.87068 0.03707 0.08786 0.00439 ( 1)
 245 A   0.91768 0.01454 0.06629 0.00149 ( 1)
 246 E   0.87541 0.03423 0.08634 0.00401 ( 1)
 247 R   0.94396 0.00646 0.04900 0.00057 ( 1)
 248 S   0.88835 0.02776 0.08075 0.00314 ( 1)
 249 D   0.86076 0.04219 0.09194 0.00512 ( 1)
 250 P   0.87948 0.03208 0.08471 0.00372 ( 1)
 251 D   0.85992 0.04233 0.09259 0.00515 ( 1)
 252 G   0.92518 0.01177 0.06189 0.00116 ( 1)
 253 Y   0.88364 0.02990 0.08304 0.00343 ( 1)
 254 E   0.87437 0.03440 0.08718 0.00405 ( 1)
 255 F   0.88183 0.03055 0.08409 0.00353 ( 1)
 256 L   0.83812 0.05523 0.09965 0.00701 ( 1)
 257 E   0.87437 0.03440 0.08718 0.00405 ( 1)
 258 I   0.88257 0.03017 0.08378 0.00348 ( 1)
 259 L   0.83812 0.05523 0.09965 0.00701 ( 1)
 260 K   0.89052 0.02630 0.08021 0.00296 ( 1)
 261 Q   0.87346 0.03516 0.08724 0.00414 ( 1)
 262 V   0.91116 0.01704 0.07000 0.00179 ( 1)
 263 A   0.89567 0.02382 0.07786 0.00264 ( 1)
 264 R   0.94569 0.00543 0.04840 0.00048 ( 1)
 265 D   0.86469 0.03963 0.09091 0.00478 ( 1)
 266 N   0.92349 0.01235 0.06293 0.00123 ( 1)
 267 T   0.93421 0.00819 0.05682 0.00078 ( 1)
 268 D   0.86469 0.03963 0.09091 0.00478 ( 1)
 269 N   0.92349 0.01235 0.06293 0.00123 ( 1)
 270 P   0.91159 0.01688 0.06975 0.00177 ( 1)
 271 D   0.86469 0.03963 0.09091 0.00478 ( 1)
 272 L   0.84593 0.05086 0.09687 0.00635 ( 1)
 273 S   0.93161 0.00958 0.05789 0.00092 ( 1)
 274 I   0.88271 0.03003 0.08379 0.00346 ( 1)
 275 V   0.75629 0.18314 0.04360 0.01698 ( 1)
 276 W   0.85549 0.04499 0.09401 0.00552 ( 1)
 277 I   0.88257 0.03017 0.08378 0.00348 ( 1)
 278 D   0.86469 0.03963 0.09091 0.00478 ( 1)
 279 P   0.87838 0.03225 0.08560 0.00376 ( 1)
 280 D   0.86016 0.04210 0.09261 0.00512 ( 1)
 281 D   0.86469 0.03963 0.09091 0.00478 ( 1)
 282 F   0.86798 0.03782 0.08968 0.00452 ( 1)
 283 P   0.91159 0.01688 0.06975 0.00177 ( 1)
 284 L   0.83812 0.05523 0.09965 0.00701 ( 1)
 285 L   0.92058 0.01382 0.06421 0.00139 ( 1)
 286 V   0.91265 0.01688 0.06871 0.00176 ( 1)
 287 A   0.91493 0.01630 0.06709 0.00168 ( 1)
 288 Y   0.88541 0.02926 0.08199 0.00333 ( 1)
 289 W   0.85624 0.04485 0.09342 0.00548 ( 1)
 290 E   0.87875 0.03253 0.08495 0.00378 ( 1)
 291 K   0.89178 0.02613 0.07917 0.00292 ( 1)
 292 T   0.92468 0.01232 0.06178 0.00122 ( 1)
 293 F   0.88297 0.03038 0.08316 0.00349 ( 1)
 294 K   0.89178 0.02613 0.07917 0.00292 ( 1)
 295 I   0.89330 0.02536 0.07851 0.00283 ( 1)
 296 D   0.86559 0.03947 0.09020 0.00474 ( 1)
 297 L   0.88153 0.03126 0.08361 0.00360 ( 1)
 298 F   0.88297 0.03038 0.08316 0.00349 ( 1)
 299 K   0.89178 0.02613 0.07917 0.00292 ( 1)
 300 P   0.87962 0.03194 0.08472 0.00371 ( 1)
 301 Q   0.87455 0.03491 0.08644 0.00409 ( 1)
 302 I   0.89330 0.02536 0.07851 0.00283 ( 1)
 303 G   0.92461 0.01240 0.06177 0.00123 ( 1)
 304 V   0.87781 0.03301 0.08534 0.00384 ( 1)
 305 V   0.87781 0.03301 0.08534 0.00384 ( 1)
 306 N   0.94080 0.00719 0.05136 0.00065 ( 1)
 307 V   0.91265 0.01688 0.06871 0.00176 ( 1)
 308 T   0.88965 0.02711 0.08018 0.00306 ( 1)
 309 D   0.86076 0.04219 0.09194 0.00512 ( 1)
 310 A   0.89699 0.02365 0.07676 0.00261 ( 1)
 311 D   0.86559 0.03947 0.09020 0.00474 ( 1)
 312 S   0.88835 0.02776 0.08075 0.00314 ( 1)
 313 V   0.91317 0.01668 0.06841 0.00173 ( 1)
 314 W   0.85624 0.04485 0.09342 0.00548 ( 1)
 315 M   0.93009 0.01041 0.05850 0.00100 ( 1)
 316 E   0.87540 0.03424 0.08634 0.00401 ( 1)
 317 I   0.89330 0.02536 0.07851 0.00283 ( 1)
 318 P   0.88170 0.03090 0.08383 0.00357 ( 1)
 319 D   0.14298 0.17072 0.65013 0.03618 ( 3)
 320 G   0.94745 0.00532 0.04676 0.00046 ( 1)
 321 D   0.86076 0.04219 0.09194 0.00512 ( 1)
 322 D   0.12184 0.27766 0.54227 0.05823 ( 3)
 323 L   0.83861 0.05513 0.09928 0.00698 ( 1)
 324 P   0.89296 0.02551 0.07868 0.00285 ( 1)
 325 T   0.88965 0.02711 0.08018 0.00306 ( 1)
 326 A   0.89699 0.02365 0.07676 0.00261 ( 1)
 327 E   0.87541 0.03423 0.08634 0.00401 ( 1)
 328 E   0.87541 0.03423 0.08634 0.00401 ( 1)
 329 L   0.83861 0.05513 0.09928 0.00698 ( 1)
 330 E   0.87875 0.03253 0.08495 0.00378 ( 1)
 331 D   0.86559 0.03947 0.09020 0.00474 ( 1)
 332 W   0.85624 0.04485 0.09342 0.00548 ( 1)
 333 I   0.18625 0.12552 0.66431 0.02392 ( 3)
 334 E   0.87541 0.03423 0.08634 0.00401 ( 1)
 335 D   0.86124 0.04208 0.09159 0.00509 ( 1)
 336 V   0.87781 0.03301 0.08534 0.00384 ( 1)
 337 L   0.92058 0.01382 0.06421 0.00139 ( 1)
 338 S   0.92586 0.01201 0.06095 0.00118 ( 1)
 339 G   0.92506 0.01223 0.06150 0.00121 ( 1)
 340 K   0.89178 0.02613 0.07917 0.00292 ( 1)
 341 I   0.95208 0.00433 0.04323 0.00036 ( 1)
 342 N   0.24273 0.07682 0.66739 0.01306 ( 3)
 343 T   0.92468 0.01232 0.06178 0.00122 ( 1)
 344 E   0.87561 0.03403 0.08636 0.00399 ( 1)
 345 D   0.86161 0.04167 0.09168 0.00504 ( 1)
 346 D   0.86020 0.04230 0.09236 0.00514 ( 1)
 347 D   0.86499 0.03959 0.09066 0.00476 ( 1)
 348 N   0.00022 0.91285 0.00001 0.08691 ( 2)
 349 E   0.87788 0.03280 0.08550 0.00382 ( 1)
 350 D   0.86021 0.04229 0.09236 0.00514 ( 1)
 351 E   0.87803 0.03265 0.08551 0.00381 ( 1)
 352 E   0.03219 0.70886 0.12078 0.13817 ( 2)
 353 D   0.86021 0.04229 0.09236 0.00514 ( 1)
 354 E   0.87803 0.03265 0.08551 0.00381 ( 1)
 355 E   0.87473 0.03435 0.08688 0.00404 ( 1)
 356 D   0.86037 0.04214 0.09235 0.00514 ( 1)
 357 D   0.86559 0.03947 0.09020 0.00474 ( 1)
 358 D   0.16618 0.16908 0.63144 0.03330 ( 3)
 359 D   0.86553 0.03953 0.09019 0.00474 ( 1)
 360 N   0.18969 0.09705 0.69447 0.01880 ( 3)
 361 -   0.33580 0.55778 0.03729 0.06913 ( 2)
 362 D   0.14103 0.18867 0.63244 0.03786 ( 3)
 363 D   0.86038 0.04176 0.09276 0.00511 ( 1)
 364 D   0.86559 0.03947 0.09020 0.00474 ( 1)
 365 N   0.00424 0.88066 0.00062 0.11448 ( 2)
 366 D   0.84941 0.04228 0.10291 0.00541 ( 1)
 367 N   0.90348 0.00948 0.08595 0.00109 ( 1)
 368 S   0.89251 0.01469 0.09106 0.00174 ( 1)
 369 D   0.84924 0.04245 0.10289 0.00543 ( 1)
 370 E   0.85493 0.03629 0.10413 0.00465 ( 1)
 371 E   0.02854 0.68453 0.13816 0.14877 ( 2)
 372 D   0.13479 0.63468 0.13264 0.09789 ( 2)
 373 D   0.03972 0.85618 0.00388 0.10022 ( 2)
 374 D   0.16688 0.17771 0.62086 0.03455 ( 3)
 375 D   0.86559 0.03947 0.09020 0.00474 ( 1)
 376 S   0.00595 0.09806 0.86389 0.03210 ( 3)
 377 D   0.40994 0.48612 0.04440 0.05955 ( 2)
 378 D   0.16577 0.16855 0.63243 0.03325 ( 3)
 379 D   0.41110 0.48497 0.04452 0.05941 ( 2)
 380 E   0.03187 0.86037 0.00341 0.10435 ( 2)
 381 D   0.86499 0.03959 0.09066 0.00476 ( 1)


lnL = -2367.649298

Bayes Empirical Bayes (BEB) probabilities for 4 classes (class)
(amino acids refer to 1st sequence: Bbon)

   1 M   0.81744 0.10157 0.07086 0.01013 ( 1)
   2 K   0.23340 0.66132 0.02564 0.07965 ( 2)
   3 R   0.31327 0.59923 0.02731 0.06019 ( 2)
   4 T   0.81225 0.10514 0.07198 0.01064 ( 1)
   5 H   0.32704 0.58983 0.02613 0.05700 ( 2)
   6 L   0.70113 0.17663 0.09767 0.02458 ( 1)
   7 F   0.73301 0.15625 0.09076 0.01998 ( 1)
   8 V   0.74326 0.14977 0.08837 0.01860 ( 1)
   9 M   0.22271 0.66658 0.02626 0.08445 ( 2)
  10 A   0.12620 0.28221 0.51119 0.08041 ( 3)
  11 V   0.79024 0.11946 0.07736 0.01294 ( 1)
  12 Y   0.75011 0.14546 0.08673 0.01770 ( 1)
  13 L   0.70113 0.17663 0.09767 0.02458 ( 1)
  14 L   0.70113 0.17663 0.09767 0.02458 ( 1)
  15 S   0.82029 0.09985 0.07001 0.00985 ( 1)
  16 S   0.82029 0.09985 0.07001 0.00985 ( 1)
  17 C   0.84145 0.08596 0.06468 0.00791 ( 1)
  18 R   0.84240 0.08540 0.06438 0.00783 ( 1)
  19 A   0.76683 0.13467 0.08288 0.01563 ( 1)
  20 E   0.09112 0.28798 0.51231 0.10860 ( 3)
  21 E   0.74044 0.15152 0.08906 0.01898 ( 1)
  22 G   0.80866 0.10757 0.07277 0.01099 ( 1)
  23 L   0.70597 0.17464 0.09560 0.02380 ( 1)
  24 N   0.29489 0.61568 0.02594 0.06349 ( 2)
  25 F   0.74951 0.14575 0.08695 0.01779 ( 1)
  26 P   0.76214 0.13763 0.08403 0.01620 ( 1)
  27 T   0.81225 0.10514 0.07198 0.01064 ( 1)
  28 Y   0.75245 0.14403 0.08612 0.01740 ( 1)
  29 D   0.72925 0.15865 0.09160 0.02050 ( 1)
  30 G   0.81151 0.10568 0.07210 0.01071 ( 1)
  31 K   0.24139 0.65339 0.02653 0.07869 ( 2)
  32 D   0.73009 0.15851 0.09103 0.02037 ( 1)
  33 R   0.76458 0.13668 0.08285 0.01589 ( 1)
  34 V   0.74524 0.14862 0.08780 0.01834 ( 1)
  35 V   0.79175 0.11913 0.07635 0.01277 ( 1)
  36 S   0.75735 0.14132 0.08455 0.01678 ( 1)
  37 L   0.74855 0.14715 0.08643 0.01788 ( 1)
  38 T   0.81374 0.10485 0.07092 0.01049 ( 1)
  39 E   0.74142 0.15135 0.08840 0.01884 ( 1)
  40 K   0.76170 0.13855 0.08351 0.01624 ( 1)
  41 N   0.81063 0.10685 0.07172 0.01080 ( 1)
  42 F   0.75059 0.14555 0.08622 0.01764 ( 1)
  43 K   0.76170 0.13855 0.08351 0.01624 ( 1)
  44 Q   0.74013 0.15261 0.08829 0.01897 ( 1)
  45 V   0.79098 0.11960 0.07656 0.01286 ( 1)
  46 L   0.07884 0.28450 0.51504 0.12163 ( 3)
  47 K   0.76170 0.13855 0.08351 0.01624 ( 1)
  48 K   0.76248 0.13803 0.08335 0.01615 ( 1)
  49 Y   0.09628 0.28870 0.51123 0.10379 ( 3)
  50 D   0.73009 0.15851 0.09103 0.02037 ( 1)
  51 L   0.71793 0.16679 0.09325 0.02203 ( 1)
  52 L   0.79963 0.11453 0.07392 0.01193 ( 1)
  53 C   0.84653 0.08316 0.06283 0.00748 ( 1)
  54 L   0.79984 0.11432 0.07394 0.01191 ( 1)
  55 Y   0.75028 0.14617 0.08589 0.01766 ( 1)
  56 Y   0.09577 0.28963 0.51024 0.10436 ( 3)
  57 H   0.79373 0.11836 0.07536 0.01255 ( 1)
  58 E   0.74060 0.15216 0.08830 0.01894 ( 1)
  59 P   0.76232 0.13842 0.08309 0.01616 ( 1)
  60 V   0.21591 0.67405 0.02522 0.08483 ( 2)
  61 S   0.81054 0.10744 0.07121 0.01081 ( 1)
  62 S   0.78786 0.12630 0.07272 0.01313 ( 1)
  63 D   0.72405 0.16263 0.09212 0.02120 ( 1)
  64 K   0.76145 0.13905 0.08324 0.01627 ( 1)
  65 A   0.03641 0.86599 0.00334 0.09426 ( 2)
  66 A   0.00164 0.36625 0.18230 0.44981 ( 4)
  67 Q   0.73933 0.15340 0.08820 0.01907 ( 1)
  68 K   0.76145 0.13905 0.08324 0.01627 ( 1)
  69 Q   0.02840 0.16436 0.66299 0.14424 ( 3)
  70 F   0.10054 0.30015 0.49744 0.10187 ( 3)
  71 Q   0.73899 0.15390 0.08803 0.01909 ( 1)
  72 M   0.02602 0.85730 0.00315 0.11353 ( 2)
  73 K   0.76145 0.13905 0.08324 0.01627 ( 1)
  74 E   0.74348 0.15076 0.08721 0.01854 ( 1)
  75 I   0.74948 0.14698 0.08577 0.01777 ( 1)
  76 V   0.75296 0.14672 0.08305 0.01727 ( 1)
  77 L   0.70077 0.17736 0.09726 0.02461 ( 1)
  78 E   0.73960 0.15315 0.08819 0.01906 ( 1)
  79 F   0.71804 0.15879 0.10096 0.02221 ( 1)
  80 D   0.19428 0.67985 0.02756 0.09831 ( 2)
  81 E   0.72662 0.15212 0.10027 0.02099 ( 1)
  82 E   0.72662 0.15212 0.10027 0.02099 ( 1)
  83 G   0.77610 0.11410 0.09535 0.01445 ( 1)
  84 S   0.73561 0.14515 0.09951 0.01973 ( 1)
  85 L   0.69389 0.17769 0.10261 0.02581 ( 1)
  86 Y   0.73265 0.14745 0.09976 0.02014 ( 1)
  87 V   0.24757 0.63646 0.03137 0.08460 ( 2)
  88 L   0.76955 0.11945 0.09574 0.01527 ( 1)
  89 K   0.73890 0.14261 0.09922 0.01928 ( 1)
  90 G   0.81130 0.08775 0.09058 0.01037 ( 1)
  91 D   0.71109 0.16421 0.10147 0.02323 ( 1)
  92 R   0.74112 0.14088 0.09902 0.01898 ( 1)
  93 T   0.73691 0.14414 0.09940 0.01955 ( 1)
  94 I   0.74057 0.14131 0.09907 0.01905 ( 1)
  95 E   0.72367 0.15441 0.10051 0.02141 ( 1)
  96 F   0.71804 0.15879 0.10096 0.02221 ( 1)
  97 D   0.71109 0.16421 0.10147 0.02323 ( 1)
  98 G   0.77904 0.11187 0.09500 0.01409 ( 1)
  99 E   0.72367 0.15441 0.10051 0.02141 ( 1)
 100 F   0.71804 0.15879 0.10096 0.02221 ( 1)
 101 A   0.74738 0.13744 0.09705 0.01813 ( 1)
 102 A   0.74433 0.13840 0.09872 0.01854 ( 1)
 103 D   0.71109 0.16421 0.10147 0.02323 ( 1)
 104 V   0.76216 0.12471 0.09693 0.01620 ( 1)
 105 L   0.70584 0.16835 0.10181 0.02400 ( 1)
 106 V   0.72577 0.15278 0.10035 0.02111 ( 1)
 107 E   0.72367 0.15441 0.10051 0.02141 ( 1)
 108 F   0.71822 0.15861 0.10098 0.02219 ( 1)
 109 L   0.76962 0.11902 0.09611 0.01525 ( 1)
 110 L   0.70584 0.16835 0.10181 0.02400 ( 1)
 111 D   0.71397 0.16223 0.10100 0.02280 ( 1)
