Supplemental results for CODEML (seqf: /home/leticiamagpali/phd/evol_models/codeml/small_dataset/cml_align/HTT_codon_aligned.phy  treef: /home/leticiamagpali/phd/evol_models/codeml/small_dataset/cml_trees/gene_trees/H3_gene_trees/HTT_codon_H3.tre)

I	J	ij	2Ns_IJ	pMut_IJ	pSub_IJ	2Ns_JI	pMut_JI	pSub_JI

TTC	TTT	CT	0.41530	0.04772	0.05831	-0.41530	0.07228	0.05831
TTA	TTT	AT	0.88484	0.00393	0.00592	-0.88484	0.00952	0.00592
TTA	TTC	AC	0.46954	0.00781	0.00978	-0.46954	0.01249	0.00978
TTG	TTT	GT	0.49000	0.00852	0.01078	-0.49000	0.01391	0.01078
TTG	TTC	GC	0.07470	0.01693	0.01757	-0.07470	0.01824	0.01757
TTG	TTA	GA	-0.39484	0.07180	0.05856	0.39484	0.04838	0.05856
TCT	TTT	CT	0.44674	0.04624	0.05733	-0.44674	0.07228	0.05733
TCC	TTC	CT	0.59740	0.05215	0.06926	-0.59740	0.09477	0.06926
TCC	TCT	CT	0.56595	0.05215	0.06829	-0.56595	0.09184	0.06829
TCA	TTA	CT	0.27903	0.03351	0.03841	-0.27903	0.04430	0.03841
TCA	TCT	AT	0.71713	0.00591	0.00827	-0.71713	0.01210	0.00827
TCA	TCC	AC	0.15117	0.01173	0.01264	-0.15117	0.01364	0.01264
TCG	TTG	CT	1.71816	0.01723	0.03608	-1.71816	0.09605	0.03608
TCG	TCT	GT	1.76142	0.00304	0.00646	-1.76142	0.01767	0.00646
TCG	TCC	GC	1.19547	0.00603	0.01034	-1.19547	0.01993	0.01034
TCG	TCA	GA	1.04429	0.02558	0.04123	-1.04429	0.07269	0.04123
TAT	TTT	AT	1.28691	0.00263	0.00467	-1.28691	0.00952	0.00467
TAT	TCT	AC	0.84017	0.00522	0.00772	-0.84017	0.01210	0.00772
TAC	TTC	AT	0.54944	0.00721	0.00937	-0.54944	0.01249	0.00937
TAC	TCC	AC	-0.04796	0.01432	0.01397	0.04796	0.01364	0.01397
TAC	TAT	CT	-0.32217	0.04090	0.03466	0.32217	0.02963	0.03466
TGT	TTT	GT	1.06719	0.00479	0.00778	-1.06719	0.01391	0.00778
TGT	TCT	GC	0.62045	0.00950	0.01275	-0.62045	0.01767	0.01275
TGT	TAT	GA	-0.21972	0.04032	0.03605	0.21972	0.03236	0.03605
TGC	TTC	GT	1.09642	0.00609	0.01003	-1.09642	0.01824	0.01003
TGC	TCC	GC	0.49903	0.01210	0.01537	-0.49903	0.01993	0.01537
TGC	TAC	GA	0.54698	0.05134	0.06665	-0.54698	0.08871	0.06665
TGC	TGT	CT	0.44453	0.03457	0.04283	-0.44453	0.05393	0.04283
TGG	TTG	GT	1.34315	0.00483	0.00877	-1.34315	0.01849	0.00877
TGG	TCG	GC	-0.37501	0.00958	0.00790	0.37501	0.00659	0.00790
TGG	TGT	GT	0.76596	0.00483	0.00691	-0.76596	0.01038	0.00691
TGG	TGC	GC	0.32143	0.00958	0.01121	-0.32143	0.01322	0.01121
CTT	TTT	CT	0.43291	0.04688	0.05776	-0.43291	0.07228	0.05776
CTC	TTC	CT	0.27387	0.07207	0.08238	-0.27387	0.09477	0.08238
CTC	CTT	CT	0.25626	0.07207	0.08169	-0.25626	0.09311	0.08169
CTA	TTA	CT	1.02198	0.01594	0.02545	-1.02198	0.04430	0.02545
CTA	CTT	AT	1.47391	0.00281	0.00537	-1.47391	0.01227	0.00537
CTA	CTC	AC	1.21765	0.00558	0.00965	-1.21765	0.01886	0.00965
CTG	TTG	CT	-0.45908	0.15201	0.11978	0.45908	0.09605	0.11978
CTG	CTT	GT	-0.40200	0.02679	0.02176	0.40200	0.01792	0.02176
CTG	CTC	GC	-0.65826	0.05320	0.03760	0.65826	0.02755	0.03760
CTG	CTA	GA	-1.87591	0.22570	0.07661	1.87591	0.03458	0.07661
CCT	TCT	CT	0.87690	0.03821	0.05738	-0.87690	0.09184	0.05738
CCT	CTT	CT	0.89073	0.03821	0.05772	-0.89073	0.09311	0.05772
CCC	TCC	CT	0.78216	0.04737	0.06829	-0.78216	0.10357	0.06829
CCC	CTC	CT	1.10568	0.04737	0.07830	-1.10568	0.14313	0.07830
CCC	CCT	CT	0.47121	0.04737	0.05941	-0.47121	0.07589	0.05941
CCA	TCA	CT	0.98562	0.02484	0.03906	-0.98562	0.06656	0.03906
CCA	CTA	CT	0.24266	0.02484	0.02798	-0.24266	0.03166	0.02798
CCA	CCT	AT	0.82584	0.00438	0.00643	-0.82584	0.01000	0.00643
CCA	CCC	AC	0.35464	0.00870	0.01033	-0.35464	0.01240	0.01033
CCG	TCG	CT	0.13572	0.02988	0.03195	-0.13572	0.03422	0.03195
CCG	CTG	CT	2.31297	0.02988	0.07670	-2.31297	0.30191	0.07670
CCG	CCT	GT	1.02024	0.00527	0.00840	-1.02024	0.01461	0.00840
CCG	CCC	GC	0.54903	0.01046	0.01359	-0.54903	0.01811	0.01359
CCG	CCA	GA	0.19440	0.04436	0.04882	-0.19440	0.05388	0.04882
CAT	TAT	CT	0.53567	0.01734	0.02240	-0.53567	0.02963	0.02240
CAT	CTT	AT	1.38967	0.00306	0.00566	-1.38967	0.01227	0.00566
CAT	CCT	AC	0.49894	0.00607	0.00771	-0.49894	0.01000	0.00771
CAC	TAC	CT	0.30953	0.05961	0.06931	-0.30953	0.08123	0.06931
CAC	CTC	AT	0.58510	0.01050	0.01388	-0.58510	0.01886	0.01388
CAC	CCC	AC	-0.52058	0.02086	0.01590	0.52058	0.01240	0.01590
CAC	CAT	CT	-0.54832	0.05961	0.04475	0.54832	0.03445	0.04475
CAA	CTA	AT	0.25998	0.00322	0.00365	-0.25998	0.00417	0.00365
CAA	CCA	AC	0.01732	0.00639	0.00644	-0.01732	0.00650	0.00644
CAA	CAT	AT	0.34421	0.00322	0.00380	-0.34421	0.00454	0.00380
CAA	CAC	AC	0.89253	0.00639	0.00966	-0.89253	0.01560	0.00966
CAG	CTG	AT	0.71042	0.01955	0.02731	-0.71042	0.03978	0.02731
CAG	CCG	AC	-1.60255	0.03882	0.01569	1.60255	0.00782	0.01569
CAG	CAT	GT	-1.08126	0.01955	0.01085	1.08126	0.00663	0.01085
CAG	CAC	GC	-0.53294	0.03882	0.02939	0.53294	0.02278	0.02939
CAG	CAA	GA	-1.42547	0.16469	0.07430	1.42547	0.03959	0.07430
CGT	TGT	CT	1.53768	0.01159	0.02270	-1.53768	0.05393	0.02270
CGT	CTT	GT	2.17196	0.00204	0.00501	-2.17196	0.01792	0.00501
CGT	CCT	GC	1.28123	0.00406	0.00719	-1.28123	0.01461	0.00719
CGT	CAT	GA	0.78229	0.01721	0.02480	-0.78229	0.03762	0.02480
CGC	TGC	CT	1.08783	0.02314	0.03796	-1.08783	0.06867	0.03796
CGC	CTC	GT	1.91038	0.00408	0.00914	-1.91038	0.02755	0.00914
CGC	CCC	GC	0.80470	0.00810	0.01179	-0.80470	0.01811	0.01179
CGC	CAC	GA	1.32528	0.03436	0.06201	-1.32528	0.12929	0.06201
CGC	CGT	CT	-0.00532	0.02314	0.02308	0.00532	0.02302	0.02308
CGA	CTA	GT	1.86110	0.00095	0.00209	-1.86110	0.00609	0.00209
CGA	CCA	GC	1.61843	0.00188	0.00380	-1.61843	0.00950	0.00380
CGA	CAA	GA	1.60112	0.00798	0.01601	-1.60112	0.03959	0.01601
CGA	CGT	AT	1.16305	0.00095	0.00160	-1.16305	0.00303	0.00160
CGA	CGC	AC	1.16837	0.00188	0.00319	-1.16837	0.00605	0.00319
CGG	TGG	CT	0.61545	0.02939	0.03935	-0.61545	0.05438	0.03935
CGG	CTG	GT	2.41768	0.00518	0.01375	-2.41768	0.05810	0.01375
CGG	CCG	GC	0.10471	0.01029	0.01083	-0.10471	0.01142	0.01083
CGG	CAG	GA	1.70727	0.04363	0.09100	-1.70727	0.24059	0.09100
CGG	CGT	GT	-0.15628	0.00518	0.00478	0.15628	0.00443	0.00478
CGG	CGC	GC	-0.15096	0.01029	0.00953	0.15096	0.00884	0.00953
CGG	CGA	GA	-1.31932	0.04363	0.02100	1.31932	0.01166	0.02100
ATT	TTT	AT	0.45422	0.00605	0.00752	-0.45422	0.00952	0.00752
ATT	CTT	AC	0.02131	0.01201	0.01214	-0.02131	0.01227	0.01214
ATC	TTC	AT	0.08233	0.01150	0.01198	-0.08233	0.01249	0.01198
ATC	CTC	AC	-0.19154	0.02284	0.02072	0.19154	0.01886	0.02072
ATC	ATT	CT	0.04341	0.06525	0.06667	-0.04341	0.06814	0.06667
ATA	TTA	AT	0.64685	0.00306	0.00415	-0.64685	0.00584	0.00415
ATA	CTA	AC	-0.37514	0.00607	0.00500	0.37514	0.00417	0.00500
ATA	ATT	AT	1.07746	0.00306	0.00499	-1.07746	0.00898	0.00499
ATA	ATC	AC	1.03405	0.00607	0.00974	-1.03405	0.01707	0.00974
ATG	TTG	AT	0.23367	0.01002	0.01123	-0.23367	0.01265	0.01123
ATG	CTG	AC	0.69276	0.01990	0.02758	-0.69276	0.03978	0.02758
ATG	ATT	GT	0.26944	0.01002	0.01143	-0.26944	0.01311	0.01143
ATG	ATC	GC	0.22604	0.01990	0.02223	-0.22604	0.02494	0.02223
ATG	ATA	GA	-0.80802	0.08440	0.05484	0.80802	0.03762	0.05484
ACT	TCT	AT	0.97769	0.00455	0.00713	-0.97769	0.01210	0.00713
ACT	CCT	AC	0.10078	0.00904	0.00950	-0.10078	0.01000	0.00950
ACT	ATT	CT	0.97020	0.02583	0.04035	-0.97020	0.06814	0.04035
ACC	TCC	AT	0.19640	0.01121	0.01235	-0.19640	0.01364	0.01235
ACC	CCC	AC	-0.58575	0.02227	0.01638	0.58575	0.01240	0.01638
ACC	ATC	CT	0.71146	0.06362	0.08891	-0.71146	0.12959	0.08891
ACC	ACT	CT	-0.21533	0.06362	0.05702	0.21533	0.05130	0.05702
ACA	TCA	AT	0.77070	0.00406	0.00582	-0.77070	0.00877	0.00582
ACA	CCA	AC	-0.21492	0.00806	0.00722	0.21492	0.00650	0.00722
ACA	ATA	CT	0.40289	0.02302	0.02797	-0.40289	0.03445	0.02797
ACA	ACT	AT	0.51014	0.00406	0.00518	-0.51014	0.00676	0.00518
ACA	ACC	AC	0.72547	0.00806	0.01133	-0.72547	0.01665	0.01133
ACG	TCG	AT	-0.27113	0.00591	0.00515	0.27113	0.00451	0.00515
ACG	CCG	AC	-0.40685	0.01174	0.00952	0.40685	0.00782	0.00952
ACG	ATG	CT	1.21336	0.03355	0.05793	-1.21336	0.11290	0.05793
ACG	ACT	GT	0.51260	0.00591	0.00756	-0.51260	0.00987	0.00756
ACG	ACC	GC	0.72793	0.01174	0.01653	-0.72793	0.02432	0.01653
ACG	ACA	GA	0.00246	0.04982	0.04988	-0.00246	0.04994	0.04988
AAT	TAT	AT	0.12747	0.00344	0.00366	-0.12747	0.00390	0.00366
AAT	CAT	AC	-0.40820	0.00683	0.00553	0.40820	0.00454	0.00553
AAT	ATT	AT	0.96016	0.00344	0.00535	-0.96016	0.00898	0.00535
AAT	ACT	AC	-0.01004	0.00683	0.00679	0.01004	0.00676	0.00679
AAC	TAC	AT	0.49654	0.00651	0.00826	-0.49654	0.01070	0.00826
AAC	CAC	AC	0.18701	0.01294	0.01418	-0.18701	0.01560	0.01418
AAC	ATC	AT	0.96365	0.00651	0.01015	-0.96365	0.01707	0.01015
AAC	ACC	AC	0.25219	0.01294	0.01464	-0.25219	0.01665	0.01464
AAC	AAT	CT	0.04690	0.03696	0.03783	-0.04690	0.03873	0.03783
AAA	CAA	AC	-0.91979	0.01198	0.00730	0.91979	0.00478	0.00730
AAA	ATA	AT	-0.28467	0.00603	0.00521	0.28467	0.00454	0.00521
AAA	ACA	AC	-0.68756	0.01198	0.00833	0.68756	0.00602	0.00833
AAA	AAT	AT	-0.16737	0.00603	0.00554	0.16737	0.00510	0.00554
AAA	AAC	AC	-0.21427	0.01198	0.01074	0.21427	0.00967	0.01074
AAG	CAG	AC	0.47041	0.01813	0.02273	-0.47041	0.02902	0.02273
AAG	ATG	AT	0.48807	0.00913	0.01154	-0.48807	0.01487	0.01154
AAG	ACG	AC	-0.72529	0.01813	0.01234	0.72529	0.00878	0.01234
AAG	AAT	GT	-0.20265	0.00913	0.00824	0.20265	0.00745	0.00824
AAG	AAC	GC	-0.24954	0.01813	0.01596	0.24954	0.01413	0.01596
AAG	AAA	GA	-0.03527	0.07692	0.07557	0.03527	0.07425	0.07557
AGT	TGT	AT	0.35564	0.00498	0.00592	-0.35564	0.00710	0.00592
AGT	CGT	AC	-1.18204	0.00989	0.00517	1.18204	0.00303	0.00517
AGT	ATT	GT	0.96861	0.00498	0.00777	-0.96861	0.01311	0.00777
AGT	ACT	GC	-0.00160	0.00989	0.00988	0.00160	0.00987	0.00988
AGT	AAT	GA	0.00844	0.04195	0.04212	-0.00844	0.04230	0.04212
AGC	TGC	AT	-0.37528	0.01317	0.01085	0.37528	0.00905	0.01085
AGC	CGC	AC	-1.46311	0.02615	0.01153	1.46311	0.00605	0.01153
AGC	ATC	GT	0.63880	0.01317	0.01782	-0.63880	0.02494	0.01782
AGC	ACC	GC	-0.07266	0.02615	0.02521	0.07266	0.02432	0.02521
AGC	AAC	GA	-0.32485	0.11094	0.09389	0.32485	0.08017	0.09389
AGC	AGT	CT	-0.28639	0.07472	0.06453	0.28639	0.05611	0.06453
AGA	CGA	AC	-1.99565	0.01035	0.00325	1.99565	0.00141	0.00325
AGA	ATA	GT	0.24059	0.00521	0.00586	-0.24059	0.00663	0.00586
AGA	ACA	GC	-0.16230	0.01035	0.00953	0.16230	0.00880	0.00953
AGA	AAA	GA	0.52526	0.04391	0.05645	-0.52526	0.07425	0.05645
AGA	AGT	AT	0.34944	0.00521	0.00618	-0.34944	0.00739	0.00618
AGA	AGC	AC	0.63583	0.01035	0.01399	-0.63583	0.01955	0.01399
AGG	TGG	AT	-0.03342	0.00741	0.00728	0.03342	0.00716	0.00728
AGG	CGG	AC	-0.64886	0.01471	0.01045	0.64886	0.00769	0.01045
AGG	ATG	GT	1.07606	0.00741	0.01209	-1.07606	0.02173	0.01209
AGG	ACG	GC	-0.13730	0.01471	0.01373	0.13730	0.01283	0.01373
AGG	AAG	GA	0.58799	0.06241	0.08255	-0.58799	0.11237	0.08255
AGG	AGT	GT	0.37690	0.00741	0.00889	-0.37690	0.01080	0.00889
AGG	AGC	GC	0.66330	0.01471	0.02013	-0.66330	0.02856	0.02013
AGG	AGA	GA	0.02746	0.06241	0.06327	-0.02746	0.06415	0.06327
GTT	TTT	GT	0.96897	0.00528	0.00824	-0.96897	0.01391	0.00824
GTT	CTT	GC	0.53605	0.01048	0.01354	-0.53605	0.01792	0.01354
GTT	ATT	GA	0.51474	0.04448	0.05690	-0.51474	0.07442	0.05690
GTC	TTC	GT	0.46366	0.01147	0.01434	-0.46366	0.01824	0.01434
GTC	CTC	GC	0.18979	0.02279	0.02502	-0.18979	0.02755	0.02502
GTC	ATC	GA	0.38133	0.09666	0.11625	-0.38133	0.14153	0.11625
GTC	GTT	CT	-0.09001	0.06510	0.06221	0.09001	0.05949	0.06221
GTA	TTA	GT	1.49673	0.00191	0.00368	-1.49673	0.00853	0.00368
GTA	CTA	GC	0.47474	0.00379	0.00476	-0.47474	0.00609	0.00476
GTA	ATA	GA	0.84988	0.01608	0.02387	-0.84988	0.03762	0.02387
GTA	GTT	AT	1.41260	0.00191	0.00356	-1.41260	0.00784	0.00356
GTA	GTC	AC	1.50260	0.00379	0.00733	-1.50260	0.01703	0.00733
GTG	TTG	GT	-0.00293	0.01854	0.01851	0.00293	0.01849	0.01851
GTG	CTG	GC	0.45616	0.03682	0.04586	-0.45616	0.05810	0.04586
GTG	ATG	GA	-0.23660	0.15620	0.13845	0.23660	0.12329	0.13845
GTG	GTT	GT	-0.48190	0.01854	0.01443	0.48190	0.01145	0.01443
GTG	GTC	GC	-0.39189	0.03682	0.03008	0.39189	0.02488	0.03008
GTG	GTA	GA	-1.89449	0.15620	0.05238	1.89449	0.02349	0.05238
GCT	TCT	GT	0.62754	0.00944	0.01271	-0.62754	0.01767	0.01271
GCT	CCT	GC	-0.24936	0.01874	0.01650	0.24936	0.01461	0.01650
GCT	ACT	GA	-0.35015	0.07951	0.06640	0.35015	0.05602	0.06640
GCT	GTT	CT	0.10531	0.05355	0.05642	-0.10531	0.05949	0.05642
GCC	TCC	GT	0.26521	0.01529	0.01741	-0.26521	0.01993	0.01741
GCC	CCC	GC	-0.51695	0.03037	0.02319	0.51695	0.01811	0.02319
GCC	ACC	GA	0.06881	0.12882	0.13330	-0.06881	0.13800	0.13330
GCC	GTC	CT	0.39895	0.08676	0.10521	-0.39895	0.12929	0.10521
GCC	GCT	CT	0.20363	0.08676	0.09589	-0.20363	0.10635	0.09589
GCA	TCA	GT	0.54058	0.00746	0.00966	-0.54058	0.01281	0.00966
GCA	CCA	GC	-0.44504	0.01482	0.01177	0.44504	0.00950	0.01177
GCA	ACA	GA	-0.23012	0.06286	0.05591	0.23012	0.04994	0.05591
GCA	GTA	CT	-0.67711	0.04234	0.02961	0.67711	0.02151	0.02961
GCA	GCT	AT	0.63017	0.00746	0.01006	-0.63017	0.01401	0.01006
GCA	GCC	AC	0.42655	0.01482	0.01820	-0.42655	0.02270	0.01820
GCG	TCG	GT	0.31812	0.00479	0.00559	-0.31812	0.00659	0.00559
GCG	CCG	GC	0.18240	0.00952	0.01041	-0.18240	0.01142	0.01041
GCG	ACG	GA	0.58925	0.04037	0.05343	-0.58925	0.07278	0.05343
GCG	GTG	CT	2.03921	0.02719	0.06374	-2.03921	0.20894	0.06374
GCG	GCT	GT	1.45200	0.00479	0.00908	-1.45200	0.02047	0.00908
GCG	GCC	GC	1.24837	0.00952	0.01666	-1.24837	0.03316	0.01666
GCG	GCA	GA	0.82183	0.04037	0.05921	-0.82183	0.09183	0.05921
GAT	TAT	GT	-0.25877	0.00739	0.00647	0.25877	0.00570	0.00647
GAT	CAT	GC	-0.79444	0.01467	0.00961	0.79444	0.00663	0.00961
GAT	AAT	GA	-0.38624	0.06225	0.05100	0.38624	0.04230	0.05100
GAT	GTT	AT	0.05918	0.00739	0.00761	-0.05918	0.00784	0.00761
GAT	GCT	AC	-0.04613	0.01467	0.01434	0.04613	0.01401	0.01434
GAC	TAC	GT	0.04612	0.01493	0.01528	-0.04612	0.01563	0.01528
GAC	CAC	GC	-0.26342	0.02965	0.02592	0.26342	0.02278	0.02592
GAC	AAC	GA	-0.45043	0.12578	0.09957	0.45043	0.08017	0.09957
GAC	GTC	AT	0.13190	0.01493	0.01594	-0.13190	0.01703	0.01594
GAC	GCC	AC	-0.26705	0.02965	0.02587	0.26705	0.02270	0.02587
GAC	GAT	CT	-0.01729	0.08471	0.08398	0.01729	0.08326	0.08398
GAA	CAA	GC	-0.95652	0.01816	0.01084	0.95652	0.00698	0.01084
GAA	AAA	GA	-0.03674	0.07703	0.07563	0.03674	0.07425	0.07563
GAA	GTA	AT	-1.17128	0.00914	0.00481	1.17128	0.00283	0.00481
GAA	GCA	AC	-0.49417	0.01816	0.01404	0.49417	0.01108	0.01404
GAA	GAT	AT	0.18213	0.00914	0.01000	-0.18213	0.01097	0.01000
GAA	GAC	AC	0.19942	0.01816	0.02003	-0.19942	0.02217	0.02003
GAG	CAG	GC	0.16766	0.03585	0.03894	-0.16766	0.04240	0.03894
GAG	AAG	GA	-0.30275	0.15210	0.13023	0.30275	0.11237	0.13023
GAG	GTG	AT	0.42192	0.01805	0.02213	-0.42192	0.02753	0.02213
GAG	GCG	AC	-1.61729	0.03585	0.01436	1.61729	0.00711	0.01436
GAG	GAT	GT	-0.11916	0.01805	0.01700	0.11916	0.01602	0.01700
GAG	GAC	GC	-0.10187	0.03585	0.03406	0.10187	0.03238	0.03406
GAG	GAA	GA	-0.30129	0.15210	0.13033	0.30129	0.11253	0.13033
GGT	TGT	GT	1.39353	0.00258	0.00477	-1.39353	0.01038	0.00477
GGT	CGT	GC	-0.14415	0.00512	0.00476	0.14415	0.00443	0.00476
GGT	AGT	GA	1.03789	0.02170	0.03488	-1.03789	0.06128	0.03488
GGT	GTT	GT	1.49175	0.00258	0.00496	-1.49175	0.01145	0.00496
GGT	GCT	GC	1.38644	0.00512	0.00946	-1.38644	0.02047	0.00946
GGT	GAT	GA	1.43257	0.02170	0.04084	-1.43257	0.09093	0.04084
GGC	TGC	GT	0.53313	0.00775	0.01000	-0.53313	0.01322	0.01000
GGC	CGC	GC	-0.55470	0.01540	0.01152	0.55470	0.00884	0.01152
GGC	AGC	GA	0.90841	0.06534	0.09945	-0.90841	0.16206	0.09945
GGC	GTC	GT	1.16589	0.00775	0.01313	-1.16589	0.02488	0.01313
GGC	GCC	GC	0.76695	0.01540	0.02206	-0.76695	0.03316	0.02206
GGC	GAC	GA	1.03399	0.06534	0.10484	-1.03399	0.18375	0.10484
GGC	GGT	CT	-0.41587	0.04400	0.03549	0.41587	0.02903	0.03549
GGA	CGA	GC	-1.55185	0.00970	0.00405	1.55185	0.00206	0.00405
GGA	AGA	GA	0.44380	0.04116	0.05097	-0.44380	0.06415	0.05097
GGA	GTA	GT	-0.16550	0.00489	0.00449	0.16550	0.00414	0.00449
GGA	GCA	GC	0.51162	0.00970	0.01240	-0.51162	0.01618	0.01240
GGA	GAA	GA	1.00579	0.04116	0.06527	-1.00579	0.11253	0.06527
GGA	GGT	AT	-0.24465	0.00489	0.00431	0.24465	0.00382	0.00431
GGA	GGC	AC	0.17122	0.00970	0.01056	-0.17122	0.01151	0.01056
GGG	TGG	GT	0.41072	0.00694	0.00846	-0.41072	0.01047	0.00846
GGG	CGG	GC	-0.20472	0.01379	0.01242	0.20472	0.01123	0.01242
GGG	AGG	GA	0.44414	0.05848	0.07242	-0.44414	0.09118	0.07242
GGG	GTG	GT	1.75680	0.00694	0.01474	-1.75680	0.04021	0.01474
GGG	GCG	GC	-0.28241	0.01379	0.01193	0.28241	0.01039	0.01193
GGG	GAG	GA	1.33488	0.05848	0.10594	-1.33488	0.22219	0.10594
GGG	GGT	GT	-0.21685	0.00694	0.00622	0.21685	0.00559	0.00622
GGG	GGC	GC	0.19902	0.01379	0.01520	-0.19902	0.01682	0.01520
GGG	GGA	GA	0.02781	0.05848	0.05929	-0.02781	0.06013	0.05929


Histograms
2Ns	FMut	FSub(CodonUsage)	FSubw(after w)

-2.30255	0.02140	0.00599
-2.07230	0.01410	0.00477
-1.84204	0.02814	0.01070
-1.61179	0.03267	0.01422
-1.38153	0.04842	0.02512
-1.15128	0.03959	0.02389
-0.92102	0.07194	0.04851
-0.69077	0.06731	0.05261
-0.46051	0.14489	0.12759
-0.23026	0.11911	0.11699
0.00000	0.12496	0.13923
0.23026	0.09303	0.11699
0.46051	0.09208	0.12759
0.69077	0.03440	0.05261
0.92102	0.02833	0.04851
1.15128	0.01289	0.02389
1.38153	0.01226	0.02512
1.61179	0.00624	0.01422
1.84204	0.00434	0.01070
2.07230	0.00182	0.00477
2.30255	0.00208	0.00599

Proportion of advantageous (S > 0) mutations:
 0.34850

Proportions of good & bad mutations (|S| > 2.0000) among mutations:
0.00382  0.03488

mean |Ns| = 0.68256	mean Ns+ = 0.50171	mean Ns- = -0.77930


MLEs of dN/dS (w) for site classes (K=3)

site class             0         1         2
proportion        0.20742   0.13783   0.65476
branch type 0:    0.00002   1.00000   0.06944
branch type 1:    0.00002   1.00000   0.00000

Naive Empirical Bayes (NEB) probabilities for 3 classes
(amino acids refer to 1st sequence: Bbon)

   1 N   0.24158 0.04709 0.71134 ( 3)
   2 S   0.22713 0.08087 0.69200 ( 3)
   3 P   0.22974 0.07419 0.69608 ( 3)
   4 E   0.22967 0.07440 0.69593 ( 3)
   5 F   0.23223 0.06802 0.69975 ( 3)
   6 Q   0.22056 0.09868 0.68076 ( 3)
   7 K   0.23470 0.06218 0.70312 ( 3)
   8 L   0.22655 0.08240 0.69105 ( 3)
   9 L   0.21548 0.11330 0.67122 ( 3)
  10 G   0.23896 0.05262 0.70843 ( 3)
  11 I   0.23092 0.07125 0.69783 ( 3)
  12 A   0.22676 0.08187 0.69138 ( 3)
  13 M   0.00004 0.53025 0.46970 ( 2)
  14 E   0.22967 0.07440 0.69593 ( 3)
  15 L   0.22639 0.08277 0.69083 ( 3)
  16 F   0.23223 0.06802 0.69975 ( 3)
  17 L   0.21548 0.11330 0.67122 ( 3)
  18 L   0.21548 0.11330 0.67122 ( 3)
  19 C   0.23356 0.06485 0.70160 ( 3)
  20 S   0.23160 0.06958 0.69881 ( 3)
  21 D   0.22906 0.07594 0.69500 ( 3)
  22 D   0.23010 0.07337 0.69652 ( 3)
  23 A   0.22638 0.08241 0.69120 ( 3)
  24 E   0.22805 0.07852 0.69343 ( 3)
  25 S   0.22517 0.08530 0.68954 ( 3)
  26 D   0.22906 0.07594 0.69500 ( 3)
  27 V   0.23248 0.06744 0.70008 ( 3)
  28 R   0.23568 0.05991 0.70441 ( 3)
  29 M   0.23967 0.05111 0.70922 ( 3)
  30 V   0.22469 0.08736 0.68795 ( 3)
  31 A   0.22703 0.08092 0.69205 ( 3)
  32 D   0.23046 0.07240 0.69713 ( 3)
  33 E   0.22805 0.07852 0.69343 ( 3)
  34 C   0.23356 0.06485 0.70160 ( 3)
  35 L   0.22626 0.08314 0.69059 ( 3)
  36 N   0.24410 0.04214 0.71376 ( 3)
  37 K   0.00004 0.56438 0.43558 ( 2)
  38 V   0.23248 0.06744 0.70008 ( 3)
  39 I   0.24318 0.04368 0.71313 ( 3)
  40 K   0.23389 0.06391 0.70221 ( 3)
  41 -   0.23783 0.05718 0.70499 ( 3)
  42 -   0.23327 0.06738 0.69935 ( 3)
  43 -   0.22285 0.09349 0.68367 ( 3)
  44 -   0.22619 0.08469 0.68912 ( 3)
  45 -   0.23242 0.06935 0.69823 ( 3)
  46 -   0.22549 0.08654 0.68797 ( 3)
  47 -   0.21384 0.11865 0.66752 ( 3)
  48 -   0.23429 0.06500 0.70071 ( 3)
  49 -   0.22285 0.09349 0.68367 ( 3)
  50 -   0.22489 0.08809 0.68702 ( 3)
  51 -   0.21370 0.11903 0.66727 ( 3)
  52 -   0.22288 0.09333 0.68379 ( 3)
  53 -   0.23041 0.07418 0.69541 ( 3)
  54 -   0.22745 0.08148 0.69107 ( 3)
  55 -   0.22489 0.08809 0.68702 ( 3)
  56 -   0.22392 0.09064 0.68544 ( 3)
  57 -   0.21370 0.11903 0.66727 ( 3)
  58 -   0.22285 0.09349 0.68367 ( 3)
  59 -   0.22596 0.08530 0.68874 ( 3)
  60 -   0.22219 0.09520 0.68261 ( 3)
  61 -   0.22953 0.07632 0.69415 ( 3)
  62 -   0.23242 0.06935 0.69823 ( 3)
  63 -   0.22619 0.08469 0.68912 ( 3)
  64 -   0.21777 0.10739 0.67484 ( 3)
  65 -   0.22956 0.07626 0.69418 ( 3)
  66 -   0.22859 0.07865 0.69276 ( 3)
  67 -   0.23041 0.07418 0.69541 ( 3)
  68 P   0.22990 0.07361 0.69650 ( 3)
  69 Y   0.23166 0.06924 0.69910 ( 3)
  70 L   0.22008 0.09993 0.68000 ( 3)
  71 V   0.24043 0.04924 0.71033 ( 3)
  72 N   0.24289 0.04425 0.71287 ( 3)
  73 L   0.22583 0.08414 0.69003 ( 3)
  74 L   0.22008 0.09993 0.68000 ( 3)
  75 P   0.22990 0.07361 0.69650 ( 3)
  76 C   0.23203 0.06829 0.69968 ( 3)
  77 L   0.21516 0.11420 0.67065 ( 3)
  78 T   0.23258 0.06709 0.70033 ( 3)
  79 R   0.23905 0.05217 0.70879 ( 3)
  80 T   0.23390 0.06387 0.70223 ( 3)
  81 S   0.22910 0.07566 0.69523 ( 3)
  82 K   0.23600 0.05896 0.70504 ( 3)
  83 R   0.23361 0.06448 0.70191 ( 3)
  84 P   0.23178 0.06890 0.69932 ( 3)
  85 E   0.22749 0.07986 0.69265 ( 3)
  86 E   0.22729 0.08034 0.69237 ( 3)
  87 S   0.22640 0.08264 0.69096 ( 3)
  88 V   0.23158 0.06944 0.69898 ( 3)
  89 Q   0.22005 0.10002 0.67993 ( 3)
  90 E   0.22729 0.08034 0.69237 ( 3)
  91 T   0.23211 0.06815 0.69975 ( 3)
  92 L   0.22008 0.09993 0.68000 ( 3)
  93 A   0.22607 0.08348 0.69045 ( 3)
  94 A   0.22832 0.07712 0.69456 ( 3)
  95 A   0.22657 0.08212 0.69131 ( 3)
  96 V   0.23158 0.06944 0.69898 ( 3)
  97 P   0.22990 0.07361 0.69650 ( 3)
  98 K   0.23600 0.05896 0.70504 ( 3)
  99 I   0.00004 0.60116 0.39881 ( 2)
 100 M   0.23858 0.05324 0.70819 ( 3)
 101 A   0.22604 0.08362 0.69034 ( 3)
 102 S   0.22643 0.08252 0.69105 ( 3)
 103 F   0.23202 0.06836 0.69961 ( 3)
 104 G   0.23788 0.05474 0.70738 ( 3)
 105 N   0.24095 0.04808 0.71097 ( 3)
 106 F   0.23135 0.06996 0.69869 ( 3)
 107 A   0.22537 0.08539 0.68924 ( 3)
 108 N   0.24289 0.04425 0.71287 ( 3)
 109 D   0.22963 0.07433 0.69604 ( 3)
 110 S   0.00005 0.50225 0.49770 ( 2)
 111 E   0.22870 0.07680 0.69450 ( 3)
 112 I   0.23111 0.07104 0.69785 ( 3)
 113 K   0.23682 0.05760 0.70559 ( 3)
 114 V   0.23320 0.06665 0.70015 ( 3)
 115 L   0.21551 0.11319 0.67130 ( 3)
 116 L   0.22385 0.08979 0.68636 ( 3)
 117 K   0.23697 0.05697 0.70605 ( 3)
 118 A   0.22697 0.08114 0.69189 ( 3)
 119 F   0.23367 0.06457 0.70176 ( 3)
 120 I   0.24440 0.04158 0.71402 ( 3)
 121 A   0.23869 0.05317 0.70814 ( 3)
 122 N   0.24155 0.04718 0.71127 ( 3)
 123 L   0.21548 0.11330 0.67122 ( 3)
 124 K   0.23703 0.05686 0.70611 ( 3)
 125 S   0.00004 0.60320 0.39677 ( 2)
 126 S   0.22995 0.07365 0.69640 ( 3)
 127 S   0.22713 0.08087 0.69200 ( 3)
 128 P   0.23074 0.07167 0.69759 ( 3)
 129 T   0.23302 0.06613 0.70085 ( 3)
 130 V   0.00003 0.64510 0.35487 ( 2)
 131 R   0.23798 0.05472 0.70730 ( 3)
 132 R   0.23798 0.05472 0.70730 ( 3)
 133 T   0.23442 0.06286 0.70273 ( 3)
 134 A   0.23817 0.05438 0.70745 ( 3)
 135 A   0.22920 0.07556 0.69524 ( 3)
 136 G   0.00004 0.52694 0.47302 ( 2)
 137 S   0.23511 0.06117 0.70372 ( 3)
 138 A   0.23869 0.05317 0.70814 ( 3)
 139 V   0.22476 0.08718 0.68806 ( 3)
 140 S   0.22992 0.07376 0.69632 ( 3)
 141 I   0.00004 0.58645 0.41352 ( 2)
 142 C   0.23356 0.06485 0.70160 ( 3)
 143 Q   0.22056 0.09868 0.68076 ( 3)
 144 H   0.23048 0.07235 0.69717 ( 3)
 145 S   0.22923 0.07547 0.69530 ( 3)
 146 R   0.23557 0.06041 0.70402 ( 3)
 147 R   0.23557 0.06043 0.70400 ( 3)
 148 T   0.00000 0.95128 0.04872 ( 2)
 149 Q   0.22056 0.09868 0.68076 ( 3)
 150 Y   0.00004 0.58645 0.41351 ( 2)
 151 F   0.23252 0.06726 0.70022 ( 3)
 152 Y   0.23256 0.06724 0.70020 ( 3)
 153 S   0.22992 0.07376 0.69632 ( 3)
 154 W   0.22679 0.08172 0.69149 ( 3)
 155 L   0.21599 0.11155 0.67246 ( 3)
 156 L   0.22626 0.08314 0.69059 ( 3)
 157 S   0.23132 0.07024 0.69844 ( 3)
 158 V   0.22512 0.08559 0.68929 ( 3)
 159 L   0.22626 0.08314 0.69059 ( 3)
 160 L   0.00003 0.63604 0.36393 ( 2)
 161 G   0.24251 0.04523 0.71225 ( 3)
 162 L   0.22067 0.09836 0.68097 ( 3)
 163 L   0.21754 0.10694 0.67552 ( 3)
 164 V   0.23482 0.06192 0.70326 ( 3)
 165 P   0.23285 0.06653 0.70062 ( 3)
 166 V   0.22480 0.08708 0.68812 ( 3)
 167 E   0.22818 0.07820 0.69361 ( 3)
 168 E   0.22818 0.07820 0.69361 ( 3)
 169 E   0.22961 0.07454 0.69585 ( 3)
 170 H   0.00004 0.56461 0.43535 ( 2)
 171 S   0.22925 0.07559 0.69516 ( 3)
 172 T   0.00004 0.59037 0.40959 ( 2)
 173 L   0.22661 0.08224 0.69115 ( 3)
 174 L   0.21553 0.11315 0.67132 ( 3)
 175 I   0.23107 0.07092 0.69802 ( 3)
 176 L   0.22639 0.08284 0.69077 ( 3)
 177 G   0.23489 0.06176 0.70335 ( 3)
 178 V   0.22480 0.08708 0.68812 ( 3)
 179 L   0.21553 0.11315 0.67132 ( 3)
 180 L   0.22645 0.08267 0.69088 ( 3)
 181 T   0.23507 0.06129 0.70364 ( 3)
 182 L   0.22060 0.09857 0.68083 ( 3)
 183 R   0.23585 0.05955 0.70460 ( 3)
 184 Y   0.23701 0.05691 0.70608 ( 3)
 185 L   0.22067 0.09836 0.68097 ( 3)
 186 V   0.22480 0.08708 0.68812 ( 3)
 187 P   0.23293 0.06636 0.70071 ( 3)
 188 L   0.22067 0.09836 0.68097 ( 3)
 189 L   0.21553 0.11315 0.67132 ( 3)
 190 Q   0.22065 0.09845 0.68090 ( 3)
 191 Q   0.22065 0.09845 0.68090 ( 3)
 192 Q   0.22065 0.09845 0.68090 ( 3)
 193 V   0.23263 0.06710 0.70027 ( 3)
 194 K   0.23720 0.05651 0.70629 ( 3)
 195 D   0.23057 0.07216 0.69727 ( 3)
 196 T   0.23325 0.06566 0.70109 ( 3)
 197 S   0.23006 0.07343 0.69651 ( 3)
 198 L   0.21553 0.11315 0.67132 ( 3)
 199 K   0.23486 0.06183 0.70331 ( 3)
 200 G   0.23914 0.05226 0.70860 ( 3)
 201 S   0.23006 0.07343 0.69651 ( 3)
 202 F   0.23238 0.06769 0.69993 ( 3)
 203 G   0.23832 0.05403 0.70765 ( 3)
 204 V   0.22480 0.08708 0.68812 ( 3)
 205 T   0.23434 0.06314 0.70252 ( 3)
 206 R   0.23816 0.05436 0.70748 ( 3)
 207 K   0.23486 0.06183 0.70331 ( 3)
 208 E   0.22818 0.07820 0.69361 ( 3)
 209 M   0.23986 0.05075 0.70939 ( 3)
 210 E   0.22818 0.07820 0.69361 ( 3)
 211 V   0.23263 0.06710 0.70027 ( 3)
 212 S   0.22802 0.07848 0.69350 ( 3)
 213 P   0.23293 0.06636 0.70071 ( 3)
 214 S   0.23528 0.06082 0.70390 ( 3)
 215 T   0.23304 0.06611 0.70085 ( 3)
 216 E   0.22818 0.07820 0.69361 ( 3)
 217 Q   0.22065 0.09845 0.68090 ( 3)
 218 L   0.22663 0.08221 0.69116 ( 3)
 219 V   0.23249 0.06741 0.70010 ( 3)
 220 Q   0.22030 0.09935 0.68034 ( 3)
 221 V   0.22316 0.09202 0.68481 ( 3)
 222 Y   0.23107 0.07175 0.69718 ( 3)
 223 E   0.22771 0.08015 0.69214 ( 3)
 224 L   0.21864 0.10446 0.67690 ( 3)
 225 T   0.23096 0.07194 0.69710 ( 3)
 226 L   0.21938 0.10239 0.67823 ( 3)
 227 H   0.00004 0.57465 0.42531 ( 2)
 228 Y   0.23457 0.06334 0.70209 ( 3)
 229 T   0.23455 0.06339 0.70206 ( 3)
 230 Q   0.21971 0.10156 0.67873 ( 3)
 231 H   0.22914 0.07652 0.69433 ( 3)
 232 Q   0.22485 0.08778 0.68737 ( 3)
 233 D   0.22913 0.07658 0.69429 ( 3)
 234 H   0.22914 0.07652 0.69433 ( 3)
 235 N   0.23988 0.05182 0.70831 ( 3)
 236 V   0.23317 0.06674 0.70010 ( 3)
 237 V   0.22419 0.08860 0.68721 ( 3)
 238 T   0.23453 0.06359 0.70188 ( 3)
 239 G   0.23666 0.05875 0.70459 ( 3)
 240 A   0.22625 0.08384 0.68991 ( 3)
 241 L   0.21493 0.11522 0.66986 ( 3)
 242 E   0.22816 0.07900 0.69283 ( 3)
 243 L   0.22512 0.08686 0.68802 ( 3)
 244 L   0.21493 0.11522 0.66986 ( 3)
 245 Q   0.22022 0.10020 0.67958 ( 3)
 246 Q   0.22022 0.10020 0.67958 ( 3)
 247 L   0.22463 0.08806 0.68731 ( 3)
 248 L   0.22583 0.08510 0.68907 ( 3)
 249 R   0.23370 0.06565 0.70064 ( 3)
 250 T   0.23250 0.06847 0.69903 ( 3)
 251 P   0.23026 0.07387 0.69587 ( 3)
 252 P   0.22940 0.07590 0.69470 ( 3)
 253 P   0.23026 0.07387 0.69587 ( 3)
 254 E   0.22759 0.08059 0.69181 ( 3)
 255 L   0.22583 0.08510 0.68907 ( 3)
 256 L   0.21525 0.11432 0.67043 ( 3)
 257 R   0.23447 0.06386 0.70167 ( 3)
 258 A   0.00000 0.99818 0.00182 ( 2)
 259 L   0.21525 0.11432 0.67043 ( 3)
 260 T   0.23252 0.06842 0.69906 ( 3)
 261 T   0.23238 0.06875 0.69887 ( 3)
 262 A   0.00004 0.53418 0.46578 ( 2)
 263 G   0.23862 0.05468 0.70670 ( 3)
 264 G   0.23844 0.05503 0.70653 ( 3)
 265 I   0.23173 0.07031 0.69796 ( 3)
 266 G   0.00004 0.54148 0.45848 ( 2)
 267 Q   0.00000 0.96873 0.03127 ( 2)
 268 L   0.22583 0.08510 0.68907 ( 3)
 269 T   0.23585 0.06063 0.70351 ( 3)
 270 A   0.00004 0.61821 0.38175 ( 2)
 271 A   0.22644 0.08351 0.69006 ( 3)
 272 K   0.23651 0.05925 0.70424 ( 3)
 273 D   0.00004 0.62183 0.37813 ( 2)
 274 E   0.22759 0.08059 0.69181 ( 3)
 275 P   0.23224 0.06907 0.69870 ( 3)
 276 G   0.00005 0.49210 0.50785 ( 3)
 277 C   0.23305 0.06715 0.69979 ( 3)
 278 R   0.23370 0.06558 0.70071 ( 3)
 279 S   0.23114 0.07175 0.69711 ( 3)
 280 R   0.23877 0.05430 0.70693 ( 3)
 281 S   0.22944 0.07593 0.69463 ( 3)
 282 G   0.23421 0.06446 0.70133 ( 3)
 283 S   0.23079 0.07257 0.69664 ( 3)
 284 I   0.23173 0.07036 0.69791 ( 3)
 285 V   0.22427 0.08922 0.68651 ( 3)
 286 E   0.22759 0.08059 0.69181 ( 3)
 287 L   0.22611 0.08438 0.68951 ( 3)
 288 I   0.24391 0.04397 0.71212 ( 3)
 289 A   0.22183 0.09663 0.68154 ( 3)
 290 G   0.22823 0.08016 0.69161 ( 3)
 291 G   0.23106 0.07327 0.69567 ( 3)
 292 G   0.23477 0.06469 0.70054 ( 3)
 293 S   0.22213 0.09581 0.68206 ( 3)
 294 S   0.21997 0.10164 0.67838 ( 3)
 295 C   0.22727 0.08251 0.69021 ( 3)
 296 S   0.22433 0.09005 0.68562 ( 3)
 297 P   0.22500 0.08828 0.68672 ( 3)
 298 V   0.22639 0.08474 0.68887 ( 3)
 299 L   0.22167 0.09704 0.68129 ( 3)
 300 S   0.21977 0.10217 0.67806 ( 3)
 301 R   0.22816 0.08035 0.69150 ( 3)
 302 K   0.22821 0.08021 0.69158 ( 3)
 303 Q   0.22137 0.09781 0.68081 ( 3)
 304 K   0.22820 0.08022 0.69157 ( 3)
 305 G   0.22990 0.07597 0.69413 ( 3)
 306 K   0.00004 0.59287 0.40709 ( 2)
 307 V   0.22260 0.09302 0.68438 ( 3)
 308 L   0.22402 0.08914 0.68684 ( 3)
 309 F   0.22945 0.07493 0.69562 ( 3)
 310 G   0.23168 0.06938 0.69894 ( 3)
 311 E   0.22708 0.08103 0.69189 ( 3)
 312 A   0.22412 0.08894 0.68694 ( 3)
 313 A   0.22385 0.08963 0.68652 ( 3)
 314 A   0.22666 0.08211 0.69123 ( 3)
 315 L   0.00000 0.96934 0.03066 ( 2)
 316 E   0.22562 0.08487 0.68951 ( 3)
 317 D   0.22653 0.08247 0.69100 ( 3)
 318 D   0.22780 0.07915 0.69304 ( 3)
 319 S   0.00003 0.64437 0.35560 ( 2)
 320 E   0.22562 0.08487 0.68951 ( 3)
 321 S   0.22219 0.09415 0.68365 ( 3)
 322 R   0.23254 0.06734 0.70013 ( 3)
 323 S   0.22209 0.09443 0.68349 ( 3)
 324 D   0.22780 0.07915 0.69304 ( 3)
 325 G   0.23556 0.06016 0.70428 ( 3)
 326 S   0.22731 0.08042 0.69226 ( 3)
 327 S   0.22731 0.08042 0.69226 ( 3)
 328 P   0.22990 0.07376 0.69634 ( 3)
 329 T   0.23013 0.07322 0.69666 ( 3)
 330 F   0.22941 0.07501 0.69559 ( 3)
 331 -   0.00003 0.66046 0.33951 ( 2)
 332 -   0.22593 0.08388 0.69018 ( 3)
 333 A   0.00003 0.65171 0.34826 ( 2)
 334 V   0.23263 0.06710 0.70027 ( 3)
 335 K   0.23720 0.05651 0.70629 ( 3)
 336 G   0.24250 0.04540 0.71210 ( 3)
 337 E   0.22818 0.07820 0.69361 ( 3)
 338 V   0.00000 0.95558 0.04442 ( 2)
 339 G   0.24043 0.04934 0.71022 ( 3)
 340 G   0.00005 0.47881 0.52114 ( 3)
 341 E   0.22818 0.07820 0.69361 ( 3)
 342 L   0.21553 0.11315 0.67132 ( 3)
 343 A   0.00003 0.62874 0.37123 ( 2)
 344 A   0.22934 0.07524 0.69542 ( 3)
 345 S   0.22726 0.08057 0.69218 ( 3)
 346 S   0.22726 0.08057 0.69218 ( 3)
 347 G   0.23832 0.05403 0.70765 ( 3)
 348 V   0.23263 0.06710 0.70027 ( 3)
 349 P   0.00004 0.60944 0.39052 ( 2)
 350 T   0.23699 0.05695 0.70605 ( 3)
 351 P   0.23133 0.07015 0.69851 ( 3)
 352 G   0.00004 0.54465 0.45531 ( 2)
 353 S   0.22432 0.08838 0.68730 ( 3)
 354 A   0.22688 0.08157 0.69155 ( 3)
 355 A   0.22934 0.07524 0.69542 ( 3)
 356 D   0.00006 0.99993 0.00001 ( 2)
 357 S   0.22726 0.08057 0.69218 ( 3)
 358 G   0.00003 0.63932 0.36064 ( 2)
 359 G   0.24271 0.04488 0.71241 ( 3)
 360 H   0.23062 0.07202 0.69736 ( 3)
 361 D   0.23061 0.07207 0.69732 ( 3)
 362 I   0.23245 0.06754 0.70001 ( 3)
 363 I   0.23245 0.06754 0.70001 ( 3)
 364 T   0.23670 0.05755 0.70575 ( 3)
 365 E   0.22818 0.07820 0.69361 ( 3)
 366 Q   0.22065 0.09845 0.68090 ( 3)
 367 P   0.23289 0.06645 0.70066 ( 3)
 368 R   0.23826 0.05417 0.70757 ( 3)
 369 S   0.22432 0.08838 0.68730 ( 3)
 370 Q   0.22065 0.09845 0.68090 ( 3)
 371 H   0.23062 0.07202 0.69736 ( 3)
 372 T   0.23506 0.06134 0.70359 ( 3)
 373 L   0.22667 0.08210 0.69123 ( 3)
 374 Q   0.22065 0.09845 0.68090 ( 3)
 375 T   0.00004 0.57604 0.42392 ( 2)
 376 D   0.23061 0.07207 0.69732 ( 3)
 377 S   0.23484 0.06175 0.70341 ( 3)
 378 V   0.00003 0.63665 0.36331 ( 2)
 379 D   0.22919 0.07562 0.69518 ( 3)
 380 L   0.21573 0.11261 0.67166 ( 3)
 381 T   0.23410 0.06331 0.70259 ( 3)
 382 G   0.23914 0.05226 0.70860 ( 3)
 383 C   0.22834 0.07779 0.69388 ( 3)
 384 D   0.23061 0.07207 0.69732 ( 3)
 385 L   0.22067 0.09836 0.68097 ( 3)
 386 T   0.00000 0.99647 0.00353 ( 2)
 387 S   0.23178 0.06917 0.69905 ( 3)
 388 G   0.24271 0.04488 0.71241 ( 3)
 389 A   0.22917 0.07563 0.69520 ( 3)
 390 T   0.00004 0.55583 0.44413 ( 2)
 391 D   0.23029 0.07292 0.69678 ( 3)
 392 G   0.23832 0.05403 0.70765 ( 3)
 393 D   0.23054 0.07224 0.69722 ( 3)
 394 E   0.22818 0.07820 0.69361 ( 3)
 395 E   0.22821 0.07814 0.69364 ( 3)
 396 D   0.23061 0.07207 0.69732 ( 3)
 397 I   0.23245 0.06754 0.70001 ( 3)
 398 L   0.22057 0.09863 0.68079 ( 3)
 399 S   0.23006 0.07343 0.69651 ( 3)
 400 H   0.23062 0.07202 0.69736 ( 3)
 401 S   0.23006 0.07343 0.69651 ( 3)
 402 S   0.22936 0.07515 0.69548 ( 3)
 403 S   0.23006 0.07343 0.69651 ( 3)
 404 Q   0.22065 0.09845 0.68090 ( 3)
 405 M   0.00000 1.00000 0.00000 ( 2)
 406 S   0.23006 0.07343 0.69651 ( 3)
 407 A   0.00006 0.99993 0.00001 ( 2)
 408 V   0.00004 0.59117 0.40879 ( 2)
 409 P   0.23559 0.06002 0.70439 ( 3)
 410 S   0.22726 0.08057 0.69218 ( 3)
 411 D   0.23061 0.07207 0.69732 ( 3)
 412 P   0.23089 0.07134 0.69777 ( 3)
 413 A   0.22934 0.07524 0.69542 ( 3)
 414 M   0.00005 0.51129 0.48867 ( 2)
 415 D   0.23061 0.07207 0.69732 ( 3)
 416 L   0.21553 0.11315 0.67132 ( 3)
 417 N   0.24409 0.04234 0.71357 ( 3)
 418 D   0.22919 0.07562 0.69518 ( 3)
 419 G   0.23832 0.05403 0.70765 ( 3)
 420 T   0.23318 0.06579 0.70104 ( 3)
 421 Q   0.22065 0.09845 0.68090 ( 3)
 422 A   0.22934 0.07524 0.69542 ( 3)
 423 S   0.22936 0.07515 0.69548 ( 3)
 424 S   0.22726 0.08057 0.69218 ( 3)
 425 P   0.23276 0.06690 0.70034 ( 3)
 426 I   0.23245 0.06754 0.70001 ( 3)
 427 S   0.23178 0.06917 0.69905 ( 3)
 428 D   0.23061 0.07207 0.69732 ( 3)
 429 S   0.23006 0.07343 0.69651 ( 3)
 430 S   0.22936 0.07515 0.69548 ( 3)
 431 Q   0.22065 0.09845 0.68090 ( 3)
 432 T   0.23318 0.06579 0.70104 ( 3)
 433 T   0.23318 0.06579 0.70104 ( 3)
 434 T   0.23318 0.06579 0.70104 ( 3)
 435 E   0.22818 0.07820 0.69361 ( 3)
 436 G   0.23832 0.05403 0.70765 ( 3)
 437 P   0.23280 0.06664 0.70056 ( 3)
 438 D   0.22919 0.07562 0.69518 ( 3)
 439 S   0.22422 0.08863 0.68715 ( 3)
 440 A   0.22874 0.07685 0.69441 ( 3)
 441 V   0.22480 0.08708 0.68812 ( 3)
 442 T   0.23318 0.06579 0.70104 ( 3)
 443 P   0.23089 0.07134 0.69777 ( 3)
 444 S   0.22928 0.07543 0.69529 ( 3)
 445 D   0.23061 0.07207 0.69732 ( 3)
 446 S   0.23178 0.06917 0.69905 ( 3)
 447 S   0.22726 0.08057 0.69218 ( 3)
 448 E   0.22981 0.07407 0.69612 ( 3)
 449 I   0.23107 0.07092 0.69802 ( 3)
 450 -   0.22516 0.08759 0.68725 ( 3)
 451 L   0.22296 0.09281 0.68423 ( 3)
 452 D   0.22765 0.08063 0.69172 ( 3)
 453 G   0.24062 0.05073 0.70866 ( 3)
 454 A   0.22764 0.08060 0.69176 ( 3)
 455 D   0.22896 0.07732 0.69373 ( 3)
 456 S   0.22844 0.07861 0.69295 ( 3)
 457 Q   0.21959 0.10207 0.67835 ( 3)
 458 Y   0.23096 0.07236 0.69668 ( 3)
 459 P   0.00003 0.62575 0.37422 ( 2)
 460 G   0.23635 0.05983 0.70381 ( 3)
 461 M   0.23784 0.05659 0.70556 ( 3)
 462 Q   0.22084 0.09850 0.68065 ( 3)
 463 A   0.00000 0.95290 0.04710 ( 2)
 464 G   0.00004 0.55295 0.44700 ( 2)
 465 Q   0.21959 0.10207 0.67835 ( 3)
 466 P   0.00004 0.59925 0.40071 ( 2)
 467 Q   0.00003 0.68447 0.31550 ( 2)
 468 D   0.22893 0.07739 0.69368 ( 3)
 469 E   0.00003 0.63657 0.36340 ( 2)
 470 D   0.22889 0.07749 0.69362 ( 3)
 471 E   0.22666 0.08314 0.69020 ( 3)
 472 D   0.22892 0.07741 0.69367 ( 3)
 473 A   0.00000 0.96279 0.03721 ( 2)
 474 A   0.22551 0.08612 0.68837 ( 3)
 475 A   0.00003 0.65524 0.34472 ( 2)
 476 V   0.00004 0.58325 0.41671 ( 2)
 477 L   0.22523 0.08682 0.68795 ( 3)
 478 P   0.22922 0.07662 0.69416 ( 3)
 479 D   0.00003 0.62668 0.37328 ( 2)
 480 E   0.22820 0.07922 0.69258 ( 3)
 481 D   0.22892 0.07741 0.69367 ( 3)
 482 A   0.00000 1.00000 0.00000 ( 2)
 483 E   0.22666 0.08314 0.69020 ( 3)
 484 A   0.22536 0.08659 0.68804 ( 3)
 485 F   0.23203 0.06978 0.69819 ( 3)
 486 R   0.23255 0.06857 0.69888 ( 3)
 487 N   0.00000 0.93510 0.06490 ( 2)
 488 S   0.22578 0.08537 0.68884 ( 3)
 489 S   0.22778 0.08025 0.69197 ( 3)
 490 I   0.00004 0.61246 0.38750 ( 2)
 491 A   0.22572 0.08547 0.68881 ( 3)
 492 L   0.22450 0.08760 0.68790 ( 3)
 493 Q   0.22416 0.08852 0.68733 ( 3)
 494 Q   0.22416 0.08852 0.68733 ( 3)
 495 A   0.22407 0.08879 0.68714 ( 3)
 496 H   0.23304 0.06571 0.70125 ( 3)
 497 L   0.21913 0.10256 0.67831 ( 3)
 498 L   0.21913 0.10256 0.67831 ( 3)
 499 K   0.00004 0.60423 0.39573 ( 2)
 500 S   0.22757 0.07947 0.69295 ( 3)
 501 M   0.23653 0.05759 0.70588 ( 3)
 502 G   0.00000 0.95164 0.04836 ( 2)
 503 H   0.22808 0.07814 0.69379 ( 3)
 504 S   0.22757 0.07947 0.69295 ( 3)
 505 R   0.23285 0.06620 0.70095 ( 3)
 506 Q   0.21910 0.10265 0.67825 ( 3)
 507 P   0.22985 0.07351 0.69663 ( 3)
 508 S   0.22503 0.08616 0.68881 ( 3)
 509 D   0.22803 0.07828 0.69369 ( 3)
 510 S   0.22757 0.07947 0.69295 ( 3)
 511 S   0.22913 0.07543 0.69543 ( 3)
 512 V   0.00000 0.99522 0.00478 ( 2)
 513 D   0.22678 0.08154 0.69168 ( 3)
 514 K   0.23194 0.06840 0.69965 ( 3)
 515 F   0.22968 0.07401 0.69631 ( 3)
 516 V   0.22991 0.07346 0.69664 ( 3)
 517 S   0.22229 0.09365 0.68406 ( 3)
 518 R   0.23150 0.06950 0.69900 ( 3)
 519 D   0.00003 0.62893 0.37104 ( 2)
 520 E   0.22734 0.08008 0.69258 ( 3)
 521 A   0.22469 0.08710 0.68820 ( 3)
 522 A   0.22469 0.08710 0.68820 ( 3)
 523 E   0.00003 0.63494 0.36502 ( 2)
 524 P   0.00005 0.99994 0.00001 ( 2)
 525 G   0.23181 0.06899 0.69920 ( 3)
 526 D   0.00003 0.63241 0.36756 ( 2)
 527 Q   0.00000 0.96438 0.03562 ( 2)
 528 E   0.22712 0.08086 0.69202 ( 3)
 529 S   0.00004 0.53807 0.46189 ( 2)
 530 K   0.00000 1.00000 0.00000 ( 2)
 531 P   0.23062 0.07164 0.69774 ( 3)
 532 C   0.23135 0.06984 0.69881 ( 3)
 533 R   0.23548 0.05994 0.70458 ( 3)
 534 I   0.23005 0.07320 0.69675 ( 3)
 535 K   0.23241 0.06726 0.70033 ( 3)
 536 G   0.23639 0.05787 0.70573 ( 3)
 537 D   0.22847 0.07713 0.69439 ( 3)
 538 I   0.22890 0.07602 0.69508 ( 3)
 539 G   0.23639 0.05787 0.70573 ( 3)
 540 Q   0.00003 0.65599 0.34398 ( 2)
 541 S   0.22733 0.08006 0.69261 ( 3)
 542 S   0.00004 0.59925 0.40071 ( 2)
 543 D   0.22745 0.07987 0.69268 ( 3)
 544 E   0.22773 0.07905 0.69322 ( 3)
 545 D   0.22719 0.08044 0.69237 ( 3)
 546 S   0.00003 0.64393 0.35604 ( 2)
 547 A   0.22510 0.08592 0.68898 ( 3)
 548 P   0.22873 0.07642 0.69484 ( 3)
 549 L   0.22485 0.08665 0.68850 ( 3)
 550 V   0.23034 0.07236 0.69730 ( 3)
 551 H   0.23244 0.06694 0.70062 ( 3)
 552 C   0.22891 0.07608 0.69501 ( 3)
 553 V   0.23034 0.07236 0.69730 ( 3)
 554 R   0.23752 0.05532 0.70716 ( 3)
 555 L   0.22485 0.08665 0.68850 ( 3)
 556 L   0.21471 0.11547 0.66982 ( 3)
 557 S   0.22725 0.08024 0.69250 ( 3)
 558 A   0.22504 0.08615 0.68880 ( 3)
 559 S   0.22260 0.09279 0.68461 ( 3)
 560 F   0.23011 0.07291 0.69697 ( 3)
 561 L   0.21937 0.10185 0.67878 ( 3)
 562 L   0.22240 0.09333 0.68427 ( 3)
 563 T   0.23439 0.06249 0.70311 ( 3)
 564 G   0.23563 0.05962 0.70475 ( 3)
 565 E   0.22714 0.08051 0.69235 ( 3)
 566 K   0.23225 0.06741 0.70034 ( 3)
 567 N   0.00004 0.60448 0.39548 ( 2)
 568 A   0.22660 0.08207 0.69132 ( 3)
 569 L   0.22059 0.09859 0.68082 ( 3)
 570 V   0.23465 0.06227 0.70308 ( 3)
 571 P   0.23583 0.05953 0.70464 ( 3)
 572 D   0.22923 0.07551 0.69526 ( 3)
 573 R   0.23568 0.05991 0.70441 ( 3)
 574 D   0.22934 0.07528 0.69538 ( 3)
 575 V   0.22469 0.08736 0.68795 ( 3)
 576 R   0.23568 0.05991 0.70441 ( 3)
 577 V   0.23248 0.06744 0.70008 ( 3)
 578 S   0.22997 0.07366 0.69637 ( 3)
 579 V   0.22469 0.08736 0.68795 ( 3)
 580 K   0.23703 0.05686 0.70611 ( 3)
 581 A   0.22607 0.08367 0.69026 ( 3)
 582 L   0.21548 0.11330 0.67122 ( 3)
 583 A   0.23731 0.05591 0.70678 ( 3)
 584 L   0.22626 0.08314 0.69059 ( 3)
 585 S   0.22992 0.07376 0.69632 ( 3)
 586 C   0.22821 0.07810 0.69369 ( 3)
 587 V   0.23465 0.06227 0.70308 ( 3)
 588 G   0.23504 0.06120 0.70376 ( 3)
 589 A   0.22676 0.08187 0.69138 ( 3)
 590 A   0.22681 0.08175 0.69144 ( 3)
 591 V   0.22469 0.08736 0.68795 ( 3)
 592 A   0.22920 0.07556 0.69524 ( 3)
 593 L   0.22654 0.08242 0.69104 ( 3)
 594 H   0.23058 0.07212 0.69730 ( 3)
 595 P   0.23074 0.07167 0.69759 ( 3)
 596 E   0.22967 0.07440 0.69593 ( 3)
 597 S   0.22713 0.08087 0.69200 ( 3)
 598 F   0.23367 0.06457 0.70176 ( 3)
 599 F   0.23367 0.06457 0.70176 ( 3)
 600 G   0.23896 0.05262 0.70843 ( 3)
