Supplemental results for CODEML (seqf: /home/leticiamagpali/phd/evol_models/codeml/small_dataset/cml_align/HTT_codon_aligned.phy  treef: /home/leticiamagpali/phd/evol_models/codeml/small_dataset/cml_trees/gene_trees/H2_gene_trees/HTT_codon_H2.tre)

I	J	ij	2Ns_IJ	pMut_IJ	pSub_IJ	2Ns_JI	pMut_JI	pSub_JI

TTC	TTT	CT	0.41554	0.04777	0.05838	-0.41554	0.07238	0.05838
TTA	TTT	AT	0.87989	0.00394	0.00592	-0.87989	0.00950	0.00592
TTA	TTC	AC	0.46434	0.00783	0.00978	-0.46434	0.01245	0.00978
TTG	TTT	GT	0.48771	0.00854	0.01079	-0.48771	0.01391	0.01079
TTG	TTC	GC	0.07217	0.01697	0.01759	-0.07217	0.01824	0.01759
TTG	TTA	GA	-0.39218	0.07153	0.05842	0.39218	0.04833	0.05842
TCT	TTT	CT	0.44698	0.04629	0.05741	-0.44698	0.07238	0.05741
TCC	TTC	CT	0.59764	0.05221	0.06935	-0.59764	0.09491	0.06935
TCC	TCT	CT	0.56620	0.05221	0.06838	-0.56620	0.09197	0.06838
TCA	TTA	CT	0.27927	0.03355	0.03846	-0.27927	0.04436	0.03846
TCA	TCT	AT	0.71218	0.00592	0.00828	-0.71218	0.01207	0.00828
TCA	TCC	AC	0.14598	0.01176	0.01264	-0.14598	0.01361	0.01264
TCG	TTG	CT	1.71841	0.01725	0.03612	-1.71841	0.09619	0.03612
TCG	TCT	GT	1.75913	0.00304	0.00647	-1.75913	0.01767	0.00647
TCG	TCC	GC	1.19293	0.00605	0.01035	-1.19293	0.01993	0.01035
TCG	TCA	GA	1.04696	0.02549	0.04112	-1.04696	0.07261	0.04112
TAT	TTT	AT	1.28196	0.00264	0.00468	-1.28196	0.00950	0.00468
TAT	TCT	AC	0.83498	0.00524	0.00772	-0.83498	0.01207	0.00772
TAC	TTC	AT	0.54449	0.00722	0.00937	-0.54449	0.01245	0.00937
TAC	TCC	AC	-0.05315	0.01435	0.01397	0.05315	0.01361	0.01397
TAC	TAT	CT	-0.32193	0.04095	0.03471	0.32193	0.02968	0.03471
TGT	TTT	GT	1.06490	0.00480	0.00779	-1.06490	0.01391	0.00779
TGT	TCT	GC	0.61792	0.00953	0.01277	-0.61792	0.01767	0.01277
TGT	TAT	GA	-0.21706	0.04016	0.03596	0.21706	0.03233	0.03596
TGC	TTC	GT	1.09413	0.00611	0.01005	-1.09413	0.01824	0.01005
TGC	TCC	GC	0.49649	0.01213	0.01539	-0.49649	0.01993	0.01539
TGC	TAC	GA	0.54965	0.05114	0.06648	-0.54965	0.08861	0.06648
TGC	TGT	CT	0.44478	0.03462	0.04288	-0.44478	0.05401	0.04288
TGG	TTG	GT	1.34086	0.00484	0.00878	-1.34086	0.01849	0.00878
TGG	TCG	GC	-0.37754	0.00961	0.00791	0.37754	0.00659	0.00791
TGG	TGT	GT	0.76367	0.00484	0.00692	-0.76367	0.01038	0.00692
TGG	TGC	GC	0.31889	0.00961	0.01122	-0.31889	0.01322	0.01122
CTT	TTT	CT	0.43316	0.04694	0.05784	-0.43316	0.07238	0.05784
CTC	TTC	CT	0.27412	0.07215	0.08249	-0.27412	0.09491	0.08249
CTC	CTT	CT	0.25650	0.07215	0.08180	-0.25650	0.09325	0.08180
CTA	TTA	CT	1.02223	0.01596	0.02549	-1.02223	0.04436	0.02549
CTA	CTT	AT	1.46896	0.00282	0.00537	-1.46896	0.01223	0.00537
CTA	CTC	AC	1.21246	0.00559	0.00966	-1.21246	0.01881	0.00966
CTG	TTG	CT	-0.45884	0.15219	0.11993	0.45884	0.09619	0.11993
CTG	CTT	GT	-0.40429	0.02685	0.02179	0.40429	0.01792	0.02179
CTG	CTC	GC	-0.66079	0.05334	0.03764	0.66079	0.02755	0.03764
CTG	CTA	GA	-1.87325	0.22486	0.07645	1.87325	0.03454	0.07645
CCT	TCT	CT	0.87715	0.03826	0.05746	-0.87715	0.09197	0.05746
CCT	CTT	CT	0.89097	0.03826	0.05780	-0.89097	0.09325	0.05780
CCC	TCC	CT	0.78240	0.04743	0.06838	-0.78240	0.10372	0.06838
CCC	CTC	CT	1.10592	0.04743	0.07840	-1.10592	0.14334	0.07840
CCC	CCT	CT	0.47145	0.04743	0.05949	-0.47145	0.07600	0.05949
CCA	TCA	CT	0.98586	0.02487	0.03911	-0.98586	0.06666	0.03911
CCA	CTA	CT	0.24291	0.02487	0.02801	-0.24291	0.03171	0.02801
CCA	CCT	AT	0.82089	0.00439	0.00643	-0.82089	0.00997	0.00643
CCA	CCC	AC	0.34944	0.00872	0.01033	-0.34944	0.01236	0.01033
CCG	TCG	CT	0.13597	0.02991	0.03199	-0.13597	0.03427	0.03199
CCG	CTG	CT	2.31321	0.02991	0.07680	-2.31321	0.30234	0.07680
CCG	CCT	GT	1.01795	0.00528	0.00841	-1.01795	0.01461	0.00841
CCG	CCC	GC	0.54650	0.01048	0.01361	-0.54650	0.01811	0.01361
CCG	CCA	GA	0.19706	0.04420	0.04870	-0.19706	0.05383	0.04870
CAT	TAT	CT	0.53592	0.01736	0.02243	-0.53592	0.02968	0.02243
CAT	CTT	AT	1.38472	0.00306	0.00566	-1.38472	0.01223	0.00566
CAT	CCT	AC	0.49375	0.00609	0.00771	-0.49375	0.00997	0.00771
CAC	TAC	CT	0.30978	0.05968	0.06940	-0.30978	0.08135	0.06940
CAC	CTC	AT	0.58015	0.01053	0.01388	-0.58015	0.01881	0.01388
CAC	CCC	AC	-0.52577	0.02092	0.01590	0.52577	0.01236	0.01590
CAC	CAT	CT	-0.54807	0.05968	0.04481	0.54807	0.03450	0.04481
CAA	CTA	AT	0.25503	0.00322	0.00365	-0.25503	0.00416	0.00365
CAA	CCA	AC	0.01212	0.00641	0.00644	-0.01212	0.00648	0.00644
CAA	CAT	AT	0.33926	0.00322	0.00380	-0.33926	0.00453	0.00380
CAA	CAC	AC	0.88733	0.00641	0.00966	-0.88733	0.01556	0.00966
CAG	CTG	AT	0.70546	0.01959	0.02731	-0.70546	0.03967	0.02731
CAG	CCG	AC	-1.60775	0.03892	0.01568	1.60775	0.00780	0.01568
CAG	CAT	GT	-1.08354	0.01959	0.01086	1.08354	0.00663	0.01086
CAG	CAC	GC	-0.53547	0.03892	0.02943	0.53547	0.02278	0.02943
CAG	CAA	GA	-1.42281	0.16408	0.07414	1.42281	0.03955	0.07414
CGT	TGT	CT	1.53793	0.01160	0.02272	-1.53793	0.05401	0.02272
CGT	CTT	GT	2.16967	0.00205	0.00501	-2.16967	0.01792	0.00501
CGT	CCT	GC	1.27870	0.00407	0.00721	-1.27870	0.01461	0.00721
CGT	CAT	GA	0.78495	0.01714	0.02474	-0.78495	0.03758	0.02474
CGC	TGC	CT	1.08807	0.02317	0.03801	-1.08807	0.06877	0.03801
CGC	CTC	GT	1.90809	0.00409	0.00916	-1.90809	0.02755	0.00916
CGC	CCC	GC	0.80217	0.00812	0.01181	-0.80217	0.01811	0.01181
CGC	CAC	GA	1.32794	0.03423	0.06184	-1.32794	0.12915	0.06184
CGC	CGT	CT	-0.00508	0.02317	0.02311	0.00508	0.02305	0.02311
CGA	CTA	GT	1.85881	0.00095	0.00209	-1.85881	0.00609	0.00209
CGA	CCA	GC	1.61590	0.00189	0.00381	-1.61590	0.00950	0.00381
CGA	CAA	GA	1.60378	0.00795	0.01597	-1.60378	0.03955	0.01597
CGA	CGT	AT	1.15810	0.00095	0.00160	-1.15810	0.00302	0.00160
CGA	CGC	AC	1.16317	0.00189	0.00319	-1.16317	0.00604	0.00319
CGG	TGG	CT	0.61569	0.02942	0.03940	-0.61569	0.05446	0.03940
CGG	CTG	GT	2.41539	0.00519	0.01377	-2.41539	0.05810	0.01377
CGG	CCG	GC	0.10218	0.01031	0.01085	-0.10218	0.01142	0.01085
CGG	CAG	GA	1.70993	0.04347	0.09074	-1.70993	0.24033	0.09074
CGG	CGT	GT	-0.15856	0.00519	0.00479	0.15856	0.00443	0.00479
CGG	CGC	GC	-0.15349	0.01031	0.00954	0.15349	0.00884	0.00954
CGG	CGA	GA	-1.31666	0.04347	0.02096	1.31666	0.01165	0.02096
ATT	TTT	AT	0.44927	0.00606	0.00752	-0.44927	0.00950	0.00752
ATT	CTT	AC	0.01612	0.01204	0.01214	-0.01612	0.01223	0.01214
ATC	TTC	AT	0.07738	0.01153	0.01198	-0.07738	0.01245	0.01198
ATC	CTC	AC	-0.19673	0.02290	0.02072	0.19673	0.01881	0.02072
ATC	ATT	CT	0.04365	0.06533	0.06676	-0.04365	0.06824	0.06676
ATA	TTA	AT	0.64189	0.00306	0.00415	-0.64189	0.00582	0.00415
ATA	CTA	AC	-0.38033	0.00609	0.00500	0.38033	0.00416	0.00500
ATA	ATT	AT	1.07251	0.00306	0.00499	-1.07251	0.00895	0.00499
ATA	ATC	AC	1.02886	0.00609	0.00974	-1.02886	0.01703	0.00974
ATG	TTG	AT	0.22872	0.01004	0.01123	-0.22872	0.01262	0.01123
ATG	CTG	AC	0.68756	0.01995	0.02758	-0.68756	0.03967	0.02758
ATG	ATT	GT	0.26716	0.01004	0.01144	-0.26716	0.01311	0.01144
ATG	ATC	GC	0.22350	0.01995	0.02226	-0.22350	0.02494	0.02226
ATG	ATA	GA	-0.80535	0.08408	0.05472	0.80535	0.03758	0.05472
ACT	TCT	AT	0.97273	0.00456	0.00713	-0.97273	0.01207	0.00713
ACT	CCT	AC	0.09559	0.00906	0.00950	-0.09559	0.00997	0.00950
ACT	ATT	CT	0.97045	0.02586	0.04040	-0.97045	0.06824	0.04040
ACC	TCC	AT	0.19145	0.01124	0.01235	-0.19145	0.01361	0.01235
ACC	CCC	AC	-0.59095	0.02232	0.01637	0.59095	0.01236	0.01637
ACC	ATC	CT	0.71171	0.06370	0.08903	-0.71171	0.12978	0.08903
ACC	ACT	CT	-0.21508	0.06370	0.05709	0.21508	0.05137	0.05709
ACA	TCA	AT	0.76575	0.00407	0.00582	-0.76575	0.00875	0.00582
ACA	CCA	AC	-0.22011	0.00808	0.00722	0.22011	0.00648	0.00722
ACA	ATA	CT	0.40313	0.02305	0.02801	-0.40313	0.03450	0.02801
ACA	ACT	AT	0.50519	0.00407	0.00518	-0.50519	0.00674	0.00518
ACA	ACC	AC	0.72028	0.00808	0.01134	-0.72028	0.01660	0.01134
ACG	TCG	AT	-0.27608	0.00593	0.00515	0.27608	0.00450	0.00515
ACG	CCG	AC	-0.41205	0.01177	0.00951	0.41205	0.00780	0.00951
ACG	ATG	CT	1.21361	0.03359	0.05800	-1.21361	0.11306	0.05800
ACG	ACT	GT	0.51032	0.00593	0.00757	-0.51032	0.00987	0.00757
ACG	ACC	GC	0.72540	0.01177	0.01656	-0.72540	0.02432	0.01656
ACG	ACA	GA	0.00512	0.04963	0.04976	-0.00512	0.04989	0.04976
AAT	TAT	AT	0.12252	0.00344	0.00366	-0.12252	0.00389	0.00366
AAT	CAT	AC	-0.41340	0.00684	0.00553	0.41340	0.00453	0.00553
AAT	ATT	AT	0.95521	0.00344	0.00535	-0.95521	0.00895	0.00535
AAT	ACT	AC	-0.01524	0.00684	0.00679	0.01524	0.00674	0.00679
AAC	TAC	AT	0.49159	0.00653	0.00826	-0.49159	0.01067	0.00826
AAC	CAC	AC	0.18181	0.01297	0.01418	-0.18181	0.01556	0.01418
AAC	ATC	AT	0.95870	0.00653	0.01015	-0.95870	0.01703	0.01015
AAC	ACC	AC	0.24699	0.01297	0.01464	-0.24699	0.01660	0.01464
AAC	AAT	CT	0.04714	0.03700	0.03788	-0.04714	0.03879	0.03788
AAA	CAA	AC	-0.92498	0.01201	0.00730	0.92498	0.00476	0.00730
AAA	ATA	AT	-0.28962	0.00605	0.00521	0.28962	0.00453	0.00521
AAA	ACA	AC	-0.69275	0.01201	0.00833	0.69275	0.00601	0.00833
AAA	AAT	AT	-0.17232	0.00605	0.00554	0.17232	0.00509	0.00554
AAA	AAC	AC	-0.21946	0.01201	0.01074	0.21946	0.00965	0.01074
AAG	CAG	AC	0.46521	0.01818	0.02273	-0.46521	0.02895	0.02273
AAG	ATG	AT	0.48312	0.00915	0.01154	-0.48312	0.01483	0.01154
AAG	ACG	AC	-0.73049	0.01818	0.01234	0.73049	0.00876	0.01234
AAG	AAT	GT	-0.20493	0.00915	0.00824	0.20493	0.00745	0.00824
AAG	AAC	GC	-0.25207	0.01818	0.01598	0.25207	0.01413	0.01598
AAG	AAA	GA	-0.03261	0.07663	0.07539	0.03261	0.07417	0.07539
AGT	TGT	AT	0.35069	0.00499	0.00592	-0.35069	0.00709	0.00592
AGT	CGT	AC	-1.18724	0.00991	0.00517	1.18724	0.00302	0.00517
AGT	ATT	GT	0.96632	0.00499	0.00778	-0.96632	0.01311	0.00778
AGT	ACT	GC	-0.00413	0.00991	0.00989	0.00413	0.00987	0.00989
AGT	AAT	GA	0.01111	0.04179	0.04202	-0.01111	0.04226	0.04202
AGC	TGC	AT	-0.38024	0.01320	0.01085	0.38024	0.00902	0.01085
AGC	CGC	AC	-1.46831	0.02622	0.01152	1.46831	0.00604	0.01152
AGC	ATC	GT	0.63652	0.01320	0.01784	-0.63652	0.02494	0.01784
AGC	ACC	GC	-0.07519	0.02622	0.02524	0.07519	0.02432	0.02524
AGC	AAC	GA	-0.32218	0.11052	0.09367	0.32218	0.08008	0.09367
AGC	AGT	CT	-0.28615	0.07481	0.06461	0.28615	0.05619	0.06461
AGA	CGA	AC	-2.00085	0.01038	0.00325	2.00085	0.00140	0.00325
AGA	ATA	GT	0.23830	0.00522	0.00587	-0.23830	0.00663	0.00587
AGA	ACA	GC	-0.16483	0.01038	0.00955	0.16483	0.00880	0.00955
AGA	AAA	GA	0.52792	0.04375	0.05631	-0.52792	0.07417	0.05631
AGA	AGT	AT	0.34449	0.00522	0.00618	-0.34449	0.00737	0.00618
AGA	AGC	AC	0.63064	0.01038	0.01399	-0.63064	0.01950	0.01399
AGG	TGG	AT	-0.03837	0.00742	0.00728	0.03837	0.00715	0.00728
AGG	CGG	AC	-0.65406	0.01475	0.01045	0.65406	0.00767	0.01045
AGG	ATG	GT	1.07377	0.00742	0.01211	-1.07377	0.02173	0.01211
AGG	ACG	GC	-0.13983	0.01475	0.01374	0.13983	0.01283	0.01374
AGG	AAG	GA	0.59066	0.06218	0.08234	-0.59066	0.11225	0.08234
AGG	AGT	GT	0.37461	0.00742	0.00890	-0.37461	0.01080	0.00890
AGG	AGC	GC	0.66076	0.01475	0.02016	-0.66076	0.02856	0.02016
AGG	AGA	GA	0.03013	0.06218	0.06312	-0.03013	0.06408	0.06312
GTT	TTT	GT	0.96668	0.00529	0.00825	-0.96668	0.01391	0.00825
GTT	CTT	GC	0.53352	0.01051	0.01356	-0.53352	0.01792	0.01356
GTT	ATT	GA	0.51741	0.04431	0.05676	-0.51741	0.07434	0.05676
GTC	TTC	GT	0.46137	0.01150	0.01435	-0.46137	0.01824	0.01435
GTC	CTC	GC	0.18726	0.02284	0.02505	-0.18726	0.02755	0.02505
GTC	ATC	GA	0.38399	0.09629	0.11596	-0.38399	0.14137	0.11596
GTC	GTT	CT	-0.08976	0.06518	0.06229	0.08976	0.05958	0.06229
GTA	TTA	GT	1.49444	0.00191	0.00369	-1.49444	0.00853	0.00369
GTA	CTA	GC	0.47221	0.00380	0.00477	-0.47221	0.00609	0.00477
GTA	ATA	GA	0.85254	0.01602	0.02381	-0.85254	0.03758	0.02381
GTA	GTT	AT	1.40764	0.00191	0.00357	-1.40764	0.00782	0.00357
GTA	GTC	AC	1.49741	0.00380	0.00733	-1.49741	0.01699	0.00733
GTG	TTG	GT	-0.00521	0.01858	0.01853	0.00521	0.01849	0.01853
GTG	CTG	GC	0.45362	0.03692	0.04592	-0.45362	0.05810	0.04592
GTG	ATG	GA	-0.23393	0.15562	0.13812	0.23393	0.12316	0.13812
GTG	GTT	GT	-0.48419	0.01858	0.01444	0.48419	0.01145	0.01444
GTG	GTC	GC	-0.39442	0.03692	0.03011	0.39442	0.02488	0.03011
GTG	GTA	GA	-1.89183	0.15562	0.05228	1.89183	0.02347	0.05228
GCT	TCT	GT	0.62525	0.00946	0.01272	-0.62525	0.01767	0.01272
GCT	CCT	GC	-0.25190	0.01879	0.01652	0.25190	0.01461	0.01652
GCT	ACT	GA	-0.34748	0.07921	0.06624	0.34748	0.05596	0.06624
GCT	GTT	CT	0.10556	0.05361	0.05649	-0.10556	0.05958	0.05649
GCC	TCC	GT	0.26292	0.01532	0.01743	-0.26292	0.01993	0.01743
GCC	CCC	GC	-0.51948	0.03044	0.02322	0.51948	0.01811	0.02322
GCC	ACC	GA	0.07147	0.12834	0.13298	-0.07147	0.13785	0.13298
GCC	GTC	CT	0.39919	0.08686	0.10535	-0.39919	0.12948	0.10535
GCC	GCT	CT	0.20387	0.08686	0.09602	-0.20387	0.10651	0.09602
GCA	TCA	GT	0.53829	0.00748	0.00967	-0.53829	0.01281	0.00967
GCA	CCA	GC	-0.44757	0.01486	0.01178	0.44757	0.00950	0.01178
GCA	ACA	GA	-0.22746	0.06263	0.05578	0.22746	0.04989	0.05578
GCA	GTA	CT	-0.67687	0.04239	0.02965	0.67687	0.02154	0.02965
GCA	GCT	AT	0.62522	0.00748	0.01006	-0.62522	0.01397	0.01006
GCA	GCC	AC	0.42135	0.01486	0.01821	-0.42135	0.02264	0.01821
GCG	TCG	GT	0.31583	0.00480	0.00560	-0.31583	0.00659	0.00560
GCG	CCG	GC	0.17986	0.00954	0.01042	-0.17986	0.01142	0.01042
GCG	ACG	GA	0.59191	0.04022	0.05329	-0.59191	0.07270	0.05329
GCG	GTG	CT	2.03945	0.02722	0.06382	-2.03945	0.20924	0.06382
GCG	GCT	GT	1.44971	0.00480	0.00910	-1.44971	0.02047	0.00910
GCG	GCC	GC	1.24584	0.00954	0.01669	-1.24584	0.03316	0.01669
GCG	GCA	GA	0.82449	0.04022	0.05905	-0.82449	0.09173	0.05905
GAT	TAT	GT	-0.26105	0.00740	0.00648	0.26105	0.00570	0.00648
GAT	CAT	GC	-0.79697	0.01471	0.00962	0.79697	0.00663	0.00962
GAT	AAT	GA	-0.38358	0.06201	0.05088	0.38358	0.04226	0.05088
GAT	GTT	AT	0.05423	0.00740	0.00761	-0.05423	0.00782	0.00761
GAT	GCT	AC	-0.05133	0.01471	0.01434	0.05133	0.01397	0.01434
GAC	TAC	GT	0.04383	0.01496	0.01529	-0.04383	0.01563	0.01529
GAC	CAC	GC	-0.26595	0.02973	0.02595	0.26595	0.02278	0.02595
GAC	AAC	GA	-0.44776	0.12531	0.09934	0.44776	0.08008	0.09934
GAC	GTC	AT	0.12694	0.01496	0.01593	-0.12694	0.01699	0.01593
GAC	GCC	AC	-0.27225	0.02973	0.02586	0.27225	0.02264	0.02586
GAC	GAT	CT	-0.01705	0.08481	0.08409	0.01705	0.08338	0.08409
GAA	CAA	GC	-0.95905	0.01821	0.01085	0.95905	0.00698	0.01085
GAA	AAA	GA	-0.03407	0.07674	0.07544	0.03407	0.07417	0.07544
GAA	GTA	AT	-1.17624	0.00916	0.00481	1.17624	0.00283	0.00481
GAA	GCA	AC	-0.49937	0.01821	0.01404	0.49937	0.01105	0.01404
GAA	GAT	AT	0.17718	0.00916	0.01000	-0.17718	0.01094	0.01000
GAA	GAC	AC	0.19423	0.01821	0.02003	-0.19423	0.02211	0.02003
GAG	CAG	GC	0.16513	0.03595	0.03899	-0.16513	0.04240	0.03899
GAG	AAG	GA	-0.30009	0.15153	0.12993	0.30009	0.11225	0.12993
GAG	GTG	AT	0.41697	0.01809	0.02213	-0.41697	0.02745	0.02213
GAG	GCG	AC	-1.62249	0.03595	0.01434	1.62249	0.00710	0.01434
GAG	GAT	GT	-0.12144	0.01809	0.01702	0.12144	0.01602	0.01702
GAG	GAC	GC	-0.10440	0.03595	0.03410	0.10440	0.03238	0.03410
GAG	GAA	GA	-0.29863	0.15153	0.13003	0.29863	0.11241	0.13003
GGT	TGT	GT	1.39124	0.00258	0.00478	-1.39124	0.01038	0.00478
GGT	CGT	GC	-0.14668	0.00513	0.00476	0.14668	0.00443	0.00476
GGT	AGT	GA	1.04055	0.02162	0.03479	-1.04055	0.06121	0.03479
GGT	GTT	GT	1.48946	0.00258	0.00497	-1.48946	0.01145	0.00497
GGT	GCT	GC	1.38391	0.00513	0.00947	-1.38391	0.02047	0.00947
GGT	GAT	GA	1.43524	0.02162	0.04073	-1.43524	0.09083	0.04073
GGC	TGC	GT	0.53084	0.00777	0.01002	-0.53084	0.01322	0.01002
GGC	CGC	GC	-0.55723	0.01544	0.01154	0.55723	0.00884	0.01154
GGC	AGC	GA	0.91108	0.06509	0.09919	-0.91108	0.16189	0.09919
GGC	GTC	GT	1.16360	0.00777	0.01315	-1.16360	0.02488	0.01315
GGC	GCC	GC	0.76441	0.01544	0.02209	-0.76441	0.03316	0.02209
GGC	GAC	GA	1.03666	0.06509	0.10456	-1.03666	0.18355	0.10456
GGC	GGT	CT	-0.41562	0.04406	0.03553	0.41562	0.02907	0.03553
GGA	CGA	GC	-1.55439	0.00973	0.00405	1.55439	0.00206	0.00405
GGA	AGA	GA	0.44646	0.04101	0.05084	-0.44646	0.06408	0.05084
GGA	GTA	GT	-0.16779	0.00490	0.00450	0.16779	0.00414	0.00450
GGA	GCA	GC	0.50908	0.00973	0.01241	-0.50908	0.01618	0.01241
GGA	GAA	GA	1.00845	0.04101	0.06510	-1.00845	0.11241	0.06510
GGA	GGT	AT	-0.24961	0.00490	0.00431	0.24961	0.00381	0.00431
GGA	GGC	AC	0.16602	0.00973	0.01056	-0.16602	0.01148	0.01056
GGG	TGG	GT	0.40844	0.00696	0.00847	-0.40844	0.01047	0.00847
GGG	CGG	GC	-0.20726	0.01382	0.01244	0.20726	0.01123	0.01244
GGG	AGG	GA	0.44680	0.05826	0.07224	-0.44680	0.09108	0.07224
GGG	GTG	GT	1.75451	0.00696	0.01476	-1.75451	0.04021	0.01476
GGG	GCG	GC	-0.28494	0.01382	0.01194	0.28494	0.01039	0.01194
GGG	GAG	GA	1.33755	0.05826	0.10566	-1.33755	0.22195	0.10566
GGG	GGT	GT	-0.21914	0.00696	0.00622	0.21914	0.00559	0.00622
GGG	GGC	GC	0.19649	0.01382	0.01522	-0.19649	0.01682	0.01522
GGG	GGA	GA	0.03047	0.05826	0.05915	-0.03047	0.06006	0.05915


Histograms
2Ns	FMut	FSub(CodonUsage)	FSubw(after w)

-2.30038	0.02143	0.00600
-2.07034	0.01412	0.00478
-1.84030	0.02806	0.01068
-1.61026	0.03218	0.01397
-1.38023	0.04887	0.02533
-1.15019	0.05053	0.03084
-0.92015	0.06101	0.04155
-0.69011	0.06735	0.05264
-0.46008	0.14447	0.12720
-0.23004	0.11950	0.11742
0.00000	0.12493	0.13919
0.23004	0.09340	0.11742
0.46008	0.09178	0.12720
0.69011	0.03442	0.05264
0.92015	0.02444	0.04155
1.15019	0.01677	0.03084
1.38023	0.01235	0.02533
1.61026	0.00612	0.01397
1.84030	0.00434	0.01068
2.07034	0.00182	0.00478
2.30038	0.00209	0.00600

Proportion of advantageous (S > 0) mutations:
 0.34852

Proportions of good & bad mutations (|S| > 2.0000) among mutations:
0.00391  0.03555

mean |Ns| = 0.68250	mean Ns+ = 0.50159	mean Ns- = -0.77928


MLEs of dN/dS (w) for site classes (K=4)

site class             0        1       2a       2b
proportion       0.75120  0.11166  0.11939  0.01775
background w     0.04908  1.06204  0.04908  1.06204
foreground w     0.04908  1.06204  0.00000  0.00000

Naive Empirical Bayes (NEB) probabilities for 4 classes
(amino acids refer to 1st sequence: Bbon)

   1 N   0.82448 0.03553 0.13264 0.00734 ( 1)
   2 S   0.79788 0.06305 0.12760 0.01146 ( 1)
   3 P   0.80324 0.05751 0.12859 0.01067 ( 1)
   4 E   0.80295 0.05780 0.12854 0.01071 ( 1)
   5 F   0.80815 0.05241 0.12950 0.00993 ( 1)
   6 Q   0.78341 0.07808 0.12500 0.01351 ( 1)
   7 K   0.81265 0.04776 0.13035 0.00924 ( 1)
   8 L   0.79665 0.06434 0.12738 0.01164 ( 1)
   9 L   0.77149 0.09048 0.12290 0.01512 ( 1)
  10 G   0.82018 0.03998 0.13179 0.00805 ( 1)
  11 I   0.80552 0.05514 0.12901 0.01033 ( 1)
  12 A   0.79703 0.06394 0.12745 0.01158 ( 1)
  13 M   0.40106 0.44436 0.06447 0.09012 ( 2)
  14 E   0.80295 0.05780 0.12854 0.01071 ( 1)
  15 L   0.79639 0.06467 0.12730 0.01163 ( 1)
  16 F   0.80815 0.05241 0.12950 0.00993 ( 1)
  17 L   0.77149 0.09048 0.12290 0.01512 ( 1)
  18 L   0.77149 0.09048 0.12290 0.01512 ( 1)
  19 C   0.81061 0.04987 0.12996 0.00956 ( 1)
  20 S   0.80682 0.05381 0.12925 0.01013 ( 1)
  21 D   0.80174 0.05906 0.12831 0.01089 ( 1)
  22 D   0.80376 0.05691 0.12870 0.01062 ( 1)
  23 A   0.79631 0.06447 0.12740 0.01182 ( 1)
  24 E   0.79967 0.06120 0.12793 0.01120 ( 1)
  25 S   0.79424 0.06698 0.12688 0.01189 ( 1)
  26 D   0.80174 0.05906 0.12831 0.01089 ( 1)
  27 V   0.80856 0.05200 0.12957 0.00987 ( 1)
  28 R   0.81447 0.04588 0.13069 0.00896 ( 1)
  29 M   0.82138 0.03873 0.13203 0.00785 ( 1)
  30 V   0.79259 0.06854 0.12665 0.01222 ( 1)
  31 A   0.79772 0.06321 0.12758 0.01149 ( 1)
  32 D   0.80457 0.05613 0.12883 0.01047 ( 1)
  33 E   0.79967 0.06120 0.12793 0.01120 ( 1)
  34 C   0.81061 0.04987 0.12996 0.00956 ( 1)
  35 L   0.79605 0.06496 0.12727 0.01173 ( 1)
  36 N   0.82831 0.03157 0.13342 0.00670 ( 1)
  37 K   0.36943 0.47868 0.05925 0.09264 ( 2)
  38 V   0.80856 0.05200 0.12957 0.00987 ( 1)
  39 I   0.82755 0.03290 0.13295 0.00659 ( 1)
  40 K   0.81159 0.04929 0.12994 0.00917 ( 1)
  41 -   0.81732 0.04333 0.13104 0.00831 ( 1)
  42 -   0.80920 0.05168 0.12954 0.00958 ( 1)
  43 -   0.78809 0.07344 0.12576 0.01271 ( 1)
  44 -   0.79533 0.06597 0.12703 0.01166 ( 1)
  45 -   0.80766 0.05327 0.12925 0.00982 ( 1)
  46 -   0.79374 0.06762 0.12675 0.01190 ( 1)
  47 -   0.76727 0.09492 0.12216 0.01566 ( 1)
  48 -   0.81115 0.04967 0.12989 0.00928 ( 1)
  49 -   0.78809 0.07344 0.12576 0.01271 ( 1)
  50 -   0.79250 0.06889 0.12653 0.01207 ( 1)
  51 -   0.76699 0.09528 0.12209 0.01565 ( 1)
  52 -   0.78828 0.07325 0.12579 0.01268 ( 1)
  53 -   0.80375 0.05729 0.12854 0.01041 ( 1)
  54 -   0.79795 0.06327 0.12750 0.01128 ( 1)
  55 -   0.79250 0.06889 0.12653 0.01207 ( 1)
  56 -   0.79039 0.07107 0.12616 0.01238 ( 1)
  57 -   0.76699 0.09528 0.12209 0.01565 ( 1)
  58 -   0.78809 0.07344 0.12576 0.01271 ( 1)
  59 -   0.79480 0.06652 0.12694 0.01174 ( 1)
  60 -   0.78671 0.07485 0.12552 0.01292 ( 1)
  61 -   0.80207 0.05902 0.12824 0.01067 ( 1)
  62 -   0.80766 0.05327 0.12925 0.00982 ( 1)
  63 -   0.79533 0.06597 0.12703 0.01166 ( 1)
  64 -   0.77663 0.08529 0.12375 0.01433 ( 1)
  65 -   0.80206 0.05904 0.12824 0.01067 ( 1)
  66 -   0.80018 0.06097 0.12790 0.01095 ( 1)
  67 -   0.80375 0.05729 0.12854 0.01041 ( 1)
  68 P   0.80397 0.05714 0.12855 0.01034 ( 1)
  69 Y   0.80741 0.05360 0.12917 0.00982 ( 1)
  70 L   0.78259 0.07917 0.12477 0.01346 ( 1)
  71 V   0.82326 0.03731 0.13212 0.00731 ( 1)
  72 N   0.82710 0.03337 0.13286 0.00667 ( 1)
  73 L   0.79546 0.06590 0.12703 0.01161 ( 1)
  74 L   0.78259 0.07917 0.12477 0.01346 ( 1)
  75 P   0.80397 0.05714 0.12855 0.01034 ( 1)
  76 C   0.80825 0.05286 0.12927 0.00962 ( 1)
  77 L   0.77085 0.09131 0.12274 0.01510 ( 1)
  78 T   0.80914 0.05181 0.12949 0.00955 ( 1)
  79 R   0.82095 0.03969 0.13168 0.00768 ( 1)
  80 T   0.81170 0.04920 0.12995 0.00914 ( 1)
  81 S   0.80221 0.05895 0.12824 0.01060 ( 1)
  82 K   0.81553 0.04525 0.13067 0.00855 ( 1)
  83 R   0.81116 0.04977 0.12985 0.00923 ( 1)
  84 P   0.80776 0.05328 0.12922 0.00974 ( 1)
  85 E   0.79885 0.06242 0.12763 0.01109 ( 1)
  86 E   0.79844 0.06283 0.12756 0.01117 ( 1)
  87 S   0.79668 0.06464 0.12725 0.01143 ( 1)
  88 V   0.80725 0.05376 0.12915 0.00984 ( 1)
  89 Q   0.78246 0.07930 0.12475 0.01348 ( 1)
  90 E   0.79844 0.06283 0.12756 0.01117 ( 1)
  91 T   0.80827 0.05271 0.12933 0.00968 ( 1)
  92 L   0.78259 0.07917 0.12477 0.01346 ( 1)
  93 A   0.79594 0.06541 0.12712 0.01153 ( 1)
  94 A   0.80118 0.06030 0.12793 0.01059 ( 1)
  95 A   0.79707 0.06430 0.12730 0.01134 ( 1)
  96 V   0.80725 0.05376 0.12915 0.00984 ( 1)
  97 P   0.80397 0.05714 0.12855 0.01034 ( 1)
  98 K   0.81553 0.04525 0.13067 0.00855 ( 1)
  99 I   0.33751 0.51521 0.05397 0.09331 ( 2)
 100 M   0.82009 0.04057 0.13152 0.00782 ( 1)
 101 A   0.79583 0.06551 0.12710 0.01155 ( 1)
 102 S   0.79677 0.06456 0.12726 0.01141 ( 1)
 103 F   0.80823 0.05283 0.12929 0.00966 ( 1)
 104 G   0.81887 0.04182 0.13129 0.00802 ( 1)
 105 N   0.82413 0.03647 0.13226 0.00714 ( 1)
 106 F   0.80689 0.05414 0.12908 0.00990 ( 1)
 107 A   0.79439 0.06700 0.12685 0.01176 ( 1)
 108 N   0.82710 0.03337 0.13286 0.00667 ( 1)
 109 D   0.80329 0.05784 0.12843 0.01044 ( 1)
 110 S   0.42570 0.42316 0.06832 0.08283 ( 1)
 111 E   0.80129 0.05987 0.12808 0.01075 ( 1)
 112 I   0.80558 0.05498 0.12909 0.01034 ( 1)
 113 K   0.81644 0.04399 0.13100 0.00857 ( 1)
 114 V   0.80934 0.05112 0.12975 0.00979 ( 1)
 115 L   0.77144 0.09035 0.12296 0.01526 ( 1)
 116 L   0.79080 0.07050 0.12629 0.01241 ( 1)
 117 K   0.81676 0.04350 0.13113 0.00860 ( 1)
 118 A   0.79759 0.06338 0.12754 0.01148 ( 1)
 119 F   0.81089 0.04958 0.13001 0.00951 ( 1)
 120 I   0.82875 0.03111 0.13352 0.00662 ( 1)
 121 A   0.81981 0.04036 0.13172 0.00811 ( 1)
 122 N   0.82442 0.03560 0.13263 0.00735 ( 1)
 123 L   0.77149 0.09048 0.12290 0.01512 ( 1)
 124 K   0.81685 0.04341 0.13115 0.00858 ( 1)
 125 S   0.33532 0.51423 0.05371 0.09673 ( 2)
 126 S   0.80353 0.05717 0.12865 0.01064 ( 1)
 127 S   0.79788 0.06305 0.12760 0.01146 ( 1)
 128 P   0.80525 0.05542 0.12896 0.01037 ( 1)
 129 T   0.80958 0.05093 0.12977 0.00972 ( 1)
 130 V   0.29769 0.55336 0.04763 0.10132 ( 2)
 131 R   0.81857 0.04164 0.13148 0.00831 ( 1)
 132 R   0.81857 0.04164 0.13148 0.00831 ( 1)
 133 T   0.81223 0.04825 0.13024 0.00928 ( 1)
 134 A   0.81890 0.04133 0.13153 0.00824 ( 1)
 135 A   0.80208 0.05870 0.12837 0.01084 ( 1)
 136 G   0.40238 0.44362 0.06466 0.08933 ( 2)
 137 S   0.81359 0.04679 0.13052 0.00910 ( 1)
 138 A   0.81981 0.04036 0.13172 0.00811 ( 1)
 139 V   0.79274 0.06839 0.12667 0.01219 ( 1)
 140 S   0.80348 0.05725 0.12863 0.01064 ( 1)
 141 I   0.35017 0.49910 0.05611 0.09462 ( 2)
 142 C   0.81061 0.04987 0.12996 0.00956 ( 1)
 143 Q   0.78341 0.07808 0.12500 0.01351 ( 1)
 144 H   0.80466 0.05603 0.12885 0.01046 ( 1)
 145 S   0.80221 0.05857 0.12840 0.01083 ( 1)
 146 R   0.81401 0.04633 0.13062 0.00905 ( 1)
 147 R   0.81392 0.04641 0.13060 0.00906 ( 1)
 148 T   0.02764 0.81258 0.00443 0.15535 ( 2)
 149 Q   0.78341 0.07808 0.12500 0.01351 ( 1)
 150 Y   0.35059 0.49851 0.05619 0.09472 ( 2)
 151 F   0.80878 0.05181 0.12960 0.00982 ( 1)
 152 Y   0.80871 0.05183 0.12960 0.00985 ( 1)
 153 S   0.80348 0.05725 0.12863 0.01064 ( 1)
 154 W   0.79720 0.06376 0.12748 0.01156 ( 1)
 155 L   0.77268 0.08899 0.12320 0.01514 ( 1)
 156 L   0.79605 0.06496 0.12727 0.01173 ( 1)
 157 S   0.80624 0.05436 0.12916 0.01024 ( 1)
 158 V   0.79365 0.06715 0.12695 0.01225 ( 1)
 159 L   0.79605 0.06496 0.12727 0.01173 ( 1)
 160 L   0.30566 0.54814 0.04883 0.09737 ( 2)
 161 G   0.82592 0.03404 0.13294 0.00710 ( 1)
 162 L   0.78373 0.07775 0.12506 0.01346 ( 1)
 163 L   0.77679 0.08522 0.12375 0.01424 ( 1)
 164 V   0.81295 0.04747 0.13039 0.00919 ( 1)
 165 P   0.80937 0.05119 0.12971 0.00973 ( 1)
 166 V   0.79283 0.06831 0.12668 0.01218 ( 1)
 167 E   0.79994 0.06093 0.12798 0.01115 ( 1)
 168 E   0.79994 0.06093 0.12798 0.01115 ( 1)
 169 E   0.80283 0.05792 0.12851 0.01074 ( 1)
 170 H   0.36766 0.47618 0.05911 0.09705 ( 2)
 171 S   0.80223 0.05864 0.12836 0.01077 ( 1)
 172 T   0.34747 0.50388 0.05561 0.09304 ( 2)
 173 L   0.79679 0.06420 0.12740 0.01161 ( 1)
 174 L   0.77162 0.09035 0.12293 0.01510 ( 1)
 175 I   0.80580 0.05486 0.12905 0.01028 ( 1)
 176 L   0.79631 0.06470 0.12731 0.01168 ( 1)
 177 G   0.81300 0.04741 0.13040 0.00918 ( 1)
 178 V   0.79283 0.06831 0.12668 0.01218 ( 1)
 179 L   0.77162 0.09035 0.12293 0.01510 ( 1)
 180 L   0.79644 0.06457 0.12733 0.01166 ( 1)
 181 T   0.81342 0.04698 0.13048 0.00912 ( 1)
 182 L   0.78355 0.07793 0.12503 0.01349 ( 1)
 183 R   0.81477 0.04559 0.13074 0.00890 ( 1)
 184 Y   0.81689 0.04340 0.13115 0.00857 ( 1)
 185 L   0.78373 0.07775 0.12506 0.01346 ( 1)
 186 V   0.79283 0.06831 0.12668 0.01218 ( 1)
 187 P   0.80949 0.05105 0.12974 0.00972 ( 1)
 188 L   0.78373 0.07775 0.12506 0.01346 ( 1)
 189 L   0.77162 0.09035 0.12293 0.01510 ( 1)
 190 Q   0.78361 0.07788 0.12504 0.01347 ( 1)
 191 Q   0.78361 0.07788 0.12504 0.01347 ( 1)
 192 Q   0.78361 0.07788 0.12504 0.01347 ( 1)
 193 V   0.80885 0.05171 0.12962 0.00982 ( 1)
 194 K   0.81715 0.04312 0.13120 0.00853 ( 1)
 195 D   0.80477 0.05593 0.12887 0.01044 ( 1)
 196 T   0.81002 0.05052 0.12983 0.00962 ( 1)
 197 S   0.80376 0.05698 0.12868 0.01059 ( 1)
 198 L   0.77162 0.09035 0.12293 0.01510 ( 1)
 199 K   0.81295 0.04747 0.13039 0.00919 ( 1)
 200 G   0.82048 0.03969 0.13184 0.00799 ( 1)
 201 S   0.80376 0.05698 0.12868 0.01059 ( 1)
 202 F   0.80844 0.05213 0.12954 0.00988 ( 1)
 203 G   0.81910 0.04112 0.13157 0.00822 ( 1)
 204 V   0.79283 0.06831 0.12668 0.01218 ( 1)
 205 T   0.81212 0.04849 0.13016 0.00924 ( 1)
 206 R   0.81888 0.04134 0.13153 0.00825 ( 1)
 207 K   0.81295 0.04747 0.13039 0.00919 ( 1)
 208 E   0.79994 0.06093 0.12798 0.01115 ( 1)
 209 M   0.82169 0.03843 0.13208 0.00779 ( 1)
 210 E   0.79994 0.06093 0.12798 0.01115 ( 1)
 211 V   0.80885 0.05171 0.12962 0.00982 ( 1)
 212 S   0.79967 0.06105 0.12799 0.01128 ( 1)
 213 P   0.80949 0.05105 0.12974 0.00972 ( 1)
 214 S   0.81389 0.04650 0.13057 0.00904 ( 1)
 215 T   0.80964 0.05090 0.12977 0.00970 ( 1)
 216 E   0.79994 0.06093 0.12798 0.01115 ( 1)
 217 Q   0.78361 0.07788 0.12504 0.01347 ( 1)
 218 L   0.79682 0.06418 0.12740 0.01160 ( 1)
 219 V   0.80859 0.05197 0.12958 0.00987 ( 1)
 220 Q   0.78282 0.07866 0.12491 0.01361 ( 1)
 221 V   0.78916 0.07239 0.12592 0.01253 ( 1)
 222 Y   0.80566 0.05544 0.12884 0.01006 ( 1)
 223 E   0.79877 0.06247 0.12763 0.01113 ( 1)
 224 L   0.77908 0.08293 0.12412 0.01387 ( 1)
 225 T   0.80544 0.05562 0.12882 0.01012 ( 1)
 226 L   0.78071 0.08111 0.12445 0.01373 ( 1)
 227 H   0.36242 0.48873 0.05802 0.09082 ( 2)
 228 Y   0.81232 0.04854 0.13007 0.00906 ( 1)
 229 T   0.81229 0.04858 0.13007 0.00907 ( 1)
 230 Q   0.78138 0.08045 0.12455 0.01362 ( 1)
 231 H   0.80183 0.05939 0.12815 0.01063 ( 1)
 232 Q   0.79281 0.06878 0.12651 0.01190 ( 1)
 233 D   0.80174 0.05948 0.12813 0.01065 ( 1)
 234 H   0.80183 0.05939 0.12815 0.01063 ( 1)
 235 N   0.82148 0.03921 0.13175 0.00757 ( 1)
 236 V   0.80970 0.05130 0.12957 0.00943 ( 1)
 237 V   0.79156 0.06959 0.12647 0.01238 ( 1)
 238 T   0.81215 0.04872 0.13005 0.00909 ( 1)
 239 G   0.81598 0.04483 0.13073 0.00846 ( 1)
 240 A   0.79584 0.06552 0.12710 0.01154 ( 1)
 241 L   0.77012 0.09208 0.12261 0.01519 ( 1)
 242 E   0.79974 0.06152 0.12778 0.01096 ( 1)
 243 L   0.79348 0.06798 0.12667 0.01187 ( 1)
 244 L   0.77012 0.09208 0.12261 0.01519 ( 1)
 245 Q   0.78234 0.07922 0.12481 0.01364 ( 1)
 246 Q   0.78234 0.07922 0.12481 0.01364 ( 1)
 247 L   0.79214 0.06890 0.12661 0.01235 ( 1)
 248 L   0.79468 0.06640 0.12701 0.01190 ( 1)
 249 R   0.81018 0.05036 0.12986 0.00961 ( 1)
 250 T   0.80798 0.05262 0.12945 0.00994 ( 1)
 251 P   0.80374 0.05702 0.12866 0.01058 ( 1)
 252 P   0.80211 0.05873 0.12835 0.01081 ( 1)
 253 P   0.80374 0.05702 0.12866 0.01058 ( 1)
 254 E   0.79823 0.06272 0.12766 0.01139 ( 1)
 255 L   0.79468 0.06640 0.12701 0.01190 ( 1)
 256 L   0.77077 0.09125 0.12277 0.01521 ( 1)
 257 R   0.81154 0.04882 0.13017 0.00946 ( 1)
 258 A   0.00137 0.99863 0.00000 0.00000 ( 2)
 259 L   0.77077 0.09125 0.12277 0.01521 ( 1)
 260 T   0.80802 0.05259 0.12946 0.00993 ( 1)
 261 T   0.80777 0.05285 0.12941 0.00997 ( 1)
 262 A   0.39821 0.44878 0.06395 0.08906 ( 2)
 263 G   0.81886 0.04141 0.13151 0.00823 ( 1)
 264 G   0.81856 0.04169 0.13146 0.00829 ( 1)
 265 I   0.80651 0.05414 0.12918 0.01017 ( 1)
 266 G   0.39126 0.45593 0.06281 0.08999 ( 2)
 267 Q   0.02043 0.97957 0.00000 0.00000 ( 2)
 268 L   0.79468 0.06640 0.12701 0.01190 ( 1)
 269 T   0.81415 0.04620 0.13063 0.00902 ( 1)
 270 A   0.32309 0.52839 0.05169 0.09683 ( 2)
 271 A   0.79591 0.06512 0.12724 0.01174 ( 1)
 272 K   0.81524 0.04512 0.13082 0.00882 ( 1)
 273 D   0.31973 0.53193 0.05115 0.09719 ( 2)
 274 E   0.79823 0.06272 0.12766 0.01139 ( 1)
 275 P   0.80757 0.05305 0.12937 0.01000 ( 1)
 276 G   0.51511 0.48489 0.00000 0.00000 ( 1)
 277 C   0.80904 0.05153 0.12965 0.00978 ( 1)
 278 R   0.81026 0.05027 0.12987 0.00959 ( 1)
 279 S   0.80533 0.05537 0.12896 0.01034 ( 1)
 280 R   0.81920 0.04103 0.13158 0.00819 ( 1)
 281 S   0.80198 0.05883 0.12834 0.01084 ( 1)
 282 G   0.81111 0.04939 0.13004 0.00946 ( 1)
 283 S   0.80463 0.05605 0.12885 0.01047 ( 1)
 284 I   0.80647 0.05418 0.12917 0.01017 ( 1)
 285 V   0.79129 0.06992 0.12640 0.01239 ( 1)
 286 E   0.79823 0.06272 0.12766 0.01139 ( 1)
 287 L   0.79527 0.06579 0.12712 0.01182 ( 1)
 288 I   0.82718 0.03278 0.13317 0.00687 ( 1)
 289 A   0.78599 0.07611 0.12520 0.01270 ( 1)
 290 G   0.79955 0.06229 0.12751 0.01065 ( 1)
 291 G   0.80519 0.05655 0.12848 0.00978 ( 1)
 292 G   0.81216 0.04946 0.12968 0.00869 ( 1)
 293 S   0.78672 0.07537 0.12533 0.01259 ( 1)
 294 S   0.78186 0.08034 0.12450 0.01330 ( 1)
 295 C   0.79768 0.06420 0.12719 0.01094 ( 1)
 296 S   0.79142 0.07058 0.12612 0.01188 ( 1)
 297 P   0.79297 0.06900 0.12638 0.01165 ( 1)
 298 V   0.79585 0.06606 0.12687 0.01121 ( 1)
 299 L   0.78569 0.07642 0.12515 0.01274 ( 1)
 300 S   0.78140 0.08079 0.12443 0.01338 ( 1)
 301 R   0.79936 0.06243 0.12750 0.01071 ( 1)
 302 K   0.79951 0.06233 0.12750 0.01066 ( 1)
 303 Q   0.78500 0.07712 0.12504 0.01284 ( 1)
 304 K   0.79950 0.06235 0.12750 0.01066 ( 1)
 305 G   0.80312 0.05886 0.12803 0.00998 ( 1)
 306 K   0.34601 0.50866 0.05527 0.09006 ( 2)
 307 V   0.78838 0.07343 0.12570 0.01249 ( 1)
 308 L   0.79161 0.07011 0.12626 0.01202 ( 1)
 309 F   0.80318 0.05827 0.12827 0.01028 ( 1)
 310 G   0.80752 0.05382 0.12904 0.00961 ( 1)
 311 E   0.79812 0.06344 0.12739 0.01104 ( 1)
 312 A   0.79175 0.07000 0.12627 0.01198 ( 1)
 313 A   0.79116 0.07058 0.12618 0.01208 ( 1)
 314 A   0.79729 0.06429 0.12725 0.01117 ( 1)
 315 L   0.01705 0.83985 0.00272 0.14039 ( 2)
 316 E   0.79501 0.06663 0.12685 0.01151 ( 1)
 317 D   0.79697 0.06463 0.12719 0.01122 ( 1)
 318 D   0.79966 0.06187 0.12766 0.01081 ( 1)
 319 S   0.30010 0.55631 0.04787 0.09572 ( 2)
 320 E   0.79501 0.06663 0.12685 0.01151 ( 1)
 321 S   0.78752 0.07432 0.12555 0.01261 ( 1)
 322 R   0.80919 0.05213 0.12934 0.00934 ( 1)
 323 S   0.78728 0.07455 0.12551 0.01265 ( 1)
 324 D   0.79966 0.06187 0.12766 0.01081 ( 1)
 325 G   0.81492 0.04626 0.13037 0.00846 ( 1)
 326 S   0.79862 0.06293 0.12748 0.01097 ( 1)
 327 S   0.79862 0.06293 0.12748 0.01097 ( 1)
 328 P   0.80412 0.05730 0.12844 0.01014 ( 1)
 329 T   0.80449 0.05692 0.12851 0.01008 ( 1)
 330 F   0.80311 0.05833 0.12826 0.01029 ( 1)
 331 -   0.28532 0.57165 0.04550 0.09753 ( 2)
 332 -   0.79577 0.06580 0.12700 0.01143 ( 1)
 333 A   0.29268 0.56096 0.04676 0.09961 ( 2)
 334 V   0.80885 0.05171 0.12962 0.00982 ( 1)
 335 K   0.81715 0.04312 0.13120 0.00853 ( 1)
 336 G   0.82587 0.03416 0.13289 0.00708 ( 1)
 337 E   0.79994 0.06093 0.12798 0.01115 ( 1)
 338 V   0.02507 0.81770 0.00402 0.15321 ( 2)
 339 G   0.82250 0.03732 0.13239 0.00779 ( 1)
 340 G   0.44593 0.39943 0.07176 0.08289 ( 1)
 341 E   0.79994 0.06093 0.12798 0.01115 ( 1)
 342 L   0.77162 0.09035 0.12293 0.01510 ( 1)
 343 A   0.31301 0.53925 0.05005 0.09769 ( 2)
 344 A   0.80235 0.05844 0.12842 0.01080 ( 1)
 345 S   0.79814 0.06280 0.12765 0.01141 ( 1)
 346 S   0.79814 0.06280 0.12765 0.01141 ( 1)
 347 G   0.81910 0.04112 0.13157 0.00822 ( 1)
 348 V   0.80885 0.05171 0.12962 0.00982 ( 1)
 349 P   0.33035 0.52078 0.05287 0.09600 ( 2)
 350 T   0.81685 0.04344 0.13114 0.00857 ( 1)
 351 P   0.80650 0.05420 0.12916 0.01014 ( 1)
 352 G   0.38671 0.45877 0.06214 0.09238 ( 2)
 353 S   0.79185 0.06933 0.12650 0.01231 ( 1)
 354 A   0.79728 0.06369 0.12749 0.01154 ( 1)
 355 A   0.80235 0.05844 0.12842 0.01080 ( 1)
 356 D   0.40030 0.59970 0.00000 0.00000 ( 2)
 357 S   0.79814 0.06280 0.12765 0.01141 ( 1)
 358 G   0.30383 0.54962 0.04855 0.09800 ( 2)
 359 G   0.82622 0.03375 0.13298 0.00704 ( 1)
 360 H   0.80494 0.05576 0.12889 0.01041 ( 1)
 361 D   0.80485 0.05585 0.12888 0.01042 ( 1)
 362 I   0.80850 0.05208 0.12955 0.00987 ( 1)
 363 I   0.80850 0.05208 0.12955 0.00987 ( 1)
 364 T   0.81634 0.04393 0.13106 0.00867 ( 1)
 365 E   0.79994 0.06093 0.12798 0.01115 ( 1)
 366 Q   0.78361 0.07788 0.12504 0.01347 ( 1)
 367 P   0.80941 0.05112 0.12973 0.00973 ( 1)
 368 R   0.81904 0.04119 0.13155 0.00822 ( 1)
 369 S   0.79185 0.06933 0.12650 0.01231 ( 1)
 370 Q   0.78361 0.07788 0.12504 0.01347 ( 1)
 371 H   0.80494 0.05576 0.12889 0.01041 ( 1)
 372 T   0.81339 0.04702 0.13048 0.00912 ( 1)
 373 L   0.79690 0.06408 0.12742 0.01159 ( 1)
 374 Q   0.78361 0.07788 0.12504 0.01347 ( 1)
 375 T   0.35969 0.48943 0.05765 0.09323 ( 2)
 376 D   0.80485 0.05585 0.12888 0.01042 ( 1)
 377 S   0.81309 0.04728 0.13044 0.00919 ( 1)
 378 V   0.30519 0.54828 0.04877 0.09776 ( 2)
 379 D   0.80201 0.05879 0.12836 0.01085 ( 1)
 380 L   0.77209 0.08989 0.12300 0.01502 ( 1)
 381 T   0.81182 0.04868 0.13016 0.00934 ( 1)
 382 G   0.82048 0.03969 0.13184 0.00799 ( 1)
 383 C   0.80032 0.06054 0.12804 0.01109 ( 1)
 384 D   0.80485 0.05585 0.12888 0.01042 ( 1)
 385 L   0.78373 0.07775 0.12506 0.01346 ( 1)
 386 T   0.00156 0.99844 0.00000 0.00000 ( 2)
 387 S   0.80716 0.05346 0.12931 0.01008 ( 1)
 388 G   0.82622 0.03375 0.13298 0.00704 ( 1)
 389 A   0.80202 0.05876 0.12836 0.01085 ( 1)
 390 T   0.37664 0.47010 0.06047 0.09279 ( 2)
 391 D   0.80415 0.05653 0.12877 0.01055 ( 1)
 392 G   0.81910 0.04112 0.13157 0.00822 ( 1)
 393 D   0.80470 0.05599 0.12886 0.01045 ( 1)
 394 E   0.79994 0.06093 0.12798 0.01115 ( 1)
 395 E   0.79998 0.06088 0.12799 0.01115 ( 1)
 396 D   0.80485 0.05585 0.12888 0.01042 ( 1)
 397 I   0.80850 0.05208 0.12955 0.00987 ( 1)
 398 L   0.78350 0.07799 0.12502 0.01350 ( 1)
 399 S   0.80376 0.05698 0.12868 0.01059 ( 1)
 400 H   0.80494 0.05576 0.12889 0.01041 ( 1)
 401 S   0.80376 0.05698 0.12868 0.01059 ( 1)
 402 S   0.80248 0.05830 0.12844 0.01078 ( 1)
 403 S   0.80376 0.05698 0.12868 0.01059 ( 1)
 404 Q   0.78361 0.07788 0.12504 0.01347 ( 1)
 405 M   0.00197 0.99803 0.00000 0.00000 ( 2)
 406 S   0.80376 0.05698 0.12868 0.01059 ( 1)
 407 A   0.32487 0.52608 0.05199 0.09706 ( 2)
 408 V   0.34571 0.50333 0.05540 0.09557 ( 2)
 409 P   0.81445 0.04587 0.13070 0.00898 ( 1)
 410 S   0.79814 0.06280 0.12765 0.01141 ( 1)
 411 D   0.80485 0.05585 0.12888 0.01042 ( 1)
 412 P   0.80553 0.05515 0.12900 0.01032 ( 1)
 413 A   0.80235 0.05844 0.12842 0.01080 ( 1)
 414 M   0.41688 0.42909 0.06701 0.08702 ( 2)
 415 D   0.80485 0.05585 0.12888 0.01042 ( 1)
 416 L   0.77162 0.09035 0.12293 0.01510 ( 1)
 417 N   0.82830 0.03172 0.13334 0.00664 ( 1)
 418 D   0.80201 0.05879 0.12836 0.01085 ( 1)
 419 G   0.81910 0.04112 0.13157 0.00822 ( 1)
 420 T   0.80988 0.05065 0.12981 0.00966 ( 1)
 421 Q   0.78361 0.07788 0.12504 0.01347 ( 1)
 422 A   0.80235 0.05844 0.12842 0.01080 ( 1)
 423 S   0.80248 0.05830 0.12844 0.01078 ( 1)
 424 S   0.79814 0.06280 0.12765 0.01141 ( 1)
 425 P   0.80907 0.05146 0.12967 0.00980 ( 1)
 426 I   0.80850 0.05208 0.12955 0.00987 ( 1)
 427 S   0.80716 0.05346 0.12931 0.01008 ( 1)
 428 D   0.80485 0.05585 0.12888 0.01042 ( 1)
 429 S   0.80376 0.05698 0.12868 0.01059 ( 1)
 430 S   0.80248 0.05830 0.12844 0.01078 ( 1)
 431 Q   0.78361 0.07788 0.12504 0.01347 ( 1)
 432 T   0.80988 0.05065 0.12981 0.00966 ( 1)
 433 T   0.80988 0.05065 0.12981 0.00966 ( 1)
 434 T   0.80988 0.05065 0.12981 0.00966 ( 1)
 435 E   0.79994 0.06093 0.12798 0.01115 ( 1)
 436 G   0.81910 0.04112 0.13157 0.00822 ( 1)
 437 P   0.80925 0.05128 0.12970 0.00976 ( 1)
 438 D   0.80201 0.05879 0.12836 0.01085 ( 1)
 439 S   0.79163 0.06955 0.12647 0.01235 ( 1)
 440 A   0.80103 0.05973 0.12821 0.01103 ( 1)
 441 V   0.79283 0.06831 0.12668 0.01218 ( 1)
 442 T   0.80988 0.05065 0.12981 0.00966 ( 1)
 443 P   0.80553 0.05515 0.12900 0.01032 ( 1)
 444 S   0.80230 0.05852 0.12839 0.01079 ( 1)
 445 D   0.80485 0.05585 0.12888 0.01042 ( 1)
 446 S   0.80716 0.05346 0.12931 0.01008 ( 1)
 447 S   0.79814 0.06280 0.12765 0.01141 ( 1)
 448 E   0.80323 0.05753 0.12858 0.01066 ( 1)
 449 I   0.80580 0.05486 0.12905 0.01028 ( 1)
 450 -   0.79199 0.06809 0.12694 0.01298 ( 1)
 451 L   0.78873 0.07294 0.12581 0.01252 ( 1)
 452 D   0.79858 0.06280 0.12754 0.01107 ( 1)
 453 G   0.82252 0.03827 0.13187 0.00734 ( 1)
 454 A   0.79867 0.06274 0.12754 0.01105 ( 1)
 455 D   0.80129 0.06004 0.12801 0.01066 ( 1)
 456 S   0.80023 0.06112 0.12783 0.01082 ( 1)
 457 Q   0.78106 0.08084 0.12448 0.01362 ( 1)
 458 Y   0.80533 0.05589 0.12873 0.01005 ( 1)
 459 P   0.31733 0.53699 0.05069 0.09499 ( 2)
 460 G   0.81531 0.04565 0.13054 0.00850 ( 1)
 461 M   0.81792 0.04298 0.13102 0.00808 ( 1)
 462 Q   0.78384 0.07780 0.12502 0.01334 ( 1)
 463 A   0.02711 0.82400 0.00433 0.14456 ( 2)
 464 G   0.42793 0.52451 0.01966 0.02790 ( 2)
 465 Q   0.78106 0.08084 0.12448 0.01362 ( 1)
 466 P   0.34132 0.51193 0.05456 0.09218 ( 2)
 467 Q   0.29441 0.66017 0.01344 0.03198 ( 2)
 468 D   0.80124 0.06010 0.12800 0.01066 ( 1)
 469 E   0.35937 0.64063 0.00000 0.00000 ( 2)
 470 D   0.80114 0.06018 0.12799 0.01069 ( 1)
 471 E   0.79655 0.06490 0.12718 0.01137 ( 1)
 472 D   0.80121 0.06012 0.12800 0.01068 ( 1)
 473 A   0.02345 0.92809 0.00108 0.04738 ( 2)
 474 A   0.79414 0.06735 0.12676 0.01175 ( 1)
 475 A   0.29085 0.56546 0.04640 0.09730 ( 2)
 476 V   0.35558 0.49704 0.05687 0.09051 ( 2)
 477 L   0.79364 0.06789 0.12666 0.01180 ( 1)
 478 P   0.80195 0.05936 0.12813 0.01056 ( 1)
 479 D   0.37013 0.62987 0.00000 0.00000 ( 2)
 480 E   0.79972 0.06165 0.12773 0.01090 ( 1)
 481 D   0.80121 0.06012 0.12800 0.01068 ( 1)
 482 A   0.00157 0.92608 0.00011 0.07225 ( 2)
 483 E   0.79655 0.06490 0.12718 0.01137 ( 1)
 484 A   0.79384 0.06774 0.12668 0.01174 ( 1)
 485 F   0.80747 0.05369 0.12911 0.00972 ( 1)
 486 R   0.80833 0.05281 0.12927 0.00959 ( 1)
 487 N   0.03794 0.80064 0.00609 0.15533 ( 2)
 488 S   0.79483 0.06668 0.12687 0.01163 ( 1)
 489 S   0.79900 0.06239 0.12761 0.01100 ( 1)
 490 I   0.32948 0.52383 0.05266 0.09403 ( 2)
 491 A   0.79495 0.06694 0.12674 0.01137 ( 1)
 492 L   0.79260 0.06881 0.12654 0.01205 ( 1)
 493 Q   0.79180 0.06964 0.12640 0.01217 ( 1)
 494 Q   0.79180 0.06964 0.12640 0.01217 ( 1)
 495 A   0.79157 0.06987 0.12636 0.01220 ( 1)
