10
NM_212435.1_323-2467    0.0000000 0.0857026 0.0841262 0.0912986 0.0992443 0.0831600 0.0813101 0.1030862 0.0941456 0.0828284 
NM_014491.4_557-2704    0.0857026 0.0000000 0.0037779 0.0500369 0.0516802 0.0478614 0.0482081 0.0675085 0.0517132 0.0451973 
XM_054687043.2_337-2613 0.0841262 0.0037779 0.0000000 0.0485661 0.0563620 0.0437157 0.0440171 0.0668567 0.0527016 0.0481564 
NM_001205569.3_1-2238   0.0912986 0.0500369 0.0485661 0.0000000 0.0467764 0.0361853 0.0352479 0.0710292 0.0635438 0.0524951 
XM_038439870.1_389-2602 0.0992443 0.0516802 0.0563620 0.0467764 0.0000000 0.0468216 0.0473904 0.0774261 0.0605896 0.0536459 
XM_019925131.2_314-2584 0.0831600 0.0478614 0.0437157 0.0361853 0.0468216 0.0000000 0.0127184 0.0674115 0.0596479 0.0493684 
XM_036862984.1_730-2931 0.0813101 0.0482081 0.0440171 0.0352479 0.0473904 0.0127184 0.0000000 0.0678142 0.0600327 0.0492198 
XM_023760067.1_254-2446 0.1030862 0.0675085 0.0668567 0.0710292 0.0774261 0.0674115 0.0678142 0.0000000 0.0831972 0.0746022 
XM_004382567.2_1-2250   0.0941456 0.0517132 0.0527016 0.0635438 0.0605896 0.0596479 0.0600327 0.0831972 0.0000000 0.0374827 
XM_023544567.1_404-2617 0.0828284 0.0451973 0.0481564 0.0524951 0.0536459 0.0493684 0.0492198 0.0746022 0.0374827 0.0000000 
