28
Bbon       0.0000000 0.0110314 0.0205951 0.0200244 0.0154393 0.0088162 0.0222934 0.0263147 0.0291685 0.0250545 0.0222864 0.0289778 0.0213347 0.0245718 0.0268444 0.0268444 0.0223118 0.0200244 0.0313378 0.0338493 0.0245528 0.0316022 0.0314284 0.0182842 0.0200244 0.0245571 0.0222626 0.0268618 
Bmus       0.0110314 0.0000000 0.0312999 0.0269499 0.0222614 0.0110815 0.0298464 0.0366955 0.0364663 0.0302878 0.0298374 0.0391967 0.0317124 0.0320400 0.0342227 0.0342227 0.0298701 0.0276621 0.0414339 0.0409813 0.0315439 0.0388355 0.0386294 0.0257531 0.0269499 0.0320214 0.0298067 0.0338956 
Ccom       0.0205951 0.0312999 0.0000000 0.0000010 0.0231865 0.0233474 0.0025406 0.0035488 0.0050920 0.0000010 0.0025397 0.0077248 0.0025367 0.0050924 0.0076513 0.0076513 0.0025429 0.0000010 0.0128255 0.0128452 0.0050882 0.0102799 0.0102209 0.0072567 0.0000010 0.0025394 0.0025367 0.0050929 
Chea       0.0200244 0.0269499 0.0000010 0.0000000 0.0199969 0.0201166 0.0021949 0.0032351 0.0088346 0.0049276 0.0021942 0.0095188 0.0023369 0.0043982 0.0066070 0.0066070 0.0021966 0.0000010 0.0118775 0.0133262 0.0043951 0.0111084 0.0110494 0.0072567 0.0000010 0.0043957 0.0021919 0.0066110 
Cmar       0.0154393 0.0222614 0.0231865 0.0199969 0.0000000 0.0155104 0.0222627 0.0225595 0.0291281 0.0250157 0.0222557 0.0314149 0.0237216 0.0245379 0.0268073 0.0268073 0.0222810 0.0199969 0.0335895 0.0338022 0.0245190 0.0315582 0.0313849 0.0294473 0.0199969 0.0245232 0.0222319 0.0268247 
Erob       0.0088162 0.0110815 0.0233474 0.0201166 0.0155104 0.0000000 0.0223961 0.0263726 0.0293035 0.0251846 0.0223890 0.0291254 0.0238731 0.0246852 0.0269684 0.0269684 0.0224147 0.0201166 0.0339912 0.0340067 0.0246660 0.0317493 0.0315739 0.0219732 0.0201166 0.0246703 0.0223650 0.0269859 
Hamp       0.0222934 0.0298464 0.0025406 0.0021949 0.0222627 0.0223961 0.0000000 0.0064891 0.0104769 0.0074087 0.0041649 0.0112441 0.0044208 0.0041693 0.0083588 0.0083588 0.0041692 0.0020792 0.0134707 0.0147464 0.0066054 0.0126435 0.0125785 0.0109196 0.0021949 0.0062571 0.0041608 0.0088318 
Igeo       0.0263147 0.0366955 0.0035488 0.0032351 0.0225595 0.0263726 0.0064891 0.0000000 0.0130598 0.0076809 0.0064862 0.0071087 0.0035488 0.0097622 0.0130451 0.0130451 0.0064968 0.0032351 0.0035592 0.0163889 0.0097517 0.0131160 0.0130451 0.0147956 0.0032351 0.0064875 0.0064762 0.0064895 
Kbre       0.0291685 0.0364663 0.0050920 0.0088346 0.0291281 0.0293035 0.0104769 0.0130598 0.0000000 0.0000010 0.0104739 0.0158059 0.0088764 0.0125954 0.0147160 0.0147160 0.0104850 0.0083662 0.0180341 0.0126226 0.0132941 0.0105217 0.0189828 0.0146037 0.0088346 0.0125885 0.0104634 0.0155536 
Ksim       0.0250545 0.0302878 0.0000010 0.0049276 0.0250157 0.0251846 0.0074087 0.0076809 0.0000010 0.0000000 0.0074062 0.0107814 0.0052870 0.0074112 0.0098829 0.0098829 0.0049276 0.0049276 0.0161587 0.0099125 0.0073941 0.0074369 0.0148815 0.0043807 0.0049276 0.0098935 0.0073975 0.0124037 
Laus       0.0222864 0.0298374 0.0025397 0.0021942 0.0222557 0.0223890 0.0041649 0.0064862 0.0104739 0.0074062 0.0000000 0.0112406 0.0044195 0.0062587 0.0083564 0.0083564 0.0041680 0.0020786 0.0134664 0.0147421 0.0066034 0.0126397 0.0125748 0.0072567 0.0021942 0.0062553 0.0041596 0.0088291 
Lbor       0.0289778 0.0391967 0.0077248 0.0095188 0.0314149 0.0291254 0.0112441 0.0071087 0.0158059 0.0107814 0.0112406 0.0000000 0.0112286 0.0135197 0.0157962 0.0157962 0.0112534 0.0089770 0.0159116 0.0227631 0.0143265 0.0204933 0.0203806 0.0110754 0.0095188 0.0112395 0.0112286 0.0095226 
Meur       0.0213347 0.0317124 0.0025367 0.0023369 0.0237216 0.0238731 0.0044208 0.0035488 0.0088764 0.0052870 0.0044195 0.0112286 0.0000000 0.0066439 0.0088712 0.0088712 0.0044244 0.0022062 0.0134520 0.0156585 0.0070338 0.0134259 0.0133537 0.0108952 0.0023369 0.0044190 0.0044149 0.0070399 
Mgin       0.0245718 0.0320400 0.0050924 0.0043982 0.0245379 0.0246852 0.0041693 0.0097622 0.0125954 0.0074112 0.0062587 0.0135197 0.0066439 0.0000000 0.0104676 0.0104676 0.0062653 0.0041660 0.0157470 0.0168848 0.0088243 0.0147784 0.0147033 0.0146059 0.0043982 0.0083581 0.0062525 0.0110613 
Naasi      0.0268444 0.0342227 0.0076513 0.0066070 0.0268073 0.0269684 0.0083588 0.0130451 0.0147160 0.0098829 0.0083564 0.0157962 0.0088712 0.0104676 0.0000000 0.0000010 0.0083652 0.0062577 0.0180230 0.0169000 0.0110464 0.0147919 0.0041566 0.0000010 0.0066070 0.0104619 0.0083481 0.0132929 
Npho       0.0268444 0.0342227 0.0076513 0.0066070 0.0268073 0.0269684 0.0083588 0.0130451 0.0147160 0.0098829 0.0083564 0.0157962 0.0088712 0.0104676 0.0000010 0.0000000 0.0083652 0.0062577 0.0180230 0.0169000 0.0110464 0.0147919 0.0041566 0.0000010 0.0066070 0.0104619 0.0083481 0.0132929 
Obre       0.0223118 0.0298701 0.0025429 0.0021966 0.0222810 0.0224147 0.0041692 0.0064968 0.0104850 0.0049276 0.0041680 0.0112534 0.0044244 0.0062653 0.0083652 0.0083652 0.0000000 0.0020808 0.0134817 0.0147578 0.0066107 0.0126532 0.0125882 0.0109341 0.0021966 0.0062619 0.0041639 0.0088389 
Ohei       0.0200244 0.0276621 0.0000010 0.0000010 0.0199969 0.0201166 0.0020792 0.0032351 0.0083662 0.0049276 0.0020786 0.0089770 0.0022062 0.0041660 0.0062577 0.0062577 0.0020808 0.0000000 0.0112034 0.0126154 0.0043951 0.0105156 0.0104630 0.0072567 0.0000010 0.0041638 0.0020766 0.0066110 
Pbla       0.0313378 0.0414339 0.0128255 0.0118775 0.0335895 0.0339912 0.0134707 0.0035592 0.0180341 0.0161587 0.0134664 0.0159116 0.0134520 0.0157470 0.0180230 0.0180230 0.0134817 0.0112034 0.0000000 0.0249982 0.0166858 0.0227328 0.0226077 0.0221000 0.0118775 0.0134651 0.0134520 0.0118823 
Pcat       0.0338493 0.0409813 0.0128452 0.0133262 0.0338022 0.0340067 0.0147464 0.0163889 0.0126226 0.0099125 0.0147421 0.0227631 0.0156585 0.0168848 0.0169000 0.0169000 0.0147578 0.0126154 0.0249982 0.0000000 0.0178251 0.0000010 0.0211950 0.0146635 0.0133262 0.0168753 0.0147273 0.0201116 
Pcra       0.0245528 0.0315439 0.0050882 0.0043951 0.0245190 0.0246660 0.0066054 0.0097517 0.0132941 0.0073941 0.0066034 0.0143265 0.0070338 0.0088243 0.0110464 0.0110464 0.0066107 0.0043951 0.0166858 0.0178251 0.0000000 0.0156014 0.0155181 0.0109384 0.0043951 0.0088192 0.0065965 0.0110532 
Pmac       0.0316022 0.0388355 0.0102799 0.0111084 0.0315582 0.0317493 0.0126435 0.0131160 0.0105217 0.0074369 0.0126397 0.0204933 0.0134259 0.0147784 0.0147919 0.0147919 0.0126532 0.0105156 0.0227328 0.0000010 0.0156014 0.0000000 0.0190810 0.0146635 0.0111084 0.0147702 0.0126271 0.0178823 
Ppho       0.0314284 0.0386294 0.0102209 0.0110494 0.0313849 0.0315739 0.0125785 0.0130451 0.0189828 0.0148815 0.0125748 0.0203806 0.0133537 0.0147033 0.0041566 0.0041566 0.0125882 0.0104630 0.0226077 0.0211950 0.0155181 0.0190810 0.0000000 0.0036069 0.0110494 0.0146951 0.0125623 0.0177850 
Pspi       0.0182842 0.0257531 0.0072567 0.0072567 0.0294473 0.0219732 0.0109196 0.0147956 0.0146037 0.0043807 0.0072567 0.0110754 0.0108952 0.0146059 0.0000010 0.0000010 0.0109341 0.0072567 0.0221000 0.0146635 0.0109384 0.0146635 0.0036069 0.0000000 0.0072567 0.0072567 0.0108952 0.0109341 
Schi       0.0200244 0.0269499 0.0000010 0.0000010 0.0199969 0.0201166 0.0021949 0.0032351 0.0088346 0.0049276 0.0021942 0.0095188 0.0023369 0.0043982 0.0066070 0.0066070 0.0021966 0.0000010 0.0118775 0.0133262 0.0043951 0.0111084 0.0110494 0.0072567 0.0000000 0.0043957 0.0021919 0.0066110 
Sflu       0.0245571 0.0320214 0.0025394 0.0043957 0.0245232 0.0246703 0.0062571 0.0064875 0.0125885 0.0098935 0.0062553 0.0112395 0.0044190 0.0083581 0.0104619 0.0104619 0.0062619 0.0041638 0.0134651 0.0168753 0.0088192 0.0147702 0.0146951 0.0072567 0.0043957 0.0000000 0.0062491 0.0110549 
Tadu       0.0222626 0.0298067 0.0025367 0.0021919 0.0222319 0.0223650 0.0041608 0.0064762 0.0104634 0.0073975 0.0041596 0.0112286 0.0044149 0.0062525 0.0083481 0.0083481 0.0041639 0.0020766 0.0134520 0.0147273 0.0065965 0.0126271 0.0125623 0.0108952 0.0021919 0.0062491 0.0000000 0.0088198 
Zcav       0.0268618 0.0338956 0.0050929 0.0066110 0.0268247 0.0269859 0.0088318 0.0064895 0.0155536 0.0124037 0.0088291 0.0095226 0.0070399 0.0110613 0.0132929 0.0132929 0.0088389 0.0066110 0.0118823 0.0201116 0.0110532 0.0178823 0.0177850 0.0109341 0.0066110 0.0110549 0.0088198 0.0000000 
