Supplemental results for CODEML (seqf: /home/leticiamagpali/phd/evol_models/codeml/big_dataset/cml_align/CASQ1_codon_aligned.phy  treef: /home/leticiamagpali/phd/evol_models/codeml/big_dataset/cml_trees/gene_trees/H1d_gene_trees/CASQ1_tree_H1d.tre)

I	J	ij	2Ns_IJ	pMut_IJ	pSub_IJ	2Ns_JI	pMut_JI	pSub_JI

TTC	TTT	CT	0.91138	0.26405	0.40240	-0.91138	0.65689	0.40240
TTA	TTT	AT	1.57234	0.00959	0.01903	-1.57234	0.04621	0.01903
TTA	TTC	AC	0.66096	0.04444	0.06073	-0.66096	0.08607	0.06073
TTG	TTT	GT	3.78788	0.00042	0.00161	-3.78788	0.01834	0.00161
TTG	TTC	GC	2.87649	0.00192	0.00586	-2.87649	0.03416	0.00586
TTG	TTA	GA	2.21554	0.00543	0.01351	-2.21554	0.04978	0.01351
TCT	TTT	CT	2.46654	0.05576	0.15028	-2.46654	0.65689	0.15028
TCC	TTC	CT	4.68396	0.01131	0.05346	-4.68396	1.22359	0.05346
TCC	TCT	CT	3.12880	0.01131	0.03700	-3.12880	0.25837	0.03700
TCA	TTA	CT	1.12939	0.09100	0.15186	-1.12939	0.28152	0.15186
TCA	TCT	AT	0.23519	0.01436	0.01612	-0.23519	0.01817	0.01612
TCA	TCC	AC	-2.89361	0.06657	0.01129	2.89361	0.00369	0.01129
TCG	TTG	CT	2.73739	0.00079	0.00231	-2.73739	0.01219	0.00231
TCG	TCT	GT	4.05872	0.00012	0.00051	-4.05872	0.00721	0.00051
TCG	TCC	GC	0.92992	0.00058	0.00089	-0.92992	0.00146	0.00089
TCG	TCA	GA	3.82353	0.00163	0.00637	-3.82353	0.07456	0.00637
TAT	TTT	AT	1.24644	0.01329	0.02324	-1.24644	0.04621	0.02324
TAT	TCT	AC	-1.22010	0.06156	0.03146	1.22010	0.01817	0.03146
TAC	TTC	AT	1.10591	0.02848	0.04707	-1.10591	0.08607	0.04707
TAC	TCC	AC	-3.57805	0.13198	0.01357	3.57805	0.00369	0.01357
TAC	TAT	CT	0.77086	0.18042	0.25880	-0.77086	0.38999	0.25880
TGT	TTT	GT	9.61749	0.00000	0.00000	-9.61749	0.01834	0.00001
TGT	TCT	GC	7.15094	0.00000	0.00000	-7.15094	0.00721	0.00004
TGT	TAT	GA	8.37105	0.00000	0.00000	-8.37105	0.06896	0.00013
TGC	TTC	GT	10.23952	0.00000	0.00000	-10.23952	0.03416	0.00001
TGC	TCC	GC	5.55556	0.00000	0.00000	-5.55556	0.00146	0.00003
TGC	TAC	GA	9.13361	0.00000	0.00000	-9.13361	0.14784	0.00015
TGC	TGT	CT	1.53341	0.00000	0.00000	-1.53341	0.00000	0.00000
TGG	TTG	GT	-3.74012	0.01432	0.00130	3.74012	0.00034	0.00130
TGG	TCG	GC	-6.47750	0.06638	0.00066	6.47750	0.00010	0.00066
TGG	TGT	GT	-9.56973	0.01432	0.00001	9.56973	0.00000	0.00000
TGG	TGC	GC	-11.10314	0.06638	0.00001	11.10314	0.00000	0.00000
CTT	TTT	CT	3.44110	0.02104	0.07480	-3.44110	0.65689	0.07480
CTC	TTC	CT	2.74138	0.07890	0.23120	-2.74138	1.22359	0.23120
CTC	CTT	CT	0.21166	0.07890	0.08754	-0.21166	0.09750	0.08754
CTA	TTA	CT	1.00202	0.10336	0.16365	-1.00202	0.28152	0.16365
CTA	CTT	AT	-0.86674	0.01632	0.01025	0.86674	0.00686	0.01025
CTA	CTC	AC	-1.07840	0.07561	0.04203	1.07840	0.02572	0.04203
CTG	TTG	CT	-3.82929	0.56102	0.04771	3.82929	0.01219	0.04771
CTG	CTT	GT	-3.48251	0.08856	0.00978	3.48251	0.00272	0.00978
CTG	CTC	GC	-3.69417	0.41040	0.03866	3.69417	0.01021	0.03866
CTG	CTA	GA	-2.61577	1.15842	0.23901	2.61577	0.08469	0.23901
CCT	TCT	CT	0.66544	0.13281	0.18187	-0.66544	0.25837	0.18187
CCT	CTT	CT	-0.30912	0.13281	0.11334	0.30912	0.09750	0.11334
CCC	TCC	CT	-1.15111	0.16569	0.08823	1.15111	0.05240	0.08823
CCC	CTC	CT	0.79148	0.16569	0.23982	-0.79148	0.36562	0.23982
CCC	CCT	CT	1.31225	0.16569	0.29752	-1.31225	0.61545	0.29752
CCA	TCA	CT	2.90252	0.02314	0.07108	-2.90252	0.42168	0.07108
CCA	CTA	CT	3.02989	0.02314	0.07368	-3.02989	0.47896	0.07368
CCA	CCT	AT	2.47227	0.00365	0.00986	-2.47227	0.04329	0.00986
CCA	CCC	AC	1.16001	0.01693	0.02861	-1.16001	0.05401	0.02861
CCG	TCG	CT	-1.78681	0.02183	0.00785	1.78681	0.00366	0.00785
CCG	CTG	CT	4.77986	0.02183	0.10523	-4.77986	2.59977	0.10523
CCG	CCT	GT	1.60646	0.00345	0.00693	-1.60646	0.01718	0.00693
CCG	CCC	GC	0.29421	0.01597	0.01843	-0.29421	0.02143	0.01843
CCG	CCA	GA	-0.86580	0.04508	0.02834	0.86580	0.01896	0.02834
CAT	TAT	CT	2.20187	0.04313	0.10678	-2.20187	0.38999	0.10678
CAT	CTT	AT	0.00720	0.00681	0.00683	-0.00720	0.00686	0.00683
CAT	CCT	AC	0.31632	0.03155	0.03680	-0.31632	0.04329	0.03680
CAC	TAC	CT	2.87691	0.04708	0.14352	-2.87691	0.83604	0.14352
CAC	CTC	AT	1.24144	0.00743	0.01298	-1.24144	0.02572	0.01298
CAC	CCC	AC	0.44996	0.03444	0.04276	-0.44996	0.05401	0.04276
CAC	CAT	CT	1.44589	0.04708	0.08904	-1.44589	0.19987	0.08904
CAA	CTA	AT	1.00512	0.01233	0.01955	-1.00512	0.03369	0.01955
CAA	CCA	AC	-2.02477	0.05714	0.01760	2.02477	0.00754	0.01760
CAA	CAT	AT	0.13118	0.01233	0.01316	-0.13118	0.01406	0.01316
CAA	CAC	AC	-1.31472	0.05714	0.02758	1.31472	0.01534	0.02758
CAG	CTG	AT	2.72390	0.01200	0.03498	-2.72390	0.18287	0.03498
CAG	CCG	AC	-2.05596	0.05560	0.01678	2.05596	0.00712	0.01678
CAG	CAT	GT	-0.76581	0.01200	0.00799	0.76581	0.00558	0.00799
CAG	CAC	GC	-2.21171	0.05560	0.01512	2.21171	0.00609	0.01512
CAG	CAA	GA	-0.89699	0.15695	0.09695	0.89699	0.06400	0.09695
CGT	TGT	CT	-6.42433	0.02209	0.00023	6.42433	0.00000	0.00000
CGT	CTT	GT	-0.24795	0.00349	0.00307	0.24795	0.00272	0.00307
CGT	CCT	GC	0.06117	0.01616	0.01666	-0.06117	0.01718	0.01666
CGT	CAT	GA	-0.25515	0.04562	0.04004	0.25515	0.03534	0.04004
CGC	TGC	CT	1.53341	0.00000	0.00000	-1.53341	0.00000	0.00000
CGC	CTC	GT	9.03156	0.00000	0.00000	-9.03156	0.01021	0.00001
CGC	CCC	GC	8.24008	0.00000	0.00000	-8.24008	0.02143	0.00005
CGC	CAC	GA	7.79011	0.00000	0.00000	-7.79011	0.03858	0.00012
CGC	CGT	CT	9.49116	0.00000	0.00000	-9.49116	0.10237	0.00007
CGA	CTA	GT	1.34383	0.00349	0.00634	-1.34383	0.01337	0.00634
CGA	CCA	GC	-1.68605	0.01616	0.00620	1.68605	0.00299	0.00620
CGA	CAA	GA	0.33871	0.04562	0.05378	-0.33871	0.06400	0.05378
CGA	CGT	AT	0.72504	0.00349	0.00490	-0.72504	0.00720	0.00490
CGA	CGC	AC	-8.76612	0.01616	0.00002	8.76612	0.00000	0.00000
CGG	TGG	CT	2.97024	0.02157	0.06752	-2.97024	0.42050	0.06752
CGG	CTG	GT	3.05941	0.00340	0.01093	-3.05941	0.07257	0.01093
CGG	CCG	GC	-1.72045	0.01578	0.00592	1.72045	0.00282	0.00592
CGG	CAG	GA	0.33551	0.04453	0.05242	-0.33551	0.06229	0.05242
CGG	CGT	GT	-0.17516	0.00340	0.00312	0.17516	0.00286	0.00312
CGG	CGC	GC	-9.66632	0.01578	0.00001	9.66632	0.00000	0.00000
CGG	CGA	GA	-0.90020	0.04453	0.02746	0.90020	0.01810	0.02746
ATT	TTT	AT	0.54706	0.02674	0.03471	-0.54706	0.04621	0.03471
ATT	CTT	AC	-2.89404	0.12390	0.02101	2.89404	0.00686	0.02101
ATC	TTC	AT	1.07859	0.02927	0.04784	-1.07859	0.08607	0.04784
ATC	CTC	AC	-1.66279	0.13563	0.05277	1.66279	0.02572	0.05277
ATC	ATT	CT	1.44292	0.18541	0.35029	-1.44292	0.78485	0.35029
ATA	TTA	AT	1.59275	0.00403	0.00805	-1.59275	0.01980	0.00805
ATA	CTA	AC	0.59073	0.01866	0.02471	-0.59073	0.03369	0.02471
ATA	ATT	AT	2.61803	0.00403	0.01137	-2.61803	0.05521	0.01137
ATA	ATC	AC	1.17512	0.01866	0.03173	-1.17512	0.06044	0.03173
ATG	TTG	AT	-3.37263	0.02500	0.00299	3.37263	0.00086	0.00299
ATG	CTG	AC	0.45666	0.11583	0.14428	-0.45666	0.18287	0.14428
ATG	ATT	GT	-0.13181	0.02500	0.02338	0.13181	0.02191	0.02338
ATG	ATC	GC	-1.57473	0.11583	0.04763	1.57473	0.02398	0.04763
ATG	ATA	GA	-2.74984	0.32694	0.06141	2.74984	0.02090	0.06141
ACT	TCT	AT	0.60099	0.00996	0.01326	-0.60099	0.01817	0.01326
ACT	CCT	AC	-0.06445	0.04617	0.04470	0.06445	0.04329	0.04470
ACT	ATT	CT	2.52047	0.06312	0.17300	-2.52047	0.78485	0.17300
ACC	TCC	AT	-1.50021	0.01652	0.00712	1.50021	0.00369	0.00712
ACC	CCC	AC	-0.34910	0.07657	0.06398	0.34910	0.05401	0.06398
ACC	ATC	CT	2.10516	0.10467	0.25092	-2.10516	0.85920	0.25092
ACC	ACT	CT	1.02760	0.10467	0.16751	-1.02760	0.29249	0.16751
ACA	TCA	AT	1.35113	0.00768	0.01400	-1.35113	0.02966	0.01400
ACA	CCA	AC	-1.55139	0.03559	0.01485	1.55139	0.00754	0.01485
ACA	ATA	CT	0.88777	0.04865	0.07341	-0.88777	0.11822	0.07341
ACA	ACT	AT	0.98533	0.00768	0.01208	-0.98533	0.02057	0.01208
ACA	ACC	AC	-0.04227	0.03559	0.03484	0.04227	0.03412	0.03484
ACG	TCG	AT	-2.88587	0.00461	0.00079	2.88587	0.00026	0.00079
ACG	CCG	AC	-1.09906	0.02136	0.01173	1.09906	0.00712	0.01173
ACG	ATG	CT	3.22414	0.02920	0.09803	-3.22414	0.73374	0.09803
ACG	ACT	GT	0.57186	0.00461	0.00605	-0.57186	0.00816	0.00605
ACG	ACC	GC	-0.45575	0.02136	0.01686	0.45575	0.01354	0.01686
ACG	ACA	GA	-0.41347	0.06028	0.04868	0.41347	0.03987	0.04868
AAT	TAT	AT	0.38412	0.01868	0.02250	-0.38412	0.02743	0.02250
AAT	CAT	AC	-1.81775	0.08657	0.03051	1.81775	0.01406	0.03051
AAT	ATT	AT	1.08350	0.01868	0.03060	-1.08350	0.05521	0.03060
AAT	ACT	AC	-1.43698	0.08657	0.03878	1.43698	0.02057	0.03878
AAC	TAC	AT	0.86400	0.02479	0.03702	-0.86400	0.05881	0.03702
AAC	CAC	AC	-2.01290	0.11485	0.03565	2.01290	0.01534	0.03565
AAC	ATC	AT	0.89132	0.02479	0.03745	-0.89132	0.06044	0.03745
AAC	ACC	AC	-1.21384	0.11485	0.05891	1.21384	0.03412	0.05891
AAC	AAT	CT	1.25074	0.15701	0.27515	-1.25074	0.54842	0.27515
AAA	CAA	AC	-0.96108	0.06657	0.03962	0.96108	0.02546	0.03962
AAA	ATA	AT	-0.54668	0.01436	0.01079	0.54668	0.00832	0.01079
AAA	ACA	AC	-1.43445	0.06657	0.02986	1.43445	0.01586	0.02986
AAA	AAT	AT	0.98785	0.01436	0.02261	-0.98785	0.03858	0.02261
AAA	AAC	AC	-0.26289	0.06657	0.05820	0.26289	0.05118	0.05820
AAG	CAG	AC	-2.39400	0.27148	0.06527	2.39400	0.02478	0.06527
AAG	ATG	AT	-0.12675	0.05859	0.05495	0.12675	0.05161	0.05495
AAG	ACG	AC	-3.35089	0.27148	0.03305	3.35089	0.00952	0.03305
AAG	AAT	GT	-1.34206	0.05859	0.02781	1.34206	0.01531	0.02781
AAG	AAC	GC	-2.59280	0.27148	0.05692	2.59280	0.02031	0.05692
AAG	AAA	GA	-2.32991	0.76630	0.19246	2.32991	0.07456	0.19246
AGT	TGT	AT	-7.58938	0.00498	0.00002	7.58938	0.00000	0.00000
AGT	CGT	AC	-1.16505	0.02309	0.01219	1.16505	0.00720	0.01219
AGT	ATT	GT	1.48105	0.00498	0.00955	-1.48105	0.02191	0.00955
AGT	ACT	GC	-1.03943	0.02309	0.01313	1.03943	0.00816	0.01313
AGT	AAT	GA	0.39755	0.06516	0.07897	-0.39755	0.09698	0.07897
AGC	TGC	AT	-9.02842	0.02101	0.00002	9.02842	0.00000	0.00000
AGC	CGC	AC	-10.56184	0.09735	0.00003	10.56184	0.00000	0.00000
AGC	ATC	GT	0.13250	0.02101	0.02243	-0.13250	0.02398	0.02243
AGC	ACC	GC	-1.97266	0.09735	0.03102	1.97266	0.01354	0.03102
AGC	AAC	GA	-0.75882	0.27478	0.18358	0.75882	0.12866	0.18358
AGC	AGT	CT	0.09437	0.13308	0.13945	-0.09437	0.14625	0.13945
AGA	CGA	AC	-1.78023	0.04271	0.01542	1.78023	0.00720	0.01542
AGA	ATA	GT	-1.02712	0.00922	0.00528	1.02712	0.00330	0.00528
AGA	ACA	GC	-1.91489	0.04271	0.01413	1.91489	0.00629	0.01413
AGA	AAA	GA	-0.48044	0.12056	0.09391	0.48044	0.07456	0.09391
AGA	AGT	AT	0.10986	0.00922	0.00973	-0.10986	0.01029	0.00973
AGA	AGC	AC	0.01549	0.04271	0.04304	-0.01549	0.04338	0.04304
AGG	TGG	AT	1.05920	0.01026	0.01663	-1.05920	0.02958	0.01663
AGG	CGG	AC	-1.91104	0.04752	0.01577	1.91104	0.00703	0.01577
AGG	ATG	GT	0.69171	0.01026	0.01421	-0.69171	0.02048	0.01421
AGG	ACG	GC	-2.53243	0.04752	0.01039	2.53243	0.00378	0.01039
AGG	AAG	GA	0.81846	0.13414	0.19645	-0.81846	0.30411	0.19645
AGG	AGT	GT	-0.92115	0.01026	0.00625	0.92115	0.00408	0.00625
AGG	AGC	GC	-1.01552	0.04752	0.02741	1.01552	0.01721	0.02741
AGG	AGA	GA	-1.03101	0.13414	0.07667	1.03101	0.04784	0.07667
GTT	TTT	GT	0.90877	0.00739	0.01125	-0.90877	0.01834	0.01125
GTT	CTT	GC	-2.53233	0.03424	0.00749	2.53233	0.00272	0.00749
GTT	ATT	GA	0.36171	0.09666	0.11519	-0.36171	0.13878	0.11519
GTC	TTC	GT	0.35129	0.02404	0.02851	-0.35129	0.03416	0.02851
GTC	CTC	GC	-2.39009	0.11139	0.02685	2.39009	0.01021	0.02685
GTC	ATC	GA	-0.72731	0.31442	0.21382	0.72731	0.15193	0.21382
GTC	GTT	CT	0.35390	0.15227	0.18081	-0.35390	0.21693	0.18081
GTA	TTA	GT	-0.35145	0.01117	0.00932	0.35145	0.00786	0.00932
GTA	CTA	GC	-1.35347	0.05175	0.02440	1.35347	0.01337	0.02440
GTA	ATA	GA	-1.94420	0.14608	0.04743	1.94420	0.02090	0.04743
GTA	GTT	AT	0.31212	0.01117	0.01300	-0.31212	0.01526	0.01300
GTA	GTC	AC	-0.04178	0.05175	0.05068	0.04178	0.04963	0.05068
GTG	TTG	GT	-4.97828	0.04941	0.00171	4.97828	0.00034	0.00171
GTG	CTG	GC	-1.14900	0.22896	0.12208	1.14900	0.07257	0.12208
GTG	ATG	GA	-1.60565	0.64628	0.26066	1.60565	0.12975	0.26066
GTG	GTT	GT	-2.09918	0.04941	0.01449	2.09918	0.00606	0.01449
GTG	GTC	GC	-2.45307	0.22896	0.05287	2.45307	0.01970	0.05287
GTG	GTA	GA	-2.41129	0.64628	0.15356	2.41129	0.05797	0.15356
GCT	TCT	GT	-0.93162	0.01831	0.01109	0.93162	0.00721	0.01109
GCT	CCT	GC	-1.59706	0.08484	0.03440	1.59706	0.01718	0.03440
GCT	ACT	GA	-1.53261	0.23948	0.10110	1.53261	0.05172	0.10110
GCT	GTT	CT	0.62615	0.11598	0.15606	-0.62615	0.21693	0.15606
GCC	TCC	GT	-2.97899	0.02877	0.00459	2.97899	0.00146	0.00459
GCC	CCC	GC	-1.82788	0.13332	0.04668	1.82788	0.02143	0.04668
GCC	ACC	GA	-1.47878	0.37633	0.16428	1.47878	0.08577	0.16428
GCC	GTC	CT	1.35369	0.18226	0.33263	-1.35369	0.70564	0.33263
GCC	GCT	CT	1.08143	0.18226	0.29823	-1.08143	0.53745	0.29823
GCA	TCA	GT	-0.86000	0.02782	0.01755	0.86000	0.01177	0.01755
GCA	CCA	GC	-3.76251	0.12890	0.01153	3.76251	0.00299	0.01153
GCA	ACA	GA	-2.21112	0.36384	0.09900	2.21112	0.03987	0.09900
GCA	GTA	CT	0.62085	0.17621	0.23653	-0.62085	0.32784	0.23653
GCA	GCT	AT	0.30681	0.02782	0.03230	-0.30681	0.03780	0.03230
GCA	GCC	AC	-0.77462	0.12890	0.08536	0.77462	0.05941	0.08536
GCG	TCG	GT	-4.17572	0.00664	0.00043	4.17572	0.00010	0.00043
GCG	CCG	GC	-2.38891	0.03078	0.00743	2.38891	0.00282	0.00743
GCG	ACG	GA	-1.28985	0.08689	0.04258	1.28985	0.02392	0.04258
GCG	GTG	CT	3.53995	0.04208	0.15342	-3.53995	1.45041	0.15342
GCG	GCT	GT	0.81462	0.00664	0.00971	-0.81462	0.01500	0.00971
GCG	GCC	GC	-0.26681	0.03078	0.02686	0.26681	0.02358	0.02686
GCG	GCA	GA	0.50781	0.08689	0.11082	-0.50781	0.14439	0.11082
GAT	TAT	GT	-1.68076	0.05846	0.02248	1.68076	0.01089	0.02248
GAT	CAT	GC	-3.88263	0.27088	0.02212	3.88263	0.00558	0.02212
GAT	AAT	GA	-2.06488	0.76460	0.22933	2.06488	0.09698	0.22933
GAT	GTT	AT	-1.34310	0.05846	0.02773	1.34310	0.01526	0.02773
GAT	GCT	AC	-1.96925	0.27088	0.08652	1.96925	0.03780	0.08652
GAC	TAC	GT	-1.25508	0.08187	0.04097	1.25508	0.02334	0.04097
GAC	CAC	GC	-4.13199	0.37938	0.02557	4.13199	0.00609	0.02557
GAC	AAC	GA	-2.11909	1.07088	0.30986	2.11909	0.12866	0.30986
GAC	GTC	AT	-0.50046	0.08187	0.06309	0.50046	0.04963	0.06309
GAC	GCC	AC	-1.85414	0.37938	0.13060	1.85414	0.05941	0.13060
GAC	GAT	CT	1.19654	0.51863	0.88936	-1.19654	1.71595	0.88936
GAA	CAA	GC	-2.98003	0.19893	0.03172	2.98003	0.01010	0.03172
GAA	AAA	GA	-2.01895	0.56150	0.17359	2.01895	0.07456	0.17359
GAA	GTA	AT	-0.62143	0.04293	0.03096	0.62143	0.02306	0.03096
GAA	GCA	AC	-1.24228	0.19893	0.10031	1.24228	0.05744	0.10031
GAA	GAT	AT	1.03378	0.04293	0.06887	-1.03378	0.12070	0.06887
GAA	GAC	AC	-0.16276	0.19893	0.18318	0.16276	0.16905	0.18318
GAG	CAG	GC	-4.19207	0.65052	0.04185	4.19207	0.00983	0.04185
GAG	AAG	GA	-1.79807	1.83620	0.65534	1.79807	0.30411	0.65534
GAG	GTG	AT	-0.31917	0.14038	0.11917	0.31917	0.10202	0.11917
GAG	GCG	AC	-3.85912	0.65052	0.05408	3.85912	0.01372	0.05408
GAG	GAT	GT	-1.07525	0.14038	0.07818	1.07525	0.04790	0.07818
GAG	GAC	GC	-2.27179	0.65052	0.16993	2.27179	0.06709	0.16993
GAG	GAA	GA	-2.10903	1.83620	0.53487	2.10903	0.22283	0.53487
GGT	TGT	GT	-9.24755	0.01038	0.00001	9.24755	0.00000	0.00000
GGT	CGT	GC	-2.82322	0.04810	0.00858	2.82322	0.00286	0.00858
GGT	AGT	GA	-1.65817	0.13576	0.05297	1.65817	0.02586	0.05297
GGT	GTT	GT	-0.53884	0.01038	0.00783	0.53884	0.00606	0.00783
GGT	GCT	GC	-1.16499	0.04810	0.02540	1.16499	0.01500	0.02540
GGT	GAT	GA	0.80426	0.13576	0.19759	-0.80426	0.30343	0.19759
GGC	TGC	GT	-9.90611	0.02005	0.00001	9.90611	0.00000	0.00000
GGC	CGC	GC	-11.43952	0.09292	0.00001	11.43952	0.00000	0.00000
GGC	AGC	GA	-0.87768	0.26229	0.16381	0.87768	0.10905	0.16381
GGC	GTC	GT	-0.01787	0.02005	0.01987	0.01787	0.01970	0.01987
GGC	GCC	GC	-1.37156	0.09292	0.04333	1.37156	0.02358	0.04333
GGC	GAC	GA	0.48258	0.26229	0.33065	-0.48258	0.42498	0.33065
GGC	GGT	CT	0.87486	0.12703	0.19059	-0.87486	0.30468	0.19059
GGA	CGA	GC	-2.66773	0.04117	0.00819	2.66773	0.00286	0.00819
GGA	AGA	GA	-0.88750	0.11621	0.07217	0.88750	0.04784	0.07217
GGA	GTA	GT	0.02958	0.00888	0.00902	-0.02958	0.00915	0.00902
GGA	GCA	GC	-0.59127	0.04117	0.03019	0.59127	0.02279	0.03019
GGA	GAA	GA	0.65101	0.11621	0.15811	-0.65101	0.22283	0.15811
GGA	GGT	AT	0.88053	0.00888	0.01336	-0.88053	0.02143	0.01336
GGA	GGC	AC	0.00567	0.04117	0.04129	-0.00567	0.04140	0.04129
GGG	TGG	GT	-0.48901	0.01914	0.01484	0.48901	0.01174	0.01484
GGG	CGG	GC	-3.45925	0.08870	0.00996	3.45925	0.00279	0.00996
GGG	AGG	GA	-1.54821	0.25037	0.10468	1.54821	0.05323	0.10468
GGG	GTG	GT	0.74915	0.01914	0.02720	-0.74915	0.04049	0.02720
GGG	GCG	GC	-2.79080	0.08870	0.01619	2.79080	0.00544	0.01619
GGG	GAG	GA	1.06833	0.25037	0.40747	-1.06833	0.72869	0.40747
GGG	GGT	GT	-0.81119	0.01914	0.01242	0.81119	0.00850	0.01242
GGG	GGC	GC	-1.68605	0.08870	0.03400	1.68605	0.01643	0.03400
GGG	GGA	GA	-1.69172	0.25037	0.09563	1.69172	0.04612	0.09563


Histograms
2Ns	FMut	FSub(CodonUsage)	FSubw(after w)

-10.89478	0.00411	0.00000
-9.80530	0.00328	0.00000
-8.71582	0.00474	0.00001
-7.62635	0.00081	0.00001
-6.53687	0.00142	0.00002
-5.44739	0.00081	0.00005
-4.35791	0.10281	0.00986
-3.26843	0.14157	0.03538
-2.17896	0.25338	0.12426
-1.08948	0.26746	0.25425
0.00000	0.09014	0.15233
1.08948	0.09160	0.25425
2.17896	0.03013	0.12426
3.26843	0.00641	0.03538
4.35791	0.00132	0.00986
5.44739	0.00001	0.00005
6.53687	0.00000	0.00002
7.62635	0.00000	0.00000
8.71582	0.00000	0.00000
9.80530	0.00000	0.00000
10.89478	0.00000	0.00000

Proportion of advantageous (S > 0) mutations:
 0.16755

Proportions of good & bad mutations (|S| > 2.0000) among mutations:
0.02784  0.45203

mean |Ns| = 2.09684	mean Ns+ = 1.16071	mean Ns- = -2.28525


MLEs of dN/dS (w) for site classes (K=4)

site class             0        1       2a       2b
proportion       0.47403  0.09779  0.35495  0.07323
background w     0.06452  2.13080  0.06452  2.13080
foreground w     0.06452  2.13080  0.37899  0.37899

Naive Empirical Bayes (NEB) probabilities for 4 classes
(amino acids refer to 1st sequence: Bacu)

   1 M   0.55044 0.02297 0.40852 0.01807 ( 1)
   2 S   0.00002 0.55607 0.00001 0.44390 ( 2)
   3 A   0.54376 0.02921 0.40428 0.02275 ( 1)
   4 A   0.53425 0.03834 0.39781 0.02960 ( 1)
   5 D   0.15292 0.41443 0.11395 0.31870 ( 2)
   6 R   0.56125 0.01296 0.41545 0.01034 ( 1)
   7 M   0.01331 0.54674 0.00987 0.43008 ( 2)
   8 G   0.55491 0.01873 0.41158 0.01478 ( 1)
   9 A   0.54780 0.02538 0.40697 0.01985 ( 1)
  10 R   0.54901 0.02423 0.40777 0.01898 ( 1)
  11 A   0.13609 0.23737 0.59335 0.03319 ( 3)
  12 V   0.52480 0.04750 0.39126 0.03644 ( 1)
  13 P   0.53540 0.03722 0.39860 0.02877 ( 1)
  14 G   0.24567 0.32026 0.18235 0.25172 ( 2)
  15 L   0.00353 0.56631 0.00264 0.42753 ( 2)
  16 R   0.02841 0.52599 0.02098 0.42462 ( 2)
  17 L   0.49474 0.07712 0.36991 0.05822 ( 1)
  18 A   0.53425 0.03834 0.39781 0.02960 ( 1)
  19 L   0.49474 0.07712 0.36991 0.05822 ( 1)
  20 L   0.49650 0.07537 0.37122 0.05690 ( 1)
  21 L   0.24484 0.32147 0.18184 0.25185 ( 2)
  22 L   0.09363 0.47658 0.07000 0.35979 ( 2)
  23 L   0.49670 0.07517 0.37137 0.05675 ( 1)
  24 V   0.52480 0.04750 0.39126 0.03644 ( 1)
  25 L   0.51072 0.06131 0.38133 0.04664 ( 1)
  26 G   0.55491 0.01873 0.41158 0.01478 ( 1)
  27 T   0.55665 0.01714 0.41265 0.01356 ( 1)
  28 P   0.01330 0.53966 0.00982 0.43722 ( 2)
  29 K   0.00021 0.56652 0.00016 0.43311 ( 2)
  30 S   0.53573 0.03688 0.39892 0.02847 ( 1)
  31 G   0.55492 0.01872 0.41158 0.01478 ( 1)
  32 V   0.52480 0.04750 0.39126 0.03644 ( 1)
  33 Q   0.53814 0.03458 0.40049 0.02679 ( 1)
  34 G   0.27652 0.28866 0.20475 0.23007 ( 2)
  35 E   0.00529 0.55958 0.00394 0.43120 ( 2)
  36 D   0.15171 0.41562 0.11306 0.31961 ( 2)
  37 G   0.55491 0.01873 0.41158 0.01478 ( 1)
  38 L   0.49474 0.07712 0.36991 0.05822 ( 1)
  39 D   0.00580 0.55958 0.00432 0.43031 ( 2)
  40 F   0.51780 0.05436 0.38634 0.04151 ( 1)
  41 P   0.53540 0.03722 0.39860 0.02877 ( 1)
  42 E   0.51629 0.05583 0.38528 0.04260 ( 1)
  43 Y   0.52913 0.04329 0.39428 0.03330 ( 1)
  44 D   0.52130 0.05092 0.38881 0.03897 ( 1)
  45 G   0.55225 0.02120 0.40988 0.01667 ( 1)
  46 V   0.52480 0.04750 0.39126 0.03644 ( 1)
  47 D   0.52857 0.04383 0.39389 0.03370 ( 1)
  48 R   0.54473 0.02828 0.40494 0.02205 ( 1)
  49 V   0.52480 0.04750 0.39126 0.03644 ( 1)
  50 V   0.55257 0.02090 0.41008 0.01645 ( 1)
  51 N   0.54888 0.02436 0.40768 0.01908 ( 1)
  52 V   0.55257 0.02090 0.41008 0.01645 ( 1)
  53 N   0.55610 0.01763 0.41232 0.01395 ( 1)
  54 A   0.16671 0.40014 0.12414 0.30901 ( 2)
  55 K   0.53614 0.03651 0.39912 0.02823 ( 1)
  56 N   0.55610 0.01763 0.41232 0.01395 ( 1)
  57 Y   0.51335 0.05872 0.38320 0.04473 ( 1)
  58 K   0.53641 0.03624 0.39932 0.02803 ( 1)
  59 N   0.23113 0.33491 0.17168 0.26229 ( 2)
  60 V   0.52480 0.04750 0.39126 0.03644 ( 1)
  61 F   0.51780 0.05436 0.38634 0.04151 ( 1)
  62 K   0.53614 0.03651 0.39912 0.02823 ( 1)
  63 K   0.53614 0.03651 0.39912 0.02823 ( 1)
  64 Y   0.51388 0.05819 0.38360 0.04433 ( 1)
  65 E   0.51629 0.05583 0.38528 0.04260 ( 1)
  66 V   0.52480 0.04750 0.39126 0.03644 ( 1)
  67 L   0.49474 0.07712 0.36991 0.05822 ( 1)
  68 A   0.53546 0.03714 0.39871 0.02868 ( 1)
  69 L   0.49474 0.07712 0.36991 0.05822 ( 1)
  70 L   0.56709 0.00788 0.41864 0.00639 ( 1)
  71 Y   0.51331 0.05876 0.38317 0.04476 ( 1)
  72 H   0.56440 0.01018 0.41724 0.00819 ( 1)
  73 E   0.53350 0.03906 0.39730 0.03014 ( 1)
  74 H   0.00956 0.55462 0.00712 0.42870 ( 2)
  75 P   0.53549 0.03713 0.39867 0.02870 ( 1)
  76 E   0.12451 0.44388 0.09291 0.33870 ( 2)
  77 D   0.00616 0.55770 0.00459 0.43156 ( 2)
  78 D   0.15450 0.41287 0.11513 0.31749 ( 2)
  79 K   0.53614 0.03651 0.39912 0.02823 ( 1)
  80 A   0.54780 0.02538 0.40697 0.01985 ( 1)
  81 S   0.53403 0.03855 0.39766 0.02977 ( 1)
  82 Q   0.53148 0.04100 0.39592 0.03160 ( 1)
  83 R   0.54901 0.02423 0.40777 0.01898 ( 1)
  84 Q   0.53814 0.03458 0.40049 0.02679 ( 1)
  85 F   0.52529 0.04703 0.39160 0.03608 ( 1)
  86 E   0.52363 0.04877 0.38996 0.03764 ( 1)
  87 M   0.55237 0.02109 0.40995 0.01659 ( 1)
  88 E   0.12443 0.44396 0.09285 0.33876 ( 2)
  89 E   0.51629 0.05583 0.38528 0.04260 ( 1)
  90 L   0.49474 0.07712 0.36991 0.05822 ( 1)
  91 I   0.54343 0.02950 0.40413 0.02295 ( 1)
  92 L   0.49474 0.07712 0.36991 0.05822 ( 1)
  93 E   0.51629 0.05583 0.38528 0.04260 ( 1)
  94 L   0.54639 0.02680 0.40581 0.02100 ( 1)
  95 A   0.53141 0.04113 0.39570 0.03176 ( 1)
  96 A   0.54502 0.02810 0.40490 0.02198 ( 1)
  97 Q   0.52862 0.04382 0.39379 0.03377 ( 1)
  98 V   0.54992 0.02349 0.40811 0.01848 ( 1)
  99 L   0.50932 0.06283 0.37958 0.04826 ( 1)
 100 E   0.53067 0.04184 0.39520 0.03229 ( 1)
 101 D   0.14466 0.42258 0.10780 0.32496 ( 2)
 102 K   0.53329 0.03931 0.39700 0.03040 ( 1)
 103 G   0.54960 0.02379 0.40791 0.01871 ( 1)
 104 V   0.56464 0.01016 0.41699 0.00821 ( 1)
 105 G   0.54910 0.02426 0.40758 0.01906 ( 1)
 106 F   0.51534 0.05678 0.38451 0.04337 ( 1)
 107 G   0.55236 0.02121 0.40968 0.01675 ( 1)
 108 M   0.54972 0.02368 0.40798 0.01862 ( 1)
 109 V   0.52214 0.05013 0.38928 0.03845 ( 1)
 110 D   0.52583 0.04654 0.39185 0.03579 ( 1)
 111 S   0.57416 0.00445 0.41748 0.00392 ( 1)
 112 E   0.51407 0.05803 0.38362 0.04428 ( 1)
 113 K   0.53341 0.03919 0.39708 0.03031 ( 1)
 114 D   0.14434 0.42289 0.10757 0.32520 ( 2)
 115 T   0.02426 0.53017 0.01792 0.42765 ( 2)
 116 V   0.22444 0.34219 0.16687 0.26650 ( 2)
 117 V   0.25603 0.30930 0.18979 0.24488 ( 2)
 118 A   0.20643 0.35923 0.15336 0.28098 ( 2)
 119 K   0.53329 0.03931 0.39700 0.03040 ( 1)
 120 K   0.55174 0.02179 0.40929 0.01718 ( 1)
 121 L   0.50837 0.06364 0.37958 0.04841 ( 1)
 122 G   0.55325 0.02040 0.41023 0.01613 ( 1)
 123 L   0.51072 0.06131 0.38133 0.04664 ( 1)
 124 T   0.28541 0.27956 0.21114 0.22388 ( 1)
 125 E   0.53350 0.03906 0.39730 0.03014 ( 1)
 126 E   0.51629 0.05583 0.38527 0.04260 ( 1)
 127 D   0.52857 0.04383 0.39389 0.03371 ( 1)
 128 S   0.54352 0.02943 0.40413 0.02292 ( 1)
 129 I   0.52830 0.04410 0.39370 0.03390 ( 1)
 130 Y   0.52089 0.05124 0.38883 0.03904 ( 1)
 131 V   0.28773 0.27849 0.21330 0.22048 ( 1)
 132 F   0.51779 0.05436 0.38634 0.04151 ( 1)
 133 K   0.53614 0.03651 0.39912 0.02824 ( 1)
 134 E   0.19869 0.36521 0.14732 0.28878 ( 2)
 135 D   0.52120 0.05102 0.38874 0.03904 ( 1)
 136 E   0.53350 0.03906 0.39730 0.03014 ( 1)
 137 V   0.55257 0.02090 0.41008 0.01645 ( 1)
 138 I   0.52830 0.04410 0.39370 0.03390 ( 1)
 139 E   0.51629 0.05583 0.38527 0.04260 ( 1)
 140 Y   0.52892 0.04349 0.39413 0.03346 ( 1)
 141 D   0.52397 0.04837 0.39046 0.03720 ( 1)
 142 G   0.55157 0.02184 0.40942 0.01717 ( 1)
 143 E   0.51611 0.05601 0.38514 0.04274 ( 1)
 144 F   0.52453 0.04778 0.39103 0.03666 ( 1)
 145 S   0.56629 0.00857 0.41821 0.00693 ( 1)
 146 A   0.54355 0.02941 0.40413 0.02291 ( 1)
 147 D   0.52837 0.04403 0.39374 0.03386 ( 1)
 148 T   0.55945 0.01459 0.41435 0.01161 ( 1)
 149 L   0.49464 0.07722 0.36983 0.05830 ( 1)
 150 V   0.52460 0.04770 0.39111 0.03659 ( 1)
 151 E   0.51611 0.05601 0.38514 0.04274 ( 1)
 152 F   0.52509 0.04723 0.39145 0.03624 ( 1)
 153 L   0.49464 0.07722 0.36983 0.05830 ( 1)
 154 L   0.57486 0.00206 0.42133 0.00174 ( 1)
 155 D   0.52101 0.05121 0.38859 0.03919 ( 1)
 156 V   0.55257 0.02090 0.41008 0.01645 ( 1)
 157 L   0.50968 0.06233 0.38063 0.04737 ( 1)
 158 E   0.13098 0.43747 0.09774 0.33381 ( 2)
 159 D   0.52857 0.04383 0.39389 0.03370 ( 1)
 160 P   0.53944 0.03334 0.40136 0.02586 ( 1)
 161 V   0.52480 0.04750 0.39126 0.03644 ( 1)
 162 E   0.53350 0.03906 0.39730 0.03014 ( 1)
 163 F   0.52378 0.04852 0.39047 0.03723 ( 1)
 164 I   0.52841 0.04399 0.39378 0.03382 ( 1)
 165 D   0.12479 0.44360 0.09313 0.33849 ( 2)
 166 G   0.55225 0.02120 0.40988 0.01667 ( 1)
 167 E   0.53350 0.03906 0.39730 0.03014 ( 1)
 168 R   0.08123 0.48298 0.06041 0.37538 ( 2)
 169 E   0.51629 0.05583 0.38528 0.04260 ( 1)
 170 L   0.49474 0.07712 0.36991 0.05822 ( 1)
 171 Q   0.53814 0.03458 0.40049 0.02679 ( 1)
 172 A   0.53490 0.03769 0.39830 0.02911 ( 1)
 173 F   0.52526 0.04705 0.39158 0.03610 ( 1)
 174 E   0.51629 0.05583 0.38528 0.04260 ( 1)
 175 N   0.54888 0.02436 0.40768 0.01908 ( 1)
 176 I   0.54412 0.02888 0.40450 0.02250 ( 1)
 177 E   0.53339 0.03916 0.39722 0.03022 ( 1)
 178 D   0.52120 0.05102 0.38874 0.03904 ( 1)
 179 E   0.51629 0.05583 0.38528 0.04260 ( 1)
 180 N   0.55610 0.01763 0.41232 0.01395 ( 1)
 181 K   0.55432 0.01927 0.41120 0.01520 ( 1)
 182 L   0.56709 0.00788 0.41864 0.00639 ( 1)
 183 I   0.52854 0.04386 0.39388 0.03372 ( 1)
 184 G   0.55177 0.02165 0.40957 0.01702 ( 1)
 185 Y   0.51331 0.05876 0.38317 0.04476 ( 1)
 186 F   0.51780 0.05436 0.38634 0.04151 ( 1)
 187 K   0.53614 0.03651 0.39912 0.02823 ( 1)
 188 S   0.54352 0.02943 0.40413 0.02292 ( 1)
 189 K   0.55432 0.01927 0.41120 0.01520 ( 1)
 190 D   0.52857 0.04383 0.39389 0.03370 ( 1)
 191 S   0.53403 0.03855 0.39766 0.02977 ( 1)
 192 E   0.51629 0.05583 0.38528 0.04260 ( 1)
 193 H   0.55609 0.01808 0.41135 0.01448 ( 1)
 194 Y   0.50668 0.06533 0.37822 0.04977 ( 1)
 195 K   0.54619 0.02720 0.40517 0.02145 ( 1)
 196 A   0.53921 0.03378 0.40059 0.02642 ( 1)
 197 Y   0.00395 0.56369 0.00295 0.42941 ( 2)
 198 E   0.50930 0.06276 0.38006 0.04789 ( 1)
 199 D   0.13299 0.43409 0.09910 0.33381 ( 2)
 200 A   0.52631 0.04615 0.39190 0.03564 ( 1)
 201 A   0.55870 0.01570 0.41297 0.01263 ( 1)
 202 E   0.50967 0.06238 0.38034 0.04760 ( 1)
 203 E   0.50967 0.06238 0.38034 0.04760 ( 1)
 204 F   0.51778 0.05444 0.38603 0.04175 ( 1)
 205 H   0.55652 0.01766 0.41167 0.01415 ( 1)
 206 P   0.52743 0.04507 0.39267 0.03483 ( 1)
 207 Y   0.50703 0.06498 0.37848 0.04950 ( 1)
 208 I   0.53623 0.03661 0.39864 0.02853 ( 1)
 209 P   0.52731 0.04519 0.39257 0.03493 ( 1)
 210 F   0.51101 0.06107 0.38128 0.04664 ( 1)
 211 F   0.51103 0.06105 0.38129 0.04663 ( 1)
 212 A   0.53971 0.03329 0.40096 0.02604 ( 1)
 213 T   0.55264 0.02119 0.40931 0.01686 ( 1)
 214 F   0.11516 0.45277 0.08590 0.34617 ( 2)
 215 D   0.52087 0.05143 0.38815 0.03955 ( 1)
 216 S   0.53534 0.03745 0.39805 0.02916 ( 1)
 217 K   0.52806 0.04446 0.39310 0.03438 ( 1)
 218 V   0.52174 0.05052 0.38898 0.03875 ( 1)
 219 A   0.53099 0.04154 0.39539 0.03208 ( 1)
 220 K   0.53286 0.03973 0.39668 0.03073 ( 1)
 221 K   0.53306 0.03954 0.39682 0.03058 ( 1)
 222 L   0.49319 0.07866 0.36875 0.05939 ( 1)
 223 T   0.55694 0.01702 0.41249 0.01355 ( 1)
 224 L   0.49319 0.07866 0.36875 0.05939 ( 1)
 225 K   0.53286 0.03973 0.39668 0.03073 ( 1)
 226 L   0.49319 0.07866 0.36875 0.05939 ( 1)
 227 N   0.55327 0.02039 0.41022 0.01612 ( 1)
 228 E   0.51487 0.05724 0.38421 0.04368 ( 1)
 229 I   0.54237 0.03059 0.40320 0.02384 ( 1)
 230 D   0.51973 0.05247 0.38764 0.04015 ( 1)
 231 F   0.51634 0.05580 0.38525 0.04261 ( 1)
 232 Y   0.51195 0.06011 0.38215 0.04579 ( 1)
 233 E   0.51487 0.05724 0.38421 0.04368 ( 1)
 234 A   0.54616 0.02698 0.40575 0.02110 ( 1)
 235 F   0.51634 0.05580 0.38525 0.04261 ( 1)
 236 T   0.00013 0.55959 0.00010 0.44018 ( 2)
 237 E   0.16051 0.40634 0.11954 0.31361 ( 2)
 238 E   0.51487 0.05724 0.38421 0.04368 ( 1)
 239 P   0.53777 0.03498 0.40011 0.02713 ( 1)
 240 V   0.52322 0.04906 0.39009 0.03763 ( 1)
 241 T   0.55827 0.01573 0.41348 0.01252 ( 1)
 242 I   0.54274 0.03023 0.40347 0.02356 ( 1)
 243 P   0.56596 0.00894 0.41785 0.00724 ( 1)
 244 D   0.52672 0.04565 0.39252 0.03511 ( 1)
 245 K   0.53446 0.03816 0.39787 0.02951 ( 1)
 246 P   0.53372 0.03888 0.39734 0.03005 ( 1)
 247 N   0.54795 0.02530 0.40690 0.01984 ( 1)
 248 S   0.54303 0.02992 0.40376 0.02329 ( 1)
 249 E   0.53183 0.04070 0.39606 0.03141 ( 1)
 250 E   0.51487 0.05724 0.38421 0.04368 ( 1)
 251 E   0.51487 0.05724 0.38421 0.04368 ( 1)
 252 I   0.52668 0.04570 0.39249 0.03514 ( 1)
 253 V   0.55102 0.02241 0.40893 0.01764 ( 1)
 254 S   0.00000 0.87757 0.00000 0.12243 ( 2)
 255 F   0.51637 0.05576 0.38528 0.04259 ( 1)
 256 V   0.52322 0.04906 0.39009 0.03763 ( 1)
 257 E   0.51487 0.05724 0.38421 0.04368 ( 1)
 258 E   0.12292 0.44545 0.09173 0.33990 ( 2)
 259 H   0.56327 0.01127 0.41640 0.00906 ( 1)
 260 R   0.55997 0.01420 0.41450 0.01133 ( 1)
 261 R   0.53495 0.03797 0.39733 0.02974 ( 1)
 262 S   0.52312 0.04928 0.38954 0.03805 ( 1)
 263 T   0.54865 0.02506 0.40635 0.01994 ( 1)
 264 L   0.48944 0.08241 0.36594 0.06221 ( 1)
 265 R   0.55065 0.02322 0.40760 0.01853 ( 1)
 266 K   0.54068 0.03219 0.40209 0.02504 ( 1)
 267 L   0.48944 0.08241 0.36594 0.06221 ( 1)
 268 K   0.52405 0.04840 0.39012 0.03743 ( 1)
 269 P   0.52720 0.04536 0.39225 0.03519 ( 1)
 270 E   0.50660 0.06543 0.37804 0.04993 ( 1)
 271 S   0.55067 0.02319 0.40762 0.01852 ( 1)
 272 M   0.54036 0.03281 0.40103 0.02580 ( 1)
 273 Y   0.51736 0.05490 0.38551 0.04223 ( 1)
 274 E   0.50660 0.06543 0.37804 0.04993 ( 1)
 275 T   0.54865 0.02506 0.40635 0.01994 ( 1)
 276 W   0.49629 0.07561 0.37079 0.05731 ( 1)
 277 E   0.50666 0.06534 0.37828 0.04972 ( 1)
 278 D   0.51682 0.05536 0.38541 0.04240 ( 1)
 279 D   0.10120 0.40078 0.44363 0.05438 ( 3)
 280 L   0.48948 0.08236 0.36606 0.06210 ( 1)
 281 D   0.51080 0.06126 0.38121 0.04673 ( 1)
 282 G   0.54430 0.02887 0.40418 0.02265 ( 1)
 283 I   0.53205 0.04057 0.39595 0.03143 ( 1)
 284 H   0.55258 0.02115 0.40950 0.01677 ( 1)
 285 I   0.51696 0.05522 0.38552 0.04229 ( 1)
 286 V   0.51390 0.05822 0.38338 0.04450 ( 1)
 287 A   0.53548 0.03727 0.39829 0.02896 ( 1)
 288 F   0.51431 0.05782 0.38367 0.04420 ( 1)
 289 A   0.52232 0.04999 0.38926 0.03843 ( 1)
 290 E   0.50666 0.06534 0.37828 0.04972 ( 1)
 291 E   0.52165 0.05064 0.38880 0.03891 ( 1)
 292 A   0.00022 0.55758 0.00016 0.44204 ( 2)
 293 D   0.51080 0.06126 0.38121 0.04673 ( 1)
 294 P   0.52720 0.04526 0.39262 0.03492 ( 1)
 295 D   0.50966 0.06239 0.38035 0.04759 ( 1)
 296 G   0.55041 0.02297 0.40856 0.01805 ( 1)
 297 Y   0.52772 0.04468 0.39323 0.03437 ( 1)
 298 E   0.51506 0.05705 0.38435 0.04354 ( 1)
 299 F   0.51653 0.05560 0.38540 0.04247 ( 1)
 300 L   0.54775 0.02548 0.40682 0.01996 ( 1)
 301 E   0.51506 0.05705 0.38435 0.04354 ( 1)
 302 I   0.52689 0.04549 0.39265 0.03497 ( 1)
 303 L   0.56624 0.00870 0.41801 0.00705 ( 1)
 304 K   0.53468 0.03794 0.39804 0.02934 ( 1)
 305 S   0.00000 0.56217 0.00000 0.43783 ( 2)
 306 V   0.52343 0.04885 0.39024 0.03747 ( 1)
 307 A   0.54639 0.02676 0.40592 0.02093 ( 1)
 308 Q   0.15519 0.41184 0.11561 0.31736 ( 2)
 309 D   0.51989 0.05232 0.38776 0.04004 ( 1)
 310 N   0.55475 0.01895 0.41132 0.01499 ( 1)
 311 T   0.56168 0.01266 0.41552 0.01014 ( 1)
 312 E   0.16120 0.40566 0.12005 0.31309 ( 2)
 313 N   0.54910 0.02414 0.40785 0.01891 ( 1)
 314 P   0.53789 0.03487 0.40020 0.02705 ( 1)
 315 D   0.52716 0.04522 0.39284 0.03477 ( 1)
 316 L   0.49404 0.07782 0.36939 0.05875 ( 1)
 317 S   0.54208 0.03085 0.40305 0.02402 ( 1)
 318 I   0.20151 0.36457 0.14980 0.28412 ( 2)
 319 V   0.20107 0.36500 0.14948 0.28445 ( 2)
 320 W   0.50261 0.06933 0.37552 0.05255 ( 1)
 321 I   0.52712 0.04526 0.39282 0.03480 ( 1)
 322 D   0.52716 0.04522 0.39284 0.03477 ( 1)
 323 P   0.53800 0.03476 0.40028 0.02696 ( 1)
 324 D   0.51989 0.05232 0.38776 0.04004 ( 1)
 325 D   0.52716 0.04522 0.39284 0.03477 ( 1)
 326 F   0.51653 0.05560 0.38540 0.04247 ( 1)
 327 P   0.53395 0.03866 0.39751 0.02988 ( 1)
 328 L   0.49404 0.07782 0.36939 0.05875 ( 1)
 329 L   0.48349 0.08833 0.36150 0.06668 ( 1)
 330 V   0.53826 0.03552 0.39751 0.02871 ( 1)
 331 P   0.54625 0.02828 0.40223 0.02324 ( 1)
 332 Y   0.49310 0.07879 0.36808 0.06002 ( 1)
 333 W   0.48789 0.08396 0.36452 0.06364 ( 1)
 334 E   0.49478 0.07713 0.36923 0.05886 ( 1)
 335 K   0.50746 0.06472 0.37777 0.05006 ( 1)
 336 T   0.53699 0.03668 0.39674 0.02959 ( 1)
 337 F   0.50001 0.07200 0.37287 0.05512 ( 1)
 338 N   0.52483 0.04804 0.38913 0.03800 ( 1)
 339 I   0.51383 0.05856 0.38198 0.04563 ( 1)
 340 D   0.50227 0.06978 0.37429 0.05366 ( 1)
 341 L   0.48349 0.08833 0.36150 0.06668 ( 1)
 342 S   0.50595 0.06619 0.37675 0.05111 ( 1)
 343 A   0.51673 0.05577 0.38389 0.04362 ( 1)
 344 P   0.54625 0.02828 0.40223 0.02324 ( 1)
 345 Q   0.50617 0.06599 0.37675 0.05109 ( 1)
 346 I   0.54922 0.02564 0.40391 0.02122 ( 1)
 347 G   0.52469 0.04817 0.38905 0.03809 ( 1)
 348 V   0.52118 0.05151 0.38678 0.04053 ( 1)
 349 V   0.52118 0.05151 0.38678 0.04053 ( 1)
 350 N   0.51770 0.05484 0.38452 0.04294 ( 1)
 351 V   0.53826 0.03552 0.39751 0.02871 ( 1)
 352 T   0.53283 0.04053 0.39418 0.03246 ( 1)
 353 D   0.49766 0.07430 0.37118 0.05686 ( 1)
 354 A   0.56472 0.00990 0.41741 0.00797 ( 1)
 355 D   0.52857 0.04383 0.39389 0.03370 ( 1)
 356 S   0.54352 0.02943 0.40413 0.02292 ( 1)
 357 I   0.05112 0.50706 0.03785 0.40396 ( 2)
 358 W   0.50356 0.06838 0.37623 0.05183 ( 1)
 359 M   0.55237 0.02109 0.40995 0.01659 ( 1)
 360 D   0.12951 0.43892 0.09665 0.33492 ( 2)
 361 M   0.55237 0.02109 0.40995 0.01659 ( 1)
 362 D   0.52120 0.05102 0.38874 0.03904 ( 1)
 363 D   0.52120 0.05102 0.38874 0.03904 ( 1)
 364 E   0.53344 0.03911 0.39726 0.03018 ( 1)
 365 E   0.51629 0.05583 0.38528 0.04260 ( 1)
 366 D   0.52857 0.04383 0.39389 0.03370 ( 1)
 367 L   0.49474 0.07712 0.36991 0.05822 ( 1)
 368 P   0.53947 0.03332 0.40137 0.02584 ( 1)
 369 S   0.56642 0.00845 0.41830 0.00683 ( 1)
 370 A   0.01213 0.55028 0.00902 0.42856 ( 2)
 371 E   0.51670 0.05542 0.38558 0.04229 ( 1)
 372 E   0.51629 0.05583 0.38528 0.04260 ( 1)
 373 L   0.49474 0.07712 0.36991 0.05822 ( 1)
 374 E   0.51629 0.05583 0.38528 0.04260 ( 1)
 375 D   0.52857 0.04383 0.39389 0.03370 ( 1)
 376 W   0.50356 0.06838 0.37623 0.05183 ( 1)
 377 L   0.49474 0.07712 0.36991 0.05822 ( 1)
 378 E   0.51629 0.05583 0.38528 0.04260 ( 1)
 379 D   0.52120 0.05102 0.38874 0.03904 ( 1)
 380 V   0.55664 0.01714 0.41264 0.01357 ( 1)
 381 L   0.49474 0.07712 0.36991 0.05822 ( 1)
 382 E   0.51629 0.05583 0.38528 0.04260 ( 1)
 383 G   0.55178 0.02164 0.40957 0.01701 ( 1)
 384 E   0.51629 0.05583 0.38528 0.04260 ( 1)
 385 I   0.54440 0.02860 0.40471 0.02229 ( 1)
 386 N   0.55610 0.01763 0.41232 0.01395 ( 1)
 387 T   0.55665 0.01714 0.41265 0.01356 ( 1)
 388 E   0.51629 0.05583 0.38528 0.04260 ( 1)
 389 D   0.52135 0.05087 0.38885 0.03893 ( 1)
 390 D   0.52129 0.05093 0.38881 0.03897 ( 1)
 391 D   0.52363 0.04863 0.39050 0.03724 ( 1)
 392 D   0.52557 0.04678 0.39170 0.03595 ( 1)
 393 D   0.13604 0.43182 0.10146 0.33068 ( 2)


lnL = -2758.278552

Bayes Empirical Bayes (BEB) probabilities for 4 classes (class)
(amino acids refer to 1st sequence: Bacu)

   1 M   0.74216 0.16278 0.07763 0.01742 ( 1)
   2 S   0.00013 0.90451 0.00001 0.09535 ( 2)
   3 A   0.72531 0.17833 0.07707 0.01929 ( 1)
   4 A   0.70482 0.19770 0.07590 0.02157 ( 1)
   5 D   0.13861 0.76268 0.01500 0.08371 ( 2)
   6 R   0.77670 0.13016 0.07941 0.01373 ( 1)
   7 M   0.01393 0.88937 0.00145 0.09525 ( 2)
   8 G   0.75501 0.15042 0.07853 0.01604 ( 1)
   9 A   0.73518 0.16903 0.07759 0.01820 ( 1)
  10 R   0.73825 0.16616 0.07773 0.01786 ( 1)
  11 A   0.08844 0.40357 0.40763 0.10036 ( 3)
  12 V   0.68720 0.21444 0.07480 0.02356 ( 1)
  13 P   0.70728 0.19535 0.07607 0.02130 ( 1)
  14 G   0.18200 0.72161 0.01902 0.07737 ( 2)
  15 L   0.00767 0.89161 0.00085 0.09987 ( 2)
  16 R   0.01966 0.88604 0.00196 0.09234 ( 2)
  17 L   0.64265 0.25688 0.07176 0.02871 ( 1)
  18 A   0.70482 0.19770 0.07590 0.02157 ( 1)
  19 L   0.64265 0.25688 0.07176 0.02871 ( 1)
  20 L   0.64490 0.25463 0.07201 0.02846 ( 1)
  21 L   0.18158 0.72169 0.01908 0.07766 ( 2)
  22 L   0.10829 0.79103 0.01208 0.08860 ( 2)
  23 L   0.64512 0.25441 0.07204 0.02843 ( 1)
  24 V   0.68720 0.21444 0.07480 0.02356 ( 1)
  25 L   0.66468 0.23586 0.07331 0.02614 ( 1)
  26 G   0.75501 0.15042 0.07853 0.01604 ( 1)
  27 T   0.76060 0.14517 0.07879 0.01544 ( 1)
  28 P   0.01407 0.89191 0.00139 0.09263 ( 2)
  29 K   0.00082 0.89972 0.00009 0.09938 ( 2)
  30 S   0.70778 0.19472 0.07625 0.02125 ( 1)
  31 G   0.75502 0.15041 0.07853 0.01604 ( 1)
  32 V   0.68720 0.21444 0.07480 0.02356 ( 1)
  33 Q   0.71258 0.19039 0.07633 0.02070 ( 1)
  34 G   0.19719 0.70785 0.02016 0.07480 ( 2)
  35 E   0.00922 0.89211 0.00099 0.09768 ( 2)
  36 D   0.13805 0.76323 0.01494 0.08377 ( 2)
  37 G   0.75501 0.15042 0.07853 0.01604 ( 1)
  38 L   0.64265 0.25688 0.07176 0.02871 ( 1)
  39 D   0.00959 0.89153 0.00103 0.09784 ( 2)
  40 F   0.67560 0.22546 0.07405 0.02489 ( 1)
  41 P   0.70728 0.19535 0.07607 0.02130 ( 1)
  42 E   0.67318 0.22777 0.07389 0.02516 ( 1)
  43 Y   0.69493 0.20710 0.07528 0.02268 ( 1)
  44 D   0.68130 0.22004 0.07443 0.02423 ( 1)
  45 G   0.74711 0.15784 0.07816 0.01689 ( 1)
  46 V   0.68720 0.21444 0.07480 0.02356 ( 1)
  47 D   0.69391 0.20807 0.07522 0.02280 ( 1)
  48 R   0.72741 0.17639 0.07715 0.01905 ( 1)
  49 V   0.68720 0.21444 0.07480 0.02356 ( 1)
  50 V   0.74814 0.15684 0.07823 0.01678 ( 1)
  51 N   0.73787 0.16652 0.07771 0.01790 ( 1)
  52 V   0.74814 0.15684 0.07823 0.01678 ( 1)
  53 N   0.75875 0.14691 0.07870 0.01564 ( 1)
  54 A   0.14531 0.75641 0.01562 0.08266 ( 2)
  55 K   0.70849 0.19425 0.07610 0.02116 ( 1)
  56 N   0.75875 0.14691 0.07870 0.01564 ( 1)
  57 Y   0.66862 0.23211 0.07358 0.02569 ( 1)
  58 K   0.70908 0.19367 0.07616 0.02109 ( 1)
  59 N   0.17517 0.72806 0.01841 0.07836 ( 2)
  60 V   0.68720 0.21444 0.07480 0.02356 ( 1)
  61 F   0.67560 0.22546 0.07405 0.02489 ( 1)
  62 K   0.70849 0.19425 0.07610 0.02116 ( 1)
  63 K   0.70849 0.19425 0.07610 0.02116 ( 1)
  64 Y   0.66941 0.23132 0.07367 0.02560 ( 1)
  65 E   0.67318 0.22777 0.07389 0.02516 ( 1)
  66 V   0.68720 0.21444 0.07480 0.02356 ( 1)
  67 L   0.64265 0.25688 0.07176 0.02871 ( 1)
  68 A   0.70719 0.19534 0.07616 0.02131 ( 1)
  69 L   0.64265 0.25688 0.07176 0.02871 ( 1)
  70 L   0.80221 0.10650 0.08022 0.01107 ( 1)
  71 Y   0.66856 0.23217 0.07358 0.02569 ( 1)
  72 H   0.78954 0.11824 0.07984 0.01238 ( 1)
  73 E   0.70321 0.19925 0.07579 0.02175 ( 1)
  74 H   0.01199 0.88960 0.00128 0.09712 ( 2)
  75 P   0.70746 0.19517 0.07609 0.02128 ( 1)
  76 E   0.12468 0.77578 0.01367 0.08588 ( 2)
  77 D   0.00988 0.89186 0.00105 0.09721 ( 2)
  78 D   0.13935 0.76194 0.01508 0.08363 ( 2)
  79 K   0.70849 0.19425 0.07610 0.02116 ( 1)
  80 A   0.73518 0.16903 0.07759 0.01820 ( 1)
  81 S   0.70441 0.19808 0.07588 0.02162 ( 1)
  82 Q   0.69933 0.20293 0.07556 0.02218 ( 1)
  83 R   0.73825 0.16616 0.07773 0.01786 ( 1)
  84 Q   0.71258 0.19039 0.07633 0.02070 ( 1)
  85 F   0.68813 0.21354 0.07487 0.02346 ( 1)
  86 E   0.68574 0.21670 0.07391 0.02365 ( 1)
  87 M   0.74753 0.15743 0.07819 0.01685 ( 1)
  88 E   0.12463 0.77582 0.01366 0.08588 ( 2)
  89 E   0.67318 0.22777 0.07389 0.02516 ( 1)
  90 L   0.64265 0.25688 0.07176 0.02871 ( 1)
  91 I   0.72444 0.17904 0.07713 0.01939 ( 1)
  92 L   0.64265 0.25688 0.07176 0.02871 ( 1)
  93 E   0.67318 0.22777 0.07389 0.02516 ( 1)
  94 L   0.73168 0.17273 0.07703 0.01857 ( 1)
  95 A   0.69944 0.20308 0.07533 0.02216 ( 1)
  96 A   0.72838 0.17582 0.07687 0.01893 ( 1)
  97 Q   0.69407 0.20818 0.07499 0.02276 ( 1)
  98 V   0.74083 0.16413 0.07747 0.01756 ( 1)
  99 L   0.66339 0.23828 0.07214 0.02619 ( 1)
