Supplemental results for CODEML (seqf: /home/leticiamagpali/phd/evol_models/codeml/big_dataset/cml_align/CASQ2_codon_aligned.phy  treef: /home/leticiamagpali/phd/evol_models/codeml/big_dataset/cml_trees/gene_trees/H3_gene_trees/CASQ2_tree_H3.tre)

I	J	ij	2Ns_IJ	pMut_IJ	pSub_IJ	2Ns_JI	pMut_JI	pSub_JI

TTC	TTT	CT	1.01145	0.14256	0.22661	-1.01145	0.39199	0.22661
TTA	TTT	AT	7.28689	0.00003	0.00025	-7.28689	0.05033	0.00025
TTA	TTC	AC	6.27544	0.00007	0.00044	-6.27544	0.03694	0.00044
TTG	TTT	GT	0.65718	0.01967	0.02684	-0.65718	0.03795	0.02684
TTG	TTC	GC	-0.35427	0.03969	0.03308	0.35427	0.02785	0.03308
TTG	TTA	GA	-6.62970	0.13741	0.00120	6.62970	0.00018	0.00120
TCT	TTT	CT	2.22847	0.04221	0.10543	-2.22847	0.39199	0.10543
TCC	TTC	CT	1.97573	0.03989	0.09150	-1.97573	0.28768	0.09150
TCC	TCT	CT	0.75871	0.03989	0.05692	-0.75871	0.08518	0.05692
TCA	TTA	CT	-4.37313	0.02862	0.00160	4.37313	0.00036	0.00160
TCA	TCT	AT	0.68529	0.00551	0.00761	-0.68529	0.01094	0.00761
TCA	TCC	AC	-0.07342	0.01112	0.01072	0.07342	0.01034	0.01072
TCG	TTG	CT	6.35629	0.00036	0.00228	-6.35629	0.20610	0.00228
TCG	TCT	GT	4.78500	0.00007	0.00033	-4.78500	0.00825	0.00033
TCG	TCC	GC	4.02629	0.00014	0.00057	-4.02629	0.00779	0.00057
TCG	TCA	GA	4.09971	0.00048	0.00201	-4.09971	0.02903	0.00201
TAT	TTT	AT	1.30295	0.01368	0.02447	-1.30295	0.05033	0.02447
TAT	TCT	AC	-0.92552	0.02760	0.01677	0.92552	0.01094	0.01677
TAC	TTC	AT	0.62311	0.01981	0.02662	-0.62311	0.03694	0.02662
TAC	TCC	AC	-1.35262	0.03997	0.01885	1.35262	0.01034	0.01885
TAC	TAT	CT	0.33161	0.10285	0.12085	-0.33161	0.14330	0.12085
TGT	TTT	GT	3.39365	0.00127	0.00448	-3.39365	0.03795	0.00448
TGT	TCT	GC	1.16518	0.00257	0.00436	-1.16518	0.00825	0.00436
TGT	TAT	GA	2.09070	0.00890	0.02124	-2.09070	0.07204	0.02124
TGC	TTC	GT	1.87489	0.00427	0.00946	-1.87489	0.02785	0.00946
TGC	TCC	GC	-0.10084	0.00862	0.00819	0.10084	0.00779	0.00819
TGC	TAC	GA	1.25177	0.02984	0.05231	-1.25177	0.10434	0.05231
TGC	TGT	CT	-0.50732	0.02218	0.01703	0.50732	0.01336	0.01703
TGG	TTG	GT	0.45907	0.01261	0.01572	-0.45907	0.01995	0.01572
TGG	TCG	GC	-5.89722	0.02544	0.00041	5.89722	0.00007	0.00041
TGG	TGT	GT	-2.27740	0.01261	0.00328	2.27740	0.00129	0.00328
TGG	TGC	GC	-1.77008	0.02544	0.00925	1.77008	0.00433	0.00925
CTT	TTT	CT	1.97528	0.05438	0.12471	-1.97528	0.39199	0.12471
CTC	TTC	CT	1.42706	0.06905	0.12965	-1.42706	0.28768	0.12965
CTC	CTT	CT	0.46324	0.06905	0.08627	-0.46324	0.10973	0.08627
CTA	TTA	CT	-4.68702	0.03917	0.00171	4.68702	0.00036	0.00171
CTA	CTT	AT	0.62459	0.00754	0.01014	-0.62459	0.01409	0.01014
CTA	CTC	AC	0.16135	0.01522	0.01649	-0.16135	0.01789	0.01649
CTG	TTG	CT	0.05367	0.19533	0.20062	-0.05367	0.20610	0.20062
CTG	CTT	GT	-1.26442	0.03762	0.01872	1.26442	0.01062	0.01872
CTG	CTC	GC	-1.72766	0.07591	0.02834	1.72766	0.01349	0.02834
CTG	CTA	GA	-1.88901	0.26278	0.08844	1.88901	0.03974	0.08844
CCT	TCT	CT	0.75871	0.03989	0.05692	-0.75871	0.08518	0.05692
CCT	CTT	CT	1.01190	0.03989	0.06342	-1.01190	0.10973	0.06342
CCC	TCC	CT	-0.04776	0.08443	0.08243	0.04776	0.08049	0.08243
CCC	CTC	CT	0.50091	0.08443	0.10733	-0.50091	0.13933	0.10733
CCC	CCT	CT	-0.04776	0.08443	0.08243	0.04776	0.08049	0.08243
CCA	TCA	CT	-0.30955	0.07871	0.06715	0.30955	0.05775	0.06715
CCA	CTA	CT	0.00434	0.07871	0.07888	-0.00434	0.07905	0.07888
CCA	CCT	AT	-0.38297	0.01516	0.01244	0.38297	0.01034	0.01244
CCA	CCC	AC	-0.33521	0.03059	0.02575	0.33521	0.02188	0.02575
CCG	TCG	CT	-2.94861	0.01377	0.00225	2.94861	0.00072	0.00225
CCG	CTG	CT	3.35401	0.01377	0.04787	-3.35401	0.39416	0.04787
CCG	CCT	GT	1.07768	0.00265	0.00433	-1.07768	0.00779	0.00433
CCG	CCC	GC	1.12544	0.00535	0.00892	-1.12544	0.01649	0.00892
CCG	CCA	GA	1.46065	0.01853	0.03525	-1.46065	0.07984	0.03525
CAT	TAT	CT	1.22640	0.04204	0.07295	-1.22640	0.14330	0.07295
CAT	CTT	AT	0.55407	0.00810	0.01054	-0.55407	0.01409	0.01054
CAT	CCT	AC	-0.45783	0.01634	0.01288	0.45783	0.01034	0.01288
CAC	TAC	CT	1.64477	0.04007	0.08167	-1.64477	0.20755	0.08167
CAC	CTC	AT	0.84082	0.00772	0.01141	-0.84082	0.01789	0.01141
CAC	CCC	AC	0.33992	0.01557	0.01837	-0.33992	0.02188	0.01837
CAC	CAT	CT	0.74999	0.04007	0.05695	-0.74999	0.08482	0.05695
CAA	CTA	AT	0.31973	0.00737	0.00861	-0.31973	0.01015	0.00861
CAA	CCA	AC	0.31538	0.01488	0.01735	-0.31538	0.02039	0.01735
CAA	CAT	AT	0.39024	0.00737	0.00890	-0.39024	0.01089	0.00890
CAA	CAC	AC	-0.35975	0.01488	0.01236	0.35975	0.01038	0.01236
CAG	CTG	AT	1.12278	0.01647	0.02741	-1.12278	0.05061	0.02741
CAG	CCG	AC	-2.23122	0.03323	0.00892	2.23122	0.00357	0.00892
CAG	CAT	GT	-0.69571	0.01647	0.01140	0.69571	0.00821	0.01140
CAG	CAC	GC	-1.44570	0.03323	0.01480	1.44570	0.00783	0.01480
CAG	CAA	GA	-1.08595	0.11503	0.06366	1.08595	0.03883	0.06366
CGT	TGT	CT	0.30563	0.00984	0.01142	-0.30563	0.01336	0.01142
CGT	CTT	GT	1.72401	0.00189	0.00398	-1.72401	0.01062	0.00398
CGT	CCT	GC	0.71211	0.00382	0.00534	-0.71211	0.00779	0.00534
CGT	CAT	GA	1.16994	0.01324	0.02245	-1.16994	0.04264	0.02245
CGC	TGC	CT	-0.26457	0.05831	0.05094	0.26457	0.04476	0.05094
CGC	CTC	GT	0.18326	0.01123	0.01229	-0.18326	0.01349	0.01229
CGC	CCC	GC	-0.31765	0.02266	0.01925	0.31765	0.01649	0.01925
CGC	CAC	GA	-0.65757	0.07845	0.05546	0.65757	0.04065	0.05546
CGC	CGT	CT	-1.07752	0.05831	0.03243	1.07752	0.01985	0.03243
CGA	CTA	GT	8.95721	0.00000	0.00000	-8.95721	0.00765	0.00001
CGA	CCA	GC	8.95287	0.00000	0.00000	-8.95287	0.01538	0.00002
CGA	CAA	GA	8.63749	0.00000	0.00000	-8.63749	0.03883	0.00006
CGA	CGT	AT	7.85779	0.00000	0.00000	-7.85779	0.00255	0.00001
CGA	CGC	AC	8.93530	0.00000	0.00000	-8.93530	0.01511	0.00002
CGG	TGG	CT	2.26088	0.01377	0.03476	-2.26088	0.13211	0.03476
CGG	CTG	GT	2.66628	0.00265	0.00760	-2.66628	0.03816	0.00760
CGG	CCG	GC	-0.68773	0.00535	0.00372	0.68773	0.00269	0.00372
CGG	CAG	GA	1.54349	0.01853	0.03637	-1.54349	0.08674	0.03637
CGG	CGT	GT	-0.32216	0.00265	0.00225	0.32216	0.00192	0.00225
CGG	CGC	GC	0.75536	0.00535	0.00763	-0.75536	0.01139	0.00763
CGG	CGA	GA	-8.17994	0.01853	0.00004	8.17994	0.00000	0.00000
ATT	TTT	AT	0.70486	0.02487	0.03466	-0.70486	0.05033	0.03466
ATT	CTT	AC	-1.27042	0.05019	0.02488	1.27042	0.01409	0.02488
ATC	TTC	AT	0.25365	0.02866	0.03245	-0.25365	0.03694	0.03245
ATC	CTC	AC	-1.17341	0.05784	0.03039	1.17341	0.01789	0.03039
ATC	ATT	CT	0.56024	0.14882	0.19439	-0.56024	0.26060	0.19439
ATA	TTA	AT	-4.13419	0.00289	0.00019	4.13419	0.00005	0.00019
ATA	CTA	AC	0.55284	0.00584	0.00760	-0.55284	0.01015	0.00760
ATA	ATT	AT	2.44784	0.00289	0.00775	-2.44784	0.03346	0.00775
ATA	ATC	AC	1.88760	0.00584	0.01299	-1.88760	0.03856	0.01299
ATG	TTG	AT	0.78039	0.01213	0.01747	-0.78039	0.02646	0.01747
ATG	CTG	AC	0.72672	0.02447	0.03443	-0.72672	0.05061	0.03443
ATG	ATT	GT	0.73271	0.01213	0.01711	-0.73271	0.02523	0.01711
ATG	ATC	GC	0.17247	0.02447	0.02664	-0.17247	0.02908	0.02664
ATG	ATA	GA	-1.71513	0.08471	0.03188	1.71513	0.01524	0.03188
ACT	TCT	AT	0.07010	0.01020	0.01056	-0.07010	0.01094	0.01056
ACT	CCT	AC	-0.68861	0.02058	0.01430	0.68861	0.01034	0.01430
ACT	ATT	CT	1.59371	0.05295	0.10590	-1.59371	0.26060	0.10590
ACC	TCC	AT	0.24848	0.00806	0.00910	-0.24848	0.01034	0.00910
ACC	CCC	AC	0.29624	0.01627	0.01879	-0.29624	0.02188	0.01879
ACC	ATC	CT	1.97056	0.04186	0.09584	-1.97056	0.30031	0.09584
ACC	ACT	CT	0.93709	0.04186	0.06449	-0.93709	0.10684	0.06449
ACA	TCA	AT	-0.47752	0.01195	0.00933	0.47752	0.00742	0.00933
ACA	CCA	AC	-0.16797	0.02412	0.02215	0.16797	0.02039	0.02215
ACA	ATA	CT	-0.71646	0.06207	0.04247	0.71646	0.03032	0.04247
ACA	ACT	AT	0.13766	0.01195	0.01280	-0.13766	0.01372	0.01280
ACA	ACC	AC	-0.79942	0.02412	0.01575	0.79942	0.01085	0.01575
ACG	TCG	AT	-3.40467	0.00279	0.00033	3.40467	0.00009	0.00033
ACG	CCG	AC	-0.45606	0.00563	0.00444	0.45606	0.00357	0.00444
ACG	ATG	CT	2.17123	0.01449	0.03551	-2.17123	0.12705	0.03551
ACG	ACT	GT	1.31023	0.00279	0.00501	-1.31023	0.01034	0.00501
ACG	ACC	GC	0.37314	0.00563	0.00675	-0.37314	0.00818	0.00675
ACG	ACA	GA	1.17256	0.01949	0.03310	-1.17256	0.06296	0.03310
AAT	TAT	AT	0.56683	0.01044	0.01367	-0.56683	0.01840	0.01367
AAT	CAT	AC	-0.65957	0.02106	0.01488	0.65957	0.01089	0.01488
AAT	ATT	AT	1.16492	0.01044	0.01767	-1.16492	0.03346	0.01767
AAT	ACT	AC	-0.42879	0.02106	0.01687	0.42879	0.01372	0.01687
AAC	TAC	AT	0.30011	0.01974	0.02285	-0.30011	0.02665	0.02285
AAC	CAC	AC	-1.34466	0.03983	0.01888	1.34466	0.01038	0.01888
AAC	ATC	AT	0.66958	0.01974	0.02708	-0.66958	0.03856	0.02708
AAC	ACC	AC	-1.30098	0.03983	0.01939	1.30098	0.01085	0.01939
AAC	AAT	CT	0.06489	0.10250	0.10586	-0.06489	0.10937	0.10586
AAA	CAA	AC	-1.67276	0.05283	0.02042	1.67276	0.00992	0.02042
AAA	ATA	AT	-1.90587	0.02618	0.00872	1.90587	0.00389	0.00872
AAA	ACA	AC	-1.18941	0.05283	0.02750	1.18941	0.01608	0.02750
AAA	AAT	AT	-0.62296	0.02618	0.01887	0.62296	0.01404	0.01887
AAA	AAC	AC	-0.68785	0.05283	0.03673	0.68785	0.02656	0.03673
AAG	CAG	AC	-1.33170	0.08391	0.04009	1.33170	0.02215	0.04009
AAG	ATG	AT	-0.93563	0.04158	0.02512	0.93563	0.01631	0.02512
AAG	ACG	AC	-3.10686	0.08391	0.01221	3.10686	0.00375	0.01221
AAG	AAT	GT	-1.36785	0.04158	0.01943	1.36785	0.01059	0.01943
AAG	AAC	GC	-1.43274	0.08391	0.03768	1.43274	0.02002	0.03768
AAG	AAA	GA	-0.74489	0.29046	0.19559	0.74489	0.13791	0.19559
AGT	TGT	AT	-2.26206	0.01647	0.00433	2.26206	0.00171	0.00433
AGT	CGT	AC	-2.56770	0.03323	0.00709	2.56770	0.00255	0.00709
AGT	ATT	GT	0.42673	0.01647	0.02023	-0.42673	0.02523	0.02023
AGT	ACT	GC	-1.16698	0.03323	0.01753	1.16698	0.01034	0.01753
AGT	AAT	GA	-0.73819	0.11503	0.07775	0.73819	0.05498	0.07775
AGC	TGC	AT	-0.05924	0.00610	0.00592	0.05924	0.00575	0.00592
AGC	CGC	AC	0.20533	0.01230	0.01361	-0.20533	0.01511	0.01361
AGC	ATC	GT	1.56200	0.00610	0.01205	-1.56200	0.02908	0.01205
AGC	ACC	GC	-0.40856	0.01230	0.00996	0.40856	0.00818	0.00996
AGC	AAC	GA	0.89242	0.04259	0.06439	-0.89242	0.10397	0.06439
AGC	AGT	CT	1.69551	0.03166	0.06575	-1.69551	0.17253	0.06575
AGA	CGA	AC	-8.50254	0.00653	0.00001	8.50254	0.00000	0.00000
AGA	ATA	GT	-0.09816	0.00324	0.00308	0.09816	0.00294	0.00308
AGA	ACA	GC	0.61830	0.00653	0.00876	-0.61830	0.01213	0.00876
AGA	AAA	GA	1.80771	0.02262	0.04891	-1.80771	0.13791	0.04891
AGA	AGT	AT	1.92295	0.00324	0.00729	-1.92295	0.02215	0.00729
AGA	AGC	AC	0.22744	0.00653	0.00731	-0.22744	0.00820	0.00731
AGG	TGG	AT	1.10551	0.00562	0.00928	-1.10551	0.01696	0.00928
AGG	CGG	AC	-1.15536	0.01133	0.00602	1.15536	0.00357	0.00602
AGG	ATG	GT	0.78420	0.00562	0.00810	-0.78420	0.01230	0.00810
AGG	ACG	GC	-1.38703	0.01133	0.00523	1.38703	0.00283	0.00523
AGG	AAG	GA	1.71983	0.03922	0.08218	-1.71983	0.21902	0.08218
AGG	AGT	GT	1.09018	0.00562	0.00922	-1.09018	0.01670	0.00922
AGG	AGC	GC	-0.60533	0.01133	0.00825	0.60533	0.00619	0.00825
AGG	AGA	GA	-0.83277	0.03922	0.02513	0.83277	0.01706	0.02513
GTT	TTT	GT	0.75074	0.01791	0.02547	-0.75074	0.03795	0.02547
GTT	CTT	GC	-1.22453	0.03615	0.01842	1.22453	0.01062	0.01842
GTT	ATT	GA	0.04588	0.12513	0.12803	-0.04588	0.13101	0.12803
GTC	TTC	GT	0.52138	0.01654	0.02122	-0.52138	0.02785	0.02122
GTC	CTC	GC	-0.90568	0.03337	0.02051	0.90568	0.01349	0.02051
GTC	ATC	GA	0.26773	0.11551	0.13166	-0.26773	0.15097	0.13166
GTC	GTT	CT	0.78209	0.08586	0.12377	-0.78209	0.18769	0.12377
GTA	TTA	GT	-3.72335	0.00145	0.00013	3.72335	0.00003	0.00013
GTA	CTA	GC	0.96367	0.00292	0.00455	-0.96367	0.00765	0.00455
GTA	ATA	GA	0.41083	0.01011	0.01232	-0.41083	0.01524	0.01232
GTA	GTT	AT	2.81279	0.00145	0.00433	-2.81279	0.02410	0.00433
GTA	GTC	AC	2.03070	0.00292	0.00682	-2.03070	0.02225	0.00682
GTG	TTG	GT	-0.56487	0.03510	0.02612	0.56487	0.01995	0.02612
GTG	CTG	GC	-0.61854	0.07084	0.05117	0.61854	0.03816	0.05117
GTG	ATG	GA	-1.34526	0.24522	0.11619	1.34526	0.06387	0.11619
GTG	GTT	GT	-0.65843	0.03510	0.02481	0.65843	0.01817	0.02481
GTG	GTC	GC	-1.44052	0.07084	0.03166	1.44052	0.01677	0.03166
GTG	GTA	GA	-3.47122	0.24522	0.02730	3.47122	0.00762	0.02730
GCT	TCT	GT	-0.84442	0.01919	0.01221	0.84442	0.00825	0.01221
GCT	CCT	GC	-1.60313	0.03872	0.01564	1.60313	0.00779	0.01564
GCT	ACT	GA	-0.91452	0.13404	0.08196	0.91452	0.05371	0.08196
GCT	GTT	CT	0.63331	0.09963	0.13449	-0.63331	0.18769	0.13449
GCC	TCC	GT	-0.28894	0.01040	0.00897	0.28894	0.00779	0.00897
GCC	CCC	GC	-0.24118	0.02099	0.01856	0.24118	0.01649	0.01856
GCC	ACC	GA	-0.53742	0.07267	0.05489	0.53742	0.04246	0.05489
GCC	GTC	CT	1.16541	0.05402	0.09148	-1.16541	0.17326	0.09148
GCC	GCT	CT	1.31419	0.05402	0.09708	-1.31419	0.20105	0.09708
GCA	TCA	GT	-0.62424	0.01044	0.00752	0.62424	0.00559	0.00752
GCA	CCA	GC	-0.31469	0.02106	0.01792	0.31469	0.01538	0.01792
GCA	ACA	GA	-0.14672	0.07292	0.06770	0.14672	0.06296	0.06770
GCA	GTA	CT	-1.27402	0.05420	0.02681	1.27402	0.01516	0.02681
GCA	GCT	AT	0.90546	0.01044	0.01587	-0.90546	0.02581	0.01587
GCA	GCC	AC	-0.40872	0.02106	0.01705	0.40872	0.01400	0.01705
GCG	TCG	GT	-4.69522	0.00765	0.00033	4.69522	0.00007	0.00033
GCG	CCG	GC	-1.74660	0.01543	0.00569	1.74660	0.00269	0.00569
GCG	ACG	GA	-1.29054	0.05342	0.02617	1.29054	0.01470	0.02617
GCG	GTG	CT	2.22595	0.03971	0.09909	-2.22595	0.36781	0.09909
GCG	GCT	GT	0.93420	0.00765	0.01177	-0.93420	0.01947	0.01177
GCG	GCC	GC	-0.37998	0.01543	0.01269	0.37998	0.01055	0.01269
GCG	GCA	GA	0.02874	0.05342	0.05419	-0.02874	0.05498	0.05419
GAT	TAT	GT	-1.59714	0.06852	0.02778	1.59714	0.01387	0.02778
GAT	CAT	GC	-2.82353	0.13827	0.02465	2.82353	0.00821	0.02465
GAT	AAT	GA	-2.16397	0.47864	0.13442	2.16397	0.05498	0.13442
GAT	GTT	AT	-1.04493	0.06852	0.03885	1.04493	0.02410	0.03885
GAT	GCT	AC	-1.67824	0.13827	0.05327	1.67824	0.02581	0.05327
GAC	TAC	GT	-1.40953	0.08227	0.03748	1.40953	0.02009	0.03748
GAC	CAC	GC	-3.05430	0.16600	0.02509	3.05430	0.00783	0.02509
GAC	AAC	GA	-1.70964	0.57466	0.21702	1.70964	0.10397	0.21702
GAC	GTC	AT	-1.30780	0.08227	0.03988	1.30780	0.02225	0.03988
GAC	GCC	AC	-2.47320	0.16600	0.03780	2.47320	0.01400	0.03780
GAC	GAT	CT	0.51922	0.42715	0.54760	-0.51922	0.71793	0.54760
GAA	CAA	GC	-2.46537	0.08801	0.02015	2.46537	0.00748	0.02015
GAA	AAA	GA	-0.79261	0.30465	0.19970	0.79261	0.13791	0.19970
GAA	GTA	AT	-3.10932	0.04361	0.00634	3.10932	0.00195	0.00634
GAA	GCA	AC	-1.83530	0.08801	0.03067	1.83530	0.01404	0.03067
GAA	GAT	AT	0.74840	0.04361	0.06195	-0.74840	0.09218	0.06195
GAA	GAC	AC	0.22918	0.08801	0.09848	-0.22918	0.11067	0.09848
GAG	CAG	GC	-2.31088	0.16844	0.04285	2.31088	0.01670	0.04285
GAG	AAG	GA	-0.97918	0.58308	0.34347	0.97918	0.21902	0.34347
GAG	GTG	AT	-0.56956	0.08347	0.06195	0.56956	0.04723	0.06195
GAG	GCG	AC	-2.79550	0.16844	0.03063	2.79550	0.01029	0.03063
GAG	GAT	GT	-0.18306	0.08347	0.07607	0.18306	0.06951	0.07607
GAG	GAC	GC	-0.70228	0.16844	0.11616	0.70228	0.08345	0.11616
GAG	GAA	GA	-0.93146	0.58308	0.35308	0.93146	0.22972	0.35308
GGT	TGT	GT	-1.46236	0.00558	0.00246	1.46236	0.00129	0.00246
GGT	CGT	GC	-1.76800	0.01126	0.00410	1.76800	0.00192	0.00410
GGT	AGT	GA	0.79970	0.03898	0.05663	-0.79970	0.08674	0.05663
GGT	GTT	GT	1.18055	0.00558	0.00951	-1.18055	0.01817	0.00951
GGT	GCT	GC	0.54724	0.01126	0.01462	-0.54724	0.01947	0.01462
GGT	GAT	GA	2.22548	0.03898	0.09726	-2.22548	0.36091	0.09726
GGC	TGC	GT	-1.04314	0.01230	0.00698	1.04314	0.00433	0.00698
GGC	CGC	GC	-0.77857	0.02482	0.01640	0.77857	0.01139	0.01640
GGC	AGC	GA	-0.98390	0.08591	0.05047	0.98390	0.03212	0.05047
GGC	GTC	GT	0.31037	0.01230	0.01431	-0.31037	0.01677	0.01431
GGC	GCC	GC	-0.85504	0.02482	0.01570	0.85504	0.01055	0.01570
GGC	GAC	GA	1.61816	0.08591	0.17339	-1.61816	0.43331	0.17339
GGC	GGT	CT	-0.08809	0.06386	0.06109	0.08809	0.05847	0.06109
GGA	CGA	GC	-9.29780	0.01091	0.00001	9.29780	0.00000	0.00000
GGA	AGA	GA	-0.79527	0.03778	0.02473	0.79527	0.01706	0.02473
GGA	GTA	GT	-1.30426	0.00541	0.00263	1.30426	0.00147	0.00263
GGA	GCA	GC	-0.03025	0.01091	0.01075	0.03025	0.01059	0.01075
GGA	GAA	GA	1.80506	0.03778	0.08162	-1.80506	0.22972	0.08162
GGA	GGT	AT	0.32798	0.00541	0.00634	-0.32798	0.00751	0.00634
GGA	GGC	AC	0.41607	0.01091	0.01334	-0.41607	0.01655	0.01334
GGG	TGG	GT	0.12393	0.01130	0.01201	-0.12393	0.01279	0.01201
GGG	CGG	GC	-2.13694	0.02280	0.00652	2.13694	0.00269	0.00652
GGG	AGG	GA	-0.98158	0.07893	0.04643	0.98158	0.02958	0.04643
GGG	GTG	GT	1.14788	0.01130	0.01900	-1.14788	0.03561	0.01900
GGG	GCG	GC	-1.07807	0.02280	0.01268	1.07807	0.00776	0.01268
GGG	GAG	GA	1.71743	0.07893	0.16522	-1.71743	0.43966	0.16522
GGG	GGT	GT	-0.69110	0.01130	0.00784	0.69110	0.00566	0.00784
GGG	GGC	GC	-0.60301	0.02280	0.01661	0.60301	0.01248	0.01661
GGG	GGA	GA	-1.01908	0.07893	0.04543	1.01908	0.02849	0.04543


Histograms
2Ns	FMut	FSub(CodonUsage)	FSubw(after w)

-8.85505	0.00336	0.00001
-7.96954	0.00075	0.00000
-7.08404	0.00179	0.00001
-6.19853	0.01445	0.00021
-5.31303	0.00000	0.00000
-4.42752	0.00439	0.00032
-3.54202	0.02881	0.00469
-2.65651	0.08377	0.02676
-1.77101	0.23448	0.11651
-0.88550	0.30169	0.25613
0.00000	0.14409	0.19073
0.88550	0.13163	0.25613
1.77101	0.04200	0.11651
2.65651	0.00769	0.02676
3.54202	0.00101	0.00469
4.42752	0.00005	0.00032
5.31303	0.00000	0.00000
6.19853	0.00002	0.00021
7.08404	0.00000	0.00001
7.96954	0.00000	0.00000
8.85505	0.00000	0.00000

Proportion of advantageous (S > 0) mutations:
 0.24794

Proportions of good & bad mutations (|S| > 2.0000) among mutations:
0.01178  0.16306

mean |Ns| = 1.35331	mean Ns+ = 0.84702	mean Ns- = -1.52022


MLEs of dN/dS (w) for site classes (K=4)

site class             0        1       2a       2b
proportion       0.82524  0.07096  0.09558  0.00822
background w     0.11277  2.23408  0.11277  2.23408
foreground w     0.11277  2.23408  4.21354  4.21354

Naive Empirical Bayes (NEB) probabilities for 4 classes
(amino acids refer to 1st sequence: Bacu)

   1 M   0.94049 0.00323 0.05601 0.00027 ( 1)
   2 K   0.69675 0.22412 0.05711 0.02202 ( 1)
   3 R   0.90946 0.03628 0.05131 0.00294 ( 1)
   4 T   0.94072 0.00320 0.05581 0.00027 ( 1)
   5 H   0.91617 0.03353 0.04764 0.00265 ( 1)
   6 L   0.86361 0.04251 0.08921 0.00466 ( 1)
   7 F   0.89150 0.02420 0.08179 0.00251 ( 1)
   8 V   0.63194 0.28335 0.05583 0.02887 ( 1)
   9 M   0.66260 0.25308 0.05854 0.02579 ( 1)
  10 A   0.01964 0.79993 0.04775 0.13268 ( 2)
  11 V   0.92683 0.00716 0.06535 0.00066 ( 1)
  12 Y   0.90414 0.01722 0.07691 0.00172 ( 1)
  13 L   0.86361 0.04251 0.08921 0.00466 ( 1)
  14 L   0.86361 0.04251 0.08921 0.00466 ( 1)
  15 S   0.94516 0.00229 0.05236 0.00019 ( 1)
  16 T   0.90246 0.04397 0.04999 0.00358 ( 1)
  17 C   0.95246 0.00123 0.04621 0.00009 ( 1)
  18 R   0.85834 0.08916 0.04540 0.00709 ( 1)
  19 A   0.91682 0.01066 0.07150 0.00102 ( 1)
  20 E   0.20818 0.09576 0.67779 0.01827 ( 3)
  21 E   0.89623 0.02112 0.08048 0.00217 ( 1)
  22 G   0.93634 0.00395 0.05936 0.00034 ( 1)
  23 L   0.86883 0.04001 0.08683 0.00432 ( 1)
  24 N   0.86115 0.07797 0.05413 0.00674 ( 1)
  25 F   0.90664 0.01543 0.07639 0.00154 ( 1)
  26 P   0.91902 0.00965 0.07041 0.00092 ( 1)
  27 T   0.94110 0.00283 0.05583 0.00024 ( 1)
  28 Y   0.90825 0.01471 0.07558 0.00146 ( 1)
  29 D   0.89163 0.02381 0.08208 0.00247 ( 1)
  30 G   0.93504 0.00429 0.06029 0.00038 ( 1)
  31 K   0.76478 0.15710 0.06268 0.01544 ( 1)
  32 D   0.89245 0.02371 0.08139 0.00245 ( 1)
  33 R   0.91668 0.01092 0.07136 0.00105 ( 1)
  34 V   0.90029 0.01911 0.07866 0.00194 ( 1)
  35 V   0.92876 0.00647 0.06418 0.00059 ( 1)
  36 S   0.90635 0.01608 0.07598 0.00160 ( 1)
  37 L   0.91058 0.01402 0.07403 0.00137 ( 1)
  38 T   0.94237 0.00283 0.05457 0.00024 ( 1)
  39 E   0.89711 0.02103 0.07972 0.00215 ( 1)
  40 K   0.91143 0.01358 0.07366 0.00133 ( 1)
  41 N   0.93627 0.00426 0.05910 0.00037 ( 1)
  42 F   0.90766 0.01535 0.07548 0.00152 ( 1)
  43 K   0.91143 0.01358 0.07366 0.00133 ( 1)
  44 Q   0.90224 0.01837 0.07755 0.00184 ( 1)
  45 V   0.92996 0.00607 0.06342 0.00055 ( 1)
  46 L   0.17962 0.13741 0.65532 0.02765 ( 3)
  47 K   0.91143 0.01358 0.07366 0.00133 ( 1)
  48 K   0.91253 0.01306 0.07314 0.00127 ( 1)
  49 Y   0.22362 0.07809 0.68383 0.01447 ( 3)
  50 D   0.89245 0.02371 0.08139 0.00245 ( 1)
  51 L   0.87636 0.03423 0.08575 0.00366 ( 1)
  52 L   0.93768 0.00396 0.05801 0.00034 ( 1)
  53 C   0.95486 0.00091 0.04416 0.00007 ( 1)
  54 L   0.93770 0.00395 0.05801 0.00034 ( 1)
  55 Y   0.67447 0.24455 0.05665 0.02432 ( 1)
  56 Y   0.22794 0.07985 0.67762 0.01459 ( 3)
  57 H   0.93505 0.00468 0.05987 0.00041 ( 1)
  58 E   0.89680 0.02133 0.07969 0.00218 ( 1)
  59 P   0.92010 0.00969 0.06930 0.00092 ( 1)
  60 V   0.62396 0.29193 0.05452 0.02959 ( 1)
  61 S   0.94155 0.00307 0.05512 0.00026 ( 1)
  62 S   0.93591 0.00780 0.05564 0.00066 ( 1)
  63 D   0.88392 0.02905 0.08396 0.00306 ( 1)
  64 K   0.91226 0.01332 0.07312 0.00130 ( 1)
  65 A   0.01625 0.90101 0.00112 0.08162 ( 2)
  66 A   0.00087 0.70691 0.07572 0.21650 ( 2)
  67 Q   0.90194 0.01866 0.07753 0.00187 ( 1)
  68 K   0.91226 0.01332 0.07312 0.00130 ( 1)
  69 Q   0.06405 0.07168 0.84388 0.02040 ( 3)
  70 F   0.23672 0.07711 0.67238 0.01379 ( 3)
  71 Q   0.90597 0.01665 0.07573 0.00165 ( 1)
  72 M   0.07318 0.83330 0.00678 0.08675 ( 2)
  73 K   0.91226 0.01332 0.07312 0.00130 ( 1)
  74 E   0.90297 0.01803 0.07719 0.00181 ( 1)
  75 I   0.68285 0.23678 0.05691 0.02347 ( 1)
  76 V   0.44364 0.47528 0.03514 0.04594 ( 2)
  77 L   0.86453 0.04198 0.08889 0.00460 ( 1)
  78 E   0.89663 0.02150 0.07968 0.00220 ( 1)
  79 F   0.87970 0.02504 0.09250 0.00277 ( 1)
  80 D   0.54272 0.35912 0.05811 0.04005 ( 1)
  81 E   0.88735 0.01936 0.09117 0.00212 ( 1)
  82 E   0.88735 0.01936 0.09117 0.00212 ( 1)
  83 G   0.91042 0.00544 0.08357 0.00056 ( 1)
  84 S   0.88951 0.01783 0.09072 0.00194 ( 1)
  85 L   0.45058 0.44880 0.04980 0.05082 ( 1)
  86 Y   0.89177 0.01626 0.09021 0.00176 ( 1)
  87 V   0.78712 0.12564 0.07407 0.01317 ( 1)
  88 L   0.91196 0.00497 0.08256 0.00051 ( 1)
  89 K   0.89327 0.01524 0.08984 0.00165 ( 1)
  90 G   0.92289 0.00147 0.07550 0.00014 ( 1)
  91 D   0.87259 0.03057 0.09344 0.00341 ( 1)
  92 R   0.89694 0.01285 0.08883 0.00138 ( 1)
  93 T   0.70558 0.20271 0.06993 0.02178 ( 1)
  94 I   0.89463 0.01434 0.08948 0.00155 ( 1)
  95 E   0.88257 0.02286 0.09205 0.00252 ( 1)
  96 F   0.88016 0.02457 0.09255 0.00272 ( 1)
  97 D   0.87259 0.03057 0.09344 0.00341 ( 1)
  98 G   0.91100 0.00519 0.08327 0.00054 ( 1)
  99 E   0.88257 0.02286 0.09205 0.00252 ( 1)
 100 F   0.87970 0.02504 0.09250 0.00277 ( 1)
 101 A   0.90103 0.01172 0.08602 0.00124 ( 1)
 102 A   0.89994 0.01099 0.08790 0.00117 ( 1)
 103 D   0.87262 0.03053 0.09344 0.00341 ( 1)
 104 V   0.90582 0.00767 0.08570 0.00081 ( 1)
 105 L   0.86661 0.03536 0.09406 0.00397 ( 1)
 106 V   0.88472 0.02127 0.09167 0.00234 ( 1)
 107 E   0.88257 0.02286 0.09205 0.00252 ( 1)
 108 F   0.87978 0.02495 0.09251 0.00276 ( 1)
 109 L   0.91218 0.00470 0.08264 0.00048 ( 1)
 110 L   0.86661 0.03536 0.09406 0.00397 ( 1)
 111 D   0.87844 0.02612 0.09255 0.00289 ( 1)
 112 L   0.85913 0.07948 0.05447 0.00691 ( 1)
 113 I   0.72142 0.20065 0.05865 0.01929 ( 1)
 114 E   0.90181 0.01832 0.07802 0.00185 ( 1)
 115 D   0.89094 0.02449 0.08202 0.00255 ( 1)
 116 P   0.91566 0.01224 0.07092 0.00117 ( 1)
 117 V   0.89918 0.01940 0.07945 0.00198 ( 1)
 118 E   0.89638 0.02097 0.08050 0.00215 ( 1)
 119 I   0.90642 0.01550 0.07653 0.00155 ( 1)
 120 I   0.90642 0.01550 0.07653 0.00155 ( 1)
 121 N   0.86331 0.07505 0.05510 0.00654 ( 1)
 122 S   0.94520 0.00206 0.05258 0.00017 ( 1)
 123 K   0.91158 0.01301 0.07413 0.00127 ( 1)
 124 L   0.86460 0.04153 0.08932 0.00456 ( 1)
 125 E   0.90262 0.01753 0.07809 0.00177 ( 1)
 126 V   0.92756 0.00644 0.06541 0.00059 ( 1)
 127 Q   0.90542 0.01632 0.07664 0.00162 ( 1)
 128 A   0.93345 0.00463 0.06151 0.00041 ( 1)
 129 F   0.89258 0.02313 0.08189 0.00240 ( 1)
 130 E   0.89638 0.02097 0.08050 0.00215 ( 1)
 131 R   0.91529 0.01125 0.07237 0.00109 ( 1)
 132 I   0.91218 0.01268 0.07390 0.00124 ( 1)
 133 E   0.89638 0.02097 0.08050 0.00215 ( 1)
 134 D   0.89179 0.02366 0.08210 0.00246 ( 1)
 135 H   0.85950 0.07736 0.05632 0.00683 ( 1)
 136 I   0.90642 0.01550 0.07653 0.00155 ( 1)
 137 K   0.91158 0.01301 0.07413 0.00127 ( 1)
 138 L   0.93650 0.00379 0.05938 0.00033 ( 1)
 139 I   0.90720 0.01473 0.07659 0.00147 ( 1)
 140 G   0.93511 0.00422 0.06030 0.00037 ( 1)
 141 F   0.89258 0.02313 0.08189 0.00240 ( 1)
 142 F   0.90678 0.01529 0.07640 0.00152 ( 1)
 143 K   0.91051 0.01353 0.07463 0.00133 ( 1)
 144 S   0.90549 0.01603 0.07688 0.00160 ( 1)
 145 E   0.89645 0.02091 0.08050 0.00215 ( 1)
 146 D   0.89179 0.02366 0.08210 0.00246 ( 1)
 147 S   0.91742 0.01040 0.07118 0.00100 ( 1)
 148 E   0.89180 0.02550 0.08008 0.00262 ( 1)
 149 Y   0.60038 0.31520 0.05247 0.03195 ( 1)
 150 Y   0.90441 0.01785 0.07597 0.00178 ( 1)
 151 K   0.90984 0.01515 0.07353 0.00148 ( 1)
 152 A   0.91905 0.01090 0.06902 0.00103 ( 1)
 153 F   0.89145 0.02497 0.08100 0.00258 ( 1)
 154 E   0.90171 0.01928 0.07708 0.00193 ( 1)
 155 E   0.89532 0.02279 0.07956 0.00233 ( 1)
 156 A   0.91653 0.01200 0.07033 0.00114 ( 1)
 157 A   0.91905 0.01090 0.06902 0.00103 ( 1)
 158 E   0.90171 0.01928 0.07708 0.00193 ( 1)
 159 H   0.93428 0.00543 0.05982 0.00047 ( 1)
 160 F   0.90600 0.01698 0.07534 0.00168 ( 1)
 161 Q   0.90050 0.02008 0.07740 0.00202 ( 1)
 162 P   0.94411 0.00283 0.05282 0.00023 ( 1)
 163 Y   0.90441 0.01785 0.07597 0.00178 ( 1)
 164 I   0.66971 0.24973 0.05581 0.02475 ( 1)
 165 K   0.91096 0.01461 0.07302 0.00142 ( 1)
 166 F   0.89145 0.02497 0.08100 0.00258 ( 1)
 167 F   0.89145 0.02497 0.08100 0.00258 ( 1)
 168 A   0.91905 0.01090 0.06902 0.00103 ( 1)
 169 T   0.93884 0.00418 0.05663 0.00035 ( 1)
 170 F   0.90594 0.01704 0.07533 0.00169 ( 1)
 171 D   0.89065 0.02549 0.08122 0.00264 ( 1)
 172 K   0.91096 0.01461 0.07302 0.00142 ( 1)
 173 G   0.93689 0.00473 0.05797 0.00041 ( 1)
 174 V   0.92574 0.00931 0.06411 0.00084 ( 1)
 175 A   0.91305 0.01465 0.07090 0.00140 ( 1)
 176 K   0.90611 0.01812 0.07399 0.00178 ( 1)
 177 K   0.90725 0.01754 0.07350 0.00171 ( 1)
 178 L   0.87194 0.03825 0.08572 0.00409 ( 1)
 179 S   0.94414 0.00367 0.05189 0.00030 ( 1)
 180 L   0.87194 0.03825 0.08572 0.00409 ( 1)
 181 K   0.90611 0.01812 0.07399 0.00178 ( 1)
 182 M   0.93912 0.00494 0.05553 0.00041 ( 1)
 183 N   0.94694 0.00310 0.04972 0.00025 ( 1)
 184 E   0.89151 0.02599 0.07983 0.00267 ( 1)
 185 V   0.92573 0.00932 0.06410 0.00085 ( 1)
 186 D   0.88688 0.02870 0.08144 0.00298 ( 1)
 187 F   0.90221 0.02004 0.07575 0.00199 ( 1)
 188 Y   0.90389 0.01926 0.07495 0.00190 ( 1)
 189 E   0.89151 0.02599 0.07983 0.00267 ( 1)
 190 P   0.90526 0.01836 0.07458 0.00181 ( 1)
 191 F   0.88767 0.02818 0.08123 0.00292 ( 1)
 192 M   0.93912 0.00494 0.05553 0.00041 ( 1)
 193 D   0.88682 0.02876 0.08144 0.00299 ( 1)
 194 E   0.89151 0.02599 0.07983 0.00267 ( 1)
 195 P   0.91532 0.01358 0.06981 0.00129 ( 1)
 196 I   0.90789 0.01717 0.07327 0.00168 ( 1)
 197 A   0.93090 0.00748 0.06096 0.00066 ( 1)
 198 I   0.90209 0.02002 0.07590 0.00199 ( 1)
 199 P   0.92947 0.00752 0.06234 0.00067 ( 1)
 200 D   0.88604 0.02882 0.08214 0.00300 ( 1)
 201 K   0.66515 0.25508 0.05467 0.02510 ( 1)
 202 P   0.91409 0.01368 0.07092 0.00131 ( 1)
 203 Y   0.89958 0.02106 0.07724 0.00212 ( 1)
 204 T   0.90974 0.01579 0.07293 0.00154 ( 1)
 205 E   0.89691 0.02254 0.07828 0.00228 ( 1)
 206 E   0.57581 0.33732 0.05211 0.03477 ( 1)
 207 E   0.89061 0.02611 0.08059 0.00269 ( 1)
 208 L   0.93305 0.00636 0.06004 0.00056 ( 1)
 209 V   0.89342 0.02449 0.07958 0.00251 ( 1)
 210 E   0.57550 0.33762 0.05208 0.03480 ( 1)
 211 F   0.88666 0.02845 0.08193 0.00296 ( 1)
 212 V   0.89274 0.02517 0.07952 0.00257 ( 1)
 213 K   0.90437 0.01887 0.07490 0.00186 ( 1)
 214 E   0.88993 0.02678 0.08053 0.00276 ( 1)
 215 H   0.94612 0.00324 0.05038 0.00026 ( 1)
 216 Q   0.89899 0.02202 0.07679 0.00220 ( 1)
 217 P   0.87837 0.02199 0.09715 0.00249 ( 1)
 218 T   0.89076 0.01163 0.09631 0.00130 ( 1)
 219 L   0.87838 0.02407 0.09485 0.00270 ( 1)
 220 R   0.54432 0.07635 0.36999 0.00934 ( 1)
 221 R   0.88201 0.02124 0.09438 0.00237 ( 1)
 222 L   0.85583 0.04331 0.09592 0.00494 ( 1)
 223 R   0.88218 0.02107 0.09439 0.00235 ( 1)
 224 P   0.87848 0.02404 0.09478 0.00269 ( 1)
 225 E   0.87343 0.02819 0.09521 0.00317 ( 1)
 226 D   0.86078 0.03897 0.09582 0.00443 ( 1)
 227 M   0.89975 0.00844 0.09089 0.00092 ( 1)
 228 F   0.86674 0.03384 0.09559 0.00383 ( 1)
 229 E   0.87295 0.02841 0.09544 0.00320 ( 1)
 230 T   0.88201 0.02121 0.09441 0.00237 ( 1)
 231 W   0.85791 0.04148 0.09589 0.00472 ( 1)
 232 E   0.90358 0.01744 0.07724 0.00175 ( 1)
 233 D   0.88439 0.02859 0.08401 0.00301 ( 1)
 234 D   0.88439 0.02859 0.08401 0.00301 ( 1)
 235 L   0.87715 0.03345 0.08582 0.00357 ( 1)
 236 N   0.93633 0.00420 0.05910 0.00036 ( 1)
 237 G   0.93780 0.00384 0.05803 0.00033 ( 1)
 238 I   0.90743 0.01542 0.07562 0.00153 ( 1)
 239 H   0.95061 0.00142 0.04786 0.00011 ( 1)
 240 I   0.91327 0.01260 0.07291 0.00122 ( 1)
 241 V   0.90009 0.01931 0.07864 0.00196 ( 1)
 242 A   0.93482 0.00458 0.06020 0.00040 ( 1)
 243 F   0.89496 0.02269 0.08002 0.00233 ( 1)
 244 A   0.93466 0.00435 0.06060 0.00038 ( 1)
 245 E   0.89726 0.02088 0.07973 0.00213 ( 1)
 246 R   0.94966 0.00155 0.04868 0.00012 ( 1)
 247 S   0.90649 0.01594 0.07599 0.00158 ( 1)
 248 D   0.88439 0.02859 0.08401 0.00301 ( 1)
 249 P   0.91074 0.01366 0.07426 0.00134 ( 1)
 250 D   0.88354 0.02883 0.08459 0.00305 ( 1)
 251 G   0.93513 0.00421 0.06030 0.00037 ( 1)
 252 Y   0.90749 0.01525 0.07576 0.00151 ( 1)
 253 E   0.89640 0.02095 0.08050 0.00215 ( 1)
 254 F   0.90680 0.01527 0.07640 0.00152 ( 1)
 255 L   0.86462 0.04151 0.08932 0.00455 ( 1)
 256 E   0.89640 0.02095 0.08050 0.00215 ( 1)
 257 I   0.90645 0.01548 0.07653 0.00154 ( 1)
 258 L   0.86463 0.04149 0.08932 0.00455 ( 1)
 259 K   0.91053 0.01351 0.07463 0.00133 ( 1)
 260 Q   0.90147 0.01830 0.07839 0.00185 ( 1)
 261 V   0.92876 0.00602 0.06467 0.00055 ( 1)
 262 A   0.91958 0.00929 0.07025 0.00088 ( 1)
 263 R   0.95208 0.00104 0.04681 0.00008 ( 1)
 264 D   0.89181 0.02363 0.08210 0.00246 ( 1)
 265 N   0.93497 0.00424 0.06042 0.00037 ( 1)
 266 T   0.94516 0.00172 0.05298 0.00014 ( 1)
 267 D   0.89181 0.02363 0.08210 0.00246 ( 1)
 268 N   0.93497 0.00424 0.06042 0.00037 ( 1)
 269 P   0.93344 0.00459 0.06156 0.00041 ( 1)
 270 D   0.60678 0.30560 0.05586 0.03176 ( 1)
 271 L   0.87625 0.03343 0.08673 0.00359 ( 1)
 272 S   0.90794 0.03842 0.05050 0.00313 ( 1)
 273 I   0.90688 0.01505 0.07657 0.00150 ( 1)
 274 V   0.58822 0.35833 0.02686 0.02658 ( 1)
 275 W   0.87937 0.03152 0.08575 0.00336 ( 1)
 276 I   0.90645 0.01548 0.07653 0.00154 ( 1)
 277 D   0.89181 0.02363 0.08210 0.00246 ( 1)
 278 P   0.90970 0.01373 0.07522 0.00136 ( 1)
 279 D   0.88461 0.02776 0.08469 0.00294 ( 1)
 280 D   0.89181 0.02363 0.08210 0.00246 ( 1)
 281 F   0.89260 0.02311 0.08189 0.00240 ( 1)
 282 P   0.93344 0.00459 0.06156 0.00041 ( 1)
 283 L   0.86462 0.04151 0.08932 0.00455 ( 1)
 284 L   0.93807 0.00377 0.05784 0.00032 ( 1)
 285 V   0.92997 0.00606 0.06342 0.00055 ( 1)
 286 A   0.93428 0.00511 0.06016 0.00045 ( 1)
 287 Y   0.90929 0.01462 0.07465 0.00144 ( 1)
 288 W   0.87987 0.03158 0.08519 0.00336 ( 1)
 289 E   0.90345 0.01756 0.07723 0.00176 ( 1)
 290 K   0.91145 0.01356 0.07366 0.00132 ( 1)
 291 T   0.93968 0.00336 0.05668 0.00028 ( 1)
 292 F   0.90767 0.01533 0.07548 0.00152 ( 1)
 293 K   0.91145 0.01356 0.07366 0.00132 ( 1)
 294 I   0.91315 0.01271 0.07290 0.00123 ( 1)
 295 D   0.89247 0.02370 0.08139 0.00245 ( 1)
 296 L   0.91059 0.01400 0.07403 0.00137 ( 1)
 297 F   0.90767 0.01533 0.07548 0.00152 ( 1)
 298 K   0.91145 0.01356 0.07366 0.00132 ( 1)
 299 P   0.91105 0.01335 0.07428 0.00131 ( 1)
 300 Q   0.90226 0.01835 0.07755 0.00184 ( 1)
 301 I   0.91315 0.01271 0.07290 0.00123 ( 1)
 302 G   0.93561 0.00446 0.05954 0.00039 ( 1)
 303 V   0.89996 0.01944 0.07863 0.00197 ( 1)
 304 V   0.89996 0.01944 0.07863 0.00197 ( 1)
 305 N   0.94955 0.00162 0.04871 0.00013 ( 1)
 306 V   0.92996 0.00607 0.06342 0.00055 ( 1)
 307 T   0.91604 0.01139 0.07148 0.00109 ( 1)
 308 D   0.88391 0.02906 0.08396 0.00306 ( 1)
 309 A   0.91979 0.01017 0.06908 0.00096 ( 1)
 310 D   0.89160 0.02455 0.08131 0.00254 ( 1)
 311 S   0.90556 0.01686 0.07591 0.00167 ( 1)
 312 V   0.92824 0.00698 0.06414 0.00063 ( 1)
 313 W   0.87902 0.03242 0.08511 0.00345 ( 1)
 314 M   0.94201 0.00312 0.05461 0.00026 ( 1)
 315 E   0.89627 0.02185 0.07965 0.00223 ( 1)
 316 I   0.91241 0.01344 0.07284 0.00130 ( 1)
 317 P   0.91108 0.01407 0.07348 0.00137 ( 1)
 318 D   0.18741 0.12414 0.66378 0.02466 ( 3)
 319 G   0.95315 0.00124 0.04551 0.00009 ( 1)
 320 D   0.88339 0.02958 0.08391 0.00312 ( 1)
 321 D   0.17743 0.18098 0.60628 0.03530 ( 3)
 322 L   0.86433 0.04219 0.08887 0.00462 ( 1)
 323 P   0.91965 0.01013 0.06927 0.00096 ( 1)
 324 T   0.91533 0.01209 0.07142 0.00116 ( 1)
 325 A   0.91985 0.01011 0.06908 0.00095 ( 1)
 326 E   0.89627 0.02185 0.07965 0.00223 ( 1)
 327 E   0.89627 0.02185 0.07965 0.00223 ( 1)
 328 L   0.86423 0.04228 0.08886 0.00463 ( 1)
 329 E   0.90263 0.01838 0.07716 0.00184 ( 1)
 330 D   0.89160 0.02455 0.08131 0.00254 ( 1)
 331 W   0.87902 0.03242 0.08511 0.00345 ( 1)
 332 I   0.23918 0.06813 0.68050 0.01219 ( 3)
 333 E   0.89627 0.02185 0.07965 0.00223 ( 1)
 334 D   0.88415 0.02941 0.08335 0.00309 ( 1)
 335 V   0.89912 0.02027 0.07856 0.00205 ( 1)
 336 L   0.93768 0.00414 0.05782 0.00036 ( 1)
 337 S   0.94131 0.00331 0.05510 0.00028 ( 1)
 338 G   0.93735 0.00428 0.05800 0.00037 ( 1)
 339 K   0.91069 0.01431 0.07360 0.00140 ( 1)
 340 I   0.95792 0.00079 0.04123 0.00006 ( 1)
 341 N   0.29735 0.02853 0.66955 0.00456 ( 3)
 342 T   0.93926 0.00377 0.05665 0.00032 ( 1)
 343 E   0.89667 0.02146 0.07968 0.00219 ( 1)
 344 D   0.55511 0.35512 0.05242 0.03734 ( 1)
 345 D   0.56115 0.34842 0.05359 0.03684 ( 1)
 346 D   0.89080 0.02486 0.08176 0.00258 ( 1)
 347 N   0.00156 0.92338 0.00009 0.07498 ( 2)
 348 E   0.65176 0.26535 0.05617 0.02672 ( 1)
 349 D   0.55595 0.35358 0.05309 0.03738 ( 1)
 350 E   0.90184 0.01856 0.07772 0.00187 ( 1)
 351 E   0.00457 0.82948 0.01372 0.15223 ( 2)
 352 D   0.54290 0.36650 0.05185 0.03875 ( 1)
 353 E   0.90180 0.01861 0.07772 0.00187 ( 1)
 354 E   0.61525 0.29902 0.05507 0.03066 ( 1)
 355 D   0.06854 0.83649 0.00650 0.08847 ( 2)
 356 D   0.89160 0.02455 0.08131 0.00254 ( 1)
 357 D   0.21731 0.11094 0.65130 0.02045 ( 3)
 358 D   0.89156 0.02459 0.08130 0.00254 ( 1)
 359 D   0.18768 0.13128 0.65583 0.02520 ( 3)
 360 D   0.55380 0.35564 0.05282 0.03774 ( 1)
 361 D   0.89160 0.02455 0.08131 0.00254 ( 1)
 362 N   0.00008 0.89706 0.00002 0.10285 ( 2)
 363 D   0.87839 0.02617 0.09254 0.00290 ( 1)
 364 N   0.91980 0.00228 0.07769 0.00023 ( 1)
 365 S   0.91449 0.00395 0.08116 0.00040 ( 1)
 366 D   0.87818 0.02638 0.09252 0.00292 ( 1)
 367 E   0.88370 0.02028 0.09376 0.00225 ( 1)
 368 E   0.05941 0.59758 0.22148 0.12152 ( 2)
 369 D   0.00684 0.90085 0.00060 0.09171 ( 2)
 370 D   0.21387 0.12893 0.63365 0.02354 ( 3)
 371 D   0.89160 0.02455 0.08131 0.00254 ( 1)
 372 S   0.00029 0.72788 0.02988 0.24195 ( 2)
 373 D   0.06655 0.83796 0.00638 0.08911 ( 2)
 374 D   0.21673 0.11061 0.65224 0.02042 ( 3)
 375 D   0.53771 0.37126 0.05155 0.03948 ( 1)
 376 E   0.00369 0.90093 0.00035 0.09504 ( 2)
 377 D   0.88963 0.02602 0.08166 0.00270 ( 1)


lnL = -3069.871023

Bayes Empirical Bayes (BEB) probabilities for 4 classes (class)
(amino acids refer to 1st sequence: Bacu)

   1 M   0.86324 0.05412 0.07701 0.00564 ( 1)
   2 K   0.26947 0.62368 0.03018 0.07667 ( 2)
   3 R   0.47284 0.44179 0.04098 0.04438 ( 1)
   4 T   0.86357 0.05399 0.07683 0.00561 ( 1)
   5 H   0.48384 0.43487 0.03874 0.04254 ( 1)
   6 L   0.72909 0.14972 0.10017 0.02102 ( 1)
   7 F   0.76790 0.12083 0.09547 0.01581 ( 1)
   8 V   0.24185 0.64635 0.02880 0.08300 ( 2)
   9 M   0.25411 0.63417 0.03027 0.08145 ( 2)
  10 A   0.00264 0.74231 0.00957 0.24547 ( 2)
  11 V   0.83254 0.07493 0.08405 0.00848 ( 1)
  12 Y   0.78857 0.10604 0.09212 0.01327 ( 1)
  13 L   0.72909 0.14972 0.10017 0.02102 ( 1)
  14 L   0.72909 0.14972 0.10017 0.02102 ( 1)
  15 S   0.87416 0.04697 0.07413 0.00473 ( 1)
  16 T   0.45379 0.46176 0.03795 0.04650 ( 2)
  17 C   0.89127 0.03623 0.06907 0.00344 ( 1)
  18 R   0.34664 0.56954 0.02790 0.05592 ( 2)
  19 A   0.81312 0.08774 0.08867 0.01047 ( 1)
  20 E   0.08548 0.23621 0.58774 0.09056 ( 3)
  21 E   0.77577 0.11467 0.09474 0.01481 ( 1)
  22 G   0.85505 0.05887 0.07977 0.00631 ( 1)
  23 L   0.73516 0.14654 0.09815 0.02015 ( 1)
  24 N   0.38934 0.51956 0.03560 0.05550 ( 2)
  25 F   0.79385 0.10146 0.09205 0.01264 ( 1)
  26 P   0.81782 0.08423 0.08799 0.00996 ( 1)
  27 T   0.86635 0.05124 0.07708 0.00532 ( 1)
  28 Y   0.79659 0.09966 0.09143 0.01232 ( 1)
  29 D   0.76841 0.12007 0.09579 0.01573 ( 1)
  30 G   0.85207 0.06086 0.08049 0.00658 ( 1)
  31 K   0.30758 0.58587 0.03450 0.07205 ( 2)
  32 D   0.76928 0.11995 0.09514 0.01563 ( 1)
  33 R   0.81241 0.08858 0.08845 0.01056 ( 1)
  34 V   0.78222 0.11036 0.09339 0.01403 ( 1)
  35 V   0.83681 0.07193 0.08321 0.00806 ( 1)
  36 S   0.79246 0.10325 0.09147 0.01281 ( 1)
  37 L   0.79998 0.09794 0.09013 0.01195 ( 1)
  38 T   0.86760 0.05125 0.07588 0.00527 ( 1)
  39 E   0.77672 0.11454 0.09404 0.01470 ( 1)
  40 K   0.80166 0.09668 0.08990 0.01176 ( 1)
  41 N   0.85340 0.06074 0.07937 0.00650 ( 1)
  42 F   0.79497 0.10130 0.09121 0.01252 ( 1)
  43 K   0.80166 0.09668 0.08990 0.01176 ( 1)
  44 Q   0.78498 0.10892 0.09241 0.01369 ( 1)
  45 V   0.83948 0.07006 0.08267 0.00780 ( 1)
  46 L   0.07210 0.24960 0.57080 0.10750 ( 3)
  47 K   0.80166 0.09668 0.08990 0.01176 ( 1)
  48 K   0.80373 0.09520 0.08955 0.01152 ( 1)
  49 Y   0.09358 0.22904 0.59505 0.08234 ( 3)
  50 D   0.76928 0.11995 0.09514 0.01563 ( 1)
  51 L   0.74534 0.13825 0.09767 0.01874 ( 1)
  52 L   0.85635 0.05887 0.07853 0.00625 ( 1)
  53 C   0.89783 0.03180 0.06741 0.00296 ( 1)
  54 L   0.85647 0.05876 0.07854 0.00623 ( 1)
  55 Y   0.25948 0.63209 0.02963 0.07880 ( 2)
  56 Y   0.09562 0.23426 0.58812 0.08200 ( 3)
  57 H   0.85024 0.06306 0.07991 0.00680 ( 1)
  58 E   0.77606 0.11519 0.09396 0.01479 ( 1)
  59 P   0.81876 0.08442 0.08693 0.00989 ( 1)
  60 V   0.23883 0.65008 0.02817 0.08292 ( 2)
  61 S   0.86521 0.05305 0.07626 0.00548 ( 1)
  62 S   0.83918 0.07800 0.07471 0.00811 ( 1)
  63 D   0.75630 0.12966 0.09674 0.01730 ( 1)
  64 K   0.80295 0.09597 0.08946 0.01162 ( 1)
  65 A   0.00288 0.89710 0.00026 0.09976 ( 2)
  66 A   0.00015 0.43306 0.02116 0.54562 ( 4)
  67 Q   0.78428 0.10961 0.09233 0.01378 ( 1)
  68 K   0.80295 0.09597 0.08946 0.01162 ( 1)
  69 Q   0.02590 0.12646 0.73822 0.10943 ( 3)
  70 F   0.10021 0.23762 0.58273 0.07945 ( 3)
  71 Q   0.79097 0.10503 0.09102 0.01298 ( 1)
  72 M   0.01852 0.86545 0.00221 0.11382 ( 2)
  73 K   0.80295 0.09597 0.08946 0.01162 ( 1)
  74 E   0.78624 0.10798 0.09223 0.01355 ( 1)
  75 I   0.26326 0.62879 0.02988 0.07807 ( 2)
  76 V   0.16274 0.73160 0.01762 0.08804 ( 2)
  77 L   0.73020 0.14903 0.09992 0.02086 ( 1)
  78 E   0.77571 0.11554 0.09392 0.01483 ( 1)
  79 F   0.75583 0.12154 0.10541 0.01722 ( 1)
  80 D   0.20985 0.66470 0.02948 0.09596 ( 2)
  81 E   0.76945 0.11003 0.10516 0.01536 ( 1)
  82 E   0.76945 0.11003 0.10516 0.01536 ( 1)
  83 G   0.82294 0.06623 0.10220 0.00863 ( 1)
  84 S   0.77364 0.10651 0.10505 0.01480 ( 1)
  85 L   0.18223 0.68978 0.02632 0.10167 ( 2)
  86 Y   0.77815 0.10272 0.10492 0.01420 ( 1)
  87 V   0.32674 0.55789 0.04112 0.07425 ( 2)
  88 L   0.82653 0.06375 0.10148 0.00824 ( 1)
  89 K   0.78123 0.10016 0.10481 0.01380 ( 1)
  90 G   0.85968 0.03839 0.09725 0.00468 ( 1)
  91 D   0.74433 0.13136 0.10548 0.01884 ( 1)
  92 R   0.78921 0.09352 0.10450 0.01276 ( 1)
  93 T   0.27493 0.60571 0.03614 0.08323 ( 2)
  94 I   0.78414 0.09773 0.10471 0.01342 ( 1)
  95 E   0.76074 0.11738 0.10533 0.01655 ( 1)
  96 F   0.75681 0.12056 0.10554 0.01708 ( 1)
  97 D   0.74433 0.13136 0.10548 0.01884 ( 1)
  98 G   0.82458 0.06493 0.10205 0.00844 ( 1)
  99 E   0.76077 0.11735 0.10534 0.01654 ( 1)
 100 F   0.75583 0.12154 0.10541 0.01722 ( 1)
 101 A   0.79552 0.09033 0.10210 0.01205 ( 1)
 102 A   0.79605 0.08789 0.10416 0.01189 ( 1)
 103 D   0.74445 0.13124 0.10549 0.01882 ( 1)
 104 V   0.81060 0.07607 0.10325 0.01009 ( 1)
 105 L   0.73532 0.13912 0.10544 0.02012 ( 1)
 106 V   0.76459 0.11412 0.10527 0.01602 ( 1)
 107 E   0.76074 0.11738 0.10533 0.01655 ( 1)
 108 F   0.75600 0.12136 0.10543 0.01720 ( 1)
 109 L   0.82800 0.06223 0.10172 0.00805 ( 1)
 110 L   0.73532 0.13912 0.10544 0.02012 ( 1)
 111 D   0.75357 0.12362 0.10527 0.01754 ( 1)
 112 L   0.38746 0.52090 0.03567 0.05596 ( 2)
 113 I   0.28176 0.61185 0.03292 0.07348 ( 2)
 114 E   0.78471 0.10861 0.09295 0.01373 ( 1)
 115 D   0.76704 0.12143 0.09561 0.01591 ( 1)
