Supplemental results for CODEML (seqf: /home/leticiamagpali/phd/evol_models/codeml/small_dataset/cml_align/OTOF_codon_aligned.phy  treef: /home/leticiamagpali/phd/evol_models/codeml/small_dataset/cml_trees/gene_trees/H3_gene_trees/OTOF_codon_H3.tre)

I	J	ij	2Ns_IJ	pMut_IJ	pSub_IJ	2Ns_JI	pMut_JI	pSub_JI

TTC	TTT	CT	-0.26480	0.05104	0.04458	0.26480	0.03917	0.04458
TTA	TTT	AT	6.57580	0.00001	0.00007	-6.57580	0.00805	0.00007
TTA	TTC	AC	6.84059	0.00003	0.00022	-6.84059	0.02956	0.00022
TTG	TTT	GT	1.59078	0.00182	0.00363	-1.59078	0.00892	0.00363
TTG	TTC	GC	1.85557	0.00512	0.01126	-1.85557	0.03275	0.01126
TTG	TTA	GA	-4.98502	0.01390	0.00048	4.98502	0.00010	0.00048
TCT	TTT	CT	1.81727	0.00636	0.01381	-1.81727	0.03917	0.01381
TCC	TTC	CT	1.20871	0.04291	0.07395	-1.20871	0.14372	0.07395
TCC	TCT	CT	-0.87335	0.04291	0.02687	0.87335	0.01792	0.02687
TCA	TTA	CT	-4.24796	0.00804	0.00049	4.24796	0.00011	0.00049
TCA	TCT	AT	0.51057	0.00221	0.00282	-0.51057	0.00368	0.00282
TCA	TCC	AC	1.38392	0.00623	0.01150	-1.38392	0.02485	0.01150
TCG	TTG	CT	1.04766	0.00653	0.01053	-1.04766	0.01861	0.01053
TCG	TCT	GT	0.82117	0.00180	0.00263	-0.82117	0.00408	0.00263
TCG	TCC	GC	1.69453	0.00506	0.01050	-1.69453	0.02753	0.01050
TCG	TCA	GA	0.31061	0.01373	0.01598	-0.31061	0.01873	0.01598
TAT	TTT	AT	1.31311	0.00217	0.00389	-1.31311	0.00805	0.00389
TAT	TCT	AC	-0.50416	0.00610	0.00469	0.50416	0.00368	0.00469
TAC	TTC	AT	0.90981	0.01190	0.01812	-0.90981	0.02956	0.01812
TAC	TCC	AC	-0.29890	0.03351	0.02875	0.29890	0.02485	0.02875
TAC	TAT	CT	-0.66810	0.04324	0.03039	0.66810	0.02217	0.03039
TGT	TTT	GT	2.27166	0.00092	0.00233	-2.27166	0.00892	0.00233
TGT	TCT	GC	0.45439	0.00259	0.00323	-0.45439	0.00408	0.00323
TGT	TAT	GA	0.95855	0.00704	0.01094	-0.95855	0.01835	0.01094
TGC	TTC	GT	1.87139	0.00504	0.01115	-1.87139	0.03275	0.01115
TGC	TCC	GC	0.66268	0.01419	0.01941	-0.66268	0.02753	0.01941
TGC	TAC	GA	0.96158	0.03854	0.05999	-0.96158	0.10081	0.05999
TGC	TGT	CT	-0.66506	0.01831	0.01289	0.66506	0.00942	0.01289
TGG	TTG	GT	-0.53671	0.00725	0.00548	0.53671	0.00424	0.00548
TGG	TCG	GC	-1.58437	0.02042	0.00835	1.58437	0.00419	0.00835
TGG	TGT	GT	-1.21759	0.00725	0.00371	1.21759	0.00215	0.00371
TGG	TGC	GC	-0.55252	0.02042	0.01529	0.55252	0.01175	0.01529
CTT	TTT	CT	2.24215	0.00416	0.01044	-2.24215	0.03917	0.01044
CTC	TTC	CT	1.28450	0.03978	0.07065	-1.28450	0.14372	0.07065
CTC	CTT	CT	-1.22244	0.03978	0.02030	1.22244	0.01172	0.02030
CTA	TTA	CT	-3.29549	0.00310	0.00039	3.29549	0.00011	0.00039
CTA	CTT	AT	1.03815	0.00085	0.00137	-1.03815	0.00241	0.00137
CTA	CTC	AC	2.26060	0.00240	0.00606	-2.26060	0.02303	0.00606
CTG	TTG	CT	-1.62390	0.09439	0.03763	1.62390	0.01861	0.03763
CTG	CTT	GT	-2.27527	0.02598	0.00677	2.27527	0.00267	0.00677
CTG	CTC	GC	-1.05282	0.07314	0.04127	1.05282	0.02552	0.04127
CTG	CTA	GA	-3.31342	0.19861	0.02485	3.31342	0.00723	0.02485
CCT	TCT	CT	0.07874	0.01656	0.01722	-0.07874	0.01792	0.01722
CCT	CTT	CT	-0.34614	0.01656	0.01386	0.34614	0.01172	0.01386
CCC	TCC	CT	0.75232	0.05694	0.08102	-0.75232	0.12083	0.08102
CCC	CTC	CT	0.67653	0.05694	0.07836	-0.67653	0.11201	0.07836
CCC	CCT	CT	-0.19977	0.05694	0.05144	0.19977	0.04663	0.05144
CCA	TCA	CT	0.65896	0.01171	0.01598	-0.65896	0.02263	0.01598
CCA	CTA	CT	-0.29351	0.01171	0.01007	0.29351	0.00873	0.01007
CCA	CCT	AT	1.09079	0.00322	0.00529	-1.09079	0.00959	0.00529
CCA	CCC	AC	1.29056	0.00907	0.01615	-1.29056	0.03297	0.01615
CCG	TCG	CT	0.26687	0.01407	0.01603	-0.26687	0.01838	0.01603
CCG	CTG	CT	2.93843	0.01407	0.04366	-2.93843	0.26578	0.04366
CCG	CCT	GT	1.00930	0.00387	0.00615	-1.00930	0.01063	0.00615
CCG	CCC	GC	1.20908	0.01090	0.01879	-1.20908	0.03654	0.01879
CCG	CCA	GA	-0.08149	0.02961	0.02842	0.08149	0.02729	0.02842
CAT	TAT	CT	2.49127	0.00184	0.00499	-2.49127	0.02217	0.00499
CAT	CTT	AT	1.56223	0.00051	0.00100	-1.56223	0.00241	0.00100
CAT	CCT	AC	1.90837	0.00142	0.00319	-1.90837	0.00959	0.00319
CAC	TAC	CT	1.69316	0.02239	0.04646	-1.69316	0.12175	0.04646
CAC	CTC	AT	1.31847	0.00616	0.01109	-1.31847	0.02303	0.01109
CAC	CCC	AC	0.64194	0.01735	0.02351	-0.64194	0.03297	0.02351
CAC	CAT	CT	-1.46620	0.02239	0.00985	1.46620	0.00517	0.00985
CAA	CTA	AT	0.52077	0.00107	0.00137	-0.52077	0.00180	0.00137
CAA	CCA	AC	0.81428	0.00300	0.00439	-0.81428	0.00678	0.00439
CAA	CAT	AT	-0.00330	0.00107	0.00106	0.00330	0.00106	0.00106
CAA	CAC	AC	1.46290	0.00300	0.00572	-1.46290	0.01297	0.00572
CAG	CTG	AT	1.47314	0.01253	0.02394	-1.47314	0.05466	0.02394
CAG	CCG	AC	-1.46529	0.03528	0.01553	1.46529	0.00815	0.01553
CAG	CAT	GT	-2.36435	0.01253	0.00307	2.36435	0.00118	0.00307
CAG	CAC	GC	-0.89815	0.03528	0.02177	0.89815	0.01437	0.02177
CAG	CAA	GA	-2.36105	0.09579	0.02355	2.36105	0.00903	0.02355
CGT	TGT	CT	0.95332	0.00363	0.00563	-0.95332	0.00942	0.00563
CGT	CTT	GT	0.98283	0.00100	0.00157	-0.98283	0.00267	0.00157
CGT	CCT	GC	1.32897	0.00281	0.00508	-1.32897	0.01063	0.00508
CGT	CAT	GA	-0.57940	0.00764	0.00564	0.57940	0.00428	0.00564
CGC	TGC	CT	0.52754	0.03043	0.03916	-0.52754	0.05157	0.03916
CGC	CTC	GT	1.11442	0.00837	0.01389	-1.11442	0.02552	0.01389
CGC	CCC	GC	0.43789	0.02358	0.02912	-0.43789	0.03654	0.02912
CGC	CAC	GA	-0.20405	0.06403	0.05772	0.20405	0.05221	0.05772
CGC	CGT	CT	-1.09085	0.03043	0.01679	1.09085	0.01022	0.01679
CGA	CTA	GT	0.35694	0.00139	0.00166	-0.35694	0.00199	0.00166
CGA	CCA	GC	0.65045	0.00392	0.00533	-0.65045	0.00751	0.00533
CGA	CAA	GA	-0.16383	0.01064	0.00979	0.16383	0.00903	0.00979
CGA	CGT	AT	0.41227	0.00139	0.00170	-0.41227	0.00210	0.00170
CGA	CGC	AC	1.50312	0.00392	0.00758	-1.50312	0.01762	0.00758
CGG	TGG	CT	0.67624	0.03773	0.05192	-0.67624	0.07420	0.05192
CGG	CTG	GT	1.76343	0.01038	0.02210	-1.76343	0.06056	0.02210
CGG	CCG	GC	-1.17500	0.02924	0.01535	1.17500	0.00903	0.01535
CGG	CAG	GA	0.29029	0.07939	0.09147	-0.29029	0.10613	0.09147
CGG	CGT	GT	-1.49466	0.01038	0.00449	1.49466	0.00233	0.00449
CGG	CGC	GC	-0.40381	0.02924	0.02373	0.40381	0.01952	0.02373
CGG	CGA	GA	-1.90693	0.07939	0.02641	1.90693	0.01179	0.02641
ATT	TTT	AT	0.69806	0.00401	0.00557	-0.69806	0.00805	0.00557
ATT	CTT	AC	-1.54409	0.01128	0.00473	1.54409	0.00241	0.00473
ATC	TTC	AT	0.59079	0.01637	0.02168	-0.59079	0.02956	0.02168
ATC	CTC	AC	-0.69371	0.04610	0.03194	0.69371	0.02303	0.03194
ATC	ATT	CT	-0.37206	0.05949	0.04910	0.37206	0.04100	0.04910
ATA	TTA	AT	-3.59989	0.00086	0.00009	3.59989	0.00002	0.00009
ATA	CTA	AC	-0.30440	0.00243	0.00208	0.30440	0.00180	0.00208
ATA	ATT	AT	2.27785	0.00086	0.00219	-2.27785	0.00843	0.00219
ATA	ATC	AC	2.64991	0.00243	0.00694	-2.64991	0.03445	0.00694
ATG	TTG	AT	-1.09310	0.01142	0.00629	1.09310	0.00383	0.00629
ATG	CTG	AC	0.53080	0.03215	0.04143	-0.53080	0.05466	0.04143
ATG	ATT	GT	-0.20038	0.01142	0.01031	0.20038	0.00934	0.01031
ATG	ATC	GC	0.17168	0.03215	0.03498	-0.17168	0.03817	0.03498
ATG	ATA	GA	-2.47823	0.08729	0.01981	2.47823	0.00732	0.01981
ACT	TCT	AT	0.50550	0.00222	0.00283	-0.50550	0.00368	0.00283
ACT	CCT	AC	0.42676	0.00626	0.00769	-0.42676	0.00959	0.00769
ACT	ATT	CT	1.62471	0.00808	0.01634	-1.62471	0.04100	0.01634
ACC	TCC	AT	1.11206	0.00817	0.01354	-1.11206	0.02485	0.01354
ACC	CCC	AC	0.35974	0.02301	0.02740	-0.35974	0.03297	0.02740
ACC	ATC	CT	1.72998	0.02970	0.06244	-1.72998	0.16750	0.06244
ACC	ACT	CT	-0.26680	0.02970	0.02591	0.26680	0.02274	0.02591
ACA	TCA	AT	0.41399	0.00308	0.00376	-0.41399	0.00465	0.00376
ACA	CCA	AC	-0.24497	0.00866	0.00764	0.24497	0.00678	0.00764
ACA	ATA	CT	-0.23408	0.01118	0.00992	0.23408	0.00884	0.00992
ACA	ACT	AT	0.41905	0.00308	0.00377	-0.41905	0.00468	0.00377
ACA	ACC	AC	0.68585	0.00866	0.01197	-0.68585	0.01720	0.01197
ACG	TCG	AT	-0.44240	0.00588	0.00468	0.44240	0.00378	0.00468
ACG	CCG	AC	-0.70927	0.01656	0.01138	0.70927	0.00815	0.01138
ACG	ATG	CT	1.69836	0.02137	0.04443	-1.69836	0.11681	0.04443
ACG	ACT	GT	-0.12673	0.00588	0.00552	0.12673	0.00518	0.00552
ACG	ACC	GC	0.14006	0.01656	0.01775	-0.14006	0.01905	0.01775
ACG	ACA	GA	-0.54579	0.04497	0.03381	0.54579	0.02606	0.03381
AAT	TAT	AT	0.44592	0.00292	0.00362	-0.44592	0.00456	0.00362
AAT	CAT	AC	-2.04534	0.00822	0.00250	2.04534	0.00106	0.00250
AAT	ATT	AT	1.06097	0.00292	0.00474	-1.06097	0.00843	0.00474
AAT	ACT	AC	-0.56374	0.00822	0.00612	0.56374	0.00468	0.00612
AAC	TAC	AT	0.72060	0.01218	0.01709	-0.72060	0.02504	0.01709
AAC	CAC	AC	-0.97256	0.03430	0.02028	0.97256	0.01297	0.02028
AAC	ATC	AT	1.03962	0.01218	0.01959	-1.03962	0.03445	0.01959
AAC	ACC	AC	-0.69036	0.03430	0.02381	0.69036	0.01720	0.02381
AAC	AAT	CT	-0.39341	0.04426	0.03612	0.39341	0.02986	0.03612
AAA	CAA	AC	-1.49319	0.00999	0.00432	1.49319	0.00224	0.00432
AAA	ATA	AT	-0.66802	0.00355	0.00249	0.66802	0.00182	0.00249
AAA	ACA	AC	-0.43394	0.00999	0.00798	0.43394	0.00647	0.00798
AAA	AAT	AT	0.54885	0.00355	0.00461	-0.54885	0.00614	0.00461
AAA	AAC	AC	0.94227	0.00999	0.01542	-0.94227	0.02563	0.01542
AAG	CAG	AC	-0.95584	0.06856	0.04094	0.95584	0.02636	0.04094
AAG	ATG	AT	-0.01349	0.02435	0.02418	0.01349	0.02402	0.02418
AAG	ACG	AC	-1.71185	0.06856	0.02586	1.71185	0.01238	0.02586
AAG	AAT	GT	-1.27485	0.02435	0.01204	1.27485	0.00680	0.01204
AAG	AAC	GC	-0.88143	0.06856	0.04273	0.88143	0.02840	0.04273
AAG	AAA	GA	-1.82370	0.18616	0.06536	1.82370	0.03005	0.06536
AGT	TGT	AT	0.08804	0.00177	0.00185	-0.08804	0.00194	0.00185
AGT	CGT	AC	-0.86528	0.00499	0.00314	0.86528	0.00210	0.00314
AGT	ATT	GT	1.66163	0.00177	0.00364	-1.66163	0.00934	0.00364
AGT	ACT	GC	0.03693	0.00499	0.00509	-0.03693	0.00518	0.00509
AGT	AAT	GA	0.60066	0.01356	0.01804	-0.60066	0.02473	0.01804
AGC	TGC	AT	0.29558	0.00789	0.00912	-0.29558	0.01061	0.00912
AGC	CGC	AC	-0.23195	0.02222	0.01974	0.23195	0.01762	0.01974
AGC	ATC	GT	1.57617	0.00789	0.01568	-1.57617	0.03817	0.01568
AGC	ACC	GC	-0.15380	0.02222	0.02056	0.15380	0.01905	0.02056
AGC	AAC	GA	0.53656	0.06034	0.07797	-0.53656	0.10318	0.07797
AGC	AGT	CT	-0.45752	0.02868	0.02261	0.45752	0.01815	0.02261
AGA	CGA	AC	1.39346	0.00073	0.00135	-1.39346	0.00293	0.00135
AGA	ATA	GT	2.05480	0.00026	0.00061	-2.05480	0.00202	0.00061
AGA	ACA	GC	2.28889	0.00073	0.00185	-2.28889	0.00717	0.00185
AGA	AAA	GA	2.72283	0.00197	0.00575	-2.72283	0.03005	0.00575
AGA	AGT	AT	2.67102	0.00026	0.00074	-2.67102	0.00373	0.00074
AGA	AGC	AC	3.12854	0.00073	0.00238	-3.12854	0.01661	0.00238
AGG	TGG	AT	3.50114	0.00046	0.00166	-3.50114	0.01526	0.00166
AGG	CGG	AC	2.82490	0.00130	0.00389	-2.82490	0.02185	0.00389
AGG	ATG	GT	4.05753	0.00046	0.00190	-4.05753	0.02662	0.00190
AGG	ACG	GC	2.35917	0.00130	0.00338	-2.35917	0.01371	0.00338
AGG	AAG	GA	4.07103	0.00352	0.01457	-4.07103	0.20627	0.01457
AGG	AGT	GT	2.19552	0.00046	0.00114	-2.19552	0.00414	0.00114
AGG	AGC	GC	2.65304	0.00130	0.00370	-2.65304	0.01840	0.00370
AGG	AGA	GA	-0.47550	0.00352	0.00275	0.47550	0.00219	0.00275
GTT	TTT	GT	3.84516	0.00019	0.00075	-3.84516	0.00892	0.00075
GTT	CTT	GC	1.60301	0.00054	0.00108	-1.60301	0.00267	0.00108
GTT	ATT	GA	3.14710	0.00146	0.00480	-3.14710	0.03395	0.00480
GTC	TTC	GT	1.17136	0.01015	0.01723	-1.17136	0.03275	0.01723
GTC	CTC	GC	-0.11314	0.02858	0.02699	0.11314	0.02552	0.02699
GTC	ATC	GA	0.58057	0.07761	0.10230	-0.58057	0.13869	0.10230
GTC	GTT	CT	-2.93860	0.03688	0.00606	2.93860	0.00195	0.00606
GTA	TTA	GT	-4.29517	0.00192	0.00011	4.29517	0.00003	0.00011
GTA	CTA	GC	-0.99968	0.00541	0.00315	0.99968	0.00199	0.00315
GTA	ATA	GA	-0.69528	0.01468	0.01016	0.69528	0.00732	0.01016
GTA	GTT	AT	-1.56453	0.00192	0.00079	1.56453	0.00040	0.00079
GTA	GTC	AC	1.37406	0.00541	0.00994	-1.37406	0.02136	0.00994
GTG	TTG	GT	-1.52985	0.01958	0.00828	1.52985	0.00424	0.00828
GTG	CTG	GC	0.09405	0.05513	0.05776	-0.09405	0.06056	0.05776
GTG	ATG	GA	-0.43675	0.14969	0.11937	0.43675	0.09672	0.11937
GTG	GTT	GT	-3.78423	0.01958	0.00172	3.78423	0.00044	0.00172
GTG	GTC	GC	-0.84564	0.05513	0.03506	0.84564	0.02366	0.03506
GTG	GTA	GA	-2.21970	0.14969	0.04050	2.21970	0.01626	0.04050
GCT	TCT	GT	0.53506	0.00239	0.00309	-0.53506	0.00408	0.00309
GCT	CCT	GC	0.45631	0.00673	0.00839	-0.45631	0.01063	0.00839
GCT	ACT	GA	0.02955	0.01828	0.01855	-0.02955	0.01883	0.01855
GCT	GTT	CT	-1.49284	0.00869	0.00376	1.49284	0.00195	0.00376
GCC	TCC	GT	0.63252	0.01463	0.01974	-0.63252	0.02753	0.01974
GCC	CCC	GC	-0.11980	0.04119	0.03877	0.11980	0.03654	0.03877
GCC	ACC	GA	-0.47955	0.11184	0.08716	0.47955	0.06923	0.08716
GCC	GTC	CT	0.66986	0.05315	0.07292	-0.66986	0.10385	0.07292
GCC	GCT	CT	-0.77589	0.05315	0.03517	0.77589	0.02446	0.03517
GCA	TCA	GT	0.95355	0.00199	0.00308	-0.95355	0.00516	0.00308
GCA	CCA	GC	0.29459	0.00559	0.00646	-0.29459	0.00751	0.00646
GCA	ACA	GA	0.53956	0.01519	0.01966	-0.53956	0.02606	0.01966
GCA	GTA	CT	1.00075	0.00722	0.01143	-1.00075	0.01964	0.01143
GCA	GCT	AT	0.92906	0.00199	0.00305	-0.92906	0.00503	0.00305
GCA	GCC	AC	1.70495	0.00559	0.01166	-1.70495	0.03078	0.01166
GCG	TCG	GT	0.41228	0.00277	0.00338	-0.41228	0.00419	0.00338
GCG	CCG	GC	0.14541	0.00781	0.00839	-0.14541	0.00903	0.00839
GCG	ACG	GA	0.85468	0.02120	0.03153	-0.85468	0.04983	0.03153
GCG	GTG	CT	2.98979	0.01008	0.03172	-2.98979	0.20031	0.03172
GCG	GCT	GT	0.69840	0.00277	0.00385	-0.69840	0.00557	0.00385
GCG	GCC	GC	1.47429	0.00781	0.01493	-1.47429	0.03410	0.01493
GCG	GCA	GA	-0.23066	0.02120	0.01885	0.23066	0.01683	0.01885
GAT	TAT	GT	-0.25039	0.00649	0.00571	0.25039	0.00505	0.00571
GAT	CAT	GC	-2.74166	0.01827	0.00345	2.74166	0.00118	0.00345
GAT	AAT	GA	-0.69632	0.04961	0.03433	0.69632	0.02473	0.03433
GAT	GTT	AT	-2.78245	0.00649	0.00119	2.78245	0.00040	0.00119
GAT	GCT	AC	-1.28961	0.01827	0.00895	1.28961	0.00503	0.00895
GAC	TAC	GT	0.02513	0.02705	0.02739	-0.02513	0.02774	0.02739
GAC	CAC	GC	-1.66803	0.07618	0.02954	1.66803	0.01437	0.02954
GAC	AAC	GA	-0.69547	0.20685	0.14319	0.69547	0.10318	0.14319
GAC	GTC	AT	-0.23642	0.02705	0.02398	0.23642	0.02136	0.02398
GAC	GCC	AC	-0.90628	0.07618	0.04680	0.90628	0.03078	0.04680
GAC	GAT	CT	-0.39257	0.09830	0.08027	0.39257	0.06639	0.08027
GAA	CAA	GC	-1.97699	0.01795	0.00571	1.97699	0.00249	0.00571
GAA	AAA	GA	-0.48380	0.04875	0.03791	0.48380	0.03005	0.03791
GAA	GTA	AT	-0.45654	0.00638	0.00503	0.45654	0.00404	0.00503
GAA	GCA	AC	-1.45730	0.01795	0.00794	1.45730	0.00418	0.00794
GAA	GAT	AT	0.76137	0.00638	0.00911	-0.76137	0.01365	0.00911
GAA	GAC	AC	1.15394	0.01795	0.03026	-1.15394	0.05692	0.03026
GAG	CAG	GC	-1.04217	0.08281	0.04702	1.04217	0.02921	0.04702
GAG	AAG	GA	-0.08633	0.22487	0.21531	0.08633	0.20627	0.21531
GAG	GTG	AT	0.33692	0.02941	0.03464	-0.33692	0.04119	0.03464
GAG	GCG	AC	-2.65286	0.08281	0.01665	2.65286	0.00583	0.01665
GAG	GAT	GT	-0.66486	0.02941	0.02071	0.66486	0.01513	0.02071
GAG	GAC	GC	-0.27229	0.08281	0.07205	0.27229	0.06307	0.07205
GAG	GAA	GA	-1.42623	0.22487	0.10140	1.42623	0.05402	0.10140
GGT	TGT	GT	0.64804	0.00112	0.00153	-0.64804	0.00215	0.00153
GGT	CGT	GC	-0.30528	0.00316	0.00270	0.30528	0.00233	0.00270
GGT	AGT	GA	0.56000	0.00858	0.01121	-0.56000	0.01503	0.01121
GGT	GTT	GT	-0.92546	0.00112	0.00068	0.92546	0.00044	0.00068
GGT	GCT	GC	0.56738	0.00316	0.00414	-0.56738	0.00557	0.00414
GGT	GAT	GA	1.85698	0.00858	0.01889	-1.85698	0.05497	0.01889
GGC	TGC	GT	-0.35904	0.01683	0.01399	0.35904	0.01175	0.01399
GGC	CGC	GC	-0.88657	0.04738	0.02944	0.88657	0.01952	0.02944
GGC	AGC	GA	-0.65462	0.12866	0.09111	0.65462	0.06686	0.09111
GGC	GTC	GT	0.34099	0.01683	0.01986	-0.34099	0.02366	0.01986
GGC	GCC	GC	-0.32888	0.04738	0.04002	0.32888	0.03410	0.04002
GGC	GAC	GA	0.57741	0.12866	0.16936	-0.57741	0.22919	0.16936
GGC	GGT	CT	-1.67214	0.06114	0.02365	1.67214	0.01149	0.02365
GGA	CGA	GC	-0.38574	0.00477	0.00391	0.38574	0.00325	0.00391
GGA	AGA	GA	-1.77921	0.01296	0.00468	1.77921	0.00219	0.00468
GGA	GTA	GT	0.97088	0.00170	0.00265	-0.97088	0.00448	0.00265
GGA	GCA	GC	-0.02988	0.00477	0.00470	0.02988	0.00463	0.00470
GGA	GAA	GA	1.42742	0.01296	0.02434	-1.42742	0.05402	0.02434
GGA	GGT	AT	0.33181	0.00170	0.00199	-0.33181	0.00236	0.00199
GGA	GGC	AC	2.00395	0.00477	0.01105	-2.00395	0.03541	0.01105
GGG	TGG	GT	0.66057	0.00873	0.01193	-0.66057	0.01691	0.01193
GGG	CGG	GC	-0.01568	0.02459	0.02440	0.01568	0.02421	0.02440
GGG	AGG	GA	-2.84058	0.06678	0.01176	2.84058	0.00390	0.01176
GGG	GTG	GT	1.65370	0.00873	0.01786	-1.65370	0.04564	0.01786
GGG	GCG	GC	-1.33608	0.02459	0.01172	1.33608	0.00646	0.01172
GGG	GAG	GA	1.31678	0.06678	0.12012	-1.31678	0.24916	0.12012
GGG	GGT	GT	-1.20506	0.00873	0.00450	1.20506	0.00262	0.00450
GGG	GGC	GC	0.46708	0.02459	0.03078	-0.46708	0.03923	0.03078
GGG	GGA	GA	-1.53687	0.06678	0.02812	1.53687	0.01436	0.02812


Histograms
2Ns	FMut	FSub(CodonUsage)	FSubw(after w)

-6.51485	0.00268	0.00003
-5.86337	0.00000	0.00000
-5.21188	0.00099	0.00004
-4.56040	0.00071	0.00005
-3.90891	0.01866	0.00172
-3.25743	0.05484	0.01041
-2.60594	0.03711	0.00998
-1.95446	0.11078	0.04885
-1.30297	0.15012	0.09179
-0.65149	0.25990	0.23628
0.00000	0.16030	0.20170
0.65149	0.13970	0.23628
1.30297	0.04066	0.09179
1.95446	0.01780	0.04885
2.60594	0.00284	0.00998
3.25743	0.00257	0.01041
3.90891	0.00033	0.00172
4.56040	0.00001	0.00005
5.21188	0.00001	0.00004
5.86337	0.00000	0.00000
6.51485	0.00000	0.00003

Proportion of advantageous (S > 0) mutations:
 0.27731

Proportions of good & bad mutations (|S| > 2.0000) among mutations:
0.00817  0.13670

mean |Ns| = 1.14705	mean Ns+ = 0.71431	mean Ns- = -1.31310


MLEs of dN/dS (w) for site classes (K=3)

site class             0         1         2
proportion        0.78551   0.13481   0.07968
branch type 0:    0.00786   1.00000   0.83423
branch type 1:    0.00786   1.00000   0.00000

Naive Empirical Bayes (NEB) probabilities for 3 classes
(amino acids refer to 1st sequence: Bbon)

   1 L   0.82470 0.10584 0.06945 ( 1)
   2 I   0.86989 0.07388 0.05623 ( 1)
   3 G   0.88789 0.06165 0.05046 ( 1)
   4 T   0.91012 0.04561 0.04427 ( 1)
   5 F   0.86646 0.07510 0.05845 ( 1)
   6 R   0.89081 0.05844 0.05075 ( 1)
   7 M   0.00000 1.00000 0.00000 ( 2)
   8 V   0.85438 0.08466 0.06096 ( 1)
   9 L   0.82470 0.10584 0.06945 ( 1)
  10 Q   0.87679 0.06915 0.05407 ( 1)
  11 K   0.04971 0.58819 0.36209 ( 2)
  12 V   0.85438 0.08466 0.06096 ( 1)
  13 V   0.85438 0.08466 0.06096 ( 1)
  14 E   0.87083 0.07324 0.05593 ( 1)
  15 E   0.87083 0.07324 0.05593 ( 1)
  16 G   0.00014 0.68753 0.31233 ( 2)
  17 H   0.00078 0.60839 0.39083 ( 2)
  18 V   0.85438 0.08466 0.06096 ( 1)
  19 E   0.87117 0.07303 0.05580 ( 1)
  20 V   0.85438 0.08466 0.06096 ( 1)
  21 T   0.90562 0.04989 0.04450 ( 1)
  22 D   0.87877 0.06782 0.05342 ( 1)
  23 M   0.90005 0.05360 0.04635 ( 1)
  24 L   0.82470 0.10584 0.06945 ( 1)
  25 I   0.85343 0.08563 0.06094 ( 1)
  26 D   0.87877 0.06782 0.05342 ( 1)
  27 D   0.87877 0.06782 0.05342 ( 1)
  28 N   0.90872 0.04796 0.04333 ( 1)
  29 N   0.10465 0.71722 0.17813 ( 2)
  30 A   0.92799 0.03579 0.03622 ( 1)
  31 I   0.86989 0.07388 0.05623 ( 1)
  32 I   0.86846 0.07533 0.05620 ( 1)
  33 Q   0.00000 1.00000 0.00000 ( 2)
  34 T   0.91050 0.04566 0.04384 ( 1)
  35 S   0.91510 0.04272 0.04218 ( 1)
  36 L   0.82661 0.10394 0.06945 ( 1)
  37 C   0.92263 0.03796 0.03941 ( 1)
  38 V   0.85921 0.08045 0.06035 ( 1)
  39 E   0.87638 0.06847 0.05515 ( 1)
  40 V   0.90466 0.04947 0.04587 ( 1)
  41 R   0.88362 0.06351 0.05287 ( 1)
  42 Y   0.86721 0.07482 0.05797 ( 1)
  43 Q   0.88254 0.06424 0.05322 ( 1)
  44 A   0.06122 0.55086 0.38792 ( 2)
  45 T   0.87088 0.07227 0.05685 ( 1)
  46 D   0.86064 0.07883 0.06053 ( 1)
  47 G   0.89081 0.05870 0.05049 ( 1)
  48 T   0.00058 0.62563 0.37379 ( 2)
  49 V   0.85921 0.08045 0.06035 ( 1)
  50 G   0.89028 0.05901 0.05071 ( 1)
  51 S   0.88465 0.06280 0.05255 ( 1)
  52 W   0.85841 0.08100 0.06059 ( 1)
  53 D   0.00046 0.64931 0.35023 ( 2)
  54 D   0.86994 0.07302 0.05704 ( 1)
  55 G   0.00066 0.94815 0.05119 ( 2)
  56 D   0.88459 0.06286 0.05255 ( 1)
  57 F   0.86872 0.07377 0.05752 ( 1)
  58 L   0.82777 0.10310 0.06913 ( 1)
  59 G   0.89396 0.05654 0.04951 ( 1)
  60 D   0.86775 0.07446 0.05780 ( 1)
  61 E   0.87638 0.06847 0.05515 ( 1)
  62 S   0.05678 0.56434 0.37888 ( 2)
  63 L   0.91245 0.04442 0.04313 ( 1)
  64 H   0.92916 0.03394 0.03690 ( 1)
  65 E   0.87638 0.06847 0.05515 ( 1)
  66 E   0.87994 0.06601 0.05404 ( 1)
  67 E   0.87638 0.06847 0.05515 ( 1)
  68 K   0.86637 0.07541 0.05822 ( 1)
  69 D   0.88459 0.06286 0.05255 ( 1)
  70 S   0.91757 0.04116 0.04126 ( 1)
  71 Q   0.88254 0.06424 0.05322 ( 1)
  72 E   0.87637 0.06848 0.05514 ( 1)
  73 T   0.87122 0.07190 0.05687 ( 1)
  74 D   0.86775 0.07446 0.05780 ( 1)
  75 G   0.89396 0.05654 0.04951 ( 1)
  76 L   0.82777 0.10310 0.06913 ( 1)
  77 L   0.88923 0.05970 0.05107 ( 1)
  78 P   0.85259 0.08521 0.06221 ( 1)
  79 G   0.00092 0.99908 0.00000 ( 2)
  80 S   0.88465 0.06280 0.05255 ( 1)
  81 R   0.89368 0.05673 0.04960 ( 1)
  82 P   0.00048 0.64373 0.35579 ( 2)
  83 S   0.90253 0.05087 0.04660 ( 1)
  84 S   0.07250 0.52511 0.40238 ( 2)
  85 R   0.88097 0.06509 0.05394 ( 1)
  86 P   0.00001 0.99999 0.00000 ( 2)
  87 P   0.90938 0.04615 0.04448 ( 1)
  88 G   0.88752 0.06064 0.05184 ( 1)
  89 E   0.87012 0.07400 0.05588 ( 1)
  90 K   0.85769 0.08367 0.05864 ( 1)
  91 S   0.89773 0.05642 0.04585 ( 1)
  92 F   0.85316 0.08646 0.06039 ( 1)
  93 R   0.86573 0.07801 0.05626 ( 1)
  94 E   0.88097 0.06701 0.05202 ( 1)
  95 P   0.91347 0.04569 0.04084 ( 1)
  96 A   0.90841 0.04893 0.04266 ( 1)
  97 V   0.87338 0.07213 0.05448 ( 1)
  98 L   0.82805 0.10379 0.06816 ( 1)
  99 E   0.87716 0.06958 0.05326 ( 1)
 100 M   0.90744 0.04956 0.04300 ( 1)
 101 E   0.05668 0.57595 0.36737 ( 2)
 102 N   0.06036 0.56721 0.37243 ( 2)
 103 L   0.07149 0.53812 0.39039 ( 2)
 104 D   0.88546 0.06400 0.05054 ( 1)
 105 R   0.89464 0.05790 0.04746 ( 1)
 106 L   0.83038 0.10227 0.06735 ( 1)
 107 A   0.88859 0.06190 0.04950 ( 1)
 108 I   0.00040 0.67546 0.32415 ( 2)
 109 R   0.88447 0.06466 0.05087 ( 1)
 110 L   0.82805 0.10379 0.06816 ( 1)
 111 G   0.00000 0.67528 0.32472 ( 2)
 112 D   0.86878 0.07530 0.05591 ( 1)
 113 G   0.89503 0.05765 0.04732 ( 1)
 114 L   0.03937 0.62015 0.34048 ( 2)
 115 D   0.86843 0.07552 0.05605 ( 1)
 116 P   0.85239 0.08660 0.06101 ( 1)
 117 D   0.88546 0.06400 0.05054 ( 1)
 118 S   0.88614 0.06357 0.05029 ( 1)
 119 M   0.05221 0.58929 0.35849 ( 2)
 120 S   0.84903 0.08773 0.06324 ( 1)
 121 L   0.89010 0.06123 0.04868 ( 1)
 122 A   0.88387 0.06506 0.05107 ( 1)
 123 S   0.88593 0.06351 0.05056 ( 1)
 124 V   0.90574 0.05065 0.04361 ( 1)
 125 T   0.87159 0.07336 0.05505 ( 1)
 126 A   0.88387 0.06506 0.05107 ( 1)
 127 L   0.89013 0.06088 0.04899 ( 1)
 128 T   0.91413 0.04527 0.04060 ( 1)
 129 T   0.91413 0.04527 0.04060 ( 1)
 130 N   0.91631 0.04389 0.03980 ( 1)
 131 V   0.07422 0.53960 0.38618 ( 2)
 132 S   0.88550 0.06396 0.05054 ( 1)
 133 N   0.91637 0.04385 0.03978 ( 1)
 134 K   0.86703 0.07647 0.05650 ( 1)
 135 R   0.86017 0.08212 0.05770 ( 1)
 136 S   0.88082 0.06822 0.05096 ( 1)
 137 K   0.86243 0.08059 0.05698 ( 1)
 138 P   0.86268 0.08042 0.05690 ( 1)
 139 D   0.88027 0.06858 0.05116 ( 1)
 140 I   0.85002 0.08908 0.06089 ( 1)
 141 K   0.86243 0.08059 0.05698 ( 1)
 142 M   0.90184 0.05440 0.04376 ( 1)
 143 E   0.87221 0.07398 0.05382 ( 1)
 144 P   0.86268 0.08042 0.05690 ( 1)
 145 S   0.89805 0.05686 0.04509 ( 1)
 146 A   0.88332 0.06654 0.05014 ( 1)
 147 G   0.88863 0.06293 0.04845 ( 1)
 148 R   0.87824 0.06988 0.05188 ( 1)
 149 P   0.87074 0.07491 0.05434 ( 1)
 150 M   0.90065 0.05512 0.04423 ( 1)
 151 D   0.00045 0.66899 0.33056 ( 2)
 152 Y   0.05220 0.59313 0.35468 ( 2)
 153 Q   0.05770 0.58207 0.36023 ( 2)
 154 V   0.91522 0.04343 0.04134 ( 1)
 155 S   0.92828 0.03527 0.03645 ( 1)
 156 V   0.00053 0.63899 0.36049 ( 2)
 157 T   0.89632 0.05568 0.04800 ( 1)
 158 V   0.86737 0.07533 0.05730 ( 1)
 159 I   0.88451 0.06364 0.05185 ( 1)
 160 E   0.88576 0.06277 0.05147 ( 1)
 161 A   0.89407 0.05711 0.04882 ( 1)
 162 R   0.89340 0.05764 0.04895 ( 1)
 163 Q   0.89226 0.05840 0.04934 ( 1)
 164 L   0.83294 0.09971 0.06735 ( 1)
 165 V   0.86737 0.07533 0.05730 ( 1)
 166 G   0.90037 0.05304 0.04658 ( 1)
 167 L   0.91238 0.04523 0.04238 ( 1)
 168 N   0.92587 0.03676 0.03737 ( 1)
 169 M   0.05622 0.57447 0.36931 ( 2)
 170 D   0.89443 0.05697 0.04860 ( 1)
 171 P   0.88527 0.06309 0.05164 ( 1)
 172 V   0.86737 0.07533 0.05730 ( 1)
 173 V   0.86973 0.07387 0.05640 ( 1)
 174 C   0.93575 0.03072 0.03353 ( 1)
 175 V   0.86737 0.07533 0.05730 ( 1)
 176 E   0.88576 0.06277 0.05147 ( 1)
 177 V   0.86737 0.07533 0.05730 ( 1)
 178 G   0.90037 0.05304 0.04658 ( 1)
 179 D   0.89430 0.05705 0.04865 ( 1)
 180 D   0.89443 0.05697 0.04860 ( 1)
 181 K   0.87507 0.07002 0.05490 ( 1)
 182 K   0.87507 0.07002 0.05490 ( 1)
 183 F   0.00052 0.64238 0.35710 ( 2)
 184 T   0.92364 0.03813 0.03822 ( 1)
 185 S   0.89448 0.05692 0.04860 ( 1)
 186 M   0.91693 0.04236 0.04071 ( 1)
 187 K   0.87507 0.07002 0.05490 ( 1)
 188 E   0.88576 0.06277 0.05147 ( 1)
 189 S   0.89448 0.05692 0.04860 ( 1)
 190 T   0.91373 0.04439 0.04189 ( 1)
 191 N   0.92587 0.03676 0.03737 ( 1)
 192 C   0.93575 0.03072 0.03353 ( 1)
 193 P   0.88527 0.06309 0.05164 ( 1)
 194 Y   0.88042 0.06637 0.05321 ( 1)
 195 Y   0.88042 0.06637 0.05321 ( 1)
 196 N   0.92587 0.03676 0.03737 ( 1)
 197 E   0.88576 0.06277 0.05147 ( 1)
 198 -   0.83994 0.09520 0.06486 ( 1)
 199 -   0.83809 0.09651 0.06540 ( 1)
 200 -   0.86511 0.07761 0.05729 ( 1)
 201 -   0.06328 0.82993 0.10679 ( 2)
 202 -   0.84949 0.08848 0.06204 ( 1)
 203 -   0.83809 0.09651 0.06540 ( 1)
 204 -   0.91334 0.04554 0.04112 ( 1)
 205 -   0.86511 0.07761 0.05729 ( 1)
 206 -   0.04395 0.61573 0.34032 ( 2)
 207 -   0.82652 0.10479 0.06870 ( 1)
 208 -   0.04523 0.60259 0.35218 ( 2)
 209 -   0.86511 0.07761 0.05729 ( 1)
 210 -   0.86642 0.07671 0.05687 ( 1)
 211 -   0.83809 0.09651 0.06540 ( 1)
 212 -   0.84949 0.08848 0.06204 ( 1)
 213 -   0.83641 0.09771 0.06588 ( 1)
 214 -   0.84281 0.09317 0.06402 ( 1)
 215 -   0.84281 0.09317 0.06402 ( 1)
 216 -   0.83641 0.09771 0.06588 ( 1)
 217 -   0.84281 0.09317 0.06402 ( 1)
 218 -   0.86007 0.08108 0.05885 ( 1)
 219 -   0.83985 0.09750 0.06265 ( 1)
 220 -   0.83541 0.10050 0.06409 ( 1)
 221 -   0.90126 0.05701 0.04173 ( 1)
 222 -   0.86063 0.08357 0.05580 ( 1)
 223 -   0.84556 0.09365 0.06079 ( 1)
 224 -   0.88773 0.06575 0.04652 ( 1)
 225 -   0.81581 0.11385 0.07034 ( 1)
 226 -   0.81581 0.11385 0.07034 ( 1)
 227 -   0.86835 0.07845 0.05319 ( 1)
 228 -   0.87269 0.07543 0.05188 ( 1)
 229 -   0.86189 0.08268 0.05542 ( 1)
 230 -   0.88158 0.06969 0.04873 ( 1)
 231 -   0.81428 0.11487 0.07084 ( 1)
 232 -   0.83727 0.09921 0.06353 ( 1)
 233 -   0.86189 0.08268 0.05542 ( 1)
 234 -   0.85727 0.08576 0.05698 ( 1)
 235 -   0.84457 0.09427 0.06116 ( 1)
 236 -   0.86243 0.08231 0.05526 ( 1)
 237 -   0.87564 0.07359 0.05077 ( 1)
 238 -   0.85721 0.08581 0.05699 ( 1)
 239 -   0.83727 0.09921 0.06353 ( 1)
 240 -   0.86498 0.08063 0.05439 ( 1)
 241 -   0.88158 0.06969 0.04873 ( 1)
 242 -   0.83727 0.09921 0.06353 ( 1)
 243 -   0.84664 0.09288 0.06048 ( 1)
 244 -   0.85798 0.08530 0.05673 ( 1)
 245 -   0.85554 0.08691 0.05755 ( 1)
 246 -   0.88100 0.07007 0.04893 ( 1)
 247 -   0.83725 0.09899 0.06376 ( 1)
 248 -   0.91987 0.04267 0.03747 ( 1)
 249 -   0.87393 0.07262 0.05345 ( 1)
 250 -   0.86086 0.08148 0.05766 ( 1)
 251 -   0.91987 0.04267 0.03747 ( 1)
 252 -   0.92095 0.04204 0.03701 ( 1)
 253 -   0.85866 0.08299 0.05835 ( 1)
 254 -   0.85280 0.08709 0.06012 ( 1)
 255 -   0.88492 0.06376 0.05132 ( 1)
 256 -   0.87278 0.07200 0.05523 ( 1)
 257 -   0.82625 0.10478 0.06897 ( 1)
 258 -   0.06759 0.54764 0.38477 ( 2)
 259 -   0.88185 0.06583 0.05232 ( 1)
 260 -   0.87225 0.07229 0.05547 ( 1)
 261 -   0.06278 0.55493 0.38230 ( 2)
 262 -   0.88185 0.06583 0.05232 ( 1)
 263 -   0.87278 0.07200 0.05523 ( 1)
 264 -   0.00054 0.64279 0.35667 ( 2)
 265 -   0.92662 0.03701 0.03637 ( 1)
 266 -   0.89649 0.05641 0.04710 ( 1)
 267 -   0.82887 0.10307 0.06807 ( 1)
 268 -   0.86900 0.07494 0.05606 ( 1)
 269 -   0.89275 0.05888 0.04837 ( 1)
 270 -   0.87347 0.07183 0.05469 ( 1)
 271 -   0.86106 0.08037 0.05858 ( 1)
 272 -   0.86837 0.07532 0.05631 ( 1)
 273 -   0.92420 0.03866 0.03714 ( 1)
 274 -   0.88373 0.06506 0.05120 ( 1)
 275 -   0.06744 0.55437 0.37819 ( 2)
 276 -   0.89008 0.06066 0.04926 ( 1)
 277 -   0.86106 0.08037 0.05858 ( 1)
 278 -   0.04993 0.59063 0.35944 ( 2)
 279 -   0.89325 0.05858 0.04817 ( 1)
 280 -   0.08487 0.91513 0.00000 ( 2)
 281 -   0.89656 0.05636 0.04708 ( 1)
 282 -   0.88696 0.06274 0.05030 ( 1)
 283 -   0.91799 0.04254 0.03947 ( 1)
 284 -   0.87759 0.06903 0.05337 ( 1)
 285 -   0.86837 0.07532 0.05631 ( 1)
 286 -   0.00000 0.67894 0.32105 ( 2)
 287 -   0.87813 0.06867 0.05320 ( 1)
 288 -   0.93210 0.03378 0.03412 ( 1)
 289 -   0.86837 0.07532 0.05631 ( 1)
 290 -   0.89013 0.06062 0.04926 ( 1)
 291 -   0.91791 0.04259 0.03950 ( 1)
 292 -   0.87859 0.06837 0.05305 ( 1)
 293 -   0.88819 0.06184 0.04997 ( 1)
 294 -   0.00050 0.64884 0.35066 ( 2)
 295 -   0.87859 0.06837 0.05305 ( 1)
 296 -   0.00049 0.65099 0.34852 ( 2)
 297 -   0.88696 0.06274 0.05030 ( 1)
 298 -   0.85528 0.08438 0.06035 ( 1)
 299 -   0.05878 0.57063 0.37059 ( 2)
 300 -   0.00053 0.65468 0.34479 ( 2)
 301 N   0.91094 0.04706 0.04201 ( 1)
 302 L   0.89767 0.05564 0.04668 ( 1)
 303 L   0.82558 0.10544 0.06898 ( 1)
 304 L   0.88515 0.06396 0.05089 ( 1)
 305 P   0.87156 0.07313 0.05531 ( 1)
 306 E   0.00049 0.65404 0.34547 ( 2)
 307 G   0.88964 0.06098 0.04938 ( 1)
 308 V   0.85583 0.08402 0.06015 ( 1)
 309 P   0.87210 0.07279 0.05511 ( 1)
 310 P   0.00050 0.64724 0.35227 ( 2)
 311 E   0.87617 0.07004 0.05379 ( 1)
 312 R   0.88954 0.06103 0.04942 ( 1)
 313 Q   0.87857 0.06839 0.05304 ( 1)
 314 W   0.85505 0.08455 0.06040 ( 1)
 315 A   0.88365 0.06497 0.05138 ( 1)
 316 R   0.87964 0.06767 0.05269 ( 1)
 317 F   0.86506 0.07761 0.05732 ( 1)
 318 Y   0.86693 0.07629 0.05678 ( 1)
 319 V   0.85583 0.08402 0.06015 ( 1)
 320 K   0.86278 0.07919 0.05802 ( 1)
 321 I   0.85036 0.08784 0.06180 ( 1)
 322 Y   0.86765 0.07584 0.05651 ( 1)
 323 R   0.86554 0.07764 0.05681 ( 1)
 324 A   0.90306 0.05213 0.04480 ( 1)
 325 E   0.87255 0.07249 0.05496 ( 1)
 326 G   0.88900 0.06143 0.04957 ( 1)
 327 L   0.82558 0.10544 0.06898 ( 1)
 328 P   0.87210 0.07279 0.05511 ( 1)
 329 R   0.06401 0.55860 0.37739 ( 2)
 330 M   0.90210 0.05277 0.04513 ( 1)
 331 N   0.91094 0.04706 0.04201 ( 1)
 332 T   0.87032 0.07415 0.05553 ( 1)
 333 S   0.91335 0.04551 0.04114 ( 1)
 334 L   0.88515 0.06396 0.05089 ( 1)
 335 M   0.90210 0.05277 0.04513 ( 1)
 336 A   0.88365 0.06497 0.05138 ( 1)
 337 N   0.91094 0.04706 0.04201 ( 1)
 338 M   0.90210 0.05277 0.04513 ( 1)
 339 K   0.86278 0.07919 0.05802 ( 1)
 340 K   0.86278 0.07919 0.05802 ( 1)
 341 A   0.88426 0.06488 0.05085 ( 1)
 342 F   0.86506 0.07761 0.05732 ( 1)
 343 I   0.85548 0.08415 0.06037 ( 1)
 344 G   0.92459 0.03843 0.03698 ( 1)
 345 E   0.87255 0.07249 0.05496 ( 1)
 346 N   0.91094 0.04706 0.04201 ( 1)
 347 K   0.86278 0.07919 0.05802 ( 1)
 348 D   0.88060 0.06703 0.05237 ( 1)
 349 L   0.82558 0.10544 0.06898 ( 1)
 350 V   0.06898 0.54262 0.38840 ( 2)
 351 D   0.87767 0.06883 0.05350 ( 1)
 352 P   0.86935 0.07450 0.05615 ( 1)
 353 Y   0.86499 0.07750 0.05751 ( 1)
 354 V   0.85347 0.08551 0.06102 ( 1)
 355 Q   0.90758 0.04884 0.04358 ( 1)
 356 V   0.89501 0.05706 0.04793 ( 1)
 357 F   0.85890 0.08231 0.05880 ( 1)
 358 F   0.83692 0.09765 0.06543 ( 1)
 359 A   0.87657 0.07025 0.05318 ( 1)
 360 G   0.87901 0.06861 0.05239 ( 1)
 361 Q   0.87172 0.07353 0.05476 ( 1)
 362 K   0.85674 0.08380 0.05946 ( 1)
 363 G   0.89275 0.05862 0.04863 ( 1)
 364 K   0.87190 0.07291 0.05519 ( 1)
 365 T   0.90945 0.04792 0.04263 ( 1)
 366 S   0.85880 0.08206 0.05914 ( 1)
 367 V   0.86479 0.07782 0.05740 ( 1)
 368 Q   0.88879 0.06150 0.04971 ( 1)
 369 K   0.89842 0.05512 0.04646 ( 1)
 370 S   0.92472 0.03832 0.03696 ( 1)
 371 S   0.92472 0.03832 0.03696 ( 1)
 372 Y   0.87278 0.07230 0.05492 ( 1)
 373 E   0.88239 0.06581 0.05181 ( 1)
 374 P   0.88069 0.06706 0.05226 ( 1)
 375 L   0.83097 0.10156 0.06747 ( 1)
 376 W   0.86351 0.07866 0.05783 ( 1)
 377 N   0.92202 0.04001 0.03797 ( 1)
 378 E   0.88239 0.06581 0.05181 ( 1)
 379 Q   0.88879 0.06150 0.04971 ( 1)
 380 V   0.87284 0.07239 0.05478 ( 1)
 381 V   0.07848 0.52945 0.39207 ( 2)
 382 F   0.84876 0.08894 0.06230 ( 1)
 383 T   0.87663 0.06969 0.05368 ( 1)
 384 D   0.89094 0.06009 0.04897 ( 1)
 385 L   0.83097 0.10156 0.06747 ( 1)
 386 F   0.87391 0.07150 0.05459 ( 1)
 387 P   0.88023 0.06714 0.05263 ( 1)
 388 P   0.91754 0.04270 0.03977 ( 1)
 389 L   0.89573 0.05690 0.04737 ( 1)
 390 C   0.93227 0.03367 0.03406 ( 1)
 391 K   0.87190 0.07291 0.05519 ( 1)
 392 R   0.90033 0.05389 0.04578 ( 1)
 393 M   0.08114 0.52432 0.39454 ( 2)
 394 K   0.87731 0.06957 0.05312 ( 1)
 395 V   0.87810 0.06874 0.05316 ( 1)
 396 Q   0.88879 0.06150 0.04971 ( 1)
 397 I   0.88136 0.06649 0.05215 ( 1)
 398 R   0.88992 0.06075 0.04932 ( 1)
 399 D   0.89094 0.06009 0.04897 ( 1)
 400 S   0.84864 0.08902 0.06234 ( 1)
 401 D   0.89094 0.06009 0.04897 ( 1)
 402 K   0.87190 0.07291 0.05519 ( 1)
 403 V   0.91131 0.04676 0.04193 ( 1)
 404 N   0.92229 0.03984 0.03787 ( 1)
 405 D   0.89085 0.06014 0.04901 ( 1)
 406 V   0.86454 0.07797 0.05749 ( 1)
 407 A   0.89416 0.05795 0.04790 ( 1)
 408 I   0.88106 0.06668 0.05227 ( 1)
 409 G   0.89682 0.05619 0.04698 ( 1)
 410 T   0.92005 0.04123 0.03871 ( 1)
 411 H   0.93633 0.03122 0.03246 ( 1)
 412 F   0.87436 0.07122 0.05442 ( 1)
 413 I   0.85977 0.08099 0.05924 ( 1)
 414 D   0.89094 0.06009 0.04897 ( 1)
 415 L   0.83097 0.10156 0.06747 ( 1)
 416 R   0.90033 0.05389 0.04578 ( 1)
 417 K   0.87190 0.07291 0.05519 ( 1)
 418 I   0.05380 0.56281 0.38339 ( 2)
 419 S   0.89099 0.06004 0.04897 ( 1)
 420 N   0.92227 0.03985 0.03788 ( 1)
 421 D   0.06391 0.55865 0.37744 ( 2)
 422 G   0.90377 0.05160 0.04463 ( 1)
 423 D   0.89029 0.06048 0.04923 ( 1)
 424 K   0.89805 0.05534 0.04661 ( 1)
 425 G   0.89029 0.06213 0.04758 ( 1)
 426 F   0.87135 0.07386 0.05479 ( 1)
 427 L   0.82917 0.10319 0.06764 ( 1)
 428 P   0.87876 0.06885 0.05239 ( 1)
 429 T   0.88947 0.06168 0.04885 ( 1)
 430 L   0.82917 0.10319 0.06764 ( 1)
 431 G   0.89347 0.05907 0.04746 ( 1)
 432 P   0.87876 0.06885 0.05239 ( 1)
 433 T   0.00062 0.64097 0.35841 ( 2)
 434 W   0.86075 0.08110 0.05815 ( 1)
 435 V   0.86158 0.08053 0.05788 ( 1)
 436 N   0.91883 0.04272 0.03845 ( 1)
 437 M   0.90985 0.04842 0.04173 ( 1)
 438 Y   0.86988 0.07483 0.05529 ( 1)
 439 G   0.89347 0.05907 0.04746 ( 1)
 440 S   0.88770 0.06287 0.04943 ( 1)
 441 T   0.87688 0.07005 0.05307 ( 1)
 442 R   0.89694 0.05678 0.04628 ( 1)
 443 N   0.91883 0.04272 0.03845 ( 1)
 444 Y   0.87408 0.07201 0.05391 ( 1)
 445 T   0.88988 0.06143 0.04869 ( 1)
 446 L   0.82917 0.10319 0.06764 ( 1)
 447 L   0.83487 0.09945 0.06567 ( 1)
 448 D   0.88726 0.06316 0.04958 ( 1)
 449 E   0.87924 0.06854 0.05222 ( 1)
 450 H   0.93297 0.03395 0.03308 ( 1)
 451 Q   0.88554 0.06432 0.05015 ( 1)
 452 D   0.06255 0.56644 0.37101 ( 2)
 453 L   0.82917 0.10319 0.06764 ( 1)
 454 N   0.91870 0.04281 0.03850 ( 1)
 455 E   0.05806 0.57645 0.36549 ( 2)
 456 G   0.89347 0.05907 0.04746 ( 1)
 457 L   0.82917 0.10319 0.06764 ( 1)
 458 G   0.89722 0.05660 0.04618 ( 1)
 459 E   0.87924 0.06854 0.05222 ( 1)
 460 G   0.89305 0.05932 0.04763 ( 1)
 461 V   0.86125 0.08074 0.05801 ( 1)
 462 S   0.90408 0.05235 0.04356 ( 1)
 463 F   0.87099 0.07408 0.05493 ( 1)
 464 R   0.89652 0.05704 0.04645 ( 1)
 465 A   0.89042 0.06106 0.04853 ( 1)
 466 R   0.89652 0.05704 0.04645 ( 1)
 467 L   0.89197 0.06003 0.04801 ( 1)
 468 M   0.90941 0.04868 0.04191 ( 1)
 469 L   0.82896 0.10333 0.06772 ( 1)
 470 G   0.89305 0.05932 0.04763 ( 1)
 471 L   0.82896 0.10333 0.06772 ( 1)
 472 -   0.92994 0.03621 0.03385 ( 1)
 473 -   0.07480 0.92520 0.00000 ( 2)
 474 -   0.87421 0.07165 0.05414 ( 1)
 475 -   0.87325 0.07230 0.05445 ( 1)
 476 -   0.82571 0.10546 0.06883 ( 1)
 477 -   0.88087 0.06707 0.05207 ( 1)
 478 -   0.89930 0.05483 0.04587 ( 1)
 479 -   0.88093 0.06702 0.05206 ( 1)
 480 -   0.91128 0.04708 0.04164 ( 1)
 481 -   0.84892 0.08901 0.06207 ( 1)
 482 -   0.87280 0.07253 0.05467 ( 1)
 483 -   0.88531 0.06413 0.05056 ( 1)
 484 -   0.90891 0.04865 0.04243 ( 1)
 485 -   0.91355 0.04569 0.04076 ( 1)
 486 -   0.88079 0.06716 0.05205 ( 1)
 487 -   0.87975 0.06805 0.05221 ( 1)
 488 -   0.05478 0.58080 0.36442 ( 2)
 489 -   0.85592 0.08417 0.05991 ( 1)
 490 -   0.87871 0.06857 0.05273 ( 1)
 491 -   0.85592 0.08417 0.05991 ( 1)
 492 -   0.87636 0.07016 0.05348 ( 1)
 493 -   0.00055 0.63920 0.36025 ( 2)
 494 -   0.88379 0.06515 0.05106 ( 1)
 495 -   0.05186 0.58708 0.36106 ( 2)
 496 -   0.86918 0.07621 0.05461 ( 1)
 497 -   0.89649 0.05838 0.04513 ( 1)
 498 -   0.87355 0.07311 0.05334 ( 1)
 499 -   0.86508 0.07880 0.05612 ( 1)
 500 -   0.90735 0.05003 0.04262 ( 1)
 501 -   0.91491 0.04519 0.03989 ( 1)
 502 -   0.85176 0.08734 0.06090 ( 1)
 503 -   0.88422 0.06520 0.05058 ( 1)
 504 -   0.88196 0.06691 0.05113 ( 1)
 505 -   0.89624 0.05726 0.04651 ( 1)
 506 -   0.87106 0.07407 0.05487 ( 1)
 507 -   0.87106 0.07407 0.05487 ( 1)
 508 -   0.86032 0.08140 0.05828 ( 1)
 509 -   0.83798 0.09696 0.06506 ( 1)
 510 -   0.88045 0.06771 0.05183 ( 1)
 511 -   0.83798 0.09696 0.06506 ( 1)
 512 -   0.88782 0.06281 0.04938 ( 1)
 513 -   0.87823 0.06922 0.05255 ( 1)
 514 -   0.87318 0.07245 0.05436 ( 1)
 515 -   0.82288 0.10767 0.06945 ( 1)
 516 -   0.86750 0.07649 0.05600 ( 1)
 517 -   0.87823 0.06922 0.05255 ( 1)
 518 -   0.83788 0.09703 0.06509 ( 1)
 519 -   0.89624 0.05726 0.04651 ( 1)
 520 -   0.86658 0.07712 0.05630 ( 1)
 521 -   0.87461 0.07164 0.05375 ( 1)
 522 -   0.87435 0.07184 0.05381 ( 1)
 523 -   0.88245 0.06638 0.05116 ( 1)
 524 -   0.90476 0.05170 0.04354 ( 1)
 525 -   0.88782 0.06281 0.04938 ( 1)
 526 -   0.87527 0.07122 0.05351 ( 1)
 527 -   0.85813 0.08291 0.05895 ( 1)
 528 -   0.86708 0.07678 0.05615 ( 1)
 529 -   0.86658 0.07712 0.05630 ( 1)
 530 -   0.06817 0.55226 0.37957 ( 2)
 531 -   0.83798 0.09696 0.06506 ( 1)
 532 -   0.86750 0.07649 0.05600 ( 1)
 533 -   0.89460 0.05832 0.04708 ( 1)
 534 -   0.89450 0.05842 0.04708 ( 1)
 535 -   0.95113 0.02318 0.02569 ( 1)
 536 -   0.88069 0.06757 0.05174 ( 1)
 537 N   0.92098 0.04122 0.03780 ( 1)
 538 Y   0.87160 0.07357 0.05483 ( 1)
 539 G   0.89930 0.05510 0.04561 ( 1)
 540 N   0.92092 0.04126 0.03782 ( 1)
 541 E   0.88505 0.06451 0.05044 ( 1)
 542 V   0.91317 0.04628 0.04055 ( 1)
 543 D   0.87217 0.07318 0.05464 ( 1)
 544 G   0.89552 0.05758 0.04690 ( 1)
 545 L   0.83023 0.10236 0.06741 ( 1)
 546 S   0.90932 0.04860 0.04208 ( 1)
 547 R   0.87557 0.07054 0.05388 ( 1)
 548 P   0.88066 0.06744 0.05189 ( 1)
 549 Q   0.10263 0.89737 0.00000 ( 2)
 550 R   0.88864 0.06212 0.04924 ( 1)
 551 P   0.85558 0.08456 0.05985 ( 1)
 552 R   0.09889 0.89905 0.00206 ( 2)
 553 P   0.85558 0.08456 0.05985 ( 1)
 554 Q   0.06318 0.56404 0.37278 ( 2)
 555 P   0.85558 0.08456 0.05985 ( 1)
 556 R   0.06200 0.56604 0.37196 ( 2)
 557 K   0.87073 0.07416 0.05511 ( 1)
 558 E   0.88115 0.06712 0.05173 ( 1)
 559 P   0.85558 0.08456 0.05985 ( 1)
 560 G   0.89930 0.05510 0.04561 ( 1)
 561 D   0.88638 0.06345 0.05017 ( 1)
 562 E   0.88115 0.06712 0.05173 ( 1)
 563 E   0.88115 0.06712 0.05173 ( 1)
 564 E   0.09684 0.90021 0.00295 ( 2)
 565 V   0.86326 0.07927 0.05748 ( 1)
 566 D   0.87217 0.07318 0.05464 ( 1)
 567 L   0.83023 0.10236 0.06741 ( 1)
 568 I   0.88012 0.06781 0.05207 ( 1)
 569 Q   0.88751 0.06286 0.04963 ( 1)
 570 K   0.87073 0.07416 0.05511 ( 1)
 571 S   0.00067 0.62998 0.36935 ( 2)
 572 S   0.90811 0.04939 0.04250 ( 1)
 573 D   0.88966 0.06145 0.04890 ( 1)
 574 D   0.88932 0.06166 0.04902 ( 1)
 575 E   0.88115 0.06712 0.05173 ( 1)
 576 T   0.07683 0.53744 0.38574 ( 2)
 577 D   0.00056 0.64470 0.35474 ( 2)
 578 E   0.00054 0.64773 0.35173 ( 2)
 579 G   0.17540 0.82460 0.00000 ( 2)
 580 G   0.89956 0.05492 0.04552 ( 1)
 581 D   0.88966 0.06145 0.04890 ( 1)
 582 L   0.83023 0.10236 0.06741 ( 1)
 583 P   0.06445 0.56048 0.37507 ( 2)
 584 S   0.84768 0.09005 0.06226 ( 1)
 585 V   0.91027 0.04800 0.04173 ( 1)
 586 S   0.88970 0.06141 0.04889 ( 1)
 587 -   0.88769 0.06263 0.04968 ( 1)
 588 -   0.14919 0.84883 0.00198 ( 2)
 589 -   0.86244 0.08057 0.05699 ( 1)
 590 -   0.87149 0.07444 0.05407 ( 1)
 591 -   0.90153 0.05458 0.04389 ( 1)
 592 -   0.87903 0.06939 0.05158 ( 1)
 593 -   0.87149 0.07444 0.05407 ( 1)
 594 -   0.86962 0.07532 0.05506 ( 1)
 595 -   0.86308 0.07978 0.05714 ( 1)
 596 -   0.89824 0.05626 0.04550 ( 1)
 597 -   0.87152 0.07404 0.05444 ( 1)
 598 -   0.85539 0.08484 0.05977 ( 1)
 599 -   0.87024 0.07465 0.05511 ( 1)
 600 -   0.84712 0.09057 0.06230 ( 1)
