28
Naasi      0.0000000 0.0091476 0.0173058 0.0216978 0.0281406 0.0372679 0.0324950 0.0636785 0.0386668 0.0425946 0.0494953 0.0056449 0.0174793 0.0470019 0.0694992 0.1421921 0.1359272 0.1284328 0.1205586 0.0302358 0.1006384 0.1167216 0.1121613 0.1335351 0.1178457 0.1200304 0.1611114 0.0774508 
Psin       0.0091476 0.0000000 0.0114975 0.0162219 0.0187420 0.0374620 0.0231911 0.0577353 0.0330490 0.0373699 0.0438818 0.0000010 0.0116126 0.0472497 0.0639259 0.1484875 0.1420978 0.1342660 0.1206574 0.0302141 0.1007283 0.1117605 0.1057632 0.1343269 0.1114762 0.1148050 0.1612738 0.0708340 
Ccom       0.0173058 0.0114975 0.0000000 0.0000010 0.0058266 0.0294020 0.0174881 0.0234688 0.0234688 0.0234688 0.0298391 0.0114975 0.0233653 0.0478903 0.0519445 0.1463125 0.1565875 0.1389628 0.1208654 0.0497638 0.1112088 0.1089121 0.0960020 0.1209411 0.1138916 0.1138916 0.1665225 0.0710581 
Laus       0.0216978 0.0162219 0.0000010 0.0000000 0.0054426 0.0331345 0.0219123 0.0221977 0.0277396 0.0331702 0.0393150 0.0113204 0.0233653 0.0562052 0.0545206 0.1577757 0.1513912 0.1417630 0.1338563 0.0497638 0.1112088 0.1218556 0.0930816 0.1392047 0.1104851 0.1264158 0.1621292 0.0710581 
Chea       0.0281406 0.0187420 0.0058266 0.0054426 0.0000000 0.0331666 0.0187671 0.0224676 0.0280773 0.0324607 0.0332651 0.0173026 0.0297698 0.0579704 0.0522345 0.1565660 0.1443356 0.1362631 0.1293239 0.0430852 0.1024138 0.1138177 0.0943152 0.1404554 0.1119189 0.1215678 0.1550154 0.0720472 
Obre       0.0372679 0.0374620 0.0294020 0.0331345 0.0331666 0.0000000 0.0135869 0.0277565 0.0053001 0.0102370 0.0158523 0.0407035 0.0539812 0.0470623 0.0330588 0.1220373 0.1136672 0.1075921 0.0947821 0.0234850 0.0668991 0.0844093 0.0727137 0.1143051 0.0952856 0.0990750 0.1457966 0.0498346 
Sflu       0.0324950 0.0231911 0.0174881 0.0219123 0.0187671 0.0135869 0.0000000 0.0278614 0.0053195 0.0102731 0.0159097 0.0288384 0.0416575 0.0520732 0.0331823 0.1292988 0.1216193 0.1150040 0.1018561 0.0235380 0.0797434 0.0891240 0.0722620 0.1198735 0.0956473 0.0994210 0.1510870 0.0500423 
Lbor       0.0636785 0.0577353 0.0234688 0.0221977 0.0224676 0.0277565 0.0278614 0.0000000 0.0221521 0.0277872 0.0338923 0.0348197 0.0478971 0.0762246 0.0488148 0.1514088 0.1178527 0.1106443 0.1272384 0.0203983 0.0783126 0.1171489 0.0658649 0.1412156 0.0892184 0.1281582 0.1445469 0.0435173 
Ohei       0.0386668 0.0330490 0.0234688 0.0277396 0.0280773 0.0053001 0.0053195 0.0221521 0.0000000 0.0053061 0.0107796 0.0348197 0.0478971 0.0503270 0.0232107 0.1200779 0.1178527 0.1106443 0.0966450 0.0203983 0.0783126 0.0880060 0.0658649 0.1112062 0.0892184 0.0988625 0.1445469 0.0435173 
Schi       0.0425946 0.0373699 0.0234688 0.0331702 0.0324607 0.0102370 0.0102731 0.0277872 0.0053061 0.0000000 0.0052543 0.0407484 0.0478971 0.0538715 0.0335982 0.1349795 0.1246254 0.1106443 0.1022146 0.0203983 0.0783126 0.0964662 0.0720508 0.1138283 0.0953693 0.1006649 0.1516068 0.0435173 
Tadu       0.0494953 0.0438818 0.0298391 0.0393150 0.0332651 0.0158523 0.0159097 0.0338923 0.0107796 0.0052543 0.0000000 0.0473419 0.0547957 0.0612207 0.0227024 0.1456845 0.1109010 0.1186867 0.1100116 0.0277431 0.0871102 0.0991688 0.0793591 0.1235467 0.1029447 0.1098057 0.1446752 0.0506164 
Ppho       0.0056449 0.0000010 0.0114975 0.0113204 0.0173026 0.0407035 0.0288384 0.0348197 0.0348197 0.0407484 0.0473419 0.0000000 0.0116126 0.0469918 0.0648180 0.1431768 0.1529994 0.1431918 0.1182524 0.0353279 0.1107696 0.1198728 0.1072003 0.1262941 0.1129809 0.1129809 0.1650909 0.0708340 
Pspi       0.0174793 0.0116126 0.0233653 0.0233653 0.0297698 0.0539812 0.0416575 0.0478971 0.0478971 0.0478971 0.0547957 0.0116126 0.0000000 0.0605941 0.0804327 0.1609412 0.1722216 0.1465218 0.1356817 0.0424975 0.1181715 0.1364983 0.1170046 0.1366330 0.1293736 0.1293736 0.1851916 0.0773590 
Pbla       0.0470019 0.0472497 0.0478903 0.0562052 0.0579704 0.0470623 0.0520732 0.0762246 0.0503270 0.0538715 0.0612207 0.0469918 0.0605941 0.0000000 0.0820851 0.1470234 0.1495187 0.1412057 0.1219278 0.0362440 0.0823323 0.0950344 0.0932664 0.1216320 0.1115720 0.1069275 0.1528753 0.0577739 
Pcra       0.0694992 0.0639259 0.0519445 0.0545206 0.0522345 0.0330588 0.0331823 0.0488148 0.0232107 0.0335982 0.0227024 0.0648180 0.0804327 0.0820851 0.0000000 0.1435631 0.0921698 0.1275363 0.1112802 0.0543522 0.1220392 0.1284720 0.0992815 0.1401695 0.1187855 0.1272530 0.1284104 0.0769798 
Bmus       0.1421921 0.1484875 0.1463125 0.1577757 0.1565660 0.1220373 0.1292988 0.1514088 0.1200779 0.1349795 0.1456845 0.1431768 0.1609412 0.1470234 0.1435631 0.0000000 0.0320317 0.0352662 0.0443716 0.1223683 0.1226697 0.1457339 0.1409492 0.1487788 0.1297047 0.1310298 0.1848889 0.1438733 
Bbon       0.1359272 0.1420978 0.1565875 0.1513912 0.1443356 0.1136672 0.1216193 0.1178527 0.1178527 0.1246254 0.1109010 0.1529994 0.1722216 0.1495187 0.0921698 0.0320317 0.0000000 0.0429776 0.0661746 0.1307302 0.1456091 0.1599033 0.1649642 0.1755863 0.1587856 0.1587856 0.1693859 0.1542983 
Erob       0.1284328 0.1342660 0.1389628 0.1417630 0.1362631 0.1075921 0.1150040 0.1106443 0.1106443 0.1106443 0.1186867 0.1431918 0.1465218 0.1412057 0.1275363 0.0352662 0.0429776 0.0000000 0.0515463 0.1086670 0.1224066 0.1511067 0.1545117 0.1681782 0.1491030 0.1491030 0.2044303 0.1291826 
Cmar       0.1205586 0.1206574 0.1208654 0.1338563 0.1293239 0.0947821 0.1018561 0.1272384 0.0966450 0.1022146 0.1100116 0.1182524 0.1356817 0.1219278 0.1112802 0.0443716 0.0661746 0.0515463 0.0000000 0.0954560 0.0891013 0.1073623 0.1163196 0.1281216 0.1122959 0.1069956 0.1692324 0.1318626 
Npho       0.0302358 0.0302141 0.0497638 0.0497638 0.0430852 0.0234850 0.0235380 0.0203983 0.0203983 0.0203983 0.0277431 0.0353279 0.0424975 0.0362440 0.0543522 0.1223683 0.1307302 0.1086670 0.0954560 0.0000000 0.0792502 0.0671518 0.0714565 0.1154226 0.0875377 0.0875377 0.1448557 0.0273599 
Pmac       0.1006384 0.1007283 0.1112088 0.1112088 0.1024138 0.0668991 0.0797434 0.0783126 0.0783126 0.0783126 0.0871102 0.1107696 0.1181715 0.0823323 0.1220392 0.1226697 0.1456091 0.1224066 0.0891013 0.0792502 0.0000000 0.0480380 0.0562845 0.1073486 0.0862974 0.0862974 0.1505888 0.0858454 
Kbre       0.1167216 0.1117605 0.1089121 0.1218556 0.1138177 0.0844093 0.0891240 0.1171489 0.0880060 0.0964662 0.0991688 0.1198728 0.1364983 0.0950344 0.1284720 0.1457339 0.1599033 0.1511067 0.1073623 0.0671518 0.0480380 0.0000000 0.0228477 0.1261431 0.1166819 0.1120321 0.1820890 0.1123705 
Ksim       0.1121613 0.1057632 0.0960020 0.0930816 0.0943152 0.0727137 0.0722620 0.0658649 0.0658649 0.0720508 0.0793591 0.1072003 0.1170046 0.0932664 0.0992815 0.1409492 0.1649642 0.1545117 0.1163196 0.0714565 0.0562845 0.0228477 0.0000000 0.1173310 0.1043027 0.1043027 0.1811316 0.0990524 
Hamp       0.1335351 0.1343269 0.1209411 0.1392047 0.1404554 0.1143051 0.1198735 0.1412156 0.1112062 0.1138283 0.1235467 0.1262941 0.1366330 0.1216320 0.1401695 0.1487788 0.1755863 0.1681782 0.1281216 0.1154226 0.1073486 0.1261431 0.1173310 0.0000000 0.0225183 0.0205645 0.0861981 0.1249571 
Meur       0.1178457 0.1114762 0.1138916 0.1104851 0.1119189 0.0952856 0.0956473 0.0892184 0.0892184 0.0953693 0.1029447 0.1129809 0.1293736 0.1115720 0.1187855 0.1297047 0.1587856 0.1491030 0.1122959 0.0875377 0.0862974 0.1166819 0.1043027 0.0225183 0.0000000 0.0000010 0.0789185 0.1109725 
Mgin       0.1200304 0.1148050 0.1138916 0.1264158 0.1215678 0.0990750 0.0994210 0.1281582 0.0988625 0.1006649 0.1098057 0.1129809 0.1293736 0.1069275 0.1272530 0.1310298 0.1587856 0.1491030 0.1069956 0.0875377 0.0862974 0.1120321 0.1043027 0.0205645 0.0000010 0.0000000 0.0789185 0.1109725 
Zcav       0.1611114 0.1612738 0.1665225 0.1621292 0.1550154 0.1457966 0.1510870 0.1445469 0.1445469 0.1516068 0.1446752 0.1650909 0.1851916 0.1528753 0.1284104 0.1848889 0.1693859 0.2044303 0.1692324 0.1448557 0.1505888 0.1820890 0.1811316 0.0861981 0.0789185 0.0789185 0.0000000 0.1843863 
Igeo       0.0774508 0.0708340 0.0710581 0.0710581 0.0720472 0.0498346 0.0500423 0.0435173 0.0435173 0.0435173 0.0506164 0.0708340 0.0773590 0.0577739 0.0769798 0.1438733 0.1542983 0.1291826 0.1318626 0.0273599 0.0858454 0.1123705 0.0990524 0.1249571 0.1109725 0.1109725 0.1843863 0.0000000 
