18
Oorc       0.0000000 0.0358412 0.0315143 0.0252090 0.0131047 0.0179614 0.0146334 0.0167150 0.0106832 0.0179388 0.0097227 0.0290618 0.0491416 0.0324028 0.0106852 0.0446069 0.0082975 0.0290625 
Pcat       0.0358412 0.0000000 0.0227949 0.0369940 0.0318213 0.0371184 0.0383089 0.0357256 0.0343652 0.0370684 0.0304816 0.0202410 0.0305877 0.0228727 0.0317638 0.0389564 0.0317698 0.0202416 
Bacu       0.0315143 0.0227949 0.0000000 0.0326201 0.0277305 0.0327233 0.0346969 0.0314177 0.0301398 0.0326816 0.0271189 0.0047510 0.0364823 0.0073307 0.0276834 0.0344003 0.0276884 0.0071408 
Lvex       0.0252090 0.0369940 0.0326201 0.0000000 0.0214948 0.0239608 0.0282199 0.0251323 0.0238814 0.0239307 0.0207511 0.0277111 0.0476677 0.0335369 0.0190406 0.0456932 0.0214627 0.0301754 
Dleu       0.0131047 0.0318213 0.0277305 0.0214948 0.0000000 0.0094949 0.0158264 0.0059063 0.0118508 0.0094831 0.0084780 0.0252945 0.0452130 0.0285075 0.0094657 0.0406676 0.0094673 0.0252952 
Naasi      0.0179614 0.0371184 0.0327233 0.0239608 0.0094949 0.0000000 0.0208047 0.0130839 0.0166754 0.0047306 0.0133929 0.0302697 0.0490722 0.0336462 0.0142706 0.0432826 0.0142730 0.0302705 
Lobl       0.0146334 0.0383089 0.0346969 0.0282199 0.0158264 0.0208047 0.0000000 0.0195223 0.0060318 0.0207780 0.0072497 0.0321863 0.0527711 0.0348137 0.0084605 0.0481651 0.0060339 0.0321871 
Mmon       0.0167150 0.0357256 0.0314177 0.0251323 0.0059063 0.0130839 0.0195223 0.0000000 0.0154393 0.0130676 0.0121392 0.0289727 0.0489905 0.0323008 0.0130435 0.0444682 0.0130456 0.0289734 
Gmel       0.0106832 0.0343652 0.0301398 0.0238814 0.0118508 0.0166754 0.0060318 0.0154393 0.0000000 0.0166545 0.0036138 0.0277018 0.0476523 0.0309846 0.0047077 0.0431293 0.0023497 0.0277025 
Psin       0.0179388 0.0370684 0.0326816 0.0239307 0.0094831 0.0047306 0.0207780 0.0130676 0.0166545 0.0000000 0.0133759 0.0302312 0.0490088 0.0336021 0.0142528 0.0457837 0.0142552 0.0302320 
Ttru       0.0097227 0.0304816 0.0271189 0.0207511 0.0084780 0.0133929 0.0072497 0.0121392 0.0036138 0.0133759 0.0000000 0.0246293 0.0449928 0.0272094 0.0012027 0.0403405 0.0012019 0.0246299 
Bmus       0.0290618 0.0202410 0.0047510 0.0277111 0.0252945 0.0302697 0.0321863 0.0289727 0.0277018 0.0302312 0.0246293 0.0000000 0.0315300 0.0048822 0.0252518 0.0319108 0.0252563 0.0047553 
Kbre       0.0491416 0.0305877 0.0364823 0.0476677 0.0452130 0.0490722 0.0527711 0.0489905 0.0476523 0.0490088 0.0449928 0.0315300 0.0000000 0.0375156 0.0451330 0.0523061 0.0451416 0.0315292 
Bric       0.0324028 0.0228727 0.0073307 0.0335369 0.0285075 0.0336462 0.0348137 0.0323008 0.0309846 0.0336021 0.0272094 0.0048822 0.0375156 0.0000000 0.0284576 0.0353848 0.0284629 0.0073372 
Ddel       0.0106852 0.0317638 0.0276834 0.0190406 0.0094657 0.0142706 0.0084605 0.0130435 0.0047077 0.0142528 0.0012027 0.0252518 0.0451330 0.0284576 0.0000000 0.0405955 0.0023501 0.0252524 
Mden       0.0446069 0.0389564 0.0344003 0.0456932 0.0406676 0.0432826 0.0481651 0.0444682 0.0431293 0.0457837 0.0403405 0.0319108 0.0523061 0.0353848 0.0405955 0.0000000 0.0406032 0.0319116 
Lalb       0.0082975 0.0317698 0.0276884 0.0214627 0.0094673 0.0142730 0.0060339 0.0130456 0.0023497 0.0142552 0.0012019 0.0252563 0.0451416 0.0284629 0.0023501 0.0406032 0.0000000 0.0252569 
Egla       0.0290625 0.0202416 0.0071408 0.0301754 0.0252952 0.0302705 0.0321871 0.0289734 0.0277025 0.0302320 0.0246299 0.0047553 0.0315292 0.0073372 0.0252524 0.0319116 0.0252569 0.0000000 
