Supplemental results for CODEML (seqf: /home/leticiamagpali/phd/evol_models/codeml/big_dataset/cml_align/MYH2_codon_aligned.phy  treef: /home/leticiamagpali/phd/evol_models/codeml/big_dataset/cml_trees/gene_trees/H1c_gene_trees/MYH2_tree_H1c.tre)

I	J	ij	2Ns_IJ	pMut_IJ	pSub_IJ	2Ns_JI	pMut_JI	pSub_JI

TTC	TTT	CT	-0.05426	0.06810	0.06626	0.05426	0.06450	0.06626
TTA	TTT	AT	9.56078	0.00000	0.00000	-9.56078	0.01016	0.00001
TTA	TTC	AC	9.61504	0.00000	0.00000	-9.61504	0.02510	0.00002
TTG	TTT	GT	1.77163	0.00207	0.00442	-1.77163	0.01219	0.00442
TTG	TTC	GC	1.82589	0.00485	0.01055	-1.82589	0.03010	0.01055
TTG	TTA	GA	-7.78915	0.00763	0.00002	7.78915	0.00000	0.00000
TCT	TTT	CT	2.46725	0.00547	0.01475	-2.46725	0.06450	0.01475
TCC	TTC	CT	1.23605	0.04628	0.08064	-1.23605	0.15931	0.08064
TCC	TCT	CT	-1.28546	0.04628	0.02274	1.28546	0.01280	0.02274
TCA	TTA	CT	-7.55188	0.01008	0.00004	7.55188	0.00000	0.00000
TCA	TCT	AT	-0.45835	0.00319	0.00251	0.45835	0.00202	0.00251
TCA	TCC	AC	0.82712	0.00746	0.01097	-0.82712	0.01706	0.01097
TCG	TTG	CT	0.63342	0.00813	0.01098	-0.63342	0.01532	0.01098
TCG	TCT	GT	-0.06220	0.00257	0.00249	0.06220	0.00242	0.00249
TCG	TCC	GC	1.22327	0.00602	0.01044	-1.22327	0.02046	0.01044
TCG	TCA	GA	0.39615	0.00947	0.01147	-0.39615	0.01408	0.01147
TAT	TTT	AT	1.36440	0.00260	0.00476	-1.36440	0.01016	0.00476
TAT	TCT	AC	-1.10285	0.00607	0.00333	1.10285	0.00202	0.00333
TAC	TTC	AT	0.75870	0.01175	0.01677	-0.75870	0.02510	0.01677
TAC	TCC	AC	-0.47735	0.02750	0.02145	0.47735	0.01706	0.02145
TAC	TAT	CT	-0.65996	0.03714	0.02622	0.65996	0.01920	0.02622
TGT	TTT	GT	4.20305	0.00018	0.00078	-4.20305	0.01219	0.00078
TGT	TCT	GC	1.73580	0.00043	0.00090	-1.73580	0.00242	0.00090
TGT	TAT	GA	2.83865	0.00067	0.00202	-2.83865	0.01147	0.00202
TGC	TTC	GT	1.38761	0.00752	0.01390	-1.38761	0.03010	0.01390
TGC	TCC	GC	0.15156	0.01758	0.01895	-0.15156	0.02046	0.01895
TGC	TAC	GA	0.62891	0.02767	0.03728	-0.62891	0.05190	0.03728
TGC	TGT	CT	-2.86970	0.02375	0.00410	2.86970	0.00135	0.00410
TGG	TTG	GT	-1.04633	0.00825	0.00467	1.04633	0.00290	0.00467
TGG	TCG	GC	-1.67975	0.01929	0.00742	1.67975	0.00360	0.00742
TGG	TGT	GT	-3.47775	0.00825	0.00091	3.47775	0.00025	0.00091
TGG	TGC	GC	-0.60804	0.01929	0.01402	0.60804	0.01050	0.01402
CTT	TTT	CT	2.94784	0.00338	0.01053	-2.94784	0.06450	0.01053
CTC	TTC	CT	1.02259	0.05730	0.09150	-1.02259	0.15931	0.09150
CTC	CTT	CT	-1.97950	0.05730	0.01818	1.97950	0.00791	0.01818
CTA	TTA	CT	-7.61418	0.01073	0.00004	7.61418	0.00000	0.00000
CTA	CTT	AT	-1.00124	0.00339	0.00197	1.00124	0.00125	0.00197
CTA	CTC	AC	0.97827	0.00794	0.01245	-0.97827	0.02112	0.01245
CTG	TTG	CT	-2.49629	0.18600	0.04169	2.49629	0.01532	0.04169
CTG	CTT	GT	-3.67249	0.05885	0.00564	3.67249	0.00150	0.00564
CTG	CTC	GC	-1.69299	0.13769	0.05255	1.69299	0.02533	0.05255
CTG	CTA	GA	-2.67125	0.21666	0.04300	2.67125	0.01499	0.04300
CCT	TCT	CT	2.98346	0.00065	0.00204	-2.98346	0.01280	0.00204
CCT	CTT	CT	2.50287	0.00065	0.00177	-2.50287	0.00791	0.00177
CCC	TCC	CT	1.62573	0.02131	0.04312	-1.62573	0.10828	0.04312
CCC	CTC	CT	1.83919	0.02131	0.04659	-1.83919	0.13405	0.04659
CCC	CCT	CT	-2.64319	0.02131	0.00431	2.64319	0.00152	0.00431
CCA	TCA	CT	1.36077	0.00605	0.01107	-1.36077	0.02358	0.01107
CCA	CTA	CT	1.42308	0.00605	0.01134	-1.42308	0.02509	0.01134
CCA	CCT	AT	-2.08103	0.00191	0.00057	2.08103	0.00024	0.00057
CCA	CCC	AC	0.56216	0.00448	0.00585	-0.56216	0.00785	0.00585
CCG	TCG	CT	0.12201	0.01684	0.01789	-0.12201	0.01903	0.01789
CCG	CTG	CT	3.25172	0.01684	0.05698	-3.25172	0.43516	0.05698
CCG	CCT	GT	-2.92364	0.00533	0.00088	2.92364	0.00029	0.00088
CCG	CCC	GC	-0.28045	0.01247	0.01080	0.28045	0.00942	0.01080
CCG	CCA	GA	-0.84261	0.01962	0.01250	0.84261	0.00845	0.01250
CAT	TAT	CT	5.58615	0.00007	0.00040	-5.58615	0.01920	0.00040
CAT	CTT	AT	4.00271	0.00002	0.00009	-4.00271	0.00125	0.00009
CAT	CCT	AC	1.49984	0.00005	0.00010	-1.49984	0.00024	0.00010
CAC	TAC	CT	0.78432	0.03966	0.05723	-0.78432	0.08690	0.05723
CAC	CTC	AT	0.52043	0.01255	0.01610	-0.52043	0.02112	0.01610
CAC	CCC	AC	-1.31876	0.02936	0.01414	1.31876	0.00785	0.01414
CAC	CAT	CT	-5.46179	0.03966	0.00092	5.46179	0.00017	0.00092
CAA	CTA	AT	0.10026	0.00358	0.00376	-0.10026	0.00395	0.00376
CAA	CCA	AC	-1.32281	0.00837	0.00402	1.32281	0.00223	0.00402
CAA	CAT	AT	-4.90368	0.00358	0.00013	4.90368	0.00003	0.00013
CAA	CAC	AC	0.55810	0.00837	0.01092	-0.55810	0.01462	0.01092
CAG	CTG	AT	0.72690	0.03314	0.04663	-0.72690	0.06855	0.04663
CAG	CCG	AC	-2.52483	0.07753	0.01704	2.52483	0.00621	0.01704
CAG	CAT	GT	-6.94830	0.03314	0.00022	6.94830	0.00003	0.00022
CAG	CAC	GC	-1.48652	0.07753	0.03368	1.48652	0.01753	0.03368
CAG	CAA	GA	-2.04462	0.12200	0.03708	2.04462	0.01579	0.03708
CGT	TGT	CT	-1.27530	0.00482	0.00238	1.27530	0.00135	0.00238
CGT	CTT	GT	-0.02009	0.00153	0.00151	0.02009	0.00150	0.00151
CGT	CCT	GC	-2.52296	0.00357	0.00079	2.52296	0.00029	0.00079
CGT	CAT	GA	-4.02280	0.00562	0.00041	4.02280	0.00010	0.00041
CGC	TGC	CT	0.42448	0.03635	0.04461	-0.42448	0.05557	0.04461
CGC	CTC	GT	0.78950	0.01150	0.01663	-0.78950	0.02533	0.01663
CGC	CCC	GC	-1.04969	0.02691	0.01521	1.04969	0.00942	0.01521
CGC	CAC	GA	0.26907	0.04234	0.04829	-0.26907	0.05542	0.04829
CGC	CGT	CT	-1.16992	0.03635	0.01914	1.16992	0.01128	0.01914
CGA	CTA	GT	0.50212	0.00287	0.00365	-0.50212	0.00474	0.00365
CGA	CCA	GC	-0.92096	0.00671	0.00409	0.92096	0.00267	0.00409
CGA	CAA	GA	0.40186	0.01056	0.01283	-0.40186	0.01579	0.01283
CGA	CGT	AT	-0.47903	0.00287	0.00224	0.47903	0.00178	0.00224
CGA	CGC	AC	0.69089	0.00671	0.00930	-0.69089	0.01340	0.00930
CGG	TGG	CT	1.32995	0.01612	0.02916	-1.32995	0.06096	0.02916
CGG	CTG	GT	2.77991	0.00510	0.01512	-2.77991	0.08223	0.01512
CGG	CCG	GC	-0.47182	0.01194	0.00934	0.47182	0.00745	0.00934
CGG	CAG	GA	2.05301	0.01878	0.04424	-2.05301	0.14633	0.04424
CGG	CGT	GT	-0.87250	0.00510	0.00320	0.87250	0.00213	0.00320
CGG	CGC	GC	0.29742	0.01194	0.01380	-0.29742	0.01607	0.01380
CGG	CGA	GA	-0.39347	0.01878	0.01533	0.39347	0.01267	0.01533
ATT	TTT	AT	0.08688	0.00932	0.00973	-0.08688	0.01016	0.00973
ATT	CTT	AC	-2.86095	0.02179	0.00378	2.86095	0.00125	0.00378
ATC	TTC	AT	-0.10098	0.02776	0.02639	0.10098	0.02510	0.02639
ATC	CTC	AC	-1.12357	0.06496	0.03516	1.12357	0.02112	0.03516
ATC	ATT	CT	-0.24212	0.08775	0.07755	0.24212	0.06888	0.07755
ATA	TTA	AT	-8.31826	0.00342	0.00001	8.31826	0.00000	0.00000
ATA	CTA	AC	-0.70407	0.00799	0.00551	0.70407	0.00395	0.00551
ATA	ATT	AT	1.15564	0.00342	0.00576	-1.15564	0.01085	0.00576
ATA	ATC	AC	1.39777	0.00799	0.01484	-1.39777	0.03234	0.01484
ATG	TTG	AT	-2.27486	0.02348	0.00612	2.27486	0.00241	0.00612
ATG	CTG	AC	0.22142	0.05494	0.06124	-0.22142	0.06855	0.06124
ATG	ATT	GT	-0.59011	0.02348	0.01723	0.59011	0.01302	0.01723
ATG	ATC	GC	-0.34799	0.05494	0.04593	0.34799	0.03879	0.04593
ATG	ATA	GA	-1.74575	0.08645	0.03190	1.74575	0.01509	0.03190
ACT	TCT	AT	0.30891	0.00148	0.00172	-0.30891	0.00202	0.00172
ACT	CCT	AC	-2.67455	0.00346	0.00069	2.67455	0.00024	0.00069
ACT	ATT	CT	2.68928	0.00468	0.01350	-2.68928	0.06888	0.01350
ACC	TCC	AT	0.33085	0.01225	0.01439	-0.33085	0.01706	0.01439
ACC	CCC	AC	-1.29488	0.02867	0.01401	1.29488	0.00785	0.01401
ACC	ATC	CT	1.66788	0.03873	0.07961	-1.66788	0.20528	0.07961
ACC	ACT	CT	-1.26352	0.03873	0.01928	1.26352	0.01095	0.01928
ACA	TCA	AT	-0.33514	0.00519	0.00437	0.33514	0.00371	0.00437
ACA	CCA	AC	-1.69591	0.01215	0.00463	1.69591	0.00223	0.00463
ACA	ATA	CT	0.43124	0.01641	0.02020	-0.43124	0.02526	0.02020
ACA	ACT	AT	-1.10240	0.00519	0.00285	1.10240	0.00172	0.00285
ACA	ACC	AC	0.16113	0.01215	0.01315	-0.16113	0.01427	0.01315
ACG	TCG	AT	-0.98652	0.00804	0.00472	0.98652	0.00300	0.00472
ACG	CCG	AC	-1.10853	0.01881	0.01027	1.10853	0.00621	0.01027
ACG	ATG	CT	1.92176	0.02541	0.05720	-1.92176	0.17362	0.05720
ACG	ACT	GT	-1.35762	0.00804	0.00378	1.35762	0.00207	0.00378
ACG	ACC	GC	-0.09410	0.01881	0.01794	0.09410	0.01712	0.01794
ACG	ACA	GA	-0.25523	0.02960	0.02598	0.25523	0.02293	0.02598
AAT	TAT	AT	1.03843	0.00107	0.00172	-1.03843	0.00302	0.00172
AAT	CAT	AC	-4.54771	0.00250	0.00012	4.54771	0.00003	0.00012
AAT	ATT	AT	2.31595	0.00107	0.00275	-2.31595	0.01085	0.00275
AAT	ACT	AC	-0.37333	0.00250	0.00207	0.37333	0.00172	0.00207
AAC	TAC	AT	-0.91872	0.03431	0.02093	0.91872	0.01369	0.02093
AAC	CAC	AC	-1.70304	0.08026	0.03044	1.70304	0.01462	0.03044
AAC	ATC	AT	-0.05905	0.03431	0.03330	0.05905	0.03234	0.03330
AAC	ACC	AC	-1.72692	0.08026	0.02998	1.72692	0.01427	0.02998
AAC	AAT	CT	-2.61712	0.10842	0.02235	2.61712	0.00792	0.02235
AAA	CAA	AC	-1.83573	0.02611	0.00910	1.83573	0.00417	0.00910
AAA	ATA	AT	-1.03139	0.01116	0.00638	1.03139	0.00398	0.00638
AAA	ACA	AC	-1.46263	0.02611	0.01151	1.46263	0.00605	0.01151
AAA	AAT	AT	-2.19170	0.01116	0.00308	2.19170	0.00125	0.00308
AAA	AAC	AC	0.42542	0.02611	0.03206	-0.42542	0.03996	0.03206
AAG	CAG	AC	-1.56643	0.18488	0.07642	1.56643	0.03860	0.07642
AAG	ATG	AT	-1.06096	0.07903	0.04438	1.06096	0.02735	0.04438
AAG	ACG	AC	-2.98272	0.18488	0.02942	2.98272	0.00937	0.02942
AAG	AAT	GT	-3.96702	0.07903	0.00605	3.96702	0.00150	0.00605
AAG	AAC	GC	-1.34990	0.18488	0.08735	1.34990	0.04793	0.08735
AAG	AAA	GA	-1.77532	0.29091	0.10535	1.77532	0.04929	0.10535
AGT	TGT	AT	0.03478	0.00020	0.00021	-0.03478	0.00021	0.00021
AGT	CGT	AC	1.31008	0.00048	0.00086	-1.31008	0.00178	0.00086
AGT	ATT	GT	4.15095	0.00020	0.00086	-4.15095	0.01302	0.00086
AGT	ACT	GC	1.46167	0.00048	0.00091	-1.46167	0.00207	0.00091
AGT	AAT	GA	1.83500	0.00075	0.00165	-1.83500	0.00473	0.00165
AGC	TGC	AT	-0.13512	0.01002	0.00936	0.13512	0.00876	0.00936
AGC	CGC	AC	-0.55960	0.02345	0.01749	0.55960	0.01340	0.01749
AGC	ATC	GT	1.35347	0.01002	0.01829	-1.35347	0.03879	0.01829
AGC	ACC	GC	-0.31441	0.02345	0.01995	0.31441	0.01712	0.01995
AGC	AAC	GA	1.41251	0.03689	0.06889	-1.41251	0.15149	0.06889
AGC	AGT	CT	-3.03960	0.03167	0.00484	3.03960	0.00152	0.00484
AGA	CGA	AC	1.14316	0.00107	0.00179	-1.14316	0.00334	0.00179
AGA	ATA	GT	2.34936	0.00046	0.00118	-2.34936	0.00477	0.00118
AGA	ACA	GC	1.91812	0.00107	0.00240	-1.91812	0.00726	0.00240
AGA	AAA	GA	3.38075	0.00168	0.00587	-3.38075	0.04929	0.00587
AGA	AGT	AT	-0.64595	0.00046	0.00032	0.64595	0.00024	0.00032
AGA	AGC	AC	2.39366	0.00107	0.00281	-2.39366	0.01167	0.00281
AGG	TGG	AT	0.40585	0.00640	0.00779	-0.40585	0.00960	0.00779
AGG	CGG	AC	-0.92409	0.01497	0.00911	0.92409	0.00594	0.00911
AGG	ATG	GT	1.63439	0.00640	0.01300	-1.63439	0.03281	0.01300
AGG	ACG	GC	-0.28738	0.01497	0.01292	0.28738	0.01123	0.01292
AGG	AAG	GA	2.69534	0.02356	0.06810	-2.69534	0.34895	0.06810
AGG	AGT	GT	-3.10667	0.00640	0.00093	3.10667	0.00029	0.00093
AGG	AGC	GC	-0.06707	0.01497	0.01448	0.06707	0.01400	0.01448
AGG	AGA	GA	-2.46073	0.02356	0.00541	2.46073	0.00201	0.00541
GTT	TTT	GT	9.74268	0.00000	0.00000	-9.74268	0.01219	0.00001
GTT	CTT	GC	6.79484	0.00000	0.00000	-6.79484	0.00150	0.00001
GTT	ATT	GA	9.65579	0.00000	0.00000	-9.65579	0.04113	0.00003
GTC	TTC	GT	1.59945	0.00608	0.01219	-1.59945	0.03010	0.01219
GTC	CTC	GC	0.57686	0.01423	0.01872	-0.57686	0.02533	0.01872
GTC	ATC	GA	1.70043	0.02239	0.04657	-1.70043	0.12260	0.04657
GTC	GTT	CT	-8.19748	0.01922	0.00004	8.19748	0.00000	0.00000
GTA	TTA	GT	-7.52018	0.00184	0.00001	7.52018	0.00000	0.00000
GTA	CTA	GC	0.09401	0.00432	0.00452	-0.09401	0.00474	0.00452
GTA	ATA	GA	0.79808	0.00679	0.00986	-0.79808	0.01509	0.00986
GTA	GTT	AT	-7.70207	0.00184	0.00001	7.70207	0.00000	0.00000
GTA	GTC	AC	0.49541	0.00432	0.00547	-0.49541	0.00708	0.00547
GTG	TTG	GT	-1.61927	0.01462	0.00585	1.61927	0.00290	0.00585
GTG	CTG	GC	0.87701	0.03421	0.05138	-0.87701	0.08223	0.05138
GTG	ATG	GA	0.65559	0.05383	0.07339	-0.65559	0.10369	0.07339
GTG	GTT	GT	-9.59031	0.01462	0.00001	9.59031	0.00000	0.00000
GTG	GTC	GC	-1.39283	0.03421	0.01575	1.39283	0.00850	0.01575
GTG	GTA	GA	-1.88824	0.05383	0.01813	1.88824	0.00815	0.01813
GCT	TCT	GT	-1.38925	0.00970	0.00448	1.38925	0.00242	0.00448
GCT	CCT	GC	-4.37271	0.02270	0.00127	4.37271	0.00029	0.00127
GCT	ACT	GA	-1.69816	0.03572	0.01359	1.69816	0.00654	0.01359
GCT	GTT	CT	-8.66467	0.03066	0.00005	8.66467	0.00000	0.00000
GCC	TCC	GT	-0.21421	0.02535	0.02273	0.21421	0.02046	0.02273
GCC	CCC	GC	-1.83995	0.05931	0.02060	1.83995	0.00942	0.02060
GCC	ACC	GA	-0.54506	0.09332	0.07019	0.54506	0.05411	0.07019
GCC	GTC	CT	-0.57762	0.08012	0.05919	0.57762	0.04496	0.05919
GCC	GCT	CT	-0.11043	0.08012	0.07577	0.11043	0.07174	0.07577
GCA	TCA	GT	-0.31861	0.00613	0.00520	0.31861	0.00446	0.00520
GCA	CCA	GC	-1.67939	0.01433	0.00552	1.67939	0.00267	0.00552
GCA	ACA	GA	0.01653	0.02255	0.02274	-0.01653	0.02293	0.02274
GCA	GTA	CT	-0.35031	0.01936	0.01617	0.35031	0.01364	0.01617
GCA	GCT	AT	0.61229	0.00613	0.00819	-0.61229	0.01130	0.00819
GCA	GCC	AC	0.72272	0.01433	0.02013	-0.72272	0.02953	0.02013
GCG	TCG	GT	1.14982	0.00114	0.00192	-1.14982	0.00360	0.00192
GCG	CCG	GC	1.02781	0.00266	0.00426	-1.02781	0.00745	0.00426
GCG	ACG	GA	2.13634	0.00419	0.01016	-2.13634	0.03550	0.01016
GCG	GTG	CT	3.40251	0.00360	0.01267	-3.40251	0.10812	0.01267
GCG	GCT	GT	2.47687	0.00114	0.00308	-2.47687	0.01356	0.00308
GCG	GCC	GC	2.58730	0.00266	0.00745	-2.58730	0.03542	0.00745
GCG	GCA	GA	1.86458	0.00419	0.00925	-1.86458	0.02705	0.00925
GAT	TAT	GT	-0.80988	0.00815	0.00529	0.80988	0.00363	0.00529
GAT	CAT	GC	-6.39602	0.01908	0.00020	6.39602	0.00003	0.00020
GAT	AAT	GA	-1.84831	0.03002	0.01037	1.84831	0.00473	0.01037
GAT	GTT	AT	-9.18815	0.00815	0.00001	9.18815	0.00000	0.00000
GAT	GCT	AC	-0.52348	0.01908	0.01452	0.52348	0.01130	0.01452
GAC	TAC	GT	-0.75767	0.03503	0.02342	0.75767	0.01642	0.02342
GAC	CAC	GC	-1.54199	0.08195	0.03440	1.54199	0.01753	0.03440
GAC	AAC	GA	0.16105	0.12895	0.13962	-0.16105	0.15149	0.13962
GAC	GTC	AT	-1.59843	0.03503	0.01419	1.59843	0.00708	0.01419
GAC	GCC	AC	-1.02081	0.08195	0.04712	1.02081	0.02953	0.04712
GAC	GAT	CT	-0.60776	0.11071	0.08045	0.60776	0.06029	0.08045
GAA	CAA	GC	-1.80488	0.03037	0.01079	1.80488	0.00500	0.01079
GAA	AAA	GA	0.03085	0.04779	0.04853	-0.03085	0.04929	0.04853
GAA	GTA	AT	-1.79862	0.01298	0.00463	1.79862	0.00215	0.00463
GAA	GCA	AC	-1.44831	0.03037	0.01351	1.44831	0.00714	0.01351
GAA	GAT	AT	-0.31254	0.01298	0.01106	0.31254	0.00950	0.01106
GAA	GAC	AC	0.29522	0.03037	0.03508	-0.29522	0.04080	0.03508
GAG	CAG	GC	-1.38464	0.18490	0.08553	1.38464	0.04630	0.08553
GAG	AAG	GA	0.18179	0.29095	0.31819	-0.18179	0.34895	0.31819
GAG	GTG	AT	-1.53476	0.07903	0.03332	1.53476	0.01703	0.03332
GAG	GCG	AC	-4.93727	0.18490	0.00660	4.93727	0.00133	0.00660
GAG	GAT	GT	-1.93692	0.07903	0.02578	1.93692	0.01139	0.02578
GAG	GAC	GC	-1.32916	0.18490	0.08847	1.32916	0.04894	0.08847
GAG	GAA	GA	-1.62438	0.29095	0.11597	1.62438	0.05733	0.11597
GGT	TGT	GT	1.31529	0.00007	0.00012	-1.31529	0.00025	0.00012
GGT	CGT	GC	2.59059	0.00016	0.00045	-2.59059	0.00213	0.00045
GGT	AGT	GA	1.28051	0.00025	0.00045	-1.28051	0.00091	0.00045
GGT	GTT	GT	-4.22434	0.00007	0.00000	4.22434	0.00000	0.00000
GGT	GCT	GC	4.44034	0.00016	0.00072	-4.44034	0.01356	0.00072
GGT	GAT	GA	4.96382	0.00025	0.00126	-4.96382	0.03600	0.00126
GGC	TGC	GT	-0.47175	0.01683	0.01317	0.47175	0.01050	0.01317
GGC	CGC	GC	-0.89623	0.03938	0.02433	0.89623	0.01607	0.02433
GGC	AGC	GA	-0.33663	0.06196	0.05212	0.33663	0.04425	0.05212
GGC	GTC	GT	-0.68359	0.01683	0.01173	0.68359	0.00850	0.01173
GGC	GCC	GC	-0.10597	0.03938	0.03733	0.10597	0.03542	0.03733
GGC	GAC	GA	0.91483	0.06196	0.09457	-0.91483	0.15468	0.09457
GGC	GGT	CT	-4.65674	0.05319	0.00238	4.65674	0.00051	0.00238
GGA	CGA	GC	-0.72263	0.00826	0.00563	0.72263	0.00401	0.00563
GGA	AGA	GA	-1.86580	0.01300	0.00444	1.86580	0.00201	0.00444
GGA	GTA	GT	-0.31452	0.00353	0.00300	0.31452	0.00258	0.00300
GGA	GCA	GC	0.03580	0.00826	0.00841	-0.03580	0.00856	0.00841
GGA	GAA	GA	1.48411	0.01300	0.02494	-1.48411	0.05733	0.02494
GGA	GGT	AT	-3.79225	0.00353	0.00031	3.79225	0.00008	0.00031
GGA	GGC	AC	0.86449	0.00826	0.01234	-0.86449	0.01961	0.01234
GGG	TGG	GT	0.05232	0.01093	0.01122	-0.05232	0.01152	0.01122
GGG	CGG	GC	-1.27763	0.02558	0.01263	1.27763	0.00713	0.01263
GGG	AGG	GA	-0.35354	0.04025	0.03355	0.35354	0.02826	0.03355
GGG	GTG	GT	0.62526	0.01093	0.01470	-0.62526	0.02043	0.01470
GGG	GCG	GC	-2.77725	0.02558	0.00471	2.77725	0.00159	0.00471
GGG	GAG	GA	2.16002	0.04025	0.09826	-2.16002	0.34899	0.09826
GGG	GGT	GT	-4.74072	0.01093	0.00046	4.74072	0.00010	0.00046
GGG	GGC	GC	-0.08398	0.02558	0.02452	0.08398	0.02352	0.02452
GGG	GGA	GA	-0.94847	0.04025	0.02413	0.94847	0.01559	0.02413


Histograms
2Ns	FMut	FSub(CodonUsage)	FSubw(after w)

-9.27874	0.00725	0.00001
-8.35086	0.00347	0.00001
-7.42299	0.00209	0.00001
-6.49512	0.00350	0.00004
-5.56724	0.00383	0.00012
-4.63937	0.02211	0.00129
-3.71150	0.04960	0.00844
-2.78362	0.10862	0.03070
-1.85575	0.24949	0.13236
-0.92787	0.20718	0.17756
0.00000	0.20903	0.29897
0.92787	0.08082	0.17756
1.85575	0.04372	0.13236
2.78362	0.00741	0.03070
3.71150	0.00168	0.00844
4.63937	0.00019	0.00129
5.56724	0.00002	0.00012
6.49512	0.00000	0.00004
7.42299	0.00000	0.00000
8.35086	0.00000	0.00000
9.27874	0.00000	0.00000

Proportion of advantageous (S > 0) mutations:
 0.22757

Proportions of good & bad mutations (|S| > 2.0000) among mutations:
0.01476  0.24604

mean |Ns| = 1.59030	mean Ns+ = 0.84824	mean Ns- = -1.80892


MLEs of dN/dS (w) for site classes (K=4)

site class             0        1       2a       2b
proportion       0.89534  0.06014  0.04172  0.00280
background w     0.03221  1.60004  0.03221  1.60004
foreground w     0.03221  1.60004  1.12137  1.12137

Naive Empirical Bayes (NEB) probabilities for 4 classes
(amino acids refer to 1st sequence: Bacu)

   1 E   0.97474 0.00225 0.02287 0.00014 ( 1)
   2 S   0.97913 0.00110 0.01969 0.00007 ( 1)
   3 G   0.98193 0.00057 0.01746 0.00004 ( 1)
   4 A   0.97513 0.00212 0.02262 0.00013 ( 1)
   5 G   0.98193 0.00057 0.01746 0.00004 ( 1)
   6 K   0.96549 0.00624 0.02792 0.00036 ( 1)
   7 T   0.98130 0.00066 0.01799 0.00005 ( 1)
   8 V   0.99075 0.00002 0.00922 0.00000 ( 1)
   9 N   0.97744 0.00146 0.02100 0.00009 ( 1)
  10 T   0.98473 0.00027 0.01498 0.00002 ( 1)
  11 K   0.96562 0.00611 0.02792 0.00035 ( 1)
  12 R   0.98880 0.00006 0.01114 0.00001 ( 1)
  13 V   0.99075 0.00002 0.00922 0.00000 ( 1)
  14 I   0.97214 0.00318 0.02448 0.00019 ( 1)
  15 Q   0.96943 0.00428 0.02603 0.00025 ( 1)
  16 Y   0.98069 0.00077 0.01850 0.00005 ( 1)
  17 F   0.95241 0.01420 0.03263 0.00075 ( 1)
  18 A   0.94482 0.01895 0.03526 0.00097 ( 1)
  19 V   0.98925 0.00141 0.00921 0.00013 ( 1)
  20 I   0.95262 0.01402 0.03262 0.00075 ( 1)
  21 A   0.96972 0.00379 0.02626 0.00022 ( 1)
  22 A   0.96851 0.00538 0.02579 0.00032 ( 1)
  23 I   0.95460 0.01233 0.03241 0.00066 ( 1)
  24 G   0.98290 0.00077 0.01628 0.00006 ( 1)
  25 D   0.96713 0.00536 0.02720 0.00031 ( 1)
  26 R   0.97986 0.00092 0.01916 0.00006 ( 1)
  27 S   0.98627 0.00016 0.01355 0.00001 ( 1)
  28 K   0.96549 0.00624 0.02792 0.00036 ( 1)
  29 K   0.96905 0.00511 0.02553 0.00030 ( 1)
  30 E   0.96659 0.00568 0.02741 0.00033 ( 1)
  31 Q   0.02322 0.24201 0.72759 0.00718 ( 3)
  32 T   0.00953 0.92614 0.00018 0.06415 ( 2)
  33 S   0.38006 0.19054 0.42206 0.00734 ( 3)
  34 G   0.97899 0.00109 0.01985 0.00007 ( 1)
  35 K   0.96549 0.00624 0.02792 0.00036 ( 1)
  36 N   0.97678 0.00171 0.02140 0.00011 ( 1)
  37 S   0.98581 0.00021 0.01397 0.00002 ( 1)
  38 F   0.00000 0.96432 0.00000 0.03568 ( 2)
  39 E   0.96790 0.00440 0.02745 0.00025 ( 1)
  40 Q   0.97041 0.00333 0.02607 0.00020 ( 1)
  41 L   0.97504 0.00222 0.02260 0.00014 ( 1)
  42 C   0.98619 0.00009 0.01371 0.00001 ( 1)
  43 I   0.97295 0.00240 0.02451 0.00015 ( 1)
  44 N   0.97789 0.00102 0.02102 0.00007 ( 1)
  45 F   0.97577 0.00154 0.02259 0.00010 ( 1)
  46 T   0.98483 0.00016 0.01499 0.00001 ( 1)
  47 N   0.97804 0.00099 0.02091 0.00006 ( 1)
  48 E   0.96777 0.00453 0.02744 0.00026 ( 1)
  49 K   0.96673 0.00502 0.02796 0.00029 ( 1)
  50 L   0.94677 0.01776 0.03455 0.00092 ( 1)
  51 Q   0.97047 0.00327 0.02607 0.00019 ( 1)
  52 Q   0.97041 0.00333 0.02607 0.00020 ( 1)
  53 F   0.97577 0.00154 0.02259 0.00010 ( 1)
  54 F   0.97577 0.00154 0.02259 0.00010 ( 1)
  55 N   0.97789 0.00102 0.02102 0.00007 ( 1)
  56 H   0.98566 0.00012 0.01421 0.00001 ( 1)
  57 H   0.98566 0.00012 0.01421 0.00001 ( 1)
  58 M   0.98072 0.00054 0.01870 0.00004 ( 1)
  59 F   0.97577 0.00154 0.02259 0.00010 ( 1)
  60 V   0.86996 0.10470 0.01847 0.00687 ( 1)
  61 L   0.94624 0.01798 0.03485 0.00093 ( 1)
  62 E   0.97039 0.00387 0.02551 0.00023 ( 1)
  63 Q   0.97086 0.00323 0.02572 0.00019 ( 1)
  64 E   0.96777 0.00453 0.02744 0.00026 ( 1)
  65 E   0.97341 0.00233 0.02411 0.00014 ( 1)
  66 Y   0.98055 0.00052 0.01889 0.00004 ( 1)
  67 K   0.96673 0.00502 0.02796 0.00029 ( 1)
  68 K   0.96673 0.00502 0.02796 0.00029 ( 1)
  69 E   0.96777 0.00453 0.02744 0.00026 ( 1)
  70 G   0.97934 0.00075 0.01987 0.00005 ( 1)
  71 I   0.97295 0.00240 0.02451 0.00015 ( 1)
  72 E   0.45220 0.10309 0.44051 0.00420 ( 1)
  73 W   0.97021 0.00342 0.02616 0.00020 ( 1)
  74 E   0.27934 0.15916 0.55620 0.00530 ( 3)
  75 F   0.97577 0.00154 0.02259 0.00010 ( 1)
  76 I   0.97295 0.00240 0.02451 0.00015 ( 1)
  77 D   0.97896 0.00082 0.02017 0.00005 ( 1)
  78 F   0.97540 0.00160 0.02289 0.00010 ( 1)
  79 G   0.97935 0.00074 0.01987 0.00005 ( 1)
  80 M   0.58137 0.01684 0.40100 0.00080 ( 1)
  81 D   0.97896 0.00082 0.02017 0.00005 ( 1)
  82 L   0.94624 0.01798 0.03485 0.00093 ( 1)
  83 Q   0.03214 0.91293 0.00086 0.05406 ( 2)
  84 A   0.50350 0.06134 0.43252 0.00264 ( 1)
  85 C   0.98618 0.00010 0.01371 0.00001 ( 1)
  86 I   0.97235 0.00264 0.02485 0.00016 ( 1)
  87 D   0.93551 0.04241 0.01928 0.00281 ( 1)
  88 L   0.97696 0.00129 0.02167 0.00008 ( 1)
  89 I   0.97263 0.00257 0.02465 0.00016 ( 1)
  90 E   0.96758 0.00471 0.02744 0.00027 ( 1)
  91 K   0.96654 0.00521 0.02795 0.00030 ( 1)
  92 P   0.98970 0.00005 0.01025 0.00000 ( 1)
  93 M   0.98387 0.00055 0.01554 0.00004 ( 1)
  94 G   0.98247 0.00076 0.01672 0.00005 ( 1)
  95 I   0.97570 0.00246 0.02169 0.00016 ( 1)
  96 M   0.04585 0.06489 0.88691 0.00236 ( 3)
  97 S   0.98227 0.00079 0.01688 0.00006 ( 1)
  98 I   0.97584 0.00241 0.02160 0.00015 ( 1)
  99 L   0.95884 0.01329 0.02710 0.00077 ( 1)
 100 E   0.97045 0.00455 0.02472 0.00027 ( 1)
 101 E   0.97037 0.00457 0.02479 0.00028 ( 1)
 102 E   0.97037 0.00457 0.02479 0.00028 ( 1)
 103 C   0.98924 0.00010 0.01065 0.00001 ( 1)
 104 M   0.98387 0.00055 0.01554 0.00004 ( 1)
 105 F   0.97878 0.00156 0.01956 0.00010 ( 1)
 106 P   0.99118 0.00004 0.00877 0.00000 ( 1)
 107 K   0.96928 0.00506 0.02535 0.00030 ( 1)
 108 A   0.97545 0.00256 0.02183 0.00016 ( 1)
 109 T   0.99062 0.00005 0.00932 0.00001 ( 1)
 110 D   0.98208 0.00083 0.01703 0.00006 ( 1)
 111 M   0.98387 0.00055 0.01554 0.00004 ( 1)
 112 T   0.98795 0.00016 0.01187 0.00001 ( 1)
 113 F   0.97878 0.00156 0.01956 0.00010 ( 1)
 114 K   0.45706 0.12105 0.41679 0.00510 ( 1)
 115 A   0.95158 0.01564 0.03195 0.00084 ( 1)
 116 K   0.96939 0.00495 0.02536 0.00030 ( 1)
 117 L   0.94918 0.01734 0.03256 0.00092 ( 1)
 118 F   0.00000 0.97255 0.00000 0.02745 ( 2)
 119 D   0.98236 0.00078 0.01681 0.00006 ( 1)
 120 N   0.03922 0.09716 0.86028 0.00335 ( 3)
 121 H   0.98897 0.00011 0.01091 0.00001 ( 1)
 122 L   0.94818 0.01777 0.03310 0.00094 ( 1)
 123 G   0.98398 0.00058 0.01539 0.00004 ( 1)
 124 K   0.97115 0.00438 0.02421 0.00027 ( 1)
 125 S   0.98378 0.00062 0.01556 0.00005 ( 1)
 126 S   0.00000 0.98750 0.00000 0.01250 ( 2)
 127 N   0.98260 0.00075 0.01659 0.00005 ( 1)
 128 F   0.98050 0.00117 0.01825 0.00008 ( 1)
 129 Q   0.97532 0.00255 0.02196 0.00016 ( 1)
 130 K   0.97153 0.00401 0.02421 0.00024 ( 1)
 131 P   0.98941 0.00184 0.00857 0.00018 ( 1)
 132 R   0.98227 0.00079 0.01688 0.00006 ( 1)
 133 N   0.98537 0.00033 0.01427 0.00003 ( 1)
 134 I   0.56334 0.04957 0.38467 0.00242 ( 1)
 135 K   0.97158 0.00396 0.02422 0.00024 ( 1)
 136 G   0.98676 0.00023 0.01299 0.00002 ( 1)
 137 K   0.00002 0.95916 0.01954 0.02128 ( 2)
 138 P   0.99165 0.00003 0.00831 0.00000 ( 1)
 139 E   0.98018 0.00117 0.01857 0.00008 ( 1)
 140 A   0.97744 0.00187 0.02057 0.00012 ( 1)
 141 H   0.99004 0.00007 0.00989 0.00001 ( 1)
 142 F   0.98059 0.00108 0.01825 0.00008 ( 1)
 143 S   0.98389 0.00052 0.01556 0.00004 ( 1)
 144 L   0.95057 0.01604 0.03254 0.00085 ( 1)
 145 I   0.00505 0.94601 0.00334 0.04560 ( 2)
 146 H   0.99004 0.00007 0.00989 0.00001 ( 1)
 147 Y   0.98279 0.00133 0.01578 0.00010 ( 1)
 148 A   0.97600 0.00214 0.02172 0.00014 ( 1)
 149 G   0.98408 0.00049 0.01539 0.00004 ( 1)
 150 T   0.98838 0.00015 0.01146 0.00001 ( 1)
 151 V   0.98300 0.00064 0.01632 0.00005 ( 1)
 152 D   0.98366 0.00056 0.01574 0.00004 ( 1)
 153 Y   0.98563 0.00032 0.01402 0.00003 ( 1)
 154 N   0.98266 0.00069 0.01659 0.00005 ( 1)
 155 I   0.97779 0.00177 0.02033 0.00012 ( 1)
 156 I   0.10175 0.00851 0.88925 0.00049 ( 3)
 157 G   0.98424 0.00048 0.01524 0.00004 ( 1)
 158 W   0.97506 0.00261 0.02217 0.00017 ( 1)
 159 L   0.97137 0.00393 0.02446 0.00024 ( 1)
 160 Q   0.85697 0.11588 0.01986 0.00729 ( 1)
 161 K   0.97746 0.00181 0.02061 0.00012 ( 1)
 162 N   0.98266 0.00069 0.01659 0.00005 ( 1)
 163 K   0.97822 0.00164 0.02004 0.00011 ( 1)
 164 D   0.98371 0.00054 0.01571 0.00004 ( 1)
 165 P   0.99187 0.00003 0.00810 0.00000 ( 1)
 166 L   0.98182 0.00084 0.01728 0.00006 ( 1)
 167 N   0.98276 0.00061 0.01659 0.00004 ( 1)
 168 E   0.97262 0.00354 0.02363 0.00022 ( 1)
 169 T   0.98618 0.00027 0.01353 0.00002 ( 1)
 170 V   0.98526 0.00043 0.01428 0.00003 ( 1)
 171 V   0.98300 0.00064 0.01632 0.00005 ( 1)
 172 E   0.05199 0.88952 0.00114 0.05735 ( 2)
 173 L   0.99086 0.00004 0.00909 0.00000 ( 1)
 174 Y   0.98563 0.00032 0.01402 0.00003 ( 1)
 175 K   0.81434 0.15618 0.01986 0.00963 ( 1)
 176 K   0.97542 0.00251 0.02191 0.00016 ( 1)
 177 S   0.98389 0.00052 0.01556 0.00004 ( 1)
 178 S   0.98511 0.00030 0.01457 0.00002 ( 1)
 179 L   0.41038 0.04636 0.54139 0.00187 ( 3)
 180 K   0.96934 0.00439 0.02601 0.00026 ( 1)
 181 M   0.00000 0.96296 0.00000 0.03704 ( 2)
 182 L   0.97401 0.00192 0.02395 0.00012 ( 1)
 183 S   0.96456 0.01631 0.01800 0.00113 ( 1)
 184 T   0.36791 0.35934 0.25553 0.01722 ( 1)
 185 L   0.94238 0.02070 0.03586 0.00105 ( 1)
 186 F   0.95068 0.01456 0.03399 0.00076 ( 1)
 187 A   0.96932 0.00367 0.02680 0.00021 ( 1)
 188 N   0.97492 0.00165 0.02333 0.00010 ( 1)
 189 Y   0.95876 0.00924 0.03150 0.00050 ( 1)
 190 A   0.93946 0.02294 0.03644 0.00116 ( 1)
 191 G   0.97899 0.00069 0.02028 0.00005 ( 1)
 192 F   0.95037 0.01487 0.03398 0.00078 ( 1)
 193 D   0.97605 0.00135 0.02252 0.00009 ( 1)
 194 S   0.87237 0.10029 0.02113 0.00621 ( 1)
 195 Y   0.98365 0.00041 0.01591 0.00003 ( 1)
 196 R   0.98284 0.00054 0.01659 0.00004 ( 1)
 197 I   0.97570 0.00203 0.02214 0.00013 ( 1)
 198 L   0.94851 0.01702 0.03357 0.00089 ( 1)
 199 N   0.98068 0.00078 0.01848 0.00005 ( 1)
 200 P   0.98997 0.00004 0.00999 0.00000 ( 1)
 201 A   0.97857 0.00121 0.02014 0.00008 ( 1)
 202 A   0.97544 0.00206 0.02237 0.00013 ( 1)
 203 I   0.97579 0.00194 0.02214 0.00012 ( 1)
 204 P   0.99112 0.00002 0.00886 0.00000 ( 1)
 205 E   0.97065 0.00382 0.02530 0.00023 ( 1)
 206 G   0.98211 0.00056 0.01729 0.00004 ( 1)
 207 Q   0.97327 0.00276 0.02380 0.00017 ( 1)
 208 F   0.97859 0.00121 0.02012 0.00008 ( 1)
 209 I   0.95730 0.01100 0.03111 0.00060 ( 1)
 210 D   0.98174 0.00062 0.01760 0.00004 ( 1)
 211 S   0.98889 0.00006 0.01104 0.00001 ( 1)
 212 R   0.99121 0.00002 0.00877 0.00000 ( 1)
 213 K   0.97622 0.00181 0.02186 0.00012 ( 1)
 214 G   0.98485 0.00026 0.01487 0.00002 ( 1)
 215 S   0.00000 0.98106 0.00002 0.01892 ( 2)
 216 E   0.97065 0.00382 0.02530 0.00023 ( 1)
 217 K   0.96962 0.00427 0.02586 0.00025 ( 1)
 218 L   0.94892 0.01662 0.03359 0.00087 ( 1)
 219 L   0.95076 0.01568 0.03273 0.00083 ( 1)
 220 G   0.61138 0.01705 0.37071 0.00085 ( 1)
 221 S   0.98191 0.00059 0.01745 0.00004 ( 1)
 222 L   0.94892 0.01662 0.03359 0.00087 ( 1)
 223 D   0.98174 0.00062 0.01760 0.00004 ( 1)
 224 I   0.96015 0.01016 0.02913 0.00056 ( 1)
 225 D   0.98174 0.00062 0.01760 0.00004 ( 1)
 226 H   0.98825 0.00008 0.01167 0.00001 ( 1)
 227 N   0.98068 0.00078 0.01848 0.00005 ( 1)
 228 Q   0.97327 0.00276 0.02380 0.00017 ( 1)
 229 Y   0.98369 0.00037 0.01591 0.00003 ( 1)
 230 K   0.96962 0.00427 0.02586 0.00025 ( 1)
 231 F   0.97824 0.00125 0.02043 0.00008 ( 1)
 232 G   0.98211 0.00056 0.01729 0.00004 ( 1)
 233 H   0.98825 0.00008 0.01167 0.00001 ( 1)
 234 T   0.98745 0.00011 0.01243 0.00001 ( 1)
 235 K   0.96962 0.00427 0.02586 0.00025 ( 1)
 236 D   0.62908 0.01687 0.35318 0.00087 ( 1)
 237 S   0.04717 0.05783 0.89287 0.00214 ( 3)
 238 L   0.95342 0.01478 0.03100 0.00080 ( 1)
 239 L   0.95301 0.01494 0.03124 0.00081 ( 1)
 240 V   0.99140 0.00004 0.00856 0.00000 ( 1)
 241 I   0.97841 0.00166 0.01983 0.00011 ( 1)
 242 Q   0.97589 0.00239 0.02156 0.00015 ( 1)
 243 W   0.97570 0.00246 0.02168 0.00016 ( 1)
 244 N   0.98333 0.00056 0.01607 0.00004 ( 1)
 245 I   0.95980 0.01016 0.02947 0.00057 ( 1)
 246 R   0.99206 0.00003 0.00791 0.00000 ( 1)
 247 A   0.97806 0.00176 0.02006 0.00012 ( 1)
 248 F   0.98118 0.00101 0.01774 0.00007 ( 1)
 249 M   0.98596 0.00031 0.01370 0.00002 ( 1)
 250 G   0.95317 0.03213 0.01205 0.00264 ( 1)
 251 V   0.99476 0.00000 0.00524 0.00000 ( 1)
 252 K   0.97225 0.00377 0.02375 0.00023 ( 1)
 253 N   0.98406 0.00054 0.01536 0.00004 ( 1)
 254 W   0.97570 0.00246 0.02168 0.00016 ( 1)
 255 P   0.99302 0.00002 0.00697 0.00000 ( 1)
 256 W   0.97570 0.00246 0.02168 0.00016 ( 1)
 257 M   0.98596 0.00031 0.01370 0.00002 ( 1)
 258 K   0.97225 0.00377 0.02375 0.00023 ( 1)
 259 L   0.98241 0.00078 0.01676 0.00006 ( 1)
 260 Y   0.98618 0.00029 0.01351 0.00002 ( 1)
 261 F   0.98117 0.00102 0.01774 0.00007 ( 1)
 262 K   0.97225 0.00377 0.02375 0.00023 ( 1)
 263 I   0.97841 0.00166 0.01983 0.00011 ( 1)
 264 K   0.97883 0.00154 0.01953 0.00010 ( 1)
 265 P   0.99207 0.00003 0.00790 0.00000 ( 1)
 266 L   0.95333 0.01417 0.03174 0.00076 ( 1)
 267 L   0.95267 0.01428 0.03229 0.00076 ( 1)
 268 K   0.97225 0.00377 0.02375 0.00023 ( 1)
 269 S   0.99178 0.00003 0.00818 0.00000 ( 1)
 270 A   0.98117 0.00101 0.01775 0.00007 ( 1)
 271 E   0.97328 0.00336 0.02315 0.00021 ( 1)
 272 T   0.35909 0.43068 0.18719 0.02304 ( 2)
 273 E   0.97328 0.00336 0.02315 0.00021 ( 1)
 274 K   0.97225 0.00377 0.02375 0.00023 ( 1)
 275 E   0.97946 0.00128 0.01918 0.00009 ( 1)
 276 I   0.00537 0.89796 0.05253 0.04414 ( 2)
 277 A   0.97806 0.00176 0.02006 0.00012 ( 1)
 278 L   0.00000 0.98282 0.00000 0.01718 ( 2)
 279 M   0.98596 0.00031 0.01370 0.00002 ( 1)
 280 K   0.97225 0.00377 0.02375 0.00023 ( 1)
 281 E   0.97328 0.00336 0.02315 0.00021 ( 1)
 282 E   0.97328 0.00336 0.02315 0.00021 ( 1)
 283 F   0.95963 0.01030 0.02950 0.00057 ( 1)
 284 G   0.98729 0.00020 0.01248 0.00002 ( 1)
 285 R   0.98543 0.00037 0.01418 0.00003 ( 1)
 286 L   0.98241 0.00078 0.01676 0.00006 ( 1)
 287 K   0.97883 0.00154 0.01953 0.00010 ( 1)
 288 E   0.97328 0.00336 0.02315 0.00021 ( 1)
 289 A   0.02901 0.90350 0.03267 0.03483 ( 2)
 290 L   0.95127 0.01565 0.03224 0.00084 ( 1)
 291 E   0.97328 0.00336 0.02315 0.00021 ( 1)
 292 K   0.97225 0.00377 0.02375 0.00023 ( 1)
 293 S   0.98775 0.00024 0.01198 0.00002 ( 1)
 294 E   0.97328 0.00336 0.02315 0.00021 ( 1)
 295 A   0.49455 0.46371 0.01728 0.02447 ( 1)
 296 R   0.99269 0.00015 0.00714 0.00002 ( 1)
 297 R   0.98543 0.00037 0.01418 0.00003 ( 1)
 298 K   0.97225 0.00377 0.02375 0.00023 ( 1)
 299 E   0.49815 0.08599 0.41209 0.00377 ( 1)
 300 L   0.95127 0.01565 0.03224 0.00084 ( 1)
 301 E   0.97328 0.00336 0.02315 0.00021 ( 1)
 302 E   0.97333 0.00335 0.02311 0.00021 ( 1)
 303 K   0.97225 0.00377 0.02375 0.00023 ( 1)
 304 M   0.98596 0.00031 0.01370 0.00002 ( 1)
 305 V   0.98362 0.00058 0.01576 0.00004 ( 1)
 306 S   0.98445 0.00048 0.01504 0.00004 ( 1)
 307 L   0.95127 0.01565 0.03224 0.00084 ( 1)
 308 L   0.95127 0.01565 0.03224 0.00084 ( 1)
 309 Q   0.97589 0.00239 0.02156 0.00015 ( 1)
 310 E   0.97328 0.00336 0.02315 0.00021 ( 1)
 311 K   0.97225 0.00377 0.02375 0.00023 ( 1)
 312 N   0.98964 0.00024 0.01009 0.00002 ( 1)
 313 D   0.98428 0.00050 0.01519 0.00004 ( 1)
 314 L   0.95149 0.01544 0.03225 0.00083 ( 1)
 315 Q   0.97589 0.00239 0.02156 0.00015 ( 1)
 316 L   0.98241 0.00078 0.01676 0.00006 ( 1)
 317 Q   0.98543 0.00036 0.01418 0.00003 ( 1)
 318 V   0.67647 0.02455 0.29760 0.00138 ( 1)
 319 Q   0.97579 0.00249 0.02156 0.00016 ( 1)
 320 -   0.97125 0.00563 0.02277 0.00035 ( 1)
 321 E   0.97730 0.00205 0.02052 0.00014 ( 1)
 322 Q   0.98241 0.00082 0.01671 0.00006 ( 1)
 323 D   0.98116 0.00106 0.01770 0.00007 ( 1)
 324 N   0.98044 0.00128 0.01819 0.00009 ( 1)
 325 L   0.94706 0.01893 0.03301 0.00100 ( 1)
 326 A   0.00998 0.54609 0.42988 0.01405 ( 2)
 327 D   0.96950 0.00507 0.02513 0.00031 ( 1)
 328 A   0.98788 0.00004 0.01208 0.00000 ( 1)
 329 E   0.97730 0.00205 0.02052 0.00014 ( 1)
 330 E   0.97358 0.00400 0.02217 0.00025 ( 1)
 331 R   0.98244 0.00082 0.01669 0.00006 ( 1)
 332 C   0.98974 0.00009 0.01015 0.00001 ( 1)
 333 D   0.98116 0.00106 0.01770 0.00007 ( 1)
 334 Q   0.97186 0.00402 0.02387 0.00025 ( 1)
 335 L   0.94607 0.01938 0.03354 0.00102 ( 1)
 336 I   0.97468 0.00292 0.02221 0.00019 ( 1)
 337 K   0.96791 0.00584 0.02590 0.00035 ( 1)
 338 N   0.98001 0.00132 0.01858 0.00009 ( 1)
 339 K   0.96791 0.00584 0.02590 0.00035 ( 1)
 340 I   0.97468 0.00292 0.02221 0.00019 ( 1)
 341 Q   0.97187 0.00401 0.02387 0.00025 ( 1)
 342 L   0.94674 0.01908 0.03318 0.00101 ( 1)
 343 E   0.96905 0.00529 0.02534 0.00032 ( 1)
 344 A   0.97431 0.00306 0.02243 0.00019 ( 1)
 345 K   0.96792 0.00583 0.02590 0.00035 ( 1)
 346 V   0.98088 0.00074 0.01833 0.00005 ( 1)
 347 K   0.96945 0.00435 0.02594 0.00026 ( 1)
 348 E   0.09429 0.85223 0.00247 0.05101 ( 2)
 349 M   0.95595 0.02636 0.01576 0.00193 ( 1)
 350 T   0.98733 0.00013 0.01253 0.00001 ( 1)
 351 E   0.97049 0.00390 0.02538 0.00023 ( 1)
 352 R   0.91839 0.06696 0.00823 0.00642 ( 1)
 353 L   0.54176 0.41715 0.01920 0.02188 ( 1)
 354 E   0.47682 0.48187 0.01247 0.02884 ( 2)
 355 D   0.91042 0.06834 0.01642 0.00481 ( 1)
 356 E   0.07551 0.87019 0.00195 0.05235 ( 2)
 357 E   0.82215 0.14755 0.02147 0.00883 ( 1)
 358 E   0.97049 0.00390 0.02538 0.00023 ( 1)
 359 M   0.96091 0.02166 0.01584 0.00159 ( 1)
 360 N   0.95736 0.02602 0.01467 0.00196 ( 1)
 361 A   0.97527 0.00214 0.02245 0.00014 ( 1)
 362 E   0.80698 0.16221 0.02111 0.00971 ( 1)
 363 L   0.98224 0.00094 0.01676 0.00007 ( 1)
 364 T   0.98673 0.00024 0.01301 0.00002 ( 1)
 365 A   0.15813 0.78641 0.00324 0.05222 ( 2)
 366 K   0.97083 0.00514 0.02372 0.00032 ( 1)
 367 K   0.97083 0.00514 0.02372 0.00032 ( 1)
 368 R   0.98486 0.00066 0.01443 0.00005 ( 1)
 369 K   0.97083 0.00514 0.02372 0.00032 ( 1)
 370 L   0.94865 0.01822 0.03215 0.00097 ( 1)
 371 E   0.98013 0.00170 0.01805 0.00012 ( 1)
 372 D   0.98372 0.00103 0.01518 0.00008 ( 1)
 373 E   0.97195 0.00464 0.02312 0.00029 ( 1)
 374 C   0.99091 0.00011 0.00897 0.00001 ( 1)
 375 S   0.98676 0.00043 0.01278 0.00003 ( 1)
 376 E   0.97195 0.00464 0.02312 0.00029 ( 1)
 377 L   0.98189 0.00126 0.01675 0.00009 ( 1)
 378 K   0.97083 0.00514 0.02372 0.00032 ( 1)
 379 R   0.99319 0.00003 0.00677 0.00000 ( 1)
 380 D   0.98389 0.00086 0.01518 0.00006 ( 1)
 381 I   0.95745 0.01246 0.02940 0.00070 ( 1)
 382 D   0.97243 0.00442 0.02287 0.00028 ( 1)
 383 D   0.95186 0.03111 0.01469 0.00234 ( 1)
 384 L   0.02234 0.92733 0.00076 0.04958 ( 2)
 385 E   0.97322 0.00341 0.02315 0.00021 ( 1)
 386 L   0.95115 0.01577 0.03224 0.00084 ( 1)
 387 T   0.98720 0.00023 0.01255 0.00002 ( 1)
 388 L   0.02220 0.92747 0.00075 0.04958 ( 2)
 389 A   0.97806 0.00176 0.02006 0.00012 ( 1)
 390 K   0.97219 0.00383 0.02375 0.00024 ( 1)
 391 V   0.98370 0.00047 0.01580 0.00003 ( 1)
 392 E   0.82630 0.14500 0.01966 0.00903 ( 1)
 393 K   0.08238 0.86151 0.00191 0.05420 ( 2)
 394 E   0.97331 0.00333 0.02315 0.00021 ( 1)
 395 K   0.80427 0.16586 0.01965 0.01022 ( 1)
 396 H   0.99054 0.00003 0.00942 0.00000 ( 1)
 397 A   0.94331 0.03778 0.01620 0.00271 ( 1)
 398 T   0.98240 0.00115 0.01637 0.00008 ( 1)
 399 E   0.97195 0.00464 0.02312 0.00029 ( 1)
 400 N   0.95081 0.03134 0.01554 0.00230 ( 1)
 401 K   0.09514 0.85017 0.00232 0.05237 ( 2)
 402 L   0.95008 0.01614 0.03292 0.00085 ( 1)
 403 E   0.97197 0.00359 0.02422 0.00022 ( 1)
 404 G   0.98241 0.00064 0.01691 0.00005 ( 1)
 405 S   0.98321 0.00053 0.01622 0.00004 ( 1)
 406 L   0.95043 0.01600 0.03273 0.00085 ( 1)
 407 E   0.97235 0.00352 0.02392 0.00022 ( 1)
 408 Q   0.97497 0.00252 0.02235 0.00016 ( 1)
 409 E   0.97271 0.00344 0.02364 0.00021 ( 1)
 410 K   0.97131 0.00394 0.02450 0.00024 ( 1)
 411 K   0.97134 0.00391 0.02450 0.00024 ( 1)
 412 V   0.98268 0.00063 0.01664 0.00005 ( 1)
 413 R   0.97767 0.00363 0.01846 0.00025 ( 1)
 414 M   0.98510 0.00034 0.01454 0.00003 ( 1)
 415 D   0.98339 0.00054 0.01603 0.00004 ( 1)
 416 L   0.95062 0.01592 0.03262 0.00085 ( 1)
 417 E   0.97865 0.00129 0.01997 0.00009 ( 1)
 418 R   0.97486 0.00256 0.02242 0.00016 ( 1)
 419 A   0.97714 0.00186 0.02088 0.00012 ( 1)
 420 K   0.97131 0.00394 0.02450 0.00024 ( 1)
 421 R   0.99106 0.00003 0.00890 0.00000 ( 1)
 422 K   0.97149 0.00391 0.02437 0.00024 ( 1)
 423 L   0.98088 0.00059 0.01848 0.00004 ( 1)
 424 E   0.97235 0.00352 0.02392 0.00022 ( 1)
 425 G   0.98805 0.00030 0.01163 0.00003 ( 1)
 426 D   0.98330 0.00054 0.01612 0.00004 ( 1)
 427 L   0.95280 0.01424 0.03220 0.00076 ( 1)
 428 K   0.97131 0.00394 0.02450 0.00024 ( 1)
 429 L   0.95043 0.01600 0.03273 0.00085 ( 1)
 430 T   0.98899 0.00009 0.01092 0.00001 ( 1)
 431 Q   0.97497 0.00252 0.02235 0.00016 ( 1)
 432 E   0.97235 0.00352 0.02392 0.00022 ( 1)
 433 S   0.99035 0.00005 0.00959 0.00000 ( 1)
 434 I   0.18402 0.76146 0.00375 0.05078 ( 2)
 435 M   0.98510 0.00034 0.01454 0.00003 ( 1)
 436 D   0.97556 0.00260 0.02167 0.00017 ( 1)
 437 L   0.95478 0.01361 0.03086 0.00074 ( 1)
 438 E   0.97235 0.00352 0.02392 0.00022 ( 1)
 439 N   0.98235 0.00069 0.01691 0.00005 ( 1)
 440 D   0.95262 0.02869 0.01664 0.00205 ( 1)
 441 K   0.97131 0.00394 0.02450 0.00024 ( 1)
 442 Q   0.10535 0.84041 0.00260 0.05164 ( 2)
 443 Q   0.97497 0.00252 0.02235 0.00016 ( 1)
 444 L   0.95052 0.01590 0.03273 0.00084 ( 1)
 445 D   0.96860 0.00464 0.02649 0.00027 ( 1)
 446 E   0.96810 0.00492 0.02669 0.00029 ( 1)
 447 R   0.98829 0.00007 0.01163 0.00001 ( 1)
 448 L   0.96875 0.00459 0.02639 0.00027 ( 1)
 449 K   0.97394 0.00249 0.02342 0.00015 ( 1)


lnL = -4388.958090

Bayes Empirical Bayes (BEB) probabilities for 4 classes (class)
(amino acids refer to 1st sequence: Bacu)

   1 E   0.96814 0.00872 0.02275 0.00039 ( 1)
   2 S   0.97557 0.00568 0.01852 0.00024 ( 1)
   3 G   0.98034 0.00383 0.01568 0.00015 ( 1)
   4 A   0.96881 0.00840 0.02241 0.00038 ( 1)
   5 G   0.98034 0.00383 0.01568 0.00015 ( 1)
   6 K   0.95316 0.01607 0.02997 0.00080 ( 1)
   7 T   0.97930 0.00419 0.01634 0.00017 ( 1)
   8 V   0.99286 0.00055 0.00657 0.00002 ( 1)
   9 N   0.97276 0.00672 0.02023 0.00029 ( 1)
  10 T   0.98478 0.00241 0.01273 0.00009 ( 1)
  11 K   0.95338 0.01585 0.02998 0.00079 ( 1)
  12 R   0.99050 0.00098 0.00849 0.00003 ( 1)
  13 V   0.99286 0.00055 0.00657 0.00002 ( 1)
  14 I   0.96377 0.01074 0.02499 0.00050 ( 1)
  15 Q   0.95932 0.01290 0.02715 0.00062 ( 1)
  16 Y   0.97826 0.00457 0.01699 0.00018 ( 1)
  17 F   0.93503 0.02619 0.03735 0.00143 ( 1)
  18 A   0.92544 0.03109 0.04169 0.00178 ( 1)
  19 V   0.98087 0.01229 0.00649 0.00035 ( 1)
  20 I   0.93522 0.02609 0.03727 0.00142 ( 1)
  21 A   0.95997 0.01190 0.02755 0.00058 ( 1)
  22 A   0.95769 0.01475 0.02685 0.00071 ( 1)
  23 I   0.93760 0.02413 0.03696 0.00131 ( 1)
  24 G   0.98096 0.00456 0.01431 0.00017 ( 1)
  25 D   0.95566 0.01476 0.02885 0.00073 ( 1)
  26 R   0.97686 0.00509 0.01784 0.00021 ( 1)
  27 S   0.98706 0.00178 0.01110 0.00006 ( 1)
  28 K   0.95316 0.01607 0.02997 0.00080 ( 1)
  29 K   0.95862 0.01426 0.02645 0.00068 ( 1)
  30 E   0.95485 0.01518 0.02922 0.00075 ( 1)
  31 Q   0.03108 0.15318 0.79851 0.01724 ( 3)
  32 T   0.02804 0.93589 0.00043 0.03564 ( 2)
  33 S   0.38955 0.16562 0.43138 0.01345 ( 3)
  34 G   0.97539 0.00566 0.01871 0.00024 ( 1)
  35 K   0.95316 0.01607 0.02997 0.00080 ( 1)
  36 N   0.97148 0.00746 0.02074 0.00032 ( 1)
  37 S   0.98626 0.00211 0.01156 0.00007 ( 1)
  38 F   0.00001 0.92199 0.00001 0.07798 ( 2)
  39 E   0.95716 0.01291 0.02929 0.00064 ( 1)
  40 Q   0.96115 0.01110 0.02722 0.00053 ( 1)
  41 L   0.96857 0.00867 0.02237 0.00039 ( 1)
  42 C   0.98740 0.00128 0.01128 0.00004 ( 1)
  43 I   0.96548 0.00906 0.02503 0.00042 ( 1)
