Supplemental results for CODEML (seqf: /home/leticiamagpali/phd/evol_models/codeml/small_dataset/cml_align/OTOF_codon_aligned.phy  treef: /home/leticiamagpali/phd/evol_models/codeml/small_dataset/cml_trees/gene_trees/H1a_gene_trees/OTOF_tree_H1a.tre)

I	J	ij	2Ns_IJ	pMut_IJ	pSub_IJ	2Ns_JI	pMut_JI	pSub_JI

TTC	TTT	CT	-0.08833	0.04797	0.04589	0.08833	0.04392	0.04589
TTA	TTT	AT	6.54253	0.00001	0.00007	-6.54253	0.00693	0.00007
TTA	TTC	AC	6.63085	0.00003	0.00022	-6.63085	0.02542	0.00022
TTG	TTT	GT	1.70821	0.00162	0.00337	-1.70821	0.00892	0.00337
TTG	TTC	GC	1.79653	0.00543	0.01170	-1.79653	0.03275	0.01170
TTG	TTA	GA	-4.83432	0.01264	0.00049	4.83432	0.00010	0.00049
TCT	TTT	CT	1.99373	0.00598	0.01380	-1.99373	0.04392	0.01380
TCC	TTC	CT	1.38518	0.04033	0.07452	-1.38518	0.16115	0.07452
TCC	TCT	CT	-0.69688	0.04033	0.02790	0.69688	0.02009	0.02790
TCA	TTA	CT	-4.07150	0.00755	0.00053	4.07150	0.00013	0.00053
TCA	TCT	AT	0.47730	0.00197	0.00247	-0.47730	0.00317	0.00247
TCA	TCC	AC	1.17418	0.00661	0.01123	-1.17418	0.02137	0.01123
TCG	TTG	CT	1.22413	0.00613	0.01064	-1.22413	0.02086	0.01064
TCG	TCT	GT	0.93860	0.00160	0.00246	-0.93860	0.00408	0.00246
TCG	TCC	GC	1.63549	0.00536	0.01090	-1.63549	0.02753	0.01090
TCG	TCA	GA	0.46131	0.01249	0.01559	-0.46131	0.01980	0.01559
TAT	TTT	AT	1.27984	0.00193	0.00342	-1.27984	0.00693	0.00342
TAT	TCT	AC	-0.71390	0.00647	0.00443	0.71390	0.00317	0.00443
TAC	TTC	AT	0.87654	0.01058	0.01589	-0.87654	0.02542	0.01589
TAC	TCC	AC	-0.50864	0.03554	0.02727	0.50864	0.02137	0.02727
TAC	TAT	CT	-0.49163	0.04064	0.03147	0.49163	0.02486	0.03147
TGT	TTT	GT	2.38908	0.00082	0.00215	-2.38908	0.00892	0.00215
TGT	TCT	GC	0.39535	0.00275	0.00333	-0.39535	0.00408	0.00333
TGT	TAT	GA	1.10925	0.00640	0.01059	-1.10925	0.01940	0.01059
TGC	TTC	GT	1.98881	0.00448	0.01033	-1.98881	0.03275	0.01033
TGC	TCC	GC	0.60364	0.01506	0.02005	-0.60364	0.02753	0.02005
TGC	TAC	GA	1.11228	0.03504	0.05806	-1.11228	0.10656	0.05806
TGC	TGT	CT	-0.48860	0.01721	0.01335	0.48860	0.01056	0.01335
TGG	TTG	GT	-0.41928	0.00645	0.00519	0.41928	0.00424	0.00519
TGG	TCG	GC	-1.64341	0.02166	0.00853	1.64341	0.00419	0.00853
TGG	TGT	GT	-1.10016	0.00645	0.00354	1.10016	0.00215	0.00354
TGG	TGC	GC	-0.61156	0.02166	0.01571	0.61156	0.01175	0.01571
CTT	TTT	CT	2.41862	0.00391	0.01038	-2.41862	0.04392	0.01038
CTC	TTC	CT	1.46097	0.03739	0.07113	-1.46097	0.16115	0.07113
CTC	CTT	CT	-1.04597	0.03739	0.02118	1.04597	0.01314	0.02118
CTA	TTA	CT	-3.11902	0.00291	0.00042	3.11902	0.00013	0.00042
CTA	CTT	AT	1.00488	0.00076	0.00120	-1.00488	0.00207	0.00120
CTA	CTC	AC	2.05086	0.00255	0.00600	-2.05086	0.01981	0.00600
CTG	TTG	CT	-1.44743	0.08872	0.03949	1.44743	0.02086	0.03949
CTG	CTT	GT	-2.15784	0.02310	0.00651	2.15784	0.00267	0.00651
CTG	CTC	GC	-1.11186	0.07759	0.04229	1.11186	0.02552	0.04229
CTG	CTA	GA	-3.16272	0.18057	0.02523	3.16272	0.00764	0.02523
CCT	TCT	CT	0.25521	0.01557	0.01764	-0.25521	0.02009	0.01764
CCT	CTT	CT	-0.16967	0.01557	0.01428	0.16967	0.01314	0.01428
CCC	TCC	CT	0.92879	0.05352	0.08217	-0.92879	0.13549	0.08217
CCC	CTC	CT	0.85300	0.05352	0.07956	-0.85300	0.12560	0.07956
CCC	CCT	CT	-0.02330	0.05352	0.05290	0.02330	0.05229	0.05290
CCA	TCA	CT	0.83543	0.01100	0.01623	-0.83543	0.02537	0.01623
CCA	CTA	CT	-0.11704	0.01100	0.01037	0.11704	0.00979	0.01037
CCA	CCT	AT	1.05752	0.00286	0.00464	-1.05752	0.00825	0.00464
CCA	CCC	AC	1.08082	0.00962	0.01574	-1.08082	0.02836	0.01574
CCG	TCG	CT	0.44334	0.01323	0.01638	-0.44334	0.02061	0.01638
CCG	CTG	CT	3.11490	0.01323	0.04312	-3.11490	0.29803	0.04312
CCG	CCT	GT	1.12673	0.00344	0.00574	-1.12673	0.01063	0.00574
CCG	CCC	GC	1.15003	0.01157	0.01947	-1.15003	0.03654	0.01947
CCG	CCA	GA	0.06921	0.02692	0.02786	-0.06921	0.02885	0.02786
CAT	TAT	CT	2.66774	0.00173	0.00495	-2.66774	0.02486	0.00495
CAT	CTT	AT	1.52896	0.00045	0.00088	-1.52896	0.00207	0.00088
CAT	CCT	AC	1.69863	0.00151	0.00314	-1.69863	0.00825	0.00314
CAC	TAC	CT	1.86963	0.02105	0.04653	-1.86963	0.13652	0.04653
CAC	CTC	AT	1.28520	0.00548	0.00974	-1.28520	0.01981	0.00974
CAC	CCC	AC	0.43220	0.01841	0.02267	-0.43220	0.02836	0.02267
CAC	CAT	CT	-1.28973	0.02105	0.01032	1.28973	0.00580	0.01032
CAA	CTA	AT	0.48750	0.00095	0.00120	-0.48750	0.00154	0.00120
CAA	CCA	AC	0.60454	0.00319	0.00424	-0.60454	0.00583	0.00424
CAA	CAT	AT	-0.03657	0.00095	0.00093	0.03657	0.00091	0.00093
CAA	CAC	AC	1.25316	0.00319	0.00559	-1.25316	0.01115	0.00559
CAG	CTG	AT	1.43987	0.01114	0.02102	-1.43987	0.04701	0.02102
CAG	CCG	AC	-1.67503	0.03742	0.01445	1.67503	0.00701	0.01445
CAG	CAT	GT	-2.24692	0.01114	0.00296	2.24692	0.00118	0.00296
CAG	CAC	GC	-0.95720	0.03742	0.02233	0.95720	0.01437	0.02233
CAG	CAA	GA	-2.21035	0.08709	0.02371	2.21035	0.00955	0.02371
CGT	TGT	CT	1.12979	0.00341	0.00570	-1.12979	0.01056	0.00570
CGT	CTT	GT	1.10026	0.00089	0.00146	-1.10026	0.00267	0.00146
CGT	CCT	GC	1.26993	0.00298	0.00527	-1.26993	0.01063	0.00527
CGT	CAT	GA	-0.42870	0.00694	0.00556	0.42870	0.00452	0.00556
CGC	TGC	CT	0.70401	0.02860	0.03984	-0.70401	0.05783	0.03984
CGC	CTC	GT	1.23185	0.00745	0.01295	-1.23185	0.02552	0.01295
CGC	CCC	GC	0.37885	0.02501	0.03005	-0.37885	0.03654	0.03005
CGC	CAC	GA	-0.05335	0.05821	0.05667	0.05335	0.05519	0.05667
CGC	CGT	CT	-0.91438	0.02860	0.01749	0.91438	0.01146	0.01749
CGA	CTA	GT	0.47437	0.00124	0.00155	-0.47437	0.00199	0.00155
CGA	CCA	GC	0.59141	0.00416	0.00551	-0.59141	0.00751	0.00551
CGA	CAA	GA	-0.01313	0.00968	0.00961	0.01313	0.00955	0.00961
CGA	CGT	AT	0.37900	0.00124	0.00149	-0.37900	0.00181	0.00149
CGA	CGC	AC	1.29338	0.00416	0.00741	-1.29338	0.01516	0.00741
CGG	TGG	CT	0.85271	0.03546	0.05271	-0.85271	0.08320	0.05271
CGG	CTG	GT	1.88086	0.00923	0.02049	-1.88086	0.06056	0.02049
CGG	CCG	GC	-1.23404	0.03102	0.01572	1.23404	0.00903	0.01572
CGG	CAG	GA	0.44099	0.07218	0.08926	-0.44099	0.11219	0.08926
CGG	CGT	GT	-1.37724	0.00923	0.00429	1.37724	0.00233	0.00429
CGG	CGC	GC	-0.46286	0.03102	0.02439	0.46286	0.01952	0.02439
CGG	CGA	GA	-1.75624	0.07218	0.02646	1.75624	0.01247	0.02646
ATT	TTT	AT	0.66479	0.00356	0.00488	-0.66479	0.00693	0.00488
ATT	CTT	AC	-1.75383	0.01197	0.00440	1.75383	0.00207	0.00440
ATC	TTC	AT	0.55752	0.01456	0.01899	-0.55752	0.02542	0.01899
ATC	CTC	AC	-0.90345	0.04890	0.03009	0.90345	0.01981	0.03009
ATC	ATT	CT	-0.19559	0.05591	0.05062	0.19559	0.04598	0.05062
ATA	TTA	AT	-3.63316	0.00077	0.00008	3.63316	0.00002	0.00008
ATA	CTA	AC	-0.51414	0.00258	0.00197	0.51414	0.00154	0.00197
ATA	ATT	AT	2.24458	0.00077	0.00193	-2.24458	0.00725	0.00193
ATA	ATC	AC	2.44017	0.00258	0.00690	-2.44017	0.02963	0.00690
ATG	TTG	AT	-1.12637	0.01015	0.00549	1.12637	0.00329	0.00549
ATG	CTG	AC	0.32106	0.03410	0.03987	-0.32106	0.04701	0.03987
ATG	ATT	GT	-0.08296	0.01015	0.00974	0.08296	0.00934	0.00974
ATG	ATC	GC	0.11264	0.03410	0.03606	-0.11264	0.03817	0.03606
ATG	ATA	GA	-2.32753	0.07936	0.01996	2.32753	0.00774	0.01996
ACT	TCT	AT	0.47223	0.00198	0.00248	-0.47223	0.00317	0.00248
ACT	CCT	AC	0.21702	0.00664	0.00739	-0.21702	0.00825	0.00739
ACT	ATT	CT	1.80118	0.00759	0.01638	-1.80118	0.04598	0.01638
ACC	TCC	AT	1.07879	0.00727	0.01188	-1.07879	0.02137	0.01188
ACC	CCC	AC	0.15000	0.02441	0.02629	-0.15000	0.02836	0.02629
ACC	ATC	CT	1.90645	0.02791	0.06250	-1.90645	0.18782	0.06250
ACC	ACT	CT	-0.09033	0.02791	0.02667	0.09033	0.02550	0.02667
ACA	TCA	AT	0.38072	0.00274	0.00329	-0.38072	0.00400	0.00329
ACA	CCA	AC	-0.45471	0.00919	0.00726	0.45471	0.00583	0.00726
ACA	ATA	CT	-0.05761	0.01051	0.01021	0.05761	0.00992	0.01021
ACA	ACT	AT	0.38578	0.00274	0.00330	-0.38578	0.00402	0.00330
ACA	ACC	AC	0.47611	0.00919	0.01155	-0.47611	0.01479	0.01155
ACG	TCG	AT	-0.47567	0.00523	0.00408	0.47567	0.00325	0.00408
ACG	CCG	AC	-0.91901	0.01757	0.01072	0.91901	0.00701	0.01072
ACG	ATG	CT	1.87483	0.02009	0.04449	-1.87483	0.13098	0.04449
ACG	ACT	GT	-0.00930	0.00523	0.00521	0.00930	0.00518	0.00521
ACG	ACC	GC	0.08102	0.01757	0.01829	-0.08102	0.01905	0.01829
ACG	ACA	GA	-0.39509	0.04089	0.03334	0.39509	0.02754	0.03334
AAT	TAT	AT	0.41265	0.00260	0.00317	-0.41265	0.00392	0.00317
AAT	CAT	AC	-2.25508	0.00872	0.00230	2.25508	0.00091	0.00230
AAT	ATT	AT	1.02770	0.00260	0.00415	-1.02770	0.00725	0.00415
AAT	ACT	AC	-0.77348	0.00872	0.00578	0.77348	0.00402	0.00578
AAC	TAC	AT	0.68733	0.01083	0.01498	-0.68733	0.02153	0.01498
AAC	CAC	AC	-1.18230	0.03638	0.01902	1.18230	0.01115	0.01902
AAC	ATC	AT	1.00635	0.01083	0.01718	-1.00635	0.02963	0.01718
AAC	ACC	AC	-0.90010	0.03638	0.02243	0.90010	0.01479	0.02243
AAC	AAT	CT	-0.21695	0.04160	0.03725	0.21695	0.03349	0.03725
AAA	CAA	AC	-1.70293	0.01060	0.00402	1.70293	0.00193	0.00402
AAA	ATA	AT	-0.70129	0.00315	0.00218	0.70129	0.00156	0.00218
AAA	ACA	AC	-0.64368	0.01060	0.00755	0.64368	0.00557	0.00755
AAA	AAT	AT	0.51558	0.00315	0.00404	-0.51558	0.00528	0.00404
AAA	AAC	AC	0.73253	0.01060	0.01495	-0.73253	0.02204	0.01495
AAG	CAG	AC	-1.16558	0.07273	0.03840	1.16558	0.02267	0.03840
AAG	ATG	AT	-0.04676	0.02165	0.02115	0.04676	0.02066	0.02115
AAG	ACG	AC	-1.92159	0.07273	0.02396	1.92159	0.01065	0.02396
AAG	AAT	GT	-1.15742	0.02165	0.01149	1.15742	0.00680	0.01149
AAG	AAC	GC	-0.94047	0.07273	0.04381	0.94047	0.02840	0.04381
AAG	AAA	GA	-1.67300	0.16925	0.06542	1.67300	0.03177	0.06542
AGT	TGT	AT	0.05477	0.00158	0.00162	-0.05477	0.00167	0.00162
AGT	CGT	AC	-1.07502	0.00530	0.00295	1.07502	0.00181	0.00295
AGT	ATT	GT	1.77906	0.00158	0.00338	-1.77906	0.00934	0.00338
AGT	ACT	GC	-0.02212	0.00530	0.00524	0.02212	0.00518	0.00524
AGT	AAT	GA	0.75136	0.01233	0.01754	-0.75136	0.02614	0.01754
AGC	TGC	AT	0.26231	0.00702	0.00798	-0.26231	0.00912	0.00798
AGC	CGC	AC	-0.44169	0.02357	0.01875	0.44169	0.01516	0.01875
AGC	ATC	GT	1.69360	0.00702	0.01456	-1.69360	0.03817	0.01456
AGC	ACC	GC	-0.21284	0.02357	0.02115	0.21284	0.01905	0.02115
AGC	AAC	GA	0.68725	0.05486	0.07585	-0.68725	0.10907	0.07585
AGC	AGT	CT	-0.28105	0.02695	0.02334	0.28105	0.02035	0.02334
AGA	CGA	AC	1.18372	0.00077	0.00132	-1.18372	0.00252	0.00132
AGA	ATA	GT	2.17223	0.00023	0.00056	-2.17223	0.00202	0.00056
AGA	ACA	GC	2.22985	0.00077	0.00193	-2.22985	0.00717	0.00193
AGA	AAA	GA	2.87352	0.00179	0.00547	-2.87352	0.03177	0.00547
AGA	AGT	AT	2.63775	0.00023	0.00065	-2.63775	0.00321	0.00065
AGA	AGC	AC	2.91880	0.00077	0.00238	-2.91880	0.01428	0.00238
AGG	TGG	AT	3.46787	0.00041	0.00146	-3.46787	0.01312	0.00146
AGG	CGG	AC	2.61516	0.00137	0.00388	-2.61516	0.01879	0.00388
AGG	ATG	GT	4.17496	0.00041	0.00174	-4.17496	0.02662	0.00174
AGG	ACG	GC	2.30013	0.00137	0.00351	-2.30013	0.01371	0.00351
AGG	AAG	GA	4.22173	0.00320	0.01371	-4.22173	0.21804	0.01371
AGG	AGT	GT	2.31294	0.00041	0.00105	-2.31294	0.00414	0.00105
AGG	AGC	GC	2.59400	0.00137	0.00385	-2.59400	0.01840	0.00385
AGG	AGA	GA	-0.32480	0.00320	0.00271	0.32480	0.00231	0.00271
GTT	TTT	GT	3.96259	0.00017	0.00069	-3.96259	0.00892	0.00069
GTT	CTT	GC	1.54397	0.00057	0.00112	-1.54397	0.00267	0.00112
GTT	ATT	GA	3.29780	0.00133	0.00454	-3.29780	0.03589	0.00454
GTC	TTC	GT	1.28879	0.00903	0.01606	-1.28879	0.03275	0.01606
GTC	CTC	GC	-0.17218	0.03032	0.02778	0.17218	0.02552	0.02778
GTC	ATC	GA	0.73127	0.07056	0.09947	-0.73127	0.14660	0.09947
GTC	GTT	CT	-2.76213	0.03467	0.00646	2.76213	0.00219	0.00646
GTA	TTA	GT	-4.17774	0.00171	0.00011	4.17774	0.00003	0.00011
GTA	CTA	GC	-1.05872	0.00573	0.00322	1.05872	0.00199	0.00322
GTA	ATA	GA	-0.54458	0.01334	0.01004	0.54458	0.00774	0.01004
GTA	GTT	AT	-1.59781	0.00171	0.00069	1.59781	0.00035	0.00069
GTA	GTC	AC	1.16432	0.00573	0.00971	-1.16432	0.01837	0.00971
GTG	TTG	GT	-1.41242	0.01741	0.00792	1.41242	0.00424	0.00792
GTG	CTG	GC	0.03501	0.05848	0.05951	-0.03501	0.06056	0.05951
GTG	ATG	GA	-0.28605	0.13609	0.11755	0.28605	0.10223	0.11755
GTG	GTT	GT	-3.66680	0.01741	0.00167	3.66680	0.00044	0.00167
GTG	GTC	GC	-0.90468	0.05848	0.03596	0.90468	0.02366	0.03596
GTG	GTA	GA	-2.06900	0.13609	0.04071	2.06900	0.01719	0.04071
GCT	TCT	GT	0.65248	0.00213	0.00289	-0.65248	0.00408	0.00289
GCT	CCT	GC	0.39727	0.00714	0.00865	-0.39727	0.01063	0.00865
GCT	ACT	GA	0.18025	0.01662	0.01816	-0.18025	0.01990	0.01816
GCT	GTT	CT	-1.31637	0.00817	0.00394	1.31637	0.00219	0.00394
GCC	TCC	GT	0.74994	0.01301	0.01849	-0.74994	0.02753	0.01849
GCC	CCC	GC	-0.17885	0.04369	0.03990	0.17885	0.03654	0.03990
GCC	ACC	GA	-0.32885	0.10168	0.08587	0.32885	0.07318	0.08587
GCC	GTC	CT	0.84633	0.04996	0.07404	-0.84633	0.11645	0.07404
GCC	GCT	CT	-0.59942	0.04996	0.03647	0.59942	0.02743	0.03647
GCA	TCA	GT	1.07098	0.00177	0.00288	-1.07098	0.00516	0.00288
GCA	CCA	GC	0.23555	0.00593	0.00666	-0.23555	0.00751	0.00666
GCA	ACA	GA	0.69025	0.01381	0.01912	-0.69025	0.02754	0.01912
GCA	GTA	CT	1.17722	0.00679	0.01155	-1.17722	0.02202	0.01155
GCA	GCT	AT	0.89579	0.00177	0.00267	-0.89579	0.00433	0.00267
GCA	GCC	AC	1.49521	0.00593	0.01144	-1.49521	0.02647	0.01144
GCG	TCG	GT	0.52971	0.00247	0.00318	-0.52971	0.00419	0.00318
GCG	CCG	GC	0.08637	0.00828	0.00864	-0.08637	0.00903	0.00864
GCG	ACG	GA	1.00538	0.01927	0.03056	-1.00538	0.05268	0.03056
GCG	GTG	CT	3.16626	0.00947	0.03130	-3.16626	0.22461	0.03130
GCG	GCT	GT	0.81582	0.00247	0.00361	-0.81582	0.00557	0.00361
GCG	GCC	GC	1.41525	0.00828	0.01548	-1.41525	0.03410	0.01548
GCG	GCA	GA	-0.07996	0.01927	0.01851	0.07996	0.01779	0.01851
GAT	TAT	GT	-0.13296	0.00577	0.00539	0.13296	0.00505	0.00539
GAT	CAT	GC	-2.80070	0.01938	0.00351	2.80070	0.00118	0.00351
GAT	AAT	GA	-0.54562	0.04510	0.03391	0.54562	0.02614	0.03391
GAT	GTT	AT	-2.81572	0.00577	0.00103	2.81572	0.00035	0.00103
GAT	GCT	AC	-1.49935	0.01938	0.00835	1.49935	0.00433	0.00835
GAC	TAC	GT	0.14256	0.02406	0.02581	-0.14256	0.02774	0.02581
GAC	CAC	GC	-1.72707	0.08081	0.03018	1.72707	0.01437	0.03018
GAC	AAC	GA	-0.54477	0.18806	0.14146	0.54477	0.10907	0.14146
GAC	GTC	AT	-0.26969	0.02406	0.02096	0.26969	0.01837	0.02096
GAC	GCC	AC	-1.11602	0.08081	0.04394	1.11602	0.02647	0.04394
GAC	GAT	CT	-0.21610	0.09240	0.08278	0.21610	0.07444	0.08278
GAA	CAA	GC	-2.03603	0.01905	0.00582	2.03603	0.00249	0.00582
GAA	AAA	GA	-0.33310	0.04432	0.03735	0.33310	0.03177	0.03735
GAA	GTA	AT	-0.48981	0.00567	0.00439	0.48981	0.00347	0.00439
GAA	GCA	AC	-1.66704	0.01905	0.00739	1.66704	0.00360	0.00739
GAA	GAT	AT	0.72810	0.00567	0.00798	-0.72810	0.01174	0.00798
GAA	GAC	AC	0.94420	0.01905	0.02943	-0.94420	0.04896	0.02943
GAG	CAG	GC	-1.10121	0.08785	0.04818	1.10121	0.02921	0.04818
GAG	AAG	GA	0.06437	0.20445	0.21110	-0.06437	0.21804	0.21110
GAG	GTG	AT	0.30365	0.02615	0.03032	-0.30365	0.03543	0.03032
GAG	GCG	AC	-2.86260	0.08785	0.01523	2.86260	0.00502	0.01523
GAG	GAT	GT	-0.54743	0.02615	0.01964	0.54743	0.01513	0.01964
GAG	GAC	GC	-0.33133	0.08785	0.07410	0.33133	0.06307	0.07410
GAG	GAA	GA	-1.27553	0.20445	0.10105	1.27553	0.05710	0.10105
GGT	TGT	GT	0.76547	0.00100	0.00143	-0.76547	0.00215	0.00143
GGT	CGT	GC	-0.36432	0.00335	0.00278	0.36432	0.00233	0.00278
GGT	AGT	GA	0.71070	0.00780	0.01090	-0.71070	0.01588	0.01090
GGT	GTT	GT	-0.80804	0.00100	0.00065	0.80804	0.00044	0.00065
GGT	GCT	GC	0.50833	0.00335	0.00428	-0.50833	0.00557	0.00428
GGT	GAT	GA	2.00768	0.00780	0.01810	-2.00768	0.05810	0.01810
GGC	TGC	GT	-0.24161	0.01496	0.01323	0.24161	0.01175	0.01323
GGC	CGC	GC	-0.94562	0.05026	0.03019	0.94562	0.01952	0.03019
GGC	AGC	GA	-0.50392	0.11697	0.08996	0.50392	0.07067	0.08996
GGC	GTC	GT	0.45841	0.01496	0.01865	-0.45841	0.02366	0.01865
GGC	GCC	GC	-0.38792	0.05026	0.04114	0.38792	0.03410	0.04114
GGC	GAC	GA	0.72810	0.11697	0.16468	-0.72810	0.24227	0.16468
GGC	GGT	CT	-1.49567	0.05747	0.02483	1.49567	0.01288	0.02483
GGA	CGA	GC	-0.44479	0.00506	0.00402	0.44479	0.00325	0.00402
GGA	AGA	GA	-1.62851	0.01178	0.00468	1.62851	0.00231	0.00468
GGA	GTA	GT	1.08830	0.00151	0.00247	-1.08830	0.00448	0.00247
GGA	GCA	GC	-0.08892	0.00506	0.00484	0.08892	0.00463	0.00484
GGA	GAA	GA	1.57812	0.01178	0.02343	-1.57812	0.05710	0.02343
GGA	GGT	AT	0.29854	0.00151	0.00174	-0.29854	0.00203	0.00174
GGA	GGC	AC	1.79421	0.00506	0.01090	-1.79421	0.03045	0.01090
GGG	TGG	GT	0.77799	0.00777	0.01117	-0.77799	0.01691	0.01117
GGG	CGG	GC	-0.07472	0.02609	0.02512	0.07472	0.02421	0.02512
GGG	AGG	GA	-2.68988	0.06071	0.01189	2.68988	0.00412	0.01189
GGG	GTG	GT	1.77113	0.00777	0.01657	-1.77113	0.04564	0.01657
GGG	GCG	GC	-1.39513	0.02609	0.01199	1.39513	0.00646	0.01199
GGG	GAG	GA	1.46748	0.06071	0.11578	-1.46748	0.26338	0.11578
GGG	GGT	GT	-1.08764	0.00777	0.00429	1.08764	0.00262	0.00429
GGG	GGC	GC	0.40804	0.02609	0.03177	-0.40804	0.03923	0.03177
GGG	GGA	GA	-1.38617	0.06071	0.02806	1.38617	0.01518	0.02806


Histograms
2Ns	FMut	FSub(CodonUsage)	FSubw(after w)

-6.31510	0.00231	0.00003
-5.68359	0.00000	0.00000
-5.05208	0.00090	0.00004
-4.42057	0.01760	0.00142
-3.78906	0.00248	0.00027
-3.15755	0.06352	0.01179
-2.52604	0.03478	0.01032
-1.89453	0.11481	0.05085
-1.26302	0.16710	0.10534
-0.63151	0.22433	0.20466
0.00000	0.18123	0.23054
0.63151	0.11965	0.20466
1.26302	0.04685	0.10534
1.89453	0.01824	0.05085
2.52604	0.00304	0.01032
3.15755	0.00284	0.01179
3.78906	0.00005	0.00027
4.42057	0.00026	0.00142
5.05208	0.00001	0.00004
5.68359	0.00000	0.00000
6.31510	0.00000	0.00003

Proportion of advantageous (S > 0) mutations:
 0.27520

Proportions of good & bad mutations (|S| > 2.0000) among mutations:
0.00856  0.14004

mean |Ns| = 1.16721	mean Ns+ = 0.70581	mean Ns- = -1.34240


MLEs of dN/dS (w) for site classes (K=4)

site class             0        1       2a       2b
proportion       0.26443  0.02379  0.65303  0.05875
background w     0.07916  2.07973  0.07916  2.07973
foreground w     0.07916  2.07973  0.00000  0.00000

Naive Empirical Bayes (NEB) probabilities for 4 classes
(amino acids refer to 1st sequence: Bbon)

   1 L   0.27284 0.01442 0.67518 0.03756 ( 3)
   2 I   0.27954 0.00702 0.69373 0.01970 ( 3)
   3 G   0.28149 0.00484 0.69958 0.01410 ( 3)
   4 T   0.28343 0.00269 0.70565 0.00822 ( 3)
   5 F   0.27942 0.00727 0.69315 0.02017 ( 3)
   6 R   0.28210 0.00426 0.70119 0.01245 ( 3)
   7 M   0.00004 0.25008 0.00010 0.74977 ( 4)
   8 V   0.27763 0.00914 0.68828 0.02495 ( 3)
   9 L   0.27284 0.01442 0.67518 0.03756 ( 3)
  10 Q   0.28036 0.00611 0.69615 0.01738 ( 3)
  11 K   0.15623 0.12132 0.38749 0.33495 ( 3)
  12 V   0.27763 0.00914 0.68828 0.02495 ( 3)
  13 V   0.27763 0.00914 0.68828 0.02495 ( 3)
  14 E   0.27972 0.00682 0.69428 0.01918 ( 3)
  15 E   0.27972 0.00682 0.69428 0.01918 ( 3)
  16 G   0.00264 0.26345 0.00654 0.72737 ( 4)
  17 H   0.03552 0.20850 0.08859 0.66740 ( 4)
  18 V   0.27763 0.00914 0.68828 0.02495 ( 3)
  19 E   0.27974 0.00680 0.69433 0.01913 ( 3)
  20 V   0.27763 0.00914 0.68828 0.02495 ( 3)
  21 T   0.28291 0.00314 0.70437 0.00958 ( 3)
  22 D   0.28060 0.00583 0.69689 0.01668 ( 3)
  23 M   0.28251 0.00364 0.70292 0.01092 ( 3)
  24 L   0.27284 0.01442 0.67518 0.03756 ( 3)
  25 I   0.27734 0.00957 0.68725 0.02584 ( 3)
  26 D   0.28060 0.00583 0.69689 0.01668 ( 3)
  27 D   0.28060 0.00583 0.69689 0.01668 ( 3)
  28 N   0.28306 0.00297 0.70486 0.00911 ( 3)
  29 N   0.21374 0.06270 0.53217 0.19139 ( 3)
  30 A   0.28407 0.00165 0.70894 0.00535 ( 3)
  31 I   0.27954 0.00702 0.69373 0.01970 ( 3)
  32 I   0.27927 0.00727 0.69307 0.02039 ( 3)
  33 Q   0.00003 0.26003 0.00007 0.73987 ( 4)
  34 T   0.28368 0.00273 0.70548 0.00810 ( 3)
  35 S   0.28393 0.00243 0.70638 0.00726 ( 3)
  36 L   0.27338 0.01403 0.67631 0.03627 ( 3)
  37 C   0.28435 0.00190 0.70796 0.00579 ( 3)
  38 V   0.27864 0.00838 0.69042 0.02256 ( 3)
  39 E   0.28075 0.00609 0.69635 0.01681 ( 3)
  40 V   0.28334 0.00321 0.70412 0.00933 ( 3)
  41 R   0.28163 0.00512 0.69890 0.01435 ( 3)
  42 Y   0.27941 0.00754 0.69256 0.02048 ( 3)
  43 Q   0.28138 0.00540 0.69816 0.01506 ( 3)
  44 A   0.19082 0.08780 0.47368 0.24771 ( 3)
  45 T   0.28008 0.00682 0.69444 0.01866 ( 3)
  46 D   0.27867 0.00822 0.69076 0.02235 ( 3)
  47 G   0.28226 0.00444 0.70075 0.01255 ( 3)
  48 T   0.02121 0.24324 0.05264 0.68290 ( 4)
  49 V   0.27864 0.00838 0.69042 0.02256 ( 3)
  50 G   0.28221 0.00448 0.70062 0.01269 ( 3)
  51 S   0.28175 0.00499 0.69924 0.01402 ( 3)
  52 W   0.27875 0.00826 0.69071 0.02227 ( 3)
  53 D   0.01387 0.25588 0.03439 0.69586 ( 4)
  54 D   0.27986 0.00710 0.69373 0.01931 ( 3)
  55 G   0.01547 0.31256 0.03776 0.63421 ( 4)
  56 D   0.28162 0.00513 0.69887 0.01437 ( 3)
  57 F   0.27988 0.00705 0.69385 0.01923 ( 3)
  58 L   0.27363 0.01379 0.67693 0.03565 ( 3)
  59 G   0.28248 0.00419 0.70142 0.01192 ( 3)
  60 D   0.27958 0.00737 0.69302 0.02004 ( 3)
  61 E   0.28075 0.00609 0.69635 0.01681 ( 3)
  62 S   0.18069 0.09841 0.44822 0.27267 ( 3)
  63 L   0.28395 0.00248 0.70620 0.00737 ( 3)
  64 H   0.28470 0.00151 0.70912 0.00467 ( 3)
  65 E   0.28075 0.00609 0.69635 0.01681 ( 3)
  66 E   0.28102 0.00579 0.69712 0.01607 ( 3)
  67 E   0.28075 0.00609 0.69635 0.01681 ( 3)
  68 K   0.27951 0.00744 0.69283 0.02022 ( 3)
  69 D   0.28162 0.00513 0.69887 0.01437 ( 3)
  70 S   0.28414 0.00225 0.70688 0.00673 ( 3)
  71 Q   0.28138 0.00540 0.69816 0.01506 ( 3)
  72 E   0.28073 0.00611 0.69630 0.01686 ( 3)
  73 T   0.28014 0.00676 0.69459 0.01851 ( 3)
  74 D   0.27958 0.00737 0.69302 0.02004 ( 3)
  75 G   0.28248 0.00419 0.70142 0.01192 ( 3)
  76 L   0.27363 0.01379 0.67693 0.03565 ( 3)
  77 L   0.28220 0.00450 0.70056 0.01274 ( 3)
  78 P   0.27804 0.00904 0.68875 0.02417 ( 3)
  79 G   0.02158 0.24146 0.05357 0.68339 ( 4)
  80 S   0.28175 0.00499 0.69924 0.01402 ( 3)
  81 R   0.28260 0.00404 0.70181 0.01154 ( 3)
  82 P   0.01583 0.25058 0.03928 0.69431 ( 4)
  83 S   0.28311 0.00346 0.70342 0.01001 ( 3)
  84 S   0.21304 0.06585 0.52944 0.19168 ( 3)
  85 R   0.28134 0.00540 0.69816 0.01511 ( 3)
  86 P   0.00431 0.98907 0.00000 0.00662 ( 2)
  87 P   0.28369 0.00273 0.70549 0.00809 ( 3)
  88 G   0.28192 0.00474 0.69991 0.01342 ( 3)
  89 E   0.27978 0.00699 0.69393 0.01930 ( 3)
  90 K   0.27794 0.00891 0.68894 0.02420 ( 3)
  91 S   0.28371 0.00420 0.70143 0.01067 ( 3)
  92 F   0.27828 0.00972 0.68763 0.02437 ( 3)
  93 R   0.28018 0.00778 0.69245 0.01959 ( 3)
  94 E   0.28079 0.00579 0.69707 0.01636 ( 3)
  95 P   0.28359 0.00256 0.70604 0.00781 ( 3)
  96 A   0.28325 0.00296 0.70486 0.00892 ( 3)
  97 V   0.28009 0.00656 0.69501 0.01833 ( 3)
  98 L   0.27347 0.01382 0.67674 0.03598 ( 3)
  99 E   0.28050 0.00611 0.69620 0.01719 ( 3)
 100 M   0.28315 0.00309 0.70449 0.00927 ( 3)
 101 E   0.17569 0.10202 0.43603 0.28626 ( 3)
 102 N   0.18464 0.09248 0.45856 0.26432 ( 3)
 103 L   0.20850 0.06711 0.51913 0.20526 ( 3)
 104 D   0.28135 0.00516 0.69875 0.01474 ( 3)
 105 R   0.28231 0.00407 0.70173 0.01189 ( 3)
 106 L   0.27387 0.01343 0.67772 0.03498 ( 3)
 107 A   0.28177 0.00469 0.70001 0.01353 ( 3)
 108 I   0.01020 0.26678 0.02525 0.69776 ( 4)
 109 R   0.28136 0.00515 0.69877 0.01472 ( 3)
 110 L   0.27347 0.01382 0.67674 0.03598 ( 3)
 111 G   0.00087 0.24945 0.00216 0.74752 ( 4)
 112 D   0.27937 0.00736 0.69293 0.02034 ( 3)
 113 G   0.28220 0.00420 0.70136 0.01224 ( 3)
 114 L   0.12215 0.15759 0.30248 0.41778 ( 4)
 115 D   0.27933 0.00739 0.69284 0.02043 ( 3)
 116 P   0.27772 0.00917 0.68829 0.02483 ( 3)
 117 D   0.28135 0.00516 0.69875 0.01474 ( 3)
 118 S   0.28155 0.00496 0.69929 0.01421 ( 3)
 119 M   0.16389 0.11522 0.40632 0.31457 ( 3)
 120 S   0.27724 0.00983 0.68671 0.02623 ( 3)
 121 L   0.28191 0.00450 0.70053 0.01306 ( 3)
 122 A   0.28127 0.00524 0.69851 0.01497 ( 3)
 123 S   0.28154 0.00496 0.69928 0.01422 ( 3)
 124 V   0.28303 0.00323 0.70408 0.00966 ( 3)
 125 T   0.27983 0.00685 0.69427 0.01906 ( 3)
 126 A   0.28127 0.00524 0.69851 0.01497 ( 3)
 127 L   0.28191 0.00453 0.70045 0.01311 ( 3)
 128 T   0.28358 0.00257 0.70603 0.00783 ( 3)
 129 T   0.28358 0.00257 0.70603 0.00783 ( 3)
 130 N   0.28365 0.00247 0.70631 0.00757 ( 3)
 131 V   0.21260 0.06742 0.52791 0.19207 ( 3)
 132 S   0.28147 0.00502 0.69911 0.01439 ( 3)
 133 N   0.28366 0.00246 0.70633 0.00755 ( 3)
 134 K   0.27927 0.00747 0.69265 0.02062 ( 3)
 135 R   0.27847 0.00822 0.69065 0.02267 ( 3)
 136 S   0.28066 0.00562 0.69743 0.01629 ( 3)
 137 K   0.27849 0.00820 0.69071 0.02261 ( 3)
 138 P   0.27884 0.00780 0.69172 0.02164 ( 3)
 139 D   0.28061 0.00583 0.69690 0.01665 ( 3)
 140 I   0.27663 0.01025 0.68549 0.02764 ( 3)
 141 K   0.27849 0.00820 0.69071 0.02261 ( 3)
 142 M   0.28252 0.00364 0.70293 0.01091 ( 3)
 143 E   0.27973 0.00682 0.69429 0.01916 ( 3)
 144 P   0.27884 0.00780 0.69172 0.02164 ( 3)
 145 S   0.28215 0.00407 0.70172 0.01205 ( 3)
 146 A   0.28104 0.00535 0.69821 0.01540 ( 3)
 147 G   0.28140 0.00492 0.69937 0.01431 ( 3)
 148 R   0.28049 0.00594 0.69661 0.01697 ( 3)
 149 P   0.27981 0.00670 0.69459 0.01890 ( 3)
 150 M   0.28241 0.00374 0.70265 0.01120 ( 3)
 151 D   0.01268 0.25419 0.03144 0.70169 ( 4)
 152 Y   0.16074 0.11659 0.39878 0.32388 ( 3)
 153 Q   0.17647 0.10027 0.43817 0.28509 ( 3)
 154 V   0.28392 0.00245 0.70630 0.00733 ( 3)
 155 S   0.28455 0.00164 0.70875 0.00506 ( 3)
 156 V   0.01774 0.24660 0.04402 0.69165 ( 4)
 157 T   0.28254 0.00406 0.70178 0.01163 ( 3)
 158 V   0.27961 0.00729 0.69321 0.01989 ( 3)
 159 I   0.28144 0.00529 0.69845 0.01483 ( 3)
 160 E   0.28164 0.00507 0.69904 0.01425 ( 3)
 161 A   0.28250 0.00411 0.70163 0.01176 ( 3)
 162 R   0.28245 0.00417 0.70147 0.01192 ( 3)
 163 Q   0.28222 0.00442 0.70077 0.01259 ( 3)
 164 L   0.27450 0.01283 0.67928 0.03340 ( 3)
 165 V   0.27961 0.00729 0.69321 0.01989 ( 3)
 166 G   0.28296 0.00358 0.70309 0.01037 ( 3)
 167 L   0.28376 0.00266 0.70570 0.00788 ( 3)
 168 N   0.28443 0.00180 0.70825 0.00552 ( 3)
 169 M   0.17574 0.10417 0.43569 0.28440 ( 3)
 170 D   0.28244 0.00418 0.70145 0.01194 ( 3)
 171 P   0.28184 0.00485 0.69962 0.01369 ( 3)
 172 V   0.27961 0.00729 0.69321 0.01989 ( 3)
 173 V   0.27992 0.00700 0.69396 0.01912 ( 3)
 174 C   0.28482 0.00123 0.71007 0.00388 ( 3)
 175 V   0.27961 0.00729 0.69321 0.01989 ( 3)
 176 E   0.28164 0.00507 0.69904 0.01425 ( 3)
 177 V   0.27961 0.00729 0.69321 0.01989 ( 3)
 178 G   0.28296 0.00358 0.70309 0.01037 ( 3)
 179 D   0.28242 0.00419 0.70141 0.01198 ( 3)
 180 D   0.28244 0.00418 0.70145 0.01194 ( 3)
 181 K   0.28046 0.00637 0.69560 0.01757 ( 3)
 182 K   0.28046 0.00637 0.69560 0.01757 ( 3)
 183 F   0.01663 0.24922 0.04127 0.69287 ( 4)
 184 T   0.28437 0.00189 0.70799 0.00575 ( 3)
 185 S   0.28255 0.00405 0.70179 0.01161 ( 3)
 186 M   0.28402 0.00233 0.70666 0.00699 ( 3)
 187 K   0.28046 0.00637 0.69560 0.01757 ( 3)
 188 E   0.28164 0.00507 0.69904 0.01425 ( 3)
 189 S   0.28255 0.00405 0.70179 0.01161 ( 3)
 190 T   0.28385 0.00254 0.70604 0.00757 ( 3)
 191 N   0.28443 0.00180 0.70825 0.00552 ( 3)
 192 C   0.28482 0.00123 0.71007 0.00388 ( 3)
 193 P   0.28184 0.00485 0.69962 0.01369 ( 3)
 194 Y   0.28092 0.00586 0.69694 0.01628 ( 3)
 195 Y   0.28092 0.00586 0.69694 0.01628 ( 3)
 196 N   0.28443 0.00180 0.70825 0.00552 ( 3)
 197 E   0.28164 0.00507 0.69904 0.01425 ( 3)
 198 -   0.27573 0.01196 0.68179 0.03052 ( 3)
 199 -   0.27562 0.01208 0.68149 0.03081 ( 3)
 200 -   0.27972 0.00781 0.69216 0.02031 ( 3)
 201 -   0.14615 0.13875 0.36136 0.35374 ( 3)
 202 -   0.27746 0.01016 0.68627 0.02611 ( 3)
 203 -   0.27562 0.01208 0.68149 0.03081 ( 3)
 204 -   0.28450 0.00276 0.70524 0.00751 ( 3)
 205 -   0.27972 0.00781 0.69216 0.02031 ( 3)
 206 -   0.14021 0.14527 0.34660 0.36791 ( 4)
 207 -   0.27380 0.01398 0.67681 0.03541 ( 3)
 208 -   0.14408 0.13992 0.35636 0.35964 ( 4)
 209 -   0.27972 0.00781 0.69216 0.02031 ( 3)
 210 -   0.27989 0.00763 0.69261 0.01987 ( 3)
 211 -   0.27562 0.01208 0.68149 0.03081 ( 3)
 212 -   0.27746 0.01016 0.68627 0.02611 ( 3)
 213 -   0.27525 0.01246 0.68055 0.03173 ( 3)
 214 -   0.27632 0.01135 0.68330 0.02903 ( 3)
 215 -   0.27632 0.01135 0.68330 0.02903 ( 3)
 216 -   0.27525 0.01246 0.68055 0.03173 ( 3)
 217 -   0.27632 0.01135 0.68330 0.02903 ( 3)
 218 -   0.27922 0.00833 0.69085 0.02160 ( 3)
 219 -   0.27569 0.01208 0.68155 0.03067 ( 3)
 220 -   0.27471 0.01310 0.67905 0.03314 ( 3)
 221 -   0.28348 0.00398 0.70198 0.01056 ( 3)
 222 -   0.27901 0.00864 0.69011 0.02223 ( 3)
 223 -   0.27656 0.01119 0.68377 0.02848 ( 3)
 224 -   0.28210 0.00544 0.69822 0.01425 ( 3)
 225 -   0.27126 0.01668 0.67026 0.04180 ( 3)
 226 -   0.27126 0.01668 0.67026 0.04180 ( 3)
 227 -   0.28008 0.00754 0.69289 0.01949 ( 3)
 228 -   0.28034 0.00724 0.69363 0.01879 ( 3)
 229 -   0.27908 0.00854 0.69034 0.02204 ( 3)
 230 -   0.28149 0.00604 0.69668 0.01579 ( 3)
 231 -   0.27093 0.01700 0.66946 0.04260 ( 3)
 232 -   0.27523 0.01253 0.68043 0.03181 ( 3)
 233 -   0.27908 0.00854 0.69034 0.02204 ( 3)
 234 -   0.27852 0.00913 0.68888 0.02347 ( 3)
 235 -   0.27645 0.01127 0.68355 0.02873 ( 3)
 236 -   0.27895 0.00867 0.69002 0.02236 ( 3)
 237 -   0.28078 0.00677 0.69481 0.01764 ( 3)
 238 -   0.27836 0.00928 0.68849 0.02386 ( 3)
 239 -   0.27523 0.01253 0.68043 0.03181 ( 3)
 240 -   0.27942 0.00819 0.69123 0.02117 ( 3)
 241 -   0.28149 0.00604 0.69668 0.01579 ( 3)
 242 -   0.27523 0.01253 0.68043 0.03181 ( 3)
 243 -   0.27658 0.01114 0.68387 0.02841 ( 3)
 244 -   0.27862 0.00902 0.68915 0.02321 ( 3)
 245 -   0.27809 0.00957 0.68777 0.02457 ( 3)
 246 -   0.28150 0.00602 0.69672 0.01576 ( 3)
 247 -   0.27516 0.01247 0.68047 0.03191 ( 3)
 248 -   0.28521 0.00234 0.70624 0.00621 ( 3)
 249 -   0.28090 0.00683 0.69472 0.01754 ( 3)
 250 -   0.27923 0.00855 0.69042 0.02180 ( 3)
 251 -   0.28521 0.00234 0.70624 0.00621 ( 3)
 252 -   0.28527 0.00228 0.70640 0.00605 ( 3)
 253 -   0.27884 0.00895 0.68942 0.02279 ( 3)
 254 -   0.27828 0.00954 0.68795 0.02423 ( 3)
 255 -   0.28252 0.00521 0.69883 0.01344 ( 3)
 256 -   0.28089 0.00689 0.69461 0.01761 ( 3)
 257 -   0.27364 0.01432 0.67616 0.03588 ( 3)
 258 -   0.20597 0.07915 0.50962 0.20526 ( 3)
 259 -   0.28205 0.00570 0.69760 0.01465 ( 3)
 260 -   0.28120 0.00656 0.69542 0.01682 ( 3)
 261 -   0.19406 0.09129 0.47999 0.23466 ( 3)
 262 -   0.28205 0.00570 0.69760 0.01465 ( 3)
 263 -   0.28089 0.00689 0.69461 0.01761 ( 3)
 264 -   0.01974 0.26077 0.04882 0.67068 ( 4)
 265 -   0.28568 0.00186 0.70752 0.00494 ( 3)
 266 -   0.28237 0.00406 0.70177 0.01181 ( 3)
 267 -   0.27364 0.01365 0.67715 0.03555 ( 3)
 268 -   0.27953 0.00723 0.69330 0.01994 ( 3)
 269 -   0.28211 0.00435 0.70097 0.01258 ( 3)
 270 -   0.27995 0.00676 0.69451 0.01878 ( 3)
 271 -   0.27861 0.00822 0.69073 0.02244 ( 3)
 272 -   0.27947 0.00729 0.69315 0.02010 ( 3)
 273 -   0.28411 0.00194 0.70790 0.00605 ( 3)
 274 -   0.28110 0.00539 0.69814 0.01538 ( 3)
 275 -   0.20107 0.08113 0.49831 0.21950 ( 3)
 276 -   0.28194 0.00454 0.70045 0.01307 ( 3)
 277 -   0.27861 0.00822 0.69073 0.02244 ( 3)
 278 -   0.15759 0.12116 0.39069 0.33055 ( 3)
 279 -   0.28215 0.00431 0.70108 0.01245 ( 3)
 280 -   0.16769 0.11078 0.41591 0.30562 ( 3)
 281 -   0.28237 0.00405 0.70179 0.01179 ( 3)
 282 -   0.28154 0.00499 0.69921 0.01426 ( 3)
 283 -   0.28380 0.00235 0.70668 0.00718 ( 3)
 284 -   0.28051 0.00614 0.69615 0.01720 ( 3)
 285 -   0.27947 0.00729 0.69315 0.02010 ( 3)
 286 -   0.00203 0.58743 0.00123 0.40931 ( 2)
 287 -   0.28090 0.00571 0.69729 0.01610 ( 3)
 288 -   0.28445 0.00144 0.70950 0.00460 ( 3)
 289 -   0.27947 0.00729 0.69315 0.02010 ( 3)
 290 -   0.28195 0.00453 0.70047 0.01305 ( 3)
 291 -   0.28378 0.00236 0.70664 0.00721 ( 3)
 292 -   0.28069 0.00594 0.69668 0.01669 ( 3)
 293 -   0.28158 0.00492 0.69940 0.01409 ( 3)
 294 -   0.03631 0.56530 0.02001 0.37839 ( 2)
 295 -   0.28069 0.00594 0.69668 0.01669 ( 3)
 296 -   0.01569 0.25548 0.03826 0.69057 ( 4)
 297 -   0.28154 0.00499 0.69921 0.01426 ( 3)
 298 -   0.27760 0.00934 0.68788 0.02518 ( 3)
 299 -   0.18110 0.09696 0.44950 0.27244 ( 3)
 300 -   0.01816 0.26145 0.04492 0.67547 ( 4)
 301 N   0.28465 0.00298 0.70455 0.00781 ( 3)
 302 L   0.28361 0.00408 0.70173 0.01059 ( 3)
 303 L   0.27349 0.01447 0.67578 0.03626 ( 3)
 304 L   0.28251 0.00521 0.69884 0.01344 ( 3)
 305 P   0.28111 0.00669 0.69512 0.01709 ( 3)
 306 E   0.01597 0.26536 0.03948 0.67918 ( 4)
 307 G   0.28278 0.00488 0.69969 0.01266 ( 3)
 308 V   0.27865 0.00918 0.68886 0.02331 ( 3)
 309 P   0.28114 0.00662 0.69528 0.01696 ( 3)
 310 P   0.01683 0.26359 0.04164 0.67794 ( 4)
 311 E   0.28123 0.00653 0.69550 0.01674 ( 3)
 312 R   0.28299 0.00472 0.70008 0.01221 ( 3)
 313 Q   0.28160 0.00615 0.69646 0.01578 ( 3)
 314 W   0.27876 0.00907 0.68915 0.02303 ( 3)
 315 A   0.28235 0.00538 0.69841 0.01386 ( 3)
 316 R   0.28188 0.00586 0.69719 0.01506 ( 3)
 317 F   0.27996 0.00784 0.69221 0.01999 ( 3)
 318 Y   0.28001 0.00781 0.69229 0.01989 ( 3)
 319 V   0.27865 0.00918 0.68886 0.02331 ( 3)
 320 K   0.27957 0.00824 0.69122 0.02098 ( 3)
 321 I   0.27757 0.01029 0.68610 0.02604 ( 3)
 322 Y   0.28009 0.00770 0.69256 0.01965 ( 3)
 323 R   0.28002 0.00780 0.69234 0.01985 ( 3)
 324 A   0.28413 0.00353 0.70313 0.00921 ( 3)
 325 E   0.28091 0.00686 0.69468 0.01755 ( 3)
 326 G   0.28276 0.00495 0.69951 0.01278 ( 3)
 327 L   0.27349 0.01447 0.67578 0.03626 ( 3)
 328 P   0.28114 0.00662 0.69528 0.01696 ( 3)
 329 R   0.19824 0.08682 0.49042 0.22452 ( 3)
 330 M   0.28400 0.00367 0.70277 0.00956 ( 3)
 331 N   0.28465 0.00298 0.70455 0.00781 ( 3)
 332 T   0.28050 0.00720 0.69379 0.01851 ( 3)
 333 S   0.28486 0.00277 0.70512 0.00726 ( 3)
 334 L   0.28251 0.00521 0.69884 0.01344 ( 3)
 335 M   0.28400 0.00367 0.70277 0.00956 ( 3)
 336 A   0.28235 0.00538 0.69841 0.01386 ( 3)
 337 N   0.28465 0.00298 0.70455 0.00781 ( 3)
 338 M   0.28400 0.00367 0.70277 0.00956 ( 3)
 339 K   0.27957 0.00824 0.69122 0.02098 ( 3)
 340 K   0.27957 0.00824 0.69122 0.02098 ( 3)
 341 A   0.28235 0.00541 0.69833 0.01391 ( 3)
 342 F   0.27996 0.00784 0.69221 0.01999 ( 3)
 343 I   0.27831 0.00941 0.68821 0.02407 ( 3)
 344 G   0.28557 0.00201 0.70711 0.00531 ( 3)
 345 E   0.28091 0.00686 0.69468 0.01755 ( 3)
 346 N   0.28465 0.00298 0.70455 0.00781 ( 3)
 347 K   0.27957 0.00824 0.69122 0.02098 ( 3)
 348 D   0.28187 0.00587 0.69717 0.01509 ( 3)
 349 L   0.27349 0.01447 0.67578 0.03626 ( 3)
 350 V   0.20656 0.07840 0.51113 0.20391 ( 3)
 351 D   0.28154 0.00620 0.69634 0.01593 ( 3)
 352 P   0.28080 0.00695 0.69443 0.01782 ( 3)
 353 Y   0.27974 0.00805 0.69169 0.02053 ( 3)
 354 V   0.27830 0.00953 0.68799 0.02418 ( 3)
 355 Q   0.28440 0.00321 0.70397 0.00842 ( 3)
 356 V   0.28336 0.00430 0.70116 0.01118 ( 3)
 357 F   0.27901 0.00876 0.68988 0.02234 ( 3)
 358 F   0.27537 0.01251 0.68057 0.03155 ( 3)
 359 A   0.28145 0.00625 0.69620 0.01610 ( 3)
 360 G   0.28165 0.00605 0.69671 0.01559 ( 3)
 361 Q   0.28068 0.00704 0.69419 0.01808 ( 3)
 362 K   0.27862 0.00916 0.68888 0.02333 ( 3)
 363 G   0.28213 0.00432 0.70103 0.01251 ( 3)
 364 K   0.27996 0.00683 0.69435 0.01886 ( 3)
 365 T   0.28342 0.00291 0.70498 0.00868 ( 3)
 366 S   0.27864 0.00850 0.69017 0.02269 ( 3)
 367 V   0.27916 0.00771 0.69208 0.02105 ( 3)
 368 Q   0.28176 0.00484 0.69962 0.01378 ( 3)
 369 K   0.28252 0.00397 0.70201 0.01150 ( 3)
 370 S   0.28425 0.00189 0.70801 0.00584 ( 3)
 371 S   0.28425 0.00189 0.70801 0.00584 ( 3)
 372 Y   0.27986 0.00693 0.69408 0.01912 ( 3)
 373 E   0.28116 0.00551 0.69785 0.01549 ( 3)
 374 P   0.28133 0.00550 0.69789 0.01527 ( 3)
 375 L   0.27405 0.01325 0.67818 0.03452 ( 3)
 376 W   0.27921 0.00765 0.69223 0.02091 ( 3)
 377 N   0.28405 0.00216 0.70721 0.00658 ( 3)
 378 E   0.28116 0.00551 0.69785 0.01549 ( 3)
 379 Q   0.28176 0.00484 0.69962 0.01378 ( 3)
 380 V   0.28026 0.00669 0.69480 0.01825 ( 3)
 381 V   0.21824 0.05992 0.54290 0.17894 ( 3)
 382 F   0.27680 0.01027 0.68557 0.02736 ( 3)
 383 T   0.28051 0.00622 0.69595 0.01732 ( 3)
 384 D   0.28198 0.00459 0.70032 0.01311 ( 3)
 385 L   0.27405 0.01325 0.67818 0.03452 ( 3)
 386 F   0.28025 0.00650 0.69520 0.01805 ( 3)
 387 P   0.28118 0.00545 0.69798 0.01539 ( 3)
 388 P   0.28393 0.00226 0.70690 0.00690 ( 3)
 389 L   0.28252 0.00398 0.70197 0.01153 ( 3)
 390 C   0.28457 0.00144 0.70944 0.00455 ( 3)
 391 K   0.27996 0.00683 0.69435 0.01886 ( 3)
 392 R   0.28290 0.00355 0.70318 0.01037 ( 3)
 393 M   0.22217 0.05629 0.55278 0.16876 ( 3)
 394 K   0.28059 0.00625 0.69592 0.01725 ( 3)
 395 V   0.28071 0.00599 0.69655 0.01675 ( 3)
 396 Q   0.28176 0.00484 0.69962 0.01378 ( 3)
 397 I   0.28098 0.00570 0.69732 0.01599 ( 3)
 398 R   0.28199 0.00458 0.70034 0.01309 ( 3)
 399 D   0.28198 0.00459 0.70032 0.01311 ( 3)
 400 S   0.27701 0.01005 0.68613 0.02682 ( 3)
 401 D   0.28198 0.00459 0.70032 0.01311 ( 3)
 402 K   0.27996 0.00683 0.69435 0.01886 ( 3)
 403 V   0.28354 0.00279 0.70534 0.00834 ( 3)
 404 N   0.28412 0.00207 0.70748 0.00633 ( 3)
 405 D   0.28200 0.00460 0.70029 0.01311 ( 3)
 406 V   0.27913 0.00774 0.69200 0.02113 ( 3)
 407 A   0.28238 0.00414 0.70154 0.01194 ( 3)
 408 I   0.28094 0.00574 0.69722 0.01610 ( 3)
 409 G   0.28253 0.00396 0.70203 0.01148 ( 3)
 410 T   0.28405 0.00216 0.70720 0.00659 ( 3)
 411 H   0.28470 0.00124 0.71011 0.00396 ( 3)
 412 F   0.28031 0.00644 0.69536 0.01788 ( 3)
 413 I   0.27833 0.00864 0.68971 0.02332 ( 3)
 414 D   0.28198 0.00459 0.70032 0.01311 ( 3)
 415 L   0.27405 0.01325 0.67818 0.03452 ( 3)
 416 R   0.28290 0.00355 0.70318 0.01037 ( 3)
 417 K   0.27996 0.00683 0.69435 0.01886 ( 3)
 418 I   0.17015 0.11040 0.42164 0.29781 ( 3)
 419 S   0.28211 0.00445 0.70068 0.01276 ( 3)
 420 N   0.28411 0.00207 0.70747 0.00634 ( 3)
 421 D   0.19333 0.08604 0.47977 0.24086 ( 3)
 422 G   0.28326 0.00340 0.70359 0.00975 ( 3)
 423 D   0.28212 0.00468 0.70010 0.01310 ( 3)
 424 K   0.28271 0.00403 0.70186 0.01141 ( 3)
 425 G   0.28191 0.00476 0.69987 0.01347 ( 3)
 426 F   0.27985 0.00687 0.69423 0.01905 ( 3)
 427 L   0.27366 0.01363 0.67721 0.03550 ( 3)
 428 P   0.28092 0.00568 0.69735 0.01604 ( 3)
 429 T   0.28167 0.00484 0.69961 0.01388 ( 3)
 430 L   0.27366 0.01363 0.67721 0.03550 ( 3)
 431 G   0.28213 0.00432 0.70103 0.01252 ( 3)
 432 P   0.28092 0.00568 0.69735 0.01604 ( 3)
 433 T   0.02383 0.23609 0.05920 0.68088 ( 4)
 434 W   0.27875 0.00808 0.69108 0.02209 ( 3)
 435 V   0.27864 0.00819 0.69079 0.02237 ( 3)
 436 N   0.28381 0.00233 0.70672 0.00713 ( 3)
 437 M   0.28332 0.00294 0.70493 0.00881 ( 3)
 438 Y   0.27942 0.00735 0.69298 0.02026 ( 3)
 439 G   0.28213 0.00432 0.70103 0.01252 ( 3)
 440 S   0.28169 0.00483 0.69963 0.01385 ( 3)
 441 T   0.28040 0.00623 0.69590 0.01747 ( 3)
 442 R   0.28251 0.00389 0.70222 0.01138 ( 3)
 443 N   0.28381 0.00233 0.70672 0.00713 ( 3)
 444 Y   0.27997 0.00673 0.69458 0.01872 ( 3)
 445 T   0.28171 0.00480 0.69972 0.01377 ( 3)
 446 L   0.27366 0.01363 0.67721 0.03550 ( 3)
 447 L   0.27474 0.01259 0.67988 0.03279 ( 3)
 448 D   0.28151 0.00502 0.69914 0.01433 ( 3)
 449 E   0.28072 0.00591 0.69675 0.01662 ( 3)
 450 H   0.28447 0.00143 0.70953 0.00457 ( 3)
 451 Q   0.28133 0.00523 0.69855 0.01489 ( 3)
 452 D   0.18924 0.08833 0.46999 0.25245 ( 3)
 453 L   0.27366 0.01363 0.67721 0.03550 ( 3)
 454 N   0.28380 0.00237 0.70660 0.00723 ( 3)
 455 E   0.64201 0.35422 0.00024 0.00354 ( 1)
 456 G   0.28213 0.00432 0.70103 0.01252 ( 3)
 457 L   0.27366 0.01363 0.67721 0.03550 ( 3)
 458 G   0.28239 0.00404 0.70182 0.01176 ( 3)
 459 E   0.28072 0.00591 0.69675 0.01662 ( 3)
 460 G   0.28209 0.00436 0.70092 0.01263 ( 3)
 461 V   0.27859 0.00824 0.69068 0.02249 ( 3)
 462 S   0.28305 0.00331 0.70386 0.00978 ( 3)
 463 F   0.27981 0.00691 0.69411 0.01917 ( 3)
 464 R   0.28247 0.00393 0.70212 0.01148 ( 3)
 465 A   0.28193 0.00454 0.70042 0.01310 ( 3)
 466 R   0.28247 0.00393 0.70212 0.01148 ( 3)
 467 L   0.28207 0.00438 0.70086 0.01269 ( 3)
 468 M   0.28329 0.00297 0.70484 0.00890 ( 3)
 469 L   0.27362 0.01367 0.67711 0.03560 ( 3)
 470 G   0.28209 0.00436 0.70092 0.01263 ( 3)
 471 L   0.27362 0.01367 0.67711 0.03560 ( 3)
 472 -   0.28409 0.00163 0.70899 0.00529 ( 3)
 473 -   0.15203 0.12629 0.37690 0.34478 ( 3)
 474 -   0.28010 0.00647 0.69522 0.01820 ( 3)
 475 -   0.27992 0.00668 0.69468 0.01873 ( 3)
 476 -   0.27309 0.01430 0.67562 0.03699 ( 3)
 477 -   0.28099 0.00569 0.69735 0.01596 ( 3)
 478 -   0.28270 0.00379 0.70252 0.01100 ( 3)
 479 -   0.28113 0.00555 0.69773 0.01560 ( 3)
 480 -   0.28350 0.00285 0.70517 0.00849 ( 3)
 481 -   0.27728 0.00975 0.68688 0.02609 ( 3)
 482 -   0.28010 0.00667 0.69477 0.01845 ( 3)
 483 -   0.28157 0.00506 0.69904 0.01433 ( 3)
 484 -   0.28339 0.00298 0.70481 0.00883 ( 3)
 485 -   0.28365 0.00265 0.70574 0.00795 ( 3)
 486 -   0.28110 0.00557 0.69767 0.01566 ( 3)
 487 -   0.28073 0.00590 0.69677 0.01659 ( 3)
 488 -   0.17082 0.10770 0.42372 0.29776 ( 3)
 489 -   0.27796 0.00901 0.68875 0.02428 ( 3)
 490 -   0.28073 0.00599 0.69656 0.01673 ( 3)
 491 -   0.27796 0.00901 0.68875 0.02428 ( 3)
 492 -   0.28038 0.00636 0.69559 0.01767 ( 3)
 493 -   0.01932 0.23501 0.04804 0.69764 ( 4)
 494 -   0.28141 0.00523 0.69859 0.01477 ( 3)
 495 -   0.16270 0.11601 0.40343 0.31786 ( 3)
