Supplemental results for CODEML (seqf: /home/leticiamagpali/phd/evol_models/codeml/small_dataset/cml_align/CALML6_codon_aligned.phy  treef: /home/leticiamagpali/phd/evol_models/codeml/small_dataset/cml_trees/gene_trees/H3_gene_trees/CALML6_codon_H3.tre)

I	J	ij	2Ns_IJ	pMut_IJ	pSub_IJ	2Ns_JI	pMut_JI	pSub_JI

TTC	TTT	CT	-0.02082	0.09848	0.09746	0.02082	0.09645	0.09746
TTA	TTT	AT	10.39094	0.00000	0.00000	-10.39094	0.02285	0.00001
TTA	TTC	AC	10.41176	0.00000	0.00000	-10.41176	0.08529	0.00003
TTG	TTT	GT	2.36928	0.00080	0.00208	-2.36928	0.00850	0.00208
TTG	TTC	GC	2.39010	0.00291	0.00765	-2.39010	0.03173	0.00765
TTG	TTA	GA	-8.02166	0.01348	0.00004	8.02166	0.00000	0.00000
TCT	TTT	CT	1.08676	0.03253	0.05335	-1.08676	0.09645	0.05335
TCC	TTC	CT	1.38025	0.09057	0.16701	-1.38025	0.36008	0.16701
TCC	TCT	CT	0.27267	0.09057	0.10347	-0.27267	0.11896	0.10347
TCA	TTA	CT	-4.34997	0.00088	0.00005	4.34997	0.00000	0.00000
TCA	TCT	AT	4.95421	0.00020	0.00099	-4.95421	0.02818	0.00099
TCA	TCC	AC	4.68153	0.00073	0.00343	-4.68153	0.07844	0.00343
TCG	TTG	CT	2.68278	0.00088	0.00253	-2.68278	0.01286	0.00253
TCG	TCT	GT	3.96530	0.00020	0.00080	-3.96530	0.01048	0.00080
TCG	TCC	GC	3.69263	0.00073	0.00275	-3.69263	0.02918	0.00275
TCG	TCA	GA	-0.98891	0.00337	0.00197	0.98891	0.00125	0.00197
TAT	TTT	AT	10.39094	0.00000	0.00000	-10.39094	0.02285	0.00001
TAT	TCT	AC	9.30418	0.00000	0.00000	-9.30418	0.02818	0.00002
TAC	TTC	AT	1.66734	0.01610	0.03309	-1.66734	0.08529	0.03309
TAC	TCC	AC	0.28708	0.05887	0.06772	-0.28708	0.07844	0.06772
TAC	TAT	CT	-8.74442	0.07122	0.00010	8.74442	0.00000	0.00000
TGT	TTT	GT	1.19063	0.00258	0.00442	-1.19063	0.00850	0.00442
TGT	TCT	GC	0.10387	0.00945	0.00995	-0.10387	0.01048	0.00995
TGT	TAT	GA	-9.20031	0.04380	0.00004	9.20031	0.00000	0.00000
TGC	TTC	GT	1.43529	0.00755	0.01423	-1.43529	0.03173	0.01423
TGC	TCC	GC	0.05504	0.02762	0.02838	-0.05504	0.02918	0.02838
TGC	TAC	GA	-0.23204	0.12803	0.11375	0.23204	0.10151	0.11375
TGC	TGT	CT	0.22385	0.03341	0.03729	-0.22385	0.04180	0.03729
TGG	TTG	GT	-2.54978	0.01451	0.00313	2.54978	0.00113	0.00313
TGG	TCG	GC	-5.23256	0.05305	0.00149	5.23256	0.00028	0.00149
TGG	TGT	GT	-1.37113	0.01451	0.00677	1.37113	0.00368	0.00677
TGG	TGC	GC	-1.59498	0.05305	0.02154	1.59498	0.01076	0.02154
CTT	TTT	CT	10.34414	0.00000	0.00000	-10.34414	0.09645	0.00003
CTC	TTC	CT	1.24430	0.10376	0.18136	-1.24430	0.36008	0.18136
CTC	CTT	CT	-9.12066	0.10376	0.00010	9.12066	0.00000	0.00000
CTA	TTA	CT	-5.04312	0.00176	0.00006	5.04312	0.00000	0.00000
CTA	CTT	AT	-4.99632	0.00040	0.00001	4.99632	0.00000	0.00000
CTA	CTC	AC	4.12434	0.00145	0.00609	-4.12434	0.08986	0.00609
CTG	TTG	CT	-2.67381	0.18641	0.03693	2.67381	0.01286	0.03693
CTG	CTT	GT	-10.64866	0.04214	0.00001	10.64866	0.00000	0.00000
CTG	CTC	GC	-1.52800	0.15407	0.06523	1.52800	0.03343	0.06523
CTG	CTA	GA	-5.65235	0.71425	0.01422	5.65235	0.00251	0.01422
CCT	TCT	CT	0.28243	0.08969	0.10295	-0.28243	0.11896	0.10295
CCT	CTT	CT	-8.97495	0.08969	0.00010	8.97495	0.00000	0.00000
CCC	TCC	CT	1.16053	0.10376	0.17535	-1.16053	0.33115	0.17535
CCC	CTC	CT	1.29648	0.10376	0.18516	-1.29648	0.37937	0.18516
CCC	CCT	CT	1.15077	0.10376	0.17466	-1.15077	0.32793	0.17466
CCA	TCA	CT	-2.22988	0.02990	0.00803	2.22988	0.00322	0.00803
CCA	CTA	CT	-1.53673	0.02990	0.01259	1.53673	0.00643	0.01259
CCA	CCT	AT	2.44190	0.00676	0.01807	-2.44190	0.07768	0.01807
CCA	CCC	AC	1.29113	0.02471	0.04400	-1.29113	0.08986	0.04400
CCG	TCG	CT	-1.41157	0.01319	0.00600	1.41157	0.00322	0.00600
CCG	CTG	CT	3.94502	0.01319	0.05306	-3.94502	0.68159	0.05306
CCG	CCT	GT	2.27130	0.00298	0.00755	-2.27130	0.02890	0.00755
CCG	CCC	GC	1.12053	0.01090	0.01813	-1.12053	0.03343	0.01813
CCG	CCA	GA	-0.17060	0.05054	0.04635	0.17060	0.04261	0.04635
CAT	TAT	CT	-6.65256	0.00879	0.00008	6.65256	0.00000	0.00000
CAT	CTT	AT	-6.60575	0.00199	0.00002	6.60575	0.00000	0.00000
CAT	CCT	AC	2.36919	0.00727	0.01899	-2.36919	0.07768	0.01899
CAC	TAC	CT	1.95326	0.03693	0.08405	-1.95326	0.26042	0.08405
CAC	CTC	AT	2.37630	0.00835	0.02187	-2.37630	0.08986	0.02187
CAC	CCC	AC	1.07982	0.03052	0.04991	-1.07982	0.08986	0.04991
CAC	CAT	CT	-0.13860	0.03693	0.03443	0.13860	0.03215	0.03443
CAA	CTA	AT	-0.16079	0.00179	0.00165	0.16079	0.00152	0.00165
CAA	CCA	AC	1.37594	0.00654	0.01204	-1.37594	0.02589	0.01204
CAA	CAT	AT	1.44865	0.00179	0.00339	-1.44865	0.00762	0.00339
CAA	CAC	AC	1.58725	0.00654	0.01305	-1.58725	0.03199	0.01305
CAG	CTG	AT	2.17809	0.01829	0.04491	-2.17809	0.16145	0.04491
CAG	CCG	AC	-1.76693	0.06686	0.02434	1.76693	0.01142	0.02434
CAG	CAT	GT	-1.86482	0.01829	0.00625	1.86482	0.00283	0.00625
CAG	CAC	GC	-1.72622	0.06686	0.02498	1.72622	0.01190	0.02498
CAG	CAA	GA	-3.31347	0.30996	0.03878	3.31347	0.01128	0.03878
CGT	TGT	CT	2.47514	0.00352	0.00951	-2.47514	0.04180	0.00951
CGT	CTT	GT	-6.67837	0.00080	0.00001	6.67837	0.00000	0.00000
CGT	CCT	GC	2.29658	0.00291	0.00742	-2.29658	0.02890	0.00742
CGT	CAT	GA	-0.07262	0.01348	0.01299	0.07262	0.01253	0.01299
CGC	TGC	CT	1.50008	0.02726	0.05263	-1.50008	0.12217	0.05263
CGC	CTC	GT	1.69108	0.00616	0.01277	-1.69108	0.03343	0.01277
CGC	CCC	GC	0.39459	0.02253	0.02727	-0.39459	0.03343	0.02727
CGC	CAC	GA	-0.68523	0.10444	0.07271	0.68523	0.05264	0.07271
CGC	CGT	CT	-0.75121	0.02726	0.01829	0.75121	0.01286	0.01829
CGA	CTA	GT	-1.59153	0.00278	0.00113	1.59153	0.00057	0.00113
CGA	CCA	GC	-0.05480	0.01017	0.00990	0.05480	0.00963	0.00990
CGA	CAA	GA	-1.43074	0.04717	0.02121	1.43074	0.01128	0.02121
CGA	CGT	AT	0.09052	0.00278	0.00291	-0.09052	0.00305	0.00291
CGA	CGC	AC	0.84173	0.01017	0.01505	-0.84173	0.02361	0.01505
CGG	TGG	CT	2.45145	0.02022	0.05425	-2.45145	0.23470	0.05425
CGG	CTG	GT	2.57547	0.00457	0.01274	-2.57547	0.06006	0.01274
CGG	CCG	GC	-1.36955	0.01671	0.00780	1.36955	0.00425	0.00780
CGG	CAG	GA	0.39739	0.07749	0.09390	-0.39739	0.11530	0.09390
CGG	CGT	GT	-1.39482	0.00457	0.00210	1.39482	0.00113	0.00210
CGG	CGC	GC	-0.64361	0.01671	0.01191	0.64361	0.00878	0.01191
CGG	CGA	GA	-1.48534	0.07749	0.03369	1.48534	0.01755	0.03369
ATT	TTT	AT	2.79858	0.00139	0.00415	-2.79858	0.02285	0.00415
ATT	CTT	AC	-7.54556	0.00509	0.00002	7.54556	0.00000	0.00000
ATC	TTC	AT	1.84228	0.01352	0.02959	-1.84228	0.08529	0.02959
ATC	CTC	AC	0.59798	0.04942	0.06566	-0.59798	0.08986	0.06566
ATC	ATT	CT	-0.97711	0.05979	0.03526	0.97711	0.02251	0.03526
ATA	TTA	AT	-5.68946	0.00080	0.00002	5.68946	0.00000	0.00000
ATA	CTA	AC	-0.64634	0.00291	0.00207	0.64634	0.00152	0.00207
ATA	ATT	AT	1.90290	0.00080	0.00178	-1.90290	0.00533	0.00178
ATA	ATC	AC	2.88002	0.00291	0.00887	-2.88002	0.05179	0.00887
ATG	TTG	AT	-2.38241	0.03299	0.00800	2.38241	0.00305	0.00800
ATG	CTG	AC	0.29140	0.12064	0.13907	-0.29140	0.16145	0.13907
ATG	ATT	GT	-2.81170	0.03299	0.00593	2.81170	0.00198	0.00593
ATG	ATC	GC	-1.83458	0.12064	0.04206	1.83458	0.01926	0.04206
ATG	ATA	GA	-4.71460	0.55927	0.02385	4.71460	0.00501	0.02385
ACT	TCT	AT	2.24616	0.00298	0.00749	-2.24616	0.02818	0.00749
ACT	CCT	AC	1.96373	0.01090	0.02490	-1.96373	0.07768	0.02490
ACT	ATT	CT	0.53434	0.01319	0.01703	-0.53434	0.02251	0.01703
ACC	TCC	AT	2.08620	0.00974	0.02320	-2.08620	0.07844	0.02320
ACC	CCC	AC	0.92567	0.03561	0.05460	-0.92567	0.08986	0.05460
ACC	ATC	CT	1.62417	0.04308	0.08715	-1.62417	0.21862	0.08715
ACC	ACT	CT	0.11271	0.04308	0.04556	-0.11271	0.04823	0.04556
ACA	TCA	AT	0.65014	0.00040	0.00054	-0.65014	0.00076	0.00054
ACA	CCA	AC	2.88002	0.00145	0.00443	-2.88002	0.02589	0.00443
ACA	ATA	CT	1.98963	0.00176	0.00405	-1.98963	0.01286	0.00405
ACA	ACT	AT	3.35819	0.00040	0.00138	-3.35819	0.01142	0.00138
ACA	ACC	AC	3.24548	0.00145	0.00491	-3.24548	0.03732	0.00491
ACG	TCG	AT	-2.90521	0.01391	0.00234	2.90521	0.00076	0.00234
ACG	CCG	AC	-1.49364	0.05087	0.02200	1.49364	0.01142	0.02200
ACG	ATG	CT	2.15998	0.06155	0.15028	-2.15998	0.53370	0.15028
ACG	ACT	GT	-1.18606	0.01391	0.00726	1.18606	0.00425	0.00726
ACG	ACC	GC	-1.29878	0.05087	0.02479	1.29878	0.01388	0.02479
ACG	ACA	GA	-4.54426	0.23584	0.01151	4.54426	0.00251	0.01151
AAT	TAT	AT	-6.78808	0.00239	0.00002	6.78808	0.00000	0.00000
AAT	CAT	AC	-0.13552	0.00872	0.00814	0.13552	0.00762	0.00814
AAT	ATT	AT	0.80429	0.00239	0.00347	-0.80429	0.00533	0.00347
AAT	ACT	AC	0.26995	0.00872	0.00995	-0.26995	0.01142	0.00995
AAC	TAC	AT	1.54808	0.01312	0.02579	-1.54808	0.06169	0.02579
AAC	CAC	AC	-0.40518	0.04796	0.03890	0.40518	0.03199	0.03890
AAC	ATC	AT	1.37314	0.01312	0.02412	-1.37314	0.05179	0.02412
AAC	ACC	AC	-0.25103	0.04796	0.04220	0.25103	0.03732	0.04220
AAC	AAT	CT	-0.40826	0.05803	0.04699	0.40826	0.03858	0.04699
AAA	CAA	AC	-0.52856	0.01163	0.00882	0.52856	0.00685	0.00882
AAA	ATA	AT	-0.04301	0.00318	0.00311	0.04301	0.00305	0.00311
AAA	ACA	AC	-2.03264	0.01163	0.00356	2.03264	0.00152	0.00356
AAA	AAT	AT	1.05561	0.00318	0.00515	-1.05561	0.00914	0.00515
AAA	AAC	AC	1.46387	0.01163	0.02214	-1.46387	0.05026	0.02214
AAG	CAG	AC	-0.72471	0.14462	0.09849	0.72471	0.07006	0.09849
AAG	ATG	AT	1.16197	0.03955	0.06688	-1.16197	0.12642	0.06688
AAG	ACG	AC	-0.99801	0.14462	0.08426	0.99801	0.05331	0.08426
AAG	AAT	GT	-2.45402	0.03955	0.00913	2.45402	0.00340	0.00913
AAG	AAC	GC	-2.04575	0.14462	0.04393	2.04575	0.01870	0.04393
AAG	AAA	GA	-3.50962	0.67045	0.07254	3.50962	0.02005	0.07254
AGT	TGT	AT	0.05809	0.00934	0.00962	-0.05809	0.00990	0.00962
AGT	CGT	AC	-2.41705	0.03416	0.00808	2.41705	0.00305	0.00808
AGT	ATT	GT	-1.54986	0.00934	0.00390	1.54986	0.00198	0.00390
AGT	ACT	GC	-2.08420	0.03416	0.01011	2.08420	0.00425	0.01011
AGT	AAT	GA	-2.35415	0.15835	0.03912	2.35415	0.01504	0.03912
AGC	TGC	AT	1.01058	0.01053	0.01674	-1.01058	0.02894	0.01674
AGC	CGC	AC	-0.48950	0.03852	0.02986	0.48950	0.02361	0.02986
AGC	ATC	GT	0.60360	0.01053	0.01403	-0.60360	0.01926	0.01403
AGC	ACC	GC	-1.02057	0.03852	0.02215	1.02057	0.01388	0.02215
AGC	AAC	GA	-0.76954	0.17856	0.11858	0.76954	0.08271	0.11858
AGC	AGT	CT	1.17634	0.04660	0.07927	-1.17634	0.15111	0.07927
AGA	CGA	AC	-0.14735	0.01235	0.01147	0.14735	0.01066	0.01147
AGA	ATA	GT	-1.09254	0.00338	0.00186	1.09254	0.00113	0.00186
AGA	ACA	GC	-3.08217	0.01235	0.00183	3.08217	0.00057	0.00183
AGA	AAA	GA	-1.04953	0.05727	0.03238	1.04953	0.02005	0.03238
AGA	AGT	AT	2.36022	0.00338	0.00881	-2.36022	0.03579	0.00881
AGA	AGC	AC	1.18388	0.01235	0.02108	-1.18388	0.04036	0.02108
AGG	TGG	AT	2.07840	0.00696	0.01653	-2.07840	0.05559	0.01653
AGG	CGG	AC	-0.37305	0.02544	0.02099	0.37305	0.01752	0.02099
AGG	ATG	GT	1.91102	0.00696	0.01560	-1.91102	0.04703	0.01560
AGG	ACG	GC	-0.24896	0.02544	0.02240	0.24896	0.01983	0.02240
AGG	AAG	GA	0.74905	0.11792	0.16754	-0.74905	0.24940	0.16754
AGG	AGT	GT	0.64918	0.00696	0.00946	-0.64918	0.01331	0.00946
AGG	AGC	GC	-0.52716	0.02544	0.01932	0.52716	0.01501	0.01932
AGG	AGA	GA	-1.71104	0.11792	0.04449	1.71104	0.02131	0.04449
GTT	TTT	GT	9.40204	0.00000	0.00000	-9.40204	0.00850	0.00001
GTT	CTT	GC	-0.94210	0.00000	0.00000	0.94210	0.00000	0.00000
GTT	ATT	GA	6.60346	0.00000	0.00000	-6.60346	0.00877	0.00008
GTC	TTC	GT	1.54652	0.00676	0.01328	-1.54652	0.03173	0.01328
GTC	CTC	GC	0.30222	0.02471	0.02863	-0.30222	0.03343	0.02863
GTC	ATC	GA	-0.29576	0.11455	0.09844	0.29576	0.08522	0.09844
GTC	GTT	CT	-7.87633	0.02990	0.00009	7.87633	0.00000	0.00000
GTA	TTA	GT	0.35438	0.00000	0.00000	-0.35438	0.00000	0.00000
GTA	CTA	GC	5.39750	0.00000	0.00000	-5.39750	0.00057	0.00001
GTA	ATA	GA	6.04384	0.00000	0.00000	-6.04384	0.00501	0.00007
GTA	GTT	AT	1.34329	0.00000	0.00000	-1.34329	0.00000	0.00000
GTA	GTC	AC	9.21962	0.00000	0.00000	-9.21962	0.02589	0.00002
GTG	TTG	GT	-3.03001	0.02345	0.00361	3.03001	0.00113	0.00361
GTG	CTG	GC	-0.35620	0.08575	0.07139	0.35620	0.06006	0.07139
GTG	ATG	GA	-0.64760	0.39755	0.28262	0.64760	0.20804	0.28262
GTG	GTT	GT	-10.06276	0.02345	0.00001	10.06276	0.00000	0.00000
GTG	GTC	GC	-2.18643	0.08575	0.02372	2.18643	0.00963	0.02372
GTG	GTA	GA	-11.40605	0.39755	0.00005	11.40605	0.00000	0.00000
GCT	TCT	GT	0.53131	0.00616	0.00794	-0.53131	0.01048	0.00794
GCT	CCT	GC	0.24888	0.02253	0.02545	-0.24888	0.02890	0.02545
GCT	ACT	GA	-1.71484	0.10444	0.03931	1.71484	0.01880	0.03931
GCT	GTT	CT	-7.78396	0.02726	0.00009	7.78396	0.00000	0.00000
GCC	TCC	GT	-0.19828	0.03558	0.03217	0.19828	0.02918	0.03217
GCC	CCC	GC	-1.35880	0.13009	0.06113	1.35880	0.03343	0.06113
GCC	ACC	GA	-2.28447	0.60307	0.15619	2.28447	0.06141	0.15619
GCC	GTC	CT	-0.36454	0.15739	0.13044	0.36454	0.10931	0.13044
GCC	GCT	CT	-0.45692	0.15739	0.12416	0.45692	0.09967	0.12416
GCA	TCA	GT	-0.33877	0.00040	0.00033	0.33877	0.00028	0.00033
GCA	CCA	GC	1.89111	0.00145	0.00324	-1.89111	0.00963	0.00324
GCA	ACA	GA	-0.98891	0.00674	0.00395	0.98891	0.00251	0.00395
GCA	GTA	CT	-5.04312	0.00176	0.00006	5.04312	0.00000	0.00000
GCA	GCT	AT	4.08413	0.00040	0.00165	-4.08413	0.02361	0.00165
GCA	GCC	AC	4.54104	0.00145	0.00667	-4.54104	0.13632	0.00667
GCG	TCG	GT	-4.33697	0.02166	0.00124	4.33697	0.00028	0.00124
GCG	CCG	GC	-2.92540	0.07921	0.01314	2.92540	0.00425	0.01314
GCG	ACG	GA	-1.43176	0.36723	0.16503	1.43176	0.08773	0.16503
GCG	GTG	CT	1.37582	0.09584	0.17643	-1.37582	0.37937	0.17643
GCG	GCT	GT	-0.90298	0.02166	0.01334	0.90298	0.00878	0.01334
GCG	GCC	GC	-0.44606	0.07921	0.06286	0.44606	0.05071	0.06286
GCG	GCA	GA	-4.98711	0.36723	0.01259	4.98711	0.00251	0.01259
GAT	TAT	GT	-8.18245	0.00358	0.00001	8.18245	0.00000	0.00000
GAT	CAT	GC	-1.52989	0.01308	0.00553	1.52989	0.00283	0.00553
GAT	AAT	GA	-1.39437	0.06064	0.02789	1.39437	0.01504	0.02789
GAT	GTT	AT	-7.19354	0.00358	0.00002	7.19354	0.00000	0.00000
GAT	GCT	AC	0.59042	0.01308	0.01732	-0.59042	0.02361	0.01732
GAC	TAC	GT	-0.45518	0.03617	0.02856	0.45518	0.02295	0.02856
GAC	CAC	GC	-2.40844	0.13227	0.03149	2.40844	0.01190	0.03149
GAC	AAC	GA	-2.00326	0.61317	0.19153	2.00326	0.08271	0.19153
GAC	GTC	AT	-0.33436	0.03617	0.03046	0.33436	0.02589	0.03046
GAC	GCC	AC	0.03018	0.13227	0.13427	-0.03018	0.13632	0.13427
GAC	GAT	CT	-1.01715	0.16003	0.09221	1.01715	0.05787	0.09221
GAA	CAA	GC	-1.74061	0.01453	0.00538	1.74061	0.00255	0.00538
GAA	AAA	GA	-1.21205	0.06738	0.03460	1.21205	0.02005	0.03460
GAA	GTA	AT	-7.29890	0.00398	0.00002	7.29890	0.00000	0.00000
GAA	GCA	AC	-2.25578	0.01453	0.00384	2.25578	0.00152	0.00384
GAA	GAT	AT	1.23793	0.00398	0.00693	-1.23793	0.01371	0.00693
GAA	GAC	AC	2.25508	0.01453	0.03662	-2.25508	0.13860	0.03662
GAG	CAG	GC	-2.30085	0.26017	0.06664	2.30085	0.02606	0.06664
GAG	AAG	GA	-1.57614	1.20613	0.49555	1.57614	0.24940	0.49555
GAG	GTG	AT	0.23344	0.07115	0.07978	-0.23344	0.08986	0.07978
GAG	GCG	AC	-1.14238	0.26017	0.13926	1.14238	0.08301	0.13926
GAG	GAT	GT	-2.63578	0.07115	0.01448	2.63578	0.00510	0.01448
GAG	GAC	GC	-1.61863	0.26017	0.10408	1.61863	0.05156	0.10408
GAG	GAA	GA	-3.87371	1.20613	0.09915	3.87371	0.02506	0.09915
GGT	TGT	GT	0.08612	0.00338	0.00353	-0.08612	0.00368	0.00353
GGT	CGT	GC	-2.38902	0.01235	0.00298	2.38902	0.00113	0.00298
GGT	AGT	GA	0.02803	0.05727	0.05808	-0.02803	0.05890	0.05808
GGT	GTT	GT	-8.12529	0.00338	0.00001	8.12529	0.00000	0.00000
GGT	GCT	GC	-0.34133	0.01235	0.01037	0.34133	0.00878	0.01037
GGT	GAT	GA	-0.93175	0.05727	0.03468	0.93175	0.02256	0.03468
GGC	TGC	GT	-0.92069	0.02703	0.01647	0.92069	0.01076	0.01647
GGC	CGC	GC	-2.42077	0.09884	0.02333	2.42077	0.00878	0.02333
GGC	AGC	GA	-1.93127	0.45820	0.15003	1.93127	0.06642	0.15003
GGC	GTC	GT	-1.03191	0.02703	0.01544	1.03191	0.00963	0.01544
GGC	GCC	GC	-0.66737	0.09884	0.06950	0.66737	0.05071	0.06950
GGC	GAC	GA	-0.69756	0.45820	0.31682	0.69756	0.22809	0.31682
GGC	GGT	CT	-0.78296	0.11958	0.07882	0.78296	0.05466	0.07882
GGA	CGA	GC	-1.67034	0.02108	0.00816	1.67034	0.00397	0.00816
GGA	AGA	GA	-1.52299	0.09770	0.04150	1.52299	0.02131	0.04150
GGA	GTA	GT	-8.65937	0.00576	0.00001	8.65937	0.00000	0.00000
GGA	GCA	GC	-3.61625	0.02108	0.00211	3.61625	0.00057	0.00211
GGA	GAA	GA	-1.36047	0.09770	0.04587	1.36047	0.02506	0.04587
GGA	GGT	AT	0.80921	0.00576	0.00841	-0.80921	0.01295	0.00841
GGA	GGC	AC	1.59216	0.02108	0.04213	-1.59216	0.10357	0.04213
GGG	TGG	GT	-0.37904	0.03021	0.02485	0.37904	0.02068	0.02485
GGG	CGG	GC	-2.83049	0.11046	0.01960	2.83049	0.00652	0.01960
GGG	AGG	GA	-2.45744	0.51210	0.11789	2.45744	0.04386	0.11789
GGG	GTG	GT	0.10118	0.03021	0.03177	-0.10118	0.03343	0.03177
GGG	GCG	GC	-1.27464	0.11046	0.05463	1.27464	0.03088	0.05463
GGG	GAG	GA	-0.13225	0.51210	0.47898	0.13225	0.44866	0.47898
GGG	GGT	GT	-1.83629	0.03021	0.01052	1.83629	0.00482	0.01052
GGG	GGC	GC	-1.05333	0.11046	0.06232	1.05333	0.03853	0.06232
GGG	GGA	GA	-2.64549	0.51210	0.10349	2.64549	0.03634	0.10349


Histograms
2Ns	FMut	FSub(CodonUsage)	FSubw(after w)

-10.86290	0.02033	0.00001
-9.77661	0.00183	0.00000
-8.69032	0.01048	0.00002
-7.60403	0.00264	0.00001
-6.51774	0.00085	0.00001
-5.43145	0.03560	0.00146
-4.34516	0.09278	0.01031
-3.25887	0.04426	0.00926
-2.17258	0.21219	0.09547
-1.08629	0.29154	0.24797
0.00000	0.16837	0.27100
1.08629	0.09163	0.24797
2.17258	0.02411	0.09547
3.25887	0.00169	0.00926
4.34516	0.00153	0.01031
5.43145	0.00017	0.00146
6.51774	0.00000	0.00000
7.60403	0.00000	0.00000
8.69032	0.00000	0.00000
9.77661	0.00000	0.00000
10.86290	0.00000	0.00000

Proportion of advantageous (S > 0) mutations:
 0.19304

Proportions of good & bad mutations (|S| > 2.0000) among mutations:
0.01964  0.37109

mean |Ns| = 2.11510	mean Ns+ = 0.94643	mean Ns- = -2.39467


MLEs of dN/dS (w) for site classes (K=4)

site class             0        1       2a       2b
proportion       0.74286  0.25487  0.00170  0.00058
background w     0.13550  1.00000  0.13550  1.00000
foreground w     0.13550  1.00000  1.00000  1.00000

Naive Empirical Bayes (NEB) probabilities for 4 classes
(amino acids refer to 1st sequence: Egla)

   1 M   0.13064 0.86574 0.00165 0.00198 ( 2)
   2 V   0.14585 0.85036 0.00184 0.00194 ( 2)
   3 S   0.89208 0.10613 0.00155 0.00024 ( 1)
   4 L   0.49123 0.50100 0.00662 0.00114 ( 2)
   5 P   0.51872 0.47342 0.00678 0.00108 ( 1)
   6 W   0.38729 0.61052 0.00080 0.00139 ( 2)
   7 P   0.79681 0.20096 0.00178 0.00046 ( 1)
   8 H   0.92149 0.07644 0.00190 0.00017 ( 1)
   9 W   0.79735 0.20041 0.00178 0.00046 ( 1)
  10 L   0.79035 0.20741 0.00177 0.00047 ( 1)
  11 S   0.86983 0.12801 0.00187 0.00029 ( 1)
  12 S   0.88501 0.11290 0.00184 0.00026 ( 1)
  13 A   0.83582 0.16198 0.00183 0.00037 ( 1)
  14 A   0.83576 0.16204 0.00183 0.00037 ( 1)
  15 P   0.36300 0.63473 0.00081 0.00145 ( 2)
  16 L   0.79035 0.20741 0.00177 0.00047 ( 1)
  17 H   0.59184 0.40602 0.00122 0.00093 ( 1)
  18 S   0.87212 0.12572 0.00187 0.00029 ( 1)
  19 H   0.92149 0.07644 0.00190 0.00017 ( 1)
  20 M   0.45818 0.53961 0.00098 0.00123 ( 2)
  21 A   0.83581 0.16199 0.00183 0.00037 ( 1)
  22 G   0.45735 0.54043 0.00099 0.00123 ( 2)
  23 L   0.79035 0.20741 0.00177 0.00047 ( 1)
  24 P   0.86756 0.13027 0.00186 0.00030 ( 1)
  25 L   0.79035 0.20741 0.00177 0.00047 ( 1)
  26 P   0.79681 0.20096 0.00178 0.00046 ( 1)
  27 R   0.82722 0.17057 0.00182 0.00039 ( 1)
  28 A   0.48373 0.51405 0.00104 0.00117 ( 2)
  29 P   0.92689 0.07105 0.00190 0.00016 ( 1)
  30 S   0.86983 0.12801 0.00187 0.00029 ( 1)
  31 P   0.79970 0.19806 0.00178 0.00045 ( 1)
  32 L   0.82969 0.16807 0.00186 0.00038 ( 1)
  33 S   0.83232 0.16548 0.00183 0.00038 ( 1)
  34 G   0.45765 0.54012 0.00099 0.00123 ( 2)
  35 L   0.85745 0.14038 0.00185 0.00032 ( 1)
  36 A   0.87452 0.12332 0.00187 0.00028 ( 1)
  37 E   0.43789 0.55988 0.00095 0.00128 ( 2)
  38 P   0.84911 0.14866 0.00189 0.00034 ( 1)
  39 C   0.90675 0.09115 0.00189 0.00021 ( 1)
  40 S   0.87186 0.12599 0.00187 0.00029 ( 1)
  41 P   0.86756 0.13027 0.00186 0.00030 ( 1)
  42 L   0.45141 0.54636 0.00098 0.00125 ( 2)
  43 T   0.11508 0.88266 0.00025 0.00201 ( 2)
  44 T   0.91973 0.07820 0.00190 0.00018 ( 1)
  45 H   0.52103 0.47678 0.00111 0.00109 ( 1)
  46 P   0.47171 0.52608 0.00101 0.00120 ( 2)
  47 C   0.44225 0.55552 0.00097 0.00127 ( 2)
  48 A   0.83925 0.15855 0.00184 0.00036 ( 1)
  49 A   0.83576 0.16204 0.00183 0.00037 ( 1)
  50 W   0.79735 0.20041 0.00178 0.00046 ( 1)
  51 P   0.78760 0.21012 0.00180 0.00048 ( 1)
  52 Q   0.88625 0.11148 0.00202 0.00025 ( 1)
  53 A   0.82175 0.17598 0.00188 0.00040 ( 1)
  54 C   0.88639 0.11133 0.00202 0.00025 ( 1)
  55 S   0.85367 0.14405 0.00195 0.00033 ( 1)
  56 G   0.85113 0.14660 0.00194 0.00033 ( 1)
  57 L   0.78222 0.21550 0.00178 0.00049 ( 1)
  58 G   0.85113 0.14660 0.00194 0.00033 ( 1)
  59 P   0.81276 0.18500 0.00181 0.00042 ( 1)
  60 P   0.78816 0.20960 0.00177 0.00048 ( 1)
  61 A   0.83576 0.16204 0.00183 0.00037 ( 1)
  62 S   0.86983 0.12801 0.00187 0.00029 ( 1)
  63 P   0.86276 0.13508 0.00185 0.00031 ( 1)
  64 G   0.42415 0.57360 0.00094 0.00131 ( 2)
  65 L   0.79035 0.20741 0.00177 0.00047 ( 1)
  66 R   0.94790 0.05010 0.00189 0.00011 ( 1)
  67 G   0.89888 0.09901 0.00189 0.00023 ( 1)
  68 G   0.86496 0.13320 0.00153 0.00030 ( 1)
  69 G   0.88843 0.10972 0.00159 0.00025 ( 1)
  70 A   0.39918 0.59343 0.00604 0.00135 ( 2)
  71 P   0.81597 0.18193 0.00169 0.00042 ( 1)
  72 G   0.90117 0.09700 0.00161 0.00022 ( 1)
  73 E   0.13518 0.86261 0.00024 0.00197 ( 2)
  74 P   0.08824 0.90843 0.00126 0.00207 ( 2)
  75 G   0.90495 0.09321 0.00162 0.00021 ( 1)
  76 P   0.90914 0.08907 0.00159 0.00020 ( 1)
  77 V   0.00005 0.99767 0.00001 0.00228 ( 2)
  78 S   0.14378 0.83667 0.01764 0.00191 ( 2)
  79 P   0.82876 0.16924 0.00162 0.00039 ( 1)
  80 Q   0.02341 0.97408 0.00029 0.00222 ( 2)
  81 T   0.93808 0.06029 0.00148 0.00014 ( 1)
  82 E   0.88538 0.11273 0.00163 0.00026 ( 1)
  83 R   0.71851 0.27976 0.00109 0.00064 ( 1)
  84 L   0.81105 0.18683 0.00170 0.00043 ( 1)
  85 T   0.94592 0.05246 0.00150 0.00012 ( 1)
  86 A   0.91432 0.08393 0.00157 0.00019 ( 1)
  87 E   0.88923 0.10888 0.00164 0.00025 ( 1)
  88 Q   0.88845 0.10968 0.00162 0.00025 ( 1)
  89 I   0.62636 0.37173 0.00106 0.00085 ( 1)
  90 K   0.12767 0.87011 0.00024 0.00199 ( 2)
  91 E   0.51478 0.48317 0.00095 0.00110 ( 1)
  92 Y   0.89899 0.09919 0.00160 0.00023 ( 1)
  93 K   0.13961 0.85819 0.00024 0.00196 ( 2)
  94 G   0.90680 0.09141 0.00158 0.00021 ( 1)
  95 V   0.97010 0.02854 0.00129 0.00007 ( 1)
  96 S   0.41050 0.58733 0.00083 0.00134 ( 2)
  97 E   0.88538 0.11273 0.00163 0.00026 ( 1)
  98 M   0.90142 0.09675 0.00160 0.00022 ( 1)
  99 F   0.83520 0.16274 0.00169 0.00037 ( 1)
 100 D   0.92555 0.07278 0.00151 0.00017 ( 1)
 101 E   0.88661 0.11151 0.00163 0.00025 ( 1)
 102 E   0.51601 0.47594 0.00697 0.00109 ( 1)
 103 G   0.89976 0.09841 0.00161 0.00022 ( 1)
 104 N   0.95580 0.04270 0.00141 0.00010 ( 1)
 105 G   0.90994 0.08828 0.00158 0.00020 ( 1)
 106 A   0.91553 0.08271 0.00157 0.00019 ( 1)
 107 V   0.92386 0.07443 0.00154 0.00017 ( 1)
 108 K   0.61186 0.38620 0.00106 0.00088 ( 1)
 109 T   0.93921 0.05917 0.00149 0.00014 ( 1)
 110 D   0.90979 0.08843 0.00158 0.00020 ( 1)
 111 E   0.88661 0.11151 0.00163 0.00025 ( 1)
 112 L   0.81024 0.18764 0.00169 0.00043 ( 1)
 113 E   0.88661 0.11151 0.00163 0.00025 ( 1)
 114 R   0.96073 0.03781 0.00137 0.00009 ( 1)
 115 L   0.89678 0.10138 0.00161 0.00023 ( 1)
 116 M   0.14968 0.84812 0.00027 0.00194 ( 2)
 117 S   0.87297 0.12507 0.00167 0.00029 ( 1)
 118 L   0.81177 0.18611 0.00170 0.00042 ( 1)
 119 R   0.09512 0.90265 0.00017 0.00206 ( 2)
 120 G   0.90237 0.09580 0.00161 0.00022 ( 1)
 121 T   0.61967 0.37842 0.00104 0.00086 ( 1)
 122 N   0.95580 0.04270 0.00141 0.00010 ( 1)
 123 P   0.90801 0.09020 0.00159 0.00021 ( 1)
 124 A   0.75465 0.24370 0.00109 0.00056 ( 1)
 125 K   0.91087 0.08735 0.00158 0.00020 ( 1)
 126 S   0.73201 0.26628 0.00110 0.00061 ( 1)
 127 E   0.52022 0.47179 0.00691 0.00108 ( 1)
 128 L   0.81177 0.18611 0.00170 0.00042 ( 1)
 129 A   0.87543 0.12270 0.00160 0.00028 ( 1)
 130 S   0.91058 0.08764 0.00158 0.00020 ( 1)
 131 -   0.89514 0.10303 0.00159 0.00024 ( 1)
 132 -   0.49042 0.50749 0.00093 0.00116 ( 2)
 133 -   0.90456 0.09366 0.00157 0.00021 ( 1)
 134 D   0.58387 0.41417 0.00102 0.00095 ( 1)
 135 V   0.92386 0.07443 0.00154 0.00017 ( 1)
 136 D   0.90979 0.08843 0.00158 0.00020 ( 1)
 137 R   0.66142 0.33676 0.00105 0.00077 ( 1)
 138 E   0.14866 0.84914 0.00026 0.00194 ( 2)
 139 K   0.89783 0.10039 0.00156 0.00023 ( 1)
 140 K   0.70479 0.29346 0.00109 0.00067 ( 1)
 141 G   0.57725 0.42078 0.00100 0.00096 ( 1)
 142 F   0.89151 0.10663 0.00162 0.00024 ( 1)
 143 F   0.89151 0.10663 0.00162 0.00024 ( 1)
 144 N   0.95645 0.04207 0.00138 0.00010 ( 1)
 145 C   0.69183 0.30632 0.00115 0.00070 ( 1)
 146 K   0.15247 0.84534 0.00027 0.00193 ( 2)
 147 G   0.70173 0.29654 0.00105 0.00068 ( 1)
 148 F   0.89151 0.10663 0.00162 0.00024 ( 1)
 149 L   0.81177 0.18611 0.00170 0.00042 ( 1)
 150 A   0.91603 0.08221 0.00157 0.00019 ( 1)
 151 R   0.37226 0.62553 0.00078 0.00143 ( 2)
 152 M   0.56659 0.43141 0.00101 0.00098 ( 1)
 153 G   0.91190 0.08632 0.00159 0.00020 ( 1)
 154 V   0.92757 0.07072 0.00155 0.00016 ( 1)
 155 Y   0.55865 0.43935 0.00100 0.00100 ( 1)
 156 W   0.82395 0.17396 0.00170 0.00040 ( 1)
 157 E   0.89037 0.10775 0.00164 0.00025 ( 1)
 158 K   0.90974 0.08838 0.00168 0.00020 ( 1)
 159 A   0.86987 0.12812 0.00172 0.00029 ( 1)
 160 Q   0.88856 0.10949 0.00171 0.00025 ( 1)
 161 N   0.95481 0.04354 0.00155 0.00010 ( 1)
 162 Q   0.88856 0.10949 0.00171 0.00025 ( 1)
 163 E   0.88552 0.11251 0.00171 0.00026 ( 1)
 164 S   0.47653 0.52133 0.00095 0.00119 ( 2)
 165 E   0.88552 0.11251 0.00171 0.00026 ( 1)
 166 L   0.89567 0.10239 0.00170 0.00023 ( 1)
 167 R   0.97788 0.02068 0.00139 0.00005 ( 1)
 168 A   0.91441 0.08373 0.00167 0.00019 ( 1)
 169 A   0.86987 0.12812 0.00172 0.00029 ( 1)
 170 F   0.52674 0.47118 0.00101 0.00108 ( 1)
 171 R   0.94752 0.05078 0.00158 0.00012 ( 1)
 172 I   0.91960 0.07856 0.00166 0.00018 ( 1)
 173 F   0.89041 0.10764 0.00170 0.00025 ( 1)
 174 D   0.90866 0.08945 0.00168 0.00020 ( 1)
 175 K   0.90849 0.08963 0.00168 0.00020 ( 1)
 176 E   0.88552 0.11251 0.00171 0.00026 ( 1)
 177 G   0.14743 0.85035 0.00028 0.00194 ( 2)
 178 K   0.90974 0.08838 0.00168 0.00020 ( 1)
 179 G   0.90231 0.09577 0.00170 0.00022 ( 1)
 180 Y   0.89910 0.09898 0.00169 0.00023 ( 1)
 181 I   0.91812 0.08004 0.00166 0.00018 ( 1)
 182 D   0.90866 0.08945 0.00168 0.00020 ( 1)
 183 W   0.82395 0.17396 0.00170 0.00040 ( 1)
 184 G   0.15915 0.83689 0.00205 0.00191 ( 2)
 185 T   0.22920 0.76631 0.00275 0.00175 ( 2)
 186 L   0.13960 0.84448 0.01399 0.00193 ( 2)
 187 T   0.16953 0.82649 0.00210 0.00189 ( 2)
 188 Y   0.90401 0.09416 0.00161 0.00021 ( 1)
 189 V   0.92757 0.07072 0.00155 0.00016 ( 1)
 190 L   0.90787 0.09029 0.00163 0.00021 ( 1)
 191 T   0.02294 0.97480 0.00004 0.00222 ( 2)
 192 H   0.07053 0.92726 0.00010 0.00212 ( 2)
 193 A   0.91930 0.07894 0.00157 0.00018 ( 1)
 194 G   0.90357 0.09460 0.00161 0.00022 ( 1)
 195 E   0.89037 0.10775 0.00164 0.00025 ( 1)
 196 P   0.91180 0.08640 0.00159 0.00020 ( 1)
 197 L   0.90057 0.09759 0.00162 0.00022 ( 1)
 198 S   0.95280 0.04567 0.00143 0.00010 ( 1)
 199 E   0.89037 0.10775 0.00164 0.00025 ( 1)
 200 V   0.41554 0.58226 0.00087 0.00133 ( 2)
 201 E   0.89037 0.10775 0.00164 0.00025 ( 1)
 202 A   0.87447 0.12358 0.00166 0.00028 ( 1)
 203 E   0.52490 0.47306 0.00097 0.00108 ( 1)
 204 Q   0.54553 0.45243 0.00100 0.00103 ( 1)
 205 M   0.90523 0.09294 0.00161 0.00021 ( 1)
 206 M   0.90523 0.09294 0.00161 0.00021 ( 1)
 207 K   0.59241 0.40563 0.00103 0.00093 ( 1)
 208 E   0.94637 0.05204 0.00148 0.00012 ( 1)
 209 A   0.87447 0.12358 0.00166 0.00028 ( 1)
 210 D   0.59069 0.40735 0.00103 0.00093 ( 1)
 211 K   0.91467 0.08355 0.00159 0.00019 ( 1)
 212 D   0.62156 0.37657 0.00101 0.00086 ( 1)
 213 G   0.91374 0.08448 0.00159 0.00019 ( 1)
 214 D   0.59603 0.40202 0.00103 0.00092 ( 1)
 215 G   0.59514 0.40291 0.00104 0.00092 ( 1)
 216 T   0.96118 0.03735 0.00139 0.00009 ( 1)
 217 I   0.94110 0.05748 0.00129 0.00013 ( 1)
 218 D   0.91360 0.08462 0.00159 0.00019 ( 1)
 219 H   0.57067 0.42733 0.00102 0.00098 ( 1)
 220 E   0.88653 0.11158 0.00163 0.00025 ( 1)
 221 E   0.87408 0.12402 0.00161 0.00028 ( 1)
 222 F   0.87878 0.11935 0.00160 0.00027 ( 1)
 223 V   0.91088 0.08740 0.00152 0.00020 ( 1)
 224 A   0.85904 0.13901 0.00163 0.00032 ( 1)
 225 M   0.88848 0.10969 0.00158 0.00025 ( 1)
 226 M   0.88848 0.10969 0.00158 0.00025 ( 1)
 227 T   0.93935 0.05910 0.00141 0.00013 ( 1)
 228 G   0.89688 0.10132 0.00156 0.00023 ( 1)
 229 E   0.87408 0.12402 0.00161 0.00028 ( 1)
 230 S   0.89750 0.10071 0.00156 0.00023 ( 1)
 231 F   0.87878 0.11935 0.00160 0.00027 ( 1)
 232 K   0.89783 0.10039 0.00156 0.00023 ( 1)
 233 L   0.81520 0.18268 0.00170 0.00042 ( 1)
 234 V   0.97333 0.02532 0.00130 0.00006 ( 1)
 235 Q   0.00791 0.98982 0.00001 0.00226 ( 2)


lnL = -1779.742702

