Supplemental results for CODEML (seqf: /home/leticiamagpali/phd/evol_models/codeml/small_dataset/cml_align/CASQ2_codon_aligned.phy  treef: /home/leticiamagpali/phd/evol_models/codeml/small_dataset/cml_trees/gene_trees/H2_gene_trees/CASQ2_codon_H2.tre)

I	J	ij	2Ns_IJ	pMut_IJ	pSub_IJ	2Ns_JI	pMut_JI	pSub_JI

TTC	TTT	CT	0.33251	0.13447	0.15807	-0.33251	0.18752	0.15807
TTA	TTT	AT	5.98605	0.00009	0.00053	-5.98605	0.03537	0.00053
TTA	TTC	AC	5.65354	0.00009	0.00052	-5.65354	0.02634	0.00052
TTG	TTT	GT	0.74643	0.01778	0.02524	-0.74643	0.03751	0.02524
TTG	TTC	GC	0.41392	0.01847	0.02255	-0.41392	0.02794	0.02255
TTG	TTA	GA	-5.23962	0.09950	0.00278	5.23962	0.00053	0.00278
TCT	TTT	CT	1.55911	0.03944	0.07787	-1.55911	0.18752	0.07787
TCC	TTC	CT	1.31378	0.03754	0.06745	-1.31378	0.13965	0.06745
TCC	TCT	CT	0.08718	0.03754	0.03920	-0.08718	0.04096	0.03920
TCA	TTA	CT	-3.96955	0.02613	0.00200	3.96955	0.00049	0.00200
TCA	TCT	AT	0.45739	0.00489	0.00609	-0.45739	0.00773	0.00609
TCA	TCC	AC	0.37021	0.00508	0.00608	-0.37021	0.00735	0.00608
TCG	TTG	CT	4.64295	0.00095	0.00446	-4.64295	0.09869	0.00446
TCG	TCT	GT	3.83027	0.00018	0.00070	-3.83027	0.00819	0.00070
TCG	TCC	GC	3.74309	0.00018	0.00071	-3.74309	0.00780	0.00071
TCG	TCA	GA	3.37288	0.00099	0.00348	-3.37288	0.02902	0.00348
TAT	TTT	AT	1.05158	0.01236	0.01998	-1.05158	0.03537	0.01998
TAT	TCT	AC	-0.50754	0.01284	0.00985	0.50754	0.00773	0.00985
TAC	TTC	AT	0.38306	0.01796	0.02162	-0.38306	0.02634	0.02162
TAC	TCC	AC	-0.93072	0.01865	0.01130	0.93072	0.00735	0.01130
TAC	TAT	CT	-0.33601	0.09599	0.08076	0.33601	0.06859	0.08076
TGT	TTT	GT	3.74216	0.00089	0.00341	-3.74216	0.03751	0.00341
TGT	TCT	GC	2.18304	0.00092	0.00227	-2.18304	0.00819	0.00227
TGT	TAT	GA	2.69058	0.00497	0.01436	-2.69058	0.07333	0.01436
TGC	TTC	GT	1.89987	0.00418	0.00934	-1.89987	0.02794	0.00934
TGC	TCC	GC	0.58609	0.00434	0.00574	-0.58609	0.00780	0.00574
TGC	TAC	GA	1.51681	0.02338	0.04543	-1.51681	0.10657	0.04543
TGC	TGT	CT	-1.50978	0.02233	0.00956	1.50978	0.00493	0.00956
TGG	TTG	GT	0.53536	0.01156	0.01493	-0.53536	0.01974	0.01493
TGG	TCG	GC	-4.10760	0.01200	0.00082	4.10760	0.00020	0.00082
TGG	TGT	GT	-2.46038	0.01156	0.00266	2.46038	0.00099	0.00266
TGG	TGC	GC	-0.95060	0.01200	0.00719	0.95060	0.00464	0.00719
CTT	TTT	CT	1.32400	0.04989	0.09001	-1.32400	0.18752	0.09001
CTC	TTC	CT	0.78539	0.06367	0.09192	-0.78539	0.13965	0.09192
CTC	CTT	CT	-0.20610	0.06367	0.05734	0.20610	0.05181	0.05734
CTA	TTA	CT	-4.34424	0.03801	0.00217	4.34424	0.00049	0.00217
CTA	CTT	AT	0.31781	0.00711	0.00830	-0.31781	0.00977	0.00830
CTA	CTC	AC	0.52391	0.00739	0.00949	-0.52391	0.01247	0.00949
CTG	TTG	CT	-0.59879	0.17962	0.13117	0.59879	0.09869	0.13117
CTG	CTT	GT	-1.17636	0.03361	0.01763	1.17636	0.01037	0.01763
CTG	CTC	GC	-0.97027	0.03490	0.02067	0.97027	0.01323	0.02067
CTG	CTA	GA	-1.49417	0.18805	0.08131	1.49417	0.04220	0.08131
CCT	TCT	CT	0.11282	0.03659	0.03869	-0.11282	0.04096	0.03869
CCT	CTT	CT	0.34794	0.03659	0.04332	-0.34794	0.05181	0.04332
CCC	TCC	CT	-0.68652	0.07745	0.05389	0.68652	0.03898	0.05389
CCC	CTC	CT	-0.15813	0.07745	0.07149	0.15813	0.06613	0.07149
CCC	CCT	CT	-0.71216	0.07745	0.05312	0.71216	0.03800	0.05312
CCA	TCA	CT	-1.01748	0.07508	0.04325	1.01748	0.02714	0.04325
CCA	CTA	CT	-0.64278	0.07508	0.05352	0.64278	0.03948	0.05352
CCA	CCT	AT	-0.67291	0.01405	0.00985	0.67291	0.00717	0.00985
CCA	CCC	AC	0.03925	0.01459	0.01488	-0.03925	0.01517	0.01488
CCG	TCG	CT	-2.56491	0.01283	0.00274	2.56491	0.00099	0.00274
CCG	CTG	CT	2.67684	0.01283	0.03688	-2.67684	0.18653	0.03688
CCG	CCT	GT	1.15254	0.00240	0.00404	-1.15254	0.00760	0.00404
CCG	CCC	GC	1.86470	0.00249	0.00550	-1.86470	0.01609	0.00550
CCG	CCA	GA	1.82545	0.01343	0.02923	-1.82545	0.08335	0.02923
CAT	TAT	CT	0.52961	0.04039	0.05202	-0.52961	0.06859	0.05202
CAT	CTT	AT	0.25719	0.00756	0.00857	-0.25719	0.00977	0.00857
CAT	CCT	AC	-0.09075	0.00785	0.00750	0.09075	0.00717	0.00750
CAC	TAC	CT	0.97660	0.03754	0.05881	-0.97660	0.09968	0.05881
CAC	CTC	AT	0.57427	0.00702	0.00923	-0.57427	0.01247	0.00923
CAC	CCC	AC	0.73240	0.00729	0.01029	-0.73240	0.01517	0.01029
CAC	CAT	CT	0.11099	0.03754	0.03966	-0.11099	0.04195	0.03966
CAA	CTA	AT	0.12384	0.00658	0.00700	-0.12384	0.00745	0.00700
CAA	CCA	AC	0.76662	0.00683	0.00978	-0.76662	0.01471	0.00978
CAA	CAT	AT	0.18447	0.00658	0.00721	-0.18447	0.00791	0.00721
CAA	CAC	AC	0.07348	0.00683	0.00709	-0.07348	0.00735	0.00709
CAG	CTG	AT	0.85681	0.01494	0.02224	-0.85681	0.03519	0.02224
CAG	CCG	AC	-1.82003	0.01551	0.00546	1.82003	0.00251	0.00546
CAG	CAT	GT	-0.57674	0.01494	0.01104	0.57674	0.00839	0.01104
CAG	CAC	GC	-0.68773	0.01551	0.01079	0.68773	0.00780	0.01079
CAG	CAA	GA	-0.76121	0.08358	0.05576	0.76121	0.03904	0.05576
CGT	TGT	CT	-0.49284	0.00808	0.00625	0.49284	0.00493	0.00625
CGT	CTT	GT	1.92532	0.00151	0.00341	-1.92532	0.01037	0.00341
CGT	CCT	GC	1.57738	0.00157	0.00312	-1.57738	0.00760	0.00312
CGT	CAT	GA	1.66813	0.00846	0.01739	-1.66813	0.04484	0.01739
CGC	TGC	CT	-0.84827	0.05417	0.03440	0.84827	0.02319	0.03440
CGC	CTC	GT	0.26621	0.01014	0.01155	-0.26621	0.01323	0.01155
CGC	CCC	GC	0.42434	0.01053	0.01292	-0.42434	0.01609	0.01292
CGC	CAC	GA	-0.30806	0.05671	0.04843	0.30806	0.04168	0.04843
CGC	CGT	CT	-1.86520	0.05417	0.01851	1.86520	0.00839	0.01851
CGA	CTA	GT	9.07885	0.00000	0.00000	-9.07885	0.00790	0.00001
CGA	CCA	GC	9.72164	0.00000	0.00000	-9.72164	0.01560	0.00001
CGA	CAA	GA	8.95501	0.00000	0.00000	-8.95501	0.03904	0.00005
CGA	CGT	AT	7.47135	0.00000	0.00000	-7.47135	0.00158	0.00001
CGA	CGC	AC	9.33655	0.00000	0.00000	-9.33655	0.01061	0.00001
CGG	TGG	CT	1.64722	0.01235	0.02520	-1.64722	0.06415	0.02520
CGG	CTG	GT	2.78137	0.00231	0.00685	-2.78137	0.03731	0.00685
CGG	CCG	GC	0.10453	0.00240	0.00253	-0.10453	0.00267	0.00253
CGG	CAG	GA	1.92456	0.01293	0.02915	-1.92456	0.08863	0.02915
CGG	CGT	GT	-0.32031	0.00231	0.00196	0.32031	0.00168	0.00196
CGG	CGC	GC	1.54489	0.00240	0.00471	-1.54489	0.01125	0.00471
CGG	CGA	GA	-7.79166	0.01293	0.00004	7.79166	0.00000	0.00000
ATT	TTT	AT	0.46459	0.02223	0.02779	-0.46459	0.03537	0.02779
ATT	CTT	AC	-0.85941	0.02308	0.01457	0.85941	0.00977	0.01457
ATC	TTC	AT	0.00775	0.02614	0.02624	-0.00775	0.02634	0.02624
ATC	CTC	AC	-0.77764	0.02715	0.01795	0.77764	0.01247	0.01795
ATC	ATT	CT	-0.12433	0.13970	0.13120	0.12433	0.12337	0.13120
ATA	TTA	AT	-3.35532	0.00267	0.00032	3.35532	0.00009	0.00032
ATA	CTA	AC	0.98892	0.00277	0.00436	-0.98892	0.00745	0.00436
ATA	ATT	AT	2.16614	0.00267	0.00653	-2.16614	0.02327	0.00653
ATA	ATC	AC	2.29048	0.00277	0.00706	-2.29048	0.02737	0.00706
ATG	TTG	AT	0.50791	0.01120	0.01429	-0.50791	0.01862	0.01429
ATG	CTG	AC	1.10671	0.01163	0.01924	-1.10671	0.03519	0.01924
ATG	ATT	GT	0.78975	0.01120	0.01620	-0.78975	0.02468	0.01620
ATG	ATC	GC	0.91409	0.01163	0.01775	-0.91409	0.02902	0.01775
ATG	ATA	GA	-1.37639	0.06268	0.02914	1.37639	0.01583	0.02914
ACT	TCT	AT	-0.19872	0.00942	0.00852	0.19872	0.00773	0.00852
ACT	CCT	AC	-0.31154	0.00979	0.00834	0.31154	0.00717	0.00834
ACT	ATT	CT	0.89581	0.05037	0.07625	-0.89581	0.12337	0.07625
ACC	TCC	AT	-0.02732	0.00756	0.00745	0.02732	0.00735	0.00745
ACC	CCC	AC	0.65919	0.00785	0.01072	-0.65919	0.01517	0.01072
ACC	ATC	CT	1.27871	0.04039	0.07157	-1.27871	0.14508	0.07157
ACC	ACT	CT	0.25857	0.04039	0.04584	-0.25857	0.05231	0.04584
ACA	TCA	AT	-0.77510	0.01111	0.00736	0.77510	0.00512	0.00736
ACA	CCA	AC	0.24238	0.01154	0.01300	-0.24238	0.01471	0.01300
ACA	ATA	CT	-1.38933	0.05940	0.02740	1.38933	0.01480	0.02740
ACA	ACT	AT	-0.11900	0.01111	0.01047	0.11900	0.00987	0.01047
ACA	ACC	AC	-0.37757	0.01154	0.00950	0.37757	0.00791	0.00950
ACG	TCG	AT	-2.55681	0.00240	0.00052	2.55681	0.00019	0.00052
ACG	CCG	AC	0.00810	0.00249	0.00250	-0.00810	0.00251	0.00250
ACG	ATG	CT	1.57823	0.01283	0.02551	-1.57823	0.06218	0.02551
ACG	ACT	GT	1.47218	0.00240	0.00459	-1.47218	0.01046	0.00459
ACG	ACC	GC	1.21360	0.00249	0.00430	-1.21360	0.00839	0.00430
ACG	ACA	GA	1.59117	0.01343	0.02684	-1.59117	0.06594	0.02684
AAT	TAT	AT	0.16817	0.01094	0.01188	-0.16817	0.01294	0.01188
AAT	CAT	AC	-0.36144	0.01136	0.00943	0.36144	0.00791	0.00943
AAT	ATT	AT	0.75516	0.01094	0.01558	-0.75516	0.02327	0.01558
AAT	ACT	AC	-0.14065	0.01136	0.01058	0.14065	0.00987	0.01058
AAC	TAC	AT	0.09146	0.01716	0.01796	-0.09146	0.01880	0.01796
AAC	CAC	AC	-0.88515	0.01782	0.01108	0.88515	0.00735	0.01108
AAC	ATC	AT	0.46677	0.01716	0.02148	-0.46677	0.02737	0.02148
AAC	ACC	AC	-0.81194	0.01782	0.01155	0.81194	0.00791	0.01155
AAC	AAT	CT	-0.41272	0.09171	0.07408	0.41272	0.06070	0.07408
AAA	CAA	AC	-1.26757	0.02447	0.01215	1.26757	0.00689	0.01215
AAA	ATA	AT	-2.13265	0.02356	0.00676	2.13265	0.00279	0.00676
AAA	ACA	AC	-0.74332	0.02447	0.01649	0.74332	0.01164	0.01649
AAA	AAT	AT	-0.72167	0.02356	0.01607	0.72167	0.01145	0.01607
AAA	AAC	AC	-0.30894	0.02447	0.02088	0.30894	0.01797	0.02088
AAG	CAG	AC	-0.92472	0.03943	0.02397	0.92472	0.01564	0.02397
AAG	ATG	AT	-1.17462	0.03797	0.01994	1.17462	0.01173	0.01994
AAG	ACG	AC	-2.75285	0.03943	0.00739	2.75285	0.00251	0.00739
AAG	AAT	GT	-1.14003	0.03797	0.02035	1.14003	0.01214	0.02035
AAG	AAC	GC	-0.72730	0.03943	0.02681	0.72730	0.01905	0.02681
AAG	AAA	GA	-0.41836	0.21243	0.17108	0.41836	0.13980	0.17108
AGT	TGT	AT	-2.76953	0.01485	0.00275	2.76953	0.00093	0.00275
AGT	CGT	AC	-2.27669	0.01542	0.00401	2.27669	0.00158	0.00401
AGT	ATT	GT	0.50804	0.01485	0.01894	-0.50804	0.02468	0.01894
AGT	ACT	GC	-0.38777	0.01542	0.01262	0.38777	0.01046	0.01262
AGT	AAT	GA	-0.24712	0.08308	0.07324	0.24712	0.06489	0.07324
AGC	TGC	AT	-0.35247	0.00622	0.00519	0.35247	0.00438	0.00519
AGC	CGC	AC	0.49580	0.00646	0.00820	-0.49580	0.01061	0.00820
AGC	ATC	GT	1.53966	0.00622	0.01220	-1.53966	0.02902	0.01220
AGC	ACC	GC	0.26094	0.00646	0.00734	-0.26094	0.00839	0.00734
AGC	AAC	GA	1.07289	0.03482	0.05678	-1.07289	0.10182	0.05678
AGC	AGT	CT	0.90728	0.03326	0.05060	-0.90728	0.08241	0.05060
AGA	CGA	AC	-8.32183	0.00388	0.00001	8.32183	0.00000	0.00000
AGA	ATA	GT	-0.23190	0.00373	0.00332	0.23190	0.00296	0.00332
AGA	ACA	GC	1.15743	0.00388	0.00655	-1.15743	0.01234	0.00655
AGA	AAA	GA	1.90075	0.02089	0.04669	-1.90075	0.13980	0.04669
AGA	AGT	AT	1.42620	0.00373	0.00701	-1.42620	0.01555	0.00701
AGA	AGC	AC	0.51892	0.00388	0.00497	-0.51892	0.00652	0.00497
AGG	TGG	AT	0.87036	0.00507	0.00759	-0.87036	0.01210	0.00759
AGG	CGG	AC	-0.77686	0.00526	0.00348	0.77686	0.00242	0.00348
AGG	ATG	GT	0.89780	0.00507	0.00768	-0.89780	0.01244	0.00768
AGG	ACG	GC	-0.68043	0.00526	0.00367	0.68043	0.00267	0.00367
AGG	AAG	GA	2.07243	0.02836	0.06723	-2.07243	0.22527	0.06723
AGG	AGT	GT	1.17952	0.00507	0.00863	-1.17952	0.01649	0.00863
AGG	AGC	GC	0.27223	0.00526	0.00601	-0.27223	0.00691	0.00601
AGG	AGA	GA	-0.24669	0.02836	0.02500	0.24669	0.02216	0.02500
GTT	TTT	GT	0.81364	0.01663	0.02430	-0.81364	0.03751	0.02430
GTT	CTT	GC	-0.51036	0.01727	0.01323	0.51036	0.01037	0.01323
GTT	ATT	GA	0.34905	0.09303	0.11021	-0.34905	0.13189	0.11021
GTC	TTC	GT	0.63803	0.01476	0.01997	-0.63803	0.02794	0.01997
GTC	CTC	GC	-0.14736	0.01533	0.01423	0.14736	0.01323	0.01423
GTC	ATC	GA	0.63029	0.08258	0.11132	-0.63029	0.15510	0.11132
GTC	GTT	CT	0.15691	0.07888	0.08523	-0.15691	0.09228	0.08523
GTA	TTA	GT	-2.89116	0.00178	0.00030	2.89116	0.00010	0.00030
GTA	CTA	GC	1.45308	0.00185	0.00350	-1.45308	0.00790	0.00350
GTA	ATA	GA	0.46416	0.00995	0.01244	-0.46416	0.01583	0.01244
GTA	GTT	AT	2.28126	0.00178	0.00452	-2.28126	0.01741	0.00452
GTA	GTC	AC	2.12435	0.00185	0.00446	-2.12435	0.01545	0.00446
GTG	TTG	GT	-0.46074	0.03130	0.02464	0.46074	0.01974	0.02464
GTG	CTG	GC	0.13805	0.03250	0.03480	-0.13805	0.03731	0.03480
GTG	ATG	GA	-0.96866	0.17511	0.10378	0.96866	0.06647	0.10378
GTG	GTT	GT	-0.52795	0.03130	0.02376	0.52795	0.01846	0.02376
GTG	GTC	GC	-0.68485	0.03250	0.02263	0.68485	0.01639	0.02263
GTG	GTA	GA	-2.80921	0.17511	0.03154	2.80921	0.01055	0.03154
GCT	TCT	GT	-0.77989	0.01787	0.01180	0.77989	0.00819	0.01180
GCT	CCT	GC	-0.89271	0.01856	0.01149	0.89271	0.00760	0.01149
GCT	ACT	GA	-0.58117	0.09999	0.07374	0.58117	0.05592	0.07374
GCT	GTT	CT	-0.03441	0.09551	0.09388	0.03441	0.09228	0.09388
GCC	TCC	GT	-0.21733	0.00969	0.00868	0.21733	0.00780	0.00868
GCC	CCC	GC	0.46919	0.01006	0.01261	-0.46919	0.01609	0.01261
GCC	ACC	GA	-0.19000	0.05423	0.04924	0.19000	0.04484	0.04924
GCC	GTC	CT	0.45842	0.05179	0.06457	-0.45842	0.08192	0.06457
GCC	GCT	CT	0.64974	0.05179	0.07043	-0.64974	0.09919	0.07043
GCA	TCA	GT	-0.55153	0.00942	0.00706	0.55153	0.00543	0.00706
GCA	CCA	GC	0.46594	0.00979	0.01224	-0.46594	0.01560	0.01224
GCA	ACA	GA	0.22357	0.05273	0.05885	-0.22357	0.06594	0.05885
GCA	GTA	CT	-1.62992	0.05037	0.02001	1.62992	0.00987	0.02001
GCA	GCT	AT	0.68575	0.00942	0.01302	-0.68575	0.01871	0.01302
GCA	GCC	AC	0.03600	0.00979	0.00997	-0.03600	0.01015	0.00997
GCG	TCG	GT	-3.53301	0.00676	0.00072	3.53301	0.00020	0.00072
GCG	CCG	GC	-0.96811	0.00702	0.00416	0.96811	0.00267	0.00416
GCG	ACG	GA	-0.97620	0.03781	0.02231	0.97620	0.01424	0.02231
GCG	GTG	CT	1.57068	0.03611	0.07161	-1.57068	0.17370	0.07161
GCG	GCT	GT	1.07714	0.00676	0.01104	-1.07714	0.01984	0.01104
GCG	GCC	GC	0.42740	0.00702	0.00862	-0.42740	0.01076	0.00862
GCG	GCA	GA	0.39140	0.03781	0.04569	-0.39140	0.05592	0.04569
GAT	TAT	GT	-1.55810	0.06517	0.02708	1.55810	0.01372	0.02708
GAT	CAT	GC	-2.08771	0.06768	0.02000	2.08771	0.00839	0.02000
GAT	AAT	GA	-1.72627	0.36466	0.13626	1.72627	0.06489	0.13626
GAT	GTT	AT	-1.32016	0.06517	0.03136	1.32016	0.01741	0.03136
GAT	GCT	AC	-1.28575	0.06768	0.03325	1.28575	0.01871	0.03325
GAC	TAC	GT	-1.33943	0.07611	0.03619	1.33943	0.01994	0.03619
GAC	CAC	GC	-2.31603	0.07904	0.02004	2.31603	0.00780	0.02004
GAC	AAC	GA	-1.43089	0.42585	0.19147	1.43089	0.10182	0.19147
GAC	GTC	AT	-1.59440	0.07611	0.03091	1.59440	0.01545	0.03091
GAC	GCC	AC	-2.05283	0.07904	0.02390	2.05283	0.01015	0.02390
GAC	GAT	CT	-0.11734	0.40675	0.38335	0.11734	0.36172	0.38335
GAA	CAA	GC	-1.72497	0.04100	0.01533	1.72497	0.00731	0.01533
GAA	AAA	GA	-0.45740	0.22088	0.17420	0.45740	0.13980	0.17420
GAA	GTA	AT	-3.05421	0.03948	0.00597	3.05421	0.00186	0.00597
GAA	GCA	AC	-1.42429	0.04100	0.01851	1.42429	0.00987	0.01851
GAA	GAT	AT	0.54720	0.03948	0.05126	-0.54720	0.06823	0.05126
GAA	GAC	AC	0.66454	0.04100	0.05612	-0.66454	0.07968	0.05612
GAG	CAG	GC	-1.54621	0.07784	0.03259	1.54621	0.01658	0.03259
GAG	AAG	GA	-0.62149	0.41938	0.30247	0.62149	0.22527	0.30247
GAG	GTG	AT	-0.82746	0.07496	0.04817	0.82746	0.03277	0.04817
GAG	GCG	AC	-2.39814	0.07784	0.01866	2.39814	0.00707	0.01866
GAG	GAT	GT	-0.03525	0.07496	0.07364	0.03525	0.07236	0.07364
GAG	GAC	GC	0.08209	0.07784	0.08108	-0.08209	0.08450	0.08108
GAG	GAA	GA	-0.58245	0.41938	0.30903	0.58245	0.23423	0.30903
GGT	TGT	GT	-1.61819	0.00498	0.00199	1.61819	0.00099	0.00199
GGT	CGT	GC	-1.12535	0.00517	0.00280	1.12535	0.00168	0.00280
GGT	AGT	GA	1.15134	0.02786	0.04691	-1.15134	0.08810	0.04691
GGT	GTT	GT	1.31033	0.00498	0.00893	-1.31033	0.01846	0.00893
GGT	GCT	GC	1.34474	0.00517	0.00940	-1.34474	0.01984	0.00940
GGT	GAT	GA	2.63049	0.02786	0.07897	-2.63049	0.38670	0.07897
GGC	TGC	GT	-0.83277	0.01067	0.00684	0.83277	0.00464	0.00684
GGC	CGC	GC	0.01550	0.01108	0.01117	-0.01550	0.01125	0.01117
GGC	AGC	GA	-0.48030	0.05970	0.04650	0.48030	0.03693	0.04650
GGC	GTC	GT	0.42907	0.01067	0.01312	-0.42907	0.01639	0.01312
GGC	GCC	GC	-0.02935	0.01108	0.01092	0.02935	0.01076	0.01092
GGC	GAC	GA	2.02347	0.05970	0.13920	-2.02347	0.45159	0.13920
GGC	GGT	CT	-0.72436	0.05702	0.03884	0.72436	0.02763	0.03884
GGA	CGA	GC	-8.55082	0.00517	0.00001	8.55082	0.00000	0.00000
GGA	AGA	GA	-0.22899	0.02786	0.02479	0.22899	0.02216	0.02479
GGA	GTA	GT	-0.92505	0.00498	0.00303	0.92505	0.00197	0.00303
GGA	GCA	GC	0.70488	0.00517	0.00721	-0.70488	0.01046	0.00721
GGA	GAA	GA	2.12917	0.02786	0.06732	-2.12917	0.23423	0.06732
GGA	GGT	AT	0.04588	0.00498	0.00509	-0.04588	0.00521	0.00509
GGA	GGC	AC	0.77024	0.00517	0.00742	-0.77024	0.01117	0.00742
GGG	TGG	GT	0.16809	0.01085	0.01178	-0.16809	0.01283	0.01178
GGG	CGG	GC	-1.47914	0.01127	0.00492	1.47914	0.00257	0.00492
GGG	AGG	GA	-0.70228	0.06069	0.04186	0.70228	0.03007	0.04186
GGG	GTG	GT	1.16418	0.01085	0.01836	-1.16418	0.03475	0.01836
GGG	GCG	GC	-0.40650	0.01127	0.00913	0.40650	0.00750	0.00913
GGG	GAG	GA	1.99164	0.06069	0.13998	-1.99164	0.44473	0.13998
GGG	GGT	GT	-0.67410	0.01085	0.00760	0.67410	0.00553	0.00760
GGG	GGC	GC	0.05026	0.01127	0.01155	-0.05026	0.01185	0.01155
GGG	GGA	GA	-0.71998	0.06069	0.04144	0.71998	0.02954	0.04144


Histograms
2Ns	FMut	FSub(CodonUsage)	FSubw(after w)

-9.25870	0.00360	0.00000
-8.33283	0.00045	0.00000
-7.40696	0.00071	0.00000
-6.48109	0.00000	0.00000
-5.55522	0.00793	0.00024
-4.62935	0.00673	0.00041
-3.70348	0.00640	0.00075
-2.77761	0.05599	0.01412
-1.85174	0.21074	0.09612
-0.92587	0.26397	0.21289
0.00000	0.28429	0.35094
0.92587	0.11831	0.21289
1.85174	0.03665	0.09612
2.77761	0.00398	0.01412
3.70348	0.00016	0.00075
4.62935	0.00007	0.00041
5.55522	0.00003	0.00024
6.48109	0.00000	0.00000
7.40696	0.00000	0.00000
8.33283	0.00000	0.00000
9.25870	0.00000	0.00000

Proportion of advantageous (S > 0) mutations:
 0.28444

Proportions of good & bad mutations (|S| > 2.0000) among mutations:
0.01157  0.14027

mean |Ns| = 1.11891	mean Ns+ = 0.68390	mean Ns- = -1.29183


MLEs of dN/dS (w) for site classes (K=4)

site class             0        1       2a       2b
proportion       0.64726  0.22171  0.09760  0.03343
background w     0.00000  1.00000  0.00000  1.00000
foreground w     0.00000  1.00000  2.55986  2.55986

Naive Empirical Bayes (NEB) probabilities for 4 classes
(amino acids refer to 1st sequence: Bbon)

   1 M   0.81848 0.10522 0.06548 0.01082 ( 1)
   2 K   0.00000 0.89084 0.00000 0.10915 ( 2)
   3 R   0.00001 0.91044 0.00000 0.08955 ( 2)
   4 T   0.80846 0.11196 0.06775 0.01183 ( 1)
   5 H   0.00001 0.91041 0.00000 0.08959 ( 2)
   6 L   0.67945 0.19945 0.09277 0.02833 ( 1)
   7 F   0.71635 0.17399 0.08667 0.02298 ( 1)
   8 V   0.72970 0.16489 0.08424 0.02117 ( 1)
   9 M   0.00000 0.88622 0.00000 0.11378 ( 2)
  10 A   0.00001 0.90122 0.00000 0.09878 ( 2)
  11 V   0.78499 0.12756 0.07307 0.01437 ( 1)
  12 Y   0.73773 0.15945 0.08271 0.02011 ( 1)
  13 L   0.67945 0.19945 0.09277 0.02833 ( 1)
  14 L   0.67945 0.19945 0.09277 0.02833 ( 1)
  15 S   0.81514 0.10756 0.06615 0.01114 ( 1)
  16 S   0.81514 0.10756 0.06615 0.01114 ( 1)
  17 C   0.84432 0.08842 0.05890 0.00835 ( 1)
  18 R   0.84857 0.08568 0.05778 0.00798 ( 1)
  19 A   0.75651 0.14673 0.07903 0.01773 ( 1)
  20 E   0.00000 0.38369 0.49145 0.12486 ( 3)
  21 E   0.72697 0.16671 0.08478 0.02154 ( 1)
  22 G   0.80819 0.11216 0.06779 0.01185 ( 1)
  23 L   0.68307 0.19585 0.09326 0.02782 ( 1)
  24 N   0.00001 0.90500 0.00000 0.09500 ( 2)
  25 F   0.73510 0.16122 0.08322 0.02045 ( 1)
  26 P   0.74693 0.15319 0.08095 0.01893 ( 1)
  27 T   0.80846 0.11196 0.06775 0.01183 ( 1)
  28 Y   0.74006 0.15792 0.08222 0.01980 ( 1)
  29 D   0.71335 0.17602 0.08723 0.02340 ( 1)
  30 G   0.81126 0.11013 0.06708 0.01154 ( 1)
  31 K   0.00000 0.89084 0.00000 0.10915 ( 2)
  32 D   0.71422 0.17576 0.08674 0.02327 ( 1)
  33 R   0.75299 0.14959 0.07926 0.01816 ( 1)
  34 V   0.73271 0.16399 0.08255 0.02075 ( 1)
  35 V   0.78666 0.12706 0.07210 0.01418 ( 1)
  36 S   0.74711 0.15354 0.08046 0.01890 ( 1)
  37 L   0.73107 0.16454 0.08343 0.02096 ( 1)
  38 T   0.81013 0.11151 0.06670 0.01166 ( 1)
  39 E   0.72801 0.16641 0.08419 0.02139 ( 1)
  40 K   0.75180 0.15041 0.07949 0.01831 ( 1)
  41 N   0.81043 0.11124 0.06671 0.01163 ( 1)
  42 F   0.73624 0.16088 0.08258 0.02030 ( 1)
  43 K   0.75180 0.15041 0.07949 0.01831 ( 1)
  44 Q   0.72661 0.16759 0.08425 0.02155 ( 1)
  45 V   0.78486 0.12825 0.07251 0.01438 ( 1)
  46 L   0.00000 0.88056 0.00000 0.11944 ( 2)
  47 K   0.75180 0.15041 0.07949 0.01831 ( 1)
  48 K   0.75263 0.14983 0.07934 0.01820 ( 1)
  49 Y   0.00000 0.38124 0.49775 0.12101 ( 3)
  50 D   0.71422 0.17576 0.08674 0.02327 ( 1)
  51 L   0.70074 0.18535 0.08876 0.02514 ( 1)
  52 L   0.79115 0.12467 0.07051 0.01368 ( 1)
  53 C   0.85195 0.08534 0.05501 0.00769 ( 1)
  54 L   0.79140 0.12442 0.07053 0.01365 ( 1)
  55 Y   0.73777 0.16022 0.08192 0.02009 ( 1)
  56 Y   0.00000 0.38159 0.49663 0.12177 ( 3)
  57 H   0.78787 0.12678 0.07131 0.01404 ( 1)
  58 E   0.72700 0.16741 0.08407 0.02152 ( 1)
  59 P   0.74698 0.15401 0.08010 0.01891 ( 1)
  60 V   0.00000 0.88675 0.00000 0.11325 ( 2)
  61 S   0.80442 0.11585 0.06748 0.01225 ( 1)
  62 S   0.76868 0.13372 0.08133 0.01627 ( 1)
  63 D   0.70789 0.18036 0.08760 0.02415 ( 1)
  64 K   0.75137 0.15107 0.07920 0.01835 ( 1)
  65 A   0.00000 0.89961 0.00000 0.10039 ( 2)
  66 A   0.00000 0.78234 0.00000 0.21766 ( 2)
  67 Q   0.72561 0.16857 0.08414 0.02168 ( 1)
  68 K   0.75137 0.15107 0.07920 0.01835 ( 1)
  69 Q   0.00000 0.27243 0.57851 0.14906 ( 3)
  70 F   0.00000 0.38956 0.48922 0.12123 ( 3)
  71 Q   0.72479 0.16929 0.08415 0.02177 ( 1)
  72 M   0.00000 0.88109 0.00000 0.11891 ( 2)
  73 K   0.75137 0.15107 0.07920 0.01835 ( 1)
  74 E   0.73008 0.16577 0.08306 0.02109 ( 1)
  75 I   0.73629 0.16162 0.08182 0.02027 ( 1)
  76 V   0.73666 0.15875 0.08431 0.02027 ( 1)
  77 L   0.67890 0.20031 0.09240 0.02839 ( 1)
  78 E   0.72573 0.16867 0.08393 0.02168 ( 1)
  79 F   0.70145 0.17833 0.09502 0.02520 ( 1)
  80 D   0.00000 0.37097 0.49369 0.13534 ( 3)
  81 E   0.71331 0.16898 0.09421 0.02351 ( 1)
  82 E   0.71331 0.16898 0.09421 0.02351 ( 1)
  83 G   0.77360 0.12245 0.08835 0.01559 ( 1)
  84 S   0.72476 0.16000 0.09332 0.02192 ( 1)
  85 L   0.67239 0.20148 0.09663 0.02951 ( 1)
  86 Y   0.72008 0.16367 0.09369 0.02256 ( 1)
  87 V   0.00000 0.88402 0.00000 0.11598 ( 2)
  88 L   0.76130 0.13222 0.08936 0.01712 ( 1)
  89 K   0.72842 0.15715 0.09301 0.02142 ( 1)
  90 G   0.81639 0.09080 0.08211 0.01070 ( 1)
  91 D   0.69478 0.18361 0.09544 0.02616 ( 1)
  92 R   0.72937 0.15641 0.09293 0.02129 ( 1)
  93 T   0.72442 0.16027 0.09335 0.02197 ( 1)
  94 I   0.72984 0.15604 0.09289 0.02123 ( 1)
  95 E   0.70985 0.17170 0.09446 0.02400 ( 1)
  96 F   0.70145 0.17833 0.09502 0.02520 ( 1)
  97 D   0.69478 0.18361 0.09544 0.02616 ( 1)
  98 G   0.77754 0.11948 0.08786 0.01512 ( 1)
  99 E   0.70985 0.17170 0.09446 0.02400 ( 1)
 100 F   0.70145 0.17833 0.09502 0.02520 ( 1)
 101 A   0.73677 0.15160 0.09133 0.02029 ( 1)
 102 A   0.73274 0.15378 0.09264 0.02083 ( 1)
 103 D   0.69478 0.18361 0.09544 0.02616 ( 1)
 104 V   0.75612 0.13574 0.09037 0.01777 ( 1)
 105 L   0.68865 0.18850 0.09579 0.02706 ( 1)
 106 V   0.71196 0.17004 0.09430 0.02370 ( 1)
 107 E   0.70985 0.17170 0.09446 0.02400 ( 1)
 108 F   0.70166 0.17812 0.09505 0.02517 ( 1)
 109 L   0.76118 0.13188 0.08981 0.01713 ( 1)
 110 L   0.68865 0.18850 0.09579 0.02706 ( 1)
 111 D   0.69757 0.18172 0.09496 0.02575 ( 1)
 112 L   0.00001 0.89591 0.00000 0.10409 ( 2)
 113 I   0.00000 0.88798 0.00000 0.11202 ( 2)
 114 E   0.72611 0.16527 0.08693 0.02169 ( 1)
 115 D   0.70915 0.17724 0.08958 0.02403 ( 1)
 116 P   0.73315 0.16253 0.08360 0.02071 ( 1)
 117 V   0.72970 0.16489 0.08424 0.02117 ( 1)
 118 E   0.72697 0.16671 0.08478 0.02154 ( 1)
 119 I   0.73767 0.15946 0.08276 0.02012 ( 1)
 120 I   0.73767 0.15946 0.08276 0.02012 ( 1)
 121 N   0.00001 0.90439 0.00000 0.09561 ( 2)
 122 S   0.82458 0.10130 0.06391 0.01021 ( 1)
 123 K   0.75131 0.15022 0.08009 0.01838 ( 1)
 124 L   0.67945 0.19945 0.09277 0.02833 ( 1)
 125 E   0.73138 0.16373 0.08394 0.02095 ( 1)
 126 V   0.78499 0.12756 0.07308 0.01437 ( 1)
 127 Q   0.72477 0.16861 0.08483 0.02179 ( 1)
 128 A   0.78708 0.12617 0.07261 0.01413 ( 1)
 129 F   0.71635 0.17399 0.08667 0.02298 ( 1)
 130 E   0.72697 0.16671 0.08478 0.02154 ( 1)
 131 R   0.75167 0.14999 0.08001 0.01833 ( 1)
 132 I   0.75223 0.14959 0.07993 0.01826 ( 1)
 133 E   0.72697 0.16671 0.08478 0.02154 ( 1)
 134 D   0.71335 0.17602 0.08723 0.02340 ( 1)
 135 H   0.78774 0.12576 0.07244 0.01406 ( 1)
 136 I   0.73767 0.15946 0.08276 0.02012 ( 1)
 137 K   0.75131 0.15022 0.08009 0.01838 ( 1)
 138 L   0.79125 0.12340 0.07168 0.01367 ( 1)
 139 I   0.73849 0.15864 0.08285 0.02002 ( 1)
 140 G   0.81125 0.11013 0.06708 0.01154 ( 1)
 141 F   0.71635 0.17399 0.08667 0.02298 ( 1)
 142 F   0.73510 0.16122 0.08322 0.02045 ( 1)
 143 K   0.75049 0.15080 0.08024 0.01848 ( 1)
 144 S   0.74585 0.15391 0.08118 0.01907 ( 1)
 145 E   0.72700 0.16669 0.08478 0.02153 ( 1)
 146 D   0.71335 0.17602 0.08723 0.02340 ( 1)
 147 S   0.74989 0.15135 0.08022 0.01854 ( 1)
 148 -   0.71904 0.17456 0.08385 0.02255 ( 1)
 149 -   0.00000 0.88573 0.00000 0.11427 ( 2)
 150 Y   0.73328 0.16076 0.08523 0.02072 ( 1)
 151 K   0.74547 0.15228 0.08311 0.01914 ( 1)
 152 A   0.75063 0.14868 0.08221 0.01849 ( 1)
 153 F   0.71290 0.17500 0.08861 0.02349 ( 1)
 154 E   0.72722 0.16495 0.08629 0.02153 ( 1)
 155 E   0.72302 0.16788 0.08700 0.02210 ( 1)
 156 A   0.75123 0.14829 0.08207 0.01841 ( 1)
 157 A   0.75063 0.14868 0.08221 0.01849 ( 1)
 158 E   0.72722 0.16495 0.08629 0.02153 ( 1)
 159 H   0.78121 0.12770 0.07628 0.01481 ( 1)
 160 F   0.73077 0.16249 0.08568 0.02106 ( 1)
 161 Q   0.72171 0.16902 0.08701 0.02226 ( 1)
 162 P   0.80973 0.10785 0.07075 0.01168 ( 1)
 163 Y   0.73328 0.16076 0.08523 0.02072 ( 1)
 164 I   0.73322 0.16077 0.08528 0.02073 ( 1)
 165 K   0.74626 0.15172 0.08298 0.01904 ( 1)
 166 F   0.71290 0.17500 0.08861 0.02349 ( 1)
 167 F   0.71290 0.17500 0.08861 0.02349 ( 1)
 168 A   0.75063 0.14868 0.08221 0.01849 ( 1)
 169 T   0.79688 0.11702 0.07305 0.01306 ( 1)
 170 F   0.73077 0.16249 0.08568 0.02106 ( 1)
 171 D   0.71004 0.17698 0.08908 0.02390 ( 1)
 172 K   0.74626 0.15172 0.08298 0.01904 ( 1)
 173 G   0.80095 0.11430 0.07213 0.01261 ( 1)
 174 V   0.76344 0.14299 0.07670 0.01687 ( 1)
 175 A   0.73990 0.15878 0.08151 0.01981 ( 1)
 176 K   0.73465 0.16230 0.08255 0.02050 ( 1)
 177 K   0.73536 0.16181 0.08242 0.02040 ( 1)
 178 L   0.69179 0.19150 0.09026 0.02645 ( 1)
 179 S   0.79230 0.12386 0.07030 0.01355 ( 1)
 180 L   0.69179 0.19150 0.09026 0.02645 ( 1)
 181 K   0.73465 0.16230 0.08255 0.02050 ( 1)
 182 M   0.79534 0.12170 0.06973 0.01323 ( 1)
 183 N   0.81708 0.10748 0.06449 0.01095 ( 1)
 184 E   0.71433 0.17595 0.08647 0.02325 ( 1)
 185 V   0.76347 0.14296 0.07670 0.01687 ( 1)
 186 D   0.70269 0.18382 0.08859 0.02490 ( 1)
 187 F   0.72133 0.17126 0.08513 0.02228 ( 1)
 188 Y   0.72557 0.16848 0.08425 0.02170 ( 1)
 189 E   0.71433 0.17595 0.08647 0.02325 ( 1)
 190 P   0.71496 0.17553 0.08635 0.02316 ( 1)
 191 F   0.70526 0.18211 0.08810 0.02452 ( 1)
 192 M   0.79534 0.12170 0.06973 0.01323 ( 1)
 193 D   0.70256 0.18395 0.08857 0.02491 ( 1)
 194 E   0.71433 0.17595 0.08647 0.02325 ( 1)
 195 P   0.73156 0.16437 0.08317 0.02091 ( 1)
 196 I   0.73615 0.16126 0.08228 0.02030 ( 1)
 197 A   0.76690 0.14070 0.07595 0.01646 ( 1)
 198 I   0.72353 0.16975 0.08473 0.02198 ( 1)
 199 P   0.75863 0.14561 0.07830 0.01746 ( 1)
 200 D   0.70180 0.18408 0.08908 0.02503 ( 1)
 201 K   0.00000 0.38016 0.49682 0.12302 ( 3)
 202 P   0.73024 0.16476 0.08391 0.02109 ( 1)
 203 Y   0.72240 0.17011 0.08535 0.02215 ( 1)
 204 T   0.72896 0.16563 0.08415 0.02126 ( 1)
 205 E   0.71700 0.17373 0.08638 0.02289 ( 1)
 206 E   0.00000 0.38297 0.48624 0.13079 ( 3)
 207 E   0.71255 0.17647 0.08747 0.02352 ( 1)
 208 L   0.76979 0.13766 0.07642 0.01612 ( 1)
 209 V   0.71483 0.17493 0.08704 0.02320 ( 1)
 210 E   0.00000 0.38499 0.48442 0.13059 ( 3)
 211 F   0.70390 0.18244 0.08893 0.02474 ( 1)
 212 V   0.71281 0.17645 0.08727 0.02348 ( 1)
 213 K   0.72988 0.16483 0.08414 0.02114 ( 1)
 214 E   0.71058 0.17794 0.08769 0.02379 ( 1)
 215 H   0.80033 0.11744 0.06954 0.01269 ( 1)
 216 Q   0.70891 0.17947 0.08764 0.02398 ( 1)
 217 -   0.72247 0.15652 0.09878 0.02224 ( 1)
 218 -   0.68681 0.18835 0.09746 0.02737 ( 1)
 219 -   0.71240 0.16707 0.09687 0.02366 ( 1)
 220 -   0.68803 0.18599 0.09876 0.02722 ( 1)
 221 -   0.00000 0.87742 0.00000 0.12258 ( 2)
 222 -   0.69827 0.17725 0.09877 0.02571 ( 1)
 223 -   0.67257 0.19954 0.09836 0.02953 ( 1)
 224 -   0.69827 0.17725 0.09877 0.02571 ( 1)
 225 -   0.68615 0.18774 0.09862 0.02750 ( 1)
 226 -   0.68798 0.18615 0.09864 0.02722 ( 1)
 227 -   0.67633 0.19627 0.09843 0.02897 ( 1)
 228 -   0.73469 0.14613 0.09865 0.02053 ( 1)
 229 -   0.68050 0.19265 0.09852 0.02834 ( 1)
 230 -   0.68759 0.18645 0.09868 0.02728 ( 1)
 231 -   0.69508 0.18000 0.09874 0.02617 ( 1)
 232 -   0.67291 0.19924 0.09836 0.02948 ( 1)
 233 E   0.73247 0.16341 0.08333 0.02079 ( 1)
 234 D   0.70869 0.17956 0.08770 0.02404 ( 1)
 235 D   0.70869 0.17956 0.08770 0.02404 ( 1)
 236 L   0.70113 0.18497 0.08881 0.02509 ( 1)
 237 N   0.81015 0.11151 0.06669 0.01165 ( 1)
 238 G   0.81006 0.11160 0.06668 0.01166 ( 1)
 239 I   0.73883 0.15911 0.08210 0.01996 ( 1)
 240 H   0.83421 0.09570 0.06080 0.00929 ( 1)
 241 I   0.75356 0.14919 0.07917 0.01809 ( 1)
 242 V   0.73077 0.16458 0.08364 0.02102 ( 1)
 243 A   0.78877 0.12566 0.07163 0.01394 ( 1)
 244 F   0.71920 0.17269 0.08554 0.02257 ( 1)
 245 A   0.79303 0.12240 0.07110 0.01347 ( 1)
 246 E   0.72801 0.16641 0.08419 0.02139 ( 1)
 247 R   0.84983 0.08588 0.05642 0.00787 ( 1)
 248 S   0.74711 0.15354 0.08046 0.01890 ( 1)
 249 D   0.70869 0.17956 0.08770 0.02404 ( 1)
 250 P   0.72875 0.16592 0.08404 0.02129 ( 1)
 251 D   0.70789 0.17980 0.08815 0.02416 ( 1)
 252 G   0.81126 0.11013 0.06708 0.01154 ( 1)
 253 Y   0.73916 0.15881 0.08212 0.01991 ( 1)
 254 E   0.72697 0.16671 0.08478 0.02154 ( 1)
 255 F   0.73510 0.16122 0.08322 0.02045 ( 1)
 256 L   0.67945 0.19945 0.09277 0.02833 ( 1)
 257 E   0.72697 0.16671 0.08478 0.02154 ( 1)
 258 I   0.73767 0.15946 0.08276 0.02012 ( 1)
 259 L   0.67945 0.19945 0.09277 0.02833 ( 1)
 260 K   0.75049 0.15080 0.08024 0.01848 ( 1)
 261 Q   0.72537 0.16790 0.08499 0.02174 ( 1)
 262 V   0.78321 0.12874 0.07347 0.01457 ( 1)
 263 A   0.75588 0.14712 0.07919 0.01781 ( 1)
 264 R   0.85461 0.08231 0.05562 0.00745 ( 1)
 265 D   0.71335 0.17602 0.08723 0.02340 ( 1)
 266 N   0.80828 0.11207 0.06779 0.01185 ( 1)
 267 T   0.83158 0.09833 0.06055 0.00954 ( 1)
 268 D   0.71335 0.17602 0.08723 0.02340 ( 1)
 269 N   0.80828 0.11207 0.06779 0.01185 ( 1)
 270 P   0.77972 0.13112 0.07420 0.01497 ( 1)
 271 D   0.71335 0.17602 0.08723 0.02340 ( 1)
 272 L   0.68920 0.19521 0.08882 0.02677 ( 1)
 273 S   0.82458 0.10130 0.06391 0.01021 ( 1)
 274 I   0.73797 0.15916 0.08279 0.02008 ( 1)
 275 V   0.00001 0.90787 0.00000 0.09213 ( 2)
 276 W   0.70102 0.18465 0.08921 0.02513 ( 1)
 277 I   0.73767 0.15946 0.08276 0.02012 ( 1)
 278 D   0.71335 0.17602 0.08723 0.02340 ( 1)
 279 P   0.72770 0.16623 0.08463 0.02144 ( 1)
 280 D   0.70832 0.17953 0.08804 0.02410 ( 1)
 281 D   0.71335 0.17602 0.08723 0.02340 ( 1)
 282 F   0.71635 0.17399 0.08667 0.02298 ( 1)
 283 P   0.77972 0.13112 0.07420 0.01497 ( 1)
 284 L   0.67945 0.19945 0.09277 0.02833 ( 1)
 285 L   0.79553 0.12120 0.07007 0.01320 ( 1)
 286 V   0.78486 0.12825 0.07251 0.01438 ( 1)
 287 A   0.78710 0.12730 0.07148 0.01412 ( 1)
 288 Y   0.74119 0.15762 0.08154 0.01964 ( 1)
 289 W   0.70173 0.18444 0.08881 0.02502 ( 1)
 290 E   0.73247 0.16341 0.08333 0.02079 ( 1)
 291 K   0.75180 0.15041 0.07949 0.01831 ( 1)
 292 T   0.80581 0.11437 0.06772 0.01210 ( 1)
 293 F   0.73624 0.16088 0.08258 0.02030 ( 1)
 294 K   0.75180 0.15041 0.07949 0.01831 ( 1)
 295 I   0.75356 0.14919 0.07917 0.01809 ( 1)
 296 D   0.71422 0.17576 0.08674 0.02327 ( 1)
 297 L   0.73107 0.16454 0.08343 0.02096 ( 1)
 298 F   0.73624 0.16088 0.08258 0.02030 ( 1)
 299 K   0.75180 0.15041 0.07949 0.01831 ( 1)
 300 P   0.72917 0.16576 0.08384 0.02123 ( 1)
 301 Q   0.72661 0.16759 0.08425 0.02155 ( 1)
 302 I   0.75356 0.14919 0.07917 0.01809 ( 1)
 303 G   0.80834 0.11274 0.06708 0.01184 ( 1)
 304 V   0.73077 0.16458 0.08364 0.02102 ( 1)
 305 V   0.73077 0.16458 0.08364 0.02102 ( 1)
 306 N   0.84386 0.08943 0.05831 0.00840 ( 1)
 307 V   0.78486 0.12825 0.07251 0.01438 ( 1)
 308 T   0.74669 0.15383 0.08053 0.01895 ( 1)
 309 D   0.70869 0.17956 0.08770 0.02404 ( 1)
 310 A   0.75725 0.14671 0.07841 0.01763 ( 1)
 311 D   0.71422 0.17576 0.08674 0.02327 ( 1)
 312 S   0.74711 0.15354 0.08046 0.01890 ( 1)
 313 V   0.78666 0.12706 0.07210 0.01418 ( 1)
 314 W   0.70173 0.18444 0.08881 0.02502 ( 1)
 315 M   0.82043 0.10463 0.06432 0.01062 ( 1)
 316 E   0.72802 0.16640 0.08419 0.02139 ( 1)
 317 I   0.75356 0.14919 0.07917 0.01809 ( 1)
 318 P   0.73139 0.16331 0.08435 0.02095 ( 1)
 319 D   0.00000 0.38584 0.48202 0.13214 ( 3)
 320 G   0.85890 0.07993 0.05408 0.00709 ( 1)
 321 D   0.70869 0.17956 0.08770 0.02404 ( 1)
 322 D   0.00000 0.88307 0.00000 0.11692 ( 2)
 323 L   0.67989 0.19933 0.09253 0.02825 ( 1)
 324 P   0.74820 0.15281 0.08023 0.01876 ( 1)
 325 T   0.74669 0.15383 0.08053 0.01895 ( 1)
 326 A   0.75725 0.14671 0.07841 0.01763 ( 1)
 327 E   0.72801 0.16641 0.08419 0.02139 ( 1)
 328 E   0.72801 0.16641 0.08419 0.02139 ( 1)
 329 L   0.67989 0.19933 0.09253 0.02825 ( 1)
 330 E   0.73247 0.16341 0.08333 0.02079 ( 1)
 331 D   0.71422 0.17576 0.08674 0.02327 ( 1)
 332 W   0.70173 0.18444 0.08881 0.02502 ( 1)
 333 I   0.00000 0.37973 0.50490 0.11537 ( 3)
 334 E   0.72801 0.16641 0.08419 0.02139 ( 1)
 335 D   0.70918 0.17934 0.08751 0.02397 ( 1)
 336 V   0.73077 0.16458 0.08364 0.02102 ( 1)
 337 L   0.79553 0.12120 0.07007 0.01320 ( 1)
 338 S   0.80551 0.11479 0.06757 0.01213 ( 1)
 339 G   0.81006 0.11160 0.06668 0.01166 ( 1)
 340 K   0.75180 0.15041 0.07949 0.01831 ( 1)
 341 I   0.86581 0.07520 0.05247 0.00653 ( 1)
 342 N   0.00000 0.36046 0.54439 0.09514 ( 3)
 343 T   0.80581 0.11437 0.06772 0.01210 ( 1)
 344 E   0.72842 0.16601 0.08424 0.02134 ( 1)
 345 D   0.70972 0.17855 0.08783 0.02391 ( 1)
 346 D   0.70821 0.17969 0.08799 0.02412 ( 1)
 347 D   0.71367 0.17593 0.08705 0.02335 ( 1)
 348 N   0.00000 0.90828 0.00000 0.09172 ( 2)
 349 E   0.73159 0.16380 0.08369 0.02091 ( 1)
 350 D   0.70818 0.17972 0.08798 0.02412 ( 1)
 351 E   0.73178 0.16362 0.08371 0.02089 ( 1)
 352 E   0.00000 0.75994 0.00144 0.23862 ( 2)
 353 D   0.70818 0.17972 0.08798 0.02412 ( 1)
 354 E   0.73178 0.16362 0.08371 0.02089 ( 1)
 355 E   0.72735 0.16661 0.08456 0.02148 ( 1)
 356 D   0.70881 0.17912 0.08799 0.02408 ( 1)
 357 D   0.71422 0.17576 0.08674 0.02327 ( 1)
 358 D   0.00000 0.40164 0.47167 0.12669 ( 3)
 359 D   0.71416 0.17582 0.08674 0.02328 ( 1)
 360 N   0.00000 0.36740 0.52444 0.10816 ( 3)
 361 -   0.00000 0.87664 0.00000 0.12335 ( 2)
 362 D   0.00000 0.39822 0.47017 0.13160 ( 3)
 363 D   0.70926 0.17866 0.08806 0.02402 ( 1)
 364 D   0.71422 0.17576 0.08674 0.02327 ( 1)
 365 N   0.00000 0.88439 0.00000 0.11561 ( 2)
 366 D   0.69912 0.18017 0.09517 0.02553 ( 1)
 367 N   0.80318 0.10042 0.08426 0.01214 ( 1)
 368 S   0.77176 0.12385 0.08858 0.01582 ( 1)
 369 D   0.69870 0.18023 0.09546 0.02561 ( 1)
 370 E   0.70960 0.16991 0.09643 0.02406 ( 1)
 371 E   0.00000 0.74017 0.00000 0.25983 ( 2)
 372 D   0.00000 0.78037 0.06253 0.15710 ( 2)
 373 D   0.00000 0.88152 0.00000 0.11848 ( 2)
 374 D   0.00000 0.40753 0.46499 0.12747 ( 3)
 375 D   0.71422 0.17576 0.08674 0.02327 ( 1)
 376 S   0.00000 0.18995 0.66159 0.14846 ( 3)
 377 D   0.00000 0.38346 0.48434 0.13219 ( 3)
 378 D   0.00000 0.40100 0.47227 0.12673 ( 3)
 379 D   0.00000 0.88127 0.00000 0.11873 ( 2)
 380 E   0.00000 0.88241 0.00000 0.11759 ( 2)
 381 D   0.71367 0.17593 0.08705 0.02335 ( 1)


lnL = -2369.913275

Bayes Empirical Bayes (BEB) probabilities for 4 classes (class)
(amino acids refer to 1st sequence: Bbon)

   1 M   0.84115 0.09348 0.05759 0.00778 ( 1)
   2 K   0.23745 0.67418 0.02105 0.06732 ( 2)
   3 R   0.32650 0.60321 0.02086 0.04943 ( 2)
   4 T   0.83299 0.09925 0.05932 0.00844 ( 1)
   5 H   0.33830 0.59155 0.02164 0.04852 ( 2)
   6 L   0.72349 0.17387 0.08280 0.01985 ( 1)
   7 F   0.75561 0.15220 0.07618 0.01601 ( 1)
   8 V   0.76709 0.14445 0.07372 0.01473 ( 1)
   9 M   0.22539 0.68159 0.02157 0.07145 ( 2)
  10 A   0.28564 0.63597 0.02131 0.05708 ( 2)
  11 V   0.81364 0.11259 0.06365 0.01012 ( 1)
  12 Y   0.77399 0.13982 0.07220 0.01399 ( 1)
  13 L   0.72349 0.17387 0.08280 0.01985 ( 1)
  14 L   0.72349 0.17387 0.08280 0.01985 ( 1)
  15 S   0.83846 0.09548 0.05807 0.00799 ( 1)
  16 S   0.83846 0.09548 0.05807 0.00799 ( 1)
  17 C   0.86217 0.07906 0.05260 0.00616 ( 1)
  18 R   0.86561 0.07670 0.05177 0.00591 ( 1)
  19 A   0.78986 0.12896 0.06881 0.01237 ( 1)
  20 E   0.11297 0.36161 0.43744 0.08798 ( 3)
  21 E   0.76471 0.14600 0.07429 0.01500 ( 1)
  22 G   0.83280 0.09942 0.05933 0.00845 ( 1)
  23 L   0.72654 0.17083 0.08314 0.01950 ( 1)
  24 N   0.30683 0.61822 0.02150 0.05346 ( 2)
  25 F   0.77172 0.14132 0.07273 0.01424 ( 1)
  26 P   0.78177 0.13448 0.07056 0.01318 ( 1)
  27 T   0.83299 0.09925 0.05932 0.00844 ( 1)
  28 Y   0.77600 0.13852 0.07171 0.01377 ( 1)
  29 D   0.75300 0.15392 0.07677 0.01631 ( 1)
  30 G   0.83529 0.09768 0.05878 0.00824 ( 1)
  31 K   0.24652 0.66521 0.02186 0.06641 ( 2)
  32 D   0.75378 0.15370 0.07631 0.01621 ( 1)
  33 R   0.78693 0.13139 0.06903 0.01265 ( 1)
  34 V   0.76969 0.14364 0.07223 0.01444 ( 1)
  35 V   0.81500 0.11214 0.06287 0.00999 ( 1)
  36 S   0.78195 0.13476 0.07013 0.01316 ( 1)
  37 L   0.76841 0.14414 0.07289 0.01456 ( 1)
  38 T   0.83432 0.09884 0.05851 0.00833 ( 1)
  39 E   0.76563 0.14573 0.07375 0.01489 ( 1)
  40 K   0.78590 0.13208 0.06926 0.01276 ( 1)
  41 N   0.83457 0.09861 0.05852 0.00831 ( 1)
  42 F   0.77271 0.14102 0.07215 0.01412 ( 1)
  43 K   0.78590 0.13208 0.06926 0.01276 ( 1)
  44 Q   0.76464 0.14675 0.07365 0.01496 ( 1)
  45 V   0.81351 0.11315 0.06321 0.01013 ( 1)
  46 L   0.19538 0.70568 0.02051 0.07843 ( 2)
  47 K   0.78590 0.13208 0.06926 0.01276 ( 1)
  48 K   0.78659 0.13159 0.06913 0.01269 ( 1)
  49 Y   0.11951 0.36225 0.43442 0.08382 ( 3)
  50 D   0.75378 0.15370 0.07631 0.01621 ( 1)
  51 L   0.74237 0.16189 0.07825 0.01749 ( 1)
  52 L   0.81869 0.11007 0.06158 0.00966 ( 1)
  53 C   0.86813 0.07635 0.04977 0.00575 ( 1)
  54 L   0.81890 0.10986 0.06159 0.00964 ( 1)
  55 Y   0.77406 0.14045 0.07152 0.01397 ( 1)
  56 Y   0.11816 0.36234 0.43491 0.08459 ( 3)
  57 H   0.81602 0.11188 0.06221 0.00990 ( 1)
  58 E   0.76478 0.14657 0.07367 0.01498 ( 1)
  59 P   0.78184 0.13515 0.06984 0.01317 ( 1)
  60 V   0.21771 0.68974 0.02064 0.07191 ( 2)
  61 S   0.82962 0.10253 0.05913 0.00872 ( 1)
  62 S   0.80015 0.11804 0.07043 0.01137 ( 1)
  63 D   0.74837 0.15761 0.07719 0.01682 ( 1)
  64 K   0.78554 0.13263 0.06904 0.01279 ( 1)
  65 A   0.03102 0.88585 0.00222 0.08092 ( 2)
  66 A   0.00361 0.81852 0.00544 0.17243 ( 2)
  67 Q   0.76381 0.14758 0.07357 0.01505 ( 1)
  68 K   0.78554 0.13263 0.06904 0.01279 ( 1)
  69 Q   0.04242 0.24833 0.58789 0.12136 ( 3)
  70 F   0.12214 0.37225 0.42268 0.08293 ( 3)
  71 Q   0.76321 0.14819 0.07350 0.01509 ( 1)
  72 M   0.02138 0.87913 0.00209 0.09740 ( 2)
  73 K   0.78554 0.13263 0.06904 0.01279 ( 1)
  74 E   0.76745 0.14516 0.07271 0.01468 ( 1)
  75 I   0.77276 0.14162 0.07151 0.01411 ( 1)
  76 V   0.77298 0.13926 0.07363 0.01412 ( 1)
  77 L   0.72306 0.17459 0.08246 0.01988 ( 1)
  78 E   0.76371 0.14763 0.07357 0.01509 ( 1)
  79 F   0.74222 0.15605 0.08406 0.01766 ( 1)
  80 D   0.09101 0.33433 0.47230 0.10236 ( 3)
  81 E   0.75252 0.14813 0.08289 0.01646 ( 1)
  82 E   0.75252 0.14813 0.08289 0.01646 ( 1)
  83 G   0.80431 0.10866 0.07610 0.01093 ( 1)
  84 S   0.76243 0.14053 0.08171 0.01533 ( 1)
  85 L   0.71684 0.17562 0.08674 0.02079 ( 1)
  86 Y   0.75839 0.14364 0.08218 0.01578 ( 1)
  87 V   0.25205 0.65309 0.02504 0.06982 ( 2)
  88 L   0.79384 0.11696 0.07722 0.01197 ( 1)
  89 K   0.76559 0.13812 0.08131 0.01498 ( 1)
  90 G   0.84051 0.08161 0.07029 0.00760 ( 1)
  91 D   0.73642 0.16052 0.08470 0.01836 ( 1)
  92 R   0.76641 0.13749 0.08121 0.01489 ( 1)
  93 T   0.76214 0.14076 0.08174 0.01536 ( 1)
  94 I   0.76681 0.13718 0.08117 0.01484 ( 1)
  95 E   0.74952 0.15044 0.08324 0.01681 ( 1)
  96 F   0.74222 0.15605 0.08406 0.01766 ( 1)
  97 D   0.73642 0.16052 0.08470 0.01836 ( 1)
  98 G   0.80766 0.10613 0.07561 0.01060 ( 1)
  99 E   0.74952 0.15044 0.08324 0.01681 ( 1)
 100 F   0.74222 0.15605 0.08406 0.01766 ( 1)
 101 A   0.77287 0.13340 0.07956 0.01417 ( 1)
 102 A   0.76931 0.13527 0.08085 0.01457 ( 1)
 103 D   0.73642 0.16052 0.08470 0.01836 ( 1)
 104 V   0.78939 0.11996 0.07822 0.01243 ( 1)
 105 L   0.73111 0.16465 0.08524 0.01900 ( 1)
 106 V   0.75135 0.14903 0.08302 0.01659 ( 1)
 107 E   0.74952 0.15044 0.08324 0.01681 ( 1)
 108 F   0.74240 0.15587 0.08408 0.01764 ( 1)
 109 L   0.79372 0.11668 0.07762 0.01199 ( 1)
 110 L   0.73111 0.16465 0.08524 0.01900 ( 1)
 111 D   0.73888 0.15891 0.08415 0.01806 ( 1)
