Supplemental results for CODEML (seqf: /home/leticiamagpali/phd/evol_models/codeml/big_dataset/cml_align/MYL1_codon_aligned.phy  treef: /home/leticiamagpali/phd/evol_models/codeml/big_dataset/cml_trees/gene_trees/H3_gene_trees/MYL1_tree_H3.tre)

I	J	ij	2Ns_IJ	pMut_IJ	pSub_IJ	2Ns_JI	pMut_JI	pSub_JI

TTC	TTT	CT	0.54488	0.06659	0.08638	-0.54488	0.11484	0.08638
TTA	TTT	AT	2.08497	0.01846	0.04396	-2.08497	0.14852	0.04396
TTA	TTC	AC	1.54009	0.01336	0.02619	-1.54009	0.06233	0.02619
TTG	TTT	GT	2.41340	0.00465	0.01232	-2.41340	0.05191	0.01232
TTG	TTC	GC	1.86852	0.00336	0.00743	-1.86852	0.02178	0.00743
TTG	TTA	GA	0.32843	0.01405	0.01648	-0.32843	0.01951	0.01648
TCT	TTT	CT	0.80757	0.05121	0.07464	-0.80757	0.11484	0.07464
TCC	TTC	CT	-0.26217	0.06264	0.05479	0.26217	0.04819	0.05479
TCC	TCT	CT	-0.52486	0.06264	0.04763	0.52486	0.03706	0.04763
TCA	TTA	CT	4.69387	0.00022	0.00104	-4.69387	0.02402	0.00104
TCA	TCT	AT	5.97126	0.00012	0.00073	-5.97126	0.04793	0.00073
TCA	TCC	AC	6.49612	0.00009	0.00058	-6.49612	0.05863	0.00058
TCG	TTG	CT	7.58939	0.00000	0.00000	-7.58939	0.00604	0.00002
TCG	TCT	GT	9.19522	0.00000	0.00000	-9.19522	0.01675	0.00002
TCG	TCC	GC	9.72008	0.00000	0.00000	-9.72008	0.02049	0.00001
TCG	TCA	GA	3.22396	0.00000	0.00000	-3.22396	0.00013	0.00002
TAT	TTT	AT	2.05239	0.01907	0.04492	-2.05239	0.14852	0.04492
TAT	TCT	AC	1.24482	0.01380	0.02413	-1.24482	0.04793	0.02413
TAC	TTC	AT	4.84766	0.00049	0.00239	-4.84766	0.06233	0.00239
TAC	TCC	AC	5.10983	0.00035	0.00182	-5.10983	0.05863	0.00182
TAC	TAT	CT	3.34015	0.00088	0.00304	-3.34015	0.02481	0.00304
TGT	TTT	GT	10.32620	0.00000	0.00000	-10.32620	0.05191	0.00002
TGT	TCT	GC	9.51863	0.00000	0.00000	-9.51863	0.01675	0.00001
TGT	TAT	GA	8.27381	0.00000	0.00000	-8.27381	0.02016	0.00004
TGC	TTC	GT	4.08408	0.00037	0.00152	-4.08408	0.02178	0.00152
TGC	TCC	GC	4.34625	0.00027	0.00117	-4.34625	0.02049	0.00117
TGC	TAC	GA	-0.76358	0.00111	0.00074	0.76358	0.00052	0.00074
TGC	TGT	CT	-5.69725	0.00066	0.00001	5.69725	0.00000	0.00000
TGG	TTG	GT	2.41340	0.00024	0.00065	-2.41340	0.00273	0.00065
TGG	TCG	GC	-5.17599	0.00018	0.00001	5.17599	0.00000	0.00000
TGG	TGT	GT	-5.49941	0.00024	0.00001	5.49941	0.00000	0.00000
TGG	TGC	GC	0.19784	0.00018	0.00020	-0.19784	0.00022	0.00020
CTT	TTT	CT	0.72522	0.05561	0.07818	-0.72522	0.11484	0.07818
CTC	TTC	CT	0.29657	0.03582	0.04140	-0.29657	0.04819	0.04140
CTC	CTT	CT	0.11623	0.03582	0.03795	-0.11623	0.04024	0.03795
CTA	TTA	CT	-0.76572	0.05165	0.03437	0.76572	0.02402	0.03437
CTA	CTT	AT	0.59402	0.02873	0.03811	-0.59402	0.05205	0.03811
CTA	CTC	AC	0.47780	0.02079	0.02616	-0.47780	0.03353	0.02616
CTG	TTG	CT	-2.46657	0.07121	0.01629	2.46657	0.00604	0.01629
CTG	CTT	GT	-0.77840	0.03962	0.02618	0.77840	0.01819	0.02618
CTG	CTC	GC	-0.89462	0.02867	0.01773	0.89462	0.01172	0.01773
CTG	CTA	GA	-1.37242	0.11980	0.05583	1.37242	0.03037	0.05583
CCT	TCT	CT	-1.14902	0.11692	0.06234	1.14902	0.03706	0.06234
CCT	CTT	CT	-1.06667	0.11692	0.06545	1.06667	0.04024	0.06545
CCC	TCC	CT	-0.62417	0.08462	0.06094	0.62417	0.04533	0.06094
CCC	CTC	CT	-1.18291	0.08462	0.04421	1.18291	0.02593	0.04421
CCC	CCT	CT	-0.00001	0.08462	0.08462	0.00001	0.08462	0.08462
CCA	TCA	CT	-5.71704	0.04835	0.00091	5.71704	0.00016	0.00091
CCA	CTA	CT	-0.25746	0.04835	0.04239	0.25746	0.03738	0.04239
CCA	CCT	AT	1.40324	0.02690	0.05005	-1.40324	0.10944	0.05005
CCA	CCC	AC	1.40325	0.01947	0.03622	-1.40325	0.07920	0.03622
CCG	TCG	CT	-8.77302	0.01429	0.00002	8.77302	0.00000	0.00000
CCG	CTG	CT	1.28294	0.01429	0.02536	-1.28294	0.05153	0.02536
CCG	CCT	GT	1.57121	0.00795	0.01576	-1.57121	0.03825	0.01576
CCG	CCC	GC	1.57123	0.00575	0.01141	-1.57123	0.02768	0.01141
CCG	CCA	GA	0.16798	0.02403	0.02611	-0.16798	0.02843	0.02611
CAT	TAT	CT	0.14147	0.02154	0.02310	-0.14147	0.02481	0.02310
CAT	CTT	AT	1.46864	0.01198	0.02286	-1.46864	0.05205	0.02286
CAT	CCT	AC	2.53531	0.00867	0.02388	-2.53531	0.10944	0.02388
CAC	TAC	CT	-3.89295	0.03121	0.00253	3.89295	0.00064	0.00253
CAC	CTC	AT	0.65814	0.01736	0.02370	-0.65814	0.03353	0.02370
CAC	CCC	AC	1.84105	0.01257	0.02749	-1.84105	0.07920	0.02749
CAC	CAT	CT	-0.69427	0.03121	0.02162	0.69427	0.01559	0.02162
CAA	CTA	AT	0.79242	0.02189	0.03169	-0.79242	0.04834	0.03169
CAA	CCA	AC	1.04988	0.01584	0.02558	-1.04988	0.04526	0.02558
CAA	CAT	AT	-0.08220	0.02189	0.02100	0.08220	0.02016	0.02100
CAA	CAC	AC	0.61208	0.01584	0.02118	-0.61208	0.02921	0.02118
CAG	CTG	AT	0.60387	0.03644	0.04854	-0.60387	0.06665	0.04854
CAG	CCG	AC	-0.67907	0.02637	0.01842	0.67907	0.01337	0.01842
CAG	CAT	GT	-1.64317	0.03644	0.01435	1.64317	0.00705	0.01435
CAG	CAC	GC	-0.94889	0.02637	0.01581	0.94889	0.01021	0.01581
CAG	CAA	GA	-1.56097	0.11019	0.04570	1.56097	0.02313	0.04570
CGT	TGT	CT	-9.66123	0.03473	0.00002	9.66123	0.00000	0.00000
CGT	CTT	GT	-0.06025	0.01932	0.01874	0.06025	0.01819	0.01874
CGT	CCT	GC	1.00642	0.01398	0.02218	-1.00642	0.03825	0.02218
CGT	CAT	GA	-1.52889	0.05842	0.02472	1.52889	0.01266	0.02472
CGC	TGC	CT	5.05042	0.00000	0.00000	-5.05042	0.00048	0.00002
CGC	CTC	GT	8.83793	0.00000	0.00000	-8.83793	0.01172	0.00002
CGC	CCC	GC	10.02083	0.00000	0.00000	-10.02083	0.02768	0.00001
CGC	CAC	GA	8.17978	0.00000	0.00000	-8.17978	0.01835	0.00004
CGC	CGT	CT	9.01440	0.00000	0.00000	-9.01440	0.02513	0.00003
CGA	CTA	GT	3.13678	0.00073	0.00241	-3.13678	0.01690	0.00241
CGA	CCA	GC	3.39424	0.00053	0.00186	-3.39424	0.01582	0.00186
CGA	CAA	GA	2.34436	0.00222	0.00575	-2.34436	0.02313	0.00575
CGA	CGT	AT	3.79106	0.00073	0.00285	-3.79106	0.03250	0.00285
CGA	CGC	AC	-5.22334	0.00053	0.00002	5.22334	0.00000	0.00000
CGG	TGG	CT	-4.02472	0.01780	0.00130	4.02472	0.00032	0.00130
CGG	CTG	GT	0.85525	0.00990	0.01474	-0.85525	0.02329	0.01474
CGG	CCG	GC	-0.42769	0.00717	0.00574	0.42769	0.00467	0.00574
CGG	CAG	GA	0.25138	0.02995	0.03387	-0.25138	0.03851	0.03387
CGG	CGT	GT	0.13710	0.00990	0.01060	-0.13710	0.01136	0.01060
CGG	CGC	GC	-8.87730	0.00717	0.00001	8.87730	0.00000	0.00000
CGG	CGA	GA	-3.65395	0.02995	0.00291	3.65395	0.00078	0.00291
ATT	TTT	AT	1.41189	0.03619	0.06756	-1.41189	0.14852	0.06756
ATT	CTT	AC	0.68667	0.02619	0.03621	-0.68667	0.05205	0.03621
ATC	TTC	AT	1.20352	0.01871	0.03217	-1.20352	0.06233	0.03217
ATC	CTC	AC	0.90695	0.01354	0.02059	-0.90695	0.03353	0.02059
ATC	ATT	CT	0.33651	0.03363	0.03960	-0.33651	0.04708	0.03960
ATA	TTA	AT	4.84435	0.00024	0.00119	-4.84435	0.03106	0.00119
ATA	CTA	AC	5.61007	0.00018	0.00100	-5.61007	0.04834	0.00100
ATA	ATT	AT	5.51743	0.00024	0.00135	-5.51743	0.06089	0.00135
ATA	ATC	AC	5.18093	0.00018	0.00092	-5.18093	0.03147	0.00092
ATG	TTG	AT	-1.73935	0.04451	0.01649	1.73935	0.00782	0.01649
ATG	CTG	AC	0.72722	0.03221	0.04533	-0.72722	0.06665	0.04533
ATG	ATT	GT	-0.73784	0.04451	0.03009	0.73784	0.02128	0.03009
ATG	ATC	GC	-1.07434	0.03221	0.01795	1.07434	0.01100	0.01795
ATG	ATA	GA	-6.25527	0.13459	0.00162	6.25527	0.00026	0.00162
ACT	TCT	AT	3.89182	0.00098	0.00389	-3.89182	0.04793	0.00389
ACT	CCT	AC	5.04084	0.00071	0.00359	-5.04084	0.10944	0.00359
ACT	ATT	CT	3.28750	0.00176	0.00600	-3.28750	0.04708	0.00600
ACC	TCC	AT	0.42971	0.03815	0.04693	-0.42971	0.05863	0.04693
ACC	CCC	AC	1.05388	0.02761	0.04466	-1.05388	0.07920	0.04466
ACC	ATC	CT	-1.03598	0.06857	0.03908	1.03598	0.02433	0.03908
ACC	ACT	CT	-3.98698	0.06857	0.00517	3.98698	0.00127	0.00517
ACA	TCA	AT	-5.05573	0.03228	0.00105	5.05573	0.00021	0.00105
ACA	CCA	AC	0.66131	0.02336	0.03193	-0.66131	0.04526	0.03193
ACA	ATA	CT	-5.20622	0.05802	0.00167	5.20622	0.00032	0.00167
ACA	ACT	AT	-2.97629	0.03228	0.00516	2.97629	0.00165	0.00516
ACA	ACC	AC	1.01069	0.02336	0.03712	-1.01069	0.06418	0.03712
ACG	TCG	AT	-6.46305	0.00183	0.00002	6.46305	0.00000	0.00000
ACG	CCG	AC	2.30997	0.00133	0.00340	-2.30997	0.01337	0.00340
ACG	ATG	CT	2.86569	0.00330	0.01002	-2.86569	0.05789	0.01002
ACG	ACT	GT	-1.15965	0.00183	0.00097	1.15965	0.00058	0.00097
ACG	ACC	GC	2.82733	0.00133	0.00399	-2.82733	0.02243	0.00399
ACG	ACA	GA	1.81664	0.00555	0.01203	-1.81664	0.03412	0.01203
AAT	TAT	AT	-0.55897	0.05612	0.04189	0.55897	0.03209	0.04189
AAT	CAT	AC	-0.70045	0.04062	0.02804	0.70045	0.02016	0.02804
AAT	ATT	AT	0.08153	0.05612	0.05844	-0.08153	0.06089	0.05844
AAT	ACT	AC	-3.20597	0.04062	0.00550	3.20597	0.00165	0.00550
AAC	TAC	AT	-4.16883	0.05319	0.00348	4.16883	0.00082	0.00348
AAC	CAC	AC	-0.27588	0.03849	0.03343	0.27588	0.02921	0.03343
AAC	ATC	AT	-0.52469	0.05319	0.04045	0.52469	0.03147	0.04045
AAC	ACC	AC	0.51129	0.03849	0.04917	-0.51129	0.06418	0.04917
AAC	AAT	CT	-0.26971	0.09561	0.08329	0.26971	0.07300	0.08329
AAA	CAA	AC	0.23193	0.02920	0.03272	-0.23193	0.03682	0.03272
AAA	ATA	AT	-4.58572	0.04035	0.00191	4.58572	0.00041	0.00191
AAA	ACA	AC	0.62049	0.02920	0.03919	-0.62049	0.05431	0.03919
AAA	AAT	AT	0.85018	0.04035	0.05990	-0.85018	0.09442	0.05990
AAA	AAC	AC	1.11989	0.02920	0.04854	-1.11989	0.08949	0.04854
AAG	CAG	AC	-0.22200	0.07654	0.06836	0.22200	0.06130	0.06836
AAG	ATG	AT	-0.34535	0.10577	0.08855	0.34535	0.07488	0.08855
AAG	ACG	AC	-3.21104	0.07654	0.01032	3.21104	0.00309	0.01032
AAG	AAT	GT	-1.16472	0.10577	0.05587	1.16472	0.03300	0.05587
AAG	AAC	GC	-0.89501	0.07654	0.04733	0.89501	0.03127	0.04733
AAG	AAA	GA	-2.01490	0.31984	0.09915	2.01490	0.04265	0.09915
AGT	TGT	AT	-4.44815	0.00024	0.00001	4.44815	0.00000	0.00000
AGT	CGT	AC	5.21308	0.00018	0.00093	-5.21308	0.03250	0.00093
AGT	ATT	GT	4.46617	0.00024	0.00110	-4.46617	0.02128	0.00110
AGT	ACT	GC	1.17867	0.00018	0.00030	-1.17867	0.00058	0.00030
AGT	AAT	GA	4.38464	0.00074	0.00328	-4.38464	0.05932	0.00328
AGC	TGC	AT	-3.49315	0.02030	0.00222	3.49315	0.00062	0.00222
AGC	CGC	AC	-8.54357	0.01469	0.00002	8.54357	0.00000	0.00000
AGC	ATC	GT	-0.61259	0.02030	0.01471	0.61259	0.01100	0.01471
AGC	ACC	GC	0.42339	0.01469	0.01802	-0.42339	0.02243	0.01802
AGC	AAC	GA	-0.08790	0.06138	0.05872	0.08790	0.05622	0.05872
AGC	AGT	CT	-4.74225	0.03648	0.00152	4.74225	0.00032	0.00152
AGA	CGA	AC	-1.40766	0.00504	0.00230	1.40766	0.00123	0.00230
AGA	ATA	GT	-3.88095	0.00697	0.00057	3.88095	0.00014	0.00057
AGA	ACA	GC	1.32527	0.00504	0.00910	-1.32527	0.01898	0.00910
AGA	AAA	GA	0.70478	0.02108	0.02937	-0.70478	0.04265	0.02937
AGA	AGT	AT	-2.82968	0.00697	0.00124	2.82968	0.00041	0.00124
AGA	AGC	AC	1.91257	0.00504	0.01132	-1.91257	0.03415	0.01132
AGG	TGG	AT	-4.15727	0.02629	0.00174	4.15727	0.00041	0.00174
AGG	CGG	AC	-0.13255	0.01902	0.01779	0.13255	0.01666	0.01779
AGG	ATG	GT	-0.00453	0.02629	0.02623	0.00453	0.02617	0.02623
AGG	ACG	GC	-2.87022	0.01902	0.00328	2.87022	0.00108	0.00328
AGG	AAG	GA	0.34083	0.07950	0.09381	-0.34083	0.11178	0.09381
AGG	AGT	GT	-5.20853	0.02629	0.00075	5.20853	0.00014	0.00075
AGG	AGC	GC	-0.46628	0.01902	0.01493	0.46628	0.01193	0.01493
AGG	AGA	GA	-2.37885	0.07950	0.01931	2.37885	0.00737	0.01931
GTT	TTT	GT	0.24284	0.04072	0.04586	-0.24284	0.05191	0.04586
GTT	CTT	GC	-0.48238	0.02947	0.02293	0.48238	0.01819	0.02293
GTT	ATT	GA	-1.16905	0.12313	0.06487	1.16905	0.03825	0.06487
GTC	TTC	GT	-0.34674	0.03081	0.02578	0.34674	0.02178	0.02578
GTC	CTC	GC	-0.64331	0.02230	0.01589	0.64331	0.01172	0.01589
GTC	ATC	GA	-1.55025	0.09318	0.03891	1.55025	0.01977	0.03891
GTC	GTT	CT	-0.04470	0.05539	0.05416	0.04470	0.05296	0.05416
GTA	TTA	GT	0.31185	0.00795	0.00925	-0.31185	0.01086	0.00925
GTA	CTA	GC	1.07757	0.00575	0.00940	-1.07757	0.01690	0.00940
GTA	ATA	GA	-4.53250	0.02403	0.00118	4.53250	0.00026	0.00118
GTA	GTT	AT	2.15398	0.00795	0.01937	-2.15398	0.06850	0.01937
GTA	GTC	AC	2.19868	0.00575	0.01422	-2.19868	0.05184	0.01422
GTG	TTG	GT	-1.30017	0.01003	0.00488	1.30017	0.00273	0.00488
GTG	CTG	GC	1.16640	0.00726	0.01229	-1.16640	0.02329	0.01229
GTG	ATG	GA	0.43917	0.03032	0.03746	-0.43917	0.04704	0.03746
GTG	GTT	GT	0.87038	0.01003	0.01501	-0.87038	0.02394	0.01501
GTG	GTC	GC	0.91508	0.00726	0.01108	-0.91508	0.01812	0.01108
GTG	GTA	GA	-1.28359	0.03032	0.01491	1.28359	0.00840	0.01491
GCT	TCT	GT	-1.21123	0.05625	0.02890	1.21123	0.01675	0.02890
GCT	CCT	GC	-0.06221	0.04070	0.03945	0.06221	0.03825	0.03945
GCT	ACT	GA	-5.10305	0.17009	0.00531	5.10305	0.00103	0.00531
GCT	GTT	CT	-0.64650	0.10110	0.07192	0.64650	0.05296	0.07192
GCC	TCC	GT	-1.22067	0.06945	0.03548	1.22067	0.02049	0.03548
GCC	CCC	GC	-0.59651	0.05026	0.03675	0.59651	0.02768	0.03675
GCC	ACC	GA	-1.65038	0.21003	0.08235	1.65038	0.04032	0.08235
GCC	GTC	CT	-1.13611	0.12484	0.06707	1.13611	0.04008	0.06707
GCC	GCT	CT	-0.53431	0.12484	0.09444	0.53431	0.07316	0.09444
GCA	TCA	GT	-6.93627	0.07398	0.00050	6.93627	0.00007	0.00050
GCA	CCA	GC	-1.21923	0.05353	0.02737	1.21923	0.01582	0.02737
GCA	ACA	GA	-1.88054	0.22371	0.07570	1.88054	0.03412	0.07570
GCA	GTA	CT	-2.55426	0.13297	0.02863	2.55426	0.01034	0.02863
GCA	GCT	AT	0.24622	0.07398	0.08346	-0.24622	0.09463	0.08346
GCA	GCC	AC	0.78053	0.05353	0.07712	-0.78053	0.11684	0.07712
GCG	TCG	GT	-9.57695	0.01443	0.00001	9.57695	0.00000	0.00000
GCG	CCG	GC	-0.80392	0.01044	0.00680	0.80392	0.00467	0.00680
GCG	ACG	GA	-3.11390	0.04363	0.00632	3.11390	0.00194	0.00632
GCG	GTG	CT	-0.68738	0.02593	0.01803	0.68738	0.01304	0.01803
GCG	GCT	GT	0.82950	0.01443	0.02123	-0.82950	0.03307	0.02123
GCG	GCC	GC	1.36381	0.01044	0.01913	-1.36381	0.04084	0.01913
GCG	GCA	GA	0.58328	0.04363	0.05759	-0.58328	0.07818	0.05759
GAT	TAT	GT	-0.91926	0.02812	0.01715	0.91926	0.01122	0.01715
GAT	CAT	GC	-1.06074	0.02035	0.01143	1.06074	0.00705	0.01143
GAT	AAT	GA	-0.36029	0.08505	0.07064	0.36029	0.05932	0.07064
GAT	GTT	AT	0.89028	0.02812	0.04248	-0.89028	0.06850	0.04248
GAT	GCT	AC	1.53678	0.02035	0.03985	-1.53678	0.09463	0.03985
GAC	TAC	GT	-5.42701	0.06542	0.00157	5.42701	0.00029	0.00157
GAC	CAC	GC	-1.53407	0.04734	0.01997	1.53407	0.01021	0.01997
GAC	AAC	GA	-1.25818	0.19782	0.09881	1.25818	0.05622	0.09881
GAC	GTC	AT	-0.23262	0.06542	0.05810	0.23262	0.05184	0.05810
GAC	GCC	AC	0.90349	0.04734	0.07190	-0.90349	0.11684	0.07190
GAC	GAT	CT	-1.16760	0.11758	0.06200	1.16760	0.03658	0.06200
GAA	CAA	GC	-1.31366	0.04787	0.02312	1.31366	0.01287	0.02312
GAA	AAA	GA	-1.54559	0.20004	0.08377	1.54559	0.04265	0.08377
GAA	GTA	AT	-1.59881	0.06615	0.02679	1.59881	0.01337	0.02679
GAA	GCA	AC	0.95544	0.04787	0.07433	-0.95544	0.12446	0.07433
GAA	GAT	AT	-0.33512	0.06615	0.05568	0.33512	0.04731	0.05568
GAA	GAC	AC	0.83248	0.04787	0.07053	-0.83248	0.11006	0.07053
GAG	CAG	GC	-0.53881	0.03672	0.02771	0.53881	0.02142	0.02771
GAG	AAG	GA	-0.31681	0.15345	0.13043	0.31681	0.11178	0.13043
GAG	GTG	AT	-1.10134	0.05074	0.02783	1.10134	0.01687	0.02783
GAG	GCG	AC	-0.41396	0.03672	0.02964	0.41396	0.02427	0.02964
GAG	GAT	GT	-1.12124	0.05074	0.02750	1.12124	0.01654	0.02750
GAG	GAC	GC	0.04636	0.03672	0.03758	-0.04636	0.03846	0.03758
GAG	GAA	GA	-0.78612	0.15345	0.10096	0.78612	0.06991	0.10096
GGT	TGT	GT	-10.30752	0.02996	0.00001	10.30752	0.00000	0.00000
GGT	CGT	GC	-0.64629	0.02168	0.01542	0.64629	0.01136	0.01542
GGT	AGT	GA	-5.85937	0.09059	0.00152	5.85937	0.00026	0.00152
GGT	GTT	GT	-0.22416	0.02996	0.02672	0.22416	0.02394	0.02672
GGT	GCT	GC	0.42234	0.02168	0.02658	-0.42234	0.03307	0.02658
GGT	GAT	GA	-1.11444	0.09059	0.04930	1.11444	0.02972	0.04930
GGC	TGC	GT	-5.41384	0.04842	0.00117	5.41384	0.00022	0.00117
GGC	CGC	GC	-10.46426	0.03504	0.00001	10.46426	0.00000	0.00000
GGC	AGC	GA	-1.92069	0.14643	0.04828	1.92069	0.02145	0.04828
GGC	GTC	GT	-0.98303	0.04842	0.02846	0.98303	0.01812	0.02846
GGC	GCC	GC	0.15308	0.03504	0.03779	-0.15308	0.04084	0.03779
GGC	GAC	GA	-0.75041	0.14643	0.09829	0.75041	0.06914	0.09829
GGC	GGT	CT	-0.80357	0.08703	0.05670	0.80357	0.03897	0.05670
GGA	CGA	GC	-2.81032	0.00717	0.00129	2.81032	0.00043	0.00129
GGA	AGA	GA	-1.40266	0.02995	0.01370	1.40266	0.00737	0.01370
GGA	GTA	GT	-0.75110	0.00990	0.00665	0.75110	0.00467	0.00665
GGA	GCA	GC	1.80315	0.00717	0.01547	-1.80315	0.04350	0.01547
GGA	GAA	GA	0.84771	0.02995	0.04442	-0.84771	0.06991	0.04442
GGA	GGT	AT	1.62703	0.00990	0.02006	-1.62703	0.05040	0.02006
GGA	GGC	AC	2.43060	0.00717	0.01910	-2.43060	0.08146	0.01910
GGG	TGG	GT	-0.93651	0.00037	0.00022	0.93651	0.00014	0.00022
GGG	CGG	GC	3.08821	0.00027	0.00086	-3.08821	0.00582	0.00086
GGG	AGG	GA	3.22076	0.00111	0.00372	-3.22076	0.02778	0.00372
GGG	GTG	GT	2.77707	0.00037	0.00109	-2.77707	0.00590	0.00109
GGG	GCG	GC	3.46444	0.00027	0.00095	-3.46444	0.00848	0.00095
GGG	GAG	GA	3.87840	0.00111	0.00439	-3.87840	0.05363	0.00439
GGG	GGT	GT	3.87160	0.00037	0.00145	-3.87160	0.01761	0.00145
GGG	GGC	GC	4.67517	0.00027	0.00125	-4.67517	0.02847	0.00125
GGG	GGA	GA	2.24457	0.00111	0.00279	-2.24457	0.01047	0.00279


Histograms
2Ns	FMut	FSub(CodonUsage)	FSubw(after w)

-9.96596	0.01238	0.00001
-8.96937	0.00481	0.00001
-7.97277	0.00239	0.00001
-6.97617	0.00711	0.00008
-5.97958	0.02324	0.00053
-4.98298	0.04720	0.00218
-3.98639	0.02836	0.00295
-2.98979	0.03762	0.00890
-1.99319	0.14975	0.07181
-0.99660	0.32240	0.27106
0.00000	0.20803	0.28499
0.99660	0.12968	0.27106
1.99319	0.02399	0.07181
2.98979	0.00213	0.00889
3.98639	0.00053	0.00294
4.98298	0.00031	0.00218
5.97958	0.00007	0.00053
6.97617	0.00001	0.00008
7.97277	0.00000	0.00000
8.96937	0.00000	0.00000
9.96596	0.00000	0.00000

Proportion of advantageous (S > 0) mutations:
 0.24796

Proportions of good & bad mutations (|S| > 2.0000) among mutations:
0.00969  0.22052

mean |Ns| = 1.63699	mean Ns+ = 0.76038	mean Ns- = -1.92602


MLEs of dN/dS (w) for site classes (K=4)

site class             0        1       2a       2b
proportion       0.00000  0.00000  0.92809  0.07191
background w     0.13761  2.63494  0.13761  2.63494
foreground w     0.13761  2.63494  0.08348  0.08348

Naive Empirical Bayes (NEB) probabilities for 4 classes
(amino acids refer to 1st sequence: Bacu)

   1 D   0.00000 0.00000 0.99794 0.00206 ( 3)
   2 Q   0.00000 0.00000 0.99803 0.00197 ( 3)
   3 A   0.00000 0.00000 0.02778 0.97222 ( 4)
   4 N   0.00000 0.00000 0.99883 0.00117 ( 3)
   5 H   0.00000 0.00000 0.98957 0.01043 ( 3)
   6 H   0.00000 0.00000 0.99946 0.00054 ( 3)
   7 S   0.00000 0.00000 0.95170 0.04830 ( 3)
   8 S   0.00000 0.00000 0.99865 0.00135 ( 3)
   9 S   0.00000 0.00000 0.99753 0.00247 ( 3)
  10 K   0.00000 0.00000 0.35854 0.64146 ( 4)
  11 N   0.00000 0.00000 0.99749 0.00251 ( 3)
  12 Q   0.00000 0.00000 0.97224 0.02776 ( 3)
  13 F   0.00000 0.00000 0.88744 0.11256 ( 3)
  14 D   0.00000 0.00000 0.99879 0.00121 ( 3)
  15 R   0.00000 0.00000 0.99677 0.00323 ( 3)
  16 F   0.00000 0.00000 0.99667 0.00333 ( 3)
  17 F   0.00000 0.00000 0.99377 0.00623 ( 3)
  18 R   0.00000 0.00000 0.98174 0.01826 ( 3)
  19 R   0.00000 0.00000 0.96235 0.03765 ( 3)
  20 L   0.00000 0.00000 0.74268 0.25732 ( 3)
  21 S   0.00000 0.00000 0.99777 0.00223 ( 3)
  22 F   0.00000 0.00000 0.05303 0.94697 ( 4)
  23 S   0.00000 0.00000 0.00000 1.00000 ( 4)
  24 F   0.00000 0.00000 0.90090 0.09910 ( 3)
  25 F   0.00000 0.00000 0.87302 0.12698 ( 3)
  26 -   0.00000 0.00000 0.96337 0.03663 ( 3)
  27 P   0.00000 0.00000 0.91157 0.08843 ( 3)
  28 I   0.00000 0.00000 0.99804 0.00196 ( 3)
  29 L   0.00000 0.00000 0.99940 0.00060 ( 3)
  30 L   0.00000 0.00000 0.39251 0.60749 ( 4)
  31 N   0.00000 0.00000 0.99900 0.00100 ( 3)
  32 T   0.00000 0.00000 0.05241 0.94759 ( 4)
  33 M   0.00000 0.00000 0.99846 0.00154 ( 3)
  34 A   0.00000 0.00000 0.98857 0.01143 ( 3)
  35 P   0.00000 0.00000 0.99653 0.00347 ( 3)
  36 K   0.00000 0.00000 0.99591 0.00409 ( 3)
  37 K   0.00000 0.00000 0.99591 0.00409 ( 3)
  38 D   0.00000 0.00000 0.99912 0.00088 ( 3)
  39 V   0.00000 0.00000 0.99989 0.00011 ( 3)
  40 K   0.00000 0.00000 0.99591 0.00409 ( 3)
  41 K   0.00000 0.00000 0.99927 0.00073 ( 3)
  42 P   0.00000 0.00000 0.95721 0.04279 ( 3)
  43 A   0.00000 0.00000 0.99310 0.00690 ( 3)
  44 A   0.00000 0.00000 0.99562 0.00438 ( 3)
  45 A   0.00000 0.00000 0.87912 0.12088 ( 3)
  46 A   0.00000 0.00000 0.86681 0.13319 ( 3)
  47 A   0.00000 0.00000 0.99593 0.00407 ( 3)
  48 P   0.00000 0.00000 0.99585 0.00415 ( 3)
  49 A   0.00000 0.00000 0.99630 0.00370 ( 3)
  50 P   0.00000 0.00000 0.99388 0.00612 ( 3)
  51 A   0.00000 0.00000 0.99538 0.00462 ( 3)
  52 P   0.00000 0.00000 0.99203 0.00797 ( 3)
  53 A   0.00000 0.00000 0.99469 0.00531 ( 3)
  54 P   0.00000 0.00000 0.99598 0.00402 ( 3)
  55 A   0.00000 0.00000 0.99257 0.00743 ( 3)
  56 P   0.00000 0.00000 0.99652 0.00348 ( 3)
  57 A   0.00000 0.00000 0.83387 0.16613 ( 3)
  58 P   0.00000 0.00000 0.99043 0.00957 ( 3)
  59 A   0.00000 0.00000 0.98806 0.01194 ( 3)
  60 P   0.00000 0.00000 0.99062 0.00938 ( 3)
  61 A   0.00000 0.00000 0.98812 0.01188 ( 3)
  62 P   0.00000 0.00000 0.99040 0.00960 ( 3)
  63 A   0.00000 0.00000 0.79559 0.20441 ( 3)
  64 P   0.00000 0.00000 0.99608 0.00392 ( 3)
  65 P   0.00000 0.00000 0.99397 0.00603 ( 3)
  66 K   0.00000 0.00000 0.99870 0.00130 ( 3)
  67 E   0.00000 0.00000 0.99672 0.00328 ( 3)
  68 K   0.00000 0.00000 0.01559 0.98441 ( 4)
  69 K   0.00000 0.00000 0.99409 0.00591 ( 3)
  70 I   0.00000 0.00000 0.99874 0.00126 ( 3)
  71 D   0.00000 0.00000 0.99842 0.00158 ( 3)
  72 L   0.00000 0.00000 0.99876 0.00124 ( 3)
  73 S   0.00000 0.00000 0.96957 0.03043 ( 3)
  74 A   0.00000 0.00000 0.99510 0.00490 ( 3)
  75 I   0.00000 0.00000 0.12881 0.87119 ( 4)
  76 E   0.00000 0.00000 0.94634 0.05366 ( 3)
  77 F   0.00000 0.00000 0.99733 0.00267 ( 3)
  78 K   0.00000 0.00000 0.99625 0.00375 ( 3)
  79 E   0.00000 0.00000 0.99806 0.00194 ( 3)
  80 A   0.00000 0.00000 0.99051 0.00949 ( 3)
  81 F   0.00000 0.00000 0.99481 0.00519 ( 3)
  82 L   0.00000 0.00000 0.99938 0.00062 ( 3)
  83 L   0.00000 0.00000 0.99023 0.00977 ( 3)
  84 Y   0.00000 0.00000 0.99860 0.00140 ( 3)
  85 D   0.00000 0.00000 0.99920 0.00080 ( 3)
  86 R   0.00000 0.00000 0.99611 0.00389 ( 3)
  87 Q   0.00000 0.00000 0.64345 0.35655 ( 3)
  88 G   0.00000 0.00000 0.99572 0.00428 ( 3)
  89 D   0.00000 0.00000 0.99903 0.00097 ( 3)
  90 N   0.00000 0.00000 0.00001 0.99999 ( 4)
  91 K   0.00000 0.00000 0.99625 0.00375 ( 3)
  92 I   0.00000 0.00000 0.99994 0.00006 ( 3)
  93 T   0.00000 0.00000 0.98933 0.01067 ( 3)
  94 L   0.00000 0.00000 0.99595 0.00405 ( 3)
  95 S   0.00000 0.00000 0.26705 0.73295 ( 4)
  96 Q   0.00000 0.00000 0.99871 0.00129 ( 3)
  97 V   0.00000 0.00000 0.99909 0.00091 ( 3)
  98 G   0.00000 0.00000 0.99450 0.00550 ( 3)
  99 D   0.00000 0.00000 0.99995 0.00005 ( 3)
 100 V   0.00000 0.00000 0.99949 0.00051 ( 3)
 101 L   0.00000 0.00000 0.99958 0.00042 ( 3)
 102 R   0.00000 0.00000 0.99821 0.00179 ( 3)
 103 A   0.00000 0.00000 0.99356 0.00644 ( 3)
 104 L   0.00000 0.00000 0.99316 0.00684 ( 3)
 105 G   0.00000 0.00000 0.99586 0.00414 ( 3)
 106 T   0.00000 0.00000 0.99699 0.00301 ( 3)
 107 N   0.00000 0.00000 0.99821 0.00179 ( 3)
 108 P   0.00000 0.00000 0.99609 0.00391 ( 3)
 109 T   0.00000 0.00000 0.99938 0.00062 ( 3)
 110 N   0.00000 0.00000 0.99821 0.00179 ( 3)
 111 A   0.00000 0.00000 0.98918 0.01082 ( 3)
 112 E   0.00000 0.00000 0.99806 0.00194 ( 3)
 113 V   0.00000 0.00000 0.99949 0.00051 ( 3)
 114 K   0.00000 0.00000 0.99625 0.00375 ( 3)
 115 E   0.00000 0.00000 0.00000 1.00000 ( 4)
 116 V   0.00000 0.00000 0.99936 0.00064 ( 3)
 117 L   0.00000 0.00000 0.88216 0.11784 ( 3)
 118 G   0.00000 0.00000 0.99967 0.00033 ( 3)
 119 N   0.00000 0.00000 0.98560 0.01440 ( 3)
 120 P   0.00000 0.00000 0.99609 0.00391 ( 3)
 121 S   0.00000 0.00000 0.99969 0.00031 ( 3)
 122 N   0.00000 0.00000 0.57715 0.42285 ( 3)
 123 E   0.00000 0.00000 0.99814 0.00186 ( 3)
 124 E   0.00000 0.00000 0.99807 0.00193 ( 3)
 125 M   0.00000 0.00000 0.99862 0.00138 ( 3)
 126 N   0.00000 0.00000 0.99821 0.00179 ( 3)
 127 V   0.00000 0.00000 0.94493 0.05507 ( 3)
 128 K   0.00000 0.00000 0.99625 0.00375 ( 3)
 129 K   0.00000 0.00000 0.99936 0.00064 ( 3)
 130 I   0.00000 0.00000 0.99937 0.00063 ( 3)
 131 E   0.00000 0.00000 0.99804 0.00196 ( 3)
 132 F   0.00000 0.00000 0.99481 0.00519 ( 3)
 133 E   0.00000 0.00000 0.96515 0.03485 ( 3)
 134 Q   0.00000 0.00000 0.99936 0.00064 ( 3)
 135 F   0.00000 0.00000 0.99481 0.00519 ( 3)
 136 L   0.00000 0.00000 0.99316 0.00684 ( 3)
 137 P   0.00000 0.00000 0.99609 0.00391 ( 3)
 138 M   0.00000 0.00000 0.99862 0.00138 ( 3)
 139 L   0.00000 0.00000 0.83770 0.16230 ( 3)
 140 Q   0.00000 0.00000 0.99939 0.00061 ( 3)
 141 S   0.00000 0.00000 0.97559 0.02441 ( 3)
 142 I   0.00000 0.00000 0.99937 0.00063 ( 3)
 143 S   0.00000 0.00000 0.99827 0.00173 ( 3)
 144 N   0.00000 0.00000 0.99927 0.00073 ( 3)
 145 K   0.00000 0.00000 0.98651 0.01349 ( 3)
 146 K   0.00000 0.00000 0.99625 0.00375 ( 3)
 147 D   0.00000 0.00000 0.99920 0.00080 ( 3)
 148 Q   0.00000 0.00000 0.99871 0.00129 ( 3)
 149 G   0.00000 0.00000 0.99577 0.00423 ( 3)
 150 T   0.00000 0.00000 0.99989 0.00011 ( 3)
 151 Y   0.00000 0.00000 0.99963 0.00037 ( 3)
 152 E   0.00000 0.00000 0.99814 0.00186 ( 3)
 153 D   0.00000 0.00000 0.99920 0.00080 ( 3)
 154 F   0.00000 0.00000 0.99470 0.00530 ( 3)
 155 V   0.00000 0.00000 0.99909 0.00091 ( 3)
 156 E   0.00000 0.00000 0.99807 0.00193 ( 3)
 157 G   0.00000 0.00000 0.99450 0.00550 ( 3)
 158 L   0.00000 0.00000 0.99316 0.00684 ( 3)
 159 R   0.00000 0.00000 0.99540 0.00460 ( 3)
 160 V   0.00000 0.00000 0.99949 0.00051 ( 3)
 161 F   0.00000 0.00000 0.99474 0.00526 ( 3)
 162 D   0.00000 0.00000 0.99920 0.00080 ( 3)
 163 K   0.00000 0.00000 0.99625 0.00375 ( 3)
 164 E   0.00000 0.00000 0.99814 0.00186 ( 3)
 165 G   0.00000 0.00000 0.99577 0.00423 ( 3)
 166 N   0.00000 0.00000 0.99821 0.00179 ( 3)
 167 G   0.00000 0.00000 0.99577 0.00423 ( 3)
 168 T   0.00000 0.00000 0.99989 0.00011 ( 3)
 169 V   0.00000 0.00000 0.99917 0.00082 ( 3)
 170 M   0.00000 0.00000 0.99862 0.00138 ( 3)
 171 G   0.00000 0.00000 0.99450 0.00550 ( 3)
 172 A   0.00000 0.00000 0.99356 0.00644 ( 3)
 173 E   0.00000 0.00000 0.99814 0.00186 ( 3)
 174 L   0.00000 0.00000 0.99958 0.00042 ( 3)
 175 R   0.00000 0.00000 0.99539 0.00461 ( 3)
 176 H   0.00000 0.00000 0.99999 0.00001 ( 3)
 177 V   0.00000 0.00000 0.99982 0.00018 ( 3)
 178 L   0.00000 0.00000 0.98950 0.01050 ( 3)
 179 A   0.00000 0.00000 0.99420 0.00580 ( 3)
 180 T   0.00000 0.00000 0.99921 0.00079 ( 3)
 181 L   0.00000 0.00000 0.99012 0.00988 ( 3)


lnL = -1902.681079

Bayes Empirical Bayes (BEB) probabilities for 4 classes (class)
(amino acids refer to 1st sequence: Bacu)

   1 D   0.75660 0.21922 0.01758 0.00659 ( 1)
   2 Q   0.92115 0.04911 0.02804 0.00171 ( 1)
   3 A   0.00720 0.95603 0.00024 0.03653 ( 2)
   4 N   0.93120 0.04048 0.02695 0.00137 ( 1)
   5 H   0.61687 0.35481 0.01670 0.01162 ( 1)
   6 H   0.94615 0.02934 0.02360 0.00091 ( 1)
   7 S   0.47368 0.49520 0.01401 0.01712 ( 2)
   8 S   0.93064 0.04238 0.02559 0.00139 ( 1)
   9 S   0.31154 0.31611 0.34859 0.02376 ( 3)
  10 K   0.05847 0.90669 0.00182 0.03302 ( 2)
  11 N   0.91698 0.05405 0.02713 0.00185 ( 1)
  12 Q   0.52673 0.44310 0.01512 0.01504 ( 1)
  13 F   0.38557 0.58017 0.01276 0.02150 ( 2)
  14 D   0.93313 0.04011 0.02545 0.00131 ( 1)
  15 R   0.90497 0.06244 0.03029 0.00230 ( 1)
  16 F   0.29496 0.33625 0.34276 0.02602 ( 3)
  17 F   0.89021 0.07753 0.02942 0.00283 ( 1)
  18 R   0.55919 0.40970 0.01683 0.01428 ( 1)
  19 R   0.56307 0.41744 0.00906 0.01043 ( 1)
  20 L   0.09607 0.87004 0.00289 0.03099 ( 2)
  21 S   0.91905 0.05208 0.02710 0.00178 ( 1)
  22 F   0.00982 0.95690 0.00029 0.03299 ( 2)
  23 S   0.00000 0.96466 0.00000 0.03534 ( 2)
  24 F   0.39968 0.56611 0.01323 0.02097 ( 2)
  25 F   0.36633 0.59719 0.01319 0.02329 ( 2)
  26 -   0.82890 0.14072 0.02545 0.00493 ( 1)
  27 P   0.05075 0.82849 0.05008 0.07068 ( 2)
  28 I   0.79310 0.18917 0.01293 0.00480 ( 1)
  29 L   0.94432 0.03051 0.02421 0.00096 ( 1)
  30 L   0.05885 0.90546 0.00193 0.03376 ( 2)
  31 N   0.93628 0.03723 0.02529 0.00121 ( 1)
  32 T   0.00941 0.95610 0.00031 0.03418 ( 2)
  33 M   0.92978 0.04378 0.02502 0.00142 ( 1)
  34 A   0.86852 0.09779 0.03001 0.00367 ( 1)
  35 P   0.90951 0.06137 0.02702 0.00210 ( 1)
  36 K   0.90586 0.06451 0.02739 0.00224 ( 1)
  37 K   0.90586 0.06451 0.02739 0.00224 ( 1)
  38 D   0.94447 0.03241 0.02214 0.00097 ( 1)
  39 V   0.96543 0.01475 0.01941 0.00041 ( 1)
  40 K   0.90586 0.06451 0.02739 0.00224 ( 1)
  41 K   0.94363 0.03211 0.02327 0.00099 ( 1)
  42 P   0.47036 0.49531 0.01584 0.01849 ( 2)
  43 A   0.88774 0.08061 0.02874 0.00291 ( 1)
  44 A   0.90402 0.06665 0.02704 0.00229 ( 1)
  45 A   0.37857 0.58767 0.01227 0.02148 ( 2)
  46 A   0.36952 0.59669 0.01198 0.02182 ( 2)
  47 A   0.89301 0.07028 0.03392 0.00279 ( 1)
  48 P   0.89247 0.07090 0.03381 0.00281 ( 1)
  49 A   0.90687 0.06314 0.02778 0.00220 ( 1)
  50 P   0.89095 0.07715 0.02910 0.00280 ( 1)
  51 A   0.90293 0.06773 0.02701 0.00233 ( 1)
  52 P   0.88180 0.08554 0.02951 0.00315 ( 1)
  53 A   0.89951 0.07113 0.02691 0.00245 ( 1)
  54 P   0.90568 0.06481 0.02727 0.00224 ( 1)
  55 A   0.88630 0.08227 0.02848 0.00295 ( 1)
  56 P   0.91163 0.06046 0.02590 0.00202 ( 1)
  57 A   0.34601 0.61911 0.01166 0.02321 ( 2)
  58 P   0.87603 0.09117 0.02944 0.00336 ( 1)
  59 A   0.86745 0.09886 0.02998 0.00371 ( 1)
  60 P   0.87698 0.09022 0.02947 0.00333 ( 1)
  61 A   0.86760 0.09871 0.02998 0.00371 ( 1)
  62 P   0.87622 0.09097 0.02944 0.00336 ( 1)
  63 A   0.29889 0.66880 0.00894 0.02337 ( 2)
  64 P   0.90714 0.06373 0.02695 0.00218 ( 1)
  65 P   0.89558 0.07456 0.02726 0.00259 ( 1)
  66 K   0.93655 0.03915 0.02309 0.00121 ( 1)
  67 E   0.91530 0.05732 0.02549 0.00189 ( 1)
  68 K   0.00597 0.95738 0.00020 0.03646 ( 2)
  69 K   0.89746 0.07287 0.02714 0.00253 ( 1)
  70 I   0.93664 0.03907 0.02308 0.00120 ( 1)
  71 D   0.93268 0.04241 0.02358 0.00133 ( 1)
  72 L   0.93684 0.03891 0.02305 0.00120 ( 1)
  73 S   0.53277 0.43961 0.01364 0.01398 ( 1)
  74 A   0.90193 0.06873 0.02698 0.00237 ( 1)
  75 I   0.01466 0.95508 0.00035 0.02992 ( 2)
  76 E   0.47477 0.49539 0.01326 0.01658 ( 2)
  77 F   0.91655 0.05501 0.02658 0.00186 ( 1)
  78 K   0.90780 0.06258 0.02745 0.00217 ( 1)
  79 E   0.92408 0.04845 0.02587 0.00160 ( 1)
  80 A   0.87450 0.09183 0.03022 0.00345 ( 1)
  81 F   0.89769 0.07151 0.02826 0.00254 ( 1)
  82 L   0.94537 0.03044 0.02325 0.00094 ( 1)
  83 L   0.87369 0.09273 0.03010 0.00347 ( 1)
  84 Y   0.78230 0.19344 0.01842 0.00584 ( 1)
  85 D   0.94161 0.03353 0.02381 0.00105 ( 1)
  86 R   0.73040 0.24875 0.01407 0.00678 ( 1)
  87 Q   0.08413 0.88276 0.00243 0.03068 ( 2)
  88 G   0.90694 0.06501 0.02587 0.00218 ( 1)
  89 D   0.81773 0.16252 0.01538 0.00436 ( 1)
  90 N   0.00003 0.96980 0.00000 0.03017 ( 2)
  91 K   0.90780 0.06258 0.02745 0.00217 ( 1)
  92 I   0.96995 0.01122 0.01852 0.00030 ( 1)
  93 T   0.62766 0.34611 0.01547 0.01076 ( 1)
  94 L   0.90402 0.06598 0.02770 0.00230 ( 1)
  95 S   0.01960 0.95099 0.00044 0.02897 ( 2)
  96 Q   0.93274 0.04102 0.02491 0.00132 ( 1)
  97 V   0.93916 0.03560 0.02412 0.00112 ( 1)
  98 G   0.89473 0.07420 0.02842 0.00265 ( 1)
  99 D   0.97105 0.01044 0.01823 0.00028 ( 1)
 100 V   0.94817 0.02813 0.02284 0.00086 ( 1)
 101 L   0.95089 0.02592 0.02241 0.00078 ( 1)
 102 R   0.92560 0.04718 0.02566 0.00155 ( 1)
 103 A   0.88965 0.07871 0.02880 0.00284 ( 1)
 104 L   0.88775 0.08039 0.02895 0.00291 ( 1)
 105 G   0.90388 0.06603 0.02778 0.00231 ( 1)
 106 T   0.91286 0.05820 0.02695 0.00199 ( 1)
 107 N   0.92603 0.04674 0.02568 0.00154 ( 1)
 108 P   0.90583 0.06436 0.02757 0.00224 ( 1)
 109 T   0.94558 0.03025 0.02324 0.00093 ( 1)
 110 N   0.92603 0.04674 0.02568 0.00154 ( 1)
 111 A   0.87034 0.09598 0.03008 0.00360 ( 1)
 112 E   0.92408 0.04845 0.02587 0.00160 ( 1)
 113 V   0.94817 0.02813 0.02284 0.00086 ( 1)
 114 K   0.90798 0.06240 0.02746 0.00216 ( 1)
 115 E   0.00000 0.96436 0.00000 0.03564 ( 2)
 116 V   0.94381 0.03098 0.02423 0.00098 ( 1)
 117 L   0.38029 0.58578 0.01242 0.02151 ( 2)
 118 G   0.95383 0.02355 0.02192 0.00070 ( 1)
 119 N   0.60412 0.36912 0.01515 0.01160 ( 1)
 120 P   0.90583 0.06436 0.02757 0.00224 ( 1)
 121 S   0.95460 0.02284 0.02188 0.00068 ( 1)
 122 N   0.07978 0.88825 0.00216 0.02981 ( 2)
 123 E   0.92537 0.04731 0.02576 0.00156 ( 1)
 124 E   0.92411 0.04842 0.02587 0.00160 ( 1)
 125 M   0.93154 0.04204 0.02507 0.00136 ( 1)
 126 N   0.92603 0.04674 0.02568 0.00154 ( 1)
 127 V   0.46018 0.50831 0.01380 0.01772 ( 2)
 128 K   0.90780 0.06258 0.02745 0.00217 ( 1)
 129 K   0.94518 0.03058 0.02330 0.00094 ( 1)
 130 I   0.94518 0.03059 0.02329 0.00094 ( 1)
 131 E   0.92399 0.04853 0.02587 0.00161 ( 1)
 132 F   0.89724 0.07147 0.02871 0.00258 ( 1)
 133 E   0.51199 0.45839 0.01430 0.01533 ( 1)
 134 Q   0.94537 0.03049 0.02320 0.00094 ( 1)
 135 F   0.89769 0.07151 0.02826 0.00254 ( 1)
 136 L   0.88775 0.08039 0.02895 0.00291 ( 1)
 137 P   0.90583 0.06436 0.02757 0.00224 ( 1)
 138 M   0.93154 0.04204 0.02507 0.00136 ( 1)
 139 L   0.11772 0.85206 0.00295 0.02727 ( 2)
 140 Q   0.94572 0.03014 0.02321 0.00093 ( 1)
 141 S   0.54938 0.42310 0.01407 0.01345 ( 1)
 142 I   0.94518 0.03059 0.02329 0.00094 ( 1)
 143 S   0.92650 0.04637 0.02561 0.00152 ( 1)
 144 N   0.94326 0.03216 0.02358 0.00100 ( 1)
 145 K   0.60755 0.36572 0.01524 0.01149 ( 1)
 146 K   0.90780 0.06258 0.02745 0.00217 ( 1)
 147 D   0.94161 0.03353 0.02381 0.00105 ( 1)
 148 Q   0.93274 0.04102 0.02491 0.00132 ( 1)
 149 G   0.90339 0.06652 0.02777 0.00233 ( 1)
 150 T   0.96069 0.01524 0.02360 0.00047 ( 1)
 151 Y   0.95212 0.02476 0.02237 0.00074 ( 1)
 152 E   0.92537 0.04731 0.02576 0.00156 ( 1)
 153 D   0.94161 0.03353 0.02381 0.00105 ( 1)
 154 F   0.89771 0.07149 0.02826 0.00254 ( 1)
 155 V   0.93916 0.03560 0.02412 0.00112 ( 1)
 156 E   0.92411 0.04842 0.02587 0.00160 ( 1)
 157 G   0.89473 0.07420 0.02842 0.00265 ( 1)
 158 L   0.88775 0.08039 0.02895 0.00291 ( 1)
 159 R   0.90026 0.06930 0.02800 0.00244 ( 1)
 160 V   0.94817 0.02813 0.02284 0.00086 ( 1)
 161 F   0.89919 0.07002 0.02831 0.00249 ( 1)
 162 D   0.94161 0.03353 0.02381 0.00105 ( 1)
 163 K   0.90780 0.06258 0.02745 0.00217 ( 1)
 164 E   0.92537 0.04731 0.02576 0.00156 ( 1)
 165 G   0.90339 0.06652 0.02777 0.00233 ( 1)
 166 N   0.92603 0.04674 0.02568 0.00154 ( 1)
 167 G   0.90339 0.06652 0.02777 0.00233 ( 1)
 168 T   0.96081 0.01512 0.02360 0.00047 ( 1)
 169 V   0.94043 0.03434 0.02415 0.00108 ( 1)
 170 M   0.93154 0.04204 0.02507 0.00136 ( 1)
 171 G   0.89473 0.07420 0.02842 0.00265 ( 1)
 172 A   0.88965 0.07871 0.02880 0.00284 ( 1)
 173 E   0.92537 0.04731 0.02576 0.00156 ( 1)
 174 L   0.95083 0.02597 0.02241 0.00078 ( 1)
 175 R   0.90019 0.06937 0.02800 0.00244 ( 1)
 176 H   0.98031 0.00449 0.01510 0.00011 ( 1)
 177 V   0.96291 0.01750 0.01911 0.00048 ( 1)
 178 L   0.87125 0.09516 0.03002 0.00356 ( 1)
 179 A   0.89261 0.07576 0.02890 0.00273 ( 1)
 180 T   0.93507 0.03610 0.02759 0.00123 ( 1)
 181 L   0.87332 0.09311 0.03009 0.00349 ( 1)

