Supplemental results for CODEML (seqf: /home/leticiamagpali/phd/evol_models/codeml/small_dataset/cml_align/MYH2_codon_aligned.phy  treef: /home/leticiamagpali/phd/evol_models/codeml/small_dataset/cml_trees/gene_trees/H2_gene_trees/MYH2_codon_H2.tre)

I	J	ij	2Ns_IJ	pMut_IJ	pSub_IJ	2Ns_JI	pMut_JI	pSub_JI

TTC	TTT	CT	-0.85452	0.05504	0.03484	0.85452	0.02342	0.03484
TTA	TTT	AT	9.12581	0.00000	0.00000	-9.12581	0.00612	0.00001
TTA	TTC	AC	9.98034	0.00000	0.00000	-9.98034	0.01732	0.00001
TTG	TTT	GT	1.41976	0.00313	0.00585	-1.41976	0.01293	0.00585
TTG	TTC	GC	2.27429	0.00377	0.00955	-2.27429	0.03661	0.00955
TTG	TTA	GA	-7.70605	0.00502	0.00002	7.70605	0.00000	0.00000
TCT	TTT	CT	1.31497	0.00629	0.01130	-1.31497	0.02342	0.01130
TCC	TTC	CT	0.73387	0.03183	0.04492	-0.73387	0.06630	0.04492
TCC	TCT	CT	-1.43562	0.03183	0.01427	1.43562	0.00757	0.01427
TCA	TTA	CT	-8.56306	0.00948	0.00002	8.56306	0.00000	0.00000
TCA	TCT	AT	-0.75222	0.00420	0.00281	0.75222	0.00198	0.00281
TCA	TCC	AC	0.68340	0.00506	0.00698	-0.68340	0.01001	0.00698
TCG	TTG	CT	0.76294	0.00397	0.00567	-0.76294	0.00851	0.00567
TCG	TCT	GT	0.86773	0.00176	0.00263	-0.86773	0.00418	0.00263
TCG	TCC	GC	2.30335	0.00212	0.00541	-2.30335	0.02117	0.00541
TCG	TCA	GA	1.61995	0.00282	0.00569	-1.61995	0.01424	0.00569
TAT	TTT	AT	0.51902	0.00364	0.00467	-0.51902	0.00612	0.00467
TAT	TCT	AC	-0.79595	0.00438	0.00287	0.79595	0.00198	0.00287
TAC	TTC	AT	0.37103	0.01195	0.01430	-0.37103	0.01732	0.01430
TAC	TCC	AC	-0.36284	0.01439	0.01194	0.36284	0.01001	0.01194
TAC	TAT	CT	-1.00251	0.02699	0.01568	1.00251	0.00990	0.01568
TGT	TTT	GT	4.61161	0.00013	0.00060	-4.61161	0.01293	0.00060
TGT	TCT	GC	3.29664	0.00015	0.00053	-3.29664	0.00418	0.00053
TGT	TAT	GA	4.09260	0.00021	0.00086	-4.09260	0.01235	0.00086
TGC	TTC	GT	1.77406	0.00621	0.01327	-1.77406	0.03661	0.01327
TGC	TCC	GC	1.04019	0.00748	0.01203	-1.04019	0.02117	0.01203
TGC	TAC	GA	1.40303	0.00997	0.01854	-1.40303	0.04054	0.01854
TGC	TGT	CT	-3.69207	0.01403	0.00132	3.69207	0.00035	0.00132
TGG	TTG	GT	-0.25138	0.00604	0.00531	0.25138	0.00470	0.00531
TGG	TCG	GC	-1.01432	0.00727	0.00420	1.01432	0.00264	0.00420
TGG	TGT	GT	-3.44323	0.00604	0.00069	3.44323	0.00019	0.00069
TGG	TGC	GC	0.24884	0.00727	0.00822	-0.24884	0.00933	0.00822
CTT	TTT	CT	1.53811	0.00503	0.00985	-1.53811	0.02342	0.00985
CTC	TTC	CT	0.78373	0.03028	0.04368	-0.78373	0.06630	0.04368
CTC	CTT	CT	-1.60891	0.03028	0.01219	1.60891	0.00606	0.01219
CTA	TTA	CT	-7.94839	0.00513	0.00001	7.94839	0.00000	0.00000
CTA	CTT	AT	-0.36069	0.00227	0.00189	0.36069	0.00158	0.00189
CTA	CTC	AC	1.24822	0.00273	0.00479	-1.24822	0.00953	0.00479
CTG	TTG	CT	-2.64716	0.12005	0.02423	2.64716	0.00851	0.02423
CTG	CTT	GT	-2.76551	0.05315	0.00987	2.76551	0.00335	0.00987
CTG	CTC	GC	-1.15660	0.06402	0.03398	1.15660	0.02014	0.03398
CTG	CTA	GA	-2.40482	0.08531	0.02036	2.40482	0.00770	0.02036
CCT	TCT	CT	1.47007	0.00174	0.00332	-1.47007	0.00757	0.00332
CCT	CTT	CT	1.24692	0.00174	0.00305	-1.24692	0.00606	0.00305
CCC	TCC	CT	0.75636	0.01799	0.02565	-0.75636	0.03834	0.02565
CCC	CTC	CT	0.70651	0.01799	0.02509	-0.70651	0.03647	0.02509
CCC	CCT	CT	-2.14932	0.01799	0.00510	2.14932	0.00210	0.00510
CCA	TCA	CT	0.76369	0.00532	0.00761	-0.76369	0.01142	0.00761
CCA	CTA	CT	0.14901	0.00532	0.00573	-0.14901	0.00618	0.00573
CCA	CCT	AT	-1.45860	0.00236	0.00104	1.45860	0.00055	0.00104
CCA	CCC	AC	0.69072	0.00284	0.00393	-0.69072	0.00566	0.00393
CCG	TCG	CT	-0.80086	0.01064	0.00694	0.80086	0.00478	0.00694
CCG	CTG	CT	2.60924	0.01064	0.02997	-2.60924	0.14460	0.02997
CCG	CCT	GT	-1.40319	0.00471	0.00215	1.40319	0.00116	0.00215
CCG	CCC	GC	0.74613	0.00567	0.00805	-0.74613	0.01197	0.00805
CCG	CCA	GA	0.05541	0.00756	0.00777	-0.05541	0.00799	0.00777
CAT	TAT	CT	2.14380	0.00116	0.00282	-2.14380	0.00990	0.00282
CAT	CTT	AT	1.12470	0.00051	0.00086	-1.12470	0.00158	0.00086
CAT	CCT	AC	-0.12222	0.00062	0.00058	0.12222	0.00055	0.00058
CAC	TAC	CT	0.24511	0.02544	0.02869	-0.24511	0.03251	0.02869
CAC	CTC	AT	-0.16759	0.01126	0.01035	0.16759	0.00953	0.01035
CAC	CCC	AC	-0.87410	0.01357	0.00849	0.87410	0.00566	0.00849
CAC	CAT	CT	-2.90120	0.02544	0.00429	2.90120	0.00140	0.00429
CAA	CTA	AT	-0.93569	0.00411	0.00248	0.93569	0.00161	0.00248
CAA	CCA	AC	-1.08470	0.00495	0.00274	1.08470	0.00167	0.00274
CAA	CAT	AT	-2.42108	0.00411	0.00097	2.42108	0.00037	0.00097
CAA	CAC	AC	0.48012	0.00495	0.00624	-0.48012	0.00800	0.00624
CAG	CTG	AT	0.30969	0.02771	0.03222	-0.30969	0.03777	0.03222
CAG	CCG	AC	-2.29956	0.03338	0.00856	2.29956	0.00335	0.00856
CAG	CAT	GT	-3.58052	0.02771	0.00284	3.58052	0.00077	0.00284
CAG	CAC	GC	-0.67933	0.03338	0.02331	0.67933	0.01692	0.02331
CAG	CAA	GA	-1.15944	0.04448	0.02357	1.15944	0.01395	0.02357
CGT	TGT	CT	-2.04754	0.00271	0.00082	2.04754	0.00035	0.00082
CGT	CTT	GT	1.02596	0.00120	0.00192	-1.02596	0.00335	0.00192
CGT	CCT	GC	-0.22097	0.00144	0.00129	0.22097	0.00116	0.00129
CGT	CAT	GA	-0.09874	0.00192	0.00183	0.09874	0.00174	0.00183
CGC	TGC	CT	-0.47912	0.02728	0.02126	0.47912	0.01690	0.02126
CGC	CTC	GT	0.51121	0.01208	0.01543	-0.51121	0.02014	0.01543
CGC	CCC	GC	-0.19529	0.01455	0.01317	0.19529	0.01197	0.01317
CGC	CAC	GA	0.67880	0.01939	0.02670	-0.67880	0.03822	0.02670
CGC	CGT	CT	-2.12365	0.02728	0.00787	2.12365	0.00326	0.00787
CGA	CTA	GT	0.05972	0.00321	0.00331	-0.05972	0.00341	0.00331
CGA	CCA	GC	-0.08929	0.00387	0.00370	0.08929	0.00354	0.00370
CGA	CAA	GA	0.99542	0.00516	0.00814	-0.99542	0.01395	0.00814
CGA	CGT	AT	-1.32692	0.00321	0.00154	1.32692	0.00085	0.00154
CGA	CGC	AC	0.79673	0.00387	0.00561	-0.79673	0.00858	0.00561
CGG	TGG	CT	0.11753	0.01461	0.01548	-0.11753	0.01643	0.01548
CGG	CTG	GT	2.51331	0.00647	0.01769	-2.51331	0.07984	0.01769
CGG	CCG	GC	-0.09593	0.00779	0.00742	0.09593	0.00708	0.00742
CGG	CAG	GA	2.20362	0.01038	0.02571	-2.20362	0.09402	0.02571
CGG	CGT	GT	-1.27816	0.00647	0.00319	1.27816	0.00180	0.00319
CGG	CGC	GC	0.84549	0.00779	0.01154	-0.84549	0.01814	0.01154
CGG	CGA	GA	0.04876	0.01038	0.01064	-0.04876	0.01090	0.01064
ATT	TTT	AT	-0.42741	0.00938	0.00752	0.42741	0.00612	0.00752
ATT	CTT	AC	-1.96552	0.01130	0.00362	1.96552	0.00158	0.00362
ATC	TTC	AT	-0.49000	0.02827	0.02191	0.49000	0.01732	0.02191
ATC	CTC	AC	-1.27373	0.03405	0.01685	1.27373	0.00953	0.01685
ATC	ATT	CT	-0.91712	0.06385	0.03898	0.91712	0.02552	0.03898
ATA	TTA	AT	-8.96013	0.00368	0.00000	8.96013	0.00000	0.00000
ATA	CTA	AC	-1.01175	0.00444	0.00256	1.01175	0.00161	0.00256
ATA	ATT	AT	0.59309	0.00368	0.00488	-0.59309	0.00667	0.00488
ATA	ATC	AC	1.51020	0.00444	0.00860	-1.51020	0.02009	0.00860
ATG	TTG	AT	-2.34275	0.02313	0.00576	2.34275	0.00222	0.00576
ATG	CTG	AC	0.30441	0.02786	0.03231	-0.30441	0.03777	0.03231
ATG	ATT	GT	-0.49558	0.02313	0.01787	0.49558	0.01409	0.01787
ATG	ATC	GC	0.42154	0.02786	0.03414	-0.42154	0.04246	0.03414
ATG	ATA	GA	-1.08867	0.03712	0.02051	1.08867	0.01250	0.02051
ACT	TCT	AT	-0.71055	0.00403	0.00276	0.71055	0.00198	0.00276
ACT	CCT	AC	-2.18061	0.00485	0.00135	2.18061	0.00055	0.00135
ACT	ATT	CT	1.03183	0.00909	0.01458	-1.03183	0.02552	0.01458
ACC	TCC	AT	-0.31390	0.01371	0.01167	0.31390	0.01001	0.01167
ACC	CCC	AC	-1.07026	0.01651	0.00922	1.07026	0.00566	0.00922
ACC	ATC	CT	0.90997	0.03096	0.04715	-0.90997	0.07690	0.04715
ACC	ACT	CT	-1.03897	0.03096	0.01761	1.03897	0.01095	0.01761
ACA	TCA	AT	-0.50160	0.00493	0.00379	0.50160	0.00298	0.00379
ACA	CCA	AC	-1.26529	0.00593	0.00295	1.26529	0.00167	0.00295
ACA	ATA	CT	-0.10453	0.01112	0.01055	0.10453	0.01002	0.01055
ACA	ACT	AT	-0.54328	0.00493	0.00371	0.54328	0.00286	0.00371
ACA	ACC	AC	0.49570	0.00593	0.00752	-0.49570	0.00974	0.00752
ACG	TCG	AT	-1.61850	0.00630	0.00252	1.61850	0.00125	0.00252
ACG	CCG	AC	-0.81764	0.00758	0.00490	0.81764	0.00335	0.00490
ACG	ATG	CT	1.48719	0.01422	0.02732	-1.48719	0.06292	0.02732
ACG	ACT	GT	-0.04022	0.00630	0.00617	0.04022	0.00605	0.00617
ACG	ACC	GC	0.99876	0.00758	0.01199	-0.99876	0.02059	0.01199
ACG	ACA	GA	0.50306	0.01011	0.01286	-0.50306	0.01671	0.01286
AAT	TAT	AT	0.02348	0.00253	0.00256	-0.02348	0.00259	0.00256
AAT	CAT	AC	-2.12032	0.00304	0.00088	2.12032	0.00037	0.00088
AAT	ATT	AT	0.96990	0.00253	0.00395	-0.96990	0.00667	0.00395
AAT	ACT	AC	-0.06193	0.00304	0.00295	0.06193	0.00286	0.00295
AAC	TAC	AT	-1.30894	0.03144	0.01523	1.30894	0.00849	0.01523
AAC	CAC	AC	-1.55404	0.03787	0.01577	1.55404	0.00800	0.01577
AAC	ATC	AT	-0.44791	0.03144	0.02492	0.44791	0.02009	0.02492
AAC	ACC	AC	-1.35788	0.03787	0.01780	1.35788	0.00974	0.01780
AAC	AAT	CT	-2.33492	0.07101	0.01777	2.33492	0.00687	0.01777
AAA	CAA	AC	-1.43561	0.01228	0.00550	1.43561	0.00292	0.00550
AAA	ATA	AT	-1.35956	0.01019	0.00479	1.35956	0.00262	0.00479
AAA	ACA	AC	-1.25503	0.01228	0.00614	1.25503	0.00350	0.00614
AAA	AAT	AT	-1.73637	0.01019	0.00378	1.73637	0.00180	0.00378
AAA	AAC	AC	0.59855	0.01228	0.01632	-0.59855	0.02234	0.01632
AAG	CAG	AC	-1.31164	0.07310	0.03535	1.31164	0.01969	0.03535
AAG	ATG	AT	-1.30637	0.06069	0.02944	1.30637	0.01643	0.02944
AAG	ACG	AC	-2.79355	0.07310	0.01331	2.79355	0.00447	0.01331
AAG	AAT	GT	-2.77184	0.06069	0.01122	2.77184	0.00380	0.01122
AAG	AAC	GC	-0.43692	0.07310	0.05829	0.43692	0.04722	0.05829
AAG	AAA	GA	-1.03547	0.09741	0.05553	1.03547	0.03459	0.05553
AGT	TGT	AT	-1.03479	0.00026	0.00015	1.03479	0.00009	0.00015
AGT	CGT	AC	1.01276	0.00031	0.00049	-1.01276	0.00085	0.00049
AGT	ATT	GT	4.00423	0.00026	0.00105	-4.00423	0.01409	0.00105
AGT	ACT	GC	2.97240	0.00031	0.00097	-2.97240	0.00605	0.00097
AGT	AAT	GA	3.03433	0.00041	0.00131	-3.03433	0.00857	0.00131
AGC	TGC	AT	-0.46477	0.00702	0.00552	0.46477	0.00441	0.00552
AGC	CGC	AC	0.01435	0.00846	0.00852	-0.01435	0.00858	0.00852
AGC	ATC	GT	1.79929	0.00702	0.01514	-1.79929	0.04246	0.01514
AGC	ACC	GC	0.88932	0.00846	0.01277	-0.88932	0.02059	0.01277
AGC	AAC	GA	2.24720	0.01127	0.02833	-2.24720	0.10666	0.02833
AGC	AGT	CT	-3.12206	0.01587	0.00228	3.12206	0.00070	0.00228
AGA	CGA	AC	-0.33734	0.00320	0.00269	0.33734	0.00228	0.00269
AGA	ATA	GT	0.73413	0.00266	0.00375	-0.73413	0.00553	0.00375
AGA	ACA	GC	0.83866	0.00320	0.00472	-0.83866	0.00740	0.00472
AGA	AAA	GA	2.09369	0.00426	0.01018	-2.09369	0.03459	0.01018
AGA	AGT	AT	-2.67701	0.00266	0.00052	2.67701	0.00018	0.00052
AGA	AGC	AC	0.44504	0.00320	0.00396	-0.44504	0.00499	0.00396
AGG	TGG	AT	-0.35572	0.00612	0.00510	0.35572	0.00429	0.00510
AGG	CGG	AC	-0.47325	0.00738	0.00577	0.47325	0.00460	0.00577
AGG	ATG	GT	1.73564	0.00612	0.01291	-1.73564	0.03474	0.01291
AGG	ACG	GC	0.24845	0.00738	0.00833	-0.24845	0.00946	0.00833
AGG	AAG	GA	3.04201	0.00983	0.03140	-3.04201	0.20592	0.03140
AGG	AGT	GT	-2.76417	0.00612	0.00114	2.76417	0.00039	0.00114
AGG	AGC	GC	0.35789	0.00738	0.00878	-0.35789	0.01055	0.00878
AGG	AGA	GA	-0.08715	0.00983	0.00941	0.08715	0.00901	0.00941
GTT	TTT	GT	3.07117	0.00060	0.00193	-3.07117	0.01293	0.00193
GTT	CTT	GC	1.53305	0.00072	0.00141	-1.53305	0.00335	0.00141
GTT	ATT	GA	3.49857	0.00096	0.00347	-3.49857	0.03182	0.00347
GTC	TTC	GT	1.89099	0.00553	0.01230	-1.89099	0.03661	0.01230
GTC	CTC	GC	1.10726	0.00665	0.01101	-1.10726	0.02014	0.01101
GTC	ATC	GA	2.38098	0.00887	0.02327	-2.38098	0.09591	0.02327
GTC	GTT	CT	-2.03470	0.01248	0.00382	2.03470	0.00163	0.00382
GTA	TTA	GT	-7.08943	0.00120	0.00001	7.08943	0.00000	0.00000
GTA	CTA	GC	0.85895	0.00144	0.00215	-0.85895	0.00341	0.00215
GTA	ATA	GA	1.87070	0.00192	0.00426	-1.87070	0.01250	0.00426
GTA	GTT	AT	-1.03479	0.00120	0.00068	1.03479	0.00043	0.00068
GTA	GTC	AC	0.99992	0.00144	0.00229	-0.99992	0.00393	0.00229
GTG	TTG	GT	-1.16909	0.01512	0.00797	1.16909	0.00470	0.00797
GTG	CTG	GC	1.47807	0.01821	0.03487	-1.47807	0.07984	0.03487
GTG	ATG	GA	1.17366	0.02427	0.04123	-1.17366	0.07847	0.04123
GTG	GTT	GT	-2.82049	0.01512	0.00270	2.82049	0.00090	0.00270
GTG	GTC	GC	-0.78579	0.01821	0.01198	0.78579	0.00830	0.01198
GTG	GTA	GA	-1.78571	0.02427	0.00873	1.78571	0.00407	0.00873
GCT	TCT	GT	-0.56619	0.00737	0.00548	0.56619	0.00418	0.00548
GCT	CCT	GC	-2.03626	0.00887	0.00271	2.03626	0.00116	0.00271
GCT	ACT	GA	0.14436	0.01182	0.01270	-0.14436	0.01366	0.01270
GCT	GTT	CT	-2.32239	0.01664	0.00420	2.32239	0.00163	0.00420
GCC	TCC	GT	-0.14090	0.02437	0.02269	0.14090	0.02117	0.02269
GCC	CCC	GC	-0.89727	0.02935	0.01813	0.89727	0.01197	0.01813
GCC	ACC	GA	0.17300	0.03911	0.04260	-0.17300	0.04650	0.04260
GCC	GTC	CT	-1.29802	0.05504	0.02684	1.29802	0.01503	0.02684
GCC	GCT	CT	-1.01033	0.05504	0.03184	1.01033	0.02004	0.03184
GCA	TCA	GT	-0.05154	0.00664	0.00647	0.05154	0.00631	0.00647
GCA	CCA	GC	-0.81523	0.00800	0.00517	0.81523	0.00354	0.00517
GCA	ACA	GA	0.45006	0.01066	0.01323	-0.45006	0.01671	0.01323
GCA	GTA	CT	-1.52517	0.01499	0.00636	1.52517	0.00326	0.00636
GCA	GCT	AT	-0.23757	0.00664	0.00588	0.23757	0.00523	0.00588
GCA	GCC	AC	0.77277	0.00800	0.01148	-0.77277	0.01732	0.01148
GCG	TCG	GT	0.13151	0.00231	0.00247	-0.13151	0.00264	0.00247
GCG	CCG	GC	0.93236	0.00279	0.00428	-0.93236	0.00708	0.00428
GCG	ACG	GA	1.75000	0.00371	0.00786	-1.75000	0.02136	0.00786
GCG	GTG	CT	2.06354	0.00522	0.01235	-2.06354	0.04113	0.01235
GCG	GCT	GT	1.56543	0.00231	0.00458	-1.56543	0.01107	0.00458
GCG	GCC	GC	2.57576	0.00279	0.00777	-2.57576	0.03661	0.00777
GCG	GCA	GA	1.80300	0.00371	0.00801	-1.80300	0.02252	0.00801
GAT	TAT	GT	-0.58851	0.00985	0.00723	0.58851	0.00547	0.00723
GAT	CAT	GC	-2.73231	0.01187	0.00226	2.73231	0.00077	0.00226
GAT	AAT	GA	-0.61199	0.01581	0.01146	0.61199	0.00857	0.01146
GAT	GTT	AT	-3.14066	0.00985	0.00140	3.14066	0.00043	0.00140
GAT	GCT	AC	-0.81827	0.01187	0.00767	0.81827	0.00523	0.00767
GAC	TAC	GT	-0.50001	0.02960	0.02281	0.50001	0.01795	0.02281
GAC	CAC	GC	-0.74512	0.03565	0.02400	0.74512	0.01692	0.02400
GAC	AAC	GA	0.80893	0.04750	0.06928	-0.80893	0.10666	0.06928
GAC	GTC	AT	-2.01997	0.02960	0.00914	2.01997	0.00393	0.00914
GAC	GCC	AC	-0.72195	0.03565	0.02431	0.72195	0.01732	0.02431
GAC	GAT	CT	-0.91401	0.06685	0.04089	0.91401	0.02680	0.04089
GAA	CAA	GC	-0.65286	0.01187	0.00841	0.65286	0.00618	0.00841
GAA	AAA	GA	0.78275	0.01581	0.02280	-0.78275	0.03459	0.02280
GAA	GTA	AT	-2.44751	0.00985	0.00228	2.44751	0.00085	0.00228
GAA	GCA	AC	-0.92234	0.01187	0.00722	0.92234	0.00472	0.00722
GAA	GAT	AT	-0.34164	0.00985	0.00826	0.34164	0.00700	0.00826
GAA	GAC	AC	0.57237	0.01187	0.01558	-0.57237	0.02103	0.01558
GAG	CAG	GC	-0.64437	0.07929	0.05647	0.64437	0.04163	0.05647
GAG	AAG	GA	0.66727	0.10566	0.14480	-0.66727	0.20592	0.14480
GAG	GTG	AT	-1.81276	0.06583	0.02327	1.81276	0.01074	0.02327
GAG	GCG	AC	-3.87629	0.07929	0.00651	3.87629	0.00164	0.00651
GAG	GAT	GT	-1.49259	0.06583	0.02849	1.49259	0.01480	0.02849
GAG	GAC	GC	-0.57858	0.07929	0.05855	0.57858	0.04446	0.05855
GAG	GAA	GA	-1.15095	0.10566	0.05627	1.15095	0.03342	0.05627
GGT	TGT	GT	-1.38484	0.00077	0.00036	1.38484	0.00019	0.00036
GGT	CGT	GC	0.66270	0.00093	0.00127	-0.66270	0.00180	0.00127
GGT	AGT	GA	-0.35006	0.00124	0.00103	0.35006	0.00087	0.00103
GGT	GTT	GT	0.15560	0.00077	0.00083	-0.15560	0.00090	0.00083
GGT	GCT	GC	2.47799	0.00093	0.00251	-2.47799	0.01107	0.00251
GGT	GAT	GA	3.29626	0.00124	0.00424	-3.29626	0.03342	0.00424
GGC	TGC	GT	-0.56438	0.01640	0.01221	0.56438	0.00933	0.01221
GGC	CGC	GC	-0.08526	0.01976	0.01893	0.08526	0.01814	0.01893
GGC	AGC	GA	-0.09961	0.02633	0.02504	0.09961	0.02383	0.02504
GGC	GTC	GT	-0.68130	0.01640	0.01145	0.68130	0.00830	0.01145
GGC	GCC	GC	0.61671	0.01976	0.02647	-0.61671	0.03661	0.02647
GGC	GAC	GA	1.33866	0.02633	0.04777	-1.33866	0.10042	0.04777
GGC	GGT	CT	-2.87161	0.03705	0.00638	2.87161	0.00210	0.00638
GGA	CGA	GC	-0.30583	0.00655	0.00560	0.30583	0.00483	0.00560
GGA	AGA	GA	0.03150	0.00873	0.00887	-0.03150	0.00901	0.00887
GGA	GTA	GT	-1.10506	0.00544	0.00298	1.10506	0.00180	0.00298
GGA	GCA	GC	0.42010	0.00655	0.00802	-0.42010	0.00997	0.00802
GGA	GAA	GA	1.34245	0.00873	0.01586	-1.34245	0.03342	0.01586
GGA	GGT	AT	-2.29545	0.00544	0.00140	2.29545	0.00055	0.00140
GGA	GGC	AC	0.57616	0.00655	0.00862	-0.57616	0.01166	0.00862
GGG	TGG	GT	-0.11659	0.01019	0.00961	0.11659	0.00907	0.00961
GGG	CGG	GC	-0.23412	0.01228	0.01090	0.23412	0.00971	0.01090
GGG	AGG	GA	0.23913	0.01636	0.01839	-0.23913	0.02078	0.01839
GGG	GTG	GT	0.80112	0.01019	0.01482	-0.80112	0.02271	0.01482
GGG	GCG	GC	-1.26242	0.01228	0.00612	1.26242	0.00347	0.00612
GGG	GAG	GA	2.61387	0.01636	0.04615	-2.61387	0.22336	0.04615
GGG	GGT	GT	-2.17498	0.01019	0.00284	2.17498	0.00116	0.00284
GGG	GGC	GC	0.69663	0.01228	0.01705	-0.69663	0.02464	0.01705
GGG	GGA	GA	0.12047	0.01636	0.01737	-0.12047	0.01846	0.01737


Histograms
2Ns	FMut	FSub(CodonUsage)	FSubw(after w)

-9.50508	0.00260	0.00000
-8.55457	0.00146	0.00000
-7.60407	0.00113	0.00000
-6.65356	0.00013	0.00000
-5.70305	0.00000	0.00000
-4.75254	0.00143	0.00009
-3.80203	0.02056	0.00252
-2.85152	0.15449	0.04087
-1.90102	0.15012	0.06961
-0.95051	0.34140	0.28556
0.00000	0.15111	0.20268
0.95051	0.14089	0.28556
1.90102	0.02370	0.06961
2.85152	0.01048	0.04087
3.80203	0.00049	0.00252
4.75254	0.00001	0.00009
5.70305	0.00000	0.00000
6.65356	0.00000	0.00000
7.60407	0.00000	0.00000
8.55457	0.00000	0.00000
9.50508	0.00000	0.00000

Proportion of advantageous (S > 0) mutations:
 0.24166

Proportions of good & bad mutations (|S| > 2.0000) among mutations:
0.01845  0.24954

mean |Ns| = 1.38042	mean Ns+ = 0.86279	mean Ns- = -1.54536


MLEs of dN/dS (w) for site classes (K=4)

site class             0        1       2a       2b
proportion       0.73872  0.03135  0.22056  0.00936
background w     0.04613  4.17912  0.04613  4.17912
foreground w     0.04613  4.17912  0.00000  0.00000

Naive Empirical Bayes (NEB) probabilities for 4 classes
(amino acids refer to 1st sequence: Bbon)

   1 E   0.76635 0.00028 0.23297 0.00040 ( 1)
   2 S   0.76616 0.00015 0.23342 0.00026 ( 1)
   3 G   0.76581 0.00007 0.23396 0.00016 ( 1)
   4 A   0.76640 0.00057 0.23239 0.00064 ( 1)
   5 G   0.76581 0.00007 0.23396 0.00016 ( 1)
   6 K   0.76591 0.00149 0.23139 0.00122 ( 1)
   7 T   0.76587 0.00008 0.23388 0.00017 ( 1)
   8 V   0.76335 0.00000 0.23664 0.00001 ( 1)
   9 N   0.76640 0.00034 0.23281 0.00045 ( 1)
  10 T   0.76584 0.00008 0.23392 0.00017 ( 1)
  11 K   0.76591 0.00149 0.23139 0.00122 ( 1)
  12 R   0.76451 0.00001 0.23545 0.00004 ( 1)
  13 V   0.76335 0.00000 0.23664 0.00001 ( 1)
  14 I   0.76636 0.00076 0.23211 0.00077 ( 1)
  15 Q   0.76642 0.00065 0.23222 0.00070 ( 1)
  16 Y   0.76612 0.00014 0.23350 0.00025 ( 1)
  17 F   0.76548 0.00202 0.23101 0.00149 ( 1)
  18 A   0.76570 0.00188 0.23105 0.00137 ( 1)
  19 V   0.76335 0.00000 0.23664 0.00001 ( 1)
  20 I   0.76605 0.00129 0.23154 0.00111 ( 1)
  21 A   0.76625 0.00079 0.23214 0.00082 ( 1)
  22 A   0.76644 0.00077 0.23204 0.00075 ( 1)
  23 I   0.76585 0.00135 0.23163 0.00116 ( 1)
  24 G   0.76635 0.00017 0.23322 0.00026 ( 1)
  25 D   0.76643 0.00048 0.23251 0.00057 ( 1)
  26 R   0.76627 0.00022 0.23318 0.00034 ( 1)
  27 S   0.76399 0.00000 0.23598 0.00002 ( 1)
  28 K   0.76591 0.00149 0.23139 0.00122 ( 1)
  29 K   0.76611 0.00134 0.23145 0.00110 ( 1)
  30 E   0.76600 0.00135 0.23152 0.00114 ( 1)
  31 Q   0.69228 0.04713 0.20976 0.05083 ( 1)
  32 T   0.17634 0.32747 0.05358 0.44261 ( 4)
  33 S   0.53891 0.17838 0.16242 0.12029 ( 1)
  34 G   0.76626 0.00021 0.23319 0.00033 ( 1)
  35 K   0.76591 0.00149 0.23139 0.00122 ( 1)
  36 -   0.76656 0.00021 0.23294 0.00029 ( 1)
  37 T   0.76657 0.00042 0.23253 0.00048 ( 1)
  38 L   0.75914 0.00928 0.22763 0.00396 ( 1)
  39 E   0.76452 0.00327 0.23022 0.00199 ( 1)
  40 D   0.76651 0.00069 0.23211 0.00069 ( 1)
  41 Q   0.76562 0.00164 0.23134 0.00139 ( 1)
  42 I   0.76544 0.00185 0.23122 0.00150 ( 1)
  43 I   0.76544 0.00185 0.23122 0.00150 ( 1)
  44 Q   0.76562 0.00164 0.23134 0.00139 ( 1)
  45 A   0.76548 0.00178 0.23128 0.00146 ( 1)
  46 N   0.76604 0.00100 0.23195 0.00101 ( 1)
  47 P   0.76579 0.00012 0.23384 0.00025 ( 1)
  48 A   0.76548 0.00178 0.23128 0.00146 ( 1)
  49 L   0.75848 0.00958 0.22759 0.00436 ( 1)
  50 E   0.76457 0.00288 0.23056 0.00199 ( 1)
  51 A   0.76548 0.00178 0.23128 0.00146 ( 1)
  52 F   0.76474 0.00282 0.23064 0.00181 ( 1)
  53 G   0.76617 0.00070 0.23233 0.00080 ( 1)
  54 N   0.76604 0.00100 0.23195 0.00101 ( 1)
  55 A   0.76548 0.00178 0.23128 0.00146 ( 1)
  56 K   0.76439 0.00309 0.23042 0.00209 ( 1)
  57 T   0.76621 0.00034 0.23297 0.00048 ( 1)
  58 V   0.76457 0.00001 0.23535 0.00007 ( 1)
  59 R   0.76509 0.00059 0.23382 0.00050 ( 1)
  60 N   0.76588 0.00018 0.23365 0.00029 ( 1)
  61 D   0.76620 0.00056 0.23256 0.00069 ( 1)
  62 N   0.76604 0.00100 0.23195 0.00101 ( 1)
  63 S   0.76620 0.00056 0.23255 0.00069 ( 1)
  64 S   0.76620 0.00056 0.23255 0.00069 ( 1)
  65 R   0.76616 0.00071 0.23232 0.00081 ( 1)
  66 F   0.00000 1.00000 0.00000 0.00000 ( 2)
  67 -   0.76624 0.00160 0.23105 0.00111 ( 1)
  68 -   0.76599 0.00188 0.23089 0.00124 ( 1)
  69 -   0.76519 0.00282 0.23031 0.00168 ( 1)
  70 -   0.76604 0.00185 0.23087 0.00124 ( 1)
  71 -   0.76599 0.00189 0.23086 0.00125 ( 1)
  72 -   0.76351 0.00000 0.23649 0.00000 ( 1)
  73 -   0.76412 0.00399 0.22975 0.00214 ( 1)
  74 -   0.76690 0.00031 0.23245 0.00034 ( 1)
  75 -   0.76604 0.00183 0.23092 0.00122 ( 1)
  76 -   0.76689 0.00034 0.23241 0.00036 ( 1)
  77 -   0.76656 0.00115 0.23141 0.00088 ( 1)
  78 -   0.76489 0.00316 0.23015 0.00181 ( 1)
  79 -   0.76657 0.00010 0.23317 0.00016 ( 1)
  80 -   0.76552 0.00005 0.23429 0.00014 ( 1)
  81 -   0.76690 0.00049 0.23213 0.00048 ( 1)
  82 -   0.76628 0.00153 0.23112 0.00107 ( 1)
  83 -   0.76686 0.00058 0.23203 0.00053 ( 1)
  84 -   0.76660 0.00012 0.23310 0.00017 ( 1)
  85 -   0.76508 0.00294 0.23027 0.00172 ( 1)
  86 -   0.76689 0.00034 0.23241 0.00036 ( 1)
  87 -   0.76790 0.00158 0.22992 0.00061 ( 1)
  88 -   0.76791 0.00045 0.23133 0.00030 ( 1)
  89 -   0.75984 0.00922 0.22747 0.00346 ( 1)
  90 -   0.76774 0.00078 0.23103 0.00046 ( 1)
  91 -   0.76723 0.00143 0.23058 0.00076 ( 1)
  92 -   0.76789 0.00050 0.23129 0.00032 ( 1)
  93 -   0.76785 0.00012 0.23192 0.00010 ( 1)
  94 -   0.76630 0.00000 0.23369 0.00000 ( 1)
  95 -   0.76620 0.00258 0.22999 0.00123 ( 1)
  96 -   0.76702 0.00167 0.23046 0.00086 ( 1)
  97 -   0.76717 0.00152 0.23052 0.00080 ( 1)
  98 -   0.75984 0.00922 0.22747 0.00346 ( 1)
  99 -   0.00093 0.65404 0.00028 0.34475 ( 2)
 100 -   0.76729 0.00135 0.23064 0.00072 ( 1)
 101 -   0.76613 0.00266 0.22996 0.00126 ( 1)
 102 -   0.76785 0.00012 0.23192 0.00010 ( 1)
 103 -   0.76742 0.00120 0.23072 0.00066 ( 1)
 104 -   0.76649 0.00228 0.23012 0.00111 ( 1)
 105 -   0.76777 0.00009 0.23205 0.00008 ( 1)
 106 -   0.76620 0.00258 0.22999 0.00123 ( 1)
 107 -   0.76702 0.00167 0.23046 0.00086 ( 1)
 108 -   0.76792 0.00045 0.23134 0.00029 ( 1)
 109 -   0.76781 0.00068 0.23110 0.00041 ( 1)
 110 -   0.76700 0.00169 0.23044 0.00087 ( 1)
 111 -   0.76490 0.00444 0.22899 0.00167 ( 1)
 112 -   0.76793 0.00043 0.23137 0.00028 ( 1)
 113 -   0.76765 0.00091 0.23093 0.00052 ( 1)
 114 -   0.70885 0.05123 0.21303 0.02688 ( 1)
 115 -   0.76593 0.00287 0.22986 0.00134 ( 1)
 116 -   0.76732 0.00002 0.23263 0.00002 ( 1)
 117 -   0.76613 0.00266 0.22996 0.00126 ( 1)
 118 -   0.76030 0.00834 0.22799 0.00336 ( 1)
 119 -   0.75984 0.00922 0.22747 0.00346 ( 1)
 120 -   0.76765 0.00069 0.23122 0.00044 ( 1)
 121 M   0.99031 0.00939 0.00004 0.00026 ( 1)
 122 L   0.76189 0.00555 0.22932 0.00324 ( 1)
 123 L   0.76288 0.00499 0.22939 0.00274 ( 1)
 124 I   0.76611 0.00058 0.23256 0.00074 ( 1)
 125 T   0.76522 0.00005 0.23457 0.00016 ( 1)
 126 N   0.76600 0.00025 0.23332 0.00043 ( 1)
 127 N   0.76600 0.00025 0.23332 0.00043 ( 1)
 128 P   0.76431 0.00001 0.23562 0.00006 ( 1)
 129 Y   0.76605 0.00087 0.23212 0.00096 ( 1)
 130 D   0.76563 0.00011 0.23401 0.00025 ( 1)
 131 Y   0.76542 0.00044 0.23333 0.00081 ( 1)
 132 A   0.00001 0.99999 0.00000 0.00000 ( 2)
 133 F   0.76633 0.00108 0.23166 0.00093 ( 1)
 134 I   0.76611 0.00058 0.23256 0.00074 ( 1)
 135 S   0.76564 0.00011 0.23400 0.00025 ( 1)
 136 Q   0.76588 0.00017 0.23362 0.00033 ( 1)
 137 G   0.76596 0.00028 0.23329 0.00047 ( 1)
 138 E   0.76590 0.00108 0.23193 0.00109 ( 1)
 139 T   0.76576 0.00014 0.23382 0.00029 ( 1)
 140 T   0.76576 0.00014 0.23382 0.00029 ( 1)
 141 V   0.76572 0.00012 0.23388 0.00027 ( 1)
 142 P   0.00000 0.30270 0.00000 0.69730 ( 4)
 143 S   0.76509 0.00165 0.23160 0.00165 ( 1)
 144 I   0.76594 0.00104 0.23196 0.00107 ( 1)
 145 D   0.76593 0.00033 0.23319 0.00055 ( 1)
 146 D   0.76614 0.00023 0.23325 0.00038 ( 1)
 147 A   0.76610 0.00043 0.23287 0.00061 ( 1)
 148 E   0.76590 0.00108 0.23193 0.00109 ( 1)
 149 E   0.76590 0.00108 0.23193 0.00109 ( 1)
 150 L   0.76559 0.00010 0.23408 0.00023 ( 1)
 151 M   0.76548 0.00009 0.23421 0.00022 ( 1)
 152 A   0.76610 0.00055 0.23263 0.00071 ( 1)
 153 T   0.76562 0.00012 0.23397 0.00028 ( 1)
 154 D   0.76610 0.00036 0.23299 0.00054 ( 1)
 155 A   0.93683 0.06317 0.00001 0.00000 ( 1)
 156 F   0.84776 0.15224 0.00001 0.00000 ( 1)
 157 D   0.76669 0.00080 0.23179 0.00072 ( 1)
 158 V   0.76678 0.00033 0.23250 0.00039 ( 1)
 159 L   0.76038 0.00790 0.22812 0.00360 ( 1)
 160 G   0.71589 0.03085 0.21707 0.03619 ( 1)
 161 F   0.76645 0.00115 0.23146 0.00094 ( 1)
 162 T   0.00218 0.47295 0.00066 0.52420 ( 4)
 163 S   0.50083 0.22129 0.15064 0.12724 ( 1)
 164 D   0.63033 0.10596 0.19002 0.07369 ( 1)
 165 E   0.76584 0.00195 0.23086 0.00135 ( 1)
 166 K   0.76569 0.00213 0.23074 0.00144 ( 1)
 167 N   0.70831 0.03122 0.21526 0.04521 ( 1)
 168 S   0.76675 0.00030 0.23259 0.00036 ( 1)
 169 M   0.28101 0.71899 0.00000 0.00000 ( 2)
 170 Y   0.76681 0.00027 0.23259 0.00033 ( 1)
 171 K   0.76569 0.00213 0.23074 0.00144 ( 1)
 172 L   0.76038 0.00790 0.22812 0.00360 ( 1)
 173 T   0.76662 0.00016 0.23298 0.00024 ( 1)
 174 G   0.76674 0.00066 0.23197 0.00063 ( 1)
 175 A   0.76644 0.00135 0.23121 0.00100 ( 1)
 176 I   0.76644 0.00118 0.23143 0.00095 ( 1)
 177 M   0.76669 0.00024 0.23275 0.00032 ( 1)
 178 H   0.76603 0.00005 0.23383 0.00010 ( 1)
 179 F   0.76511 0.00278 0.23037 0.00174 ( 1)
 180 G   0.76674 0.00066 0.23197 0.00063 ( 1)
 181 N   0.76677 0.00058 0.23207 0.00058 ( 1)
 182 M   0.76669 0.00024 0.23275 0.00032 ( 1)
 183 K   0.76569 0.00213 0.23074 0.00144 ( 1)
 184 F   0.76645 0.00115 0.23146 0.00094 ( 1)
 185 K   0.76658 0.00098 0.23161 0.00083 ( 1)
 186 L   0.76675 0.00030 0.23259 0.00036 ( 1)
 187 K   0.76569 0.00213 0.23074 0.00144 ( 1)
 188 P   0.06161 0.50122 0.01861 0.41857 ( 2)
 189 R   0.76647 0.00116 0.23143 0.00094 ( 1)
 190 E   0.76584 0.00195 0.23086 0.00135 ( 1)
 191 E   0.76584 0.00195 0.23086 0.00135 ( 1)
 192 Q   0.76655 0.00104 0.23153 0.00087 ( 1)
 193 A   0.76559 0.00242 0.23049 0.00150 ( 1)
 194 E   0.76584 0.00195 0.23086 0.00135 ( 1)
 195 P   0.75147 0.00682 0.22902 0.01269 ( 1)
 196 D   0.76669 0.00080 0.23179 0.00072 ( 1)
 197 G   0.76678 0.00038 0.23240 0.00043 ( 1)
 198 N   0.73713 0.01574 0.22406 0.02308 ( 1)
 199 E   0.76679 0.00049 0.23221 0.00051 ( 1)
 200 -   0.76643 0.00017 0.23315 0.00026 ( 1)
 201 -   0.76457 0.00001 0.23540 0.00002 ( 1)
 202 -   0.76004 0.00817 0.22806 0.00373 ( 1)
 203 -   0.76626 0.00121 0.23152 0.00100 ( 1)
 204 -   0.76544 0.00227 0.23074 0.00154 ( 1)
 205 -   0.76626 0.00121 0.23152 0.00100 ( 1)
 206 -   0.76662 0.00036 0.23258 0.00044 ( 1)
 207 -   0.76658 0.00029 0.23275 0.00038 ( 1)
 208 -   0.76559 0.00209 0.23087 0.00145 ( 1)
 209 -   0.76544 0.00227 0.23074 0.00154 ( 1)
 210 -   0.76653 0.00027 0.23284 0.00036 ( 1)
 211 -   0.76624 0.00125 0.23149 0.00102 ( 1)
 212 -   0.70026 0.04363 0.21204 0.04407 ( 1)
 213 -   0.76662 0.00056 0.23223 0.00059 ( 1)
 214 -   0.76653 0.00027 0.23284 0.00036 ( 1)
 215 -   0.76662 0.00036 0.23258 0.00044 ( 1)
 216 -   0.76647 0.00018 0.23308 0.00027 ( 1)
 217 -   0.76609 0.00008 0.23369 0.00015 ( 1)
 218 -   0.76624 0.00127 0.23146 0.00103 ( 1)
 219 -   0.76681 0.00050 0.23219 0.00050 ( 1)
 220 -   0.76626 0.00121 0.23152 0.00100 ( 1)
 221 -   0.76644 0.00018 0.23311 0.00027 ( 1)
 222 -   0.76004 0.00817 0.22806 0.00373 ( 1)
 223 -   0.76559 0.00209 0.23087 0.00145 ( 1)
 224 -   0.76644 0.00018 0.23311 0.00027 ( 1)
 225 -   0.00000 0.98107 0.00000 0.01893 ( 2)
 226 -   0.76637 0.00112 0.23157 0.00095 ( 1)
 227 -   0.76576 0.00004 0.23411 0.00010 ( 1)
 228 -   0.76662 0.00043 0.23246 0.00049 ( 1)
 229 -   0.76637 0.00112 0.23157 0.00095 ( 1)
 230 -   0.76658 0.00029 0.23275 0.00038 ( 1)
 231 -   0.76624 0.00125 0.23149 0.00102 ( 1)
 232 -   0.76591 0.00006 0.23392 0.00012 ( 1)
 233 -   0.76662 0.00042 0.23247 0.00048 ( 1)
 234 -   0.76481 0.00001 0.23516 0.00002 ( 1)
 235 -   0.75995 0.00833 0.22799 0.00373 ( 1)
 236 -   0.76668 0.00035 0.23256 0.00040 ( 1)
 237 -   0.76568 0.00209 0.23081 0.00142 ( 1)
 238 -   0.76630 0.00127 0.23142 0.00100 ( 1)
 239 -   0.76670 0.00045 0.23236 0.00048 ( 1)
 240 -   0.76627 0.00131 0.23140 0.00102 ( 1)
 241 -   0.76559 0.00217 0.23078 0.00145 ( 1)
 242 -   0.76632 0.00140 0.23125 0.00103 ( 1)
 243 -   0.76632 0.00138 0.23128 0.00102 ( 1)
 244 -   0.76680 0.00037 0.23242 0.00040 ( 1)
 245 F   0.76681 0.00108 0.23131 0.00079 ( 1)
 246 N   0.76600 0.00024 0.23335 0.00041 ( 1)
 247 S   0.76299 0.00000 0.23699 0.00002 ( 1)
 248 F   0.00000 1.00000 0.00000 0.00000 ( 2)
 249 E   0.76603 0.00099 0.23199 0.00100 ( 1)
 250 Q   0.76624 0.00044 0.23272 0.00059 ( 1)
 251 L   0.76740 0.00031 0.23201 0.00028 ( 1)
 252 C   0.76333 0.00000 0.23665 0.00002 ( 1)
 253 I   0.76622 0.00052 0.23261 0.00065 ( 1)
 254 N   0.76605 0.00021 0.23336 0.00037 ( 1)
 255 F   0.76620 0.00051 0.23265 0.00064 ( 1)
 256 T   0.76523 0.00004 0.23460 0.00013 ( 1)
 257 N   0.76605 0.00021 0.23336 0.00037 ( 1)
 258 E   0.76605 0.00097 0.23199 0.00098 ( 1)
 259 K   0.76599 0.00109 0.23186 0.00106 ( 1)
 260 L   0.76246 0.00533 0.22928 0.00293 ( 1)
 261 Q   0.76623 0.00045 0.23272 0.00060 ( 1)
 262 Q   0.76624 0.00044 0.23272 0.00059 ( 1)
 263 F   0.76620 0.00051 0.23265 0.00064 ( 1)
 264 F   0.76620 0.00051 0.23265 0.00064 ( 1)
 265 N   0.76605 0.00021 0.23336 0.00037 ( 1)
 266 H   0.76419 0.00001 0.23575 0.00005 ( 1)
 267 H   0.76419 0.00001 0.23575 0.00005 ( 1)
 268 M   0.76550 0.00007 0.23425 0.00018 ( 1)
 269 F   0.76620 0.00051 0.23265 0.00064 ( 1)
 270 V   0.76575 0.00010 0.23391 0.00023 ( 1)
 271 L   0.76215 0.00560 0.22918 0.00308 ( 1)
 272 E   0.76617 0.00077 0.23227 0.00078 ( 1)
 273 Q   0.76627 0.00041 0.23277 0.00055 ( 1)
 274 E   0.76605 0.00097 0.23199 0.00098 ( 1)
 275 E   0.76571 0.00039 0.23329 0.00061 ( 1)
 276 Y   0.76559 0.00008 0.23413 0.00020 ( 1)
 277 K   0.76599 0.00109 0.23186 0.00106 ( 1)
 278 K   0.76599 0.00109 0.23186 0.00106 ( 1)
 279 E   0.76605 0.00097 0.23199 0.00098 ( 1)
 280 G   0.76582 0.00013 0.23379 0.00026 ( 1)
 281 I   0.76622 0.00052 0.23261 0.00065 ( 1)
 282 E   0.65479 0.07313 0.19829 0.07379 ( 1)
 283 W   0.76600 0.00018 0.23348 0.00033 ( 1)
 284 E   0.41963 0.22592 0.12708 0.22737 ( 1)
 285 F   0.76620 0.00051 0.23265 0.00064 ( 1)
 286 I   0.76622 0.00052 0.23261 0.00065 ( 1)
 287 D   0.76565 0.00009 0.23405 0.00021 ( 1)
 288 F   0.76622 0.00052 0.23262 0.00064 ( 1)
 289 G   0.76578 0.00012 0.23383 0.00026 ( 1)
 290 M   0.74690 0.00703 0.22855 0.01752 ( 1)
 291 D   0.76565 0.00009 0.23405 0.00021 ( 1)
 292 L   0.76215 0.00560 0.22918 0.00308 ( 1)
 293 Q   0.02578 0.96192 0.00034 0.01196 ( 2)
 294 A   0.69765 0.03963 0.21186 0.05086 ( 1)
 295 C   0.76333 0.00000 0.23665 0.00002 ( 1)
 296 I   0.76619 0.00056 0.23257 0.00068 ( 1)
 297 D   0.93639 0.01076 0.04883 0.00402 ( 1)
 298 L   0.76567 0.00009 0.23403 0.00021 ( 1)
 299 I   0.76622 0.00052 0.23261 0.00065 ( 1)
 300 E   0.76605 0.00097 0.23199 0.00098 ( 1)
 301 K   0.76599 0.00109 0.23186 0.00106 ( 1)
 302 P   0.76599 0.00002 0.23394 0.00005 ( 1)
 303 M   0.76676 0.00013 0.23293 0.00017 ( 1)
 304 G   0.76694 0.00022 0.23259 0.00025 ( 1)
 305 I   0.76692 0.00078 0.23168 0.00063 ( 1)
 306 M   0.76676 0.00013 0.23293 0.00017 ( 1)
 307 S   0.76686 0.00016 0.23278 0.00020 ( 1)
 308 I   0.76692 0.00078 0.23168 0.00063 ( 1)
 309 L   0.76217 0.00627 0.22871 0.00285 ( 1)
 310 E   0.76651 0.00138 0.23116 0.00095 ( 1)
 311 E   0.76651 0.00138 0.23116 0.00095 ( 1)
 312 E   0.76651 0.00138 0.23116 0.00095 ( 1)
 313 C   0.76533 0.00001 0.23464 0.00002 ( 1)
 314 M   0.76676 0.00013 0.23293 0.00017 ( 1)
 315 F   0.76691 0.00076 0.23171 0.00062 ( 1)
 316 P   0.76599 0.00002 0.23394 0.00005 ( 1)
 317 K   0.76641 0.00152 0.23105 0.00103 ( 1)
 318 A   0.76692 0.00074 0.23173 0.00060 ( 1)
 319 T   0.76692 0.00020 0.23264 0.00023 ( 1)
 320 D   0.76685 0.00016 0.23279 0.00020 ( 1)
 321 M   0.76670 0.00013 0.23300 0.00017 ( 1)
 322 T   0.76653 0.00008 0.23327 0.00012 ( 1)
 323 F   0.76688 0.00074 0.23176 0.00062 ( 1)
 324 K   0.62425 0.11091 0.18823 0.07661 ( 1)
 325 A   0.76597 0.00195 0.23081 0.00126 ( 1)
 326 K   0.76640 0.00148 0.23109 0.00103 ( 1)
 327 L   0.76212 0.00627 0.22872 0.00289 ( 1)
 328 F   0.00000 1.00000 0.00000 0.00000 ( 2)
 329 D   0.76679 0.00016 0.23286 0.00020 ( 1)
 330 N   0.76697 0.00034 0.23233 0.00035 ( 1)
 331 H   0.76583 0.00002 0.23411 0.00004 ( 1)
 332 L   0.76179 0.00657 0.22862 0.00302 ( 1)
 333 G   0.76656 0.00015 0.23308 0.00021 ( 1)
 334 K   0.76645 0.00119 0.23143 0.00093 ( 1)
 335 S   0.76644 0.00011 0.23329 0.00017 ( 1)
 336 S   0.00000 0.99999 0.00000 0.00001 ( 2)
 337 N   0.76649 0.00022 0.23299 0.00031 ( 1)
 338 F   0.76659 0.00051 0.23235 0.00055 ( 1)
 339 Q   0.76664 0.00045 0.23241 0.00051 ( 1)
 340 K   0.76635 0.00109 0.23162 0.00093 ( 1)
 341 P   0.76506 0.00001 0.23488 0.00005 ( 1)
 342 R   0.76662 0.00017 0.23298 0.00023 ( 1)
 343 N   0.76541 0.00014 0.23416 0.00029 ( 1)
 344 I   0.76661 0.00052 0.23231 0.00056 ( 1)
 345 K   0.76635 0.00109 0.23162 0.00093 ( 1)
 346 G   0.76573 0.00004 0.23413 0.00010 ( 1)
 347 K   0.00141 0.99859 0.00000 0.00000 ( 2)
 348 P   0.76471 0.00001 0.23525 0.00003 ( 1)
 349 E   0.76642 0.00017 0.23314 0.00026 ( 1)
 350 A   0.76660 0.00049 0.23237 0.00054 ( 1)
 351 H   0.76484 0.00001 0.23512 0.00003 ( 1)
 352 F   0.76659 0.00051 0.23235 0.00055 ( 1)
 353 S   0.76615 0.00009 0.23359 0.00017 ( 1)
 354 L   0.76241 0.00562 0.22908 0.00288 ( 1)
 355 I   0.22673 0.77327 0.00000 0.00000 ( 2)
 356 H   0.76411 0.00001 0.23585 0.00003 ( 1)
 357 Y   0.76646 0.00018 0.23310 0.00026 ( 1)
 358 A   0.76626 0.00042 0.23276 0.00056 ( 1)
 359 G   0.76582 0.00010 0.23387 0.00021 ( 1)
 360 T   0.76522 0.00003 0.23464 0.00010 ( 1)
 361 V   0.76573 0.00008 0.23400 0.00019 ( 1)
 362 D   0.76576 0.00009 0.23398 0.00017 ( 1)
 363 Y   0.76557 0.00006 0.23421 0.00016 ( 1)
 364 N   0.76607 0.00017 0.23345 0.00031 ( 1)
 365 I   0.76630 0.00043 0.23270 0.00056 ( 1)
 366 I   0.76090 0.00068 0.23477 0.00365 ( 1)
 367 G   0.76582 0.00010 0.23387 0.00021 ( 1)
 368 W   0.76601 0.00015 0.23356 0.00028 ( 1)
 369 L   0.76645 0.00036 0.23272 0.00047 ( 1)
 370 Q   0.20206 0.79794 0.00000 0.00000 ( 2)
 371 K   0.76628 0.00044 0.23275 0.00053 ( 1)
 372 N   0.76607 0.00017 0.23345 0.00031 ( 1)
 373 K   0.76628 0.00034 0.23290 0.00048 ( 1)
 374 D   0.76563 0.00007 0.23413 0.00017 ( 1)
 375 P   0.76410 0.00001 0.23586 0.00003 ( 1)
 376 L   0.76564 0.00007 0.23411 0.00017 ( 1)
 377 N   0.76607 0.00017 0.23345 0.00031 ( 1)
 378 E   0.76620 0.00084 0.23209 0.00087 ( 1)
 379 T   0.76535 0.00004 0.23451 0.00010 ( 1)
 380 V   0.76532 0.00006 0.23445 0.00017 ( 1)
 381 V   0.76573 0.00008 0.23400 0.00019 ( 1)
 382 E   0.00005 0.99995 0.00000 0.00000 ( 2)
 383 L   0.76407 0.00001 0.23589 0.00003 ( 1)
 384 Y   0.76557 0.00006 0.23421 0.00016 ( 1)
 385 K   0.08195 0.91805 0.00000 0.00000 ( 2)
 386 K   0.76650 0.00050 0.23242 0.00058 ( 1)
 387 S   0.76564 0.00007 0.23412 0.00017 ( 1)
 388 S   0.76449 0.00001 0.23544 0.00006 ( 1)
 389 L   0.76565 0.00007 0.23411 0.00017 ( 1)
 390 K   0.76616 0.00094 0.23196 0.00094 ( 1)
 391 M   0.18850 0.27780 0.05740 0.47631 ( 4)
 392 L   0.76683 0.00020 0.23272 0.00025 ( 1)
 393 S   0.54015 0.06547 0.16577 0.22860 ( 1)
 394 T   0.73614 0.01578 0.22388 0.02420 ( 1)
 395 L   0.76135 0.00698 0.22845 0.00322 ( 1)
 396 F   0.76567 0.00225 0.23065 0.00143 ( 1)
 397 A   0.76680 0.00083 0.23167 0.00070 ( 1)
 398 N   0.76695 0.00041 0.23222 0.00042 ( 1)
 399 Y   0.76648 0.00121 0.23136 0.00095 ( 1)
 400 A   0.76566 0.00231 0.23057 0.00146 ( 1)
 401 G   0.76665 0.00010 0.23310 0.00015 ( 1)
 402 F   0.76566 0.00225 0.23066 0.00143 ( 1)
 403 D   0.76682 0.00019 0.23274 0.00025 ( 1)
 404 S   0.70443 0.03850 0.21351 0.04356 ( 1)
 405 -   0.76519 0.00320 0.22993 0.00167 ( 1)
 406 -   0.76688 0.00005 0.23300 0.00007 ( 1)
 407 -   0.75865 0.01012 0.22724 0.00399 ( 1)
 408 -   0.76696 0.00118 0.23108 0.00078 ( 1)
 409 -   0.76498 0.00345 0.22982 0.00176 ( 1)
 410 -   0.75865 0.01012 0.22724 0.00399 ( 1)
 411 -   0.76731 0.00058 0.23165 0.00046 ( 1)
 412 -   0.69608 0.05817 0.20960 0.03615 ( 1)
 413 -   0.76696 0.00118 0.23108 0.00078 ( 1)
 414 -   0.76723 0.00013 0.23250 0.00015 ( 1)
 415 -   0.76718 0.00086 0.23135 0.00061 ( 1)
 416 -   0.76728 0.00068 0.23153 0.00051 ( 1)
 417 -   0.76730 0.00080 0.23133 0.00056 ( 1)
 418 -   0.76723 0.00014 0.23247 0.00016 ( 1)
 419 -   0.76725 0.00016 0.23242 0.00017 ( 1)
 420 -   0.76723 0.00014 0.23247 0.00016 ( 1)
 421 -   0.76620 0.00208 0.23051 0.00120 ( 1)
 422 -   0.76726 0.00074 0.23145 0.00055 ( 1)
 423 -   0.76732 0.00020 0.23228 0.00020 ( 1)
 424 -   0.76695 0.00006 0.23291 0.00008 ( 1)
 425 -   0.76619 0.00211 0.23049 0.00122 ( 1)
 426 -   0.76619 0.00211 0.23049 0.00122 ( 1)
 427 -   0.76725 0.00016 0.23242 0.00017 ( 1)
 428 -   0.76688 0.00005 0.23300 0.00007 ( 1)
 429 -   0.76519 0.00320 0.22993 0.00167 ( 1)
 430 -   0.76714 0.00093 0.23128 0.00065 ( 1)
 431 -   0.76498 0.00345 0.22982 0.00176 ( 1)
 432 -   0.68929 0.05762 0.20806 0.04503 ( 1)
 433 -   0.76781 0.00028 0.23170 0.00021 ( 1)
 434 -   0.76698 0.00130 0.23092 0.00081 ( 1)
 435 -   0.76714 0.00106 0.23111 0.00069 ( 1)
 436 -   0.76704 0.00120 0.23100 0.00077 ( 1)
 437 -   0.76688 0.00157 0.23065 0.00090 ( 1)
 438 -   0.76750 0.00035 0.23186 0.00029 ( 1)
 439 -   0.75707 0.01174 0.22672 0.00448 ( 1)
 440 -   0.76713 0.00006 0.23273 0.00008 ( 1)
 441 -   0.76714 0.00106 0.23111 0.00069 ( 1)
 442 -   0.76749 0.00032 0.23191 0.00028 ( 1)
 443 -   0.76558 0.00290 0.23001 0.00151 ( 1)
 444 -   0.75694 0.01198 0.22659 0.00449 ( 1)
 445 -   0.76683 0.00147 0.23081 0.00089 ( 1)
 446 -   0.76739 0.00016 0.23229 0.00016 ( 1)
 447 -   0.76736 0.00013 0.23237 0.00014 ( 1)
 448 -   0.76715 0.00120 0.23091 0.00074 ( 1)
 449 -   0.76698 0.00130 0.23092 0.00081 ( 1)
 450 -   0.75694 0.01198 0.22659 0.00449 ( 1)
 451 -   0.76405 0.00451 0.22931 0.00212 ( 1)
 452 -   0.76685 0.00144 0.23082 0.00088 ( 1)
 453 -   0.76532 0.00316 0.22990 0.00161 ( 1)
 454 -   0.76683 0.00147 0.23081 0.00089 ( 1)
 455 -   0.76532 0.00316 0.22990 0.00161 ( 1)
 456 -   0.76739 0.00016 0.23229 0.00016 ( 1)
 457 -   0.76744 0.00019 0.23218 0.00019 ( 1)
 458 -   0.76379 0.00480 0.22919 0.00222 ( 1)
 459 -   0.76685 0.00144 0.23082 0.00088 ( 1)
 460 -   0.53834 0.19831 0.16173 0.10162 ( 1)
 461 -   0.76750 0.00035 0.23186 0.00029 ( 1)
 462 -   0.76644 0.00193 0.23052 0.00110 ( 1)
 463 -   0.76683 0.00147 0.23081 0.00089 ( 1)
 464 -   0.76532 0.00316 0.22990 0.00161 ( 1)
 465 -   0.76703 0.00121 0.23098 0.00077 ( 1)
 466 -   0.76521 0.00261 0.23048 0.00170 ( 1)
 467 -   0.76577 0.00196 0.23088 0.00139 ( 1)
 468 -   0.76508 0.00276 0.23041 0.00176 ( 1)
 469 -   0.76246 0.00561 0.22906 0.00287 ( 1)
 470 -   0.76631 0.00128 0.23137 0.00104 ( 1)
 471 -   0.76271 0.00536 0.22915 0.00278 ( 1)
 472 R   0.76675 0.00036 0.23247 0.00042 ( 1)
 473 Y   0.76576 0.00007 0.23402 0.00016 ( 1)
 474 R   0.76620 0.00013 0.23345 0.00022 ( 1)
 475 I   0.76626 0.00050 0.23268 0.00056 ( 1)
 476 L   0.76253 0.00533 0.22925 0.00289 ( 1)
 477 N   0.76598 0.00016 0.23354 0.00031 ( 1)
 478 P   0.76375 0.00000 0.23622 0.00003 ( 1)
 479 A   0.76617 0.00030 0.23309 0.00045 ( 1)
 480 A   0.76621 0.00039 0.23286 0.00054 ( 1)
 481 I   0.76624 0.00041 0.23279 0.00056 ( 1)
 482 P   0.76403 0.00001 0.23593 0.00004 ( 1)
 483 E   0.76616 0.00081 0.23217 0.00087 ( 1)
 484 G   0.76571 0.00010 0.23398 0.00021 ( 1)
 485 Q   0.76625 0.00035 0.23290 0.00051 ( 1)
 486 F   0.76622 0.00040 0.23283 0.00055 ( 1)
 487 I   0.76619 0.00077 0.23219 0.00084 ( 1)
 488 D   0.76552 0.00007 0.23425 0.00017 ( 1)
 489 S   0.76269 0.00000 0.23730 0.00001 ( 1)
 490 R   0.76333 0.00000 0.23665 0.00002 ( 1)
 491 K   0.76621 0.00032 0.23299 0.00048 ( 1)
 492 G   0.76501 0.00003 0.23486 0.00010 ( 1)
 493 S   0.00000 0.55262 0.00000 0.44738 ( 2)
 494 E   0.76616 0.00081 0.23217 0.00087 ( 1)
 495 K   0.76612 0.00091 0.23204 0.00094 ( 1)
