100
Bacu_RYR2         0.0000000 0.0580861 0.0590639 0.0161524 0.0201294 0.0221993 0.0213100 0.0289356 0.0493656 0.0200419 0.0257479 0.0226706 0.2177395 0.0669143 0.0664315 0.4745095 0.0323514 0.0624068 0.0636111 0.0630163 0.0643693 0.0622837 0.0570870 0.0333888 0.3256227 0.0293519 0.0320846 0.0255329 0.0590728 0.0594667 0.0580820 0.0609143 0.1695988 0.1538818 0.0527600 0.4823005 0.0661778 0.0763283 0.0712918 0.0636460 0.0634365 0.0677071 0.0621793 0.0605384 0.0595671 0.0667782 0.0645534 0.0667112 0.0320552 0.0578140 0.0542834 0.0525487 0.0586205 0.0515868 0.0546238 0.0546739 0.0514756 0.0547116 0.0522223 0.0599425 2.2686914 0.0561813 0.0579439 0.0539006 0.0574197 0.0562266 0.2222996 0.0635503 0.0613375 0.0606457 0.2712393 0.0633592 0.0578816 0.0602776 0.0586274 0.0571775 0.0585779 0.4905367 0.0665033 0.0554596 0.0619191 0.0549571 0.0620933 0.0626907 0.0609526 0.0583392 0.0621132 0.0618358 0.0618242 0.0586319 0.0574638 0.0635873 0.0618290 0.0609972 0.0632019 0.3120801 0.0618828 0.0517332 0.0636108 0.0546912 
Barn_RYR2         0.0580861 0.0000000 0.0026704 0.0550039 0.0572028 0.0574828 0.0579622 0.0691499 0.0693221 0.0534145 0.0551428 0.0590470 0.2171555 0.0510847 0.0511680 0.5145486 0.0560564 0.0473387 0.0476445 0.0477070 0.0476453 0.0465856 0.0381272 0.0485227 0.3417895 0.0475807 0.0486689 0.0515622 0.0435909 0.0435608 0.0419315 0.0433859 0.1653169 0.1614339 0.0212878 0.4854768 0.0466770 0.0665848 0.0615042 0.0493568 0.0471152 0.0535002 0.0512452 0.0451771 0.0467384 0.0497031 0.0485436 0.0522940 0.0235559 0.0214751 0.0212894 0.0207516 0.0229406 0.0201543 0.0217689 0.0216136 0.0207063 0.0219258 0.0188589 0.0403118 2.3244595 0.0234551 0.0257402 0.0205288 0.0392576 0.0392773 0.2306645 0.0464147 0.0452448 0.0460180 0.2947580 0.0432003 0.0493815 0.0438062 0.0431860 0.0378244 0.0432255 0.5001283 0.0550072 0.0384380 0.0397417 0.0375294 0.0485965 0.0491346 0.0476011 0.0460879 0.0478365 0.0457790 0.0481548 0.0461677 0.0469976 0.0473841 0.0473469 0.0473392 0.0481650 0.3312292 0.0457263 0.0206942 0.0485703 0.0216834 
Bbai76728_RYR2    0.0590639 0.0026704 0.0000000 0.0635636 0.0583943 0.0586287 0.0588538 0.0669316 0.0650807 0.0567441 0.0628070 0.0584355 0.2135106 0.0511259 0.0511121 0.4935153 0.0600059 0.0476607 0.0482303 0.0479553 0.0481883 0.0475658 0.0396395 0.0494696 0.3476381 0.0488542 0.0505903 0.0598551 0.0440934 0.0444101 0.0436404 0.0447927 0.1642584 0.1582963 0.0223057 0.4906643 0.0490121 0.0655276 0.0629601 0.0486373 0.0468793 0.0528496 0.0510757 0.0465038 0.0478725 0.0498239 0.0489143 0.0509495 0.0266788 0.0235100 0.0221499 0.0213030 0.0226594 0.0206301 0.0219298 0.0195194 0.0213869 0.0231940 0.0204340 0.0419803 2.2355222 0.0231050 0.0258791 0.0222308 0.0402349 0.0406696 0.2230363 0.0463754 0.0454257 0.0454061 0.2839503 0.0476603 0.0496295 0.0448752 0.0445724 0.0388093 0.0444075 0.5039270 0.0563575 0.0397338 0.0406227 0.0383973 0.0483483 0.0487206 0.0476238 0.0460761 0.0485251 0.0434907 0.0476880 0.0461901 0.0468105 0.0469364 0.0473872 0.0465571 0.0483464 0.3267314 0.0466826 0.0227117 0.0480446 0.0221823 
BbonAUS_RYR2      0.0161524 0.0550039 0.0635636 0.0000000 0.0219573 0.0252261 0.0242498 0.0307685 0.0480894 0.0226376 0.0180984 0.0246145 0.2266429 0.0702890 0.0703584 0.5102225 0.0378281 0.0679639 0.0632653 0.0679724 0.0677103 0.0612044 0.0600884 0.0354190 0.3493616 0.0315683 0.0344243 0.0200881 0.0636634 0.0635209 0.0629114 0.0640284 0.1746948 0.1657372 0.0730716 0.5085274 0.0714031 0.0779014 0.0749079 0.0677224 0.0654381 0.0716737 0.0667558 0.0601910 0.0647350 0.0688730 0.0689533 0.0706107 0.0300147 0.0580926 0.0606616 0.0581595 0.0599162 0.0584451 0.0604394 0.0608510 0.0560202 0.0605211 0.0576970 0.0623625 2.3832799 0.0612718 0.0639676 0.0587195 0.0600363 0.0601253 0.2303329 0.0662291 0.0644164 0.0640480 0.2909341 0.0687907 0.0611300 0.0650682 0.0652924 0.0609785 0.0632529 0.5248595 0.0677568 0.0621225 0.0629918 0.0609262 0.0676006 0.0670479 0.0661248 0.0636914 0.0668363 0.0655232 0.0663693 0.0646653 0.0631488 0.0680531 0.0663689 0.0666107 0.0681550 0.3405228 0.0671937 0.0577028 0.0670964 0.0609190 
Bbor_RYR2         0.0201294 0.0572028 0.0583943 0.0219573 0.0000000 0.0047162 0.0048138 0.0207020 0.0535143 0.0172948 0.0212342 0.0075881 0.2171633 0.0662920 0.0654026 0.4580455 0.0328964 0.0628802 0.0647653 0.0625473 0.0634908 0.0627263 0.0536656 0.0312093 0.3224930 0.0292523 0.0307821 0.0230520 0.0565745 0.0575705 0.0574861 0.0578874 0.1615236 0.1555460 0.0478774 0.4605022 0.0664591 0.0716974 0.0680852 0.0616754 0.0592022 0.0649599 0.0615939 0.0622475 0.0600078 0.0635202 0.0632321 0.0640772 0.0250673 0.0576136 0.0530752 0.0524096 0.0529663 0.0513779 0.0521780 0.0521324 0.0523679 0.0535215 0.0523631 0.0568653 2.0091105 0.0551119 0.0574536 0.0529209 0.0530733 0.0544943 0.2194541 0.0604788 0.0598628 0.0597651 0.2734263 0.0619925 0.0525174 0.0590456 0.0563062 0.0541207 0.0581939 0.4716867 0.0662708 0.0536274 0.0552957 0.0541000 0.0624741 0.0624003 0.0605844 0.0590033 0.0626386 0.0606868 0.0618724 0.0593916 0.0587074 0.0635662 0.0613730 0.0609986 0.0624450 0.3091166 0.0611025 0.0497069 0.0621020 0.0557393 
Bede66737_RYR2    0.0221993 0.0574828 0.0586287 0.0252261 0.0047162 0.0000000 0.0004594 0.0227782 0.0535510 0.0193606 0.0233264 0.0037229 0.2181478 0.0669987 0.0662642 0.4718539 0.0331439 0.0622939 0.0644947 0.0624214 0.0633525 0.0627327 0.0544409 0.0307987 0.3234018 0.0285067 0.0300457 0.0234747 0.0570758 0.0575255 0.0579948 0.0583685 0.1639572 0.1546395 0.0498384 0.4619019 0.0663557 0.0713116 0.0678914 0.0620002 0.0593848 0.0661551 0.0620867 0.0618263 0.0602977 0.0647285 0.0640955 0.0650829 0.0285334 0.0575327 0.0546685 0.0537054 0.0547548 0.0527024 0.0540224 0.0540252 0.0532043 0.0545322 0.0531310 0.0573386 1.9836626 0.0566731 0.0581963 0.0542531 0.0545129 0.0559498 0.2206064 0.0616085 0.0601556 0.0599405 0.2765886 0.0626912 0.0529155 0.0593223 0.0575936 0.0553828 0.0582270 0.4861905 0.0660288 0.0538318 0.0564492 0.0545288 0.0623649 0.0629642 0.0608813 0.0587518 0.0629094 0.0591701 0.0620217 0.0591235 0.0592750 0.0629074 0.0615291 0.0603589 0.0623211 0.3074051 0.0609974 0.0510030 0.0622465 0.0553767 
BedeAUS_RYR2      0.0213100 0.0579622 0.0588538 0.0242498 0.0048138 0.0004594 0.0000000 0.0233661 0.0521718 0.0195968 0.0231057 0.0038534 0.2171022 0.0665614 0.0652079 0.4707357 0.0333855 0.0627104 0.0640527 0.0623687 0.0630176 0.0626047 0.0530097 0.0299017 0.3287064 0.0281538 0.0291900 0.0232534 0.0567678 0.0570340 0.0572337 0.0578447 0.1618566 0.1556409 0.0498384 0.4704762 0.0663945 0.0715278 0.0678593 0.0618315 0.0591867 0.0653970 0.0625171 0.0615556 0.0595296 0.0638533 0.0636219 0.0645651 0.0280003 0.0577640 0.0545502 0.0527190 0.0538879 0.0520213 0.0531918 0.0536597 0.0529321 0.0550344 0.0528930 0.0562743 2.0237589 0.0554669 0.0586265 0.0534019 0.0533563 0.0550712 0.2186747 0.0602976 0.0593507 0.0597613 0.2749437 0.0619261 0.0522144 0.0588102 0.0572902 0.0539600 0.0582285 0.4885423 0.0668600 0.0534756 0.0556254 0.0540246 0.0625408 0.0622725 0.0605978 0.0587866 0.0617198 0.0598409 0.0617329 0.0592786 0.0591155 0.0632060 0.0612224 0.0608274 0.0625437 0.3078289 0.0612278 0.0511972 0.0618783 0.0555532 
Bmus_RYR2         0.0289356 0.0691499 0.0669316 0.0307685 0.0207020 0.0227782 0.0233661 0.0000000 0.0677144 0.0251536 0.0297498 0.0239241 0.2334799 0.0731899 0.0729218 0.4925994 0.0392510 0.0713160 0.0731047 0.0709444 0.0698073 0.0712922 0.0613234 0.0374437 0.3368142 0.0356110 0.0367362 0.0308910 0.0663165 0.0673094 0.0667414 0.0668831 0.1853288 0.1656227 0.0607915 0.5052688 0.0749735 0.0808753 0.0767054 0.0715908 0.0714681 0.0738346 0.0698246 0.0691555 0.0686025 0.0760576 0.0716510 0.0730370 0.0459764 0.0654916 0.0606132 0.0605261 0.0635675 0.0602557 0.0613535 0.0625193 0.0593518 0.0624573 0.0596433 0.0639828 2.6228335 0.0639155 0.0664347 0.0615919 0.0653769 0.0627425 0.2361741 0.0697575 0.0684459 0.0714229 0.3040094 0.0703528 0.0636086 0.0679924 0.0691840 0.0638412 0.0673905 0.5164522 0.0749959 0.0632830 0.0708067 0.0623824 0.0707396 0.0701320 0.0690653 0.0670934 0.0701752 0.0696618 0.0705552 0.0674353 0.0674350 0.0718984 0.0700595 0.0683635 0.0704891 0.3252188 0.0700888 0.0583737 0.0716233 0.0643148 
Bmys_RYR2         0.0493656 0.0693221 0.0650807 0.0480894 0.0535143 0.0535510 0.0521718 0.0677144 0.0000000 0.0443756 0.0470683 0.0517534 0.2171946 0.0704646 0.0683489 0.4423196 0.0513449 0.0671359 0.0680902 0.0676800 0.0670338 0.0671920 0.0530161 0.0301447 0.3452153 0.0303043 0.0307792 0.0443664 0.0632461 0.0623988 0.0594295 0.0611337 0.1781625 0.1744419 0.0610924 0.4793463 0.0792593 0.0831607 0.0823430 0.0682097 0.0626740 0.0693786 0.0683592 0.0682611 0.0683380 0.0655093 0.0629526 0.0669536 0.0426843 0.0648998 0.0603482 0.0610384 0.0629515 0.0611381 0.0610617 0.0759099 0.0582545 0.0609715 0.0626489 0.0552102 4.6620763 0.0622079 0.0649535 0.0613538 0.0553573 0.0558684 0.2133681 0.0638494 0.0631200 0.0663930 0.3262476 0.0702432 0.0588850 0.0665433 0.0629927 0.0531831 0.0624950 0.5119243 0.0555834 0.0535512 0.0546541 0.0547325 0.0649015 0.0675116 0.0651699 0.0633184 0.0638505 0.0774423 0.0677782 0.0635981 0.0677268 0.0681685 0.0647252 0.0653203 0.0678339 0.3216724 0.0666911 0.0572331 0.0662503 0.0600578 
Bphy_RYR2         0.0200419 0.0534145 0.0567441 0.0226376 0.0172948 0.0193606 0.0195968 0.0251536 0.0443756 0.0000000 0.0086003 0.0183207 0.2217366 0.0659600 0.0654978 0.4986363 0.0308993 0.0618678 0.0628605 0.0622982 0.0624637 0.0626414 0.0535519 0.0294407 0.3280199 0.0255128 0.0269211 0.0232575 0.0570836 0.0572208 0.0561366 0.0568282 0.1680325 0.1574477 0.0544611 0.4920295 0.0668935 0.0708278 0.0665712 0.0615709 0.0596533 0.0663565 0.0641989 0.0614548 0.0600532 0.0633660 0.0628096 0.0655033 0.0309739 0.0566406 0.0538470 0.0524825 0.0535293 0.0524506 0.0539655 0.0544291 0.0518457 0.0542280 0.0511772 0.0557996 2.3498978 0.0556235 0.0574643 0.0533306 0.0518741 0.0530425 0.2284770 0.0625864 0.0593553 0.0594086 0.2797132 0.0615439 0.0540195 0.0583346 0.0544125 0.0539996 0.0567428 0.5118863 0.0651140 0.0534238 0.0547226 0.0529878 0.0610827 0.0623629 0.0605950 0.0585804 0.0621362 0.0576738 0.0619051 0.0594452 0.0588511 0.0620163 0.0610031 0.0603830 0.0631092 0.3356781 0.0606933 0.0495266 0.0612859 0.0539444 
Bphy_baits_RYR2   0.0257479 0.0551428 0.0628070 0.0180984 0.0212342 0.0233264 0.0231057 0.0297498 0.0470683 0.0086003 0.0000000 0.0223763 0.2254720 0.0700425 0.0691448 0.4956739 0.0373350 0.0669977 0.0613808 0.0671304 0.0674683 0.0606621 0.0567475 0.0339892 0.3374768 0.0316288 0.0327014 0.0187203 0.0617099 0.0622557 0.0615100 0.0624909 0.1690591 0.1627297 0.0745620 0.4919849 0.0730318 0.0769762 0.0728496 0.0660237 0.0648313 0.0703196 0.0683047 0.0598811 0.0646165 0.0677531 0.0669850 0.0688417 0.0231752 0.0567278 0.0594955 0.0576756 0.0592239 0.0575893 0.0597208 0.0583082 0.0574412 0.0613463 0.0567290 0.0593682 2.2246144 0.0606402 0.0636551 0.0577317 0.0562632 0.0577457 0.2279743 0.0645360 0.0627631 0.0636968 0.2967725 0.0651845 0.0585475 0.0624409 0.0612247 0.0569161 0.0627565 0.5149470 0.0641592 0.0574162 0.0589881 0.0570669 0.0664644 0.0667295 0.0650957 0.0630295 0.0659794 0.0663740 0.0666312 0.0648068 0.0629622 0.0676038 0.0657898 0.0655584 0.0678988 0.3314190 0.0654883 0.0567400 0.0665459 0.0597797 
Bric_RYR2         0.0226706 0.0590470 0.0584355 0.0246145 0.0075881 0.0037229 0.0038534 0.0239241 0.0517534 0.0183207 0.0223763 0.0000000 0.2260068 0.0666548 0.0658839 0.4827633 0.0332143 0.0624025 0.0638803 0.0624701 0.0654338 0.0628381 0.0563686 0.0309588 0.3252946 0.0285904 0.0300941 0.0233778 0.0569120 0.0576185 0.0578185 0.0614977 0.1689014 0.1531497 0.0508125 0.4833052 0.0673979 0.0742357 0.0681194 0.0622572 0.0623187 0.0661206 0.0617748 0.0622528 0.0606001 0.0683342 0.0637578 0.0647806 0.0310965 0.0581006 0.0532063 0.0528193 0.0595367 0.0534441 0.0543524 0.0559465 0.0528477 0.0547071 0.0525005 0.0589635 2.3356945 0.0559215 0.0574010 0.0536261 0.0572116 0.0551697 0.2283617 0.0613471 0.0599247 0.0637217 0.2864462 0.0636272 0.0559275 0.0594183 0.0582487 0.0558337 0.0583112 0.5054505 0.0662715 0.0548910 0.0626519 0.0549452 0.0623539 0.0626553 0.0606370 0.0585543 0.0623743 0.0598271 0.0620478 0.0591972 0.0593441 0.0635885 0.0615626 0.0606737 0.0626025 0.3117687 0.0610402 0.0517151 0.0633775 0.0560095 
Btau_RYR2         0.2177395 0.2171555 0.2135106 0.2266429 0.2171633 0.2181478 0.2171022 0.2334799 0.2171946 0.2217366 0.2254720 0.2260068 0.0000000 0.2205090 0.2232146 0.5432035 0.2192590 0.2231332 0.2307187 0.2230024 0.2246761 0.2245885 0.2087380 0.2038375 0.3992936 0.2048967 0.2058613 0.2208427 0.2211984 0.2180160 0.2192236 0.2236158 0.2722164 0.2541471 0.2450079 0.5247880 0.2207178 0.2356372 0.2214802 0.2239774 0.2290066 0.2262558 0.2139655 0.2289702 0.2242028 0.2318114 0.2190368 0.2254220 0.1956844 0.2236627 0.2045383 0.2023417 0.2167004 0.2069716 0.2086150 0.1944935 0.2047748 0.2066208 0.2029424 0.2148849 2.1506196 0.2061729 0.2156295 0.2077051 0.2207819 0.2124185 0.0525105 0.2213374 0.2180934 0.2300093 0.1212475 0.2168571 0.2193306 0.2220724 0.2225672 0.2153177 0.2207341 0.5754292 0.2472973 0.2106596 0.2302499 0.2115649 0.2189557 0.2203607 0.2231755 0.2216778 0.2209053 0.2045750 0.2209869 0.2249881 0.2208530 0.2225238 0.2212467 0.2196923 0.2208955 0.3667635 0.2149092 0.2079627 0.2275674 0.2071425 
Ccom40_RYR2       0.0669143 0.0510847 0.0511259 0.0702890 0.0662920 0.0669987 0.0665614 0.0731899 0.0704646 0.0659600 0.0700425 0.0666548 0.2205090 0.0000000 0.0042550 0.4868911 0.0625550 0.0161204 0.0170170 0.0174430 0.0175835 0.0164273 0.0285814 0.0564154 0.3566458 0.0557234 0.0575428 0.0658583 0.0163042 0.0155195 0.0160445 0.0170846 0.1684324 0.1638201 0.0560488 0.5016151 0.0505223 0.0727588 0.0691398 0.0217800 0.0202245 0.0035011 0.0073738 0.0170088 0.0154703 0.0072702 0.0075553 0.0065552 0.0307012 0.0499644 0.0488701 0.0484656 0.0503187 0.0468497 0.0496828 0.0487786 0.0478811 0.0493359 0.0472567 0.0313200 2.1194543 0.0494448 0.0520390 0.0480878 0.0311766 0.0313879 0.2248630 0.0202565 0.0175967 0.0191858 0.2855966 0.0471679 0.0589867 0.0191752 0.0341309 0.0299895 0.0170935 0.4804590 0.0700000 0.0299697 0.0323432 0.0296822 0.0169302 0.0161563 0.0173986 0.0160466 0.0167973 0.0190935 0.0181178 0.0155751 0.0168156 0.0165600 0.0165630 0.0175974 0.0194546 0.3131419 0.0175294 0.0489949 0.0183592 0.0487838 
Chea7320_RYR2     0.0664315 0.0511680 0.0511121 0.0703584 0.0654026 0.0662642 0.0652079 0.0729218 0.0683489 0.0654978 0.0691448 0.0658839 0.2232146 0.0042550 0.0000000 0.4912020 0.0628560 0.0149988 0.0156450 0.0161178 0.0161158 0.0145501 0.0278027 0.0565810 0.3467338 0.0555520 0.0576668 0.0663068 0.0157357 0.0149858 0.0150260 0.0161436 0.1673991 0.1594871 0.0559566 0.4912769 0.0480572 0.0724942 0.0690651 0.0198680 0.0182253 0.0029093 0.0060586 0.0146310 0.0134386 0.0060285 0.0059224 0.0048644 0.0329590 0.0484122 0.0489536 0.0475567 0.0504197 0.0462492 0.0489131 0.0482876 0.0475516 0.0490052 0.0460652 0.0304813 2.0386731 0.0493217 0.0506953 0.0474019 0.0298656 0.0301743 0.2262344 0.0195698 0.0169091 0.0175504 0.2841332 0.0448316 0.0578541 0.0184483 0.0328709 0.0294408 0.0162463 0.4908336 0.0677580 0.0285142 0.0308983 0.0274357 0.0158460 0.0148205 0.0162528 0.0145692 0.0155894 0.0170778 0.0159742 0.0140283 0.0160942 0.0150985 0.0150390 0.0152636 0.0169834 0.3204296 0.0159334 0.0482783 0.0168059 0.0480519 
Clfam_RYR2        0.4745095 0.5145486 0.4935153 0.5102225 0.4580455 0.4718539 0.4707357 0.4925994 0.4423196 0.4986363 0.4956739 0.4827633 0.5432035 0.4868911 0.4912020 0.0000000 0.4753831 0.4893800 0.5137209 0.4924723 0.4909847 0.4952631 0.4570328 0.4563865 0.3732994 0.4615906 0.4631588 0.4925440 0.4881058 0.4867520 0.4932836 0.4894153 0.5502084 0.5008315 0.5703742 0.4822833 0.4627641 0.5167458 0.4945685 0.4881888 0.5025423 0.4966112 0.4722346 0.5058667 0.4954405 0.5041374 0.4822274 0.4913122 0.3422718 0.4969350 0.4593514 0.4673565 0.4740697 0.4696220 0.4715516 0.4519979 0.4648258 0.4631316 0.4598623 0.4729315 2.0851336 0.4671531 0.4807903 0.4736747 0.4870767 0.4771101 0.5289178 0.4957992 0.4880025 0.5059549 0.6494296 0.4984906 0.4970856 0.5021241 0.4957951 0.4808710 0.4887116 0.3019987 0.5946017 0.4720338 0.5054831 0.4764340 0.4762872 0.4988522 0.4962687 0.4823364 0.4950081 0.4496669 0.4950473 0.4963617 0.4866787 0.5131478 0.4904586 0.4832447 0.4887591 0.5858333 0.4730158 0.4637971 0.4945888 0.4728143 
Cmar59905_RYR2    0.0323514 0.0560564 0.0600059 0.0378281 0.0328964 0.0331439 0.0333855 0.0392510 0.0513449 0.0308993 0.0373350 0.0332143 0.2192590 0.0625550 0.0628560 0.4753831 0.0000000 0.0618719 0.0633078 0.0622725 0.0623706 0.0623417 0.0551466 0.0333214 0.3432959 0.0315513 0.0333891 0.0358043 0.0585784 0.0581877 0.0581316 0.0590442 0.1664798 0.1629423 0.0537851 0.4892082 0.0645644 0.0740294 0.0709368 0.0618423 0.0601171 0.0644977 0.0612115 0.0623895 0.0607752 0.0626671 0.0611319 0.0627685 0.0233851 0.0618001 0.0556933 0.0544584 0.0577141 0.0552257 0.0563905 0.0528953 0.0543646 0.0575111 0.0537606 0.0580160 2.0773672 0.0581880 0.0621101 0.0558296 0.0543601 0.0548594 0.2220731 0.0613113 0.0612265 0.0610247 0.2795917 0.0622515 0.0558505 0.0597826 0.0589116 0.0542699 0.0593082 0.4963639 0.0740640 0.0535920 0.0561705 0.0545876 0.0615439 0.0620571 0.0612712 0.0596699 0.0617889 0.0588223 0.0621370 0.0594922 0.0614904 0.0632374 0.0613011 0.0609081 0.0636659 0.3164827 0.0604556 0.0543119 0.0623753 0.0561063 
Dcap108471_RYR2   0.0624068 0.0473387 0.0476607 0.0679639 0.0628802 0.0622939 0.0627104 0.0713160 0.0671359 0.0618678 0.0669977 0.0624025 0.2231332 0.0161204 0.0149988 0.4893800 0.0618719 0.0000000 0.0009484 0.0013323 0.0011043 0.0020289 0.0236561 0.0553140 0.3417258 0.0550008 0.0564836 0.0636796 0.0134666 0.0127339 0.0125796 0.0135544 0.1641207 0.1565264 0.0500130 0.4822451 0.0448966 0.0711486 0.0676613 0.0177935 0.0137550 0.0156731 0.0135513 0.0074372 0.0070524 0.0137640 0.0129423 0.0144915 0.0286615 0.0444549 0.0456696 0.0439001 0.0466257 0.0426886 0.0450525 0.0439353 0.0444000 0.0465068 0.0431310 0.0253332 1.9571802 0.0457237 0.0471953 0.0444184 0.0260829 0.0261828 0.2291366 0.0164554 0.0139678 0.0144660 0.2839257 0.0420481 0.0545220 0.0147810 0.0290880 0.0252984 0.0141315 0.4829646 0.0646102 0.0249308 0.0268506 0.0234357 0.0047654 0.0058465 0.0133622 0.0121390 0.0084524 0.0084778 0.0062844 0.0063395 0.0096136 0.0052025 0.0040287 0.0060603 0.0057957 0.3161499 0.0057832 0.0453171 0.0064620 0.0447224 
Dcap79929_RYR2    0.0636111 0.0476445 0.0482303 0.0632653 0.0647653 0.0644947 0.0640527 0.0731047 0.0680902 0.0628605 0.0613808 0.0638803 0.2307187 0.0170170 0.0156450 0.5137209 0.0633078 0.0009484 0.0000000 0.0023653 0.0021101 0.0021583 0.0246073 0.0569105 0.3637587 0.0555490 0.0571684 0.0594366 0.0137592 0.0137667 0.0125051 0.0138824 0.1669201 0.1597698 0.0507794 0.5072040 0.0446325 0.0732379 0.0694397 0.0193314 0.0148329 0.0167774 0.0139909 0.0081724 0.0081102 0.0146001 0.0140387 0.0155075 0.0314089 0.0452155 0.0463421 0.0443401 0.0474219 0.0433918 0.0463772 0.0455405 0.0457542 0.0470517 0.0436033 0.0271565 2.0626756 0.0468458 0.0479745 0.0459427 0.0274443 0.0274194 0.2348595 0.0170736 0.0147073 0.0153394 0.2998090 0.0425254 0.0563988 0.0151953 0.0305653 0.0258852 0.0147550 0.5078133 0.0657076 0.0261162 0.0285211 0.0246787 0.0057527 0.0075379 0.0144201 0.0130324 0.0095625 0.0092707 0.0078782 0.0079035 0.0105538 0.0059562 0.0054745 0.0072118 0.0069200 0.3264315 0.0073961 0.0463757 0.0078057 0.0446918 
DdelSJR_RYR2      0.0630163 0.0477070 0.0479553 0.0679724 0.0625473 0.0624214 0.0623687 0.0709444 0.0676800 0.0622982 0.0671304 0.0624701 0.2230024 0.0174430 0.0161178 0.4924723 0.0622725 0.0013323 0.0023653 0.0000000 0.0023899 0.0024736 0.0236620 0.0549518 0.3399091 0.0553086 0.0567183 0.0629863 0.0136628 0.0129430 0.0128626 0.0137470 0.1666938 0.1568816 0.0519474 0.4793676 0.0452198 0.0712792 0.0679907 0.0180394 0.0139436 0.0165128 0.0147241 0.0077342 0.0076368 0.0144049 0.0138927 0.0155168 0.0290409 0.0444589 0.0457960 0.0440458 0.0467330 0.0427221 0.0454412 0.0439270 0.0450976 0.0462558 0.0431625 0.0260150 1.9900003 0.0458488 0.0473159 0.0444338 0.0262770 0.0265210 0.2299029 0.0169300 0.0144427 0.0146418 0.2819293 0.0420317 0.0549504 0.0148801 0.0288955 0.0255450 0.0146044 0.4857197 0.0646183 0.0251816 0.0275061 0.0238318 0.0051669 0.0064984 0.0137120 0.0126118 0.0095300 0.0089553 0.0068673 0.0067794 0.0103161 0.0057017 0.0044167 0.0067044 0.0061274 0.3182477 0.0066453 0.0450615 0.0070027 0.0456421 
Ddel_RYR2         0.0643693 0.0476453 0.0481883 0.0677103 0.0634908 0.0633525 0.0630176 0.0698073 0.0670338 0.0624637 0.0674683 0.0654338 0.2246761 0.0175835 0.0161158 0.4909847 0.0623706 0.0011043 0.0021101 0.0023899 0.0000000 0.0022330 0.0234307 0.0558987 0.3357495 0.0555156 0.0570310 0.0646648 0.0142549 0.0135370 0.0135813 0.0146297 0.1761704 0.1567732 0.0509997 0.4783342 0.0451653 0.0704219 0.0680040 0.0194268 0.0164179 0.0166405 0.0147431 0.0088503 0.0075677 0.0185312 0.0141558 0.0151834 0.0291969 0.0449248 0.0466573 0.0448888 0.0471862 0.0429580 0.0457973 0.0441060 0.0455879 0.0469449 0.0434182 0.0254143 2.0654557 0.0467063 0.0482783 0.0449132 0.0295660 0.0264188 0.2288467 0.0167156 0.0142580 0.0192008 0.2925320 0.0424133 0.0553914 0.0147844 0.0297963 0.0258122 0.0152023 0.4907841 0.0659024 0.0254657 0.0312967 0.0241375 0.0064734 0.0075561 0.0140010 0.0129198 0.0087084 0.0086599 0.0077135 0.0079603 0.0107093 0.0067014 0.0054945 0.0073342 0.0065271 0.3154684 0.0072914 0.0455716 0.0089482 0.0457446 
Ddeltrop4525_RYR2 0.0622837 0.0465856 0.0475658 0.0612044 0.0627263 0.0627327 0.0626047 0.0712922 0.0671920 0.0626414 0.0606621 0.0628381 0.2245885 0.0164273 0.0145501 0.4952631 0.0623417 0.0020289 0.0021583 0.0024736 0.0022330 0.0000000 0.0226851 0.0556058 0.3460730 0.0548766 0.0565664 0.0579705 0.0128886 0.0122959 0.0122287 0.0129831 0.1637651 0.1561251 0.0516699 0.4817366 0.0447180 0.0718960 0.0676270 0.0182312 0.0134220 0.0153494 0.0136945 0.0069930 0.0059207 0.0134262 0.0128436 0.0136838 0.0285075 0.0435989 0.0459569 0.0443378 0.0463921 0.0421817 0.0452585 0.0437838 0.0447290 0.0464027 0.0430226 0.0248564 2.0310200 0.0459145 0.0477733 0.0439256 0.0256079 0.0256997 0.2309433 0.0150823 0.0124619 0.0141384 0.2838252 0.0411807 0.0553587 0.0137383 0.0285436 0.0245894 0.0136776 0.4897237 0.0641433 0.0244613 0.0263808 0.0232631 0.0055575 0.0060963 0.0130273 0.0119355 0.0077721 0.0076220 0.0069805 0.0071385 0.0087807 0.0060310 0.0051683 0.0066310 0.0063045 0.3173708 0.0075035 0.0448514 0.0069773 0.0458041 
Dleu_RYR2         0.0570870 0.0381272 0.0396395 0.0600884 0.0536656 0.0544409 0.0530097 0.0613234 0.0530161 0.0535519 0.0567475 0.0563686 0.2087380 0.0285814 0.0278027 0.4570328 0.0551466 0.0236561 0.0246073 0.0236620 0.0234307 0.0226851 0.0000000 0.0469784 0.3192308 0.0450840 0.0480990 0.0553789 0.0211901 0.0213655 0.0207401 0.0219280 0.1693081 0.1485882 0.0412374 0.4479016 0.0373494 0.0642135 0.0581693 0.0257040 0.0261441 0.0280697 0.0253578 0.0229106 0.0231149 0.0294662 0.0251293 0.0260357 0.0191514 0.0378492 0.0373384 0.0365955 0.0406268 0.0338230 0.0369705 0.0342192 0.0362822 0.0386307 0.0350410 0.0067169 1.9887588 0.0379372 0.0406303 0.0356392 0.0156003 0.0129453 0.2141599 0.0245852 0.0234063 0.0262385 0.2746679 0.0339281 0.0487813 0.0230171 0.0125525 0.0130874 0.0220433 0.4712213 0.0570509 0.0125834 0.0198931 0.0118278 0.0241601 0.0242856 0.0234385 0.0220538 0.0241011 0.0246196 0.0235767 0.0220727 0.0230656 0.0240505 0.0226363 0.0237686 0.0242398 0.2953267 0.0236583 0.0368825 0.0256867 0.0394808 
EausAUS_RYR2      0.0333888 0.0485227 0.0494696 0.0354190 0.0312093 0.0307987 0.0299017 0.0374437 0.0301447 0.0294407 0.0339892 0.0309588 0.2038375 0.0564154 0.0565810 0.4563865 0.0333214 0.0553140 0.0569105 0.0549518 0.0558987 0.0556058 0.0469784 0.0000000 0.3126598 0.0049009 0.0047838 0.0306297 0.0500065 0.0506419 0.0499997 0.0507711 0.1598015 0.1533316 0.0480533 0.4552883 0.0565737 0.0653182 0.0609849 0.0553022 0.0522855 0.0580423 0.0558021 0.0544717 0.0546113 0.0561399 0.0560162 0.0566913 0.0302280 0.0482933 0.0469181 0.0456439 0.0486085 0.0455817 0.0461950 0.0436285 0.0438280 0.0485582 0.0436016 0.0500238 1.9958082 0.0473199 0.0502023 0.0459677 0.0467993 0.0475105 0.2087905 0.0547108 0.0537679 0.0515700 0.2630742 0.0533717 0.0463936 0.0520451 0.0492572 0.0476771 0.0504731 0.4756362 0.0555976 0.0472219 0.0489252 0.0470554 0.0555076 0.0552906 0.0536730 0.0525881 0.0549170 0.0546404 0.0550887 0.0526631 0.0530660 0.0553791 0.0545510 0.0531745 0.0549383 0.3046115 0.0538404 0.0448815 0.0545549 0.0477347 
Ecab_RYR2         0.3256227 0.3417895 0.3476381 0.3493616 0.3224930 0.3234018 0.3287064 0.3368142 0.3452153 0.3280199 0.3374768 0.3252946 0.3992936 0.3566458 0.3467338 0.3732994 0.3432959 0.3417258 0.3637587 0.3399091 0.3357495 0.3460730 0.3192308 0.3126598 0.0000000 0.3233704 0.3184170 0.3387998 0.3407083 0.3394062 0.3416151 0.3343175 0.3962135 0.3808869 0.3889271 0.3606382 0.3274877 0.3605695 0.3543770 0.3492739 0.3489335 0.3450234 0.3416973 0.3620295 0.3463963 0.3473012 0.3450617 0.3490294 0.2344675 0.3475513 0.3197090 0.3194231 0.3292435 0.3314143 0.3259867 0.3052816 0.3286215 0.3236985 0.3223760 0.3235551 1.7984833 0.3297815 0.3327923 0.3295613 0.3327629 0.3280351 0.4020012 0.3469885 0.3450832 0.3422166 0.4857506 0.3480942 0.3406750 0.3482151 0.3548237 0.3326247 0.3433751 0.3994848 0.4313507 0.3358917 0.3491620 0.3363137 0.3376763 0.3437048 0.3437099 0.3427111 0.3450339 0.3006187 0.3422347 0.3437352 0.3437130 0.3622974 0.3415017 0.3396276 0.3382467 0.4477915 0.3329013 0.3234086 0.3407081 0.3196050 
Egla13086_RYR2    0.0293519 0.0475807 0.0488542 0.0315683 0.0292523 0.0285067 0.0281538 0.0356110 0.0303043 0.0255128 0.0316288 0.0285904 0.2048967 0.0557234 0.0555520 0.4615906 0.0315513 0.0550008 0.0555490 0.0553086 0.0555156 0.0548766 0.0450840 0.0049009 0.3233704 0.0000000 0.0018610 0.0286768 0.0497497 0.0500343 0.0492892 0.0503537 0.1586404 0.1536631 0.0470813 0.4632262 0.0555877 0.0641015 0.0595702 0.0544721 0.0522677 0.0579583 0.0563098 0.0540601 0.0538142 0.0551982 0.0545316 0.0559313 0.0277796 0.0472146 0.0460378 0.0439465 0.0469983 0.0435320 0.0452148 0.0426029 0.0440907 0.0471053 0.0422243 0.0485750 2.0425733 0.0468536 0.0501210 0.0449337 0.0448915 0.0455799 0.2090903 0.0536831 0.0522621 0.0519948 0.2673591 0.0520542 0.0451815 0.0515891 0.0483333 0.0454969 0.0497667 0.4805397 0.0551997 0.0461646 0.0468463 0.0458580 0.0551767 0.0548285 0.0531904 0.0515194 0.0539996 0.0535751 0.0546794 0.0525282 0.0527457 0.0554883 0.0541163 0.0536666 0.0555468 0.3098837 0.0538577 0.0444569 0.0543771 0.0463605 
Ejap43864_RYR2    0.0320846 0.0486689 0.0505903 0.0344243 0.0307821 0.0300457 0.0291900 0.0367362 0.0307792 0.0269211 0.0327014 0.0300941 0.2058613 0.0575428 0.0576668 0.4631588 0.0333891 0.0564836 0.0571684 0.0567183 0.0570310 0.0565664 0.0480990 0.0047838 0.3184170 0.0018610 0.0000000 0.0301221 0.0514449 0.0517922 0.0502576 0.0517537 0.1589306 0.1523014 0.0490288 0.4631882 0.0574705 0.0652891 0.0621294 0.0555730 0.0533074 0.0597387 0.0576386 0.0550182 0.0551820 0.0570104 0.0568010 0.0581845 0.0295711 0.0485433 0.0467934 0.0451444 0.0481331 0.0451445 0.0469926 0.0429412 0.0448519 0.0483415 0.0435636 0.0504489 1.9877486 0.0483822 0.0507230 0.0466905 0.0476542 0.0481276 0.2061203 0.0551170 0.0535485 0.0527910 0.2681205 0.0543464 0.0474714 0.0528776 0.0504984 0.0480630 0.0514287 0.4825606 0.0567100 0.0481944 0.0495804 0.0475490 0.0567462 0.0564145 0.0543651 0.0529731 0.0552750 0.0556823 0.0561094 0.0532884 0.0539352 0.0563407 0.0555468 0.0550894 0.0565576 0.3100804 0.0554501 0.0454508 0.0556450 0.0471557 
Erob133443_RYR2   0.0255329 0.0515622 0.0598551 0.0200881 0.0230520 0.0234747 0.0232534 0.0308910 0.0443664 0.0232575 0.0187203 0.0233778 0.2208427 0.0658583 0.0663068 0.4925440 0.0358043 0.0636796 0.0594366 0.0629863 0.0646648 0.0579705 0.0553789 0.0306297 0.3387998 0.0286768 0.0301221 0.0000000 0.0592828 0.0594821 0.0590671 0.0600068 0.1677547 0.1585122 0.0724442 0.4867278 0.0679888 0.0735347 0.0689086 0.0648162 0.0607941 0.0664028 0.0657268 0.0579327 0.0618364 0.0652294 0.0646841 0.0659074 0.0314392 0.0528470 0.0550311 0.0532001 0.0559947 0.0533953 0.0546148 0.0540872 0.0525552 0.0565512 0.0527108 0.0581256 2.2837299 0.0566935 0.0595813 0.0541286 0.0553248 0.0556907 0.2226601 0.0633618 0.0620690 0.0611106 0.2886180 0.0638526 0.0550425 0.0609537 0.0595952 0.0552407 0.0597674 0.5110559 0.0603466 0.0558327 0.0576142 0.0554217 0.0636932 0.0633049 0.0627650 0.0612093 0.0629867 0.0638095 0.0633022 0.0598020 0.0599246 0.0644953 0.0621920 0.0624105 0.0644862 0.3225364 0.0628900 0.0524004 0.0635091 0.0560056 
Fatt_RYR2         0.0590728 0.0435909 0.0440934 0.0636634 0.0565745 0.0570758 0.0567678 0.0663165 0.0632461 0.0570836 0.0617099 0.0569120 0.2211984 0.0163042 0.0157357 0.4881058 0.0585784 0.0134666 0.0137592 0.0136628 0.0142549 0.0128886 0.0211901 0.0500065 0.3407083 0.0497497 0.0514449 0.0592828 0.0000000 0.0039680 0.0015547 0.0026197 0.1644073 0.1555331 0.0441592 0.4740226 0.0406313 0.0672694 0.0637245 0.0154673 0.0119843 0.0159191 0.0148117 0.0128818 0.0116665 0.0149420 0.0149313 0.0145073 0.0293013 0.0399125 0.0413480 0.0402468 0.0434651 0.0377913 0.0408773 0.0405295 0.0412871 0.0416587 0.0378070 0.0242441 2.0298342 0.0429790 0.0438414 0.0402510 0.0233231 0.0234998 0.2281510 0.0142148 0.0116910 0.0131291 0.2798236 0.0395506 0.0505455 0.0043084 0.0249509 0.0226764 0.0029176 0.4860374 0.0579014 0.0224124 0.0247809 0.0206837 0.0128889 0.0128380 0.0073725 0.0063823 0.0135615 0.0144648 0.0130502 0.0116941 0.0106241 0.0124439 0.0126006 0.0133871 0.0128990 0.3086967 0.0128008 0.0407492 0.0124307 0.0406378 
Ggri_RYR2         0.0594667 0.0435608 0.0444101 0.0635209 0.0575705 0.0575255 0.0570340 0.0673094 0.0623988 0.0572208 0.0622557 0.0576185 0.2180160 0.0155195 0.0149858 0.4867520 0.0581877 0.0127339 0.0137667 0.0129430 0.0135370 0.0122959 0.0213655 0.0506419 0.3394062 0.0500343 0.0517922 0.0594821 0.0039680 0.0000000 0.0033337 0.0043678 0.1649400 0.1553520 0.0441680 0.4740461 0.0419188 0.0661357 0.0629755 0.0162479 0.0124040 0.0156523 0.0145213 0.0127643 0.0115603 0.0148988 0.0143082 0.0140387 0.0283429 0.0400419 0.0414155 0.0402780 0.0432957 0.0378517 0.0409149 0.0398755 0.0413084 0.0417113 0.0377625 0.0241775 2.0301557 0.0429805 0.0438547 0.0402833 0.0237295 0.0239224 0.2253047 0.0149978 0.0125033 0.0126422 0.2770761 0.0396246 0.0505303 0.0061297 0.0252712 0.0230968 0.0042627 0.4856581 0.0582440 0.0221666 0.0251862 0.0207130 0.0123829 0.0123642 0.0082605 0.0076935 0.0134217 0.0127954 0.0129334 0.0118154 0.0114454 0.0117884 0.0120240 0.0133581 0.0128754 0.3064732 0.0122024 0.0407882 0.0123985 0.0412321 
Gmac39091_RYR2    0.0580820 0.0419315 0.0436404 0.0629114 0.0574861 0.0579948 0.0572337 0.0667414 0.0594295 0.0561366 0.0615100 0.0578185 0.2192236 0.0160445 0.0150260 0.4932836 0.0581316 0.0125796 0.0125051 0.0128626 0.0135813 0.0122287 0.0207401 0.0499997 0.3416151 0.0492892 0.0502576 0.0590671 0.0015547 0.0033337 0.0000000 0.0013075 0.1618965 0.1535701 0.0431932 0.4768328 0.0416120 0.0659292 0.0622495 0.0150504 0.0117658 0.0158370 0.0147424 0.0134074 0.0116185 0.0142676 0.0143846 0.0143201 0.0320610 0.0389737 0.0412022 0.0393726 0.0429663 0.0375575 0.0405029 0.0399625 0.0407212 0.0406834 0.0377260 0.0233190 2.0470404 0.0420855 0.0433248 0.0397251 0.0226364 0.0226804 0.2250968 0.0140037 0.0118000 0.0129105 0.2774991 0.0390116 0.0503318 0.0035846 0.0244847 0.0219165 0.0017852 0.4915314 0.0568763 0.0216339 0.0236169 0.0202533 0.0129767 0.0129119 0.0073464 0.0063593 0.0127005 0.0138241 0.0133400 0.0106791 0.0108163 0.0122954 0.0119542 0.0136811 0.0127953 0.3134646 0.0122021 0.0403698 0.0122123 0.0402288 
Gmel_RYR2         0.0609143 0.0433859 0.0447927 0.0640284 0.0578874 0.0583685 0.0578447 0.0668831 0.0611337 0.0568282 0.0624909 0.0614977 0.2236158 0.0170846 0.0161436 0.4894153 0.0590442 0.0135544 0.0138824 0.0137470 0.0146297 0.0129831 0.0219280 0.0507711 0.3343175 0.0503537 0.0517537 0.0600068 0.0026197 0.0043678 0.0013075 0.0000000 0.1734624 0.1539401 0.0441674 0.4709472 0.0425476 0.0674406 0.0637767 0.0156369 0.0151712 0.0166688 0.0152590 0.0141624 0.0126014 0.0189954 0.0153480 0.0152104 0.0301494 0.0401971 0.0421495 0.0402929 0.0448119 0.0385409 0.0414226 0.0415456 0.0420057 0.0420860 0.0388032 0.0245603 2.1207911 0.0435149 0.0447644 0.0409665 0.0277956 0.0235991 0.2258818 0.0148729 0.0126280 0.0175165 0.2879474 0.0397667 0.0520478 0.0046812 0.0256238 0.0231918 0.0028880 0.4921490 0.0589603 0.0227033 0.0295215 0.0212787 0.0137964 0.0136704 0.0081336 0.0071749 0.0135355 0.0140055 0.0140625 0.0118049 0.0116737 0.0130617 0.0124683 0.0144053 0.0134503 0.3104041 0.0128973 0.0412970 0.0152821 0.0416764 
Hamp_RYR2         0.1695988 0.1653169 0.1642584 0.1746948 0.1615236 0.1639572 0.1618566 0.1853288 0.1781625 0.1680325 0.1690591 0.1689014 0.2722164 0.1684324 0.1673991 0.5502084 0.1664798 0.1641207 0.1669201 0.1666938 0.1761704 0.1637651 0.1693081 0.1598015 0.3962135 0.1586404 0.1589306 0.1677547 0.1644073 0.1649400 0.1618965 0.1734624 0.0000000 0.0056160 0.1893632 0.5442228 0.1700929 0.1896338 0.1732610 0.1641034 0.1738871 0.1705375 0.1622048 0.1679537 0.1649425 0.1759687 0.1651850 0.1692489 0.1418472 0.1671339 0.1589951 0.1563631 0.1769531 0.1591415 0.1616029 0.1611207 0.1571864 0.1584300 0.1598561 0.1737068 2.3460127 0.1610844 0.1648478 0.1582161 0.1713028 0.1618325 0.2721831 0.1632321 0.1611122 0.1746582 0.3375765 0.1683640 0.1718626 0.1643918 0.1660657 0.1618575 0.1617835 0.5596256 0.1871610 0.1574754 0.1792288 0.1594828 0.1621600 0.1622878 0.1654697 0.1615933 0.1647699 0.1499717 0.1660404 0.1606095 0.1604775 0.1638578 0.1631082 0.1624018 0.1651858 0.3704134 0.1638007 0.1616948 0.1717804 0.1663141 
Hippo_RYR2        0.1538818 0.1614339 0.1582963 0.1657372 0.1555460 0.1546395 0.1556409 0.1656227 0.1744419 0.1574477 0.1627297 0.1531497 0.2541471 0.1638201 0.1594871 0.5008315 0.1629423 0.1565264 0.1597698 0.1568816 0.1567732 0.1561251 0.1485882 0.1533316 0.3808869 0.1536631 0.1523014 0.1585122 0.1555331 0.1553520 0.1535701 0.1539401 0.0056160 0.0000000 0.1688356 0.5099417 0.1648853 0.1732276 0.1654566 0.1571138 0.1537644 0.1606845 0.1573500 0.1608064 0.1561267 0.1547271 0.1569446 0.1587176 0.1317624 0.1619199 0.1518273 0.1475809 0.1521887 0.1504893 0.1508010 0.1534291 0.1502507 0.1511812 0.1534861 0.1531457 2.0328768 0.1519144 0.1569194 0.1498899 0.1514776 0.1539022 0.2572796 0.1530342 0.1530637 0.1545743 0.3089911 0.1599886 0.1560054 0.1563856 0.1598155 0.1525669 0.1550015 0.5100740 0.1828447 0.1491783 0.1540715 0.1539578 0.1564206 0.1545426 0.1586170 0.1568445 0.1564904 0.1429620 0.1566208 0.1528012 0.1520592 0.1556814 0.1535779 0.1545951 0.1557263 0.3408353 0.1559839 0.1536099 0.1556543 0.1592190 
Hpla9120_RYR2     0.0527600 0.0212878 0.0223057 0.0730716 0.0478774 0.0498384 0.0498384 0.0607915 0.0610924 0.0544611 0.0745620 0.0508125 0.2450079 0.0560488 0.0559566 0.5703742 0.0537851 0.0500130 0.0507794 0.0519474 0.0509997 0.0516699 0.0412374 0.0480533 0.3889271 0.0470813 0.0490288 0.0724442 0.0441592 0.0441680 0.0431932 0.0441674 0.1893632 0.1688356 0.0000000 0.5688318 0.0596112 0.0670247 0.0648784 0.0539920 0.0470841 0.0580444 0.0570363 0.0494066 0.0480185 0.0549603 0.0528898 0.0580445 0.0299242 0.0171087 0.0136642 0.0162517 0.0162948 0.0128013 0.0163143 0.0172244 0.0119116 0.0136444 0.0145547 0.0440895 5.3477405 0.0153935 0.0110383 0.0110370 0.0430539 0.0444387 0.2535097 0.0471498 0.0451215 0.0500107 0.2854895 0.0483661 0.0497446 0.0471174 0.0458284 0.0430729 0.0432733 0.5254608 0.0568829 0.0423673 0.0421677 0.0422754 0.0519680 0.0530605 0.0461140 0.0451336 0.0509881 0.0545932 0.0480875 0.0510628 0.0480886 0.0501054 0.0510516 0.0460884 0.0510696 0.3538638 0.0510978 0.0180585 0.0519913 0.0153643 
Hsap_RYR2         0.4823005 0.4854768 0.4906643 0.5085274 0.4605022 0.4619019 0.4704762 0.5052688 0.4793463 0.4920295 0.4919849 0.4833052 0.5247880 0.5016151 0.4912769 0.4822833 0.4892082 0.4822451 0.5072040 0.4793676 0.4783342 0.4817366 0.4479016 0.4552883 0.3606382 0.4632262 0.4631882 0.4867278 0.4740226 0.4740461 0.4768328 0.4709472 0.5442228 0.5099417 0.5688318 0.0000000 0.4383509 0.5148299 0.5129241 0.4933876 0.4885696 0.4839634 0.4710356 0.5029790 0.4830282 0.4897503 0.4823893 0.4913250 0.4106101 0.5142546 0.4647806 0.4667044 0.4754201 0.4701962 0.4681711 0.4300481 0.4680882 0.4692396 0.4595455 0.4529374 1.5143320 0.4707245 0.4781266 0.4747307 0.4773762 0.4688698 0.5306175 0.4888501 0.4875538 0.4904915 0.6512503 0.4789020 0.4833396 0.4830857 0.5228012 0.4727019 0.4755619 0.5283220 0.6034579 0.4759744 0.4908164 0.4823302 0.4769899 0.4889656 0.4872684 0.4762140 0.4848179 0.4493773 0.4794763 0.4838897 0.4819931 0.5125230 0.4768825 0.4759650 0.4801002 0.5844184 0.4680797 0.4682248 0.4807329 0.4551774 
Igeo_RYR2         0.0661778 0.0466770 0.0490121 0.0714031 0.0664591 0.0663557 0.0663945 0.0749735 0.0792593 0.0668935 0.0730318 0.0673979 0.2207178 0.0505223 0.0480572 0.4627641 0.0645644 0.0448966 0.0446325 0.0452198 0.0451653 0.0447180 0.0373494 0.0565737 0.3274877 0.0555877 0.0574705 0.0679888 0.0406313 0.0419188 0.0416120 0.0425476 0.1700929 0.1648853 0.0596112 0.4383509 0.0000000 0.0743009 0.0686927 0.0454858 0.0425108 0.0490765 0.0468063 0.0428581 0.0438856 0.0451296 0.0446778 0.0460550 0.0278503 0.0492841 0.0478355 0.0466272 0.0476843 0.0467723 0.0476580 0.0483048 0.0458878 0.0480698 0.0470659 0.0399068 1.7306089 0.0493594 0.0514621 0.0460749 0.0386461 0.0380101 0.2310914 0.0432680 0.0428759 0.0442118 0.2629327 0.0372179 0.0583100 0.0429684 0.0403013 0.0370595 0.0419615 0.4629495 0.0660206 0.0379274 0.0393844 0.0382016 0.0452002 0.0453242 0.0445767 0.0432556 0.0454773 0.0427986 0.0432243 0.0439093 0.0438739 0.0443389 0.0432347 0.0428527 0.0435740 0.3121509 0.0434434 0.0480280 0.0451003 0.0485883 
Kbre_RYR2         0.0763283 0.0665848 0.0655276 0.0779014 0.0716974 0.0713116 0.0715278 0.0808753 0.0831607 0.0708278 0.0769762 0.0742357 0.2356372 0.0727588 0.0724942 0.5167458 0.0740294 0.0711486 0.0732379 0.0712792 0.0704219 0.0718960 0.0642135 0.0653182 0.3605695 0.0641015 0.0652891 0.0735347 0.0672694 0.0661357 0.0659292 0.0674406 0.1896338 0.1732276 0.0670247 0.5148299 0.0743009 0.0000000 0.0127672 0.0702640 0.0670454 0.0746543 0.0700096 0.0694003 0.0712096 0.0721880 0.0720093 0.0728205 0.0475947 0.0688428 0.0607864 0.0613381 0.0640509 0.0618513 0.0635282 0.0634145 0.0616294 0.0633077 0.0586449 0.0630669 2.3093546 0.0652774 0.0672187 0.0624020 0.0657312 0.0642878 0.2403462 0.0714101 0.0687708 0.0667192 0.2970461 0.0688284 0.0387687 0.0673818 0.0656715 0.0645958 0.0666409 0.5276864 0.0420893 0.0632175 0.0653037 0.0623527 0.0703456 0.0711801 0.0695753 0.0693159 0.0707719 0.0702872 0.0712489 0.0676622 0.0695537 0.0711480 0.0706508 0.0696765 0.0706146 0.3404591 0.0701478 0.0611793 0.0688563 0.0615384 
Ksim_RYR2         0.0712918 0.0615042 0.0629601 0.0749079 0.0680852 0.0678914 0.0678593 0.0767054 0.0823430 0.0665712 0.0728496 0.0681194 0.2214802 0.0691398 0.0690651 0.4945685 0.0709368 0.0676613 0.0694397 0.0679907 0.0680040 0.0676270 0.0581693 0.0609849 0.3543770 0.0595702 0.0621294 0.0689086 0.0637245 0.0629755 0.0622495 0.0637767 0.1732610 0.1654566 0.0648784 0.5129241 0.0686927 0.0127672 0.0000000 0.0679589 0.0634706 0.0713290 0.0675907 0.0669881 0.0670453 0.0685193 0.0679895 0.0696982 0.0446829 0.0684446 0.0588110 0.0582584 0.0603229 0.0589913 0.0600501 0.0598220 0.0599964 0.0616353 0.0568307 0.0604311 2.1071781 0.0622598 0.0639531 0.0606521 0.0610817 0.0617889 0.2253299 0.0671283 0.0649405 0.0649022 0.2872362 0.0652196 0.0358834 0.0644439 0.0627237 0.0614109 0.0624292 0.5087582 0.0352829 0.0601423 0.0626168 0.0588346 0.0676163 0.0677333 0.0669161 0.0657987 0.0674254 0.0664732 0.0669898 0.0637554 0.0648408 0.0683283 0.0663631 0.0666318 0.0670042 0.3302945 0.0661403 0.0582862 0.0662188 0.0596950 
