Supplemental results for CODEML (seqf: /home/leticiamagpali/phd/evol_models/codeml/small_dataset/cml_align/OTOF_codon_aligned.phy  treef: /home/leticiamagpali/phd/evol_models/codeml/small_dataset/cml_trees/gene_trees/H2_gene_trees/OTOF_codon_H2.tre)

I	J	ij	2Ns_IJ	pMut_IJ	pSub_IJ	2Ns_JI	pMut_JI	pSub_JI

TTC	TTT	CT	-0.08889	0.04798	0.04588	0.08889	0.04390	0.04588
TTA	TTT	AT	6.54208	0.00001	0.00007	-6.54208	0.00692	0.00007
TTA	TTC	AC	6.63097	0.00003	0.00022	-6.63097	0.02538	0.00022
TTG	TTT	GT	1.70931	0.00162	0.00337	-1.70931	0.00892	0.00337
TTG	TTC	GC	1.79820	0.00542	0.01169	-1.79820	0.03275	0.01169
TTG	TTA	GA	-4.83277	0.01264	0.00049	4.83277	0.00010	0.00049
TCT	TTT	CT	1.99317	0.00598	0.01380	-1.99317	0.04390	0.01380
TCC	TTC	CT	1.38461	0.04034	0.07452	-1.38461	0.16109	0.07452
TCC	TCT	CT	-0.69745	0.04034	0.02789	0.69745	0.02008	0.02789
TCA	TTA	CT	-4.07206	0.00755	0.00053	4.07206	0.00013	0.00053
TCA	TCT	AT	0.47685	0.00196	0.00247	-0.47685	0.00316	0.00247
TCA	TCC	AC	1.17429	0.00659	0.01121	-1.17429	0.02134	0.01121
TCG	TTG	CT	1.22357	0.00614	0.01064	-1.22357	0.02086	0.01064
TCG	TCT	GT	0.93971	0.00160	0.00246	-0.93971	0.00408	0.00246
TCG	TCC	GC	1.63715	0.00536	0.01089	-1.63715	0.02753	0.01089
TCG	TCA	GA	0.46286	0.01248	0.01559	-0.46286	0.01983	0.01559
TAT	TTT	AT	1.27939	0.00192	0.00341	-1.27939	0.00692	0.00341
TAT	TCT	AC	-0.71378	0.00646	0.00443	0.71378	0.00316	0.00443
TAC	TTC	AT	0.87609	0.01057	0.01587	-0.87609	0.02538	0.01587
TAC	TCC	AC	-0.50853	0.03548	0.02722	0.50853	0.02134	0.02722
TAC	TAT	CT	-0.49219	0.04065	0.03146	0.49219	0.02485	0.03146
TGT	TTT	GT	2.39019	0.00082	0.00215	-2.39019	0.00892	0.00215
TGT	TCT	GC	0.39702	0.00274	0.00333	-0.39702	0.00408	0.00333
TGT	TAT	GA	1.11080	0.00640	0.01059	-1.11080	0.01943	0.01059
TGC	TTC	GT	1.98992	0.00448	0.01032	-1.98992	0.03275	0.01032
TGC	TCC	GC	0.60530	0.01503	0.02004	-0.60530	0.02753	0.02004
TGC	TAC	GA	1.11383	0.03503	0.05808	-1.11383	0.10669	0.05808
TGC	TGT	CT	-0.48916	0.01722	0.01335	0.48916	0.01056	0.01335
TGG	TTG	GT	-0.41818	0.00644	0.00519	0.41818	0.00424	0.00519
TGG	TCG	GC	-1.64175	0.02162	0.00853	1.64175	0.00419	0.00853
TGG	TGT	GT	-1.09905	0.00644	0.00354	1.09905	0.00215	0.00354
TGG	TGC	GC	-0.60990	0.02162	0.01570	0.60990	0.01175	0.01570
CTT	TTT	CT	2.41806	0.00391	0.01038	-2.41806	0.04390	0.01038
CTC	TTC	CT	1.46041	0.03740	0.07112	-1.46041	0.16109	0.07112
CTC	CTT	CT	-1.04654	0.03740	0.02118	1.04654	0.01313	0.02118
CTA	TTA	CT	-3.11959	0.00291	0.00042	3.11959	0.00013	0.00042
CTA	CTT	AT	1.00444	0.00076	0.00120	-1.00444	0.00207	0.00120
CTA	CTC	AC	2.05097	0.00254	0.00599	-2.05097	0.01978	0.00599
CTG	TTG	CT	-1.44799	0.08873	0.03948	1.44799	0.02086	0.03948
CTG	CTT	GT	-2.15673	0.02307	0.00651	2.15673	0.00267	0.00651
CTG	CTC	GC	-1.11020	0.07746	0.04226	1.11020	0.02552	0.04226
CTG	CTA	GA	-3.16117	0.18052	0.02525	3.16117	0.00765	0.02525
CCT	TCT	CT	0.25465	0.01557	0.01763	-0.25465	0.02008	0.01763
CCT	CTT	CT	-0.17023	0.01557	0.01428	0.17023	0.01313	0.01428
CCC	TCC	CT	0.92823	0.05353	0.08217	-0.92823	0.13544	0.08217
CCC	CTC	CT	0.85244	0.05353	0.07955	-0.85244	0.12555	0.07955
CCC	CCT	CT	-0.02387	0.05353	0.05289	0.02387	0.05227	0.05289
CCA	TCA	CT	0.83487	0.01101	0.01623	-0.83487	0.02536	0.01623
CCA	CTA	CT	-0.11760	0.01101	0.01037	0.11760	0.00978	0.01037
CCA	CCT	AT	1.05707	0.00286	0.00464	-1.05707	0.00824	0.00464
CCA	CCC	AC	1.08093	0.00961	0.01572	-1.08093	0.02832	0.01572
CCG	TCG	CT	0.44278	0.01323	0.01637	-0.44278	0.02060	0.01637
CCG	CTG	CT	3.11433	0.01323	0.04312	-3.11433	0.29791	0.04312
CCG	CCT	GT	1.12783	0.00344	0.00574	-1.12783	0.01063	0.00574
CCG	CCC	GC	1.15170	0.01155	0.01945	-1.15170	0.03654	0.01945
CCG	CCA	GA	0.07077	0.02691	0.02788	-0.07077	0.02889	0.02788
CAT	TAT	CT	2.66717	0.00173	0.00495	-2.66717	0.02485	0.00495
CAT	CTT	AT	1.52851	0.00045	0.00088	-1.52851	0.00207	0.00088
CAT	CCT	AC	1.69874	0.00151	0.00313	-1.69874	0.00824	0.00313
CAC	TAC	CT	1.86907	0.02105	0.04653	-1.86907	0.13647	0.04653
CAC	CTC	AT	1.28475	0.00547	0.00972	-1.28475	0.01978	0.00972
CAC	CCC	AC	0.43232	0.01838	0.02264	-0.43232	0.02832	0.02264
CAC	CAT	CT	-1.29029	0.02105	0.01031	1.29029	0.00579	0.01031
CAA	CTA	AT	0.48705	0.00095	0.00120	-0.48705	0.00154	0.00120
CAA	CCA	AC	0.60465	0.00318	0.00424	-0.60465	0.00582	0.00424
CAA	CAT	AT	-0.03702	0.00095	0.00093	0.03702	0.00091	0.00093
CAA	CAC	AC	1.25327	0.00318	0.00558	-1.25327	0.01114	0.00558
CAG	CTG	AT	1.43942	0.01113	0.02099	-1.43942	0.04694	0.02099
CAG	CCG	AC	-1.67491	0.03736	0.01442	1.67491	0.00700	0.01442
CAG	CAT	GT	-2.24582	0.01113	0.00296	2.24582	0.00118	0.00296
CAG	CAC	GC	-0.95553	0.03736	0.02231	0.95553	0.01437	0.02231
CAG	CAA	GA	-2.20880	0.08706	0.02373	2.20880	0.00956	0.02373
CGT	TGT	CT	1.12923	0.00341	0.00569	-1.12923	0.01056	0.00569
CGT	CTT	GT	1.10136	0.00089	0.00146	-1.10136	0.00267	0.00146
CGT	CCT	GC	1.27160	0.00298	0.00526	-1.27160	0.01063	0.00526
CGT	CAT	GA	-0.42714	0.00694	0.00557	0.42714	0.00453	0.00557
CGC	TGC	CT	0.70344	0.02861	0.03984	-0.70344	0.05780	0.03984
CGC	CTC	GT	1.23296	0.00744	0.01294	-1.23296	0.02552	0.01294
CGC	CCC	GC	0.38052	0.02497	0.03002	-0.38052	0.03654	0.03002
CGC	CAC	GA	-0.05180	0.05820	0.05670	0.05180	0.05526	0.05670
CGC	CGT	CT	-0.91494	0.02861	0.01749	0.91494	0.01146	0.01749
CGA	CTA	GT	0.47548	0.00124	0.00155	-0.47548	0.00199	0.00155
CGA	CCA	GC	0.59308	0.00415	0.00550	-0.59308	0.00751	0.00550
CGA	CAA	GA	-0.01157	0.00967	0.00962	0.01157	0.00956	0.00962
CGA	CGT	AT	0.37855	0.00124	0.00149	-0.37855	0.00181	0.00149
CGA	CGC	AC	1.29349	0.00415	0.00740	-1.29349	0.01513	0.00740
CGG	TGG	CT	0.85215	0.03547	0.05270	-0.85215	0.08317	0.05270
CGG	CTG	GT	1.88196	0.00922	0.02048	-1.88196	0.06056	0.02048
CGG	CCG	GC	-1.23237	0.03096	0.01571	1.23237	0.00903	0.01571
CGG	CAG	GA	0.44254	0.07216	0.08930	-0.44254	0.11233	0.08930
CGG	CGT	GT	-1.37613	0.00922	0.00429	1.37613	0.00233	0.00429
CGG	CGC	GC	-0.46119	0.03096	0.02437	0.46119	0.01952	0.02437
CGG	CGA	GA	-1.75468	0.07216	0.02648	1.75468	0.01248	0.02648
ATT	TTT	AT	0.66434	0.00356	0.00487	-0.66434	0.00692	0.00487
ATT	CTT	AC	-1.75371	0.01195	0.00439	1.75371	0.00207	0.00439
ATC	TTC	AT	0.55707	0.01454	0.01896	-0.55707	0.02538	0.01896
ATC	CTC	AC	-0.90333	0.04882	0.03004	0.90333	0.01978	0.03004
ATC	ATT	CT	-0.19616	0.05592	0.05062	0.19616	0.04596	0.05062
ATA	TTA	AT	-3.63361	0.00077	0.00008	3.63361	0.00002	0.00008
ATA	CTA	AC	-0.51402	0.00258	0.00197	0.51402	0.00154	0.00197
ATA	ATT	AT	2.24413	0.00077	0.00193	-2.24413	0.00724	0.00193
ATA	ATC	AC	2.44028	0.00258	0.00689	-2.44028	0.02958	0.00689
ATG	TTG	AT	-1.12682	0.01014	0.00548	1.12682	0.00329	0.00548
ATG	CTG	AC	0.32117	0.03404	0.03980	-0.32117	0.04694	0.03980
ATG	ATT	GT	-0.08185	0.01014	0.00973	0.08185	0.00934	0.00973
ATG	ATC	GC	0.11431	0.03404	0.03603	-0.11431	0.03817	0.03603
ATG	ATA	GA	-2.32598	0.07934	0.01998	2.32598	0.00775	0.01998
ACT	TCT	AT	0.47178	0.00197	0.00248	-0.47178	0.00316	0.00248
ACT	CCT	AC	0.21714	0.00663	0.00737	-0.21714	0.00824	0.00737
ACT	ATT	CT	1.80062	0.00759	0.01638	-1.80062	0.04596	0.01638
ACC	TCC	AT	1.07834	0.00726	0.01186	-1.07834	0.02134	0.01186
ACC	CCC	AC	0.15011	0.02437	0.02624	-0.15011	0.02832	0.02624
ACC	ATC	CT	1.90588	0.02792	0.06250	-1.90588	0.18774	0.06250
ACC	ACT	CT	-0.09089	0.02792	0.02667	0.09089	0.02549	0.02667
ACA	TCA	AT	0.38027	0.00273	0.00328	-0.38027	0.00400	0.00328
ACA	CCA	AC	-0.45460	0.00917	0.00724	0.45460	0.00582	0.00724
ACA	ATA	CT	-0.05818	0.01051	0.01020	0.05818	0.00991	0.01020
ACA	ACT	AT	0.38533	0.00273	0.00329	-0.38533	0.00402	0.00329
ACA	ACC	AC	0.47622	0.00917	0.01153	-0.47622	0.01477	0.01153
ACG	TCG	AT	-0.47612	0.00522	0.00408	0.47612	0.00325	0.00408
ACG	CCG	AC	-0.91890	0.01754	0.01070	0.91890	0.00700	0.01070
ACG	ATG	CT	1.87427	0.02009	0.04449	-1.87427	0.13093	0.04449
ACG	ACT	GT	-0.00820	0.00522	0.00520	0.00820	0.00518	0.00520
ACG	ACC	GC	0.08269	0.01754	0.01828	-0.08269	0.01905	0.01828
ACG	ACA	GA	-0.39353	0.04088	0.03336	0.39353	0.02758	0.03336
AAT	TAT	AT	0.41220	0.00259	0.00316	-0.41220	0.00391	0.00316
AAT	CAT	AC	-2.25497	0.00870	0.00230	2.25497	0.00091	0.00230
AAT	ATT	AT	1.02725	0.00259	0.00415	-1.02725	0.00724	0.00415
AAT	ACT	AC	-0.77337	0.00870	0.00577	0.77337	0.00402	0.00577
AAC	TAC	AT	0.68688	0.01082	0.01496	-0.68688	0.02150	0.01496
AAC	CAC	AC	-1.18219	0.03632	0.01899	1.18219	0.01114	0.01899
AAC	ATC	AT	1.00590	0.01082	0.01716	-1.00590	0.02958	0.01716
AAC	ACC	AC	-0.89998	0.03632	0.02240	0.89998	0.01477	0.02240
AAC	AAT	CT	-0.21751	0.04161	0.03724	0.21751	0.03347	0.03724
AAA	CAA	AC	-1.70282	0.01058	0.00401	1.70282	0.00193	0.00401
AAA	ATA	AT	-0.70174	0.00315	0.00217	0.70174	0.00156	0.00217
AAA	ACA	AC	-0.64356	0.01058	0.00754	0.64356	0.00556	0.00754
AAA	AAT	AT	0.51514	0.00315	0.00403	-0.51514	0.00527	0.00403
AAA	AAC	AC	0.73264	0.01058	0.01492	-0.73264	0.02201	0.01492
AAG	CAG	AC	-1.16547	0.07261	0.03834	1.16547	0.02264	0.03834
AAG	ATG	AT	-0.04721	0.02163	0.02112	0.04721	0.02063	0.02112
AAG	ACG	AC	-1.92148	0.07261	0.02393	1.92148	0.01063	0.02393
AAG	AAT	GT	-1.15631	0.02163	0.01148	1.15631	0.00680	0.01148
AAG	AAC	GC	-0.93881	0.07261	0.04378	0.93881	0.02840	0.04378
AAG	AAA	GA	-1.67145	0.16921	0.06547	1.67145	0.03181	0.06547
AGT	TGT	AT	0.05432	0.00158	0.00162	-0.05432	0.00166	0.00162
AGT	CGT	AC	-1.07491	0.00529	0.00295	1.07491	0.00181	0.00295
AGT	ATT	GT	1.78017	0.00158	0.00337	-1.78017	0.00934	0.00337
AGT	ACT	GC	-0.02045	0.00529	0.00524	0.02045	0.00518	0.00524
AGT	AAT	GA	0.75292	0.01233	0.01754	-0.75292	0.02617	0.01754
AGC	TGC	AT	0.26186	0.00701	0.00797	-0.26186	0.00911	0.00797
AGC	CGC	AC	-0.44158	0.02353	0.01872	0.44158	0.01513	0.01872
AGC	ATC	GT	1.69471	0.00701	0.01455	-1.69471	0.03817	0.01455
AGC	ACC	GC	-0.21118	0.02353	0.02114	0.21118	0.01905	0.02114
AGC	AAC	GA	0.68881	0.05484	0.07588	-0.68881	0.10921	0.07588
AGC	AGT	CT	-0.28162	0.02696	0.02334	0.28162	0.02034	0.02334
AGA	CGA	AC	1.18384	0.00077	0.00131	-1.18384	0.00252	0.00131
AGA	ATA	GT	2.17334	0.00023	0.00056	-2.17334	0.00202	0.00056
AGA	ACA	GC	2.23151	0.00077	0.00192	-2.23151	0.00717	0.00192
AGA	AAA	GA	2.87508	0.00179	0.00547	-2.87508	0.03181	0.00547
AGA	AGT	AT	2.63730	0.00023	0.00065	-2.63730	0.00320	0.00065
AGA	AGC	AC	2.91891	0.00077	0.00238	-2.91891	0.01426	0.00238
AGG	TGG	AT	3.46742	0.00041	0.00146	-3.46742	0.01310	0.00146
AGG	CGG	AC	2.61527	0.00137	0.00387	-2.61527	0.01876	0.00387
AGG	ATG	GT	4.17607	0.00041	0.00173	-4.17607	0.02662	0.00173
AGG	ACG	GC	2.30180	0.00137	0.00351	-2.30180	0.01371	0.00351
AGG	AAG	GA	4.22328	0.00320	0.01371	-4.22328	0.21832	0.01371
AGG	AGT	GT	2.31405	0.00041	0.00105	-2.31405	0.00414	0.00105
AGG	AGC	GC	2.59566	0.00137	0.00385	-2.59566	0.01840	0.00385
AGG	AGA	GA	-0.32325	0.00320	0.00271	0.32325	0.00232	0.00271
GTT	TTT	GT	3.96369	0.00017	0.00068	-3.96369	0.00892	0.00068
GTT	CTT	GC	1.54564	0.00057	0.00112	-1.54564	0.00267	0.00112
GTT	ATT	GA	3.29935	0.00133	0.00454	-3.29935	0.03593	0.00454
GTC	TTC	GT	1.28989	0.00902	0.01605	-1.28989	0.03275	0.01605
GTC	CTC	GC	-0.17051	0.03027	0.02776	0.17051	0.02552	0.02776
GTC	ATC	GA	0.73282	0.07054	0.09951	-0.73282	0.14678	0.09951
GTC	GTT	CT	-2.76269	0.03467	0.00645	2.76269	0.00219	0.00645
GTA	TTA	GT	-4.17664	0.00171	0.00011	4.17664	0.00003	0.00011
GTA	CTA	GC	-1.05705	0.00572	0.00322	1.05705	0.00199	0.00322
GTA	ATA	GA	-0.54303	0.01334	0.01004	0.54303	0.00775	0.01004
GTA	GTT	AT	-1.59825	0.00171	0.00069	1.59825	0.00034	0.00069
GTA	GTC	AC	1.16443	0.00572	0.00969	-1.16443	0.01834	0.00969
GTG	TTG	GT	-1.41131	0.01739	0.00791	1.41131	0.00424	0.00791
GTG	CTG	GC	0.03668	0.05838	0.05946	-0.03668	0.06056	0.05946
GTG	ATG	GA	-0.28449	0.13605	0.11761	0.28449	0.10236	0.11761
GTG	GTT	GT	-3.66570	0.01739	0.00167	3.66570	0.00044	0.00167
GTG	GTC	GC	-0.90301	0.05838	0.03594	0.90301	0.02366	0.03594
GTG	GTA	GA	-2.06744	0.13605	0.04074	2.06744	0.01721	0.04074
GCT	TCT	GT	0.65359	0.00212	0.00289	-0.65359	0.00408	0.00289
GCT	CCT	GC	0.39894	0.00713	0.00865	-0.39894	0.01063	0.00865
GCT	ACT	GA	0.18180	0.01662	0.01817	-0.18180	0.01993	0.01817
GCT	GTT	CT	-1.31693	0.00817	0.00394	1.31693	0.00219	0.00394
GCC	TCC	GT	0.75105	0.01299	0.01848	-0.75105	0.02753	0.01848
GCC	CCC	GC	-0.17718	0.04362	0.03987	0.17718	0.03654	0.03987
GCC	ACC	GA	-0.32729	0.10165	0.08592	0.32729	0.07328	0.08592
GCC	GTC	CT	0.84577	0.04997	0.07404	-0.84577	0.11641	0.07404
GCC	GCT	CT	-0.59999	0.04997	0.03647	0.59999	0.02742	0.03647
GCA	TCA	GT	1.07208	0.00176	0.00288	-1.07208	0.00516	0.00288
GCA	CCA	GC	0.23721	0.00593	0.00666	-0.23721	0.00751	0.00666
GCA	ACA	GA	0.69181	0.01381	0.01913	-0.69181	0.02758	0.01913
GCA	GTA	CT	1.17666	0.00679	0.01155	-1.17666	0.02201	0.01155
GCA	GCT	AT	0.89534	0.00176	0.00267	-0.89534	0.00432	0.00267
GCA	GCC	AC	1.49532	0.00593	0.01142	-1.49532	0.02643	0.01142
GCG	TCG	GT	0.53081	0.00246	0.00317	-0.53081	0.00419	0.00317
GCG	CCG	GC	0.08804	0.00827	0.00864	-0.08804	0.00903	0.00864
GCG	ACG	GA	1.00693	0.01927	0.03057	-1.00693	0.05274	0.03057
GCG	GTG	CT	3.16569	0.00947	0.03130	-3.16569	0.22452	0.03130
GCG	GCT	GT	0.81693	0.00246	0.00360	-0.81693	0.00557	0.00360
GCG	GCC	GC	1.41692	0.00827	0.01547	-1.41692	0.03410	0.01547
GCG	GCA	GA	-0.07841	0.01927	0.01852	0.07841	0.01782	0.01852
GAT	TAT	GT	-0.13186	0.00576	0.00539	0.13186	0.00505	0.00539
GAT	CAT	GC	-2.79903	0.01935	0.00351	2.79903	0.00118	0.00351
GAT	AAT	GA	-0.54406	0.04509	0.03393	0.54406	0.02617	0.03393
GAT	GTT	AT	-2.81616	0.00576	0.00103	2.81616	0.00034	0.00103
GAT	GCT	AC	-1.49923	0.01935	0.00834	1.49923	0.00432	0.00834
GAC	TAC	GT	0.14367	0.02403	0.02580	-0.14367	0.02774	0.02580
GAC	CAC	GC	-1.72540	0.08068	0.03016	1.72540	0.01437	0.03016
GAC	AAC	GA	-0.54322	0.18801	0.14154	0.54322	0.10921	0.14154
GAC	GTC	AT	-0.27014	0.02403	0.02093	0.27014	0.01834	0.02093
GAC	GCC	AC	-1.11591	0.08068	0.04387	1.11591	0.02643	0.04387
GAC	GAT	CT	-0.21666	0.09241	0.08276	0.21666	0.07441	0.08276
GAA	CAA	GC	-2.03437	0.01901	0.00582	2.03437	0.00249	0.00582
GAA	AAA	GA	-0.33155	0.04431	0.03737	0.33155	0.03181	0.03737
GAA	GTA	AT	-0.49026	0.00566	0.00439	0.49026	0.00347	0.00439
GAA	GCA	AC	-1.66692	0.01901	0.00738	1.66692	0.00359	0.00738
GAA	GAT	AT	0.72765	0.00566	0.00797	-0.72765	0.01172	0.00797
GAA	GAC	AC	0.94431	0.01901	0.02938	-0.94431	0.04889	0.02938
GAG	CAG	GC	-1.09954	0.08771	0.04815	1.09954	0.02921	0.04815
GAG	AAG	GA	0.06592	0.20439	0.21120	-0.06592	0.21832	0.21120
GAG	GTG	AT	0.30320	0.02612	0.03028	-0.30320	0.03538	0.03028
GAG	GCG	AC	-2.86249	0.08771	0.01521	2.86249	0.00501	0.01521
GAG	GAT	GT	-0.54633	0.02612	0.01963	0.54633	0.01513	0.01963
GAG	GAC	GC	-0.32967	0.08771	0.07404	0.32967	0.06307	0.07404
GAG	GAA	GA	-1.27398	0.20439	0.10112	1.27398	0.05717	0.10112
GGT	TGT	GT	0.76657	0.00100	0.00143	-0.76657	0.00215	0.00143
GGT	CGT	GC	-0.36265	0.00335	0.00278	0.36265	0.00233	0.00278
GGT	AGT	GA	0.71225	0.00780	0.01091	-0.71225	0.01590	0.01091
GGT	GTT	GT	-0.80693	0.00100	0.00065	0.80693	0.00044	0.00065
GGT	GCT	GC	0.51000	0.00335	0.00427	-0.51000	0.00557	0.00427
GGT	GAT	GA	2.00923	0.00780	0.01810	-2.00923	0.05818	0.01810
GGC	TGC	GT	-0.24051	0.01495	0.01322	0.24051	0.01175	0.01322
GGC	CGC	GC	-0.94395	0.05018	0.03017	0.94395	0.01952	0.03017
GGC	AGC	GA	-0.50237	0.11694	0.09001	0.50237	0.07076	0.09001
GGC	GTC	GT	0.45952	0.01495	0.01864	-0.45952	0.02366	0.01864
GGC	GCC	GC	-0.38625	0.05018	0.04111	0.38625	0.03410	0.04111
GGC	GAC	GA	0.72966	0.11694	0.16474	-0.72966	0.24257	0.16474
GGC	GGT	CT	-1.49624	0.05748	0.02482	1.49624	0.01287	0.02482
GGA	CGA	GC	-0.44312	0.00505	0.00402	0.44312	0.00325	0.00402
GGA	AGA	GA	-1.62696	0.01178	0.00469	1.62696	0.00232	0.00469
GGA	GTA	GT	1.08941	0.00151	0.00247	-1.08941	0.00448	0.00247
GGA	GCA	GC	-0.08725	0.00505	0.00484	0.08725	0.00463	0.00484
GGA	GAA	GA	1.57967	0.01178	0.02344	-1.57967	0.05717	0.02344
GGA	GGT	AT	0.29809	0.00151	0.00174	-0.29809	0.00203	0.00174
GGA	GGC	AC	1.79432	0.00505	0.01088	-1.79432	0.03041	0.01088
GGG	TGG	GT	0.77910	0.00776	0.01117	-0.77910	0.01691	0.01117
GGG	CGG	GC	-0.07305	0.02604	0.02510	0.07305	0.02421	0.02510
GGG	AGG	GA	-2.68832	0.06069	0.01190	2.68832	0.00413	0.01190
GGG	GTG	GT	1.77224	0.00776	0.01656	-1.77224	0.04564	0.01656
GGG	GCG	GC	-1.39346	0.02604	0.01198	1.39346	0.00646	0.01198
GGG	GAG	GA	1.46903	0.06069	0.11581	-1.46903	0.26371	0.11581
GGG	GGT	GT	-1.08653	0.00776	0.00429	1.08653	0.00262	0.00429
GGG	GGC	GC	0.40971	0.02604	0.03174	-0.40971	0.03923	0.03174
GGG	GGA	GA	-1.38462	0.06069	0.02807	1.38462	0.01520	0.02807


Histograms
2Ns	FMut	FSub(CodonUsage)	FSubw(after w)

-6.31521	0.00231	0.00003
-5.68368	0.00000	0.00000
-5.05216	0.00090	0.00004
-4.42064	0.01763	0.00142
-3.78912	0.00248	0.00027
-3.15760	0.06351	0.01180
-2.52608	0.02855	0.00816
-1.89456	0.12509	0.05516
-1.26304	0.16300	0.10319
-0.63152	0.22432	0.20466
0.00000	0.18124	0.23055
0.63152	0.11967	0.20466
1.26304	0.04600	0.10319
1.89456	0.01977	0.05516
2.52608	0.00236	0.00816
3.15760	0.00284	0.01180
3.78912	0.00005	0.00027
4.42064	0.00026	0.00142
5.05216	0.00001	0.00004
5.68368	0.00000	0.00000
6.31521	0.00000	0.00003

Proportion of advantageous (S > 0) mutations:
 0.27522

Proportions of good & bad mutations (|S| > 2.0000) among mutations:
0.00856  0.14005

mean |Ns| = 1.16709	mean Ns+ = 0.70578	mean Ns- = -1.34227


MLEs of dN/dS (w) for site classes (K=4)

site class             0        1       2a       2b
proportion       0.48194  0.04625  0.43050  0.04131
background w     0.08121  2.15497  0.08121  2.15497
foreground w     0.08121  2.15497  0.00000  0.00000

Naive Empirical Bayes (NEB) probabilities for 4 classes
(amino acids refer to 1st sequence: Bbon)

   1 L   0.49687 0.02745 0.44668 0.02901 ( 1)
   2 I   0.50846 0.01298 0.46123 0.01734 ( 1)
   3 G   0.51168 0.00879 0.46627 0.01326 ( 1)
   4 T   0.51371 0.00470 0.47252 0.00907 ( 1)
   5 F   0.50765 0.01330 0.46087 0.01818 ( 1)
   6 R   0.51191 0.00760 0.46801 0.01248 ( 1)
   7 M   0.00016 0.99984 0.00000 0.00000 ( 2)
   8 V   0.50520 0.01706 0.45679 0.02094 ( 1)
   9 L   0.49687 0.02745 0.44668 0.02901 ( 1)
  10 Q   0.50984 0.01122 0.46326 0.01569 ( 1)
  11 K   0.26829 0.21483 0.24294 0.27394 ( 4)
  12 V   0.50520 0.01706 0.45679 0.02094 ( 1)
  13 V   0.50520 0.01706 0.45679 0.02094 ( 1)
  14 E   0.50876 0.01258 0.46169 0.01697 ( 1)
  15 E   0.50876 0.01258 0.46169 0.01697 ( 1)
  16 G   0.00409 0.43685 0.00370 0.55535 ( 4)
  17 H   0.05183 0.30092 0.04773 0.59951 ( 4)
  18 V   0.50520 0.01706 0.45679 0.02094 ( 1)
  19 E   0.50880 0.01255 0.46173 0.01692 ( 1)
  20 V   0.50520 0.01706 0.45679 0.02094 ( 1)
  21 T   0.51382 0.00560 0.47080 0.00977 ( 1)
  22 D   0.51022 0.01070 0.46391 0.01517 ( 1)
  23 M   0.51328 0.00655 0.46937 0.01081 ( 1)
  24 L   0.49687 0.02745 0.44668 0.02901 ( 1)
  25 I   0.50492 0.01796 0.45587 0.02124 ( 1)
  26 D   0.51022 0.01070 0.46391 0.01517 ( 1)
  27 D   0.51022 0.01070 0.46391 0.01517 ( 1)
  28 N   0.51407 0.00530 0.47127 0.00935 ( 1)
  29 N   0.36821 0.10717 0.33743 0.18719 ( 1)
  30 A   0.51533 0.00286 0.47572 0.00609 ( 1)
  31 I   0.50846 0.01298 0.46123 0.01734 ( 1)
  32 I   0.50853 0.01356 0.46054 0.01737 ( 1)
  33 Q   0.00010 0.99990 0.00000 0.00000 ( 2)
  34 T   0.51436 0.00474 0.47221 0.00869 ( 1)
  35 S   0.51465 0.00418 0.47319 0.00797 ( 1)
  36 L   0.49758 0.02651 0.44754 0.02837 ( 1)
  37 C   0.51510 0.00323 0.47501 0.00666 ( 1)
  38 V   0.50646 0.01545 0.45850 0.01958 ( 1)
  39 E   0.50992 0.01105 0.46349 0.01554 ( 1)
  40 V   0.51385 0.00564 0.47073 0.00978 ( 1)
  41 R   0.51132 0.00922 0.46574 0.01372 ( 1)
  42 Y   0.50774 0.01384 0.46026 0.01816 ( 1)
  43 Q   0.51093 0.00974 0.46506 0.01426 ( 1)
  44 A   0.32522 0.14923 0.29657 0.22897 ( 1)
  45 T   0.50883 0.01245 0.46184 0.01688 ( 1)
  46 D   0.50610 0.01506 0.45893 0.01991 ( 1)
  47 G   0.51232 0.00793 0.46743 0.01232 ( 1)
  48 T   0.03205 0.36905 0.02923 0.56967 ( 4)
  49 V   0.50646 0.01545 0.45850 0.01958 ( 1)
  50 G   0.51221 0.00801 0.46733 0.01245 ( 1)
  51 S   0.51151 0.00898 0.46603 0.01348 ( 1)
  52 W   0.50666 0.01522 0.45873 0.01939 ( 1)
  53 D   0.02175 0.41287 0.01973 0.54565 ( 4)
  54 D   0.50860 0.01301 0.46119 0.01720 ( 1)
  55 G   0.04989 0.95011 0.00000 0.00000 ( 2)
  56 D   0.51129 0.00924 0.46573 0.01374 ( 1)
  57 F   0.50850 0.01288 0.46133 0.01729 ( 1)
  58 L   0.49795 0.02607 0.44795 0.02803 ( 1)
  59 G   0.51262 0.00745 0.46807 0.01186 ( 1)
  60 D   0.50800 0.01350 0.46065 0.01784 ( 1)
  61 E   0.50992 0.01105 0.46349 0.01554 ( 1)
  62 S   0.30860 0.16937 0.28062 0.24141 ( 1)
  63 L   0.51465 0.00431 0.47291 0.00812 ( 1)
  64 H   0.51533 0.00257 0.47643 0.00567 ( 1)
  65 E   0.50992 0.01105 0.46349 0.01554 ( 1)
  66 E   0.51032 0.01049 0.46416 0.01503 ( 1)
  67 E   0.50992 0.01105 0.46349 0.01554 ( 1)
  68 K   0.50790 0.01364 0.46049 0.01797 ( 1)
  69 D   0.51129 0.00924 0.46573 0.01374 ( 1)
  70 S   0.51485 0.00389 0.47371 0.00755 ( 1)
  71 Q   0.51093 0.00974 0.46506 0.01426 ( 1)
  72 E   0.50987 0.01108 0.46345 0.01559 ( 1)
  73 T   0.50879 0.01231 0.46201 0.01689 ( 1)
  74 D   0.50800 0.01350 0.46065 0.01784 ( 1)
  75 G   0.51262 0.00745 0.46807 0.01186 ( 1)
  76 L   0.49795 0.02607 0.44795 0.02803 ( 1)
  77 L   0.51219 0.00805 0.46725 0.01250 ( 1)
  78 P   0.50549 0.01676 0.45713 0.02063 ( 1)
  79 G   0.08154 0.91846 0.00000 0.00000 ( 2)
  80 S   0.51151 0.00898 0.46603 0.01348 ( 1)
  81 R   0.51280 0.00719 0.46845 0.01156 ( 1)
  82 P   0.02439 0.39311 0.02218 0.56032 ( 4)
  83 S   0.51353 0.00611 0.47002 0.01033 ( 1)
  84 S   0.36420 0.11019 0.33368 0.19194 ( 1)
  85 R   0.51068 0.00971 0.46516 0.01445 ( 1)
  86 P   0.00428 0.99572 0.00000 0.00000 ( 2)
  87 P   0.51409 0.00475 0.47228 0.00888 ( 1)
  88 G   0.51158 0.00848 0.46676 0.01318 ( 1)
  89 E   0.50968 0.01305 0.46106 0.01622 ( 1)
  90 K   0.50756 0.01709 0.45679 0.01856 ( 1)
  91 S   0.51709 0.00776 0.46626 0.00889 ( 1)
  92 F   0.50738 0.01842 0.45546 0.01874 ( 1)
  93 R   0.51104 0.01470 0.45905 0.01522 ( 1)
  94 E   0.51153 0.01076 0.46363 0.01408 ( 1)
  95 P   0.51620 0.00464 0.47163 0.00752 ( 1)
  96 A   0.51568 0.00540 0.47050 0.00842 ( 1)
  97 V   0.51031 0.01224 0.46194 0.01550 ( 1)
  98 L   0.49843 0.02641 0.44777 0.02739 ( 1)
  99 E   0.51102 0.01138 0.46292 0.01468 ( 1)
 100 M   0.51550 0.00564 0.47016 0.00870 ( 1)
 101 E   0.30547 0.18329 0.27664 0.23459 ( 1)
 102 N   0.32089 0.16515 0.29119 0.22277 ( 1)
 103 L   0.36150 0.11712 0.33036 0.19102 ( 1)
 104 D   0.51250 0.00956 0.46506 0.01289 ( 1)
 105 R   0.51414 0.00748 0.46763 0.01074 ( 1)
 106 L   0.49922 0.02568 0.44847 0.02664 ( 1)
 107 A   0.51322 0.00867 0.46613 0.01199 ( 1)
 108 I   0.01661 0.46171 0.01496 0.50672 ( 4)
 109 R   0.51252 0.00954 0.46507 0.01287 ( 1)
 110 L   0.49843 0.02641 0.44777 0.02739 ( 1)
 111 G   0.00130 0.38740 0.00118 0.61013 ( 4)
 112 D   0.50904 0.01380 0.46024 0.01692 ( 1)
 113 G   0.51397 0.00773 0.46730 0.01100 ( 1)
 114 L   0.21184 0.28949 0.19049 0.30818 ( 4)
 115 D   0.50897 0.01385 0.46018 0.01699 ( 1)
 116 P   0.50609 0.01731 0.45657 0.02004 ( 1)
 117 D   0.51250 0.00956 0.46506 0.01289 ( 1)
 118 S   0.51287 0.00918 0.46548 0.01247 ( 1)
 119 M   0.28538 0.20910 0.25768 0.24785 ( 1)
 120 S   0.50542 0.01863 0.45524 0.02071 ( 1)
 121 L   0.51343 0.00829 0.46660 0.01168 ( 1)
 122 A   0.51237 0.00972 0.46484 0.01306 ( 1)
 123 S   0.51264 0.00915 0.46557 0.01264 ( 1)
 124 V   0.51533 0.00590 0.46977 0.00900 ( 1)
 125 T   0.50985 0.01280 0.46133 0.01602 ( 1)
 126 A   0.51237 0.00972 0.46484 0.01306 ( 1)
 127 L   0.51347 0.00836 0.46650 0.01167 ( 1)
 128 T   0.51619 0.00465 0.47163 0.00754 ( 1)
 129 T   0.51619 0.00465 0.47163 0.00754 ( 1)
 130 N   0.51628 0.00448 0.47192 0.00733 ( 1)
 131 V   0.37105 0.11965 0.33746 0.17185 ( 1)
 132 S   0.51272 0.00930 0.46534 0.01264 ( 1)
 133 N   0.51630 0.00446 0.47194 0.00730 ( 1)
 134 K   0.50886 0.01400 0.46002 0.01712 ( 1)
 135 R   0.50870 0.01578 0.45809 0.01743 ( 1)
 136 S   0.51295 0.01075 0.46338 0.01291 ( 1)
 137 K   0.50873 0.01573 0.45814 0.01740 ( 1)
 138 P   0.50940 0.01498 0.45890 0.01672 ( 1)
 139 D   0.51275 0.01115 0.46293 0.01317 ( 1)
 140 I   0.50520 0.01973 0.45419 0.02088 ( 1)
 141 K   0.50873 0.01573 0.45814 0.01740 ( 1)
 142 M   0.51634 0.00692 0.46778 0.00896 ( 1)
 143 E   0.51108 0.01306 0.46090 0.01496 ( 1)
 144 P   0.50940 0.01498 0.45890 0.01672 ( 1)
 145 S   0.51566 0.00774 0.46679 0.00981 ( 1)
 146 A   0.51356 0.01021 0.46396 0.01227 ( 1)
 147 G   0.51455 0.00943 0.46475 0.01127 ( 1)
 148 R   0.51287 0.01142 0.46257 0.01314 ( 1)
 149 P   0.51156 0.01290 0.46101 0.01453 ( 1)
 150 M   0.51654 0.00716 0.46735 0.00895 ( 1)
 151 D   0.02132 0.46018 0.01919 0.49931 ( 4)
 152 Y   0.28406 0.21952 0.25573 0.24069 ( 1)
 153 Q   0.31296 0.18908 0.28217 0.21579 ( 1)
 154 V   0.51505 0.00430 0.47279 0.00786 ( 1)
 155 S   0.51570 0.00282 0.47564 0.00584 ( 1)
 156 V   0.02739 0.38780 0.02492 0.55990 ( 4)
 157 T   0.51307 0.00727 0.46825 0.01141 ( 1)
 158 V   0.50837 0.01341 0.46073 0.01749 ( 1)
 159 I   0.51140 0.00960 0.46519 0.01380 ( 1)
 160 E   0.51168 0.00917 0.46575 0.01340 ( 1)
 161 A   0.51285 0.00735 0.46819 0.01161 ( 1)
 162 R   0.51295 0.00748 0.46796 0.01161 ( 1)
 163 Q   0.51260 0.00797 0.46729 0.01214 ( 1)
 164 L   0.49962 0.02423 0.44971 0.02644 ( 1)
 165 V   0.50837 0.01341 0.46073 0.01749 ( 1)
 166 G   0.51372 0.00638 0.46952 0.01038 ( 1)
 167 L   0.51486 0.00467 0.47213 0.00834 ( 1)
 168 N   0.51560 0.00311 0.47503 0.00626 ( 1)
 169 M   0.30284 0.18345 0.27445 0.23926 ( 1)
 170 D   0.51293 0.00750 0.46795 0.01162 ( 1)
 171 P   0.51200 0.00877 0.46625 0.01298 ( 1)
 172 V   0.50837 0.01341 0.46073 0.01749 ( 1)
 173 V   0.50900 0.01289 0.46130 0.01681 ( 1)
 174 C   0.51585 0.00209 0.47734 0.00472 ( 1)
 175 V   0.50837 0.01341 0.46073 0.01749 ( 1)
 176 E   0.51168 0.00917 0.46575 0.01340 ( 1)
 177 V   0.50837 0.01341 0.46073 0.01749 ( 1)
 178 G   0.51372 0.00638 0.46952 0.01038 ( 1)
 179 D   0.51294 0.00753 0.46791 0.01162 ( 1)
 180 D   0.51293 0.00750 0.46795 0.01162 ( 1)
 181 K   0.50977 0.01164 0.46274 0.01584 ( 1)
 182 K   0.50977 0.01164 0.46274 0.01584 ( 1)
 183 F   0.02587 0.39668 0.02351 0.55394 ( 4)
 184 T   0.51555 0.00327 0.47470 0.00648 ( 1)
 185 S   0.51312 0.00726 0.46825 0.01137 ( 1)
 186 M   0.51515 0.00408 0.47320 0.00757 ( 1)
 187 K   0.50977 0.01164 0.46274 0.01584 ( 1)
 188 E   0.51168 0.00917 0.46575 0.01340 ( 1)
 189 S   0.51312 0.00726 0.46825 0.01137 ( 1)
 190 T   0.51496 0.00446 0.47251 0.00807 ( 1)
 191 N   0.51560 0.00311 0.47503 0.00626 ( 1)
 192 C   0.51585 0.00209 0.47734 0.00472 ( 1)
 193 P   0.51200 0.00877 0.46625 0.01298 ( 1)
 194 Y   0.51053 0.01068 0.46388 0.01491 ( 1)
 195 Y   0.51053 0.01068 0.46388 0.01491 ( 1)
 196 N   0.51560 0.00311 0.47503 0.00626 ( 1)
 197 E   0.51168 0.00917 0.46575 0.01340 ( 1)
 198 -   0.50134 0.02236 0.45153 0.02477 ( 1)
 199 -   0.50115 0.02259 0.45130 0.02496 ( 1)
 200 -   0.50798 0.01425 0.45978 0.01799 ( 1)
 201 -   0.42312 0.40098 0.07191 0.10399 ( 1)
 202 -   0.50424 0.01881 0.45503 0.02192 ( 1)
 203 -   0.50115 0.02259 0.45130 0.02496 ( 1)
 204 -   0.51521 0.00475 0.47185 0.00820 ( 1)
 205 -   0.50798 0.01425 0.45978 0.01799 ( 1)
 206 -   0.24377 0.26582 0.21886 0.27155 ( 4)
 207 -   0.49804 0.02636 0.44775 0.02784 ( 1)
 208 -   0.24592 0.24576 0.22192 0.28640 ( 4)
 209 -   0.50798 0.01425 0.45978 0.01799 ( 1)
 210 -   0.50825 0.01390 0.46017 0.01768 ( 1)
 211 -   0.50115 0.02259 0.45130 0.02496 ( 1)
 212 -   0.50424 0.01881 0.45503 0.02192 ( 1)
 213 -   0.50053 0.02334 0.45059 0.02554 ( 1)
 214 -   0.50232 0.02116 0.45270 0.02382 ( 1)
 215 -   0.50232 0.02116 0.45270 0.02382 ( 1)
 216 -   0.50053 0.02334 0.45059 0.02554 ( 1)
 217 -   0.50232 0.02116 0.45270 0.02382 ( 1)
 218 -   0.50718 0.01525 0.45869 0.01888 ( 1)
 219 -   0.50354 0.02338 0.45085 0.02223 ( 1)
 220 -   0.50166 0.02537 0.44904 0.02394 ( 1)
 221 -   0.51844 0.00764 0.46591 0.00801 ( 1)
 222 -   0.50991 0.01668 0.45707 0.01634 ( 1)
 223 -   0.50520 0.02163 0.45246 0.02071 ( 1)
 224 -   0.51581 0.01045 0.46307 0.01067 ( 1)
 225 -   0.49503 0.03236 0.44273 0.02988 ( 1)
 226 -   0.49503 0.03236 0.44273 0.02988 ( 1)
 227 -   0.51195 0.01453 0.45911 0.01441 ( 1)
 228 -   0.51242 0.01394 0.45969 0.01395 ( 1)
 229 -   0.51001 0.01647 0.45727 0.01624 ( 1)
 230 -   0.51461 0.01161 0.46196 0.01182 ( 1)
 231 -   0.49440 0.03298 0.44217 0.03045 ( 1)
 232 -   0.50265 0.02425 0.45005 0.02305 ( 1)
 233 -   0.51001 0.01647 0.45727 0.01624 ( 1)
 234 -   0.50893 0.01762 0.45619 0.01726 ( 1)
 235 -   0.50498 0.02179 0.45231 0.02092 ( 1)
 236 -   0.50974 0.01673 0.45704 0.01649 ( 1)
 237 -   0.51326 0.01304 0.46056 0.01314 ( 1)
 238 -   0.50864 0.01792 0.45591 0.01753 ( 1)
 239 -   0.50265 0.02425 0.45005 0.02305 ( 1)
 240 -   0.51066 0.01579 0.45792 0.01563 ( 1)
 241 -   0.51461 0.01161 0.46196 0.01182 ( 1)
 242 -   0.50265 0.02425 0.45005 0.02305 ( 1)
 243 -   0.50522 0.02153 0.45255 0.02070 ( 1)
 244 -   0.50914 0.01742 0.45638 0.01706 ( 1)
 245 -   0.50811 0.01849 0.45538 0.01803 ( 1)
 246 -   0.51464 0.01159 0.46198 0.01180 ( 1)
 247 -   0.50241 0.02409 0.45016 0.02333 ( 1)
 248 -   0.51965 0.00428 0.47058 0.00549 ( 1)
 249 -   0.51219 0.01285 0.46096 0.01399 ( 1)
 250 -   0.50918 0.01617 0.45765 0.01701 ( 1)
 251 -   0.51965 0.00428 0.47058 0.00549 ( 1)
 252 -   0.51978 0.00417 0.47070 0.00535 ( 1)
 253 -   0.50847 0.01694 0.45689 0.01770 ( 1)
 254 -   0.50748 0.01811 0.45575 0.01865 ( 1)
 255 -   0.51338 0.00945 0.46501 0.01216 ( 1)
 256 -   0.51070 0.01264 0.46143 0.01523 ( 1)
 257 -   0.49819 0.02718 0.44713 0.02751 ( 1)
 258 -   0.35563 0.13616 0.32279 0.18542 ( 1)
 259 -   0.51261 0.01037 0.46396 0.01307 ( 1)
 260 -   0.51116 0.01201 0.46212 0.01471 ( 1)
 261 -   0.33563 0.15953 0.30378 0.20106 ( 1)
 262 -   0.51261 0.01037 0.46396 0.01307 ( 1)
 263 -   0.51070 0.01264 0.46143 0.01523 ( 1)
 264 -   0.03080 0.41500 0.02788 0.52631 ( 4)
 265 -   0.51761 0.00318 0.47379 0.00542 ( 1)
 266 -   0.51390 0.00742 0.46779 0.01088 ( 1)
 267 -   0.49859 0.02605 0.44808 0.02728 ( 1)
 268 -   0.50908 0.01350 0.46059 0.01684 ( 1)
 269 -   0.51347 0.00798 0.46709 0.01147 ( 1)
 270 -   0.50979 0.01259 0.46158 0.01604 ( 1)
 271 -   0.50745 0.01542 0.45853 0.01860 ( 1)
 272 -   0.50896 0.01360 0.46047 0.01697 ( 1)
 273 -   0.51657 0.00347 0.47376 0.00621 ( 1)
 274 -   0.51160 0.00993 0.46473 0.01374 ( 1)
 275 -   0.35184 0.14537 0.31851 0.18427 ( 1)
 276 -   0.51321 0.00834 0.46661 0.01184 ( 1)
 277 -   0.50745 0.01542 0.45853 0.01860 ( 1)
 278 -   0.27270 0.21796 0.24641 0.26293 ( 1)
 279 -   0.51357 0.00790 0.46718 0.01136 ( 1)
 280 -   0.59614 0.40385 0.00001 0.00000 ( 1)
 281 -   0.51392 0.00741 0.46781 0.01086 ( 1)
 282 -   0.51251 0.00921 0.46555 0.01274 ( 1)
 283 -   0.51612 0.00422 0.47249 0.00717 ( 1)
 284 -   0.51076 0.01140 0.46294 0.01491 ( 1)
 285 -   0.50896 0.01360 0.46047 0.01697 ( 1)
 286 -   0.00241 0.72987 0.00057 0.26715 ( 2)
 287 -   0.51143 0.01057 0.46389 0.01411 ( 1)
 288 -   0.51692 0.00255 0.47558 0.00495 ( 1)
 289 -   0.50896 0.01360 0.46047 0.01697 ( 1)
 290 -   0.51321 0.00833 0.46663 0.01184 ( 1)
 291 -   0.51609 0.00424 0.47246 0.00721 ( 1)
 292 -   0.51107 0.01101 0.46340 0.01453 ( 1)
 293 -   0.51256 0.00906 0.46572 0.01266 ( 1)
 294 -   0.04348 0.70573 0.00941 0.24138 ( 2)
 295 -   0.51107 0.01101 0.46340 0.01453 ( 1)
 296 -   0.02472 0.41637 0.02209 0.53682 ( 4)
 297 -   0.51251 0.00921 0.46555 0.01274 ( 1)
 298 -   0.50566 0.01758 0.45628 0.02048 ( 1)
 299 -   0.31412 0.17293 0.28482 0.22814 ( 1)
 300 -   0.02974 0.45020 0.02677 0.49330 ( 4)
 301 N   0.51745 0.00534 0.46986 0.00734 ( 1)
 302 L   0.51583 0.00740 0.46723 0.00955 ( 1)
 303 L   0.49820 0.02758 0.44682 0.02740 ( 1)
 304 L   0.51402 0.00954 0.46473 0.01171 ( 1)
 305 P   0.51159 0.01237 0.46164 0.01441 ( 1)
 306 E   0.02555 0.44059 0.02305 0.51080 ( 4)
 307 G   0.51452 0.00892 0.46546 0.01111 ( 1)
 308 V   0.50735 0.01719 0.45669 0.01877 ( 1)
 309 P   0.51169 0.01224 0.46177 0.01430 ( 1)
 310 P   0.02651 0.42627 0.02397 0.52324 ( 4)
 311 E   0.51184 0.01207 0.46196 0.01413 ( 1)
 312 R   0.51480 0.00862 0.46580 0.01078 ( 1)
 313 Q   0.51247 0.01134 0.46274 0.01345 ( 1)
 314 W   0.50755 0.01697 0.45690 0.01859 ( 1)
 315 A   0.51373 0.00987 0.46437 0.01203 ( 1)
 316 R   0.51295 0.01078 0.46335 0.01291 ( 1)
 317 F   0.50964 0.01459 0.45931 0.01646 ( 1)
 318 Y   0.50970 0.01454 0.45937 0.01639 ( 1)
 319 V   0.50735 0.01719 0.45669 0.01877 ( 1)
 320 K   0.50896 0.01536 0.45853 0.01715 ( 1)
 321 I   0.50544 0.01936 0.45455 0.02065 ( 1)
 322 Y   0.50986 0.01433 0.45958 0.01622 ( 1)
 323 R   0.50986 0.01456 0.45933 0.01625 ( 1)
 324 A   0.51665 0.00637 0.46851 0.00846 ( 1)
 325 E   0.51129 0.01269 0.46130 0.01472 ( 1)
 326 G   0.51440 0.00904 0.46532 0.01124 ( 1)
 327 L   0.49820 0.02758 0.44682 0.02740 ( 1)
 328 P   0.51169 0.01224 0.46177 0.01430 ( 1)
 329 R   0.34435 0.15281 0.31157 0.19127 ( 1)
 330 M   0.51643 0.00663 0.46820 0.00874 ( 1)
 331 N   0.51745 0.00534 0.46986 0.00734 ( 1)
 332 T   0.51059 0.01336 0.46061 0.01545 ( 1)
 333 S   0.51775 0.00494 0.47041 0.00689 ( 1)
 334 L   0.51402 0.00954 0.46473 0.01171 ( 1)
 335 M   0.51643 0.00663 0.46820 0.00874 ( 1)
 336 A   0.51373 0.00987 0.46437 0.01203 ( 1)
 337 N   0.51745 0.00534 0.46986 0.00734 ( 1)
 338 M   0.51643 0.00663 0.46820 0.00874 ( 1)
 339 K   0.50896 0.01536 0.45853 0.01715 ( 1)
 340 K   0.50896 0.01536 0.45853 0.01715 ( 1)
 341 A   0.51394 0.00997 0.46419 0.01190 ( 1)
 342 F   0.50964 0.01459 0.45931 0.01646 ( 1)
 343 I   0.50646 0.01757 0.45631 0.01966 ( 1)
 344 G   0.51874 0.00354 0.47246 0.00527 ( 1)
 345 E   0.51129 0.01269 0.46130 0.01472 ( 1)
 346 N   0.51745 0.00534 0.46986 0.00734 ( 1)
 347 K   0.50896 0.01536 0.45853 0.01715 ( 1)
 348 D   0.51293 0.01080 0.46334 0.01293 ( 1)
 349 L   0.49820 0.02758 0.44682 0.02740 ( 1)
 350 V   0.35727 0.13504 0.32426 0.18342 ( 1)
 351 D   0.51223 0.01141 0.46271 0.01365 ( 1)
 352 P   0.51098 0.01286 0.46113 0.01503 ( 1)
 353 Y   0.50915 0.01497 0.45894 0.01695 ( 1)
 354 V   0.50664 0.01784 0.45605 0.01948 ( 1)
 355 Q   0.51680 0.00574 0.46947 0.00799 ( 1)
 356 V   0.51517 0.00778 0.46689 0.01016 ( 1)
 357 F   0.50852 0.01652 0.45733 0.01763 ( 1)
 358 F   0.50192 0.02385 0.45032 0.02391 ( 1)
 359 A   0.51287 0.01166 0.46228 0.01320 ( 1)
 360 G   0.51322 0.01127 0.46270 0.01282 ( 1)
 361 Q   0.51150 0.01320 0.46067 0.01463 ( 1)
 362 K   0.50782 0.01730 0.45657 0.01832 ( 1)
 363 G   0.51191 0.00770 0.46786 0.01253 ( 1)
 364 K   0.50872 0.01250 0.46178 0.01700 ( 1)
 365 T   0.51398 0.00512 0.47164 0.00926 ( 1)
 366 S   0.50712 0.01584 0.45807 0.01897 ( 1)
 367 V   0.50743 0.01419 0.45987 0.01851 ( 1)
 368 Q   0.51161 0.00872 0.46639 0.01328 ( 1)
 369 K   0.51275 0.00707 0.46864 0.01153 ( 1)
 370 S   0.51501 0.00326 0.47500 0.00674 ( 1)
 371 S   0.51501 0.00326 0.47500 0.00674 ( 1)
 372 Y   0.50857 0.01270 0.46155 0.01719 ( 1)
 373 E   0.51066 0.00997 0.46482 0.01456 ( 1)
 374 P   0.51144 0.01005 0.46458 0.01393 ( 1)
 375 L   0.49874 0.02503 0.44891 0.02732 ( 1)
 376 W   0.50750 0.01406 0.46000 0.01844 ( 1)
 377 N   0.51481 0.00373 0.47405 0.00741 ( 1)
 378 E   0.51066 0.00997 0.46482 0.01456 ( 1)
 379 Q   0.51161 0.00872 0.46639 0.01328 ( 1)
 380 V   0.50971 0.01231 0.46194 0.01605 ( 1)
 381 V   0.37368 0.10014 0.34302 0.18316 ( 1)
 382 F   0.50344 0.01916 0.45463 0.02277 ( 1)
 383 T   0.50962 0.01134 0.46315 0.01590 ( 1)
 384 D   0.51195 0.00823 0.46706 0.01276 ( 1)
 385 L   0.49874 0.02503 0.44891 0.02732 ( 1)
 386 F   0.50917 0.01186 0.46251 0.01646 ( 1)
 387 P   0.51059 0.00985 0.46497 0.01459 ( 1)
 388 P   0.51454 0.00392 0.47376 0.00778 ( 1)
 389 L   0.51277 0.00710 0.46858 0.01154 ( 1)
 390 C   0.51524 0.00245 0.47678 0.00554 ( 1)
 391 K   0.50872 0.01250 0.46178 0.01700 ( 1)
 392 R   0.51332 0.00630 0.46977 0.01062 ( 1)
 393 M   0.38114 0.09408 0.35010 0.17468 ( 1)
 394 K   0.51004 0.01143 0.46298 0.01555 ( 1)
 395 V   0.51000 0.01090 0.46366 0.01544 ( 1)
 396 Q   0.51161 0.00872 0.46639 0.01328 ( 1)
 397 I   0.51038 0.01034 0.46434 0.01494 ( 1)
 398 R   0.51197 0.00821 0.46707 0.01275 ( 1)
 399 D   0.51195 0.00823 0.46706 0.01276 ( 1)
 400 S   0.50379 0.01872 0.45507 0.02242 ( 1)
 401 D   0.51195 0.00823 0.46706 0.01276 ( 1)
 402 K   0.50872 0.01250 0.46178 0.01700 ( 1)
 403 V   0.51418 0.00489 0.47199 0.00894 ( 1)
 404 N   0.51488 0.00358 0.47436 0.00719 ( 1)
 405 D   0.51195 0.00826 0.46703 0.01276 ( 1)
 406 V   0.50736 0.01425 0.45981 0.01858 ( 1)
 407 A   0.51256 0.00740 0.46819 0.01186 ( 1)
 408 I   0.51029 0.01041 0.46426 0.01504 ( 1)
 409 G   0.51278 0.00706 0.46866 0.01149 ( 1)
 410 T   0.51482 0.00374 0.47402 0.00742 ( 1)
 411 H   0.51526 0.00209 0.47769 0.00496 ( 1)
 412 F   0.50930 0.01175 0.46263 0.01631 ( 1)
 413 I   0.50574 0.01592 0.45798 0.02036 ( 1)
 414 D   0.51195 0.00823 0.46706 0.01276 ( 1)
 415 L   0.49874 0.02503 0.44891 0.02732 ( 1)
 416 R   0.51332 0.00630 0.46977 0.01062 ( 1)
 417 K   0.50872 0.01250 0.46178 0.01700 ( 1)
 418 I   0.28105 0.17816 0.25664 0.28415 ( 4)
 419 S   0.51215 0.00798 0.46736 0.01251 ( 1)
 420 N   0.51488 0.00358 0.47435 0.00719 ( 1)
 421 D   0.33003 0.14630 0.30089 0.22278 ( 1)
 422 G   0.51374 0.00598 0.47018 0.01010 ( 1)
 423 D   0.51204 0.00838 0.46683 0.01276 ( 1)
 424 K   0.51293 0.00716 0.46847 0.01144 ( 1)
 425 G   0.51379 0.00884 0.46576 0.01162 ( 1)
 426 F   0.51038 0.01295 0.46109 0.01558 ( 1)
 427 L   0.49903 0.02615 0.44806 0.02675 ( 1)
 428 P   0.51230 0.01067 0.46361 0.01342 ( 1)
 429 T   0.51362 0.00905 0.46549 0.01184 ( 1)
 430 L   0.49903 0.02615 0.44806 0.02675 ( 1)
 431 G   0.51445 0.00806 0.46669 0.01080 ( 1)
 432 P   0.51230 0.01067 0.46361 0.01342 ( 1)
 433 T   0.03850 0.39820 0.03491 0.52839 ( 4)
 434 W   0.50837 0.01530 0.45861 0.01772 ( 1)
 435 V   0.50818 0.01552 0.45839 0.01791 ( 1)
 436 N   0.51729 0.00428 0.47182 0.00661 ( 1)
 437 M   0.51648 0.00543 0.47013 0.00795 ( 1)
 438 Y   0.50959 0.01388 0.46010 0.01643 ( 1)
 439 G   0.51445 0.00806 0.46669 0.01080 ( 1)
 440 S   0.51366 0.00904 0.46550 0.01180 ( 1)
 441 T   0.51115 0.01168 0.46253 0.01464 ( 1)
 442 R   0.51510 0.00724 0.46771 0.00994 ( 1)
 443 N   0.51729 0.00428 0.47182 0.00661 ( 1)
 444 Y   0.51059 0.01269 0.46137 0.01534 ( 1)
 445 T   0.51371 0.00898 0.46557 0.01174 ( 1)
 446 L   0.49903 0.02615 0.44806 0.02675 ( 1)
 447 L   0.50116 0.02416 0.44997 0.02471 ( 1)
 448 D   0.51332 0.00939 0.46511 0.01217 ( 1)
 449 E   0.51193 0.01110 0.46314 0.01383 ( 1)
 450 H   0.51824 0.00259 0.47468 0.00449 ( 1)
 451 Q   0.51303 0.00981 0.46460 0.01257 ( 1)
 452 D   0.33142 0.16033 0.30029 0.20796 ( 1)
 453 L   0.49903 0.02615 0.44806 0.02675 ( 1)
 454 N   0.51731 0.00435 0.47167 0.00667 ( 1)
 455 E   0.63477 0.36522 0.00001 0.00000 ( 1)
 456 G   0.51445 0.00806 0.46669 0.01080 ( 1)
 457 L   0.49903 0.02615 0.44806 0.02675 ( 1)
 458 G   0.51490 0.00751 0.46737 0.01023 ( 1)
 459 E   0.51193 0.01110 0.46314 0.01383 ( 1)
 460 G   0.51451 0.00816 0.46654 0.01080 ( 1)
 461 V   0.50819 0.01564 0.45827 0.01791 ( 1)
 462 S   0.51613 0.00614 0.46908 0.00865 ( 1)
 463 F   0.51040 0.01306 0.46096 0.01558 ( 1)
 464 R   0.51518 0.00733 0.46755 0.00994 ( 1)
 465 A   0.51422 0.00851 0.46610 0.01116 ( 1)
 466 R   0.51518 0.00733 0.46755 0.00994 ( 1)
 467 L   0.51448 0.00820 0.46646 0.01085 ( 1)
 468 M   0.51658 0.00551 0.46996 0.00795 ( 1)
 469 L   0.49902 0.02625 0.44798 0.02674 ( 1)
 470 G   0.51451 0.00816 0.46654 0.01080 ( 1)
 471 L   0.49902 0.02625 0.44798 0.02674 ( 1)
 472 -   0.51752 0.00296 0.47431 0.00521 ( 1)
 473 -   0.53378 0.46621 0.00001 0.00000 ( 1)
 474 -   0.51082 0.01219 0.46195 0.01504 ( 1)
 475 -   0.51049 0.01259 0.46151 0.01541 ( 1)
 476 -   0.49790 0.02744 0.44688 0.02778 ( 1)
 477 -   0.51225 0.01065 0.46365 0.01344 ( 1)
 478 -   0.51523 0.00701 0.46803 0.00973 ( 1)
 479 -   0.51250 0.01038 0.46395 0.01318 ( 1)
 480 -   0.51656 0.00524 0.47043 0.00777 ( 1)
 481 -   0.50556 0.01852 0.45536 0.02056 ( 1)
 482 -   0.51067 0.01254 0.46156 0.01523 ( 1)
 483 -   0.51334 0.00944 0.46502 0.01220 ( 1)
 484 -   0.51647 0.00548 0.47004 0.00801 ( 1)
 485 -   0.51690 0.00487 0.47092 0.00731 ( 1)
 486 -   0.51252 0.01043 0.46388 0.01317 ( 1)
 487 -   0.51175 0.01105 0.46322 0.01398 ( 1)
 488 -   0.29821 0.19612 0.26951 0.23616 ( 1)
 489 -   0.50684 0.01709 0.45680 0.01928 ( 1)
 490 -   0.51184 0.01124 0.46297 0.01395 ( 1)
 491 -   0.50684 0.01709 0.45680 0.01928 ( 1)
 492 -   0.51122 0.01195 0.46219 0.01463 ( 1)
 493 -   0.03044 0.38253 0.02770 0.55933 ( 4)
 494 -   0.51306 0.00978 0.46464 0.01253 ( 1)
 495 -   0.28347 0.21129 0.25592 0.24932 ( 1)
