Supplemental results for CODEML (seqf: /home/leticiamagpali/phd/evol_models/codeml/big_dataset/cml_align/CASQ2_codon_aligned.phy  treef: /home/leticiamagpali/phd/evol_models/codeml/big_dataset/cml_trees/gene_trees/H1a_gene_trees/CASQ2_tree_H1a.tre)

I	J	ij	2Ns_IJ	pMut_IJ	pSub_IJ	2Ns_JI	pMut_JI	pSub_JI

TTC	TTT	CT	0.86498	0.13449	0.20094	-0.86498	0.31940	0.20094
TTA	TTT	AT	7.28001	0.00003	0.00025	-7.28001	0.04993	0.00025
TTA	TTC	AC	6.41504	0.00006	0.00039	-6.41504	0.03664	0.00039
TTG	TTT	GT	0.65833	0.01965	0.02682	-0.65833	0.03795	0.02682
TTG	TTC	GC	-0.20665	0.03425	0.03083	0.20665	0.02785	0.03083
TTG	TTA	GA	-6.62168	0.12874	0.00114	6.62168	0.00017	0.00114
TCT	TTT	CT	2.08200	0.03982	0.09472	-2.08200	0.31940	0.09472
TCC	TTC	CT	1.82926	0.03763	0.08200	-1.82926	0.23441	0.08200
TCC	TCT	CT	0.61224	0.03763	0.05032	-0.61224	0.06941	0.05032
TCA	TTA	CT	-4.51960	0.02700	0.00134	4.51960	0.00029	0.00134
TCA	TCT	AT	0.67842	0.00551	0.00758	-0.67842	0.01085	0.00758
TCA	TCC	AC	0.06618	0.00960	0.00992	-0.06618	0.01025	0.00992
TCG	TTG	CT	6.20982	0.00034	0.00210	-6.20982	0.16794	0.00210
TCG	TCT	GT	4.78615	0.00007	0.00033	-4.78615	0.00825	0.00033
TCG	TCC	GC	4.17391	0.00012	0.00051	-4.17391	0.00779	0.00051
TCG	TCA	GA	4.10773	0.00045	0.00188	-4.10773	0.02742	0.00188
TAT	TTT	AT	1.29608	0.01366	0.02437	-1.29608	0.04993	0.02437
TAT	TCT	AC	-0.78592	0.02381	0.01567	0.78592	0.01085	0.01567
TAC	TTC	AT	0.61624	0.01979	0.02650	-0.61624	0.03664	0.02650
TAC	TCC	AC	-1.21302	0.03449	0.01770	1.21302	0.01025	0.01770
TAC	TAT	CT	0.18514	0.09703	0.10629	-0.18514	0.11676	0.10629
TGT	TTT	GT	3.39480	0.00127	0.00447	-3.39480	0.03795	0.00447
TGT	TCT	GC	1.31280	0.00222	0.00399	-1.31280	0.00825	0.00399
TGT	TAT	GA	2.09873	0.00834	0.01995	-2.09873	0.06803	0.01995
TGC	TTC	GT	1.87604	0.00427	0.00945	-1.87604	0.02785	0.00945
TGC	TCC	GC	0.04678	0.00744	0.00761	-0.04678	0.00779	0.00761
TGC	TAC	GA	1.25980	0.02796	0.04917	-1.25980	0.09854	0.04917
TGC	TGT	CT	-0.65379	0.02092	0.01482	0.65379	0.01088	0.01482
TGG	TTG	GT	0.46022	0.01259	0.01571	-0.46022	0.01995	0.01571
TGG	TCG	GC	-5.74960	0.02195	0.00040	5.74960	0.00007	0.00040
TGG	TGT	GT	-2.27625	0.01259	0.00328	2.27625	0.00129	0.00328
TGG	TGC	GC	-1.62246	0.02195	0.00876	1.62246	0.00433	0.00876
CTT	TTT	CT	1.82881	0.05130	0.11176	-1.82881	0.31940	0.11176
CTC	TTC	CT	1.28059	0.06513	0.11551	-1.28059	0.23441	0.11551
CTC	CTT	CT	0.31677	0.06513	0.07599	-0.31677	0.08941	0.07599
CTA	TTA	CT	-4.83350	0.03695	0.00143	4.83350	0.00029	0.00143
CTA	CTT	AT	0.61771	0.00754	0.01010	-0.61771	0.01398	0.01010
CTA	CTC	AC	0.30095	0.01313	0.01521	-0.30095	0.01775	0.01521
CTG	TTG	CT	-0.09280	0.18427	0.17585	0.09280	0.16794	0.17585
CTG	CTT	GT	-1.26327	0.03758	0.01871	1.26327	0.01062	0.01871
CTG	CTC	GC	-1.58004	0.06549	0.02684	1.58004	0.01349	0.02684
CTG	CTA	GA	-1.88099	0.24620	0.08329	1.88099	0.03753	0.08329
CCT	TCT	CT	0.61224	0.03763	0.05032	-0.61224	0.06941	0.05032
CCT	CTT	CT	0.86543	0.03763	0.05623	-0.86543	0.08941	0.05623
CCC	TCC	CT	-0.19423	0.07965	0.07216	0.19423	0.06559	0.07216
CCC	CTC	CT	0.35443	0.07965	0.09459	-0.35443	0.11353	0.09459
CCC	CCT	CT	-0.19423	0.07965	0.07216	0.19423	0.06559	0.07216
CCA	TCA	CT	-0.45602	0.07425	0.05860	0.45602	0.04706	0.05860
CCA	CTA	CT	-0.14213	0.07425	0.06910	0.14213	0.06441	0.06910
CCA	CCT	AT	-0.38985	0.01514	0.01238	0.38985	0.01025	0.01238
CCA	CCC	AC	-0.19561	0.02639	0.02389	0.19561	0.02170	0.02389
CCG	TCG	CT	-3.09508	0.01299	0.00191	3.09508	0.00059	0.00191
CCG	CTG	CT	3.20754	0.01299	0.04343	-3.20754	0.32117	0.04343
CCG	CCT	GT	1.07883	0.00265	0.00433	-1.07883	0.00779	0.00433
CCG	CCC	GC	1.27306	0.00462	0.00817	-1.27306	0.01649	0.00817
CCG	CCA	GA	1.46868	0.01736	0.03312	-1.46868	0.07540	0.03312
CAT	TAT	CT	1.07993	0.03965	0.06485	-1.07993	0.11676	0.06485
CAT	CTT	AT	0.54720	0.00809	0.01050	-0.54720	0.01398	0.01050
CAT	CCT	AC	-0.31823	0.01409	0.01197	0.31823	0.01025	0.01197
CAC	TAC	CT	1.49830	0.03780	0.07294	-1.49830	0.16911	0.07294
CAC	CTC	AT	0.83395	0.00771	0.01136	-0.83395	0.01775	0.01136
CAC	CCC	AC	0.47951	0.01343	0.01691	-0.47951	0.02170	0.01691
CAC	CAT	CT	0.60352	0.03780	0.05034	-0.60352	0.06912	0.05034
CAA	CTA	AT	0.31285	0.00736	0.00858	-0.31285	0.01007	0.00858
CAA	CCA	AC	0.45498	0.01283	0.01598	-0.45498	0.02023	0.01598
CAA	CAT	AT	0.38337	0.00736	0.00887	-0.38337	0.01080	0.00887
CAA	CAC	AC	-0.22015	0.01283	0.01147	0.22015	0.01030	0.01147
CAG	CTG	AT	1.11591	0.01645	0.02730	-1.11591	0.05021	0.02730
CAG	CCG	AC	-2.09162	0.02867	0.00845	2.09162	0.00354	0.00845
CAG	CAT	GT	-0.69456	0.01645	0.01139	0.69456	0.00821	0.01139
CAG	CAC	GC	-1.29808	0.02867	0.01398	1.29808	0.00783	0.01398
CAG	CAA	GA	-1.07793	0.10777	0.05992	1.07793	0.03667	0.05992
CGT	TGT	CT	0.15916	0.00928	0.01004	-0.15916	0.01088	0.01004
CGT	CTT	GT	1.72516	0.00189	0.00397	-1.72516	0.01062	0.00397
CGT	CCT	GC	0.85973	0.00330	0.00492	-0.85973	0.00779	0.00492
CGT	CAT	GA	1.17796	0.01240	0.02111	-1.17796	0.04027	0.02111
CGC	TGC	CT	-0.41104	0.05501	0.04448	0.41104	0.03647	0.04448
CGC	CTC	GT	0.18440	0.01122	0.01228	-0.18440	0.01349	0.01228
CGC	CCC	GC	-0.17003	0.01955	0.01794	0.17003	0.01649	0.01794
CGC	CAC	GA	-0.64954	0.07350	0.05219	0.64954	0.03839	0.05219
CGC	CGT	CT	-1.22399	0.05501	0.02805	1.22399	0.01618	0.02805
CGA	CTA	GT	8.95836	0.00000	0.00000	-8.95836	0.00765	0.00001
CGA	CCA	GC	9.10049	0.00000	0.00000	-9.10049	0.01538	0.00002
CGA	CAA	GA	8.64551	0.00000	0.00000	-8.64551	0.03667	0.00006
CGA	CGT	AT	7.85091	0.00000	0.00000	-7.85091	0.00253	0.00001
CGA	CGC	AC	9.07490	0.00000	0.00000	-9.07490	0.01499	0.00002
CGG	TGG	CT	2.11440	0.01299	0.03124	-2.11440	0.10764	0.03124
CGG	CTG	GT	2.66743	0.00265	0.00759	-2.66743	0.03816	0.00759
CGG	CCG	GC	-0.54011	0.00462	0.00348	0.54011	0.00269	0.00348
CGG	CAG	GA	1.55151	0.01736	0.03418	-1.55151	0.08192	0.03418
CGG	CGT	GT	-0.32101	0.00265	0.00225	0.32101	0.00192	0.00225
CGG	CGC	GC	0.90298	0.00462	0.00701	-0.90298	0.01139	0.00701
CGG	CGA	GA	-8.17192	0.01736	0.00004	8.17192	0.00000	0.00000
ATT	TTT	AT	0.69799	0.02484	0.03452	-0.69799	0.04993	0.03452
ATT	CTT	AC	-1.13082	0.04330	0.02334	1.13082	0.01398	0.02334
ATC	TTC	AT	0.24678	0.02863	0.03231	-0.24678	0.03664	0.03231
ATC	CTC	AC	-1.03381	0.04990	0.02847	1.03381	0.01775	0.02847
ATC	ATT	CT	0.41377	0.14039	0.17144	-0.41377	0.21235	0.17144
ATA	TTA	AT	-4.14106	0.00289	0.00019	4.14106	0.00005	0.00019
ATA	CTA	AC	0.69244	0.00504	0.00698	-0.69244	0.01007	0.00698
ATA	ATT	AT	2.44097	0.00289	0.00773	-2.44097	0.03319	0.00773
ATA	ATC	AC	2.02720	0.00504	0.01176	-2.02720	0.03825	0.01176
ATG	TTG	AT	0.77352	0.01211	0.01740	-0.77352	0.02625	0.01740
ATG	CTG	AC	0.86632	0.02111	0.03156	-0.86632	0.05021	0.03156
ATG	ATT	GT	0.73386	0.01211	0.01710	-0.73386	0.02523	0.01710
ATG	ATC	GC	0.32009	0.02111	0.02467	-0.32009	0.02908	0.02467
ATG	ATA	GA	-1.70711	0.07936	0.03002	1.70711	0.01440	0.03002
ACT	TCT	AT	0.06323	0.01019	0.01051	-0.06323	0.01085	0.01051
ACT	CCT	AC	-0.54901	0.01775	0.01332	0.54901	0.01025	0.01332
ACT	ATT	CT	1.44724	0.04995	0.09452	-1.44724	0.21235	0.09452
ACC	TCC	AT	0.24161	0.00805	0.00906	-0.24161	0.01025	0.00906
ACC	CCC	AC	0.43584	0.01403	0.01731	-0.43584	0.02170	0.01731
ACC	ATC	CT	1.82409	0.03949	0.08588	-1.82409	0.24470	0.08588
ACC	ACT	CT	0.79061	0.03949	0.05713	-0.79061	0.08706	0.05713
ACA	TCA	AT	-0.48439	0.01194	0.00928	0.48439	0.00736	0.00928
ACA	CCA	AC	-0.02837	0.02081	0.02052	0.02837	0.02023	0.02052
ACA	ATA	CT	-0.86293	0.05855	0.03688	0.86293	0.02471	0.03688
ACA	ACT	AT	0.13079	0.01194	0.01274	-0.13079	0.01361	0.01274
ACA	ACC	AC	-0.65982	0.02081	0.01470	0.65982	0.01076	0.01470
ACG	TCG	AT	-3.41154	0.00279	0.00032	3.41154	0.00009	0.00032
ACG	CCG	AC	-0.31646	0.00486	0.00413	0.31646	0.00354	0.00413
ACG	ATG	CT	2.02476	0.01367	0.03188	-2.02476	0.10353	0.03188
ACG	ACT	GT	1.31137	0.00279	0.00500	-1.31137	0.01034	0.00500
ACG	ACC	GC	0.52076	0.00486	0.00623	-0.52076	0.00818	0.00623
ACG	ACA	GA	1.18058	0.01826	0.03112	-1.18058	0.05947	0.03112
AAT	TAT	AT	0.55996	0.01043	0.01362	-0.55996	0.01825	0.01362
AAT	CAT	AC	-0.51997	0.01817	0.01386	0.51997	0.01080	0.01386
AAT	ATT	AT	1.15805	0.01043	0.01760	-1.15805	0.03319	0.01760
AAT	ACT	AC	-0.28919	0.01817	0.01567	0.28919	0.01361	0.01567
AAC	TAC	AT	0.29324	0.01972	0.02275	-0.29324	0.02644	0.02275
AAC	CAC	AC	-1.20506	0.03437	0.01772	1.20506	0.01030	0.01772
AAC	ATC	AT	0.66270	0.01972	0.02697	-0.66270	0.03825	0.02697
AAC	ACC	AC	-1.16138	0.03437	0.01819	1.16138	0.01076	0.01819
AAC	AAT	CT	-0.08158	0.09669	0.09280	0.08158	0.08912	0.09280
AAA	CAA	AC	-1.53316	0.04558	0.01924	1.53316	0.00984	0.01924
AAA	ATA	AT	-1.91274	0.02615	0.00867	1.91274	0.00386	0.00867
AAA	ACA	AC	-1.04981	0.04558	0.02577	1.04981	0.01595	0.02577
AAA	AAT	AT	-0.62983	0.02615	0.01878	0.62983	0.01393	0.01878
AAA	AAC	AC	-0.54825	0.04558	0.03422	0.54825	0.02634	0.03422
AAG	CAG	AC	-1.19210	0.07239	0.03762	1.19210	0.02198	0.03762
AAG	ATG	AT	-0.94250	0.04153	0.02499	0.94250	0.01618	0.02499
AAG	ACG	AC	-2.96726	0.07239	0.01165	2.96726	0.00372	0.01165
AAG	AAT	GT	-1.36670	0.04153	0.01942	1.36670	0.01059	0.01942
AAG	AAC	GC	-1.28512	0.07239	0.03557	1.28512	0.02002	0.03557
AAG	AAA	GA	-0.73687	0.27213	0.18407	0.73687	0.13024	0.18407
AGT	TGT	AT	-2.26894	0.01645	0.00430	2.26894	0.00170	0.00430
AGT	CGT	AC	-2.42810	0.02867	0.00673	2.42810	0.00253	0.00673
AGT	ATT	GT	0.42788	0.01645	0.02022	-0.42788	0.02523	0.02022
AGT	ACT	GC	-1.01936	0.02867	0.01650	1.01936	0.01034	0.01650
AGT	AAT	GA	-0.73017	0.10777	0.07317	0.73017	0.05193	0.07317
AGC	TGC	AT	-0.06611	0.00609	0.00589	0.06611	0.00570	0.00589
AGC	CGC	AC	0.34493	0.01062	0.01255	-0.34493	0.01499	0.01255
AGC	ATC	GT	1.56315	0.00609	0.01204	-1.56315	0.02908	0.01204
AGC	ACC	GC	-0.26094	0.01062	0.00929	0.26094	0.00818	0.00929
AGC	AAC	GA	0.90044	0.03991	0.06053	-0.90044	0.09820	0.06053
AGC	AGT	CT	1.54904	0.02987	0.05875	-1.54904	0.14058	0.05875
AGA	CGA	AC	-8.36294	0.00564	0.00001	8.36294	0.00000	0.00000
AGA	ATA	GT	-0.09701	0.00323	0.00308	0.09701	0.00294	0.00308
AGA	ACA	GC	0.76592	0.00564	0.00807	-0.76592	0.01213	0.00807
AGA	AAA	GA	1.81573	0.02119	0.04596	-1.81573	0.13024	0.04596
AGA	AGT	AT	1.91607	0.00323	0.00727	-1.91607	0.02198	0.00727
AGA	AGC	AC	0.36704	0.00564	0.00674	-0.36704	0.00814	0.00674
AGG	TGG	AT	1.09864	0.00561	0.00924	-1.09864	0.01683	0.00924
AGG	CGG	AC	-1.01576	0.00978	0.00564	1.01576	0.00354	0.00564
AGG	ATG	GT	0.78535	0.00561	0.00810	-0.78535	0.01230	0.00810
AGG	ACG	GC	-1.23941	0.00978	0.00494	1.23941	0.00283	0.00494
AGG	AAG	GA	1.72785	0.03675	0.07722	-1.72785	0.20685	0.07722
AGG	AGT	GT	1.09132	0.00561	0.00922	-1.09132	0.01670	0.00922
AGG	AGC	GC	-0.45771	0.00978	0.00771	0.45771	0.00619	0.00771
AGG	AGA	GA	-0.82475	0.03675	0.02365	0.82475	0.01611	0.02365
GTT	TTT	GT	0.75189	0.01789	0.02546	-0.75189	0.03795	0.02546
GTT	CTT	GC	-1.07691	0.03119	0.01735	1.07691	0.01062	0.01735
GTT	ATT	GA	0.05390	0.11724	0.12043	-0.05390	0.12373	0.12043
GTC	TTC	GT	0.52253	0.01652	0.02121	-0.52253	0.02785	0.02121
GTC	CTC	GC	-0.75806	0.02879	0.01924	0.75806	0.01349	0.01924
GTC	ATC	GA	0.27575	0.10822	0.12383	-0.27575	0.14258	0.12383
GTC	GTT	CT	0.63562	0.08100	0.10945	-0.63562	0.15294	0.10945
GTA	TTA	GT	-3.72221	0.00145	0.00013	3.72221	0.00003	0.00013
GTA	CTA	GC	1.11129	0.00252	0.00417	-1.11129	0.00765	0.00417
GTA	ATA	GA	0.41885	0.00947	0.01159	-0.41885	0.01440	0.01159
GTA	GTT	AT	2.80592	0.00145	0.00432	-2.80592	0.02391	0.00432
GTA	GTC	AC	2.17030	0.00252	0.00617	-2.17030	0.02207	0.00617
GTG	TTG	GT	-0.56372	0.03506	0.02610	0.56372	0.01995	0.02610
GTG	CTG	GC	-0.47092	0.06112	0.04785	0.47092	0.03816	0.04785
GTG	ATG	GA	-1.33724	0.22974	0.10939	1.33724	0.06032	0.10939
GTG	GTT	GT	-0.65728	0.03506	0.02479	0.65728	0.01817	0.02479
GTG	GTC	GC	-1.29290	0.06112	0.02989	1.29290	0.01677	0.02989
GTG	GTA	GA	-3.46320	0.22974	0.02573	3.46320	0.00720	0.02573
GCT	TCT	GT	-0.84327	0.01917	0.01221	0.84327	0.00825	0.01221
GCT	CCT	GC	-1.45551	0.03341	0.01479	1.45551	0.00779	0.01479
GCT	ACT	GA	-0.90650	0.12558	0.07714	0.90650	0.05073	0.07714
GCT	GTT	CT	0.48684	0.09399	0.11872	-0.48684	0.15294	0.11872
GCC	TCC	GT	-0.28779	0.01039	0.00897	0.28779	0.00779	0.00897
GCC	CCC	GC	-0.09356	0.01811	0.01728	0.09356	0.01649	0.01728
GCC	ACC	GA	-0.52940	0.06809	0.05165	0.52940	0.04010	0.05165
GCC	GTC	CT	1.01894	0.05096	0.08126	-1.01894	0.14117	0.08126
GCC	GCT	CT	1.16771	0.05096	0.08638	-1.16771	0.16382	0.08638
GCA	TCA	GT	-0.62309	0.01043	0.00751	0.62309	0.00559	0.00751
GCA	CCA	GC	-0.16707	0.01817	0.01670	0.16707	0.01538	0.01670
GCA	ACA	GA	-0.13870	0.06831	0.06369	0.13870	0.05947	0.06369
GCA	GTA	CT	-1.42049	0.05113	0.02314	1.42049	0.01235	0.02314
GCA	GCT	AT	0.89859	0.01043	0.01580	-0.89859	0.02561	0.01580
GCA	GCC	AC	-0.26912	0.01817	0.01584	0.26912	0.01388	0.01584
GCG	TCG	GT	-4.69407	0.00764	0.00033	4.69407	0.00007	0.00033
GCG	CCG	GC	-1.59898	0.01331	0.00539	1.59898	0.00269	0.00539
GCG	ACG	GA	-1.28252	0.05005	0.02464	1.28252	0.01388	0.02464
GCG	GTG	CT	2.07948	0.03746	0.08903	-2.07948	0.29970	0.08903
GCG	GCT	GT	0.93535	0.00764	0.01176	-0.93535	0.01947	0.01176
GCG	GCC	GC	-0.23236	0.01331	0.01183	0.23236	0.01055	0.01183
GCG	GCA	GA	0.03676	0.05005	0.05098	-0.03676	0.05193	0.05098
GAT	TAT	GT	-1.59599	0.06844	0.02777	1.59599	0.01387	0.02777
GAT	CAT	GC	-2.67591	0.11929	0.02360	2.67591	0.00821	0.02360
GAT	AAT	GA	-2.15595	0.44844	0.12661	2.15595	0.05193	0.12661
GAT	GTT	AT	-1.05180	0.06844	0.03864	1.05180	0.02391	0.03864
GAT	GCT	AC	-1.53864	0.11929	0.05017	1.53864	0.02561	0.05017
GAC	TAC	GT	-1.40838	0.08217	0.03746	1.40838	0.02009	0.03746
GAC	CAC	GC	-2.90668	0.14322	0.02407	2.90668	0.00783	0.02407
GAC	AAC	GA	-1.70162	0.53839	0.20437	1.70162	0.09820	0.20437
GAC	GTC	AT	-1.31467	0.08217	0.03967	1.31467	0.02207	0.03967
GAC	GCC	AC	-2.33360	0.14322	0.03588	2.33360	0.01388	0.03588
GAC	GAT	CT	0.37275	0.40296	0.48271	-0.37275	0.58498	0.48271
GAA	CAA	GC	-2.31775	0.07593	0.01923	2.31775	0.00748	0.01923
GAA	AAA	GA	-0.78459	0.28543	0.18795	0.78459	0.13024	0.18795
GAA	GTA	AT	-3.11619	0.04356	0.00630	3.11619	0.00193	0.00630
GAA	GCA	AC	-1.69570	0.07593	0.02893	1.69570	0.01393	0.02893
GAA	GAT	AT	0.74153	0.04356	0.06169	-0.74153	0.09145	0.06169
GAA	GAC	AC	0.36877	0.07593	0.09079	-0.36877	0.10979	0.09079
GAG	CAG	GC	-2.16326	0.14532	0.04083	2.16326	0.01670	0.04083
GAG	AAG	GA	-0.97116	0.54628	0.32330	0.97116	0.20685	0.32330
GAG	GTG	AT	-0.57643	0.08338	0.06164	0.57643	0.04685	0.06164
GAG	GCG	AC	-2.65590	0.14532	0.02916	2.65590	0.01021	0.02916
GAG	GAT	GT	-0.18191	0.08338	0.07602	0.18191	0.06951	0.07602
GAG	GAC	GC	-0.55466	0.14532	0.10873	0.55466	0.08345	0.10873
GAG	GAA	GA	-0.92344	0.54628	0.33233	0.92344	0.21696	0.33233
GGT	TGT	GT	-1.46121	0.00557	0.00246	1.46121	0.00129	0.00246
GGT	CGT	GC	-1.62038	0.00972	0.00388	1.62038	0.00192	0.00388
GGT	AGT	GA	0.80772	0.03652	0.05324	-0.80772	0.08192	0.05324
GGT	GTT	GT	1.18170	0.00557	0.00950	-1.18170	0.01817	0.00950
GGT	GCT	GC	0.69486	0.00972	0.01348	-0.69486	0.01947	0.01348
GGT	GAT	GA	2.23350	0.03652	0.09137	-2.23350	0.34086	0.09137
GGC	TGC	GT	-1.04199	0.01228	0.00698	1.04199	0.00433	0.00698
GGC	CGC	GC	-0.63095	0.02141	0.01536	0.63095	0.01139	0.01536
GGC	AGC	GA	-0.97588	0.08049	0.04750	0.97588	0.03033	0.04750
GGC	GTC	GT	0.31151	0.01228	0.01430	-0.31151	0.01677	0.01430
GGC	GCC	GC	-0.70742	0.02141	0.01472	0.70742	0.01055	0.01472
GGC	GAC	GA	1.62618	0.08049	0.16293	-1.62618	0.40924	0.16293
GGC	GGT	CT	-0.23456	0.06024	0.05345	0.23456	0.04765	0.05345
GGA	CGA	GC	-9.15018	0.00942	0.00001	9.15018	0.00000	0.00000
GGA	AGA	GA	-0.78724	0.03540	0.02327	0.78724	0.01611	0.02327
GGA	GTA	GT	-1.30311	0.00540	0.00263	1.30311	0.00147	0.00263
GGA	GCA	GC	0.11738	0.00942	0.00998	-0.11738	0.01059	0.00998
GGA	GAA	GA	1.81308	0.03540	0.07669	-1.81308	0.21696	0.07669
GGA	GGT	AT	0.32111	0.00540	0.00632	-0.32111	0.00745	0.00632
GGA	GGC	AC	0.55567	0.00942	0.01227	-0.55567	0.01641	0.01227
GGG	TGG	GT	0.12508	0.01129	0.01201	-0.12508	0.01279	0.01201
GGG	CGG	GC	-1.98932	0.01967	0.00620	1.98932	0.00269	0.00620
GGG	AGG	GA	-0.97356	0.07395	0.04370	0.97356	0.02793	0.04370
GGG	GTG	GT	1.14903	0.01129	0.01899	-1.14903	0.03561	0.01899
GGG	GCG	GC	-0.93045	0.01967	0.01192	0.93045	0.00776	0.01192
GGG	GAG	GA	1.72546	0.07395	0.15525	-1.72546	0.41524	0.15525
GGG	GGT	GT	-0.68995	0.01129	0.00784	0.68995	0.00566	0.00784
GGG	GGC	GC	-0.45539	0.01967	0.01553	0.45539	0.01248	0.01553
GGG	GGA	GA	-1.01106	0.07395	0.04276	1.01106	0.02691	0.04276


Histograms
2Ns	FMut	FSub(CodonUsage)	FSubw(after w)

-8.71446	0.00352	0.00001
-7.84301	0.00078	0.00000
-6.97157	0.00701	0.00007
-6.10012	0.00889	0.00015
-5.22868	0.00145	0.00007
-4.35723	0.00318	0.00024
-3.48578	0.02550	0.00423
-2.61434	0.04684	0.01381
-1.74289	0.25127	0.12032
-0.87145	0.28029	0.22994
0.00000	0.20321	0.26235
0.87145	0.11919	0.22994
1.74289	0.04388	0.12032
2.61434	0.00394	0.01381
3.48578	0.00095	0.00423
4.35723	0.00004	0.00024
5.22868	0.00001	0.00007
6.10012	0.00002	0.00015
6.97157	0.00001	0.00007
7.84301	0.00000	0.00000
8.71446	0.00000	0.00000

Proportion of advantageous (S > 0) mutations:
 0.25696

Proportions of good & bad mutations (|S| > 2.0000) among mutations:
0.01250  0.15925

mean |Ns| = 1.29425	mean Ns+ = 0.81307	mean Ns- = -1.46065


MLEs of dN/dS (w) for site classes (K=4)

site class             0        1       2a       2b
proportion       0.73203  0.17389  0.07602  0.01806
background w     0.05860  1.00000  0.05860  1.00000
foreground w     0.05860  1.00000  4.81460  4.81460

Naive Empirical Bayes (NEB) probabilities for 4 classes
(amino acids refer to 1st sequence: Bacu)

   1 M   0.90535 0.04527 0.04669 0.00269 ( 1)
   2 K   0.33122 0.59834 0.02391 0.04653 ( 2)
   3 R   0.57207 0.38237 0.02541 0.02015 ( 1)
   4 T   0.90312 0.04686 0.04721 0.00281 ( 1)
   5 H   0.57599 0.37761 0.02614 0.02026 ( 1)
   6 L   0.77457 0.14073 0.07140 0.01329 ( 1)
   7 F   0.81292 0.11119 0.06635 0.00954 ( 1)
   8 V   0.29631 0.62847 0.02316 0.05207 ( 2)
   9 M   0.31176 0.61309 0.02436 0.05080 ( 2)
  10 A   0.00296 0.93695 0.00017 0.05993 ( 2)
  11 V   0.87609 0.06528 0.05415 0.00448 ( 1)
  12 Y   0.83429 0.09542 0.06264 0.00766 ( 1)
  13 L   0.77457 0.14073 0.07140 0.01329 ( 1)
  14 L   0.77457 0.14073 0.07140 0.01329 ( 1)
  15 S   0.91089 0.04167 0.04504 0.00239 ( 1)
  16 T   0.53198 0.41771 0.02630 0.02400 ( 1)
  17 C   0.92892 0.03028 0.03927 0.00153 ( 1)
  18 R   0.44054 0.51213 0.01994 0.02739 ( 2)
  19 A   0.85656 0.07849 0.05907 0.00589 ( 1)
  20 E   0.09730 0.20855 0.61234 0.08181 ( 3)
  21 E   0.82206 0.10392 0.06529 0.00872 ( 1)
  22 G   0.89797 0.04960 0.04933 0.00310 ( 1)
  23 L   0.77852 0.13679 0.07177 0.01292 ( 1)
  24 N   0.47720 0.46749 0.02615 0.02915 ( 1)
  25 F   0.83755 0.09233 0.06272 0.00740 ( 1)
  26 P   0.85730 0.07779 0.05907 0.00583 ( 1)
  27 T   0.90557 0.04443 0.04733 0.00267 ( 1)
  28 Y   0.84164 0.08947 0.06184 0.00706 ( 1)
  29 D   0.81430 0.10978 0.06650 0.00942 ( 1)
  30 G   0.89488 0.05168 0.05016 0.00328 ( 1)
  31 K   0.37876 0.55104 0.02735 0.04285 ( 2)
  32 D   0.81520 0.10965 0.06582 0.00933 ( 1)
  33 R   0.85524 0.07984 0.05893 0.00598 ( 1)
  34 V   0.82807 0.09989 0.06385 0.00819 ( 1)
  35 V   0.88015 0.06254 0.05309 0.00421 ( 1)
  36 S   0.83877 0.09222 0.06173 0.00728 ( 1)
  37 L   0.84049 0.09110 0.06127 0.00714 ( 1)
  38 T   0.90688 0.04444 0.04607 0.00261 ( 1)
  39 E   0.82305 0.10378 0.06454 0.00862 ( 1)
  40 K   0.84712 0.08614 0.06013 0.00661 ( 1)
  41 N   0.89652 0.05140 0.04889 0.00319 ( 1)
  42 F   0.83869 0.09218 0.06184 0.00729 ( 1)
  43 K   0.84712 0.08614 0.06013 0.00661 ( 1)
  44 Q   0.83165 0.09775 0.06273 0.00786 ( 1)
  45 V   0.88180 0.06136 0.05273 0.00411 ( 1)
  46 L   0.24704 0.67156 0.02130 0.06010 ( 2)
  47 K   0.84712 0.08614 0.06013 0.00661 ( 1)
  48 K   0.84894 0.08481 0.05979 0.00646 ( 1)
  49 Y   0.10549 0.19864 0.62187 0.07400 ( 3)
  50 D   0.81520 0.10965 0.06582 0.00933 ( 1)
  51 L   0.79290 0.12707 0.06863 0.01141 ( 1)
  52 L   0.89468 0.05278 0.04924 0.00331 ( 1)
  53 C   0.93580 0.02631 0.03664 0.00125 ( 1)
  54 L   0.89477 0.05269 0.04924 0.00330 ( 1)
  55 Y   0.31827 0.60985 0.02353 0.04834 ( 2)
  56 Y   0.10706 0.20243 0.61652 0.07399 ( 3)
  57 H   0.89183 0.05477 0.04992 0.00348 ( 1)
  58 E   0.82239 0.10444 0.06449 0.00868 ( 1)
  59 P   0.85828 0.07796 0.05800 0.00576 ( 1)
  60 V   0.29254 0.63302 0.02256 0.05188 ( 2)
  61 S   0.90347 0.04694 0.04679 0.00280 ( 1)
  62 S   0.86724 0.06848 0.05919 0.00509 ( 1)
  63 D   0.80356 0.11863 0.06741 0.01040 ( 1)
  64 K   0.84819 0.08556 0.05973 0.00652 ( 1)
  65 A   0.00261 0.93429 0.00016 0.06294 ( 2)
  66 A   0.00014 0.76720 0.00064 0.23202 ( 2)
  67 Q   0.83095 0.09844 0.06268 0.00792 ( 1)
  68 K   0.84819 0.08556 0.05973 0.00652 ( 1)
  69 Q   0.02661 0.09941 0.77594 0.09805 ( 3)
  70 F   0.11122 0.20634 0.60990 0.07255 ( 3)
  71 Q   0.83705 0.09420 0.06135 0.00740 ( 1)
  72 M   0.02198 0.89767 0.00184 0.07851 ( 2)
  73 K   0.84819 0.08556 0.05973 0.00652 ( 1)
  74 E   0.83200 0.09745 0.06271 0.00784 ( 1)
  75 I   0.32187 0.60658 0.02367 0.04788 ( 2)
  76 V   0.20236 0.72280 0.01560 0.05924 ( 2)
  77 L   0.77566 0.14007 0.07110 0.01317 ( 1)
  78 E   0.82203 0.10479 0.06446 0.00871 ( 1)
  79 F   0.80047 0.11196 0.07667 0.01090 ( 1)
  80 D   0.25720 0.65517 0.02438 0.06324 ( 2)
  81 E   0.81460 0.09946 0.07641 0.00952 ( 1)
  82 E   0.81460 0.09946 0.07641 0.00952 ( 1)
  83 G   0.86435 0.05686 0.07375 0.00504 ( 1)
  84 S   0.81920 0.09543 0.07629 0.00908 ( 1)
  85 L   0.21994 0.68880 0.02196 0.06931 ( 2)
  86 Y   0.82260 0.09246 0.07619 0.00876 ( 1)
  87 V   0.39769 0.52056 0.03471 0.04703 ( 2)
  88 L   0.86463 0.05690 0.07344 0.00503 ( 1)
  89 K   0.82597 0.08952 0.07607 0.00844 ( 1)
  90 G   0.89695 0.03112 0.06938 0.00255 ( 1)
  91 D   0.79101 0.12041 0.07674 0.01184 ( 1)
  92 R   0.83166 0.08457 0.07586 0.00792 ( 1)
  93 T   0.33360 0.58151 0.03044 0.05445 ( 2)
  94 I   0.82835 0.08744 0.07599 0.00822 ( 1)
  95 E   0.80648 0.10664 0.07658 0.01031 ( 1)
  96 F   0.80142 0.11102 0.07676 0.01081 ( 1)
  97 D   0.79101 0.12041 0.07674 0.01184 ( 1)
  98 G   0.86619 0.05535 0.07357 0.00489 ( 1)
  99 E   0.80651 0.10661 0.07658 0.01030 ( 1)
 100 F   0.80047 0.11196 0.07667 0.01090 ( 1)
 101 A   0.83779 0.08080 0.07403 0.00737 ( 1)
 102 A   0.83771 0.07934 0.07558 0.00736 ( 1)
 103 D   0.79111 0.12031 0.07675 0.01183 ( 1)
 104 V   0.85295 0.06636 0.07467 0.00601 ( 1)
 105 L   0.78258 0.12797 0.07675 0.01269 ( 1)
 106 V   0.80989 0.10362 0.07651 0.00998 ( 1)
 107 E   0.80648 0.10664 0.07658 0.01031 ( 1)
 108 F   0.80064 0.11179 0.07668 0.01088 ( 1)
 109 L   0.86565 0.05578 0.07363 0.00494 ( 1)
 110 L   0.78258 0.12797 0.07675 0.01269 ( 1)
 111 D   0.79903 0.11336 0.07657 0.01104 ( 1)
 112 L   0.45888 0.48412 0.02598 0.03102 ( 2)
 113 I   0.34590 0.58429 0.02472 0.04508 ( 2)
 114 E   0.83039 0.09812 0.06350 0.00799 ( 1)
 115 D   0.81288 0.11119 0.06639 0.00954 ( 1)
 116 P   0.84883 0.08622 0.05849 0.00646 ( 1)
 117 V   0.82659 0.10049 0.06460 0.00833 ( 1)
 118 E   0.82238 0.10361 0.06532 0.00870 ( 1)
 119 I   0.83845 0.09160 0.06262 0.00732 ( 1)
 120 I   0.83845 0.09160 0.06262 0.00732 ( 1)
 121 N   0.48073 0.46288 0.02698 0.02942 ( 1)
 122 S   0.91691 0.03702 0.04400 0.00208 ( 1)
 123 K   0.84807 0.08462 0.06077 0.00654 ( 1)
 124 L   0.77592 0.13939 0.07153 0.01317 ( 1)
 125 E   0.83233 0.09619 0.06365 0.00783 ( 1)
 126 V   0.87903 0.06236 0.05433 0.00428 ( 1)
 127 Q   0.83699 0.09330 0.06228 0.00742 ( 1)
 128 A   0.88965 0.05502 0.05174 0.00360 ( 1)
 129 F   0.81500 0.10912 0.06652 0.00936 ( 1)
 130 E   0.82238 0.10361 0.06532 0.00870 ( 1)
 131 R   0.85310 0.08087 0.05988 0.00615 ( 1)
 132 I   0.84904 0.08381 0.06068 0.00647 ( 1)
 133 E   0.82238 0.10361 0.06532 0.00870 ( 1)
 134 D   0.81459 0.10948 0.06653 0.00940 ( 1)
 135 H   0.47088 0.47144 0.02710 0.03058 ( 2)
 136 I   0.83845 0.09160 0.06262 0.00732 ( 1)
 137 K   0.84807 0.08462 0.06077 0.00654 ( 1)
 138 L   0.89432 0.05173 0.05064 0.00331 ( 1)
 139 I   0.84126 0.08881 0.06283 0.00710 ( 1)
 140 G   0.89526 0.05130 0.05018 0.00326 ( 1)
 141 F   0.81500 0.10912 0.06652 0.00936 ( 1)
 142 F   0.83790 0.09199 0.06275 0.00737 ( 1)
 143 K   0.84626 0.08595 0.06110 0.00668 ( 1)
 144 S   0.83798 0.09203 0.06263 0.00736 ( 1)
 145 E   0.82262 0.10336 0.06534 0.00868 ( 1)
 146 D   0.81459 0.10948 0.06653 0.00940 ( 1)
 147 S   0.85441 0.08013 0.05941 0.00604 ( 1)
 148 E   0.81320 0.11275 0.06459 0.00946 ( 1)
 149 Y   0.28029 0.64801 0.02059 0.05110 ( 2)
 150 Y   0.83353 0.09714 0.06163 0.00770 ( 1)
 151 K   0.84276 0.09048 0.05982 0.00694 ( 1)
 152 A   0.85686 0.08027 0.05702 0.00585 ( 1)
 153 F   0.81202 0.11287 0.06551 0.00960 ( 1)
 154 E   0.82901 0.10042 0.06248 0.00808 ( 1)
 155 E   0.81924 0.10758 0.06424 0.00894 ( 1)
 156 A   0.85335 0.08281 0.05773 0.00611 ( 1)
 157 A   0.85686 0.08027 0.05702 0.00585 ( 1)
 158 E   0.82901 0.10042 0.06248 0.00808 ( 1)
 159 H   0.88796 0.05862 0.04971 0.00372 ( 1)
 160 F   0.83450 0.09635 0.06153 0.00762 ( 1)
 161 Q   0.82763 0.10176 0.06243 0.00819 ( 1)
 162 P   0.90784 0.04491 0.04468 0.00257 ( 1)
 163 Y   0.83353 0.09714 0.06163 0.00770 ( 1)
 164 I   0.31438 0.61404 0.02312 0.04847 ( 2)
 165 K   0.84455 0.08917 0.05948 0.00680 ( 1)
 166 F   0.81202 0.11287 0.06551 0.00960 ( 1)
 167 F   0.81202 0.11287 0.06551 0.00960 ( 1)
 168 A   0.85686 0.08027 0.05702 0.00585 ( 1)
 169 T   0.89649 0.05285 0.04745 0.00321 ( 1)
 170 F   0.83437 0.09648 0.06152 0.00763 ( 1)
 171 D   0.81163 0.11321 0.06553 0.00963 ( 1)
 172 K   0.84455 0.08917 0.05948 0.00680 ( 1)
 173 G   0.89499 0.05397 0.04774 0.00329 ( 1)
 174 V   0.86783 0.07429 0.05284 0.00504 ( 1)
 175 A   0.84494 0.09035 0.05797 0.00675 ( 1)
 176 K   0.83452 0.09792 0.05998 0.00759 ( 1)
 177 K   0.83623 0.09668 0.05964 0.00745 ( 1)
 178 L   0.78628 0.13350 0.06821 0.01201 ( 1)
 179 S   0.90143 0.05148 0.04416 0.00294 ( 1)
 180 L   0.78628 0.13350 0.06821 0.01201 ( 1)
 181 K   0.83452 0.09792 0.05998 0.00759 ( 1)
 182 M   0.89571 0.05524 0.04579 0.00326 ( 1)
 183 N   0.91255 0.04429 0.04081 0.00235 ( 1)
 184 E   0.81220 0.11397 0.06429 0.00954 ( 1)
 185 V   0.86782 0.07430 0.05283 0.00504 ( 1)
 186 D   0.80505 0.11919 0.06555 0.01021 ( 1)
 187 F   0.82663 0.10347 0.06164 0.00826 ( 1)
 188 Y   0.83048 0.10084 0.06075 0.00792 ( 1)
 189 E   0.81220 0.11397 0.06429 0.00954 ( 1)
 190 P   0.82864 0.10183 0.06143 0.00810 ( 1)
 191 F   0.80542 0.11888 0.06553 0.01017 ( 1)
 192 M   0.89571 0.05524 0.04579 0.00326 ( 1)
 193 D   0.80498 0.11927 0.06554 0.01021 ( 1)
 194 E   0.81220 0.11397 0.06429 0.00954 ( 1)
 195 P   0.84539 0.08995 0.05795 0.00672 ( 1)
 196 I   0.83715 0.09594 0.05954 0.00737 ( 1)
 197 A   0.87680 0.06815 0.05062 0.00443 ( 1)
 198 I   0.82800 0.10227 0.06158 0.00815 ( 1)
 199 P   0.87285 0.06990 0.05255 0.00470 ( 1)
 200 D   0.80414 0.11933 0.06623 0.01031 ( 1)
 201 K   0.31245 0.61665 0.02270 0.04820 ( 2)
 202 P   0.84403 0.09015 0.05899 0.00684 ( 1)
 203 Y   0.82456 0.10438 0.06260 0.00845 ( 1)
 204 T   0.83936 0.09360 0.05983 0.00721 ( 1)
 205 E   0.82032 0.10746 0.06339 0.00883 ( 1)
 206 E   0.27069 0.65237 0.02172 0.05522 ( 2)
 207 E   0.81120 0.11412 0.06503 0.00965 ( 1)
 208 L   0.88064 0.06459 0.05059 0.00418 ( 1)
 209 V   0.81505 0.11133 0.06432 0.00930 ( 1)
 210 E   0.27053 0.65211 0.02186 0.05550 ( 2)
 211 F   0.80433 0.11935 0.06603 0.01029 ( 1)
 212 V   0.81372 0.11265 0.06422 0.00941 ( 1)
 213 K   0.83176 0.09961 0.06081 0.00782 ( 1)
 214 E   0.80991 0.11540 0.06493 0.00976 ( 1)
 215 H   0.90814 0.04690 0.04238 0.00257 ( 1)
 216 Q   0.82311 0.10642 0.06193 0.00854 ( 1)
 217 P   0.80083 0.10837 0.07990 0.01090 ( 1)
 218 T   0.83208 0.08193 0.07814 0.00785 ( 1)
 219 L   0.79779 0.11245 0.07857 0.01119 ( 1)
 220 R   0.41006 0.50462 0.03775 0.04758 ( 2)
 221 R   0.80606 0.10490 0.07867 0.01037 ( 1)
 222 L   0.76816 0.13999 0.07762 0.01422 ( 1)
 223 R   0.80641 0.10455 0.07871 0.01033 ( 1)
 224 P   0.79797 0.11232 0.07854 0.01117 ( 1)
 225 E   0.79276 0.11712 0.07842 0.01170 ( 1)
 226 D   0.77463 0.13395 0.07787 0.01355 ( 1)
 227 M   0.84587 0.06886 0.07872 0.00655 ( 1)
 228 F   0.78180 0.12728 0.07810 0.01281 ( 1)
 229 E   0.79234 0.11746 0.07847 0.01174 ( 1)
 230 T   0.80620 0.10475 0.07870 0.01035 ( 1)
 231 W   0.77015 0.13812 0.07771 0.01402 ( 1)
 232 E   0.83342 0.09604 0.06281 0.00773 ( 1)
 233 D   0.80439 0.11780 0.06748 0.01033 ( 1)
 234 D   0.80439 0.11780 0.06748 0.01033 ( 1)
 235 L   0.79449 0.12574 0.06852 0.01125 ( 1)
 236 N   0.89683 0.05109 0.04891 0.00317 ( 1)
 237 G   0.89997 0.04903 0.04801 0.00299 ( 1)
 238 I   0.83960 0.09144 0.06174 0.00722 ( 1)
 239 H   0.92560 0.03230 0.04042 0.00168 ( 1)
 240 I   0.85029 0.08364 0.05970 0.00636 ( 1)
 241 V   0.82762 0.10034 0.06381 0.00822 ( 1)
 242 A   0.89123 0.05482 0.05044 0.00351 ( 1)
 243 F   0.81751 0.10830 0.06508 0.00911 ( 1)
 244 A   0.89211 0.05388 0.05056 0.00345 ( 1)
 245 E   0.82341 0.10342 0.06457 0.00859 ( 1)
 246 R   0.92575 0.03224 0.04033 0.00167 ( 1)
 247 S   0.83912 0.09187 0.06175 0.00725 ( 1)
 248 D   0.80439 0.11780 0.06748 0.01033 ( 1)
 249 P   0.84123 0.09004 0.06165 0.00709 ( 1)
 250 D   0.80335 0.11817 0.06805 0.01044 ( 1)
 251 G   0.89534 0.05122 0.05019 0.00325 ( 1)
 252 Y   0.84033 0.09077 0.06174 0.00716 ( 1)
 253 E   0.82244 0.10354 0.06532 0.00869 ( 1)
 254 F   0.83797 0.09192 0.06275 0.00736 ( 1)
 255 L   0.77596 0.13935 0.07153 0.01316 ( 1)
 256 E   0.82244 0.10354 0.06532 0.00869 ( 1)
 257 I   0.83853 0.09153 0.06263 0.00732 ( 1)
 258 L   0.77599 0.13932 0.07153 0.01316 ( 1)
 259 K   0.84634 0.08588 0.06111 0.00668 ( 1)
 260 Q   0.83101 0.09748 0.06358 0.00793 ( 1)
 261 V   0.88075 0.06110 0.05398 0.00417 ( 1)
 262 A   0.86122 0.07477 0.05847 0.00554 ( 1)
 263 R   0.93175 0.02786 0.03900 0.00140 ( 1)
 264 D   0.81466 0.10942 0.06653 0.00939 ( 1)
 265 N   0.89529 0.05121 0.05024 0.00325 ( 1)
 266 T   0.91995 0.03557 0.04255 0.00194 ( 1)
 267 D   0.81466 0.10942 0.06653 0.00939 ( 1)
 268 N   0.89529 0.05121 0.05024 0.00325 ( 1)
 269 P   0.88741 0.05645 0.05241 0.00374 ( 1)
 270 D   0.28394 0.63810 0.02319 0.05477 ( 2)
 271 L   0.79005 0.12782 0.07038 0.01175 ( 1)
 272 S   0.56531 0.38593 0.02713 0.02164 ( 1)
 273 I   0.83971 0.09035 0.06272 0.00722 ( 1)
 274 V   0.08218 0.86962 0.00353 0.04466 ( 2)
 275 W   0.79654 0.12347 0.06891 0.01109 ( 1)
 276 I   0.83853 0.09153 0.06263 0.00732 ( 1)
 277 D   0.81466 0.10942 0.06653 0.00939 ( 1)
 278 P   0.84013 0.09013 0.06256 0.00719 ( 1)
 279 D   0.80530 0.11646 0.06798 0.01026 ( 1)
 280 D   0.81466 0.10942 0.06653 0.00939 ( 1)
 281 F   0.81506 0.10906 0.06652 0.00936 ( 1)
 282 P   0.88741 0.05645 0.05241 0.00374 ( 1)
 283 L   0.77596 0.13935 0.07153 0.01316 ( 1)
 284 L   0.89639 0.05139 0.04901 0.00320 ( 1)
 285 V   0.88185 0.06132 0.05273 0.00410 ( 1)
 286 A   0.88845 0.05757 0.05029 0.00369 ( 1)
 287 Y   0.84282 0.08930 0.06092 0.00695 ( 1)
 288 W   0.79698 0.12364 0.06836 0.01103 ( 1)
 289 E   0.83312 0.09634 0.06279 0.00775 ( 1)
 290 K   0.84716 0.08610 0.06013 0.00660 ( 1)
 291 T   0.90152 0.04785 0.04772 0.00290 ( 1)
 292 F   0.83873 0.09214 0.06184 0.00729 ( 1)
 293 K   0.84716 0.08610 0.06013 0.00660 ( 1)
 294 I   0.84997 0.08396 0.05968 0.00639 ( 1)
 295 D   0.81524 0.10962 0.06582 0.00932 ( 1)
 296 L   0.84054 0.09106 0.06127 0.00713 ( 1)
 297 F   0.83873 0.09214 0.06184 0.00729 ( 1)
 298 K   0.84716 0.08610 0.06013 0.00660 ( 1)
 299 P   0.84233 0.08922 0.06145 0.00700 ( 1)
 300 Q   0.83169 0.09771 0.06274 0.00786 ( 1)
 301 I   0.84997 0.08396 0.05968 0.00639 ( 1)
 302 G   0.89434 0.05295 0.04939 0.00332 ( 1)
 303 V   0.82733 0.10063 0.06379 0.00825 ( 1)
 304 V   0.82733 0.10063 0.06379 0.00825 ( 1)
 305 N   0.92546 0.03261 0.04024 0.00169 ( 1)
 306 V   0.88182 0.06135 0.05273 0.00410 ( 1)
 307 T   0.85370 0.08125 0.05895 0.00610 ( 1)
 308 D   0.80354 0.11865 0.06741 0.01040 ( 1)
 309 A   0.85941 0.07773 0.05719 0.00567 ( 1)
 310 D   0.81361 0.11124 0.06569 0.00946 ( 1)
 311 S   0.83691 0.09407 0.06159 0.00743 ( 1)
 312 V   0.87808 0.06460 0.05297 0.00435 ( 1)
 313 W   0.79563 0.12498 0.06824 0.01115 ( 1)
 314 M   0.90751 0.04460 0.04530 0.00258 ( 1)
 315 E   0.82137 0.10545 0.06441 0.00876 ( 1)
 316 I   0.84797 0.08595 0.05954 0.00654 ( 1)
 317 P   0.84038 0.09087 0.06158 0.00716 ( 1)
 318 D   0.08702 0.22095 0.59887 0.09316 ( 3)
 319 G   0.93172 0.02946 0.03739 0.00143 ( 1)
 320 D   0.80269 0.11950 0.06734 0.01048 ( 1)
 321 D   0.21531 0.70716 0.01738 0.06014 ( 2)
 322 L   0.77552 0.14021 0.07109 0.01318 ( 1)
 323 P   0.85689 0.07934 0.05791 0.00586 ( 1)
 324 T   0.85168 0.08326 0.05881 0.00625 ( 1)
 325 A   0.85961 0.07753 0.05721 0.00565 ( 1)
 326 E   0.82136 0.10547 0.06441 0.00876 ( 1)
 327 E   0.82136 0.10547 0.06441 0.00876 ( 1)
 328 L   0.77528 0.14045 0.07107 0.01321 ( 1)
 329 E   0.83127 0.09817 0.06265 0.00790 ( 1)
 330 D   0.81361 0.11124 0.06569 0.00946 ( 1)
 331 W   0.79563 0.12498 0.06824 0.01115 ( 1)
 332 I   0.11398 0.19514 0.62251 0.06837 ( 3)
 333 E   0.82136 0.10547 0.06441 0.00876 ( 1)
 334 D   0.80339 0.11921 0.06700 0.01040 ( 1)
 335 V   0.82555 0.10240 0.06365 0.00839 ( 1)
 336 L   0.89431 0.05346 0.04890 0.00333 ( 1)
 337 S   0.90198 0.04842 0.04671 0.00289 ( 1)
 338 G   0.89758 0.05141 0.04788 0.00314 ( 1)
 339 K   0.84519 0.08807 0.05999 0.00676 ( 1)
 340 I   0.93844 0.02518 0.03521 0.00116 ( 1)
 341 N   0.15302 0.15403 0.64890 0.04405 ( 3)
 342 T   0.89906 0.05029 0.04759 0.00305 ( 1)
 343 E   0.82220 0.10463 0.06448 0.00869 ( 1)
 344 D   0.26333 0.65699 0.02209 0.05759 ( 2)
 345 D   0.26572 0.65419 0.02244 0.05765 ( 2)
 346 D   0.81263 0.11169 0.06612 0.00956 ( 1)
 347 N   0.00021 0.94609 0.00001 0.05368 ( 2)
 348 E   0.30649 0.61989 0.02333 0.05029 ( 2)
 349 D   0.26361 0.65630 0.02226 0.05783 ( 2)
 350 E   0.83033 0.09848 0.06320 0.00799 ( 1)
 351 E   0.00116 0.72738 0.00666 0.26479 ( 2)
 352 D   0.25830 0.66159 0.02181 0.05830 ( 2)
 353 E   0.83026 0.09855 0.06319 0.00800 ( 1)
 354 E   0.28894 0.63507 0.02286 0.05314 ( 2)
 355 D   0.02146 0.89707 0.00182 0.07964 ( 2)
 356 D   0.81361 0.11124 0.06569 0.00946 ( 1)
 357 D   0.10230 0.23105 0.58256 0.08408 ( 3)
 358 D   0.81354 0.11131 0.06569 0.00947 ( 1)
 359 D   0.08730 0.22802 0.59204 0.09265 ( 3)
 360 D   0.26262 0.65679 0.02228 0.05831 ( 2)
 361 D   0.81361 0.11124 0.06569 0.00946 ( 1)
 362 N   0.00001 0.90910 0.00000 0.09089 ( 2)
 363 D   0.79907 0.11333 0.07657 0.01103 ( 1)
 364 N   0.88912 0.03731 0.07045 0.00312 ( 1)
 365 S   0.87149 0.05124 0.07280 0.00447 ( 1)
 366 D   0.79876 0.11364 0.07654 0.01106 ( 1)
 367 E   0.80997 0.10109 0.07896 0.00998 ( 1)
 368 E   0.01561 0.59593 0.11798 0.27049 ( 2)
 369 D   0.00175 0.91671 0.00015 0.08140 ( 2)
 370 D   0.10154 0.24672 0.56403 0.08770 ( 3)
 371 D   0.81361 0.11124 0.06569 0.00946 ( 1)
 372 S   0.00004 0.36057 0.01866 0.62072 ( 4)
 373 D   0.01455 0.61849 0.10192 0.26504 ( 2)
 374 D   0.10178 0.22990 0.58413 0.08419 ( 3)
 375 D   0.25598 0.66299 0.02186 0.05917 ( 2)
 376 E   0.00128 0.91842 0.00011 0.08020 ( 2)
 377 D   0.81026 0.11405 0.06593 0.00976 ( 1)


lnL = -3073.587206

Bayes Empirical Bayes (BEB) probabilities for 4 classes (class)
(amino acids refer to 1st sequence: Bacu)

   1 M   0.86947 0.04510 0.08056 0.00486 ( 1)
   2 K   0.29160 0.60139 0.03285 0.07416 ( 2)
   3 R   0.51603 0.40014 0.04324 0.04058 ( 1)
   4 T   0.86723 0.04669 0.08102 0.00506 ( 1)
   5 H   0.51991 0.39552 0.04411 0.04046 ( 1)
   6 L   0.74054 0.14003 0.10000 0.01943 ( 1)
   7 F   0.77822 0.11076 0.09651 0.01450 ( 1)
   8 V   0.26031 0.62836 0.03093 0.08040 ( 2)
   9 M   0.27417 0.61458 0.03260 0.07865 ( 2)
  10 A   0.00355 0.89764 0.00032 0.09849 ( 2)
  11 V   0.84048 0.06507 0.08691 0.00754 ( 1)
  12 Y   0.79927 0.09509 0.09367 0.01197 ( 1)
  13 L   0.74054 0.14003 0.10000 0.01943 ( 1)
  14 L   0.74054 0.14003 0.10000 0.01943 ( 1)
  15 S   0.87496 0.04151 0.07912 0.00441 ( 1)
  16 T   0.47756 0.43408 0.04255 0.04581 ( 1)
  17 C   0.89297 0.03014 0.07387 0.00303 ( 1)
  18 R   0.39062 0.52326 0.03290 0.05322 ( 2)
  19 A   0.82123 0.07824 0.09104 0.00949 ( 1)
  20 E   0.09101 0.22607 0.60067 0.08225 ( 3)
  21 E   0.78723 0.10355 0.09584 0.01339 ( 1)
  22 G   0.86215 0.04943 0.08297 0.00546 ( 1)
  23 L   0.74444 0.13614 0.10053 0.01889 ( 1)
  24 N   0.42569 0.48120 0.04030 0.05280 ( 2)
  25 F   0.80249 0.09203 0.09390 0.01158 ( 1)
  26 P   0.82198 0.07755 0.09107 0.00941 ( 1)
  27 T   0.86969 0.04426 0.08125 0.00480 ( 1)
  28 Y   0.80652 0.08918 0.09318 0.01112 ( 1)
  29 D   0.77959 0.10936 0.09673 0.01432 ( 1)
  30 G   0.85909 0.05150 0.08368 0.00573 ( 1)
  31 K   0.33485 0.55845 0.03778 0.06892 ( 2)
  32 D   0.78046 0.10923 0.09608 0.01423 ( 1)
  33 R   0.81993 0.07959 0.09083 0.00965 ( 1)
  34 V   0.79314 0.09954 0.09463 0.01269 ( 1)
  35 V   0.84449 0.06234 0.08602 0.00715 ( 1)
  36 S   0.80368 0.09191 0.09294 0.01147 ( 1)
  37 L   0.80535 0.09080 0.09257 0.01128 ( 1)
  38 T   0.87097 0.04428 0.08001 0.00475 ( 1)
  39 E   0.78818 0.10341 0.09513 0.01329 ( 1)
  40 K   0.81189 0.08586 0.09170 0.01054 ( 1)
  41 N   0.86068 0.05122 0.08246 0.00564 ( 1)
  42 F   0.80359 0.09187 0.09306 0.01148 ( 1)
  43 K   0.81189 0.08586 0.09170 0.01054 ( 1)
  44 Q   0.79665 0.09742 0.09365 0.01228 ( 1)
  45 V   0.84612 0.06117 0.08572 0.00699 ( 1)
  46 L   0.21655 0.66659 0.02755 0.08931 ( 2)
  47 K   0.81189 0.08586 0.09170 0.01054 ( 1)
  48 K   0.81369 0.08453 0.09143 0.01035 ( 1)
  49 Y   0.09909 0.21657 0.60994 0.07440 ( 3)
  50 D   0.78046 0.10923 0.09608 0.01423 ( 1)
  51 L   0.75853 0.12651 0.09795 0.01701 ( 1)
  52 L   0.85886 0.05260 0.08273 0.00582 ( 1)
  53 C   0.89990 0.02618 0.07137 0.00256 ( 1)
  54 L   0.85895 0.05251 0.08273 0.00581 ( 1)
  55 Y   0.27997 0.61175 0.03204 0.07625 ( 2)
  56 Y   0.10054 0.22057 0.60453 0.07436 ( 3)
  57 H   0.85604 0.05459 0.08330 0.00607 ( 1)
  58 E   0.78752 0.10406 0.09505 0.01337 ( 1)
  59 P   0.82290 0.07772 0.09003 0.00935 ( 1)
  60 V   0.25693 0.63244 0.03024 0.08039 ( 2)
  61 S   0.86757 0.04677 0.08060 0.00505 ( 1)
  62 S   0.83187 0.06827 0.09162 0.00824 ( 1)
  63 D   0.76902 0.11814 0.09718 0.01566 ( 1)
  64 K   0.81293 0.08528 0.09135 0.01044 ( 1)
  65 A   0.00317 0.89547 0.00030 0.10106 ( 2)
  66 A   0.00032 0.75667 0.00082 0.24219 ( 2)
  67 Q   0.79596 0.09810 0.09357 0.01237 ( 1)
  68 K   0.81293 0.08528 0.09135 0.01044 ( 1)
  69 Q   0.02825 0.12297 0.75090 0.09789 ( 3)
  70 F   0.10453 0.22499 0.59765 0.07284 ( 3)
  71 Q   0.80195 0.09389 0.09249 0.01167 ( 1)
  72 M   0.01989 0.86398 0.00241 0.11372 ( 2)
  73 K   0.81293 0.08528 0.09135 0.01044 ( 1)
  74 E   0.79698 0.09711 0.09366 0.01225 ( 1)
  75 I   0.28320 0.60879 0.03229 0.07572 ( 2)
  76 V   0.17693 0.71195 0.02076 0.09036 ( 2)
  77 L   0.74160 0.13937 0.09974 0.01929 ( 1)
  78 E   0.78717 0.10441 0.09500 0.01342 ( 1)
  79 F   0.76630 0.11156 0.10638 0.01577 ( 1)
  80 D   0.22565 0.65185 0.03077 0.09172 ( 2)
  81 E   0.78028 0.09915 0.10670 0.01386 ( 1)
  82 E   0.78028 0.09915 0.10670 0.01386 ( 1)
  83 G   0.82962 0.05671 0.10611 0.00756 ( 1)
  84 S   0.78484 0.09514 0.10677 0.01325 ( 1)
  85 L   0.19272 0.68144 0.02730 0.09854 ( 2)
  86 Y   0.78820 0.09218 0.10681 0.01281 ( 1)
  87 V   0.35266 0.53031 0.04544 0.07160 ( 2)
  88 L   0.82989 0.05675 0.10581 0.00755 ( 1)
  89 K   0.79154 0.08926 0.10684 0.01237 ( 1)
  90 G   0.86195 0.03098 0.10312 0.00394 ( 1)
  91 D   0.75693 0.11993 0.10607 0.01707 ( 1)
  92 R   0.79719 0.08433 0.10686 0.01163 ( 1)
  93 T   0.29413 0.58592 0.03908 0.08087 ( 2)
  94 I   0.79390 0.08719 0.10685 0.01205 ( 1)
  95 E   0.77223 0.10628 0.10653 0.01495 ( 1)
  96 F   0.76723 0.11062 0.10651 0.01564 ( 1)
  97 D   0.75693 0.11993 0.10607 0.01707 ( 1)
  98 G   0.83144 0.05520 0.10602 0.00734 ( 1)
  99 E   0.77227 0.10625 0.10654 0.01495 ( 1)
 100 F   0.76630 0.11156 0.10638 0.01577 ( 1)
 101 A   0.80321 0.08058 0.10527 0.01093 ( 1)
 102 A   0.80319 0.07913 0.10683 0.01085 ( 1)
 103 D   0.75704 0.11983 0.10608 0.01705 ( 1)
 104 V   0.81831 0.06619 0.10656 0.00894 ( 1)
 105 L   0.74862 0.12742 0.10573 0.01823 ( 1)
 106 V   0.77561 0.10328 0.10661 0.01449 ( 1)
 107 E   0.77223 0.10628 0.10653 0.01495 ( 1)
 108 F   0.76646 0.11139 0.10640 0.01574 ( 1)
 109 L   0.83091 0.05563 0.10605 0.00741 ( 1)
 110 L   0.74862 0.12742 0.10573 0.01823 ( 1)
 111 D   0.76487 0.11295 0.10622 0.01597 ( 1)
 112 L   0.40855 0.49675 0.03944 0.05526 ( 2)
 113 I   0.30488 0.58870 0.03412 0.07230 ( 2)
 114 E   0.79541 0.09778 0.09439 0.01242 ( 1)
 115 D   0.77819 0.11076 0.09655 0.01450 ( 1)
