Supplemental results for CODEML (seqf: /home/leticiamagpali/phd/evol_models/codeml/big_dataset/cml_align/OTOF_codon_aligned.phy  treef: /home/leticiamagpali/phd/evol_models/codeml/big_dataset/cml_trees/gene_trees/H3_gene_trees/OTOF_tree_H3.tre)

I	J	ij	2Ns_IJ	pMut_IJ	pSub_IJ	2Ns_JI	pMut_JI	pSub_JI

TTC	TTT	CT	-0.49826	0.07508	0.05792	0.49826	0.04562	0.05792
TTA	TTT	AT	6.57944	0.00001	0.00008	-6.57944	0.00848	0.00008
TTA	TTC	AC	7.07771	0.00002	0.00017	-7.07771	0.02860	0.00017
TTG	TTT	GT	1.33662	0.00248	0.00450	-1.33662	0.00944	0.00450
TTG	TTC	GC	1.83488	0.00508	0.01109	-1.83488	0.03182	0.01109
TTG	TTA	GA	-5.24282	0.01743	0.00049	5.24282	0.00009	0.00049
TCT	TTT	CT	1.56757	0.00951	0.01884	-1.56757	0.04562	0.01884
TCC	TTC	CT	0.82768	0.06723	0.09884	-0.82768	0.15382	0.09884
TCC	TCT	CT	-1.23815	0.06723	0.03399	1.23815	0.01949	0.03399
TCA	TTA	CT	-4.90497	0.01399	0.00051	4.90497	0.00010	0.00051
TCA	TCT	AT	0.10690	0.00326	0.00343	-0.10690	0.00362	0.00343
TCA	TCC	AC	1.34505	0.00667	0.01214	-1.34505	0.02561	0.01214
TCG	TTG	CT	0.84098	0.00941	0.01392	-0.84098	0.02182	0.01392
TCG	TCT	GT	0.61003	0.00219	0.00293	-0.61003	0.00403	0.00293
TCG	TCC	GC	1.84818	0.00449	0.00985	-1.84818	0.02850	0.00985
TCG	TCA	GA	0.50313	0.01541	0.01960	-0.50313	0.02548	0.01960
TAT	TTT	AT	1.08638	0.00286	0.00469	-1.08638	0.00848	0.00469
TAT	TCT	AC	-0.48119	0.00586	0.00457	0.48119	0.00362	0.00457
TAC	TTC	AT	0.59292	0.01581	0.02096	-0.59292	0.02860	0.02096
TAC	TCC	AC	-0.23476	0.03239	0.02874	0.23476	0.02561	0.02874
TAC	TAT	CT	-0.99172	0.06792	0.03972	0.99172	0.02519	0.03972
TGT	TTT	GT	1.99941	0.00128	0.00296	-1.99941	0.00944	0.00296
TGT	TCT	GC	0.43184	0.00262	0.00322	-0.43184	0.00403	0.00322
TGT	TAT	GA	0.91303	0.00899	0.01370	-0.91303	0.02239	0.01370
TGC	TTC	GT	1.69038	0.00587	0.01217	-1.69038	0.03182	0.01217
TGC	TCC	GC	0.86270	0.01203	0.01795	-0.86270	0.02850	0.01795
TGC	TAC	GA	1.09745	0.04127	0.06798	-1.09745	0.12367	0.06798
TGC	TGT	CT	-0.80730	0.02522	0.01639	0.80730	0.01125	0.01639
TGG	TTG	GT	-0.67983	0.00891	0.00622	0.67983	0.00452	0.00622
TGG	TCG	GC	-1.52081	0.01826	0.00776	1.52081	0.00399	0.00776
TGG	TGT	GT	-1.34262	0.00891	0.00423	1.34262	0.00233	0.00423
TGG	TGC	GC	-0.53533	0.01826	0.01380	0.53533	0.01069	0.01380
CTT	TTT	CT	2.16447	0.00524	0.01281	-2.16447	0.04562	0.01281
CTC	TTC	CT	0.99522	0.05686	0.08977	-0.99522	0.15382	0.08977
CTC	CTT	CT	-1.66751	0.05686	0.02205	1.66751	0.01073	0.02205
CTA	TTA	CT	-3.90280	0.00514	0.00041	3.90280	0.00010	0.00041
CTA	CTT	AT	0.51218	0.00120	0.00153	-0.51218	0.00200	0.00153
CTA	CTC	AC	2.17969	0.00245	0.00602	-2.17969	0.02166	0.00602
CTG	TTG	CT	-1.93461	0.15105	0.04935	1.93461	0.02182	0.04935
CTG	CTT	GT	-2.76245	0.03516	0.00655	2.76245	0.00222	0.00655
CTG	CTC	GC	-1.09494	0.07204	0.03966	1.09494	0.02410	0.03966
CTG	CTA	GA	-3.27463	0.24723	0.03183	3.27463	0.00935	0.03183
CCT	TCT	CT	-0.30396	0.02641	0.02260	0.30396	0.01949	0.02260
CCT	CTT	CT	-0.90086	0.02641	0.01628	0.90086	0.01073	0.01628
CCC	TCC	CT	0.51611	0.08220	0.10523	-0.51611	0.13773	0.10523
CCC	CTC	CT	0.34858	0.08220	0.09736	-0.34858	0.11649	0.09736
CCC	CCT	CT	-0.41808	0.08220	0.06621	0.41808	0.05412	0.06621
CCA	TCA	CT	0.42462	0.01875	0.02301	-0.42462	0.02867	0.02301
CCA	CTA	CT	-0.57756	0.01875	0.01385	0.57756	0.01052	0.01385
CCA	CCT	AT	0.83548	0.00436	0.00644	-0.83548	0.01006	0.00644
CCA	CCC	AC	1.25356	0.00894	0.01569	-1.25356	0.03132	0.01569
CCG	TCG	CT	-0.00893	0.01946	0.01937	0.00893	0.01928	0.01937
CCG	CTG	CT	2.76665	0.01946	0.05744	-2.76665	0.30947	0.05744
CCG	CCT	GT	0.90505	0.00453	0.00688	-0.90505	0.01120	0.00688
CCG	CCC	GC	1.32313	0.00928	0.01673	-1.32313	0.03485	0.01673
CCG	CCA	GA	0.06957	0.03185	0.03297	-0.06957	0.03414	0.03297
CAT	TAT	CT	2.09945	0.00309	0.00739	-2.09945	0.02519	0.00739
CAT	CTT	AT	1.02137	0.00072	0.00115	-1.02137	0.00200	0.00115
CAT	CCT	AC	1.92222	0.00147	0.00331	-1.92222	0.01006	0.00331
CAC	TAC	CT	1.49918	0.03107	0.05998	-1.49918	0.13914	0.05998
CAC	CTC	AT	1.09689	0.00723	0.01191	-1.09689	0.02166	0.01191
CAC	CCC	AC	0.74831	0.01482	0.02105	-0.74831	0.03132	0.02105
CAC	CAT	CT	-1.59199	0.03107	0.01264	1.59199	0.00632	0.01264
CAA	CTA	AT	0.22992	0.00155	0.00174	-0.22992	0.00196	0.00174
CAA	CCA	AC	0.80748	0.00319	0.00464	-0.80748	0.00714	0.00464
CAA	CAT	AT	-0.27926	0.00155	0.00135	0.27926	0.00118	0.00135
CAA	CAC	AC	1.31273	0.00319	0.00572	-1.31273	0.01184	0.00572
CAG	CTG	AT	1.34843	0.01494	0.02722	-1.34843	0.05755	0.02722
CAG	CCG	AC	-1.41822	0.03061	0.01387	1.41822	0.00741	0.01387
CAG	CAT	GT	-2.43539	0.01494	0.00349	2.43539	0.00131	0.00349
CAG	CAC	GC	-0.84340	0.03061	0.01950	0.84340	0.01317	0.01950
CAG	CAA	GA	-2.15613	0.10506	0.02966	2.15613	0.01216	0.02966
CGT	TGT	CT	1.02199	0.00405	0.00646	-1.02199	0.01125	0.00646
CGT	CTT	GT	0.85693	0.00094	0.00140	-0.85693	0.00222	0.00140
CGT	CCT	GC	1.75779	0.00193	0.00410	-1.75779	0.01120	0.00410
CGT	CAT	GA	-0.16443	0.00663	0.00610	0.16443	0.00562	0.00610
CGC	TGC	CT	0.25141	0.04018	0.04544	-0.25141	0.05166	0.04544
CGC	CTC	GT	0.94657	0.00935	0.01447	-0.94657	0.02410	0.01447
CGC	CCC	GC	0.59799	0.01916	0.02546	-0.59799	0.03485	0.02546
CGC	CAC	GA	-0.15032	0.06576	0.06094	0.15032	0.05658	0.06094
CGC	CGT	CT	-1.57787	0.04018	0.01649	1.57787	0.00829	0.01649
CGA	CTA	GT	0.09548	0.00198	0.00207	-0.09548	0.00218	0.00207
CGA	CCA	GC	0.67304	0.00405	0.00557	-0.67304	0.00795	0.00557
CGA	CAA	GA	-0.13444	0.01391	0.01300	0.13444	0.01216	0.01300
CGA	CGT	AT	-0.24927	0.00198	0.00174	0.24927	0.00154	0.00174
CGA	CGC	AC	1.32860	0.00405	0.00733	-1.32860	0.01531	0.00733
CGG	TGG	CT	0.31378	0.05731	0.06677	-0.31378	0.07843	0.06677
CGG	CTG	GT	1.56856	0.01334	0.02643	-1.56856	0.06403	0.02643
CGG	CCG	GC	-1.19809	0.02733	0.01415	1.19809	0.00825	0.01415
CGG	CAG	GA	0.22013	0.09380	0.10450	-0.22013	0.11689	0.10450
CGG	CGT	GT	-2.05083	0.01334	0.00404	2.05083	0.00172	0.00404
CGG	CGC	GC	-0.47295	0.02733	0.02138	0.47295	0.01703	0.02138
CGG	CGA	GA	-1.80156	0.09380	0.03340	1.80156	0.01548	0.03340
ATT	TTT	AT	0.35059	0.00597	0.00708	-0.35059	0.00848	0.00708
ATT	CTT	AC	-1.81387	0.01224	0.00432	1.81387	0.00200	0.00432
ATC	TTC	AT	0.32655	0.02063	0.02419	-0.32655	0.02860	0.02419
ATC	CTC	AC	-0.66867	0.04228	0.02970	0.66867	0.02166	0.02970
ATC	ATT	CT	-0.52231	0.08865	0.06750	0.52231	0.05258	0.06750
ATA	TTA	AT	-4.07202	0.00113	0.00008	4.07202	0.00002	0.00008
ATA	CTA	AC	-0.16922	0.00232	0.00213	0.16922	0.00196	0.00213
ATA	ATT	AT	2.15683	0.00113	0.00276	-2.15683	0.00978	0.00276
ATA	ATC	AC	2.67914	0.00232	0.00667	-2.67914	0.03377	0.00667
ATG	TTG	AT	-1.35074	0.01567	0.00740	1.35074	0.00406	0.00740
ATG	CTG	AC	0.58386	0.03210	0.04237	-0.58386	0.05755	0.04237
ATG	ATT	GT	-0.36472	0.01567	0.01298	0.36472	0.01088	0.01298
ATG	ATC	GC	0.15759	0.03210	0.03469	-0.15759	0.03758	0.03469
ATG	ATA	GA	-2.52155	0.11015	0.02426	2.52155	0.00885	0.02426
ACT	TCT	AT	0.07144	0.00337	0.00350	-0.07144	0.00362	0.00350
ACT	CCT	AC	0.37540	0.00691	0.00829	-0.37540	0.01006	0.00829
ACT	ATT	CT	1.28842	0.01450	0.02579	-1.28842	0.05258	0.02579
ACC	TCC	AT	0.86071	0.01083	0.01615	-0.86071	0.02561	0.01615
ACC	CCC	AC	0.34460	0.02219	0.02623	-0.34460	0.03132	0.02623
ACC	ATC	CT	1.36185	0.04653	0.08519	-1.36185	0.18161	0.08519
ACC	ACT	CT	-0.44888	0.04653	0.03686	0.44888	0.02970	0.03686
ACA	TCA	AT	0.71002	0.00262	0.00366	-0.71002	0.00533	0.00366
ACA	CCA	AC	0.28540	0.00537	0.00617	-0.28540	0.00714	0.00617
ACA	ATA	CT	-0.12294	0.01126	0.01058	0.12294	0.00996	0.01058
ACA	ACT	AT	0.74548	0.00262	0.00372	-0.74548	0.00552	0.00372
ACA	ACC	AC	1.19436	0.00537	0.00920	-1.19436	0.01773	0.00920
ACG	TCG	AT	-0.75309	0.00762	0.00510	0.75309	0.00359	0.00510
ACG	CCG	AC	-0.74415	0.01560	0.01051	0.74415	0.00741	0.01051
ACG	ATG	CT	1.43863	0.03271	0.06170	-1.43863	0.13789	0.06170
ACG	ACT	GT	-0.21450	0.00762	0.00683	0.21450	0.00614	0.00683
ACG	ACC	GC	0.23438	0.01560	0.01750	-0.23438	0.01972	0.01750
ACG	ACA	GA	-0.95998	0.05354	0.03189	0.95998	0.02050	0.03189
AAT	TAT	AT	0.43826	0.00302	0.00373	-0.43826	0.00468	0.00373
AAT	CAT	AC	-1.66119	0.00619	0.00241	1.66119	0.00118	0.00241
AAT	ATT	AT	1.17404	0.00302	0.00514	-1.17404	0.00978	0.00514
AAT	ACT	AC	-0.11437	0.00619	0.00584	0.11437	0.00552	0.00584
AAC	TAC	AT	0.43971	0.01667	0.02060	-0.43971	0.02587	0.02060
AAC	CAC	AC	-1.05948	0.03415	0.01920	1.05948	0.01184	0.01920
AAC	ATC	AT	0.70608	0.01667	0.02324	-0.70608	0.03377	0.02324
AAC	ACC	AC	-0.65576	0.03415	0.02417	0.65576	0.01773	0.02417
AAC	AAT	CT	-0.99027	0.07161	0.04191	0.99027	0.02660	0.04191
AAA	CAA	AC	-1.34355	0.00975	0.00463	1.34355	0.00254	0.00463
AAA	ATA	AT	-0.94441	0.00476	0.00286	0.94441	0.00185	0.00286
AAA	ACA	AC	-0.82147	0.00975	0.00629	0.82147	0.00429	0.00629
AAA	AAT	AT	0.03838	0.00476	0.00485	-0.03838	0.00495	0.00485
AAA	AAC	AC	1.02865	0.00975	0.01561	-1.02865	0.02728	0.01561
AAG	CAG	AC	-1.00233	0.06663	0.03873	1.00233	0.02446	0.03873
AAG	ATG	AT	-0.23777	0.03252	0.02881	0.23777	0.02564	0.02881
AAG	ACG	AC	-1.67640	0.06663	0.02570	1.67640	0.01246	0.02570
AAG	AAT	GT	-1.77653	0.03252	0.01177	1.77653	0.00550	0.01177
AAG	AAC	GC	-0.78626	0.06663	0.04384	0.78626	0.03035	0.04384
AAG	AAA	GA	-1.81491	0.22868	0.08074	1.81491	0.03724	0.08074
AGT	TGT	AT	0.09189	0.00191	0.00200	-0.09189	0.00209	0.00200
AGT	CGT	AC	-0.93009	0.00391	0.00237	0.93009	0.00154	0.00237
AGT	ATT	GT	1.74071	0.00191	0.00403	-1.74071	0.01088	0.00403
AGT	ACT	GC	0.45229	0.00391	0.00486	-0.45229	0.00614	0.00486
AGT	AAT	GA	0.56666	0.01342	0.01757	-0.56666	0.02364	0.01757
AGC	TGC	AT	0.13246	0.00842	0.00899	-0.13246	0.00961	0.00899
AGC	CGC	AC	-0.11895	0.01724	0.01624	0.11895	0.01531	0.01624
AGC	ATC	GT	1.49628	0.00842	0.01623	-1.49628	0.03758	0.01623
AGC	ACC	GC	0.13444	0.01724	0.01843	-0.13444	0.01972	0.01843
AGC	AAC	GA	0.79020	0.05917	0.08560	-0.79020	0.13040	0.08560
AGC	AGT	CT	-0.76673	0.03615	0.02405	0.76673	0.01679	0.02405
AGA	CGA	AC	3.39536	0.00011	0.00038	-3.39536	0.00324	0.00038
AGA	ATA	GT	3.66006	0.00005	0.00020	-3.66006	0.00206	0.00020
AGA	ACA	GC	3.78300	0.00011	0.00042	-3.78300	0.00477	0.00042
AGA	AAA	GA	4.60447	0.00037	0.00173	-4.60447	0.03724	0.00173
AGA	AGT	AT	4.07619	0.00005	0.00022	-4.07619	0.00312	0.00022
AGA	AGC	AC	4.84292	0.00011	0.00053	-4.84292	0.01377	0.00053
AGG	TGG	AT	3.12324	0.00064	0.00210	-3.12324	0.01459	0.00210
AGG	CGG	AC	2.80946	0.00132	0.00393	-2.80946	0.02183	0.00393
AGG	ATG	GT	3.79415	0.00064	0.00249	-3.79415	0.02853	0.00249
AGG	ACG	GC	2.35552	0.00132	0.00342	-2.35552	0.01387	0.00342
AGG	AAG	GA	4.03192	0.00451	0.01853	-4.03192	0.25443	0.01853
AGG	AGT	GT	1.68873	0.00064	0.00133	-1.68873	0.00347	0.00133
AGG	AGC	GC	2.45546	0.00132	0.00353	-2.45546	0.01532	0.00353
AGG	AGA	GA	-2.38746	0.00451	0.00109	2.38746	0.00041	0.00109
GTT	TTT	GT	4.12125	0.00015	0.00064	-4.12125	0.00944	0.00064
GTT	CTT	GC	1.95678	0.00031	0.00071	-1.95678	0.00222	0.00071
GTT	ATT	GA	3.77066	0.00108	0.00416	-3.77066	0.04673	0.00416
GTC	TTC	GT	0.85668	0.01351	0.02012	-0.85668	0.03182	0.02012
GTC	CTC	GC	-0.13854	0.02768	0.02581	0.13854	0.02410	0.02581
GTC	ATC	GA	0.53013	0.09500	0.12240	-0.53013	0.16142	0.12240
GTC	GTT	CT	-3.76283	0.05805	0.00519	3.76283	0.00135	0.00519
GTA	TTA	GT	-4.87704	0.00282	0.00011	4.87704	0.00002	0.00011
GTA	CTA	GC	-0.97424	0.00577	0.00341	0.97424	0.00218	0.00341
GTA	ATA	GA	-0.80502	0.01979	0.01288	0.80502	0.00885	0.01288
GTA	GTT	AT	-2.41885	0.00282	0.00067	2.41885	0.00025	0.00067
GTA	GTC	AC	1.34399	0.00577	0.01049	-1.34399	0.02211	0.01049
GTG	TTG	GT	-1.76799	0.02646	0.00963	1.76799	0.00452	0.00963
GTG	CTG	GC	0.16661	0.05420	0.05884	-0.16661	0.06403	0.05884
GTG	ATG	GA	-0.41725	0.18602	0.14990	0.41725	0.12256	0.14990
GTG	GTT	GT	-4.55263	0.02646	0.00128	4.55263	0.00028	0.00128
GTG	GTC	GC	-0.78979	0.05420	0.03559	0.78979	0.02460	0.03559
GTG	GTA	GA	-2.13378	0.18602	0.05330	2.13378	0.02202	0.05330
GCT	TCT	GT	0.25992	0.00311	0.00353	-0.25992	0.00403	0.00353
GCT	CCT	GC	0.56388	0.00637	0.00833	-0.56388	0.01120	0.00833
GCT	ACT	GA	0.18848	0.02186	0.02399	-0.18848	0.02640	0.02399
GCT	GTT	CT	-2.29376	0.01336	0.00344	2.29376	0.00135	0.00344
GCC	TCC	GT	0.47037	0.01780	0.02232	-0.47037	0.02850	0.02232
GCC	CCC	GC	-0.04574	0.03648	0.03565	0.04574	0.03485	0.03565
GCC	ACC	GA	-0.39034	0.12518	0.10233	0.39034	0.08473	0.10233
GCC	GTC	CT	0.44137	0.07648	0.09460	-0.44137	0.11892	0.09460
GCC	GCT	CT	-1.02770	0.07648	0.04380	1.02770	0.02737	0.04380
GCA	TCA	GT	0.96414	0.00226	0.00352	-0.96414	0.00593	0.00352
GCA	CCA	GC	0.53952	0.00463	0.00600	-0.53952	0.00795	0.00600
GCA	ACA	GA	0.25412	0.01590	0.01801	-0.25412	0.02050	0.01801
GCA	GTA	CT	0.93620	0.00972	0.01496	-0.93620	0.02478	0.01496
GCA	GCT	AT	0.81112	0.00226	0.00330	-0.81112	0.00509	0.00330
GCA	GCC	AC	1.83882	0.00463	0.01013	-1.83882	0.02914	0.01013
GCG	TCG	GT	0.09021	0.00365	0.00381	-0.09021	0.00399	0.00381
GCG	CCG	GC	0.09915	0.00747	0.00785	-0.09915	0.00825	0.00785
GCG	ACG	GA	0.84330	0.02563	0.03794	-0.84330	0.05957	0.03794
GCG	GTG	CT	2.69918	0.01566	0.04532	-2.69918	0.23285	0.04532
GCG	GCT	GT	0.44032	0.00365	0.00451	-0.44032	0.00566	0.00451
GCG	GCC	GC	1.46802	0.00747	0.01425	-1.46802	0.03242	0.01425
GCG	GCA	GA	-0.37080	0.02563	0.02117	0.37080	0.01769	0.02117
GAT	TAT	GT	-0.36513	0.00751	0.00622	0.36513	0.00521	0.00622
GAT	CAT	GC	-2.46458	0.01539	0.00352	2.46458	0.00131	0.00352
GAT	AAT	GA	-0.80339	0.05280	0.03440	0.80339	0.02364	0.03440
GAT	GTT	AT	-3.40000	0.00751	0.00088	3.40000	0.00025	0.00088
GAT	GCT	AC	-1.10624	0.01539	0.00841	1.10624	0.00509	0.00841
GAC	TAC	GT	-0.22636	0.03610	0.03217	0.22636	0.02879	0.03217
GAC	CAC	GC	-1.72555	0.07396	0.02765	1.72555	0.01317	0.02765
GAC	AAC	GA	-0.66607	0.25384	0.17861	0.66607	0.13040	0.17861
GAC	GTC	AT	-0.49012	0.03610	0.02797	0.49012	0.02211	0.02797
GAC	GCC	AC	-0.93149	0.07396	0.04479	0.93149	0.02914	0.04479
GAC	GAT	CT	-0.85295	0.15509	0.09824	0.85295	0.06609	0.09824
GAA	CAA	GC	-1.86248	0.01823	0.00624	1.86248	0.00283	0.00624
GAA	AAA	GA	-0.51893	0.06257	0.04773	0.51893	0.03724	0.04773
GAA	GTA	AT	-0.65831	0.00890	0.00629	0.65831	0.00461	0.00629
GAA	GCA	AC	-1.59452	0.01823	0.00741	1.59452	0.00370	0.00741
GAA	GAT	AT	0.32284	0.00890	0.01041	-0.32284	0.01229	0.01041
GAA	GAC	AC	1.17579	0.01823	0.03101	-1.17579	0.05909	0.03101
GAG	CAG	GC	-1.02842	0.07610	0.04356	1.02842	0.02721	0.04356
GAG	AAG	GA	-0.02609	0.26115	0.25776	0.02609	0.25443	0.25776
GAG	GTG	AT	0.15340	0.03714	0.04006	-0.15340	0.04330	0.04006
GAG	GCG	AC	-2.54579	0.07610	0.01648	2.54579	0.00597	0.01648
GAG	GAT	GT	-0.99922	0.03714	0.02163	0.99922	0.01367	0.02163
GAG	GAC	GC	-0.14627	0.07610	0.07067	0.14627	0.06574	0.07067
GAG	GAA	GA	-1.32207	0.26115	0.12550	1.32207	0.06962	0.12550
GGT	TGT	GT	0.50286	0.00141	0.00179	-0.50286	0.00233	0.00179
GGT	CGT	GC	-0.51913	0.00288	0.00220	0.51913	0.00172	0.00220
GGT	AGT	GA	0.41097	0.00990	0.01207	-0.41097	0.01493	0.01207
GGT	GTT	GT	-1.61898	0.00141	0.00056	1.61898	0.00028	0.00056
GGT	GCT	GC	0.67478	0.00288	0.00397	-0.67478	0.00566	0.00397
GGT	GAT	GA	1.78102	0.00990	0.02120	-1.78102	0.05875	0.02120
GGC	TGC	GT	-0.68190	0.02114	0.01474	0.68190	0.01069	0.01474
GGC	CGC	GC	-0.93331	0.04331	0.02620	0.93331	0.01703	0.02620
GGC	AGC	GA	-0.81435	0.14863	0.09624	0.81435	0.06583	0.09624
GGC	GTC	GT	0.15180	0.02114	0.02278	-0.15180	0.02460	0.02278
GGC	GCC	GC	-0.28958	0.04331	0.03734	0.28958	0.03242	0.03734
GGC	GAC	GA	0.64192	0.14863	0.20141	-0.64192	0.28242	0.20141
GGC	GGT	CT	-1.99205	0.09081	0.02858	1.99205	0.01239	0.02858
GGA	CGA	GC	-0.34098	0.00507	0.00425	0.34098	0.00360	0.00425
GGA	AGA	GA	-3.73634	0.01739	0.00159	3.73634	0.00041	0.00159
GGA	GTA	GT	0.72874	0.00247	0.00348	-0.72874	0.00513	0.00348
GGA	GCA	GC	-0.20746	0.00507	0.00456	0.20746	0.00412	0.00456
GGA	GAA	GA	1.38706	0.01739	0.03216	-1.38706	0.06962	0.03216
GGA	GGT	AT	-0.07112	0.00247	0.00239	0.07112	0.00230	0.00239
GGA	GGC	AC	1.92093	0.00507	0.01141	-1.92093	0.03460	0.01141
GGG	TGG	GT	0.42296	0.01063	0.01304	-0.42296	0.01623	0.01304
GGG	CGG	GC	0.10918	0.02178	0.02299	-0.10918	0.02429	0.02299
GGG	AGG	GA	-2.70028	0.07475	0.01454	2.70028	0.00502	0.01454
GGG	GTG	GT	1.51112	0.01063	0.02061	-1.51112	0.04818	0.02061
GGG	GCG	GC	-1.18806	0.02178	0.01135	1.18806	0.00664	0.01135
GGG	GAG	GA	1.35772	0.07475	0.13663	-1.35772	0.29056	0.13663
GGG	GGT	GT	-1.42252	0.01063	0.00480	1.42252	0.00256	0.00480
GGG	GGC	GC	0.56953	0.02178	0.02857	-0.56953	0.03850	0.02857
GGG	GGA	GA	-1.35140	0.07475	0.03528	1.35140	0.01935	0.03528


Histograms
2Ns	FMut	FSub(CodonUsage)	FSubw(after w)

-6.74067	0.00232	0.00002
-6.06660	0.00000	0.00000
-5.39254	0.00109	0.00004
-4.71847	0.00589	0.00033
-4.04440	0.02680	0.00267
-3.37034	0.01716	0.00280
-2.69627	0.05920	0.01485
-2.02220	0.08898	0.03697
-1.34813	0.16432	0.09945
-0.67407	0.27040	0.24148
0.00000	0.16091	0.20278
0.67407	0.14091	0.24148
1.34813	0.04369	0.09945
2.02220	0.01300	0.03697
2.69627	0.00409	0.01485
3.37034	0.00065	0.00280
4.04440	0.00053	0.00267
4.71847	0.00006	0.00033
5.39254	0.00001	0.00004
6.06660	0.00000	0.00000
6.74067	0.00000	0.00002

Proportion of advantageous (S > 0) mutations:
 0.27713

Proportions of good & bad mutations (|S| > 2.0000) among mutations:
0.00848  0.13958

mean |Ns| = 1.15524	mean Ns+ = 0.71383	mean Ns- = -1.32447


MLEs of dN/dS (w) for site classes (K=4)

site class             0        1       2a       2b
proportion       0.85105  0.13454  0.01244  0.00197
background w     0.03888  1.00000  0.03888  1.00000
foreground w     0.03888  1.00000 12.64548 12.64548

Naive Empirical Bayes (NEB) probabilities for 4 classes
(amino acids refer to 1st sequence: Bacu)

   1 L   0.90031 0.08820 0.01044 0.00104 ( 1)
   2 I   0.95069 0.04146 0.00750 0.00034 ( 1)
   3 G   0.96370 0.02971 0.00638 0.00021 ( 1)
   4 T   0.97354 0.02092 0.00541 0.00013 ( 1)
   5 F   0.94938 0.04269 0.00757 0.00036 ( 1)
   6 R   0.96251 0.03076 0.00651 0.00022 ( 1)
   7 M   0.96971 0.02427 0.00586 0.00016 ( 1)
   8 V   0.93494 0.05592 0.00860 0.00053 ( 1)
   9 L   0.90031 0.08820 0.01044 0.00104 ( 1)
  10 Q   0.95259 0.03978 0.00731 0.00032 ( 1)
  11 K   0.02613 0.96479 0.00023 0.00885 ( 2)
  12 V   0.93484 0.05602 0.00860 0.00054 ( 1)
  13 V   0.93484 0.05602 0.00860 0.00054 ( 1)
  14 E   0.94896 0.04301 0.00767 0.00037 ( 1)
  15 E   0.94896 0.04301 0.00767 0.00037 ( 1)
  16 G   0.00882 0.98197 0.00008 0.00914 ( 2)
  17 H   0.09236 0.90183 0.00050 0.00530 ( 2)
  18 V   0.93484 0.05602 0.00860 0.00054 ( 1)
  19 E   0.94894 0.04302 0.00767 0.00037 ( 1)
  20 V   0.93484 0.05602 0.00860 0.00054 ( 1)
  21 T   0.97233 0.02214 0.00541 0.00013 ( 1)
  22 D   0.95288 0.03944 0.00735 0.00032 ( 1)
  23 M   0.96953 0.02446 0.00586 0.00016 ( 1)
  24 L   0.90015 0.08837 0.01044 0.00104 ( 1)
  25 I   0.93427 0.05607 0.00910 0.00056 ( 1)
  26 D   0.95281 0.03952 0.00735 0.00032 ( 1)
  27 D   0.95288 0.03944 0.00735 0.00032 ( 1)
  28 N   0.00306 0.04356 0.93062 0.02276 ( 3)
  29 N   0.00001 0.00291 0.97817 0.01891 ( 3)
  30 A   0.00405 0.02821 0.95604 0.01170 ( 3)
  31 I   0.00136 0.03890 0.91739 0.04235 ( 3)
  32 I   0.00157 0.04473 0.91127 0.04243 ( 3)
  33 Q   0.00000 0.00031 0.95727 0.04242 ( 3)
  34 E   0.95542 0.03918 0.00516 0.00023 ( 1)
  35 P   0.98224 0.01524 0.00247 0.00004 ( 1)
  36 A   0.97702 0.01984 0.00307 0.00007 ( 1)
  37 V   0.95157 0.04264 0.00552 0.00027 ( 1)
  38 L   0.90519 0.08494 0.00900 0.00087 ( 1)
  39 E   0.95587 0.03870 0.00520 0.00023 ( 1)
  40 M   0.97597 0.02069 0.00327 0.00008 ( 1)
  41 E   0.03511 0.95905 0.00019 0.00565 ( 2)
  42 N   0.52565 0.46913 0.00265 0.00257 ( 1)
  43 L   0.00252 0.99507 0.00001 0.00241 ( 2)
  44 D   0.95998 0.03499 0.00483 0.00019 ( 1)
  45 R   0.96934 0.02662 0.00392 0.00012 ( 1)
  46 L   0.90680 0.08333 0.00902 0.00085 ( 1)
  47 A   0.96583 0.02978 0.00425 0.00014 ( 1)
  48 I   0.02217 0.96826 0.00021 0.00936 ( 2)
  49 R   0.96194 0.03327 0.00462 0.00017 ( 1)
  50 L   0.90519 0.08494 0.00900 0.00087 ( 1)
  51 G   0.00325 0.99264 0.00001 0.00409 ( 2)
  52 D   0.95002 0.04400 0.00570 0.00028 ( 1)
  53 G   0.97021 0.02589 0.00378 0.00011 ( 1)
  54 L   0.29637 0.69357 0.00295 0.00711 ( 2)
  55 D   0.44708 0.54672 0.00268 0.00352 ( 2)
  56 P   0.93135 0.06097 0.00719 0.00050 ( 1)
  57 D   0.95995 0.03503 0.00483 0.00019 ( 1)
  58 S   0.96506 0.03045 0.00433 0.00015 ( 1)
  59 M   0.38212 0.61091 0.00258 0.00439 ( 2)
  60 S   0.93146 0.06288 0.00528 0.00038 ( 1)
  61 L   0.96687 0.02865 0.00434 0.00014 ( 1)
  62 A   0.95883 0.03610 0.00487 0.00020 ( 1)
  63 S   0.96516 0.03067 0.00403 0.00014 ( 1)
  64 V   0.97594 0.02074 0.00324 0.00008 ( 1)
  65 T   0.96084 0.03427 0.00471 0.00018 ( 1)
  66 A   0.95883 0.03610 0.00487 0.00020 ( 1)
  67 L   0.96958 0.02644 0.00386 0.00012 ( 1)
  68 T   0.97950 0.01758 0.00286 0.00006 ( 1)
  69 T   0.97950 0.01758 0.00286 0.00006 ( 1)
  70 N   0.97864 0.01831 0.00298 0.00006 ( 1)
  71 V   0.63945 0.35710 0.00212 0.00133 ( 1)
  72 S   0.96464 0.03087 0.00433 0.00015 ( 1)
  73 N   0.97856 0.01839 0.00298 0.00006 ( 1)
  74 K   0.94525 0.04837 0.00605 0.00033 ( 1)
  75 R   0.93791 0.05347 0.00814 0.00048 ( 1)
  76 S   0.95959 0.03366 0.00651 0.00024 ( 1)
  77 K   0.93996 0.05156 0.00802 0.00046 ( 1)
  78 P   0.94207 0.04961 0.00788 0.00043 ( 1)
  79 D   0.95466 0.03809 0.00696 0.00029 ( 1)
  80 I   0.92861 0.06204 0.00874 0.00060 ( 1)
  81 K   0.93996 0.05156 0.00802 0.00046 ( 1)
  82 M   0.97113 0.02329 0.00543 0.00014 ( 1)
  83 E   0.95053 0.04185 0.00728 0.00034 ( 1)
  84 P   0.94207 0.04961 0.00788 0.00043 ( 1)
  85 S   0.61763 0.37667 0.00344 0.00226 ( 1)
  86 A   0.96061 0.03273 0.00642 0.00023 ( 1)
  87 G   0.96452 0.02914 0.00614 0.00020 ( 1)
  88 R   0.95624 0.03672 0.00676 0.00027 ( 1)
  89 P   0.95184 0.04073 0.00711 0.00032 ( 1)
  90 M   0.97080 0.02363 0.00543 0.00014 ( 1)
  91 D   0.02930 0.96223 0.00024 0.00824 ( 2)
  92 Y   0.44034 0.55150 0.00353 0.00463 ( 2)
  93 Q   0.48745 0.50513 0.00354 0.00388 ( 2)
  94 V   0.97720 0.01949 0.00324 0.00007 ( 1)
  95 S   0.98623 0.01152 0.00222 0.00003 ( 1)
  96 V   0.04509 0.94929 0.00024 0.00538 ( 2)
  97 T   0.96736 0.02828 0.00422 0.00014 ( 1)
  98 V   0.94320 0.05007 0.00637 0.00036 ( 1)
  99 I   0.95897 0.03579 0.00504 0.00020 ( 1)
 100 E   0.95745 0.03712 0.00521 0.00022 ( 1)
 101 A   0.96249 0.03264 0.00470 0.00017 ( 1)
 102 R   0.96346 0.03175 0.00463 0.00017 ( 1)
 103 Q   0.96103 0.03399 0.00479 0.00018 ( 1)
 104 L   0.90647 0.08366 0.00901 0.00086 ( 1)
 105 V   0.94326 0.05000 0.00637 0.00036 ( 1)
 106 G   0.96706 0.02851 0.00430 0.00014 ( 1)
 107 L   0.97334 0.02300 0.00357 0.00009 ( 1)
 108 N   0.97977 0.01719 0.00298 0.00006 ( 1)
 109 M   0.46164 0.53142 0.00312 0.00382 ( 2)
 110 D   0.96152 0.03345 0.00484 0.00018 ( 1)
 111 P   0.95916 0.03564 0.00500 0.00020 ( 1)
 112 V   0.94320 0.05007 0.00637 0.00036 ( 1)
 113 V   0.95041 0.04287 0.00642 0.00031 ( 1)
 114 C   0.98797 0.01002 0.00198 0.00002 ( 1)
 115 V   0.94320 0.05007 0.00637 0.00036 ( 1)
 116 E   0.95745 0.03712 0.00521 0.00022 ( 1)
 117 V   0.94320 0.05007 0.00637 0.00036 ( 1)
 118 G   0.96706 0.02851 0.00430 0.00014 ( 1)
 119 D   0.96120 0.03377 0.00484 0.00019 ( 1)
 120 D   0.96152 0.03345 0.00484 0.00018 ( 1)
 121 K   0.94687 0.04675 0.00606 0.00032 ( 1)
 122 K   0.94690 0.04672 0.00606 0.00032 ( 1)
 123 F   0.03345 0.96035 0.00019 0.00600 ( 2)
 124 T   0.98002 0.01707 0.00286 0.00006 ( 1)
 125 S   0.96613 0.02939 0.00434 0.00014 ( 1)
 126 M   0.97722 0.01943 0.00327 0.00007 ( 1)
 127 K   0.94687 0.04675 0.00606 0.00032 ( 1)
 128 E   0.95745 0.03712 0.00521 0.00022 ( 1)
 129 S   0.96613 0.02939 0.00434 0.00014 ( 1)
 130 T   0.97347 0.02280 0.00364 0.00009 ( 1)
 131 N   0.97974 0.01721 0.00298 0.00006 ( 1)
 132 C   0.98804 0.00995 0.00198 0.00002 ( 1)
 133 P   0.95916 0.03564 0.00500 0.00020 ( 1)
 134 Y   0.95306 0.04115 0.00554 0.00026 ( 1)
 135 Y   0.95306 0.04115 0.00554 0.00026 ( 1)
 136 N   0.97978 0.01718 0.00298 0.00006 ( 1)
 137 E   0.95723 0.03734 0.00521 0.00022 ( 1)
 138 Y   0.92645 0.06482 0.00813 0.00059 ( 1)
 139 F   0.93006 0.06162 0.00778 0.00054 ( 1)
 140 V   0.95257 0.04102 0.00613 0.00028 ( 1)
 141 F   0.25565 0.40619 0.31649 0.02168 ( 2)
 142 D   0.93481 0.05712 0.00759 0.00049 ( 1)
 143 F   0.93113 0.06056 0.00778 0.00053 ( 1)
 144 H   0.98008 0.01644 0.00341 0.00006 ( 1)
 145 V   0.95169 0.04190 0.00612 0.00029 ( 1)
 146 S   0.39329 0.59633 0.00404 0.00634 ( 2)
 147 P   0.90866 0.08114 0.00934 0.00086 ( 1)
 148 D   0.38429 0.60742 0.00312 0.00517 ( 2)
 149 V   0.95257 0.04102 0.00613 0.00028 ( 1)
 150 M   0.95259 0.04096 0.00617 0.00028 ( 1)
 151 F   0.93113 0.06056 0.00778 0.00053 ( 1)
 152 D   0.93481 0.05712 0.00759 0.00049 ( 1)
 153 K   0.92071 0.07008 0.00853 0.00067 ( 1)
 154 I   0.93242 0.05935 0.00772 0.00051 ( 1)
 155 I   0.93242 0.05935 0.00772 0.00051 ( 1)
 156 K   0.92071 0.07008 0.00853 0.00067 ( 1)
 157 I   0.93242 0.05935 0.00772 0.00051 ( 1)
 158 S   0.95165 0.04189 0.00617 0.00029 ( 1)
 159 V   0.92333 0.06504 0.01085 0.00078 ( 1)
 160 I   0.91648 0.07158 0.01107 0.00088 ( 1)
 161 H   0.97230 0.01947 0.00806 0.00017 ( 1)
 162 S   0.94554 0.04408 0.00990 0.00047 ( 1)
 163 K   0.38230 0.60612 0.00442 0.00715 ( 2)
 164 N   0.96087 0.02982 0.00901 0.00029 ( 1)
 165 L   0.89237 0.09468 0.01170 0.00125 ( 1)
 166 L   0.89237 0.09468 0.01170 0.00125 ( 1)
 167 R   0.94942 0.04051 0.00965 0.00042 ( 1)
 168 S   0.95704 0.03391 0.00873 0.00032 ( 1)
 169 G   0.94487 0.04479 0.00986 0.00048 ( 1)
 170 T   0.96028 0.03052 0.00890 0.00029 ( 1)
 171 L   0.89127 0.09578 0.01168 0.00127 ( 1)
 172 V   0.92174 0.06663 0.01083 0.00080 ( 1)
 173 G   0.94520 0.04446 0.00986 0.00048 ( 1)
 174 S   0.94387 0.04575 0.00988 0.00049 ( 1)
 175 F   0.93549 0.05363 0.01028 0.00060 ( 1)
 176 K   0.93998 0.04948 0.01000 0.00054 ( 1)
 177 M   0.95627 0.03418 0.00921 0.00034 ( 1)
 178 D   0.93915 0.05014 0.01015 0.00056 ( 1)
 179 V   0.92174 0.06663 0.01083 0.00080 ( 1)
 180 G   0.94986 0.04016 0.00956 0.00042 ( 1)
 181 T   0.96045 0.03035 0.00890 0.00029 ( 1)
 182 V   0.92174 0.06663 0.01083 0.00080 ( 1)
 183 Y   0.93084 0.05801 0.01048 0.00067 ( 1)
 184 S   0.94474 0.04488 0.00989 0.00048 ( 1)
 185 Q   0.93884 0.05047 0.01013 0.00056 ( 1)
 186 P   0.96440 0.02677 0.00858 0.00025 ( 1)
 187 E   0.92518 0.06387 0.01022 0.00072 ( 1)
 188 H   0.98182 0.01444 0.00368 0.00006 ( 1)
 189 Q   0.95099 0.04199 0.00671 0.00031 ( 1)
 190 F   0.94790 0.04477 0.00698 0.00035 ( 1)
 191 H   0.98192 0.01434 0.00368 0.00006 ( 1)
 192 H   0.98199 0.01427 0.00368 0.00006 ( 1)
 193 K   0.93690 0.05481 0.00781 0.00048 ( 1)
 194 W   0.93662 0.05504 0.00785 0.00048 ( 1)
 195 A   0.95873 0.03483 0.00620 0.00024 ( 1)
 196 I   0.95090 0.04187 0.00691 0.00032 ( 1)
 197 L   0.89987 0.08898 0.01013 0.00102 ( 1)
 198 S   0.57792 0.41652 0.00313 0.00244 ( 1)
 199 D   0.47492 0.51784 0.00336 0.00388 ( 2)
 200 P   0.95034 0.04243 0.00690 0.00033 ( 1)
 201 D   0.49188 0.50211 0.00286 0.00314 ( 2)
 202 D   0.95327 0.03969 0.00674 0.00030 ( 1)
 203 I   0.95084 0.04193 0.00691 0.00032 ( 1)
 204 S   0.50963 0.48364 0.00335 0.00338 ( 1)
 205 A   0.98376 0.01193 0.00426 0.00006 ( 1)
 206 G   0.96596 0.02809 0.00577 0.00018 ( 1)
 207 L   0.90172 0.08713 0.01015 0.00100 ( 1)
 208 K   0.02744 0.96393 0.00023 0.00840 ( 2)
 209 G   0.96207 0.03145 0.00626 0.00022 ( 1)
 210 Y   0.44804 0.54399 0.00350 0.00446 ( 2)
 211 V   0.27756 0.71361 0.00240 0.00643 ( 2)
 212 K   0.94194 0.04976 0.00786 0.00043 ( 1)
 213 C   0.97902 0.01646 0.00444 0.00008 ( 1)
 214 D   0.95357 0.03888 0.00724 0.00031 ( 1)
 215 V   0.00177 0.99178 0.00001 0.00643 ( 2)
 216 A   0.96086 0.03269 0.00623 0.00023 ( 1)
 217 V   0.93682 0.05459 0.00810 0.00049 ( 1)
 218 M   0.41482 0.57640 0.00359 0.00520 ( 2)
 219 G   0.96078 0.03274 0.00625 0.00023 ( 1)
 220 K   0.94043 0.05128 0.00784 0.00045 ( 1)
 221 G   0.96555 0.02850 0.00577 0.00018 ( 1)
 222 D   0.95515 0.03781 0.00675 0.00028 ( 1)
 223 N   0.97371 0.02126 0.00491 0.00012 ( 1)
 224 I   0.95274 0.04004 0.00692 0.00031 ( 1)
 225 K   0.94043 0.05128 0.00784 0.00045 ( 1)
 226 T   0.00166 0.99152 0.00001 0.00681 ( 2)
 227 P   0.95272 0.04006 0.00691 0.00031 ( 1)
 228 H   0.98411 0.01215 0.00369 0.00005 ( 1)
 229 K   0.94043 0.05128 0.00784 0.00045 ( 1)
 230 A   0.96108 0.03248 0.00621 0.00022 ( 1)
 231 N   0.97442 0.02056 0.00491 0.00011 ( 1)
 232 E   0.95102 0.04157 0.00709 0.00033 ( 1)
 233 T   0.96099 0.03260 0.00619 0.00022 ( 1)
 234 D   0.03276 0.95946 0.00024 0.00753 ( 2)
 235 E   0.95102 0.04157 0.00709 0.00033 ( 1)
 236 D   0.03136 0.96057 0.00024 0.00782 ( 2)
 237 D   0.95515 0.03781 0.00675 0.00028 ( 1)
 238 I   0.92905 0.06177 0.00859 0.00059 ( 1)
 239 E   0.95102 0.04157 0.00709 0.00033 ( 1)
 240 G   0.96020 0.03371 0.00587 0.00022 ( 1)
 241 N   0.97529 0.02157 0.00306 0.00008 ( 1)
 242 L   0.96909 0.02716 0.00364 0.00011 ( 1)
 243 L   0.90297 0.08709 0.00904 0.00090 ( 1)
 244 L   0.96659 0.02934 0.00394 0.00013 ( 1)
 245 P   0.95328 0.04142 0.00506 0.00024 ( 1)
 246 E   0.03145 0.96261 0.00017 0.00577 ( 2)
 247 G   0.96654 0.02944 0.00388 0.00013 ( 1)
 248 V   0.93823 0.05494 0.00643 0.00040 ( 1)
 249 P   0.95410 0.04060 0.00507 0.00023 ( 1)
 250 P   0.03820 0.95729 0.00016 0.00435 ( 2)
 251 E   0.95283 0.04168 0.00525 0.00025 ( 1)
 252 R   0.96614 0.02972 0.00400 0.00014 ( 1)
 253 Q   0.95624 0.03869 0.00486 0.00021 ( 1)
 254 W   0.94082 0.05267 0.00614 0.00037 ( 1)
 255 A   0.96272 0.03279 0.00433 0.00016 ( 1)
 256 R   0.95874 0.03637 0.00470 0.00019 ( 1)
 257 F   0.95300 0.04159 0.00517 0.00024 ( 1)
 258 Y   0.94747 0.04664 0.00560 0.00030 ( 1)
 259 V   0.93823 0.05494 0.00643 0.00040 ( 1)
 260 K   0.94189 0.05163 0.00612 0.00036 ( 1)
 261 I   0.38949 0.60254 0.00304 0.00492 ( 2)
 262 Y   0.94811 0.04600 0.00560 0.00029 ( 1)
 263 R   0.97890 0.01449 0.00651 0.00010 ( 1)
 264 A   0.97495 0.02183 0.00315 0.00008 ( 1)
 265 E   0.95257 0.04190 0.00528 0.00025 ( 1)
 266 G   0.96617 0.02963 0.00406 0.00014 ( 1)
 267 L   0.90263 0.08743 0.00904 0.00090 ( 1)
 268 P   0.95454 0.04016 0.00507 0.00023 ( 1)
 269 R   0.55642 0.43926 0.00230 0.00201 ( 1)
 270 M   0.97325 0.02331 0.00335 0.00009 ( 1)
 271 N   0.97598 0.02089 0.00306 0.00007 ( 1)
 272 T   0.95853 0.03650 0.00478 0.00020 ( 1)
 273 S   0.71649 0.28108 0.00167 0.00076 ( 1)
 274 L   0.96598 0.02996 0.00393 0.00013 ( 1)
 275 M   0.97325 0.02331 0.00335 0.00009 ( 1)
 276 A   0.96272 0.03279 0.00433 0.00016 ( 1)
 277 N   0.97598 0.02089 0.00306 0.00007 ( 1)
 278 M   0.97325 0.02331 0.00335 0.00009 ( 1)
 279 K   0.94189 0.05163 0.00612 0.00036 ( 1)
 280 K   0.94226 0.05126 0.00612 0.00036 ( 1)
 281 A   0.95744 0.03739 0.00496 0.00021 ( 1)
 282 F   0.95300 0.04159 0.00517 0.00024 ( 1)
 283 I   0.93803 0.05513 0.00644 0.00040 ( 1)
 284 G   0.98379 0.01396 0.00221 0.00004 ( 1)
 285 E   0.95257 0.04190 0.00528 0.00025 ( 1)
 286 N   0.64510 0.35163 0.00202 0.00125 ( 1)
 287 K   0.94189 0.05163 0.00612 0.00036 ( 1)
 288 D   0.95674 0.03813 0.00491 0.00021 ( 1)
 289 L   0.90263 0.08743 0.00904 0.00090 ( 1)
 290 V   0.06429 0.93226 0.00020 0.00325 ( 2)
 291 D   0.95540 0.03947 0.00490 0.00022 ( 1)
 292 P   0.95296 0.04174 0.00506 0.00024 ( 1)
 293 Y   0.94673 0.04737 0.00559 0.00030 ( 1)
 294 V   0.93687 0.05630 0.00642 0.00041 ( 1)
 295 Q   0.97312 0.02369 0.00311 0.00009 ( 1)
 296 V   0.97140 0.02519 0.00331 0.00010 ( 1)
 297 F   0.94932 0.04426 0.00612 0.00030 ( 1)
 298 F   0.92220 0.06908 0.00809 0.00063 ( 1)
 299 A   0.95771 0.03679 0.00528 0.00022 ( 1)
 300 G   0.95768 0.03677 0.00533 0.00022 ( 1)
 301 Q   0.95133 0.04258 0.00581 0.00028 ( 1)
 302 K   0.93699 0.05555 0.00701 0.00044 ( 1)
 303 G   0.96441 0.03016 0.00526 0.00018 ( 1)
 304 K   0.94545 0.04721 0.00698 0.00037 ( 1)
 305 T   0.97194 0.02341 0.00453 0.00012 ( 1)
 306 S   0.93497 0.05778 0.00681 0.00045 ( 1)
 307 V   0.94196 0.05037 0.00727 0.00041 ( 1)
 308 Q   0.95959 0.03443 0.00576 0.00022 ( 1)
 309 K   0.96127 0.03293 0.00560 0.00021 ( 1)
 310 S   0.98510 0.01180 0.00306 0.00004 ( 1)
 311 S   0.98510 0.01180 0.00306 0.00004 ( 1)
 312 Y   0.94968 0.04337 0.00663 0.00032 ( 1)
 313 E   0.95600 0.03758 0.00617 0.00026 ( 1)
 314 P   0.95315 0.04101 0.00558 0.00026 ( 1)
 315 L   0.90546 0.08400 0.00962 0.00092 ( 1)
 316 W   0.94438 0.04825 0.00699 0.00038 ( 1)
 317 N   0.98401 0.01274 0.00320 0.00005 ( 1)
 318 E   0.95600 0.03758 0.00617 0.00026 ( 1)
 319 Q   0.95969 0.03433 0.00576 0.00022 ( 1)
 320 V   0.94679 0.04668 0.00620 0.00033 ( 1)
 321 V   0.64633 0.34897 0.00295 0.00175 ( 1)
 322 F   0.93024 0.06113 0.00807 0.00055 ( 1)
 323 T   0.96084 0.03326 0.00569 0.00021 ( 1)
 324 D   0.96008 0.03390 0.00581 0.00022 ( 1)
 325 L   0.90546 0.08400 0.00962 0.00092 ( 1)
 326 F   0.95556 0.03813 0.00605 0.00026 ( 1)
 327 P   0.95707 0.03673 0.00596 0.00025 ( 1)
 328 P   0.98138 0.01522 0.00334 0.00006 ( 1)
 329 L   0.96959 0.02545 0.00482 0.00014 ( 1)
 330 C   0.98697 0.01021 0.00279 0.00003 ( 1)
 331 K   0.94545 0.04721 0.00698 0.00037 ( 1)
 332 R   0.96916 0.02581 0.00489 0.00014 ( 1)
 333 M   0.65119 0.34436 0.00281 0.00164 ( 1)
 334 K   0.94920 0.04346 0.00700 0.00034 ( 1)
 335 V   0.95135 0.04172 0.00662 0.00031 ( 1)
 336 Q   0.95959 0.03443 0.00576 0.00022 ( 1)
 337 I   0.95772 0.03607 0.00597 0.00024 ( 1)
 338 R   0.96188 0.03233 0.00559 0.00020 ( 1)
 339 D   0.96008 0.03390 0.00581 0.00022 ( 1)
 340 S   0.92739 0.06379 0.00824 0.00059 ( 1)
 341 D   0.96008 0.03390 0.00581 0.00022 ( 1)
 342 K   0.94545 0.04721 0.00698 0.00037 ( 1)
 343 V   0.97570 0.02003 0.00417 0.00009 ( 1)
 344 N   0.97846 0.01756 0.00390 0.00008 ( 1)
 345 D   0.96005 0.03392 0.00581 0.00022 ( 1)
 346 V   0.42222 0.56989 0.00326 0.00464 ( 2)
 347 A   0.56367 0.43076 0.00305 0.00252 ( 1)
 348 I   0.95760 0.03619 0.00597 0.00024 ( 1)
 349 G   0.96558 0.02898 0.00527 0.00017 ( 1)
 350 T   0.97935 0.01681 0.00377 0.00007 ( 1)
 351 H   0.98734 0.00990 0.00273 0.00003 ( 1)
 352 F   0.95637 0.03732 0.00606 0.00025 ( 1)
 353 I   0.93526 0.05712 0.00716 0.00046 ( 1)
 354 D   0.96002 0.03395 0.00581 0.00022 ( 1)
 355 L   0.29545 0.69385 0.00314 0.00756 ( 2)
 356 R   0.96938 0.02559 0.00489 0.00014 ( 1)
 357 K   0.94539 0.04727 0.00698 0.00037 ( 1)
 358 I   0.41665 0.57973 0.00141 0.00220 ( 2)
 359 S   0.96463 0.02989 0.00531 0.00018 ( 1)
 360 N   0.97844 0.01758 0.00390 0.00008 ( 1)
 361 D   0.51101 0.48254 0.00320 0.00324 ( 1)
 362 G   0.96454 0.03004 0.00524 0.00018 ( 1)
 363 D   0.95947 0.03450 0.00580 0.00022 ( 1)
 364 K   0.96149 0.03278 0.00553 0.00020 ( 1)
 365 G   0.96326 0.03106 0.00548 0.00019 ( 1)
 366 F   0.95616 0.03833 0.00528 0.00023 ( 1)
 367 L   0.90611 0.08389 0.00913 0.00087 ( 1)
 368 P   0.95746 0.03714 0.00518 0.00022 ( 1)
 369 T   0.96592 0.02954 0.00440 0.00015 ( 1)
 370 L   0.90523 0.08476 0.00912 0.00088 ( 1)
 371 G   0.96559 0.02978 0.00448 0.00015 ( 1)
 372 P   0.95761 0.03699 0.00518 0.00022 ( 1)
 373 A   0.05417 0.94085 0.00025 0.00473 ( 2)
 374 W   0.94421 0.04920 0.00625 0.00035 ( 1)
 375 V   0.94160 0.05148 0.00654 0.00038 ( 1)
 376 N   0.97855 0.01824 0.00315 0.00007 ( 1)
 377 M   0.97596 0.02052 0.00345 0.00008 ( 1)
 378 Y   0.94955 0.04430 0.00586 0.00029 ( 1)
 379 G   0.96559 0.02978 0.00448 0.00015 ( 1)
 380 S   0.96465 0.03067 0.00452 0.00016 ( 1)
 381 T   0.96202 0.03303 0.00477 0.00018 ( 1)
 382 R   0.96914 0.02663 0.00410 0.00012 ( 1)
 383 N   0.97855 0.01824 0.00315 0.00007 ( 1)
 384 Y   0.95148 0.04254 0.00571 0.00027 ( 1)
 385 T   0.96597 0.02948 0.00440 0.00015 ( 1)
 386 L   0.90523 0.08476 0.00912 0.00088 ( 1)
 387 L   0.90831 0.08169 0.00916 0.00085 ( 1)
 388 D   0.95958 0.03514 0.00508 0.00020 ( 1)
 389 E   0.95589 0.03849 0.00539 0.00023 ( 1)
 390 H   0.98754 0.01035 0.00208 0.00003 ( 1)
 391 Q   0.95951 0.03532 0.00497 0.00020 ( 1)
 392 D   0.51438 0.48020 0.00269 0.00273 ( 1)
 393 L   0.90523 0.08476 0.00912 0.00088 ( 1)
 394 N   0.98101 0.01619 0.00275 0.00005 ( 1)
 395 E   0.03618 0.95775 0.00021 0.00586 ( 2)
 396 G   0.96578 0.02960 0.00448 0.00015 ( 1)
 397 L   0.90539 0.08461 0.00913 0.00088 ( 1)
 398 G   0.96989 0.02603 0.00396 0.00012 ( 1)
 399 E   0.95543 0.03895 0.00539 0.00024 ( 1)
 400 G   0.96511 0.03026 0.00448 0.00015 ( 1)
 401 V   0.94060 0.05248 0.00653 0.00039 ( 1)
 402 S   0.97671 0.01968 0.00353 0.00008 ( 1)
 403 F   0.95534 0.03916 0.00527 0.00023 ( 1)
 404 R   0.96812 0.02765 0.00410 0.00013 ( 1)
 405 A   0.96480 0.03062 0.00443 0.00015 ( 1)
 406 R   0.96709 0.02868 0.00409 0.00013 ( 1)
 407 L   0.96754 0.02830 0.00403 0.00013 ( 1)
 408 M   0.97410 0.02237 0.00344 0.00009 ( 1)
 409 L   0.90344 0.08656 0.00911 0.00090 ( 1)
 410 G   0.96345 0.03192 0.00447 0.00016 ( 1)
 411 L   0.90344 0.08656 0.00911 0.00090 ( 1)
 412 A   0.98628 0.01109 0.00260 0.00003 ( 1)
 413 V   0.20199 0.31126 0.45765 0.02910 ( 3)
 414 E   0.95129 0.04309 0.00536 0.00026 ( 1)
 415 I   0.95305 0.04154 0.00517 0.00024 ( 1)
 416 L   0.90131 0.08868 0.00909 0.00092 ( 1)
 417 D   0.95499 0.03979 0.00500 0.00023 ( 1)
 418 T   0.56280 0.43311 0.00221 0.00188 ( 1)
 419 S   0.95980 0.03552 0.00449 0.00018 ( 1)
 420 N   0.62378 0.37286 0.00201 0.00135 ( 1)
 421 P   0.92642 0.06572 0.00732 0.00055 ( 1)
 422 E   0.95079 0.04358 0.00536 0.00027 ( 1)
 423 L   0.96480 0.03094 0.00411 0.00015 ( 1)
 424 T   0.97543 0.02139 0.00310 0.00008 ( 1)
 425 S   0.98164 0.01574 0.00257 0.00005 ( 1)
 426 S   0.95941 0.03565 0.00474 0.00019 ( 1)
 427 T   0.95990 0.03506 0.00484 0.00019 ( 1)
 428 E   0.03126 0.96185 0.00020 0.00669 ( 2)
 429 V   0.93375 0.05908 0.00672 0.00045 ( 1)
 430 Q   0.95176 0.04281 0.00518 0.00025 ( 1)
 431 V   0.93369 0.05914 0.00672 0.00045 ( 1)
 432 E   0.94819 0.04596 0.00556 0.00029 ( 1)
 433 Q   0.04264 0.95316 0.00016 0.00403 ( 2)
 434 A   0.95799 0.03717 0.00465 0.00020 ( 1)
 435 T   0.46505 0.52938 0.00249 0.00307 ( 2)
 436 P   0.94591 0.04624 0.00746 0.00038 ( 1)
 437 V   0.96483 0.02870 0.00627 0.00020 ( 1)
 438 S   0.95088 0.04193 0.00687 0.00032 ( 1)
 439 E   0.94141 0.05055 0.00761 0.00043 ( 1)
 440 S   0.98009 0.01671 0.00314 0.00006 ( 1)
 441 C   0.98263 0.01445 0.00287 0.00005 ( 1)
 442 V   0.93470 0.05752 0.00731 0.00047 ( 1)
 443 G   0.96383 0.03118 0.00482 0.00017 ( 1)
 444 K   0.95460 0.03909 0.00604 0.00027 ( 1)
 445 M   0.96995 0.02563 0.00429 0.00012 ( 1)
 446 E   0.94913 0.04437 0.00620 0.00031 ( 1)
 447 E   0.94913 0.04437 0.00620 0.00031 ( 1)
 448 F   0.94929 0.04429 0.00612 0.00030 ( 1)
 449 F   0.92334 0.06794 0.00810 0.00062 ( 1)
 450 L   0.96072 0.03403 0.00505 0.00019 ( 1)
 451 F   0.92334 0.06794 0.00810 0.00062 ( 1)
 452 G   0.95832 0.03615 0.00531 0.00022 ( 1)
 453 A   0.95912 0.03538 0.00529 0.00021 ( 1)
 454 L   0.95690 0.03786 0.00502 0.00022 ( 1)
 455 L   0.89998 0.08942 0.00962 0.00098 ( 1)
 456 E   0.94885 0.04461 0.00623 0.00031 ( 1)
 457 A   0.95912 0.03538 0.00529 0.00021 ( 1)
 458 S   0.92061 0.07047 0.00826 0.00066 ( 1)
 459 M   0.96995 0.02563 0.00429 0.00012 ( 1)
 460 I   0.95021 0.04347 0.00603 0.00030 ( 1)
 461 D   0.95284 0.04102 0.00587 0.00027 ( 1)
 462 R   0.95507 0.03902 0.00566 0.00025 ( 1)
 463 K   0.95513 0.03902 0.00560 0.00025 ( 1)
 464 N   0.97737 0.01893 0.00362 0.00008 ( 1)
 465 G   0.95832 0.03615 0.00531 0.00022 ( 1)
 466 D   0.95305 0.04081 0.00587 0.00027 ( 1)
 467 K   0.93821 0.05434 0.00702 0.00043 ( 1)
 468 P   0.95061 0.04308 0.00602 0.00029 ( 1)
 469 I   0.95061 0.04306 0.00603 0.00029 ( 1)
 470 T   0.60311 0.39278 0.00238 0.00172 ( 1)
 471 F   0.92334 0.06794 0.00810 0.00062 ( 1)
 472 E   0.94885 0.04461 0.00623 0.00031 ( 1)
 473 V   0.96993 0.02569 0.00426 0.00012 ( 1)
 474 T   0.96714 0.02808 0.00464 0.00015 ( 1)
 475 I   0.99449 0.00425 0.00125 0.00001 ( 1)
 476 G   0.95831 0.03613 0.00534 0.00022 ( 1)
 477 N   0.97939 0.01756 0.00298 0.00006 ( 1)
 478 Y   0.95063 0.04340 0.00570 0.00028 ( 1)
 479 G   0.97126 0.02485 0.00379 0.00011 ( 1)
 480 N   0.97991 0.01733 0.00271 0.00005 ( 1)
 481 E   0.95725 0.03736 0.00517 0.00022 ( 1)
 482 V   0.97809 0.01861 0.00323 0.00007 ( 1)
 483 D   0.95102 0.04300 0.00570 0.00028 ( 1)
 484 G   0.96747 0.02809 0.00430 0.00014 ( 1)
 485 L   0.90608 0.08405 0.00901 0.00086 ( 1)
 486 S   0.98076 0.01640 0.00279 0.00005 ( 1)
 487 R   0.95283 0.04174 0.00519 0.00025 ( 1)
 488 P   0.95869 0.03611 0.00500 0.00020 ( 1)
 489 Q   0.28940 0.26398 0.42991 0.01671 ( 3)
 490 R   0.96346 0.03175 0.00463 0.00017 ( 1)
 491 P   0.38216 0.60993 0.00295 0.00496 ( 2)
 492 R   0.28248 0.25906 0.44135 0.01711 ( 3)
 493 P   0.93293 0.05938 0.00720 0.00048 ( 1)
 494 R   0.53790 0.45712 0.00258 0.00240 ( 1)
 495 P   0.93293 0.05938 0.00720 0.00048 ( 1)
