Supplemental results for CODEML (seqf: /home/leticiamagpali/phd/evol_models/codeml/big_dataset/cml_align/CASQ1_codon_aligned.phy  treef: /home/leticiamagpali/phd/evol_models/codeml/big_dataset/cml_trees/gene_trees/H1c_gene_trees/CASQ1_tree_H1c.tre)

I	J	ij	2Ns_IJ	pMut_IJ	pSub_IJ	2Ns_JI	pMut_JI	pSub_JI

TTC	TTT	CT	0.74376	0.24315	0.34468	-0.74376	0.51155	0.34468
TTA	TTT	AT	1.66196	0.00975	0.02001	-1.66196	0.05139	0.02001
TTA	TTC	AC	0.91819	0.03822	0.05841	-0.91819	0.09573	0.05841
TTG	TTT	GT	3.77107	0.00042	0.00163	-3.77107	0.01834	0.00163
TTG	TTC	GC	3.02731	0.00165	0.00526	-3.02731	0.03416	0.00526
TTG	TTA	GA	2.10911	0.00547	0.01313	-2.10911	0.04508	0.01313
TCT	TTT	CT	2.29893	0.05134	0.13120	-2.29893	0.51155	0.13120
TCC	TTC	CT	4.51634	0.01041	0.04755	-4.51634	0.95286	0.04755
TCC	TCT	CT	2.96118	0.01041	0.03252	-2.96118	0.20120	0.03252
TCA	TTA	CT	0.96177	0.08379	0.13045	-0.96177	0.21923	0.13045
TCA	TCT	AT	0.32481	0.01461	0.01711	-0.32481	0.02021	0.01711
TCA	TCC	AC	-2.63638	0.05725	0.01164	2.63638	0.00410	0.01164
TCG	TTG	CT	2.56977	0.00073	0.00202	-2.56977	0.00949	0.00202
TCG	TCT	GT	4.04191	0.00013	0.00052	-4.04191	0.00721	0.00052
TCG	TCC	GC	1.08073	0.00050	0.00081	-1.08073	0.00146	0.00081
TCG	TCA	GA	3.71711	0.00164	0.00625	-3.71711	0.06752	0.00625
TAT	TTT	AT	1.33605	0.01351	0.02449	-1.33605	0.05139	0.02449
TAT	TCT	AC	-0.96287	0.05295	0.03148	0.96287	0.02021	0.03148
TAC	TTC	AT	1.19553	0.02896	0.04965	-1.19553	0.09573	0.04965
TAC	TCC	AC	-3.32081	0.11350	0.01413	3.32081	0.00410	0.01413
TAC	TAT	CT	0.60324	0.16614	0.22125	-0.60324	0.30370	0.22125
TGT	TTT	GT	9.60068	0.00000	0.00000	-9.60068	0.01834	0.00001
TGT	TCT	GC	7.30176	0.00000	0.00000	-7.30176	0.00721	0.00004
TGT	TAT	GA	8.26463	0.00000	0.00000	-8.26463	0.06245	0.00013
TGC	TTC	GT	10.22271	0.00000	0.00000	-10.22271	0.03416	0.00001
TGC	TCC	GC	5.70637	0.00000	0.00000	-5.70637	0.00146	0.00003
TGC	TAC	GA	9.02719	0.00000	0.00000	-9.02719	0.13387	0.00015
TGC	TGT	CT	1.36580	0.00000	0.00000	-1.36580	0.00000	0.00000
TGG	TTG	GT	-3.75692	0.01457	0.00131	3.75692	0.00034	0.00131
TGG	TCG	GC	-6.32669	0.05709	0.00065	6.32669	0.00010	0.00065
TGG	TGT	GT	-9.58653	0.01457	0.00001	9.58653	0.00000	0.00000
TGG	TGC	GC	-10.95233	0.05709	0.00001	10.95233	0.00000	0.00000
CTT	TTT	CT	3.27348	0.01937	0.06592	-3.27348	0.51155	0.06592
CTC	TTC	CT	2.57376	0.07265	0.20243	-2.57376	0.95286	0.20243
CTC	CTT	CT	0.04404	0.07265	0.07427	-0.04404	0.07593	0.07427
CTA	TTA	CT	0.83440	0.09518	0.14034	-0.83440	0.21923	0.14034
CTA	CTT	AT	-0.77712	0.01659	0.01097	0.77712	0.00763	0.01097
CTA	CTC	AC	-0.82116	0.06502	0.04194	0.82116	0.02860	0.04194
CTG	TTG	CT	-3.99690	0.51662	0.03865	3.99690	0.00949	0.03865
CTG	CTT	GT	-3.49932	0.09006	0.00982	3.49932	0.00272	0.00982
CTG	CTC	GC	-3.54336	0.35295	0.03724	3.54336	0.01021	0.03724
CTG	CTA	GA	-2.72219	1.16674	0.22345	2.72219	0.07669	0.22345
CCT	TCT	CT	0.49782	0.12230	0.15526	-0.49782	0.20120	0.15526
CCT	CTT	CT	-0.47674	0.12230	0.09546	0.47674	0.07593	0.09546
CCC	TCC	CT	-1.31872	0.15257	0.07347	1.31872	0.04081	0.07347
CCC	CTC	CT	0.62386	0.15257	0.20508	-0.62386	0.28472	0.20508
CCC	CCT	CT	1.14463	0.15257	0.25620	-1.14463	0.47928	0.25620
CCA	TCA	CT	2.73490	0.02131	0.06233	-2.73490	0.32838	0.06233
CCA	CTA	CT	2.86227	0.02131	0.06470	-2.86227	0.37298	0.06470
CCA	CCT	AT	2.56188	0.00372	0.01031	-2.56188	0.04815	0.01031
CCA	CCC	AC	1.41725	0.01456	0.02724	-1.41725	0.06007	0.02724
CCG	TCG	CT	-1.95443	0.02010	0.00648	1.95443	0.00285	0.00648
CCG	CTG	CT	4.61224	0.02010	0.09365	-4.61224	2.02456	0.09365
CCG	CCT	GT	1.58966	0.00350	0.00700	-1.58966	0.01718	0.00700
CCG	CCC	GC	0.44502	0.01373	0.01702	-0.44502	0.02143	0.01702
CCG	CCA	GA	-0.97222	0.04540	0.02685	0.97222	0.01717	0.02685
CAT	TAT	CT	2.03425	0.03972	0.09295	-2.03425	0.30370	0.09295
CAT	CTT	AT	0.09682	0.00692	0.00726	-0.09682	0.00763	0.00726
CAT	CCT	AC	0.57356	0.02713	0.03566	-0.57356	0.04815	0.03566
CAC	TAC	CT	2.70929	0.04335	0.12583	-2.70929	0.65106	0.12583
CAC	CTC	AT	1.33106	0.00756	0.01367	-1.33106	0.02860	0.01367
CAC	CCC	AC	0.70720	0.02962	0.04131	-0.70720	0.06007	0.04131
CAC	CAT	CT	1.27828	0.04335	0.07681	-1.27828	0.15565	0.07681
CAA	CTA	AT	1.09474	0.01254	0.02063	-1.09474	0.03747	0.02063
CAA	CCA	AC	-1.76753	0.04914	0.01788	1.76753	0.00839	0.01788
CAA	CAT	AT	0.22079	0.01254	0.01397	-0.22079	0.01564	0.01397
CAA	CAC	AC	-1.05748	0.04914	0.02765	1.05748	0.01707	0.02765
CAG	CTG	AT	2.81352	0.01220	0.03652	-2.81352	0.20340	0.03652
CAG	CCG	AC	-1.79872	0.04782	0.01706	1.79872	0.00791	0.01706
CAG	CAT	GT	-0.78262	0.01220	0.00804	0.78262	0.00558	0.00804
CAG	CAC	GC	-2.06090	0.04782	0.01438	2.06090	0.00609	0.01438
CAG	CAA	GA	-1.00341	0.15808	0.09182	1.00341	0.05796	0.09182
CGT	TGT	CT	-6.59195	0.02034	0.00018	6.59195	0.00000	0.00000
CGT	CTT	GT	-0.26475	0.00355	0.00310	0.26475	0.00272	0.00310
CGT	CCT	GC	0.21198	0.01390	0.01542	-0.21198	0.01718	0.01542
CGT	CAT	GA	-0.36157	0.04594	0.03814	0.36157	0.03200	0.03814
CGC	TGC	CT	1.36580	0.00000	0.00000	-1.36580	0.00000	0.00000
CGC	CTC	GT	9.01475	0.00000	0.00000	-9.01475	0.01021	0.00001
CGC	CCC	GC	8.39089	0.00000	0.00000	-8.39089	0.02143	0.00004
CGC	CAC	GA	7.68369	0.00000	0.00000	-7.68369	0.03493	0.00012
CGC	CGT	CT	9.32354	0.00000	0.00000	-9.32354	0.07972	0.00007
CGA	CTA	GT	1.32703	0.00355	0.00641	-1.32703	0.01337	0.00641
CGA	CCA	GC	-1.53524	0.01390	0.00586	1.53524	0.00299	0.00586
CGA	CAA	GA	0.23229	0.04594	0.05149	-0.23229	0.05796	0.05149
CGA	CGT	AT	0.81466	0.00355	0.00519	-0.81466	0.00801	0.00519
CGA	CGC	AC	-8.50888	0.01390	0.00002	8.50888	0.00000	0.00000
CGG	TGG	CT	2.80262	0.01986	0.05926	-2.80262	0.32746	0.05926
CGG	CTG	GT	3.04260	0.00346	0.01106	-3.04260	0.07257	0.01106
CGG	CCG	GC	-1.56964	0.01357	0.00560	1.56964	0.00282	0.00560
CGG	CAG	GA	0.22908	0.04485	0.05019	-0.22908	0.05640	0.05019
CGG	CGT	GT	-0.19196	0.00346	0.00314	0.19196	0.00286	0.00314
CGG	CGC	GC	-9.51550	0.01357	0.00001	9.51550	0.00000	0.00000
CGG	CGA	GA	-1.00662	0.04485	0.02600	1.00662	0.01639	0.02600
ATT	TTT	AT	0.63668	0.02719	0.03676	-0.63668	0.05139	0.03676
ATT	CTT	AC	-2.63681	0.10655	0.02166	2.63681	0.00763	0.02166
ATC	TTC	AT	1.16821	0.02977	0.05046	-1.16821	0.09573	0.05046
ATC	CTC	AC	-1.40555	0.11664	0.05327	1.40555	0.02860	0.05327
ATC	ATT	CT	1.27530	0.17074	0.30214	-1.27530	0.61120	0.30214
ATA	TTA	AT	1.68237	0.00410	0.00846	-1.68237	0.02203	0.00846
ATA	CTA	AC	0.84796	0.01605	0.02380	-0.84796	0.03747	0.02380
ATA	ATT	AT	2.70765	0.00410	0.01188	-2.70765	0.06141	0.01188
ATA	ATC	AC	1.43235	0.01605	0.03020	-1.43235	0.06722	0.03020
ATG	TTG	AT	-3.28301	0.02542	0.00325	3.28301	0.00095	0.00325
ATG	CTG	AC	0.71389	0.09961	0.13936	-0.71389	0.20340	0.13936
ATG	ATT	GT	-0.14862	0.02542	0.02358	0.14862	0.02191	0.02358
ATG	ATC	GC	-1.42391	0.09961	0.04498	1.42391	0.02398	0.04498
ATG	ATA	GA	-2.85626	0.32929	0.05736	2.85626	0.01893	0.05736
ACT	TCT	AT	0.69061	0.01013	0.01403	-0.69061	0.02021	0.01403
ACT	CCT	AC	0.19278	0.03971	0.04366	-0.19278	0.04815	0.04366
ACT	ATT	CT	2.35286	0.05812	0.15113	-2.35286	0.61120	0.15113
ACC	TCC	AT	-1.41059	0.01680	0.00765	1.41059	0.00410	0.00765
ACC	CCC	AC	-0.09187	0.06585	0.06287	0.09187	0.06007	0.06287
ACC	ATC	CT	1.93754	0.09639	0.21819	-1.93754	0.66909	0.21819
ACC	ACT	CT	0.85998	0.09639	0.14370	-0.85998	0.22778	0.14370
ACA	TCA	AT	1.44074	0.00781	0.01474	-1.44074	0.03299	0.01474
ACA	CCA	AC	-1.29416	0.03061	0.01496	1.29416	0.00839	0.01496
ACA	ATA	CT	0.72015	0.04480	0.06286	-0.72015	0.09206	0.06286
ACA	ACT	AT	1.07494	0.00781	0.01275	-1.07494	0.02288	0.01275
ACA	ACC	AC	0.21496	0.03061	0.03402	-0.21496	0.03795	0.03402
ACG	TCG	AT	-2.79626	0.00469	0.00085	2.79626	0.00029	0.00085
ACG	CCG	AC	-0.84183	0.01837	0.01171	0.84183	0.00791	0.01171
ACG	ATG	CT	3.05652	0.02688	0.08623	-3.05652	0.57139	0.08623
ACG	ACT	GT	0.55505	0.00469	0.00611	-0.55505	0.00816	0.00611
ACG	ACC	GC	-0.30493	0.01837	0.01571	0.30493	0.01354	0.01571
ACG	ACA	GA	-0.51989	0.06072	0.04629	0.51989	0.03610	0.04629
AAT	TAT	AT	0.47373	0.01900	0.02385	-0.47373	0.03051	0.02385
AAT	CAT	AC	-1.56052	0.07445	0.03089	1.56052	0.01564	0.03089
AAT	ATT	AT	1.17311	0.01900	0.03227	-1.17311	0.06141	0.03227
AAT	ACT	AC	-1.17975	0.07445	0.03898	1.17975	0.02288	0.03898
AAC	TAC	AT	0.95362	0.02521	0.03911	-0.95362	0.06541	0.03911
AAC	CAC	AC	-1.75567	0.09878	0.03622	1.75567	0.01707	0.03622
AAC	ATC	AT	0.98094	0.02521	0.03956	-0.98094	0.06722	0.03956
AAC	ACC	AC	-0.95660	0.09878	0.05895	0.95660	0.03795	0.05895
AAC	AAT	CT	1.08313	0.14458	0.23675	-1.08313	0.42708	0.23675
AAA	CAA	AC	-0.70384	0.05725	0.03944	0.70384	0.02832	0.03944
AAA	ATA	AT	-0.45707	0.01461	0.01152	0.45707	0.00925	0.01152
AAA	ACA	AC	-1.17722	0.05725	0.03001	1.17722	0.01764	0.03001
AAA	AAT	AT	1.07747	0.01461	0.02386	-1.07747	0.04291	0.02386
AAA	AAC	AC	-0.00566	0.05725	0.05709	0.00566	0.05692	0.05709
AAG	CAG	AC	-2.13676	0.23348	0.06677	2.13676	0.02756	0.06677
AAG	ATG	AT	-0.03714	0.05958	0.05848	0.03714	0.05741	0.05848
AAG	ACG	AC	-3.09366	0.23348	0.03430	3.09366	0.01058	0.03430
AAG	AAT	GT	-1.35887	0.05958	0.02800	1.35887	0.01531	0.02800
AAG	AAC	GC	-2.44199	0.23348	0.05432	2.44199	0.02031	0.05432
AAG	AAA	GA	-2.43633	0.77181	0.18027	2.43633	0.06752	0.18027
AGT	TGT	AT	-7.49976	0.00507	0.00002	7.49976	0.00000	0.00000
AGT	CGT	AC	-0.90781	0.01985	0.01219	0.90781	0.00801	0.01219
AGT	ATT	GT	1.46424	0.00507	0.00965	-1.46424	0.02191	0.00965
AGT	ACT	GC	-0.88861	0.01985	0.01232	0.88861	0.00816	0.01232
AGT	AAT	GA	0.29113	0.06563	0.07565	-0.29113	0.08781	0.07565
AGC	TGC	AT	-8.93881	0.02136	0.00003	8.93881	0.00000	0.00000
AGC	CGC	AC	-10.30460	0.08372	0.00003	10.30460	0.00000	0.00000
AGC	ATC	GT	0.11570	0.02136	0.02262	-0.11570	0.02398	0.02262
AGC	ACC	GC	-1.82184	0.08372	0.02943	1.82184	0.01354	0.02943
AGC	AAC	GA	-0.86524	0.27675	0.17408	0.86524	0.11650	0.17408
AGC	AGT	CT	-0.07325	0.12254	0.11811	0.07325	0.11389	0.11811
AGA	CGA	AC	-1.52300	0.03673	0.01560	1.52300	0.00801	0.01560
AGA	ATA	GT	-1.04393	0.00937	0.00532	1.04393	0.00330	0.00532
AGA	ACA	GC	-1.76408	0.03673	0.01340	1.76408	0.00629	0.01340
AGA	AAA	GA	-0.58686	0.12142	0.08926	0.58686	0.06752	0.08926
AGA	AGT	AT	0.19947	0.00937	0.01034	-0.19947	0.01144	0.01034
AGA	AGC	AC	0.27272	0.03673	0.04197	-0.27272	0.04825	0.04197
AGG	TGG	AT	1.14882	0.01043	0.01754	-1.14882	0.03290	0.01754
AGG	CGG	AC	-1.65381	0.04087	0.01599	1.65381	0.00782	0.01599
AGG	ATG	GT	0.67491	0.01043	0.01434	-0.67491	0.02048	0.01434
AGG	ACG	GC	-2.38162	0.04087	0.00991	2.38162	0.00378	0.00991
AGG	AAG	GA	0.71204	0.13511	0.18887	-0.71204	0.27537	0.18887
AGG	AGT	GT	-0.93796	0.01043	0.00629	0.93796	0.00408	0.00629
AGG	AGC	GC	-0.86471	0.04087	0.02572	0.86471	0.01721	0.02572
AGG	AGA	GA	-1.13743	0.13511	0.07253	1.13743	0.04332	0.07253
GTT	TTT	GT	0.89197	0.00752	0.01136	-0.89197	0.01834	0.01136
GTT	CTT	GC	-2.38152	0.02945	0.00714	2.38152	0.00272	0.00714
GTT	ATT	GA	0.25529	0.09736	0.11031	-0.25529	0.12567	0.11031
GTC	TTC	GT	0.33448	0.02445	0.02876	-0.33448	0.03416	0.02876
GTC	CTC	GC	-2.23928	0.09580	0.02558	2.23928	0.01021	0.02558
GTC	ATC	GA	-0.83373	0.31668	0.20280	0.83373	0.13757	0.20280
GTC	GTT	CT	0.18628	0.14022	0.15369	-0.18628	0.16893	0.15369
GTA	TTA	GT	-0.36826	0.01136	0.00939	0.36826	0.00786	0.00939
GTA	CTA	GC	-1.20266	0.04451	0.02298	1.20266	0.01337	0.02298
GTA	ATA	GA	-2.05062	0.14713	0.04455	2.05062	0.01893	0.04455
GTA	GTT	AT	0.40173	0.01136	0.01379	-0.40173	0.01697	0.01379
GTA	GTC	AC	0.21545	0.04451	0.04947	-0.21545	0.05521	0.04947
GTG	TTG	GT	-4.99509	0.05025	0.00171	4.99509	0.00034	0.00171
GTG	CTG	GC	-0.99818	0.19691	0.11472	0.99818	0.07257	0.11472
GTG	ATG	GA	-1.71207	0.65092	0.24545	1.71207	0.11749	0.24545
GTG	GTT	GT	-2.11598	0.05025	0.01457	2.11598	0.00606	0.01457
GTG	GTC	GC	-2.30226	0.19691	0.05039	2.30226	0.01970	0.05039
GTG	GTA	GA	-2.51772	0.65092	0.14376	2.51772	0.05249	0.14376
GCT	TCT	GT	-0.94842	0.01862	0.01116	0.94842	0.00721	0.01116
GCT	CCT	GC	-1.44625	0.07297	0.03250	1.44625	0.01718	0.03250
GCT	ACT	GA	-1.63903	0.24120	0.09526	1.63903	0.04683	0.09526
GCT	GTT	CT	0.45853	0.10680	0.13315	-0.45853	0.16893	0.13315
GCC	TCC	GT	-2.99579	0.02926	0.00461	2.99579	0.00146	0.00461
GCC	CCC	GC	-1.67707	0.11466	0.04421	1.67707	0.02143	0.04421
GCC	ACC	GA	-1.58520	0.37903	0.15485	1.58520	0.07767	0.15485
GCC	GTC	CT	1.18607	0.16783	0.28659	-1.18607	0.54951	0.28659
GCC	GCT	CT	0.91381	0.16783	0.25603	-0.91381	0.41854	0.25603
GCA	TCA	GT	-0.87680	0.02829	0.01768	0.87680	0.01177	0.01768
GCA	CCA	GC	-3.61170	0.11085	0.01111	3.61170	0.00299	0.01111
GCA	ACA	GA	-2.31755	0.36645	0.09281	2.31755	0.03610	0.09281
GCA	GTA	CT	0.45323	0.16226	0.20180	-0.45323	0.25530	0.20180
GCA	GCT	AT	0.39643	0.02829	0.03426	-0.39643	0.04205	0.03426
GCA	GCC	AC	-0.51738	0.11085	0.08464	0.51738	0.06608	0.08464
GCG	TCG	GT	-4.19253	0.00676	0.00043	4.19253	0.00010	0.00043
GCG	CCG	GC	-2.23809	0.02648	0.00707	2.23809	0.00282	0.00707
GCG	ACG	GA	-1.39627	0.08752	0.04020	1.39627	0.02166	0.04020
GCG	GTG	CT	3.37233	0.03875	0.13533	-3.37233	1.12950	0.13533
GCG	GCT	GT	0.79781	0.00676	0.00981	-0.79781	0.01500	0.00981
GCG	GCC	GC	-0.11600	0.02648	0.02497	0.11600	0.02358	0.02497
GCG	GCA	GA	0.40139	0.08752	0.10626	-0.40139	0.13074	0.10626
GAT	TAT	GT	-1.69757	0.05945	0.02262	1.69757	0.01089	0.02262
GAT	CAT	GC	-3.73182	0.23296	0.02133	3.73182	0.00558	0.02133
GAT	AAT	GA	-2.17130	0.77010	0.21521	2.17130	0.08781	0.21521
GAT	GTT	AT	-1.25348	0.05945	0.02978	1.25348	0.01697	0.02978
GAT	GCT	AC	-1.71202	0.23296	0.08785	1.71202	0.04205	0.08785
GAC	TAC	GT	-1.27189	0.08326	0.04124	1.27189	0.02334	0.04124
GAC	CAC	GC	-3.98118	0.32627	0.02470	3.98118	0.00609	0.02470
GAC	AAC	GA	-2.22551	1.07857	0.29067	2.22551	0.11650	0.29067
GAC	GTC	AT	-0.41084	0.08326	0.06732	0.41084	0.05521	0.06732
GAC	GCC	AC	-1.59691	0.32627	0.13232	1.59691	0.06608	0.13232
GAC	GAT	CT	1.02892	0.47758	0.76468	-1.02892	1.33629	0.76468
GAA	CAA	GC	-2.82922	0.17108	0.03038	2.82922	0.01010	0.03038
GAA	AAA	GA	-2.12537	0.56554	0.16296	2.12537	0.06752	0.16296
GAA	GTA	AT	-0.53182	0.04366	0.03307	0.53182	0.02565	0.03307
GAA	GCA	AC	-0.98505	0.17108	0.10043	0.98505	0.06388	0.10043
GAA	GAT	AT	1.12339	0.04366	0.07267	-1.12339	0.13425	0.07267
GAA	GAC	AC	0.09448	0.17108	0.17929	-0.09448	0.18803	0.17929
GAG	CAG	GC	-4.04126	0.55945	0.04045	4.04126	0.00983	0.04045
GAG	AAG	GA	-1.90450	1.84939	0.61619	1.90450	0.27537	0.61619
GAG	GTG	AT	-0.22956	0.14276	0.12700	0.22956	0.11348	0.12700
GAG	GCG	AC	-3.60189	0.55945	0.05650	3.60189	0.01526	0.05650
GAG	GAT	GT	-1.09206	0.14276	0.07872	1.09206	0.04790	0.07872
GAG	GAC	GC	-2.12098	0.55945	0.16168	2.12098	0.06709	0.16168
GAG	GAA	GA	-2.21546	1.84939	0.50177	2.21546	0.20178	0.50177
GGT	TGT	GT	-9.26436	0.01056	0.00001	9.26436	0.00000	0.00000
GGT	CGT	GC	-2.67240	0.04136	0.00820	2.67240	0.00286	0.00820
GGT	AGT	GA	-1.76459	0.13674	0.04986	1.76459	0.02342	0.04986
GGT	GTT	GT	-0.55564	0.01056	0.00789	0.55564	0.00606	0.00789
GGT	GCT	GC	-1.01418	0.04136	0.02387	1.01418	0.01500	0.02387
GGT	GAT	GA	0.69784	0.13674	0.18995	-0.69784	0.27476	0.18995
GGC	TGC	GT	-9.92291	0.02039	0.00001	9.92291	0.00000	0.00000
GGC	CGC	GC	-11.28871	0.07991	0.00001	11.28871	0.00000	0.00000
GGC	AGC	GA	-0.98410	0.26417	0.15517	0.98410	0.09874	0.15517
GGC	GTC	GT	-0.03468	0.02039	0.02004	0.03468	0.01970	0.02004
GGC	GCC	GC	-1.22075	0.07991	0.04082	1.22075	0.02358	0.04082
GGC	GAC	GA	0.37616	0.26417	0.31697	-0.37616	0.38482	0.31697
GGC	GGT	CT	0.70724	0.11697	0.16317	-0.70724	0.23727	0.16317
GGA	CGA	GC	-2.51692	0.03541	0.00782	2.51692	0.00286	0.00782
GGA	AGA	GA	-0.99392	0.11705	0.06836	0.99392	0.04332	0.06836
GGA	GTA	GT	0.01277	0.00904	0.00909	-0.01277	0.00915	0.00909
GGA	GCA	GC	-0.44046	0.03541	0.02818	0.44046	0.02279	0.02818
GGA	GAA	GA	0.54459	0.11705	0.15180	-0.54459	0.20178	0.15180
GGA	GGT	AT	0.97014	0.00904	0.01412	-0.97014	0.02384	0.01412
GGA	GGC	AC	0.26290	0.03541	0.04027	-0.26290	0.04605	0.04027
GGG	TGG	GT	-0.50582	0.01947	0.01496	0.50582	0.01174	0.01496
GGG	CGG	GC	-3.30844	0.07628	0.00958	3.30844	0.00279	0.00958
GGG	AGG	GA	-1.65463	0.25216	0.09861	1.65463	0.04820	0.09861
GGG	GTG	GT	0.73235	0.01947	0.02746	-0.73235	0.04049	0.02746
GGG	GCG	GC	-2.63998	0.07628	0.01548	2.63998	0.00544	0.01548
GGG	GAG	GA	0.96191	0.25216	0.39259	-0.96191	0.65983	0.39259
GGG	GGT	GT	-0.82800	0.01947	0.01251	0.82800	0.00850	0.01251
GGG	GGC	GC	-1.53524	0.07628	0.03215	1.53524	0.01643	0.03215
GGG	GGA	GA	-1.79814	0.25216	0.08999	1.79814	0.04176	0.08999


Histograms
2Ns	FMut	FSub(CodonUsage)	FSubw(after w)

-10.75115	0.00457	0.00000
-9.67603	0.00282	0.00000
-8.60092	0.00472	0.00001
-7.52580	0.00085	0.00001
-6.45069	0.00139	0.00002
-5.37557	0.00093	0.00005
-4.30046	0.07909	0.00738
-3.22534	0.14419	0.03632
-2.15023	0.27647	0.13249
-1.07511	0.24417	0.23507
0.00000	0.10867	0.17731
1.07511	0.09064	0.23507
2.15023	0.03354	0.13249
3.22534	0.00694	0.03632
4.30046	0.00101	0.00738
5.37557	0.00001	0.00005
6.45069	0.00000	0.00002
7.52580	0.00000	0.00000
8.60092	0.00000	0.00000
9.67603	0.00000	0.00000
10.75115	0.00000	0.00000

Proportion of advantageous (S > 0) mutations:
 0.17842

Proportions of good & bad mutations (|S| > 2.0000) among mutations:
0.02714  0.42701

mean |Ns| = 1.98717	mean Ns+ = 1.09241	mean Ns- = -2.18148


MLEs of dN/dS (w) for site classes (K=4)

site class             0        1       2a       2b
proportion       0.68855  0.30889  0.00177  0.00079
background w     0.00000  1.00000  0.00000  1.00000
foreground w     0.00000  1.00000  3.27639  3.27639

Naive Empirical Bayes (NEB) probabilities for 4 classes
(amino acids refer to 1st sequence: Bacu)

   1 M   0.84671 0.15210 0.00097 0.00022 ( 1)
   2 S   0.00000 0.98685 0.00000 0.01315 ( 2)
   3 A   0.82425 0.17449 0.00099 0.00027 ( 1)
   4 A   0.79834 0.20018 0.00114 0.00034 ( 1)
   5 D   0.00000 0.99660 0.00135 0.00204 ( 2)
   6 R   0.88695 0.11230 0.00063 0.00012 ( 1)
   7 M   0.00000 0.93141 0.05575 0.01284 ( 2)
   8 G   0.86326 0.13581 0.00077 0.00017 ( 1)
   9 A   0.83494 0.16390 0.00093 0.00024 ( 1)
  10 R   0.84353 0.15538 0.00088 0.00021 ( 1)
  11 A   0.00000 0.99848 0.00000 0.00151 ( 2)
  12 V   0.78019 0.21816 0.00124 0.00040 ( 1)
  13 P   0.79859 0.19993 0.00114 0.00034 ( 1)
  14 G   0.00001 0.99868 0.00000 0.00131 ( 2)
  15 L   0.00000 0.99279 0.00000 0.00721 ( 2)
  16 R   0.00000 0.99906 0.00000 0.00094 ( 2)
  17 L   0.72183 0.27596 0.00158 0.00063 ( 1)
  18 A   0.79834 0.20018 0.00114 0.00034 ( 1)
  19 L   0.72183 0.27596 0.00158 0.00063 ( 1)
  20 L   0.72496 0.27282 0.00158 0.00063 ( 1)
  21 L   0.00001 0.97988 0.01610 0.00401 ( 2)
  22 L   0.00000 0.99771 0.00000 0.00229 ( 2)
  23 L   0.72501 0.27288 0.00151 0.00061 ( 1)
  24 V   0.78019 0.21816 0.00124 0.00040 ( 1)
  25 L   0.74988 0.24819 0.00142 0.00052 ( 1)
  26 G   0.86326 0.13581 0.00077 0.00017 ( 1)
  27 T   0.86566 0.13342 0.00076 0.00016 ( 1)
  28 P   0.00000 0.99543 0.00000 0.00457 ( 2)
  29 K   0.00000 0.98218 0.00000 0.01782 ( 2)
  30 S   0.79910 0.19938 0.00117 0.00035 ( 1)
  31 G   0.86327 0.13580 0.00077 0.00017 ( 1)
  32 V   0.78019 0.21816 0.00124 0.00040 ( 1)
  33 Q   0.81648 0.18220 0.00103 0.00029 ( 1)
  34 G   0.00001 0.99880 0.00000 0.00119 ( 2)
  35 E   0.00000 0.99377 0.00000 0.00623 ( 2)
  36 D   0.00000 0.99824 0.00000 0.00176 ( 2)
  37 G   0.86326 0.13581 0.00077 0.00017 ( 1)
  38 L   0.72183 0.27596 0.00158 0.00063 ( 1)
  39 D   0.00000 0.99387 0.00000 0.00613 ( 2)
  40 F   0.76386 0.23434 0.00134 0.00046 ( 1)
  41 P   0.79859 0.19993 0.00114 0.00034 ( 1)
  42 E   0.76309 0.23510 0.00134 0.00046 ( 1)
  43 Y   0.78943 0.20901 0.00119 0.00037 ( 1)
  44 D   0.77479 0.22352 0.00127 0.00042 ( 1)
  45 G   0.85350 0.14549 0.00082 0.00019 ( 1)
  46 V   0.78019 0.21816 0.00124 0.00040 ( 1)
  47 D   0.79012 0.20832 0.00119 0.00037 ( 1)
  48 R   0.83031 0.16849 0.00095 0.00025 ( 1)
  49 V   0.78019 0.21816 0.00124 0.00040 ( 1)
  50 V   0.85019 0.14877 0.00084 0.00020 ( 1)
  51 N   0.84487 0.15405 0.00087 0.00021 ( 1)
  52 V   0.85019 0.14877 0.00084 0.00020 ( 1)
  53 N   0.86772 0.13138 0.00074 0.00016 ( 1)
  54 A   0.00000 0.99826 0.00002 0.00172 ( 2)
  55 K   0.80770 0.19090 0.00109 0.00031 ( 1)
  56 N   0.86772 0.13138 0.00074 0.00016 ( 1)
  57 Y   0.75658 0.24155 0.00138 0.00049 ( 1)
  58 K   0.80848 0.19012 0.00109 0.00031 ( 1)
  59 N   0.00001 0.99865 0.00000 0.00135 ( 2)
  60 V   0.78019 0.21816 0.00124 0.00040 ( 1)
  61 F   0.76386 0.23434 0.00134 0.00046 ( 1)
  62 K   0.80770 0.19090 0.00109 0.00031 ( 1)
  63 K   0.80770 0.19090 0.00109 0.00031 ( 1)
  64 Y   0.75762 0.24051 0.00138 0.00049 ( 1)
  65 E   0.76309 0.23510 0.00134 0.00046 ( 1)
  66 V   0.78019 0.21816 0.00124 0.00040 ( 1)
  67 L   0.72183 0.27596 0.00158 0.00063 ( 1)
  68 A   0.80143 0.19717 0.00108 0.00032 ( 1)
  69 L   0.72183 0.27596 0.00158 0.00063 ( 1)
  70 L   0.90339 0.09598 0.00054 0.00009 ( 1)
  71 Y   0.75650 0.24164 0.00138 0.00049 ( 1)
  72 H   0.89716 0.10216 0.00057 0.00010 ( 1)
  73 E   0.80289 0.19567 0.00111 0.00033 ( 1)
  74 H   0.00000 0.99445 0.00000 0.00555 ( 2)
  75 P   0.79880 0.19972 0.00114 0.00034 ( 1)
  76 E   0.00000 0.99802 0.00000 0.00197 ( 2)
  77 D   0.00000 0.99823 0.00000 0.00177 ( 2)
  78 D   0.00000 0.99823 0.00000 0.00177 ( 2)
  79 K   0.80770 0.19090 0.00109 0.00031 ( 1)
  80 A   0.83494 0.16390 0.00093 0.00024 ( 1)
  81 S   0.79497 0.20352 0.00116 0.00035 ( 1)
  82 Q   0.79931 0.19921 0.00113 0.00034 ( 1)
  83 R   0.84353 0.15538 0.00088 0.00021 ( 1)
  84 Q   0.81648 0.18220 0.00103 0.00029 ( 1)
  85 F   0.77905 0.21930 0.00125 0.00041 ( 1)
  86 E   0.77902 0.21929 0.00128 0.00041 ( 1)
  87 M   0.85328 0.14570 0.00083 0.00019 ( 1)
  88 E   0.00000 0.99802 0.00000 0.00197 ( 2)
  89 E   0.76309 0.23510 0.00134 0.00046 ( 1)
  90 L   0.72183 0.27596 0.00158 0.00063 ( 1)
  91 I   0.82491 0.17385 0.00098 0.00026 ( 1)
  92 L   0.72183 0.27596 0.00158 0.00063 ( 1)
  93 E   0.76309 0.23510 0.00134 0.00046 ( 1)
  94 L   0.82942 0.16929 0.00103 0.00026 ( 1)
  95 A   0.79149 0.20690 0.00124 0.00038 ( 1)
  96 A   0.82655 0.17213 0.00105 0.00027 ( 1)
  97 Q   0.79218 0.20621 0.00123 0.00037 ( 1)
  98 V   0.84133 0.15748 0.00096 0.00023 ( 1)
  99 L   0.74693 0.25105 0.00148 0.00054 ( 1)
 100 E   0.79582 0.20260 0.00121 0.00036 ( 1)
 101 D   0.00000 0.97503 0.01899 0.00598 ( 2)
 102 K   0.80042 0.19805 0.00119 0.00035 ( 1)
 103 G   0.84456 0.15427 0.00095 0.00022 ( 1)
 104 V   0.89522 0.10400 0.00066 0.00011 ( 1)
 105 G   0.84289 0.15593 0.00095 0.00023 ( 1)
 106 F   0.75887 0.23923 0.00141 0.00049 ( 1)
 107 G   0.85410 0.14481 0.00089 0.00020 ( 1)
 108 M   0.84434 0.15449 0.00095 0.00022 ( 1)
 109 V   0.77428 0.22396 0.00133 0.00043 ( 1)
 110 D   0.78369 0.21463 0.00128 0.00040 ( 1)
 111 S   0.92675 0.07271 0.00048 0.00006 ( 1)
 112 E   0.75860 0.23949 0.00141 0.00049 ( 1)
 113 K   0.80074 0.19773 0.00118 0.00035 ( 1)
 114 D   0.00000 0.97493 0.01907 0.00600 ( 2)
 115 T   0.00000 0.99635 0.00000 0.00365 ( 2)
 116 V   0.00001 0.99835 0.00000 0.00164 ( 2)
 117 V   0.00001 0.97474 0.02060 0.00465 ( 2)
 118 A   0.00000 0.97493 0.01991 0.00515 ( 2)
 119 K   0.80042 0.19805 0.00119 0.00035 ( 1)
 120 K   0.85257 0.14633 0.00090 0.00020 ( 1)
 121 L   0.74540 0.25257 0.00148 0.00054 ( 1)
 122 G   0.85607 0.14284 0.00089 0.00020 ( 1)
 123 L   0.74988 0.24819 0.00142 0.00052 ( 1)
 124 T   0.00001 0.99855 0.00000 0.00144 ( 2)
 125 E   0.80288 0.19567 0.00111 0.00033 ( 1)
 126 E   0.76309 0.23510 0.00134 0.00046 ( 1)
 127 D   0.79012 0.20832 0.00119 0.00037 ( 1)
 128 S   0.82651 0.17225 0.00098 0.00026 ( 1)
 129 I   0.78754 0.21087 0.00120 0.00038 ( 1)
 130 Y   0.77181 0.22654 0.00123 0.00042 ( 1)
 131 V   0.00001 0.99875 0.00000 0.00125 ( 2)
 132 F   0.76386 0.23434 0.00134 0.00046 ( 1)
 133 K   0.80770 0.19090 0.00109 0.00031 ( 1)
 134 E   0.00000 0.99847 0.00000 0.00152 ( 2)
 135 D   0.77455 0.22376 0.00128 0.00042 ( 1)
 136 E   0.80288 0.19567 0.00111 0.00033 ( 1)
 137 V   0.85018 0.14878 0.00084 0.00020 ( 1)
 138 I   0.78754 0.21087 0.00120 0.00038 ( 1)
 139 E   0.76309 0.23510 0.00134 0.00046 ( 1)
 140 Y   0.78895 0.20949 0.00119 0.00037 ( 1)
 141 D   0.78012 0.21822 0.00125 0.00040 ( 1)
 142 G   0.85112 0.14785 0.00083 0.00019 ( 1)
 143 E   0.76271 0.23548 0.00134 0.00047 ( 1)
 144 F   0.77742 0.22092 0.00125 0.00041 ( 1)
 145 S   0.89897 0.10037 0.00056 0.00010 ( 1)
 146 A   0.82365 0.17509 0.00099 0.00027 ( 1)
 147 D   0.78963 0.20881 0.00119 0.00037 ( 1)
 148 T   0.87474 0.12442 0.00070 0.00014 ( 1)
 149 L   0.72165 0.27614 0.00158 0.00063 ( 1)
 150 V   0.77974 0.21861 0.00124 0.00040 ( 1)
 151 E   0.76271 0.23548 0.00134 0.00047 ( 1)
 152 F   0.77860 0.21974 0.00125 0.00041 ( 1)
 153 L   0.72165 0.27614 0.00158 0.00063 ( 1)
 154 L   0.95034 0.04936 0.00027 0.00003 ( 1)
 155 D   0.77412 0.22418 0.00128 0.00042 ( 1)
 156 V   0.85019 0.14877 0.00084 0.00020 ( 1)
 157 L   0.74796 0.25010 0.00142 0.00052 ( 1)
 158 E   0.00000 0.99815 0.00000 0.00185 ( 2)
 159 D   0.79012 0.20832 0.00119 0.00037 ( 1)
 160 P   0.80817 0.19043 0.00109 0.00031 ( 1)
 161 V   0.78019 0.21816 0.00124 0.00040 ( 1)
 162 E   0.80289 0.19567 0.00111 0.00033 ( 1)
 163 F   0.77582 0.22244 0.00131 0.00043 ( 1)
 164 I   0.78780 0.21063 0.00120 0.00038 ( 1)
 165 D   0.00000 0.99802 0.00000 0.00197 ( 2)
 166 G   0.85350 0.14549 0.00082 0.00019 ( 1)
 167 E   0.80289 0.19567 0.00111 0.00033 ( 1)
 168 R   0.00000 0.95078 0.03876 0.01046 ( 2)
 169 E   0.76309 0.23510 0.00134 0.00046 ( 1)
 170 L   0.72183 0.27596 0.00158 0.00063 ( 1)
 171 Q   0.81648 0.18220 0.00103 0.00029 ( 1)
 172 A   0.79998 0.19853 0.00114 0.00034 ( 1)
 173 F   0.77900 0.21934 0.00125 0.00041 ( 1)
 174 E   0.76309 0.23510 0.00134 0.00046 ( 1)
 175 N   0.84487 0.15405 0.00087 0.00021 ( 1)
 176 I   0.82674 0.17203 0.00098 0.00026 ( 1)
 177 E   0.80265 0.19590 0.00112 0.00033 ( 1)
 178 D   0.77455 0.22375 0.00128 0.00042 ( 1)
 179 E   0.76309 0.23510 0.00134 0.00046 ( 1)
 180 N   0.86772 0.13138 0.00074 0.00016 ( 1)
 181 K   0.86170 0.13735 0.00078 0.00017 ( 1)
 182 L   0.90339 0.09598 0.00054 0.00009 ( 1)
 183 I   0.78809 0.21033 0.00120 0.00038 ( 1)
 184 G   0.85178 0.14719 0.00083 0.00019 ( 1)
 185 Y   0.75650 0.24164 0.00138 0.00049 ( 1)
 186 F   0.76386 0.23434 0.00134 0.00046 ( 1)
 187 K   0.80770 0.19090 0.00109 0.00031 ( 1)
 188 S   0.82651 0.17225 0.00098 0.00026 ( 1)
 189 K   0.86170 0.13735 0.00078 0.00017 ( 1)
 190 D   0.79012 0.20832 0.00119 0.00037 ( 1)
 191 S   0.79497 0.20352 0.00116 0.00035 ( 1)
 192 E   0.76309 0.23510 0.00134 0.00046 ( 1)
 193 H   0.86254 0.13622 0.00104 0.00021 ( 1)
 194 Y   0.74349 0.25437 0.00157 0.00057 ( 1)
 195 K   0.83458 0.16396 0.00118 0.00028 ( 1)
 196 A   0.81036 0.18800 0.00129 0.00035 ( 1)
 197 Y   0.00000 0.99270 0.00001 0.00729 ( 2)
 198 E   0.74894 0.24896 0.00155 0.00055 ( 1)
 199 D   0.00000 0.99794 0.00000 0.00206 ( 2)
 200 A   0.77980 0.21837 0.00140 0.00044 ( 1)
 201 A   0.87067 0.12818 0.00096 0.00018 ( 1)
 202 E   0.74967 0.24825 0.00153 0.00054 ( 1)
 203 E   0.74967 0.24825 0.00153 0.00054 ( 1)
 204 F   0.76306 0.23497 0.00147 0.00050 ( 1)
 205 H   0.86415 0.13465 0.00100 0.00020 ( 1)
 206 P   0.78003 0.21812 0.00141 0.00044 ( 1)
 207 Y   0.74417 0.25371 0.00155 0.00056 ( 1)
 208 I   0.80509 0.19326 0.00129 0.00036 ( 1)
 209 P   0.77977 0.21838 0.00140 0.00044 ( 1)
 210 F   0.75032 0.24761 0.00153 0.00054 ( 1)
 211 F   0.75035 0.24758 0.00153 0.00054 ( 1)
 212 A   0.81168 0.18672 0.00126 0.00034 ( 1)
 213 T   0.84904 0.14966 0.00107 0.00024 ( 1)
 214 F   0.00000 0.99781 0.00000 0.00218 ( 2)
 215 D   0.77254 0.22556 0.00143 0.00046 ( 1)
 216 S   0.80419 0.19416 0.00129 0.00036 ( 1)
 217 K   0.78769 0.21053 0.00137 0.00041 ( 1)
 218 V   0.77341 0.22483 0.00133 0.00044 ( 1)
 219 A   0.79047 0.20791 0.00124 0.00038 ( 1)
 220 K   0.79933 0.19913 0.00119 0.00035 ( 1)
 221 K   0.79987 0.19859 0.00119 0.00035 ( 1)
 222 L   0.71916 0.27857 0.00161 0.00065 ( 1)
 223 T   0.86464 0.13436 0.00083 0.00017 ( 1)
 224 L   0.71916 0.27857 0.00161 0.00065 ( 1)
 225 K   0.79933 0.19913 0.00119 0.00035 ( 1)
 226 L   0.71916 0.27857 0.00161 0.00065 ( 1)
 227 N   0.85734 0.14160 0.00086 0.00019 ( 1)
 228 E   0.76014 0.23803 0.00135 0.00047 ( 1)
 229 I   0.82172 0.17703 0.00099 0.00027 ( 1)
 230 D   0.77133 0.22695 0.00129 0.00043 ( 1)
 231 F   0.76089 0.23729 0.00135 0.00047 ( 1)
 232 Y   0.75378 0.24433 0.00139 0.00050 ( 1)
 233 E   0.76014 0.23803 0.00135 0.00047 ( 1)
 234 A   0.82996 0.16884 0.00095 0.00025 ( 1)
 235 F   0.76089 0.23729 0.00135 0.00047 ( 1)
 236 T   0.00000 0.99872 0.00000 0.00128 ( 2)
 237 E   0.00000 0.99830 0.00000 0.00170 ( 2)
 238 E   0.76014 0.23803 0.00135 0.00047 ( 1)
 239 P   0.80387 0.19470 0.00110 0.00032 ( 1)
 240 V   0.77667 0.22166 0.00126 0.00041 ( 1)
 241 T   0.86990 0.12923 0.00072 0.00015 ( 1)
 242 I   0.82272 0.17602 0.00099 0.00027 ( 1)
 243 P   0.90083 0.09853 0.00054 0.00009 ( 1)
 244 D   0.78584 0.21258 0.00120 0.00038 ( 1)
 245 K   0.80337 0.19520 0.00110 0.00032 ( 1)
 246 P   0.79450 0.20399 0.00116 0.00035 ( 1)
 247 N   0.84169 0.15720 0.00089 0.00022 ( 1)
 248 S   0.82519 0.17355 0.00100 0.00026 ( 1)
 249 E   0.79868 0.19985 0.00113 0.00034 ( 1)
 250 E   0.76014 0.23803 0.00135 0.00047 ( 1)
 251 E   0.76014 0.23803 0.00135 0.00047 ( 1)
 252 I   0.78379 0.21460 0.00122 0.00039 ( 1)
 253 V   0.84494 0.15399 0.00086 0.00021 ( 1)
 254 S   0.00000 0.99587 0.00000 0.00413 ( 2)
 255 F   0.76096 0.23722 0.00135 0.00047 ( 1)
 256 V   0.77667 0.22166 0.00126 0.00041 ( 1)
 257 E   0.76014 0.23803 0.00135 0.00047 ( 1)
 258 E   0.00000 0.99801 0.00000 0.00199 ( 2)
 259 H   0.89162 0.10768 0.00060 0.00011 ( 1)
 260 R   0.88136 0.11786 0.00065 0.00013 ( 1)
 261 R   0.80349 0.19498 0.00119 0.00034 ( 1)
 262 S   0.77050 0.22764 0.00140 0.00046 ( 1)
 263 T   0.83612 0.16258 0.00105 0.00025 ( 1)
 264 L   0.71283 0.28483 0.00166 0.00068 ( 1)
 265 R   0.84673 0.15205 0.00099 0.00023 ( 1)
 266 K   0.81973 0.17883 0.00114 0.00030 ( 1)
 267 L   0.71283 0.28483 0.00166 0.00068 ( 1)
 268 K   0.77858 0.21965 0.00134 0.00043 ( 1)
 269 P   0.77900 0.21923 0.00134 0.00043 ( 1)
 270 E   0.74373 0.25420 0.00151 0.00056 ( 1)
 271 S   0.84726 0.15153 0.00099 0.00022 ( 1)
 272 M   0.81648 0.18206 0.00115 0.00031 ( 1)
 273 Y   0.76351 0.23459 0.00141 0.00048 ( 1)
 274 E   0.74373 0.25420 0.00151 0.00056 ( 1)
 275 T   0.83612 0.16258 0.00105 0.00025 ( 1)
 276 W   0.72371 0.27404 0.00161 0.00064 ( 1)
 277 E   0.74387 0.25387 0.00167 0.00059 ( 1)
 278 D   0.76413 0.23373 0.00162 0.00052 ( 1)
 279 D   0.00000 0.99771 0.00000 0.00229 ( 2)
 280 L   0.71290 0.28467 0.00173 0.00070 ( 1)
 281 D   0.75268 0.24511 0.00165 0.00056 ( 1)
 282 G   0.82800 0.17024 0.00144 0.00033 ( 1)
 283 I   0.79498 0.20305 0.00154 0.00043 ( 1)
 284 H   0.85108 0.14729 0.00135 0.00027 ( 1)
 285 I   0.76279 0.23505 0.00162 0.00053 ( 1)
 286 V   0.75706 0.24076 0.00164 0.00055 ( 1)
 287 A   0.80114 0.19693 0.00152 0.00041 ( 1)
 288 F   0.75616 0.24165 0.00164 0.00055 ( 1)
 289 A   0.77131 0.22659 0.00160 0.00050 ( 1)
 290 E   0.74387 0.25387 0.00167 0.00059 ( 1)
 291 E   0.77494 0.22297 0.00159 0.00049 ( 1)
 292 A   0.00000 0.99788 0.00000 0.00212 ( 2)
 293 D   0.75268 0.24511 0.00165 0.00056 ( 1)
 294 P   0.77919 0.21875 0.00158 0.00048 ( 1)
 295 D   0.75041 0.24739 0.00164 0.00057 ( 1)
 296 G   0.84720 0.15174 0.00085 0.00020 ( 1)
 297 Y   0.78611 0.21230 0.00121 0.00038 ( 1)
 298 E   0.76053 0.23765 0.00135 0.00047 ( 1)
 299 F   0.76128 0.23690 0.00135 0.00047 ( 1)
 300 L   0.83352 0.16531 0.00093 0.00024 ( 1)
 301 E   0.76053 0.23765 0.00135 0.00047 ( 1)
 302 I   0.78428 0.21411 0.00122 0.00039 ( 1)
 303 L   0.89856 0.10078 0.00056 0.00010 ( 1)
 304 K   0.80393 0.19464 0.00110 0.00032 ( 1)
 305 S   0.00000 0.98413 0.00000 0.01587 ( 2)
 306 V   0.77713 0.22120 0.00126 0.00041 ( 1)
 307 A   0.83061 0.16819 0.00095 0.00025 ( 1)
 308 Q   0.00000 0.97647 0.01803 0.00550 ( 2)
 309 D   0.77164 0.22664 0.00129 0.00043 ( 1)
 310 N   0.86267 0.13640 0.00076 0.00017 ( 1)
 311 T   0.88360 0.11562 0.00065 0.00012 ( 1)
 312 E   0.00000 0.97638 0.01818 0.00544 ( 2)
 313 N   0.84528 0.15361 0.00090 0.00021 ( 1)
 314 P   0.80416 0.19442 0.00110 0.00032 ( 1)
 315 D   0.78679 0.21163 0.00120 0.00038 ( 1)
 316 L   0.72062 0.27716 0.00158 0.00064 ( 1)
 317 S   0.82234 0.17639 0.00100 0.00027 ( 1)
 318 I   0.00000 0.99848 0.00000 0.00152 ( 2)
 319 V   0.00000 0.99848 0.00000 0.00152 ( 2)
 320 W   0.73480 0.26312 0.00150 0.00058 ( 1)
 321 I   0.78480 0.21359 0.00122 0.00039 ( 1)
 322 D   0.78679 0.21163 0.00120 0.00038 ( 1)
 323 P   0.80444 0.19414 0.00110 0.00032 ( 1)
 324 D   0.77164 0.22664 0.00129 0.00043 ( 1)
 325 D   0.78679 0.21163 0.00120 0.00038 ( 1)
 326 F   0.76128 0.23690 0.00135 0.00047 ( 1)
 327 P   0.79503 0.20346 0.00116 0.00035 ( 1)
 328 L   0.72062 0.27716 0.00158 0.00064 ( 1)
 329 L   0.70314 0.29436 0.00175 0.00074 ( 1)
 330 V   0.80537 0.19263 0.00159 0.00041 ( 1)
 331 P   0.82376 0.17434 0.00154 0.00036 ( 1)
 332 Y   0.71905 0.27853 0.00174 0.00069 ( 1)
 333 W   0.70978 0.28776 0.00175 0.00072 ( 1)
 334 E   0.72218 0.27541 0.00173 0.00067 ( 1)
 335 K   0.74451 0.25319 0.00170 0.00060 ( 1)
 336 T   0.80349 0.19450 0.00159 0.00042 ( 1)
 337 F   0.72968 0.26795 0.00172 0.00065 ( 1)
 338 N   0.77926 0.21861 0.00164 0.00049 ( 1)
 339 I   0.75525 0.24250 0.00169 0.00056 ( 1)
 340 D   0.73545 0.26221 0.00171 0.00063 ( 1)
 341 L   0.70314 0.29436 0.00175 0.00074 ( 1)
 342 S   0.73790 0.25976 0.00171 0.00062 ( 1)
 343 A   0.75942 0.23835 0.00168 0.00055 ( 1)
 344 P   0.82376 0.17434 0.00154 0.00036 ( 1)
 345 Q   0.74387 0.25385 0.00168 0.00060 ( 1)
 346 I   0.83403 0.16413 0.00152 0.00033 ( 1)
 347 G   0.77819 0.21967 0.00165 0.00049 ( 1)
 348 V   0.76835 0.22946 0.00166 0.00052 ( 1)
 349 V   0.76835 0.22946 0.00166 0.00052 ( 1)
 350 N   0.76519 0.23261 0.00167 0.00053 ( 1)
 351 V   0.80537 0.19263 0.00159 0.00041 ( 1)
 352 T   0.79330 0.20464 0.00161 0.00045 ( 1)
 353 D   0.72771 0.26991 0.00172 0.00066 ( 1)
 354 A   0.89785 0.10148 0.00057 0.00010 ( 1)
 355 D   0.79012 0.20832 0.00119 0.00037 ( 1)
 356 S   0.82651 0.17225 0.00098 0.00026 ( 1)
 357 I   0.00000 0.99928 0.00000 0.00072 ( 2)
 358 W   0.73652 0.26142 0.00149 0.00057 ( 1)
 359 M   0.85328 0.14570 0.00083 0.00019 ( 1)
 360 D   0.00000 0.99802 0.00000 0.00197 ( 2)
 361 M   0.85328 0.14570 0.00083 0.00019 ( 1)
 362 D   0.77455 0.22375 0.00128 0.00042 ( 1)
 363 D   0.77455 0.22375 0.00128 0.00042 ( 1)
 364 E   0.80277 0.19579 0.00112 0.00033 ( 1)
 365 E   0.76309 0.23510 0.00134 0.00046 ( 1)
 366 D   0.79012 0.20832 0.00119 0.00037 ( 1)
 367 L   0.72183 0.27596 0.00158 0.00063 ( 1)
 368 P   0.80822 0.19038 0.00109 0.00031 ( 1)
 369 S   0.89967 0.09967 0.00056 0.00010 ( 1)
 370 A   0.00000 0.99610 0.00000 0.00390 ( 2)
 371 E   0.76418 0.23402 0.00134 0.00046 ( 1)
 372 E   0.76309 0.23510 0.00134 0.00046 ( 1)
 373 L   0.72183 0.27596 0.00158 0.00063 ( 1)
 374 E   0.76309 0.23510 0.00134 0.00046 ( 1)
 375 D   0.79012 0.20832 0.00119 0.00037 ( 1)
 376 W   0.73652 0.26142 0.00149 0.00057 ( 1)
 377 L   0.72183 0.27596 0.00158 0.00063 ( 1)
 378 E   0.76309 0.23510 0.00134 0.00046 ( 1)
 379 D   0.77455 0.22375 0.00128 0.00042 ( 1)
 380 V   0.86083 0.13822 0.00078 0.00017 ( 1)
 381 L   0.72183 0.27596 0.00158 0.00063 ( 1)
 382 E   0.76309 0.23510 0.00134 0.00046 ( 1)
 383 G   0.85182 0.14715 0.00083 0.00019 ( 1)
 384 E   0.76309 0.23510 0.00134 0.00046 ( 1)
 385 I   0.82754 0.17123 0.00097 0.00026 ( 1)
 386 N   0.86772 0.13138 0.00074 0.00016 ( 1)
 387 T   0.86566 0.13342 0.00076 0.00016 ( 1)
 388 E   0.76309 0.23510 0.00134 0.00046 ( 1)
 389 D   0.77493 0.22337 0.00128 0.00042 ( 1)
 390 D   0.77474 0.22357 0.00127 0.00042 ( 1)
 391 D   0.77969 0.21871 0.00121 0.00040 ( 1)
 392 D   0.78362 0.21473 0.00126 0.00040 ( 1)
 393 D   0.00000 0.97565 0.01833 0.00601 ( 2)


lnL = -2761.953097

Bayes Empirical Bayes (BEB) probabilities for 4 classes (class)
(amino acids refer to 1st sequence: Bacu)

   1 M   0.85229 0.12380 0.02015 0.00376 ( 1)
   2 S   0.00013 0.84622 0.00289 0.15076 ( 2)
   3 A   0.83372 0.14140 0.02048 0.00439 ( 1)
   4 A   0.81070 0.16130 0.02259 0.00540 ( 1)
   5 D   0.19156 0.75452 0.02517 0.02875 ( 2)
   6 R   0.88950 0.09286 0.01529 0.00236 ( 1)
   7 M   0.01007 0.47729 0.43428 0.07836 ( 2)
   8 G   0.86838 0.11129 0.01727 0.00306 ( 1)
   9 A   0.84321 0.13318 0.01961 0.00401 ( 1)
  10 R   0.85085 0.12655 0.01889 0.00371 ( 1)
  11 A   0.23146 0.74021 0.00564 0.02269 ( 2)
  12 V   0.79458 0.17520 0.02405 0.00616 ( 1)
  13 P   0.81088 0.16111 0.02261 0.00540 ( 1)
  14 G   0.26497 0.70948 0.00558 0.01997 ( 2)
  15 L   0.00927 0.87857 0.01688 0.09528 ( 2)
  16 R   0.03010 0.94728 0.00046 0.02215 ( 2)
  17 L   0.74225 0.21973 0.02896 0.00906 ( 1)
  18 A   0.81070 0.16130 0.02259 0.00540 ( 1)
  19 L   0.74225 0.21973 0.02896 0.00906 ( 1)
  20 L   0.74476 0.21723 0.02906 0.00896 ( 1)
  21 L   0.20712 0.57955 0.17843 0.03490 ( 2)
  22 L   0.14643 0.81449 0.00571 0.03337 ( 2)
  23 L   0.74581 0.21756 0.02790 0.00873 ( 1)
  24 V   0.79458 0.17520 0.02405 0.00616 ( 1)
  25 L   0.76749 0.19836 0.02657 0.00758 ( 1)
  26 G   0.86838 0.11129 0.01727 0.00306 ( 1)
  27 T   0.87050 0.10942 0.01709 0.00299 ( 1)
  28 P   0.01852 0.90202 0.01772 0.06174 ( 2)
  29 K   0.00078 0.76852 0.04314 0.18756 ( 2)
  30 S   0.81098 0.16061 0.02297 0.00543 ( 1)
  31 G   0.86839 0.11128 0.01727 0.00306 ( 1)
  32 V   0.79458 0.17520 0.02405 0.00616 ( 1)
  33 Q   0.82687 0.14738 0.02107 0.00467 ( 1)
  34 G   0.29029 0.68591 0.00554 0.01826 ( 2)
  35 E   0.01184 0.88841 0.01737 0.08238 ( 2)
  36 D   0.19540 0.77290 0.00560 0.02610 ( 2)
  37 G   0.86838 0.11129 0.01727 0.00306 ( 1)
  38 L   0.74225 0.21973 0.02896 0.00906 ( 1)
  39 D   0.01237 0.88901 0.01773 0.08089 ( 2)
  40 F   0.78000 0.18768 0.02541 0.00691 ( 1)
  41 P   0.81088 0.16111 0.02261 0.00540 ( 1)
  42 E   0.77931 0.18827 0.02548 0.00695 ( 1)
  43 Y   0.80282 0.16813 0.02329 0.00576 ( 1)
  44 D   0.78975 0.17934 0.02450 0.00641 ( 1)
  45 G   0.85971 0.11885 0.01807 0.00337 ( 1)
  46 V   0.79458 0.17520 0.02405 0.00616 ( 1)
  47 D   0.80342 0.16760 0.02324 0.00574 ( 1)
  48 R   0.83915 0.13674 0.01995 0.00416 ( 1)
  49 V   0.79458 0.17520 0.02405 0.00616 ( 1)
  50 V   0.85674 0.12141 0.01836 0.00349 ( 1)
  51 N   0.85204 0.12552 0.01878 0.00366 ( 1)
  52 V   0.85674 0.12141 0.01836 0.00349 ( 1)
  53 N   0.87234 0.10783 0.01691 0.00292 ( 1)
  54 A   0.20165 0.76690 0.00594 0.02551 ( 2)
  55 K   0.81906 0.15412 0.02180 0.00502 ( 1)
  56 N   0.87234 0.10783 0.01691 0.00292 ( 1)
  57 Y   0.77349 0.19324 0.02601 0.00725 ( 1)
  58 K   0.81967 0.15351 0.02182 0.00500 ( 1)
  59 N   0.25701 0.71695 0.00555 0.02048 ( 2)
  60 V   0.79458 0.17520 0.02405 0.00616 ( 1)
  61 F   0.78000 0.18768 0.02541 0.00691 ( 1)
  62 K   0.81906 0.15412 0.02180 0.00502 ( 1)
  63 K   0.81906 0.15412 0.02180 0.00502 ( 1)
  64 Y   0.77432 0.19242 0.02604 0.00722 ( 1)
  65 E   0.77931 0.18827 0.02548 0.00695 ( 1)
  66 V   0.79458 0.17520 0.02405 0.00616 ( 1)
  67 L   0.74225 0.21973 0.02896 0.00906 ( 1)
  68 A   0.81407 0.15909 0.02166 0.00518 ( 1)
  69 L   0.74225 0.21973 0.02896 0.00906 ( 1)
  70 L   0.90422 0.07998 0.01389 0.00191 ( 1)
  71 Y   0.77342 0.19331 0.02601 0.00726 ( 1)
  72 H   0.89865 0.08486 0.01441 0.00207 ( 1)
  73 E   0.81478 0.15782 0.02220 0.00521 ( 1)
  74 H   0.01557 0.89166 0.01940 0.07337 ( 2)
  75 P   0.81107 0.16095 0.02259 0.00539 ( 1)
  76 E   0.17330 0.79207 0.00565 0.02897 ( 2)
  77 D   0.01384 0.95350 0.00040 0.03225 ( 2)
  78 D   0.19740 0.77080 0.00569 0.02612 ( 2)
  79 K   0.81906 0.15412 0.02180 0.00502 ( 1)
  80 A   0.84321 0.13318 0.01961 0.00401 ( 1)
  81 S   0.80769 0.16389 0.02288 0.00554 ( 1)
  82 Q   0.81161 0.16056 0.02247 0.00536 ( 1)
  83 R   0.85085 0.12655 0.01889 0.00371 ( 1)
  84 Q   0.82687 0.14738 0.02107 0.00467 ( 1)
  85 F   0.79354 0.17608 0.02417 0.00622 ( 1)
  86 E   0.79315 0.17599 0.02457 0.00628 ( 1)
  87 M   0.85950 0.11902 0.01810 0.00338 ( 1)
  88 E   0.17323 0.79214 0.00565 0.02898 ( 2)
  89 E   0.77931 0.18827 0.02548 0.00695 ( 1)
  90 L   0.74225 0.21973 0.02896 0.00906 ( 1)
  91 I   0.83445 0.14093 0.02027 0.00435 ( 1)
  92 L   0.74225 0.21973 0.02896 0.00906 ( 1)
  93 E   0.77931 0.18827 0.02548 0.00695 ( 1)
  94 L   0.83743 0.13722 0.02103 0.00432 ( 1)
  95 A   0.80387 0.16635 0.02397 0.00580 ( 1)
  96 A   0.83488 0.13943 0.02127 0.00442 ( 1)
  97 Q   0.80454 0.16582 0.02388 0.00576 ( 1)
  98 V   0.84794 0.12804 0.02012 0.00390 ( 1)
  99 L   0.76426 0.20041 0.02748 0.00785 ( 1)
