Supplemental results for CODEML (seqf: /home/leticiamagpali/phd/evol_models/codeml/small_dataset/cml_align/CASQ2_codon_aligned.phy  treef: /home/leticiamagpali/phd/evol_models/codeml/small_dataset/cml_trees/gene_trees/H3_gene_trees/CASQ2_codon_H3.tre)

I	J	ij	2Ns_IJ	pMut_IJ	pSub_IJ	2Ns_JI	pMut_JI	pSub_JI

TTC	TTT	CT	0.32464	0.13837	0.16204	-0.32464	0.19144	0.16204
TTA	TTT	AT	5.95828	0.00009	0.00054	-5.95828	0.03471	0.00054
TTA	TTC	AC	5.63364	0.00009	0.00052	-5.63364	0.02585	0.00052
TTG	TTT	GT	0.73771	0.01794	0.02536	-0.73771	0.03751	0.02536
TTG	TTC	GC	0.41306	0.01848	0.02256	-0.41306	0.02794	0.02256
TTG	TTA	GA	-5.22058	0.09958	0.00282	5.22058	0.00054	0.00282
TCT	TTT	CT	1.55125	0.04058	0.07989	-1.55125	0.19144	0.07989
TCC	TTC	CT	1.30592	0.03863	0.06919	-1.30592	0.14257	0.06919
TCC	TCT	CT	0.07931	0.03863	0.04018	-0.07931	0.04181	0.04018
TCA	TTA	CT	-3.97741	0.02689	0.00204	3.97741	0.00050	0.00204
TCA	TCT	AT	0.42962	0.00493	0.00607	-0.42962	0.00758	0.00607
TCA	TCC	AC	0.35031	0.00508	0.00603	-0.35031	0.00722	0.00603
TCG	TTG	CT	4.63509	0.00098	0.00458	-4.63509	0.10076	0.00458
TCG	TCT	GT	3.82155	0.00018	0.00070	-3.82155	0.00819	0.00070
TCG	TCC	GC	3.74223	0.00018	0.00071	-3.74223	0.00780	0.00071
TCG	TCA	GA	3.39193	0.00100	0.00350	-3.39193	0.02960	0.00350
TAT	TTT	AT	1.02381	0.01247	0.01992	-1.02381	0.03471	0.01992
TAT	TCT	AC	-0.52744	0.01285	0.00975	0.52744	0.00758	0.00975
TAC	TTC	AT	0.35529	0.01812	0.02153	-0.35529	0.02585	0.02153
TAC	TCC	AC	-0.95063	0.01867	0.01118	0.95063	0.00722	0.01118
TAC	TAT	CT	-0.34388	0.09877	0.08276	0.34388	0.07003	0.08276
TGT	TTT	GT	3.73344	0.00090	0.00343	-3.73344	0.03751	0.00343
TGT	TCT	GC	2.18219	0.00092	0.00227	-2.18219	0.00819	0.00227
TGT	TAT	GA	2.70963	0.00498	0.01445	-2.70963	0.07480	0.01445
TGC	TTC	GT	1.89115	0.00422	0.00939	-1.89115	0.02794	0.00939
TGC	TCC	GC	0.58523	0.00434	0.00574	-0.58523	0.00780	0.00574
TGC	TAC	GA	1.53586	0.02340	0.04580	-1.53586	0.10870	0.04580
TGC	TGT	CT	-1.51764	0.02298	0.00979	1.51764	0.00504	0.00979
TGG	TTG	GT	0.52664	0.01166	0.01500	-0.52664	0.01974	0.01500
TGG	TCG	GC	-4.10845	0.01201	0.00082	4.10845	0.00020	0.00082
TGG	TGT	GT	-2.46910	0.01166	0.00266	2.46910	0.00099	0.00266
TGG	TGC	GC	-0.95145	0.01201	0.00719	0.95145	0.00464	0.00719
CTT	TTT	CT	1.31613	0.05134	0.09233	-1.31613	0.19144	0.09233
CTC	TTC	CT	0.77753	0.06552	0.09426	-0.77753	0.14257	0.09426
CTC	CTT	CT	-0.21396	0.06552	0.05876	0.21396	0.05290	0.05876
CTA	TTA	CT	-4.35211	0.03912	0.00222	4.35211	0.00050	0.00222
CTA	CTT	AT	0.29005	0.00718	0.00827	-0.29005	0.00959	0.00827
CTA	CTC	AC	0.50401	0.00739	0.00941	-0.50401	0.01224	0.00941
CTG	TTG	CT	-0.60666	0.18482	0.13439	0.60666	0.10076	0.13439
CTG	CTT	GT	-1.18508	0.03390	0.01769	1.18508	0.01037	0.01769
CTG	CTC	GC	-0.97112	0.03493	0.02067	0.97112	0.01323	0.02067
CTG	CTA	GA	-1.47513	0.18820	0.08234	1.47513	0.04305	0.08234
CCT	TCT	CT	0.10495	0.03765	0.03966	-0.10495	0.04181	0.03966
CCT	CTT	CT	0.34007	0.03765	0.04441	-0.34007	0.05290	0.04441
CCC	TCC	CT	-0.69438	0.07970	0.05520	0.69438	0.03980	0.05520
CCC	CTC	CT	-0.16599	0.07970	0.07327	0.16599	0.06751	0.07327
CCC	CCT	CT	-0.72003	0.07970	0.05442	0.72003	0.03879	0.05442
CCA	TCA	CT	-1.02534	0.07725	0.04430	1.02534	0.02771	0.04430
CCA	CTA	CT	-0.65065	0.07725	0.05483	0.65065	0.04030	0.05483
CCA	CCT	AT	-0.70068	0.01417	0.00978	0.70068	0.00703	0.00978
CCA	CCC	AC	0.01935	0.01460	0.01474	-0.01935	0.01489	0.01474
CCG	TCG	CT	-2.57277	0.01320	0.00281	2.57277	0.00101	0.00281
CCG	CTG	CT	2.66898	0.01320	0.03786	-2.66898	0.19043	0.03786
CCG	CCT	GT	1.14382	0.00242	0.00407	-1.14382	0.00760	0.00407
CCG	CCC	GC	1.86385	0.00250	0.00550	-1.86385	0.01609	0.00550
CCG	CCA	GA	1.84450	0.01344	0.02945	-1.84450	0.08502	0.02945
CAT	TAT	CT	0.52174	0.04156	0.05334	-0.52174	0.07003	0.05334
CAT	CTT	AT	0.22942	0.00762	0.00853	-0.22942	0.00959	0.00853
CAT	CCT	AC	-0.11065	0.00786	0.00743	0.11065	0.00703	0.00743
CAC	TAC	CT	0.96874	0.03863	0.06031	-0.96874	0.10177	0.06031
CAC	CTC	AT	0.54651	0.00709	0.00920	-0.54651	0.01224	0.00920
CAC	CCC	AC	0.71250	0.00730	0.01021	-0.71250	0.01489	0.01021
CAC	CAT	CT	0.10312	0.03863	0.04065	-0.10312	0.04282	0.04065
CAA	CTA	AT	0.09607	0.00664	0.00696	-0.09607	0.00731	0.00696
CAA	CCA	AC	0.74672	0.00684	0.00971	-0.74672	0.01443	0.00971
CAA	CAT	AT	0.15670	0.00664	0.00717	-0.15670	0.00776	0.00717
CAA	CAC	AC	0.05358	0.00684	0.00702	-0.05358	0.00722	0.00702
CAG	CTG	AT	0.82904	0.01507	0.02217	-0.82904	0.03452	0.02217
CAG	CCG	AC	-1.83993	0.01553	0.00539	1.83993	0.00247	0.00539
CAG	CAT	GT	-0.58546	0.01507	0.01109	0.58546	0.00839	0.01109
CAG	CAC	GC	-0.68858	0.01553	0.01079	0.68858	0.00780	0.01079
CAG	CAA	GA	-0.74216	0.08364	0.05641	0.74216	0.03982	0.05641
CGT	TGT	CT	-0.50071	0.00831	0.00640	0.50071	0.00504	0.00640
CGT	CTT	GT	1.91660	0.00152	0.00343	-1.91660	0.01037	0.00343
CGT	CCT	GC	1.57653	0.00157	0.00312	-1.57653	0.00760	0.00312
CGT	CAT	GA	1.68718	0.00846	0.01752	-1.68718	0.04574	0.01752
CGC	TGC	CT	-0.85613	0.05574	0.03524	0.85613	0.02368	0.03524
CGC	CTC	GT	0.25749	0.01023	0.01160	-0.25749	0.01323	0.01160
CGC	CCC	GC	0.42349	0.01054	0.01292	-0.42349	0.01609	0.01292
CGC	CAC	GA	-0.28901	0.05676	0.04895	0.28901	0.04251	0.04895
CGC	CGT	CT	-1.87307	0.05574	0.01895	1.87307	0.00856	0.01895
CGA	CTA	GT	9.07013	0.00000	0.00000	-9.07013	0.00790	0.00001
CGA	CCA	GC	9.72078	0.00000	0.00000	-9.72078	0.01560	0.00001
CGA	CAA	GA	8.97406	0.00000	0.00000	-8.97406	0.03982	0.00005
CGA	CGT	AT	7.44358	0.00000	0.00000	-7.44358	0.00155	0.00001
CGA	CGC	AC	9.31665	0.00000	0.00000	-9.31665	0.01041	0.00001
CGG	TGG	CT	1.63936	0.01271	0.02586	-1.63936	0.06549	0.02586
CGG	CTG	GT	2.77265	0.00233	0.00690	-2.77265	0.03731	0.00690
CGG	CCG	GC	0.10367	0.00240	0.00253	-0.10367	0.00267	0.00253
CGG	CAG	GA	1.94361	0.01294	0.02936	-1.94361	0.09040	0.02936
CGG	CGT	GT	-0.32903	0.00233	0.00197	0.32903	0.00168	0.00197
CGG	CGC	GC	1.54404	0.00240	0.00472	-1.54404	0.01125	0.00472
CGG	CGA	GA	-7.77261	0.01294	0.00004	7.77261	0.00000	0.00000
ATT	TTT	AT	0.43682	0.02242	0.02768	-0.43682	0.03471	0.02768
ATT	CTT	AC	-0.87931	0.02310	0.01442	0.87931	0.00959	0.01442
ATC	TTC	AT	-0.02002	0.02637	0.02611	0.02002	0.02585	0.02611
ATC	CTC	AC	-0.79755	0.02717	0.01776	0.79755	0.01224	0.01776
ATC	ATT	CT	-0.13220	0.14375	0.13446	0.13220	0.12595	0.13446
ATA	TTA	AT	-3.38308	0.00269	0.00032	3.38308	0.00009	0.00032
ATA	CTA	AC	0.96902	0.00277	0.00433	-0.96902	0.00731	0.00433
ATA	ATT	AT	2.13838	0.00269	0.00652	-2.13838	0.02283	0.00652
ATA	ATC	AC	2.27058	0.00277	0.00702	-2.27058	0.02685	0.00702
ATG	TTG	AT	0.48015	0.01130	0.01423	-0.48015	0.01827	0.01423
ATG	CTG	AC	1.08681	0.01164	0.01910	-1.08681	0.03452	0.01910
ATG	ATT	GT	0.78103	0.01130	0.01628	-0.78103	0.02468	0.01628
ATG	ATC	GC	0.91323	0.01164	0.01776	-0.91323	0.02902	0.01776
ATG	ATA	GA	-1.35735	0.06273	0.02951	1.35735	0.01614	0.02951
ACT	TCT	AT	-0.22649	0.00951	0.00847	0.22649	0.00758	0.00847
ACT	CCT	AC	-0.33144	0.00980	0.00826	0.33144	0.00703	0.00826
ACT	ATT	CT	0.88794	0.05183	0.07820	-0.88794	0.12595	0.07820
ACC	TCC	AT	-0.05509	0.00762	0.00742	0.05509	0.00722	0.00742
ACC	CCC	AC	0.63929	0.00786	0.01063	-0.63929	0.01489	0.01063
ACC	ATC	CT	1.27085	0.04156	0.07342	-1.27085	0.14811	0.07342
ACC	ACT	CT	0.25071	0.04156	0.04699	-0.25071	0.05340	0.04699
ACA	TCA	AT	-0.80287	0.01121	0.00731	0.80287	0.00502	0.00731
ACA	CCA	AC	0.22248	0.01155	0.01288	-0.22248	0.01443	0.01288
ACA	ATA	CT	-1.39720	0.06112	0.02805	1.39720	0.01511	0.02805
ACA	ACT	AT	-0.14676	0.01121	0.01041	0.14676	0.00968	0.01041
ACA	ACC	AC	-0.39747	0.01155	0.00941	0.39747	0.00776	0.00941
ACG	TCG	AT	-2.58458	0.00242	0.00051	2.58458	0.00018	0.00051
ACG	CCG	AC	-0.01181	0.00250	0.00248	0.01181	0.00247	0.00248
ACG	ATG	CT	1.57036	0.01320	0.02617	-1.57036	0.06348	0.02617
ACG	ACT	GT	1.46345	0.00242	0.00461	-1.46345	0.01046	0.00461
ACG	ACC	GC	1.21275	0.00250	0.00431	-1.21275	0.00839	0.00431
ACG	ACA	GA	1.61022	0.01344	0.02705	-1.61022	0.06727	0.02705
AAT	TAT	AT	0.14040	0.01103	0.01182	-0.14040	0.01270	0.01182
AAT	CAT	AC	-0.38134	0.01137	0.00934	0.38134	0.00776	0.00934
AAT	ATT	AT	0.72739	0.01103	0.01553	-0.72739	0.02283	0.01553
AAT	ACT	AC	-0.16055	0.01137	0.01048	0.16055	0.00968	0.01048
AAC	TAC	AT	0.06369	0.01731	0.01787	-0.06369	0.01845	0.01787
AAC	CAC	AC	-0.90505	0.01784	0.01097	0.90505	0.00722	0.01097
AAC	ATC	AT	0.43900	0.01731	0.02139	-0.43900	0.02685	0.02139
AAC	ACC	AC	-0.83184	0.01784	0.01143	0.83184	0.00776	0.01143
AAC	AAT	CT	-0.42059	0.09437	0.07591	0.42059	0.06197	0.07591
AAA	CAA	AC	-1.28747	0.02449	0.01202	1.28747	0.00676	0.01202
AAA	ATA	AT	-2.16042	0.02377	0.00669	2.16042	0.00274	0.00669
AAA	ACA	AC	-0.76322	0.02449	0.01632	0.76322	0.01142	0.01632
AAA	AAT	AT	-0.74943	0.02377	0.01596	0.74943	0.01123	0.01596
AAA	AAC	AC	-0.32885	0.02449	0.02068	0.32885	0.01763	0.02068
AAG	CAG	AC	-0.94463	0.03946	0.02372	0.94463	0.01534	0.02372
AAG	ATG	AT	-1.20239	0.03830	0.01978	1.20239	0.01151	0.01978
AAG	ACG	AC	-2.77275	0.03946	0.00729	2.77275	0.00247	0.00729
AAG	AAT	GT	-1.14875	0.03830	0.02042	1.14875	0.01214	0.02042
AAG	AAC	GC	-0.72816	0.03946	0.02682	0.72816	0.01905	0.02682
AAG	AAA	GA	-0.39931	0.21259	0.17296	0.39931	0.14260	0.17296
AGT	TGT	AT	-2.79730	0.01498	0.00272	2.79730	0.00091	0.00272
AGT	CGT	AC	-2.29659	0.01543	0.00396	2.29659	0.00155	0.00396
AGT	ATT	GT	0.49932	0.01498	0.01903	-0.49932	0.02468	0.01903
AGT	ACT	GC	-0.38862	0.01543	0.01263	0.38862	0.01046	0.01263
AGT	AAT	GA	-0.22807	0.08315	0.07402	0.22807	0.06619	0.07402
AGC	TGC	AT	-0.38023	0.00628	0.00516	0.38023	0.00429	0.00516
AGC	CGC	AC	0.47590	0.00647	0.00813	-0.47590	0.01041	0.00813
AGC	ATC	GT	1.53094	0.00628	0.01227	-1.53094	0.02902	0.01227
AGC	ACC	GC	0.26009	0.00647	0.00735	-0.26009	0.00839	0.00735
AGC	AAC	GA	1.09193	0.03485	0.05727	-1.09193	0.10386	0.05727
AGC	AGT	CT	0.89942	0.03423	0.05189	-0.89942	0.08413	0.05189
AGA	CGA	AC	-8.34173	0.00388	0.00001	8.34173	0.00000	0.00000
AGA	ATA	GT	-0.24062	0.00377	0.00333	0.24062	0.00296	0.00333
AGA	ACA	GC	1.15658	0.00388	0.00655	-1.15658	0.01234	0.00655
AGA	AAA	GA	1.91980	0.02091	0.04704	-1.91980	0.14260	0.04704
AGA	AGT	AT	1.39844	0.00377	0.00700	-1.39844	0.01525	0.00700
AGA	AGC	AC	0.49902	0.00388	0.00493	-0.49902	0.00639	0.00493
AGG	TGG	AT	0.84260	0.00511	0.00757	-0.84260	0.01187	0.00757
AGG	CGG	AC	-0.79676	0.00527	0.00344	0.79676	0.00237	0.00344
AGG	ATG	GT	0.88908	0.00511	0.00772	-0.88908	0.01244	0.00772
AGG	ACG	GC	-0.68128	0.00527	0.00368	0.68128	0.00267	0.00368
AGG	AAG	GA	2.09147	0.02838	0.06772	-2.09147	0.22978	0.06772
AGG	AGT	GT	1.17080	0.00511	0.00868	-1.17080	0.01649	0.00868
AGG	AGC	GC	0.27138	0.00527	0.00601	-0.27138	0.00691	0.00601
AGG	AGA	GA	-0.22764	0.02838	0.02527	0.22764	0.02260	0.02527
GTT	TTT	GT	0.80492	0.01677	0.02442	-0.80492	0.03751	0.02442
GTT	CTT	GC	-0.51121	0.01728	0.01324	0.51121	0.01037	0.01324
GTT	ATT	GA	0.36809	0.09310	0.11129	-0.36809	0.13453	0.11129
GTC	TTC	GT	0.62931	0.01489	0.02006	-0.62931	0.02794	0.02006
GTC	CTC	GC	-0.14821	0.01534	0.01423	0.14821	0.01323	0.01423
GTC	ATC	GA	0.64933	0.08265	0.11236	-0.64933	0.15821	0.11236
GTC	GTT	CT	0.14904	0.08116	0.08736	-0.14904	0.09421	0.08736
GTA	TTA	GT	-2.89988	0.00179	0.00030	2.89988	0.00010	0.00030
GTA	CTA	GC	1.45223	0.00185	0.00350	-1.45223	0.00790	0.00350
GTA	ATA	GA	0.48320	0.00996	0.01256	-0.48320	0.01614	0.01256
GTA	GTT	AT	2.25349	0.00179	0.00452	-2.25349	0.01708	0.00452
GTA	GTC	AC	2.10445	0.00185	0.00443	-2.10445	0.01516	0.00443
GTG	TTG	GT	-0.46946	0.03157	0.02474	0.46946	0.01974	0.02474
GTG	CTG	GC	0.13720	0.03253	0.03481	-0.13720	0.03731	0.03481
GTG	ATG	GA	-0.94961	0.17525	0.10502	0.94961	0.06780	0.10502
GTG	GTT	GT	-0.53667	0.03157	0.02385	0.53667	0.01846	0.02385
GTG	GTC	GC	-0.68571	0.03253	0.02264	0.68571	0.01639	0.02264
GTG	GTA	GA	-2.79016	0.17525	0.03199	2.79016	0.01076	0.03199
GCT	TCT	GT	-0.78861	0.01803	0.01184	0.78861	0.00819	0.01184
GCT	CCT	GC	-0.89357	0.01858	0.01150	0.89357	0.00760	0.01150
GCT	ACT	GA	-0.56213	0.10007	0.07457	0.56213	0.05704	0.07457
GCT	GTT	CT	-0.04228	0.09828	0.09621	0.04228	0.09421	0.09621
GCC	TCC	GT	-0.22605	0.00978	0.00871	0.22605	0.00780	0.00871
GCC	CCC	GC	0.46834	0.01007	0.01262	-0.46834	0.01609	0.01262
GCC	ACC	GA	-0.17096	0.05427	0.04976	0.17096	0.04574	0.04976
GCC	GTC	CT	0.45056	0.05329	0.06620	-0.45056	0.08363	0.06620
GCC	GCT	CT	0.64188	0.05329	0.07222	-0.64188	0.10126	0.07222
GCA	TCA	GT	-0.56025	0.00951	0.00709	0.56025	0.00543	0.00709
GCA	CCA	GC	0.46509	0.00980	0.01225	-0.46509	0.01560	0.01225
GCA	ACA	GA	0.24261	0.05277	0.05944	-0.24261	0.06727	0.05944
GCA	GTA	CT	-1.63779	0.05183	0.02048	1.63779	0.01008	0.02048
GCA	GCT	AT	0.65798	0.00951	0.01298	-0.65798	0.01836	0.01298
GCA	GCC	AC	0.01610	0.00980	0.00988	-0.01610	0.00996	0.00988
GCG	TCG	GT	-3.54173	0.00682	0.00072	3.54173	0.00020	0.00072
GCG	CCG	GC	-0.96896	0.00702	0.00416	0.96896	0.00267	0.00416
GCG	ACG	GA	-0.95716	0.03784	0.02258	0.95716	0.01453	0.02258
GCG	GTG	CT	1.56282	0.03716	0.07347	-1.56282	0.17733	0.07347
GCG	GCT	GT	1.06842	0.00682	0.01109	-1.06842	0.01984	0.01109
GCG	GCC	GC	0.42655	0.00702	0.00863	-0.42655	0.01076	0.00863
GCG	GCA	GA	0.41045	0.03784	0.04613	-0.41045	0.05704	0.04613
GAT	TAT	GT	-1.56682	0.06575	0.02717	1.56682	0.01372	0.02717
GAT	CAT	GC	-2.08856	0.06774	0.02000	2.08856	0.00839	0.02000
GAT	AAT	GA	-1.70722	0.36494	0.13804	1.70722	0.06619	0.13804
GAT	GTT	AT	-1.34792	0.06575	0.03110	1.34792	0.01708	0.03110
GAT	GCT	AC	-1.30565	0.06774	0.03288	1.30565	0.01836	0.03288
GAC	TAC	GT	-1.34815	0.07678	0.03631	1.34815	0.01994	0.03631
GAC	CAC	GC	-2.31689	0.07911	0.02004	2.31689	0.00780	0.02004
GAC	AAC	GA	-1.41184	0.42618	0.19388	1.41184	0.10386	0.19388
GAC	GTC	AT	-1.62217	0.07678	0.03065	1.62217	0.01516	0.03065
GAC	GCC	AC	-2.07273	0.07911	0.02361	2.07273	0.00996	0.02361
GAC	GAT	CT	-0.12521	0.41853	0.39288	0.12521	0.36928	0.39288
GAA	CAA	GC	-1.72583	0.04103	0.01534	1.72583	0.00731	0.01534
GAA	AAA	GA	-0.43836	0.22106	0.17613	0.43836	0.14260	0.17613
GAA	GTA	AT	-3.08198	0.03982	0.00590	3.08198	0.00183	0.00590
GAA	GCA	AC	-1.44419	0.04103	0.01830	1.44419	0.00968	0.01830
GAA	GAT	AT	0.51943	0.03982	0.05106	-0.51943	0.06695	0.05106
GAA	GAC	AC	0.64464	0.04103	0.05567	-0.64464	0.07818	0.05567
GAG	CAG	GC	-1.54707	0.07791	0.03260	1.54707	0.01658	0.03260
GAG	AAG	GA	-0.60244	0.41971	0.30590	0.60244	0.22978	0.30590
GAG	GTG	AT	-0.85522	0.07561	0.04783	0.85522	0.03215	0.04783
GAG	GCG	AC	-2.41804	0.07791	0.01843	2.41804	0.00694	0.01843
GAG	GAT	GT	-0.04397	0.07561	0.07396	0.04397	0.07236	0.07396
GAG	GAC	GC	0.08124	0.07791	0.08112	-0.08124	0.08450	0.08112
GAG	GAA	GA	-0.56340	0.41971	0.31252	0.56340	0.23893	0.31252
GGT	TGT	GT	-1.62691	0.00502	0.00200	1.62691	0.00099	0.00200
GGT	CGT	GC	-1.12620	0.00518	0.00280	1.12620	0.00168	0.00280
GGT	AGT	GA	1.17038	0.02788	0.04731	-1.17038	0.08987	0.04731
GGT	GTT	GT	1.30161	0.00502	0.00898	-1.30161	0.01846	0.00898
GGT	GCT	GC	1.34389	0.00518	0.00941	-1.34389	0.01984	0.00941
GGT	GAT	GA	2.64953	0.02788	0.07949	-2.64953	0.39445	0.07949
GGC	TGC	GT	-0.84149	0.01076	0.00686	0.84149	0.00464	0.00686
GGC	CGC	GC	0.01464	0.01109	0.01117	-0.01464	0.01125	0.01117
GGC	AGC	GA	-0.46126	0.05975	0.04702	0.46126	0.03767	0.04702
GGC	GTC	GT	0.42035	0.01076	0.01318	-0.42035	0.01639	0.01318
GGC	GCC	GC	-0.03021	0.01109	0.01092	0.03021	0.01076	0.01092
GGC	GAC	GA	2.04252	0.05975	0.14022	-2.04252	0.46063	0.14022
GGC	GGT	CT	-0.73222	0.05867	0.03979	0.73222	0.02821	0.03979
GGA	CGA	GC	-8.55167	0.00518	0.00001	8.55167	0.00000	0.00000
GGA	AGA	GA	-0.20994	0.02788	0.02506	0.20994	0.02260	0.02506
GGA	GTA	GT	-0.93377	0.00502	0.00304	0.93377	0.00197	0.00304
GGA	GCA	GC	0.70402	0.00518	0.00721	-0.70402	0.01046	0.00721
GGA	GAA	GA	2.14821	0.02788	0.06781	-2.14821	0.23893	0.06781
GGA	GGT	AT	0.01811	0.00502	0.00507	-0.01811	0.00511	0.00507
GGA	GGC	AC	0.75033	0.00518	0.00736	-0.75033	0.01096	0.00736
GGG	TGG	GT	0.15937	0.01094	0.01184	-0.15937	0.01283	0.01184
GGG	CGG	GC	-1.47999	0.01127	0.00492	1.47999	0.00257	0.00492
GGG	AGG	GA	-0.68323	0.06074	0.04234	0.68323	0.03067	0.04234
GGG	GTG	GT	1.15546	0.01094	0.01846	-1.15546	0.03475	0.01846
GGG	GCG	GC	-0.40735	0.01127	0.00913	0.40735	0.00750	0.00913
GGG	GAG	GA	2.01069	0.06074	0.14101	-2.01069	0.45364	0.14101
GGG	GGT	GT	-0.68282	0.01094	0.00763	0.68282	0.00553	0.00763
GGG	GGC	GC	0.04940	0.01127	0.01156	-0.04940	0.01185	0.01156
GGG	GGA	GA	-0.70093	0.06074	0.04192	0.70093	0.03013	0.04192


Histograms
2Ns	FMut	FSub(CodonUsage)	FSubw(after w)

-9.25789	0.00358	0.00000
-8.33210	0.00044	0.00000
-7.40631	0.00070	0.00000
-6.48052	0.00000	0.00000
-5.55473	0.00779	0.00024
-4.62894	0.00680	0.00041
-3.70316	0.00639	0.00074
-2.77737	0.05604	0.01406
-1.85158	0.21090	0.09596
-0.92579	0.25865	0.20828
0.00000	0.29221	0.36060
0.92579	0.11567	0.20828
1.85158	0.03659	0.09596
2.77737	0.00396	0.01406
3.70316	0.00016	0.00074
4.62894	0.00007	0.00041
5.55473	0.00004	0.00024
6.48052	0.00000	0.00000
7.40631	0.00000	0.00000
8.33210	0.00000	0.00000
9.25789	0.00000	0.00000

Proportion of advantageous (S > 0) mutations:
 0.28497

Proportions of good & bad mutations (|S| > 2.0000) among mutations:
0.01440  0.16242

mean |Ns| = 1.11703	mean Ns+ = 0.67987	mean Ns- = -1.29126


MLEs of dN/dS (w) for site classes (K=3)

site class             0         1         2
proportion        0.67885   0.21105   0.11010
branch type 0:    0.00000   1.00000   0.35510
branch type 1:    0.00000   1.00000   4.95145

Naive Empirical Bayes (NEB) probabilities for 3 classes
(amino acids refer to 1st sequence: Bbon)

   1 M   0.85514 0.10129 0.04357 ( 1)
   2 K   0.00000 0.85724 0.14276 ( 2)
   3 R   0.00001 0.86589 0.13410 ( 2)
   4 T   0.84611 0.10732 0.04657 ( 1)
   5 H   0.00001 0.87153 0.12846 ( 2)
   6 L   0.71304 0.19046 0.09650 ( 1)
   7 F   0.75229 0.16623 0.08148 ( 1)
   8 V   0.76577 0.15794 0.07629 ( 1)
   9 M   0.00000 0.85035 0.14965 ( 2)
  10 A   0.00000 0.31062 0.68938 ( 3)
  11 V   0.82235 0.12250 0.05515 ( 1)
  12 Y   0.77408 0.15287 0.07306 ( 1)
  13 L   0.71304 0.19046 0.09650 ( 1)
  14 L   0.71304 0.19046 0.09650 ( 1)
  15 S   0.85335 0.10266 0.04399 ( 1)
  16 S   0.85335 0.10266 0.04399 ( 1)
  17 C   0.88042 0.08494 0.03464 ( 1)
  18 R   0.88396 0.08262 0.03342 ( 1)
  19 A   0.79321 0.14092 0.06588 ( 1)
  20 E   0.00000 0.30163 0.69837 ( 3)
  21 E   0.76263 0.15982 0.07755 ( 1)
  22 G   0.84515 0.10801 0.04684 ( 1)
  23 L   0.71846 0.18824 0.09330 ( 1)
  24 N   0.00001 0.86766 0.13234 ( 2)
  25 F   0.77184 0.15419 0.07397 ( 1)
  26 P   0.78427 0.14647 0.06926 ( 1)
  27 T   0.84611 0.10732 0.04657 ( 1)
  28 Y   0.77659 0.15140 0.07201 ( 1)
  29 D   0.74836 0.16861 0.08303 ( 1)
  30 G   0.84811 0.10608 0.04581 ( 1)
  31 K   0.00000 0.85261 0.14738 ( 2)
  32 D   0.74932 0.16845 0.08223 ( 1)
  33 R   0.78998 0.14352 0.06650 ( 1)
  34 V   0.76818 0.15660 0.07522 ( 1)
  35 V   0.82399 0.12212 0.05389 ( 1)
  36 S   0.78361 0.14745 0.06894 ( 1)
  37 L   0.76809 0.15734 0.07457 ( 1)
  38 T   0.84767 0.10698 0.04534 ( 1)
  39 E   0.76376 0.15962 0.07663 ( 1)
  40 K   0.78845 0.14448 0.06707 ( 1)
  41 N   0.84713 0.10728 0.04559 ( 1)
  42 F   0.77307 0.15396 0.07297 ( 1)
  43 K   0.78845 0.14448 0.06707 ( 1)
  44 Q   0.76207 0.16112 0.07681 ( 1)
  45 V   0.82238 0.12312 0.05450 ( 1)
  46 L   0.00000 0.29304 0.70696 ( 3)
  47 K   0.78845 0.14448 0.06707 ( 1)
  48 K   0.78910 0.14405 0.06685 ( 1)
  49 Y   0.00000 0.30476 0.69523 ( 3)
  50 D   0.74932 0.16845 0.08223 ( 1)
  51 L   0.73556 0.17755 0.08689 ( 1)
  52 L   0.82931 0.11926 0.05143 ( 1)
  53 C   0.88617 0.08158 0.03225 ( 1)
  54 L   0.82957 0.11902 0.05141 ( 1)
  55 Y   0.77414 0.15371 0.07216 ( 1)
  56 Y   0.00000 0.30378 0.69622 ( 3)
  57 H   0.82510 0.12192 0.05298 ( 1)
  58 E   0.76269 0.16058 0.07672 ( 1)
  59 P   0.78432 0.14737 0.06830 ( 1)
  60 V   0.00000 0.85633 0.14367 ( 2)
  61 S   0.84266 0.11072 0.04662 ( 1)
  62 S   0.81455 0.13284 0.05260 ( 1)
  63 D   0.74276 0.17280 0.08444 ( 1)
  64 K   0.78778 0.14524 0.06698 ( 1)
  65 A   0.00000 0.94820 0.05180 ( 2)
  66 A   0.00000 0.21530 0.78470 ( 3)
  67 Q   0.76103 0.16207 0.07690 ( 1)
  68 K   0.78778 0.14524 0.06698 ( 1)
  69 Q   0.00000 0.14267 0.85733 ( 3)
  70 F   0.00000 0.31738 0.68261 ( 3)
  71 Q   0.75998 0.16300 0.07701 ( 1)
  72 M   0.00000 0.94276 0.05724 ( 2)
  73 K   0.78778 0.14524 0.06698 ( 1)
  74 E   0.76570 0.15920 0.07510 ( 1)
  75 I   0.77254 0.15503 0.07243 ( 1)
  76 V   0.77643 0.15461 0.06895 ( 1)
  77 L   0.71251 0.19134 0.09615 ( 1)
  78 E   0.76135 0.16180 0.07684 ( 1)
  79 F   0.73547 0.16905 0.09548 ( 1)
  80 D   0.00000 0.83450 0.16550 ( 2)
  81 E   0.74709 0.16060 0.09231 ( 1)
  82 E   0.74709 0.16060 0.09231 ( 1)
  83 G   0.80988 0.11597 0.07415 ( 1)
  84 S   0.75919 0.15186 0.08896 ( 1)
  85 L   0.70485 0.19160 0.10355 ( 1)
  86 Y   0.75448 0.15525 0.09027 ( 1)
  87 V   0.00000 0.82068 0.17932 ( 2)
  88 L   0.79816 0.12450 0.07733 ( 1)
  89 K   0.76301 0.14911 0.08788 ( 1)
  90 G   0.85390 0.08587 0.06024 ( 1)
  91 D   0.72793 0.17456 0.09750 ( 1)
  92 R   0.76424 0.14822 0.08753 ( 1)
  93 T   0.75882 0.15212 0.08906 ( 1)
  94 I   0.76470 0.14790 0.08741 ( 1)
  95 E   0.74364 0.16310 0.09326 ( 1)
  96 F   0.73547 0.16905 0.09548 ( 1)
  97 D   0.72793 0.17456 0.09750 ( 1)
  98 G   0.81393 0.11315 0.07292 ( 1)
  99 E   0.74364 0.16310 0.09326 ( 1)
 100 F   0.73547 0.16905 0.09548 ( 1)
 101 A   0.77201 0.14402 0.08397 ( 1)
 102 A   0.76787 0.14563 0.08651 ( 1)
 103 D   0.72793 0.17456 0.09750 ( 1)
 104 V   0.79201 0.12848 0.07951 ( 1)
 105 L   0.72156 0.17925 0.09918 ( 1)
 106 V   0.74606 0.16134 0.09260 ( 1)
 107 E   0.74364 0.16310 0.09326 ( 1)
 108 F   0.73571 0.16884 0.09545 ( 1)
 109 L   0.79807 0.12422 0.07771 ( 1)
 110 L   0.72156 0.17925 0.09918 ( 1)
 111 D   0.73081 0.17274 0.09645 ( 1)
 112 L   0.00001 0.86788 0.13212 ( 2)
 113 I   0.00000 0.86054 0.13945 ( 2)
 114 E   0.76374 0.16012 0.07614 ( 1)
 115 D   0.74569 0.17105 0.08327 ( 1)
 116 P   0.77181 0.15693 0.07125 ( 1)
 117 V   0.76577 0.15794 0.07629 ( 1)
 118 E   0.76263 0.15982 0.07756 ( 1)
 119 I   0.77397 0.15284 0.07320 ( 1)
 120 I   0.77397 0.15284 0.07320 ( 1)
 121 N   0.00001 0.86649 0.13350 ( 2)
 122 S   0.86096 0.09768 0.04136 ( 1)
 123 K   0.78772 0.14432 0.06796 ( 1)
 124 L   0.71304 0.19046 0.09650 ( 1)
 125 E   0.76704 0.15713 0.07584 ( 1)
 126 V   0.82235 0.12250 0.05516 ( 1)
 127 Q   0.75993 0.16227 0.07781 ( 1)
 128 A   0.82460 0.12109 0.05431 ( 1)
 129 F   0.75229 0.16623 0.08148 ( 1)
 130 E   0.76263 0.15982 0.07756 ( 1)
 131 R   0.78860 0.14379 0.06761 ( 1)
 132 I   0.78908 0.14343 0.06749 ( 1)
 133 E   0.76263 0.15982 0.07756 ( 1)
 134 D   0.74835 0.16861 0.08303 ( 1)
 135 H   0.82508 0.12083 0.05409 ( 1)
 136 I   0.77397 0.15284 0.07320 ( 1)
 137 K   0.78772 0.14432 0.06796 ( 1)
 138 L   0.82956 0.11792 0.05252 ( 1)
 139 I   0.77485 0.15204 0.07311 ( 1)
 140 G   0.84811 0.10608 0.04581 ( 1)
 141 F   0.75229 0.16623 0.08148 ( 1)
 142 F   0.77184 0.15419 0.07397 ( 1)
 143 K   0.78708 0.14475 0.06817 ( 1)
 144 S   0.78228 0.14771 0.07000 ( 1)
 145 E   0.76266 0.15980 0.07755 ( 1)
 146 D   0.74835 0.16861 0.08303 ( 1)
 147 S   0.78758 0.14471 0.06771 ( 1)
 148 -   0.75434 0.16739 0.07827 ( 1)
 149 -   0.00000 0.85909 0.14091 ( 2)
 150 Y   0.77181 0.15582 0.07237 ( 1)
 151 K   0.78455 0.14801 0.06744 ( 1)
 152 A   0.79037 0.14438 0.06525 ( 1)
 153 F   0.75050 0.16861 0.08088 ( 1)
 154 E   0.76492 0.15991 0.07517 ( 1)
 155 E   0.76061 0.16248 0.07691 ( 1)
 156 A   0.79055 0.14432 0.06513 ( 1)
 157 A   0.79037 0.14438 0.06525 ( 1)
 158 E   0.76492 0.15991 0.07517 ( 1)
 159 H   0.82186 0.12485 0.05330 ( 1)
 160 F   0.76962 0.15709 0.07329 ( 1)
 161 Q   0.75899 0.16392 0.07708 ( 1)
 162 P   0.85189 0.10531 0.04280 ( 1)
 163 Y   0.77181 0.15582 0.07237 ( 1)
 164 I   0.77171 0.15579 0.07251 ( 1)
 165 K   0.78518 0.14760 0.06722 ( 1)
 166 F   0.75050 0.16861 0.08088 ( 1)
 167 F   0.75050 0.16861 0.08088 ( 1)
 168 A   0.79037 0.14438 0.06525 ( 1)
 169 T   0.83821 0.11442 0.04738 ( 1)
 170 F   0.76962 0.15709 0.07329 ( 1)
 171 D   0.74666 0.17088 0.08246 ( 1)
 172 K   0.78518 0.14760 0.06722 ( 1)
 173 G   0.84163 0.11231 0.04605 ( 1)
 174 V   0.80338 0.13955 0.05706 ( 1)
 175 A   0.77856 0.15452 0.06691 ( 1)
 176 K   0.77310 0.15775 0.06915 ( 1)
 177 K   0.77367 0.15739 0.06894 ( 1)
 178 L   0.72752 0.18451 0.08797 ( 1)
 179 S   0.83348 0.12099 0.04553 ( 1)
 180 L   0.72752 0.18451 0.08797 ( 1)
 181 K   0.77310 0.15775 0.06915 ( 1)
 182 M   0.83513 0.11973 0.04514 ( 1)
 183 N   0.85642 0.10624 0.03734 ( 1)
 184 E   0.75144 0.17027 0.07829 ( 1)
 185 V   0.80341 0.13953 0.05706 ( 1)
 186 D   0.73892 0.17746 0.08362 ( 1)
 187 F   0.75958 0.16563 0.07479 ( 1)
 188 Y   0.76375 0.16336 0.07288 ( 1)
 189 E   0.75144 0.17027 0.07829 ( 1)
 190 P   0.75277 0.16949 0.07774 ( 1)
 191 F   0.74237 0.17552 0.08210 ( 1)
 192 M   0.83513 0.11973 0.04514 ( 1)
 193 D   0.73879 0.17759 0.08363 ( 1)
 194 E   0.75144 0.17027 0.07829 ( 1)
 195 P   0.77059 0.15920 0.07021 ( 1)
 196 I   0.77487 0.15664 0.06849 ( 1)
 197 A   0.80691 0.13745 0.05564 ( 1)
 198 I   0.76145 0.16451 0.07404 ( 1)
 199 P   0.79906 0.14162 0.05932 ( 1)
 200 D   0.73794 0.17762 0.08444 ( 1)
 201 K   0.00000 0.86343 0.13657 ( 2)
 202 P   0.76920 0.15947 0.07132 ( 1)
 203 Y   0.76029 0.16478 0.07493 ( 1)
 204 T   0.76707 0.16074 0.07219 ( 1)
 205 E   0.75413 0.16828 0.07759 ( 1)
 206 E   0.00000 0.85868 0.14132 ( 2)
 207 E   0.74984 0.17089 0.07927 ( 1)
 208 L   0.81130 0.13437 0.05434 ( 1)
 209 V   0.75257 0.16938 0.07806 ( 1)
 210 E   0.00000 0.85838 0.14162 ( 2)
 211 F   0.74111 0.17592 0.08297 ( 1)
 212 V   0.75073 0.17106 0.07821 ( 1)
 213 K   0.76887 0.16062 0.07051 ( 1)
 214 E   0.74806 0.17253 0.07942 ( 1)
 215 H   0.84157 0.11630 0.04213 ( 1)
 216 Q   0.74598 0.17447 0.07956 ( 1)
 217 -   0.75492 0.14758 0.09750 ( 1)
 218 -   0.71894 0.17793 0.10313 ( 1)
 219 -   0.74473 0.15719 0.09808 ( 1)
 220 -   0.72251 0.17730 0.10019 ( 1)
 221 -   0.00000 0.56918 0.43082 ( 2)
 222 -   0.73320 0.16934 0.09745 ( 1)
 223 -   0.70552 0.19040 0.10408 ( 1)
 224 -   0.73320 0.16934 0.09745 ( 1)
 225 -   0.72042 0.17901 0.10056 ( 1)
 226 -   0.72189 0.17790 0.10021 ( 1)
 227 -   0.70952 0.18733 0.10315 ( 1)
 228 -   0.77235 0.14026 0.08739 ( 1)
 229 -   0.71435 0.18364 0.10201 ( 1)
 230 -   0.72149 0.17816 0.10035 ( 1)
 231 -   0.72960 0.17206 0.09834 ( 1)
 232 -   0.70607 0.18998 0.10395 ( 1)
 233 E   0.76821 0.15691 0.07487 ( 1)
 234 D   0.74359 0.17204 0.08437 ( 1)
 235 D   0.74359 0.17204 0.08437 ( 1)
 236 L   0.73594 0.17719 0.08687 ( 1)
 237 N   0.84683 0.10755 0.04562 ( 1)
 238 G   0.84690 0.10757 0.04554 ( 1)
 239 I   0.77522 0.15260 0.07218 ( 1)
 240 H   0.87049 0.09211 0.03740 ( 1)
 241 I   0.79047 0.14315 0.06638 ( 1)
 242 V   0.76693 0.15773 0.07534 ( 1)
 243 A   0.82626 0.12070 0.05304 ( 1)
 244 F   0.75542 0.16518 0.07940 ( 1)
 245 A   0.83086 0.11722 0.05192 ( 1)
 246 E   0.76376 0.15962 0.07663 ( 1)
 247 R   0.88485 0.08292 0.03223 ( 1)
 248 S   0.78361 0.14745 0.06894 ( 1)
 249 D   0.74359 0.17204 0.08437 ( 1)
 250 P   0.76529 0.15866 0.07605 ( 1)
 251 D   0.74270 0.17218 0.08512 ( 1)
 252 G   0.84811 0.10608 0.04581 ( 1)
 253 Y   0.77556 0.15223 0.07221 ( 1)
 254 E   0.76263 0.15982 0.07755 ( 1)
 255 F   0.77184 0.15419 0.07397 ( 1)
 256 L   0.71304 0.19046 0.09650 ( 1)
 257 E   0.76263 0.15982 0.07755 ( 1)
 258 I   0.77397 0.15284 0.07320 ( 1)
 259 L   0.71304 0.19046 0.09650 ( 1)
 260 K   0.78708 0.14475 0.06817 ( 1)
 261 Q   0.76089 0.16140 0.07771 ( 1)
 262 V   0.82074 0.12349 0.05576 ( 1)
 263 A   0.79302 0.14098 0.06600 ( 1)
 264 R   0.88966 0.07854 0.03181 ( 1)
 265 D   0.74836 0.16861 0.08303 ( 1)
 266 N   0.84508 0.10799 0.04693 ( 1)
 267 T   0.86640 0.09314 0.04046 ( 1)
 268 D   0.74836 0.16861 0.08303 ( 1)
 269 N   0.84508 0.10799 0.04693 ( 1)
 270 P   0.81784 0.12541 0.05675 ( 1)
 271 D   0.74836 0.16861 0.08303 ( 1)
 272 L   0.72211 0.18533 0.09256 ( 1)
 273 S   0.86096 0.09768 0.04136 ( 1)
 274 I   0.77429 0.15254 0.07317 ( 1)
 275 V   0.00001 0.87672 0.12328 ( 2)
 276 W   0.73602 0.17654 0.08744 ( 1)
 277 I   0.77397 0.15284 0.07320 ( 1)
 278 D   0.74836 0.16861 0.08303 ( 1)
 279 P   0.76414 0.15887 0.07699 ( 1)
 280 D   0.74306 0.17185 0.08508 ( 1)
 281 D   0.74836 0.16861 0.08303 ( 1)
 282 F   0.75229 0.16623 0.08148 ( 1)
 283 P   0.81784 0.12541 0.05675 ( 1)
 284 L   0.71304 0.19046 0.09650 ( 1)
 285 L   0.83388 0.11588 0.05024 ( 1)
 286 V   0.82238 0.12312 0.05450 ( 1)
 287 A   0.82450 0.12228 0.05321 ( 1)
 288 Y   0.77780 0.15121 0.07099 ( 1)
 289 W   0.73682 0.17641 0.08676 ( 1)
 290 E   0.76821 0.15691 0.07487 ( 1)
 291 K   0.78845 0.14448 0.06707 ( 1)
 292 T   0.84341 0.10972 0.04686 ( 1)
 293 F   0.77307 0.15396 0.07297 ( 1)
 294 K   0.78845 0.14448 0.06707 ( 1)
 295 I   0.79047 0.14315 0.06638 ( 1)
 296 D   0.74932 0.16845 0.08223 ( 1)
 297 L   0.76809 0.15734 0.07457 ( 1)
 298 F   0.77307 0.15396 0.07297 ( 1)
 299 K   0.78845 0.14448 0.06707 ( 1)
 300 P   0.76557 0.15841 0.07603 ( 1)
 301 Q   0.76207 0.16112 0.07681 ( 1)
 302 I   0.79047 0.14315 0.06638 ( 1)
 303 G   0.84524 0.10865 0.04611 ( 1)
 304 V   0.76693 0.15773 0.07534 ( 1)
 305 V   0.76693 0.15773 0.07534 ( 1)
 306 N   0.87934 0.08628 0.03437 ( 1)
 307 V   0.82238 0.12312 0.05450 ( 1)
 308 T   0.78316 0.14773 0.06911 ( 1)
 309 D   0.74359 0.17204 0.08437 ( 1)
 310 A   0.79445 0.14069 0.06487 ( 1)
 311 D   0.74932 0.16845 0.08223 ( 1)
 312 S   0.78361 0.14745 0.06894 ( 1)
 313 V   0.82399 0.12212 0.05389 ( 1)
 314 W   0.73682 0.17641 0.08676 ( 1)
 315 M   0.85693 0.10082 0.04224 ( 1)
 316 E   0.76377 0.15961 0.07662 ( 1)
 317 I   0.79047 0.14315 0.06638 ( 1)
 318 P   0.76862 0.15654 0.07484 ( 1)
 319 D   0.00000 0.29205 0.70795 ( 3)
 320 G   0.89294 0.07702 0.03003 ( 1)
 321 D   0.74359 0.17204 0.08437 ( 1)
 322 D   0.00000 0.34499 0.65501 ( 3)
 323 L   0.71354 0.19039 0.09607 ( 1)
 324 P   0.78561 0.14620 0.06818 ( 1)
 325 T   0.78316 0.14773 0.06911 ( 1)
 326 A   0.79445 0.14069 0.06487 ( 1)
 327 E   0.76376 0.15962 0.07663 ( 1)
 328 E   0.76376 0.15962 0.07663 ( 1)
 329 L   0.71354 0.19039 0.09607 ( 1)
 330 E   0.76821 0.15691 0.07487 ( 1)
 331 D   0.74932 0.16845 0.08223 ( 1)
 332 W   0.73682 0.17641 0.08676 ( 1)
 333 I   0.00000 0.31367 0.68633 ( 3)
 334 E   0.76376 0.15962 0.07663 ( 1)
 335 D   0.74415 0.17185 0.08400 ( 1)
 336 V   0.76693 0.15773 0.07534 ( 1)
 337 L   0.83388 0.11588 0.05024 ( 1)
 338 S   0.84382 0.10968 0.04651 ( 1)
 339 G   0.84690 0.10757 0.04554 ( 1)
 340 K   0.78845 0.14448 0.06707 ( 1)
 341 I   0.90035 0.07216 0.02749 ( 1)
 342 N   0.00000 0.32941 0.67059 ( 3)
 343 T   0.84341 0.10972 0.04686 ( 1)
 344 E   0.76417 0.15925 0.07659 ( 1)
 345 D   0.74485 0.17118 0.08397 ( 1)
 346 D   0.74306 0.17211 0.08483 ( 1)
 347 D   0.74870 0.16856 0.08273 ( 1)
 348 N   0.00000 0.99363 0.00637 ( 2)
 349 E   0.76728 0.15723 0.07549 ( 1)
 350 D   0.74302 0.17214 0.08484 ( 1)
 351 E   0.76746 0.15706 0.07548 ( 1)
 352 E   0.00000 0.57037 0.42963 ( 2)
 353 D   0.74302 0.17214 0.08484 ( 1)
 354 E   0.76746 0.15706 0.07548 ( 1)
 355 E   0.76304 0.15975 0.07721 ( 1)
 356 D   0.74309 0.17156 0.08535 ( 1)
 357 D   0.74932 0.16845 0.08223 ( 1)
 358 D   0.00000 0.32346 0.67654 ( 3)
 359 D   0.74926 0.16851 0.08223 ( 1)
 360 N   0.00000 0.28902 0.71098 ( 3)
 361 -   0.00000 0.85759 0.14241 ( 2)
 362 D   0.00000 0.30641 0.69359 ( 3)
 363 D   0.74334 0.17098 0.08567 ( 1)
 364 D   0.74932 0.16845 0.08223 ( 1)
 365 N   0.00000 0.96137 0.03863 ( 2)
 366 D   0.73244 0.17126 0.09630 ( 1)
 367 N   0.84044 0.09495 0.06461 ( 1)
 368 S   0.80922 0.11643 0.07435 ( 1)
 369 D   0.73226 0.17144 0.09631 ( 1)
 370 E   0.74298 0.16126 0.09576 ( 1)
 371 E   0.00000 0.50553 0.49447 ( 2)
 372 D   0.00000 0.68130 0.31870 ( 2)
 373 D   0.00000 0.94198 0.05802 ( 2)
 374 D   0.00000 0.33339 0.66661 ( 3)
 375 D   0.74932 0.16845 0.08223 ( 1)
 376 S   0.00000 0.08844 0.91156 ( 3)
 377 D   0.00000 0.84845 0.15155 ( 2)
 378 D   0.00000 0.32254 0.67745 ( 3)
 379 D   0.00000 0.84819 0.15181 ( 2)
 380 E   0.00000 0.94050 0.05950 ( 2)
 381 D   0.74870 0.16856 0.08273 ( 1)


lnL = -2368.702192

Bayes Empirical Bayes (BEB) probabilities for 3 classes (class)
(amino acids refer to 1st sequence: Bbon)

   1 M   0.77564 0.06690 0.15746 ( 1)
   2 K   0.21104 0.44639 0.34257 ( 2)
   3 R   0.28882 0.39214 0.31904 ( 2)
   4 T   0.76801 0.07056 0.16143 ( 1)
   5 H   0.29975 0.38676 0.31349 ( 2)
   6 L   0.66348 0.12146 0.21505 ( 1)
   7 F   0.69368 0.10650 0.19982 ( 1)
   8 V   0.70408 0.10140 0.19452 ( 1)
   9 M   0.20028 0.45156 0.34817 ( 2)
  10 A   0.12415 0.18990 0.68596 ( 3)
  11 V   0.74865 0.07979 0.17156 ( 1)
  12 Y   0.71048 0.09829 0.19123 ( 1)
  13 L   0.66348 0.12146 0.21505 ( 1)
  14 L   0.66348 0.12146 0.21505 ( 1)
  15 S   0.77403 0.06772 0.15825 ( 1)
  16 S   0.77403 0.06772 0.15825 ( 1)
  17 C   0.79717 0.05690 0.14593 ( 1)
  18 R   0.80026 0.05548 0.14426 ( 1)
  19 A   0.72546 0.09100 0.18355 ( 1)
  20 E   0.09353 0.21098 0.69549 ( 3)
  21 E   0.70169 0.10256 0.19575 ( 1)
  22 G   0.76717 0.07098 0.16185 ( 1)
  23 L   0.66748 0.12003 0.21250 ( 1)
  24 N   0.27148 0.40562 0.32291 ( 2)
  25 F   0.70878 0.09910 0.19211 ( 1)
  26 P   0.71846 0.09438 0.18715 ( 1)
  27 T   0.76801 0.07056 0.16143 ( 1)
  28 Y   0.71239 0.09738 0.19023 ( 1)
  29 D   0.69067 0.10797 0.20136 ( 1)
  30 G   0.76964 0.06980 0.16056 ( 1)
  31 K   0.21835 0.43851 0.34313 ( 2)
  32 D   0.69137 0.10786 0.20077 ( 1)
  33 R   0.72290 0.09258 0.18453 ( 1)
  34 V   0.70593 0.10058 0.19349 ( 1)
  35 V   0.75000 0.07957 0.17043 ( 1)
  36 S   0.71791 0.09498 0.18711 ( 1)
  37 L   0.70568 0.10099 0.19333 ( 1)
  38 T   0.76938 0.07038 0.16024 ( 1)
  39 E   0.70253 0.10243 0.19505 ( 1)
  40 K   0.72170 0.09316 0.18514 ( 1)
  41 N   0.76892 0.07056 0.16052 ( 1)
  42 F   0.70971 0.09895 0.19134 ( 1)
  43 K   0.72170 0.09316 0.18514 ( 1)
  44 Q   0.70096 0.10329 0.19575 ( 1)
  45 V   0.74871 0.08018 0.17111 ( 1)
  46 L   0.08303 0.21787 0.69909 ( 3)
  47 K   0.72170 0.09316 0.18514 ( 1)
  48 K   0.72223 0.09290 0.18487 ( 1)
  49 Y   0.09798 0.20820 0.69382 ( 3)
  50 D   0.69137 0.10786 0.20077 ( 1)
  51 L   0.68048 0.11338 0.20613 ( 1)
  52 L   0.75435 0.07784 0.16781 ( 1)
  53 C   0.80237 0.05486 0.14278 ( 1)
  54 L   0.75456 0.07770 0.16775 ( 1)
  55 Y   0.71048 0.09879 0.19073 ( 1)
  56 Y   0.09698 0.20858 0.69444 ( 3)
  57 H   0.75088 0.07945 0.16967 ( 1)
  58 E   0.70168 0.10301 0.19530 ( 1)
  59 P   0.71847 0.09493 0.18660 ( 1)
  60 V   0.19422 0.45916 0.34663 ( 2)
  61 S   0.76526 0.07265 0.16209 ( 1)
  62 S   0.74245 0.08611 0.17144 ( 1)
  63 D   0.68626 0.11051 0.20323 ( 1)
  64 K   0.72118 0.09363 0.18519 ( 1)
  65 A   0.03391 0.65626 0.30984 ( 2)
  66 A   0.00348 0.30651 0.69001 ( 3)
  67 Q   0.70014 0.10387 0.19599 ( 1)
  68 K   0.72118 0.09363 0.18519 ( 1)
  69 Q   0.04068 0.17187 0.78745 ( 3)
  70 F   0.09889 0.21133 0.68978 ( 3)
  71 Q   0.69918 0.10440 0.19641 ( 1)
  72 M   0.02427 0.66230 0.31342 ( 2)
  73 K   0.72118 0.09363 0.18519 ( 1)
  74 E   0.70398 0.10215 0.19387 ( 1)
  75 I   0.70928 0.09960 0.19111 ( 1)
  76 V   0.71220 0.09932 0.18848 ( 1)
  77 L   0.66301 0.12199 0.21500 ( 1)
  78 E   0.70063 0.10375 0.19562 ( 1)
  79 F   0.68140 0.10844 0.21016 ( 1)
  80 D   0.17318 0.46574 0.36108 ( 2)
  81 E   0.69038 0.10323 0.20639 ( 1)
  82 E   0.69038 0.10323 0.20639 ( 1)
  83 G   0.73900 0.07574 0.18526 ( 1)
  84 S   0.69972 0.09785 0.20243 ( 1)
  85 L   0.65768 0.12236 0.21996 ( 1)
  86 Y   0.69608 0.09993 0.20398 ( 1)
  87 V   0.22079 0.42216 0.35706 ( 2)
  88 L   0.72985 0.08100 0.18916 ( 1)
  89 K   0.70267 0.09615 0.20117 ( 1)
  90 G   0.77367 0.05711 0.16923 ( 1)
  91 D   0.67557 0.11184 0.21259 ( 1)
  92 R   0.70363 0.09561 0.20076 ( 1)
  93 T   0.69944 0.09801 0.20255 ( 1)
  94 I   0.70398 0.09541 0.20061 ( 1)
  95 E   0.68771 0.10477 0.20752 ( 1)
  96 F   0.68140 0.10844 0.21016 ( 1)
  97 D   0.67557 0.11184 0.21259 ( 1)
  98 G   0.74216 0.07400 0.18384 ( 1)
  99 E   0.68771 0.10477 0.20752 ( 1)
 100 F   0.68140 0.10844 0.21016 ( 1)
 101 A   0.70946 0.09299 0.19755 ( 1)
 102 A   0.70643 0.09401 0.19956 ( 1)
 103 D   0.67557 0.11184 0.21259 ( 1)
 104 V   0.72511 0.08345 0.19143 ( 1)
 105 L   0.67063 0.11472 0.21465 ( 1)
 106 V   0.68958 0.10369 0.20673 ( 1)
 107 E   0.68771 0.10477 0.20752 ( 1)
 108 F   0.68158 0.10831 0.21011 ( 1)
 109 L   0.72982 0.08083 0.18936 ( 1)
 110 L   0.67063 0.11472 0.21465 ( 1)
 111 D   0.67775 0.11070 0.21154 ( 1)
 112 L   0.24354 0.42674 0.32973 ( 2)
 113 I   0.21304 0.44700 0.33996 ( 2)
 114 E   0.70248 0.10272 0.19480 ( 1)
 115 D   0.68856 0.10944 0.20200 ( 1)
 116 P   0.70866 0.10075 0.19059 ( 1)
 117 V   0.70408 0.10140 0.19452 ( 1)
 118 E   0.70169 0.10256 0.19575 ( 1)
 119 I   0.71046 0.09828 0.19127 ( 1)
 120 I   0.71046 0.09828 0.19127 ( 1)
 121 N   0.26949 0.40652 0.32399 ( 2)
 122 S   0.78043 0.06469 0.15488 ( 1)
 123 K   0.72116 0.09307 0.18576 ( 1)
 124 L   0.66348 0.12146 0.21506 ( 1)
 125 E   0.70508 0.10091 0.19401 ( 1)
 126 V   0.74865 0.07979 0.17156 ( 1)
 127 Q   0.69919 0.10397 0.19684 ( 1)
 128 A   0.75044 0.07893 0.17062 ( 1)
 129 F   0.69368 0.10650 0.19982 ( 1)
 130 E   0.70169 0.10256 0.19575 ( 1)
 131 R   0.72183 0.09275 0.18542 ( 1)
 132 I   0.72225 0.09253 0.18522 ( 1)
 133 E   0.70169 0.10256 0.19575 ( 1)
 134 D   0.69067 0.10797 0.20136 ( 1)
 135 H   0.75081 0.07877 0.17042 ( 1)
 136 I   0.71046 0.09828 0.19127 ( 1)
 137 K   0.72116 0.09307 0.18576 ( 1)
 138 L   0.75447 0.07701 0.16852 ( 1)
 139 I   0.71115 0.09780 0.19105 ( 1)
 140 G   0.76964 0.06980 0.16056 ( 1)
 141 F   0.69368 0.10650 0.19982 ( 1)
 142 F   0.70878 0.09910 0.19211 ( 1)
 143 K   0.72065 0.09333 0.18602 ( 1)
 144 S   0.71690 0.09514 0.18796 ( 1)
 145 E   0.70171 0.10255 0.19574 ( 1)
 146 D   0.69067 0.10797 0.20136 ( 1)
 147 S   0.72090 0.09328 0.18583 ( 1)
 148 -   0.69512 0.10716 0.19772 ( 1)
 149 -   0.18561 0.46726 0.34713 ( 2)
 150 Y   0.70865 0.10007 0.19128 ( 1)
 151 K   0.71862 0.09531 0.18607 ( 1)
 152 A   0.72322 0.09310 0.18367 ( 1)
 153 F   0.69221 0.10793 0.19987 ( 1)
 154 E   0.70336 0.10258 0.19406 ( 1)
 155 E   0.70004 0.10416 0.19580 ( 1)
 156 A   0.72334 0.09306 0.18359 ( 1)
 157 A   0.72322 0.09310 0.18367 ( 1)
 158 E   0.70336 0.10258 0.19406 ( 1)
 159 H   0.74831 0.08124 0.17045 ( 1)
 160 F   0.70699 0.10085 0.19216 ( 1)
 161 Q   0.69853 0.10499 0.19647 ( 1)
 162 P   0.77286 0.06936 0.15778 ( 1)
 163 Y   0.70865 0.10007 0.19128 ( 1)
 164 I   0.70862 0.10006 0.19131 ( 1)
 165 K   0.71913 0.09506 0.18581 ( 1)
 166 F   0.69221 0.10793 0.19987 ( 1)
 167 F   0.69221 0.10793 0.19987 ( 1)
 168 A   0.72322 0.09310 0.18367 ( 1)
 169 T   0.76172 0.07492 0.16336 ( 1)
 170 F   0.70699 0.10085 0.19216 ( 1)
 171 D   0.68927 0.10933 0.20140 ( 1)
 172 K   0.71913 0.09506 0.18581 ( 1)
 173 G   0.76449 0.07364 0.16186 ( 1)
 174 V   0.73366 0.09020 0.17615 ( 1)
 175 A   0.71390 0.09926 0.18684 ( 1)
 176 K   0.70961 0.10123 0.18917 ( 1)
 177 K   0.71006 0.10101 0.18892 ( 1)
 178 L   0.67414 0.11761 0.20824 ( 1)
 179 S   0.75823 0.07899 0.16278 ( 1)
 180 L   0.67414 0.11761 0.20824 ( 1)
 181 K   0.70961 0.10123 0.18917 ( 1)
 182 M   0.75971 0.07825 0.16204 ( 1)
 183 N   0.77772 0.07011 0.15217 ( 1)
 184 E   0.69283 0.10890 0.19827 ( 1)
 185 V   0.73368 0.09018 0.17614 ( 1)
 186 D   0.68318 0.11333 0.20349 ( 1)
 187 F   0.69908 0.10604 0.19487 ( 1)
 188 Y   0.70224 0.10464 0.19312 ( 1)
 189 E   0.69283 0.10890 0.19827 ( 1)
 190 P   0.69387 0.10842 0.19771 ( 1)
 191 F   0.68581 0.11213 0.20206 ( 1)
 192 M   0.75971 0.07825 0.16204 ( 1)
 193 D   0.68307 0.11341 0.20352 ( 1)
 194 E   0.69283 0.10890 0.19827 ( 1)
 195 P   0.70766 0.10211 0.19023 ( 1)
 196 I   0.71103 0.10056 0.18841 ( 1)
 197 A   0.73646 0.08892 0.17462 ( 1)
 198 I   0.70056 0.10536 0.19408 ( 1)
 199 P   0.73012 0.09143 0.17844 ( 1)
 200 D   0.68247 0.11344 0.20409 ( 1)
 201 K   0.19926 0.45865 0.34208 ( 2)
 202 P   0.70659 0.10229 0.19112 ( 1)
 203 Y   0.69962 0.10552 0.19486 ( 1)
 204 T   0.70493 0.10306 0.19201 ( 1)
 205 E   0.69492 0.10768 0.19740 ( 1)
 206 E   0.18338 0.46898 0.34764 ( 2)
 207 E   0.69161 0.10929 0.19909 ( 1)
 208 L   0.73997 0.08705 0.17298 ( 1)
 209 V   0.69368 0.10835 0.19797 ( 1)
 210 E   0.18381 0.46849 0.34770 ( 2)
 211 F   0.68487 0.11239 0.20275 ( 1)
 212 V   0.69223 0.10937 0.19840 ( 1)
 213 K   0.70630 0.10297 0.19073 ( 1)
 214 E   0.69021 0.11028 0.19951 ( 1)
 215 H   0.76515 0.07619 0.15866 ( 1)
 216 Q   0.68820 0.11138 0.20043 ( 1)
