Supplemental results for CODEML (seqf: /home/leticiamagpali/phd/evol_models/codeml/big_dataset/cml_align/CASQ2_codon_aligned.phy  treef: /home/leticiamagpali/phd/evol_models/codeml/big_dataset/cml_trees/gene_trees/H1b_gene_trees/CASQ2_tree_H1b.tre)

I	J	ij	2Ns_IJ	pMut_IJ	pSub_IJ	2Ns_JI	pMut_JI	pSub_JI

TTC	TTT	CT	1.03524	0.14180	0.22765	-1.03524	0.39929	0.22765
TTA	TTT	AT	7.31617	0.00003	0.00025	-7.31617	0.05139	0.00025
TTA	TTC	AC	6.28093	0.00007	0.00044	-6.28093	0.03771	0.00044
TTG	TTT	GT	0.66566	0.01950	0.02671	-0.66566	0.03795	0.02671
TTG	TTC	GC	-0.36958	0.04031	0.03332	0.36958	0.02785	0.03332
TTG	TTA	GA	-6.65051	0.14074	0.00121	6.65051	0.00018	0.00121
TCT	TTT	CT	2.25227	0.04199	0.10569	-2.25227	0.39929	0.10569
TCC	TTC	CT	1.99952	0.03968	0.09176	-1.99952	0.29303	0.09176
TCC	TCT	CT	0.78250	0.03968	0.05720	-0.78250	0.08677	0.05720
TCA	TTA	CT	-4.34933	0.02847	0.00162	4.34933	0.00037	0.00162
TCA	TCT	AT	0.71457	0.00547	0.00765	-0.71457	0.01117	0.00765
TCA	TCC	AC	-0.06793	0.01129	0.01091	0.06793	0.01055	0.01091
TCG	TTG	CT	6.38008	0.00036	0.00227	-6.38008	0.20994	0.00227
TCG	TCT	GT	4.79348	0.00007	0.00033	-4.79348	0.00825	0.00033
TCG	TCC	GC	4.01098	0.00014	0.00058	-4.01098	0.00779	0.00058
TCG	TCA	GA	4.07891	0.00049	0.00205	-4.07891	0.02912	0.00205
TAT	TTT	AT	1.33223	0.01356	0.02454	-1.33223	0.05139	0.02454
TAT	TCT	AC	-0.92003	0.02802	0.01708	0.92003	0.01117	0.01708
TAC	TTC	AT	0.65240	0.01964	0.02674	-0.65240	0.03771	0.02674
TAC	TCC	AC	-1.34713	0.04059	0.01921	1.34713	0.01055	0.01921
TAC	TAT	CT	0.35541	0.10230	0.12156	-0.35541	0.14596	0.12156
TGT	TTT	GT	3.40213	0.00126	0.00445	-3.40213	0.03795	0.00445
TGT	TCT	GC	1.14987	0.00261	0.00440	-1.14987	0.00825	0.00440
TGT	TAT	GA	2.06990	0.00912	0.02160	-2.06990	0.07226	0.02160
TGC	TTC	GT	1.88337	0.00424	0.00941	-1.88337	0.02785	0.00941
TGC	TCC	GC	-0.11616	0.00875	0.00825	0.11616	0.00779	0.00825
TGC	TAC	GA	1.23097	0.03056	0.05314	-1.23097	0.10466	0.05314
TGC	TGT	CT	-0.48352	0.02206	0.01716	0.48352	0.01360	0.01716
TGG	TTG	GT	0.46755	0.01250	0.01565	-0.46755	0.01995	0.01565
TGG	TCG	GC	-5.91253	0.02584	0.00041	5.91253	0.00007	0.00041
TGG	TGT	GT	-2.26892	0.01250	0.00327	2.26892	0.00129	0.00327
TGG	TGC	GC	-1.78540	0.02584	0.00930	1.78540	0.00433	0.00930
CTT	TTT	CT	1.99907	0.05409	0.12507	-1.99907	0.39929	0.12507
CTC	TTC	CT	1.45086	0.06868	0.13014	-1.45086	0.29303	0.13014
CTC	CTT	CT	0.48703	0.06868	0.08675	-0.48703	0.11177	0.08675
CTA	TTA	CT	-4.66323	0.03896	0.00173	4.66323	0.00037	0.00173
CTA	CTT	AT	0.65387	0.00748	0.01019	-0.65387	0.01439	0.01019
CTA	CTC	AC	0.16684	0.01546	0.01678	-0.16684	0.01827	0.01678
CTG	TTG	CT	0.07746	0.19429	0.20191	-0.07746	0.20994	0.20191
CTG	CTT	GT	-1.25594	0.03730	0.01866	1.25594	0.01062	0.01866
CTG	CTC	GC	-1.74298	0.07708	0.02850	1.74298	0.01349	0.02850
CTG	CTA	GA	-1.90981	0.26915	0.08937	1.90981	0.03986	0.08937
CCT	TCT	CT	0.78250	0.03968	0.05720	-0.78250	0.08677	0.05720
CCT	CTT	CT	1.03570	0.03968	0.06371	-1.03570	0.11177	0.06371
CCC	TCC	CT	-0.02397	0.08398	0.08298	0.02397	0.08199	0.08298
CCC	CTC	CT	0.52470	0.08398	0.10793	-0.52470	0.14192	0.10793
CCC	CCT	CT	-0.02397	0.08398	0.08298	0.02397	0.08199	0.08298
CCA	TCA	CT	-0.28576	0.07829	0.06763	0.28576	0.05883	0.06763
CCA	CTA	CT	0.02814	0.07829	0.07939	-0.02814	0.08052	0.07939
CCA	CCT	AT	-0.35369	0.01503	0.01253	0.35369	0.01055	0.01253
CCA	CCC	AC	-0.32972	0.03106	0.02622	0.32972	0.02234	0.02622
CCG	TCG	CT	-2.92482	0.01370	0.00227	2.92482	0.00074	0.00227
CCG	CTG	CT	3.37780	0.01370	0.04791	-3.37780	0.40149	0.04791
CCG	CCT	GT	1.08616	0.00263	0.00431	-1.08616	0.00779	0.00431
CCG	CCC	GC	1.11013	0.00544	0.00900	-1.11013	0.01649	0.00900
CCG	CCA	GA	1.43985	0.01898	0.03581	-1.43985	0.08009	0.03581
CAT	TAT	CT	1.25019	0.04181	0.07326	-1.25019	0.14596	0.07326
CAT	CTT	AT	0.58336	0.00803	0.01060	-0.58336	0.01439	0.01060
CAT	CCT	AC	-0.45234	0.01659	0.01312	0.45234	0.01055	0.01312
CAC	TAC	CT	1.66856	0.03985	0.08195	-1.66856	0.21141	0.08195
CAC	CTC	AT	0.87011	0.00765	0.01146	-0.87011	0.01827	0.01146
CAC	CCC	AC	0.34541	0.01581	0.01870	-0.34541	0.02234	0.01870
CAC	CAT	CT	0.77378	0.03985	0.05724	-0.77378	0.08640	0.05724
CAA	CTA	AT	0.34901	0.00731	0.00866	-0.34901	0.01036	0.00866
CAA	CCA	AC	0.32087	0.01511	0.01766	-0.32087	0.02082	0.01766
CAA	CAT	AT	0.41952	0.00731	0.00895	-0.41952	0.01112	0.00895
CAA	CAC	AC	-0.35426	0.01511	0.01259	0.35426	0.01060	0.01259
CAG	CTG	AT	1.15207	0.01633	0.02750	-1.15207	0.05167	0.02750
CAG	CCG	AC	-2.22573	0.03374	0.00909	2.22573	0.00364	0.00909
CAG	CAT	GT	-0.68723	0.01633	0.01136	0.68723	0.00821	0.01136
CAG	CAC	GC	-1.46101	0.03374	0.01489	1.46101	0.00783	0.01489
CAG	CAA	GA	-1.10675	0.11781	0.06441	1.10675	0.03895	0.06441
CGT	TGT	CT	0.32943	0.00979	0.01149	-0.32943	0.01360	0.01149
CGT	CTT	GT	1.73249	0.00188	0.00395	-1.73249	0.01062	0.00395
CGT	CCT	GC	0.69679	0.00388	0.00539	-0.69679	0.00779	0.00539
CGT	CAT	GA	1.14913	0.01356	0.02280	-1.14913	0.04278	0.02280
CGC	TGC	CT	-0.24077	0.05800	0.05130	0.24077	0.04559	0.05130
CGC	CTC	GT	0.19173	0.01114	0.01224	-0.19173	0.01349	0.01224
CGC	CCC	GC	-0.33297	0.02301	0.01939	0.33297	0.01649	0.01939
CGC	CAC	GA	-0.67837	0.08035	0.05615	0.67837	0.04077	0.05615
CGC	CGT	CT	-1.05372	0.05800	0.03271	1.05372	0.02022	0.03271
CGA	CTA	GT	8.96569	0.00000	0.00000	-8.96569	0.00765	0.00001
CGA	CCA	GC	8.93755	0.00000	0.00000	-8.93755	0.01538	0.00002
CGA	CAA	GA	8.61668	0.00000	0.00000	-8.61668	0.03895	0.00006
CGA	CGT	AT	7.88707	0.00000	0.00000	-7.88707	0.00260	0.00001
CGA	CGC	AC	8.94079	0.00000	0.00000	-8.94079	0.01543	0.00002
CGG	TGG	CT	2.28467	0.01370	0.03485	-2.28467	0.13457	0.03485
CGG	CTG	GT	2.67475	0.00263	0.00756	-2.67475	0.03816	0.00756
CGG	CCG	GC	-0.70305	0.00544	0.00375	0.70305	0.00269	0.00375
CGG	CAG	GA	1.52269	0.01898	0.03696	-1.52269	0.08701	0.03696
CGG	CGT	GT	-0.31368	0.00263	0.00224	0.31368	0.00192	0.00224
CGG	CGC	GC	0.74004	0.00544	0.00769	-0.74004	0.01139	0.00769
CGG	CGA	GA	-8.20075	0.01898	0.00004	8.20075	0.00000	0.00000
ATT	TTT	AT	0.73415	0.02466	0.03481	-0.73415	0.05139	0.03481
ATT	CTT	AC	-1.26492	0.05097	0.02535	1.26492	0.01439	0.02535
ATC	TTC	AT	0.28294	0.02842	0.03263	-0.28294	0.03771	0.03263
ATC	CTC	AC	-1.16792	0.05873	0.03096	1.16792	0.01827	0.03096
ATC	ATT	CT	0.58403	0.14803	0.19544	-0.58403	0.26546	0.19544
ATA	TTA	AT	-4.10490	0.00287	0.00020	4.10490	0.00005	0.00020
ATA	CTA	AC	0.55833	0.00593	0.00774	-0.55833	0.01036	0.00774
ATA	ATT	AT	2.47712	0.00287	0.00776	-2.47712	0.03417	0.00776
ATA	ATC	AC	1.89309	0.00593	0.01322	-1.89309	0.03937	0.01322
ATG	TTG	AT	0.80967	0.01202	0.01754	-0.80967	0.02702	0.01754
ATG	CTG	AC	0.73221	0.02485	0.03504	-0.73221	0.05167	0.03504
ATG	ATT	GT	0.74119	0.01202	0.01703	-0.74119	0.02523	0.01703
ATG	ATC	GC	0.15715	0.02485	0.02685	-0.15715	0.02908	0.02685
ATG	ATA	GA	-1.73593	0.08676	0.03222	1.73593	0.01529	0.03222
ACT	TCT	AT	0.09939	0.01011	0.01062	-0.09939	0.01117	0.01062
ACT	CCT	AC	-0.68311	0.02089	0.01456	0.68311	0.01055	0.01456
ACT	ATT	CT	1.61751	0.05266	0.10627	-1.61751	0.26546	0.10627
ACC	TCC	AT	0.27776	0.00799	0.00915	-0.27776	0.01055	0.00915
ACC	CCC	AC	0.30173	0.01652	0.01913	-0.30173	0.02234	0.01913
ACC	ATC	CT	1.99435	0.04163	0.09611	-1.99435	0.30590	0.09611
ACC	ACT	CT	0.96088	0.04163	0.06479	-0.96088	0.10883	0.06479
ACA	TCA	AT	-0.44824	0.01185	0.00939	0.44824	0.00757	0.00939
ACA	CCA	AC	-0.16248	0.02449	0.02256	0.16248	0.02082	0.02256
ACA	ATA	CT	-0.69267	0.06174	0.04281	0.69267	0.03088	0.04281
ACA	ACT	AT	0.16695	0.01185	0.01287	-0.16695	0.01401	0.01287
ACA	ACC	AC	-0.79393	0.02449	0.01604	0.79393	0.01107	0.01604
ACG	TCG	AT	-3.37539	0.00277	0.00033	3.37539	0.00009	0.00033
ACG	CCG	AC	-0.45057	0.00572	0.00453	0.45057	0.00364	0.00453
ACG	ATG	CT	2.19502	0.01441	0.03560	-2.19502	0.12942	0.03560
ACG	ACT	GT	1.31870	0.00277	0.00498	-1.31870	0.01034	0.00498
ACG	ACC	GC	0.35782	0.00572	0.00680	-0.35782	0.00818	0.00680
ACG	ACA	GA	1.15176	0.01996	0.03362	-1.15176	0.06316	0.03362
AAT	TAT	AT	0.59612	0.01035	0.01374	-0.59612	0.01879	0.01374
AAT	CAT	AC	-0.65407	0.02139	0.01515	0.65407	0.01112	0.01515
AAT	ATT	AT	1.19421	0.01035	0.01773	-1.19421	0.03417	0.01773
AAT	ACT	AC	-0.42330	0.02139	0.01718	0.42330	0.01401	0.01718
AAC	TAC	AT	0.32940	0.01957	0.02297	-0.32940	0.02721	0.02297
AAC	CAC	AC	-1.33917	0.04045	0.01924	1.33917	0.01060	0.01924
AAC	ATC	AT	0.69886	0.01957	0.02720	-0.69886	0.03937	0.02720
AAC	ACC	AC	-1.29549	0.04045	0.01975	1.29549	0.01107	0.01975
AAC	AAT	CT	0.08869	0.10195	0.10654	-0.08869	0.11140	0.10654
AAA	CAA	AC	-1.66727	0.05365	0.02081	1.66727	0.01013	0.02081
AAA	ATA	AT	-1.87659	0.02596	0.00881	1.87659	0.00397	0.00881
AAA	ACA	AC	-1.18392	0.05365	0.02801	1.18392	0.01642	0.02801
AAA	AAT	AT	-0.59367	0.02596	0.01901	0.59367	0.01434	0.01901
AAA	AAC	AC	-0.68236	0.05365	0.03741	0.68236	0.02711	0.03741
AAG	CAG	AC	-1.32621	0.08520	0.04084	1.32621	0.02262	0.04084
AAG	ATG	AT	-0.90635	0.04123	0.02533	0.90635	0.01666	0.02533
AAG	ACG	AC	-3.10137	0.08520	0.01245	3.10137	0.00383	0.01245
AAG	AAT	GT	-1.35937	0.04123	0.01937	1.35937	0.01059	0.01937
AAG	AAC	GC	-1.44805	0.08520	0.03791	1.44805	0.02002	0.03791
AAG	AAA	GA	-0.76569	0.29749	0.19799	0.76569	0.13834	0.19799
AGT	TGT	AT	-2.23278	0.01633	0.00438	2.23278	0.00175	0.00438
AGT	CGT	AC	-2.56220	0.03374	0.00723	2.56220	0.00260	0.00723
AGT	ATT	GT	0.43521	0.01633	0.02014	-0.43521	0.02523	0.02014
AGT	ACT	GC	-1.18230	0.03374	0.01764	1.18230	0.01034	0.01764
AGT	AAT	GA	-0.75900	0.11781	0.07871	0.75900	0.05515	0.07871
AGC	TGC	AT	-0.02995	0.00605	0.00596	0.02995	0.00587	0.00596
AGC	CGC	AC	0.21082	0.01249	0.01386	-0.21082	0.01543	0.01386
AGC	ATC	GT	1.57048	0.00605	0.01199	-1.57048	0.02908	0.01199
AGC	ACC	GC	-0.42388	0.01249	0.01003	0.42388	0.00818	0.01003
AGC	AAC	GA	0.87162	0.04363	0.06537	-0.87162	0.10430	0.06537
AGC	AGT	CT	1.71930	0.03149	0.06596	-1.71930	0.17575	0.06596
AGA	CGA	AC	-8.49705	0.00664	0.00001	8.49705	0.00000	0.00000
AGA	ATA	GT	-0.08968	0.00321	0.00307	0.08968	0.00294	0.00307
AGA	ACA	GC	0.60298	0.00664	0.00884	-0.60298	0.01213	0.00884
AGA	AAA	GA	1.78690	0.02317	0.04973	-1.78690	0.13834	0.04973
AGA	AGT	AT	1.95223	0.00321	0.00731	-1.95223	0.02262	0.00731
AGA	AGC	AC	0.23293	0.00664	0.00744	-0.23293	0.00838	0.00744
AGG	TGG	AT	1.13480	0.00557	0.00931	-1.13480	0.01732	0.00931
AGG	CGG	AC	-1.14987	0.01151	0.00613	1.14987	0.00364	0.00613
AGG	ATG	GT	0.79267	0.00557	0.00806	-0.79267	0.01230	0.00806
AGG	ACG	GC	-1.40235	0.01151	0.00526	1.40235	0.00283	0.00526
AGG	AAG	GA	1.69902	0.04018	0.08353	-1.69902	0.21970	0.08353
AGG	AGT	GT	1.09865	0.00557	0.00918	-1.09865	0.01670	0.00918
AGG	AGC	GC	-0.62065	0.01151	0.00830	0.62065	0.00619	0.00830
AGG	AGA	GA	-0.85358	0.04018	0.02544	0.85358	0.01711	0.02544
GTT	TTT	GT	0.75922	0.01776	0.02535	-0.75922	0.03795	0.02535
GTT	CTT	GC	-1.23985	0.03671	0.01854	1.23985	0.01062	0.01854
GTT	ATT	GA	0.02508	0.12817	0.12978	-0.02508	0.13142	0.12978
GTC	TTC	GT	0.52986	0.01640	0.02112	-0.52986	0.02785	0.02112
GTC	CTC	GC	-0.92100	0.03388	0.02064	0.92100	0.01349	0.02064
GTC	ATC	GA	0.24693	0.11831	0.13351	-0.24693	0.15144	0.13351
GTC	GTT	CT	0.80588	0.08540	0.12439	-0.80588	0.19119	0.12439
GTA	TTA	GT	-3.71488	0.00143	0.00013	3.71488	0.00003	0.00013
GTA	CTA	GC	0.94836	0.00296	0.00459	-0.94836	0.00765	0.00459
GTA	ATA	GA	0.39003	0.01035	0.01250	-0.39003	0.01529	0.01250
GTA	GTT	AT	2.84207	0.00143	0.00433	-2.84207	0.02461	0.00433
GTA	GTC	AC	2.03619	0.00296	0.00694	-2.03619	0.02271	0.00694
GTG	TTG	GT	-0.55639	0.03481	0.02602	0.55639	0.01995	0.02602
GTG	CTG	GC	-0.63386	0.07193	0.05153	0.63386	0.03816	0.05153
GTG	ATG	GA	-1.36607	0.25116	0.11750	1.36607	0.06407	0.11750
GTG	GTT	GT	-0.64995	0.03481	0.02471	0.64995	0.01817	0.02471
GTG	GTC	GC	-1.45584	0.07193	0.03185	1.45584	0.01677	0.03185
GTG	GTA	GA	-3.49203	0.25116	0.02753	3.49203	0.00764	0.02753
GCT	TCT	GT	-0.83594	0.01903	0.01217	0.83594	0.00825	0.01217
GCT	CCT	GC	-1.61844	0.03932	0.01573	1.61844	0.00779	0.01573
GCT	ACT	GA	-0.93533	0.13729	0.08295	0.93533	0.05388	0.08295
GCT	GTT	CT	0.65710	0.09910	0.13520	-0.65710	0.19119	0.13520
GCC	TCC	GT	-0.28046	0.01032	0.00894	0.28046	0.00779	0.00894
GCC	CCC	GC	-0.25650	0.02132	0.01870	0.25650	0.01649	0.01870
GCC	ACC	GA	-0.55823	0.07443	0.05558	0.55823	0.04259	0.05558
GCC	GTC	CT	1.18920	0.05373	0.09187	-1.18920	0.17648	0.09187
GCC	GCT	CT	1.33798	0.05373	0.09746	-1.33798	0.20479	0.09746
GCA	TCA	GT	-0.61577	0.01035	0.00749	0.61577	0.00559	0.00749
GCA	CCA	GC	-0.33001	0.02139	0.01805	0.33001	0.01538	0.01805
GCA	ACA	GA	-0.16753	0.07468	0.06860	0.16753	0.06316	0.06860
GCA	GTA	CT	-1.25022	0.05391	0.02706	1.25022	0.01544	0.02706
GCA	GCT	AT	0.93475	0.01035	0.01593	-0.93475	0.02636	0.01593
GCA	GCC	AC	-0.40323	0.02139	0.01737	0.40323	0.01429	0.01737
GCG	TCG	GT	-4.68674	0.00758	0.00033	4.68674	0.00007	0.00033
GCG	CCG	GC	-1.76192	0.01567	0.00572	1.76192	0.00269	0.00572
GCG	ACG	GA	-1.31135	0.05472	0.02647	1.31135	0.01474	0.02647
GCG	GTG	CT	2.24974	0.03950	0.09933	-2.24974	0.37465	0.09933
GCG	GCT	GT	0.94268	0.00758	0.01171	-0.94268	0.01947	0.01171
GCG	GCC	GC	-0.39530	0.01567	0.01278	0.39530	0.01055	0.01278
GCG	GCA	GA	0.00794	0.05472	0.05493	-0.00794	0.05515	0.05493
GAT	TAT	GT	-1.58866	0.06794	0.02770	1.58866	0.01387	0.02770
GAT	CAT	GC	-2.83885	0.14040	0.02476	2.83885	0.00821	0.02476
GAT	AAT	GA	-2.18477	0.49024	0.13577	2.18477	0.05515	0.13577
GAT	GTT	AT	-1.01564	0.06794	0.03918	1.01564	0.02461	0.03918
GAT	GCT	AC	-1.67275	0.14040	0.05428	1.67275	0.02636	0.05428
GAC	TAC	GT	-1.40105	0.08157	0.03736	1.40105	0.02009	0.03736
GAC	CAC	GC	-3.06961	0.16857	0.02520	3.06961	0.00783	0.02520
GAC	AAC	GA	-1.73045	0.58858	0.21936	1.73045	0.10430	0.21936
GAC	GTC	AT	-1.27851	0.08157	0.04025	1.27851	0.02271	0.04025
GAC	GCC	AC	-2.46771	0.16857	0.03853	2.46771	0.01429	0.03853
GAC	GAT	CT	0.54302	0.42488	0.55062	-0.54302	0.73129	0.55062
GAA	CAA	GC	-2.48069	0.08937	0.02025	2.48069	0.00748	0.02025
GAA	AAA	GA	-0.81342	0.31204	0.20215	0.81342	0.13834	0.20215
GAA	GTA	AT	-3.08003	0.04325	0.00642	3.08003	0.00199	0.00642
GAA	GCA	AC	-1.82981	0.08937	0.03125	1.82981	0.01434	0.03125
GAA	GAT	AT	0.77768	0.04325	0.06222	-0.77768	0.09412	0.06222
GAA	GAC	AC	0.23467	0.08937	0.10026	-0.23467	0.11300	0.10026
GAG	CAG	GC	-2.32620	0.17104	0.04306	2.32620	0.01670	0.04306
GAG	AAG	GA	-0.99999	0.59720	0.34756	0.99999	0.21970	0.34756
GAG	GTG	AT	-0.54027	0.08277	0.06241	0.54027	0.04822	0.06241
GAG	GCG	AC	-2.79001	0.17104	0.03123	2.79001	0.01051	0.03123
GAG	GAT	GT	-0.17458	0.08277	0.07575	0.17458	0.06951	0.07575
GAG	GAC	GC	-0.71760	0.17104	0.11695	0.71760	0.08345	0.11695
GAG	GAA	GA	-0.95226	0.59720	0.35732	0.95226	0.23044	0.35732
GGT	TGT	GT	-1.45388	0.00553	0.00245	1.45388	0.00129	0.00245
GGT	CGT	GC	-1.78331	0.01144	0.00412	1.78331	0.00192	0.00412
GGT	AGT	GA	0.77889	0.03993	0.05748	-0.77889	0.08701	0.05748
GGT	GTT	GT	1.18903	0.00553	0.00946	-1.18903	0.01817	0.00946
GGT	GCT	GC	0.53192	0.01144	0.01475	-0.53192	0.01947	0.01475
GGT	GAT	GA	2.20467	0.03993	0.09894	-2.20467	0.36204	0.09894
GGC	TGC	GT	-1.03466	0.01219	0.00696	1.03466	0.00433	0.00696
GGC	CGC	GC	-0.79389	0.02520	0.01651	0.79389	0.01139	0.01651
GGC	AGC	GA	-1.00471	0.08799	0.05107	1.00471	0.03222	0.05107
GGC	GTC	GT	0.31884	0.01219	0.01424	-0.31884	0.01677	0.01424
GGC	GCC	GC	-0.87036	0.02520	0.01580	0.87036	0.01055	0.01580
GGC	GAC	GA	1.59736	0.08799	0.17623	-1.59736	0.43467	0.17623
GGC	GGT	CT	-0.06430	0.06352	0.06150	0.06430	0.05956	0.06150
GGA	CGA	GC	-9.31312	0.01108	0.00001	9.31312	0.00000	0.00000
GGA	AGA	GA	-0.81607	0.03870	0.02503	0.81607	0.01711	0.02503
GGA	GTA	GT	-1.29578	0.00536	0.00262	1.29578	0.00147	0.00262
GGA	GCA	GC	-0.04556	0.01108	0.01083	0.04556	0.01059	0.01083
GGA	GAA	GA	1.78425	0.03870	0.08298	-1.78425	0.23044	0.08298
GGA	GGT	AT	0.35726	0.00536	0.00638	-0.35726	0.00767	0.00638
GGA	GGC	AC	0.42156	0.01108	0.01358	-0.42156	0.01689	0.01358
GGG	TGG	GT	0.13241	0.01120	0.01196	-0.13241	0.01279	0.01196
GGG	CGG	GC	-2.15226	0.02315	0.00655	2.15226	0.00269	0.00655
GGG	AGG	GA	-1.00238	0.08084	0.04698	1.00238	0.02967	0.04698
GGG	GTG	GT	1.15636	0.01120	0.01890	-1.15636	0.03561	0.01890
GGG	GCG	GC	-1.09338	0.02315	0.01276	1.09338	0.00776	0.01276
GGG	GAG	GA	1.69663	0.08084	0.16795	-1.69663	0.44104	0.16795
GGG	GGT	GT	-0.68262	0.01120	0.00781	0.68262	0.00566	0.00781
GGG	GGC	GC	-0.61832	0.02315	0.01673	0.61832	0.01248	0.01673
GGG	GGA	GA	-1.03989	0.08084	0.04597	1.03989	0.02858	0.04597


Histograms
2Ns	FMut	FSub(CodonUsage)	FSubw(after w)

-8.86964	0.00335	0.00001
-7.98267	0.00076	0.00000
-7.09571	0.00181	0.00001
-6.20874	0.01457	0.00020
-5.32178	0.00000	0.00000
-4.43482	0.00433	0.00032
-3.54785	0.02444	0.00379
-2.66089	0.07572	0.02297
-1.77393	0.25374	0.12512
-0.88696	0.29694	0.25218
0.00000	0.14365	0.19080
0.88696	0.12863	0.25218
1.77393	0.04476	0.12512
2.66089	0.00644	0.02297
3.54785	0.00080	0.00379
4.43482	0.00005	0.00032
5.32178	0.00000	0.00000
6.20874	0.00002	0.00020
7.09571	0.00000	0.00001
7.98267	0.00000	0.00000
8.86964	0.00000	0.00000

Proportion of advantageous (S > 0) mutations:
 0.24597

Proportions of good & bad mutations (|S| > 2.0000) among mutations:
0.01169  0.16364

mean |Ns| = 1.36541	mean Ns+ = 0.85688	mean Ns- = -1.53130


MLEs of dN/dS (w) for site classes (K=4)

site class             0        1       2a       2b
proportion       0.15954  0.01414  0.75907  0.06726
background w     0.14397  2.50974  0.14397  2.50974
foreground w     0.14397  2.50974  0.13348  0.13348

Naive Empirical Bayes (NEB) probabilities for 4 classes
(amino acids refer to 1st sequence: Bacu)

   1 M   0.17286 0.00041 0.82385 0.00287 ( 3)
   2 K   0.13566 0.03212 0.64602 0.18620 ( 3)
   3 R   0.16779 0.00379 0.79994 0.02848 ( 3)
   4 T   0.17287 0.00041 0.82388 0.00285 ( 3)
   5 H   0.16825 0.00349 0.80214 0.02612 ( 3)
   6 L   0.16534 0.00785 0.78692 0.03988 ( 3)
   7 F   0.16894 0.00416 0.80430 0.02260 ( 3)
   8 V   0.12434 0.04329 0.59200 0.24037 ( 3)
   9 M   0.13007 0.03825 0.61931 0.21237 ( 3)
  10 A   0.03029 0.62285 0.13381 0.21305 ( 2)
  11 V   0.17219 0.00103 0.82031 0.00647 ( 3)
  12 Y   0.17032 0.00280 0.81100 0.01588 ( 3)
  13 L   0.16534 0.00785 0.78692 0.03988 ( 3)
  14 L   0.16534 0.00785 0.78692 0.03988 ( 3)
  15 S   0.17300 0.00028 0.82466 0.00205 ( 3)
  16 T   0.16652 0.00483 0.79377 0.03488 ( 3)
  17 C   0.17315 0.00014 0.82563 0.00108 ( 3)
  18 R   0.15904 0.00984 0.75819 0.07293 ( 3)
  19 A   0.17158 0.00161 0.81719 0.00962 ( 3)
  20 E   0.12398 0.04392 0.59028 0.24182 ( 3)
  21 E   0.16959 0.00353 0.80744 0.01944 ( 3)
  22 G   0.17276 0.00052 0.82325 0.00347 ( 3)
  23 L   0.16593 0.00729 0.78974 0.03703 ( 3)
  24 N   0.16124 0.00917 0.76835 0.06124 ( 3)
  25 F   0.17065 0.00250 0.81260 0.01426 ( 3)
  26 P   0.17175 0.00145 0.81803 0.00877 ( 3)
  27 T   0.17294 0.00036 0.82421 0.00250 ( 3)
  28 Y   0.17080 0.00235 0.81333 0.01351 ( 3)
  29 D   0.16908 0.00404 0.80494 0.02194 ( 3)
  30 G   0.17271 0.00057 0.82296 0.00377 ( 3)
  31 K   0.14775 0.02187 0.70362 0.12676 ( 3)
  32 D   0.16911 0.00401 0.80510 0.02178 ( 3)
  33 R   0.17153 0.00166 0.81695 0.00985 ( 3)
  34 V   0.16991 0.00315 0.80905 0.01790 ( 3)
  35 V   0.17233 0.00092 0.82097 0.00578 ( 3)
  36 S   0.17057 0.00258 0.81222 0.01464 ( 3)
  37 L   0.17095 0.00221 0.81408 0.01276 ( 3)
  38 T   0.17295 0.00036 0.82423 0.00246 ( 3)
  39 E   0.16962 0.00350 0.80759 0.01928 ( 3)
  40 K   0.17105 0.00211 0.81458 0.01225 ( 3)
  41 N   0.17272 0.00056 0.82299 0.00373 ( 3)
  42 F   0.17068 0.00247 0.81274 0.01411 ( 3)
  43 K   0.17105 0.00211 0.81458 0.01225 ( 3)
  44 Q   0.17015 0.00299 0.81013 0.01674 ( 3)
  45 V   0.17240 0.00085 0.82133 0.00542 ( 3)
  46 L   0.10316 0.06537 0.49102 0.34045 ( 3)
  47 K   0.17105 0.00211 0.81458 0.01225 ( 3)
  48 K   0.17116 0.00201 0.81510 0.01173 ( 3)
  49 Y   0.13322 0.03483 0.63436 0.19759 ( 3)
  50 D   0.16911 0.00401 0.80510 0.02178 ( 3)
  51 L   0.16700 0.00614 0.79488 0.03198 ( 3)
  52 L   0.17275 0.00053 0.82319 0.00353 ( 3)
  53 C   0.17320 0.00010 0.82592 0.00078 ( 3)
  54 L   0.17275 0.00052 0.82321 0.00352 ( 3)
  55 Y   0.13178 0.03608 0.62747 0.20467 ( 3)
  56 Y   0.13337 0.03470 0.63507 0.19686 ( 3)
  57 H   0.17264 0.00063 0.82257 0.00416 ( 3)
  58 E   0.16956 0.00355 0.80731 0.01957 ( 3)
  59 P   0.17175 0.00145 0.81805 0.00875 ( 3)
  60 V   0.12287 0.04459 0.58500 0.24755 ( 3)
  61 S   0.17289 0.00040 0.82397 0.00273 ( 3)
  62 S   0.17222 0.00108 0.82024 0.00646 ( 3)
  63 D   0.16805 0.00507 0.79996 0.02692 ( 3)
  64 K   0.17111 0.00206 0.81486 0.01198 ( 3)
  65 A   0.00462 0.13318 0.02199 0.84021 ( 4)
  66 A   0.00037 0.13302 0.00179 0.86482 ( 4)
  67 Q   0.17009 0.00304 0.80985 0.01702 ( 3)
  68 K   0.17111 0.00206 0.81486 0.01198 ( 3)
  69 Q   0.08745 0.07521 0.41640 0.42093 ( 4)
  70 F   0.13573 0.03251 0.64634 0.18542 ( 3)
  71 Q   0.17049 0.00265 0.81181 0.01505 ( 3)
  72 M   0.01794 0.14403 0.08542 0.75261 ( 4)
  73 K   0.17111 0.00206 0.81486 0.01198 ( 3)
  74 E   0.17021 0.00291 0.81048 0.01640 ( 3)
  75 I   0.13331 0.03461 0.63479 0.19729 ( 3)
  76 V   0.08839 0.07490 0.42086 0.41585 ( 3)
  77 L   0.16547 0.00774 0.78751 0.03929 ( 3)
  78 E   0.16953 0.00358 0.80715 0.01973 ( 3)
  79 F   0.16855 0.00451 0.80243 0.02451 ( 3)
  80 D   0.10820 0.05975 0.51507 0.31699 ( 3)
  81 E   0.16972 0.00335 0.80811 0.01883 ( 3)
  82 E   0.16972 0.00335 0.80811 0.01883 ( 3)
  83 G   0.17239 0.00082 0.82139 0.00540 ( 3)
  84 S   0.17000 0.00307 0.80949 0.01744 ( 3)
  85 L   0.09095 0.07835 0.43286 0.39784 ( 3)
  86 Y   0.17028 0.00279 0.81088 0.01604 ( 3)
  87 V   0.15097 0.01765 0.71923 0.11215 ( 3)
  88 L   0.17244 0.00076 0.82171 0.00509 ( 3)
  89 K   0.17051 0.00257 0.81200 0.01491 ( 3)
  90 G   0.17307 0.00019 0.82524 0.00150 ( 3)
  91 D   0.16750 0.00558 0.79734 0.02958 ( 3)
  92 R   0.17096 0.00214 0.81421 0.01268 ( 3)
  93 T   0.13732 0.03018 0.65398 0.17852 ( 3)
  94 I   0.17066 0.00243 0.81276 0.01415 ( 3)
  95 E   0.16902 0.00404 0.80471 0.02224 ( 3)
  96 F   0.16861 0.00442 0.80276 0.02421 ( 3)
  97 D   0.16750 0.00558 0.79734 0.02958 ( 3)
  98 G   0.17243 0.00078 0.82162 0.00518 ( 3)
  99 E   0.16902 0.00404 0.80470 0.02224 ( 3)
 100 F   0.16855 0.00451 0.80243 0.02451 ( 3)
 101 A   0.17120 0.00191 0.81543 0.01146 ( 3)
 102 A   0.17132 0.00180 0.81600 0.01088 ( 3)
 103 D   0.16750 0.00557 0.79735 0.02958 ( 3)
 104 V   0.17195 0.00122 0.81916 0.00768 ( 3)
 105 L   0.16652 0.00658 0.79260 0.03429 ( 3)
 106 V   0.16931 0.00375 0.80611 0.02083 ( 3)
 107 E   0.16902 0.00404 0.80471 0.02224 ( 3)
 108 F   0.16857 0.00450 0.80251 0.02443 ( 3)
 109 L   0.17250 0.00071 0.82200 0.00479 ( 3)
 110 L   0.16652 0.00658 0.79260 0.03429 ( 3)
 111 D   0.16838 0.00466 0.80163 0.02532 ( 3)
 112 L   0.16170 0.00984 0.77010 0.05836 ( 3)
 113 I   0.14125 0.02899 0.67248 0.15728 ( 3)
 114 E   0.17031 0.00301 0.81070 0.01597 ( 3)
 115 D   0.16911 0.00421 0.80490 0.02178 ( 3)
 116 P   0.17141 0.00190 0.81614 0.01055 ( 3)
 117 V   0.16990 0.00323 0.80896 0.01791 ( 3)
 118 E   0.16962 0.00350 0.80758 0.01929 ( 3)
 119 I   0.17066 0.00249 0.81266 0.01419 ( 3)
 120 I   0.17066 0.00249 0.81266 0.01419 ( 3)
 121 N   0.16172 0.00887 0.77060 0.05880 ( 3)
 122 S   0.17306 0.00025 0.82492 0.00178 ( 3)
 123 K   0.17116 0.00202 0.81509 0.01174 ( 3)
 124 L   0.16554 0.00766 0.78788 0.03891 ( 3)
 125 E   0.17030 0.00284 0.81088 0.01598 ( 3)
 126 V   0.17233 0.00092 0.82096 0.00579 ( 3)
 127 Q   0.17054 0.00261 0.81206 0.01479 ( 3)
 128 A   0.17264 0.00063 0.82260 0.00412 ( 3)
 129 F   0.16916 0.00397 0.80532 0.02156 ( 3)
 130 E   0.16962 0.00350 0.80758 0.01929 ( 3)
 131 R   0.17146 0.00173 0.81659 0.01022 ( 3)
 132 I   0.17119 0.00198 0.81525 0.01158 ( 3)
 133 E   0.16962 0.00350 0.80758 0.01929 ( 3)
 134 D   0.16911 0.00401 0.80509 0.02179 ( 3)
 135 H   0.16118 0.00936 0.76797 0.06150 ( 3)
 136 I   0.17066 0.00249 0.81266 0.01419 ( 3)
 137 K   0.17116 0.00202 0.81509 0.01174 ( 3)
 138 L   0.17278 0.00051 0.82332 0.00340 ( 3)
 139 I   0.17080 0.00237 0.81331 0.01352 ( 3)
 140 G   0.17272 0.00056 0.82302 0.00370 ( 3)
 141 F   0.16916 0.00397 0.80532 0.02156 ( 3)
 142 F   0.17068 0.00248 0.81273 0.01412 ( 3)
 143 K   0.17105 0.00212 0.81457 0.01227 ( 3)
 144 S   0.17057 0.00258 0.81220 0.01465 ( 3)
 145 E   0.16963 0.00349 0.80763 0.01924 ( 3)
 146 D   0.16911 0.00401 0.80509 0.02179 ( 3)
 147 S   0.17161 0.00159 0.81734 0.00947 ( 3)
 148 E   0.16872 0.00430 0.80330 0.02368 ( 3)
 149 Y   0.11929 0.04910 0.56789 0.26371 ( 3)
 150 Y   0.17038 0.00293 0.81108 0.01561 ( 3)
 151 K   0.17092 0.00241 0.81368 0.01300 ( 3)
 152 A   0.17169 0.00166 0.81743 0.00922 ( 3)
 153 F   0.16898 0.00432 0.80429 0.02241 ( 3)
 154 E   0.17014 0.00317 0.80991 0.01678 ( 3)
 155 E   0.16945 0.00385 0.80657 0.02013 ( 3)
 156 A   0.17150 0.00185 0.81650 0.01016 ( 3)
 157 A   0.17169 0.00166 0.81743 0.00922 ( 3)
 158 E   0.17014 0.00317 0.80991 0.01678 ( 3)
 159 H   0.17264 0.00076 0.82217 0.00443 ( 3)
 160 F   0.17053 0.00279 0.81179 0.01489 ( 3)
 161 Q   0.16998 0.00332 0.80914 0.01756 ( 3)
 162 P   0.17305 0.00037 0.82433 0.00225 ( 3)
 163 Y   0.17038 0.00293 0.81108 0.01561 ( 3)
 164 I   0.13228 0.03750 0.62972 0.20050 ( 3)
 165 K   0.17103 0.00230 0.81421 0.01246 ( 3)
 166 F   0.16898 0.00432 0.80429 0.02241 ( 3)
 167 F   0.16898 0.00432 0.80429 0.02241 ( 3)
 168 A   0.17169 0.00166 0.81743 0.00922 ( 3)
 169 T   0.17285 0.00056 0.82324 0.00335 ( 3)
 170 F   0.17052 0.00280 0.81174 0.01495 ( 3)
 171 D   0.16893 0.00437 0.80406 0.02264 ( 3)
 172 K   0.17103 0.00230 0.81421 0.01246 ( 3)
 173 G   0.17277 0.00064 0.82283 0.00377 ( 3)
 174 V   0.17196 0.00137 0.81885 0.00783 ( 3)
 175 A   0.17100 0.00228 0.81416 0.01255 ( 3)
 176 K   0.17036 0.00291 0.81102 0.01572 ( 3)
 177 K   0.17048 0.00279 0.81159 0.01514 ( 3)
 178 L   0.16635 0.00695 0.79168 0.03503 ( 3)
 179 S   0.17291 0.00047 0.82367 0.00295 ( 3)
 180 L   0.16635 0.00695 0.79168 0.03503 ( 3)
 181 K   0.17036 0.00291 0.81102 0.01572 ( 3)
 182 M   0.17271 0.00066 0.82264 0.00399 ( 3)
 183 N   0.17300 0.00038 0.82418 0.00243 ( 3)
 184 E   0.16883 0.00443 0.80360 0.02314 ( 3)
 185 V   0.17196 0.00137 0.81884 0.00784 ( 3)
 186 D   0.16830 0.00496 0.80106 0.02568 ( 3)
 187 F   0.16994 0.00332 0.80901 0.01773 ( 3)
 188 Y   0.17011 0.00315 0.80981 0.01693 ( 3)
 189 E   0.16883 0.00443 0.80360 0.02314 ( 3)
 190 P   0.17029 0.00298 0.81068 0.01606 ( 3)
 191 F   0.16835 0.00491 0.80129 0.02545 ( 3)
 192 M   0.17271 0.00066 0.82264 0.00399 ( 3)
 193 D   0.16829 0.00497 0.80101 0.02574 ( 3)
 194 E   0.16883 0.00443 0.80360 0.02314 ( 3)
 195 P   0.17118 0.00211 0.81503 0.01168 ( 3)
 196 I   0.17051 0.00276 0.81177 0.01496 ( 3)
 197 A   0.17228 0.00106 0.82047 0.00619 ( 3)
 198 I   0.16997 0.00329 0.80913 0.01760 ( 3)
 199 P   0.17226 0.00108 0.82036 0.00631 ( 3)
 200 D   0.16826 0.00499 0.80087 0.02587 ( 3)
 201 K   0.17285 0.04956 0.76302 0.01457 ( 3)
 202 P   0.17115 0.00214 0.81487 0.01184 ( 3)
 203 Y   0.16975 0.00350 0.80807 0.01867 ( 3)
 204 T   0.17078 0.00249 0.81307 0.01365 ( 3)
 205 E   0.16950 0.00375 0.80686 0.01989 ( 3)
 206 E   0.16642 0.07758 0.73444 0.02157 ( 3)
 207 E   0.16879 0.00446 0.80341 0.02334 ( 3)
 208 L   0.17245 0.00090 0.82134 0.00531 ( 3)
 209 V   0.16908 0.00417 0.80483 0.02192 ( 3)
 210 E   0.16611 0.07717 0.73317 0.02355 ( 3)
 211 F   0.16825 0.00497 0.80085 0.02593 ( 3)
 212 V   0.16895 0.00429 0.80421 0.02255 ( 3)
 213 K   0.17020 0.00305 0.81026 0.01649 ( 3)
 214 E   0.16865 0.00459 0.80279 0.02397 ( 3)
 215 H   0.17297 0.00041 0.82404 0.00259 ( 3)
 216 Q   0.16963 0.00363 0.80751 0.01923 ( 3)
 217 P   0.16908 0.00396 0.80500 0.02196 ( 3)
 218 T   0.17112 0.00199 0.81501 0.01188 ( 3)
 219 L   0.16878 0.00434 0.80348 0.02340 ( 3)
 220 R   0.15374 0.01572 0.73235 0.09819 ( 3)
 221 R   0.16933 0.00378 0.80619 0.02070 ( 3)
 222 L   0.16496 0.00827 0.78507 0.04170 ( 3)
 223 R   0.16937 0.00375 0.80635 0.02053 ( 3)
 224 P   0.16879 0.00433 0.80353 0.02335 ( 3)
 225 E   0.16800 0.00513 0.79970 0.02718 ( 3)
 226 D   0.16585 0.00734 0.78935 0.03747 ( 3)
 227 M   0.17182 0.00138 0.81841 0.00838 ( 3)
 228 F   0.16682 0.00633 0.79405 0.03280 ( 3)
 229 E   0.16795 0.00518 0.79948 0.02740 ( 3)
 230 T   0.16936 0.00375 0.80633 0.02055 ( 3)
 231 W   0.16532 0.00789 0.78681 0.03998 ( 3)
 232 E   0.17033 0.00281 0.81103 0.01583 ( 3)
 233 D   0.16814 0.00499 0.80040 0.02647 ( 3)
 234 D   0.16814 0.00499 0.80040 0.02647 ( 3)
 235 L   0.16715 0.00600 0.79563 0.03122 ( 3)
 236 N   0.17273 0.00055 0.82304 0.00367 ( 3)
 237 G   0.17279 0.00050 0.82337 0.00334 ( 3)
 238 I   0.17069 0.00246 0.81280 0.01404 ( 3)
 239 H   0.17314 0.00016 0.82547 0.00122 ( 3)
 240 I   0.17122 0.00196 0.81538 0.01144 ( 3)
 241 V   0.16994 0.00320 0.80911 0.01775 ( 3)
 242 A   0.17266 0.00062 0.82268 0.00405 ( 3)
 243 F   0.16927 0.00385 0.80586 0.02102 ( 3)
 244 A   0.17269 0.00059 0.82285 0.00387 ( 3)
 245 E   0.16965 0.00348 0.80774 0.01913 ( 3)
 246 R   0.17313 0.00018 0.82537 0.00132 ( 3)
 247 S   0.17060 0.00255 0.81235 0.01450 ( 3)
 248 D   0.16814 0.00499 0.80040 0.02647 ( 3)
 249 P   0.17102 0.00215 0.81441 0.01243 ( 3)
 250 D   0.16808 0.00505 0.80010 0.02677 ( 3)
 251 G   0.17272 0.00056 0.82303 0.00369 ( 3)
 252 Y   0.17069 0.00244 0.81283 0.01403 ( 3)
 253 E   0.16963 0.00350 0.80760 0.01927 ( 3)
 254 F   0.17068 0.00247 0.81275 0.01410 ( 3)
 255 L   0.16555 0.00766 0.78790 0.03889 ( 3)
 256 E   0.16963 0.00350 0.80760 0.01927 ( 3)
 257 I   0.17067 0.00249 0.81268 0.01417 ( 3)
 258 L   0.16555 0.00766 0.78791 0.03888 ( 3)
 259 K   0.17105 0.00211 0.81459 0.01225 ( 3)
 260 Q   0.17015 0.00299 0.81014 0.01673 ( 3)
 261 V   0.17240 0.00085 0.82133 0.00541 ( 3)
 262 A   0.17182 0.00139 0.81839 0.00840 ( 3)
 263 R   0.17318 0.00012 0.82580 0.00090 ( 3)
 264 D   0.16911 0.00401 0.80511 0.02177 ( 3)
 265 N   0.17272 0.00056 0.82299 0.00373 ( 3)
 266 T   0.17309 0.00021 0.82518 0.00153 ( 3)
 267 D   0.16911 0.00401 0.80511 0.02177 ( 3)
 268 N   0.17272 0.00056 0.82299 0.00373 ( 3)
 269 P   0.17265 0.00063 0.82261 0.00411 ( 3)
 270 D   0.12042 0.04764 0.57329 0.25865 ( 3)
 271 L   0.16700 0.00594 0.79503 0.03204 ( 3)
 272 S   0.16759 0.00409 0.79884 0.02949 ( 3)
 273 I   0.17074 0.00241 0.81305 0.01380 ( 3)
 274 V   0.12079 0.03475 0.57595 0.26851 ( 3)
 275 W   0.16751 0.00563 0.79736 0.02950 ( 3)
 276 I   0.17067 0.00249 0.81268 0.01417 ( 3)
 277 D   0.16911 0.00401 0.80511 0.02177 ( 3)
 278 P   0.17099 0.00217 0.81429 0.01255 ( 3)
 279 D   0.16828 0.00485 0.80108 0.02579 ( 3)
 280 D   0.16911 0.00401 0.80511 0.02177 ( 3)
 281 F   0.16916 0.00396 0.80534 0.02154 ( 3)
 282 P   0.17265 0.00063 0.82261 0.00411 ( 3)
 283 L   0.16555 0.00766 0.78790 0.03889 ( 3)
 284 L   0.17279 0.00050 0.82336 0.00335 ( 3)
 285 V   0.17240 0.00085 0.82134 0.00541 ( 3)
 286 A   0.17256 0.00069 0.82221 0.00454 ( 3)
 287 Y   0.17083 0.00233 0.81348 0.01336 ( 3)
 288 W   0.16752 0.00562 0.79738 0.02949 ( 3)
 289 E   0.17031 0.00283 0.81091 0.01595 ( 3)
 290 K   0.17106 0.00211 0.81460 0.01223 ( 3)
 291 T   0.17286 0.00043 0.82376 0.00295 ( 3)
 292 F   0.17068 0.00247 0.81276 0.01409 ( 3)
 293 K   0.17106 0.00211 0.81460 0.01223 ( 3)
 294 I   0.17119 0.00198 0.81528 0.01155 ( 3)
 295 D   0.16912 0.00401 0.80512 0.02176 ( 3)
 296 L   0.17096 0.00221 0.81410 0.01274 ( 3)
 297 F   0.17068 0.00247 0.81276 0.01409 ( 3)
 298 K   0.17106 0.00211 0.81460 0.01223 ( 3)
 299 P   0.17108 0.00210 0.81469 0.01214 ( 3)
 300 Q   0.17015 0.00299 0.81015 0.01672 ( 3)
 301 I   0.17119 0.00198 0.81528 0.01155 ( 3)
 302 G   0.17269 0.00059 0.82286 0.00387 ( 3)
 303 V   0.16991 0.00322 0.80899 0.01788 ( 3)
 304 V   0.16991 0.00322 0.80899 0.01788 ( 3)
 305 N   0.17312 0.00019 0.82531 0.00139 ( 3)
 306 V   0.17240 0.00085 0.82133 0.00542 ( 3)
 307 T   0.17146 0.00173 0.81659 0.01022 ( 3)
 308 D   0.16805 0.00507 0.79995 0.02692 ( 3)
 309 A   0.17166 0.00152 0.81763 0.00918 ( 3)
 310 D   0.16894 0.00416 0.80430 0.02259 ( 3)
 311 S   0.17042 0.00271 0.81149 0.01538 ( 3)
 312 V   0.17223 0.00099 0.82051 0.00626 ( 3)
 313 W   0.16735 0.00578 0.79657 0.03031 ( 3)
 314 M   0.17289 0.00040 0.82397 0.00275 ( 3)
 315 E   0.16946 0.00365 0.80681 0.02008 ( 3)
 316 I   0.17105 0.00210 0.81460 0.01225 ( 3)
 317 P   0.17095 0.00221 0.81407 0.01278 ( 3)
 318 D   0.10943 0.05862 0.52092 0.31102 ( 3)
 319 G   0.17316 0.00014 0.82566 0.00105 ( 3)
 320 D   0.16794 0.00517 0.79945 0.02743 ( 3)
 321 D   0.08978 0.07510 0.42741 0.40772 ( 3)
 322 L   0.16542 0.00778 0.78729 0.03951 ( 3)
 323 P   0.17166 0.00152 0.81764 0.00917 ( 3)
 324 T   0.17133 0.00184 0.81595 0.01088 ( 3)
 325 A   0.17167 0.00151 0.81769 0.00913 ( 3)
 326 E   0.16946 0.00365 0.80681 0.02008 ( 3)
 327 E   0.16946 0.00365 0.80681 0.02008 ( 3)
 328 L   0.16540 0.00780 0.78721 0.03959 ( 3)
 329 E   0.17015 0.00297 0.81015 0.01673 ( 3)
 330 D   0.16894 0.00416 0.80430 0.02259 ( 3)
 331 W   0.16735 0.00578 0.79657 0.03031 ( 3)
 332 I   0.13947 0.02872 0.66422 0.16758 ( 3)
 333 E   0.16946 0.00365 0.80681 0.02008 ( 3)
 334 D   0.16798 0.00513 0.79964 0.02725 ( 3)
 335 V   0.16975 0.00337 0.80820 0.01869 ( 3)
 336 L   0.17271 0.00055 0.82302 0.00371 ( 3)
 337 S   0.17285 0.00043 0.82376 0.00296 ( 3)
 338 G   0.17271 0.00056 0.82298 0.00375 ( 3)
 339 K   0.17091 0.00223 0.81390 0.01295 ( 3)
 340 I   0.17320 0.00008 0.82605 0.00067 ( 3)
 341 N   0.16073 0.00962 0.76588 0.06376 ( 3)
 342 T   0.17278 0.00049 0.82340 0.00333 ( 3)
 343 E   0.16954 0.00358 0.80719 0.01970 ( 3)
 344 D   0.11091 0.05727 0.52798 0.30384 ( 3)
 345 D   0.11207 0.05621 0.53350 0.29822 ( 3)
 346 D   0.16887 0.00423 0.80395 0.02295 ( 3)
 347 N   0.00051 0.12374 0.00245 0.87330 ( 4)
 348 E   0.12810 0.03954 0.60996 0.22240 ( 3)
 349 D   0.11106 0.05713 0.52870 0.30311 ( 3)
 350 E   0.17012 0.00302 0.81001 0.01684 ( 3)
 351 E   0.00144 0.15322 0.00688 0.83845 ( 4)
 352 D   0.10852 0.05945 0.51660 0.31543 ( 3)
 353 E   0.17009 0.00302 0.80988 0.01701 ( 3)
 354 E   0.16938 0.06412 0.74772 0.01877 ( 3)
 355 D   0.01659 0.14343 0.07897 0.76101 ( 4)
 356 D   0.16894 0.00416 0.80430 0.02259 ( 3)
 357 D   0.12130 0.04693 0.57747 0.25430 ( 3)
 358 D   0.16894 0.00417 0.80426 0.02263 ( 3)
 359 D   0.10809 0.05989 0.51454 0.31749 ( 3)
 360 D   0.11072 0.05743 0.52707 0.30478 ( 3)
 361 D   0.16894 0.00416 0.80430 0.02259 ( 3)
 362 N   0.00003 0.12391 0.00012 0.87595 ( 4)
 363 D   0.16837 0.00468 0.80155 0.02540 ( 3)
 364 N   0.17293 0.00032 0.82440 0.00235 ( 3)
 365 S   0.17263 0.00059 0.82270 0.00408 ( 3)
 366 D   0.16835 0.00473 0.80145 0.02548 ( 3)
 367 E   0.16950 0.00356 0.80705 0.01989 ( 3)
 368 E   0.01905 0.13484 0.09069 0.75542 ( 4)
 369 D   0.00188 0.14405 0.00894 0.84514 ( 4)
 370 D   0.11521 0.05334 0.54844 0.28301 ( 3)
 371 D   0.16894 0.00416 0.80430 0.02259 ( 3)
 372 S   0.00012 0.14959 0.00058 0.84971 ( 4)
 373 D   0.01610 0.14433 0.07664 0.76293 ( 4)
 374 D   0.12123 0.04692 0.57713 0.25472 ( 3)
 375 D   0.10759 0.06030 0.51217 0.31993 ( 3)
 376 E   0.00103 0.15697 0.00490 0.83710 ( 4)
 377 D   0.16864 0.00443 0.80287 0.02406 ( 3)


lnL = -3072.004490

Bayes Empirical Bayes (BEB) probabilities for 4 classes (class)
(amino acids refer to 1st sequence: Bacu)

   1 M   0.90015 0.06857 0.02868 0.00260 ( 1)
   2 K   0.26602 0.69509 0.01010 0.02879 ( 2)
   3 R   0.46628 0.50215 0.01368 0.01789 ( 2)
   4 T   0.90037 0.06840 0.02865 0.00259 ( 1)
   5 H   0.47456 0.49383 0.01398 0.01764 ( 2)
   6 L   0.76555 0.19202 0.03363 0.00880 ( 1)
   7 F   0.80521 0.15511 0.03287 0.00680 ( 1)
   8 V   0.23900 0.72078 0.00950 0.03072 ( 2)
   9 M   0.25027 0.70953 0.00995 0.03024 ( 2)
  10 A   0.00551 0.90493 0.00429 0.08527 ( 2)
  11 V   0.87035 0.09539 0.03045 0.00381 ( 1)
  12 Y   0.82635 0.13564 0.03223 0.00578 ( 1)
  13 L   0.76555 0.19202 0.03363 0.00880 ( 1)
  14 L   0.76555 0.19202 0.03363 0.00880 ( 1)
  15 S   0.91018 0.05969 0.02793 0.00221 ( 1)
  16 T   0.44334 0.52406 0.01352 0.01909 ( 2)
  17 C   0.92622 0.04567 0.02649 0.00163 ( 1)
  18 R   0.33762 0.62981 0.01003 0.02253 ( 2)
  19 A   0.85196 0.11187 0.03155 0.00462 ( 1)
  20 E   0.23772 0.72180 0.00954 0.03094 ( 2)
  21 E   0.81405 0.14679 0.03278 0.00638 ( 1)
  22 G   0.89308 0.07460 0.02945 0.00288 ( 1)
  23 L   0.77027 0.18730 0.03384 0.00859 ( 1)
  24 N   0.38164 0.58362 0.01255 0.02219 ( 2)
  25 F   0.83190 0.13029 0.03227 0.00554 ( 1)
  26 P   0.85646 0.10773 0.03139 0.00443 ( 1)
  27 T   0.90363 0.06516 0.02875 0.00246 ( 1)
  28 Y   0.83473 0.12772 0.03215 0.00540 ( 1)
  29 D   0.80663 0.15366 0.03296 0.00674 ( 1)
  30 G   0.89027 0.07712 0.02962 0.00299 ( 1)
  31 K   0.30118 0.66002 0.01144 0.02736 ( 2)
  32 D   0.80703 0.15327 0.03298 0.00672 ( 1)
  33 R   0.85045 0.11309 0.03176 0.00470 ( 1)
  34 V   0.82074 0.14127 0.03196 0.00602 ( 1)
  35 V   0.87420 0.09155 0.03059 0.00366 ( 1)
  36 S   0.83027 0.13178 0.03234 0.00561 ( 1)
  37 L   0.83754 0.12510 0.03208 0.00527 ( 1)
  38 T   0.90370 0.06494 0.02889 0.00246 ( 1)
  39 E   0.81447 0.14637 0.03279 0.00636 ( 1)
  40 K   0.83970 0.12310 0.03202 0.00518 ( 1)
  41 N   0.89052 0.07682 0.02967 0.00298 ( 1)
  42 F   0.83237 0.12982 0.03229 0.00552 ( 1)
  43 K   0.83970 0.12310 0.03202 0.00518 ( 1)
  44 Q   0.82250 0.13901 0.03252 0.00597 ( 1)
  45 V   0.87681 0.08918 0.03046 0.00355 ( 1)
  46 L   0.20035 0.75745 0.00853 0.03367 ( 2)
  47 K   0.83970 0.12310 0.03202 0.00518 ( 1)
  48 K   0.84195 0.12103 0.03194 0.00507 ( 1)
  49 Y   0.25894 0.70151 0.01006 0.02948 ( 2)
  50 D   0.80703 0.15327 0.03298 0.00672 ( 1)
  51 L   0.78138 0.17727 0.03337 0.00798 ( 1)
  52 L   0.89276 0.07489 0.02945 0.00289 ( 1)
  53 C   0.93213 0.04014 0.02631 0.00142 ( 1)
  54 L   0.89290 0.07475 0.02946 0.00289 ( 1)
  55 Y   0.25571 0.70474 0.00993 0.02962 ( 2)
  56 Y   0.25928 0.70118 0.01007 0.02947 ( 2)
  57 H   0.88697 0.08010 0.02980 0.00313 ( 1)
  58 E   0.81371 0.14713 0.03276 0.00640 ( 1)
  59 P   0.85653 0.10765 0.03139 0.00442 ( 1)
  60 V   0.23627 0.72350 0.00939 0.03083 ( 2)
  61 S   0.90100 0.06753 0.02890 0.00257 ( 1)
  62 S   0.86694 0.09697 0.03208 0.00401 ( 1)
  63 D   0.79342 0.16596 0.03323 0.00739 ( 1)
  64 K   0.84105 0.12193 0.03191 0.00511 ( 1)
  65 A   0.00525 0.95710 0.00019 0.03747 ( 2)
  66 A   0.00081 0.96220 0.00003 0.03696 ( 2)
  67 Q   0.82169 0.13981 0.03249 0.00601 ( 1)
  68 K   0.84105 0.12193 0.03191 0.00511 ( 1)
  69 Q   0.15841 0.80144 0.00624 0.03391 ( 2)
  70 F   0.26533 0.69529 0.01025 0.02913 ( 2)
  71 Q   0.82842 0.13364 0.03225 0.00569 ( 1)
  72 M   0.02455 0.93306 0.00105 0.04134 ( 2)
  73 K   0.84105 0.12193 0.03191 0.00511 ( 1)
  74 E   0.82416 0.13751 0.03243 0.00589 ( 1)
  75 I   0.25958 0.70102 0.01003 0.02937 ( 2)
  76 V   0.16257 0.79703 0.00646 0.03394 ( 2)
  77 L   0.76651 0.19106 0.03367 0.00876 ( 1)
  78 E   0.81330 0.14754 0.03275 0.00641 ( 1)
  79 F   0.80064 0.15968 0.03268 0.00700 ( 1)
  80 D   0.20900 0.74935 0.00873 0.03293 ( 2)
  81 E   0.81719 0.14446 0.03216 0.00619 ( 1)
  82 E   0.81719 0.14446 0.03216 0.00619 ( 1)
  83 G   0.87887 0.08830 0.02939 0.00343 ( 1)
  84 S   0.82177 0.14026 0.03200 0.00597 ( 1)
  85 L   0.18291 0.77402 0.00801 0.03506 ( 2)
  86 Y   0.82664 0.13579 0.03183 0.00574 ( 1)
  87 V   0.32046 0.64328 0.01107 0.02518 ( 2)
  88 L   0.88181 0.08583 0.02905 0.00331 ( 1)
  89 K   0.83073 0.13205 0.03167 0.00555 ( 1)
  90 G   0.91990 0.05189 0.02635 0.00185 ( 1)
  91 D   0.78785 0.17152 0.03299 0.00764 ( 1)
  92 R   0.83963 0.12387 0.03135 0.00514 ( 1)
  93 T   0.27151 0.69015 0.01010 0.02824 ( 2)
  94 I   0.83368 0.12933 0.03158 0.00542 ( 1)
  95 E   0.80689 0.15393 0.03248 0.00669 ( 1)
  96 F   0.80213 0.15847 0.03248 0.00692 ( 1)
  97 D   0.78785 0.17152 0.03299 0.00764 ( 1)
  98 G   0.88057 0.08677 0.02929 0.00336 ( 1)
  99 E   0.80694 0.15389 0.03249 0.00669 ( 1)
 100 F   0.80064 0.15968 0.03268 0.00700 ( 1)
 101 A   0.84516 0.11894 0.03101 0.00489 ( 1)
 102 A   0.84753 0.11666 0.03102 0.00479 ( 1)
 103 D   0.78801 0.17132 0.03303 0.00764 ( 1)
 104 V   0.86412 0.10160 0.03023 0.00406 ( 1)
 105 L   0.77710 0.18154 0.03318 0.00817 ( 1)
 106 V   0.81102 0.15014 0.03236 0.00649 ( 1)
 107 E   0.80689 0.15393 0.03248 0.00669 ( 1)
 108 F   0.80085 0.15947 0.03269 0.00699 ( 1)
 109 L   0.88370 0.08392 0.02915 0.00324 ( 1)
 110 L   0.77710 0.18154 0.03318 0.00817 ( 1)
 111 D   0.79870 0.16158 0.03263 0.00709 ( 1)
 112 L   0.37507 0.58702 0.01391 0.02400 ( 2)
 113 I   0.27602 0.68316 0.01124 0.02958 ( 2)
 114 E   0.82063 0.13876 0.03442 0.00619 ( 1)
 115 D   0.80300 0.15543 0.03453 0.00704 ( 1)
