Supplemental results for CODEML (seqf: /home/leticiamagpali/phd/evol_models/codeml/small_dataset/cml_align/HTT_codon_aligned.phy  treef: /home/leticiamagpali/phd/evol_models/codeml/small_dataset/cml_trees/gene_trees/H1c_gene_trees/HTT_tree_H1c.tre)

I	J	ij	2Ns_IJ	pMut_IJ	pSub_IJ	2Ns_JI	pMut_JI	pSub_JI

TTC	TTT	CT	0.41565	0.04778	0.05840	-0.41565	0.07241	0.05840
TTA	TTT	AT	0.87970	0.00394	0.00592	-0.87970	0.00950	0.00592
TTA	TTC	AC	0.46404	0.00783	0.00978	-0.46404	0.01245	0.00978
TTG	TTT	GT	0.48762	0.00854	0.01079	-0.48762	0.01391	0.01079
TTG	TTC	GC	0.07197	0.01697	0.01759	-0.07197	0.01824	0.01759
TTG	TTA	GA	-0.39208	0.07154	0.05843	0.39208	0.04834	0.05843
TCT	TTT	CT	0.44710	0.04631	0.05743	-0.44710	0.07241	0.05743
TCC	TTC	CT	0.59775	0.05222	0.06938	-0.59775	0.09494	0.06938
TCC	TCT	CT	0.56631	0.05222	0.06840	-0.56631	0.09200	0.06840
TCA	TTA	CT	0.27939	0.03356	0.03847	-0.27939	0.04438	0.03847
TCA	TCT	AT	0.71199	0.00592	0.00828	-0.71199	0.01207	0.00828
TCA	TCC	AC	0.14568	0.01176	0.01264	-0.14568	0.01361	0.01264
TCG	TTG	CT	1.71852	0.01726	0.03613	-1.71852	0.09622	0.03613
TCG	TCT	GT	1.75904	0.00304	0.00647	-1.75904	0.01767	0.00647
TCG	TCC	GC	1.19273	0.00605	0.01035	-1.19273	0.01993	0.01035
TCG	TCA	GA	1.04706	0.02549	0.04112	-1.04706	0.07263	0.04112
TAT	TTT	AT	1.28177	0.00264	0.00468	-1.28177	0.00950	0.00468
TAT	TCT	AC	0.83468	0.00524	0.00772	-0.83468	0.01207	0.00772
TAC	TTC	AT	0.54430	0.00722	0.00937	-0.54430	0.01245	0.00937
TAC	TCC	AC	-0.05345	0.01435	0.01397	0.05345	0.01361	0.01397
TAC	TAT	CT	-0.32182	0.04096	0.03472	0.32182	0.02969	0.03472
TGT	TTT	GT	1.06481	0.00480	0.00779	-1.06481	0.01391	0.00779
TGT	TCT	GC	0.61772	0.00953	0.01277	-0.61772	0.01767	0.01277
TGT	TAT	GA	-0.21696	0.04017	0.03597	0.21696	0.03233	0.03597
TGC	TTC	GT	1.09405	0.00611	0.01005	-1.09405	0.01824	0.01005
TGC	TCC	GC	0.49629	0.01213	0.01539	-0.49629	0.01993	0.01539
TGC	TAC	GA	0.54975	0.05115	0.06649	-0.54975	0.08863	0.06649
TGC	TGT	CT	0.44489	0.03463	0.04290	-0.44489	0.05403	0.04290
TGG	TTG	GT	1.34077	0.00484	0.00878	-1.34077	0.01849	0.00878
TGG	TCG	GC	-0.37774	0.00961	0.00791	0.37774	0.00659	0.00791
TGG	TGT	GT	0.76358	0.00484	0.00692	-0.76358	0.01038	0.00692
TGG	TGC	GC	0.31869	0.00961	0.01122	-0.31869	0.01322	0.01122
CTT	TTT	CT	0.43327	0.04695	0.05785	-0.43327	0.07241	0.05785
CTC	TTC	CT	0.27423	0.07217	0.08252	-0.27423	0.09494	0.08252
CTC	CTT	CT	0.25661	0.07217	0.08183	-0.25661	0.09328	0.08183
CTA	TTA	CT	1.02234	0.01597	0.02549	-1.02234	0.04438	0.02549
CTA	CTT	AT	1.46877	0.00282	0.00537	-1.46877	0.01223	0.00537
CTA	CTC	AC	1.21216	0.00560	0.00966	-1.21216	0.01881	0.00966
CTG	TTG	CT	-0.45873	0.15223	0.11997	0.45873	0.09622	0.11997
CTG	CTT	GT	-0.40438	0.02685	0.02179	0.40438	0.01792	0.02179
CTG	CTC	GC	-0.66099	0.05335	0.03765	0.66099	0.02755	0.03765
CTG	CTA	GA	-1.87314	0.22487	0.07646	1.87314	0.03455	0.07646
CCT	TCT	CT	0.87726	0.03827	0.05747	-0.87726	0.09200	0.05747
CCT	CTT	CT	0.89108	0.03827	0.05781	-0.89108	0.09328	0.05781
CCC	TCC	CT	0.78251	0.04744	0.06840	-0.78251	0.10376	0.06840
CCC	CTC	CT	1.10603	0.04744	0.07842	-1.10603	0.14339	0.07842
CCC	CCT	CT	0.47156	0.04744	0.05951	-0.47156	0.07603	0.05951
CCA	TCA	CT	0.98597	0.02488	0.03913	-0.98597	0.06668	0.03913
CCA	CTA	CT	0.24302	0.02488	0.02802	-0.24302	0.03172	0.02802
CCA	CCT	AT	0.82070	0.00439	0.00643	-0.82070	0.00997	0.00643
CCA	CCC	AC	0.34914	0.00872	0.01033	-0.34914	0.01236	0.01033
CCG	TCG	CT	0.13608	0.02992	0.03200	-0.13608	0.03428	0.03200
CCG	CTG	CT	2.31332	0.02992	0.07682	-2.31332	0.30246	0.07682
CCG	CCT	GT	1.01786	0.00528	0.00841	-1.01786	0.01461	0.00841
CCG	CCC	GC	0.54630	0.01049	0.01361	-0.54630	0.01811	0.01361
CCG	CCA	GA	0.19716	0.04420	0.04870	-0.19716	0.05383	0.04870
CAT	TAT	CT	0.53603	0.01737	0.02244	-0.53603	0.02969	0.02244
CAT	CTT	AT	1.38453	0.00306	0.00566	-1.38453	0.01223	0.00566
CAT	CCT	AC	0.49345	0.00609	0.00771	-0.49345	0.00997	0.00771
CAC	TAC	CT	0.30989	0.05969	0.06942	-0.30989	0.08138	0.06942
CAC	CTC	AT	0.57996	0.01053	0.01388	-0.57996	0.01881	0.01388
CAC	CCC	AC	-0.52608	0.02092	0.01590	0.52608	0.01236	0.01590
CAC	CAT	CT	-0.54796	0.05969	0.04482	0.54796	0.03451	0.04482
CAA	CTA	AT	0.25484	0.00322	0.00365	-0.25484	0.00416	0.00365
CAA	CCA	AC	0.01182	0.00641	0.00644	-0.01182	0.00648	0.00644
CAA	CAT	AT	0.33907	0.00322	0.00380	-0.33907	0.00453	0.00380
CAA	CAC	AC	0.88703	0.00641	0.00966	-0.88703	0.01555	0.00966
CAG	CTG	AT	0.70528	0.01959	0.02731	-0.70528	0.03967	0.02731
CAG	CCG	AC	-1.60805	0.03893	0.01568	1.60805	0.00780	0.01568
CAG	CAT	GT	-1.08363	0.01959	0.01086	1.08363	0.00663	0.01086
CAG	CAC	GC	-0.53567	0.03893	0.02943	0.53567	0.02278	0.02943
CAG	CAA	GA	-1.42271	0.16409	0.07415	1.42271	0.03956	0.07415
CGT	TGT	CT	1.53804	0.01160	0.02273	-1.53804	0.05403	0.02273
CGT	CTT	GT	2.16958	0.00205	0.00501	-2.16958	0.01792	0.00501
CGT	CCT	GC	1.27850	0.00407	0.00721	-1.27850	0.01461	0.00721
CGT	CAT	GA	0.78505	0.01714	0.02474	-0.78505	0.03759	0.02474
CGC	TGC	CT	1.08819	0.02317	0.03802	-1.08819	0.06879	0.03802
CGC	CTC	GT	1.90800	0.00409	0.00916	-1.90800	0.02755	0.00916
CGC	CCC	GC	0.80197	0.00812	0.01181	-0.80197	0.01811	0.01181
CGC	CAC	GA	1.32804	0.03423	0.06185	-1.32804	0.12917	0.06185
CGC	CGT	CT	-0.00497	0.02317	0.02311	0.00497	0.02306	0.02311
CGA	CTA	GT	1.85872	0.00095	0.00209	-1.85872	0.00609	0.00209
CGA	CCA	GC	1.61570	0.00189	0.00381	-1.61570	0.00950	0.00381
CGA	CAA	GA	1.60388	0.00796	0.01597	-1.60388	0.03956	0.01597
CGA	CGT	AT	1.15791	0.00095	0.00160	-1.15791	0.00302	0.00160
CGA	CGC	AC	1.16287	0.00189	0.00319	-1.16287	0.00604	0.00319
CGG	TGG	CT	0.61580	0.02943	0.03942	-0.61580	0.05448	0.03942
CGG	CTG	GT	2.41531	0.00519	0.01377	-2.41531	0.05810	0.01377
CGG	CCG	GC	0.10198	0.01031	0.01085	-0.10198	0.01142	0.01085
CGG	CAG	GA	1.71003	0.04347	0.09075	-1.71003	0.24037	0.09075
CGG	CGT	GT	-0.15865	0.00519	0.00479	0.15865	0.00443	0.00479
CGG	CGC	GC	-0.15369	0.01031	0.00954	0.15369	0.00884	0.00954
CGG	CGA	GA	-1.31656	0.04347	0.02096	1.31656	0.01165	0.02096
ATT	TTT	AT	0.44908	0.00606	0.00752	-0.44908	0.00950	0.00752
ATT	CTT	AC	0.01581	0.01204	0.01214	-0.01581	0.01223	0.01214
ATC	TTC	AT	0.07719	0.01153	0.01198	-0.07719	0.01245	0.01198
ATC	CTC	AC	-0.19703	0.02290	0.02072	0.19703	0.01881	0.02072
ATC	ATT	CT	0.04376	0.06534	0.06678	-0.04376	0.06827	0.06678
ATA	TTA	AT	0.64170	0.00306	0.00415	-0.64170	0.00582	0.00415
ATA	CTA	AC	-0.38063	0.00609	0.00500	0.38063	0.00416	0.00500
ATA	ATT	AT	1.07232	0.00306	0.00499	-1.07232	0.00895	0.00499
ATA	ATC	AC	1.02855	0.00609	0.00975	-1.02855	0.01703	0.00975
ATG	TTG	AT	0.22853	0.01004	0.01123	-0.22853	0.01262	0.01123
ATG	CTG	AC	0.68726	0.01995	0.02758	-0.68726	0.03967	0.02758
ATG	ATT	GT	0.26707	0.01004	0.01144	-0.26707	0.01311	0.01144
ATG	ATC	GC	0.22330	0.01995	0.02226	-0.22330	0.02494	0.02226
ATG	ATA	GA	-0.80525	0.08409	0.05473	0.80525	0.03759	0.05473
ACT	TCT	AT	0.97254	0.00456	0.00713	-0.97254	0.01207	0.00713
ACT	CCT	AC	0.09529	0.00906	0.00950	-0.09529	0.00997	0.00950
ACT	ATT	CT	0.97056	0.02586	0.04042	-0.97056	0.06827	0.04042
ACC	TCC	AT	0.19126	0.01124	0.01235	-0.19126	0.01361	0.01235
ACC	CCC	AC	-0.59125	0.02233	0.01637	0.59125	0.01236	0.01637
ACC	ATC	CT	0.71182	0.06371	0.08906	-0.71182	0.12983	0.08906
ACC	ACT	CT	-0.21497	0.06371	0.05711	0.21497	0.05139	0.05711
ACA	TCA	AT	0.76556	0.00407	0.00582	-0.76556	0.00875	0.00582
ACA	CCA	AC	-0.22041	0.00808	0.00722	0.22041	0.00648	0.00722
ACA	ATA	CT	0.40324	0.02306	0.02802	-0.40324	0.03451	0.02802
ACA	ACT	AT	0.50500	0.00407	0.00518	-0.50500	0.00674	0.00518
ACA	ACC	AC	0.71998	0.00808	0.01134	-0.71998	0.01660	0.01134
ACG	TCG	AT	-0.27627	0.00593	0.00515	0.27627	0.00450	0.00515
ACG	CCG	AC	-0.41235	0.01178	0.00951	0.41235	0.00780	0.00951
ACG	ATG	CT	1.21372	0.03360	0.05802	-1.21372	0.11310	0.05802
ACG	ACT	GT	0.51023	0.00593	0.00757	-0.51023	0.00987	0.00757
ACG	ACC	GC	0.72520	0.01178	0.01656	-0.72520	0.02432	0.01656
ACG	ACA	GA	0.00522	0.04964	0.04977	-0.00522	0.04990	0.04977
AAT	TAT	AT	0.12233	0.00345	0.00366	-0.12233	0.00389	0.00366
AAT	CAT	AC	-0.41370	0.00684	0.00553	0.41370	0.00453	0.00553
AAT	ATT	AT	0.95502	0.00345	0.00535	-0.95502	0.00895	0.00535
AAT	ACT	AC	-0.01554	0.00684	0.00679	0.01554	0.00674	0.00679
AAC	TAC	AT	0.49140	0.00653	0.00826	-0.49140	0.01067	0.00826
AAC	CAC	AC	0.18151	0.01297	0.01419	-0.18151	0.01555	0.01419
AAC	ATC	AT	0.95851	0.00653	0.01015	-0.95851	0.01703	0.01015
AAC	ACC	AC	0.24669	0.01297	0.01464	-0.24669	0.01660	0.01464
AAC	AAT	CT	0.04725	0.03701	0.03790	-0.04725	0.03881	0.03790
AAA	CAA	AC	-0.92528	0.01202	0.00730	0.92528	0.00476	0.00730
AAA	ATA	AT	-0.28981	0.00605	0.00521	0.28981	0.00453	0.00521
AAA	ACA	AC	-0.69305	0.01202	0.00833	0.69305	0.00601	0.00833
AAA	AAT	AT	-0.17251	0.00605	0.00554	0.17251	0.00509	0.00554
AAA	AAC	AC	-0.21977	0.01202	0.01074	0.21977	0.00964	0.01074
AAG	CAG	AC	0.46491	0.01818	0.02274	-0.46491	0.02894	0.02274
AAG	ATG	AT	0.48293	0.00915	0.01154	-0.48293	0.01483	0.01154
AAG	ACG	AC	-0.73079	0.01818	0.01234	0.73079	0.00876	0.01234
AAG	AAT	GT	-0.20502	0.00915	0.00825	0.20502	0.00745	0.00825
AAG	AAC	GC	-0.25227	0.01818	0.01599	0.25227	0.01413	0.01599
AAG	AAA	GA	-0.03251	0.07664	0.07540	0.03251	0.07419	0.07540
AGT	TGT	AT	0.35050	0.00499	0.00592	-0.35050	0.00709	0.00592
AGT	CGT	AC	-1.18754	0.00992	0.00517	1.18754	0.00302	0.00517
AGT	ATT	GT	0.96623	0.00499	0.00778	-0.96623	0.01311	0.00778
AGT	ACT	GC	-0.00433	0.00992	0.00989	0.00433	0.00987	0.00989
AGT	AAT	GA	0.01121	0.04179	0.04203	-0.01121	0.04226	0.04203
AGC	TGC	AT	-0.38043	0.01320	0.01085	0.38043	0.00902	0.01085
AGC	CGC	AC	-1.46861	0.02622	0.01152	1.46861	0.00604	0.01152
AGC	ATC	GT	0.63643	0.01320	0.01784	-0.63643	0.02494	0.01784
AGC	ACC	GC	-0.07539	0.02622	0.02525	0.07539	0.02432	0.02525
AGC	AAC	GA	-0.32208	0.11053	0.09369	0.32208	0.08010	0.09369
AGC	AGT	CT	-0.28604	0.07483	0.06463	0.28604	0.05621	0.06463
AGA	CGA	AC	-2.00115	0.01038	0.00325	2.00115	0.00140	0.00325
AGA	ATA	GT	0.23821	0.00522	0.00587	-0.23821	0.00663	0.00587
AGA	ACA	GC	-0.16503	0.01038	0.00955	0.16503	0.00880	0.00955
AGA	AAA	GA	0.52802	0.04375	0.05632	-0.52802	0.07419	0.05632
AGA	AGT	AT	0.34430	0.00522	0.00618	-0.34430	0.00737	0.00618
AGA	AGC	AC	0.63034	0.01038	0.01399	-0.63034	0.01950	0.01399
AGG	TGG	AT	-0.03856	0.00743	0.00728	0.03856	0.00714	0.00728
AGG	CGG	AC	-0.65436	0.01475	0.01045	0.65436	0.00767	0.01045
AGG	ATG	GT	1.07369	0.00743	0.01211	-1.07369	0.02173	0.01211
AGG	ACG	GC	-0.14003	0.01475	0.01374	0.14003	0.01283	0.01374
AGG	AAG	GA	0.59076	0.06218	0.08235	-0.59076	0.11227	0.08235
AGG	AGT	GT	0.37452	0.00743	0.00890	-0.37452	0.01080	0.00890
AGG	AGC	GC	0.66056	0.01475	0.02016	-0.66056	0.02856	0.02016
AGG	AGA	GA	0.03023	0.06218	0.06313	-0.03023	0.06409	0.06313
GTT	TTT	GT	0.96659	0.00529	0.00825	-0.96659	0.01391	0.00825
GTT	CTT	GC	0.53332	0.01051	0.01356	-0.53332	0.01792	0.01356
GTT	ATT	GA	0.51751	0.04431	0.05676	-0.51751	0.07435	0.05676
GTC	TTC	GT	0.46128	0.01150	0.01435	-0.46128	0.01824	0.01435
GTC	CTC	GC	0.18706	0.02285	0.02505	-0.18706	0.02755	0.02505
GTC	ATC	GA	0.38409	0.09630	0.11598	-0.38409	0.14140	0.11598
GTC	GTT	CT	-0.08965	0.06519	0.06231	0.08965	0.05960	0.06231
GTA	TTA	GT	1.49435	0.00191	0.00369	-1.49435	0.00853	0.00369
GTA	CTA	GC	0.47201	0.00380	0.00477	-0.47201	0.00609	0.00477
GTA	ATA	GA	0.85264	0.01602	0.02381	-0.85264	0.03759	0.02381
GTA	GTT	AT	1.40745	0.00191	0.00357	-1.40745	0.00782	0.00357
GTA	GTC	AC	1.49711	0.00380	0.00733	-1.49711	0.01699	0.00733
GTG	TTG	GT	-0.00530	0.01858	0.01853	0.00530	0.01849	0.01853
GTG	CTG	GC	0.45342	0.03692	0.04592	-0.45342	0.05810	0.04592
GTG	ATG	GA	-0.23383	0.15563	0.13814	0.23383	0.12318	0.13814
GTG	GTT	GT	-0.48427	0.01858	0.01445	0.48427	0.01145	0.01445
GTG	GTC	GC	-0.39462	0.03692	0.03012	0.39462	0.02488	0.03012
GTG	GTA	GA	-1.89173	0.15563	0.05229	1.89173	0.02347	0.05229
GCT	TCT	GT	0.62516	0.00946	0.01272	-0.62516	0.01767	0.01272
GCT	CCT	GC	-0.25209	0.01879	0.01652	0.25209	0.01461	0.01652
GCT	ACT	GA	-0.34738	0.07922	0.06625	0.34738	0.05597	0.06625
GCT	GTT	CT	0.10567	0.05363	0.05651	-0.10567	0.05960	0.05651
GCC	TCC	GT	0.26283	0.01533	0.01743	-0.26283	0.01993	0.01743
GCC	CCC	GC	-0.51968	0.03045	0.02322	0.51968	0.01811	0.02322
GCC	ACC	GA	0.07157	0.12835	0.13299	-0.07157	0.13787	0.13299
GCC	GTC	CT	0.39930	0.08689	0.10538	-0.39930	0.12953	0.10538
GCC	GCT	CT	0.20398	0.08689	0.09605	-0.20398	0.10655	0.09605
GCA	TCA	GT	0.53821	0.00748	0.00967	-0.53821	0.01281	0.00967
GCA	CCA	GC	-0.44777	0.01486	0.01178	0.44777	0.00950	0.01178
GCA	ACA	GA	-0.22736	0.06263	0.05578	0.22736	0.04990	0.05578
GCA	GTA	CT	-0.67676	0.04240	0.02966	0.67676	0.02155	0.02966
GCA	GCT	AT	0.62503	0.00748	0.01006	-0.62503	0.01397	0.01006
GCA	GCC	AC	0.42105	0.01486	0.01821	-0.42105	0.02264	0.01821
GCG	TCG	GT	0.31574	0.00480	0.00560	-0.31574	0.00659	0.00560
GCG	CCG	GC	0.17966	0.00954	0.01043	-0.17966	0.01142	0.01043
GCG	ACG	GA	0.59201	0.04022	0.05330	-0.59201	0.07271	0.05330
GCG	GTG	CT	2.03956	0.02723	0.06384	-2.03956	0.20932	0.06384
GCG	GCT	GT	1.44962	0.00480	0.00910	-1.44962	0.02047	0.00910
GCG	GCC	GC	1.24564	0.00954	0.01669	-1.24564	0.03316	0.01669
GCG	GCA	GA	0.82459	0.04022	0.05906	-0.82459	0.09175	0.05906
GAT	TAT	GT	-0.26114	0.00741	0.00648	0.26114	0.00570	0.00648
GAT	CAT	GC	-0.79717	0.01471	0.00962	0.79717	0.00663	0.00962
GAT	AAT	GA	-0.38348	0.06202	0.05088	0.38348	0.04226	0.05088
GAT	GTT	AT	0.05404	0.00741	0.00761	-0.05404	0.00782	0.00761
GAT	GCT	AC	-0.05163	0.01471	0.01434	0.05163	0.01397	0.01434
GAC	TAC	GT	0.04374	0.01496	0.01529	-0.04374	0.01563	0.01529
GAC	CAC	GC	-0.26615	0.02973	0.02595	0.26615	0.02278	0.02595
GAC	AAC	GA	-0.44766	0.12532	0.09936	0.44766	0.08010	0.09936
GAC	GTC	AT	0.12675	0.01496	0.01593	-0.12675	0.01699	0.01593
GAC	GCC	AC	-0.27255	0.02973	0.02586	0.27255	0.02264	0.02586
GAC	GAT	CT	-0.01694	0.08484	0.08412	0.01694	0.08341	0.08412
GAA	CAA	GC	-0.95925	0.01821	0.01085	0.95925	0.00698	0.01085
GAA	AAA	GA	-0.03397	0.07675	0.07545	0.03397	0.07419	0.07545
GAA	GTA	AT	-1.17643	0.00916	0.00481	1.17643	0.00283	0.00481
GAA	GCA	AC	-0.49967	0.01821	0.01404	0.49967	0.01105	0.01404
GAA	GAT	AT	0.17699	0.00916	0.01000	-0.17699	0.01094	0.01000
GAA	GAC	AC	0.19393	0.01821	0.02003	-0.19393	0.02211	0.02003
GAG	CAG	GC	0.16493	0.03595	0.03900	-0.16493	0.04240	0.03900
GAG	AAG	GA	-0.29999	0.15154	0.12994	0.29999	0.11227	0.12994
GAG	GTG	AT	0.41678	0.01810	0.02213	-0.41678	0.02745	0.02213
GAG	GCG	AC	-1.62279	0.03595	0.01434	1.62279	0.00710	0.01434
GAG	GAT	GT	-0.12153	0.01810	0.01702	0.12153	0.01602	0.01702
GAG	GAC	GC	-0.10460	0.03595	0.03410	0.10460	0.03238	0.03410
GAG	GAA	GA	-0.29852	0.15154	0.13004	0.29852	0.11243	0.13004
GGT	TGT	GT	1.39115	0.00258	0.00478	-1.39115	0.01038	0.00478
GGT	CGT	GC	-0.14688	0.00513	0.00476	0.14688	0.00443	0.00476
GGT	AGT	GA	1.04065	0.02162	0.03479	-1.04065	0.06122	0.03479
GGT	GTT	GT	1.48938	0.00258	0.00497	-1.48938	0.01145	0.00497
GGT	GCT	GC	1.38371	0.00513	0.00947	-1.38371	0.02047	0.00947
GGT	GAT	GA	1.43534	0.02162	0.04073	-1.43534	0.09085	0.04073
GGC	TGC	GT	0.53075	0.00777	0.01002	-0.53075	0.01322	0.01002
GGC	CGC	GC	-0.55743	0.01544	0.01154	0.55743	0.00884	0.01154
GGC	AGC	GA	0.91118	0.06510	0.09920	-0.91118	0.16191	0.09920
GGC	GTC	GT	1.16351	0.00777	0.01315	-1.16351	0.02488	0.01315
GGC	GCC	GC	0.76421	0.01544	0.02209	-0.76421	0.03316	0.02209
GGC	GAC	GA	1.03676	0.06510	0.10457	-1.03676	0.18358	0.10457
GGC	GGT	CT	-0.41551	0.04407	0.03555	0.41551	0.02909	0.03555
GGA	CGA	GC	-1.55459	0.00973	0.00405	1.55459	0.00206	0.00405
GGA	AGA	GA	0.44656	0.04101	0.05084	-0.44656	0.06409	0.05084
GGA	GTA	GT	-0.16787	0.00490	0.00450	0.16787	0.00414	0.00450
GGA	GCA	GC	0.50888	0.00973	0.01241	-0.50888	0.01618	0.01241
GGA	GAA	GA	1.00855	0.04101	0.06511	-1.00855	0.11243	0.06511
GGA	GGT	AT	-0.24980	0.00490	0.00431	0.24980	0.00381	0.00431
GGA	GGC	AC	0.16572	0.00973	0.01056	-0.16572	0.01148	0.01056
GGG	TGG	GT	0.40835	0.00696	0.00847	-0.40835	0.01047	0.00847
GGG	CGG	GC	-0.20746	0.01382	0.01244	0.20746	0.01123	0.01244
GGG	AGG	GA	0.44691	0.05826	0.07225	-0.44691	0.09109	0.07225
GGG	GTG	GT	1.75442	0.00696	0.01476	-1.75442	0.04021	0.01476
GGG	GCG	GC	-0.28514	0.01382	0.01195	0.28514	0.01039	0.01195
GGG	GAG	GA	1.33765	0.05826	0.10567	-1.33765	0.22199	0.10567
GGG	GGT	GT	-0.21922	0.00696	0.00622	0.21922	0.00559	0.00622
GGG	GGC	GC	0.19629	0.01382	0.01522	-0.19629	0.01682	0.01522
GGG	GGA	GA	0.03057	0.05826	0.05916	-0.03057	0.06007	0.05916


Histograms
2Ns	FMut	FSub(CodonUsage)	FSubw(after w)

-2.30029	0.02143	0.00600
-2.07026	0.01413	0.00478
-1.84023	0.02806	0.01068
-1.61020	0.03218	0.01397
-1.38017	0.04886	0.02532
-1.15015	0.05053	0.03084
-0.92012	0.06102	0.04155
-0.69009	0.06735	0.05264
-0.46006	0.14447	0.12720
-0.23003	0.11950	0.11742
0.00000	0.12493	0.13919
0.23003	0.09340	0.11742
0.46006	0.09178	0.12720
0.69009	0.03442	0.05264
0.92012	0.02444	0.04155
1.15015	0.01677	0.03084
1.38017	0.01235	0.02532
1.61020	0.00612	0.01397
1.84023	0.00434	0.01068
2.07026	0.00182	0.00478
2.30029	0.00209	0.00600

Proportion of advantageous (S > 0) mutations:
 0.34851

Proportions of good & bad mutations (|S| > 2.0000) among mutations:
0.00391  0.03556

mean |Ns| = 0.68252	mean Ns+ = 0.50161	mean Ns- = -0.77931


MLEs of dN/dS (w) for site classes (K=4)

site class             0        1       2a       2b
proportion       0.83821  0.12448  0.03249  0.00482
background w     0.04810  1.04115  0.04810  1.04115
foreground w     0.04810  1.04115  0.00000  0.00000

Naive Empirical Bayes (NEB) probabilities for 4 classes
(amino acids refer to 1st sequence: Bbon)

   1 N   0.92131 0.04067 0.03607 0.00195 ( 1)
   2 S   0.89097 0.07124 0.03471 0.00308 ( 1)
   3 P   0.89706 0.06511 0.03497 0.00286 ( 1)
   4 E   0.89673 0.06543 0.03496 0.00287 ( 1)
   5 F   0.90265 0.05947 0.03522 0.00266 ( 1)
   6 Q   0.87456 0.08779 0.03401 0.00365 ( 1)
   7 K   0.90778 0.05430 0.03545 0.00247 ( 1)
   8 L   0.88957 0.07265 0.03465 0.00313 ( 1)
   9 L   0.86108 0.10138 0.03344 0.00409 ( 1)
  10 G   0.91638 0.04564 0.03584 0.00214 ( 1)
  11 I   0.89965 0.06249 0.03509 0.00277 ( 1)
  12 A   0.89000 0.07222 0.03467 0.00311 ( 1)
  13 M   0.44997 0.50963 0.01756 0.02284 ( 2)
  14 E   0.89673 0.06543 0.03496 0.00287 ( 1)
  15 L   0.88922 0.07301 0.03463 0.00314 ( 1)
  16 F   0.90265 0.05947 0.03522 0.00266 ( 1)
  17 L   0.86108 0.10138 0.03344 0.00409 ( 1)
  18 L   0.86108 0.10138 0.03344 0.00409 ( 1)
  19 C   0.90545 0.05665 0.03534 0.00256 ( 1)
  20 S   0.90112 0.06102 0.03515 0.00272 ( 1)
  21 D   0.89535 0.06683 0.03490 0.00292 ( 1)
  22 D   0.89770 0.06447 0.03500 0.00283 ( 1)
  23 A   0.88938 0.07286 0.03463 0.00313 ( 1)
  24 E   0.89300 0.06919 0.03480 0.00301 ( 1)
  25 S   0.88663 0.07551 0.03456 0.00330 ( 1)
  26 D   0.89535 0.06683 0.03490 0.00292 ( 1)
  27 V   0.90311 0.05901 0.03524 0.00264 ( 1)
  28 R   0.90985 0.05222 0.03554 0.00239 ( 1)
  29 M   0.91777 0.04424 0.03590 0.00209 ( 1)
  30 V   0.88496 0.07730 0.03445 0.00329 ( 1)
  31 A   0.89078 0.07141 0.03471 0.00310 ( 1)
  32 D   0.89857 0.06359 0.03504 0.00281 ( 1)
  33 E   0.89300 0.06919 0.03480 0.00301 ( 1)
  34 C   0.90545 0.05665 0.03534 0.00256 ( 1)
  35 L   0.88889 0.07334 0.03462 0.00315 ( 1)
  36 N   0.92572 0.03623 0.03627 0.00178 ( 1)
  37 K   0.41397 0.54600 0.01578 0.02426 ( 2)
  38 V   0.90311 0.05901 0.03524 0.00264 ( 1)
  39 I   0.92429 0.03764 0.03622 0.00185 ( 1)
  40 K   0.90615 0.05592 0.03538 0.00254 ( 1)
  41 -   0.91287 0.04934 0.03560 0.00219 ( 1)
  42 -   0.90363 0.05863 0.03520 0.00254 ( 1)
  43 -   0.87974 0.08266 0.03419 0.00341 ( 1)
  44 -   0.88792 0.07443 0.03454 0.00311 ( 1)
  45 -   0.90188 0.06039 0.03513 0.00260 ( 1)
  46 -   0.88611 0.07625 0.03446 0.00318 ( 1)
  47 -   0.85632 0.10624 0.03323 0.00422 ( 1)
  48 -   0.90585 0.05640 0.03530 0.00245 ( 1)
  49 -   0.87974 0.08266 0.03419 0.00341 ( 1)
  50 -   0.88472 0.07765 0.03440 0.00323 ( 1)
  51 -   0.85595 0.10661 0.03321 0.00423 ( 1)
  52 -   0.87994 0.08246 0.03420 0.00340 ( 1)
  53 -   0.89745 0.06484 0.03494 0.00277 ( 1)
  54 -   0.89088 0.07145 0.03466 0.00301 ( 1)
  55 -   0.88472 0.07765 0.03440 0.00323 ( 1)
  56 -   0.88233 0.08006 0.03430 0.00332 ( 1)
  57 -   0.85595 0.10661 0.03321 0.00423 ( 1)
  58 -   0.87974 0.08266 0.03419 0.00341 ( 1)
  59 -   0.88731 0.07504 0.03451 0.00314 ( 1)
  60 -   0.87819 0.08421 0.03413 0.00347 ( 1)
  61 -   0.89554 0.06676 0.03486 0.00284 ( 1)
  62 -   0.90188 0.06039 0.03513 0.00260 ( 1)
  63 -   0.88792 0.07443 0.03454 0.00311 ( 1)
  64 -   0.86681 0.09568 0.03366 0.00386 ( 1)
  65 -   0.89553 0.06678 0.03486 0.00284 ( 1)
  66 -   0.89341 0.06891 0.03477 0.00292 ( 1)
  67 -   0.89745 0.06484 0.03494 0.00277 ( 1)
  68 P   0.89752 0.06462 0.03500 0.00286 ( 1)
  69 Y   0.90141 0.06070 0.03517 0.00272 ( 1)
  70 L   0.87342 0.08892 0.03396 0.00369 ( 1)
  71 V   0.91940 0.04257 0.03599 0.00204 ( 1)
  72 N   0.92377 0.03816 0.03620 0.00187 ( 1)
  73 L   0.88792 0.07430 0.03458 0.00320 ( 1)
  74 L   0.87342 0.08892 0.03396 0.00369 ( 1)
  75 P   0.89752 0.06462 0.03500 0.00286 ( 1)
  76 C   0.90225 0.05985 0.03521 0.00269 ( 1)
  77 L   0.86023 0.10224 0.03340 0.00413 ( 1)
  78 T   0.90334 0.05871 0.03527 0.00267 ( 1)
  79 R   0.91676 0.04522 0.03587 0.00215 ( 1)
  80 T   0.90625 0.05582 0.03539 0.00254 ( 1)
  81 S   0.89553 0.06662 0.03491 0.00293 ( 1)
  82 K   0.91061 0.05142 0.03559 0.00238 ( 1)
  83 R   0.90562 0.05644 0.03536 0.00257 ( 1)
  84 P   0.90177 0.06033 0.03519 0.00271 ( 1)
  85 E   0.89173 0.07046 0.03475 0.00306 ( 1)
  86 E   0.89128 0.07091 0.03473 0.00308 ( 1)
  87 S   0.88929 0.07291 0.03464 0.00315 ( 1)
  88 V   0.90123 0.06088 0.03517 0.00273 ( 1)
  89 Q   0.87328 0.08907 0.03396 0.00370 ( 1)
  90 E   0.89128 0.07091 0.03473 0.00308 ( 1)
  91 T   0.90239 0.05971 0.03522 0.00268 ( 1)
  92 L   0.87342 0.08892 0.03396 0.00369 ( 1)
  93 A   0.88844 0.07376 0.03461 0.00319 ( 1)
  94 A   0.89406 0.06803 0.03488 0.00303 ( 1)
  95 A   0.88967 0.07252 0.03466 0.00315 ( 1)
  96 V   0.90123 0.06088 0.03517 0.00273 ( 1)
  97 P   0.89752 0.06462 0.03500 0.00286 ( 1)
  98 K   0.91061 0.05142 0.03559 0.00238 ( 1)
  99 I   0.37663 0.58259 0.01470 0.02609 ( 2)
 100 M   0.91579 0.04621 0.03582 0.00218 ( 1)
 101 A   0.88833 0.07388 0.03460 0.00319 ( 1)
 102 S   0.88938 0.07282 0.03465 0.00315 ( 1)
 103 F   0.90228 0.05982 0.03521 0.00269 ( 1)
 104 G   0.91440 0.04760 0.03576 0.00224 ( 1)
 105 N   0.92032 0.04162 0.03604 0.00202 ( 1)
 106 F   0.90082 0.06129 0.03515 0.00274 ( 1)
 107 A   0.88671 0.07552 0.03453 0.00324 ( 1)
 108 N   0.92377 0.03816 0.03620 0.00187 ( 1)
 109 D   0.89675 0.06540 0.03497 0.00289 ( 1)
 110 S   0.47538 0.48285 0.01861 0.02317 ( 2)
 111 E   0.89452 0.06765 0.03487 0.00296 ( 1)
 112 I   0.89983 0.06232 0.03509 0.00276 ( 1)
 113 K   0.91196 0.05008 0.03564 0.00232 ( 1)
 114 V   0.90423 0.05810 0.03520 0.00248 ( 1)
 115 L   0.86121 0.10131 0.03343 0.00405 ( 1)
 116 L   0.88284 0.07943 0.03436 0.00337 ( 1)
 117 K   0.91247 0.04957 0.03566 0.00229 ( 1)
 118 A   0.89060 0.07159 0.03470 0.00311 ( 1)
 119 F   0.90578 0.05632 0.03536 0.00254 ( 1)
 120 I   0.92624 0.03571 0.03630 0.00176 ( 1)
 121 A   0.91596 0.04606 0.03582 0.00216 ( 1)
 122 N   0.92124 0.04074 0.03606 0.00195 ( 1)
 123 L   0.86108 0.10138 0.03344 0.00409 ( 1)
 124 K   0.91258 0.04947 0.03566 0.00229 ( 1)
 125 S   0.37544 0.58424 0.01464 0.02568 ( 2)
 126 S   0.89741 0.06475 0.03499 0.00285 ( 1)
 127 S   0.89097 0.07124 0.03471 0.00308 ( 1)
 128 P   0.89935 0.06280 0.03507 0.00278 ( 1)
 129 T   0.90428 0.05783 0.03529 0.00260 ( 1)
 130 V   0.33363 0.62671 0.01299 0.02667 ( 2)
 131 R   0.91455 0.04749 0.03575 0.00221 ( 1)
 132 R   0.91455 0.04749 0.03575 0.00221 ( 1)
 133 T   0.90724 0.05484 0.03542 0.00249 ( 1)
 134 A   0.91489 0.04713 0.03577 0.00220 ( 1)
 135 A   0.89574 0.06644 0.03492 0.00291 ( 1)
 136 G   0.45110 0.50814 0.01762 0.02314 ( 2)
 137 S   0.90885 0.05323 0.03549 0.00243 ( 1)
 138 A   0.91596 0.04606 0.03582 0.00216 ( 1)
 139 V   0.88512 0.07713 0.03446 0.00329 ( 1)
 140 S   0.89733 0.06483 0.03498 0.00285 ( 1)
 141 I   0.39226 0.56799 0.01494 0.02481 ( 2)
 142 C   0.90545 0.05665 0.03534 0.00256 ( 1)
 143 Q   0.87456 0.08779 0.03401 0.00365 ( 1)
 144 H   0.89867 0.06348 0.03504 0.00280 ( 1)
 145 S   0.89589 0.06629 0.03492 0.00290 ( 1)
 146 R   0.90936 0.05271 0.03552 0.00242 ( 1)
 147 R   0.90925 0.05278 0.03553 0.00244 ( 1)
 148 T   0.03236 0.96764 0.00000 0.00000 ( 2)
 149 Q   0.87456 0.08779 0.03401 0.00365 ( 1)
 150 Y   0.39247 0.56712 0.01531 0.02510 ( 2)
 151 F   0.90333 0.05878 0.03525 0.00264 ( 1)
 152 Y   0.90329 0.05883 0.03525 0.00264 ( 1)
 153 S   0.89733 0.06483 0.03498 0.00285 ( 1)
 154 W   0.89019 0.07203 0.03467 0.00311 ( 1)
 155 L   0.86265 0.09982 0.03350 0.00403 ( 1)
 156 L   0.88889 0.07334 0.03462 0.00315 ( 1)
 157 S   0.90050 0.06163 0.03513 0.00274 ( 1)
 158 V   0.88643 0.07584 0.03451 0.00323 ( 1)
 159 L   0.88889 0.07334 0.03462 0.00315 ( 1)
 160 L   0.34112 0.61797 0.01331 0.02760 ( 2)
 161 G   0.92297 0.03900 0.03614 0.00189 ( 1)
 162 L   0.87491 0.08742 0.03402 0.00364 ( 1)
 163 L   0.86682 0.09552 0.03370 0.00396 ( 1)
 164 V   0.90809 0.05397 0.03547 0.00247 ( 1)
 165 P   0.90399 0.05810 0.03529 0.00262 ( 1)
 166 V   0.88521 0.07703 0.03447 0.00329 ( 1)
 167 E   0.89328 0.06890 0.03481 0.00301 ( 1)
 168 E   0.89328 0.06890 0.03481 0.00301 ( 1)
 169 E   0.89659 0.06557 0.03495 0.00288 ( 1)
 170 H   0.41334 0.54609 0.01613 0.02444 ( 2)
 171 S   0.89581 0.06634 0.03493 0.00292 ( 1)
 172 T   0.38812 0.57097 0.01515 0.02576 ( 2)
 173 L   0.88971 0.07250 0.03466 0.00314 ( 1)
 174 L   0.86123 0.10123 0.03345 0.00409 ( 1)
 175 I   0.89995 0.06218 0.03511 0.00277 ( 1)
 176 L   0.88916 0.07305 0.03464 0.00315 ( 1)
 177 G   0.90815 0.05391 0.03547 0.00247 ( 1)
 178 V   0.88521 0.07703 0.03447 0.00329 ( 1)
 179 L   0.86123 0.10123 0.03345 0.00409 ( 1)
 180 L   0.88931 0.07290 0.03464 0.00315 ( 1)
 181 T   0.90862 0.05343 0.03549 0.00245 ( 1)
 182 L   0.87471 0.08762 0.03402 0.00365 ( 1)
 183 R   0.91016 0.05188 0.03556 0.00239 ( 1)
 184 Y   0.91258 0.04944 0.03567 0.00230 ( 1)
 185 L   0.87491 0.08742 0.03402 0.00364 ( 1)
 186 V   0.88521 0.07703 0.03447 0.00329 ( 1)
 187 P   0.90414 0.05795 0.03529 0.00262 ( 1)
 188 L   0.87491 0.08742 0.03402 0.00364 ( 1)
 189 L   0.86123 0.10123 0.03345 0.00409 ( 1)
 190 Q   0.87477 0.08757 0.03402 0.00365 ( 1)
 191 Q   0.87477 0.08757 0.03402 0.00365 ( 1)
 192 Q   0.87477 0.08757 0.03402 0.00365 ( 1)
 193 V   0.90341 0.05869 0.03526 0.00264 ( 1)
 194 K   0.91289 0.04914 0.03569 0.00229 ( 1)
 195 D   0.89877 0.06336 0.03506 0.00281 ( 1)
 196 T   0.90471 0.05736 0.03533 0.00261 ( 1)
 197 S   0.89762 0.06452 0.03500 0.00285 ( 1)
 198 L   0.86123 0.10123 0.03345 0.00409 ( 1)
 199 K   0.90808 0.05397 0.03547 0.00247 ( 1)
 200 G   0.91669 0.04530 0.03586 0.00215 ( 1)
 201 S   0.89762 0.06452 0.03500 0.00285 ( 1)
 202 F   0.90295 0.05915 0.03524 0.00266 ( 1)
 203 G   0.91510 0.04690 0.03579 0.00221 ( 1)
 204 V   0.88521 0.07703 0.03447 0.00329 ( 1)
 205 T   0.90698 0.05507 0.03543 0.00252 ( 1)
 206 R   0.91485 0.04715 0.03578 0.00222 ( 1)
 207 K   0.90808 0.05397 0.03547 0.00247 ( 1)
 208 E   0.89328 0.06890 0.03481 0.00301 ( 1)
 209 M   0.91808 0.04391 0.03593 0.00209 ( 1)
 210 E   0.89328 0.06890 0.03481 0.00301 ( 1)
 211 V   0.90341 0.05869 0.03526 0.00264 ( 1)
 212 S   0.89313 0.06907 0.03480 0.00300 ( 1)
 213 P   0.90414 0.05795 0.03529 0.00262 ( 1)
 214 S   0.90915 0.05290 0.03552 0.00243 ( 1)
 215 T   0.90431 0.05778 0.03530 0.00261 ( 1)
 216 E   0.89328 0.06890 0.03481 0.00301 ( 1)
 217 Q   0.87477 0.08757 0.03402 0.00365 ( 1)
 218 L   0.88974 0.07247 0.03466 0.00313 ( 1)
 219 V   0.90312 0.05897 0.03525 0.00266 ( 1)
 220 Q   0.87391 0.08843 0.03398 0.00368 ( 1)
 221 V   0.88086 0.08147 0.03426 0.00341 ( 1)
 222 Y   0.89940 0.06274 0.03508 0.00278 ( 1)
 223 E   0.89171 0.07054 0.03473 0.00302 ( 1)
 224 L   0.86940 0.09303 0.03378 0.00379 ( 1)
 225 T   0.89923 0.06295 0.03505 0.00276 ( 1)
 226 L   0.87133 0.09107 0.03386 0.00374 ( 1)
 227 H   0.40484 0.55484 0.01579 0.02453 ( 2)
 228 Y   0.90703 0.05510 0.03539 0.00247 ( 1)
 229 T   0.90699 0.05515 0.03539 0.00247 ( 1)
 230 Q   0.87207 0.09034 0.03389 0.00371 ( 1)
 231 H   0.89512 0.06711 0.03487 0.00290 ( 1)
 232 Q   0.88483 0.07747 0.03443 0.00327 ( 1)
 233 D   0.89501 0.06722 0.03486 0.00290 ( 1)
 234 H   0.89512 0.06711 0.03487 0.00290 ( 1)
 235 N   0.91738 0.04470 0.03585 0.00207 ( 1)
 236 V   0.90402 0.05815 0.03525 0.00257 ( 1)
 237 V   0.88386 0.07847 0.03438 0.00329 ( 1)
 238 T   0.90686 0.05530 0.03538 0.00246 ( 1)
 239 G   0.91115 0.05097 0.03557 0.00231 ( 1)
 240 A   0.88841 0.07390 0.03457 0.00312 ( 1)
 241 L   0.85942 0.10309 0.03336 0.00413 ( 1)
 242 E   0.89278 0.06948 0.03476 0.00297 ( 1)
 243 L   0.88570 0.07660 0.03447 0.00323 ( 1)
 244 L   0.85942 0.10309 0.03336 0.00413 ( 1)
 245 Q   0.87336 0.08904 0.03394 0.00365 ( 1)
 246 Q   0.87336 0.08904 0.03394 0.00365 ( 1)
 247 L   0.88467 0.07776 0.03438 0.00319 ( 1)
 248 L   0.88737 0.07494 0.03453 0.00316 ( 1)
 249 R   0.90499 0.05720 0.03529 0.00252 ( 1)
 250 T   0.90249 0.05971 0.03518 0.00262 ( 1)
 251 P   0.89766 0.06458 0.03497 0.00279 ( 1)
 252 P   0.89577 0.06647 0.03489 0.00287 ( 1)
 253 P   0.89766 0.06458 0.03497 0.00279 ( 1)
 254 E   0.89140 0.07088 0.03470 0.00302 ( 1)
 255 L   0.88737 0.07494 0.03453 0.00316 ( 1)
 256 L   0.86028 0.10222 0.03340 0.00410 ( 1)
 257 R   0.90666 0.05552 0.03536 0.00246 ( 1)
 258 A   0.00129 0.95736 0.00005 0.04130 ( 2)
 259 L   0.86028 0.10222 0.03340 0.00410 ( 1)
 260 T   0.90253 0.05967 0.03518 0.00261 ( 1)
 261 T   0.90224 0.05996 0.03517 0.00263 ( 1)
 262 A   0.46497 0.53503 0.00000 0.00000 ( 2)
 263 G   0.91489 0.04724 0.03573 0.00215 ( 1)
 264 G   0.91457 0.04756 0.03571 0.00216 ( 1)
 265 I   0.90082 0.06139 0.03511 0.00268 ( 1)
 266 G   0.43836 0.52123 0.01710 0.02331 ( 2)
 267 Q   0.01949 0.94139 0.00076 0.03836 ( 2)
 268 L   0.88737 0.07494 0.03453 0.00316 ( 1)
 269 T   0.90960 0.05260 0.03547 0.00233 ( 1)
 270 A   0.37638 0.62362 0.00000 0.00000 ( 2)
 271 A   0.88877 0.07353 0.03459 0.00311 ( 1)
 272 K   0.91077 0.05138 0.03554 0.00231 ( 1)
 273 D   0.35763 0.60263 0.01393 0.02582 ( 2)
 274 E   0.89140 0.07088 0.03470 0.00302 ( 1)
 275 P   0.90202 0.06018 0.03516 0.00263 ( 1)
 276 G   0.48820 0.47084 0.01908 0.02188 ( 1)
 277 C   0.90369 0.05850 0.03523 0.00257 ( 1)
 278 R   0.90508 0.05711 0.03529 0.00252 ( 1)
 279 S   0.89947 0.06276 0.03505 0.00273 ( 1)
 280 R   0.91530 0.04682 0.03574 0.00213 ( 1)
 281 S   0.89566 0.06659 0.03488 0.00287 ( 1)
 282 G   0.90606 0.05612 0.03533 0.00248 ( 1)
 283 S   0.89870 0.06352 0.03502 0.00276 ( 1)
 284 I   0.90078 0.06144 0.03510 0.00268 ( 1)
 285 V   0.88351 0.07882 0.03437 0.00330 ( 1)
 286 E   0.89140 0.07088 0.03470 0.00302 ( 1)
 287 L   0.88803 0.07427 0.03456 0.00314 ( 1)
 288 I   0.92447 0.03759 0.03616 0.00177 ( 1)
 289 A   0.87701 0.08547 0.03406 0.00346 ( 1)
 290 G   0.89219 0.07022 0.03469 0.00291 ( 1)
 291 G   0.89852 0.06386 0.03495 0.00267 ( 1)
 292 G   0.90635 0.05599 0.03528 0.00238 ( 1)
 293 S   0.87782 0.08465 0.03410 0.00343 ( 1)
 294 S   0.87238 0.09012 0.03387 0.00363 ( 1)
 295 C   0.89009 0.07233 0.03460 0.00299 ( 1)
 296 S   0.88308 0.07937 0.03431 0.00324 ( 1)
 297 P   0.88482 0.07762 0.03438 0.00318 ( 1)
 298 V   0.88804 0.07438 0.03452 0.00306 ( 1)
 299 L   0.87668 0.08580 0.03405 0.00347 ( 1)
 300 S   0.87188 0.09062 0.03385 0.00365 ( 1)
 301 R   0.89202 0.07038 0.03468 0.00291 ( 1)
 302 K   0.89214 0.07026 0.03469 0.00291 ( 1)
 303 Q   0.87590 0.08659 0.03402 0.00350 ( 1)
 304 K   0.89213 0.07028 0.03469 0.00291 ( 1)
 305 G   0.89608 0.06639 0.03482 0.00271 ( 1)
 306 K   0.38565 0.57452 0.01502 0.02480 ( 2)
 307 V   0.87983 0.08257 0.03420 0.00341 ( 1)
 308 L   0.88346 0.07891 0.03435 0.00328 ( 1)
 309 F   0.89647 0.06582 0.03490 0.00281 ( 1)
 310 G   0.90136 0.06090 0.03511 0.00263 ( 1)
 311 E   0.89077 0.07155 0.03466 0.00302 ( 1)
 312 A   0.88359 0.07878 0.03436 0.00327 ( 1)
 313 A   0.88294 0.07943 0.03433 0.00330 ( 1)
 314 A   0.88984 0.07249 0.03462 0.00305 ( 1)
 315 L   0.01901 0.94200 0.00074 0.03825 ( 2)
 316 E   0.88727 0.07507 0.03451 0.00314 ( 1)
 317 D   0.88947 0.07286 0.03461 0.00306 ( 1)
 318 D   0.89250 0.06981 0.03473 0.00295 ( 1)
 319 S   0.33466 0.62614 0.01302 0.02619 ( 2)
 320 E   0.88727 0.07507 0.03451 0.00314 ( 1)
 321 S   0.87885 0.08355 0.03416 0.00344 ( 1)
 322 R   0.90323 0.05901 0.03519 0.00256 ( 1)
 323 S   0.87860 0.08380 0.03415 0.00345 ( 1)
 324 D   0.89250 0.06981 0.03473 0.00295 ( 1)
 325 G   0.90971 0.05250 0.03547 0.00232 ( 1)
 326 S   0.89133 0.07098 0.03468 0.00300 ( 1)
 327 S   0.89133 0.07098 0.03468 0.00300 ( 1)
 328 P   0.89753 0.06475 0.03495 0.00277 ( 1)
 329 T   0.89794 0.06434 0.03496 0.00276 ( 1)
 330 F   0.89639 0.06590 0.03490 0.00281 ( 1)
 331 -   0.31824 0.64272 0.01237 0.02666 ( 2)
 332 -   0.88816 0.07416 0.03456 0.00312 ( 1)
 333 A   0.32716 0.63315 0.01274 0.02696 ( 2)
 334 V   0.90341 0.05869 0.03526 0.00264 ( 1)
 335 K   0.91289 0.04914 0.03569 0.00229 ( 1)
 336 G   0.92282 0.03912 0.03615 0.00191 ( 1)
 337 E   0.89328 0.06890 0.03481 0.00301 ( 1)
 338 V   0.02808 0.92940 0.00110 0.04142 ( 2)
 339 G   0.91929 0.04272 0.03597 0.00203 ( 1)
 340 G   0.52130 0.47870 0.00000 0.00000 ( 1)
 341 E   0.89328 0.06890 0.03481 0.00301 ( 1)
 342 L   0.86123 0.10123 0.03345 0.00409 ( 1)
 343 A   0.34990 0.60991 0.01364 0.02656 ( 2)
 344 A   0.89602 0.06613 0.03493 0.00291 ( 1)
 345 S   0.89124 0.07095 0.03473 0.00308 ( 1)
 346 S   0.89124 0.07095 0.03473 0.00308 ( 1)
 347 G   0.91510 0.04690 0.03579 0.00221 ( 1)
 348 V   0.90341 0.05869 0.03526 0.00264 ( 1)
 349 P   0.36939 0.59021 0.01440 0.02600 ( 2)
 350 T   0.91254 0.04949 0.03567 0.00230 ( 1)
 351 P   0.90068 0.06142 0.03514 0.00275 ( 1)
 352 G   0.43375 0.52520 0.01694 0.02411 ( 2)
 353 S   0.88410 0.07816 0.03442 0.00333 ( 1)
 354 A   0.89027 0.07193 0.03468 0.00312 ( 1)
 355 A   0.89602 0.06613 0.03493 0.00291 ( 1)
 356 D   0.38069 0.57876 0.01485 0.02570 ( 2)
 357 S   0.89124 0.07095 0.03473 0.00308 ( 1)
 358 G   0.33951 0.62074 0.01322 0.02652 ( 2)
 359 G   0.92328 0.03867 0.03617 0.00189 ( 1)
 360 H   0.89896 0.06317 0.03506 0.00281 ( 1)
 361 D   0.89886 0.06327 0.03506 0.00281 ( 1)
 362 I   0.90301 0.05909 0.03524 0.00266 ( 1)
 363 I   0.90301 0.05909 0.03524 0.00266 ( 1)
 364 T   0.91198 0.05004 0.03565 0.00233 ( 1)
 365 E   0.89328 0.06890 0.03481 0.00301 ( 1)
 366 Q   0.87477 0.08757 0.03402 0.00365 ( 1)
 367 P   0.90406 0.05803 0.03529 0.00262 ( 1)
 368 R   0.91503 0.04698 0.03578 0.00221 ( 1)
 369 S   0.88410 0.07816 0.03442 0.00333 ( 1)
 370 Q   0.87477 0.08757 0.03402 0.00365 ( 1)
 371 H   0.89896 0.06317 0.03506 0.00281 ( 1)
 372 T   0.90859 0.05347 0.03549 0.00245 ( 1)
 373 L   0.88983 0.07237 0.03466 0.00313 ( 1)
 374 Q   0.87477 0.08757 0.03402 0.00365 ( 1)
 375 T   0.40243 0.55671 0.01571 0.02516 ( 2)
 376 D   0.89886 0.06327 0.03506 0.00281 ( 1)
 377 S   0.90829 0.05377 0.03548 0.00246 ( 1)
 378 V   0.34073 0.61851 0.01329 0.02747 ( 2)
 379 D   0.89563 0.06652 0.03492 0.00293 ( 1)
 380 L   0.86172 0.10071 0.03347 0.00410 ( 1)
 381 T   0.90674 0.05531 0.03542 0.00254 ( 1)
 382 G   0.91669 0.04530 0.03586 0.00215 ( 1)
 383 C   0.89371 0.06846 0.03483 0.00299 ( 1)
 384 D   0.89886 0.06327 0.03506 0.00281 ( 1)
 385 L   0.87491 0.08742 0.03402 0.00364 ( 1)
 386 T   0.00154 0.99846 0.00000 0.00000 ( 2)
 387 S   0.90148 0.06063 0.03518 0.00271 ( 1)
 388 G   0.92328 0.03867 0.03617 0.00189 ( 1)
 389 A   0.89568 0.06650 0.03491 0.00291 ( 1)
 390 T   0.42245 0.53760 0.01646 0.02349 ( 2)
 391 D   0.89811 0.06404 0.03502 0.00283 ( 1)
 392 G   0.91510 0.04690 0.03579 0.00221 ( 1)
 393 D   0.89871 0.06343 0.03505 0.00281 ( 1)
 394 E   0.89328 0.06890 0.03481 0.00301 ( 1)
 395 E   0.89333 0.06884 0.03482 0.00301 ( 1)
 396 D   0.89886 0.06327 0.03506 0.00281 ( 1)
 397 I   0.90301 0.05909 0.03524 0.00266 ( 1)
 398 L   0.87465 0.08768 0.03401 0.00365 ( 1)
 399 S   0.89762 0.06452 0.03500 0.00285 ( 1)
 400 H   0.89896 0.06317 0.03506 0.00281 ( 1)
 401 S   0.89762 0.06452 0.03500 0.00285 ( 1)
 402 S   0.89617 0.06598 0.03494 0.00291 ( 1)
 403 S   0.89762 0.06452 0.03500 0.00285 ( 1)
 404 Q   0.87477 0.08757 0.03402 0.00365 ( 1)
 405 M   0.00193 0.99801 0.00000 0.00006 ( 2)
 406 S   0.89762 0.06452 0.03500 0.00285 ( 1)
 407 A   0.37869 0.62131 0.00000 0.00000 ( 2)
 408 V   0.38736 0.57308 0.01508 0.02448 ( 2)
 409 P   0.90988 0.05221 0.03553 0.00238 ( 1)
 410 S   0.89124 0.07095 0.03473 0.00308 ( 1)
 411 D   0.89886 0.06327 0.03506 0.00281 ( 1)
 412 P   0.89964 0.06249 0.03509 0.00278 ( 1)
 413 A   0.89602 0.06613 0.03493 0.00291 ( 1)
 414 M   0.46693 0.49138 0.01827 0.02342 ( 2)
 415 D   0.89886 0.06327 0.03506 0.00281 ( 1)
 416 L   0.86123 0.10123 0.03345 0.00409 ( 1)
 417 N   0.92555 0.03637 0.03628 0.00180 ( 1)
 418 D   0.89563 0.06652 0.03492 0.00293 ( 1)
 419 G   0.91510 0.04690 0.03579 0.00221 ( 1)
 420 T   0.90458 0.05751 0.03531 0.00260 ( 1)
 421 Q   0.87477 0.08757 0.03402 0.00365 ( 1)
 422 A   0.89602 0.06613 0.03493 0.00291 ( 1)
 423 S   0.89617 0.06598 0.03494 0.00291 ( 1)
 424 S   0.89124 0.07095 0.03473 0.00308 ( 1)
 425 P   0.90370 0.05841 0.03527 0.00262 ( 1)
 426 I   0.90301 0.05909 0.03524 0.00266 ( 1)
 427 S   0.90148 0.06063 0.03518 0.00271 ( 1)
 428 D   0.89886 0.06327 0.03506 0.00281 ( 1)
 429 S   0.89762 0.06452 0.03500 0.00285 ( 1)
 430 S   0.89617 0.06598 0.03494 0.00291 ( 1)
 431 Q   0.87477 0.08757 0.03402 0.00365 ( 1)
 432 T   0.90458 0.05751 0.03531 0.00260 ( 1)
 433 T   0.90458 0.05751 0.03531 0.00260 ( 1)
 434 T   0.90458 0.05751 0.03531 0.00260 ( 1)
 435 E   0.89328 0.06890 0.03481 0.00301 ( 1)
 436 G   0.91510 0.04690 0.03579 0.00221 ( 1)
 437 P   0.90388 0.05821 0.03528 0.00263 ( 1)
 438 D   0.89563 0.06652 0.03492 0.00293 ( 1)
 439 S   0.88386 0.07839 0.03441 0.00334 ( 1)
 440 A   0.89459 0.06759 0.03487 0.00295 ( 1)
 441 V   0.88521 0.07703 0.03447 0.00329 ( 1)
 442 T   0.90458 0.05751 0.03531 0.00260 ( 1)
 443 P   0.89964 0.06249 0.03509 0.00278 ( 1)
 444 S   0.89593 0.06622 0.03493 0.00292 ( 1)
 445 D   0.89886 0.06327 0.03506 0.00281 ( 1)
 446 S   0.90148 0.06063 0.03518 0.00271 ( 1)
 447 S   0.89124 0.07095 0.03473 0.00308 ( 1)
 448 E   0.89702 0.06513 0.03498 0.00288 ( 1)
 449 I   0.89995 0.06218 0.03511 0.00277 ( 1)
 450 -   0.88545 0.07713 0.03436 0.00306 ( 1)
 451 L   0.88030 0.08204 0.03423 0.00342 ( 1)
 452 D   0.89141 0.07086 0.03471 0.00303 ( 1)
 453 G   0.91848 0.04361 0.03589 0.00202 ( 1)
 454 A   0.89148 0.07078 0.03471 0.00303 ( 1)
 455 D   0.89444 0.06780 0.03484 0.00292 ( 1)
 456 S   0.89325 0.06900 0.03479 0.00296 ( 1)
 457 Q   0.87167 0.09074 0.03387 0.00372 ( 1)
 458 Y   0.89901 0.06320 0.03503 0.00275 ( 1)
 459 P   0.35425 0.60622 0.01379 0.02574 ( 2)
 460 G   0.91029 0.05184 0.03553 0.00234 ( 1)
 461 M   0.91325 0.04887 0.03566 0.00222 ( 1)
 462 Q   0.87495 0.08745 0.03401 0.00360 ( 1)
 463 A   0.03014 0.92817 0.00115 0.04054 ( 2)
 464 G   0.42706 0.53230 0.01667 0.02398 ( 2)
 465 Q   0.87167 0.09074 0.03387 0.00372 ( 1)
 466 P   0.38129 0.57951 0.01451 0.02469 ( 2)
 467 Q   0.29522 0.66601 0.01147 0.02729 ( 2)
 468 D   0.89437 0.06787 0.03483 0.00292 ( 1)
 469 E   0.34299 0.61741 0.01335 0.02625 ( 2)
 470 D   0.89428 0.06796 0.03483 0.00293 ( 1)
 471 E   0.88910 0.07318 0.03461 0.00311 ( 1)
 472 D   0.89436 0.06789 0.03483 0.00292 ( 1)
 473 A   0.02342 0.93613 0.00091 0.03954 ( 2)
 474 A   0.88642 0.07588 0.03449 0.00321 ( 1)
 475 A   0.32451 0.63627 0.01262 0.02660 ( 2)
 476 V   0.39684 0.56285 0.01547 0.02483 ( 2)
 477 L   0.88583 0.07647 0.03447 0.00323 ( 1)
 478 P   0.89519 0.06704 0.03487 0.00289 ( 1)
 479 D   0.35298 0.60731 0.01374 0.02596 ( 2)
 480 E   0.89268 0.06958 0.03476 0.00298 ( 1)
 481 D   0.89435 0.06789 0.03483 0.00292 ( 1)
 482 A   0.00167 0.99833 0.00000 0.00000 ( 2)
 483 E   0.88910 0.07318 0.03461 0.00311 ( 1)
 484 A   0.88601 0.07629 0.03448 0.00322 ( 1)
 485 F   0.90143 0.06077 0.03514 0.00267 ( 1)
 486 R   0.90239 0.05980 0.03518 0.00263 ( 1)
 487 N   0.04432 0.95568 0.00000 0.00000 ( 2)
 488 S   0.88716 0.07513 0.03453 0.00318 ( 1)
 489 S   0.89187 0.07040 0.03473 0.00301 ( 1)
 490 I   0.36795 0.59241 0.01433 0.02532 ( 2)
 491 A   0.88693 0.07531 0.03453 0.00322 ( 1)
 492 L   0.88476 0.07754 0.03443 0.00327 ( 1)
 493 Q   0.88385 0.07846 0.03439 0.00330 ( 1)
 494 Q   0.88385 0.07846 0.03439 0.00330 ( 1)
 495 A   0.88361 0.07870 0.03438 0.00331 ( 1)
