Supplemental results for CODEML (seqf: /home/leticiamagpali/phd/evol_models/codeml/big_dataset/cml_align/CASQ2_codon_aligned.phy  treef: /home/leticiamagpali/phd/evol_models/codeml/big_dataset/cml_trees/gene_trees/H2_gene_trees/CASQ2_tree_H2.tre)

I	J	ij	2Ns_IJ	pMut_IJ	pSub_IJ	2Ns_JI	pMut_JI	pSub_JI

TTC	TTT	CT	1.02724	0.14181	0.22691	-1.02724	0.39614	0.22691
TTA	TTT	AT	7.30960	0.00003	0.00025	-7.30960	0.05132	0.00025
TTA	TTC	AC	6.28236	0.00007	0.00044	-6.28236	0.03766	0.00044
TTG	TTT	GT	0.66043	0.01961	0.02679	-0.66043	0.03795	0.02679
TTG	TTC	GC	-0.36681	0.04019	0.03327	0.36681	0.02785	0.03327
TTG	TTA	GA	-6.64917	0.13983	0.00121	6.64917	0.00018	0.00121
TCT	TTT	CT	2.24426	0.04199	0.10542	-2.24426	0.39614	0.10542
TCC	TTC	CT	1.99152	0.03968	0.09151	-1.99152	0.29072	0.09151
TCC	TCT	CT	0.77450	0.03968	0.05701	-0.77450	0.08608	0.05701
TCA	TTA	CT	-4.35734	0.02847	0.00161	4.35734	0.00036	0.00161
TCA	TCT	AT	0.70800	0.00549	0.00767	-0.70800	0.01115	0.00767
TCA	TCC	AC	-0.06649	0.01126	0.01089	0.06649	0.01054	0.01089
TCG	TTG	CT	6.37208	0.00036	0.00227	-6.37208	0.20828	0.00227
TCG	TCT	GT	4.78825	0.00007	0.00033	-4.78825	0.00825	0.00033
TCG	TCC	GC	4.01375	0.00014	0.00058	-4.01375	0.00779	0.00058
TCG	TCA	GA	4.08025	0.00049	0.00203	-4.08025	0.02897	0.00203
TAT	TTT	AT	1.32566	0.01363	0.02461	-1.32566	0.05132	0.02461
TAT	TCT	AC	-0.91860	0.02795	0.01705	0.91860	0.01115	0.01705
TAC	TTC	AT	0.64583	0.01974	0.02680	-0.64583	0.03766	0.02680
TAC	TCC	AC	-1.34569	0.04048	0.01917	1.34569	0.01054	0.01917
TAC	TAT	CT	0.34740	0.10231	0.12111	-0.34740	0.14481	0.12111
TGT	TTT	GT	3.39690	0.00127	0.00447	-3.39690	0.03795	0.00447
TGT	TCT	GC	1.15264	0.00260	0.00439	-1.15264	0.00825	0.00439
TGT	TAT	GA	2.07124	0.00906	0.02147	-2.07124	0.07189	0.02147
TGC	TTC	GT	1.87814	0.00426	0.00944	-1.87814	0.02785	0.00944
TGC	TCC	GC	-0.11338	0.00873	0.00824	0.11338	0.00779	0.00824
TGC	TAC	GA	1.23231	0.03037	0.05282	-1.23231	0.10413	0.05282
TGC	TGT	CT	-0.49153	0.02206	0.01708	0.49153	0.01350	0.01708
TGG	TTG	GT	0.46232	0.01257	0.01570	-0.46232	0.01995	0.01570
TGG	TCG	GC	-5.90976	0.02576	0.00041	5.90976	0.00007	0.00041
TGG	TGT	GT	-2.27415	0.01257	0.00328	2.27415	0.00129	0.00328
TGG	TGC	GC	-1.78262	0.02576	0.00929	1.78262	0.00433	0.00929
CTT	TTT	CT	1.99106	0.05409	0.12473	-1.99106	0.39614	0.12473
CTC	TTC	CT	1.44285	0.06868	0.12975	-1.44285	0.29072	0.12975
CTC	CTT	CT	0.47903	0.06868	0.08644	-0.47903	0.11089	0.08644
CTA	TTA	CT	-4.67124	0.03897	0.00172	4.67124	0.00036	0.00172
CTA	CTT	AT	0.64730	0.00752	0.01021	-0.64730	0.01437	0.01021
CTA	CTC	AC	0.16827	0.01542	0.01675	-0.16827	0.01824	0.01675
CTG	TTG	CT	0.06946	0.19431	0.20113	-0.06946	0.20828	0.20113
CTG	CTT	GT	-1.26117	0.03750	0.01870	1.26117	0.01062	0.01870
CTG	CTC	GC	-1.74020	0.07687	0.02847	1.74020	0.01349	0.02847
CTG	CTA	GA	-1.90847	0.26741	0.08887	1.90847	0.03966	0.08887
CCT	TCT	CT	0.77450	0.03968	0.05701	-0.77450	0.08608	0.05701
CCT	CTT	CT	1.02769	0.03968	0.06350	-1.02769	0.11089	0.06350
CCC	TCC	CT	-0.03197	0.08399	0.08265	0.03197	0.08134	0.08265
CCC	CTC	CT	0.51669	0.08399	0.10754	-0.51669	0.14080	0.10754
CCC	CCT	CT	-0.03197	0.08399	0.08265	0.03197	0.08134	0.08265
CCA	TCA	CT	-0.29376	0.07829	0.06735	0.29376	0.05836	0.06735
CCA	CTA	CT	0.02013	0.07829	0.07908	-0.02013	0.07988	0.07908
CCA	CCT	AT	-0.36026	0.01511	0.01255	0.36026	0.01054	0.01255
CCA	CCC	AC	-0.32829	0.03097	0.02617	0.32829	0.02231	0.02617
CCG	TCG	CT	-2.93282	0.01370	0.00226	2.93282	0.00073	0.00226
CCG	CTG	CT	3.36980	0.01370	0.04781	-3.36980	0.39833	0.04781
CCG	CCT	GT	1.08093	0.00264	0.00433	-1.08093	0.00779	0.00433
CCG	CCC	GC	1.11290	0.00542	0.00898	-1.11290	0.01649	0.00898
CCG	CCA	GA	1.44119	0.01886	0.03560	-1.44119	0.07968	0.03560
CAT	TAT	CT	1.24219	0.04181	0.07303	-1.24219	0.14481	0.07303
CAT	CTT	AT	0.57679	0.00807	0.01062	-0.57679	0.01437	0.01062
CAT	CCT	AC	-0.45091	0.01654	0.01309	0.45091	0.01054	0.01309
CAC	TAC	CT	1.66056	0.03986	0.08171	-1.66056	0.20974	0.08171
CAC	CTC	AT	0.86353	0.00769	0.01148	-0.86353	0.01824	0.01148
CAC	CCC	AC	0.34684	0.01577	0.01866	-0.34684	0.02231	0.01866
CAC	CAT	CT	0.76578	0.03986	0.05705	-0.76578	0.08572	0.05705
CAA	CTA	AT	0.34244	0.00735	0.00868	-0.34244	0.01035	0.00868
CAA	CCA	AC	0.32231	0.01506	0.01762	-0.32231	0.02079	0.01762
CAA	CAT	AT	0.41295	0.00735	0.00897	-0.41295	0.01111	0.00897
CAA	CAC	AC	-0.35282	0.01506	0.01256	0.35282	0.01059	0.01256
CAG	CTG	AT	1.14550	0.01641	0.02757	-1.14550	0.05160	0.02757
CAG	CCG	AC	-2.22430	0.03365	0.00908	2.22430	0.00364	0.00908
CAG	CAT	GT	-0.69246	0.01641	0.01138	0.69246	0.00821	0.01138
CAG	CAC	GC	-1.45824	0.03365	0.01488	1.45824	0.00783	0.01488
CAG	CAA	GA	-1.10541	0.11705	0.06404	1.10541	0.03875	0.06404
CGT	TGT	CT	0.32142	0.00979	0.01144	-0.32142	0.01350	0.01144
CGT	CTT	GT	1.72726	0.00189	0.00397	-1.72726	0.01062	0.00397
CGT	CCT	GC	0.69957	0.00387	0.00538	-0.69957	0.00779	0.00538
CGT	CAT	GA	1.15047	0.01347	0.02267	-1.15047	0.04256	0.02267
CGC	TGC	CT	-0.24878	0.05801	0.05109	0.24878	0.04523	0.05109
CGC	CTC	GT	0.18650	0.01119	0.01227	-0.18650	0.01349	0.01227
CGC	CCC	GC	-0.33019	0.02295	0.01937	0.33019	0.01649	0.01937
CGC	CAC	GA	-0.67703	0.07983	0.05583	0.67703	0.04056	0.05583
CGC	CGT	CT	-1.06173	0.05801	0.03256	1.06173	0.02006	0.03256
CGA	CTA	GT	8.96046	0.00000	0.00000	-8.96046	0.00765	0.00001
CGA	CCA	GC	8.94033	0.00000	0.00000	-8.94033	0.01538	0.00002
CGA	CAA	GA	8.61802	0.00000	0.00000	-8.61802	0.03875	0.00006
CGA	CGT	AT	7.88050	0.00000	0.00000	-7.88050	0.00260	0.00001
CGA	CGC	AC	8.94223	0.00000	0.00000	-8.94223	0.01541	0.00002
CGG	TGG	CT	2.27666	0.01370	0.03476	-2.27666	0.13350	0.03476
CGG	CTG	GT	2.66953	0.00264	0.00758	-2.66953	0.03816	0.00758
CGG	CCG	GC	-0.70027	0.00542	0.00374	0.70027	0.00269	0.00374
CGG	CAG	GA	1.52403	0.01886	0.03674	-1.52403	0.08656	0.03674
CGG	CGT	GT	-0.31891	0.00264	0.00224	0.31891	0.00192	0.00224
CGG	CGC	GC	0.74282	0.00542	0.00768	-0.74282	0.01139	0.00768
CGG	CGA	GA	-8.19941	0.01886	0.00004	8.19941	0.00000	0.00000
ATT	TTT	AT	0.72757	0.02479	0.03490	-0.72757	0.05132	0.03490
ATT	CTT	AC	-1.26349	0.05082	0.02530	1.26349	0.01437	0.02530
ATC	TTC	AT	0.27637	0.02857	0.03270	-0.27637	0.03766	0.03270
ATC	CTC	AC	-1.16649	0.05857	0.03090	1.16649	0.01824	0.03090
ATC	ATT	CT	0.57603	0.14804	0.19475	-0.57603	0.26336	0.19475
ATA	TTA	AT	-4.11147	0.00288	0.00020	4.11147	0.00005	0.00020
ATA	CTA	AC	0.55976	0.00591	0.00772	-0.55976	0.01035	0.00772
ATA	ATT	AT	2.47055	0.00288	0.00778	-2.47055	0.03412	0.00778
ATA	ATC	AC	1.89452	0.00591	0.01319	-1.89452	0.03932	0.01319
ATG	TTG	AT	0.80310	0.01209	0.01758	-0.80310	0.02698	0.01758
ATG	CTG	AC	0.73364	0.02478	0.03497	-0.73364	0.05160	0.03497
ATG	ATT	GT	0.73596	0.01209	0.01708	-0.73596	0.02523	0.01708
ATG	ATC	GC	0.15993	0.02478	0.02681	-0.15993	0.02908	0.02681
ATG	ATA	GA	-1.73459	0.08620	0.03204	1.73459	0.01521	0.03204
ACT	TCT	AT	0.09282	0.01016	0.01064	-0.09282	0.01115	0.01064
ACT	CCT	AC	-0.68168	0.02084	0.01454	0.68168	0.01054	0.01454
ACT	ATT	CT	1.60950	0.05267	0.10596	-1.60950	0.26336	0.10596
ACC	TCC	AT	0.27119	0.00804	0.00917	-0.27119	0.01054	0.00917
ACC	CCC	AC	0.30317	0.01647	0.01909	-0.30317	0.02231	0.01909
ACC	ATC	CT	1.98635	0.04164	0.09586	-1.98635	0.30349	0.09586
ACC	ACT	CT	0.95287	0.04164	0.06458	-0.95287	0.10797	0.06458
ACA	TCA	AT	-0.45481	0.01192	0.00941	0.45481	0.00756	0.00941
ACA	CCA	AC	-0.16104	0.02443	0.02251	0.16104	0.02079	0.02251
ACA	ATA	CT	-0.70067	0.06174	0.04262	0.70067	0.03064	0.04262
ACA	ACT	AT	0.16038	0.01192	0.01290	-0.16038	0.01399	0.01290
ACA	ACC	AC	-0.79250	0.02443	0.01601	0.79250	0.01106	0.01601
ACG	TCG	AT	-3.38196	0.00278	0.00033	3.38196	0.00009	0.00033
ACG	CCG	AC	-0.44914	0.00570	0.00452	0.44914	0.00364	0.00452
ACG	ATG	CT	2.18702	0.01441	0.03551	-2.18702	0.12840	0.03551
ACG	ACT	GT	1.31348	0.00278	0.00500	-1.31348	0.01034	0.00500
ACG	ACC	GC	0.36060	0.00570	0.00679	-0.36060	0.00818	0.00679
ACG	ACA	GA	1.15310	0.01984	0.03342	-1.15310	0.06284	0.03342
AAT	TAT	AT	0.58955	0.01040	0.01377	-0.58955	0.01876	0.01377
AAT	CAT	AC	-0.65264	0.02133	0.01512	0.65264	0.01111	0.01512
AAT	ATT	AT	1.18764	0.01040	0.01778	-1.18764	0.03412	0.01778
AAT	ACT	AC	-0.42187	0.02133	0.01715	0.42187	0.01399	0.01715
AAC	TAC	AT	0.32283	0.01968	0.02302	-0.32283	0.02717	0.02302
AAC	CAC	AC	-1.33773	0.04034	0.01920	1.33773	0.01059	0.01920
AAC	ATC	AT	0.69229	0.01968	0.02727	-0.69229	0.03932	0.02727
AAC	ACC	AC	-1.29406	0.04034	0.01971	1.29406	0.01106	0.01971
AAC	AAT	CT	0.08068	0.10196	0.10613	-0.08068	0.11052	0.10613
AAA	CAA	AC	-1.66584	0.05350	0.02077	1.66584	0.01011	0.02077
AAA	ATA	AT	-1.88316	0.02610	0.00882	1.88316	0.00397	0.00882
AAA	ACA	AC	-1.18249	0.05350	0.02796	1.18249	0.01640	0.02796
AAA	AAT	AT	-0.60024	0.02610	0.01904	0.60024	0.01432	0.01904
AAA	AAC	AC	-0.68093	0.05350	0.03734	0.68093	0.02708	0.03734
AAG	CAG	AC	-1.32478	0.08496	0.04076	1.32478	0.02259	0.04076
AAG	ATG	AT	-0.91292	0.04145	0.02537	0.91292	0.01663	0.02537
AAG	ACG	AC	-3.09994	0.08496	0.01243	3.09994	0.00383	0.01243
AAG	AAT	GT	-1.36460	0.04145	0.01941	1.36460	0.01059	0.01941
AAG	AAC	GC	-1.44528	0.08496	0.03786	1.44528	0.02002	0.03786
AAG	AAA	GA	-0.76435	0.29557	0.19686	0.76435	0.13763	0.19686
AGT	TGT	AT	-2.23935	0.01641	0.00438	2.23935	0.00175	0.00438
AGT	CGT	AC	-2.56077	0.03365	0.00721	2.56077	0.00260	0.00721
AGT	ATT	GT	0.42998	0.01641	0.02019	-0.42998	0.02523	0.02019
AGT	ACT	GC	-1.17952	0.03365	0.01762	1.17952	0.01034	0.01762
AGT	AAT	GA	-0.75766	0.11705	0.07826	0.75766	0.05487	0.07826
AGC	TGC	AT	-0.03652	0.00608	0.00597	0.03652	0.00586	0.00597
AGC	CGC	AC	0.21225	0.01246	0.01383	-0.21225	0.01541	0.01383
AGC	ATC	GT	1.56525	0.00608	0.01203	-1.56525	0.02908	0.01203
AGC	ACC	GC	-0.42110	0.01246	0.01002	0.42110	0.00818	0.01002
AGC	AAC	GA	0.87296	0.04334	0.06498	-0.87296	0.10376	0.06498
AGC	AGT	CT	1.71130	0.03149	0.06578	-1.71130	0.17436	0.06578
AGA	CGA	AC	-8.49561	0.00662	0.00001	8.49561	0.00000	0.00000
AGA	ATA	GT	-0.09491	0.00323	0.00308	0.09491	0.00294	0.00308
AGA	ACA	GC	0.60576	0.00662	0.00882	-0.60576	0.01213	0.00882
AGA	AAA	GA	1.78825	0.02302	0.04943	-1.78825	0.13763	0.04943
AGA	AGT	AT	1.94566	0.00323	0.00733	-1.94566	0.02259	0.00733
AGA	AGC	AC	0.23436	0.00662	0.00742	-0.23436	0.00836	0.00742
AGG	TGG	AT	1.12823	0.00560	0.00934	-1.12823	0.01730	0.00934
AGG	CGG	AC	-1.14844	0.01147	0.00612	1.14844	0.00364	0.00612
AGG	ATG	GT	0.78745	0.00560	0.00809	-0.78745	0.01230	0.00809
AGG	ACG	GC	-1.39957	0.01147	0.00526	1.39957	0.00283	0.00526
AGG	AAG	GA	1.70036	0.03992	0.08303	-1.70036	0.21857	0.08303
AGG	AGT	GT	1.09343	0.00560	0.00920	-1.09343	0.01670	0.00920
AGG	AGC	GC	-0.61787	0.01147	0.00829	0.61787	0.00619	0.00829
AGG	AGA	GA	-0.85223	0.03992	0.02529	0.85223	0.01702	0.02529
GTT	TTT	GT	0.75399	0.01786	0.02543	-0.75399	0.03795	0.02543
GTT	CTT	GC	-1.23707	0.03660	0.01852	1.23707	0.01062	0.01852
GTT	ATT	GA	0.02642	0.12734	0.12903	-0.02642	0.13075	0.12903
GTC	TTC	GT	0.52463	0.01648	0.02118	-0.52463	0.02785	0.02118
GTC	CTC	GC	-0.91822	0.03379	0.02062	0.91822	0.01349	0.02062
GTC	ATC	GA	0.24827	0.11754	0.13274	-0.24827	0.15067	0.13274
GTC	GTT	CT	0.79788	0.08541	0.12397	-0.79788	0.18968	0.12397
GTA	TTA	GT	-3.72010	0.00144	0.00013	3.72010	0.00003	0.00013
GTA	CTA	GC	0.95113	0.00296	0.00458	-0.95113	0.00765	0.00458
GTA	ATA	GA	0.39137	0.01028	0.01243	-0.39137	0.01521	0.01243
GTA	GTT	AT	2.83550	0.00144	0.00434	-2.83550	0.02457	0.00434
GTA	GTC	AC	2.03762	0.00296	0.00693	-2.03762	0.02268	0.00693
GTG	TTG	GT	-0.56162	0.03499	0.02608	0.56162	0.01995	0.02608
GTG	CTG	GC	-0.63108	0.07173	0.05146	0.63108	0.03816	0.05146
GTG	ATG	GA	-1.36472	0.24953	0.11684	1.36472	0.06374	0.11684
GTG	GTT	GT	-0.65518	0.03499	0.02477	0.65518	0.01817	0.02477
GTG	GTC	GC	-1.45306	0.07173	0.03181	1.45306	0.01677	0.03181
GTG	GTA	GA	-3.49069	0.24953	0.02738	3.49069	0.00761	0.02738
GCT	TCT	GT	-0.84117	0.01913	0.01220	0.84117	0.00825	0.01220
GCT	CCT	GC	-1.61566	0.03921	0.01571	1.61566	0.00779	0.01571
GCT	ACT	GA	-0.93398	0.13640	0.08248	0.93398	0.05360	0.08248
GCT	GTT	CT	0.64910	0.09911	0.13473	-0.64910	0.18968	0.13473
GCC	TCC	GT	-0.28569	0.01037	0.00896	0.28569	0.00779	0.00896
GCC	CCC	GC	-0.25372	0.02126	0.01868	0.25372	0.01649	0.01868
GCC	ACC	GA	-0.55688	0.07395	0.05526	0.55688	0.04237	0.05526
GCC	GTC	CT	1.18120	0.05374	0.09158	-1.18120	0.17509	0.09158
GCC	GCT	CT	1.32997	0.05374	0.09717	-1.32997	0.20317	0.09717
GCA	TCA	GT	-0.62099	0.01040	0.00751	0.62099	0.00559	0.00751
GCA	CCA	GC	-0.32723	0.02133	0.01803	0.32723	0.01538	0.01803
GCA	ACA	GA	-0.16619	0.07420	0.06820	0.16619	0.06284	0.06820
GCA	GTA	CT	-1.25823	0.05391	0.02693	1.25823	0.01532	0.02693
GCA	GCT	AT	0.92818	0.01040	0.01597	-0.92818	0.02632	0.01597
GCA	GCC	AC	-0.40180	0.02133	0.01733	0.40180	0.01427	0.01733
GCG	TCG	GT	-4.69197	0.00762	0.00033	4.69197	0.00007	0.00033
GCG	CCG	GC	-1.75914	0.01563	0.00572	1.75914	0.00269	0.00572
GCG	ACG	GA	-1.31001	0.05436	0.02632	1.31001	0.01467	0.02632
GCG	GTG	CT	2.24174	0.03950	0.09908	-2.24174	0.37170	0.09908
GCG	GCT	GT	0.93745	0.00762	0.01175	-0.93745	0.01947	0.01175
GCG	GCC	GC	-0.39252	0.01563	0.01276	0.39252	0.01055	0.01276
GCG	GCA	GA	0.00928	0.05436	0.05462	-0.00928	0.05487	0.05462
GAT	TAT	GT	-1.59389	0.06830	0.02775	1.59389	0.01387	0.02775
GAT	CAT	GC	-2.83607	0.14001	0.02474	2.83607	0.00821	0.02474
GAT	AAT	GA	-2.18343	0.48706	0.13501	2.18343	0.05487	0.13501
GAT	GTT	AT	-1.02222	0.06830	0.03924	1.02222	0.02457	0.03924
GAT	GCT	AC	-1.67131	0.14001	0.05418	1.67131	0.02632	0.05418
GAC	TAC	GT	-1.40628	0.08200	0.03743	1.40628	0.02009	0.03743
GAC	CAC	GC	-3.06684	0.16810	0.02518	3.06684	0.00783	0.02518
GAC	AAC	GA	-1.72910	0.58477	0.21812	1.72910	0.10376	0.21812
GAC	GTC	AT	-1.28508	0.08200	0.04030	1.28508	0.02268	0.04030
GAC	GCC	AC	-2.46628	0.16810	0.03846	2.46628	0.01427	0.03846
GAC	GAT	CT	0.53501	0.42491	0.54866	-0.53501	0.72552	0.54866
GAA	CAA	GC	-2.47791	0.08912	0.02023	2.47791	0.00748	0.02023
GAA	AAA	GA	-0.81208	0.31002	0.20099	0.81208	0.13763	0.20099
GAA	GTA	AT	-3.08660	0.04347	0.00642	3.08660	0.00198	0.00642
GAA	GCA	AC	-1.82838	0.08912	0.03119	1.82838	0.01432	0.03119
GAA	GAT	AT	0.77111	0.04347	0.06237	-0.77111	0.09399	0.06237
GAA	GAC	AC	0.23610	0.08912	0.10005	-0.23610	0.11285	0.10005
GAG	CAG	GC	-2.32342	0.17056	0.04303	2.32342	0.01670	0.04303
GAG	AAG	GA	-0.99865	0.59334	0.34558	0.99865	0.21857	0.34558
GAG	GTG	AT	-0.54684	0.08320	0.06252	0.54684	0.04815	0.06252
GAG	GCG	AC	-2.78858	0.17056	0.03117	2.78858	0.01049	0.03117
GAG	GAT	GT	-0.17981	0.08320	0.07595	0.17981	0.06951	0.07595
GAG	GAC	GC	-0.71482	0.17056	0.11680	0.71482	0.08345	0.11680
GAG	GAA	GA	-0.95092	0.59334	0.35528	0.95092	0.22926	0.35528
GGT	TGT	GT	-1.45911	0.00556	0.00246	1.45911	0.00129	0.00246
GGT	CGT	GC	-1.78053	0.01140	0.00412	1.78053	0.00192	0.00412
GGT	AGT	GA	0.78024	0.03967	0.05714	-0.78024	0.08656	0.05714
GGT	GTT	GT	1.18380	0.00556	0.00949	-1.18380	0.01817	0.00949
GGT	GCT	GC	0.53470	0.01140	0.01472	-0.53470	0.01947	0.01472
GGT	GAT	GA	2.20601	0.03967	0.09835	-2.20601	0.36019	0.09835
GGC	TGC	GT	-1.03989	0.01226	0.00697	1.03989	0.00433	0.00697
GGC	CGC	GC	-0.79111	0.02513	0.01649	0.79111	0.01139	0.01649
GGC	AGC	GA	-1.00336	0.08742	0.05078	1.00336	0.03205	0.05078
GGC	GTC	GT	0.31362	0.01226	0.01428	-0.31362	0.01677	0.01428
GGC	GCC	GC	-0.86758	0.02513	0.01579	0.86758	0.01055	0.01579
GGC	GAC	GA	1.59870	0.08742	0.17517	-1.59870	0.43244	0.17517
GGC	GGT	CT	-0.07230	0.06352	0.06125	0.07230	0.05909	0.06125
GGA	CGA	GC	-9.31034	0.01105	0.00001	9.31034	0.00000	0.00000
GGA	AGA	GA	-0.81473	0.03845	0.02489	0.81473	0.01702	0.02489
GGA	GTA	GT	-1.30101	0.00539	0.00262	1.30101	0.00147	0.00262
GGA	GCA	GC	-0.04278	0.01105	0.01082	0.04278	0.01059	0.01082
GGA	GAA	GA	1.78559	0.03845	0.08248	-1.78559	0.22926	0.08248
GGA	GGT	AT	0.35069	0.00539	0.00639	-0.35069	0.00766	0.00639
GGA	GGC	AC	0.42300	0.01105	0.01355	-0.42300	0.01687	0.01355
GGG	TGG	GT	0.12718	0.01126	0.01199	-0.12718	0.01279	0.01199
GGG	CGG	GC	-2.14948	0.02309	0.00655	2.14948	0.00269	0.00655
GGG	AGG	GA	-1.00104	0.08032	0.04672	1.00104	0.02952	0.04672
GGG	GTG	GT	1.15113	0.01126	0.01896	-1.15113	0.03561	0.01896
GGG	GCG	GC	-1.09061	0.02309	0.01274	1.09061	0.00776	0.01274
GGG	GAG	GA	1.69797	0.08032	0.16694	-1.69797	0.43878	0.16694
GGG	GGT	GT	-0.68785	0.01126	0.00783	0.68785	0.00566	0.00783
GGG	GGC	GC	-0.61555	0.02309	0.01671	0.61555	0.01248	0.01671
GGG	GGA	GA	-1.03855	0.08032	0.04570	1.03855	0.02843	0.04570


Histograms
2Ns	FMut	FSub(CodonUsage)	FSubw(after w)

-8.86699	0.00335	0.00001
-7.98029	0.00076	0.00000
-7.09359	0.00181	0.00001
-6.20689	0.01454	0.00020
-5.32019	0.00000	0.00000
-4.43350	0.00434	0.00032
-3.54680	0.02437	0.00379
-2.66010	0.07570	0.02301
-1.77340	0.24442	0.11928
-0.88670	0.30572	0.25795
0.00000	0.14384	0.19087
0.88670	0.13136	0.25795
1.77340	0.04245	0.11928
2.66010	0.00646	0.02301
3.54680	0.00080	0.00379
4.43350	0.00005	0.00032
5.32019	0.00000	0.00000
6.20689	0.00002	0.00020
7.09359	0.00000	0.00001
7.98029	0.00000	0.00000
8.86699	0.00000	0.00000

Proportion of advantageous (S > 0) mutations:
 0.24652

Proportions of good & bad mutations (|S| > 2.0000) among mutations:
0.01171  0.16349

mean |Ns| = 1.36198	mean Ns+ = 0.85419	mean Ns- = -1.52812


MLEs of dN/dS (w) for site classes (K=4)

site class             0        1       2a       2b
proportion       0.78249  0.06746  0.13814  0.01191
background w     0.11941  2.34835  0.11941  2.34835
foreground w     0.11941  2.34835  1.10329  1.10329

Naive Empirical Bayes (NEB) probabilities for 4 classes
(amino acids refer to 1st sequence: Bacu)

   1 M   0.88129 0.00255 0.11552 0.00065 ( 1)
   2 K   0.66442 0.19370 0.10039 0.04149 ( 1)
   3 R   0.85867 0.02780 0.10583 0.00770 ( 1)
   4 T   0.88138 0.00252 0.11545 0.00065 ( 1)
   5 H   0.86123 0.02540 0.10637 0.00701 ( 1)
   6 L   0.81661 0.03911 0.13692 0.00736 ( 1)
   7 F   0.84050 0.02164 0.13351 0.00435 ( 1)
   8 V   0.60301 0.25120 0.09422 0.05158 ( 1)
   9 M   0.63238 0.22302 0.09880 0.04579 ( 1)
  10 A   0.02467 0.84766 0.03128 0.09639 ( 2)
  11 V   0.86979 0.00592 0.12291 0.00138 ( 1)
  12 Y   0.85111 0.01501 0.13074 0.00315 ( 1)
  13 L   0.81661 0.03911 0.13692 0.00736 ( 1)
  14 L   0.81661 0.03911 0.13692 0.00736 ( 1)
  15 S   0.88525 0.00179 0.11248 0.00048 ( 1)
  16 T   0.84877 0.03426 0.10785 0.00912 ( 1)
  17 C   0.89195 0.00092 0.10686 0.00026 ( 1)
  18 R   0.81045 0.06957 0.10095 0.01902 ( 1)
  19 A   0.86177 0.00898 0.12726 0.00198 ( 1)
  20 E   0.34402 0.14606 0.49578 0.01413 ( 3)
  21 E   0.84472 0.01861 0.13289 0.00379 ( 1)
  22 G   0.87767 0.00314 0.11841 0.00078 ( 1)
  23 L   0.81942 0.03635 0.13739 0.00684 ( 1)
  24 N   0.81312 0.06191 0.10966 0.01531 ( 1)
  25 F   0.85324 0.01345 0.13048 0.00283 ( 1)
  26 P   0.86358 0.00815 0.12646 0.00181 ( 1)
  27 T   0.88172 0.00222 0.11549 0.00057 ( 1)
  28 Y   0.85456 0.01272 0.13001 0.00270 ( 1)
  29 D   0.84092 0.02109 0.13375 0.00424 ( 1)
  30 G   0.87661 0.00342 0.11914 0.00084 ( 1)
  31 K   0.72795 0.13347 0.10999 0.02859 ( 1)
  32 D   0.84138 0.02096 0.13343 0.00423 ( 1)
  33 R   0.86133 0.00924 0.12740 0.00203 ( 1)
  34 V   0.84851 0.01683 0.13116 0.00350 ( 1)
  35 V   0.87111 0.00531 0.12233 0.00125 ( 1)
  36 S   0.85279 0.01390 0.13037 0.00293 ( 1)
  37 L   0.85612 0.01206 0.12924 0.00259 ( 1)
  38 T   0.88234 0.00221 0.11488 0.00057 ( 1)
  39 E   0.84521 0.01848 0.13253 0.00378 ( 1)
  40 K   0.85699 0.01159 0.12892 0.00250 ( 1)
  41 N   0.87733 0.00339 0.11845 0.00084 ( 1)
  42 F   0.85380 0.01333 0.13004 0.00282 ( 1)
  43 K   0.85699 0.01159 0.12892 0.00250 ( 1)
  44 Q   0.84931 0.01594 0.13143 0.00332 ( 1)
  45 V   0.87210 0.00497 0.12175 0.00117 ( 1)
  46 L   0.49105 0.35891 0.08055 0.06950 ( 1)
  47 K   0.85699 0.01159 0.12892 0.00250 ( 1)
  48 K   0.85797 0.01108 0.12855 0.00240 ( 1)
  49 Y   0.36332 0.11555 0.50957 0.01156 ( 3)
  50 D   0.84138 0.02096 0.13343 0.00423 ( 1)
  51 L   0.82715 0.03109 0.13575 0.00601 ( 1)
  52 L   0.87851 0.00318 0.11752 0.00079 ( 1)
  53 C   0.89447 0.00067 0.10466 0.00020 ( 1)
  54 L   0.87852 0.00316 0.11752 0.00079 ( 1)
  55 Y   0.64311 0.21349 0.09840 0.04500 ( 1)
  56 Y   0.36494 0.11591 0.50743 0.01172 ( 3)
  57 H   0.87628 0.00376 0.11903 0.00092 ( 1)
  58 E   0.84492 0.01876 0.13249 0.00383 ( 1)
  59 P   0.86414 0.00815 0.12588 0.00183 ( 1)
  60 V   0.59536 0.25861 0.09270 0.05333 ( 1)
  61 S   0.88168 0.00244 0.11525 0.00063 ( 1)
  62 S   0.86547 0.00607 0.12711 0.00135 ( 1)
  63 D   0.83406 0.02606 0.13475 0.00513 ( 1)
  64 K   0.85773 0.01131 0.12851 0.00245 ( 1)
  65 A   0.01673 0.79443 0.00235 0.18649 ( 2)
  66 A   0.00133 0.89399 0.00166 0.10302 ( 2)
  67 Q   0.84904 0.01620 0.13139 0.00337 ( 1)
  68 K   0.85773 0.01131 0.12851 0.00245 ( 1)
  69 Q   0.21315 0.21917 0.55347 0.01421 ( 3)
  70 F   0.37116 0.10922 0.50836 0.01125 ( 3)
  71 Q   0.85232 0.01427 0.13040 0.00302 ( 1)
  72 M   0.07255 0.76546 0.01177 0.15022 ( 2)
  73 K   0.85773 0.01131 0.12851 0.00245 ( 1)
  74 E   0.85012 0.01562 0.13100 0.00326 ( 1)
  75 I   0.65126 0.20588 0.09926 0.04360 ( 1)
  76 V   0.42521 0.42163 0.06621 0.08695 ( 1)
  77 L   0.81733 0.03856 0.13684 0.00727 ( 1)
  78 E   0.84476 0.01891 0.13246 0.00387 ( 1)
  79 F   0.83422 0.02300 0.13839 0.00439 ( 1)
  80 D   0.51942 0.33117 0.08663 0.06278 ( 1)
  81 E   0.84169 0.01743 0.13749 0.00339 ( 1)
  82 E   0.84169 0.01743 0.13749 0.00339 ( 1)
  83 G   0.86325 0.00466 0.13110 0.00099 ( 1)
  84 S   0.84361 0.01607 0.13718 0.00314 ( 1)
  85 L   0.43066 0.41879 0.07376 0.07679 ( 1)
  86 Y   0.84566 0.01465 0.13680 0.00289 ( 1)
  87 V   0.75121 0.10984 0.11600 0.02295 ( 1)
  88 L   0.86452 0.00431 0.13024 0.00093 ( 1)
  89 K   0.84717 0.01363 0.13650 0.00270 ( 1)
  90 G   0.87516 0.00119 0.12336 0.00028 ( 1)
  91 D   0.82769 0.02813 0.13889 0.00529 ( 1)
  92 R   0.85053 0.01145 0.13572 0.00230 ( 1)
  93 T   0.67592 0.18012 0.10787 0.03609 ( 1)
  94 I   0.84835 0.01285 0.13624 0.00255 ( 1)
  95 E   0.83711 0.02080 0.13810 0.00400 ( 1)
  96 F   0.83496 0.02259 0.13812 0.00432 ( 1)
  97 D   0.82769 0.02813 0.13889 0.00529 ( 1)
  98 G   0.86377 0.00444 0.13084 0.00095 ( 1)
  99 E   0.83711 0.02080 0.13810 0.00400 ( 1)
 100 F   0.83422 0.02300 0.13839 0.00439 ( 1)
 101 A   0.85324 0.01030 0.13436 0.00210 ( 1)
 102 A   0.85334 0.00974 0.13495 0.00197 ( 1)
 103 D   0.82783 0.02810 0.13878 0.00529 ( 1)
 104 V   0.85883 0.00671 0.13306 0.00140 ( 1)
 105 L   0.82189 0.03283 0.13916 0.00611 ( 1)
 106 V   0.83903 0.01936 0.13786 0.00374 ( 1)
 107 E   0.83711 0.02080 0.13810 0.00400 ( 1)
 108 F   0.83430 0.02292 0.13841 0.00437 ( 1)
 109 L   0.86474 0.00406 0.13032 0.00087 ( 1)
 110 L   0.82189 0.03283 0.13916 0.00611 ( 1)
 111 D   0.83327 0.02384 0.13835 0.00454 ( 1)
 112 L   0.80872 0.06324 0.11313 0.01491 ( 1)
 113 I   0.68819 0.17037 0.10573 0.03572 ( 1)
 114 E   0.84751 0.01578 0.13350 0.00321 ( 1)
 115 D   0.83882 0.02158 0.13534 0.00426 ( 1)
 116 P   0.85846 0.01033 0.12899 0.00222 ( 1)
 117 V   0.84707 0.01707 0.13235 0.00351 ( 1)
 118 E   0.84486 0.01847 0.13291 0.00376 ( 1)
 119 I   0.85319 0.01342 0.13056 0.00283 ( 1)
 120 I   0.85319 0.01342 0.13056 0.00283 ( 1)
 121 N   0.81495 0.05962 0.11084 0.01458 ( 1)
 122 S   0.88534 0.00157 0.11268 0.00042 ( 1)
 123 K   0.85749 0.01107 0.12906 0.00238 ( 1)
 124 L   0.81757 0.03817 0.13708 0.00718 ( 1)
 125 E   0.85014 0.01520 0.13150 0.00316 ( 1)
 126 V   0.87045 0.00531 0.12301 0.00124 ( 1)
 127 Q   0.85217 0.01400 0.13089 0.00295 ( 1)
 128 A   0.87532 0.00373 0.12004 0.00090 ( 1)
 129 F   0.84152 0.02065 0.13368 0.00415 ( 1)
 130 E   0.84486 0.01847 0.13291 0.00376 ( 1)
 131 R   0.86045 0.00957 0.12789 0.00209 ( 1)
 132 I   0.85789 0.01086 0.12891 0.00234 ( 1)
 133 E   0.84486 0.01847 0.13291 0.00376 ( 1)
 134 D   0.84107 0.02095 0.13377 0.00421 ( 1)
 135 H   0.81164 0.06222 0.11105 0.01510 ( 1)
 136 I   0.85319 0.01342 0.13056 0.00283 ( 1)
 137 K   0.85749 0.01107 0.12906 0.00238 ( 1)
 138 L   0.87787 0.00305 0.11833 0.00075 ( 1)
 139 I   0.85389 0.01276 0.13067 0.00269 ( 1)
 140 G   0.87667 0.00336 0.11915 0.00082 ( 1)
 141 F   0.84152 0.02065 0.13368 0.00415 ( 1)
 142 F   0.85337 0.01332 0.13050 0.00281 ( 1)
 143 K   0.85652 0.01158 0.12942 0.00248 ( 1)
 144 S   0.85237 0.01389 0.13082 0.00292 ( 1)
 145 E   0.84492 0.01841 0.13292 0.00375 ( 1)
 146 D   0.84107 0.02095 0.13377 0.00421 ( 1)
 147 S   0.86198 0.00883 0.12724 0.00195 ( 1)
 148 E   0.84056 0.02261 0.13223 0.00460 ( 1)
 149 Y   0.57283 0.28023 0.08895 0.05799 ( 1)
 150 Y   0.84903 0.01539 0.13242 0.00317 ( 1)
 151 K   0.85331 0.01285 0.13114 0.00270 ( 1)
 152 A   0.86042 0.00907 0.12854 0.00197 ( 1)
 153 F   0.83869 0.02215 0.13477 0.00439 ( 1)
 154 E   0.84708 0.01660 0.13293 0.00339 ( 1)
 155 E   0.84193 0.01994 0.13413 0.00400 ( 1)
 156 A   0.85855 0.01001 0.12929 0.00215 ( 1)
 157 A   0.86042 0.00907 0.12854 0.00197 ( 1)
 158 E   0.84708 0.01660 0.13293 0.00339 ( 1)
 159 H   0.87200 0.00432 0.12267 0.00101 ( 1)
 160 F   0.85023 0.01466 0.13208 0.00303 ( 1)
 161 Q   0.84590 0.01734 0.13322 0.00353 ( 1)
 162 P   0.87959 0.00218 0.11769 0.00054 ( 1)
 163 Y   0.84903 0.01539 0.13242 0.00317 ( 1)
 164 I   0.63944 0.21644 0.09939 0.04472 ( 1)
 165 K   0.85426 0.01232 0.13083 0.00259 ( 1)
 166 F   0.83869 0.02215 0.13477 0.00439 ( 1)
 167 F   0.83869 0.02215 0.13477 0.00439 ( 1)
 168 A   0.86042 0.00907 0.12854 0.00197 ( 1)
 169 T   0.87551 0.00327 0.12043 0.00079 ( 1)
 170 F   0.85017 0.01472 0.13207 0.00304 ( 1)
 171 D   0.83825 0.02245 0.13485 0.00444 ( 1)
 172 K   0.85426 0.01232 0.13083 0.00259 ( 1)
 173 G   0.87399 0.00370 0.12143 0.00088 ( 1)
 174 V   0.86540 0.00763 0.12525 0.00172 ( 1)
 175 A   0.85571 0.01232 0.12933 0.00264 ( 1)
 176 K   0.85020 0.01549 0.13108 0.00324 ( 1)
 177 K   0.85117 0.01491 0.13079 0.00313 ( 1)
 178 L   0.82224 0.03472 0.13640 0.00663 ( 1)
 179 S   0.87979 0.00284 0.11666 0.00072 ( 1)
 180 L   0.82224 0.03472 0.13640 0.00663 ( 1)
 181 K   0.85020 0.01549 0.13108 0.00324 ( 1)
 182 M   0.87587 0.00386 0.11933 0.00094 ( 1)
 183 N   0.88206 0.00234 0.11499 0.00060 ( 1)
 184 E   0.83864 0.02287 0.13392 0.00457 ( 1)
 185 V   0.86539 0.00764 0.12525 0.00173 ( 1)
 186 D   0.83496 0.02541 0.13461 0.00502 ( 1)
 187 F   0.84703 0.01741 0.13197 0.00359 ( 1)
 188 Y   0.84835 0.01662 0.13159 0.00344 ( 1)
 189 E   0.83864 0.02287 0.13392 0.00457 ( 1)
 190 P   0.84971 0.01578 0.13122 0.00328 ( 1)
 191 F   0.83539 0.02511 0.13454 0.00496 ( 1)
 192 M   0.87587 0.00386 0.11933 0.00094 ( 1)
 193 D   0.83491 0.02546 0.13461 0.00503 ( 1)
 194 E   0.83864 0.02287 0.13392 0.00457 ( 1)
 195 P   0.85744 0.01144 0.12865 0.00247 ( 1)
 196 I   0.85156 0.01469 0.13067 0.00308 ( 1)
 197 A   0.86939 0.00602 0.12320 0.00140 ( 1)
 198 I   0.84708 0.01731 0.13205 0.00356 ( 1)
 199 P   0.86854 0.00610 0.12395 0.00140 ( 1)
 200 D   0.83448 0.02556 0.13493 0.00503 ( 1)
 201 K   0.35684 0.12353 0.50748 0.01215 ( 3)
 202 P   0.85673 0.01156 0.12923 0.00248 ( 1)
 203 Y   0.84521 0.01833 0.13272 0.00374 ( 1)
 204 T   0.85343 0.01338 0.13037 0.00282 ( 1)
 205 E   0.84326 0.01959 0.13319 0.00397 ( 1)
 206 E   0.32465 0.17679 0.48210 0.01646 ( 3)
 207 E   0.83812 0.02303 0.13428 0.00458 ( 1)
 208 L   0.87121 0.00512 0.12247 0.00120 ( 1)
 209 V   0.84026 0.02157 0.13385 0.00432 ( 1)
 210 E   0.32547 0.17796 0.47985 0.01672 ( 3)
 211 F   0.83503 0.02544 0.13451 0.00503 ( 1)
 212 V   0.83963 0.02218 0.13374 0.00445 ( 1)
 213 K   0.84896 0.01620 0.13147 0.00337 ( 1)
 214 E   0.83748 0.02364 0.13417 0.00470 ( 1)
 215 H   0.88170 0.00246 0.11521 0.00063 ( 1)
 216 Q   0.84440 0.01897 0.13277 0.00387 ( 1)
 217 P   0.83647 0.02034 0.13933 0.00386 ( 1)
 218 T   0.85090 0.01063 0.13634 0.00212 ( 1)
 219 L   0.83407 0.02209 0.13968 0.00417 ( 1)
 220 R   0.76315 0.09698 0.12008 0.01979 ( 1)
 221 R   0.83763 0.01938 0.13930 0.00369 ( 1)
 222 L   0.81217 0.04056 0.13988 0.00739 ( 1)
 223 R   0.83779 0.01923 0.13933 0.00366 ( 1)
 224 P   0.83422 0.02203 0.13960 0.00416 ( 1)
 225 E   0.82944 0.02587 0.13986 0.00484 ( 1)
 226 D   0.81708 0.03628 0.13998 0.00665 ( 1)
 227 M   0.85490 0.00746 0.13614 0.00150 ( 1)
 228 F   0.82270 0.03149 0.14000 0.00582 ( 1)
 229 E   0.82910 0.02610 0.13993 0.00487 ( 1)
 230 T   0.83774 0.01926 0.13933 0.00366 ( 1)
 231 W   0.81415 0.03882 0.13994 0.00709 ( 1)
 232 E   0.85068 0.01508 0.13109 0.00315 ( 1)
 233 D   0.83450 0.02563 0.13482 0.00505 ( 1)
 234 D   0.83450 0.02563 0.13482 0.00505 ( 1)
 235 L   0.82794 0.03037 0.13581 0.00588 ( 1)
 236 N   0.87738 0.00334 0.11846 0.00082 ( 1)
 237 G   0.87857 0.00303 0.11764 0.00076 ( 1)
 238 I   0.85376 0.01331 0.13012 0.00282 ( 1)
 239 H   0.88983 0.00107 0.10880 0.00030 ( 1)
 240 I   0.85849 0.01076 0.12841 0.00233 ( 1)
 241 V   0.84758 0.01695 0.13197 0.00350 ( 1)
 242 A   0.87612 0.00368 0.11930 0.00090 ( 1)
 243 F   0.84292 0.02014 0.13284 0.00409 ( 1)
 244 A   0.87638 0.00351 0.11926 0.00086 ( 1)
 245 E   0.84535 0.01835 0.13255 0.00375 ( 1)
 246 R   0.88888 0.00116 0.10964 0.00032 ( 1)
 247 S   0.85292 0.01378 0.13039 0.00291 ( 1)
 248 D   0.83450 0.02563 0.13482 0.00505 ( 1)
 249 P   0.85665 0.01173 0.12911 0.00251 ( 1)
 250 D   0.83396 0.02589 0.13506 0.00508 ( 1)
 251 G   0.87668 0.00335 0.11915 0.00082 ( 1)
 252 Y   0.85405 0.01321 0.12994 0.00280 ( 1)
 253 E   0.84488 0.01845 0.13291 0.00376 ( 1)
 254 F   0.85339 0.01330 0.13051 0.00280 ( 1)
 255 L   0.81759 0.03815 0.13708 0.00718 ( 1)
 256 E   0.84488 0.01845 0.13291 0.00376 ( 1)
 257 I   0.85321 0.01340 0.13056 0.00282 ( 1)
 258 L   0.81760 0.03814 0.13708 0.00718 ( 1)
 259 K   0.85654 0.01156 0.12942 0.00248 ( 1)
 260 Q   0.84896 0.01592 0.13182 0.00330 ( 1)
 261 V   0.87144 0.00495 0.12244 0.00116 ( 1)
 262 A   0.86399 0.00781 0.12645 0.00174 ( 1)
 263 R   0.89219 0.00078 0.10681 0.00022 ( 1)
 264 D   0.84109 0.02093 0.13378 0.00420 ( 1)
 265 N   0.87657 0.00338 0.11922 0.00083 ( 1)
 266 T   0.88768 0.00133 0.11062 0.00036 ( 1)
 267 D   0.84109 0.02093 0.13378 0.00420 ( 1)
 268 N   0.87657 0.00338 0.11922 0.00083 ( 1)
 269 P   0.87535 0.00372 0.12003 0.00090 ( 1)
 270 D   0.58072 0.27225 0.09236 0.05467 ( 1)
 271 L   0.82853 0.03045 0.13508 0.00594 ( 1)
 272 S   0.85426 0.02924 0.10872 0.00778 ( 1)
 273 I   0.85375 0.01303 0.13048 0.00275 ( 1)
 274 V   0.57878 0.27350 0.06958 0.07814 ( 1)
 275 W   0.83015 0.02860 0.13569 0.00556 ( 1)
 276 I   0.85321 0.01340 0.13056 0.00282 ( 1)
 277 D   0.84109 0.02093 0.13378 0.00420 ( 1)
 278 P   0.85608 0.01182 0.12958 0.00252 ( 1)
 279 D   0.83519 0.02492 0.13499 0.00491 ( 1)
 280 D   0.84109 0.02093 0.13378 0.00420 ( 1)
 281 F   0.84154 0.02063 0.13368 0.00415 ( 1)
 282 P   0.87535 0.00372 0.12003 0.00090 ( 1)
 283 L   0.81759 0.03815 0.13708 0.00718 ( 1)
 284 L   0.87876 0.00302 0.11746 0.00075 ( 1)
 285 V   0.87212 0.00496 0.12175 0.00117 ( 1)
 286 A   0.87564 0.00412 0.11924 0.00101 ( 1)
 287 Y   0.85514 0.01261 0.12956 0.00269 ( 1)
 288 W   0.83037 0.02862 0.13543 0.00557 ( 1)
 289 E   0.85056 0.01519 0.13107 0.00317 ( 1)
 290 K   0.85701 0.01158 0.12892 0.00249 ( 1)
 291 T   0.88017 0.00265 0.11651 0.00067 ( 1)
 292 F   0.85382 0.01332 0.13004 0.00282 ( 1)
 293 K   0.85701 0.01158 0.12892 0.00249 ( 1)
 294 I   0.85839 0.01086 0.12840 0.00235 ( 1)
 295 D   0.84140 0.02095 0.13343 0.00422 ( 1)
 296 L   0.85614 0.01204 0.12924 0.00258 ( 1)
 297 F   0.85382 0.01332 0.13004 0.00282 ( 1)
 298 K   0.85701 0.01158 0.12892 0.00249 ( 1)
 299 P   0.85706 0.01146 0.12901 0.00246 ( 1)
 300 Q   0.84933 0.01592 0.13143 0.00331 ( 1)
 301 I   0.85839 0.01086 0.12840 0.00235 ( 1)
 302 G   0.87677 0.00353 0.11883 0.00087 ( 1)
 303 V   0.84746 0.01707 0.13195 0.00352 ( 1)
 304 V   0.84746 0.01707 0.13195 0.00352 ( 1)
 305 N   0.88877 0.00122 0.10968 0.00034 ( 1)
 306 V   0.87211 0.00497 0.12175 0.00117 ( 1)
 307 T   0.86093 0.00959 0.12737 0.00211 ( 1)
 308 D   0.83405 0.02607 0.13474 0.00514 ( 1)
 309 A   0.86377 0.00855 0.12576 0.00192 ( 1)
 310 D   0.84058 0.02174 0.13330 0.00438 ( 1)
 311 S   0.85206 0.01460 0.13026 0.00308 ( 1)
 312 V   0.87064 0.00575 0.12226 0.00135 ( 1)
 313 W   0.82956 0.02941 0.13530 0.00573 ( 1)
 314 M   0.88224 0.00245 0.11468 0.00063 ( 1)
 315 E   0.84442 0.01924 0.13241 0.00393 ( 1)
 316 I   0.85770 0.01151 0.12830 0.00249 ( 1)
 317 P   0.85631 0.01205 0.12906 0.00258 ( 1)
 318 D   0.31499 0.19699 0.46977 0.01825 ( 3)
 319 G   0.89272 0.00091 0.10610 0.00027 ( 1)
 320 D   0.83355 0.02655 0.13466 0.00523 ( 1)
 321 D   0.43079 0.41688 0.06832 0.08402 ( 1)
 322 L   0.81712 0.03877 0.13680 0.00731 ( 1)
 323 P   0.86373 0.00854 0.12582 0.00191 ( 1)
 324 T   0.86028 0.01021 0.12728 0.00224 ( 1)
 325 A   0.86383 0.00850 0.12576 0.00191 ( 1)
 326 E   0.84442 0.01924 0.13241 0.00393 ( 1)
 327 E   0.84442 0.01924 0.13241 0.00393 ( 1)
 328 L   0.81703 0.03886 0.13679 0.00733 ( 1)
 329 E   0.84979 0.01593 0.13095 0.00333 ( 1)
 330 D   0.84058 0.02174 0.13330 0.00438 ( 1)
 331 W   0.82956 0.02941 0.13530 0.00573 ( 1)
 332 I   0.37808 0.09660 0.51530 0.01002 ( 3)
 333 E   0.84442 0.01924 0.13241 0.00393 ( 1)
 334 D   0.83401 0.02636 0.13442 0.00521 ( 1)
 335 V   0.84667 0.01783 0.13183 0.00368 ( 1)
 336 L   0.87842 0.00333 0.11742 0.00083 ( 1)
 337 S   0.88146 0.00263 0.11523 0.00068 ( 1)
 338 G   0.87817 0.00340 0.11759 0.00085 ( 1)
 339 K   0.85630 0.01224 0.12882 0.00264 ( 1)
 340 I   0.89695 0.00057 0.10230 0.00017 ( 1)
 341 N   0.43095 0.03463 0.53033 0.00409 ( 3)
 342 T   0.87979 0.00299 0.11646 0.00076 ( 1)
 343 E   0.84480 0.01888 0.13247 0.00386 ( 1)
 344 D   0.53107 0.32008 0.08580 0.06305 ( 1)
 345 D   0.53692 0.31439 0.08688 0.06180 ( 1)
 346 D   0.84003 0.02205 0.13348 0.00443 ( 1)
 347 N   0.00166 0.79059 0.00021 0.20754 ( 2)
 348 E   0.62305 0.23231 0.09626 0.04838 ( 1)
 349 D   0.53187 0.31930 0.08607 0.06277 ( 1)
 350 E   0.84910 0.01611 0.13145 0.00334 ( 1)
 351 E   0.00551 0.89739 0.00778 0.08933 ( 2)
 352 D   0.51918 0.33162 0.08401 0.06519 ( 1)
 353 E   0.84926 0.01617 0.13120 0.00337 ( 1)
 354 E   0.33924 0.15311 0.49299 0.01465 ( 3)
 355 D   0.06758 0.76991 0.01089 0.15163 ( 2)
 356 D   0.84058 0.02174 0.13330 0.00438 ( 1)
 357 D   0.34312 0.15964 0.48134 0.01590 ( 3)
 358 D   0.84054 0.02178 0.13329 0.00439 ( 1)
 359 D   0.31264 0.20360 0.46377 0.01999 ( 3)
 360 D   0.53023 0.32110 0.08542 0.06324 ( 1)
 361 D   0.84058 0.02174 0.13330 0.00438 ( 1)
 362 N   0.00008 0.82553 0.00001 0.17438 ( 2)
 363 D   0.83321 0.02390 0.13834 0.00456 ( 1)
 364 N   0.87209 0.00191 0.12557 0.00044 ( 1)
 365 S   0.86689 0.00341 0.12895 0.00075 ( 1)
 366 D   0.83284 0.02408 0.13851 0.00458 ( 1)
 367 E   0.83937 0.01841 0.13870 0.00353 ( 1)
 368 E   0.07808 0.73696 0.11730 0.06766 ( 2)
 369 D   0.00695 0.82342 0.00108 0.16855 ( 2)
 370 D   0.33135 0.18295 0.46755 0.01815 ( 3)
 371 D   0.84058 0.02174 0.13330 0.00438 ( 1)
 372 S   0.00044 0.94854 0.00558 0.04544 ( 2)
 373 D   0.06504 0.76713 0.09697 0.07086 ( 2)
 374 D   0.34285 0.15957 0.48171 0.01587 ( 3)
 375 D   0.51462 0.33624 0.08306 0.06608 ( 1)
 376 E   0.00366 0.83137 0.00059 0.16438 ( 2)
 377 D   0.83894 0.02311 0.13331 0.00465 ( 1)


lnL = -3072.075357

Bayes Empirical Bayes (BEB) probabilities for 4 classes (class)
(amino acids refer to 1st sequence: Bacu)

   1 M   0.89975 0.06268 0.03452 0.00305 ( 1)
   2 K   0.26926 0.67633 0.01423 0.04018 ( 2)
   3 R   0.47528 0.48596 0.01625 0.02251 ( 2)
   4 T   0.89997 0.06255 0.03444 0.00304 ( 1)
   5 H   0.48480 0.47639 0.01667 0.02214 ( 1)
   6 L   0.76232 0.17473 0.05115 0.01180 ( 1)
   7 F   0.80277 0.14122 0.04721 0.00880 ( 1)
   8 V   0.24145 0.70101 0.01381 0.04373 ( 2)
   9 M   0.25362 0.68892 0.01451 0.04295 ( 2)
  10 A   0.00391 0.89038 0.00375 0.10195 ( 2)
  11 V   0.86920 0.08711 0.03906 0.00463 ( 1)
  12 Y   0.82436 0.12361 0.04470 0.00733 ( 1)
  13 L   0.76232 0.17473 0.05115 0.01180 ( 1)
  14 L   0.76232 0.17473 0.05115 0.01180 ( 1)
  15 S   0.91009 0.05455 0.03279 0.00257 ( 1)
  16 T   0.45300 0.50623 0.01650 0.02428 ( 2)
  17 C   0.92660 0.04182 0.02972 0.00185 ( 1)
  18 R   0.34466 0.61439 0.01204 0.02890 ( 2)
  19 A   0.85015 0.10200 0.04212 0.00573 ( 1)
  20 E   0.15048 0.44578 0.34290 0.06084 ( 2)
  21 E   0.81151 0.13371 0.04658 0.00820 ( 1)
  22 G   0.89217 0.06815 0.03626 0.00342 ( 1)
  23 L   0.76690 0.17016 0.05144 0.01149 ( 1)
  24 N   0.38945 0.56555 0.01602 0.02899 ( 2)
  25 F   0.82987 0.11856 0.04457 0.00699 ( 1)
  26 P   0.85474 0.09817 0.04162 0.00547 ( 1)
  27 T   0.90313 0.05942 0.03456 0.00289 ( 1)
  28 Y   0.83281 0.11624 0.04415 0.00680 ( 1)
  29 D   0.80395 0.13995 0.04738 0.00873 ( 1)
  30 G   0.88926 0.07047 0.03670 0.00357 ( 1)
  31 K   0.30718 0.63869 0.01624 0.03789 ( 2)
  32 D   0.80459 0.13966 0.04707 0.00867 ( 1)
  33 R   0.84891 0.10308 0.04221 0.00581 ( 1)
  34 V   0.81829 0.12895 0.04505 0.00771 ( 1)
  35 V   0.87336 0.08353 0.03871 0.00440 ( 1)
  36 S   0.82836 0.12017 0.04439 0.00707 ( 1)
  37 L   0.83586 0.11408 0.04347 0.00659 ( 1)
  38 T   0.90370 0.05928 0.03416 0.00286 ( 1)
  39 E   0.81220 0.13341 0.04625 0.00815 ( 1)
  40 K   0.83792 0.11236 0.04326 0.00647 ( 1)
  41 N   0.89004 0.07018 0.03625 0.00353 ( 1)
  42 F   0.83066 0.11821 0.04420 0.00693 ( 1)
  43 K   0.83792 0.11236 0.04326 0.00647 ( 1)
  44 Q   0.82069 0.12662 0.04514 0.00756 ( 1)
  45 V   0.87600 0.08138 0.03836 0.00426 ( 1)
  46 L   0.20129 0.73655 0.01290 0.04926 ( 2)
  47 K   0.83792 0.11236 0.04326 0.00647 ( 1)
  48 K   0.84023 0.11047 0.04298 0.00632 ( 1)
  49 Y   0.16539 0.43509 0.34409 0.05542 ( 2)
  50 D   0.80459 0.13966 0.04707 0.00867 ( 1)
  51 L   0.77880 0.16131 0.04938 0.01051 ( 1)
  52 L   0.89249 0.06837 0.03573 0.00341 ( 1)
  53 C   0.93312 0.03669 0.02860 0.00159 ( 1)
  54 L   0.89262 0.06824 0.03574 0.00340 ( 1)
  55 Y   0.25904 0.68539 0.01410 0.04147 ( 2)
  56 Y   0.16723 0.43967 0.33823 0.05487 ( 2)
  57 H   0.88661 0.07308 0.03661 0.00370 ( 1)
  58 E   0.81146 0.13414 0.04621 0.00819 ( 1)
  59 P   0.85520 0.09821 0.04116 0.00543 ( 1)
  60 V   0.23851 0.70425 0.01353 0.04371 ( 2)
  61 S   0.90101 0.06163 0.03436 0.00299 ( 1)
  62 S   0.86515 0.08772 0.04225 0.00488 ( 1)
  63 D   0.79084 0.15114 0.04838 0.00964 ( 1)
  64 K   0.83935 0.11133 0.04294 0.00637 ( 1)
  65 A   0.00370 0.94473 0.00014 0.05143 ( 2)
  66 A   0.00049 0.89836 0.00032 0.10083 ( 2)
  67 Q   0.81990 0.12740 0.04509 0.00760 ( 1)
  68 K   0.83935 0.11133 0.04294 0.00637 ( 1)
  69 Q   0.06947 0.35334 0.49262 0.08457 ( 3)
  70 F   0.17309 0.44083 0.33306 0.05302 ( 2)
  71 Q   0.82691 0.12177 0.04418 0.00714 ( 1)
  72 M   0.02061 0.91742 0.00120 0.06077 ( 2)
  73 K   0.83935 0.11133 0.04294 0.00637 ( 1)
  74 E   0.82217 0.12545 0.04492 0.00747 ( 1)
  75 I   0.26295 0.68180 0.01420 0.04105 ( 2)
  76 V   0.16284 0.77943 0.00921 0.04852 ( 2)
  77 L   0.76339 0.17386 0.05102 0.01172 ( 1)
  78 E   0.81106 0.13454 0.04619 0.00821 ( 1)
  79 F   0.79462 0.14407 0.05177 0.00954 ( 1)
  80 D   0.21006 0.72600 0.01405 0.04988 ( 2)
  81 E   0.81056 0.13028 0.05074 0.00842 ( 1)
  82 E   0.81056 0.13028 0.05074 0.00842 ( 1)
  83 G   0.87048 0.07928 0.04566 0.00459 ( 1)
  84 S   0.81501 0.12644 0.05044 0.00811 ( 1)
  85 L   0.18276 0.75023 0.01309 0.05392 ( 2)
  86 Y   0.81993 0.12220 0.05010 0.00777 ( 1)
  87 V   0.32597 0.61835 0.01806 0.03762 ( 2)
  88 L   0.87372 0.07687 0.04501 0.00441 ( 1)
  89 K   0.82365 0.11901 0.04982 0.00752 ( 1)
  90 G   0.91081 0.04633 0.04043 0.00244 ( 1)
  91 D   0.78207 0.15501 0.05246 0.01046 ( 1)
  92 R   0.83242 0.11146 0.04917 0.00694 ( 1)
  93 T   0.27496 0.66593 0.01649 0.04261 ( 2)
  94 I   0.82670 0.11637 0.04961 0.00732 ( 1)
  95 E   0.80053 0.13895 0.05139 0.00912 ( 1)
  96 F   0.79596 0.14304 0.05155 0.00945 ( 1)
  97 D   0.78207 0.15501 0.05246 0.01046 ( 1)
  98 G   0.87220 0.07783 0.04547 0.00449 ( 1)
  99 E   0.80057 0.13891 0.05139 0.00912 ( 1)
 100 F   0.79462 0.14407 0.05177 0.00954 ( 1)
 101 A   0.83831 0.10719 0.04795 0.00655 ( 1)
 102 A   0.84012 0.10489 0.04855 0.00645 ( 1)
 103 D   0.78216 0.15488 0.05249 0.01047 ( 1)
 104 V   0.85633 0.09114 0.04710 0.00543 ( 1)
 105 L   0.77173 0.16409 0.05294 0.01123 ( 1)
 106 V   0.80465 0.13539 0.05113 0.00883 ( 1)
 107 E   0.80053 0.13895 0.05139 0.00912 ( 1)
 108 F   0.79482 0.14387 0.05178 0.00953 ( 1)
 109 L   0.87549 0.07506 0.04514 0.00431 ( 1)
 110 L   0.77173 0.16409 0.05294 0.01123 ( 1)
 111 D   0.79256 0.14602 0.05173 0.00968 ( 1)
 112 L   0.38639 0.56602 0.01722 0.03037 ( 2)
 113 I   0.28199 0.66221 0.01551 0.04029 ( 2)
 114 E   0.81936 0.12577 0.04714 0.00773 ( 1)
 115 D   0.80116 0.14098 0.04889 0.00898 ( 1)
