Supplemental results for CODEML (seqf: /home/leticiamagpali/phd/evol_models/codeml/big_dataset/cml_align/OTOF_codon_aligned.phy  treef: /home/leticiamagpali/phd/evol_models/codeml/big_dataset/cml_trees/gene_trees/H1c_gene_trees/OTOF_tree_H1c.tre)

I	J	ij	2Ns_IJ	pMut_IJ	pSub_IJ	2Ns_JI	pMut_JI	pSub_JI

TTC	TTT	CT	-0.48962	0.07469	0.05789	0.48962	0.04578	0.05789
TTA	TTT	AT	6.57850	0.00001	0.00008	-6.57850	0.00842	0.00008
TTA	TTC	AC	7.06811	0.00002	0.00017	-7.06811	0.02839	0.00017
TTG	TTT	GT	1.34307	0.00246	0.00448	-1.34307	0.00944	0.00448
TTG	TTC	GC	1.83269	0.00509	0.01111	-1.83269	0.03182	0.01111
TTG	TTA	GA	-5.23542	0.01733	0.00049	5.23542	0.00009	0.00049
TCT	TTT	CT	1.57621	0.00946	0.01881	-1.57621	0.04578	0.01881
TCC	TTC	CT	0.83633	0.06688	0.09870	-0.83633	0.15436	0.09870
TCC	TCT	CT	-1.22951	0.06688	0.03399	1.22951	0.01956	0.03399
TCA	TTA	CT	-4.89633	0.01392	0.00051	4.89633	0.00010	0.00051
TCA	TCT	AT	0.10595	0.00324	0.00341	-0.10595	0.00360	0.00341
TCA	TCC	AC	1.33546	0.00669	0.01212	-1.33546	0.02542	0.01212
TCG	TTG	CT	0.84962	0.00936	0.01390	-0.84962	0.02190	0.01390
TCG	TCT	GT	0.61648	0.00218	0.00292	-0.61648	0.00403	0.00292
TCG	TCC	GC	1.84598	0.00450	0.00986	-1.84598	0.02850	0.00986
TCG	TCA	GA	0.51053	0.01531	0.01955	-0.51053	0.02551	0.01955
TAT	TTT	AT	1.08543	0.00284	0.00466	-1.08543	0.00842	0.00466
TAT	TCT	AC	-0.49078	0.00588	0.00455	0.49078	0.00360	0.00455
TAC	TTC	AT	0.59198	0.01571	0.02081	-0.59198	0.02839	0.02081
TAC	TCC	AC	-0.24435	0.03246	0.02866	0.24435	0.02542	0.02866
TAC	TAT	CT	-0.98307	0.06757	0.03971	0.98307	0.02528	0.03971
TGT	TTT	GT	2.00586	0.00127	0.00294	-2.00586	0.00944	0.00294
TGT	TCT	GC	0.42965	0.00262	0.00323	-0.42965	0.00403	0.00323
TGT	TAT	GA	0.92043	0.00893	0.01366	-0.92043	0.02242	0.01366
TGC	TTC	GT	1.69683	0.00583	0.01212	-1.69683	0.03182	0.01212
TGC	TCC	GC	0.86050	0.01205	0.01797	-0.86050	0.02850	0.01797
TGC	TAC	GA	1.10485	0.04102	0.06777	-1.10485	0.12384	0.06777
TGC	TGT	CT	-0.79865	0.02509	0.01639	0.79865	0.01129	0.01639
TGG	TTG	GT	-0.67338	0.00885	0.00621	0.67338	0.00452	0.00621
TGG	TCG	GC	-1.52300	0.01830	0.00777	1.52300	0.00399	0.00777
TGG	TGT	GT	-1.33617	0.00885	0.00422	1.33617	0.00233	0.00422
TGG	TGC	GC	-0.53752	0.01830	0.01382	0.53752	0.01069	0.01382
CTT	TTT	CT	2.17311	0.00521	0.01278	-2.17311	0.04578	0.01278
CTC	TTC	CT	1.00386	0.05657	0.08963	-1.00386	0.15436	0.08963
CTC	CTT	CT	-1.65887	0.05657	0.02206	1.65887	0.01077	0.02206
CTA	TTA	CT	-3.89415	0.00511	0.00041	3.89415	0.00010	0.00041
CTA	CTT	AT	0.51123	0.00119	0.00152	-0.51123	0.00198	0.00152
CTA	CTC	AC	2.17010	0.00245	0.00601	-2.17010	0.02150	0.00601
CTG	TTG	CT	-1.92596	0.15028	0.04938	1.92596	0.02190	0.04938
CTG	CTT	GT	-2.75600	0.03494	0.00653	2.75600	0.00222	0.00653
CTG	CTC	GC	-1.09713	0.07220	0.03969	1.09713	0.02410	0.03969
CTG	CTA	GA	-3.26723	0.24573	0.03181	3.26723	0.00937	0.03181
CCT	TCT	CT	-0.29532	0.02628	0.02259	0.29532	0.01956	0.02259
CCT	CTT	CT	-0.89221	0.02628	0.01628	0.89221	0.01077	0.01628
CCC	TCC	CT	0.52476	0.08178	0.10511	-0.52476	0.13822	0.10511
CCC	CTC	CT	0.35722	0.08178	0.09726	-0.35722	0.11690	0.09726
CCC	CCT	CT	-0.40943	0.08178	0.06618	0.40943	0.05431	0.06618
CCA	TCA	CT	0.43327	0.01865	0.02298	-0.43327	0.02877	0.02298
CCA	CTA	CT	-0.56891	0.01865	0.01385	0.56891	0.01056	0.01385
CCA	CCT	AT	0.83454	0.00434	0.00639	-0.83454	0.00999	0.00639
CCA	CCC	AC	1.24397	0.00896	0.01566	-1.24397	0.03109	0.01566
CCG	TCG	CT	-0.00029	0.01936	0.01935	0.00029	0.01935	0.01935
CCG	CTG	CT	2.77529	0.01936	0.05729	-2.77529	0.31056	0.05729
CCG	CCT	GT	0.91151	0.00450	0.00686	-0.91151	0.01120	0.00686
CCG	CCC	GC	1.32094	0.00930	0.01676	-1.32094	0.03485	0.01676
CCG	CCA	GA	0.07697	0.03165	0.03289	-0.07697	0.03418	0.03289
CAT	TAT	CT	2.10810	0.00307	0.00737	-2.10810	0.02528	0.00737
CAT	CTT	AT	1.02042	0.00071	0.00114	-1.02042	0.00198	0.00114
CAT	CCT	AC	1.91263	0.00148	0.00331	-1.91263	0.00999	0.00331
CAC	TAC	CT	1.50783	0.03091	0.05987	-1.50783	0.13963	0.05987
CAC	CTC	AT	1.09594	0.00719	0.01183	-1.09594	0.02150	0.01183
CAC	CCC	AC	0.73872	0.01485	0.02101	-0.73872	0.03109	0.02101
CAC	CAT	CT	-1.58334	0.03091	0.01264	1.58334	0.00635	0.01264
CAA	CTA	AT	0.22898	0.00154	0.00173	-0.22898	0.00194	0.00173
CAA	CCA	AC	0.79789	0.00319	0.00463	-0.79789	0.00709	0.00463
CAA	CAT	AT	-0.28021	0.00154	0.00134	0.28021	0.00117	0.00134
CAA	CAC	AC	1.30313	0.00319	0.00571	-1.30313	0.01175	0.00571
CAG	CTG	AT	1.34749	0.01485	0.02703	-1.34749	0.05712	0.02703
CAG	CCG	AC	-1.42781	0.03068	0.01382	1.42781	0.00736	0.01382
CAG	CAT	GT	-2.42893	0.01485	0.00349	2.42893	0.00131	0.00349
CAG	CAC	GC	-0.84559	0.03068	0.01952	0.84559	0.01317	0.01952
CAG	CAA	GA	-2.14873	0.10442	0.02962	2.14873	0.01218	0.02962
CGT	TGT	CT	1.03063	0.00403	0.00645	-1.03063	0.01129	0.00645
CGT	CTT	GT	0.86338	0.00094	0.00140	-0.86338	0.00222	0.00140
CGT	CCT	GC	1.75560	0.00193	0.00411	-1.75560	0.01120	0.00411
CGT	CAT	GA	-0.15704	0.00659	0.00608	0.15704	0.00563	0.00608
CGC	TGC	CT	0.26005	0.03997	0.04540	-0.26005	0.05185	0.04540
CGC	CTC	GT	0.95302	0.00929	0.01441	-0.95302	0.02410	0.01441
CGC	CCC	GC	0.59580	0.01920	0.02549	-0.59580	0.03485	0.02549
CGC	CAC	GA	-0.14292	0.06536	0.06080	0.14292	0.05666	0.06080
CGC	CGT	CT	-1.56923	0.03997	0.01649	1.56923	0.00832	0.01649
CGA	CTA	GT	0.10193	0.00197	0.00207	-0.10193	0.00218	0.00207
CGA	CCA	GC	0.67085	0.00406	0.00558	-0.67085	0.00795	0.00558
CGA	CAA	GA	-0.12705	0.01383	0.01297	0.12705	0.01218	0.01297
CGA	CGT	AT	-0.25022	0.00197	0.00173	0.25022	0.00153	0.00173
CGA	CGC	AC	1.31901	0.00406	0.00732	-1.31901	0.01519	0.00732
CGG	TGG	CT	0.32243	0.05702	0.06670	-0.32243	0.07871	0.06670
CGG	CTG	GT	1.57501	0.01325	0.02633	-1.57501	0.06403	0.02633
CGG	CCG	GC	-1.20028	0.02739	0.01416	1.20028	0.00825	0.01416
CGG	CAG	GA	0.22752	0.09323	0.10424	-0.22752	0.11705	0.10424
CGG	CGT	GT	-2.04437	0.01325	0.00403	2.04437	0.00172	0.00403
CGG	CGC	GC	-0.47515	0.02739	0.02140	0.47515	0.01703	0.02140
CGG	CGA	GA	-1.79416	0.09323	0.03336	1.79416	0.01550	0.03336
ATT	TTT	AT	0.34965	0.00594	0.00703	-0.34965	0.00842	0.00703
ATT	CTT	AC	-1.82346	0.01227	0.00431	1.82346	0.00198	0.00431
ATC	TTC	AT	0.32560	0.02050	0.02402	-0.32560	0.02839	0.02402
ATC	CTC	AC	-0.67826	0.04237	0.02961	0.67826	0.02150	0.02961
ATC	ATT	CT	-0.51366	0.08819	0.06747	0.51366	0.05276	0.06747
ATA	TTA	AT	-4.07296	0.00112	0.00008	4.07296	0.00002	0.00008
ATA	CTA	AC	-0.17881	0.00232	0.00212	0.17881	0.00194	0.00212
ATA	ATT	AT	2.15588	0.00112	0.00274	-2.15588	0.00971	0.00274
ATA	ATC	AC	2.66955	0.00232	0.00666	-2.66955	0.03352	0.00666
ATG	TTG	AT	-1.35169	0.01557	0.00735	1.35169	0.00403	0.00735
ATG	CTG	AC	0.57427	0.03217	0.04228	-0.57427	0.05712	0.04228
ATG	ATT	GT	-0.35826	0.01557	0.01294	0.35826	0.01088	0.01294
ATG	ATC	GC	0.15540	0.03217	0.03473	-0.15540	0.03758	0.03473
ATG	ATA	GA	-2.51415	0.10948	0.02424	2.51415	0.00886	0.02424
ACT	TCT	AT	0.07050	0.00335	0.00347	-0.07050	0.00360	0.00347
ACT	CCT	AC	0.36581	0.00693	0.00827	-0.36581	0.00999	0.00827
ACT	ATT	CT	1.29706	0.01442	0.02574	-1.29706	0.05276	0.02574
ACC	TCC	AT	0.85977	0.01076	0.01604	-0.85977	0.02542	0.01604
ACC	CCC	AC	0.33501	0.02224	0.02617	-0.33501	0.03109	0.02617
ACC	ATC	CT	1.37049	0.04629	0.08504	-1.37049	0.18225	0.08504
ACC	ACT	CT	-0.44023	0.04629	0.03685	0.44023	0.02980	0.03685
ACA	TCA	AT	0.70908	0.00260	0.00364	-0.70908	0.00529	0.00364
ACA	CCA	AC	0.27581	0.00538	0.00616	-0.27581	0.00709	0.00616
ACA	ATA	CT	-0.11429	0.01120	0.01057	0.11429	0.00999	0.01057
ACA	ACT	AT	0.74453	0.00260	0.00369	-0.74453	0.00548	0.00369
ACA	ACC	AC	1.18477	0.00538	0.00918	-1.18477	0.01760	0.00918
ACG	TCG	AT	-0.75403	0.00757	0.00507	0.75403	0.00356	0.00507
ACG	CCG	AC	-0.75375	0.01564	0.01048	0.75375	0.00736	0.01048
ACG	ATG	CT	1.44727	0.03255	0.06159	-1.44727	0.13837	0.06159
ACG	ACT	GT	-0.20805	0.00757	0.00681	0.20805	0.00614	0.00681
ACG	ACC	GC	0.23218	0.01564	0.01752	-0.23218	0.01972	0.01752
ACG	ACA	GA	-0.95258	0.05322	0.03184	0.95258	0.02053	0.03184
AAT	TAT	AT	0.43731	0.00300	0.00371	-0.43731	0.00465	0.00371
AAT	CAT	AC	-1.67078	0.00621	0.00240	1.67078	0.00117	0.00240
AAT	ATT	AT	1.17310	0.00300	0.00510	-1.17310	0.00971	0.00510
AAT	ACT	AC	-0.12396	0.00621	0.00583	0.12396	0.00548	0.00583
AAC	TAC	AT	0.43876	0.01656	0.02046	-0.43876	0.02568	0.02046
AAC	CAC	AC	-1.06907	0.03423	0.01913	1.06907	0.01175	0.01913
AAC	ATC	AT	0.70514	0.01656	0.02308	-0.70514	0.03352	0.02308
AAC	ACC	AC	-0.66535	0.03423	0.02409	0.66535	0.01760	0.02409
AAC	AAT	CT	-0.98162	0.07124	0.04191	0.98162	0.02669	0.04191
AAA	CAA	AC	-1.35314	0.00977	0.00461	1.35314	0.00253	0.00461
AAA	ATA	AT	-0.94535	0.00473	0.00284	0.94535	0.00184	0.00284
AAA	ACA	AC	-0.83106	0.00977	0.00627	0.83106	0.00426	0.00627
AAA	AAT	AT	0.03743	0.00473	0.00482	-0.03743	0.00491	0.00482
AAA	AAC	AC	1.01906	0.00977	0.01559	-1.01906	0.02708	0.01559
AAG	CAG	AC	-1.01193	0.06678	0.03859	1.01193	0.02428	0.03859
AAG	ATG	AT	-0.23871	0.03231	0.02861	0.23871	0.02545	0.02861
AAG	ACG	AC	-1.68599	0.06678	0.02560	1.68599	0.01237	0.02560
AAG	AAT	GT	-1.77007	0.03231	0.01174	1.77007	0.00550	0.01174
AAG	AAC	GC	-0.78845	0.06678	0.04388	0.78845	0.03035	0.04388
AAG	AAA	GA	-1.80751	0.22729	0.08063	1.80751	0.03729	0.08063
AGT	TGT	AT	0.09095	0.00190	0.00198	-0.09095	0.00208	0.00198
AGT	CGT	AC	-0.93969	0.00392	0.00236	0.93969	0.00153	0.00236
AGT	ATT	GT	1.74716	0.00190	0.00401	-1.74716	0.01088	0.00401
AGT	ACT	GC	0.45010	0.00392	0.00487	-0.45010	0.00614	0.00487
AGT	AAT	GA	0.57406	0.01333	0.01753	-0.57406	0.02368	0.01753
AGC	TGC	AT	0.13151	0.00836	0.00892	-0.13151	0.00954	0.00892
AGC	CGC	AC	-0.12855	0.01728	0.01619	0.12855	0.01519	0.01619
AGC	ATC	GT	1.50274	0.00836	0.01616	-1.50274	0.03758	0.01616
AGC	ACC	GC	0.13225	0.01728	0.01845	-0.13225	0.01972	0.01845
AGC	AAC	GA	0.79760	0.05881	0.08535	-0.79760	0.13057	0.08535
AGC	AGT	CT	-0.75809	0.03597	0.02404	0.75809	0.01685	0.02404
AGA	CGA	AC	3.38577	0.00011	0.00038	-3.38577	0.00321	0.00038
AGA	ATA	GT	3.66652	0.00005	0.00020	-3.66652	0.00206	0.00020
AGA	ACA	GC	3.78081	0.00011	0.00042	-3.78081	0.00477	0.00042
AGA	AAA	GA	4.61187	0.00037	0.00173	-4.61187	0.03729	0.00173
AGA	AGT	AT	4.07524	0.00005	0.00022	-4.07524	0.00310	0.00022
AGA	AGC	AC	4.83333	0.00011	0.00053	-4.83333	0.01367	0.00053
AGG	TGG	AT	3.12229	0.00064	0.00208	-3.12229	0.01448	0.00208
AGG	CGG	AC	2.79987	0.00132	0.00393	-2.79987	0.02167	0.00393
AGG	ATG	GT	3.80060	0.00064	0.00248	-3.80060	0.02853	0.00248
AGG	ACG	GC	2.35333	0.00132	0.00343	-2.35333	0.01387	0.00343
AGG	AAG	GA	4.03932	0.00449	0.01845	-4.03932	0.25476	0.01845
AGG	AGT	GT	1.69518	0.00064	0.00132	-1.69518	0.00347	0.00132
AGG	AGC	GC	2.45327	0.00132	0.00354	-2.45327	0.01532	0.00354
AGG	AGA	GA	-2.38006	0.00449	0.00109	2.38006	0.00042	0.00109
GTT	TTT	GT	4.12770	0.00015	0.00064	-4.12770	0.00944	0.00064
GTT	CTT	GC	1.95459	0.00031	0.00072	-1.95459	0.00222	0.00072
GTT	ATT	GA	3.77806	0.00107	0.00414	-3.77806	0.04680	0.00414
GTC	TTC	GT	0.86313	0.01342	0.02004	-0.86313	0.03182	0.02004
GTC	CTC	GC	-0.14073	0.02774	0.02584	0.14073	0.02410	0.02584
GTC	ATC	GA	0.53753	0.09443	0.12207	-0.53753	0.16164	0.12207
GTC	GTT	CT	-3.75419	0.05775	0.00520	3.75419	0.00135	0.00520
GTA	TTA	GT	-4.87058	0.00280	0.00011	4.87058	0.00002	0.00011
GTA	CTA	GC	-0.97643	0.00578	0.00341	0.97643	0.00218	0.00341
GTA	ATA	GA	-0.79762	0.01967	0.01286	0.79762	0.00886	0.01286
GTA	GTT	AT	-2.41979	0.00280	0.00066	2.41979	0.00025	0.00066
GTA	GTC	AC	1.33440	0.00578	0.01047	-1.33440	0.02195	0.01047
GTG	TTG	GT	-1.76154	0.02629	0.00960	1.76154	0.00452	0.00960
GTG	CTG	GC	0.16442	0.05432	0.05891	-0.16442	0.06403	0.05891
GTG	ATG	GA	-0.40985	0.18489	0.14958	0.40985	0.12272	0.14958
GTG	GTT	GT	-4.54617	0.02629	0.00128	4.54617	0.00028	0.00128
GTG	GTC	GC	-0.79198	0.05432	0.03562	0.79198	0.02460	0.03562
GTG	GTA	GA	-2.12638	0.18489	0.05324	2.12638	0.02205	0.05324
GCT	TCT	GT	0.26637	0.00309	0.00352	-0.26637	0.00403	0.00352
GCT	CCT	GC	0.56169	0.00638	0.00834	-0.56169	0.01120	0.00834
GCT	ACT	GA	0.19588	0.02173	0.02393	-0.19588	0.02643	0.02393
GCT	GTT	CT	-2.28512	0.01329	0.00344	2.28512	0.00135	0.00344
GCC	TCC	GT	0.47683	0.01769	0.02224	-0.47683	0.02850	0.02224
GCC	CCC	GC	-0.04793	0.03656	0.03569	0.04793	0.03485	0.03569
GCC	ACC	GA	-0.38294	0.12442	0.10212	0.38294	0.08484	0.10212
GCC	GTC	CT	0.45002	0.07609	0.09449	-0.45002	0.11934	0.09449
GCC	GCT	CT	-1.01905	0.07609	0.04380	1.01905	0.02746	0.04380
GCA	TCA	GT	0.97059	0.00225	0.00351	-0.97059	0.00593	0.00351
GCA	CCA	GC	0.53733	0.00464	0.00600	-0.53733	0.00795	0.00600
GCA	ACA	GA	0.26152	0.01580	0.01796	-0.26152	0.02053	0.01796
GCA	GTA	CT	0.94485	0.00967	0.01494	-0.94485	0.02486	0.01494
GCA	GCT	AT	0.81017	0.00225	0.00328	-0.81017	0.00505	0.00328
GCA	GCC	AC	1.82923	0.00464	0.01012	-1.82923	0.02892	0.01012
GCG	TCG	GT	0.09667	0.00362	0.00380	-0.09667	0.00399	0.00380
GCG	CCG	GC	0.09696	0.00749	0.00785	-0.09696	0.00825	0.00785
GCG	ACG	GA	0.85070	0.02548	0.03783	-0.85070	0.05965	0.03783
GCG	GTG	CT	2.70783	0.01558	0.04521	-2.70783	0.23367	0.04521
GCG	GCT	GT	0.44677	0.00362	0.00449	-0.44677	0.00566	0.00449
GCG	GCC	GC	1.46583	0.00749	0.01427	-1.46583	0.03242	0.01427
GCG	GCA	GA	-0.36340	0.02548	0.02113	0.36340	0.01771	0.02113
GAT	TAT	GT	-0.35868	0.00746	0.00620	0.35868	0.00521	0.00620
GAT	CAT	GC	-2.46678	0.01542	0.00353	2.46678	0.00131	0.00353
GAT	AAT	GA	-0.79599	0.05248	0.03433	0.79599	0.02368	0.03433
GAT	GTT	AT	-3.40095	0.00746	0.00088	3.40095	0.00025	0.00088
GAT	GCT	AC	-1.11583	0.01542	0.00838	1.11583	0.00505	0.00838
GAC	TAC	GT	-0.21991	0.03587	0.03207	0.21991	0.02879	0.03207
GAC	CAC	GC	-1.72774	0.07413	0.02767	1.72774	0.01317	0.02767
GAC	AAC	GA	-0.65867	0.25230	0.17826	0.65867	0.13057	0.17826
GAC	GTC	AT	-0.49107	0.03587	0.02778	0.49107	0.02195	0.02778
GAC	GCC	AC	-0.94109	0.07413	0.04464	0.94109	0.02892	0.04464
GAC	GAT	CT	-0.84431	0.15430	0.09822	0.84431	0.06633	0.09822
GAA	CAA	GC	-1.86467	0.01827	0.00625	1.86467	0.00283	0.00625
GAA	AAA	GA	-0.51153	0.06219	0.04764	0.51153	0.03729	0.04764
GAA	GTA	AT	-0.65926	0.00884	0.00625	0.65926	0.00457	0.00625
GAA	GCA	AC	-1.60411	0.01827	0.00738	1.60411	0.00367	0.00738
GAA	GAT	AT	0.32190	0.00884	0.01034	-0.32190	0.01220	0.01034
GAA	GAC	AC	1.16620	0.01827	0.03095	-1.16620	0.05865	0.03095
GAG	CAG	GC	-1.03061	0.07626	0.04360	1.03061	0.02721	0.04360
GAG	AAG	GA	-0.01869	0.25957	0.25715	0.01869	0.25476	0.25715
GAG	GTG	AT	0.15245	0.03690	0.03979	-0.15245	0.04298	0.03979
GAG	GCG	AC	-2.55538	0.07626	0.01641	2.55538	0.00592	0.01641
GAG	GAT	GT	-0.99277	0.03690	0.02157	0.99277	0.01367	0.02157
GAG	GAC	GC	-0.14847	0.07626	0.07074	0.14847	0.06574	0.07074
GAG	GAA	GA	-1.31467	0.25957	0.12530	1.31467	0.06971	0.12530
GGT	TGT	GT	0.50931	0.00140	0.00178	-0.50931	0.00233	0.00178
GGT	CGT	GC	-0.52132	0.00289	0.00220	0.52132	0.00172	0.00220
GGT	AGT	GA	0.41837	0.00984	0.01204	-0.41837	0.01495	0.01204
GGT	GTT	GT	-1.61253	0.00140	0.00056	1.61253	0.00028	0.00056
GGT	GCT	GC	0.67259	0.00289	0.00397	-0.67259	0.00566	0.00397
GGT	GAT	GA	1.78842	0.00984	0.02112	-1.78842	0.05882	0.02112
GGC	TGC	GT	-0.67545	0.02100	0.01470	0.67545	0.01069	0.01470
GGC	CGC	GC	-0.93550	0.04340	0.02622	0.93550	0.01703	0.02622
GGC	AGC	GA	-0.80695	0.14773	0.09606	0.80695	0.06592	0.09606
GGC	GTC	GT	0.15825	0.02100	0.02271	-0.15825	0.02460	0.02271
GGC	GCC	GC	-0.29177	0.04340	0.03738	0.29177	0.03242	0.03738
GGC	GAC	GA	0.64932	0.14773	0.20085	-0.64932	0.28279	0.20085
GGC	GGT	CT	-1.98341	0.09035	0.02859	1.98341	0.01243	0.02859
GGA	CGA	GC	-0.34317	0.00508	0.00426	0.34317	0.00360	0.00426
GGA	AGA	GA	-3.72894	0.01729	0.00159	3.72894	0.00042	0.00159
GGA	GTA	GT	0.73519	0.00246	0.00347	-0.73519	0.00513	0.00347
GGA	GCA	GC	-0.20966	0.00508	0.00456	0.20966	0.00412	0.00456
GGA	GAA	GA	1.39445	0.01729	0.03205	-1.39445	0.06971	0.03205
GGA	GGT	AT	-0.07207	0.00246	0.00237	0.07207	0.00229	0.00237
GGA	GGC	AC	1.91134	0.00508	0.01139	-1.91134	0.03434	0.01139
GGG	TGG	GT	0.42941	0.01056	0.01299	-0.42941	0.01623	0.01299
GGG	CGG	GC	0.10698	0.02183	0.02302	-0.10698	0.02429	0.02302
GGG	AGG	GA	-2.69288	0.07429	0.01452	2.69288	0.00503	0.01452
GGG	GTG	GT	1.51758	0.01056	0.02053	-1.51758	0.04818	0.02053
GGG	GCG	GC	-1.19025	0.02183	0.01136	1.19025	0.00664	0.01136
GGG	GAG	GA	1.36512	0.07429	0.13620	-1.36512	0.29095	0.13620
GGG	GGT	GT	-1.41607	0.01056	0.00479	1.41607	0.00256	0.00479
GGG	GGC	GC	0.56734	0.02183	0.02860	-0.56734	0.03850	0.02860
GGG	GGA	GA	-1.34400	0.07429	0.03523	1.34400	0.01938	0.03523


Histograms
2Ns	FMut	FSub(CodonUsage)	FSubw(after w)

-6.73154	0.00231	0.00002
-6.05838	0.00000	0.00000
-5.38523	0.00109	0.00004
-4.71208	0.00588	0.00033
-4.03892	0.02684	0.00267
-3.36577	0.01709	0.00280
-2.69261	0.05931	0.01485
-2.01946	0.09296	0.03903
-1.34631	0.16446	0.10046
-0.67315	0.26428	0.23633
0.00000	0.16426	0.20693
0.67315	0.13799	0.23633
1.34631	0.04440	0.10046
2.01946	0.01381	0.03903
2.69261	0.00408	0.01485
3.36577	0.00065	0.00280
4.03892	0.00053	0.00267
4.71208	0.00006	0.00033
5.38523	0.00001	0.00004
6.05838	0.00000	0.00000
6.73154	0.00000	0.00002

Proportion of advantageous (S > 0) mutations:
 0.27713

Proportions of good & bad mutations (|S| > 2.0000) among mutations:
0.00856  0.14016

mean |Ns| = 1.15522	mean Ns+ = 0.71366	mean Ns- = -1.32451


MLEs of dN/dS (w) for site classes (K=4)

site class             0        1       2a       2b
proportion       0.85623  0.13055  0.01147  0.00175
background w     0.04087  1.00000  0.04087  1.00000
foreground w     0.04087  1.00000  3.63253  3.63253

Naive Empirical Bayes (NEB) probabilities for 4 classes
(amino acids refer to 1st sequence: Bacu)

   1 L   0.90590 0.08606 0.00725 0.00079 ( 1)
   2 I   0.95577 0.04082 0.00321 0.00020 ( 1)
   3 G   0.96832 0.02934 0.00223 0.00011 ( 1)
   4 T   0.97769 0.02073 0.00152 0.00006 ( 1)
   5 F   0.95448 0.04200 0.00331 0.00021 ( 1)
   6 R   0.96727 0.03030 0.00232 0.00012 ( 1)
   7 M   0.97411 0.02401 0.00180 0.00008 ( 1)
   8 V   0.94037 0.05485 0.00443 0.00034 ( 1)
   9 L   0.90590 0.08606 0.00725 0.00079 ( 1)
  10 Q   0.95761 0.03915 0.00306 0.00018 ( 1)
  11 K   0.02957 0.96454 0.00013 0.00575 ( 2)
  12 V   0.94026 0.05494 0.00445 0.00035 ( 1)
  13 V   0.94026 0.05494 0.00445 0.00035 ( 1)
  14 E   0.95413 0.04230 0.00336 0.00021 ( 1)
  15 E   0.95413 0.04230 0.00336 0.00021 ( 1)
  16 G   0.01004 0.98404 0.00004 0.00588 ( 2)
  17 H   0.10177 0.89637 0.00010 0.00176 ( 2)
  18 V   0.94026 0.05494 0.00445 0.00035 ( 1)
  19 E   0.95409 0.04231 0.00338 0.00022 ( 1)
  20 V   0.94026 0.05494 0.00445 0.00035 ( 1)
  21 T   0.97633 0.02186 0.00174 0.00007 ( 1)
  22 D   0.95791 0.03881 0.00310 0.00018 ( 1)
  23 M   0.97389 0.02418 0.00185 0.00008 ( 1)
  24 L   0.90570 0.08620 0.00730 0.00080 ( 1)
  25 I   0.94055 0.05542 0.00372 0.00031 ( 1)
  26 D   0.95783 0.03888 0.00310 0.00019 ( 1)
  27 D   0.95791 0.03881 0.00310 0.00018 ( 1)
  28 N   0.07272 0.90912 0.00939 0.00877 ( 2)
  29 N   0.00385 0.93320 0.03530 0.02766 ( 2)
  30 A   0.13765 0.84935 0.00832 0.00468 ( 2)
  31 I   0.03715 0.93571 0.01083 0.01632 ( 2)
  32 I   0.03742 0.93584 0.01068 0.01607 ( 2)
  33 Q   0.00007 0.94288 0.00156 0.05549 ( 2)
  34 E   0.95891 0.03818 0.00275 0.00017 ( 1)
  35 P   0.98420 0.01487 0.00090 0.00003 ( 1)
  36 A   0.97938 0.01934 0.00124 0.00005 ( 1)
  37 V   0.95521 0.04151 0.00308 0.00020 ( 1)
  38 L   0.91000 0.08253 0.00675 0.00072 ( 1)
  39 E   0.95939 0.03768 0.00277 0.00016 ( 1)
  40 M   0.97843 0.02017 0.00135 0.00005 ( 1)
  41 E   0.03986 0.95576 0.00012 0.00427 ( 2)
  42 N   0.54645 0.45034 0.00140 0.00181 ( 1)
  43 L   0.00311 0.99178 0.00001 0.00510 ( 2)
  44 D   0.96333 0.03407 0.00247 0.00014 ( 1)
  45 R   0.97222 0.02589 0.00180 0.00008 ( 1)
  46 L   0.91157 0.08096 0.00676 0.00070 ( 1)
  47 A   0.96889 0.02897 0.00204 0.00010 ( 1)
  48 I   0.02509 0.96868 0.00012 0.00612 ( 2)
  49 R   0.96519 0.03237 0.00232 0.00012 ( 1)
  50 L   0.91000 0.08253 0.00675 0.00072 ( 1)
  51 G   0.00385 0.99358 0.00001 0.00257 ( 2)
  52 D   0.95371 0.04286 0.00322 0.00021 ( 1)
  53 G   0.97295 0.02523 0.00174 0.00008 ( 1)
  54 L   0.31453 0.67741 0.00227 0.00579 ( 2)
  55 D   0.46771 0.52813 0.00158 0.00259 ( 2)
  56 P   0.93578 0.05920 0.00464 0.00038 ( 1)
  57 D   0.96328 0.03410 0.00248 0.00014 ( 1)
  58 S   0.96819 0.02967 0.00205 0.00010 ( 1)
  59 M   0.40223 0.59281 0.00163 0.00333 ( 2)
  60 S   0.93463 0.06061 0.00438 0.00038 ( 1)
  61 L   0.97002 0.02792 0.00197 0.00009 ( 1)
  62 A   0.96220 0.03512 0.00254 0.00014 ( 1)
  63 S   0.96801 0.02977 0.00211 0.00011 ( 1)
  64 V   0.97837 0.02023 0.00135 0.00005 ( 1)
  65 T   0.96408 0.03338 0.00240 0.00013 ( 1)
  66 A   0.96220 0.03512 0.00254 0.00014 ( 1)
  67 L   0.97241 0.02574 0.00177 0.00008 ( 1)
  68 T   0.98170 0.01715 0.00111 0.00004 ( 1)
  69 T   0.98170 0.01715 0.00111 0.00004 ( 1)
  70 N   0.98091 0.01788 0.00117 0.00004 ( 1)
  71 V   0.65804 0.34019 0.00091 0.00086 ( 1)
  72 S   0.96773 0.03005 0.00212 0.00011 ( 1)
  73 N   0.98083 0.01795 0.00118 0.00004 ( 1)
  74 K   0.94911 0.04708 0.00356 0.00025 ( 1)
  75 R   0.94331 0.05243 0.00396 0.00030 ( 1)
  76 S   0.96433 0.03319 0.00235 0.00013 ( 1)
  77 K   0.94524 0.05066 0.00382 0.00028 ( 1)
  78 P   0.94742 0.04867 0.00365 0.00026 ( 1)
  79 D   0.95960 0.03753 0.00271 0.00016 ( 1)
  80 I   0.93402 0.06087 0.00471 0.00040 ( 1)
  81 K   0.94524 0.05066 0.00382 0.00028 ( 1)
  82 M   0.97533 0.02307 0.00154 0.00006 ( 1)
  83 E   0.95559 0.04120 0.00302 0.00019 ( 1)
  84 P   0.94742 0.04867 0.00365 0.00026 ( 1)
  85 S   0.63454 0.36345 0.00100 0.00102 ( 1)
  86 A   0.96535 0.03227 0.00226 0.00012 ( 1)
  87 G   0.96912 0.02884 0.00194 0.00010 ( 1)
  88 R   0.96112 0.03617 0.00255 0.00015 ( 1)
  89 P   0.95691 0.04004 0.00287 0.00018 ( 1)
  90 M   0.97499 0.02340 0.00154 0.00007 ( 1)
  91 D   0.03306 0.96182 0.00012 0.00501 ( 2)
  92 Y   0.45943 0.53624 0.00162 0.00271 ( 2)
  93 Q   0.50667 0.48978 0.00144 0.00212 ( 1)
  94 V   0.97971 0.01906 0.00119 0.00004 ( 1)
  95 S   0.98805 0.01129 0.00064 0.00002 ( 1)
  96 V   0.05076 0.94600 0.00010 0.00314 ( 2)
  97 T   0.97044 0.02763 0.00184 0.00009 ( 1)
  98 V   0.94734 0.04879 0.00360 0.00026 ( 1)
  99 I   0.96247 0.03493 0.00245 0.00014 ( 1)
 100 E   0.96109 0.03621 0.00255 0.00015 ( 1)
 101 A   0.96588 0.03181 0.00219 0.00012 ( 1)
 102 R   0.96682 0.03096 0.00211 0.00011 ( 1)
 103 Q   0.96444 0.03316 0.00227 0.00012 ( 1)
 104 L   0.91141 0.08136 0.00655 0.00069 ( 1)
 105 V   0.94741 0.04872 0.00360 0.00026 ( 1)
 106 G   0.97022 0.02782 0.00187 0.00009 ( 1)
 107 L   0.97605 0.02247 0.00143 0.00006 ( 1)
 108 N   0.98211 0.01682 0.00103 0.00004 ( 1)
 109 M   0.48266 0.51276 0.00184 0.00274 ( 2)
 110 D   0.96498 0.03264 0.00226 0.00012 ( 1)
 111 P   0.96275 0.03470 0.00241 0.00014 ( 1)
 112 V   0.94734 0.04879 0.00360 0.00026 ( 1)
 113 V   0.95516 0.04223 0.00245 0.00017 ( 1)
 114 C   0.98962 0.00982 0.00055 0.00001 ( 1)
 115 V   0.94734 0.04879 0.00360 0.00026 ( 1)
 116 E   0.96109 0.03621 0.00255 0.00015 ( 1)
 117 V   0.94734 0.04879 0.00360 0.00026 ( 1)
 118 G   0.97022 0.02782 0.00187 0.00009 ( 1)
 119 D   0.96467 0.03295 0.00226 0.00012 ( 1)
 120 D   0.96498 0.03264 0.00226 0.00012 ( 1)
 121 K   0.95087 0.04558 0.00332 0.00023 ( 1)
 122 K   0.95090 0.04555 0.00332 0.00023 ( 1)
 123 F   0.03788 0.95770 0.00011 0.00430 ( 2)
 124 T   0.98229 0.01670 0.00097 0.00003 ( 1)
 125 S   0.96932 0.02867 0.00192 0.00010 ( 1)
 126 M   0.97976 0.01900 0.00119 0.00004 ( 1)
 127 K   0.95087 0.04558 0.00332 0.00023 ( 1)
 128 E   0.96109 0.03621 0.00255 0.00015 ( 1)
 129 S   0.96932 0.02867 0.00192 0.00010 ( 1)
 130 T   0.97623 0.02228 0.00143 0.00006 ( 1)
 131 N   0.98208 0.01685 0.00103 0.00004 ( 1)
 132 C   0.98970 0.00975 0.00054 0.00001 ( 1)
 133 P   0.96275 0.03470 0.00241 0.00014 ( 1)
 134 Y   0.95678 0.04018 0.00287 0.00018 ( 1)
 135 Y   0.95678 0.04018 0.00287 0.00018 ( 1)
 136 N   0.98212 0.01682 0.00103 0.00004 ( 1)
 137 E   0.96084 0.03640 0.00260 0.00015 ( 1)
 138 Y   0.92872 0.06248 0.00819 0.00062 ( 1)
 139 F   0.93205 0.05928 0.00809 0.00058 ( 1)
 140 V   0.95377 0.03936 0.00654 0.00032 ( 1)
 141 F   0.40972 0.58123 0.00348 0.00558 ( 2)
 142 D   0.93684 0.05495 0.00770 0.00052 ( 1)
 143 F   0.93323 0.05829 0.00792 0.00056 ( 1)
 144 H   0.98010 0.01568 0.00413 0.00009 ( 1)
 145 V   0.95292 0.04021 0.00654 0.00033 ( 1)
 146 S   0.41362 0.57792 0.00323 0.00522 ( 2)
 147 P   0.91182 0.07822 0.00911 0.00085 ( 1)
 148 D   0.40561 0.58553 0.00336 0.00549 ( 2)
 149 V   0.95377 0.03936 0.00654 0.00032 ( 1)
 150 M   0.95384 0.03930 0.00654 0.00032 ( 1)
 151 F   0.93323 0.05829 0.00792 0.00056 ( 1)
 152 D   0.93684 0.05495 0.00770 0.00052 ( 1)
 153 K   0.92326 0.06755 0.00850 0.00069 ( 1)
 154 I   0.93447 0.05714 0.00785 0.00054 ( 1)
 155 I   0.93447 0.05714 0.00785 0.00054 ( 1)
 156 K   0.92326 0.06755 0.00850 0.00069 ( 1)
 157 I   0.93447 0.05714 0.00785 0.00054 ( 1)
 158 S   0.95290 0.04016 0.00660 0.00033 ( 1)
 159 V   0.92961 0.06385 0.00604 0.00050 ( 1)
 160 I   0.92260 0.07021 0.00659 0.00059 ( 1)
 161 H   0.97848 0.01942 0.00203 0.00007 ( 1)
 162 S   0.95200 0.04349 0.00425 0.00026 ( 1)
 163 K   0.40161 0.59140 0.00248 0.00451 ( 2)
 164 N   0.96725 0.02961 0.00300 0.00014 ( 1)
 165 L   0.89823 0.09241 0.00841 0.00095 ( 1)
 166 L   0.89823 0.09241 0.00841 0.00095 ( 1)
 167 R   0.95568 0.03991 0.00417 0.00024 ( 1)
 168 S   0.96263 0.03344 0.00375 0.00018 ( 1)
 169 G   0.95088 0.04405 0.00477 0.00029 ( 1)
 170 T   0.96616 0.03014 0.00354 0.00016 ( 1)
 171 L   0.89688 0.09336 0.00877 0.00099 ( 1)
 172 V   0.92763 0.06525 0.00657 0.00055 ( 1)
 173 G   0.95121 0.04373 0.00478 0.00029 ( 1)
 174 S   0.94988 0.04498 0.00484 0.00030 ( 1)
 175 F   0.94143 0.05267 0.00551 0.00039 ( 1)
 176 K   0.94595 0.04866 0.00506 0.00033 ( 1)
 177 M   0.96225 0.03373 0.00384 0.00019 ( 1)
 178 D   0.94515 0.04926 0.00524 0.00035 ( 1)
 179 V   0.92763 0.06525 0.00657 0.00055 ( 1)
 180 G   0.95582 0.03958 0.00436 0.00024 ( 1)
 181 T   0.96638 0.02999 0.00347 0.00015 ( 1)
 182 V   0.92763 0.06525 0.00657 0.00055 ( 1)
 183 Y   0.93672 0.05696 0.00588 0.00044 ( 1)
 184 S   0.95088 0.04415 0.00468 0.00028 ( 1)
 185 Q   0.94480 0.04959 0.00526 0.00035 ( 1)
 186 P   0.97028 0.02648 0.00312 0.00012 ( 1)
 187 E   0.92950 0.06212 0.00778 0.00059 ( 1)
 188 H   0.98477 0.01424 0.00097 0.00003 ( 1)
 189 Q   0.95551 0.04114 0.00315 0.00020 ( 1)
 190 F   0.95254 0.04387 0.00337 0.00022 ( 1)
 191 H   0.98488 0.01415 0.00094 0.00003 ( 1)
 192 H   0.98495 0.01408 0.00094 0.00003 ( 1)
 193 K   0.94183 0.05362 0.00423 0.00032 ( 1)
 194 W   0.94161 0.05378 0.00429 0.00033 ( 1)
 195 A   0.96309 0.03413 0.00263 0.00014 ( 1)
 196 I   0.95547 0.04105 0.00328 0.00020 ( 1)
 197 L   0.90522 0.08667 0.00730 0.00080 ( 1)
 198 S   0.59714 0.40033 0.00120 0.00134 ( 1)
 199 D   0.49504 0.50097 0.00160 0.00238 ( 2)
 200 P   0.95508 0.04155 0.00317 0.00020 ( 1)
 201 D   0.51222 0.48432 0.00141 0.00205 ( 1)
 202 D   0.95792 0.03895 0.00295 0.00018 ( 1)
 203 I   0.95551 0.04116 0.00313 0.00020 ( 1)
 204 S   0.46925 0.41390 0.11068 0.00617 ( 1)
 205 A   0.98728 0.01190 0.00080 0.00002 ( 1)
 206 G   0.97013 0.02768 0.00210 0.00010 ( 1)
 207 L   0.90712 0.08492 0.00719 0.00078 ( 1)
 208 K   0.01519 0.47179 0.47849 0.03453 ( 3)
 209 G   0.96667 0.03101 0.00221 0.00011 ( 1)
 210 Y   0.40600 0.45891 0.12668 0.00840 ( 2)
 211 V   0.20192 0.48143 0.29440 0.02225 ( 2)
 212 K   0.94714 0.04889 0.00370 0.00027 ( 1)
 213 C   0.98243 0.01627 0.00126 0.00004 ( 1)
 214 D   0.95851 0.03823 0.00308 0.00018 ( 1)
 215 V   0.00210 0.99450 0.00000 0.00340 ( 2)
 216 A   0.96526 0.03210 0.00251 0.00013 ( 1)
 217 V   0.94187 0.05343 0.00437 0.00033 ( 1)
 218 M   0.43479 0.55973 0.00202 0.00346 ( 2)
 219 G   0.96517 0.03217 0.00252 0.00013 ( 1)
 220 K   0.94539 0.05023 0.00409 0.00029 ( 1)
 221 G   0.96966 0.02805 0.00218 0.00010 ( 1)
 222 D   0.95976 0.03712 0.00296 0.00017 ( 1)
 223 N   0.97741 0.02100 0.00154 0.00006 ( 1)
 224 I   0.95736 0.03931 0.00314 0.00019 ( 1)
 225 K   0.94539 0.05023 0.00409 0.00029 ( 1)
 226 T   0.00197 0.99461 0.00000 0.00342 ( 2)
 227 P   0.95745 0.03924 0.00313 0.00019 ( 1)
 228 H   0.98709 0.01202 0.00086 0.00002 ( 1)
 229 K   0.94539 0.05023 0.00409 0.00029 ( 1)
 230 A   0.96548 0.03189 0.00250 0.00013 ( 1)
 231 N   0.97811 0.02030 0.00153 0.00006 ( 1)
 232 E   0.95574 0.04078 0.00327 0.00020 ( 1)
 233 T   0.96532 0.03206 0.00249 0.00013 ( 1)
 234 D   0.03700 0.95814 0.00013 0.00473 ( 2)
 235 E   0.95574 0.04078 0.00327 0.00020 ( 1)
 236 D   0.03541 0.95963 0.00012 0.00484 ( 2)
 237 D   0.95976 0.03712 0.00296 0.00017 ( 1)
 238 I   0.93415 0.06046 0.00498 0.00041 ( 1)
 239 E   0.95574 0.04078 0.00327 0.00020 ( 1)
 240 G   0.96387 0.03290 0.00307 0.00015 ( 1)
 241 N   0.97733 0.02087 0.00173 0.00006 ( 1)
 242 L   0.97155 0.02633 0.00203 0.00009 ( 1)
 243 L   0.90757 0.08449 0.00717 0.00077 ( 1)
 244 L   0.96926 0.02842 0.00222 0.00010 ( 1)
 245 P   0.95643 0.04003 0.00334 0.00020 ( 1)
 246 E   0.03509 0.93502 0.01182 0.01806 ( 2)
 247 G   0.96912 0.02853 0.00225 0.00011 ( 1)
 248 V   0.94200 0.05328 0.00439 0.00033 ( 1)
 249 P   0.95734 0.03928 0.00320 0.00019 ( 1)
 250 P   0.04361 0.95240 0.00011 0.00388 ( 2)
 251 E   0.95609 0.04044 0.00327 0.00020 ( 1)
 252 R   0.96887 0.02877 0.00226 0.00011 ( 1)
 253 Q   0.95932 0.03751 0.00299 0.00017 ( 1)
 254 W   0.94451 0.05102 0.00416 0.00030 ( 1)
 255 A   0.96561 0.03175 0.00251 0.00013 ( 1)
 256 R   0.96179 0.03524 0.00281 0.00016 ( 1)
 257 F   0.95622 0.04034 0.00324 0.00020 ( 1)
 258 Y   0.95079 0.04525 0.00371 0.00025 ( 1)
 259 V   0.94200 0.05328 0.00439 0.00033 ( 1)
 260 K   0.94552 0.05008 0.00410 0.00029 ( 1)
 261 I   0.40983 0.58398 0.00219 0.00400 ( 2)
 262 Y   0.95148 0.04466 0.00363 0.00024 ( 1)
 263 R   0.98460 0.01509 0.00030 0.00001 ( 1)
 264 A   0.97718 0.02114 0.00162 0.00006 ( 1)
 265 E   0.95588 0.04063 0.00329 0.00020 ( 1)
 266 G   0.96884 0.02873 0.00233 0.00011 ( 1)
 267 L   0.90721 0.08481 0.00720 0.00078 ( 1)
 268 P   0.95781 0.03887 0.00314 0.00019 ( 1)
 269 R   0.57802 0.41906 0.00135 0.00157 ( 1)
 270 M   0.97558 0.02260 0.00175 0.00007 ( 1)
 271 N   0.97813 0.02026 0.00155 0.00006 ( 1)
 272 T   0.96161 0.03543 0.00280 0.00016 ( 1)
 273 S   0.73355 0.26512 0.00078 0.00056 ( 1)
 274 L   0.96862 0.02899 0.00228 0.00011 ( 1)
 275 M   0.97558 0.02260 0.00175 0.00007 ( 1)
 276 A   0.96561 0.03175 0.00251 0.00013 ( 1)
 277 N   0.97813 0.02026 0.00155 0.00006 ( 1)
 278 M   0.97558 0.02260 0.00175 0.00007 ( 1)
 279 K   0.94552 0.05008 0.00410 0.00029 ( 1)
 280 K   0.94588 0.04972 0.00410 0.00029 ( 1)
 281 A   0.96076 0.03629 0.00278 0.00016 ( 1)
 282 F   0.95622 0.04034 0.00324 0.00020 ( 1)
 283 I   0.94162 0.05347 0.00456 0.00034 ( 1)
 284 G   0.98543 0.01354 0.00100 0.00003 ( 1)
 285 E   0.95588 0.04063 0.00329 0.00020 ( 1)
 286 N   0.66448 0.33353 0.00105 0.00094 ( 1)
 287 K   0.94552 0.05008 0.00410 0.00029 ( 1)
 288 D   0.95989 0.03697 0.00297 0.00017 ( 1)
 289 L   0.90721 0.08481 0.00720 0.00078 ( 1)
 290 V   0.03394 0.42786 0.51976 0.01844 ( 3)
 291 D   0.95831 0.03815 0.00335 0.00019 ( 1)
 292 P   0.95599 0.04028 0.00352 0.00021 ( 1)
 293 Y   0.94985 0.04587 0.00402 0.00027 ( 1)
 294 V   0.94039 0.05447 0.00478 0.00036 ( 1)
 295 Q   0.97514 0.02286 0.00192 0.00008 ( 1)
 296 V   0.97353 0.02433 0.00206 0.00008 ( 1)
 297 F   0.95308 0.04306 0.00362 0.00023 ( 1)
 298 F   0.92638 0.06708 0.00601 0.00053 ( 1)
 299 A   0.96094 0.03566 0.00323 0.00017 ( 1)
 300 G   0.96091 0.03566 0.00325 0.00018 ( 1)
 301 Q   0.95472 0.04131 0.00374 0.00023 ( 1)
 302 K   0.94086 0.05392 0.00486 0.00036 ( 1)
 303 G   0.96829 0.02960 0.00201 0.00010 ( 1)
 304 K   0.95006 0.04620 0.00350 0.00024 ( 1)
 305 T   0.97533 0.02298 0.00162 0.00007 ( 1)
 306 S   0.93923 0.05623 0.00421 0.00034 ( 1)
 307 V   0.94671 0.04927 0.00375 0.00027 ( 1)
 308 Q   0.96368 0.03375 0.00243 0.00013 ( 1)
 309 K   0.96523 0.03229 0.00235 0.00013 ( 1)
 310 S   0.98760 0.01165 0.00073 0.00002 ( 1)
 311 S   0.98760 0.01165 0.00073 0.00002 ( 1)
 312 Y   0.95409 0.04252 0.00318 0.00021 ( 1)
 313 E   0.96031 0.03682 0.00272 0.00016 ( 1)
 314 P   0.95700 0.03993 0.00289 0.00018 ( 1)
 315 L   0.91075 0.08184 0.00670 0.00071 ( 1)
 316 W   0.94905 0.04714 0.00356 0.00025 ( 1)
 317 N   0.98659 0.01259 0.00080 0.00002 ( 1)
 318 E   0.96031 0.03682 0.00272 0.00016 ( 1)
 319 Q   0.96378 0.03365 0.00243 0.00013 ( 1)
 320 V   0.95087 0.04552 0.00338 0.00023 ( 1)
 321 V   0.66359 0.33460 0.00094 0.00087 ( 1)
 322 F   0.93516 0.05976 0.00469 0.00039 ( 1)
 323 T   0.96490 0.03262 0.00235 0.00013 ( 1)
 324 D   0.96422 0.03323 0.00242 0.00013 ( 1)
 325 L   0.91075 0.08184 0.00670 0.00071 ( 1)
 326 F   0.95974 0.03735 0.00274 0.00016 ( 1)
 327 P   0.96129 0.03590 0.00266 0.00015 ( 1)
 328 P   0.98396 0.01493 0.00108 0.00003 ( 1)
 329 L   0.97323 0.02497 0.00173 0.00008 ( 1)
 330 C   0.98929 0.01008 0.00061 0.00001 ( 1)
 331 K   0.95006 0.04620 0.00350 0.00024 ( 1)
 332 R   0.97286 0.02530 0.00176 0.00008 ( 1)
 333 M   0.66843 0.32985 0.00090 0.00082 ( 1)
 334 K   0.95414 0.04278 0.00288 0.00019 ( 1)
 335 V   0.95588 0.04087 0.00306 0.00019 ( 1)
 336 Q   0.96368 0.03375 0.00243 0.00013 ( 1)
 337 I   0.96190 0.03537 0.00258 0.00015 ( 1)
 338 R   0.96591 0.03167 0.00230 0.00012 ( 1)
 339 D   0.96422 0.03323 0.00242 0.00013 ( 1)
 340 S   0.93242 0.06226 0.00490 0.00042 ( 1)
 341 D   0.96422 0.03323 0.00242 0.00013 ( 1)
 342 K   0.95006 0.04620 0.00350 0.00024 ( 1)
 343 V   0.97892 0.01971 0.00132 0.00005 ( 1)
 344 N   0.98152 0.01730 0.00114 0.00004 ( 1)
 345 D   0.96420 0.03325 0.00242 0.00013 ( 1)
 346 V   0.44237 0.55279 0.00177 0.00307 ( 2)
 347 A   0.52621 0.37358 0.09560 0.00461 ( 1)
 348 I   0.96178 0.03549 0.00258 0.00015 ( 1)
 349 G   0.96945 0.02843 0.00203 0.00010 ( 1)
 350 T   0.98233 0.01655 0.00109 0.00004 ( 1)
 351 H   0.98962 0.00977 0.00060 0.00001 ( 1)
 352 F   0.96059 0.03657 0.00268 0.00016 ( 1)
 353 I   0.93958 0.05567 0.00440 0.00035 ( 1)
 354 D   0.96416 0.03328 0.00243 0.00013 ( 1)
 355 L   0.25988 0.56336 0.15986 0.01690 ( 2)
 356 R   0.97307 0.02508 0.00177 0.00008 ( 1)
 357 K   0.94999 0.04625 0.00352 0.00024 ( 1)
 358 I   0.44161 0.55286 0.00207 0.00345 ( 2)
 359 S   0.96852 0.02930 0.00208 0.00010 ( 1)
 360 N   0.98149 0.01732 0.00115 0.00004 ( 1)
 361 D   0.53087 0.46589 0.00136 0.00188 ( 1)
 362 G   0.96832 0.02946 0.00212 0.00011 ( 1)
 363 D   0.96357 0.03379 0.00250 0.00014 ( 1)
 364 K   0.96540 0.03214 0.00234 0.00012 ( 1)
 365 G   0.96711 0.03040 0.00237 0.00012 ( 1)
 366 F   0.95970 0.03735 0.00278 0.00016 ( 1)
 367 L   0.91111 0.08158 0.00661 0.00070 ( 1)
 368 P   0.96105 0.03612 0.00268 0.00015 ( 1)
 369 T   0.96900 0.02882 0.00208 0.00010 ( 1)
 370 L   0.91009 0.08238 0.00681 0.00072 ( 1)
 371 G   0.96877 0.02902 0.00211 0.00010 ( 1)
 372 P   0.96119 0.03597 0.00268 0.00015 ( 1)
 373 A   0.06078 0.93669 0.00009 0.00245 ( 2)
 374 W   0.94823 0.04784 0.00368 0.00026 ( 1)
 375 V   0.94570 0.05011 0.00391 0.00028 ( 1)
 376 N   0.98093 0.01781 0.00122 0.00004 ( 1)
 377 M   0.97853 0.02002 0.00139 0.00005 ( 1)
 378 Y   0.95329 0.04320 0.00330 0.00022 ( 1)
 379 G   0.96877 0.02902 0.00211 0.00010 ( 1)
 380 S   0.96785 0.02987 0.00217 0.00011 ( 1)
 381 T   0.96528 0.03220 0.00239 0.00013 ( 1)
 382 R   0.97214 0.02592 0.00186 0.00008 ( 1)
 383 N   0.98093 0.01781 0.00122 0.00004 ( 1)
 384 Y   0.95517 0.04148 0.00315 0.00020 ( 1)
 385 T   0.96906 0.02876 0.00208 0.00010 ( 1)
 386 L   0.91009 0.08238 0.00681 0.00072 ( 1)
 387 L   0.91346 0.07953 0.00635 0.00066 ( 1)
 388 D   0.96297 0.03421 0.00267 0.00015 ( 1)
 389 E   0.95951 0.03750 0.00283 0.00017 ( 1)
 390 H   0.98923 0.01011 0.00064 0.00001 ( 1)
 391 Q   0.96290 0.03442 0.00254 0.00014 ( 1)
 392 D   0.47408 0.40875 0.11109 0.00609 ( 1)
 393 L   0.91009 0.08238 0.00681 0.00072 ( 1)
 394 N   0.98304 0.01578 0.00115 0.00004 ( 1)
 395 E   0.04102 0.95466 0.00012 0.00419 ( 2)
 396 G   0.96898 0.02885 0.00207 0.00010 ( 1)
 397 L   0.91028 0.08224 0.00676 0.00072 ( 1)
 398 G   0.97270 0.02535 0.00187 0.00008 ( 1)
 399 E   0.95900 0.03788 0.00294 0.00017 ( 1)
 400 G   0.96824 0.02944 0.00221 0.00011 ( 1)
 401 V   0.94457 0.05098 0.00415 0.00030 ( 1)
 402 S   0.97934 0.01915 0.00146 0.00005 ( 1)
 403 F   0.95875 0.03806 0.00301 0.00018 ( 1)
 404 R   0.97102 0.02683 0.00205 0.00009 ( 1)
 405 A   0.96787 0.02972 0.00230 0.00011 ( 1)
 406 R   0.96983 0.02774 0.00233 0.00011 ( 1)
 407 L   0.97022 0.02739 0.00229 0.00010 ( 1)
 408 M   0.97645 0.02167 0.00181 0.00007 ( 1)
 409 L   0.90801 0.08394 0.00727 0.00077 ( 1)
 410 G   0.96635 0.03091 0.00261 0.00013 ( 1)
 411 L   0.90801 0.08394 0.00727 0.00077 ( 1)
 412 A   0.98812 0.01077 0.00108 0.00002 ( 1)
 413 V   0.41193 0.58203 0.00213 0.00390 ( 2)
 414 E   0.95436 0.04164 0.00377 0.00023 ( 1)
 415 I   0.95600 0.04016 0.00362 0.00021 ( 1)
 416 L   0.90570 0.08590 0.00758 0.00082 ( 1)
 417 D   0.95793 0.03843 0.00344 0.00020 ( 1)
 418 T   0.58470 0.41219 0.00147 0.00163 ( 1)
 419 S   0.96252 0.03428 0.00304 0.00016 ( 1)
 420 N   0.57970 0.31579 0.10074 0.00377 ( 1)
 421 P   0.93037 0.06350 0.00565 0.00048 ( 1)
 422 E   0.95389 0.04212 0.00376 0.00023 ( 1)
 423 L   0.96736 0.02987 0.00265 0.00013 ( 1)
 424 T   0.97745 0.02065 0.00183 0.00007 ( 1)
 425 S   0.98340 0.01522 0.00134 0.00004 ( 1)
 426 S   0.96232 0.03448 0.00304 0.00016 ( 1)
 427 T   0.96280 0.03397 0.00307 0.00016 ( 1)
 428 E   0.03475 0.93331 0.01271 0.01924 ( 2)
 429 V   0.93698 0.05699 0.00561 0.00042 ( 1)
 430 Q   0.95433 0.04123 0.00420 0.00025 ( 1)
 431 V   0.93689 0.05705 0.00563 0.00043 ( 1)
 432 E   0.95089 0.04429 0.00454 0.00028 ( 1)
 433 Q   0.04909 0.94543 0.00020 0.00528 ( 2)
 434 A   0.96037 0.03570 0.00373 0.00019 ( 1)
 435 T   0.48776 0.50705 0.00216 0.00303 ( 2)
 436 P   0.95025 0.04501 0.00446 0.00028 ( 1)
 437 V   0.96878 0.02808 0.00301 0.00013 ( 1)
 438 S   0.95468 0.04076 0.00432 0.00025 ( 1)
 439 E   0.94535 0.04910 0.00520 0.00034 ( 1)
 440 S   0.98257 0.01638 0.00102 0.00003 ( 1)
 441 C   0.98493 0.01416 0.00088 0.00003 ( 1)
 442 V   0.93928 0.05607 0.00431 0.00034 ( 1)
 443 G   0.96729 0.03048 0.00213 0.00011 ( 1)
 444 K   0.95882 0.03822 0.00279 0.00017 ( 1)
 445 M   0.97315 0.02506 0.00171 0.00008 ( 1)
 446 E   0.95325 0.04332 0.00322 0.00021 ( 1)
 447 E   0.95325 0.04332 0.00322 0.00021 ( 1)
 448 F   0.95337 0.04323 0.00319 0.00021 ( 1)
 449 F   0.92808 0.06622 0.00523 0.00047 ( 1)
 450 L   0.96436 0.03318 0.00233 0.00013 ( 1)
 451 F   0.92808 0.06622 0.00523 0.00047 ( 1)
 452 G   0.96203 0.03531 0.00252 0.00014 ( 1)
 453 A   0.96288 0.03451 0.00247 0.00014 ( 1)
 454 L   0.96043 0.03683 0.00259 0.00015 ( 1)
 455 L   0.90509 0.08697 0.00715 0.00079 ( 1)
 456 E   0.95301 0.04353 0.00324 0.00021 ( 1)
 457 A   0.96288 0.03451 0.00247 0.00014 ( 1)
 458 S   0.92545 0.06861 0.00543 0.00050 ( 1)
 459 M   0.97315 0.02506 0.00171 0.00008 ( 1)
 460 I   0.95421 0.04242 0.00317 0.00021 ( 1)
 461 D   0.95679 0.04001 0.00301 0.00019 ( 1)
 462 R   0.95900 0.03807 0.00277 0.00017 ( 1)
 463 K   0.95897 0.03811 0.00275 0.00017 ( 1)
 464 N   0.98021 0.01861 0.00113 0.00004 ( 1)
 465 G   0.96203 0.03531 0.00252 0.00014 ( 1)
 466 D   0.95706 0.03983 0.00293 0.00018 ( 1)
 467 K   0.94266 0.05299 0.00405 0.00031 ( 1)
 468 P   0.95475 0.04197 0.00309 0.00020 ( 1)
 469 I   0.95466 0.04204 0.00310 0.00020 ( 1)
 470 T   0.62308 0.37447 0.00122 0.00123 ( 1)
 471 F   0.92808 0.06622 0.00523 0.00047 ( 1)
 472 E   0.95301 0.04353 0.00324 0.00021 ( 1)
 473 V   0.97309 0.02513 0.00171 0.00008 ( 1)
 474 T   0.97054 0.02747 0.00190 0.00009 ( 1)
 475 I   0.99560 0.00419 0.00022 0.00000 ( 1)
 476 G   0.96200 0.03522 0.00263 0.00015 ( 1)
 477 N   0.98169 0.01716 0.00111 0.00004 ( 1)
 478 Y   0.95434 0.04233 0.00313 0.00020 ( 1)
 479 G   0.97404 0.02424 0.00164 0.00007 ( 1)
 480 N   0.98200 0.01690 0.00107 0.00004 ( 1)
 481 E   0.96078 0.03642 0.00265 0.00015 ( 1)
 482 V   0.98052 0.01816 0.00127 0.00004 ( 1)
 483 D   0.95478 0.04191 0.00311 0.00020 ( 1)
 484 G   0.97056 0.02737 0.00197 0.00009 ( 1)
 485 L   0.91095 0.08169 0.00666 0.00070 ( 1)
 486 S   0.98296 0.01599 0.00101 0.00003 ( 1)
 487 R   0.95612 0.04043 0.00325 0.00020 ( 1)
 488 P   0.96222 0.03512 0.00252 0.00014 ( 1)
 489 Q   0.48400 0.40723 0.10313 0.00564 ( 1)
 490 R   0.96682 0.03096 0.00211 0.00011 ( 1)
 491 P   0.40272 0.59169 0.00189 0.00370 ( 2)
 492 R   0.54063 0.45610 0.00141 0.00186 ( 1)
 493 P   0.93750 0.05773 0.00440 0.00036 ( 1)
 494 R   0.55842 0.43879 0.00122 0.00157 ( 1)
 495 P   0.93750 0.05773 0.00440 0.00036 ( 1)
