Supplemental results for CODEML (seqf: /home/leticiamagpali/phd/evol_models/codeml/small_dataset/cml_align/MYL1_codon_aligned.phy  treef: /home/leticiamagpali/phd/evol_models/codeml/small_dataset/cml_trees/gene_trees/H3_gene_trees/MYL1_codon_H3.tre)

I	J	ij	2Ns_IJ	pMut_IJ	pSub_IJ	2Ns_JI	pMut_JI	pSub_JI

TTC	TTT	CT	1.08158	0.07693	0.12589	-1.08158	0.22690	0.12589
TTA	TTT	AT	2.47799	0.02122	0.05741	-2.47799	0.25294	0.05741
TTA	TTC	AC	1.39641	0.02424	0.04498	-1.39641	0.09794	0.04498
TTG	TTT	GT	2.27655	0.00490	0.01243	-2.27655	0.04772	0.01243
TTG	TTC	GC	1.19497	0.00559	0.00959	-1.19497	0.01848	0.00959
TTG	TTA	GA	-0.20144	0.02088	0.01885	0.20144	0.01707	0.01885
TCT	TTT	CT	1.08158	0.07693	0.12589	-1.08158	0.22690	0.12589
TCC	TTC	CT	0.00536	0.08739	0.08762	-0.00536	0.08786	0.08762
TCC	TCT	CT	0.00536	0.08739	0.08762	-0.00536	0.08786	0.08762
TCA	TTA	CT	1.19368	0.01344	0.02303	-1.19368	0.04436	0.02303
TCA	TCT	AT	2.59009	0.00735	0.02057	-2.59009	0.09794	0.02057
TCA	TCC	AC	2.58473	0.00839	0.02346	-2.58473	0.11126	0.02346
TCG	TTG	CT	7.80736	0.00000	0.00000	-7.80736	0.01024	0.00003
TCG	TCT	GT	9.00233	0.00000	0.00000	-9.00233	0.01848	0.00002
TCG	TCC	GC	8.99697	0.00000	0.00000	-8.99697	0.02099	0.00002
TCG	TCA	GA	6.41224	0.00000	0.00000	-6.41224	0.00591	0.00006
TAT	TTT	AT	2.19513	0.02816	0.06957	-2.19513	0.25294	0.06957
TAT	TCT	AC	1.11355	0.03216	0.05333	-1.11355	0.09794	0.05333
TAC	TTC	AT	5.48047	0.00041	0.00225	-5.48047	0.09794	0.00225
TAC	TCC	AC	5.47510	0.00047	0.00256	-5.47510	0.11126	0.00256
TAC	TAT	CT	4.36692	0.00075	0.00330	-4.36692	0.05886	0.00330
TGT	TTT	GT	9.95110	0.00000	0.00000	-9.95110	0.04772	0.00002
TGT	TCT	GC	8.86952	0.00000	0.00000	-8.86952	0.01848	0.00002
TGT	TAT	GA	7.75597	0.00000	0.00000	-7.75597	0.02265	0.00008
TGC	TTC	GT	1.10464	0.00612	0.01011	-1.10464	0.01848	0.01011
TGC	TCC	GC	1.09927	0.00699	0.01153	-1.09927	0.02099	0.01153
TGC	TAC	GA	-4.37583	0.02610	0.00145	4.37583	0.00033	0.00145
TGC	TGT	CT	-7.76488	0.01120	0.00004	7.76488	0.00000	0.00000
TGG	TTG	GT	0.05343	0.00204	0.00210	-0.05343	0.00215	0.00210
TGG	TCG	GC	-7.75393	0.00233	0.00001	7.75393	0.00000	0.00000
TGG	TGT	GT	-7.62112	0.00204	0.00001	7.62112	0.00000	0.00000
TGG	TGC	GC	0.14376	0.00233	0.00250	-0.14376	0.00269	0.00250
CTT	TTT	CT	1.11114	0.07469	0.12372	-1.11114	0.22690	0.12372
CTC	TTC	CT	0.69000	0.04407	0.06101	-0.69000	0.08786	0.06101
CTC	CTT	CT	0.66044	0.04407	0.06021	-0.66044	0.08530	0.06021
CTA	TTA	CT	-0.34676	0.06274	0.05249	0.34676	0.04436	0.05249
CTA	CTT	AT	1.02009	0.03429	0.05470	-1.02009	0.09509	0.05470
CTA	CTC	AC	0.35965	0.03916	0.04662	-0.35965	0.05610	0.04662
CTG	TTG	CT	-2.37272	0.10980	0.02678	2.37272	0.01024	0.02678
CTG	CTT	GT	-1.20730	0.06000	0.03090	1.20730	0.01794	0.03090
CTG	CTC	GC	-1.86774	0.06852	0.02338	1.86774	0.01058	0.02338
CTG	CTA	GA	-2.22739	0.25579	0.06885	2.22739	0.02758	0.06885
CCT	TCT	CT	-0.51058	0.14640	0.11219	0.51058	0.08786	0.11219
CCT	CTT	CT	-0.54014	0.14640	0.11040	0.54014	0.08530	0.11040
CCC	TCC	CT	0.00463	0.09934	0.09957	-0.00463	0.09980	0.09957
CCC	CTC	CT	-0.68000	0.09934	0.06936	0.68000	0.05033	0.06936
CCC	CCT	CT	0.52057	0.09934	0.12743	-0.52057	0.16719	0.12743
CCA	TCA	CT	-1.70421	0.08440	0.03199	1.70421	0.01535	0.03199
CCA	CTA	CT	-0.16376	0.08440	0.07768	0.16376	0.07165	0.07768
CCA	CCT	AT	1.39646	0.04612	0.08559	-1.39646	0.18638	0.08559
CCA	CCC	AC	0.87589	0.05267	0.07907	-0.87589	0.12647	0.07907
CCG	TCG	CT	-8.27571	0.01867	0.00004	8.27571	0.00000	0.00000
CCG	CTG	CT	1.90437	0.01867	0.04178	-1.90437	0.12539	0.04178
CCG	CCT	GT	1.23720	0.01020	0.01779	-1.23720	0.03516	0.01779
CCG	CCC	GC	0.71662	0.01165	0.01632	-0.71662	0.02386	0.01632
CCG	CCA	GA	-0.15927	0.04350	0.04013	0.15927	0.03710	0.04013
CAT	TAT	CT	0.51677	0.03511	0.04495	-0.51677	0.05886	0.04495
CAT	CTT	AT	1.60076	0.01918	0.03847	-1.60076	0.09509	0.03847
CAT	CCT	AC	2.14090	0.02191	0.05315	-2.14090	0.18638	0.05315
CAC	TAC	CT	-4.04158	0.04855	0.00351	4.04158	0.00085	0.00351
CAC	CTC	AT	0.74889	0.02653	0.03769	-0.74889	0.05610	0.03769
CAC	CCC	AC	1.42889	0.03030	0.05693	-1.42889	0.12647	0.05693
CAC	CAT	CT	-0.19143	0.04855	0.04405	0.19143	0.04009	0.04405
CAA	CTA	AT	0.93275	0.03143	0.04833	-0.93275	0.07988	0.04833
CAA	CCA	AC	1.09651	0.03589	0.05910	-1.09651	0.10745	0.05910
CAA	CAT	AT	0.35208	0.03143	0.03729	-0.35208	0.04469	0.03729
CAA	CAC	AC	0.54351	0.03589	0.04653	-0.54351	0.06181	0.04653
CAG	CTG	AT	1.08258	0.04735	0.07751	-1.08258	0.13978	0.07751
CAG	CCG	AC	-0.82179	0.05407	0.03486	0.82179	0.02377	0.03486
CAG	CAT	GT	-1.72548	0.04735	0.01770	1.72548	0.00843	0.01770
CAG	CAC	GC	-1.53405	0.05407	0.02281	1.53405	0.01166	0.02281
CAG	CAA	GA	-2.07756	0.20185	0.06004	2.07756	0.02528	0.06004
CGT	TGT	CT	-9.08219	0.04183	0.00004	9.08219	0.00000	0.00000
CGT	CTT	GT	-0.24222	0.02286	0.02020	0.24222	0.01794	0.02020
CGT	CCT	GC	0.29791	0.02610	0.03019	-0.29791	0.03516	0.03019
CGT	CAT	GA	-1.84298	0.09744	0.03379	1.84298	0.01543	0.03379
CGC	TGC	CT	8.03050	0.00000	0.00000	-8.03050	0.01280	0.00003
CGC	CTC	GT	8.44514	0.00000	0.00000	-8.44514	0.01058	0.00002
CGC	CCC	GC	9.12514	0.00000	0.00000	-9.12514	0.02386	0.00002
CGC	CAC	GA	7.69625	0.00000	0.00000	-7.69625	0.02134	0.00007
CGC	CGT	CT	9.34780	0.00000	0.00000	-9.34780	0.04777	0.00004
CGA	CTA	GT	1.99934	0.00204	0.00472	-1.99934	0.01507	0.00472
CGA	CCA	GC	2.16310	0.00233	0.00570	-2.16310	0.02027	0.00570
CGA	CAA	GA	1.06659	0.00870	0.01415	-1.06659	0.02528	0.01415
CGA	CGT	AT	3.26165	0.00204	0.00692	-3.26165	0.05325	0.00692
CGA	CGC	AC	-6.08615	0.00233	0.00003	6.08615	0.00000	0.00000
CGG	TGG	CT	-1.62505	0.02166	0.00863	1.62505	0.00427	0.00863
CGG	CTG	GT	0.80110	0.01184	0.01720	-0.80110	0.02637	0.01720
CGG	CCG	GC	-1.10327	0.01352	0.00741	1.10327	0.00449	0.00741
CGG	CAG	GA	-0.28148	0.05046	0.04369	0.28148	0.03808	0.04369
CGG	CGT	GT	-0.16398	0.01184	0.01089	0.16398	0.01005	0.01089
CGG	CGC	GC	-9.51179	0.01352	0.00001	9.51179	0.00000	0.00000
CGG	CGA	GA	-3.42564	0.05046	0.00581	3.42564	0.00164	0.00581
ATT	TTT	AT	1.77527	0.04286	0.09161	-1.77527	0.25294	0.09161
ATT	CTT	AC	0.66414	0.04894	0.06698	-0.66414	0.09509	0.06698
ATC	TTC	AT	1.26096	0.02776	0.04884	-1.26096	0.09794	0.04884
ATC	CTC	AC	0.57096	0.03170	0.04160	-0.57096	0.05610	0.04160
ATC	ATT	CT	0.56726	0.05079	0.06655	-0.56726	0.08957	0.06655
ATA	TTA	AT	2.31207	0.00490	0.01257	-2.31207	0.04945	0.01257
ATA	CTA	AC	2.65884	0.00559	0.01599	-2.65884	0.07988	0.01599
ATA	ATT	AT	3.01479	0.00490	0.01553	-3.01479	0.09985	0.01553
ATA	ATC	AC	2.44753	0.00559	0.01499	-2.44753	0.06466	0.01499
ATG	TTG	AT	-1.79925	0.06898	0.02460	1.79925	0.01141	0.02460
ATG	CTG	AC	0.57346	0.07878	0.10351	-0.57346	0.13978	0.10351
ATG	ATT	GT	-1.29798	0.06898	0.03364	1.29798	0.01884	0.03364
ATG	ATC	GC	-1.86524	0.07878	0.02692	1.86524	0.01220	0.02692
ATG	ATA	GA	-4.31277	0.29407	0.01722	4.31277	0.00394	0.01722
ACT	TCT	AT	5.48047	0.00041	0.00225	-5.48047	0.09794	0.00225
ACT	CCT	AC	5.99104	0.00047	0.00280	-5.99104	0.18638	0.00280
ACT	ATT	CT	4.78677	0.00075	0.00361	-4.78677	0.08957	0.00361
ACC	TCC	AT	0.89838	0.04531	0.06867	-0.89838	0.11126	0.06867
ACC	CCC	AC	0.89375	0.05174	0.07826	-0.89375	0.12647	0.07826
ACC	ATC	CT	-0.35721	0.08291	0.06898	0.35721	0.05800	0.06898
ACC	ACT	CT	-4.57672	0.08291	0.00394	4.57672	0.00085	0.00394
ACA	TCA	AT	-0.82824	0.03918	0.02517	0.82824	0.01712	0.02517
ACA	CCA	AC	0.87597	0.04475	0.06717	-0.87597	0.10745	0.06717
ACA	ATA	CT	-1.94663	0.07170	0.02324	1.94663	0.01024	0.02324
ACA	ACT	AT	-3.71861	0.03918	0.00362	3.71861	0.00095	0.00362
ACA	ACC	AC	0.85811	0.04475	0.06666	-0.85811	0.10555	0.06666
ACG	TCG	AT	-5.73020	0.00163	0.00003	5.73020	0.00000	0.00000
ACG	CCG	AC	2.54551	0.00186	0.00515	-2.54551	0.02377	0.00515
ACG	ATG	CT	3.87641	0.00299	0.01183	-3.87641	0.14416	0.01183
ACG	ACT	GT	-2.20833	0.00163	0.00045	2.20833	0.00018	0.00045
ACG	ACC	GC	2.36839	0.00186	0.00487	-2.36839	0.01991	0.00487
ACG	ACA	GA	1.51028	0.00696	0.01349	-1.51028	0.03152	0.01349
AAT	TAT	AT	-0.14590	0.07592	0.07052	0.14590	0.06561	0.07052
AAT	CAT	AC	-0.66267	0.08670	0.06112	0.66267	0.04469	0.06112
AAT	ATT	AT	0.27395	0.07592	0.08679	-0.27395	0.09985	0.08679
AAT	ACT	AC	-4.51282	0.08670	0.00434	4.51282	0.00095	0.00434
AAC	TAC	AT	-4.30755	0.07061	0.00415	4.30755	0.00095	0.00415
AAC	CAC	AC	-0.26598	0.08064	0.07039	0.26598	0.06181	0.07039
AAC	ATC	AT	-0.08805	0.07061	0.06755	0.08805	0.06466	0.06755
AAC	ACC	AC	0.26917	0.08064	0.09198	-0.26917	0.10555	0.09198
AAC	AAT	CT	0.20526	0.12922	0.14293	-0.20526	0.15866	0.14293
AAA	CAA	AC	0.17393	0.06153	0.06704	-0.17393	0.07322	0.06704
AAA	ATA	AT	-1.55216	0.05388	0.02247	1.55216	0.01141	0.02247
AAA	ACA	AC	0.39447	0.06153	0.07446	-0.39447	0.09129	0.07446
AAA	AAT	AT	1.18868	0.05388	0.09210	-1.18868	0.17687	0.09210
AAA	AAC	AC	0.98342	0.06153	0.09667	-0.98342	0.16451	0.09667
AAG	CAG	AC	-0.30180	0.14917	0.12779	0.30180	0.11031	0.12779
AAG	ATG	AT	0.20732	0.13061	0.14462	-0.20732	0.16070	0.14462
AAG	ACG	AC	-3.66910	0.14917	0.01432	3.66910	0.00380	0.01432
AAG	AAT	GT	-1.36461	0.13061	0.06116	1.36461	0.03337	0.06116
AAG	AAC	GC	-1.56988	0.14917	0.06153	1.56988	0.03104	0.06153
AAG	AAA	GA	-2.55330	0.55683	0.11998	2.55330	0.04333	0.11998
AGT	TGT	AT	0.84574	0.00000	0.00000	-0.84574	0.00000	0.00000
AGT	CGT	AC	9.92792	0.00000	0.00000	-9.92792	0.05325	0.00003
AGT	ATT	GT	9.02156	0.00000	0.00000	-9.02156	0.01884	0.00002
AGT	ACT	GC	4.23479	0.00000	0.00000	-4.23479	0.00018	0.00001
AGT	AAT	GA	8.74761	0.00000	0.00000	-8.74761	0.06106	0.00008
AGC	TGC	AT	-0.50666	0.02367	0.01818	0.50666	0.01426	0.01818
AGC	CGC	AC	-8.53716	0.02704	0.00005	8.53716	0.00000	0.00000
AGC	ATC	GT	-0.66298	0.02367	0.01669	0.66298	0.01220	0.01669
AGC	ACC	GC	-0.30576	0.02704	0.02311	0.30576	0.01991	0.02311
AGC	AAC	GA	-0.57493	0.10093	0.07468	0.57493	0.05680	0.07468
AGC	AGT	CT	-9.11728	0.04332	0.00004	9.11728	0.00000	0.00000
AGA	CGA	AC	-1.26115	0.01678	0.00837	1.26115	0.00475	0.00837
AGA	ATA	GT	-1.92065	0.01469	0.00484	1.92065	0.00215	0.00484
AGA	ACA	GC	0.02598	0.01678	0.01700	-0.02598	0.01722	0.01700
AGA	AAA	GA	-0.36849	0.06264	0.05181	0.36849	0.04333	0.05181
AGA	AGT	AT	-7.92742	0.01469	0.00004	7.92742	0.00000	0.00000
AGA	AGC	AC	1.18985	0.01678	0.02870	-1.18985	0.05515	0.02870
AGG	TGG	AT	-1.83528	0.02980	0.01038	1.83528	0.00475	0.01038
AGG	CGG	AC	-0.21023	0.03403	0.03058	0.21023	0.02758	0.03058
AGG	ATG	GT	0.01740	0.02980	0.03006	-0.01740	0.03032	0.03006
AGG	ACG	GC	-3.85901	0.03403	0.00283	3.85901	0.00072	0.00283
AGG	AAG	GA	-0.18992	0.12703	0.11535	0.18992	0.10505	0.11535
AGG	AGT	GT	-10.30214	0.02980	0.00001	10.30214	0.00000	0.00000
AGG	AGC	GC	-1.18487	0.03403	0.01776	1.18487	0.01041	0.01776
AGG	AGA	GA	-2.37472	0.12703	0.03095	2.37472	0.01182	0.03095
GTT	TTT	GT	0.01652	0.04694	0.04733	-0.01652	0.04772	0.04733
GTT	CTT	GC	-1.09461	0.05361	0.02952	1.09461	0.01794	0.02952
GTT	ATT	GA	-1.75875	0.20011	0.07324	1.75875	0.03447	0.07324
GTC	TTC	GT	-0.64166	0.03510	0.02504	0.64166	0.01848	0.02504
GTC	CTC	GC	-1.33166	0.04009	0.01915	1.33166	0.01058	0.01915
GTC	ATC	GA	-1.90262	0.14965	0.04992	1.90262	0.02232	0.04992
GTC	GTT	CT	0.42339	0.06423	0.07879	-0.42339	0.09810	0.07879
GTA	TTA	GT	-0.00629	0.00939	0.00936	0.00629	0.00933	0.00936
GTA	CTA	GC	0.34047	0.01072	0.01265	-0.34047	0.01507	0.01265
GTA	ATA	GA	-2.31837	0.04002	0.01013	2.31837	0.00394	0.01013
GTA	GTT	AT	2.45518	0.00939	0.02521	-2.45518	0.10935	0.02521
GTA	GTC	AC	2.03178	0.01072	0.02507	-2.03178	0.08178	0.02507
GTG	TTG	GT	-2.55664	0.02776	0.00597	2.55664	0.00215	0.00597
GTG	CTG	GC	-0.18392	0.03170	0.02887	0.18392	0.02637	0.02887
GTG	ATG	GA	-0.75739	0.11833	0.07912	0.75739	0.05548	0.07912
GTG	GTT	GT	-0.29662	0.02776	0.02384	0.29662	0.02063	0.02384
GTG	GTC	GC	-0.72001	0.03170	0.02164	0.72001	0.01543	0.02164
GTG	GTA	GA	-2.75179	0.11833	0.02219	2.75179	0.00755	0.02219
GCT	TCT	GT	-1.39132	0.07429	0.03422	1.39132	0.01848	0.03422
GCT	CCT	GC	-0.88074	0.08484	0.05289	0.88074	0.03516	0.05289
GCT	ACT	GA	-6.87178	0.31670	0.00226	6.87178	0.00033	0.00226
GCT	GTT	CT	-0.32627	0.13594	0.11497	0.32627	0.09810	0.11497
GCC	TCC	GT	-1.49359	0.09347	0.04043	1.49359	0.02099	0.04043
GCC	CCC	GC	-1.49822	0.10675	0.04604	1.49822	0.02386	0.04604
GCC	ACC	GA	-2.39197	0.39848	0.09594	2.39197	0.03644	0.09594
GCC	GTC	CT	-0.84657	0.17104	0.10874	0.84657	0.07336	0.10874
GCC	GCT	CT	-0.09691	0.17104	0.16289	0.09691	0.15525	0.16289
GCA	TCA	GT	-3.32983	0.09021	0.01115	3.32983	0.00323	0.01115
GCA	CCA	GC	-1.62562	0.10302	0.04103	1.62562	0.02027	0.04103
GCA	ACA	GA	-2.50159	0.38456	0.08588	2.50159	0.03152	0.08588
GCA	GTA	CT	-2.12986	0.16507	0.04742	2.12986	0.01962	0.04742
GCA	GCT	AT	0.65158	0.09021	0.12276	-0.65158	0.17307	0.12276
GCA	GCC	AC	0.74849	0.10302	0.14634	-0.74849	0.21776	0.14634
GCG	TCG	GT	-9.77288	0.01755	0.00001	9.77288	0.00000	0.00000
GCG	CCG	GC	-1.49717	0.02004	0.00865	1.49717	0.00449	0.00865
GCG	ACG	GA	-4.04268	0.07482	0.00540	4.04268	0.00131	0.00540
GCG	GTG	CT	0.59112	0.03212	0.04254	-0.59112	0.05800	0.04254
GCG	GCT	GT	0.62077	0.01755	0.02356	-0.62077	0.03265	0.02356
GCG	GCC	GC	0.71767	0.02004	0.02809	-0.71767	0.04108	0.02809
GCG	GCA	GA	-0.03082	0.07482	0.07368	0.03082	0.07255	0.07368
GAT	TAT	GT	-1.00677	0.03388	0.01964	1.00677	0.01238	0.01964
GAT	CAT	GC	-1.52354	0.03869	0.01643	1.52354	0.00843	0.01643
GAT	AAT	GA	-0.86087	0.14443	0.09107	0.86087	0.06106	0.09107
GAT	GTT	AT	1.17183	0.03388	0.05752	-1.17183	0.10935	0.05752
GAT	GCT	AC	1.49809	0.03869	0.07465	-1.49809	0.17307	0.07465
GAC	TAC	GT	-6.13031	0.08245	0.00110	6.13031	0.00018	0.00110
GAC	CAC	GC	-2.08873	0.09416	0.02780	2.08873	0.01166	0.02780
GAC	AAC	GA	-1.82275	0.35150	0.12347	1.82275	0.05680	0.12347
GAC	GTC	AT	-0.00818	0.08245	0.08211	0.00818	0.08178	0.08211
GAC	GCC	AC	0.83838	0.09416	0.13908	-0.83838	0.21776	0.13908
GAC	GAT	CT	-0.75662	0.15088	0.10093	0.75662	0.07080	0.10093
GAA	CAA	GC	-2.28092	0.13518	0.03510	2.28092	0.01381	0.03510
GAA	AAA	GA	-2.45486	0.50463	0.11637	2.45486	0.04333	0.11637
GAA	GTA	AT	-1.68865	0.11837	0.04530	1.68865	0.02187	0.04530
GAA	GCA	AC	0.44121	0.13518	0.16719	-0.44121	0.21015	0.16719
GAA	GAT	AT	-0.40530	0.11837	0.09600	0.40530	0.07893	0.09600
GAA	GAC	AC	0.35132	0.13518	0.16031	-0.35132	0.19208	0.16031
GAG	CAG	GC	-1.27016	0.07412	0.03675	1.27016	0.02081	0.03675
GAG	AAG	GA	-0.96836	0.27667	0.16400	0.96836	0.10505	0.16400
GAG	GTG	AT	-0.00366	0.06490	0.06478	0.00366	0.06466	0.06478
GAG	GCG	AC	-0.59478	0.07412	0.05425	0.59478	0.04089	0.05425
GAG	GAT	GT	-1.47210	0.06490	0.02845	1.47210	0.01489	0.02845
GAG	GAC	GC	-0.71549	0.07412	0.05074	0.71549	0.03624	0.05074
GAG	GAA	GA	-1.06680	0.27667	0.15485	1.06680	0.09521	0.15485
GGT	TGT	GT	-10.88688	0.05347	0.00001	10.88688	0.00000	0.00000
GGT	CGT	GC	-1.80469	0.06106	0.02170	1.80469	0.01005	0.02170
GGT	AGT	GA	-11.73262	0.22795	0.00002	11.73262	0.00000	0.00000
GGT	GTT	GT	-0.95231	0.05347	0.03199	0.95231	0.02063	0.03199
GGT	GCT	GC	-0.62604	0.06106	0.04393	0.62604	0.03265	0.04393
GGT	GAT	GA	-2.12413	0.22795	0.06574	2.12413	0.02725	0.06574
GGC	TGC	GT	-3.15094	0.06286	0.00886	3.15094	0.00269	0.00886
GGC	CGC	GC	-11.18144	0.07179	0.00001	11.18144	0.00000	0.00000
GGC	AGC	GA	-2.64429	0.26797	0.05420	2.64429	0.01904	0.05420
GGC	GTC	GT	-1.40465	0.06286	0.02872	1.40465	0.01543	0.02872
GGC	GCC	GC	-0.55808	0.07179	0.05361	0.55808	0.04108	0.05361
GGC	GAC	GA	-1.39646	0.26797	0.12306	1.39646	0.06632	0.12306
GGC	GGT	CT	-0.02895	0.11503	0.11337	0.02895	0.11174	0.11337
GGA	CGA	GC	-2.67762	0.01305	0.00258	2.67762	0.00090	0.00258
GGA	AGA	GA	-1.41646	0.04872	0.02210	1.41646	0.01182	0.02210
GGA	GTA	GT	-1.01875	0.01143	0.00658	1.01875	0.00413	0.00658
GGA	GCA	GC	1.11111	0.01305	0.02162	-1.11111	0.03965	0.02162
GGA	GAA	GA	0.66990	0.04872	0.06685	-0.66990	0.09521	0.06685
GGA	GGT	AT	2.38873	0.01143	0.03006	-2.38873	0.12457	0.03006
GGA	GGC	AC	2.41768	0.01305	0.03464	-2.41768	0.14644	0.03464
GGG	TGG	GT	-0.31121	0.00122	0.00104	0.31121	0.00090	0.00104
GGG	CGG	GC	1.31383	0.00140	0.00251	-1.31383	0.00520	0.00251
GGG	AGG	GA	1.52407	0.00522	0.01017	-1.52407	0.02397	0.01017
GGG	GTG	GT	2.29886	0.00122	0.00313	-2.29886	0.01220	0.00313
GGG	GCG	GC	1.70774	0.00140	0.00292	-1.70774	0.00771	0.00292
GGG	GAG	GA	2.30251	0.00522	0.01336	-2.30251	0.05220	0.01336
GGG	GGT	GT	2.95454	0.00122	0.00382	-2.95454	0.02350	0.00382
GGG	GGC	GC	2.98349	0.00140	0.00439	-2.98349	0.02763	0.00439
GGG	GGA	GA	0.56581	0.00522	0.00684	-0.56581	0.00919	0.00684


Histograms
2Ns	FMut	FSub(CodonUsage)	FSubw(after w)

-11.17392	0.01150	0.00000
-10.05653	0.00527	0.00000
-8.93914	0.01082	0.00002
-7.82174	0.00378	0.00002
-6.70435	0.01051	0.00011
-5.58696	0.01888	0.00051
-4.46957	0.02710	0.00219
-3.35218	0.02521	0.00416
-2.23478	0.23469	0.09129
-1.11739	0.27619	0.22741
0.00000	0.24700	0.34860
1.11739	0.10168	0.22741
2.23478	0.02611	0.09129
3.35218	0.00083	0.00416
4.46957	0.00035	0.00219
5.58696	0.00006	0.00051
6.70435	0.00001	0.00011
7.82174	0.00000	0.00000
8.93914	0.00000	0.00000
10.05653	0.00000	0.00000
11.17392	0.00000	0.00000

Proportion of advantageous (S > 0) mutations:
 0.23667

Proportions of good & bad mutations (|S| > 2.0000) among mutations:
0.01756  0.28774

mean |Ns| = 1.73443	mean Ns+ = 0.77937	mean Ns- = -2.03056


MLEs of dN/dS (w) for site classes (K=4)

site class             0        1       2a       2b
proportion       0.03234  0.00687  0.79254  0.16825
background w     0.08793  2.66518  0.08793  2.66518
foreground w     0.08793  2.66518  0.10711  0.10711

Naive Empirical Bayes (NEB) probabilities for 4 classes
(amino acids refer to 1st sequence: Naasi)

   1 M   0.03608 0.00248 0.88231 0.07913 ( 3)
   2 H   0.03831 0.00059 0.93443 0.02667 ( 3)
   3 A   0.03538 0.00320 0.86575 0.09567 ( 3)
   4 L   0.03704 0.00159 0.90514 0.05624 ( 3)
   5 I   0.02932 0.00594 0.77972 0.18502 ( 3)
   6 P   0.01000 0.02329 0.24473 0.72198 ( 4)
   7 F   0.00894 0.02534 0.21880 0.74691 ( 4)
   8 N   0.03588 0.00270 0.87774 0.08368 ( 3)
   9 A   0.03506 0.00356 0.85814 0.10323 ( 3)
  10 L   0.03520 0.00343 0.86149 0.09988 ( 3)
  11 G   0.03443 0.00428 0.84304 0.11824 ( 3)
  12 P   0.00045 0.03153 0.01113 0.95688 ( 4)
  13 P   0.03539 0.00325 0.86613 0.09522 ( 3)
  14 S   0.03804 0.00081 0.92870 0.03245 ( 3)
  15 R   0.03702 0.00166 0.90496 0.05637 ( 3)
  16 H   0.03747 0.00126 0.91563 0.04563 ( 3)
  17 Q   0.00089 0.02867 0.02168 0.94877 ( 4)
  18 S   0.03708 0.00160 0.90640 0.05492 ( 3)
  19 V   0.03755 0.00125 0.91773 0.04347 ( 3)
  20 D   0.03868 0.00039 0.94390 0.01703 ( 3)
  21 Q   0.03739 0.00139 0.91396 0.04726 ( 3)
  22 A   0.01335 0.01976 0.32651 0.64037 ( 4)
  23 N   0.03762 0.00119 0.91947 0.04171 ( 3)
  24 H   0.01964 0.01293 0.47965 0.48779 ( 4)
  25 H   0.03811 0.00075 0.93038 0.03076 ( 3)
  26 S   0.01343 0.01866 0.32821 0.63970 ( 4)
  27 S   0.03747 0.00125 0.91553 0.04575 ( 3)
  28 S   0.02937 0.04048 0.87439 0.05577 ( 3)
  29 K   0.03638 0.00223 0.88979 0.07160 ( 3)
  30 N   0.03681 0.00183 0.89994 0.06142 ( 3)
  31 Q   0.03741 0.00130 0.91402 0.04727 ( 3)
  32 F   0.03617 0.00244 0.88461 0.07679 ( 3)
  33 D   0.03772 0.00105 0.92129 0.03995 ( 3)
  34 R   0.03660 0.00215 0.89542 0.06584 ( 3)
  35 F   0.02973 0.03523 0.88516 0.04988 ( 3)
  36 F   0.03630 0.00233 0.88792 0.07345 ( 3)
  37 R   0.03701 0.00167 0.90479 0.05653 ( 3)
  38 R   0.01402 0.01356 0.34190 0.63052 ( 4)
  39 F   0.01518 0.01707 0.37098 0.59678 ( 4)
  40 S   0.03711 0.00158 0.90708 0.05423 ( 3)
  41 F   0.00033 0.38361 0.00997 0.60609 ( 4)
  42 F   0.00002 0.02875 0.00047 0.97076 ( 4)
  43 F   0.03622 0.00257 0.88642 0.07480 ( 3)
  44 F   0.03514 0.00348 0.85994 0.10144 ( 3)
  45 K   0.03478 0.00323 0.85014 0.11185 ( 3)
  46 P   0.02941 0.03990 0.87569 0.05500 ( 3)
  47 I   0.00160 0.01958 0.03904 0.93977 ( 4)
  48 L   0.03811 0.00076 0.93049 0.03063 ( 3)
  49 L   0.00080 0.02738 0.01950 0.95233 ( 4)
  50 N   0.03777 0.00102 0.92268 0.03852 ( 3)
  51 T   0.00091 0.02598 0.02231 0.95080 ( 4)
  52 M   0.03741 0.00124 0.91374 0.04761 ( 3)
  53 A   0.03605 0.00249 0.88165 0.07981 ( 3)
  54 P   0.03711 0.00150 0.90671 0.05468 ( 3)
  55 K   0.03669 0.00187 0.89676 0.06468 ( 3)
  56 K   0.03669 0.00187 0.89676 0.06468 ( 3)
  57 D   0.03815 0.00066 0.93053 0.03066 ( 3)
  58 V   0.03787 0.00089 0.92425 0.03699 ( 3)
  59 K   0.03669 0.00187 0.89676 0.06468 ( 3)
  60 K   0.03829 0.00059 0.93397 0.02714 ( 3)
  61 P   0.01521 0.01810 0.37182 0.59488 ( 4)
  62 A   0.03618 0.00236 0.88469 0.07677 ( 3)
  63 A   0.03658 0.00196 0.89415 0.06731 ( 3)
  64 A   0.03618 0.00236 0.88469 0.07677 ( 3)
  65 A   0.01080 0.02162 0.26419 0.70339 ( 4)
  66 -   0.03643 0.00243 0.89182 0.06931 ( 3)
  67 -   0.03689 0.00199 0.90271 0.05841 ( 3)
  68 A   0.03664 0.00195 0.89581 0.06560 ( 3)
  69 P   0.03632 0.00219 0.88791 0.07359 ( 3)
  70 A   0.03626 0.00219 0.88626 0.07529 ( 3)
  71 P   0.03581 0.00261 0.87564 0.08594 ( 3)
  72 A   0.03662 0.00193 0.89504 0.06641 ( 3)
  73 P   0.03799 0.00084 0.92750 0.03367 ( 3)
  74 A   0.03608 0.00242 0.88233 0.07917 ( 3)
  75 P   0.01623 0.01577 0.39666 0.57134 ( 4)
  76 A   0.00056 0.02880 0.01372 0.95692 ( 4)
  77 P   0.03627 0.00227 0.88693 0.07453 ( 3)
  78 A   0.03609 0.00246 0.88254 0.07892 ( 3)
  79 P   0.03633 0.00223 0.88826 0.07319 ( 3)
  80 A   0.03605 0.00249 0.88165 0.07981 ( 3)
  81 P   0.03627 0.00227 0.88693 0.07453 ( 3)
  82 A   0.00462 0.02497 0.11299 0.85741 ( 4)
  83 P   0.03693 0.00162 0.90217 0.05928 ( 3)
  84 P   0.03660 0.00181 0.89417 0.06742 ( 3)
  85 K   0.03772 0.00090 0.92005 0.04133 ( 3)
  86 E   0.03628 0.00210 0.88649 0.07513 ( 3)
  87 A   0.00046 0.02985 0.01136 0.95833 ( 4)
  88 K   0.03605 0.00233 0.88115 0.08046 ( 3)
  89 I   0.03732 0.00120 0.91075 0.05073 ( 3)
  90 D   0.03740 0.00114 0.91271 0.04875 ( 3)
  91 L   0.03768 0.00093 0.91915 0.04224 ( 3)
  92 S   0.03714 0.00134 0.90670 0.05481 ( 3)
  93 A   0.03615 0.00227 0.88370 0.07787 ( 3)
  94 I   0.01531 0.01415 0.37357 0.59697 ( 4)
  95 E   0.00002 0.02723 0.00053 0.97222 ( 4)
  96 F   0.03743 0.00123 0.91418 0.04716 ( 3)
  97 K   0.03669 0.00187 0.89676 0.06468 ( 3)
  98 E   0.03721 0.00141 0.90913 0.05225 ( 3)
  99 A   0.03605 0.00249 0.88165 0.07981 ( 3)
 100 F   0.03647 0.00208 0.89150 0.06995 ( 3)
 101 L   0.03826 0.00061 0.93322 0.02791 ( 3)
 102 L   0.03636 0.00219 0.88893 0.07252 ( 3)
 103 Y   0.01978 0.01091 0.48243 0.48688 ( 4)
 104 D   0.03801 0.00078 0.92757 0.03364 ( 3)
 105 R   0.01923 0.01065 0.46900 0.50111 ( 4)
 106 T   0.00004 0.02458 0.00088 0.97450 ( 4)
 107 G   0.03616 0.00229 0.88406 0.07749 ( 3)
 108 D   0.03893 0.00022 0.94788 0.01297 ( 3)
 109 N   0.00000 0.02261 0.00003 0.97736 ( 4)
 110 K   0.03669 0.00187 0.89676 0.06468 ( 3)
 111 I   0.03868 0.00035 0.94251 0.01845 ( 3)
 112 T   0.02056 0.01032 0.50144 0.46768 ( 3)
 113 L   0.03747 0.00120 0.91498 0.04636 ( 3)
 114 S   0.00004 0.02145 0.00097 0.97754 ( 4)
 115 Q   0.03771 0.00101 0.92066 0.04062 ( 3)
 116 V   0.03769 0.00102 0.92018 0.04111 ( 3)
 117 G   0.03530 0.00326 0.86386 0.09757 ( 3)
 118 D   0.03893 0.00022 0.94788 0.01297 ( 3)
 119 V   0.03812 0.00071 0.93001 0.03116 ( 3)
 120 L   0.03827 0.00061 0.93342 0.02771 ( 3)
 121 R   0.03738 0.00127 0.91290 0.04845 ( 3)
 122 A   0.03618 0.00236 0.88469 0.07677 ( 3)
 123 L   0.03626 0.00228 0.88655 0.07491 ( 3)
 124 G   0.03614 0.00240 0.88371 0.07775 ( 3)
 125 T   0.03766 0.00105 0.91940 0.04189 ( 3)
 126 N   0.03712 0.00149 0.90692 0.05447 ( 3)
 127 P   0.03725 0.00138 0.91003 0.05134 ( 3)
 128 T   0.03824 0.00063 0.93274 0.02839 ( 3)
 129 N   0.03712 0.00149 0.90692 0.05447 ( 3)
 130 A   0.03605 0.00249 0.88165 0.07981 ( 3)
 131 E   0.03721 0.00141 0.90913 0.05225 ( 3)
 132 V   0.03812 0.00071 0.93001 0.03116 ( 3)
 133 K   0.03670 0.00187 0.89692 0.06452 ( 3)
 134 A   0.00003 0.02659 0.00082 0.97255 ( 4)
 135 V   0.03769 0.00102 0.92018 0.04111 ( 3)
 136 L   0.03626 0.00228 0.88655 0.07491 ( 3)
 137 G   0.03849 0.00047 0.93830 0.02274 ( 3)
 138 N   0.03789 0.00086 0.92483 0.03642 ( 3)
 139 P   0.03725 0.00138 0.91003 0.05134 ( 3)
 140 S   0.03835 0.00056 0.93517 0.02593 ( 3)
 141 N   0.01372 0.01734 0.33511 0.63384 ( 4)
 142 E   0.03695 0.00164 0.90297 0.05844 ( 3)
 143 E   0.03721 0.00141 0.90913 0.05225 ( 3)
 144 M   0.03741 0.00124 0.91374 0.04761 ( 3)
 145 N   0.03712 0.00149 0.90692 0.05447 ( 3)
 146 A   0.01198 0.01967 0.29290 0.67544 ( 4)
 147 K   0.03669 0.00187 0.89676 0.06468 ( 3)
 148 K   0.03829 0.00059 0.93397 0.02714 ( 3)
 149 I   0.03793 0.00084 0.92582 0.03541 ( 3)
 150 E   0.03718 0.00143 0.90822 0.05317 ( 3)
 151 F   0.03647 0.00210 0.89148 0.06995 ( 3)
 152 E   0.03695 0.00164 0.90297 0.05844 ( 3)
 153 Q   0.03829 0.00059 0.93388 0.02724 ( 3)
 154 F   0.03647 0.00208 0.89150 0.06995 ( 3)
 155 L   0.03626 0.00228 0.88655 0.07491 ( 3)
 156 P   0.03725 0.00138 0.91003 0.05134 ( 3)
 157 M   0.03741 0.00124 0.91374 0.04761 ( 3)
 158 M   0.02151 0.01080 0.52506 0.44264 ( 3)
 159 Q   0.03832 0.00057 0.93466 0.02645 ( 3)
 160 S   0.03777 0.00096 0.92210 0.03917 ( 3)
 161 I   0.03793 0.00084 0.92582 0.03541 ( 3)
 162 S   0.03728 0.00135 0.91063 0.05073 ( 3)
 163 N   0.03794 0.00084 0.92592 0.03530 ( 3)
 164 N   0.01901 0.01196 0.46390 0.50513 ( 4)
 165 K   0.03669 0.00187 0.89676 0.06468 ( 3)
 166 D   0.03801 0.00078 0.92757 0.03364 ( 3)
 167 Q   0.03771 0.00101 0.92066 0.04062 ( 3)
 168 G   0.03614 0.00240 0.88371 0.07775 ( 3)
 169 T   0.03824 0.00063 0.93274 0.02839 ( 3)
 170 Y   0.03829 0.00061 0.93401 0.02710 ( 3)
 171 E   0.03695 0.00164 0.90297 0.05844 ( 3)
 172 D   0.03801 0.00078 0.92757 0.03364 ( 3)
 173 F   0.03647 0.00208 0.89150 0.06995 ( 3)
 174 V   0.03769 0.00102 0.92018 0.04111 ( 3)
 175 E   0.03721 0.00141 0.90913 0.05225 ( 3)
 176 G   0.03530 0.00326 0.86386 0.09757 ( 3)
 177 L   0.03626 0.00228 0.88655 0.07491 ( 3)
 178 R   0.03636 0.00218 0.88910 0.07235 ( 3)
 179 V   0.03812 0.00071 0.93001 0.03116 ( 3)
 180 F   0.03647 0.00208 0.89150 0.06995 ( 3)
 181 D   0.03801 0.00078 0.92757 0.03364 ( 3)
 182 K   0.03669 0.00187 0.89676 0.06468 ( 3)
 183 E   0.03695 0.00164 0.90297 0.05844 ( 3)
 184 G   0.03614 0.00240 0.88371 0.07775 ( 3)
 185 N   0.03712 0.00149 0.90692 0.05447 ( 3)
 186 G   0.03614 0.00240 0.88371 0.07775 ( 3)
 187 T   0.03834 0.00057 0.93525 0.02584 ( 3)
 188 V   0.03769 0.00102 0.92018 0.04111 ( 3)
 189 M   0.03741 0.00124 0.91374 0.04761 ( 3)
 190 G   0.03530 0.00326 0.86386 0.09757 ( 3)
 191 A   0.03618 0.00236 0.88469 0.07677 ( 3)
 192 E   0.03695 0.00164 0.90297 0.05844 ( 3)
 193 L   0.03827 0.00061 0.93342 0.02771 ( 3)
 194 R   0.03636 0.00218 0.88910 0.07235 ( 3)
 195 H   0.03919 0.00011 0.95296 0.00774 ( 3)
 196 V   0.03892 0.00023 0.94757 0.01329 ( 3)
 197 L   0.03636 0.00219 0.88893 0.07252 ( 3)
 198 A   0.03618 0.00236 0.88469 0.07677 ( 3)
 199 T   0.03829 0.00066 0.93478 0.02628 ( 3)
 200 L   0.03636 0.00219 0.88893 0.07252 ( 3)
 201 G   0.03487 0.00375 0.85355 0.10783 ( 3)
 202 E   0.03641 0.00215 0.89025 0.07119 ( 3)
 203 K   0.03615 0.00240 0.88416 0.07728 ( 3)
 204 M   0.03687 0.00172 0.90114 0.06027 ( 3)
 205 K   0.03781 0.00094 0.92305 0.03820 ( 3)
 206 E   0.03667 0.00190 0.89643 0.06499 ( 3)
 207 E   0.03641 0.00215 0.89025 0.07119 ( 3)
 208 E   0.03641 0.00215 0.89025 0.07119 ( 3)
 209 V   0.03735 0.00131 0.91224 0.04910 ( 3)
 210 E   0.03641 0.00215 0.89025 0.07119 ( 3)
 211 A   0.03612 0.00243 0.88329 0.07816 ( 3)
 212 L   0.03575 0.00281 0.87441 0.08703 ( 3)
 213 M   0.01206 0.01926 0.29468 0.67401 ( 4)
 214 A   0.00048 0.03144 0.01169 0.95639 ( 4)
 215 G   0.00774 0.02696 0.18956 0.77574 ( 4)
 216 Q   0.03785 0.00092 0.92384 0.03740 ( 3)
 217 E   0.03641 0.00215 0.89025 0.07119 ( 3)
 218 D   0.03750 0.00118 0.91585 0.04546 ( 3)
 219 S   0.03674 0.00184 0.89797 0.06345 ( 3)
 220 N   0.03664 0.00197 0.89556 0.06583 ( 3)
 221 G   0.03563 0.00293 0.87176 0.08968 ( 3)
 222 C   0.03752 0.00116 0.91645 0.04487 ( 3)
 223 I   0.03826 0.00062 0.93323 0.02790 ( 3)
 224 N   0.03742 0.00125 0.91403 0.04729 ( 3)
 225 Y   0.03768 0.00104 0.92009 0.04119 ( 3)
 226 E   0.03641 0.00215 0.89025 0.07119 ( 3)


lnL = -1617.309765

Bayes Empirical Bayes (BEB) probabilities for 4 classes (class)
(amino acids refer to 1st sequence: Naasi)

   1 M   0.72474 0.23928 0.02638 0.00960 ( 1)
   2 H   0.81598 0.15629 0.02235 0.00537 ( 1)
   3 A   0.70500 0.25724 0.02712 0.01064 ( 1)
   4 L   0.75644 0.21035 0.02518 0.00803 ( 1)
   5 I   0.25329 0.62481 0.09402 0.02788 ( 2)
   6 P   0.14155 0.81983 0.00527 0.03335 ( 2)
   7 F   0.13444 0.82588 0.00523 0.03445 ( 2)
   8 N   0.71841 0.24488 0.02676 0.00995 ( 1)
   9 A   0.69614 0.26517 0.02754 0.01115 ( 1)
  10 L   0.69910 0.26236 0.02754 0.01100 ( 1)
  11 G   0.68044 0.27938 0.02813 0.01204 ( 1)
  12 P   0.01278 0.94777 0.00048 0.03896 ( 2)
  13 P   0.70345 0.25821 0.02755 0.01079 ( 1)
  14 S   0.79676 0.17281 0.02417 0.00627 ( 1)
  15 R   0.75272 0.21308 0.02592 0.00828 ( 1)
  16 H   0.77057 0.19673 0.02525 0.00744 ( 1)
  17 Q   0.01639 0.94578 0.00058 0.03725 ( 2)
  18 S   0.75485 0.21108 0.02589 0.00818 ( 1)
  19 V   0.77031 0.19599 0.02615 0.00755 ( 1)
  20 D   0.83396 0.13758 0.02365 0.00481 ( 1)
  21 Q   0.76378 0.20198 0.02637 0.00786 ( 1)
  22 A   0.16157 0.80073 0.00581 0.03189 ( 2)
  23 N   0.77387 0.19268 0.02605 0.00740 ( 1)
  24 H   0.20402 0.76125 0.00647 0.02826 ( 2)
  25 H   0.80203 0.16823 0.02372 0.00602 ( 1)
  26 S   0.16511 0.79826 0.00566 0.03097 ( 2)
  27 S   0.77150 0.19610 0.02503 0.00737 ( 1)
  28 S   0.13309 0.64533 0.16884 0.05275 ( 2)
  29 K   0.73230 0.23190 0.02653 0.00927 ( 1)
  30 N   0.74640 0.21902 0.02601 0.00857 ( 1)
  31 Q   0.76891 0.19846 0.02514 0.00749 ( 1)
  32 F   0.72557 0.23805 0.02677 0.00962 ( 1)
  33 D   0.78257 0.18598 0.02458 0.00687 ( 1)
  34 R   0.73379 0.22919 0.02765 0.00937 ( 1)
  35 F   0.13893 0.63843 0.17147 0.05118 ( 2)
  36 F   0.72872 0.23491 0.02688 0.00949 ( 1)
  37 R   0.75212 0.21351 0.02606 0.00832 ( 1)
  38 R   0.18209 0.78621 0.00491 0.02679 ( 2)
  39 F   0.17538 0.78839 0.00592 0.03031 ( 2)
  40 S   0.75584 0.21008 0.02593 0.00815 ( 1)
  41 F   0.00165 0.91912 0.00144 0.07779 ( 2)
  42 F   0.00157 0.96059 0.00006 0.03778 ( 2)
  43 F   0.72204 0.23946 0.02846 0.01004 ( 1)
  44 F   0.69810 0.26333 0.02752 0.01105 ( 1)
  45 K   0.70548 0.26047 0.02399 0.01006 ( 1)
  46 P   0.13371 0.64398 0.16967 0.05264 ( 2)
  47 I   0.02281 0.94478 0.00060 0.03181 ( 2)
  48 L   0.80062 0.16911 0.02416 0.00611 ( 1)
  49 L   0.01610 0.94690 0.00054 0.03646 ( 2)
  50 N   0.78390 0.18437 0.02487 0.00685 ( 1)
  51 T   0.01715 0.94624 0.00066 0.03594 ( 2)
  52 M   0.77244 0.19608 0.02424 0.00724 ( 1)
  53 A   0.72435 0.23979 0.02627 0.00959 ( 1)
  54 P   0.76039 0.20703 0.02477 0.00781 ( 1)
  55 K   0.74512 0.22090 0.02544 0.00855 ( 1)
  56 K   0.74512 0.22090 0.02544 0.00855 ( 1)
  57 D   0.81055 0.16201 0.02191 0.00553 ( 1)
  58 V   0.79279 0.17761 0.02327 0.00633 ( 1)
  59 K   0.74512 0.22090 0.02544 0.00855 ( 1)
  60 K   0.81607 0.15644 0.02214 0.00535 ( 1)
  61 P   0.17242 0.79018 0.00613 0.03128 ( 2)
  62 A   0.72817 0.23633 0.02611 0.00939 ( 1)
  63 A   0.74180 0.22409 0.02542 0.00868 ( 1)
  64 A   0.72817 0.23633 0.02611 0.00939 ( 1)
  65 A   0.14793 0.81438 0.00530 0.03238 ( 2)
  66 -   0.72404 0.23684 0.02909 0.01004 ( 1)
  67 -   0.73821 0.22350 0.02894 0.00934 ( 1)
  68 A   0.74205 0.22340 0.02582 0.00873 ( 1)
  69 P   0.73409 0.23124 0.02561 0.00905 ( 1)
  70 A   0.73405 0.23181 0.02516 0.00898 ( 1)
  71 P   0.72128 0.24352 0.02558 0.00962 ( 1)
  72 A   0.74274 0.22315 0.02545 0.00865 ( 1)
  73 P   0.79497 0.17458 0.02412 0.00633 ( 1)
  74 A   0.72660 0.23806 0.02591 0.00943 ( 1)
  75 P   0.18297 0.78147 0.00600 0.02956 ( 2)
  76 A   0.01410 0.94806 0.00050 0.03734 ( 2)
  77 P   0.73130 0.23347 0.02600 0.00924 ( 1)
  78 A   0.72519 0.23896 0.02630 0.00956 ( 1)
  79 P   0.73260 0.23217 0.02604 0.00918 ( 1)
  80 A   0.72435 0.23979 0.02627 0.00959 ( 1)
  81 P   0.73130 0.23347 0.02600 0.00924 ( 1)
  82 A   0.09277 0.87031 0.00318 0.03374 ( 2)
  83 P   0.75527 0.21213 0.02461 0.00800 ( 1)
  84 P   0.74837 0.21946 0.02397 0.00820 ( 1)
  85 K   0.79385 0.17851 0.02154 0.00611 ( 1)
  86 E   0.73815 0.22864 0.02449 0.00871 ( 1)
  87 A   0.01306 0.94851 0.00047 0.03796 ( 2)
  88 K   0.72997 0.23598 0.02492 0.00913 ( 1)
  89 I   0.77556 0.19502 0.02251 0.00691 ( 1)
  90 D   0.77933 0.19160 0.02232 0.00674 ( 1)
  91 L   0.79181 0.18037 0.02163 0.00619 ( 1)
  92 S   0.76841 0.20146 0.02290 0.00724 ( 1)
  93 A   0.73169 0.23416 0.02508 0.00907 ( 1)
  94 I   0.18581 0.78114 0.00539 0.02765 ( 2)
  95 E   0.00167 0.96165 0.00006 0.03663 ( 2)
  96 F   0.77325 0.19534 0.02420 0.00721 ( 1)
  97 K   0.74512 0.22090 0.02544 0.00855 ( 1)
  98 E   0.76433 0.20346 0.02459 0.00762 ( 1)
  99 A   0.72435 0.23979 0.02627 0.00959 ( 1)
 100 F   0.73761 0.22772 0.02575 0.00892 ( 1)
 101 L   0.81387 0.15845 0.02224 0.00544 ( 1)
 102 L   0.73383 0.23119 0.02588 0.00910 ( 1)
 103 Y   0.21473 0.75326 0.00596 0.02605 ( 2)
 104 D   0.80029 0.17077 0.02292 0.00601 ( 1)
 105 R   0.21518 0.75352 0.00574 0.02557 ( 2)
 106 T   0.00204 0.96256 0.00007 0.03533 ( 2)
 107 G   0.73098 0.23458 0.02530 0.00914 ( 1)
 108 D   0.86157 0.11528 0.01955 0.00360 ( 1)
 109 N   0.00030 0.96561 0.00001 0.03408 ( 2)
 110 K   0.74512 0.22090 0.02544 0.00855 ( 1)
 111 I   0.84125 0.13364 0.02076 0.00435 ( 1)
 112 T   0.22057 0.74768 0.00605 0.02570 ( 2)
 113 L   0.77442 0.19431 0.02412 0.00715 ( 1)
 114 S   0.00221 0.96467 0.00006 0.03306 ( 2)
 115 Q   0.78548 0.18424 0.02363 0.00665 ( 1)
 116 V   0.78439 0.18524 0.02367 0.00670 ( 1)
 117 G   0.70308 0.25913 0.02707 0.01072 ( 1)
 118 D   0.86157 0.11528 0.01955 0.00360 ( 1)
 119 V   0.80576 0.16583 0.02264 0.00577 ( 1)
 120 L   0.81439 0.15799 0.02221 0.00542 ( 1)
 121 R   0.77061 0.19778 0.02429 0.00732 ( 1)
 122 A   0.72817 0.23633 0.02611 0.00939 ( 1)
 123 L   0.73067 0.23405 0.02601 0.00926 ( 1)
 124 G   0.72681 0.23759 0.02615 0.00946 ( 1)
 125 T   0.78302 0.18648 0.02375 0.00676 ( 1)
 126 N   0.76077 0.20668 0.02476 0.00779 ( 1)
 127 P   0.76594 0.20199 0.02453 0.00754 ( 1)
 128 T   0.81271 0.15951 0.02230 0.00549 ( 1)
 129 N   0.76077 0.20668 0.02476 0.00779 ( 1)
 130 A   0.72435 0.23979 0.02627 0.00959 ( 1)
 131 E   0.76433 0.20346 0.02459 0.00762 ( 1)
 132 V   0.80576 0.16583 0.02264 0.00577 ( 1)
 133 K   0.74578 0.22024 0.02546 0.00852 ( 1)
 134 A   0.00194 0.96035 0.00010 0.03761 ( 2)
 135 V   0.78439 0.18524 0.02367 0.00670 ( 1)
 136 L   0.73067 0.23405 0.02601 0.00926 ( 1)
 137 G   0.82759 0.14603 0.02149 0.00488 ( 1)
 138 N   0.79574 0.17498 0.02308 0.00620 ( 1)
 139 P   0.76594 0.20199 0.02453 0.00754 ( 1)
 140 S   0.81894 0.15387 0.02197 0.00523 ( 1)
 141 N   0.16980 0.79473 0.00553 0.02995 ( 2)
 142 E   0.75458 0.21229 0.02504 0.00809 ( 1)
 143 E   0.76433 0.20346 0.02459 0.00762 ( 1)
 144 M   0.77244 0.19608 0.02424 0.00724 ( 1)
 145 N   0.76077 0.20668 0.02476 0.00779 ( 1)
 146 A   0.15694 0.80642 0.00538 0.03127 ( 2)
 147 K   0.74512 0.22090 0.02544 0.00855 ( 1)
 148 K   0.81607 0.15644 0.02214 0.00535 ( 1)
 149 I   0.79617 0.17454 0.02311 0.00618 ( 1)
 150 E   0.76381 0.20398 0.02458 0.00764 ( 1)
 151 F   0.73772 0.22736 0.02594 0.00899 ( 1)
 152 E   0.75458 0.21229 0.02504 0.00809 ( 1)
 153 Q   0.81688 0.15579 0.02202 0.00531 ( 1)
 154 F   0.73761 0.22772 0.02575 0.00892 ( 1)
 155 L   0.73067 0.23405 0.02601 0.00926 ( 1)
 156 P   0.76594 0.20199 0.02453 0.00754 ( 1)
 157 M   0.77244 0.19608 0.02424 0.00724 ( 1)
 158 M   0.21974 0.74698 0.00652 0.02676 ( 2)
 159 Q   0.81778 0.15490 0.02204 0.00528 ( 1)
 160 S   0.78829 0.18170 0.02349 0.00653 ( 1)
 161 I   0.79617 0.17454 0.02311 0.00618 ( 1)
 162 S   0.76686 0.20117 0.02448 0.00750 ( 1)
 163 N   0.79678 0.17395 0.02311 0.00616 ( 1)
 164 N   0.20732 0.75977 0.00601 0.02690 ( 2)
 165 K   0.74512 0.22090 0.02544 0.00855 ( 1)
 166 D   0.80029 0.17077 0.02292 0.00601 ( 1)
 167 Q   0.78548 0.18424 0.02363 0.00665 ( 1)
 168 G   0.72681 0.23759 0.02615 0.00946 ( 1)
 169 T   0.81271 0.15951 0.02230 0.00549 ( 1)
 170 Y   0.81388 0.15805 0.02261 0.00547 ( 1)
 171 E   0.75458 0.21229 0.02504 0.00809 ( 1)
 172 D   0.80029 0.17077 0.02292 0.00601 ( 1)
 173 F   0.73761 0.22772 0.02575 0.00892 ( 1)
 174 V   0.78439 0.18524 0.02367 0.00670 ( 1)
 175 E   0.76433 0.20346 0.02459 0.00762 ( 1)
 176 G   0.70308 0.25913 0.02707 0.01072 ( 1)
 177 L   0.73067 0.23405 0.02601 0.00926 ( 1)
 178 R   0.73375 0.23129 0.02585 0.00910 ( 1)
 179 V   0.80576 0.16583 0.02264 0.00577 ( 1)
 180 F   0.73761 0.22772 0.02575 0.00892 ( 1)
 181 D   0.80029 0.17077 0.02292 0.00601 ( 1)
 182 K   0.74512 0.22090 0.02544 0.00855 ( 1)
 183 E   0.75458 0.21229 0.02504 0.00809 ( 1)
 184 G   0.72681 0.23759 0.02615 0.00946 ( 1)
 185 N   0.76077 0.20668 0.02476 0.00779 ( 1)
 186 G   0.72681 0.23759 0.02615 0.00946 ( 1)
 187 T   0.81742 0.15482 0.02243 0.00533 ( 1)
 188 V   0.78439 0.18524 0.02367 0.00670 ( 1)
 189 M   0.77244 0.19608 0.02424 0.00724 ( 1)
 190 G   0.70308 0.25913 0.02707 0.01072 ( 1)
 191 A   0.72817 0.23633 0.02611 0.00939 ( 1)
 192 E   0.75458 0.21229 0.02504 0.00809 ( 1)
 193 L   0.81439 0.15799 0.02221 0.00542 ( 1)
 194 R   0.73375 0.23129 0.02585 0.00910 ( 1)
 195 H   0.88707 0.09234 0.01787 0.00272 ( 1)
 196 V   0.85987 0.11679 0.01968 0.00366 ( 1)
 197 L   0.73383 0.23119 0.02588 0.00910 ( 1)
 198 A   0.72817 0.23633 0.02611 0.00939 ( 1)
 199 T   0.80812 0.16151 0.02451 0.00586 ( 1)
 200 L   0.73383 0.23119 0.02588 0.00910 ( 1)
 201 G   0.69175 0.26933 0.02756 0.01136 ( 1)
 202 E   0.73536 0.22964 0.02594 0.00905 ( 1)
 203 K   0.72725 0.23703 0.02626 0.00946 ( 1)
 204 M   0.75088 0.21555 0.02529 0.00828 ( 1)
 205 K   0.78972 0.18020 0.02358 0.00649 ( 1)
 206 E   0.74383 0.22197 0.02558 0.00862 ( 1)
 207 E   0.73536 0.22964 0.02594 0.00905 ( 1)
 208 E   0.73536 0.22964 0.02594 0.00905 ( 1)
 209 V   0.76883 0.19924 0.02451 0.00742 ( 1)
 210 E   0.73536 0.22964 0.02594 0.00905 ( 1)
 211 A   0.72592 0.23826 0.02630 0.00953 ( 1)
 212 L   0.71496 0.24822 0.02672 0.01010 ( 1)
 213 M   0.15847 0.80525 0.00534 0.03094 ( 2)
 214 A   0.01297 0.94761 0.00049 0.03893 ( 2)
 215 G   0.12412 0.83564 0.00494 0.03530 ( 2)
 216 Q   0.79129 0.17879 0.02350 0.00642 ( 1)
 217 E   0.73536 0.22964 0.02594 0.00905 ( 1)
 218 D   0.77550 0.19315 0.02423 0.00712 ( 1)
 219 S   0.74603 0.21997 0.02549 0.00851 ( 1)
 220 N   0.74312 0.22202 0.02606 0.00881 ( 1)
 221 G   0.71170 0.25120 0.02683 0.01027 ( 1)
 222 C   0.77611 0.19265 0.02416 0.00708 ( 1)
 223 I   0.81300 0.15907 0.02244 0.00549 ( 1)
 224 N   0.77234 0.19601 0.02438 0.00727 ( 1)
 225 Y   0.78340 0.18599 0.02385 0.00676 ( 1)
 226 E   0.73536 0.22964 0.02594 0.00905 ( 1)

