Supplemental results for CODEML (seqf: /home/leticiamagpali/phd/evol_models/codeml/small_dataset/cml_align/CASQ2_codon_aligned.phy  treef: /home/leticiamagpali/phd/evol_models/codeml/small_dataset/cml_trees/gene_trees/H2_gene_trees/CASQ2_codon_H2.tre)

I	J	ij	2Ns_IJ	pMut_IJ	pSub_IJ	2Ns_JI	pMut_JI	pSub_JI

TTC	TTT	CT	0.32498	0.13371	0.15661	-0.32498	0.18505	0.15661
TTA	TTT	AT	5.98829	0.00009	0.00053	-5.98829	0.03543	0.00053
TTA	TTC	AC	5.66331	0.00009	0.00052	-5.66331	0.02639	0.00052
TTG	TTT	GT	0.74699	0.01777	0.02523	-0.74699	0.03751	0.02523
TTG	TTC	GC	0.42202	0.01832	0.02246	-0.42202	0.02794	0.02246
TTG	TTA	GA	-5.24129	0.09915	0.00277	5.24129	0.00052	0.00277
TCT	TTT	CT	1.55158	0.03921	0.07721	-1.55158	0.18505	0.07721
TCC	TTC	CT	1.30625	0.03733	0.06687	-1.30625	0.13782	0.06687
TCC	TCT	CT	0.07965	0.03733	0.03883	-0.07965	0.04042	0.03883
TCA	TTA	CT	-3.97708	0.02599	0.00197	3.97708	0.00049	0.00197
TCA	TCT	AT	0.45962	0.00489	0.00610	-0.45962	0.00774	0.00610
TCA	TCC	AC	0.37997	0.00504	0.00606	-0.37997	0.00737	0.00606
TCG	TTG	CT	4.63542	0.00094	0.00442	-4.63542	0.09740	0.00442
TCG	TCT	GT	3.83083	0.00018	0.00070	-3.83083	0.00819	0.00070
TCG	TCC	GC	3.75119	0.00018	0.00070	-3.75119	0.00780	0.00070
TCG	TCA	GA	3.37121	0.00099	0.00346	-3.37121	0.02887	0.00346
TAT	TTT	AT	1.05381	0.01235	0.01998	-1.05381	0.03543	0.01998
TAT	TCT	AC	-0.49777	0.01273	0.00982	0.49777	0.00774	0.00982
TAC	TTC	AT	0.38529	0.01795	0.02163	-0.38529	0.02639	0.02163
TAC	TCC	AC	-0.92096	0.01850	0.01127	0.92096	0.00737	0.01127
TAC	TAT	CT	-0.34354	0.09544	0.07998	0.34354	0.06769	0.07998
TGT	TTT	GT	3.74273	0.00089	0.00341	-3.74273	0.03751	0.00341
TGT	TCT	GC	2.19114	0.00092	0.00226	-2.19114	0.00819	0.00226
TGT	TAT	GA	2.68891	0.00496	0.01430	-2.68891	0.07295	0.01430
TGC	TTC	GT	1.90044	0.00418	0.00933	-1.90044	0.02794	0.00933
TGC	TCC	GC	0.59419	0.00430	0.00571	-0.59419	0.00780	0.00571
TGC	TAC	GA	1.51515	0.02330	0.04525	-1.51515	0.10602	0.04525
TGC	TGT	CT	-1.51731	0.02221	0.00946	1.51731	0.00487	0.00946
TGG	TTG	GT	0.53592	0.01155	0.01492	-0.53592	0.01974	0.01492
TGG	TCG	GC	-4.09950	0.01191	0.00082	4.09950	0.00020	0.00082
TGG	TGT	GT	-2.45981	0.01155	0.00266	2.45981	0.00099	0.00266
TGG	TGC	GC	-0.94250	0.01191	0.00716	0.94250	0.00464	0.00716
CTT	TTT	CT	1.31647	0.04961	0.08923	-1.31647	0.18505	0.08923
CTC	TTC	CT	0.77786	0.06331	0.09109	-0.77786	0.13782	0.09109
CTC	CTT	CT	-0.21363	0.06331	0.05679	0.21363	0.05113	0.05679
CTA	TTA	CT	-4.35177	0.03780	0.00215	4.35177	0.00049	0.00215
CTA	CTT	AT	0.32005	0.00711	0.00831	-0.32005	0.00979	0.00831
CTA	CTC	AC	0.53367	0.00733	0.00946	-0.53367	0.01249	0.00946
CTG	TTG	CT	-0.60632	0.17859	0.12989	0.60632	0.09740	0.12989
CTG	CTT	GT	-1.17579	0.03359	0.01763	1.17579	0.01037	0.01763
CTG	CTC	GC	-0.96217	0.03462	0.02060	0.96217	0.01323	0.02060
CTG	CTA	GA	-1.49584	0.18740	0.08094	1.49584	0.04199	0.08094
CCT	TCT	CT	0.10529	0.03638	0.03833	-0.10529	0.04042	0.03833
CCT	CTT	CT	0.34041	0.03638	0.04292	-0.34041	0.05113	0.04292
CCC	TCC	CT	-0.69405	0.07701	0.05335	0.69405	0.03847	0.05335
CCC	CTC	CT	-0.16566	0.07701	0.07081	0.16566	0.06526	0.07081
CCC	CCT	CT	-0.71969	0.07701	0.05260	0.71969	0.03750	0.05260
CCA	TCA	CT	-1.02501	0.07465	0.04282	1.02501	0.02678	0.04282
CCA	CTA	CT	-0.65031	0.07465	0.05299	0.65031	0.03896	0.05299
CCA	CCT	AT	-0.67068	0.01404	0.00985	0.67068	0.00718	0.00985
CCA	CCC	AC	0.04901	0.01447	0.01483	-0.04901	0.01520	0.01483
CCG	TCG	CT	-2.57244	0.01276	0.00271	2.57244	0.00097	0.00271
CCG	CTG	CT	2.66931	0.01276	0.03659	-2.66931	0.18408	0.03659
CCG	CCT	GT	1.15311	0.00240	0.00404	-1.15311	0.00760	0.00404
CCG	CCC	GC	1.87280	0.00247	0.00547	-1.87280	0.01609	0.00547
CCG	CCA	GA	1.82378	0.01339	0.02911	-1.82378	0.08293	0.02911
CAT	TAT	CT	0.52208	0.04016	0.05155	-0.52208	0.06769	0.05155
CAT	CTT	AT	0.25942	0.00755	0.00858	-0.25942	0.00979	0.00858
CAT	CCT	AC	-0.08099	0.00779	0.00747	0.08099	0.00718	0.00747
CAC	TAC	CT	0.96907	0.03733	0.05829	-0.96907	0.09837	0.05829
CAC	CTC	AT	0.57651	0.00702	0.00924	-0.57651	0.01249	0.00924
CAC	CCC	AC	0.74216	0.00724	0.01025	-0.74216	0.01520	0.01025
CAC	CAT	CT	0.10346	0.03733	0.03929	-0.10346	0.04139	0.03929
CAA	CTA	AT	0.12608	0.00658	0.00700	-0.12608	0.00746	0.00700
CAA	CCA	AC	0.77639	0.00678	0.00975	-0.77639	0.01473	0.00975
CAA	CAT	AT	0.18670	0.00658	0.00721	-0.18670	0.00793	0.00721
CAA	CAC	AC	0.08324	0.00678	0.00706	-0.08324	0.00737	0.00706
CAG	CTG	AT	0.85904	0.01493	0.02225	-0.85904	0.03525	0.02225
CAG	CCG	AC	-1.81027	0.01539	0.00545	1.81027	0.00252	0.00545
CAG	CAT	GT	-0.57617	0.01493	0.01104	0.57617	0.00839	0.01104
CAG	CAC	GC	-0.67963	0.01539	0.01075	0.67963	0.00780	0.01075
CAG	CAA	GA	-0.76287	0.08329	0.05552	0.76287	0.03884	0.05552
CGT	TGT	CT	-0.50037	0.00803	0.00619	0.50037	0.00487	0.00619
CGT	CTT	GT	1.92589	0.00151	0.00341	-1.92589	0.01037	0.00341
CGT	CCT	GC	1.58548	0.00156	0.00310	-1.58548	0.00760	0.00310
CGT	CAT	GA	1.66646	0.00843	0.01732	-1.66646	0.04461	0.01732
CGC	TGC	CT	-0.85580	0.05386	0.03406	0.85580	0.02289	0.03406
CGC	CTC	GT	0.26678	0.01013	0.01154	-0.26678	0.01323	0.01154
CGC	CCC	GC	0.43244	0.01044	0.01286	-0.43244	0.01609	0.01286
CGC	CAC	GA	-0.30972	0.05652	0.04822	0.30972	0.04146	0.04822
CGC	CGT	CT	-1.87273	0.05386	0.01832	1.87273	0.00828	0.01832
CGA	CTA	GT	9.07942	0.00000	0.00000	-9.07942	0.00790	0.00001
CGA	CCA	GC	9.72973	0.00000	0.00000	-9.72973	0.01560	0.00001
CGA	CAA	GA	8.95334	0.00000	0.00000	-8.95334	0.03884	0.00004
CGA	CGT	AT	7.47358	0.00000	0.00000	-7.47358	0.00159	0.00001
CGA	CGC	AC	9.34631	0.00000	0.00000	-9.34631	0.01063	0.00001
CGG	TGG	CT	1.63969	0.01228	0.02499	-1.63969	0.06331	0.02499
CGG	CTG	GT	2.78194	0.00231	0.00685	-2.78194	0.03731	0.00685
CGG	CCG	GC	0.11263	0.00238	0.00252	-0.11263	0.00267	0.00252
CGG	CAG	GA	1.92289	0.01289	0.02903	-1.92289	0.08817	0.02903
CGG	CGT	GT	-0.31974	0.00231	0.00196	0.31974	0.00168	0.00196
CGG	CGC	GC	1.55299	0.00238	0.00469	-1.55299	0.01125	0.00469
CGG	CGA	GA	-7.79332	0.01289	0.00004	7.79332	0.00000	0.00000
ATT	TTT	AT	0.46682	0.02222	0.02780	-0.46682	0.03543	0.02780
ATT	CTT	AC	-0.84964	0.02290	0.01453	0.84964	0.00979	0.01453
ATC	TTC	AT	0.00998	0.02613	0.02626	-0.00998	0.02639	0.02626
ATC	CTC	AC	-0.76788	0.02693	0.01790	0.76788	0.01249	0.01790
ATC	ATT	CT	-0.13186	0.13891	0.12995	0.13186	0.12175	0.12995
ATA	TTA	AT	-3.35308	0.00267	0.00032	3.35308	0.00009	0.00032
ATA	CTA	AC	0.99869	0.00275	0.00434	-0.99869	0.00746	0.00434
ATA	ATT	AT	2.16838	0.00267	0.00653	-2.16838	0.02331	0.00653
ATA	ATC	AC	2.30024	0.00275	0.00702	-2.30024	0.02741	0.00702
ATG	TTG	AT	0.51015	0.01120	0.01429	-0.51015	0.01865	0.01429
ATG	CTG	AC	1.11647	0.01154	0.01916	-1.11647	0.03525	0.01916
ATG	ATT	GT	0.79032	0.01120	0.01620	-0.79032	0.02468	0.01620
ATG	ATC	GC	0.92218	0.01154	0.01767	-0.92218	0.02902	0.01767
ATG	ATA	GA	-1.37806	0.06247	0.02901	1.37806	0.01575	0.02901
ACT	TCT	AT	-0.19648	0.00942	0.00852	0.19648	0.00774	0.00852
ACT	CCT	AC	-0.30177	0.00971	0.00832	0.30177	0.00718	0.00832
ACT	ATT	CT	0.88828	0.05008	0.07558	-0.88828	0.12175	0.07558
ACC	TCC	AT	-0.02509	0.00755	0.00746	0.02509	0.00737	0.00746
ACC	CCC	AC	0.66896	0.00779	0.01068	-0.66896	0.01520	0.01068
ACC	ATC	CT	1.27118	0.04016	0.07095	-1.27118	0.14317	0.07095
ACC	ACT	CT	0.25104	0.04016	0.04541	-0.25104	0.05162	0.04541
ACA	TCA	AT	-0.77287	0.01111	0.00736	0.77287	0.00513	0.00736
ACA	CCA	AC	0.25214	0.01145	0.01295	-0.25214	0.01473	0.01295
ACA	ATA	CT	-1.39686	0.05906	0.02711	1.39686	0.01461	0.02711
ACA	ACT	AT	-0.11676	0.01111	0.01047	0.11676	0.00988	0.01047
ACA	ACC	AC	-0.36780	0.01145	0.00947	0.36780	0.00793	0.00947
ACG	TCG	AT	-2.55458	0.00240	0.00052	2.55458	0.00019	0.00052
ACG	CCG	AC	0.01786	0.00247	0.00250	-0.01786	0.00252	0.00250
ACG	ATG	CT	1.57070	0.01276	0.02530	-1.57070	0.06136	0.02530
ACG	ACT	GT	1.47274	0.00240	0.00458	-1.47274	0.01046	0.00458
ACG	ACC	GC	1.22170	0.00247	0.00428	-1.22170	0.00839	0.00428
ACG	ACA	GA	1.58950	0.01339	0.02673	-1.58950	0.06561	0.02673
AAT	TAT	AT	0.17040	0.01093	0.01189	-0.17040	0.01296	0.01189
AAT	CAT	AC	-0.35167	0.01127	0.00940	0.35167	0.00793	0.00940
AAT	ATT	AT	0.75739	0.01093	0.01559	-0.75739	0.02331	0.01559
AAT	ACT	AC	-0.13089	0.01127	0.01054	0.13089	0.00988	0.01054
AAC	TAC	AT	0.09369	0.01715	0.01797	-0.09369	0.01884	0.01797
AAC	CAC	AC	-0.87538	0.01768	0.01106	0.87538	0.00737	0.01106
AAC	ATC	AT	0.46900	0.01715	0.02149	-0.46900	0.02741	0.02149
AAC	ACC	AC	-0.80218	0.01768	0.01153	0.80218	0.00793	0.01153
AAC	AAT	CT	-0.42025	0.09119	0.07336	0.42025	0.05990	0.07336
AAA	CAA	AC	-1.25780	0.02427	0.01213	1.25780	0.00690	0.01213
AAA	ATA	AT	-2.13042	0.02355	0.00676	2.13042	0.00280	0.00676
AAA	ACA	AC	-0.73356	0.02427	0.01645	0.73356	0.01166	0.01645
AAA	AAT	AT	-0.71943	0.02355	0.01609	0.71943	0.01147	0.01609
AAA	AAC	AC	-0.29918	0.02427	0.02082	0.29918	0.01800	0.02082
AAG	CAG	AC	-0.91496	0.03911	0.02391	0.91496	0.01567	0.02391
AAG	ATG	AT	-1.17239	0.03795	0.01995	1.17239	0.01175	0.01995
AAG	ACG	AC	-2.74309	0.03911	0.00738	2.74309	0.00252	0.00738
AAG	AAT	GT	-1.13946	0.03795	0.02035	1.13946	0.01214	0.02035
AAG	AAC	GC	-0.71921	0.03911	0.02672	0.71921	0.01905	0.02672
AAG	AAA	GA	-0.42003	0.21169	0.17033	0.42003	0.13909	0.17033
AGT	TGT	AT	-2.76729	0.01484	0.00275	2.76729	0.00093	0.00275
AGT	CGT	AC	-2.26692	0.01530	0.00401	2.26692	0.00159	0.00401
AGT	ATT	GT	0.50861	0.01484	0.01893	-0.50861	0.02468	0.01893
AGT	ACT	GC	-0.37967	0.01530	0.01258	0.37967	0.01046	0.01258
AGT	AAT	GA	-0.24878	0.08279	0.07292	0.24878	0.06456	0.07292
AGC	TGC	AT	-0.35023	0.00622	0.00519	0.35023	0.00438	0.00519
AGC	CGC	AC	0.50556	0.00641	0.00817	-0.50556	0.01063	0.00817
AGC	ATC	GT	1.54022	0.00622	0.01219	-1.54022	0.02902	0.01219
AGC	ACC	GC	0.26904	0.00641	0.00731	-0.26904	0.00839	0.00731
AGC	AAC	GA	1.07122	0.03470	0.05655	-1.07122	0.10130	0.05655
AGC	AGT	CT	0.89975	0.03307	0.05015	-0.89975	0.08133	0.05015
AGA	CGA	AC	-8.31206	0.00385	0.00001	8.31206	0.00000	0.00000
AGA	ATA	GT	-0.23133	0.00373	0.00332	0.23133	0.00296	0.00332
AGA	ACA	GC	1.16553	0.00385	0.00651	-1.16553	0.01234	0.00651
AGA	AAA	GA	1.89909	0.02082	0.04650	-1.89909	0.13909	0.04650
AGA	AGT	AT	1.42844	0.00373	0.00701	-1.42844	0.01557	0.00701
AGA	AGC	AC	0.52869	0.00385	0.00495	-0.52869	0.00653	0.00495
AGG	TGG	AT	0.87260	0.00507	0.00759	-0.87260	0.01212	0.00759
AGG	CGG	AC	-0.76709	0.00522	0.00347	0.76709	0.00242	0.00347
AGG	ATG	GT	0.89837	0.00507	0.00768	-0.89837	0.01244	0.00768
AGG	ACG	GC	-0.67233	0.00522	0.00366	0.67233	0.00267	0.00366
AGG	AAG	GA	2.07076	0.02826	0.06696	-2.07076	0.22411	0.06696
AGG	AGT	GT	1.18008	0.00507	0.00863	-1.18008	0.01649	0.00863
AGG	AGC	GC	0.28033	0.00522	0.00599	-0.28033	0.00691	0.00599
AGG	AGA	GA	-0.24836	0.02826	0.02489	0.24836	0.02204	0.02489
GTT	TTT	GT	0.81420	0.01662	0.02429	-0.81420	0.03751	0.02429
GTT	CTT	GC	-0.50226	0.01713	0.01319	0.50226	0.01037	0.01319
GTT	ATT	GA	0.34738	0.09271	0.10974	-0.34738	0.13121	0.10974
GTC	TTC	GT	0.63860	0.01475	0.01996	-0.63860	0.02794	0.01996
GTC	CTC	GC	-0.13926	0.01520	0.01417	0.13926	0.01323	0.01417
GTC	ATC	GA	0.62862	0.08230	0.11085	-0.62862	0.15431	0.11085
GTC	GTT	CT	0.14937	0.07843	0.08443	-0.14937	0.09107	0.08443
GTA	TTA	GT	-2.89059	0.00178	0.00030	2.89059	0.00010	0.00030
GTA	CTA	GC	1.46118	0.00183	0.00349	-1.46118	0.00790	0.00349
GTA	ATA	GA	0.46249	0.00992	0.01238	-0.46249	0.01575	0.01238
GTA	GTT	AT	2.28349	0.00178	0.00452	-2.28349	0.01744	0.00452
GTA	GTC	AC	2.13412	0.00183	0.00443	-2.13412	0.01548	0.00443
GTG	TTG	GT	-0.46017	0.03128	0.02463	0.46017	0.01974	0.02463
GTG	CTG	GC	0.14615	0.03224	0.03465	-0.14615	0.03731	0.03465
GTG	ATG	GA	-0.97032	0.17451	0.10332	0.97032	0.06613	0.10332
GTG	GTT	GT	-0.52738	0.03128	0.02375	0.52738	0.01846	0.02375
GTG	GTC	GC	-0.67676	0.03224	0.02255	0.67676	0.01639	0.02255
GTG	GTA	GA	-2.81087	0.17451	0.03139	2.81087	0.01050	0.03139
GCT	TCT	GT	-0.77932	0.01786	0.01180	0.77932	0.00819	0.01180
GCT	CCT	GC	-0.88461	0.01841	0.01145	0.88461	0.00760	0.01145
GCT	ACT	GA	-0.58284	0.09965	0.07341	0.58284	0.05563	0.07341
GCT	GTT	CT	-0.04194	0.09497	0.09299	0.04194	0.09107	0.09299
GCC	TCC	GT	-0.21676	0.00969	0.00867	0.21676	0.00780	0.00867
GCC	CCC	GC	0.47729	0.00998	0.01256	-0.47729	0.01609	0.01256
GCC	ACC	GA	-0.19167	0.05404	0.04902	0.19167	0.04461	0.04902
GCC	GTC	CT	0.45089	0.05150	0.06398	-0.45089	0.08084	0.06398
GCC	GCT	CT	0.64221	0.05150	0.06979	-0.64221	0.09788	0.06979
GCA	TCA	GT	-0.55097	0.00942	0.00706	0.55097	0.00543	0.00706
GCA	CCA	GC	0.47404	0.00971	0.01219	-0.47404	0.01560	0.01219
GCA	ACA	GA	0.22190	0.05255	0.05860	-0.22190	0.06561	0.05860
GCA	GTA	CT	-1.63745	0.05008	0.01980	1.63745	0.00974	0.01980
GCA	GCT	AT	0.68798	0.00942	0.01303	-0.68798	0.01874	0.01303
GCA	GCC	AC	0.04577	0.00971	0.00993	-0.04577	0.01016	0.00993
GCG	TCG	GT	-3.53245	0.00675	0.00072	3.53245	0.00020	0.00072
GCG	CCG	GC	-0.96001	0.00696	0.00415	0.96001	0.00267	0.00415
GCG	ACG	GA	-0.97787	0.03768	0.02221	0.97787	0.01417	0.02221
GCG	GTG	CT	1.56315	0.03591	0.07100	-1.56315	0.17142	0.07100
GCG	GCT	GT	1.07771	0.00675	0.01103	-1.07771	0.01984	0.01103
GCG	GCC	GC	0.43550	0.00696	0.00859	-0.43550	0.01076	0.00859
GCG	GCA	GA	0.38973	0.03768	0.04550	-0.38973	0.05563	0.04550
GAT	TAT	GT	-1.55753	0.06514	0.02708	1.55753	0.01372	0.02708
GAT	CAT	GC	-2.07961	0.06714	0.01994	2.07961	0.00839	0.01994
GAT	AAT	GA	-1.72794	0.36339	0.13565	1.72794	0.06456	0.13565
GAT	GTT	AT	-1.31792	0.06514	0.03138	1.31792	0.01744	0.03138
GAT	GCT	AC	-1.27598	0.06714	0.03318	1.27598	0.01874	0.03318
GAC	TAC	GT	-1.33886	0.07607	0.03618	1.33886	0.01994	0.03618
GAC	CAC	GC	-2.30794	0.07840	0.01999	2.30794	0.00780	0.01999
GAC	AAC	GA	-1.43255	0.42437	0.19061	1.43255	0.10130	0.19061
GAC	GTC	AT	-1.59217	0.07607	0.03094	1.59217	0.01548	0.03094
GAC	GCC	AC	-2.04306	0.07840	0.02386	2.04306	0.01016	0.02386
GAC	GAT	CT	-0.12487	0.40443	0.37971	0.12487	0.35696	0.37971
GAA	CAA	GC	-1.71687	0.04067	0.01529	1.71687	0.00731	0.01529
GAA	AAA	GA	-0.45907	0.22012	0.17344	0.45907	0.13909	0.17344
GAA	GTA	AT	-3.05198	0.03946	0.00597	3.05198	0.00186	0.00597
GAA	GCA	AC	-1.41453	0.04067	0.01847	1.41453	0.00988	0.01847
GAA	GAT	AT	0.54944	0.03946	0.05128	-0.54944	0.06835	0.05128
GAA	GAC	AC	0.67431	0.04067	0.05591	-0.67431	0.07982	0.05591
GAG	CAG	GC	-1.53812	0.07721	0.03249	1.53812	0.01658	0.03249
GAG	AAG	GA	-0.62316	0.41792	0.30114	0.62316	0.22411	0.30114
GAG	GTG	AT	-0.82522	0.07491	0.04821	0.82522	0.03282	0.04821
GAG	GCG	AC	-2.38837	0.07721	0.01864	2.38837	0.00709	0.01864
GAG	GAT	GT	-0.03468	0.07491	0.07362	0.03468	0.07236	0.07362
GAG	GAC	GC	0.09019	0.07721	0.08075	-0.09019	0.08450	0.08075
GAG	GAA	GA	-0.58412	0.41792	0.30768	0.58412	0.23303	0.30768
GGT	TGT	GT	-1.61763	0.00498	0.00199	1.61763	0.00099	0.00199
GGT	CGT	GC	-1.11725	0.00513	0.00279	1.11725	0.00168	0.00279
GGT	AGT	GA	1.14967	0.02776	0.04671	-1.14967	0.08765	0.04671
GGT	GTT	GT	1.31090	0.00498	0.00893	-1.31090	0.01846	0.00893
GGT	GCT	GC	1.35284	0.00513	0.00936	-1.35284	0.01984	0.00936
GGT	GAT	GA	2.62882	0.02776	0.07866	-2.62882	0.38471	0.07866
GGC	TGC	GT	-0.83220	0.01066	0.00683	0.83220	0.00464	0.00683
GGC	CGC	GC	0.02359	0.01099	0.01112	-0.02359	0.01125	0.01112
GGC	AGC	GA	-0.48197	0.05949	0.04630	0.48197	0.03674	0.04630
GGC	GTC	GT	0.42964	0.01066	0.01312	-0.42964	0.01639	0.01312
GGC	GCC	GC	-0.02126	0.01099	0.01087	0.02126	0.01076	0.01087
GGC	GAC	GA	2.02180	0.05949	0.13864	-2.02180	0.44927	0.13864
GGC	GGT	CT	-0.73189	0.05670	0.03846	0.73189	0.02727	0.03846
GGA	CGA	GC	-8.54272	0.00513	0.00001	8.54272	0.00000	0.00000
GGA	AGA	GA	-0.23066	0.02776	0.02468	0.23066	0.02204	0.02468
GGA	GTA	GT	-0.92448	0.00498	0.00303	0.92448	0.00197	0.00303
GGA	GCA	GC	0.71297	0.00513	0.00717	-0.71297	0.01046	0.00717
GGA	GAA	GA	2.12750	0.02776	0.06705	-2.12750	0.23303	0.06705
GGA	GGT	AT	0.04811	0.00498	0.00510	-0.04811	0.00522	0.00510
GGA	GGC	AC	0.78000	0.00513	0.00739	-0.78000	0.01119	0.00739
GGG	TGG	GT	0.16865	0.01084	0.01178	-0.16865	0.01283	0.01178
GGG	CGG	GC	-1.47104	0.01117	0.00490	1.47104	0.00257	0.00490
GGG	AGG	GA	-0.70394	0.06048	0.04167	0.70394	0.02992	0.04167
GGG	GTG	GT	1.16475	0.01084	0.01835	-1.16475	0.03475	0.01835
GGG	GCG	GC	-0.39840	0.01117	0.00910	0.39840	0.00750	0.00910
GGG	GAG	GA	1.98997	0.06048	0.13942	-1.98997	0.44245	0.13942
GGG	GGT	GT	-0.67353	0.01084	0.00760	0.67353	0.00553	0.00760
GGG	GGC	GC	0.05836	0.01117	0.01150	-0.05836	0.01185	0.01150
GGG	GGA	GA	-0.72164	0.06048	0.04126	0.72164	0.02939	0.04126


Histograms
2Ns	FMut	FSub(CodonUsage)	FSubw(after w)

-9.26641	0.00361	0.00000
-8.33977	0.00044	0.00000
-7.41313	0.00072	0.00000
-6.48649	0.00000	0.00000
-5.55985	0.00796	0.00024
-4.63321	0.00669	0.00041
-3.70657	0.00641	0.00075
-2.77992	0.05207	0.01291
-1.85328	0.21463	0.09742
-0.92664	0.26327	0.21222
0.00000	0.28535	0.35211
0.92664	0.11789	0.21222
1.85328	0.03709	0.09742
2.77992	0.00361	0.01291
3.70657	0.00016	0.00075
4.63321	0.00007	0.00041
5.55985	0.00003	0.00024
6.48649	0.00000	0.00000
7.41313	0.00000	0.00000
8.33977	0.00000	0.00000
9.26641	0.00000	0.00000

Proportion of advantageous (S > 0) mutations:
 0.28437

Proportions of good & bad mutations (|S| > 2.0000) among mutations:
0.01160  0.14028

mean |Ns| = 1.11896	mean Ns+ = 0.68521	mean Ns- = -1.29131


MLEs of dN/dS (w) for site classes (K=3)

site class             0         1         2
proportion        0.64665   0.25277   0.10058
branch type 0:    0.00000   1.00000   0.00000
branch type 1:    0.00000   1.00000   2.88934

Naive Empirical Bayes (NEB) probabilities for 3 classes
(amino acids refer to 1st sequence: Bbon)

   1 M   0.81906 0.11928 0.06166 ( 1)
   2 K   0.00000 1.00000 0.00000 ( 2)
   3 R   0.00001 0.99999 0.00000 ( 2)
   4 T   0.80857 0.12717 0.06426 ( 1)
   5 H   0.00001 0.99999 0.00000 ( 2)
   6 L   0.67867 0.22710 0.09422 ( 1)
   7 F   0.71552 0.19792 0.08656 ( 1)
   8 V   0.72902 0.18743 0.08355 ( 1)
   9 M   0.00000 1.00000 0.00000 ( 2)
  10 A   0.00001 0.99999 0.00000 ( 2)
  11 V   0.78490 0.14481 0.07030 ( 1)
  12 Y   0.73713 0.18120 0.08167 ( 1)
  13 L   0.67867 0.22710 0.09422 ( 1)
  14 L   0.67867 0.22710 0.09422 ( 1)
  15 S   0.81516 0.12232 0.06251 ( 1)
  16 S   0.81516 0.12232 0.06251 ( 1)
  17 C   0.84530 0.10029 0.05441 ( 1)
  18 R   0.84987 0.09700 0.05313 ( 1)
  19 A   0.75599 0.16672 0.07729 ( 1)
  20 E   0.00000 0.44280 0.55720 ( 3)
  21 E   0.72631 0.18948 0.08420 ( 1)
  22 G   0.80860 0.12718 0.06422 ( 1)
  23 L   0.68226 0.22302 0.09472 ( 1)
  24 N   0.00001 0.99999 0.00000 ( 2)
  25 F   0.73432 0.18334 0.08234 ( 1)
  26 P   0.74602 0.17433 0.07965 ( 1)
  27 T   0.80857 0.12717 0.06426 ( 1)
  28 Y   0.73946 0.17946 0.08108 ( 1)
  29 D   0.71261 0.20016 0.08724 ( 1)
  30 G   0.81170 0.12488 0.06342 ( 1)
  31 K   0.00000 0.99999 0.00000 ( 2)
  32 D   0.71348 0.19986 0.08666 ( 1)
  33 R   0.75236 0.17003 0.07761 ( 1)
  34 V   0.73203 0.18638 0.08160 ( 1)
  35 V   0.78656 0.14423 0.06921 ( 1)
  36 S   0.74662 0.17439 0.07900 ( 1)
  37 L   0.73008 0.18728 0.08264 ( 1)
  38 T   0.81024 0.12665 0.06311 ( 1)
  39 E   0.72735 0.18913 0.08352 ( 1)
  40 K   0.75131 0.17084 0.07785 ( 1)
  41 N   0.81084 0.12612 0.06304 ( 1)
  42 F   0.73545 0.18295 0.08160 ( 1)
  43 K   0.75131 0.17084 0.07785 ( 1)
  44 Q   0.72604 0.19042 0.08354 ( 1)
  45 V   0.78466 0.14563 0.06970 ( 1)
  46 L   0.00000 1.00000 0.00000 ( 2)
  47 K   0.75131 0.17084 0.07785 ( 1)
  48 K   0.75216 0.17017 0.07767 ( 1)
  49 Y   0.00000 0.43942 0.56058 ( 3)
  50 D   0.71348 0.19986 0.08666 ( 1)
  51 L   0.70009 0.21079 0.08912 ( 1)
  52 L   0.79074 0.14176 0.06750 ( 1)
  53 C   0.85302 0.09674 0.05025 ( 1)
  54 L   0.79099 0.14149 0.06752 ( 1)
  55 Y   0.73715 0.18206 0.08079 ( 1)
  56 Y   0.00000 0.43989 0.56011 ( 3)
  57 H   0.78772 0.14394 0.06833 ( 1)
  58 E   0.72632 0.19027 0.08341 ( 1)
  59 P   0.74605 0.17526 0.07869 ( 1)
  60 V   0.00000 1.00000 0.00000 ( 2)
  61 S   0.80426 0.13170 0.06404 ( 1)
  62 S   0.76810 0.15216 0.07973 ( 1)
  63 D   0.70720 0.20507 0.08773 ( 1)
  64 K   0.75088 0.17158 0.07753 ( 1)
  65 A   0.00000 1.00000 0.00000 ( 2)
  66 A   0.00000 1.00000 0.00000 ( 2)
  67 Q   0.72503 0.19155 0.08342 ( 1)
  68 K   0.75088 0.17158 0.07753 ( 1)
  69 Q   0.00000 0.30784 0.69216 ( 3)
  70 F   0.00000 0.45017 0.54983 ( 3)
  71 Q   0.72423 0.19236 0.08341 ( 1)
  72 M   0.00000 1.00000 0.00000 ( 2)
  73 K   0.75088 0.17158 0.07753 ( 1)
  74 E   0.72942 0.18838 0.08220 ( 1)
  75 I   0.73561 0.18368 0.08071 ( 1)
  76 V   0.73602 0.18045 0.08352 ( 1)
  77 L   0.67811 0.22809 0.09380 ( 1)
  78 E   0.72504 0.19170 0.08326 ( 1)
  79 F   0.70061 0.20300 0.09639 ( 1)
  80 D   0.00000 0.42705 0.57295 ( 3)
  81 E   0.71261 0.19219 0.09519 ( 1)
  82 E   0.71261 0.19219 0.09519 ( 1)
  83 G   0.77344 0.13910 0.08746 ( 1)
  84 S   0.72413 0.18191 0.09395 ( 1)
  85 L   0.67164 0.22950 0.09886 ( 1)
  86 Y   0.71937 0.18616 0.09447 ( 1)
  87 V   0.00000 0.99999 0.00000 ( 2)
  88 L   0.76066 0.15051 0.08883 ( 1)
  89 K   0.72778 0.17868 0.09354 ( 1)
  90 G   0.81714 0.10302 0.07984 ( 1)
  91 D   0.69408 0.20892 0.09699 ( 1)
  92 R   0.72862 0.17794 0.09344 ( 1)
  93 T   0.72367 0.18233 0.09400 ( 1)
  94 I   0.72918 0.17744 0.09338 ( 1)
  95 E   0.70914 0.19531 0.09555 ( 1)
  96 F   0.70061 0.20300 0.09639 ( 1)
  97 D   0.69408 0.20892 0.09699 ( 1)
  98 G   0.77748 0.13569 0.08684 ( 1)
  99 E   0.70914 0.19531 0.09555 ( 1)
 100 F   0.70061 0.20300 0.09639 ( 1)
 101 A   0.73612 0.17241 0.09147 ( 1)
 102 A   0.73197 0.17498 0.09305 ( 1)
 103 D   0.69408 0.20892 0.09699 ( 1)
 104 V   0.75569 0.15428 0.09003 ( 1)
 105 L   0.68799 0.21450 0.09751 ( 1)
 106 V   0.71122 0.19344 0.09534 ( 1)
 107 E   0.70914 0.19531 0.09555 ( 1)
 108 F   0.70083 0.20275 0.09642 ( 1)
 109 L   0.76052 0.15013 0.08936 ( 1)
 110 L   0.68799 0.21450 0.09751 ( 1)
 111 D   0.69682 0.20679 0.09639 ( 1)
 112 L   0.00001 0.99999 0.00000 ( 2)
 113 I   0.00000 1.00000 0.00000 ( 2)
 114 E   0.72546 0.18787 0.08667 ( 1)
 115 D   0.70840 0.20159 0.09001 ( 1)
 116 P   0.73216 0.18500 0.08285 ( 1)
 117 V   0.72902 0.18743 0.08355 ( 1)
 118 E   0.72631 0.18948 0.08420 ( 1)
 119 I   0.73701 0.18123 0.08176 ( 1)
 120 I   0.73701 0.18123 0.08176 ( 1)
 121 N   0.00001 0.99999 0.00000 ( 2)
 122 S   0.82530 0.11482 0.05988 ( 1)
 123 K   0.75084 0.17063 0.07853 ( 1)
 124 L   0.67867 0.22710 0.09422 ( 1)
 125 E   0.73075 0.18606 0.08318 ( 1)
 126 V   0.78489 0.14481 0.07030 ( 1)
 127 Q   0.72423 0.19159 0.08418 ( 1)
 128 A   0.78688 0.14333 0.06980 ( 1)
 129 F   0.71552 0.19792 0.08656 ( 1)
 130 E   0.72631 0.18948 0.08420 ( 1)
 131 R   0.75104 0.17049 0.07847 ( 1)
 132 I   0.75171 0.16994 0.07835 ( 1)
 133 E   0.72631 0.18948 0.08420 ( 1)
 134 D   0.71261 0.20016 0.08724 ( 1)
 135 H   0.78763 0.14280 0.06957 ( 1)
 136 I   0.73701 0.18123 0.08176 ( 1)
 137 K   0.75084 0.17063 0.07853 ( 1)
 138 L   0.79089 0.14033 0.06878 ( 1)
 139 I   0.73785 0.18030 0.08185 ( 1)
 140 G   0.81170 0.12488 0.06342 ( 1)
 141 F   0.71552 0.19792 0.08656 ( 1)
 142 F   0.73432 0.18334 0.08234 ( 1)
 143 K   0.75000 0.17129 0.07871 ( 1)
 144 S   0.74536 0.17482 0.07982 ( 1)
 145 E   0.72634 0.18945 0.08421 ( 1)
 146 D   0.71261 0.20016 0.08724 ( 1)
 147 S   0.74906 0.17220 0.07874 ( 1)
 148 -   0.71830 0.19843 0.08327 ( 1)
 149 -   0.00000 1.00000 0.00000 ( 2)
 150 Y   0.73266 0.18273 0.08462 ( 1)
 151 K   0.74495 0.17302 0.08203 ( 1)
 152 A   0.74996 0.16906 0.08098 ( 1)
 153 F   0.71205 0.19911 0.08884 ( 1)
 154 E   0.72657 0.18750 0.08593 ( 1)
 155 E   0.72234 0.19084 0.08682 ( 1)
 156 A   0.75068 0.16853 0.08078 ( 1)
 157 A   0.74996 0.16906 0.08098 ( 1)
 158 E   0.72657 0.18750 0.08593 ( 1)
 159 H   0.78104 0.14505 0.07391 ( 1)
 160 F   0.72998 0.18483 0.08520 ( 1)
 161 Q   0.72112 0.19211 0.08678 ( 1)
 162 P   0.80986 0.12263 0.06751 ( 1)
 163 Y   0.73266 0.18273 0.08462 ( 1)
 164 I   0.73254 0.18276 0.08469 ( 1)
 165 K   0.74575 0.17237 0.08187 ( 1)
 166 F   0.71205 0.19911 0.08884 ( 1)
 167 F   0.71205 0.19911 0.08884 ( 1)
 168 A   0.74996 0.16906 0.08098 ( 1)
 169 T   0.79685 0.13297 0.07018 ( 1)
 170 F   0.72998 0.18483 0.08520 ( 1)
 171 D   0.70928 0.20129 0.08942 ( 1)
 172 K   0.74575 0.17237 0.08187 ( 1)
 173 G   0.80128 0.12967 0.06906 ( 1)
 174 V   0.76294 0.16245 0.07461 ( 1)
 175 A   0.73920 0.18048 0.08032 ( 1)
 176 K   0.73399 0.18445 0.08156 ( 1)
 177 K   0.73472 0.18387 0.08140 ( 1)
 178 L   0.69112 0.21786 0.09102 ( 1)
 179 S   0.79189 0.14086 0.06726 ( 1)
 180 L   0.69112 0.21786 0.09102 ( 1)
 181 K   0.73399 0.18445 0.08156 ( 1)
 182 M   0.79542 0.13806 0.06652 ( 1)
 183 N   0.81762 0.12181 0.06058 ( 1)
 184 E   0.71359 0.20006 0.08636 ( 1)
 185 V   0.76297 0.16242 0.07461 ( 1)
 186 D   0.70191 0.20910 0.08899 ( 1)
 187 F   0.72046 0.19481 0.08473 ( 1)
 188 Y   0.72485 0.19154 0.08361 ( 1)
 189 E   0.71359 0.20006 0.08636 ( 1)
 190 P   0.71391 0.19982 0.08627 ( 1)
 191 F   0.70439 0.20722 0.08840 ( 1)
 192 M   0.79542 0.13806 0.06652 ( 1)
 193 D   0.70177 0.20925 0.08897 ( 1)
 194 E   0.71359 0.20006 0.08636 ( 1)
 195 P   0.73055 0.18708 0.08238 ( 1)
 196 I   0.73548 0.18328 0.08125 ( 1)
 197 A   0.76638 0.15988 0.07374 ( 1)
 198 I   0.72277 0.19301 0.08422 ( 1)
 199 P   0.75783 0.16566 0.07651 ( 1)
 200 D   0.70102 0.20941 0.08957 ( 1)
 201 K   0.00000 0.43808 0.56192 ( 3)
 202 P   0.72924 0.18753 0.08323 ( 1)
 203 Y   0.72168 0.19339 0.08493 ( 1)
 204 T   0.72819 0.18833 0.08348 ( 1)
 205 E   0.71628 0.19753 0.08620 ( 1)
 206 E   0.00000 0.44221 0.55779 ( 3)
 207 E   0.71181 0.20067 0.08753 ( 1)
 208 L   0.76916 0.15658 0.07426 ( 1)
 209 V   0.71407 0.19894 0.08699 ( 1)
 210 E   0.00000 0.44482 0.55518 ( 3)
 211 F   0.70303 0.20761 0.08937 ( 1)
 212 V   0.71203 0.20067 0.08729 ( 1)
 213 K   0.72921 0.18735 0.08344 ( 1)
 214 E   0.70983 0.20235 0.08782 ( 1)
 215 H   0.80037 0.13334 0.06629 ( 1)
 216 Q   0.70827 0.20405 0.08768 ( 1)
 217 -   0.72170 0.17799 0.10031 ( 1)
 218 -   0.68588 0.21460 0.09952 ( 1)
 219 -   0.71153 0.19016 0.09830 ( 1)
 220 -   0.68707 0.21192 0.10101 ( 1)
 221 -   0.00000 0.99999 0.00000 ( 2)
 222 -   0.69740 0.20180 0.10080 ( 1)
 223 -   0.67189 0.22722 0.10089 ( 1)
 224 -   0.69740 0.20180 0.10080 ( 1)
 225 -   0.68520 0.21392 0.10088 ( 1)
 226 -   0.68721 0.21191 0.10088 ( 1)
 227 -   0.67561 0.22350 0.10089 ( 1)
 228 -   0.73396 0.16611 0.09992 ( 1)
 229 -   0.67968 0.21943 0.10089 ( 1)
 230 -   0.68682 0.21225 0.10093 ( 1)
 231 -   0.69423 0.20493 0.10083 ( 1)
 232 -   0.67218 0.22694 0.10088 ( 1)
 233 E   0.73184 0.18569 0.08247 ( 1)
 234 D   0.70801 0.20417 0.08783 ( 1)
 235 D   0.70801 0.20417 0.08783 ( 1)
 236 L   0.70049 0.21034 0.08917 ( 1)
 237 N   0.81055 0.12643 0.06302 ( 1)
 238 G   0.81047 0.12653 0.06300 ( 1)
 239 I   0.73818 0.18083 0.08099 ( 1)
 240 H   0.83490 0.10858 0.05652 ( 1)
 241 I   0.75304 0.16948 0.07748 ( 1)
 242 V   0.73009 0.18706 0.08285 ( 1)
 243 A   0.78856 0.14274 0.06870 ( 1)
 244 F   0.71835 0.19643 0.08522 ( 1)
 245 A   0.79284 0.13908 0.06808 ( 1)
 246 E   0.72735 0.18913 0.08352 ( 1)
 247 R   0.85109 0.09722 0.05169 ( 1)
 248 S   0.74662 0.17439 0.07900 ( 1)
 249 D   0.70801 0.20417 0.08783 ( 1)
 250 P   0.72773 0.18885 0.08342 ( 1)
 251 D   0.70720 0.20444 0.08836 ( 1)
 252 G   0.81170 0.12488 0.06342 ( 1)
 253 Y   0.73856 0.18046 0.08098 ( 1)
 254 E   0.72631 0.18948 0.08420 ( 1)
 255 F   0.73432 0.18334 0.08234 ( 1)
 256 L   0.67867 0.22710 0.09422 ( 1)
 257 E   0.72631 0.18948 0.08420 ( 1)
 258 I   0.73701 0.18123 0.08175 ( 1)
 259 L   0.67867 0.22710 0.09422 ( 1)
 260 K   0.75000 0.17129 0.07871 ( 1)
 261 Q   0.72479 0.19079 0.08442 ( 1)
 262 V   0.78302 0.14620 0.07078 ( 1)
 263 A   0.75524 0.16725 0.07751 ( 1)
 264 R   0.85579 0.09333 0.05087 ( 1)
 265 D   0.71261 0.20016 0.08724 ( 1)
 266 N   0.80869 0.12708 0.06423 ( 1)
 267 T   0.83213 0.11160 0.05628 ( 1)
 268 D   0.71261 0.20016 0.08724 ( 1)
 269 N   0.80869 0.12708 0.06423 ( 1)
 270 P   0.77916 0.14915 0.07169 ( 1)
 271 D   0.71261 0.20016 0.08724 ( 1)
 272 L   0.68834 0.22220 0.08947 ( 1)
 273 S   0.82530 0.11482 0.05988 ( 1)
 274 I   0.73732 0.18089 0.08179 ( 1)
 275 V   0.00001 0.99999 0.00000 ( 2)
 276 W   0.70026 0.21006 0.08967 ( 1)
 277 I   0.73701 0.18123 0.08175 ( 1)
 278 D   0.71261 0.20016 0.08724 ( 1)
 279 P   0.72669 0.18921 0.08410 ( 1)
 280 D   0.70763 0.20414 0.08823 ( 1)
 281 D   0.71261 0.20016 0.08724 ( 1)
 282 F   0.71552 0.19792 0.08656 ( 1)
 283 P   0.77916 0.14915 0.07169 ( 1)
 284 L   0.67867 0.22710 0.09422 ( 1)
 285 L   0.79522 0.13782 0.06696 ( 1)
 286 V   0.78466 0.14563 0.06970 ( 1)
 287 A   0.78685 0.14460 0.06855 ( 1)
 288 Y   0.74059 0.17912 0.08029 ( 1)
 289 W   0.70097 0.20982 0.08921 ( 1)
 290 E   0.73184 0.18569 0.08247 ( 1)
 291 K   0.75131 0.17084 0.07785 ( 1)
 292 T   0.80586 0.12989 0.06425 ( 1)
 293 F   0.73545 0.18295 0.08160 ( 1)
 294 K   0.75131 0.17084 0.07785 ( 1)
 295 I   0.75304 0.16948 0.07748 ( 1)
 296 D   0.71348 0.19986 0.08666 ( 1)
 297 L   0.73008 0.18728 0.08264 ( 1)
 298 F   0.73545 0.18295 0.08160 ( 1)
 299 K   0.75131 0.17084 0.07785 ( 1)
 300 P   0.72814 0.18867 0.08319 ( 1)
 301 Q   0.72604 0.19042 0.08354 ( 1)
 302 I   0.75304 0.16948 0.07748 ( 1)
 303 G   0.80866 0.12787 0.06346 ( 1)
 304 V   0.73009 0.18706 0.08285 ( 1)
 305 V   0.73009 0.18706 0.08285 ( 1)
 306 N   0.84502 0.10125 0.05374 ( 1)
 307 V   0.78466 0.14563 0.06970 ( 1)
 308 T   0.74605 0.17484 0.07912 ( 1)
 309 D   0.70801 0.20417 0.08783 ( 1)
 310 A   0.75661 0.16678 0.07661 ( 1)
 311 D   0.71348 0.19986 0.08666 ( 1)
 312 S   0.74662 0.17439 0.07900 ( 1)
 313 V   0.78656 0.14423 0.06921 ( 1)
 314 W   0.70097 0.20982 0.08921 ( 1)
 315 M   0.82100 0.11861 0.06039 ( 1)
 316 E   0.72736 0.18911 0.08352 ( 1)
 317 I   0.75304 0.16948 0.07748 ( 1)
 318 P   0.73039 0.18589 0.08373 ( 1)
 319 D   0.00000 0.44609 0.55391 ( 3)
 320 G   0.86035 0.09048 0.04917 ( 1)
 321 D   0.70801 0.20417 0.08783 ( 1)
 322 D   0.00000 1.00000 0.00000 ( 2)
 323 L   0.67910 0.22696 0.09394 ( 1)
 324 P   0.74728 0.17390 0.07882 ( 1)
 325 T   0.74605 0.17484 0.07912 ( 1)
 326 A   0.75661 0.16678 0.07661 ( 1)
 327 E   0.72735 0.18913 0.08352 ( 1)
 328 E   0.72735 0.18913 0.08352 ( 1)
 329 L   0.67910 0.22696 0.09394 ( 1)
 330 E   0.73184 0.18569 0.08247 ( 1)
 331 D   0.71348 0.19986 0.08666 ( 1)
 332 W   0.70097 0.20982 0.08921 ( 1)
 333 I   0.00000 0.43738 0.56262 ( 3)
 334 E   0.72735 0.18913 0.08352 ( 1)
 335 D   0.70849 0.20391 0.08761 ( 1)
 336 V   0.73009 0.18706 0.08285 ( 1)
 337 L   0.79522 0.13782 0.06696 ( 1)
 338 S   0.80537 0.13049 0.06413 ( 1)
 339 G   0.81047 0.12653 0.06300 ( 1)
 340 K   0.75131 0.17084 0.07785 ( 1)
 341 I   0.86714 0.08529 0.04756 ( 1)
 342 N   0.00000 0.41392 0.58607 ( 3)
 343 T   0.80586 0.12989 0.06425 ( 1)
 344 E   0.72776 0.18867 0.08357 ( 1)
 345 D   0.70902 0.20303 0.08795 ( 1)
 346 D   0.70752 0.20432 0.08816 ( 1)
 347 D   0.71292 0.20005 0.08702 ( 1)
 348 N   0.00000 1.00000 0.00000 ( 2)
 349 E   0.73096 0.18614 0.08290 ( 1)
 350 D   0.70749 0.20435 0.08816 ( 1)
 351 E   0.73115 0.18594 0.08292 ( 1)
 352 E   0.00000 0.99756 0.00244 ( 2)
 353 D   0.70749 0.20435 0.08816 ( 1)
 354 E   0.73115 0.18594 0.08292 ( 1)
 355 E   0.72669 0.18936 0.08395 ( 1)
 356 D   0.70807 0.20366 0.08827 ( 1)
 357 D   0.71348 0.19986 0.08666 ( 1)
 358 D   0.00000 0.46583 0.53417 ( 3)
 359 D   0.71342 0.19993 0.08666 ( 1)
 360 N   0.00000 0.42136 0.57864 ( 3)
 361 -   0.00000 1.00000 0.00000 ( 2)
 362 D   0.00000 0.46019 0.53980 ( 3)
 363 D   0.70851 0.20314 0.08835 ( 1)
 364 D   0.71348 0.19986 0.08666 ( 1)
 365 N   0.00000 1.00000 0.00000 ( 2)
 366 D   0.69837 0.20503 0.09660 ( 1)
 367 N   0.80367 0.11393 0.08241 ( 1)
 368 S   0.77125 0.14096 0.08779 ( 1)
 369 D   0.69794 0.20509 0.09698 ( 1)
 370 E   0.70885 0.19327 0.09788 ( 1)
 371 E   0.00000 1.00000 0.00000 ( 2)
 372 D   0.00000 0.91643 0.08357 ( 2)
 373 D   0.00000 1.00000 0.00000 ( 2)
 374 D   0.00000 0.47370 0.52630 ( 3)
 375 D   0.71348 0.19986 0.08666 ( 1)
 376 S   0.00000 0.20789 0.79211 ( 3)
 377 D   0.00000 0.44278 0.55722 ( 3)
 378 D   0.00000 0.46501 0.53499 ( 3)
 379 D   0.00000 1.00000 0.00000 ( 2)
 380 E   0.00000 1.00000 0.00000 ( 2)
 381 D   0.71292 0.20005 0.08702 ( 1)


lnL = -2369.856227

Bayes Empirical Bayes (BEB) probabilities for 3 classes (class)
(amino acids refer to 1st sequence: Bbon)

   1 M   0.81212 0.07389 0.11399 ( 1)
   2 K   0.22935 0.48922 0.28143 ( 2)
   3 R   0.32008 0.43877 0.24115 ( 2)
   4 T   0.80414 0.07854 0.11732 ( 1)
   5 H   0.33080 0.42981 0.23939 ( 2)
   6 L   0.70030 0.13729 0.16241 ( 1)
   7 F   0.73101 0.12017 0.14882 ( 1)
   8 V   0.74199 0.11400 0.14401 ( 1)
   9 M   0.21681 0.49424 0.28895 ( 2)
  10 A   0.27786 0.46190 0.26024 ( 2)
  11 V   0.78606 0.08893 0.12502 ( 1)
  12 Y   0.74851 0.11033 0.14116 ( 1)
  13 L   0.70030 0.13729 0.16241 ( 1)
  14 L   0.70030 0.13729 0.16241 ( 1)
  15 S   0.80912 0.07567 0.11520 ( 1)
  16 S   0.80912 0.07567 0.11520 ( 1)
  17 C   0.83171 0.06265 0.10564 ( 1)
  18 R   0.83511 0.06070 0.10419 ( 1)
  19 A   0.76352 0.10182 0.13467 ( 1)
  20 E   0.14028 0.31904 0.54069 ( 3)
  21 E   0.73981 0.11521 0.14498 ( 1)
  22 G   0.80416 0.07854 0.11731 ( 1)
  23 L   0.70358 0.13497 0.16145 ( 1)
  24 N   0.29956 0.44885 0.25159 ( 2)
  25 F   0.74626 0.11160 0.14214 ( 1)
  26 P   0.75562 0.10630 0.13808 ( 1)
  27 T   0.80414 0.07854 0.11732 ( 1)
  28 Y   0.75036 0.10931 0.14033 ( 1)
  29 D   0.72864 0.12149 0.14988 ( 1)
  30 G   0.80650 0.07718 0.11631 ( 1)
  31 K   0.23807 0.48216 0.27977 ( 2)
  32 D   0.72927 0.12129 0.14944 ( 1)
  33 R   0.76053 0.10374 0.13572 ( 1)
  34 V   0.74416 0.11332 0.14252 ( 1)
  35 V   0.78720 0.08856 0.12424 ( 1)
  36 S   0.75598 0.10631 0.13771 ( 1)
  37 L   0.74271 0.11386 0.14343 ( 1)
  38 T   0.80526 0.07821 0.11653 ( 1)
  39 E   0.74056 0.11498 0.14446 ( 1)
  40 K   0.75970 0.10422 0.13608 ( 1)
  41 N   0.80573 0.07790 0.11637 ( 1)
  42 F   0.74707 0.11134 0.14159 ( 1)
  43 K   0.75970 0.10422 0.13608 ( 1)
  44 Q   0.73943 0.11571 0.14485 ( 1)
  45 V   0.78574 0.08939 0.12487 ( 1)
  46 L   0.18686 0.51220 0.30094 ( 2)
  47 K   0.75970 0.10422 0.13608 ( 1)
  48 K   0.76038 0.10383 0.13579 ( 1)
  49 Y   0.14725 0.31611 0.53665 ( 3)
  50 D   0.72927 0.12129 0.14944 ( 1)
  51 L   0.71814 0.12767 0.15419 ( 1)
  52 L   0.79027 0.08709 0.12264 ( 1)
  53 C   0.83704 0.06050 0.10246 ( 1)
  54 L   0.79048 0.08693 0.12259 ( 1)
  55 Y   0.74835 0.11080 0.14085 ( 1)
  56 Y   0.14569 0.31668 0.53763 ( 3)
  57 H   0.78797 0.08837 0.12366 ( 1)
  58 E   0.73966 0.11564 0.14470 ( 1)
  59 P   0.75545 0.10680 0.13775 ( 1)
  60 V   0.20943 0.50069 0.28988 ( 2)
  61 S   0.80059 0.08116 0.11825 ( 1)
  62 S   0.77419 0.09348 0.13233 ( 1)
  63 D   0.72405 0.12433 0.15162 ( 1)
  64 K   0.75928 0.10464 0.13608 ( 1)
  65 A   0.03683 0.67445 0.28872 ( 2)
  66 A   0.00649 0.61653 0.37698 ( 2)
  67 Q   0.73855 0.11635 0.14510 ( 1)
  68 K   0.75928 0.10464 0.13608 ( 1)
  69 Q   0.07198 0.29512 0.63290 ( 3)
  70 F   0.14756 0.31911 0.53333 ( 3)
  71 Q   0.73786 0.11681 0.14533 ( 1)
  72 M   0.02491 0.66562 0.30947 ( 2)
  73 K   0.75928 0.10464 0.13608 ( 1)
  74 E   0.74206 0.11450 0.14344 ( 1)
  75 I   0.74703 0.11173 0.14124 ( 1)
  76 V   0.74795 0.10998 0.14207 ( 1)
  77 L   0.69972 0.13784 0.16244 ( 1)
  78 E   0.73853 0.11645 0.14501 ( 1)
  79 F   0.72012 0.12353 0.15636 ( 1)
  80 D   0.12154 0.31946 0.55900 ( 3)
  81 E   0.73036 0.11724 0.15241 ( 1)
  82 E   0.73036 0.11724 0.15241 ( 1)
  83 G   0.78070 0.08615 0.13315 ( 1)
  84 S   0.74009 0.11124 0.14867 ( 1)
  85 L   0.69495 0.13890 0.16615 ( 1)
  86 Y   0.73608 0.11372 0.15021 ( 1)
  87 V   0.24176 0.47139 0.28684 ( 2)
  88 L   0.77019 0.09283 0.13698 ( 1)
  89 K   0.74315 0.10936 0.14749 ( 1)
  90 G   0.81540 0.06480 0.11981 ( 1)
  91 D   0.71450 0.12697 0.15853 ( 1)
  92 R   0.74385 0.10892 0.14723 ( 1)
  93 T   0.73970 0.11148 0.14882 ( 1)
  94 I   0.74432 0.10863 0.14705 ( 1)
  95 E   0.72740 0.11905 0.15355 ( 1)
  96 F   0.72012 0.12353 0.15636 ( 1)
  97 D   0.71450 0.12697 0.15853 ( 1)
  98 G   0.78395 0.08414 0.13191 ( 1)
  99 E   0.72740 0.11905 0.15355 ( 1)
 100 F   0.72012 0.12353 0.15636 ( 1)
 101 A   0.74984 0.10564 0.14452 ( 1)
 102 A   0.74666 0.10719 0.14615 ( 1)
 103 D   0.71450 0.12697 0.15853 ( 1)
 104 V   0.76627 0.09507 0.13866 ( 1)
 105 L   0.70923 0.13020 0.16057 ( 1)
 106 V   0.72918 0.11796 0.15286 ( 1)
 107 E   0.72740 0.11905 0.15355 ( 1)
 108 F   0.72031 0.12339 0.15630 ( 1)
 109 L   0.77021 0.09263 0.13716 ( 1)
 110 L   0.70923 0.13020 0.16057 ( 1)
 111 D   0.71677 0.12571 0.15751 ( 1)
 112 L   0.26469 0.46630 0.26902 ( 2)
 113 I   0.23096 0.48470 0.28433 ( 2)
 114 E   0.73959 0.11438 0.14603 ( 1)
 115 D   0.72555 0.12243 0.15201 ( 1)
 116 P   0.74452 0.11257 0.14291 ( 1)
 117 V   0.74199 0.11400 0.14401 ( 1)
 118 E   0.73981 0.11521 0.14498 ( 1)
 119 I   0.74843 0.11036 0.14121 ( 1)
 120 I   0.74843 0.11036 0.14121 ( 1)
 121 N   0.29705 0.45014 0.25281 ( 2)
 122 S   0.81678 0.07125 0.11198 ( 1)
 123 K   0.75945 0.10412 0.13643 ( 1)
 124 L   0.70030 0.13729 0.16241 ( 1)
 125 E   0.74339 0.11320 0.14340 ( 1)
 126 V   0.78605 0.08893 0.12502 ( 1)
 127 Q   0.73801 0.11640 0.14559 ( 1)
 128 A   0.78758 0.08806 0.12437 ( 1)
 129 F   0.73101 0.12017 0.14882 ( 1)
 130 E   0.73981 0.11521 0.14498 ( 1)
 131 R   0.75960 0.10404 0.13636 ( 1)
 132 I   0.76014 0.10372 0.13614 ( 1)
 133 E   0.73981 0.11521 0.14498 ( 1)
 134 D   0.72864 0.12149 0.14988 ( 1)
 135 H   0.78814 0.08774 0.12411 ( 1)
 136 I   0.74843 0.11036 0.14121 ( 1)
 137 K   0.75945 0.10412 0.13643 ( 1)
 138 L   0.79066 0.08629 0.12305 ( 1)
 139 I   0.74916 0.10983 0.14102 ( 1)
 140 G   0.80650 0.07718 0.11631 ( 1)
 141 F   0.73101 0.12017 0.14882 ( 1)
 142 F   0.74626 0.11160 0.14214 ( 1)
 143 K   0.75878 0.10451 0.13671 ( 1)
 144 S   0.75509 0.10659 0.13832 ( 1)
 145 E   0.73983 0.11520 0.14497 ( 1)
 146 D   0.72864 0.12149 0.14988 ( 1)
 147 S   0.75799 0.10503 0.13699 ( 1)
 148 -   0.73276 0.12033 0.14691 ( 1)
 149 -   0.19928 0.50772 0.29300 ( 2)
 150 Y   0.74531 0.11133 0.14336 ( 1)
 151 K   0.75521 0.10563 0.13916 ( 1)
 152 A   0.75922 0.10331 0.13747 ( 1)
 153 F   0.72848 0.12095 0.15057 ( 1)
 154 E   0.74039 0.11414 0.14548 ( 1)
 155 E   0.73694 0.11611 0.14696 ( 1)
 156 A   0.75979 0.10299 0.13722 ( 1)
 157 A   0.75922 0.10331 0.13747 ( 1)
 158 E   0.74039 0.11414 0.14548 ( 1)
 159 H   0.78365 0.08917 0.12718 ( 1)
 160 F   0.74315 0.11257 0.14429 ( 1)
 161 Q   0.73587 0.11681 0.14731 ( 1)
 162 P   0.80590 0.07596 0.11814 ( 1)
 163 Y   0.74531 0.11133 0.14336 ( 1)
 164 I   0.74523 0.11136 0.14341 ( 1)
 165 K   0.75586 0.10525 0.13889 ( 1)
 166 F   0.72848 0.12095 0.15057 ( 1)
 167 F   0.72848 0.12095 0.15057 ( 1)
 168 A   0.75922 0.10331 0.13747 ( 1)
 169 T   0.79586 0.08206 0.12208 ( 1)
 170 F   0.74315 0.11257 0.14429 ( 1)
 171 D   0.72620 0.12224 0.15156 ( 1)
 172 K   0.75586 0.10525 0.13889 ( 1)
 173 G   0.79924 0.08011 0.12066 ( 1)
 174 V   0.76878 0.09926 0.13196 ( 1)
 175 A   0.75000 0.10987 0.14014 ( 1)
 176 K   0.74583 0.11220 0.14197 ( 1)
 177 K   0.74642 0.11187 0.14172 ( 1)
 178 L   0.71067 0.13182 0.15751 ( 1)
 179 S   0.79116 0.08655 0.12229 ( 1)
 180 L   0.71067 0.13182 0.15751 ( 1)
 181 K   0.74583 0.11220 0.14197 ( 1)
 182 M   0.79391 0.08492 0.12117 ( 1)
 183 N   0.81072 0.07533 0.11395 ( 1)
 184 E   0.72931 0.12139 0.14930 ( 1)
 185 V   0.76880 0.09925 0.13195 ( 1)
 186 D   0.71970 0.12671 0.15359 ( 1)
 187 F   0.73490 0.11830 0.14680 ( 1)
 188 Y   0.73844 0.11637 0.14520 ( 1)
 189 E   0.72931 0.12139 0.14930 ( 1)
 190 P   0.72957 0.12125 0.14918 ( 1)
 191 F   0.72174 0.12560 0.15266 ( 1)
 192 M   0.79391 0.08492 0.12117 ( 1)
 193 D   0.71958 0.12680 0.15362 ( 1)
 194 E   0.72931 0.12139 0.14930 ( 1)
 195 P   0.74306 0.11375 0.14319 ( 1)
 196 I   0.74702 0.11152 0.14146 ( 1)
 197 A   0.77145 0.09775 0.13079 ( 1)
 198 I   0.73678 0.11724 0.14597 ( 1)
 199 P   0.76489 0.10118 0.13393 ( 1)
 200 D   0.71904 0.12691 0.15404 ( 1)
 201 K   0.14336 0.31683 0.53982 ( 3)
 202 P   0.74211 0.11405 0.14384 ( 1)
 203 Y   0.73599 0.11749 0.14652 ( 1)
 204 T   0.74127 0.11452 0.14421 ( 1)
 205 E   0.73160 0.11993 0.14848 ( 1)
 206 E   0.13007 0.32165 0.54827 ( 3)
 207 E   0.72800 0.12179 0.15020 ( 1)
 208 L   0.77387 0.09586 0.13027 ( 1)
 209 V   0.72985 0.12077 0.14937 ( 1)
 210 E   0.13058 0.32228 0.54714 ( 3)
 211 F   0.72075 0.12587 0.15338 ( 1)
 212 V   0.72815 0.12179 0.15006 ( 1)
 213 K   0.74213 0.11395 0.14392 ( 1)
 214 E   0.72635 0.12278 0.15087 ( 1)
 215 H   0.79789 0.08217 0.11993 ( 1)
 216 Q   0.72497 0.12372 0.15131 ( 1)
