Supplemental results for CODEML (seqf: /home/leticiamagpali/phd/evol_models/codeml/small_dataset/cml_align/MYL1_codon_aligned.phy  treef: /home/leticiamagpali/phd/evol_models/codeml/small_dataset/cml_trees/gene_trees/H1b_gene_trees/MYL1_tree_H1b.tre)

I	J	ij	2Ns_IJ	pMut_IJ	pSub_IJ	2Ns_JI	pMut_JI	pSub_JI

TTC	TTT	CT	1.08225	0.07386	0.12090	-1.08225	0.21799	0.12090
TTA	TTT	AT	2.52927	0.02062	0.05667	-2.52927	0.25864	0.05667
TTA	TTC	AC	1.44702	0.02356	0.04458	-1.44702	0.10015	0.04458
TTG	TTT	GT	2.30555	0.00476	0.01218	-2.30555	0.04772	0.01218
TTG	TTC	GC	1.22330	0.00544	0.00943	-1.22330	0.01848	0.00943
TTG	TTA	GA	-0.22372	0.02110	0.01883	0.22372	0.01687	0.01883
TCT	TTT	CT	1.08225	0.07386	0.12090	-1.08225	0.21799	0.12090
TCC	TTC	CT	0.00604	0.08390	0.08415	-0.00604	0.08441	0.08415
TCC	TCT	CT	0.00604	0.08390	0.08415	-0.00604	0.08441	0.08415
TCA	TTA	CT	1.19436	0.01291	0.02212	-1.19436	0.04261	0.02212
TCA	TCT	AT	2.64138	0.00714	0.02030	-2.64138	0.10015	0.02030
TCA	TCC	AC	2.63534	0.00816	0.02315	-2.63534	0.11376	0.02315
TCG	TTG	CT	7.80803	0.00000	0.00000	-7.80803	0.00983	0.00003
TCG	TCT	GT	9.03133	0.00000	0.00000	-9.03133	0.01848	0.00002
TCG	TCC	GC	9.02529	0.00000	0.00000	-9.02529	0.02099	0.00002
TCG	TCA	GA	6.38995	0.00000	0.00000	-6.38995	0.00584	0.00006
TAT	TTT	AT	2.24641	0.02736	0.06873	-2.24641	0.25864	0.06873
TAT	TCT	AC	1.16416	0.03127	0.05292	-1.16416	0.10015	0.05292
TAC	TTC	AT	5.53175	0.00040	0.00220	-5.53175	0.10015	0.00220
TAC	TCC	AC	5.52571	0.00045	0.00251	-5.52571	0.11376	0.00251
TAC	TAT	CT	4.36759	0.00072	0.00317	-4.36759	0.05655	0.00317
TGT	TTT	GT	9.98010	0.00000	0.00000	-9.98010	0.04772	0.00002
TGT	TCT	GC	8.89785	0.00000	0.00000	-8.89785	0.01848	0.00002
TGT	TAT	GA	7.73369	0.00000	0.00000	-7.73369	0.02239	0.00008
TGC	TTC	GT	1.13364	0.00595	0.00994	-1.13364	0.01848	0.00994
TGC	TCC	GC	1.12760	0.00680	0.01133	-1.12760	0.02099	0.01133
TGC	TAC	GA	-4.39811	0.02638	0.00144	4.39811	0.00032	0.00144
TGC	TGT	CT	-7.76421	0.01076	0.00004	7.76421	0.00000	0.00000
TGG	TTG	GT	0.08243	0.00198	0.00207	-0.08243	0.00215	0.00207
TGG	TCG	GC	-7.72560	0.00227	0.00001	7.72560	0.00000	0.00000
TGG	TGT	GT	-7.59212	0.00198	0.00001	7.59212	0.00000	0.00000
TGG	TGC	GC	0.17209	0.00227	0.00247	-0.17209	0.00269	0.00247
CTT	TTT	CT	1.11181	0.07171	0.11881	-1.11181	0.21799	0.11881
CTC	TTC	CT	0.69067	0.04231	0.05859	-0.69067	0.08441	0.05859
CTC	CTT	CT	0.66112	0.04231	0.05782	-0.66112	0.08195	0.05782
CTA	TTA	CT	-0.34609	0.06024	0.05041	0.34609	0.04261	0.05041
CTA	CTT	AT	1.07138	0.03331	0.05427	-1.07138	0.09723	0.05427
CTA	CTC	AC	0.41026	0.03806	0.04640	-0.41026	0.05737	0.04640
CTG	TTG	CT	-2.37204	0.10541	0.02573	2.37204	0.00983	0.02573
CTG	CTT	GT	-1.17830	0.05829	0.03054	1.17830	0.01794	0.03054
CTG	CTC	GC	-1.83942	0.06661	0.02315	1.83942	0.01058	0.02315
CTG	CTA	GA	-2.24968	0.25851	0.06854	2.24968	0.02726	0.06854
CCT	TCT	CT	-0.50990	0.14055	0.10775	0.50990	0.08441	0.10775
CCT	CTT	CT	-0.53946	0.14055	0.10603	0.53946	0.08195	0.10603
CCC	TCC	CT	0.00531	0.09537	0.09563	-0.00531	0.09588	0.09563
CCC	CTC	CT	-0.67933	0.09537	0.06662	0.67933	0.04835	0.06662
CCC	CCT	CT	0.52125	0.09537	0.12238	-0.52125	0.16062	0.12238
CCA	TCA	CT	-1.70353	0.08103	0.03072	1.70353	0.01475	0.03072
CCA	CTA	CT	-0.16309	0.08103	0.07460	0.16309	0.06884	0.07460
CCA	CCT	AT	1.44775	0.04480	0.08480	-1.44775	0.19058	0.08480
CCA	CCC	AC	0.92650	0.05120	0.07853	-0.92650	0.12932	0.07853
CCG	TCG	CT	-8.27503	0.01793	0.00004	8.27503	0.00000	0.00000
CCG	CTG	CT	1.90504	0.01793	0.04012	-1.90504	0.12047	0.04012
CCG	CCT	GT	1.26620	0.00991	0.01748	-1.26620	0.03516	0.01748
CCG	CCC	GC	0.74495	0.01133	0.01607	-0.74495	0.02386	0.01607
CCG	CCA	GA	-0.18155	0.04396	0.04009	0.18155	0.03666	0.04009
CAT	TAT	CT	0.51744	0.03370	0.04317	-0.51744	0.05655	0.04317
CAT	CTT	AT	1.65204	0.01864	0.03809	-1.65204	0.09723	0.03809
CAT	CCT	AC	2.19151	0.02130	0.05254	-2.19151	0.19058	0.05254
CAC	TAC	CT	-4.04090	0.04661	0.00337	4.04090	0.00082	0.00337
CAC	CTC	AT	0.80017	0.02577	0.03744	-0.80017	0.05737	0.03744
CAC	CCC	AC	1.47950	0.02945	0.05643	-1.47950	0.12932	0.05643
CAC	CAT	CT	-0.19076	0.04661	0.04231	0.19076	0.03852	0.04231
CAA	CTA	AT	0.98403	0.03053	0.04798	-0.98403	0.08168	0.04798
CAA	CCA	AC	1.14712	0.03489	0.05865	-1.14712	0.10987	0.05865
CAA	CAT	AT	0.40336	0.03053	0.03710	-0.40336	0.04570	0.03710
CAA	CAC	AC	0.59412	0.03489	0.04628	-0.59412	0.06320	0.04628
CAG	CTG	AT	1.13386	0.04599	0.07690	-1.13386	0.14293	0.07690
CAG	CCG	AC	-0.77118	0.05256	0.03487	0.77118	0.02431	0.03487
CAG	CAT	GT	-1.69648	0.04599	0.01752	1.69648	0.00843	0.01752
CAG	CAC	GC	-1.50573	0.05256	0.02256	1.50573	0.01166	0.02256
CAG	CAA	GA	-2.09985	0.20399	0.05978	2.09985	0.02498	0.05978
CGT	TGT	CT	-9.08151	0.04016	0.00004	9.08151	0.00000	0.00000
CGT	CTT	GT	-0.21322	0.02220	0.01992	0.21322	0.01794	0.01992
CGT	CCT	GC	0.32624	0.02537	0.02974	-0.32624	0.03516	0.02974
CGT	CAT	GA	-1.86527	0.09848	0.03366	1.86527	0.01525	0.03366
CGC	TGC	CT	8.03118	0.00000	0.00000	-8.03118	0.01229	0.00003
CGC	CTC	GT	8.47414	0.00000	0.00000	-8.47414	0.01058	0.00002
CGC	CCC	GC	9.15347	0.00000	0.00000	-9.15347	0.02386	0.00002
CGC	CAC	GA	7.67397	0.00000	0.00000	-7.67397	0.02109	0.00008
CGC	CGT	CT	9.34848	0.00000	0.00000	-9.34848	0.04589	0.00004
CGA	CTA	GT	2.02834	0.00198	0.00463	-2.02834	0.01507	0.00463
CGA	CCA	GC	2.19143	0.00227	0.00559	-2.19143	0.02027	0.00559
CGA	CAA	GA	1.04431	0.00879	0.01417	-1.04431	0.02498	0.01417
CGA	CGT	AT	3.31294	0.00198	0.00682	-3.31294	0.05445	0.00682
CGA	CGC	AC	-6.03554	0.00227	0.00003	6.03554	0.00000	0.00000
CGG	TGG	CT	-1.62437	0.02080	0.00829	1.62437	0.00410	0.00829
CGG	CTG	GT	0.83010	0.01150	0.01692	-0.83010	0.02637	0.01692
CGG	CCG	GC	-1.07494	0.01314	0.00732	1.07494	0.00449	0.00732
CGG	CAG	GA	-0.30377	0.05100	0.04364	0.30377	0.03764	0.04364
CGG	CGT	GT	-0.13498	0.01150	0.01074	0.13498	0.01005	0.01074
CGG	CGC	GC	-9.48346	0.01314	0.00001	9.48346	0.00000	0.00000
CGG	CGA	GA	-3.44792	0.05100	0.00578	3.44792	0.00162	0.00578
ATT	TTT	AT	1.82656	0.04163	0.09063	-1.82656	0.25864	0.09063
ATT	CTT	AC	0.71475	0.04758	0.06659	-0.71475	0.09723	0.06659
ATC	TTC	AT	1.31224	0.02696	0.04841	-1.31224	0.10015	0.04841
ATC	CTC	AC	0.62157	0.03081	0.04137	-0.62157	0.05737	0.04137
ATC	ATT	CT	0.56794	0.04876	0.06391	-0.56794	0.08605	0.06391
ATA	TTA	AT	2.36336	0.00476	0.01241	-2.36336	0.05056	0.01241
ATA	CTA	AC	2.70945	0.00544	0.01578	-2.70945	0.08168	0.01578
ATA	ATT	AT	3.06608	0.00476	0.01530	-3.06608	0.10210	0.01530
ATA	ATC	AC	2.49814	0.00544	0.01480	-2.49814	0.06612	0.01480
ATG	TTG	AT	-1.74797	0.06701	0.02470	1.74797	0.01167	0.02470
ATG	CTG	AC	0.62407	0.07658	0.10294	-0.62407	0.14293	0.10294
ATG	ATT	GT	-1.26898	0.06701	0.03325	1.26898	0.01884	0.03325
ATG	ATC	GC	-1.83691	0.07658	0.02666	1.83691	0.01220	0.02666
ATG	ATA	GA	-4.33505	0.29719	0.01710	4.33505	0.00389	0.01710
ACT	TCT	AT	5.53175	0.00040	0.00220	-5.53175	0.10015	0.00220
ACT	CCT	AC	6.04165	0.00045	0.00274	-6.04165	0.19058	0.00274
ACT	ATT	CT	4.78744	0.00072	0.00346	-4.78744	0.08605	0.00346
ACC	TCC	AT	0.94967	0.04401	0.06817	-0.94967	0.11376	0.06817
ACC	CCC	AC	0.94436	0.05030	0.07773	-0.94436	0.12932	0.07773
ACC	ATC	CT	-0.35654	0.07960	0.06625	0.35654	0.05573	0.06625
ACC	ACT	CT	-4.57605	0.07960	0.00379	4.57605	0.00082	0.00379
ACA	TCA	AT	-0.77695	0.03806	0.02517	0.77695	0.01750	0.02517
ACA	CCA	AC	0.92658	0.04350	0.06672	-0.92658	0.10987	0.06672
ACA	ATA	CT	-1.94596	0.06884	0.02233	1.94596	0.00983	0.02233
ACA	ACT	AT	-3.66733	0.03806	0.00366	3.66733	0.00097	0.00366
ACA	ACC	AC	0.90872	0.04350	0.06622	-0.90872	0.10793	0.06622
ACG	TCG	AT	-5.67891	0.00159	0.00003	5.67891	0.00000	0.00000
ACG	CCG	AC	2.59612	0.00181	0.00508	-2.59612	0.02431	0.00508
ACG	ATG	CT	3.87709	0.00287	0.01136	-3.87709	0.13850	0.01136
ACG	ACT	GT	-2.17933	0.00159	0.00044	2.17933	0.00018	0.00044
ACG	ACC	GC	2.39671	0.00181	0.00478	-2.39671	0.01991	0.00478
ACG	ACA	GA	1.48799	0.00703	0.01352	-1.48799	0.03115	0.01352
AAT	TAT	AT	-0.09462	0.07375	0.07032	0.09462	0.06709	0.07032
AAT	CAT	AC	-0.61206	0.08428	0.06110	0.61206	0.04570	0.06110
AAT	ATT	AT	0.32524	0.07375	0.08639	-0.32524	0.10210	0.08639
AAT	ACT	AC	-4.46221	0.08428	0.00439	4.46221	0.00097	0.00439
AAC	TAC	AT	-4.25627	0.06859	0.00420	4.25627	0.00097	0.00420
AAC	CAC	AC	-0.21537	0.07839	0.07025	0.21537	0.06320	0.07025
AAC	ATC	AT	-0.03676	0.06859	0.06734	0.03676	0.06612	0.06734
AAC	ACC	AC	0.31978	0.07839	0.09159	-0.31978	0.10793	0.09159
AAC	AAT	CT	0.20594	0.12406	0.13727	-0.20594	0.15243	0.13727
AAA	CAA	AC	0.22454	0.05981	0.06678	-0.22454	0.07487	0.06678
AAA	ATA	AT	-1.50087	0.05234	0.02254	1.50087	0.01167	0.02254
AAA	ACA	AC	0.44508	0.05981	0.07411	-0.44508	0.09334	0.07411
AAA	AAT	AT	1.23997	0.05234	0.09133	-1.23997	0.18085	0.09133
AAA	AAC	AC	1.03403	0.05981	0.09597	-1.03403	0.16821	0.09597
AAG	CAG	AC	-0.25119	0.14500	0.12755	0.25119	0.11279	0.12755
AAG	ATG	AT	0.25860	0.12688	0.14399	-0.25860	0.16433	0.14399
AAG	ACG	AC	-3.61849	0.14500	0.01446	3.61849	0.00389	0.01446
AAG	AAT	GT	-1.33561	0.12688	0.06047	1.33561	0.03337	0.06047
AAG	AAC	GC	-1.54155	0.14500	0.06088	1.54155	0.03104	0.06088
AAG	AAA	GA	-2.57558	0.56273	0.11940	2.57558	0.04283	0.11940
AGT	TGT	AT	0.89702	0.00000	0.00000	-0.89702	0.00000	0.00000
AGT	CGT	AC	9.97853	0.00000	0.00000	-9.97853	0.05445	0.00003
AGT	ATT	GT	9.05056	0.00000	0.00000	-9.05056	0.01884	0.00002
AGT	ACT	GC	4.26312	0.00000	0.00000	-4.26312	0.00018	0.00001
AGT	AAT	GA	8.72533	0.00000	0.00000	-8.72533	0.06035	0.00009
AGC	TGC	AT	-0.45537	0.02300	0.01816	0.45537	0.01459	0.01816
AGC	CGC	AC	-8.48655	0.02628	0.00005	8.48655	0.00000	0.00000
AGC	ATC	GT	-0.63397	0.02300	0.01647	0.63397	0.01220	0.01647
AGC	ACC	GC	-0.27744	0.02628	0.02280	0.27744	0.01991	0.02280
AGC	AAC	GA	-0.59721	0.10200	0.07455	0.59721	0.05613	0.07455
AGC	AGT	CT	-9.11660	0.04159	0.00004	9.11660	0.00000	0.00000
AGA	CGA	AC	-1.21054	0.01631	0.00838	1.21054	0.00486	0.00838
AGA	ATA	GT	-1.89165	0.01427	0.00480	1.89165	0.00215	0.00480
AGA	ACA	GC	0.05431	0.01631	0.01676	-0.05431	0.01722	0.01676
AGA	AAA	GA	-0.39078	0.06331	0.05174	0.39078	0.04283	0.05174
AGA	AGT	AT	-7.87614	0.01427	0.00004	7.87614	0.00000	0.00000
AGA	AGC	AC	1.24046	0.01631	0.02847	-1.24046	0.05640	0.02847
AGG	TGG	AT	-1.78400	0.02894	0.01042	1.78400	0.00486	0.01042
AGG	CGG	AC	-0.15963	0.03308	0.03051	0.15963	0.02820	0.03051
AGG	ATG	GT	0.04640	0.02894	0.02962	-0.04640	0.03032	0.02962
AGG	ACG	GC	-3.83069	0.03308	0.00281	3.83069	0.00072	0.00281
AGG	AAG	GA	-0.21220	0.12837	0.11523	0.21220	0.10383	0.11523
AGG	AGT	GT	-10.27314	0.02894	0.00001	10.27314	0.00000	0.00000
AGG	AGC	GC	-1.15654	0.03308	0.01756	1.15654	0.01041	0.01756
AGG	AGA	GA	-2.39700	0.12837	0.03080	2.39700	0.01168	0.03080
GTT	TTT	GT	0.04552	0.04560	0.04664	-0.04552	0.04772	0.04664
GTT	CTT	GC	-1.06628	0.05211	0.02917	1.06628	0.01794	0.02917
GTT	ATT	GA	-1.78103	0.20223	0.07297	1.78103	0.03407	0.07297
GTC	TTC	GT	-0.61266	0.03410	0.02471	0.61266	0.01848	0.02471
GTC	CTC	GC	-1.30333	0.03897	0.01894	1.30333	0.01058	0.01894
GTC	ATC	GA	-1.92490	0.15123	0.04972	1.92490	0.02206	0.04972
GTC	GTT	CT	0.42407	0.06167	0.07567	-0.42407	0.09424	0.07567
GTA	TTA	GT	0.02271	0.00912	0.00922	-0.02271	0.00933	0.00922
GTA	CTA	GC	0.36880	0.01042	0.01246	-0.36880	0.01507	0.01246
GTA	ATA	GA	-2.34065	0.04045	0.01008	2.34065	0.00389	0.01008
GTA	GTT	AT	2.50646	0.00912	0.02489	-2.50646	0.11182	0.02489
GTA	GTC	AC	2.08239	0.01042	0.02479	-2.08239	0.08362	0.02479
GTG	TTG	GT	-2.52764	0.02696	0.00591	2.52764	0.00215	0.00591
GTG	CTG	GC	-0.15560	0.03081	0.02848	0.15560	0.02637	0.02848
GTG	ATG	GA	-0.77967	0.11958	0.07896	0.77967	0.05483	0.07896
GTG	GTT	GT	-0.26761	0.02696	0.02352	0.26761	0.02063	0.02352
GTG	GTC	GC	-0.69168	0.03081	0.02137	0.69168	0.01543	0.02137
GTG	GTA	GA	-2.77407	0.11958	0.02208	2.77407	0.00746	0.02208
GCT	TCT	GT	-1.36232	0.07216	0.03384	1.36232	0.01848	0.03384
GCT	CCT	GC	-0.85241	0.08247	0.05225	0.85241	0.03516	0.05225
GCT	ACT	GA	-6.89407	0.32005	0.00224	6.89407	0.00032	0.00224
GCT	GTT	CT	-0.32559	0.13051	0.11042	0.32559	0.09424	0.11042
GCC	TCC	GT	-1.46459	0.09080	0.03999	1.46459	0.02099	0.03999
GCC	CCC	GC	-1.46990	0.10377	0.04555	1.46990	0.02386	0.04555
GCC	ACC	GA	-2.41425	0.40271	0.09549	2.41425	0.03602	0.09549
GCC	GTC	CT	-0.84589	0.16422	0.10444	0.84589	0.07048	0.10444
GCC	GCT	CT	-0.09623	0.16422	0.15644	0.09623	0.14915	0.15644
GCA	TCA	GT	-3.30083	0.08763	0.01107	3.30083	0.00323	0.01107
GCA	CCA	GC	-1.59730	0.10014	0.04060	1.59730	0.02027	0.04060
GCA	ACA	GA	-2.52388	0.38864	0.08547	2.52388	0.03115	0.08547
GCA	GTA	CT	-2.12919	0.15848	0.04555	2.12919	0.01885	0.04555
GCA	GCT	AT	0.70287	0.08763	0.12200	-0.70287	0.17697	0.12200
GCA	GCC	AC	0.79910	0.10014	0.14542	-0.79910	0.22267	0.14542
GCG	TCG	GT	-9.74388	0.01705	0.00001	9.74388	0.00000	0.00000
GCG	CCG	GC	-1.46885	0.01948	0.00856	1.46885	0.00449	0.00856
GCG	ACG	GA	-4.06497	0.07562	0.00537	4.06497	0.00130	0.00537
GCG	GTG	CT	0.59179	0.03084	0.04085	-0.59179	0.05573	0.04085
GCG	GCT	GT	0.64977	0.01705	0.02318	-0.64977	0.03265	0.02318
GCG	GCC	GC	0.74600	0.01948	0.02765	-0.74600	0.04108	0.02765
GCG	GCA	GA	-0.05310	0.07562	0.07363	0.05310	0.07171	0.07363
GAT	TAT	GT	-0.97777	0.03291	0.01940	0.97777	0.01238	0.01940
GAT	CAT	GC	-1.49522	0.03761	0.01625	1.49522	0.00843	0.01625
GAT	AAT	GA	-0.88315	0.14596	0.09087	0.88315	0.06035	0.09087
GAT	GTT	AT	1.22311	0.03291	0.05704	-1.22311	0.11182	0.05704
GAT	GCT	AC	1.54870	0.03761	0.07396	-1.54870	0.17697	0.07396
GAC	TAC	GT	-6.10131	0.08009	0.00110	6.10131	0.00018	0.00110
GAC	CAC	GC	-2.06040	0.09153	0.02753	2.06040	0.01166	0.02753
GAC	AAC	GA	-1.84504	0.35522	0.12300	1.84504	0.05613	0.12300
GAC	GTC	AT	0.04310	0.08009	0.08183	-0.04310	0.08362	0.08183
GAC	GCC	AC	0.88899	0.09153	0.13817	-0.88899	0.22267	0.13817
GAC	GAT	CT	-0.75594	0.14485	0.09694	0.75594	0.06802	0.09694
GAA	CAA	GC	-2.25260	0.13141	0.03477	2.25260	0.01381	0.03477
GAA	AAA	GA	-2.47714	0.50998	0.11582	2.47714	0.04283	0.11582
GAA	GTA	AT	-1.63736	0.11499	0.04546	1.63736	0.02236	0.04546
GAA	GCA	AC	0.49182	0.13141	0.16636	-0.49182	0.21489	0.16636
GAA	GAT	AT	-0.35402	0.11499	0.09583	0.35402	0.08070	0.09583
GAA	GAC	AC	0.40193	0.13141	0.15958	-0.40193	0.19641	0.15958
GAG	CAG	GC	-1.24184	0.07205	0.03634	1.24184	0.02081	0.03634
GAG	AAG	GA	-0.99064	0.27961	0.16361	0.99064	0.10383	0.16361
GAG	GTG	AT	0.04763	0.06304	0.06456	-0.04763	0.06612	0.06456
GAG	GCG	AC	-0.54417	0.07205	0.05421	0.54417	0.04181	0.05421
GAG	GAT	GT	-1.44310	0.06304	0.02813	1.44310	0.01489	0.02813
GAG	GAC	GC	-0.68716	0.07205	0.05011	0.68716	0.03624	0.05011
GAG	GAA	GA	-1.08908	0.27961	0.15446	1.08908	0.09409	0.15446
GGT	TGT	GT	-10.85788	0.05194	0.00001	10.85788	0.00000	0.00000
GGT	CGT	GC	-1.77637	0.05936	0.02148	1.77637	0.01005	0.02148
GGT	AGT	GA	-11.75490	0.23037	0.00002	11.75490	0.00000	0.00000
GGT	GTT	GT	-0.92330	0.05194	0.03160	0.92330	0.02063	0.03160
GGT	GCT	GC	-0.59771	0.05936	0.04338	0.59771	0.03265	0.04338
GGT	GAT	GA	-2.14642	0.23037	0.06546	2.14642	0.02693	0.06546
GGC	TGC	GT	-3.12194	0.06106	0.00879	3.12194	0.00269	0.00879
GGC	CGC	GC	-11.15312	0.06978	0.00001	11.15312	0.00000	0.00000
GGC	AGC	GA	-2.66657	0.27081	0.05393	2.66657	0.01882	0.05393
GGC	GTC	GT	-1.37564	0.06106	0.02840	1.37564	0.01543	0.02840
GGC	GCC	GC	-0.52975	0.06978	0.05292	0.52975	0.04108	0.05292
GGC	GAC	GA	-1.41875	0.27081	0.12268	1.41875	0.06554	0.12268
GGC	GGT	CT	-0.02827	0.11043	0.10888	0.02827	0.10736	0.10888
GGA	CGA	GC	-2.64929	0.01269	0.00256	2.64929	0.00090	0.00256
GGA	AGA	GA	-1.43875	0.04924	0.02203	1.43875	0.01168	0.02203
GGA	GTA	GT	-0.98975	0.01110	0.00650	0.98975	0.00413	0.00650
GGA	GCA	GC	1.13944	0.01269	0.02126	-1.13944	0.03965	0.02126
GGA	GAA	GA	0.64762	0.04924	0.06689	-0.64762	0.09409	0.06689
GGA	GGT	AT	2.44001	0.01110	0.02968	-2.44001	0.12738	0.02968
GGA	GGC	AC	2.46829	0.01269	0.03422	-2.46829	0.14974	0.03422
GGG	TGG	GT	-0.28221	0.00119	0.00103	0.28221	0.00090	0.00103
GGG	CGG	GC	1.34216	0.00136	0.00247	-1.34216	0.00520	0.00247
GGG	AGG	GA	1.50179	0.00528	0.01019	-1.50179	0.02369	0.01019
GGG	GTG	GT	2.32786	0.00119	0.00307	-2.32786	0.01220	0.00307
GGG	GCG	GC	1.73607	0.00136	0.00286	-1.73607	0.00771	0.00286
GGG	GAG	GA	2.28023	0.00528	0.01340	-2.28023	0.05159	0.01340
GGG	GGT	GT	2.98355	0.00119	0.00374	-2.98355	0.02350	0.00374
GGG	GGC	GC	3.01182	0.00136	0.00431	-3.01182	0.02763	0.00431
GGG	GGA	GA	0.54353	0.00528	0.00684	-0.54353	0.00909	0.00684


Histograms
2Ns	FMut	FSub(CodonUsage)	FSubw(after w)

-11.19514	0.01155	0.00000
-10.07563	0.00486	0.00000
-8.95611	0.01111	0.00002
-7.83660	0.00370	0.00002
-6.71709	0.01069	0.00011
-5.59757	0.01931	0.00051
-4.47806	0.02693	0.00219
-3.35854	0.02500	0.00417
-2.23903	0.23392	0.08959
-1.11951	0.28049	0.22919
0.00000	0.24534	0.34843
1.11951	0.10069	0.22919
2.23903	0.02516	0.08959
3.35854	0.00083	0.00417
4.47806	0.00035	0.00219
5.59757	0.00006	0.00051
6.71709	0.00001	0.00011
7.83660	0.00000	0.00000
8.95611	0.00000	0.00000
10.07563	0.00000	0.00000
11.19514	0.00000	0.00000

Proportion of advantageous (S > 0) mutations:
 0.23339

Proportions of good & bad mutations (|S| > 2.0000) among mutations:
0.01745  0.29122

mean |Ns| = 1.75673	mean Ns+ = 0.79460	mean Ns- = -2.04963


MLEs of dN/dS (w) for site classes (K=4)

site class             0        1       2a       2b
proportion       0.12445  0.02555  0.70522  0.14478
background w     0.11211  2.47638  0.11211  2.47638
foreground w     0.11211  2.47638  0.00876  0.00876

Naive Empirical Bayes (NEB) probabilities for 4 classes
(amino acids refer to 1st sequence: Naasi)

   1 M   0.13773 0.01012 0.78549 0.06665 ( 3)
   2 H   0.14446 0.00274 0.83077 0.02202 ( 3)
   3 A   0.13530 0.01284 0.77041 0.08144 ( 3)
   4 L   0.14068 0.00692 0.80423 0.04817 ( 3)
   5 I   0.11456 0.02195 0.66247 0.20102 ( 3)
   6 P   0.04936 0.08961 0.28128 0.57975 ( 4)
   7 F   0.04414 0.09498 0.25148 0.60940 ( 4)
   8 N   0.13685 0.01075 0.78086 0.07154 ( 3)
   9 A   0.13397 0.01406 0.76282 0.08915 ( 3)
  10 L   0.13451 0.01350 0.76602 0.08597 ( 3)
  11 G   0.13189 0.01655 0.74995 0.10161 ( 3)
  12 P   0.00334 0.13055 0.01906 0.84705 ( 4)
  13 P   0.13502 0.01296 0.76908 0.08294 ( 3)
  14 S   0.14347 0.00367 0.82416 0.02870 ( 3)
  15 R   0.14060 0.00681 0.80429 0.04830 ( 3)
  16 H   0.14197 0.00531 0.81357 0.03915 ( 3)
  17 Q   0.00648 0.12632 0.03695 0.83025 ( 4)
  18 S   0.14074 0.00693 0.80433 0.04800 ( 3)
  19 V   0.14249 0.00535 0.81471 0.03746 ( 3)
  20 D   0.14570 0.00180 0.83799 0.01450 ( 3)
  21 Q   0.14204 0.00583 0.81178 0.04036 ( 3)
  22 A   0.06325 0.07532 0.36086 0.50057 ( 4)
  23 N   0.14277 0.00504 0.81662 0.03557 ( 3)
  24 H   0.08792 0.04872 0.50381 0.35955 ( 3)
  25 H   0.14371 0.00325 0.82671 0.02633 ( 3)
  26 S   0.06298 0.07117 0.36033 0.50552 ( 4)
  27 S   0.14171 0.00546 0.81229 0.04055 ( 3)
  28 S   0.38507 0.43202 0.17205 0.01086 ( 2)
  29 K   0.13853 0.00897 0.79126 0.06124 ( 3)
  30 N   0.13989 0.00746 0.80011 0.05255 ( 3)
  31 Q   0.14173 0.00543 0.81245 0.04039 ( 3)
  32 F   0.13763 0.00997 0.78552 0.06688 ( 3)
  33 D   0.14263 0.00444 0.81880 0.03412 ( 3)
  34 R   0.13880 0.00831 0.79402 0.05887 ( 3)
  35 F   0.06780 0.06633 0.38811 0.47775 ( 4)
  36 F   0.13809 0.00956 0.78818 0.06417 ( 3)
  37 R   0.14057 0.00684 0.80414 0.04846 ( 3)
  38 R   0.06626 0.04990 0.38464 0.49920 ( 4)
  39 F   0.06976 0.06472 0.39938 0.46614 ( 4)
  40 S   0.14067 0.00673 0.80480 0.04781 ( 3)
  41 F   0.00188 0.94372 0.00084 0.05356 ( 2)
  42 F   0.00020 0.12956 0.00113 0.86911 ( 4)
  43 F   0.13749 0.01009 0.78474 0.06768 ( 3)
  44 F   0.13367 0.01341 0.76293 0.08999 ( 3)
  45 K   0.13190 0.01222 0.75841 0.09747 ( 3)
  46 P   0.06395 0.07042 0.36585 0.49979 ( 4)
  47 I   0.01159 0.08994 0.06707 0.83141 ( 4)
  48 L   0.14365 0.00346 0.82554 0.02735 ( 3)
  49 L   0.00578 0.11764 0.03308 0.84350 ( 4)
  50 N   0.14286 0.00433 0.81981 0.03300 ( 3)
  51 T   0.00676 0.11520 0.03870 0.83934 ( 4)
  52 M   0.14129 0.00513 0.81251 0.04107 ( 3)
  53 A   0.13713 0.00988 0.78397 0.06902 ( 3)
  54 P   0.14031 0.00624 0.80550 0.04795 ( 3)
  55 K   0.13918 0.00752 0.79768 0.05562 ( 3)
  56 K   0.13918 0.00752 0.79768 0.05562 ( 3)
  57 D   0.14346 0.00292 0.82808 0.02555 ( 3)
  58 V   0.14249 0.00378 0.82152 0.03221 ( 3)
  59 K   0.13918 0.00752 0.79768 0.05562 ( 3)
  60 K   0.14355 0.00253 0.83052 0.02340 ( 3)
  61 P   0.06936 0.06606 0.39680 0.46778 ( 4)
  62 A   0.13744 0.00952 0.78606 0.06698 ( 3)
  63 A   0.13872 0.00796 0.79481 0.05850 ( 3)
  64 A   0.13744 0.00952 0.78606 0.06698 ( 3)
  65 A   0.05217 0.08079 0.29836 0.56869 ( 4)
  66 -   0.13889 0.00975 0.79035 0.06101 ( 3)
  67 -   0.14039 0.00816 0.79949 0.05196 ( 3)
  68 A   0.13904 0.00792 0.79600 0.05704 ( 3)
  69 P   0.13782 0.00897 0.78886 0.06436 ( 3)
  70 A   0.13763 0.00884 0.78855 0.06498 ( 3)
  71 P   0.13599 0.01047 0.77839 0.07515 ( 3)
  72 A   0.13886 0.00785 0.79559 0.05770 ( 3)
  73 P   0.14304 0.00366 0.82330 0.02999 ( 3)
  74 A   0.13720 0.00965 0.78486 0.06829 ( 3)
  75 P   0.07387 0.05864 0.42374 0.44375 ( 4)
  76 A   0.00417 0.12081 0.02387 0.85115 ( 4)
  77 P   0.13767 0.00925 0.78758 0.06549 ( 3)
  78 A   0.13725 0.00978 0.78468 0.06829 ( 3)
  79 P   0.13787 0.00909 0.78869 0.06435 ( 3)
  80 A   0.13713 0.00988 0.78397 0.06902 ( 3)
  81 P   0.13767 0.00925 0.78758 0.06549 ( 3)
  82 A   0.02541 0.09933 0.14559 0.72968 ( 4)
  83 P   0.13968 0.00673 0.80183 0.05176 ( 3)
  84 P   0.13851 0.00748 0.79562 0.05839 ( 3)
  85 K   0.14166 0.00378 0.81962 0.03494 ( 3)
  86 E   0.13769 0.00841 0.79006 0.06385 ( 3)
  87 A   0.00344 0.12238 0.01967 0.85451 ( 4)
  88 K   0.13700 0.00927 0.78519 0.06854 ( 3)
  89 I   0.14063 0.00499 0.81124 0.04313 ( 3)
  90 D   0.14087 0.00472 0.81311 0.04131 ( 3)
  91 L   0.14144 0.00405 0.81768 0.03683 ( 3)
  92 S   0.13998 0.00576 0.80626 0.04800 ( 3)
  93 A   0.13727 0.00913 0.78651 0.06708 ( 3)
  94 I   0.07232 0.05474 0.41657 0.45637 ( 4)
  95 E   0.00023 0.11871 0.00130 0.87976 ( 4)
  96 F   0.14120 0.00524 0.81181 0.04175 ( 3)
  97 K   0.13918 0.00752 0.79768 0.05562 ( 3)
  98 E   0.14074 0.00575 0.80851 0.04499 ( 3)
  99 A   0.13713 0.00988 0.78397 0.06902 ( 3)
 100 F   0.13831 0.00851 0.79183 0.06135 ( 3)
 101 L   0.14337 0.00275 0.82886 0.02501 ( 3)
 102 L   0.13798 0.00890 0.78959 0.06354 ( 3)
 103 Y   0.08756 0.04066 0.50595 0.36583 ( 3)
 104 D   0.14289 0.00331 0.82480 0.02900 ( 3)
 105 R   0.08654 0.03983 0.50108 0.37256 ( 3)
 106 T   0.00037 0.10762 0.00213 0.88989 ( 4)
 107 G   0.13778 0.00931 0.78778 0.06513 ( 3)
 108 D   0.14461 0.00101 0.84316 0.01122 ( 3)
 109 N   0.00002 0.10256 0.00010 0.89732 ( 4)
 110 K   0.13918 0.00752 0.79768 0.05562 ( 3)
 111 I   0.14427 0.00160 0.83790 0.01623 ( 3)
 112 T   0.09040 0.03825 0.52268 0.34867 ( 3)
 113 L   0.14138 0.00504 0.81305 0.04053 ( 3)
 114 S   0.00041 0.09632 0.00239 0.90088 ( 4)
 115 Q   0.14212 0.00419 0.81869 0.03499 ( 3)
 116 V   0.14197 0.00437 0.81750 0.03616 ( 3)
 117 G   0.13471 0.01273 0.76836 0.08420 ( 3)
 118 D   0.14461 0.00101 0.84316 0.01122 ( 3)
 119 V   0.14308 0.00310 0.82633 0.02749 ( 3)
 120 L   0.14338 0.00274 0.82895 0.02493 ( 3)
 121 R   0.14117 0.00528 0.81154 0.04202 ( 3)
 122 A   0.13744 0.00952 0.78606 0.06698 ( 3)
 123 L   0.13776 0.00915 0.78815 0.06494 ( 3)
 124 G   0.13744 0.00953 0.78600 0.06704 ( 3)
 125 T   0.14196 0.00438 0.81741 0.03625 ( 3)
 126 N   0.14047 0.00606 0.80657 0.04690 ( 3)
 127 P   0.14071 0.00579 0.80826 0.04524 ( 3)
 128 T   0.14340 0.00272 0.82911 0.02477 ( 3)
 129 N   0.14047 0.00606 0.80657 0.04690 ( 3)
 130 A   0.13713 0.00988 0.78397 0.06902 ( 3)
 131 E   0.14074 0.00575 0.80851 0.04499 ( 3)
 132 V   0.14308 0.00310 0.82633 0.02749 ( 3)
 133 K   0.13921 0.00750 0.79785 0.05544 ( 3)
 134 A   0.00034 0.11275 0.00194 0.88498 ( 4)
 135 V   0.14197 0.00437 0.81750 0.03616 ( 3)
 136 L   0.13776 0.00915 0.78815 0.06494 ( 3)
 137 G   0.14397 0.00202 0.83442 0.01958 ( 3)
 138 N   0.14256 0.00362 0.82253 0.03129 ( 3)
 139 P   0.14071 0.00579 0.80826 0.04524 ( 3)
 140 S   0.14367 0.00239 0.83154 0.02240 ( 3)
 141 N   0.06503 0.06429 0.37341 0.49726 ( 4)
 142 E   0.13998 0.00661 0.80317 0.05024 ( 3)
 143 E   0.14074 0.00575 0.80851 0.04499 ( 3)
 144 M   0.14129 0.00513 0.81251 0.04107 ( 3)
 145 N   0.14047 0.00606 0.80657 0.04690 ( 3)
 146 A   0.05754 0.07342 0.32968 0.53936 ( 4)
 147 K   0.13918 0.00752 0.79768 0.05562 ( 3)
 148 K   0.14355 0.00253 0.83052 0.02340 ( 3)
 149 I   0.14269 0.00355 0.82313 0.03063 ( 3)
 150 E   0.14062 0.00585 0.80783 0.04570 ( 3)
 151 F   0.13828 0.00854 0.79164 0.06154 ( 3)
 152 E   0.13998 0.00661 0.80317 0.05024 ( 3)
 153 Q   0.14351 0.00252 0.83050 0.02346 ( 3)
 154 F   0.13831 0.00851 0.79183 0.06135 ( 3)
 155 L   0.13776 0.00915 0.78815 0.06494 ( 3)
 156 P   0.14071 0.00579 0.80826 0.04524 ( 3)
 157 M   0.14129 0.00513 0.81251 0.04107 ( 3)
 158 M   0.09441 0.04029 0.54292 0.32238 ( 3)
 159 Q   0.14361 0.00245 0.83109 0.02284 ( 3)
 160 S   0.14211 0.00422 0.81853 0.03515 ( 3)
 161 I   0.14269 0.00355 0.82313 0.03063 ( 3)
 162 S   0.14075 0.00575 0.80854 0.04496 ( 3)
 163 N   0.14271 0.00351 0.82339 0.03039 ( 3)
 164 N   0.08526 0.04381 0.49191 0.37902 ( 3)
 165 K   0.13918 0.00752 0.79768 0.05562 ( 3)
 166 D   0.14289 0.00331 0.82480 0.02900 ( 3)
 167 Q   0.14212 0.00419 0.81869 0.03499 ( 3)
 168 G   0.13744 0.00953 0.78600 0.06704 ( 3)
 169 T   0.14340 0.00272 0.82911 0.02477 ( 3)
 170 Y   0.14362 0.00265 0.82990 0.02383 ( 3)
 171 E   0.13998 0.00661 0.80317 0.05024 ( 3)
 172 D   0.14289 0.00331 0.82480 0.02900 ( 3)
 173 F   0.13831 0.00851 0.79183 0.06135 ( 3)
 174 V   0.14197 0.00437 0.81750 0.03616 ( 3)
 175 E   0.14074 0.00575 0.80851 0.04499 ( 3)
 176 G   0.13471 0.01273 0.76836 0.08420 ( 3)
 177 L   0.13776 0.00915 0.78815 0.06494 ( 3)
 178 R   0.13813 0.00873 0.79053 0.06261 ( 3)
 179 V   0.14308 0.00310 0.82633 0.02749 ( 3)
 180 F   0.13831 0.00851 0.79183 0.06135 ( 3)
 181 D   0.14289 0.00331 0.82480 0.02900 ( 3)
 182 K   0.13918 0.00752 0.79768 0.05562 ( 3)
 183 E   0.13998 0.00661 0.80317 0.05024 ( 3)
 184 G   0.13744 0.00953 0.78600 0.06704 ( 3)
 185 N   0.14047 0.00606 0.80657 0.04690 ( 3)
 186 G   0.13744 0.00953 0.78600 0.06704 ( 3)
 187 T   0.14374 0.00249 0.83110 0.02267 ( 3)
 188 V   0.14197 0.00437 0.81750 0.03616 ( 3)
 189 M   0.14129 0.00513 0.81251 0.04107 ( 3)
 190 G   0.13471 0.01273 0.76836 0.08420 ( 3)
 191 A   0.13744 0.00952 0.78606 0.06698 ( 3)
 192 E   0.13998 0.00661 0.80317 0.05024 ( 3)
 193 L   0.14338 0.00274 0.82895 0.02493 ( 3)
 194 R   0.13813 0.00873 0.79053 0.06261 ( 3)
 195 H   0.14468 0.00054 0.84795 0.00683 ( 3)
 196 V   0.14458 0.00108 0.84247 0.01187 ( 3)
 197 L   0.13798 0.00890 0.78959 0.06354 ( 3)
 198 A   0.13744 0.00952 0.78606 0.06698 ( 3)
 199 T   0.14410 0.00282 0.82978 0.02330 ( 3)
 200 L   0.13798 0.00890 0.78959 0.06354 ( 3)
 201 G   0.13338 0.01458 0.75948 0.09256 ( 3)
 202 E   0.13852 0.00864 0.79219 0.06065 ( 3)
 203 K   0.13769 0.00958 0.78681 0.06592 ( 3)
 204 M   0.13994 0.00704 0.80162 0.05140 ( 3)
 205 K   0.14268 0.00399 0.82094 0.03239 ( 3)
 206 E   0.13934 0.00772 0.79756 0.05538 ( 3)
 207 E   0.13852 0.00864 0.79219 0.06065 ( 3)
 208 E   0.13852 0.00864 0.79219 0.06065 ( 3)
 209 V   0.14133 0.00551 0.81108 0.04209 ( 3)
 210 E   0.13852 0.00864 0.79219 0.06065 ( 3)
 211 A   0.13748 0.00982 0.78542 0.06728 ( 3)
 212 L   0.13628 0.01120 0.77771 0.07481 ( 3)
 213 M   0.05851 0.07307 0.33518 0.53323 ( 4)
 214 A   0.00352 0.12844 0.02009 0.84795 ( 4)
 215 G   0.03908 0.10049 0.22253 0.63790 ( 4)
 216 Q   0.14276 0.00390 0.82159 0.03175 ( 3)
 217 E   0.13852 0.00864 0.79219 0.06065 ( 3)
 218 D   0.14182 0.00496 0.81460 0.03863 ( 3)
 219 S   0.13935 0.00771 0.79759 0.05535 ( 3)
 220 N   0.13909 0.00792 0.79669 0.05630 ( 3)
 221 G   0.13597 0.01156 0.77570 0.07677 ( 3)
 222 C   0.14187 0.00491 0.81487 0.03835 ( 3)
 223 I   0.14376 0.00276 0.82952 0.02396 ( 3)
 224 N   0.14160 0.00520 0.81305 0.04016 ( 3)
 225 Y   0.14227 0.00445 0.81788 0.03539 ( 3)
 226 E   0.13852 0.00864 0.79219 0.06065 ( 3)


lnL = -1618.199860

Bayes Empirical Bayes (BEB) probabilities for 4 classes (class)
(amino acids refer to 1st sequence: Naasi)

   1 M   0.72136 0.24001 0.02855 0.01007 ( 1)
   2 H   0.80959 0.15769 0.02676 0.00596 ( 1)
   3 A   0.70164 0.25850 0.02878 0.01108 ( 1)
   4 L   0.75014 0.21303 0.02817 0.00866 ( 1)
   5 I   0.27811 0.68929 0.00820 0.02439 ( 2)
   6 P   0.14055 0.81910 0.00566 0.03469 ( 2)
   7 F   0.13405 0.82539 0.00544 0.03512 ( 2)
   8 N   0.71690 0.24481 0.02808 0.01021 ( 1)
   9 A   0.69393 0.26620 0.02847 0.01141 ( 1)
  10 L   0.69735 0.26291 0.02849 0.01124 ( 1)
  11 G   0.67914 0.27991 0.02874 0.01222 ( 1)
  12 P   0.01295 0.94651 0.00052 0.04002 ( 2)
  13 P   0.70091 0.25952 0.02851 0.01106 ( 1)
  14 S   0.79239 0.17418 0.02677 0.00666 ( 1)
  15 R   0.75118 0.21251 0.02775 0.00856 ( 1)
  16 H   0.76873 0.19615 0.02738 0.00773 ( 1)
  17 Q   0.01654 0.94326 0.00066 0.03954 ( 2)
  18 S   0.74955 0.21344 0.02830 0.00871 ( 1)
  19 V   0.76728 0.19610 0.02866 0.00795 ( 1)
  20 D   0.83069 0.13676 0.02739 0.00516 ( 1)
  21 Q   0.76157 0.20146 0.02875 0.00822 ( 1)
  22 A   0.16075 0.79961 0.00631 0.03333 ( 2)
  23 N   0.77156 0.19205 0.02863 0.00776 ( 1)
  24 H   0.20412 0.75873 0.00727 0.02988 ( 2)
  25 H   0.80010 0.16737 0.02624 0.00630 ( 1)
  26 S   0.16402 0.79785 0.00605 0.03207 ( 2)
  27 S   0.76701 0.19805 0.02715 0.00778 ( 1)
  28 S   0.12921 0.63025 0.18425 0.05630 ( 2)
  29 K   0.73111 0.23140 0.02797 0.00952 ( 1)
  30 N   0.74506 0.21844 0.02768 0.00883 ( 1)
  31 Q   0.76744 0.19764 0.02715 0.00777 ( 1)
  32 F   0.72270 0.23925 0.02812 0.00994 ( 1)
  33 D   0.78096 0.18508 0.02681 0.00715 ( 1)
  34 R   0.73702 0.22661 0.02724 0.00913 ( 1)
  35 F   0.17153 0.79067 0.00625 0.03156 ( 2)
  36 F   0.72589 0.23606 0.02825 0.00980 ( 1)
  37 R   0.75098 0.21269 0.02776 0.00857 ( 1)
  38 R   0.18543 0.78276 0.00511 0.02670 ( 2)
  39 F   0.17438 0.78782 0.00636 0.03144 ( 2)
  40 S   0.75223 0.21151 0.02774 0.00851 ( 1)
  41 F   0.00168 0.91203 0.00136 0.08493 ( 2)
  42 F   0.00160 0.95856 0.00006 0.03977 ( 2)
  43 F   0.72298 0.23896 0.02813 0.00992 ( 1)
  44 F   0.69872 0.26316 0.02719 0.01093 ( 1)
  45 K   0.70801 0.25869 0.02349 0.00980 ( 1)
  46 P   0.16529 0.79656 0.00611 0.03204 ( 2)
  47 I   0.02326 0.94264 0.00069 0.03341 ( 2)
  48 L   0.79618 0.17065 0.02668 0.00650 ( 1)
  49 L   0.01634 0.94529 0.00060 0.03777 ( 2)
  50 N   0.78252 0.18330 0.02707 0.00711 ( 1)
  51 T   0.01744 0.94452 0.00063 0.03741 ( 2)
  52 M   0.77246 0.19457 0.02560 0.00737 ( 1)
  53 A   0.72379 0.23936 0.02713 0.00972 ( 1)
  54 P   0.75885 0.20709 0.02606 0.00800 ( 1)
  55 K   0.74525 0.21958 0.02652 0.00866 ( 1)
  56 K   0.74525 0.21958 0.02652 0.00866 ( 1)
  57 D   0.80807 0.16130 0.02478 0.00585 ( 1)
  58 V   0.79222 0.17645 0.02485 0.00648 ( 1)
  59 K   0.74525 0.21958 0.02652 0.00866 ( 1)
  60 K   0.81633 0.15431 0.02390 0.00546 ( 1)
  61 P   0.17297 0.78885 0.00640 0.03178 ( 2)
  62 A   0.72675 0.23664 0.02703 0.00957 ( 1)
  63 A   0.74076 0.22388 0.02650 0.00885 ( 1)
  64 A   0.72675 0.23664 0.02703 0.00957 ( 1)
  65 A   0.14806 0.81357 0.00551 0.03287 ( 2)
  66 -   0.72304 0.23668 0.03006 0.01022 ( 1)
  67 -   0.73668 0.22364 0.03012 0.00956 ( 1)
  68 A   0.74092 0.22318 0.02698 0.00892 ( 1)
  69 P   0.73169 0.23225 0.02676 0.00931 ( 1)
  70 A   0.73289 0.23172 0.02622 0.00916 ( 1)
  71 P   0.71964 0.24428 0.02630 0.00978 ( 1)
  72 A   0.74180 0.22284 0.02654 0.00881 ( 1)
  73 P   0.79334 0.17435 0.02578 0.00653 ( 1)
  74 A   0.72580 0.23773 0.02688 0.00959 ( 1)
  75 P   0.18321 0.78007 0.00638 0.03033 ( 2)
  76 A   0.01441 0.94679 0.00054 0.03826 ( 2)
  77 P   0.72916 0.23440 0.02698 0.00945 ( 1)
  78 A   0.72463 0.23852 0.02716 0.00969 ( 1)
  79 P   0.73053 0.23304 0.02703 0.00940 ( 1)
  80 A   0.72379 0.23936 0.02713 0.00972 ( 1)
  81 P   0.72916 0.23440 0.02698 0.00945 ( 1)
  82 A   0.09332 0.86902 0.00334 0.03432 ( 2)
  83 P   0.75357 0.21234 0.02588 0.00820 ( 1)
  84 P   0.74616 0.22012 0.02528 0.00844 ( 1)
  85 K   0.79355 0.17696 0.02323 0.00626 ( 1)
  86 E   0.73783 0.22768 0.02563 0.00886 ( 1)
  87 A   0.01336 0.94768 0.00050 0.03846 ( 2)
  88 K   0.72961 0.23516 0.02596 0.00927 ( 1)
  89 I   0.77499 0.19389 0.02404 0.00707 ( 1)
  90 D   0.77899 0.19023 0.02389 0.00690 ( 1)
  91 L   0.78892 0.18120 0.02342 0.00645 ( 1)
  92 S   0.76512 0.20289 0.02447 0.00753 ( 1)
  93 A   0.73047 0.23413 0.02614 0.00926 ( 1)
  94 I   0.18610 0.77909 0.00595 0.02885 ( 2)
  95 E   0.00174 0.96042 0.00006 0.03778 ( 2)
  96 F   0.77104 0.19588 0.02565 0.00743 ( 1)
  97 K   0.74525 0.21958 0.02652 0.00866 ( 1)
  98 E   0.76448 0.20192 0.02587 0.00774 ( 1)
  99 A   0.72379 0.23936 0.02713 0.00972 ( 1)
 100 F   0.73574 0.22833 0.02680 0.00913 ( 1)
 101 L   0.81135 0.15890 0.02409 0.00566 ( 1)
 102 L   0.73207 0.23175 0.02688 0.00930 ( 1)
 103 Y   0.21600 0.75073 0.00647 0.02680 ( 2)
 104 D   0.80052 0.16881 0.02455 0.00612 ( 1)
 105 R   0.21727 0.75002 0.00631 0.02640 ( 2)
 106 T   0.00215 0.96202 0.00007 0.03576 ( 2)
 107 G   0.72833 0.23491 0.02723 0.00953 ( 1)
 108 D   0.86168 0.11296 0.02168 0.00368 ( 1)
 109 N   0.00032 0.96476 0.00001 0.03490 ( 2)
 110 K   0.74525 0.21958 0.02652 0.00866 ( 1)
 111 I   0.84032 0.13240 0.02278 0.00449 ( 1)
 112 T   0.22224 0.74474 0.00659 0.02644 ( 2)
 113 L   0.77335 0.19380 0.02554 0.00732 ( 1)
 114 S   0.00233 0.96383 0.00007 0.03377 ( 2)
 115 Q   0.78572 0.18241 0.02511 0.00677 ( 1)
 116 V   0.78291 0.18500 0.02520 0.00689 ( 1)
 117 G   0.70258 0.25891 0.02768 0.01083 ( 1)
 118 D   0.86168 0.11296 0.02168 0.00368 ( 1)
 119 V   0.80432 0.16536 0.02437 0.00595 ( 1)
 120 L   0.81160 0.15867 0.02408 0.00565 ( 1)
 121 R   0.77022 0.19668 0.02564 0.00746 ( 1)
 122 A   0.72675 0.23664 0.02703 0.00957 ( 1)
 123 L   0.72992 0.23372 0.02695 0.00941 ( 1)
 124 G   0.72660 0.23680 0.02703 0.00957 ( 1)
 125 T   0.78285 0.18504 0.02522 0.00690 ( 1)
 126 N   0.76089 0.20520 0.02600 0.00791 ( 1)
 127 P   0.76403 0.20232 0.02589 0.00776 ( 1)
 128 T   0.81211 0.15819 0.02407 0.00563 ( 1)
 129 N   0.76089 0.20520 0.02600 0.00791 ( 1)
 130 A   0.72379 0.23936 0.02713 0.00972 ( 1)
 131 E   0.76448 0.20192 0.02587 0.00774 ( 1)
 132 V   0.80432 0.16536 0.02437 0.00595 ( 1)
 133 K   0.74594 0.21889 0.02654 0.00863 ( 1)
 134 A   0.00204 0.96123 0.00007 0.03666 ( 2)
 135 V   0.78291 0.18500 0.02520 0.00689 ( 1)
 136 L   0.72992 0.23372 0.02695 0.00941 ( 1)
 137 G   0.82803 0.14366 0.02333 0.00497 ( 1)
 138 N   0.79600 0.17302 0.02467 0.00631 ( 1)
 139 P   0.76403 0.20232 0.02589 0.00776 ( 1)
 140 S   0.81911 0.15180 0.02375 0.00534 ( 1)
 141 N   0.17131 0.79235 0.00586 0.03048 ( 2)
 142 E   0.75479 0.21079 0.02622 0.00820 ( 1)
 143 E   0.76448 0.20192 0.02587 0.00774 ( 1)
 144 M   0.77246 0.19457 0.02560 0.00737 ( 1)
 145 N   0.76089 0.20520 0.02600 0.00791 ( 1)
 146 A   0.15765 0.80492 0.00564 0.03179 ( 2)
 147 K   0.74525 0.21958 0.02652 0.00866 ( 1)
 148 K   0.81633 0.15431 0.02390 0.00546 ( 1)
 149 I   0.79615 0.17285 0.02470 0.00631 ( 1)
 150 E   0.76395 0.20244 0.02585 0.00776 ( 1)
 151 F   0.73589 0.22818 0.02681 0.00912 ( 1)
 152 E   0.75479 0.21079 0.02622 0.00820 ( 1)
 153 Q   0.81702 0.15376 0.02380 0.00542 ( 1)
 154 F   0.73574 0.22833 0.02680 0.00913 ( 1)
 155 L   0.72992 0.23372 0.02695 0.00941 ( 1)
 156 P   0.76403 0.20232 0.02589 0.00776 ( 1)
 157 M   0.77246 0.19457 0.02560 0.00737 ( 1)
 158 M   0.22073 0.74383 0.00732 0.02812 ( 2)
 159 Q   0.81794 0.15285 0.02382 0.00539 ( 1)
 160 S   0.78524 0.18286 0.02511 0.00679 ( 1)
 161 I   0.79615 0.17285 0.02470 0.00631 ( 1)
 162 S   0.76448 0.20193 0.02586 0.00773 ( 1)
 163 N   0.79708 0.17194 0.02470 0.00627 ( 1)
 164 N   0.20984 0.75613 0.00650 0.02753 ( 2)
 165 K   0.74525 0.21958 0.02652 0.00866 ( 1)
 166 D   0.80052 0.16881 0.02455 0.00612 ( 1)
 167 Q   0.78572 0.18241 0.02511 0.00677 ( 1)
 168 G   0.72660 0.23680 0.02703 0.00957 ( 1)
 169 T   0.81211 0.15819 0.02407 0.00563 ( 1)
 170 Y   0.81317 0.15686 0.02436 0.00561 ( 1)
 171 E   0.75479 0.21079 0.02622 0.00820 ( 1)
 172 D   0.80052 0.16881 0.02455 0.00612 ( 1)
 173 F   0.73574 0.22833 0.02680 0.00913 ( 1)
 174 V   0.78291 0.18500 0.02520 0.00689 ( 1)
 175 E   0.76448 0.20192 0.02587 0.00774 ( 1)
 176 G   0.70258 0.25891 0.02768 0.01083 ( 1)
 177 L   0.72992 0.23372 0.02695 0.00941 ( 1)
 178 R   0.73327 0.23068 0.02681 0.00923 ( 1)
 179 V   0.80432 0.16536 0.02437 0.00595 ( 1)
 180 F   0.73574 0.22833 0.02680 0.00913 ( 1)
 181 D   0.80052 0.16881 0.02455 0.00612 ( 1)
 182 K   0.74525 0.21958 0.02652 0.00866 ( 1)
 183 E   0.75479 0.21079 0.02622 0.00820 ( 1)
 184 G   0.72660 0.23680 0.02703 0.00957 ( 1)
 185 N   0.76089 0.20520 0.02600 0.00791 ( 1)
 186 G   0.72660 0.23680 0.02703 0.00957 ( 1)
 187 T   0.81691 0.15342 0.02421 0.00546 ( 1)
 188 V   0.78291 0.18500 0.02520 0.00689 ( 1)
 189 M   0.77246 0.19457 0.02560 0.00737 ( 1)
 190 G   0.70258 0.25891 0.02768 0.01083 ( 1)
 191 A   0.72675 0.23664 0.02703 0.00957 ( 1)
 192 E   0.75479 0.21079 0.02622 0.00820 ( 1)
 193 L   0.81160 0.15867 0.02408 0.00565 ( 1)
 194 R   0.73327 0.23068 0.02681 0.00923 ( 1)
 195 H   0.88617 0.09078 0.02022 0.00282 ( 1)
 196 V   0.85844 0.11593 0.02183 0.00380 ( 1)
 197 L   0.73207 0.23175 0.02688 0.00930 ( 1)
 198 A   0.72675 0.23664 0.02703 0.00957 ( 1)
 199 T   0.80851 0.15950 0.02604 0.00594 ( 1)
 200 L   0.73207 0.23175 0.02688 0.00930 ( 1)
 201 G   0.69060 0.26956 0.02830 0.01154 ( 1)
 202 E   0.73442 0.22891 0.02739 0.00928 ( 1)
 203 K   0.72629 0.23644 0.02758 0.00968 ( 1)
 204 M   0.74964 0.21485 0.02698 0.00853 ( 1)
 205 K   0.78844 0.17900 0.02582 0.00674 ( 1)
 206 E   0.74275 0.22123 0.02715 0.00886 ( 1)
 207 E   0.73442 0.22891 0.02739 0.00928 ( 1)
 208 E   0.73442 0.22891 0.02739 0.00928 ( 1)
 209 V   0.76694 0.19889 0.02647 0.00770 ( 1)
 210 E   0.73442 0.22891 0.02739 0.00928 ( 1)
 211 A   0.72408 0.23852 0.02761 0.00979 ( 1)
 212 L   0.71338 0.24843 0.02785 0.01034 ( 1)
 213 M   0.15890 0.80353 0.00572 0.03185 ( 2)
 214 A   0.01325 0.94660 0.00052 0.03963 ( 2)
 215 G   0.12437 0.83480 0.00510 0.03572 ( 2)
 216 Q   0.78991 0.17766 0.02576 0.00667 ( 1)
 217 E   0.73442 0.22891 0.02739 0.00928 ( 1)
 218 D   0.77427 0.19209 0.02627 0.00737 ( 1)
 219 S   0.74276 0.22124 0.02715 0.00886 ( 1)
 220 N   0.74215 0.22126 0.02757 0.00903 ( 1)
 221 G   0.71060 0.25102 0.02790 0.01048 ( 1)
 222 C   0.77439 0.19205 0.02620 0.00735 ( 1)
 223 I   0.81050 0.15870 0.02502 0.00578 ( 1)
 224 N   0.77120 0.19491 0.02638 0.00752 ( 1)
 225 Y   0.78115 0.18577 0.02602 0.00705 ( 1)
 226 E   0.73442 0.22891 0.02739 0.00928 ( 1)

