Supplemental results for CODEML (seqf: /home/leticiamagpali/phd/evol_models/codeml/big_dataset/cml_align/CNTNAP2_codon_aligned.phy  treef: /home/leticiamagpali/phd/evol_models/codeml/big_dataset/cml_trees/gene_trees/H2_gene_trees/CNTNAP2_tree_H2.tre)

I	J	ij	2Ns_IJ	pMut_IJ	pSub_IJ	2Ns_JI	pMut_JI	pSub_JI

TTC	TTT	CT	0.57935	0.06829	0.08997	-0.57935	0.12189	0.08997
TTA	TTT	AT	1.99336	0.00301	0.00695	-1.99336	0.02211	0.00695
TTA	TTC	AC	1.41401	0.00832	0.01554	-1.41401	0.03420	0.01554
TTG	TTT	GT	1.33032	0.00466	0.00842	-1.33032	0.01761	0.00842
TTG	TTC	GC	0.75097	0.01286	0.01829	-0.75097	0.02725	0.01829
TTG	TTA	GA	-0.66304	0.05934	0.04183	0.66304	0.03058	0.04183
TCT	TTT	CT	1.20583	0.03650	0.06282	-1.20583	0.12189	0.06282
TCC	TTC	CT	1.31647	0.05055	0.09092	-1.31647	0.18856	0.09092
TCC	TCT	CT	0.68999	0.05055	0.06998	-0.68999	0.10078	0.06998
TCA	TTA	CT	0.36661	0.02907	0.03473	-0.36661	0.04195	0.03473
TCA	TCT	AT	1.15415	0.00576	0.00972	-1.15415	0.01828	0.00972
TCA	TCC	AC	0.46415	0.01592	0.01989	-0.46415	0.02532	0.01989
TCG	TTG	CT	1.05680	0.02254	0.03652	-1.05680	0.06486	0.03652
TCG	TCT	GT	1.18128	0.00447	0.00762	-1.18128	0.01456	0.00762
TCG	TCC	GC	0.49129	0.01234	0.01562	-0.49129	0.02017	0.01562
TCG	TCA	GA	0.02714	0.05695	0.05773	-0.02714	0.05852	0.05773
TAT	TTT	AT	1.22634	0.00649	0.01126	-1.22634	0.02211	0.01126
TAT	TCT	AC	0.02050	0.01791	0.01809	-0.02050	0.01828	0.01809
TAC	TTC	AT	0.77588	0.01574	0.02263	-0.77588	0.03420	0.02263
TAC	TCC	AC	-0.54059	0.04347	0.03277	0.54059	0.02532	0.03277
TAC	TAT	CT	0.12889	0.07940	0.08463	-0.12889	0.09033	0.08463
TGT	TTT	GT	1.50975	0.00389	0.00754	-1.50975	0.01761	0.00754
TGT	TCT	GC	0.30392	0.01075	0.01246	-0.30392	0.01456	0.01246
TGT	TAT	GA	0.28342	0.04959	0.05695	-0.28342	0.06584	0.05695
TGC	TTC	GT	1.05355	0.00950	0.01537	-1.05355	0.02725	0.01537
TGC	TCC	GC	-0.26292	0.02624	0.02294	0.26292	0.02017	0.02294
TGC	TAC	GA	0.27767	0.12107	0.13866	-0.27767	0.15982	0.13866
TGC	TGT	CT	0.12315	0.04793	0.05094	-0.12315	0.05421	0.05094
TGG	TTG	GT	0.10224	0.00846	0.00890	-0.10224	0.00937	0.00890
TGG	TCG	GC	-0.95456	0.02337	0.01396	0.95456	0.00900	0.01396
TGG	TGT	GT	-0.07719	0.00846	0.00814	0.07719	0.00783	0.00814
TGG	TGC	GC	-0.20034	0.02337	0.02111	0.20034	0.01913	0.02111
CTT	TTT	CT	1.84463	0.01927	0.04222	-1.84463	0.12189	0.04222
CTC	TTC	CT	1.39121	0.04691	0.08687	-1.39121	0.18856	0.08687
CTC	CTT	CT	0.12593	0.04691	0.04993	-0.12593	0.05321	0.04993
CTA	TTA	CT	1.46356	0.00971	0.01848	-1.46356	0.04195	0.01848
CTA	CTT	AT	1.61229	0.00192	0.00388	-1.61229	0.00965	0.00388
CTA	CTC	AC	1.48636	0.00531	0.01021	-1.48636	0.02349	0.01021
CTG	TTG	CT	-0.11580	0.07283	0.06869	0.11580	0.06486	0.06869
CTG	CTT	GT	-0.63011	0.01444	0.01036	0.63011	0.00769	0.01036
CTG	CTC	GC	-0.75604	0.03987	0.02668	0.75604	0.01872	0.02668
CTG	CTA	GA	-2.24240	0.18397	0.04902	2.24240	0.01954	0.04902
CCT	TCT	CT	1.18321	0.03087	0.05265	-1.18321	0.10078	0.05265
CCT	CTT	CT	0.54441	0.03087	0.04003	-0.54441	0.05321	0.04003
CCC	TCC	CT	1.23248	0.04070	0.07080	-1.23248	0.13958	0.07080
CCC	CTC	CT	1.15774	0.04070	0.06870	-1.15774	0.12953	0.06870
CCC	CCT	CT	0.73926	0.04070	0.05758	-0.73926	0.08524	0.05758
CCA	TCA	CT	1.00985	0.02924	0.04645	-1.00985	0.08028	0.04645
CCA	CTA	CT	-0.08710	0.02924	0.02799	0.08710	0.02680	0.02799
CCA	CCT	AT	0.98078	0.00580	0.00910	-0.98078	0.01546	0.00910
CCA	CCC	AC	0.24152	0.01601	0.01802	-0.24152	0.02038	0.01802
CCG	TCG	CT	1.72510	0.01109	0.02328	-1.72510	0.06225	0.02328
CCG	CTG	CT	2.89769	0.01109	0.03401	-2.89769	0.20109	0.03401
CCG	CCT	GT	1.72317	0.00220	0.00461	-1.72317	0.01232	0.00461
CCG	CCC	GC	0.98391	0.00607	0.00954	-0.98391	0.01624	0.00954
CCG	CCA	GA	0.74239	0.02802	0.03969	-0.74239	0.05886	0.03969
CAT	TAT	CT	1.25038	0.02587	0.04533	-1.25038	0.09033	0.04533
CAT	CTT	AT	0.63209	0.00513	0.00692	-0.63209	0.00965	0.00692
CAT	CCT	AC	0.08767	0.01416	0.01479	-0.08767	0.01546	0.01479
CAC	TAC	CT	1.42635	0.05266	0.09886	-1.42635	0.21925	0.09886
CAC	CTC	AT	0.81102	0.01044	0.01524	-0.81102	0.02349	0.01524
CAC	CCC	AC	-0.34672	0.02883	0.02412	0.34672	0.02038	0.02412
CAC	CAT	CT	0.30486	0.05266	0.06110	-0.30486	0.07143	0.06110
CAA	CTA	AT	-0.40899	0.00732	0.00592	0.40899	0.00486	0.00592
CAA	CCA	AC	-0.32189	0.02021	0.01713	0.32189	0.01464	0.01713
CAA	CAT	AT	0.57122	0.00732	0.00961	-0.57122	0.01296	0.00961
CAA	CAC	AC	0.26636	0.02021	0.02302	-0.26636	0.02637	0.02302
CAG	CTG	AT	0.91508	0.01461	0.02230	-0.91508	0.03647	0.02230
CAG	CCG	AC	-1.98262	0.04033	0.01277	1.98262	0.00555	0.01277
CAG	CAT	GT	-0.34712	0.01461	0.01222	0.34712	0.01032	0.01222
CAG	CAC	GC	-0.65198	0.04033	0.02860	0.65198	0.02101	0.02860
CAG	CAA	GA	-0.91833	0.18612	0.11356	0.91833	0.07429	0.11356
CGT	TGT	CT	2.18602	0.00609	0.01500	-2.18602	0.05421	0.01500
CGT	CTT	GT	1.85114	0.00121	0.00265	-1.85114	0.00769	0.00265
CGT	CCT	GC	1.30673	0.00333	0.00597	-1.30673	0.01232	0.00597
CGT	CAT	GA	1.21905	0.01539	0.02663	-1.21905	0.05207	0.02663
CGC	TGC	CT	1.63233	0.02587	0.05249	-1.63233	0.13234	0.05249
CGC	CTC	GT	1.29467	0.00513	0.00915	-1.29467	0.01872	0.00915
CGC	CCC	GC	0.13693	0.01416	0.01515	-0.13693	0.01624	0.01515
CGC	CAC	GA	0.48365	0.06535	0.08242	-0.48365	0.10599	0.08242
CGC	CGT	CT	-0.43054	0.02587	0.02070	0.43054	0.01682	0.02070
CGA	CTA	GT	1.18158	0.00119	0.00203	-1.18158	0.00387	0.00203
CGA	CCA	GC	1.26868	0.00328	0.00579	-1.26868	0.01167	0.00579
CGA	CAA	GA	1.59057	0.01514	0.03025	-1.59057	0.07429	0.03025
CGA	CGT	AT	0.94273	0.00119	0.00184	-0.94273	0.00305	0.00184
CGA	CGC	AC	1.37328	0.00328	0.00603	-1.37328	0.01296	0.00603
CGG	TGG	CT	1.87748	0.01803	0.03997	-1.87748	0.11787	0.03997
CGG	CTG	GT	2.09551	0.00357	0.00854	-2.09551	0.02906	0.00854
CGG	CCG	GC	-0.80218	0.00987	0.00644	0.80218	0.00443	0.00644
CGG	CAG	GA	1.18044	0.04555	0.07760	-1.18044	0.14830	0.07760
CGG	CGT	GT	-0.38573	0.00357	0.00293	0.38573	0.00243	0.00293
CGG	CGC	GC	0.04481	0.00987	0.01009	-0.04481	0.01032	0.01009
CGG	CGA	GA	-1.32847	0.04555	0.02180	1.32847	0.01206	0.02180
ATT	TTT	AT	1.05246	0.00772	0.01248	-1.05246	0.02211	0.01248
ATT	CTT	AC	-0.79217	0.02131	0.01397	0.79217	0.00965	0.01397
ATC	TTC	AT	1.02479	0.01227	0.01962	-1.02479	0.03420	0.01962
ATC	CTC	AC	-0.36641	0.03389	0.02806	0.36641	0.02349	0.02806
ATC	ATT	CT	0.55169	0.06191	0.08055	-0.55169	0.10748	0.08055
ATA	TTA	AT	0.43650	0.00492	0.00607	-0.43650	0.00761	0.00607
ATA	CTA	AC	-1.02705	0.01358	0.00778	1.02705	0.00486	0.00778
ATA	ATT	AT	1.37741	0.00492	0.00906	-1.37741	0.01949	0.00906
ATA	ATC	AC	0.82572	0.01358	0.01995	-0.82572	0.03100	0.01995
ATG	TTG	AT	0.51640	0.00702	0.00899	-0.51640	0.01176	0.00899
ATG	CTG	AC	0.63219	0.01938	0.02615	-0.63219	0.03647	0.02615
ATG	ATT	GT	0.79426	0.00702	0.01017	-0.79426	0.01553	0.01017
ATG	ATC	GC	0.24257	0.01938	0.02183	-0.24257	0.02470	0.02183
ATG	ATA	GA	-0.58315	0.08944	0.06588	0.58315	0.04992	0.06588
ACT	TCT	AT	1.32882	0.00484	0.00875	-1.32882	0.01828	0.00875
ACT	CCT	AC	0.14561	0.01336	0.01436	-0.14561	0.01546	0.01436
ACT	ATT	CT	1.48219	0.02441	0.04682	-1.48219	0.10748	0.04682
ACC	TCC	AT	0.66206	0.01306	0.01785	-0.66206	0.02532	0.01785
ACC	CCC	AC	-0.57042	0.03605	0.02674	0.57042	0.02038	0.02674
ACC	ATC	CT	0.95373	0.06586	0.10219	-0.95373	0.17094	0.10219
ACC	ACT	CT	0.02323	0.06586	0.06663	-0.02323	0.06741	0.06663
ACA	TCA	AT	0.87621	0.00606	0.00910	-0.87621	0.01456	0.00910
ACA	CCA	AC	-0.13363	0.01674	0.01565	0.13363	0.01464	0.01565
ACA	ATA	CT	0.80632	0.03058	0.04454	-0.80632	0.06848	0.04454
ACA	ACT	AT	0.70154	0.00606	0.00844	-0.70154	0.01223	0.00844
ACA	ACC	AC	0.67831	0.01674	0.02305	-0.67831	0.03298	0.02305
ACG	TCG	AT	0.92237	0.00449	0.00687	-0.92237	0.01129	0.00687
ACG	CCG	AC	-0.80272	0.01239	0.00808	0.80272	0.00555	0.00808
ACG	ATG	CT	1.46277	0.02264	0.04310	-1.46277	0.09777	0.04310
ACG	ACT	GT	0.77484	0.00449	0.00645	-0.77484	0.00974	0.00645
ACG	ACC	GC	0.75161	0.01239	0.01763	-0.75161	0.02628	0.01763
ACG	ACA	GA	0.07330	0.05720	0.05932	-0.07330	0.06155	0.05932
AAT	TAT	AT	0.43456	0.01061	0.01308	-0.43456	0.01638	0.01308
AAT	CAT	AC	-0.81582	0.02929	0.01895	0.81582	0.01296	0.01895
AAT	ATT	AT	0.60844	0.01061	0.01416	-0.60844	0.01949	0.01416
AAT	ACT	AC	-0.87375	0.02929	0.01834	0.87375	0.01223	0.01834
AAC	TAC	AT	0.80699	0.01774	0.02586	-0.80699	0.03977	0.02586
AAC	CAC	AC	-0.61936	0.04899	0.03538	0.61936	0.02637	0.03538
AAC	ATC	AT	0.55807	0.01774	0.02315	-0.55807	0.03100	0.02315
AAC	ACC	AC	-0.39566	0.04899	0.03994	0.39566	0.03298	0.03994
AAC	AAT	CT	0.50132	0.08950	0.11380	-0.50132	0.14775	0.11380
AAA	CAA	AC	-0.54635	0.03192	0.02399	0.54635	0.01849	0.02399
AAA	ATA	AT	0.07171	0.01156	0.01198	-0.07171	0.01242	0.01198
AAA	ACA	AC	-0.73461	0.03192	0.02162	0.73461	0.01531	0.02162
AAA	AAT	AT	0.84068	0.01156	0.01709	-0.84068	0.02680	0.01709
AAA	AAC	AC	0.33936	0.03192	0.03765	-0.33936	0.04482	0.03765
AAG	CAG	AC	0.16118	0.03141	0.03400	-0.16118	0.03690	0.03400
AAG	ATG	AT	0.44407	0.01137	0.01409	-0.44407	0.01773	0.01409
AAG	ACG	AC	-1.01871	0.03141	0.01808	1.01871	0.01134	0.01808
AAG	AAT	GT	0.62988	0.01137	0.01533	-0.62988	0.02135	0.01533
AAG	AAC	GC	0.12857	0.03141	0.03347	-0.12857	0.03571	0.03347
AAG	AAA	GA	-0.21080	0.14492	0.13018	0.21080	0.11738	0.13018
AGT	TGT	AT	0.14317	0.00852	0.00915	-0.14317	0.00983	0.00915
AGT	CGT	AC	-2.04285	0.02353	0.00716	2.04285	0.00305	0.00716
AGT	ATT	GT	0.60046	0.00852	0.01133	-0.60046	0.01553	0.01133
AGT	ACT	GC	-0.88173	0.02353	0.01466	0.88173	0.00974	0.01466
AGT	AAT	GA	-0.00798	0.10857	0.10813	0.00798	0.10770	0.10813
AGC	TGC	AT	0.64254	0.01262	0.01711	-0.64254	0.02400	0.01711
AGC	CGC	AC	-0.98979	0.03486	0.02041	0.98979	0.01296	0.02041
AGC	ATC	GT	0.67129	0.01262	0.01733	-0.67129	0.02470	0.01733
AGC	ACC	GC	-0.28244	0.03486	0.03017	0.28244	0.02628	0.03017
AGC	AAC	GA	0.11322	0.16086	0.17014	-0.11322	0.18014	0.17014
AGC	AGT	CT	0.62252	0.06368	0.08554	-0.62252	0.11867	0.08554
AGA	CGA	AC	-1.58086	0.01459	0.00598	1.58086	0.00300	0.00598
AGA	ATA	GT	0.62778	0.00528	0.00711	-0.62778	0.00990	0.00711
AGA	ACA	GC	-0.17854	0.01459	0.01332	0.17854	0.01220	0.01332
AGA	AAA	GA	0.55607	0.06731	0.08775	-0.55607	0.11738	0.08775
AGA	AGT	AT	1.40472	0.00528	0.00983	-1.40472	0.02152	0.00983
AGA	AGC	AC	0.78221	0.01459	0.02103	-0.78221	0.03189	0.02103
AGG	TGG	AT	1.25872	0.00607	0.01067	-1.25872	0.02138	0.01067
AGG	CGG	AC	-0.61876	0.01677	0.01211	0.61876	0.00903	0.01211
AGG	ATG	GT	0.84456	0.00607	0.00899	-0.84456	0.01413	0.00899
AGG	ACG	GC	-0.61821	0.01677	0.01211	0.61821	0.00904	0.01211
AGG	AAG	GA	0.40050	0.07736	0.09389	-0.40050	0.11547	0.09389
AGG	AGT	GT	1.03836	0.00607	0.00976	-1.03836	0.01715	0.00976
AGG	AGC	GC	0.41584	0.01677	0.02049	-0.41584	0.02541	0.02049
AGG	AGA	GA	-0.36637	0.07736	0.06406	0.36637	0.05363	0.06406
GTT	TTT	GT	1.22734	0.00516	0.00896	-1.22734	0.01761	0.00896
GTT	CTT	GC	-0.61729	0.01425	0.01030	0.61729	0.00769	0.01030
GTT	ATT	GA	0.17488	0.06578	0.07170	-0.17488	0.07835	0.07170
GTC	TTC	GT	1.12489	0.00885	0.01474	-1.12489	0.02725	0.01474
GTC	CTC	GC	-0.26631	0.02443	0.02132	0.26631	0.01872	0.02132
GTC	ATC	GA	0.10010	0.11274	0.11847	-0.10010	0.12461	0.11847
GTC	GTT	CT	0.47691	0.04463	0.05611	-0.47691	0.07190	0.05611
GTA	TTA	GT	0.78449	0.00277	0.00399	-0.78449	0.00606	0.00399
GTA	CTA	GC	-0.67907	0.00764	0.00534	0.67907	0.00387	0.00534
GTA	ATA	GA	0.34798	0.03525	0.04174	-0.34798	0.04992	0.04174
GTA	GTT	AT	1.55051	0.00277	0.00544	-1.55051	0.01304	0.00544
GTA	GTC	AC	1.07360	0.00764	0.01246	-1.07360	0.02235	0.01246
GTG	TTG	GT	-0.39841	0.01396	0.01136	0.39841	0.00937	0.01136
GTG	CTG	GC	-0.28262	0.03855	0.03336	0.28262	0.02906	0.03336
GTG	ATG	GA	-0.91481	0.17790	0.10877	0.91481	0.07127	0.10877
GTG	GTT	GT	-0.29543	0.01396	0.01200	0.29543	0.01039	0.01200
GTG	GTC	GC	-0.77234	0.03855	0.02556	0.77234	0.01781	0.02556
GTG	GTA	GA	-1.84595	0.17790	0.06157	1.84595	0.02809	0.06157
GCT	TCT	GT	1.14326	0.00464	0.00779	-1.14326	0.01456	0.00779
GCT	CCT	GC	-0.03995	0.01282	0.01257	0.03995	0.01232	0.01257
GCT	ACT	GA	-0.18555	0.05916	0.05384	0.18555	0.04914	0.05384
GCT	GTT	CT	1.12176	0.02342	0.03896	-1.12176	0.07190	0.03896
GCC	TCC	GT	0.42938	0.01313	0.01615	-0.42938	0.02017	0.01615
GCC	CCC	GC	-0.80309	0.03625	0.02362	0.80309	0.01624	0.02362
GCC	ACC	GA	-0.23267	0.16730	0.14859	0.23267	0.13257	0.14859
GCC	GTC	CT	0.62096	0.06623	0.08890	-0.62096	0.12323	0.08890
GCC	GCT	CT	-0.02389	0.06623	0.06544	0.02389	0.06466	0.06544
GCA	TCA	GT	0.71634	0.00567	0.00794	-0.71634	0.01160	0.00794
GCA	CCA	GC	-0.29350	0.01565	0.01347	0.29350	0.01167	0.01347
GCA	ACA	GA	-0.15987	0.07221	0.06660	0.15987	0.06155	0.06660
GCA	GTA	CT	0.29847	0.02859	0.03307	-0.29847	0.03853	0.03307
GCA	GCT	AT	0.72723	0.00567	0.00798	-0.72723	0.01173	0.00798
GCA	GCC	AC	0.75111	0.01565	0.02226	-0.75111	0.03317	0.02226
GCG	TCG	GT	1.17578	0.00278	0.00472	-1.17578	0.00900	0.00472
GCG	CCG	GC	-0.54932	0.00767	0.00575	0.54932	0.00443	0.00575
GCG	ACG	GA	0.25340	0.03537	0.04004	-0.25340	0.04557	0.04004
GCG	GTG	CT	2.63099	0.01400	0.03970	-2.63099	0.19446	0.03970
GCG	GCT	GT	1.21379	0.00278	0.00479	-1.21379	0.00934	0.00479
GCG	GCC	GC	1.23768	0.00767	0.01336	-1.23768	0.02643	0.01336
GCG	GCA	GA	0.48657	0.03537	0.04467	-0.48657	0.05754	0.04467
GAT	TAT	GT	-0.04497	0.01365	0.01335	0.04497	0.01305	0.01335
GAT	CAT	GC	-1.29535	0.03770	0.01841	1.29535	0.01032	0.01841
GAT	AAT	GA	-0.47953	0.17398	0.13558	0.47953	0.10770	0.13558
GAT	GTT	AT	-0.04597	0.01365	0.01334	0.04597	0.01304	0.01334
GAT	GCT	AC	-1.16773	0.03770	0.01988	1.16773	0.01173	0.01988
GAC	TAC	GT	0.77108	0.01465	0.02102	-0.77108	0.03169	0.02102
GAC	CAC	GC	-0.65527	0.04047	0.02865	0.65527	0.02101	0.02865
GAC	AAC	GA	-0.03591	0.18673	0.18340	0.03591	0.18014	0.18340
GAC	GTC	AT	0.42206	0.01465	0.01796	-0.42206	0.02235	0.01796
GAC	GCC	AC	-0.19890	0.04047	0.03657	0.19890	0.03317	0.03657
GAC	GAT	CT	0.94494	0.07392	0.11427	-0.94494	0.19017	0.11427
GAA	CAA	GC	-0.58393	0.02641	0.01945	0.58393	0.01473	0.01945
GAA	AAA	GA	-0.03757	0.12187	0.11959	0.03757	0.11738	0.11959
GAA	GTA	AT	-0.31384	0.00956	0.00814	0.31384	0.00699	0.00814
GAA	GCA	AC	-0.61231	0.02641	0.01914	0.61231	0.01432	0.01914
GAA	GAT	AT	1.28264	0.00956	0.01698	-1.28264	0.03449	0.01698
GAA	GAC	AC	0.33770	0.02641	0.03112	-0.33770	0.03702	0.03112
GAG	CAG	GC	-0.26202	0.03821	0.03342	0.26202	0.02940	0.03342
GAG	AAG	GA	-0.42321	0.17631	0.14162	0.42321	0.11547	0.14162
GAG	GTG	AT	0.93567	0.01384	0.02131	-0.93567	0.03527	0.02131
GAG	GCG	AC	-1.69532	0.03821	0.01456	1.69532	0.00701	0.01456
GAG	GAT	GT	0.68621	0.01384	0.01912	-0.68621	0.02748	0.01912
GAG	GAC	GC	-0.25874	0.03821	0.03348	0.25874	0.02950	0.03348
GAG	GAA	GA	-0.59643	0.17631	0.12892	0.59643	0.09710	0.12892
GGT	TGT	GT	0.50775	0.00471	0.00601	-0.50775	0.00783	0.00601
GGT	CGT	GC	-1.67826	0.01302	0.00502	1.67826	0.00243	0.00502
GGT	AGT	GA	0.36459	0.06008	0.07169	-0.36459	0.08651	0.07169
GGT	GTT	GT	0.79017	0.00471	0.00682	-0.79017	0.01039	0.00682
GGT	GCT	GC	-0.33159	0.01302	0.01098	0.33159	0.00934	0.01098
GGT	GAT	GA	0.83614	0.06008	0.08865	-0.83614	0.13862	0.08865
GGC	TGC	GT	0.38683	0.01299	0.01566	-0.38683	0.01913	0.01566
GGC	CGC	GC	-1.24550	0.03587	0.01805	1.24550	0.01032	0.01805
GGC	AGC	GA	-0.25571	0.16552	0.14526	0.25571	0.12817	0.14526
GGC	GTC	GT	0.31548	0.01299	0.01515	-0.31548	0.01781	0.01515
GGC	GCC	GC	-0.30548	0.03587	0.03067	0.30548	0.02643	0.03067
GGC	GAC	GA	-0.10658	0.16552	0.15685	0.10658	0.14878	0.15685
GGC	GGT	CT	0.00222	0.06552	0.06560	-0.00222	0.06567	0.06560
GGA	CGA	GC	-2.62601	0.03305	0.00677	2.62601	0.00239	0.00677
GGA	AGA	GA	-1.04515	0.15252	0.08645	1.04515	0.05363	0.08645
GGA	GTA	GT	-0.76536	0.01197	0.00797	0.76536	0.00557	0.00797
GGA	GCA	GC	-1.06383	0.03305	0.01853	1.06383	0.01141	0.01853
GGA	GAA	GA	-0.45151	0.15252	0.12067	0.45151	0.09710	0.12067
GGA	GGT	AT	-0.00501	0.01197	0.01194	0.00501	0.01191	0.01194
GGA	GGC	AC	-0.00723	0.03305	0.03293	0.00723	0.03281	0.03293
GGG	TGG	GT	0.30721	0.01253	0.01455	-0.30721	0.01703	0.01455
GGG	CGG	GC	-1.57027	0.03459	0.01427	1.57027	0.00720	0.01427
GGG	AGG	GA	-0.95151	0.15963	0.09555	0.95151	0.06164	0.09555
GGG	GTG	GT	0.80786	0.01253	0.01826	-0.80786	0.02810	0.01826
GGG	GCG	GC	-1.82313	0.03459	0.01215	1.82313	0.00559	0.01215
GGG	GAG	GA	-0.12781	0.15963	0.14965	0.12781	0.14048	0.14965
GGG	GGT	GT	-0.27774	0.01253	0.01087	0.27774	0.00949	0.01087
GGG	GGC	GC	-0.27996	0.03459	0.02998	0.27996	0.02615	0.02998
GGG	GGA	GA	-0.27273	0.15963	0.13885	0.27273	0.12153	0.13885


Histograms
2Ns	FMut	FSub(CodonUsage)	FSubw(after w)

-2.75970	0.02048	0.00432
-2.48373	0.00000	0.00000
-2.20776	0.01277	0.00389
-1.93179	0.02609	0.00995
-1.65582	0.01932	0.00857
-1.37985	0.06293	0.03287
-1.10388	0.07312	0.04429
-0.82791	0.10371	0.07383
-0.55194	0.12980	0.10957
-0.27597	0.11799	0.11488
0.00000	0.17452	0.19566
0.27597	0.08945	0.11488
0.55194	0.07536	0.10957
0.82791	0.04437	0.07383
1.10388	0.02369	0.04429
1.37985	0.01593	0.03287
1.65582	0.00376	0.00857
1.93179	0.00400	0.00995
2.20776	0.00140	0.00389
2.48373	0.00000	0.00000
2.75970	0.00131	0.00432

Proportion of advantageous (S > 0) mutations:
 0.34326

Proportions of good & bad mutations (|S| > 2.0000) among mutations:
0.00285  0.03438

mean |Ns| = 0.71166	mean Ns+ = 0.51811	mean Ns- = -0.81282


MLEs of dN/dS (w) for site classes (K=4)

site class             0        1       2a       2b
proportion       0.92331  0.06537  0.01057  0.00075
background w     0.04606  1.08766  0.04606  1.08766
foreground w     0.04606  1.08766  1.41992  1.41992

Naive Empirical Bayes (NEB) probabilities for 4 classes
(amino acids refer to 1st sequence: Bacu)

   1 -   0.97259 0.01814 0.00907 0.00020 ( 1)
   2 -   0.97438 0.01650 0.00895 0.00018 ( 1)
   3 -   0.97141 0.01939 0.00900 0.00021 ( 1)
   4 -   0.97456 0.01633 0.00894 0.00018 ( 1)
   5 -   0.96670 0.02363 0.00941 0.00026 ( 1)
   6 -   0.97505 0.01588 0.00890 0.00017 ( 1)
   7 -   0.95956 0.03040 0.00971 0.00034 ( 1)
   8 -   0.96725 0.02313 0.00937 0.00025 ( 1)
   9 -   0.96426 0.02594 0.00951 0.00029 ( 1)
  10 -   0.96969 0.02085 0.00924 0.00023 ( 1)
  11 -   0.97333 0.01746 0.00902 0.00019 ( 1)
  12 -   0.97455 0.01634 0.00894 0.00018 ( 1)
  13 -   0.97906 0.01217 0.00865 0.00013 ( 1)
  14 -   0.97564 0.01533 0.00887 0.00017 ( 1)
  15 -   0.96546 0.02481 0.00946 0.00027 ( 1)
  16 -   0.97845 0.01278 0.00864 0.00014 ( 1)
  17 -   0.97787 0.01336 0.00863 0.00014 ( 1)
  18 -   0.96041 0.02957 0.00969 0.00033 ( 1)
  19 -   0.66716 0.32297 0.00634 0.00353 ( 1)
  20 -   0.96725 0.02313 0.00937 0.00025 ( 1)
  21 M   0.82804 0.16339 0.00684 0.00173 ( 1)
  22 S   0.96734 0.02303 0.00938 0.00025 ( 1)
  23 G   0.96948 0.02102 0.00927 0.00023 ( 1)
  24 S   0.97865 0.01258 0.00864 0.00014 ( 1)
  25 Y   0.96958 0.02093 0.00926 0.00023 ( 1)
  26 S   0.96749 0.02289 0.00937 0.00025 ( 1)
  27 P   0.96802 0.02239 0.00934 0.00025 ( 1)
  28 G   0.97437 0.01648 0.00897 0.00018 ( 1)
  29 Y   0.96958 0.02093 0.00926 0.00023 ( 1)
  30 A   0.97150 0.01914 0.00915 0.00021 ( 1)
  31 K   0.97556 0.01539 0.00888 0.00017 ( 1)
  32 I   0.97218 0.01851 0.00911 0.00020 ( 1)
  33 N   0.97566 0.01530 0.00888 0.00017 ( 1)
  34 K   0.97556 0.01539 0.00888 0.00017 ( 1)
  35 R   0.98042 0.01099 0.00847 0.00012 ( 1)
  36 G   0.96908 0.02127 0.00941 0.00023 ( 1)
  37 G   0.98145 0.01004 0.00841 0.00011 ( 1)
  38 A   0.97574 0.01523 0.00887 0.00016 ( 1)
  39 G   0.96918 0.02132 0.00927 0.00023 ( 1)
  40 G   0.96449 0.02572 0.00951 0.00028 ( 1)
  41 W   0.95535 0.03440 0.00986 0.00038 ( 1)
  42 S   0.96747 0.02291 0.00937 0.00025 ( 1)
  43 P   0.96671 0.02362 0.00941 0.00026 ( 1)
  44 S   0.96034 0.02964 0.00969 0.00033 ( 1)
  45 D   0.97846 0.01275 0.00865 0.00014 ( 1)
  46 S   0.97347 0.01732 0.00903 0.00019 ( 1)
  47 D   0.97846 0.01275 0.00865 0.00014 ( 1)
  48 H   0.97474 0.01614 0.00894 0.00018 ( 1)
  49 Y   0.96957 0.02094 0.00926 0.00023 ( 1)
  50 Q   0.96127 0.02876 0.00965 0.00032 ( 1)
  51 W   0.95535 0.03440 0.00986 0.00038 ( 1)
  52 L   0.97525 0.01567 0.00890 0.00017 ( 1)
  53 Q   0.95739 0.03246 0.00979 0.00036 ( 1)
  54 V   0.97412 0.01672 0.00898 0.00018 ( 1)
  55 D   0.97846 0.01275 0.00865 0.00014 ( 1)
  56 F   0.96224 0.02784 0.00961 0.00031 ( 1)
  57 G   0.97436 0.01650 0.00897 0.00018 ( 1)
  58 N   0.10172 0.88774 0.00093 0.00961 ( 2)
  59 R   0.98041 0.01100 0.00847 0.00012 ( 1)
  60 K   0.72144 0.26907 0.00657 0.00291 ( 1)
  61 Q   0.95739 0.03246 0.00979 0.00036 ( 1)
  62 I   0.97217 0.01852 0.00911 0.00020 ( 1)
  63 S   0.97347 0.01732 0.00903 0.00019 ( 1)
  64 A   0.97148 0.01916 0.00915 0.00021 ( 1)
  65 I   0.65009 0.17400 0.17348 0.00243 ( 1)
  66 A   0.97316 0.01760 0.00905 0.00019 ( 1)
  67 T   0.97315 0.01761 0.00905 0.00019 ( 1)
  68 Q   0.96127 0.02876 0.00965 0.00032 ( 1)
  69 G   0.96457 0.02563 0.00951 0.00028 ( 1)
  70 R   0.98303 0.00868 0.00819 0.00009 ( 1)
  71 Y   0.96640 0.02392 0.00942 0.00026 ( 1)
  72 S   0.97864 0.01259 0.00864 0.00014 ( 1)
  73 S   0.97864 0.01259 0.00864 0.00014 ( 1)
  74 S   0.96034 0.02964 0.00969 0.00033 ( 1)
  75 D   0.97846 0.01275 0.00865 0.00014 ( 1)
  76 W   0.95535 0.03440 0.00986 0.00038 ( 1)
  77 V   0.95977 0.03018 0.00971 0.00034 ( 1)
  78 T   0.97315 0.01761 0.00905 0.00019 ( 1)
  79 Q   0.96127 0.02876 0.00965 0.00032 ( 1)
  80 Y   0.96640 0.02392 0.00942 0.00026 ( 1)
  81 R   0.98086 0.01060 0.00843 0.00011 ( 1)
  82 M   0.81690 0.17417 0.00707 0.00186 ( 1)
  83 L   0.96991 0.02063 0.00924 0.00023 ( 1)
  84 Y   0.96640 0.02392 0.00942 0.00026 ( 1)
  85 S   0.97851 0.01272 0.00864 0.00014 ( 1)
  86 D   0.97846 0.01275 0.00865 0.00014 ( 1)
  87 T   0.97332 0.01746 0.00904 0.00019 ( 1)
  88 G   0.96936 0.02115 0.00927 0.00023 ( 1)
  89 R   0.98295 0.00876 0.00819 0.00009 ( 1)
  90 N   0.97647 0.01457 0.00881 0.00016 ( 1)
  91 W   0.95525 0.03450 0.00986 0.00039 ( 1)
  92 K   0.97270 0.01803 0.00907 0.00020 ( 1)
  93 P   0.97341 0.01738 0.00902 0.00019 ( 1)
  94 Y   0.96629 0.02403 0.00942 0.00026 ( 1)
  95 H   0.97464 0.01624 0.00894 0.00018 ( 1)
  96 Q   0.96117 0.02887 0.00965 0.00032 ( 1)
  97 D   0.64595 0.34408 0.00620 0.00377 ( 1)
  98 G   0.96928 0.02122 0.00926 0.00023 ( 1)
  99 N   0.97647 0.01457 0.00881 0.00016 ( 1)
 100 I   0.97206 0.01863 0.00911 0.00020 ( 1)
 101 W   0.95372 0.03571 0.01017 0.00040 ( 1)
 102 A   0.97072 0.02004 0.00902 0.00022 ( 1)
 103 F   0.96132 0.02876 0.00960 0.00032 ( 1)
 104 P   0.96708 0.02333 0.00933 0.00026 ( 1)
 105 G   0.97002 0.02049 0.00927 0.00022 ( 1)
 106 N   0.97477 0.01619 0.00887 0.00018 ( 1)
 107 V   0.09710 0.89237 0.00088 0.00966 ( 2)
 108 N   0.97519 0.01577 0.00887 0.00017 ( 1)
 109 S   0.96987 0.02069 0.00921 0.00023 ( 1)
 110 D   0.96846 0.02201 0.00929 0.00024 ( 1)
 111 S   0.97352 0.01733 0.00897 0.00019 ( 1)
 112 V   0.95930 0.03066 0.00970 0.00034 ( 1)
 113 V   0.97365 0.01718 0.00898 0.00019 ( 1)
 114 R   0.98186 0.00975 0.00828 0.00010 ( 1)
 115 H   0.97430 0.01659 0.00894 0.00018 ( 1)
 116 D   0.96846 0.02201 0.00929 0.00024 ( 1)
 117 L   0.96687 0.02350 0.00937 0.00026 ( 1)
 118 Q   0.95693 0.03292 0.00979 0.00037 ( 1)
 119 H   0.97428 0.01660 0.00894 0.00018 ( 1)
 120 P   0.96621 0.02412 0.00940 0.00027 ( 1)
 121 V   0.74925 0.24143 0.00672 0.00261 ( 1)
 122 I   0.97135 0.01930 0.00914 0.00021 ( 1)
 123 A   0.97100 0.01964 0.00915 0.00021 ( 1)
 124 R   0.98047 0.01099 0.00842 0.00012 ( 1)
 125 Y   0.64240 0.34766 0.00614 0.00381 ( 1)
 126 V   0.56477 0.42480 0.00571 0.00472 ( 1)
 127 R   0.98047 0.01099 0.00842 0.00012 ( 1)
 128 I   0.00184 0.98363 0.00053 0.01400 ( 2)
 129 V   0.95930 0.03066 0.00970 0.00034 ( 1)
 130 P   0.96755 0.02286 0.00934 0.00025 ( 1)
 131 L   0.94503 0.04432 0.01015 0.00050 ( 1)
 132 D   0.96852 0.02195 0.00929 0.00024 ( 1)
 133 W   0.95491 0.03484 0.00986 0.00039 ( 1)
 134 N   0.97521 0.01575 0.00887 0.00017 ( 1)
 135 G   0.96399 0.02621 0.00951 0.00029 ( 1)
 136 E   0.97823 0.01300 0.00863 0.00014 ( 1)
 137 G   0.97389 0.01696 0.00896 0.00018 ( 1)
 138 R   0.98047 0.01099 0.00842 0.00012 ( 1)
 139 I   0.00339 0.98576 0.00003 0.01082 ( 2)
 140 G   0.96895 0.02155 0.00926 0.00024 ( 1)
 141 L   0.96942 0.02111 0.00924 0.00023 ( 1)
 142 R   0.98266 0.00905 0.00819 0.00010 ( 1)
 143 I   0.64082 0.34918 0.00616 0.00383 ( 1)
 144 E   0.97430 0.01659 0.00893 0.00018 ( 1)
 145 V   0.71990 0.27064 0.00653 0.00293 ( 1)
 146 Y   0.96602 0.02431 0.00941 0.00027 ( 1)
 147 G   0.97389 0.01696 0.00896 0.00018 ( 1)
 148 C   0.97417 0.01671 0.00895 0.00018 ( 1)
 149 S   0.96699 0.02339 0.00937 0.00026 ( 1)
 150 Y   0.96591 0.02441 0.00942 0.00027 ( 1)
 151 W   0.95525 0.03450 0.00986 0.00039 ( 1)
 152 A   0.97723 0.01433 0.00829 0.00015 ( 1)
 153 D   0.97040 0.02054 0.00883 0.00022 ( 1)
 154 V   0.97561 0.01579 0.00844 0.00017 ( 1)
 155 I   0.97365 0.01757 0.00860 0.00019 ( 1)
 156 N   0.97714 0.01441 0.00830 0.00015 ( 1)
 157 F   0.96360 0.02686 0.00924 0.00029 ( 1)
 158 D   0.97040 0.02054 0.00883 0.00022 ( 1)
 159 G   0.98195 0.01031 0.00763 0.00011 ( 1)
 160 H   0.97623 0.01522 0.00838 0.00016 ( 1)
 161 V   0.97570 0.01569 0.00844 0.00017 ( 1)
 162 V   0.96108 0.02923 0.00937 0.00032 ( 1)
 163 L   0.96879 0.02203 0.00894 0.00024 ( 1)
 164 P   0.96826 0.02251 0.00898 0.00024 ( 1)
 165 Y   0.97103 0.01996 0.00879 0.00022 ( 1)
 166 R   0.98448 0.00798 0.00746 0.00008 ( 1)
 167 F   0.96710 0.02360 0.00904 0.00026 ( 1)
 168 R   0.98448 0.00798 0.00746 0.00008 ( 1)
 169 N   0.97714 0.01441 0.00830 0.00015 ( 1)
 170 K   0.97704 0.01449 0.00831 0.00015 ( 1)
 171 K   0.97704 0.01449 0.00831 0.00015 ( 1)
 172 M   0.98501 0.00752 0.00739 0.00008 ( 1)
 173 K   0.97431 0.01696 0.00855 0.00018 ( 1)
 174 T   0.97481 0.01651 0.00850 0.00018 ( 1)
 175 L   0.94629 0.04326 0.00997 0.00049 ( 1)
 176 K   0.97455 0.01682 0.00845 0.00018 ( 1)
 177 D   0.97050 0.02044 0.00883 0.00022 ( 1)
 178 V   0.97742 0.01416 0.00828 0.00015 ( 1)
 179 I   0.97032 0.02062 0.00883 0.00022 ( 1)
 180 A   0.61826 0.21550 0.16323 0.00300 ( 1)
 181 L   0.96569 0.02492 0.00912 0.00027 ( 1)
 182 K   0.97429 0.01698 0.00855 0.00018 ( 1)
 183 F   0.96360 0.02686 0.00924 0.00029 ( 1)
 184 K   0.97429 0.01698 0.00855 0.00018 ( 1)
 185 T   0.97463 0.01667 0.00852 0.00018 ( 1)
 186 S   0.97166 0.01938 0.00876 0.00021 ( 1)
 187 E   0.98014 0.01173 0.00800 0.00012 ( 1)
 188 S   0.97495 0.01638 0.00849 0.00018 ( 1)
 189 E   0.98014 0.01173 0.00800 0.00012 ( 1)
 190 G   0.97089 0.02005 0.00884 0.00022 ( 1)
 191 V   0.98094 0.01103 0.00791 0.00012 ( 1)
 192 L   0.00393 0.98544 0.00003 0.01060 ( 2)
 193 L   0.96529 0.02518 0.00925 0.00028 ( 1)
 194 H   0.97807 0.01358 0.00821 0.00014 ( 1)
 195 G   0.97092 0.02006 0.00880 0.00022 ( 1)
 196 E   0.98014 0.01173 0.00800 0.00012 ( 1)
 197 G   0.96588 0.02473 0.00912 0.00027 ( 1)
 198 Q   0.95865 0.03152 0.00949 0.00035 ( 1)
 199 Q   0.96262 0.02779 0.00929 0.00031 ( 1)
 200 G   0.97092 0.02006 0.00880 0.00022 ( 1)
 201 D   0.97040 0.02054 0.00883 0.00022 ( 1)
 202 Y   0.97103 0.01996 0.00879 0.00022 ( 1)
 203 I   0.97005 0.02089 0.00883 0.00023 ( 1)
 204 T   0.10772 0.88201 0.00090 0.00936 ( 2)
 205 L   0.96569 0.02492 0.00912 0.00027 ( 1)
 206 E   0.98014 0.01173 0.00800 0.00012 ( 1)
 207 L   0.94629 0.04326 0.00997 0.00049 ( 1)
 208 K   0.72340 0.26739 0.00635 0.00287 ( 1)
 209 K   0.97429 0.01698 0.00855 0.00018 ( 1)
 210 A   0.97296 0.01819 0.00865 0.00020 ( 1)
 211 K   0.73410 0.25691 0.00625 0.00274 ( 1)
 212 L   0.94629 0.04326 0.00997 0.00049 ( 1)
 213 V   0.97742 0.01416 0.00828 0.00015 ( 1)
 214 F   0.96710 0.02360 0.00904 0.00026 ( 1)
 215 S   0.97495 0.01638 0.00849 0.00018 ( 1)
 216 L   0.96879 0.02203 0.00894 0.00024 ( 1)
 217 N   0.97714 0.01441 0.00830 0.00015 ( 1)
 218 L   0.97226 0.01884 0.00870 0.00020 ( 1)
 219 G   0.96536 0.02526 0.00911 0.00028 ( 1)
 220 S   0.97963 0.01224 0.00800 0.00013 ( 1)
 221 N   0.97666 0.01489 0.00830 0.00016 ( 1)
 222 Q   0.95815 0.03202 0.00948 0.00035 ( 1)
 223 L   0.97581 0.01569 0.00833 0.00017 ( 1)
 224 G   0.97535 0.01606 0.00841 0.00017 ( 1)
 225 P   0.97453 0.01681 0.00848 0.00018 ( 1)
 226 I   0.98078 0.01129 0.00781 0.00012 ( 1)
 227 Y   0.97062 0.02038 0.00878 0.00022 ( 1)
 228 G   0.97545 0.01596 0.00841 0.00017 ( 1)
 229 H   0.97778 0.01387 0.00820 0.00015 ( 1)
 230 T   0.97476 0.01659 0.00847 0.00018 ( 1)
 231 S   0.97141 0.01965 0.00873 0.00021 ( 1)
 232 V   0.96067 0.02963 0.00937 0.00033 ( 1)
 233 T   0.00032 0.98617 0.00008 0.01344 ( 2)
 234 T   0.97441 0.01691 0.00850 0.00018 ( 1)
 235 G   0.96546 0.02515 0.00911 0.00027 ( 1)
 236 S   0.97455 0.01678 0.00849 0.00018 ( 1)
 237 L   0.94598 0.04357 0.00996 0.00049 ( 1)
 238 L   0.94598 0.04357 0.00996 0.00049 ( 1)
 239 D   0.96999 0.02096 0.00883 0.00023 ( 1)
 240 D   0.97125 0.01969 0.00884 0.00021 ( 1)
 241 H   0.97778 0.01387 0.00820 0.00015 ( 1)
 242 H   0.97778 0.01387 0.00820 0.00015 ( 1)
 243 W   0.95617 0.03388 0.00957 0.00038 ( 1)
 244 H   0.97778 0.01387 0.00820 0.00015 ( 1)
 245 S   0.96849 0.02234 0.00893 0.00024 ( 1)
 246 V   0.96067 0.02963 0.00937 0.00033 ( 1)
 247 V   0.97704 0.01454 0.00827 0.00015 ( 1)
 248 I   0.96955 0.02136 0.00886 0.00023 ( 1)
 249 E   0.97586 0.01559 0.00838 0.00017 ( 1)
 250 R   0.98200 0.01014 0.00775 0.00011 ( 1)
 251 Q   0.95825 0.03192 0.00948 0.00035 ( 1)
 252 G   0.97545 0.01596 0.00841 0.00017 ( 1)
 253 R   0.98338 0.00896 0.00757 0.00009 ( 1)
 254 S   0.76689 0.22448 0.00626 0.00237 ( 1)
 255 L   0.68641 0.30426 0.00606 0.00327 ( 1)
 256 N   0.97675 0.01479 0.00830 0.00016 ( 1)
 257 L   0.97096 0.02007 0.00876 0.00022 ( 1)
 258 T   0.97432 0.01698 0.00852 0.00018 ( 1)
 259 L   0.94598 0.04357 0.00996 0.00049 ( 1)
 260 D   0.97958 0.01226 0.00802 0.00013 ( 1)
 261 R   0.98415 0.00829 0.00748 0.00009 ( 1)
 262 S   0.97977 0.01210 0.00800 0.00013 ( 1)
 263 T   0.97469 0.01665 0.00848 0.00018 ( 1)
 264 Q   0.95825 0.03192 0.00948 0.00035 ( 1)
 265 H   0.97778 0.01387 0.00820 0.00015 ( 1)
 266 F   0.96668 0.02402 0.00904 0.00026 ( 1)
 267 R   0.98200 0.01014 0.00775 0.00011 ( 1)
 268 T   0.97423 0.01707 0.00851 0.00018 ( 1)
 269 N   0.97748 0.01416 0.00821 0.00015 ( 1)
 270 G   0.97055 0.02044 0.00879 0.00022 ( 1)
 271 E   0.97586 0.01559 0.00838 0.00017 ( 1)
 272 F   0.96656 0.02414 0.00904 0.00026 ( 1)
 273 D   0.97958 0.01226 0.00802 0.00013 ( 1)
 274 Y   0.96740 0.02335 0.00900 0.00025 ( 1)
 275 L   0.94598 0.04357 0.00996 0.00049 ( 1)
 276 D   0.96999 0.02096 0.00883 0.00023 ( 1)
 277 L   0.96527 0.02533 0.00912 0.00028 ( 1)
 278 D   0.97958 0.01226 0.00802 0.00013 ( 1)
 279 Y   0.97033 0.02067 0.00878 0.00022 ( 1)
 280 E   0.97586 0.01559 0.00838 0.00017 ( 1)
 281 I   0.97708 0.01349 0.00928 0.00015 ( 1)
 282 T   0.96995 0.02016 0.00967 0.00022 ( 1)
 283 F   0.95924 0.03039 0.01003 0.00034 ( 1)
 284 G   0.96142 0.02830 0.00996 0.00032 ( 1)
 285 G   0.97117 0.01901 0.00961 0.00021 ( 1)
 286 I   0.97725 0.01332 0.00928 0.00015 ( 1)
 287 P   0.96485 0.02501 0.00986 0.00028 ( 1)
 288 F   0.96257 0.02719 0.00993 0.00030 ( 1)
 289 S   0.96552 0.02445 0.00976 0.00027 ( 1)
 290 G   0.97874 0.01195 0.00918 0.00013 ( 1)
 291 K   0.97220 0.01804 0.00955 0.00020 ( 1)
 292 P   0.96357 0.02624 0.00990 0.00029 ( 1)
 293 S   0.97027 0.01986 0.00965 0.00022 ( 1)
 294 S   0.96717 0.02280 0.00978 0.00025 ( 1)
 295 S   0.97718 0.01400 0.00867 0.00015 ( 1)
 296 S   0.97194 0.01880 0.00905 0.00020 ( 1)
 297 R   0.79945 0.19181 0.00671 0.00204 ( 1)
 298 K   0.97400 0.01690 0.00891 0.00018 ( 1)
 299 N   0.97505 0.01595 0.00884 0.00017 ( 1)
 300 F   0.96405 0.02619 0.00947 0.00029 ( 1)
 301 K   0.08299 0.90636 0.00077 0.00987 ( 2)
 302 G   0.97278 0.01803 0.00899 0.00020 ( 1)
 303 C   0.97319 0.01765 0.00897 0.00019 ( 1)
 304 M   0.98235 0.00938 0.00817 0.00010 ( 1)
 305 E   0.97720 0.01398 0.00867 0.00015 ( 1)
 306 S   0.70395 0.28651 0.00644 0.00311 ( 1)
 307 I   0.96688 0.02352 0.00934 0.00026 ( 1)
 308 N   0.97410 0.01681 0.00890 0.00018 ( 1)
 309 Y   0.96477 0.02551 0.00944 0.00028 ( 1)
 310 N   0.97505 0.01595 0.00884 0.00017 ( 1)
 311 G   0.97278 0.01803 0.00899 0.00020 ( 1)
 312 I   0.97056 0.02009 0.00913 0.00022 ( 1)
 313 N   0.97410 0.01681 0.00890 0.00018 ( 1)
 314 I   0.97891 0.01244 0.00852 0.00013 ( 1)
 315 T   0.97528 0.01573 0.00882 0.00017 ( 1)
 316 D   0.96732 0.02312 0.00931 0.00025 ( 1)
 317 L   0.96837 0.02212 0.00926 0.00024 ( 1)
 318 A   0.97150 0.01921 0.00908 0.00021 ( 1)
 319 R   0.98177 0.00989 0.00824 0.00011 ( 1)
 320 R   0.98111 0.01047 0.00831 0.00011 ( 1)
 321 K   0.97400 0.01690 0.00891 0.00018 ( 1)
 322 K   0.97124 0.01945 0.00909 0.00021 ( 1)
 323 L   0.96917 0.02139 0.00921 0.00023 ( 1)
 324 E   0.97714 0.01404 0.00867 0.00015 ( 1)
 325 P   0.97196 0.01879 0.00905 0.00020 ( 1)
 326 S   0.95877 0.03118 0.00970 0.00035 ( 1)
 327 N   0.97505 0.01595 0.00884 0.00017 ( 1)
 328 V   0.95821 0.03172 0.00972 0.00035 ( 1)
 329 G   0.96394 0.02621 0.00956 0.00029 ( 1)
 330 N   0.97601 0.01495 0.00888 0.00016 ( 1)
 331 L   0.96374 0.02640 0.00956 0.00029 ( 1)
 332 S   0.97292 0.01780 0.00909 0.00019 ( 1)
 333 F   0.96513 0.02509 0.00950 0.00028 ( 1)
 334 T   0.00588 0.97891 0.00156 0.01365 ( 2)
 335 C   0.97420 0.01661 0.00900 0.00018 ( 1)
 336 V   0.05490 0.93426 0.00054 0.01030 ( 2)
 337 E   0.97558 0.01581 0.00844 0.00017 ( 1)
 338 P   0.97435 0.01692 0.00854 0.00018 ( 1)
 339 Y   0.96712 0.02358 0.00904 0.00026 ( 1)
 340 T   0.70521 0.28555 0.00617 0.00306 ( 1)
 341 V   0.97994 0.01176 0.00817 0.00012 ( 1)
 342 P   0.96886 0.02196 0.00894 0.00024 ( 1)
 343 V   0.97668 0.01483 0.00834 0.00016 ( 1)
 344 F   0.96291 0.02751 0.00928 0.00030 ( 1)
 345 F   0.96640 0.02425 0.00908 0.00026 ( 1)
 346 N   0.97738 0.01419 0.00828 0.00015 ( 1)
 347 A   0.97657 0.01492 0.00835 0.00016 ( 1)
 348 T   0.97395 0.01729 0.00857 0.00019 ( 1)
 349 S   0.97427 0.01700 0.00855 0.00018 ( 1)
 350 Y   0.96712 0.02358 0.00904 0.00026 ( 1)
 351 L   0.94624 0.04329 0.00999 0.00049 ( 1)
 352 E   0.97558 0.01581 0.00844 0.00017 ( 1)
 353 V   0.96041 0.02986 0.00940 0.00033 ( 1)
 354 P   0.96978 0.02104 0.00895 0.00023 ( 1)
 355 G   0.96518 0.02538 0.00916 0.00028 ( 1)
 356 R   0.15861 0.83142 0.00129 0.00869 ( 2)
 357 L   0.97608 0.01536 0.00840 0.00016 ( 1)
 358 H   0.97613 0.01526 0.00845 0.00016 ( 1)
 359 Q   0.96081 0.02954 0.00932 0.00032 ( 1)
 360 D   0.97931 0.01246 0.00809 0.00013 ( 1)
 361 L   0.94643 0.04310 0.00998 0.00048 ( 1)
 362 F   0.96291 0.02751 0.00928 0.00030 ( 1)
 363 S   0.96389 0.02660 0.00922 0.00029 ( 1)
 364 V   0.70879 0.28201 0.00618 0.00302 ( 1)
 365 S   0.97436 0.01691 0.00855 0.00018 ( 1)
 366 F   0.96640 0.02425 0.00908 0.00026 ( 1)
 367 Q   0.95799 0.03214 0.00952 0.00036 ( 1)
 368 F   0.96640 0.02425 0.00908 0.00026 ( 1)
 369 R   0.98341 0.00887 0.00763 0.00009 ( 1)
 370 T   0.97764 0.01395 0.00826 0.00015 ( 1)
 371 W   0.95593 0.03409 0.00961 0.00038 ( 1)
 372 N   0.97647 0.01500 0.00836 0.00016 ( 1)
 373 P   0.97435 0.01692 0.00854 0.00018 ( 1)
 374 N   0.05696 0.46732 0.46720 0.00852 ( 2)
 375 G   0.98261 0.00957 0.00772 0.00010 ( 1)
 376 L   0.97069 0.02028 0.00881 0.00022 ( 1)
 377 L   0.94627 0.04325 0.00999 0.00049 ( 1)
 378 L   0.97607 0.01537 0.00840 0.00016 ( 1)
 379 F   0.96640 0.02425 0.00908 0.00026 ( 1)
 380 S   0.97430 0.01698 0.00854 0.00018 ( 1)
 381 H   0.77296 0.21802 0.00669 0.00233 ( 1)
 382 F   0.96280 0.02762 0.00928 0.00030 ( 1)
 383 A   0.98359 0.00875 0.00758 0.00009 ( 1)
 384 D   0.96959 0.02130 0.00888 0.00023 ( 1)
 385 N   0.00489 0.98458 0.00004 0.01048 ( 2)
 386 L   0.96211 0.02841 0.00917 0.00031 ( 1)
 387 G   0.97520 0.01617 0.00846 0.00017 ( 1)
 388 N   0.72345 0.26750 0.00620 0.00286 ( 1)
 389 V   0.96029 0.02997 0.00940 0.00033 ( 1)
 390 E   0.97547 0.01592 0.00844 0.00017 ( 1)
 391 I   0.96915 0.02171 0.00891 0.00024 ( 1)
 392 D   0.97912 0.01261 0.00814 0.00013 ( 1)
 393 L   0.97047 0.02046 0.00884 0.00022 ( 1)
 394 T   0.97742 0.01413 0.00830 0.00015 ( 1)
 395 D   0.97912 0.01261 0.00814 0.00013 ( 1)
 396 S   0.97916 0.01260 0.00812 0.00013 ( 1)
 397 K   0.73213 0.25859 0.00650 0.00278 ( 1)
 398 V   0.97639 0.01508 0.00837 0.00016 ( 1)
 399 S   0.75974 0.23152 0.00630 0.00245 ( 1)
 400 V   0.59334 0.24202 0.16124 0.00340 ( 1)
 401 H   0.97715 0.01439 0.00831 0.00015 ( 1)
 402 I   0.97259 0.01853 0.00868 0.00020 ( 1)
 403 N   0.97612 0.01532 0.00840 0.00016 ( 1)
 404 I   0.57821 0.25968 0.15846 0.00365 ( 1)
 405 T   0.97412 0.01713 0.00856 0.00018 ( 1)
 406 Q   0.95684 0.03326 0.00953 0.00037 ( 1)
 407 T   0.97276 0.01844 0.00860 0.00020 ( 1)
 408 K   0.97484 0.01643 0.00856 0.00018 ( 1)
 409 M   0.14574 0.84429 0.00114 0.00882 ( 2)
 410 S   0.97802 0.01355 0.00828 0.00014 ( 1)
 411 Q   0.95718 0.03283 0.00962 0.00036 ( 1)
 412 I   0.97942 0.01234 0.00811 0.00013 ( 1)
 413 D   0.96772 0.02300 0.00903 0.00025 ( 1)
 414 I   0.96733 0.02336 0.00905 0.00025 ( 1)
 415 S   0.96892 0.02186 0.00898 0.00024 ( 1)
 416 S   0.95889 0.03125 0.00951 0.00035 ( 1)
 417 G   0.98061 0.01126 0.00801 0.00012 ( 1)
 418 S   0.96868 0.02215 0.00893 0.00024 ( 1)
 419 G   0.97069 0.02029 0.00880 0.00022 ( 1)
 420 L   0.96523 0.02538 0.00912 0.00028 ( 1)
 421 N   0.97785 0.01379 0.00821 0.00015 ( 1)
 422 D   0.97925 0.01248 0.00814 0.00013 ( 1)
 423 G   0.97562 0.01579 0.00842 0.00017 ( 1)
 424 Q   0.95842 0.03174 0.00948 0.00035 ( 1)
 425 W   0.95634 0.03371 0.00957 0.00037 ( 1)
 426 H   0.97602 0.01544 0.00838 0.00016 ( 1)
 427 E   0.97896 0.01291 0.00799 0.00014 ( 1)
 428 V   0.97720 0.01437 0.00827 0.00015 ( 1)
 429 R   0.98791 0.00518 0.00686 0.00005 ( 1)
 430 F   0.96686 0.02384 0.00904 0.00026 ( 1)
 431 L   0.97124 0.01986 0.00869 0.00021 ( 1)
 432 A   0.97701 0.01454 0.00829 0.00015 ( 1)
 433 K   0.97683 0.01471 0.00831 0.00016 ( 1)
 434 E   0.97603 0.01542 0.00838 0.00016 ( 1)
 435 N   0.97785 0.01379 0.00821 0.00015 ( 1)
 436 F   0.96337 0.02710 0.00924 0.00030 ( 1)
 437 V   0.97539 0.01601 0.00843 0.00017 ( 1)
 438 I   0.96973 0.02118 0.00886 0.00023 ( 1)
 439 L   0.97114 0.01988 0.00876 0.00021 ( 1)
 440 T   0.97808 0.01358 0.00819 0.00014 ( 1)
 441 I   0.97337 0.01785 0.00859 0.00019 ( 1)
 442 D   0.97265 0.01866 0.00849 0.00020 ( 1)
 443 G   0.96565 0.02497 0.00911 0.00027 ( 1)
 444 D   0.97030 0.02064 0.00883 0.00022 ( 1)
 445 E   0.97994 0.01193 0.00800 0.00013 ( 1)
 446 A   0.97273 0.01842 0.00865 0.00020 ( 1)
 447 S   0.96144 0.02891 0.00934 0.00032 ( 1)
 448 A   0.97442 0.01688 0.00851 0.00018 ( 1)
 449 V   0.97600 0.01549 0.00835 0.00017 ( 1)
 450 R   0.98167 0.01042 0.00780 0.00011 ( 1)
 451 T   0.97799 0.01363 0.00823 0.00014 ( 1)
 452 N   0.97692 0.01462 0.00830 0.00016 ( 1)
 453 S   0.97473 0.01660 0.00849 0.00018 ( 1)
 454 P   0.96922 0.02165 0.00889 0.00023 ( 1)
 455 L   0.97653 0.01498 0.00833 0.00016 ( 1)
 456 Q   0.96238 0.02802 0.00929 0.00031 ( 1)
 457 V   0.97534 0.01606 0.00843 0.00017 ( 1)
 458 K   0.97407 0.01720 0.00854 0.00018 ( 1)
 459 T   0.97808 0.01358 0.00819 0.00014 ( 1)
 460 G   0.97563 0.01579 0.00842 0.00017 ( 1)
 461 E   0.00445 0.98062 0.00120 0.01373 ( 2)
 462 K   0.97683 0.01471 0.00831 0.00016 ( 1)
 463 Y   0.96759 0.02317 0.00900 0.00025 ( 1)
 464 F   0.96337 0.02710 0.00924 0.00030 ( 1)
 465 F   0.96337 0.02710 0.00924 0.00030 ( 1)
 466 G   0.96565 0.02497 0.00911 0.00027 ( 1)
 467 G   0.98298 0.00928 0.00764 0.00010 ( 1)
 468 Y   0.66231 0.32814 0.00600 0.00355 ( 1)
 469 L   0.05215 0.93716 0.00049 0.01021 ( 2)
 470 N   0.97710 0.01444 0.00830 0.00015 ( 1)
 471 Q   0.55715 0.43255 0.00551 0.00478 ( 1)
 472 M   0.98499 0.00755 0.00739 0.00008 ( 1)
 473 N   0.11230 0.87743 0.00094 0.00932 ( 2)
 474 S   0.73486 0.25616 0.00624 0.00273 ( 1)
 475 S   0.96168 0.02866 0.00934 0.00032 ( 1)
 476 S   0.97492 0.01642 0.00849 0.00018 ( 1)
 477 H   0.97812 0.01353 0.00821 0.00014 ( 1)
 478 S   0.96887 0.02196 0.00893 0.00024 ( 1)
 479 V   0.97736 0.01421 0.00828 0.00015 ( 1)
 480 L   0.97671 0.01480 0.00834 0.00016 ( 1)
 481 Q   0.95861 0.03156 0.00949 0.00035 ( 1)
 482 P   0.96942 0.02146 0.00889 0.00023 ( 1)
 483 S   0.96163 0.02872 0.00934 0.00032 ( 1)
 484 F   0.96706 0.02364 0.00904 0.00026 ( 1)
 485 Q   0.96258 0.02783 0.00929 0.00031 ( 1)
 486 G   0.96584 0.02477 0.00912 0.00027 ( 1)
 487 C   0.97621 0.01525 0.00838 0.00016 ( 1)
 488 M   0.98499 0.00755 0.00739 0.00008 ( 1)
 489 Q   0.95861 0.03156 0.00949 0.00035 ( 1)
 490 L   0.97133 0.01969 0.00876 0.00021 ( 1)
 491 I   0.96993 0.02098 0.00886 0.00023 ( 1)
 492 Q   0.96258 0.02783 0.00929 0.00031 ( 1)
 493 V   0.96104 0.02926 0.00937 0.00032 ( 1)
 494 D   0.97036 0.02058 0.00883 0.00022 ( 1)
 495 D   0.97036 0.02058 0.00883 0.00022 ( 1)
