99
Bacu_MYO7A         0.0000000 0.0593708 0.1003496 0.0110905 0.0196429 0.0199681 0.0214274 0.0230514 0.0260375 0.0138211 0.0137205 0.2444723 0.0383614 0.0745221 0.4158133 0.2254363 0.0262575 0.0828103 0.0776702 0.0795158 0.0727307 0.0677405 0.0291839 0.3246736 0.0286070 0.0318624 0.0252331 0.0657943 0.0689388 0.0675079 0.0741745 0.1756615 0.1580829 0.0117413 0.4965421 0.1267444 0.0604233 0.0522386 0.0630008 0.0682808 0.0691572 0.0600526 0.0698197 0.0749575 0.0786705 0.0634841 0.0787738 0.0671673 0.0609117 0.0640267 0.0677605 0.1355419 0.0503083 0.0503251 0.0548980 0.0578860 0.0471466 0.0580174 0.0692868 1.0678719 0.0000010 0.0570849 0.0654531 0.0468867 0.0793073 0.0648926 0.2287323 0.0704312 0.0652117 0.0803680 0.0603428 0.0676531 0.0357204 0.0559038 0.0586727 0.0495728 0.0507867 0.3493840 0.0541119 0.0500583 0.0561633 0.0819026 0.0633975 0.0677980 0.0661290 0.0748989 0.0523082 0.0758851 0.0753113 0.0776611 0.0650579 0.0695298 0.0680493 0.0751531 0.2425140 0.0740702 0.0730144 0.0755850 0.0534900 
Barn_MYO7A         0.0593708 0.0000000 0.0054077 0.0575448 0.0554543 0.0616637 0.0611467 0.0670173 0.0522578 0.0516673 0.0546153 0.2427757 0.0302122 0.0359023 0.4459759 0.2322860 0.0656654 0.0458719 0.0458427 0.0424037 0.0409232 0.0437229 0.0489521 0.4178707 0.0512298 0.0541605 0.0597701 0.0421666 0.0459380 0.0424627 0.0439032 0.2341096 0.2089394 0.0117350 0.4503842 0.0608288 0.0611414 0.0594524 0.0374713 0.0442369 0.0392311 0.0371258 0.0440305 0.0439221 0.0523282 0.0341396 0.0406261 0.0609922 0.0226277 0.0253454 0.0238860 0.0885308 0.0176782 0.0207208 0.0234543 0.0194218 0.0175257 0.0248355 0.0541369 1.1012028 0.0632697 0.0182005 0.0254885 0.0195753 0.0353867 0.0452590 0.2049471 0.0408487 0.0357390 0.0459690 0.0578408 0.0443244 0.0265327 0.0338798 0.0406327 0.0574100 0.0616227 0.3687226 0.0338798 0.0338753 0.0338798 0.0487533 0.0462451 0.0453682 0.0453682 0.0409239 0.0391348 0.0474750 0.0455947 0.0424803 0.0424037 0.0392451 0.0430557 0.0440594 0.2875667 0.0397859 0.0391291 0.0549388 0.0176119 
Bbai76728_MYO7A    0.1003496 0.0054077 0.0000000 0.0898910 0.1001258 0.1030089 0.0998157 0.1053324 0.0939340 0.0962436 0.0634782 0.3551873 0.0245406 0.0720407 0.6568092 0.3376610 0.1154816 0.0942931 0.1023540 0.0612428 0.0844958 0.0916881 0.0464897 0.5540147 0.0834679 0.0973309 0.1069355 0.0896343 0.0975437 0.0963684 0.0969183 0.2970668 0.2551374 0.0240760 0.7228986 0.1080784 0.0927859 0.0643538 0.1022721 0.0973144 0.0587942 0.0484339 0.0926576 0.0978115 0.1183962 0.0795865 0.0624100 0.1142395 0.0362138 0.0410367 0.0350101 0.0728794 0.0234294 0.0572555 0.0186251 0.0207507 0.0172030 0.0325552 0.0985193 1.7016141 0.0632697 0.0288573 0.0313928 0.0495684 0.1156688 0.0927891 0.3224579 0.0924345 0.0875327 0.1037289 0.0881962 0.0958208 0.0222493 0.0431860 0.0948167 0.0671583 0.1183545 0.5190104 0.0486930 0.0382594 0.0812334 0.1067157 0.0476537 0.0903462 0.0641212 0.0890932 0.0452873 0.0979042 0.0977001 0.0942615 0.0899422 0.0831944 0.0890785 0.0968158 0.3802600 0.0916420 0.0396022 0.1159926 0.0200793 
BbonAUS_MYO7A      0.0110905 0.0575448 0.0898910 0.0000000 0.0202247 0.0221835 0.0189540 0.0216432 0.0257365 0.0111401 0.0157080 0.2422862 0.0405197 0.0633244 0.4403022 0.2266788 0.0300796 0.0688115 0.0729095 0.0695260 0.0652389 0.0607886 0.0263670 0.3498618 0.0249709 0.0279287 0.0225558 0.0527904 0.0631179 0.0594208 0.0641871 0.1880419 0.1661556 0.0117413 0.4932130 0.1108838 0.0582503 0.0536831 0.0587882 0.0615213 0.0591279 0.0559030 0.0617650 0.0695802 0.0755940 0.0539693 0.0670709 0.0612101 0.0596698 0.0569750 0.0575888 0.1220264 0.0478179 0.0467166 0.0513824 0.0555404 0.0449752 0.0535532 0.0642335 1.1683931 0.0349368 0.0499030 0.0565348 0.0495370 0.0744389 0.0537914 0.2209913 0.0623577 0.0604873 0.0718642 0.0529755 0.0615796 0.0401592 0.0459729 0.0579991 0.0494668 0.0530218 0.3642454 0.0468855 0.0428364 0.0486457 0.0730516 0.0639500 0.0564368 0.0592605 0.0630369 0.0555979 0.0659037 0.0692329 0.0662114 0.0616143 0.0599464 0.0615542 0.0598160 0.2398564 0.0631796 0.0717117 0.0728104 0.0484658 
Bbor_MYO7A         0.0196429 0.0554543 0.1001258 0.0202247 0.0000000 0.0048396 0.0079617 0.0161109 0.0231251 0.0100132 0.0127763 0.2191247 0.0366240 0.0672243 0.4395099 0.2094474 0.0250061 0.0799020 0.0728196 0.0708171 0.0704173 0.0700499 0.0253847 0.3610086 0.0239809 0.0282444 0.0151799 0.0635352 0.0641725 0.0638668 0.0680124 0.1870024 0.1743329 0.0247222 0.4792519 0.1182475 0.0630645 0.0527019 0.0607519 0.0648824 0.0650633 0.0569515 0.0656595 0.0673759 0.0750982 0.0615026 0.0753272 0.0598354 0.0598043 0.0609076 0.0690004 0.1325759 0.0503635 0.0497999 0.0477312 0.0536827 0.0487461 0.0564676 0.0705690 1.1492634 0.0234604 0.0572007 0.0642392 0.0460203 0.0808363 0.0635879 0.2047336 0.0681559 0.0620420 0.0670962 0.0507715 0.0658960 0.0444674 0.0536278 0.0544675 0.0445011 0.0594216 0.3610199 0.0540864 0.0538251 0.0538917 0.0734821 0.0621867 0.0639792 0.0660502 0.0680857 0.0558001 0.0702797 0.0686688 0.0707181 0.0617791 0.0658779 0.0660644 0.0711842 0.2304539 0.0692612 0.0707736 0.0715479 0.0522718 
Bede66737_MYO7A    0.0199681 0.0616637 0.1030089 0.0221835 0.0048396 0.0000000 0.0040665 0.0166749 0.0229982 0.0109413 0.0130712 0.2280061 0.0460219 0.0730064 0.4211343 0.2177287 0.0259729 0.0858362 0.0776030 0.0753004 0.0750412 0.0678797 0.0279512 0.3412594 0.0255459 0.0295396 0.0162877 0.0638537 0.0674556 0.0672130 0.0712012 0.1929586 0.1783309 0.0247222 0.4764032 0.1271214 0.0596447 0.0550809 0.0627443 0.0657842 0.0700286 0.0639991 0.0683872 0.0715067 0.0828732 0.0631205 0.0772226 0.0633499 0.0638834 0.0681818 0.0724234 0.1369581 0.0535507 0.0522847 0.0590807 0.0584190 0.0536371 0.0623356 0.0694278 1.1167956 0.0000010 0.0612434 0.0686078 0.0499150 0.0799767 0.0618592 0.2144604 0.0701894 0.0637820 0.0743646 0.0594841 0.0712204 0.0444461 0.0582804 0.0597757 0.0454604 0.0560456 0.3529580 0.0575922 0.0565696 0.0556991 0.0788703 0.0705930 0.0675085 0.0700705 0.0709747 0.0611276 0.0757616 0.0727394 0.0738051 0.0665835 0.0690927 0.0712883 0.0753891 0.2331843 0.0740462 0.0728625 0.0776422 0.0571614 
BedeAUS_MYO7A      0.0214274 0.0611467 0.0998157 0.0189540 0.0079617 0.0040665 0.0000000 0.0195585 0.0266145 0.0143858 0.0152914 0.2436767 0.0456346 0.0701419 0.4405009 0.2272879 0.0292457 0.0798333 0.0817216 0.0799230 0.0791185 0.0708122 0.0277938 0.3684969 0.0263301 0.0309840 0.0171660 0.0635108 0.0700486 0.0708632 0.0743799 0.2037488 0.1787995 0.0247222 0.4894314 0.1261722 0.0586936 0.0547899 0.0680187 0.0690570 0.0673362 0.0635205 0.0693230 0.0775860 0.0848510 0.0640727 0.0783916 0.0669516 0.0635540 0.0676082 0.0696365 0.1356497 0.0532939 0.0536092 0.0563535 0.0580584 0.0533084 0.0618220 0.0745369 1.1845566 0.0000010 0.0622262 0.0681620 0.0537278 0.0849117 0.0635440 0.2275538 0.0676347 0.0598741 0.0778687 0.0605561 0.0737391 0.0444461 0.0592590 0.0612464 0.0468391 0.0594200 0.3494181 0.0585434 0.0577296 0.0597119 0.0835278 0.0700578 0.0678243 0.0710512 0.0733534 0.0611276 0.0731441 0.0779679 0.0712174 0.0662610 0.0679791 0.0722817 0.0704600 0.2339172 0.0735536 0.0752895 0.0791556 0.0568499 
Bmus_MYO7A         0.0230514 0.0670173 0.1053324 0.0216432 0.0161109 0.0166749 0.0195585 0.0000000 0.0270755 0.0176665 0.0204091 0.2567565 0.0492987 0.0817603 0.4083373 0.2507183 0.0332684 0.0914474 0.0837598 0.0836116 0.0809676 0.0602384 0.0334142 0.3318628 0.0326889 0.0358959 0.0190284 0.0738708 0.0751737 0.0700746 0.0660635 0.1640929 0.1800105 0.0247222 0.4601114 0.1306136 0.0649762 0.0576134 0.0706988 0.0760571 0.0786134 0.0619041 0.0765994 0.0787100 0.0899282 0.0717320 0.0897081 0.0671419 0.0634408 0.0695259 0.0773386 0.1376087 0.0568883 0.0575478 0.0635089 0.0635318 0.0599975 0.0547573 0.0637874 1.0499128 0.0488761 0.0658306 0.0698054 0.0507818 0.0718263 0.0641118 0.2510734 0.0793978 0.0700395 0.0725386 0.0649180 0.0778222 0.0441640 0.0606026 0.0645252 0.0500186 0.0590575 0.3694545 0.0621534 0.0563179 0.0503403 0.0868369 0.0716055 0.0753069 0.0775810 0.0802769 0.0815403 0.0836408 0.0770816 0.0841405 0.0688868 0.0755724 0.0799768 0.0799281 0.2594465 0.0820646 0.0784738 0.0837412 0.0636826 
Bmys_MYO7A         0.0260375 0.0522578 0.0939340 0.0257365 0.0231251 0.0229982 0.0266145 0.0270755 0.0000000 0.0203288 0.0227842 0.2296224 0.0372656 0.0638793 0.4094371 0.2273804 0.0278093 0.0773313 0.0701655 0.0727716 0.0643321 0.0647697 0.0045092 0.3330774 0.0049583 0.0086407 0.0280466 0.0587496 0.0628306 0.0616749 0.0691010 0.1708850 0.1609766 0.0753916 0.4803769 0.1201989 0.0554250 0.0496250 0.0547681 0.0598890 0.0654131 0.0532652 0.0638504 0.0677943 0.0722950 0.0561847 0.0745897 0.0577923 0.0529424 0.0551184 0.0646401 0.1267283 0.0428038 0.0469725 0.0546834 0.0513763 0.0421649 0.0484776 0.0681769 1.0529923 0.0127193 0.0531636 0.0538314 0.0429910 0.0754248 0.0562867 0.2214128 0.0630026 0.0559458 0.0732642 0.0549116 0.0641492 0.0373898 0.0546227 0.0522012 0.0450062 0.0483135 0.3352181 0.0528467 0.0488783 0.0521342 0.0677326 0.0592819 0.0630053 0.0606905 0.0641584 0.0636539 0.0701871 0.0654610 0.0719382 0.0579067 0.0619905 0.0589978 0.0676155 0.2237276 0.0687181 0.0697872 0.0703339 0.0498485 
Bphy_MYO7A         0.0138211 0.0516673 0.0962436 0.0111401 0.0100132 0.0109413 0.0143858 0.0176665 0.0203288 0.0000000 0.0008843 0.2363265 0.0327897 0.0657991 0.4023624 0.2241818 0.0214976 0.0749214 0.0712680 0.0710801 0.0666271 0.0621829 0.0230926 0.3282150 0.0213646 0.0244248 0.0171754 0.0562529 0.0609981 0.0609429 0.0684307 0.1761827 0.1637950 0.0117413 0.4799378 0.1153188 0.0551039 0.0496717 0.0578608 0.0601775 0.0631062 0.0534537 0.0618842 0.0688656 0.0734667 0.0565988 0.0729521 0.0597469 0.0543485 0.0557669 0.0626078 0.1241479 0.0454216 0.0447831 0.0474804 0.0523284 0.0458740 0.0485977 0.0637124 1.0826022 0.0000010 0.0522285 0.0595751 0.0425607 0.0743785 0.0590386 0.2307923 0.0612542 0.0567715 0.0744408 0.0520459 0.0629793 0.0271755 0.0490063 0.0529101 0.0430819 0.0480750 0.3392549 0.0485028 0.0469865 0.0508299 0.0736076 0.0585033 0.0601130 0.0608616 0.0643249 0.0473493 0.0679412 0.0687507 0.0696197 0.0577682 0.0610231 0.0627745 0.0666059 0.2316906 0.0659609 0.0668496 0.0725498 0.0479134 
Bphy_baits_MYO7A   0.0137205 0.0546153 0.0634782 0.0157080 0.0127763 0.0130712 0.0152914 0.0204091 0.0227842 0.0008843 0.0000000 0.2349626 0.0370751 0.0550310 0.4512724 0.2212687 0.0257237 0.0665507 0.0613074 0.0644151 0.0562771 0.0600133 0.0243956 0.3489497 0.0230369 0.0263094 0.0183812 0.0500993 0.0563172 0.0532255 0.0568986 0.1929121 0.1779843 0.0117413 0.4723640 0.1197480 0.0515532 0.0497562 0.0519300 0.0535072 0.0557338 0.0513915 0.0556538 0.0572194 0.0674138 0.0543452 0.0611613 0.0602893 0.0528077 0.0562412 0.0639962 0.1219919 0.0442026 0.0449944 0.0494529 0.0545331 0.0449840 0.0484386 0.0634459 1.1976972 0.0000010 0.0489416 0.0591524 0.0466358 0.0765201 0.0566701 0.2134002 0.0531521 0.0528518 0.0574253 0.0564804 0.0589262 0.0366935 0.0483112 0.0486546 0.0460317 0.0548960 0.3595299 0.0487395 0.0455508 0.0480784 0.0628631 0.0608185 0.0540988 0.0583822 0.0530868 0.0618554 0.0605736 0.0607523 0.0571994 0.0547262 0.0549315 0.0567251 0.0609707 0.2374239 0.0570579 0.0672742 0.0628545 0.0474122 
Btau_MYO7A         0.2444723 0.2427757 0.3551873 0.2422862 0.2191247 0.2280061 0.2436767 0.2567565 0.2296224 0.2363265 0.2349626 0.0000000 0.2327035 0.2845623 0.4938090 0.0832368 0.2279082 0.3062922 0.2836331 0.2939540 0.2839711 0.2759039 0.2192462 0.4264525 0.2322261 0.2143808 0.2520462 0.2732041 0.2735934 0.2625830 0.2810395 0.2734265 0.2659825 0.3812087 0.5365026 0.3954172 0.2621456 0.2312484 0.2675463 0.2614775 0.2861410 0.2550478 0.2749820 0.2896787 0.3036318 0.2706810 0.2795656 0.2924692 0.2637831 0.2698537 0.2705798 0.4695314 0.2610294 0.2690166 0.2786541 0.2545145 0.2635875 0.2593336 0.2788839 1.0534862 0.1574548 0.2619236 0.2693142 0.2549858 0.3052798 0.2742455 0.0826705 0.2927741 0.2740232 0.2814794 0.2605456 0.2727333 0.2126119 0.2639004 0.2515852 0.2558565 0.2636371 0.4108823 0.2628810 0.2466890 0.2633252 0.2827376 0.2595146 0.2743994 0.2776049 0.2780818 0.3307548 0.2877217 0.2892214 0.2916278 0.2613461 0.2831157 0.2586770 0.2856431 0.3338461 0.2793474 0.2710793 0.2910538 0.2585307 
Ccom40_MYO7A       0.0383614 0.0302122 0.0245406 0.0405197 0.0366240 0.0460219 0.0456346 0.0492987 0.0372656 0.0327897 0.0370751 0.2327035 0.0000000 0.0029097 0.4102355 0.1928280 0.0463621 0.0134472 0.0103278 0.0088304 0.0103278 0.0243766 0.0381569 0.3926103 0.0379244 0.0365241 0.0425311 0.0087841 0.0111702 0.0079426 0.0087812 0.2048178 0.1724077 0.0117413 0.4655812 0.0343262 0.0409554 0.0356011 0.0096502 0.0128838 0.0029097 0.0092736 0.0103278 0.0103039 0.0176008 0.0043688 0.0066458 0.0449952 0.0312756 0.0328931 0.0359962 0.0998644 0.0247496 0.0249198 0.0376830 0.0313358 0.0229585 0.0296851 0.0326188 1.0688331 0.0646180 0.0262935 0.0325504 0.0277959 0.0165281 0.0230363 0.1844178 0.0103922 0.0134216 0.0150295 0.0327915 0.0079477 0.0124330 0.0180571 0.0063253 0.0431027 0.0459033 0.3254147 0.0166324 0.0185860 0.0180571 0.0118448 0.0156481 0.0102773 0.0107636 0.0103278 0.0226080 0.0133877 0.0118158 0.0088304 0.0103291 0.0088304 0.0112659 0.0103336 0.2556973 0.0126890 0.0409093 0.0171840 0.0279439 
Chea7320_MYO7A     0.0745221 0.0359023 0.0720407 0.0633244 0.0672243 0.0730064 0.0701419 0.0817603 0.0638793 0.0657991 0.0550310 0.2845623 0.0029097 0.0000000 0.5197636 0.2583631 0.0704650 0.0136503 0.0128425 0.0133426 0.0136309 0.0418329 0.0475546 0.4538051 0.0522487 0.0604971 0.0700204 0.0097357 0.0155660 0.0134841 0.0155868 0.2605913 0.1964013 0.0117413 0.5660361 0.0836265 0.0672178 0.0517974 0.0176970 0.0155085 0.0009029 0.0047854 0.0099343 0.0137664 0.0113033 0.0009106 0.0086949 0.0617564 0.0384430 0.0551173 0.0540884 0.0919171 0.0368728 0.0439271 0.0422695 0.0421992 0.0385203 0.0385168 0.0439869 1.1807633 0.0646180 0.0496983 0.0433177 0.0395589 0.0542620 0.0316965 0.2662284 0.0143960 0.0132391 0.0216486 0.0371511 0.0148091 0.0124330 0.0234180 0.0111362 0.0569196 0.0786130 0.4309688 0.0224870 0.0217582 0.0294195 0.0149141 0.0133840 0.0099080 0.0109744 0.0108985 0.0190434 0.0106794 0.0143534 0.0125582 0.0088253 0.0097121 0.0103877 0.0107021 0.2991216 0.0137453 0.0561044 0.0163769 0.0396706 
Clfam_MYO7A        0.4158133 0.4459759 0.6568092 0.4403022 0.4395099 0.4211343 0.4405009 0.4083373 0.4094371 0.4023624 0.4512724 0.4938090 0.4102355 0.5197636 0.0000000 0.5180065 0.4680701 0.5241185 0.4956991 0.4883130 0.5263872 0.4369695 0.3948576 0.4586656 0.4123660 0.4214991 0.4680579 0.5076719 0.4947467 0.4726860 0.4511117 0.4466743 0.4971430 0.2489654 0.5895310 0.7014336 0.4882625 0.4312501 0.4848595 0.4896444 0.4944309 0.5250692 0.5093261 0.5224090 0.5251020 0.4959450 0.4551724 0.4496697 0.4697230 0.4833513 0.4309336 0.7472521 0.4906774 0.4447876 0.4478104 0.4535357 0.4187607 0.4301006 0.4456450 1.1365305 0.3589242 0.4670486 0.4407086 0.4604935 0.4830358 0.4442783 0.5143634 0.5102464 0.5257470 0.4527932 0.4831822 0.5024883 0.3370587 0.4632323 0.4712034 0.5417940 0.4911669 0.2311282 0.4633224 0.4378292 0.4227086 0.5268533 0.4821830 0.5084683 0.5179365 0.5320688 0.5719029 0.5146084 0.5287037 0.5229616 0.5230897 0.4834575 0.4757511 0.4986347 0.4854840 0.5026153 0.4818980 0.5054584 0.4453021 
Chir_MYO7A         0.2254363 0.2322860 0.3376610 0.2266788 0.2094474 0.2177287 0.2272879 0.2507183 0.2273804 0.2241818 0.2212687 0.0832368 0.1928280 0.2583631 0.5180065 0.0000000 0.2273909 0.2814485 0.2701477 0.2703665 0.2710929 0.2659153 0.2022507 0.4524487 0.2243145 0.2002943 0.2269672 0.2526199 0.2536670 0.2525593 0.2858409 0.2629649 0.2220386 0.2027659 0.5240538 0.3570391 0.2365523 0.2053554 0.2672256 0.2498698 0.2555735 0.2244938 0.2606416 0.2753099 0.2904647 0.2445556 0.2483134 0.2900876 0.2442109 0.2646229 0.2549254 0.4410631 0.2388180 0.2537450 0.2501618 0.2392752 0.2455413 0.2283337 0.2689003 1.0329489 0.1735767 0.2361918 0.2514221 0.2443886 0.3035849 0.2625416 0.0297908 0.2726468 0.2535733 0.2871302 0.2447113 0.2525845 0.1719890 0.2413324 0.2362014 0.2530474 0.2687995 0.4427978 0.2415435 0.2376895 0.2579388 0.2827090 0.2427488 0.2567210 0.2567864 0.2676628 0.2387733 0.2685498 0.2797463 0.2636595 0.2422640 0.2606787 0.2396079 0.2731540 0.3446371 0.2674375 0.2532222 0.2828458 0.2307611 
Cmar59905_MYO7A    0.0262575 0.0656654 0.1154816 0.0300796 0.0250061 0.0259729 0.0292457 0.0332684 0.0278093 0.0214976 0.0257237 0.2279082 0.0463621 0.0704650 0.4680701 0.2273909 0.0000000 0.0806008 0.0711654 0.0691972 0.0711653 0.0722577 0.0309719 0.3827172 0.0281542 0.0323801 0.0310586 0.0620268 0.0638989 0.0631370 0.0640117 0.1994182 0.1880073 0.0246349 0.5178000 0.1281761 0.0724543 0.0631488 0.0609767 0.0652843 0.0682826 0.0638180 0.0656316 0.0657448 0.0788157 0.0627110 0.0764902 0.0705752 0.0640594 0.0670919 0.0758192 0.1427676 0.0545117 0.0518081 0.0554333 0.0640903 0.0531678 0.0622211 0.0727945 1.1920823 0.0360156 0.0595944 0.0692013 0.0484302 0.0849473 0.0629245 0.2179026 0.0685499 0.0625342 0.0653009 0.0568749 0.0664936 0.0404843 0.0588286 0.0548505 0.0498433 0.0639088 0.3687756 0.0591648 0.0601160 0.0573482 0.0742917 0.0673497 0.0640800 0.0713017 0.0683361 0.0657819 0.0706133 0.0692801 0.0684999 0.0642481 0.0673295 0.0695407 0.0718386 0.2342788 0.0676589 0.0744500 0.0710387 0.0568616 
Dcap108471_MYO7A   0.0828103 0.0458719 0.0942931 0.0688115 0.0799020 0.0858362 0.0798333 0.0914474 0.0773313 0.0749214 0.0665507 0.3062922 0.0134472 0.0136503 0.5241185 0.2814485 0.0806008 0.0000000 0.0050932 0.0073631 0.0084533 0.0499933 0.0587692 0.4604217 0.0671958 0.0786127 0.0809214 0.0148896 0.0228876 0.0176868 0.0223067 0.2689947 0.2125979 0.0372761 0.5926966 0.0884623 0.0819332 0.0675586 0.0240679 0.0194861 0.0125065 0.0121772 0.0058369 0.0124970 0.0289404 0.0159847 0.0184705 0.0662362 0.0503361 0.0600854 0.0630455 0.1025317 0.0450278 0.0520049 0.0516336 0.0523883 0.0452124 0.0486211 0.0549345 1.1683262 0.0646180 0.0584961 0.0584297 0.0510718 0.0638508 0.0412658 0.2858558 0.0188711 0.0203112 0.0233450 0.0443120 0.0222961 0.0258696 0.0317761 0.0198095 0.0632743 0.0940220 0.4176983 0.0304429 0.0275520 0.0395179 0.0125646 0.0109135 0.0170465 0.0195146 0.0103848 0.0110422 0.0082432 0.0114569 0.0099817 0.0062974 0.0071238 0.0096394 0.0094827 0.2894693 0.0160319 0.0655775 0.0131533 0.0457425 
Dcap79929_MYO7A    0.0776702 0.0458427 0.1023540 0.0729095 0.0728196 0.0776030 0.0817216 0.0837598 0.0701655 0.0712680 0.0613074 0.2836331 0.0103278 0.0128425 0.4956991 0.2701477 0.0711654 0.0050932 0.0000000 0.0025618 0.0033974 0.0481696 0.0548701 0.4281991 0.0638348 0.0729220 0.0758474 0.0168312 0.0190975 0.0147553 0.0169025 0.2513775 0.2028230 0.0372761 0.5680081 0.0868761 0.0774751 0.0599354 0.0202737 0.0202156 0.0134099 0.0108991 0.0033960 0.0100889 0.0232582 0.0124561 0.0148146 0.0622967 0.0469221 0.0602702 0.0647975 0.0961588 0.0412396 0.0513195 0.0466413 0.0519104 0.0418503 0.0449798 0.0490778 1.1103418 0.0646180 0.0582615 0.0560413 0.0458223 0.0559656 0.0375703 0.2690614 0.0215905 0.0225611 0.0220100 0.0430043 0.0178734 0.0188687 0.0276663 0.0141807 0.0623923 0.0863465 0.4148649 0.0268725 0.0257681 0.0328759 0.0088208 0.0071862 0.0144083 0.0180198 0.0076982 0.0110422 0.0077677 0.0074215 0.0095763 0.0036690 0.0037550 0.0068066 0.0098469 0.2832403 0.0113235 0.0641525 0.0095677 0.0431035 
DdelSJR_MYO7A      0.0795158 0.0424037 0.0612428 0.0695260 0.0708171 0.0753004 0.0799230 0.0836116 0.0727716 0.0710801 0.0644151 0.2939540 0.0088304 0.0133426 0.4883130 0.2703665 0.0691972 0.0073631 0.0025618 0.0000000 0.0059115 0.0469980 0.0547534 0.4165194 0.0671985 0.0741963 0.0709923 0.0169259 0.0188469 0.0141718 0.0167793 0.2508649 0.2082139 0.0372761 0.5537941 0.0490236 0.0737613 0.0634366 0.0165086 0.0200262 0.0134557 0.0112026 0.0036934 0.0082672 0.0228901 0.0132806 0.0155843 0.0648796 0.0433178 0.0575378 0.0609996 0.0989389 0.0373664 0.0444211 0.0466413 0.0504042 0.0417655 0.0430506 0.0480089 1.0957124 0.0646180 0.0551820 0.0532432 0.0433027 0.0589816 0.0385629 0.2706903 0.0214620 0.0224787 0.0223602 0.0385176 0.0175456 0.0188687 0.0283811 0.0134976 0.0624208 0.0899291 0.4014354 0.0277017 0.0239482 0.0333844 0.0090270 0.0071707 0.0160787 0.0192304 0.0093769 0.0147282 0.0084864 0.0061502 0.0094506 0.0040287 0.0038140 0.0059674 0.0070560 0.2820060 0.0115151 0.0635255 0.0106874 0.0434672 
Ddeltrop4525_MYO7A 0.0727307 0.0409232 0.0844958 0.0652389 0.0704173 0.0750412 0.0791185 0.0809676 0.0643321 0.0666271 0.0562771 0.2839711 0.0103278 0.0136309 0.5263872 0.2710929 0.0711653 0.0084533 0.0033974 0.0059115 0.0000000 0.0411888 0.0539266 0.4631070 0.0618179 0.0678722 0.0763186 0.0150431 0.0193005 0.0151810 0.0166991 0.2534065 0.2013830 0.0372761 0.5808761 0.0786016 0.0742277 0.0523105 0.0201332 0.0210814 0.0120729 0.0096771 0.0063986 0.0097821 0.0214189 0.0114158 0.0135715 0.0593426 0.0416898 0.0553881 0.0574077 0.0944939 0.0384094 0.0505599 0.0466413 0.0448639 0.0424359 0.0434266 0.0443716 1.1046079 0.0646180 0.0517464 0.0460539 0.0404223 0.0532650 0.0321386 0.2709129 0.0213121 0.0193508 0.0215750 0.0430389 0.0181155 0.0188687 0.0276197 0.0135342 0.0580493 0.0793556 0.4173765 0.0257525 0.0297499 0.0291941 0.0088801 0.0084230 0.0135888 0.0164463 0.0054677 0.0073325 0.0094492 0.0097935 0.0114261 0.0038471 0.0078000 0.0082677 0.0104266 0.2894973 0.0127980 0.0620877 0.0099041 0.0437808 
Dleu_MYO7A         0.0677405 0.0437229 0.0916881 0.0607886 0.0700499 0.0678797 0.0708122 0.0602384 0.0647697 0.0621829 0.0600133 0.2759039 0.0243766 0.0418329 0.4369695 0.2659153 0.0722577 0.0499933 0.0481696 0.0469980 0.0411888 0.0000000 0.0541990 0.3803416 0.0609249 0.0704397 0.0691028 0.0431841 0.0446935 0.0435826 0.0405531 0.1866501 0.2014469 0.0241116 0.4809126 0.0919474 0.0718419 0.0653942 0.0458232 0.0408015 0.0446086 0.0319490 0.0410949 0.0459596 0.0487395 0.0383521 0.0448525 0.0509818 0.0492243 0.0583176 0.0613149 0.1025067 0.0447907 0.0524259 0.0482789 0.0500480 0.0427700 0.0479703 0.0108867 1.0390902 0.0779615 0.0580627 0.0555634 0.0485874 0.0361764 0.0308811 0.2699255 0.0459144 0.0407587 0.0474571 0.0466288 0.0427502 0.0123719 0.0224569 0.0388858 0.0503340 0.0745450 0.3760497 0.0256177 0.0183238 0.0189404 0.0518641 0.0332469 0.0401991 0.0405954 0.0441519 0.0311935 0.0475119 0.0432263 0.0477798 0.0364368 0.0401185 0.0407120 0.0480096 0.2856916 0.0433777 0.0601423 0.0485169 0.0502835 
EausAUS_MYO7A      0.0291839 0.0489521 0.0464897 0.0263670 0.0253847 0.0279512 0.0277938 0.0334142 0.0045092 0.0230926 0.0243956 0.2192462 0.0381569 0.0475546 0.3948576 0.2022507 0.0309719 0.0587692 0.0548701 0.0547534 0.0539266 0.0541990 0.0000000 0.3529454 0.0020610 0.0043241 0.0256304 0.0467237 0.0475347 0.0427050 0.0505303 0.1874650 0.1712041 0.0359522 0.4554723 0.0612831 0.0446148 0.0444079 0.0414764 0.0454739 0.0495338 0.0503350 0.0530127 0.0532574 0.0613589 0.0469883 0.0517794 0.0602719 0.0487368 0.0541111 0.0538318 0.1227040 0.0413180 0.0410864 0.0506031 0.0452496 0.0364955 0.0436069 0.0554229 1.0689563 0.0233981 0.0431156 0.0461542 0.0447122 0.0747539 0.0492902 0.1920306 0.0522485 0.0503441 0.0577804 0.0525226 0.0481858 0.0293796 0.0429614 0.0405031 0.0463052 0.0528808 0.3308319 0.0427335 0.0424021 0.0424621 0.0526498 0.0595976 0.0498526 0.0531257 0.0502767 0.0636016 0.0543951 0.0535243 0.0501739 0.0526047 0.0502236 0.0477955 0.0507357 0.2340907 0.0519250 0.0683726 0.0572870 0.0419517 
Ecab_MYO7A         0.3246736 0.4178707 0.5540147 0.3498618 0.3610086 0.3412594 0.3684969 0.3318628 0.3330774 0.3282150 0.3489497 0.4264525 0.3926103 0.4538051 0.4586656 0.4524487 0.3827172 0.4604217 0.4281991 0.4165194 0.4631070 0.3803416 0.3529454 0.0000000 0.3588623 0.3696918 0.4076452 0.4179300 0.4286975 0.4212451 0.3749901 0.3429578 0.4026411 0.5366663 0.4868784 0.6230851 0.4370242 0.3885017 0.4662533 0.4356867 0.4103364 0.4594273 0.4438067 0.4168920 0.4286466 0.4333732 0.4574964 0.3776430 0.4219174 0.4257994 0.4058797 0.7292421 0.4217723 0.4054182 0.4332754 0.4016776 0.3764814 0.4435573 0.3834298 1.1313098 0.4372796 0.4231827 0.4097033 0.3970585 0.4265414 0.4021836 0.4300143 0.4538828 0.4492365 0.3985113 0.3948370 0.4554976 0.4208980 0.4051999 0.4104987 0.4181027 0.4049629 0.3900588 0.3868765 0.4164041 0.3608266 0.4476965 0.4220358 0.4425872 0.4318310 0.4558219 0.5054366 0.4486834 0.4394012 0.4588080 0.4350775 0.4556028 0.4375971 0.4286616 0.3449958 0.4726782 0.4290594 0.4072944 0.3805923 
Egla13086_MYO7A    0.0286070 0.0512298 0.0834679 0.0249709 0.0239809 0.0255459 0.0263301 0.0326889 0.0049583 0.0213646 0.0230369 0.2322261 0.0379244 0.0522487 0.4123660 0.2243145 0.0281542 0.0671958 0.0638348 0.0671985 0.0618179 0.0609249 0.0020610 0.3588623 0.0000000 0.0075994 0.0273263 0.0556368 0.0559369 0.0551008 0.0616965 0.1916943 0.1623216 0.0359522 0.4583844 0.1140394 0.0495252 0.0488003 0.0502465 0.0536639 0.0553060 0.0484988 0.0605280 0.0610076 0.0691857 0.0529289 0.0657062 0.0563515 0.0490866 0.0574276 0.0602052 0.1153392 0.0422603 0.0452771 0.0501944 0.0494565 0.0397176 0.0435746 0.0645402 1.1119218 0.0233981 0.0510080 0.0522667 0.0436280 0.0739949 0.0550768 0.2174653 0.0552368 0.0484744 0.0628399 0.0563096 0.0579386 0.0293458 0.0526249 0.0426629 0.0419069 0.0557234 0.3292920 0.0510036 0.0457235 0.0503105 0.0618434 0.0591361 0.0591173 0.0598850 0.0620372 0.0636016 0.0618192 0.0631916 0.0588126 0.0561542 0.0586932 0.0558798 0.0611593 0.2312171 0.0644268 0.0679962 0.0653515 0.0466645 
Ejap43864_MYO7A    0.0318624 0.0541605 0.0973309 0.0279287 0.0282444 0.0295396 0.0309840 0.0358959 0.0086407 0.0244248 0.0263094 0.2143808 0.0365241 0.0604971 0.4214991 0.2002943 0.0323801 0.0786127 0.0729220 0.0741963 0.0678722 0.0704397 0.0043241 0.3696918 0.0075994 0.0000000 0.0324835 0.0636847 0.0656360 0.0653978 0.0693008 0.1838052 0.1664280 0.0492111 0.4623033 0.1191546 0.0589115 0.0555989 0.0611855 0.0650329 0.0600442 0.0556775 0.0692846 0.0690046 0.0763758 0.0581841 0.0796418 0.0645822 0.0547143 0.0612581 0.0643415 0.1238252 0.0473007 0.0494392 0.0490590 0.0487427 0.0426308 0.0460999 0.0709371 1.1379210 0.0233981 0.0542041 0.0557609 0.0450225 0.0822407 0.0627844 0.1990418 0.0648902 0.0584165 0.0695992 0.0513193 0.0663143 0.0328369 0.0576576 0.0531564 0.0471486 0.0610330 0.3362245 0.0558207 0.0532748 0.0561423 0.0703781 0.0606424 0.0660595 0.0650334 0.0704435 0.0688821 0.0704608 0.0690236 0.0708901 0.0618131 0.0698271 0.0649150 0.0703072 0.2402934 0.0735200 0.0722688 0.0704255 0.0488319 
Erob133443_MYO7A   0.0252331 0.0597701 0.1069355 0.0225558 0.0151799 0.0162877 0.0171660 0.0190284 0.0280466 0.0171754 0.0183812 0.2520462 0.0425311 0.0700204 0.4680579 0.2269672 0.0310586 0.0809214 0.0758474 0.0709923 0.0763186 0.0691028 0.0256304 0.4076452 0.0273263 0.0324835 0.0000000 0.0653368 0.0672362 0.0656311 0.0701245 0.2191110 0.1821070 0.0247222 0.5239597 0.1297572 0.0648431 0.0547029 0.0665354 0.0715972 0.0663298 0.0626363 0.0705233 0.0731047 0.0826710 0.0636682 0.0736902 0.0662543 0.0644414 0.0696449 0.0698813 0.1382217 0.0536749 0.0528528 0.0541723 0.0583663 0.0538052 0.0569694 0.0696178 1.2260274 0.0233981 0.0617147 0.0609784 0.0504004 0.0864421 0.0679851 0.2301760 0.0693953 0.0603062 0.0740115 0.0633303 0.0678198 0.0370818 0.0583306 0.0545894 0.0482063 0.0638431 0.3957825 0.0574741 0.0601778 0.0588576 0.0754252 0.0639336 0.0677542 0.0689474 0.0748049 0.0560889 0.0719974 0.0760922 0.0681885 0.0658572 0.0685796 0.0676863 0.0719797 0.2647788 0.0703892 0.0813879 0.0834330 0.0573506 
Fatt_MYO7A         0.0657943 0.0421666 0.0896343 0.0527904 0.0635352 0.0638537 0.0635108 0.0738708 0.0587496 0.0562529 0.0500993 0.2732041 0.0087841 0.0097357 0.5076719 0.2526199 0.0620268 0.0148896 0.0168312 0.0169259 0.0150431 0.0431841 0.0467237 0.4179300 0.0556368 0.0636847 0.0653368 0.0000000 0.0076046 0.0072109 0.0094758 0.2503789 0.1835847 0.0117413 0.5244340 0.0972469 0.0507566 0.0491561 0.0160873 0.0186725 0.0103824 0.0109388 0.0120448 0.0148989 0.0176828 0.0103384 0.0162588 0.0600394 0.0431051 0.0566684 0.0483942 0.0939125 0.0372390 0.0446142 0.0418245 0.0464770 0.0373232 0.0436550 0.0421815 1.1497380 0.0771162 0.0520836 0.0510481 0.0402378 0.0505980 0.0329014 0.2452055 0.0125960 0.0137756 0.0197307 0.0389572 0.0048775 0.0221406 0.0254716 0.0030245 0.0541152 0.0696063 0.4098917 0.0236103 0.0224686 0.0280834 0.0172137 0.0188636 0.0082459 0.0099835 0.0169149 0.0267182 0.0130287 0.0157345 0.0121323 0.0131317 0.0124190 0.0118723 0.0149458 0.2863717 0.0156904 0.0638159 0.0164944 0.0416311 
Ggri_MYO7A         0.0689388 0.0459380 0.0975437 0.0631179 0.0641725 0.0674556 0.0700486 0.0751737 0.0628306 0.0609981 0.0563172 0.2735934 0.0111702 0.0155660 0.4947467 0.2536670 0.0638989 0.0228876 0.0190975 0.0188469 0.0193005 0.0446935 0.0475347 0.4286975 0.0559369 0.0656360 0.0672362 0.0076046 0.0000000 0.0097312 0.0105366 0.2233796 0.1935472 0.0117413 0.5567049 0.0827317 0.0692868 0.0549108 0.0192771 0.0175135 0.0135574 0.0130149 0.0132149 0.0156708 0.0204698 0.0121361 0.0186511 0.0627685 0.0488600 0.0558195 0.0591018 0.0976078 0.0397605 0.0425579 0.0421538 0.0459369 0.0382402 0.0510834 0.0429017 1.1438810 0.0916105 0.0553790 0.0535065 0.0433801 0.0562456 0.0385262 0.2548953 0.0165034 0.0165141 0.0237168 0.0333821 0.0075697 0.0287738 0.0271242 0.0061855 0.0534660 0.0723215 0.4072425 0.0261029 0.0244936 0.0316154 0.0213870 0.0225688 0.0104607 0.0133641 0.0161862 0.0227462 0.0168273 0.0173492 0.0168882 0.0162928 0.0136795 0.0149325 0.0174441 0.2743807 0.0147586 0.0563116 0.0173973 0.0443759 
Gmac39091_MYO7A    0.0675079 0.0424627 0.0963684 0.0594208 0.0638668 0.0672130 0.0708632 0.0700746 0.0616749 0.0609429 0.0532255 0.2625830 0.0079426 0.0134841 0.4726860 0.2525593 0.0631370 0.0176868 0.0147553 0.0141718 0.0151810 0.0435826 0.0427050 0.4212451 0.0551008 0.0653978 0.0656311 0.0072109 0.0097312 0.0000000 0.0038002 0.2255504 0.1839806 0.0117413 0.5543605 0.0778906 0.0696671 0.0529439 0.0142124 0.0140971 0.0120441 0.0116852 0.0095600 0.0133228 0.0184054 0.0116508 0.0174619 0.0586175 0.0463545 0.0572562 0.0602407 0.0923641 0.0382777 0.0464193 0.0447624 0.0428627 0.0353729 0.0458987 0.0417551 1.1712484 0.0771162 0.0541534 0.0497577 0.0386185 0.0523379 0.0355874 0.2506102 0.0149942 0.0145180 0.0167072 0.0290992 0.0092594 0.0155223 0.0239194 0.0035074 0.0516022 0.0765878 0.3976425 0.0222177 0.0206712 0.0292639 0.0169527 0.0143284 0.0086456 0.0117919 0.0149642 0.0268285 0.0122214 0.0135101 0.0140872 0.0113531 0.0116047 0.0094359 0.0131910 0.2745014 0.0158229 0.0599817 0.0126669 0.0412382 
Gmel_MYO7A         0.0741745 0.0439032 0.0969183 0.0641871 0.0680124 0.0712012 0.0743799 0.0660635 0.0691010 0.0684307 0.0568986 0.2810395 0.0087812 0.0155868 0.4511117 0.2858409 0.0640117 0.0223067 0.0169025 0.0167793 0.0166991 0.0405531 0.0505303 0.3749901 0.0616965 0.0693008 0.0701245 0.0094758 0.0105366 0.0038002 0.0000000 0.2056305 0.1884107 0.0117413 0.4924642 0.0832101 0.0729836 0.0580468 0.0181165 0.0183951 0.0141374 0.0133878 0.0116460 0.0161959 0.0191567 0.0137064 0.0206867 0.0614575 0.0481635 0.0625118 0.0626440 0.0938738 0.0404014 0.0499776 0.0419404 0.0450996 0.0379448 0.0501217 0.0411599 1.0293388 0.1076310 0.0566678 0.0516414 0.0415246 0.0494413 0.0387621 0.2849885 0.0177337 0.0184880 0.0186807 0.0357157 0.0118299 0.0219791 0.0274615 0.0059927 0.0552744 0.0816110 0.4079711 0.0257220 0.0231174 0.0312240 0.0195253 0.0171230 0.0113445 0.0130953 0.0186079 0.0227462 0.0150488 0.0157626 0.0168596 0.0135322 0.0153772 0.0113719 0.0169797 0.2992726 0.0190791 0.0621013 0.0159681 0.0436038 
Hamp_MYO7A         0.1756615 0.2341096 0.2970668 0.1880419 0.1870024 0.1929586 0.2037488 0.1640929 0.1708850 0.1761827 0.1929121 0.2734265 0.2048178 0.2605913 0.4466743 0.2629649 0.1994182 0.2689947 0.2513775 0.2508649 0.2534065 0.1866501 0.1874650 0.3429578 0.1916943 0.1838052 0.2191110 0.2503789 0.2233796 0.2255504 0.2056305 0.0000000 0.0041598 0.2356763 0.4609333 0.3594659 0.2366691 0.2080942 0.2343865 0.2322250 0.2502340 0.2615134 0.2541502 0.2460779 0.2527067 0.2321939 0.2443798 0.2074120 0.2422648 0.2346640 0.2382428 0.3889297 0.2253909 0.2196388 0.2118398 0.2187977 0.2174726 0.2260642 0.1839391 1.0926872 0.1577108 0.2408106 0.2333794 0.2056974 0.2077119 0.2120738 0.2749540 0.2478383 0.2422664 0.2143909 0.2237847 0.2324402 0.1537539 0.2174758 0.2139190 0.2542872 0.2191520 0.3496155 0.2152975 0.2135732 0.1732353 0.2609756 0.2422829 0.2436926 0.2490159 0.2556720 0.2264362 0.2635637 0.2520828 0.2672834 0.2476687 0.2398323 0.2205304 0.2461673 0.2746778 0.2614231 0.2568410 0.2475215 0.2164149 
Hippo_MYO7A        0.1580829 0.2089394 0.2551374 0.1661556 0.1743329 0.1783309 0.1787995 0.1800105 0.1609766 0.1637950 0.1779843 0.2659825 0.1724077 0.1964013 0.4971430 0.2220386 0.1880073 0.2125979 0.2028230 0.2082139 0.2013830 0.2014469 0.1712041 0.4026411 0.1623216 0.1664280 0.1821070 0.1835847 0.1935472 0.1839806 0.1884107 0.0041598 0.0000000 0.2798366 0.5564620 0.2334851 0.1969287 0.1987038 0.1872034 0.1905377 0.1959294 0.2075009 0.1965463 0.1967005 0.2138803 0.1888948 0.2097286 0.2236372 0.2120600 0.2089153 0.2059261 0.3804814 0.1922841 0.1800222 0.1887404 0.1975854 0.1885753 0.2081914 0.2012899 1.2026629 0.1577108 0.2015556 0.2095167 0.1831437 0.1845777 0.2026033 0.2328699 0.1805894 0.1827946 0.1976988 0.1879703 0.1986498 0.1537539 0.1904059 0.1835345 0.2188907 0.2050191 0.3519976 0.1868837 0.1965789 0.1781807 0.2033601 0.2131869 0.1905648 0.1920791 0.1969119 0.2371248 0.1997379 0.1977556 0.1955227 0.2001976 0.1928796 0.1896701 0.1894106 0.2633045 0.1995775 0.2343661 0.1995654 0.1831060 
Hpla9120_MYO7A     0.0117413 0.0117350 0.0240760 0.0117413 0.0247222 0.0247222 0.0247222 0.0247222 0.0753916 0.0117413 0.0117413 0.3812087 0.0117413 0.0117413 0.2489654 0.2027659 0.0246349 0.0372761 0.0372761 0.0372761 0.0372761 0.0241116 0.0359522 0.5366663 0.0359522 0.0492111 0.0247222 0.0117413 0.0117413 0.0117413 0.0117413 0.2356763 0.2798366 0.0000000 0.4181470 0.0520863 0.0237288 0.0237288 0.0117413 0.0238105 0.0117413 0.0241116 0.0372761 0.0372761 0.0241116 0.0117413 0.0117413 0.0509866 0.0000010 0.0245487 0.0240128 0.0000010 0.0119741 0.0000010 0.0117350 0.0117413 0.0000010 0.0120305 0.0117413 1.4956338 0.0000010 0.0000010 0.0238594 0.0000010 0.0117413 0.0117413 0.2358241 0.0117413 0.0241116 0.0247273 0.0514893 0.0117413 0.0134982 0.0117413 0.0117413 0.0172206 0.0237288 0.4106992 0.0117413 0.0117413 0.0117413 0.0664068 0.0516171 0.0238940 0.0238940 0.0511009 0.0171958 0.0372761 0.0372761 0.0372761 0.0372761 0.0372761 0.0372761 0.0372761 0.4188678 0.0372761 0.0118720 0.0372761 0.0000010 
Hsap_MYO7A         0.4965421 0.4503842 0.7228986 0.4932130 0.4792519 0.4764032 0.4894314 0.4601114 0.4803769 0.4799378 0.4723640 0.5365026 0.4655812 0.5660361 0.5895310 0.5240538 0.5178000 0.5926966 0.5680081 0.5537941 0.5808761 0.4809126 0.4554723 0.4868784 0.4583844 0.4623033 0.5239597 0.5244340 0.5567049 0.5543605 0.4924642 0.4609333 0.5564620 0.4181470 0.0000000 0.7954072 0.5497896 0.5387948 0.5479342 0.5573024 0.5407449 0.4890004 0.5571552 0.5666035 0.6188547 0.5451452 0.5434904 0.4949119 0.5216031 0.5312803 0.5432219 0.8245975 0.5388893 0.5284225 0.5050174 0.4854660 0.5015423 0.5149321 0.4983811 1.0429360 0.2278070 0.4961543 0.5036118 0.5219394 0.5463623 0.5588788 0.5234042 0.5591573 0.5493402 0.5120430 0.4943373 0.5771455 0.3866550 0.5145641 0.5493545 0.4886966 0.5410010 0.4961082 0.5294697 0.4616470 0.4746916 0.5709833 0.5413186 0.5415178 0.5199352 0.5611074 0.5571955 0.5666637 0.5747404 0.5869901 0.5635758 0.5612187 0.5610388 0.5480040 0.5246818 0.5750698 0.5041371 0.6198750 0.4935308 
Igeo_MYO7A         0.1267444 0.0608288 0.1080784 0.1108838 0.1182475 0.1271214 0.1261722 0.1306136 0.1201989 0.1153188 0.1197480 0.3954172 0.0343262 0.0836265 0.7014336 0.3570391 0.1281761 0.0884623 0.0868761 0.0490236 0.0786016 0.0919474 0.0612831 0.6230851 0.1140394 0.1191546 0.1297572 0.0972469 0.0827317 0.0778906 0.0832101 0.3594659 0.2334851 0.0520863 0.7954072 0.0000000 0.1271140 0.0773025 0.0793746 0.0831559 0.0836754 0.0455450 0.0799655 0.0865613 0.1032608 0.0823826 0.0457037 0.1169467 0.1027873 0.1064261 0.0664268 0.1388306 0.0973544 0.0993472 0.0653131 0.0642478 0.0521007 0.0570931 0.1023913 1.5992556 0.0813291 0.1121790 0.0603068 0.1011812 0.0827775 0.0955400 0.3546055 0.0911564 0.0888167 0.0961086 0.0852248 0.0805558 0.0375248 0.0810095 0.0791971 0.1420608 0.1332346 0.5773326 0.0834022 0.0825748 0.0827021 0.0900278 0.0489546 0.0780760 0.0864370 0.0835475 0.0447879 0.0818281 0.0860309 0.0883706 0.0837376 0.0451440 0.0403796 0.0871931 0.4135771 0.0490164 0.1273833 0.1048058 0.0643464 
Kbre_MYO7A         0.0604233 0.0611414 0.0927859 0.0582503 0.0630645 0.0596447 0.0586936 0.0649762 0.0554250 0.0551039 0.0515532 0.2621456 0.0409554 0.0672178 0.4882625 0.2365523 0.0724543 0.0819332 0.0774751 0.0737613 0.0742277 0.0718419 0.0446148 0.4370242 0.0495252 0.0589115 0.0648431 0.0507566 0.0692868 0.0696671 0.0729836 0.2366691 0.1969287 0.0237288 0.5497896 0.1271140 0.0000000 0.0121887 0.0700299 0.0712087 0.0598609 0.0607195 0.0684080 0.0770221 0.0891031 0.0602651 0.0774530 0.0876728 0.0639718 0.0678376 0.0715288 0.1173841 0.0598415 0.0623641 0.0569835 0.0540351 0.0506667 0.0645657 0.0734973 1.2184459 0.0354264 0.0665836 0.0736103 0.0571591 0.0853025 0.0599312 0.2444989 0.0624152 0.0552405 0.0766815 0.0656090 0.0716732 0.0356698 0.0530438 0.0574490 0.0227428 0.0402453 0.3871835 0.0527105 0.0494762 0.0615043 0.0788132 0.0595938 0.0641707 0.0668748 0.0718605 0.0738978 0.0722685 0.0770812 0.0697908 0.0659967 0.0684222 0.0715827 0.0725002 0.2840352 0.0742119 0.0704800 0.0827029 0.0554415 
Ksim_MYO7A         0.0522386 0.0594524 0.0643538 0.0536831 0.0527019 0.0550809 0.0547899 0.0576134 0.0496250 0.0496717 0.0497562 0.2312484 0.0356011 0.0517974 0.4312501 0.2053554 0.0631488 0.0675586 0.0599354 0.0634366 0.0523105 0.0653942 0.0444079 0.3885017 0.0488003 0.0555989 0.0547029 0.0491561 0.0549108 0.0529439 0.0580468 0.2080942 0.1987038 0.0237288 0.5387948 0.0773025 0.0121887 0.0000000 0.0486299 0.0581486 0.0532044 0.0500951 0.0591723 0.0607334 0.0673827 0.0583415 0.0620725 0.0862324 0.0600723 0.0617418 0.0646427 0.1282809 0.0509844 0.0541658 0.0492372 0.0540562 0.0469994 0.0532066 0.0680187 1.0682433 0.0478333 0.0570143 0.0622240 0.0535932 0.0851813 0.0578547 0.2078413 0.0517742 0.0497271 0.0625964 0.0607088 0.0540823 0.0321316 0.0506754 0.0440555 0.0228404 0.0276680 0.3406408 0.0516871 0.0436296 0.0513680 0.0601801 0.0533675 0.0546115 0.0508166 0.0560398 0.0738853 0.0605127 0.0597317 0.0592269 0.0560669 0.0559811 0.0550119 0.0582731 0.2498980 0.0583170 0.0727582 0.0589228 0.0539464 
Lacu_MYO7A         0.0630008 0.0374713 0.1022721 0.0587882 0.0607519 0.0627443 0.0680187 0.0706988 0.0547681 0.0578608 0.0519300 0.2675463 0.0096502 0.0176970 0.4848595 0.2672256 0.0609767 0.0240679 0.0202737 0.0165086 0.0201332 0.0458232 0.0414764 0.4662533 0.0502465 0.0611855 0.0665354 0.0160873 0.0192771 0.0142124 0.0181165 0.2343865 0.1872034 0.0117413 0.5479342 0.0793746 0.0700299 0.0486299 0.0000000 0.0189795 0.0162437 0.0139645 0.0168700 0.0192604 0.0253859 0.0131963 0.0164199 0.0604887 0.0448648 0.0562724 0.0564384 0.0941454 0.0374988 0.0478944 0.0427063 0.0389548 0.0322063 0.0345663 0.0469602 1.1756893 0.0646180 0.0562974 0.0383934 0.0356622 0.0568302 0.0374591 0.2614651 0.0215266 0.0205855 0.0214512 0.0313985 0.0166224 0.0259980 0.0272336 0.0129459 0.0506059 0.0676353 0.4140440 0.0261812 0.0203902 0.0305959 0.0202768 0.0168237 0.0147411 0.0171820 0.0210638 0.0132649 0.0214666 0.0218847 0.0226662 0.0195371 0.0171708 0.0165611 0.0215195 0.2940876 0.0199291 0.0588884 0.0256374 0.0395195 
