29
Bbon       0.0000000 0.0318313 0.0853431 0.0825294 0.0401061 0.0316614 0.0813513 0.0819666 0.1116588 0.1123166 0.0837656 0.0867174 0.0842005 0.0886024 0.0900046 0.0919286 0.0820481 0.0818395 0.0947631 0.0778350 0.1007853 0.1202233 0.0784419 0.0902518 0.0905399 0.0967063 0.0867291 0.0918260 0.0865629 
Bmus       0.0318313 0.0000000 0.1055475 0.0948039 0.0410854 0.0289378 0.0894384 0.0915368 0.1178142 0.1143152 0.0962954 0.0989485 0.0869386 0.0937306 0.1002174 0.1020579 0.0920328 0.0929608 0.0989068 0.0895678 0.1024109 0.1217437 0.0954926 0.1012271 0.0998971 0.1070293 0.0978772 0.0983505 0.0905984 
Ccom       0.0853431 0.1055475 0.0000000 0.0065303 0.0795416 0.0831560 0.0814197 0.0504624 0.1209174 0.1033947 0.0042387 0.0055174 0.0734270 0.0882574 0.0398835 0.0400208 0.0148111 0.0151461 0.0742375 0.0168741 0.0952218 0.0988307 0.0361055 0.0402078 0.0320902 0.0278317 0.0143827 0.0177816 0.0768209 
Chea       0.0825294 0.0948039 0.0065303 0.0000000 0.0725357 0.0750744 0.0780719 0.0514970 0.1063936 0.0981223 0.0026115 0.0063058 0.0729159 0.0816836 0.0337781 0.0332651 0.0140943 0.0152152 0.0689108 0.0158441 0.0884000 0.0960600 0.0337085 0.0330943 0.0360675 0.0263553 0.0137453 0.0169732 0.0785096 
Cmar       0.0401061 0.0410854 0.0795416 0.0725357 0.0000000 0.0360361 0.0753237 0.0770421 0.0948865 0.0980371 0.0765990 0.0775509 0.0751064 0.0799023 0.0800107 0.0809080 0.0725196 0.0733005 0.0821716 0.0688549 0.0870593 0.1019235 0.0703352 0.0808050 0.0794660 0.0866429 0.0786293 0.0794080 0.0800399 
Erob       0.0316614 0.0289378 0.0831560 0.0750744 0.0360361 0.0000000 0.0738075 0.0757453 0.1066793 0.1048477 0.0779008 0.0801970 0.0776472 0.0793058 0.0851141 0.0876508 0.0742932 0.0760706 0.0909316 0.0696628 0.0961896 0.1042471 0.0770234 0.0844453 0.0843158 0.0905098 0.0811723 0.0829702 0.0812223 
Hamp       0.0813513 0.0894384 0.0814197 0.0780719 0.0753237 0.0738075 0.0000000 0.0791432 0.1045371 0.1000963 0.0758351 0.0735154 0.0168437 0.0126133 0.0755987 0.0765604 0.0724249 0.0723023 0.0804859 0.0741653 0.0878387 0.0959156 0.0769721 0.0760294 0.0749975 0.0862704 0.0735578 0.0779648 0.0209359 
Igeo       0.0819666 0.0915368 0.0504624 0.0514970 0.0770421 0.0757453 0.0791432 0.0000000 0.1194432 0.1129339 0.0518098 0.0506610 0.0768526 0.0814619 0.0601221 0.0594469 0.0503722 0.0495689 0.0481641 0.0503239 0.0938282 0.0952363 0.0524497 0.0581333 0.0578571 0.0497052 0.0467965 0.0529848 0.0739108 
Kbre       0.1116588 0.1178142 0.1209174 0.1063936 0.0948865 0.1066793 0.1045371 0.1194432 0.0000000 0.0311039 0.1039159 0.1221771 0.1052434 0.1027502 0.1121280 0.1138017 0.1040115 0.1067496 0.1183156 0.1030748 0.0722688 0.0794129 0.1144438 0.1131975 0.1151215 0.1177264 0.1061129 0.1107386 0.1156238 
Ksim       0.1123166 0.1143152 0.1033947 0.0981223 0.0980371 0.1048477 0.1000963 0.1129339 0.0311039 0.0000000 0.0997949 0.1112587 0.0963626 0.0991573 0.1118848 0.1136146 0.0971402 0.0994393 0.1157790 0.0957389 0.0734745 0.0807426 0.1050583 0.1124887 0.1120447 0.1120714 0.1023892 0.1039773 0.1062498 
Laus       0.0837656 0.0962954 0.0042387 0.0026115 0.0765990 0.0779008 0.0758351 0.0518098 0.1039159 0.0997949 0.0000000 0.0049158 0.0725472 0.0797863 0.0376367 0.0358368 0.0121364 0.0130914 0.0685225 0.0144094 0.0871248 0.0973948 0.0320696 0.0360628 0.0311055 0.0231836 0.0109825 0.0136373 0.0750942 
Lbor       0.0867174 0.0989485 0.0055174 0.0063058 0.0775509 0.0801970 0.0735154 0.0506610 0.1221771 0.1112587 0.0049158 0.0000000 0.0691724 0.0796002 0.0386579 0.0372468 0.0112290 0.0128773 0.0734580 0.0124328 0.0957489 0.1015867 0.0327601 0.0379364 0.0305982 0.0261363 0.0116767 0.0125116 0.0692735 
Meur       0.0842005 0.0869386 0.0734270 0.0729159 0.0751064 0.0776472 0.0168437 0.0768526 0.1052434 0.0963626 0.0725472 0.0691724 0.0000000 0.0138780 0.0801137 0.0810995 0.0673265 0.0682641 0.0776566 0.0708754 0.0854902 0.1001472 0.0741048 0.0810182 0.0743880 0.0785725 0.0706218 0.0737506 0.0253468 
Mgin       0.0886024 0.0937306 0.0882574 0.0816836 0.0799023 0.0793058 0.0126133 0.0814619 0.1027502 0.0991573 0.0797863 0.0796002 0.0138780 0.0000000 0.0838793 0.0839522 0.0759148 0.0774226 0.0809214 0.0766142 0.0888559 0.1049042 0.0809774 0.0856717 0.0809822 0.0900108 0.0792908 0.0822577 0.0225530 
Naasi      0.0900046 0.1002174 0.0398835 0.0337781 0.0800107 0.0851141 0.0755987 0.0601221 0.1121280 0.1118848 0.0376367 0.0386579 0.0801137 0.0838793 0.0000000 0.0041062 0.0319653 0.0322913 0.0695837 0.0323925 0.0984492 0.1069454 0.0074072 0.0084822 0.0123298 0.0437448 0.0340360 0.0384108 0.0787105 
Npho       0.0919286 0.1020579 0.0400208 0.0332651 0.0809080 0.0876508 0.0765604 0.0594469 0.1138017 0.1136146 0.0358368 0.0372468 0.0810995 0.0839522 0.0041062 0.0000000 0.0310158 0.0313713 0.0663993 0.0318368 0.0985455 0.1063663 0.0079337 0.0096915 0.0115813 0.0424746 0.0317840 0.0361360 0.0797216 
Obre       0.0820481 0.0920328 0.0148111 0.0140943 0.0725196 0.0742932 0.0724249 0.0503722 0.1040115 0.0971402 0.0121364 0.0112290 0.0673265 0.0759148 0.0319653 0.0310158 0.0000000 0.0044694 0.0620355 0.0083580 0.0858433 0.0973779 0.0287814 0.0313187 0.0293049 0.0204303 0.0066041 0.0099339 0.0734315 
Ohei       0.0818395 0.0929608 0.0151461 0.0152152 0.0733005 0.0760706 0.0723023 0.0495689 0.1067496 0.0994393 0.0130914 0.0128773 0.0682641 0.0774226 0.0322913 0.0313713 0.0044694 0.0000000 0.0619015 0.0102020 0.0882799 0.0992533 0.0308603 0.0320637 0.0285218 0.0222809 0.0081201 0.0116594 0.0713245 
Pbla       0.0947631 0.0989068 0.0742375 0.0689108 0.0821716 0.0909316 0.0804859 0.0481641 0.1183156 0.1157790 0.0685225 0.0734580 0.0776566 0.0809214 0.0695837 0.0663993 0.0620355 0.0619015 0.0000000 0.0648138 0.1003590 0.1103361 0.0648504 0.0690316 0.0696214 0.0634502 0.0626958 0.0699555 0.0858628 
Pcra       0.0778350 0.0895678 0.0168741 0.0158441 0.0688549 0.0696628 0.0741653 0.0503239 0.1030748 0.0957389 0.0144094 0.0124328 0.0708754 0.0766142 0.0323925 0.0318368 0.0083580 0.0102020 0.0648138 0.0000000 0.0868554 0.0960908 0.0306853 0.0316887 0.0313929 0.0240686 0.0074507 0.0128222 0.0747280 
Pcat       0.1007853 0.1024109 0.0952218 0.0884000 0.0870593 0.0961896 0.0878387 0.0938282 0.0722688 0.0734745 0.0871248 0.0957489 0.0854902 0.0888559 0.0984492 0.0985455 0.0858433 0.0882799 0.1003590 0.0868554 0.0000000 0.0038795 0.0953497 0.0994829 0.0975414 0.1007487 0.0935727 0.0928363 0.0893803 
Pmac       0.1202233 0.1217437 0.0988307 0.0960600 0.1019235 0.1042471 0.0959156 0.0952363 0.0794129 0.0807426 0.0973948 0.1015867 0.1001472 0.1049042 0.1069454 0.1063663 0.0973779 0.0992533 0.1103361 0.0960908 0.0038795 0.0000000 0.1000392 0.1088858 0.1042245 0.1218665 0.1079793 0.0965396 0.1079084 
Ppho       0.0784419 0.0954926 0.0361055 0.0337085 0.0703352 0.0770234 0.0769721 0.0524497 0.1144438 0.1050583 0.0320696 0.0327601 0.0741048 0.0809774 0.0074072 0.0079337 0.0287814 0.0308603 0.0648504 0.0306853 0.0953497 0.1000392 0.0000000 0.0043062 0.0066663 0.0406581 0.0268228 0.0306836 0.0754624 
Psin       0.0902518 0.1012271 0.0402078 0.0330943 0.0808050 0.0844453 0.0760294 0.0581333 0.1131975 0.1124887 0.0360628 0.0379364 0.0810182 0.0856717 0.0084822 0.0096915 0.0313187 0.0320637 0.0690316 0.0316887 0.0994829 0.1088858 0.0043062 0.0000000 0.0063756 0.0425399 0.0329361 0.0372528 0.0786318 
Pspi       0.0905399 0.0998971 0.0320902 0.0360675 0.0794660 0.0843158 0.0749975 0.0578571 0.1151215 0.1120447 0.0311055 0.0305982 0.0743880 0.0809822 0.0123298 0.0115813 0.0293049 0.0285218 0.0696214 0.0313929 0.0975414 0.1042245 0.0066663 0.0063756 0.0000000 0.0426697 0.0275125 0.0357077 0.0772608 
Schi       0.0967063 0.1070293 0.0278317 0.0263553 0.0866429 0.0905098 0.0862704 0.0497052 0.1177264 0.1120714 0.0231836 0.0261363 0.0785725 0.0900108 0.0437448 0.0424746 0.0204303 0.0222809 0.0634502 0.0240686 0.1007487 0.1218665 0.0406581 0.0425399 0.0426697 0.0000000 0.0177647 0.0179006 0.0874991 
Sflu       0.0867291 0.0978772 0.0143827 0.0137453 0.0786293 0.0811723 0.0735578 0.0467965 0.1061129 0.1023892 0.0109825 0.0116767 0.0706218 0.0792908 0.0340360 0.0317840 0.0066041 0.0081201 0.0626958 0.0074507 0.0935727 0.1079793 0.0268228 0.0329361 0.0275125 0.0177647 0.0000000 0.0077603 0.0739783 
Tadu       0.0918260 0.0983505 0.0177816 0.0169732 0.0794080 0.0829702 0.0779648 0.0529848 0.1107386 0.1039773 0.0136373 0.0125116 0.0737506 0.0822577 0.0384108 0.0361360 0.0099339 0.0116594 0.0699555 0.0128222 0.0928363 0.0965396 0.0306836 0.0372528 0.0357077 0.0179006 0.0077603 0.0000000 0.0798671 
Zcav       0.0865629 0.0905984 0.0768209 0.0785096 0.0800399 0.0812223 0.0209359 0.0739108 0.1156238 0.1062498 0.0750942 0.0692735 0.0253468 0.0225530 0.0787105 0.0797216 0.0734315 0.0713245 0.0858628 0.0747280 0.0893803 0.1079084 0.0754624 0.0786318 0.0772608 0.0874991 0.0739783 0.0798671 0.0000000 
